   NS_SS0963  1 0.0047 0.0227 0.0210 0.9516 
   NS_SS0983  1 0.0046 0.7676 0.0072 0.2206 
   NS_SS0719  1 0.0053 0.1894 0.2091 0.5962 
   NS_SS1001  1 0.0063 0.3171 0.6558 0.0207 
   NS_SS0936  1 0.0026 0.0384 0.2600 0.6991 
   NS_SS0955  1 0.0043 0.8109 0.0407 0.1441 
   NS_SS0944  1 0.0018 0.8640 0.0875 0.0468 
   NS_SS0945  1 0.0115 0.5596 0.3131 0.1158 
   NS_SS0922  1 0.0240 0.0095 0.5900 0.3765 
   NS_SS0929  1 0.0030 0.4218 0.0623 0.5130 
   NS_SS0956  1 0.0047 0.0252 0.8161 0.1540 
   NS_SS0906  1 0.0035 0.0290 0.2055 0.7621 
   NS_SS0721  1 0.0056 0.1169 0.1624 0.7152 
   NS_SS0982  1 0.0175 0.0200 0.2263 0.7363 
   NS_SS0923  1 0.0042 0.0264 0.4252 0.5442 
   NS_SS0905  1 0.0021 0.2912 0.1439 0.5628 
   NS_SS0925  1 0.0043 0.0183 0.0836 0.8939 
   NS_SS0947  1 0.0053 0.0306 0.3766 0.5875 
   NS_SS0926  1 0.0013 0.9704 0.0177 0.0106 
   NS_SS0918  1 0.0033 0.2697 0.4654 0.2617 
   NS_SS0966  1 0.0516 0.0585 0.4378 0.4521 
   NS_SS0938  1 0.0015 0.0190 0.9378 0.0417 
   NS_SS0917  1 0.0407 0.1161 0.3766 0.4666 
   NS_SS0957  1 0.0076 0.0220 0.6165 0.3539 
   NS_SS0987  1 0.2434 0.0703 0.5428 0.1435 
   NS_SS0717  1 0.0027 0.0233 0.8674 0.1066 
   NS_SS0986  1 0.0038 0.1917 0.5567 0.2477 
   NS_SS0953  1 0.0171 0.0568 0.3342 0.5919 
   NS_SS0907  1 0.0459 0.1279 0.1373 0.6889 
   NS_SS0974  1 0.0045 0.6790 0.1059 0.2106 
   NS_SS0989  1 0.0013 0.7276 0.0244 0.2466 
   NS_SS0991  1 0.0025 0.8886 0.0161 0.0927 
   NS_SS0994  1 0.0018 0.9805 0.0072 0.0104 
   NS_SS0931  1 0.0120 0.9339 0.0259 0.0281 
   NS_SS1000  1 0.0041 0.0213 0.3414 0.6332 
   NS_SS0919  1 0.0029 0.0839 0.0130 0.9002 
   NS_SS0949  1 0.0016 0.9598 0.0110 0.0276 
   NS_SS0960  1 0.0060 0.3105 0.0244 0.6590 
   NS_SS0716  1 0.0066 0.0058 0.9799 0.0077 
   NS_SS0924  1 0.0201 0.4688 0.0605 0.4506 
   NS_SS0935  1 0.0111 0.8356 0.0153 0.1380 
   NS_SS0952  1 0.0420 0.6408 0.0750 0.2422 
   NS_SS0962  1 0.0072 0.0139 0.7723 0.2066 
   NS_SS0973  1 0.0041 0.2204 0.0125 0.7630 
   NS_SS0722  1 0.0023 0.0170 0.6587 0.3220 
   NS_SS0979  1 0.0023 0.0399 0.9107 0.0471 
   NS_SS0993  1 0.0167 0.0328 0.8027 0.1477 
   NS_SS0958  1 0.0032 0.8161 0.0498 0.1309 
   NS_SS0988  1 0.0050 0.0688 0.3153 0.6108 
   NS_SS1003  1 0.0082 0.0119 0.6810 0.2988 
   NS_SS0976  1 0.0017 0.8129 0.0578 0.1275 
   NS_SS0964  1 0.0025 0.0099 0.9594 0.0282 
   NS_SS0939  1 0.0044 0.0076 0.9737 0.0143 
   NS_SS0990  1 0.0035 0.0410 0.9124 0.0431 
   NS_SS0984  1 0.0021 0.0098 0.9274 0.0608 
   NS_SS0980  1 0.0021 0.0176 0.0201 0.9602 
   NS_SS0978  1 0.0028 0.0549 0.0606 0.8817 
   NS_SS0951  1 0.0033 0.7590 0.2022 0.0355 
   NS_SS0913  1 0.0351 0.0322 0.8796 0.0532 
   NS_SS1002  1 0.0312 0.0052 0.3226 0.6410 
   NS_SS0948  1 0.0544 0.2035 0.5567 0.1854 
   NS_SS0916  1 0.0057 0.2626 0.2153 0.5164 
   NS_SS0995  1 0.0031 0.0184 0.3526 0.6260 
   NS_SS0927  1 0.0053 0.2594 0.1272 0.6080 
   NS_SS0992  1 0.0029 0.0644 0.0599 0.8727 
   NS_SS0912  1 0.0033 0.6315 0.1456 0.2196 
   NS_SS0981  1 0.0037 0.0250 0.5309 0.4404 
   NS_SS0729  2 0.0038 0.9669 0.0076 0.0216 
   NS_SS0967  2 0.0111 0.0844 0.1017 0.8028 
   NS_SS0941  2 0.0841 0.1565 0.3652 0.3942 
   NS_SS0768  2 0.0050 0.0238 0.3545 0.6167 
   NS_SS0726  2 0.0090 0.4726 0.0270 0.4914 
   NS_SS0763  2 0.0026 0.9024 0.0414 0.0537 
   NS_SS0730  2 0.0037 0.0121 0.9182 0.0660 
   NS_SS0774  2 0.0008 0.0067 0.4074 0.5850 
   NS_SS0723  2 0.0015 0.0088 0.0422 0.9475 
   NS_SS0940  2 0.0078 0.4744 0.1787 0.3391 
   NS_SS0762  2 0.0027 0.0109 0.9577 0.0287 
   NS_SS0766  2 0.0140 0.2469 0.5479 0.1913 
   NS_SS0724  2 0.0041 0.0235 0.7452 0.2271 
   NS_SS0769  2 0.0037 0.0342 0.2099 0.7522 
   NS_SS0777  2 0.0148 0.3302 0.3398 0.3151 
   NS_SS0734  2 0.0255 0.3007 0.4056 0.2682 
   NS_SS0737  2 0.0056 0.0132 0.6687 0.3125 
   NS_SS0732  2 0.0043 0.0336 0.1324 0.8297 
   NS_SS0728  2 0.0111 0.1987 0.2048 0.5853 
   NS_SS0735  2 0.0073 0.0367 0.1382 0.8177 
   NS_SS0725  2 0.0090 0.0492 0.9270 0.0147 
   NS_SS0788  2 0.0015 0.0128 0.0393 0.9464 
   NS_SS0778  2 0.0017 0.1081 0.0558 0.8344 
   NS_SS0792  2 0.0056 0.1495 0.4207 0.4243 
   NS_SS0943  2 0.0088 0.9303 0.0122 0.0487 
   NS_SS0791  2 0.0161 0.3775 0.1157 0.4907 
   NS_SS0790  2 0.0040 0.0044 0.7475 0.2440 
   NS_SS0731  2 0.0149 0.0162 0.9368 0.0321 
   NS_SS0727  2 0.0020 0.8716 0.1060 0.0204 
   NS_SS0779  2 0.0070 0.1360 0.2616 0.5954 
   NS_SS0776  2 0.0073 0.2224 0.5229 0.2474 
   NS_SS0775  2 0.0078 0.0139 0.9175 0.0609 
   NS_SS0965  3 0.0016 0.0350 0.0441 0.9192 
   NS_SS0754  3 0.0126 0.5961 0.0254 0.3659 
   NS_SS0838  3 0.0390 0.1812 0.5044 0.2754 
   NS_SS0839  3 0.0032 0.0101 0.4565 0.5302 
   NS_SS0832  3 0.0437 0.0054 0.3075 0.6434 
   NS_SS0820  3 0.0067 0.0083 0.5813 0.4037 
   NS_SS0886  3 0.0021 0.4061 0.0655 0.5263 
   NS_SS0748  3 0.0093 0.6054 0.1469 0.2384 
   NS_SS0884  3 0.0206 0.0442 0.0459 0.8893 
   NS_SS0752  3 0.0021 0.0496 0.1716 0.7767 
   NS_SS0862  3 0.0049 0.0215 0.1785 0.7951 
   NS_SS0787  3 0.0062 0.9436 0.0133 0.0369 
   NS_SS0843  3 0.0016 0.2631 0.4721 0.2632 
   NS_SS0856  3 0.0035 0.0181 0.9000 0.0784 
   NS_SS0846  3 0.0022 0.1075 0.0344 0.8560 
   NS_SS0825  3 0.0100 0.0512 0.4236 0.5151 
   NS_SS0757  3 0.0040 0.5180 0.0553 0.4227 
   NS_SS0876  3 0.2219 0.0410 0.4941 0.2429 
   NS_SS0903  3 0.0020 0.0132 0.0787 0.9061 
   NS_SS0875  3 0.0033 0.0738 0.8803 0.0426 
   NS_SS0740  3 0.0036 0.3134 0.0605 0.6225 
   NS_SS0811  3 0.0085 0.0196 0.9518 0.0200 
   NS_SS0751  3 0.0024 0.0317 0.7696 0.1963 
   NS_SS0891  3 0.0059 0.0433 0.9080 0.0428 
   NS_SS0867  3 0.0226 0.1822 0.0218 0.7734 
   NS_SS0890  3 0.0038 0.3736 0.2000 0.4227 
   NS_SS0866  3 0.0060 0.9259 0.0426 0.0255 
   NS_SS0755  3 0.0077 0.0479 0.7573 0.1871 
   NS_SS0758  3 0.0021 0.4540 0.0834 0.4606 
   NS_SS0840  3 0.0023 0.0134 0.6146 0.3698 
   NS_SS0889  3 0.0022 0.9438 0.0377 0.0163 
   NS_SS1010  3 0.0398 0.0446 0.1844 0.7312 
   NS_SS0888  3 0.0013 0.8332 0.0106 0.1549 
   NS_SS0837  3 0.0031 0.0608 0.6690 0.2671 
   NS_SS0794  3 0.0017 0.9678 0.0181 0.0124 
   NS_SS0823  3 0.0046 0.0201 0.4485 0.5268 
   NS_SS0829  3 0.1126 0.8522 0.0084 0.0268 
   NS_SS0844  3 0.0021 0.0124 0.3176 0.6678 
   NS_SS1008  3 0.0125 0.7051 0.2115 0.0708 
   NS_SS0881  3 0.0028 0.1844 0.3966 0.4162 
   NS_SS0834  3 0.0066 0.0213 0.7611 0.2110 
   NS_SS0744  3 0.0063 0.0383 0.0184 0.9371 
   NS_SS0899  3 0.0018 0.0075 0.9685 0.0221 
   NS_SS0804  3 0.0045 0.0085 0.4296 0.5574 
   NS_SS0781  3 0.0031 0.0058 0.3733 0.6178 
   NS_SS0822  3 0.0021 0.9198 0.0401 0.0380 
   NS_SS1004  3 0.0042 0.1808 0.1243 0.6907 
   NS_SS0746  3 0.0167 0.4658 0.2667 0.2507 
   NS_SS0880  3 0.0013 0.2015 0.1452 0.6519 
   NS_SS0879  3 0.0128 0.0290 0.5275 0.4307 
   NS_SS0753  3 0.0102 0.6090 0.0199 0.3609 
   NS_SS1007  3 0.0017 0.0630 0.2915 0.6438 
   NS_SS0872  3 0.0025 0.0196 0.7512 0.2267 
   NS_SS1005  3 0.0012 0.0215 0.2978 0.6795 
   NS_SS0892  3 0.0023 0.2018 0.3454 0.4505 
   NS_SS0898  3 0.0057 0.4493 0.5305 0.0145 
   NS_SS0801  3 0.0093 0.0495 0.0924 0.8488 
   NS_SS0827  3 0.1273 0.4936 0.2339 0.1452 
   NS_SS0853  3 0.0060 0.0622 0.6582 0.2737 
   NS_SS0780  3 0.0039 0.0112 0.0606 0.9243 
   NS_SS0826  3 0.0042 0.1620 0.2943 0.5394 
   NS_SS0818  3 0.0016 0.0089 0.1379 0.8516 
   NS_SS0745  3 0.0014 0.0063 0.9864 0.0060 
   NS_SS0849  3 0.0017 0.0683 0.7196 0.2104 
   NS_SS0739  3 0.0118 0.0232 0.5224 0.4426 
   NS_SS0799  3 0.0012 0.8065 0.0158 0.1764 
   NS_SS0756  3 0.0031 0.0112 0.3281 0.6577 
   NS_SS0802  3 0.2009 0.2588 0.0637 0.4766 
   NS_SS0747  3 0.0062 0.0427 0.0154 0.9357 
   NS_SS0835  3 0.0012 0.8148 0.0376 0.1464 
   NS_SS0742  3 0.0017 0.0703 0.2155 0.7126 
   NS_SS0760  3 0.0427 0.9103 0.0136 0.0335 
   NS_SS0803  3 0.0080 0.0071 0.1918 0.7931 
   NS_SS0828  3 0.0010 0.4637 0.1489 0.3864 
   NS_SS0865  3 0.0285 0.0829 0.1687 0.7199 
   NS_SS0759  3 0.0041 0.0116 0.5710 0.4132 
   NS_SS0851  3 0.0132 0.0064 0.9681 0.0123 
   NS_SS0874  3 0.0013 0.0151 0.3808 0.6028 
   NS_SS0761  3 0.0022 0.9046 0.0301 0.0631 
   NS_SS0842  3 0.0100 0.2094 0.6720 0.1085 
   NS_SS0785  3 0.0045 0.0940 0.0240 0.8775 
   NS_SS0860  3 0.0026 0.7589 0.0462 0.1923 
   NS_SS0897  3 0.0019 0.9740 0.0140 0.0101 
   NS_SS0841  3 0.0035 0.0401 0.5286 0.4278 
   NS_SS0797  3 0.0219 0.5972 0.3667 0.0143 
   NS_SS0830  3 0.0024 0.2436 0.5976 0.1564 
   NS_SS1011  3 0.0068 0.0116 0.1530 0.8286 
   NS_SS0883  3 0.0068 0.3693 0.1262 0.4977 
   NS_SS0782  3 0.0025 0.2825 0.4972 0.2177 
   NS_SS0831  3 0.0041 0.9379 0.0360 0.0220 
   NS_SS0749  3 0.0043 0.2396 0.0326 0.7235 
   NS_SS0854  3 0.0031 0.6069 0.1560 0.2339 
   HI_SS0193  4 0.0017 0.9457 0.0411 0.0115 
   HI_SS0194  4 0.0017 0.0454 0.8668 0.0861 
   HI_SS0195  4 0.0947 0.0082 0.5214 0.3758 
   HI_SS0196  4 0.0033 0.3265 0.1868 0.4834 
   HI_SS0197  4 0.0138 0.0055 0.0980 0.8827 
   HI_SS0198  4 0.0113 0.0622 0.2268 0.6998 
   HI_SS0199  4 0.0027 0.6725 0.0443 0.2804 
   HI_SS0201  4 0.0019 0.8938 0.0094 0.0949 
   HI_SS0215  4 0.0034 0.4370 0.0194 0.5402 
   HI_SS0218  4 0.0068 0.9683 0.0163 0.0086 
   HI_SS0222  4 0.0056 0.2130 0.4561 0.3252 
   HI_SS0230  4 0.0049 0.0132 0.7389 0.2430 
   HI_SS0234  4 0.1458 0.0376 0.0536 0.7631 
   HI_SS0240  4 0.0063 0.0223 0.1317 0.8398 
   HI_SS0241  4 0.0019 0.8727 0.0647 0.0607 
   HI_SS0242  4 0.0029 0.2378 0.6876 0.0716 
   HI_SS0247  4 0.0248 0.0451 0.4709 0.4592 
   HI_SS0248  4 0.0007 0.9816 0.0107 0.0070 
   HI_SS0252  4 0.0021 0.1631 0.4241 0.4107 
   HI_SS0254  4 0.1026 0.5921 0.0276 0.2778 
   HI_SS0256  4 0.0015 0.0030 0.3969 0.5987 
   HI_SS0257  4 0.0036 0.6015 0.0300 0.3649 
   HI_SS0258  4 0.0043 0.9319 0.0136 0.0502 
   HI_SS0259  4 0.0027 0.0122 0.5299 0.4552 
   HI_SS0260  4 0.0021 0.7993 0.0300 0.1686 
   HI_SS0261  4 0.0040 0.5680 0.0682 0.3598 
   HI_SS0262  4 0.0079 0.0107 0.8006 0.1807 
   HI_SS0264  4 0.0044 0.0233 0.6196 0.3527 
   HI_SS0265  4 0.0902 0.0310 0.7607 0.1181 
   HI_SS0268  4 0.0029 0.2172 0.2729 0.5070 
   HI_SS0269  4 0.0025 0.8018 0.0132 0.1826 
   HI_SS0273  4 0.0017 0.7277 0.1200 0.1505 
   HI_SS0277  4 0.0026 0.0205 0.0948 0.8821 
   HI_SS0280  4 0.0060 0.1532 0.5506 0.2901 
   HI_SS0282  4 0.0014 0.7282 0.0312 0.2392 
   HI_SS0286  4 0.0081 0.4180 0.0774 0.4965 
   NS_SS1252  5 0.0032 0.9822 0.0059 0.0087 
   NS_SS1261  5 0.0194 0.0688 0.4268 0.4850 
   NS_SS1225  5 0.1057 0.5721 0.0716 0.2506 
   NS_SS1266  5 0.0074 0.0054 0.4360 0.5512 
   NS_SS1228  5 0.0111 0.0103 0.9590 0.0197 
   NS_SS1255  5 0.0016 0.1713 0.8060 0.0211 
   NS_SS1267  5 0.0145 0.9277 0.0070 0.0508 
   NS_SS1238  5 0.0027 0.3067 0.6505 0.0401 
   NS_SS1233  5 0.0024 0.1751 0.7877 0.0347 
   NS_SS1277  5 0.0010 0.8980 0.0838 0.0171 
   NS_SS1245  5 0.0020 0.8671 0.0757 0.0551 
   NS_SS1240  5 0.0017 0.9584 0.0066 0.0332 
   NS_SS1275  5 0.0028 0.0052 0.8914 0.1005 
   NS_SS1235  5 0.0059 0.1368 0.3011 0.5561 
   NS_SS1263  5 0.0012 0.0747 0.7152 0.2088 
   NS_SS1251  5 0.0015 0.0562 0.3008 0.6416 
   NS_SS1248  5 0.1061 0.3029 0.5671 0.0238 
   NS_SS1244  5 0.0048 0.3321 0.0257 0.6375 
   NS_SS1257  5 0.0345 0.7749 0.0359 0.1547 
   NS_SS1242  5 0.0025 0.0071 0.9251 0.0653 
   NS_SS1271  5 0.0320 0.9383 0.0147 0.0150 
   NS_SS1265  5 0.0271 0.8316 0.0947 0.0466 
   NS_SS1243  5 0.0753 0.0781 0.7841 0.0625 
   NS_SS1273  5 0.0094 0.0078 0.9364 0.0464 
   NS_SS1254  5 0.0072 0.0413 0.4690 0.4825 
   NS_SS1224  5 0.0087 0.0157 0.6813 0.2942 
   NS_SS1227  5 0.0018 0.8026 0.0485 0.1472 
   NS_SS1274  5 0.0198 0.7116 0.0332 0.2355 
   NS_SS1241  5 0.0010 0.6228 0.1071 0.2690 
   NS_SS1256  5 0.0352 0.1912 0.2569 0.5167 
   NS_SS1260  5 0.0726 0.4856 0.0170 0.4248 
   NS_SS1262  5 0.1678 0.2476 0.0837 0.5010 
   NS_SS1230  5 0.0084 0.5324 0.2494 0.2098 
   NS_SS1270  5 0.0024 0.0456 0.6163 0.3357 
   NS_SS1229  5 0.0031 0.0125 0.1246 0.8598 
   NS_SS1246  5 0.0037 0.7761 0.0543 0.1659 
   NS_SS1269  5 0.0026 0.1499 0.1190 0.7286 
   NS_SS1239  5 0.0056 0.0809 0.5001 0.4134 
   NS_SS1272  5 0.0051 0.0132 0.5761 0.4055 
   NS_SS1268  5 0.0021 0.0361 0.8984 0.0633 
   NS_SS1249  5 0.0114 0.9669 0.0106 0.0112 
   HI_SS0559  6 0.0019 0.4057 0.2002 0.3922 
   HI_SS0563  6 0.0025 0.2835 0.0491 0.6650 
   HI_SS0564  6 0.0573 0.0211 0.2758 0.6458 
   HI_SS0565  6 0.0044 0.2713 0.0505 0.6738 
   HI_SS0569  6 0.0020 0.8958 0.0102 0.0921 
   HI_SS0570  6 0.0397 0.8872 0.0218 0.0513 
   HI_SS0572  6 0.0026 0.0359 0.7757 0.1858 
   HI_SS0576  6 0.0048 0.0391 0.5497 0.4064 
   HI_SS0579  6 0.0196 0.5235 0.0167 0.4403 
   HI_SS0580  6 0.0050 0.7979 0.1130 0.0840 
   HI_SS0581  6 0.0546 0.0067 0.8565 0.0821 
   HI_SS0583  6 0.0031 0.8730 0.0938 0.0300 
   HI_SS0586  6 0.0010 0.9724 0.0118 0.0148 
   HI_SS0588  6 0.0210 0.8955 0.0233 0.0603 
   HI_SS0595  6 0.0263 0.3127 0.1907 0.4703 
   HI_SS0596  6 0.0021 0.0081 0.9780 0.0117 
   HI_SS0597  6 0.0025 0.0104 0.6899 0.2971 
   HI_SS0600  6 0.0033 0.0503 0.0275 0.9189 
   HI_SS0601  6 0.0132 0.3287 0.0549 0.6032 
   HI_SS0602  6 0.0034 0.3389 0.1606 0.4971 
   HI_SS0604  6 0.0024 0.6134 0.1983 0.1859 
   HI_SS0605  6 0.0060 0.2781 0.0479 0.6679 
   HI_SS0608  6 0.0010 0.1780 0.8063 0.0147 
   HI_SS0609  6 0.0010 0.0154 0.7857 0.1979 
   HI_SS0611  6 0.0030 0.9266 0.0314 0.0390 
   HI_SS0612  6 0.0052 0.0630 0.0246 0.9073 
   HI_SS0613  6 0.0015 0.0996 0.4719 0.4270 
   HI_SS0615  6 0.0107 0.0137 0.4454 0.5303 
   HI_SS0001  6 0.0051 0.7776 0.0965 0.1208 
   HI_SS0002  6 0.0323 0.0281 0.4400 0.4997 
   HI_SS0004  6 0.0057 0.8836 0.0676 0.0430 
   HI_SS0005  6 0.0062 0.0483 0.4940 0.4515 
   HI_SS0006  6 0.0023 0.6069 0.0432 0.3477 
   HI_SS0007  6 0.0024 0.9361 0.0540 0.0075 
   HI_SS0008  6 0.0352 0.1090 0.3092 0.5466 
   HI_SS0009  6 0.0049 0.0638 0.6938 0.2375 
   HI_SS0010  6 0.0033 0.7237 0.1909 0.0822 
   HI_SS0011  6 0.0802 0.0162 0.7242 0.1793 
   HI_SS0012  6 0.0046 0.0091 0.0360 0.9503 
   HI_SS0017  6 0.0020 0.0333 0.9423 0.0225 
   HI_SS0021  6 0.2408 0.4226 0.2801 0.0565 
   HI_SS0024  6 0.0023 0.0444 0.9212 0.0321 
   HI_SS0025  6 0.0029 0.0109 0.9743 0.0119 
   HI_SS0027  6 0.0144 0.9062 0.0135 0.0659 
   HI_SS0028  6 0.0016 0.0079 0.8213 0.1693 
   HI_SS0029  6 0.0084 0.0202 0.8727 0.0986 
   HI_SS0030  6 0.0082 0.6757 0.1105 0.2056 
   HI_SS0031  6 0.0035 0.0124 0.0400 0.9440 
   HI_SS0034  6 0.0041 0.9278 0.0072 0.0609 
   HI_SS0036  6 0.0132 0.7958 0.0377 0.1533 
   HI_SS0037  6 0.0044 0.6619 0.2680 0.0656 
   HI_SS0039  6 0.0024 0.5475 0.3697 0.0805 
   HI_SS0041  6 0.0025 0.0123 0.9658 0.0194 
   HI_SS0042  6 0.1126 0.0149 0.7386 0.1338 
   HI_SS0043  6 0.0029 0.9644 0.0084 0.0243 
   HI_SS0044  6 0.0028 0.1404 0.8036 0.0532 
   HI_SS0047  6 0.0036 0.0414 0.2819 0.6732 
   HI_SS0049  6 0.0038 0.0721 0.9063 0.0178 
   HI_SS0051  6 0.0022 0.0784 0.0765 0.8430 
   HI_SS0053  6 0.0047 0.8778 0.0159 0.1017 
   HI_SS0054  6 0.0033 0.9695 0.0146 0.0126 
   HI_SS0057  6 0.0041 0.1034 0.6881 0.2044 
   HI_SS0058  6 0.0069 0.4599 0.2531 0.2802 
   HI_SS0060  6 0.0856 0.2019 0.1515 0.5610 
   HI_SS0087  6 0.0023 0.4031 0.0610 0.5337 
   HI_SS0091  6 0.0011 0.7199 0.0124 0.2665 
   HI_SS0095  6 0.0606 0.2292 0.0227 0.6875 
   HI_SS0097  6 0.0042 0.0368 0.0855 0.8735 
   HI_SS0099  6 0.0037 0.0105 0.9759 0.0098 
   HI_SS0103  6 0.0029 0.0195 0.0823 0.8954 
   HI_SS0105  6 0.0262 0.0346 0.0682 0.8709 
   HI_SS0107  6 0.0013 0.0140 0.8187 0.1660 
   HI_SS0108  6 0.0207 0.9637 0.0056 0.0099 
   HI_SS0110  6 0.0013 0.0336 0.0422 0.9230 
   HI_SS0111  6 0.0283 0.0193 0.1898 0.7626 
   HI_SS0112  6 0.0012 0.9795 0.0068 0.0125 
   HI_SS0113  6 0.0039 0.0084 0.7096 0.2781 
   HI_SS0114  6 0.0061 0.6207 0.0156 0.3577 
   HI_SS0115  6 0.0164 0.4492 0.0786 0.4558 
   HI_SS0116  6 0.0038 0.7628 0.1902 0.0432 
   HI_SS0117  6 0.0024 0.3894 0.0290 0.5792 
   HI_SS0118  6 0.0150 0.5282 0.3737 0.0831 
   HI_SS0119  6 0.0021 0.2187 0.0077 0.7715 
   HI_SS0120  6 0.0033 0.0155 0.9565 0.0247 
   HI_SS0121  6 0.0017 0.0119 0.9149 0.0714 
   HI_SS0122  6 0.0207 0.0499 0.8190 0.1104 
   HI_SS0123  6 0.0057 0.0330 0.0429 0.9185 
   HI_SS0124  6 0.0032 0.0070 0.9644 0.0254 
   HI_SS0125  6 0.0353 0.0082 0.5787 0.3779 
   HI_SS0126  6 0.0011 0.9626 0.0264 0.0099 
   HI_SS0127  6 0.0129 0.5184 0.1614 0.3073 
   HI_SS0128  6 0.0025 0.3386 0.4955 0.1634 
   HI_SS0129  6 0.0119 0.6140 0.1409 0.2332 
   HI_SS0131  6 0.0423 0.7336 0.1457 0.0783 
   HI_SS0132  6 0.0008 0.3598 0.2215 0.4180 
   HI_SS0133  6 0.0015 0.9873 0.0071 0.0041 
   HI_SS0134  6 0.0019 0.2394 0.0670 0.6917 
   HI_SS0142  6 0.0160 0.0157 0.0180 0.9503 
   HI_SS0145  6 0.0018 0.3028 0.0119 0.6835 
   HI_SS0146  6 0.0013 0.8768 0.0770 0.0448 
   HI_SS0147  6 0.0194 0.0088 0.4491 0.5226 
   HI_SS0149  6 0.0052 0.1370 0.4143 0.4435 
   HI_SS0150  6 0.0051 0.0351 0.7673 0.1925 
   HI_SS0151  6 0.0122 0.3553 0.0791 0.5534 
   NS_SS1451  6 0.0036 0.0098 0.7104 0.2762 
   NS_SS1404  6 0.0113 0.0157 0.9472 0.0258 
   NS_SS1432  6 0.0325 0.0056 0.7050 0.2569 
   NS_SS1405  6 0.0051 0.1671 0.3413 0.4865 
   NS_SS1431  6 0.0008 0.0142 0.9463 0.0388 
   NS_SS1402  6 0.0023 0.0261 0.1535 0.8181 
   NS_SS1450  6 0.0042 0.6221 0.0372 0.3364 
   NS_SS1396  6 0.0051 0.0416 0.6133 0.3399 
   NS_SS1393  6 0.0039 0.3349 0.0395 0.6216 
   NS_SS1392  6 0.0186 0.0923 0.7580 0.1311 
   NS_SS1445  6 0.0105 0.7459 0.0352 0.2084 
   NS_SS1423  6 0.0020 0.7560 0.0655 0.1765 
   NS_SS1421  6 0.1100 0.6649 0.0777 0.1473 
   NS_SS1411  6 0.0015 0.9543 0.0191 0.0251 
   NS_SS1453  6 0.0061 0.4835 0.1559 0.3546 
   NS_SS1442  6 0.0038 0.2343 0.3503 0.4117 
   NS_SS1422  6 0.0118 0.1928 0.0906 0.7049 
   NS_SS1419  6 0.1586 0.1964 0.4128 0.2322 
   NS_SS1427  6 0.0019 0.9815 0.0089 0.0078 
   NS_SS1444  6 0.0044 0.0162 0.9534 0.0260 
   NS_SS1455  6 0.0016 0.0170 0.6258 0.3556 
   NS_SS1425  6 0.0017 0.9787 0.0068 0.0128 
   NS_SS1400  6 0.0015 0.9741 0.0170 0.0073 
   NS_SS1406  6 0.0080 0.0083 0.2673 0.7163 
   NS_SS1417  6 0.0076 0.0714 0.3743 0.5466 
   NS_SS1454  6 0.0015 0.3500 0.4049 0.2436 
   NS_SS1412  6 0.0260 0.3161 0.5243 0.1337 
   NS_SS1438  6 0.0016 0.9705 0.0140 0.0139 
   NS_SS1416  6 0.0072 0.0148 0.2059 0.7721 
   NS_SS1401  6 0.0123 0.0697 0.4860 0.4320 
   NS_SS1424  6 0.0133 0.1812 0.0461 0.7595 
   NS_SS1435  6 0.0031 0.4145 0.4717 0.1107 
   NS_SS1447  6 0.0065 0.0326 0.9327 0.0281 
   NS_SS1414  6 0.0071 0.0243 0.8848 0.0839 
   NS_SS1449  6 0.0044 0.0746 0.1826 0.7383 
   NS_SS1443  6 0.0018 0.8248 0.0072 0.1662 
   NS_SS1434  6 0.0008 0.6696 0.2166 0.1129 
   NS_SS1398  6 0.0227 0.2500 0.5226 0.2047 
   NS_SS1426  6 0.0021 0.9579 0.0077 0.0323 
   NS_SS1413  6 0.0111 0.9617 0.0143 0.0129 
   NS_SS1395  6 0.0116 0.6042 0.0155 0.3687 
   NS_SS1448  6 0.0024 0.7276 0.2508 0.0192 
   NS_SS1446  6 0.0028 0.1414 0.1346 0.7211 
   NS_SS1403  6 0.0067 0.1498 0.1265 0.7170 
   NS_SS1415  6 0.0098 0.9543 0.0145 0.0214 
   NS_SS1437  6 0.0067 0.0711 0.7727 0.1495 
   NS_SS1439  6 0.0027 0.0152 0.0215 0.9605 
   NS_SS1441  6 0.0022 0.5422 0.0267 0.4289 
   NS_SS1420  6 0.0025 0.0073 0.9761 0.0141 
   NS_SS1394  6 0.0406 0.0185 0.4463 0.4945 
   NS_SS1391  6 0.0145 0.5595 0.2177 0.2083 
   NS_SS1410  6 0.0157 0.2849 0.5160 0.1834 
   NS_SS1408  6 0.0557 0.0226 0.0211 0.9006 
   NS_SS1409  6 0.0027 0.1054 0.0609 0.8311 
   HI_SS0617  7 0.0017 0.0934 0.1755 0.7294 
   HI_SS0618  7 0.0029 0.0314 0.1193 0.8464 
   HI_SS0619  7 0.0026 0.1009 0.8715 0.0250 
   HI_SS0620  7 0.0023 0.9712 0.0072 0.0193 
   HI_SS0621  7 0.0175 0.0216 0.3574 0.6036 
   HI_SS0622  7 0.0110 0.3092 0.5672 0.1126 
   HI_SS0626  7 0.0097 0.0765 0.8573 0.0565 
   HI_SS0627  7 0.0081 0.0108 0.8245 0.1566 
   HI_SS0628  7 0.0518 0.3005 0.5599 0.0878 
   HI_SS0629  7 0.0063 0.1436 0.5916 0.2585 
   HI_SS0630  7 0.0550 0.7782 0.0843 0.0824 
   HI_SS0631  7 0.0010 0.9153 0.0630 0.0206 
   HI_SS0632  7 0.0030 0.2441 0.6793 0.0735 
   HI_SS0633  7 0.0029 0.0149 0.9539 0.0283 
   HI_SS0634  7 0.0021 0.0290 0.3343 0.6347 
   HI_SS0635  7 0.0089 0.0266 0.2618 0.7027 
   HI_SS0637  7 0.0025 0.0112 0.0322 0.9542 
   HI_SS0638  7 0.0011 0.5416 0.3416 0.1156 
   HI_SS0639  7 0.0423 0.0082 0.5265 0.4230 
   HI_SS0640  7 0.0024 0.5877 0.1134 0.2964 
   HI_SS0641  7 0.0058 0.6830 0.1893 0.1219 
   HI_SS0642  7 0.0025 0.0609 0.3739 0.5627 
   HI_SS0645  7 0.0009 0.0118 0.9640 0.0232 
   HI_SS0646  7 0.0027 0.1688 0.0291 0.7994 
   HI_SS0647  7 0.0011 0.5891 0.3592 0.0506 
   HI_SS0648  7 0.0029 0.0493 0.2324 0.7154 
   HI_SS0649  7 0.0023 0.1007 0.5100 0.3870 
   HI_SS0650  7 0.0050 0.0997 0.1540 0.7414 
   HI_SS0651  7 0.0045 0.1936 0.0701 0.7319 
   HI_SS0652  7 0.0037 0.0182 0.8977 0.0804 
   NS_SS1371  7 0.0059 0.1896 0.0103 0.7942 
   NS_SS1374  7 0.0035 0.6370 0.0704 0.2891 
   NS_SS1337  7 0.0032 0.0459 0.6120 0.3390 
   NS_SS1385  7 0.0049 0.0982 0.2832 0.6137 
   NS_SS1388  7 0.0061 0.0281 0.9590 0.0068 
   NS_SS1370  7 0.0110 0.1814 0.6171 0.1905 
   NS_SS1389  7 0.0031 0.0150 0.9746 0.0074 
   NS_SS1360  7 0.0041 0.7598 0.0156 0.2204 
   NS_SS1330  7 0.0033 0.0077 0.0264 0.9626 
   NS_SS1328  7 0.0018 0.7854 0.1216 0.0912 
   NS_SS1384  7 0.0039 0.2014 0.0433 0.7515 
   NS_SS1381  7 0.0009 0.0131 0.5351 0.4509 
   NS_SS1375  7 0.0011 0.0289 0.8961 0.0740 
   NS_SS1319  7 0.1058 0.1488 0.1875 0.5578 
   NS_SS1326  7 0.0101 0.9563 0.0268 0.0068 
   NS_SS1341  7 0.0054 0.5181 0.1531 0.3233 
   NS_SS1383  7 0.0052 0.1413 0.0632 0.7903 
   NS_SS1318  7 0.0157 0.1474 0.6609 0.1759 
   NS_SS1348  7 0.0016 0.9746 0.0077 0.0161 
   NS_SS1363  7 0.0056 0.0324 0.3104 0.6516 
   NS_SS1335  7 0.0364 0.7442 0.0188 0.2006 
   NS_SS1358  7 0.0137 0.2282 0.0103 0.7478 
   NS_SS1342  7 0.0014 0.5485 0.0311 0.4189 
   NS_SS1320  7 0.0057 0.0054 0.9364 0.0525 
   NS_SS1355  7 0.0159 0.0236 0.9029 0.0576 
   NS_SS1345  7 0.0213 0.2075 0.2392 0.5319 
   NS_SS1324  7 0.0028 0.7047 0.1864 0.1061 
   NS_SS1347  7 0.0033 0.2162 0.0139 0.7666 
   NS_SS1321  7 0.0011 0.3191 0.0835 0.5963 
   NS_SS1333  7 0.0035 0.1883 0.6769 0.1313 
   NS_SS1364  7 0.0026 0.8338 0.0261 0.1375 
   NS_SS1379  7 0.0620 0.0895 0.2780 0.5705 
   NS_SS1332  7 0.0058 0.9726 0.0100 0.0116 
   NS_SS1338  7 0.0077 0.3528 0.0537 0.5858 
   NS_SS1368  7 0.0050 0.7058 0.0785 0.2107 
   NS_SS1354  7 0.0107 0.0240 0.5679 0.3974 
   NS_SS1365  7 0.0094 0.0604 0.8918 0.0384 
   NS_SS1380  7 0.0174 0.0099 0.4438 0.5289 
   NS_SS1329  7 0.0034 0.4012 0.0834 0.5120 
   NS_SS1362  7 0.0047 0.0811 0.0318 0.8824 
   NS_SS1327  7 0.0029 0.9879 0.0029 0.0064 
   NS_SS1350  7 0.0114 0.2758 0.0517 0.6611 
   NS_SS1387  7 0.0029 0.0464 0.5497 0.4011 
   NS_SS1369  7 0.0044 0.9036 0.0510 0.0411 
   NS_SS1331  7 0.0100 0.1757 0.7763 0.0380 
   NS_SS1357  7 0.0044 0.7006 0.1434 0.1516 
   NS_SS1386  7 0.0028 0.9761 0.0078 0.0133 
   NS_SS1353  7 0.0040 0.0668 0.8324 0.0968 
   NS_SS1323  7 0.0728 0.0222 0.5431 0.3620 
   HI_SS0296  8 0.0021 0.9224 0.0432 0.0323 
   HI_SS0297  8 0.0010 0.2919 0.2359 0.4712 
   HI_SS0299  8 0.0376 0.5433 0.0523 0.3667 
   HI_SS0300  8 0.0015 0.6241 0.2426 0.1318 
   HI_SS0301  8 0.0030 0.1546 0.2735 0.5689 
   HI_SS0302  8 0.0227 0.9394 0.0241 0.0138 
   HI_SS0303  8 0.0056 0.9478 0.0361 0.0105 
   HI_SS0304  8 0.0024 0.0233 0.9258 0.0485 
   HI_SS0306  8 0.0038 0.9809 0.0087 0.0066 
   HI_SS0307  8 0.0081 0.0107 0.1790 0.8022 
   HI_SS0308  8 0.0774 0.0915 0.0362 0.7949 
   HI_SS0309  8 0.0028 0.0148 0.1440 0.8383 
   HI_SS0310  8 0.0087 0.5393 0.4226 0.0294 
   HI_SS0311  8 0.0030 0.1141 0.7865 0.0963 
   HI_SS0314  8 0.0015 0.1358 0.8202 0.0426 
   HI_SS0316  8 0.0048 0.6619 0.1118 0.2216 
   HI_SS0317  8 0.0020 0.0171 0.1144 0.8664 
   HI_SS0318  8 0.1948 0.4905 0.0138 0.3009 
   HI_SS0319  8 0.0053 0.9791 0.0047 0.0109 
   HI_SS0320  8 0.0011 0.0096 0.8656 0.1237 
   HI_SS0321  8 0.0019 0.4698 0.0189 0.5095 
   HI_SS0323  8 0.0015 0.2776 0.4286 0.2922 
   HI_SS0325  8 0.0020 0.9126 0.0549 0.0304 
   HI_SS0327  8 0.0015 0.6272 0.0123 0.3590 
   HI_SS0329  8 0.0014 0.0339 0.9483 0.0164 
   HI_SS0333  8 0.0029 0.2198 0.1726 0.6047 
   HI_SS0334  8 0.0011 0.4171 0.0173 0.5645 
   HI_SS0335  8 0.0192 0.0253 0.1083 0.8472 
   HI_SS0339  8 0.0152 0.0654 0.6649 0.2545 
   HI_SS0343  8 0.0019 0.0211 0.4191 0.5578 
   HI_SS0344  8 0.0027 0.9833 0.0055 0.0085 
   HI_SS0345  8 0.0094 0.1487 0.5988 0.2431 
   HI_SS0346  8 0.0041 0.2294 0.5265 0.2400 
   HI_SS0350  8 0.0105 0.0071 0.6874 0.2950 
   HI_SS0351  8 0.0041 0.1642 0.2692 0.5625 
   HI_SS0352  8 0.0989 0.0366 0.3400 0.5245 
   HI_SS0362  8 0.0022 0.3771 0.5124 0.1082 
   HI_SS0363  8 0.0036 0.9604 0.0174 0.0185 
   HI_SS0365  8 0.0051 0.2768 0.0445 0.6736 
   HI_SS0366  8 0.0016 0.9456 0.0177 0.0351 
   HI_SS0367  8 0.0022 0.0092 0.8521 0.1365 
   HI_SS0369  8 0.0024 0.0200 0.8937 0.0839 
   HI_SS0370  8 0.0032 0.0612 0.0177 0.9179 
   HI_SS0371  8 0.0041 0.8348 0.1515 0.0096 
   HI_SS0373  8 0.0115 0.1039 0.7975 0.0871 
   HI_SS0374  8 0.0286 0.0082 0.8859 0.0773 
   HI_SS0377  8 0.0828 0.5528 0.0847 0.2798 
   HI_SS0379  8 0.0010 0.9890 0.0037 0.0063 
   HI_SS0380  8 0.0068 0.0391 0.7253 0.2288 
   HI_SS0381  8 0.0045 0.0180 0.3500 0.6275 
   HI_SS0384  8 0.0088 0.2819 0.6651 0.0443 
   HI_SS0385  8 0.0013 0.4666 0.5197 0.0124 
   HI_SS0386  9 0.9955 0.0014 0.0014 0.0018 
   HI_SS0387  9 0.9599 0.0133 0.0119 0.0150 
   HI_SS0389  9 0.9886 0.0043 0.0037 0.0034 
   HI_SS0390  9 0.9941 0.0024 0.0017 0.0018 
   HI_SS0391  9 0.9922 0.0026 0.0021 0.0031 
   HI_SS0392  9 0.9946 0.0017 0.0016 0.0021 
   HI_SS0393  9 0.9951 0.0021 0.0013 0.0015 
   HI_SS0394  9 0.9954 0.0016 0.0016 0.0015 
   HI_SS0395  9 0.9877 0.0038 0.0052 0.0032 
   HI_SS0396  9 0.9687 0.0078 0.0142 0.0092 
   HI_SS0398  9 0.9808 0.0051 0.0077 0.0064 
   HI_SS0399  9 0.9965 0.0010 0.0011 0.0014 
   HI_SS0400  9 0.9938 0.0021 0.0024 0.0018 
   HI_SS0401  9 0.9952 0.0017 0.0015 0.0016 
   HI_SS0402  9 0.9956 0.0011 0.0016 0.0017 
   HI_SS0403  9 0.9951 0.0017 0.0014 0.0017 
   HI_SS0404  9 0.9958 0.0014 0.0014 0.0015 
   HI_SS0405  9 0.9450 0.0140 0.0136 0.0274 
   HI_SS0406  9 0.9930 0.0029 0.0018 0.0023 
   HI_SS0407  9 0.9744 0.0066 0.0113 0.0077 
   HI_SS0408  9 0.9961 0.0010 0.0014 0.0015 
   HI_SS0409  9 0.9898 0.0037 0.0028 0.0037 
   HI_SS0411  9 0.9916 0.0034 0.0021 0.0030 
   HI_SS0412  9 0.8114 0.0483 0.0513 0.0890 
   HI_SS0413  9 0.9936 0.0021 0.0020 0.0023 
   HI_SS0414  9 0.9488 0.0087 0.0173 0.0252 
   HI_SS0415  9 0.9941 0.0022 0.0017 0.0020 
   HI_SS0416  9 0.9895 0.0032 0.0039 0.0034 
   HI_SS0418  9 0.9851 0.0056 0.0037 0.0056 
   HI_SS0419  9 0.9906 0.0029 0.0034 0.0031 
   HI_SS0420  9 0.9926 0.0026 0.0021 0.0026 
   HI_SS0421  9 0.9858 0.0039 0.0045 0.0058 
   HI_SS0422  9 0.9938 0.0018 0.0023 0.0021 
   HI_SS0423  9 0.9863 0.0043 0.0055 0.0040 
   HI_SS0424  9 0.9938 0.0018 0.0018 0.0026 
   HI_SS0425  9 0.9902 0.0024 0.0041 0.0033 
   NS_SS1146 10 0.9931 0.0032 0.0017 0.0021 
   NS_SS1157 10 0.9782 0.0070 0.0064 0.0084 
   NS_SS1144 10 0.9432 0.0277 0.0115 0.0175 
   NS_SS1074 10 0.9898 0.0030 0.0035 0.0037 
   NS_SS1122 10 0.9850 0.0057 0.0046 0.0048 
   NS_SS1136 10 0.9960 0.0012 0.0015 0.0014 
   NS_SS1077 10 0.9978 0.0009 0.0006 0.0008 
   NS_SS1134 10 0.9663 0.0108 0.0128 0.0101 
   NS_SS1091 10 0.9937 0.0017 0.0027 0.0020 
   NS_SS1089 10 0.9891 0.0043 0.0030 0.0036 
   NS_SS1123 10 0.9945 0.0020 0.0018 0.0017 
   NS_SS1158 10 0.9965 0.0010 0.0011 0.0014 
   NS_SS1093 10 0.9924 0.0026 0.0026 0.0024 
   NS_SS1102 10 0.9825 0.0048 0.0070 0.0056 
   NS_SS1056 10 0.9946 0.0017 0.0021 0.0015 
   NS_SS1126 10 0.9910 0.0034 0.0022 0.0034 
   NS_SS1058 10 0.9867 0.0045 0.0036 0.0052 
   NS_SS1084 10 0.9954 0.0015 0.0013 0.0017 
   NS_SS1095 10 0.9797 0.0072 0.0065 0.0066 
   NS_SS1079 10 0.9945 0.0019 0.0016 0.0020 
   NS_SS1149 10 0.9924 0.0028 0.0023 0.0025 
   NS_SS1121 10 0.9942 0.0016 0.0021 0.0021 
   NS_SS1067 10 0.9811 0.0045 0.0086 0.0059 
   NS_SS1081 10 0.9917 0.0024 0.0030 0.0029 
   NS_SS1130 10 0.9913 0.0024 0.0032 0.0032 
   NS_SS1073 10 0.9914 0.0021 0.0028 0.0037 
   NS_SS1133 10 0.9759 0.0037 0.0145 0.0059 
   NS_SS1129 10 0.9959 0.0012 0.0017 0.0012 
   NS_SS1085 10 0.9930 0.0027 0.0023 0.0019 
   NS_SS1137 10 0.9861 0.0042 0.0046 0.0051 
   NS_SS1135 10 0.9960 0.0013 0.0014 0.0013 
   NS_SS1082 10 0.9946 0.0016 0.0023 0.0014 
   NS_SS1125 10 0.9957 0.0012 0.0013 0.0018 
   NS_SS1124 10 0.9790 0.0067 0.0063 0.0080 
   NS_SS1155 10 0.9775 0.0072 0.0059 0.0094 
   NS_SS1145 10 0.9937 0.0023 0.0019 0.0022 
