

----------------------------------------------------
STRUCTURE by Pritchard, Stephens and Donnelly (2000)
     and Falush, Stephens and Pritchard (2003)
       Code by Pritchard, Falush and Hubisz
             Version 2.3.4 (Jul 2012)
----------------------------------------------------



Command line arguments:   /home/genobiwan/Documents/Programs/Structure/structure -m parameter_job_k5_r3 
Input File:    /media/genobiwan/Storage/Projets/Mackerel_NWA_2021/data_job_k5_r3

Run parameters:
   629 individuals
   4140 loci
   5 populations assumed
   10000 Burn-in period
   100000 Reps


--------------------------------------------
Proportion of membership of each pre-defined
 population in each of the 5 clusters

Given    Inferred Clusters                     Number of
 Pop       1      2      3      4      5      Individuals

  1:     0.014  0.274  0.212  0.211  0.289       67
  2:     0.011  0.291  0.148  0.217  0.333       32
  3:     0.016  0.283  0.192  0.257  0.252       92
  4:     0.018  0.251  0.291  0.259  0.182       36
  5:     0.023  0.172  0.313  0.180  0.312       41
  6:     0.015  0.253  0.251  0.242  0.240      158
  7:     0.012  0.246  0.233  0.251  0.258       79
  8:     0.015  0.233  0.320  0.192  0.240       52
  9:     0.976  0.007  0.005  0.008  0.005       36
 10:     0.982  0.005  0.004  0.005  0.005       36
--------------------------------------------

Allele-freq. divergence among pops (Net nucleotide distance),
computed using point estimates of P.

      1       2       3       4       5      
 1      -    0.0048  0.0051  0.0049  0.0050  
 2   0.0048     -    0.0002  0.0001  0.0002  
 3   0.0051  0.0002     -    0.0003  0.0004  
 4   0.0049  0.0001  0.0003     -    0.0002  
 5   0.0050  0.0002  0.0004  0.0002     -    

Average distances (expected heterozygosity) between individuals in same cluster:
cluster  1  : 0.3054 
cluster  2  : 0.3190 
cluster  3  : 0.3180 
cluster  4  : 0.3186 
cluster  5  : 0.3181 

--------------------------------------------
Estimated Ln Prob of Data   = -2491506.5
Mean value of ln likelihood = -2465573.5
Variance of ln likelihood   = 51866.0
Mean value of alpha         = 0.0492

Mean value of Fst_1         = 0.0385
Mean value of Fst_2         = 0.0021
Mean value of Fst_3         = 0.0037
Mean value of Fst_4         = 0.0026
Mean value of Fst_5         = 0.0031


Inferred ancestry of individuals:
        Label (%Miss) Pop:  Inferred clusters
  1 NS_SS0963    (4)    1 :  0.006 0.378 0.011 0.591 0.014 
  2 NS_SS0983    (1)    1 :  0.005 0.379 0.577 0.029 0.009 
  3 NS_SS0719    (9)    1 :  0.005 0.473 0.035 0.471 0.016 
  4 NS_SS1001    (8)    1 :  0.008 0.035 0.257 0.017 0.682 
  5 NS_SS0936    (4)    1 :  0.004 0.215 0.042 0.339 0.400 
  6 NS_SS0955    (6)    1 :  0.006 0.142 0.600 0.163 0.089 
  7 NS_SS0944    (3)    1 :  0.003 0.026 0.896 0.017 0.058 
  8 NS_SS0945    (3)    1 :  0.008 0.024 0.627 0.025 0.316 
  9 NS_SS0922    (2)    1 :  0.032 0.540 0.016 0.217 0.195 
 10 NS_SS0929    (7)    1 :  0.004 0.275 0.317 0.253 0.151 
 11 NS_SS0956    (1)    1 :  0.004 0.085 0.038 0.108 0.764 
 12 NS_SS0906    (3)    1 :  0.003 0.631 0.030 0.107 0.229 
 13 NS_SS0721    (6)    1 :  0.005 0.570 0.038 0.375 0.013 
 14 NS_SS0982    (4)    1 :  0.017 0.417 0.010 0.439 0.117 
 15 NS_SS0923    (6)    1 :  0.005 0.732 0.013 0.173 0.078 
 16 NS_SS0905    (6)    1 :  0.002 0.917 0.024 0.035 0.021 
 17 NS_SS0925    (3)    1 :  0.005 0.885 0.009 0.024 0.077 
 18 NS_SS0947    (6)    1 :  0.006 0.065 0.020 0.165 0.744 
 19 NS_SS0926    (2)    1 :  0.001 0.016 0.946 0.023 0.013 
 20 NS_SS0918    (6)    1 :  0.004 0.057 0.139 0.164 0.636 
 21 NS_SS0966    (4)    1 :  0.055 0.099 0.056 0.315 0.474 
 22 NS_SS0938    (2)    1 :  0.002 0.017 0.020 0.335 0.626 
 23 NS_SS0917    (2)    1 :  0.037 0.421 0.020 0.465 0.058 
 24 NS_SS0957   (11)    1 :  0.006 0.049 0.021 0.060 0.864 
 25 NS_SS0987    (1)    1 :  0.239 0.516 0.149 0.012 0.084 
 26 NS_SS0717    (4)    1 :  0.004 0.069 0.019 0.014 0.895 
 27 NS_SS0986    (2)    1 :  0.004 0.155 0.524 0.037 0.280 
 28 NS_SS0953    (3)    1 :  0.023 0.076 0.035 0.068 0.799 
 29 NS_SS0907    (3)    1 :  0.046 0.676 0.012 0.173 0.093 
 30 NS_SS0974    (6)    1 :  0.004 0.207 0.311 0.236 0.241 
 31 NS_SS0989    (1)    1 :  0.001 0.151 0.547 0.280 0.021 
 32 NS_SS0991    (3)    1 :  0.002 0.381 0.578 0.015 0.024 
 33 NS_SS0994    (2)    1 :  0.003 0.029 0.940 0.014 0.014 
 34 NS_SS0931    (6)    1 :  0.015 0.026 0.934 0.012 0.014 
 35 NS_SS1000    (5)    1 :  0.005 0.271 0.013 0.062 0.650 
 36 NS_SS0919    (1)    1 :  0.003 0.845 0.028 0.118 0.006 
 37 NS_SS0949    (4)    1 :  0.002 0.032 0.910 0.048 0.008 
 38 NS_SS0960   (10)    1 :  0.007 0.595 0.286 0.089 0.022 
 39 NS_SS0716    (2)    1 :  0.008 0.009 0.007 0.005 0.971 
 40 NS_SS0924    (8)    1 :  0.019 0.651 0.211 0.051 0.068 
 41 NS_SS0935    (2)    1 :  0.009 0.796 0.179 0.008 0.009 
 42 NS_SS0952   (14)    1 :  0.046 0.475 0.389 0.032 0.057 
 43 NS_SS0962   (11)    1 :  0.009 0.122 0.021 0.523 0.325 
 44 NS_SS0973    (5)    1 :  0.004 0.879 0.011 0.099 0.006 
 45 NS_SS0722    (1)    1 :  0.003 0.016 0.007 0.010 0.963 
 46 NS_SS0979   (13)    1 :  0.002 0.088 0.019 0.111 0.780 
 47 NS_SS0993    (2)    1 :  0.028 0.042 0.032 0.193 0.706 
 48 NS_SS0958    (1)    1 :  0.003 0.040 0.886 0.016 0.055 
 49 NS_SS0988    (4)    1 :  0.005 0.094 0.061 0.700 0.140 
 50 NS_SS1003    (2)    1 :  0.009 0.018 0.013 0.943 0.017 
 51 NS_SS0976    (1)    1 :  0.003 0.229 0.566 0.177 0.025 
 52 NS_SS0964   (10)    1 :  0.004 0.065 0.008 0.015 0.907 
 53 NS_SS0939    (4)    1 :  0.006 0.011 0.011 0.019 0.953 
 54 NS_SS0990    (6)    1 :  0.004 0.013 0.084 0.250 0.650 
 55 NS_SS0984    (2)    1 :  0.002 0.039 0.013 0.086 0.860 
 56 NS_SS0980   (10)    1 :  0.002 0.497 0.008 0.472 0.021 
 57 NS_SS0978    (4)    1 :  0.004 0.287 0.011 0.680 0.019 
 58 NS_SS0951   (18)    1 :  0.004 0.068 0.602 0.038 0.287 
 59 NS_SS0913    (3)    1 :  0.042 0.071 0.013 0.019 0.854 
 60 NS_SS1002    (1)    1 :  0.047 0.053 0.009 0.801 0.090 
 61 NS_SS0948    (1)    1 :  0.057 0.090 0.201 0.113 0.539 
 62 NS_SS0916    (4)    1 :  0.005 0.286 0.020 0.678 0.011 
 63 NS_SS0995    (1)    1 :  0.004 0.322 0.010 0.587 0.077 
 64 NS_SS0927    (6)    1 :  0.006 0.241 0.028 0.707 0.019 
 65 NS_SS0992    (5)    1 :  0.003 0.271 0.053 0.638 0.034 
 66 NS_SS0912    (1)    1 :  0.004 0.294 0.633 0.024 0.045 
 67 NS_SS0981    (1)    1 :  0.003 0.815 0.033 0.083 0.066 
 68 NS_SS0729    (5)    2 :  0.004 0.352 0.595 0.033 0.016 
 69 NS_SS0967   (15)    2 :  0.013 0.666 0.043 0.160 0.118 
 70 NS_SS0941    (8)    2 :  0.088 0.277 0.053 0.122 0.460 
 71 NS_SS0768   (12)    2 :  0.005 0.124 0.053 0.123 0.695 
 72 NS_SS0726    (5)    2 :  0.010 0.144 0.183 0.648 0.015 
 73 NS_SS0763    (4)    2 :  0.003 0.446 0.365 0.047 0.139 
 74 NS_SS0730    (6)    2 :  0.004 0.045 0.025 0.266 0.659 
 75 NS_SS0774    (2)    2 :  0.001 0.014 0.007 0.062 0.916 
 76 NS_SS0723    (3)    2 :  0.002 0.597 0.008 0.369 0.024 
 77 NS_SS0940   (10)    2 :  0.007 0.349 0.237 0.361 0.045 
 78 NS_SS0762    (1)    2 :  0.004 0.022 0.012 0.024 0.939 
 79 NS_SS0766   (11)    2 :  0.018 0.353 0.242 0.067 0.320 
 80 NS_SS0724    (1)    2 :  0.005 0.310 0.020 0.017 0.648 
 81 NS_SS0769    (3)    2 :  0.004 0.535 0.015 0.320 0.125 
 82 NS_SS0777    (1)    2 :  0.012 0.562 0.346 0.040 0.039 
 83 NS_SS0734    (6)    2 :  0.033 0.376 0.369 0.116 0.106 
 84 NS_SS0737    (3)    2 :  0.006 0.026 0.013 0.480 0.476 
 85 NS_SS0732    (5)    2 :  0.006 0.660 0.012 0.260 0.061 
 86 NS_SS0728    (5)    2 :  0.014 0.372 0.049 0.424 0.141 
 87 NS_SS0735    (9)    2 :  0.010 0.651 0.030 0.141 0.167 
 88 NS_SS0725    (1)    2 :  0.010 0.006 0.036 0.059 0.889 
 89 NS_SS0788    (2)    2 :  0.002 0.281 0.013 0.686 0.018 
 90 NS_SS0778    (2)    2 :  0.002 0.359 0.041 0.577 0.021 
 91 NS_SS0792    (6)    2 :  0.006 0.043 0.120 0.742 0.089 
 92 NS_SS0943   (11)    2 :  0.010 0.051 0.836 0.077 0.026 
 93 NS_SS0791    (2)    2 :  0.017 0.458 0.133 0.382 0.010 
 94 NS_SS0790    (5)    2 :  0.005 0.010 0.005 0.007 0.972 
 95 NS_SS0731    (6)    2 :  0.014 0.088 0.028 0.017 0.853 
 96 NS_SS0727    (7)    2 :  0.002 0.040 0.624 0.049 0.286 
 97 NS_SS0779   (13)    2 :  0.007 0.696 0.063 0.129 0.105 
 98 NS_SS0776    (3)    2 :  0.010 0.351 0.153 0.106 0.380 
 99 NS_SS0775    (5)    2 :  0.008 0.030 0.014 0.041 0.906 
100 NS_SS0965    (3)    3 :  0.002 0.819 0.032 0.105 0.043 
101 NS_SS0754   (14)    3 :  0.012 0.820 0.102 0.050 0.016 
102 NS_SS0838    (5)    3 :  0.054 0.192 0.210 0.146 0.398 
103 NS_SS0839    (3)    3 :  0.005 0.015 0.008 0.361 0.612 
104 NS_SS0832    (4)    3 :  0.055 0.363 0.006 0.399 0.176 
105 NS_SS0820    (5)    3 :  0.009 0.543 0.005 0.309 0.134 
106 NS_SS0886    (9)    3 :  0.003 0.370 0.337 0.245 0.045 
107 NS_SS0748    (5)    3 :  0.012 0.204 0.652 0.029 0.104 
108 NS_SS0884    (9)    3 :  0.027 0.136 0.030 0.664 0.144 
109 NS_SS0752    (4)    3 :  0.002 0.748 0.022 0.176 0.051 
110 NS_SS0862    (1)    3 :  0.005 0.520 0.011 0.423 0.041 
111 NS_SS0787    (9)    3 :  0.009 0.034 0.865 0.070 0.022 
112 NS_SS0843    (6)    3 :  0.003 0.860 0.024 0.028 0.086 
113 NS_SS0856    (4)    3 :  0.004 0.037 0.017 0.605 0.337 
114 NS_SS0846    (2)    3 :  0.004 0.517 0.113 0.347 0.019 
115 NS_SS0825    (1)    3 :  0.011 0.020 0.088 0.766 0.115 
116 NS_SS0757    (3)    3 :  0.004 0.426 0.144 0.346 0.080 
117 NS_SS0876    (3)    3 :  0.228 0.234 0.021 0.142 0.375 
118 NS_SS0903   (10)    3 :  0.003 0.673 0.009 0.233 0.081 
119 NS_SS0875    (7)    3 :  0.005 0.055 0.109 0.110 0.721 
120 NS_SS0740    (5)    3 :  0.002 0.868 0.015 0.023 0.091 
121 NS_SS0811    (5)    3 :  0.011 0.031 0.014 0.023 0.922 
122 NS_SS0751    (1)    3 :  0.003 0.265 0.214 0.449 0.070 
123 NS_SS0891    (6)    3 :  0.007 0.018 0.016 0.014 0.945 
124 NS_SS0867    (2)    3 :  0.030 0.230 0.195 0.530 0.014 
125 NS_SS0890    (6)    3 :  0.003 0.634 0.107 0.179 0.076 
126 NS_SS0866   (12)    3 :  0.007 0.013 0.671 0.286 0.024 
127 NS_SS0755    (4)    3 :  0.010 0.045 0.140 0.204 0.601 
128 NS_SS0758    (4)    3 :  0.002 0.531 0.322 0.079 0.066 
129 NS_SS0840    (2)    3 :  0.003 0.130 0.014 0.141 0.711 
130 NS_SS0889    (4)    3 :  0.003 0.022 0.912 0.024 0.038 
131 NS_SS1010    (1)    3 :  0.045 0.311 0.044 0.448 0.152 
132 NS_SS0888    (5)    3 :  0.002 0.404 0.439 0.143 0.011 
133 NS_SS0837    (3)    3 :  0.003 0.590 0.033 0.135 0.239 
134 NS_SS0794   (10)    3 :  0.002 0.039 0.901 0.014 0.044 
135 NS_SS0823    (5)    3 :  0.006 0.106 0.016 0.244 0.627 
136 NS_SS0829    (7)    3 :  0.129 0.026 0.776 0.046 0.024 
137 NS_SS0844    (5)    3 :  0.003 0.214 0.008 0.057 0.718 
138 NS_SS1008    (6)    3 :  0.015 0.216 0.385 0.071 0.313 
139 NS_SS0881    (3)    3 :  0.002 0.091 0.168 0.687 0.051 
140 NS_SS0834    (6)    3 :  0.008 0.049 0.030 0.159 0.753 
141 NS_SS0744   (10)    3 :  0.008 0.211 0.018 0.744 0.018 
142 NS_SS0899    (7)    3 :  0.002 0.019 0.007 0.014 0.958 
143 NS_SS0804    (5)    3 :  0.006 0.133 0.007 0.329 0.526 
144 NS_SS0781   (10)    3 :  0.004 0.066 0.006 0.249 0.674 
145 NS_SS0822    (6)    3 :  0.002 0.039 0.910 0.027 0.022 
146 NS_SS1004    (4)    3 :  0.004 0.646 0.031 0.296 0.022 
147 NS_SS0746    (5)    3 :  0.020 0.241 0.140 0.029 0.569 
148 NS_SS0880    (3)    3 :  0.002 0.042 0.177 0.634 0.146 
149 NS_SS0879    (5)    3 :  0.014 0.017 0.027 0.046 0.896 
150 NS_SS0753    (2)    3 :  0.009 0.914 0.043 0.021 0.013 
151 NS_SS1007    (3)    3 :  0.002 0.279 0.013 0.696 0.011 
152 NS_SS0872    (5)    3 :  0.002 0.131 0.017 0.317 0.533 
153 NS_SS1005    (7)    3 :  0.002 0.246 0.029 0.236 0.487 
154 NS_SS0892    (6)    3 :  0.003 0.528 0.068 0.240 0.162 
155 NS_SS0898    (0)    3 :  0.009 0.021 0.806 0.040 0.123 
156 NS_SS0801    (9)    3 :  0.012 0.809 0.015 0.096 0.069 
157 NS_SS0827    (9)    3 :  0.139 0.246 0.298 0.050 0.268 
158 NS_SS0853    (7)    3 :  0.006 0.060 0.015 0.006 0.913 
159 NS_SS0780    (2)    3 :  0.004 0.243 0.009 0.681 0.063 
160 NS_SS0826   (10)    3 :  0.005 0.025 0.256 0.300 0.414 
161 NS_SS0818    (5)    3 :  0.002 0.058 0.018 0.903 0.019 
162 NS_SS0745    (1)    3 :  0.001 0.013 0.013 0.010 0.961 
163 NS_SS0849    (3)    3 :  0.002 0.151 0.037 0.503 0.308 
164 NS_SS0739    (3)    3 :  0.014 0.143 0.017 0.810 0.017 
165 NS_SS0799    (1)    3 :  0.001 0.427 0.331 0.219 0.022 
166 NS_SS0756    (3)    3 :  0.004 0.029 0.016 0.622 0.328 
167 NS_SS0802    (2)    3 :  0.194 0.219 0.029 0.542 0.016 
168 NS_SS0747    (6)    3 :  0.005 0.941 0.006 0.035 0.013 
169 NS_SS0835    (1)    3 :  0.002 0.055 0.489 0.443 0.012 
170 NS_SS0742   (19)    3 :  0.002 0.107 0.013 0.862 0.017 
171 NS_SS0760    (9)    3 :  0.053 0.029 0.872 0.022 0.024 
172 NS_SS0803    (4)    3 :  0.011 0.434 0.013 0.075 0.468 
173 NS_SS0828   (14)    3 :  0.001 0.847 0.027 0.107 0.018 
174 NS_SS0865    (2)    3 :  0.028 0.066 0.037 0.839 0.029 
175 NS_SS0759    (5)    3 :  0.006 0.629 0.014 0.258 0.093 
176 NS_SS0851    (5)    3 :  0.018 0.008 0.014 0.011 0.949 
177 NS_SS0874   (16)    3 :  0.002 0.234 0.013 0.094 0.658 
178 NS_SS0761    (6)    3 :  0.004 0.436 0.498 0.031 0.032 
179 NS_SS0842   (26)    3 :  0.010 0.027 0.202 0.092 0.669 
180 NS_SS0785    (6)    3 :  0.005 0.826 0.050 0.081 0.038 
181 NS_SS0860   (11)    3 :  0.003 0.227 0.184 0.573 0.014 
182 NS_SS0897    (7)    3 :  0.002 0.009 0.963 0.014 0.011 
183 NS_SS0841   (15)    3 :  0.004 0.107 0.062 0.454 0.373 
184 NS_SS0797    (7)    3 :  0.032 0.022 0.907 0.025 0.014 
185 NS_SS0830   (11)    3 :  0.002 0.280 0.226 0.137 0.355 
186 NS_SS1011    (5)    3 :  0.008 0.020 0.011 0.949 0.012 
187 NS_SS0883    (5)    3 :  0.007 0.754 0.065 0.134 0.040 
188 NS_SS0782    (2)    3 :  0.003 0.056 0.400 0.069 0.472 
189 NS_SS0831    (5)    3 :  0.005 0.072 0.850 0.019 0.054 
190 NS_SS0749    (7)    3 :  0.003 0.930 0.015 0.044 0.008 
191 NS_SS0854    (2)    3 :  0.003 0.549 0.174 0.099 0.176 
192 HI_SS0193    (0)    4 :  0.002 0.010 0.952 0.014 0.022 
193 HI_SS0194    (1)    4 :  0.002 0.029 0.037 0.033 0.898 
194 HI_SS0195   (10)    4 :  0.118 0.102 0.005 0.284 0.490 
195 HI_SS0196    (6)    4 :  0.004 0.302 0.263 0.074 0.357 
196 HI_SS0197    (3)    4 :  0.012 0.016 0.004 0.956 0.012 
197 HI_SS0198    (1)    4 :  0.011 0.390 0.078 0.476 0.045 
198 HI_SS0199    (1)    4 :  0.003 0.541 0.058 0.389 0.009 
199 HI_SS0201    (5)    4 :  0.003 0.074 0.875 0.039 0.009 
200 HI_SS0215    (1)    4 :  0.004 0.697 0.234 0.052 0.013 
201 HI_SS0218    (1)    4 :  0.009 0.014 0.953 0.008 0.016 
202 HI_SS0222    (0)    4 :  0.006 0.416 0.227 0.096 0.255 
203 HI_SS0230    (1)    4 :  0.006 0.793 0.006 0.149 0.046 
204 HI_SS0234    (2)    4 :  0.155 0.124 0.042 0.587 0.093 
205 HI_SS0240    (1)    4 :  0.009 0.604 0.008 0.361 0.018 
206 HI_SS0241    (0)    4 :  0.002 0.069 0.527 0.350 0.052 
207 HI_SS0242    (0)    4 :  0.004 0.056 0.305 0.056 0.580 
208 HI_SS0247    (0)    4 :  0.027 0.030 0.044 0.273 0.626 
209 HI_SS0248    (1)    4 :  0.001 0.023 0.953 0.012 0.012 
210 HI_SS0252    (2)    4 :  0.003 0.145 0.202 0.309 0.342 
211 HI_SS0254    (0)    4 :  0.095 0.250 0.373 0.270 0.012 
212 HI_SS0256    (0)    4 :  0.002 0.087 0.005 0.050 0.856 
213 HI_SS0257    (0)    4 :  0.004 0.802 0.052 0.102 0.040 
214 HI_SS0258    (1)    4 :  0.006 0.105 0.864 0.014 0.011 
215 HI_SS0259    (1)    4 :  0.003 0.013 0.009 0.944 0.030 
216 HI_SS0260    (1)    4 :  0.002 0.602 0.302 0.049 0.045 
217 HI_SS0261    (2)    4 :  0.004 0.387 0.360 0.114 0.134 
218 HI_SS0262    (0)    4 :  0.007 0.028 0.025 0.669 0.271 
219 HI_SS0264    (0)    4 :  0.005 0.445 0.018 0.043 0.490 
220 HI_SS0265    (0)    4 :  0.096 0.073 0.022 0.403 0.406 
221 HI_SS0268    (1)    4 :  0.004 0.481 0.204 0.243 0.069 
222 HI_SS0269    (0)    4 :  0.002 0.069 0.508 0.406 0.014 
223 HI_SS0273    (0)    4 :  0.003 0.149 0.751 0.075 0.023 
224 HI_SS0277    (1)    4 :  0.004 0.110 0.046 0.830 0.010 
225 HI_SS0280    (0)    4 :  0.007 0.167 0.354 0.290 0.183 
226 HI_SS0282    (1)    4 :  0.002 0.252 0.534 0.178 0.035 
227 HI_SS0286    (1)    4 :  0.009 0.572 0.268 0.118 0.033 
228 NS_SS1252    (3)    5 :  0.005 0.020 0.942 0.023 0.010 
229 NS_SS1261    (1)    5 :  0.022 0.090 0.048 0.545 0.295 
230 NS_SS1225   (10)    5 :  0.090 0.737 0.072 0.040 0.060 
231 NS_SS1266    (1)    5 :  0.009 0.053 0.009 0.063 0.866 
232 NS_SS1228    (0)    5 :  0.019 0.036 0.024 0.432 0.489 
233 NS_SS1255    (3)    5 :  0.002 0.013 0.131 0.051 0.803 
234 NS_SS1267    (3)    5 :  0.019 0.160 0.800 0.014 0.008 
235 NS_SS1238    (6)    5 :  0.003 0.084 0.794 0.048 0.070 
236 NS_SS1233    (8)    5 :  0.002 0.218 0.262 0.024 0.494 
237 NS_SS1277    (3)    5 :  0.001 0.008 0.969 0.012 0.010 
238 NS_SS1245    (1)    5 :  0.002 0.161 0.458 0.031 0.348 
239 NS_SS1240    (4)    5 :  0.002 0.177 0.773 0.037 0.011 
240 NS_SS1275    (2)    5 :  0.004 0.013 0.008 0.541 0.435 
241 NS_SS1235    (1)    5 :  0.006 0.073 0.028 0.141 0.751 
242 NS_SS1263    (1)    5 :  0.001 0.029 0.021 0.011 0.938 
243 NS_SS1251    (2)    5 :  0.002 0.131 0.067 0.058 0.743 
244 NS_SS1248    (0)    5 :  0.119 0.036 0.777 0.019 0.049 
245 NS_SS1244    (0)    5 :  0.004 0.033 0.204 0.746 0.012 
246 NS_SS1257    (1)    5 :  0.038 0.405 0.486 0.035 0.036 
247 NS_SS1242    (2)    5 :  0.003 0.015 0.009 0.097 0.876 
248 NS_SS1271    (6)    5 :  0.043 0.016 0.904 0.029 0.009 
249 NS_SS1265    (1)    5 :  0.029 0.061 0.797 0.013 0.099 
250 NS_SS1243    (0)    5 :  0.107 0.154 0.313 0.072 0.354 
251 NS_SS1273    (1)    5 :  0.014 0.017 0.027 0.047 0.896 
252 NS_SS1254   (14)    5 :  0.007 0.013 0.011 0.026 0.942 
253 NS_SS1224    (1)    5 :  0.010 0.059 0.015 0.039 0.877 
254 NS_SS1227    (8)    5 :  0.002 0.355 0.098 0.491 0.053 
255 NS_SS1274    (9)    5 :  0.016 0.826 0.109 0.030 0.018 
256 NS_SS1241    (1)    5 :  0.001 0.021 0.916 0.035 0.027 
257 NS_SS1256    (3)    5 :  0.054 0.095 0.289 0.080 0.482 
258 NS_SS1260    (8)    5 :  0.064 0.738 0.088 0.099 0.012 
259 NS_SS1262    (0)    5 :  0.170 0.335 0.234 0.167 0.094 
260 NS_SS1230    (0)    5 :  0.011 0.364 0.529 0.019 0.077 
261 NS_SS1270    (2)    5 :  0.003 0.591 0.025 0.295 0.086 
262 NS_SS1229    (2)    5 :  0.005 0.024 0.006 0.948 0.017 
263 NS_SS1246    (5)    5 :  0.004 0.018 0.540 0.399 0.039 
264 NS_SS1269    (0)    5 :  0.002 0.554 0.036 0.312 0.096 
265 NS_SS1239    (1)    5 :  0.005 0.220 0.013 0.728 0.034 
266 NS_SS1272    (5)    5 :  0.007 0.026 0.018 0.500 0.448 
267 NS_SS1268    (1)    5 :  0.003 0.073 0.052 0.082 0.791 
268 NS_SS1249    (1)    5 :  0.017 0.021 0.922 0.021 0.020 
269 HI_SS0559    (0)    6 :  0.002 0.904 0.052 0.016 0.026 
270 HI_SS0563    (1)    6 :  0.004 0.149 0.458 0.284 0.104 
271 HI_SS0564    (0)    6 :  0.048 0.227 0.022 0.618 0.084 
272 HI_SS0565    (0)    6 :  0.004 0.265 0.154 0.496 0.082 
273 HI_SS0569    (1)    6 :  0.002 0.478 0.500 0.014 0.006 
274 HI_SS0570    (0)    6 :  0.054 0.019 0.873 0.031 0.023 
275 HI_SS0572    (1)    6 :  0.004 0.061 0.021 0.039 0.876 
276 HI_SS0576    (1)    6 :  0.007 0.832 0.030 0.098 0.034 
277 HI_SS0579    (1)    6 :  0.017 0.900 0.059 0.013 0.011 
278 HI_SS0580    (1)    6 :  0.005 0.355 0.353 0.041 0.246 
279 HI_SS0581    (0)    6 :  0.062 0.016 0.008 0.786 0.127 
280 HI_SS0583    (1)    6 :  0.003 0.148 0.368 0.077 0.405 
281 HI_SS0586    (1)    6 :  0.001 0.134 0.843 0.007 0.015 
282 HI_SS0588    (1)    6 :  0.017 0.892 0.067 0.008 0.016 
283 HI_SS0595    (4)    6 :  0.035 0.297 0.226 0.372 0.070 
284 HI_SS0596    (0)    6 :  0.002 0.008 0.011 0.012 0.967 
285 HI_SS0597    (1)    6 :  0.003 0.019 0.016 0.212 0.750 
286 HI_SS0600    (0)    6 :  0.003 0.041 0.038 0.909 0.010 
287 HI_SS0601    (1)    6 :  0.014 0.725 0.017 0.231 0.014 
288 HI_SS0602    (1)    6 :  0.002 0.968 0.012 0.008 0.010 
289 HI_SS0604    (0)    6 :  0.002 0.438 0.273 0.021 0.267 
290 HI_SS0605    (1)    6 :  0.008 0.315 0.125 0.495 0.057 
291 HI_SS0608    (0)    6 :  0.002 0.078 0.201 0.030 0.690 
292 HI_SS0609    (0)    6 :  0.001 0.017 0.023 0.138 0.821 
293 HI_SS0611    (5)    6 :  0.004 0.266 0.478 0.103 0.148 
294 HI_SS0612    (0)    6 :  0.009 0.404 0.073 0.482 0.033 
295 HI_SS0613    (1)    6 :  0.002 0.735 0.036 0.121 0.106 
296 HI_SS0615    (1)    6 :  0.011 0.323 0.010 0.612 0.044 
297 HI_SS0001    (1)    6 :  0.005 0.024 0.675 0.195 0.101 
298 HI_SS0002    (1)    6 :  0.032 0.456 0.010 0.305 0.198 
299 HI_SS0004    (0)    6 :  0.007 0.083 0.739 0.052 0.120 
300 HI_SS0005    (1)    6 :  0.007 0.873 0.053 0.056 0.010 
301 HI_SS0006    (1)    6 :  0.003 0.267 0.263 0.415 0.052 
302 HI_SS0007    (1)    6 :  0.003 0.016 0.960 0.010 0.011 
303 HI_SS0008    (0)    6 :  0.037 0.586 0.014 0.338 0.025 
304 HI_SS0009    (0)    6 :  0.007 0.178 0.074 0.067 0.675 
305 HI_SS0010    (1)    6 :  0.004 0.162 0.756 0.041 0.038 
306 HI_SS0011    (1)    6 :  0.104 0.034 0.065 0.089 0.708 
307 HI_SS0012    (0)    6 :  0.005 0.426 0.006 0.525 0.038 
308 HI_SS0017    (1)    6 :  0.002 0.006 0.023 0.012 0.957 
309 HI_SS0021    (1)    6 :  0.249 0.026 0.407 0.033 0.285 
310 HI_SS0024    (1)    6 :  0.002 0.009 0.231 0.478 0.279 
311 HI_SS0025    (1)    6 :  0.004 0.010 0.009 0.007 0.970 
312 HI_SS0027    (0)    6 :  0.015 0.341 0.554 0.079 0.011 
313 HI_SS0028    (0)    6 :  0.002 0.600 0.007 0.156 0.235 
314 HI_SS0029    (1)    6 :  0.009 0.096 0.062 0.059 0.773 
315 HI_SS0030    (2)    6 :  0.006 0.293 0.156 0.516 0.029 
316 HI_SS0031    (0)    6 :  0.004 0.845 0.006 0.134 0.011 
317 HI_SS0034    (0)    6 :  0.006 0.404 0.554 0.022 0.015 
318 HI_SS0036    (0)    6 :  0.016 0.049 0.775 0.152 0.008 
319 HI_SS0037    (1)    6 :  0.006 0.078 0.661 0.033 0.222 
320 HI_SS0039    (0)    6 :  0.005 0.144 0.666 0.119 0.067 
321 HI_SS0041    (1)    6 :  0.002 0.009 0.010 0.197 0.782 
322 HI_SS0042    (1)    6 :  0.112 0.045 0.017 0.180 0.646 
323 HI_SS0043    (1)    6 :  0.004 0.041 0.913 0.034 0.009 
324 HI_SS0044    (1)    6 :  0.003 0.058 0.290 0.027 0.622 
325 HI_SS0047    (1)    6 :  0.002 0.794 0.030 0.134 0.039 
326 HI_SS0049    (1)    6 :  0.005 0.048 0.032 0.012 0.903 
327 HI_SS0051    (1)    6 :  0.002 0.650 0.127 0.108 0.112 
328 HI_SS0053    (1)    6 :  0.006 0.314 0.422 0.242 0.016 
329 HI_SS0054    (4)    6 :  0.004 0.067 0.911 0.008 0.009 
330 HI_SS0057    (0)    6 :  0.004 0.085 0.167 0.514 0.230 
331 HI_SS0058    (0)    6 :  0.007 0.170 0.097 0.015 0.711 
332 HI_SS0060    (0)    6 :  0.082 0.310 0.185 0.410 0.012 
333 HI_SS0087    (1)    6 :  0.003 0.220 0.319 0.396 0.061 
334 HI_SS0091    (1)    6 :  0.001 0.054 0.061 0.873 0.011 
335 HI_SS0095    (1)    6 :  0.051 0.773 0.009 0.154 0.013 
336 HI_SS0097    (3)    6 :  0.005 0.936 0.008 0.034 0.018 
337 HI_SS0099    (1)    6 :  0.005 0.012 0.008 0.011 0.964 
338 HI_SS0103    (0)    6 :  0.003 0.120 0.015 0.765 0.098 
339 HI_SS0105    (1)    6 :  0.031 0.068 0.016 0.872 0.011 
340 HI_SS0107    (1)    6 :  0.001 0.009 0.017 0.157 0.817 
341 HI_SS0108    (1)    6 :  0.030 0.018 0.927 0.020 0.005 
342 HI_SS0110    (0)    6 :  0.002 0.018 0.012 0.953 0.015 
343 HI_SS0111    (1)    6 :  0.034 0.177 0.024 0.726 0.038 
344 HI_SS0112    (0)    6 :  0.001 0.009 0.973 0.010 0.007 
345 HI_SS0113    (1)    6 :  0.004 0.020 0.021 0.075 0.880 
346 HI_SS0114    (1)    6 :  0.007 0.559 0.386 0.035 0.013 
347 HI_SS0115    (1)    6 :  0.017 0.926 0.016 0.014 0.028 
348 HI_SS0116    (4)    6 :  0.005 0.035 0.393 0.077 0.490 
349 HI_SS0117    (0)    6 :  0.003 0.475 0.334 0.150 0.038 
350 HI_SS0118    (0)    6 :  0.016 0.135 0.324 0.070 0.454 
351 HI_SS0119    (1)    6 :  0.002 0.029 0.047 0.916 0.006 
352 HI_SS0120    (1)    6 :  0.004 0.011 0.023 0.044 0.919 
353 HI_SS0121    (0)    6 :  0.002 0.072 0.007 0.273 0.646 
354 HI_SS0122    (2)    6 :  0.023 0.020 0.044 0.823 0.090 
355 HI_SS0123    (0)    6 :  0.004 0.282 0.011 0.691 0.012 
356 HI_SS0124    (1)    6 :  0.004 0.025 0.011 0.174 0.787 
357 HI_SS0125    (1)    6 :  0.043 0.198 0.006 0.705 0.047 
358 HI_SS0126    (0)    6 :  0.001 0.014 0.954 0.010 0.022 
359 HI_SS0127    (0)    6 :  0.009 0.922 0.040 0.014 0.014 
360 HI_SS0128    (0)    6 :  0.004 0.329 0.267 0.185 0.215 
361 HI_SS0129    (1)    6 :  0.015 0.150 0.620 0.158 0.057 
362 HI_SS0131    (2)    6 :  0.056 0.040 0.877 0.017 0.011 
363 HI_SS0132    (0)    6 :  0.001 0.121 0.293 0.498 0.088 
364 HI_SS0133    (1)    6 :  0.001 0.005 0.987 0.005 0.003 
365 HI_SS0134    (1)    6 :  0.003 0.216 0.154 0.528 0.098 
366 HI_SS0142    (3)    6 :  0.014 0.841 0.007 0.129 0.010 
367 HI_SS0145    (0)    6 :  0.002 0.780 0.066 0.121 0.032 
368 HI_SS0146    (1)    6 :  0.002 0.029 0.896 0.053 0.020 
369 HI_SS0147    (1)    6 :  0.032 0.070 0.014 0.203 0.681 
370 HI_SS0149    (1)    6 :  0.005 0.011 0.142 0.818 0.024 
371 HI_SS0150    (2)    6 :  0.006 0.412 0.068 0.104 0.411 
372 HI_SS0151    (0)    6 :  0.015 0.568 0.108 0.293 0.015 
373 NS_SS1451    (1)    6 :  0.003 0.024 0.006 0.636 0.330 
374 NS_SS1404    (0)    6 :  0.012 0.024 0.023 0.075 0.866 
375 NS_SS1432    (2)    6 :  0.042 0.021 0.007 0.703 0.228 
376 NS_SS1405    (5)    6 :  0.004 0.030 0.156 0.189 0.621 
377 NS_SS1431   (10)    6 :  0.001 0.016 0.020 0.108 0.854 
378 NS_SS1402    (3)    6 :  0.003 0.248 0.022 0.523 0.204 
379 NS_SS1450    (3)    6 :  0.005 0.392 0.345 0.214 0.045 
380 NS_SS1396    (0)    6 :  0.007 0.034 0.052 0.872 0.035 
381 NS_SS1393    (5)    6 :  0.005 0.907 0.024 0.053 0.012 
382 NS_SS1392   (10)    6 :  0.024 0.063 0.104 0.319 0.489 
383 NS_SS1445    (0)    6 :  0.009 0.607 0.183 0.187 0.013 
384 NS_SS1423    (0)    6 :  0.002 0.328 0.329 0.289 0.052 
385 NS_SS1421    (9)    6 :  0.094 0.024 0.737 0.130 0.014 
386 NS_SS1411    (6)    6 :  0.002 0.020 0.947 0.017 0.014 
387 NS_SS1453    (6)    6 :  0.007 0.301 0.275 0.322 0.095 
388 NS_SS1442    (3)    6 :  0.005 0.546 0.162 0.052 0.235 
389 NS_SS1422    (1)    6 :  0.016 0.346 0.093 0.486 0.059 
390 NS_SS1419    (1)    6 :  0.144 0.011 0.024 0.020 0.801 
391 NS_SS1427    (0)    6 :  0.002 0.007 0.971 0.012 0.008 
392 NS_SS1444    (4)    6 :  0.005 0.090 0.025 0.017 0.864 
393 NS_SS1455    (0)    6 :  0.002 0.013 0.017 0.017 0.951 
394 NS_SS1425    (2)    6 :  0.002 0.039 0.935 0.020 0.004 
395 NS_SS1400    (0)    6 :  0.001 0.013 0.958 0.005 0.022 
396 NS_SS1406    (2)    6 :  0.013 0.416 0.007 0.272 0.292 
397 NS_SS1417    (6)    6 :  0.011 0.032 0.234 0.231 0.493 
398 NS_SS1454    (3)    6 :  0.002 0.019 0.472 0.117 0.391 
399 NS_SS1412    (1)    6 :  0.025 0.102 0.133 0.195 0.544 
400 NS_SS1438    (1)    6 :  0.001 0.094 0.798 0.061 0.045 
401 NS_SS1416    (4)    6 :  0.007 0.194 0.011 0.544 0.245 
402 NS_SS1401    (0)    6 :  0.013 0.031 0.030 0.847 0.080 
403 NS_SS1424    (6)    6 :  0.014 0.037 0.187 0.749 0.013 
404 NS_SS1435   (10)    6 :  0.005 0.522 0.335 0.099 0.038 
405 NS_SS1447    (4)    6 :  0.011 0.047 0.025 0.028 0.888 
406 NS_SS1414    (3)    6 :  0.009 0.010 0.010 0.008 0.964 
407 NS_SS1449   (14)    6 :  0.004 0.047 0.014 0.908 0.027 
408 NS_SS1443    (4)    6 :  0.003 0.703 0.250 0.037 0.008 
409 NS_SS1434    (1)    6 :  0.001 0.055 0.543 0.133 0.268 
410 NS_SS1398    (1)    6 :  0.030 0.536 0.181 0.073 0.179 
411 NS_SS1426    (1)    6 :  0.003 0.360 0.560 0.067 0.011 
412 NS_SS1413    (0)    6 :  0.015 0.015 0.940 0.011 0.019 
413 NS_SS1395    (1)    6 :  0.009 0.654 0.021 0.310 0.005 
414 NS_SS1448   (10)    6 :  0.003 0.017 0.919 0.019 0.042 
415 NS_SS1446    (0)    6 :  0.004 0.028 0.152 0.755 0.061 
416 NS_SS1403    (2)    6 :  0.006 0.075 0.022 0.865 0.031 
417 NS_SS1415    (0)    6 :  0.015 0.065 0.896 0.015 0.010 
418 NS_SS1437    (4)    6 :  0.010 0.114 0.069 0.256 0.551 
419 NS_SS1439    (2)    6 :  0.003 0.834 0.005 0.133 0.024 
420 NS_SS1441    (3)    6 :  0.003 0.748 0.116 0.097 0.036 
421 NS_SS1420    (2)    6 :  0.004 0.022 0.010 0.051 0.913 
422 NS_SS1394    (2)    6 :  0.041 0.234 0.009 0.328 0.387 
423 NS_SS1391    (7)    6 :  0.013 0.709 0.081 0.091 0.106 
424 NS_SS1410    (5)    6 :  0.019 0.022 0.288 0.377 0.294 
425 NS_SS1408    (1)    6 :  0.049 0.405 0.031 0.503 0.012 
426 NS_SS1409    (1)    6 :  0.003 0.362 0.048 0.529 0.057 
427 HI_SS0617    (1)    7 :  0.002 0.151 0.020 0.502 0.325 
428 HI_SS0618    (2)    7 :  0.003 0.493 0.045 0.278 0.181 
429 HI_SS0619    (0)    7 :  0.005 0.040 0.082 0.029 0.844 
430 HI_SS0620    (1)    7 :  0.004 0.058 0.918 0.012 0.008 
431 HI_SS0621    (3)    7 :  0.021 0.098 0.016 0.230 0.635 
432 HI_SS0622    (1)    7 :  0.013 0.102 0.275 0.061 0.549 
433 HI_SS0626    (0)    7 :  0.013 0.093 0.057 0.053 0.784 
434 HI_SS0627    (0)    7 :  0.010 0.023 0.034 0.640 0.293 
435 HI_SS0628    (3)    7 :  0.070 0.020 0.716 0.171 0.023 
436 HI_SS0629    (1)    7 :  0.008 0.507 0.174 0.193 0.118 
437 HI_SS0630    (1)    7 :  0.066 0.071 0.704 0.089 0.070 
438 HI_SS0631    (0)    7 :  0.001 0.049 0.915 0.016 0.020 
439 HI_SS0632    (0)    7 :  0.004 0.064 0.638 0.031 0.263 
440 HI_SS0633    (0)    7 :  0.004 0.047 0.013 0.015 0.921 
441 HI_SS0634    (1)    7 :  0.002 0.009 0.014 0.965 0.011 
442 HI_SS0635    (0)    7 :  0.014 0.421 0.056 0.045 0.464 
443 HI_SS0637    (1)    7 :  0.003 0.777 0.012 0.191 0.017 
444 HI_SS0638    (0)    7 :  0.001 0.074 0.725 0.147 0.053 
445 HI_SS0639    (1)    7 :  0.041 0.260 0.008 0.605 0.086 
446 HI_SS0640    (1)    7 :  0.002 0.844 0.092 0.034 0.027 
447 HI_SS0641    (1)    7 :  0.006 0.488 0.208 0.020 0.278 
448 HI_SS0642    (0)    7 :  0.003 0.020 0.012 0.949 0.016 
449 HI_SS0645    (0)    7 :  0.001 0.011 0.022 0.119 0.846 
450 HI_SS0646    (1)    7 :  0.003 0.772 0.011 0.202 0.012 
451 HI_SS0647    (1)    7 :  0.002 0.009 0.687 0.035 0.267 
452 HI_SS0648    (0)    7 :  0.004 0.732 0.052 0.085 0.126 
453 HI_SS0649    (1)    7 :  0.002 0.520 0.019 0.123 0.336 
454 HI_SS0650    (1)    7 :  0.005 0.593 0.018 0.265 0.120 
455 HI_SS0651    (1)    7 :  0.005 0.851 0.019 0.090 0.036 
456 HI_SS0652    (1)    7 :  0.004 0.077 0.023 0.107 0.789 
457 NS_SS1371    (3)    7 :  0.006 0.896 0.012 0.077 0.009 
458 NS_SS1374    (0)    7 :  0.003 0.026 0.444 0.509 0.018 
459 NS_SS1337    (3)    7 :  0.005 0.018 0.049 0.815 0.113 
460 NS_SS1385    (5)    7 :  0.006 0.284 0.020 0.264 0.426 
461 NS_SS1388    (0)    7 :  0.007 0.012 0.040 0.015 0.926 
462 NS_SS1370    (1)    7 :  0.013 0.132 0.134 0.636 0.085 
463 NS_SS1389    (3)    7 :  0.004 0.008 0.012 0.008 0.969 
464 NS_SS1360    (1)    7 :  0.005 0.832 0.127 0.025 0.012 
465 NS_SS1330    (0)    7 :  0.004 0.743 0.006 0.206 0.041 
466 NS_SS1328    (9)    7 :  0.003 0.023 0.743 0.193 0.038 
467 NS_SS1384    (1)    7 :  0.004 0.894 0.039 0.041 0.022 
468 NS_SS1381    (0)    7 :  0.001 0.028 0.010 0.571 0.390 
469 NS_SS1375    (1)    7 :  0.002 0.105 0.025 0.116 0.752 
470 NS_SS1319   (11)    7 :  0.108 0.375 0.049 0.411 0.057 
471 NS_SS1326    (2)    7 :  0.009 0.008 0.959 0.014 0.010 
472 NS_SS1341    (1)    7 :  0.005 0.169 0.055 0.723 0.048 
473 NS_SS1383    (2)    7 :  0.005 0.333 0.073 0.580 0.008 
474 NS_SS1318    (3)    7 :  0.025 0.135 0.095 0.067 0.678 
475 NS_SS1348    (2)    7 :  0.002 0.078 0.893 0.020 0.008 
476 NS_SS1363    (0)    7 :  0.006 0.107 0.043 0.423 0.421 
477 NS_SS1335    (4)    7 :  0.028 0.761 0.161 0.036 0.014 
478 NS_SS1358    (0)    7 :  0.016 0.299 0.120 0.556 0.009 
479 NS_SS1342    (1)    7 :  0.002 0.040 0.280 0.623 0.055 
480 NS_SS1320    (3)    7 :  0.006 0.027 0.006 0.181 0.779 
481 NS_SS1355    (1)    7 :  0.014 0.260 0.009 0.012 0.706 
482 NS_SS1345    (1)    7 :  0.023 0.082 0.099 0.035 0.762 
483 NS_SS1324    (0)    7 :  0.004 0.446 0.479 0.044 0.028 
484 NS_SS1347    (5)    7 :  0.004 0.758 0.033 0.190 0.015 
485 NS_SS1321    (4)    7 :  0.002 0.154 0.049 0.786 0.010 
486 NS_SS1333    (0)    7 :  0.004 0.022 0.165 0.770 0.038 
487 NS_SS1364    (1)    7 :  0.003 0.043 0.861 0.011 0.083 
488 NS_SS1379    (0)    7 :  0.067 0.151 0.029 0.455 0.299 
489 NS_SS1332    (0)    7 :  0.008 0.019 0.952 0.008 0.013 
490 NS_SS1338    (5)    7 :  0.009 0.126 0.119 0.730 0.015 
491 NS_SS1368    (6)    7 :  0.007 0.035 0.746 0.102 0.110 
492 NS_SS1354    (1)    7 :  0.018 0.286 0.048 0.351 0.298 
493 NS_SS1365    (0)    7 :  0.011 0.053 0.126 0.031 0.779 
494 NS_SS1380    (1)    7 :  0.027 0.078 0.005 0.009 0.880 
495 NS_SS1329    (8)    7 :  0.004 0.040 0.330 0.587 0.038 
496 NS_SS1362    (0)    7 :  0.005 0.830 0.030 0.106 0.031 
497 NS_SS1327    (2)    7 :  0.004 0.020 0.960 0.012 0.004 
498 NS_SS1350    (0)    7 :  0.010 0.354 0.016 0.607 0.014 
499 NS_SS1387    (2)    7 :  0.003 0.641 0.034 0.083 0.238 
500 NS_SS1369    (8)    7 :  0.005 0.013 0.834 0.127 0.021 
501 NS_SS1331    (1)    7 :  0.011 0.009 0.305 0.330 0.345 
502 NS_SS1357    (5)    7 :  0.004 0.246 0.168 0.509 0.073 
503 NS_SS1386    (1)    7 :  0.004 0.011 0.962 0.018 0.004 
504 NS_SS1353    (2)    7 :  0.005 0.045 0.092 0.240 0.618 
505 NS_SS1323    (0)    7 :  0.081 0.087 0.013 0.261 0.559 
506 HI_SS0296    (0)    8 :  0.002 0.241 0.628 0.091 0.037 
507 HI_SS0297    (0)    8 :  0.001 0.201 0.371 0.402 0.024 
508 HI_SS0299    (0)    8 :  0.041 0.279 0.532 0.120 0.027 
509 HI_SS0300    (0)    8 :  0.002 0.089 0.663 0.207 0.039 
510 HI_SS0301    (0)    8 :  0.004 0.557 0.154 0.177 0.108 
511 HI_SS0302    (0)    8 :  0.027 0.038 0.909 0.009 0.017 
512 HI_SS0303    (0)    8 :  0.009 0.015 0.914 0.016 0.046 
513 HI_SS0304    (0)    8 :  0.003 0.011 0.041 0.455 0.490 
514 HI_SS0306    (5)    8 :  0.004 0.006 0.977 0.007 0.006 
515 HI_SS0307    (1)    8 :  0.012 0.382 0.012 0.083 0.511 
516 HI_SS0308    (1)    8 :  0.076 0.646 0.044 0.200 0.033 
517 HI_SS0309    (0)    8 :  0.004 0.484 0.012 0.297 0.203 
518 HI_SS0310    (0)    8 :  0.012 0.352 0.285 0.011 0.339 
519 HI_SS0311    (4)    8 :  0.003 0.084 0.272 0.516 0.125 
520 HI_SS0314    (0)    8 :  0.002 0.054 0.041 0.016 0.887 
521 HI_SS0316    (1)    8 :  0.005 0.746 0.071 0.068 0.110 
522 HI_SS0317    (3)    8 :  0.002 0.033 0.023 0.933 0.009 
523 HI_SS0318    (1)    8 :  0.179 0.331 0.234 0.247 0.008 
524 HI_SS0319    (0)    8 :  0.006 0.089 0.886 0.009 0.010 
525 HI_SS0320    (3)    8 :  0.001 0.011 0.006 0.861 0.121 
526 HI_SS0321    (0)    8 :  0.002 0.737 0.029 0.226 0.007 
527 HI_SS0323    (1)    8 :  0.002 0.415 0.327 0.122 0.135 
528 HI_SS0325    (2)    8 :  0.002 0.018 0.933 0.016 0.030 
529 HI_SS0327    (1)    8 :  0.001 0.781 0.171 0.034 0.012 
530 HI_SS0329    (1)    8 :  0.002 0.010 0.149 0.026 0.813 
531 HI_SS0333    (1)    8 :  0.003 0.261 0.213 0.344 0.179 
532 HI_SS0334    (1)    8 :  0.001 0.873 0.022 0.093 0.010 
533 HI_SS0335    (1)    8 :  0.022 0.896 0.007 0.027 0.048 
534 HI_SS0339    (0)    8 :  0.010 0.365 0.025 0.055 0.545 
535 HI_SS0343    (2)    8 :  0.003 0.103 0.025 0.522 0.347 
536 HI_SS0344    (1)    8 :  0.004 0.007 0.975 0.010 0.004 
537 HI_SS0345    (3)    8 :  0.010 0.123 0.240 0.130 0.497 
538 HI_SS0346    (0)    8 :  0.004 0.061 0.369 0.525 0.041 
539 HI_SS0350    (1)    8 :  0.011 0.021 0.006 0.012 0.949 
540 HI_SS0351    (0)    8 :  0.003 0.439 0.095 0.287 0.176 
541 HI_SS0352    (3)    8 :  0.120 0.063 0.037 0.318 0.462 
542 HI_SS0362    (0)    8 :  0.004 0.200 0.667 0.094 0.036 
543 HI_SS0363    (1)    8 :  0.004 0.160 0.747 0.036 0.053 
544 HI_SS0365    (0)    8 :  0.006 0.307 0.144 0.366 0.178 
545 HI_SS0366    (0)    8 :  0.002 0.037 0.901 0.042 0.016 
546 HI_SS0367    (1)    8 :  0.003 0.046 0.007 0.023 0.920 
547 HI_SS0369    (1)    8 :  0.003 0.052 0.014 0.294 0.637 
548 HI_SS0370    (0)    8 :  0.004 0.710 0.030 0.231 0.024 
549 HI_SS0371    (4)    8 :  0.005 0.011 0.928 0.017 0.039 
550 HI_SS0373    (3)    8 :  0.014 0.228 0.117 0.075 0.566 
551 HI_SS0374    (0)    8 :  0.038 0.153 0.015 0.266 0.528 
552 HI_SS0377    (0)    8 :  0.089 0.028 0.362 0.501 0.020 
553 HI_SS0379    (1)    8 :  0.001 0.012 0.972 0.011 0.004 
554 HI_SS0380    (1)    8 :  0.010 0.093 0.014 0.025 0.859 
555 HI_SS0381    (2)    8 :  0.005 0.036 0.016 0.431 0.512 
556 HI_SS0384    (3)    8 :  0.011 0.209 0.282 0.075 0.424 
557 HI_SS0385    (1)    8 :  0.002 0.008 0.735 0.011 0.243 
558 HI_SS0386    (0)    9 :  0.991 0.003 0.002 0.003 0.002 
559 HI_SS0387    (0)    9 :  0.938 0.015 0.016 0.020 0.010 
560 HI_SS0389    (2)    9 :  0.981 0.005 0.005 0.005 0.005 
561 HI_SS0390    (2)    9 :  0.990 0.002 0.003 0.003 0.002 
562 HI_SS0391    (3)    9 :  0.987 0.003 0.002 0.003 0.004 
563 HI_SS0392    (0)    9 :  0.991 0.002 0.002 0.002 0.003 
564 HI_SS0393    (2)    9 :  0.992 0.002 0.002 0.002 0.002 
565 HI_SS0394    (2)    9 :  0.992 0.002 0.002 0.002 0.002 
566 HI_SS0395    (2)    9 :  0.982 0.004 0.004 0.005 0.005 
567 HI_SS0396    (2)    9 :  0.952 0.010 0.012 0.009 0.017 
568 HI_SS0398    (2)    9 :  0.972 0.007 0.007 0.006 0.008 
569 HI_SS0399    (2)    9 :  0.994 0.001 0.002 0.002 0.001 
570 HI_SS0400    (3)    9 :  0.990 0.002 0.002 0.003 0.003 
571 HI_SS0401    (5)    9 :  0.993 0.002 0.002 0.002 0.002 
572 HI_SS0402    (0)    9 :  0.993 0.002 0.002 0.002 0.001 
573 HI_SS0403    (0)    9 :  0.992 0.002 0.002 0.002 0.002 
574 HI_SS0404    (2)    9 :  0.995 0.001 0.001 0.001 0.001 
575 HI_SS0405    (2)    9 :  0.934 0.019 0.011 0.025 0.011 
576 HI_SS0406    (2)    9 :  0.989 0.003 0.003 0.003 0.002 
577 HI_SS0407    (0)    9 :  0.965 0.007 0.007 0.007 0.013 
578 HI_SS0408    (0)    9 :  0.994 0.002 0.002 0.002 0.001 
579 HI_SS0409    (2)    9 :  0.984 0.004 0.004 0.004 0.004 
580 HI_SS0411    (2)    9 :  0.986 0.004 0.004 0.003 0.003 
581 HI_SS0412   (11)    9 :  0.794 0.075 0.021 0.099 0.011 
582 HI_SS0413    (0)    9 :  0.989 0.003 0.003 0.003 0.002 
583 HI_SS0414    (2)    9 :  0.927 0.020 0.011 0.020 0.022 
584 HI_SS0415    (2)    9 :  0.991 0.002 0.003 0.002 0.002 
585 HI_SS0416    (2)    9 :  0.982 0.006 0.005 0.003 0.004 
586 HI_SS0418    (2)    9 :  0.978 0.005 0.004 0.007 0.004 
587 HI_SS0419    (3)    9 :  0.984 0.003 0.004 0.004 0.004 
588 HI_SS0420    (0)    9 :  0.989 0.003 0.004 0.002 0.002 
589 HI_SS0421    (4)    9 :  0.980 0.005 0.005 0.006 0.005 
590 HI_SS0422    (3)    9 :  0.990 0.002 0.002 0.002 0.003 
591 HI_SS0423    (2)    9 :  0.982 0.005 0.004 0.005 0.004 
592 HI_SS0424    (1)    9 :  0.991 0.002 0.002 0.003 0.002 
593 HI_SS0425    (0)    9 :  0.984 0.003 0.003 0.005 0.005 
594 NS_SS1146    (3)   10 :  0.987 0.003 0.004 0.004 0.002 
595 NS_SS1157    (1)   10 :  0.971 0.009 0.006 0.009 0.005 
596 NS_SS1144    (7)   10 :  0.918 0.021 0.027 0.021 0.013 
597 NS_SS1074    (3)   10 :  0.983 0.004 0.005 0.004 0.004 
598 NS_SS1122    (0)   10 :  0.976 0.006 0.006 0.005 0.006 
599 NS_SS1136    (2)   10 :  0.995 0.001 0.001 0.001 0.001 
600 NS_SS1077    (4)   10 :  0.996 0.001 0.001 0.001 0.001 
601 NS_SS1134    (2)   10 :  0.951 0.011 0.011 0.014 0.013 
602 NS_SS1091    (1)   10 :  0.987 0.004 0.002 0.004 0.004 
603 NS_SS1089   (10)   10 :  0.986 0.003 0.005 0.003 0.003 
604 NS_SS1123    (2)   10 :  0.992 0.002 0.002 0.002 0.002 
605 NS_SS1158    (3)   10 :  0.995 0.001 0.001 0.001 0.001 
606 NS_SS1093    (3)   10 :  0.987 0.002 0.004 0.003 0.004 
607 NS_SS1102    (5)   10 :  0.971 0.008 0.006 0.009 0.006 
608 NS_SS1056    (0)   10 :  0.992 0.002 0.002 0.002 0.002 
609 NS_SS1126    (2)   10 :  0.984 0.003 0.004 0.004 0.004 
610 NS_SS1058   (15)   10 :  0.979 0.006 0.005 0.004 0.006 
611 NS_SS1084    (2)   10 :  0.993 0.002 0.001 0.002 0.002 
612 NS_SS1095    (3)   10 :  0.973 0.007 0.008 0.008 0.005 
613 NS_SS1079    (3)   10 :  0.991 0.002 0.002 0.002 0.002 
614 NS_SS1149    (0)   10 :  0.985 0.004 0.004 0.003 0.004 
615 NS_SS1121    (0)   10 :  0.990 0.002 0.002 0.003 0.002 
616 NS_SS1067    (0)   10 :  0.972 0.006 0.005 0.008 0.009 
617 NS_SS1081    (2)   10 :  0.987 0.003 0.004 0.003 0.003 
618 NS_SS1130    (0)   10 :  0.984 0.005 0.004 0.004 0.003 
619 NS_SS1073    (2)   10 :  0.985 0.004 0.003 0.004 0.004 
620 NS_SS1133    (2)   10 :  0.964 0.006 0.005 0.006 0.020 
621 NS_SS1129    (2)   10 :  0.994 0.002 0.002 0.001 0.002 
622 NS_SS1085    (1)   10 :  0.989 0.003 0.003 0.002 0.003 
623 NS_SS1137    (2)   10 :  0.978 0.005 0.005 0.005 0.007 
624 NS_SS1135    (3)   10 :  0.993 0.001 0.002 0.002 0.002 
625 NS_SS1082    (3)   10 :  0.992 0.002 0.002 0.002 0.003 
