   NS_SS0963  1 0.0691 0.0097 0.0135 0.0053 0.4064 0.4960 
   NS_SS0983  1 0.9630 0.0066 0.0067 0.0056 0.0082 0.0099 
   NS_SS0719  1 0.4834 0.0335 0.1138 0.0097 0.0341 0.3255 
   NS_SS1001  1 0.0580 0.1674 0.7006 0.0115 0.0240 0.0385 
   NS_SS0936  1 0.0149 0.0381 0.0430 0.0037 0.8562 0.0442 
   NS_SS0955  1 0.6059 0.0921 0.0443 0.0064 0.1126 0.1386 
   NS_SS0944  1 0.1181 0.5626 0.0171 0.0031 0.2042 0.0949 
   NS_SS0945  1 0.0243 0.8164 0.0887 0.0121 0.0197 0.0388 
   NS_SS0922  1 0.0353 0.0368 0.2195 0.0382 0.1259 0.5444 
   NS_SS0929  1 0.1449 0.2536 0.1286 0.0061 0.4271 0.0397 
   NS_SS0956  1 0.0265 0.0800 0.6158 0.0084 0.0411 0.2283 
   NS_SS0906  1 0.0842 0.0133 0.0240 0.0054 0.8318 0.0412 
   NS_SS0721  1 0.7435 0.0187 0.1413 0.0088 0.0202 0.0675 
   NS_SS0982  1 0.0178 0.0235 0.2405 0.0221 0.6101 0.0861 
   NS_SS0923  1 0.0446 0.0384 0.7984 0.0068 0.0695 0.0424 
   NS_SS0905  1 0.2154 0.0798 0.6634 0.0030 0.0275 0.0109 
   NS_SS0925  1 0.0324 0.0114 0.1375 0.0066 0.7977 0.0145 
   NS_SS0947  1 0.0106 0.0362 0.0362 0.0078 0.8141 0.0951 
   NS_SS0926  1 0.5742 0.3547 0.0354 0.0020 0.0089 0.0247 
   NS_SS0918  1 0.1689 0.0173 0.3598 0.0040 0.0716 0.3784 
   NS_SS0966  1 0.1092 0.1035 0.0832 0.0629 0.4833 0.1579 
   NS_SS0938  1 0.0130 0.0188 0.0235 0.0025 0.0376 0.9046 
   NS_SS0917  1 0.0560 0.0579 0.6020 0.0531 0.0339 0.1970 
   NS_SS0957  1 0.0133 0.0287 0.8179 0.0103 0.0866 0.0432 
   NS_SS0987  1 0.1870 0.0049 0.5604 0.2279 0.0099 0.0098 
   NS_SS0717  1 0.0592 0.0079 0.7433 0.0032 0.1748 0.0116 
   NS_SS0986  1 0.1975 0.0340 0.6118 0.0072 0.0903 0.0591 
   NS_SS0953  1 0.0065 0.0328 0.0190 0.0182 0.9174 0.0061 
   NS_SS0907  1 0.1890 0.0221 0.0593 0.0562 0.6601 0.0133 
   NS_SS0974  1 0.0546 0.7911 0.0217 0.0047 0.0665 0.0613 
   NS_SS0989  1 0.1393 0.2025 0.0521 0.0022 0.0891 0.5147 
   NS_SS0991  1 0.9223 0.0217 0.0237 0.0036 0.0214 0.0073 
   NS_SS0994  1 0.1871 0.7415 0.0063 0.0028 0.0116 0.0507 
   NS_SS0931  1 0.8732 0.0431 0.0334 0.0118 0.0102 0.0283 
   NS_SS1000  1 0.0134 0.0770 0.1573 0.0076 0.7334 0.0113 
   NS_SS0919  1 0.8552 0.0128 0.0159 0.0050 0.0874 0.0237 
   NS_SS0949  1 0.1679 0.7578 0.0110 0.0022 0.0154 0.0458 
   NS_SS0960  1 0.0782 0.1941 0.6202 0.0104 0.0427 0.0544 
   NS_SS0716  1 0.0056 0.0148 0.9550 0.0086 0.0116 0.0043 
   NS_SS0924  1 0.6024 0.0315 0.1919 0.0279 0.0622 0.0841 
   NS_SS0935  1 0.8611 0.0348 0.0627 0.0138 0.0194 0.0080 
   NS_SS0952  1 0.3585 0.0651 0.3568 0.0522 0.1119 0.0555 
   NS_SS0962  1 0.0558 0.0095 0.0862 0.0123 0.2014 0.6348 
   NS_SS0973  1 0.4711 0.0458 0.0173 0.0080 0.4372 0.0206 
   NS_SS0722  1 0.0141 0.0410 0.0511 0.0038 0.8779 0.0121 
   NS_SS0979  1 0.0454 0.0158 0.8479 0.0031 0.0587 0.0291 
   NS_SS0993  1 0.2215 0.0386 0.1222 0.0309 0.3027 0.2841 
   NS_SS0958  1 0.0315 0.1555 0.7404 0.0043 0.0332 0.0351 
   NS_SS0988  1 0.0988 0.0080 0.0488 0.0085 0.4104 0.4255 
   NS_SS1003  1 0.0106 0.0048 0.0121 0.0093 0.0101 0.9530 
   NS_SS0976  1 0.2462 0.0481 0.0332 0.0025 0.0836 0.5864 
   NS_SS0964  1 0.0315 0.2376 0.4937 0.0049 0.2140 0.0184 
   NS_SS0939  1 0.0047 0.0296 0.9040 0.0055 0.0056 0.0504 
   NS_SS0990  1 0.0361 0.0550 0.0844 0.0058 0.0465 0.7722 
   NS_SS0984  1 0.0365 0.0268 0.2634 0.0054 0.0595 0.6084 
   NS_SS0980  1 0.0245 0.2141 0.0321 0.0033 0.7053 0.0208 
   NS_SS0978  1 0.0319 0.5314 0.1139 0.0064 0.2826 0.0339 
   NS_SS0951  1 0.4724 0.0323 0.4220 0.0047 0.0412 0.0274 
   NS_SS0913  1 0.0159 0.0449 0.6795 0.0489 0.0249 0.1858 
   NS_SS1002  1 0.0081 0.0093 0.0216 0.0487 0.7366 0.1758 
   NS_SS0948  1 0.1007 0.0357 0.6941 0.0627 0.0703 0.0366 
   NS_SS0916  1 0.0275 0.0508 0.1207 0.0077 0.0147 0.7786 
   NS_SS0995  1 0.0433 0.0789 0.3509 0.0054 0.0256 0.4959 
   NS_SS0927  1 0.3461 0.2186 0.0444 0.0093 0.0502 0.3313 
   NS_SS0992  1 0.0187 0.5850 0.0202 0.0053 0.2043 0.1665 
   NS_SS0912  1 0.8753 0.0347 0.0615 0.0037 0.0140 0.0108 
   NS_SS0981  1 0.1757 0.0352 0.6132 0.0051 0.0585 0.1122 
   NS_SS0729  2 0.1909 0.6811 0.0092 0.0061 0.0897 0.0230 
   NS_SS0967  2 0.1095 0.0328 0.3290 0.0180 0.3315 0.1792 
   NS_SS0941  2 0.0469 0.1706 0.3672 0.0968 0.1183 0.2002 
   NS_SS0768  2 0.0205 0.0162 0.0469 0.0074 0.8828 0.0262 
   NS_SS0726  2 0.0661 0.0441 0.0083 0.0121 0.0443 0.8251 
   NS_SS0763  2 0.6907 0.0410 0.1250 0.0030 0.0885 0.0518 
   NS_SS0730  2 0.0252 0.0246 0.1333 0.0065 0.0761 0.7343 
   NS_SS0774  2 0.0088 0.1313 0.0628 0.0012 0.7209 0.0750 
   NS_SS0723  2 0.0468 0.0138 0.1480 0.0030 0.6533 0.1351 
   NS_SS0940  2 0.1144 0.2387 0.4036 0.0116 0.0195 0.2121 
   NS_SS0762  2 0.0116 0.1045 0.6686 0.0051 0.1209 0.0893 
   NS_SS0766  2 0.0817 0.1714 0.6582 0.0182 0.0244 0.0460 
   NS_SS0724  2 0.0637 0.0280 0.1989 0.0079 0.6713 0.0301 
   NS_SS0769  2 0.1555 0.0256 0.2939 0.0061 0.3858 0.1332 
   NS_SS0777  2 0.8269 0.0663 0.0316 0.0189 0.0326 0.0237 
   NS_SS0734  2 0.1055 0.5501 0.2334 0.0389 0.0247 0.0474 
   NS_SS0737  2 0.0071 0.0550 0.1502 0.0100 0.2455 0.5322 
   NS_SS0732  2 0.0413 0.0368 0.7631 0.0083 0.0676 0.0829 
   NS_SS0728  2 0.4543 0.1014 0.1820 0.0196 0.0586 0.1841 
   NS_SS0735  2 0.0435 0.0859 0.0222 0.0174 0.7984 0.0326 
   NS_SS0725  2 0.0262 0.2592 0.0634 0.0148 0.1020 0.5343 
   NS_SS0788  2 0.1938 0.0172 0.0467 0.0028 0.4360 0.3034 
   NS_SS0778  2 0.5947 0.1230 0.0204 0.0028 0.0617 0.1974 
   NS_SS0792  2 0.0345 0.1689 0.3633 0.0099 0.2352 0.1881 
   NS_SS0943  2 0.2190 0.1981 0.0324 0.0111 0.5063 0.0331 
   NS_SS0791  2 0.0259 0.0923 0.0557 0.0207 0.0092 0.7962 
   NS_SS0790  2 0.0067 0.0078 0.1208 0.0067 0.8512 0.0068 
   NS_SS0731  2 0.1897 0.0121 0.4547 0.0207 0.3065 0.0164 
   NS_SS0727  2 0.0772 0.8405 0.0372 0.0031 0.0238 0.0182 
   NS_SS0779  2 0.7762 0.0474 0.0524 0.0103 0.0653 0.0484 
   NS_SS0776  2 0.0212 0.7224 0.0308 0.0121 0.1755 0.0380 
   NS_SS0775  2 0.0083 0.1030 0.7829 0.0128 0.0707 0.0222 
   NS_SS0965  3 0.6535 0.0219 0.1356 0.0028 0.1150 0.0712 
   NS_SS0754  3 0.5961 0.2005 0.0652 0.0192 0.0420 0.0771 
   NS_SS0838  3 0.0899 0.0480 0.3382 0.0575 0.0472 0.4193 
   NS_SS0839  3 0.0069 0.0390 0.5468 0.0059 0.3375 0.0640 
   NS_SS0832  3 0.0345 0.0110 0.0341 0.0528 0.8032 0.0644 
   NS_SS0820  3 0.0184 0.0126 0.2306 0.0131 0.1554 0.5699 
   NS_SS0886  3 0.5587 0.1340 0.0855 0.0029 0.0962 0.1227 
   NS_SS0748  3 0.5999 0.0556 0.0987 0.0151 0.2033 0.0274 
   NS_SS0884  3 0.0282 0.2016 0.0436 0.0376 0.5857 0.1033 
   NS_SS0752  3 0.0349 0.2983 0.0897 0.0033 0.4692 0.1046 
   NS_SS0862  3 0.0825 0.0083 0.3004 0.0058 0.1034 0.4996 
   NS_SS0787  3 0.4539 0.4272 0.0245 0.0097 0.0415 0.0431 
   NS_SS0843  3 0.6693 0.0309 0.0691 0.0028 0.2126 0.0153 
   NS_SS0856  3 0.0288 0.1180 0.0297 0.0057 0.1684 0.6494 
   NS_SS0846  3 0.1425 0.0282 0.0222 0.0046 0.7555 0.0471 
   NS_SS0825  3 0.0458 0.0182 0.0376 0.0149 0.1423 0.7412 
   NS_SS0757  3 0.7120 0.0531 0.1035 0.0063 0.0680 0.0571 
   NS_SS0876  3 0.0152 0.4281 0.0255 0.2416 0.1717 0.1178 
   NS_SS0903  3 0.0114 0.0124 0.0118 0.0048 0.9531 0.0065 
   NS_SS0875  3 0.2266 0.0543 0.6489 0.0071 0.0202 0.0430 
   NS_SS0740  3 0.5544 0.0584 0.1458 0.0047 0.2118 0.0248 
   NS_SS0811  3 0.0132 0.0106 0.9418 0.0115 0.0121 0.0108 
   NS_SS0751  3 0.0701 0.1018 0.4860 0.0037 0.0267 0.3117 
   NS_SS0891  3 0.0229 0.0798 0.5681 0.0106 0.2185 0.1002 
   NS_SS0867  3 0.5776 0.0371 0.0152 0.0454 0.3068 0.0179 
   NS_SS0890  3 0.6036 0.0287 0.1987 0.0073 0.0482 0.1134 
   NS_SS0866  3 0.0329 0.8316 0.0195 0.0080 0.0091 0.0989 
   NS_SS0755  3 0.2580 0.0429 0.2151 0.0129 0.2992 0.1719 
   NS_SS0758  3 0.7840 0.0482 0.0394 0.0035 0.0757 0.0491 
   NS_SS0840  3 0.0275 0.0127 0.5815 0.0044 0.1955 0.1784 
   NS_SS0889  3 0.1464 0.7036 0.0554 0.0044 0.0375 0.0526 
   NS_SS1010  3 0.0412 0.0488 0.4070 0.0484 0.3735 0.0810 
   NS_SS0888  3 0.0112 0.9618 0.0096 0.0026 0.0064 0.0084 
   NS_SS0837  3 0.1998 0.0334 0.0917 0.0049 0.5509 0.1193 
   NS_SS0794  3 0.0170 0.9018 0.0506 0.0036 0.0174 0.0096 
   NS_SS0823  3 0.0374 0.1017 0.0134 0.0071 0.5182 0.3222 
   NS_SS0829  3 0.6390 0.0452 0.1283 0.1322 0.0325 0.0228 
   NS_SS0844  3 0.0074 0.0115 0.0138 0.0023 0.9557 0.0093 
   NS_SS1008  3 0.1272 0.6430 0.1043 0.0243 0.0663 0.0347 
   NS_SS0881  3 0.0368 0.1474 0.0609 0.0043 0.0227 0.7278 
   NS_SS0834  3 0.0141 0.0765 0.0219 0.0104 0.6660 0.2112 
   NS_SS0744  3 0.0525 0.0556 0.0435 0.0099 0.5327 0.3059 
   NS_SS0899  3 0.0142 0.0064 0.9023 0.0020 0.0559 0.0192 
   NS_SS0804  3 0.0203 0.0071 0.4188 0.0054 0.3856 0.1628 
   NS_SS0781  3 0.0212 0.0117 0.0985 0.0067 0.7818 0.0801 
   NS_SS0822  3 0.1319 0.7339 0.0120 0.0042 0.0338 0.0842 
   NS_SS1004  3 0.1481 0.0673 0.0310 0.0066 0.6363 0.1107 
   NS_SS0746  3 0.6349 0.1757 0.0849 0.0214 0.0695 0.0135 
   NS_SS0880  3 0.0409 0.0647 0.0170 0.0027 0.0844 0.7904 
   NS_SS0879  3 0.0109 0.3780 0.0345 0.0211 0.5097 0.0458 
   NS_SS0753  3 0.7099 0.1289 0.0587 0.0174 0.0475 0.0376 
   NS_SS1007  3 0.0542 0.0813 0.0348 0.0026 0.0254 0.8017 
   NS_SS0872  3 0.0358 0.0321 0.2155 0.0030 0.5726 0.1410 
   NS_SS1005  3 0.0891 0.0107 0.0393 0.0018 0.8314 0.0278 
   NS_SS0892  3 0.4826 0.0616 0.2933 0.0038 0.0772 0.0814 
   NS_SS0898  3 0.1055 0.5841 0.1684 0.0110 0.0185 0.1125 
   NS_SS0801  3 0.0266 0.0288 0.0479 0.0192 0.8044 0.0731 
   NS_SS0827  3 0.4035 0.0133 0.4293 0.1169 0.0108 0.0262 
   NS_SS0853  3 0.0187 0.0089 0.9541 0.0054 0.0067 0.0063 
   NS_SS0780  3 0.0543 0.0512 0.0403 0.0069 0.4327 0.4145 
   NS_SS0826  3 0.0263 0.0136 0.0066 0.0043 0.8819 0.0674 
   NS_SS0818  3 0.0302 0.0584 0.0469 0.0035 0.3214 0.5396 
   NS_SS0745  3 0.0099 0.1258 0.7521 0.0016 0.0131 0.0976 
   NS_SS0849  3 0.6414 0.0272 0.1826 0.0034 0.0738 0.0716 
   NS_SS0739  3 0.0397 0.0148 0.1460 0.0232 0.0101 0.7662 
   NS_SS0799  3 0.2282 0.4521 0.2579 0.0018 0.0379 0.0220 
   NS_SS0756  3 0.0174 0.0095 0.0977 0.0062 0.8335 0.0357 
   NS_SS0802  3 0.4768 0.1114 0.0608 0.2131 0.0300 0.1080 
   NS_SS0747  3 0.1955 0.0346 0.0484 0.0101 0.6144 0.0970 
   NS_SS0835  3 0.7290 0.1409 0.0265 0.0019 0.0805 0.0211 
   NS_SS0742  3 0.0481 0.0525 0.0653 0.0019 0.0595 0.7726 
   NS_SS0760  3 0.5758 0.2545 0.0533 0.0556 0.0189 0.0420 
   NS_SS0803  3 0.0071 0.0126 0.0091 0.0098 0.9552 0.0062 
   NS_SS0828  3 0.6367 0.0268 0.1810 0.0021 0.0458 0.1076 
   NS_SS0865  3 0.0858 0.0576 0.1025 0.0372 0.1620 0.5550 
   NS_SS0759  3 0.1279 0.0337 0.1489 0.0075 0.0522 0.6298 
   NS_SS0851  3 0.0056 0.0125 0.8888 0.0218 0.0314 0.0400 
   NS_SS0874  3 0.0219 0.0144 0.0329 0.0026 0.9114 0.0169 
   NS_SS0761  3 0.7490 0.0358 0.0885 0.0043 0.0545 0.0680 
   NS_SS0842  3 0.0830 0.0872 0.6394 0.0131 0.1307 0.0465 
   NS_SS0785  3 0.0949 0.3617 0.0342 0.0110 0.4673 0.0310 
   NS_SS0860  3 0.5838 0.1976 0.0824 0.0039 0.0404 0.0918 
   NS_SS0897  3 0.0495 0.9032 0.0188 0.0030 0.0143 0.0112 
   NS_SS0841  3 0.0068 0.0181 0.9291 0.0058 0.0187 0.0215 
   NS_SS0797  3 0.3475 0.0559 0.2045 0.0292 0.0166 0.3463 
   NS_SS0830  3 0.0559 0.1985 0.1837 0.0028 0.0864 0.4727 
   NS_SS1011  3 0.0143 0.0079 0.0125 0.0089 0.4606 0.4958 
   NS_SS0883  3 0.0441 0.0308 0.8863 0.0096 0.0108 0.0184 
   NS_SS0782  3 0.0148 0.9012 0.0177 0.0047 0.0382 0.0234 
   NS_SS0831  3 0.6335 0.0619 0.2552 0.0048 0.0237 0.0209 
   NS_SS0749  3 0.3303 0.0891 0.2542 0.0074 0.0268 0.2921 
   NS_SS0854  3 0.0366 0.5946 0.0685 0.0067 0.0504 0.2432 
   HI_SS0193  4 0.0119 0.7654 0.0226 0.0022 0.0059 0.1920 
   HI_SS0194  4 0.0177 0.0318 0.0108 0.0028 0.6636 0.2734 
   HI_SS0195  4 0.0187 0.0108 0.3428 0.1333 0.0557 0.4387 
   HI_SS0196  4 0.0193 0.8252 0.0527 0.0044 0.0837 0.0148 
   HI_SS0197  4 0.0093 0.0135 0.0181 0.0145 0.0149 0.9297 
   HI_SS0198  4 0.0822 0.0296 0.5657 0.0124 0.0279 0.2822 
   HI_SS0199  4 0.0982 0.6792 0.0210 0.0046 0.0428 0.1542 
   HI_SS0201  4 0.9101 0.0221 0.0123 0.0039 0.0313 0.0203 
   HI_SS0215  4 0.8160 0.0133 0.0141 0.0041 0.1310 0.0216 
   HI_SS0218  4 0.0131 0.9486 0.0138 0.0111 0.0043 0.0092 
   HI_SS0222  4 0.1525 0.0602 0.3196 0.0064 0.0687 0.3925 
   HI_SS0230  4 0.0901 0.0140 0.7728 0.0079 0.0540 0.0611 
   HI_SS0234  4 0.0153 0.0609 0.0166 0.1495 0.7419 0.0158 
   HI_SS0240  4 0.0325 0.4063 0.0544 0.0155 0.2868 0.2046 
   HI_SS0241  4 0.5159 0.3158 0.0387 0.0034 0.0603 0.0659 
   HI_SS0242  4 0.5515 0.1306 0.0699 0.0049 0.0635 0.1796 
   HI_SS0247  4 0.0155 0.0204 0.0381 0.0253 0.8471 0.0537 
   HI_SS0248  4 0.1786 0.7946 0.0056 0.0010 0.0153 0.0050 
   HI_SS0252  4 0.0586 0.0778 0.1654 0.0041 0.4290 0.2651 
   HI_SS0254  4 0.4709 0.1787 0.0187 0.1028 0.0174 0.2113 
   HI_SS0256  4 0.0050 0.0095 0.0234 0.0028 0.9463 0.0131 
   HI_SS0257  4 0.1228 0.1987 0.0250 0.0057 0.4842 0.1635 
   HI_SS0258  4 0.0730 0.8692 0.0164 0.0058 0.0176 0.0180 
   HI_SS0259  4 0.0194 0.0214 0.0385 0.0040 0.0949 0.8217 
   HI_SS0260  4 0.0857 0.6669 0.0834 0.0019 0.1428 0.0194 
   HI_SS0261  4 0.1037 0.5917 0.0158 0.0060 0.1921 0.0907 
   HI_SS0262  4 0.0186 0.0221 0.1564 0.0096 0.1022 0.6910 
   HI_SS0264  4 0.0225 0.0153 0.5393 0.0068 0.3762 0.0399 
   HI_SS0265  4 0.0962 0.0155 0.1802 0.1189 0.1612 0.4280 
   HI_SS0268  4 0.0846 0.0233 0.6265 0.0057 0.0234 0.2365 
   HI_SS0269  4 0.0529 0.6672 0.0073 0.0023 0.1070 0.1632 
   HI_SS0273  4 0.0556 0.8153 0.0125 0.0028 0.0399 0.0739 
   HI_SS0277  4 0.0160 0.0139 0.0185 0.0029 0.0344 0.9143 
   HI_SS0280  4 0.0349 0.2517 0.3816 0.0089 0.0253 0.2976 
   HI_SS0282  4 0.0906 0.6658 0.0159 0.0021 0.1644 0.0612 
   HI_SS0286  4 0.5422 0.0493 0.0677 0.0131 0.2172 0.1105 
   NS_SS1252  5 0.7599 0.1754 0.0275 0.0064 0.0105 0.0203 
   NS_SS1261  5 0.0408 0.0366 0.4360 0.0287 0.0767 0.3812 
   NS_SS1225  5 0.1082 0.0079 0.0150 0.0893 0.6898 0.0899 
   NS_SS1266  5 0.0092 0.0058 0.0346 0.0133 0.8966 0.0406 
   NS_SS1228  5 0.0099 0.0134 0.4910 0.0153 0.0151 0.4554 
   NS_SS1255  5 0.0080 0.8990 0.0199 0.0023 0.0433 0.0276 
   NS_SS1267  5 0.8724 0.0569 0.0253 0.0191 0.0100 0.0164 
   NS_SS1238  5 0.0478 0.1265 0.1503 0.0047 0.0274 0.6434 
   NS_SS1233  5 0.0319 0.0204 0.6549 0.0033 0.0790 0.2104 
   NS_SS1277  5 0.0217 0.9415 0.0157 0.0018 0.0088 0.0106 
   NS_SS1245  5 0.8523 0.0334 0.0237 0.0028 0.0684 0.0193 
   NS_SS1240  5 0.8864 0.0761 0.0096 0.0032 0.0122 0.0125 
   NS_SS1275  5 0.0047 0.0083 0.0326 0.0042 0.0836 0.8668 
   NS_SS1235  5 0.0146 0.0536 0.0072 0.0084 0.8894 0.0268 
   NS_SS1263  5 0.0261 0.0257 0.0275 0.0020 0.8993 0.0194 
   NS_SS1251  5 0.0371 0.0187 0.0289 0.0023 0.8952 0.0179 
   NS_SS1248  5 0.4069 0.0283 0.4024 0.1084 0.0132 0.0409 
   NS_SS1244  5 0.0162 0.0387 0.0108 0.0078 0.0781 0.8483 
   NS_SS1257  5 0.0993 0.6749 0.0969 0.0537 0.0397 0.0355 
   NS_SS1242  5 0.0109 0.0157 0.5134 0.0052 0.4187 0.0360 
   NS_SS1271  5 0.7195 0.1078 0.0190 0.0397 0.0283 0.0858 
   NS_SS1265  5 0.2425 0.6325 0.0365 0.0345 0.0381 0.0159 
   NS_SS1243  5 0.0271 0.2478 0.5367 0.1109 0.0138 0.0636 
   NS_SS1273  5 0.0076 0.2247 0.6736 0.0140 0.0517 0.0284 
   NS_SS1254  5 0.0219 0.0159 0.7194 0.0098 0.2189 0.0142 
   NS_SS1224  5 0.0326 0.0258 0.0950 0.0117 0.7970 0.0379 
   NS_SS1227  5 0.7495 0.0926 0.1074 0.0034 0.0196 0.0275 
   NS_SS1274  5 0.2661 0.0470 0.4565 0.0235 0.1642 0.0426 
   NS_SS1241  5 0.0483 0.7959 0.0590 0.0019 0.0699 0.0250 
   NS_SS1256  5 0.0616 0.0289 0.0577 0.0546 0.7432 0.0540 
   NS_SS1260  5 0.2395 0.2639 0.0992 0.0918 0.2755 0.0301 
   NS_SS1262  5 0.0463 0.1157 0.0409 0.1708 0.5160 0.1104 
   NS_SS1230  5 0.0145 0.9069 0.0324 0.0106 0.0238 0.0118 
   NS_SS1270  5 0.1578 0.0142 0.0241 0.0034 0.6135 0.1870 
   NS_SS1229  5 0.0519 0.0384 0.0084 0.0069 0.7615 0.1328 
   NS_SS1246  5 0.3679 0.0409 0.0097 0.0036 0.0623 0.5156 
   NS_SS1269  5 0.2348 0.2765 0.2089 0.0039 0.0606 0.2154 
   NS_SS1239  5 0.0519 0.1046 0.1661 0.0085 0.0754 0.5934 
   NS_SS1272  5 0.0247 0.0109 0.0187 0.0089 0.3361 0.6006 
   NS_SS1268  5 0.3319 0.0751 0.3210 0.0047 0.2158 0.0515 
   NS_SS1249  5 0.0162 0.9311 0.0097 0.0197 0.0154 0.0080 
   HI_SS0559  6 0.1077 0.4232 0.0626 0.0037 0.3882 0.0146 
   HI_SS0563  6 0.1755 0.0317 0.2130 0.0058 0.4230 0.1510 
   HI_SS0564  6 0.1683 0.0106 0.0272 0.0640 0.0584 0.6716 
   HI_SS0565  6 0.6705 0.0332 0.0573 0.0052 0.2027 0.0311 
   HI_SS0569  6 0.9495 0.0116 0.0146 0.0031 0.0089 0.0124 
   HI_SS0570  6 0.0980 0.6656 0.0191 0.0611 0.0223 0.1339 
   HI_SS0572  6 0.0163 0.1208 0.0181 0.0042 0.8278 0.0128 
   HI_SS0576  6 0.0322 0.0434 0.3436 0.0102 0.0728 0.4977 
   HI_SS0579  6 0.2130 0.0285 0.0096 0.0211 0.7163 0.0115 
   HI_SS0580  6 0.0554 0.3204 0.5232 0.0077 0.0785 0.0148 
   HI_SS0581  6 0.0164 0.0153 0.0358 0.0716 0.0211 0.8399 
   HI_SS0583  6 0.7791 0.0173 0.1576 0.0029 0.0197 0.0232 
   HI_SS0586  6 0.9210 0.0203 0.0385 0.0014 0.0090 0.0099 
   HI_SS0588  6 0.6882 0.2116 0.0293 0.0274 0.0341 0.0094 
   HI_SS0595  6 0.0344 0.2395 0.0572 0.0470 0.0849 0.5369 
   HI_SS0596  6 0.0083 0.4095 0.0272 0.0039 0.5123 0.0388 
   HI_SS0597  6 0.0499 0.0189 0.0385 0.0036 0.7559 0.1333 
   HI_SS0600  6 0.0873 0.0632 0.0106 0.0047 0.0578 0.7765 
   HI_SS0601  6 0.3147 0.0071 0.0396 0.0145 0.6016 0.0225 
   HI_SS0602  6 0.6310 0.0156 0.3146 0.0040 0.0234 0.0114 
   HI_SS0604  6 0.6355 0.0256 0.1876 0.0039 0.1363 0.0111 
   HI_SS0605  6 0.6935 0.1988 0.0573 0.0122 0.0217 0.0166 
   HI_SS0608  6 0.0167 0.0757 0.8693 0.0017 0.0070 0.0296 
   HI_SS0609  6 0.0362 0.0762 0.1161 0.0013 0.6911 0.0791 
   HI_SS0611  6 0.1908 0.4795 0.2710 0.0050 0.0311 0.0226 
   HI_SS0612  6 0.0125 0.1980 0.0081 0.0113 0.7372 0.0329 
   HI_SS0613  6 0.4237 0.0284 0.3473 0.0024 0.1677 0.0305 
   HI_SS0615  6 0.0322 0.0353 0.1005 0.0176 0.0705 0.7439 
   HI_SS0001  6 0.0145 0.7533 0.0288 0.0068 0.0673 0.1292 
   HI_SS0002  6 0.0301 0.0313 0.2727 0.0410 0.5697 0.0552 
   HI_SS0004  6 0.0514 0.8317 0.0607 0.0105 0.0209 0.0249 
   HI_SS0005  6 0.0285 0.0264 0.5106 0.0075 0.0156 0.4113 
   HI_SS0006  6 0.5288 0.0273 0.0103 0.0020 0.2250 0.2066 
   HI_SS0007  6 0.0234 0.9281 0.0293 0.0034 0.0075 0.0083 
   HI_SS0008  6 0.7668 0.0226 0.0217 0.0546 0.0737 0.0605 
   HI_SS0009  6 0.0366 0.0937 0.7990 0.0075 0.0372 0.0260 
   HI_SS0010  6 0.1796 0.2824 0.4000 0.0065 0.0150 0.1166 
   HI_SS0011  6 0.0154 0.0182 0.1049 0.1069 0.5059 0.2487 
   HI_SS0012  6 0.0656 0.0112 0.4743 0.0083 0.1949 0.2456 
   HI_SS0017  6 0.0096 0.6392 0.0315 0.0030 0.2463 0.0703 
   HI_SS0021  6 0.2398 0.4301 0.0361 0.2516 0.0118 0.0306 
   HI_SS0024  6 0.0320 0.0313 0.1668 0.0030 0.0201 0.7468 
   HI_SS0025  6 0.0380 0.0460 0.8032 0.0054 0.0473 0.0600 
   HI_SS0027  6 0.6405 0.2532 0.0286 0.0246 0.0146 0.0384 
   HI_SS0028  6 0.0182 0.0080 0.9306 0.0023 0.0101 0.0308 
   HI_SS0029  6 0.0303 0.1185 0.5963 0.0125 0.0702 0.1721 
   HI_SS0030  6 0.5459 0.0432 0.0118 0.0087 0.0577 0.3328 
   HI_SS0031  6 0.1224 0.0183 0.5101 0.0057 0.1534 0.1901 
   HI_SS0034  6 0.7293 0.1913 0.0087 0.0091 0.0507 0.0110 
   HI_SS0036  6 0.0990 0.0760 0.2549 0.0180 0.0060 0.5461 
   HI_SS0037  6 0.0204 0.0264 0.9270 0.0062 0.0125 0.0075 
   HI_SS0039  6 0.4175 0.2139 0.1736 0.0053 0.0320 0.1577 
   HI_SS0041  6 0.0202 0.0156 0.3635 0.0036 0.0208 0.5762 
   HI_SS0042  6 0.0155 0.0653 0.2555 0.1207 0.1691 0.3739 
   HI_SS0043  6 0.5947 0.1765 0.0198 0.0042 0.0081 0.1968 
   HI_SS0044  6 0.0255 0.8624 0.0616 0.0050 0.0234 0.0221 
   HI_SS0047  6 0.0522 0.3461 0.0666 0.0042 0.4225 0.1083 
   HI_SS0049  6 0.0225 0.3369 0.4823 0.0086 0.0505 0.0992 
   HI_SS0051  6 0.3231 0.0159 0.4474 0.0036 0.1846 0.0255 
   HI_SS0053  6 0.7945 0.0752 0.0073 0.0068 0.0112 0.1050 
   HI_SS0054  6 0.8994 0.0153 0.0095 0.0059 0.0203 0.0495 
   HI_SS0057  6 0.0236 0.0720 0.0178 0.0054 0.0301 0.8511 
   HI_SS0058  6 0.0531 0.2335 0.1066 0.0101 0.5873 0.0094 
   HI_SS0060  6 0.1145 0.0113 0.0203 0.0878 0.0513 0.7148 
   HI_SS0087  6 0.8211 0.0073 0.0138 0.0040 0.0965 0.0573 
   HI_SS0091  6 0.4848 0.0207 0.0146 0.0015 0.0506 0.4277 
   HI_SS0095  6 0.2625 0.0377 0.0249 0.0636 0.3797 0.2316 
   HI_SS0097  6 0.0296 0.0130 0.0247 0.0068 0.9106 0.0152 
   HI_SS0099  6 0.0365 0.0122 0.9060 0.0070 0.0230 0.0152 
   HI_SS0103  6 0.0205 0.1783 0.0117 0.0040 0.6447 0.1409 
   HI_SS0105  6 0.0297 0.0194 0.0245 0.0411 0.0826 0.8027 
   HI_SS0107  6 0.0087 0.0108 0.0103 0.0021 0.9311 0.0370 
   HI_SS0108  6 0.4104 0.4336 0.0102 0.0378 0.0148 0.0932 
   HI_SS0110  6 0.0179 0.1315 0.0100 0.0018 0.0792 0.7597 
   HI_SS0111  6 0.1740 0.0697 0.0675 0.0434 0.1101 0.5353 
   HI_SS0112  6 0.0835 0.8436 0.0416 0.0018 0.0078 0.0217 
   HI_SS0113  6 0.0236 0.0385 0.0360 0.0057 0.6496 0.2467 
   HI_SS0114  6 0.9156 0.0126 0.0203 0.0074 0.0183 0.0259 
   HI_SS0115  6 0.0582 0.3193 0.2520 0.0272 0.3292 0.0140 
   HI_SS0116  6 0.2460 0.3055 0.3332 0.0062 0.0953 0.0138 
   HI_SS0117  6 0.0577 0.1159 0.0137 0.0029 0.7332 0.0765 
   HI_SS0118  6 0.1404 0.5780 0.0622 0.0188 0.1623 0.0383 
   HI_SS0119  6 0.0494 0.1785 0.0190 0.0030 0.0741 0.6760 
   HI_SS0120  6 0.0071 0.0376 0.0089 0.0056 0.1027 0.8380 
   HI_SS0121  6 0.0215 0.0058 0.0607 0.0025 0.0380 0.8715 
   HI_SS0122  6 0.0102 0.0248 0.0371 0.0212 0.0176 0.8890 
   HI_SS0123  6 0.1213 0.0200 0.0197 0.0108 0.2255 0.6027 
   HI_SS0124  6 0.0100 0.2278 0.4681 0.0043 0.1780 0.1119 
   HI_SS0125  6 0.0226 0.0333 0.1037 0.0443 0.0105 0.7857 
   HI_SS0126  6 0.0378 0.9184 0.0134 0.0013 0.0088 0.0203 
   HI_SS0127  6 0.8678 0.0198 0.0582 0.0141 0.0202 0.0200 
   HI_SS0128  6 0.3230 0.0437 0.1776 0.0047 0.2423 0.2087 
   HI_SS0129  6 0.5066 0.0878 0.0943 0.0149 0.0222 0.2741 
   HI_SS0131  6 0.0355 0.0247 0.8383 0.0446 0.0441 0.0128 
   HI_SS0132  6 0.0228 0.1100 0.0516 0.0011 0.0285 0.7860 
   HI_SS0133  6 0.0384 0.9143 0.0074 0.0015 0.0042 0.0342 
   HI_SS0134  6 0.1449 0.2364 0.1882 0.0033 0.3124 0.1147 
   HI_SS0142  6 0.1092 0.0181 0.2530 0.0285 0.4091 0.1821 
   HI_SS0145  6 0.0591 0.2316 0.0173 0.0023 0.6776 0.0121 
   HI_SS0146  6 0.3007 0.6147 0.0469 0.0021 0.0165 0.0191 
   HI_SS0147  6 0.0104 0.0164 0.1907 0.0306 0.6749 0.0770 
   HI_SS0149  6 0.0079 0.0141 0.0147 0.0055 0.0107 0.9472 
   HI_SS0150  6 0.0653 0.0333 0.4185 0.0095 0.0295 0.4439 
   HI_SS0151  6 0.3764 0.3175 0.0358 0.0287 0.1139 0.1276 
   NS_SS1451  6 0.0145 0.2118 0.0977 0.0055 0.1873 0.4833 
   NS_SS1404  6 0.0193 0.0615 0.4650 0.0180 0.1687 0.2676 
   NS_SS1432  6 0.0089 0.0538 0.0274 0.0397 0.0081 0.8621 
   NS_SS1405  6 0.0200 0.6436 0.0509 0.0052 0.2643 0.0161 
   NS_SS1431  6 0.0365 0.0242 0.1253 0.0017 0.0367 0.7755 
   NS_SS1402  6 0.0378 0.0113 0.0317 0.0043 0.8337 0.0811 
   NS_SS1450  6 0.0171 0.8585 0.0238 0.0068 0.0156 0.0781 
   NS_SS1396  6 0.0521 0.0470 0.5199 0.0099 0.0994 0.2717 
   NS_SS1393  6 0.2532 0.0245 0.6250 0.0056 0.0260 0.0657 
   NS_SS1392  6 0.0217 0.1803 0.2456 0.0337 0.0234 0.4952 
   NS_SS1445  6 0.9045 0.0210 0.0154 0.0145 0.0140 0.0307 
   NS_SS1423  6 0.1045 0.1367 0.0179 0.0027 0.2686 0.4696 
   NS_SS1421  6 0.0307 0.2513 0.0372 0.0828 0.0231 0.5749 
   NS_SS1411  6 0.8526 0.0879 0.0240 0.0027 0.0091 0.0236 
   NS_SS1453  6 0.0391 0.0561 0.3041 0.0086 0.0255 0.5666 
   NS_SS1442  6 0.7476 0.0499 0.0192 0.0065 0.1629 0.0139 
   NS_SS1422  6 0.0142 0.0240 0.0090 0.0168 0.9109 0.0251 
   NS_SS1419  6 0.0326 0.0099 0.7582 0.1524 0.0168 0.0301 
   NS_SS1427  6 0.0371 0.9312 0.0064 0.0029 0.0084 0.0140 
   NS_SS1444  6 0.0414 0.0864 0.7576 0.0058 0.0902 0.0186 
   NS_SS1455  6 0.0126 0.0188 0.1301 0.0019 0.7907 0.0459 
   NS_SS1425  6 0.6420 0.2504 0.0404 0.0033 0.0120 0.0520 
   NS_SS1400  6 0.2152 0.7295 0.0222 0.0019 0.0210 0.0103 
   NS_SS1406  6 0.0217 0.0087 0.2774 0.0168 0.5850 0.0904 
   NS_SS1417  6 0.0180 0.0192 0.0191 0.0097 0.8715 0.0625 
   NS_SS1454  6 0.1578 0.1446 0.1379 0.0020 0.0384 0.5194 
   NS_SS1412  6 0.0760 0.4750 0.0435 0.0387 0.3197 0.0471 
   NS_SS1438  6 0.9074 0.0205 0.0130 0.0019 0.0439 0.0133 
   NS_SS1416  6 0.0468 0.0158 0.3490 0.0095 0.2983 0.2807 
   NS_SS1401  6 0.0240 0.0278 0.1114 0.0193 0.0867 0.7308 
   NS_SS1424  6 0.0801 0.1311 0.0148 0.0160 0.6630 0.0951 
   NS_SS1435  6 0.1298 0.6819 0.0743 0.0048 0.0210 0.0882 
   NS_SS1447  6 0.1360 0.0267 0.3526 0.0113 0.3948 0.0786 
   NS_SS1414  6 0.0742 0.0083 0.5620 0.0122 0.3267 0.0166 
   NS_SS1449  6 0.0103 0.0161 0.0163 0.0049 0.2359 0.7165 
   NS_SS1443  6 0.1603 0.7703 0.0073 0.0031 0.0360 0.0230 
   NS_SS1434  6 0.0086 0.9341 0.0092 0.0013 0.0352 0.0116 
   NS_SS1398  6 0.0435 0.1569 0.4742 0.0279 0.0104 0.2871 
   NS_SS1426  6 0.9042 0.0372 0.0149 0.0036 0.0164 0.0237 
   NS_SS1413  6 0.0127 0.9402 0.0097 0.0152 0.0107 0.0115 
   NS_SS1395  6 0.7506 0.0492 0.0458 0.0152 0.0121 0.1271 
   NS_SS1448  6 0.0135 0.8873 0.0335 0.0035 0.0128 0.0494 
   NS_SS1446  6 0.0610 0.3200 0.0328 0.0050 0.3264 0.2547 
   NS_SS1403  6 0.2072 0.0072 0.5924 0.0096 0.0390 0.1446 
   NS_SS1415  6 0.6353 0.2103 0.0908 0.0147 0.0200 0.0289 
   NS_SS1437  6 0.2191 0.0179 0.3368 0.0135 0.2641 0.1485 
   NS_SS1439  6 0.0408 0.0229 0.0182 0.0044 0.9032 0.0105 
   NS_SS1441  6 0.0292 0.5000 0.3859 0.0039 0.0366 0.0444 
   NS_SS1420  6 0.0084 0.0182 0.9282 0.0046 0.0153 0.0254 
   NS_SS1394  6 0.0762 0.0086 0.7467 0.0488 0.0268 0.0928 
   NS_SS1391  6 0.0807 0.6930 0.0706 0.0278 0.1058 0.0221 
   NS_SS1410  6 0.0914 0.0345 0.3265 0.0242 0.0415 0.4818 
   NS_SS1408  6 0.1811 0.0520 0.1209 0.0597 0.3279 0.2584 
   NS_SS1409  6 0.0799 0.3596 0.1133 0.0043 0.1852 0.2577 
   HI_SS0617  7 0.0125 0.2998 0.0370 0.0018 0.4242 0.2248 
   HI_SS0618  7 0.0554 0.0214 0.7512 0.0034 0.0773 0.0913 
   HI_SS0619  7 0.0140 0.6152 0.3178 0.0062 0.0202 0.0266 
   HI_SS0620  7 0.0398 0.9153 0.0069 0.0040 0.0158 0.0181 
   HI_SS0621  7 0.0257 0.1427 0.1645 0.0283 0.4949 0.1440 
   HI_SS0622  7 0.0205 0.5349 0.0785 0.0214 0.3241 0.0206 
   HI_SS0626  7 0.1083 0.0358 0.4998 0.0146 0.0143 0.3270 
   HI_SS0627  7 0.0171 0.0175 0.0273 0.0110 0.0503 0.8767 
   HI_SS0628  7 0.0934 0.0826 0.0490 0.0563 0.0126 0.7061 
   HI_SS0629  7 0.3368 0.0968 0.1833 0.0115 0.1494 0.2223 
   HI_SS0630  7 0.2881 0.4089 0.1682 0.0795 0.0283 0.0270 
   HI_SS0631  7 0.2375 0.5176 0.1939 0.0013 0.0214 0.0282 
   HI_SS0632  7 0.1990 0.0435 0.6388 0.0060 0.0318 0.0810 
   HI_SS0633  7 0.0130 0.2842 0.4373 0.0046 0.2267 0.0341 
   HI_SS0634  7 0.0134 0.0647 0.0319 0.0034 0.0134 0.8732 
   HI_SS0635  7 0.1732 0.0145 0.5830 0.0142 0.1921 0.0231 
   HI_SS0637  7 0.4964 0.0204 0.0968 0.0052 0.3377 0.0436 
   HI_SS0638  7 0.0264 0.8851 0.0309 0.0018 0.0288 0.0270 
   HI_SS0639  7 0.1305 0.0257 0.0699 0.0661 0.1500 0.5578 
   HI_SS0640  7 0.9502 0.0125 0.0128 0.0025 0.0123 0.0097 
   HI_SS0641  7 0.1555 0.2159 0.5984 0.0087 0.0109 0.0106 
   HI_SS0642  7 0.0133 0.0069 0.0097 0.0033 0.0103 0.9565 
   HI_SS0645  7 0.0081 0.0157 0.9389 0.0014 0.0144 0.0214 
   HI_SS0646  7 0.0884 0.2814 0.0189 0.0041 0.5600 0.0471 
   HI_SS0647  7 0.0379 0.2171 0.4207 0.0016 0.0214 0.3013 
   HI_SS0648  7 0.0680 0.0948 0.5329 0.0046 0.2235 0.0763 
   HI_SS0649  7 0.1267 0.0215 0.6407 0.0036 0.1698 0.0378 
   HI_SS0650  7 0.0595 0.3543 0.0494 0.0078 0.3140 0.2151 
   HI_SS0651  7 0.1147 0.0307 0.0989 0.0080 0.7250 0.0227 
   HI_SS0652  7 0.0116 0.0829 0.8728 0.0061 0.0110 0.0156 
   NS_SS1371  7 0.5548 0.0980 0.0608 0.0117 0.2065 0.0683 
   NS_SS1374  7 0.1325 0.2402 0.0315 0.0059 0.0142 0.5757 
   NS_SS1337  7 0.0088 0.0150 0.0240 0.0039 0.0223 0.9259 
   NS_SS1385  7 0.0229 0.0395 0.0225 0.0061 0.8942 0.0147 
   NS_SS1388  7 0.0758 0.0688 0.8127 0.0125 0.0141 0.0160 
   NS_SS1370  7 0.0206 0.0088 0.2032 0.0137 0.0134 0.7404 
   NS_SS1389  7 0.0262 0.0133 0.9243 0.0045 0.0238 0.0078 
   NS_SS1360  7 0.8220 0.0375 0.0765 0.0081 0.0324 0.0235 
   NS_SS1330  7 0.0277 0.0115 0.1372 0.0075 0.7988 0.0174 
   NS_SS1328  7 0.0132 0.9432 0.0058 0.0029 0.0114 0.0235 
   NS_SS1384  7 0.7867 0.0247 0.0272 0.0063 0.1231 0.0319 
   NS_SS1381  7 0.0177 0.0719 0.0140 0.0019 0.8078 0.0867 
   NS_SS1375  7 0.0329 0.1764 0.5428 0.0022 0.0153 0.2304 
   NS_SS1319  7 0.0579 0.0420 0.0293 0.0988 0.0220 0.7500 
   NS_SS1326  7 0.0257 0.9030 0.0125 0.0176 0.0084 0.0329 
   NS_SS1341  7 0.1507 0.0171 0.0624 0.0062 0.0286 0.7351 
   NS_SS1383  7 0.1124 0.0081 0.0070 0.0082 0.0114 0.8530 
   NS_SS1318  7 0.1531 0.1448 0.3679 0.0245 0.1976 0.1121 
   NS_SS1348  7 0.9226 0.0384 0.0136 0.0025 0.0122 0.0107 
   NS_SS1363  7 0.0350 0.2067 0.1314 0.0088 0.5151 0.1029 
   NS_SS1335  7 0.5355 0.0678 0.2491 0.0462 0.0205 0.0808 
   NS_SS1358  7 0.1007 0.0416 0.0179 0.0249 0.3087 0.5062 
   NS_SS1342  7 0.0506 0.3764 0.0133 0.0025 0.3500 0.2071 
   NS_SS1320  7 0.0042 0.1066 0.0790 0.0117 0.5331 0.2655 
   NS_SS1355  7 0.6161 0.0136 0.1261 0.0245 0.1881 0.0315 
   NS_SS1345  7 0.0487 0.0102 0.0094 0.0214 0.8980 0.0123 
   NS_SS1324  7 0.2515 0.4374 0.1343 0.0057 0.0305 0.1407 
   NS_SS1347  7 0.2359 0.1003 0.0439 0.0065 0.5363 0.0771 
   NS_SS1321  7 0.0225 0.1270 0.0332 0.0022 0.0185 0.7966 
   NS_SS1333  7 0.0148 0.1984 0.0329 0.0050 0.0081 0.7408 
   NS_SS1364  7 0.8992 0.0104 0.0120 0.0037 0.0630 0.0117 
   NS_SS1379  7 0.2463 0.1047 0.0738 0.0749 0.4275 0.0728 
   NS_SS1332  7 0.3075 0.6348 0.0247 0.0106 0.0114 0.0109 
   NS_SS1338  7 0.7711 0.0120 0.0734 0.0088 0.0206 0.1142 
   NS_SS1368  7 0.2555 0.4680 0.0216 0.0108 0.2049 0.0391 
   NS_SS1354  7 0.0260 0.0239 0.0350 0.0178 0.7962 0.1010 
   NS_SS1365  7 0.0331 0.7031 0.0972 0.0155 0.1134 0.0376 
   NS_SS1380  7 0.0111 0.0105 0.1187 0.0244 0.8176 0.0177 
   NS_SS1329  7 0.0862 0.3422 0.0201 0.0051 0.3553 0.1912 
   NS_SS1362  7 0.2057 0.0173 0.0106 0.0065 0.7257 0.0341 
   NS_SS1327  7 0.8395 0.1278 0.0111 0.0049 0.0053 0.0115 
   NS_SS1350  7 0.0485 0.7195 0.0188 0.0163 0.0424 0.1545 
   NS_SS1387  7 0.0653 0.0163 0.8824 0.0050 0.0180 0.0130 
   NS_SS1369  7 0.5962 0.0275 0.0134 0.0049 0.0266 0.3314 
   NS_SS1331  7 0.0234 0.0360 0.2448 0.0144 0.0078 0.6737 
   NS_SS1357  7 0.0120 0.8139 0.0210 0.0057 0.0398 0.1076 
   NS_SS1386  7 0.4393 0.1347 0.0242 0.0050 0.0310 0.3658 
   NS_SS1353  7 0.0264 0.5934 0.1416 0.0065 0.1323 0.0997 
   NS_SS1323  7 0.0511 0.0453 0.1391 0.1079 0.0859 0.5707 
   HI_SS0296  8 0.0426 0.7110 0.1947 0.0024 0.0188 0.0306 
   HI_SS0297  8 0.0276 0.0423 0.0969 0.0014 0.0714 0.7604 
   HI_SS0299  8 0.4737 0.0122 0.0982 0.0446 0.1543 0.2171 
   HI_SS0300  8 0.9064 0.0230 0.0152 0.0020 0.0141 0.0393 
   HI_SS0301  8 0.9179 0.0087 0.0185 0.0072 0.0247 0.0230 
   HI_SS0302  8 0.4946 0.1881 0.2369 0.0389 0.0169 0.0246 
   HI_SS0303  8 0.1588 0.7445 0.0519 0.0082 0.0166 0.0200 
   HI_SS0304  8 0.0118 0.2935 0.4416 0.0037 0.0475 0.2019 
   HI_SS0306  8 0.1122 0.8168 0.0119 0.0063 0.0100 0.0428 
   HI_SS0307  8 0.1009 0.0308 0.2027 0.0155 0.5340 0.1161 
   HI_SS0308  8 0.1026 0.0107 0.7005 0.0917 0.0593 0.0351 
   HI_SS0309  8 0.0993 0.0283 0.1563 0.0046 0.6530 0.0584 
   HI_SS0310  8 0.2644 0.1812 0.2123 0.0129 0.3173 0.0119 
   HI_SS0311  8 0.0953 0.0632 0.0831 0.0043 0.0208 0.7332 
   HI_SS0314  8 0.0489 0.2597 0.6406 0.0025 0.0356 0.0127 
   HI_SS0316  8 0.4335 0.2884 0.1234 0.0094 0.0744 0.0710 
   HI_SS0317  8 0.0323 0.1228 0.0265 0.0027 0.0608 0.7548 
   HI_SS0318  8 0.6658 0.0151 0.0204 0.1723 0.0101 0.1162 
   HI_SS0319  8 0.5075 0.3192 0.1282 0.0086 0.0218 0.0146 
   HI_SS0320  8 0.0074 0.0379 0.0808 0.0021 0.0155 0.8564 
   HI_SS0321  8 0.7697 0.0379 0.0209 0.0035 0.0210 0.1472 
   HI_SS0323  8 0.7209 0.0832 0.1562 0.0026 0.0129 0.0242 
   HI_SS0325  8 0.0132 0.9088 0.0375 0.0036 0.0152 0.0218 
   HI_SS0327  8 0.2046 0.6230 0.0252 0.0022 0.0680 0.0769 
   HI_SS0329  8 0.0580 0.1382 0.2845 0.0023 0.0230 0.4940 
   HI_SS0333  8 0.0922 0.0464 0.7131 0.0048 0.0975 0.0460 
   HI_SS0334  8 0.5862 0.1227 0.0656 0.0025 0.0626 0.1603 
   HI_SS0335  8 0.0154 0.0179 0.0143 0.0277 0.9108 0.0140 
   HI_SS0339  8 0.3081 0.0138 0.0679 0.0179 0.5758 0.0164 
   HI_SS0343  8 0.0170 0.0247 0.0125 0.0030 0.8992 0.0436 
   HI_SS0344  8 0.0501 0.9078 0.0088 0.0041 0.0059 0.0232 
   HI_SS0345  8 0.0263 0.0414 0.0741 0.0122 0.2204 0.6254 
   HI_SS0346  8 0.1921 0.0640 0.0336 0.0061 0.0120 0.6923 
   HI_SS0350  8 0.0059 0.0065 0.6846 0.0152 0.2764 0.0114 
   HI_SS0351  8 0.4591 0.0106 0.0255 0.0047 0.4322 0.0679 
   HI_SS0352  8 0.0110 0.0232 0.0287 0.0937 0.8215 0.0218 
   HI_SS0362  8 0.4961 0.1538 0.1667 0.0037 0.0112 0.1685 
   HI_SS0363  8 0.1808 0.7467 0.0180 0.0054 0.0245 0.0246 
   HI_SS0365  8 0.1617 0.1822 0.3303 0.0077 0.2106 0.1076 
   HI_SS0366  8 0.1686 0.6035 0.0100 0.0022 0.1946 0.0210 
   HI_SS0367  8 0.0120 0.0379 0.4339 0.0044 0.4841 0.0277 
   HI_SS0369  8 0.0250 0.0182 0.8163 0.0040 0.0634 0.0731 
   HI_SS0370  8 0.0471 0.0738 0.0122 0.0047 0.6567 0.2054 
   HI_SS0371  8 0.8617 0.0569 0.0237 0.0061 0.0156 0.0359 
   HI_SS0373  8 0.0829 0.3883 0.3975 0.0157 0.0626 0.0529 
   HI_SS0374  8 0.0957 0.0287 0.6042 0.0369 0.1191 0.1155 
   HI_SS0377  8 0.3609 0.0175 0.0189 0.0879 0.0416 0.4731 
   HI_SS0379  8 0.9248 0.0432 0.0052 0.0013 0.0055 0.0200 
   HI_SS0380  8 0.0540 0.0175 0.0959 0.0128 0.7788 0.0410 
   HI_SS0381  8 0.0683 0.0276 0.1525 0.0077 0.6310 0.1129 
   HI_SS0384  8 0.2038 0.1507 0.0354 0.0103 0.0149 0.5849 
   HI_SS0385  8 0.2096 0.1605 0.5188 0.0023 0.0108 0.0981 
   HI_SS0386  9 0.0034 0.0027 0.0026 0.9840 0.0034 0.0037 
   HI_SS0387  9 0.0117 0.0207 0.0103 0.9212 0.0125 0.0236 
   HI_SS0389  9 0.0075 0.0070 0.0043 0.9721 0.0042 0.0049 
   HI_SS0390  9 0.0029 0.0036 0.0036 0.9832 0.0026 0.0041 
   HI_SS0391  9 0.0030 0.0037 0.0042 0.9776 0.0057 0.0058 
   HI_SS0392  9 0.0036 0.0025 0.0022 0.9861 0.0028 0.0028 
   HI_SS0393  9 0.0029 0.0029 0.0018 0.9875 0.0026 0.0021 
   HI_SS0394  9 0.0027 0.0038 0.0035 0.9861 0.0019 0.0020 
   HI_SS0395  9 0.0047 0.0073 0.0053 0.9722 0.0053 0.0051 
   HI_SS0396  9 0.0145 0.0073 0.0170 0.9378 0.0109 0.0124 
   HI_SS0398  9 0.0093 0.0075 0.0061 0.9577 0.0126 0.0068 
   HI_SS0399  9 0.0033 0.0017 0.0016 0.9897 0.0021 0.0016 
   HI_SS0400  9 0.0029 0.0033 0.0047 0.9799 0.0037 0.0055 
   HI_SS0401  9 0.0030 0.0027 0.0029 0.9860 0.0026 0.0029 
   HI_SS0402  9 0.0028 0.0020 0.0018 0.9886 0.0026 0.0022 
   HI_SS0403  9 0.0017 0.0022 0.0024 0.9876 0.0025 0.0037 
   HI_SS0404  9 0.0019 0.0022 0.0033 0.9886 0.0016 0.0023 
   HI_SS0405  9 0.0158 0.0116 0.0117 0.9086 0.0324 0.0198 
   HI_SS0406  9 0.0037 0.0034 0.0037 0.9812 0.0038 0.0043 
   HI_SS0407  9 0.0087 0.0091 0.0164 0.9453 0.0119 0.0085 
   HI_SS0408  9 0.0021 0.0030 0.0017 0.9895 0.0018 0.0019 
   HI_SS0409  9 0.0047 0.0054 0.0058 0.9749 0.0043 0.0049 
   HI_SS0411  9 0.0053 0.0043 0.0050 0.9749 0.0053 0.0053 
   HI_SS0412  9 0.0306 0.0249 0.0160 0.7939 0.0484 0.0862 
   HI_SS0413  9 0.0037 0.0035 0.0033 0.9812 0.0048 0.0036 
   HI_SS0414  9 0.0170 0.0110 0.0239 0.9120 0.0165 0.0196 
   HI_SS0415  9 0.0048 0.0029 0.0030 0.9828 0.0045 0.0021 
   HI_SS0416  9 0.0072 0.0035 0.0059 0.9730 0.0045 0.0059 
   HI_SS0418  9 0.0105 0.0044 0.0059 0.9650 0.0067 0.0074 
   HI_SS0419  9 0.0040 0.0038 0.0060 0.9777 0.0036 0.0048 
   HI_SS0420  9 0.0040 0.0047 0.0040 0.9800 0.0034 0.0039 
   HI_SS0421  9 0.0061 0.0048 0.0069 0.9641 0.0106 0.0076 
   HI_SS0422  9 0.0022 0.0022 0.0036 0.9861 0.0035 0.0025 
   HI_SS0423  9 0.0058 0.0062 0.0094 0.9664 0.0047 0.0075 
   HI_SS0424  9 0.0038 0.0019 0.0037 0.9841 0.0034 0.0030 
   HI_SS0425  9 0.0043 0.0043 0.0073 0.9717 0.0055 0.0070 
   NS_SS1146 10 0.0035 0.0046 0.0035 0.9810 0.0037 0.0038 
   NS_SS1157 10 0.0080 0.0071 0.0060 0.9556 0.0146 0.0087 
   NS_SS1144 10 0.0222 0.0146 0.0229 0.9057 0.0248 0.0099 
   NS_SS1074 10 0.0047 0.0056 0.0036 0.9749 0.0064 0.0048 
   NS_SS1122 10 0.0077 0.0068 0.0075 0.9660 0.0067 0.0054 
   NS_SS1136 10 0.0018 0.0020 0.0022 0.9899 0.0020 0.0020 
   NS_SS1077 10 0.0013 0.0012 0.0008 0.9940 0.0014 0.0013 
   NS_SS1134 10 0.0072 0.0095 0.0231 0.9311 0.0100 0.0190 
   NS_SS1091 10 0.0036 0.0024 0.0048 0.9813 0.0035 0.0044 
   NS_SS1089 10 0.0048 0.0057 0.0050 0.9754 0.0044 0.0047 
   NS_SS1123 10 0.0024 0.0022 0.0035 0.9863 0.0022 0.0033 
   NS_SS1158 10 0.0020 0.0017 0.0021 0.9905 0.0016 0.0021 
   NS_SS1093 10 0.0057 0.0036 0.0032 0.9809 0.0032 0.0034 
   NS_SS1102 10 0.0070 0.0080 0.0059 0.9628 0.0108 0.0054 
   NS_SS1056 10 0.0028 0.0029 0.0030 0.9852 0.0021 0.0041 
   NS_SS1126 10 0.0048 0.0053 0.0035 0.9764 0.0049 0.0051 
   NS_SS1058 10 0.0046 0.0068 0.0063 0.9678 0.0102 0.0043 
   NS_SS1084 10 0.0027 0.0024 0.0030 0.9863 0.0038 0.0018 
   NS_SS1095 10 0.0137 0.0108 0.0061 0.9546 0.0077 0.0072 
   NS_SS1079 10 0.0039 0.0034 0.0025 0.9839 0.0036 0.0027 
   NS_SS1149 10 0.0054 0.0031 0.0042 0.9786 0.0054 0.0032 
   NS_SS1121 10 0.0029 0.0029 0.0025 0.9865 0.0025 0.0027 
   NS_SS1067 10 0.0067 0.0064 0.0077 0.9615 0.0082 0.0095 
   NS_SS1081 10 0.0037 0.0040 0.0052 0.9776 0.0033 0.0062 
   NS_SS1130 10 0.0044 0.0036 0.0070 0.9729 0.0064 0.0057 
   NS_SS1073 10 0.0047 0.0034 0.0046 0.9777 0.0047 0.0049 
   NS_SS1133 10 0.0052 0.0099 0.0170 0.9515 0.0081 0.0083 
   NS_SS1129 10 0.0035 0.0026 0.0029 0.9854 0.0029 0.0026 
   NS_SS1085 10 0.0043 0.0037 0.0041 0.9799 0.0033 0.0046 
   NS_SS1137 10 0.0062 0.0083 0.0065 0.9682 0.0065 0.0043 
   NS_SS1135 10 0.0021 0.0027 0.0027 0.9880 0.0019 0.0026 
   NS_SS1082 10 0.0024 0.0026 0.0030 0.9855 0.0031 0.0034 
   NS_SS1125 10 0.0023 0.0025 0.0019 0.9879 0.0028 0.0026 
   NS_SS1124 10 0.0060 0.0094 0.0086 0.9496 0.0151 0.0113 
   NS_SS1155 10 0.0121 0.0102 0.0062 0.9435 0.0135 0.0144 
   NS_SS1145 10 0.0029 0.0033 0.0034 0.9839 0.0030 0.0034 
