   NS_SS0963  1 0.0081 0.1525 0.0504 0.0933 0.0203 0.6357 0.0306 0.0091 
   NS_SS0983  1 0.0058 0.4424 0.0098 0.0323 0.0068 0.0134 0.0044 0.4851 
   NS_SS0719  1 0.0059 0.0921 0.0135 0.7956 0.0152 0.0222 0.0141 0.0414 
   NS_SS1001  1 0.0072 0.1562 0.0109 0.1023 0.0920 0.5009 0.0991 0.0313 
   NS_SS0936  1 0.0042 0.0152 0.2309 0.4896 0.0408 0.1414 0.0631 0.0149 
   NS_SS0955  1 0.0051 0.1831 0.1133 0.0451 0.0546 0.4975 0.0226 0.0786 
   NS_SS0944  1 0.0024 0.0184 0.0775 0.0257 0.0176 0.3864 0.3374 0.1344 
   NS_SS0945  1 0.0175 0.0543 0.0426 0.0574 0.4200 0.0560 0.2984 0.0539 
   NS_SS0922  1 0.0368 0.0520 0.3943 0.4078 0.0183 0.0540 0.0291 0.0077 
   NS_SS0929  1 0.0043 0.1210 0.1360 0.0497 0.3759 0.0230 0.0591 0.2310 
   NS_SS0956  1 0.0078 0.4266 0.2213 0.0820 0.0959 0.0138 0.1276 0.0251 
   NS_SS0906  1 0.0041 0.3801 0.0922 0.0740 0.0666 0.3084 0.0247 0.0499 
   NS_SS0721  1 0.0053 0.8686 0.0103 0.0321 0.0151 0.0223 0.0086 0.0378 
   NS_SS0982  1 0.0237 0.0132 0.5875 0.0265 0.1622 0.1627 0.0160 0.0084 
   NS_SS0923  1 0.0065 0.0450 0.0296 0.6327 0.2109 0.0106 0.0399 0.0249 
   NS_SS0905  1 0.0027 0.3397 0.0395 0.0746 0.2215 0.0445 0.1352 0.1422 
   NS_SS0925  1 0.0084 0.0421 0.0315 0.7529 0.0122 0.1369 0.0067 0.0093 
   NS_SS0947  1 0.0068 0.1058 0.2018 0.1121 0.4292 0.0998 0.0213 0.0230 
   NS_SS0926  1 0.0022 0.0087 0.1334 0.0174 0.0083 0.0105 0.0491 0.7703 
   NS_SS0918  1 0.0037 0.1309 0.0925 0.0841 0.3364 0.2306 0.0205 0.1011 
   NS_SS0966  1 0.0555 0.0215 0.0255 0.0948 0.6460 0.0651 0.0346 0.0569 
   NS_SS0938  1 0.0019 0.0163 0.0828 0.6912 0.0169 0.1490 0.0305 0.0114 
   NS_SS0917  1 0.0437 0.0438 0.1220 0.5865 0.0266 0.1495 0.0110 0.0167 
   NS_SS0957  1 0.0059 0.0443 0.6012 0.0141 0.1050 0.0158 0.2066 0.0071 
   NS_SS0987  1 0.2439 0.2252 0.1644 0.0155 0.1975 0.0083 0.0115 0.1336 
   NS_SS0717  1 0.0041 0.0227 0.0162 0.0206 0.4306 0.4116 0.0529 0.0413 
   NS_SS0986  1 0.0064 0.1638 0.2367 0.0148 0.0727 0.3773 0.0182 0.1101 
   NS_SS0953  1 0.0164 0.1448 0.0118 0.0157 0.1449 0.6299 0.0211 0.0154 
   NS_SS0907  1 0.0458 0.0448 0.0271 0.1558 0.0997 0.4935 0.0996 0.0337 
   NS_SS0974  1 0.0061 0.0722 0.0818 0.0945 0.0274 0.4006 0.0866 0.2308 
   NS_SS0989  1 0.0020 0.0555 0.0922 0.1227 0.0384 0.0228 0.0584 0.6080 
   NS_SS0991  1 0.0038 0.1601 0.0110 0.0138 0.0275 0.0326 0.0345 0.7168 
   NS_SS0994  1 0.0042 0.0266 0.0255 0.0078 0.0093 0.0114 0.0449 0.8702 
   NS_SS0931  1 0.0136 0.0108 0.0861 0.0170 0.0059 0.0403 0.2398 0.5865 
   NS_SS1000  1 0.0040 0.0176 0.0444 0.0186 0.6865 0.0271 0.1923 0.0096 
   NS_SS0919  1 0.0045 0.2821 0.0544 0.3313 0.0306 0.0377 0.0402 0.2193 
   NS_SS0949  1 0.0023 0.2029 0.0153 0.1937 0.0069 0.0903 0.2080 0.2808 
   NS_SS0960  1 0.0079 0.0694 0.0401 0.0320 0.2992 0.0216 0.4599 0.0699 
   NS_SS0716  1 0.0090 0.0162 0.0066 0.0087 0.9308 0.0087 0.0139 0.0062 
   NS_SS0924  1 0.0200 0.0238 0.0119 0.6176 0.1533 0.0105 0.0110 0.1519 
   NS_SS0935  1 0.0158 0.0149 0.0054 0.0251 0.0415 0.0070 0.0732 0.8170 
   NS_SS0952  1 0.0498 0.0385 0.0966 0.0606 0.2117 0.1720 0.2192 0.1515 
   NS_SS0962  1 0.0086 0.0180 0.8617 0.0236 0.0184 0.0346 0.0235 0.0117 
   NS_SS0973  1 0.0052 0.6625 0.0183 0.0419 0.0117 0.2105 0.0346 0.0154 
   NS_SS0722  1 0.0031 0.0759 0.0394 0.0502 0.2071 0.2714 0.3411 0.0117 
   NS_SS0979  1 0.0036 0.0158 0.1688 0.0222 0.4661 0.2006 0.1073 0.0155 
   NS_SS0993  1 0.0239 0.0911 0.0470 0.3515 0.0351 0.2636 0.1581 0.0297 
   NS_SS0958  1 0.0034 0.0118 0.0185 0.0168 0.3453 0.0549 0.3691 0.1801 
   NS_SS0988  1 0.0088 0.0613 0.5661 0.0447 0.1021 0.1300 0.0090 0.0780 
   NS_SS1003  1 0.0123 0.0137 0.9155 0.0319 0.0081 0.0072 0.0059 0.0053 
   NS_SS0976  1 0.0036 0.0282 0.0791 0.0594 0.0623 0.0454 0.0300 0.6920 
   NS_SS0964  1 0.0031 0.1393 0.0166 0.0397 0.1330 0.5092 0.1477 0.0113 
   NS_SS0939  1 0.0047 0.0531 0.0175 0.5342 0.1959 0.0225 0.1688 0.0033 
   NS_SS0990  1 0.0056 0.0229 0.8292 0.0152 0.0495 0.0291 0.0231 0.0253 
   NS_SS0984  1 0.0039 0.0060 0.1515 0.7184 0.0530 0.0124 0.0411 0.0136 
   NS_SS0980  1 0.0036 0.4006 0.3937 0.0179 0.0298 0.0227 0.0990 0.0327 
   NS_SS0978  1 0.0058 0.0125 0.3665 0.1691 0.3084 0.0121 0.1161 0.0094 
   NS_SS0951  1 0.0036 0.2582 0.0216 0.0260 0.3526 0.0599 0.0274 0.2507 
   NS_SS0913  1 0.0514 0.0119 0.0470 0.0381 0.3821 0.1671 0.2872 0.0152 
   NS_SS1002  1 0.0374 0.0075 0.8359 0.0108 0.0272 0.0665 0.0059 0.0087 
   NS_SS0948  1 0.0532 0.0127 0.6513 0.0319 0.1392 0.0331 0.0626 0.0160 
   NS_SS0916  1 0.0051 0.0170 0.0443 0.8662 0.0120 0.0167 0.0273 0.0114 
   NS_SS0995  1 0.0040 0.6888 0.0187 0.2001 0.0454 0.0187 0.0113 0.0130 
   NS_SS0927  1 0.0088 0.0417 0.0448 0.6958 0.0666 0.0769 0.0236 0.0417 
   NS_SS0992  1 0.0037 0.3356 0.2875 0.0788 0.0186 0.0306 0.2208 0.0245 
   NS_SS0912  1 0.0042 0.0488 0.0651 0.0074 0.0420 0.0586 0.0202 0.7538 
   NS_SS0981  1 0.0069 0.0346 0.4479 0.0150 0.3685 0.0208 0.0905 0.0159 
   NS_SS0729  2 0.0049 0.0621 0.0291 0.0249 0.0085 0.0221 0.0251 0.8234 
   NS_SS0967  2 0.0172 0.0346 0.1196 0.0321 0.0153 0.7569 0.0108 0.0136 
   NS_SS0941  2 0.0954 0.0737 0.0219 0.6560 0.0392 0.0599 0.0302 0.0237 
   NS_SS0768  2 0.0077 0.0136 0.0214 0.0090 0.4114 0.5139 0.0146 0.0084 
   NS_SS0726  2 0.0114 0.0462 0.0300 0.8186 0.0065 0.0249 0.0403 0.0221 
   NS_SS0763  2 0.0031 0.1291 0.0323 0.0799 0.1064 0.1708 0.0739 0.4044 
   NS_SS0730  2 0.0055 0.0940 0.0993 0.2611 0.0788 0.4107 0.0232 0.0273 
   NS_SS0774  2 0.0015 0.1674 0.0187 0.0216 0.3737 0.0334 0.3807 0.0031 
   NS_SS0723  2 0.0022 0.3542 0.0379 0.1650 0.0473 0.3815 0.0054 0.0065 
   NS_SS0940  2 0.0079 0.1352 0.0247 0.6484 0.0299 0.0091 0.0222 0.1225 
   NS_SS0762  2 0.0048 0.0109 0.0265 0.2566 0.4621 0.0378 0.1881 0.0132 
   NS_SS0766  2 0.0193 0.0468 0.0320 0.5686 0.0926 0.0503 0.0553 0.1349 
   NS_SS0724  2 0.0083 0.1236 0.0077 0.0173 0.3779 0.4110 0.0207 0.0336 
   NS_SS0769  2 0.0074 0.0761 0.0675 0.0526 0.6549 0.0571 0.0113 0.0732 
   NS_SS0777  2 0.0199 0.0289 0.0782 0.0379 0.0176 0.0133 0.2592 0.5451 
   NS_SS0734  2 0.0535 0.2446 0.0816 0.0558 0.0389 0.0654 0.3737 0.0864 
   NS_SS0737  2 0.0068 0.0092 0.0197 0.7533 0.0920 0.1028 0.0100 0.0062 
   NS_SS0732  2 0.0052 0.6292 0.0325 0.0218 0.2774 0.0104 0.0137 0.0097 
   NS_SS0728  2 0.0132 0.1120 0.0092 0.7396 0.0256 0.0488 0.0118 0.0398 
   NS_SS0735  2 0.0115 0.7309 0.0121 0.0467 0.0122 0.1501 0.0180 0.0185 
   NS_SS0725  2 0.0133 0.1237 0.1374 0.0166 0.0400 0.6018 0.0414 0.0258 
   NS_SS0788  2 0.0024 0.0267 0.0185 0.5973 0.0195 0.2947 0.0248 0.0161 
   NS_SS0778  2 0.0028 0.5247 0.1688 0.1165 0.0117 0.1055 0.0290 0.0410 
   NS_SS0792  2 0.0067 0.0472 0.2035 0.3884 0.1170 0.1825 0.0284 0.0263 
   NS_SS0943  2 0.0112 0.3180 0.1319 0.0184 0.0298 0.2749 0.0274 0.1884 
   NS_SS0791  2 0.0151 0.0185 0.0086 0.9046 0.0103 0.0158 0.0164 0.0108 
   NS_SS0790  2 0.0044 0.0102 0.0132 0.0041 0.9483 0.0103 0.0052 0.0043 
   NS_SS0731  2 0.0165 0.0760 0.0055 0.0073 0.0418 0.8111 0.0283 0.0134 
   NS_SS0727  2 0.0024 0.0502 0.0188 0.5361 0.0154 0.0656 0.1926 0.1190 
   NS_SS0779  2 0.0113 0.4761 0.0382 0.1693 0.0230 0.0788 0.1426 0.0606 
   NS_SS0776  2 0.0104 0.0144 0.0188 0.0115 0.0184 0.0143 0.8971 0.0151 
   NS_SS0775  2 0.0130 0.0288 0.0584 0.4626 0.1692 0.0366 0.2247 0.0068 
   NS_SS0965  3 0.0026 0.0870 0.0422 0.0370 0.1286 0.2339 0.0353 0.4333 
   NS_SS0754  3 0.0244 0.0600 0.0771 0.1797 0.0348 0.0294 0.0668 0.5278 
   NS_SS0838  3 0.0621 0.0583 0.1309 0.1777 0.4035 0.0963 0.0366 0.0347 
   NS_SS0839  3 0.0060 0.0247 0.0997 0.0661 0.7451 0.0171 0.0355 0.0057 
   NS_SS0832  3 0.0573 0.0460 0.2295 0.0294 0.0070 0.5666 0.0572 0.0070 
   NS_SS0820  3 0.0076 0.0077 0.0283 0.0548 0.2612 0.6289 0.0058 0.0057 
   NS_SS0886  3 0.0026 0.4193 0.0322 0.3606 0.0240 0.0366 0.0242 0.1005 
   NS_SS0748  3 0.0187 0.0286 0.0693 0.0269 0.0650 0.0521 0.3570 0.3825 
   NS_SS0884  3 0.0297 0.0433 0.2521 0.5383 0.0471 0.0425 0.0339 0.0130 
   NS_SS0752  3 0.0033 0.5362 0.0591 0.2301 0.0352 0.0418 0.0807 0.0136 
   NS_SS0862  3 0.0065 0.9044 0.0167 0.0167 0.0247 0.0129 0.0089 0.0092 
   NS_SS0787  3 0.0099 0.0091 0.0426 0.0141 0.0075 0.0129 0.0050 0.8989 
   NS_SS0843  3 0.0027 0.5298 0.0565 0.0185 0.0284 0.1267 0.0592 0.1783 
   NS_SS0856  3 0.0040 0.0355 0.0849 0.3112 0.0282 0.5055 0.0142 0.0166 
   NS_SS0846  3 0.0060 0.0208 0.0688 0.1394 0.0186 0.5606 0.0568 0.1291 
   NS_SS0825  3 0.0134 0.0151 0.6954 0.0724 0.0062 0.1632 0.0107 0.0236 
   NS_SS0757  3 0.0054 0.7713 0.0501 0.0333 0.0362 0.0328 0.0213 0.0496 
   NS_SS0876  3 0.2267 0.0765 0.2070 0.0516 0.2987 0.1238 0.0115 0.0042 
   NS_SS0903  3 0.0020 0.9125 0.0170 0.0099 0.0237 0.0138 0.0140 0.0072 
   NS_SS0875  3 0.0041 0.0351 0.0416 0.1428 0.6553 0.0429 0.0255 0.0527 
   NS_SS0740  3 0.0050 0.7327 0.0171 0.0472 0.0496 0.0461 0.0334 0.0689 
   NS_SS0811  3 0.0106 0.0213 0.0093 0.0083 0.9205 0.0103 0.0118 0.0077 
   NS_SS0751  3 0.0039 0.0688 0.0862 0.4126 0.0601 0.1464 0.1847 0.0374 
   NS_SS0891  3 0.0077 0.0218 0.0121 0.0866 0.7566 0.0636 0.0216 0.0300 
   NS_SS0867  3 0.0250 0.0296 0.7956 0.0294 0.0049 0.0262 0.0297 0.0597 
   NS_SS0890  3 0.0033 0.1037 0.0222 0.7922 0.0294 0.0091 0.0227 0.0174 
   NS_SS0866  3 0.0061 0.0168 0.8816 0.0133 0.0107 0.0128 0.0160 0.0426 
   NS_SS0755  3 0.0101 0.0772 0.1178 0.3257 0.2318 0.1055 0.0498 0.0822 
   NS_SS0758  3 0.0031 0.0847 0.0140 0.1131 0.0286 0.3124 0.0123 0.4317 
   NS_SS0840  3 0.0033 0.2881 0.1232 0.0515 0.1746 0.3197 0.0240 0.0157 
   NS_SS0889  3 0.0037 0.1146 0.0621 0.0428 0.1333 0.0370 0.1814 0.4251 
   NS_SS1010  3 0.0547 0.0205 0.0380 0.0314 0.7681 0.0403 0.0162 0.0308 
   NS_SS0888  3 0.0015 0.0677 0.0934 0.0983 0.0159 0.0143 0.6833 0.0255 
   NS_SS0837  3 0.0026 0.1423 0.0630 0.0156 0.0139 0.6833 0.0618 0.0175 
   NS_SS0794  3 0.0023 0.0156 0.0118 0.0199 0.0574 0.3102 0.4833 0.0996 
   NS_SS0823  3 0.0062 0.0534 0.4532 0.0576 0.3636 0.0231 0.0131 0.0297 
   NS_SS0829  3 0.0980 0.5660 0.0167 0.0140 0.2133 0.0161 0.0108 0.0650 
   NS_SS0844  3 0.0020 0.0132 0.0249 0.0148 0.7055 0.2256 0.0069 0.0071 
   NS_SS1008  3 0.0193 0.0595 0.0793 0.0187 0.0658 0.0663 0.2893 0.4019 
   NS_SS0881  3 0.0045 0.0312 0.0325 0.1928 0.0293 0.0145 0.6557 0.0394 
   NS_SS0834  3 0.0081 0.0118 0.0300 0.0254 0.7880 0.1074 0.0240 0.0053 
   NS_SS0744  3 0.0094 0.5316 0.0847 0.2301 0.0246 0.0932 0.0170 0.0094 
   NS_SS0899  3 0.0018 0.1779 0.0195 0.0090 0.6452 0.1313 0.0082 0.0071 
   NS_SS0804  3 0.0083 0.1681 0.2048 0.2600 0.1940 0.1444 0.0092 0.0111 
   NS_SS0781  3 0.0058 0.0667 0.2392 0.0226 0.4611 0.1712 0.0217 0.0117 
   NS_SS0822  3 0.0039 0.1849 0.0399 0.0254 0.0104 0.1282 0.4828 0.1246 
   NS_SS1004  3 0.0064 0.0802 0.2711 0.0332 0.0116 0.1975 0.3774 0.0226 
   NS_SS0746  3 0.0213 0.0495 0.0306 0.0586 0.1181 0.1571 0.3308 0.2339 
   NS_SS0880  3 0.0036 0.0332 0.0311 0.0147 0.0140 0.0335 0.8550 0.0149 
   NS_SS0879  3 0.0260 0.0161 0.1833 0.0443 0.3428 0.2379 0.1308 0.0188 
   NS_SS0753  3 0.0116 0.1953 0.0340 0.0481 0.0197 0.0776 0.0911 0.5225 
   NS_SS1007  3 0.0019 0.0168 0.0151 0.9190 0.0096 0.0180 0.0081 0.0115 
   NS_SS0872  3 0.0041 0.0190 0.2426 0.0397 0.0383 0.2073 0.4377 0.0114 
   NS_SS1005  3 0.0015 0.0880 0.1784 0.0913 0.2693 0.2217 0.1162 0.0336 
   NS_SS0892  3 0.0030 0.0775 0.0577 0.7039 0.0403 0.0100 0.0562 0.0514 
   NS_SS0898  3 0.0113 0.0075 0.0146 0.0366 0.0138 0.0275 0.8685 0.0202 
   NS_SS0801  3 0.0140 0.1225 0.0538 0.0301 0.5702 0.1685 0.0170 0.0239 
   NS_SS0827  3 0.1508 0.0875 0.0250 0.0418 0.0976 0.0375 0.0205 0.5394 
   NS_SS0853  3 0.0052 0.0079 0.0129 0.0130 0.8922 0.0068 0.0122 0.0497 
   NS_SS0780  3 0.0066 0.4955 0.1421 0.2183 0.0546 0.0268 0.0261 0.0299 
   NS_SS0826  3 0.0042 0.0106 0.7135 0.0070 0.0084 0.1730 0.0751 0.0082 
   NS_SS0818  3 0.0025 0.0228 0.0551 0.5810 0.0139 0.2803 0.0325 0.0120 
   NS_SS0745  3 0.0027 0.0143 0.0436 0.0137 0.0480 0.0294 0.8268 0.0216 
   NS_SS0849  3 0.0021 0.8985 0.0086 0.0355 0.0197 0.0143 0.0099 0.0114 
   NS_SS0739  3 0.0166 0.2482 0.0231 0.6350 0.0395 0.0170 0.0119 0.0087 
   NS_SS0799  3 0.0015 0.3920 0.0263 0.1683 0.0150 0.0579 0.0264 0.3125 
   NS_SS0756  3 0.0035 0.0452 0.7913 0.0142 0.1204 0.0152 0.0056 0.0045 
   NS_SS0802  3 0.1976 0.0715 0.0474 0.4890 0.0117 0.1546 0.0137 0.0145 
   NS_SS0747  3 0.0112 0.5608 0.1308 0.0974 0.0770 0.0852 0.0118 0.0258 
   NS_SS0835  3 0.0018 0.0242 0.0782 0.0564 0.0162 0.0359 0.0160 0.7713 
   NS_SS0742  3 0.0021 0.2804 0.0905 0.3848 0.0596 0.0772 0.0886 0.0169 
   NS_SS0760  3 0.0397 0.0240 0.0157 0.0215 0.0116 0.0115 0.0092 0.8666 
   NS_SS0803  3 0.0123 0.0266 0.0380 0.0199 0.2694 0.5958 0.0260 0.0119 
   NS_SS0828  3 0.0022 0.1152 0.0120 0.3915 0.2079 0.0128 0.0542 0.2042 
   NS_SS0865  3 0.0225 0.0644 0.8641 0.0136 0.0111 0.0098 0.0073 0.0072 
   NS_SS0759  3 0.0085 0.4413 0.1131 0.2180 0.0483 0.0873 0.0643 0.0193 
   NS_SS0851  3 0.0182 0.1668 0.0116 0.0115 0.7258 0.0456 0.0159 0.0046 
   NS_SS0874  3 0.0027 0.0834 0.0406 0.0099 0.7718 0.0657 0.0067 0.0191 
   NS_SS0761  3 0.0037 0.1832 0.0284 0.0141 0.0243 0.2775 0.0217 0.4471 
   NS_SS0842  3 0.0146 0.0151 0.0402 0.0297 0.0618 0.0467 0.7739 0.0179 
   NS_SS0785  3 0.0082 0.7081 0.0271 0.0255 0.0170 0.1436 0.0515 0.0189 
   NS_SS0860  3 0.0040 0.2728 0.5294 0.0503 0.0208 0.0488 0.0104 0.0634 
   NS_SS0897  3 0.0031 0.0702 0.0154 0.0726 0.0263 0.0436 0.0828 0.6858 
   NS_SS0841  3 0.0044 0.1389 0.4947 0.0246 0.2252 0.0368 0.0685 0.0069 
   NS_SS0797  3 0.0349 0.0141 0.0276 0.0154 0.0243 0.0168 0.0535 0.8134 
   NS_SS0830  3 0.0047 0.1015 0.2293 0.0298 0.0466 0.0414 0.5311 0.0155 
   NS_SS1011  3 0.0096 0.0107 0.8090 0.0129 0.0391 0.0927 0.0039 0.0221 
   NS_SS0883  3 0.0040 0.7971 0.0159 0.0792 0.0463 0.0074 0.0243 0.0257 
   NS_SS0782  3 0.0046 0.4313 0.0162 0.0367 0.0308 0.4384 0.0267 0.0153 
   NS_SS0831  3 0.0044 0.7801 0.0106 0.0136 0.0227 0.0355 0.0113 0.1218 
   NS_SS0749  3 0.0053 0.6863 0.0258 0.2066 0.0153 0.0087 0.0169 0.0352 
   NS_SS0854  3 0.0041 0.2319 0.0334 0.1087 0.1605 0.1532 0.2626 0.0455 
   HI_SS0193  4 0.0021 0.1173 0.0224 0.0211 0.0096 0.0154 0.7806 0.0315 
   HI_SS0194  4 0.0023 0.0593 0.0551 0.0914 0.4221 0.2677 0.0832 0.0189 
   HI_SS0195  4 0.1085 0.6835 0.0243 0.0179 0.1206 0.0236 0.0102 0.0115 
   HI_SS0196  4 0.0039 0.6634 0.0139 0.0683 0.1406 0.0348 0.0571 0.0180 
   HI_SS0197  4 0.0126 0.0064 0.8764 0.0705 0.0075 0.0147 0.0039 0.0080 
   HI_SS0198  4 0.0134 0.7293 0.0257 0.0843 0.0735 0.0328 0.0197 0.0212 
   HI_SS0199  4 0.0035 0.0268 0.0974 0.4761 0.0070 0.0111 0.0368 0.3412 
   HI_SS0201  4 0.0041 0.0231 0.0158 0.0436 0.0252 0.0258 0.0574 0.8048 
   HI_SS0215  4 0.0038 0.0356 0.0438 0.0244 0.0189 0.1584 0.0204 0.6947 
   HI_SS0218  4 0.0091 0.0134 0.0165 0.0875 0.0251 0.0100 0.3510 0.4873 
   HI_SS0222  4 0.0079 0.5645 0.0511 0.0883 0.0333 0.0917 0.0143 0.1489 
   HI_SS0230  4 0.0051 0.0217 0.0292 0.0199 0.6282 0.2649 0.0174 0.0136 
   HI_SS0234  4 0.1561 0.0138 0.0625 0.5168 0.1239 0.0623 0.0247 0.0400 
   HI_SS0240  4 0.0114 0.0291 0.0193 0.8601 0.0328 0.0105 0.0098 0.0269 
   HI_SS0241  4 0.0033 0.0178 0.3332 0.1957 0.1357 0.0092 0.0847 0.2205 
   HI_SS0242  4 0.0044 0.1489 0.0184 0.2992 0.0336 0.3825 0.0372 0.0759 
   HI_SS0247  4 0.0180 0.0193 0.0561 0.0091 0.8053 0.0648 0.0145 0.0129 
   HI_SS0248  4 0.0011 0.0186 0.0111 0.0277 0.0083 0.0243 0.7649 0.1439 
   HI_SS0252  4 0.0038 0.1340 0.0492 0.1457 0.2294 0.3858 0.0300 0.0222 
   HI_SS0254  4 0.1160 0.0173 0.0147 0.0587 0.0109 0.0135 0.7392 0.0297 
   HI_SS0256  4 0.0024 0.0114 0.2228 0.0131 0.5392 0.2004 0.0063 0.0045 
   HI_SS0257  4 0.0041 0.0374 0.0524 0.0722 0.0579 0.5692 0.0195 0.1873 
   HI_SS0258  4 0.0078 0.0294 0.0199 0.0232 0.0203 0.0626 0.2181 0.6187 
   HI_SS0259  4 0.0058 0.0175 0.1185 0.5081 0.1837 0.1156 0.0211 0.0299 
   HI_SS0260  4 0.0022 0.0378 0.3611 0.0317 0.1101 0.0481 0.0993 0.3098 
   HI_SS0261  4 0.0043 0.0413 0.4750 0.0522 0.0083 0.0131 0.2917 0.1141 
   HI_SS0262  4 0.0111 0.1846 0.1291 0.1895 0.0136 0.4559 0.0094 0.0068 
   HI_SS0264  4 0.0040 0.0168 0.0230 0.0226 0.8774 0.0348 0.0154 0.0059 
   HI_SS0265  4 0.1014 0.0444 0.7081 0.0207 0.0181 0.0770 0.0153 0.0151 
   HI_SS0268  4 0.0036 0.0109 0.0226 0.0255 0.8283 0.0225 0.0190 0.0677 
   HI_SS0269  4 0.0022 0.1102 0.0617 0.1024 0.0082 0.1584 0.3520 0.2049 
   HI_SS0273  4 0.0024 0.0195 0.6489 0.0212 0.0076 0.0311 0.1151 0.1543 
   HI_SS0277  4 0.0039 0.0621 0.4375 0.3668 0.0476 0.0498 0.0112 0.0211 
   HI_SS0280  4 0.0078 0.4812 0.0231 0.0535 0.0619 0.0478 0.2891 0.0355 
   HI_SS0282  4 0.0021 0.8947 0.0130 0.0165 0.0054 0.0268 0.0220 0.0197 
   HI_SS0286  4 0.0071 0.0388 0.0085 0.0808 0.0935 0.6212 0.0235 0.1266 
   NS_SS1252  5 0.0067 0.0131 0.0199 0.0132 0.0129 0.0193 0.0193 0.8956 
   NS_SS1261  5 0.0231 0.0556 0.0313 0.1987 0.0766 0.5469 0.0249 0.0429 
   NS_SS1225  5 0.0812 0.0116 0.1202 0.0065 0.5658 0.0246 0.0193 0.1708 
   NS_SS1266  5 0.0121 0.0476 0.6724 0.0158 0.0490 0.1834 0.0159 0.0038 
   NS_SS1228  5 0.0207 0.2198 0.0530 0.4247 0.0380 0.1675 0.0598 0.0164 
   NS_SS1255  5 0.0020 0.2886 0.0228 0.0172 0.0245 0.4396 0.1939 0.0114 
   NS_SS1267  5 0.0195 0.0128 0.0068 0.0283 0.0098 0.0088 0.0107 0.9034 
   NS_SS1238  5 0.0042 0.0745 0.1964 0.0341 0.0220 0.4950 0.1022 0.0715 
   NS_SS1233  5 0.0034 0.0271 0.0277 0.0047 0.3784 0.3390 0.2040 0.0155 
   NS_SS1277  5 0.0013 0.0118 0.0032 0.0140 0.0035 0.0062 0.9256 0.0343 
   NS_SS1245  5 0.0021 0.0934 0.0431 0.0307 0.0719 0.4554 0.1540 0.1495 
   NS_SS1240  5 0.0028 0.0257 0.0055 0.0185 0.0065 0.0110 0.0071 0.9229 
   NS_SS1275  5 0.0043 0.0072 0.7181 0.1291 0.0121 0.1191 0.0060 0.0040 
   NS_SS1235  5 0.0058 0.0336 0.0145 0.0138 0.0121 0.8607 0.0470 0.0126 
   NS_SS1263  5 0.0017 0.0790 0.0206 0.0281 0.4747 0.2292 0.1481 0.0186 
   NS_SS1251  5 0.0018 0.0540 0.2161 0.0595 0.3361 0.2531 0.0386 0.0408 
   NS_SS1248  5 0.1315 0.0649 0.0620 0.0811 0.3998 0.0232 0.0908 0.1467 
   NS_SS1244  5 0.0052 0.0127 0.4641 0.3971 0.0133 0.0213 0.0409 0.0453 
   NS_SS1257  5 0.0360 0.0725 0.1428 0.0884 0.1325 0.0176 0.1369 0.3734 
   NS_SS1242  5 0.0052 0.0069 0.0363 0.0088 0.0401 0.8802 0.0166 0.0059 
   NS_SS1271  5 0.0447 0.0103 0.0118 0.0486 0.0066 0.0106 0.0973 0.7701 
   NS_SS1265  5 0.0315 0.0112 0.0247 0.0217 0.1071 0.1425 0.0593 0.6020 
   NS_SS1243  5 0.0989 0.5445 0.0145 0.0124 0.0828 0.0971 0.1269 0.0229 
   NS_SS1273  5 0.0181 0.0084 0.4979 0.0183 0.0753 0.0105 0.3675 0.0040 
   NS_SS1254  5 0.0098 0.0226 0.2830 0.0388 0.4263 0.1764 0.0307 0.0124 
   NS_SS1224  5 0.0086 0.4653 0.0427 0.0439 0.0472 0.3665 0.0106 0.0152 
   NS_SS1227  5 0.0026 0.0392 0.0598 0.3598 0.0387 0.0111 0.0227 0.4662 
   NS_SS1274  5 0.0231 0.1571 0.0162 0.0086 0.5791 0.0194 0.0112 0.1853 
   NS_SS1241  5 0.0017 0.0196 0.0309 0.0169 0.2317 0.0324 0.6016 0.0652 
   NS_SS1256  5 0.0522 0.0158 0.5640 0.0135 0.0186 0.1693 0.1069 0.0597 
   NS_SS1260  5 0.0772 0.0388 0.0081 0.4777 0.0289 0.2238 0.0095 0.1359 
   NS_SS1262  5 0.1895 0.0438 0.4967 0.0196 0.0885 0.0227 0.0234 0.1159 
   NS_SS1230  5 0.0129 0.0256 0.0584 0.0117 0.0489 0.0389 0.7785 0.0251 
   NS_SS1270  5 0.0031 0.0754 0.0179 0.0091 0.0206 0.7883 0.0744 0.0113 
   NS_SS1229  5 0.0054 0.0111 0.0164 0.7176 0.0121 0.2153 0.0081 0.0141 
   NS_SS1246  5 0.0057 0.0213 0.0551 0.3333 0.0141 0.0353 0.0332 0.5019 
   NS_SS1269  5 0.0046 0.2185 0.1408 0.4044 0.0737 0.0219 0.0691 0.0669 
   NS_SS1239  5 0.0088 0.6272 0.0202 0.1994 0.0135 0.1001 0.0200 0.0109 
   NS_SS1272  5 0.0059 0.0163 0.0200 0.0173 0.0132 0.8829 0.0269 0.0174 
   NS_SS1268  5 0.0030 0.8890 0.0131 0.0098 0.0240 0.0150 0.0356 0.0104 
   NS_SS1249  5 0.0180 0.0528 0.0159 0.0441 0.0787 0.0151 0.1656 0.6098 
   HI_SS0559  6 0.0023 0.4195 0.0259 0.0167 0.0533 0.0124 0.2788 0.1912 
   HI_SS0563  6 0.0027 0.5821 0.0283 0.0367 0.0372 0.2262 0.0147 0.0722 
   HI_SS0564  6 0.0481 0.8281 0.0401 0.0445 0.0045 0.0231 0.0042 0.0074 
   HI_SS0565  6 0.0042 0.0544 0.0632 0.3885 0.0406 0.2800 0.0169 0.1523 
   HI_SS0569  6 0.0023 0.1156 0.0062 0.0178 0.0284 0.0349 0.2290 0.5658 
   HI_SS0570  6 0.0507 0.0393 0.0063 0.0717 0.0125 0.0526 0.6966 0.0705 
   HI_SS0572  6 0.0035 0.0134 0.0057 0.0287 0.0287 0.8990 0.0118 0.0092 
   HI_SS0576  6 0.0108 0.1059 0.1075 0.4086 0.0892 0.1993 0.0593 0.0192 
   HI_SS0579  6 0.0225 0.0959 0.0099 0.0238 0.0191 0.1818 0.0899 0.5571 
   HI_SS0580  6 0.0055 0.0959 0.0215 0.1361 0.4066 0.0556 0.0302 0.2486 
   HI_SS0581  6 0.0752 0.0393 0.6144 0.1742 0.0248 0.0201 0.0429 0.0090 
   HI_SS0583  6 0.0028 0.0111 0.0212 0.0143 0.0342 0.0353 0.0095 0.8716 
   HI_SS0586  6 0.0016 0.0112 0.0069 0.0046 0.0693 0.0081 0.0177 0.8806 
   HI_SS0588  6 0.0251 0.0115 0.0177 0.0296 0.0334 0.0235 0.0141 0.8450 
   HI_SS0595  6 0.0347 0.0174 0.1237 0.3726 0.0633 0.0389 0.2959 0.0535 
   HI_SS0596  6 0.0033 0.0062 0.0067 0.0363 0.0100 0.1104 0.8236 0.0036 
   HI_SS0597  6 0.0034 0.0136 0.0186 0.0129 0.0087 0.8850 0.0501 0.0077 
   HI_SS0600  6 0.0041 0.2104 0.1338 0.4413 0.0118 0.0808 0.0655 0.0523 
   HI_SS0601  6 0.0216 0.1789 0.0691 0.0205 0.5204 0.0363 0.0108 0.1423 
   HI_SS0602  6 0.0039 0.0595 0.0180 0.0541 0.0777 0.0116 0.0146 0.7606 
   HI_SS0604  6 0.0024 0.5608 0.0189 0.0214 0.0899 0.1309 0.0976 0.0781 
   HI_SS0605  6 0.0104 0.7067 0.0217 0.1609 0.0100 0.0218 0.0446 0.0239 
   HI_SS0608  6 0.0019 0.0788 0.0138 0.0429 0.2971 0.0307 0.5141 0.0207 
   HI_SS0609  6 0.0012 0.0247 0.1539 0.0217 0.3621 0.3262 0.0678 0.0424 
   HI_SS0611  6 0.0048 0.7897 0.0097 0.0112 0.1054 0.0147 0.0169 0.0475 
   HI_SS0612  6 0.0123 0.0213 0.3979 0.1714 0.0209 0.1388 0.0256 0.2119 
   HI_SS0613  6 0.0025 0.7688 0.0177 0.0100 0.1316 0.0280 0.0209 0.0206 
   HI_SS0615  6 0.0104 0.0393 0.0320 0.8324 0.0260 0.0356 0.0144 0.0098 
   HI_SS0001  6 0.0067 0.0192 0.3217 0.1117 0.1908 0.0898 0.2089 0.0511 
   HI_SS0002  6 0.0267 0.0079 0.2293 0.0092 0.0518 0.6526 0.0100 0.0126 
   HI_SS0004  6 0.0050 0.0468 0.0157 0.0677 0.6344 0.0330 0.0892 0.1083 
   HI_SS0005  6 0.0070 0.0367 0.7003 0.1037 0.0662 0.0190 0.0125 0.0547 
   HI_SS0006  6 0.0023 0.0882 0.4432 0.0131 0.0164 0.3404 0.0087 0.0876 
   HI_SS0007  6 0.0029 0.0091 0.0046 0.0051 0.0077 0.0039 0.9539 0.0128 
   HI_SS0008  6 0.0549 0.1475 0.2349 0.2447 0.0153 0.1112 0.0823 0.1091 
   HI_SS0009  6 0.0057 0.0359 0.0076 0.1321 0.6192 0.1465 0.0279 0.0250 
   HI_SS0010  6 0.0042 0.0631 0.1579 0.0146 0.0718 0.0088 0.6245 0.0551 
   HI_SS0011  6 0.0710 0.0315 0.5468 0.0168 0.0148 0.2878 0.0153 0.0160 
   HI_SS0012  6 0.0067 0.1013 0.0200 0.6625 0.1184 0.0708 0.0062 0.0140 
   HI_SS0017  6 0.0024 0.0057 0.0292 0.0317 0.0377 0.0485 0.8403 0.0046 
   HI_SS0021  6 0.2417 0.0055 0.1802 0.0164 0.1415 0.1111 0.0189 0.2847 
   HI_SS0024  6 0.0028 0.0478 0.2410 0.4830 0.0523 0.0530 0.1054 0.0146 
   HI_SS0025  6 0.0043 0.0530 0.0057 0.0602 0.5496 0.2970 0.0129 0.0173 
   HI_SS0027  6 0.0196 0.4073 0.0111 0.0281 0.0450 0.0174 0.1622 0.3093 
   HI_SS0028  6 0.0032 0.0102 0.2796 0.0426 0.5942 0.0463 0.0121 0.0117 
   HI_SS0029  6 0.0138 0.0425 0.1788 0.4534 0.1931 0.0133 0.0680 0.0371 
   HI_SS0030  6 0.0071 0.0271 0.0481 0.2492 0.0140 0.1469 0.1052 0.4024 
   HI_SS0031  6 0.0047 0.0166 0.2362 0.5116 0.0125 0.1577 0.0244 0.0363 
   HI_SS0034  6 0.0097 0.1330 0.0206 0.1056 0.0322 0.0668 0.1859 0.4463 
   HI_SS0036  6 0.0181 0.0119 0.0349 0.2322 0.0570 0.0063 0.1115 0.5281 
   HI_SS0037  6 0.0056 0.0240 0.0105 0.0228 0.8935 0.0128 0.0108 0.0200 
   HI_SS0039  6 0.0052 0.0239 0.4286 0.0255 0.0079 0.0174 0.2700 0.2214 
   HI_SS0041  6 0.0020 0.3262 0.0269 0.5609 0.0236 0.0428 0.0115 0.0061 
   HI_SS0042  6 0.1213 0.0228 0.0327 0.2719 0.3837 0.0845 0.0736 0.0095 
   HI_SS0043  6 0.0040 0.5591 0.0317 0.0383 0.0128 0.0101 0.0495 0.2944 
   HI_SS0044  6 0.0047 0.0063 0.0123 0.0278 0.0194 0.0189 0.8834 0.0273 
   HI_SS0047  6 0.0042 0.0641 0.0569 0.0310 0.0084 0.4912 0.3302 0.0140 
   HI_SS0049  6 0.0084 0.0246 0.0115 0.0306 0.1387 0.1349 0.6321 0.0192 
   HI_SS0051  6 0.0031 0.9053 0.0145 0.0084 0.0146 0.0305 0.0073 0.0163 
   HI_SS0053  6 0.0057 0.0335 0.0339 0.1030 0.0043 0.0097 0.0966 0.7133 
   HI_SS0054  6 0.0053 0.0193 0.0251 0.0126 0.0083 0.0196 0.0622 0.8476 
   HI_SS0057  6 0.0054 0.1555 0.3240 0.0283 0.0093 0.1418 0.3152 0.0206 
   HI_SS0058  6 0.0046 0.0122 0.0098 0.0052 0.8208 0.0475 0.0063 0.0936 
   HI_SS0060  6 0.0962 0.0379 0.0791 0.5094 0.0190 0.0332 0.1400 0.0852 
   HI_SS0087  6 0.0048 0.1111 0.0236 0.0275 0.0286 0.2124 0.0091 0.5830 
   HI_SS0091  6 0.0018 0.0410 0.0728 0.1405 0.0271 0.0302 0.0153 0.6712 
   HI_SS0095  6 0.0704 0.0173 0.0791 0.7259 0.0351 0.0365 0.0038 0.0317 
   HI_SS0097  6 0.0073 0.2526 0.3031 0.0348 0.2518 0.1143 0.0255 0.0106 
   HI_SS0099  6 0.0081 0.0276 0.2940 0.1954 0.2021 0.0924 0.1651 0.0153 
   HI_SS0103  6 0.0059 0.0497 0.0847 0.1563 0.0185 0.6306 0.0475 0.0067 
   HI_SS0105  6 0.0414 0.1834 0.0996 0.2309 0.1584 0.2562 0.0109 0.0192 
   HI_SS0107  6 0.0016 0.0216 0.0154 0.1156 0.0125 0.8047 0.0141 0.0144 
   HI_SS0108  6 0.0275 0.0558 0.0225 0.0126 0.0067 0.0124 0.1395 0.7231 
   HI_SS0110  6 0.0015 0.0097 0.1471 0.7173 0.0131 0.0714 0.0292 0.0108 
   HI_SS0111  6 0.0445 0.1512 0.3866 0.1802 0.0681 0.0467 0.0961 0.0268 
   HI_SS0112  6 0.0022 0.0919 0.0091 0.0647 0.0263 0.0348 0.2999 0.4710 
   HI_SS0113  6 0.0081 0.2184 0.2793 0.0983 0.1122 0.2389 0.0290 0.0158 
   HI_SS0114  6 0.0067 0.0207 0.0274 0.0151 0.0112 0.0231 0.0053 0.8904 
   HI_SS0115  6 0.0251 0.1153 0.0128 0.1299 0.5967 0.0245 0.0546 0.0412 
   HI_SS0116  6 0.0043 0.0312 0.0092 0.0118 0.0373 0.2266 0.0542 0.6254 
   HI_SS0117  6 0.0044 0.0212 0.1225 0.0771 0.1662 0.1396 0.3480 0.1210 
   HI_SS0118  6 0.0184 0.0245 0.1545 0.0308 0.0537 0.5200 0.0339 0.1643 
   HI_SS0119  6 0.0025 0.1430 0.6982 0.0767 0.0100 0.0134 0.0261 0.0301 
   HI_SS0120  6 0.0048 0.0493 0.0365 0.0347 0.0158 0.8339 0.0167 0.0084 
   HI_SS0121  6 0.0016 0.0114 0.8664 0.0075 0.0560 0.0286 0.0112 0.0174 
   HI_SS0122  6 0.0292 0.0515 0.3600 0.0277 0.2583 0.2057 0.0163 0.0512 
   HI_SS0123  6 0.0067 0.1658 0.7388 0.0325 0.0113 0.0191 0.0068 0.0190 
   HI_SS0124  6 0.0059 0.0164 0.0249 0.0491 0.5459 0.1846 0.1622 0.0111 
   HI_SS0125  6 0.0340 0.0083 0.0374 0.8896 0.0077 0.0125 0.0065 0.0040 
   HI_SS0126  6 0.0012 0.0087 0.0112 0.0073 0.0134 0.0092 0.9137 0.0353 
   HI_SS0127  6 0.0112 0.6521 0.0253 0.0395 0.0689 0.0256 0.1301 0.0473 
   HI_SS0128  6 0.0043 0.0237 0.0950 0.6869 0.0199 0.1060 0.0199 0.0444 
   HI_SS0129  6 0.0157 0.0450 0.0120 0.4208 0.0422 0.0233 0.1770 0.2639 
   HI_SS0131  6 0.0348 0.0126 0.0285 0.0165 0.7109 0.0688 0.0146 0.1133 
   HI_SS0132  6 0.0011 0.0177 0.6855 0.0509 0.0560 0.0178 0.1543 0.0167 
   HI_SS0133  6 0.0019 0.0479 0.0112 0.0070 0.0048 0.0100 0.1829 0.7343 
   HI_SS0134  6 0.0025 0.0713 0.1693 0.1015 0.0428 0.4801 0.0536 0.0788 
   HI_SS0142  6 0.0265 0.0117 0.7640 0.1176 0.0178 0.0318 0.0113 0.0193 
   HI_SS0145  6 0.0023 0.0196 0.1940 0.0573 0.0747 0.0542 0.2104 0.3874 
   HI_SS0146  6 0.0018 0.0080 0.0178 0.0487 0.0065 0.0200 0.8669 0.0304 
   HI_SS0147  6 0.0301 0.2211 0.0444 0.0134 0.1486 0.5225 0.0130 0.0069 
   HI_SS0149  6 0.0036 0.0042 0.9503 0.0093 0.0094 0.0073 0.0083 0.0076 
   HI_SS0150  6 0.0058 0.0132 0.0166 0.7577 0.0836 0.0165 0.0655 0.0412 
   HI_SS0151  6 0.0163 0.7479 0.0062 0.0827 0.0077 0.0636 0.0489 0.0268 
   NS_SS1451  6 0.0040 0.0328 0.0724 0.5350 0.1976 0.0512 0.0991 0.0080 
   NS_SS1404  6 0.0191 0.1917 0.2986 0.0576 0.0900 0.2651 0.0661 0.0117 
   NS_SS1432  6 0.0622 0.0135 0.2336 0.2941 0.0321 0.0317 0.3266 0.0063 
   NS_SS1405  6 0.0045 0.2033 0.0468 0.0598 0.4776 0.1188 0.0672 0.0218 
   NS_SS1431  6 0.0010 0.0176 0.5502 0.0367 0.0160 0.0193 0.3501 0.0092 
   NS_SS1402  6 0.0030 0.0711 0.0655 0.4186 0.0253 0.2489 0.0112 0.1563 
   NS_SS1450  6 0.0049 0.1308 0.0670 0.4474 0.0130 0.0221 0.1773 0.1374 
   NS_SS1396  6 0.0091 0.1128 0.6270 0.0773 0.0430 0.0321 0.0745 0.0242 
   NS_SS1393  6 0.0050 0.6106 0.0182 0.0274 0.1950 0.0580 0.0112 0.0745 
   NS_SS1392  6 0.0190 0.1664 0.0056 0.6480 0.0220 0.1067 0.0210 0.0115 
   NS_SS1445  6 0.0125 0.0121 0.1120 0.1134 0.0356 0.0220 0.0139 0.6785 
   NS_SS1423  6 0.0019 0.0260 0.1064 0.3133 0.1134 0.1485 0.0437 0.2469 
   NS_SS1421  6 0.1183 0.0655 0.0158 0.2086 0.0157 0.1409 0.4022 0.0329 
   NS_SS1411  6 0.0022 0.5787 0.0065 0.0053 0.0127 0.0207 0.0644 0.3095 
   NS_SS1453  6 0.0064 0.0542 0.1704 0.4614 0.1168 0.0584 0.0446 0.0879 
   NS_SS1442  6 0.0041 0.0309 0.1011 0.0238 0.0827 0.6399 0.0500 0.0675 
   NS_SS1422  6 0.0161 0.1226 0.0209 0.1405 0.0981 0.5206 0.0191 0.0623 
   NS_SS1419  6 0.1470 0.0136 0.0115 0.0167 0.7601 0.0063 0.0077 0.0370 
   NS_SS1427  6 0.0026 0.0055 0.0050 0.0899 0.0097 0.0049 0.0691 0.8134 
   NS_SS1444  6 0.0058 0.0489 0.0166 0.0224 0.6852 0.1535 0.0520 0.0156 
   NS_SS1455  6 0.0022 0.0238 0.0504 0.0087 0.1849 0.6618 0.0436 0.0247 
   NS_SS1425  6 0.0016 0.7538 0.0147 0.0114 0.0096 0.0657 0.0301 0.1131 
   NS_SS1400  6 0.0019 0.0467 0.0286 0.0073 0.1550 0.0578 0.0630 0.6397 
   NS_SS1406  6 0.0125 0.0222 0.0877 0.1307 0.5477 0.1790 0.0099 0.0104 
   NS_SS1417  6 0.0116 0.0169 0.0182 0.0102 0.2697 0.6057 0.0360 0.0317 
   NS_SS1454  6 0.0019 0.0283 0.3661 0.0296 0.2887 0.0151 0.1192 0.1510 
   NS_SS1412  6 0.0353 0.3083 0.0256 0.0426 0.0266 0.1197 0.4324 0.0096 
   NS_SS1438  6 0.0021 0.1745 0.0058 0.0235 0.0237 0.0164 0.0067 0.7472 
   NS_SS1416  6 0.0080 0.8745 0.0534 0.0131 0.0168 0.0165 0.0076 0.0102 
   NS_SS1401  6 0.0189 0.0219 0.2708 0.3625 0.1701 0.1301 0.0127 0.0131 
   NS_SS1424  6 0.0156 0.0293 0.2647 0.0523 0.0122 0.5208 0.0834 0.0216 
   NS_SS1435  6 0.0044 0.0133 0.0177 0.0145 0.0084 0.0125 0.9093 0.0198 
   NS_SS1447  6 0.0127 0.0218 0.0143 0.0078 0.0573 0.8175 0.0566 0.0121 
   NS_SS1414  6 0.0120 0.0159 0.0226 0.0073 0.8616 0.0493 0.0091 0.0222 
   NS_SS1449  6 0.0055 0.1923 0.0748 0.5662 0.0252 0.0342 0.0922 0.0097 
   NS_SS1443  6 0.0027 0.0367 0.1259 0.0133 0.0057 0.0242 0.4631 0.3284 
   NS_SS1434  6 0.0010 0.0291 0.0099 0.0503 0.0058 0.0746 0.8121 0.0172 
   NS_SS1398  6 0.0350 0.0426 0.0177 0.2136 0.3056 0.0539 0.2882 0.0435 
   NS_SS1426  6 0.0031 0.0497 0.0238 0.0799 0.0067 0.0121 0.0199 0.8049 
   NS_SS1413  6 0.0104 0.0116 0.0072 0.0081 0.0103 0.0098 0.9251 0.0175 
   NS_SS1395  6 0.0123 0.0164 0.0903 0.0977 0.0105 0.0276 0.0180 0.7270 
   NS_SS1448  6 0.0019 0.0068 0.0148 0.0270 0.0078 0.0044 0.9298 0.0075 
   NS_SS1446  6 0.0050 0.0121 0.2257 0.1988 0.1610 0.3114 0.0637 0.0223 
   NS_SS1403  6 0.0058 0.0121 0.1733 0.3831 0.3172 0.0197 0.0075 0.0813 
   NS_SS1415  6 0.0206 0.0310 0.0112 0.0149 0.0188 0.0229 0.8105 0.0701 
   NS_SS1437  6 0.0148 0.0197 0.5088 0.1066 0.1803 0.0474 0.0862 0.0362 
   NS_SS1439  6 0.0042 0.0280 0.0145 0.0208 0.3178 0.5417 0.0114 0.0615 
   NS_SS1441  6 0.0028 0.0250 0.0231 0.0467 0.1801 0.0586 0.5749 0.0887 
   NS_SS1420  6 0.0044 0.7718 0.0206 0.0287 0.1360 0.0150 0.0145 0.0089 
   NS_SS1394  6 0.0477 0.5293 0.0963 0.1900 0.0788 0.0102 0.0384 0.0094 
   NS_SS1391  6 0.0136 0.0078 0.0057 0.3347 0.0397 0.5098 0.0420 0.0466 
   NS_SS1410  6 0.0186 0.0303 0.0360 0.1461 0.0568 0.6439 0.0299 0.0384 
   NS_SS1408  6 0.0570 0.0129 0.7469 0.1355 0.0056 0.0060 0.0125 0.0237 
   NS_SS1409  6 0.0055 0.0650 0.0194 0.4846 0.0501 0.2637 0.0474 0.0644 
   HI_SS0617  7 0.0020 0.2278 0.1106 0.1658 0.0125 0.4209 0.0381 0.0223 
   HI_SS0618  7 0.0031 0.8118 0.0234 0.0472 0.0694 0.0086 0.0079 0.0285 
   HI_SS0619  7 0.0036 0.0181 0.0211 0.0317 0.4818 0.0145 0.4059 0.0233 
   HI_SS0620  7 0.0036 0.0667 0.0091 0.0093 0.0075 0.0150 0.7136 0.1752 
   HI_SS0621  7 0.0203 0.0232 0.0365 0.5570 0.2919 0.0399 0.0138 0.0173 
   HI_SS0622  7 0.0224 0.0756 0.3954 0.0266 0.0291 0.0296 0.3348 0.0865 
   HI_SS0626  7 0.0121 0.1742 0.1423 0.1485 0.4322 0.0204 0.0293 0.0408 
   HI_SS0627  7 0.0102 0.0410 0.0166 0.0171 0.0109 0.8745 0.0167 0.0129 
   HI_SS0628  7 0.0676 0.0428 0.3165 0.2606 0.0285 0.1185 0.0588 0.1067 
   HI_SS0629  7 0.0074 0.0137 0.0203 0.6131 0.0300 0.1600 0.0170 0.1384 
   HI_SS0630  7 0.0722 0.0661 0.0098 0.0837 0.0680 0.0444 0.6066 0.0493 
   HI_SS0631  7 0.0013 0.0331 0.0196 0.0511 0.0455 0.0146 0.0921 0.7428 
   HI_SS0632  7 0.0045 0.3032 0.0450 0.0231 0.0365 0.3646 0.1981 0.0250 
   HI_SS0633  7 0.0039 0.0205 0.0113 0.1639 0.4480 0.3289 0.0112 0.0123 
   HI_SS0634  7 0.0031 0.0556 0.6197 0.0779 0.0122 0.1862 0.0323 0.0130 
   HI_SS0635  7 0.0092 0.0178 0.0207 0.1078 0.7161 0.0353 0.0201 0.0730 
   HI_SS0637  7 0.0040 0.8370 0.0576 0.0334 0.0200 0.0273 0.0071 0.0135 
   HI_SS0638  7 0.0015 0.0982 0.2317 0.0254 0.0437 0.0136 0.5568 0.0292 
   HI_SS0639  7 0.0609 0.1280 0.0602 0.5143 0.0173 0.1477 0.0567 0.0149 
   HI_SS0640  7 0.0032 0.0528 0.0117 0.0789 0.0252 0.0268 0.0997 0.7016 
   HI_SS0641  7 0.0085 0.0201 0.0097 0.0236 0.8076 0.0103 0.0367 0.0835 
   HI_SS0642  7 0.0032 0.0151 0.1215 0.6328 0.0064 0.1180 0.0748 0.0281 
   HI_SS0645  7 0.0010 0.5946 0.0227 0.0097 0.3238 0.0135 0.0304 0.0041 
   HI_SS0646  7 0.0043 0.0180 0.0206 0.3635 0.0517 0.3321 0.0674 0.1424 
   HI_SS0647  7 0.0019 0.0539 0.0231 0.1200 0.2482 0.0740 0.4517 0.0271 
   HI_SS0648  7 0.0058 0.1639 0.0746 0.2011 0.1043 0.0463 0.3743 0.0298 
   HI_SS0649  7 0.0029 0.0610 0.0188 0.0687 0.3220 0.4358 0.0241 0.0667 
   HI_SS0650  7 0.0054 0.4025 0.0206 0.3165 0.0223 0.1773 0.0277 0.0276 
   HI_SS0651  7 0.0076 0.4412 0.0329 0.0865 0.2764 0.0381 0.0263 0.0911 
   HI_SS0652  7 0.0065 0.5263 0.0265 0.0997 0.1798 0.0548 0.0834 0.0230 
   NS_SS1371  7 0.0126 0.0123 0.0350 0.7540 0.0334 0.0235 0.0220 0.1073 
   NS_SS1374  7 0.0040 0.0381 0.2754 0.4047 0.0223 0.0147 0.1123 0.1285 
   NS_SS1337  7 0.0038 0.1809 0.4262 0.1300 0.0618 0.1671 0.0097 0.0205 
   NS_SS1385  7 0.0058 0.0388 0.0686 0.0332 0.0118 0.8039 0.0183 0.0197 
   NS_SS1388  7 0.0098 0.0095 0.0049 0.0477 0.8598 0.0207 0.0134 0.0341 
   NS_SS1370  7 0.0109 0.9081 0.0125 0.0092 0.0164 0.0166 0.0115 0.0148 
   NS_SS1389  7 0.0041 0.0053 0.0150 0.0079 0.9227 0.0151 0.0116 0.0184 
   NS_SS1360  7 0.0096 0.4414 0.0331 0.0213 0.0548 0.0416 0.1078 0.2904 
   NS_SS1330  7 0.0050 0.5694 0.0442 0.1101 0.2065 0.0406 0.0112 0.0130 
   NS_SS1328  7 0.0026 0.0067 0.1243 0.0289 0.0096 0.0186 0.7885 0.0208 
   NS_SS1384  7 0.0053 0.0213 0.0213 0.0638 0.0141 0.0393 0.0329 0.8020 
   NS_SS1381  7 0.0014 0.0449 0.0342 0.0780 0.0455 0.7626 0.0179 0.0154 
   NS_SS1375  7 0.0014 0.0186 0.0141 0.4446 0.0216 0.0224 0.4449 0.0324 
   NS_SS1319  7 0.1022 0.0371 0.1052 0.5925 0.0582 0.0116 0.0203 0.0729 
   NS_SS1326  7 0.0122 0.0145 0.0111 0.1367 0.0880 0.0122 0.5756 0.1498 
   NS_SS1341  7 0.0056 0.0109 0.1123 0.0189 0.0114 0.8041 0.0126 0.0241 
   NS_SS1383  7 0.0051 0.0258 0.0135 0.8839 0.0067 0.0165 0.0069 0.0416 
   NS_SS1318  7 0.0262 0.1098 0.0149 0.0332 0.0930 0.6590 0.0441 0.0199 
   NS_SS1348  7 0.0019 0.0106 0.0064 0.0113 0.0100 0.0308 0.0848 0.8442 
   NS_SS1363  7 0.0078 0.0745 0.1153 0.0591 0.4036 0.2493 0.0636 0.0269 
   NS_SS1335  7 0.0420 0.0357 0.0495 0.1923 0.1460 0.0164 0.3107 0.2074 
   NS_SS1358  7 0.0182 0.0657 0.2858 0.0121 0.0082 0.2954 0.0173 0.2973 
   NS_SS1342  7 0.0025 0.0133 0.0625 0.0282 0.0263 0.0596 0.0131 0.7944 
   NS_SS1320  7 0.0097 0.0188 0.0384 0.0613 0.2508 0.4460 0.1708 0.0042 
   NS_SS1355  7 0.0179 0.1347 0.0168 0.0644 0.3811 0.3261 0.0244 0.0347 
   NS_SS1345  7 0.0308 0.1574 0.0673 0.0112 0.0298 0.6509 0.0280 0.0246 
   NS_SS1324  7 0.0054 0.0409 0.0175 0.3340 0.0563 0.0469 0.1096 0.3895 
   NS_SS1347  7 0.0065 0.5162 0.0103 0.2160 0.0197 0.0985 0.1198 0.0130 
   NS_SS1321  7 0.0015 0.0233 0.9076 0.0129 0.0080 0.0088 0.0249 0.0131 
   NS_SS1333  7 0.0039 0.0055 0.0608 0.8393 0.0116 0.0221 0.0347 0.0221 
   NS_SS1364  7 0.0038 0.0733 0.0134 0.0251 0.0208 0.2024 0.0449 0.6163 
   NS_SS1379  7 0.0566 0.8306 0.0207 0.0089 0.0299 0.0233 0.0188 0.0111 
   NS_SS1332  7 0.0069 0.0040 0.0183 0.0078 0.0067 0.0135 0.6821 0.2609 
   NS_SS1338  7 0.0084 0.8984 0.0182 0.0148 0.0149 0.0127 0.0092 0.0233 
   NS_SS1368  7 0.0057 0.0096 0.0954 0.0131 0.0172 0.2406 0.5738 0.0445 
   NS_SS1354  7 0.0228 0.0159 0.3560 0.0174 0.0921 0.4211 0.0150 0.0596 
   NS_SS1365  7 0.0171 0.1535 0.0458 0.0678 0.0204 0.1843 0.4964 0.0147 
   NS_SS1380  7 0.0176 0.0064 0.0246 0.0099 0.9232 0.0066 0.0043 0.0074 
   NS_SS1329  7 0.0035 0.0075 0.8853 0.0083 0.0154 0.0047 0.0586 0.0166 
   NS_SS1362  7 0.0067 0.0179 0.0197 0.1684 0.0300 0.5072 0.0207 0.2294 
   NS_SS1327  7 0.0055 0.0069 0.0088 0.0078 0.0087 0.0054 0.0048 0.9520 
   NS_SS1350  7 0.0078 0.0065 0.0142 0.9098 0.0091 0.0172 0.0152 0.0202 
   NS_SS1387  7 0.0058 0.7009 0.0218 0.0262 0.1661 0.0162 0.0423 0.0208 
   NS_SS1369  7 0.0052 0.3898 0.0219 0.0786 0.0235 0.0144 0.2993 0.1673 
   NS_SS1331  7 0.0115 0.0989 0.2722 0.1284 0.2841 0.0180 0.0829 0.1039 
   NS_SS1357  7 0.0040 0.0528 0.1228 0.5347 0.0151 0.0723 0.0920 0.1064 
   NS_SS1386  7 0.0048 0.0174 0.0678 0.0167 0.0143 0.0088 0.0299 0.8403 
   NS_SS1353  7 0.0060 0.0084 0.1058 0.0348 0.0431 0.0551 0.7318 0.0151 
   NS_SS1323  7 0.0814 0.0186 0.7002 0.0543 0.0131 0.0802 0.0329 0.0195 
   HI_SS0296  8 0.0024 0.9126 0.0077 0.0103 0.0113 0.0141 0.0189 0.0227 
   HI_SS0297  8 0.0011 0.0268 0.0397 0.8228 0.0350 0.0160 0.0281 0.0305 
   HI_SS0299  8 0.0421 0.4744 0.0186 0.0217 0.0451 0.3339 0.0111 0.0531 
   HI_SS0300  8 0.0016 0.8230 0.0055 0.0160 0.0147 0.0065 0.0555 0.0771 
   HI_SS0301  8 0.0052 0.6360 0.0296 0.0162 0.0149 0.1305 0.1416 0.0260 
   HI_SS0302  8 0.0399 0.2634 0.0448 0.0530 0.0372 0.0127 0.3843 0.1647 
   HI_SS0303  8 0.0092 0.0156 0.0257 0.0106 0.0264 0.0169 0.8250 0.0705 
   HI_SS0304  8 0.0040 0.0957 0.5973 0.0542 0.1302 0.0192 0.0881 0.0113 
   HI_SS0306  8 0.0058 0.0131 0.0076 0.0233 0.0054 0.0060 0.8202 0.1185 
   HI_SS0307  8 0.0111 0.0651 0.4184 0.3022 0.0366 0.0737 0.0650 0.0278 
   HI_SS0308  8 0.0722 0.0481 0.0077 0.4096 0.4038 0.0231 0.0072 0.0282 
   HI_SS0309  8 0.0031 0.4170 0.0185 0.3289 0.1244 0.0854 0.0094 0.0134 
   HI_SS0310  8 0.0112 0.0405 0.0213 0.0213 0.1102 0.0452 0.3072 0.4432 
   HI_SS0311  8 0.0034 0.0459 0.1054 0.0360 0.0225 0.0223 0.7213 0.0433 
   HI_SS0314  8 0.0024 0.0132 0.1343 0.0864 0.0884 0.0398 0.6241 0.0115 
   HI_SS0316  8 0.0088 0.0407 0.4743 0.1955 0.0172 0.0798 0.0889 0.0947 
   HI_SS0317  8 0.0033 0.1236 0.2294 0.2263 0.0171 0.3505 0.0285 0.0212 
   HI_SS0318  8 0.2049 0.1376 0.0105 0.1646 0.0118 0.0183 0.0106 0.4418 
   HI_SS0319  8 0.0062 0.0052 0.0148 0.0070 0.0075 0.0079 0.0190 0.9325 
   HI_SS0320  8 0.0015 0.0158 0.7183 0.1964 0.0387 0.0137 0.0062 0.0093 
   HI_SS0321  8 0.0023 0.2016 0.0149 0.6179 0.0051 0.1133 0.0055 0.0394 
   HI_SS0323  8 0.0024 0.1203 0.0232 0.5964 0.0833 0.0223 0.0326 0.1195 
   HI_SS0325  8 0.0025 0.1671 0.1195 0.0211 0.0581 0.0151 0.6018 0.0148 
   HI_SS0327  8 0.0021 0.0181 0.0148 0.6735 0.0075 0.0649 0.0172 0.2019 
   HI_SS0329  8 0.0026 0.0248 0.3273 0.1038 0.0588 0.2021 0.2458 0.0349 
   HI_SS0333  8 0.0037 0.0845 0.0137 0.5530 0.2590 0.0362 0.0225 0.0273 
   HI_SS0334  8 0.0015 0.8322 0.0422 0.0132 0.0325 0.0270 0.0192 0.0322 
   HI_SS0335  8 0.0273 0.0502 0.0089 0.0351 0.0619 0.7934 0.0066 0.0166 
   HI_SS0339  8 0.0170 0.0517 0.0111 0.0303 0.8091 0.0390 0.0235 0.0184 
   HI_SS0343  8 0.0041 0.0086 0.0987 0.1289 0.0561 0.5869 0.0747 0.0420 
   HI_SS0344  8 0.0054 0.0197 0.0422 0.0357 0.0059 0.0101 0.0442 0.8367 
   HI_SS0345  8 0.0103 0.2157 0.0472 0.0271 0.0884 0.5745 0.0139 0.0228 
   HI_SS0346  8 0.0073 0.4634 0.0906 0.0715 0.0101 0.2335 0.0455 0.0782 
   HI_SS0350  8 0.0104 0.0164 0.0095 0.0049 0.9428 0.0066 0.0056 0.0038 
   HI_SS0351  8 0.0050 0.0529 0.0206 0.0101 0.0161 0.8443 0.0162 0.0349 
   HI_SS0352  8 0.1297 0.0170 0.1950 0.0370 0.3050 0.2689 0.0342 0.0133 
   HI_SS0362  8 0.0038 0.0433 0.0213 0.0739 0.0168 0.0097 0.8100 0.0212 
   HI_SS0363  8 0.0064 0.0435 0.0175 0.1279 0.0380 0.0283 0.2025 0.5358 
   HI_SS0365  8 0.0079 0.6939 0.0363 0.0531 0.0300 0.0651 0.0144 0.0993 
   HI_SS0366  8 0.0022 0.0426 0.0094 0.0180 0.0120 0.0564 0.0693 0.7902 
   HI_SS0367  8 0.0036 0.0106 0.0224 0.0198 0.7977 0.1232 0.0157 0.0071 
   HI_SS0369  8 0.0048 0.0910 0.4364 0.1439 0.1915 0.1020 0.0157 0.0147 
