

----------------------------------------------------
STRUCTURE by Pritchard, Stephens and Donnelly (2000)
     and Falush, Stephens and Pritchard (2003)
       Code by Pritchard, Falush and Hubisz
             Version 2.3.4 (Jul 2012)
----------------------------------------------------



Command line arguments:   /home/genobiwan/Documents/Programs/Structure/structure -m parameter_job_k4_r3 
Input File:    /media/genobiwan/Storage/Projets/Mackerel_NWA_2021/data_job_k4_r3

Run parameters:
   629 individuals
   4140 loci
   4 populations assumed
   10000 Burn-in period
   100000 Reps


--------------------------------------------
Proportion of membership of each pre-defined
 population in each of the 4 clusters

Given    Inferred Clusters              Number of
 Pop       1      2      3      4      Individuals

  1:     0.310  0.279  0.398  0.013       67
  2:     0.355  0.218  0.418  0.010       32
  3:     0.357  0.274  0.355  0.015       92
  4:     0.231  0.406  0.347  0.016       36
  5:     0.399  0.376  0.203  0.021       41
  6:     0.292  0.363  0.331  0.014      158
  7:     0.295  0.309  0.386  0.010       79
  8:     0.275  0.364  0.346  0.015       52
  9:     0.006  0.005  0.006  0.982       36
 10:     0.004  0.004  0.004  0.987       36
--------------------------------------------

Allele-freq. divergence among pops (Net nucleotide distance),
computed using point estimates of P.

      1       2       3       4      
 1      -    0.0003  0.0002  0.0048  
 2   0.0003     -    0.0002  0.0050  
 3   0.0002  0.0002     -    0.0048  
 4   0.0048  0.0050  0.0048     -    

Average distances (expected heterozygosity) between individuals in same cluster:
cluster  1  : 0.3185 
cluster  2  : 0.3182 
cluster  3  : 0.3187 
cluster  4  : 0.3056 

--------------------------------------------
Estimated Ln Prob of Data   = -2479456.9
Mean value of ln likelihood = -2466526.9
Variance of ln likelihood   = 25859.9
Mean value of alpha         = 0.0445

Mean value of Fst_1         = 0.0022
Mean value of Fst_2         = 0.0029
Mean value of Fst_3         = 0.0018
Mean value of Fst_4         = 0.0380


Inferred ancestry of individuals:
        Label (%Miss) Pop:  Inferred clusters
  1 NS_SS0963    (4)    1 :  0.643 0.114 0.238 0.006 
  2 NS_SS0983    (1)    1 :  0.031 0.941 0.023 0.005 
  3 NS_SS0719    (9)    1 :  0.010 0.035 0.949 0.005 
  4 NS_SS1001    (8)    1 :  0.422 0.311 0.258 0.009 
  5 NS_SS0936    (4)    1 :  0.435 0.033 0.528 0.003 
  6 NS_SS0955    (6)    1 :  0.044 0.914 0.037 0.004 
  7 NS_SS0944    (3)    1 :  0.383 0.596 0.019 0.002 
  8 NS_SS0945    (3)    1 :  0.442 0.261 0.287 0.009 
  9 NS_SS0922    (2)    1 :  0.182 0.008 0.785 0.025 
 10 NS_SS0929    (7)    1 :  0.173 0.600 0.224 0.003 
 11 NS_SS0956    (1)    1 :  0.031 0.013 0.952 0.004 
 12 NS_SS0906    (3)    1 :  0.741 0.082 0.173 0.004 
 13 NS_SS0721    (6)    1 :  0.012 0.026 0.958 0.004 
 14 NS_SS0982    (4)    1 :  0.528 0.027 0.424 0.021 
 15 NS_SS0923    (6)    1 :  0.074 0.014 0.908 0.005 
 16 NS_SS0905    (6)    1 :  0.051 0.107 0.841 0.002 
 17 NS_SS0925    (3)    1 :  0.727 0.025 0.242 0.006 
 18 NS_SS0947    (6)    1 :  0.919 0.012 0.064 0.005 
 19 NS_SS0926    (2)    1 :  0.006 0.971 0.021 0.001 
 20 NS_SS0918    (6)    1 :  0.350 0.195 0.452 0.003 
 21 NS_SS0966    (4)    1 :  0.840 0.056 0.056 0.048 
 22 NS_SS0938    (2)    1 :  0.471 0.036 0.491 0.002 
 23 NS_SS0917    (2)    1 :  0.019 0.057 0.880 0.044 
 24 NS_SS0957   (11)    1 :  0.164 0.047 0.781 0.008 
 25 NS_SS0987    (1)    1 :  0.019 0.016 0.739 0.227 
 26 NS_SS0717    (4)    1 :  0.534 0.010 0.453 0.003 
 27 NS_SS0986    (2)    1 :  0.720 0.028 0.247 0.005 
 28 NS_SS0953    (3)    1 :  0.940 0.014 0.029 0.017 
 29 NS_SS0907    (3)    1 :  0.842 0.069 0.054 0.035 
 30 NS_SS0974    (6)    1 :  0.111 0.850 0.034 0.004 
 31 NS_SS0989    (1)    1 :  0.029 0.958 0.012 0.001 
 32 NS_SS0991    (3)    1 :  0.153 0.823 0.022 0.002 
 33 NS_SS0994    (2)    1 :  0.007 0.981 0.009 0.002 
 34 NS_SS0931    (6)    1 :  0.026 0.796 0.165 0.013 
 35 NS_SS1000    (5)    1 :  0.870 0.012 0.115 0.004 
 36 NS_SS0919    (1)    1 :  0.145 0.373 0.478 0.003 
 37 NS_SS0949    (4)    1 :  0.018 0.958 0.023 0.001 
 38 NS_SS0960   (10)    1 :  0.038 0.602 0.352 0.007 
 39 NS_SS0716    (2)    1 :  0.037 0.005 0.953 0.006 
 40 NS_SS0924    (8)    1 :  0.082 0.421 0.475 0.022 
 41 NS_SS0935    (2)    1 :  0.025 0.905 0.059 0.012 
 42 NS_SS0952   (14)    1 :  0.206 0.728 0.026 0.040 
 43 NS_SS0962   (11)    1 :  0.192 0.011 0.790 0.008 
 44 NS_SS0973    (5)    1 :  0.429 0.512 0.054 0.005 
 45 NS_SS0722    (1)    1 :  0.927 0.012 0.059 0.002 
 46 NS_SS0979   (13)    1 :  0.388 0.036 0.573 0.002 
 47 NS_SS0993    (2)    1 :  0.750 0.034 0.198 0.018 
 48 NS_SS0958    (1)    1 :  0.111 0.828 0.058 0.004 
 49 NS_SS0988    (4)    1 :  0.558 0.057 0.380 0.006 
 50 NS_SS1003    (2)    1 :  0.122 0.009 0.859 0.009 
 51 NS_SS0976    (1)    1 :  0.194 0.757 0.047 0.002 
 52 NS_SS0964   (10)    1 :  0.665 0.024 0.309 0.003 
 53 NS_SS0939    (4)    1 :  0.006 0.005 0.985 0.004 
 54 NS_SS0990    (6)    1 :  0.195 0.073 0.729 0.004 
 55 NS_SS0984    (2)    1 :  0.023 0.004 0.971 0.002 
 56 NS_SS0980   (10)    1 :  0.421 0.133 0.444 0.002 
 57 NS_SS0978    (4)    1 :  0.272 0.079 0.644 0.005 
 58 NS_SS0951   (18)    1 :  0.244 0.676 0.077 0.004 
 59 NS_SS0913    (3)    1 :  0.412 0.095 0.448 0.045 
 60 NS_SS1002    (1)    1 :  0.940 0.008 0.018 0.034 
 61 NS_SS0948    (1)    1 :  0.505 0.106 0.341 0.048 
 62 NS_SS0916    (4)    1 :  0.029 0.158 0.807 0.006 
 63 NS_SS0995    (1)    1 :  0.032 0.013 0.952 0.003 
 64 NS_SS0927    (6)    1 :  0.073 0.282 0.640 0.005 
 65 NS_SS0992    (5)    1 :  0.533 0.341 0.122 0.004 
 66 NS_SS0912    (1)    1 :  0.067 0.364 0.565 0.003 
 67 NS_SS0981    (1)    1 :  0.200 0.032 0.764 0.003 
 68 NS_SS0729    (5)    2 :  0.020 0.971 0.005 0.004 
 69 NS_SS0967   (15)    2 :  0.534 0.070 0.383 0.013 
 70 NS_SS0941    (8)    2 :  0.187 0.149 0.583 0.081 
 71 NS_SS0768   (12)    2 :  0.910 0.022 0.064 0.005 
 72 NS_SS0726    (5)    2 :  0.074 0.891 0.025 0.011 
 73 NS_SS0763    (4)    2 :  0.033 0.948 0.016 0.003 
 74 NS_SS0730    (6)    2 :  0.040 0.007 0.950 0.003 
 75 NS_SS0774    (2)    2 :  0.529 0.009 0.461 0.001 
 76 NS_SS0723    (3)    2 :  0.265 0.009 0.724 0.002 
 77 NS_SS0940   (10)    2 :  0.018 0.210 0.766 0.006 
 78 NS_SS0762    (1)    2 :  0.420 0.018 0.559 0.003 
 79 NS_SS0766   (11)    2 :  0.016 0.079 0.894 0.011 
 80 NS_SS0724    (1)    2 :  0.962 0.014 0.021 0.003 
 81 NS_SS0769    (3)    2 :  0.325 0.049 0.621 0.004 
 82 NS_SS0777    (1)    2 :  0.355 0.379 0.247 0.018 
 83 NS_SS0734    (6)    2 :  0.030 0.111 0.832 0.027 
 84 NS_SS0737    (3)    2 :  0.580 0.012 0.402 0.006 
 85 NS_SS0732    (5)    2 :  0.016 0.021 0.958 0.005 
 86 NS_SS0728    (5)    2 :  0.378 0.121 0.487 0.014 
 87 NS_SS0735    (9)    2 :  0.844 0.039 0.108 0.009 
 88 NS_SS0725    (1)    2 :  0.898 0.061 0.032 0.009 
 89 NS_SS0788    (2)    2 :  0.197 0.021 0.780 0.002 
 90 NS_SS0778    (2)    2 :  0.067 0.083 0.849 0.002 
 91 NS_SS0792    (6)    2 :  0.443 0.302 0.248 0.007 
 92 NS_SS0943   (11)    2 :  0.143 0.842 0.008 0.007 
 93 NS_SS0791    (2)    2 :  0.008 0.133 0.845 0.013 
 94 NS_SS0790    (5)    2 :  0.983 0.003 0.010 0.004 
 95 NS_SS0731    (6)    2 :  0.933 0.011 0.043 0.012 
 96 NS_SS0727    (7)    2 :  0.040 0.942 0.017 0.002 
 97 NS_SS0779   (13)    2 :  0.338 0.183 0.471 0.008 
 98 NS_SS0776    (3)    2 :  0.721 0.239 0.032 0.009 
 99 NS_SS0775    (5)    2 :  0.038 0.012 0.942 0.008 
100 NS_SS0965    (3)    3 :  0.161 0.052 0.785 0.002 
101 NS_SS0754   (14)    3 :  0.034 0.875 0.075 0.016 
102 NS_SS0838    (5)    3 :  0.604 0.259 0.097 0.040 
103 NS_SS0839    (3)    3 :  0.671 0.010 0.315 0.004 
104 NS_SS0832    (4)    3 :  0.776 0.008 0.167 0.050 
105 NS_SS0820    (5)    3 :  0.626 0.006 0.360 0.008 
106 NS_SS0886    (9)    3 :  0.050 0.295 0.653 0.002 
107 NS_SS0748    (5)    3 :  0.476 0.417 0.097 0.009 
108 NS_SS0884    (9)    3 :  0.541 0.186 0.243 0.030 
109 NS_SS0752    (4)    3 :  0.495 0.135 0.368 0.002 
110 NS_SS0862    (1)    3 :  0.191 0.012 0.792 0.005 
111 NS_SS0787    (9)    3 :  0.013 0.959 0.020 0.008 
112 NS_SS0843    (6)    3 :  0.745 0.170 0.082 0.003 
113 NS_SS0856    (4)    3 :  0.887 0.024 0.086 0.004 
114 NS_SS0846    (2)    3 :  0.663 0.309 0.025 0.004 
115 NS_SS0825    (1)    3 :  0.087 0.026 0.877 0.010 
116 NS_SS0757    (3)    3 :  0.073 0.808 0.114 0.005 
117 NS_SS0876    (3)    3 :  0.580 0.030 0.169 0.222 
118 NS_SS0903   (10)    3 :  0.880 0.036 0.081 0.002 
119 NS_SS0875    (7)    3 :  0.014 0.017 0.966 0.003 
120 NS_SS0740    (5)    3 :  0.396 0.491 0.110 0.004 
121 NS_SS0811    (5)    3 :  0.295 0.040 0.654 0.011 
122 NS_SS0751    (1)    3 :  0.036 0.042 0.919 0.002 
123 NS_SS0891    (6)    3 :  0.705 0.019 0.270 0.006 
124 NS_SS0867    (2)    3 :  0.312 0.554 0.100 0.034 
125 NS_SS0890    (6)    3 :  0.088 0.317 0.591 0.004 
126 NS_SS0866   (12)    3 :  0.015 0.956 0.022 0.007 
127 NS_SS0755    (4)    3 :  0.535 0.226 0.231 0.008 
128 NS_SS0758    (4)    3 :  0.532 0.195 0.270 0.002 
129 NS_SS0840    (2)    3 :  0.440 0.016 0.541 0.002 
130 NS_SS0889    (4)    3 :  0.057 0.886 0.054 0.003 
131 NS_SS1010    (1)    3 :  0.268 0.148 0.540 0.044 
132 NS_SS0888    (5)    3 :  0.009 0.977 0.013 0.001 
133 NS_SS0837    (3)    3 :  0.732 0.070 0.194 0.004 
134 NS_SS0794   (10)    3 :  0.095 0.889 0.014 0.002 
135 NS_SS0823    (5)    3 :  0.965 0.015 0.016 0.004 
136 NS_SS0829    (7)    3 :  0.007 0.866 0.011 0.116 
137 NS_SS0844    (5)    3 :  0.983 0.008 0.007 0.002 
138 NS_SS1008    (6)    3 :  0.058 0.900 0.031 0.012 
139 NS_SS0881    (3)    3 :  0.011 0.054 0.932 0.002 
140 NS_SS0834    (6)    3 :  0.975 0.009 0.010 0.006 
141 NS_SS0744   (10)    3 :  0.180 0.159 0.653 0.008 
142 NS_SS0899    (7)    3 :  0.750 0.012 0.236 0.002 
143 NS_SS0804    (5)    3 :  0.341 0.009 0.646 0.005 
144 NS_SS0781   (10)    3 :  0.875 0.005 0.117 0.004 
145 NS_SS0822    (6)    3 :  0.189 0.795 0.014 0.002 
146 NS_SS1004    (4)    3 :  0.840 0.070 0.086 0.004 
147 NS_SS0746    (5)    3 :  0.781 0.173 0.033 0.014 
148 NS_SS0880    (3)    3 :  0.349 0.258 0.392 0.002 
149 NS_SS0879    (5)    3 :  0.831 0.049 0.106 0.014 
150 NS_SS0753    (2)    3 :  0.021 0.924 0.044 0.011 
151 NS_SS1007    (3)    3 :  0.013 0.022 0.963 0.002 
152 NS_SS0872    (5)    3 :  0.917 0.009 0.072 0.002 
153 NS_SS1005    (7)    3 :  0.941 0.010 0.047 0.001 
154 NS_SS0892    (6)    3 :  0.085 0.138 0.775 0.002 
155 NS_SS0898    (0)    3 :  0.017 0.300 0.678 0.005 
156 NS_SS0801    (9)    3 :  0.734 0.022 0.233 0.011 
157 NS_SS0827    (9)    3 :  0.031 0.096 0.759 0.114 
158 NS_SS0853    (7)    3 :  0.269 0.136 0.587 0.008 
159 NS_SS0780    (2)    3 :  0.110 0.021 0.864 0.005 
160 NS_SS0826   (10)    3 :  0.862 0.119 0.016 0.004 
161 NS_SS0818    (5)    3 :  0.135 0.017 0.845 0.002 
162 NS_SS0745    (1)    3 :  0.064 0.006 0.929 0.001 
163 NS_SS0849    (3)    3 :  0.034 0.039 0.925 0.002 
164 NS_SS0739    (3)    3 :  0.006 0.007 0.976 0.011 
165 NS_SS0799    (1)    3 :  0.016 0.933 0.050 0.001 
166 NS_SS0756    (3)    3 :  0.704 0.009 0.284 0.003 
167 NS_SS0802    (2)    3 :  0.064 0.174 0.559 0.203 
168 NS_SS0747    (6)    3 :  0.632 0.120 0.242 0.006 
169 NS_SS0835    (1)    3 :  0.038 0.749 0.212 0.001 
170 NS_SS0742   (19)    3 :  0.342 0.076 0.581 0.001 
171 NS_SS0760    (9)    3 :  0.086 0.804 0.052 0.058 
172 NS_SS0803    (4)    3 :  0.982 0.006 0.006 0.006 
173 NS_SS0828   (14)    3 :  0.018 0.260 0.721 0.001 
174 NS_SS0865    (2)    3 :  0.094 0.135 0.744 0.026 
175 NS_SS0759    (5)    3 :  0.065 0.008 0.922 0.005 
176 NS_SS0851    (5)    3 :  0.044 0.007 0.936 0.013 
177 NS_SS0874   (16)    3 :  0.965 0.022 0.011 0.002 
178 NS_SS0761    (6)    3 :  0.032 0.911 0.053 0.004 
179 NS_SS0842   (26)    3 :  0.371 0.245 0.374 0.010 
180 NS_SS0785    (6)    3 :  0.439 0.389 0.165 0.007 
181 NS_SS0860   (11)    3 :  0.038 0.928 0.030 0.003 
182 NS_SS0897    (7)    3 :  0.007 0.978 0.012 0.002 
183 NS_SS0841   (15)    3 :  0.120 0.015 0.860 0.004 
184 NS_SS0797    (7)    3 :  0.030 0.536 0.406 0.028 
185 NS_SS0830   (11)    3 :  0.081 0.405 0.512 0.002 
186 NS_SS1011    (5)    3 :  0.934 0.013 0.047 0.006 
187 NS_SS0883    (5)    3 :  0.014 0.067 0.913 0.006 
188 NS_SS0782    (2)    3 :  0.743 0.051 0.204 0.003 
189 NS_SS0831    (5)    3 :  0.035 0.879 0.082 0.004 
190 NS_SS0749    (7)    3 :  0.025 0.287 0.685 0.004 
191 NS_SS0854    (2)    3 :  0.468 0.473 0.055 0.004 
192 HI_SS0193    (0)    4 :  0.012 0.974 0.012 0.002 
193 HI_SS0194    (1)    4 :  0.963 0.012 0.023 0.002 
194 HI_SS0195   (10)    4 :  0.121 0.005 0.792 0.082 
195 HI_SS0196    (6)    4 :  0.617 0.233 0.147 0.003 
196 HI_SS0197    (3)    4 :  0.041 0.006 0.941 0.011 
197 HI_SS0198    (1)    4 :  0.043 0.125 0.823 0.009 
198 HI_SS0199    (1)    4 :  0.069 0.843 0.085 0.003 
199 HI_SS0201    (5)    4 :  0.025 0.958 0.015 0.002 
200 HI_SS0215    (1)    4 :  0.175 0.743 0.079 0.004 
201 HI_SS0218    (1)    4 :  0.004 0.984 0.006 0.006 
202 HI_SS0222    (0)    4 :  0.058 0.025 0.912 0.005 
203 HI_SS0230    (1)    4 :  0.559 0.014 0.421 0.006 
204 HI_SS0234    (2)    4 :  0.575 0.054 0.202 0.169 
205 HI_SS0240    (1)    4 :  0.041 0.021 0.928 0.009 
206 HI_SS0241    (0)    4 :  0.034 0.901 0.061 0.003 
207 HI_SS0242    (0)    4 :  0.241 0.262 0.493 0.004 
208 HI_SS0247    (0)    4 :  0.948 0.017 0.016 0.020 
209 HI_SS0248    (1)    4 :  0.020 0.970 0.010 0.001 
210 HI_SS0252    (2)    4 :  0.894 0.062 0.043 0.002 
211 HI_SS0254    (0)    4 :  0.028 0.790 0.085 0.096 
212 HI_SS0256    (0)    4 :  0.975 0.004 0.020 0.001 
213 HI_SS0257    (0)    4 :  0.162 0.816 0.018 0.003 
214 HI_SS0258    (1)    4 :  0.015 0.965 0.015 0.005 
215 HI_SS0259    (1)    4 :  0.284 0.020 0.692 0.004 
216 HI_SS0260    (1)    4 :  0.027 0.927 0.044 0.002 
217 HI_SS0261    (2)    4 :  0.163 0.747 0.087 0.003 
218 HI_SS0262    (0)    4 :  0.122 0.017 0.855 0.007 
219 HI_SS0264    (0)    4 :  0.527 0.012 0.456 0.005 
220 HI_SS0265    (0)    4 :  0.093 0.015 0.796 0.096 
221 HI_SS0268    (1)    4 :  0.023 0.025 0.949 0.003 
222 HI_SS0269    (0)    4 :  0.032 0.950 0.015 0.002 
223 HI_SS0273    (0)    4 :  0.016 0.946 0.035 0.002 
224 HI_SS0277    (1)    4 :  0.032 0.028 0.936 0.003 
225 HI_SS0280    (0)    4 :  0.026 0.059 0.909 0.006 
226 HI_SS0282    (1)    4 :  0.145 0.830 0.024 0.001 
227 HI_SS0286    (1)    4 :  0.192 0.266 0.534 0.008 
228 NS_SS1252    (3)    5 :  0.008 0.982 0.006 0.003 
229 NS_SS1261    (1)    5 :  0.454 0.168 0.357 0.021 
230 NS_SS1225   (10)    5 :  0.430 0.438 0.018 0.113 
231 NS_SS1266    (1)    5 :  0.970 0.005 0.016 0.009 
232 NS_SS1228    (0)    5 :  0.045 0.015 0.927 0.013 
233 NS_SS1255    (3)    5 :  0.630 0.204 0.165 0.002 
234 NS_SS1267    (3)    5 :  0.007 0.962 0.014 0.016 
235 NS_SS1238    (6)    5 :  0.275 0.191 0.530 0.003 
236 NS_SS1233    (8)    5 :  0.865 0.104 0.029 0.003 
237 NS_SS1277    (3)    5 :  0.014 0.926 0.060 0.001 
238 NS_SS1245    (1)    5 :  0.498 0.480 0.020 0.002 
239 NS_SS1240    (4)    5 :  0.014 0.974 0.010 0.002 
240 NS_SS1275    (2)    5 :  0.572 0.010 0.414 0.003 
241 NS_SS1235    (1)    5 :  0.973 0.015 0.007 0.005 
242 NS_SS1263    (1)    5 :  0.938 0.046 0.015 0.001 
243 NS_SS1251    (2)    5 :  0.964 0.015 0.020 0.001 
244 NS_SS1248    (0)    5 :  0.021 0.077 0.810 0.092 
245 NS_SS1244    (0)    5 :  0.177 0.550 0.266 0.006 
246 NS_SS1257    (1)    5 :  0.053 0.766 0.144 0.037 
247 NS_SS1242    (2)    5 :  0.844 0.010 0.143 0.002 
248 NS_SS1271    (6)    5 :  0.007 0.924 0.040 0.029 
249 NS_SS1265    (1)    5 :  0.305 0.628 0.046 0.021 
250 NS_SS1243    (0)    5 :  0.464 0.039 0.396 0.101 
251 NS_SS1273    (1)    5 :  0.198 0.011 0.780 0.012 
252 NS_SS1254   (14)    5 :  0.794 0.118 0.081 0.006 
253 NS_SS1224    (1)    5 :  0.895 0.015 0.081 0.009 
254 NS_SS1227    (8)    5 :  0.015 0.704 0.279 0.002 
255 NS_SS1274    (9)    5 :  0.027 0.906 0.046 0.020 
256 NS_SS1241    (1)    5 :  0.132 0.852 0.015 0.001 
257 NS_SS1256    (3)    5 :  0.889 0.054 0.019 0.037 
258 NS_SS1260    (8)    5 :  0.052 0.845 0.035 0.068 
259 NS_SS1262    (0)    5 :  0.067 0.709 0.034 0.190 
260 NS_SS1230    (0)    5 :  0.139 0.600 0.253 0.008 
261 NS_SS1270    (2)    5 :  0.946 0.016 0.036 0.002 
262 NS_SS1229    (2)    5 :  0.910 0.035 0.051 0.004 
263 NS_SS1246    (5)    5 :  0.128 0.796 0.073 0.003 
264 NS_SS1269    (0)    5 :  0.229 0.069 0.700 0.002 
265 NS_SS1239    (1)    5 :  0.052 0.136 0.806 0.006 
266 NS_SS1272    (5)    5 :  0.963 0.011 0.020 0.006 
267 NS_SS1268    (1)    5 :  0.381 0.061 0.556 0.003 
268 NS_SS1249    (1)    5 :  0.013 0.965 0.009 0.013 
269 HI_SS0559    (0)    6 :  0.401 0.515 0.082 0.002 
270 HI_SS0563    (1)    6 :  0.277 0.106 0.614 0.003 
271 HI_SS0564    (0)    6 :  0.097 0.045 0.804 0.054 
272 HI_SS0565    (0)    6 :  0.256 0.176 0.565 0.003 
273 HI_SS0569    (1)    6 :  0.022 0.933 0.042 0.002 
274 HI_SS0570    (0)    6 :  0.036 0.889 0.027 0.048 
275 HI_SS0572    (1)    6 :  0.982 0.008 0.007 0.002 
276 HI_SS0576    (1)    6 :  0.015 0.020 0.959 0.006 
277 HI_SS0579    (1)    6 :  0.790 0.176 0.021 0.012 
278 HI_SS0580    (1)    6 :  0.153 0.461 0.381 0.005 
279 HI_SS0581    (0)    6 :  0.335 0.009 0.596 0.060 
280 HI_SS0583    (1)    6 :  0.095 0.874 0.028 0.003 
281 HI_SS0586    (1)    6 :  0.006 0.970 0.022 0.001 
282 HI_SS0588    (1)    6 :  0.129 0.795 0.053 0.023 
283 HI_SS0595    (4)    6 :  0.029 0.153 0.787 0.030 
284 HI_SS0596    (0)    6 :  0.965 0.008 0.025 0.002 
285 HI_SS0597    (1)    6 :  0.922 0.012 0.063 0.003 
286 HI_SS0600    (0)    6 :  0.089 0.543 0.363 0.004 
287 HI_SS0601    (1)    6 :  0.187 0.778 0.020 0.016 
288 HI_SS0602    (1)    6 :  0.066 0.242 0.690 0.003 
289 HI_SS0604    (0)    6 :  0.862 0.083 0.053 0.002 
290 HI_SS0605    (1)    6 :  0.034 0.298 0.661 0.007 
291 HI_SS0608    (0)    6 :  0.030 0.368 0.600 0.001 
292 HI_SS0609    (0)    6 :  0.849 0.017 0.133 0.001 
293 HI_SS0611    (5)    6 :  0.028 0.947 0.022 0.003 
294 HI_SS0612    (0)    6 :  0.726 0.218 0.049 0.007 
295 HI_SS0613    (1)    6 :  0.355 0.056 0.587 0.002 
296 HI_SS0615    (1)    6 :  0.033 0.013 0.943 0.012 
297 HI_SS0001    (1)    6 :  0.233 0.712 0.050 0.005 
298 HI_SS0002    (1)    6 :  0.942 0.012 0.017 0.028 
299 HI_SS0004    (0)    6 :  0.146 0.761 0.087 0.007 
300 HI_SS0005    (1)    6 :  0.009 0.018 0.967 0.005 
301 HI_SS0006    (1)    6 :  0.436 0.542 0.020 0.002 
302 HI_SS0007    (1)    6 :  0.010 0.824 0.163 0.003 
303 HI_SS0008    (0)    6 :  0.203 0.214 0.543 0.041 
304 HI_SS0009    (0)    6 :  0.135 0.062 0.798 0.005 
305 HI_SS0010    (1)    6 :  0.021 0.808 0.167 0.004 
306 HI_SS0011    (1)    6 :  0.672 0.024 0.226 0.077 
307 HI_SS0012    (0)    6 :  0.169 0.014 0.810 0.007 
308 HI_SS0017    (1)    6 :  0.811 0.023 0.164 0.002 
309 HI_SS0021    (1)    6 :  0.105 0.350 0.305 0.240 
310 HI_SS0024    (1)    6 :  0.080 0.022 0.896 0.002 
311 HI_SS0025    (1)    6 :  0.767 0.019 0.210 0.004 
312 HI_SS0027    (0)    6 :  0.013 0.951 0.020 0.016 
313 HI_SS0028    (0)    6 :  0.009 0.005 0.984 0.002 
314 HI_SS0029    (1)    6 :  0.031 0.014 0.947 0.008 
315 HI_SS0030    (2)    6 :  0.082 0.853 0.058 0.007 
316 HI_SS0031    (0)    6 :  0.051 0.034 0.912 0.004 
317 HI_SS0034    (0)    6 :  0.073 0.910 0.012 0.005 
318 HI_SS0036    (0)    6 :  0.006 0.701 0.279 0.014 
319 HI_SS0037    (1)    6 :  0.113 0.848 0.035 0.005 
320 HI_SS0039    (0)    6 :  0.011 0.692 0.294 0.003 
321 HI_SS0041    (1)    6 :  0.075 0.011 0.913 0.002 
322 HI_SS0042    (1)    6 :  0.117 0.006 0.764 0.113 
323 HI_SS0043    (1)    6 :  0.010 0.974 0.013 0.003 
324 HI_SS0044    (1)    6 :  0.033 0.062 0.901 0.003 
325 HI_SS0047    (1)    6 :  0.949 0.018 0.030 0.003 
326 HI_SS0049    (1)    6 :  0.842 0.109 0.044 0.004 
327 HI_SS0051    (1)    6 :  0.452 0.113 0.432 0.003 
328 HI_SS0053    (1)    6 :  0.009 0.970 0.015 0.005 
329 HI_SS0054    (4)    6 :  0.013 0.976 0.008 0.004 
330 HI_SS0057    (0)    6 :  0.343 0.305 0.348 0.004 
331 HI_SS0058    (0)    6 :  0.784 0.176 0.033 0.007 
332 HI_SS0060    (0)    6 :  0.146 0.137 0.627 0.090 
333 HI_SS0087    (1)    6 :  0.696 0.240 0.061 0.003 
334 HI_SS0091    (1)    6 :  0.018 0.957 0.023 0.001 
335 HI_SS0095    (1)    6 :  0.548 0.149 0.235 0.067 
336 HI_SS0097    (3)    6 :  0.935 0.043 0.017 0.004 
337 HI_SS0099    (1)    6 :  0.073 0.014 0.909 0.004 
338 HI_SS0103    (0)    6 :  0.907 0.033 0.056 0.004 
339 HI_SS0105    (1)    6 :  0.597 0.087 0.285 0.031 
340 HI_SS0107    (1)    6 :  0.980 0.010 0.009 0.001 
341 HI_SS0108    (1)    6 :  0.007 0.964 0.008 0.021 
342 HI_SS0110    (0)    6 :  0.109 0.374 0.516 0.002 
343 HI_SS0111    (1)    6 :  0.033 0.024 0.919 0.024 
344 HI_SS0112    (0)    6 :  0.006 0.980 0.012 0.001 
345 HI_SS0113    (1)    6 :  0.957 0.007 0.033 0.004 
346 HI_SS0114    (1)    6 :  0.016 0.850 0.128 0.006 
347 HI_SS0115    (1)    6 :  0.284 0.524 0.171 0.020 
348 HI_SS0116    (4)    6 :  0.060 0.907 0.028 0.004 
349 HI_SS0117    (0)    6 :  0.712 0.253 0.032 0.002 
350 HI_SS0118    (0)    6 :  0.481 0.448 0.060 0.012 
351 HI_SS0119    (1)    6 :  0.049 0.901 0.048 0.002 
352 HI_SS0120    (1)    6 :  0.976 0.011 0.010 0.003 
353 HI_SS0121    (0)    6 :  0.209 0.014 0.775 0.001 
354 HI_SS0122    (2)    6 :  0.184 0.058 0.735 0.023 
355 HI_SS0123    (0)    6 :  0.378 0.062 0.555 0.005 
356 HI_SS0124    (1)    6 :  0.101 0.010 0.886 0.003 
357 HI_SS0125    (1)    6 :  0.006 0.005 0.962 0.026 
358 HI_SS0126    (0)    6 :  0.008 0.977 0.014 0.001 
359 HI_SS0127    (0)    6 :  0.096 0.658 0.234 0.012 
360 HI_SS0128    (0)    6 :  0.522 0.277 0.197 0.004 
361 HI_SS0129    (1)    6 :  0.061 0.244 0.683 0.012 
362 HI_SS0131    (2)    6 :  0.510 0.308 0.140 0.042 
363 HI_SS0132    (0)    6 :  0.026 0.468 0.506 0.001 
364 HI_SS0133    (1)    6 :  0.004 0.985 0.009 0.002 
365 HI_SS0134    (1)    6 :  0.338 0.426 0.233 0.002 
366 HI_SS0142    (3)    6 :  0.479 0.026 0.471 0.024 
367 HI_SS0145    (0)    6 :  0.524 0.425 0.049 0.001 
368 HI_SS0146    (1)    6 :  0.011 0.892 0.096 0.001 
369 HI_SS0147    (1)    6 :  0.814 0.008 0.158 0.020 
370 HI_SS0149    (1)    6 :  0.055 0.171 0.769 0.005 
371 HI_SS0150    (2)    6 :  0.042 0.012 0.940 0.006 
372 HI_SS0151    (0)    6 :  0.321 0.460 0.203 0.016 
373 NS_SS1451    (1)    6 :  0.087 0.013 0.897 0.004 
374 NS_SS1404    (0)    6 :  0.122 0.023 0.843 0.011 
375 NS_SS1432    (2)    6 :  0.011 0.005 0.958 0.026 
376 NS_SS1405    (5)    6 :  0.376 0.064 0.557 0.004 
377 NS_SS1431   (10)    6 :  0.297 0.015 0.687 0.001 
378 NS_SS1402    (3)    6 :  0.719 0.042 0.236 0.003 
379 NS_SS1450    (3)    6 :  0.069 0.741 0.184 0.006 
380 NS_SS1396    (0)    6 :  0.353 0.081 0.559 0.007 
381 NS_SS1393    (5)    6 :  0.057 0.461 0.477 0.005 
382 NS_SS1392   (10)    6 :  0.118 0.016 0.849 0.016 
383 NS_SS1445    (0)    6 :  0.046 0.904 0.038 0.013 
384 NS_SS1423    (0)    6 :  0.205 0.774 0.019 0.002 
385 NS_SS1421    (9)    6 :  0.079 0.741 0.083 0.097 
386 NS_SS1411    (6)    6 :  0.029 0.856 0.114 0.002 
387 NS_SS1453    (6)    6 :  0.087 0.466 0.438 0.009 
388 NS_SS1442    (3)    6 :  0.761 0.136 0.098 0.004 
389 NS_SS1422    (1)    6 :  0.572 0.400 0.017 0.012 
390 NS_SS1419    (1)    6 :  0.272 0.147 0.399 0.183 
391 NS_SS1427    (0)    6 :  0.006 0.979 0.012 0.002 
392 NS_SS1444    (4)    6 :  0.528 0.014 0.454 0.004 
393 NS_SS1455    (0)    6 :  0.981 0.008 0.009 0.001 
394 NS_SS1425    (2)    6 :  0.010 0.974 0.014 0.002 
395 NS_SS1400    (0)    6 :  0.029 0.961 0.008 0.002 
396 NS_SS1406    (2)    6 :  0.900 0.008 0.082 0.010 
397 NS_SS1417    (6)    6 :  0.843 0.106 0.044 0.007 
398 NS_SS1454    (3)    6 :  0.093 0.627 0.278 0.002 
399 NS_SS1412    (1)    6 :  0.363 0.483 0.126 0.028 
400 NS_SS1438    (1)    6 :  0.054 0.934 0.011 0.001 
401 NS_SS1416    (4)    6 :  0.175 0.017 0.800 0.009 
402 NS_SS1401    (0)    6 :  0.561 0.118 0.307 0.015 
403 NS_SS1424    (6)    6 :  0.085 0.665 0.236 0.014 
404 NS_SS1435   (10)    6 :  0.039 0.149 0.809 0.003 
405 NS_SS1447    (4)    6 :  0.956 0.015 0.022 0.008 
406 NS_SS1414    (3)    6 :  0.944 0.014 0.035 0.008 
407 NS_SS1449   (14)    6 :  0.676 0.238 0.080 0.006 
408 NS_SS1443    (4)    6 :  0.015 0.975 0.008 0.002 
409 NS_SS1434    (1)    6 :  0.681 0.284 0.034 0.001 
410 NS_SS1398    (1)    6 :  0.048 0.142 0.784 0.026 
411 NS_SS1426    (1)    6 :  0.010 0.966 0.021 0.002 
412 NS_SS1413    (0)    6 :  0.024 0.956 0.007 0.012 
413 NS_SS1395    (1)    6 :  0.077 0.764 0.143 0.016 
414 NS_SS1448   (10)    6 :  0.023 0.662 0.313 0.002 
415 NS_SS1446    (0)    6 :  0.375 0.271 0.351 0.003 
416 NS_SS1403    (2)    6 :  0.065 0.075 0.854 0.007 
417 NS_SS1415    (0)    6 :  0.011 0.951 0.029 0.010 
418 NS_SS1437    (4)    6 :  0.206 0.098 0.688 0.008 
419 NS_SS1439    (2)    6 :  0.919 0.011 0.067 0.003 
420 NS_SS1441    (3)    6 :  0.071 0.767 0.159 0.003 
421 NS_SS1420    (2)    6 :  0.107 0.016 0.873 0.004 
422 NS_SS1394    (2)    6 :  0.013 0.008 0.944 0.035 
423 NS_SS1391    (7)    6 :  0.414 0.515 0.054 0.017 
424 NS_SS1410    (5)    6 :  0.483 0.246 0.257 0.013 
425 NS_SS1408    (1)    6 :  0.128 0.057 0.747 0.068 
426 NS_SS1409    (1)    6 :  0.151 0.130 0.715 0.003 
427 HI_SS0617    (1)    7 :  0.260 0.118 0.621 0.001 
428 HI_SS0618    (2)    7 :  0.051 0.025 0.920 0.003 
429 HI_SS0619    (0)    7 :  0.271 0.103 0.622 0.004 
430 HI_SS0620    (1)    7 :  0.010 0.980 0.007 0.004 
431 HI_SS0621    (3)    7 :  0.310 0.043 0.630 0.016 
432 HI_SS0622    (1)    7 :  0.405 0.420 0.160 0.014 
433 HI_SS0626    (0)    7 :  0.017 0.016 0.961 0.006 
434 HI_SS0627    (0)    7 :  0.652 0.013 0.327 0.008 
435 HI_SS0628    (3)    7 :  0.043 0.222 0.683 0.052 
436 HI_SS0629    (1)    7 :  0.189 0.132 0.672 0.006 
437 HI_SS0630    (1)    7 :  0.026 0.371 0.555 0.048 
438 HI_SS0631    (0)    7 :  0.019 0.849 0.131 0.001 
439 HI_SS0632    (0)    7 :  0.393 0.181 0.423 0.003 
440 HI_SS0633    (0)    7 :  0.683 0.015 0.298 0.004 
441 HI_SS0634    (1)    7 :  0.035 0.024 0.939 0.003 
442 HI_SS0635    (0)    7 :  0.209 0.023 0.758 0.010 
443 HI_SS0637    (1)    7 :  0.542 0.028 0.427 0.003 
444 HI_SS0638    (0)    7 :  0.064 0.161 0.774 0.001 
445 HI_SS0639    (1)    7 :  0.206 0.009 0.749 0.035 
446 HI_SS0640    (1)    7 :  0.149 0.520 0.328 0.003 
447 HI_SS0641    (1)    7 :  0.021 0.475 0.498 0.007 
448 HI_SS0642    (0)    7 :  0.077 0.092 0.829 0.002 
449 HI_SS0645    (0)    7 :  0.013 0.029 0.956 0.001 
450 HI_SS0646    (1)    7 :  0.404 0.297 0.297 0.003 
451 HI_SS0647    (1)    7 :  0.332 0.477 0.189 0.002 
452 HI_SS0648    (0)    7 :  0.289 0.109 0.599 0.003 
453 HI_SS0649    (1)    7 :  0.316 0.128 0.554 0.002 
454 HI_SS0650    (1)    7 :  0.482 0.069 0.444 0.004 
455 HI_SS0651    (1)    7 :  0.393 0.450 0.152 0.005 
456 HI_SS0652    (1)    7 :  0.047 0.013 0.937 0.003 
457 NS_SS1371    (3)    7 :  0.095 0.752 0.147 0.007 
458 NS_SS1374    (0)    7 :  0.009 0.402 0.587 0.002 
459 NS_SS1337    (3)    7 :  0.684 0.076 0.236 0.004 
460 NS_SS1385    (5)    7 :  0.846 0.118 0.031 0.005 
461 NS_SS1388    (0)    7 :  0.312 0.071 0.610 0.008 
462 NS_SS1370    (1)    7 :  0.189 0.127 0.672 0.012 
463 NS_SS1389    (3)    7 :  0.330 0.013 0.654 0.004 
464 NS_SS1360    (1)    7 :  0.027 0.845 0.122 0.005 
465 NS_SS1330    (0)    7 :  0.505 0.012 0.479 0.004 
466 NS_SS1328    (9)    7 :  0.072 0.836 0.090 0.003 
467 NS_SS1384    (1)    7 :  0.497 0.343 0.155 0.005 
468 NS_SS1381    (0)    7 :  0.970 0.008 0.021 0.001 
469 NS_SS1375    (1)    7 :  0.008 0.014 0.976 0.001 
470 NS_SS1319   (11)    7 :  0.033 0.198 0.676 0.093 
471 NS_SS1326    (2)    7 :  0.027 0.916 0.044 0.013 
472 NS_SS1341    (1)    7 :  0.556 0.393 0.045 0.006 
473 NS_SS1383    (2)    7 :  0.056 0.088 0.851 0.004 
474 NS_SS1318    (3)    7 :  0.866 0.065 0.051 0.018 
475 NS_SS1348    (2)    7 :  0.017 0.972 0.010 0.001 
476 NS_SS1363    (0)    7 :  0.105 0.021 0.869 0.005 
477 NS_SS1335    (4)    7 :  0.011 0.913 0.041 0.036 
478 NS_SS1358    (0)    7 :  0.159 0.800 0.023 0.018 
479 NS_SS1342    (1)    7 :  0.338 0.625 0.035 0.002 
480 NS_SS1320    (3)    7 :  0.954 0.003 0.036 0.007 
481 NS_SS1355    (1)    7 :  0.964 0.011 0.014 0.011 
482 NS_SS1345    (1)    7 :  0.948 0.026 0.008 0.018 
483 NS_SS1324    (0)    7 :  0.156 0.441 0.401 0.002 
484 NS_SS1347    (5)    7 :  0.127 0.728 0.141 0.004 
485 NS_SS1321    (4)    7 :  0.022 0.597 0.379 0.002 
486 NS_SS1333    (0)    7 :  0.012 0.029 0.956 0.003 
487 NS_SS1364    (1)    7 :  0.632 0.345 0.021 0.003 
488 NS_SS1379    (0)    7 :  0.699 0.152 0.092 0.057 
489 NS_SS1332    (0)    7 :  0.010 0.971 0.013 0.006 
490 NS_SS1338    (5)    7 :  0.015 0.602 0.374 0.009 
491 NS_SS1368    (6)    7 :  0.352 0.597 0.045 0.005 
492 NS_SS1354    (1)    7 :  0.933 0.013 0.042 0.012 
493 NS_SS1365    (0)    7 :  0.206 0.040 0.746 0.008 
494 NS_SS1380    (1)    7 :  0.956 0.007 0.016 0.021 
495 NS_SS1329    (8)    7 :  0.401 0.582 0.014 0.003 
496 NS_SS1362    (0)    7 :  0.680 0.143 0.172 0.005 
497 NS_SS1327    (2)    7 :  0.003 0.986 0.007 0.003 
498 NS_SS1350    (0)    7 :  0.054 0.414 0.522 0.010 
499 NS_SS1387    (2)    7 :  0.049 0.026 0.922 0.003 
500 NS_SS1369    (8)    7 :  0.028 0.951 0.017 0.003 
501 NS_SS1331    (1)    7 :  0.014 0.071 0.904 0.011 
502 NS_SS1357    (5)    7 :  0.250 0.564 0.182 0.004 
503 NS_SS1386    (1)    7 :  0.008 0.980 0.008 0.004 
504 NS_SS1353    (2)    7 :  0.648 0.059 0.288 0.004 
505 NS_SS1323    (0)    7 :  0.592 0.047 0.287 0.074 
506 HI_SS0296    (0)    8 :  0.016 0.932 0.050 0.003 
507 HI_SS0297    (0)    8 :  0.039 0.177 0.784 0.001 
508 HI_SS0299    (0)    8 :  0.573 0.354 0.033 0.040 
509 HI_SS0300    (0)    8 :  0.194 0.647 0.157 0.002 
510 HI_SS0301    (0)    8 :  0.090 0.079 0.826 0.005 
511 HI_SS0302    (0)    8 :  0.025 0.914 0.036 0.024 
512 HI_SS0303    (0)    8 :  0.023 0.954 0.016 0.007 
513 HI_SS0304    (0)    8 :  0.036 0.021 0.941 0.002 
514 HI_SS0306    (5)    8 :  0.009 0.977 0.010 0.004 
515 HI_SS0307    (1)    8 :  0.157 0.013 0.821 0.009 
516 HI_SS0308    (1)    8 :  0.053 0.036 0.830 0.081 
517 HI_SS0309    (0)    8 :  0.792 0.020 0.184 0.004 
518 HI_SS0310    (0)    8 :  0.817 0.152 0.023 0.008 
519 HI_SS0311    (4)    8 :  0.099 0.119 0.780 0.002 
520 HI_SS0314    (0)    8 :  0.216 0.097 0.685 0.002 
521 HI_SS0316    (1)    8 :  0.066 0.826 0.103 0.004 
522 HI_SS0317    (3)    8 :  0.048 0.028 0.921 0.002 
523 HI_SS0318    (1)    8 :  0.027 0.657 0.113 0.204 
524 HI_SS0319    (0)    8 :  0.008 0.978 0.009 0.005 
525 HI_SS0320    (3)    8 :  0.030 0.008 0.961 0.001 
526 HI_SS0321    (0)    8 :  0.020 0.286 0.692 0.002 
527 HI_SS0323    (1)    8 :  0.017 0.076 0.906 0.002 
528 HI_SS0325    (2)    8 :  0.052 0.882 0.063 0.002 
529 HI_SS0327    (1)    8 :  0.089 0.891 0.018 0.002 
530 HI_SS0329    (1)    8 :  0.091 0.037 0.869 0.002 
531 HI_SS0333    (1)    8 :  0.296 0.085 0.617 0.003 
532 HI_SS0334    (1)    8 :  0.058 0.912 0.028 0.002 
533 HI_SS0335    (1)    8 :  0.967 0.011 0.007 0.015 
534 HI_SS0339    (0)    8 :  0.879 0.018 0.091 0.013 
535 HI_SS0343    (2)    8 :  0.974 0.012 0.013 0.002 
536 HI_SS0344    (1)    8 :  0.003 0.988 0.006 0.003 
537 HI_SS0345    (3)    8 :  0.873 0.072 0.047 0.007 
538 HI_SS0346    (0)    8 :  0.049 0.050 0.898 0.003 
539 HI_SS0350    (1)    8 :  0.962 0.008 0.021 0.010 
540 HI_SS0351    (0)    8 :  0.833 0.145 0.018 0.003 
541 HI_SS0352    (3)    8 :  0.850 0.033 0.024 0.094 
542 HI_SS0362    (0)    8 :  0.013 0.238 0.747 0.002 
543 HI_SS0363    (1)    8 :  0.016 0.972 0.008 0.004 
544 HI_SS0365    (0)    8 :  0.163 0.724 0.105 0.008 
545 HI_SS0366    (0)    8 :  0.033 0.958 0.008 0.001 
546 HI_SS0367    (1)    8 :  0.974 0.006 0.018 0.002 
547 HI_SS0369    (1)    8 :  0.247 0.012 0.738 0.003 
548 HI_SS0370    (0)    8 :  0.751 0.101 0.144 0.003 
549 HI_SS0371    (4)    8 :  0.021 0.754 0.221 0.004 
550 HI_SS0373    (3)    8 :  0.015 0.024 0.953 0.009 
551 HI_SS0374    (0)    8 :  0.255 0.013 0.702 0.030 
552 HI_SS0377    (0)    8 :  0.084 0.800 0.019 0.097 
553 HI_SS0379    (1)    8 :  0.004 0.990 0.004 0.001 
554 HI_SS0380    (1)    8 :  0.913 0.014 0.067 0.006 
555 HI_SS0381    (2)    8 :  0.351 0.010 0.635 0.004 
556 HI_SS0384    (3)    8 :  0.090 0.635 0.265 0.009 
557 HI_SS0385    (1)    8 :  0.014 0.206 0.778 0.001 
558 HI_SS0386    (0)    9 :  0.002 0.002 0.002 0.995 
559 HI_SS0387    (0)    9 :  0.015 0.015 0.013 0.957 
560 HI_SS0389    (2)    9 :  0.003 0.005 0.004 0.987 
561 HI_SS0390    (2)    9 :  0.002 0.002 0.002 0.994 
562 HI_SS0391    (3)    9 :  0.004 0.003 0.003 0.990 
563 HI_SS0392    (0)    9 :  0.002 0.002 0.002 0.995 
564 HI_SS0393    (2)    9 :  0.002 0.002 0.001 0.995 
565 HI_SS0394    (2)    9 :  0.001 0.001 0.002 0.995 
566 HI_SS0395    (2)    9 :  0.003 0.004 0.005 0.987 
567 HI_SS0396    (2)    9 :  0.009 0.008 0.015 0.968 
568 HI_SS0398    (2)    9 :  0.007 0.007 0.005 0.982 
569 HI_SS0399    (2)    9 :  0.001 0.001 0.001 0.997 
570 HI_SS0400    (3)    9 :  0.002 0.002 0.002 0.993 
571 HI_SS0401    (5)    9 :  0.002 0.002 0.002 0.995 
572 HI_SS0402    (0)    9 :  0.002 0.001 0.001 0.996 
573 HI_SS0403    (0)    9 :  0.002 0.002 0.002 0.995 
574 HI_SS0404    (2)    9 :  0.001 0.001 0.002 0.996 
575 HI_SS0405    (2)    9 :  0.022 0.016 0.016 0.946 
576 HI_SS0406    (2)    9 :  0.002 0.002 0.002 0.993 
577 HI_SS0407    (0)    9 :  0.008 0.006 0.008 0.978 
578 HI_SS0408    (0)    9 :  0.001 0.001 0.001 0.996 
579 HI_SS0409    (2)    9 :  0.004 0.003 0.004 0.990 
580 HI_SS0411    (2)    9 :  0.003 0.004 0.003 0.990 
581 HI_SS0412   (11)    9 :  0.066 0.053 0.073 0.809 
582 HI_SS0413    (0)    9 :  0.002 0.002 0.002 0.993 
583 HI_SS0414    (2)    9 :  0.021 0.009 0.023 0.947 
584 HI_SS0415    (2)    9 :  0.002 0.002 0.002 0.994 
585 HI_SS0416    (2)    9 :  0.003 0.003 0.004 0.989 
586 HI_SS0418    (2)    9 :  0.004 0.005 0.006 0.984 
587 HI_SS0419    (3)    9 :  0.003 0.003 0.004 0.990 
588 HI_SS0420    (0)    9 :  0.002 0.003 0.002 0.994 
589 HI_SS0421    (4)    9 :  0.004 0.005 0.005 0.986 
590 HI_SS0422    (3)    9 :  0.002 0.001 0.001 0.995 
591 HI_SS0423    (2)    9 :  0.004 0.005 0.006 0.986 
592 HI_SS0424    (1)    9 :  0.002 0.001 0.002 0.994 
593 HI_SS0425    (0)    9 :  0.005 0.002 0.004 0.989 
594 NS_SS1146    (3)   10 :  0.002 0.003 0.002 0.992 
595 NS_SS1157    (1)   10 :  0.007 0.007 0.006 0.980 
596 NS_SS1144    (7)   10 :  0.024 0.023 0.018 0.935 
597 NS_SS1074    (3)   10 :  0.004 0.003 0.003 0.990 
598 NS_SS1122    (0)   10 :  0.005 0.007 0.003 0.985 
599 NS_SS1136    (2)   10 :  0.001 0.001 0.001 0.996 
600 NS_SS1077    (4)   10 :  0.001 0.001 0.001 0.997 
601 NS_SS1134    (2)   10 :  0.008 0.011 0.017 0.963 
602 NS_SS1091    (1)   10 :  0.003 0.002 0.002 0.993 
603 NS_SS1089   (10)   10 :  0.003 0.005 0.003 0.990 
604 NS_SS1123    (2)   10 :  0.001 0.002 0.002 0.995 
605 NS_SS1158    (3)   10 :  0.001 0.001 0.001 0.996 
606 NS_SS1093    (3)   10 :  0.003 0.003 0.003 0.992 
607 NS_SS1102    (5)   10 :  0.006 0.005 0.005 0.983 
608 NS_SS1056    (0)   10 :  0.002 0.002 0.002 0.994 
609 NS_SS1126    (2)   10 :  0.003 0.003 0.004 0.990 
610 NS_SS1058   (15)   10 :  0.005 0.003 0.004 0.987 
611 NS_SS1084    (2)   10 :  0.002 0.001 0.002 0.995 
612 NS_SS1095    (3)   10 :  0.006 0.008 0.006 0.981 
613 NS_SS1079    (3)   10 :  0.002 0.002 0.002 0.994 
614 NS_SS1149    (0)   10 :  0.003 0.003 0.003 0.991 
615 NS_SS1121    (0)   10 :  0.002 0.002 0.002 0.994 
616 NS_SS1067    (0)   10 :  0.007 0.005 0.008 0.980 
617 NS_SS1081    (2)   10 :  0.002 0.003 0.004 0.992 
618 NS_SS1130    (0)   10 :  0.003 0.003 0.005 0.989 
619 NS_SS1073    (2)   10 :  0.003 0.003 0.003 0.991 
620 NS_SS1133    (2)   10 :  0.010 0.004 0.011 0.975 
621 NS_SS1129    (2)   10 :  0.002 0.002 0.002 0.995 
622 NS_SS1085    (1)   10 :  0.002 0.003 0.002 0.993 
623 NS_SS1137    (2)   10 :  0.005 0.005 0.004 0.985 
624 NS_SS1135    (3)   10 :  0.001 0.002 0.002 0.995 
625 NS_SS1082    (3)   10 :  0.002 0.002 0.001 0.995 
626 NS_SS1125    (3)   10 :  0.002 0.001 0.001 0.996 
627 NS_SS1124    (2)   10 :  0.008 0.005 0.009 0.977 
628 NS_SS1155    (0)   10 :  0.008 0.008 0.010 0.974 
629 NS_SS1145    (2)   10 :  0.002 0.002 0.002 0.994 


Estimated Allele Frequencies in each cluster
First column gives estimated ancestral frequencies


Locus 1 : 
2 alleles
3.3% missing data
   1   (0.738) 0.739 0.732 0.743 0.730 
   2   (0.262) 0.261 0.268 0.257 0.270 

Locus 2 : 
2 alleles
4.6% missing data
   1   (0.886) 0.883 0.895 0.887 0.821 
   2   (0.114) 0.117 0.105 0.113 0.179 

Locus 3 : 
2 alleles
4.9% missing data
   1   (0.787) 0.783 0.767 0.802 0.808 
   2   (0.213) 0.217 0.233 0.198 0.192 

Locus 4 : 
2 alleles
4.6% missing data
   1   (0.866) 0.864 0.870 0.866 0.870 
   2   (0.134) 0.136 0.130 0.134 0.130 

Locus 5 : 
2 alleles
2.5% missing data
   1   (0.892) 0.890 0.899 0.890 0.929 
   2   (0.108) 0.110 0.101 0.110 0.071 

Locus 6 : 
2 alleles
2.7% missing data
   1   (0.823) 0.825 0.821 0.826 0.762 
   2   (0.177) 0.175 0.179 0.174 0.238 

Locus 7 : 
2 alleles
3.0% missing data
   1   (0.793) 0.795 0.785 0.799 0.756 
   2   (0.207) 0.205 0.215 0.201 0.244 

Locus 8 : 
2 alleles
4.8% missing data
   1   (0.727) 0.723 0.732 0.726 0.794 
   2   (0.273) 0.277 0.268 0.274 0.206 

Locus 9 : 
2 alleles
3.7% missing data
   1   (0.807) 0.814 0.807 0.803 0.809 
   2   (0.193) 0.186 0.193 0.197 0.191 

Locus 10 : 
2 alleles
4.8% missing data
   1   (0.710) 0.708 0.705 0.711 0.798 
   2   (0.290) 0.292 0.295 0.289 0.202 

Locus 11 : 
2 alleles
3.2% missing data
   1   (0.794) 0.797 0.783 0.801 0.783 
   2   (0.206) 0.203 0.217 0.199 0.217 

Locus 12 : 
2 alleles
4.9% missing data
   1   (0.892) 0.897 0.897 0.887 0.907 
   2   (0.108) 0.103 0.103 0.113 0.093 

Locus 13 : 
2 alleles
3.2% missing data
   1   (0.867) 0.877 0.861 0.863 0.916 
   2   (0.133) 0.123 0.139 0.137 0.084 

Locus 14 : 
2 alleles
4.6% missing data
   1   (0.732) 0.734 0.734 0.733 0.682 
   2   (0.268) 0.266 0.266 0.267 0.318 

Locus 15 : 
2 alleles
4.6% missing data
   1   (0.892) 0.896 0.887 0.892 0.917 
   2   (0.108) 0.104 0.113 0.108 0.083 

Locus 16 : 
2 alleles
3.8% missing data
   1   (0.885) 0.888 0.875 0.885 0.964 
   2   (0.115) 0.112 0.125 0.115 0.036 

Locus 17 : 
2 alleles
4.1% missing data
   1   (0.509) 0.504 0.513 0.504 0.645 
   2   (0.491) 0.496 0.487 0.496 0.355 

Locus 18 : 
2 alleles
4.1% missing data
   1   (0.609) 0.619 0.590 0.615 0.573 
   2   (0.391) 0.381 0.410 0.385 0.427 

Locus 19 : 
2 alleles
4.1% missing data
   1   (0.772) 0.773 0.775 0.776 0.636 
   2   (0.228) 0.227 0.225 0.224 0.364 

Locus 20 : 
2 alleles
2.2% missing data
   1   (0.898) 0.893 0.899 0.904 0.894 
   2   (0.102) 0.107 0.101 0.096 0.106 

Locus 21 : 
2 alleles
4.5% missing data
   1   (0.709) 0.712 0.712 0.710 0.600 
   2   (0.291) 0.288 0.288 0.290 0.400 

Locus 22 : 
2 alleles
3.0% missing data
   1   (0.886) 0.875 0.896 0.889 0.913 
   2   (0.114) 0.125 0.104 0.111 0.087 

Locus 23 : 
2 alleles
3.8% missing data
   1   (0.560) 0.581 0.542 0.553 0.578 
   2   (0.440) 0.419 0.458 0.447 0.422 

Locus 24 : 
2 alleles
4.9% missing data
   1   (0.860) 0.868 0.848 0.862 0.890 
   2   (0.140) 0.132 0.152 0.138 0.110 

Locus 25 : 
2 alleles
4.3% missing data
   1   (0.884) 0.892 0.883 0.882 0.877 
   2   (0.116) 0.108 0.117 0.118 0.123 

Locus 26 : 
2 alleles
3.0% missing data
   1   (0.545) 0.536 0.534 0.558 0.578 
   2   (0.455) 0.464 0.466 0.442 0.422 

Locus 27 : 
2 alleles
4.0% missing data
   2   (0.468) 0.463 0.485 0.463 0.416 
   1   (0.532) 0.537 0.515 0.537 0.584 

Locus 28 : 
2 alleles
4.0% missing data
   1   (0.844) 0.840 0.850 0.843 0.870 
   2   (0.156) 0.160 0.150 0.157 0.130 

Locus 29 : 
2 alleles
1.9% missing data
   1   (0.605) 0.608 0.605 0.599 0.700 
   2   (0.395) 0.392 0.395 0.401 0.300 

Locus 30 : 
2 alleles
4.6% missing data
   1   (0.865) 0.856 0.869 0.871 0.853 
   2   (0.135) 0.144 0.131 0.129 0.147 

Locus 31 : 
2 alleles
1.9% missing data
   1   (0.885) 0.891 0.880 0.884 0.904 
