   NS_SS0963  1 0.0230 0.0182 0.0079 0.4048 0.0093 0.4302 0.0836 0.0137 0.0094 
   NS_SS0983  1 0.0094 0.8959 0.0192 0.0132 0.0051 0.0129 0.0174 0.0204 0.0066 
   NS_SS0719  1 0.0832 0.0906 0.0387 0.3345 0.0085 0.0295 0.1087 0.2879 0.0184 
   NS_SS1001  1 0.3853 0.0078 0.1823 0.0145 0.0131 0.0822 0.1270 0.0082 0.1796 
   NS_SS0936  1 0.0497 0.0096 0.0341 0.0824 0.0032 0.3496 0.0635 0.1371 0.2709 
   NS_SS0955  1 0.0327 0.0206 0.0462 0.0359 0.0058 0.0290 0.5939 0.2089 0.0270 
   NS_SS0944  1 0.5849 0.0070 0.0217 0.0215 0.0028 0.1762 0.1209 0.0126 0.0524 
   NS_SS0945  1 0.3080 0.0529 0.0784 0.0610 0.0132 0.0180 0.0824 0.1598 0.2263 
   NS_SS0922  1 0.0250 0.0316 0.2891 0.3702 0.0559 0.1276 0.0309 0.0399 0.0296 
   NS_SS0929  1 0.0324 0.1115 0.5461 0.0261 0.0050 0.0363 0.0755 0.0888 0.0784 
   NS_SS0956  1 0.0445 0.0115 0.1694 0.1613 0.0068 0.0273 0.4409 0.0482 0.0901 
   NS_SS0906  1 0.0647 0.0516 0.0205 0.0415 0.0059 0.1720 0.0727 0.4329 0.1381 
   NS_SS0721  1 0.0083 0.0183 0.0297 0.0472 0.0052 0.0435 0.0846 0.7549 0.0083 
   NS_SS0982  1 0.0040 0.0206 0.0123 0.0272 0.0183 0.7672 0.0139 0.1196 0.0168 
   NS_SS0923  1 0.0321 0.0193 0.0311 0.0678 0.0067 0.0250 0.1507 0.0976 0.5697 
   NS_SS0905  1 0.0206 0.0473 0.0435 0.0072 0.0032 0.0417 0.0276 0.7396 0.0693 
   NS_SS0925  1 0.0157 0.0183 0.0092 0.0226 0.0068 0.4635 0.3491 0.0254 0.0894 
   NS_SS0947  1 0.0279 0.0337 0.0362 0.0389 0.0066 0.0459 0.5148 0.1237 0.1725 
   NS_SS0926  1 0.4828 0.3981 0.0151 0.0340 0.0016 0.0118 0.0217 0.0107 0.0242 
   NS_SS0918  1 0.0360 0.0513 0.0158 0.1125 0.0040 0.0203 0.0802 0.1169 0.5629 
   NS_SS0966  1 0.0289 0.0129 0.5882 0.0268 0.0674 0.0691 0.0384 0.1095 0.0589 
   NS_SS0938  1 0.0144 0.0138 0.0245 0.8629 0.0025 0.0134 0.0097 0.0083 0.0504 
   NS_SS0917  1 0.0245 0.1671 0.0073 0.0244 0.0613 0.0286 0.0333 0.6186 0.0350 
   NS_SS0957  1 0.0112 0.0100 0.0524 0.0636 0.0102 0.0456 0.0412 0.0902 0.6755 
   NS_SS0987  1 0.0083 0.0040 0.0163 0.0092 0.2261 0.0424 0.6203 0.0529 0.0205 
   NS_SS0717  1 0.0202 0.0370 0.0251 0.0127 0.0030 0.2218 0.0657 0.0351 0.5795 
   NS_SS0986  1 0.0343 0.0795 0.0230 0.0585 0.0063 0.0713 0.4843 0.0591 0.1837 
   NS_SS0953  1 0.0494 0.0278 0.1787 0.0070 0.0163 0.0768 0.2892 0.0200 0.3347 
   NS_SS0907  1 0.0096 0.0222 0.0063 0.0074 0.0465 0.2378 0.0215 0.6251 0.0236 
   NS_SS0974  1 0.1349 0.2312 0.0119 0.0450 0.0081 0.3816 0.0499 0.0678 0.0697 
   NS_SS0989  1 0.0735 0.3392 0.2835 0.1249 0.0023 0.1112 0.0318 0.0249 0.0088 
   NS_SS0991  1 0.1577 0.1322 0.0080 0.0057 0.0029 0.3485 0.2785 0.0467 0.0197 
   NS_SS0994  1 0.2023 0.7477 0.0093 0.0074 0.0025 0.0087 0.0102 0.0052 0.0067 
   NS_SS0931  1 0.8849 0.0167 0.0133 0.0186 0.0173 0.0074 0.0148 0.0194 0.0074 
   NS_SS1000  1 0.3374 0.0103 0.0195 0.0077 0.0098 0.1437 0.0733 0.1490 0.2495 
   NS_SS0919  1 0.0296 0.0707 0.0082 0.0280 0.0058 0.0112 0.7339 0.0929 0.0198 
   NS_SS0949  1 0.8575 0.0320 0.0303 0.0126 0.0022 0.0304 0.0119 0.0163 0.0067 
   NS_SS0960  1 0.0480 0.0609 0.0814 0.0305 0.0114 0.1941 0.1105 0.4235 0.0397 
   NS_SS0716  1 0.0092 0.0078 0.0090 0.0081 0.0124 0.0108 0.0097 0.2059 0.7271 
   NS_SS0924  1 0.0118 0.0199 0.0193 0.0107 0.0211 0.0272 0.0212 0.8598 0.0090 
   NS_SS0935  1 0.2123 0.0254 0.0137 0.0093 0.0107 0.0350 0.0202 0.6622 0.0113 
   NS_SS0952  1 0.4682 0.0866 0.0137 0.0290 0.0570 0.0274 0.0397 0.2230 0.0554 
   NS_SS0962  1 0.0152 0.0398 0.0061 0.8246 0.0088 0.0459 0.0134 0.0092 0.0369 
   NS_SS0973  1 0.0072 0.0285 0.0160 0.0077 0.0044 0.8824 0.0364 0.0091 0.0082 
   NS_SS0722  1 0.0095 0.0048 0.0218 0.0063 0.0035 0.0306 0.0398 0.0093 0.8745 
   NS_SS0979  1 0.0214 0.0488 0.0080 0.2532 0.0047 0.0851 0.0194 0.1234 0.4359 
   NS_SS0993  1 0.0257 0.0213 0.2337 0.0657 0.0378 0.2006 0.0734 0.0091 0.3328 
   NS_SS0958  1 0.3137 0.0484 0.0306 0.0411 0.0047 0.0807 0.0108 0.2120 0.2578 
   NS_SS0988  1 0.0233 0.1603 0.0244 0.1495 0.0083 0.3027 0.0568 0.2015 0.0733 
   NS_SS1003  1 0.0136 0.0077 0.0268 0.8689 0.0133 0.0100 0.0304 0.0151 0.0142 
   NS_SS0976  1 0.0265 0.0295 0.0095 0.8408 0.0039 0.0132 0.0304 0.0196 0.0266 
   NS_SS0964  1 0.0110 0.0136 0.3130 0.0228 0.0030 0.1037 0.0675 0.0298 0.4355 
   NS_SS0939  1 0.0162 0.0028 0.2041 0.3050 0.0066 0.0086 0.0178 0.0604 0.3785 
   NS_SS0990  1 0.0419 0.0925 0.3124 0.3805 0.0053 0.0611 0.0307 0.0232 0.0523 
   NS_SS0984  1 0.0073 0.0219 0.0685 0.1822 0.0040 0.0560 0.0709 0.0110 0.5782 
   NS_SS0980  1 0.0038 0.0108 0.0205 0.0045 0.0023 0.0124 0.9203 0.0094 0.0159 
   NS_SS0978  1 0.0118 0.0347 0.0886 0.0463 0.0045 0.0823 0.3116 0.1843 0.2356 
   NS_SS0951  1 0.0314 0.1425 0.0425 0.0221 0.0043 0.0520 0.0361 0.3393 0.3299 
   NS_SS0913  1 0.0230 0.0273 0.0142 0.0337 0.0488 0.7659 0.0166 0.0159 0.0545 
   NS_SS1002  1 0.0048 0.0231 0.0072 0.7115 0.0655 0.0522 0.0202 0.0242 0.0913 
   NS_SS0948  1 0.0746 0.0413 0.2235 0.0496 0.0688 0.0597 0.0703 0.0708 0.3415 
   NS_SS0916  1 0.0400 0.0442 0.7827 0.0705 0.0063 0.0184 0.0134 0.0126 0.0120 
   NS_SS0995  1 0.0099 0.0642 0.6941 0.0307 0.0054 0.0273 0.0935 0.0619 0.0131 
   NS_SS0927  1 0.0190 0.4160 0.0655 0.0433 0.0074 0.2824 0.0341 0.1028 0.0296 
   NS_SS0992  1 0.0456 0.0422 0.3357 0.1118 0.0038 0.3555 0.0421 0.0507 0.0125 
   NS_SS0912  1 0.1942 0.0488 0.0051 0.0224 0.0032 0.0613 0.0278 0.6279 0.0092 
   NS_SS0981  1 0.0336 0.0114 0.0091 0.0920 0.0054 0.0205 0.1110 0.1198 0.5973 
   NS_SS0729  2 0.0150 0.8759 0.0375 0.0073 0.0041 0.0123 0.0225 0.0113 0.0142 
   NS_SS0967  2 0.0194 0.0194 0.0163 0.0711 0.0098 0.7063 0.0834 0.0458 0.0285 
   NS_SS0941  2 0.0178 0.0359 0.1847 0.0324 0.1139 0.3417 0.1003 0.0373 0.1360 
   NS_SS0768  2 0.0225 0.0106 0.0088 0.0546 0.0085 0.8400 0.0225 0.0153 0.0171 
   NS_SS0726  2 0.0195 0.1880 0.2304 0.2487 0.0122 0.1276 0.0962 0.0578 0.0196 
   NS_SS0763  2 0.0130 0.6613 0.0189 0.0185 0.0032 0.0116 0.0859 0.0331 0.1546 
   NS_SS0730  2 0.0175 0.0242 0.0460 0.3356 0.0056 0.0518 0.4399 0.0275 0.0519 
   NS_SS0774  2 0.0079 0.0069 0.0447 0.0210 0.0019 0.0152 0.0487 0.0122 0.8414 
   NS_SS0723  2 0.0076 0.0124 0.0165 0.1029 0.0021 0.0983 0.7109 0.0195 0.0298 
   NS_SS0940  2 0.0544 0.0266 0.1929 0.0633 0.0120 0.0067 0.0625 0.5524 0.0291 
   NS_SS0762  2 0.0093 0.0067 0.7629 0.0148 0.0041 0.0518 0.0589 0.0238 0.0678 
   NS_SS0766  2 0.0876 0.1199 0.2780 0.0551 0.0333 0.1193 0.0617 0.1882 0.0569 
   NS_SS0724  2 0.0398 0.0228 0.0443 0.1809 0.0069 0.2158 0.2811 0.1241 0.0842 
   NS_SS0769  2 0.0050 0.0374 0.0069 0.0146 0.0051 0.0311 0.0254 0.8573 0.0173 
   NS_SS0777  2 0.0744 0.1028 0.0162 0.0170 0.0236 0.0318 0.0504 0.1170 0.5669 
   NS_SS0734  2 0.3577 0.0362 0.0407 0.0595 0.0522 0.1096 0.2187 0.0910 0.0344 
   NS_SS0737  2 0.0044 0.0131 0.8244 0.0299 0.0095 0.0622 0.0054 0.0078 0.0433 
   NS_SS0732  2 0.0097 0.0122 0.0125 0.0132 0.0098 0.0423 0.1613 0.7261 0.0129 
   NS_SS0728  2 0.0359 0.0425 0.1005 0.0234 0.0144 0.0265 0.6940 0.0111 0.0518 
   NS_SS0735  2 0.0058 0.0281 0.1596 0.0080 0.0185 0.6235 0.1240 0.0112 0.0212 
   NS_SS0725  2 0.0512 0.0355 0.3181 0.4717 0.0116 0.0499 0.0159 0.0049 0.0413 
   NS_SS0788  2 0.0221 0.0263 0.0173 0.0650 0.0023 0.4562 0.2942 0.0863 0.0304 
   NS_SS0778  2 0.0238 0.0307 0.2967 0.0736 0.0030 0.0324 0.4784 0.0210 0.0405 
   NS_SS0792  2 0.0100 0.0502 0.7767 0.0222 0.0082 0.0480 0.0206 0.0351 0.0290 
   NS_SS0943  2 0.4847 0.0207 0.0222 0.0211 0.0126 0.0713 0.3006 0.0393 0.0276 
   NS_SS0791  2 0.0199 0.0383 0.6608 0.0967 0.0294 0.0185 0.0305 0.0863 0.0196 
   NS_SS0790  2 0.0081 0.0060 0.0084 0.0402 0.0058 0.0253 0.0199 0.0123 0.8741 
   NS_SS0731  2 0.0571 0.0897 0.0184 0.1478 0.0261 0.1023 0.0625 0.0338 0.4624 
   NS_SS0727  2 0.1033 0.2645 0.3066 0.0146 0.0024 0.0431 0.0447 0.0124 0.2085 
   NS_SS0779  2 0.0664 0.0312 0.0914 0.0133 0.0128 0.0345 0.2513 0.0729 0.4261 
   NS_SS0776  2 0.1176 0.0065 0.3444 0.1062 0.0133 0.0175 0.0149 0.0913 0.2883 
   NS_SS0775  2 0.0158 0.0075 0.0412 0.0513 0.0090 0.0143 0.0449 0.0125 0.8036 
   NS_SS0965  3 0.0633 0.0197 0.0553 0.0444 0.0031 0.3315 0.3246 0.0455 0.1124 
   NS_SS0754  3 0.0766 0.1283 0.2014 0.0824 0.0264 0.0762 0.1327 0.1433 0.1328 
   NS_SS0838  3 0.0294 0.0274 0.0086 0.0348 0.0493 0.0105 0.0438 0.0143 0.7820 
   NS_SS0839  3 0.0096 0.0104 0.2947 0.0254 0.0071 0.1537 0.1937 0.1531 0.1523 
   NS_SS0832  3 0.0062 0.0094 0.0267 0.0623 0.0551 0.4627 0.3371 0.0196 0.0208 
   NS_SS0820  3 0.0046 0.0065 0.0107 0.7518 0.0085 0.1269 0.0098 0.0304 0.0507 
   NS_SS0886  3 0.0277 0.1651 0.1036 0.0526 0.0030 0.0640 0.1060 0.4505 0.0275 
   NS_SS0748  3 0.0240 0.0252 0.0130 0.0195 0.0116 0.0237 0.0196 0.0253 0.8380 
   NS_SS0884  3 0.0917 0.0796 0.0490 0.0651 0.0451 0.1144 0.3926 0.0935 0.0689 
   NS_SS0752  3 0.0341 0.0852 0.0397 0.0410 0.0040 0.1433 0.3804 0.0715 0.2008 
   NS_SS0862  3 0.0101 0.0067 0.0541 0.0277 0.0070 0.0228 0.7904 0.0613 0.0198 
   NS_SS0787  3 0.6108 0.2478 0.0123 0.0227 0.0114 0.0204 0.0309 0.0376 0.0061 
   NS_SS0843  3 0.0336 0.2645 0.0153 0.0310 0.0028 0.1218 0.3028 0.0898 0.1384 
   NS_SS0856  3 0.0113 0.1107 0.1054 0.1892 0.0051 0.4091 0.0387 0.0944 0.0361 
   NS_SS0846  3 0.0418 0.5063 0.0069 0.0285 0.0040 0.1884 0.0994 0.0971 0.0275 
   NS_SS0825  3 0.0328 0.0232 0.0107 0.1638 0.0150 0.7134 0.0281 0.0066 0.0063 
   NS_SS0757  3 0.0113 0.0364 0.0331 0.0152 0.0043 0.2003 0.0833 0.6018 0.0143 
   NS_SS0876  3 0.0120 0.0153 0.5130 0.0074 0.2208 0.0231 0.0684 0.0633 0.0767 
   NS_SS0903  3 0.0151 0.0279 0.0403 0.0074 0.0049 0.0324 0.6895 0.0188 0.1637 
   NS_SS0875  3 0.0551 0.0588 0.0319 0.0419 0.0062 0.0116 0.0329 0.0761 0.6852 
   NS_SS0740  3 0.0141 0.0420 0.0387 0.0178 0.0051 0.5576 0.1975 0.0865 0.0407 
   NS_SS0811  3 0.0134 0.0096 0.0548 0.0206 0.0175 0.0096 0.0125 0.0625 0.7996 
   NS_SS0751  3 0.0880 0.0117 0.0277 0.4032 0.0037 0.0887 0.2239 0.1148 0.0384 
   NS_SS0891  3 0.0612 0.0300 0.0492 0.2058 0.0118 0.0454 0.0218 0.0756 0.4991 
   NS_SS0867  3 0.0402 0.0515 0.0106 0.0130 0.0239 0.2067 0.6371 0.0081 0.0090 
   NS_SS0890  3 0.1087 0.0485 0.0452 0.0391 0.0053 0.0192 0.0436 0.0743 0.6163 
   NS_SS0866  3 0.0083 0.9089 0.0153 0.0224 0.0079 0.0081 0.0086 0.0061 0.0144 
   NS_SS0755  3 0.0149 0.0236 0.0287 0.5312 0.0105 0.1134 0.1133 0.0447 0.1196 
   NS_SS0758  3 0.0156 0.3174 0.0126 0.0100 0.0031 0.0314 0.5044 0.0246 0.0810 
   NS_SS0840  3 0.0121 0.0082 0.0066 0.0430 0.0038 0.0572 0.6710 0.0082 0.1899 
   NS_SS0889  3 0.2949 0.2535 0.0447 0.0334 0.0034 0.1025 0.0187 0.2392 0.0097 
   NS_SS1010  3 0.0268 0.0462 0.0206 0.1514 0.0744 0.2626 0.1187 0.0978 0.2014 
   NS_SS0888  3 0.0626 0.2719 0.5793 0.0122 0.0026 0.0159 0.0322 0.0116 0.0118 
   NS_SS0837  3 0.0216 0.0121 0.0075 0.0103 0.0042 0.8765 0.0353 0.0127 0.0198 
   NS_SS0794  3 0.1824 0.0526 0.4475 0.0197 0.0025 0.1022 0.0147 0.0782 0.1002 
   NS_SS0823  3 0.0097 0.0222 0.0710 0.0440 0.0070 0.2209 0.1750 0.0085 0.4417 
   NS_SS0829  3 0.1785 0.2291 0.0065 0.0090 0.1340 0.0189 0.1334 0.2320 0.0586 
   NS_SS0844  3 0.0078 0.0319 0.0150 0.0330 0.0028 0.6799 0.0303 0.0668 0.1325 
   NS_SS1008  3 0.1991 0.2120 0.0656 0.0179 0.0207 0.1774 0.0740 0.0883 0.1448 
   NS_SS0881  3 0.2625 0.0079 0.0945 0.2486 0.0048 0.0259 0.0841 0.2467 0.0249 
   NS_SS0834  3 0.0310 0.0421 0.0446 0.6455 0.0105 0.0952 0.0350 0.0290 0.0671 
   NS_SS0744  3 0.0288 0.0422 0.0797 0.0538 0.0096 0.1587 0.4370 0.1713 0.0190 
   NS_SS0899  3 0.0087 0.0136 0.1263 0.0299 0.0025 0.0694 0.0312 0.5933 0.1252 
   NS_SS0804  3 0.0063 0.0087 0.1780 0.2225 0.0096 0.1136 0.3024 0.1338 0.0251 
   NS_SS0781  3 0.0072 0.0100 0.0120 0.1597 0.0052 0.0292 0.1500 0.0323 0.5944 
   NS_SS0822  3 0.0423 0.0503 0.1727 0.0166 0.0024 0.5355 0.0986 0.0235 0.0582 
   NS_SS1004  3 0.0218 0.0130 0.6274 0.0175 0.0056 0.2166 0.0349 0.0395 0.0237 
   NS_SS0746  3 0.0639 0.0209 0.0172 0.0099 0.0131 0.6079 0.0189 0.0299 0.2181 
   NS_SS0880  3 0.1295 0.0151 0.0258 0.2283 0.0026 0.1119 0.3940 0.0170 0.0758 
   NS_SS0879  3 0.0427 0.0194 0.4139 0.0166 0.0236 0.3458 0.0302 0.0537 0.0540 
   NS_SS0753  3 0.0297 0.1727 0.0218 0.0149 0.0141 0.3322 0.0628 0.3176 0.0342 
   NS_SS1007  3 0.0245 0.1695 0.1527 0.0796 0.0025 0.3132 0.2060 0.0395 0.0124 
   NS_SS0872  3 0.0092 0.0287 0.1739 0.0747 0.0042 0.0625 0.0263 0.0229 0.5976 
   NS_SS1005  3 0.0318 0.0417 0.0330 0.0276 0.0014 0.1328 0.1244 0.2720 0.3352 
   NS_SS0892  3 0.0732 0.0127 0.0444 0.0609 0.0043 0.0990 0.2076 0.1029 0.3949 
   NS_SS0898  3 0.1569 0.0231 0.6451 0.0260 0.0075 0.0093 0.0253 0.0090 0.0978 
   NS_SS0801  3 0.0097 0.0245 0.0083 0.0181 0.0132 0.1251 0.2362 0.4755 0.0895 
   NS_SS0827  3 0.0342 0.2794 0.0128 0.0441 0.1553 0.0084 0.1465 0.1455 0.1738 
   NS_SS0853  3 0.0174 0.0570 0.0127 0.0093 0.0090 0.0118 0.0798 0.5505 0.2525 
   NS_SS0780  3 0.0170 0.0255 0.0289 0.0751 0.0073 0.0127 0.7811 0.0121 0.0403 
   NS_SS0826  3 0.4812 0.0128 0.0104 0.1296 0.0065 0.2546 0.0307 0.0083 0.0659 
   NS_SS0818  3 0.0366 0.0120 0.0830 0.0232 0.0025 0.0734 0.7176 0.0248 0.0268 
   NS_SS0745  3 0.3379 0.0052 0.0092 0.3028 0.0018 0.1609 0.0065 0.0739 0.1019 
   NS_SS0849  3 0.0621 0.0201 0.0732 0.2924 0.0026 0.0403 0.1632 0.2992 0.0469 
   NS_SS0739  3 0.0086 0.0444 0.0735 0.4809 0.0195 0.0203 0.0406 0.1803 0.1319 
   NS_SS0799  3 0.0470 0.0868 0.4691 0.0083 0.0017 0.0684 0.1995 0.0908 0.0283 
   NS_SS0756  3 0.0065 0.0112 0.1993 0.0777 0.0049 0.0490 0.5454 0.0235 0.0825 
   NS_SS0802  3 0.0182 0.0793 0.0156 0.0116 0.1851 0.0876 0.0056 0.5889 0.0082 
   NS_SS0747  3 0.0165 0.0184 0.0109 0.0294 0.0081 0.1081 0.1098 0.6151 0.0836 
   NS_SS0835  3 0.0149 0.8887 0.0105 0.0097 0.0018 0.0132 0.0424 0.0127 0.0062 
   NS_SS0742  3 0.0238 0.0858 0.3108 0.1085 0.0018 0.0611 0.1767 0.0481 0.1834 
   NS_SS0760  3 0.1367 0.3193 0.0094 0.0289 0.0625 0.0412 0.0136 0.3619 0.0266 
   NS_SS0803  3 0.0054 0.0125 0.6539 0.0033 0.0118 0.2419 0.0287 0.0081 0.0344 
   NS_SS0828  3 0.0333 0.0129 0.4417 0.0300 0.0023 0.0286 0.0272 0.4076 0.0163 
   NS_SS0865  3 0.1261 0.0142 0.0169 0.1669 0.0395 0.0243 0.5612 0.0428 0.0081 
   NS_SS0759  3 0.0169 0.0101 0.0169 0.1044 0.0091 0.1114 0.0661 0.6195 0.0457 
   NS_SS0851  3 0.0148 0.0156 0.0693 0.6607 0.0260 0.1074 0.0130 0.0233 0.0699 
   NS_SS0874  3 0.0096 0.0337 0.0184 0.0064 0.0024 0.1818 0.4055 0.0839 0.2583 
   NS_SS0761  3 0.0557 0.3655 0.0268 0.0385 0.0032 0.1349 0.2070 0.1428 0.0255 
   NS_SS0842  3 0.1738 0.0212 0.0235 0.0200 0.0179 0.0561 0.1939 0.0923 0.4014 
   NS_SS0785  3 0.1413 0.0214 0.0497 0.0103 0.0081 0.2219 0.4126 0.1032 0.0315 
   NS_SS0860  3 0.0149 0.7825 0.0153 0.0254 0.0030 0.0141 0.0249 0.1123 0.0076 
   NS_SS0897  3 0.4131 0.1908 0.2353 0.0259 0.0037 0.0254 0.0355 0.0513 0.0188 
   NS_SS0841  3 0.0320 0.0122 0.0139 0.1159 0.0070 0.0393 0.6923 0.0145 0.0728 
   NS_SS0797  3 0.0395 0.0254 0.0410 0.6638 0.0272 0.0290 0.0550 0.0860 0.0330 
   NS_SS0830  3 0.1053 0.0697 0.0791 0.2189 0.0026 0.2110 0.0446 0.0547 0.2140 
   NS_SS1011  3 0.0050 0.0107 0.0201 0.3598 0.0096 0.0316 0.5395 0.0067 0.0171 
   NS_SS0883  3 0.0056 0.0842 0.0156 0.0193 0.0074 0.0163 0.0515 0.7862 0.0138 
   NS_SS0782  3 0.0179 0.1406 0.3409 0.0272 0.0044 0.0649 0.3404 0.0303 0.0334 
   NS_SS0831  3 0.0382 0.5943 0.0441 0.0363 0.0071 0.0264 0.1126 0.1005 0.0405 
   NS_SS0749  3 0.0320 0.0643 0.0523 0.0485 0.0076 0.0474 0.0477 0.6755 0.0246 
   NS_SS0854  3 0.0787 0.0679 0.3742 0.0460 0.0066 0.0569 0.0546 0.2818 0.0333 
   HI_SS0193  4 0.7223 0.0094 0.1424 0.0824 0.0015 0.0097 0.0172 0.0078 0.0073 
   HI_SS0194  4 0.0488 0.0096 0.1524 0.0939 0.0033 0.0360 0.3949 0.0933 0.1679 
   HI_SS0195  4 0.0058 0.0036 0.0270 0.4327 0.1055 0.0328 0.2834 0.0250 0.0842 
   HI_SS0196  4 0.3379 0.0403 0.0808 0.0162 0.0054 0.0657 0.0460 0.1835 0.2244 
   HI_SS0197  4 0.0071 0.0121 0.0191 0.7934 0.0228 0.0105 0.0928 0.0328 0.0094 
   HI_SS0198  4 0.0291 0.1018 0.0607 0.0675 0.0204 0.2195 0.3920 0.0932 0.0157 
   HI_SS0199  4 0.0062 0.2841 0.6087 0.0110 0.0041 0.0152 0.0574 0.0064 0.0069 
   HI_SS0201  4 0.1848 0.2473 0.0438 0.0232 0.0045 0.1008 0.1702 0.2168 0.0086 
   HI_SS0215  4 0.0330 0.8370 0.0117 0.0156 0.0049 0.0311 0.0316 0.0220 0.0130 
   HI_SS0218  4 0.4217 0.1804 0.2462 0.0176 0.0106 0.0294 0.0294 0.0091 0.0556 
   HI_SS0222  4 0.1036 0.2064 0.0243 0.4614 0.0089 0.0264 0.0908 0.0462 0.0321 
   HI_SS0230  4 0.0111 0.0301 0.0095 0.0974 0.0069 0.0119 0.0195 0.6950 0.1185 
   HI_SS0234  4 0.0088 0.0948 0.0584 0.0081 0.1383 0.6484 0.0171 0.0157 0.0104 
   HI_SS0240  4 0.0299 0.0285 0.7279 0.0071 0.0117 0.0432 0.1173 0.0141 0.0201 
   HI_SS0241  4 0.0162 0.1122 0.5153 0.0531 0.0025 0.0530 0.0301 0.1904 0.0270 
   HI_SS0242  4 0.0265 0.0541 0.1837 0.1266 0.0039 0.1137 0.4072 0.0337 0.0506 
   HI_SS0247  4 0.0307 0.0074 0.1325 0.2689 0.0381 0.0758 0.0239 0.0434 0.3792 
   HI_SS0248  4 0.5502 0.2722 0.0149 0.0056 0.0012 0.0190 0.0386 0.0089 0.0894 
   HI_SS0252  4 0.0212 0.0344 0.5157 0.0109 0.0027 0.0889 0.2228 0.0250 0.0786 
   HI_SS0254  4 0.5861 0.0119 0.0329 0.0539 0.1417 0.0751 0.0064 0.0858 0.0063 
   HI_SS0256  4 0.0064 0.0041 0.0110 0.1032 0.0020 0.7152 0.0373 0.0429 0.0779 
   HI_SS0257  4 0.0121 0.3245 0.0125 0.0163 0.0064 0.3514 0.0980 0.1632 0.0155 
   HI_SS0258  4 0.5337 0.0597 0.0288 0.0233 0.0088 0.2331 0.0494 0.0481 0.0152 
   HI_SS0259  4 0.0058 0.0160 0.0412 0.7987 0.0073 0.0571 0.0317 0.0128 0.0295 
   HI_SS0260  4 0.1020 0.4891 0.0363 0.0156 0.0029 0.0452 0.0575 0.1040 0.1475 
   HI_SS0261  4 0.3086 0.0411 0.1111 0.0676 0.0084 0.1600 0.0872 0.1141 0.1019 
   HI_SS0262  4 0.0144 0.0150 0.0658 0.7843 0.0092 0.0286 0.0430 0.0221 0.0176 
   HI_SS0264  4 0.0167 0.0112 0.0093 0.0655 0.0074 0.0590 0.0417 0.2970 0.4921 
   HI_SS0265  4 0.0107 0.0124 0.0201 0.3757 0.1188 0.2991 0.0375 0.1019 0.0241 
   HI_SS0268  4 0.0375 0.0187 0.0060 0.0299 0.0038 0.0127 0.0058 0.8559 0.0296 
   HI_SS0269  4 0.0592 0.5172 0.2712 0.0733 0.0037 0.0241 0.0195 0.0232 0.0088 
   HI_SS0273  4 0.5519 0.0389 0.0271 0.1782 0.0033 0.0463 0.1203 0.0156 0.0185 
   HI_SS0277  4 0.0061 0.0552 0.0072 0.7945 0.0036 0.0780 0.0292 0.0138 0.0124 
   HI_SS0280  4 0.0658 0.0111 0.1524 0.1682 0.0082 0.0169 0.4550 0.1064 0.0161 
   HI_SS0282  4 0.0380 0.0109 0.0132 0.0173 0.0017 0.0183 0.8751 0.0132 0.0123 
   HI_SS0286  4 0.0137 0.1443 0.0174 0.0352 0.0109 0.5518 0.1601 0.0565 0.0100 
   NS_SS1252  5 0.0096 0.9251 0.0129 0.0069 0.0051 0.0083 0.0052 0.0130 0.0139 
   NS_SS1261  5 0.1029 0.0355 0.0176 0.1484 0.0251 0.5258 0.0145 0.1078 0.0225 
   NS_SS1225  5 0.0224 0.5139 0.0231 0.0267 0.1097 0.0394 0.0338 0.1688 0.0621 
   NS_SS1266  5 0.0102 0.0045 0.0105 0.0080 0.0129 0.8858 0.0205 0.0044 0.0432 
   NS_SS1228  5 0.0100 0.0087 0.4945 0.4222 0.0185 0.0099 0.0087 0.0091 0.0184 
   NS_SS1255  5 0.6450 0.0293 0.1834 0.0316 0.0020 0.0259 0.0143 0.0205 0.0479 
   NS_SS1267  5 0.0126 0.9080 0.0064 0.0053 0.0149 0.0051 0.0087 0.0306 0.0084 
   NS_SS1238  5 0.7802 0.0086 0.0206 0.1070 0.0045 0.0177 0.0123 0.0377 0.0114 
   NS_SS1233  5 0.0335 0.0081 0.0076 0.0085 0.0031 0.0163 0.0110 0.0161 0.8958 
   NS_SS1277  5 0.3504 0.0187 0.5920 0.0067 0.0019 0.0132 0.0083 0.0031 0.0056 
   NS_SS1245  5 0.3216 0.1289 0.0195 0.0168 0.0035 0.1874 0.1781 0.0182 0.1261 
   NS_SS1240  5 0.0196 0.8310 0.0191 0.0124 0.0033 0.0115 0.0112 0.0849 0.0071 
   NS_SS1275  5 0.0044 0.0058 0.0101 0.9256 0.0029 0.0205 0.0122 0.0044 0.0140 
   NS_SS1235  5 0.2694 0.0153 0.2234 0.0334 0.0072 0.2345 0.1262 0.0614 0.0292 
   NS_SS1263  5 0.0274 0.0195 0.0221 0.0061 0.0022 0.0194 0.0346 0.0144 0.8542 
   NS_SS1251  5 0.0213 0.0592 0.0223 0.0181 0.0023 0.3405 0.3112 0.0106 0.2143 
   NS_SS1248  5 0.0063 0.0087 0.0259 0.0371 0.1143 0.0128 0.0089 0.6898 0.0963 
   NS_SS1244  5 0.0171 0.0079 0.0633 0.8393 0.0064 0.0101 0.0310 0.0137 0.0112 
   NS_SS1257  5 0.1786 0.3593 0.0753 0.0528 0.0590 0.0332 0.1148 0.1113 0.0158 
   NS_SS1242  5 0.0121 0.0076 0.0082 0.0238 0.0031 0.7160 0.1535 0.0077 0.0678 
   NS_SS1271  5 0.0627 0.0895 0.7411 0.0313 0.0388 0.0045 0.0138 0.0105 0.0077 
   NS_SS1265  5 0.0730 0.2072 0.0086 0.0143 0.0342 0.0462 0.0117 0.3186 0.2862 
   NS_SS1243  5 0.0324 0.0083 0.3473 0.0565 0.1153 0.0149 0.1703 0.0465 0.2085 
   NS_SS1273  5 0.0179 0.0066 0.0067 0.0508 0.0157 0.0135 0.0093 0.0046 0.8748 
   NS_SS1254  5 0.0132 0.0174 0.0198 0.0100 0.0076 0.0244 0.1565 0.0426 0.7086 
   NS_SS1224  5 0.0314 0.0683 0.1163 0.0391 0.0159 0.2327 0.0786 0.0762 0.3415 
   NS_SS1227  5 0.0469 0.0268 0.0249 0.0092 0.0030 0.0103 0.1153 0.7380 0.0257 
   NS_SS1274  5 0.0183 0.0572 0.0227 0.0200 0.0191 0.0287 0.0148 0.8017 0.0175 
   NS_SS1241  5 0.1194 0.0129 0.1571 0.0070 0.0021 0.5667 0.0245 0.0675 0.0429 
   NS_SS1256  5 0.0511 0.0770 0.0681 0.0761 0.0656 0.3313 0.1087 0.0266 0.1956 
   NS_SS1260  5 0.0071 0.5572 0.0519 0.0165 0.0941 0.0701 0.0827 0.0912 0.0294 
   NS_SS1262  5 0.0233 0.0797 0.1818 0.0412 0.1673 0.3893 0.0225 0.0696 0.0252 
   NS_SS1230  5 0.1083 0.0297 0.0490 0.0587 0.0084 0.6249 0.0168 0.0466 0.0576 
   NS_SS1270  5 0.0458 0.0120 0.0136 0.2689 0.0043 0.5547 0.0200 0.0638 0.0169 
   NS_SS1229  5 0.0340 0.0276 0.0231 0.0220 0.0060 0.8293 0.0406 0.0066 0.0108 
   NS_SS1246  5 0.1151 0.3297 0.0881 0.3878 0.0051 0.0288 0.0250 0.0094 0.0111 
   NS_SS1269  5 0.0452 0.1520 0.0236 0.0341 0.0047 0.3446 0.2033 0.1276 0.0650 
   NS_SS1239  5 0.0147 0.0296 0.7971 0.0278 0.0081 0.0854 0.0192 0.0089 0.0091 
   NS_SS1272  5 0.0318 0.1269 0.0116 0.6773 0.0073 0.1073 0.0182 0.0065 0.0133 
   NS_SS1268  5 0.2037 0.0068 0.0327 0.0131 0.0030 0.0372 0.5625 0.0761 0.0648 
   NS_SS1249  5 0.1072 0.0317 0.7721 0.0157 0.0154 0.0054 0.0221 0.0080 0.0225 
   HI_SS0559  6 0.0294 0.0241 0.0383 0.0065 0.0028 0.0104 0.7999 0.0754 0.0133 
   HI_SS0563  6 0.0327 0.0285 0.5554 0.0125 0.0038 0.0160 0.2240 0.0887 0.0385 
   HI_SS0564  6 0.0093 0.0080 0.1321 0.0730 0.0628 0.0196 0.6689 0.0113 0.0149 
   HI_SS0565  6 0.0173 0.1871 0.0176 0.0404 0.0078 0.1743 0.4750 0.0242 0.0563 
   HI_SS0569  6 0.0949 0.0224 0.0073 0.0155 0.0024 0.0100 0.0123 0.8232 0.0120 
   HI_SS0570  6 0.8540 0.0198 0.0192 0.0082 0.0539 0.0133 0.0050 0.0108 0.0158 
   HI_SS0572  6 0.0145 0.0115 0.3206 0.0128 0.0047 0.3396 0.2078 0.0368 0.0517 
   HI_SS0576  6 0.0693 0.0148 0.0397 0.0604 0.0058 0.5484 0.0111 0.2219 0.0286 
   HI_SS0579  6 0.1002 0.0131 0.1907 0.0040 0.0215 0.3466 0.2624 0.0515 0.0099 
   HI_SS0580  6 0.0127 0.4993 0.0886 0.0198 0.0060 0.0246 0.0917 0.0468 0.2106 
   HI_SS0581  6 0.0103 0.0129 0.0646 0.7653 0.0887 0.0226 0.0073 0.0148 0.0135 
   HI_SS0583  6 0.0051 0.9072 0.0084 0.0069 0.0037 0.0065 0.0076 0.0060 0.0488 
   HI_SS0586  6 0.0722 0.6392 0.0068 0.0061 0.0022 0.0100 0.0355 0.2127 0.0153 
   HI_SS0588  6 0.0788 0.1092 0.0455 0.0129 0.0249 0.5706 0.0155 0.1160 0.0267 
   HI_SS0595  6 0.0397 0.0478 0.0791 0.4697 0.0348 0.0504 0.0725 0.1876 0.0184 
   HI_SS0596  6 0.2852 0.0041 0.0946 0.0050 0.0030 0.3540 0.0271 0.0076 0.2195 
   HI_SS0597  6 0.0109 0.0543 0.0242 0.5070 0.0027 0.0383 0.0312 0.0130 0.3184 
   HI_SS0600  6 0.0177 0.0358 0.7468 0.0261 0.0072 0.1329 0.0148 0.0133 0.0055 
   HI_SS0601  6 0.0099 0.0450 0.0120 0.0691 0.0111 0.0472 0.0180 0.7735 0.0142 
   HI_SS0602  6 0.0135 0.0503 0.0091 0.0088 0.0035 0.0336 0.0360 0.8302 0.0149 
   HI_SS0604  6 0.0194 0.1661 0.1333 0.0085 0.0023 0.0738 0.1819 0.3293 0.0854 
   HI_SS0605  6 0.0159 0.0319 0.1437 0.0069 0.0057 0.0240 0.7375 0.0227 0.0116 
   HI_SS0608  6 0.0491 0.0155 0.6922 0.0075 0.0016 0.0144 0.0089 0.1850 0.0258 
   HI_SS0609  6 0.0673 0.0257 0.1042 0.0549 0.0012 0.0595 0.0605 0.0191 0.6076 
   HI_SS0611  6 0.0379 0.7591 0.0402 0.0157 0.0034 0.0252 0.0118 0.0769 0.0299 
   HI_SS0612  6 0.0400 0.0281 0.2240 0.0093 0.0105 0.2127 0.2345 0.0090 0.2318 
   HI_SS0613  6 0.0377 0.0950 0.0174 0.0859 0.0022 0.1668 0.0364 0.4802 0.0784 
   HI_SS0615  6 0.0255 0.0227 0.0645 0.0612 0.0198 0.6799 0.0246 0.0577 0.0442 
   HI_SS0001  6 0.0476 0.1421 0.1120 0.5402 0.0054 0.0181 0.0502 0.0231 0.0613 
   HI_SS0002  6 0.0094 0.0261 0.0277 0.0161 0.0323 0.7357 0.0803 0.0152 0.0573 
   HI_SS0004  6 0.0763 0.0771 0.1302 0.0129 0.0090 0.0120 0.0242 0.6018 0.0566 
   HI_SS0005  6 0.0389 0.0091 0.0264 0.7425 0.0117 0.0739 0.0317 0.0470 0.0188 
   HI_SS0006  6 0.0113 0.8783 0.0061 0.0279 0.0027 0.0199 0.0175 0.0059 0.0303 
   HI_SS0007  6 0.8277 0.0274 0.0751 0.0052 0.0060 0.0166 0.0208 0.0120 0.0092 
   HI_SS0008  6 0.0142 0.0100 0.0160 0.0309 0.0513 0.6097 0.0640 0.0993 0.1046 
   HI_SS0009  6 0.1057 0.0065 0.3867 0.0096 0.0098 0.3906 0.0348 0.0231 0.0333 
   HI_SS0010  6 0.2882 0.0105 0.0134 0.0244 0.0060 0.0164 0.0103 0.6104 0.0204 
   HI_SS0011  6 0.1311 0.0092 0.0100 0.1214 0.1154 0.1106 0.0858 0.0260 0.3905 
   HI_SS0012  6 0.0045 0.0752 0.0208 0.0476 0.0133 0.2419 0.5414 0.0284 0.0268 
   HI_SS0017  6 0.5623 0.0075 0.2090 0.0437 0.0037 0.0194 0.0245 0.0092 0.1207 
   HI_SS0021  6 0.2190 0.1804 0.0722 0.0700 0.2486 0.1299 0.0085 0.0522 0.0192 
   HI_SS0024  6 0.0510 0.0106 0.0317 0.3471 0.0025 0.0111 0.0259 0.0150 0.5051 
   HI_SS0025  6 0.0087 0.0559 0.0296 0.0086 0.0064 0.0542 0.0115 0.0157 0.8094 
   HI_SS0027  6 0.0692 0.0438 0.1246 0.0085 0.0157 0.0356 0.4016 0.2786 0.0224 
   HI_SS0028  6 0.0290 0.0130 0.0055 0.7217 0.0036 0.0606 0.0356 0.0348 0.0962 
   HI_SS0029  6 0.0740 0.1193 0.0238 0.0323 0.0155 0.0261 0.0258 0.0267 0.6565 
   HI_SS0030  6 0.1320 0.1482 0.0685 0.0932 0.0071 0.3884 0.1020 0.0365 0.0242 
   HI_SS0031  6 0.0081 0.0201 0.0105 0.0120 0.0047 0.8199 0.0443 0.0468 0.0338 
   HI_SS0034  6 0.0144 0.1060 0.0300 0.0062 0.0080 0.0239 0.2439 0.4434 0.1241 
   HI_SS0036  6 0.0222 0.0877 0.0072 0.7288 0.0136 0.0105 0.0182 0.1023 0.0096 
   HI_SS0037  6 0.0355 0.0129 0.0083 0.0065 0.0065 0.0065 0.0111 0.8615 0.0513 
   HI_SS0039  6 0.5055 0.0315 0.0127 0.2176 0.0058 0.0129 0.0507 0.1121 0.0513 
   HI_SS0041  6 0.0142 0.0162 0.0808 0.7764 0.0026 0.0283 0.0127 0.0260 0.0429 
   HI_SS0042  6 0.0124 0.0087 0.0830 0.0859 0.1382 0.2258 0.0222 0.0493 0.3744 
   HI_SS0043  6 0.0312 0.0733 0.0249 0.0473 0.0051 0.0095 0.0130 0.7814 0.0144 
   HI_SS0044  6 0.5911 0.0176 0.0178 0.0082 0.0052 0.0260 0.0251 0.0375 0.2715 
   HI_SS0047  6 0.1067 0.0269 0.0230 0.0865 0.0044 0.6296 0.0524 0.0338 0.0366 
   HI_SS0049  6 0.0107 0.0187 0.2397 0.1132 0.0078 0.0252 0.0378 0.0594 0.4875 
   HI_SS0051  6 0.0167 0.0287 0.0092 0.0088 0.0037 0.5007 0.3130 0.0853 0.0339 
   HI_SS0053  6 0.0976 0.2986 0.0367 0.3800 0.0069 0.0091 0.0984 0.0430 0.0297 
   HI_SS0054  6 0.7191 0.1221 0.0061 0.0389 0.0077 0.0419 0.0281 0.0170 0.0191 
   HI_SS0057  6 0.0997 0.0162 0.0334 0.2049 0.0049 0.3640 0.0280 0.1637 0.0852 
   HI_SS0058  6 0.0373 0.0633 0.0163 0.0057 0.0084 0.0600 0.0162 0.7049 0.0879 
   HI_SS0060  6 0.0512 0.0079 0.0470 0.1044 0.1039 0.0848 0.0166 0.5748 0.0095 
   HI_SS0087  6 0.0366 0.4572 0.0319 0.0713 0.0032 0.0345 0.2662 0.0123 0.0869 
   HI_SS0091  6 0.0087 0.8620 0.0270 0.0479 0.0025 0.0104 0.0126 0.0155 0.0133 
   HI_SS0095  6 0.0103 0.1422 0.0758 0.0217 0.0697 0.4029 0.1208 0.1293 0.0272 
   HI_SS0097  6 0.0101 0.0260 0.0145 0.0165 0.0071 0.1740 0.0832 0.1721 0.4965 
   HI_SS0099  6 0.0114 0.0664 0.0105 0.0748 0.0067 0.0171 0.0116 0.1359 0.6657 
   HI_SS0103  6 0.0470 0.0191 0.0089 0.0313 0.0027 0.8579 0.0203 0.0052 0.0078 
   HI_SS0105  6 0.0705 0.0106 0.0270 0.2901 0.0442 0.0671 0.2284 0.2384 0.0237 
   HI_SS0107  6 0.0337 0.0279 0.1268 0.0378 0.0016 0.4674 0.0810 0.0074 0.2163 
   HI_SS0108  6 0.6280 0.2123 0.0451 0.0104 0.0337 0.0148 0.0321 0.0172 0.0065 
   HI_SS0110  6 0.0311 0.0538 0.0188 0.7965 0.0017 0.0397 0.0237 0.0203 0.0145 
   HI_SS0111  6 0.0249 0.0647 0.0755 0.5120 0.0584 0.0961 0.0602 0.0838 0.0243 
   HI_SS0112  6 0.8246 0.0108 0.0446 0.0160 0.0019 0.0096 0.0139 0.0678 0.0107 
   HI_SS0113  6 0.0081 0.0096 0.0185 0.0844 0.0064 0.0443 0.0210 0.0279 0.7797 
   HI_SS0114  6 0.0110 0.1575 0.0115 0.0183 0.0081 0.0238 0.6870 0.0417 0.0411 
   HI_SS0115  6 0.0571 0.0317 0.0924 0.0064 0.0236 0.0477 0.2078 0.0808 0.4526 
   HI_SS0116  6 0.2321 0.6641 0.0272 0.0109 0.0042 0.0213 0.0096 0.0104 0.0201 
   HI_SS0117  6 0.7369 0.0526 0.0074 0.0402 0.0053 0.0248 0.0931 0.0239 0.0158 
   HI_SS0118  6 0.0406 0.6772 0.0463 0.0174 0.0120 0.0087 0.0570 0.0098 0.1312 
   HI_SS0119  6 0.2054 0.1029 0.0533 0.2123 0.0049 0.0388 0.2288 0.1468 0.0066 
   HI_SS0120  6 0.0480 0.0117 0.0612 0.7186 0.0046 0.1106 0.0134 0.0122 0.0197 
   HI_SS0121  6 0.0095 0.0169 0.0028 0.8693 0.0025 0.0307 0.0120 0.0190 0.0373 
   HI_SS0122  6 0.0129 0.0147 0.0653 0.8264 0.0354 0.0137 0.0083 0.0104 0.0127 
   HI_SS0123  6 0.0078 0.0832 0.0140 0.0126 0.0096 0.0228 0.8226 0.0109 0.0165 
   HI_SS0124  6 0.0197 0.0057 0.6349 0.0599 0.0060 0.0440 0.0641 0.0306 0.1351 
   HI_SS0125  6 0.0122 0.0057 0.5298 0.3351 0.0562 0.0164 0.0172 0.0083 0.0191 
   HI_SS0126  6 0.7818 0.0862 0.0231 0.0110 0.0017 0.0176 0.0060 0.0346 0.0381 
   HI_SS0127  6 0.0292 0.0186 0.0186 0.0136 0.0114 0.0368 0.2136 0.3318 0.3263 
   HI_SS0128  6 0.0170 0.0659 0.0656 0.0236 0.0035 0.0480 0.0133 0.0123 0.7508 
   HI_SS0129  6 0.2665 0.0619 0.1543 0.1323 0.0218 0.0217 0.1512 0.1413 0.0490 
   HI_SS0131  6 0.0221 0.0062 0.4829 0.0171 0.0584 0.0123 0.0219 0.3553 0.0237 
   HI_SS0132  6 0.2312 0.0128 0.4313 0.2490 0.0010 0.0085 0.0363 0.0129 0.0171 
   HI_SS0133  6 0.8061 0.0597 0.0908 0.0090 0.0021 0.0073 0.0070 0.0113 0.0069 
   HI_SS0134  6 0.0315 0.0471 0.0138 0.0281 0.0046 0.0406 0.7990 0.0094 0.0258 
   HI_SS0142  6 0.0092 0.0637 0.0796 0.0453 0.0287 0.1142 0.4530 0.1128 0.0934 
   HI_SS0145  6 0.0301 0.0660 0.0281 0.0063 0.0023 0.6222 0.1818 0.0349 0.0283 
   HI_SS0146  6 0.7189 0.0589 0.0547 0.0098 0.0023 0.0878 0.0142 0.0354 0.0180 
   HI_SS0147  6 0.0965 0.0075 0.0100 0.0197 0.0314 0.7746 0.0087 0.0343 0.0173 
   HI_SS0149  6 0.0272 0.0102 0.0064 0.8918 0.0062 0.0100 0.0092 0.0175 0.0214 
   HI_SS0150  6 0.1585 0.0181 0.0646 0.3575 0.0067 0.0260 0.1481 0.0466 0.1739 
   HI_SS0151  6 0.0296 0.1257 0.3425 0.0239 0.0211 0.0904 0.2806 0.0650 0.0212 
   NS_SS1451  6 0.0101 0.0040 0.8604 0.0307 0.0058 0.0098 0.0323 0.0134 0.0336 
   NS_SS1404  6 0.5519 0.0080 0.0843 0.1223 0.0160 0.0370 0.0534 0.0455 0.0817 
   NS_SS1432  6 0.0092 0.0060 0.0126 0.5835 0.0563 0.0242 0.0146 0.0068 0.2869 
   NS_SS1405  6 0.1287 0.0469 0.0701 0.0215 0.0072 0.0208 0.1051 0.0794 0.5203 
   NS_SS1431  6 0.0355 0.0109 0.0092 0.5560 0.0017 0.0183 0.0298 0.0223 0.3163 
   NS_SS1402  6 0.0200 0.2169 0.0892 0.1127 0.0054 0.1274 0.3159 0.0121 0.1004 
   NS_SS1450  6 0.0288 0.0222 0.0438 0.0180 0.0061 0.0209 0.7468 0.0192 0.0942 
   NS_SS1396  6 0.0409 0.0671 0.0564 0.4483 0.0087 0.0431 0.0441 0.0864 0.2050 
   NS_SS1393  6 0.0073 0.8943 0.0092 0.0123 0.0049 0.0175 0.0201 0.0217 0.0127 
   NS_SS1392  6 0.0152 0.0083 0.8418 0.0187 0.0257 0.0219 0.0406 0.0149 0.0127 
   NS_SS1445  6 0.0560 0.4835 0.0145 0.0402 0.0192 0.1174 0.0314 0.1240 0.1138 
   NS_SS1423  6 0.6219 0.0678 0.0318 0.1657 0.0019 0.0115 0.0500 0.0306 0.0188 
   NS_SS1421  6 0.1490 0.0155 0.0094 0.5022 0.0969 0.0113 0.1587 0.0144 0.0426 
   NS_SS1411  6 0.8046 0.0507 0.0214 0.0100 0.0027 0.0187 0.0217 0.0596 0.0106 
   NS_SS1453  6 0.0230 0.1187 0.0102 0.1853 0.0084 0.0149 0.0273 0.6023 0.0099 
   NS_SS1442  6 0.1635 0.0698 0.0059 0.0220 0.0068 0.5630 0.0560 0.0199 0.0932 
   NS_SS1422  6 0.0445 0.2208 0.4010 0.0218 0.0237 0.0730 0.0790 0.0365 0.0997 
   NS_SS1419  6 0.0105 0.0130 0.0248 0.0066 0.1708 0.0284 0.0105 0.0526 0.6828 
   NS_SS1427  6 0.0097 0.0431 0.9100 0.0089 0.0018 0.0039 0.0086 0.0070 0.0072 
   NS_SS1444  6 0.0081 0.0147 0.1690 0.0527 0.0047 0.0153 0.0169 0.5028 0.2158 
   NS_SS1455  6 0.1512 0.0314 0.0206 0.0599 0.0029 0.1526 0.1664 0.0112 0.4038 
   NS_SS1425  6 0.4142 0.0467 0.0155 0.0152 0.0026 0.0273 0.0231 0.4464 0.0089 
   NS_SS1400  6 0.6957 0.1726 0.0213 0.0074 0.0023 0.0073 0.0233 0.0348 0.0354 
   NS_SS1406  6 0.0063 0.0114 0.0051 0.0725 0.0166 0.0328 0.1087 0.0899 0.6568 
   NS_SS1417  6 0.1823 0.2058 0.0270 0.0581 0.0112 0.4135 0.0296 0.0142 0.0583 
   NS_SS1454  6 0.2906 0.0487 0.0140 0.4167 0.0028 0.0322 0.0264 0.0256 0.1430 
   NS_SS1412  6 0.2348 0.0344 0.0116 0.0848 0.0350 0.3480 0.0279 0.0940 0.1294 
   NS_SS1438  6 0.0677 0.6069 0.1046 0.0275 0.0023 0.0348 0.0630 0.0700 0.0232 
   NS_SS1416  6 0.0166 0.0543 0.0109 0.0492 0.0111 0.0220 0.7870 0.0191 0.0298 
   NS_SS1401  6 0.0470 0.0089 0.0194 0.6403 0.0224 0.0208 0.0245 0.0740 0.1426 
   NS_SS1424  6 0.0340 0.1384 0.0307 0.0175 0.0158 0.6901 0.0547 0.0135 0.0053 
   NS_SS1435  6 0.2576 0.0257 0.4187 0.1381 0.0050 0.0423 0.0572 0.0296 0.0257 
   NS_SS1447  6 0.0121 0.0157 0.0285 0.1043 0.0105 0.1284 0.0664 0.0234 0.6107 
   NS_SS1414  6 0.0185 0.0160 0.0089 0.0300 0.0093 0.0123 0.0394 0.0345 0.8311 
   NS_SS1449  6 0.0142 0.0053 0.8887 0.0340 0.0059 0.0129 0.0113 0.0202 0.0075 
   NS_SS1443  6 0.1070 0.0493 0.1493 0.0053 0.0036 0.2718 0.3946 0.0145 0.0047 
   NS_SS1434  6 0.0586 0.0243 0.7914 0.0218 0.0014 0.0512 0.0097 0.0079 0.0336 
   NS_SS1398  6 0.0649 0.0204 0.0121 0.0938 0.0308 0.0152 0.0470 0.5686 0.1471 
   NS_SS1426  6 0.0903 0.3899 0.0224 0.0284 0.0047 0.2357 0.0366 0.1813 0.0107 
   NS_SS1413  6 0.9077 0.0090 0.0100 0.0046 0.0176 0.0170 0.0074 0.0136 0.0132 
   NS_SS1395  6 0.0259 0.3820 0.0481 0.1064 0.0120 0.2111 0.1486 0.0398 0.0261 
   NS_SS1448  6 0.1067 0.0058 0.8060 0.0127 0.0036 0.0152 0.0088 0.0133 0.0279 
   NS_SS1446  6 0.0110 0.0881 0.5563 0.0555 0.0044 0.2444 0.0177 0.0130 0.0097 
   NS_SS1403  6 0.0054 0.6618 0.0086 0.0228 0.0125 0.0654 0.0704 0.0793 0.0737 
   NS_SS1415  6 0.8696 0.0171 0.0137 0.0104 0.0169 0.0220 0.0140 0.0268 0.0095 
   NS_SS1437  6 0.0134 0.0184 0.0162 0.0552 0.0137 0.0525 0.1694 0.0411 0.6202 
   NS_SS1439  6 0.0089 0.0501 0.0159 0.0123 0.0028 0.5052 0.2798 0.0340 0.0910 
   NS_SS1441  6 0.0330 0.0368 0.0827 0.0128 0.0040 0.0912 0.0271 0.6909 0.0215 
   NS_SS1420  6 0.0079 0.0066 0.8100 0.0238 0.0060 0.0150 0.0199 0.0231 0.0876 
   NS_SS1394  6 0.0098 0.0127 0.0612 0.0289 0.0635 0.0110 0.0558 0.6186 0.1386 
   NS_SS1391  6 0.1692 0.0394 0.0258 0.0136 0.0233 0.5877 0.0064 0.1217 0.0129 
   NS_SS1410  6 0.0600 0.1406 0.1936 0.4671 0.0187 0.0542 0.0110 0.0242 0.0306 
   NS_SS1408  6 0.0163 0.0756 0.0164 0.0533 0.0698 0.0205 0.6873 0.0349 0.0258 
   NS_SS1409  6 0.0127 0.1037 0.0442 0.0459 0.0038 0.6361 0.0226 0.1245 0.0065 
   HI_SS0617  7 0.0162 0.2191 0.0710 0.0362 0.0020 0.3437 0.2611 0.0270 0.0236 
   HI_SS0618  7 0.0066 0.0232 0.1796 0.0272 0.0031 0.0357 0.5046 0.1313 0.0887 
   HI_SS0619  7 0.0977 0.0300 0.0676 0.3398 0.0068 0.0227 0.0328 0.2918 0.1107 
   HI_SS0620  7 0.1149 0.0704 0.6953 0.0062 0.0040 0.0341 0.0374 0.0313 0.0066 
   HI_SS0621  7 0.0087 0.0209 0.2721 0.0963 0.0270 0.3552 0.0737 0.0808 0.0652 
   HI_SS0622  7 0.0457 0.0110 0.0325 0.0169 0.0179 0.0577 0.1428 0.3096 0.3659 
   HI_SS0626  7 0.0796 0.0199 0.0466 0.4616 0.0167 0.0264 0.0300 0.2974 0.0218 
   HI_SS0627  7 0.0408 0.0148 0.0210 0.8326 0.0163 0.0354 0.0063 0.0164 0.0165 
   HI_SS0628  7 0.0150 0.1466 0.0827 0.2643 0.0645 0.0144 0.3539 0.0421 0.0165 
   HI_SS0629  7 0.0175 0.2639 0.1532 0.0222 0.0118 0.3265 0.0361 0.0665 0.1023 
   HI_SS0630  7 0.1283 0.0809 0.0527 0.0139 0.0749 0.0344 0.5507 0.0326 0.0315 
   HI_SS0631  7 0.1389 0.0202 0.1123 0.0143 0.0018 0.0271 0.0090 0.6684 0.0080 
   HI_SS0632  7 0.1638 0.0144 0.1296 0.1734 0.0058 0.0247 0.1565 0.0898 0.2419 
   HI_SS0633  7 0.0157 0.0528 0.0486 0.0110 0.0057 0.0515 0.0210 0.0218 0.7720 
   HI_SS0634  7 0.0236 0.0206 0.1556 0.7178 0.0043 0.0397 0.0195 0.0103 0.0085 
   HI_SS0635  7 0.1484 0.0203 0.0279 0.0391 0.0174 0.2384 0.0859 0.0865 0.3359 
   HI_SS0637  7 0.0045 0.0645 0.0133 0.0788 0.0051 0.0484 0.3082 0.4179 0.0594 
   HI_SS0638  7 0.6239 0.0095 0.0555 0.0518 0.0018 0.0506 0.0376 0.1555 0.0139 
   HI_SS0639  7 0.0121 0.0082 0.3127 0.0623 0.0551 0.0399 0.4544 0.0205 0.0349 
   HI_SS0640  7 0.1055 0.3071 0.1115 0.0179 0.0036 0.0660 0.1562 0.0674 0.1648 
   HI_SS0641  7 0.0200 0.0561 0.0233 0.0113 0.0065 0.0394 0.0246 0.7858 0.0330 
   HI_SS0642  7 0.0574 0.0107 0.0107 0.8650 0.0023 0.0142 0.0241 0.0065 0.0092 
   HI_SS0645  7 0.0225 0.0364 0.1183 0.0253 0.0017 0.0353 0.0653 0.0876 0.6077 
   HI_SS0646  7 0.0250 0.0588 0.0825 0.0642 0.0053 0.5617 0.0693 0.1206 0.0127 
   HI_SS0647  7 0.1116 0.0436 0.0163 0.1687 0.0028 0.0572 0.0465 0.0682 0.4853 
   HI_SS0648  7 0.3436 0.0131 0.0159 0.0896 0.0038 0.2695 0.0414 0.0613 0.1618 
   HI_SS0649  7 0.0087 0.4959 0.0226 0.0531 0.0031 0.0591 0.0165 0.1421 0.1990 
   HI_SS0650  7 0.0128 0.0984 0.0360 0.0309 0.0083 0.5992 0.1398 0.0422 0.0325 
   HI_SS0651  7 0.0097 0.0430 0.0213 0.0113 0.0067 0.0614 0.1186 0.6391 0.0888 
   HI_SS0652  7 0.0279 0.0109 0.0758 0.0707 0.0051 0.1028 0.4995 0.1543 0.0530 
   NS_SS1371  7 0.0118 0.2897 0.4684 0.0166 0.0122 0.0344 0.0231 0.1122 0.0317 
   NS_SS1374  7 0.8392 0.0148 0.0186 0.0471 0.0056 0.0156 0.0203 0.0271 0.0117 
   NS_SS1337  7 0.0055 0.0131 0.1307 0.7785 0.0053 0.0240 0.0264 0.0051 0.0114 
   NS_SS1385  7 0.0256 0.0638 0.0080 0.0152 0.0029 0.8369 0.0181 0.0229 0.0066 
   NS_SS1388  7 0.0133 0.0226 0.0200 0.0162 0.0086 0.0045 0.0052 0.0602 0.8494 
   NS_SS1370  7 0.0125 0.0094 0.0518 0.7898 0.0119 0.0168 0.0230 0.0654 0.0193 
   NS_SS1389  7 0.0109 0.0196 0.0123 0.0097 0.0055 0.0099 0.0141 0.0415 0.8765 
   NS_SS1360  7 0.0237 0.0238 0.0467 0.0106 0.0080 0.0279 0.0277 0.8208 0.0110 
   NS_SS1330  7 0.0357 0.0330 0.0136 0.0112 0.0069 0.0984 0.5734 0.0902 0.1375 
   NS_SS1328  7 0.2083 0.0199 0.6801 0.0151 0.0037 0.0107 0.0360 0.0108 0.0152 
   NS_SS1384  7 0.0169 0.0814 0.0331 0.0157 0.0064 0.2585 0.5525 0.0243 0.0112 
   NS_SS1381  7 0.0050 0.0174 0.8910 0.0113 0.0015 0.0345 0.0095 0.0139 0.0159 
   NS_SS1375  7 0.2139 0.0061 0.5803 0.0219 0.0018 0.0367 0.0297 0.0235 0.0862 
   NS_SS1319  7 0.0099 0.0272 0.4080 0.1425 0.1383 0.1230 0.0560 0.0477 0.0475 
   NS_SS1326  7 0.5492 0.0534 0.2341 0.0811 0.0200 0.0192 0.0116 0.0180 0.0134 
   NS_SS1341  7 0.0071 0.1097 0.0135 0.4535 0.0084 0.1133 0.0172 0.2242 0.0530 
   NS_SS1383  7 0.0695 0.0500 0.0460 0.6796 0.0073 0.0337 0.0470 0.0581 0.0087 
   NS_SS1318  7 0.0464 0.0674 0.0472 0.0161 0.0268 0.3242 0.0113 0.1081 0.3525 
   NS_SS1348  7 0.2794 0.6297 0.0176 0.0118 0.0018 0.0208 0.0108 0.0230 0.0051 
   NS_SS1363  7 0.0236 0.0093 0.1367 0.0358 0.0045 0.6442 0.0088 0.1230 0.0141 
   NS_SS1335  7 0.1012 0.1990 0.0432 0.1504 0.0445 0.0368 0.0701 0.3355 0.0193 
   NS_SS1358  7 0.0332 0.1602 0.0284 0.0711 0.0227 0.0119 0.6496 0.0146 0.0082 
   NS_SS1342  7 0.0387 0.7405 0.0159 0.0619 0.0038 0.0276 0.0439 0.0153 0.0524 
   NS_SS1320  7 0.0086 0.0043 0.0208 0.0220 0.0073 0.0350 0.0516 0.0078 0.8427 
   NS_SS1355  7 0.0029 0.0449 0.0069 0.0070 0.0186 0.0083 0.0155 0.0110 0.8849 
   NS_SS1345  7 0.0115 0.0170 0.1754 0.0122 0.0195 0.2876 0.3680 0.0120 0.0968 
   NS_SS1324  7 0.0776 0.0175 0.2636 0.0200 0.0030 0.0166 0.0149 0.5473 0.0395 
   NS_SS1347  7 0.0613 0.0862 0.0312 0.0464 0.0071 0.2784 0.1880 0.1816 0.1199 
   NS_SS1321  7 0.0559 0.0448 0.0154 0.6835 0.0024 0.1325 0.0105 0.0483 0.0068 
   NS_SS1333  7 0.1212 0.0379 0.0235 0.7271 0.0044 0.0321 0.0086 0.0288 0.0164 
   NS_SS1364  7 0.0340 0.1746 0.0076 0.0088 0.0031 0.1415 0.2345 0.1899 0.2060 
   NS_SS1379  7 0.0631 0.0239 0.0187 0.0104 0.0670 0.0186 0.6554 0.0860 0.0570 
   NS_SS1332  7 0.5773 0.2120 0.0119 0.0185 0.0085 0.0230 0.0095 0.0704 0.0689 
   NS_SS1338  7 0.0576 0.2819 0.0125 0.0192 0.0118 0.0306 0.1388 0.4391 0.0084 
   NS_SS1368  7 0.1858 0.2850 0.0243 0.2751 0.0096 0.0314 0.0350 0.0337 0.1201 
   NS_SS1354  7 0.0127 0.0499 0.0179 0.0428 0.0156 0.5078 0.0336 0.0383 0.2813 
   NS_SS1365  7 0.3065 0.0193 0.2928 0.0810 0.0133 0.0227 0.0902 0.0097 0.1644 
   NS_SS1380  7 0.0078 0.0058 0.0133 0.0236 0.0281 0.0259 0.0876 0.1313 0.6765 
   NS_SS1329  7 0.0378 0.3538 0.0057 0.1285 0.0044 0.0836 0.0958 0.0787 0.2117 
   NS_SS1362  7 0.0303 0.0716 0.0130 0.0450 0.0074 0.7432 0.0227 0.0576 0.0091 
   NS_SS1327  7 0.0417 0.8634 0.0149 0.0096 0.0053 0.0088 0.0052 0.0453 0.0058 
   NS_SS1350  7 0.0083 0.0148 0.7885 0.0086 0.0164 0.0646 0.0569 0.0353 0.0066 
   NS_SS1387  7 0.0171 0.0805 0.0080 0.0174 0.0037 0.0100 0.1153 0.1166 0.6314 
   NS_SS1369  7 0.0586 0.0425 0.0513 0.0174 0.0068 0.0198 0.3649 0.0124 0.4264 
