

----------------------------------------------------
STRUCTURE by Pritchard, Stephens and Donnelly (2000)
     and Falush, Stephens and Pritchard (2003)
       Code by Pritchard, Falush and Hubisz
             Version 2.3.4 (Jul 2012)
----------------------------------------------------



Command line arguments:   /home/genobiwan/Documents/Programs/Structure/structure -m parameter_job_k9_r3 
Input File:    /media/genobiwan/Storage/Projets/Mackerel_NWA_2021/data_job_k9_r3

Run parameters:
   629 individuals
   4140 loci
   9 populations assumed
   10000 Burn-in period
   100000 Reps


--------------------------------------------
Proportion of membership of each pre-defined
 population in each of the 9 clusters

Given    Inferred Clusters                                                 Number of
 Pop       1      2      3      4      5      6      7      8      9      Individuals

  1:     0.080  0.142  0.114  0.109  0.110  0.016  0.168  0.092  0.169       67
  2:     0.059  0.176  0.118  0.110  0.124  0.012  0.123  0.152  0.126       32
  3:     0.107  0.119  0.148  0.094  0.138  0.016  0.094  0.080  0.204       92
  4:     0.165  0.077  0.127  0.157  0.091  0.019  0.154  0.135  0.073       36
  5:     0.117  0.099  0.084  0.139  0.111  0.023  0.130  0.173  0.124       41
  6:     0.135  0.132  0.117  0.111  0.127  0.017  0.128  0.139  0.094      158
  7:     0.116  0.131  0.150  0.125  0.118  0.013  0.124  0.116  0.107       79
  8:     0.174  0.137  0.109  0.141  0.093  0.017  0.137  0.087  0.104       52
  9:     0.005  0.006  0.006  0.006  0.006  0.953  0.007  0.006  0.007       36
 10:     0.005  0.005  0.006  0.005  0.006  0.957  0.006  0.005  0.005       36
--------------------------------------------

Allele-freq. divergence among pops (Net nucleotide distance),
computed using point estimates of P.

      1       2       3       4       5       6       7       8       9      
 1      -    0.0007  0.0006  0.0006  0.0006  0.0056  0.0005  0.0007  0.0007  
 2   0.0007     -    0.0003  0.0004  0.0004  0.0053  0.0003  0.0004  0.0004  
 3   0.0006  0.0003     -    0.0004  0.0004  0.0052  0.0003  0.0004  0.0004  
 4   0.0006  0.0004  0.0004     -    0.0004  0.0053  0.0003  0.0005  0.0004  
 5   0.0006  0.0004  0.0004  0.0004     -    0.0052  0.0003  0.0005  0.0004  
 6   0.0056  0.0053  0.0052  0.0053  0.0052     -    0.0052  0.0053  0.0052  
 7   0.0005  0.0003  0.0003  0.0003  0.0003  0.0052     -    0.0004  0.0003  
 8   0.0007  0.0004  0.0004  0.0005  0.0005  0.0053  0.0004     -    0.0004  
 9   0.0007  0.0004  0.0004  0.0004  0.0004  0.0052  0.0003  0.0004     -    

Average distances (expected heterozygosity) between individuals in same cluster:
cluster  1  : 0.3170 
cluster  2  : 0.3188 
cluster  3  : 0.3184 
cluster  4  : 0.3188 
cluster  5  : 0.3175 
cluster  6  : 0.3049 
cluster  7  : 0.3186 
cluster  8  : 0.3184 
cluster  9  : 0.3182 

--------------------------------------------
Estimated Ln Prob of Data   = -2492631.4
Mean value of ln likelihood = -2462017.3
Variance of ln likelihood   = 61228.4
Mean value of alpha         = 0.0622

Mean value of Fst_1         = 0.0088
Mean value of Fst_2         = 0.0061
Mean value of Fst_3         = 0.0053
Mean value of Fst_4         = 0.0063
Mean value of Fst_5         = 0.0064
Mean value of Fst_6         = 0.0405
Mean value of Fst_7         = 0.0050
Mean value of Fst_8         = 0.0064
Mean value of Fst_9         = 0.0061


Inferred ancestry of individuals:
        Label (%Miss) Pop:  Inferred clusters
  1 NS_SS0963    (4)    1 :  0.009 0.024 0.008 0.183 0.042 0.006 0.023 0.017 0.688 
  2 NS_SS0983    (1)    1 :  0.012 0.006 0.037 0.878 0.019 0.005 0.025 0.011 0.007 
  3 NS_SS0719    (9)    1 :  0.022 0.183 0.335 0.066 0.030 0.007 0.303 0.037 0.018 
  4 NS_SS1001    (8)    1 :  0.050 0.166 0.029 0.015 0.100 0.010 0.023 0.594 0.013 
  5 NS_SS0936    (4)    1 :  0.034 0.037 0.014 0.043 0.041 0.003 0.026 0.189 0.614 
  6 NS_SS0955    (6)    1 :  0.224 0.010 0.292 0.082 0.224 0.008 0.060 0.051 0.049 
  7 NS_SS0944    (3)    1 :  0.629 0.016 0.019 0.046 0.019 0.003 0.099 0.085 0.084 
  8 NS_SS0945    (3)    1 :  0.440 0.137 0.100 0.119 0.014 0.014 0.018 0.129 0.031 
  9 NS_SS0922    (2)    1 :  0.003 0.291 0.519 0.021 0.006 0.026 0.037 0.019 0.079 
 10 NS_SS0929    (7)    1 :  0.031 0.066 0.061 0.158 0.380 0.005 0.072 0.019 0.207 
 11 NS_SS0956    (1)    1 :  0.011 0.096 0.694 0.041 0.072 0.004 0.010 0.022 0.049 
 12 NS_SS0906    (3)    1 :  0.041 0.110 0.257 0.031 0.129 0.004 0.098 0.018 0.313 
 13 NS_SS0721    (6)    1 :  0.016 0.018 0.075 0.763 0.079 0.006 0.026 0.011 0.006 
 14 NS_SS0982    (4)    1 :  0.008 0.044 0.029 0.018 0.114 0.022 0.016 0.015 0.734 
 15 NS_SS0923    (6)    1 :  0.007 0.317 0.090 0.155 0.189 0.010 0.047 0.021 0.164 
 16 NS_SS0905    (6)    1 :  0.012 0.253 0.036 0.126 0.249 0.003 0.231 0.011 0.077 
 17 NS_SS0925    (3)    1 :  0.008 0.012 0.028 0.039 0.073 0.007 0.453 0.311 0.069 
 18 NS_SS0947    (6)    1 :  0.034 0.017 0.357 0.035 0.069 0.006 0.030 0.124 0.328 
 19 NS_SS0926    (2)    1 :  0.283 0.474 0.022 0.023 0.022 0.002 0.109 0.046 0.018 
 20 NS_SS0918    (6)    1 :  0.025 0.042 0.013 0.580 0.232 0.004 0.016 0.037 0.051 
 21 NS_SS0966    (4)    1 :  0.033 0.021 0.017 0.152 0.028 0.068 0.531 0.070 0.079 
 22 NS_SS0938    (2)    1 :  0.022 0.045 0.026 0.015 0.018 0.003 0.011 0.845 0.016 
 23 NS_SS0917    (2)    1 :  0.024 0.020 0.591 0.020 0.037 0.049 0.218 0.017 0.024 
 24 NS_SS0957   (11)    1 :  0.010 0.125 0.026 0.011 0.542 0.009 0.016 0.017 0.244 
 25 NS_SS0987    (1)    1 :  0.004 0.619 0.037 0.058 0.030 0.228 0.009 0.007 0.008 
 26 NS_SS0717    (4)    1 :  0.010 0.509 0.044 0.137 0.085 0.004 0.038 0.070 0.102 
 27 NS_SS0986    (2)    1 :  0.064 0.052 0.161 0.172 0.136 0.008 0.012 0.178 0.217 
 28 NS_SS0953    (3)    1 :  0.017 0.025 0.007 0.055 0.043 0.023 0.007 0.014 0.809 
 29 NS_SS0907    (3)    1 :  0.015 0.011 0.064 0.010 0.080 0.040 0.032 0.014 0.734 
 30 NS_SS0974    (6)    1 :  0.053 0.021 0.026 0.010 0.011 0.006 0.773 0.051 0.049 
 31 NS_SS0989    (1)    1 :  0.016 0.027 0.009 0.483 0.093 0.001 0.127 0.233 0.011 
 32 NS_SS0991    (3)    1 :  0.400 0.010 0.047 0.333 0.152 0.003 0.027 0.012 0.016 
 33 NS_SS0994    (2)    1 :  0.474 0.012 0.239 0.076 0.024 0.002 0.101 0.064 0.008 
 34 NS_SS0931    (6)    1 :  0.193 0.587 0.011 0.023 0.013 0.023 0.037 0.097 0.016 
 35 NS_SS1000    (5)    1 :  0.024 0.036 0.030 0.025 0.040 0.005 0.012 0.046 0.782 
 36 NS_SS0919    (1)    1 :  0.023 0.016 0.066 0.209 0.004 0.003 0.636 0.011 0.032 
 37 NS_SS0949    (4)    1 :  0.394 0.017 0.021 0.018 0.012 0.002 0.055 0.473 0.008 
 38 NS_SS0960   (10)    1 :  0.072 0.043 0.057 0.087 0.237 0.010 0.424 0.011 0.060 
 39 NS_SS0716    (2)    1 :  0.005 0.672 0.007 0.010 0.277 0.007 0.010 0.007 0.005 
 40 NS_SS0924    (8)    1 :  0.004 0.012 0.348 0.029 0.253 0.020 0.314 0.007 0.012 
 41 NS_SS0935    (2)    1 :  0.112 0.044 0.039 0.215 0.063 0.019 0.471 0.013 0.025 
 42 NS_SS0952   (14)    1 :  0.185 0.027 0.066 0.071 0.163 0.048 0.103 0.018 0.319 
 43 NS_SS0962   (11)    1 :  0.012 0.205 0.136 0.047 0.067 0.012 0.322 0.135 0.064 
 44 NS_SS0973    (5)    1 :  0.018 0.008 0.030 0.011 0.015 0.006 0.551 0.013 0.348 
 45 NS_SS0722    (1)    1 :  0.003 0.449 0.146 0.014 0.011 0.004 0.025 0.209 0.141 
 46 NS_SS0979   (13)    1 :  0.015 0.365 0.027 0.052 0.170 0.004 0.042 0.128 0.196 
 47 NS_SS0993    (2)    1 :  0.007 0.015 0.013 0.007 0.013 0.016 0.713 0.204 0.012 
 48 NS_SS0958    (1)    1 :  0.631 0.046 0.010 0.059 0.077 0.004 0.021 0.029 0.123 
 49 NS_SS0988    (4)    1 :  0.039 0.217 0.055 0.081 0.035 0.008 0.036 0.128 0.401 
 50 NS_SS1003    (2)    1 :  0.006 0.020 0.011 0.008 0.013 0.014 0.884 0.019 0.025 
 51 NS_SS0976    (1)    1 :  0.096 0.008 0.012 0.042 0.028 0.003 0.660 0.116 0.035 
 52 NS_SS0964   (10)    1 :  0.010 0.127 0.409 0.011 0.029 0.004 0.272 0.022 0.117 
 53 NS_SS0939    (4)    1 :  0.011 0.800 0.064 0.004 0.033 0.007 0.035 0.038 0.009 
 54 NS_SS0990    (6)    1 :  0.014 0.250 0.020 0.022 0.442 0.005 0.006 0.227 0.014 
 55 NS_SS0984    (2)    1 :  0.002 0.827 0.011 0.026 0.005 0.004 0.020 0.088 0.017 
 56 NS_SS0980   (10)    1 :  0.009 0.017 0.011 0.090 0.025 0.002 0.021 0.023 0.803 
 57 NS_SS0978    (4)    1 :  0.047 0.206 0.323 0.015 0.019 0.004 0.042 0.009 0.334 
 58 NS_SS0951   (18)    1 :  0.034 0.024 0.016 0.007 0.850 0.005 0.027 0.018 0.019 
 59 NS_SS0913    (3)    1 :  0.013 0.032 0.063 0.010 0.731 0.049 0.031 0.062 0.011 
 60 NS_SS1002    (1)    1 :  0.006 0.019 0.028 0.017 0.015 0.056 0.012 0.257 0.591 
 61 NS_SS0948    (1)    1 :  0.125 0.103 0.018 0.238 0.017 0.074 0.071 0.218 0.137 
 62 NS_SS0916    (4)    1 :  0.015 0.012 0.022 0.036 0.060 0.007 0.825 0.015 0.009 
 63 NS_SS0995    (1)    1 :  0.005 0.016 0.143 0.041 0.077 0.006 0.664 0.036 0.012 
 64 NS_SS0927    (6)    1 :  0.028 0.063 0.743 0.037 0.017 0.007 0.043 0.050 0.012 
 65 NS_SS0992    (5)    1 :  0.021 0.026 0.353 0.018 0.061 0.005 0.023 0.029 0.464 
 66 NS_SS0912    (1)    1 :  0.122 0.039 0.017 0.709 0.046 0.004 0.017 0.026 0.021 
 67 NS_SS0981    (1)    1 :  0.007 0.368 0.024 0.067 0.043 0.005 0.221 0.016 0.249 
 68 NS_SS0729    (5)    2 :  0.245 0.009 0.088 0.057 0.014 0.005 0.304 0.244 0.034 
 69 NS_SS0967   (15)    2 :  0.022 0.062 0.024 0.141 0.013 0.013 0.020 0.116 0.590 
 70 NS_SS0941    (8)    2 :  0.025 0.051 0.058 0.209 0.052 0.096 0.059 0.406 0.044 
 71 NS_SS0768   (12)    2 :  0.026 0.028 0.209 0.031 0.603 0.006 0.008 0.048 0.041 
 72 NS_SS0726    (5)    2 :  0.023 0.009 0.135 0.021 0.010 0.012 0.610 0.174 0.007 
 73 NS_SS0763    (4)    2 :  0.060 0.017 0.131 0.031 0.048 0.004 0.615 0.053 0.042 
 74 NS_SS0730    (6)    2 :  0.027 0.699 0.081 0.059 0.053 0.007 0.041 0.011 0.022 
 75 NS_SS0774    (2)    2 :  0.006 0.130 0.019 0.033 0.114 0.001 0.013 0.012 0.673 
 76 NS_SS0723    (3)    2 :  0.007 0.311 0.033 0.280 0.162 0.004 0.021 0.019 0.163 
 77 NS_SS0940   (10)    2 :  0.068 0.126 0.061 0.024 0.012 0.009 0.539 0.145 0.015 
 78 NS_SS0762    (1)    2 :  0.010 0.787 0.036 0.009 0.034 0.005 0.031 0.037 0.051 
 79 NS_SS0766   (11)    2 :  0.020 0.508 0.214 0.094 0.043 0.019 0.067 0.021 0.015 
 80 NS_SS0724    (1)    2 :  0.015 0.020 0.015 0.239 0.044 0.006 0.254 0.338 0.068 
 81 NS_SS0769    (3)    2 :  0.009 0.098 0.115 0.312 0.100 0.005 0.117 0.036 0.207 
 82 NS_SS0777    (1)    2 :  0.105 0.480 0.027 0.058 0.013 0.019 0.095 0.028 0.175 
 83 NS_SS0734    (6)    2 :  0.151 0.114 0.509 0.028 0.026 0.033 0.102 0.027 0.010 
 84 NS_SS0737    (3)    2 :  0.007 0.181 0.020 0.016 0.017 0.007 0.021 0.308 0.423 
 85 NS_SS0732    (5)    2 :  0.019 0.017 0.110 0.027 0.617 0.007 0.166 0.008 0.028 
 86 NS_SS0728    (5)    2 :  0.032 0.048 0.100 0.390 0.088 0.017 0.027 0.268 0.030 
 87 NS_SS0735    (9)    2 :  0.049 0.029 0.100 0.267 0.046 0.017 0.061 0.170 0.260 
 88 NS_SS0725    (1)    2 :  0.018 0.020 0.018 0.010 0.011 0.013 0.013 0.881 0.016 
 89 NS_SS0788    (2)    2 :  0.008 0.167 0.378 0.153 0.079 0.002 0.155 0.018 0.040 
 90 NS_SS0778    (2)    2 :  0.028 0.121 0.032 0.616 0.021 0.003 0.034 0.028 0.118 
 91 NS_SS0792    (6)    2 :  0.015 0.043 0.023 0.067 0.609 0.011 0.071 0.134 0.027 
 92 NS_SS0943   (11)    2 :  0.670 0.009 0.025 0.007 0.028 0.007 0.019 0.067 0.169 
 93 NS_SS0791    (2)    2 :  0.013 0.015 0.652 0.006 0.017 0.012 0.268 0.013 0.005 
 94 NS_SS0790    (5)    2 :  0.003 0.012 0.007 0.005 0.724 0.005 0.008 0.021 0.215 
 95 NS_SS0731    (6)    2 :  0.006 0.027 0.009 0.027 0.020 0.017 0.016 0.867 0.011 
 96 NS_SS0727    (7)    2 :  0.132 0.040 0.376 0.082 0.053 0.003 0.081 0.217 0.017 
 97 NS_SS0779   (13)    2 :  0.017 0.408 0.050 0.174 0.077 0.008 0.053 0.035 0.179 
 98 NS_SS0776    (3)    2 :  0.051 0.248 0.039 0.022 0.201 0.014 0.032 0.100 0.294 
 99 NS_SS0775    (5)    2 :  0.011 0.798 0.092 0.014 0.015 0.009 0.010 0.016 0.036 
100 NS_SS0965    (3)    3 :  0.008 0.031 0.017 0.737 0.043 0.003 0.076 0.015 0.069 
101 NS_SS0754   (14)    3 :  0.125 0.054 0.436 0.095 0.091 0.020 0.086 0.041 0.053 
102 NS_SS0838    (5)    3 :  0.043 0.064 0.151 0.006 0.506 0.042 0.033 0.135 0.020 
103 NS_SS0839    (3)    3 :  0.007 0.157 0.024 0.013 0.420 0.005 0.037 0.173 0.165 
104 NS_SS0832    (4)    3 :  0.004 0.162 0.085 0.014 0.011 0.051 0.043 0.033 0.596 
105 NS_SS0820    (5)    3 :  0.007 0.068 0.427 0.031 0.020 0.009 0.021 0.400 0.017 
106 NS_SS0886    (9)    3 :  0.049 0.072 0.558 0.159 0.044 0.002 0.049 0.016 0.050 
107 NS_SS0748    (5)    3 :  0.042 0.578 0.019 0.088 0.034 0.012 0.036 0.044 0.147 
108 NS_SS0884    (9)    3 :  0.040 0.030 0.203 0.022 0.038 0.035 0.037 0.131 0.465 
109 NS_SS0752    (4)    3 :  0.097 0.095 0.375 0.016 0.118 0.004 0.028 0.149 0.118 
110 NS_SS0862    (1)    3 :  0.017 0.016 0.155 0.136 0.261 0.010 0.056 0.050 0.299 
111 NS_SS0787    (9)    3 :  0.824 0.009 0.043 0.025 0.023 0.013 0.039 0.010 0.016 
112 NS_SS0843    (6)    3 :  0.007 0.072 0.023 0.113 0.024 0.003 0.414 0.118 0.225 
113 NS_SS0856    (4)    3 :  0.017 0.024 0.808 0.006 0.025 0.004 0.035 0.060 0.021 
114 NS_SS0846    (2)    3 :  0.024 0.037 0.024 0.158 0.024 0.004 0.015 0.010 0.705 
115 NS_SS0825    (1)    3 :  0.067 0.021 0.049 0.656 0.015 0.016 0.065 0.088 0.023 
116 NS_SS0757    (3)    3 :  0.150 0.106 0.043 0.238 0.164 0.005 0.165 0.040 0.088 
117 NS_SS0876    (3)    3 :  0.012 0.033 0.362 0.020 0.095 0.221 0.100 0.064 0.094 
118 NS_SS0903   (10)    3 :  0.013 0.008 0.013 0.008 0.004 0.004 0.007 0.009 0.933 
119 NS_SS0875    (7)    3 :  0.024 0.753 0.023 0.080 0.035 0.004 0.039 0.014 0.027 
120 NS_SS0740    (5)    3 :  0.056 0.028 0.052 0.073 0.092 0.004 0.438 0.204 0.053 
121 NS_SS0811    (5)    3 :  0.005 0.046 0.012 0.008 0.881 0.009 0.017 0.006 0.018 
122 NS_SS0751    (1)    3 :  0.079 0.521 0.031 0.014 0.011 0.004 0.158 0.140 0.042 
123 NS_SS0891    (6)    3 :  0.013 0.058 0.028 0.017 0.174 0.009 0.012 0.628 0.060 
124 NS_SS0867    (2)    3 :  0.075 0.018 0.125 0.115 0.018 0.026 0.039 0.016 0.567 
125 NS_SS0890    (6)    3 :  0.018 0.718 0.029 0.029 0.023 0.005 0.097 0.016 0.066 
126 NS_SS0866   (12)    3 :  0.329 0.010 0.565 0.022 0.017 0.008 0.012 0.025 0.011 
127 NS_SS0755    (4)    3 :  0.033 0.101 0.406 0.049 0.049 0.008 0.066 0.117 0.169 
128 NS_SS0758    (4)    3 :  0.028 0.036 0.027 0.759 0.017 0.003 0.074 0.034 0.022 
129 NS_SS0840    (2)    3 :  0.011 0.039 0.029 0.046 0.299 0.003 0.052 0.026 0.496 
130 NS_SS0889    (4)    3 :  0.419 0.041 0.092 0.098 0.252 0.003 0.051 0.010 0.035 
131 NS_SS1010    (1)    3 :  0.041 0.050 0.023 0.192 0.156 0.067 0.038 0.010 0.423 
132 NS_SS0888    (5)    3 :  0.264 0.021 0.508 0.019 0.051 0.002 0.104 0.009 0.020 
133 NS_SS0837    (3)    3 :  0.040 0.062 0.020 0.035 0.049 0.005 0.164 0.011 0.614 
134 NS_SS0794   (10)    3 :  0.810 0.015 0.034 0.012 0.079 0.003 0.011 0.026 0.010 
135 NS_SS0823    (5)    3 :  0.087 0.014 0.098 0.030 0.044 0.006 0.012 0.465 0.243 
136 NS_SS0829    (7)    3 :  0.686 0.007 0.017 0.016 0.126 0.110 0.010 0.008 0.019 
137 NS_SS0844    (5)    3 :  0.006 0.006 0.006 0.054 0.207 0.002 0.026 0.037 0.654 
138 NS_SS1008    (6)    3 :  0.396 0.128 0.067 0.030 0.120 0.019 0.134 0.043 0.063 
139 NS_SS0881    (3)    3 :  0.028 0.431 0.043 0.054 0.015 0.004 0.398 0.016 0.011 
140 NS_SS0834    (6)    3 :  0.012 0.021 0.014 0.006 0.011 0.009 0.013 0.900 0.014 
141 NS_SS0744   (10)    3 :  0.038 0.012 0.783 0.050 0.031 0.007 0.025 0.015 0.039 
142 NS_SS0899    (7)    3 :  0.004 0.022 0.013 0.010 0.825 0.002 0.014 0.028 0.080 
143 NS_SS0804    (5)    3 :  0.008 0.101 0.055 0.081 0.094 0.011 0.154 0.103 0.393 
144 NS_SS0781   (10)    3 :  0.007 0.079 0.016 0.085 0.032 0.006 0.019 0.109 0.646 
145 NS_SS0822    (6)    3 :  0.797 0.026 0.018 0.008 0.026 0.003 0.029 0.038 0.056 
146 NS_SS1004    (4)    3 :  0.014 0.082 0.030 0.021 0.019 0.005 0.111 0.025 0.692 
147 NS_SS0746    (5)    3 :  0.107 0.258 0.198 0.074 0.114 0.014 0.028 0.165 0.043 
148 NS_SS0880    (3)    3 :  0.030 0.230 0.011 0.028 0.012 0.002 0.100 0.026 0.561 
149 NS_SS0879    (5)    3 :  0.059 0.165 0.086 0.023 0.378 0.021 0.039 0.106 0.123 
150 NS_SS0753    (2)    3 :  0.452 0.026 0.053 0.155 0.073 0.017 0.189 0.009 0.027 
151 NS_SS1007    (3)    3 :  0.011 0.070 0.775 0.011 0.007 0.003 0.091 0.015 0.017 
152 NS_SS0872    (5)    3 :  0.009 0.158 0.015 0.009 0.013 0.002 0.144 0.055 0.595 
153 NS_SS1005    (7)    3 :  0.018 0.017 0.011 0.060 0.036 0.001 0.013 0.082 0.762 
154 NS_SS0892    (6)    3 :  0.032 0.722 0.108 0.017 0.028 0.003 0.036 0.012 0.042 
155 NS_SS0898    (0)    3 :  0.236 0.538 0.025 0.064 0.027 0.010 0.036 0.010 0.054 
156 NS_SS0801    (9)    3 :  0.042 0.049 0.402 0.028 0.065 0.015 0.093 0.043 0.262 
157 NS_SS0827    (9)    3 :  0.017 0.147 0.014 0.184 0.017 0.098 0.503 0.008 0.012 
158 NS_SS0853    (7)    3 :  0.004 0.026 0.010 0.148 0.780 0.005 0.008 0.003 0.015 
159 NS_SS0780    (2)    3 :  0.011 0.030 0.329 0.237 0.045 0.009 0.015 0.057 0.268 
160 NS_SS0826   (10)    3 :  0.155 0.012 0.011 0.012 0.006 0.005 0.028 0.033 0.736 
161 NS_SS0818    (5)    3 :  0.019 0.130 0.030 0.256 0.009 0.002 0.028 0.040 0.487 
162 NS_SS0745    (1)    3 :  0.017 0.840 0.007 0.006 0.022 0.001 0.008 0.031 0.067 
163 NS_SS0849    (3)    3 :  0.074 0.068 0.343 0.043 0.384 0.002 0.034 0.017 0.035 
164 NS_SS0739    (3)    3 :  0.017 0.074 0.245 0.026 0.171 0.019 0.427 0.011 0.010 
165 NS_SS0799    (1)    3 :  0.181 0.041 0.038 0.089 0.401 0.002 0.145 0.083 0.020 
166 NS_SS0756    (3)    3 :  0.012 0.058 0.039 0.025 0.025 0.004 0.013 0.018 0.806 
167 NS_SS0802    (2)    3 :  0.015 0.037 0.101 0.059 0.014 0.198 0.313 0.235 0.028 
168 NS_SS0747    (6)    3 :  0.030 0.054 0.070 0.028 0.072 0.009 0.103 0.024 0.612 
169 NS_SS0835    (1)    3 :  0.036 0.094 0.082 0.693 0.013 0.002 0.017 0.032 0.031 
170 NS_SS0742   (19)    3 :  0.014 0.018 0.065 0.031 0.034 0.001 0.645 0.123 0.070 
171 NS_SS0760    (9)    3 :  0.348 0.012 0.048 0.083 0.364 0.072 0.040 0.012 0.021 
172 NS_SS0803    (4)    3 :  0.005 0.011 0.007 0.020 0.010 0.008 0.026 0.014 0.899 
173 NS_SS0828   (14)    3 :  0.052 0.261 0.055 0.097 0.054 0.002 0.401 0.013 0.065 
174 NS_SS0865    (2)    3 :  0.037 0.053 0.428 0.014 0.026 0.030 0.220 0.010 0.182 
175 NS_SS0759    (5)    3 :  0.015 0.420 0.192 0.015 0.020 0.009 0.035 0.024 0.270 
176 NS_SS0851    (5)    3 :  0.023 0.160 0.076 0.021 0.648 0.015 0.017 0.016 0.024 
177 NS_SS0874   (16)    3 :  0.021 0.015 0.010 0.036 0.499 0.003 0.013 0.204 0.200 
178 NS_SS0761    (6)    3 :  0.117 0.012 0.040 0.695 0.078 0.005 0.018 0.020 0.015 
179 NS_SS0842   (26)    3 :  0.069 0.237 0.033 0.014 0.559 0.014 0.021 0.037 0.016 
180 NS_SS0785    (6)    3 :  0.051 0.028 0.047 0.099 0.030 0.005 0.017 0.020 0.703 
181 NS_SS0860   (11)    3 :  0.016 0.016 0.718 0.049 0.147 0.003 0.017 0.014 0.020 
182 NS_SS0897    (7)    3 :  0.841 0.014 0.028 0.060 0.014 0.003 0.021 0.008 0.012 
183 NS_SS0841   (15)    3 :  0.076 0.089 0.045 0.025 0.628 0.005 0.021 0.012 0.100 
184 NS_SS0797    (7)    3 :  0.092 0.375 0.068 0.042 0.019 0.029 0.339 0.018 0.018 
185 NS_SS0830   (11)    3 :  0.172 0.061 0.234 0.016 0.057 0.003 0.424 0.011 0.022 
186 NS_SS1011    (5)    3 :  0.005 0.023 0.081 0.024 0.026 0.007 0.024 0.054 0.756 
187 NS_SS0883    (5)    3 :  0.014 0.065 0.114 0.021 0.593 0.007 0.163 0.004 0.019 
188 NS_SS0782    (2)    3 :  0.022 0.022 0.752 0.092 0.017 0.002 0.006 0.078 0.011 
189 NS_SS0831    (5)    3 :  0.098 0.013 0.349 0.174 0.311 0.004 0.023 0.013 0.015 
190 NS_SS0749    (7)    3 :  0.251 0.100 0.240 0.092 0.146 0.009 0.078 0.037 0.047 
191 NS_SS0854    (2)    3 :  0.029 0.008 0.023 0.065 0.034 0.004 0.016 0.812 0.009 
192 HI_SS0193    (0)    4 :  0.858 0.008 0.003 0.010 0.009 0.002 0.033 0.070 0.007 
193 HI_SS0194    (1)    4 :  0.035 0.037 0.007 0.005 0.005 0.002 0.005 0.887 0.017 
194 HI_SS0195   (10)    4 :  0.009 0.078 0.011 0.021 0.267 0.115 0.008 0.477 0.015 
195 HI_SS0196    (6)    4 :  0.280 0.011 0.154 0.008 0.042 0.005 0.015 0.432 0.053 
196 HI_SS0197    (3)    4 :  0.006 0.028 0.028 0.148 0.016 0.019 0.008 0.686 0.061 
197 HI_SS0198    (1)    4 :  0.026 0.021 0.343 0.075 0.421 0.016 0.047 0.010 0.041 
198 HI_SS0199    (1)    4 :  0.096 0.021 0.127 0.393 0.016 0.004 0.268 0.034 0.041 
199 HI_SS0201    (5)    4 :  0.073 0.006 0.048 0.133 0.017 0.003 0.697 0.011 0.012 
200 HI_SS0215    (1)    4 :  0.009 0.011 0.024 0.880 0.012 0.005 0.018 0.030 0.010 
201 HI_SS0218    (1)    4 :  0.817 0.019 0.019 0.048 0.016 0.010 0.034 0.013 0.023 
202 HI_SS0222    (0)    4 :  0.024 0.023 0.620 0.149 0.035 0.006 0.089 0.028 0.027 
203 HI_SS0230    (1)    4 :  0.008 0.342 0.017 0.022 0.353 0.006 0.065 0.026 0.163 
204 HI_SS0234    (2)    4 :  0.005 0.013 0.011 0.715 0.024 0.174 0.019 0.018 0.021 
205 HI_SS0240    (1)    4 :  0.019 0.104 0.467 0.210 0.010 0.008 0.049 0.040 0.092 
206 HI_SS0241    (0)    4 :  0.034 0.160 0.052 0.315 0.058 0.003 0.346 0.022 0.011 
207 HI_SS0242    (0)    4 :  0.072 0.079 0.631 0.074 0.015 0.004 0.076 0.016 0.032 
208 HI_SS0247    (0)    4 :  0.016 0.010 0.009 0.015 0.673 0.029 0.029 0.090 0.128 
209 HI_SS0248    (1)    4 :  0.428 0.176 0.094 0.011 0.006 0.001 0.252 0.021 0.010 
210 HI_SS0252    (2)    4 :  0.014 0.010 0.006 0.013 0.038 0.003 0.013 0.859 0.043 
211 HI_SS0254    (0)    4 :  0.146 0.106 0.011 0.025 0.008 0.072 0.614 0.009 0.009 
212 HI_SS0256    (0)    4 :  0.006 0.025 0.007 0.012 0.030 0.003 0.010 0.045 0.862 
213 HI_SS0257    (0)    4 :  0.158 0.014 0.189 0.156 0.146 0.004 0.238 0.042 0.054 
214 HI_SS0258    (1)    4 :  0.708 0.031 0.126 0.054 0.018 0.007 0.016 0.009 0.029 
215 HI_SS0259    (1)    4 :  0.006 0.120 0.276 0.020 0.032 0.005 0.325 0.186 0.031 
216 HI_SS0260    (1)    4 :  0.093 0.094 0.037 0.015 0.065 0.002 0.470 0.025 0.199 
217 HI_SS0261    (2)    4 :  0.081 0.080 0.285 0.024 0.007 0.005 0.310 0.051 0.158 
218 HI_SS0262    (0)    4 :  0.010 0.443 0.259 0.025 0.041 0.014 0.078 0.028 0.102 
219 HI_SS0264    (0)    4 :  0.017 0.339 0.226 0.030 0.209 0.007 0.020 0.027 0.124 
220 HI_SS0265    (0)    4 :  0.006 0.074 0.171 0.042 0.042 0.114 0.486 0.033 0.033 
221 HI_SS0268    (1)    4 :  0.083 0.117 0.057 0.526 0.099 0.005 0.053 0.027 0.033 
222 HI_SS0269    (0)    4 :  0.184 0.012 0.034 0.048 0.010 0.005 0.341 0.340 0.027 
223 HI_SS0273    (0)    4 :  0.794 0.020 0.061 0.019 0.031 0.002 0.032 0.010 0.031 
224 HI_SS0277    (1)    4 :  0.026 0.025 0.027 0.704 0.029 0.004 0.101 0.014 0.071 
225 HI_SS0280    (0)    4 :  0.048 0.107 0.039 0.036 0.428 0.008 0.283 0.035 0.015 
226 HI_SS0282    (1)    4 :  0.723 0.009 0.039 0.009 0.030 0.002 0.096 0.048 0.045 
227 HI_SS0286    (1)    4 :  0.030 0.011 0.055 0.671 0.024 0.012 0.016 0.171 0.012 
228 NS_SS1252    (3)    5 :  0.169 0.009 0.006 0.760 0.020 0.004 0.008 0.014 0.011 
229 NS_SS1261    (1)    5 :  0.026 0.024 0.021 0.062 0.547 0.024 0.070 0.144 0.082 
230 NS_SS1225   (10)    5 :  0.221 0.007 0.008 0.047 0.128 0.101 0.139 0.032 0.316 
231 NS_SS1266    (1)    5 :  0.009 0.009 0.026 0.007 0.018 0.014 0.009 0.018 0.890 
232 NS_SS1228    (0)    5 :  0.014 0.042 0.018 0.009 0.050 0.018 0.800 0.041 0.007 
233 NS_SS1255    (3)    5 :  0.286 0.067 0.032 0.010 0.032 0.004 0.056 0.493 0.021 
234 NS_SS1267    (3)    5 :  0.047 0.013 0.070 0.724 0.116 0.012 0.010 0.004 0.004 
235 NS_SS1238    (6)    5 :  0.693 0.041 0.016 0.018 0.015 0.004 0.025 0.167 0.020 
236 NS_SS1233    (8)    5 :  0.133 0.034 0.012 0.045 0.009 0.003 0.006 0.006 0.752 
237 NS_SS1277    (3)    5 :  0.178 0.227 0.013 0.510 0.007 0.001 0.030 0.015 0.018 
238 NS_SS1245    (1)    5 :  0.107 0.059 0.060 0.009 0.043 0.002 0.161 0.518 0.043 
239 NS_SS1240    (4)    5 :  0.008 0.008 0.008 0.931 0.005 0.002 0.009 0.020 0.009 
240 NS_SS1275    (2)    5 :  0.004 0.124 0.094 0.025 0.017 0.005 0.251 0.322 0.158 
241 NS_SS1235    (1)    5 :  0.015 0.007 0.010 0.008 0.008 0.006 0.019 0.829 0.097 
242 NS_SS1263    (1)    5 :  0.066 0.351 0.024 0.025 0.030 0.002 0.063 0.251 0.189 
243 NS_SS1251    (2)    5 :  0.007 0.094 0.010 0.619 0.015 0.002 0.013 0.059 0.180 
244 NS_SS1248    (0)    5 :  0.248 0.381 0.037 0.027 0.116 0.135 0.030 0.008 0.016 
245 NS_SS1244    (0)    5 :  0.103 0.019 0.026 0.023 0.010 0.008 0.637 0.101 0.072 
246 NS_SS1257    (1)    5 :  0.032 0.020 0.618 0.178 0.027 0.028 0.064 0.021 0.013 
247 NS_SS1242    (2)    5 :  0.012 0.470 0.266 0.008 0.035 0.006 0.014 0.040 0.149 
248 NS_SS1271    (6)    5 :  0.254 0.049 0.020 0.176 0.014 0.040 0.409 0.021 0.016 
249 NS_SS1265    (1)    5 :  0.149 0.028 0.060 0.516 0.040 0.028 0.006 0.087 0.086 
250 NS_SS1243    (0)    5 :  0.072 0.022 0.335 0.010 0.314 0.092 0.041 0.088 0.027 
251 NS_SS1273    (1)    5 :  0.006 0.790 0.059 0.006 0.003 0.010 0.006 0.005 0.115 
252 NS_SS1254   (14)    5 :  0.009 0.015 0.012 0.005 0.718 0.008 0.009 0.023 0.202 
253 NS_SS1224    (1)    5 :  0.010 0.128 0.089 0.098 0.108 0.009 0.267 0.125 0.164 
254 NS_SS1227    (8)    5 :  0.044 0.492 0.059 0.052 0.019 0.002 0.279 0.038 0.015 
255 NS_SS1274    (9)    5 :  0.029 0.012 0.014 0.022 0.840 0.016 0.029 0.016 0.021 
256 NS_SS1241    (1)    5 :  0.131 0.023 0.008 0.016 0.665 0.002 0.088 0.016 0.051 
257 NS_SS1256    (3)    5 :  0.013 0.043 0.014 0.083 0.009 0.038 0.021 0.027 0.752 
258 NS_SS1260    (8)    5 :  0.018 0.005 0.797 0.053 0.016 0.071 0.017 0.008 0.016 
259 NS_SS1262    (0)    5 :  0.162 0.017 0.009 0.049 0.022 0.174 0.353 0.020 0.194 
260 NS_SS1230    (0)    5 :  0.630 0.035 0.124 0.040 0.065 0.013 0.026 0.034 0.034 
261 NS_SS1270    (2)    5 :  0.013 0.048 0.011 0.023 0.059 0.004 0.098 0.682 0.062 
262 NS_SS1229    (2)    5 :  0.012 0.009 0.027 0.014 0.008 0.006 0.017 0.899 0.009 
263 NS_SS1246    (5)    5 :  0.029 0.009 0.005 0.012 0.009 0.003 0.028 0.890 0.015 
264 NS_SS1269    (0)    5 :  0.034 0.065 0.287 0.343 0.076 0.004 0.037 0.087 0.068 
265 NS_SS1239    (1)    5 :  0.033 0.017 0.027 0.021 0.081 0.007 0.768 0.030 0.016 
266 NS_SS1272    (5)    5 :  0.006 0.014 0.013 0.070 0.010 0.005 0.027 0.805 0.049 
267 NS_SS1268    (1)    5 :  0.068 0.222 0.053 0.019 0.180 0.004 0.305 0.053 0.095 
268 NS_SS1249    (1)    5 :  0.687 0.011 0.054 0.032 0.043 0.022 0.082 0.034 0.034 
269 HI_SS0559    (0)    6 :  0.105 0.059 0.623 0.034 0.043 0.003 0.039 0.026 0.068 
270 HI_SS0563    (1)    6 :  0.031 0.071 0.052 0.434 0.198 0.004 0.125 0.031 0.053 
271 HI_SS0564    (0)    6 :  0.121 0.019 0.503 0.023 0.073 0.060 0.112 0.044 0.044 
272 HI_SS0565    (0)    6 :  0.032 0.211 0.216 0.292 0.021 0.005 0.098 0.098 0.028 
273 HI_SS0569    (1)    6 :  0.045 0.012 0.010 0.224 0.031 0.004 0.631 0.008 0.035 
274 HI_SS0570    (0)    6 :  0.651 0.065 0.019 0.016 0.017 0.052 0.013 0.162 0.005 
275 HI_SS0572    (1)    6 :  0.007 0.024 0.094 0.007 0.006 0.003 0.019 0.754 0.087 
276 HI_SS0576    (1)    6 :  0.058 0.403 0.033 0.257 0.027 0.014 0.117 0.024 0.068 
277 HI_SS0579    (1)    6 :  0.058 0.016 0.065 0.084 0.031 0.022 0.507 0.170 0.047 
278 HI_SS0580    (1)    6 :  0.037 0.249 0.030 0.361 0.075 0.006 0.037 0.143 0.062 
279 HI_SS0581    (0)    6 :  0.014 0.058 0.443 0.013 0.026 0.060 0.048 0.323 0.015 
280 HI_SS0583    (1)    6 :  0.008 0.009 0.022 0.804 0.011 0.003 0.039 0.028 0.076 
281 HI_SS0586    (1)    6 :  0.088 0.025 0.005 0.804 0.058 0.002 0.008 0.005 0.005 
282 HI_SS0588    (1)    6 :  0.024 0.010 0.017 0.812 0.030 0.030 0.025 0.015 0.037 
283 HI_SS0595    (4)    6 :  0.052 0.083 0.065 0.203 0.021 0.037 0.481 0.027 0.031 
284 HI_SS0596    (0)    6 :  0.013 0.556 0.014 0.004 0.018 0.004 0.013 0.360 0.018 
285 HI_SS0597    (1)    6 :  0.012 0.027 0.033 0.025 0.014 0.005 0.009 0.811 0.064 
286 HI_SS0600    (0)    6 :  0.022 0.082 0.050 0.398 0.034 0.003 0.106 0.240 0.066 
287 HI_SS0601    (1)    6 :  0.010 0.010 0.008 0.038 0.143 0.017 0.690 0.010 0.074 
288 HI_SS0602    (1)    6 :  0.017 0.098 0.256 0.245 0.050 0.004 0.301 0.009 0.020 
289 HI_SS0604    (0)    6 :  0.021 0.013 0.035 0.040 0.067 0.003 0.064 0.726 0.031 
290 HI_SS0605    (1)    6 :  0.008 0.008 0.938 0.016 0.009 0.006 0.005 0.005 0.006 
291 HI_SS0608    (0)    6 :  0.049 0.133 0.004 0.009 0.678 0.001 0.074 0.043 0.008 
292 HI_SS0609    (0)    6 :  0.020 0.032 0.013 0.013 0.027 0.001 0.139 0.023 0.732 
293 HI_SS0611    (5)    6 :  0.223 0.012 0.040 0.056 0.521 0.003 0.123 0.016 0.007 
294 HI_SS0612    (0)    6 :  0.009 0.015 0.023 0.018 0.006 0.005 0.027 0.005 0.893 
295 HI_SS0613    (1)    6 :  0.012 0.081 0.505 0.017 0.320 0.003 0.011 0.008 0.042 
296 HI_SS0615    (1)    6 :  0.011 0.422 0.055 0.078 0.014 0.016 0.352 0.027 0.025 
297 HI_SS0001    (1)    6 :  0.018 0.064 0.088 0.050 0.013 0.005 0.012 0.724 0.025 
298 HI_SS0002    (1)    6 :  0.007 0.037 0.033 0.088 0.020 0.034 0.065 0.026 0.691 
299 HI_SS0004    (0)    6 :  0.184 0.013 0.499 0.022 0.020 0.007 0.031 0.189 0.035 
300 HI_SS0005    (1)    6 :  0.077 0.260 0.489 0.035 0.043 0.007 0.031 0.008 0.050 
301 HI_SS0006    (1)    6 :  0.054 0.008 0.035 0.323 0.018 0.003 0.072 0.025 0.461 
302 HI_SS0007    (1)    6 :  0.319 0.037 0.012 0.033 0.329 0.003 0.235 0.021 0.012 
303 HI_SS0008    (0)    6 :  0.018 0.396 0.013 0.149 0.032 0.058 0.241 0.029 0.064 
304 HI_SS0009    (0)    6 :  0.036 0.049 0.038 0.022 0.703 0.006 0.019 0.114 0.014 
305 HI_SS0010    (1)    6 :  0.143 0.490 0.010 0.029 0.107 0.003 0.195 0.010 0.014 
306 HI_SS0011    (1)    6 :  0.046 0.109 0.028 0.006 0.028 0.100 0.032 0.028 0.623 
307 HI_SS0012    (0)    6 :  0.007 0.060 0.128 0.068 0.031 0.009 0.604 0.053 0.040 
308 HI_SS0017    (1)    6 :  0.029 0.082 0.035 0.007 0.013 0.002 0.017 0.806 0.009 
309 HI_SS0021    (1)    6 :  0.080 0.248 0.050 0.017 0.224 0.247 0.116 0.011 0.008 
310 HI_SS0024    (1)    6 :  0.052 0.664 0.055 0.009 0.025 0.004 0.109 0.059 0.023 
311 HI_SS0025    (1)    6 :  0.009 0.035 0.056 0.013 0.832 0.004 0.010 0.032 0.010 
312 HI_SS0027    (0)    6 :  0.744 0.008 0.038 0.009 0.038 0.017 0.130 0.008 0.009 
313 HI_SS0028    (0)    6 :  0.004 0.782 0.010 0.014 0.051 0.003 0.101 0.009 0.026 
314 HI_SS0029    (1)    6 :  0.021 0.726 0.097 0.067 0.016 0.012 0.014 0.020 0.027 
315 HI_SS0030    (2)    6 :  0.025 0.025 0.010 0.011 0.009 0.005 0.758 0.142 0.014 
316 HI_SS0031    (0)    6 :  0.007 0.516 0.013 0.357 0.009 0.006 0.038 0.008 0.045 
317 HI_SS0034    (0)    6 :  0.106 0.021 0.578 0.080 0.008 0.006 0.021 0.061 0.120 
318 HI_SS0036    (0)    6 :  0.094 0.103 0.726 0.027 0.015 0.011 0.011 0.008 0.004 
319 HI_SS0037    (1)    6 :  0.033 0.004 0.017 0.008 0.914 0.006 0.005 0.007 0.005 
320 HI_SS0039    (0)    6 :  0.070 0.757 0.053 0.014 0.035 0.005 0.045 0.011 0.011 
321 HI_SS0041    (1)    6 :  0.015 0.109 0.206 0.010 0.295 0.003 0.070 0.279 0.012 
322 HI_SS0042    (1)    6 :  0.005 0.428 0.121 0.009 0.162 0.133 0.036 0.076 0.029 
323 HI_SS0043    (1)    6 :  0.682 0.011 0.015 0.109 0.132 0.005 0.021 0.019 0.006 
324 HI_SS0044    (1)    6 :  0.019 0.892 0.021 0.014 0.009 0.003 0.013 0.023 0.006 
325 HI_SS0047    (1)    6 :  0.009 0.071 0.074 0.007 0.021 0.003 0.030 0.764 0.022 
326 HI_SS0049    (1)    6 :  0.072 0.097 0.086 0.011 0.087 0.004 0.146 0.226 0.270 
327 HI_SS0051    (1)    6 :  0.012 0.007 0.726 0.024 0.197 0.003 0.007 0.010 0.013 
328 HI_SS0053    (1)    6 :  0.142 0.112 0.124 0.079 0.024 0.008 0.433 0.069 0.008 
329 HI_SS0054    (4)    6 :  0.566 0.023 0.016 0.246 0.022 0.008 0.094 0.015 0.009 
330 HI_SS0057    (0)    6 :  0.381 0.112 0.035 0.019 0.183 0.005 0.196 0.053 0.016 
331 HI_SS0058    (0)    6 :  0.029 0.009 0.023 0.016 0.748 0.006 0.015 0.041 0.113 
332 HI_SS0060    (0)    6 :  0.073 0.039 0.040 0.008 0.019 0.121 0.633 0.027 0.039 
333 HI_SS0087    (1)    6 :  0.035 0.008 0.049 0.721 0.016 0.004 0.084 0.041 0.041 
334 HI_SS0091    (1)    6 :  0.033 0.008 0.020 0.333 0.520 0.002 0.046 0.021 0.017 
335 HI_SS0095    (1)    6 :  0.013 0.011 0.530 0.066 0.009 0.064 0.205 0.048 0.055 
336 HI_SS0097    (3)    6 :  0.029 0.014 0.025 0.009 0.036 0.005 0.546 0.014 0.322 
337 HI_SS0099    (1)    6 :  0.007 0.876 0.018 0.011 0.025 0.006 0.008 0.009 0.040 
338 HI_SS0103    (0)    6 :  0.025 0.092 0.255 0.044 0.049 0.005 0.044 0.395 0.092 
339 HI_SS0105    (1)    6 :  0.030 0.012 0.024 0.065 0.220 0.038 0.015 0.488 0.109 
340 HI_SS0107    (1)    6 :  0.008 0.023 0.014 0.021 0.031 0.001 0.024 0.805 0.071 
341 HI_SS0108    (1)    6 :  0.831 0.007 0.019 0.049 0.017 0.044 0.009 0.012 0.011 
342 HI_SS0110    (0)    6 :  0.016 0.047 0.452 0.050 0.053 0.002 0.185 0.159 0.036 
343 HI_SS0111    (1)    6 :  0.011 0.076 0.176 0.036 0.026 0.052 0.560 0.029 0.033 
344 HI_SS0112    (0)    6 :  0.917 0.013 0.008 0.006 0.007 0.001 0.034 0.006 0.008 
345 HI_SS0113    (1)    6 :  0.007 0.029 0.031 0.021 0.012 0.007 0.014 0.632 0.247 
346 HI_SS0114    (1)    6 :  0.014 0.011 0.054 0.857 0.015 0.007 0.021 0.004 0.017 
347 HI_SS0115    (1)    6 :  0.045 0.124 0.129 0.054 0.094 0.028 0.116 0.018 0.392 
348 HI_SS0116    (4)    6 :  0.050 0.089 0.018 0.044 0.550 0.005 0.006 0.232 0.007 
349 HI_SS0117    (0)    6 :  0.060 0.021 0.013 0.268 0.007 0.003 0.006 0.521 0.101 
350 HI_SS0118    (0)    6 :  0.064 0.043 0.511 0.035 0.066 0.018 0.158 0.019 0.086 
351 HI_SS0119    (1)    6 :  0.638 0.015 0.076 0.030 0.071 0.004 0.059 0.021 0.086 
352 HI_SS0120    (1)    6 :  0.006 0.008 0.006 0.007 0.005 0.005 0.005 0.951 0.006 
353 HI_SS0121    (0)    6 :  0.017 0.282 0.007 0.022 0.029 0.002 0.563 0.008 0.068 
354 HI_SS0122    (2)    6 :  0.187 0.046 0.137 0.020 0.327 0.029 0.167 0.046 0.042 
355 HI_SS0123    (0)    6 :  0.013 0.023 0.072 0.058 0.013 0.008 0.029 0.018 0.764 
356 HI_SS0124    (1)    6 :  0.012 0.185 0.012 0.012 0.653 0.005 0.014 0.080 0.028 
357 HI_SS0125    (1)    6 :  0.007 0.806 0.045 0.028 0.010 0.049 0.018 0.017 0.021 
358 HI_SS0126    (0)    6 :  0.694 0.203 0.025 0.012 0.010 0.001 0.013 0.013 0.029 
359 HI_SS0127    (0)    6 :  0.130 0.119 0.063 0.098 0.019 0.010 0.535 0.007 0.019 
360 HI_SS0128    (0)    6 :  0.029 0.432 0.009 0.029 0.013 0.005 0.119 0.253 0.111 
361 HI_SS0129    (1)    6 :  0.077 0.166 0.163 0.399 0.009 0.013 0.035 0.126 0.012 
362 HI_SS0131    (2)    6 :  0.574 0.015 0.025 0.030 0.145 0.054 0.062 0.016 0.079 
363 HI_SS0132    (0)    6 :  0.053 0.307 0.053 0.080 0.168 0.001 0.105 0.016 0.218 
364 HI_SS0133    (1)    6 :  0.966 0.005 0.004 0.005 0.005 0.002 0.005 0.005 0.002 
365 HI_SS0134    (1)    6 :  0.319 0.022 0.093 0.182 0.034 0.003 0.014 0.191 0.142 
366 HI_SS0142    (3)    6 :  0.006 0.026 0.016 0.099 0.008 0.021 0.035 0.009 0.779 
367 HI_SS0145    (0)    6 :  0.260 0.025 0.083 0.034 0.086 0.003 0.049 0.009 0.452 
368 HI_SS0146    (1)    6 :  0.163 0.129 0.017 0.023 0.008 0.002 0.629 0.007 0.022 
369 HI_SS0147    (1)    6 :  0.017 0.038 0.033 0.024 0.304 0.033 0.017 0.033 0.501 
370 HI_SS0149    (1)    6 :  0.229 0.132 0.049 0.010 0.049 0.007 0.136 0.025 0.362 
371 HI_SS0150    (2)    6 :  0.016 0.225 0.022 0.174 0.055 0.007 0.317 0.129 0.055 
372 HI_SS0151    (0)    6 :  0.016 0.009 0.251 0.017 0.008 0.017 0.638 0.022 0.023 
373 NS_SS1451    (1)    6 :  0.012 0.225 0.108 0.008 0.022 0.005 0.480 0.085 0.055 
374 NS_SS1404    (0)    6 :  0.023 0.337 0.222 0.027 0.108 0.021 0.138 0.033 0.092 
375 NS_SS1432    (2)    6 :  0.005 0.857 0.021 0.019 0.013 0.050 0.013 0.015 0.008 
376 NS_SS1405    (5)    6 :  0.140 0.377 0.365 0.011 0.055 0.004 0.009 0.010 0.029 
377 NS_SS1431   (10)    6 :  0.010 0.457 0.009 0.008 0.014 0.001 0.047 0.427 0.027 
378 NS_SS1402    (3)    6 :  0.013 0.035 0.110 0.238 0.252 0.004 0.009 0.082 0.255 
379 NS_SS1450    (3)    6 :  0.217 0.019 0.648 0.031 0.023 0.008 0.013 0.017 0.023 
380 NS_SS1396    (0)    6 :  0.030 0.058 0.089 0.034 0.590 0.008 0.074 0.041 0.076 
381 NS_SS1393    (5)    6 :  0.005 0.004 0.015 0.855 0.097 0.006 0.005 0.007 0.008 
382 NS_SS1392   (10)    6 :  0.008 0.044 0.026 0.014 0.014 0.025 0.008 0.852 0.009 
383 NS_SS1445    (0)    6 :  0.058 0.008 0.566 0.135 0.033 0.014 0.127 0.038 0.021 
384 NS_SS1423    (0)    6 :  0.240 0.013 0.015 0.024 0.007 0.002 0.298 0.369 0.032 
385 NS_SS1421    (9)    6 :  0.787 0.016 0.024 0.009 0.009 0.088 0.023 0.016 0.030 
386 NS_SS1411    (6)    6 :  0.709 0.018 0.085 0.041 0.036 0.003 0.074 0.027 0.008 
387 NS_SS1453    (6)    6 :  0.048 0.017 0.046 0.107 0.439 0.008 0.266 0.052 0.017 
388 NS_SS1442    (3)    6 :  0.154 0.053 0.199 0.029 0.017 0.007 0.101 0.409 0.030 
389 NS_SS1422    (1)    6 :  0.022 0.022 0.061 0.020 0.321 0.025 0.177 0.154 0.196 
390 NS_SS1419    (1)    6 :  0.014 0.007 0.004 0.005 0.823 0.105 0.012 0.004 0.024 
391 NS_SS1427    (0)    6 :  0.174 0.133 0.036 0.546 0.012 0.005 0.046 0.045 0.004 
392 NS_SS1444    (4)    6 :  0.009 0.078 0.056 0.028 0.164 0.006 0.481 0.133 0.044 
393 NS_SS1455    (0)    6 :  0.020 0.026 0.010 0.010 0.023 0.002 0.032 0.192 0.685 
394 NS_SS1425    (2)    6 :  0.873 0.005 0.009 0.018 0.025 0.002 0.049 0.009 0.010 
395 NS_SS1400    (0)    6 :  0.929 0.005 0.007 0.007 0.016 0.002 0.007 0.011 0.016 
396 NS_SS1406    (2)    6 :  0.004 0.026 0.007 0.032 0.024 0.013 0.040 0.016 0.838 
397 NS_SS1417    (6)    6 :  0.293 0.031 0.040 0.106 0.419 0.014 0.009 0.026 0.063 
398 NS_SS1454    (3)    6 :  0.334 0.061 0.024 0.045 0.433 0.002 0.036 0.030 0.034 
399 NS_SS1412    (1)    6 :  0.257 0.268 0.141 0.014 0.090 0.025 0.038 0.138 0.028 
400 NS_SS1438    (1)    6 :  0.052 0.007 0.024 0.286 0.509 0.002 0.040 0.066 0.014 
401 NS_SS1416    (4)    6 :  0.005 0.024 0.046 0.050 0.791 0.009 0.022 0.014 0.040 
402 NS_SS1401    (0)    6 :  0.024 0.006 0.010 0.004 0.010 0.017 0.011 0.878 0.040 
403 NS_SS1424    (6)    6 :  0.605 0.050 0.055 0.060 0.035 0.018 0.082 0.023 0.071 
404 NS_SS1435   (10)    6 :  0.092 0.510 0.014 0.019 0.027 0.004 0.196 0.110 0.028 
405 NS_SS1447    (4)    6 :  0.011 0.041 0.310 0.019 0.058 0.010 0.128 0.328 0.096 
406 NS_SS1414    (3)    6 :  0.019 0.026 0.015 0.009 0.732 0.009 0.020 0.095 0.075 
407 NS_SS1449   (14)    6 :  0.014 0.006 0.032 0.025 0.639 0.007 0.028 0.232 0.017 
408 NS_SS1443    (4)    6 :  0.175 0.014 0.015 0.029 0.013 0.002 0.717 0.009 0.025 
409 NS_SS1434    (1)    6 :  0.079 0.016 0.025 0.020 0.009 0.001 0.016 0.819 0.014 
410 NS_SS1398    (1)    6 :  0.039 0.261 0.474 0.040 0.019 0.026 0.043 0.077 0.022 
411 NS_SS1426    (1)    6 :  0.139 0.013 0.027 0.731 0.017 0.005 0.026 0.021 0.021 
412 NS_SS1413    (0)    6 :  0.856 0.009 0.013 0.006 0.018 0.013 0.006 0.072 0.007 
413 NS_SS1395    (1)    6 :  0.021 0.012 0.072 0.040 0.018 0.009 0.790 0.029 0.009 
414 NS_SS1448   (10)    6 :  0.235 0.251 0.157 0.014 0.012 0.002 0.236 0.022 0.070 
415 NS_SS1446    (0)    6 :  0.009 0.010 0.767 0.030 0.016 0.005 0.054 0.024 0.083 
416 NS_SS1403    (2)    6 :  0.006 0.036 0.025 0.611 0.036 0.008 0.194 0.019 0.065 
417 NS_SS1415    (0)    6 :  0.737 0.056 0.050 0.047 0.011 0.019 0.041 0.015 0.023 
418 NS_SS1437    (4)    6 :  0.008 0.718 0.016 0.079 0.019 0.013 0.091 0.014 0.041 
419 NS_SS1439    (2)    6 :  0.006 0.014 0.025 0.718 0.013 0.006 0.009 0.142 0.067 
420 NS_SS1441    (3)    6 :  0.052 0.054 0.052 0.488 0.060 0.004 0.058 0.139 0.094 
421 NS_SS1420    (2)    6 :  0.008 0.019 0.030 0.007 0.875 0.004 0.029 0.014 0.015 
422 NS_SS1394    (2)    6 :  0.008 0.486 0.025 0.007 0.045 0.065 0.302 0.015 0.047 
423 NS_SS1391    (7)    6 :  0.053 0.018 0.013 0.041 0.013 0.014 0.011 0.829 0.007 
424 NS_SS1410    (5)    6 :  0.014 0.024 0.009 0.053 0.207 0.018 0.019 0.635 0.020 
425 NS_SS1408    (1)    6 :  0.009 0.013 0.842 0.019 0.005 0.055 0.014 0.009 0.033 
426 NS_SS1409    (1)    6 :  0.019 0.074 0.079 0.218 0.039 0.004 0.027 0.485 0.054 
427 HI_SS0617    (1)    7 :  0.005 0.025 0.797 0.023 0.049 0.002 0.021 0.058 0.019 
428 HI_SS0618    (2)    7 :  0.014 0.254 0.019 0.046 0.401 0.004 0.051 0.013 0.199 
429 HI_SS0619    (0)    7 :  0.074 0.109 0.207 0.017 0.388 0.006 0.043 0.127 0.028 
430 HI_SS0620    (1)    7 :  0.692 0.009 0.207 0.029 0.020 0.004 0.017 0.012 0.009 
431 HI_SS0621    (3)    7 :  0.017 0.078 0.413 0.078 0.059 0.026 0.190 0.061 0.077 
432 HI_SS0622    (1)    7 :  0.362 0.095 0.128 0.006 0.012 0.015 0.069 0.008 0.305 
433 HI_SS0626    (0)    7 :  0.043 0.390 0.061 0.073 0.238 0.017 0.153 0.009 0.016 
434 HI_SS0627    (0)    7 :  0.010 0.041 0.009 0.208 0.030 0.009 0.023 0.645 0.026 
