   NS_SS0963  1 0.0169 0.0091 0.9368 0.0045 0.0328 
   NS_SS0983  1 0.8590 0.0095 0.0316 0.0046 0.0954 
   NS_SS0719  1 0.0220 0.0149 0.9085 0.0052 0.0494 
   NS_SS1001  1 0.0985 0.8745 0.0094 0.0065 0.0111 
   NS_SS0936  1 0.0616 0.5787 0.1469 0.0037 0.2091 
   NS_SS0955  1 0.2861 0.0596 0.5712 0.0055 0.0776 
   NS_SS0944  1 0.8958 0.0449 0.0265 0.0030 0.0298 
   NS_SS0945  1 0.5169 0.4321 0.0092 0.0119 0.0299 
   NS_SS0922  1 0.0139 0.1540 0.6254 0.0345 0.1722 
   NS_SS0929  1 0.1563 0.1653 0.1003 0.0034 0.5747 
   NS_SS0956  1 0.0372 0.0870 0.0568 0.0043 0.8148 
   NS_SS0906  1 0.0213 0.1170 0.1728 0.0038 0.6852 
   NS_SS0721  1 0.0372 0.0279 0.6855 0.0061 0.2433 
   NS_SS0982  1 0.0100 0.0621 0.7622 0.0171 0.1486 
   NS_SS0923  1 0.0156 0.3003 0.5626 0.0064 0.1150 
   NS_SS0905  1 0.1278 0.0386 0.3245 0.0026 0.5066 
   NS_SS0925  1 0.0111 0.0294 0.0740 0.0051 0.8804 
   NS_SS0947  1 0.0412 0.6501 0.0982 0.0064 0.2040 
   NS_SS0926  1 0.9097 0.0235 0.0573 0.0017 0.0079 
   NS_SS0918  1 0.0765 0.1004 0.0337 0.0032 0.7862 
   NS_SS0966  1 0.1740 0.0998 0.0633 0.0564 0.6065 
   NS_SS0938  1 0.0162 0.9359 0.0279 0.0022 0.0179 
   NS_SS0917  1 0.0065 0.0200 0.9355 0.0264 0.0116 
   NS_SS0957  1 0.0292 0.4934 0.1277 0.0082 0.3415 
   NS_SS0987  1 0.0157 0.0332 0.0078 0.2260 0.7172 
   NS_SS0717  1 0.0139 0.8401 0.0179 0.0038 0.1243 
   NS_SS0986  1 0.3779 0.4594 0.0250 0.0038 0.1340 
   NS_SS0953  1 0.0285 0.1635 0.0154 0.0205 0.7721 
   NS_SS0907  1 0.0193 0.0207 0.0718 0.0450 0.8431 
   NS_SS0974  1 0.3037 0.2928 0.2840 0.0056 0.1139 
   NS_SS0989  1 0.8504 0.0213 0.0692 0.0012 0.0579 
   NS_SS0991  1 0.7424 0.0095 0.0533 0.0024 0.1924 
   NS_SS0994  1 0.9362 0.0359 0.0156 0.0024 0.0099 
   NS_SS0931  1 0.9485 0.0141 0.0090 0.0122 0.0162 
   NS_SS1000  1 0.0138 0.7998 0.0269 0.0040 0.1555 
   NS_SS0919  1 0.1408 0.0104 0.8238 0.0035 0.0215 
   NS_SS0949  1 0.9356 0.0257 0.0210 0.0020 0.0157 
   NS_SS0960  1 0.4383 0.0121 0.3884 0.0066 0.1547 
   NS_SS0716  1 0.0106 0.7828 0.0080 0.0089 0.1897 
   NS_SS0924  1 0.0855 0.0204 0.0642 0.0174 0.8124 
   NS_SS0935  1 0.1632 0.0116 0.0171 0.0105 0.7976 
   NS_SS0952  1 0.6886 0.0390 0.1820 0.0474 0.0430 
   NS_SS0962  1 0.0433 0.6493 0.0941 0.0112 0.2022 
   NS_SS0973  1 0.0252 0.0174 0.4772 0.0038 0.4764 
   NS_SS0722  1 0.0070 0.9632 0.0121 0.0023 0.0154 
   NS_SS0979  1 0.0157 0.8495 0.0556 0.0025 0.0767 
   NS_SS0993  1 0.0224 0.8750 0.0501 0.0181 0.0343 
   NS_SS0958  1 0.8818 0.0757 0.0136 0.0046 0.0244 
   NS_SS0988  1 0.0943 0.2554 0.2194 0.0068 0.4240 
   NS_SS1003  1 0.0091 0.0072 0.9531 0.0103 0.0202 
   NS_SS0976  1 0.9094 0.0246 0.0170 0.0027 0.0463 
   NS_SS0964  1 0.0128 0.9113 0.0099 0.0028 0.0633 
   NS_SS0939  1 0.0076 0.9588 0.0141 0.0049 0.0145 
   NS_SS0990  1 0.0210 0.9154 0.0416 0.0042 0.0178 
   NS_SS0984  1 0.0104 0.9080 0.0326 0.0025 0.0466 
   NS_SS0980  1 0.0129 0.0304 0.7300 0.0024 0.2244 
   NS_SS0978  1 0.0054 0.0114 0.9568 0.0029 0.0235 
   NS_SS0951  1 0.2495 0.0462 0.0322 0.0032 0.6689 
   NS_SS0913  1 0.0171 0.1132 0.0091 0.0399 0.8207 
   NS_SS1002  1 0.0094 0.2709 0.6304 0.0492 0.0401 
   NS_SS0948  1 0.3885 0.1593 0.0370 0.0572 0.3579 
   NS_SS0916  1 0.0754 0.0276 0.8758 0.0056 0.0157 
   NS_SS0995  1 0.0192 0.0697 0.4971 0.0030 0.4109 
   NS_SS0927  1 0.0154 0.0263 0.9357 0.0059 0.0167 
   NS_SS0992  1 0.0816 0.0799 0.5066 0.0039 0.3280 
   NS_SS0912  1 0.5056 0.0209 0.0211 0.0031 0.4493 
   NS_SS0981  1 0.0780 0.0787 0.3794 0.0040 0.4599 
   NS_SS0729  2 0.8220 0.0740 0.0667 0.0060 0.0313 
   NS_SS0967  2 0.1361 0.1849 0.4538 0.0171 0.2082 
   NS_SS0941  2 0.0538 0.5818 0.1312 0.0872 0.1460 
   NS_SS0768  2 0.0489 0.0861 0.0333 0.0059 0.8258 
   NS_SS0726  2 0.1147 0.0316 0.8232 0.0108 0.0198 
   NS_SS0763  2 0.5387 0.1877 0.1652 0.0038 0.1047 
   NS_SS0730  2 0.0496 0.5897 0.1587 0.0047 0.1974 
   NS_SS0774  2 0.0109 0.8899 0.0597 0.0012 0.0383 
   NS_SS0723  2 0.0073 0.0205 0.9147 0.0017 0.0558 
   NS_SS0940  2 0.3469 0.3198 0.2224 0.0088 0.1021 
   NS_SS0762  2 0.0213 0.6386 0.0730 0.0041 0.2630 
   NS_SS0766  2 0.1077 0.7287 0.0756 0.0183 0.0696 
   NS_SS0724  2 0.0456 0.2930 0.0110 0.0047 0.6458 
   NS_SS0769  2 0.0148 0.1222 0.2817 0.0040 0.5772 
   NS_SS0777  2 0.5114 0.2756 0.1406 0.0202 0.0522 
   NS_SS0734  2 0.3935 0.2244 0.2156 0.0316 0.1349 
   NS_SS0737  2 0.0080 0.9178 0.0561 0.0062 0.0119 
   NS_SS0732  2 0.0090 0.0141 0.0598 0.0055 0.9116 
   NS_SS0728  2 0.0285 0.0721 0.7635 0.0161 0.1198 
   NS_SS0735  2 0.0160 0.0952 0.0223 0.0093 0.8572 
   NS_SS0725  2 0.0204 0.9490 0.0107 0.0098 0.0101 
   NS_SS0788  2 0.0269 0.0286 0.8822 0.0018 0.0606 
   NS_SS0778  2 0.0275 0.0155 0.9333 0.0020 0.0217 
   NS_SS0792  2 0.0159 0.0136 0.9274 0.0053 0.0378 
   NS_SS0943  2 0.5702 0.0218 0.0500 0.0098 0.3483 
   NS_SS0791  2 0.1199 0.0302 0.7894 0.0151 0.0454 
   NS_SS0790  2 0.0041 0.0274 0.0073 0.0036 0.9576 
   NS_SS0731  2 0.0147 0.9293 0.0114 0.0150 0.0296 
   NS_SS0727  2 0.3174 0.5297 0.1198 0.0022 0.0309 
   NS_SS0779  2 0.0950 0.5489 0.2672 0.0090 0.0799 
   NS_SS0776  2 0.0448 0.8213 0.0224 0.0094 0.1021 
   NS_SS0775  2 0.0088 0.9527 0.0117 0.0075 0.0193 
   NS_SS0965  3 0.1748 0.0275 0.1068 0.0024 0.6885 
   NS_SS0754  3 0.0911 0.0211 0.4854 0.0133 0.3891 
   NS_SS0838  3 0.0518 0.7878 0.0989 0.0426 0.0189 
   NS_SS0839  3 0.0085 0.7484 0.0749 0.0049 0.1633 
   NS_SS0832  3 0.0073 0.2155 0.4451 0.0470 0.2851 
   NS_SS0820  3 0.0058 0.0298 0.6967 0.0088 0.2588 
   NS_SS0886  3 0.3581 0.1360 0.2481 0.0031 0.2547 
   NS_SS0748  3 0.6721 0.1987 0.0413 0.0118 0.0761 
   NS_SS0884  3 0.0212 0.0595 0.8317 0.0270 0.0604 
   NS_SS0752  3 0.0299 0.1508 0.0338 0.0025 0.7830 
   NS_SS0862  3 0.0095 0.0100 0.0860 0.0058 0.8888 
   NS_SS0787  3 0.9314 0.0080 0.0354 0.0090 0.0161 
   NS_SS0843  3 0.0405 0.1859 0.0466 0.0024 0.7246 
   NS_SS0856  3 0.0139 0.2601 0.7077 0.0044 0.0139 
   NS_SS0846  3 0.1531 0.0329 0.7843 0.0032 0.0264 
   NS_SS0825  3 0.2964 0.1437 0.2651 0.0132 0.2816 
   NS_SS0757  3 0.0777 0.0468 0.2620 0.0042 0.6093 
   NS_SS0876  3 0.0104 0.0337 0.1939 0.2268 0.5351 
   NS_SS0903  3 0.0137 0.0491 0.1224 0.0036 0.8112 
   NS_SS0875  3 0.1645 0.4706 0.1247 0.0054 0.2348 
   NS_SS0740  3 0.0334 0.0735 0.3056 0.0037 0.5837 
   NS_SS0811  3 0.0126 0.0649 0.0143 0.0088 0.8994 
   NS_SS0751  3 0.3347 0.3670 0.2229 0.0030 0.0724 
   NS_SS0891  3 0.0347 0.7737 0.0322 0.0083 0.1512 
   NS_SS0867  3 0.0280 0.0123 0.9121 0.0167 0.0309 
   NS_SS0890  3 0.0855 0.0390 0.7841 0.0052 0.0862 
   NS_SS0866  3 0.2135 0.1259 0.6444 0.0052 0.0109 
   NS_SS0755  3 0.0344 0.1023 0.7059 0.0083 0.1491 
   NS_SS0758  3 0.4285 0.2502 0.2392 0.0024 0.0797 
   NS_SS0840  3 0.0157 0.5257 0.1394 0.0032 0.3160 
   NS_SS0889  3 0.4737 0.0191 0.0228 0.0026 0.4817 
   NS_SS1010  3 0.0479 0.0452 0.7963 0.0441 0.0665 
   NS_SS0888  3 0.0437 0.0142 0.9061 0.0015 0.0345 
   NS_SS0837  3 0.0310 0.0990 0.0451 0.0040 0.8209 
   NS_SS0794  3 0.6545 0.2026 0.0835 0.0023 0.0571 
   NS_SS0823  3 0.0133 0.5632 0.0353 0.0054 0.3827 
   NS_SS0829  3 0.7790 0.0099 0.0162 0.1127 0.0822 
   NS_SS0844  3 0.0055 0.0068 0.0102 0.0024 0.9752 
   NS_SS1008  3 0.2522 0.5679 0.0268 0.0149 0.1382 
   NS_SS0881  3 0.3245 0.2683 0.3725 0.0026 0.0320 
   NS_SS0834  3 0.0144 0.9411 0.0224 0.0061 0.0160 
   NS_SS0744  3 0.0124 0.0150 0.9316 0.0067 0.0343 
   NS_SS0899  3 0.0066 0.0217 0.0093 0.0015 0.9609 
   NS_SS0804  3 0.0073 0.0435 0.0860 0.0047 0.8585 
   NS_SS0781  3 0.0073 0.4111 0.2800 0.0039 0.2977 
   NS_SS0822  3 0.9461 0.0163 0.0216 0.0023 0.0137 
   NS_SS1004  3 0.1120 0.2534 0.4194 0.0056 0.2096 
   NS_SS0746  3 0.1102 0.6983 0.0255 0.0159 0.1501 
   NS_SS0880  3 0.2808 0.5509 0.1011 0.0021 0.0651 
   NS_SS0879  3 0.0221 0.7870 0.0691 0.0141 0.1077 
   NS_SS0753  3 0.0977 0.0134 0.0663 0.0109 0.8118 
   NS_SS1007  3 0.0114 0.0549 0.9150 0.0024 0.0163 
   NS_SS0872  3 0.0195 0.6469 0.1559 0.0029 0.1748 
   NS_SS1005  3 0.0311 0.7170 0.0858 0.0016 0.1645 
   NS_SS0892  3 0.0248 0.0663 0.8812 0.0023 0.0254 
   NS_SS0898  3 0.7434 0.1410 0.0923 0.0070 0.0164 
   NS_SS0801  3 0.0092 0.0145 0.0176 0.0084 0.9502 
   NS_SS0827  3 0.4340 0.1529 0.0871 0.1378 0.1883 
   NS_SS0853  3 0.0274 0.3220 0.0195 0.0062 0.6249 
   NS_SS0780  3 0.0097 0.1113 0.8605 0.0040 0.0145 
   NS_SS0826  3 0.5622 0.3347 0.0410 0.0048 0.0574 
   NS_SS0818  3 0.0092 0.0227 0.9570 0.0021 0.0090 
   NS_SS0745  3 0.0113 0.9684 0.0064 0.0018 0.0121 
   NS_SS0849  3 0.0179 0.0452 0.0162 0.0017 0.9189 
   NS_SS0739  3 0.0189 0.0320 0.8955 0.0154 0.0382 
   NS_SS0799  3 0.3345 0.0365 0.5540 0.0017 0.0732 
   NS_SS0756  3 0.0124 0.0265 0.1091 0.0048 0.8472 
   NS_SS0802  3 0.0110 0.0098 0.7919 0.1800 0.0073 
   NS_SS0747  3 0.0109 0.0276 0.3346 0.0084 0.6186 
   NS_SS0835  3 0.0738 0.0252 0.8912 0.0016 0.0082 
   NS_SS0742  3 0.0204 0.0299 0.9139 0.0013 0.0346 
   NS_SS0760  3 0.8140 0.0201 0.0156 0.0677 0.0826 
   NS_SS0803  3 0.0077 0.0267 0.0155 0.0070 0.9431 
   NS_SS0828  3 0.0690 0.0274 0.0632 0.0021 0.8384 
   NS_SS0865  3 0.0152 0.0104 0.9346 0.0217 0.0180 
   NS_SS0759  3 0.0089 0.0664 0.2129 0.0043 0.7075 
   NS_SS0851  3 0.0114 0.5885 0.0086 0.0138 0.3777 
   NS_SS0874  3 0.0080 0.0279 0.0117 0.0017 0.9507 
   NS_SS0761  3 0.4617 0.0185 0.0233 0.0042 0.4923 
   NS_SS0842  3 0.3373 0.4930 0.0455 0.0121 0.1121 
   NS_SS0785  3 0.1307 0.1053 0.3168 0.0058 0.4414 
   NS_SS0860  3 0.0316 0.0109 0.9253 0.0022 0.0299 
   NS_SS0897  3 0.9747 0.0067 0.0088 0.0022 0.0076 
   NS_SS0841  3 0.0380 0.2008 0.2021 0.0040 0.5550 
   NS_SS0797  3 0.9195 0.0198 0.0115 0.0303 0.0189 
   NS_SS0830  3 0.3047 0.2904 0.2316 0.0025 0.1708 
   NS_SS1011  3 0.0074 0.0315 0.9095 0.0063 0.0453 
   NS_SS0883  3 0.0470 0.0133 0.1427 0.0071 0.7899 
   NS_SS0782  3 0.0538 0.9077 0.0138 0.0031 0.0216 
   NS_SS0831  3 0.7073 0.0596 0.0211 0.0047 0.2072 
   NS_SS0749  3 0.0480 0.0334 0.3308 0.0039 0.5839 
   NS_SS0854  3 0.0845 0.2632 0.2482 0.0034 0.4008 
   HI_SS0193  4 0.9449 0.0252 0.0133 0.0017 0.0148 
   HI_SS0194  4 0.0106 0.9643 0.0129 0.0022 0.0100 
   HI_SS0195  4 0.0050 0.7545 0.0149 0.1253 0.1003 
   HI_SS0196  4 0.1007 0.7972 0.0255 0.0036 0.0730 
   HI_SS0197  4 0.0050 0.0285 0.9488 0.0109 0.0068 
   HI_SS0198  4 0.0558 0.0165 0.1421 0.0120 0.7736 
   HI_SS0199  4 0.0928 0.0167 0.8453 0.0034 0.0418 
   HI_SS0201  4 0.9244 0.0073 0.0386 0.0025 0.0271 
   HI_SS0215  4 0.2774 0.0176 0.3365 0.0044 0.3642 
   HI_SS0218  4 0.9576 0.0124 0.0102 0.0064 0.0134 
   HI_SS0222  4 0.1800 0.5130 0.0183 0.0055 0.2832 
   HI_SS0230  4 0.0189 0.4084 0.0945 0.0072 0.4711 
   HI_SS0234  4 0.2019 0.1291 0.3402 0.1710 0.1578 
   HI_SS0240  4 0.0154 0.0971 0.8392 0.0073 0.0411 
   HI_SS0241  4 0.1712 0.0134 0.7707 0.0021 0.0426 
   HI_SS0242  4 0.1426 0.4576 0.2905 0.0040 0.1053 
   HI_SS0247  4 0.0174 0.0160 0.0367 0.0263 0.9035 
   HI_SS0248  4 0.9249 0.0511 0.0113 0.0010 0.0117 
   HI_SS0252  4 0.0767 0.1585 0.0899 0.0029 0.6719 
   HI_SS0254  4 0.6871 0.0207 0.1570 0.1138 0.0215 
   HI_SS0256  4 0.0044 0.0232 0.0370 0.0017 0.9337 
   HI_SS0257  4 0.0461 0.0172 0.5965 0.0041 0.3361 
   HI_SS0258  4 0.8698 0.0212 0.0210 0.0061 0.0819 
   HI_SS0259  4 0.0075 0.0310 0.9477 0.0031 0.0106 
   HI_SS0260  4 0.5748 0.1537 0.1982 0.0022 0.0711 
   HI_SS0261  4 0.3682 0.5365 0.0742 0.0045 0.0165 
   HI_SS0262  4 0.0095 0.0268 0.9288 0.0052 0.0297 
   HI_SS0264  4 0.0202 0.8485 0.0667 0.0047 0.0599 
   HI_SS0265  4 0.0176 0.1312 0.5345 0.1117 0.2050 
   HI_SS0268  4 0.5647 0.1238 0.0758 0.0047 0.2310 
   HI_SS0269  4 0.7608 0.0290 0.1959 0.0022 0.0121 
   HI_SS0273  4 0.7624 0.0208 0.1418 0.0020 0.0730 
   HI_SS0277  4 0.0269 0.0159 0.8900 0.0026 0.0646 
   HI_SS0280  4 0.1735 0.4663 0.2586 0.0083 0.0933 
   HI_SS0282  4 0.3393 0.0234 0.1183 0.0018 0.5172 
   HI_SS0286  4 0.1779 0.0341 0.4996 0.0085 0.2800 
   NS_SS1252  5 0.9301 0.0184 0.0161 0.0040 0.0313 
   NS_SS1261  5 0.0646 0.4273 0.1556 0.0226 0.3300 
   NS_SS1225  5 0.0288 0.0099 0.0179 0.0746 0.8689 
   NS_SS1266  5 0.0073 0.3854 0.1089 0.0114 0.4870 
   NS_SS1228  5 0.0305 0.1404 0.2162 0.0180 0.5948 
   NS_SS1255  5 0.1336 0.8416 0.0079 0.0016 0.0153 
   NS_SS1267  5 0.9154 0.0105 0.0226 0.0226 0.0289 
   NS_SS1238  5 0.8044 0.1463 0.0202 0.0032 0.0258 
   NS_SS1233  5 0.5406 0.1276 0.0087 0.0030 0.3201 
   NS_SS1277  5 0.9700 0.0146 0.0058 0.0010 0.0085 
   NS_SS1245  5 0.2555 0.7067 0.0096 0.0027 0.0256 
   NS_SS1240  5 0.9103 0.0172 0.0567 0.0025 0.0132 
   NS_SS1275  5 0.0067 0.1910 0.7794 0.0023 0.0206 
   NS_SS1235  5 0.0419 0.8234 0.1121 0.0060 0.0167 
   NS_SS1263  5 0.0287 0.6412 0.0074 0.0014 0.3212 
   NS_SS1251  5 0.1589 0.2892 0.0314 0.0019 0.5185 
   NS_SS1248  5 0.0625 0.0097 0.0067 0.0858 0.8354 
   NS_SS1244  5 0.2745 0.0143 0.6445 0.0064 0.0604 
   NS_SS1257  5 0.4821 0.0403 0.0547 0.0395 0.3833 
   NS_SS1242  5 0.0089 0.9577 0.0116 0.0029 0.0188 
   NS_SS1271  5 0.9169 0.0165 0.0280 0.0309 0.0077 
   NS_SS1265  5 0.5049 0.2147 0.0333 0.0300 0.2171 
   NS_SS1243  5 0.0598 0.3846 0.0242 0.0862 0.4452 
   NS_SS1273  5 0.0108 0.9124 0.0246 0.0116 0.0406 
   NS_SS1254  5 0.0181 0.8785 0.0366 0.0070 0.0597 
   NS_SS1224  5 0.0070 0.3327 0.0487 0.0094 0.6022 
   NS_SS1227  5 0.0861 0.0512 0.8497 0.0020 0.0110 
   NS_SS1274  5 0.1735 0.0143 0.0110 0.0139 0.7872 
   NS_SS1241  5 0.8308 0.0206 0.1025 0.0014 0.0447 
   NS_SS1256  5 0.1780 0.7091 0.0535 0.0446 0.0148 
   NS_SS1260  5 0.0649 0.0133 0.8211 0.0649 0.0358 
   NS_SS1262  5 0.4221 0.0100 0.0209 0.1748 0.3722 
   NS_SS1230  5 0.3532 0.2432 0.0212 0.0115 0.3709 
   NS_SS1270  5 0.0086 0.0155 0.0128 0.0023 0.9607 
   NS_SS1229  5 0.0068 0.0657 0.9118 0.0039 0.0118 
   NS_SS1246  5 0.6560 0.2950 0.0399 0.0032 0.0060 
   NS_SS1269  5 0.0640 0.2531 0.3080 0.0033 0.3716 
   NS_SS1239  5 0.0136 0.0636 0.8254 0.0036 0.0938 
   NS_SS1272  5 0.0332 0.8127 0.1272 0.0086 0.0183 
   NS_SS1268  5 0.0260 0.0328 0.0323 0.0029 0.9060 
   NS_SS1249  5 0.9496 0.0137 0.0146 0.0125 0.0096 
   HI_SS0559  6 0.0445 0.0352 0.0111 0.0015 0.9077 
   HI_SS0563  6 0.5459 0.1106 0.1223 0.0040 0.2172 
   HI_SS0564  6 0.0435 0.3169 0.3790 0.0696 0.1909 
   HI_SS0565  6 0.1009 0.1455 0.7334 0.0049 0.0153 
   HI_SS0569  6 0.8253 0.0078 0.0149 0.0025 0.1496 
   HI_SS0570  6 0.8999 0.0193 0.0192 0.0462 0.0154 
   HI_SS0572  6 0.0088 0.9502 0.0279 0.0024 0.0106 
   HI_SS0576  6 0.0148 0.0424 0.0162 0.0071 0.9196 
   HI_SS0579  6 0.1121 0.0453 0.0214 0.0150 0.8062 
   HI_SS0580  6 0.1658 0.5126 0.0497 0.0050 0.2668 
   HI_SS0581  6 0.0085 0.2026 0.7100 0.0689 0.0100 
   HI_SS0583  6 0.6292 0.3128 0.0304 0.0025 0.0252 
   HI_SS0586  6 0.9005 0.0102 0.0064 0.0014 0.0814 
   HI_SS0588  6 0.6395 0.0861 0.0730 0.0268 0.1746 
   HI_SS0595  6 0.5843 0.0620 0.2787 0.0317 0.0433 
   HI_SS0596  6 0.0078 0.9661 0.0120 0.0028 0.0113 
   HI_SS0597  6 0.0082 0.9687 0.0121 0.0033 0.0078 
   HI_SS0600  6 0.0314 0.0140 0.9397 0.0036 0.0113 
   HI_SS0601  6 0.0139 0.0046 0.0417 0.0100 0.9298 
   HI_SS0602  6 0.0396 0.0234 0.0842 0.0029 0.8499 
   HI_SS0604  6 0.1105 0.7565 0.0129 0.0025 0.1176 
   HI_SS0605  6 0.0181 0.0149 0.8682 0.0079 0.0909 
   HI_SS0608  6 0.0399 0.9085 0.0105 0.0013 0.0397 
   HI_SS0609  6 0.1137 0.4051 0.0424 0.0009 0.4379 
   HI_SS0611  6 0.1121 0.0150 0.0200 0.0029 0.8500 
   HI_SS0612  6 0.0219 0.0113 0.9281 0.0074 0.0312 
   HI_SS0613  6 0.0179 0.0142 0.0338 0.0017 0.9324 
   HI_SS0615  6 0.0115 0.0882 0.7370 0.0112 0.1522 
   HI_SS0001  6 0.2512 0.6466 0.0785 0.0068 0.0170 
   HI_SS0002  6 0.0137 0.1511 0.6927 0.0310 0.1115 
   HI_SS0004  6 0.5473 0.3080 0.0811 0.0073 0.0563 
   HI_SS0005  6 0.0569 0.0098 0.0363 0.0064 0.8905 
   HI_SS0006  6 0.1375 0.0678 0.6483 0.0027 0.1437 
   HI_SS0007  6 0.9081 0.0342 0.0100 0.0030 0.0447 
   HI_SS0008  6 0.0234 0.0152 0.8458 0.0386 0.0769 
   HI_SS0009  6 0.0372 0.2592 0.0790 0.0062 0.6184 
   HI_SS0010  6 0.8457 0.0475 0.0469 0.0051 0.0548 
   HI_SS0011  6 0.0907 0.5672 0.0698 0.1013 0.1709 
   HI_SS0012  6 0.0085 0.0565 0.8277 0.0055 0.1018 
   HI_SS0017  6 0.0092 0.9792 0.0052 0.0023 0.0041 
   HI_SS0021  6 0.4167 0.2323 0.0487 0.2485 0.0538 
   HI_SS0024  6 0.0703 0.6302 0.2857 0.0024 0.0114 
   HI_SS0025  6 0.0081 0.9613 0.0120 0.0034 0.0152 
   HI_SS0027  6 0.6986 0.0125 0.0218 0.0192 0.2480 
   HI_SS0028  6 0.0080 0.0445 0.0704 0.0020 0.8750 
   HI_SS0029  6 0.0102 0.9446 0.0082 0.0093 0.0277 
   HI_SS0030  6 0.0579 0.0706 0.8530 0.0063 0.0122 
   HI_SS0031  6 0.0129 0.0137 0.9572 0.0041 0.0120 
   HI_SS0034  6 0.5475 0.1174 0.2635 0.0074 0.0641 
   HI_SS0036  6 0.7378 0.0241 0.2024 0.0208 0.0149 
   HI_SS0037  6 0.8351 0.0371 0.0154 0.0068 0.1057 
   HI_SS0039  6 0.4675 0.1558 0.3199 0.0044 0.0525 
   HI_SS0041  6 0.0045 0.9504 0.0180 0.0022 0.0249 
   HI_SS0042  6 0.0210 0.4926 0.0357 0.1225 0.3282 
   HI_SS0043  6 0.9526 0.0110 0.0144 0.0031 0.0189 
   HI_SS0044  6 0.1976 0.7497 0.0298 0.0036 0.0194 
   HI_SS0047  6 0.0232 0.6609 0.1480 0.0033 0.1646 
   HI_SS0049  6 0.0228 0.9112 0.0095 0.0037 0.0528 
   HI_SS0051  6 0.0669 0.0256 0.0573 0.0028 0.8474 
   HI_SS0053  6 0.5857 0.0445 0.3515 0.0058 0.0125 
   HI_SS0054  6 0.9513 0.0083 0.0117 0.0042 0.0245 
   HI_SS0057  6 0.0746 0.1303 0.0515 0.0036 0.7400 
   HI_SS0058  6 0.0227 0.0353 0.0117 0.0059 0.9243 
   HI_SS0060  6 0.3286 0.0168 0.4685 0.0954 0.0906 
   HI_SS0087  6 0.6248 0.0236 0.2654 0.0034 0.0828 
   HI_SS0091  6 0.0361 0.0072 0.9477 0.0012 0.0078 
   HI_SS0095  6 0.0164 0.0194 0.8653 0.0527 0.0462 
   HI_SS0097  6 0.0133 0.0144 0.0196 0.0045 0.9482 
   HI_SS0099  6 0.0110 0.9432 0.0264 0.0041 0.0154 
   HI_SS0103  6 0.0106 0.2135 0.7258 0.0040 0.0462 
   HI_SS0105  6 0.0414 0.0157 0.8174 0.0290 0.0964 
   HI_SS0107  6 0.0122 0.8923 0.0750 0.0010 0.0194 
   HI_SS0108  6 0.9528 0.0086 0.0055 0.0240 0.0092 
   HI_SS0110  6 0.0118 0.0234 0.9560 0.0013 0.0075 
   HI_SS0111  6 0.0654 0.0464 0.6476 0.0358 0.2049 
   HI_SS0112  6 0.9783 0.0074 0.0066 0.0015 0.0062 
   HI_SS0113  6 0.0081 0.9602 0.0155 0.0036 0.0127 
   HI_SS0114  6 0.8155 0.0111 0.1092 0.0073 0.0569 
   HI_SS0115  6 0.2059 0.1146 0.1952 0.0162 0.4681 
   HI_SS0116  6 0.2165 0.7463 0.0204 0.0035 0.0133 
   HI_SS0117  6 0.6742 0.2480 0.0169 0.0028 0.0581 
   HI_SS0118  6 0.2775 0.4827 0.1886 0.0158 0.0354 
   HI_SS0119  6 0.0307 0.0051 0.9467 0.0022 0.0153 
   HI_SS0120  6 0.0113 0.9589 0.0165 0.0037 0.0096 
   HI_SS0121  6 0.0060 0.0436 0.0652 0.0017 0.8835 
   HI_SS0122  6 0.0309 0.0509 0.8371 0.0228 0.0584 
   HI_SS0123  6 0.0126 0.0307 0.9310 0.0047 0.0210 
   HI_SS0124  6 0.0071 0.7656 0.0567 0.0034 0.1672 
   HI_SS0125  6 0.0125 0.0864 0.8408 0.0359 0.0243 
   HI_SS0126  6 0.9216 0.0494 0.0168 0.0015 0.0106 
   HI_SS0127  6 0.0161 0.0119 0.0097 0.0076 0.9547 
   HI_SS0128  6 0.1031 0.4590 0.4270 0.0032 0.0076 
   HI_SS0129  6 0.7227 0.0761 0.1130 0.0147 0.0736 
   HI_SS0131  6 0.8283 0.0180 0.0180 0.0475 0.0882 
   HI_SS0132  6 0.4564 0.0143 0.4767 0.0007 0.0519 
   HI_SS0133  6 0.9841 0.0059 0.0038 0.0014 0.0047 
   HI_SS0134  6 0.0477 0.0426 0.8906 0.0020 0.0171 
   HI_SS0142  6 0.0059 0.0131 0.9172 0.0199 0.0440 
   HI_SS0145  6 0.0487 0.0295 0.1055 0.0016 0.8147 
   HI_SS0146  6 0.9344 0.0102 0.0440 0.0014 0.0099 
   HI_SS0147  6 0.0069 0.3203 0.1217 0.0263 0.5248 
   HI_SS0149  6 0.0393 0.0143 0.9197 0.0064 0.0203 
   HI_SS0150  6 0.2188 0.2802 0.0282 0.0066 0.4662 
   HI_SS0151  6 0.3403 0.0328 0.1887 0.0194 0.4188 
   NS_SS1451  6 0.0102 0.2258 0.7294 0.0048 0.0298 
   NS_SS1404  6 0.0260 0.1913 0.1160 0.0148 0.6518 
   NS_SS1432  6 0.0045 0.7437 0.2012 0.0421 0.0084 
   NS_SS1405  6 0.0594 0.7620 0.1141 0.0048 0.0598 
   NS_SS1431  6 0.0167 0.9346 0.0334 0.0010 0.0142 
   NS_SS1402  6 0.0395 0.1421 0.4524 0.0025 0.3635 
   NS_SS1450  6 0.3859 0.2648 0.3149 0.0061 0.0282 
   NS_SS1396  6 0.0245 0.2770 0.5065 0.0075 0.1844 
   NS_SS1393  6 0.0325 0.0466 0.5316 0.0032 0.3861 
   NS_SS1392  6 0.0397 0.8122 0.0989 0.0266 0.0226 
   NS_SS1445  6 0.0728 0.0823 0.6640 0.0101 0.1708 
   NS_SS1423  6 0.6363 0.0282 0.3070 0.0016 0.0269 
   NS_SS1421  6 0.8340 0.0268 0.0351 0.0990 0.0051 
   NS_SS1411  6 0.9585 0.0129 0.0081 0.0019 0.0186 
   NS_SS1453  6 0.2294 0.1702 0.3541 0.0087 0.2375 
   NS_SS1442  6 0.2336 0.2382 0.0288 0.0050 0.4945 
   NS_SS1422  6 0.0904 0.0226 0.2896 0.0139 0.5835 
   NS_SS1419  6 0.0139 0.0078 0.0100 0.1562 0.8120 
   NS_SS1427  6 0.9696 0.0109 0.0107 0.0022 0.0066 
   NS_SS1444  6 0.0196 0.5627 0.0101 0.0046 0.4030 
   NS_SS1455  6 0.0178 0.9247 0.0077 0.0021 0.0477 
   NS_SS1425  6 0.9660 0.0066 0.0126 0.0017 0.0131 
   NS_SS1400  6 0.9286 0.0251 0.0091 0.0019 0.0354 
   NS_SS1406  6 0.0062 0.0603 0.0765 0.0101 0.8469 
   NS_SS1417  6 0.2415 0.4977 0.0494 0.0101 0.2013 
   NS_SS1454  6 0.6485 0.1177 0.1084 0.0021 0.1233 
   NS_SS1412  6 0.0580 0.5842 0.2325 0.0302 0.0951 
   NS_SS1438  6 0.8708 0.0143 0.0279 0.0017 0.0853 
   NS_SS1416  6 0.0109 0.1306 0.2546 0.0075 0.5964 
   NS_SS1401  6 0.0372 0.1745 0.7266 0.0140 0.0477 
   NS_SS1424  6 0.2882 0.0260 0.5423 0.0157 0.1279 
   NS_SS1435  6 0.5598 0.3847 0.0279 0.0033 0.0243 
   NS_SS1447  6 0.0681 0.8062 0.0341 0.0109 0.0806 
   NS_SS1414  6 0.0114 0.7804 0.0083 0.0092 0.1907 
   NS_SS1449  6 0.0156 0.0107 0.6989 0.0060 0.2688 
   NS_SS1443  6 0.6634 0.0175 0.2507 0.0028 0.0656 
   NS_SS1434  6 0.1329 0.8383 0.0198 0.0008 0.0082 
   NS_SS1398  6 0.2177 0.6325 0.0489 0.0289 0.0720 
   NS_SS1426  6 0.8527 0.0199 0.0868 0.0028 0.0377 
   NS_SS1413  6 0.8978 0.0731 0.0092 0.0109 0.0089 
   NS_SS1395  6 0.0525 0.0100 0.9100 0.0111 0.0164 
   NS_SS1448  6 0.7308 0.2405 0.0112 0.0019 0.0157 
   NS_SS1446  6 0.0146 0.0148 0.9540 0.0033 0.0133 
   NS_SS1403  6 0.0129 0.0250 0.9201 0.0072 0.0348 
   NS_SS1415  6 0.9066 0.0100 0.0241 0.0148 0.0445 
   NS_SS1437  6 0.1736 0.4933 0.1671 0.0105 0.1555 
   NS_SS1439  6 0.0116 0.0240 0.8320 0.0042 0.1281 
   NS_SS1441  6 0.6005 0.1123 0.0998 0.0021 0.1852 
   NS_SS1420  6 0.0042 0.0284 0.0088 0.0046 0.9540 
   NS_SS1394  6 0.0137 0.3163 0.3387 0.0349 0.2964 
   NS_SS1391  6 0.2989 0.3915 0.2402 0.0139 0.0555 
   NS_SS1410  6 0.4560 0.3812 0.0936 0.0212 0.0480 
   NS_SS1408  6 0.0136 0.0168 0.8958 0.0607 0.0130 
   NS_SS1409  6 0.0346 0.4603 0.3998 0.0031 0.1022 
   HI_SS0617  7 0.0102 0.3713 0.5495 0.0020 0.0670 
   HI_SS0618  7 0.0177 0.4576 0.0870 0.0023 0.4354 
   HI_SS0619  7 0.0198 0.7350 0.0425 0.0038 0.1990 
   HI_SS0620  7 0.6368 0.0102 0.0159 0.0033 0.3338 
   HI_SS0621  7 0.0143 0.2465 0.1646 0.0170 0.5576 
   HI_SS0622  7 0.0937 0.0990 0.0185 0.0114 0.7773 
   HI_SS0626  7 0.0630 0.1634 0.0378 0.0105 0.7253 
   HI_SS0627  7 0.0369 0.7960 0.1283 0.0076 0.0312 
   HI_SS0628  7 0.7824 0.0571 0.0856 0.0630 0.0119 
   HI_SS0629  7 0.0612 0.0519 0.0454 0.0071 0.8344 
   HI_SS0630  7 0.5470 0.1069 0.0834 0.0728 0.1899 
   HI_SS0631  7 0.9216 0.0165 0.0330 0.0010 0.0278 
   HI_SS0632  7 0.6775 0.2698 0.0207 0.0047 0.0272 
   HI_SS0633  7 0.0086 0.9435 0.0177 0.0046 0.0256 
   HI_SS0634  7 0.0149 0.0098 0.9650 0.0022 0.0082 
   HI_SS0635  7 0.2641 0.1520 0.2515 0.0113 0.3211 
   HI_SS0637  7 0.0121 0.0113 0.1658 0.0028 0.8080 
   HI_SS0638  7 0.4495 0.2857 0.1280 0.0015 0.1354 
   HI_SS0639  7 0.0077 0.0280 0.8934 0.0323 0.0385 
   HI_SS0640  7 0.1768 0.0376 0.0515 0.0024 0.7317 
   HI_SS0641  7 0.0696 0.0469 0.0174 0.0053 0.8608 
   HI_SS0642  7 0.0163 0.0209 0.9486 0.0026 0.0117 
   HI_SS0645  7 0.0119 0.3557 0.0451 0.0014 0.5859 
   HI_SS0646  7 0.0537 0.1307 0.5162 0.0036 0.2959 
   HI_SS0647  7 0.5153 0.4433 0.0211 0.0014 0.0188 
   HI_SS0648  7 0.1169 0.3464 0.2926 0.0043 0.2398 
   HI_SS0649  7 0.0627 0.3196 0.4273 0.0031 0.1873 
   HI_SS0650  7 0.0129 0.8817 0.0644 0.0061 0.0349 
   HI_SS0651  7 0.0407 0.1611 0.5264 0.0060 0.2658 
   HI_SS0652  7 0.0114 0.8489 0.0295 0.0057 0.1045 
   NS_SS1371  7 0.0228 0.0117 0.9436 0.0051 0.0167 
   NS_SS1374  7 0.4188 0.0183 0.5457 0.0024 0.0148 
   NS_SS1337  7 0.0584 0.0685 0.6261 0.0045 0.2425 
   NS_SS1385  7 0.0865 0.5154 0.1690 0.0050 0.2241 
   NS_SS1388  7 0.0222 0.9461 0.0134 0.0093 0.0090 
   NS_SS1370  7 0.0152 0.0064 0.0078 0.0086 0.9620 
   NS_SS1389  7 0.0086 0.9683 0.0070 0.0050 0.0110 
   NS_SS1360  7 0.1948 0.0123 0.0355 0.0055 0.7520 
   NS_SS1330  7 0.0094 0.0331 0.1423 0.0041 0.8112 
   NS_SS1328  7 0.7052 0.1679 0.1182 0.0027 0.0060 
   NS_SS1384  7 0.3590 0.0092 0.5275 0.0051 0.0992 
   NS_SS1381  7 0.0109 0.9193 0.0471 0.0010 0.0217 
   NS_SS1375  7 0.0119 0.9595 0.0142 0.0015 0.0129 
   NS_SS1319  7 0.0309 0.0491 0.5975 0.1085 0.2140 
   NS_SS1326  7 0.9466 0.0180 0.0112 0.0133 0.0110 
   NS_SS1341  7 0.0299 0.0248 0.9074 0.0051 0.0329 
   NS_SS1383  7 0.3715 0.0155 0.5661 0.0047 0.0422 
   NS_SS1318  7 0.1100 0.4529 0.1377 0.0209 0.2784 
   NS_SS1348  7 0.9580 0.0077 0.0173 0.0017 0.0153 
   NS_SS1363  7 0.0210 0.0253 0.0298 0.0053 0.9185 
   NS_SS1335  7 0.4363 0.0123 0.0947 0.0382 0.4186 
   NS_SS1358  7 0.2076 0.0059 0.7006 0.0148 0.0712 
   NS_SS1342  7 0.2797 0.0487 0.6221 0.0020 0.0476 
   NS_SS1320  7 0.0054 0.9430 0.0309 0.0078 0.0128 
   NS_SS1355  7 0.0074 0.2236 0.0099 0.0143 0.7448 
   NS_SS1345  7 0.0996 0.2386 0.0280 0.0199 0.6138 
   NS_SS1324  7 0.7522 0.0314 0.0188 0.0043 0.1933 
   NS_SS1347  7 0.0665 0.0247 0.8394 0.0043 0.0651 
   NS_SS1321  7 0.0252 0.0083 0.9393 0.0015 0.0257 
   NS_SS1333  7 0.0598 0.0376 0.8918 0.0032 0.0076 
   NS_SS1364  7 0.9276 0.0402 0.0100 0.0021 0.0201 
   NS_SS1379  7 0.0283 0.6886 0.1425 0.0621 0.0784 
   NS_SS1332  7 0.9549 0.0218 0.0095 0.0077 0.0061 
   NS_SS1338  7 0.0364 0.0239 0.9006 0.0086 0.0306 
   NS_SS1368  7 0.7428 0.2016 0.0194 0.0066 0.0296 
   NS_SS1354  7 0.0278 0.0795 0.2230 0.0132 0.6565 
   NS_SS1365  7 0.0659 0.7342 0.0395 0.0107 0.1496 
   NS_SS1380  7 0.0063 0.0293 0.0146 0.0191 0.9306 
   NS_SS1329  7 0.3737 0.0812 0.4539 0.0040 0.0872 
   NS_SS1362  7 0.0288 0.0179 0.0347 0.0043 0.9142 
   NS_SS1327  7 0.9709 0.0046 0.0126 0.0044 0.0075 
   NS_SS1350  7 0.0129 0.0199 0.9511 0.0092 0.0069 
   NS_SS1387  7 0.0220 0.3801 0.1396 0.0043 0.4540 
   NS_SS1369  7 0.9481 0.0073 0.0150 0.0044 0.0252 
   NS_SS1331  7 0.3127 0.5462 0.0767 0.0166 0.0478 
   NS_SS1357  7 0.0306 0.8886 0.0523 0.0033 0.0252 
   NS_SS1386  7 0.9679 0.0075 0.0131 0.0044 0.0071 
   NS_SS1353  7 0.0509 0.8928 0.0291 0.0033 0.0239 
   NS_SS1323  7 0.0101 0.4538 0.3252 0.0863 0.1245 
   HI_SS0296  8 0.5756 0.0453 0.0234 0.0020 0.3537 
   HI_SS0297  8 0.7660 0.0921 0.0830 0.0012 0.0576 
   HI_SS0299  8 0.7209 0.0551 0.0318 0.0446 0.1475 
   HI_SS0300  8 0.7567 0.0855 0.1089 0.0014 0.0475 
   HI_SS0301  8 0.2033 0.0226 0.2283 0.0039 0.5419 
   HI_SS0302  8 0.8403 0.0183 0.0146 0.0289 0.0978 
   HI_SS0303  8 0.8119 0.1542 0.0125 0.0074 0.0139 
   HI_SS0304  8 0.0722 0.7485 0.1405 0.0030 0.0358 
   HI_SS0306  8 0.9799 0.0058 0.0048 0.0038 0.0057 
   HI_SS0307  8 0.0116 0.2911 0.1758 0.0088 0.5126 
   HI_SS0308  8 0.1195 0.0104 0.1259 0.0992 0.6450 
   HI_SS0309  8 0.0086 0.0172 0.2068 0.0037 0.7638 
   HI_SS0310  8 0.2294 0.7252 0.0137 0.0079 0.0239 
   HI_SS0311  8 0.1942 0.0764 0.1111 0.0031 0.6152 
   HI_SS0314  8 0.0180 0.9475 0.0162 0.0013 0.0170 
   HI_SS0316  8 0.0802 0.1506 0.6163 0.0042 0.1487 
   HI_SS0317  8 0.0117 0.0160 0.9261 0.0031 0.0430 
   HI_SS0318  8 0.6866 0.0211 0.0888 0.1932 0.0102 
   HI_SS0319  8 0.9699 0.0065 0.0109 0.0048 0.0079 
   HI_SS0320  8 0.0067 0.3877 0.5848 0.0016 0.0193 
   HI_SS0321  8 0.0181 0.0080 0.9428 0.0018 0.0293 
   HI_SS0323  8 0.1259 0.0175 0.3149 0.0020 0.5396 
   HI_SS0325  8 0.8271 0.0529 0.0181 0.0025 0.0993 
   HI_SS0327  8 0.7315 0.0190 0.1348 0.0019 0.1128 
   HI_SS0329  8 0.0430 0.9142 0.0159 0.0016 0.0254 
   HI_SS0333  8 0.5180 0.1184 0.1802 0.0045 0.1789 
   HI_SS0334  8 0.0274 0.0138 0.0386 0.0017 0.9185 
   HI_SS0335  8 0.0059 0.0085 0.0139 0.0184 0.9533 
   HI_SS0339  8 0.0170 0.0143 0.0076 0.0104 0.9506 
   HI_SS0343  8 0.0531 0.4871 0.4171 0.0027 0.0400 
   HI_SS0344  8 0.9685 0.0065 0.0147 0.0034 0.0069 
   HI_SS0345  8 0.2412 0.1049 0.0327 0.0099 0.6114 
   HI_SS0346  8 0.4454 0.3889 0.1322 0.0043 0.0291 
   HI_SS0350  8 0.0049 0.0135 0.0073 0.0081 0.9663 
   HI_SS0351  8 0.0522 0.3302 0.5118 0.0050 0.1009 
   HI_SS0352  8 0.0250 0.2260 0.3850 0.1364 0.2276 
   HI_SS0362  8 0.5880 0.0224 0.2801 0.0034 0.1062 
   HI_SS0363  8 0.9217 0.0214 0.0359 0.0044 0.0167 
   HI_SS0365  8 0.1327 0.0560 0.3802 0.0069 0.4243 
   HI_SS0366  8 0.8288 0.0395 0.0380 0.0017 0.0919 
   HI_SS0367  8 0.0079 0.8909 0.0276 0.0033 0.0702 
   HI_SS0369  8 0.0127 0.1185 0.0783 0.0030 0.7876 
   HI_SS0370  8 0.0538 0.5702 0.3524 0.0051 0.0185 
   HI_SS0371  8 0.9348 0.0268 0.0098 0.0042 0.0245 
   HI_SS0373  8 0.3075 0.5562 0.0541 0.0145 0.0676 
   HI_SS0374  8 0.0070 0.6542 0.2478 0.0341 0.0569 
   HI_SS0377  8 0.1192 0.0339 0.4962 0.0928 0.2580 
   HI_SS0379  8 0.9814 0.0049 0.0084 0.0013 0.0040 
   HI_SS0380  8 0.0268 0.7444 0.0675 0.0092 0.1521 
   HI_SS0381  8 0.0209 0.0467 0.0594 0.0051 0.8680 
   HI_SS0384  8 0.0347 0.9280 0.0218 0.0078 0.0077 
   HI_SS0385  8 0.8943 0.0662 0.0105 0.0013 0.0277 
   HI_SS0386  9 0.0016 0.0020 0.0019 0.9926 0.0020 
   HI_SS0387  9 0.0137 0.0135 0.0154 0.9466 0.0108 
   HI_SS0389  9 0.0049 0.0037 0.0052 0.9820 0.0043 
   HI_SS0390  9 0.0026 0.0019 0.0026 0.9904 0.0025 
   HI_SS0391  9 0.0029 0.0037 0.0042 0.9853 0.0039 
   HI_SS0392  9 0.0021 0.0022 0.0017 0.9919 0.0021 
   HI_SS0393  9 0.0023 0.0019 0.0022 0.9917 0.0018 
   HI_SS0394  9 0.0021 0.0023 0.0019 0.9920 0.0018 
   HI_SS0395  9 0.0045 0.0044 0.0043 0.9822 0.0045 
   HI_SS0396  9 0.0074 0.0097 0.0089 0.9480 0.0260 
   HI_SS0398  9 0.0086 0.0080 0.0057 0.9715 0.0062 
   HI_SS0399  9 0.0011 0.0016 0.0016 0.9942 0.0015 
   HI_SS0400  9 0.0030 0.0026 0.0024 0.9895 0.0025 
   HI_SS0401  9 0.0021 0.0016 0.0022 0.9920 0.0021 
   HI_SS0402  9 0.0017 0.0013 0.0014 0.9939 0.0017 
   HI_SS0403  9 0.0021 0.0015 0.0025 0.9914 0.0025 
   HI_SS0404  9 0.0012 0.0017 0.0015 0.9937 0.0018 
   HI_SS0405  9 0.0183 0.0103 0.0240 0.9243 0.0231 
   HI_SS0406  9 0.0032 0.0021 0.0028 0.9890 0.0028 
   HI_SS0407  9 0.0098 0.0160 0.0066 0.9601 0.0076 
   HI_SS0408  9 0.0014 0.0016 0.0018 0.9937 0.0016 
   HI_SS0409  9 0.0036 0.0042 0.0034 0.9847 0.0042 
   HI_SS0411  9 0.0034 0.0033 0.0037 0.9870 0.0026 
   HI_SS0412  9 0.0191 0.0313 0.0832 0.8037 0.0628 
   HI_SS0413  9 0.0020 0.0024 0.0028 0.9903 0.0024 
   HI_SS0414  9 0.0104 0.0210 0.0246 0.9282 0.0159 
   HI_SS0415  9 0.0025 0.0018 0.0025 0.9903 0.0030 
   HI_SS0416  9 0.0045 0.0047 0.0042 0.9817 0.0048 
   HI_SS0418  9 0.0052 0.0047 0.0069 0.9759 0.0074 
   HI_SS0419  9 0.0032 0.0047 0.0034 0.9848 0.0039 
   HI_SS0420  9 0.0034 0.0023 0.0026 0.9885 0.0033 
   HI_SS0421  9 0.0040 0.0045 0.0073 0.9783 0.0060 
   HI_SS0422  9 0.0017 0.0025 0.0017 0.9923 0.0018 
   HI_SS0423  9 0.0047 0.0077 0.0058 0.9779 0.0039 
   HI_SS0424  9 0.0018 0.0021 0.0027 0.9905 0.0030 
   HI_SS0425  9 0.0021 0.0072 0.0044 0.9829 0.0035 
   NS_SS1146 10 0.0037 0.0023 0.0026 0.9886 0.0028 
   NS_SS1157 10 0.0077 0.0074 0.0061 0.9688 0.0101 
   NS_SS1144 10 0.0215 0.0097 0.0193 0.9230 0.0265 
   NS_SS1074 10 0.0053 0.0038 0.0051 0.9824 0.0035 
   NS_SS1122 10 0.0056 0.0050 0.0054 0.9783 0.0057 
   NS_SS1136 10 0.0011 0.0014 0.0018 0.9941 0.0015 
   NS_SS1077 10 0.0014 0.0009 0.0010 0.9960 0.0008 
   NS_SS1134 10 0.0110 0.0104 0.0109 0.9547 0.0131 
   NS_SS1091 10 0.0025 0.0031 0.0032 0.9886 0.0026 
   NS_SS1089 10 0.0041 0.0037 0.0039 0.9844 0.0039 
   NS_SS1123 10 0.0019 0.0025 0.0024 0.9915 0.0017 
   NS_SS1158 10 0.0008 0.0015 0.0013 0.9951 0.0013 
   NS_SS1093 10 0.0040 0.0030 0.0023 0.9877 0.0029 
   NS_SS1102 10 0.0062 0.0053 0.0071 0.9730 0.0084 
   NS_SS1056 10 0.0023 0.0020 0.0022 0.9921 0.0015 
   NS_SS1126 10 0.0045 0.0040 0.0053 0.9821 0.0041 
   NS_SS1058 10 0.0042 0.0052 0.0043 0.9794 0.0070 
   NS_SS1084 10 0.0017 0.0019 0.0017 0.9925 0.0021 
   NS_SS1095 10 0.0106 0.0055 0.0077 0.9711 0.0051 
   NS_SS1079 10 0.0021 0.0026 0.0021 0.9910 0.0022 
   NS_SS1149 10 0.0031 0.0037 0.0033 0.9871 0.0029 
   NS_SS1121 10 0.0022 0.0016 0.0027 0.9911 0.0023 
   NS_SS1067 10 0.0051 0.0056 0.0052 0.9750 0.0091 
   NS_SS1081 10 0.0025 0.0031 0.0040 0.9877 0.0027 
   NS_SS1130 10 0.0039 0.0047 0.0041 0.9827 0.0045 
   NS_SS1073 10 0.0028 0.0025 0.0040 0.9874 0.0033 
   NS_SS1133 10 0.0050 0.0161 0.0058 0.9612 0.0119 
   NS_SS1129 10 0.0021 0.0020 0.0014 0.9926 0.0019 
   NS_SS1085 10 0.0026 0.0018 0.0028 0.9896 0.0032 
   NS_SS1137 10 0.0053 0.0068 0.0068 0.9765 0.0046 
   NS_SS1135 10 0.0014 0.0015 0.0016 0.9940 0.0015 
   NS_SS1082 10 0.0021 0.0021 0.0023 0.9917 0.0019 
   NS_SS1125 10 0.0015 0.0016 0.0019 0.9934 0.0015 
   NS_SS1124 10 0.0048 0.0064 0.0074 0.9670 0.0144 
   NS_SS1155 10 0.0085 0.0085 0.0149 0.9607 0.0075 
   NS_SS1145 10 0.0025 0.0022 0.0028 0.9903 0.0022 
