   NS_SS0963  1 0.2133 0.0135 0.0209 0.0057 0.0167 0.1946 0.0129 0.0122 0.0063 0.5039 
   NS_SS0983  1 0.0708 0.0046 0.0042 0.0042 0.8604 0.0068 0.0145 0.0213 0.0060 0.0072 
   NS_SS0719  1 0.1057 0.0333 0.0125 0.0251 0.1552 0.3597 0.1568 0.1090 0.0088 0.0338 
   NS_SS1001  1 0.0065 0.0470 0.1013 0.0104 0.0165 0.0101 0.7684 0.0170 0.0081 0.0146 
   NS_SS0936  1 0.0464 0.0197 0.0475 0.0515 0.0195 0.1531 0.0160 0.6110 0.0046 0.0306 
   NS_SS0955  1 0.2965 0.0333 0.0238 0.1011 0.1344 0.0217 0.3504 0.0119 0.0050 0.0220 
   NS_SS0944  1 0.0130 0.1521 0.0304 0.0108 0.0079 0.0190 0.6659 0.0113 0.0024 0.0872 
   NS_SS0945  1 0.0203 0.3681 0.1052 0.0918 0.1796 0.0106 0.0698 0.1226 0.0122 0.0199 
   NS_SS0922  1 0.2079 0.0069 0.0891 0.0179 0.0278 0.1910 0.0805 0.1470 0.0430 0.1889 
   NS_SS0929  1 0.0324 0.0114 0.0722 0.0742 0.2739 0.1063 0.1421 0.0926 0.0044 0.1905 
   NS_SS0956  1 0.6632 0.0148 0.0686 0.0581 0.0208 0.0129 0.0780 0.0344 0.0067 0.0425 
   NS_SS0906  1 0.0925 0.0129 0.0400 0.0178 0.0561 0.3163 0.0534 0.0170 0.0050 0.3890 
   NS_SS0721  1 0.6918 0.0180 0.0081 0.0271 0.0258 0.1515 0.0281 0.0330 0.0064 0.0103 
   NS_SS0982  1 0.0532 0.0109 0.0307 0.3727 0.0778 0.3598 0.0157 0.0172 0.0317 0.0304 
   NS_SS0923  1 0.0188 0.0081 0.0086 0.1644 0.0161 0.4222 0.1127 0.1010 0.0074 0.1405 
   NS_SS0905  1 0.0267 0.0075 0.0100 0.2428 0.0594 0.0584 0.4312 0.0097 0.0040 0.1503 
   NS_SS0925  1 0.0544 0.0102 0.0149 0.0508 0.0109 0.0393 0.0721 0.2617 0.0047 0.4810 
   NS_SS0947  1 0.0144 0.0169 0.0731 0.0372 0.0436 0.0666 0.0244 0.0981 0.0082 0.6175 
   NS_SS0926  1 0.0060 0.0668 0.0056 0.0110 0.4133 0.0127 0.4646 0.0133 0.0015 0.0051 
   NS_SS0918  1 0.0472 0.0449 0.0122 0.2427 0.0823 0.0480 0.3752 0.0378 0.0034 0.1063 
   NS_SS0966  1 0.0116 0.0205 0.0723 0.0275 0.0431 0.0215 0.0267 0.0991 0.0642 0.6136 
   NS_SS0938  1 0.0105 0.0069 0.0113 0.0110 0.0149 0.0303 0.0377 0.8668 0.0020 0.0085 
   NS_SS0917  1 0.1105 0.0358 0.0834 0.3866 0.0248 0.2169 0.0149 0.0578 0.0556 0.0137 
   NS_SS0957  1 0.0948 0.1030 0.1233 0.2711 0.0147 0.3292 0.0199 0.0127 0.0078 0.0234 
   NS_SS0987  1 0.0049 0.0040 0.0145 0.0061 0.0213 0.0188 0.6681 0.0099 0.2298 0.0226 
   NS_SS0717  1 0.0241 0.0046 0.0337 0.1074 0.0426 0.0152 0.7104 0.0200 0.0046 0.0375 
   NS_SS0986  1 0.0084 0.0211 0.0087 0.0429 0.0170 0.0406 0.8241 0.0197 0.0043 0.0133 
   NS_SS0953  1 0.0099 0.0126 0.0249 0.0407 0.0313 0.0213 0.0649 0.0099 0.0295 0.7551 
   NS_SS0907  1 0.0481 0.0206 0.0171 0.0430 0.1307 0.1855 0.0680 0.0206 0.0633 0.4032 
   NS_SS0974  1 0.0213 0.1075 0.0876 0.0368 0.4310 0.0364 0.0617 0.0464 0.0059 0.1654 
   NS_SS0989  1 0.0071 0.0325 0.0439 0.0241 0.6088 0.0197 0.0158 0.1096 0.0015 0.1369 
   NS_SS0991  1 0.0740 0.1026 0.0121 0.0602 0.1812 0.0071 0.5302 0.0059 0.0031 0.0237 
   NS_SS0994  1 0.0057 0.1076 0.0336 0.0054 0.7905 0.0126 0.0199 0.0075 0.0029 0.0142 
   NS_SS0931  1 0.0205 0.2963 0.0364 0.0125 0.0608 0.1960 0.3218 0.0298 0.0141 0.0119 
   NS_SS1000  1 0.0127 0.0254 0.6451 0.1466 0.0196 0.0373 0.0237 0.0395 0.0044 0.0456 
   NS_SS0919  1 0.0119 0.0227 0.0042 0.0829 0.0841 0.4920 0.1816 0.0124 0.0029 0.1053 
   NS_SS0949  1 0.1379 0.3693 0.0165 0.0070 0.2389 0.0308 0.0207 0.1469 0.0022 0.0298 
   NS_SS0960  1 0.0411 0.1261 0.0108 0.3892 0.1182 0.1003 0.0697 0.0118 0.0082 0.1246 
   NS_SS0716  1 0.0157 0.0050 0.0228 0.5702 0.0124 0.0097 0.3441 0.0068 0.0078 0.0053 
   NS_SS0924  1 0.2965 0.0151 0.0085 0.3833 0.1016 0.0165 0.0174 0.0666 0.0266 0.0679 
   NS_SS0935  1 0.0138 0.1747 0.0251 0.0191 0.0216 0.0063 0.0634 0.0133 0.0107 0.6520 
   NS_SS0952  1 0.0238 0.1457 0.0205 0.1420 0.1096 0.0820 0.1576 0.0053 0.0592 0.2544 
   NS_SS0962  1 0.0229 0.0109 0.0151 0.0354 0.0266 0.6457 0.2023 0.0157 0.0108 0.0146 
   NS_SS0973  1 0.3422 0.0164 0.0814 0.0760 0.0760 0.0591 0.0648 0.0650 0.0102 0.2090 
   NS_SS0722  1 0.0311 0.0170 0.1797 0.1062 0.0159 0.0535 0.0575 0.1592 0.0029 0.3770 
   NS_SS0979  1 0.0230 0.0089 0.0197 0.1902 0.0306 0.0551 0.6229 0.0277 0.0035 0.0184 
   NS_SS0993  1 0.0111 0.0161 0.0651 0.0409 0.0175 0.0614 0.1129 0.5991 0.0272 0.0488 
   NS_SS0958  1 0.0087 0.4116 0.0138 0.3916 0.0318 0.0259 0.0546 0.0189 0.0030 0.0401 
   NS_SS0988  1 0.0280 0.0168 0.0051 0.0177 0.2686 0.5378 0.0289 0.0422 0.0083 0.0465 
   NS_SS1003  1 0.0101 0.0026 0.0196 0.0068 0.0064 0.9043 0.0237 0.0074 0.0121 0.0069 
   NS_SS0976  1 0.0484 0.1135 0.0369 0.0561 0.0675 0.0215 0.1253 0.4469 0.0041 0.0797 
   NS_SS0964  1 0.0378 0.0180 0.7126 0.0979 0.0078 0.0204 0.0432 0.0126 0.0051 0.0447 
   NS_SS0939  1 0.0207 0.0242 0.0273 0.0496 0.0054 0.0300 0.0649 0.7662 0.0047 0.0071 
   NS_SS0990  1 0.0120 0.0128 0.8453 0.0081 0.0226 0.0651 0.0106 0.0135 0.0051 0.0048 
   NS_SS0984  1 0.1540 0.0046 0.2238 0.0900 0.0656 0.1511 0.0188 0.2365 0.0025 0.0531 
   NS_SS0980  1 0.0077 0.0144 0.0119 0.0488 0.0239 0.0090 0.0072 0.1085 0.0030 0.7656 
   NS_SS0978  1 0.1952 0.2358 0.0714 0.1185 0.0198 0.0875 0.0138 0.1367 0.0052 0.1162 
   NS_SS0951  1 0.0493 0.0266 0.0060 0.0549 0.0496 0.0114 0.7683 0.0121 0.0042 0.0175 
   NS_SS0913  1 0.0189 0.0075 0.0330 0.0126 0.0067 0.0071 0.8133 0.0197 0.0375 0.0437 
   NS_SS1002  1 0.0128 0.0076 0.0059 0.0585 0.0266 0.5057 0.0124 0.3044 0.0381 0.0280 
   NS_SS0948  1 0.0127 0.0159 0.0394 0.0206 0.0553 0.3208 0.4217 0.0237 0.0602 0.0296 
   NS_SS0916  1 0.0425 0.0135 0.0166 0.0083 0.0192 0.0153 0.0094 0.8542 0.0066 0.0145 
   NS_SS0995  1 0.1494 0.0082 0.0176 0.0075 0.0129 0.0616 0.0363 0.6776 0.0041 0.0247 
   NS_SS0927  1 0.0729 0.0143 0.0192 0.0674 0.3111 0.0730 0.0441 0.3643 0.0074 0.0263 
   NS_SS0992  1 0.0385 0.0119 0.0155 0.0124 0.0170 0.0249 0.0104 0.7022 0.0035 0.1636 
   NS_SS0912  1 0.5051 0.0386 0.0273 0.0557 0.1586 0.0267 0.1729 0.0045 0.0038 0.0067 
   NS_SS0981  1 0.0315 0.0165 0.0146 0.4359 0.0130 0.3588 0.0542 0.0259 0.0063 0.0433 
   NS_SS0729  2 0.0085 0.0255 0.0061 0.0110 0.6608 0.0077 0.0058 0.0831 0.0035 0.1879 
   NS_SS0967  2 0.2246 0.0373 0.0115 0.0866 0.0390 0.2951 0.0340 0.0644 0.0170 0.1906 
   NS_SS0941  2 0.0080 0.0309 0.0261 0.0116 0.0277 0.0176 0.0130 0.7494 0.0829 0.0329 
   NS_SS0768  2 0.0090 0.0187 0.5625 0.0502 0.0359 0.0127 0.1762 0.0179 0.0083 0.1085 
   NS_SS0726  2 0.0459 0.0381 0.0276 0.0136 0.1364 0.1461 0.0113 0.5321 0.0106 0.0382 
   NS_SS0763  2 0.0313 0.0325 0.0114 0.0290 0.7363 0.0123 0.0542 0.0225 0.0039 0.0666 
   NS_SS0730  2 0.0245 0.0302 0.0197 0.0812 0.0165 0.5636 0.1537 0.0219 0.0053 0.0834 
   NS_SS0774  2 0.0196 0.0055 0.6875 0.1590 0.0121 0.0120 0.0082 0.0699 0.0014 0.0249 
   NS_SS0723  2 0.0842 0.0034 0.0069 0.0374 0.0146 0.1772 0.1160 0.0470 0.0022 0.5110 
   NS_SS0940  2 0.0116 0.1115 0.0081 0.0095 0.0136 0.0360 0.0281 0.7664 0.0097 0.0056 
   NS_SS0762  2 0.0136 0.0085 0.0725 0.0105 0.0114 0.0088 0.0426 0.0286 0.0032 0.8003 
   NS_SS0766  2 0.0387 0.0098 0.1423 0.0520 0.0640 0.0189 0.3314 0.2561 0.0284 0.0583 
   NS_SS0724  2 0.0159 0.0081 0.0529 0.0157 0.0156 0.0200 0.0156 0.0175 0.0065 0.8322 
   NS_SS0769  2 0.0109 0.0041 0.0352 0.7111 0.0869 0.0659 0.0139 0.0301 0.0029 0.0391 
   NS_SS0777  2 0.1135 0.2562 0.0306 0.0113 0.0344 0.4533 0.0584 0.0155 0.0178 0.0091 
   NS_SS0734  2 0.0493 0.0671 0.0554 0.0098 0.0149 0.0173 0.7309 0.0143 0.0357 0.0053 
   NS_SS0737  2 0.0119 0.0065 0.0932 0.0208 0.0069 0.0097 0.0312 0.7968 0.0078 0.0153 
   NS_SS0732  2 0.7884 0.0121 0.0187 0.0734 0.0108 0.0361 0.0165 0.0087 0.0062 0.0290 
   NS_SS0728  2 0.0465 0.0340 0.0275 0.0230 0.0290 0.0313 0.1031 0.6637 0.0162 0.0258 
   NS_SS0735  2 0.2258 0.0229 0.0545 0.0117 0.0137 0.0109 0.0594 0.2766 0.0137 0.3108 
   NS_SS0725  2 0.0190 0.0174 0.6494 0.0146 0.1246 0.0279 0.0115 0.1091 0.0135 0.0130 
   NS_SS0788  2 0.5574 0.0126 0.0056 0.0715 0.0498 0.0952 0.0200 0.0231 0.0019 0.1630 
   NS_SS0778  2 0.6236 0.0146 0.0099 0.0102 0.0255 0.2691 0.0065 0.0098 0.0017 0.0291 
   NS_SS0792  2 0.0141 0.0255 0.0094 0.0349 0.0403 0.5052 0.1808 0.1577 0.0077 0.0245 
   NS_SS0943  2 0.2520 0.1875 0.0084 0.0114 0.0323 0.0246 0.0361 0.0064 0.0078 0.4335 
   NS_SS0791  2 0.3226 0.0974 0.0084 0.0318 0.0335 0.0224 0.0449 0.3797 0.0302 0.0291 
   NS_SS0790  2 0.0478 0.0035 0.6081 0.1076 0.0061 0.0102 0.0179 0.0030 0.0070 0.1888 
   NS_SS0731  2 0.0221 0.0048 0.0774 0.0126 0.1178 0.0164 0.7023 0.0125 0.0139 0.0203 
   NS_SS0727  2 0.0374 0.1587 0.0279 0.0555 0.1907 0.0147 0.0152 0.3731 0.0020 0.1248 
   NS_SS0779  2 0.3242 0.0630 0.0309 0.0751 0.0586 0.2977 0.0607 0.0615 0.0088 0.0196 
   NS_SS0776  2 0.0582 0.1340 0.5794 0.0512 0.0080 0.0363 0.0267 0.0605 0.0151 0.0307 
   NS_SS0775  2 0.0101 0.0279 0.4592 0.0545 0.0161 0.0133 0.1149 0.2738 0.0162 0.0141 
   NS_SS0965  3 0.0657 0.0384 0.0167 0.0456 0.0297 0.4559 0.1951 0.0295 0.0028 0.1205 
   NS_SS0754  3 0.1541 0.2198 0.0135 0.1114 0.0363 0.0601 0.0385 0.3140 0.0208 0.0315 
   NS_SS0838  3 0.0088 0.0158 0.0108 0.8800 0.0114 0.0082 0.0124 0.0217 0.0268 0.0042 
   NS_SS0839  3 0.0104 0.0055 0.4190 0.2780 0.0065 0.0154 0.0283 0.1598 0.0055 0.0717 
   NS_SS0832  3 0.0217 0.0073 0.0275 0.0142 0.0121 0.6051 0.0501 0.0167 0.0453 0.2000 
   NS_SS0820  3 0.1193 0.0042 0.0602 0.0918 0.0145 0.5908 0.0371 0.0106 0.0082 0.0633 
   NS_SS0886  3 0.4494 0.0202 0.0156 0.0073 0.2631 0.0796 0.0302 0.0935 0.0027 0.0383 
   NS_SS0748  3 0.0429 0.1391 0.0119 0.2699 0.1951 0.2328 0.0571 0.0153 0.0147 0.0212 
   NS_SS0884  3 0.0664 0.0264 0.1992 0.0335 0.2341 0.1119 0.0103 0.2109 0.0377 0.0696 
   NS_SS0752  3 0.3306 0.0471 0.0719 0.1306 0.0478 0.0122 0.0148 0.2774 0.0030 0.0647 
   NS_SS0862  3 0.1956 0.0083 0.0087 0.0212 0.0252 0.1434 0.3299 0.1118 0.0077 0.1483 
   NS_SS0787  3 0.0250 0.5355 0.0288 0.0084 0.3340 0.0093 0.0286 0.0090 0.0094 0.0118 
   NS_SS0843  3 0.0741 0.0076 0.0808 0.1181 0.2635 0.0151 0.0294 0.0180 0.0022 0.3912 
   NS_SS0856  3 0.0268 0.0133 0.2989 0.0796 0.0675 0.2185 0.1515 0.1226 0.0059 0.0154 
   NS_SS0846  3 0.0089 0.0270 0.0124 0.0094 0.7273 0.1165 0.0164 0.0113 0.0055 0.0654 
   NS_SS0825  3 0.2951 0.0248 0.0204 0.0051 0.1285 0.0884 0.3358 0.0647 0.0179 0.0193 
   NS_SS0757  3 0.7091 0.0722 0.0349 0.0366 0.0727 0.0086 0.0186 0.0150 0.0056 0.0266 
   NS_SS0876  3 0.3245 0.0106 0.1345 0.0149 0.0066 0.0399 0.0109 0.0831 0.2199 0.1553 
   NS_SS0903  3 0.0442 0.0097 0.0163 0.0111 0.0338 0.0250 0.0082 0.0811 0.0049 0.7658 
   NS_SS0875  3 0.0223 0.0280 0.0140 0.0518 0.0349 0.0596 0.7561 0.0166 0.0045 0.0121 
   NS_SS0740  3 0.3191 0.0256 0.0217 0.0298 0.0130 0.0303 0.0225 0.0687 0.0059 0.4635 
   NS_SS0811  3 0.0179 0.0074 0.0130 0.8792 0.0052 0.0163 0.0178 0.0091 0.0139 0.0203 
   NS_SS0751  3 0.0323 0.1395 0.2979 0.0855 0.0102 0.1359 0.2033 0.0689 0.0039 0.0226 
   NS_SS0891  3 0.0114 0.0101 0.8377 0.0144 0.0363 0.0262 0.0188 0.0144 0.0113 0.0194 
   NS_SS0867  3 0.0426 0.0334 0.0073 0.0202 0.5643 0.0574 0.1516 0.0223 0.0443 0.0566 
   NS_SS0890  3 0.0610 0.0111 0.0227 0.5664 0.1796 0.0224 0.0298 0.0745 0.0048 0.0278 
   NS_SS0866  3 0.0607 0.0500 0.0436 0.0122 0.5826 0.1771 0.0262 0.0339 0.0069 0.0068 
   NS_SS0755  3 0.0175 0.0217 0.1565 0.0296 0.0353 0.2520 0.3726 0.0473 0.0128 0.0547 
   NS_SS0758  3 0.0256 0.0119 0.0494 0.0221 0.0866 0.0335 0.6344 0.1007 0.0024 0.0332 
   NS_SS0840  3 0.0196 0.0115 0.0269 0.1606 0.0161 0.0668 0.5955 0.0202 0.0037 0.0790 
   NS_SS0889  3 0.4617 0.1231 0.0875 0.0180 0.1693 0.0202 0.0967 0.0069 0.0031 0.0136 
   NS_SS1010  3 0.0108 0.0114 0.0492 0.7445 0.0570 0.0128 0.0230 0.0130 0.0606 0.0179 
   NS_SS0888  3 0.7081 0.1802 0.0055 0.0302 0.0280 0.0117 0.0075 0.0075 0.0023 0.0191 
   NS_SS0837  3 0.1632 0.0135 0.0526 0.0224 0.0159 0.0368 0.0392 0.0083 0.0039 0.6443 
   NS_SS0794  3 0.0094 0.4426 0.0238 0.2799 0.0183 0.0068 0.1770 0.0277 0.0036 0.0107 
   NS_SS0823  3 0.0174 0.0114 0.0194 0.0882 0.0134 0.0500 0.0133 0.7529 0.0054 0.0286 
   NS_SS0829  3 0.0268 0.2412 0.0059 0.1049 0.4788 0.0125 0.0131 0.0069 0.1008 0.0092 
   NS_SS0844  3 0.0086 0.0046 0.0078 0.0448 0.0106 0.0070 0.0087 0.0069 0.0028 0.8981 
   NS_SS1008  3 0.0601 0.2553 0.2529 0.1053 0.0955 0.0193 0.1050 0.0262 0.0237 0.0567 
   NS_SS0881  3 0.0808 0.0850 0.0151 0.2001 0.0242 0.5078 0.0185 0.0317 0.0037 0.0331 
   NS_SS0834  3 0.0075 0.0044 0.9217 0.0111 0.0102 0.0090 0.0056 0.0108 0.0082 0.0115 
   NS_SS0744  3 0.2477 0.0536 0.0126 0.0356 0.0614 0.3021 0.0122 0.1988 0.0115 0.0645 
   NS_SS0899  3 0.0336 0.0060 0.6494 0.0231 0.0144 0.0147 0.2245 0.0042 0.0017 0.0283 
   NS_SS0804  3 0.0297 0.0035 0.0387 0.0175 0.0396 0.4955 0.0920 0.0799 0.0073 0.1961 
   NS_SS0781  3 0.0133 0.0060 0.0735 0.0595 0.0117 0.5688 0.0181 0.0182 0.0050 0.2260 
   NS_SS0822  3 0.0176 0.4945 0.1969 0.0150 0.0346 0.0180 0.1049 0.1002 0.0023 0.0161 
   NS_SS1004  3 0.0791 0.0204 0.1209 0.0340 0.1000 0.3990 0.0082 0.0259 0.0064 0.2060 
   NS_SS0746  3 0.0311 0.1412 0.0480 0.2234 0.1671 0.0198 0.2408 0.0731 0.0152 0.0403 
   NS_SS0880  3 0.0237 0.1898 0.2997 0.0762 0.1278 0.1441 0.0111 0.0404 0.0027 0.0847 
   NS_SS0879  3 0.0128 0.0349 0.7892 0.0183 0.0434 0.0238 0.0061 0.0114 0.0175 0.0425 
   NS_SS0753  3 0.1176 0.3628 0.0101 0.0198 0.0615 0.1173 0.0834 0.0548 0.0188 0.1538 
   NS_SS1007  3 0.0218 0.0093 0.0081 0.0201 0.0314 0.0542 0.0096 0.8346 0.0030 0.0079 
   NS_SS0872  3 0.0264 0.0148 0.1069 0.3125 0.0887 0.2684 0.0729 0.0675 0.0034 0.0383 
   NS_SS1005  3 0.0422 0.0120 0.1942 0.1028 0.3109 0.1500 0.0329 0.0425 0.0021 0.1104 
   NS_SS0892  3 0.0730 0.1027 0.0443 0.0296 0.0393 0.5105 0.0639 0.0696 0.0058 0.0611 
   NS_SS0898  3 0.0109 0.0534 0.0149 0.0049 0.0207 0.0442 0.7883 0.0492 0.0065 0.0070 
   NS_SS0801  3 0.1109 0.0712 0.0203 0.0409 0.0154 0.0508 0.3010 0.0103 0.0154 0.3637 
   NS_SS0827  3 0.0142 0.0084 0.0135 0.0308 0.1466 0.0159 0.6269 0.0052 0.0981 0.0402 
   NS_SS0853  3 0.0085 0.0135 0.0172 0.7360 0.0412 0.0160 0.0412 0.0083 0.0053 0.1127 
   NS_SS0780  3 0.0079 0.0209 0.0289 0.0132 0.0090 0.8031 0.0118 0.0292 0.0058 0.0703 
   NS_SS0826  3 0.0399 0.0457 0.0271 0.0130 0.0337 0.6465 0.0229 0.0064 0.0057 0.1590 
   NS_SS0818  3 0.0414 0.0179 0.0199 0.0095 0.0153 0.2652 0.3812 0.2150 0.0031 0.0316 
   NS_SS0745  3 0.0072 0.0109 0.9285 0.0064 0.0049 0.0092 0.0209 0.0058 0.0020 0.0042 
   NS_SS0849  3 0.9358 0.0064 0.0131 0.0061 0.0074 0.0113 0.0061 0.0039 0.0019 0.0078 
   NS_SS0739  3 0.7871 0.0116 0.0219 0.0226 0.0095 0.0284 0.0093 0.0816 0.0209 0.0073 
   NS_SS0799  3 0.0116 0.0723 0.0121 0.0899 0.0413 0.0182 0.7129 0.0233 0.0024 0.0160 
   NS_SS0756  3 0.0312 0.0152 0.0068 0.0723 0.0131 0.7794 0.0197 0.0151 0.0051 0.0421 
   NS_SS0802  3 0.1377 0.0384 0.0547 0.0114 0.1579 0.3025 0.0467 0.0241 0.1992 0.0272 
   NS_SS0747  3 0.1349 0.0245 0.0126 0.1264 0.0298 0.0460 0.0246 0.1247 0.0102 0.4663 
   NS_SS0835  3 0.0336 0.0090 0.0159 0.0085 0.8756 0.0158 0.0104 0.0089 0.0018 0.0205 
   NS_SS0742  3 0.3670 0.0120 0.0291 0.0489 0.0374 0.1707 0.2631 0.0365 0.0022 0.0332 
   NS_SS0760  3 0.0136 0.1377 0.0062 0.3183 0.2097 0.0129 0.2371 0.0132 0.0383 0.0129 
   NS_SS0803  3 0.0104 0.0041 0.0156 0.0203 0.0063 0.0092 0.0159 0.0467 0.0093 0.8622 
   NS_SS0828  3 0.3698 0.0237 0.0133 0.0289 0.0239 0.0619 0.0488 0.0992 0.0017 0.3287 
   NS_SS0865  3 0.0260 0.0261 0.0126 0.0152 0.0067 0.8603 0.0082 0.0038 0.0244 0.0167 
   NS_SS0759  3 0.0549 0.0191 0.2652 0.0960 0.0112 0.2842 0.1996 0.0409 0.0058 0.0230 
   NS_SS0851  3 0.0437 0.0148 0.8256 0.0258 0.0075 0.0128 0.0133 0.0070 0.0280 0.0215 
   NS_SS0874  3 0.0170 0.0058 0.0184 0.1616 0.0146 0.0077 0.0174 0.0589 0.0030 0.6955 
   NS_SS0761  3 0.0664 0.0579 0.0063 0.0201 0.1954 0.0251 0.5477 0.0426 0.0035 0.0351 
   NS_SS0842  3 0.0116 0.0197 0.0382 0.1106 0.0281 0.0320 0.7265 0.0162 0.0079 0.0093 
   NS_SS0785  3 0.1067 0.1293 0.0155 0.0178 0.0644 0.1370 0.0381 0.0515 0.0100 0.4297 
   NS_SS0860  3 0.0167 0.0172 0.0071 0.0225 0.8531 0.0369 0.0102 0.0204 0.0036 0.0125 
   NS_SS0897  3 0.0534 0.5979 0.0087 0.0104 0.0827 0.0102 0.1792 0.0296 0.0036 0.0243 
   NS_SS0841  3 0.0161 0.0698 0.0114 0.7107 0.0077 0.0269 0.1101 0.0265 0.0048 0.0160 
   NS_SS0797  3 0.0089 0.0936 0.0043 0.0125 0.0284 0.0320 0.7659 0.0061 0.0235 0.0248 
   NS_SS0830  3 0.1371 0.0569 0.0084 0.0277 0.0131 0.4040 0.1395 0.0158 0.0031 0.1945 
   NS_SS1011  3 0.0165 0.0050 0.0307 0.1397 0.0497 0.6026 0.0601 0.0445 0.0084 0.0427 
   NS_SS0883  3 0.0718 0.0244 0.0030 0.7072 0.0899 0.0440 0.0185 0.0118 0.0103 0.0191 
   NS_SS0782  3 0.0187 0.0400 0.0356 0.0146 0.0413 0.0190 0.0209 0.7703 0.0034 0.0363 
   NS_SS0831  3 0.0320 0.0226 0.0148 0.0155 0.7807 0.0119 0.0973 0.0099 0.0047 0.0104 
   NS_SS0749  3 0.2441 0.0612 0.0420 0.0155 0.0111 0.0169 0.0124 0.5595 0.0056 0.0317 
   NS_SS0854  3 0.2790 0.1224 0.0718 0.0556 0.0086 0.0399 0.0251 0.1037 0.0030 0.2908 
   HI_SS0193  4 0.0253 0.8680 0.0339 0.0054 0.0094 0.0064 0.0103 0.0284 0.0018 0.0112 
   HI_SS0194  4 0.0052 0.0315 0.8821 0.0071 0.0140 0.0137 0.0074 0.0253 0.0029 0.0108 
   HI_SS0195  4 0.0898 0.0100 0.4421 0.0532 0.0069 0.1383 0.0511 0.0708 0.1222 0.0155 
   HI_SS0196  4 0.1960 0.3336 0.1907 0.0812 0.0240 0.0090 0.0276 0.1150 0.0045 0.0185 
   HI_SS0197  4 0.0097 0.0029 0.0208 0.0097 0.0149 0.7825 0.0083 0.1320 0.0107 0.0084 
   HI_SS0198  4 0.6661 0.0261 0.0276 0.0181 0.0547 0.0278 0.0173 0.1016 0.0152 0.0457 
   HI_SS0199  4 0.0169 0.0231 0.0235 0.0137 0.2305 0.0122 0.0082 0.6297 0.0054 0.0369 
   HI_SS0201  4 0.0478 0.0634 0.0206 0.0647 0.6796 0.0216 0.0219 0.0075 0.0027 0.0700 
   HI_SS0215  4 0.0134 0.0140 0.0038 0.0195 0.8133 0.0136 0.0490 0.0074 0.0043 0.0616 
   HI_SS0218  4 0.0229 0.7284 0.0065 0.0168 0.0110 0.0098 0.0320 0.1183 0.0105 0.0438 
   HI_SS0222  4 0.0290 0.0169 0.0193 0.0539 0.1283 0.1087 0.0161 0.6035 0.0082 0.0162 
   HI_SS0230  4 0.0213 0.0069 0.0234 0.4183 0.0313 0.4185 0.0469 0.0053 0.0074 0.0208 
   HI_SS0234  4 0.0072 0.0065 0.0125 0.0124 0.0209 0.0122 0.0047 0.7124 0.1614 0.0499 
   HI_SS0240  4 0.1324 0.0293 0.0465 0.0198 0.0138 0.0237 0.0114 0.6575 0.0160 0.0495 
   HI_SS0241  4 0.1524 0.0468 0.1175 0.2110 0.2404 0.0764 0.0584 0.0329 0.0026 0.0617 
   HI_SS0242  4 0.2254 0.0455 0.0157 0.0164 0.0094 0.1866 0.3023 0.1664 0.0027 0.0296 
   HI_SS0247  4 0.0223 0.0355 0.0840 0.0644 0.0098 0.0490 0.0801 0.0231 0.0332 0.5987 
   HI_SS0248  4 0.0141 0.3340 0.0080 0.0285 0.1001 0.0079 0.4064 0.0417 0.0010 0.0581 
   HI_SS0252  4 0.0083 0.0109 0.1643 0.0180 0.0296 0.0224 0.6243 0.0751 0.0026 0.0446 
   HI_SS0254  4 0.0180 0.0887 0.0113 0.0039 0.0655 0.0686 0.4410 0.0645 0.1072 0.1313 
   HI_SS0256  4 0.0069 0.0051 0.0665 0.0087 0.0026 0.0558 0.0071 0.0241 0.0018 0.8214 
   HI_SS0257  4 0.0360 0.0355 0.0047 0.0090 0.1585 0.0233 0.0143 0.0279 0.0042 0.6867 
   HI_SS0258  4 0.0128 0.7901 0.0177 0.0104 0.0383 0.0178 0.0296 0.0323 0.0054 0.0455 
   HI_SS0259  4 0.0200 0.0087 0.5687 0.0179 0.0417 0.0933 0.0256 0.1377 0.0038 0.0825 
   HI_SS0260  4 0.0196 0.0701 0.0270 0.5270 0.2218 0.0110 0.0170 0.0055 0.0020 0.0990 
   HI_SS0261  4 0.0864 0.1245 0.0412 0.0246 0.1684 0.3789 0.0121 0.0560 0.0050 0.1030 
   HI_SS0262  4 0.0810 0.0070 0.0226 0.0529 0.0253 0.4770 0.0153 0.0680 0.0116 0.2392 
   HI_SS0264  4 0.0178 0.0149 0.1078 0.3945 0.0089 0.3947 0.0299 0.0097 0.0047 0.0170 
   HI_SS0265  4 0.1863 0.0081 0.0183 0.0167 0.0898 0.4146 0.1105 0.0257 0.0963 0.0336 
   HI_SS0268  4 0.0136 0.0245 0.0554 0.6743 0.0292 0.0290 0.1548 0.0083 0.0043 0.0067 
   HI_SS0269  4 0.0324 0.1644 0.0441 0.0114 0.5217 0.0859 0.0097 0.0876 0.0029 0.0398 
   HI_SS0273  4 0.0585 0.6139 0.0091 0.0143 0.0262 0.1107 0.0963 0.0096 0.0032 0.0582 
   HI_SS0277  4 0.0765 0.0077 0.0074 0.0167 0.0476 0.7325 0.0278 0.0579 0.0043 0.0216 
   HI_SS0280  4 0.0271 0.0638 0.0498 0.0636 0.0150 0.1304 0.5638 0.0557 0.0122 0.0187 
   HI_SS0282  4 0.3979 0.4735 0.0112 0.0058 0.0182 0.0164 0.0326 0.0120 0.0020 0.0304 
   HI_SS0286  4 0.2197 0.0151 0.0285 0.0105 0.0610 0.0307 0.5568 0.0347 0.0108 0.0322 
   NS_SS1252  5 0.0895 0.0307 0.0066 0.0113 0.7030 0.0078 0.1020 0.0349 0.0037 0.0107 
   NS_SS1261  5 0.1260 0.0223 0.0082 0.0545 0.1901 0.0481 0.4147 0.0895 0.0258 0.0206 
   NS_SS1225  5 0.0157 0.0134 0.0405 0.1175 0.0683 0.0121 0.0079 0.0077 0.0921 0.6247 
   NS_SS1266  5 0.0177 0.0047 0.7467 0.0189 0.0077 0.0546 0.0127 0.0268 0.0165 0.0937 
   NS_SS1228  5 0.0746 0.0588 0.0169 0.0179 0.0193 0.1193 0.1190 0.5070 0.0170 0.0502 
   NS_SS1255  5 0.0092 0.2659 0.6017 0.0138 0.0115 0.0116 0.0052 0.0544 0.0032 0.0237 
   NS_SS1267  5 0.0973 0.0145 0.0033 0.0653 0.7523 0.0065 0.0189 0.0173 0.0148 0.0096 
   NS_SS1238  5 0.0492 0.2620 0.0554 0.0135 0.0221 0.0256 0.5324 0.0257 0.0036 0.0105 
   NS_SS1233  5 0.0104 0.0224 0.0632 0.0657 0.0117 0.0499 0.7435 0.0032 0.0026 0.0274 
   NS_SS1277  5 0.0183 0.3953 0.1485 0.0067 0.1618 0.0139 0.0360 0.1205 0.0016 0.0973 
   NS_SS1245  5 0.0105 0.0158 0.0139 0.0127 0.0917 0.0116 0.7693 0.0469 0.0024 0.0252 
   NS_SS1240  5 0.0130 0.1097 0.0068 0.0049 0.8320 0.0072 0.0033 0.0111 0.0030 0.0091 
   NS_SS1275  5 0.0125 0.0049 0.0649 0.0070 0.0048 0.8432 0.0056 0.0260 0.0030 0.0280 
   NS_SS1235  5 0.0071 0.0355 0.1462 0.0355 0.0352 0.0314 0.0098 0.1580 0.0094 0.5320 
   NS_SS1263  5 0.0207 0.0184 0.6458 0.0264 0.0306 0.0091 0.0112 0.0080 0.0015 0.2282 
   NS_SS1251  5 0.0126 0.0104 0.0221 0.0175 0.0537 0.2597 0.0491 0.0200 0.0018 0.5530 
   NS_SS1248  5 0.0209 0.0353 0.0191 0.0116 0.0092 0.0165 0.7885 0.0042 0.0894 0.0053 
   NS_SS1244  5 0.0156 0.0738 0.0117 0.0219 0.0268 0.1368 0.0104 0.6660 0.0107 0.0263 
   NS_SS1257  5 0.2834 0.1794 0.0112 0.3102 0.0717 0.0252 0.0091 0.0387 0.0345 0.0365 
   NS_SS1242  5 0.0109 0.0049 0.0997 0.0270 0.0078 0.0153 0.8111 0.0051 0.0044 0.0140 
   NS_SS1271  5 0.0216 0.2145 0.0134 0.0076 0.3102 0.0267 0.0343 0.3237 0.0402 0.0078 
   NS_SS1265  5 0.1770 0.3056 0.0217 0.0635 0.3430 0.0153 0.0194 0.0106 0.0367 0.0072 
   NS_SS1243  5 0.1049 0.0139 0.0563 0.0584 0.0099 0.0609 0.5458 0.0448 0.0963 0.0087 
   NS_SS1273  5 0.1599 0.0308 0.0831 0.3185 0.0063 0.3027 0.0477 0.0273 0.0152 0.0085 
   NS_SS1254  5 0.0104 0.0108 0.0187 0.7728 0.0274 0.0779 0.0346 0.0143 0.0074 0.0256 
   NS_SS1224  5 0.0410 0.0067 0.1109 0.0119 0.0280 0.1006 0.0264 0.0176 0.0139 0.6429 
   NS_SS1227  5 0.1933 0.0430 0.0191 0.1054 0.4156 0.0566 0.0639 0.0705 0.0032 0.0293 
   NS_SS1274  5 0.0520 0.0583 0.0549 0.4400 0.0707 0.0081 0.0124 0.0243 0.0224 0.2568 
   NS_SS1241  5 0.0972 0.3692 0.0321 0.2045 0.0195 0.0241 0.1538 0.0140 0.0016 0.0841 
   NS_SS1256  5 0.0143 0.0230 0.0607 0.0347 0.2583 0.1312 0.1897 0.0119 0.0469 0.2293 
   NS_SS1260  5 0.1073 0.0149 0.0045 0.1950 0.4608 0.0424 0.0133 0.0550 0.0758 0.0311 
   NS_SS1262  5 0.0202 0.0453 0.0124 0.0503 0.0337 0.3265 0.0905 0.0161 0.1740 0.2311 
   NS_SS1230  5 0.0320 0.6774 0.0788 0.0961 0.0178 0.0292 0.0235 0.0114 0.0110 0.0228 
   NS_SS1270  5 0.3535 0.0142 0.0347 0.0060 0.0169 0.0590 0.0337 0.0136 0.0035 0.4649 
   NS_SS1229  5 0.0119 0.0087 0.0787 0.0079 0.0313 0.0204 0.0096 0.7928 0.0078 0.0310 
   NS_SS1246  5 0.0085 0.0089 0.0711 0.0052 0.7083 0.0106 0.0044 0.1598 0.0027 0.0205 
   NS_SS1269  5 0.1254 0.0560 0.0320 0.4498 0.1255 0.0357 0.0267 0.1335 0.0032 0.0121 
   NS_SS1239  5 0.3727 0.0277 0.0552 0.0084 0.0226 0.0201 0.0133 0.4189 0.0076 0.0536 
   NS_SS1272  5 0.0096 0.0062 0.0762 0.0253 0.3186 0.4866 0.0165 0.0388 0.0065 0.0156 
   NS_SS1268  5 0.5917 0.0661 0.0125 0.0388 0.0074 0.0204 0.0895 0.0074 0.0034 0.1626 
   NS_SS1249  5 0.0224 0.6147 0.0187 0.0264 0.1499 0.0117 0.0195 0.0731 0.0156 0.0480 
   HI_SS0559  6 0.5407 0.1342 0.0087 0.0280 0.0168 0.0213 0.0400 0.0097 0.0024 0.1982 
   HI_SS0563  6 0.0170 0.0229 0.0270 0.0167 0.3940 0.1865 0.0728 0.1900 0.0048 0.0684 
   HI_SS0564  6 0.0656 0.0158 0.0379 0.0281 0.0226 0.1983 0.0329 0.4767 0.0910 0.0312 
   HI_SS0565  6 0.0078 0.0285 0.0418 0.0180 0.7800 0.0521 0.0183 0.0162 0.0077 0.0296 
   HI_SS0569  6 0.0190 0.0208 0.0176 0.0852 0.6524 0.1208 0.0341 0.0079 0.0033 0.0390 
   HI_SS0570  6 0.0622 0.5248 0.1025 0.0075 0.0723 0.0059 0.1578 0.0247 0.0363 0.0060 
   HI_SS0572  6 0.0165 0.0120 0.1821 0.0151 0.0425 0.0097 0.0610 0.0738 0.0041 0.5833 
   HI_SS0576  6 0.7394 0.0321 0.0160 0.0074 0.0173 0.0110 0.1165 0.0403 0.0076 0.0124 
   HI_SS0579  6 0.0229 0.0131 0.0096 0.0085 0.0122 0.0136 0.0274 0.0202 0.0177 0.8547 
   HI_SS0580  6 0.6102 0.0218 0.0227 0.0530 0.0738 0.0330 0.0700 0.0339 0.0092 0.0725 
   HI_SS0581  6 0.1904 0.0111 0.0258 0.0164 0.0136 0.4677 0.0560 0.1366 0.0717 0.0106 
   HI_SS0583  6 0.0036 0.0062 0.0162 0.0190 0.9256 0.0058 0.0059 0.0105 0.0029 0.0043 
   HI_SS0586  6 0.0432 0.0599 0.0053 0.2387 0.5768 0.0130 0.0403 0.0047 0.0017 0.0164 
   HI_SS0588  6 0.0841 0.1659 0.0139 0.0338 0.1375 0.0162 0.2503 0.0469 0.0269 0.2246 
   HI_SS0595  6 0.3298 0.0424 0.0172 0.0189 0.1192 0.2441 0.0241 0.1119 0.0431 0.0493 
   HI_SS0596  6 0.0429 0.0219 0.7392 0.0183 0.0077 0.0165 0.0128 0.0592 0.0051 0.0763 
   HI_SS0597  6 0.0111 0.0416 0.1155 0.0270 0.0563 0.1896 0.0592 0.4310 0.0070 0.0617 
   HI_SS0600  6 0.0418 0.0209 0.0431 0.0177 0.1276 0.5715 0.0065 0.1390 0.0053 0.0266 
   HI_SS0601  6 0.0455 0.0098 0.0058 0.0132 0.0159 0.0147 0.0084 0.0078 0.0106 0.8683 
   HI_SS0602  6 0.0963 0.0433 0.0085 0.0366 0.0392 0.0195 0.6653 0.0100 0.0029 0.0783 
   HI_SS0604  6 0.0621 0.0239 0.1710 0.0403 0.4873 0.0200 0.1412 0.0236 0.0026 0.0279 
   HI_SS0605  6 0.8153 0.0622 0.0074 0.0130 0.0088 0.0154 0.0323 0.0259 0.0103 0.0096 
   HI_SS0608  6 0.1120 0.0317 0.4759 0.0856 0.0655 0.0135 0.1049 0.0771 0.0020 0.0319 
   HI_SS0609  6 0.0370 0.0191 0.0099 0.0407 0.1502 0.1299 0.0842 0.1063 0.0013 0.4214 
   HI_SS0611  6 0.6761 0.0507 0.0086 0.0197 0.1651 0.0052 0.0460 0.0109 0.0022 0.0155 
   HI_SS0612  6 0.0094 0.0151 0.0052 0.0870 0.0129 0.0265 0.0065 0.0114 0.0078 0.8182 
   HI_SS0613  6 0.5272 0.0083 0.0382 0.2780 0.0325 0.0570 0.0126 0.0071 0.0020 0.0370 
   HI_SS0615  6 0.0940 0.0067 0.0234 0.0090 0.0061 0.0319 0.0208 0.7698 0.0160 0.0223 
   HI_SS0001  6 0.0575 0.0829 0.0411 0.0324 0.0392 0.1197 0.0135 0.5524 0.0067 0.0548 
   HI_SS0002  6 0.0132 0.0069 0.0605 0.1990 0.0428 0.3078 0.0531 0.0036 0.0356 0.2775 
   HI_SS0004  6 0.0792 0.1940 0.4348 0.0741 0.0386 0.0060 0.0391 0.1061 0.0084 0.0197 
   HI_SS0005  6 0.0814 0.0844 0.0078 0.0484 0.0067 0.6477 0.0947 0.0098 0.0079 0.0112 
   HI_SS0006  6 0.0160 0.0201 0.0110 0.0108 0.7713 0.1025 0.0139 0.0137 0.0021 0.0387 
   HI_SS0007  6 0.0492 0.3505 0.5503 0.0055 0.0131 0.0056 0.0135 0.0040 0.0029 0.0055 
   HI_SS0008  6 0.5091 0.0319 0.0056 0.0386 0.0265 0.1808 0.0186 0.0462 0.0639 0.0789 
   HI_SS0009  6 0.0565 0.0248 0.1403 0.0811 0.0131 0.0176 0.2986 0.0841 0.0087 0.2752 
   HI_SS0010  6 0.0176 0.2076 0.0323 0.3581 0.0252 0.1567 0.0943 0.0063 0.0050 0.0970 
   HI_SS0011  6 0.0414 0.0579 0.0122 0.0461 0.0063 0.6267 0.0710 0.0094 0.0844 0.0446 
   HI_SS0012  6 0.0366 0.0079 0.0046 0.1278 0.0630 0.0913 0.3196 0.1948 0.0086 0.1457 
   HI_SS0017  6 0.0066 0.0222 0.8613 0.0129 0.0067 0.0163 0.0056 0.0575 0.0035 0.0075 
   HI_SS0021  6 0.1141 0.0277 0.0422 0.0582 0.1445 0.1201 0.1971 0.0110 0.2339 0.0512 
   HI_SS0024  6 0.0278 0.0455 0.1812 0.0821 0.1434 0.2930 0.0294 0.1787 0.0038 0.0151 
   HI_SS0025  6 0.0574 0.0086 0.3014 0.3299 0.0286 0.0151 0.1329 0.0780 0.0070 0.0411 
   HI_SS0027  6 0.0151 0.7529 0.0052 0.0142 0.0696 0.0089 0.0162 0.0217 0.0291 0.0671 
   HI_SS0028  6 0.0290 0.0056 0.0187 0.7703 0.0085 0.1034 0.0109 0.0103 0.0027 0.0405 
   HI_SS0029  6 0.0363 0.0462 0.0239 0.1129 0.0723 0.0240 0.1936 0.4394 0.0155 0.0358 
   HI_SS0030  6 0.0354 0.0371 0.2127 0.0148 0.0918 0.0729 0.2817 0.1450 0.0073 0.1013 
   HI_SS0031  6 0.0135 0.0122 0.0076 0.0509 0.0246 0.7296 0.0292 0.0863 0.0049 0.0413 
   HI_SS0034  6 0.0516 0.3351 0.0237 0.0158 0.3932 0.0499 0.0672 0.0302 0.0065 0.0269 
   HI_SS0036  6 0.3337 0.2725 0.0044 0.0123 0.0939 0.1910 0.0347 0.0331 0.0142 0.0101 
   HI_SS0037  6 0.0364 0.0677 0.0393 0.6702 0.1006 0.0127 0.0364 0.0069 0.0088 0.0210 
   HI_SS0039  6 0.0248 0.3087 0.0381 0.0326 0.0553 0.2356 0.2272 0.0248 0.0042 0.0488 
   HI_SS0041  6 0.2049 0.0051 0.0336 0.0244 0.0092 0.0068 0.0124 0.6910 0.0021 0.0105 
   HI_SS0042  6 0.2636 0.0124 0.0308 0.1375 0.0198 0.0378 0.0751 0.2044 0.1416 0.0771 
   HI_SS0043  6 0.4899 0.1367 0.0121 0.0097 0.2672 0.0375 0.0139 0.0227 0.0035 0.0069 
   HI_SS0044  6 0.0080 0.1117 0.7852 0.0244 0.0096 0.0063 0.0308 0.0127 0.0042 0.0072 
   HI_SS0047  6 0.0580 0.0149 0.3613 0.0199 0.0462 0.3353 0.0842 0.0548 0.0032 0.0224 
   HI_SS0049  6 0.1444 0.0394 0.2538 0.0601 0.0384 0.0405 0.2196 0.0865 0.0076 0.1097 
   HI_SS0051  6 0.6640 0.0092 0.0111 0.1752 0.0529 0.0098 0.0384 0.0076 0.0040 0.0277 
   HI_SS0053  6 0.0109 0.3273 0.0204 0.0179 0.5029 0.0287 0.0089 0.0473 0.0061 0.0295 
   HI_SS0054  6 0.0095 0.3741 0.0127 0.0082 0.1729 0.0211 0.1230 0.0060 0.0047 0.2678 
   HI_SS0057  6 0.0748 0.0382 0.6434 0.0121 0.0136 0.1675 0.0085 0.0114 0.0052 0.0254 
   HI_SS0058  6 0.0370 0.0163 0.0243 0.6063 0.0285 0.0085 0.0237 0.0057 0.0073 0.2425 
   HI_SS0060  6 0.0333 0.0544 0.0134 0.0097 0.0103 0.5522 0.1095 0.0267 0.1225 0.0680 
   HI_SS0087  6 0.0254 0.0126 0.0138 0.0202 0.8070 0.0243 0.0284 0.0208 0.0050 0.0424 
   HI_SS0091  6 0.0082 0.0193 0.0105 0.0310 0.8341 0.0570 0.0070 0.0223 0.0021 0.0086 
   HI_SS0095  6 0.1004 0.0223 0.0091 0.0712 0.1390 0.0869 0.0240 0.2809 0.0673 0.1989 
   HI_SS0097  6 0.0469 0.0093 0.0071 0.4388 0.0123 0.1076 0.0118 0.0360 0.0069 0.3233 
   HI_SS0099  6 0.0506 0.0088 0.1504 0.0673 0.1551 0.2386 0.2230 0.0672 0.0051 0.0339 
   HI_SS0103  6 0.0164 0.0246 0.7706 0.0185 0.0225 0.0695 0.0071 0.0559 0.0053 0.0096 
   HI_SS0105  6 0.0107 0.0218 0.0555 0.0709 0.0723 0.6279 0.0180 0.0286 0.0458 0.0485 
   HI_SS0107  6 0.0116 0.0109 0.5361 0.0140 0.0206 0.0322 0.0299 0.1005 0.0011 0.2431 
   HI_SS0108  6 0.0114 0.8282 0.0184 0.0064 0.0471 0.0091 0.0179 0.0173 0.0364 0.0079 
   HI_SS0110  6 0.0252 0.0144 0.0111 0.0110 0.0662 0.4692 0.0053 0.3764 0.0016 0.0196 
   HI_SS0111  6 0.1565 0.0180 0.0418 0.0318 0.0324 0.4733 0.0469 0.0985 0.0415 0.0592 
   HI_SS0112  6 0.0081 0.9333 0.0042 0.0077 0.0095 0.0081 0.0076 0.0070 0.0021 0.0124 
   HI_SS0113  6 0.0697 0.0060 0.0798 0.1092 0.0547 0.3350 0.0334 0.2892 0.0059 0.0171 
   HI_SS0114  6 0.0184 0.0145 0.0045 0.0062 0.0592 0.0089 0.8634 0.0087 0.0060 0.0103 
   HI_SS0115  6 0.0299 0.0241 0.0210 0.2730 0.0080 0.0071 0.0599 0.0359 0.0150 0.5262 
   HI_SS0116  6 0.0056 0.0139 0.0289 0.0165 0.8415 0.0089 0.0354 0.0303 0.0043 0.0146 
   HI_SS0117  6 0.0116 0.0575 0.0105 0.0460 0.2541 0.2227 0.0059 0.0233 0.0026 0.3657 
   HI_SS0118  6 0.0108 0.0060 0.0142 0.0838 0.5532 0.0269 0.2732 0.0052 0.0128 0.0139 
   HI_SS0119  6 0.0132 0.2224 0.0085 0.0079 0.0288 0.6683 0.0089 0.0252 0.0039 0.0129 
   HI_SS0120  6 0.0053 0.0044 0.9359 0.0058 0.0094 0.0087 0.0040 0.0111 0.0046 0.0109 
   HI_SS0121  6 0.0361 0.0044 0.0113 0.0443 0.0285 0.7393 0.0204 0.0130 0.0021 0.1007 
   HI_SS0122  6 0.1583 0.0960 0.0383 0.1190 0.0372 0.3593 0.0150 0.1126 0.0284 0.0358 
   HI_SS0123  6 0.0688 0.0066 0.0302 0.0358 0.4913 0.2640 0.0197 0.0163 0.0067 0.0606 
   HI_SS0124  6 0.0629 0.0370 0.7166 0.0366 0.0076 0.0159 0.0243 0.0563 0.0049 0.0379 
   HI_SS0125  6 0.0252 0.0033 0.0088 0.0103 0.0099 0.3688 0.0708 0.4378 0.0434 0.0218 
   HI_SS0126  6 0.0137 0.8250 0.0577 0.0199 0.0203 0.0180 0.0173 0.0167 0.0015 0.0098 
   HI_SS0127  6 0.6208 0.0457 0.0167 0.1983 0.0146 0.0160 0.0137 0.0143 0.0141 0.0458 
   HI_SS0128  6 0.0251 0.0138 0.0301 0.0266 0.1953 0.0233 0.0438 0.6032 0.0046 0.0342 
   HI_SS0129  6 0.2941 0.1050 0.0851 0.0677 0.0398 0.0279 0.1757 0.1619 0.0152 0.0277 
   HI_SS0131  6 0.0041 0.0187 0.0033 0.0140 0.0047 0.0092 0.9113 0.0048 0.0250 0.0050 
   HI_SS0132  6 0.0064 0.0416 0.0055 0.0116 0.0068 0.8558 0.0102 0.0060 0.0009 0.0553 
   HI_SS0133  6 0.0073 0.9270 0.0057 0.0033 0.0222 0.0094 0.0089 0.0113 0.0021 0.0029 
   HI_SS0134  6 0.0147 0.1399 0.0428 0.1667 0.0488 0.4404 0.0418 0.0160 0.0036 0.0853 
   HI_SS0142  6 0.0054 0.0076 0.0046 0.0578 0.0288 0.8398 0.0069 0.0082 0.0201 0.0207 
   HI_SS0145  6 0.0548 0.2016 0.0151 0.0242 0.0236 0.0489 0.0115 0.0424 0.0022 0.5758 
   HI_SS0146  6 0.0292 0.4551 0.0243 0.0315 0.1986 0.0274 0.1775 0.0097 0.0019 0.0448 
   HI_SS0147  6 0.2541 0.0148 0.0868 0.0379 0.0099 0.0194 0.0145 0.0509 0.0395 0.4722 
   HI_SS0149  6 0.0116 0.0330 0.0093 0.0464 0.0077 0.8561 0.0062 0.0113 0.0063 0.0122 
   HI_SS0150  6 0.0591 0.0171 0.0372 0.0398 0.0242 0.0848 0.5584 0.1220 0.0068 0.0505 
   HI_SS0151  6 0.2902 0.0227 0.0142 0.0057 0.0425 0.0106 0.0307 0.4043 0.0175 0.1617 
   NS_SS1451  6 0.1847 0.0458 0.3694 0.0264 0.0047 0.0766 0.1335 0.1134 0.0049 0.0406 
   NS_SS1404  6 0.2083 0.0275 0.5134 0.0304 0.0117 0.0351 0.0641 0.0113 0.0314 0.0668 
   NS_SS1432  6 0.0724 0.0122 0.1238 0.0200 0.0261 0.4474 0.0260 0.2078 0.0553 0.0091 
   NS_SS1405  6 0.0176 0.1070 0.0075 0.6780 0.0192 0.0226 0.0677 0.0495 0.0055 0.0256 
   NS_SS1431  6 0.0097 0.0186 0.4758 0.0115 0.0181 0.2314 0.1104 0.0987 0.0014 0.0244 
   NS_SS1402  6 0.0347 0.0134 0.0321 0.1816 0.0345 0.0303 0.0358 0.1210 0.0050 0.5116 
   NS_SS1450  6 0.0173 0.5570 0.0955 0.0419 0.0128 0.0625 0.0282 0.1365 0.0057 0.0426 
   NS_SS1396  6 0.0758 0.0089 0.0137 0.7245 0.0386 0.0378 0.0346 0.0344 0.0111 0.0206 
   NS_SS1393  6 0.0549 0.0073 0.0045 0.2489 0.6221 0.0147 0.0148 0.0136 0.0068 0.0124 
   NS_SS1392  6 0.0312 0.0205 0.2440 0.0054 0.0132 0.0201 0.0335 0.5957 0.0300 0.0064 
   NS_SS1445  6 0.3466 0.0353 0.0059 0.0431 0.4895 0.0188 0.0136 0.0220 0.0128 0.0125 
   NS_SS1423  6 0.0421 0.2948 0.0144 0.0498 0.2151 0.1023 0.0176 0.0604 0.0020 0.2014 
   NS_SS1421  6 0.0453 0.6673 0.0072 0.0380 0.0317 0.0152 0.0640 0.0263 0.0969 0.0081 
   NS_SS1411  6 0.0138 0.3679 0.0100 0.0243 0.0469 0.0050 0.5074 0.0144 0.0033 0.0070 
   NS_SS1453  6 0.1442 0.0304 0.1258 0.0882 0.3658 0.1178 0.0140 0.0316 0.0127 0.0695 
   NS_SS1442  6 0.2145 0.1465 0.0095 0.0118 0.0492 0.0683 0.4246 0.0323 0.0045 0.0389 
   NS_SS1422  6 0.0126 0.0269 0.0104 0.0223 0.0306 0.0109 0.0105 0.0351 0.0124 0.8284 
   NS_SS1419  6 0.0118 0.0071 0.0649 0.2601 0.0110 0.0197 0.4362 0.0068 0.1768 0.0056 
   NS_SS1427  6 0.0121 0.2490 0.0051 0.0103 0.0154 0.0125 0.0070 0.6744 0.0023 0.0120 
   NS_SS1444  6 0.4766 0.0079 0.2330 0.0598 0.0430 0.0299 0.0680 0.0103 0.0091 0.0623 
   NS_SS1455  6 0.0271 0.0398 0.0903 0.0285 0.0382 0.0170 0.5168 0.0102 0.0017 0.2304 
   NS_SS1425  6 0.0648 0.6661 0.0081 0.0201 0.1142 0.0099 0.0955 0.0141 0.0023 0.0049 
   NS_SS1400  6 0.0058 0.7826 0.0113 0.0362 0.0875 0.0045 0.0388 0.0181 0.0023 0.0129 
   NS_SS1406  6 0.0177 0.0046 0.0098 0.1858 0.0179 0.0836 0.0434 0.0465 0.0127 0.5780 
   NS_SS1417  6 0.0199 0.0288 0.4274 0.0674 0.0961 0.0708 0.1416 0.0618 0.0121 0.0743 
   NS_SS1454  6 0.0363 0.2550 0.0309 0.0631 0.0811 0.0919 0.3805 0.0267 0.0014 0.0331 
   NS_SS1412  6 0.0929 0.2977 0.3336 0.0897 0.0494 0.0550 0.0245 0.0077 0.0423 0.0072 
   NS_SS1438  6 0.0461 0.0364 0.0238 0.0545 0.7574 0.0095 0.0273 0.0173 0.0030 0.0246 
   NS_SS1416  6 0.0405 0.0077 0.0293 0.6182 0.2110 0.0290 0.0151 0.0256 0.0071 0.0165 
   NS_SS1401  6 0.0786 0.0477 0.0488 0.0827 0.0332 0.6401 0.0316 0.0110 0.0150 0.0114 
   NS_SS1424  6 0.1918 0.3065 0.0308 0.0064 0.0463 0.0331 0.2494 0.0876 0.0194 0.0286 
   NS_SS1435  6 0.0239 0.1717 0.0546 0.0376 0.0239 0.3254 0.2407 0.0776 0.0061 0.0383 
   NS_SS1447  6 0.0245 0.0196 0.1062 0.0184 0.0264 0.0458 0.7139 0.0151 0.0097 0.0204 
   NS_SS1414  6 0.0500 0.0032 0.1115 0.4963 0.0132 0.0162 0.2568 0.0067 0.0083 0.0378 
   NS_SS1449  6 0.0076 0.0129 0.0219 0.0314 0.0047 0.0092 0.0068 0.8402 0.0058 0.0595 
   NS_SS1443  6 0.0173 0.2941 0.0127 0.0116 0.0613 0.0444 0.0337 0.1303 0.0032 0.3914 
   NS_SS1434  6 0.0079 0.0509 0.0524 0.0162 0.0213 0.0086 0.0222 0.7879 0.0009 0.0318 
   NS_SS1398  6 0.0749 0.0348 0.1467 0.1686 0.0143 0.0052 0.4508 0.0539 0.0305 0.0203 
   NS_SS1426  6 0.1139 0.0490 0.0105 0.0091 0.6940 0.0306 0.0263 0.0323 0.0027 0.0315 
   NS_SS1413  6 0.0093 0.8808 0.0262 0.0099 0.0145 0.0059 0.0101 0.0185 0.0197 0.0051 
   NS_SS1395  6 0.0168 0.0330 0.0106 0.3845 0.1002 0.1054 0.2813 0.0263 0.0108 0.0310 
   NS_SS1448  6 0.0672 0.3727 0.3839 0.0193 0.0081 0.0133 0.0337 0.0940 0.0031 0.0048 
   NS_SS1446  6 0.0427 0.0107 0.2589 0.0252 0.2947 0.2071 0.0137 0.1143 0.0052 0.0274 
   NS_SS1403  6 0.0110 0.0062 0.0080 0.0213 0.7364 0.0290 0.0205 0.1516 0.0067 0.0093 
   NS_SS1415  6 0.0249 0.5966 0.0151 0.0300 0.0106 0.0190 0.2567 0.0159 0.0231 0.0082 
   NS_SS1437  6 0.1158 0.0427 0.0276 0.0995 0.1761 0.2454 0.0847 0.1113 0.0179 0.0791 
   NS_SS1439  6 0.0251 0.0114 0.0136 0.0264 0.0714 0.1007 0.0202 0.0123 0.0035 0.7154 
   NS_SS1441  6 0.0924 0.1166 0.0882 0.3390 0.1381 0.0247 0.0336 0.0692 0.0031 0.0952 
   NS_SS1420  6 0.7624 0.0080 0.1109 0.0103 0.0064 0.0443 0.0312 0.0130 0.0032 0.0103 
   NS_SS1394  6 0.0389 0.0078 0.0662 0.5233 0.0225 0.2074 0.0091 0.0195 0.0486 0.0567 
   NS_SS1391  6 0.0482 0.0797 0.0856 0.3129 0.0819 0.0166 0.1949 0.0505 0.0192 0.1106 
   NS_SS1410  6 0.0123 0.0282 0.0458 0.0329 0.1963 0.0835 0.0866 0.4848 0.0180 0.0116 
   NS_SS1408  6 0.1824 0.0166 0.0185 0.0617 0.0114 0.5930 0.0278 0.0210 0.0546 0.0131 
   NS_SS1409  6 0.0130 0.0147 0.0649 0.0103 0.1367 0.0142 0.0294 0.6965 0.0034 0.0169 
   HI_SS0617  7 0.1524 0.0172 0.1961 0.0102 0.0708 0.0228 0.0145 0.4851 0.0024 0.0284 
   HI_SS0618  7 0.1236 0.0069 0.0146 0.0804 0.0142 0.0240 0.0162 0.6961 0.0056 0.0184 
   HI_SS0619  7 0.1880 0.0272 0.1401 0.1404 0.0145 0.0123 0.3068 0.1207 0.0071 0.0428 
   HI_SS0620  7 0.5806 0.3259 0.0046 0.0098 0.0245 0.0058 0.0055 0.0100 0.0040 0.0293 
   HI_SS0621  7 0.6531 0.0352 0.0298 0.0416 0.0158 0.0177 0.0219 0.0401 0.0262 0.1187 
   HI_SS0622  7 0.4063 0.3451 0.0340 0.0822 0.0168 0.0211 0.0156 0.0318 0.0178 0.0293 
   HI_SS0626  7 0.6308 0.0462 0.0200 0.0356 0.0146 0.1339 0.0824 0.0074 0.0139 0.0151 
   HI_SS0627  7 0.0134 0.0108 0.0179 0.0052 0.0355 0.0986 0.0672 0.7186 0.0123 0.0206 
   HI_SS0628  7 0.0184 0.1068 0.0353 0.0316 0.3095 0.2583 0.0604 0.0925 0.0705 0.0167 
   HI_SS0629  7 0.5542 0.0110 0.0103 0.0472 0.1948 0.0372 0.0228 0.0228 0.0082 0.0915 
   HI_SS0630  7 0.0122 0.0151 0.0101 0.0128 0.0863 0.0050 0.7615 0.0353 0.0495 0.0123 
   HI_SS0631  7 0.0218 0.0721 0.0422 0.0203 0.0550 0.0148 0.7112 0.0234 0.0012 0.0379 
   HI_SS0632  7 0.0471 0.1854 0.0412 0.0246 0.0137 0.2672 0.1644 0.1944 0.0041 0.0579 
   HI_SS0633  7 0.0199 0.0142 0.1399 0.2878 0.0342 0.0062 0.0219 0.4229 0.0063 0.0467 
   HI_SS0634  7 0.0373 0.0397 0.0275 0.0101 0.0109 0.7035 0.0619 0.1011 0.0028 0.0052 
   HI_SS0635  7 0.0479 0.0182 0.0077 0.2192 0.0504 0.0793 0.4188 0.0437 0.0128 0.1021 
   HI_SS0637  7 0.8957 0.0068 0.0044 0.0082 0.0171 0.0345 0.0082 0.0083 0.0055 0.0113 
   HI_SS0638  7 0.1732 0.5833 0.0646 0.0221 0.0046 0.0733 0.0284 0.0236 0.0014 0.0255 
   HI_SS0639  7 0.1445 0.0060 0.0565 0.0222 0.0241 0.5097 0.0895 0.0655 0.0469 0.0350 
   HI_SS0640  7 0.0885 0.0420 0.0132 0.0881 0.4867 0.0889 0.0699 0.0193 0.0037 0.0997 
   HI_SS0641  7 0.6478 0.0842 0.0113 0.0665 0.0505 0.0129 0.0725 0.0047 0.0111 0.0384 
   HI_SS0642  7 0.0064 0.0097 0.0344 0.0082 0.0638 0.6195 0.0699 0.1522 0.0036 0.0324 
   HI_SS0645  7 0.2489 0.0120 0.1290 0.0259 0.0166 0.0256 0.5092 0.0086 0.0012 0.0230 
   HI_SS0646  7 0.0100 0.0226 0.0226 0.0190 0.0802 0.0369 0.0053 0.0875 0.0030 0.7130 
   HI_SS0647  7 0.0149 0.2055 0.2527 0.2445 0.0300 0.0094 0.2042 0.0254 0.0029 0.0105 
   HI_SS0648  7 0.0213 0.0522 0.3246 0.0652 0.0216 0.4061 0.0307 0.0103 0.0037 0.0644 
   HI_SS0649  7 0.2954 0.0058 0.0133 0.1961 0.2744 0.0141 0.0425 0.0460 0.0023 0.1103 
   HI_SS0650  7 0.0656 0.0070 0.0793 0.0575 0.0158 0.0557 0.0205 0.6805 0.0067 0.0113 
   HI_SS0651  7 0.1642 0.0083 0.0177 0.0267 0.0470 0.0479 0.0113 0.0145 0.0039 0.6587 
   HI_SS0652  7 0.2176 0.0217 0.3347 0.2321 0.0150 0.0882 0.0585 0.0169 0.0065 0.0089 
   NS_SS1371  7 0.2459 0.0106 0.0080 0.0319 0.3791 0.0310 0.0171 0.0730 0.0099 0.1935 
   NS_SS1374  7 0.2267 0.3961 0.0308 0.0090 0.0328 0.1104 0.0194 0.1567 0.0046 0.0135 
   NS_SS1337  7 0.5230 0.0148 0.0074 0.0500 0.0172 0.0874 0.0082 0.2288 0.0057 0.0573 
