   NS_SS0963  1 0.0074 0.0339 0.0076 0.0890 0.0083 0.5912 0.0098 0.0085 0.2002 0.0441 
   NS_SS0983  1 0.0120 0.0553 0.0349 0.0346 0.0046 0.0188 0.7788 0.0081 0.0039 0.0491 
   NS_SS0719  1 0.0474 0.4579 0.0157 0.0224 0.0054 0.1923 0.0574 0.0130 0.0404 0.1481 
   NS_SS1001  1 0.6852 0.0200 0.0556 0.0507 0.0092 0.0099 0.0206 0.0787 0.0469 0.0232 
   NS_SS0936  1 0.0654 0.2256 0.0142 0.1130 0.0028 0.2841 0.0881 0.1402 0.0307 0.0360 
   NS_SS0955  1 0.0246 0.0215 0.0557 0.0558 0.0073 0.0425 0.0554 0.2096 0.3060 0.2215 
   NS_SS0944  1 0.0341 0.0099 0.2473 0.1161 0.0029 0.0665 0.0529 0.0132 0.3860 0.0712 
   NS_SS0945  1 0.1037 0.0937 0.1230 0.0275 0.0194 0.0282 0.1013 0.4572 0.0224 0.0237 
   NS_SS0922  1 0.0812 0.7066 0.0155 0.0134 0.0368 0.0733 0.0073 0.0115 0.0291 0.0253 
   NS_SS0929  1 0.5859 0.0241 0.0438 0.0332 0.0047 0.1254 0.0516 0.0168 0.0363 0.0782 
   NS_SS0956  1 0.2151 0.1557 0.0177 0.0049 0.0089 0.0198 0.0050 0.0321 0.4640 0.0766 
   NS_SS0906  1 0.0183 0.3115 0.0061 0.0395 0.0049 0.0742 0.2342 0.0301 0.0451 0.2360 
   NS_SS0721  1 0.1369 0.5960 0.0096 0.0096 0.0068 0.0308 0.1330 0.0155 0.0175 0.0444 
   NS_SS0982  1 0.0231 0.0191 0.0084 0.0070 0.0211 0.1335 0.0307 0.0414 0.5602 0.1554 
   NS_SS0923  1 0.0232 0.0129 0.0239 0.0063 0.0098 0.7613 0.0209 0.0991 0.0113 0.0313 
   NS_SS0905  1 0.0325 0.1480 0.0345 0.0115 0.0035 0.0203 0.5168 0.0307 0.0304 0.1718 
   NS_SS0925  1 0.0243 0.0900 0.0105 0.2684 0.0060 0.0112 0.1442 0.1113 0.0133 0.3207 
   NS_SS0947  1 0.1245 0.3749 0.0294 0.0388 0.0068 0.3114 0.0208 0.0379 0.0326 0.0228 
   NS_SS0926  1 0.2788 0.0118 0.3558 0.0174 0.0019 0.1502 0.0077 0.0546 0.0119 0.1100 
   NS_SS0918  1 0.1028 0.0143 0.0170 0.0084 0.0045 0.0417 0.7464 0.0407 0.0110 0.0134 
   NS_SS0966  1 0.0237 0.1334 0.0410 0.0483 0.0581 0.0502 0.0351 0.0166 0.5631 0.0306 
   NS_SS0938  1 0.1383 0.0309 0.0164 0.2685 0.0025 0.2685 0.0046 0.1760 0.0352 0.0590 
   NS_SS0917  1 0.0759 0.0887 0.0135 0.0151 0.0522 0.0376 0.0120 0.0713 0.4754 0.1583 
   NS_SS0957  1 0.0185 0.0087 0.0215 0.0255 0.0117 0.0251 0.0103 0.8215 0.0454 0.0119 
   NS_SS0987  1 0.4452 0.0225 0.0450 0.0062 0.2490 0.0155 0.0411 0.0537 0.0757 0.0461 
   NS_SS0717  1 0.1088 0.0594 0.0125 0.0182 0.0046 0.0325 0.0144 0.5846 0.0526 0.1124 
   NS_SS0986  1 0.4425 0.1915 0.0183 0.0656 0.0058 0.0707 0.0170 0.0554 0.1110 0.0222 
   NS_SS0953  1 0.0269 0.0707 0.0218 0.2689 0.0312 0.0962 0.1026 0.3069 0.0562 0.0187 
   NS_SS0907  1 0.3681 0.0245 0.0139 0.0973 0.0520 0.2567 0.1024 0.0170 0.0306 0.0376 
   NS_SS0974  1 0.2061 0.0266 0.0702 0.1905 0.0057 0.1078 0.1914 0.0375 0.0929 0.0712 
   NS_SS0989  1 0.0343 0.0358 0.3778 0.2347 0.0021 0.0223 0.2520 0.0056 0.0139 0.0216 
   NS_SS0991  1 0.0307 0.0188 0.0289 0.0425 0.0023 0.0144 0.1543 0.0146 0.0304 0.6631 
   NS_SS0994  1 0.0109 0.0279 0.5484 0.0890 0.0060 0.0346 0.0283 0.0239 0.0071 0.2239 
   NS_SS0931  1 0.1610 0.0443 0.5629 0.0963 0.0184 0.0219 0.0132 0.0176 0.0030 0.0615 
   NS_SS1000  1 0.0794 0.0973 0.0108 0.0365 0.0052 0.6953 0.0043 0.0120 0.0175 0.0417 
   NS_SS0919  1 0.0150 0.0549 0.0203 0.0139 0.0035 0.4264 0.0076 0.0175 0.0074 0.4336 
   NS_SS0949  1 0.0197 0.1141 0.2173 0.4729 0.0019 0.0046 0.0387 0.0054 0.0090 0.1162 
   NS_SS0960  1 0.0175 0.2209 0.2704 0.0149 0.0166 0.0745 0.2754 0.0244 0.0403 0.0450 
   NS_SS0716  1 0.0789 0.0099 0.0071 0.0135 0.0108 0.0118 0.0049 0.8203 0.0374 0.0054 
   NS_SS0924  1 0.0112 0.1180 0.3907 0.0198 0.0373 0.0210 0.0729 0.0095 0.0903 0.2293 
   NS_SS0935  1 0.0182 0.0116 0.1110 0.0071 0.0104 0.0121 0.0210 0.0041 0.0181 0.7864 
   NS_SS0952  1 0.0104 0.0388 0.0907 0.0423 0.0500 0.1433 0.1024 0.0622 0.0660 0.3939 
   NS_SS0962  1 0.5608 0.0110 0.0083 0.0143 0.0082 0.1215 0.0161 0.2019 0.0441 0.0137 
   NS_SS0973  1 0.0219 0.4096 0.0135 0.2425 0.0072 0.0061 0.0708 0.0056 0.0150 0.2079 
   NS_SS0722  1 0.0094 0.0370 0.0041 0.0328 0.0038 0.0079 0.0023 0.8679 0.0081 0.0266 
   NS_SS0979  1 0.2147 0.0093 0.0071 0.0493 0.0039 0.0522 0.0975 0.4394 0.0620 0.0647 
   NS_SS0993  1 0.0111 0.0292 0.0131 0.3104 0.0232 0.0195 0.2269 0.0466 0.0338 0.2861 
   NS_SS0958  1 0.0660 0.0630 0.6717 0.0252 0.0058 0.0353 0.0164 0.0542 0.0359 0.0265 
   NS_SS0988  1 0.4028 0.0418 0.0234 0.1235 0.0074 0.0366 0.0571 0.0310 0.1474 0.1290 
   NS_SS1003  1 0.0078 0.1425 0.0095 0.0186 0.0119 0.5099 0.0045 0.0076 0.2650 0.0226 
   NS_SS0976  1 0.0671 0.0149 0.1261 0.0077 0.0024 0.7117 0.0157 0.0146 0.0133 0.0265 
   NS_SS0964  1 0.0267 0.0491 0.0368 0.0384 0.0032 0.0105 0.0131 0.7651 0.0286 0.0285 
   NS_SS0939  1 0.1333 0.0195 0.0071 0.0140 0.0064 0.0104 0.0136 0.7420 0.0440 0.0097 
   NS_SS0990  1 0.2722 0.3818 0.0723 0.1280 0.0062 0.0357 0.0522 0.0197 0.0245 0.0075 
   NS_SS0984  1 0.3443 0.0446 0.0204 0.1165 0.0034 0.0769 0.0069 0.2093 0.0078 0.1699 
   NS_SS0980  1 0.0063 0.5159 0.0178 0.0100 0.0034 0.1619 0.1021 0.0268 0.0116 0.1443 
   NS_SS0978  1 0.0090 0.6684 0.0167 0.0128 0.0036 0.0547 0.0203 0.0387 0.0708 0.1051 
   NS_SS0951  1 0.0119 0.0201 0.0236 0.0120 0.0042 0.0145 0.4455 0.0433 0.2114 0.2135 
   NS_SS0913  1 0.5267 0.0321 0.0143 0.0753 0.0427 0.0170 0.0256 0.0119 0.2414 0.0130 
   NS_SS1002  1 0.0245 0.0336 0.0072 0.0184 0.0657 0.6132 0.0247 0.1494 0.0501 0.0131 
   NS_SS0948  1 0.4743 0.0126 0.0405 0.0524 0.0609 0.0603 0.0524 0.0198 0.1392 0.0876 
   NS_SS0916  1 0.0165 0.7445 0.0669 0.0163 0.0073 0.0480 0.0341 0.0178 0.0195 0.0290 
   NS_SS0995  1 0.0180 0.6555 0.0097 0.0077 0.0041 0.0062 0.2331 0.0170 0.0298 0.0191 
   NS_SS0927  1 0.0216 0.6065 0.0206 0.1036 0.0113 0.0250 0.0564 0.0799 0.0366 0.0385 
   NS_SS0992  1 0.0114 0.5498 0.0574 0.0312 0.0053 0.0342 0.1256 0.0049 0.1681 0.0121 
   NS_SS0912  1 0.5912 0.0328 0.0918 0.0285 0.0054 0.0270 0.0228 0.0161 0.0286 0.1559 
   NS_SS0981  1 0.0294 0.0169 0.0167 0.0090 0.0061 0.8039 0.0103 0.0129 0.0253 0.0693 
   NS_SS0729  2 0.0054 0.0913 0.5974 0.1027 0.0066 0.0259 0.0394 0.0158 0.0100 0.1053 
   NS_SS0967  2 0.3019 0.0975 0.0146 0.2429 0.0154 0.0226 0.0100 0.0124 0.2566 0.0260 
   NS_SS0941  2 0.0931 0.1501 0.0477 0.2023 0.1052 0.0892 0.0227 0.0783 0.0059 0.2056 
   NS_SS0768  2 0.2672 0.0100 0.0069 0.3259 0.0070 0.0176 0.0252 0.0118 0.3190 0.0096 
   NS_SS0726  2 0.0075 0.0629 0.2285 0.1421 0.0141 0.0863 0.0453 0.0174 0.0961 0.2999 
   NS_SS0763  2 0.0204 0.0552 0.1604 0.0241 0.0030 0.0733 0.0163 0.2848 0.0408 0.3218 
   NS_SS0730  2 0.4027 0.1469 0.0546 0.0264 0.0081 0.1491 0.0132 0.0989 0.0701 0.0300 
   NS_SS0774  2 0.0585 0.5218 0.0094 0.0179 0.0015 0.0450 0.0514 0.2526 0.0375 0.0043 
   NS_SS0723  2 0.0652 0.1770 0.0050 0.0433 0.0032 0.2743 0.2957 0.0438 0.0396 0.0529 
   NS_SS0940  2 0.1620 0.0999 0.1830 0.0420 0.0115 0.2211 0.0306 0.0806 0.0124 0.1569 
   NS_SS0762  2 0.0436 0.3144 0.0338 0.0286 0.0055 0.0288 0.0120 0.1584 0.2879 0.0871 
   NS_SS0766  2 0.3722 0.2120 0.1620 0.0272 0.0239 0.0158 0.0141 0.0974 0.0327 0.0429 
   NS_SS0724  2 0.0268 0.0203 0.0331 0.1123 0.0078 0.0576 0.0223 0.2206 0.1919 0.3073 
   NS_SS0769  2 0.0190 0.0567 0.0132 0.0291 0.0033 0.1088 0.0099 0.0165 0.2530 0.4905 
   NS_SS0777  2 0.1298 0.0178 0.0858 0.0148 0.0194 0.0404 0.0168 0.2000 0.0088 0.4663 
   NS_SS0734  2 0.4241 0.1137 0.1812 0.0482 0.0391 0.0083 0.0167 0.0261 0.1090 0.0337 
   NS_SS0737  2 0.0157 0.8125 0.0134 0.0231 0.0075 0.0336 0.0206 0.0480 0.0211 0.0046 
   NS_SS0732  2 0.0143 0.0281 0.0068 0.0101 0.0108 0.0250 0.7220 0.0082 0.1318 0.0427 
   NS_SS0728  2 0.0117 0.3478 0.0491 0.0517 0.0139 0.1692 0.0206 0.0708 0.2261 0.0391 
   NS_SS0735  2 0.0347 0.6764 0.0167 0.0494 0.0128 0.0178 0.0938 0.0243 0.0157 0.0583 
   NS_SS0725  2 0.0257 0.0161 0.0876 0.3728 0.0130 0.0139 0.0101 0.2457 0.2078 0.0073 
   NS_SS0788  2 0.0362 0.2666 0.0111 0.1174 0.0028 0.1934 0.1927 0.0285 0.0936 0.0577 
   NS_SS0778  2 0.0170 0.6752 0.0113 0.0729 0.0030 0.0587 0.0595 0.0209 0.0483 0.0330 
   NS_SS0792  2 0.0102 0.0627 0.0285 0.0182 0.0045 0.0121 0.0209 0.0135 0.8136 0.0157 
   NS_SS0943  2 0.0095 0.0155 0.1629 0.1152 0.0128 0.0132 0.0297 0.0109 0.2553 0.3751 
   NS_SS0791  2 0.0227 0.0360 0.5607 0.0096 0.0217 0.0434 0.0649 0.1716 0.0369 0.0324 
   NS_SS0790  2 0.0113 0.0070 0.0028 0.0123 0.0032 0.0097 0.0089 0.0099 0.9304 0.0046 
   NS_SS0731  2 0.0538 0.0138 0.0047 0.2405 0.0265 0.0079 0.0070 0.5995 0.0215 0.0248 
   NS_SS0727  2 0.0043 0.0439 0.6161 0.0391 0.0028 0.0050 0.0294 0.1632 0.0395 0.0567 
   NS_SS0779  2 0.0638 0.1609 0.0171 0.0447 0.0130 0.0474 0.1652 0.3176 0.0136 0.1566 
   NS_SS0776  2 0.0446 0.0407 0.1033 0.0745 0.0120 0.4538 0.0404 0.1182 0.0706 0.0419 
   NS_SS0775  2 0.0770 0.0525 0.0162 0.0118 0.0095 0.0179 0.0167 0.7413 0.0474 0.0097 
   NS_SS0965  3 0.0456 0.0298 0.0317 0.0410 0.0026 0.1937 0.0077 0.0379 0.0764 0.5336 
   NS_SS0754  3 0.0540 0.0577 0.1429 0.0073 0.0206 0.0219 0.0350 0.0331 0.0455 0.5820 
   NS_SS0838  3 0.0255 0.0323 0.0312 0.0597 0.0576 0.0631 0.4694 0.2245 0.0186 0.0181 
   NS_SS0839  3 0.0120 0.2070 0.0133 0.0215 0.0052 0.6387 0.0313 0.0273 0.0364 0.0072 
   NS_SS0832  3 0.0768 0.5577 0.0044 0.0732 0.0605 0.0205 0.0092 0.0346 0.1272 0.0359 
   NS_SS0820  3 0.0372 0.0155 0.0026 0.0519 0.0085 0.0506 0.0064 0.0150 0.7970 0.0151 
   NS_SS0886  3 0.0433 0.6080 0.1204 0.0286 0.0029 0.0325 0.0896 0.0240 0.0314 0.0192 
   NS_SS0748  3 0.0367 0.0130 0.0920 0.0538 0.0118 0.0271 0.0359 0.6746 0.0196 0.0356 
   NS_SS0884  3 0.0159 0.4302 0.0669 0.0196 0.0340 0.0652 0.0649 0.0252 0.2409 0.0371 
   NS_SS0752  3 0.0425 0.1166 0.0217 0.0500 0.0027 0.0360 0.6727 0.0285 0.0079 0.0215 
   NS_SS0862  3 0.0493 0.6942 0.0040 0.0084 0.0048 0.0473 0.1146 0.0129 0.0395 0.0249 
   NS_SS0787  3 0.0183 0.0223 0.2552 0.1013 0.0119 0.0452 0.0149 0.0137 0.0112 0.5059 
   NS_SS0843  3 0.0314 0.0779 0.0270 0.1452 0.0034 0.0147 0.0185 0.0262 0.0812 0.5747 
   NS_SS0856  3 0.0577 0.0814 0.0144 0.0389 0.0046 0.0110 0.0108 0.0353 0.7362 0.0098 
   NS_SS0846  3 0.0109 0.0293 0.0289 0.0456 0.0052 0.7363 0.0344 0.0251 0.0253 0.0591 
   NS_SS0825  3 0.7115 0.0300 0.0107 0.0594 0.0129 0.0810 0.0354 0.0057 0.0475 0.0058 
   NS_SS0757  3 0.0459 0.3039 0.0156 0.0399 0.0056 0.0084 0.4277 0.0382 0.0128 0.1019 
   NS_SS0876  3 0.0336 0.3652 0.0123 0.0205 0.2120 0.0228 0.0227 0.0394 0.2430 0.0285 
   NS_SS0903  3 0.0132 0.6945 0.0045 0.0252 0.0048 0.0145 0.2174 0.0120 0.0083 0.0056 
   NS_SS0875  3 0.6409 0.0217 0.0193 0.0251 0.0045 0.0435 0.0134 0.1851 0.0321 0.0142 
   NS_SS0740  3 0.0101 0.0155 0.0093 0.0486 0.0030 0.0422 0.0697 0.0322 0.0607 0.7087 
   NS_SS0811  3 0.7035 0.0194 0.0119 0.0095 0.0114 0.0066 0.0317 0.0617 0.1336 0.0108 
   NS_SS0751  3 0.1590 0.0510 0.0141 0.0710 0.0048 0.5557 0.0504 0.0237 0.0158 0.0545 
   NS_SS0891  3 0.0182 0.0623 0.0147 0.4947 0.0101 0.0501 0.0146 0.1653 0.1609 0.0091 
   NS_SS0867  3 0.0206 0.0237 0.0175 0.0259 0.0376 0.0339 0.0198 0.0182 0.0342 0.7687 
   NS_SS0890  3 0.0082 0.5888 0.0065 0.0427 0.0068 0.0165 0.0529 0.0235 0.0290 0.2251 
   NS_SS0866  3 0.0665 0.0180 0.4981 0.0207 0.0080 0.0237 0.1173 0.1651 0.0663 0.0162 
   NS_SS0755  3 0.0141 0.0210 0.0132 0.0172 0.0085 0.0143 0.0101 0.0320 0.8415 0.0281 
   NS_SS0758  3 0.1086 0.6032 0.0266 0.0468 0.0040 0.1154 0.0156 0.0466 0.0134 0.0198 
   NS_SS0840  3 0.0258 0.1877 0.0092 0.0435 0.0047 0.6177 0.0176 0.0336 0.0520 0.0082 
   NS_SS0889  3 0.0778 0.0115 0.4274 0.0249 0.0037 0.0239 0.0907 0.0037 0.2928 0.0436 
   NS_SS1010  3 0.0133 0.0340 0.0133 0.0126 0.0506 0.7386 0.0169 0.0393 0.0589 0.0224 
   NS_SS0888  3 0.0063 0.0450 0.6782 0.0094 0.0023 0.0081 0.0155 0.0233 0.1813 0.0306 
   NS_SS0837  3 0.1079 0.0253 0.0131 0.0813 0.0032 0.0217 0.0176 0.0277 0.2779 0.4243 
   NS_SS0794  3 0.0113 0.0215 0.5088 0.0235 0.0032 0.0074 0.0346 0.3325 0.0353 0.0218 
   NS_SS0823  3 0.0213 0.7631 0.0128 0.0172 0.0052 0.0263 0.0399 0.0576 0.0335 0.0231 
   NS_SS0829  3 0.0122 0.0059 0.0102 0.0196 0.1061 0.0157 0.7922 0.0139 0.0051 0.0191 
   NS_SS0844  3 0.0081 0.0141 0.0040 0.0359 0.0024 0.0480 0.0126 0.0043 0.8367 0.0340 
   NS_SS1008  3 0.0468 0.0313 0.5349 0.0190 0.0242 0.0187 0.0233 0.2364 0.0251 0.0403 
   NS_SS0881  3 0.0393 0.0350 0.1231 0.0116 0.0047 0.6100 0.0221 0.0158 0.0166 0.1218 
   NS_SS0834  3 0.0097 0.0107 0.0109 0.7941 0.0120 0.0198 0.0088 0.0823 0.0458 0.0061 
   NS_SS0744  3 0.0145 0.7338 0.0162 0.0526 0.0100 0.0671 0.0588 0.0062 0.0259 0.0148 
   NS_SS0899  3 0.0393 0.0256 0.0041 0.0125 0.0023 0.0139 0.6000 0.0097 0.2805 0.0122 
   NS_SS0804  3 0.0813 0.5739 0.0099 0.0277 0.0051 0.1077 0.0132 0.0574 0.1001 0.0238 
   NS_SS0781  3 0.0340 0.0567 0.0044 0.0610 0.0070 0.6110 0.0143 0.1832 0.0163 0.0121 
   NS_SS0822  3 0.0086 0.0218 0.0724 0.0502 0.0037 0.0072 0.7700 0.0294 0.0249 0.0117 
   NS_SS1004  3 0.0121 0.7998 0.0169 0.0174 0.0051 0.0362 0.0108 0.0095 0.0373 0.0549 
   NS_SS0746  3 0.1808 0.0794 0.0544 0.1326 0.0157 0.0321 0.0117 0.1658 0.0133 0.3142 
   NS_SS0880  3 0.0148 0.0945 0.1227 0.0315 0.0025 0.6483 0.0330 0.0286 0.0124 0.0116 
   NS_SS0879  3 0.0182 0.0921 0.0432 0.1336 0.0151 0.0112 0.0110 0.0322 0.6176 0.0258 
   NS_SS0753  3 0.1166 0.0213 0.0391 0.0390 0.0115 0.0212 0.0586 0.0106 0.0104 0.6717 
   NS_SS1007  3 0.0181 0.7982 0.0136 0.0147 0.0028 0.0345 0.0421 0.0154 0.0073 0.0533 
   NS_SS0872  3 0.0962 0.4206 0.0152 0.0467 0.0032 0.0218 0.0094 0.2214 0.1489 0.0166 
   NS_SS1005  3 0.0162 0.6278 0.0075 0.1304 0.0020 0.0494 0.0498 0.0336 0.0344 0.0487 
   NS_SS0892  3 0.0956 0.0541 0.0291 0.0181 0.0032 0.3448 0.0159 0.0496 0.0202 0.3695 
   NS_SS0898  3 0.0637 0.0107 0.5113 0.0082 0.0130 0.0425 0.0877 0.1535 0.0759 0.0334 
   NS_SS0801  3 0.0772 0.0858 0.0147 0.1273 0.0157 0.6037 0.0153 0.0143 0.0192 0.0266 
   NS_SS0827  3 0.0616 0.0284 0.0830 0.0729 0.1482 0.0048 0.0100 0.4482 0.0098 0.1330 
   NS_SS0853  3 0.9023 0.0156 0.0116 0.0034 0.0039 0.0093 0.0106 0.0325 0.0058 0.0049 
   NS_SS0780  3 0.0173 0.0276 0.0062 0.0189 0.0050 0.8693 0.0130 0.0090 0.0119 0.0220 
   NS_SS0826  3 0.2141 0.0147 0.0129 0.3324 0.0039 0.3340 0.0565 0.0074 0.0069 0.0171 
   NS_SS0818  3 0.0176 0.0979 0.0063 0.0268 0.0029 0.7740 0.0120 0.0179 0.0196 0.0249 
   NS_SS0745  3 0.9183 0.0073 0.0042 0.0164 0.0016 0.0156 0.0049 0.0119 0.0096 0.0102 
   NS_SS0849  3 0.0342 0.0909 0.0104 0.0512 0.0030 0.0110 0.7167 0.0130 0.0465 0.0232 
   NS_SS0739  3 0.0459 0.6602 0.0332 0.0117 0.0245 0.0538 0.1001 0.0320 0.0334 0.0052 
   NS_SS0799  3 0.0211 0.0127 0.0626 0.0248 0.0021 0.0136 0.7810 0.0272 0.0248 0.0301 
   NS_SS0756  3 0.4432 0.2030 0.0066 0.0189 0.0053 0.1639 0.0251 0.0348 0.0759 0.0234 
   NS_SS0802  3 0.2528 0.1908 0.0266 0.2380 0.2007 0.0192 0.0137 0.0086 0.0330 0.0165 
   NS_SS0747  3 0.0393 0.3537 0.0087 0.0275 0.0070 0.1156 0.1954 0.0090 0.0123 0.2316 
   NS_SS0835  3 0.0202 0.0756 0.3205 0.0636 0.0022 0.0868 0.0143 0.0634 0.0345 0.3189 
   NS_SS0742  3 0.0232 0.5296 0.0156 0.0802 0.0021 0.1053 0.1717 0.0242 0.0295 0.0186 
   NS_SS0760  3 0.1074 0.0200 0.6113 0.0495 0.0739 0.0162 0.0248 0.0375 0.0308 0.0286 
   NS_SS0803  3 0.0144 0.8938 0.0050 0.0205 0.0079 0.0130 0.0139 0.0124 0.0088 0.0102 
   NS_SS0828  3 0.1463 0.1374 0.0249 0.0199 0.0023 0.0073 0.0346 0.0352 0.0152 0.5769 
   NS_SS0865  3 0.0094 0.1703 0.0169 0.0076 0.0260 0.0574 0.0250 0.0106 0.6094 0.0674 
   NS_SS0759  3 0.1462 0.6111 0.0076 0.0160 0.0076 0.0085 0.0703 0.0201 0.0254 0.0873 
   NS_SS0851  3 0.0501 0.0264 0.0137 0.0211 0.0129 0.0465 0.0120 0.0567 0.7549 0.0056 
   NS_SS0874  3 0.0165 0.0169 0.0059 0.1338 0.0022 0.0255 0.6004 0.1261 0.0385 0.0343 
   NS_SS0761  3 0.2269 0.0454 0.2609 0.0955 0.0072 0.0727 0.1767 0.0243 0.0123 0.0779 
   NS_SS0842  3 0.0383 0.0625 0.0326 0.0564 0.0104 0.0155 0.4825 0.2217 0.0302 0.0499 
   NS_SS0785  3 0.0769 0.4591 0.1576 0.0383 0.0085 0.1194 0.0521 0.0196 0.0235 0.0448 
   NS_SS0860  3 0.0144 0.0988 0.0246 0.0145 0.0038 0.0082 0.7358 0.0137 0.0184 0.0679 
   NS_SS0897  3 0.0289 0.0166 0.7048 0.0107 0.0028 0.0272 0.1058 0.0216 0.0703 0.0114 
   NS_SS0841  3 0.1033 0.0298 0.0296 0.0088 0.0061 0.1602 0.3568 0.0717 0.2142 0.0195 
   NS_SS0797  3 0.0416 0.0257 0.5775 0.0269 0.0395 0.1113 0.0092 0.0222 0.1122 0.0338 
   NS_SS0830  3 0.0905 0.0692 0.0955 0.0234 0.0038 0.0306 0.3119 0.2184 0.0538 0.1029 
   NS_SS1011  3 0.0121 0.0942 0.0093 0.2023 0.0104 0.4946 0.0060 0.0169 0.1368 0.0172 
   NS_SS0883  3 0.0430 0.1329 0.0221 0.0060 0.0096 0.0333 0.6533 0.0201 0.0504 0.0292 
   NS_SS0782  3 0.0551 0.5581 0.1896 0.0437 0.0041 0.0210 0.0175 0.0852 0.0189 0.0068 
   NS_SS0831  3 0.0634 0.0430 0.0917 0.0684 0.0073 0.0150 0.6329 0.0341 0.0318 0.0124 
   NS_SS0749  3 0.0247 0.7446 0.0132 0.0097 0.0068 0.0157 0.0665 0.0079 0.0115 0.0995 
   NS_SS0854  3 0.0217 0.0509 0.0786 0.5036 0.0060 0.0152 0.1756 0.0543 0.0802 0.0139 
   HI_SS0193  4 0.0155 0.0117 0.8682 0.0375 0.0029 0.0215 0.0124 0.0141 0.0091 0.0072 
   HI_SS0194  4 0.0104 0.0405 0.0146 0.8111 0.0033 0.0316 0.0055 0.0486 0.0124 0.0220 
   HI_SS0195  4 0.0111 0.7046 0.0036 0.0998 0.0906 0.0311 0.0067 0.0281 0.0203 0.0041 
   HI_SS0196  4 0.0407 0.3062 0.0523 0.2945 0.0069 0.0305 0.1295 0.0991 0.0208 0.0194 
   HI_SS0197  4 0.0137 0.0117 0.0032 0.0174 0.0178 0.8920 0.0109 0.0163 0.0032 0.0137 
   HI_SS0198  4 0.0773 0.3145 0.1251 0.0142 0.0129 0.0296 0.3078 0.0158 0.0854 0.0174 
   HI_SS0199  4 0.0234 0.7209 0.0790 0.0117 0.0035 0.0178 0.0333 0.0143 0.0137 0.0824 
   HI_SS0201  4 0.0059 0.0221 0.4852 0.0166 0.0038 0.0146 0.0175 0.0051 0.2296 0.1997 
   HI_SS0215  4 0.2043 0.0533 0.0279 0.1867 0.0048 0.0472 0.0082 0.0357 0.0284 0.4036 
   HI_SS0218  4 0.0161 0.0114 0.8070 0.0032 0.0075 0.0118 0.0121 0.0069 0.1163 0.0077 
   HI_SS0222  4 0.5786 0.2435 0.0288 0.0460 0.0090 0.0304 0.0097 0.0210 0.0187 0.0143 
   HI_SS0230  4 0.0466 0.0085 0.0154 0.0200 0.0108 0.4554 0.0283 0.2455 0.0568 0.1126 
   HI_SS0234  4 0.0078 0.2779 0.0751 0.1761 0.1653 0.1253 0.0704 0.0272 0.0640 0.0109 
   HI_SS0240  4 0.0084 0.8069 0.0157 0.0135 0.0131 0.0913 0.0061 0.0153 0.0097 0.0200 
   HI_SS0241  4 0.0113 0.0226 0.0481 0.0192 0.0037 0.0140 0.0146 0.0068 0.7973 0.0622 
   HI_SS0242  4 0.0391 0.1874 0.2232 0.0197 0.0050 0.0129 0.0194 0.2559 0.1225 0.1150 
   HI_SS0247  4 0.0081 0.0080 0.0159 0.0314 0.0318 0.0344 0.0275 0.0140 0.7845 0.0445 
   HI_SS0248  4 0.0060 0.0201 0.7097 0.0302 0.0011 0.0077 0.0156 0.0926 0.0036 0.1133 
   HI_SS0252  4 0.0613 0.1186 0.0289 0.3906 0.0039 0.2553 0.0540 0.0262 0.0420 0.0192 
   HI_SS0254  4 0.0216 0.0084 0.0332 0.0115 0.0862 0.0393 0.0065 0.0037 0.0115 0.7780 
   HI_SS0256  4 0.2583 0.0150 0.0026 0.0429 0.0019 0.0283 0.0059 0.0090 0.6151 0.0210 
   HI_SS0257  4 0.0092 0.0120 0.0679 0.0616 0.0062 0.0813 0.0151 0.0357 0.0190 0.6920 
   HI_SS0258  4 0.1508 0.0621 0.5161 0.0297 0.0059 0.0335 0.0090 0.0110 0.0295 0.1524 
   HI_SS0259  4 0.0068 0.0371 0.0069 0.0519 0.0031 0.1059 0.0087 0.0112 0.7532 0.0151 
   HI_SS0260  4 0.0136 0.0268 0.3442 0.0241 0.0021 0.0310 0.0060 0.3593 0.0417 0.1512 
   HI_SS0261  4 0.0291 0.0237 0.0722 0.0480 0.0047 0.0636 0.0145 0.0418 0.0078 0.6946 
   HI_SS0262  4 0.0273 0.0984 0.0087 0.0222 0.0097 0.0320 0.0160 0.0248 0.7499 0.0111 
   HI_SS0264  4 0.0182 0.0147 0.0133 0.0101 0.0055 0.8258 0.0051 0.0523 0.0145 0.0406 
   HI_SS0265  4 0.0130 0.0097 0.0079 0.0180 0.0797 0.0155 0.0035 0.0153 0.8020 0.0353 
   HI_SS0268  4 0.0306 0.0310 0.0640 0.0544 0.0039 0.5936 0.0736 0.1058 0.0302 0.0130 
   HI_SS0269  4 0.0163 0.0274 0.5272 0.1534 0.0023 0.0078 0.2227 0.0189 0.0117 0.0123 
   HI_SS0273  4 0.3364 0.0179 0.4459 0.0135 0.0031 0.0151 0.0533 0.0114 0.0627 0.0409 
   HI_SS0277  4 0.0232 0.0175 0.0103 0.0129 0.0035 0.8509 0.0420 0.0052 0.0285 0.0061 
   HI_SS0280  4 0.0208 0.0150 0.0542 0.0192 0.0102 0.6620 0.0270 0.0308 0.1361 0.0247 
   HI_SS0282  4 0.0851 0.1966 0.2468 0.0636 0.0023 0.0932 0.1866 0.0056 0.0384 0.0818 
   HI_SS0286  4 0.1457 0.0453 0.0635 0.3172 0.0130 0.0276 0.0154 0.0206 0.2251 0.1268 
   NS_SS1252  5 0.1607 0.0158 0.0605 0.0135 0.0085 0.0169 0.6256 0.0395 0.0198 0.0393 
   NS_SS1261  5 0.3425 0.0177 0.0316 0.1565 0.0231 0.0282 0.1849 0.1939 0.0055 0.0161 
   NS_SS1225  5 0.0060 0.0182 0.0071 0.1305 0.0990 0.1747 0.0412 0.0345 0.0114 0.4773 
   NS_SS1266  5 0.1260 0.3227 0.0049 0.0846 0.0111 0.0147 0.0115 0.0079 0.3918 0.0247 
   NS_SS1228  5 0.1651 0.0340 0.0155 0.0179 0.0199 0.0445 0.1081 0.1281 0.4347 0.0321 
   NS_SS1255  5 0.0065 0.0236 0.0740 0.5105 0.0040 0.0482 0.0725 0.2146 0.0404 0.0056 
   NS_SS1267  5 0.0198 0.0268 0.7312 0.0119 0.0319 0.0056 0.0357 0.0249 0.0375 0.0748 
   NS_SS1238  5 0.0660 0.0270 0.1106 0.3927 0.0043 0.2778 0.0647 0.0132 0.0242 0.0196 
   NS_SS1233  5 0.2954 0.0075 0.0223 0.0131 0.0031 0.5631 0.0375 0.0441 0.0069 0.0071 
   NS_SS1277  5 0.0170 0.0103 0.8931 0.0076 0.0012 0.0109 0.0177 0.0157 0.0148 0.0116 
   NS_SS1245  5 0.2396 0.0168 0.0896 0.3819 0.0027 0.0172 0.0892 0.0260 0.0173 0.1196 
   NS_SS1240  5 0.0119 0.0155 0.8625 0.0504 0.0035 0.0130 0.0083 0.0182 0.0055 0.0111 
   NS_SS1275  5 0.0144 0.0132 0.0076 0.0226 0.0045 0.0414 0.0035 0.0201 0.8609 0.0119 
   NS_SS1235  5 0.0100 0.0304 0.0200 0.8321 0.0079 0.0237 0.0088 0.0222 0.0105 0.0343 
   NS_SS1263  5 0.0372 0.0106 0.0162 0.4537 0.0015 0.0366 0.1435 0.2711 0.0084 0.0213 
   NS_SS1251  5 0.2269 0.0133 0.0127 0.0917 0.0016 0.5128 0.0440 0.0157 0.0290 0.0524 
   NS_SS1248  5 0.6925 0.0079 0.0563 0.0093 0.1029 0.0099 0.0588 0.0226 0.0199 0.0200 
   NS_SS1244  5 0.0149 0.0202 0.1953 0.0096 0.0056 0.6868 0.0189 0.0078 0.0234 0.0174 
   NS_SS1257  5 0.0249 0.0395 0.7867 0.0216 0.0426 0.0224 0.0197 0.0094 0.0257 0.0075 
   NS_SS1242  5 0.1846 0.0222 0.0075 0.1350 0.0034 0.0310 0.0040 0.0709 0.5281 0.0132 
   NS_SS1271  5 0.0186 0.0287 0.7597 0.0079 0.0554 0.0108 0.0135 0.0635 0.0086 0.0333 
   NS_SS1265  5 0.3736 0.0107 0.3460 0.0507 0.0387 0.0319 0.0511 0.0500 0.0100 0.0374 
   NS_SS1243  5 0.0128 0.0284 0.0146 0.0100 0.0937 0.0171 0.1745 0.2721 0.3699 0.0069 
   NS_SS1273  5 0.2872 0.0139 0.0175 0.0084 0.0176 0.0223 0.0076 0.6142 0.0068 0.0045 
   NS_SS1254  5 0.0311 0.0177 0.0058 0.0266 0.0097 0.0141 0.1179 0.7100 0.0347 0.0323 
   NS_SS1224  5 0.0359 0.3624 0.0088 0.0254 0.0102 0.0246 0.0122 0.0748 0.2828 0.1629 
   NS_SS1227  5 0.0073 0.0089 0.0102 0.0146 0.0022 0.0065 0.0086 0.0146 0.0109 0.9163 
   NS_SS1274  5 0.0425 0.0105 0.1643 0.0149 0.0288 0.1504 0.5388 0.0167 0.0138 0.0193 
   NS_SS1241  5 0.0086 0.0077 0.3434 0.0123 0.0021 0.0371 0.0538 0.0108 0.4825 0.0416 
   NS_SS1256  5 0.1441 0.1870 0.1000 0.0629 0.0656 0.2503 0.0085 0.0542 0.0640 0.0635 
   NS_SS1260  5 0.0256 0.0778 0.2159 0.0316 0.0921 0.0306 0.2207 0.0396 0.1768 0.0895 
   NS_SS1262  5 0.0800 0.0299 0.1091 0.0185 0.1602 0.0441 0.0676 0.0078 0.0804 0.4024 
   NS_SS1230  5 0.3712 0.0251 0.3265 0.0142 0.0154 0.0499 0.0484 0.1103 0.0147 0.0243 
   NS_SS1270  5 0.2411 0.0119 0.0041 0.6034 0.0030 0.0134 0.0136 0.0082 0.0646 0.0366 
   NS_SS1229  5 0.0116 0.0222 0.0102 0.7053 0.0073 0.0264 0.1234 0.0218 0.0172 0.0545 
   NS_SS1246  5 0.0096 0.0046 0.0455 0.6490 0.0043 0.0236 0.2292 0.0105 0.0074 0.0164 
   NS_SS1269  5 0.0338 0.8513 0.0258 0.0086 0.0027 0.0130 0.0085 0.0134 0.0282 0.0148 
   NS_SS1239  5 0.0150 0.7903 0.0096 0.0692 0.0088 0.0077 0.0430 0.0081 0.0311 0.0173 
   NS_SS1272  5 0.0109 0.0069 0.0148 0.7913 0.0103 0.0853 0.0189 0.0379 0.0144 0.0094 
   NS_SS1268  5 0.1118 0.0360 0.0149 0.0323 0.0032 0.0074 0.4051 0.0069 0.3252 0.0573 
   NS_SS1249  5 0.0104 0.0152 0.7851 0.0192 0.0231 0.0139 0.0203 0.0558 0.0394 0.0175 
   HI_SS0559  6 0.0898 0.0470 0.0285 0.0223 0.0029 0.0108 0.0167 0.0329 0.0853 0.6637 
   HI_SS0563  6 0.0285 0.8397 0.0299 0.0095 0.0049 0.0311 0.0147 0.0100 0.0158 0.0158 
   HI_SS0564  6 0.0269 0.3018 0.0114 0.0222 0.0705 0.0180 0.5011 0.0277 0.0055 0.0150 
   HI_SS0565  6 0.1826 0.0128 0.0097 0.2832 0.0053 0.0264 0.0755 0.2515 0.0421 0.1111 
   HI_SS0569  6 0.0590 0.0122 0.0492 0.1242 0.0038 0.0333 0.0222 0.0191 0.0124 0.6647 
   HI_SS0570  6 0.0486 0.0076 0.1172 0.7290 0.0549 0.0158 0.0086 0.0049 0.0076 0.0058 
   HI_SS0572  6 0.0052 0.0151 0.0086 0.7935 0.0044 0.0075 0.0069 0.1262 0.0148 0.0177 
   HI_SS0576  6 0.9101 0.0121 0.0117 0.0060 0.0082 0.0165 0.0148 0.0073 0.0063 0.0070 
   HI_SS0579  6 0.0097 0.0325 0.0106 0.1267 0.0129 0.0070 0.0061 0.0048 0.0083 0.7815 
   HI_SS0580  6 0.0156 0.0116 0.3920 0.0364 0.0073 0.0075 0.0133 0.4341 0.0566 0.0257 
   HI_SS0581  6 0.0251 0.0295 0.0051 0.0207 0.0612 0.0177 0.0210 0.0099 0.7970 0.0128 
   HI_SS0583  6 0.0388 0.0126 0.3858 0.0609 0.0039 0.0106 0.0388 0.4285 0.0052 0.0147 
   HI_SS0586  6 0.0803 0.0071 0.6109 0.0100 0.0022 0.0172 0.0405 0.0340 0.0077 0.1902 
   HI_SS0588  6 0.1743 0.0232 0.1744 0.0178 0.0188 0.0431 0.0112 0.0099 0.0294 0.4979 
   HI_SS0595  6 0.0547 0.0271 0.2865 0.0197 0.0513 0.4688 0.0098 0.0329 0.0114 0.0379 
   HI_SS0596  6 0.0030 0.0051 0.0093 0.6210 0.0035 0.0063 0.0092 0.2937 0.0356 0.0132 
   HI_SS0597  6 0.0045 0.0203 0.0087 0.2302 0.0032 0.0419 0.0123 0.6591 0.0106 0.0091 
   HI_SS0600  6 0.0331 0.7643 0.0971 0.0104 0.0038 0.0148 0.0436 0.0036 0.0226 0.0068 
   HI_SS0601  6 0.0138 0.0075 0.0123 0.0358 0.0101 0.0789 0.0210 0.0083 0.1563 0.6559 
   HI_SS0602  6 0.0592 0.0390 0.0058 0.0102 0.0043 0.0399 0.0098 0.0062 0.0166 0.8090 
   HI_SS0604  6 0.0127 0.0835 0.0279 0.3556 0.0023 0.0172 0.0442 0.3050 0.0217 0.1299 
   HI_SS0605  6 0.0111 0.8586 0.0245 0.0146 0.0100 0.0053 0.0177 0.0107 0.0312 0.0164 
   HI_SS0608  6 0.0345 0.0127 0.0182 0.0503 0.0023 0.0127 0.6559 0.0365 0.0135 0.1634 
   HI_SS0609  6 0.0784 0.4214 0.0228 0.0170 0.0013 0.1662 0.0134 0.1626 0.0920 0.0248 
   HI_SS0611  6 0.0161 0.0053 0.2201 0.0079 0.0047 0.0066 0.5479 0.0267 0.1504 0.0143 
   HI_SS0612  6 0.0125 0.5845 0.0779 0.0077 0.0120 0.0951 0.0169 0.0262 0.0139 0.1533 
   HI_SS0613  6 0.1478 0.0827 0.0122 0.0150 0.0022 0.0190 0.0310 0.0096 0.6698 0.0107 
   HI_SS0615  6 0.2336 0.4009 0.0115 0.0296 0.0152 0.0934 0.0852 0.0215 0.0170 0.0920 
   HI_SS0001  6 0.0195 0.0607 0.6318 0.0524 0.0080 0.0343 0.0082 0.0825 0.0975 0.0051 
   HI_SS0002  6 0.0653 0.0636 0.0148 0.1632 0.0627 0.0928 0.0680 0.1150 0.1868 0.1678 
   HI_SS0004  6 0.0783 0.1496 0.3164 0.2193 0.0096 0.0138 0.0763 0.0292 0.0496 0.0578 
   HI_SS0005  6 0.8268 0.0218 0.0228 0.0082 0.0112 0.0100 0.0205 0.0138 0.0503 0.0147 
   HI_SS0006  6 0.0353 0.1566 0.2294 0.1608 0.0029 0.0754 0.1480 0.0900 0.0121 0.0895 
   HI_SS0007  6 0.0201 0.0577 0.7474 0.0426 0.0056 0.0060 0.0081 0.0086 0.0698 0.0342 
   HI_SS0008  6 0.0289 0.0210 0.0067 0.0156 0.0454 0.0300 0.0115 0.0128 0.0199 0.8084 
   HI_SS0009  6 0.0310 0.0283 0.0411 0.0350 0.0085 0.0150 0.0908 0.1775 0.5113 0.0615 
   HI_SS0010  6 0.0309 0.0311 0.1753 0.0132 0.0043 0.0375 0.4013 0.1532 0.0130 0.1402 
   HI_SS0011  6 0.1507 0.0225 0.0155 0.0294 0.0959 0.5393 0.0081 0.0452 0.0474 0.0461 
   HI_SS0012  6 0.0245 0.4985 0.0065 0.0274 0.0084 0.0551 0.1882 0.1228 0.0119 0.0567 
   HI_SS0017  6 0.0227 0.0058 0.0967 0.6186 0.0032 0.0194 0.0087 0.1793 0.0283 0.0173 
   HI_SS0021  6 0.1084 0.0234 0.4517 0.0313 0.2400 0.0114 0.0086 0.0191 0.0553 0.0509 
   HI_SS0024  6 0.1975 0.0321 0.0415 0.0296 0.0033 0.1047 0.0109 0.4213 0.0759 0.0832 
   HI_SS0025  6 0.0216 0.0308 0.0090 0.0160 0.0052 0.0102 0.0214 0.7849 0.0866 0.0143 
   HI_SS0027  6 0.0174 0.0217 0.2387 0.0140 0.0200 0.0148 0.2446 0.0131 0.0054 0.4104 
   HI_SS0028  6 0.7272 0.0051 0.0085 0.0196 0.0025 0.0889 0.0071 0.0437 0.0445 0.0531 
   HI_SS0029  6 0.7532 0.0568 0.0133 0.0118 0.0140 0.0060 0.0207 0.0927 0.0088 0.0228 
   HI_SS0030  6 0.0097 0.0206 0.0256 0.1705 0.0116 0.0213 0.0255 0.0074 0.0324 0.6752 
   HI_SS0031  6 0.0425 0.1342 0.0119 0.0120 0.0064 0.2027 0.0076 0.0978 0.0183 0.4666 
   HI_SS0034  6 0.0176 0.0507 0.4587 0.0484 0.0080 0.0996 0.0079 0.0127 0.0217 0.2745 
   HI_SS0036  6 0.0132 0.0203 0.6508 0.0097 0.0230 0.1371 0.0202 0.0256 0.0198 0.0803 
   HI_SS0037  6 0.0133 0.0180 0.0244 0.0110 0.0057 0.0208 0.1430 0.0354 0.7171 0.0113 
   HI_SS0039  6 0.5771 0.0126 0.0980 0.0083 0.0024 0.0092 0.0065 0.0191 0.0217 0.2451 
   HI_SS0041  6 0.0203 0.2258 0.0109 0.0593 0.0019 0.0222 0.0823 0.4403 0.1271 0.0101 
   HI_SS0042  6 0.1198 0.2785 0.0133 0.0180 0.1408 0.0244 0.0290 0.0726 0.2900 0.0135 
   HI_SS0043  6 0.0218 0.0057 0.1535 0.0171 0.0041 0.0082 0.7630 0.0125 0.0045 0.0096 
   HI_SS0044  6 0.0367 0.0143 0.3582 0.1107 0.0046 0.0275 0.0144 0.4082 0.0214 0.0040 
   HI_SS0047  6 0.1554 0.1087 0.0395 0.5068 0.0048 0.0484 0.0283 0.0415 0.0285 0.0382 
   HI_SS0049  6 0.0147 0.0170 0.0146 0.0387 0.0056 0.0230 0.0172 0.6665 0.0868 0.1158 
   HI_SS0051  6 0.0380 0.6910 0.0050 0.0662 0.0043 0.0049 0.1369 0.0111 0.0274 0.0152 
   HI_SS0053  6 0.0111 0.0129 0.1418 0.0221 0.0052 0.0629 0.0250 0.0455 0.0080 0.6656 
   HI_SS0054  6 0.1055 0.0065 0.0724 0.0079 0.0045 0.0179 0.0570 0.0032 0.0119 0.7132 
   HI_SS0057  6 0.1510 0.0371 0.0099 0.1032 0.0078 0.0224 0.5350 0.0082 0.0665 0.0587 
   HI_SS0058  6 0.0299 0.0679 0.0290 0.1810 0.0075 0.0130 0.2338 0.0845 0.2136 0.1397 
   HI_SS0060  6 0.0108 0.0523 0.0301 0.0130 0.0973 0.0215 0.0398 0.0116 0.0801 0.6436 
   HI_SS0087  6 0.0129 0.0887 0.0228 0.1539 0.0030 0.0990 0.0273 0.0193 0.0257 0.5474 
   HI_SS0091  6 0.0053 0.0195 0.0317 0.0269 0.0023 0.7235 0.1355 0.0066 0.0319 0.0168 
   HI_SS0095  6 0.0220 0.2732 0.0223 0.0496 0.0701 0.0689 0.0222 0.0492 0.0581 0.3644 
   HI_SS0097  6 0.0091 0.0114 0.0081 0.0182 0.0045 0.0410 0.8113 0.0229 0.0227 0.0508 
   HI_SS0099  6 0.0098 0.0156 0.0115 0.0071 0.0040 0.0413 0.0084 0.8680 0.0199 0.0143 
   HI_SS0103  6 0.0383 0.1399 0.0101 0.5966 0.0051 0.0671 0.0254 0.0106 0.0888 0.0179 
   HI_SS0105  6 0.0044 0.0276 0.0090 0.0691 0.0389 0.7720 0.0118 0.0049 0.0394 0.0229 
   HI_SS0107  6 0.0087 0.0061 0.0069 0.7840 0.0019 0.0110 0.0104 0.0867 0.0701 0.0141 
   HI_SS0108  6 0.0078 0.0188 0.7548 0.0429 0.0553 0.0220 0.0491 0.0060 0.0042 0.0391 
   HI_SS0110  6 0.0345 0.2301 0.1009 0.1318 0.0024 0.3109 0.0188 0.0587 0.0182 0.0938 
   HI_SS0111  6 0.1486 0.6731 0.0321 0.0213 0.0379 0.0060 0.0228 0.0102 0.0345 0.0133 
   HI_SS0112  6 0.0193 0.0099 0.8670 0.0136 0.0029 0.0224 0.0318 0.0144 0.0095 0.0091 
   HI_SS0113  6 0.0532 0.0396 0.0116 0.3544 0.0055 0.4065 0.0108 0.0532 0.0501 0.0150 
   HI_SS0114  6 0.2324 0.1133 0.0542 0.0423 0.0079 0.0477 0.0351 0.0167 0.0448 0.4056 
   HI_SS0115  6 0.0120 0.1539 0.0456 0.0093 0.0266 0.0123 0.0282 0.2309 0.1562 0.3249 
   HI_SS0116  6 0.0189 0.0082 0.0855 0.1455 0.0061 0.0079 0.4828 0.2268 0.0061 0.0123 
   HI_SS0117  6 0.0218 0.0179 0.0715 0.5211 0.0027 0.3251 0.0059 0.0066 0.0108 0.0166 
   HI_SS0118  6 0.0366 0.0269 0.0275 0.0635 0.0211 0.0405 0.0213 0.7183 0.0225 0.0218 
   HI_SS0119  6 0.0146 0.0212 0.0148 0.0170 0.0020 0.1223 0.7887 0.0052 0.0042 0.0099 
   HI_SS0120  6 0.0041 0.0051 0.0073 0.8615 0.0047 0.0107 0.0038 0.0832 0.0128 0.0067 
   HI_SS0121  6 0.8980 0.0074 0.0055 0.0086 0.0020 0.0167 0.0083 0.0075 0.0370 0.0091 
   HI_SS0122  6 0.0464 0.1680 0.0389 0.0193 0.0327 0.0101 0.0880 0.2387 0.3459 0.0122 
   HI_SS0123  6 0.0132 0.6311 0.0089 0.0206 0.0064 0.2301 0.0300 0.0091 0.0310 0.0196 
   HI_SS0124  6 0.0178 0.1479 0.0070 0.2625 0.0048 0.0114 0.0173 0.4228 0.0932 0.0153 
   HI_SS0125  6 0.0354 0.7567 0.0084 0.0076 0.0522 0.0177 0.0062 0.0456 0.0316 0.0387 
   HI_SS0126  6 0.0408 0.0103 0.7376 0.0532 0.0014 0.0404 0.0099 0.0762 0.0199 0.0104 
   HI_SS0127  6 0.0523 0.0449 0.0200 0.0103 0.0121 0.0157 0.0417 0.0192 0.0178 0.7662 
   HI_SS0128  6 0.0216 0.2851 0.0320 0.0263 0.0047 0.0716 0.0064 0.1967 0.0100 0.3457 
   HI_SS0129  6 0.0273 0.0633 0.2431 0.3004 0.0192 0.0932 0.0214 0.0675 0.0436 0.1210 
   HI_SS0131  6 0.0337 0.0370 0.0992 0.0068 0.0421 0.0244 0.0046 0.0099 0.7179 0.0244 
   HI_SS0132  6 0.7013 0.0898 0.0629 0.0096 0.0007 0.0653 0.0299 0.0076 0.0200 0.0128 
   HI_SS0133  6 0.0103 0.0056 0.9055 0.0153 0.0022 0.0118 0.0136 0.0089 0.0154 0.0114 
   HI_SS0134  6 0.0144 0.0518 0.3653 0.0507 0.0039 0.3934 0.0094 0.0490 0.0254 0.0368 
   HI_SS0142  6 0.0377 0.0413 0.0053 0.0187 0.0274 0.5241 0.0079 0.0477 0.0273 0.2625 
   HI_SS0145  6 0.0153 0.0816 0.0511 0.0208 0.0024 0.0091 0.0180 0.0291 0.0101 0.7625 
   HI_SS0146  6 0.0214 0.0126 0.7791 0.0559 0.0024 0.0188 0.0118 0.0110 0.0461 0.0409 
   HI_SS0147  6 0.1154 0.1569 0.0062 0.0556 0.0450 0.0954 0.0669 0.0678 0.3828 0.0081 
   HI_SS0149  6 0.0287 0.0093 0.0181 0.0119 0.0066 0.8467 0.0158 0.0088 0.0272 0.0268 
   HI_SS0150  6 0.7751 0.0362 0.0199 0.0153 0.0067 0.0767 0.0103 0.0204 0.0217 0.0176 
   HI_SS0151  6 0.0070 0.7107 0.0396 0.0278 0.0165 0.0182 0.1054 0.0265 0.0157 0.0324 
   NS_SS1451  6 0.0201 0.4802 0.0349 0.0666 0.0070 0.0825 0.0410 0.1412 0.1014 0.0253 
   NS_SS1404  6 0.4074 0.0400 0.0124 0.0464 0.0204 0.0307 0.0125 0.0457 0.3602 0.0244 
   NS_SS1432  6 0.0300 0.0356 0.0045 0.0122 0.0477 0.1546 0.0094 0.6880 0.0086 0.0093 
   NS_SS1405  6 0.0142 0.1631 0.0834 0.0151 0.0046 0.0855 0.0321 0.5198 0.0397 0.0424 
   NS_SS1431  6 0.0804 0.1588 0.0156 0.4570 0.0017 0.0400 0.0430 0.1095 0.0108 0.0832 
   NS_SS1402  6 0.0242 0.2318 0.0404 0.0733 0.0063 0.1445 0.2723 0.0636 0.1204 0.0233 
   NS_SS1450  6 0.0618 0.0364 0.2801 0.0116 0.0084 0.5076 0.0172 0.0130 0.0177 0.0462 
   NS_SS1396  6 0.0153 0.1930 0.0160 0.0044 0.0094 0.0668 0.1434 0.2927 0.2345 0.0245 
   NS_SS1393  6 0.0100 0.0202 0.0282 0.0123 0.0074 0.0654 0.5665 0.2526 0.0210 0.0164 
   NS_SS1392  6 0.0199 0.6493 0.0449 0.1480 0.0300 0.0230 0.0170 0.0216 0.0296 0.0167 
   NS_SS1445  6 0.0116 0.0087 0.0142 0.0080 0.0097 0.0173 0.0057 0.0098 0.0107 0.9043 
   NS_SS1423  6 0.0217 0.0105 0.0533 0.6635 0.0023 0.0977 0.0161 0.0199 0.0082 0.1069 
   NS_SS1421  6 0.0330 0.0177 0.0465 0.0211 0.0855 0.4925 0.2739 0.0126 0.0072 0.0100 
   NS_SS1411  6 0.1256 0.0144 0.0912 0.0459 0.0024 0.0053 0.6595 0.0215 0.0108 0.0234 
   NS_SS1453  6 0.0141 0.0252 0.1450 0.1803 0.0108 0.3776 0.1155 0.0345 0.0208 0.0762 
   NS_SS1442  6 0.7267 0.0221 0.0134 0.1102 0.0040 0.0063 0.0414 0.0189 0.0044 0.0525 
   NS_SS1422  6 0.0157 0.2665 0.1545 0.1255 0.0251 0.0733 0.1439 0.0689 0.0355 0.0910 
   NS_SS1419  6 0.1195 0.0200 0.0055 0.0092 0.1513 0.0131 0.6326 0.0171 0.0233 0.0085 
   NS_SS1427  6 0.0100 0.0082 0.8681 0.0117 0.0035 0.0271 0.0051 0.0402 0.0123 0.0137 
   NS_SS1444  6 0.0057 0.0358 0.0155 0.0496 0.0061 0.0066 0.0404 0.7182 0.0835 0.0386 
   NS_SS1455  6 0.0559 0.0535 0.0117 0.4506 0.0021 0.0847 0.0110 0.3164 0.0064 0.0077 
   NS_SS1425  6 0.0080 0.0052 0.1107 0.0203 0.0025 0.0139 0.8188 0.0041 0.0076 0.0089 
   NS_SS1400  6 0.1833 0.0062 0.6065 0.0286 0.0028 0.0209 0.0256 0.0422 0.0193 0.0648 
   NS_SS1406  6 0.0304 0.0065 0.0030 0.0230 0.0142 0.8700 0.0151 0.0226 0.0045 0.0107 
   NS_SS1417  6 0.0703 0.0396 0.0209 0.2668 0.0120 0.0411 0.1036 0.0677 0.3574 0.0206 
   NS_SS1454  6 0.1775 0.0163 0.0490 0.0070 0.0016 0.6354 0.0151 0.0129 0.0703 0.0149 
   NS_SS1412  6 0.3232 0.0181 0.0922 0.3999 0.0400 0.0123 0.0228 0.0512 0.0277 0.0126 
   NS_SS1438  6 0.0436 0.0358 0.1041 0.2601 0.0030 0.0213 0.2971 0.0241 0.1195 0.0912 
   NS_SS1416  6 0.1771 0.3509 0.0075 0.0460 0.0095 0.1635 0.1859 0.0217 0.0237 0.0142 
   NS_SS1401  6 0.0365 0.0117 0.0110 0.6607 0.0249 0.0636 0.1275 0.0261 0.0138 0.0243 
   NS_SS1424  6 0.3569 0.0990 0.1484 0.1756 0.0205 0.0347 0.0357 0.0179 0.0847 0.0265 
   NS_SS1435  6 0.1871 0.0873 0.5333 0.0410 0.0041 0.0667 0.0054 0.0355 0.0083 0.0313 
   NS_SS1447  6 0.0141 0.0080 0.0053 0.1304 0.0098 0.0726 0.0135 0.5926 0.1218 0.0320 
   NS_SS1414  6 0.0266 0.0126 0.0077 0.0277 0.0086 0.0492 0.0148 0.6981 0.0663 0.0884 
   NS_SS1449  6 0.0063 0.0294 0.0109 0.0088 0.0050 0.0170 0.8990 0.0059 0.0117 0.0058 
   NS_SS1443  6 0.0204 0.0357 0.4289 0.0114 0.0018 0.0258 0.0150 0.0055 0.0082 0.4475 
   NS_SS1434  6 0.0044 0.1527 0.3216 0.2514 0.0013 0.0170 0.0257 0.1925 0.0160 0.0173 
   NS_SS1398  6 0.5067 0.0200 0.1195 0.0550 0.0299 0.0705 0.1511 0.0278 0.0079 0.0116 
   NS_SS1426  6 0.0243 0.0086 0.0271 0.0195 0.0038 0.0098 0.0194 0.0067 0.0121 0.8686 
   NS_SS1413  6 0.0432 0.0064 0.3828 0.4487 0.0169 0.0120 0.0476 0.0145 0.0062 0.0215 
   NS_SS1395  6 0.0097 0.0257 0.0240 0.0371 0.0160 0.1066 0.0206 0.0125 0.0122 0.7356 
   NS_SS1448  6 0.0304 0.1034 0.7497 0.0063 0.0024 0.0142 0.0034 0.0462 0.0305 0.0135 
   NS_SS1446  6 0.0132 0.0849 0.0565 0.1166 0.0041 0.0281 0.0099 0.0510 0.6187 0.0168 
   NS_SS1403  6 0.0328 0.0554 0.0153 0.0264 0.0080 0.2132 0.0666 0.4998 0.0203 0.0622 
   NS_SS1415  6 0.1975 0.0133 0.5195 0.0347 0.0179 0.0224 0.0120 0.0214 0.0092 0.1521 
   NS_SS1437  6 0.4702 0.0363 0.0353 0.0145 0.0140 0.2565 0.0063 0.0675 0.0498 0.0496 
   NS_SS1439  6 0.0259 0.0857 0.0119 0.2096 0.0039 0.2367 0.0134 0.0341 0.0669 0.3120 
   NS_SS1441  6 0.0645 0.0792 0.3412 0.0325 0.0038 0.2756 0.0247 0.0178 0.0375 0.1233 
   NS_SS1420  6 0.0346 0.0179 0.0052 0.0058 0.0040 0.0077 0.0515 0.1449 0.7212 0.0071 
   NS_SS1394  6 0.0141 0.3453 0.0065 0.0061 0.0462 0.0089 0.0633 0.0221 0.0161 0.4714 
   NS_SS1391  6 0.0164 0.0093 0.0161 0.6964 0.0127 0.0140 0.0075 0.0226 0.0176 0.1873 
   NS_SS1410  6 0.0342 0.0122 0.0531 0.2621 0.0271 0.0409 0.1132 0.4037 0.0326 0.0207 
   NS_SS1408  6 0.0279 0.5709 0.0102 0.0327 0.0655 0.1866 0.0120 0.0120 0.0135 0.0687 
   NS_SS1409  6 0.0403 0.6736 0.0154 0.1697 0.0048 0.0101 0.0388 0.0135 0.0146 0.0193 
   HI_SS0617  7 0.0266 0.7188 0.0317 0.0522 0.0023 0.0183 0.0143 0.0253 0.0647 0.0457 
   HI_SS0618  7 0.0084 0.8533 0.0121 0.0077 0.0031 0.0182 0.0526 0.0329 0.0046 0.0070 
   HI_SS0619  7 0.0313 0.0198 0.1150 0.0095 0.0038 0.0094 0.0158 0.0841 0.6915 0.0199 
   HI_SS0620  7 0.0067 0.0084 0.8624 0.0112 0.0040 0.0062 0.0344 0.0035 0.0562 0.0070 
   HI_SS0621  7 0.2733 0.2201 0.0212 0.0542 0.0283 0.0131 0.0325 0.0780 0.2247 0.0547 
   HI_SS0622  7 0.0200 0.0357 0.1398 0.0102 0.0166 0.0118 0.0110 0.0696 0.5597 0.1257 
   HI_SS0626  7 0.7286 0.0314 0.0237 0.0076 0.0118 0.0104 0.0099 0.0237 0.1375 0.0154 
   HI_SS0627  7 0.0484 0.0199 0.0149 0.5085 0.0130 0.0661 0.2120 0.0960 0.0140 0.0072 
   HI_SS0628  7 0.0503 0.1063 0.5480 0.0186 0.0879 0.0746 0.0258 0.0559 0.0238 0.0088 
   HI_SS0629  7 0.1349 0.0615 0.1460 0.0279 0.0116 0.0085 0.4287 0.0336 0.1151 0.0322 
   HI_SS0630  7 0.0242 0.0267 0.5049 0.0140 0.0709 0.0126 0.0502 0.0973 0.1846 0.0146 
   HI_SS0631  7 0.0268 0.0267 0.5105 0.0278 0.0013 0.0274 0.0920 0.0216 0.0969 0.1688 
   HI_SS0632  7 0.1490 0.0298 0.1173 0.0846 0.0070 0.0154 0.2498 0.2332 0.0682 0.0458 
   HI_SS0633  7 0.0448 0.0168 0.0067 0.0854 0.0050 0.0067 0.0110 0.7733 0.0077 0.0427 
   HI_SS0634  7 0.0647 0.6440 0.0295 0.0215 0.0046 0.0686 0.0112 0.0132 0.1339 0.0087 
   HI_SS0635  7 0.7655 0.0531 0.0048 0.0296 0.0118 0.0462 0.0120 0.0198 0.0176 0.0396 
   HI_SS0637  7 0.0089 0.7808 0.0118 0.0150 0.0031 0.0285 0.0139 0.0144 0.1068 0.0167 
   HI_SS0638  7 0.2416 0.0828 0.3948 0.1175 0.0020 0.0179 0.0592 0.0185 0.0475 0.0183 
   HI_SS0639  7 0.0519 0.6484 0.0182 0.0491 0.0600 0.0262 0.0093 0.0268 0.0312 0.0788 
   HI_SS0640  7 0.0298 0.0099 0.0110 0.0157 0.0025 0.0159 0.0165 0.0308 0.0077 0.8603 
   HI_SS0641  7 0.5626 0.0146 0.1805 0.0071 0.0085 0.0131 0.0240 0.0507 0.1157 0.0231 
   HI_SS0642  7 0.0115 0.0112 0.0097 0.0633 0.0027 0.8278 0.0159 0.0068 0.0217 0.0293 
   HI_SS0645  7 0.0470 0.0167 0.0054 0.0117 0.0013 0.0085 0.7195 0.1607 0.0228 0.0065 
   HI_SS0646  7 0.0062 0.0464 0.0318 0.0180 0.0037 0.4587 0.0033 0.0154 0.0177 0.3987 
   HI_SS0647  7 0.0088 0.0071 0.1326 0.0534 0.0026 0.6130 0.0099 0.0877 0.0422 0.0428 
   HI_SS0648  7 0.0722 0.0777 0.0845 0.1039 0.0071 0.0817 0.1513 0.0758 0.0095 0.3363 
   HI_SS0649  7 0.0154 0.0247 0.0114 0.0493 0.0027 0.0637 0.1836 0.6221 0.0136 0.0135 
   HI_SS0650  7 0.0072 0.8621 0.0147 0.0381 0.0068 0.0086 0.0112 0.0197 0.0235 0.0083 
   HI_SS0651  7 0.0058 0.1451 0.0146 0.0237 0.0063 0.0131 0.0158 0.0543 0.0853 0.6359 
   HI_SS0652  7 0.0686 0.0356 0.0177 0.0412 0.0038 0.0722 0.0155 0.0860 0.6287 0.0308 
   NS_SS1371  7 0.0141 0.7088 0.0153 0.0687 0.0073 0.0420 0.0139 0.0145 0.0132 0.1021 
   NS_SS1374  7 0.2829 0.0559 0.3720 0.0191 0.0044 0.1402 0.0118 0.0063 0.0467 0.0607 
   NS_SS1337  7 0.0156 0.0491 0.0345 0.0134 0.0063 0.4589 0.0082 0.0081 0.3969 0.0090 
