   NS_SS0963  1 0.0145 0.5829 0.2299 0.0353 0.0944 0.0083 0.0254 0.0093 
   NS_SS0983  1 0.9236 0.0120 0.0223 0.0136 0.0098 0.0060 0.0098 0.0027 
   NS_SS0719  1 0.0550 0.0330 0.6597 0.0157 0.1357 0.0056 0.0520 0.0432 
   NS_SS1001  1 0.0199 0.1344 0.0744 0.0177 0.2278 0.0106 0.3533 0.1619 
   NS_SS0936  1 0.0129 0.1190 0.0522 0.1490 0.0464 0.0053 0.0305 0.5848 
   NS_SS0955  1 0.1607 0.1418 0.0685 0.0394 0.4072 0.0071 0.1617 0.0135 
   NS_SS0944  1 0.0152 0.1310 0.0087 0.1387 0.0839 0.0039 0.5967 0.0220 
   NS_SS0945  1 0.1274 0.0562 0.0229 0.0239 0.0240 0.0172 0.0734 0.6550 
   NS_SS0922  1 0.0142 0.1747 0.5043 0.0895 0.0918 0.0491 0.0295 0.0469 
   NS_SS0929  1 0.3321 0.0335 0.0313 0.2976 0.2217 0.0039 0.0422 0.0377 
   NS_SS0956  1 0.0123 0.1208 0.0360 0.2946 0.4108 0.0051 0.0447 0.0756 
   NS_SS0906  1 0.0596 0.0092 0.0361 0.5440 0.2645 0.0059 0.0573 0.0235 
   NS_SS0721  1 0.0365 0.0159 0.1833 0.0064 0.7175 0.0092 0.0174 0.0138 
   NS_SS0982  1 0.1556 0.0553 0.1080 0.3595 0.1878 0.0290 0.0203 0.0845 
   NS_SS0923  1 0.0129 0.2290 0.2172 0.1465 0.2231 0.0093 0.0577 0.1042 
   NS_SS0905  1 0.0560 0.0066 0.1826 0.3361 0.2774 0.0031 0.0722 0.0659 
   NS_SS0925  1 0.0076 0.0247 0.0917 0.7991 0.0479 0.0066 0.0081 0.0143 
   NS_SS0947  1 0.0171 0.2746 0.0259 0.5884 0.0298 0.0080 0.0155 0.0406 
   NS_SS0926  1 0.6359 0.0868 0.0108 0.0070 0.0385 0.0023 0.1783 0.0404 
   NS_SS0918  1 0.0603 0.0925 0.0139 0.5706 0.1435 0.0052 0.0411 0.0729 
   NS_SS0966  1 0.0758 0.0523 0.0434 0.6599 0.0224 0.0845 0.0275 0.0342 
   NS_SS0938  1 0.0255 0.7591 0.0388 0.0172 0.0174 0.0022 0.0345 0.1053 
   NS_SS0917  1 0.0688 0.0315 0.2598 0.0070 0.0938 0.0638 0.0196 0.4556 
   NS_SS0957  1 0.0067 0.0321 0.0060 0.0664 0.0375 0.0106 0.0342 0.8065 
   NS_SS0987  1 0.0222 0.0128 0.0177 0.1503 0.5158 0.2296 0.0268 0.0249 
   NS_SS0717  1 0.0265 0.0199 0.0346 0.3154 0.0735 0.0040 0.0184 0.5077 
   NS_SS0986  1 0.1094 0.1264 0.0131 0.0142 0.5984 0.0057 0.0617 0.0712 
   NS_SS0953  1 0.0229 0.0111 0.0086 0.8818 0.0119 0.0200 0.0209 0.0227 
   NS_SS0907  1 0.1945 0.0282 0.0256 0.4572 0.1428 0.0640 0.0379 0.0499 
   NS_SS0974  1 0.2723 0.1921 0.3033 0.0607 0.0250 0.0067 0.0470 0.0927 
   NS_SS0989  1 0.4686 0.1772 0.1458 0.0854 0.0166 0.0014 0.0979 0.0071 
   NS_SS0991  1 0.0798 0.0075 0.0104 0.0160 0.8541 0.0028 0.0251 0.0042 
   NS_SS0994  1 0.8278 0.0147 0.0197 0.0039 0.0081 0.0027 0.1043 0.0188 
   NS_SS0931  1 0.0780 0.4240 0.0101 0.0065 0.0128 0.0171 0.4297 0.0218 
   NS_SS1000  1 0.0071 0.0315 0.0129 0.0438 0.7737 0.0051 0.0130 0.1128 
   NS_SS0919  1 0.1209 0.0353 0.0601 0.0367 0.6022 0.0060 0.0991 0.0397 
   NS_SS0949  1 0.2310 0.0466 0.1396 0.0100 0.0277 0.0016 0.5310 0.0125 
   NS_SS0960  1 0.0814 0.0175 0.1471 0.1988 0.0321 0.0123 0.4902 0.0205 
   NS_SS0716  1 0.0100 0.0058 0.0047 0.0107 0.0451 0.0107 0.0112 0.9018 
   NS_SS0924  1 0.0983 0.1468 0.3137 0.0151 0.3655 0.0253 0.0167 0.0186 
   NS_SS0935  1 0.0438 0.0088 0.0306 0.0439 0.7348 0.0132 0.1038 0.0211 
   NS_SS0952  1 0.0663 0.0475 0.0286 0.1480 0.0512 0.0485 0.5617 0.0482 
   NS_SS0962  1 0.0307 0.5628 0.0164 0.0610 0.0955 0.0119 0.0144 0.2075 
   NS_SS0973  1 0.0083 0.0195 0.5579 0.0182 0.3679 0.0054 0.0162 0.0065 
   NS_SS0722  1 0.0087 0.0162 0.0113 0.0383 0.0167 0.0032 0.0112 0.8944 
   NS_SS0979  1 0.0175 0.0742 0.0134 0.0476 0.1063 0.0037 0.0315 0.7059 
   NS_SS0993  1 0.0190 0.0992 0.5273 0.0847 0.0239 0.0226 0.0890 0.1343 
   NS_SS0958  1 0.0731 0.0220 0.0321 0.0415 0.0499 0.0056 0.6159 0.1598 
   NS_SS0988  1 0.2571 0.1432 0.1083 0.2824 0.0338 0.0057 0.0154 0.1541 
   NS_SS1003  1 0.0059 0.8915 0.0201 0.0206 0.0218 0.0155 0.0185 0.0061 
   NS_SS0976  1 0.0248 0.8154 0.0099 0.0305 0.0207 0.0026 0.0873 0.0088 
   NS_SS0964  1 0.0104 0.0655 0.1091 0.0256 0.4582 0.0036 0.0725 0.2551 
   NS_SS0939  1 0.0045 0.0295 0.0261 0.0050 0.0123 0.0073 0.0098 0.9054 
   NS_SS0990  1 0.4049 0.1344 0.0211 0.0336 0.0321 0.0050 0.0743 0.2946 
   NS_SS0984  1 0.0086 0.0731 0.0294 0.0226 0.0199 0.0035 0.0081 0.8348 
   NS_SS0980  1 0.0112 0.0163 0.0888 0.7983 0.0130 0.0028 0.0337 0.0359 
   NS_SS0978  1 0.0158 0.0330 0.1114 0.6332 0.0402 0.0049 0.0536 0.1079 
   NS_SS0951  1 0.2540 0.0234 0.0465 0.4590 0.1216 0.0050 0.0699 0.0206 
   NS_SS0913  1 0.0333 0.0364 0.0693 0.3598 0.1297 0.0521 0.2279 0.0916 
   NS_SS1002  1 0.0523 0.2702 0.0147 0.3361 0.0112 0.0572 0.0082 0.2501 
   NS_SS0948  1 0.0599 0.0629 0.0150 0.1911 0.0623 0.0774 0.1198 0.4116 
   NS_SS0916  1 0.0116 0.0120 0.9050 0.0186 0.0102 0.0053 0.0291 0.0080 
   NS_SS0995  1 0.0133 0.0067 0.9155 0.0179 0.0110 0.0045 0.0212 0.0099 
   NS_SS0927  1 0.1325 0.0093 0.7851 0.0142 0.0175 0.0066 0.0126 0.0221 
   NS_SS0992  1 0.0240 0.0500 0.7502 0.0824 0.0349 0.0043 0.0403 0.0139 
   NS_SS0912  1 0.5133 0.0266 0.0251 0.0182 0.3159 0.0056 0.0603 0.0349 
   NS_SS0981  1 0.0192 0.3671 0.0276 0.1663 0.2487 0.0059 0.0578 0.1073 
   NS_SS0729  2 0.7884 0.0614 0.0780 0.0228 0.0115 0.0071 0.0235 0.0074 
   NS_SS0967  2 0.0353 0.2361 0.0731 0.0358 0.3057 0.0155 0.0144 0.2843 
   NS_SS0941  2 0.0207 0.1197 0.2647 0.0341 0.1381 0.1082 0.0429 0.2717 
   NS_SS0768  2 0.0384 0.0410 0.0219 0.7664 0.0761 0.0083 0.0147 0.0333 
   NS_SS0726  2 0.0363 0.1666 0.7299 0.0095 0.0041 0.0123 0.0176 0.0237 
   NS_SS0763  2 0.4566 0.1316 0.0350 0.0346 0.1823 0.0035 0.0839 0.0724 
   NS_SS0730  2 0.0388 0.1521 0.1545 0.0603 0.0373 0.0049 0.0614 0.4907 
   NS_SS0774  2 0.0083 0.0226 0.0314 0.1289 0.0122 0.0019 0.0103 0.7843 
   NS_SS0723  2 0.0134 0.1239 0.2063 0.3477 0.1550 0.0034 0.0092 0.1411 
   NS_SS0940  2 0.1016 0.0373 0.3623 0.0165 0.0766 0.0121 0.0514 0.3423 
   NS_SS0762  2 0.0085 0.0092 0.0367 0.7157 0.0066 0.0044 0.0299 0.1891 
   NS_SS0766  2 0.0725 0.0507 0.3822 0.0113 0.1292 0.0272 0.0440 0.2828 
   NS_SS0724  2 0.0204 0.2585 0.0422 0.3394 0.2747 0.0078 0.0172 0.0398 
   NS_SS0769  2 0.1181 0.0476 0.2123 0.1429 0.1160 0.0066 0.0089 0.3476 
   NS_SS0777  2 0.0732 0.0114 0.0107 0.0082 0.6037 0.0152 0.0344 0.2432 
   NS_SS0734  2 0.0176 0.0161 0.0845 0.0208 0.3627 0.0450 0.3826 0.0707 
   NS_SS0737  2 0.0064 0.3463 0.5246 0.0621 0.0161 0.0073 0.0125 0.0248 
   NS_SS0732  2 0.0094 0.0116 0.2450 0.5021 0.1819 0.0081 0.0248 0.0171 
   NS_SS0728  2 0.0384 0.1141 0.5112 0.0494 0.2106 0.0165 0.0170 0.0428 
   NS_SS0735  2 0.0197 0.0378 0.2075 0.2028 0.4468 0.0156 0.0310 0.0388 
   NS_SS0725  2 0.0307 0.7937 0.0275 0.0164 0.0213 0.0099 0.0424 0.0582 
   NS_SS0788  2 0.0768 0.3554 0.2804 0.1705 0.0481 0.0028 0.0287 0.0374 
   NS_SS0778  2 0.2932 0.0902 0.1083 0.0183 0.4040 0.0024 0.0277 0.0560 
   NS_SS0792  2 0.0588 0.0140 0.6938 0.0590 0.1108 0.0071 0.0477 0.0088 
   NS_SS0943  2 0.0294 0.2467 0.0098 0.1379 0.0338 0.0106 0.5239 0.0079 
   NS_SS0791  2 0.0164 0.0526 0.7831 0.0115 0.0628 0.0158 0.0449 0.0129 
   NS_SS0790  2 0.0038 0.0060 0.0059 0.9329 0.0090 0.0067 0.0059 0.0299 
   NS_SS0731  2 0.0215 0.0181 0.0096 0.0130 0.3486 0.0169 0.0104 0.5620 
   NS_SS0727  2 0.1417 0.0281 0.3478 0.0201 0.0279 0.0030 0.2624 0.1692 
   NS_SS0779  2 0.0439 0.0268 0.1248 0.0220 0.5296 0.0112 0.0218 0.2199 
   NS_SS0776  2 0.0294 0.1952 0.0398 0.0206 0.2245 0.0128 0.0357 0.4421 
   NS_SS0775  2 0.0055 0.0070 0.0146 0.0197 0.0102 0.0068 0.0153 0.9207 
   NS_SS0965  3 0.0243 0.0876 0.0309 0.0248 0.8026 0.0027 0.0165 0.0106 
   NS_SS0754  3 0.0738 0.0259 0.2829 0.0322 0.4036 0.0206 0.1162 0.0448 
   NS_SS0838  3 0.0251 0.7716 0.0490 0.0156 0.0320 0.0441 0.0204 0.0422 
   NS_SS0839  3 0.0072 0.0871 0.0617 0.7171 0.0179 0.0050 0.0208 0.0830 
   NS_SS0832  3 0.0104 0.0243 0.0349 0.0846 0.6503 0.0474 0.0069 0.1412 
   NS_SS0820  3 0.0085 0.6034 0.1422 0.0125 0.2081 0.0092 0.0034 0.0128 
   NS_SS0886  3 0.2804 0.0651 0.3541 0.0227 0.2110 0.0025 0.0276 0.0367 
   NS_SS0748  3 0.0765 0.0412 0.0138 0.0949 0.3066 0.0128 0.0262 0.4279 
   NS_SS0884  3 0.0475 0.1584 0.1446 0.3596 0.0498 0.0583 0.0640 0.1179 
   NS_SS0752  3 0.0239 0.0479 0.1748 0.4028 0.1740 0.0033 0.0665 0.1069 
   NS_SS0862  3 0.0095 0.0472 0.1416 0.2413 0.5264 0.0088 0.0157 0.0095 
   NS_SS0787  3 0.8184 0.0127 0.0178 0.0144 0.0152 0.0080 0.1006 0.0129 
   NS_SS0843  3 0.1265 0.0709 0.0335 0.0842 0.5994 0.0023 0.0466 0.0366 
   NS_SS0856  3 0.1151 0.0168 0.6337 0.0130 0.0733 0.0047 0.0095 0.1340 
   NS_SS0846  3 0.5884 0.1633 0.0393 0.1175 0.0304 0.0048 0.0205 0.0357 
   NS_SS0825  3 0.1005 0.5039 0.0885 0.0226 0.2007 0.0184 0.0338 0.0316 
   NS_SS0757  3 0.0436 0.0243 0.0616 0.0742 0.6987 0.0067 0.0302 0.0608 
   NS_SS0876  3 0.0050 0.0147 0.2273 0.1517 0.2967 0.2229 0.0582 0.0234 
   NS_SS0903  3 0.0087 0.0074 0.0796 0.8642 0.0098 0.0047 0.0141 0.0115 
   NS_SS0875  3 0.2664 0.0223 0.0794 0.1168 0.0572 0.0060 0.0803 0.3718 
   NS_SS0740  3 0.0142 0.0379 0.2232 0.0903 0.5196 0.0053 0.0341 0.0753 
   NS_SS0811  3 0.0150 0.0077 0.0177 0.0879 0.4265 0.0142 0.0134 0.4176 
   NS_SS0751  3 0.0093 0.0765 0.0997 0.0173 0.1071 0.0041 0.2528 0.4330 
   NS_SS0891  3 0.0733 0.2106 0.0305 0.5458 0.0262 0.0113 0.0240 0.0782 
   NS_SS0867  3 0.3228 0.0184 0.0197 0.3797 0.0243 0.0321 0.1637 0.0392 
   NS_SS0890  3 0.0511 0.0150 0.5835 0.1358 0.0414 0.0041 0.0144 0.1547 
   NS_SS0866  3 0.7700 0.0207 0.0514 0.0077 0.0115 0.0071 0.0969 0.0347 
   NS_SS0755  3 0.0464 0.0707 0.1221 0.3147 0.1515 0.0115 0.0635 0.2196 
   NS_SS0758  3 0.2116 0.0715 0.2965 0.0259 0.3614 0.0029 0.0157 0.0145 
   NS_SS0840  3 0.0104 0.8089 0.0123 0.0361 0.0910 0.0035 0.0083 0.0295 
   NS_SS0889  3 0.6048 0.0197 0.0586 0.0777 0.0732 0.0039 0.1485 0.0137 
   NS_SS1010  3 0.1293 0.1724 0.0640 0.3867 0.0369 0.0647 0.0577 0.0882 
   NS_SS0888  3 0.0392 0.0059 0.8020 0.0105 0.0348 0.0023 0.0909 0.0145 
   NS_SS0837  3 0.0150 0.0198 0.0291 0.0250 0.8195 0.0047 0.0463 0.0407 
   NS_SS0794  3 0.0375 0.0067 0.0727 0.0155 0.0764 0.0026 0.5731 0.2154 
   NS_SS0823  3 0.0191 0.0613 0.1650 0.6252 0.0984 0.0064 0.0130 0.0117 
   NS_SS0829  3 0.5558 0.0087 0.0355 0.0170 0.0771 0.1295 0.1677 0.0086 
   NS_SS0844  3 0.0066 0.0083 0.0096 0.9495 0.0099 0.0030 0.0079 0.0053 
   NS_SS1008  3 0.0964 0.0272 0.0260 0.0265 0.0854 0.0194 0.5091 0.2101 
   NS_SS0881  3 0.0168 0.1743 0.1062 0.0089 0.0584 0.0041 0.4419 0.1893 
   NS_SS0834  3 0.0162 0.7112 0.0287 0.2005 0.0097 0.0103 0.0127 0.0107 
   NS_SS0744  3 0.0724 0.0491 0.4812 0.0178 0.3373 0.0086 0.0261 0.0074 
   NS_SS0899  3 0.0121 0.0110 0.0134 0.8497 0.0746 0.0026 0.0125 0.0241 
   NS_SS0804  3 0.0163 0.0592 0.0904 0.3849 0.3927 0.0091 0.0093 0.0380 
   NS_SS0781  3 0.0102 0.1900 0.0133 0.6085 0.0952 0.0030 0.0097 0.0701 
   NS_SS0822  3 0.0457 0.0900 0.0875 0.0242 0.0259 0.0023 0.7116 0.0128 
   NS_SS1004  3 0.0162 0.0874 0.0363 0.0192 0.7987 0.0054 0.0222 0.0146 
   NS_SS0746  3 0.0710 0.0218 0.0504 0.0480 0.5014 0.0198 0.0253 0.2622 
   NS_SS0880  3 0.0079 0.8595 0.0183 0.0138 0.0247 0.0018 0.0406 0.0333 
   NS_SS0879  3 0.1226 0.0272 0.0722 0.5913 0.0122 0.0203 0.0368 0.1175 
   NS_SS0753  3 0.1676 0.0080 0.0474 0.0245 0.6510 0.0136 0.0461 0.0419 
   NS_SS1007  3 0.0151 0.0207 0.8911 0.0073 0.0289 0.0021 0.0192 0.0157 
   NS_SS0872  3 0.0242 0.0442 0.1151 0.3181 0.0753 0.0034 0.0273 0.3923 
   NS_SS1005  3 0.0868 0.2034 0.0339 0.1969 0.3825 0.0015 0.0153 0.0797 
   NS_SS0892  3 0.0275 0.0267 0.4134 0.0413 0.2363 0.0046 0.0419 0.2084 
   NS_SS0898  3 0.0154 0.0223 0.0084 0.0139 0.0103 0.0097 0.9050 0.0150 
   NS_SS0801  3 0.0118 0.0211 0.0164 0.0431 0.8736 0.0137 0.0077 0.0126 
   NS_SS0827  3 0.2267 0.0082 0.0180 0.0248 0.2232 0.1365 0.0317 0.3309 
   NS_SS0853  3 0.1351 0.0047 0.0083 0.1517 0.4742 0.0095 0.0083 0.2081 
   NS_SS0780  3 0.0211 0.8156 0.0296 0.0228 0.0701 0.0058 0.0106 0.0243 
   NS_SS0826  3 0.0704 0.6972 0.0151 0.1487 0.0177 0.0048 0.0327 0.0134 
   NS_SS0818  3 0.0129 0.0924 0.6230 0.0932 0.0459 0.0027 0.1072 0.0228 
   NS_SS0745  3 0.0073 0.0236 0.0098 0.0084 0.0414 0.0027 0.0277 0.8790 
   NS_SS0849  3 0.0649 0.0472 0.0695 0.0615 0.4712 0.0036 0.2501 0.0320 
   NS_SS0739  3 0.0056 0.0077 0.9231 0.0074 0.0082 0.0136 0.0219 0.0125 
   NS_SS0799  3 0.1091 0.0084 0.5679 0.0196 0.1106 0.0020 0.1591 0.0233 
   NS_SS0756  3 0.0106 0.0228 0.0150 0.8955 0.0186 0.0057 0.0107 0.0210 
   NS_SS0802  3 0.1565 0.0159 0.5139 0.0163 0.0372 0.1981 0.0049 0.0572 
   NS_SS0747  3 0.0079 0.0244 0.1983 0.2767 0.4304 0.0074 0.0094 0.0455 
   NS_SS0835  3 0.8534 0.0130 0.0658 0.0187 0.0151 0.0020 0.0162 0.0159 
   NS_SS0742  3 0.0228 0.0465 0.7477 0.0613 0.0397 0.0017 0.0554 0.0248 
   NS_SS0760  3 0.6645 0.0113 0.0166 0.0305 0.1081 0.0655 0.0870 0.0165 
   NS_SS0803  3 0.0104 0.0074 0.0550 0.8788 0.0271 0.0077 0.0059 0.0077 
   NS_SS0828  3 0.0151 0.0190 0.0695 0.0278 0.7565 0.0023 0.0438 0.0661 
   NS_SS0865  3 0.0205 0.2891 0.0746 0.0571 0.3540 0.0385 0.1342 0.0319 
   NS_SS0759  3 0.0206 0.0559 0.2359 0.0258 0.5713 0.0071 0.0245 0.0591 
   NS_SS0851  3 0.0690 0.4110 0.0211 0.1240 0.0741 0.0357 0.1388 0.1263 
   NS_SS0874  3 0.0154 0.0157 0.0115 0.9190 0.0169 0.0020 0.0062 0.0131 
   NS_SS0761  3 0.1616 0.0221 0.0120 0.0501 0.6883 0.0042 0.0521 0.0095 
   NS_SS0842  3 0.0194 0.0267 0.0366 0.0581 0.0330 0.0145 0.0744 0.7374 
   NS_SS0785  3 0.0675 0.0339 0.0901 0.1027 0.5540 0.0075 0.1117 0.0325 
   NS_SS0860  3 0.7449 0.0113 0.1839 0.0190 0.0128 0.0045 0.0120 0.0116 
   NS_SS0897  3 0.2308 0.0084 0.0270 0.0199 0.0235 0.0029 0.6793 0.0082 
   NS_SS0841  3 0.0075 0.1712 0.0325 0.3218 0.1614 0.0066 0.2275 0.0716 
   NS_SS0797  3 0.0527 0.4978 0.0279 0.0139 0.1020 0.0478 0.2250 0.0330 
   NS_SS0830  3 0.0139 0.0675 0.1038 0.1105 0.1671 0.0032 0.4658 0.0682 
   NS_SS1011  3 0.0213 0.7976 0.0156 0.1208 0.0253 0.0079 0.0052 0.0063 
   NS_SS0883  3 0.0324 0.0084 0.2123 0.1040 0.5144 0.0126 0.0595 0.0563 
   NS_SS0782  3 0.4195 0.0176 0.2519 0.0317 0.1977 0.0042 0.0543 0.0232 
   NS_SS0831  3 0.8134 0.0202 0.0515 0.0216 0.0491 0.0075 0.0224 0.0142 
   NS_SS0749  3 0.0118 0.0159 0.4919 0.0326 0.3708 0.0053 0.0551 0.0167 
   NS_SS0854  3 0.0151 0.0583 0.5885 0.0674 0.0929 0.0066 0.1435 0.0277 
   HI_SS0193  4 0.0042 0.0094 0.0107 0.0108 0.0088 0.0025 0.9483 0.0054 
   HI_SS0194  4 0.0069 0.8806 0.0092 0.0374 0.0068 0.0022 0.0220 0.0349 
   HI_SS0195  4 0.0052 0.6302 0.0784 0.0167 0.1209 0.1236 0.0050 0.0200 
   HI_SS0196  4 0.0964 0.0322 0.2514 0.0372 0.2950 0.0040 0.2349 0.0489 
   HI_SS0197  4 0.0114 0.9044 0.0140 0.0128 0.0167 0.0155 0.0042 0.0211 
   HI_SS0198  4 0.0705 0.0516 0.3930 0.1671 0.1652 0.0149 0.1005 0.0373 
   HI_SS0199  4 0.2141 0.0082 0.7147 0.0155 0.0177 0.0035 0.0148 0.0115 
   HI_SS0201  4 0.4013 0.1391 0.0537 0.0278 0.2417 0.0033 0.1070 0.0261 
   HI_SS0215  4 0.7582 0.0235 0.0101 0.0386 0.1359 0.0057 0.0199 0.0081 
   HI_SS0218  4 0.0169 0.0120 0.0313 0.0103 0.0245 0.0138 0.8778 0.0135 
   HI_SS0222  4 0.4990 0.0915 0.0956 0.0134 0.2483 0.0066 0.0163 0.0293 
   HI_SS0230  4 0.0333 0.3239 0.0160 0.0895 0.3967 0.0120 0.0266 0.1021 
   HI_SS0234  4 0.0587 0.0505 0.4131 0.2594 0.0063 0.1606 0.0275 0.0239 
   HI_SS0240  4 0.0136 0.0100 0.8635 0.0123 0.0381 0.0101 0.0143 0.0381 
   HI_SS0241  4 0.2442 0.4579 0.0923 0.0188 0.0929 0.0034 0.0485 0.0420 
   HI_SS0242  4 0.0297 0.1303 0.5355 0.0409 0.0691 0.0038 0.1647 0.0259 
   HI_SS0247  4 0.0084 0.0509 0.0084 0.8906 0.0055 0.0205 0.0092 0.0066 
   HI_SS0248  4 0.1230 0.0130 0.0764 0.0318 0.0357 0.0014 0.5622 0.1565 
   HI_SS0252  4 0.0381 0.0894 0.1464 0.3068 0.3885 0.0031 0.0175 0.0102 
   HI_SS0254  4 0.0704 0.0821 0.1766 0.0417 0.1486 0.1167 0.3310 0.0330 
   HI_SS0256  4 0.0033 0.0102 0.0102 0.9422 0.0125 0.0020 0.0028 0.0168 
   HI_SS0257  4 0.3102 0.0264 0.0263 0.5459 0.0566 0.0056 0.0148 0.0142 
   HI_SS0258  4 0.0758 0.0134 0.0577 0.0174 0.5328 0.0077 0.2528 0.0424 
   HI_SS0259  4 0.0192 0.8227 0.0619 0.0553 0.0113 0.0047 0.0056 0.0193 
   HI_SS0260  4 0.0420 0.0211 0.0320 0.0201 0.0240 0.0025 0.0878 0.7704 
   HI_SS0261  4 0.1221 0.3477 0.1421 0.0336 0.0457 0.0039 0.1208 0.1840 
   HI_SS0262  4 0.0089 0.0331 0.7201 0.0752 0.0262 0.0105 0.0361 0.0897 
   HI_SS0264  4 0.0091 0.1578 0.0411 0.0711 0.4524 0.0069 0.0178 0.2439 
   HI_SS0265  4 0.0182 0.1100 0.1113 0.0670 0.0405 0.1418 0.0155 0.4956 
   HI_SS0268  4 0.0229 0.2673 0.0490 0.0511 0.1371 0.0059 0.2074 0.2593 
   HI_SS0269  4 0.1447 0.0205 0.3515 0.0138 0.0046 0.0024 0.4532 0.0093 
   HI_SS0273  4 0.0409 0.0136 0.0260 0.0191 0.0551 0.0027 0.8085 0.0341 
   HI_SS0277  4 0.2908 0.4979 0.0582 0.0555 0.0338 0.0048 0.0414 0.0176 
   HI_SS0280  4 0.0340 0.0762 0.0349 0.0160 0.2649 0.0098 0.4159 0.1483 
   HI_SS0282  4 0.1009 0.0594 0.0373 0.0996 0.4510 0.0018 0.2405 0.0097 
   HI_SS0286  4 0.2465 0.0471 0.5848 0.0247 0.0507 0.0138 0.0170 0.0153 
   NS_SS1252  5 0.9191 0.0059 0.0201 0.0053 0.0207 0.0045 0.0145 0.0100 
   NS_SS1261  5 0.1138 0.0128 0.6307 0.1044 0.0557 0.0221 0.0191 0.0414 
   NS_SS1225  5 0.1823 0.0466 0.0104 0.4650 0.1868 0.0916 0.0099 0.0075 
   NS_SS1266  5 0.0074 0.0503 0.0794 0.4308 0.3878 0.0182 0.0133 0.0128 
   NS_SS1228  5 0.0152 0.0377 0.4861 0.0591 0.0204 0.0303 0.2551 0.0961 
   NS_SS1255  5 0.0301 0.0163 0.0273 0.1025 0.0197 0.0022 0.7227 0.0791 
   NS_SS1267  5 0.9106 0.0118 0.0197 0.0074 0.0111 0.0171 0.0146 0.0079 
   NS_SS1238  5 0.0162 0.2550 0.0211 0.0138 0.0240 0.0044 0.6098 0.0557 
   NS_SS1233  5 0.0072 0.0873 0.0050 0.1070 0.0938 0.0038 0.6749 0.0209 
   NS_SS1277  5 0.1241 0.0120 0.0380 0.0079 0.0126 0.0016 0.7540 0.0498 
   NS_SS1245  5 0.1043 0.2202 0.0305 0.0136 0.3598 0.0041 0.2256 0.0419 
   NS_SS1240  5 0.9162 0.0105 0.0118 0.0067 0.0307 0.0033 0.0077 0.0130 
   NS_SS1275  5 0.0052 0.9122 0.0148 0.0177 0.0115 0.0031 0.0053 0.0302 
   NS_SS1235  5 0.0100 0.5031 0.1646 0.2428 0.0113 0.0076 0.0429 0.0176 
   NS_SS1263  5 0.0315 0.0246 0.0067 0.8790 0.0162 0.0017 0.0106 0.0296 
   NS_SS1251  5 0.0372 0.0510 0.0056 0.8581 0.0165 0.0025 0.0140 0.0151 
   NS_SS1248  5 0.0167 0.0231 0.0144 0.0347 0.4614 0.1216 0.2535 0.0745 
   NS_SS1244  5 0.0076 0.8609 0.0341 0.0186 0.0153 0.0079 0.0495 0.0060 
   NS_SS1257  5 0.1251 0.0259 0.2383 0.2095 0.0717 0.0566 0.2494 0.0235 
   NS_SS1242  5 0.0108 0.0839 0.0174 0.1247 0.0760 0.0038 0.0172 0.6662 
   NS_SS1271  5 0.2695 0.0260 0.0583 0.0108 0.0222 0.0451 0.4680 0.1000 
   NS_SS1265  5 0.8123 0.0279 0.0049 0.0156 0.0532 0.0297 0.0332 0.0231 
   NS_SS1243  5 0.0127 0.0392 0.0520 0.0135 0.6701 0.0984 0.0822 0.0319 
   NS_SS1273  5 0.0041 0.0161 0.0069 0.0095 0.0106 0.0145 0.0126 0.9258 
   NS_SS1254  5 0.0132 0.0339 0.0121 0.7482 0.0659 0.0098 0.0399 0.0769 
   NS_SS1224  5 0.0162 0.0114 0.0571 0.7902 0.0571 0.0085 0.0098 0.0499 
   NS_SS1227  5 0.0462 0.0114 0.0257 0.0061 0.0155 0.0028 0.0309 0.8612 
   NS_SS1274  5 0.1288 0.2089 0.0365 0.4589 0.0723 0.0257 0.0521 0.0167 
   NS_SS1241  5 0.0131 0.0407 0.0381 0.1555 0.0232 0.0017 0.7076 0.0202 
   NS_SS1256  5 0.0432 0.7099 0.0089 0.0315 0.0861 0.0487 0.0272 0.0445 
   NS_SS1260  5 0.3950 0.0148 0.4168 0.0321 0.0311 0.0789 0.0157 0.0157 
   NS_SS1262  5 0.1273 0.0310 0.0239 0.3108 0.1574 0.1879 0.1564 0.0054 
   NS_SS1230  5 0.0167 0.0136 0.0198 0.0125 0.7390 0.0066 0.1322 0.0596 
   NS_SS1270  5 0.0108 0.0644 0.0144 0.0357 0.8383 0.0027 0.0189 0.0148 
   NS_SS1229  5 0.0213 0.0627 0.7587 0.1123 0.0174 0.0068 0.0069 0.0139 
   NS_SS1246  5 0.3958 0.5226 0.0155 0.0062 0.0071 0.0048 0.0098 0.0382 
   NS_SS1269  5 0.0363 0.0335 0.1228 0.0265 0.7399 0.0048 0.0251 0.0111 
   NS_SS1239  5 0.0144 0.0078 0.8958 0.0120 0.0086 0.0058 0.0432 0.0124 
   NS_SS1272  5 0.2886 0.6277 0.0159 0.0104 0.0272 0.0099 0.0120 0.0082 
   NS_SS1268  5 0.0095 0.0186 0.0362 0.5194 0.1401 0.0050 0.2502 0.0210 
   NS_SS1249  5 0.2068 0.0222 0.0537 0.0260 0.0211 0.0186 0.6237 0.0279 
   HI_SS0559  6 0.0264 0.0114 0.0146 0.1072 0.7225 0.0023 0.0361 0.0794 
   HI_SS0563  6 0.1772 0.0538 0.1710 0.1989 0.2585 0.0053 0.1108 0.0246 
   HI_SS0564  6 0.0683 0.3498 0.2017 0.1230 0.0413 0.0849 0.1114 0.0196 
   HI_SS0565  6 0.6119 0.0493 0.0251 0.0698 0.0283 0.0055 0.0218 0.1883 
   HI_SS0569  6 0.2343 0.0191 0.0113 0.0150 0.6116 0.0057 0.0781 0.0249 
   HI_SS0570  6 0.0911 0.0373 0.0980 0.0172 0.0288 0.0498 0.6516 0.0261 
   HI_SS0572  6 0.0237 0.1628 0.2157 0.2702 0.0187 0.0045 0.0121 0.2923 
   HI_SS0576  6 0.0168 0.0122 0.1187 0.0192 0.6972 0.0096 0.0435 0.0827 
   HI_SS0579  6 0.0245 0.0323 0.0256 0.1373 0.7433 0.0167 0.0135 0.0068 
   HI_SS0580  6 0.5567 0.0543 0.0287 0.1377 0.0396 0.0073 0.0286 0.1471 
   HI_SS0581  6 0.0083 0.5070 0.2642 0.0210 0.0328 0.0861 0.0294 0.0513 
   HI_SS0583  6 0.9314 0.0066 0.0072 0.0090 0.0102 0.0034 0.0053 0.0269 
   HI_SS0586  6 0.9096 0.0083 0.0044 0.0075 0.0216 0.0020 0.0206 0.0259 
   HI_SS0588  6 0.1527 0.0162 0.1191 0.0195 0.5371 0.0260 0.1172 0.0122 
   HI_SS0595  6 0.1251 0.0803 0.1586 0.1102 0.0362 0.0501 0.3505 0.0890 
   HI_SS0596  6 0.0083 0.0107 0.1777 0.0293 0.0093 0.0042 0.0255 0.7350 
   HI_SS0597  6 0.0376 0.3486 0.0364 0.0611 0.0402 0.0033 0.0188 0.4540 
   HI_SS0600  6 0.0904 0.0470 0.7209 0.0620 0.0242 0.0035 0.0433 0.0086 
   HI_SS0601  6 0.0350 0.0133 0.0282 0.8253 0.0555 0.0216 0.0122 0.0088 
   HI_SS0602  6 0.0266 0.0052 0.0212 0.0080 0.9033 0.0031 0.0072 0.0253 
   HI_SS0604  6 0.0996 0.1504 0.0229 0.0317 0.6415 0.0024 0.0265 0.0250 
   HI_SS0605  6 0.0296 0.0310 0.4315 0.0131 0.4476 0.0081 0.0272 0.0120 
   HI_SS0608  6 0.0911 0.0163 0.0300 0.0619 0.0288 0.0028 0.5941 0.1750 
   HI_SS0609  6 0.0229 0.0289 0.0357 0.7744 0.0277 0.0012 0.0789 0.0304 
   HI_SS0611  6 0.5713 0.0137 0.0600 0.0325 0.1895 0.0052 0.1159 0.0120 
   HI_SS0612  6 0.0108 0.0142 0.0262 0.8889 0.0145 0.0083 0.0284 0.0088 
   HI_SS0613  6 0.0325 0.0111 0.2038 0.0198 0.6851 0.0023 0.0183 0.0271 
   HI_SS0615  6 0.0055 0.0141 0.8863 0.0234 0.0243 0.0120 0.0068 0.0277 
   HI_SS0001  6 0.0776 0.8091 0.0358 0.0324 0.0082 0.0057 0.0127 0.0185 
   HI_SS0002  6 0.0845 0.0828 0.1038 0.2499 0.3907 0.0428 0.0180 0.0277 
   HI_SS0004  6 0.0922 0.0306 0.2218 0.0362 0.0306 0.0087 0.4799 0.1001 
   HI_SS0005  6 0.0128 0.0343 0.0175 0.0197 0.8509 0.0094 0.0383 0.0169 
   HI_SS0006  6 0.8737 0.0343 0.0200 0.0307 0.0149 0.0029 0.0082 0.0152 
   HI_SS0007  6 0.0542 0.0313 0.0582 0.0089 0.0633 0.0047 0.7650 0.0145 
   HI_SS0008  6 0.0195 0.0255 0.4402 0.0355 0.2483 0.0439 0.0465 0.1406 
   HI_SS0009  6 0.0239 0.0217 0.3836 0.2043 0.1075 0.0065 0.1722 0.0803 
   HI_SS0010  6 0.0227 0.0130 0.0207 0.0300 0.0476 0.0081 0.5548 0.3029 
   HI_SS0011  6 0.0078 0.3772 0.0105 0.0884 0.0274 0.1002 0.2014 0.1871 
   HI_SS0012  6 0.0227 0.0145 0.6463 0.2408 0.0403 0.0061 0.0067 0.0225 
   HI_SS0017  6 0.0096 0.3249 0.0137 0.0208 0.0110 0.0025 0.3579 0.2595 
   HI_SS0021  6 0.5446 0.0090 0.0162 0.0053 0.0111 0.2281 0.0534 0.1322 
   HI_SS0024  6 0.0254 0.2707 0.0566 0.0080 0.0084 0.0027 0.0295 0.5987 
   HI_SS0025  6 0.2087 0.0169 0.3361 0.0206 0.1466 0.0054 0.0331 0.2326 
   HI_SS0027  6 0.0498 0.0121 0.0341 0.0337 0.1039 0.0208 0.7367 0.0089 
   HI_SS0028  6 0.0159 0.0151 0.0074 0.1495 0.0384 0.0024 0.0157 0.7557 
   HI_SS0029  6 0.0575 0.0206 0.0142 0.0261 0.0214 0.0123 0.0202 0.8278 
   HI_SS0030  6 0.0438 0.1838 0.5591 0.0244 0.0385 0.0072 0.1169 0.0262 
   HI_SS0031  6 0.0149 0.0297 0.2688 0.0235 0.1750 0.0081 0.0338 0.4463 
   HI_SS0034  6 0.1485 0.4156 0.0273 0.0160 0.2601 0.0065 0.1001 0.0260 
   HI_SS0036  6 0.0933 0.8217 0.0168 0.0068 0.0158 0.0137 0.0197 0.0121 
   HI_SS0037  6 0.3426 0.0297 0.0382 0.0587 0.0732 0.0082 0.4232 0.0263 
   HI_SS0039  6 0.0381 0.0450 0.0111 0.0075 0.2490 0.0043 0.0731 0.5720 
   HI_SS0041  6 0.0131 0.1141 0.7380 0.0189 0.0154 0.0036 0.0137 0.0833 
   HI_SS0042  6 0.0236 0.2128 0.1330 0.3146 0.0379 0.1405 0.0704 0.0672 
   HI_SS0043  6 0.5924 0.0282 0.0482 0.0092 0.0417 0.0060 0.2628 0.0115 
   HI_SS0044  6 0.0125 0.0127 0.0431 0.0109 0.0115 0.0039 0.1143 0.7910 
   HI_SS0047  6 0.0126 0.1088 0.0959 0.0122 0.7245 0.0043 0.0317 0.0102 
   HI_SS0049  6 0.0173 0.3274 0.0263 0.0401 0.1300 0.0060 0.0448 0.4083 
   HI_SS0051  6 0.0518 0.0109 0.2312 0.0330 0.6300 0.0024 0.0284 0.0124 
   HI_SS0053  6 0.2483 0.3716 0.0635 0.0161 0.0604 0.0081 0.0799 0.1522 
   HI_SS0054  6 0.1847 0.1932 0.0110 0.0250 0.1099 0.0041 0.4623 0.0098 
   HI_SS0057  6 0.0141 0.1982 0.0292 0.0163 0.4421 0.0050 0.2691 0.0260 
   HI_SS0058  6 0.0731 0.0257 0.0163 0.8102 0.0187 0.0121 0.0172 0.0266 
   HI_SS0060  6 0.0125 0.0356 0.2722 0.0441 0.1938 0.0847 0.3297 0.0274 
   HI_SS0087  6 0.7130 0.0936 0.0335 0.0729 0.0475 0.0049 0.0190 0.0156 
   HI_SS0091  6 0.8837 0.0193 0.0398 0.0192 0.0108 0.0017 0.0173 0.0082 
   HI_SS0095  6 0.0565 0.1452 0.3915 0.0912 0.2337 0.0544 0.0128 0.0146 
   HI_SS0097  6 0.0156 0.0234 0.0116 0.7744 0.0801 0.0074 0.0398 0.0477 
   HI_SS0099  6 0.0121 0.0076 0.0164 0.0170 0.0091 0.0073 0.0076 0.9229 
   HI_SS0103  6 0.0361 0.1003 0.6836 0.0482 0.0586 0.0032 0.0079 0.0622 
   HI_SS0105  6 0.0410 0.6036 0.0678 0.0413 0.1493 0.0460 0.0407 0.0104 
   HI_SS0107  6 0.0304 0.7241 0.0396 0.1148 0.0257 0.0013 0.0089 0.0552 
   HI_SS0108  6 0.0551 0.0112 0.0141 0.0108 0.0692 0.0359 0.7889 0.0147 
   HI_SS0110  6 0.0305 0.1045 0.7758 0.0229 0.0106 0.0018 0.0320 0.0219 
   HI_SS0111  6 0.0864 0.0375 0.7211 0.0434 0.0295 0.0347 0.0271 0.0203 
   HI_SS0112  6 0.0175 0.0161 0.0146 0.0110 0.0115 0.0023 0.9169 0.0099 
   HI_SS0113  6 0.0299 0.7362 0.0203 0.0346 0.0645 0.0045 0.0095 0.1006 
   HI_SS0114  6 0.0630 0.0172 0.0159 0.0107 0.8554 0.0071 0.0236 0.0072 
   HI_SS0115  6 0.0125 0.0062 0.1652 0.1133 0.4981 0.0230 0.1225 0.0593 
   HI_SS0116  6 0.8769 0.0055 0.0079 0.0107 0.0073 0.0033 0.0171 0.0713 
   HI_SS0117  6 0.0634 0.6621 0.0172 0.1489 0.0581 0.0036 0.0305 0.0162 
   HI_SS0118  6 0.8117 0.0230 0.0183 0.0474 0.0248 0.0110 0.0346 0.0292 
   HI_SS0119  6 0.1961 0.1225 0.4441 0.0637 0.0478 0.0031 0.1139 0.0089 
   HI_SS0120  6 0.0090 0.8697 0.0312 0.0278 0.0065 0.0041 0.0100 0.0417 
   HI_SS0121  6 0.0401 0.0416 0.0706 0.6296 0.0636 0.0023 0.0124 0.1398 
   HI_SS0122  6 0.0308 0.0229 0.3827 0.0338 0.0161 0.0364 0.4536 0.0237 
   HI_SS0123  6 0.1955 0.5531 0.0496 0.0846 0.0666 0.0091 0.0111 0.0303 
   HI_SS0124  6 0.0037 0.0751 0.1123 0.0903 0.0803 0.0040 0.0734 0.5610 
   HI_SS0125  6 0.0081 0.0616 0.7872 0.0153 0.0134 0.0467 0.0102 0.0574 
   HI_SS0126  6 0.0267 0.0070 0.0082 0.0091 0.0083 0.0015 0.8003 0.1389 
   HI_SS0127  6 0.0133 0.0085 0.0447 0.0136 0.8512 0.0124 0.0138 0.0425 
   HI_SS0128  6 0.0444 0.0532 0.4724 0.0180 0.0133 0.0046 0.0464 0.3477 
   HI_SS0129  6 0.0933 0.1960 0.2026 0.0157 0.0271 0.0209 0.4058 0.0385 
   HI_SS0131  6 0.0096 0.0116 0.0082 0.0264 0.2316 0.0444 0.6581 0.0102 
   HI_SS0132  6 0.0185 0.0592 0.0215 0.2094 0.0257 0.0012 0.6220 0.0426 
   HI_SS0133  6 0.0435 0.0075 0.0047 0.0038 0.0047 0.0020 0.9277 0.0060 
   HI_SS0134  6 0.0577 0.3641 0.0579 0.0375 0.2248 0.0029 0.2224 0.0327 
   HI_SS0142  6 0.0224 0.0918 0.0158 0.0313 0.5912 0.0234 0.0179 0.2061 
   HI_SS0145  6 0.0363 0.0087 0.0213 0.3440 0.4660 0.0026 0.0926 0.0285 
   HI_SS0146  6 0.0210 0.0062 0.0306 0.0157 0.0072 0.0014 0.8948 0.0231 
   HI_SS0147  6 0.0203 0.0443 0.1179 0.7038 0.0339 0.0343 0.0129 0.0326 
   HI_SS0149  6 0.0132 0.8572 0.0132 0.0146 0.0066 0.0070 0.0465 0.0417 
   HI_SS0150  6 0.0466 0.4211 0.2058 0.0554 0.1693 0.0073 0.0500 0.0445 
   HI_SS0151  6 0.0186 0.0142 0.7842 0.0234 0.0623 0.0177 0.0736 0.0061 
   NS_SS1451  6 0.0045 0.1072 0.5230 0.0863 0.0986 0.0053 0.1020 0.0732 
   NS_SS1404  6 0.0143 0.0746 0.0597 0.1084 0.1875 0.0187 0.2295 0.3073 
   NS_SS1432  6 0.0138 0.0334 0.0258 0.0049 0.0061 0.0563 0.0109 0.8488 
   NS_SS1405  6 0.1325 0.0092 0.0601 0.0685 0.0140 0.0049 0.1112 0.5997 
   NS_SS1431  6 0.0071 0.1320 0.0295 0.0299 0.0073 0.0019 0.0452 0.7471 
   NS_SS1402  6 0.1318 0.1943 0.1023 0.4906 0.0223 0.0059 0.0382 0.0147 
   NS_SS1450  6 0.0159 0.6213 0.0313 0.0151 0.0550 0.0056 0.2396 0.0162 
   NS_SS1396  6 0.0483 0.2126 0.1550 0.0281 0.0819 0.0102 0.0190 0.4449 
   NS_SS1393  6 0.7947 0.0114 0.0821 0.0172 0.0481 0.0059 0.0147 0.0258 
   NS_SS1392  6 0.0072 0.0429 0.8182 0.0103 0.0201 0.0267 0.0336 0.0410 
   NS_SS1445  6 0.7007 0.0663 0.0343 0.0163 0.1416 0.0119 0.0144 0.0145 
   NS_SS1423  6 0.0894 0.1125 0.2294 0.1806 0.0228 0.0031 0.3267 0.0355 
   NS_SS1421  6 0.0148 0.7279 0.0081 0.0086 0.0072 0.0704 0.1546 0.0085 
   NS_SS1411  6 0.1270 0.0120 0.0170 0.0107 0.2173 0.0027 0.6035 0.0098 
   NS_SS1453  6 0.4087 0.3759 0.1041 0.0291 0.0090 0.0103 0.0227 0.0402 
   NS_SS1442  6 0.1036 0.0127 0.0731 0.0487 0.6686 0.0055 0.0564 0.0313 
   NS_SS1422  6 0.0301 0.0128 0.0896 0.8161 0.0134 0.0160 0.0163 0.0057 
   NS_SS1419  6 0.0371 0.0203 0.0070 0.6647 0.0413 0.1538 0.0556 0.0202 
   NS_SS1427  6 0.3425 0.0349 0.2142 0.0091 0.0087 0.0022 0.3720 0.0163 
   NS_SS1444  6 0.0186 0.0141 0.0725 0.0398 0.0406 0.0057 0.0490 0.7598 
   NS_SS1455  6 0.0392 0.0512 0.0192 0.6576 0.0424 0.0021 0.0428 0.1454 
   NS_SS1425  6 0.1371 0.0142 0.0163 0.0212 0.0217 0.0025 0.7805 0.0064 
   NS_SS1400  6 0.6711 0.0093 0.0052 0.0318 0.1769 0.0026 0.0910 0.0121 
   NS_SS1406  6 0.0077 0.0806 0.0131 0.8531 0.0140 0.0125 0.0052 0.0138 
   NS_SS1417  6 0.6155 0.1203 0.0231 0.1303 0.0357 0.0093 0.0339 0.0318 
   NS_SS1454  6 0.1903 0.3366 0.0293 0.0262 0.0961 0.0020 0.2712 0.0484 
   NS_SS1412  6 0.1336 0.0166 0.0325 0.0530 0.0678 0.0449 0.3125 0.3391 
   NS_SS1438  6 0.8189 0.0112 0.0367 0.0474 0.0502 0.0024 0.0286 0.0048 
   NS_SS1416  6 0.5479 0.0568 0.0741 0.1469 0.0267 0.0122 0.0160 0.1195 
   NS_SS1401  6 0.0126 0.5838 0.0723 0.1146 0.0258 0.0263 0.0449 0.1198 
   NS_SS1424  6 0.1627 0.0144 0.1043 0.1234 0.1795 0.0197 0.3342 0.0617 
   NS_SS1435  6 0.0121 0.0432 0.0880 0.0060 0.2327 0.0050 0.5515 0.0616 
   NS_SS1447  6 0.0117 0.3283 0.0260 0.0275 0.4299 0.0102 0.0166 0.1497 
   NS_SS1414  6 0.0817 0.1932 0.0063 0.2550 0.3501 0.0074 0.0112 0.0951 
   NS_SS1449  6 0.0064 0.0473 0.4580 0.4095 0.0109 0.0079 0.0498 0.0102 
   NS_SS1443  6 0.0396 0.0154 0.1302 0.0444 0.1776 0.0037 0.5628 0.0263 
   NS_SS1434  6 0.0147 0.0153 0.4971 0.0138 0.0077 0.0012 0.3197 0.1305 
   NS_SS1398  6 0.0187 0.5823 0.0571 0.0121 0.0485 0.0371 0.1739 0.0703 
   NS_SS1426  6 0.6769 0.0535 0.0757 0.0100 0.1044 0.0049 0.0566 0.0180 
   NS_SS1413  6 0.0098 0.0101 0.0071 0.0060 0.0117 0.0150 0.9330 0.0072 
   NS_SS1395  6 0.1247 0.1077 0.3905 0.0119 0.2985 0.0123 0.0453 0.0091 
   NS_SS1448  6 0.0232 0.2040 0.0192 0.0090 0.0220 0.0020 0.6754 0.0451 
   NS_SS1446  6 0.1767 0.0624 0.5928 0.0535 0.0221 0.0046 0.0608 0.0271 
   NS_SS1403  6 0.5999 0.0208 0.0625 0.1135 0.0279 0.0151 0.0099 0.1503 
   NS_SS1415  6 0.0098 0.0087 0.0147 0.0086 0.2418 0.0124 0.6968 0.0072 
   NS_SS1437  6 0.0209 0.0204 0.0078 0.0241 0.0233 0.0136 0.0085 0.8813 
   NS_SS1439  6 0.0366 0.0161 0.0470 0.0555 0.8228 0.0038 0.0066 0.0116 
   NS_SS1441  6 0.0594 0.0514 0.1601 0.2507 0.1024 0.0034 0.1996 0.1729 
   NS_SS1420  6 0.0121 0.0165 0.0587 0.3342 0.5253 0.0047 0.0160 0.0324 
   NS_SS1394  6 0.0067 0.0211 0.1136 0.0157 0.0636 0.0627 0.0153 0.7011 
   NS_SS1391  6 0.0833 0.1128 0.2313 0.0224 0.2024 0.0195 0.1062 0.2223 
   NS_SS1410  6 0.4107 0.0522 0.3272 0.0726 0.0210 0.0299 0.0336 0.0527 
   NS_SS1408  6 0.0123 0.7496 0.0568 0.0125 0.0768 0.0669 0.0128 0.0123 
   NS_SS1409  6 0.2993 0.0152 0.5612 0.0330 0.0266 0.0043 0.0078 0.0527 
   HI_SS0617  7 0.0430 0.0144 0.7756 0.0607 0.0137 0.0026 0.0174 0.0726 
   HI_SS0618  7 0.0692 0.0437 0.4984 0.0931 0.1178 0.0041 0.0155 0.1582 
   HI_SS0619  7 0.0197 0.0242 0.0398 0.0314 0.0448 0.0052 0.1533 0.6818 
   HI_SS0620  7 0.0840 0.0076 0.0705 0.0121 0.0848 0.0056 0.7274 0.0080 
   HI_SS0621  7 0.0507 0.0627 0.5433 0.1513 0.0462 0.0276 0.0092 0.1089 
   HI_SS0622  7 0.0162 0.0317 0.0156 0.1039 0.0550 0.0144 0.1204 0.6427 
   HI_SS0626  7 0.0283 0.0278 0.0936 0.0727 0.3131 0.0148 0.1048 0.3450 
   HI_SS0627  7 0.3091 0.1758 0.1819 0.0389 0.1105 0.0164 0.0794 0.0880 
   HI_SS0628  7 0.2024 0.3036 0.0379 0.0057 0.0117 0.0833 0.3299 0.0255 
   HI_SS0629  7 0.2296 0.0097 0.5852 0.0390 0.0604 0.0127 0.0319 0.0317 
   HI_SS0630  7 0.1235 0.0409 0.0320 0.0274 0.4066 0.0629 0.2352 0.0716 
   HI_SS0631  7 0.1236 0.0306 0.2248 0.0237 0.1884 0.0012 0.3741 0.0336 
   HI_SS0632  7 0.0164 0.1141 0.0323 0.0240 0.0461 0.0069 0.7202 0.0400 
   HI_SS0633  7 0.0213 0.0151 0.0609 0.0619 0.0196 0.0053 0.0123 0.8036 
   HI_SS0634  7 0.0173 0.1838 0.6283 0.0088 0.0912 0.0031 0.0536 0.0138 
   HI_SS0635  7 0.0261 0.0150 0.0668 0.4744 0.2681 0.0166 0.0416 0.0915 
   HI_SS0637  7 0.0182 0.0487 0.1976 0.0320 0.6751 0.0047 0.0098 0.0139 
   HI_SS0638  7 0.0199 0.1179 0.0370 0.0223 0.2898 0.0018 0.4400 0.0714 
   HI_SS0639  7 0.0150 0.0520 0.6037 0.0153 0.1084 0.0750 0.0244 0.1061 
   HI_SS0640  7 0.1236 0.0110 0.0236 0.0392 0.7175 0.0028 0.0543 0.0280 
   HI_SS0641  7 0.1165 0.0093 0.0316 0.0331 0.6750 0.0089 0.0955 0.0300 
   HI_SS0642  7 0.0216 0.8132 0.0519 0.0098 0.0253 0.0030 0.0263 0.0490 
   HI_SS0645  7 0.0119 0.0031 0.0522 0.5743 0.0077 0.0012 0.2439 0.1057 
   HI_SS0646  7 0.0644 0.2503 0.1041 0.0522 0.4446 0.0036 0.0557 0.0250 
   HI_SS0647  7 0.0205 0.8631 0.0082 0.0180 0.0121 0.0020 0.0491 0.0270 
   HI_SS0648  7 0.0171 0.0327 0.1102 0.1711 0.0974 0.0092 0.4500 0.1123 
   HI_SS0649  7 0.4846 0.0257 0.1087 0.0521 0.0530 0.0039 0.0147 0.2572 
   HI_SS0650  7 0.0133 0.0247 0.8802 0.0106 0.0284 0.0067 0.0103 0.0258 
   HI_SS0651  7 0.0867 0.0275 0.0428 0.5789 0.0602 0.0085 0.0318 0.1637 
   HI_SS0652  7 0.0065 0.4000 0.0460 0.0088 0.4429 0.0045 0.0373 0.0541 
   NS_SS1371  7 0.1116 0.0183 0.7844 0.0351 0.0150 0.0103 0.0129 0.0123 
   NS_SS1374  7 0.0813 0.0657 0.2072 0.0103 0.0389 0.0048 0.5276 0.0642 
   NS_SS1337  7 0.0208 0.7759 0.1321 0.0233 0.0072 0.0052 0.0277 0.0077 
   NS_SS1385  7 0.0457 0.0106 0.0202 0.1540 0.0339 0.0072 0.0200 0.7084 
   NS_SS1388  7 0.1028 0.0100 0.0128 0.0130 0.0063 0.0124 0.0091 0.8337 
   NS_SS1370  7 0.0119 0.0194 0.2886 0.3646 0.2078 0.0161 0.0782 0.0134 
   NS_SS1389  7 0.0107 0.0106 0.0051 0.0311 0.0183 0.0045 0.0063 0.9135 
   NS_SS1360  7 0.0286 0.0163 0.0241 0.0269 0.7129 0.0074 0.1492 0.0346 
   NS_SS1330  7 0.0093 0.0097 0.0314 0.0299 0.8936 0.0044 0.0112 0.0105 
   NS_SS1328  7 0.0316 0.1284 0.0971 0.0125 0.0139 0.0040 0.5956 0.1170 
   NS_SS1384  7 0.1162 0.3173 0.0233 0.1166 0.3205 0.0056 0.0913 0.0092 
   NS_SS1381  7 0.0665 0.0188 0.7439 0.1300 0.0104 0.0015 0.0106 0.0184 
   NS_SS1375  7 0.0133 0.0139 0.3713 0.0047 0.2303 0.0012 0.0436 0.3217 
   NS_SS1319  7 0.0311 0.1022 0.4075 0.0250 0.2521 0.1252 0.0102 0.0467 
   NS_SS1326  7 0.0804 0.0466 0.0534 0.0097 0.0303 0.0164 0.7452 0.0180 
   NS_SS1341  7 0.2667 0.5210 0.0352 0.0140 0.0544 0.0077 0.0133 0.0878 
   NS_SS1383  7 0.0266 0.2077 0.7051 0.0140 0.0145 0.0069 0.0141 0.0111 
   NS_SS1318  7 0.0270 0.0205 0.2985 0.0563 0.3901 0.0261 0.1361 0.0455 
   NS_SS1348  7 0.8038 0.0083 0.0245 0.0117 0.0255 0.0023 0.1185 0.0054 
   NS_SS1363  7 0.0234 0.0175 0.1214 0.3221 0.4541 0.0059 0.0339 0.0217 
   NS_SS1335  7 0.1506 0.0261 0.0163 0.2770 0.1706 0.0353 0.3159 0.0082 
   NS_SS1358  7 0.1126 0.4115 0.0703 0.2422 0.0150 0.0225 0.1226 0.0031 
   NS_SS1342  7 0.5379 0.3128 0.0179 0.0929 0.0073 0.0026 0.0161 0.0126 
   NS_SS1320  7 0.0045 0.6719 0.0099 0.0289 0.0193 0.0085 0.0107 0.2463 
   NS_SS1355  7 0.0624 0.0186 0.0101 0.0667 0.7190 0.0218 0.0089 0.0926 
   NS_SS1345  7 0.0105 0.0968 0.0112 0.8037 0.0132 0.0246 0.0261 0.0139 
   NS_SS1324  7 0.0571 0.0346 0.5866 0.1464 0.0453 0.0053 0.0758 0.0490 
   NS_SS1347  7 0.0480 0.0482 0.6185 0.0496 0.1267 0.0050 0.0401 0.0638 
   NS_SS1321  7 0.0430 0.0246 0.3287 0.0463 0.0855 0.0025 0.4424 0.0270 
   NS_SS1333  7 0.0596 0.0329 0.6952 0.0089 0.0055 0.0046 0.0895 0.1038 
   NS_SS1364  7 0.5626 0.3327 0.0066 0.0347 0.0128 0.0039 0.0336 0.0131 
   NS_SS1379  7 0.0516 0.2584 0.2237 0.0462 0.2451 0.0833 0.0818 0.0099 
   NS_SS1332  7 0.1420 0.0098 0.0079 0.0041 0.0223 0.0079 0.0468 0.7592 
   NS_SS1338  7 0.6217 0.0139 0.2379 0.0179 0.0566 0.0103 0.0345 0.0073 
   NS_SS1368  7 0.2435 0.0710 0.0079 0.0393 0.0206 0.0067 0.0617 0.5492 
   NS_SS1354  7 0.0536 0.0423 0.0974 0.4116 0.1864 0.0196 0.0341 0.1549 
   NS_SS1365  7 0.0096 0.0943 0.0389 0.0137 0.3842 0.0143 0.1770 0.2680 
   NS_SS1380  7 0.0081 0.0575 0.0085 0.8627 0.0194 0.0234 0.0055 0.0150 
   NS_SS1329  7 0.3838 0.2601 0.0132 0.0888 0.0130 0.0049 0.0941 0.1421 
   NS_SS1362  7 0.1100 0.0244 0.1740 0.4106 0.2376 0.0087 0.0145 0.0202 
   NS_SS1327  7 0.8086 0.0067 0.0110 0.0043 0.0188 0.0087 0.1281 0.0139 
   NS_SS1350  7 0.0154 0.0094 0.9060 0.0125 0.0225 0.0122 0.0075 0.0146 
   NS_SS1387  7 0.0391 0.0463 0.0208 0.0154 0.3495 0.0056 0.0257 0.4975 
   NS_SS1369  7 0.0479 0.0545 0.0418 0.0224 0.0238 0.0056 0.7928 0.0113 
   NS_SS1331  7 0.0800 0.1349 0.0187 0.0759 0.0241 0.0208 0.4129 0.2328 
   NS_SS1357  7 0.0284 0.6498 0.2616 0.0161 0.0077 0.0045 0.0194 0.0125 
   NS_SS1386  7 0.1025 0.5060 0.0087 0.0118 0.0129 0.0031 0.3389 0.0161 
   NS_SS1353  7 0.0213 0.0312 0.0436 0.0737 0.0175 0.0065 0.0850 0.7212 
   NS_SS1323  7 0.0091 0.6715 0.0094 0.1686 0.0150 0.0780 0.0194 0.0290 
   HI_SS0296  8 0.0430 0.0082 0.3014 0.0377 0.2108 0.0024 0.3800 0.0165 
   HI_SS0297  8 0.0583 0.5809 0.1966 0.0299 0.0381 0.0014 0.0755 0.0194 
   HI_SS0299  8 0.1731 0.6179 0.0134 0.0433 0.0613 0.0436 0.0399 0.0075 
   HI_SS0300  8 0.1565 0.0182 0.1027 0.0349 0.3304 0.0019 0.3462 0.0091 
   HI_SS0301  8 0.0396 0.0399 0.0307 0.0092 0.8263 0.0075 0.0228 0.0240 
   HI_SS0302  8 0.0183 0.0123 0.0165 0.0151 0.2777 0.0319 0.5778 0.0504 
   HI_SS0303  8 0.0892 0.0120 0.0084 0.0088 0.0122 0.0103 0.4912 0.3679 
   HI_SS0304  8 0.0188 0.2195 0.0646 0.0412 0.0876 0.0039 0.1501 0.4144 
   HI_SS0306  8 0.0142 0.0213 0.0045 0.0059 0.0112 0.0035 0.9307 0.0089 
   HI_SS0307  8 0.1095 0.0059 0.1576 0.2721 0.2369 0.0140 0.0268 0.1772 
   HI_SS0308  8 0.0130 0.0140 0.1110 0.7145 0.0153 0.0865 0.0166 0.0291 
   HI_SS0309  8 0.0072 0.0183 0.0452 0.8801 0.0222 0.0032 0.0090 0.0147 
   HI_SS0310  8 0.1329 0.0183 0.0230 0.0354 0.0731 0.0142 0.0878 0.6152 
   HI_SS0311  8 0.0195 0.3350 0.0191 0.0243 0.2977 0.0039 0.2688 0.0318 
   HI_SS0314  8 0.0059 0.0076 0.0053 0.0120 0.0101 0.0018 0.0099 0.9473 
   HI_SS0316  8 0.2060 0.0487 0.0211 0.0434 0.1645 0.0083 0.0472 0.4607 
   HI_SS0317  8 0.0335 0.0246 0.7821 0.0346 0.0724 0.0030 0.0242 0.0254 
   HI_SS0318  8 0.0611 0.0350 0.2503 0.0070 0.1039 0.2036 0.3241 0.0149 
   HI_SS0319  8 0.8941 0.0127 0.0099 0.0159 0.0123 0.0070 0.0419 0.0062 
   HI_SS0320  8 0.0201 0.0251 0.0223 0.0060 0.0178 0.0017 0.0044 0.9026 
   HI_SS0321  8 0.0760 0.0069 0.8677 0.0077 0.0220 0.0025 0.0082 0.0090 
   HI_SS0323  8 0.3629 0.0217 0.3234 0.0155 0.2273 0.0037 0.0251 0.0203 
   HI_SS0325  8 0.0257 0.0166 0.0182 0.0108 0.0575 0.0027 0.8529 0.0156 
   HI_SS0327  8 0.0221 0.0153 0.6455 0.0857 0.0136 0.0018 0.2081 0.0078 
   HI_SS0329  8 0.1136 0.0829 0.0247 0.0448 0.0284 0.0018 0.0971 0.6067 
   HI_SS0333  8 0.2085 0.0155 0.0327 0.0604 0.0388 0.0045 0.0215 0.6181 
   HI_SS0334  8 0.0628 0.0254 0.1337 0.3026 0.3202 0.0018 0.1478 0.0057 
   HI_SS0335  8 0.0085 0.2870 0.0576 0.5339 0.0685 0.0268 0.0078 0.0098 
   HI_SS0339  8 0.0563 0.0463 0.0060 0.7284 0.0852 0.0162 0.0156 0.0460 
   HI_SS0343  8 0.0094 0.2753 0.1297 0.2987 0.1094 0.0025 0.0202 0.1548 
   HI_SS0344  8 0.1984 0.0616 0.0218 0.0093 0.0144 0.0055 0.6813 0.0075 
   HI_SS0345  8 0.0216 0.4547 0.0156 0.2376 0.1650 0.0107 0.0808 0.0139 
   HI_SS0346  8 0.0313 0.6140 0.1425 0.0076 0.0589 0.0078 0.0911 0.0467 
   HI_SS0350  8 0.0075 0.0058 0.0079 0.9247 0.0149 0.0130 0.0073 0.0189 
   HI_SS0351  8 0.2785 0.5043 0.0434 0.1103 0.0201 0.0049 0.0295 0.0089 
   HI_SS0352  8 0.0201 0.0392 0.0248 0.7455 0.0188 0.1105 0.0248 0.0162 
   HI_SS0362  8 0.0143 0.0230 0.0969 0.0067 0.2157 0.0036 0.6042 0.0355 
   HI_SS0363  8 0.2926 0.0087 0.2984 0.0784 0.0152 0.0062 0.2844 0.0161 
   HI_SS0365  8 0.3543 0.0128 0.0846 0.4589 0.0301 0.0066 0.0304 0.0223 
   HI_SS0366  8 0.8722 0.0064 0.0212 0.0321 0.0176 0.0018 0.0417 0.0070 
   HI_SS0367  8 0.0152 0.0327 0.0234 0.0425 0.0472 0.0050 0.0144 0.8195 
   HI_SS0369  8 0.0650 0.0908 0.2626 0.2948 0.1059 0.0049 0.0160 0.1600 
