   NS_SS0963  1 0.0271 0.0737 0.5982 0.0064 0.1443 0.0234 0.1269 
   NS_SS0983  1 0.0222 0.0186 0.1480 0.0038 0.7905 0.0086 0.0084 
   NS_SS0719  1 0.0418 0.0542 0.0133 0.0078 0.7189 0.1510 0.0131 
   NS_SS1001  1 0.1362 0.0581 0.0495 0.0097 0.0114 0.4911 0.2440 
   NS_SS0936  1 0.0220 0.4932 0.0595 0.0046 0.1024 0.1418 0.1764 
   NS_SS0955  1 0.1474 0.0893 0.0365 0.0069 0.4321 0.0225 0.2652 
   NS_SS0944  1 0.8090 0.0613 0.0502 0.0023 0.0093 0.0147 0.0532 
   NS_SS0945  1 0.7501 0.0292 0.0792 0.0136 0.0418 0.0533 0.0328 
   NS_SS0922  1 0.0047 0.0593 0.0332 0.0433 0.4884 0.2757 0.0954 
   NS_SS0929  1 0.0311 0.0860 0.0250 0.0048 0.0225 0.1155 0.7152 
   NS_SS0956  1 0.0174 0.0194 0.0147 0.0048 0.0330 0.3716 0.5392 
   NS_SS0906  1 0.0811 0.3608 0.1398 0.0064 0.1244 0.0606 0.2270 
   NS_SS0721  1 0.0092 0.0103 0.0246 0.0056 0.9144 0.0221 0.0138 
   NS_SS0982  1 0.0111 0.2267 0.1296 0.0264 0.1203 0.0299 0.4559 
   NS_SS0923  1 0.0159 0.0374 0.0360 0.0079 0.1398 0.7041 0.0588 
   NS_SS0905  1 0.2175 0.1223 0.2284 0.0034 0.1784 0.1249 0.1250 
   NS_SS0925  1 0.0075 0.7991 0.0185 0.0049 0.0170 0.0147 0.1384 
   NS_SS0947  1 0.0426 0.3254 0.0931 0.0088 0.1033 0.0216 0.4053 
   NS_SS0926  1 0.5541 0.0733 0.1689 0.0016 0.0333 0.1477 0.0210 
   NS_SS0918  1 0.0934 0.0264 0.0495 0.0054 0.0840 0.0952 0.6460 
   NS_SS0966  1 0.1036 0.0250 0.1318 0.0580 0.0228 0.0868 0.5719 
   NS_SS0938  1 0.0155 0.0589 0.2942 0.0024 0.0474 0.5329 0.0487 
   NS_SS0917  1 0.0128 0.2804 0.0728 0.0429 0.5362 0.0468 0.0082 
   NS_SS0957  1 0.0181 0.0145 0.0184 0.0082 0.0108 0.4821 0.4480 
   NS_SS0987  1 0.0075 0.0138 0.0228 0.2282 0.0103 0.6613 0.0561 
   NS_SS0717  1 0.0158 0.0214 0.0375 0.0056 0.1637 0.5691 0.1870 
   NS_SS0986  1 0.0680 0.0060 0.7303 0.0063 0.0443 0.0589 0.0863 
   NS_SS0953  1 0.0192 0.0732 0.0310 0.0266 0.0292 0.0304 0.7903 
   NS_SS0907  1 0.0338 0.1348 0.4419 0.0505 0.2129 0.0207 0.1056 
   NS_SS0974  1 0.3097 0.5125 0.1008 0.0070 0.0213 0.0189 0.0298 
   NS_SS0989  1 0.1019 0.0442 0.0295 0.0020 0.3193 0.0519 0.4511 
   NS_SS0991  1 0.3974 0.3465 0.0847 0.0034 0.1295 0.0161 0.0226 
   NS_SS0994  1 0.5557 0.1741 0.0470 0.0038 0.1930 0.0191 0.0072 
   NS_SS0931  1 0.5831 0.0130 0.0193 0.0125 0.0140 0.3452 0.0129 
   NS_SS1000  1 0.0234 0.0975 0.4969 0.0060 0.1176 0.0802 0.1784 
   NS_SS0919  1 0.1490 0.5356 0.0638 0.0040 0.2221 0.0127 0.0128 
   NS_SS0949  1 0.7282 0.0940 0.0236 0.0018 0.1003 0.0473 0.0048 
   NS_SS0960  1 0.7237 0.0239 0.0439 0.0120 0.0637 0.0778 0.0550 
   NS_SS0716  1 0.0077 0.0053 0.0122 0.0077 0.0108 0.9421 0.0142 
   NS_SS0924  1 0.0838 0.0356 0.0207 0.0260 0.4063 0.0667 0.3609 
   NS_SS0935  1 0.0747 0.7980 0.0245 0.0108 0.0452 0.0253 0.0216 
   NS_SS0952  1 0.6643 0.1035 0.0577 0.0517 0.0508 0.0232 0.0487 
   NS_SS0962  1 0.0132 0.0128 0.8521 0.0085 0.0325 0.0565 0.0244 
   NS_SS0973  1 0.0120 0.8534 0.0794 0.0046 0.0217 0.0087 0.0203 
   NS_SS0722  1 0.0051 0.7983 0.0273 0.0038 0.0192 0.1152 0.0310 
   NS_SS0979  1 0.0137 0.0775 0.6563 0.0028 0.0904 0.0861 0.0731 
   NS_SS0993  1 0.0096 0.5253 0.1665 0.0248 0.0117 0.2391 0.0230 
   NS_SS0958  1 0.8844 0.0132 0.0266 0.0041 0.0138 0.0442 0.0136 
   NS_SS0988  1 0.0138 0.0390 0.3399 0.0100 0.0517 0.2074 0.3381 
   NS_SS1003  1 0.0123 0.0146 0.8714 0.0128 0.0140 0.0269 0.0480 
   NS_SS0976  1 0.6711 0.0705 0.0989 0.0039 0.0257 0.0314 0.0985 
   NS_SS0964  1 0.0103 0.0610 0.4618 0.0045 0.0126 0.4219 0.0279 
   NS_SS0939  1 0.0091 0.0085 0.0067 0.0079 0.0089 0.9498 0.0091 
   NS_SS0990  1 0.0096 0.0070 0.4843 0.0045 0.0298 0.4384 0.0265 
   NS_SS0984  1 0.0047 0.0194 0.0182 0.0029 0.0131 0.9250 0.0167 
   NS_SS0980  1 0.0178 0.4360 0.0243 0.0030 0.0694 0.0874 0.3621 
   NS_SS0978  1 0.0247 0.3079 0.0923 0.0044 0.3483 0.0374 0.1850 
   NS_SS0951  1 0.1632 0.0676 0.1493 0.0051 0.0887 0.1006 0.4256 
   NS_SS0913  1 0.0499 0.0206 0.2403 0.0510 0.1107 0.4544 0.0731 
   NS_SS1002  1 0.0077 0.0082 0.8798 0.0434 0.0347 0.0088 0.0174 
   NS_SS0948  1 0.0671 0.0317 0.2250 0.0698 0.0260 0.2188 0.3616 
   NS_SS0916  1 0.0431 0.1165 0.0209 0.0069 0.0698 0.1033 0.6395 
   NS_SS0995  1 0.0128 0.0352 0.0429 0.0040 0.4172 0.4604 0.0275 
   NS_SS0927  1 0.0260 0.0358 0.0701 0.0069 0.8135 0.0320 0.0157 
   NS_SS0992  1 0.0395 0.0420 0.0789 0.0061 0.6176 0.0169 0.1990 
   NS_SS0912  1 0.2469 0.0353 0.0769 0.0040 0.5491 0.0667 0.0210 
   NS_SS0981  1 0.0147 0.0930 0.7476 0.0038 0.0188 0.0675 0.0546 
   NS_SS0729  2 0.0940 0.7658 0.0123 0.0056 0.0985 0.0112 0.0125 
   NS_SS0967  2 0.0402 0.0435 0.6367 0.0197 0.0273 0.1034 0.1292 
   NS_SS0941  2 0.0282 0.4630 0.0522 0.0916 0.1201 0.1472 0.0978 
   NS_SS0768  2 0.0679 0.0100 0.1011 0.0062 0.0666 0.0198 0.7284 
   NS_SS0726  2 0.0345 0.7258 0.0524 0.0097 0.1351 0.0235 0.0189 
   NS_SS0763  2 0.0571 0.6225 0.0650 0.0030 0.1232 0.0286 0.1005 
   NS_SS0730  2 0.0302 0.0147 0.0129 0.0043 0.0322 0.8713 0.0344 
   NS_SS0774  2 0.0079 0.0203 0.0183 0.0011 0.0147 0.2922 0.6455 
   NS_SS0723  2 0.0064 0.1307 0.1444 0.0023 0.4421 0.1348 0.1392 
   NS_SS0940  2 0.1175 0.4663 0.0291 0.0120 0.1086 0.2506 0.0160 
   NS_SS0762  2 0.0095 0.1932 0.0205 0.0058 0.0099 0.6835 0.0775 
   NS_SS0766  2 0.0663 0.0398 0.0154 0.0224 0.2390 0.5736 0.0434 
   NS_SS0724  2 0.0373 0.2671 0.2284 0.0061 0.0210 0.1776 0.2626 
   NS_SS0769  2 0.0104 0.0318 0.1571 0.0071 0.6478 0.0766 0.0692 
   NS_SS0777  2 0.0295 0.1489 0.6778 0.0161 0.0197 0.0999 0.0081 
   NS_SS0734  2 0.2110 0.0539 0.0956 0.0343 0.2124 0.3633 0.0296 
   NS_SS0737  2 0.0123 0.0347 0.1020 0.0064 0.0318 0.4175 0.3952 
   NS_SS0732  2 0.0215 0.0742 0.0961 0.0078 0.3291 0.2199 0.2514 
   NS_SS0728  2 0.0195 0.0793 0.0165 0.0175 0.6249 0.0695 0.1727 
   NS_SS0735  2 0.0184 0.5322 0.0598 0.0167 0.1878 0.0552 0.1298 
   NS_SS0725  2 0.0274 0.0584 0.5977 0.0130 0.0160 0.1997 0.0879 
   NS_SS0788  2 0.0079 0.0385 0.0221 0.0019 0.8126 0.0487 0.0683 
   NS_SS0778  2 0.0311 0.0453 0.0292 0.0021 0.4674 0.4022 0.0227 
   NS_SS0792  2 0.0273 0.0201 0.0254 0.0065 0.0304 0.3347 0.5555 
   NS_SS0943  2 0.1192 0.8048 0.0167 0.0128 0.0143 0.0078 0.0244 
   NS_SS0791  2 0.0976 0.1139 0.0224 0.0274 0.1442 0.5453 0.0492 
   NS_SS0790  2 0.0059 0.0088 0.0284 0.0045 0.0122 0.0244 0.9158 
   NS_SS0731  2 0.0172 0.0344 0.4851 0.0200 0.0229 0.3510 0.0694 
   NS_SS0727  2 0.0608 0.7545 0.0146 0.0028 0.0768 0.0723 0.0182 
   NS_SS0779  2 0.0175 0.2600 0.3653 0.0095 0.0901 0.2012 0.0565 
   NS_SS0776  2 0.0823 0.1418 0.5780 0.0121 0.0187 0.0843 0.0827 
   NS_SS0775  2 0.0071 0.0106 0.0077 0.0047 0.0074 0.9149 0.0475 
   NS_SS0965  3 0.0545 0.1846 0.2253 0.0027 0.2456 0.0965 0.1907 
   NS_SS0754  3 0.0510 0.4201 0.0154 0.0184 0.2796 0.0259 0.1897 
   NS_SS0838  3 0.0950 0.0401 0.6377 0.0472 0.0269 0.0138 0.1393 
   NS_SS0839  3 0.0065 0.0156 0.0888 0.0051 0.0193 0.1331 0.7316 
   NS_SS0832  3 0.0034 0.0433 0.7448 0.0679 0.0668 0.0269 0.0469 
   NS_SS0820  3 0.0068 0.0098 0.6681 0.0075 0.0521 0.0254 0.2303 
   NS_SS0886  3 0.0437 0.0180 0.0414 0.0033 0.8175 0.0572 0.0190 
   NS_SS0748  3 0.3990 0.0912 0.2153 0.0100 0.0237 0.1517 0.1090 
   NS_SS0884  3 0.0410 0.0338 0.0316 0.0290 0.0589 0.0264 0.7794 
   NS_SS0752  3 0.0357 0.7080 0.0861 0.0033 0.0784 0.0521 0.0363 
   NS_SS0862  3 0.0069 0.0421 0.0579 0.0068 0.3921 0.0278 0.4663 
   NS_SS0787  3 0.7998 0.0319 0.0185 0.0099 0.1018 0.0175 0.0206 
   NS_SS0843  3 0.0082 0.5113 0.3777 0.0022 0.0471 0.0305 0.0231 
   NS_SS0856  3 0.0225 0.0190 0.7439 0.0049 0.1514 0.0190 0.0393 
   NS_SS0846  3 0.1025 0.1888 0.4208 0.0049 0.2373 0.0108 0.0349 
   NS_SS0825  3 0.0384 0.0143 0.2547 0.0164 0.3372 0.0440 0.2950 
   NS_SS0757  3 0.0316 0.4588 0.1064 0.0061 0.3355 0.0244 0.0371 
   NS_SS0876  3 0.0096 0.0540 0.1899 0.2234 0.3870 0.0230 0.1132 
   NS_SS0903  3 0.0144 0.3310 0.0652 0.0052 0.1184 0.0144 0.4514 
   NS_SS0875  3 0.0096 0.0121 0.0225 0.0056 0.0772 0.8281 0.0450 
   NS_SS0740  3 0.0183 0.7942 0.0732 0.0045 0.0858 0.0118 0.0121 
   NS_SS0811  3 0.0125 0.0101 0.0309 0.0148 0.0216 0.2572 0.6530 
   NS_SS0751  3 0.1817 0.1506 0.3737 0.0029 0.0246 0.2534 0.0131 
   NS_SS0891  3 0.0602 0.0341 0.0913 0.0119 0.0619 0.4697 0.2709 
   NS_SS0867  3 0.0237 0.7176 0.0149 0.0384 0.1261 0.0154 0.0639 
   NS_SS0890  3 0.0356 0.2237 0.0567 0.0065 0.2022 0.3174 0.1579 
   NS_SS0866  3 0.2796 0.0379 0.2099 0.0099 0.2755 0.1585 0.0288 
   NS_SS0755  3 0.0580 0.0621 0.0868 0.0125 0.0464 0.2187 0.5155 
   NS_SS0758  3 0.0286 0.0147 0.4586 0.0029 0.4464 0.0161 0.0327 
   NS_SS0840  3 0.0160 0.0253 0.8019 0.0039 0.0229 0.0240 0.1059 
   NS_SS0889  3 0.4740 0.0096 0.1197 0.0034 0.1970 0.0531 0.1431 
   NS_SS1010  3 0.0554 0.0184 0.0635 0.0399 0.0167 0.0318 0.7744 
   NS_SS0888  3 0.1783 0.1798 0.0179 0.0021 0.5092 0.0580 0.0546 
   NS_SS0837  3 0.0473 0.2563 0.4332 0.0058 0.0339 0.1236 0.0998 
   NS_SS0794  3 0.8667 0.0273 0.0184 0.0025 0.0121 0.0089 0.0642 
   NS_SS0823  3 0.0184 0.0317 0.1692 0.0068 0.0791 0.0157 0.6791 
   NS_SS0829  3 0.7619 0.0376 0.0097 0.1098 0.0386 0.0131 0.0294 
   NS_SS0844  3 0.0038 0.0139 0.0089 0.0032 0.0145 0.0045 0.9513 
   NS_SS1008  3 0.1500 0.1082 0.0566 0.0180 0.0913 0.5390 0.0369 
   NS_SS0881  3 0.0483 0.0170 0.0504 0.0036 0.1194 0.7381 0.0232 
   NS_SS0834  3 0.0189 0.0353 0.7703 0.0081 0.0104 0.0161 0.1407 
   NS_SS0744  3 0.0161 0.0228 0.1153 0.0108 0.7709 0.0117 0.0523 
   NS_SS0899  3 0.0078 0.0076 0.3386 0.0021 0.0133 0.0227 0.6079 
   NS_SS0804  3 0.0075 0.0153 0.3080 0.0088 0.1089 0.0436 0.5079 
   NS_SS0781  3 0.0072 0.0236 0.5278 0.0059 0.0328 0.0811 0.3217 
   NS_SS0822  3 0.7051 0.1136 0.1206 0.0032 0.0136 0.0090 0.0350 
   NS_SS1004  3 0.0181 0.1483 0.6992 0.0060 0.0205 0.0282 0.0796 
   NS_SS0746  3 0.0568 0.2495 0.4194 0.0195 0.1235 0.0306 0.1007 
   NS_SS0880  3 0.2193 0.0894 0.4950 0.0027 0.0210 0.0512 0.1214 
   NS_SS0879  3 0.0277 0.0479 0.0529 0.0151 0.0306 0.0396 0.7862 
   NS_SS0753  3 0.0835 0.5772 0.0318 0.0161 0.1724 0.0706 0.0485 
   NS_SS1007  3 0.0197 0.0310 0.0407 0.0021 0.8349 0.0587 0.0128 
   NS_SS0872  3 0.0069 0.0676 0.5814 0.0035 0.0203 0.1111 0.2092 
   NS_SS1005  3 0.0317 0.0747 0.5103 0.0016 0.0979 0.0306 0.2532 
   NS_SS0892  3 0.0308 0.3322 0.1436 0.0026 0.0920 0.3782 0.0205 
   NS_SS0898  3 0.1255 0.0106 0.0092 0.0089 0.0160 0.8151 0.0147 
   NS_SS0801  3 0.0167 0.0295 0.5219 0.0151 0.0685 0.0148 0.3335 
   NS_SS0827  3 0.0593 0.0100 0.0412 0.1332 0.0805 0.6264 0.0495 
   NS_SS0853  3 0.0117 0.0072 0.0098 0.0068 0.0253 0.0714 0.8679 
   NS_SS0780  3 0.0070 0.2763 0.3066 0.0059 0.2521 0.0792 0.0728 
   NS_SS0826  3 0.0917 0.0092 0.8190 0.0063 0.0107 0.0243 0.0387 
   NS_SS0818  3 0.0384 0.0229 0.0346 0.0021 0.6967 0.0686 0.1368 
   NS_SS0745  3 0.0155 0.0074 0.2094 0.0016 0.0072 0.7493 0.0095 
   NS_SS0849  3 0.0189 0.0141 0.0335 0.0022 0.4561 0.4321 0.0431 
   NS_SS0739  3 0.0129 0.0261 0.0349 0.0181 0.3571 0.5353 0.0155 
   NS_SS0799  3 0.0592 0.4269 0.0208 0.0016 0.2306 0.0308 0.2301 
   NS_SS0756  3 0.0112 0.0278 0.0877 0.0050 0.1610 0.1001 0.6072 
   NS_SS0802  3 0.0122 0.0871 0.0644 0.1996 0.6040 0.0207 0.0121 
   NS_SS0747  3 0.0093 0.3311 0.0505 0.0085 0.5113 0.0189 0.0706 
   NS_SS0835  3 0.0294 0.0567 0.0439 0.0014 0.8250 0.0338 0.0098 
   NS_SS0742  3 0.0349 0.1006 0.3833 0.0018 0.1626 0.2719 0.0449 
   NS_SS0760  3 0.7177 0.0148 0.0176 0.0519 0.0915 0.0197 0.0869 
   NS_SS0803  3 0.0086 0.0631 0.0151 0.0137 0.0176 0.0205 0.8614 
   NS_SS0828  3 0.1019 0.2381 0.0115 0.0020 0.0273 0.5743 0.0449 
   NS_SS0865  3 0.0394 0.0711 0.7450 0.0367 0.0173 0.0259 0.0646 
   NS_SS0759  3 0.0115 0.0214 0.7091 0.0100 0.0997 0.1219 0.0263 
   NS_SS0851  3 0.0176 0.0067 0.0140 0.0178 0.0165 0.7545 0.1730 
   NS_SS0874  3 0.0109 0.2617 0.0495 0.0016 0.0179 0.0226 0.6358 
   NS_SS0761  3 0.1792 0.0104 0.0265 0.0037 0.7147 0.0173 0.0481 
   NS_SS0842  3 0.2734 0.0199 0.1060 0.0121 0.0385 0.4262 0.1240 
   NS_SS0785  3 0.0624 0.4692 0.1125 0.0108 0.2296 0.0319 0.0837 
   NS_SS0860  3 0.0178 0.0216 0.0370 0.0036 0.8952 0.0110 0.0137 
   NS_SS0897  3 0.9216 0.0108 0.0093 0.0029 0.0244 0.0115 0.0195 
   NS_SS0841  3 0.0470 0.0240 0.1753 0.0051 0.0327 0.2567 0.4592 
   NS_SS0797  3 0.4939 0.0145 0.0887 0.0333 0.0105 0.2723 0.0868 
   NS_SS0830  3 0.0882 0.0693 0.2386 0.0037 0.0373 0.5441 0.0188 
   NS_SS1011  3 0.0075 0.0225 0.5524 0.0104 0.0156 0.0065 0.3851 
   NS_SS0883  3 0.0942 0.0631 0.0326 0.0094 0.4734 0.2251 0.1022 
   NS_SS0782  3 0.0587 0.0219 0.0975 0.0037 0.6659 0.0829 0.0695 
   NS_SS0831  3 0.3612 0.0477 0.0491 0.0058 0.3954 0.0461 0.0947 
   NS_SS0749  3 0.0546 0.2030 0.0142 0.0055 0.6777 0.0318 0.0133 
   NS_SS0854  3 0.0629 0.1524 0.0494 0.0059 0.4023 0.0190 0.3081 
   HI_SS0193  4 0.9314 0.0254 0.0094 0.0026 0.0067 0.0114 0.0131 
   HI_SS0194  4 0.0609 0.3825 0.3943 0.0025 0.0192 0.0709 0.0697 
   HI_SS0195  4 0.0110 0.0092 0.2467 0.1194 0.0926 0.3270 0.1941 
   HI_SS0196  4 0.2401 0.0537 0.0898 0.0047 0.3593 0.0901 0.1622 
   HI_SS0197  4 0.0104 0.0118 0.4171 0.0196 0.4382 0.0895 0.0134 
   HI_SS0198  4 0.0624 0.0211 0.0918 0.0184 0.5285 0.1892 0.0886 
   HI_SS0199  4 0.0210 0.8297 0.0167 0.0039 0.0858 0.0161 0.0268 
   HI_SS0201  4 0.8085 0.0716 0.0305 0.0040 0.0361 0.0111 0.0384 
   HI_SS0215  4 0.0168 0.0244 0.0355 0.0044 0.8816 0.0126 0.0247 
   HI_SS0218  4 0.8970 0.0161 0.0087 0.0093 0.0125 0.0270 0.0292 
   HI_SS0222  4 0.0300 0.0122 0.1778 0.0084 0.6226 0.1246 0.0244 
   HI_SS0230  4 0.0065 0.0191 0.8423 0.0060 0.0331 0.0726 0.0203 
   HI_SS0234  4 0.0247 0.0972 0.0422 0.1461 0.5592 0.0268 0.1038 
   HI_SS0240  4 0.0123 0.1369 0.0081 0.0126 0.6247 0.0957 0.1097 
   HI_SS0241  4 0.0517 0.2061 0.0268 0.0034 0.2476 0.0349 0.4295 
   HI_SS0242  4 0.0556 0.0621 0.0662 0.0053 0.3130 0.4724 0.0254 
   HI_SS0247  4 0.0128 0.0605 0.2233 0.0320 0.0041 0.0416 0.6257 
   HI_SS0248  4 0.7191 0.1211 0.1081 0.0011 0.0229 0.0195 0.0083 
   HI_SS0252  4 0.0210 0.3026 0.1788 0.0035 0.0116 0.0095 0.4731 
   HI_SS0254  4 0.0852 0.0814 0.0307 0.1148 0.5116 0.1646 0.0117 
   HI_SS0256  4 0.0041 0.0276 0.0311 0.0024 0.0094 0.0082 0.9172 
   HI_SS0257  4 0.0470 0.7614 0.0087 0.0055 0.1566 0.0063 0.0145 
   HI_SS0258  4 0.8050 0.0576 0.0148 0.0065 0.0481 0.0129 0.0552 
   HI_SS0259  4 0.0135 0.3301 0.2598 0.0047 0.2640 0.0625 0.0655 
   HI_SS0260  4 0.2847 0.6240 0.0169 0.0028 0.0334 0.0189 0.0193 
   HI_SS0261  4 0.0538 0.7081 0.1155 0.0049 0.0440 0.0575 0.0162 
   HI_SS0262  4 0.0207 0.1070 0.2146 0.0126 0.2649 0.3189 0.0614 
   HI_SS0264  4 0.0139 0.0130 0.7800 0.0060 0.0858 0.0771 0.0241 
   HI_SS0265  4 0.0163 0.1404 0.2946 0.1217 0.1122 0.2350 0.0799 
   HI_SS0268  4 0.6477 0.0052 0.1077 0.0053 0.1337 0.0611 0.0394 
   HI_SS0269  4 0.5873 0.1214 0.1110 0.0036 0.0556 0.0294 0.0917 
   HI_SS0273  4 0.8264 0.0410 0.0463 0.0039 0.0221 0.0129 0.0475 
   HI_SS0277  4 0.0292 0.0098 0.4965 0.0049 0.3649 0.0514 0.0432 
   HI_SS0280  4 0.0733 0.0313 0.0846 0.0086 0.0276 0.6112 0.1635 
   HI_SS0282  4 0.0899 0.7681 0.0482 0.0021 0.0438 0.0049 0.0431 
   HI_SS0286  4 0.0282 0.0343 0.0452 0.0140 0.7884 0.0139 0.0760 
   NS_SS1252  5 0.0738 0.0171 0.0077 0.0046 0.8756 0.0089 0.0123 
   NS_SS1261  5 0.0612 0.0154 0.4715 0.0252 0.1295 0.1160 0.1812 
   NS_SS1225  5 0.1258 0.2960 0.2306 0.1233 0.0611 0.0164 0.1468 
   NS_SS1266  5 0.0047 0.0136 0.1921 0.0097 0.0119 0.0071 0.7610 
   NS_SS1228  5 0.0336 0.0757 0.0453 0.0277 0.0081 0.7751 0.0345 
   NS_SS1255  5 0.3536 0.2576 0.0347 0.0033 0.0236 0.3076 0.0196 
   NS_SS1267  5 0.0594 0.0088 0.0035 0.0159 0.8839 0.0094 0.0191 
   NS_SS1238  5 0.6173 0.0129 0.2955 0.0054 0.0414 0.0159 0.0117 
   NS_SS1233  5 0.1874 0.0110 0.5999 0.0021 0.0148 0.0447 0.1400 
   NS_SS1277  5 0.2572 0.0704 0.0089 0.0011 0.1596 0.4952 0.0075 
   NS_SS1245  5 0.0871 0.0892 0.7300 0.0024 0.0385 0.0358 0.0171 
   NS_SS1240  5 0.2042 0.0290 0.2156 0.0032 0.5158 0.0152 0.0170 
   NS_SS1275  5 0.0064 0.0566 0.6678 0.0038 0.0166 0.1117 0.1371 
   NS_SS1235  5 0.0627 0.7891 0.0415 0.0092 0.0223 0.0120 0.0633 
   NS_SS1263  5 0.0454 0.2940 0.1414 0.0029 0.0069 0.0376 0.4718 
   NS_SS1251  5 0.0177 0.1357 0.2109 0.0021 0.0320 0.0248 0.5768 
   NS_SS1248  5 0.2942 0.0154 0.0141 0.1139 0.0286 0.4969 0.0369 
   NS_SS1244  5 0.4746 0.0195 0.1101 0.0076 0.0201 0.0115 0.3567 
   NS_SS1257  5 0.2807 0.0361 0.2201 0.0394 0.3446 0.0397 0.0393 
   NS_SS1242  5 0.0097 0.0348 0.8295 0.0043 0.0182 0.0564 0.0471 
   NS_SS1271  5 0.3165 0.0355 0.0076 0.0426 0.0176 0.5717 0.0086 
   NS_SS1265  5 0.2211 0.0205 0.2559 0.0273 0.4173 0.0254 0.0325 
   NS_SS1243  5 0.0995 0.0263 0.6461 0.1062 0.0225 0.0758 0.0236 
   NS_SS1273  5 0.0205 0.0091 0.1189 0.0185 0.0284 0.7165 0.0881 
   NS_SS1254  5 0.0115 0.0248 0.0306 0.0078 0.0072 0.0142 0.9039 
   NS_SS1224  5 0.0126 0.2997 0.1713 0.0139 0.0385 0.0677 0.3963 
   NS_SS1227  5 0.0335 0.7134 0.0077 0.0026 0.0423 0.1921 0.0084 
   NS_SS1274  5 0.2909 0.0641 0.0494 0.0314 0.2629 0.0246 0.2767 
   NS_SS1241  5 0.7858 0.0247 0.0330 0.0021 0.0122 0.0093 0.1329 
   NS_SS1256  5 0.0430 0.0183 0.5413 0.0500 0.0186 0.0252 0.3037 
   NS_SS1260  5 0.1508 0.3553 0.0362 0.0809 0.2096 0.0097 0.1575 
   NS_SS1262  5 0.0839 0.1445 0.0625 0.1581 0.0150 0.0502 0.4858 
   NS_SS1230  5 0.6981 0.0301 0.1329 0.0141 0.0596 0.0237 0.0416 
   NS_SS1270  5 0.0163 0.0508 0.8331 0.0042 0.0476 0.0212 0.0268 
   NS_SS1229  5 0.0140 0.7667 0.0434 0.0074 0.1083 0.0064 0.0539 
   NS_SS1246  5 0.2553 0.5291 0.0269 0.0035 0.0261 0.1425 0.0166 
   NS_SS1269  5 0.0629 0.0138 0.0339 0.0033 0.6547 0.0362 0.1951 
   NS_SS1239  5 0.0108 0.5121 0.0136 0.0091 0.1376 0.2640 0.0529 
   NS_SS1272  5 0.0108 0.0066 0.8283 0.0063 0.0465 0.0750 0.0264 
   NS_SS1268  5 0.0258 0.3580 0.2019 0.0030 0.0292 0.2568 0.1253 
   NS_SS1249  5 0.5988 0.2332 0.0090 0.0191 0.0177 0.0406 0.0816 
   HI_SS0559  6 0.0142 0.9258 0.0103 0.0026 0.0095 0.0193 0.0183 
   HI_SS0563  6 0.0768 0.0245 0.0179 0.0050 0.1814 0.0955 0.5989 
   HI_SS0564  6 0.0354 0.0731 0.1745 0.0820 0.4504 0.1299 0.0547 
   HI_SS0565  6 0.0486 0.4876 0.1124 0.0051 0.1748 0.1293 0.0421 
   HI_SS0569  6 0.5839 0.2185 0.0676 0.0045 0.0397 0.0460 0.0398 
   HI_SS0570  6 0.7978 0.0350 0.0196 0.0662 0.0226 0.0252 0.0336 
   HI_SS0572  6 0.0065 0.8278 0.1220 0.0023 0.0085 0.0199 0.0130 
   HI_SS0576  6 0.0576 0.0555 0.0357 0.0101 0.1962 0.6212 0.0237 
   HI_SS0579  6 0.0253 0.9041 0.0223 0.0177 0.0118 0.0091 0.0098 
   HI_SS0580  6 0.0260 0.0398 0.0104 0.0068 0.0531 0.7037 0.1602 
   HI_SS0581  6 0.0041 0.0071 0.8833 0.0681 0.0188 0.0092 0.0094 
   HI_SS0583  6 0.0479 0.0511 0.4716 0.0041 0.2515 0.0281 0.1457 
   HI_SS0586  6 0.5715 0.0414 0.0114 0.0015 0.2101 0.0879 0.0761 
   HI_SS0588  6 0.1130 0.1837 0.1590 0.0267 0.2930 0.0409 0.1836 
   HI_SS0595  6 0.0908 0.0527 0.0196 0.0294 0.0502 0.7464 0.0109 
   HI_SS0596  6 0.0108 0.4319 0.0206 0.0028 0.0116 0.4990 0.0233 
   HI_SS0597  6 0.0088 0.0136 0.9325 0.0043 0.0106 0.0177 0.0125 
   HI_SS0600  6 0.0236 0.0439 0.0489 0.0050 0.0701 0.0574 0.7511 
   HI_SS0601  6 0.0125 0.5628 0.0208 0.0185 0.0177 0.0140 0.3538 
   HI_SS0602  6 0.0205 0.4584 0.0303 0.0029 0.4125 0.0553 0.0200 
   HI_SS0604  6 0.0171 0.0524 0.8014 0.0029 0.0787 0.0312 0.0163 
   HI_SS0605  6 0.0095 0.0167 0.0067 0.0076 0.9277 0.0109 0.0208 
   HI_SS0608  6 0.0231 0.0246 0.0050 0.0011 0.0088 0.9220 0.0154 
   HI_SS0609  6 0.0338 0.0283 0.2240 0.0013 0.0477 0.0514 0.6134 
   HI_SS0611  6 0.0533 0.1749 0.0351 0.0047 0.4547 0.2008 0.0765 
   HI_SS0612  6 0.0220 0.5853 0.0163 0.0108 0.0220 0.0182 0.3254 
   HI_SS0613  6 0.0233 0.0352 0.3757 0.0025 0.5028 0.0219 0.0387 
   HI_SS0615  6 0.0114 0.1147 0.0441 0.0194 0.3502 0.3059 0.1543 
   HI_SS0001  6 0.0479 0.0219 0.0542 0.0060 0.3911 0.0512 0.4277 
   HI_SS0002  6 0.0084 0.0347 0.8538 0.0303 0.0213 0.0125 0.0390 
   HI_SS0004  6 0.5990 0.1263 0.0605 0.0096 0.1209 0.0424 0.0412 
   HI_SS0005  6 0.0997 0.0106 0.4847 0.0124 0.1754 0.1942 0.0230 
   HI_SS0006  6 0.0497 0.0202 0.6610 0.0023 0.2178 0.0139 0.0351 
   HI_SS0007  6 0.5581 0.0172 0.0254 0.0038 0.0273 0.3567 0.0115 
   HI_SS0008  6 0.0165 0.5586 0.0674 0.0514 0.1966 0.0895 0.0199 
   HI_SS0009  6 0.0337 0.2180 0.0098 0.0071 0.0434 0.5808 0.1072 
   HI_SS0010  6 0.6122 0.0715 0.0187 0.0081 0.0459 0.1846 0.0591 
   HI_SS0011  6 0.1314 0.0256 0.6075 0.1008 0.0077 0.0957 0.0313 
   HI_SS0012  6 0.0114 0.0568 0.0491 0.0089 0.2853 0.2710 0.3176 
   HI_SS0017  6 0.1782 0.1110 0.2147 0.0035 0.0124 0.4343 0.0459 
   HI_SS0021  6 0.0513 0.0158 0.3463 0.2369 0.0591 0.2744 0.0162 
   HI_SS0024  6 0.1888 0.0218 0.1204 0.0032 0.0303 0.6157 0.0199 
   HI_SS0025  6 0.0121 0.0261 0.0794 0.0058 0.0916 0.4605 0.3246 
   HI_SS0027  6 0.4178 0.5047 0.0113 0.0240 0.0110 0.0201 0.0109 
   HI_SS0028  6 0.0128 0.0542 0.0499 0.0033 0.0843 0.7237 0.0717 
   HI_SS0029  6 0.0129 0.0163 0.0234 0.0105 0.0554 0.8670 0.0145 
   HI_SS0030  6 0.0254 0.7768 0.1342 0.0060 0.0155 0.0252 0.0170 
   HI_SS0031  6 0.0425 0.4055 0.0680 0.0079 0.2338 0.1923 0.0500 
   HI_SS0034  6 0.0791 0.7465 0.0483 0.0074 0.0872 0.0174 0.0141 
   HI_SS0036  6 0.4102 0.0099 0.0250 0.0192 0.1867 0.3360 0.0130 
   HI_SS0037  6 0.7144 0.0142 0.0364 0.0059 0.0627 0.0093 0.1571 
   HI_SS0039  6 0.1441 0.1648 0.0276 0.0042 0.0263 0.5881 0.0450 
   HI_SS0041  6 0.0070 0.0254 0.0399 0.0027 0.0882 0.6089 0.2280 
   HI_SS0042  6 0.0082 0.0149 0.0243 0.1136 0.0466 0.7528 0.0396 
   HI_SS0043  6 0.7803 0.0145 0.0269 0.0052 0.1343 0.0293 0.0095 
   HI_SS0044  6 0.2457 0.0219 0.0552 0.0039 0.0162 0.6428 0.0143 
   HI_SS0047  6 0.0081 0.0253 0.9288 0.0025 0.0123 0.0134 0.0096 
   HI_SS0049  6 0.0527 0.5284 0.2252 0.0069 0.0116 0.1043 0.0708 
   HI_SS0051  6 0.0158 0.0079 0.0142 0.0032 0.9073 0.0073 0.0443 
   HI_SS0053  6 0.0311 0.8980 0.0236 0.0070 0.0246 0.0105 0.0052 
   HI_SS0054  6 0.7190 0.1277 0.0253 0.0087 0.0450 0.0219 0.0524 
   HI_SS0057  6 0.0824 0.0178 0.7124 0.0051 0.0204 0.0684 0.0936 
   HI_SS0058  6 0.0814 0.0273 0.0144 0.0102 0.2687 0.0129 0.5850 
   HI_SS0060  6 0.6038 0.0705 0.0551 0.1399 0.0456 0.0536 0.0315 
   HI_SS0087  6 0.0783 0.1296 0.1472 0.0037 0.5984 0.0189 0.0239 
   HI_SS0091  6 0.0775 0.0215 0.0210 0.0020 0.6589 0.0099 0.2091 
   HI_SS0095  6 0.0089 0.6674 0.0289 0.0721 0.0820 0.0146 0.1261 
   HI_SS0097  6 0.0252 0.5567 0.1910 0.0075 0.0232 0.0078 0.1886 
   HI_SS0099  6 0.0105 0.0147 0.0262 0.0056 0.0149 0.9138 0.0143 
   HI_SS0103  6 0.0168 0.0778 0.7965 0.0057 0.0577 0.0157 0.0298 
   HI_SS0105  6 0.0406 0.0270 0.5272 0.0393 0.0805 0.0173 0.2680 
   HI_SS0107  6 0.0078 0.5003 0.3335 0.0014 0.0101 0.0378 0.1093 
   HI_SS0108  6 0.8717 0.0188 0.0166 0.0373 0.0380 0.0084 0.0092 
   HI_SS0110  6 0.0386 0.1975 0.0974 0.0019 0.4043 0.1578 0.1026 
   HI_SS0111  6 0.0104 0.0200 0.0596 0.0337 0.2838 0.2068 0.3857 
   HI_SS0112  6 0.9597 0.0069 0.0050 0.0020 0.0048 0.0155 0.0061 
   HI_SS0113  6 0.0114 0.0116 0.8423 0.0034 0.0224 0.0860 0.0229 
   HI_SS0114  6 0.1546 0.0367 0.0991 0.0084 0.5078 0.0160 0.1773 
   HI_SS0115  6 0.0722 0.7128 0.0154 0.0211 0.0534 0.0489 0.0763 
   HI_SS0116  6 0.1860 0.1088 0.0572 0.0040 0.0527 0.5736 0.0177 
   HI_SS0117  6 0.4471 0.0727 0.1385 0.0041 0.0500 0.0306 0.2570 
   HI_SS0118  6 0.0536 0.0580 0.6235 0.0228 0.0595 0.1296 0.0531 
   HI_SS0119  6 0.2777 0.0330 0.1414 0.0034 0.3452 0.0076 0.1917 
   HI_SS0120  6 0.0590 0.0722 0.7515 0.0058 0.0562 0.0329 0.0224 
   HI_SS0121  6 0.0074 0.0099 0.1888 0.0033 0.0234 0.0896 0.6776 
   HI_SS0122  6 0.2452 0.0114 0.0618 0.0400 0.1059 0.2729 0.2627 
   HI_SS0123  6 0.0156 0.1890 0.4924 0.0081 0.2307 0.0165 0.0477 
   HI_SS0124  6 0.0177 0.0273 0.0488 0.0046 0.0133 0.7555 0.1329 
   HI_SS0125  6 0.0081 0.0149 0.0249 0.0445 0.0287 0.8386 0.0402 
   HI_SS0126  6 0.7040 0.0101 0.0148 0.0014 0.0258 0.2357 0.0082 
   HI_SS0127  6 0.0441 0.7122 0.1123 0.0149 0.0313 0.0399 0.0454 
   HI_SS0128  6 0.0210 0.7477 0.0375 0.0051 0.0326 0.0782 0.0780 
   HI_SS0129  6 0.0841 0.0385 0.0190 0.0151 0.6373 0.1871 0.0189 
   HI_SS0131  6 0.7388 0.0096 0.0212 0.0304 0.0097 0.0142 0.1762 
   HI_SS0132  6 0.1520 0.0102 0.0349 0.0010 0.0292 0.2430 0.5297 
   HI_SS0133  6 0.9680 0.0066 0.0060 0.0018 0.0056 0.0075 0.0045 
   HI_SS0134  6 0.1772 0.0541 0.5160 0.0028 0.1487 0.0348 0.0664 
   HI_SS0142  6 0.0170 0.2727 0.3817 0.0237 0.1459 0.1073 0.0516 
   HI_SS0145  6 0.0588 0.7824 0.0452 0.0023 0.0640 0.0122 0.0351 
   HI_SS0146  6 0.8825 0.0483 0.0142 0.0015 0.0080 0.0362 0.0092 
   HI_SS0147  6 0.0096 0.0360 0.1893 0.0346 0.3401 0.0312 0.3591 
   HI_SS0149  6 0.1730 0.0272 0.4171 0.0069 0.0247 0.3097 0.0414 
   HI_SS0150  6 0.0334 0.0319 0.0360 0.0090 0.0587 0.1096 0.7214 
   HI_SS0151  6 0.0423 0.7093 0.0212 0.0202 0.1556 0.0339 0.0175 
   NS_SS1451  6 0.0128 0.0351 0.0912 0.0059 0.0243 0.6373 0.1936 
   NS_SS1404  6 0.0171 0.0255 0.0400 0.0185 0.1223 0.4909 0.2857 
   NS_SS1432  6 0.0038 0.0068 0.0141 0.0385 0.0297 0.9021 0.0051 
   NS_SS1405  6 0.1396 0.0260 0.0321 0.0043 0.2811 0.3899 0.1269 
   NS_SS1431  6 0.0334 0.1373 0.4778 0.0013 0.0725 0.1623 0.1153 
   NS_SS1402  6 0.0197 0.0337 0.0640 0.0046 0.1183 0.0413 0.7185 
   NS_SS1450  6 0.1416 0.7052 0.0518 0.0057 0.0474 0.0280 0.0204 
   NS_SS1396  6 0.0739 0.0285 0.6874 0.0085 0.0625 0.0539 0.0852 
   NS_SS1393  6 0.0124 0.0261 0.0118 0.0049 0.9089 0.0149 0.0209 
   NS_SS1392  6 0.0311 0.2004 0.0237 0.0302 0.0639 0.5312 0.1195 
   NS_SS1445  6 0.0130 0.6814 0.0585 0.0103 0.2166 0.0122 0.0080 
   NS_SS1423  6 0.3988 0.5137 0.0249 0.0019 0.0201 0.0260 0.0146 
   NS_SS1421  6 0.7562 0.0097 0.0624 0.1093 0.0343 0.0102 0.0180 
   NS_SS1411  6 0.8557 0.0109 0.0301 0.0028 0.0514 0.0233 0.0257 
   NS_SS1453  6 0.1181 0.0335 0.1361 0.0139 0.5600 0.1084 0.0302 
   NS_SS1442  6 0.4052 0.1057 0.2129 0.0070 0.1480 0.0175 0.1036 
   NS_SS1422  6 0.0235 0.5467 0.0167 0.0146 0.0273 0.0271 0.3443 
   NS_SS1419  6 0.0155 0.0055 0.0171 0.1256 0.0069 0.0506 0.7788 
   NS_SS1427  6 0.5525 0.0423 0.0073 0.0036 0.1154 0.2597 0.0193 
   NS_SS1444  6 0.0091 0.0920 0.0693 0.0057 0.0322 0.7662 0.0254 
   NS_SS1455  6 0.0169 0.0168 0.7455 0.0017 0.0083 0.0153 0.1955 
   NS_SS1425  6 0.9317 0.0083 0.0203 0.0021 0.0235 0.0085 0.0057 
   NS_SS1400  6 0.9063 0.0107 0.0408 0.0025 0.0079 0.0113 0.0205 
   NS_SS1406  6 0.0107 0.0865 0.4302 0.0137 0.0813 0.0112 0.3663 
   NS_SS1417  6 0.0820 0.0075 0.1848 0.0101 0.0950 0.0490 0.5716 
   NS_SS1454  6 0.3321 0.0087 0.0986 0.0020 0.0515 0.0595 0.4476 
   NS_SS1412  6 0.1574 0.2843 0.2671 0.0366 0.0312 0.0994 0.1240 
   NS_SS1438  6 0.0420 0.0906 0.0253 0.0019 0.3091 0.0177 0.5134 
   NS_SS1416  6 0.0068 0.0310 0.0674 0.0093 0.4989 0.0708 0.3159 
   NS_SS1401  6 0.1889 0.1737 0.2363 0.0206 0.0337 0.0823 0.2645 
   NS_SS1424  6 0.0902 0.0978 0.1223 0.0223 0.4167 0.1294 0.1213 
   NS_SS1435  6 0.2726 0.0418 0.0976 0.0035 0.0271 0.5415 0.0158 
   NS_SS1447  6 0.0183 0.0216 0.8703 0.0089 0.0082 0.0100 0.0627 
   NS_SS1414  6 0.0222 0.0588 0.0920 0.0118 0.0157 0.2621 0.5374 
   NS_SS1449  6 0.0199 0.1833 0.0242 0.0074 0.0120 0.0086 0.7446 
   NS_SS1443  6 0.1056 0.8287 0.0207 0.0029 0.0189 0.0053 0.0179 
   NS_SS1434  6 0.3533 0.2368 0.0568 0.0009 0.1456 0.1573 0.0493 
   NS_SS1398  6 0.4217 0.0593 0.0729 0.0411 0.2242 0.1681 0.0127 
   NS_SS1426  6 0.1106 0.4518 0.0268 0.0044 0.3566 0.0256 0.0241 
   NS_SS1413  6 0.9155 0.0238 0.0073 0.0170 0.0118 0.0160 0.0086 
   NS_SS1395  6 0.0307 0.5317 0.3735 0.0118 0.0235 0.0117 0.0170 
   NS_SS1448  6 0.3262 0.0148 0.0257 0.0024 0.0160 0.5921 0.0227 
   NS_SS1446  6 0.0349 0.1492 0.0960 0.0040 0.2372 0.2712 0.2075 
   NS_SS1403  6 0.0113 0.0317 0.0822 0.0061 0.7501 0.0261 0.0925 
   NS_SS1415  6 0.7116 0.0379 0.0254 0.0174 0.0825 0.0966 0.0286 
   NS_SS1437  6 0.0294 0.2203 0.0876 0.0185 0.0380 0.4273 0.1788 
   NS_SS1439  6 0.0051 0.0847 0.4603 0.0042 0.0673 0.0091 0.3692 
   NS_SS1441  6 0.4113 0.1835 0.0259 0.0034 0.0406 0.0366 0.2986 
   NS_SS1420  6 0.0074 0.0160 0.0197 0.0051 0.0184 0.8120 0.1213 
   NS_SS1394  6 0.0124 0.0842 0.1508 0.0484 0.0927 0.5346 0.0769 
   NS_SS1391  6 0.0475 0.8804 0.0164 0.0123 0.0170 0.0147 0.0116 
   NS_SS1410  6 0.1167 0.0171 0.1796 0.0206 0.1189 0.2192 0.3279 
   NS_SS1408  6 0.0141 0.0681 0.2207 0.0696 0.5656 0.0346 0.0274 
   NS_SS1409  6 0.0193 0.0776 0.0241 0.0045 0.7660 0.0427 0.0658 
   HI_SS0617  7 0.0060 0.1594 0.0149 0.0021 0.7620 0.0388 0.0169 
   HI_SS0618  7 0.0149 0.0253 0.0643 0.0043 0.3348 0.3288 0.2277 
   HI_SS0619  7 0.0466 0.0321 0.0689 0.0065 0.0657 0.7397 0.0404 
   HI_SS0620  7 0.8235 0.0628 0.0143 0.0047 0.0168 0.0342 0.0436 
   HI_SS0621  7 0.0106 0.0954 0.0309 0.0156 0.0747 0.1025 0.6702 
   HI_SS0622  7 0.0949 0.7525 0.0319 0.0172 0.0212 0.0384 0.0438 
   HI_SS0626  7 0.0378 0.0171 0.0146 0.0141 0.0784 0.8069 0.0311 
   HI_SS0627  7 0.0150 0.0088 0.7773 0.0111 0.0982 0.0741 0.0154 
   HI_SS0628  7 0.2358 0.0105 0.1969 0.0654 0.0775 0.3974 0.0164 
   HI_SS0629  7 0.0549 0.0130 0.2384 0.0083 0.2899 0.2728 0.1226 
   HI_SS0630  7 0.4832 0.0147 0.0271 0.0734 0.1291 0.0994 0.1731 
   HI_SS0631  7 0.7692 0.0417 0.0907 0.0013 0.0188 0.0421 0.0362 
   HI_SS0632  7 0.4519 0.0173 0.3911 0.0044 0.0155 0.0915 0.0283 
   HI_SS0633  7 0.0084 0.6256 0.0083 0.0048 0.0174 0.3120 0.0236 
   HI_SS0634  7 0.0301 0.0152 0.2983 0.0046 0.5497 0.0648 0.0373 
   HI_SS0635  7 0.0257 0.0124 0.0213 0.0127 0.0673 0.1938 0.6667 
   HI_SS0637  7 0.0057 0.0270 0.0259 0.0043 0.8973 0.0090 0.0308 
   HI_SS0638  7 0.5068 0.1734 0.0293 0.0028 0.1745 0.0795 0.0336 
   HI_SS0639  7 0.0055 0.1311 0.0348 0.0590 0.0487 0.6976 0.0232 
   HI_SS0640  7 0.0323 0.7935 0.0920 0.0027 0.0265 0.0340 0.0190 
   HI_SS0641  7 0.0289 0.0105 0.0114 0.0052 0.5041 0.3400 0.0999 
   HI_SS0642  7 0.0348 0.1553 0.5634 0.0040 0.0146 0.2046 0.0233 
   HI_SS0645  7 0.0328 0.0150 0.1176 0.0012 0.0258 0.7776 0.0300 
   HI_SS0646  7 0.0192 0.7468 0.0215 0.0050 0.1593 0.0163 0.0318 
   HI_SS0647  7 0.2043 0.0452 0.2435 0.0014 0.1821 0.1579 0.1657 
   HI_SS0648  7 0.0488 0.2796 0.1446 0.0052 0.0663 0.4160 0.0395 
   HI_SS0649  7 0.0177 0.0277 0.1009 0.0028 0.6496 0.1743 0.0270 
   HI_SS0650  7 0.0107 0.0357 0.2255 0.0050 0.6939 0.0166 0.0126 
   HI_SS0651  7 0.0095 0.9054 0.0213 0.0072 0.0275 0.0131 0.0162 
   HI_SS0652  7 0.0120 0.0145 0.0877 0.0050 0.2661 0.5046 0.1100 
   NS_SS1371  7 0.0199 0.1167 0.0272 0.0083 0.7596 0.0244 0.0439 
   NS_SS1374  7 0.2069 0.0170 0.0107 0.0035 0.6873 0.0675 0.0072 
   NS_SS1337  7 0.0242 0.0080 0.2247 0.0040 0.1595 0.0171 0.5625 
   NS_SS1385  7 0.0190 0.7592 0.0718 0.0077 0.0634 0.0238 0.0550 
   NS_SS1388  7 0.0234 0.0096 0.0884 0.0098 0.0315 0.8087 0.0286 
   NS_SS1370  7 0.0522 0.0168 0.1512 0.0145 0.0258 0.1096 0.6298 
   NS_SS1389  7 0.0108 0.0095 0.0281 0.0056 0.0251 0.8842 0.0368 
   NS_SS1360  7 0.2017 0.3411 0.0373 0.0066 0.3581 0.0197 0.0356 
   NS_SS1330  7 0.0073 0.0227 0.3359 0.0062 0.0811 0.0152 0.5316 
   NS_SS1328  7 0.6032 0.2372 0.0195 0.0050 0.0278 0.0910 0.0162 
   NS_SS1384  7 0.0099 0.7908 0.0215 0.0047 0.0890 0.0170 0.0670 
   NS_SS1381  7 0.0060 0.0402 0.3832 0.0011 0.3514 0.0199 0.1983 
   NS_SS1375  7 0.0100 0.0202 0.0241 0.0012 0.0129 0.9166 0.0150 
   NS_SS1319  7 0.0423 0.0441 0.0262 0.1108 0.2668 0.1005 0.4093 
   NS_SS1326  7 0.8931 0.0105 0.0115 0.0164 0.0340 0.0180 0.0164 
   NS_SS1341  7 0.0147 0.0139 0.9080 0.0049 0.0324 0.0089 0.0172 
   NS_SS1383  7 0.0919 0.0516 0.1172 0.0065 0.6248 0.0846 0.0235 
   NS_SS1318  7 0.1119 0.0566 0.4131 0.0182 0.0624 0.1030 0.2348 
   NS_SS1348  7 0.7137 0.0272 0.0176 0.0027 0.1600 0.0235 0.0553 
   NS_SS1363  7 0.0245 0.0158 0.0272 0.0079 0.3637 0.1591 0.4018 
   NS_SS1335  7 0.4808 0.1021 0.0295 0.0373 0.0450 0.0154 0.2900 
   NS_SS1358  7 0.1229 0.0261 0.1276 0.0237 0.4540 0.0050 0.2408 
   NS_SS1342  7 0.1005 0.2891 0.3022 0.0018 0.2290 0.0336 0.0437 
   NS_SS1320  7 0.0102 0.1204 0.4203 0.0099 0.0142 0.1646 0.2602 
   NS_SS1355  7 0.0062 0.2464 0.3772 0.0191 0.1173 0.0334 0.2003 
   NS_SS1345  7 0.0334 0.6189 0.0173 0.0243 0.0080 0.0096 0.2885 
   NS_SS1324  7 0.4594 0.0756 0.0441 0.0059 0.0499 0.3165 0.0486 
   NS_SS1347  7 0.0153 0.8945 0.0170 0.0039 0.0460 0.0109 0.0125 
   NS_SS1321  7 0.1081 0.0199 0.0685 0.0024 0.7644 0.0113 0.0254 
   NS_SS1333  7 0.0619 0.0115 0.0261 0.0035 0.0202 0.8620 0.0147 
   NS_SS1364  7 0.3713 0.4277 0.0697 0.0037 0.0839 0.0108 0.0329 
   NS_SS1379  7 0.0539 0.0670 0.6274 0.0710 0.0425 0.0154 0.1228 
   NS_SS1332  7 0.8180 0.0212 0.0145 0.0086 0.0094 0.1178 0.0106 
   NS_SS1338  7 0.0177 0.0338 0.0127 0.0113 0.6874 0.2184 0.0186 
   NS_SS1368  7 0.5896 0.0264 0.1535 0.0099 0.0417 0.1470 0.0320 
   NS_SS1354  7 0.0362 0.0653 0.6494 0.0192 0.0564 0.0688 0.1046 
   NS_SS1365  7 0.0592 0.0408 0.1572 0.0126 0.0173 0.6878 0.0252 
   NS_SS1380  7 0.0056 0.0168 0.0084 0.0176 0.0099 0.0055 0.9363 
   NS_SS1329  7 0.1333 0.0181 0.6884 0.0063 0.1189 0.0138 0.0212 
   NS_SS1362  7 0.0198 0.1125 0.0198 0.0079 0.7045 0.0111 0.1245 
   NS_SS1327  7 0.9191 0.0111 0.0100 0.0042 0.0323 0.0170 0.0063 
   NS_SS1350  7 0.0092 0.1855 0.0081 0.0140 0.7596 0.0125 0.0111 
   NS_SS1387  7 0.0088 0.0844 0.1124 0.0038 0.1062 0.6655 0.0188 
   NS_SS1369  7 0.7556 0.0299 0.0247 0.0070 0.0668 0.0258 0.0901 
   NS_SS1331  7 0.1232 0.0076 0.0427 0.0171 0.0169 0.7469 0.0456 
   NS_SS1357  7 0.0100 0.8540 0.0226 0.0048 0.0366 0.0666 0.0054 
   NS_SS1386  7 0.9546 0.0097 0.0082 0.0034 0.0100 0.0056 0.0084 
   NS_SS1353  7 0.0656 0.0650 0.7331 0.0043 0.0367 0.0734 0.0219 
   NS_SS1323  7 0.0112 0.7718 0.0385 0.0904 0.0111 0.0357 0.0413 
   HI_SS0296  8 0.5775 0.1437 0.0934 0.0024 0.0483 0.0339 0.1008 
   HI_SS0297  8 0.1252 0.0352 0.0342 0.0010 0.7109 0.0631 0.0303 
   HI_SS0299  8 0.0474 0.1211 0.1568 0.0420 0.3492 0.0339 0.2497 
   HI_SS0300  8 0.4309 0.0183 0.2262 0.0020 0.1695 0.0274 0.1257 
   HI_SS0301  8 0.0356 0.0743 0.5622 0.0072 0.0673 0.1846 0.0688 
   HI_SS0302  8 0.7401 0.0826 0.0247 0.0297 0.0194 0.0760 0.0274 
   HI_SS0303  8 0.8235 0.0366 0.0640 0.0114 0.0139 0.0427 0.0079 
   HI_SS0304  8 0.1533 0.0307 0.2239 0.0035 0.3468 0.1393 0.1025 
   HI_SS0306  8 0.9207 0.0305 0.0130 0.0067 0.0099 0.0130 0.0063 
   HI_SS0307  8 0.0070 0.1015 0.0369 0.0142 0.5066 0.1914 0.1422 
   HI_SS0308  8 0.2929 0.0167 0.0313 0.1114 0.2064 0.1789 0.1624 
   HI_SS0309  8 0.0148 0.0541 0.0186 0.0038 0.0333 0.0152 0.8602 
   HI_SS0310  8 0.0544 0.7882 0.0619 0.0086 0.0146 0.0585 0.0139 
   HI_SS0311  8 0.0482 0.0265 0.0396 0.0034 0.0076 0.8270 0.0478 
   HI_SS0314  8 0.0458 0.4101 0.0150 0.0015 0.0092 0.4998 0.0184 
   HI_SS0316  8 0.0160 0.8086 0.0186 0.0049 0.0947 0.0350 0.0222 
   HI_SS0317  8 0.0417 0.0614 0.1091 0.0044 0.5885 0.0832 0.1118 
   HI_SS0318  8 0.2516 0.0841 0.2235 0.2023 0.2158 0.0100 0.0127 
   HI_SS0319  8 0.5562 0.0372 0.0213 0.0080 0.2702 0.0780 0.0292 
   HI_SS0320  8 0.0053 0.0113 0.2012 0.0014 0.1249 0.6367 0.0192 
   HI_SS0321  8 0.0131 0.0184 0.0129 0.0021 0.9308 0.0161 0.0066 
   HI_SS0323  8 0.0131 0.0058 0.0123 0.0018 0.7594 0.1928 0.0150 
   HI_SS0325  8 0.7023 0.0870 0.0242 0.0030 0.0213 0.1307 0.0315 
   HI_SS0327  8 0.3048 0.3797 0.0254 0.0019 0.2668 0.0070 0.0143 
   HI_SS0329  8 0.0497 0.0086 0.1538 0.0022 0.0267 0.4714 0.2875 
   HI_SS0333  8 0.1590 0.1834 0.0408 0.0042 0.3640 0.1364 0.1121 
   HI_SS0334  8 0.1205 0.1811 0.1081 0.0027 0.5439 0.0151 0.0285 
   HI_SS0335  8 0.0085 0.7405 0.1265 0.0274 0.0335 0.0089 0.0548 
   HI_SS0339  8 0.0160 0.4404 0.0593 0.0177 0.1970 0.1821 0.0874 
   HI_SS0343  8 0.0083 0.6903 0.1558 0.0023 0.0114 0.0159 0.1160 
   HI_SS0344  8 0.9041 0.0410 0.0077 0.0048 0.0217 0.0119 0.0089 
   HI_SS0345  8 0.4178 0.0182 0.2928 0.0136 0.0170 0.0171 0.2236 
   HI_SS0346  8 0.0649 0.0141 0.5232 0.0062 0.2374 0.1437 0.0105 
   HI_SS0350  8 0.0070 0.0286 0.0190 0.0111 0.0118 0.0204 0.9022 
   HI_SS0351  8 0.0356 0.6508 0.2562 0.0041 0.0327 0.0071 0.0135 
   HI_SS0352  8 0.0167 0.0564 0.4560 0.1246 0.0325 0.0396 0.2742 
   HI_SS0362  8 0.5689 0.0210 0.0336 0.0033 0.0454 0.3001 0.0277 
   HI_SS0363  8 0.2452 0.5718 0.0225 0.0049 0.0443 0.0240 0.0874 
   HI_SS0365  8 0.1473 0.1224 0.0267 0.0066 0.2964 0.0885 0.3121 
   HI_SS0366  8 0.2799 0.1675 0.0194 0.0019 0.1635 0.0192 0.3487 
   HI_SS0367  8 0.0140 0.0189 0.6637 0.0036 0.0264 0.0366 0.2368 
   HI_SS0369  8 0.0134 0.1157 0.3747 0.0038 0.1215 0.0609 0.3100 
   HI_SS0370  8 0.0174 0.2528 0.0387 0.0047 0.5971 0.0137 0.0756 
   HI_SS0371  8 0.2698 0.0480 0.0332 0.0061 0.0190 0.6149 0.0091 
   HI_SS0373  8 0.0352 0.0404 0.0143 0.0139 0.0106 0.8714 0.0142 
   HI_SS0374  8 0.0093 0.4927 0.0654 0.0403 0.0106 0.3732 0.0084 
   HI_SS0377  8 0.3898 0.2646 0.0955 0.1043 0.0537 0.0336 0.0585 
   HI_SS0379  8 0.9417 0.0193 0.0063 0.0020 0.0173 0.0067 0.0066 
   HI_SS0380  8 0.0141 0.1148 0.5454 0.0104 0.2097 0.0371 0.0684 
   HI_SS0381  8 0.0117 0.0238 0.0470 0.0060 0.0344 0.1940 0.6831 
   HI_SS0384  8 0.0771 0.0254 0.1240 0.0104 0.4315 0.3141 0.0175 
   HI_SS0385  8 0.7822 0.0072 0.0112 0.0021 0.0136 0.1499 0.0338 
   HI_SS0386  9 0.0025 0.0029 0.0033 0.9832 0.0034 0.0016 0.0031 
   HI_SS0387  9 0.0176 0.0166 0.0089 0.9203 0.0132 0.0096 0.0137 
   HI_SS0389  9 0.0078 0.0037 0.0059 0.9666 0.0055 0.0043 0.0062 
   HI_SS0390  9 0.0030 0.0028 0.0029 0.9837 0.0030 0.0022 0.0023 
   HI_SS0391  9 0.0035 0.0032 0.0040 0.9781 0.0044 0.0031 0.0037 
   HI_SS0392  9 0.0025 0.0031 0.0024 0.9845 0.0029 0.0020 0.0025 
   HI_SS0393  9 0.0023 0.0026 0.0022 0.9852 0.0031 0.0027 0.0020 
   HI_SS0394  9 0.0023 0.0021 0.0024 0.9858 0.0018 0.0026 0.0030 
   HI_SS0395  9 0.0036 0.0068 0.0062 0.9680 0.0049 0.0055 0.0049 
   HI_SS0396  9 0.0096 0.0085 0.0092 0.9176 0.0086 0.0146 0.0320 
   HI_SS0398  9 0.0075 0.0095 0.0147 0.9494 0.0044 0.0080 0.0066 
   HI_SS0399  9 0.0021 0.0020 0.0017 0.9882 0.0023 0.0019 0.0018 
   HI_SS0400  9 0.0027 0.0033 0.0038 0.9809 0.0034 0.0027 0.0031 
   HI_SS0401  9 0.0024 0.0026 0.0020 0.9855 0.0026 0.0019 0.0030 
   HI_SS0402  9 0.0027 0.0025 0.0029 0.9846 0.0029 0.0020 0.0024 
   HI_SS0403  9 0.0025 0.0028 0.0049 0.9835 0.0017 0.0019 0.0026 
   HI_SS0404  9 0.0025 0.0014 0.0028 0.9866 0.0025 0.0018 0.0023 
   HI_SS0405  9 0.0114 0.0092 0.0275 0.8985 0.0110 0.0164 0.0259 
   HI_SS0406  9 0.0030 0.0033 0.0049 0.9784 0.0030 0.0039 0.0035 
   HI_SS0407  9 0.0132 0.0101 0.0085 0.9388 0.0072 0.0140 0.0081 
   HI_SS0408  9 0.0018 0.0032 0.0030 0.9861 0.0022 0.0017 0.0021 
   HI_SS0409  9 0.0057 0.0047 0.0054 0.9701 0.0038 0.0052 0.0049 
   HI_SS0411  9 0.0059 0.0062 0.0046 0.9718 0.0045 0.0036 0.0033 
   HI_SS0412  9 0.0083 0.0526 0.0508 0.7905 0.0376 0.0282 0.0320 
   HI_SS0413  9 0.0033 0.0066 0.0029 0.9776 0.0035 0.0029 0.0031 
   HI_SS0414  9 0.0073 0.0133 0.0192 0.8969 0.0239 0.0203 0.0191 
   HI_SS0415  9 0.0035 0.0043 0.0032 0.9811 0.0028 0.0022 0.0029 
   HI_SS0416  9 0.0059 0.0046 0.0048 0.9680 0.0056 0.0059 0.0051 
   HI_SS0418  9 0.0069 0.0070 0.0058 0.9610 0.0069 0.0063 0.0060 
   HI_SS0419  9 0.0036 0.0036 0.0046 0.9751 0.0041 0.0051 0.0039 
   HI_SS0420  9 0.0032 0.0037 0.0028 0.9796 0.0038 0.0034 0.0036 
   HI_SS0421  9 0.0054 0.0078 0.0067 0.9571 0.0053 0.0045 0.0132 
   HI_SS0422  9 0.0020 0.0023 0.0036 0.9835 0.0022 0.0027 0.0038 
   HI_SS0423  9 0.0076 0.0050 0.0048 0.9628 0.0085 0.0059 0.0053 
   HI_SS0424  9 0.0021 0.0027 0.0022 0.9837 0.0018 0.0037 0.0039 
   HI_SS0425  9 0.0039 0.0038 0.0045 0.9700 0.0031 0.0060 0.0087 
   NS_SS1146 10 0.0034 0.0050 0.0035 0.9762 0.0045 0.0032 0.0042 
   NS_SS1157 10 0.0067 0.0092 0.0093 0.9445 0.0097 0.0063 0.0143 
   NS_SS1144 10 0.0132 0.0240 0.0149 0.8982 0.0186 0.0112 0.0200 
   NS_SS1074 10 0.0057 0.0047 0.0058 0.9672 0.0060 0.0042 0.0064 
   NS_SS1122 10 0.0071 0.0062 0.0061 0.9584 0.0080 0.0058 0.0083 
   NS_SS1136 10 0.0016 0.0021 0.0018 0.9890 0.0017 0.0015 0.0022 
   NS_SS1077 10 0.0010 0.0010 0.0010 0.9929 0.0013 0.0016 0.0012 
   NS_SS1134 10 0.0095 0.0099 0.0111 0.9242 0.0146 0.0207 0.0100 
   NS_SS1091 10 0.0025 0.0027 0.0042 0.9794 0.0031 0.0043 0.0038 
   NS_SS1089 10 0.0053 0.0059 0.0052 0.9717 0.0033 0.0044 0.0041 
   NS_SS1123 10 0.0031 0.0030 0.0020 0.9828 0.0035 0.0030 0.0026 
   NS_SS1158 10 0.0010 0.0018 0.0010 0.9906 0.0022 0.0014 0.0019 
   NS_SS1093 10 0.0045 0.0032 0.0037 0.9763 0.0037 0.0042 0.0045 
