   NS_SS0963  1 0.6431 0.1136 0.2377 0.0056 
   NS_SS0983  1 0.0312 0.9412 0.0226 0.0050 
   NS_SS0719  1 0.0102 0.0354 0.9493 0.0051 
   NS_SS1001  1 0.4220 0.3112 0.2581 0.0086 
   NS_SS0936  1 0.4355 0.0331 0.5284 0.0030 
   NS_SS0955  1 0.0441 0.9142 0.0375 0.0042 
   NS_SS0944  1 0.3826 0.5957 0.0192 0.0025 
   NS_SS0945  1 0.4421 0.2614 0.2873 0.0091 
   NS_SS0922  1 0.1822 0.0080 0.7851 0.0247 
   NS_SS0929  1 0.1730 0.6002 0.2236 0.0032 
   NS_SS0956  1 0.0307 0.0134 0.9519 0.0040 
   NS_SS0906  1 0.7413 0.0817 0.1730 0.0039 
   NS_SS0721  1 0.0117 0.0263 0.9576 0.0044 
   NS_SS0982  1 0.5281 0.0267 0.4239 0.0212 
   NS_SS0923  1 0.0737 0.0138 0.9076 0.0048 
   NS_SS0905  1 0.0510 0.1066 0.8407 0.0018 
   NS_SS0925  1 0.7274 0.0248 0.2422 0.0056 
   NS_SS0947  1 0.9193 0.0123 0.0637 0.0046 
   NS_SS0926  1 0.0063 0.9713 0.0209 0.0014 
   NS_SS0918  1 0.3499 0.1950 0.4522 0.0030 
   NS_SS0966  1 0.8404 0.0559 0.0557 0.0480 
   NS_SS0938  1 0.4708 0.0365 0.4911 0.0015 
   NS_SS0917  1 0.0189 0.0574 0.8796 0.0441 
   NS_SS0957  1 0.1641 0.0467 0.7813 0.0080 
   NS_SS0987  1 0.0186 0.0156 0.7390 0.2268 
   NS_SS0717  1 0.5338 0.0102 0.4529 0.0031 
   NS_SS0986  1 0.7200 0.0275 0.2472 0.0052 
   NS_SS0953  1 0.9405 0.0137 0.0291 0.0168 
   NS_SS0907  1 0.8415 0.0693 0.0544 0.0348 
   NS_SS0974  1 0.1113 0.8499 0.0344 0.0043 
   NS_SS0989  1 0.0288 0.9580 0.0121 0.0011 
   NS_SS0991  1 0.1527 0.8231 0.0220 0.0022 
   NS_SS0994  1 0.0072 0.9811 0.0093 0.0023 
   NS_SS0931  1 0.0256 0.7964 0.1651 0.0130 
   NS_SS1000  1 0.8696 0.0118 0.1148 0.0038 
   NS_SS0919  1 0.1449 0.3732 0.4785 0.0034 
   NS_SS0949  1 0.0179 0.9580 0.0229 0.0012 
   NS_SS0960  1 0.0383 0.6018 0.3524 0.0075 
   NS_SS0716  1 0.0365 0.0045 0.9526 0.0063 
   NS_SS0924  1 0.0820 0.4210 0.4747 0.0223 
   NS_SS0935  1 0.0249 0.9046 0.0587 0.0118 
   NS_SS0952  1 0.2065 0.7282 0.0257 0.0396 
   NS_SS0962  1 0.1918 0.0109 0.7897 0.0076 
   NS_SS0973  1 0.4291 0.5115 0.0541 0.0053 
   NS_SS0722  1 0.9268 0.0116 0.0594 0.0021 
   NS_SS0979  1 0.3882 0.0362 0.5732 0.0024 
   NS_SS0993  1 0.7500 0.0336 0.1979 0.0184 
   NS_SS0958  1 0.1107 0.8278 0.0578 0.0036 
   NS_SS0988  1 0.5578 0.0567 0.3797 0.0057 
   NS_SS1003  1 0.1224 0.0093 0.8588 0.0095 
   NS_SS0976  1 0.1937 0.7574 0.0469 0.0020 
   NS_SS0964  1 0.6650 0.0237 0.3087 0.0026 
   NS_SS0939  1 0.0058 0.0048 0.9851 0.0043 
   NS_SS0990  1 0.1948 0.0725 0.7286 0.0040 
   NS_SS0984  1 0.0231 0.0043 0.9708 0.0018 
   NS_SS0980  1 0.4207 0.1331 0.4439 0.0023 
   NS_SS0978  1 0.2720 0.0790 0.6444 0.0046 
   NS_SS0951  1 0.2439 0.6756 0.0766 0.0038 
   NS_SS0913  1 0.4122 0.0950 0.4481 0.0448 
   NS_SS1002  1 0.9404 0.0081 0.0177 0.0339 
   NS_SS0948  1 0.5049 0.1057 0.3410 0.0484 
   NS_SS0916  1 0.0287 0.1576 0.8075 0.0062 
   NS_SS0995  1 0.0323 0.0126 0.9518 0.0033 
   NS_SS0927  1 0.0728 0.2820 0.6399 0.0052 
   NS_SS0992  1 0.5335 0.3413 0.1217 0.0036 
   NS_SS0912  1 0.0667 0.3644 0.5655 0.0034 
   NS_SS0981  1 0.2005 0.0321 0.7641 0.0034 
   NS_SS0729  2 0.0196 0.9710 0.0054 0.0040 
   NS_SS0967  2 0.5341 0.0698 0.3834 0.0127 
   NS_SS0941  2 0.1869 0.1495 0.5830 0.0807 
   NS_SS0768  2 0.9102 0.0216 0.0635 0.0047 
   NS_SS0726  2 0.0739 0.8909 0.0246 0.0106 
   NS_SS0763  2 0.0328 0.9485 0.0161 0.0027 
   NS_SS0730  2 0.0399 0.0067 0.9502 0.0032 
   NS_SS0774  2 0.5288 0.0089 0.4614 0.0008 
   NS_SS0723  2 0.2651 0.0094 0.7238 0.0017 
   NS_SS0940  2 0.0183 0.2100 0.7655 0.0062 
   NS_SS0762  2 0.4205 0.0178 0.5588 0.0029 
   NS_SS0766  2 0.0161 0.0788 0.8939 0.0112 
   NS_SS0724  2 0.9617 0.0141 0.0210 0.0032 
   NS_SS0769  2 0.3252 0.0490 0.6212 0.0045 
   NS_SS0777  2 0.3553 0.3794 0.2474 0.0179 
   NS_SS0734  2 0.0303 0.1106 0.8320 0.0271 
   NS_SS0737  2 0.5800 0.0121 0.4018 0.0062 
   NS_SS0732  2 0.0163 0.0210 0.9576 0.0051 
   NS_SS0728  2 0.3784 0.1208 0.4867 0.0140 
   NS_SS0735  2 0.8444 0.0389 0.1077 0.0091 
   NS_SS0725  2 0.8982 0.0612 0.0321 0.0085 
   NS_SS0788  2 0.1973 0.0211 0.7800 0.0016 
   NS_SS0778  2 0.0665 0.0831 0.8486 0.0019 
   NS_SS0792  2 0.4426 0.3023 0.2483 0.0069 
   NS_SS0943  2 0.1431 0.8423 0.0075 0.0071 
   NS_SS0791  2 0.0084 0.1330 0.8453 0.0134 
   NS_SS0790  2 0.9828 0.0034 0.0102 0.0036 
   NS_SS0731  2 0.9332 0.0112 0.0435 0.0121 
   NS_SS0727  2 0.0395 0.9419 0.0165 0.0020 
   NS_SS0779  2 0.3377 0.1831 0.4713 0.0079 
   NS_SS0776  2 0.7205 0.2392 0.0316 0.0087 
   NS_SS0775  2 0.0381 0.0119 0.9415 0.0085 
   NS_SS0965  3 0.1614 0.0522 0.7847 0.0017 
   NS_SS0754  3 0.0344 0.8747 0.0746 0.0164 
   NS_SS0838  3 0.6041 0.2588 0.0973 0.0398 
   NS_SS0839  3 0.6706 0.0104 0.3150 0.0040 
   NS_SS0832  3 0.7756 0.0078 0.1668 0.0497 
   NS_SS0820  3 0.6256 0.0064 0.3602 0.0078 
   NS_SS0886  3 0.0504 0.2946 0.6530 0.0020 
   NS_SS0748  3 0.4764 0.4175 0.0973 0.0088 
   NS_SS0884  3 0.5408 0.1861 0.2430 0.0301 
   NS_SS0752  3 0.4951 0.1351 0.3678 0.0020 
   NS_SS0862  3 0.1907 0.0118 0.7922 0.0052 
   NS_SS0787  3 0.0129 0.9594 0.0196 0.0081 
   NS_SS0843  3 0.7448 0.1701 0.0825 0.0026 
   NS_SS0856  3 0.8867 0.0239 0.0858 0.0036 
   NS_SS0846  3 0.6625 0.3089 0.0249 0.0037 
   NS_SS0825  3 0.0866 0.0256 0.8775 0.0104 
   NS_SS0757  3 0.0732 0.8079 0.1137 0.0052 
   NS_SS0876  3 0.5796 0.0296 0.1692 0.2215 
   NS_SS0903  3 0.8803 0.0361 0.0813 0.0023 
   NS_SS0875  3 0.0139 0.0173 0.9659 0.0028 
   NS_SS0740  3 0.3957 0.4907 0.1098 0.0039 
   NS_SS0811  3 0.2951 0.0405 0.6537 0.0107 
   NS_SS0751  3 0.0364 0.0421 0.9192 0.0023 
   NS_SS0891  3 0.7050 0.0193 0.2698 0.0059 
   NS_SS0867  3 0.3125 0.5542 0.0997 0.0336 
   NS_SS0890  3 0.0884 0.3167 0.5914 0.0036 
   NS_SS0866  3 0.0154 0.9563 0.0217 0.0067 
   NS_SS0755  3 0.5355 0.2255 0.2313 0.0077 
   NS_SS0758  3 0.5324 0.1949 0.2704 0.0023 
   NS_SS0840  3 0.4404 0.0163 0.5411 0.0022 
   NS_SS0889  3 0.0572 0.8863 0.0536 0.0029 
   NS_SS1010  3 0.2680 0.1482 0.5396 0.0442 
   NS_SS0888  3 0.0088 0.9768 0.0132 0.0012 
   NS_SS0837  3 0.7320 0.0702 0.1941 0.0037 
   NS_SS0794  3 0.0947 0.8893 0.0139 0.0021 
   NS_SS0823  3 0.9653 0.0148 0.0159 0.0039 
   NS_SS0829  3 0.0067 0.8661 0.0113 0.1159 
   NS_SS0844  3 0.9834 0.0078 0.0071 0.0018 
   NS_SS1008  3 0.0580 0.8999 0.0305 0.0115 
   NS_SS0881  3 0.0113 0.0538 0.9323 0.0025 
   NS_SS0834  3 0.9753 0.0088 0.0104 0.0055 
   NS_SS0744  3 0.1801 0.1593 0.6527 0.0079 
   NS_SS0899  3 0.7500 0.0115 0.2362 0.0022 
   NS_SS0804  3 0.3405 0.0087 0.6459 0.0048 
   NS_SS0781  3 0.8750 0.0046 0.1166 0.0038 
   NS_SS0822  3 0.1893 0.7948 0.0137 0.0022 
   NS_SS1004  3 0.8398 0.0695 0.0865 0.0042 
   NS_SS0746  3 0.7807 0.1727 0.0325 0.0141 
   NS_SS0880  3 0.3490 0.2576 0.3917 0.0016 
   NS_SS0879  3 0.8306 0.0492 0.1062 0.0140 
   NS_SS0753  3 0.0211 0.9236 0.0445 0.0108 
   NS_SS1007  3 0.0127 0.0224 0.9630 0.0019 
   NS_SS0872  3 0.9169 0.0092 0.0715 0.0024 
   NS_SS1005  3 0.9413 0.0101 0.0474 0.0012 
   NS_SS0892  3 0.0849 0.1384 0.7749 0.0018 
   NS_SS0898  3 0.0168 0.3005 0.6776 0.0051 
   NS_SS0801  3 0.7341 0.0222 0.2328 0.0109 
   NS_SS0827  3 0.0309 0.0963 0.7585 0.1142 
   NS_SS0853  3 0.2692 0.1363 0.5866 0.0079 
   NS_SS0780  3 0.1097 0.0209 0.8642 0.0052 
   NS_SS0826  3 0.8617 0.1188 0.0159 0.0036 
   NS_SS0818  3 0.1352 0.0172 0.8455 0.0021 
   NS_SS0745  3 0.0636 0.0064 0.9286 0.0014 
   NS_SS0849  3 0.0337 0.0392 0.9253 0.0017 
   NS_SS0739  3 0.0061 0.0069 0.9764 0.0106 
   NS_SS0799  3 0.0163 0.9327 0.0498 0.0012 
   NS_SS0756  3 0.7042 0.0088 0.2839 0.0031 
   NS_SS0802  3 0.0642 0.1738 0.5592 0.2027 
   NS_SS0747  3 0.6321 0.1198 0.2417 0.0064 
   NS_SS0835  3 0.0376 0.7489 0.2121 0.0014 
   NS_SS0742  3 0.3422 0.0755 0.5809 0.0014 
   NS_SS0760  3 0.0861 0.8042 0.0519 0.0578 
   NS_SS0803  3 0.9822 0.0059 0.0061 0.0057 
   NS_SS0828  3 0.0176 0.2596 0.7215 0.0013 
   NS_SS0865  3 0.0943 0.1355 0.7442 0.0260 
   NS_SS0759  3 0.0649 0.0077 0.9224 0.0051 
   NS_SS0851  3 0.0438 0.0066 0.9365 0.0131 
   NS_SS0874  3 0.9652 0.0218 0.0113 0.0017 
   NS_SS0761  3 0.0317 0.9112 0.0533 0.0037 
   NS_SS0842  3 0.3708 0.2447 0.3741 0.0103 
   NS_SS0785  3 0.4387 0.3890 0.1651 0.0072 
   NS_SS0860  3 0.0378 0.9285 0.0303 0.0034 
   NS_SS0897  3 0.0071 0.9783 0.0123 0.0023 
   NS_SS0841  3 0.1204 0.0150 0.8604 0.0041 
   NS_SS0797  3 0.0299 0.5364 0.4059 0.0278 
   NS_SS0830  3 0.0812 0.4045 0.5118 0.0024 
   NS_SS1011  3 0.9341 0.0132 0.0469 0.0059 
   NS_SS0883  3 0.0139 0.0671 0.9130 0.0059 
   NS_SS0782  3 0.7425 0.0509 0.2036 0.0030 
   NS_SS0831  3 0.0349 0.8789 0.0818 0.0043 
   NS_SS0749  3 0.0247 0.2865 0.6848 0.0040 
   NS_SS0854  3 0.4680 0.4730 0.0553 0.0036 
   HI_SS0193  4 0.0121 0.9738 0.0124 0.0017 
   HI_SS0194  4 0.9634 0.0121 0.0228 0.0018 
   HI_SS0195  4 0.1205 0.0048 0.7924 0.0822 
   HI_SS0196  4 0.6172 0.2327 0.1469 0.0032 
   HI_SS0197  4 0.0413 0.0062 0.9414 0.0111 
   HI_SS0198  4 0.0428 0.1247 0.8234 0.0091 
   HI_SS0199  4 0.0691 0.8427 0.0848 0.0035 
   HI_SS0201  4 0.0247 0.9581 0.0148 0.0024 
   HI_SS0215  4 0.1747 0.7426 0.0790 0.0038 
   HI_SS0218  4 0.0042 0.9840 0.0059 0.0060 
   HI_SS0222  4 0.0579 0.0250 0.9124 0.0047 
   HI_SS0230  4 0.5589 0.0139 0.4213 0.0059 
   HI_SS0234  4 0.5752 0.0540 0.2023 0.1685 
   HI_SS0240  4 0.0409 0.0214 0.9284 0.0093 
   HI_SS0241  4 0.0343 0.9012 0.0615 0.0030 
   HI_SS0242  4 0.2406 0.2625 0.4932 0.0037 
   HI_SS0247  4 0.9475 0.0166 0.0158 0.0200 
   HI_SS0248  4 0.0196 0.9698 0.0096 0.0010 
   HI_SS0252  4 0.8935 0.0616 0.0426 0.0022 
   HI_SS0254  4 0.0284 0.7904 0.0853 0.0959 
   HI_SS0256  4 0.9753 0.0038 0.0196 0.0014 
   HI_SS0257  4 0.1624 0.8159 0.0185 0.0032 
   HI_SS0258  4 0.0152 0.9654 0.0148 0.0047 
   HI_SS0259  4 0.2842 0.0197 0.6924 0.0037 
   HI_SS0260  4 0.0273 0.9265 0.0443 0.0019 
   HI_SS0261  4 0.1630 0.7473 0.0866 0.0031 
   HI_SS0262  4 0.1217 0.0170 0.8547 0.0065 
   HI_SS0264  4 0.5273 0.0124 0.4557 0.0047 
   HI_SS0265  4 0.0928 0.0150 0.7962 0.0960 
   HI_SS0268  4 0.0232 0.0248 0.9490 0.0030 
   HI_SS0269  4 0.0324 0.9504 0.0148 0.0024 
   HI_SS0273  4 0.0164 0.9464 0.0351 0.0021 
   HI_SS0277  4 0.0325 0.0284 0.9364 0.0027 
   HI_SS0280  4 0.0257 0.0594 0.9085 0.0064 
   HI_SS0282  4 0.1452 0.8300 0.0237 0.0011 
   HI_SS0286  4 0.1921 0.2657 0.5343 0.0080 
   NS_SS1252  5 0.0081 0.9820 0.0065 0.0035 
   NS_SS1261  5 0.4542 0.1676 0.3573 0.0209 
   NS_SS1225  5 0.4304 0.4383 0.0182 0.1131 
   NS_SS1266  5 0.9703 0.0054 0.0157 0.0086 
   NS_SS1228  5 0.0448 0.0152 0.9268 0.0132 
   NS_SS1255  5 0.6296 0.2041 0.1646 0.0016 
   NS_SS1267  5 0.0074 0.9622 0.0144 0.0160 
   NS_SS1238  5 0.2754 0.1911 0.5303 0.0031 
   NS_SS1233  5 0.8647 0.1041 0.0287 0.0025 
   NS_SS1277  5 0.0138 0.9256 0.0596 0.0011 
   NS_SS1245  5 0.4985 0.4797 0.0200 0.0018 
   NS_SS1240  5 0.0139 0.9743 0.0097 0.0021 
   NS_SS1275  5 0.5725 0.0097 0.4143 0.0035 
   NS_SS1235  5 0.9727 0.0150 0.0070 0.0052 
   NS_SS1263  5 0.9379 0.0461 0.0149 0.0011 
   NS_SS1251  5 0.9640 0.0151 0.0196 0.0013 
   NS_SS1248  5 0.0212 0.0766 0.8097 0.0924 
   NS_SS1244  5 0.1775 0.5503 0.2659 0.0063 
   NS_SS1257  5 0.0526 0.7662 0.1439 0.0374 
   NS_SS1242  5 0.8444 0.0102 0.1431 0.0023 
   NS_SS1271  5 0.0070 0.9244 0.0396 0.0290 
   NS_SS1265  5 0.3050 0.6278 0.0459 0.0213 
   NS_SS1243  5 0.4635 0.0390 0.3965 0.1010 
   NS_SS1273  5 0.1978 0.0111 0.7796 0.0116 
   NS_SS1254  5 0.7945 0.1177 0.0813 0.0065 
   NS_SS1224  5 0.8950 0.0151 0.0811 0.0088 
   NS_SS1227  5 0.0155 0.7040 0.2786 0.0019 
   NS_SS1274  5 0.0273 0.9064 0.0461 0.0202 
   NS_SS1241  5 0.1322 0.8518 0.0151 0.0010 
   NS_SS1256  5 0.8895 0.0544 0.0195 0.0367 
   NS_SS1260  5 0.0520 0.8448 0.0349 0.0684 
   NS_SS1262  5 0.0672 0.7087 0.0340 0.1902 
   NS_SS1230  5 0.1395 0.5996 0.2530 0.0079 
   NS_SS1270  5 0.9458 0.0157 0.0363 0.0022 
   NS_SS1229  5 0.9098 0.0354 0.0505 0.0043 
   NS_SS1246  5 0.1279 0.7961 0.0732 0.0028 
   NS_SS1269  5 0.2286 0.0691 0.6999 0.0025 
   NS_SS1239  5 0.0516 0.1365 0.8060 0.0060 
   NS_SS1272  5 0.9626 0.0105 0.0205 0.0064 
   NS_SS1268  5 0.3806 0.0606 0.5563 0.0025 
   NS_SS1249  5 0.0131 0.9652 0.0085 0.0131 
   HI_SS0559  6 0.4009 0.5150 0.0824 0.0017 
   HI_SS0563  6 0.2769 0.1057 0.6142 0.0031 
   HI_SS0564  6 0.0971 0.0449 0.8037 0.0543 
   HI_SS0565  6 0.2559 0.1762 0.5646 0.0033 
   HI_SS0569  6 0.0222 0.9332 0.0423 0.0023 
   HI_SS0570  6 0.0362 0.8891 0.0271 0.0476 
   HI_SS0572  6 0.9823 0.0079 0.0074 0.0024 
   HI_SS0576  6 0.0146 0.0203 0.9594 0.0057 
   HI_SS0579  6 0.7903 0.1764 0.0211 0.0122 
   HI_SS0580  6 0.1530 0.4612 0.3808 0.0050 
   HI_SS0581  6 0.3352 0.0091 0.5959 0.0598 
   HI_SS0583  6 0.0946 0.8743 0.0279 0.0032 
   HI_SS0586  6 0.0059 0.9703 0.0223 0.0015 
   HI_SS0588  6 0.1290 0.7951 0.0531 0.0228 
   HI_SS0595  6 0.0293 0.1531 0.7872 0.0304 
   HI_SS0596  6 0.9651 0.0082 0.0247 0.0020 
   HI_SS0597  6 0.9220 0.0119 0.0630 0.0031 
   HI_SS0600  6 0.0894 0.5430 0.3632 0.0044 
   HI_SS0601  6 0.1865 0.7777 0.0199 0.0158 
   HI_SS0602  6 0.0659 0.2416 0.6896 0.0029 
   HI_SS0604  6 0.8617 0.0833 0.0534 0.0016 
   HI_SS0605  6 0.0342 0.2976 0.6611 0.0072 
   HI_SS0608  6 0.0299 0.3685 0.6004 0.0011 
   HI_SS0609  6 0.8492 0.0172 0.1327 0.0009 
   HI_SS0611  6 0.0284 0.9471 0.0218 0.0028 
   HI_SS0612  6 0.7260 0.2178 0.0492 0.0070 
   HI_SS0613  6 0.3553 0.0555 0.5874 0.0017 
   HI_SS0615  6 0.0328 0.0127 0.9428 0.0117 
   HI_SS0001  6 0.2330 0.7122 0.0501 0.0048 
   HI_SS0002  6 0.9420 0.0123 0.0173 0.0284 
   HI_SS0004  6 0.1461 0.7607 0.0865 0.0067 
   HI_SS0005  6 0.0095 0.0185 0.9666 0.0055 
   HI_SS0006  6 0.4360 0.5421 0.0202 0.0017 
   HI_SS0007  6 0.0102 0.8241 0.1627 0.0030 
   HI_SS0008  6 0.2025 0.2135 0.5426 0.0414 
   HI_SS0009  6 0.1347 0.0617 0.7985 0.0052 
   HI_SS0010  6 0.0210 0.8081 0.1671 0.0038 
   HI_SS0011  6 0.6721 0.0243 0.2263 0.0773 
   HI_SS0012  6 0.1692 0.0143 0.8100 0.0065 
   HI_SS0017  6 0.8114 0.0225 0.1638 0.0023 
   HI_SS0021  6 0.1049 0.3503 0.3050 0.2398 
   HI_SS0024  6 0.0802 0.0216 0.8961 0.0021 
   HI_SS0025  6 0.7670 0.0193 0.2098 0.0039 
   HI_SS0027  6 0.0126 0.9514 0.0196 0.0163 
   HI_SS0028  6 0.0093 0.0052 0.9838 0.0017 
   HI_SS0029  6 0.0313 0.0142 0.9465 0.0080 
   HI_SS0030  6 0.0819 0.8531 0.0585 0.0065 
   HI_SS0031  6 0.0506 0.0341 0.9117 0.0036 
   HI_SS0034  6 0.0727 0.9102 0.0118 0.0053 
   HI_SS0036  6 0.0060 0.7010 0.2787 0.0143 
   HI_SS0037  6 0.1126 0.8482 0.0345 0.0046 
   HI_SS0039  6 0.0115 0.6918 0.2938 0.0029 
   HI_SS0041  6 0.0747 0.0106 0.9127 0.0020 
   HI_SS0042  6 0.1168 0.0063 0.7636 0.1132 
   HI_SS0043  6 0.0095 0.9738 0.0134 0.0033 
   HI_SS0044  6 0.0335 0.0624 0.9013 0.0028 
   HI_SS0047  6 0.9494 0.0178 0.0302 0.0026 
   HI_SS0049  6 0.8424 0.1089 0.0442 0.0045 
   HI_SS0051  6 0.4521 0.1125 0.4322 0.0031 
   HI_SS0053  6 0.0090 0.9704 0.0154 0.0052 
   HI_SS0054  6 0.0126 0.9760 0.0077 0.0038 
   HI_SS0057  6 0.3431 0.3053 0.3476 0.0041 
   HI_SS0058  6 0.7838 0.1759 0.0332 0.0070 
   HI_SS0060  6 0.1459 0.1370 0.6272 0.0899 
   HI_SS0087  6 0.6964 0.2400 0.0609 0.0027 
   HI_SS0091  6 0.0184 0.9573 0.0231 0.0012 
   HI_SS0095  6 0.5485 0.1495 0.2352 0.0669 
   HI_SS0097  6 0.9353 0.0432 0.0171 0.0044 
   HI_SS0099  6 0.0734 0.0136 0.9091 0.0040 
   HI_SS0103  6 0.9066 0.0334 0.0563 0.0038 
   HI_SS0105  6 0.5969 0.0866 0.2853 0.0312 
   HI_SS0107  6 0.9798 0.0105 0.0089 0.0008 
   HI_SS0108  6 0.0067 0.9642 0.0079 0.0213 
   HI_SS0110  6 0.1090 0.3738 0.5156 0.0016 
   HI_SS0111  6 0.0332 0.0237 0.9192 0.0239 
   HI_SS0112  6 0.0059 0.9804 0.0123 0.0014 
   HI_SS0113  6 0.9567 0.0072 0.0325 0.0035 
   HI_SS0114  6 0.0159 0.8495 0.1283 0.0063 
   HI_SS0115  6 0.2843 0.5242 0.1712 0.0204 
   HI_SS0116  6 0.0601 0.9074 0.0282 0.0043 
   HI_SS0117  6 0.7125 0.2535 0.0317 0.0024 
   HI_SS0118  6 0.4806 0.4478 0.0600 0.0116 
   HI_SS0119  6 0.0491 0.9014 0.0475 0.0020 
   HI_SS0120  6 0.9756 0.0106 0.0104 0.0035 
   HI_SS0121  6 0.2094 0.0139 0.7753 0.0013 
   HI_SS0122  6 0.1837 0.0581 0.7348 0.0235 
   HI_SS0123  6 0.3782 0.0619 0.5545 0.0054 
   HI_SS0124  6 0.1008 0.0098 0.8865 0.0030 
   HI_SS0125  6 0.0065 0.0051 0.9619 0.0265 
   HI_SS0126  6 0.0076 0.9770 0.0144 0.0010 
   HI_SS0127  6 0.0962 0.6575 0.2341 0.0122 
   HI_SS0128  6 0.5220 0.2771 0.1974 0.0035 
   HI_SS0129  6 0.0607 0.2440 0.6830 0.0122 
   HI_SS0131  6 0.5098 0.3079 0.1399 0.0423 
   HI_SS0132  6 0.0258 0.4677 0.5058 0.0007 
   HI_SS0133  6 0.0041 0.9850 0.0093 0.0016 
   HI_SS0134  6 0.3382 0.4265 0.2333 0.0021 
   HI_SS0142  6 0.4793 0.0260 0.4712 0.0236 
   HI_SS0145  6 0.5242 0.4254 0.0491 0.0013 
   HI_SS0146  6 0.0115 0.8918 0.0956 0.0011 
   HI_SS0147  6 0.8139 0.0084 0.1575 0.0202 
   HI_SS0149  6 0.0552 0.1713 0.7685 0.0050 
   HI_SS0150  6 0.0418 0.0124 0.9402 0.0056 
   HI_SS0151  6 0.3213 0.4596 0.2031 0.0160 
   NS_SS1451  6 0.0867 0.0125 0.8972 0.0036 
   NS_SS1404  6 0.1225 0.0232 0.8432 0.0112 
   NS_SS1432  6 0.0106 0.0048 0.9583 0.0262 
   NS_SS1405  6 0.3755 0.0639 0.5568 0.0038 
   NS_SS1431  6 0.2969 0.0155 0.6867 0.0010 
   NS_SS1402  6 0.7189 0.0425 0.2357 0.0029 
   NS_SS1450  6 0.0690 0.7412 0.1841 0.0056 
   NS_SS1396  6 0.3527 0.0813 0.5585 0.0075 
   NS_SS1393  6 0.0572 0.4609 0.4769 0.0050 
   NS_SS1392  6 0.1185 0.0164 0.8489 0.0162 
   NS_SS1445  6 0.0459 0.9040 0.0376 0.0126 
   NS_SS1423  6 0.2050 0.7744 0.0188 0.0018 
   NS_SS1421  6 0.0789 0.7408 0.0830 0.0972 
   NS_SS1411  6 0.0291 0.8555 0.1136 0.0018 
   NS_SS1453  6 0.0869 0.4665 0.4377 0.0089 
   NS_SS1442  6 0.7615 0.1361 0.0983 0.0042 
   NS_SS1422  6 0.5721 0.3995 0.0167 0.0118 
   NS_SS1419  6 0.2719 0.1468 0.3986 0.1827 
   NS_SS1427  6 0.0064 0.9793 0.0122 0.0021 
   NS_SS1444  6 0.5284 0.0138 0.4540 0.0038 
   NS_SS1455  6 0.9813 0.0084 0.0090 0.0014 
   NS_SS1425  6 0.0104 0.9742 0.0139 0.0015 
   NS_SS1400  6 0.0294 0.9614 0.0076 0.0016 
   NS_SS1406  6 0.9001 0.0075 0.0825 0.0099 
   NS_SS1417  6 0.8425 0.1061 0.0441 0.0073 
   NS_SS1454  6 0.0927 0.6272 0.2783 0.0018 
   NS_SS1412  6 0.3631 0.4831 0.1261 0.0278 
   NS_SS1438  6 0.0543 0.9336 0.0107 0.0015 
   NS_SS1416  6 0.1751 0.0166 0.7996 0.0086 
   NS_SS1401  6 0.5608 0.1176 0.3070 0.0146 
   NS_SS1424  6 0.0846 0.6650 0.2363 0.0141 
   NS_SS1435  6 0.0390 0.1492 0.8089 0.0029 
   NS_SS1447  6 0.9557 0.0148 0.0219 0.0076 
   NS_SS1414  6 0.9437 0.0135 0.0346 0.0082 
   NS_SS1449  6 0.6757 0.2385 0.0798 0.0060 
   NS_SS1443  6 0.0153 0.9747 0.0079 0.0021 
   NS_SS1434  6 0.6811 0.2838 0.0344 0.0007 
   NS_SS1398  6 0.0481 0.1423 0.7835 0.0261 
   NS_SS1426  6 0.0099 0.9665 0.0214 0.0022 
   NS_SS1413  6 0.0244 0.9565 0.0069 0.0121 
   NS_SS1395  6 0.0773 0.7635 0.1434 0.0157 
   NS_SS1448  6 0.0227 0.6622 0.3127 0.0023 
   NS_SS1446  6 0.3751 0.2710 0.3508 0.0032 
   NS_SS1403  6 0.0645 0.0749 0.8536 0.0070 
   NS_SS1415  6 0.0109 0.9508 0.0285 0.0097 
   NS_SS1437  6 0.2063 0.0981 0.6876 0.0080 
   NS_SS1439  6 0.9194 0.0110 0.0670 0.0026 
   NS_SS1441  6 0.0706 0.7669 0.1594 0.0031 
   NS_SS1420  6 0.1072 0.0159 0.8729 0.0039 
   NS_SS1394  6 0.0133 0.0078 0.9440 0.0350 
   NS_SS1391  6 0.4143 0.5150 0.0541 0.0165 
   NS_SS1410  6 0.4833 0.2464 0.2571 0.0133 
   NS_SS1408  6 0.1282 0.0568 0.7469 0.0681 
   NS_SS1409  6 0.1514 0.1298 0.7155 0.0033 
   HI_SS0617  7 0.2603 0.1178 0.6206 0.0013 
   HI_SS0618  7 0.0514 0.0252 0.9203 0.0031 
   HI_SS0619  7 0.2706 0.1030 0.6223 0.0040 
   HI_SS0620  7 0.0096 0.9795 0.0073 0.0036 
   HI_SS0621  7 0.3103 0.0433 0.6304 0.0160 
   HI_SS0622  7 0.4055 0.4200 0.1601 0.0144 
   HI_SS0626  7 0.0168 0.0160 0.9608 0.0065 
   HI_SS0627  7 0.6519 0.0128 0.3270 0.0082 
   HI_SS0628  7 0.0431 0.2223 0.6826 0.0520 
   HI_SS0629  7 0.1895 0.1324 0.6724 0.0058 
   HI_SS0630  7 0.0262 0.3714 0.5549 0.0475 
   HI_SS0631  7 0.0187 0.8492 0.1312 0.0010 
   HI_SS0632  7 0.3925 0.1812 0.4229 0.0034 
   HI_SS0633  7 0.6832 0.0150 0.2980 0.0039 
   HI_SS0634  7 0.0350 0.0240 0.9385 0.0025 
   HI_SS0635  7 0.2091 0.0226 0.7579 0.0104 
   HI_SS0637  7 0.5417 0.0284 0.4269 0.0031 
   HI_SS0638  7 0.0645 0.1606 0.7739 0.0010 
   HI_SS0639  7 0.2064 0.0093 0.7490 0.0353 
   HI_SS0640  7 0.1488 0.5203 0.3280 0.0029 
   HI_SS0641  7 0.0205 0.4748 0.4978 0.0069 
   HI_SS0642  7 0.0767 0.0916 0.8293 0.0024 
   HI_SS0645  7 0.0132 0.0294 0.9563 0.0011 
   HI_SS0646  7 0.4035 0.2969 0.2968 0.0028 
   HI_SS0647  7 0.3323 0.4768 0.1894 0.0015 
   HI_SS0648  7 0.2887 0.1092 0.5987 0.0034 
   HI_SS0649  7 0.3155 0.1282 0.5538 0.0024 
   HI_SS0650  7 0.4820 0.0691 0.4444 0.0045 
   HI_SS0651  7 0.3932 0.4504 0.1518 0.0046 
   HI_SS0652  7 0.0469 0.0131 0.9370 0.0029 
   NS_SS1371  7 0.0945 0.7515 0.1470 0.0070 
   NS_SS1374  7 0.0091 0.4017 0.5867 0.0025 
   NS_SS1337  7 0.6836 0.0762 0.2363 0.0039 
   NS_SS1385  7 0.8458 0.1180 0.0312 0.0049 
   NS_SS1388  7 0.3120 0.0706 0.6096 0.0078 
   NS_SS1370  7 0.1887 0.1274 0.6717 0.0122 
   NS_SS1389  7 0.3296 0.0128 0.6539 0.0037 
   NS_SS1360  7 0.0273 0.8450 0.1223 0.0053 
   NS_SS1330  7 0.5049 0.0122 0.4788 0.0041 
   NS_SS1328  7 0.0719 0.8359 0.0896 0.0026 
   NS_SS1384  7 0.4971 0.3430 0.1550 0.0049 
   NS_SS1381  7 0.9698 0.0081 0.0210 0.0011 
   NS_SS1375  7 0.0084 0.0138 0.9763 0.0014 
   NS_SS1319  7 0.0332 0.1980 0.6761 0.0928 
   NS_SS1326  7 0.0267 0.9159 0.0439 0.0135 
   NS_SS1341  7 0.5561 0.3932 0.0451 0.0056 
   NS_SS1383  7 0.0565 0.0878 0.8513 0.0045 
   NS_SS1318  7 0.8658 0.0647 0.0511 0.0184 
   NS_SS1348  7 0.0166 0.9724 0.0097 0.0014 
   NS_SS1363  7 0.1048 0.0212 0.8689 0.0051 
   NS_SS1335  7 0.0107 0.9130 0.0405 0.0357 
   NS_SS1358  7 0.1587 0.8004 0.0229 0.0181 
   NS_SS1342  7 0.3380 0.6253 0.0352 0.0015 
   NS_SS1320  7 0.9536 0.0034 0.0358 0.0072 
   NS_SS1355  7 0.9639 0.0113 0.0139 0.0109 
   NS_SS1345  7 0.9480 0.0260 0.0078 0.0182 
   NS_SS1324  7 0.1563 0.4406 0.4007 0.0024 
   NS_SS1347  7 0.1266 0.7284 0.1406 0.0044 
   NS_SS1321  7 0.0221 0.5974 0.3789 0.0016 
   NS_SS1333  7 0.0120 0.0285 0.9562 0.0032 
   NS_SS1364  7 0.6318 0.3450 0.0206 0.0026 
   NS_SS1379  7 0.6990 0.1524 0.0917 0.0569 
   NS_SS1332  7 0.0103 0.9710 0.0130 0.0057 
   NS_SS1338  7 0.0145 0.6022 0.3738 0.0094 
   NS_SS1368  7 0.3525 0.5974 0.0447 0.0055 
   NS_SS1354  7 0.9327 0.0133 0.0423 0.0117 
   NS_SS1365  7 0.2056 0.0404 0.7463 0.0077 
   NS_SS1380  7 0.9563 0.0067 0.0162 0.0208 
   NS_SS1329  7 0.4014 0.5820 0.0135 0.0030 
   NS_SS1362  7 0.6796 0.1430 0.1720 0.0054 
   NS_SS1327  7 0.0032 0.9863 0.0075 0.0030 
   NS_SS1350  7 0.0535 0.4140 0.5222 0.0103 
   NS_SS1387  7 0.0486 0.0261 0.9222 0.0031 
   NS_SS1369  7 0.0280 0.9514 0.0171 0.0035 
   NS_SS1331  7 0.0135 0.0711 0.9039 0.0114 
   NS_SS1357  7 0.2499 0.5637 0.1823 0.0042 
   NS_SS1386  7 0.0082 0.9799 0.0084 0.0035 
   NS_SS1353  7 0.6483 0.0592 0.2883 0.0042 
   NS_SS1323  7 0.5920 0.0467 0.2870 0.0742 
   HI_SS0296  8 0.0157 0.9316 0.0502 0.0025 
   HI_SS0297  8 0.0385 0.1771 0.7835 0.0008 
   HI_SS0299  8 0.5731 0.3541 0.0330 0.0399 
   HI_SS0300  8 0.1944 0.6472 0.1567 0.0017 
   HI_SS0301  8 0.0901 0.0787 0.8265 0.0047 
   HI_SS0302  8 0.0255 0.9140 0.0363 0.0242 
   HI_SS0303  8 0.0231 0.9537 0.0157 0.0074 
   HI_SS0304  8 0.0355 0.0213 0.9409 0.0023 
   HI_SS0306  8 0.0086 0.9773 0.0099 0.0043 
   HI_SS0307  8 0.1571 0.0130 0.8207 0.0092 
   HI_SS0308  8 0.0529 0.0359 0.8303 0.0809 
   HI_SS0309  8 0.7924 0.0203 0.1838 0.0035 
   HI_SS0310  8 0.8175 0.1523 0.0226 0.0076 
   HI_SS0311  8 0.0991 0.1189 0.7796 0.0024 
   HI_SS0314  8 0.2159 0.0971 0.6851 0.0019 
   HI_SS0316  8 0.0663 0.8263 0.1031 0.0043 
   HI_SS0317  8 0.0484 0.0283 0.9213 0.0020 
   HI_SS0318  8 0.0267 0.6570 0.1126 0.2037 
   HI_SS0319  8 0.0080 0.9780 0.0088 0.0053 
   HI_SS0320  8 0.0297 0.0075 0.9614 0.0014 
   HI_SS0321  8 0.0201 0.2861 0.6918 0.0021 
   HI_SS0323  8 0.0167 0.0761 0.9056 0.0016 
   HI_SS0325  8 0.0524 0.8820 0.0632 0.0024 
   HI_SS0327  8 0.0886 0.8914 0.0184 0.0015 
   HI_SS0329  8 0.0914 0.0375 0.8694 0.0017 
   HI_SS0333  8 0.2956 0.0851 0.6167 0.0027 
   HI_SS0334  8 0.0584 0.9117 0.0281 0.0018 
   HI_SS0335  8 0.9669 0.0110 0.0071 0.0150 
   HI_SS0339  8 0.8785 0.0176 0.0914 0.0125 
   HI_SS0343  8 0.9736 0.0119 0.0127 0.0018 
   HI_SS0344  8 0.0031 0.9882 0.0056 0.0031 
   HI_SS0345  8 0.8730 0.0724 0.0475 0.0071 
   HI_SS0346  8 0.0495 0.0495 0.8980 0.0030 
   HI_SS0350  8 0.9616 0.0077 0.0210 0.0098 
   HI_SS0351  8 0.8335 0.1451 0.0181 0.0033 
   HI_SS0352  8 0.8499 0.0328 0.0237 0.0937 
   HI_SS0362  8 0.0129 0.2380 0.7468 0.0022 
   HI_SS0363  8 0.0162 0.9722 0.0079 0.0037 
   HI_SS0365  8 0.1630 0.7244 0.1051 0.0075 
   HI_SS0366  8 0.0327 0.9581 0.0078 0.0014 
   HI_SS0367  8 0.9738 0.0059 0.0180 0.0022 
   HI_SS0369  8 0.2470 0.0119 0.7382 0.0028 
   HI_SS0370  8 0.7511 0.1011 0.1444 0.0033 
   HI_SS0371  8 0.0211 0.7536 0.2213 0.0041 
   HI_SS0373  8 0.0145 0.0240 0.9526 0.0089 
   HI_SS0374  8 0.2552 0.0134 0.7018 0.0296 
   HI_SS0377  8 0.0839 0.7997 0.0195 0.0970 
   HI_SS0379  8 0.0045 0.9904 0.0040 0.0011 
   HI_SS0380  8 0.9127 0.0137 0.0672 0.0063 
   HI_SS0381  8 0.3506 0.0105 0.6351 0.0039 
   HI_SS0384  8 0.0904 0.6354 0.2650 0.0092 
   HI_SS0385  8 0.0145 0.2060 0.7783 0.0012 
   HI_SS0386  9 0.0017 0.0020 0.0017 0.9946 
   HI_SS0387  9 0.0148 0.0149 0.0128 0.9575 
   HI_SS0389  9 0.0035 0.0051 0.0041 0.9874 
   HI_SS0390  9 0.0018 0.0018 0.0021 0.9943 
   HI_SS0391  9 0.0043 0.0030 0.0025 0.9902 
   HI_SS0392  9 0.0016 0.0020 0.0017 0.9948 
   HI_SS0393  9 0.0016 0.0023 0.0014 0.9947 
   HI_SS0394  9 0.0013 0.0015 0.0019 0.9954 
   HI_SS0395  9 0.0033 0.0043 0.0054 0.9870 
   HI_SS0396  9 0.0091 0.0083 0.0150 0.9676 
   HI_SS0398  9 0.0065 0.0071 0.0046 0.9818 
   HI_SS0399  9 0.0008 0.0012 0.0012 0.9968 
   HI_SS0400  9 0.0023 0.0021 0.0024 0.9932 
   HI_SS0401  9 0.0018 0.0016 0.0016 0.9950 
   HI_SS0402  9 0.0017 0.0012 0.0012 0.9959 
   HI_SS0403  9 0.0016 0.0017 0.0016 0.9951 
   HI_SS0404  9 0.0013 0.0012 0.0015 0.9960 
   HI_SS0405  9 0.0220 0.0155 0.0165 0.9460 
   HI_SS0406  9 0.0024 0.0020 0.0024 0.9931 
   HI_SS0407  9 0.0077 0.0058 0.0081 0.9784 
   HI_SS0408  9 0.0014 0.0014 0.0014 0.9958 
   HI_SS0409  9 0.0035 0.0032 0.0036 0.9896 
   HI_SS0411  9 0.0029 0.0042 0.0030 0.9899 
   HI_SS0412  9 0.0656 0.0528 0.0728 0.8089 
   HI_SS0413  9 0.0023 0.0021 0.0022 0.9935 
   HI_SS0414  9 0.0213 0.0090 0.0229 0.9468 
   HI_SS0415  9 0.0022 0.0020 0.0018 0.9940 
   HI_SS0416  9 0.0033 0.0035 0.0039 0.9893 
   HI_SS0418  9 0.0044 0.0051 0.0063 0.9842 
   HI_SS0419  9 0.0031 0.0026 0.0043 0.9900 
   HI_SS0420  9 0.0021 0.0026 0.0017 0.9937 
   HI_SS0421  9 0.0043 0.0046 0.0048 0.9863 
   HI_SS0422  9 0.0022 0.0012 0.0013 0.9953 
   HI_SS0423  9 0.0040 0.0047 0.0056 0.9857 
   HI_SS0424  9 0.0023 0.0015 0.0021 0.9941 
   HI_SS0425  9 0.0045 0.0023 0.0043 0.9889 
   NS_SS1146 10 0.0022 0.0033 0.0024 0.9921 
   NS_SS1157 10 0.0072 0.0073 0.0058 0.9797 
   NS_SS1144 10 0.0243 0.0230 0.0182 0.9346 
   NS_SS1074 10 0.0039 0.0035 0.0030 0.9896 
   NS_SS1122 10 0.0054 0.0066 0.0033 0.9848 
   NS_SS1136 10 0.0012 0.0014 0.0012 0.9962 
   NS_SS1077 10 0.0008 0.0009 0.0009 0.9974 
   NS_SS1134 10 0.0080 0.0110 0.0175 0.9635 
   NS_SS1091 10 0.0028 0.0018 0.0022 0.9933 
   NS_SS1089 10 0.0026 0.0045 0.0033 0.9895 
   NS_SS1123 10 0.0013 0.0019 0.0019 0.9950 
   NS_SS1158 10 0.0010 0.0011 0.0014 0.9965 
   NS_SS1093 10 0.0028 0.0025 0.0025 0.9921 
   NS_SS1102 10 0.0060 0.0053 0.0054 0.9832 
   NS_SS1056 10 0.0017 0.0017 0.0023 0.9944 
   NS_SS1126 10 0.0029 0.0029 0.0041 0.9901 
   NS_SS1058 10 0.0051 0.0035 0.0041 0.9873 
   NS_SS1084 10 0.0018 0.0014 0.0016 0.9952 
   NS_SS1095 10 0.0055 0.0075 0.0061 0.9809 
   NS_SS1079 10 0.0020 0.0020 0.0017 0.9942 
   NS_SS1149 10 0.0031 0.0026 0.0033 0.9910 
   NS_SS1121 10 0.0021 0.0017 0.0019 0.9942 
   NS_SS1067 10 0.0071 0.0047 0.0083 0.9798 
   NS_SS1081 10 0.0021 0.0026 0.0035 0.9918 
   NS_SS1130 10 0.0035 0.0029 0.0046 0.9891 
   NS_SS1073 10 0.0031 0.0026 0.0032 0.9910 
   NS_SS1133 10 0.0102 0.0036 0.0109 0.9753 
   NS_SS1129 10 0.0016 0.0016 0.0015 0.9953 
   NS_SS1085 10 0.0023 0.0025 0.0020 0.9931 
   NS_SS1137 10 0.0055 0.0053 0.0044 0.9848 
   NS_SS1135 10 0.0014 0.0015 0.0019 0.9952 
   NS_SS1082 10 0.0023 0.0016 0.0015 0.9947 
   NS_SS1125 10 0.0020 0.0013 0.0013 0.9955 
   NS_SS1124 10 0.0084 0.0055 0.0090 0.9771 
   NS_SS1155 10 0.0084 0.0078 0.0096 0.9742 
   NS_SS1145 10 0.0018 0.0021 0.0024 0.9937 
