   NS_SS0963  1 0.0056 0.3780 0.0109 0.5910 0.0144 
   NS_SS0983  1 0.0055 0.3791 0.5769 0.0295 0.0090 
   NS_SS0719  1 0.0049 0.4728 0.0351 0.4714 0.0158 
   NS_SS1001  1 0.0084 0.0352 0.2570 0.0170 0.6824 
   NS_SS0936  1 0.0038 0.2155 0.0418 0.3391 0.3998 
   NS_SS0955  1 0.0056 0.1424 0.5997 0.1630 0.0894 
   NS_SS0944  1 0.0029 0.0261 0.8960 0.0172 0.0578 
   NS_SS0945  1 0.0085 0.0240 0.6268 0.0248 0.3159 
   NS_SS0922  1 0.0321 0.5400 0.0158 0.2170 0.1951 
   NS_SS0929  1 0.0037 0.2755 0.3168 0.2527 0.1513 
   NS_SS0956  1 0.0045 0.0855 0.0382 0.1079 0.7640 
   NS_SS0906  1 0.0034 0.6307 0.0298 0.1067 0.2295 
   NS_SS0721  1 0.0053 0.5696 0.0380 0.3745 0.0127 
   NS_SS0982  1 0.0168 0.4171 0.0105 0.4386 0.1170 
   NS_SS0923  1 0.0046 0.7315 0.0131 0.1732 0.0776 
   NS_SS0905  1 0.0020 0.9174 0.0240 0.0355 0.0212 
   NS_SS0925  1 0.0049 0.8852 0.0086 0.0241 0.0772 
   NS_SS0947  1 0.0059 0.0652 0.0200 0.1646 0.7443 
   NS_SS0926  1 0.0015 0.0160 0.9463 0.0230 0.0132 
   NS_SS0918  1 0.0037 0.0566 0.1395 0.1639 0.6363 
   NS_SS0966  1 0.0553 0.0989 0.0560 0.3153 0.4745 
   NS_SS0938  1 0.0020 0.0168 0.0202 0.3351 0.6258 
   NS_SS0917  1 0.0365 0.4210 0.0195 0.4647 0.0583 
   NS_SS0957  1 0.0062 0.0486 0.0206 0.0601 0.8644 
   NS_SS0987  1 0.2390 0.5162 0.1493 0.0115 0.0839 
   NS_SS0717  1 0.0038 0.0685 0.0195 0.0135 0.8947 
   NS_SS0986  1 0.0043 0.1547 0.5241 0.0371 0.2797 
   NS_SS0953  1 0.0227 0.0755 0.0354 0.0676 0.7988 
   NS_SS0907  1 0.0456 0.6763 0.0116 0.1733 0.0933 
   NS_SS0974  1 0.0043 0.2072 0.3114 0.2365 0.2406 
   NS_SS0989  1 0.0013 0.1506 0.5472 0.2799 0.0210 
   NS_SS0991  1 0.0018 0.3811 0.5782 0.0153 0.0235 
   NS_SS0994  1 0.0025 0.0295 0.9398 0.0142 0.0141 
   NS_SS0931  1 0.0146 0.0257 0.9342 0.0115 0.0141 
   NS_SS1000  1 0.0047 0.2708 0.0125 0.0619 0.6501 
   NS_SS0919  1 0.0031 0.8445 0.0284 0.1177 0.0063 
   NS_SS0949  1 0.0019 0.0325 0.9099 0.0479 0.0078 
   NS_SS0960  1 0.0074 0.5953 0.2863 0.0887 0.0223 
   NS_SS0716  1 0.0080 0.0089 0.0071 0.0045 0.9714 
   NS_SS0924  1 0.0190 0.6513 0.2109 0.0511 0.0677 
   NS_SS0935  1 0.0093 0.7958 0.1787 0.0076 0.0086 
   NS_SS0952  1 0.0462 0.4753 0.3894 0.0322 0.0569 
   NS_SS0962  1 0.0089 0.1220 0.0210 0.5233 0.3249 
   NS_SS0973  1 0.0044 0.8786 0.0115 0.0991 0.0065 
   NS_SS0722  1 0.0027 0.0159 0.0075 0.0104 0.9635 
   NS_SS0979  1 0.0021 0.0876 0.0194 0.1109 0.7801 
   NS_SS0993  1 0.0277 0.0419 0.0315 0.1934 0.7055 
   NS_SS0958  1 0.0035 0.0398 0.8858 0.0157 0.0553 
   NS_SS0988  1 0.0046 0.0940 0.0612 0.7004 0.1397 
   NS_SS1003  1 0.0095 0.0182 0.0128 0.9429 0.0167 
   NS_SS0976  1 0.0028 0.2293 0.5661 0.1770 0.0248 
   NS_SS0964  1 0.0044 0.0654 0.0084 0.0153 0.9066 
   NS_SS0939  1 0.0061 0.0108 0.0110 0.0187 0.9534 
   NS_SS0990  1 0.0036 0.0128 0.0839 0.2499 0.6498 
   NS_SS0984  1 0.0025 0.0385 0.0135 0.0858 0.8598 
   NS_SS0980  1 0.0019 0.4970 0.0084 0.4720 0.0207 
   NS_SS0978  1 0.0036 0.2865 0.0107 0.6803 0.0188 
   NS_SS0951  1 0.0044 0.0684 0.6020 0.0382 0.2870 
   NS_SS0913  1 0.0424 0.0713 0.0128 0.0193 0.8542 
   NS_SS1002  1 0.0470 0.0528 0.0090 0.8009 0.0902 
   NS_SS0948  1 0.0569 0.0903 0.2009 0.1133 0.5386 
   NS_SS0916  1 0.0045 0.2857 0.0200 0.6784 0.0113 
   NS_SS0995  1 0.0043 0.3219 0.0098 0.5871 0.0769 
   NS_SS0927  1 0.0057 0.2407 0.0279 0.7066 0.0191 
   NS_SS0992  1 0.0031 0.2715 0.0531 0.6384 0.0339 
   NS_SS0912  1 0.0038 0.2944 0.6327 0.0241 0.0449 
   NS_SS0981  1 0.0031 0.8148 0.0333 0.0827 0.0660 
   NS_SS0729  2 0.0039 0.3524 0.5948 0.0333 0.0156 
   NS_SS0967  2 0.0132 0.6657 0.0431 0.1597 0.1183 
   NS_SS0941  2 0.0876 0.2771 0.0527 0.1224 0.4603 
   NS_SS0768  2 0.0055 0.1236 0.0527 0.1233 0.6949 
   NS_SS0726  2 0.0101 0.1441 0.1830 0.6478 0.0150 
   NS_SS0763  2 0.0033 0.4458 0.3649 0.0469 0.1391 
   NS_SS0730  2 0.0041 0.0452 0.0254 0.2664 0.6588 
   NS_SS0774  2 0.0011 0.0144 0.0067 0.0619 0.9159 
   NS_SS0723  2 0.0021 0.5974 0.0082 0.3686 0.0237 
   NS_SS0940  2 0.0072 0.3494 0.2373 0.3611 0.0451 
   NS_SS0762  2 0.0036 0.0220 0.0117 0.0236 0.9390 
   NS_SS0766  2 0.0182 0.3529 0.2422 0.0671 0.3196 
   NS_SS0724  2 0.0052 0.3102 0.0201 0.0166 0.6478 
   NS_SS0769  2 0.0042 0.5351 0.0151 0.3201 0.1255 
   NS_SS0777  2 0.0125 0.5618 0.3464 0.0405 0.0388 
   NS_SS0734  2 0.0333 0.3759 0.3691 0.1158 0.1059 
   NS_SS0737  2 0.0057 0.0262 0.0126 0.4799 0.4756 
   NS_SS0732  2 0.0062 0.6602 0.0120 0.2602 0.0615 
   NS_SS0728  2 0.0137 0.3722 0.0494 0.4236 0.1411 
   NS_SS0735  2 0.0104 0.6509 0.0302 0.1410 0.1675 
   NS_SS0725  2 0.0099 0.0064 0.0364 0.0586 0.8887 
   NS_SS0788  2 0.0018 0.2812 0.0132 0.6861 0.0177 
   NS_SS0778  2 0.0023 0.3595 0.0411 0.5766 0.0205 
   NS_SS0792  2 0.0062 0.0431 0.1197 0.7415 0.0895 
   NS_SS0943  2 0.0102 0.0514 0.8357 0.0769 0.0258 
   NS_SS0791  2 0.0171 0.4580 0.1328 0.3817 0.0104 
   NS_SS0790  2 0.0048 0.0104 0.0049 0.0074 0.9724 
   NS_SS0731  2 0.0141 0.0878 0.0276 0.0171 0.8534 
   NS_SS0727  2 0.0021 0.0395 0.6236 0.0488 0.2860 
   NS_SS0779  2 0.0070 0.6957 0.0634 0.1291 0.1048 
   NS_SS0776  2 0.0098 0.3509 0.1527 0.1062 0.3803 
   NS_SS0775  2 0.0082 0.0302 0.0143 0.0415 0.9058 
   NS_SS0965  3 0.0018 0.8186 0.0325 0.1046 0.0426 
   NS_SS0754  3 0.0123 0.8201 0.1017 0.0499 0.0160 
   NS_SS0838  3 0.0542 0.1916 0.2103 0.1459 0.3980 
   NS_SS0839  3 0.0048 0.0145 0.0078 0.3605 0.6123 
   NS_SS0832  3 0.0548 0.3634 0.0063 0.3992 0.1763 
   NS_SS0820  3 0.0086 0.5432 0.0050 0.3087 0.1344 
   NS_SS0886  3 0.0027 0.3700 0.3373 0.2448 0.0452 
   NS_SS0748  3 0.0120 0.2036 0.6518 0.0290 0.1036 
   NS_SS0884  3 0.0266 0.1360 0.0298 0.6641 0.1435 
   NS_SS0752  3 0.0025 0.7481 0.0225 0.1757 0.0512 
   NS_SS0862  3 0.0054 0.5197 0.0109 0.4229 0.0411 
   NS_SS0787  3 0.0095 0.0340 0.8649 0.0700 0.0216 
   NS_SS0843  3 0.0026 0.8599 0.0238 0.0281 0.0856 
   NS_SS0856  3 0.0036 0.0369 0.0173 0.6055 0.3367 
   NS_SS0846  3 0.0036 0.5167 0.1131 0.3472 0.0194 
   NS_SS0825  3 0.0107 0.0201 0.0881 0.7661 0.1150 
   NS_SS0757  3 0.0037 0.4261 0.1436 0.3462 0.0803 
   NS_SS0876  3 0.2280 0.2344 0.0212 0.1418 0.3746 
   NS_SS0903  3 0.0033 0.6734 0.0093 0.2334 0.0805 
   NS_SS0875  3 0.0051 0.0552 0.1088 0.1103 0.7206 
   NS_SS0740  3 0.0025 0.8679 0.0154 0.0233 0.0908 
   NS_SS0811  3 0.0111 0.0306 0.0140 0.0225 0.9218 
   NS_SS0751  3 0.0031 0.2646 0.2139 0.4485 0.0699 
   NS_SS0891  3 0.0070 0.0176 0.0164 0.0136 0.9454 
   NS_SS0867  3 0.0302 0.2303 0.1955 0.5304 0.0136 
   NS_SS0890  3 0.0034 0.6344 0.1073 0.1792 0.0757 
   NS_SS0866  3 0.0066 0.0131 0.6706 0.2861 0.0236 
   NS_SS0755  3 0.0096 0.0454 0.1399 0.2043 0.6008 
   NS_SS0758  3 0.0023 0.5313 0.3223 0.0785 0.0656 
   NS_SS0840  3 0.0030 0.1305 0.0139 0.1412 0.7114 
   NS_SS0889  3 0.0033 0.0223 0.9125 0.0237 0.0382 
   NS_SS1010  3 0.0449 0.3112 0.0445 0.4477 0.1518 
   NS_SS0888  3 0.0018 0.4045 0.4395 0.1430 0.0112 
   NS_SS0837  3 0.0028 0.5900 0.0328 0.1350 0.2394 
   NS_SS0794  3 0.0024 0.0388 0.9007 0.0138 0.0443 
   NS_SS0823  3 0.0058 0.1065 0.0163 0.2445 0.6270 
   NS_SS0829  3 0.1292 0.0259 0.7756 0.0455 0.0237 
   NS_SS0844  3 0.0031 0.2137 0.0079 0.0572 0.7181 
   NS_SS1008  3 0.0150 0.2159 0.3845 0.0714 0.3132 
   NS_SS0881  3 0.0025 0.0909 0.1683 0.6871 0.0513 
   NS_SS0834  3 0.0081 0.0494 0.0300 0.1594 0.7532 
   NS_SS0744  3 0.0077 0.2111 0.0183 0.7445 0.0183 
   NS_SS0899  3 0.0017 0.0193 0.0070 0.0137 0.9583 
   NS_SS0804  3 0.0057 0.1332 0.0067 0.3286 0.5259 
   NS_SS0781  3 0.0045 0.0664 0.0057 0.2490 0.6745 
   NS_SS0822  3 0.0021 0.0395 0.9096 0.0266 0.0222 
   NS_SS1004  3 0.0042 0.6463 0.0308 0.2965 0.0223 
   NS_SS0746  3 0.0198 0.2415 0.1405 0.0290 0.5692 
   NS_SS0880  3 0.0019 0.0415 0.1766 0.6340 0.1460 
   NS_SS0879  3 0.0136 0.0169 0.0274 0.0465 0.8956 
   NS_SS0753  3 0.0091 0.9138 0.0434 0.0212 0.0126 
   NS_SS1007  3 0.0019 0.2791 0.0127 0.6957 0.0106 
   NS_SS0872  3 0.0024 0.1314 0.0167 0.3167 0.5328 
   NS_SS1005  3 0.0018 0.2461 0.0289 0.2357 0.4875 
   NS_SS0892  3 0.0026 0.5280 0.0677 0.2396 0.1621 
   NS_SS0898  3 0.0088 0.0215 0.8060 0.0405 0.1232 
   NS_SS0801  3 0.0116 0.8086 0.0146 0.0964 0.0687 
   NS_SS0827  3 0.1388 0.2456 0.2982 0.0498 0.2676 
   NS_SS0853  3 0.0060 0.0599 0.0147 0.0059 0.9135 
   NS_SS0780  3 0.0042 0.2431 0.0091 0.6805 0.0630 
   NS_SS0826  3 0.0050 0.0250 0.2561 0.3004 0.4136 
   NS_SS0818  3 0.0018 0.0581 0.0184 0.9028 0.0189 
   NS_SS0745  3 0.0015 0.0133 0.0134 0.0105 0.9613 
   NS_SS0849  3 0.0020 0.1511 0.0366 0.5027 0.3076 
   NS_SS0739  3 0.0138 0.1429 0.0167 0.8099 0.0166 
   NS_SS0799  3 0.0010 0.4274 0.3306 0.2194 0.0216 
   NS_SS0756  3 0.0041 0.0293 0.0164 0.6221 0.3281 
   NS_SS0802  3 0.1937 0.2195 0.0290 0.5420 0.0158 
   NS_SS0747  3 0.0052 0.9411 0.0060 0.0346 0.0132 
   NS_SS0835  3 0.0017 0.0548 0.4885 0.4432 0.0117 
   NS_SS0742  3 0.0015 0.1066 0.0127 0.8623 0.0169 
   NS_SS0760  3 0.0531 0.0286 0.8725 0.0219 0.0240 
   NS_SS0803  3 0.0105 0.4338 0.0128 0.0749 0.4680 
   NS_SS0828  3 0.0014 0.8466 0.0271 0.1069 0.0180 
   NS_SS0865  3 0.0279 0.0662 0.0374 0.8392 0.0292 
   NS_SS0759  3 0.0057 0.6291 0.0135 0.2583 0.0935 
   NS_SS0851  3 0.0177 0.0082 0.0140 0.0108 0.9493 
   NS_SS0874  3 0.0018 0.2335 0.0126 0.0943 0.6578 
   NS_SS0761  3 0.0035 0.4356 0.4980 0.0311 0.0318 
   NS_SS0842  3 0.0103 0.0270 0.2023 0.0918 0.6686 
   NS_SS0785  3 0.0052 0.8259 0.0500 0.0806 0.0383 
   NS_SS0860  3 0.0027 0.2266 0.1842 0.5728 0.0137 
   NS_SS0897  3 0.0022 0.0091 0.9634 0.0141 0.0111 
   NS_SS0841  3 0.0041 0.1071 0.0619 0.4542 0.3727 
   NS_SS0797  3 0.0319 0.0223 0.9069 0.0253 0.0135 
   NS_SS0830  3 0.0022 0.2803 0.2256 0.1366 0.3554 
   NS_SS1011  3 0.0082 0.0200 0.0106 0.9487 0.0124 
   NS_SS0883  3 0.0067 0.7540 0.0652 0.1342 0.0399 
   NS_SS0782  3 0.0035 0.0561 0.3999 0.0689 0.4717 
   NS_SS0831  3 0.0050 0.0719 0.8503 0.0187 0.0540 
   NS_SS0749  3 0.0031 0.9297 0.0153 0.0436 0.0083 
   NS_SS0854  3 0.0030 0.5488 0.1740 0.0987 0.1756 
   HI_SS0193  4 0.0019 0.0095 0.9523 0.0141 0.0222 
   HI_SS0194  4 0.0024 0.0289 0.0375 0.0329 0.8983 
   HI_SS0195  4 0.1181 0.1019 0.0053 0.2844 0.4903 
   HI_SS0196  4 0.0040 0.3024 0.2631 0.0736 0.3569 
   HI_SS0197  4 0.0118 0.0162 0.0038 0.9560 0.0121 
   HI_SS0198  4 0.0108 0.3900 0.0784 0.4763 0.0446 
   HI_SS0199  4 0.0030 0.5407 0.0582 0.3888 0.0093 
   HI_SS0201  4 0.0028 0.0743 0.8755 0.0387 0.0087 
   HI_SS0215  4 0.0038 0.6965 0.2343 0.0525 0.0129 
   HI_SS0218  4 0.0091 0.0142 0.9528 0.0079 0.0160 
   HI_SS0222  4 0.0061 0.4162 0.2271 0.0959 0.2547 
   HI_SS0230  4 0.0056 0.7925 0.0065 0.1490 0.0464 
   HI_SS0234  4 0.1550 0.1240 0.0419 0.5866 0.0926 
   HI_SS0240  4 0.0087 0.6043 0.0082 0.3612 0.0176 
   HI_SS0241  4 0.0022 0.0695 0.5266 0.3498 0.0520 
   HI_SS0242  4 0.0039 0.0558 0.3045 0.0560 0.5798 
   HI_SS0247  4 0.0269 0.0299 0.0444 0.2733 0.6255 
   HI_SS0248  4 0.0010 0.0229 0.9527 0.0116 0.0118 
   HI_SS0252  4 0.0029 0.1449 0.2017 0.3088 0.3418 
   HI_SS0254  4 0.0950 0.2497 0.3733 0.2702 0.0119 
   HI_SS0256  4 0.0024 0.0865 0.0053 0.0497 0.8561 
   HI_SS0257  4 0.0038 0.8019 0.0519 0.1023 0.0400 
   HI_SS0258  4 0.0058 0.1054 0.8641 0.0140 0.0107 
   HI_SS0259  4 0.0033 0.0133 0.0088 0.9442 0.0304 
   HI_SS0260  4 0.0017 0.6018 0.3018 0.0492 0.0455 
   HI_SS0261  4 0.0043 0.3865 0.3604 0.1143 0.1344 
   HI_SS0262  4 0.0069 0.0285 0.0252 0.6688 0.2707 
   HI_SS0264  4 0.0049 0.4446 0.0181 0.0427 0.4897 
   HI_SS0265  4 0.0956 0.0734 0.0220 0.4032 0.4059 
   HI_SS0268  4 0.0037 0.4806 0.2035 0.2431 0.0690 
   HI_SS0269  4 0.0022 0.0693 0.5083 0.4062 0.0140 
   HI_SS0273  4 0.0026 0.1490 0.7506 0.0748 0.0230 
   HI_SS0277  4 0.0037 0.1101 0.0456 0.8304 0.0102 
   HI_SS0280  4 0.0072 0.1666 0.3538 0.2897 0.1826 
   HI_SS0282  4 0.0016 0.2518 0.5342 0.1775 0.0349 
   HI_SS0286  4 0.0094 0.5716 0.2680 0.1180 0.0330 
   NS_SS1252  5 0.0049 0.0205 0.9416 0.0229 0.0101 
   NS_SS1261  5 0.0221 0.0904 0.0477 0.5453 0.2945 
   NS_SS1225  5 0.0901 0.7368 0.0724 0.0404 0.0603 
   NS_SS1266  5 0.0093 0.0527 0.0089 0.0626 0.8665 
   NS_SS1228  5 0.0192 0.0357 0.0242 0.4318 0.4890 
   NS_SS1255  5 0.0020 0.0127 0.1312 0.0513 0.8028 
   NS_SS1267  5 0.0187 0.1599 0.7996 0.0141 0.0077 
   NS_SS1238  5 0.0035 0.0839 0.7943 0.0480 0.0703 
   NS_SS1233  5 0.0022 0.2178 0.2618 0.0244 0.4938 
   NS_SS1277  5 0.0013 0.0080 0.9693 0.0116 0.0098 
   NS_SS1245  5 0.0022 0.1613 0.4577 0.0312 0.3477 
   NS_SS1240  5 0.0021 0.1775 0.7732 0.0365 0.0107 
   NS_SS1275  5 0.0037 0.0132 0.0077 0.5405 0.4349 
   NS_SS1235  5 0.0062 0.0728 0.0283 0.1414 0.7513 
   NS_SS1263  5 0.0015 0.0289 0.0206 0.0108 0.9383 
   NS_SS1251  5 0.0020 0.1307 0.0668 0.0578 0.7427 
   NS_SS1248  5 0.1187 0.0357 0.7769 0.0193 0.0494 
   NS_SS1244  5 0.0042 0.0330 0.2042 0.7462 0.0124 
   NS_SS1257  5 0.0377 0.4053 0.4860 0.0353 0.0357 
   NS_SS1242  5 0.0031 0.0148 0.0093 0.0968 0.8761 
   NS_SS1271  5 0.0430 0.0155 0.9038 0.0286 0.0090 
   NS_SS1265  5 0.0294 0.0614 0.7971 0.0127 0.0995 
   NS_SS1243  5 0.1071 0.1539 0.3130 0.0718 0.3542 
   NS_SS1273  5 0.0141 0.0167 0.0271 0.0465 0.8956 
   NS_SS1254  5 0.0073 0.0130 0.0113 0.0263 0.9420 
   NS_SS1224  5 0.0102 0.0592 0.0146 0.0388 0.8772 
   NS_SS1227  5 0.0018 0.3555 0.0985 0.4912 0.0531 
   NS_SS1274  5 0.0160 0.8263 0.1090 0.0303 0.0184 
   NS_SS1241  5 0.0015 0.0213 0.9157 0.0347 0.0268 
   NS_SS1256  5 0.0537 0.0952 0.2886 0.0802 0.4823 
   NS_SS1260  5 0.0641 0.7377 0.0878 0.0985 0.0119 
   NS_SS1262  5 0.1701 0.3348 0.2342 0.1669 0.0940 
   NS_SS1230  5 0.0107 0.3638 0.5288 0.0193 0.0773 
   NS_SS1270  5 0.0027 0.5915 0.0247 0.2952 0.0860 
   NS_SS1229  5 0.0052 0.0242 0.0064 0.9475 0.0167 
   NS_SS1246  5 0.0039 0.0181 0.5404 0.3988 0.0388 
   NS_SS1269  5 0.0023 0.5536 0.0360 0.3119 0.0961 
   NS_SS1239  5 0.0045 0.2199 0.0134 0.7281 0.0340 
   NS_SS1272  5 0.0073 0.0262 0.0180 0.5001 0.4484 
   NS_SS1268  5 0.0029 0.0726 0.0516 0.0823 0.7906 
   NS_SS1249  5 0.0170 0.0208 0.9219 0.0206 0.0197 
   HI_SS0559  6 0.0020 0.9043 0.0522 0.0158 0.0256 
   HI_SS0563  6 0.0042 0.1490 0.4584 0.2840 0.1043 
   HI_SS0564  6 0.0483 0.2273 0.0224 0.6185 0.0835 
   HI_SS0565  6 0.0040 0.2647 0.1537 0.4960 0.0816 
   HI_SS0569  6 0.0023 0.4779 0.5001 0.0135 0.0061 
   HI_SS0570  6 0.0544 0.0188 0.8728 0.0310 0.0231 
   HI_SS0572  6 0.0037 0.0609 0.0209 0.0387 0.8758 
   HI_SS0576  6 0.0069 0.8315 0.0296 0.0985 0.0335 
   HI_SS0579  6 0.0173 0.8995 0.0591 0.0127 0.0113 
   HI_SS0580  6 0.0052 0.3546 0.3527 0.0414 0.2462 
   HI_SS0581  6 0.0617 0.0163 0.0084 0.7862 0.1275 
   HI_SS0583  6 0.0033 0.1480 0.3675 0.0766 0.4045 
   HI_SS0586  6 0.0009 0.1339 0.8428 0.0071 0.0152 
   HI_SS0588  6 0.0171 0.8915 0.0668 0.0082 0.0163 
   HI_SS0595  6 0.0348 0.2971 0.2263 0.3718 0.0699 
   HI_SS0596  6 0.0024 0.0082 0.0107 0.0122 0.9666 
   HI_SS0597  6 0.0030 0.0188 0.0164 0.2118 0.7500 
   HI_SS0600  6 0.0032 0.0410 0.0375 0.9087 0.0095 
   HI_SS0601  6 0.0141 0.7246 0.0166 0.2310 0.0136 
   HI_SS0602  6 0.0022 0.9681 0.0118 0.0081 0.0099 
   HI_SS0604  6 0.0019 0.4375 0.2734 0.0205 0.2667 
   HI_SS0605  6 0.0082 0.3146 0.1255 0.4945 0.0572 
   HI_SS0608  6 0.0019 0.0784 0.2005 0.0296 0.6895 
   HI_SS0609  6 0.0011 0.0165 0.0227 0.1382 0.8214 
   HI_SS0611  6 0.0040 0.2664 0.4785 0.1027 0.1485 
   HI_SS0612  6 0.0091 0.4040 0.0725 0.4817 0.0326 
   HI_SS0613  6 0.0019 0.7350 0.0360 0.1208 0.1063 
   HI_SS0615  6 0.0111 0.3230 0.0103 0.6121 0.0435 
   HI_SS0001  6 0.0052 0.0237 0.6746 0.1952 0.1013 
   HI_SS0002  6 0.0316 0.4555 0.0098 0.3052 0.1979 
   HI_SS0004  6 0.0068 0.0826 0.7391 0.0519 0.1196 
   HI_SS0005  6 0.0071 0.8733 0.0530 0.0561 0.0104 
   HI_SS0006  6 0.0025 0.2668 0.2629 0.4153 0.0525 
   HI_SS0007  6 0.0025 0.0158 0.9603 0.0101 0.0114 
   HI_SS0008  6 0.0367 0.5856 0.0144 0.3380 0.0252 
   HI_SS0009  6 0.0069 0.1776 0.0738 0.0670 0.6747 
   HI_SS0010  6 0.0042 0.1619 0.7557 0.0407 0.0376 
   HI_SS0011  6 0.1037 0.0342 0.0650 0.0889 0.7082 
   HI_SS0012  6 0.0050 0.4260 0.0062 0.5249 0.0379 
   HI_SS0017  6 0.0018 0.0063 0.0228 0.0125 0.9567 
   HI_SS0021  6 0.2487 0.0257 0.4074 0.0333 0.2849 
   HI_SS0024  6 0.0023 0.0094 0.2308 0.4784 0.2791 
   HI_SS0025  6 0.0040 0.0099 0.0093 0.0072 0.9697 
   HI_SS0027  6 0.0150 0.3415 0.5541 0.0787 0.0107 
   HI_SS0028  6 0.0019 0.6001 0.0070 0.1561 0.2348 
   HI_SS0029  6 0.0095 0.0962 0.0624 0.0590 0.7728 
   HI_SS0030  6 0.0056 0.2931 0.1562 0.5156 0.0295 
   HI_SS0031  6 0.0039 0.8454 0.0059 0.1340 0.0108 
   HI_SS0034  6 0.0055 0.4037 0.5536 0.0218 0.0153 
   HI_SS0036  6 0.0161 0.0494 0.7750 0.1515 0.0080 
   HI_SS0037  6 0.0059 0.0780 0.6611 0.0328 0.2223 
   HI_SS0039  6 0.0049 0.1438 0.6658 0.1190 0.0665 
   HI_SS0041  6 0.0020 0.0088 0.0101 0.1970 0.7820 
   HI_SS0042  6 0.1119 0.0448 0.0174 0.1803 0.6457 
   HI_SS0043  6 0.0039 0.0406 0.9129 0.0335 0.0091 
   HI_SS0044  6 0.0031 0.0578 0.2903 0.0269 0.6219 
   HI_SS0047  6 0.0024 0.7936 0.0300 0.1345 0.0395 
   HI_SS0049  6 0.0047 0.0479 0.0320 0.0123 0.9031 
   HI_SS0051  6 0.0025 0.6503 0.1266 0.1083 0.1123 
   HI_SS0053  6 0.0063 0.3141 0.4217 0.2418 0.0161 
   HI_SS0054  6 0.0041 0.0675 0.9109 0.0083 0.0092 
   HI_SS0057  6 0.0037 0.0849 0.1669 0.5143 0.2303 
   HI_SS0058  6 0.0070 0.1705 0.0971 0.0147 0.7107 
   HI_SS0060  6 0.0818 0.3104 0.1850 0.4104 0.0124 
   HI_SS0087  6 0.0028 0.2203 0.3192 0.3965 0.0612 
   HI_SS0091  6 0.0012 0.0540 0.0610 0.8732 0.0106 
   HI_SS0095  6 0.0512 0.7725 0.0088 0.1545 0.0130 
   HI_SS0097  6 0.0052 0.9356 0.0080 0.0336 0.0175 
   HI_SS0099  6 0.0049 0.0122 0.0083 0.0106 0.9640 
   HI_SS0103  6 0.0029 0.1202 0.0146 0.7646 0.0977 
   HI_SS0105  6 0.0315 0.0684 0.0164 0.8723 0.0115 
   HI_SS0107  6 0.0012 0.0086 0.0166 0.1567 0.8170 
   HI_SS0108  6 0.0296 0.0177 0.9270 0.0202 0.0055 
   HI_SS0110  6 0.0016 0.0177 0.0122 0.9530 0.0155 
   HI_SS0111  6 0.0339 0.1774 0.0241 0.7261 0.0384 
   HI_SS0112  6 0.0014 0.0091 0.9731 0.0098 0.0067 
   HI_SS0113  6 0.0040 0.0203 0.0209 0.0747 0.8801 
   HI_SS0114  6 0.0067 0.5591 0.3861 0.0351 0.0129 
   HI_SS0115  6 0.0174 0.9256 0.0156 0.0135 0.0279 
   HI_SS0116  6 0.0052 0.0348 0.3927 0.0768 0.4904 
   HI_SS0117  6 0.0027 0.4746 0.3342 0.1503 0.0382 
   HI_SS0118  6 0.0160 0.1353 0.3240 0.0703 0.4544 
   HI_SS0119  6 0.0017 0.0286 0.0475 0.9164 0.0059 
   HI_SS0120  6 0.0038 0.0106 0.0228 0.0440 0.9187 
   HI_SS0121  6 0.0017 0.0723 0.0069 0.2731 0.6461 
   HI_SS0122  6 0.0229 0.0199 0.0439 0.8230 0.0903 
   HI_SS0123  6 0.0044 0.2816 0.0108 0.6908 0.0124 
   HI_SS0124  6 0.0038 0.0250 0.0105 0.1740 0.7866 
   HI_SS0125  6 0.0433 0.1975 0.0065 0.7053 0.0474 
   HI_SS0126  6 0.0013 0.0136 0.9536 0.0097 0.0218 
   HI_SS0127  6 0.0093 0.9222 0.0399 0.0142 0.0143 
   HI_SS0128  6 0.0038 0.3290 0.2671 0.1849 0.2152 
   HI_SS0129  6 0.0146 0.1497 0.6204 0.1579 0.0574 
   HI_SS0131  6 0.0557 0.0397 0.8766 0.0169 0.0111 
   HI_SS0132  6 0.0009 0.1206 0.2928 0.4978 0.0879 
   HI_SS0133  6 0.0014 0.0045 0.9867 0.0046 0.0027 
   HI_SS0134  6 0.0026 0.2163 0.1545 0.5285 0.0982 
   HI_SS0142  6 0.0136 0.8409 0.0068 0.1292 0.0095 
   HI_SS0145  6 0.0017 0.7796 0.0657 0.1206 0.0323 
   HI_SS0146  6 0.0019 0.0294 0.8957 0.0530 0.0200 
   HI_SS0147  6 0.0322 0.0704 0.0136 0.2033 0.6806 
   HI_SS0149  6 0.0049 0.0112 0.1420 0.8179 0.0240 
   HI_SS0150  6 0.0058 0.4118 0.0676 0.1037 0.4111 
   HI_SS0151  6 0.0146 0.5684 0.1083 0.2934 0.0154 
   NS_SS1451  6 0.0031 0.0240 0.0064 0.6360 0.3305 
   NS_SS1404  6 0.0118 0.0242 0.0228 0.0752 0.8661 
   NS_SS1432  6 0.0420 0.0210 0.0069 0.7026 0.2276 
   NS_SS1405  6 0.0040 0.0296 0.1561 0.1893 0.6210 
   NS_SS1431  6 0.0011 0.0164 0.0205 0.1076 0.8544 
   NS_SS1402  6 0.0031 0.2476 0.0219 0.5230 0.2044 
   NS_SS1450  6 0.0048 0.3915 0.3446 0.2138 0.0454 
   NS_SS1396  6 0.0075 0.0340 0.0517 0.8716 0.0353 
   NS_SS1393  6 0.0046 0.9071 0.0241 0.0526 0.0117 
   NS_SS1392  6 0.0240 0.0632 0.1045 0.3192 0.4892 
   NS_SS1445  6 0.0089 0.6075 0.1828 0.1875 0.0133 
   NS_SS1423  6 0.0019 0.3284 0.3290 0.2887 0.0520 
   NS_SS1421  6 0.0942 0.0244 0.7374 0.1297 0.0144 
   NS_SS1411  6 0.0023 0.0198 0.9467 0.0170 0.0143 
   NS_SS1453  6 0.0071 0.3012 0.2746 0.3218 0.0953 
   NS_SS1442  6 0.0051 0.5458 0.1620 0.0518 0.2353 
   NS_SS1422  6 0.0157 0.3464 0.0929 0.4863 0.0588 
   NS_SS1419  6 0.1444 0.0106 0.0242 0.0196 0.8012 
   NS_SS1427  6 0.0021 0.0071 0.9711 0.0121 0.0076 
   NS_SS1444  6 0.0047 0.0899 0.0246 0.0170 0.8638 
   NS_SS1455  6 0.0017 0.0127 0.0171 0.0171 0.9514 
   NS_SS1425  6 0.0018 0.0391 0.9345 0.0204 0.0041 
   NS_SS1400  6 0.0014 0.0132 0.9580 0.0052 0.0221 
   NS_SS1406  6 0.0132 0.4160 0.0065 0.2718 0.2925 
   NS_SS1417  6 0.0110 0.0321 0.2338 0.2306 0.4926 
   NS_SS1454  6 0.0019 0.0192 0.4718 0.1166 0.3905 
   NS_SS1412  6 0.0253 0.1022 0.1332 0.1953 0.5439 
   NS_SS1438  6 0.0015 0.0938 0.7981 0.0614 0.0452 
   NS_SS1416  6 0.0065 0.1938 0.0110 0.5440 0.2446 
   NS_SS1401  6 0.0131 0.0306 0.0296 0.8470 0.0798 
   NS_SS1424  6 0.0144 0.0369 0.1871 0.7486 0.0128 
   NS_SS1435  6 0.0047 0.5222 0.3355 0.0992 0.0385 
   NS_SS1447  6 0.0113 0.0468 0.0255 0.0280 0.8884 
   NS_SS1414  6 0.0086 0.0101 0.0097 0.0076 0.9639 
   NS_SS1449  6 0.0036 0.0474 0.0142 0.9078 0.0269 
   NS_SS1443  6 0.0032 0.7026 0.2499 0.0367 0.0076 
   NS_SS1434  6 0.0010 0.0545 0.5433 0.1327 0.2685 
   NS_SS1398  6 0.0303 0.5362 0.1809 0.0733 0.1793 
   NS_SS1426  6 0.0028 0.3596 0.5602 0.0667 0.0107 
   NS_SS1413  6 0.0145 0.0151 0.9402 0.0107 0.0194 
   NS_SS1395  6 0.0095 0.6541 0.0214 0.3103 0.0048 
   NS_SS1448  6 0.0027 0.0174 0.9189 0.0187 0.0423 
   NS_SS1446  6 0.0037 0.0278 0.1520 0.7554 0.0611 
   NS_SS1403  6 0.0060 0.0751 0.0223 0.8653 0.0313 
   NS_SS1415  6 0.0146 0.0646 0.8955 0.0151 0.0102 
   NS_SS1437  6 0.0103 0.1140 0.0691 0.2555 0.5511 
   NS_SS1439  6 0.0027 0.8344 0.0053 0.1335 0.0242 
   NS_SS1441  6 0.0030 0.7482 0.1158 0.0973 0.0357 
   NS_SS1420  6 0.0040 0.0222 0.0101 0.0509 0.9128 
   NS_SS1394  6 0.0413 0.2342 0.0095 0.3281 0.3870 
   NS_SS1391  6 0.0131 0.7088 0.0808 0.0915 0.1059 
   NS_SS1410  6 0.0187 0.0222 0.2883 0.3770 0.2938 
   NS_SS1408  6 0.0491 0.4048 0.0312 0.5029 0.0120 
   NS_SS1409  6 0.0031 0.3621 0.0483 0.5290 0.0574 
   HI_SS0617  7 0.0018 0.1508 0.0205 0.5018 0.3251 
   HI_SS0618  7 0.0029 0.4932 0.0449 0.2775 0.1814 
   HI_SS0619  7 0.0046 0.0396 0.0824 0.0294 0.8439 
   HI_SS0620  7 0.0037 0.0582 0.9176 0.0122 0.0084 
   HI_SS0621  7 0.0210 0.0981 0.0163 0.2302 0.6345 
   HI_SS0622  7 0.0126 0.1021 0.2754 0.0605 0.5494 
   HI_SS0626  7 0.0132 0.0925 0.0573 0.0528 0.7842 
   HI_SS0627  7 0.0101 0.0232 0.0337 0.6402 0.2927 
   HI_SS0628  7 0.0696 0.0203 0.7156 0.1712 0.0234 
   HI_SS0629  7 0.0082 0.5069 0.1738 0.1928 0.1183 
   HI_SS0630  7 0.0662 0.0711 0.7045 0.0885 0.0697 
   HI_SS0631  7 0.0011 0.0486 0.9146 0.0157 0.0200 
   HI_SS0632  7 0.0039 0.0638 0.6376 0.0315 0.2632 
   HI_SS0633  7 0.0040 0.0469 0.0130 0.0151 0.9210 
   HI_SS0634  7 0.0021 0.0088 0.0136 0.9648 0.0107 
   HI_SS0635  7 0.0136 0.4213 0.0559 0.0448 0.4645 
   HI_SS0637  7 0.0029 0.7771 0.0118 0.1910 0.0172 
   HI_SS0638  7 0.0013 0.0736 0.7246 0.1471 0.0535 
   HI_SS0639  7 0.0412 0.2597 0.0082 0.6053 0.0857 
   HI_SS0640  7 0.0025 0.8438 0.0924 0.0342 0.0272 
   HI_SS0641  7 0.0058 0.4883 0.2079 0.0205 0.2775 
   HI_SS0642  7 0.0025 0.0203 0.0124 0.9486 0.0161 
   HI_SS0645  7 0.0013 0.0112 0.0221 0.1193 0.8461 
   HI_SS0646  7 0.0031 0.7720 0.0108 0.2022 0.0119 
   HI_SS0647  7 0.0018 0.0094 0.6874 0.0345 0.2669 
   HI_SS0648  7 0.0041 0.7323 0.0525 0.0850 0.1262 
   HI_SS0649  7 0.0024 0.5200 0.0190 0.1225 0.3361 
   HI_SS0650  7 0.0051 0.5926 0.0175 0.2646 0.1202 
   HI_SS0651  7 0.0051 0.8506 0.0188 0.0895 0.0360 
   HI_SS0652  7 0.0043 0.0768 0.0229 0.1072 0.7888 
   NS_SS1371  7 0.0058 0.8963 0.0117 0.0775 0.0088 
   NS_SS1374  7 0.0032 0.0263 0.4443 0.5085 0.0176 
   NS_SS1337  7 0.0048 0.0181 0.0490 0.8151 0.1130 
   NS_SS1385  7 0.0061 0.2845 0.0199 0.2637 0.4258 
   NS_SS1388  7 0.0074 0.0124 0.0400 0.0146 0.9256 
   NS_SS1370  7 0.0127 0.1318 0.1338 0.6362 0.0855 
   NS_SS1389  7 0.0037 0.0075 0.0119 0.0077 0.9692 
   NS_SS1360  7 0.0047 0.8324 0.1267 0.0246 0.0117 
   NS_SS1330  7 0.0039 0.7431 0.0056 0.2060 0.0415 
   NS_SS1328  7 0.0030 0.0232 0.7429 0.1930 0.0379 
   NS_SS1384  7 0.0039 0.8943 0.0387 0.0409 0.0222 
   NS_SS1381  7 0.0011 0.0282 0.0097 0.5715 0.3895 
   NS_SS1375  7 0.0016 0.1051 0.0254 0.1159 0.7520 
   NS_SS1319  7 0.1082 0.3752 0.0486 0.4106 0.0574 
   NS_SS1326  7 0.0092 0.0077 0.9595 0.0135 0.0101 
   NS_SS1341  7 0.0052 0.1694 0.0545 0.7228 0.0481 
   NS_SS1383  7 0.0051 0.3332 0.0733 0.5804 0.0081 
   NS_SS1318  7 0.0246 0.1346 0.0953 0.0671 0.6784 
   NS_SS1348  7 0.0016 0.0781 0.8929 0.0198 0.0076 
   NS_SS1363  7 0.0057 0.1072 0.0430 0.4227 0.4214 
   NS_SS1335  7 0.0283 0.7612 0.1608 0.0360 0.0138 
   NS_SS1358  7 0.0163 0.2987 0.1199 0.5560 0.0091 
   NS_SS1342  7 0.0019 0.0401 0.2797 0.6233 0.0550 
   NS_SS1320  7 0.0063 0.0273 0.0059 0.1813 0.7792 
   NS_SS1355  7 0.0142 0.2600 0.0086 0.0115 0.7057 
   NS_SS1345  7 0.0225 0.0821 0.0986 0.0349 0.7618 
   NS_SS1324  7 0.0035 0.4461 0.4788 0.0435 0.0281 
   NS_SS1347  7 0.0039 0.7578 0.0332 0.1899 0.0152 
   NS_SS1321  7 0.0015 0.1536 0.0492 0.7857 0.0100 
   NS_SS1333  7 0.0040 0.0222 0.1654 0.7703 0.0381 
   NS_SS1364  7 0.0028 0.0431 0.8607 0.0108 0.0827 
   NS_SS1379  7 0.0667 0.1507 0.0291 0.4548 0.2987 
   NS_SS1332  7 0.0081 0.0192 0.9519 0.0076 0.0133 
   NS_SS1338  7 0.0092 0.1258 0.1193 0.7305 0.0152 
   NS_SS1368  7 0.0065 0.0351 0.7461 0.1021 0.1102 
   NS_SS1354  7 0.0178 0.2858 0.0479 0.3506 0.2979 
   NS_SS1365  7 0.0106 0.0533 0.1257 0.0309 0.7795 
   NS_SS1380  7 0.0275 0.0778 0.0052 0.0095 0.8800 
   NS_SS1329  7 0.0045 0.0397 0.3302 0.5873 0.0383 
   NS_SS1362  7 0.0046 0.8296 0.0297 0.1056 0.0305 
   NS_SS1327  7 0.0036 0.0203 0.9599 0.0117 0.0044 
   NS_SS1350  7 0.0095 0.3539 0.0158 0.6069 0.0139 
   NS_SS1387  7 0.0035 0.6414 0.0342 0.0826 0.2384 
   NS_SS1369  7 0.0053 0.0131 0.8337 0.1266 0.0213 
   NS_SS1331  7 0.0109 0.0091 0.3050 0.3303 0.3446 
   NS_SS1357  7 0.0043 0.2457 0.1682 0.5093 0.0725 
   NS_SS1386  7 0.0035 0.0115 0.9624 0.0184 0.0042 
   NS_SS1353  7 0.0047 0.0452 0.0916 0.2405 0.6181 
   NS_SS1323  7 0.0806 0.0869 0.0130 0.2606 0.5590 
   HI_SS0296  8 0.0023 0.2414 0.6277 0.0914 0.0372 
   HI_SS0297  8 0.0012 0.2010 0.3711 0.4025 0.0242 
   HI_SS0299  8 0.0414 0.2791 0.5320 0.1201 0.0274 
   HI_SS0300  8 0.0019 0.0885 0.6628 0.2072 0.0395 
   HI_SS0301  8 0.0043 0.5569 0.1541 0.1770 0.1077 
   HI_SS0302  8 0.0271 0.0384 0.9090 0.0088 0.0167 
   HI_SS0303  8 0.0092 0.0150 0.9141 0.0160 0.0457 
   HI_SS0304  8 0.0029 0.0108 0.0410 0.4551 0.4902 
   HI_SS0306  8 0.0042 0.0065 0.9767 0.0068 0.0059 
   HI_SS0307  8 0.0123 0.3819 0.0115 0.0833 0.5109 
   HI_SS0308  8 0.0761 0.6465 0.0436 0.2004 0.0334 
   HI_SS0309  8 0.0036 0.4842 0.0118 0.2969 0.2034 
   HI_SS0310  8 0.0124 0.3522 0.2854 0.0113 0.3387 
   HI_SS0311  8 0.0031 0.0839 0.2717 0.5162 0.1251 
   HI_SS0314  8 0.0015 0.0543 0.0406 0.0163 0.8873 
   HI_SS0316  8 0.0047 0.7463 0.0710 0.0680 0.1100 
   HI_SS0317  8 0.0023 0.0327 0.0229 0.9334 0.0087 
   HI_SS0318  8 0.1791 0.3313 0.2344 0.2475 0.0077 
   HI_SS0319  8 0.0063 0.0890 0.8857 0.0093 0.0096 
   HI_SS0320  8 0.0011 0.0110 0.0057 0.8608 0.1215 
   HI_SS0321  8 0.0019 0.7365 0.0286 0.2256 0.0074 
   HI_SS0323  8 0.0016 0.4153 0.3266 0.1215 0.1351 
   HI_SS0325  8 0.0023 0.0182 0.9329 0.0161 0.0305 
   HI_SS0327  8 0.0013 0.7811 0.1715 0.0345 0.0116 
   HI_SS0329  8 0.0018 0.0096 0.1493 0.0259 0.8133 
   HI_SS0333  8 0.0033 0.2610 0.2132 0.3435 0.1790 
   HI_SS0334  8 0.0014 0.8733 0.0224 0.0926 0.0103 
   HI_SS0335  8 0.0216 0.8964 0.0067 0.0268 0.0485 
   HI_SS0339  8 0.0100 0.3646 0.0252 0.0555 0.5446 
   HI_SS0343  8 0.0030 0.1029 0.0245 0.5223 0.3472 
   HI_SS0344  8 0.0037 0.0073 0.9746 0.0100 0.0043 
   HI_SS0345  8 0.0097 0.1232 0.2399 0.1303 0.4969 
   HI_SS0346  8 0.0044 0.0606 0.3689 0.5248 0.0412 
   HI_SS0350  8 0.0114 0.0212 0.0062 0.0118 0.9494 
   HI_SS0351  8 0.0033 0.4386 0.0949 0.2870 0.1762 
   HI_SS0352  8 0.1203 0.0628 0.0370 0.3181 0.4617 
   HI_SS0362  8 0.0036 0.1996 0.6668 0.0942 0.0359 
   HI_SS0363  8 0.0039 0.1595 0.7472 0.0364 0.0530 
   HI_SS0365  8 0.0057 0.3071 0.1436 0.3655 0.1781 
   HI_SS0366  8 0.0024 0.0375 0.9013 0.0423 0.0165 
   HI_SS0367  8 0.0026 0.0462 0.0073 0.0234 0.9205 
   HI_SS0369  8 0.0027 0.0521 0.0141 0.2941 0.6370 
   HI_SS0370  8 0.0044 0.7103 0.0300 0.2314 0.0240 
   HI_SS0371  8 0.0050 0.0109 0.9276 0.0172 0.0393 
   HI_SS0373  8 0.0138 0.2283 0.1171 0.0750 0.5659 
   HI_SS0374  8 0.0378 0.1532 0.0150 0.2659 0.5281 
   HI_SS0377  8 0.0893 0.0280 0.3625 0.5007 0.0195 
   HI_SS0379  8 0.0012 0.0122 0.9721 0.0110 0.0035 
   HI_SS0380  8 0.0101 0.0925 0.0141 0.0245 0.8587 
   HI_SS0381  8 0.0052 0.0356 0.0157 0.4312 0.5124 
   HI_SS0384  8 0.0106 0.2092 0.2820 0.0747 0.4236 
   HI_SS0385  8 0.0016 0.0083 0.7355 0.0115 0.2430 
   HI_SS0386  9 0.9906 0.0028 0.0020 0.0027 0.0019 
   HI_SS0387  9 0.9377 0.0155 0.0160 0.0204 0.0104 
   HI_SS0389  9 0.9809 0.0047 0.0051 0.0047 0.0047 
   HI_SS0390  9 0.9903 0.0024 0.0026 0.0027 0.0019 
   HI_SS0391  9 0.9867 0.0032 0.0024 0.0035 0.0042 
   HI_SS0392  9 0.9913 0.0018 0.0024 0.0019 0.0026 
   HI_SS0393  9 0.9915 0.0021 0.0022 0.0020 0.0021 
   HI_SS0394  9 0.9920 0.0020 0.0019 0.0017 0.0024 
   HI_SS0395  9 0.9819 0.0042 0.0038 0.0047 0.0054 
   HI_SS0396  9 0.9525 0.0096 0.0125 0.0085 0.0169 
   HI_SS0398  9 0.9720 0.0071 0.0069 0.0065 0.0075 
   HI_SS0399  9 0.9940 0.0014 0.0017 0.0017 0.0012 
   HI_SS0400  9 0.9899 0.0023 0.0023 0.0026 0.0029 
   HI_SS0401  9 0.9926 0.0023 0.0016 0.0017 0.0018 
   HI_SS0402  9 0.9929 0.0022 0.0017 0.0020 0.0012 
   HI_SS0403  9 0.9921 0.0023 0.0018 0.0021 0.0017 
   HI_SS0404  9 0.9951 0.0012 0.0013 0.0010 0.0015 
   HI_SS0405  9 0.9338 0.0195 0.0109 0.0253 0.0106 
   HI_SS0406  9 0.9888 0.0035 0.0029 0.0027 0.0021 
   HI_SS0407  9 0.9652 0.0073 0.0072 0.0072 0.0131 
   HI_SS0408  9 0.9937 0.0016 0.0017 0.0018 0.0013 
   HI_SS0409  9 0.9841 0.0038 0.0040 0.0043 0.0038 
   HI_SS0411  9 0.9863 0.0039 0.0036 0.0034 0.0028 
   HI_SS0412  9 0.7945 0.0749 0.0211 0.0986 0.0109 
   HI_SS0413  9 0.9892 0.0026 0.0027 0.0031 0.0024 
   HI_SS0414  9 0.9272 0.0196 0.0112 0.0197 0.0223 
   HI_SS0415  9 0.9908 0.0023 0.0027 0.0021 0.0021 
   HI_SS0416  9 0.9824 0.0063 0.0046 0.0029 0.0038 
   HI_SS0418  9 0.9785 0.0055 0.0043 0.0073 0.0045 
   HI_SS0419  9 0.9842 0.0028 0.0041 0.0044 0.0045 
   HI_SS0420  9 0.9887 0.0030 0.0037 0.0022 0.0024 
   HI_SS0421  9 0.9799 0.0046 0.0048 0.0059 0.0048 
   HI_SS0422  9 0.9897 0.0023 0.0025 0.0024 0.0031 
   HI_SS0423  9 0.9818 0.0047 0.0045 0.0050 0.0040 
   HI_SS0424  9 0.9911 0.0022 0.0020 0.0026 0.0021 
   HI_SS0425  9 0.9845 0.0028 0.0029 0.0046 0.0053 
   NS_SS1146 10 0.9865 0.0032 0.0039 0.0040 0.0024 
   NS_SS1157 10 0.9707 0.0087 0.0061 0.0091 0.0055 
   NS_SS1144 10 0.9180 0.0205 0.0270 0.0215 0.0130 
   NS_SS1074 10 0.9828 0.0043 0.0048 0.0037 0.0045 
   NS_SS1122 10 0.9764 0.0063 0.0060 0.0048 0.0065 
   NS_SS1136 10 0.9951 0.0013 0.0013 0.0010 0.0012 
   NS_SS1077 10 0.9959 0.0010 0.0011 0.0009 0.0011 
   NS_SS1134 10 0.9514 0.0108 0.0114 0.0138 0.0127 
   NS_SS1091 10 0.9873 0.0036 0.0016 0.0035 0.0040 
   NS_SS1089 10 0.9862 0.0027 0.0046 0.0034 0.0031 
   NS_SS1123 10 0.9922 0.0020 0.0017 0.0020 0.0022 
   NS_SS1158 10 0.9955 0.0012 0.0012 0.0012 0.0010 
   NS_SS1093 10 0.9873 0.0024 0.0041 0.0025 0.0036 
   NS_SS1102 10 0.9713 0.0076 0.0064 0.0091 0.0056 
   NS_SS1056 10 0.9915 0.0021 0.0021 0.0025 0.0018 
   NS_SS1126 10 0.9844 0.0032 0.0043 0.0043 0.0037 
   NS_SS1058 10 0.9788 0.0065 0.0048 0.0035 0.0064 
   NS_SS1084 10 0.9926 0.0019 0.0014 0.0020 0.0020 
   NS_SS1095 10 0.9729 0.0066 0.0078 0.0078 0.0049 
   NS_SS1079 10 0.9913 0.0024 0.0024 0.0016 0.0021 
   NS_SS1149 10 0.9851 0.0036 0.0038 0.0033 0.0042 
   NS_SS1121 10 0.9902 0.0023 0.0020 0.0032 0.0023 
   NS_SS1067 10 0.9723 0.0062 0.0048 0.0079 0.0087 
   NS_SS1081 10 0.9870 0.0035 0.0037 0.0030 0.0028 
   NS_SS1130 10 0.9839 0.0046 0.0045 0.0041 0.0029 
   NS_SS1073 10 0.9853 0.0039 0.0027 0.0039 0.0042 
   NS_SS1133 10 0.9638 0.0061 0.0045 0.0059 0.0197 
   NS_SS1129 10 0.9936 0.0017 0.0016 0.0015 0.0016 
   NS_SS1085 10 0.9891 0.0027 0.0029 0.0020 0.0034 
   NS_SS1137 10 0.9785 0.0051 0.0047 0.0051 0.0066 
   NS_SS1135 10 0.9932 0.0013 0.0016 0.0017 0.0022 
   NS_SS1082 10 0.9916 0.0018 0.0018 0.0023 0.0026 
   NS_SS1125 10 0.9933 0.0013 0.0012 0.0023 0.0020 
   NS_SS1124 10 0.9698 0.0131 0.0052 0.0070 0.0049 
   NS_SS1155 10 0.9612 0.0113 0.0080 0.0107 0.0088 
   NS_SS1145 10 0.9903 0.0025 0.0023 0.0025 0.0024 
