

----------------------------------------------------
STRUCTURE by Pritchard, Stephens and Donnelly (2000)
     and Falush, Stephens and Pritchard (2003)
       Code by Pritchard, Falush and Hubisz
             Version 2.3.4 (Jul 2012)
----------------------------------------------------



Command line arguments:   /home/genobiwan/Documents/Programs/Structure/structure -m parameter_job_k6_r1 
Input File:    /media/genobiwan/Storage/Projets/Mackerel_NWA_2021/data_job_k6_r1

Run parameters:
   629 individuals
   4140 loci
   6 populations assumed
   10000 Burn-in period
   100000 Reps


--------------------------------------------
Proportion of membership of each pre-defined
 population in each of the 6 clusters

Given    Inferred Clusters                            Number of
 Pop       1      2      3      4      5      6      Individuals

  1:     0.203  0.158  0.247  0.015  0.164  0.214       67
  2:     0.188  0.145  0.219  0.012  0.233  0.205       32
  3:     0.248  0.133  0.157  0.016  0.234  0.212       92
  4:     0.169  0.276  0.118  0.019  0.164  0.254       36
  5:     0.197  0.278  0.105  0.022  0.260  0.138       41
  6:     0.182  0.201  0.201  0.016  0.178  0.221      158
  7:     0.186  0.223  0.194  0.013  0.175  0.210       79
  8:     0.229  0.238  0.183  0.016  0.201  0.132       52
  9:     0.006  0.005  0.005  0.970  0.006  0.007       36
 10:     0.005  0.005  0.005  0.975  0.005  0.005       36
--------------------------------------------

Allele-freq. divergence among pops (Net nucleotide distance),
computed using point estimates of P.

      1       2       3       4       5       6      
 1      -    0.0003  0.0002  0.0050  0.0003  0.0002  
 2   0.0003     -    0.0004  0.0052  0.0004  0.0003  
 3   0.0002  0.0004     -    0.0050  0.0003  0.0003  
 4   0.0050  0.0052  0.0050     -    0.0051  0.0050  
 5   0.0003  0.0004  0.0003  0.0051     -    0.0003  
 6   0.0002  0.0003  0.0003  0.0050  0.0003     -    

Average distances (expected heterozygosity) between individuals in same cluster:
cluster  1  : 0.3185 
cluster  2  : 0.3183 
cluster  3  : 0.3184 
cluster  4  : 0.3053 
cluster  5  : 0.3181 
cluster  6  : 0.3185 

--------------------------------------------
Estimated Ln Prob of Data   = -2487617.6
Mean value of ln likelihood = -2464544.4
Variance of ln likelihood   = 46146.4
Mean value of alpha         = 0.0547

Mean value of Fst_1         = 0.0032
Mean value of Fst_2         = 0.0041
Mean value of Fst_3         = 0.0039
Mean value of Fst_4         = 0.0392
Mean value of Fst_5         = 0.0039
Mean value of Fst_6         = 0.0033


Inferred ancestry of individuals:
        Label (%Miss) Pop:  Inferred clusters
  1 NS_SS0963    (4)    1 :  0.032 0.015 0.009 0.006 0.115 0.823 
  2 NS_SS0983    (1)    1 :  0.884 0.044 0.005 0.004 0.007 0.056 
  3 NS_SS0719    (9)    1 :  0.108 0.046 0.115 0.006 0.012 0.713 
  4 NS_SS1001    (8)    1 :  0.056 0.040 0.870 0.008 0.014 0.012 
  5 NS_SS0936    (4)    1 :  0.085 0.035 0.318 0.004 0.382 0.177 
  6 NS_SS0955    (6)    1 :  0.069 0.206 0.030 0.004 0.056 0.635 
  7 NS_SS0944    (3)    1 :  0.207 0.444 0.019 0.003 0.283 0.044 
  8 NS_SS0945    (3)    1 :  0.163 0.133 0.531 0.013 0.141 0.019 
  9 NS_SS0922    (2)    1 :  0.059 0.016 0.384 0.041 0.354 0.145 
 10 NS_SS0929    (7)    1 :  0.099 0.087 0.566 0.005 0.160 0.083 
 11 NS_SS0956    (1)    1 :  0.162 0.017 0.706 0.006 0.059 0.051 
 12 NS_SS0906    (3)    1 :  0.617 0.014 0.037 0.005 0.172 0.155 
 13 NS_SS0721    (6)    1 :  0.881 0.013 0.018 0.005 0.006 0.078 
 14 NS_SS0982    (4)    1 :  0.025 0.016 0.052 0.024 0.073 0.810 
 15 NS_SS0923    (6)    1 :  0.078 0.032 0.651 0.005 0.082 0.152 
 16 NS_SS0905    (6)    1 :  0.400 0.144 0.265 0.002 0.021 0.168 
 17 NS_SS0925    (3)    1 :  0.475 0.021 0.079 0.007 0.141 0.278 
 18 NS_SS0947    (6)    1 :  0.013 0.020 0.041 0.006 0.902 0.018 
 19 NS_SS0926    (2)    1 :  0.078 0.520 0.146 0.002 0.014 0.240 
 20 NS_SS0918    (6)    1 :  0.176 0.126 0.476 0.004 0.197 0.021 
 21 NS_SS0966    (4)    1 :  0.015 0.057 0.008 0.045 0.853 0.021 
 22 NS_SS0938    (2)    1 :  0.034 0.018 0.411 0.002 0.036 0.498 
 23 NS_SS0917    (2)    1 :  0.035 0.012 0.048 0.034 0.006 0.865 
 24 NS_SS0957   (11)    1 :  0.037 0.106 0.742 0.008 0.062 0.045 
 25 NS_SS0987    (1)    1 :  0.197 0.025 0.507 0.239 0.018 0.013 
 26 NS_SS0717    (4)    1 :  0.053 0.023 0.675 0.003 0.217 0.029 
 27 NS_SS0986    (2)    1 :  0.678 0.035 0.205 0.005 0.060 0.016 
 28 NS_SS0953    (3)    1 :  0.014 0.010 0.010 0.018 0.940 0.008 
 29 NS_SS0907    (3)    1 :  0.401 0.057 0.027 0.058 0.187 0.271 
 30 NS_SS0974    (6)    1 :  0.078 0.164 0.083 0.005 0.219 0.451 
 31 NS_SS0989    (1)    1 :  0.050 0.772 0.015 0.001 0.081 0.081 
 32 NS_SS0991    (3)    1 :  0.911 0.048 0.005 0.003 0.013 0.020 
 33 NS_SS0994    (2)    1 :  0.082 0.789 0.022 0.003 0.021 0.084 
 34 NS_SS0931    (6)    1 :  0.175 0.649 0.121 0.015 0.015 0.026 
 35 NS_SS1000    (5)    1 :  0.032 0.014 0.150 0.006 0.779 0.020 
 36 NS_SS0919    (1)    1 :  0.248 0.106 0.024 0.003 0.044 0.575 
 37 NS_SS0949    (4)    1 :  0.373 0.407 0.011 0.001 0.019 0.189 
 38 NS_SS0960   (10)    1 :  0.049 0.651 0.101 0.008 0.031 0.160 
 39 NS_SS0716    (2)    1 :  0.009 0.007 0.962 0.008 0.008 0.005 
 40 NS_SS0924    (8)    1 :  0.099 0.780 0.032 0.028 0.028 0.032 
 41 NS_SS0935    (2)    1 :  0.063 0.820 0.040 0.014 0.017 0.046 
 42 NS_SS0952   (14)    1 :  0.050 0.418 0.021 0.050 0.333 0.129 
 43 NS_SS0962   (11)    1 :  0.233 0.014 0.427 0.013 0.098 0.215 
 44 NS_SS0973    (5)    1 :  0.533 0.027 0.008 0.004 0.041 0.387 
 45 NS_SS0722    (1)    1 :  0.066 0.009 0.594 0.003 0.314 0.015 
 46 NS_SS0979   (13)    1 :  0.104 0.014 0.715 0.003 0.042 0.123 
 47 NS_SS0993    (2)    1 :  0.551 0.013 0.098 0.027 0.210 0.101 
 48 NS_SS0958    (1)    1 :  0.017 0.830 0.078 0.004 0.049 0.023 
 49 NS_SS0988    (4)    1 :  0.163 0.020 0.116 0.008 0.289 0.404 
 50 NS_SS1003    (2)    1 :  0.150 0.011 0.010 0.010 0.047 0.771 
 51 NS_SS0976    (1)    1 :  0.070 0.794 0.021 0.003 0.089 0.023 
 52 NS_SS0964   (10)    1 :  0.056 0.050 0.303 0.003 0.580 0.008 
 53 NS_SS0939    (4)    1 :  0.014 0.007 0.959 0.005 0.006 0.008 
 54 NS_SS0990    (6)    1 :  0.065 0.019 0.725 0.004 0.023 0.165 
 55 NS_SS0984    (2)    1 :  0.009 0.009 0.951 0.003 0.013 0.015 
 56 NS_SS0980   (10)    1 :  0.045 0.058 0.119 0.002 0.570 0.206 
 57 NS_SS0978    (4)    1 :  0.010 0.057 0.061 0.003 0.103 0.765 
 58 NS_SS0951   (18)    1 :  0.705 0.086 0.097 0.004 0.056 0.052 
 59 NS_SS0913    (3)    1 :  0.279 0.021 0.636 0.042 0.008 0.014 
 60 NS_SS1002    (1)    1 :  0.010 0.011 0.019 0.040 0.652 0.268 
 61 NS_SS0948    (1)    1 :  0.513 0.018 0.286 0.047 0.091 0.045 
 62 NS_SS0916    (4)    1 :  0.153 0.073 0.079 0.006 0.010 0.678 
 63 NS_SS0995    (1)    1 :  0.227 0.013 0.420 0.004 0.044 0.292 
 64 NS_SS0927    (6)    1 :  0.013 0.030 0.023 0.007 0.018 0.909 
 65 NS_SS0992    (5)    1 :  0.112 0.229 0.016 0.005 0.366 0.272 
 66 NS_SS0912    (1)    1 :  0.887 0.055 0.021 0.003 0.010 0.024 
 67 NS_SS0981    (1)    1 :  0.259 0.136 0.241 0.004 0.096 0.265 
 68 NS_SS0729    (5)    2 :  0.018 0.789 0.006 0.004 0.148 0.034 
 69 NS_SS0967   (15)    2 :  0.039 0.193 0.086 0.017 0.345 0.321 
 70 NS_SS0941    (8)    2 :  0.027 0.192 0.271 0.093 0.062 0.355 
 71 NS_SS0768   (12)    2 :  0.057 0.073 0.157 0.006 0.653 0.053 
 72 NS_SS0726    (5)    2 :  0.015 0.100 0.012 0.011 0.032 0.830 
 73 NS_SS0763    (4)    2 :  0.129 0.571 0.044 0.003 0.160 0.092 
 74 NS_SS0730    (6)    2 :  0.023 0.020 0.818 0.004 0.113 0.023 
 75 NS_SS0774    (2)    2 :  0.042 0.008 0.301 0.001 0.610 0.038 
 76 NS_SS0723    (3)    2 :  0.056 0.008 0.345 0.002 0.135 0.454 
 77 NS_SS0940   (10)    2 :  0.225 0.240 0.357 0.011 0.014 0.153 
 78 NS_SS0762    (1)    2 :  0.010 0.006 0.776 0.003 0.194 0.011 
 79 NS_SS0766   (11)    2 :  0.046 0.188 0.690 0.016 0.012 0.047 
 80 NS_SS0724    (1)    2 :  0.102 0.066 0.058 0.007 0.758 0.009 
 81 NS_SS0769    (3)    2 :  0.099 0.057 0.157 0.006 0.203 0.478 
 82 NS_SS0777    (1)    2 :  0.845 0.063 0.030 0.013 0.024 0.025 
 83 NS_SS0734    (6)    2 :  0.537 0.155 0.207 0.032 0.018 0.052 
 84 NS_SS0737    (3)    2 :  0.021 0.031 0.516 0.008 0.237 0.188 
 85 NS_SS0732    (5)    2 :  0.714 0.018 0.122 0.007 0.021 0.119 
 86 NS_SS0728    (5)    2 :  0.487 0.040 0.156 0.017 0.041 0.259 
 87 NS_SS0735    (9)    2 :  0.641 0.036 0.021 0.010 0.276 0.016 
 88 NS_SS0725    (1)    2 :  0.016 0.032 0.029 0.014 0.897 0.013 
 89 NS_SS0788    (2)    2 :  0.034 0.022 0.078 0.002 0.152 0.711 
 90 NS_SS0778    (2)    2 :  0.155 0.021 0.089 0.002 0.096 0.637 
 91 NS_SS0792    (6)    2 :  0.093 0.028 0.031 0.006 0.023 0.819 
 92 NS_SS0943   (11)    2 :  0.092 0.287 0.009 0.011 0.401 0.200 
 93 NS_SS0791    (2)    2 :  0.187 0.405 0.136 0.015 0.006 0.251 
 94 NS_SS0790    (5)    2 :  0.015 0.003 0.016 0.005 0.953 0.007 
 95 NS_SS0731    (6)    2 :  0.455 0.010 0.319 0.015 0.189 0.012 
 96 NS_SS0727    (7)    2 :  0.029 0.673 0.077 0.003 0.026 0.192 
 97 NS_SS0779   (13)    2 :  0.741 0.036 0.092 0.007 0.017 0.107 
 98 NS_SS0776    (3)    2 :  0.041 0.262 0.064 0.011 0.595 0.026 
 99 NS_SS0775    (5)    2 :  0.010 0.008 0.932 0.008 0.030 0.012 
100 NS_SS0965    (3)    3 :  0.839 0.035 0.051 0.002 0.043 0.030 
101 NS_SS0754   (14)    3 :  0.205 0.410 0.058 0.015 0.023 0.288 
102 NS_SS0838    (5)    3 :  0.129 0.238 0.157 0.064 0.234 0.178 
103 NS_SS0839    (3)    3 :  0.012 0.034 0.596 0.005 0.329 0.024 
104 NS_SS0832    (4)    3 :  0.485 0.006 0.136 0.077 0.152 0.144 
105 NS_SS0820    (5)    3 :  0.074 0.008 0.149 0.010 0.167 0.592 
106 NS_SS0886    (9)    3 :  0.597 0.202 0.070 0.003 0.044 0.085 
107 NS_SS0748    (5)    3 :  0.524 0.235 0.062 0.011 0.151 0.017 
108 NS_SS0884    (9)    3 :  0.026 0.057 0.026 0.030 0.173 0.687 
109 NS_SS0752    (4)    3 :  0.404 0.123 0.178 0.004 0.231 0.061 
110 NS_SS0862    (1)    3 :  0.766 0.015 0.074 0.006 0.066 0.073 
111 NS_SS0787    (9)    3 :  0.023 0.481 0.026 0.008 0.028 0.434 
112 NS_SS0843    (6)    3 :  0.234 0.045 0.014 0.003 0.679 0.025 
113 NS_SS0856    (4)    3 :  0.059 0.032 0.049 0.004 0.251 0.604 
114 NS_SS0846    (2)    3 :  0.012 0.031 0.008 0.004 0.355 0.590 
115 NS_SS0825    (1)    3 :  0.501 0.032 0.221 0.013 0.037 0.194 
116 NS_SS0757    (3)    3 :  0.831 0.042 0.024 0.005 0.036 0.062 
117 NS_SS0876    (3)    3 :  0.087 0.015 0.014 0.225 0.630 0.029 
118 NS_SS0903   (10)    3 :  0.033 0.010 0.012 0.003 0.923 0.019 
119 NS_SS0875    (7)    3 :  0.037 0.011 0.904 0.004 0.017 0.027 
120 NS_SS0740    (5)    3 :  0.790 0.048 0.029 0.004 0.082 0.047 
121 NS_SS0811    (5)    3 :  0.086 0.014 0.844 0.014 0.034 0.008 
122 NS_SS0751    (1)    3 :  0.179 0.138 0.437 0.003 0.071 0.172 
123 NS_SS0891    (6)    3 :  0.014 0.010 0.113 0.006 0.839 0.019 
124 NS_SS0867    (2)    3 :  0.155 0.014 0.014 0.024 0.030 0.763 
125 NS_SS0890    (6)    3 :  0.071 0.030 0.292 0.005 0.031 0.571 
126 NS_SS0866   (12)    3 :  0.034 0.138 0.018 0.007 0.014 0.789 
127 NS_SS0755    (4)    3 :  0.108 0.018 0.092 0.009 0.079 0.695 
128 NS_SS0758    (4)    3 :  0.778 0.045 0.022 0.003 0.114 0.038 
129 NS_SS0840    (2)    3 :  0.039 0.011 0.259 0.003 0.636 0.052 
130 NS_SS0889    (4)    3 :  0.507 0.275 0.058 0.003 0.061 0.096 
131 NS_SS1010    (1)    3 :  0.015 0.067 0.039 0.052 0.575 0.251 
132 NS_SS0888    (5)    3 :  0.075 0.532 0.015 0.001 0.017 0.360 
133 NS_SS0837    (3)    3 :  0.644 0.038 0.099 0.004 0.191 0.025 
134 NS_SS0794   (10)    3 :  0.038 0.875 0.027 0.003 0.024 0.033 
135 NS_SS0823    (5)    3 :  0.252 0.020 0.021 0.006 0.633 0.068 
136 NS_SS0829    (7)    3 :  0.729 0.081 0.028 0.103 0.011 0.048 
137 NS_SS0844    (5)    3 :  0.019 0.006 0.008 0.002 0.951 0.014 
138 NS_SS1008    (6)    3 :  0.057 0.619 0.215 0.022 0.066 0.021 
139 NS_SS0881    (3)    3 :  0.056 0.051 0.725 0.005 0.014 0.148 
140 NS_SS0834    (6)    3 :  0.010 0.013 0.013 0.009 0.939 0.016 
141 NS_SS0744   (10)    3 :  0.072 0.014 0.012 0.007 0.028 0.867 
142 NS_SS0899    (7)    3 :  0.279 0.007 0.154 0.002 0.540 0.018 
143 NS_SS0804    (5)    3 :  0.489 0.008 0.133 0.006 0.185 0.179 
144 NS_SS0781   (10)    3 :  0.036 0.006 0.076 0.005 0.832 0.045 
145 NS_SS0822    (6)    3 :  0.280 0.628 0.007 0.002 0.035 0.049 
146 NS_SS1004    (4)    3 :  0.240 0.125 0.026 0.005 0.522 0.083 
147 NS_SS0746    (5)    3 :  0.575 0.108 0.096 0.018 0.173 0.030 
148 NS_SS0880    (3)    3 :  0.093 0.286 0.044 0.002 0.489 0.087 
149 NS_SS0879    (5)    3 :  0.024 0.053 0.112 0.021 0.738 0.052 
150 NS_SS0753    (2)    3 :  0.694 0.115 0.020 0.012 0.015 0.144 
151 NS_SS1007    (3)    3 :  0.011 0.036 0.107 0.002 0.012 0.831 
152 NS_SS0872    (5)    3 :  0.088 0.027 0.151 0.003 0.703 0.027 
153 NS_SS1005    (7)    3 :  0.109 0.017 0.021 0.002 0.816 0.035 
154 NS_SS0892    (6)    3 :  0.065 0.035 0.331 0.003 0.030 0.535 
155 NS_SS0898    (0)    3 :  0.116 0.499 0.341 0.009 0.015 0.020 
156 NS_SS0801    (9)    3 :  0.641 0.021 0.035 0.012 0.276 0.015 
157 NS_SS0827    (9)    3 :  0.053 0.432 0.314 0.143 0.026 0.031 
158 NS_SS0853    (7)    3 :  0.014 0.068 0.891 0.006 0.012 0.009 
159 NS_SS0780    (2)    3 :  0.122 0.012 0.124 0.006 0.143 0.593 
160 NS_SS0826   (10)    3 :  0.014 0.026 0.006 0.004 0.890 0.061 
161 NS_SS0818    (5)    3 :  0.034 0.011 0.045 0.002 0.044 0.864 
162 NS_SS0745    (1)    3 :  0.010 0.006 0.965 0.002 0.008 0.009 
163 NS_SS0849    (3)    3 :  0.888 0.010 0.028 0.002 0.019 0.053 
164 NS_SS0739    (3)    3 :  0.047 0.015 0.249 0.020 0.009 0.660 
165 NS_SS0799    (1)    3 :  0.106 0.305 0.114 0.002 0.011 0.462 
166 NS_SS0756    (3)    3 :  0.047 0.014 0.056 0.006 0.818 0.061 
167 NS_SS0802    (2)    3 :  0.005 0.024 0.013 0.183 0.006 0.769 
168 NS_SS0747    (6)    3 :  0.563 0.030 0.032 0.007 0.237 0.131 
169 NS_SS0835    (1)    3 :  0.031 0.077 0.032 0.002 0.059 0.799 
170 NS_SS0742   (19)    3 :  0.141 0.025 0.053 0.002 0.032 0.747 
171 NS_SS0760    (9)    3 :  0.117 0.762 0.041 0.053 0.017 0.010 
172 NS_SS0803    (4)    3 :  0.050 0.008 0.012 0.011 0.911 0.008 
173 NS_SS0828   (14)    3 :  0.223 0.392 0.337 0.003 0.019 0.027 
174 NS_SS0865    (2)    3 :  0.072 0.020 0.029 0.031 0.030 0.818 
175 NS_SS0759    (5)    3 :  0.668 0.009 0.187 0.006 0.071 0.060 
176 NS_SS0851    (5)    3 :  0.030 0.014 0.892 0.016 0.039 0.009 
177 NS_SS0874   (16)    3 :  0.014 0.008 0.015 0.002 0.942 0.020 
178 NS_SS0761    (6)    3 :  0.701 0.231 0.025 0.003 0.016 0.023 
179 NS_SS0842   (26)    3 :  0.088 0.043 0.763 0.008 0.069 0.029 
180 NS_SS0785    (6)    3 :  0.669 0.118 0.016 0.008 0.091 0.098 
181 NS_SS0860   (11)    3 :  0.035 0.036 0.017 0.003 0.016 0.892 
182 NS_SS0897    (7)    3 :  0.026 0.929 0.011 0.002 0.014 0.018 
183 NS_SS0841   (15)    3 :  0.285 0.035 0.577 0.005 0.052 0.046 
184 NS_SS0797    (7)    3 :  0.119 0.712 0.111 0.028 0.016 0.014 
185 NS_SS0830   (11)    3 :  0.211 0.200 0.306 0.004 0.199 0.081 
186 NS_SS1011    (5)    3 :  0.021 0.008 0.012 0.008 0.674 0.277 
187 NS_SS0883    (5)    3 :  0.806 0.052 0.098 0.005 0.008 0.030 
188 NS_SS0782    (2)    3 :  0.484 0.053 0.113 0.003 0.307 0.040 
189 NS_SS0831    (5)    3 :  0.817 0.096 0.034 0.004 0.029 0.020 
190 NS_SS0749    (7)    3 :  0.830 0.058 0.054 0.006 0.007 0.045 
191 NS_SS0854    (2)    3 :  0.106 0.323 0.025 0.004 0.312 0.230 
192 HI_SS0193    (0)    4 :  0.024 0.929 0.013 0.002 0.021 0.010 
193 HI_SS0194    (1)    4 :  0.009 0.011 0.021 0.002 0.937 0.020 
194 HI_SS0195   (10)    4 :  0.354 0.006 0.172 0.118 0.307 0.044 
195 HI_SS0196    (6)    4 :  0.513 0.034 0.130 0.003 0.293 0.026 
196 HI_SS0197    (3)    4 :  0.010 0.005 0.020 0.013 0.013 0.939 
197 HI_SS0198    (1)    4 :  0.517 0.117 0.231 0.015 0.032 0.088 
198 HI_SS0199    (1)    4 :  0.061 0.337 0.052 0.004 0.021 0.525 
199 HI_SS0201    (5)    4 :  0.037 0.897 0.007 0.003 0.025 0.031 
200 HI_SS0215    (1)    4 :  0.696 0.068 0.010 0.004 0.038 0.184 
201 HI_SS0218    (1)    4 :  0.006 0.972 0.009 0.006 0.004 0.005 
202 HI_SS0222    (0)    4 :  0.422 0.045 0.455 0.008 0.040 0.031 
203 HI_SS0230    (1)    4 :  0.252 0.033 0.235 0.008 0.232 0.240 
204 HI_SS0234    (2)    4 :  0.023 0.110 0.052 0.153 0.488 0.173 
205 HI_SS0240    (1)    4 :  0.018 0.152 0.138 0.013 0.042 0.637 
206 HI_SS0241    (0)    4 :  0.046 0.282 0.044 0.003 0.105 0.520 
207 HI_SS0242    (0)    4 :  0.346 0.135 0.158 0.005 0.269 0.088 
208 HI_SS0247    (0)    4 :  0.028 0.026 0.014 0.031 0.858 0.044 
209 HI_SS0248    (1)    4 :  0.026 0.903 0.030 0.001 0.027 0.013 
210 HI_SS0252    (2)    4 :  0.778 0.013 0.080 0.003 0.085 0.041 
211 HI_SS0254    (0)    4 :  0.084 0.279 0.034 0.092 0.023 0.488 
212 HI_SS0256    (0)    4 :  0.007 0.004 0.013 0.002 0.957 0.017 
213 HI_SS0257    (0)    4 :  0.024 0.097 0.016 0.003 0.147 0.712 
214 HI_SS0258    (1)    4 :  0.054 0.877 0.019 0.006 0.012 0.032 
215 HI_SS0259    (1)    4 :  0.020 0.025 0.021 0.003 0.054 0.877 
216 HI_SS0260    (1)    4 :  0.017 0.838 0.061 0.002 0.023 0.058 
217 HI_SS0261    (2)    4 :  0.062 0.428 0.195 0.006 0.106 0.203 
218 HI_SS0262    (0)    4 :  0.036 0.013 0.168 0.009 0.112 0.661 
219 HI_SS0264    (0)    4 :  0.042 0.022 0.515 0.007 0.320 0.095 
220 HI_SS0265    (0)    4 :  0.117 0.020 0.216 0.124 0.035 0.489 
221 HI_SS0268    (1)    4 :  0.036 0.505 0.268 0.006 0.070 0.115 
222 HI_SS0269    (0)    4 :  0.070 0.641 0.010 0.002 0.040 0.236 
223 HI_SS0273    (0)    4 :  0.030 0.858 0.013 0.002 0.019 0.078 
224 HI_SS0277    (1)    4 :  0.055 0.015 0.045 0.005 0.022 0.858 
225 HI_SS0280    (0)    4 :  0.148 0.061 0.734 0.007 0.013 0.036 
226 HI_SS0282    (1)    4 :  0.790 0.059 0.008 0.002 0.072 0.069 
227 HI_SS0286    (1)    4 :  0.332 0.117 0.058 0.012 0.036 0.445 
228 NS_SS1252    (3)    5 :  0.778 0.107 0.026 0.003 0.011 0.074 
229 NS_SS1261    (1)    5 :  0.265 0.019 0.281 0.023 0.032 0.382 
230 NS_SS1225   (10)    5 :  0.017 0.037 0.005 0.072 0.856 0.012 
231 NS_SS1266    (1)    5 :  0.046 0.008 0.025 0.010 0.885 0.027 
232 NS_SS1228    (0)    5 :  0.153 0.064 0.506 0.026 0.110 0.141 
233 NS_SS1255    (3)    5 :  0.026 0.038 0.144 0.002 0.777 0.012 
234 NS_SS1267    (3)    5 :  0.036 0.901 0.014 0.018 0.007 0.023 
235 NS_SS1238    (6)    5 :  0.349 0.396 0.135 0.003 0.075 0.042 
236 NS_SS1233    (8)    5 :  0.040 0.039 0.027 0.003 0.884 0.007 
237 NS_SS1277    (3)    5 :  0.017 0.910 0.052 0.001 0.007 0.013 
238 NS_SS1245    (1)    5 :  0.471 0.214 0.122 0.003 0.141 0.049 
239 NS_SS1240    (4)    5 :  0.013 0.944 0.008 0.003 0.012 0.020 
240 NS_SS1275    (2)    5 :  0.017 0.008 0.052 0.004 0.185 0.733 
241 NS_SS1235    (1)    5 :  0.006 0.020 0.006 0.007 0.934 0.027 
242 NS_SS1263    (1)    5 :  0.006 0.010 0.015 0.001 0.957 0.010 
243 NS_SS1251    (2)    5 :  0.021 0.011 0.029 0.002 0.924 0.014 
244 NS_SS1248    (0)    5 :  0.845 0.019 0.036 0.078 0.008 0.015 
245 NS_SS1244    (0)    5 :  0.023 0.820 0.010 0.008 0.032 0.108 
246 NS_SS1257    (1)    5 :  0.097 0.813 0.012 0.036 0.030 0.012 
247 NS_SS1242    (2)    5 :  0.017 0.007 0.279 0.004 0.652 0.040 
248 NS_SS1271    (6)    5 :  0.046 0.835 0.041 0.040 0.006 0.031 
249 NS_SS1265    (1)    5 :  0.602 0.129 0.089 0.019 0.082 0.079 
250 NS_SS1243    (0)    5 :  0.810 0.012 0.051 0.091 0.022 0.014 
251 NS_SS1273    (1)    5 :  0.015 0.012 0.908 0.012 0.037 0.016 
252 NS_SS1254   (14)    5 :  0.045 0.014 0.646 0.012 0.244 0.039 
253 NS_SS1224    (1)    5 :  0.101 0.013 0.086 0.012 0.751 0.037 
254 NS_SS1227    (8)    5 :  0.021 0.121 0.203 0.002 0.007 0.646 
255 NS_SS1274    (9)    5 :  0.033 0.801 0.044 0.021 0.084 0.018 
256 NS_SS1241    (1)    5 :  0.061 0.819 0.013 0.001 0.062 0.044 
257 NS_SS1256    (3)    5 :  0.016 0.132 0.041 0.052 0.720 0.038 
258 NS_SS1260    (8)    5 :  0.064 0.342 0.020 0.068 0.021 0.485 
259 NS_SS1262    (0)    5 :  0.154 0.422 0.035 0.185 0.108 0.096 
260 NS_SS1230    (0)    5 :  0.129 0.772 0.050 0.011 0.028 0.009 
261 NS_SS1270    (2)    5 :  0.905 0.007 0.009 0.002 0.036 0.040 
262 NS_SS1229    (2)    5 :  0.015 0.008 0.015 0.005 0.056 0.901 
263 NS_SS1246    (5)    5 :  0.061 0.551 0.043 0.004 0.048 0.293 
264 NS_SS1269    (0)    5 :  0.695 0.170 0.058 0.002 0.037 0.038 
265 NS_SS1239    (1)    5 :  0.187 0.010 0.038 0.006 0.011 0.749 
266 NS_SS1272    (5)    5 :  0.008 0.012 0.010 0.009 0.651 0.309 
267 NS_SS1268    (1)    5 :  0.798 0.013 0.105 0.004 0.071 0.010 
268 NS_SS1249    (1)    5 :  0.058 0.829 0.020 0.017 0.064 0.012 
269 HI_SS0559    (0)    6 :  0.530 0.260 0.044 0.003 0.142 0.020 
270 HI_SS0563    (1)    6 :  0.146 0.063 0.128 0.004 0.632 0.027 
271 HI_SS0564    (0)    6 :  0.568 0.033 0.067 0.069 0.055 0.208 
272 HI_SS0565    (0)    6 :  0.112 0.017 0.079 0.004 0.054 0.734 
273 HI_SS0569    (1)    6 :  0.834 0.108 0.008 0.003 0.010 0.036 
274 HI_SS0570    (0)    6 :  0.054 0.370 0.179 0.050 0.059 0.288 
275 HI_SS0572    (1)    6 :  0.009 0.012 0.026 0.003 0.926 0.023 
276 HI_SS0576    (1)    6 :  0.502 0.020 0.415 0.007 0.010 0.045 
277 HI_SS0579    (1)    6 :  0.343 0.165 0.012 0.017 0.415 0.048 
278 HI_SS0580    (1)    6 :  0.134 0.083 0.668 0.005 0.070 0.041 
279 HI_SS0581    (0)    6 :  0.127 0.014 0.086 0.072 0.056 0.647 
280 HI_SS0583    (1)    6 :  0.069 0.461 0.315 0.004 0.108 0.044 
281 HI_SS0586    (1)    6 :  0.033 0.914 0.035 0.001 0.007 0.010 
282 HI_SS0588    (1)    6 :  0.240 0.604 0.021 0.027 0.071 0.038 
283 HI_SS0595    (4)    6 :  0.011 0.336 0.409 0.037 0.040 0.166 
284 HI_SS0596    (0)    6 :  0.008 0.010 0.365 0.003 0.598 0.016 
285 HI_SS0597    (1)    6 :  0.092 0.021 0.182 0.003 0.508 0.194 
286 HI_SS0600    (0)    6 :  0.023 0.058 0.009 0.005 0.011 0.893 
287 HI_SS0601    (1)    6 :  0.084 0.097 0.010 0.019 0.402 0.388 
288 HI_SS0602    (1)    6 :  0.893 0.035 0.047 0.003 0.009 0.014 
289 HI_SS0604    (0)    6 :  0.832 0.013 0.018 0.002 0.128 0.008 
290 HI_SS0605    (1)    6 :  0.906 0.014 0.014 0.010 0.007 0.048 
291 HI_SS0608    (0)    6 :  0.075 0.016 0.876 0.001 0.010 0.022 
292 HI_SS0609    (0)    6 :  0.033 0.038 0.051 0.001 0.854 0.023 
293 HI_SS0611    (5)    6 :  0.900 0.041 0.020 0.005 0.011 0.024 
294 HI_SS0612    (0)    6 :  0.013 0.052 0.012 0.009 0.497 0.416 
295 HI_SS0613    (1)    6 :  0.768 0.015 0.039 0.002 0.148 0.029 
296 HI_SS0615    (1)    6 :  0.063 0.014 0.471 0.016 0.034 0.402 
297 HI_SS0001    (1)    6 :  0.009 0.698 0.134 0.005 0.080 0.074 
298 HI_SS0002    (1)    6 :  0.017 0.018 0.023 0.034 0.845 0.063 
299 HI_SS0004    (0)    6 :  0.110 0.500 0.103 0.009 0.138 0.140 
300 HI_SS0005    (1)    6 :  0.351 0.310 0.125 0.013 0.013 0.188 
301 HI_SS0006    (1)    6 :  0.026 0.045 0.019 0.003 0.469 0.438 
302 HI_SS0007    (1)    6 :  0.609 0.347 0.021 0.002 0.010 0.011 
303 HI_SS0008    (0)    6 :  0.045 0.038 0.025 0.044 0.025 0.823 
304 HI_SS0009    (0)    6 :  0.189 0.029 0.680 0.006 0.024 0.073 
305 HI_SS0010    (1)    6 :  0.178 0.524 0.254 0.006 0.019 0.021 
306 HI_SS0011    (1)    6 :  0.079 0.032 0.124 0.098 0.595 0.072 
307 HI_SS0012    (0)    6 :  0.037 0.021 0.303 0.007 0.164 0.468 
308 HI_SS0017    (1)    6 :  0.029 0.031 0.287 0.002 0.628 0.023 
309 HI_SS0021    (1)    6 :  0.010 0.194 0.339 0.241 0.137 0.078 
310 HI_SS0024    (1)    6 :  0.046 0.029 0.379 0.003 0.058 0.486 
311 HI_SS0025    (1)    6 :  0.038 0.020 0.717 0.005 0.189 0.031 
312 HI_SS0027    (0)    6 :  0.173 0.759 0.021 0.018 0.014 0.015 
313 HI_SS0028    (0)    6 :  0.010 0.012 0.910 0.002 0.013 0.054 
314 HI_SS0029    (1)    6 :  0.012 0.013 0.933 0.009 0.010 0.023 
315 HI_SS0030    (2)    6 :  0.157 0.045 0.020 0.006 0.016 0.756 
316 HI_SS0031    (0)    6 :  0.013 0.103 0.136 0.005 0.015 0.728 
317 HI_SS0034    (0)    6 :  0.363 0.424 0.013 0.007 0.088 0.104 
318 HI_SS0036    (0)    6 :  0.014 0.840 0.029 0.015 0.005 0.097 
319 HI_SS0037    (1)    6 :  0.132 0.219 0.365 0.008 0.154 0.121 
320 HI_SS0039    (0)    6 :  0.056 0.182 0.542 0.003 0.005 0.212 
321 HI_SS0041    (1)    6 :  0.041 0.011 0.821 0.003 0.028 0.097 
322 HI_SS0042    (1)    6 :  0.053 0.017 0.693 0.126 0.060 0.051 
323 HI_SS0043    (1)    6 :  0.033 0.878 0.008 0.003 0.009 0.069 
324 HI_SS0044    (1)    6 :  0.012 0.023 0.941 0.003 0.010 0.012 
325 HI_SS0047    (1)    6 :  0.818 0.033 0.017 0.003 0.066 0.064 
326 HI_SS0049    (1)    6 :  0.124 0.121 0.191 0.006 0.540 0.019 
327 HI_SS0051    (1)    6 :  0.871 0.014 0.019 0.003 0.064 0.030 
328 HI_SS0053    (1)    6 :  0.178 0.579 0.019 0.005 0.012 0.207 
329 HI_SS0054    (4)    6 :  0.351 0.588 0.013 0.005 0.026 0.017 
330 HI_SS0057    (0)    6 :  0.836 0.014 0.061 0.004 0.025 0.059 
331 HI_SS0058    (0)    6 :  0.054 0.090 0.023 0.009 0.811 0.014 
332 HI_SS0060    (0)    6 :  0.152 0.316 0.019 0.111 0.059 0.343 
333 HI_SS0087    (1)    6 :  0.196 0.028 0.020 0.004 0.615 0.136 
334 HI_SS0091    (1)    6 :  0.010 0.041 0.004 0.002 0.014 0.929 
335 HI_SS0095    (1)    6 :  0.129 0.026 0.009 0.057 0.104 0.674 
336 HI_SS0097    (3)    6 :  0.564 0.020 0.015 0.005 0.352 0.044 
337 HI_SS0099    (1)    6 :  0.008 0.011 0.951 0.003 0.011 0.016 
338 HI_SS0103    (0)    6 :  0.014 0.009 0.011 0.004 0.128 0.832 
339 HI_SS0105    (1)    6 :  0.019 0.018 0.007 0.027 0.029 0.900 
340 HI_SS0107    (1)    6 :  0.013 0.007 0.015 0.001 0.929 0.034 
341 HI_SS0108    (1)    6 :  0.249 0.691 0.008 0.027 0.008 0.017 
342 HI_SS0110    (0)    6 :  0.010 0.017 0.027 0.001 0.014 0.931 
343 HI_SS0111    (1)    6 :  0.177 0.067 0.071 0.041 0.058 0.586 
344 HI_SS0112    (0)    6 :  0.010 0.958 0.017 0.001 0.006 0.008 
345 HI_SS0113    (1)    6 :  0.030 0.008 0.043 0.004 0.889 0.025 
346 HI_SS0114    (1)    6 :  0.218 0.669 0.032 0.009 0.020 0.053 
347 HI_SS0115    (1)    6 :  0.085 0.329 0.217 0.023 0.252 0.093 
348 HI_SS0116    (4)    6 :  0.017 0.040 0.854 0.004 0.013 0.072 
349 HI_SS0117    (0)    6 :  0.014 0.268 0.016 0.003 0.676 0.023 
350 HI_SS0118    (0)    6 :  0.032 0.038 0.190 0.017 0.614 0.109 
351 HI_SS0119    (1)    6 :  0.023 0.050 0.013 0.002 0.056 0.856 
352 HI_SS0120    (1)    6 :  0.009 0.018 0.026 0.005 0.887 0.055 
353 HI_SS0121    (0)    6 :  0.090 0.009 0.474 0.002 0.150 0.274 
354 HI_SS0122    (2)    6 :  0.037 0.029 0.133 0.025 0.137 0.640 
355 HI_SS0123    (0)    6 :  0.023 0.014 0.023 0.006 0.437 0.497 
356 HI_SS0124    (1)    6 :  0.021 0.021 0.736 0.005 0.193 0.024 
357 HI_SS0125    (1)    6 :  0.014 0.009 0.533 0.050 0.009 0.385 
358 HI_SS0126    (0)    6 :  0.027 0.619 0.323 0.001 0.013 0.017 
359 HI_SS0127    (0)    6 :  0.861 0.054 0.030 0.011 0.025 0.019 
360 HI_SS0128    (0)    6 :  0.069 0.046 0.136 0.005 0.074 0.670 
361 HI_SS0129    (1)    6 :  0.649 0.068 0.206 0.015 0.028 0.033 
362 HI_SS0131    (2)    6 :  0.184 0.519 0.095 0.052 0.126 0.024 
363 HI_SS0132    (0)    6 :  0.092 0.142 0.596 0.001 0.057 0.112 
364 HI_SS0133    (1)    6 :  0.028 0.949 0.006 0.002 0.003 0.012 
365 HI_SS0134    (1)    6 :  0.029 0.290 0.053 0.003 0.082 0.543 
366 HI_SS0142    (3)    6 :  0.048 0.011 0.028 0.025 0.092 0.796 
367 HI_SS0145    (0)    6 :  0.146 0.427 0.036 0.002 0.334 0.055 
368 HI_SS0146    (1)    6 :  0.082 0.815 0.053 0.001 0.008 0.040 
369 HI_SS0147    (1)    6 :  0.455 0.006 0.117 0.031 0.279 0.112 
370 HI_SS0149    (1)    6 :  0.015 0.034 0.034 0.007 0.019 0.893 
371 HI_SS0150    (2)    6 :  0.156 0.119 0.659 0.007 0.032 0.028 
372 HI_SS0151    (0)    6 :  0.838 0.036 0.011 0.013 0.051 0.052 
373 NS_SS1451    (1)    6 :  0.063 0.033 0.434 0.004 0.146 0.319 
374 NS_SS1404    (0)    6 :  0.051 0.013 0.699 0.015 0.181 0.042 
375 NS_SS1432    (2)    6 :  0.030 0.011 0.710 0.047 0.012 0.191 
376 NS_SS1405    (5)    6 :  0.023 0.087 0.594 0.004 0.264 0.028 
377 NS_SS1431   (10)    6 :  0.039 0.010 0.843 0.001 0.070 0.036 
378 NS_SS1402    (3)    6 :  0.011 0.020 0.016 0.004 0.853 0.096 
379 NS_SS1450    (3)    6 :  0.138 0.677 0.059 0.006 0.031 0.089 
380 NS_SS1396    (0)    6 :  0.289 0.019 0.192 0.009 0.025 0.466 
381 NS_SS1393    (5)    6 :  0.531 0.042 0.095 0.005 0.014 0.313 
382 NS_SS1392   (10)    6 :  0.046 0.053 0.704 0.025 0.050 0.122 
383 NS_SS1445    (0)    6 :  0.194 0.086 0.020 0.011 0.008 0.682 
384 NS_SS1423    (0)    6 :  0.016 0.229 0.016 0.002 0.300 0.436 
385 NS_SS1421    (9)    6 :  0.048 0.708 0.019 0.113 0.018 0.094 
386 NS_SS1411    (6)    6 :  0.854 0.098 0.033 0.002 0.006 0.007 
387 NS_SS1453    (6)    6 :  0.146 0.119 0.104 0.012 0.046 0.572 
388 NS_SS1442    (3)    6 :  0.709 0.048 0.108 0.006 0.041 0.088 
389 NS_SS1422    (1)    6 :  0.022 0.137 0.026 0.014 0.563 0.237 
390 NS_SS1419    (1)    6 :  0.319 0.016 0.430 0.164 0.060 0.011 
391 NS_SS1427    (0)    6 :  0.009 0.966 0.010 0.002 0.005 0.007 
392 NS_SS1444    (4)    6 :  0.789 0.012 0.155 0.005 0.027 0.011 
393 NS_SS1455    (0)    6 :  0.019 0.005 0.021 0.002 0.947 0.007 
394 NS_SS1425    (2)    6 :  0.236 0.703 0.009 0.003 0.011 0.038 
395 NS_SS1400    (0)    6 :  0.075 0.816 0.040 0.002 0.055 0.012 
396 NS_SS1406    (2)    6 :  0.011 0.008 0.015 0.013 0.925 0.028 
397 NS_SS1417    (6)    6 :  0.026 0.031 0.018 0.009 0.808 0.109 
398 NS_SS1454    (3)    6 :  0.070 0.217 0.558 0.002 0.092 0.060 
399 NS_SS1412    (1)    6 :  0.164 0.106 0.176 0.034 0.206 0.314 
400 NS_SS1438    (1)    6 :  0.589 0.265 0.021 0.002 0.043 0.081 
401 NS_SS1416    (4)    6 :  0.206 0.009 0.519 0.011 0.105 0.150 
402 NS_SS1401    (0)    6 :  0.037 0.016 0.016 0.015 0.049 0.867 
403 NS_SS1424    (6)    6 :  0.090 0.135 0.022 0.014 0.068 0.671 
404 NS_SS1435   (10)    6 :  0.033 0.813 0.118 0.003 0.015 0.018 
405 NS_SS1447    (4)    6 :  0.301 0.032 0.097 0.010 0.487 0.073 
406 NS_SS1414    (3)    6 :  0.046 0.009 0.336 0.010 0.585 0.015 
407 NS_SS1449   (14)    6 :  0.079 0.047 0.010 0.005 0.303 0.556 
408 NS_SS1443    (4)    6 :  0.015 0.925 0.010 0.002 0.023 0.024 
409 NS_SS1434    (1)    6 :  0.059 0.189 0.090 0.001 0.562 0.099 
410 NS_SS1398    (1)    6 :  0.119 0.243 0.522 0.030 0.024 0.062 
411 NS_SS1426    (1)    6 :  0.131 0.554 0.021 0.003 0.023 0.268 
412 NS_SS1413    (0)    6 :  0.023 0.886 0.020 0.014 0.030 0.027 
413 NS_SS1395    (1)    6 :  0.045 0.080 0.008 0.010 0.011 0.847 
414 NS_SS1448   (10)    6 :  0.052 0.786 0.140 0.002 0.014 0.006 
415 NS_SS1446    (0)    6 :  0.074 0.012 0.013 0.004 0.030 0.868 
416 NS_SS1403    (2)    6 :  0.023 0.018 0.163 0.008 0.015 0.773 
417 NS_SS1415    (0)    6 :  0.297 0.622 0.020 0.013 0.014 0.034 
418 NS_SS1437    (4)    6 :  0.040 0.054 0.792 0.012 0.066 0.036 
419 NS_SS1439    (2)    6 :  0.099 0.051 0.024 0.005 0.587 0.234 
420 NS_SS1441    (3)    6 :  0.022 0.821 0.102 0.003 0.016 0.035 
421 NS_SS1420    (2)    6 :  0.694 0.007 0.263 0.004 0.021 0.010 
422 NS_SS1394    (2)    6 :  0.124 0.009 0.667 0.053 0.063 0.084 
423 NS_SS1391    (7)    6 :  0.027 0.165 0.089 0.016 0.075 0.628 
424 NS_SS1410    (5)    6 :  0.037 0.061 0.448 0.021 0.037 0.395 
425 NS_SS1408    (1)    6 :  0.147 0.127 0.033 0.076 0.018 0.600 
426 NS_SS1409    (1)    6 :  0.153 0.070 0.339 0.003 0.016 0.420 
427 HI_SS0617    (1)    7 :  0.106 0.015 0.099 0.002 0.106 0.673 
428 HI_SS0618    (2)    7 :  0.202 0.051 0.614 0.004 0.087 0.042 
429 HI_SS0619    (0)    7 :  0.042 0.038 0.844 0.004 0.027 0.045 
430 HI_SS0620    (1)    7 :  0.016 0.958 0.005 0.003 0.009 0.008 
431 HI_SS0621    (3)    7 :  0.097 0.046 0.271 0.019 0.281 0.284 
432 HI_SS0622    (1)    7 :  0.336 0.328 0.032 0.016 0.272 0.016 
433 HI_SS0626    (0)    7 :  0.071 0.020 0.830 0.015 0.013 0.051 
434 HI_SS0627    (0)    7 :  0.284 0.012 0.163 0.014 0.116 0.412 
435 HI_SS0628    (3)    7 :  0.050 0.404 0.318 0.077 0.105 0.045 
436 HI_SS0629    (1)    7 :  0.266 0.361 0.118 0.009 0.039 0.207 
437 HI_SS0630    (1)    7 :  0.396 0.472 0.028 0.075 0.016 0.013 
438 HI_SS0631    (0)    7 :  0.240 0.690 0.022 0.001 0.014 0.034 
439 HI_SS0632    (0)    7 :  0.527 0.351 0.084 0.004 0.016 0.019 
440 HI_SS0633    (0)    7 :  0.017 0.025 0.863 0.004 0.073 0.018 
441 HI_SS0634    (1)    7 :  0.019 0.007 0.020 0.002 0.009 0.942 
442 HI_SS0635    (0)    7 :  0.039 0.023 0.757 0.011 0.112 0.058 
443 HI_SS0637    (1)    7 :  0.816 0.011 0.009 0.005 0.099 0.061 
444 HI_SS0638    (0)    7 :  0.571 0.249 0.058 0.002 0.032 0.088 
445 HI_SS0639    (1)    7 :  0.056 0.011 0.244 0.051 0.033 0.606 
446 HI_SS0640    (1)    7 :  0.827 0.052 0.057 0.002 0.038 0.024 
447 HI_SS0641    (1)    7 :  0.255 0.401 0.300 0.008 0.018 0.018 
448 HI_SS0642    (0)    7 :  0.028 0.016 0.047 0.002 0.018 0.889 
449 HI_SS0645    (0)    7 :  0.034 0.006 0.930 0.001 0.012 0.016 
450 HI_SS0646    (1)    7 :  0.117 0.277 0.042 0.005 0.288 0.272 
451 HI_SS0647    (1)    7 :  0.053 0.579 0.035 0.002 0.310 0.021 
452 HI_SS0648    (0)    7 :  0.088 0.090 0.505 0.004 0.094 0.218 
453 HI_SS0649    (1)    7 :  0.109 0.059 0.398 0.003 0.107 0.324 
454 HI_SS0650    (1)    7 :  0.440 0.144 0.198 0.006 0.066 0.146 
455 HI_SS0651    (1)    7 :  0.050 0.108 0.036 0.006 0.373 0.428 
456 HI_SS0652    (1)    7 :  0.383 0.016 0.547 0.006 0.013 0.034 
457 NS_SS1371    (3)    7 :  0.008 0.108 0.028 0.010 0.059 0.787 
458 NS_SS1374    (0)    7 :  0.046 0.043 0.232 0.004 0.008 0.667 
459 NS_SS1337    (3)    7 :  0.100 0.027 0.032 0.004 0.669 0.167 
460 NS_SS1385    (5)    7 :  0.115 0.035 0.137 0.006 0.448 0.259 
461 NS_SS1388    (0)    7 :  0.011 0.034 0.879 0.011 0.039 0.026 
462 NS_SS1370    (1)    7 :  0.960 0.008 0.007 0.007 0.008 0.009 
463 NS_SS1389    (3)    7 :  0.009 0.006 0.957 0.005 0.017 0.005 
464 NS_SS1360    (1)    7 :  0.317 0.580 0.017 0.009 0.043 0.035 
465 NS_SS1330    (0)    7 :  0.691 0.009 0.020 0.005 0.226 0.049 
466 NS_SS1328    (9)    7 :  0.010 0.828 0.047 0.003 0.063 0.049 
467 NS_SS1384    (1)    7 :  0.169 0.325 0.017 0.006 0.279 0.203 
468 NS_SS1381    (0)    7 :  0.010 0.010 0.012 0.001 0.925 0.041 
469 NS_SS1375    (1)    7 :  0.010 0.021 0.942 0.002 0.006 0.020 
470 NS_SS1319   (11)    7 :  0.031 0.339 0.194 0.103 0.015 0.318 
471 NS_SS1326    (2)    7 :  0.019 0.885 0.055 0.012 0.015 0.014 
472 NS_SS1341    (1)    7 :  0.091 0.011 0.008 0.006 0.026 0.858 
473 NS_SS1383    (2)    7 :  0.073 0.115 0.028 0.007 0.014 0.763 
474 NS_SS1318    (3)    7 :  0.251 0.087 0.042 0.018 0.527 0.075 
475 NS_SS1348    (2)    7 :  0.074 0.813 0.014 0.002 0.014 0.083 
476 NS_SS1363    (0)    7 :  0.511 0.058 0.113 0.007 0.202 0.109 
477 NS_SS1335    (4)    7 :  0.033 0.867 0.017 0.039 0.011 0.034 
478 NS_SS1358    (0)    7 :  0.021 0.327 0.004 0.021 0.280 0.346 
479 NS_SS1342    (1)    7 :  0.007 0.032 0.011 0.002 0.858 0.091 
480 NS_SS1320    (3)    7 :  0.008 0.010 0.248 0.009 0.709 0.017 
481 NS_SS1355    (1)    7 :  0.662 0.012 0.024 0.018 0.266 0.018 
482 NS_SS1345    (1)    7 :  0.027 0.017 0.005 0.019 0.927 0.005 
483 NS_SS1324    (0)    7 :  0.046 0.814 0.044 0.005 0.077 0.015 
484 NS_SS1347    (5)    7 :  0.216 0.033 0.028 0.005 0.036 0.681 
485 NS_SS1321    (4)    7 :  0.055 0.063 0.037 0.002 0.015 0.828 
486 NS_SS1333    (0)    7 :  0.007 0.027 0.068 0.004 0.008 0.887 
487 NS_SS1364    (1)    7 :  0.206 0.497 0.009 0.003 0.264 0.021 
488 NS_SS1379    (0)    7 :  0.522 0.018 0.022 0.067 0.261 0.110 
489 NS_SS1332    (0)    7 :  0.015 0.890 0.060 0.009 0.006 0.021 
490 NS_SS1338    (5)    7 :  0.224 0.012 0.014 0.009 0.006 0.735 
491 NS_SS1368    (6)    7 :  0.027 0.816 0.076 0.007 0.050 0.023 
492 NS_SS1354    (1)    7 :  0.020 0.015 0.014 0.019 0.781 0.151 
493 NS_SS1365    (0)    7 :  0.581 0.025 0.313 0.016 0.044 0.021 
494 NS_SS1380    (1)    7 :  0.006 0.010 0.023 0.022 0.933 0.006 
495 NS_SS1329    (8)    7 :  0.043 0.164 0.008 0.004 0.637 0.145 
496 NS_SS1362    (0)    7 :  0.024 0.119 0.017 0.006 0.788 0.046 
497 NS_SS1327    (2)    7 :  0.008 0.969 0.005 0.004 0.003 0.010 
498 NS_SS1350    (0)    7 :  0.010 0.258 0.022 0.011 0.012 0.685 
499 NS_SS1387    (2)    7 :  0.796 0.008 0.135 0.003 0.012 0.047 
500 NS_SS1369    (8)    7 :  0.790 0.162 0.014 0.004 0.018 0.012 
501 NS_SS1331    (1)    7 :  0.109 0.019 0.837 0.010 0.008 0.017 
502 NS_SS1357    (5)    7 :  0.052 0.225 0.193 0.004 0.040 0.486 
503 NS_SS1386    (1)    7 :  0.013 0.942 0.005 0.004 0.021 0.016 
504 NS_SS1353    (2)    7 :  0.076 0.048 0.558 0.006 0.261 0.053 
505 NS_SS1323    (0)    7 :  0.069 0.025 0.227 0.082 0.097 0.500 
506 HI_SS0296    (0)    8 :  0.892 0.062 0.020 0.002 0.014 0.010 
507 HI_SS0297    (0)    8 :  0.057 0.740 0.028 0.001 0.041 0.133 
508 HI_SS0299    (0)    8 :  0.336 0.069 0.030 0.034 0.510 0.021 
509 HI_SS0300    (0)    8 :  0.951 0.017 0.007 0.002 0.007 0.016 
510 HI_SS0301    (0)    8 :  0.903 0.011 0.024 0.005 0.013 0.044 
511 HI_SS0302    (0)    8 :  0.500 0.414 0.014 0.027 0.028 0.017 
512 HI_SS0303    (0)    8 :  0.023 0.913 0.027 0.008 0.017 0.012 
513 HI_SS0304    (0)    8 :  0.082 0.082 0.743 0.003 0.035 0.056 
514 HI_SS0306    (5)    8 :  0.106 0.874 0.006 0.003 0.005 0.006 
515 HI_SS0307    (1)    8 :  0.168 0.010 0.636 0.013 0.034 0.139 
516 HI_SS0308    (1)    8 :  0.106 0.316 0.179 0.107 0.148 0.143 
517 HI_SS0309    (0)    8 :  0.149 0.019 0.035 0.004 0.729 0.064 
518 HI_SS0310    (0)    8 :  0.022 0.159 0.090 0.010 0.706 0.013 
519 HI_SS0311    (4)    8 :  0.637 0.173 0.058 0.003 0.053 0.076 
520 HI_SS0314    (0)    8 :  0.009 0.057 0.893 0.002 0.024 0.015 
521 HI_SS0316    (1)    8 :  0.094 0.095 0.242 0.005 0.022 0.541 
522 HI_SS0317    (3)    8 :  0.065 0.014 0.023 0.003 0.019 0.877 
523 HI_SS0318    (1)    8 :  0.183 0.457 0.009 0.200 0.009 0.143 
524 HI_SS0319    (0)    8 :  0.012 0.957 0.012 0.005 0.007 0.007 
525 HI_SS0320    (3)    8 :  0.008 0.005 0.735 0.002 0.008 0.242 
526 HI_SS0321    (0)    8 :  0.059 0.043 0.024 0.003 0.006 0.866 
527 HI_SS0323    (1)    8 :  0.402 0.118 0.223 0.003 0.011 0.244 
528 HI_SS0325    (2)    8 :  0.589 0.340 0.041 0.003 0.015 0.011 
529 HI_SS0327    (1)    8 :  0.022 0.881 0.007 0.002 0.047 0.041 
530 HI_SS0329    (1)    8 :  0.207 0.021 0.665 0.002 0.067 0.038 
531 HI_SS0333    (1)    8 :  0.169 0.114 0.530 0.003 0.027 0.157 
532 HI_SS0334    (1)    8 :  0.779 0.027 0.007 0.002 0.026 0.160 
533 HI_SS0335    (1)    8 :  0.011 0.011 0.007 0.022 0.936 0.013 
534 HI_SS0339    (0)    8 :  0.673 0.009 0.025 0.017 0.268 0.009 
535 HI_SS0343    (2)    8 :  0.037 0.020 0.021 0.002 0.773 0.147 
536 HI_SS0344    (1)    8 :  0.007 0.967 0.004 0.004 0.006 0.013 
537 HI_SS0345    (3)    8 :  0.031 0.022 0.019 0.010 0.904 0.015 
538 HI_SS0346    (0)    8 :  0.629 0.031 0.187 0.004 0.019 0.128 
539 HI_SS0350    (1)    8 :  0.017 0.008 0.042 0.009 0.913 0.012 
540 HI_SS0351    (0)    8 :  0.036 0.033 0.012 0.004 0.552 0.364 
541 HI_SS0352    (3)    8 :  0.016 0.017 0.013 0.125 0.801 0.027 
542 HI_SS0362    (0)    8 :  0.772 0.149 0.057 0.003 0.006 0.014 
543 HI_SS0363    (1)    8 :  0.012 0.898 0.017 0.004 0.050 0.018 
544 HI_SS0365    (0)    8 :  0.080 0.127 0.226 0.006 0.069 0.492 
545 HI_SS0366    (0)    8 :  0.273 0.502 0.029 0.002 0.119 0.076 
546 HI_SS0367    (1)    8 :  0.014 0.011 0.101 0.003 0.855 0.017 
547 HI_SS0369    (1)    8 :  0.413 0.013 0.328 0.002 0.120 0.123 
548 HI_SS0370    (0)    8 :  0.046 0.147 0.026 0.004 0.410 0.368 
549 HI_SS0371    (4)    8 :  0.068 0.722 0.175 0.006 0.014 0.014 
550 HI_SS0373    (3)    8 :  0.016 0.020 0.930 0.009 0.006 0.019 
551 HI_SS0374    (0)    8 :  0.046 0.010 0.544 0.036 0.063 0.300 
552 HI_SS0377    (0)    8 :  0.382 0.157 0.007 0.099 0.106 0.250 
553 HI_SS0379    (1)    8 :  0.007 0.967 0.003 0.001 0.004 0.018 
554 HI_SS0380    (1)    8 :  0.065 0.012 0.093 0.011 0.790 0.030 
555 HI_SS0381    (2)    8 :  0.590 0.012 0.200 0.007 0.032 0.158 
556 HI_SS0384    (3)    8 :  0.068 0.398 0.348 0.009 0.017 0.160 
557 HI_SS0385    (1)    8 :  0.046 0.145 0.788 0.001 0.011 0.008 
558 HI_SS0386    (0)    9 :  0.002 0.002 0.002 0.989 0.003 0.003 
559 HI_SS0387    (0)    9 :  0.015 0.014 0.008 0.926 0.011 0.025 
560 HI_SS0389    (2)    9 :  0.006 0.004 0.005 0.976 0.004 0.005 
561 HI_SS0390    (2)    9 :  0.002 0.002 0.003 0.987 0.003 0.002 
562 HI_SS0391    (3)    9 :  0.004 0.003 0.003 0.980 0.006 0.004 
563 HI_SS0392    (0)    9 :  0.002 0.004 0.002 0.986 0.003 0.003 
564 HI_SS0393    (2)    9 :  0.002 0.003 0.002 0.990 0.002 0.002 
565 HI_SS0394    (2)    9 :  0.002 0.002 0.003 0.989 0.002 0.003 
