

----------------------------------------------------
STRUCTURE by Pritchard, Stephens and Donnelly (2000)
     and Falush, Stephens and Pritchard (2003)
       Code by Pritchard, Falush and Hubisz
             Version 2.3.4 (Jul 2012)
----------------------------------------------------



Command line arguments:   /home/genobiwan/Documents/Programs/Structure/structure -m parameter_job_k10_r2 
Input File:    /media/genobiwan/Storage/Projets/Mackerel_NWA_2021/data_job_k10_r2

Run parameters:
   629 individuals
   4140 loci
   10 populations assumed
   10000 Burn-in period
   100000 Reps


--------------------------------------------
Proportion of membership of each pre-defined
 population in each of the 10 clusters

Given    Inferred Clusters                                                        Number of
 Pop       1      2      3      4      5      6      7      8      9     10      Individuals

  1:     0.132  0.149  0.081  0.068  0.017  0.133  0.095  0.126  0.089  0.111       67
  2:     0.089  0.169  0.110  0.084  0.014  0.075  0.067  0.131  0.148  0.113       32
  3:     0.095  0.197  0.092  0.066  0.017  0.128  0.134  0.064  0.109  0.101       92
  4:     0.066  0.126  0.170  0.089  0.018  0.157  0.042  0.049  0.167  0.116       36
  5:     0.111  0.079  0.179  0.159  0.025  0.084  0.092  0.083  0.112  0.075       41
  6:     0.099  0.117  0.129  0.118  0.018  0.095  0.097  0.114  0.076  0.138      158
  7:     0.094  0.149  0.150  0.082  0.013  0.117  0.096  0.099  0.095  0.105       79
  8:     0.137  0.078  0.181  0.083  0.018  0.110  0.148  0.081  0.079  0.085       52
  9:     0.007  0.008  0.005  0.006  0.944  0.006  0.007  0.006  0.006  0.007       36
 10:     0.006  0.006  0.005  0.005  0.948  0.005  0.006  0.007  0.006  0.006       36
--------------------------------------------

Allele-freq. divergence among pops (Net nucleotide distance),
computed using point estimates of P.

      1       2       3       4       5       6       7       8       9      10      
 1      -    0.0004  0.0007  0.0005  0.0054  0.0005  0.0006  0.0005  0.0005  0.0005  
 2   0.0004     -    0.0007  0.0005  0.0053  0.0004  0.0005  0.0005  0.0004  0.0004  
 3   0.0007  0.0007     -    0.0007  0.0058  0.0007  0.0008  0.0008  0.0008  0.0006  
 4   0.0005  0.0005  0.0007     -    0.0055  0.0005  0.0007  0.0005  0.0006  0.0005  
 5   0.0054  0.0053  0.0058  0.0055     -    0.0054  0.0056  0.0055  0.0053  0.0053  
 6   0.0005  0.0004  0.0007  0.0005  0.0054     -    0.0006  0.0006  0.0005  0.0004  
 7   0.0006  0.0005  0.0008  0.0007  0.0056  0.0006     -    0.0007  0.0007  0.0006  
 8   0.0005  0.0005  0.0008  0.0005  0.0055  0.0006  0.0007     -    0.0006  0.0006  
 9   0.0005  0.0004  0.0008  0.0006  0.0053  0.0005  0.0007  0.0006     -    0.0005  
10   0.0005  0.0004  0.0006  0.0005  0.0053  0.0004  0.0006  0.0006  0.0005     -    

Average distances (expected heterozygosity) between individuals in same cluster:
cluster  1  : 0.3183 
cluster  2  : 0.3187 
cluster  3  : 0.3178 
cluster  4  : 0.3184 
cluster  5  : 0.3047 
cluster  6  : 0.3182 
cluster  7  : 0.3172 
cluster  8  : 0.3174 
cluster  9  : 0.3179 
cluster 10  : 0.3188 

--------------------------------------------
Estimated Ln Prob of Data   = -2501634.2
Mean value of ln likelihood = -2461042.9
Variance of ln likelihood   = 81182.6
Mean value of alpha         = 0.0678

Mean value of Fst_1         = 0.0074
Mean value of Fst_2         = 0.0051
Mean value of Fst_3         = 0.0092
Mean value of Fst_4         = 0.0087
Mean value of Fst_5         = 0.0414
Mean value of Fst_6         = 0.0068
Mean value of Fst_7         = 0.0093
Mean value of Fst_8         = 0.0093
Mean value of Fst_9         = 0.0080
Mean value of Fst_10         = 0.0066


Inferred ancestry of individuals:
        Label (%Miss) Pop:  Inferred clusters
  1 NS_SS0963    (4)    1 :  0.007 0.034 0.008 0.089 0.008 0.591 0.010 0.009 0.200 0.044 
  2 NS_SS0983    (1)    1 :  0.012 0.055 0.035 0.035 0.005 0.019 0.779 0.008 0.004 0.049 
  3 NS_SS0719    (9)    1 :  0.047 0.458 0.016 0.022 0.005 0.192 0.057 0.013 0.040 0.148 
  4 NS_SS1001    (8)    1 :  0.685 0.020 0.056 0.051 0.009 0.010 0.021 0.079 0.047 0.023 
  5 NS_SS0936    (4)    1 :  0.065 0.226 0.014 0.113 0.003 0.284 0.088 0.140 0.031 0.036 
  6 NS_SS0955    (6)    1 :  0.025 0.022 0.056 0.056 0.007 0.043 0.055 0.210 0.306 0.221 
  7 NS_SS0944    (3)    1 :  0.034 0.010 0.247 0.116 0.003 0.067 0.053 0.013 0.386 0.071 
  8 NS_SS0945    (3)    1 :  0.104 0.094 0.123 0.027 0.019 0.028 0.101 0.457 0.022 0.024 
  9 NS_SS0922    (2)    1 :  0.081 0.707 0.016 0.013 0.037 0.073 0.007 0.012 0.029 0.025 
 10 NS_SS0929    (7)    1 :  0.586 0.024 0.044 0.033 0.005 0.125 0.052 0.017 0.036 0.078 
 11 NS_SS0956    (1)    1 :  0.215 0.156 0.018 0.005 0.009 0.020 0.005 0.032 0.464 0.077 
 12 NS_SS0906    (3)    1 :  0.018 0.311 0.006 0.039 0.005 0.074 0.234 0.030 0.045 0.236 
 13 NS_SS0721    (6)    1 :  0.137 0.596 0.010 0.010 0.007 0.031 0.133 0.016 0.017 0.044 
 14 NS_SS0982    (4)    1 :  0.023 0.019 0.008 0.007 0.021 0.134 0.031 0.041 0.560 0.155 
 15 NS_SS0923    (6)    1 :  0.023 0.013 0.024 0.006 0.010 0.761 0.021 0.099 0.011 0.031 
 16 NS_SS0905    (6)    1 :  0.032 0.148 0.034 0.012 0.004 0.020 0.517 0.031 0.030 0.172 
 17 NS_SS0925    (3)    1 :  0.024 0.090 0.011 0.268 0.006 0.011 0.144 0.111 0.013 0.321 
 18 NS_SS0947    (6)    1 :  0.125 0.375 0.029 0.039 0.007 0.311 0.021 0.038 0.033 0.023 
 19 NS_SS0926    (2)    1 :  0.279 0.012 0.356 0.017 0.002 0.150 0.008 0.055 0.012 0.110 
 20 NS_SS0918    (6)    1 :  0.103 0.014 0.017 0.008 0.004 0.042 0.746 0.041 0.011 0.013 
 21 NS_SS0966    (4)    1 :  0.024 0.133 0.041 0.048 0.058 0.050 0.035 0.017 0.563 0.031 
 22 NS_SS0938    (2)    1 :  0.138 0.031 0.016 0.269 0.003 0.268 0.005 0.176 0.035 0.059 
 23 NS_SS0917    (2)    1 :  0.076 0.089 0.013 0.015 0.052 0.038 0.012 0.071 0.475 0.158 
 24 NS_SS0957   (11)    1 :  0.019 0.009 0.022 0.025 0.012 0.025 0.010 0.821 0.045 0.012 
 25 NS_SS0987    (1)    1 :  0.445 0.023 0.045 0.006 0.249 0.015 0.041 0.054 0.076 0.046 
 26 NS_SS0717    (4)    1 :  0.109 0.059 0.013 0.018 0.005 0.033 0.014 0.585 0.053 0.112 
 27 NS_SS0986    (2)    1 :  0.443 0.191 0.018 0.066 0.006 0.071 0.017 0.055 0.111 0.022 
 28 NS_SS0953    (3)    1 :  0.027 0.071 0.022 0.269 0.031 0.096 0.103 0.307 0.056 0.019 
 29 NS_SS0907    (3)    1 :  0.368 0.024 0.014 0.097 0.052 0.257 0.102 0.017 0.031 0.038 
 30 NS_SS0974    (6)    1 :  0.206 0.027 0.070 0.191 0.006 0.108 0.191 0.037 0.093 0.071 
 31 NS_SS0989    (1)    1 :  0.034 0.036 0.378 0.235 0.002 0.022 0.252 0.006 0.014 0.022 
 32 NS_SS0991    (3)    1 :  0.031 0.019 0.029 0.043 0.002 0.014 0.154 0.015 0.030 0.663 
 33 NS_SS0994    (2)    1 :  0.011 0.028 0.548 0.089 0.006 0.035 0.028 0.024 0.007 0.224 
 34 NS_SS0931    (6)    1 :  0.161 0.044 0.563 0.096 0.018 0.022 0.013 0.018 0.003 0.061 
 35 NS_SS1000    (5)    1 :  0.079 0.097 0.011 0.036 0.005 0.695 0.004 0.012 0.017 0.042 
 36 NS_SS0919    (1)    1 :  0.015 0.055 0.020 0.014 0.003 0.426 0.008 0.017 0.007 0.434 
 37 NS_SS0949    (4)    1 :  0.020 0.114 0.217 0.473 0.002 0.005 0.039 0.005 0.009 0.116 
 38 NS_SS0960   (10)    1 :  0.018 0.221 0.270 0.015 0.017 0.074 0.275 0.024 0.040 0.045 
 39 NS_SS0716    (2)    1 :  0.079 0.010 0.007 0.014 0.011 0.012 0.005 0.820 0.037 0.005 
 40 NS_SS0924    (8)    1 :  0.011 0.118 0.391 0.020 0.037 0.021 0.073 0.009 0.090 0.229 
 41 NS_SS0935    (2)    1 :  0.018 0.012 0.111 0.007 0.010 0.012 0.021 0.004 0.018 0.786 
 42 NS_SS0952   (14)    1 :  0.010 0.039 0.091 0.042 0.050 0.143 0.102 0.062 0.066 0.394 
 43 NS_SS0962   (11)    1 :  0.561 0.011 0.008 0.014 0.008 0.122 0.016 0.202 0.044 0.014 
 44 NS_SS0973    (5)    1 :  0.022 0.410 0.013 0.242 0.007 0.006 0.071 0.006 0.015 0.208 
 45 NS_SS0722    (1)    1 :  0.009 0.037 0.004 0.033 0.004 0.008 0.002 0.868 0.008 0.027 
 46 NS_SS0979   (13)    1 :  0.215 0.009 0.007 0.049 0.004 0.052 0.098 0.439 0.062 0.065 
 47 NS_SS0993    (2)    1 :  0.011 0.029 0.013 0.310 0.023 0.020 0.227 0.047 0.034 0.286 
 48 NS_SS0958    (1)    1 :  0.066 0.063 0.672 0.025 0.006 0.035 0.016 0.054 0.036 0.026 
 49 NS_SS0988    (4)    1 :  0.403 0.042 0.023 0.124 0.007 0.037 0.057 0.031 0.147 0.129 
 50 NS_SS1003    (2)    1 :  0.008 0.143 0.010 0.019 0.012 0.510 0.004 0.008 0.265 0.023 
 51 NS_SS0976    (1)    1 :  0.067 0.015 0.126 0.008 0.002 0.712 0.016 0.015 0.013 0.026 
 52 NS_SS0964   (10)    1 :  0.027 0.049 0.037 0.038 0.003 0.011 0.013 0.765 0.029 0.029 
 53 NS_SS0939    (4)    1 :  0.133 0.020 0.007 0.014 0.006 0.010 0.014 0.742 0.044 0.010 
 54 NS_SS0990    (6)    1 :  0.272 0.382 0.072 0.128 0.006 0.036 0.052 0.020 0.025 0.008 
 55 NS_SS0984    (2)    1 :  0.344 0.045 0.020 0.116 0.003 0.077 0.007 0.209 0.008 0.170 
 56 NS_SS0980   (10)    1 :  0.006 0.516 0.018 0.010 0.003 0.162 0.102 0.027 0.012 0.144 
 57 NS_SS0978    (4)    1 :  0.009 0.668 0.017 0.013 0.004 0.055 0.020 0.039 0.071 0.105 
 58 NS_SS0951   (18)    1 :  0.012 0.020 0.024 0.012 0.004 0.014 0.446 0.043 0.211 0.214 
 59 NS_SS0913    (3)    1 :  0.527 0.032 0.014 0.075 0.043 0.017 0.026 0.012 0.241 0.013 
 60 NS_SS1002    (1)    1 :  0.025 0.034 0.007 0.018 0.066 0.613 0.025 0.149 0.050 0.013 
 61 NS_SS0948    (1)    1 :  0.474 0.013 0.041 0.052 0.061 0.060 0.052 0.020 0.139 0.088 
 62 NS_SS0916    (4)    1 :  0.017 0.745 0.067 0.016 0.007 0.048 0.034 0.018 0.019 0.029 
 63 NS_SS0995    (1)    1 :  0.018 0.655 0.010 0.008 0.004 0.006 0.233 0.017 0.030 0.019 
 64 NS_SS0927    (6)    1 :  0.022 0.606 0.021 0.104 0.011 0.025 0.056 0.080 0.037 0.039 
 65 NS_SS0992    (5)    1 :  0.011 0.550 0.057 0.031 0.005 0.034 0.126 0.005 0.168 0.012 
 66 NS_SS0912    (1)    1 :  0.591 0.033 0.092 0.028 0.005 0.027 0.023 0.016 0.029 0.156 
 67 NS_SS0981    (1)    1 :  0.029 0.017 0.017 0.009 0.006 0.804 0.010 0.013 0.025 0.069 
 68 NS_SS0729    (5)    2 :  0.005 0.091 0.597 0.103 0.007 0.026 0.039 0.016 0.010 0.105 
 69 NS_SS0967   (15)    2 :  0.302 0.097 0.015 0.243 0.015 0.023 0.010 0.012 0.257 0.026 
 70 NS_SS0941    (8)    2 :  0.093 0.150 0.048 0.202 0.105 0.089 0.023 0.078 0.006 0.206 
 71 NS_SS0768   (12)    2 :  0.267 0.010 0.007 0.326 0.007 0.018 0.025 0.012 0.319 0.010 
 72 NS_SS0726    (5)    2 :  0.008 0.063 0.228 0.142 0.014 0.086 0.045 0.017 0.096 0.300 
 73 NS_SS0763    (4)    2 :  0.020 0.055 0.160 0.024 0.003 0.073 0.016 0.285 0.041 0.322 
 74 NS_SS0730    (6)    2 :  0.403 0.147 0.055 0.026 0.008 0.149 0.013 0.099 0.070 0.030 
 75 NS_SS0774    (2)    2 :  0.058 0.522 0.009 0.018 0.002 0.045 0.051 0.253 0.038 0.004 
 76 NS_SS0723    (3)    2 :  0.065 0.177 0.005 0.043 0.003 0.274 0.296 0.044 0.040 0.053 
 77 NS_SS0940   (10)    2 :  0.162 0.100 0.183 0.042 0.012 0.221 0.031 0.081 0.012 0.157 
 78 NS_SS0762    (1)    2 :  0.044 0.314 0.034 0.029 0.005 0.029 0.012 0.158 0.288 0.087 
 79 NS_SS0766   (11)    2 :  0.372 0.212 0.162 0.027 0.024 0.016 0.014 0.097 0.033 0.043 
 80 NS_SS0724    (1)    2 :  0.027 0.020 0.033 0.112 0.008 0.058 0.022 0.221 0.192 0.307 
 81 NS_SS0769    (3)    2 :  0.019 0.057 0.013 0.029 0.003 0.109 0.010 0.017 0.253 0.490 
 82 NS_SS0777    (1)    2 :  0.130 0.018 0.086 0.015 0.019 0.040 0.017 0.200 0.009 0.466 
 83 NS_SS0734    (6)    2 :  0.424 0.114 0.181 0.048 0.039 0.008 0.017 0.026 0.109 0.034 
 84 NS_SS0737    (3)    2 :  0.016 0.812 0.013 0.023 0.008 0.034 0.021 0.048 0.021 0.005 
 85 NS_SS0732    (5)    2 :  0.014 0.028 0.007 0.010 0.011 0.025 0.722 0.008 0.132 0.043 
 86 NS_SS0728    (5)    2 :  0.012 0.348 0.049 0.052 0.014 0.169 0.021 0.071 0.226 0.039 
 87 NS_SS0735    (9)    2 :  0.035 0.676 0.017 0.049 0.013 0.018 0.094 0.024 0.016 0.058 
 88 NS_SS0725    (1)    2 :  0.026 0.016 0.088 0.373 0.013 0.014 0.010 0.246 0.208 0.007 
 89 NS_SS0788    (2)    2 :  0.036 0.267 0.011 0.117 0.003 0.193 0.193 0.028 0.094 0.058 
 90 NS_SS0778    (2)    2 :  0.017 0.675 0.011 0.073 0.003 0.059 0.059 0.021 0.048 0.033 
 91 NS_SS0792    (6)    2 :  0.010 0.063 0.029 0.018 0.005 0.012 0.021 0.014 0.814 0.016 
 92 NS_SS0943   (11)    2 :  0.010 0.015 0.163 0.115 0.013 0.013 0.030 0.011 0.255 0.375 
 93 NS_SS0791    (2)    2 :  0.023 0.036 0.561 0.010 0.022 0.043 0.065 0.172 0.037 0.032 
 94 NS_SS0790    (5)    2 :  0.011 0.007 0.003 0.012 0.003 0.010 0.009 0.010 0.930 0.005 
 95 NS_SS0731    (6)    2 :  0.054 0.014 0.005 0.241 0.026 0.008 0.007 0.600 0.022 0.025 
 96 NS_SS0727    (7)    2 :  0.004 0.044 0.616 0.039 0.003 0.005 0.029 0.163 0.039 0.057 
 97 NS_SS0779   (13)    2 :  0.064 0.161 0.017 0.045 0.013 0.047 0.165 0.318 0.014 0.157 
 98 NS_SS0776    (3)    2 :  0.045 0.041 0.103 0.074 0.012 0.454 0.040 0.118 0.071 0.042 
 99 NS_SS0775    (5)    2 :  0.077 0.053 0.016 0.012 0.009 0.018 0.017 0.741 0.047 0.010 
100 NS_SS0965    (3)    3 :  0.046 0.030 0.032 0.041 0.003 0.194 0.008 0.038 0.076 0.534 
101 NS_SS0754   (14)    3 :  0.054 0.058 0.143 0.007 0.021 0.022 0.035 0.033 0.046 0.582 
102 NS_SS0838    (5)    3 :  0.025 0.032 0.031 0.060 0.058 0.063 0.469 0.225 0.019 0.018 
103 NS_SS0839    (3)    3 :  0.012 0.207 0.013 0.021 0.005 0.639 0.031 0.027 0.036 0.007 
104 NS_SS0832    (4)    3 :  0.077 0.558 0.004 0.073 0.060 0.020 0.009 0.035 0.127 0.036 
105 NS_SS0820    (5)    3 :  0.037 0.016 0.003 0.052 0.009 0.051 0.006 0.015 0.797 0.015 
106 NS_SS0886    (9)    3 :  0.043 0.608 0.120 0.029 0.003 0.033 0.090 0.024 0.031 0.019 
107 NS_SS0748    (5)    3 :  0.037 0.013 0.092 0.054 0.012 0.027 0.036 0.675 0.020 0.036 
108 NS_SS0884    (9)    3 :  0.016 0.430 0.067 0.020 0.034 0.065 0.065 0.025 0.241 0.037 
109 NS_SS0752    (4)    3 :  0.042 0.117 0.022 0.050 0.003 0.036 0.673 0.029 0.008 0.021 
110 NS_SS0862    (1)    3 :  0.049 0.694 0.004 0.008 0.005 0.047 0.115 0.013 0.040 0.025 
111 NS_SS0787    (9)    3 :  0.018 0.022 0.255 0.101 0.012 0.045 0.015 0.014 0.011 0.506 
112 NS_SS0843    (6)    3 :  0.031 0.078 0.027 0.145 0.003 0.015 0.018 0.026 0.081 0.575 
113 NS_SS0856    (4)    3 :  0.058 0.081 0.014 0.039 0.005 0.011 0.011 0.035 0.736 0.010 
114 NS_SS0846    (2)    3 :  0.011 0.029 0.029 0.046 0.005 0.736 0.034 0.025 0.025 0.059 
115 NS_SS0825    (1)    3 :  0.712 0.030 0.011 0.059 0.013 0.081 0.035 0.006 0.048 0.006 
116 NS_SS0757    (3)    3 :  0.046 0.304 0.016 0.040 0.006 0.008 0.428 0.038 0.013 0.102 
117 NS_SS0876    (3)    3 :  0.034 0.365 0.012 0.020 0.212 0.023 0.023 0.039 0.243 0.028 
118 NS_SS0903   (10)    3 :  0.013 0.695 0.005 0.025 0.005 0.014 0.217 0.012 0.008 0.006 
119 NS_SS0875    (7)    3 :  0.641 0.022 0.019 0.025 0.005 0.044 0.013 0.185 0.032 0.014 
120 NS_SS0740    (5)    3 :  0.010 0.015 0.009 0.049 0.003 0.042 0.070 0.032 0.061 0.709 
121 NS_SS0811    (5)    3 :  0.703 0.019 0.012 0.009 0.011 0.007 0.032 0.062 0.134 0.011 
122 NS_SS0751    (1)    3 :  0.159 0.051 0.014 0.071 0.005 0.556 0.050 0.024 0.016 0.054 
123 NS_SS0891    (6)    3 :  0.018 0.062 0.015 0.495 0.010 0.050 0.015 0.165 0.161 0.009 
124 NS_SS0867    (2)    3 :  0.021 0.024 0.018 0.026 0.038 0.034 0.020 0.018 0.034 0.769 
125 NS_SS0890    (6)    3 :  0.008 0.589 0.006 0.043 0.007 0.016 0.053 0.024 0.029 0.225 
126 NS_SS0866   (12)    3 :  0.067 0.018 0.498 0.021 0.008 0.024 0.117 0.165 0.066 0.016 
127 NS_SS0755    (4)    3 :  0.014 0.021 0.013 0.017 0.008 0.014 0.010 0.032 0.841 0.028 
128 NS_SS0758    (4)    3 :  0.109 0.603 0.027 0.047 0.004 0.115 0.016 0.047 0.013 0.020 
129 NS_SS0840    (2)    3 :  0.026 0.188 0.009 0.044 0.005 0.618 0.018 0.034 0.052 0.008 
130 NS_SS0889    (4)    3 :  0.078 0.012 0.427 0.025 0.004 0.024 0.091 0.004 0.293 0.044 
131 NS_SS1010    (1)    3 :  0.013 0.034 0.013 0.013 0.051 0.739 0.017 0.039 0.059 0.022 
132 NS_SS0888    (5)    3 :  0.006 0.045 0.678 0.009 0.002 0.008 0.016 0.023 0.181 0.031 
133 NS_SS0837    (3)    3 :  0.108 0.025 0.013 0.081 0.003 0.022 0.018 0.028 0.278 0.424 
134 NS_SS0794   (10)    3 :  0.011 0.021 0.509 0.023 0.003 0.007 0.035 0.333 0.035 0.022 
135 NS_SS0823    (5)    3 :  0.021 0.763 0.013 0.017 0.005 0.026 0.040 0.058 0.034 0.023 
136 NS_SS0829    (7)    3 :  0.012 0.006 0.010 0.020 0.106 0.016 0.792 0.014 0.005 0.019 
137 NS_SS0844    (5)    3 :  0.008 0.014 0.004 0.036 0.002 0.048 0.013 0.004 0.837 0.034 
138 NS_SS1008    (6)    3 :  0.047 0.031 0.535 0.019 0.024 0.019 0.023 0.236 0.025 0.040 
139 NS_SS0881    (3)    3 :  0.039 0.035 0.123 0.012 0.005 0.610 0.022 0.016 0.017 0.122 
140 NS_SS0834    (6)    3 :  0.010 0.011 0.011 0.794 0.012 0.020 0.009 0.082 0.046 0.006 
141 NS_SS0744   (10)    3 :  0.014 0.734 0.016 0.053 0.010 0.067 0.059 0.006 0.026 0.015 
142 NS_SS0899    (7)    3 :  0.039 0.026 0.004 0.012 0.002 0.014 0.600 0.010 0.280 0.012 
143 NS_SS0804    (5)    3 :  0.081 0.574 0.010 0.028 0.005 0.108 0.013 0.057 0.100 0.024 
144 NS_SS0781   (10)    3 :  0.034 0.057 0.004 0.061 0.007 0.611 0.014 0.183 0.016 0.012 
145 NS_SS0822    (6)    3 :  0.009 0.022 0.072 0.050 0.004 0.007 0.770 0.029 0.025 0.012 
146 NS_SS1004    (4)    3 :  0.012 0.800 0.017 0.017 0.005 0.036 0.011 0.010 0.037 0.055 
147 NS_SS0746    (5)    3 :  0.181 0.079 0.054 0.133 0.016 0.032 0.012 0.166 0.013 0.314 
148 NS_SS0880    (3)    3 :  0.015 0.095 0.123 0.032 0.002 0.648 0.033 0.029 0.012 0.012 
149 NS_SS0879    (5)    3 :  0.018 0.092 0.043 0.134 0.015 0.011 0.011 0.032 0.618 0.026 
150 NS_SS0753    (2)    3 :  0.117 0.021 0.039 0.039 0.011 0.021 0.059 0.011 0.010 0.672 
151 NS_SS1007    (3)    3 :  0.018 0.798 0.014 0.015 0.003 0.034 0.042 0.015 0.007 0.053 
152 NS_SS0872    (5)    3 :  0.096 0.421 0.015 0.047 0.003 0.022 0.009 0.221 0.149 0.017 
153 NS_SS1005    (7)    3 :  0.016 0.628 0.008 0.130 0.002 0.049 0.050 0.034 0.034 0.049 
154 NS_SS0892    (6)    3 :  0.096 0.054 0.029 0.018 0.003 0.345 0.016 0.050 0.020 0.369 
155 NS_SS0898    (0)    3 :  0.064 0.011 0.511 0.008 0.013 0.042 0.088 0.154 0.076 0.033 
156 NS_SS0801    (9)    3 :  0.077 0.086 0.015 0.127 0.016 0.604 0.015 0.014 0.019 0.027 
157 NS_SS0827    (9)    3 :  0.062 0.028 0.083 0.073 0.148 0.005 0.010 0.448 0.010 0.133 
158 NS_SS0853    (7)    3 :  0.902 0.016 0.012 0.003 0.004 0.009 0.011 0.033 0.006 0.005 
159 NS_SS0780    (2)    3 :  0.017 0.028 0.006 0.019 0.005 0.869 0.013 0.009 0.012 0.022 
160 NS_SS0826   (10)    3 :  0.214 0.015 0.013 0.332 0.004 0.334 0.057 0.007 0.007 0.017 
161 NS_SS0818    (5)    3 :  0.018 0.098 0.006 0.027 0.003 0.774 0.012 0.018 0.020 0.025 
162 NS_SS0745    (1)    3 :  0.918 0.007 0.004 0.016 0.002 0.016 0.005 0.012 0.010 0.010 
163 NS_SS0849    (3)    3 :  0.034 0.091 0.010 0.051 0.003 0.011 0.717 0.013 0.047 0.023 
164 NS_SS0739    (3)    3 :  0.046 0.660 0.033 0.012 0.024 0.054 0.100 0.032 0.033 0.005 
165 NS_SS0799    (1)    3 :  0.021 0.013 0.063 0.025 0.002 0.014 0.781 0.027 0.025 0.030 
166 NS_SS0756    (3)    3 :  0.443 0.203 0.007 0.019 0.005 0.164 0.025 0.035 0.076 0.023 
167 NS_SS0802    (2)    3 :  0.253 0.191 0.027 0.238 0.201 0.019 0.014 0.009 0.033 0.016 
168 NS_SS0747    (6)    3 :  0.039 0.354 0.009 0.027 0.007 0.116 0.195 0.009 0.012 0.232 
169 NS_SS0835    (1)    3 :  0.020 0.076 0.321 0.064 0.002 0.087 0.014 0.063 0.034 0.319 
170 NS_SS0742   (19)    3 :  0.023 0.530 0.016 0.080 0.002 0.105 0.172 0.024 0.029 0.019 
171 NS_SS0760    (9)    3 :  0.107 0.020 0.611 0.049 0.074 0.016 0.025 0.037 0.031 0.029 
172 NS_SS0803    (4)    3 :  0.014 0.894 0.005 0.021 0.008 0.013 0.014 0.012 0.009 0.010 
173 NS_SS0828   (14)    3 :  0.146 0.137 0.025 0.020 0.002 0.007 0.035 0.035 0.015 0.577 
174 NS_SS0865    (2)    3 :  0.009 0.170 0.017 0.008 0.026 0.057 0.025 0.011 0.609 0.067 
175 NS_SS0759    (5)    3 :  0.146 0.611 0.008 0.016 0.008 0.009 0.070 0.020 0.025 0.087 
176 NS_SS0851    (5)    3 :  0.050 0.026 0.014 0.021 0.013 0.047 0.012 0.057 0.755 0.006 
177 NS_SS0874   (16)    3 :  0.017 0.017 0.006 0.134 0.002 0.025 0.600 0.126 0.038 0.034 
178 NS_SS0761    (6)    3 :  0.227 0.045 0.261 0.096 0.007 0.073 0.177 0.024 0.012 0.078 
179 NS_SS0842   (26)    3 :  0.038 0.063 0.033 0.056 0.010 0.016 0.483 0.222 0.030 0.050 
180 NS_SS0785    (6)    3 :  0.077 0.459 0.158 0.038 0.009 0.119 0.052 0.020 0.024 0.045 
181 NS_SS0860   (11)    3 :  0.014 0.099 0.025 0.014 0.004 0.008 0.736 0.014 0.018 0.068 
182 NS_SS0897    (7)    3 :  0.029 0.017 0.705 0.011 0.003 0.027 0.106 0.022 0.070 0.011 
183 NS_SS0841   (15)    3 :  0.103 0.030 0.030 0.009 0.006 0.160 0.357 0.072 0.214 0.019 
184 NS_SS0797    (7)    3 :  0.042 0.026 0.578 0.027 0.039 0.111 0.009 0.022 0.112 0.034 
185 NS_SS0830   (11)    3 :  0.090 0.069 0.096 0.023 0.004 0.031 0.312 0.218 0.054 0.103 
186 NS_SS1011    (5)    3 :  0.012 0.094 0.009 0.202 0.010 0.495 0.006 0.017 0.137 0.017 
187 NS_SS0883    (5)    3 :  0.043 0.133 0.022 0.006 0.010 0.033 0.653 0.020 0.050 0.029 
188 NS_SS0782    (2)    3 :  0.055 0.558 0.190 0.044 0.004 0.021 0.017 0.085 0.019 0.007 
189 NS_SS0831    (5)    3 :  0.063 0.043 0.092 0.068 0.007 0.015 0.633 0.034 0.032 0.012 
190 NS_SS0749    (7)    3 :  0.025 0.745 0.013 0.010 0.007 0.016 0.066 0.008 0.012 0.099 
191 NS_SS0854    (2)    3 :  0.022 0.051 0.079 0.504 0.006 0.015 0.176 0.054 0.080 0.014 
192 HI_SS0193    (0)    4 :  0.016 0.012 0.868 0.038 0.003 0.021 0.012 0.014 0.009 0.007 
193 HI_SS0194    (1)    4 :  0.010 0.040 0.015 0.811 0.003 0.032 0.006 0.049 0.012 0.022 
194 HI_SS0195   (10)    4 :  0.011 0.705 0.004 0.100 0.091 0.031 0.007 0.028 0.020 0.004 
195 HI_SS0196    (6)    4 :  0.041 0.306 0.052 0.295 0.007 0.031 0.130 0.099 0.021 0.019 
196 HI_SS0197    (3)    4 :  0.014 0.012 0.003 0.017 0.018 0.892 0.011 0.016 0.003 0.014 
197 HI_SS0198    (1)    4 :  0.077 0.314 0.125 0.014 0.013 0.030 0.308 0.016 0.085 0.017 
198 HI_SS0199    (1)    4 :  0.023 0.721 0.079 0.012 0.003 0.018 0.033 0.014 0.014 0.082 
199 HI_SS0201    (5)    4 :  0.006 0.022 0.485 0.017 0.004 0.015 0.017 0.005 0.230 0.200 
200 HI_SS0215    (1)    4 :  0.204 0.053 0.028 0.187 0.005 0.047 0.008 0.036 0.028 0.404 
201 HI_SS0218    (1)    4 :  0.016 0.011 0.807 0.003 0.007 0.012 0.012 0.007 0.116 0.008 
202 HI_SS0222    (0)    4 :  0.579 0.243 0.029 0.046 0.009 0.030 0.010 0.021 0.019 0.014 
203 HI_SS0230    (1)    4 :  0.047 0.009 0.015 0.020 0.011 0.455 0.028 0.245 0.057 0.113 
204 HI_SS0234    (2)    4 :  0.008 0.278 0.075 0.176 0.165 0.125 0.070 0.027 0.064 0.011 
205 HI_SS0240    (1)    4 :  0.008 0.807 0.016 0.014 0.013 0.091 0.006 0.015 0.010 0.020 
206 HI_SS0241    (0)    4 :  0.011 0.023 0.048 0.019 0.004 0.014 0.015 0.007 0.797 0.062 
207 HI_SS0242    (0)    4 :  0.039 0.187 0.223 0.020 0.005 0.013 0.019 0.256 0.122 0.115 
208 HI_SS0247    (0)    4 :  0.008 0.008 0.016 0.031 0.032 0.034 0.027 0.014 0.784 0.044 
209 HI_SS0248    (1)    4 :  0.006 0.020 0.710 0.030 0.001 0.008 0.016 0.093 0.004 0.113 
210 HI_SS0252    (2)    4 :  0.061 0.119 0.029 0.391 0.004 0.255 0.054 0.026 0.042 0.019 
211 HI_SS0254    (0)    4 :  0.022 0.008 0.033 0.011 0.086 0.039 0.007 0.004 0.011 0.778 
212 HI_SS0256    (0)    4 :  0.258 0.015 0.003 0.043 0.002 0.028 0.006 0.009 0.615 0.021 
213 HI_SS0257    (0)    4 :  0.009 0.012 0.068 0.062 0.006 0.081 0.015 0.036 0.019 0.692 
214 HI_SS0258    (1)    4 :  0.151 0.062 0.516 0.030 0.006 0.033 0.009 0.011 0.029 0.152 
215 HI_SS0259    (1)    4 :  0.007 0.037 0.007 0.052 0.003 0.106 0.009 0.011 0.753 0.015 
216 HI_SS0260    (1)    4 :  0.014 0.027 0.344 0.024 0.002 0.031 0.006 0.359 0.042 0.151 
217 HI_SS0261    (2)    4 :  0.029 0.024 0.072 0.048 0.005 0.064 0.014 0.042 0.008 0.695 
218 HI_SS0262    (0)    4 :  0.027 0.098 0.009 0.022 0.010 0.032 0.016 0.025 0.750 0.011 
219 HI_SS0264    (0)    4 :  0.018 0.015 0.013 0.010 0.006 0.826 0.005 0.052 0.014 0.041 
220 HI_SS0265    (0)    4 :  0.013 0.010 0.008 0.018 0.080 0.016 0.004 0.015 0.802 0.035 
221 HI_SS0268    (1)    4 :  0.031 0.031 0.064 0.054 0.004 0.594 0.074 0.106 0.030 0.013 
222 HI_SS0269    (0)    4 :  0.016 0.027 0.527 0.153 0.002 0.008 0.223 0.019 0.012 0.012 
223 HI_SS0273    (0)    4 :  0.336 0.018 0.446 0.013 0.003 0.015 0.053 0.011 0.063 0.041 
224 HI_SS0277    (1)    4 :  0.023 0.017 0.010 0.013 0.003 0.851 0.042 0.005 0.029 0.006 
225 HI_SS0280    (0)    4 :  0.021 0.015 0.054 0.019 0.010 0.662 0.027 0.031 0.136 0.025 
226 HI_SS0282    (1)    4 :  0.085 0.197 0.247 0.064 0.002 0.093 0.187 0.006 0.038 0.082 
227 HI_SS0286    (1)    4 :  0.146 0.045 0.063 0.317 0.013 0.028 0.015 0.021 0.225 0.127 
228 NS_SS1252    (3)    5 :  0.161 0.016 0.060 0.013 0.008 0.017 0.626 0.039 0.020 0.039 
229 NS_SS1261    (1)    5 :  0.342 0.018 0.032 0.156 0.023 0.028 0.185 0.194 0.006 0.016 
230 NS_SS1225   (10)    5 :  0.006 0.018 0.007 0.130 0.099 0.175 0.041 0.035 0.011 0.477 
231 NS_SS1266    (1)    5 :  0.126 0.323 0.005 0.085 0.011 0.015 0.012 0.008 0.392 0.025 
232 NS_SS1228    (0)    5 :  0.165 0.034 0.016 0.018 0.020 0.044 0.108 0.128 0.435 0.032 
233 NS_SS1255    (3)    5 :  0.006 0.024 0.074 0.511 0.004 0.048 0.073 0.215 0.040 0.006 
234 NS_SS1267    (3)    5 :  0.020 0.027 0.731 0.012 0.032 0.006 0.036 0.025 0.037 0.075 
235 NS_SS1238    (6)    5 :  0.066 0.027 0.111 0.393 0.004 0.278 0.065 0.013 0.024 0.020 
236 NS_SS1233    (8)    5 :  0.295 0.008 0.022 0.013 0.003 0.563 0.037 0.044 0.007 0.007 
237 NS_SS1277    (3)    5 :  0.017 0.010 0.893 0.008 0.001 0.011 0.018 0.016 0.015 0.012 
238 NS_SS1245    (1)    5 :  0.240 0.017 0.090 0.382 0.003 0.017 0.089 0.026 0.017 0.120 
239 NS_SS1240    (4)    5 :  0.012 0.016 0.862 0.050 0.004 0.013 0.008 0.018 0.005 0.011 
240 NS_SS1275    (2)    5 :  0.014 0.013 0.008 0.023 0.004 0.041 0.003 0.020 0.861 0.012 
241 NS_SS1235    (1)    5 :  0.010 0.030 0.020 0.832 0.008 0.024 0.009 0.022 0.010 0.034 
242 NS_SS1263    (1)    5 :  0.037 0.011 0.016 0.454 0.001 0.037 0.143 0.271 0.008 0.021 
243 NS_SS1251    (2)    5 :  0.227 0.013 0.013 0.092 0.002 0.513 0.044 0.016 0.029 0.052 
244 NS_SS1248    (0)    5 :  0.692 0.008 0.056 0.009 0.103 0.010 0.059 0.023 0.020 0.020 
245 NS_SS1244    (0)    5 :  0.015 0.020 0.195 0.010 0.006 0.687 0.019 0.008 0.023 0.017 
246 NS_SS1257    (1)    5 :  0.025 0.039 0.787 0.022 0.043 0.022 0.020 0.009 0.026 0.008 
247 NS_SS1242    (2)    5 :  0.185 0.022 0.008 0.135 0.003 0.031 0.004 0.071 0.528 0.013 
248 NS_SS1271    (6)    5 :  0.019 0.029 0.760 0.008 0.055 0.011 0.013 0.063 0.009 0.033 
249 NS_SS1265    (1)    5 :  0.374 0.011 0.346 0.051 0.039 0.032 0.051 0.050 0.010 0.037 
250 NS_SS1243    (0)    5 :  0.013 0.028 0.015 0.010 0.094 0.017 0.174 0.272 0.370 0.007 
251 NS_SS1273    (1)    5 :  0.287 0.014 0.018 0.008 0.018 0.022 0.008 0.614 0.007 0.004 
252 NS_SS1254   (14)    5 :  0.031 0.018 0.006 0.027 0.010 0.014 0.118 0.710 0.035 0.032 
253 NS_SS1224    (1)    5 :  0.036 0.362 0.009 0.025 0.010 0.025 0.012 0.075 0.283 0.163 
254 NS_SS1227    (8)    5 :  0.007 0.009 0.010 0.015 0.002 0.007 0.009 0.015 0.011 0.916 
255 NS_SS1274    (9)    5 :  0.043 0.011 0.164 0.015 0.029 0.150 0.539 0.017 0.014 0.019 
256 NS_SS1241    (1)    5 :  0.009 0.008 0.343 0.012 0.002 0.037 0.054 0.011 0.483 0.042 
257 NS_SS1256    (3)    5 :  0.144 0.187 0.100 0.063 0.066 0.250 0.008 0.054 0.064 0.064 
258 NS_SS1260    (8)    5 :  0.026 0.078 0.216 0.032 0.092 0.031 0.221 0.040 0.177 0.089 
259 NS_SS1262    (0)    5 :  0.080 0.030 0.109 0.019 0.160 0.044 0.068 0.008 0.080 0.402 
260 NS_SS1230    (0)    5 :  0.371 0.025 0.326 0.014 0.015 0.050 0.048 0.110 0.015 0.024 
261 NS_SS1270    (2)    5 :  0.241 0.012 0.004 0.603 0.003 0.013 0.014 0.008 0.065 0.037 
262 NS_SS1229    (2)    5 :  0.012 0.022 0.010 0.705 0.007 0.026 0.123 0.022 0.017 0.054 
263 NS_SS1246    (5)    5 :  0.010 0.005 0.045 0.649 0.004 0.024 0.229 0.010 0.007 0.016 
264 NS_SS1269    (0)    5 :  0.034 0.851 0.026 0.009 0.003 0.013 0.008 0.013 0.028 0.015 
265 NS_SS1239    (1)    5 :  0.015 0.790 0.010 0.069 0.009 0.008 0.043 0.008 0.031 0.017 
266 NS_SS1272    (5)    5 :  0.011 0.007 0.015 0.791 0.010 0.085 0.019 0.038 0.014 0.009 
267 NS_SS1268    (1)    5 :  0.112 0.036 0.015 0.032 0.003 0.007 0.405 0.007 0.325 0.057 
268 NS_SS1249    (1)    5 :  0.010 0.015 0.785 0.019 0.023 0.014 0.020 0.056 0.039 0.018 
269 HI_SS0559    (0)    6 :  0.090 0.047 0.028 0.022 0.003 0.011 0.017 0.033 0.085 0.664 
270 HI_SS0563    (1)    6 :  0.028 0.840 0.030 0.010 0.005 0.031 0.015 0.010 0.016 0.016 
271 HI_SS0564    (0)    6 :  0.027 0.302 0.011 0.022 0.070 0.018 0.501 0.028 0.005 0.015 
272 HI_SS0565    (0)    6 :  0.183 0.013 0.010 0.283 0.005 0.026 0.075 0.252 0.042 0.111 
273 HI_SS0569    (1)    6 :  0.059 0.012 0.049 0.124 0.004 0.033 0.022 0.019 0.012 0.665 
274 HI_SS0570    (0)    6 :  0.049 0.008 0.117 0.729 0.055 0.016 0.009 0.005 0.008 0.006 
275 HI_SS0572    (1)    6 :  0.005 0.015 0.009 0.794 0.004 0.007 0.007 0.126 0.015 0.018 
276 HI_SS0576    (1)    6 :  0.910 0.012 0.012 0.006 0.008 0.016 0.015 0.007 0.006 0.007 
277 HI_SS0579    (1)    6 :  0.010 0.033 0.011 0.127 0.013 0.007 0.006 0.005 0.008 0.781 
278 HI_SS0580    (1)    6 :  0.016 0.012 0.392 0.036 0.007 0.008 0.013 0.434 0.057 0.026 
279 HI_SS0581    (0)    6 :  0.025 0.030 0.005 0.021 0.061 0.018 0.021 0.010 0.797 0.013 
280 HI_SS0583    (1)    6 :  0.039 0.013 0.386 0.061 0.004 0.011 0.039 0.428 0.005 0.015 
281 HI_SS0586    (1)    6 :  0.080 0.007 0.611 0.010 0.002 0.017 0.041 0.034 0.008 0.190 
282 HI_SS0588    (1)    6 :  0.174 0.023 0.174 0.018 0.019 0.043 0.011 0.010 0.029 0.498 
283 HI_SS0595    (4)    6 :  0.055 0.027 0.287 0.020 0.051 0.469 0.010 0.033 0.011 0.038 
284 HI_SS0596    (0)    6 :  0.003 0.005 0.009 0.621 0.003 0.006 0.009 0.294 0.036 0.013 
285 HI_SS0597    (1)    6 :  0.005 0.020 0.009 0.230 0.003 0.042 0.012 0.659 0.011 0.009 
286 HI_SS0600    (0)    6 :  0.033 0.764 0.097 0.010 0.004 0.015 0.044 0.004 0.023 0.007 
287 HI_SS0601    (1)    6 :  0.014 0.008 0.012 0.036 0.010 0.079 0.021 0.008 0.156 0.656 
288 HI_SS0602    (1)    6 :  0.059 0.039 0.006 0.010 0.004 0.040 0.010 0.006 0.017 0.809 
289 HI_SS0604    (0)    6 :  0.013 0.083 0.028 0.356 0.002 0.017 0.044 0.305 0.022 0.130 
290 HI_SS0605    (1)    6 :  0.011 0.859 0.024 0.015 0.010 0.005 0.018 0.011 0.031 0.016 
291 HI_SS0608    (0)    6 :  0.035 0.013 0.018 0.050 0.002 0.013 0.656 0.037 0.014 0.163 
292 HI_SS0609    (0)    6 :  0.078 0.421 0.023 0.017 0.001 0.166 0.013 0.163 0.092 0.025 
293 HI_SS0611    (5)    6 :  0.016 0.005 0.220 0.008 0.005 0.007 0.548 0.027 0.150 0.014 
294 HI_SS0612    (0)    6 :  0.013 0.584 0.078 0.008 0.012 0.095 0.017 0.026 0.014 0.153 
295 HI_SS0613    (1)    6 :  0.148 0.083 0.012 0.015 0.002 0.019 0.031 0.010 0.670 0.011 
296 HI_SS0615    (1)    6 :  0.234 0.401 0.011 0.030 0.015 0.093 0.085 0.021 0.017 0.092 
297 HI_SS0001    (1)    6 :  0.019 0.061 0.632 0.052 0.008 0.034 0.008 0.083 0.097 0.005 
298 HI_SS0002    (1)    6 :  0.065 0.064 0.015 0.163 0.063 0.093 0.068 0.115 0.187 0.168 
299 HI_SS0004    (0)    6 :  0.078 0.150 0.316 0.219 0.010 0.014 0.076 0.029 0.050 0.058 
300 HI_SS0005    (1)    6 :  0.827 0.022 0.023 0.008 0.011 0.010 0.021 0.014 0.050 0.015 
301 HI_SS0006    (1)    6 :  0.035 0.157 0.229 0.161 0.003 0.075 0.148 0.090 0.012 0.089 
302 HI_SS0007    (1)    6 :  0.020 0.058 0.747 0.043 0.006 0.006 0.008 0.009 0.070 0.034 
303 HI_SS0008    (0)    6 :  0.029 0.021 0.007 0.016 0.045 0.030 0.011 0.013 0.020 0.808 
304 HI_SS0009    (0)    6 :  0.031 0.028 0.041 0.035 0.009 0.015 0.091 0.178 0.511 0.061 
305 HI_SS0010    (1)    6 :  0.031 0.031 0.175 0.013 0.004 0.037 0.401 0.153 0.013 0.140 
306 HI_SS0011    (1)    6 :  0.151 0.023 0.015 0.029 0.096 0.539 0.008 0.045 0.047 0.046 
307 HI_SS0012    (0)    6 :  0.025 0.498 0.006 0.027 0.008 0.055 0.188 0.123 0.012 0.057 
308 HI_SS0017    (1)    6 :  0.023 0.006 0.097 0.619 0.003 0.019 0.009 0.179 0.028 0.017 
309 HI_SS0021    (1)    6 :  0.108 0.023 0.452 0.031 0.240 0.011 0.009 0.019 0.055 0.051 
310 HI_SS0024    (1)    6 :  0.197 0.032 0.042 0.030 0.003 0.105 0.011 0.421 0.076 0.083 
311 HI_SS0025    (1)    6 :  0.022 0.031 0.009 0.016 0.005 0.010 0.021 0.785 0.087 0.014 
312 HI_SS0027    (0)    6 :  0.017 0.022 0.239 0.014 0.020 0.015 0.245 0.013 0.005 0.410 
313 HI_SS0028    (0)    6 :  0.727 0.005 0.008 0.020 0.003 0.089 0.007 0.044 0.044 0.053 
314 HI_SS0029    (1)    6 :  0.753 0.057 0.013 0.012 0.014 0.006 0.021 0.093 0.009 0.023 
315 HI_SS0030    (2)    6 :  0.010 0.021 0.026 0.170 0.012 0.021 0.026 0.007 0.032 0.675 
316 HI_SS0031    (0)    6 :  0.042 0.134 0.012 0.012 0.006 0.203 0.008 0.098 0.018 0.467 
317 HI_SS0034    (0)    6 :  0.018 0.051 0.459 0.048 0.008 0.100 0.008 0.013 0.022 0.275 
318 HI_SS0036    (0)    6 :  0.013 0.020 0.651 0.010 0.023 0.137 0.020 0.026 0.020 0.080 
319 HI_SS0037    (1)    6 :  0.013 0.018 0.024 0.011 0.006 0.021 0.143 0.035 0.717 0.011 
320 HI_SS0039    (0)    6 :  0.577 0.013 0.098 0.008 0.002 0.009 0.007 0.019 0.022 0.245 
321 HI_SS0041    (1)    6 :  0.020 0.226 0.011 0.059 0.002 0.022 0.082 0.440 0.127 0.010 
322 HI_SS0042    (1)    6 :  0.120 0.279 0.013 0.018 0.141 0.024 0.029 0.073 0.290 0.014 
323 HI_SS0043    (1)    6 :  0.022 0.006 0.153 0.017 0.004 0.008 0.763 0.012 0.004 0.010 
324 HI_SS0044    (1)    6 :  0.037 0.014 0.358 0.111 0.005 0.027 0.014 0.408 0.021 0.004 
325 HI_SS0047    (1)    6 :  0.155 0.109 0.039 0.507 0.005 0.048 0.028 0.041 0.029 0.038 
326 HI_SS0049    (1)    6 :  0.015 0.017 0.015 0.039 0.006 0.023 0.017 0.667 0.087 0.116 
327 HI_SS0051    (1)    6 :  0.038 0.691 0.005 0.066 0.004 0.005 0.137 0.011 0.027 0.015 
328 HI_SS0053    (1)    6 :  0.011 0.013 0.142 0.022 0.005 0.063 0.025 0.045 0.008 0.666 
329 HI_SS0054    (4)    6 :  0.106 0.007 0.072 0.008 0.005 0.018 0.057 0.003 0.012 0.713 
330 HI_SS0057    (0)    6 :  0.151 0.037 0.010 0.103 0.008 0.022 0.535 0.008 0.067 0.059 
331 HI_SS0058    (0)    6 :  0.030 0.068 0.029 0.181 0.008 0.013 0.234 0.085 0.214 0.140 
332 HI_SS0060    (0)    6 :  0.011 0.052 0.030 0.013 0.097 0.021 0.040 0.012 0.080 0.644 
333 HI_SS0087    (1)    6 :  0.013 0.089 0.023 0.154 0.003 0.099 0.027 0.019 0.026 0.547 
334 HI_SS0091    (1)    6 :  0.005 0.020 0.032 0.027 0.002 0.723 0.135 0.007 0.032 0.017 
335 HI_SS0095    (1)    6 :  0.022 0.273 0.022 0.050 0.070 0.069 0.022 0.049 0.058 0.364 
336 HI_SS0097    (3)    6 :  0.009 0.011 0.008 0.018 0.004 0.041 0.811 0.023 0.023 0.051 
337 HI_SS0099    (1)    6 :  0.010 0.016 0.012 0.007 0.004 0.041 0.008 0.868 0.020 0.014 
338 HI_SS0103    (0)    6 :  0.038 0.140 0.010 0.597 0.005 0.067 0.025 0.011 0.089 0.018 
339 HI_SS0105    (1)    6 :  0.004 0.028 0.009 0.069 0.039 0.772 0.012 0.005 0.039 0.023 
340 HI_SS0107    (1)    6 :  0.009 0.006 0.007 0.784 0.002 0.011 0.010 0.087 0.070 0.014 
341 HI_SS0108    (1)    6 :  0.008 0.019 0.755 0.043 0.055 0.022 0.049 0.006 0.004 0.039 
342 HI_SS0110    (0)    6 :  0.034 0.230 0.101 0.132 0.002 0.311 0.019 0.059 0.018 0.094 
343 HI_SS0111    (1)    6 :  0.149 0.673 0.032 0.021 0.038 0.006 0.023 0.010 0.035 0.013 
344 HI_SS0112    (0)    6 :  0.019 0.010 0.867 0.014 0.003 0.022 0.032 0.014 0.010 0.009 
345 HI_SS0113    (1)    6 :  0.053 0.040 0.012 0.354 0.006 0.407 0.011 0.053 0.050 0.015 
346 HI_SS0114    (1)    6 :  0.232 0.113 0.054 0.042 0.008 0.048 0.035 0.017 0.045 0.406 
347 HI_SS0115    (1)    6 :  0.012 0.154 0.046 0.009 0.027 0.012 0.028 0.231 0.156 0.325 
348 HI_SS0116    (4)    6 :  0.019 0.008 0.085 0.146 0.006 0.008 0.483 0.227 0.006 0.012 
349 HI_SS0117    (0)    6 :  0.022 0.018 0.072 0.521 0.003 0.325 0.006 0.007 0.011 0.017 
350 HI_SS0118    (0)    6 :  0.037 0.027 0.028 0.063 0.021 0.040 0.021 0.718 0.022 0.022 
351 HI_SS0119    (1)    6 :  0.015 0.021 0.015 0.017 0.002 0.122 0.789 0.005 0.004 0.010 
352 HI_SS0120    (1)    6 :  0.004 0.005 0.007 0.862 0.005 0.011 0.004 0.083 0.013 0.007 
353 HI_SS0121    (0)    6 :  0.898 0.007 0.006 0.009 0.002 0.017 0.008 0.007 0.037 0.009 
354 HI_SS0122    (2)    6 :  0.046 0.168 0.039 0.019 0.033 0.010 0.088 0.239 0.346 0.012 
355 HI_SS0123    (0)    6 :  0.013 0.631 0.009 0.021 0.006 0.230 0.030 0.009 0.031 0.020 
356 HI_SS0124    (1)    6 :  0.018 0.148 0.007 0.263 0.005 0.011 0.017 0.423 0.093 0.015 
357 HI_SS0125    (1)    6 :  0.035 0.757 0.008 0.008 0.052 0.018 0.006 0.046 0.032 0.039 
358 HI_SS0126    (0)    6 :  0.041 0.010 0.738 0.053 0.001 0.040 0.010 0.076 0.020 0.010 
359 HI_SS0127    (0)    6 :  0.052 0.045 0.020 0.010 0.012 0.016 0.042 0.019 0.018 0.766 
360 HI_SS0128    (0)    6 :  0.022 0.285 0.032 0.026 0.005 0.072 0.006 0.197 0.010 0.346 
361 HI_SS0129    (1)    6 :  0.027 0.063 0.243 0.300 0.019 0.093 0.021 0.067 0.044 0.121 
362 HI_SS0131    (2)    6 :  0.034 0.037 0.099 0.007 0.042 0.024 0.005 0.010 0.718 0.024 
363 HI_SS0132    (0)    6 :  0.701 0.090 0.063 0.010 0.001 0.065 0.030 0.008 0.020 0.013 
364 HI_SS0133    (1)    6 :  0.010 0.006 0.905 0.015 0.002 0.012 0.014 0.009 0.015 0.011 
365 HI_SS0134    (1)    6 :  0.014 0.052 0.365 0.051 0.004 0.393 0.009 0.049 0.025 0.037 
366 HI_SS0142    (3)    6 :  0.038 0.041 0.005 0.019 0.027 0.524 0.008 0.048 0.027 0.263 
367 HI_SS0145    (0)    6 :  0.015 0.082 0.051 0.021 0.002 0.009 0.018 0.029 0.010 0.763 
368 HI_SS0146    (1)    6 :  0.021 0.013 0.779 0.056 0.002 0.019 0.012 0.011 0.046 0.041 
369 HI_SS0147    (1)    6 :  0.115 0.157 0.006 0.056 0.045 0.095 0.067 0.068 0.383 0.008 
370 HI_SS0149    (1)    6 :  0.029 0.009 0.018 0.012 0.007 0.847 0.016 0.009 0.027 0.027 
371 HI_SS0150    (2)    6 :  0.775 0.036 0.020 0.015 0.007 0.077 0.010 0.020 0.022 0.018 
372 HI_SS0151    (0)    6 :  0.007 0.711 0.040 0.028 0.017 0.018 0.105 0.026 0.016 0.032 
373 NS_SS1451    (1)    6 :  0.020 0.480 0.035 0.067 0.007 0.082 0.041 0.141 0.101 0.025 
374 NS_SS1404    (0)    6 :  0.407 0.040 0.012 0.046 0.020 0.031 0.012 0.046 0.360 0.024 
375 NS_SS1432    (2)    6 :  0.030 0.036 0.005 0.012 0.048 0.155 0.009 0.688 0.009 0.009 
376 NS_SS1405    (5)    6 :  0.014 0.163 0.083 0.015 0.005 0.085 0.032 0.520 0.040 0.042 
377 NS_SS1431   (10)    6 :  0.080 0.159 0.016 0.457 0.002 0.040 0.043 0.110 0.011 0.083 
378 NS_SS1402    (3)    6 :  0.024 0.232 0.040 0.073 0.006 0.144 0.272 0.064 0.120 0.023 
379 NS_SS1450    (3)    6 :  0.062 0.036 0.280 0.012 0.008 0.508 0.017 0.013 0.018 0.046 
380 NS_SS1396    (0)    6 :  0.015 0.193 0.016 0.004 0.009 0.067 0.143 0.293 0.235 0.025 
381 NS_SS1393    (5)    6 :  0.010 0.020 0.028 0.012 0.007 0.065 0.567 0.253 0.021 0.016 
382 NS_SS1392   (10)    6 :  0.020 0.649 0.045 0.148 0.030 0.023 0.017 0.022 0.030 0.017 
383 NS_SS1445    (0)    6 :  0.012 0.009 0.014 0.008 0.010 0.017 0.006 0.010 0.011 0.904 
384 NS_SS1423    (0)    6 :  0.022 0.010 0.053 0.664 0.002 0.098 0.016 0.020 0.008 0.107 
385 NS_SS1421    (9)    6 :  0.033 0.018 0.046 0.021 0.085 0.492 0.274 0.013 0.007 0.010 
386 NS_SS1411    (6)    6 :  0.126 0.014 0.091 0.046 0.002 0.005 0.660 0.022 0.011 0.023 
387 NS_SS1453    (6)    6 :  0.014 0.025 0.145 0.180 0.011 0.378 0.116 0.034 0.021 0.076 
388 NS_SS1442    (3)    6 :  0.727 0.022 0.013 0.110 0.004 0.006 0.041 0.019 0.004 0.053 
389 NS_SS1422    (1)    6 :  0.016 0.266 0.155 0.125 0.025 0.073 0.144 0.069 0.036 0.091 
390 NS_SS1419    (1)    6 :  0.119 0.020 0.006 0.009 0.151 0.013 0.633 0.017 0.023 0.008 
391 NS_SS1427    (0)    6 :  0.010 0.008 0.868 0.012 0.004 0.027 0.005 0.040 0.012 0.014 
392 NS_SS1444    (4)    6 :  0.006 0.036 0.015 0.050 0.006 0.007 0.040 0.718 0.083 0.039 
393 NS_SS1455    (0)    6 :  0.056 0.053 0.012 0.451 0.002 0.085 0.011 0.316 0.006 0.008 
394 NS_SS1425    (2)    6 :  0.008 0.005 0.111 0.020 0.002 0.014 0.819 0.004 0.008 0.009 
395 NS_SS1400    (0)    6 :  0.183 0.006 0.607 0.029 0.003 0.021 0.026 0.042 0.019 0.065 
396 NS_SS1406    (2)    6 :  0.030 0.006 0.003 0.023 0.014 0.870 0.015 0.023 0.005 0.011 
397 NS_SS1417    (6)    6 :  0.070 0.040 0.021 0.267 0.012 0.041 0.104 0.068 0.357 0.021 
398 NS_SS1454    (3)    6 :  0.178 0.016 0.049 0.007 0.002 0.635 0.015 0.013 0.070 0.015 
399 NS_SS1412    (1)    6 :  0.323 0.018 0.092 0.400 0.040 0.012 0.023 0.051 0.028 0.013 
400 NS_SS1438    (1)    6 :  0.044 0.036 0.104 0.260 0.003 0.021 0.297 0.024 0.120 0.091 
401 NS_SS1416    (4)    6 :  0.177 0.351 0.007 0.046 0.009 0.164 0.186 0.022 0.024 0.014 
