   NS_SS0963  1 0.1895 0.8053 0.0051 
   NS_SS0983  1 0.9809 0.0160 0.0031 
   NS_SS0719  1 0.8811 0.1146 0.0043 
   NS_SS1001  1 0.3358 0.6568 0.0074 
   NS_SS0936  1 0.3425 0.6548 0.0027 
   NS_SS0955  1 0.9707 0.0253 0.0040 
   NS_SS0944  1 0.9649 0.0336 0.0016 
   NS_SS0945  1 0.2022 0.7908 0.0070 
   NS_SS0922  1 0.0514 0.9207 0.0279 
   NS_SS0929  1 0.8611 0.1366 0.0023 
   NS_SS0956  1 0.0163 0.9805 0.0033 
   NS_SS0906  1 0.4981 0.4992 0.0028 
   NS_SS0721  1 0.2794 0.7151 0.0055 
   NS_SS0982  1 0.0656 0.9159 0.0185 
   NS_SS0923  1 0.2879 0.7080 0.0041 
   NS_SS0905  1 0.8737 0.1247 0.0016 
   NS_SS0925  1 0.1625 0.8330 0.0046 
   NS_SS0947  1 0.0483 0.9473 0.0044 
   NS_SS0926  1 0.9847 0.0140 0.0013 
   NS_SS0918  1 0.0318 0.9658 0.0024 
   NS_SS0966  1 0.1724 0.7733 0.0543 
   NS_SS0938  1 0.0232 0.9756 0.0012 
   NS_SS0917  1 0.7666 0.1937 0.0398 
   NS_SS0957  1 0.0627 0.9309 0.0064 
   NS_SS0987  1 0.0799 0.6811 0.2390 
   NS_SS0717  1 0.0312 0.9664 0.0024 
   NS_SS0986  1 0.0592 0.9378 0.0030 
   NS_SS0953  1 0.0318 0.9548 0.0134 
   NS_SS0907  1 0.3171 0.6390 0.0439 
   NS_SS0974  1 0.8465 0.1502 0.0033 
   NS_SS0989  1 0.9670 0.0320 0.0011 
   NS_SS0991  1 0.9454 0.0525 0.0021 
   NS_SS0994  1 0.9917 0.0063 0.0020 
   NS_SS0931  1 0.9488 0.0407 0.0105 
   NS_SS1000  1 0.0191 0.9773 0.0036 
   NS_SS0919  1 0.9212 0.0763 0.0026 
   NS_SS0949  1 0.9767 0.0219 0.0014 
   NS_SS0960  1 0.9792 0.0148 0.0060 
   NS_SS0716  1 0.0053 0.9886 0.0061 
   NS_SS0924  1 0.9435 0.0418 0.0148 
   NS_SS0935  1 0.9841 0.0077 0.0082 
   NS_SS0952  1 0.9461 0.0261 0.0278 
   NS_SS0962  1 0.0092 0.9847 0.0061 
   NS_SS0973  1 0.9073 0.0887 0.0040 
   NS_SS0722  1 0.0360 0.9620 0.0019 
   NS_SS0979  1 0.1139 0.8844 0.0017 
   NS_SS0993  1 0.2085 0.7716 0.0199 
   NS_SS0958  1 0.9584 0.0391 0.0024 
   NS_SS0988  1 0.2498 0.7450 0.0052 
   NS_SS1003  1 0.0315 0.9588 0.0098 
   NS_SS0976  1 0.9436 0.0544 0.0019 
   NS_SS0964  1 0.0392 0.9582 0.0026 
   NS_SS0939  1 0.0162 0.9793 0.0046 
   NS_SS0990  1 0.1194 0.8775 0.0032 
   NS_SS0984  1 0.0190 0.9787 0.0023 
   NS_SS0980  1 0.5600 0.4381 0.0020 
   NS_SS0978  1 0.6286 0.3681 0.0033 
   NS_SS0951  1 0.7335 0.2636 0.0030 
   NS_SS0913  1 0.0737 0.8919 0.0344 
   NS_SS1002  1 0.0100 0.9525 0.0375 
   NS_SS0948  1 0.1510 0.8104 0.0387 
   NS_SS0916  1 0.9086 0.0866 0.0048 
   NS_SS0995  1 0.2217 0.7753 0.0030 
   NS_SS0927  1 0.6424 0.3521 0.0056 
   NS_SS0992  1 0.8914 0.1060 0.0026 
   NS_SS0912  1 0.4734 0.5241 0.0025 
   NS_SS0981  1 0.1881 0.8086 0.0032 
   NS_SS0729  2 0.9890 0.0077 0.0033 
   NS_SS0967  2 0.2746 0.7143 0.0112 
   NS_SS0941  2 0.6538 0.2658 0.0804 
   NS_SS0768  2 0.0189 0.9771 0.0040 
   NS_SS0726  2 0.9838 0.0098 0.0063 
   NS_SS0763  2 0.9637 0.0343 0.0021 
   NS_SS0730  2 0.0091 0.9880 0.0029 
   NS_SS0774  2 0.0084 0.9909 0.0007 
   NS_SS0723  2 0.0520 0.9466 0.0013 
   NS_SS0940  2 0.8935 0.1001 0.0064 
   NS_SS0762  2 0.0236 0.9738 0.0026 
   NS_SS0766  2 0.7482 0.2387 0.0132 
   NS_SS0724  2 0.0203 0.9758 0.0040 
   NS_SS0769  2 0.0527 0.9432 0.0040 
   NS_SS0777  2 0.3416 0.6471 0.0113 
   NS_SS0734  2 0.7923 0.1835 0.0242 
   NS_SS0737  2 0.0119 0.9827 0.0054 
   NS_SS0732  2 0.0880 0.9072 0.0048 
   NS_SS0728  2 0.2827 0.7068 0.0105 
   NS_SS0735  2 0.0900 0.9028 0.0073 
   NS_SS0725  2 0.0175 0.9745 0.0080 
   NS_SS0788  2 0.2738 0.7248 0.0014 
   NS_SS0778  2 0.2913 0.7073 0.0014 
   NS_SS0792  2 0.3443 0.6502 0.0054 
   NS_SS0943  2 0.9776 0.0157 0.0067 
   NS_SS0791  2 0.8182 0.1666 0.0152 
   NS_SS0790  2 0.0045 0.9920 0.0035 
   NS_SS0731  2 0.0121 0.9778 0.0101 
   NS_SS0727  2 0.9627 0.0358 0.0016 
   NS_SS0779  2 0.2424 0.7521 0.0055 
   NS_SS0776  2 0.4378 0.5549 0.0073 
   NS_SS0775  2 0.0146 0.9791 0.0062 
   NS_SS0965  3 0.1006 0.8977 0.0017 
   NS_SS0754  3 0.9125 0.0764 0.0111 
   NS_SS0838  3 0.1969 0.7635 0.0396 
   NS_SS0839  3 0.0084 0.9878 0.0038 
   NS_SS0832  3 0.0104 0.9447 0.0449 
   NS_SS0820  3 0.0097 0.9843 0.0060 
   NS_SS0886  3 0.9221 0.0759 0.0019 
   NS_SS0748  3 0.6146 0.3781 0.0073 
   NS_SS0884  3 0.3964 0.5818 0.0217 
   NS_SS0752  3 0.4812 0.5169 0.0019 
   NS_SS0862  3 0.0380 0.9578 0.0042 
   NS_SS0787  3 0.9732 0.0200 0.0068 
   NS_SS0843  3 0.2400 0.7584 0.0016 
   NS_SS0856  3 0.0484 0.9489 0.0027 
   NS_SS0846  3 0.6812 0.3155 0.0032 
   NS_SS0825  3 0.0782 0.9114 0.0104 
   NS_SS0757  3 0.8141 0.1822 0.0037 
   NS_SS0876  3 0.0358 0.7434 0.2207 
   NS_SS0903  3 0.1726 0.8246 0.0028 
   NS_SS0875  3 0.0484 0.9485 0.0031 
   NS_SS0740  3 0.7842 0.2127 0.0031 
   NS_SS0811  3 0.0416 0.9478 0.0106 
   NS_SS0751  3 0.0923 0.9057 0.0021 
   NS_SS0891  3 0.0249 0.9706 0.0045 
   NS_SS0867  3 0.9297 0.0455 0.0248 
   NS_SS0890  3 0.8664 0.1306 0.0030 
   NS_SS0866  3 0.9417 0.0525 0.0058 
   NS_SS0755  3 0.5945 0.3993 0.0062 
   NS_SS0758  3 0.2910 0.7071 0.0019 
   NS_SS0840  3 0.0090 0.9891 0.0020 
   NS_SS0889  3 0.7994 0.1984 0.0023 
   NS_SS1010  3 0.1093 0.8493 0.0414 
   NS_SS0888  3 0.9925 0.0064 0.0011 
   NS_SS0837  3 0.2368 0.7606 0.0026 
   NS_SS0794  3 0.9509 0.0474 0.0017 
   NS_SS0823  3 0.0322 0.9642 0.0036 
   NS_SS0829  3 0.8926 0.0090 0.0984 
   NS_SS0844  3 0.0120 0.9863 0.0016 
   NS_SS1008  3 0.8914 0.0988 0.0098 
   NS_SS0881  3 0.6712 0.3267 0.0022 
   NS_SS0834  3 0.0151 0.9794 0.0055 
   NS_SS0744  3 0.6808 0.3128 0.0064 
   NS_SS0899  3 0.0070 0.9915 0.0015 
   NS_SS0804  3 0.0112 0.9856 0.0031 
   NS_SS0781  3 0.0052 0.9925 0.0023 
   NS_SS0822  3 0.9095 0.0887 0.0017 
   NS_SS1004  3 0.6608 0.3352 0.0040 
   NS_SS0746  3 0.7342 0.2530 0.0127 
   NS_SS0880  3 0.3233 0.6753 0.0013 
   NS_SS0879  3 0.0651 0.9236 0.0113 
   NS_SS0753  3 0.9799 0.0124 0.0078 
   NS_SS1007  3 0.5478 0.4506 0.0016 
   NS_SS0872  3 0.0120 0.9857 0.0024 
   NS_SS1005  3 0.0231 0.9759 0.0009 
   NS_SS0892  3 0.2817 0.7166 0.0017 
   NS_SS0898  3 0.9187 0.0768 0.0045 
   NS_SS0801  3 0.1080 0.8821 0.0099 
   NS_SS0827  3 0.3470 0.5257 0.1273 
   NS_SS0853  3 0.1058 0.8880 0.0061 
   NS_SS0780  3 0.0433 0.9533 0.0035 
   NS_SS0826  3 0.3034 0.6929 0.0037 
   NS_SS0818  3 0.1026 0.8957 0.0017 
   NS_SS0745  3 0.0063 0.9924 0.0012 
   NS_SS0849  3 0.0584 0.9401 0.0015 
   NS_SS0739  3 0.1046 0.8833 0.0121 
   NS_SS0799  3 0.9825 0.0161 0.0013 
   NS_SS0756  3 0.0100 0.9868 0.0032 
   NS_SS0802  3 0.4045 0.3872 0.2083 
   NS_SS0747  3 0.8113 0.1823 0.0064 
   NS_SS0835  3 0.9746 0.0244 0.0010 
   NS_SS0742  3 0.1540 0.8449 0.0011 
   NS_SS0760  3 0.9439 0.0147 0.0414 
   NS_SS0803  3 0.0234 0.9701 0.0065 
   NS_SS0828  3 0.9292 0.0696 0.0011 
   NS_SS0865  3 0.1398 0.8358 0.0245 
   NS_SS0759  3 0.0141 0.9816 0.0043 
   NS_SS0851  3 0.0055 0.9835 0.0110 
   NS_SS0874  3 0.0214 0.9771 0.0015 
   NS_SS0761  3 0.9583 0.0392 0.0025 
   NS_SS0842  3 0.7800 0.2121 0.0080 
   NS_SS0785  3 0.7700 0.2253 0.0048 
   NS_SS0860  3 0.9584 0.0396 0.0020 
   NS_SS0897  3 0.9857 0.0128 0.0015 
   NS_SS0841  3 0.0160 0.9808 0.0033 
   NS_SS0797  3 0.8837 0.0918 0.0245 
   NS_SS0830  3 0.5772 0.4207 0.0021 
   NS_SS1011  3 0.0167 0.9776 0.0057 
   NS_SS0883  3 0.9186 0.0750 0.0065 
   NS_SS0782  3 0.1548 0.8431 0.0021 
   NS_SS0831  3 0.9767 0.0208 0.0025 
   NS_SS0749  3 0.9658 0.0308 0.0034 
   NS_SS0854  3 0.8879 0.1095 0.0026 
   HI_SS0193  4 0.9751 0.0236 0.0012 
   HI_SS0194  4 0.0252 0.9733 0.0015 
   HI_SS0195  4 0.0076 0.9068 0.0856 
   HI_SS0196  4 0.5304 0.4672 0.0024 
   HI_SS0197  4 0.0127 0.9762 0.0111 
   HI_SS0198  4 0.4506 0.5405 0.0089 
   HI_SS0199  4 0.9734 0.0238 0.0028 
   HI_SS0201  4 0.9905 0.0076 0.0019 
   HI_SS0215  4 0.9001 0.0962 0.0037 
   HI_SS0218  4 0.9872 0.0078 0.0050 
   HI_SS0222  4 0.0684 0.9270 0.0047 
   HI_SS0230  4 0.0329 0.9621 0.0050 
   HI_SS0234  4 0.4910 0.3532 0.1558 
   HI_SS0240  4 0.3212 0.6711 0.0077 
   HI_SS0241  4 0.9762 0.0220 0.0017 
   HI_SS0242  4 0.7183 0.2788 0.0029 
   HI_SS0247  4 0.0251 0.9575 0.0174 
   HI_SS0248  4 0.9933 0.0060 0.0007 
   HI_SS0252  4 0.0329 0.9653 0.0018 
   HI_SS0254  4 0.9042 0.0103 0.0855 
   HI_SS0256  4 0.0063 0.9924 0.0013 
   HI_SS0257  4 0.9848 0.0121 0.0031 
   HI_SS0258  4 0.9824 0.0140 0.0036 
   HI_SS0259  4 0.0492 0.9483 0.0026 
   HI_SS0260  4 0.9641 0.0344 0.0015 
   HI_SS0261  4 0.9432 0.0540 0.0029 
   HI_SS0262  4 0.0572 0.9366 0.0062 
   HI_SS0264  4 0.0155 0.9807 0.0038 
   HI_SS0265  4 0.0529 0.8511 0.0960 
   HI_SS0268  4 0.0444 0.9522 0.0034 
   HI_SS0269  4 0.9871 0.0113 0.0016 
   HI_SS0273  4 0.9565 0.0419 0.0016 
   HI_SS0277  4 0.1685 0.8292 0.0023 
   HI_SS0280  4 0.4535 0.5411 0.0054 
   HI_SS0282  4 0.9576 0.0411 0.0012 
   HI_SS0286  4 0.6905 0.3013 0.0082 
   NS_SS1252  5 0.9839 0.0124 0.0037 
   NS_SS1261  5 0.0780 0.9076 0.0144 
   NS_SS1225  5 0.6447 0.2536 0.1017 
   NS_SS1266  5 0.0104 0.9830 0.0066 
   NS_SS1228  5 0.0539 0.9345 0.0115 
   NS_SS1255  5 0.1210 0.8778 0.0012 
   NS_SS1267  5 0.9852 0.0054 0.0094 
   NS_SS1238  5 0.2348 0.7630 0.0022 
   NS_SS1233  5 0.0762 0.9219 0.0019 
   NS_SS1277  5 0.9825 0.0168 0.0007 
   NS_SS1245  5 0.9197 0.0783 0.0020 
   NS_SS1240  5 0.9723 0.0259 0.0018 
   NS_SS1275  5 0.0059 0.9916 0.0025 
   NS_SS1235  5 0.5911 0.4034 0.0055 
   NS_SS1263  5 0.0790 0.9200 0.0010 
   NS_SS1251  5 0.0884 0.9102 0.0014 
   NS_SS1248  5 0.1490 0.7516 0.0994 
   NS_SS1244  5 0.9334 0.0617 0.0049 
   NS_SS1257  5 0.9335 0.0389 0.0276 
   NS_SS1242  5 0.0056 0.9921 0.0023 
   NS_SS1271  5 0.9675 0.0093 0.0232 
   NS_SS1265  5 0.5530 0.4266 0.0204 
   NS_SS1243  5 0.0595 0.8606 0.0799 
   NS_SS1273  5 0.0135 0.9795 0.0070 
   NS_SS1254  5 0.3249 0.6683 0.0068 
   NS_SS1224  5 0.0187 0.9743 0.0071 
   NS_SS1227  5 0.9918 0.0066 0.0015 
   NS_SS1274  5 0.9421 0.0427 0.0151 
   NS_SS1241  5 0.9807 0.0183 0.0010 
   NS_SS1256  5 0.2050 0.7594 0.0356 
   NS_SS1260  5 0.8256 0.1052 0.0692 
   NS_SS1262  5 0.7699 0.0660 0.1640 
   NS_SS1230  5 0.8348 0.1579 0.0072 
   NS_SS1270  5 0.0389 0.9593 0.0018 
   NS_SS1229  5 0.2261 0.7700 0.0039 
   NS_SS1246  5 0.9553 0.0418 0.0029 
   NS_SS1269  5 0.2240 0.7737 0.0023 
   NS_SS1239  5 0.2224 0.7723 0.0053 
   NS_SS1272  5 0.0205 0.9732 0.0064 
   NS_SS1268  5 0.0759 0.9221 0.0021 
   NS_SS1249  5 0.9818 0.0084 0.0098 
   HI_SS0559  6 0.9178 0.0800 0.0022 
   HI_SS0563  6 0.4757 0.5209 0.0034 
   HI_SS0564  6 0.3323 0.6073 0.0603 
   HI_SS0565  6 0.6919 0.3048 0.0033 
   HI_SS0569  6 0.9821 0.0160 0.0019 
   HI_SS0570  6 0.9491 0.0160 0.0349 
   HI_SS0572  6 0.0388 0.9594 0.0019 
   HI_SS0576  6 0.1580 0.8367 0.0054 
   HI_SS0579  6 0.9531 0.0320 0.0148 
   HI_SS0580  6 0.7050 0.2903 0.0047 
   HI_SS0581  6 0.0203 0.9159 0.0639 
   HI_SS0583  6 0.5457 0.4516 0.0027 
   HI_SS0586  6 0.9858 0.0131 0.0011 
   HI_SS0588  6 0.9549 0.0299 0.0151 
   HI_SS0595  6 0.8950 0.0826 0.0224 
   HI_SS0596  6 0.0143 0.9841 0.0015 
   HI_SS0597  6 0.0109 0.9871 0.0021 
   HI_SS0600  6 0.6734 0.3226 0.0041 
   HI_SS0601  6 0.9101 0.0762 0.0137 
   HI_SS0602  6 0.9005 0.0972 0.0023 
   HI_SS0604  6 0.2387 0.7595 0.0018 
   HI_SS0605  6 0.8112 0.1816 0.0072 
   HI_SS0608  6 0.7958 0.2032 0.0010 
   HI_SS0609  6 0.0229 0.9763 0.0008 
   HI_SS0611  6 0.9032 0.0939 0.0029 
   HI_SS0612  6 0.9035 0.0893 0.0072 
   HI_SS0613  6 0.0940 0.9043 0.0017 
   HI_SS0615  6 0.0856 0.9035 0.0108 
   HI_SS0001  6 0.8152 0.1807 0.0042 
   HI_SS0002  6 0.0216 0.9575 0.0210 
   HI_SS0004  6 0.8491 0.1457 0.0052 
   HI_SS0005  6 0.2693 0.7250 0.0058 
   HI_SS0006  6 0.4522 0.5463 0.0015 
   HI_SS0007  6 0.9826 0.0151 0.0023 
   HI_SS0008  6 0.8073 0.1511 0.0416 
   HI_SS0009  6 0.2151 0.7800 0.0048 
   HI_SS0010  6 0.9498 0.0475 0.0027 
   HI_SS0011  6 0.0411 0.8762 0.0827 
   HI_SS0012  6 0.0620 0.9334 0.0046 
   HI_SS0017  6 0.0223 0.9760 0.0016 
   HI_SS0021  6 0.2354 0.5256 0.2391 
   HI_SS0024  6 0.0376 0.9605 0.0019 
   HI_SS0025  6 0.0309 0.9660 0.0031 
   HI_SS0027  6 0.9794 0.0100 0.0105 
   HI_SS0028  6 0.0068 0.9921 0.0011 
   HI_SS0029  6 0.0917 0.9006 0.0076 
   HI_SS0030  6 0.9815 0.0136 0.0050 
   HI_SS0031  6 0.8637 0.1329 0.0034 
   HI_SS0034  6 0.9895 0.0069 0.0036 
   HI_SS0036  6 0.9738 0.0134 0.0128 
   HI_SS0037  6 0.6128 0.3837 0.0034 
   HI_SS0039  6 0.9558 0.0413 0.0029 
   HI_SS0041  6 0.0170 0.9812 0.0017 
   HI_SS0042  6 0.0884 0.7809 0.1308 
   HI_SS0043  6 0.9900 0.0074 0.0026 
   HI_SS0044  6 0.2171 0.7803 0.0026 
   HI_SS0047  6 0.0864 0.9110 0.0026 
   HI_SS0049  6 0.1109 0.8852 0.0039 
   HI_SS0051  6 0.2319 0.7656 0.0025 
   HI_SS0053  6 0.9873 0.0091 0.0036 
   HI_SS0054  6 0.9877 0.0091 0.0031 
   HI_SS0057  6 0.5307 0.4658 0.0035 
   HI_SS0058  6 0.6118 0.3813 0.0069 
   HI_SS0060  6 0.8681 0.0513 0.0806 
   HI_SS0087  6 0.4194 0.5778 0.0029 
   HI_SS0091  6 0.9782 0.0207 0.0010 
   HI_SS0095  6 0.8547 0.0824 0.0629 
   HI_SS0097  6 0.4913 0.5044 0.0044 
   HI_SS0099  6 0.0140 0.9824 0.0036 
   HI_SS0103  6 0.0927 0.9040 0.0032 
   HI_SS0105  6 0.0779 0.8955 0.0265 
   HI_SS0107  6 0.0120 0.9872 0.0008 
   HI_SS0108  6 0.9789 0.0043 0.0168 
   HI_SS0110  6 0.7441 0.2546 0.0013 
   HI_SS0111  6 0.0761 0.8994 0.0245 
   HI_SS0112  6 0.9923 0.0065 0.0011 
   HI_SS0113  6 0.0077 0.9892 0.0031 
   HI_SS0114  6 0.9664 0.0287 0.0048 
   HI_SS0115  6 0.7603 0.2254 0.0144 
   HI_SS0116  6 0.8601 0.1367 0.0032 
   HI_SS0117  6 0.8746 0.1232 0.0022 
   HI_SS0118  6 0.5557 0.4346 0.0097 
   HI_SS0119  6 0.9776 0.0203 0.0020 
   HI_SS0120  6 0.0107 0.9868 0.0026 
   HI_SS0121  6 0.0120 0.9869 0.0011 
   HI_SS0122  6 0.0908 0.8878 0.0213 
   HI_SS0123  6 0.3410 0.6549 0.0041 
   HI_SS0124  6 0.0145 0.9829 0.0026 
   HI_SS0125  6 0.0613 0.8938 0.0448 
   HI_SS0126  6 0.9885 0.0108 0.0008 
   HI_SS0127  6 0.8212 0.1693 0.0095 
   HI_SS0128  6 0.6146 0.3828 0.0026 
   HI_SS0129  6 0.5158 0.4731 0.0111 
   HI_SS0131  6 0.6089 0.3556 0.0355 
   HI_SS0132  6 0.5462 0.4532 0.0006 
   HI_SS0133  6 0.9941 0.0048 0.0011 
   HI_SS0134  6 0.7875 0.2111 0.0015 
   HI_SS0142  6 0.1858 0.7952 0.0191 
   HI_SS0145  6 0.9213 0.0775 0.0012 
   HI_SS0146  6 0.9620 0.0370 0.0011 
   HI_SS0147  6 0.0098 0.9721 0.0181 
   HI_SS0149  6 0.4676 0.5279 0.0045 
   HI_SS0150  6 0.0223 0.9738 0.0039 
   HI_SS0151  6 0.9080 0.0780 0.0139 
   NS_SS1451  6 0.0143 0.9825 0.0032 
   NS_SS1404  6 0.0153 0.9762 0.0085 
   NS_SS1432  6 0.0100 0.9615 0.0285 
   NS_SS1405  6 0.1180 0.8792 0.0028 
   NS_SS1431  6 0.0268 0.9723 0.0008 
   NS_SS1402  6 0.1532 0.8444 0.0024 
   NS_SS1450  6 0.9126 0.0835 0.0040 
   NS_SS1396  6 0.0276 0.9668 0.0055 
   NS_SS1393  6 0.4446 0.5511 0.0043 
   NS_SS1392  6 0.1190 0.8652 0.0158 
   NS_SS1445  6 0.9447 0.0477 0.0076 
   NS_SS1423  6 0.9542 0.0447 0.0012 
   NS_SS1421  6 0.7355 0.1688 0.0958 
   NS_SS1411  6 0.9463 0.0519 0.0017 
   NS_SS1453  6 0.7725 0.2207 0.0068 
   NS_SS1442  6 0.1677 0.8288 0.0034 
   NS_SS1422  6 0.8344 0.1533 0.0123 
   NS_SS1419  6 0.0635 0.7782 0.1583 
   NS_SS1427  6 0.9931 0.0051 0.0018 
   NS_SS1444  6 0.0317 0.9649 0.0034 
   NS_SS1455  6 0.0078 0.9912 0.0010 
   NS_SS1425  6 0.9893 0.0091 0.0016 
   NS_SS1400  6 0.8929 0.1058 0.0014 
   NS_SS1406  6 0.0199 0.9707 0.0094 
   NS_SS1417  6 0.1284 0.8650 0.0065 
   NS_SS1454  6 0.3002 0.6987 0.0012 
   NS_SS1412  6 0.5710 0.4060 0.0230 
   NS_SS1438  6 0.9860 0.0127 0.0013 
   NS_SS1416  6 0.0146 0.9803 0.0051 
   NS_SS1401  6 0.1025 0.8868 0.0107 
   NS_SS1424  6 0.6333 0.3531 0.0135 
   NS_SS1435  6 0.7727 0.2246 0.0027 
   NS_SS1447  6 0.0105 0.9844 0.0051 
   NS_SS1414  6 0.0101 0.9834 0.0065 
   NS_SS1449  6 0.6533 0.3431 0.0036 
   NS_SS1443  6 0.9927 0.0055 0.0018 
   NS_SS1434  6 0.8506 0.1487 0.0006 
   NS_SS1398  6 0.5352 0.4401 0.0247 
   NS_SS1426  6 0.9866 0.0112 0.0022 
   NS_SS1413  6 0.9812 0.0106 0.0081 
   NS_SS1395  6 0.9723 0.0184 0.0093 
   NS_SS1448  6 0.8626 0.1358 0.0016 
   NS_SS1446  6 0.3590 0.6380 0.0030 
   NS_SS1403  6 0.2628 0.7313 0.0059 
   NS_SS1415  6 0.9813 0.0116 0.0072 
   NS_SS1437  6 0.2641 0.7278 0.0081 
   NS_SS1439  6 0.0921 0.9056 0.0023 
   NS_SS1441  6 0.9648 0.0331 0.0021 
   NS_SS1420  6 0.0107 0.9865 0.0028 
   NS_SS1394  6 0.0338 0.9305 0.0358 
   NS_SS1391  6 0.8034 0.1845 0.0121 
   NS_SS1410  6 0.3425 0.6423 0.0152 
   NS_SS1408  6 0.7009 0.2406 0.0585 
   NS_SS1409  6 0.3274 0.6702 0.0024 
   HI_SS0617  7 0.6022 0.3964 0.0014 
   HI_SS0618  7 0.1547 0.8428 0.0025 
   HI_SS0619  7 0.1237 0.8728 0.0034 
   HI_SS0620  7 0.9901 0.0077 0.0022 
   HI_SS0621  7 0.0834 0.9016 0.0150 
   HI_SS0622  7 0.5267 0.4624 0.0109 
   HI_SS0626  7 0.1779 0.8137 0.0083 
   HI_SS0627  7 0.0103 0.9825 0.0071 
   HI_SS0628  7 0.4222 0.5287 0.0492 
   HI_SS0629  7 0.4164 0.5774 0.0061 
   HI_SS0630  7 0.8872 0.0648 0.0479 
   HI_SS0631  7 0.9834 0.0158 0.0008 
   HI_SS0632  7 0.5753 0.4222 0.0026 
   HI_SS0633  7 0.0143 0.9827 0.0030 
   HI_SS0634  7 0.2283 0.7699 0.0017 
   HI_SS0635  7 0.0776 0.9135 0.0089 
   HI_SS0637  7 0.2231 0.7737 0.0032 
   HI_SS0638  7 0.4941 0.5046 0.0013 
   HI_SS0639  7 0.0247 0.9412 0.0341 
   HI_SS0640  7 0.9366 0.0617 0.0016 
   HI_SS0641  7 0.9589 0.0358 0.0053 
   HI_SS0642  7 0.4861 0.5117 0.0023 
   HI_SS0645  7 0.0100 0.9891 0.0008 
   HI_SS0646  7 0.6388 0.3585 0.0027 
   HI_SS0647  7 0.5656 0.4334 0.0011 
   HI_SS0648  7 0.8266 0.1702 0.0032 
   HI_SS0649  7 0.0864 0.9115 0.0021 
   HI_SS0650  7 0.1185 0.8774 0.0041 
   HI_SS0651  7 0.9239 0.0721 0.0039 
   HI_SS0652  7 0.0227 0.9742 0.0031 
   NS_SS1371  7 0.9752 0.0185 0.0063 
   NS_SS1374  7 0.8584 0.1389 0.0027 
   NS_SS1337  7 0.0114 0.9858 0.0027 
   NS_SS1385  7 0.3327 0.6622 0.0051 
   NS_SS1388  7 0.0583 0.9354 0.0063 
   NS_SS1370  7 0.2417 0.7476 0.0107 
   NS_SS1389  7 0.0152 0.9820 0.0028 
   NS_SS1360  7 0.9553 0.0405 0.0041 
   NS_SS1330  7 0.0149 0.9817 0.0034 
   NS_SS1328  7 0.9739 0.0243 0.0017 
   NS_SS1384  7 0.9677 0.0285 0.0038 
   NS_SS1381  7 0.0403 0.9588 0.0009 
   NS_SS1375  7 0.0359 0.9632 0.0009 
   NS_SS1319  7 0.6653 0.2192 0.1154 
   NS_SS1326  7 0.9101 0.0805 0.0094 
   NS_SS1341  7 0.5157 0.4795 0.0049 
   NS_SS1383  7 0.7416 0.2539 0.0045 
   NS_SS1318  7 0.1662 0.8193 0.0145 
   NS_SS1348  7 0.9918 0.0070 0.0012 
   NS_SS1363  7 0.0736 0.9216 0.0047 
   NS_SS1335  7 0.9657 0.0088 0.0255 
   NS_SS1358  7 0.9481 0.0390 0.0129 
   NS_SS1342  7 0.8644 0.1342 0.0013 
   NS_SS1320  7 0.0065 0.9885 0.0050 
   NS_SS1355  7 0.0288 0.9608 0.0104 
   NS_SS1345  7 0.5286 0.4511 0.0204 
   NS_SS1324  7 0.9483 0.0490 0.0027 
   NS_SS1347  7 0.9565 0.0400 0.0035 
   NS_SS1321  7 0.6901 0.3089 0.0011 
   NS_SS1333  7 0.6001 0.3969 0.0030 
   NS_SS1364  7 0.9155 0.0822 0.0023 
   NS_SS1379  7 0.1106 0.8408 0.0487 
   NS_SS1332  7 0.9862 0.0085 0.0053 
   NS_SS1338  7 0.8267 0.1667 0.0066 
   NS_SS1368  7 0.8384 0.1570 0.0046 
   NS_SS1354  7 0.0692 0.9207 0.0101 
   NS_SS1365  7 0.1675 0.8235 0.0090 
   NS_SS1380  7 0.0132 0.9662 0.0206 
   NS_SS1329  7 0.7222 0.2750 0.0028 
   NS_SS1362  7 0.5339 0.4613 0.0047 
   NS_SS1327  7 0.9926 0.0045 0.0029 
   NS_SS1350  7 0.9493 0.0410 0.0096 
   NS_SS1387  7 0.0364 0.9609 0.0026 
   NS_SS1369  7 0.9515 0.0451 0.0034 
   NS_SS1331  7 0.0625 0.9294 0.0081 
   NS_SS1357  7 0.8311 0.1655 0.0034 
   NS_SS1386  7 0.9923 0.0051 0.0026 
   NS_SS1353  7 0.0595 0.9377 0.0028 
   NS_SS1323  7 0.1030 0.8232 0.0738 
   HI_SS0296  8 0.9688 0.0293 0.0019 
   HI_SS0297  8 0.6462 0.3529 0.0009 
   HI_SS0299  8 0.6510 0.3130 0.0360 
   HI_SS0300  8 0.7522 0.2462 0.0016 
   HI_SS0301  8 0.3110 0.6851 0.0039 
   HI_SS0302  8 0.9650 0.0156 0.0195 
   HI_SS0303  8 0.9725 0.0231 0.0044 
   HI_SS0304  8 0.0326 0.9654 0.0020 
   HI_SS0306  8 0.9900 0.0072 0.0028 
   HI_SS0307  8 0.0149 0.9781 0.0070 
   HI_SS0308  8 0.4643 0.4441 0.0917 
   HI_SS0309  8 0.1539 0.8431 0.0029 
   HI_SS0310  8 0.3223 0.6722 0.0055 
   HI_SS0311  8 0.2354 0.7625 0.0021 
   HI_SS0314  8 0.7053 0.2934 0.0013 
   HI_SS0316  8 0.8685 0.1281 0.0034 
   HI_SS0317  8 0.3068 0.6909 0.0023 
   HI_SS0318  8 0.7587 0.0405 0.2008 
   HI_SS0319  8 0.9904 0.0064 0.0032 
   HI_SS0320  8 0.0130 0.9860 0.0010 
   HI_SS0321  8 0.9482 0.0500 0.0017 
   HI_SS0323  8 0.3646 0.6338 0.0016 
   HI_SS0325  8 0.8942 0.1044 0.0015 
   HI_SS0327  8 0.9930 0.0059 0.0011 
   HI_SS0329  8 0.0722 0.9265 0.0013 
   HI_SS0333  8 0.1938 0.8035 0.0027 
   HI_SS0334  8 0.9686 0.0302 0.0012 
   HI_SS0335  8 0.0957 0.8837 0.0205 
   HI_SS0339  8 0.0552 0.9344 0.0104 
   HI_SS0343  8 0.1468 0.8515 0.0018 
   HI_SS0344  8 0.9934 0.0045 0.0021 
   HI_SS0345  8 0.0725 0.9206 0.0069 
   HI_SS0346  8 0.1413 0.8557 0.0029 
   HI_SS0350  8 0.0068 0.9847 0.0086 
   HI_SS0351  8 0.2453 0.7518 0.0029 
   HI_SS0352  8 0.0303 0.8817 0.0880 
   HI_SS0362  8 0.9114 0.0864 0.0022 
   HI_SS0363  8 0.9814 0.0155 0.0031 
   HI_SS0365  8 0.9293 0.0658 0.0049 
   HI_SS0366  8 0.9779 0.0209 0.0013 
   HI_SS0367  8 0.0071 0.9910 0.0019 
   HI_SS0369  8 0.0157 0.9824 0.0019 
   HI_SS0370  8 0.9295 0.0670 0.0034 
   HI_SS0371  8 0.9442 0.0522 0.0036 
   HI_SS0373  8 0.3088 0.6808 0.0104 
   HI_SS0374  8 0.0199 0.9556 0.0245 
   HI_SS0377  8 0.8849 0.0285 0.0866 
   HI_SS0379  8 0.9955 0.0036 0.0009 
   HI_SS0380  8 0.0764 0.9179 0.0057 
   HI_SS0381  8 0.0164 0.9797 0.0038 
   HI_SS0384  8 0.8934 0.0996 0.0071 
   HI_SS0385  8 0.3505 0.6484 0.0012 
   HI_SS0386  9 0.0014 0.0014 0.9972 
   HI_SS0387  9 0.0124 0.0135 0.9741 
   HI_SS0389  9 0.0034 0.0039 0.9927 
   HI_SS0390  9 0.0021 0.0016 0.9963 
   HI_SS0391  9 0.0017 0.0027 0.9956 
   HI_SS0392  9 0.0019 0.0013 0.9968 
   HI_SS0393  9 0.0015 0.0013 0.9972 
   HI_SS0394  9 0.0012 0.0014 0.9973 
   HI_SS0395  9 0.0031 0.0036 0.9934 
   HI_SS0396  9 0.0072 0.0136 0.9792 
   HI_SS0398  9 0.0054 0.0064 0.9883 
   HI_SS0399  9 0.0010 0.0013 0.9977 
   HI_SS0400  9 0.0018 0.0019 0.9963 
   HI_SS0401  9 0.0013 0.0016 0.9971 
   HI_SS0402  9 0.0013 0.0012 0.9975 
   HI_SS0403  9 0.0014 0.0013 0.9973 
   HI_SS0404  9 0.0012 0.0013 0.9976 
   HI_SS0405  9 0.0164 0.0182 0.9654 
   HI_SS0406  9 0.0019 0.0023 0.9957 
   HI_SS0407  9 0.0065 0.0076 0.9859 
   HI_SS0408  9 0.0012 0.0012 0.9976 
   HI_SS0409  9 0.0028 0.0029 0.9943 
   HI_SS0411  9 0.0029 0.0023 0.9948 
   HI_SS0412  9 0.0791 0.1046 0.8163 
   HI_SS0413  9 0.0021 0.0020 0.9959 
   HI_SS0414  9 0.0132 0.0228 0.9640 
   HI_SS0415  9 0.0023 0.0016 0.9960 
   HI_SS0416  9 0.0035 0.0031 0.9934 
   HI_SS0418  9 0.0047 0.0036 0.9917 
   HI_SS0419  9 0.0027 0.0036 0.9937 
   HI_SS0420  9 0.0025 0.0019 0.9957 
   HI_SS0421  9 0.0036 0.0046 0.9918 
   HI_SS0422  9 0.0015 0.0016 0.9969 
   HI_SS0423  9 0.0039 0.0042 0.9919 
   HI_SS0424  9 0.0014 0.0016 0.9970 
   HI_SS0425  9 0.0023 0.0038 0.9939 
   NS_SS1146 10 0.0025 0.0019 0.9956 
   NS_SS1157 10 0.0065 0.0065 0.9870 
   NS_SS1144 10 0.0206 0.0184 0.9610 
   NS_SS1074 10 0.0031 0.0029 0.9940 
   NS_SS1122 10 0.0045 0.0038 0.9918 
   NS_SS1136 10 0.0010 0.0011 0.9979 
   NS_SS1077 10 0.0007 0.0007 0.9986 
   NS_SS1134 10 0.0091 0.0152 0.9757 
   NS_SS1091 10 0.0019 0.0024 0.9957 
   NS_SS1089 10 0.0028 0.0025 0.9947 
   NS_SS1123 10 0.0015 0.0014 0.9971 
   NS_SS1158 10 0.0011 0.0009 0.9980 
   NS_SS1093 10 0.0021 0.0020 0.9959 
   NS_SS1102 10 0.0042 0.0066 0.9891 
   NS_SS1056 10 0.0016 0.0018 0.9966 
   NS_SS1126 10 0.0027 0.0028 0.9945 
   NS_SS1058 10 0.0035 0.0035 0.9930 
   NS_SS1084 10 0.0012 0.0013 0.9975 
   NS_SS1095 10 0.0069 0.0044 0.9888 
   NS_SS1079 10 0.0016 0.0014 0.9970 
   NS_SS1149 10 0.0029 0.0024 0.9947 
   NS_SS1121 10 0.0014 0.0015 0.9972 
   NS_SS1067 10 0.0038 0.0067 0.9896 
   NS_SS1081 10 0.0022 0.0024 0.9954 
   NS_SS1130 10 0.0027 0.0034 0.9940 
   NS_SS1073 10 0.0022 0.0022 0.9956 
   NS_SS1133 10 0.0032 0.0119 0.9849 
   NS_SS1129 10 0.0014 0.0015 0.9971 
   NS_SS1085 10 0.0023 0.0017 0.9960 
   NS_SS1137 10 0.0035 0.0037 0.9928 
   NS_SS1135 10 0.0010 0.0011 0.9979 
   NS_SS1082 10 0.0014 0.0015 0.9971 
   NS_SS1125 10 0.0010 0.0012 0.9978 
   NS_SS1124 10 0.0059 0.0067 0.9874 
   NS_SS1155 10 0.0086 0.0061 0.9853 
   NS_SS1145 10 0.0018 0.0015 0.9967 
