

----------------------------------------------------
STRUCTURE by Pritchard, Stephens and Donnelly (2000)
     and Falush, Stephens and Pritchard (2003)
       Code by Pritchard, Falush and Hubisz
             Version 2.3.4 (Jul 2012)
----------------------------------------------------



Command line arguments:   /home/genobiwan/Documents/Programs/Structure/structure -m parameter_job_k6_r3 
Input File:    /media/genobiwan/Storage/Projets/Mackerel_NWA_2021/data_job_k6_r3

Run parameters:
   629 individuals
   4140 loci
   6 populations assumed
   10000 Burn-in period
   100000 Reps


--------------------------------------------
Proportion of membership of each pre-defined
 population in each of the 6 clusters

Given    Inferred Clusters                            Number of
 Pop       1      2      3      4      5      6      Individuals

  1:     0.206  0.128  0.259  0.016  0.213  0.178       67
  2:     0.165  0.163  0.216  0.014  0.259  0.183       32
  3:     0.209  0.159  0.194  0.018  0.246  0.174       92
  4:     0.153  0.286  0.133  0.020  0.188  0.220       36
  5:     0.195  0.201  0.164  0.025  0.253  0.163       41
  6:     0.203  0.195  0.182  0.017  0.188  0.215      158
  7:     0.187  0.200  0.187  0.014  0.193  0.218       79
  8:     0.250  0.192  0.181  0.017  0.191  0.169       52
  9:     0.006  0.006  0.006  0.967  0.007  0.008       36
 10:     0.005  0.005  0.006  0.972  0.006  0.005       36
--------------------------------------------

Allele-freq. divergence among pops (Net nucleotide distance),
computed using point estimates of P.

      1       2       3       4       5       6      
 1      -    0.0003  0.0003  0.0051  0.0003  0.0003  
 2   0.0003     -    0.0003  0.0053  0.0004  0.0003  
 3   0.0003  0.0003     -    0.0050  0.0003  0.0003  
 4   0.0051  0.0053  0.0050     -    0.0051  0.0050  
 5   0.0003  0.0004  0.0003  0.0051     -    0.0003  
 6   0.0003  0.0003  0.0003  0.0050  0.0003     -    

Average distances (expected heterozygosity) between individuals in same cluster:
cluster  1  : 0.3186 
cluster  2  : 0.3184 
cluster  3  : 0.3181 
cluster  4  : 0.3052 
cluster  5  : 0.3184 
cluster  6  : 0.3183 

--------------------------------------------
Estimated Ln Prob of Data   = -2500070.6
Mean value of ln likelihood = -2464502.7
Variance of ln likelihood   = 71135.8
Mean value of alpha         = 0.0654

Mean value of Fst_1         = 0.0041
Mean value of Fst_2         = 0.0046
Mean value of Fst_3         = 0.0041
Mean value of Fst_4         = 0.0395
Mean value of Fst_5         = 0.0038
Mean value of Fst_6         = 0.0038


Inferred ancestry of individuals:
        Label (%Miss) Pop:  Inferred clusters
  1 NS_SS0963    (4)    1 :  0.069 0.010 0.013 0.005 0.406 0.496 
  2 NS_SS0983    (1)    1 :  0.963 0.007 0.007 0.006 0.008 0.010 
  3 NS_SS0719    (9)    1 :  0.483 0.034 0.114 0.010 0.034 0.325 
  4 NS_SS1001    (8)    1 :  0.058 0.167 0.701 0.011 0.024 0.039 
  5 NS_SS0936    (4)    1 :  0.015 0.038 0.043 0.004 0.856 0.044 
  6 NS_SS0955    (6)    1 :  0.606 0.092 0.044 0.006 0.113 0.139 
  7 NS_SS0944    (3)    1 :  0.118 0.563 0.017 0.003 0.204 0.095 
  8 NS_SS0945    (3)    1 :  0.024 0.816 0.089 0.012 0.020 0.039 
  9 NS_SS0922    (2)    1 :  0.035 0.037 0.219 0.038 0.126 0.544 
 10 NS_SS0929    (7)    1 :  0.145 0.254 0.129 0.006 0.427 0.040 
 11 NS_SS0956    (1)    1 :  0.026 0.080 0.616 0.008 0.041 0.228 
 12 NS_SS0906    (3)    1 :  0.084 0.013 0.024 0.005 0.832 0.041 
 13 NS_SS0721    (6)    1 :  0.743 0.019 0.141 0.009 0.020 0.068 
 14 NS_SS0982    (4)    1 :  0.018 0.023 0.240 0.022 0.610 0.086 
 15 NS_SS0923    (6)    1 :  0.045 0.038 0.798 0.007 0.069 0.042 
 16 NS_SS0905    (6)    1 :  0.215 0.080 0.663 0.003 0.027 0.011 
 17 NS_SS0925    (3)    1 :  0.032 0.011 0.137 0.007 0.798 0.014 
 18 NS_SS0947    (6)    1 :  0.011 0.036 0.036 0.008 0.814 0.095 
 19 NS_SS0926    (2)    1 :  0.574 0.355 0.035 0.002 0.009 0.025 
 20 NS_SS0918    (6)    1 :  0.169 0.017 0.360 0.004 0.072 0.378 
 21 NS_SS0966    (4)    1 :  0.109 0.104 0.083 0.063 0.483 0.158 
 22 NS_SS0938    (2)    1 :  0.013 0.019 0.024 0.003 0.038 0.905 
 23 NS_SS0917    (2)    1 :  0.056 0.058 0.602 0.053 0.034 0.197 
 24 NS_SS0957   (11)    1 :  0.013 0.029 0.818 0.010 0.087 0.043 
 25 NS_SS0987    (1)    1 :  0.187 0.005 0.560 0.228 0.010 0.010 
 26 NS_SS0717    (4)    1 :  0.059 0.008 0.743 0.003 0.175 0.012 
 27 NS_SS0986    (2)    1 :  0.198 0.034 0.612 0.007 0.090 0.059 
 28 NS_SS0953    (3)    1 :  0.006 0.033 0.019 0.018 0.917 0.006 
 29 NS_SS0907    (3)    1 :  0.189 0.022 0.059 0.056 0.660 0.013 
 30 NS_SS0974    (6)    1 :  0.055 0.791 0.022 0.005 0.066 0.061 
 31 NS_SS0989    (1)    1 :  0.139 0.202 0.052 0.002 0.089 0.515 
 32 NS_SS0991    (3)    1 :  0.922 0.022 0.024 0.004 0.021 0.007 
 33 NS_SS0994    (2)    1 :  0.187 0.741 0.006 0.003 0.012 0.051 
 34 NS_SS0931    (6)    1 :  0.873 0.043 0.033 0.012 0.010 0.028 
 35 NS_SS1000    (5)    1 :  0.013 0.077 0.157 0.008 0.733 0.011 
 36 NS_SS0919    (1)    1 :  0.855 0.013 0.016 0.005 0.087 0.024 
 37 NS_SS0949    (4)    1 :  0.168 0.758 0.011 0.002 0.015 0.046 
 38 NS_SS0960   (10)    1 :  0.078 0.194 0.620 0.010 0.043 0.054 
 39 NS_SS0716    (2)    1 :  0.006 0.015 0.955 0.009 0.012 0.004 
 40 NS_SS0924    (8)    1 :  0.602 0.031 0.192 0.028 0.062 0.084 
 41 NS_SS0935    (2)    1 :  0.861 0.035 0.063 0.014 0.019 0.008 
 42 NS_SS0952   (14)    1 :  0.359 0.065 0.357 0.052 0.112 0.056 
 43 NS_SS0962   (11)    1 :  0.056 0.010 0.086 0.012 0.201 0.635 
 44 NS_SS0973    (5)    1 :  0.471 0.046 0.017 0.008 0.437 0.021 
 45 NS_SS0722    (1)    1 :  0.014 0.041 0.051 0.004 0.878 0.012 
 46 NS_SS0979   (13)    1 :  0.045 0.016 0.848 0.003 0.059 0.029 
 47 NS_SS0993    (2)    1 :  0.222 0.039 0.122 0.031 0.303 0.284 
 48 NS_SS0958    (1)    1 :  0.031 0.155 0.740 0.004 0.033 0.035 
 49 NS_SS0988    (4)    1 :  0.099 0.008 0.049 0.008 0.410 0.426 
 50 NS_SS1003    (2)    1 :  0.011 0.005 0.012 0.009 0.010 0.953 
 51 NS_SS0976    (1)    1 :  0.246 0.048 0.033 0.002 0.084 0.586 
 52 NS_SS0964   (10)    1 :  0.031 0.238 0.494 0.005 0.214 0.018 
 53 NS_SS0939    (4)    1 :  0.005 0.030 0.904 0.006 0.006 0.050 
 54 NS_SS0990    (6)    1 :  0.036 0.055 0.084 0.006 0.046 0.772 
 55 NS_SS0984    (2)    1 :  0.036 0.027 0.263 0.005 0.060 0.608 
 56 NS_SS0980   (10)    1 :  0.024 0.214 0.032 0.003 0.705 0.021 
 57 NS_SS0978    (4)    1 :  0.032 0.531 0.114 0.006 0.283 0.034 
 58 NS_SS0951   (18)    1 :  0.472 0.032 0.422 0.005 0.041 0.027 
 59 NS_SS0913    (3)    1 :  0.016 0.045 0.679 0.049 0.025 0.186 
 60 NS_SS1002    (1)    1 :  0.008 0.009 0.022 0.049 0.737 0.176 
 61 NS_SS0948    (1)    1 :  0.101 0.036 0.694 0.063 0.070 0.037 
 62 NS_SS0916    (4)    1 :  0.027 0.051 0.121 0.008 0.015 0.779 
 63 NS_SS0995    (1)    1 :  0.043 0.079 0.351 0.005 0.026 0.496 
 64 NS_SS0927    (6)    1 :  0.346 0.219 0.044 0.009 0.050 0.331 
 65 NS_SS0992    (5)    1 :  0.019 0.585 0.020 0.005 0.204 0.167 
 66 NS_SS0912    (1)    1 :  0.875 0.035 0.061 0.004 0.014 0.011 
 67 NS_SS0981    (1)    1 :  0.176 0.035 0.613 0.005 0.059 0.112 
 68 NS_SS0729    (5)    2 :  0.191 0.681 0.009 0.006 0.090 0.023 
 69 NS_SS0967   (15)    2 :  0.109 0.033 0.329 0.018 0.332 0.179 
 70 NS_SS0941    (8)    2 :  0.047 0.171 0.367 0.097 0.118 0.200 
 71 NS_SS0768   (12)    2 :  0.021 0.016 0.047 0.007 0.883 0.026 
 72 NS_SS0726    (5)    2 :  0.066 0.044 0.008 0.012 0.044 0.825 
 73 NS_SS0763    (4)    2 :  0.691 0.041 0.125 0.003 0.088 0.052 
 74 NS_SS0730    (6)    2 :  0.025 0.025 0.133 0.007 0.076 0.734 
 75 NS_SS0774    (2)    2 :  0.009 0.131 0.063 0.001 0.721 0.075 
 76 NS_SS0723    (3)    2 :  0.047 0.014 0.148 0.003 0.653 0.135 
 77 NS_SS0940   (10)    2 :  0.114 0.239 0.404 0.012 0.020 0.212 
 78 NS_SS0762    (1)    2 :  0.012 0.105 0.669 0.005 0.121 0.089 
 79 NS_SS0766   (11)    2 :  0.082 0.171 0.658 0.018 0.024 0.046 
 80 NS_SS0724    (1)    2 :  0.064 0.028 0.199 0.008 0.671 0.030 
 81 NS_SS0769    (3)    2 :  0.155 0.026 0.294 0.006 0.386 0.133 
 82 NS_SS0777    (1)    2 :  0.827 0.066 0.032 0.019 0.033 0.024 
 83 NS_SS0734    (6)    2 :  0.105 0.550 0.233 0.039 0.025 0.047 
 84 NS_SS0737    (3)    2 :  0.007 0.055 0.150 0.010 0.245 0.532 
 85 NS_SS0732    (5)    2 :  0.041 0.037 0.763 0.008 0.068 0.083 
 86 NS_SS0728    (5)    2 :  0.454 0.101 0.182 0.020 0.059 0.184 
 87 NS_SS0735    (9)    2 :  0.043 0.086 0.022 0.017 0.798 0.033 
 88 NS_SS0725    (1)    2 :  0.026 0.259 0.063 0.015 0.102 0.534 
 89 NS_SS0788    (2)    2 :  0.194 0.017 0.047 0.003 0.436 0.303 
 90 NS_SS0778    (2)    2 :  0.595 0.123 0.020 0.003 0.062 0.197 
 91 NS_SS0792    (6)    2 :  0.035 0.169 0.363 0.010 0.235 0.188 
 92 NS_SS0943   (11)    2 :  0.219 0.198 0.032 0.011 0.506 0.033 
 93 NS_SS0791    (2)    2 :  0.026 0.092 0.056 0.021 0.009 0.796 
 94 NS_SS0790    (5)    2 :  0.007 0.008 0.121 0.007 0.851 0.007 
 95 NS_SS0731    (6)    2 :  0.190 0.012 0.455 0.021 0.307 0.016 
 96 NS_SS0727    (7)    2 :  0.077 0.840 0.037 0.003 0.024 0.018 
 97 NS_SS0779   (13)    2 :  0.776 0.047 0.052 0.010 0.065 0.048 
 98 NS_SS0776    (3)    2 :  0.021 0.722 0.031 0.012 0.176 0.038 
 99 NS_SS0775    (5)    2 :  0.008 0.103 0.783 0.013 0.071 0.022 
100 NS_SS0965    (3)    3 :  0.653 0.022 0.136 0.003 0.115 0.071 
101 NS_SS0754   (14)    3 :  0.596 0.200 0.065 0.019 0.042 0.077 
102 NS_SS0838    (5)    3 :  0.090 0.048 0.338 0.058 0.047 0.419 
103 NS_SS0839    (3)    3 :  0.007 0.039 0.547 0.006 0.337 0.064 
104 NS_SS0832    (4)    3 :  0.034 0.011 0.034 0.053 0.803 0.064 
105 NS_SS0820    (5)    3 :  0.018 0.013 0.231 0.013 0.155 0.570 
106 NS_SS0886    (9)    3 :  0.559 0.134 0.085 0.003 0.096 0.123 
107 NS_SS0748    (5)    3 :  0.600 0.056 0.099 0.015 0.203 0.027 
108 NS_SS0884    (9)    3 :  0.028 0.202 0.044 0.038 0.586 0.103 
109 NS_SS0752    (4)    3 :  0.035 0.298 0.090 0.003 0.469 0.105 
110 NS_SS0862    (1)    3 :  0.082 0.008 0.300 0.006 0.103 0.500 
111 NS_SS0787    (9)    3 :  0.454 0.427 0.025 0.010 0.042 0.043 
112 NS_SS0843    (6)    3 :  0.669 0.031 0.069 0.003 0.213 0.015 
113 NS_SS0856    (4)    3 :  0.029 0.118 0.030 0.006 0.168 0.649 
114 NS_SS0846    (2)    3 :  0.142 0.028 0.022 0.005 0.756 0.047 
115 NS_SS0825    (1)    3 :  0.046 0.018 0.038 0.015 0.142 0.741 
116 NS_SS0757    (3)    3 :  0.712 0.053 0.104 0.006 0.068 0.057 
117 NS_SS0876    (3)    3 :  0.015 0.428 0.026 0.242 0.172 0.118 
118 NS_SS0903   (10)    3 :  0.011 0.012 0.012 0.005 0.953 0.006 
119 NS_SS0875    (7)    3 :  0.227 0.054 0.649 0.007 0.020 0.043 
120 NS_SS0740    (5)    3 :  0.554 0.058 0.146 0.005 0.212 0.025 
121 NS_SS0811    (5)    3 :  0.013 0.011 0.942 0.012 0.012 0.011 
122 NS_SS0751    (1)    3 :  0.070 0.102 0.486 0.004 0.027 0.312 
123 NS_SS0891    (6)    3 :  0.023 0.080 0.568 0.011 0.218 0.100 
124 NS_SS0867    (2)    3 :  0.578 0.037 0.015 0.045 0.307 0.018 
125 NS_SS0890    (6)    3 :  0.604 0.029 0.199 0.007 0.048 0.113 
126 NS_SS0866   (12)    3 :  0.033 0.832 0.020 0.008 0.009 0.099 
127 NS_SS0755    (4)    3 :  0.258 0.043 0.215 0.013 0.299 0.172 
128 NS_SS0758    (4)    3 :  0.784 0.048 0.039 0.004 0.076 0.049 
129 NS_SS0840    (2)    3 :  0.027 0.013 0.582 0.004 0.195 0.178 
130 NS_SS0889    (4)    3 :  0.146 0.704 0.055 0.004 0.038 0.053 
131 NS_SS1010    (1)    3 :  0.041 0.049 0.407 0.048 0.374 0.081 
132 NS_SS0888    (5)    3 :  0.011 0.962 0.010 0.003 0.006 0.008 
133 NS_SS0837    (3)    3 :  0.200 0.033 0.092 0.005 0.551 0.119 
134 NS_SS0794   (10)    3 :  0.017 0.902 0.051 0.004 0.017 0.010 
135 NS_SS0823    (5)    3 :  0.037 0.102 0.013 0.007 0.518 0.322 
136 NS_SS0829    (7)    3 :  0.639 0.045 0.128 0.132 0.032 0.023 
137 NS_SS0844    (5)    3 :  0.007 0.011 0.014 0.002 0.956 0.009 
138 NS_SS1008    (6)    3 :  0.127 0.643 0.104 0.024 0.066 0.035 
139 NS_SS0881    (3)    3 :  0.037 0.147 0.061 0.004 0.023 0.728 
140 NS_SS0834    (6)    3 :  0.014 0.076 0.022 0.010 0.666 0.211 
141 NS_SS0744   (10)    3 :  0.052 0.056 0.043 0.010 0.533 0.306 
142 NS_SS0899    (7)    3 :  0.014 0.006 0.902 0.002 0.056 0.019 
143 NS_SS0804    (5)    3 :  0.020 0.007 0.419 0.005 0.386 0.163 
144 NS_SS0781   (10)    3 :  0.021 0.012 0.099 0.007 0.782 0.080 
145 NS_SS0822    (6)    3 :  0.132 0.734 0.012 0.004 0.034 0.084 
146 NS_SS1004    (4)    3 :  0.148 0.067 0.031 0.007 0.636 0.111 
147 NS_SS0746    (5)    3 :  0.635 0.176 0.085 0.021 0.070 0.014 
148 NS_SS0880    (3)    3 :  0.041 0.065 0.017 0.003 0.084 0.790 
149 NS_SS0879    (5)    3 :  0.011 0.378 0.035 0.021 0.510 0.046 
150 NS_SS0753    (2)    3 :  0.710 0.129 0.059 0.017 0.047 0.038 
151 NS_SS1007    (3)    3 :  0.054 0.081 0.035 0.003 0.025 0.802 
152 NS_SS0872    (5)    3 :  0.036 0.032 0.216 0.003 0.573 0.141 
153 NS_SS1005    (7)    3 :  0.089 0.011 0.039 0.002 0.831 0.028 
154 NS_SS0892    (6)    3 :  0.483 0.062 0.293 0.004 0.077 0.081 
155 NS_SS0898    (0)    3 :  0.106 0.584 0.168 0.011 0.018 0.112 
156 NS_SS0801    (9)    3 :  0.027 0.029 0.048 0.019 0.804 0.073 
157 NS_SS0827    (9)    3 :  0.403 0.013 0.429 0.117 0.011 0.026 
158 NS_SS0853    (7)    3 :  0.019 0.009 0.954 0.005 0.007 0.006 
159 NS_SS0780    (2)    3 :  0.054 0.051 0.040 0.007 0.433 0.415 
160 NS_SS0826   (10)    3 :  0.026 0.014 0.007 0.004 0.882 0.067 
161 NS_SS0818    (5)    3 :  0.030 0.058 0.047 0.003 0.321 0.540 
162 NS_SS0745    (1)    3 :  0.010 0.126 0.752 0.002 0.013 0.098 
163 NS_SS0849    (3)    3 :  0.641 0.027 0.183 0.003 0.074 0.072 
164 NS_SS0739    (3)    3 :  0.040 0.015 0.146 0.023 0.010 0.766 
165 NS_SS0799    (1)    3 :  0.228 0.452 0.258 0.002 0.038 0.022 
166 NS_SS0756    (3)    3 :  0.017 0.009 0.098 0.006 0.833 0.036 
167 NS_SS0802    (2)    3 :  0.477 0.111 0.061 0.213 0.030 0.108 
168 NS_SS0747    (6)    3 :  0.195 0.035 0.048 0.010 0.614 0.097 
169 NS_SS0835    (1)    3 :  0.729 0.141 0.027 0.002 0.081 0.021 
170 NS_SS0742   (19)    3 :  0.048 0.053 0.065 0.002 0.060 0.773 
171 NS_SS0760    (9)    3 :  0.576 0.254 0.053 0.056 0.019 0.042 
172 NS_SS0803    (4)    3 :  0.007 0.013 0.009 0.010 0.955 0.006 
173 NS_SS0828   (14)    3 :  0.637 0.027 0.181 0.002 0.046 0.108 
174 NS_SS0865    (2)    3 :  0.086 0.058 0.102 0.037 0.162 0.555 
175 NS_SS0759    (5)    3 :  0.128 0.034 0.149 0.008 0.052 0.630 
176 NS_SS0851    (5)    3 :  0.006 0.012 0.889 0.022 0.031 0.040 
177 NS_SS0874   (16)    3 :  0.022 0.014 0.033 0.003 0.911 0.017 
178 NS_SS0761    (6)    3 :  0.749 0.036 0.088 0.004 0.054 0.068 
179 NS_SS0842   (26)    3 :  0.083 0.087 0.639 0.013 0.131 0.046 
180 NS_SS0785    (6)    3 :  0.095 0.362 0.034 0.011 0.467 0.031 
181 NS_SS0860   (11)    3 :  0.584 0.198 0.082 0.004 0.040 0.092 
182 NS_SS0897    (7)    3 :  0.049 0.903 0.019 0.003 0.014 0.011 
183 NS_SS0841   (15)    3 :  0.007 0.018 0.929 0.006 0.019 0.021 
184 NS_SS0797    (7)    3 :  0.348 0.056 0.204 0.029 0.017 0.346 
185 NS_SS0830   (11)    3 :  0.056 0.199 0.184 0.003 0.086 0.473 
186 NS_SS1011    (5)    3 :  0.014 0.008 0.012 0.009 0.461 0.496 
187 NS_SS0883    (5)    3 :  0.044 0.031 0.886 0.010 0.011 0.018 
188 NS_SS0782    (2)    3 :  0.015 0.901 0.018 0.005 0.038 0.023 
189 NS_SS0831    (5)    3 :  0.634 0.062 0.255 0.005 0.024 0.021 
190 NS_SS0749    (7)    3 :  0.330 0.089 0.254 0.007 0.027 0.292 
191 NS_SS0854    (2)    3 :  0.037 0.595 0.068 0.007 0.050 0.243 
192 HI_SS0193    (0)    4 :  0.012 0.765 0.023 0.002 0.006 0.192 
193 HI_SS0194    (1)    4 :  0.018 0.032 0.011 0.003 0.664 0.273 
194 HI_SS0195   (10)    4 :  0.019 0.011 0.343 0.133 0.056 0.439 
195 HI_SS0196    (6)    4 :  0.019 0.825 0.053 0.004 0.084 0.015 
196 HI_SS0197    (3)    4 :  0.009 0.014 0.018 0.015 0.015 0.930 
197 HI_SS0198    (1)    4 :  0.082 0.030 0.566 0.012 0.028 0.282 
198 HI_SS0199    (1)    4 :  0.098 0.679 0.021 0.005 0.043 0.154 
199 HI_SS0201    (5)    4 :  0.910 0.022 0.012 0.004 0.031 0.020 
200 HI_SS0215    (1)    4 :  0.816 0.013 0.014 0.004 0.131 0.022 
201 HI_SS0218    (1)    4 :  0.013 0.949 0.014 0.011 0.004 0.009 
202 HI_SS0222    (0)    4 :  0.153 0.060 0.320 0.006 0.069 0.393 
203 HI_SS0230    (1)    4 :  0.090 0.014 0.773 0.008 0.054 0.061 
204 HI_SS0234    (2)    4 :  0.015 0.061 0.017 0.149 0.742 0.016 
205 HI_SS0240    (1)    4 :  0.032 0.406 0.054 0.016 0.287 0.205 
206 HI_SS0241    (0)    4 :  0.516 0.316 0.039 0.003 0.060 0.066 
207 HI_SS0242    (0)    4 :  0.551 0.131 0.070 0.005 0.063 0.180 
208 HI_SS0247    (0)    4 :  0.015 0.020 0.038 0.025 0.847 0.054 
209 HI_SS0248    (1)    4 :  0.179 0.795 0.006 0.001 0.015 0.005 
210 HI_SS0252    (2)    4 :  0.059 0.078 0.165 0.004 0.429 0.265 
211 HI_SS0254    (0)    4 :  0.471 0.179 0.019 0.103 0.017 0.211 
212 HI_SS0256    (0)    4 :  0.005 0.009 0.023 0.003 0.946 0.013 
213 HI_SS0257    (0)    4 :  0.123 0.199 0.025 0.006 0.484 0.164 
214 HI_SS0258    (1)    4 :  0.073 0.869 0.016 0.006 0.018 0.018 
215 HI_SS0259    (1)    4 :  0.019 0.021 0.039 0.004 0.095 0.822 
216 HI_SS0260    (1)    4 :  0.086 0.667 0.083 0.002 0.143 0.019 
217 HI_SS0261    (2)    4 :  0.104 0.592 0.016 0.006 0.192 0.091 
218 HI_SS0262    (0)    4 :  0.019 0.022 0.156 0.010 0.102 0.691 
219 HI_SS0264    (0)    4 :  0.023 0.015 0.539 0.007 0.376 0.040 
220 HI_SS0265    (0)    4 :  0.096 0.015 0.180 0.119 0.161 0.428 
221 HI_SS0268    (1)    4 :  0.085 0.023 0.627 0.006 0.023 0.236 
222 HI_SS0269    (0)    4 :  0.053 0.667 0.007 0.002 0.107 0.163 
223 HI_SS0273    (0)    4 :  0.056 0.815 0.013 0.003 0.040 0.074 
224 HI_SS0277    (1)    4 :  0.016 0.014 0.019 0.003 0.034 0.914 
225 HI_SS0280    (0)    4 :  0.035 0.252 0.382 0.009 0.025 0.298 
226 HI_SS0282    (1)    4 :  0.091 0.666 0.016 0.002 0.164 0.061 
227 HI_SS0286    (1)    4 :  0.542 0.049 0.068 0.013 0.217 0.111 
228 NS_SS1252    (3)    5 :  0.760 0.175 0.027 0.006 0.010 0.020 
229 NS_SS1261    (1)    5 :  0.041 0.037 0.436 0.029 0.077 0.381 
230 NS_SS1225   (10)    5 :  0.108 0.008 0.015 0.089 0.690 0.090 
231 NS_SS1266    (1)    5 :  0.009 0.006 0.035 0.013 0.897 0.041 
232 NS_SS1228    (0)    5 :  0.010 0.013 0.491 0.015 0.015 0.455 
233 NS_SS1255    (3)    5 :  0.008 0.899 0.020 0.002 0.043 0.028 
234 NS_SS1267    (3)    5 :  0.872 0.057 0.025 0.019 0.010 0.016 
235 NS_SS1238    (6)    5 :  0.048 0.126 0.150 0.005 0.027 0.643 
236 NS_SS1233    (8)    5 :  0.032 0.020 0.655 0.003 0.079 0.210 
237 NS_SS1277    (3)    5 :  0.022 0.942 0.016 0.002 0.009 0.011 
238 NS_SS1245    (1)    5 :  0.852 0.033 0.024 0.003 0.068 0.019 
239 NS_SS1240    (4)    5 :  0.886 0.076 0.010 0.003 0.012 0.013 
240 NS_SS1275    (2)    5 :  0.005 0.008 0.033 0.004 0.084 0.867 
241 NS_SS1235    (1)    5 :  0.015 0.054 0.007 0.008 0.889 0.027 
242 NS_SS1263    (1)    5 :  0.026 0.026 0.028 0.002 0.899 0.019 
243 NS_SS1251    (2)    5 :  0.037 0.019 0.029 0.002 0.895 0.018 
244 NS_SS1248    (0)    5 :  0.407 0.028 0.402 0.108 0.013 0.041 
245 NS_SS1244    (0)    5 :  0.016 0.039 0.011 0.008 0.078 0.848 
246 NS_SS1257    (1)    5 :  0.099 0.675 0.097 0.054 0.040 0.036 
247 NS_SS1242    (2)    5 :  0.011 0.016 0.513 0.005 0.419 0.036 
248 NS_SS1271    (6)    5 :  0.720 0.108 0.019 0.040 0.028 0.086 
249 NS_SS1265    (1)    5 :  0.242 0.633 0.036 0.035 0.038 0.016 
250 NS_SS1243    (0)    5 :  0.027 0.248 0.537 0.111 0.014 0.064 
251 NS_SS1273    (1)    5 :  0.008 0.225 0.674 0.014 0.052 0.028 
252 NS_SS1254   (14)    5 :  0.022 0.016 0.719 0.010 0.219 0.014 
253 NS_SS1224    (1)    5 :  0.033 0.026 0.095 0.012 0.797 0.038 
254 NS_SS1227    (8)    5 :  0.750 0.093 0.107 0.003 0.020 0.027 
255 NS_SS1274    (9)    5 :  0.266 0.047 0.457 0.023 0.164 0.043 
256 NS_SS1241    (1)    5 :  0.048 0.796 0.059 0.002 0.070 0.025 
257 NS_SS1256    (3)    5 :  0.062 0.029 0.058 0.055 0.743 0.054 
258 NS_SS1260    (8)    5 :  0.239 0.264 0.099 0.092 0.276 0.030 
259 NS_SS1262    (0)    5 :  0.046 0.116 0.041 0.171 0.516 0.110 
260 NS_SS1230    (0)    5 :  0.014 0.907 0.032 0.011 0.024 0.012 
261 NS_SS1270    (2)    5 :  0.158 0.014 0.024 0.003 0.614 0.187 
262 NS_SS1229    (2)    5 :  0.052 0.038 0.008 0.007 0.762 0.133 
263 NS_SS1246    (5)    5 :  0.368 0.041 0.010 0.004 0.062 0.516 
264 NS_SS1269    (0)    5 :  0.235 0.276 0.209 0.004 0.061 0.215 
265 NS_SS1239    (1)    5 :  0.052 0.105 0.166 0.009 0.075 0.593 
266 NS_SS1272    (5)    5 :  0.025 0.011 0.019 0.009 0.336 0.601 
267 NS_SS1268    (1)    5 :  0.332 0.075 0.321 0.005 0.216 0.052 
268 NS_SS1249    (1)    5 :  0.016 0.931 0.010 0.020 0.015 0.008 
269 HI_SS0559    (0)    6 :  0.108 0.423 0.063 0.004 0.388 0.015 
270 HI_SS0563    (1)    6 :  0.176 0.032 0.213 0.006 0.423 0.151 
271 HI_SS0564    (0)    6 :  0.168 0.011 0.027 0.064 0.058 0.672 
272 HI_SS0565    (0)    6 :  0.671 0.033 0.057 0.005 0.203 0.031 
273 HI_SS0569    (1)    6 :  0.950 0.012 0.015 0.003 0.009 0.012 
274 HI_SS0570    (0)    6 :  0.098 0.666 0.019 0.061 0.022 0.134 
275 HI_SS0572    (1)    6 :  0.016 0.121 0.018 0.004 0.828 0.013 
276 HI_SS0576    (1)    6 :  0.032 0.043 0.344 0.010 0.073 0.498 
277 HI_SS0579    (1)    6 :  0.213 0.028 0.010 0.021 0.716 0.011 
278 HI_SS0580    (1)    6 :  0.055 0.320 0.523 0.008 0.078 0.015 
279 HI_SS0581    (0)    6 :  0.016 0.015 0.036 0.072 0.021 0.840 
280 HI_SS0583    (1)    6 :  0.779 0.017 0.158 0.003 0.020 0.023 
281 HI_SS0586    (1)    6 :  0.921 0.020 0.038 0.001 0.009 0.010 
282 HI_SS0588    (1)    6 :  0.688 0.212 0.029 0.027 0.034 0.009 
283 HI_SS0595    (4)    6 :  0.034 0.240 0.057 0.047 0.085 0.537 
284 HI_SS0596    (0)    6 :  0.008 0.409 0.027 0.004 0.512 0.039 
285 HI_SS0597    (1)    6 :  0.050 0.019 0.039 0.004 0.756 0.133 
286 HI_SS0600    (0)    6 :  0.087 0.063 0.011 0.005 0.058 0.777 
287 HI_SS0601    (1)    6 :  0.315 0.007 0.040 0.014 0.602 0.023 
288 HI_SS0602    (1)    6 :  0.631 0.016 0.315 0.004 0.023 0.011 
289 HI_SS0604    (0)    6 :  0.636 0.026 0.188 0.004 0.136 0.011 
290 HI_SS0605    (1)    6 :  0.693 0.199 0.057 0.012 0.022 0.017 
291 HI_SS0608    (0)    6 :  0.017 0.076 0.869 0.002 0.007 0.030 
292 HI_SS0609    (0)    6 :  0.036 0.076 0.116 0.001 0.691 0.079 
293 HI_SS0611    (5)    6 :  0.191 0.479 0.271 0.005 0.031 0.023 
294 HI_SS0612    (0)    6 :  0.013 0.198 0.008 0.011 0.737 0.033 
295 HI_SS0613    (1)    6 :  0.424 0.028 0.347 0.002 0.168 0.031 
296 HI_SS0615    (1)    6 :  0.032 0.035 0.101 0.018 0.071 0.744 
297 HI_SS0001    (1)    6 :  0.015 0.753 0.029 0.007 0.067 0.129 
298 HI_SS0002    (1)    6 :  0.030 0.031 0.273 0.041 0.570 0.055 
299 HI_SS0004    (0)    6 :  0.051 0.832 0.061 0.011 0.021 0.025 
300 HI_SS0005    (1)    6 :  0.029 0.026 0.511 0.008 0.016 0.411 
301 HI_SS0006    (1)    6 :  0.529 0.027 0.010 0.002 0.225 0.207 
302 HI_SS0007    (1)    6 :  0.023 0.928 0.029 0.003 0.007 0.008 
303 HI_SS0008    (0)    6 :  0.767 0.023 0.022 0.055 0.074 0.061 
304 HI_SS0009    (0)    6 :  0.037 0.094 0.799 0.007 0.037 0.026 
305 HI_SS0010    (1)    6 :  0.180 0.282 0.400 0.007 0.015 0.117 
306 HI_SS0011    (1)    6 :  0.015 0.018 0.105 0.107 0.506 0.249 
307 HI_SS0012    (0)    6 :  0.066 0.011 0.474 0.008 0.195 0.246 
308 HI_SS0017    (1)    6 :  0.010 0.639 0.032 0.003 0.246 0.070 
309 HI_SS0021    (1)    6 :  0.240 0.430 0.036 0.252 0.012 0.031 
310 HI_SS0024    (1)    6 :  0.032 0.031 0.167 0.003 0.020 0.747 
311 HI_SS0025    (1)    6 :  0.038 0.046 0.803 0.005 0.047 0.060 
312 HI_SS0027    (0)    6 :  0.641 0.253 0.029 0.025 0.015 0.038 
313 HI_SS0028    (0)    6 :  0.018 0.008 0.931 0.002 0.010 0.031 
314 HI_SS0029    (1)    6 :  0.030 0.119 0.596 0.012 0.070 0.172 
315 HI_SS0030    (2)    6 :  0.546 0.043 0.012 0.009 0.058 0.333 
316 HI_SS0031    (0)    6 :  0.122 0.018 0.510 0.006 0.153 0.190 
317 HI_SS0034    (0)    6 :  0.729 0.191 0.009 0.009 0.051 0.011 
318 HI_SS0036    (0)    6 :  0.099 0.076 0.255 0.018 0.006 0.546 
319 HI_SS0037    (1)    6 :  0.020 0.026 0.927 0.006 0.012 0.007 
320 HI_SS0039    (0)    6 :  0.417 0.214 0.174 0.005 0.032 0.158 
321 HI_SS0041    (1)    6 :  0.020 0.016 0.364 0.004 0.021 0.576 
322 HI_SS0042    (1)    6 :  0.016 0.065 0.256 0.121 0.169 0.374 
323 HI_SS0043    (1)    6 :  0.595 0.176 0.020 0.004 0.008 0.197 
324 HI_SS0044    (1)    6 :  0.025 0.862 0.062 0.005 0.023 0.022 
325 HI_SS0047    (1)    6 :  0.052 0.346 0.067 0.004 0.423 0.108 
326 HI_SS0049    (1)    6 :  0.022 0.337 0.482 0.009 0.051 0.099 
327 HI_SS0051    (1)    6 :  0.323 0.016 0.447 0.004 0.185 0.025 
328 HI_SS0053    (1)    6 :  0.795 0.075 0.007 0.007 0.011 0.105 
329 HI_SS0054    (4)    6 :  0.899 0.015 0.009 0.006 0.020 0.050 
330 HI_SS0057    (0)    6 :  0.024 0.072 0.018 0.005 0.030 0.851 
331 HI_SS0058    (0)    6 :  0.053 0.234 0.107 0.010 0.587 0.009 
332 HI_SS0060    (0)    6 :  0.114 0.011 0.020 0.088 0.051 0.715 
333 HI_SS0087    (1)    6 :  0.821 0.007 0.014 0.004 0.096 0.057 
334 HI_SS0091    (1)    6 :  0.485 0.021 0.015 0.002 0.051 0.428 
335 HI_SS0095    (1)    6 :  0.262 0.038 0.025 0.064 0.380 0.232 
336 HI_SS0097    (3)    6 :  0.030 0.013 0.025 0.007 0.911 0.015 
337 HI_SS0099    (1)    6 :  0.037 0.012 0.906 0.007 0.023 0.015 
338 HI_SS0103    (0)    6 :  0.021 0.178 0.012 0.004 0.645 0.141 
339 HI_SS0105    (1)    6 :  0.030 0.019 0.024 0.041 0.083 0.803 
340 HI_SS0107    (1)    6 :  0.009 0.011 0.010 0.002 0.931 0.037 
341 HI_SS0108    (1)    6 :  0.410 0.434 0.010 0.038 0.015 0.093 
342 HI_SS0110    (0)    6 :  0.018 0.131 0.010 0.002 0.079 0.760 
343 HI_SS0111    (1)    6 :  0.174 0.070 0.068 0.043 0.110 0.535 
344 HI_SS0112    (0)    6 :  0.084 0.844 0.042 0.002 0.008 0.022 
345 HI_SS0113    (1)    6 :  0.024 0.039 0.036 0.006 0.650 0.247 
346 HI_SS0114    (1)    6 :  0.916 0.013 0.020 0.007 0.018 0.026 
347 HI_SS0115    (1)    6 :  0.058 0.319 0.252 0.027 0.329 0.014 
348 HI_SS0116    (4)    6 :  0.246 0.306 0.333 0.006 0.095 0.014 
349 HI_SS0117    (0)    6 :  0.058 0.116 0.014 0.003 0.733 0.077 
350 HI_SS0118    (0)    6 :  0.140 0.578 0.062 0.019 0.162 0.038 
351 HI_SS0119    (1)    6 :  0.049 0.179 0.019 0.003 0.074 0.676 
352 HI_SS0120    (1)    6 :  0.007 0.038 0.009 0.006 0.103 0.838 
353 HI_SS0121    (0)    6 :  0.021 0.006 0.061 0.002 0.038 0.871 
354 HI_SS0122    (2)    6 :  0.010 0.025 0.037 0.021 0.018 0.889 
355 HI_SS0123    (0)    6 :  0.121 0.020 0.020 0.011 0.225 0.603 
356 HI_SS0124    (1)    6 :  0.010 0.228 0.468 0.004 0.178 0.112 
357 HI_SS0125    (1)    6 :  0.023 0.033 0.104 0.044 0.010 0.786 
358 HI_SS0126    (0)    6 :  0.038 0.918 0.013 0.001 0.009 0.020 
359 HI_SS0127    (0)    6 :  0.868 0.020 0.058 0.014 0.020 0.020 
360 HI_SS0128    (0)    6 :  0.323 0.044 0.178 0.005 0.242 0.209 
361 HI_SS0129    (1)    6 :  0.507 0.088 0.094 0.015 0.022 0.274 
362 HI_SS0131    (2)    6 :  0.035 0.025 0.838 0.045 0.044 0.013 
363 HI_SS0132    (0)    6 :  0.023 0.110 0.052 0.001 0.029 0.786 
364 HI_SS0133    (1)    6 :  0.038 0.914 0.007 0.001 0.004 0.034 
365 HI_SS0134    (1)    6 :  0.145 0.236 0.188 0.003 0.312 0.115 
366 HI_SS0142    (3)    6 :  0.109 0.018 0.253 0.029 0.409 0.182 
367 HI_SS0145    (0)    6 :  0.059 0.232 0.017 0.002 0.678 0.012 
368 HI_SS0146    (1)    6 :  0.301 0.615 0.047 0.002 0.017 0.019 
369 HI_SS0147    (1)    6 :  0.010 0.016 0.191 0.031 0.675 0.077 
370 HI_SS0149    (1)    6 :  0.008 0.014 0.015 0.006 0.011 0.947 
371 HI_SS0150    (2)    6 :  0.065 0.033 0.419 0.010 0.030 0.444 
372 HI_SS0151    (0)    6 :  0.376 0.318 0.036 0.029 0.114 0.128 
373 NS_SS1451    (1)    6 :  0.014 0.212 0.098 0.005 0.187 0.483 
374 NS_SS1404    (0)    6 :  0.019 0.061 0.465 0.018 0.169 0.268 
375 NS_SS1432    (2)    6 :  0.009 0.054 0.027 0.040 0.008 0.862 
376 NS_SS1405    (5)    6 :  0.020 0.644 0.051 0.005 0.264 0.016 
377 NS_SS1431   (10)    6 :  0.037 0.024 0.125 0.002 0.037 0.776 
378 NS_SS1402    (3)    6 :  0.038 0.011 0.032 0.004 0.834 0.081 
379 NS_SS1450    (3)    6 :  0.017 0.858 0.024 0.007 0.016 0.078 
380 NS_SS1396    (0)    6 :  0.052 0.047 0.520 0.010 0.099 0.272 
381 NS_SS1393    (5)    6 :  0.253 0.025 0.625 0.006 0.026 0.066 
382 NS_SS1392   (10)    6 :  0.022 0.180 0.246 0.034 0.023 0.495 
383 NS_SS1445    (0)    6 :  0.905 0.021 0.015 0.014 0.014 0.031 
384 NS_SS1423    (0)    6 :  0.105 0.137 0.018 0.003 0.269 0.470 
385 NS_SS1421    (9)    6 :  0.031 0.251 0.037 0.083 0.023 0.575 
386 NS_SS1411    (6)    6 :  0.853 0.088 0.024 0.003 0.009 0.024 
387 NS_SS1453    (6)    6 :  0.039 0.056 0.304 0.009 0.026 0.567 
388 NS_SS1442    (3)    6 :  0.748 0.050 0.019 0.007 0.163 0.014 
389 NS_SS1422    (1)    6 :  0.014 0.024 0.009 0.017 0.911 0.025 
390 NS_SS1419    (1)    6 :  0.033 0.010 0.758 0.152 0.017 0.030 
391 NS_SS1427    (0)    6 :  0.037 0.931 0.006 0.003 0.008 0.014 
392 NS_SS1444    (4)    6 :  0.041 0.086 0.758 0.006 0.090 0.019 
393 NS_SS1455    (0)    6 :  0.013 0.019 0.130 0.002 0.791 0.046 
394 NS_SS1425    (2)    6 :  0.642 0.250 0.040 0.003 0.012 0.052 
395 NS_SS1400    (0)    6 :  0.215 0.729 0.022 0.002 0.021 0.010 
396 NS_SS1406    (2)    6 :  0.022 0.009 0.277 0.017 0.585 0.090 
397 NS_SS1417    (6)    6 :  0.018 0.019 0.019 0.010 0.872 0.063 
398 NS_SS1454    (3)    6 :  0.158 0.145 0.138 0.002 0.038 0.519 
399 NS_SS1412    (1)    6 :  0.076 0.475 0.044 0.039 0.320 0.047 
400 NS_SS1438    (1)    6 :  0.907 0.020 0.013 0.002 0.044 0.013 
401 NS_SS1416    (4)    6 :  0.047 0.016 0.349 0.010 0.298 0.281 
402 NS_SS1401    (0)    6 :  0.024 0.028 0.111 0.019 0.087 0.731 
403 NS_SS1424    (6)    6 :  0.080 0.131 0.015 0.016 0.663 0.095 
404 NS_SS1435   (10)    6 :  0.130 0.682 0.074 0.005 0.021 0.088 
405 NS_SS1447    (4)    6 :  0.136 0.027 0.353 0.011 0.395 0.079 
406 NS_SS1414    (3)    6 :  0.074 0.008 0.562 0.012 0.327 0.017 
407 NS_SS1449   (14)    6 :  0.010 0.016 0.016 0.005 0.236 0.716 
408 NS_SS1443    (4)    6 :  0.160 0.770 0.007 0.003 0.036 0.023 
409 NS_SS1434    (1)    6 :  0.009 0.934 0.009 0.001 0.035 0.012 
410 NS_SS1398    (1)    6 :  0.044 0.157 0.474 0.028 0.010 0.287 
411 NS_SS1426    (1)    6 :  0.904 0.037 0.015 0.004 0.016 0.024 
412 NS_SS1413    (0)    6 :  0.013 0.940 0.010 0.015 0.011 0.011 
413 NS_SS1395    (1)    6 :  0.751 0.049 0.046 0.015 0.012 0.127 
414 NS_SS1448   (10)    6 :  0.014 0.887 0.033 0.004 0.013 0.049 
415 NS_SS1446    (0)    6 :  0.061 0.320 0.033 0.005 0.326 0.255 
416 NS_SS1403    (2)    6 :  0.207 0.007 0.592 0.010 0.039 0.145 
417 NS_SS1415    (0)    6 :  0.635 0.210 0.091 0.015 0.020 0.029 
418 NS_SS1437    (4)    6 :  0.219 0.018 0.337 0.014 0.264 0.149 
419 NS_SS1439    (2)    6 :  0.041 0.023 0.018 0.004 0.903 0.010 
420 NS_SS1441    (3)    6 :  0.029 0.500 0.386 0.004 0.037 0.044 
421 NS_SS1420    (2)    6 :  0.008 0.018 0.928 0.005 0.015 0.025 
422 NS_SS1394    (2)    6 :  0.076 0.009 0.747 0.049 0.027 0.093 
423 NS_SS1391    (7)    6 :  0.081 0.693 0.071 0.028 0.106 0.022 
424 NS_SS1410    (5)    6 :  0.091 0.035 0.327 0.024 0.042 0.482 
425 NS_SS1408    (1)    6 :  0.181 0.052 0.121 0.060 0.328 0.258 
426 NS_SS1409    (1)    6 :  0.080 0.360 0.113 0.004 0.185 0.258 
427 HI_SS0617    (1)    7 :  0.012 0.300 0.037 0.002 0.424 0.225 
428 HI_SS0618    (2)    7 :  0.055 0.021 0.751 0.003 0.077 0.091 
429 HI_SS0619    (0)    7 :  0.014 0.615 0.318 0.006 0.020 0.027 
430 HI_SS0620    (1)    7 :  0.040 0.915 0.007 0.004 0.016 0.018 
431 HI_SS0621    (3)    7 :  0.026 0.143 0.164 0.028 0.495 0.144 
432 HI_SS0622    (1)    7 :  0.021 0.535 0.078 0.021 0.324 0.021 
433 HI_SS0626    (0)    7 :  0.108 0.036 0.500 0.015 0.014 0.327 
434 HI_SS0627    (0)    7 :  0.017 0.018 0.027 0.011 0.050 0.877 
435 HI_SS0628    (3)    7 :  0.093 0.083 0.049 0.056 0.013 0.706 
436 HI_SS0629    (1)    7 :  0.337 0.097 0.183 0.011 0.149 0.222 
437 HI_SS0630    (1)    7 :  0.288 0.409 0.168 0.080 0.028 0.027 
438 HI_SS0631    (0)    7 :  0.238 0.518 0.194 0.001 0.021 0.028 
439 HI_SS0632    (0)    7 :  0.199 0.043 0.639 0.006 0.032 0.081 
440 HI_SS0633    (0)    7 :  0.013 0.284 0.437 0.005 0.227 0.034 
441 HI_SS0634    (1)    7 :  0.013 0.065 0.032 0.003 0.013 0.873 
442 HI_SS0635    (0)    7 :  0.173 0.014 0.583 0.014 0.192 0.023 
443 HI_SS0637    (1)    7 :  0.496 0.020 0.097 0.005 0.338 0.044 
444 HI_SS0638    (0)    7 :  0.026 0.885 0.031 0.002 0.029 0.027 
445 HI_SS0639    (1)    7 :  0.130 0.026 0.070 0.066 0.150 0.558 
446 HI_SS0640    (1)    7 :  0.950 0.012 0.013 0.002 0.012 0.010 
447 HI_SS0641    (1)    7 :  0.156 0.216 0.598 0.009 0.011 0.011 
448 HI_SS0642    (0)    7 :  0.013 0.007 0.010 0.003 0.010 0.956 
449 HI_SS0645    (0)    7 :  0.008 0.016 0.939 0.001 0.014 0.021 
450 HI_SS0646    (1)    7 :  0.088 0.281 0.019 0.004 0.560 0.047 
451 HI_SS0647    (1)    7 :  0.038 0.217 0.421 0.002 0.021 0.301 
452 HI_SS0648    (0)    7 :  0.068 0.095 0.533 0.005 0.223 0.076 
453 HI_SS0649    (1)    7 :  0.127 0.021 0.641 0.004 0.170 0.038 
454 HI_SS0650    (1)    7 :  0.060 0.354 0.049 0.008 0.314 0.215 
455 HI_SS0651    (1)    7 :  0.115 0.031 0.099 0.008 0.725 0.023 
456 HI_SS0652    (1)    7 :  0.012 0.083 0.873 0.006 0.011 0.016 
457 NS_SS1371    (3)    7 :  0.555 0.098 0.061 0.012 0.207 0.068 
458 NS_SS1374    (0)    7 :  0.133 0.240 0.032 0.006 0.014 0.576 
459 NS_SS1337    (3)    7 :  0.009 0.015 0.024 0.004 0.022 0.926 
460 NS_SS1385    (5)    7 :  0.023 0.040 0.022 0.006 0.894 0.015 
461 NS_SS1388    (0)    7 :  0.076 0.069 0.813 0.013 0.014 0.016 
462 NS_SS1370    (1)    7 :  0.021 0.009 0.203 0.014 0.013 0.740 
463 NS_SS1389    (3)    7 :  0.026 0.013 0.924 0.005 0.024 0.008 
464 NS_SS1360    (1)    7 :  0.822 0.038 0.077 0.008 0.032 0.024 
465 NS_SS1330    (0)    7 :  0.028 0.011 0.137 0.007 0.799 0.017 
466 NS_SS1328    (9)    7 :  0.013 0.943 0.006 0.003 0.011 0.023 
467 NS_SS1384    (1)    7 :  0.787 0.025 0.027 0.006 0.123 0.032 
468 NS_SS1381    (0)    7 :  0.018 0.072 0.014 0.002 0.808 0.087 
469 NS_SS1375    (1)    7 :  0.033 0.176 0.543 0.002 0.015 0.230 
470 NS_SS1319   (11)    7 :  0.058 0.042 0.029 0.099 0.022 0.750 
471 NS_SS1326    (2)    7 :  0.026 0.903 0.012 0.018 0.008 0.033 
472 NS_SS1341    (1)    7 :  0.151 0.017 0.062 0.006 0.029 0.735 
473 NS_SS1383    (2)    7 :  0.112 0.008 0.007 0.008 0.011 0.853 
474 NS_SS1318    (3)    7 :  0.153 0.145 0.368 0.025 0.198 0.112 
475 NS_SS1348    (2)    7 :  0.923 0.038 0.014 0.003 0.012 0.011 
476 NS_SS1363    (0)    7 :  0.035 0.207 0.131 0.009 0.515 0.103 
477 NS_SS1335    (4)    7 :  0.536 0.068 0.249 0.046 0.020 0.081 
478 NS_SS1358    (0)    7 :  0.101 0.042 0.018 0.025 0.309 0.506 
479 NS_SS1342    (1)    7 :  0.051 0.376 0.013 0.003 0.350 0.207 
480 NS_SS1320    (3)    7 :  0.004 0.107 0.079 0.012 0.533 0.265 
481 NS_SS1355    (1)    7 :  0.616 0.014 0.126 0.025 0.188 0.032 
482 NS_SS1345    (1)    7 :  0.049 0.010 0.009 0.021 0.898 0.012 
483 NS_SS1324    (0)    7 :  0.252 0.437 0.134 0.006 0.030 0.141 
484 NS_SS1347    (5)    7 :  0.236 0.100 0.044 0.007 0.536 0.077 
485 NS_SS1321    (4)    7 :  0.022 0.127 0.033 0.002 0.019 0.797 
486 NS_SS1333    (0)    7 :  0.015 0.198 0.033 0.005 0.008 0.741 
487 NS_SS1364    (1)    7 :  0.899 0.010 0.012 0.004 0.063 0.012 
488 NS_SS1379    (0)    7 :  0.246 0.105 0.074 0.075 0.428 0.073 
489 NS_SS1332    (0)    7 :  0.308 0.635 0.025 0.011 0.011 0.011 
490 NS_SS1338    (5)    7 :  0.771 0.012 0.073 0.009 0.021 0.114 
491 NS_SS1368    (6)    7 :  0.256 0.468 0.022 0.011 0.205 0.039 
492 NS_SS1354    (1)    7 :  0.026 0.024 0.035 0.018 0.796 0.101 
493 NS_SS1365    (0)    7 :  0.033 0.703 0.097 0.016 0.113 0.038 
494 NS_SS1380    (1)    7 :  0.011 0.011 0.119 0.024 0.818 0.018 
495 NS_SS1329    (8)    7 :  0.086 0.342 0.020 0.005 0.355 0.191 
496 NS_SS1362    (0)    7 :  0.206 0.017 0.011 0.007 0.726 0.034 
497 NS_SS1327    (2)    7 :  0.839 0.128 0.011 0.005 0.005 0.011 
498 NS_SS1350    (0)    7 :  0.049 0.719 0.019 0.016 0.042 0.155 
499 NS_SS1387    (2)    7 :  0.065 0.016 0.882 0.005 0.018 0.013 
500 NS_SS1369    (8)    7 :  0.596 0.027 0.013 0.005 0.027 0.331 
501 NS_SS1331    (1)    7 :  0.023 0.036 0.245 0.014 0.008 0.674 
502 NS_SS1357    (5)    7 :  0.012 0.814 0.021 0.006 0.040 0.108 
503 NS_SS1386    (1)    7 :  0.439 0.135 0.024 0.005 0.031 0.366 
504 NS_SS1353    (2)    7 :  0.026 0.593 0.142 0.007 0.132 0.100 
505 NS_SS1323    (0)    7 :  0.051 0.045 0.139 0.108 0.086 0.571 
506 HI_SS0296    (0)    8 :  0.043 0.711 0.195 0.002 0.019 0.031 
507 HI_SS0297    (0)    8 :  0.028 0.042 0.097 0.001 0.071 0.760 
508 HI_SS0299    (0)    8 :  0.474 0.012 0.098 0.045 0.154 0.217 
509 HI_SS0300    (0)    8 :  0.906 0.023 0.015 0.002 0.014 0.039 
510 HI_SS0301    (0)    8 :  0.918 0.009 0.019 0.007 0.025 0.023 
511 HI_SS0302    (0)    8 :  0.495 0.188 0.237 0.039 0.017 0.025 
512 HI_SS0303    (0)    8 :  0.159 0.744 0.052 0.008 0.017 0.020 
513 HI_SS0304    (0)    8 :  0.012 0.294 0.442 0.004 0.047 0.202 
514 HI_SS0306    (5)    8 :  0.112 0.817 0.012 0.006 0.010 0.043 
515 HI_SS0307    (1)    8 :  0.101 0.031 0.203 0.015 0.534 0.116 
516 HI_SS0308    (1)    8 :  0.103 0.011 0.700 0.092 0.059 0.035 
517 HI_SS0309    (0)    8 :  0.099 0.028 0.156 0.005 0.653 0.058 
518 HI_SS0310    (0)    8 :  0.264 0.181 0.212 0.013 0.317 0.012 
519 HI_SS0311    (4)    8 :  0.095 0.063 0.083 0.004 0.021 0.733 
520 HI_SS0314    (0)    8 :  0.049 0.260 0.641 0.002 0.036 0.013 
521 HI_SS0316    (1)    8 :  0.433 0.288 0.123 0.009 0.074 0.071 
522 HI_SS0317    (3)    8 :  0.032 0.123 0.027 0.003 0.061 0.755 
523 HI_SS0318    (1)    8 :  0.666 0.015 0.020 0.172 0.010 0.116 
524 HI_SS0319    (0)    8 :  0.508 0.319 0.128 0.009 0.022 0.015 
525 HI_SS0320    (3)    8 :  0.007 0.038 0.081 0.002 0.015 0.856 
526 HI_SS0321    (0)    8 :  0.770 0.038 0.021 0.003 0.021 0.147 
527 HI_SS0323    (1)    8 :  0.721 0.083 0.156 0.003 0.013 0.024 
528 HI_SS0325    (2)    8 :  0.013 0.909 0.037 0.004 0.015 0.022 
529 HI_SS0327    (1)    8 :  0.205 0.623 0.025 0.002 0.068 0.077 
530 HI_SS0329    (1)    8 :  0.058 0.138 0.285 0.002 0.023 0.494 
531 HI_SS0333    (1)    8 :  0.092 0.046 0.713 0.005 0.097 0.046 
532 HI_SS0334    (1)    8 :  0.586 0.123 0.066 0.003 0.063 0.160 
533 HI_SS0335    (1)    8 :  0.015 0.018 0.014 0.028 0.911 0.014 
534 HI_SS0339    (0)    8 :  0.308 0.014 0.068 0.018 0.576 0.016 
535 HI_SS0343    (2)    8 :  0.017 0.025 0.013 0.003 0.899 0.044 
536 HI_SS0344    (1)    8 :  0.050 0.908 0.009 0.004 0.006 0.023 
537 HI_SS0345    (3)    8 :  0.026 0.041 0.074 0.012 0.220 0.625 
538 HI_SS0346    (0)    8 :  0.192 0.064 0.034 0.006 0.012 0.692 
539 HI_SS0350    (1)    8 :  0.006 0.006 0.685 0.015 0.276 0.011 
540 HI_SS0351    (0)    8 :  0.459 0.011 0.026 0.005 0.432 0.068 
541 HI_SS0352    (3)    8 :  0.011 0.023 0.029 0.094 0.822 0.022 
542 HI_SS0362    (0)    8 :  0.496 0.154 0.167 0.004 0.011 0.169 
543 HI_SS0363    (1)    8 :  0.181 0.747 0.018 0.005 0.024 0.025 
544 HI_SS0365    (0)    8 :  0.162 0.182 0.330 0.008 0.211 0.108 
545 HI_SS0366    (0)    8 :  0.169 0.604 0.010 0.002 0.195 0.021 
546 HI_SS0367    (1)    8 :  0.012 0.038 0.434 0.004 0.484 0.028 
547 HI_SS0369    (1)    8 :  0.025 0.018 0.816 0.004 0.063 0.073 
548 HI_SS0370    (0)    8 :  0.047 0.074 0.012 0.005 0.657 0.205 
549 HI_SS0371    (4)    8 :  0.862 0.057 0.024 0.006 0.016 0.036 
550 HI_SS0373    (3)    8 :  0.083 0.388 0.398 0.016 0.063 0.053 
551 HI_SS0374    (0)    8 :  0.096 0.029 0.604 0.037 0.119 0.115 
552 HI_SS0377    (0)    8 :  0.361 0.018 0.019 0.088 0.042 0.473 
553 HI_SS0379    (1)    8 :  0.925 0.043 0.005 0.001 0.005 0.020 
554 HI_SS0380    (1)    8 :  0.054 0.017 0.096 0.013 0.779 0.041 
555 HI_SS0381    (2)    8 :  0.068 0.028 0.152 0.008 0.631 0.113 
556 HI_SS0384    (3)    8 :  0.204 0.151 0.035 0.010 0.015 0.585 
557 HI_SS0385    (1)    8 :  0.210 0.160 0.519 0.002 0.011 0.098 
558 HI_SS0386    (0)    9 :  0.003 0.003 0.003 0.984 0.003 0.004 
559 HI_SS0387    (0)    9 :  0.012 0.021 0.010 0.921 0.012 0.024 
560 HI_SS0389    (2)    9 :  0.008 0.007 0.004 0.972 0.004 0.005 
561 HI_SS0390    (2)    9 :  0.003 0.004 0.004 0.983 0.003 0.004 
562 HI_SS0391    (3)    9 :  0.003 0.004 0.004 0.978 0.006 0.006 
563 HI_SS0392    (0)    9 :  0.004 0.003 0.002 0.986 0.003 0.003 
564 HI_SS0393    (2)    9 :  0.003 0.003 0.002 0.988 0.003 0.002 
565 HI_SS0394    (2)    9 :  0.003 0.004 0.004 0.986 0.002 0.002 
