   NS_SS0963  1 0.7777 0.0054 0.2169 
   NS_SS0983  1 0.0124 0.0038 0.9837 
   NS_SS0719  1 0.1375 0.0058 0.8567 
   NS_SS1001  1 0.6331 0.0068 0.3602 
   NS_SS0936  1 0.6162 0.0027 0.3811 
   NS_SS0955  1 0.0535 0.0041 0.9424 
   NS_SS0944  1 0.0493 0.0016 0.9491 
   NS_SS0945  1 0.8281 0.0074 0.1645 
   NS_SS0922  1 0.9052 0.0263 0.0685 
   NS_SS0929  1 0.1151 0.0029 0.8820 
   NS_SS0956  1 0.9793 0.0034 0.0174 
   NS_SS0906  1 0.5175 0.0035 0.4790 
   NS_SS0721  1 0.7968 0.0046 0.1986 
   NS_SS0982  1 0.9220 0.0171 0.0609 
   NS_SS0923  1 0.7228 0.0049 0.2723 
   NS_SS0905  1 0.1657 0.0017 0.8326 
   NS_SS0925  1 0.7279 0.0041 0.2679 
   NS_SS0947  1 0.9437 0.0043 0.0520 
   NS_SS0926  1 0.0179 0.0010 0.9811 
   NS_SS0918  1 0.9621 0.0019 0.0359 
   NS_SS0966  1 0.7421 0.0481 0.2098 
   NS_SS0938  1 0.9648 0.0012 0.0340 
   NS_SS0917  1 0.2030 0.0462 0.7508 
   NS_SS0957  1 0.8893 0.0060 0.1047 
   NS_SS0987  1 0.7135 0.2280 0.0585 
   NS_SS0717  1 0.9709 0.0020 0.0271 
   NS_SS0986  1 0.9464 0.0032 0.0504 
   NS_SS0953  1 0.9051 0.0147 0.0802 
   NS_SS0907  1 0.6601 0.0446 0.2953 
   NS_SS0974  1 0.1484 0.0031 0.8484 
   NS_SS0989  1 0.0341 0.0010 0.9649 
   NS_SS0991  1 0.0720 0.0020 0.9260 
   NS_SS0994  1 0.0078 0.0020 0.9902 
   NS_SS0931  1 0.0387 0.0102 0.9511 
   NS_SS1000  1 0.9793 0.0033 0.0174 
   NS_SS0919  1 0.0867 0.0028 0.9104 
   NS_SS0949  1 0.0207 0.0013 0.9780 
   NS_SS0960  1 0.0164 0.0058 0.9777 
   NS_SS0716  1 0.9900 0.0050 0.0050 
   NS_SS0924  1 0.0538 0.0168 0.9294 
   NS_SS0935  1 0.0082 0.0076 0.9841 
   NS_SS0952  1 0.0255 0.0328 0.9417 
   NS_SS0962  1 0.9849 0.0058 0.0093 
   NS_SS0973  1 0.1023 0.0039 0.8938 
   NS_SS0722  1 0.9598 0.0026 0.0376 
   NS_SS0979  1 0.8711 0.0020 0.1269 
   NS_SS0993  1 0.7242 0.0186 0.2573 
   NS_SS0958  1 0.0912 0.0024 0.9064 
   NS_SS0988  1 0.7457 0.0046 0.2496 
   NS_SS1003  1 0.9480 0.0075 0.0445 
   NS_SS0976  1 0.0494 0.0018 0.9487 
   NS_SS0964  1 0.9705 0.0024 0.0270 
   NS_SS0939  1 0.9748 0.0048 0.0204 
   NS_SS0990  1 0.8755 0.0031 0.1214 
   NS_SS0984  1 0.9791 0.0021 0.0189 
   NS_SS0980  1 0.2979 0.0018 0.7003 
   NS_SS0978  1 0.4272 0.0031 0.5697 
   NS_SS0951  1 0.3094 0.0031 0.6875 
   NS_SS0913  1 0.8157 0.0388 0.1455 
   NS_SS1002  1 0.9579 0.0334 0.0087 
   NS_SS0948  1 0.8119 0.0364 0.1518 
   NS_SS0916  1 0.0715 0.0056 0.9229 
   NS_SS0995  1 0.7324 0.0028 0.2648 
   NS_SS0927  1 0.3836 0.0042 0.6122 
   NS_SS0992  1 0.1303 0.0025 0.8672 
   NS_SS0912  1 0.6713 0.0024 0.3263 
   NS_SS0981  1 0.8323 0.0033 0.1644 
   NS_SS0729  2 0.0070 0.0031 0.9899 
   NS_SS0967  2 0.6805 0.0114 0.3081 
   NS_SS0941  2 0.3040 0.0765 0.6195 
   NS_SS0768  2 0.9763 0.0041 0.0196 
   NS_SS0726  2 0.0084 0.0066 0.9850 
   NS_SS0763  2 0.0353 0.0023 0.9623 
   NS_SS0730  2 0.9862 0.0027 0.0110 
   NS_SS0774  2 0.9859 0.0007 0.0133 
   NS_SS0723  2 0.8893 0.0019 0.1088 
   NS_SS0940  2 0.1139 0.0078 0.8783 
   NS_SS0762  2 0.9691 0.0031 0.0278 
   NS_SS0766  2 0.2875 0.0134 0.6991 
   NS_SS0724  2 0.9744 0.0038 0.0218 
   NS_SS0769  2 0.9423 0.0037 0.0540 
   NS_SS0777  2 0.6940 0.0149 0.2911 
   NS_SS0734  2 0.2278 0.0214 0.7507 
   NS_SS0737  2 0.9772 0.0050 0.0177 
   NS_SS0732  2 0.8599 0.0043 0.1359 
   NS_SS0728  2 0.7132 0.0095 0.2774 
   NS_SS0735  2 0.8538 0.0071 0.1392 
   NS_SS0725  2 0.9635 0.0075 0.0291 
   NS_SS0788  2 0.6494 0.0015 0.3491 
   NS_SS0778  2 0.6849 0.0015 0.3136 
   NS_SS0792  2 0.6767 0.0062 0.3171 
   NS_SS0943  2 0.0189 0.0066 0.9745 
   NS_SS0791  2 0.1520 0.0166 0.8314 
   NS_SS0790  2 0.9935 0.0028 0.0037 
   NS_SS0731  2 0.9761 0.0098 0.0141 
   NS_SS0727  2 0.0283 0.0022 0.9696 
   NS_SS0779  2 0.7591 0.0051 0.2358 
   NS_SS0776  2 0.6270 0.0064 0.3666 
   NS_SS0775  2 0.9802 0.0060 0.0138 
   NS_SS0965  3 0.8242 0.0015 0.1743 
   NS_SS0754  3 0.0646 0.0120 0.9234 
   NS_SS0838  3 0.7502 0.0397 0.2100 
   NS_SS0839  3 0.9858 0.0035 0.0107 
   NS_SS0832  3 0.9485 0.0419 0.0096 
   NS_SS0820  3 0.9872 0.0054 0.0074 
   NS_SS0886  3 0.1447 0.0019 0.8534 
   NS_SS0748  3 0.4269 0.0078 0.5653 
   NS_SS0884  3 0.5195 0.0271 0.4534 
   NS_SS0752  3 0.4849 0.0020 0.5131 
   NS_SS0862  3 0.9367 0.0047 0.0586 
   NS_SS0787  3 0.0251 0.0067 0.9682 
   NS_SS0843  3 0.7284 0.0019 0.2698 
   NS_SS0856  3 0.9678 0.0027 0.0295 
   NS_SS0846  3 0.3153 0.0030 0.6817 
   NS_SS0825  3 0.9178 0.0089 0.0733 
   NS_SS0757  3 0.3121 0.0039 0.6839 
   NS_SS0876  3 0.7375 0.2149 0.0475 
   NS_SS0903  3 0.7624 0.0028 0.2347 
   NS_SS0875  3 0.9592 0.0029 0.0379 
   NS_SS0740  3 0.1623 0.0028 0.8348 
   NS_SS0811  3 0.9542 0.0069 0.0389 
   NS_SS0751  3 0.8709 0.0021 0.1270 
   NS_SS0891  3 0.9624 0.0048 0.0328 
   NS_SS0867  3 0.0526 0.0242 0.9231 
   NS_SS0890  3 0.1341 0.0039 0.8620 
   NS_SS0866  3 0.0858 0.0051 0.9090 
   NS_SS0755  3 0.4849 0.0066 0.5085 
   NS_SS0758  3 0.7851 0.0022 0.2126 
   NS_SS0840  3 0.9902 0.0018 0.0080 
   NS_SS0889  3 0.2067 0.0020 0.7912 
   NS_SS1010  3 0.7974 0.0389 0.1637 
   NS_SS0888  3 0.0092 0.0012 0.9896 
   NS_SS0837  3 0.7633 0.0026 0.2341 
   NS_SS0794  3 0.0619 0.0015 0.9366 
   NS_SS0823  3 0.9703 0.0033 0.0264 
   NS_SS0829  3 0.0116 0.0992 0.8891 
   NS_SS0844  3 0.9836 0.0020 0.0144 
   NS_SS1008  3 0.1001 0.0101 0.8898 
   NS_SS0881  3 0.3656 0.0025 0.6319 
   NS_SS0834  3 0.9737 0.0056 0.0207 
   NS_SS0744  3 0.3577 0.0062 0.6361 
   NS_SS0899  3 0.9893 0.0012 0.0095 
   NS_SS0804  3 0.9852 0.0041 0.0107 
   NS_SS0781  3 0.9900 0.0029 0.0071 
   NS_SS0822  3 0.0974 0.0020 0.9006 
   NS_SS1004  3 0.3561 0.0042 0.6397 
   NS_SS0746  3 0.4008 0.0127 0.5866 
   NS_SS0880  3 0.6134 0.0015 0.3851 
   NS_SS0879  3 0.9195 0.0120 0.0685 
   NS_SS0753  3 0.0133 0.0085 0.9782 
   NS_SS1007  3 0.4529 0.0013 0.5458 
   NS_SS0872  3 0.9854 0.0017 0.0129 
   NS_SS1005  3 0.9710 0.0011 0.0279 
   NS_SS0892  3 0.7748 0.0018 0.2234 
   NS_SS0898  3 0.0584 0.0059 0.9358 
   NS_SS0801  3 0.9173 0.0105 0.0722 
   NS_SS0827  3 0.4994 0.1326 0.3680 
   NS_SS0853  3 0.9044 0.0054 0.0902 
   NS_SS0780  3 0.9259 0.0041 0.0700 
   NS_SS0826  3 0.7200 0.0028 0.2771 
   NS_SS0818  3 0.8560 0.0015 0.1425 
   NS_SS0745  3 0.9927 0.0011 0.0062 
   NS_SS0849  3 0.8832 0.0014 0.1154 
   NS_SS0739  3 0.8731 0.0149 0.1121 
   NS_SS0799  3 0.0117 0.0011 0.9871 
   NS_SS0756  3 0.9861 0.0035 0.0104 
   NS_SS0802  3 0.3951 0.2075 0.3974 
   NS_SS0747  3 0.2629 0.0055 0.7315 
   NS_SS0835  3 0.0211 0.0012 0.9777 
   NS_SS0742  3 0.8358 0.0013 0.1628 
   NS_SS0760  3 0.0402 0.0368 0.9231 
   NS_SS0803  3 0.9536 0.0070 0.0394 
   NS_SS0828  3 0.0593 0.0013 0.9394 
   NS_SS0865  3 0.7495 0.0282 0.2223 
   NS_SS0759  3 0.9852 0.0041 0.0107 
   NS_SS0851  3 0.9856 0.0101 0.0043 
   NS_SS0874  3 0.9312 0.0015 0.0674 
   NS_SS0761  3 0.0630 0.0029 0.9342 
   NS_SS0842  3 0.1743 0.0076 0.8181 
   NS_SS0785  3 0.2714 0.0057 0.7229 
   NS_SS0860  3 0.0819 0.0021 0.9159 
   NS_SS0897  3 0.0152 0.0017 0.9831 
   NS_SS0841  3 0.9704 0.0030 0.0266 
   NS_SS0797  3 0.1660 0.0252 0.8088 
   NS_SS0830  3 0.4628 0.0022 0.5350 
   NS_SS1011  3 0.9798 0.0058 0.0145 
   NS_SS0883  3 0.1208 0.0062 0.8731 
   NS_SS0782  3 0.8939 0.0018 0.1042 
   NS_SS0831  3 0.0293 0.0026 0.9681 
   NS_SS0749  3 0.0869 0.0043 0.9088 
   NS_SS0854  3 0.1067 0.0024 0.8909 
   HI_SS0193  4 0.0163 0.0016 0.9821 
   HI_SS0194  4 0.9622 0.0015 0.0363 
   HI_SS0195  4 0.9092 0.0835 0.0073 
   HI_SS0196  4 0.5430 0.0028 0.4541 
   HI_SS0197  4 0.9743 0.0119 0.0138 
   HI_SS0198  4 0.4904 0.0104 0.4992 
   HI_SS0199  4 0.0288 0.0021 0.9691 
   HI_SS0201  4 0.0090 0.0019 0.9891 
   HI_SS0215  4 0.1191 0.0031 0.8778 
   HI_SS0218  4 0.0065 0.0047 0.9888 
   HI_SS0222  4 0.9482 0.0042 0.0476 
   HI_SS0230  4 0.9467 0.0046 0.0487 
   HI_SS0234  4 0.4259 0.1590 0.4151 
   HI_SS0240  4 0.6362 0.0086 0.3553 
   HI_SS0241  4 0.0338 0.0020 0.9642 
   HI_SS0242  4 0.2918 0.0033 0.7049 
   HI_SS0247  4 0.9197 0.0203 0.0599 
   HI_SS0248  4 0.0088 0.0007 0.9905 
   HI_SS0252  4 0.9375 0.0019 0.0606 
   HI_SS0254  4 0.0107 0.0820 0.9073 
   HI_SS0256  4 0.9943 0.0013 0.0044 
   HI_SS0257  4 0.0148 0.0029 0.9823 
   HI_SS0258  4 0.0182 0.0042 0.9775 
   HI_SS0259  4 0.9065 0.0024 0.0911 
   HI_SS0260  4 0.0279 0.0014 0.9707 
   HI_SS0261  4 0.0453 0.0026 0.9521 
   HI_SS0262  4 0.9485 0.0063 0.0452 
   HI_SS0264  4 0.9854 0.0032 0.0114 
   HI_SS0265  4 0.8667 0.0916 0.0417 
   HI_SS0268  4 0.9156 0.0030 0.0814 
   HI_SS0269  4 0.0072 0.0014 0.9914 
   HI_SS0273  4 0.0568 0.0018 0.9414 
   HI_SS0277  4 0.8165 0.0026 0.1810 
   HI_SS0280  4 0.5127 0.0056 0.4817 
   HI_SS0282  4 0.0370 0.0012 0.9618 
   HI_SS0286  4 0.3612 0.0086 0.6302 
   NS_SS1252  5 0.0155 0.0035 0.9810 
   NS_SS1261  5 0.8787 0.0126 0.1088 
   NS_SS1225  5 0.2205 0.1024 0.6770 
   NS_SS1266  5 0.9853 0.0063 0.0084 
   NS_SS1228  5 0.9270 0.0134 0.0596 
   NS_SS1255  5 0.8175 0.0013 0.1812 
   NS_SS1267  5 0.0054 0.0117 0.9830 
   NS_SS1238  5 0.7149 0.0024 0.2827 
   NS_SS1233  5 0.9388 0.0019 0.0592 
   NS_SS1277  5 0.0131 0.0008 0.9861 
   NS_SS1245  5 0.0662 0.0018 0.9320 
   NS_SS1240  5 0.0189 0.0019 0.9792 
   NS_SS1275  5 0.9899 0.0027 0.0074 
   NS_SS1235  5 0.4277 0.0061 0.5663 
   NS_SS1263  5 0.8551 0.0009 0.1440 
   NS_SS1251  5 0.8107 0.0019 0.1874 
   NS_SS1248  5 0.7555 0.0849 0.1596 
   NS_SS1244  5 0.0429 0.0052 0.9519 
   NS_SS1257  5 0.0717 0.0311 0.8971 
   NS_SS1242  5 0.9925 0.0018 0.0056 
   NS_SS1271  5 0.0064 0.0210 0.9727 
   NS_SS1265  5 0.5134 0.0183 0.4683 
   NS_SS1243  5 0.8708 0.0762 0.0530 
   NS_SS1273  5 0.9816 0.0077 0.0106 
   NS_SS1254  5 0.6070 0.0058 0.3872 
   NS_SS1224  5 0.9750 0.0052 0.0198 
   NS_SS1227  5 0.0097 0.0014 0.9890 
   NS_SS1274  5 0.0365 0.0141 0.9494 
   NS_SS1241  5 0.0215 0.0008 0.9778 
   NS_SS1256  5 0.7607 0.0343 0.2051 
   NS_SS1260  5 0.0784 0.0682 0.8534 
   NS_SS1262  5 0.1048 0.1715 0.7237 
   NS_SS1230  5 0.2309 0.0073 0.7618 
   NS_SS1270  5 0.9600 0.0021 0.0379 
   NS_SS1229  5 0.7395 0.0034 0.2571 
   NS_SS1246  5 0.0350 0.0027 0.9624 
   NS_SS1269  5 0.8110 0.0017 0.1873 
   NS_SS1239  5 0.6900 0.0050 0.3051 
   NS_SS1272  5 0.9518 0.0054 0.0428 
   NS_SS1268  5 0.8990 0.0018 0.0992 
   NS_SS1249  5 0.0077 0.0099 0.9824 
   HI_SS0559  6 0.1422 0.0014 0.8564 
   HI_SS0563  6 0.4641 0.0030 0.5329 
   HI_SS0564  6 0.5348 0.0602 0.4050 
   HI_SS0565  6 0.3478 0.0038 0.6484 
   HI_SS0569  6 0.0153 0.0024 0.9824 
   HI_SS0570  6 0.0108 0.0337 0.9555 
   HI_SS0572  6 0.9382 0.0020 0.0598 
   HI_SS0576  6 0.8566 0.0052 0.1382 
   HI_SS0579  6 0.0401 0.0144 0.9455 
   HI_SS0580  6 0.2228 0.0040 0.7732 
   HI_SS0581  6 0.9297 0.0572 0.0132 
   HI_SS0583  6 0.4356 0.0021 0.5623 
   HI_SS0586  6 0.0140 0.0011 0.9849 
   HI_SS0588  6 0.0464 0.0158 0.9378 
   HI_SS0595  6 0.0649 0.0212 0.9139 
   HI_SS0596  6 0.9763 0.0018 0.0220 
   HI_SS0597  6 0.9792 0.0019 0.0190 
   HI_SS0600  6 0.2341 0.0037 0.7623 
   HI_SS0601  6 0.0731 0.0123 0.9146 
   HI_SS0602  6 0.1802 0.0025 0.8174 
   HI_SS0604  6 0.7676 0.0016 0.2308 
   HI_SS0605  6 0.2452 0.0077 0.7472 
   HI_SS0608  6 0.1554 0.0014 0.8432 
   HI_SS0609  6 0.9754 0.0009 0.0237 
   HI_SS0611  6 0.0791 0.0027 0.9182 
   HI_SS0612  6 0.0773 0.0074 0.9153 
   HI_SS0613  6 0.9164 0.0015 0.0821 
   HI_SS0615  6 0.9104 0.0113 0.0783 
   HI_SS0001  6 0.1481 0.0040 0.8479 
   HI_SS0002  6 0.9340 0.0282 0.0378 
   HI_SS0004  6 0.2130 0.0046 0.7824 
   HI_SS0005  6 0.7714 0.0064 0.2222 
   HI_SS0006  6 0.5607 0.0014 0.4379 
   HI_SS0007  6 0.0170 0.0024 0.9806 
   HI_SS0008  6 0.2400 0.0490 0.7110 
   HI_SS0009  6 0.7706 0.0044 0.2251 
   HI_SS0010  6 0.0370 0.0031 0.9599 
   HI_SS0011  6 0.8511 0.0726 0.0764 
   HI_SS0012  6 0.9205 0.0056 0.0739 
   HI_SS0017  6 0.9496 0.0017 0.0488 
   HI_SS0021  6 0.5071 0.2397 0.2532 
   HI_SS0024  6 0.9544 0.0019 0.0437 
   HI_SS0025  6 0.9798 0.0029 0.0173 
   HI_SS0027  6 0.0108 0.0110 0.9782 
   HI_SS0028  6 0.9884 0.0015 0.0101 
   HI_SS0029  6 0.8895 0.0074 0.1031 
   HI_SS0030  6 0.0204 0.0043 0.9752 
   HI_SS0031  6 0.1358 0.0041 0.8600 
   HI_SS0034  6 0.0111 0.0040 0.9849 
   HI_SS0036  6 0.0244 0.0107 0.9649 
   HI_SS0037  6 0.4674 0.0044 0.5282 
   HI_SS0039  6 0.0753 0.0030 0.9217 
   HI_SS0041  6 0.9804 0.0018 0.0179 
   HI_SS0042  6 0.8261 0.1153 0.0586 
   HI_SS0043  6 0.0098 0.0027 0.9874 
   HI_SS0044  6 0.7367 0.0025 0.2608 
   HI_SS0047  6 0.9370 0.0024 0.0606 
   HI_SS0049  6 0.8787 0.0034 0.1179 
   HI_SS0051  6 0.7644 0.0022 0.2335 
   HI_SS0053  6 0.0094 0.0043 0.9863 
   HI_SS0054  6 0.0073 0.0031 0.9896 
   HI_SS0057  6 0.4353 0.0036 0.5612 
   HI_SS0058  6 0.4376 0.0056 0.5569 
   HI_SS0060  6 0.0599 0.0886 0.8515 
   HI_SS0087  6 0.6146 0.0025 0.3829 
   HI_SS0091  6 0.0145 0.0010 0.9845 
   HI_SS0095  6 0.1136 0.0556 0.8307 
   HI_SS0097  6 0.4062 0.0044 0.5894 
   HI_SS0099  6 0.9798 0.0039 0.0163 
   HI_SS0103  6 0.8901 0.0031 0.1067 
   HI_SS0105  6 0.8775 0.0233 0.0993 
   HI_SS0107  6 0.9841 0.0009 0.0150 
   HI_SS0108  6 0.0058 0.0185 0.9757 
   HI_SS0110  6 0.2370 0.0013 0.7617 
   HI_SS0111  6 0.8896 0.0266 0.0838 
   HI_SS0112  6 0.0053 0.0012 0.9935 
   HI_SS0113  6 0.9902 0.0027 0.0071 
   HI_SS0114  6 0.0319 0.0053 0.9628 
   HI_SS0115  6 0.1554 0.0178 0.8268 
   HI_SS0116  6 0.1236 0.0030 0.8734 
   HI_SS0117  6 0.1013 0.0024 0.8963 
   HI_SS0118  6 0.4372 0.0116 0.5512 
   HI_SS0119  6 0.0183 0.0020 0.9798 
   HI_SS0120  6 0.9891 0.0028 0.0081 
   HI_SS0121  6 0.9906 0.0014 0.0080 
   HI_SS0122  6 0.8759 0.0192 0.1049 
   HI_SS0123  6 0.6403 0.0052 0.3546 
   HI_SS0124  6 0.9728 0.0022 0.0249 
   HI_SS0125  6 0.9208 0.0333 0.0459 
   HI_SS0126  6 0.0126 0.0008 0.9866 
   HI_SS0127  6 0.1799 0.0100 0.8100 
   HI_SS0128  6 0.3828 0.0023 0.6149 
   HI_SS0129  6 0.5011 0.0100 0.4888 
   HI_SS0131  6 0.3900 0.0339 0.5761 
   HI_SS0132  6 0.3398 0.0007 0.6595 
   HI_SS0133  6 0.0043 0.0010 0.9947 
   HI_SS0134  6 0.2138 0.0017 0.7844 
   HI_SS0142  6 0.8357 0.0163 0.1481 
   HI_SS0145  6 0.1081 0.0015 0.8905 
   HI_SS0146  6 0.0263 0.0012 0.9725 
   HI_SS0147  6 0.9755 0.0176 0.0069 
   HI_SS0149  6 0.5686 0.0050 0.4264 
   HI_SS0150  6 0.9541 0.0042 0.0417 
   HI_SS0151  6 0.0637 0.0138 0.9225 
   NS_SS1451  6 0.9831 0.0028 0.0141 
   NS_SS1404  6 0.9738 0.0095 0.0167 
   NS_SS1432  6 0.9621 0.0281 0.0099 
   NS_SS1405  6 0.9245 0.0031 0.0724 
   NS_SS1431  6 0.9856 0.0009 0.0135 
   NS_SS1402  6 0.7392 0.0030 0.2579 
   NS_SS1450  6 0.0836 0.0040 0.9123 
   NS_SS1396  6 0.9564 0.0052 0.0384 
   NS_SS1393  6 0.5582 0.0036 0.4383 
   NS_SS1392  6 0.8571 0.0150 0.1279 
   NS_SS1445  6 0.0604 0.0094 0.9302 
   NS_SS1423  6 0.0265 0.0014 0.9721 
   NS_SS1421  6 0.1384 0.1005 0.7611 
   NS_SS1411  6 0.0589 0.0014 0.9397 
   NS_SS1453  6 0.2796 0.0057 0.7148 
   NS_SS1442  6 0.8641 0.0036 0.1324 
   NS_SS1422  6 0.0798 0.0133 0.9069 
   NS_SS1419  6 0.7533 0.1715 0.0752 
   NS_SS1427  6 0.0057 0.0018 0.9925 
   NS_SS1444  6 0.9800 0.0033 0.0167 
   NS_SS1455  6 0.9892 0.0012 0.0096 
   NS_SS1425  6 0.0143 0.0012 0.9845 
   NS_SS1400  6 0.1689 0.0017 0.8295 
   NS_SS1406  6 0.9711 0.0083 0.0206 
   NS_SS1417  6 0.8561 0.0066 0.1373 
   NS_SS1454  6 0.7319 0.0013 0.2668 
   NS_SS1412  6 0.4062 0.0260 0.5678 
   NS_SS1438  6 0.0194 0.0010 0.9796 
   NS_SS1416  6 0.9739 0.0052 0.0209 
   NS_SS1401  6 0.8207 0.0136 0.1657 
   NS_SS1424  6 0.3295 0.0127 0.6579 
   NS_SS1435  6 0.2454 0.0028 0.7518 
   NS_SS1447  6 0.9873 0.0044 0.0082 
   NS_SS1414  6 0.9858 0.0059 0.0083 
   NS_SS1449  6 0.1907 0.0048 0.8045 
   NS_SS1443  6 0.0056 0.0019 0.9924 
   NS_SS1434  6 0.1326 0.0007 0.8667 
   NS_SS1398  6 0.4887 0.0224 0.4889 
   NS_SS1426  6 0.0152 0.0018 0.9830 
   NS_SS1413  6 0.0092 0.0089 0.9818 
   NS_SS1395  6 0.0194 0.0093 0.9713 
   NS_SS1448  6 0.1982 0.0018 0.8000 
   NS_SS1446  6 0.5789 0.0026 0.4186 
   NS_SS1403  6 0.7194 0.0066 0.2740 
   NS_SS1415  6 0.0088 0.0075 0.9837 
   NS_SS1437  6 0.7731 0.0078 0.2192 
   NS_SS1439  6 0.8944 0.0024 0.1032 
   NS_SS1441  6 0.0313 0.0016 0.9671 
   NS_SS1420  6 0.9835 0.0028 0.0137 
   NS_SS1394  6 0.9247 0.0343 0.0409 
   NS_SS1391  6 0.1708 0.0110 0.8182 
   NS_SS1410  6 0.5618 0.0142 0.4239 
   NS_SS1408  6 0.2786 0.0582 0.6631 
   NS_SS1409  6 0.6217 0.0023 0.3760 
   HI_SS0617  7 0.3391 0.0009 0.6600 
   HI_SS0618  7 0.8666 0.0022 0.1311 
   HI_SS0619  7 0.8765 0.0031 0.1204 
   HI_SS0620  7 0.0079 0.0027 0.9894 
   HI_SS0621  7 0.9391 0.0142 0.0467 
   HI_SS0622  7 0.4813 0.0115 0.5072 
   HI_SS0626  7 0.8644 0.0083 0.1273 
   HI_SS0627  7 0.9797 0.0064 0.0139 
   HI_SS0628  7 0.5311 0.0576 0.4113 
   HI_SS0629  7 0.6022 0.0059 0.3919 
   HI_SS0630  7 0.0975 0.0518 0.8507 
   HI_SS0631  7 0.0198 0.0010 0.9791 
   HI_SS0632  7 0.4790 0.0030 0.5179 
   HI_SS0633  7 0.9866 0.0033 0.0102 
   HI_SS0634  7 0.8172 0.0023 0.1805 
   HI_SS0635  7 0.9375 0.0095 0.0530 
   HI_SS0637  7 0.7998 0.0032 0.1970 
   HI_SS0638  7 0.5389 0.0009 0.4602 
   HI_SS0639  7 0.9370 0.0375 0.0255 
   HI_SS0640  7 0.0569 0.0015 0.9416 
   HI_SS0641  7 0.1266 0.0055 0.8680 
   HI_SS0642  7 0.4380 0.0020 0.5600 
   HI_SS0645  7 0.9820 0.0009 0.0171 
   HI_SS0646  7 0.3636 0.0025 0.6339 
   HI_SS0647  7 0.4203 0.0015 0.5782 
   HI_SS0648  7 0.1537 0.0031 0.8432 
   HI_SS0649  7 0.9013 0.0017 0.0970 
   HI_SS0650  7 0.8648 0.0038 0.1314 
   HI_SS0651  7 0.0938 0.0041 0.9021 
   HI_SS0652  7 0.9792 0.0030 0.0178 
   NS_SS1371  7 0.0196 0.0057 0.9747 
   NS_SS1374  7 0.2004 0.0024 0.7972 
   NS_SS1337  7 0.9764 0.0035 0.0201 
   NS_SS1385  7 0.6271 0.0043 0.3686 
   NS_SS1388  7 0.9538 0.0058 0.0404 
   NS_SS1370  7 0.7935 0.0088 0.1977 
   NS_SS1389  7 0.9818 0.0032 0.0150 
   NS_SS1360  7 0.0558 0.0040 0.9402 
   NS_SS1330  7 0.9746 0.0034 0.0219 
   NS_SS1328  7 0.0308 0.0020 0.9672 
   NS_SS1384  7 0.0584 0.0032 0.9384 
   NS_SS1381  7 0.9594 0.0007 0.0399 
   NS_SS1375  7 0.9617 0.0010 0.0372 
   NS_SS1319  7 0.2333 0.1066 0.6601 
   NS_SS1326  7 0.0842 0.0077 0.9081 
   NS_SS1341  7 0.5437 0.0054 0.4509 
   NS_SS1383  7 0.2460 0.0047 0.7494 
   NS_SS1318  7 0.8921 0.0151 0.0928 
   NS_SS1348  7 0.0088 0.0011 0.9901 
   NS_SS1363  7 0.9075 0.0045 0.0879 
   NS_SS1335  7 0.0085 0.0200 0.9714 
   NS_SS1358  7 0.0436 0.0135 0.9428 
   NS_SS1342  7 0.1208 0.0013 0.8779 
   NS_SS1320  7 0.9841 0.0055 0.0104 
   NS_SS1355  7 0.9682 0.0120 0.0198 
   NS_SS1345  7 0.3836 0.0207 0.5957 
   NS_SS1324  7 0.0825 0.0019 0.9156 
   NS_SS1347  7 0.0477 0.0033 0.9490 
   NS_SS1321  7 0.3426 0.0011 0.6563 
   NS_SS1333  7 0.3758 0.0027 0.6214 
   NS_SS1364  7 0.0759 0.0019 0.9222 
   NS_SS1379  7 0.8113 0.0551 0.1336 
   NS_SS1332  7 0.0110 0.0053 0.9836 
   NS_SS1338  7 0.1375 0.0068 0.8557 
   NS_SS1368  7 0.2141 0.0052 0.7808 
   NS_SS1354  7 0.9343 0.0109 0.0548 
   NS_SS1365  7 0.8844 0.0073 0.1083 
   NS_SS1380  7 0.9735 0.0164 0.0101 
   NS_SS1329  7 0.2581 0.0036 0.7383 
   NS_SS1362  7 0.4829 0.0040 0.5132 
   NS_SS1327  7 0.0040 0.0029 0.9931 
   NS_SS1350  7 0.0939 0.0111 0.8950 
   NS_SS1387  7 0.9597 0.0023 0.0381 
   NS_SS1369  7 0.0282 0.0029 0.9689 
   NS_SS1331  7 0.8991 0.0078 0.0931 
   NS_SS1357  7 0.1098 0.0040 0.8861 
   NS_SS1386  7 0.0043 0.0024 0.9933 
   NS_SS1353  7 0.9650 0.0027 0.0323 
   NS_SS1323  7 0.7917 0.0699 0.1384 
   HI_SS0296  8 0.0183 0.0018 0.9799 
   HI_SS0297  8 0.2693 0.0007 0.7299 
   HI_SS0299  8 0.2732 0.0319 0.6949 
   HI_SS0300  8 0.2022 0.0013 0.7966 
   HI_SS0301  8 0.7186 0.0035 0.2779 
   HI_SS0302  8 0.0408 0.0176 0.9415 
   HI_SS0303  8 0.0325 0.0055 0.9620 
   HI_SS0304  8 0.9706 0.0019 0.0275 
   HI_SS0306  8 0.0082 0.0034 0.9884 
   HI_SS0307  8 0.9742 0.0077 0.0181 
   HI_SS0308  8 0.4510 0.0907 0.4583 
   HI_SS0309  8 0.7962 0.0035 0.2003 
   HI_SS0310  8 0.7204 0.0060 0.2736 
   HI_SS0311  8 0.7495 0.0020 0.2486 
   HI_SS0314  8 0.2778 0.0012 0.7209 
   HI_SS0316  8 0.1331 0.0045 0.8624 
   HI_SS0317  8 0.7017 0.0022 0.2961 
   HI_SS0318  8 0.0498 0.1941 0.7561 
   HI_SS0319  8 0.0053 0.0035 0.9911 
   HI_SS0320  8 0.9894 0.0011 0.0095 
   HI_SS0321  8 0.0977 0.0015 0.9008 
   HI_SS0323  8 0.6506 0.0016 0.3479 
   HI_SS0325  8 0.1552 0.0017 0.8431 
   HI_SS0327  8 0.0054 0.0013 0.9933 
   HI_SS0329  8 0.9302 0.0013 0.0686 
   HI_SS0333  8 0.8069 0.0027 0.1904 
   HI_SS0334  8 0.0222 0.0013 0.9765 
   HI_SS0335  8 0.9141 0.0208 0.0652 
   HI_SS0339  8 0.9459 0.0105 0.0436 
   HI_SS0343  8 0.8301 0.0022 0.1677 
   HI_SS0344  8 0.0046 0.0027 0.9927 
   HI_SS0345  8 0.9071 0.0070 0.0859 
   HI_SS0346  8 0.8212 0.0027 0.1761 
   HI_SS0350  8 0.9818 0.0080 0.0102 
   HI_SS0351  8 0.7029 0.0029 0.2943 
   HI_SS0352  8 0.8552 0.0873 0.0576 
   HI_SS0362  8 0.1092 0.0021 0.8887 
   HI_SS0363  8 0.0099 0.0023 0.9877 
   HI_SS0365  8 0.0626 0.0039 0.9335 
   HI_SS0366  8 0.0198 0.0017 0.9784 
   HI_SS0367  8 0.9919 0.0019 0.0062 
   HI_SS0369  8 0.9796 0.0019 0.0184 
   HI_SS0370  8 0.1288 0.0032 0.8680 
   HI_SS0371  8 0.0806 0.0039 0.9155 
   HI_SS0373  8 0.6660 0.0114 0.3226 
   HI_SS0374  8 0.9549 0.0238 0.0213 
   HI_SS0377  8 0.0265 0.0752 0.8984 
   HI_SS0379  8 0.0035 0.0009 0.9956 
   HI_SS0380  8 0.9185 0.0065 0.0749 
   HI_SS0381  8 0.9725 0.0038 0.0237 
   HI_SS0384  8 0.1654 0.0063 0.8283 
   HI_SS0385  8 0.6430 0.0011 0.3559 
   HI_SS0386  9 0.0015 0.9968 0.0017 
   HI_SS0387  9 0.0146 0.9737 0.0117 
   HI_SS0389  9 0.0037 0.9925 0.0038 
   HI_SS0390  9 0.0017 0.9965 0.0019 
   HI_SS0391  9 0.0023 0.9954 0.0022 
   HI_SS0392  9 0.0018 0.9968 0.0014 
   HI_SS0393  9 0.0011 0.9972 0.0016 
   HI_SS0394  9 0.0014 0.9972 0.0013 
   HI_SS0395  9 0.0042 0.9924 0.0034 
   HI_SS0396  9 0.0146 0.9775 0.0079 
   HI_SS0398  9 0.0062 0.9875 0.0063 
   HI_SS0399  9 0.0010 0.9979 0.0011 
   HI_SS0400  9 0.0022 0.9959 0.0018 
   HI_SS0401  9 0.0015 0.9969 0.0016 
   HI_SS0402  9 0.0015 0.9971 0.0013 
   HI_SS0403  9 0.0013 0.9973 0.0014 
   HI_SS0404  9 0.0012 0.9975 0.0013 
   HI_SS0405  9 0.0196 0.9645 0.0159 
   HI_SS0406  9 0.0021 0.9958 0.0021 
   HI_SS0407  9 0.0082 0.9848 0.0070 
   HI_SS0408  9 0.0012 0.9978 0.0010 
   HI_SS0409  9 0.0028 0.9940 0.0032 
   HI_SS0411  9 0.0024 0.9952 0.0024 
   HI_SS0412  9 0.0999 0.8155 0.0846 
   HI_SS0413  9 0.0023 0.9953 0.0024 
   HI_SS0414  9 0.0193 0.9665 0.0142 
   HI_SS0415  9 0.0019 0.9964 0.0018 
   HI_SS0416  9 0.0033 0.9937 0.0030 
   HI_SS0418  9 0.0038 0.9922 0.0040 
   HI_SS0419  9 0.0035 0.9944 0.0020 
   HI_SS0420  9 0.0023 0.9956 0.0021 
   HI_SS0421  9 0.0041 0.9924 0.0035 
   HI_SS0422  9 0.0016 0.9969 0.0015 
   HI_SS0423  9 0.0032 0.9930 0.0039 
   HI_SS0424  9 0.0021 0.9964 0.0015 
   HI_SS0425  9 0.0036 0.9941 0.0023 
   NS_SS1146 10 0.0017 0.9961 0.0022 
   NS_SS1157 10 0.0060 0.9867 0.0072 
   NS_SS1144 10 0.0180 0.9604 0.0216 
   NS_SS1074 10 0.0038 0.9929 0.0033 
   NS_SS1122 10 0.0035 0.9915 0.0051 
   NS_SS1136 10 0.0011 0.9978 0.0011 
   NS_SS1077 10 0.0006 0.9985 0.0008 
   NS_SS1134 10 0.0118 0.9778 0.0104 
   NS_SS1091 10 0.0022 0.9963 0.0015 
   NS_SS1089 10 0.0025 0.9952 0.0023 
   NS_SS1123 10 0.0015 0.9971 0.0014 
   NS_SS1158 10 0.0011 0.9980 0.0009 
   NS_SS1093 10 0.0019 0.9961 0.0020 
   NS_SS1102 10 0.0063 0.9898 0.0038 
   NS_SS1056 10 0.0017 0.9967 0.0016 
   NS_SS1126 10 0.0025 0.9945 0.0030 
   NS_SS1058 10 0.0034 0.9929 0.0037 
   NS_SS1084 10 0.0013 0.9972 0.0015 
   NS_SS1095 10 0.0039 0.9887 0.0074 
   NS_SS1079 10 0.0015 0.9969 0.0016 
   NS_SS1149 10 0.0027 0.9948 0.0025 
   NS_SS1121 10 0.0016 0.9970 0.0014 
   NS_SS1067 10 0.0049 0.9907 0.0043 
   NS_SS1081 10 0.0021 0.9960 0.0019 
   NS_SS1130 10 0.0032 0.9942 0.0026 
   NS_SS1073 10 0.0024 0.9954 0.0022 
   NS_SS1133 10 0.0105 0.9856 0.0039 
   NS_SS1129 10 0.0011 0.9978 0.0011 
   NS_SS1085 10 0.0021 0.9955 0.0024 
   NS_SS1137 10 0.0036 0.9928 0.0036 
   NS_SS1135 10 0.0011 0.9975 0.0014 
   NS_SS1082 10 0.0016 0.9972 0.0011 
   NS_SS1125 10 0.0010 0.9978 0.0012 
   NS_SS1124 10 0.0066 0.9860 0.0073 
   NS_SS1155 10 0.0073 0.9843 0.0085 
   NS_SS1145 10 0.0014 0.9970 0.0016 
