   NS_SS0963  1 0.2032 0.0067 0.7901 
   NS_SS0983  1 0.9807 0.0035 0.0158 
   NS_SS0719  1 0.8373 0.0064 0.1563 
   NS_SS1001  1 0.3609 0.0054 0.6337 
   NS_SS0936  1 0.2797 0.0026 0.7177 
   NS_SS0955  1 0.9696 0.0033 0.0271 
   NS_SS0944  1 0.9625 0.0020 0.0355 
   NS_SS0945  1 0.2138 0.0085 0.7776 
   NS_SS0922  1 0.0369 0.0269 0.9362 
   NS_SS0929  1 0.9013 0.0028 0.0959 
   NS_SS0956  1 0.0192 0.0032 0.9776 
   NS_SS0906  1 0.4761 0.0033 0.5207 
   NS_SS0721  1 0.2710 0.0052 0.7239 
   NS_SS0982  1 0.0399 0.0139 0.9462 
   NS_SS0923  1 0.2805 0.0047 0.7147 
   NS_SS0905  1 0.8561 0.0017 0.1422 
   NS_SS0925  1 0.1753 0.0042 0.8205 
   NS_SS0947  1 0.0533 0.0045 0.9422 
   NS_SS0926  1 0.9898 0.0011 0.0091 
   NS_SS0918  1 0.0848 0.0020 0.9132 
   NS_SS0966  1 0.1792 0.0397 0.7811 
   NS_SS0938  1 0.0295 0.0014 0.9691 
   NS_SS0917  1 0.6029 0.0417 0.3555 
   NS_SS0957  1 0.0999 0.0058 0.8944 
   NS_SS0987  1 0.0965 0.2380 0.6655 
   NS_SS0717  1 0.0151 0.0022 0.9827 
   NS_SS0986  1 0.0526 0.0033 0.9440 
   NS_SS0953  1 0.0701 0.0159 0.9140 
   NS_SS0907  1 0.2018 0.0388 0.7593 
   NS_SS0974  1 0.8589 0.0028 0.1382 
   NS_SS0989  1 0.9610 0.0011 0.0379 
   NS_SS0991  1 0.9498 0.0016 0.0486 
   NS_SS0994  1 0.9926 0.0015 0.0059 
   NS_SS0931  1 0.9627 0.0103 0.0271 
   NS_SS1000  1 0.0262 0.0033 0.9705 
   NS_SS0919  1 0.9388 0.0030 0.0582 
   NS_SS0949  1 0.9835 0.0012 0.0153 
   NS_SS0960  1 0.9734 0.0051 0.0215 
   NS_SS0716  1 0.0056 0.0056 0.9888 
   NS_SS0924  1 0.9208 0.0176 0.0617 
   NS_SS0935  1 0.9807 0.0081 0.0112 
   NS_SS0952  1 0.9437 0.0343 0.0220 
   NS_SS0962  1 0.0098 0.0055 0.9847 
   NS_SS0973  1 0.8705 0.0048 0.1247 
   NS_SS0722  1 0.0490 0.0017 0.9493 
   NS_SS0979  1 0.0987 0.0018 0.8995 
   NS_SS0993  1 0.2103 0.0181 0.7717 
   NS_SS0958  1 0.9483 0.0029 0.0488 
   NS_SS0988  1 0.2112 0.0040 0.7847 
   NS_SS1003  1 0.0243 0.0080 0.9677 
   NS_SS0976  1 0.9715 0.0018 0.0267 
   NS_SS0964  1 0.0316 0.0024 0.9660 
   NS_SS0939  1 0.0158 0.0043 0.9799 
   NS_SS0990  1 0.0448 0.0031 0.9521 
   NS_SS0984  1 0.0108 0.0020 0.9872 
   NS_SS0980  1 0.7256 0.0017 0.2727 
   NS_SS0978  1 0.6390 0.0028 0.3582 
   NS_SS0951  1 0.7635 0.0025 0.2340 
   NS_SS0913  1 0.0486 0.0357 0.9157 
   NS_SS1002  1 0.0107 0.0328 0.9565 
   NS_SS0948  1 0.1248 0.0421 0.8332 
   NS_SS0916  1 0.8929 0.0050 0.1021 
   NS_SS0995  1 0.1341 0.0027 0.8632 
   NS_SS0927  1 0.5056 0.0051 0.4892 
   NS_SS0992  1 0.8892 0.0026 0.1082 
   NS_SS0912  1 0.4551 0.0024 0.5424 
   NS_SS0981  1 0.1980 0.0033 0.7987 
   NS_SS0729  2 0.9918 0.0027 0.0055 
   NS_SS0967  2 0.2742 0.0107 0.7151 
   NS_SS0941  2 0.5993 0.0838 0.3169 
   NS_SS0768  2 0.0245 0.0042 0.9713 
   NS_SS0726  2 0.9811 0.0065 0.0124 
   NS_SS0763  2 0.9724 0.0018 0.0258 
   NS_SS0730  2 0.0086 0.0029 0.9885 
   NS_SS0774  2 0.0083 0.0008 0.9910 
   NS_SS0723  2 0.0500 0.0015 0.9485 
   NS_SS0940  2 0.8795 0.0077 0.1128 
   NS_SS0762  2 0.0223 0.0027 0.9750 
   NS_SS0766  2 0.6292 0.0142 0.3566 
   NS_SS0724  2 0.0321 0.0036 0.9643 
   NS_SS0769  2 0.0504 0.0036 0.9460 
   NS_SS0777  2 0.3231 0.0129 0.6640 
   NS_SS0734  2 0.7627 0.0278 0.2095 
   NS_SS0737  2 0.0145 0.0044 0.9812 
   NS_SS0732  2 0.1031 0.0054 0.8915 
   NS_SS0728  2 0.1787 0.0103 0.8110 
   NS_SS0735  2 0.0899 0.0075 0.9026 
   NS_SS0725  2 0.0408 0.0060 0.9532 
   NS_SS0788  2 0.2233 0.0016 0.7751 
   NS_SS0778  2 0.2706 0.0019 0.7275 
   NS_SS0792  2 0.3618 0.0046 0.6336 
   NS_SS0943  2 0.9828 0.0056 0.0116 
   NS_SS0791  2 0.8134 0.0180 0.1686 
   NS_SS0790  2 0.0064 0.0033 0.9904 
   NS_SS0731  2 0.0202 0.0103 0.9695 
   NS_SS0727  2 0.9562 0.0017 0.0421 
   NS_SS0779  2 0.2151 0.0051 0.7798 
   NS_SS0776  2 0.4444 0.0059 0.5496 
   NS_SS0775  2 0.0161 0.0055 0.9784 
   NS_SS0965  3 0.1390 0.0015 0.8595 
   NS_SS0754  3 0.9169 0.0112 0.0718 
   NS_SS0838  3 0.1981 0.0439 0.7580 
   NS_SS0839  3 0.0115 0.0036 0.9848 
   NS_SS0832  3 0.0130 0.0383 0.9487 
   NS_SS0820  3 0.0083 0.0049 0.9869 
   NS_SS0886  3 0.8501 0.0018 0.1481 
   NS_SS0748  3 0.7261 0.0085 0.2654 
   NS_SS0884  3 0.4200 0.0225 0.5575 
   NS_SS0752  3 0.4838 0.0019 0.5143 
   NS_SS0862  3 0.0389 0.0036 0.9576 
   NS_SS0787  3 0.9705 0.0060 0.0235 
   NS_SS0843  3 0.3244 0.0017 0.6739 
   NS_SS0856  3 0.0303 0.0026 0.9672 
   NS_SS0846  3 0.7312 0.0032 0.2657 
   NS_SS0825  3 0.0605 0.0070 0.9326 
   NS_SS0757  3 0.7482 0.0036 0.2482 
   NS_SS0876  3 0.0298 0.2164 0.7538 
   NS_SS0903  3 0.2057 0.0024 0.7919 
   NS_SS0875  3 0.0375 0.0029 0.9596 
   NS_SS0740  3 0.8169 0.0035 0.1796 
   NS_SS0811  3 0.0226 0.0073 0.9701 
   NS_SS0751  3 0.1204 0.0021 0.8775 
   NS_SS0891  3 0.0370 0.0047 0.9582 
   NS_SS0867  3 0.9344 0.0241 0.0416 
   NS_SS0890  3 0.8799 0.0041 0.1160 
   NS_SS0866  3 0.9592 0.0046 0.0362 
   NS_SS0755  3 0.5680 0.0070 0.4249 
   NS_SS0758  3 0.2011 0.0019 0.7970 
   NS_SS0840  3 0.0063 0.0020 0.9916 
   NS_SS0889  3 0.8348 0.0023 0.1629 
   NS_SS1010  3 0.1059 0.0363 0.8578 
   NS_SS0888  3 0.9916 0.0016 0.0069 
   NS_SS0837  3 0.2618 0.0029 0.7353 
   NS_SS0794  3 0.9769 0.0015 0.0216 
   NS_SS0823  3 0.0260 0.0035 0.9706 
   NS_SS0829  3 0.8944 0.0980 0.0075 
   NS_SS0844  3 0.0162 0.0019 0.9820 
   NS_SS1008  3 0.8843 0.0080 0.1077 
   NS_SS0881  3 0.6629 0.0022 0.3349 
   NS_SS0834  3 0.0235 0.0055 0.9710 
   NS_SS0744  3 0.5856 0.0071 0.4073 
   NS_SS0899  3 0.0081 0.0011 0.9908 
   NS_SS0804  3 0.0094 0.0033 0.9872 
   NS_SS0781  3 0.0061 0.0025 0.9914 
   NS_SS0822  3 0.9457 0.0016 0.0527 
   NS_SS1004  3 0.6886 0.0034 0.3080 
   NS_SS0746  3 0.6598 0.0145 0.3258 
   NS_SS0880  3 0.4033 0.0014 0.5953 
   NS_SS0879  3 0.0569 0.0105 0.9327 
   NS_SS0753  3 0.9745 0.0077 0.0178 
   NS_SS1007  3 0.3324 0.0018 0.6658 
   NS_SS0872  3 0.0119 0.0017 0.9865 
   NS_SS1005  3 0.0259 0.0012 0.9729 
   NS_SS0892  3 0.2375 0.0018 0.7606 
   NS_SS0898  3 0.8832 0.0060 0.1108 
   NS_SS0801  3 0.1203 0.0100 0.8697 
   NS_SS0827  3 0.4983 0.1270 0.3747 
   NS_SS0853  3 0.0566 0.0042 0.9392 
   NS_SS0780  3 0.0460 0.0047 0.9492 
   NS_SS0826  3 0.3459 0.0034 0.6507 
   NS_SS0818  3 0.0975 0.0018 0.9007 
   NS_SS0745  3 0.0070 0.0011 0.9919 
   NS_SS0849  3 0.0611 0.0015 0.9374 
   NS_SS0739  3 0.0478 0.0121 0.9401 
   NS_SS0799  3 0.9820 0.0009 0.0171 
   NS_SS0756  3 0.0133 0.0028 0.9839 
   NS_SS0802  3 0.3074 0.2060 0.4865 
   NS_SS0747  3 0.7596 0.0061 0.2344 
   NS_SS0835  3 0.9722 0.0012 0.0267 
   NS_SS0742  3 0.1527 0.0011 0.8462 
   NS_SS0760  3 0.9354 0.0398 0.0249 
   NS_SS0803  3 0.0353 0.0064 0.9583 
   NS_SS0828  3 0.9401 0.0014 0.0585 
   NS_SS0865  3 0.2881 0.0270 0.6849 
   NS_SS0759  3 0.0136 0.0043 0.9821 
   NS_SS0851  3 0.0055 0.0088 0.9857 
   NS_SS0874  3 0.0308 0.0014 0.9679 
   NS_SS0761  3 0.9417 0.0021 0.0562 
   NS_SS0842  3 0.8139 0.0084 0.1777 
   NS_SS0785  3 0.6982 0.0050 0.2968 
   NS_SS0860  3 0.9532 0.0023 0.0445 
   NS_SS0897  3 0.9856 0.0015 0.0129 
   NS_SS0841  3 0.0278 0.0037 0.9684 
   NS_SS0797  3 0.8931 0.0245 0.0824 
   NS_SS0830  3 0.6126 0.0018 0.3856 
   NS_SS1011  3 0.0152 0.0050 0.9798 
   NS_SS0883  3 0.8949 0.0064 0.0986 
   NS_SS0782  3 0.0861 0.0021 0.9118 
   NS_SS0831  3 0.9740 0.0028 0.0232 
   NS_SS0749  3 0.9155 0.0036 0.0809 
   NS_SS0854  3 0.8686 0.0026 0.1288 
   HI_SS0193  4 0.9810 0.0017 0.0174 
   HI_SS0194  4 0.0280 0.0017 0.9703 
   HI_SS0195  4 0.0061 0.0846 0.9093 
   HI_SS0196  4 0.5363 0.0030 0.4607 
   HI_SS0197  4 0.0113 0.0105 0.9783 
   HI_SS0198  4 0.3829 0.0112 0.6060 
   HI_SS0199  4 0.9600 0.0024 0.0377 
   HI_SS0201  4 0.9896 0.0020 0.0085 
   HI_SS0215  4 0.8168 0.0033 0.1799 
   HI_SS0218  4 0.9897 0.0042 0.0061 
   HI_SS0222  4 0.0486 0.0043 0.9472 
   HI_SS0230  4 0.0373 0.0046 0.9581 
   HI_SS0234  4 0.2746 0.1550 0.5705 
   HI_SS0240  4 0.2123 0.0076 0.7801 
   HI_SS0241  4 0.9781 0.0019 0.0201 
   HI_SS0242  4 0.6338 0.0028 0.3633 
   HI_SS0247  4 0.0563 0.0201 0.9235 
   HI_SS0248  4 0.9926 0.0007 0.0067 
   HI_SS0252  4 0.0372 0.0020 0.9609 
   HI_SS0254  4 0.8963 0.0859 0.0178 
   HI_SS0256  4 0.0043 0.0011 0.9946 
   HI_SS0257  4 0.9835 0.0028 0.0137 
   HI_SS0258  4 0.9783 0.0045 0.0173 
   HI_SS0259  4 0.0446 0.0025 0.9529 
   HI_SS0260  4 0.9680 0.0015 0.0304 
   HI_SS0261  4 0.9733 0.0029 0.0238 
   HI_SS0262  4 0.0324 0.0065 0.9611 
   HI_SS0264  4 0.0114 0.0035 0.9851 
   HI_SS0265  4 0.0397 0.0887 0.8716 
   HI_SS0268  4 0.0351 0.0026 0.9622 
   HI_SS0269  4 0.9914 0.0019 0.0067 
   HI_SS0273  4 0.9394 0.0018 0.0588 
   HI_SS0277  4 0.1568 0.0020 0.8411 
   HI_SS0280  4 0.3679 0.0053 0.6268 
   HI_SS0282  4 0.9576 0.0012 0.0412 
   HI_SS0286  4 0.6346 0.0076 0.3578 
   NS_SS1252  5 0.9784 0.0035 0.0180 
   NS_SS1261  5 0.0442 0.0141 0.9418 
   NS_SS1225  5 0.6957 0.1094 0.1950 
   NS_SS1266  5 0.0089 0.0067 0.9844 
   NS_SS1228  5 0.0649 0.0123 0.9228 
   NS_SS1255  5 0.1249 0.0014 0.8738 
   NS_SS1267  5 0.9824 0.0123 0.0053 
   NS_SS1238  5 0.3247 0.0025 0.6727 
   NS_SS1233  5 0.1408 0.0021 0.8571 
   NS_SS1277  5 0.9798 0.0010 0.0192 
   NS_SS1245  5 0.9287 0.0016 0.0697 
   NS_SS1240  5 0.9797 0.0025 0.0178 
   NS_SS1275  5 0.0081 0.0026 0.9893 
   NS_SS1235  5 0.4820 0.0055 0.5125 
   NS_SS1263  5 0.1381 0.0009 0.8610 
   NS_SS1251  5 0.1366 0.0013 0.8621 
   NS_SS1248  5 0.1564 0.0997 0.7439 
   NS_SS1244  5 0.9378 0.0048 0.0574 
   NS_SS1257  5 0.8807 0.0290 0.0903 
   NS_SS1242  5 0.0054 0.0017 0.9929 
   NS_SS1271  5 0.9699 0.0236 0.0064 
   NS_SS1265  5 0.4918 0.0195 0.4887 
   NS_SS1243  5 0.0535 0.0717 0.8747 
   NS_SS1273  5 0.0144 0.0075 0.9781 
   NS_SS1254  5 0.4193 0.0075 0.5732 
   NS_SS1224  5 0.0157 0.0076 0.9767 
   NS_SS1227  5 0.9897 0.0017 0.0086 
   NS_SS1274  5 0.9461 0.0152 0.0387 
   NS_SS1241  5 0.9773 0.0009 0.0218 
   NS_SS1256  5 0.2562 0.0343 0.7095 
   NS_SS1260  5 0.7862 0.0682 0.1456 
   NS_SS1262  5 0.7166 0.1802 0.1033 
   NS_SS1230  5 0.8318 0.0073 0.1610 
   NS_SS1270  5 0.0452 0.0022 0.9527 
   NS_SS1229  5 0.1545 0.0040 0.8415 
   NS_SS1246  5 0.9674 0.0024 0.0302 
   NS_SS1269  5 0.2063 0.0024 0.7913 
   NS_SS1239  5 0.1308 0.0056 0.8637 
   NS_SS1272  5 0.0284 0.0049 0.9668 
   NS_SS1268  5 0.1354 0.0019 0.8626 
   NS_SS1249  5 0.9812 0.0107 0.0081 
   HI_SS0559  6 0.8505 0.0016 0.1480 
   HI_SS0563  6 0.5288 0.0027 0.4685 
   HI_SS0564  6 0.3438 0.0554 0.6007 
   HI_SS0565  6 0.5907 0.0029 0.4064 
   HI_SS0569  6 0.9860 0.0020 0.0120 
   HI_SS0570  6 0.9458 0.0315 0.0227 
   HI_SS0572  6 0.0447 0.0019 0.9534 
   HI_SS0576  6 0.1004 0.0053 0.8944 
   HI_SS0579  6 0.9490 0.0179 0.0332 
   HI_SS0580  6 0.7518 0.0044 0.2437 
   HI_SS0581  6 0.0123 0.0530 0.9346 
   HI_SS0583  6 0.5549 0.0023 0.4428 
   HI_SS0586  6 0.9859 0.0011 0.0130 
   HI_SS0588  6 0.9572 0.0134 0.0294 
   HI_SS0595  6 0.9285 0.0281 0.0433 
   HI_SS0596  6 0.0216 0.0018 0.9766 
   HI_SS0597  6 0.0144 0.0021 0.9835 
   HI_SS0600  6 0.6975 0.0034 0.2991 
   HI_SS0601  6 0.9235 0.0117 0.0648 
   HI_SS0602  6 0.8183 0.0024 0.1792 
   HI_SS0604  6 0.3010 0.0019 0.6972 
   HI_SS0605  6 0.7007 0.0078 0.2915 
   HI_SS0608  6 0.7660 0.0012 0.2328 
   HI_SS0609  6 0.0212 0.0007 0.9780 
   HI_SS0611  6 0.9283 0.0030 0.0688 
   HI_SS0612  6 0.9538 0.0079 0.0384 
   HI_SS0613  6 0.1076 0.0013 0.8911 
   HI_SS0615  6 0.0494 0.0087 0.9419 
   HI_SS0001  6 0.8317 0.0035 0.1648 
   HI_SS0002  6 0.0291 0.0212 0.9497 
   HI_SS0004  6 0.8559 0.0052 0.1389 
   HI_SS0005  6 0.1948 0.0060 0.7992 
   HI_SS0006  6 0.4574 0.0018 0.5408 
   HI_SS0007  6 0.9836 0.0019 0.0145 
   HI_SS0008  6 0.6732 0.0416 0.2852 
   HI_SS0009  6 0.1717 0.0043 0.8240 
   HI_SS0010  6 0.9448 0.0033 0.0519 
   HI_SS0011  6 0.1123 0.0865 0.8012 
   HI_SS0012  6 0.0274 0.0043 0.9683 
   HI_SS0017  6 0.0505 0.0018 0.9477 
   HI_SS0021  6 0.1239 0.2387 0.6374 
   HI_SS0024  6 0.0400 0.0020 0.9580 
   HI_SS0025  6 0.0195 0.0032 0.9773 
   HI_SS0027  6 0.9768 0.0112 0.0120 
   HI_SS0028  6 0.0099 0.0015 0.9887 
   HI_SS0029  6 0.0447 0.0069 0.9485 
   HI_SS0030  6 0.9782 0.0046 0.0171 
   HI_SS0031  6 0.8267 0.0038 0.1695 
   HI_SS0034  6 0.9868 0.0046 0.0086 
   HI_SS0036  6 0.9711 0.0123 0.0166 
   HI_SS0037  6 0.5559 0.0039 0.4402 
   HI_SS0039  6 0.9533 0.0032 0.0434 
   HI_SS0041  6 0.0119 0.0017 0.9863 
   HI_SS0042  6 0.0387 0.1149 0.8464 
   HI_SS0043  6 0.9898 0.0026 0.0077 
   HI_SS0044  6 0.2070 0.0020 0.7910 
   HI_SS0047  6 0.1144 0.0023 0.8833 
   HI_SS0049  6 0.1445 0.0039 0.8516 
   HI_SS0051  6 0.1959 0.0022 0.8019 
   HI_SS0053  6 0.9893 0.0032 0.0074 
   HI_SS0054  6 0.9919 0.0021 0.0060 
   HI_SS0057  6 0.6324 0.0034 0.3642 
   HI_SS0058  6 0.5832 0.0063 0.4104 
   HI_SS0060  6 0.8550 0.0827 0.0623 
   HI_SS0087  6 0.3630 0.0022 0.6349 
   HI_SS0091  6 0.9822 0.0010 0.0168 
   HI_SS0095  6 0.7932 0.0559 0.1509 
   HI_SS0097  6 0.6015 0.0044 0.3941 
   HI_SS0099  6 0.0134 0.0033 0.9832 
   HI_SS0103  6 0.0723 0.0029 0.9248 
   HI_SS0105  6 0.0786 0.0237 0.8977 
   HI_SS0107  6 0.0150 0.0010 0.9840 
   HI_SS0108  6 0.9807 0.0144 0.0049 
   HI_SS0110  6 0.7318 0.0011 0.2671 
   HI_SS0111  6 0.0459 0.0225 0.9316 
   HI_SS0112  6 0.9930 0.0010 0.0060 
   HI_SS0113  6 0.0091 0.0030 0.9879 
   HI_SS0114  6 0.9535 0.0057 0.0408 
   HI_SS0115  6 0.8273 0.0172 0.1556 
   HI_SS0116  6 0.8180 0.0034 0.1786 
   HI_SS0117  6 0.8975 0.0021 0.1004 
   HI_SS0118  6 0.5512 0.0114 0.4374 
   HI_SS0119  6 0.9795 0.0020 0.0185 
   HI_SS0120  6 0.0081 0.0024 0.9895 
   HI_SS0121  6 0.0091 0.0015 0.9894 
   HI_SS0122  6 0.0756 0.0223 0.9021 
   HI_SS0123  6 0.2739 0.0052 0.7208 
   HI_SS0124  6 0.0149 0.0026 0.9826 
   HI_SS0125  6 0.0389 0.0340 0.9272 
   HI_SS0126  6 0.9903 0.0008 0.0089 
   HI_SS0127  6 0.8452 0.0093 0.1455 
   HI_SS0128  6 0.5679 0.0025 0.4296 
   HI_SS0129  6 0.3942 0.0097 0.5962 
   HI_SS0131  6 0.6542 0.0394 0.3065 
   HI_SS0132  6 0.6801 0.0006 0.3193 
   HI_SS0133  6 0.9950 0.0012 0.0038 
   HI_SS0134  6 0.8251 0.0021 0.1728 
   HI_SS0142  6 0.1115 0.0188 0.8697 
   HI_SS0145  6 0.9122 0.0013 0.0865 
   HI_SS0146  6 0.9731 0.0010 0.0259 
   HI_SS0147  6 0.0085 0.0173 0.9742 
   HI_SS0149  6 0.4255 0.0043 0.5702 
   HI_SS0150  6 0.0220 0.0036 0.9744 
   HI_SS0151  6 0.9028 0.0118 0.0854 
   NS_SS1451  6 0.0130 0.0028 0.9841 
   NS_SS1404  6 0.0156 0.0083 0.9761 
   NS_SS1432  6 0.0060 0.0292 0.9648 
   NS_SS1405  6 0.0539 0.0028 0.9433 
   NS_SS1431  6 0.0172 0.0010 0.9818 
   NS_SS1402  6 0.1051 0.0022 0.8927 
   NS_SS1450  6 0.9222 0.0037 0.0741 
   NS_SS1396  6 0.0298 0.0051 0.9650 
   NS_SS1393  6 0.2810 0.0035 0.7155 
   NS_SS1392  6 0.0960 0.0148 0.8892 
   NS_SS1445  6 0.9328 0.0094 0.0578 
   NS_SS1423  6 0.9712 0.0016 0.0271 
   NS_SS1421  6 0.7547 0.0962 0.1491 
   NS_SS1411  6 0.9470 0.0015 0.0515 
   NS_SS1453  6 0.6813 0.0059 0.3129 
   NS_SS1442  6 0.1670 0.0034 0.8296 
   NS_SS1422  6 0.8535 0.0119 0.1346 
   NS_SS1419  6 0.1309 0.1561 0.7130 
   NS_SS1427  6 0.9919 0.0017 0.0065 
   NS_SS1444  6 0.0151 0.0032 0.9817 
   NS_SS1455  6 0.0092 0.0012 0.9896 
   NS_SS1425  6 0.9888 0.0014 0.0098 
   NS_SS1400  6 0.9144 0.0012 0.0843 
   NS_SS1406  6 0.0176 0.0082 0.9742 
   NS_SS1417  6 0.1178 0.0075 0.8747 
   NS_SS1454  6 0.2799 0.0012 0.7190 
   NS_SS1412  6 0.4667 0.0219 0.5114 
   NS_SS1438  6 0.9811 0.0015 0.0175 
   NS_SS1416  6 0.0156 0.0052 0.9791 
   NS_SS1401  6 0.0982 0.0097 0.8921 
   NS_SS1424  6 0.6625 0.0110 0.3266 
   NS_SS1435  6 0.8325 0.0028 0.1647 
   NS_SS1447  6 0.0138 0.0053 0.9810 
   NS_SS1414  6 0.0131 0.0055 0.9814 
   NS_SS1449  6 0.6653 0.0044 0.3303 
   NS_SS1443  6 0.9930 0.0013 0.0058 
   NS_SS1434  6 0.8565 0.0006 0.1429 
   NS_SS1398  6 0.4354 0.0225 0.5420 
   NS_SS1426  6 0.9851 0.0018 0.0131 
   NS_SS1413  6 0.9827 0.0095 0.0078 
   NS_SS1395  6 0.9679 0.0107 0.0214 
   NS_SS1448  6 0.8869 0.0016 0.1115 
   NS_SS1446  6 0.3957 0.0033 0.6010 
   NS_SS1403  6 0.3065 0.0062 0.6873 
   NS_SS1415  6 0.9782 0.0093 0.0125 
   NS_SS1437  6 0.3146 0.0081 0.6773 
   NS_SS1439  6 0.0730 0.0029 0.9242 
   NS_SS1441  6 0.9655 0.0018 0.0327 
   NS_SS1420  6 0.0172 0.0024 0.9804 
   NS_SS1394  6 0.0498 0.0377 0.9125 
   NS_SS1391  6 0.7399 0.0129 0.2472 
   NS_SS1410  6 0.3616 0.0132 0.6251 
   NS_SS1408  6 0.7134 0.0612 0.2255 
   NS_SS1409  6 0.2212 0.0024 0.7764 
   HI_SS0617  7 0.4866 0.0011 0.5124 
   HI_SS0618  7 0.1202 0.0019 0.8779 
   HI_SS0619  7 0.1208 0.0033 0.8759 
   HI_SS0620  7 0.9904 0.0025 0.0072 
   HI_SS0621  7 0.0503 0.0126 0.9371 
   HI_SS0622  7 0.5267 0.0107 0.4626 
   HI_SS0626  7 0.1495 0.0087 0.8418 
   HI_SS0627  7 0.0103 0.0062 0.9836 
   HI_SS0628  7 0.3699 0.0527 0.5774 
   HI_SS0629  7 0.3113 0.0061 0.6826 
   HI_SS0630  7 0.8626 0.0487 0.0887 
   HI_SS0631  7 0.9811 0.0008 0.0180 
   HI_SS0632  7 0.5998 0.0030 0.3972 
   HI_SS0633  7 0.0117 0.0029 0.9854 
   HI_SS0634  7 0.1633 0.0019 0.8348 
   HI_SS0635  7 0.0657 0.0063 0.9279 
   HI_SS0637  7 0.2002 0.0029 0.7970 
   HI_SS0638  7 0.4912 0.0014 0.5074 
   HI_SS0639  7 0.0215 0.0375 0.9410 
   HI_SS0640  7 0.9601 0.0016 0.0383 
   HI_SS0641  7 0.9387 0.0052 0.0561 
   HI_SS0642  7 0.5790 0.0018 0.4192 
   HI_SS0645  7 0.0160 0.0009 0.9831 
   HI_SS0646  7 0.6524 0.0028 0.3448 
   HI_SS0647  7 0.6755 0.0010 0.3235 
   HI_SS0648  7 0.8373 0.0035 0.1592 
   HI_SS0649  7 0.0893 0.0017 0.9090 
   HI_SS0650  7 0.0822 0.0032 0.9146 
   HI_SS0651  7 0.9060 0.0041 0.0899 
   HI_SS0652  7 0.0170 0.0026 0.9804 
   NS_SS1371  7 0.9546 0.0066 0.0388 
   NS_SS1374  7 0.8100 0.0024 0.1876 
   NS_SS1337  7 0.0188 0.0024 0.9788 
   NS_SS1385  7 0.2801 0.0043 0.7157 
   NS_SS1388  7 0.0418 0.0062 0.9520 
   NS_SS1370  7 0.2708 0.0093 0.7199 
   NS_SS1389  7 0.0126 0.0030 0.9844 
   NS_SS1360  7 0.9633 0.0041 0.0326 
   NS_SS1330  7 0.0134 0.0030 0.9836 
   NS_SS1328  7 0.9699 0.0021 0.0281 
   NS_SS1384  7 0.9570 0.0036 0.0394 
   NS_SS1381  7 0.0234 0.0010 0.9756 
   NS_SS1375  7 0.0240 0.0011 0.9748 
   NS_SS1319  7 0.5764 0.1047 0.3189 
   NS_SS1326  7 0.8983 0.0107 0.0910 
   NS_SS1341  7 0.4312 0.0054 0.5634 
   NS_SS1383  7 0.7176 0.0045 0.2780 
   NS_SS1318  7 0.0773 0.0152 0.9075 
   NS_SS1348  7 0.9914 0.0011 0.0075 
   NS_SS1363  7 0.0521 0.0047 0.9432 
   NS_SS1335  7 0.9672 0.0232 0.0096 
   NS_SS1358  7 0.9591 0.0153 0.0256 
   NS_SS1342  7 0.8890 0.0014 0.1096 
   NS_SS1320  7 0.0080 0.0059 0.9861 
   NS_SS1355  7 0.0215 0.0116 0.9669 
   NS_SS1345  7 0.6442 0.0183 0.3375 
   NS_SS1324  7 0.9628 0.0024 0.0349 
   NS_SS1347  7 0.9551 0.0042 0.0407 
   NS_SS1321  7 0.5925 0.0015 0.4061 
   NS_SS1333  7 0.4992 0.0030 0.4978 
   NS_SS1364  7 0.9384 0.0021 0.0595 
   NS_SS1379  7 0.1532 0.0548 0.7919 
   NS_SS1332  7 0.9852 0.0044 0.0104 
   NS_SS1338  7 0.8147 0.0076 0.1777 
   NS_SS1368  7 0.8523 0.0047 0.1430 
   NS_SS1354  7 0.0765 0.0124 0.9111 
   NS_SS1365  7 0.1891 0.0083 0.8026 
   NS_SS1380  7 0.0099 0.0148 0.9753 
   NS_SS1329  7 0.7843 0.0031 0.2127 
   NS_SS1362  7 0.4462 0.0040 0.5498 
   NS_SS1327  7 0.9940 0.0024 0.0035 
   NS_SS1350  7 0.8595 0.0108 0.1297 
   NS_SS1387  7 0.0351 0.0025 0.9625 
   NS_SS1369  7 0.9637 0.0031 0.0332 
   NS_SS1331  7 0.1094 0.0094 0.8812 
   NS_SS1357  7 0.8137 0.0032 0.1831 
   NS_SS1386  7 0.9930 0.0025 0.0045 
   NS_SS1353  7 0.0386 0.0032 0.9583 
   NS_SS1323  7 0.0827 0.0682 0.8490 
   HI_SS0296  8 0.9815 0.0018 0.0168 
   HI_SS0297  8 0.7722 0.0008 0.2271 
   HI_SS0299  8 0.7408 0.0273 0.2319 
   HI_SS0300  8 0.8797 0.0012 0.1191 
   HI_SS0301  8 0.2924 0.0038 0.7038 
   HI_SS0302  8 0.9643 0.0184 0.0172 
   HI_SS0303  8 0.9791 0.0050 0.0159 
   HI_SS0304  8 0.0199 0.0021 0.9779 
   HI_SS0306  8 0.9890 0.0028 0.0082 
   HI_SS0307  8 0.0126 0.0064 0.9810 
   HI_SS0308  8 0.4831 0.0915 0.4255 
   HI_SS0309  8 0.1368 0.0028 0.8605 
   HI_SS0310  8 0.2966 0.0058 0.6976 
   HI_SS0311  8 0.2888 0.0021 0.7091 
   HI_SS0314  8 0.7120 0.0014 0.2866 
   HI_SS0316  8 0.8154 0.0050 0.1797 
   HI_SS0317  8 0.3040 0.0019 0.6942 
   HI_SS0318  8 0.7256 0.2079 0.0666 
   HI_SS0319  8 0.9916 0.0038 0.0046 
   HI_SS0320  8 0.0087 0.0010 0.9903 
   HI_SS0321  8 0.8713 0.0017 0.1270 
   HI_SS0323  8 0.2754 0.0013 0.7232 
   HI_SS0325  8 0.9186 0.0018 0.0797 
   HI_SS0327  8 0.9926 0.0012 0.0062 
   HI_SS0329  8 0.0471 0.0012 0.9518 
   HI_SS0333  8 0.1502 0.0023 0.8476 
   HI_SS0334  8 0.9844 0.0013 0.0143 
   HI_SS0335  8 0.0972 0.0172 0.8857 
   HI_SS0339  8 0.0551 0.0121 0.9328 
   HI_SS0343  8 0.0976 0.0018 0.9006 
   HI_SS0344  8 0.9930 0.0023 0.0047 
   HI_SS0345  8 0.0837 0.0073 0.9091 
   HI_SS0346  8 0.1970 0.0031 0.7999 
   HI_SS0350  8 0.0074 0.0084 0.9842 
   HI_SS0351  8 0.2243 0.0032 0.7725 
   HI_SS0352  8 0.0162 0.0885 0.8953 
   HI_SS0362  8 0.8675 0.0020 0.1305 
   HI_SS0363  8 0.9844 0.0025 0.0131 
   HI_SS0365  8 0.9459 0.0046 0.0495 
   HI_SS0366  8 0.9760 0.0014 0.0226 
   HI_SS0367  8 0.0079 0.0018 0.9903 
   HI_SS0369  8 0.0143 0.0019 0.9838 
   HI_SS0370  8 0.8322 0.0029 0.1649 
   HI_SS0371  8 0.9322 0.0038 0.0640 
   HI_SS0373  8 0.2395 0.0089 0.7517 
   HI_SS0374  8 0.0331 0.0243 0.9426 
   HI_SS0377  8 0.8731 0.0906 0.0363 
   HI_SS0379  8 0.9961 0.0009 0.0030 
   HI_SS0380  8 0.0724 0.0056 0.9220 
   HI_SS0381  8 0.0230 0.0036 0.9733 
   HI_SS0384  8 0.8254 0.0087 0.1659 
   HI_SS0385  8 0.3123 0.0009 0.6868 
   HI_SS0386  9 0.0014 0.9966 0.0020 
   HI_SS0387  9 0.0151 0.9741 0.0108 
   HI_SS0389  9 0.0031 0.9936 0.0034 
   HI_SS0390  9 0.0020 0.9965 0.0015 
   HI_SS0391  9 0.0017 0.9955 0.0028 
   HI_SS0392  9 0.0015 0.9969 0.0016 
   HI_SS0393  9 0.0019 0.9969 0.0013 
   HI_SS0394  9 0.0013 0.9970 0.0017 
   HI_SS0395  9 0.0032 0.9927 0.0041 
   HI_SS0396  9 0.0073 0.9802 0.0125 
   HI_SS0398  9 0.0049 0.9901 0.0050 
   HI_SS0399  9 0.0010 0.9981 0.0010 
   HI_SS0400  9 0.0020 0.9961 0.0019 
   HI_SS0401  9 0.0014 0.9971 0.0015 
   HI_SS0402  9 0.0012 0.9975 0.0013 
   HI_SS0403  9 0.0012 0.9974 0.0014 
   HI_SS0404  9 0.0014 0.9975 0.0011 
   HI_SS0405  9 0.0178 0.9611 0.0211 
   HI_SS0406  9 0.0020 0.9963 0.0017 
   HI_SS0407  9 0.0067 0.9870 0.0063 
   HI_SS0408  9 0.0009 0.9978 0.0012 
   HI_SS0409  9 0.0027 0.9948 0.0025 
   HI_SS0411  9 0.0027 0.9948 0.0025 
   HI_SS0412  9 0.1010 0.8217 0.0773 
   HI_SS0413  9 0.0024 0.9950 0.0026 
   HI_SS0414  9 0.0136 0.9667 0.0197 
   HI_SS0415  9 0.0021 0.9962 0.0016 
   HI_SS0416  9 0.0032 0.9932 0.0036 
   HI_SS0418  9 0.0044 0.9918 0.0038 
   HI_SS0419  9 0.0027 0.9941 0.0032 
   HI_SS0420  9 0.0020 0.9962 0.0019 
   HI_SS0421  9 0.0041 0.9915 0.0045 
   HI_SS0422  9 0.0010 0.9976 0.0014 
   HI_SS0423  9 0.0037 0.9925 0.0038 
   HI_SS0424  9 0.0010 0.9970 0.0020 
   HI_SS0425  9 0.0023 0.9943 0.0035 
   NS_SS1146 10 0.0025 0.9956 0.0019 
   NS_SS1157 10 0.0070 0.9875 0.0055 
   NS_SS1144 10 0.0241 0.9584 0.0175 
   NS_SS1074 10 0.0034 0.9934 0.0032 
   NS_SS1122 10 0.0052 0.9909 0.0039 
   NS_SS1136 10 0.0010 0.9977 0.0013 
   NS_SS1077 10 0.0007 0.9986 0.0007 
   NS_SS1134 10 0.0096 0.9787 0.0118 
   NS_SS1091 10 0.0017 0.9960 0.0023 
   NS_SS1089 10 0.0029 0.9949 0.0022 
   NS_SS1123 10 0.0010 0.9978 0.0012 
   NS_SS1158 10 0.0009 0.9982 0.0009 
   NS_SS1093 10 0.0027 0.9950 0.0023 
   NS_SS1102 10 0.0040 0.9905 0.0055 
   NS_SS1056 10 0.0015 0.9969 0.0015 
   NS_SS1126 10 0.0033 0.9945 0.0022 
   NS_SS1058 10 0.0039 0.9920 0.0041 
   NS_SS1084 10 0.0010 0.9976 0.0015 
   NS_SS1095 10 0.0065 0.9890 0.0045 
   NS_SS1079 10 0.0013 0.9974 0.0012 
   NS_SS1149 10 0.0024 0.9948 0.0028 
   NS_SS1121 10 0.0014 0.9971 0.0015 
   NS_SS1067 10 0.0044 0.9904 0.0052 
   NS_SS1081 10 0.0022 0.9953 0.0025 
   NS_SS1130 10 0.0027 0.9941 0.0032 
   NS_SS1073 10 0.0021 0.9953 0.0026 
   NS_SS1133 10 0.0038 0.9853 0.0109 
   NS_SS1129 10 0.0011 0.9977 0.0013 
   NS_SS1085 10 0.0020 0.9960 0.0020 
   NS_SS1137 10 0.0046 0.9917 0.0037 
   NS_SS1135 10 0.0011 0.9977 0.0012 
   NS_SS1082 10 0.0013 0.9968 0.0019 
   NS_SS1125 10 0.0012 0.9978 0.0010 
   NS_SS1124 10 0.0055 0.9883 0.0062 
   NS_SS1155 10 0.0078 0.9856 0.0066 
   NS_SS1145 10 0.0018 0.9965 0.0017 
