

----------------------------------------------------
STRUCTURE by Pritchard, Stephens and Donnelly (2000)
     and Falush, Stephens and Pritchard (2003)
       Code by Pritchard, Falush and Hubisz
             Version 2.3.4 (Jul 2012)
----------------------------------------------------



Command line arguments:   /home/genobiwan/Documents/Programs/Structure/structure -m parameter_job_k3_r2 
Input File:    /media/genobiwan/Storage/Projets/Mackerel_NWA_2021/data_job_k3_r2

Run parameters:
   629 individuals
   4140 loci
   3 populations assumed
   10000 Burn-in period
   100000 Reps


--------------------------------------------
Proportion of membership of each pre-defined
 population in each of the 3 clusters

Given    Inferred Clusters       Number of
 Pop       1      2      3      Individuals

  1:     0.444  0.012  0.545       67
  2:     0.355  0.009  0.637       32
  3:     0.428  0.013  0.559       92
  4:     0.500  0.015  0.485       36
  5:     0.466  0.019  0.514       41
  6:     0.501  0.013  0.486      158
  7:     0.481  0.009  0.509       79
  8:     0.507  0.014  0.480       52
  9:     0.006  0.988  0.006       36
 10:     0.004  0.993  0.004       36
--------------------------------------------

Allele-freq. divergence among pops (Net nucleotide distance),
computed using point estimates of P.

      1       2       3      
 1      -    0.0049  0.0002  
 2   0.0049     -    0.0047  
 3   0.0002  0.0047     -    

Average distances (expected heterozygosity) between individuals in same cluster:
cluster  1  : 0.3185 
cluster  2  : 0.3057 
cluster  3  : 0.3185 

--------------------------------------------
Estimated Ln Prob of Data   = -2472930.5
Mean value of ln likelihood = -2467712.5
Variance of ln likelihood   = 10436.2
Mean value of alpha         = 0.0376

Mean value of Fst_1         = 0.0021
Mean value of Fst_2         = 0.0374
Mean value of Fst_3         = 0.0013


Inferred ancestry of individuals:
        Label (%Miss) Pop:  Inferred clusters
  1 NS_SS0963    (4)    1 :  0.203 0.007 0.790 
  2 NS_SS0983    (1)    1 :  0.981 0.003 0.016 
  3 NS_SS0719    (9)    1 :  0.837 0.006 0.156 
  4 NS_SS1001    (8)    1 :  0.361 0.005 0.634 
  5 NS_SS0936    (4)    1 :  0.280 0.003 0.718 
  6 NS_SS0955    (6)    1 :  0.970 0.003 0.027 
  7 NS_SS0944    (3)    1 :  0.963 0.002 0.035 
  8 NS_SS0945    (3)    1 :  0.214 0.009 0.778 
  9 NS_SS0922    (2)    1 :  0.037 0.027 0.936 
 10 NS_SS0929    (7)    1 :  0.901 0.003 0.096 
 11 NS_SS0956    (1)    1 :  0.019 0.003 0.978 
 12 NS_SS0906    (3)    1 :  0.476 0.003 0.521 
 13 NS_SS0721    (6)    1 :  0.271 0.005 0.724 
 14 NS_SS0982    (4)    1 :  0.040 0.014 0.946 
 15 NS_SS0923    (6)    1 :  0.281 0.005 0.715 
 16 NS_SS0905    (6)    1 :  0.856 0.002 0.142 
 17 NS_SS0925    (3)    1 :  0.175 0.004 0.820 
 18 NS_SS0947    (6)    1 :  0.053 0.004 0.942 
 19 NS_SS0926    (2)    1 :  0.990 0.001 0.009 
 20 NS_SS0918    (6)    1 :  0.085 0.002 0.913 
 21 NS_SS0966    (4)    1 :  0.179 0.040 0.781 
 22 NS_SS0938    (2)    1 :  0.029 0.001 0.969 
 23 NS_SS0917    (2)    1 :  0.603 0.042 0.355 
 24 NS_SS0957   (11)    1 :  0.100 0.006 0.894 
 25 NS_SS0987    (1)    1 :  0.096 0.238 0.666 
 26 NS_SS0717    (4)    1 :  0.015 0.002 0.983 
 27 NS_SS0986    (2)    1 :  0.053 0.003 0.944 
 28 NS_SS0953    (3)    1 :  0.070 0.016 0.914 
 29 NS_SS0907    (3)    1 :  0.202 0.039 0.759 
 30 NS_SS0974    (6)    1 :  0.859 0.003 0.138 
 31 NS_SS0989    (1)    1 :  0.961 0.001 0.038 
 32 NS_SS0991    (3)    1 :  0.950 0.002 0.049 
 33 NS_SS0994    (2)    1 :  0.993 0.002 0.006 
 34 NS_SS0931    (6)    1 :  0.963 0.010 0.027 
 35 NS_SS1000    (5)    1 :  0.026 0.003 0.970 
 36 NS_SS0919    (1)    1 :  0.939 0.003 0.058 
 37 NS_SS0949    (4)    1 :  0.983 0.001 0.015 
 38 NS_SS0960   (10)    1 :  0.973 0.005 0.021 
 39 NS_SS0716    (2)    1 :  0.006 0.006 0.989 
 40 NS_SS0924    (8)    1 :  0.921 0.018 0.062 
 41 NS_SS0935    (2)    1 :  0.981 0.008 0.011 
 42 NS_SS0952   (14)    1 :  0.944 0.034 0.022 
 43 NS_SS0962   (11)    1 :  0.010 0.006 0.985 
 44 NS_SS0973    (5)    1 :  0.871 0.005 0.125 
 45 NS_SS0722    (1)    1 :  0.049 0.002 0.949 
 46 NS_SS0979   (13)    1 :  0.099 0.002 0.899 
 47 NS_SS0993    (2)    1 :  0.210 0.018 0.772 
 48 NS_SS0958    (1)    1 :  0.948 0.003 0.049 
 49 NS_SS0988    (4)    1 :  0.211 0.004 0.785 
 50 NS_SS1003    (2)    1 :  0.024 0.008 0.968 
 51 NS_SS0976    (1)    1 :  0.971 0.002 0.027 
 52 NS_SS0964   (10)    1 :  0.032 0.002 0.966 
 53 NS_SS0939    (4)    1 :  0.016 0.004 0.980 
 54 NS_SS0990    (6)    1 :  0.045 0.003 0.952 
 55 NS_SS0984    (2)    1 :  0.011 0.002 0.987 
 56 NS_SS0980   (10)    1 :  0.726 0.002 0.273 
 57 NS_SS0978    (4)    1 :  0.639 0.003 0.358 
 58 NS_SS0951   (18)    1 :  0.764 0.002 0.234 
 59 NS_SS0913    (3)    1 :  0.049 0.036 0.916 
 60 NS_SS1002    (1)    1 :  0.011 0.033 0.956 
 61 NS_SS0948    (1)    1 :  0.125 0.042 0.833 
 62 NS_SS0916    (4)    1 :  0.893 0.005 0.102 
 63 NS_SS0995    (1)    1 :  0.134 0.003 0.863 
 64 NS_SS0927    (6)    1 :  0.506 0.005 0.489 
 65 NS_SS0992    (5)    1 :  0.889 0.003 0.108 
 66 NS_SS0912    (1)    1 :  0.455 0.002 0.542 
 67 NS_SS0981    (1)    1 :  0.198 0.003 0.799 
 68 NS_SS0729    (5)    2 :  0.992 0.003 0.005 
 69 NS_SS0967   (15)    2 :  0.274 0.011 0.715 
 70 NS_SS0941    (8)    2 :  0.599 0.084 0.317 
 71 NS_SS0768   (12)    2 :  0.025 0.004 0.971 
 72 NS_SS0726    (5)    2 :  0.981 0.007 0.012 
 73 NS_SS0763    (4)    2 :  0.972 0.002 0.026 
 74 NS_SS0730    (6)    2 :  0.009 0.003 0.989 
 75 NS_SS0774    (2)    2 :  0.008 0.001 0.991 
 76 NS_SS0723    (3)    2 :  0.050 0.001 0.949 
 77 NS_SS0940   (10)    2 :  0.879 0.008 0.113 
 78 NS_SS0762    (1)    2 :  0.022 0.003 0.975 
 79 NS_SS0766   (11)    2 :  0.629 0.014 0.357 
 80 NS_SS0724    (1)    2 :  0.032 0.004 0.964 
 81 NS_SS0769    (3)    2 :  0.050 0.004 0.946 
 82 NS_SS0777    (1)    2 :  0.323 0.013 0.664 
 83 NS_SS0734    (6)    2 :  0.763 0.028 0.209 
 84 NS_SS0737    (3)    2 :  0.014 0.004 0.981 
 85 NS_SS0732    (5)    2 :  0.103 0.005 0.891 
 86 NS_SS0728    (5)    2 :  0.179 0.010 0.811 
 87 NS_SS0735    (9)    2 :  0.090 0.007 0.903 
 88 NS_SS0725    (1)    2 :  0.041 0.006 0.953 
 89 NS_SS0788    (2)    2 :  0.223 0.002 0.775 
 90 NS_SS0778    (2)    2 :  0.271 0.002 0.728 
 91 NS_SS0792    (6)    2 :  0.362 0.005 0.634 
 92 NS_SS0943   (11)    2 :  0.983 0.006 0.012 
 93 NS_SS0791    (2)    2 :  0.813 0.018 0.169 
 94 NS_SS0790    (5)    2 :  0.006 0.003 0.990 
 95 NS_SS0731    (6)    2 :  0.020 0.010 0.969 
 96 NS_SS0727    (7)    2 :  0.956 0.002 0.042 
 97 NS_SS0779   (13)    2 :  0.215 0.005 0.780 
 98 NS_SS0776    (3)    2 :  0.444 0.006 0.550 
 99 NS_SS0775    (5)    2 :  0.016 0.005 0.978 
100 NS_SS0965    (3)    3 :  0.139 0.002 0.859 
101 NS_SS0754   (14)    3 :  0.917 0.011 0.072 
102 NS_SS0838    (5)    3 :  0.198 0.044 0.758 
103 NS_SS0839    (3)    3 :  0.012 0.004 0.985 
104 NS_SS0832    (4)    3 :  0.013 0.038 0.949 
105 NS_SS0820    (5)    3 :  0.008 0.005 0.987 
106 NS_SS0886    (9)    3 :  0.850 0.002 0.148 
107 NS_SS0748    (5)    3 :  0.726 0.009 0.265 
108 NS_SS0884    (9)    3 :  0.420 0.023 0.558 
109 NS_SS0752    (4)    3 :  0.484 0.002 0.514 
110 NS_SS0862    (1)    3 :  0.039 0.004 0.958 
111 NS_SS0787    (9)    3 :  0.971 0.006 0.023 
112 NS_SS0843    (6)    3 :  0.324 0.002 0.674 
113 NS_SS0856    (4)    3 :  0.030 0.003 0.967 
114 NS_SS0846    (2)    3 :  0.731 0.003 0.266 
115 NS_SS0825    (1)    3 :  0.060 0.007 0.933 
116 NS_SS0757    (3)    3 :  0.748 0.004 0.248 
117 NS_SS0876    (3)    3 :  0.030 0.216 0.754 
118 NS_SS0903   (10)    3 :  0.206 0.002 0.792 
119 NS_SS0875    (7)    3 :  0.037 0.003 0.960 
120 NS_SS0740    (5)    3 :  0.817 0.003 0.180 
121 NS_SS0811    (5)    3 :  0.023 0.007 0.970 
122 NS_SS0751    (1)    3 :  0.120 0.002 0.877 
123 NS_SS0891    (6)    3 :  0.037 0.005 0.958 
124 NS_SS0867    (2)    3 :  0.934 0.024 0.042 
125 NS_SS0890    (6)    3 :  0.880 0.004 0.116 
126 NS_SS0866   (12)    3 :  0.959 0.005 0.036 
127 NS_SS0755    (4)    3 :  0.568 0.007 0.425 
128 NS_SS0758    (4)    3 :  0.201 0.002 0.797 
129 NS_SS0840    (2)    3 :  0.006 0.002 0.992 
130 NS_SS0889    (4)    3 :  0.835 0.002 0.163 
131 NS_SS1010    (1)    3 :  0.106 0.036 0.858 
132 NS_SS0888    (5)    3 :  0.992 0.002 0.007 
133 NS_SS0837    (3)    3 :  0.262 0.003 0.735 
134 NS_SS0794   (10)    3 :  0.977 0.002 0.022 
135 NS_SS0823    (5)    3 :  0.026 0.003 0.971 
136 NS_SS0829    (7)    3 :  0.894 0.098 0.008 
137 NS_SS0844    (5)    3 :  0.016 0.002 0.982 
138 NS_SS1008    (6)    3 :  0.884 0.008 0.108 
139 NS_SS0881    (3)    3 :  0.663 0.002 0.335 
140 NS_SS0834    (6)    3 :  0.023 0.006 0.971 
141 NS_SS0744   (10)    3 :  0.586 0.007 0.407 
142 NS_SS0899    (7)    3 :  0.008 0.001 0.991 
143 NS_SS0804    (5)    3 :  0.009 0.003 0.987 
144 NS_SS0781   (10)    3 :  0.006 0.003 0.991 
145 NS_SS0822    (6)    3 :  0.946 0.002 0.053 
146 NS_SS1004    (4)    3 :  0.689 0.003 0.308 
147 NS_SS0746    (5)    3 :  0.660 0.014 0.326 
148 NS_SS0880    (3)    3 :  0.403 0.001 0.595 
149 NS_SS0879    (5)    3 :  0.057 0.010 0.933 
150 NS_SS0753    (2)    3 :  0.974 0.008 0.018 
151 NS_SS1007    (3)    3 :  0.332 0.002 0.666 
152 NS_SS0872    (5)    3 :  0.012 0.002 0.986 
153 NS_SS1005    (7)    3 :  0.026 0.001 0.973 
154 NS_SS0892    (6)    3 :  0.238 0.002 0.761 
155 NS_SS0898    (0)    3 :  0.883 0.006 0.111 
156 NS_SS0801    (9)    3 :  0.120 0.010 0.870 
157 NS_SS0827    (9)    3 :  0.498 0.127 0.375 
158 NS_SS0853    (7)    3 :  0.057 0.004 0.939 
159 NS_SS0780    (2)    3 :  0.046 0.005 0.949 
160 NS_SS0826   (10)    3 :  0.346 0.003 0.651 
161 NS_SS0818    (5)    3 :  0.098 0.002 0.901 
162 NS_SS0745    (1)    3 :  0.007 0.001 0.992 
163 NS_SS0849    (3)    3 :  0.061 0.002 0.937 
164 NS_SS0739    (3)    3 :  0.048 0.012 0.940 
165 NS_SS0799    (1)    3 :  0.982 0.001 0.017 
166 NS_SS0756    (3)    3 :  0.013 0.003 0.984 
167 NS_SS0802    (2)    3 :  0.307 0.206 0.487 
168 NS_SS0747    (6)    3 :  0.760 0.006 0.234 
169 NS_SS0835    (1)    3 :  0.972 0.001 0.027 
170 NS_SS0742   (19)    3 :  0.153 0.001 0.846 
171 NS_SS0760    (9)    3 :  0.935 0.040 0.025 
172 NS_SS0803    (4)    3 :  0.035 0.006 0.958 
173 NS_SS0828   (14)    3 :  0.940 0.001 0.058 
174 NS_SS0865    (2)    3 :  0.288 0.027 0.685 
175 NS_SS0759    (5)    3 :  0.014 0.004 0.982 
176 NS_SS0851    (5)    3 :  0.005 0.009 0.986 
177 NS_SS0874   (16)    3 :  0.031 0.001 0.968 
178 NS_SS0761    (6)    3 :  0.942 0.002 0.056 
179 NS_SS0842   (26)    3 :  0.814 0.008 0.178 
180 NS_SS0785    (6)    3 :  0.698 0.005 0.297 
181 NS_SS0860   (11)    3 :  0.953 0.002 0.045 
182 NS_SS0897    (7)    3 :  0.986 0.001 0.013 
183 NS_SS0841   (15)    3 :  0.028 0.004 0.968 
184 NS_SS0797    (7)    3 :  0.893 0.024 0.082 
185 NS_SS0830   (11)    3 :  0.613 0.002 0.386 
186 NS_SS1011    (5)    3 :  0.015 0.005 0.980 
187 NS_SS0883    (5)    3 :  0.895 0.006 0.099 
188 NS_SS0782    (2)    3 :  0.086 0.002 0.912 
189 NS_SS0831    (5)    3 :  0.974 0.003 0.023 
190 NS_SS0749    (7)    3 :  0.915 0.004 0.081 
191 NS_SS0854    (2)    3 :  0.869 0.003 0.129 
192 HI_SS0193    (0)    4 :  0.981 0.002 0.017 
193 HI_SS0194    (1)    4 :  0.028 0.002 0.970 
194 HI_SS0195   (10)    4 :  0.006 0.085 0.909 
195 HI_SS0196    (6)    4 :  0.536 0.003 0.461 
196 HI_SS0197    (3)    4 :  0.011 0.010 0.978 
197 HI_SS0198    (1)    4 :  0.383 0.011 0.606 
198 HI_SS0199    (1)    4 :  0.960 0.002 0.038 
199 HI_SS0201    (5)    4 :  0.990 0.002 0.008 
200 HI_SS0215    (1)    4 :  0.817 0.003 0.180 
201 HI_SS0218    (1)    4 :  0.990 0.004 0.006 
202 HI_SS0222    (0)    4 :  0.049 0.004 0.947 
203 HI_SS0230    (1)    4 :  0.037 0.005 0.958 
204 HI_SS0234    (2)    4 :  0.275 0.155 0.570 
205 HI_SS0240    (1)    4 :  0.212 0.008 0.780 
206 HI_SS0241    (0)    4 :  0.978 0.002 0.020 
207 HI_SS0242    (0)    4 :  0.634 0.003 0.363 
208 HI_SS0247    (0)    4 :  0.056 0.020 0.924 
209 HI_SS0248    (1)    4 :  0.993 0.001 0.007 
210 HI_SS0252    (2)    4 :  0.037 0.002 0.961 
211 HI_SS0254    (0)    4 :  0.896 0.086 0.018 
212 HI_SS0256    (0)    4 :  0.004 0.001 0.995 
213 HI_SS0257    (0)    4 :  0.984 0.003 0.014 
214 HI_SS0258    (1)    4 :  0.978 0.004 0.017 
215 HI_SS0259    (1)    4 :  0.045 0.003 0.953 
216 HI_SS0260    (1)    4 :  0.968 0.002 0.030 
217 HI_SS0261    (2)    4 :  0.973 0.003 0.024 
218 HI_SS0262    (0)    4 :  0.032 0.007 0.961 
219 HI_SS0264    (0)    4 :  0.011 0.003 0.985 
220 HI_SS0265    (0)    4 :  0.040 0.089 0.872 
221 HI_SS0268    (1)    4 :  0.035 0.003 0.962 
222 HI_SS0269    (0)    4 :  0.991 0.002 0.007 
223 HI_SS0273    (0)    4 :  0.939 0.002 0.059 
224 HI_SS0277    (1)    4 :  0.157 0.002 0.841 
225 HI_SS0280    (0)    4 :  0.368 0.005 0.627 
226 HI_SS0282    (1)    4 :  0.958 0.001 0.041 
227 HI_SS0286    (1)    4 :  0.635 0.008 0.358 
228 NS_SS1252    (3)    5 :  0.978 0.004 0.018 
229 NS_SS1261    (1)    5 :  0.044 0.014 0.942 
230 NS_SS1225   (10)    5 :  0.696 0.109 0.195 
231 NS_SS1266    (1)    5 :  0.009 0.007 0.984 
232 NS_SS1228    (0)    5 :  0.065 0.012 0.923 
233 NS_SS1255    (3)    5 :  0.125 0.001 0.874 
234 NS_SS1267    (3)    5 :  0.982 0.012 0.005 
235 NS_SS1238    (6)    5 :  0.325 0.003 0.673 
236 NS_SS1233    (8)    5 :  0.141 0.002 0.857 
237 NS_SS1277    (3)    5 :  0.980 0.001 0.019 
238 NS_SS1245    (1)    5 :  0.929 0.002 0.070 
239 NS_SS1240    (4)    5 :  0.980 0.003 0.018 
240 NS_SS1275    (2)    5 :  0.008 0.003 0.989 
241 NS_SS1235    (1)    5 :  0.482 0.006 0.512 
242 NS_SS1263    (1)    5 :  0.138 0.001 0.861 
243 NS_SS1251    (2)    5 :  0.137 0.001 0.862 
244 NS_SS1248    (0)    5 :  0.156 0.100 0.744 
245 NS_SS1244    (0)    5 :  0.938 0.005 0.057 
246 NS_SS1257    (1)    5 :  0.881 0.029 0.090 
247 NS_SS1242    (2)    5 :  0.005 0.002 0.993 
248 NS_SS1271    (6)    5 :  0.970 0.024 0.006 
249 NS_SS1265    (1)    5 :  0.492 0.020 0.489 
250 NS_SS1243    (0)    5 :  0.054 0.072 0.875 
251 NS_SS1273    (1)    5 :  0.014 0.007 0.978 
252 NS_SS1254   (14)    5 :  0.419 0.008 0.573 
253 NS_SS1224    (1)    5 :  0.016 0.008 0.977 
254 NS_SS1227    (8)    5 :  0.990 0.002 0.009 
255 NS_SS1274    (9)    5 :  0.946 0.015 0.039 
256 NS_SS1241    (1)    5 :  0.977 0.001 0.022 
257 NS_SS1256    (3)    5 :  0.256 0.034 0.709 
258 NS_SS1260    (8)    5 :  0.786 0.068 0.146 
259 NS_SS1262    (0)    5 :  0.717 0.180 0.103 
260 NS_SS1230    (0)    5 :  0.832 0.007 0.161 
261 NS_SS1270    (2)    5 :  0.045 0.002 0.953 
262 NS_SS1229    (2)    5 :  0.155 0.004 0.841 
263 NS_SS1246    (5)    5 :  0.967 0.002 0.030 
264 NS_SS1269    (0)    5 :  0.206 0.002 0.791 
265 NS_SS1239    (1)    5 :  0.131 0.006 0.864 
266 NS_SS1272    (5)    5 :  0.028 0.005 0.967 
267 NS_SS1268    (1)    5 :  0.135 0.002 0.863 
268 NS_SS1249    (1)    5 :  0.981 0.011 0.008 
269 HI_SS0559    (0)    6 :  0.850 0.002 0.148 
270 HI_SS0563    (1)    6 :  0.529 0.003 0.468 
271 HI_SS0564    (0)    6 :  0.344 0.055 0.601 
272 HI_SS0565    (0)    6 :  0.591 0.003 0.406 
273 HI_SS0569    (1)    6 :  0.986 0.002 0.012 
274 HI_SS0570    (0)    6 :  0.946 0.032 0.023 
275 HI_SS0572    (1)    6 :  0.045 0.002 0.953 
276 HI_SS0576    (1)    6 :  0.100 0.005 0.894 
277 HI_SS0579    (1)    6 :  0.949 0.018 0.033 
278 HI_SS0580    (1)    6 :  0.752 0.004 0.244 
279 HI_SS0581    (0)    6 :  0.012 0.053 0.935 
280 HI_SS0583    (1)    6 :  0.555 0.002 0.443 
281 HI_SS0586    (1)    6 :  0.986 0.001 0.013 
282 HI_SS0588    (1)    6 :  0.957 0.013 0.029 
283 HI_SS0595    (4)    6 :  0.929 0.028 0.043 
284 HI_SS0596    (0)    6 :  0.022 0.002 0.977 
285 HI_SS0597    (1)    6 :  0.014 0.002 0.984 
286 HI_SS0600    (0)    6 :  0.697 0.003 0.299 
287 HI_SS0601    (1)    6 :  0.924 0.012 0.065 
288 HI_SS0602    (1)    6 :  0.818 0.002 0.179 
289 HI_SS0604    (0)    6 :  0.301 0.002 0.697 
290 HI_SS0605    (1)    6 :  0.701 0.008 0.291 
291 HI_SS0608    (0)    6 :  0.766 0.001 0.233 
292 HI_SS0609    (0)    6 :  0.021 0.001 0.978 
293 HI_SS0611    (5)    6 :  0.928 0.003 0.069 
294 HI_SS0612    (0)    6 :  0.954 0.008 0.038 
295 HI_SS0613    (1)    6 :  0.108 0.001 0.891 
296 HI_SS0615    (1)    6 :  0.049 0.009 0.942 
297 HI_SS0001    (1)    6 :  0.832 0.004 0.165 
298 HI_SS0002    (1)    6 :  0.029 0.021 0.950 
299 HI_SS0004    (0)    6 :  0.856 0.005 0.139 
300 HI_SS0005    (1)    6 :  0.195 0.006 0.799 
301 HI_SS0006    (1)    6 :  0.457 0.002 0.541 
302 HI_SS0007    (1)    6 :  0.984 0.002 0.014 
303 HI_SS0008    (0)    6 :  0.673 0.042 0.285 
304 HI_SS0009    (0)    6 :  0.172 0.004 0.824 
305 HI_SS0010    (1)    6 :  0.945 0.003 0.052 
306 HI_SS0011    (1)    6 :  0.112 0.087 0.801 
307 HI_SS0012    (0)    6 :  0.027 0.004 0.968 
308 HI_SS0017    (1)    6 :  0.051 0.002 0.948 
309 HI_SS0021    (1)    6 :  0.124 0.239 0.637 
310 HI_SS0024    (1)    6 :  0.040 0.002 0.958 
311 HI_SS0025    (1)    6 :  0.019 0.003 0.977 
312 HI_SS0027    (0)    6 :  0.977 0.011 0.012 
313 HI_SS0028    (0)    6 :  0.010 0.001 0.989 
314 HI_SS0029    (1)    6 :  0.045 0.007 0.948 
315 HI_SS0030    (2)    6 :  0.978 0.005 0.017 
316 HI_SS0031    (0)    6 :  0.827 0.004 0.169 
317 HI_SS0034    (0)    6 :  0.987 0.005 0.009 
318 HI_SS0036    (0)    6 :  0.971 0.012 0.017 
319 HI_SS0037    (1)    6 :  0.556 0.004 0.440 
320 HI_SS0039    (0)    6 :  0.953 0.003 0.043 
321 HI_SS0041    (1)    6 :  0.012 0.002 0.986 
322 HI_SS0042    (1)    6 :  0.039 0.115 0.846 
323 HI_SS0043    (1)    6 :  0.990 0.003 0.008 
324 HI_SS0044    (1)    6 :  0.207 0.002 0.791 
325 HI_SS0047    (1)    6 :  0.114 0.002 0.883 
326 HI_SS0049    (1)    6 :  0.144 0.004 0.852 
327 HI_SS0051    (1)    6 :  0.196 0.002 0.802 
328 HI_SS0053    (1)    6 :  0.989 0.003 0.007 
329 HI_SS0054    (4)    6 :  0.992 0.002 0.006 
330 HI_SS0057    (0)    6 :  0.632 0.003 0.364 
331 HI_SS0058    (0)    6 :  0.583 0.006 0.410 
332 HI_SS0060    (0)    6 :  0.855 0.083 0.062 
333 HI_SS0087    (1)    6 :  0.363 0.002 0.635 
334 HI_SS0091    (1)    6 :  0.982 0.001 0.017 
335 HI_SS0095    (1)    6 :  0.793 0.056 0.151 
336 HI_SS0097    (3)    6 :  0.602 0.004 0.394 
337 HI_SS0099    (1)    6 :  0.013 0.003 0.983 
338 HI_SS0103    (0)    6 :  0.072 0.003 0.925 
339 HI_SS0105    (1)    6 :  0.079 0.024 0.898 
340 HI_SS0107    (1)    6 :  0.015 0.001 0.984 
341 HI_SS0108    (1)    6 :  0.981 0.014 0.005 
342 HI_SS0110    (0)    6 :  0.732 0.001 0.267 
343 HI_SS0111    (1)    6 :  0.046 0.023 0.932 
344 HI_SS0112    (0)    6 :  0.993 0.001 0.006 
345 HI_SS0113    (1)    6 :  0.009 0.003 0.988 
346 HI_SS0114    (1)    6 :  0.954 0.006 0.041 
347 HI_SS0115    (1)    6 :  0.827 0.017 0.156 
348 HI_SS0116    (4)    6 :  0.818 0.003 0.179 
349 HI_SS0117    (0)    6 :  0.897 0.002 0.100 
350 HI_SS0118    (0)    6 :  0.551 0.011 0.437 
351 HI_SS0119    (1)    6 :  0.980 0.002 0.018 
352 HI_SS0120    (1)    6 :  0.008 0.002 0.989 
353 HI_SS0121    (0)    6 :  0.009 0.001 0.989 
354 HI_SS0122    (2)    6 :  0.076 0.022 0.902 
355 HI_SS0123    (0)    6 :  0.274 0.005 0.721 
356 HI_SS0124    (1)    6 :  0.015 0.003 0.983 
357 HI_SS0125    (1)    6 :  0.039 0.034 0.927 
358 HI_SS0126    (0)    6 :  0.990 0.001 0.009 
359 HI_SS0127    (0)    6 :  0.845 0.009 0.146 
360 HI_SS0128    (0)    6 :  0.568 0.002 0.430 
361 HI_SS0129    (1)    6 :  0.394 0.010 0.596 
362 HI_SS0131    (2)    6 :  0.654 0.039 0.306 
363 HI_SS0132    (0)    6 :  0.680 0.001 0.319 
364 HI_SS0133    (1)    6 :  0.995 0.001 0.004 
365 HI_SS0134    (1)    6 :  0.825 0.002 0.173 
366 HI_SS0142    (3)    6 :  0.112 0.019 0.870 
367 HI_SS0145    (0)    6 :  0.912 0.001 0.087 
368 HI_SS0146    (1)    6 :  0.973 0.001 0.026 
369 HI_SS0147    (1)    6 :  0.008 0.017 0.974 
370 HI_SS0149    (1)    6 :  0.425 0.004 0.570 
371 HI_SS0150    (2)    6 :  0.022 0.004 0.974 
372 HI_SS0151    (0)    6 :  0.903 0.012 0.085 
373 NS_SS1451    (1)    6 :  0.013 0.003 0.984 
374 NS_SS1404    (0)    6 :  0.016 0.008 0.976 
375 NS_SS1432    (2)    6 :  0.006 0.029 0.965 
376 NS_SS1405    (5)    6 :  0.054 0.003 0.943 
377 NS_SS1431   (10)    6 :  0.017 0.001 0.982 
378 NS_SS1402    (3)    6 :  0.105 0.002 0.893 
379 NS_SS1450    (3)    6 :  0.922 0.004 0.074 
380 NS_SS1396    (0)    6 :  0.030 0.005 0.965 
381 NS_SS1393    (5)    6 :  0.281 0.003 0.715 
382 NS_SS1392   (10)    6 :  0.096 0.015 0.889 
383 NS_SS1445    (0)    6 :  0.933 0.009 0.058 
384 NS_SS1423    (0)    6 :  0.971 0.002 0.027 
385 NS_SS1421    (9)    6 :  0.755 0.096 0.149 
386 NS_SS1411    (6)    6 :  0.947 0.001 0.052 
387 NS_SS1453    (6)    6 :  0.681 0.006 0.313 
388 NS_SS1442    (3)    6 :  0.167 0.003 0.830 
389 NS_SS1422    (1)    6 :  0.853 0.012 0.135 
390 NS_SS1419    (1)    6 :  0.131 0.156 0.713 
391 NS_SS1427    (0)    6 :  0.992 0.002 0.006 
392 NS_SS1444    (4)    6 :  0.015 0.003 0.982 
393 NS_SS1455    (0)    6 :  0.009 0.001 0.990 
394 NS_SS1425    (2)    6 :  0.989 0.001 0.010 
395 NS_SS1400    (0)    6 :  0.914 0.001 0.084 
396 NS_SS1406    (2)    6 :  0.018 0.008 0.974 
397 NS_SS1417    (6)    6 :  0.118 0.008 0.875 
398 NS_SS1454    (3)    6 :  0.280 0.001 0.719 
399 NS_SS1412    (1)    6 :  0.467 0.022 0.511 
400 NS_SS1438    (1)    6 :  0.981 0.001 0.017 
401 NS_SS1416    (4)    6 :  0.016 0.005 0.979 
402 NS_SS1401    (0)    6 :  0.098 0.010 0.892 
403 NS_SS1424    (6)    6 :  0.662 0.011 0.327 
404 NS_SS1435   (10)    6 :  0.833 0.003 0.165 
405 NS_SS1447    (4)    6 :  0.014 0.005 0.981 
406 NS_SS1414    (3)    6 :  0.013 0.005 0.981 
407 NS_SS1449   (14)    6 :  0.665 0.004 0.330 
408 NS_SS1443    (4)    6 :  0.993 0.001 0.006 
409 NS_SS1434    (1)    6 :  0.857 0.001 0.143 
410 NS_SS1398    (1)    6 :  0.435 0.023 0.542 
411 NS_SS1426    (1)    6 :  0.985 0.002 0.013 
412 NS_SS1413    (0)    6 :  0.983 0.010 0.008 
413 NS_SS1395    (1)    6 :  0.968 0.011 0.021 
414 NS_SS1448   (10)    6 :  0.887 0.002 0.112 
415 NS_SS1446    (0)    6 :  0.396 0.003 0.601 
416 NS_SS1403    (2)    6 :  0.306 0.006 0.687 
417 NS_SS1415    (0)    6 :  0.978 0.009 0.013 
418 NS_SS1437    (4)    6 :  0.315 0.008 0.677 
419 NS_SS1439    (2)    6 :  0.073 0.003 0.924 
420 NS_SS1441    (3)    6 :  0.965 0.002 0.033 
421 NS_SS1420    (2)    6 :  0.017 0.002 0.980 
422 NS_SS1394    (2)    6 :  0.050 0.038 0.913 
423 NS_SS1391    (7)    6 :  0.740 0.013 0.247 
424 NS_SS1410    (5)    6 :  0.362 0.013 0.625 
425 NS_SS1408    (1)    6 :  0.713 0.061 0.225 
426 NS_SS1409    (1)    6 :  0.221 0.002 0.776 
427 HI_SS0617    (1)    7 :  0.487 0.001 0.512 
428 HI_SS0618    (2)    7 :  0.120 0.002 0.878 
429 HI_SS0619    (0)    7 :  0.121 0.003 0.876 
430 HI_SS0620    (1)    7 :  0.990 0.002 0.007 
431 HI_SS0621    (3)    7 :  0.050 0.013 0.937 
432 HI_SS0622    (1)    7 :  0.527 0.011 0.463 
433 HI_SS0626    (0)    7 :  0.149 0.009 0.842 
434 HI_SS0627    (0)    7 :  0.010 0.006 0.984 
435 HI_SS0628    (3)    7 :  0.370 0.053 0.577 
436 HI_SS0629    (1)    7 :  0.311 0.006 0.683 
437 HI_SS0630    (1)    7 :  0.863 0.049 0.089 
438 HI_SS0631    (0)    7 :  0.981 0.001 0.018 
439 HI_SS0632    (0)    7 :  0.600 0.003 0.397 
440 HI_SS0633    (0)    7 :  0.012 0.003 0.985 
441 HI_SS0634    (1)    7 :  0.163 0.002 0.835 
442 HI_SS0635    (0)    7 :  0.066 0.006 0.928 
443 HI_SS0637    (1)    7 :  0.200 0.003 0.797 
444 HI_SS0638    (0)    7 :  0.491 0.001 0.507 
445 HI_SS0639    (1)    7 :  0.021 0.038 0.941 
446 HI_SS0640    (1)    7 :  0.960 0.002 0.038 
447 HI_SS0641    (1)    7 :  0.939 0.005 0.056 
448 HI_SS0642    (0)    7 :  0.579 0.002 0.419 
449 HI_SS0645    (0)    7 :  0.016 0.001 0.983 
450 HI_SS0646    (1)    7 :  0.652 0.003 0.345 
451 HI_SS0647    (1)    7 :  0.675 0.001 0.324 
452 HI_SS0648    (0)    7 :  0.837 0.003 0.159 
453 HI_SS0649    (1)    7 :  0.089 0.002 0.909 
454 HI_SS0650    (1)    7 :  0.082 0.003 0.915 
455 HI_SS0651    (1)    7 :  0.906 0.004 0.090 
456 HI_SS0652    (1)    7 :  0.017 0.003 0.980 
457 NS_SS1371    (3)    7 :  0.955 0.007 0.039 
458 NS_SS1374    (0)    7 :  0.810 0.002 0.188 
459 NS_SS1337    (3)    7 :  0.019 0.002 0.979 
460 NS_SS1385    (5)    7 :  0.280 0.004 0.716 
461 NS_SS1388    (0)    7 :  0.042 0.006 0.952 
462 NS_SS1370    (1)    7 :  0.271 0.009 0.720 
463 NS_SS1389    (3)    7 :  0.013 0.003 0.984 
464 NS_SS1360    (1)    7 :  0.963 0.004 0.033 
465 NS_SS1330    (0)    7 :  0.013 0.003 0.984 
466 NS_SS1328    (9)    7 :  0.970 0.002 0.028 
467 NS_SS1384    (1)    7 :  0.957 0.004 0.039 
468 NS_SS1381    (0)    7 :  0.023 0.001 0.976 
469 NS_SS1375    (1)    7 :  0.024 0.001 0.975 
470 NS_SS1319   (11)    7 :  0.576 0.105 0.319 
471 NS_SS1326    (2)    7 :  0.898 0.011 0.091 
472 NS_SS1341    (1)    7 :  0.431 0.005 0.563 
473 NS_SS1383    (2)    7 :  0.718 0.004 0.278 
474 NS_SS1318    (3)    7 :  0.077 0.015 0.907 
475 NS_SS1348    (2)    7 :  0.991 0.001 0.008 
476 NS_SS1363    (0)    7 :  0.052 0.005 0.943 
477 NS_SS1335    (4)    7 :  0.967 0.023 0.010 
478 NS_SS1358    (0)    7 :  0.959 0.015 0.026 
479 NS_SS1342    (1)    7 :  0.889 0.001 0.110 
480 NS_SS1320    (3)    7 :  0.008 0.006 0.986 
481 NS_SS1355    (1)    7 :  0.022 0.012 0.967 
482 NS_SS1345    (1)    7 :  0.644 0.018 0.337 
483 NS_SS1324    (0)    7 :  0.963 0.002 0.035 
484 NS_SS1347    (5)    7 :  0.955 0.004 0.041 
485 NS_SS1321    (4)    7 :  0.592 0.001 0.406 
486 NS_SS1333    (0)    7 :  0.499 0.003 0.498 
487 NS_SS1364    (1)    7 :  0.938 0.002 0.060 
488 NS_SS1379    (0)    7 :  0.153 0.055 0.792 
489 NS_SS1332    (0)    7 :  0.985 0.004 0.010 
490 NS_SS1338    (5)    7 :  0.815 0.008 0.178 
491 NS_SS1368    (6)    7 :  0.852 0.005 0.143 
492 NS_SS1354    (1)    7 :  0.077 0.012 0.911 
493 NS_SS1365    (0)    7 :  0.189 0.008 0.803 
494 NS_SS1380    (1)    7 :  0.010 0.015 0.975 
495 NS_SS1329    (8)    7 :  0.784 0.003 0.213 
496 NS_SS1362    (0)    7 :  0.446 0.004 0.550 
497 NS_SS1327    (2)    7 :  0.994 0.002 0.004 
498 NS_SS1350    (0)    7 :  0.859 0.011 0.130 
499 NS_SS1387    (2)    7 :  0.035 0.002 0.962 
500 NS_SS1369    (8)    7 :  0.964 0.003 0.033 
501 NS_SS1331    (1)    7 :  0.109 0.009 0.881 
502 NS_SS1357    (5)    7 :  0.814 0.003 0.183 
503 NS_SS1386    (1)    7 :  0.993 0.002 0.004 
504 NS_SS1353    (2)    7 :  0.039 0.003 0.958 
505 NS_SS1323    (0)    7 :  0.083 0.068 0.849 
506 HI_SS0296    (0)    8 :  0.981 0.002 0.017 
507 HI_SS0297    (0)    8 :  0.772 0.001 0.227 
508 HI_SS0299    (0)    8 :  0.741 0.027 0.232 
509 HI_SS0300    (0)    8 :  0.880 0.001 0.119 
510 HI_SS0301    (0)    8 :  0.292 0.004 0.704 
511 HI_SS0302    (0)    8 :  0.964 0.018 0.017 
512 HI_SS0303    (0)    8 :  0.979 0.005 0.016 
513 HI_SS0304    (0)    8 :  0.020 0.002 0.978 
514 HI_SS0306    (5)    8 :  0.989 0.003 0.008 
515 HI_SS0307    (1)    8 :  0.013 0.006 0.981 
516 HI_SS0308    (1)    8 :  0.483 0.091 0.425 
517 HI_SS0309    (0)    8 :  0.137 0.003 0.860 
518 HI_SS0310    (0)    8 :  0.297 0.006 0.698 
519 HI_SS0311    (4)    8 :  0.289 0.002 0.709 
520 HI_SS0314    (0)    8 :  0.712 0.001 0.287 
521 HI_SS0316    (1)    8 :  0.815 0.005 0.180 
522 HI_SS0317    (3)    8 :  0.304 0.002 0.694 
523 HI_SS0318    (1)    8 :  0.726 0.208 0.067 
524 HI_SS0319    (0)    8 :  0.992 0.004 0.005 
525 HI_SS0320    (3)    8 :  0.009 0.001 0.990 
526 HI_SS0321    (0)    8 :  0.871 0.002 0.127 
527 HI_SS0323    (1)    8 :  0.275 0.001 0.723 
528 HI_SS0325    (2)    8 :  0.919 0.002 0.080 
529 HI_SS0327    (1)    8 :  0.993 0.001 0.006 
530 HI_SS0329    (1)    8 :  0.047 0.001 0.952 
531 HI_SS0333    (1)    8 :  0.150 0.002 0.848 
532 HI_SS0334    (1)    8 :  0.984 0.001 0.014 
533 HI_SS0335    (1)    8 :  0.097 0.017 0.886 
534 HI_SS0339    (0)    8 :  0.055 0.012 0.933 
535 HI_SS0343    (2)    8 :  0.098 0.002 0.901 
536 HI_SS0344    (1)    8 :  0.993 0.002 0.005 
537 HI_SS0345    (3)    8 :  0.084 0.007 0.909 
538 HI_SS0346    (0)    8 :  0.197 0.003 0.800 
539 HI_SS0350    (1)    8 :  0.007 0.008 0.984 
540 HI_SS0351    (0)    8 :  0.224 0.003 0.772 
541 HI_SS0352    (3)    8 :  0.016 0.088 0.895 
542 HI_SS0362    (0)    8 :  0.867 0.002 0.131 
543 HI_SS0363    (1)    8 :  0.984 0.002 0.013 
544 HI_SS0365    (0)    8 :  0.946 0.005 0.050 
545 HI_SS0366    (0)    8 :  0.976 0.001 0.023 
546 HI_SS0367    (1)    8 :  0.008 0.002 0.990 
547 HI_SS0369    (1)    8 :  0.014 0.002 0.984 
548 HI_SS0370    (0)    8 :  0.832 0.003 0.165 
549 HI_SS0371    (4)    8 :  0.932 0.004 0.064 
550 HI_SS0373    (3)    8 :  0.239 0.009 0.752 
551 HI_SS0374    (0)    8 :  0.033 0.024 0.943 
552 HI_SS0377    (0)    8 :  0.873 0.091 0.036 
553 HI_SS0379    (1)    8 :  0.996 0.001 0.003 
554 HI_SS0380    (1)    8 :  0.072 0.006 0.922 
555 HI_SS0381    (2)    8 :  0.023 0.004 0.973 
556 HI_SS0384    (3)    8 :  0.825 0.009 0.166 
557 HI_SS0385    (1)    8 :  0.312 0.001 0.687 
558 HI_SS0386    (0)    9 :  0.001 0.997 0.002 
559 HI_SS0387    (0)    9 :  0.015 0.974 0.011 
560 HI_SS0389    (2)    9 :  0.003 0.994 0.003 
561 HI_SS0390    (2)    9 :  0.002 0.997 0.002 
562 HI_SS0391    (3)    9 :  0.002 0.995 0.003 
563 HI_SS0392    (0)    9 :  0.001 0.997 0.002 
564 HI_SS0393    (2)    9 :  0.002 0.997 0.001 
565 HI_SS0394    (2)    9 :  0.001 0.997 0.002 
566 HI_SS0395    (2)    9 :  0.003 0.993 0.004 
567 HI_SS0396    (2)    9 :  0.007 0.980 0.012 
568 HI_SS0398    (2)    9 :  0.005 0.990 0.005 
569 HI_SS0399    (2)    9 :  0.001 0.998 0.001 
570 HI_SS0400    (3)    9 :  0.002 0.996 0.002 
571 HI_SS0401    (5)    9 :  0.001 0.997 0.001 
572 HI_SS0402    (0)    9 :  0.001 0.997 0.001 
573 HI_SS0403    (0)    9 :  0.001 0.997 0.001 
574 HI_SS0404    (2)    9 :  0.001 0.998 0.001 
575 HI_SS0405    (2)    9 :  0.018 0.961 0.021 
576 HI_SS0406    (2)    9 :  0.002 0.996 0.002 
577 HI_SS0407    (0)    9 :  0.007 0.987 0.006 
578 HI_SS0408    (0)    9 :  0.001 0.998 0.001 
579 HI_SS0409    (2)    9 :  0.003 0.995 0.003 
580 HI_SS0411    (2)    9 :  0.003 0.995 0.003 
581 HI_SS0412   (11)    9 :  0.101 0.822 0.077 
582 HI_SS0413    (0)    9 :  0.002 0.995 0.003 
583 HI_SS0414    (2)    9 :  0.014 0.967 0.020 
584 HI_SS0415    (2)    9 :  0.002 0.996 0.002 
585 HI_SS0416    (2)    9 :  0.003 0.993 0.004 
586 HI_SS0418    (2)    9 :  0.004 0.992 0.004 
587 HI_SS0419    (3)    9 :  0.003 0.994 0.003 
588 HI_SS0420    (0)    9 :  0.002 0.996 0.002 
589 HI_SS0421    (4)    9 :  0.004 0.991 0.004 
590 HI_SS0422    (3)    9 :  0.001 0.998 0.001 
591 HI_SS0423    (2)    9 :  0.004 0.993 0.004 
592 HI_SS0424    (1)    9 :  0.001 0.997 0.002 
593 HI_SS0425    (0)    9 :  0.002 0.994 0.003 
594 NS_SS1146    (3)   10 :  0.003 0.996 0.002 
595 NS_SS1157    (1)   10 :  0.007 0.987 0.006 
596 NS_SS1144    (7)   10 :  0.024 0.958 0.017 
597 NS_SS1074    (3)   10 :  0.003 0.993 0.003 
598 NS_SS1122    (0)   10 :  0.005 0.991 0.004 
599 NS_SS1136    (2)   10 :  0.001 0.998 0.001 
600 NS_SS1077    (4)   10 :  0.001 0.999 0.001 
601 NS_SS1134    (2)   10 :  0.010 0.979 0.012 
602 NS_SS1091    (1)   10 :  0.002 0.996 0.002 
603 NS_SS1089   (10)   10 :  0.003 0.995 0.002 
604 NS_SS1123    (2)   10 :  0.001 0.998 0.001 
605 NS_SS1158    (3)   10 :  0.001 0.998 0.001 
606 NS_SS1093    (3)   10 :  0.003 0.995 0.002 
607 NS_SS1102    (5)   10 :  0.004 0.990 0.005 
608 NS_SS1056    (0)   10 :  0.002 0.997 0.002 
609 NS_SS1126    (2)   10 :  0.003 0.994 0.002 
610 NS_SS1058   (15)   10 :  0.004 0.992 0.004 
611 NS_SS1084    (2)   10 :  0.001 0.998 0.001 
612 NS_SS1095    (3)   10 :  0.006 0.989 0.005 
613 NS_SS1079    (3)   10 :  0.001 0.997 0.001 
614 NS_SS1149    (0)   10 :  0.002 0.995 0.003 
615 NS_SS1121    (0)   10 :  0.001 0.997 0.001 
616 NS_SS1067    (0)   10 :  0.004 0.990 0.005 
617 NS_SS1081    (2)   10 :  0.002 0.995 0.003 
618 NS_SS1130    (0)   10 :  0.003 0.994 0.003 
619 NS_SS1073    (2)   10 :  0.002 0.995 0.003 
620 NS_SS1133    (2)   10 :  0.004 0.985 0.011 
621 NS_SS1129    (2)   10 :  0.001 0.998 0.001 
622 NS_SS1085    (1)   10 :  0.002 0.996 0.002 
623 NS_SS1137    (2)   10 :  0.005 0.992 0.004 
624 NS_SS1135    (3)   10 :  0.001 0.998 0.001 
625 NS_SS1082    (3)   10 :  0.001 0.997 0.002 
626 NS_SS1125    (3)   10 :  0.001 0.998 0.001 
627 NS_SS1124    (2)   10 :  0.006 0.988 0.006 
628 NS_SS1155    (0)   10 :  0.008 0.986 0.007 
629 NS_SS1145    (2)   10 :  0.002 0.997 0.002 


Estimated Allele Frequencies in each cluster
First column gives estimated ancestral frequencies


Locus 1 : 
2 alleles
3.3% missing data
   1   (0.738) 0.738 0.730 0.739 
   2   (0.262) 0.262 0.270 0.261 

Locus 2 : 
2 alleles
4.6% missing data
   1   (0.886) 0.892 0.821 0.885 
   2   (0.114) 0.108 0.179 0.115 

Locus 3 : 
2 alleles
4.9% missing data
   1   (0.786) 0.774 0.808 0.793 
   2   (0.214) 0.226 0.192 0.207 

Locus 4 : 
2 alleles
4.6% missing data
   1   (0.865) 0.872 0.870 0.863 
   2   (0.135) 0.128 0.130 0.137 

Locus 5 : 
2 alleles
2.5% missing data
   1   (0.892) 0.896 0.929 0.889 
   2   (0.108) 0.104 0.071 0.111 

Locus 6 : 
2 alleles
2.7% missing data
   1   (0.824) 0.816 0.762 0.832 
   2   (0.176) 0.184 0.238 0.168 

Locus 7 : 
2 alleles
3.0% missing data
   1   (0.792) 0.792 0.756 0.795 
   2   (0.208) 0.208 0.244 0.205 

Locus 8 : 
2 alleles
4.8% missing data
   1   (0.728) 0.727 0.794 0.727 
   2   (0.272) 0.273 0.206 0.273 

Locus 9 : 
2 alleles
3.7% missing data
   1   (0.807) 0.804 0.810 0.811 
   2   (0.193) 0.196 0.190 0.189 

Locus 10 : 
2 alleles
4.8% missing data
   1   (0.711) 0.702 0.798 0.714 
   2   (0.289) 0.298 0.202 0.286 

Locus 11 : 
2 alleles
3.2% missing data
   1   (0.796) 0.780 0.783 0.807 
   2   (0.204) 0.220 0.217 0.193 

Locus 12 : 
2 alleles
4.9% missing data
   1   (0.893) 0.896 0.907 0.892 
   2   (0.107) 0.104 0.093 0.108 

Locus 13 : 
2 alleles
3.2% missing data
   1   (0.867) 0.865 0.915 0.868 
   2   (0.133) 0.135 0.085 0.132 

Locus 14 : 
2 alleles
4.6% missing data
   1   (0.731) 0.734 0.683 0.732 
   2   (0.269) 0.266 0.317 0.268 

Locus 15 : 
2 alleles
4.6% missing data
   1   (0.891) 0.891 0.918 0.892 
   2   (0.109) 0.109 0.082 0.108 

Locus 16 : 
2 alleles
3.8% missing data
   1   (0.885) 0.879 0.964 0.886 
   2   (0.115) 0.121 0.036 0.114 

Locus 17 : 
2 alleles
4.1% missing data
   1   (0.510) 0.507 0.645 0.507 
   2   (0.490) 0.493 0.355 0.493 

Locus 18 : 
2 alleles
4.1% missing data
   1   (0.610) 0.594 0.574 0.620 
   2   (0.390) 0.406 0.426 0.380 

Locus 19 : 
2 alleles
4.1% missing data
   1   (0.772) 0.774 0.637 0.776 
   2   (0.228) 0.226 0.363 0.224 

Locus 20 : 
2 alleles
2.2% missing data
   1   (0.898) 0.899 0.894 0.899 
   2   (0.102) 0.101 0.106 0.101 

Locus 21 : 
2 alleles
4.5% missing data
   1   (0.710) 0.707 0.601 0.715 
   2   (0.290) 0.293 0.399 0.285 

Locus 22 : 
2 alleles
3.0% missing data
   1   (0.887) 0.885 0.914 0.888 
   2   (0.113) 0.115 0.086 0.112 

Locus 23 : 
2 alleles
3.8% missing data
   1   (0.560) 0.547 0.578 0.567 
   2   (0.440) 0.453 0.422 0.433 

Locus 24 : 
2 alleles
4.9% missing data
   1   (0.860) 0.854 0.890 0.863 
   2   (0.140) 0.146 0.110 0.137 

Locus 25 : 
2 alleles
4.3% missing data
   1   (0.885) 0.882 0.877 0.889 
   2   (0.115) 0.118 0.123 0.111 

Locus 26 : 
2 alleles
3.0% missing data
   1   (0.544) 0.539 0.578 0.546 
   2   (0.456) 0.461 0.422 0.454 

Locus 27 : 
2 alleles
4.0% missing data
   2   (0.468) 0.481 0.416 0.462 
   1   (0.532) 0.519 0.584 0.538 

Locus 28 : 
2 alleles
4.0% missing data
   1   (0.843) 0.853 0.870 0.837 
   2   (0.157) 0.147 0.130 0.163 

Locus 29 : 
2 alleles
1.9% missing data
   1   (0.605) 0.607 0.699 0.601 
   2   (0.395) 0.393 0.301 0.399 

Locus 30 : 
2 alleles
4.6% missing data
   1   (0.864) 0.868 0.854 0.864 
   2   (0.136) 0.132 0.146 0.136 

Locus 31 : 
2 alleles
1.9% missing data
   1   (0.885) 0.882 0.904 0.887 
   2   (0.115) 0.118 0.096 0.113 

Locus 32 : 
2 alleles
4.3% missing data
   1   (0.867) 0.873 0.784 0.867 
   2   (0.133) 0.127 0.216 0.133 

Locus 33 : 
2 alleles
4.3% missing data
   1   (0.790) 0.794 0.761 0.789 
   2   (0.210) 0.206 0.239 0.211 

Locus 34 : 
2 alleles
2.2% missing data
   1   (0.736) 0.744 0.726 0.733 
   2   (0.264) 0.256 0.274 0.267 

Locus 35 : 
2 alleles
3.8% missing data
   1   (0.765) 0.760 0.781 0.768 
   2   (0.235) 0.240 0.219 0.232 

Locus 36 : 
2 alleles
3.3% missing data
   1   (0.811) 0.816 0.782 0.810 
   2   (0.189) 0.184 0.218 0.190 

Locus 37 : 
2 alleles
3.8% missing data
   1   (0.865) 0.878 0.643 0.864 
   2   (0.135) 0.122 0.357 0.136 

Locus 38 : 
2 alleles
4.9% missing data
   1   (0.800) 0.788 0.774 0.808 
   2   (0.200) 0.212 0.226 0.192 

Locus 39 : 
2 alleles
4.9% missing data
   1   (0.744) 0.739 0.779 0.747 
   2   (0.256) 0.261 0.221 0.253 

Locus 40 : 
2 alleles
2.7% missing data
   1   (0.758) 0.761 0.723 0.759 
   2   (0.242) 0.239 0.277 0.241 

Locus 41 : 
2 alleles
2.2% missing data
   1   (0.743) 0.745 0.760 0.743 
   2   (0.257) 0.255 0.240 0.257 

Locus 42 : 
2 alleles
4.9% missing data
   1   (0.767) 0.755 0.792 0.775 
   2   (0.233) 0.245 0.208 0.225 

Locus 43 : 
2 alleles
1.7% missing data
   1   (0.875) 0.865 0.917 0.881 
   2   (0.125) 0.135 0.083 0.119 

Locus 44 : 
2 alleles
3.7% missing data
   1   (0.705) 0.718 0.747 0.697 
   2   (0.295) 0.282 0.253 0.303 

Locus 45 : 
2 alleles
3.7% missing data
   1   (0.571) 0.563 0.487 0.579 
   2   (0.429) 0.437 0.513 0.421 

Locus 46 : 
2 alleles
3.8% missing data
   1   (0.882) 0.888 0.855 0.881 
   2   (0.118) 0.112 0.145 0.119 

Locus 47 : 
2 alleles
4.0% missing data
   2   (0.237) 0.215 0.235 0.250 
   1   (0.763) 0.785 0.765 0.750 

Locus 48 : 
2 alleles
2.1% missing data
   1   (0.821) 0.817 0.766 0.827 
   2   (0.179) 0.183 0.234 0.173 

Locus 49 : 
2 alleles
4.9% missing data
   1   (0.588) 0.578 0.699 0.590 
   2   (0.412) 0.422 0.301 0.410 

Locus 50 : 
2 alleles
3.5% missing data
   1   (0.872) 0.880 0.864 0.870 
   2   (0.128) 0.120 0.136 0.130 

Locus 51 : 
2 alleles
2.9% missing data
   1   (0.779) 0.785 0.785 0.776 
   2   (0.221) 0.215 0.215 0.224 

Locus 52 : 
2 alleles
4.1% missing data
   1   (0.888) 0.892 0.874 0.888 
   2   (0.112) 0.108 0.126 0.112 

Locus 53 : 
2 alleles
4.8% missing data
   1   (0.850) 0.850 0.863 0.851 
   2   (0.150) 0.150 0.137 0.149 

Locus 54 : 
2 alleles
4.1% missing data
   1   (0.820) 0.826 0.900 0.814 
   2   (0.180) 0.174 0.100 0.186 

Locus 55 : 
2 alleles
4.3% missing data
   1   (0.823) 0.817 0.883 0.825 
   2   (0.177) 0.183 0.117 0.175 

Locus 56 : 
2 alleles
3.7% missing data
   1   (0.657) 0.653 0.612 0.662 
   2   (0.343) 0.347 0.388 0.338 

Locus 57 : 
2 alleles
1.4% missing data
   1   (0.601) 0.598 0.569 0.604 
   2   (0.399) 0.402 0.431 0.396 

Locus 58 : 
2 alleles
3.8% missing data
   1   (0.660) 0.663 0.709 0.658 
   2   (0.340) 0.337 0.291 0.342 

Locus 59 : 
2 alleles
4.3% missing data
   1   (0.853) 0.850 0.864 0.856 
   2   (0.147) 0.150 0.136 0.144 

Locus 60 : 
2 alleles
4.0% missing data
   1   (0.870) 0.871 0.939 0.868 
   2   (0.130) 0.129 0.061 0.132 

Locus 61 : 
2 alleles
3.0% missing data
   1   (0.885) 0.884 0.907 0.886 
   2   (0.115) 0.116 0.093 0.114 

Locus 62 : 
2 alleles
2.9% missing data
   1   (0.799) 0.802 0.815 0.798 
   2   (0.201) 0.198 0.185 0.202 

Locus 63 : 
2 alleles
4.6% missing data
   1   (0.659) 0.674 0.589 0.653 
   2   (0.341) 0.326 0.411 0.347 

Locus 64 : 
2 alleles
4.5% missing data
   1   (0.839) 0.847 0.816 0.836 
   2   (0.161) 0.153 0.184 0.164 

Locus 65 : 
2 alleles
4.9% missing data
   1   (0.857) 0.848 0.860 0.863 
   2   (0.143) 0.152 0.140 0.137 

Locus 66 : 
2 alleles
4.5% missing data
   1   (0.822) 0.829 0.885 0.816 
   2   (0.178) 0.171 0.115 0.184 

Locus 67 : 
2 alleles
2.5% missing data
   1   (0.864) 0.856 0.875 0.869 
   2   (0.136) 0.144 0.125 0.131 

Locus 68 : 
2 alleles
4.3% missing data
   1   (0.783) 0.776 0.842 0.786 
   2   (0.217) 0.224 0.158 0.214 

Locus 69 : 
2 alleles
1.7% missing data
   1   (0.844) 0.834 0.835 0.852 
   2   (0.156) 0.166 0.165 0.148 

Locus 70 : 
2 alleles
4.9% missing data
   1   (0.779) 0.788 0.754 0.776 
   2   (0.221) 0.212 0.246 0.224 

Locus 71 : 
2 alleles
4.0% missing data
   1   (0.758) 0.755 0.705 0.762 
