   NS_SS0963  1 0.0088 0.3146 0.0121 0.1279 0.1399 0.1558 0.0488 0.1766 0.0155 
   NS_SS0983  1 0.0055 0.0107 0.0437 0.0044 0.8632 0.0198 0.0332 0.0147 0.0049 
   NS_SS0719  1 0.0121 0.1607 0.0354 0.0140 0.0417 0.2214 0.4388 0.0286 0.0472 
   NS_SS1001  1 0.0197 0.0337 0.2088 0.1064 0.0254 0.1927 0.0339 0.0495 0.3299 
   NS_SS0936  1 0.0039 0.6362 0.0137 0.0301 0.0415 0.0339 0.1566 0.0309 0.0532 
   NS_SS0955  1 0.0060 0.0619 0.0385 0.0321 0.0345 0.7811 0.0173 0.0150 0.0135 
   NS_SS0944  1 0.0025 0.0672 0.3861 0.3962 0.0158 0.0303 0.0372 0.0446 0.0200 
   NS_SS0945  1 0.0265 0.0408 0.2050 0.2365 0.1066 0.0670 0.0123 0.0342 0.2709 
   NS_SS0922  1 0.0424 0.0616 0.0058 0.1173 0.0076 0.2421 0.4542 0.0567 0.0123 
   NS_SS0929  1 0.0061 0.1440 0.0866 0.0153 0.0841 0.0984 0.2879 0.0771 0.2005 
   NS_SS0956  1 0.0077 0.0177 0.0214 0.0332 0.0242 0.4958 0.0409 0.2189 0.1402 
   NS_SS0906  1 0.0048 0.1150 0.0212 0.0252 0.0650 0.2247 0.4666 0.0626 0.0149 
   NS_SS0721  1 0.0091 0.0221 0.0115 0.0102 0.3932 0.4249 0.0598 0.0541 0.0151 
   NS_SS0982  1 0.0226 0.0436 0.0081 0.0233 0.0773 0.0161 0.7665 0.0108 0.0316 
   NS_SS0923  1 0.0098 0.1589 0.0092 0.0445 0.1350 0.0650 0.3657 0.0433 0.1687 
   NS_SS0905  1 0.0041 0.0213 0.0257 0.0124 0.1347 0.0389 0.5855 0.1071 0.0704 
   NS_SS0925  1 0.0065 0.2103 0.0111 0.1072 0.1545 0.1222 0.3105 0.0623 0.0154 
   NS_SS0947  1 0.0093 0.1342 0.0095 0.3458 0.0169 0.3368 0.0321 0.0162 0.0992 
   NS_SS0926  1 0.0030 0.2079 0.5505 0.0242 0.1055 0.0108 0.0489 0.0123 0.0370 
   NS_SS0918  1 0.0050 0.0337 0.0513 0.0144 0.0619 0.0372 0.0219 0.3986 0.3761 
   NS_SS0966  1 0.0695 0.3336 0.0639 0.0496 0.0981 0.0488 0.2007 0.0533 0.0825 
   NS_SS0938  1 0.0029 0.8175 0.0170 0.0393 0.0358 0.0181 0.0141 0.0344 0.0209 
   NS_SS0917  1 0.0685 0.0519 0.0223 0.0293 0.0503 0.4471 0.1583 0.0328 0.1395 
   NS_SS0957  1 0.0124 0.0150 0.0129 0.0138 0.0262 0.0386 0.0516 0.1081 0.7214 
   NS_SS0987  1 0.2359 0.0757 0.0325 0.0133 0.0201 0.1888 0.0134 0.0268 0.3935 
   NS_SS0717  1 0.0057 0.0339 0.0182 0.1594 0.0554 0.2347 0.0218 0.0440 0.4270 
   NS_SS0986  1 0.0066 0.0634 0.0417 0.0239 0.0698 0.6241 0.0369 0.0232 0.1104 
   NS_SS0953  1 0.0403 0.0119 0.0301 0.4051 0.0148 0.2756 0.0452 0.0581 0.1189 
   NS_SS0907  1 0.0781 0.0346 0.0139 0.0250 0.1539 0.1024 0.5571 0.0210 0.0142 
   NS_SS0974  1 0.0055 0.0204 0.0829 0.1134 0.5772 0.0381 0.0371 0.0514 0.0741 
   NS_SS0989  1 0.0027 0.3139 0.1453 0.0289 0.0505 0.0860 0.2678 0.0865 0.0185 
   NS_SS0991  1 0.0043 0.0177 0.1302 0.0219 0.6691 0.0307 0.0989 0.0182 0.0092 
   NS_SS0994  1 0.0042 0.0755 0.3372 0.0421 0.0488 0.4348 0.0239 0.0186 0.0149 
   NS_SS0931  1 0.0241 0.0986 0.7905 0.0119 0.0156 0.0224 0.0107 0.0151 0.0110 
   NS_SS1000  1 0.0087 0.0277 0.0184 0.0450 0.0786 0.2463 0.0334 0.0083 0.5335 
   NS_SS0919  1 0.0047 0.1410 0.0260 0.0048 0.6947 0.0432 0.0598 0.0069 0.0189 
   NS_SS0949  1 0.0039 0.0322 0.6644 0.0785 0.0191 0.0496 0.1242 0.0224 0.0056 
   NS_SS0960  1 0.0112 0.0203 0.0564 0.0092 0.0296 0.0476 0.6835 0.0455 0.0968 
   NS_SS0716  1 0.0152 0.0056 0.0073 0.0091 0.0096 0.0062 0.0065 0.0113 0.9291 
   NS_SS0924  1 0.0302 0.3929 0.1653 0.0163 0.0745 0.0547 0.0846 0.0464 0.1351 
   NS_SS0935  1 0.0286 0.0102 0.3928 0.0212 0.1014 0.0132 0.3282 0.0625 0.0418 
   NS_SS0952  1 0.0498 0.0409 0.1673 0.1062 0.0446 0.0271 0.4907 0.0105 0.0629 
   NS_SS0962  1 0.0139 0.6200 0.0097 0.0137 0.1796 0.0331 0.0214 0.0422 0.0664 
   NS_SS0973  1 0.0078 0.0096 0.0085 0.0296 0.1895 0.0481 0.4264 0.2744 0.0062 
   NS_SS0722  1 0.0053 0.0201 0.0088 0.5544 0.0902 0.0664 0.0201 0.0277 0.2069 
   NS_SS0979  1 0.0029 0.0638 0.0108 0.0254 0.0722 0.0100 0.0395 0.0323 0.7431 
   NS_SS0993  1 0.0262 0.0478 0.0106 0.0591 0.2899 0.0245 0.0111 0.5225 0.0082 
   NS_SS0958  1 0.0056 0.0192 0.3757 0.0222 0.0242 0.0239 0.0618 0.0166 0.4508 
   NS_SS0988  1 0.0120 0.6598 0.0280 0.0257 0.0221 0.0575 0.0458 0.0402 0.1088 
   NS_SS1003  1 0.0287 0.2814 0.0105 0.0589 0.0992 0.0984 0.0340 0.3789 0.0101 
   NS_SS0976  1 0.0036 0.4403 0.1972 0.0253 0.2397 0.0164 0.0150 0.0465 0.0160 
   NS_SS0964  1 0.0061 0.0126 0.0120 0.5205 0.0609 0.0370 0.0580 0.0230 0.2700 
   NS_SS0939  1 0.0085 0.1686 0.0206 0.0528 0.0114 0.0664 0.0188 0.0251 0.6278 
   NS_SS0990  1 0.0079 0.1543 0.0226 0.0440 0.0488 0.1810 0.0662 0.2850 0.1903 
   NS_SS0984  1 0.0054 0.4627 0.0058 0.1255 0.0492 0.1097 0.0294 0.0198 0.1925 
   NS_SS0980  1 0.0034 0.0407 0.0078 0.0344 0.0569 0.4518 0.3316 0.0210 0.0525 
   NS_SS0978  1 0.0040 0.0110 0.0099 0.0108 0.0638 0.0138 0.8100 0.0133 0.0634 
   NS_SS0951  1 0.0051 0.0186 0.1200 0.1462 0.0703 0.0835 0.0793 0.3869 0.0901 
   NS_SS0913  1 0.0597 0.0243 0.0111 0.0506 0.0328 0.0227 0.0140 0.6354 0.1495 
   NS_SS1002  1 0.0606 0.7501 0.0041 0.0110 0.0406 0.0100 0.0683 0.0209 0.0344 
   NS_SS0948  1 0.0537 0.7595 0.0337 0.0126 0.0389 0.0084 0.0266 0.0453 0.0212 
   NS_SS0916  1 0.0100 0.0671 0.0296 0.0091 0.0885 0.0556 0.1705 0.5555 0.0141 
   NS_SS0995  1 0.0059 0.0808 0.0118 0.0300 0.0584 0.1938 0.0569 0.5513 0.0110 
   NS_SS0927  1 0.0097 0.0390 0.0463 0.0364 0.4953 0.0464 0.2773 0.0199 0.0297 
   NS_SS0992  1 0.0060 0.1634 0.0317 0.0171 0.0165 0.0352 0.6710 0.0416 0.0175 
   NS_SS0912  1 0.0063 0.0912 0.2793 0.0108 0.3506 0.0306 0.0334 0.1239 0.0740 
   NS_SS0981  1 0.0061 0.2022 0.0146 0.0086 0.1898 0.0281 0.0478 0.0256 0.4773 
   NS_SS0729  2 0.0063 0.1015 0.3358 0.2322 0.1647 0.0859 0.0600 0.0094 0.0042 
   NS_SS0967  2 0.0207 0.2105 0.0274 0.0509 0.3074 0.0978 0.2165 0.0072 0.0616 
   NS_SS0941  2 0.1133 0.1237 0.0309 0.1364 0.0761 0.2210 0.2018 0.0501 0.0467 
   NS_SS0768  2 0.0109 0.0193 0.0370 0.0522 0.0711 0.2188 0.1502 0.0234 0.4170 
   NS_SS0726  2 0.0141 0.7090 0.0587 0.0743 0.0346 0.0466 0.0165 0.0380 0.0080 
   NS_SS0763  2 0.0045 0.0244 0.1542 0.1232 0.1330 0.1328 0.3295 0.0246 0.0739 
   NS_SS0730  2 0.0061 0.0619 0.0149 0.0808 0.0158 0.7028 0.0162 0.0265 0.0751 
   NS_SS0774  2 0.0015 0.0156 0.0047 0.0129 0.0184 0.1774 0.0368 0.0186 0.7141 
   NS_SS0723  2 0.0037 0.0481 0.0059 0.0344 0.1787 0.3550 0.2428 0.0341 0.0974 
   NS_SS0940  2 0.0116 0.3707 0.1311 0.0394 0.1020 0.1340 0.0310 0.0980 0.0821 
   NS_SS0762  2 0.0061 0.0129 0.0094 0.5511 0.0152 0.0337 0.1917 0.1102 0.0698 
   NS_SS0766  2 0.0226 0.0277 0.1394 0.0775 0.0457 0.1621 0.1642 0.0304 0.3303 
   NS_SS0724  2 0.0099 0.0258 0.0160 0.7858 0.0326 0.0320 0.0208 0.0323 0.0448 
   NS_SS0769  2 0.0095 0.1517 0.0112 0.0328 0.0325 0.2884 0.0719 0.0127 0.3895 
   NS_SS0777  2 0.0158 0.0176 0.0325 0.0102 0.8680 0.0139 0.0137 0.0110 0.0174 
   NS_SS0734  2 0.0471 0.0244 0.2036 0.0331 0.0662 0.3778 0.0464 0.0914 0.1100 
   NS_SS0737  2 0.0109 0.0153 0.0082 0.5725 0.0108 0.0598 0.1713 0.1196 0.0317 
   NS_SS0732  2 0.0102 0.0813 0.0079 0.0080 0.0341 0.1045 0.0405 0.6216 0.0919 
   NS_SS0728  2 0.0165 0.0247 0.0136 0.0396 0.0348 0.7785 0.0415 0.0349 0.0158 
   NS_SS0735  2 0.0126 0.0135 0.0130 0.2360 0.3090 0.2185 0.0659 0.1165 0.0151 
   NS_SS0725  2 0.0167 0.0208 0.0188 0.8009 0.0088 0.0212 0.0103 0.0616 0.0409 
   NS_SS0788  2 0.0027 0.0603 0.0271 0.0409 0.0486 0.2061 0.5577 0.0376 0.0189 
   NS_SS0778  2 0.0034 0.0220 0.0326 0.0207 0.1013 0.1682 0.5593 0.0675 0.0249 
   NS_SS0792  2 0.0121 0.0427 0.0272 0.0424 0.0385 0.0676 0.6567 0.0955 0.0175 
   NS_SS0943  2 0.0153 0.0270 0.4311 0.4103 0.0106 0.0310 0.0320 0.0348 0.0079 
   NS_SS0791  2 0.0190 0.0590 0.0450 0.0192 0.1052 0.3980 0.0546 0.2792 0.0209 
   NS_SS0790  2 0.0074 0.0121 0.0073 0.1107 0.0146 0.0171 0.0267 0.0694 0.7347 
   NS_SS0731  2 0.0298 0.0089 0.0159 0.7395 0.0317 0.0162 0.0126 0.0246 0.1208 
   NS_SS0727  2 0.0043 0.0232 0.4621 0.2323 0.0577 0.0919 0.0351 0.0409 0.0526 
   NS_SS0779  2 0.0104 0.0222 0.0200 0.0407 0.6324 0.0891 0.0906 0.0333 0.0613 
   NS_SS0776  2 0.0165 0.0772 0.1070 0.1967 0.0690 0.0098 0.1513 0.0865 0.2860 
   NS_SS0775  2 0.0142 0.0420 0.0104 0.0332 0.0142 0.1399 0.0492 0.0232 0.6737 
   NS_SS0965  3 0.0031 0.0334 0.0276 0.0330 0.1209 0.6064 0.0665 0.0356 0.0735 
   NS_SS0754  3 0.0277 0.0218 0.1087 0.0162 0.1189 0.4159 0.1759 0.0502 0.0648 
   NS_SS0838  3 0.0580 0.0366 0.0293 0.1326 0.4279 0.0715 0.0175 0.0244 0.2021 
   NS_SS0839  3 0.0064 0.0190 0.0073 0.0347 0.0199 0.1747 0.0344 0.0247 0.6791 
   NS_SS0832  3 0.0707 0.0486 0.0066 0.0203 0.1960 0.5275 0.0893 0.0216 0.0194 
   NS_SS0820  3 0.0140 0.1014 0.0048 0.6417 0.0572 0.0431 0.0421 0.0195 0.0763 
   NS_SS0886  3 0.0039 0.1873 0.0849 0.0158 0.0589 0.4767 0.1171 0.0255 0.0300 
   NS_SS0748  3 0.0195 0.0664 0.1544 0.0178 0.2990 0.0155 0.0492 0.0145 0.3637 
   NS_SS0884  3 0.0370 0.0280 0.0294 0.0324 0.0220 0.3083 0.4088 0.0673 0.0666 
   NS_SS0752  3 0.0046 0.0249 0.0164 0.0431 0.0818 0.0311 0.6881 0.0514 0.0587 
   NS_SS0862  3 0.0081 0.0184 0.0051 0.0118 0.0265 0.8141 0.0430 0.0573 0.0159 
   NS_SS0787  3 0.0138 0.0200 0.5709 0.0191 0.0295 0.1279 0.1779 0.0196 0.0215 
   NS_SS0843  3 0.0039 0.0090 0.0181 0.1217 0.6477 0.0286 0.1077 0.0418 0.0216 
   NS_SS0856  3 0.0092 0.0240 0.0237 0.1638 0.1544 0.4529 0.1031 0.0478 0.0211 
   NS_SS0846  3 0.0076 0.0436 0.0203 0.0290 0.2318 0.2424 0.4025 0.0090 0.0138 
   NS_SS0825  3 0.0167 0.3828 0.0308 0.0234 0.1375 0.0493 0.0356 0.3085 0.0155 
   NS_SS0757  3 0.0061 0.0100 0.0154 0.0233 0.5520 0.0872 0.0935 0.1946 0.0179 
   NS_SS0876  3 0.2172 0.0309 0.0090 0.1013 0.2122 0.3398 0.0081 0.0696 0.0119 
   NS_SS0903  3 0.0039 0.0306 0.0122 0.0378 0.0201 0.4844 0.3669 0.0181 0.0262 
   NS_SS0875  3 0.0062 0.0998 0.0285 0.0264 0.2321 0.0190 0.0651 0.0806 0.4423 
   NS_SS0740  3 0.0057 0.0639 0.0105 0.0378 0.4952 0.0230 0.2947 0.0546 0.0148 
   NS_SS0811  3 0.0127 0.0087 0.0079 0.0065 0.0190 0.0103 0.0099 0.0397 0.8853 
   NS_SS0751  3 0.0046 0.0910 0.0300 0.0165 0.7052 0.0335 0.0200 0.0628 0.0363 
   NS_SS0891  3 0.0124 0.1313 0.0145 0.6578 0.0099 0.0406 0.0314 0.0165 0.0856 
   NS_SS0867  3 0.0340 0.1157 0.0289 0.0278 0.0271 0.0371 0.6967 0.0259 0.0069 
   NS_SS0890  3 0.0066 0.1083 0.0429 0.0150 0.5259 0.0526 0.1503 0.0317 0.0666 
   NS_SS0866  3 0.0116 0.1969 0.2196 0.0298 0.0856 0.0985 0.1178 0.2088 0.0313 
   NS_SS0755  3 0.0159 0.1588 0.0404 0.0813 0.0300 0.3138 0.1058 0.0667 0.1873 
   NS_SS0758  3 0.0039 0.0140 0.0155 0.0263 0.3667 0.5203 0.0212 0.0142 0.0179 
   NS_SS0840  3 0.0046 0.0147 0.0062 0.1058 0.0639 0.6964 0.0289 0.0336 0.0459 
   NS_SS0889  3 0.0051 0.0162 0.2715 0.0121 0.0266 0.0384 0.0220 0.5930 0.0150 
   NS_SS1010  3 0.0542 0.0112 0.0148 0.0248 0.0406 0.0222 0.3230 0.0214 0.4878 
   NS_SS0888  3 0.0032 0.0131 0.1288 0.0079 0.0175 0.0318 0.6913 0.0956 0.0107 
   NS_SS0837  3 0.0043 0.0332 0.0256 0.1962 0.0601 0.1044 0.3652 0.1623 0.0488 
   NS_SS0794  3 0.0050 0.0095 0.5512 0.0819 0.0283 0.0930 0.1167 0.0226 0.0917 
   NS_SS0823  3 0.0087 0.3297 0.0081 0.0620 0.2918 0.0937 0.0272 0.1640 0.0147 
   NS_SS0829  3 0.1267 0.0179 0.0961 0.0279 0.1575 0.2870 0.2029 0.0433 0.0407 
   NS_SS0844  3 0.0026 0.0556 0.0039 0.0934 0.0080 0.0508 0.7036 0.0234 0.0587 
   NS_SS1008  3 0.0291 0.0149 0.3085 0.1725 0.0511 0.2686 0.0350 0.0197 0.1006 
   NS_SS0881  3 0.0072 0.7192 0.0823 0.0195 0.0242 0.0260 0.0493 0.0504 0.0220 
   NS_SS0834  3 0.0133 0.0186 0.0093 0.8531 0.0411 0.0115 0.0159 0.0102 0.0270 
   NS_SS0744  3 0.0095 0.0519 0.0118 0.0104 0.0489 0.7599 0.0612 0.0382 0.0082 
   NS_SS0899  3 0.0030 0.0080 0.0048 0.1418 0.0482 0.0152 0.0441 0.6954 0.0394 
   NS_SS0804  3 0.0103 0.0813 0.0079 0.0177 0.1721 0.4830 0.1031 0.1038 0.0208 
   NS_SS0781  3 0.0079 0.1646 0.0065 0.0633 0.1804 0.1676 0.1339 0.0454 0.2304 
   NS_SS0822  3 0.0024 0.0112 0.1096 0.0430 0.4602 0.0111 0.0320 0.3220 0.0085 
   NS_SS1004  3 0.0059 0.0102 0.0225 0.0325 0.1557 0.0264 0.6957 0.0455 0.0057 
   NS_SS0746  3 0.0190 0.0597 0.0936 0.0564 0.4990 0.0864 0.1151 0.0241 0.0468 
   NS_SS0880  3 0.0031 0.1856 0.0761 0.0469 0.0226 0.3701 0.1618 0.0825 0.0512 
   NS_SS0879  3 0.0219 0.0384 0.0297 0.5692 0.0246 0.1549 0.0559 0.0236 0.0819 
   NS_SS0753  3 0.0211 0.0264 0.0431 0.0097 0.2782 0.0483 0.4956 0.0594 0.0182 
   NS_SS1007  3 0.0037 0.0252 0.0124 0.0090 0.0902 0.7553 0.0671 0.0171 0.0200 
   NS_SS0872  3 0.0053 0.0839 0.0183 0.0338 0.2676 0.0307 0.4497 0.0174 0.0933 
   NS_SS1005  3 0.0025 0.0425 0.0191 0.0982 0.1680 0.0412 0.5553 0.0334 0.0398 
   NS_SS0892  3 0.0053 0.0340 0.0191 0.0131 0.6896 0.0600 0.1349 0.0232 0.0207 
   NS_SS0898  3 0.0126 0.1105 0.4321 0.0175 0.0513 0.0211 0.0750 0.2518 0.0281 
   NS_SS0801  3 0.0204 0.0499 0.0075 0.1070 0.0718 0.5832 0.0645 0.0257 0.0700 
   NS_SS0827  3 0.1449 0.0314 0.1848 0.0175 0.1082 0.1518 0.1774 0.0159 0.1680 
   NS_SS0853  3 0.0070 0.0045 0.0104 0.0050 0.0115 0.0139 0.0255 0.0054 0.9167 
   NS_SS0780  3 0.0094 0.0417 0.0071 0.0238 0.1636 0.6579 0.0698 0.0131 0.0135 
   NS_SS0826  3 0.0054 0.7832 0.0264 0.0412 0.0961 0.0122 0.0100 0.0072 0.0182 
   NS_SS0818  3 0.0027 0.0251 0.0125 0.0253 0.0139 0.6807 0.2150 0.0166 0.0080 
   NS_SS0745  3 0.0038 0.0247 0.0422 0.0204 0.0267 0.0179 0.0142 0.0597 0.7903 
   NS_SS0849  3 0.0037 0.0374 0.0262 0.0119 0.0912 0.0942 0.0205 0.6797 0.0352 
   NS_SS0739  3 0.0198 0.0923 0.0130 0.0117 0.4188 0.0568 0.0242 0.3074 0.0558 
   NS_SS0799  3 0.0021 0.0071 0.0820 0.0170 0.3711 0.0858 0.3397 0.0746 0.0206 
   NS_SS0756  3 0.0096 0.5740 0.0161 0.0637 0.0540 0.1771 0.0418 0.0407 0.0230 
   NS_SS0802  3 0.2050 0.2257 0.0296 0.0354 0.2345 0.2003 0.0445 0.0165 0.0083 
   NS_SS0747  3 0.0107 0.0744 0.0066 0.0260 0.1199 0.1303 0.5428 0.0341 0.0552 
   NS_SS0835  3 0.0023 0.0672 0.1434 0.0150 0.0279 0.2362 0.4865 0.0111 0.0103 
   NS_SS0742  3 0.0026 0.0699 0.0144 0.0290 0.5249 0.0269 0.0256 0.2897 0.0169 
   NS_SS0760  3 0.0732 0.0184 0.7368 0.0183 0.0365 0.0311 0.0236 0.0249 0.0371 
   NS_SS0803  3 0.0152 0.0072 0.0078 0.0213 0.1009 0.0980 0.5810 0.1622 0.0065 
   NS_SS0828  3 0.0040 0.2237 0.1760 0.0310 0.0888 0.0995 0.1580 0.1205 0.0985 
   NS_SS0865  3 0.0344 0.3200 0.0283 0.0088 0.1825 0.2621 0.0200 0.0967 0.0472 
   NS_SS0759  3 0.0084 0.0183 0.0132 0.0256 0.2048 0.5493 0.0433 0.0808 0.0564 
   NS_SS0851  3 0.0280 0.0172 0.0157 0.4939 0.0070 0.0748 0.0114 0.1271 0.2248 
   NS_SS0874  3 0.0031 0.0190 0.0142 0.4658 0.0628 0.0503 0.1851 0.0716 0.1281 
   NS_SS0761  3 0.0063 0.0415 0.1786 0.0180 0.0512 0.4833 0.1231 0.0513 0.0468 
   NS_SS0842  3 0.0172 0.1358 0.0972 0.1017 0.0155 0.3003 0.0397 0.0870 0.2055 
   NS_SS0785  3 0.0100 0.0224 0.0704 0.0204 0.0411 0.4456 0.3492 0.0183 0.0225 
   NS_SS0860  3 0.0049 0.0308 0.0229 0.0129 0.0422 0.1471 0.7011 0.0231 0.0150 
   NS_SS0897  3 0.0039 0.0303 0.7486 0.0229 0.0319 0.0280 0.0334 0.0754 0.0255 
   NS_SS0841  3 0.0072 0.0803 0.0203 0.0240 0.0639 0.3227 0.0248 0.0751 0.3817 
   NS_SS0797  3 0.0468 0.1663 0.3862 0.0202 0.0413 0.1822 0.0539 0.0533 0.0500 
   NS_SS0830  3 0.0032 0.4433 0.0287 0.0387 0.0611 0.0176 0.0245 0.3475 0.0352 
   NS_SS1011  3 0.0108 0.3091 0.0101 0.0650 0.0937 0.3673 0.0795 0.0256 0.0389 
   NS_SS0883  3 0.0096 0.0547 0.0117 0.0042 0.4080 0.2486 0.1866 0.0216 0.0549 
   NS_SS0782  3 0.0045 0.0418 0.0437 0.0667 0.0114 0.7843 0.0122 0.0075 0.0278 
   NS_SS0831  3 0.0065 0.0316 0.1262 0.0255 0.0696 0.4428 0.1548 0.0988 0.0442 
   NS_SS0749  3 0.0082 0.0311 0.0222 0.0125 0.0166 0.5535 0.2099 0.1287 0.0173 
   NS_SS0854  3 0.0059 0.0417 0.0651 0.5615 0.0246 0.0960 0.0584 0.1295 0.0172 
   HI_SS0193  4 0.0032 0.0185 0.6415 0.1658 0.0108 0.0121 0.0056 0.1325 0.0100 
   HI_SS0194  4 0.0025 0.0141 0.0190 0.9151 0.0149 0.0114 0.0050 0.0084 0.0097 
   HI_SS0195  4 0.1330 0.0373 0.0084 0.3911 0.0373 0.2985 0.0106 0.0297 0.0542 
   HI_SS0196  4 0.0063 0.0395 0.1116 0.1008 0.4368 0.0734 0.0935 0.0123 0.1258 
   HI_SS0197  4 0.0212 0.8748 0.0040 0.0100 0.0097 0.0449 0.0187 0.0065 0.0102 
   HI_SS0198  4 0.0163 0.0170 0.0307 0.0090 0.0282 0.0935 0.0800 0.6261 0.0991 
   HI_SS0199  4 0.0067 0.0065 0.0227 0.0118 0.0310 0.0415 0.8163 0.0518 0.0117 
   HI_SS0201  4 0.0043 0.0602 0.5779 0.0216 0.1207 0.0426 0.0325 0.0706 0.0695 
   HI_SS0215  4 0.0053 0.0247 0.0294 0.0132 0.0266 0.1918 0.6697 0.0139 0.0253 
   HI_SS0218  4 0.0121 0.0078 0.5907 0.0089 0.0122 0.0159 0.2578 0.0401 0.0546 
   HI_SS0222  4 0.0080 0.0352 0.0270 0.0277 0.0800 0.7125 0.0126 0.0108 0.0862 
   HI_SS0230  4 0.0138 0.2621 0.0167 0.0723 0.0597 0.0190 0.0651 0.0193 0.4720 
   HI_SS0234  4 0.1591 0.7027 0.0278 0.0392 0.0074 0.0182 0.0096 0.0283 0.0077 
   HI_SS0240  4 0.0119 0.0188 0.0134 0.0527 0.0243 0.3150 0.5220 0.0081 0.0338 
   HI_SS0241  4 0.0033 0.1110 0.1282 0.0574 0.0763 0.0375 0.3915 0.0644 0.1305 
   HI_SS0242  4 0.0070 0.3404 0.0699 0.0773 0.0307 0.3866 0.0298 0.0407 0.0175 
   HI_SS0247  4 0.0410 0.0495 0.0298 0.0589 0.0186 0.0089 0.0182 0.7476 0.0275 
   HI_SS0248  4 0.0019 0.0111 0.6476 0.0540 0.1828 0.0544 0.0131 0.0119 0.0232 
   HI_SS0252  4 0.0041 0.0193 0.0227 0.2240 0.0338 0.0347 0.0352 0.6192 0.0071 
   HI_SS0254  4 0.0904 0.6421 0.0780 0.0069 0.0913 0.0337 0.0212 0.0241 0.0123 
   HI_SS0256  4 0.0034 0.0265 0.0046 0.2342 0.0090 0.0529 0.4341 0.0089 0.2264 
   HI_SS0257  4 0.0088 0.1788 0.0418 0.0848 0.0378 0.3470 0.2603 0.0296 0.0111 
   HI_SS0258  4 0.0084 0.0158 0.4182 0.0213 0.0163 0.3813 0.0690 0.0501 0.0194 
   HI_SS0259  4 0.0056 0.3422 0.0105 0.1804 0.0347 0.0485 0.0509 0.3167 0.0105 
   HI_SS0260  4 0.0036 0.0166 0.3008 0.0472 0.0557 0.0782 0.1540 0.0292 0.3146 
   HI_SS0261  4 0.0041 0.8014 0.0600 0.0389 0.0184 0.0155 0.0463 0.0074 0.0079 
   HI_SS0262  4 0.0113 0.1509 0.0092 0.1207 0.0240 0.5463 0.0351 0.0827 0.0197 
   HI_SS0264  4 0.0080 0.0877 0.0172 0.0549 0.0221 0.0721 0.0148 0.0114 0.7118 
   HI_SS0265  4 0.1211 0.6020 0.0128 0.1097 0.0209 0.0314 0.0359 0.0553 0.0109 
   HI_SS0268  4 0.0043 0.0187 0.1604 0.0201 0.0191 0.0256 0.0158 0.0198 0.7161 
   HI_SS0269  4 0.0036 0.3271 0.3403 0.0675 0.1327 0.0252 0.0333 0.0648 0.0054 
   HI_SS0273  4 0.0029 0.0336 0.4310 0.0069 0.0206 0.0335 0.4111 0.0392 0.0213 
   HI_SS0277  4 0.0042 0.8872 0.0069 0.0085 0.0189 0.0269 0.0230 0.0180 0.0064 
   HI_SS0280  4 0.0110 0.0325 0.0340 0.0302 0.0516 0.4033 0.1261 0.2561 0.0552 
   HI_SS0282  4 0.0031 0.1171 0.1924 0.0519 0.1751 0.3430 0.0388 0.0736 0.0050 
   HI_SS0286  4 0.0127 0.0316 0.0502 0.2024 0.0269 0.6063 0.0263 0.0250 0.0186 
   NS_SS1252  5 0.0087 0.1223 0.1936 0.0136 0.3813 0.0282 0.1477 0.0873 0.0172 
   NS_SS1261  5 0.0282 0.0462 0.0323 0.0150 0.6254 0.0181 0.0312 0.0986 0.1051 
   NS_SS1225  5 0.1196 0.0294 0.0303 0.1907 0.1015 0.0438 0.2317 0.2331 0.0198 
   NS_SS1266  5 0.0190 0.0320 0.0045 0.0589 0.0492 0.0555 0.4485 0.2687 0.0638 
   NS_SS1228  5 0.0152 0.0186 0.0241 0.0188 0.0130 0.0108 0.0115 0.8479 0.0400 
   NS_SS1255  5 0.0043 0.0191 0.1002 0.6552 0.0112 0.1010 0.0190 0.0440 0.0461 
   NS_SS1267  5 0.0374 0.0636 0.4035 0.0117 0.1218 0.0969 0.0881 0.0115 0.1655 
   NS_SS1238  5 0.0062 0.0780 0.4634 0.2305 0.0711 0.0478 0.0130 0.0749 0.0152 
   NS_SS1233  5 0.0043 0.0170 0.0246 0.0345 0.0603 0.0177 0.0344 0.1756 0.6316 
   NS_SS1277  5 0.0022 0.0186 0.8394 0.0319 0.0103 0.0236 0.0272 0.0284 0.0183 
   NS_SS1245  5 0.0041 0.2153 0.2299 0.1184 0.1493 0.2211 0.0325 0.0131 0.0163 
   NS_SS1240  5 0.0044 0.0373 0.4038 0.0146 0.4682 0.0304 0.0203 0.0065 0.0146 
   NS_SS1275  5 0.0057 0.8003 0.0047 0.0477 0.0142 0.0466 0.0238 0.0369 0.0201 
   NS_SS1235  5 0.0081 0.0244 0.0315 0.8789 0.0190 0.0182 0.0090 0.0056 0.0053 
   NS_SS1263  5 0.0019 0.0369 0.0124 0.5334 0.0277 0.0133 0.0561 0.0455 0.2729 
   NS_SS1251  5 0.0035 0.4614 0.0148 0.1102 0.2427 0.0374 0.0620 0.0312 0.0366 
   NS_SS1248  5 0.1093 0.0505 0.0866 0.0044 0.0291 0.0509 0.0077 0.5504 0.1112 
   NS_SS1244  5 0.0095 0.6634 0.1666 0.0144 0.0109 0.0129 0.0126 0.1037 0.0061 
   NS_SS1257  5 0.0535 0.2917 0.2924 0.0123 0.0548 0.1399 0.0445 0.0743 0.0366 
   NS_SS1242  5 0.0032 0.0234 0.0091 0.2436 0.0557 0.3355 0.0151 0.0081 0.3063 
   NS_SS1271  5 0.0797 0.0268 0.7496 0.0094 0.0177 0.0380 0.0185 0.0503 0.0099 
   NS_SS1265  5 0.0360 0.0695 0.1724 0.0555 0.2970 0.0146 0.0315 0.0598 0.2636 
   NS_SS1243  5 0.1067 0.0164 0.0275 0.0559 0.0713 0.0559 0.0521 0.5166 0.0977 
   NS_SS1273  5 0.0206 0.0312 0.0123 0.0148 0.0199 0.0102 0.0235 0.0133 0.8542 
   NS_SS1254  5 0.0150 0.0217 0.0079 0.0690 0.0177 0.0408 0.0646 0.0262 0.7372 
   NS_SS1224  5 0.0152 0.0988 0.0067 0.2213 0.0197 0.1937 0.0798 0.2947 0.0703 
   NS_SS1227  5 0.0034 0.1036 0.1161 0.0267 0.3913 0.0201 0.2110 0.0395 0.0884 
   NS_SS1274  5 0.0278 0.0218 0.1027 0.0310 0.0175 0.0574 0.0271 0.2311 0.4835 
   NS_SS1241  5 0.0021 0.0329 0.4477 0.0066 0.0405 0.0081 0.1880 0.2126 0.0615 
   NS_SS1256  5 0.0631 0.4111 0.0792 0.1976 0.0428 0.0470 0.1267 0.0082 0.0243 
   NS_SS1260  5 0.0863 0.0162 0.0184 0.0119 0.0361 0.1039 0.6754 0.0140 0.0378 
   NS_SS1262  5 0.1584 0.3595 0.0614 0.0106 0.0142 0.0155 0.3522 0.0161 0.0120 
   NS_SS1230  5 0.0199 0.0560 0.1511 0.0290 0.0480 0.0376 0.3193 0.0503 0.2888 
   NS_SS1270  5 0.0049 0.0376 0.0126 0.1148 0.0148 0.0223 0.0831 0.6979 0.0120 
   NS_SS1229  5 0.0088 0.0337 0.0084 0.1004 0.6752 0.0136 0.1144 0.0398 0.0057 
   NS_SS1246  5 0.0052 0.5972 0.1459 0.1804 0.0161 0.0113 0.0122 0.0255 0.0060 
   NS_SS1269  5 0.0046 0.0112 0.0305 0.0490 0.0410 0.1044 0.7103 0.0257 0.0233 
   NS_SS1239  5 0.0082 0.0060 0.0168 0.0297 0.0443 0.0872 0.0270 0.7759 0.0048 
   NS_SS1272  5 0.0145 0.5628 0.0090 0.2114 0.0623 0.0137 0.0918 0.0212 0.0133 
   NS_SS1268  5 0.0060 0.0074 0.0309 0.0654 0.0831 0.0347 0.0150 0.7436 0.0139 
   NS_SS1249  5 0.0340 0.0168 0.6535 0.0701 0.0595 0.0942 0.0366 0.0213 0.0139 
   HI_SS0559  6 0.0050 0.0093 0.0454 0.0972 0.1020 0.1179 0.5625 0.0288 0.0318 
   HI_SS0563  6 0.0056 0.0362 0.0544 0.0250 0.0092 0.7671 0.0509 0.0137 0.0379 
   HI_SS0564  6 0.0634 0.0844 0.0087 0.0582 0.0328 0.7094 0.0174 0.0143 0.0113 
   HI_SS0565  6 0.0084 0.0960 0.0309 0.0279 0.5393 0.0910 0.1601 0.0087 0.0377 
   HI_SS0569  6 0.0052 0.0144 0.1258 0.0050 0.6112 0.0169 0.1861 0.0176 0.0178 
   HI_SS0570  6 0.0755 0.0113 0.6146 0.1053 0.0320 0.0184 0.0134 0.0648 0.0647 
   HI_SS0572  6 0.0056 0.0070 0.0104 0.8850 0.0352 0.0159 0.0179 0.0103 0.0127 
   HI_SS0576  6 0.0120 0.1051 0.0146 0.0255 0.1636 0.0301 0.0663 0.4070 0.1759 
   HI_SS0579  6 0.0361 0.0538 0.1819 0.1533 0.0873 0.0882 0.2716 0.1218 0.0060 
   HI_SS0580  6 0.0109 0.0387 0.1207 0.2896 0.0463 0.0177 0.2421 0.0211 0.2128 
   HI_SS0581  6 0.0905 0.2962 0.0112 0.0324 0.1296 0.0302 0.0272 0.3599 0.0229 
   HI_SS0583  6 0.0050 0.0158 0.0278 0.0482 0.7802 0.0198 0.0154 0.0118 0.0762 
   HI_SS0586  6 0.0012 0.0125 0.4408 0.0089 0.0213 0.0713 0.0062 0.0103 0.4274 
   HI_SS0588  6 0.0290 0.0151 0.1532 0.0184 0.5463 0.0342 0.1769 0.0118 0.0150 
   HI_SS0595  6 0.0297 0.6608 0.1002 0.0232 0.0065 0.0338 0.0891 0.0301 0.0266 
   HI_SS0596  6 0.0036 0.0166 0.0123 0.8744 0.0112 0.0084 0.0113 0.0398 0.0224 
   HI_SS0597  6 0.0053 0.0509 0.0130 0.5403 0.2120 0.0541 0.0658 0.0429 0.0157 
   HI_SS0600  6 0.0054 0.0168 0.1054 0.0085 0.0412 0.0212 0.6761 0.1147 0.0105 
   HI_SS0601  6 0.0262 0.3964 0.0387 0.0130 0.1500 0.0205 0.0851 0.2311 0.0390 
   HI_SS0602  6 0.0050 0.0203 0.0120 0.0244 0.4455 0.0413 0.3924 0.0376 0.0213 
   HI_SS0604  6 0.0035 0.0125 0.0385 0.2910 0.4352 0.1411 0.0172 0.0372 0.0238 
   HI_SS0605  6 0.0121 0.0105 0.0156 0.0115 0.0146 0.8752 0.0303 0.0239 0.0063 
   HI_SS0608  6 0.0020 0.0121 0.0493 0.0374 0.0127 0.0090 0.2084 0.6313 0.0378 
   HI_SS0609  6 0.0013 0.2534 0.0269 0.0314 0.4046 0.0581 0.0278 0.0958 0.1007 
   HI_SS0611  6 0.0062 0.0215 0.0673 0.0104 0.0674 0.0136 0.1171 0.6440 0.0526 
   HI_SS0612  6 0.0100 0.0118 0.0213 0.0116 0.0237 0.1032 0.8016 0.0108 0.0059 
   HI_SS0613  6 0.0028 0.0265 0.0152 0.0179 0.0815 0.3202 0.0315 0.1025 0.4020 
   HI_SS0615  6 0.0254 0.1011 0.0111 0.0160 0.0949 0.0526 0.0480 0.6075 0.0434 
   HI_SS0001  6 0.0085 0.0402 0.2940 0.1238 0.0196 0.0482 0.0748 0.0392 0.3518 
   HI_SS0002  6 0.0402 0.0251 0.0077 0.1323 0.2164 0.0309 0.4944 0.0145 0.0385 
   HI_SS0004  6 0.0092 0.0123 0.2904 0.2881 0.0473 0.0442 0.0220 0.0277 0.2588 
   HI_SS0005  6 0.0157 0.1692 0.0695 0.0046 0.0352 0.0248 0.2284 0.0667 0.3859 
   HI_SS0006  6 0.0029 0.0389 0.0341 0.0318 0.4898 0.0387 0.3040 0.0471 0.0126 
   HI_SS0007  6 0.0056 0.0121 0.4353 0.0112 0.0115 0.1288 0.0109 0.3479 0.0367 
   HI_SS0008  6 0.0536 0.2072 0.0141 0.0845 0.4597 0.0470 0.0842 0.0358 0.0138 
   HI_SS0009  6 0.0088 0.0098 0.0449 0.5539 0.0291 0.1750 0.0150 0.1236 0.0398 
   HI_SS0010  6 0.0074 0.1991 0.1966 0.0521 0.0483 0.0197 0.0735 0.1292 0.2740 
   HI_SS0011  6 0.1151 0.5844 0.0310 0.0645 0.0332 0.0739 0.0255 0.0452 0.0274 
   HI_SS0012  6 0.0101 0.0174 0.0057 0.0173 0.7495 0.1076 0.0546 0.0127 0.0252 
   HI_SS0017  6 0.0044 0.0314 0.0995 0.6089 0.0169 0.0402 0.0085 0.0352 0.1551 
   HI_SS0021  6 0.2343 0.1015 0.3684 0.0527 0.0489 0.0166 0.0181 0.0224 0.1370 
   HI_SS0024  6 0.0040 0.1768 0.1031 0.0525 0.0499 0.0361 0.0112 0.0539 0.5125 
   HI_SS0025  6 0.0118 0.0085 0.0170 0.6412 0.0230 0.0423 0.0587 0.0247 0.1729 
   HI_SS0027  6 0.0210 0.0206 0.3046 0.0194 0.1724 0.1533 0.0511 0.2472 0.0105 
   HI_SS0028  6 0.0034 0.0635 0.0108 0.0157 0.0112 0.0184 0.0308 0.0105 0.8357 
   HI_SS0029  6 0.0154 0.0581 0.0424 0.0130 0.0353 0.0387 0.0135 0.0189 0.7648 
   HI_SS0030  6 0.0091 0.0814 0.0604 0.1457 0.0890 0.0235 0.0873 0.4892 0.0145 
   HI_SS0031  6 0.0068 0.0281 0.0096 0.0083 0.0195 0.0167 0.8756 0.0088 0.0268 
   HI_SS0034  6 0.0109 0.0272 0.1787 0.0287 0.0291 0.5902 0.0854 0.0368 0.0131 
   HI_SS0036  6 0.0211 0.5204 0.2354 0.0091 0.0375 0.0962 0.0123 0.0088 0.0591 
   HI_SS0037  6 0.0070 0.0100 0.1309 0.0288 0.0489 0.0625 0.0906 0.0171 0.6043 
   HI_SS0039  6 0.0076 0.0413 0.2869 0.0079 0.0144 0.0325 0.1882 0.0162 0.4049 
   HI_SS0041  6 0.0045 0.0813 0.0074 0.3703 0.0498 0.0502 0.0102 0.3659 0.0605 
   HI_SS0042  6 0.1248 0.6638 0.0091 0.0148 0.0181 0.0344 0.0108 0.0521 0.0720 
   HI_SS0043  6 0.0088 0.2972 0.4535 0.0142 0.0722 0.0257 0.0612 0.0547 0.0126 
   HI_SS0044  6 0.0093 0.0152 0.1994 0.0639 0.0200 0.0284 0.0208 0.0250 0.6181 
   HI_SS0047  6 0.0047 0.0890 0.0285 0.0909 0.4024 0.0922 0.0519 0.2245 0.0159 
   HI_SS0049  6 0.0073 0.0127 0.0160 0.6709 0.1379 0.0145 0.0338 0.0784 0.0286 
   HI_SS0051  6 0.0045 0.0077 0.0066 0.0099 0.0141 0.8302 0.0618 0.0271 0.0383 
   HI_SS0053  6 0.0127 0.0585 0.1354 0.0392 0.5029 0.0070 0.2172 0.0180 0.0092 
   HI_SS0054  6 0.0096 0.0957 0.5560 0.0344 0.0735 0.0191 0.0309 0.1600 0.0209 
   HI_SS0057  6 0.0060 0.0864 0.0217 0.0287 0.0684 0.0537 0.0177 0.7068 0.0106 
   HI_SS0058  6 0.0135 0.0239 0.0764 0.4117 0.0294 0.1047 0.0789 0.0330 0.2284 
   HI_SS0060  6 0.0872 0.7060 0.0607 0.0172 0.0251 0.0385 0.0339 0.0184 0.0130 
   HI_SS0087  6 0.0044 0.0356 0.0346 0.0628 0.7191 0.0542 0.0242 0.0496 0.0156 
   HI_SS0091  6 0.0023 0.1270 0.0406 0.0088 0.0790 0.0655 0.5945 0.0739 0.0083 
   HI_SS0095  6 0.0695 0.0978 0.0105 0.0237 0.1195 0.2864 0.3402 0.0259 0.0265 
   HI_SS0097  6 0.0106 0.1186 0.0110 0.0203 0.2775 0.0549 0.1348 0.3407 0.0316 
   HI_SS0099  6 0.0060 0.1029 0.0126 0.0646 0.2417 0.0348 0.0338 0.0097 0.4939 
   HI_SS0103  6 0.0062 0.0356 0.0151 0.1666 0.3348 0.0732 0.2622 0.0703 0.0360 
   HI_SS0105  6 0.0409 0.1632 0.0296 0.0448 0.0356 0.5280 0.1268 0.0237 0.0074 
   HI_SS0107  6 0.0019 0.0436 0.0111 0.8492 0.0368 0.0103 0.0153 0.0192 0.0125 
   HI_SS0108  6 0.0750 0.0303 0.6864 0.0099 0.0268 0.0937 0.0339 0.0299 0.0140 
   HI_SS0110  6 0.0023 0.5263 0.0137 0.0189 0.1469 0.0751 0.1734 0.0300 0.0135 
   HI_SS0111  6 0.0394 0.2623 0.0261 0.0088 0.1341 0.3066 0.1027 0.0838 0.0362 
   HI_SS0112  6 0.0029 0.0160 0.8569 0.0117 0.0291 0.0220 0.0096 0.0194 0.0323 
   HI_SS0113  6 0.0061 0.3198 0.0123 0.2413 0.0571 0.1535 0.0145 0.0754 0.1199 
   HI_SS0114  6 0.0110 0.0101 0.0485 0.0102 0.2646 0.5444 0.0675 0.0255 0.0184 
   HI_SS0115  6 0.0346 0.0065 0.0371 0.1930 0.0509 0.2122 0.1259 0.0164 0.3233 
   HI_SS0116  6 0.0078 0.0364 0.3881 0.2321 0.0768 0.0398 0.1598 0.0177 0.0414 
   HI_SS0117  6 0.0042 0.6626 0.1829 0.0712 0.0073 0.0147 0.0295 0.0071 0.0205 
   HI_SS0118  6 0.0185 0.0521 0.0257 0.0565 0.2399 0.4292 0.0857 0.0216 0.0707 
   HI_SS0119  6 0.0034 0.1602 0.1241 0.0196 0.0774 0.1212 0.2893 0.1777 0.0272 
   HI_SS0120  6 0.0057 0.0279 0.0045 0.9136 0.0163 0.0075 0.0053 0.0099 0.0094 
   HI_SS0121  6 0.0026 0.3943 0.0057 0.0080 0.1312 0.0184 0.0167 0.0786 0.3443 
   HI_SS0122  6 0.0354 0.1400 0.0459 0.1086 0.1847 0.0488 0.0432 0.3070 0.0862 
   HI_SS0123  6 0.0085 0.0423 0.0072 0.0137 0.0781 0.7275 0.0931 0.0131 0.0165 
   HI_SS0124  6 0.0060 0.0169 0.0108 0.4149 0.0156 0.1222 0.0394 0.2383 0.1359 
   HI_SS0125  6 0.0526 0.2957 0.0082 0.0538 0.2608 0.1175 0.0762 0.0970 0.0382 
   HI_SS0126  6 0.0016 0.0398 0.4735 0.0177 0.0138 0.0246 0.0578 0.0115 0.3596 
   HI_SS0127  6 0.0165 0.0476 0.0245 0.0242 0.1566 0.0209 0.0409 0.4748 0.1942 
   HI_SS0128  6 0.0059 0.0489 0.0965 0.1538 0.0961 0.0206 0.5063 0.0262 0.0457 
   HI_SS0129  6 0.0212 0.2341 0.1117 0.0531 0.1801 0.2468 0.0210 0.0960 0.0360 
   HI_SS0131  6 0.0842 0.0129 0.6467 0.0807 0.0164 0.0256 0.0223 0.0758 0.0354 
   HI_SS0132  6 0.0015 0.2659 0.0949 0.0126 0.0233 0.0214 0.0564 0.1960 0.3280 
   HI_SS0133  6 0.0025 0.0073 0.9482 0.0079 0.0037 0.0073 0.0073 0.0104 0.0053 
   HI_SS0134  6 0.0035 0.0200 0.0408 0.0753 0.0490 0.7609 0.0176 0.0103 0.0226 
   HI_SS0142  6 0.0312 0.0384 0.0055 0.0091 0.1761 0.1563 0.5351 0.0096 0.0387 
   HI_SS0145  6 0.0028 0.0250 0.0711 0.0392 0.3622 0.1456 0.2603 0.0717 0.0220 
   HI_SS0146  6 0.0029 0.0081 0.6809 0.0152 0.1511 0.0246 0.0282 0.0666 0.0224 
   HI_SS0147  6 0.0454 0.0428 0.0084 0.0692 0.0121 0.0688 0.1638 0.5180 0.0715 
   HI_SS0149  6 0.0059 0.8177 0.0176 0.0068 0.0311 0.0093 0.0130 0.0564 0.0422 
   HI_SS0150  6 0.0095 0.1452 0.0696 0.1003 0.0961 0.1531 0.0635 0.1033 0.2595 
   HI_SS0151  6 0.0213 0.0175 0.0272 0.0475 0.2690 0.2003 0.0328 0.3769 0.0075 
   NS_SS1451  6 0.0058 0.0269 0.0120 0.1995 0.0769 0.0694 0.0178 0.4777 0.1140 
   NS_SS1404  6 0.0301 0.0666 0.0231 0.0636 0.0103 0.1487 0.0185 0.2800 0.3591 
   NS_SS1432  6 0.0464 0.7012 0.0053 0.0143 0.0161 0.0374 0.0110 0.0222 0.1461 
   NS_SS1405  6 0.0049 0.0550 0.0561 0.2215 0.0329 0.2923 0.0155 0.0077 0.3142 
   NS_SS1431  6 0.0018 0.4233 0.0113 0.1943 0.1538 0.0500 0.0240 0.0605 0.0810 
   NS_SS1402  6 0.0041 0.0263 0.0176 0.1705 0.0465 0.1258 0.5385 0.0315 0.0392 
   NS_SS1450  6 0.0079 0.0667 0.1447 0.1055 0.0310 0.5276 0.0350 0.0181 0.0634 
   NS_SS1396  6 0.0137 0.1177 0.0392 0.0138 0.0932 0.0289 0.1348 0.4792 0.0797 
   NS_SS1393  6 0.0053 0.0221 0.0143 0.0112 0.1755 0.1274 0.4988 0.0292 0.1161 
   NS_SS1392  6 0.0366 0.0280 0.0154 0.7287 0.0116 0.1214 0.0185 0.0203 0.0193 
   NS_SS1445  6 0.0232 0.1261 0.0893 0.0309 0.4310 0.0760 0.0732 0.0819 0.0684 
   NS_SS1423  6 0.0035 0.1402 0.3536 0.1498 0.2561 0.0162 0.0432 0.0095 0.0279 
   NS_SS1421  6 0.0925 0.5117 0.1167 0.0204 0.0344 0.0532 0.0161 0.1372 0.0180 
   NS_SS1411  6 0.0039 0.0069 0.5091 0.0095 0.2963 0.0655 0.0238 0.0383 0.0469 
   NS_SS1453  6 0.0136 0.6126 0.0321 0.0324 0.1014 0.1249 0.0145 0.0251 0.0433 
   NS_SS1442  6 0.0078 0.0156 0.0336 0.0606 0.7904 0.0198 0.0178 0.0174 0.0369 
   NS_SS1422  6 0.0203 0.0406 0.0432 0.2897 0.0289 0.1194 0.2161 0.2050 0.0367 
   NS_SS1419  6 0.1478 0.0046 0.0114 0.0140 0.0677 0.0137 0.0219 0.5643 0.1546 
   NS_SS1427  6 0.0046 0.0389 0.8302 0.0251 0.0177 0.0089 0.0357 0.0202 0.0188 
   NS_SS1444  6 0.0093 0.1730 0.0136 0.4173 0.1326 0.0380 0.0103 0.0600 0.1459 
   NS_SS1455  6 0.0027 0.0459 0.0107 0.4665 0.1820 0.0375 0.0986 0.0879 0.0681 
   NS_SS1425  6 0.0018 0.0089 0.5360 0.0120 0.3841 0.0136 0.0152 0.0188 0.0097 
   NS_SS1400  6 0.0035 0.0113 0.6547 0.0431 0.0825 0.0369 0.0090 0.0135 0.1454 
   NS_SS1406  6 0.0131 0.5638 0.0058 0.0561 0.1468 0.0194 0.0694 0.0238 0.1018 
   NS_SS1417  6 0.0137 0.0406 0.0911 0.3026 0.0103 0.2175 0.1756 0.0415 0.1070 
   NS_SS1454  6 0.0033 0.0322 0.0954 0.0153 0.0435 0.0233 0.0163 0.2054 0.5652 
   NS_SS1412  6 0.0439 0.0228 0.0705 0.0775 0.1243 0.1453 0.3931 0.0378 0.0849 
   NS_SS1438  6 0.0031 0.0223 0.4175 0.0891 0.2095 0.1455 0.0516 0.0399 0.0216 
   NS_SS1416  6 0.0093 0.0095 0.0065 0.0061 0.0182 0.8587 0.0168 0.0109 0.0641 
   NS_SS1401  6 0.0246 0.2632 0.0657 0.0912 0.3649 0.0093 0.0552 0.0905 0.0353 
   NS_SS1424  6 0.0248 0.0593 0.2768 0.0355 0.0378 0.2710 0.1092 0.1724 0.0132 
   NS_SS1435  6 0.0054 0.0133 0.3889 0.0640 0.2639 0.0519 0.1608 0.0153 0.0365 
   NS_SS1447  6 0.0140 0.0136 0.0111 0.4945 0.3667 0.0330 0.0112 0.0168 0.0389 
   NS_SS1414  6 0.0154 0.0069 0.0121 0.6387 0.0070 0.0147 0.0220 0.0153 0.2679 
   NS_SS1449  6 0.0061 0.0238 0.0242 0.0694 0.0310 0.0131 0.0115 0.7780 0.0430 
   NS_SS1443  6 0.0051 0.0220 0.2599 0.0083 0.0963 0.0339 0.4058 0.1580 0.0106 
   NS_SS1434  6 0.0014 0.0186 0.2360 0.5920 0.0743 0.0262 0.0279 0.0135 0.0102 
   NS_SS1398  6 0.0421 0.0590 0.0585 0.0985 0.0261 0.0262 0.0376 0.0327 0.6193 
   NS_SS1426  6 0.0048 0.2818 0.1295 0.0270 0.4140 0.0612 0.0484 0.0147 0.0187 
   NS_SS1413  6 0.0239 0.0101 0.7428 0.1426 0.0199 0.0090 0.0279 0.0085 0.0154 
   NS_SS1395  6 0.0104 0.0105 0.0219 0.0106 0.8704 0.0192 0.0360 0.0154 0.0057 
   NS_SS1448  6 0.0036 0.0507 0.5619 0.0366 0.0243 0.0214 0.0144 0.1646 0.1225 
   NS_SS1446  6 0.0073 0.0828 0.0307 0.0314 0.0812 0.5463 0.1626 0.0372 0.0205 
   NS_SS1403  6 0.0095 0.0364 0.0067 0.0045 0.6366 0.0269 0.0561 0.0130 0.2102 
   NS_SS1415  6 0.0235 0.0172 0.7220 0.0134 0.0441 0.0501 0.0402 0.0389 0.0506 
   NS_SS1437  6 0.0172 0.6602 0.0151 0.0240 0.0387 0.0386 0.0249 0.0112 0.1700 
   NS_SS1439  6 0.0041 0.0122 0.0050 0.0367 0.2060 0.0384 0.6725 0.0068 0.0182 
   NS_SS1441  6 0.0041 0.0592 0.0395 0.0231 0.0180 0.0508 0.7593 0.0121 0.0339 
   NS_SS1420  6 0.0046 0.0096 0.0075 0.0114 0.0115 0.0218 0.0156 0.8848 0.0331 
   NS_SS1394  6 0.0645 0.1043 0.0093 0.0147 0.2937 0.1150 0.0220 0.0341 0.3424 
   NS_SS1391  6 0.0153 0.0212 0.0520 0.6618 0.0803 0.0152 0.1182 0.0103 0.0257 
   NS_SS1410  6 0.0261 0.1784 0.0927 0.0513 0.2956 0.0406 0.0150 0.1130 0.1873 
   NS_SS1408  6 0.0636 0.0842 0.0210 0.0183 0.0394 0.7223 0.0154 0.0173 0.0184 
   NS_SS1409  6 0.0043 0.0159 0.0157 0.0171 0.0366 0.2233 0.6667 0.0110 0.0094 
   HI_SS0617  7 0.0021 0.0367 0.0119 0.0593 0.0209 0.8034 0.0236 0.0189 0.0232 
   HI_SS0618  7 0.0040 0.0231 0.0151 0.0109 0.0477 0.7633 0.0441 0.0544 0.0375 
   HI_SS0619  7 0.0081 0.1040 0.0525 0.0936 0.0359 0.0161 0.1239 0.1091 0.4568 
   HI_SS0620  7 0.0066 0.0091 0.6902 0.0159 0.0191 0.0316 0.0187 0.1987 0.0101 
   HI_SS0621  7 0.0344 0.3729 0.0150 0.0970 0.1577 0.1035 0.0744 0.0933 0.0518 
   HI_SS0622  7 0.0201 0.3662 0.1207 0.0329 0.0237 0.0478 0.1358 0.2124 0.0405 
   HI_SS0626  7 0.0199 0.2276 0.0229 0.0320 0.2967 0.0188 0.0706 0.0237 0.2878 
   HI_SS0627  7 0.0142 0.4890 0.0170 0.0499 0.2743 0.0142 0.0197 0.0973 0.0244 
   HI_SS0628  7 0.0719 0.2945 0.1077 0.0195 0.0230 0.4338 0.0180 0.0164 0.0152 
   HI_SS0629  7 0.0138 0.1423 0.0723 0.0115 0.2268 0.0194 0.3399 0.1426 0.0314 
   HI_SS0630  7 0.0514 0.0067 0.1648 0.0073 0.0176 0.6833 0.0164 0.0233 0.0293 
   HI_SS0631  7 0.0018 0.0604 0.4035 0.0300 0.3259 0.0364 0.0315 0.0751 0.0354 
   HI_SS0632  7 0.0051 0.0200 0.2273 0.1203 0.2898 0.1074 0.0143 0.1841 0.0318 
   HI_SS0633  7 0.0067 0.0203 0.0092 0.6777 0.0345 0.0204 0.0131 0.0134 0.2047 
   HI_SS0634  7 0.0039 0.1289 0.0162 0.0099 0.0493 0.7247 0.0155 0.0345 0.0171 
   HI_SS0635  7 0.0195 0.0242 0.0124 0.0128 0.2492 0.0356 0.3193 0.0158 0.3113 
   HI_SS0637  7 0.0060 0.2702 0.0066 0.0114 0.0418 0.5590 0.0578 0.0383 0.0090 
   HI_SS0638  7 0.0032 0.1047 0.3915 0.0621 0.0694 0.1959 0.0496 0.0861 0.0374 
   HI_SS0639  7 0.0684 0.0467 0.0121 0.0292 0.2771 0.3717 0.0959 0.0779 0.0210 
   HI_SS0640  7 0.0045 0.0267 0.0369 0.0176 0.7588 0.0142 0.0681 0.0612 0.0119 
   HI_SS0641  7 0.0105 0.0751 0.1490 0.0295 0.0227 0.1268 0.0229 0.0359 0.5275 
   HI_SS0642  7 0.0043 0.4884 0.0134 0.0336 0.0541 0.0346 0.0286 0.3275 0.0157 
   HI_SS0645  7 0.0014 0.0097 0.0062 0.0100 0.0070 0.0152 0.0067 0.5049 0.4391 
   HI_SS0646  7 0.0066 0.0493 0.0200 0.0727 0.0361 0.1249 0.6615 0.0142 0.0147 
   HI_SS0647  7 0.0024 0.0266 0.1278 0.6474 0.0378 0.0390 0.0241 0.0431 0.0518 
   HI_SS0648  7 0.0051 0.3503 0.0502 0.0615 0.0449 0.0306 0.1999 0.0806 0.1771 
   HI_SS0649  7 0.0030 0.0609 0.0123 0.0906 0.6354 0.0215 0.0626 0.0183 0.0953 
   HI_SS0650  7 0.0105 0.0552 0.0116 0.1989 0.3183 0.2740 0.0618 0.0394 0.0304 
   HI_SS0651  7 0.0075 0.0585 0.0243 0.2073 0.0971 0.0631 0.3207 0.1369 0.0844 
   HI_SS0652  7 0.0058 0.0401 0.0139 0.0516 0.0154 0.6118 0.0233 0.0630 0.1751 
   NS_SS1371  7 0.0093 0.0144 0.0113 0.0201 0.0308 0.0210 0.8738 0.0065 0.0128 
   NS_SS1374  7 0.0049 0.4390 0.3886 0.0120 0.0102 0.0507 0.0232 0.0243 0.0472 
   NS_SS1337  7 0.0060 0.0538 0.0156 0.4094 0.0100 0.0451 0.0084 0.4437 0.0080 
   NS_SS1385  7 0.0102 0.0332 0.0394 0.3437 0.0780 0.0947 0.3643 0.0176 0.0190 
   NS_SS1388  7 0.0156 0.0129 0.0739 0.0167 0.0582 0.0150 0.0085 0.0102 0.7890 
   NS_SS1370  7 0.0107 0.0104 0.0055 0.0085 0.0164 0.0137 0.0078 0.9212 0.0058 
   NS_SS1389  7 0.0073 0.0166 0.0235 0.0623 0.0233 0.0084 0.0080 0.0109 0.8398 
   NS_SS1360  7 0.0053 0.0302 0.1952 0.0188 0.3253 0.1687 0.1767 0.0478 0.0319 
   NS_SS1330  7 0.0077 0.0072 0.0052 0.0488 0.0480 0.4360 0.3391 0.0166 0.0913 
   NS_SS1328  7 0.0047 0.0868 0.5693 0.1373 0.0101 0.1664 0.0115 0.0057 0.0083 
   NS_SS1384  7 0.0044 0.0257 0.0265 0.1219 0.1417 0.0240 0.6337 0.0154 0.0068 
   NS_SS1381  7 0.0020 0.0177 0.0088 0.5533 0.1137 0.1413 0.0391 0.1112 0.0128 
   NS_SS1375  7 0.0025 0.0164 0.1615 0.0274 0.0297 0.0451 0.4277 0.0872 0.2024 
   NS_SS1319  7 0.1168 0.0527 0.0190 0.0291 0.0157 0.5035 0.1776 0.0338 0.0518 
   NS_SS1326  7 0.0246 0.0503 0.7858 0.0187 0.0175 0.0127 0.0251 0.0532 0.0121 
   NS_SS1341  7 0.0083 0.1294 0.0175 0.0708 0.6437 0.0671 0.0249 0.0223 0.0159 
   NS_SS1383  7 0.0044 0.8604 0.0410 0.0057 0.0239 0.0216 0.0123 0.0208 0.0099 
   NS_SS1318  7 0.0335 0.0206 0.0801 0.2730 0.2145 0.0264 0.0549 0.1989 0.0980 
   NS_SS1348  7 0.0039 0.0254 0.6307 0.0213 0.0898 0.0132 0.1763 0.0259 0.0136 
   NS_SS1363  7 0.0096 0.1114 0.0510 0.0083 0.0531 0.3141 0.0272 0.3785 0.0466 
   NS_SS1335  7 0.0433 0.0356 0.1536 0.0053 0.0207 0.0341 0.5923 0.0979 0.0171 
   NS_SS1358  7 0.0229 0.0474 0.0561 0.0140 0.0282 0.7719 0.0249 0.0277 0.0071 
   NS_SS1342  7 0.0026 0.6590 0.1177 0.1106 0.0388 0.0220 0.0257 0.0098 0.0137 
   NS_SS1320  7 0.0146 0.0341 0.0045 0.6711 0.0190 0.0586 0.0203 0.0330 0.1448 
   NS_SS1355  7 0.0218 0.0481 0.0060 0.3758 0.3061 0.0433 0.0214 0.1440 0.0335 
   NS_SS1345  7 0.0355 0.0214 0.0245 0.7091 0.0392 0.0556 0.0578 0.0460 0.0108 
   NS_SS1324  7 0.0063 0.2312 0.3729 0.0352 0.1626 0.0450 0.0477 0.0541 0.0450 
   NS_SS1347  7 0.0070 0.1998 0.0140 0.0146 0.5181 0.0266 0.1497 0.0302 0.0399 
   NS_SS1321  7 0.0025 0.1559 0.0318 0.0071 0.0485 0.2157 0.2874 0.2169 0.0340 
   NS_SS1333  7 0.0064 0.6154 0.1435 0.0126 0.0266 0.0207 0.0321 0.0201 0.1226 
   NS_SS1364  7 0.0048 0.0472 0.3090 0.4757 0.1040 0.0185 0.0189 0.0157 0.0063 
   NS_SS1379  7 0.0742 0.0235 0.0090 0.1286 0.6350 0.0484 0.0318 0.0352 0.0144 
   NS_SS1332  7 0.0105 0.0159 0.5437 0.0120 0.0413 0.0071 0.0152 0.0062 0.3482 
   NS_SS1338  7 0.0135 0.0261 0.0256 0.0289 0.2875 0.3951 0.0236 0.1693 0.0304 
   NS_SS1368  7 0.0151 0.3292 0.4740 0.0155 0.0249 0.0213 0.0532 0.0123 0.0545 
   NS_SS1354  7 0.0225 0.0477 0.0336 0.0955 0.0430 0.2113 0.1172 0.2200 0.2091 
   NS_SS1365  7 0.0212 0.3245 0.0879 0.0560 0.0561 0.2520 0.0417 0.0946 0.0661 
   NS_SS1380  7 0.0343 0.0245 0.0061 0.1601 0.0167 0.0129 0.0198 0.0235 0.7020 
   NS_SS1329  7 0.0043 0.6836 0.0470 0.0354 0.1426 0.0143 0.0281 0.0205 0.0242 
   NS_SS1362  7 0.0091 0.2782 0.0567 0.0843 0.1850 0.2116 0.1018 0.0094 0.0639 
   NS_SS1327  7 0.0097 0.0114 0.8710 0.0073 0.0389 0.0155 0.0171 0.0175 0.0116 
   NS_SS1350  7 0.0162 0.0128 0.0217 0.0336 0.0208 0.6838 0.1910 0.0066 0.0135 
   NS_SS1387  7 0.0069 0.0523 0.0157 0.0083 0.6387 0.0358 0.0542 0.0470 0.1411 
   NS_SS1369  7 0.0063 0.0309 0.1096 0.0167 0.0144 0.0189 0.0218 0.7703 0.0111 
