   NS_SS0963  1 0.0793 0.0122 0.0184 0.0100 0.3407 0.5206 0.0114 0.0075 
   NS_SS0983  1 0.0081 0.0035 0.8272 0.0977 0.0058 0.0435 0.0108 0.0035 
   NS_SS0719  1 0.2875 0.1256 0.0958 0.2417 0.1306 0.0467 0.0641 0.0081 
   NS_SS1001  1 0.0164 0.7154 0.0107 0.0369 0.0265 0.0145 0.1684 0.0113 
   NS_SS0936  1 0.1244 0.1249 0.0301 0.0523 0.1170 0.5090 0.0387 0.0035 
   NS_SS0955  1 0.2341 0.0225 0.1496 0.1498 0.1257 0.0899 0.2212 0.0072 
   NS_SS0944  1 0.0198 0.0398 0.0137 0.0149 0.0479 0.1691 0.6917 0.0030 
   NS_SS0945  1 0.0188 0.5045 0.0413 0.0542 0.0482 0.0377 0.2827 0.0127 
   NS_SS0922  1 0.0695 0.6640 0.0158 0.0786 0.0292 0.0960 0.0081 0.0389 
   NS_SS0929  1 0.1054 0.0365 0.0994 0.0901 0.0280 0.6107 0.0249 0.0050 
   NS_SS0956  1 0.0192 0.8484 0.0083 0.0432 0.0148 0.0375 0.0242 0.0044 
   NS_SS0906  1 0.0197 0.0748 0.2977 0.1202 0.0340 0.4327 0.0159 0.0051 
   NS_SS0721  1 0.0394 0.0074 0.4001 0.4725 0.0367 0.0164 0.0207 0.0067 
   NS_SS0982  1 0.0190 0.0258 0.0155 0.0142 0.4039 0.4971 0.0097 0.0148 
   NS_SS0923  1 0.1019 0.1422 0.0190 0.4444 0.0448 0.2290 0.0129 0.0058 
   NS_SS0905  1 0.7633 0.0305 0.0673 0.0451 0.0448 0.0376 0.0097 0.0017 
   NS_SS0925  1 0.8724 0.0091 0.0206 0.0153 0.0383 0.0346 0.0037 0.0059 
   NS_SS0947  1 0.0309 0.0448 0.0114 0.7043 0.0125 0.1656 0.0246 0.0059 
   NS_SS0926  1 0.0241 0.0152 0.0544 0.0209 0.1116 0.0240 0.7483 0.0013 
   NS_SS0918  1 0.0743 0.0327 0.1001 0.1013 0.3117 0.3492 0.0275 0.0033 
   NS_SS0966  1 0.1379 0.0256 0.0271 0.0290 0.0882 0.6047 0.0251 0.0624 
   NS_SS0938  1 0.0175 0.1233 0.0563 0.0278 0.6920 0.0211 0.0593 0.0029 
   NS_SS0917  1 0.1021 0.0508 0.0444 0.4797 0.2397 0.0182 0.0178 0.0475 
   NS_SS0957  1 0.0153 0.4234 0.0260 0.0324 0.0650 0.4006 0.0261 0.0112 
   NS_SS0987  1 0.0689 0.4423 0.0093 0.0359 0.1058 0.0561 0.0407 0.2409 
   NS_SS0717  1 0.0263 0.4337 0.0135 0.1782 0.0801 0.2289 0.0365 0.0027 
   NS_SS0986  1 0.0071 0.0119 0.0141 0.9203 0.0109 0.0108 0.0203 0.0046 
   NS_SS0953  1 0.0099 0.0153 0.0287 0.0112 0.0075 0.8930 0.0126 0.0217 
   NS_SS0907  1 0.6477 0.0105 0.0342 0.0345 0.0435 0.1713 0.0150 0.0432 
   NS_SS0974  1 0.6202 0.0276 0.2233 0.0092 0.0411 0.0422 0.0333 0.0031 
   NS_SS0989  1 0.1812 0.0141 0.4589 0.0500 0.1988 0.0249 0.0705 0.0017 
   NS_SS0991  1 0.0341 0.0124 0.4391 0.0781 0.0194 0.0524 0.3611 0.0035 
   NS_SS0994  1 0.1740 0.0383 0.1247 0.0998 0.0236 0.0132 0.5235 0.0028 
   NS_SS0931  1 0.0141 0.0111 0.0248 0.0064 0.0087 0.0167 0.9022 0.0161 
   NS_SS1000  1 0.0061 0.0287 0.0067 0.8988 0.0176 0.0271 0.0108 0.0041 
   NS_SS0919  1 0.0874 0.0077 0.0206 0.5784 0.0303 0.2417 0.0310 0.0030 
   NS_SS0949  1 0.0217 0.0168 0.0429 0.0176 0.0195 0.0176 0.8619 0.0019 
   NS_SS0960  1 0.3336 0.0252 0.0673 0.0693 0.0438 0.3699 0.0803 0.0107 
   NS_SS0716  1 0.0109 0.8598 0.0076 0.0615 0.0256 0.0076 0.0138 0.0133 
   NS_SS0924  1 0.1023 0.0118 0.0104 0.8014 0.0216 0.0101 0.0269 0.0155 
   NS_SS0935  1 0.4028 0.0255 0.0080 0.0381 0.0150 0.0933 0.4021 0.0152 
   NS_SS0952  1 0.0637 0.0243 0.0686 0.0184 0.0474 0.4030 0.3264 0.0483 
   NS_SS0962  1 0.0260 0.0180 0.0253 0.0364 0.8517 0.0225 0.0100 0.0101 
   NS_SS0973  1 0.7990 0.0073 0.1064 0.0114 0.0097 0.0534 0.0085 0.0044 
   NS_SS0722  1 0.0395 0.7554 0.0091 0.0793 0.0107 0.0915 0.0113 0.0033 
   NS_SS0979  1 0.0516 0.2331 0.0451 0.0292 0.5933 0.0320 0.0128 0.0030 
   NS_SS0993  1 0.4561 0.0562 0.0288 0.0130 0.0262 0.3810 0.0131 0.0257 
   NS_SS0958  1 0.0303 0.0525 0.0251 0.0312 0.0786 0.0696 0.7086 0.0042 
   NS_SS0988  1 0.0113 0.0414 0.1370 0.0188 0.2033 0.5530 0.0279 0.0072 
   NS_SS1003  1 0.1011 0.0139 0.0074 0.0194 0.7973 0.0223 0.0281 0.0104 
   NS_SS0976  1 0.4287 0.0162 0.0589 0.0147 0.3145 0.0827 0.0815 0.0029 
   NS_SS0964  1 0.1249 0.7637 0.0191 0.0496 0.0147 0.0174 0.0071 0.0035 
   NS_SS0939  1 0.0110 0.8859 0.0068 0.0388 0.0300 0.0038 0.0189 0.0047 
   NS_SS0990  1 0.0107 0.5622 0.1418 0.0776 0.1719 0.0168 0.0144 0.0047 
   NS_SS0984  1 0.0135 0.8893 0.0065 0.0144 0.0231 0.0442 0.0063 0.0026 
   NS_SS0980  1 0.0155 0.0048 0.0053 0.0099 0.0092 0.9455 0.0074 0.0023 
   NS_SS0978  1 0.1684 0.0914 0.0416 0.0592 0.2334 0.3680 0.0327 0.0053 
   NS_SS0951  1 0.1157 0.0455 0.3068 0.0368 0.0243 0.2185 0.2489 0.0034 
   NS_SS0913  1 0.0616 0.7076 0.0478 0.0660 0.0150 0.0103 0.0356 0.0561 
   NS_SS1002  1 0.0066 0.0077 0.0215 0.0130 0.8592 0.0589 0.0041 0.0290 
   NS_SS0948  1 0.0375 0.0927 0.0735 0.0267 0.2561 0.4311 0.0308 0.0516 
   NS_SS0916  1 0.8678 0.0150 0.0186 0.0067 0.0511 0.0187 0.0166 0.0055 
   NS_SS0995  1 0.4896 0.0735 0.1845 0.0910 0.0418 0.1110 0.0045 0.0040 
   NS_SS0927  1 0.3072 0.0323 0.0852 0.2558 0.2673 0.0120 0.0329 0.0073 
   NS_SS0992  1 0.0728 0.0548 0.3998 0.1473 0.1091 0.1906 0.0216 0.0041 
   NS_SS0912  1 0.0190 0.0286 0.1215 0.1094 0.0409 0.0505 0.6267 0.0034 
   NS_SS0981  1 0.2092 0.0220 0.0217 0.2840 0.3838 0.0494 0.0253 0.0046 
   NS_SS0729  2 0.8874 0.0037 0.0191 0.0229 0.0076 0.0096 0.0460 0.0038 
   NS_SS0967  2 0.2019 0.0192 0.0218 0.1831 0.2500 0.2764 0.0311 0.0166 
   NS_SS0941  2 0.1339 0.2972 0.0317 0.2028 0.0429 0.1211 0.0655 0.1049 
   NS_SS0768  2 0.0569 0.0516 0.1212 0.2315 0.1744 0.3380 0.0192 0.0072 
   NS_SS0726  2 0.2425 0.0213 0.2568 0.0199 0.3268 0.0673 0.0551 0.0103 
   NS_SS0763  2 0.7029 0.0538 0.0295 0.0747 0.0256 0.0383 0.0711 0.0040 
   NS_SS0730  2 0.0797 0.4774 0.0100 0.0729 0.1839 0.1561 0.0150 0.0051 
   NS_SS0774  2 0.0118 0.4894 0.0360 0.0386 0.0110 0.4042 0.0080 0.0010 
   NS_SS0723  2 0.0730 0.0275 0.0287 0.0314 0.1751 0.6558 0.0065 0.0020 
   NS_SS0940  2 0.2705 0.1064 0.0729 0.2909 0.0307 0.0111 0.2071 0.0104 
   NS_SS0762  2 0.0156 0.9173 0.0047 0.0114 0.0173 0.0219 0.0080 0.0038 
   NS_SS0766  2 0.1822 0.4821 0.0193 0.1377 0.0149 0.0538 0.0895 0.0206 
   NS_SS0724  2 0.4162 0.3719 0.0146 0.0278 0.0253 0.1090 0.0302 0.0050 
   NS_SS0769  2 0.0232 0.0182 0.0200 0.8825 0.0272 0.0151 0.0086 0.0052 
   NS_SS0777  2 0.1321 0.0250 0.2565 0.1214 0.0772 0.0341 0.3327 0.0211 
   NS_SS0734  2 0.2569 0.1078 0.0186 0.2552 0.0227 0.0216 0.2829 0.0344 
   NS_SS0737  2 0.0184 0.7825 0.0263 0.0281 0.0838 0.0423 0.0118 0.0068 
   NS_SS0732  2 0.5804 0.0301 0.1645 0.0332 0.0441 0.1353 0.0063 0.0061 
   NS_SS0728  2 0.0254 0.0795 0.0250 0.7475 0.0435 0.0347 0.0314 0.0129 
   NS_SS0735  2 0.0641 0.0343 0.1038 0.4283 0.0244 0.3116 0.0221 0.0116 
   NS_SS0725  2 0.0195 0.5848 0.0296 0.0101 0.2703 0.0541 0.0206 0.0111 
   NS_SS0788  2 0.0390 0.1153 0.3559 0.0216 0.2781 0.1737 0.0140 0.0024 
   NS_SS0778  2 0.0315 0.0494 0.5715 0.0254 0.0498 0.2451 0.0249 0.0024 
   NS_SS0792  2 0.3177 0.0628 0.1204 0.0604 0.2117 0.1886 0.0299 0.0085 
   NS_SS0943  2 0.0314 0.0104 0.0497 0.0153 0.0188 0.1276 0.7344 0.0124 
   NS_SS0791  2 0.8059 0.0207 0.0420 0.0599 0.0350 0.0072 0.0143 0.0148 
   NS_SS0790  2 0.0186 0.3763 0.0089 0.0144 0.0112 0.5627 0.0030 0.0049 
   NS_SS0731  2 0.0111 0.5687 0.0131 0.3154 0.0134 0.0464 0.0182 0.0137 
   NS_SS0727  2 0.0765 0.3303 0.0480 0.0417 0.0067 0.0273 0.4660 0.0034 
   NS_SS0779  2 0.2188 0.0954 0.4451 0.0998 0.0432 0.0482 0.0425 0.0069 
   NS_SS0776  2 0.0905 0.2189 0.1506 0.2838 0.0646 0.0230 0.1516 0.0169 
   NS_SS0775  2 0.0100 0.8679 0.0066 0.0197 0.0450 0.0317 0.0110 0.0082 
   NS_SS0965  3 0.1930 0.0327 0.0173 0.1686 0.1376 0.4077 0.0403 0.0029 
   NS_SS0754  3 0.3172 0.0180 0.1015 0.4091 0.0426 0.0205 0.0735 0.0174 
   NS_SS0838  3 0.0496 0.0170 0.3895 0.4136 0.0807 0.0078 0.0089 0.0329 
   NS_SS0839  3 0.0190 0.1679 0.0063 0.6900 0.0300 0.0760 0.0063 0.0046 
   NS_SS0832  3 0.0362 0.1410 0.0134 0.2716 0.0852 0.3856 0.0143 0.0527 
   NS_SS0820  3 0.0264 0.0906 0.0155 0.1213 0.7203 0.0106 0.0050 0.0103 
   NS_SS0886  3 0.0820 0.0260 0.4111 0.2607 0.0249 0.1405 0.0515 0.0033 
   NS_SS0748  3 0.1089 0.0594 0.0498 0.0373 0.0729 0.3391 0.3187 0.0139 
   NS_SS0884  3 0.0868 0.0753 0.0799 0.0333 0.1387 0.5172 0.0248 0.0441 
   NS_SS0752  3 0.2367 0.1352 0.1663 0.1321 0.0344 0.2593 0.0336 0.0024 
   NS_SS0862  3 0.1091 0.0223 0.0834 0.6412 0.0442 0.0856 0.0101 0.0042 
   NS_SS0787  3 0.1514 0.0204 0.0342 0.0132 0.0267 0.0471 0.6971 0.0099 
   NS_SS0843  3 0.6466 0.0462 0.1271 0.0728 0.0275 0.0570 0.0207 0.0022 
   NS_SS0856  3 0.0183 0.0695 0.1056 0.4199 0.3502 0.0163 0.0144 0.0057 
   NS_SS0846  3 0.0343 0.0106 0.0503 0.0207 0.0856 0.7704 0.0228 0.0053 
   NS_SS0825  3 0.0078 0.0249 0.1017 0.0312 0.7432 0.0600 0.0155 0.0157 
   NS_SS0757  3 0.2514 0.0631 0.3931 0.0868 0.1067 0.0451 0.0484 0.0055 
   NS_SS0876  3 0.0590 0.0376 0.0093 0.4894 0.0391 0.1190 0.0247 0.2218 
   NS_SS0903  3 0.0259 0.0101 0.0360 0.0812 0.0102 0.8273 0.0058 0.0035 
   NS_SS0875  3 0.0382 0.6322 0.0265 0.1439 0.0521 0.0677 0.0330 0.0064 
   NS_SS0740  3 0.5554 0.0332 0.1209 0.1226 0.0381 0.1106 0.0145 0.0047 
   NS_SS0811  3 0.0388 0.2597 0.0646 0.5686 0.0214 0.0133 0.0211 0.0124 
   NS_SS0751  3 0.1861 0.2163 0.0426 0.0507 0.4243 0.0166 0.0595 0.0038 
   NS_SS0891  3 0.0194 0.6597 0.0393 0.0888 0.0304 0.1289 0.0241 0.0094 
   NS_SS0867  3 0.0216 0.0109 0.0190 0.0103 0.0265 0.8480 0.0343 0.0295 
   NS_SS0890  3 0.2824 0.2172 0.0537 0.3465 0.0257 0.0285 0.0407 0.0053 
   NS_SS0866  3 0.0380 0.0288 0.6163 0.0079 0.2143 0.0126 0.0748 0.0074 
   NS_SS0755  3 0.0369 0.2886 0.1511 0.1241 0.1411 0.0800 0.1655 0.0126 
   NS_SS0758  3 0.0611 0.0121 0.0254 0.7956 0.0193 0.0716 0.0127 0.0023 
   NS_SS0840  3 0.0318 0.1449 0.0096 0.6882 0.0626 0.0501 0.0090 0.0039 
   NS_SS0889  3 0.0231 0.0250 0.2056 0.1460 0.0315 0.0291 0.5367 0.0030 
   NS_SS1010  3 0.0876 0.0291 0.0556 0.3951 0.1784 0.1681 0.0274 0.0586 
   NS_SS0888  3 0.7256 0.0191 0.0735 0.0371 0.0147 0.0173 0.1111 0.0017 
   NS_SS0837  3 0.1677 0.0974 0.0918 0.1282 0.1237 0.3512 0.0351 0.0048 
   NS_SS0794  3 0.1465 0.0522 0.0461 0.0538 0.0285 0.0174 0.6517 0.0038 
   NS_SS0823  3 0.0294 0.0238 0.1585 0.5869 0.1093 0.0799 0.0075 0.0047 
   NS_SS0829  3 0.0056 0.0048 0.8602 0.0126 0.0062 0.0087 0.0217 0.0802 
   NS_SS0844  3 0.0260 0.0176 0.0078 0.0118 0.0249 0.9037 0.0051 0.0032 
   NS_SS1008  3 0.0999 0.4015 0.0698 0.0516 0.0149 0.0330 0.3105 0.0188 
   NS_SS0881  3 0.1357 0.3166 0.0235 0.0561 0.3785 0.0156 0.0708 0.0032 
   NS_SS0834  3 0.1390 0.5719 0.0153 0.0249 0.1514 0.0800 0.0074 0.0101 
   NS_SS0744  3 0.0338 0.0071 0.0457 0.8252 0.0359 0.0329 0.0113 0.0082 
   NS_SS0899  3 0.0164 0.5373 0.1032 0.0342 0.0260 0.2720 0.0090 0.0018 
   NS_SS0804  3 0.0736 0.2125 0.0267 0.3219 0.0864 0.2654 0.0074 0.0061 
   NS_SS0781  3 0.0120 0.0402 0.0161 0.3294 0.0703 0.5198 0.0055 0.0067 
   NS_SS0822  3 0.2928 0.0156 0.4599 0.0096 0.0109 0.0315 0.1768 0.0029 
   NS_SS1004  3 0.2630 0.0484 0.0435 0.1691 0.0407 0.3553 0.0686 0.0113 
   NS_SS0746  3 0.1565 0.0487 0.0371 0.5007 0.0594 0.0589 0.1221 0.0165 
   NS_SS0880  3 0.0844 0.0544 0.0355 0.2202 0.1152 0.4183 0.0697 0.0023 
   NS_SS0879  3 0.0222 0.4660 0.0510 0.0187 0.0170 0.3846 0.0184 0.0221 
   NS_SS0753  3 0.5556 0.0112 0.2217 0.0246 0.0253 0.0472 0.1032 0.0112 
   NS_SS1007  3 0.6568 0.0737 0.0131 0.1825 0.0504 0.0138 0.0071 0.0025 
   NS_SS0872  3 0.3383 0.0374 0.0094 0.0751 0.1283 0.3972 0.0115 0.0026 
   NS_SS1005  3 0.0456 0.1749 0.0322 0.1837 0.0312 0.5149 0.0155 0.0021 
   NS_SS0892  3 0.2310 0.1746 0.0374 0.3318 0.1123 0.0261 0.0846 0.0023 
   NS_SS0898  3 0.0304 0.2473 0.0475 0.0062 0.0646 0.1964 0.3940 0.0138 
   NS_SS0801  3 0.0086 0.0097 0.0086 0.9250 0.0079 0.0235 0.0078 0.0090 
   NS_SS0827  3 0.5685 0.0839 0.0206 0.0161 0.0200 0.1616 0.0177 0.1116 
   NS_SS0853  3 0.0429 0.1403 0.0217 0.7334 0.0178 0.0212 0.0146 0.0081 
   NS_SS0780  3 0.0160 0.0084 0.0078 0.9088 0.0175 0.0325 0.0054 0.0037 
   NS_SS0826  3 0.0089 0.0110 0.1851 0.0133 0.1422 0.5540 0.0794 0.0061 
   NS_SS0818  3 0.0360 0.0297 0.0090 0.0383 0.1593 0.6911 0.0341 0.0025 
   NS_SS0745  3 0.0080 0.9396 0.0069 0.0058 0.0099 0.0138 0.0141 0.0020 
   NS_SS0849  3 0.0932 0.0698 0.3590 0.1519 0.0927 0.2017 0.0284 0.0034 
   NS_SS0739  3 0.5723 0.1274 0.0284 0.0182 0.2117 0.0096 0.0131 0.0192 
   NS_SS0799  3 0.3583 0.0258 0.3377 0.1242 0.0312 0.0359 0.0852 0.0017 
   NS_SS0756  3 0.0125 0.0143 0.0132 0.0440 0.0950 0.8009 0.0137 0.0065 
   NS_SS0802  3 0.3290 0.0144 0.0075 0.2909 0.0676 0.0137 0.0785 0.1984 
   NS_SS0747  3 0.1453 0.0130 0.0410 0.6329 0.0480 0.1057 0.0067 0.0074 
   NS_SS0835  3 0.0162 0.1255 0.2108 0.0184 0.2403 0.1731 0.2140 0.0017 
   NS_SS0742  3 0.5481 0.0320 0.0799 0.0378 0.2575 0.0284 0.0144 0.0018 
   NS_SS0760  3 0.0211 0.0060 0.1319 0.0778 0.0152 0.0188 0.6759 0.0534 
   NS_SS0803  3 0.0804 0.0067 0.0089 0.0315 0.0116 0.8461 0.0058 0.0089 
   NS_SS0828  3 0.4693 0.1545 0.0419 0.0525 0.0418 0.2104 0.0275 0.0022 
   NS_SS0865  3 0.0627 0.0242 0.2983 0.1148 0.4176 0.0241 0.0184 0.0400 
   NS_SS0759  3 0.0878 0.1434 0.0408 0.6186 0.0736 0.0197 0.0068 0.0093 
   NS_SS0851  3 0.0054 0.8970 0.0135 0.0120 0.0350 0.0103 0.0112 0.0158 
   NS_SS0874  3 0.0165 0.0165 0.0236 0.0177 0.0108 0.9064 0.0064 0.0021 
   NS_SS0761  3 0.0229 0.0153 0.1052 0.4399 0.0588 0.1269 0.2282 0.0027 
   NS_SS0842  3 0.0171 0.6423 0.0929 0.0354 0.0266 0.1110 0.0647 0.0100 
   NS_SS0785  3 0.0258 0.0137 0.0752 0.6708 0.0134 0.1574 0.0366 0.0071 
   NS_SS0860  3 0.1190 0.0118 0.5831 0.0498 0.1744 0.0256 0.0331 0.0033 
   NS_SS0897  3 0.0128 0.0169 0.2229 0.0242 0.0135 0.0166 0.6903 0.0028 
   NS_SS0841  3 0.0369 0.1910 0.0118 0.3150 0.3132 0.0938 0.0336 0.0048 
   NS_SS0797  3 0.0316 0.0355 0.0280 0.0353 0.1020 0.0327 0.6910 0.0438 
   NS_SS0830  3 0.4878 0.0452 0.2254 0.0144 0.1287 0.0299 0.0652 0.0034 
   NS_SS1011  3 0.0209 0.0137 0.1112 0.0662 0.5722 0.2046 0.0049 0.0064 
   NS_SS0883  3 0.0908 0.0062 0.1086 0.7533 0.0156 0.0096 0.0115 0.0043 
   NS_SS0782  3 0.0074 0.0288 0.1167 0.7189 0.0117 0.0490 0.0650 0.0025 
   NS_SS0831  3 0.0152 0.0144 0.8538 0.0511 0.0089 0.0155 0.0368 0.0043 
   NS_SS0749  3 0.0402 0.0159 0.0625 0.8291 0.0137 0.0133 0.0196 0.0058 
   NS_SS0854  3 0.0536 0.0266 0.1480 0.6519 0.0207 0.0315 0.0648 0.0029 
   HI_SS0193  4 0.0170 0.0411 0.0201 0.0061 0.0260 0.0102 0.8771 0.0024 
   HI_SS0194  4 0.0090 0.6626 0.0227 0.0970 0.1284 0.0429 0.0357 0.0016 
   HI_SS0195  4 0.0043 0.1916 0.0760 0.5645 0.0431 0.0098 0.0080 0.1028 
   HI_SS0196  4 0.0277 0.0800 0.0565 0.6554 0.0154 0.0116 0.1498 0.0037 
   HI_SS0197  4 0.0136 0.0295 0.0108 0.0677 0.8471 0.0149 0.0036 0.0127 
   HI_SS0198  4 0.1306 0.0816 0.2256 0.1605 0.0975 0.2330 0.0516 0.0197 
   HI_SS0199  4 0.8387 0.0177 0.0643 0.0155 0.0246 0.0186 0.0169 0.0036 
   HI_SS0201  4 0.2987 0.0058 0.0263 0.0781 0.0281 0.0652 0.4936 0.0042 
   HI_SS0215  4 0.0830 0.0050 0.1003 0.1351 0.0711 0.5663 0.0337 0.0054 
   HI_SS0218  4 0.0226 0.0428 0.0298 0.1592 0.0106 0.0207 0.7024 0.0119 
   HI_SS0222  4 0.0274 0.0110 0.0105 0.8602 0.0507 0.0091 0.0245 0.0067 
   HI_SS0230  4 0.4151 0.0216 0.0155 0.0388 0.4707 0.0192 0.0101 0.0090 
   HI_SS0234  4 0.0166 0.0401 0.0071 0.1056 0.1987 0.4537 0.0205 0.1577 
   HI_SS0240  4 0.3092 0.0741 0.0090 0.5185 0.0157 0.0356 0.0306 0.0074 
   HI_SS0241  4 0.5438 0.0212 0.0496 0.0771 0.2214 0.0401 0.0445 0.0022 
   HI_SS0242  4 0.2065 0.3040 0.0308 0.1336 0.0363 0.1029 0.1828 0.0030 
   HI_SS0247  4 0.0151 0.0342 0.0285 0.0042 0.3344 0.5260 0.0238 0.0337 
   HI_SS0248  4 0.2147 0.0106 0.0107 0.0219 0.0113 0.0157 0.7142 0.0010 
   HI_SS0252  4 0.0491 0.2846 0.1252 0.3147 0.1140 0.0885 0.0204 0.0034 
   HI_SS0254  4 0.0631 0.0224 0.0146 0.0247 0.0723 0.0668 0.6124 0.1238 
   HI_SS0256  4 0.0103 0.0315 0.0048 0.0158 0.1945 0.7350 0.0067 0.0014 
   HI_SS0257  4 0.3987 0.0156 0.1276 0.0203 0.1285 0.2808 0.0243 0.0042 
   HI_SS0258  4 0.0373 0.0133 0.0085 0.0245 0.0179 0.0406 0.8519 0.0059 
   HI_SS0259  4 0.0184 0.1335 0.0122 0.0087 0.7716 0.0421 0.0097 0.0037 
   HI_SS0260  4 0.6359 0.0463 0.0232 0.1158 0.0096 0.0514 0.1154 0.0024 
   HI_SS0261  4 0.1906 0.1914 0.0574 0.0688 0.1477 0.0815 0.2573 0.0053 
   HI_SS0262  4 0.1012 0.0655 0.0332 0.0256 0.5272 0.2297 0.0080 0.0096 
   HI_SS0264  4 0.0126 0.0733 0.0060 0.7280 0.0941 0.0245 0.0552 0.0063 
   HI_SS0265  4 0.0547 0.4779 0.0131 0.0133 0.2927 0.0290 0.0099 0.1093 
   HI_SS0268  4 0.0176 0.0177 0.0108 0.5117 0.2906 0.0150 0.1330 0.0035 
   HI_SS0269  4 0.1571 0.0049 0.5968 0.0177 0.0705 0.0730 0.0783 0.0017 
   HI_SS0273  4 0.0721 0.0155 0.1648 0.0220 0.1902 0.0536 0.4787 0.0030 
   HI_SS0277  4 0.0224 0.0058 0.2104 0.0167 0.6659 0.0667 0.0084 0.0038 
   HI_SS0280  4 0.0344 0.0729 0.0687 0.6440 0.0194 0.0607 0.0928 0.0069 
   HI_SS0282  4 0.1365 0.0073 0.0778 0.0738 0.0285 0.1280 0.5456 0.0023 
   HI_SS0286  4 0.5508 0.0226 0.0662 0.1144 0.0352 0.0861 0.1109 0.0138 
   NS_SS1252  5 0.0441 0.0054 0.8228 0.0117 0.0254 0.0098 0.0744 0.0063 
   NS_SS1261  5 0.1793 0.0169 0.2627 0.0110 0.3846 0.0881 0.0319 0.0255 
   NS_SS1225  5 0.4756 0.0184 0.0535 0.0238 0.1560 0.1580 0.0209 0.0939 
   NS_SS1266  5 0.0506 0.0858 0.0190 0.1582 0.0443 0.6259 0.0036 0.0127 
   NS_SS1228  5 0.3796 0.2665 0.0434 0.0114 0.2000 0.0553 0.0228 0.0209 
   NS_SS1255  5 0.0338 0.6906 0.0610 0.0320 0.0733 0.0749 0.0319 0.0025 
   NS_SS1267  5 0.0420 0.0118 0.4311 0.0297 0.0198 0.0153 0.4319 0.0185 
   NS_SS1238  5 0.0221 0.1494 0.0343 0.0273 0.1476 0.0224 0.5932 0.0037 
   NS_SS1233  5 0.0746 0.0903 0.1332 0.0936 0.0818 0.4750 0.0476 0.0039 
   NS_SS1277  5 0.0079 0.0605 0.0088 0.0056 0.0070 0.0103 0.8985 0.0014 
   NS_SS1245  5 0.3333 0.0345 0.0510 0.3486 0.0267 0.0374 0.1664 0.0022 
   NS_SS1240  5 0.0123 0.0057 0.2101 0.2240 0.0297 0.0222 0.4923 0.0036 
   NS_SS1275  5 0.0191 0.0742 0.0137 0.0115 0.8574 0.0160 0.0034 0.0046 
   NS_SS1235  5 0.1665 0.0315 0.0252 0.0530 0.1564 0.5084 0.0511 0.0078 
   NS_SS1263  5 0.0420 0.2636 0.1175 0.0138 0.0148 0.5366 0.0106 0.0012 
   NS_SS1251  5 0.0080 0.0152 0.0289 0.0122 0.0077 0.9187 0.0074 0.0019 
   NS_SS1248  5 0.0086 0.1784 0.0262 0.0609 0.1198 0.0622 0.4133 0.1306 
   NS_SS1244  5 0.3402 0.0050 0.0269 0.0164 0.4899 0.0651 0.0492 0.0073 
   NS_SS1257  5 0.0466 0.0228 0.0708 0.3900 0.0499 0.0359 0.3424 0.0416 
   NS_SS1242  5 0.0209 0.4718 0.0229 0.0748 0.3206 0.0692 0.0159 0.0039 
   NS_SS1271  5 0.0628 0.0401 0.0383 0.0101 0.0086 0.0264 0.7731 0.0405 
   NS_SS1265  5 0.0199 0.1108 0.2206 0.0642 0.0825 0.0472 0.4238 0.0310 
   NS_SS1243  5 0.0434 0.2460 0.0989 0.4488 0.0368 0.0068 0.0341 0.0852 
   NS_SS1273  5 0.0139 0.8122 0.0098 0.0260 0.0710 0.0321 0.0200 0.0150 
   NS_SS1254  5 0.0569 0.2374 0.0975 0.0224 0.0291 0.5386 0.0070 0.0110 
   NS_SS1224  5 0.0216 0.1641 0.0505 0.5039 0.0094 0.2296 0.0104 0.0105 
   NS_SS1227  5 0.0868 0.4451 0.0262 0.0142 0.2598 0.0178 0.1475 0.0025 
   NS_SS1274  5 0.3442 0.0177 0.4726 0.0368 0.0250 0.0164 0.0575 0.0298 
   NS_SS1241  5 0.0292 0.0112 0.0626 0.0193 0.0483 0.0870 0.7408 0.0016 
   NS_SS1256  5 0.0173 0.0404 0.0140 0.0696 0.0344 0.6524 0.1138 0.0581 
   NS_SS1260  5 0.8323 0.0054 0.0547 0.0120 0.0181 0.0087 0.0083 0.0605 
   NS_SS1262  5 0.0555 0.0089 0.0877 0.1073 0.0141 0.4904 0.0632 0.1729 
   NS_SS1230  5 0.0900 0.0338 0.0366 0.1999 0.0795 0.0366 0.5090 0.0147 
   NS_SS1270  5 0.0487 0.0289 0.0536 0.0321 0.5141 0.2899 0.0275 0.0051 
   NS_SS1229  5 0.0294 0.0146 0.3239 0.0205 0.5179 0.0807 0.0081 0.0049 
   NS_SS1246  5 0.0952 0.1271 0.5885 0.0044 0.0396 0.0736 0.0657 0.0057 
   NS_SS1269  5 0.0467 0.0326 0.0143 0.8402 0.0168 0.0278 0.0174 0.0042 
   NS_SS1239  5 0.7165 0.0755 0.1078 0.0077 0.0265 0.0492 0.0106 0.0062 
   NS_SS1272  5 0.0083 0.0144 0.0246 0.0099 0.7796 0.1463 0.0079 0.0090 
   NS_SS1268  5 0.2286 0.3664 0.0915 0.0305 0.0152 0.1890 0.0746 0.0043 
   NS_SS1249  5 0.0818 0.0426 0.0422 0.0228 0.0169 0.0443 0.7257 0.0236 
   HI_SS0559  6 0.1749 0.0841 0.0137 0.4346 0.0170 0.1512 0.1218 0.0027 
   HI_SS0563  6 0.0140 0.0165 0.0303 0.1929 0.0101 0.6824 0.0490 0.0047 
   HI_SS0564  6 0.0240 0.0250 0.7264 0.0372 0.0416 0.0695 0.0145 0.0618 
   HI_SS0565  6 0.0736 0.0551 0.1468 0.0120 0.2460 0.4051 0.0569 0.0044 
   HI_SS0569  6 0.7592 0.0057 0.0373 0.0362 0.0085 0.0630 0.0857 0.0044 
   HI_SS0570  6 0.0139 0.0154 0.0707 0.0107 0.0079 0.0066 0.8270 0.0479 
   HI_SS0572  6 0.4963 0.2871 0.0300 0.0351 0.0164 0.1208 0.0104 0.0039 
   HI_SS0576  6 0.2852 0.2677 0.1121 0.0260 0.1690 0.0854 0.0444 0.0101 
   HI_SS0579  6 0.2769 0.0083 0.0220 0.0411 0.0072 0.5013 0.1162 0.0270 
   HI_SS0580  6 0.0293 0.2342 0.0781 0.0167 0.0240 0.3947 0.2167 0.0064 
   HI_SS0581  6 0.0230 0.0520 0.0929 0.0624 0.6824 0.0067 0.0135 0.0671 
   HI_SS0583  6 0.0682 0.1740 0.5496 0.0273 0.0802 0.0743 0.0215 0.0049 
   HI_SS0586  6 0.0167 0.0170 0.0882 0.0755 0.0174 0.0313 0.7518 0.0020 
   HI_SS0588  6 0.1733 0.0105 0.0364 0.4644 0.0204 0.0255 0.2378 0.0317 
   HI_SS0595  6 0.0508 0.3681 0.0109 0.0145 0.1487 0.2680 0.1116 0.0274 
   HI_SS0596  6 0.0160 0.8911 0.0145 0.0061 0.0121 0.0332 0.0235 0.0034 
   HI_SS0597  6 0.0082 0.1645 0.0759 0.0481 0.4293 0.2522 0.0190 0.0028 
   HI_SS0600  6 0.1166 0.0092 0.6335 0.0403 0.1350 0.0385 0.0213 0.0056 
   HI_SS0601  6 0.4056 0.0104 0.0854 0.0091 0.0975 0.3520 0.0263 0.0137 
   HI_SS0602  6 0.1334 0.0514 0.0357 0.7075 0.0279 0.0214 0.0198 0.0029 
   HI_SS0604  6 0.1266 0.0777 0.0746 0.6290 0.0329 0.0269 0.0297 0.0026 
   HI_SS0605  6 0.0075 0.0110 0.0241 0.9208 0.0061 0.0103 0.0118 0.0084 
   HI_SS0608  6 0.0282 0.8458 0.0745 0.0054 0.0106 0.0095 0.0246 0.0012 
   HI_SS0609  6 0.1186 0.0798 0.0093 0.0118 0.0166 0.7423 0.0209 0.0008 
   HI_SS0611  6 0.3080 0.0381 0.4875 0.0254 0.0165 0.0161 0.1037 0.0047 
   HI_SS0612  6 0.0658 0.0049 0.0106 0.0061 0.0143 0.8682 0.0237 0.0064 
   HI_SS0613  6 0.0097 0.0178 0.0382 0.8306 0.0606 0.0269 0.0140 0.0022 
   HI_SS0615  6 0.5333 0.2037 0.0483 0.0266 0.1522 0.0178 0.0074 0.0107 
   HI_SS0001  6 0.1297 0.0419 0.0137 0.0412 0.3000 0.0237 0.4435 0.0063 
   HI_SS0002  6 0.0616 0.0342 0.0162 0.0265 0.3728 0.4528 0.0106 0.0254 
   HI_SS0004  6 0.1317 0.3044 0.0499 0.2316 0.0149 0.0182 0.2411 0.0081 
   HI_SS0005  6 0.1072 0.0201 0.0155 0.2753 0.4382 0.0165 0.1201 0.0072 
   HI_SS0006  6 0.0564 0.0103 0.3152 0.0119 0.3083 0.2667 0.0286 0.0026 
   HI_SS0007  6 0.0518 0.0207 0.0256 0.0150 0.0066 0.0072 0.8691 0.0039 
   HI_SS0008  6 0.3934 0.0628 0.0247 0.0226 0.2479 0.1102 0.0868 0.0516 
   HI_SS0009  6 0.0854 0.6958 0.0124 0.0231 0.0217 0.0182 0.1381 0.0053 
   HI_SS0010  6 0.1294 0.0673 0.2380 0.0332 0.1002 0.0122 0.4133 0.0065 
   HI_SS0011  6 0.0281 0.0535 0.0196 0.0548 0.1206 0.5914 0.0272 0.1048 
   HI_SS0012  6 0.2562 0.0160 0.0747 0.1475 0.1613 0.3311 0.0048 0.0082 
   HI_SS0017  6 0.0098 0.8206 0.0104 0.0208 0.0260 0.0205 0.0900 0.0019 
   HI_SS0021  6 0.0255 0.1728 0.0670 0.1013 0.0364 0.0134 0.3363 0.2475 
   HI_SS0024  6 0.0363 0.2433 0.0144 0.0238 0.5482 0.0201 0.1098 0.0042 
   HI_SS0025  6 0.0246 0.8168 0.0661 0.0408 0.0108 0.0135 0.0218 0.0057 
   HI_SS0027  6 0.8158 0.0095 0.0138 0.0448 0.0061 0.0098 0.0868 0.0133 
   HI_SS0028  6 0.0157 0.4989 0.0045 0.0156 0.4294 0.0246 0.0091 0.0022 
   HI_SS0029  6 0.0204 0.6801 0.0283 0.1671 0.0330 0.0230 0.0351 0.0130 
   HI_SS0030  6 0.8089 0.0219 0.0867 0.0133 0.0242 0.0127 0.0244 0.0079 
   HI_SS0031  6 0.0239 0.0141 0.0111 0.1404 0.1689 0.6199 0.0173 0.0044 
   HI_SS0034  6 0.0387 0.0072 0.0143 0.5878 0.0272 0.0836 0.2370 0.0042 
   HI_SS0036  6 0.0141 0.0239 0.0202 0.0303 0.2976 0.0102 0.5902 0.0137 
   HI_SS0037  6 0.0186 0.0310 0.4032 0.2264 0.1652 0.0164 0.1330 0.0062 
   HI_SS0039  6 0.0303 0.0560 0.0144 0.0293 0.1225 0.0248 0.7173 0.0055 
   HI_SS0041  6 0.0286 0.6839 0.1130 0.0137 0.1436 0.0076 0.0060 0.0036 
   HI_SS0042  6 0.0192 0.3881 0.0108 0.3293 0.0645 0.0483 0.0143 0.1255 
   HI_SS0043  6 0.0105 0.0058 0.9141 0.0065 0.0158 0.0062 0.0386 0.0025 
   HI_SS0044  6 0.0199 0.8220 0.0110 0.0114 0.0127 0.0067 0.1127 0.0036 
   HI_SS0047  6 0.0974 0.0139 0.0258 0.7552 0.0810 0.0100 0.0129 0.0037 
   HI_SS0049  6 0.2766 0.5163 0.0203 0.0082 0.0651 0.0282 0.0797 0.0055 
   HI_SS0051  6 0.0329 0.0117 0.1423 0.7546 0.0124 0.0315 0.0122 0.0024 
   HI_SS0053  6 0.2383 0.0236 0.1533 0.0235 0.2874 0.0125 0.2535 0.0079 
   HI_SS0054  6 0.0315 0.0086 0.0766 0.0106 0.0282 0.0394 0.7983 0.0068 
   HI_SS0057  6 0.0455 0.1580 0.4409 0.0349 0.2703 0.0219 0.0246 0.0040 
   HI_SS0058  6 0.1173 0.0181 0.0371 0.6661 0.0164 0.0984 0.0383 0.0083 
   HI_SS0060  6 0.2577 0.0254 0.0966 0.0382 0.2604 0.1042 0.1124 0.1053 
   HI_SS0087  6 0.0996 0.0092 0.1233 0.0952 0.3640 0.2351 0.0696 0.0039 
   HI_SS0091  6 0.0216 0.0079 0.7875 0.0219 0.0826 0.0554 0.0218 0.0014 
   HI_SS0095  6 0.4867 0.0094 0.0187 0.3558 0.0323 0.0358 0.0108 0.0504 
   HI_SS0097  6 0.2257 0.0042 0.1761 0.0121 0.0172 0.5517 0.0075 0.0055 
   HI_SS0099  6 0.0170 0.8583 0.0122 0.0127 0.0492 0.0383 0.0067 0.0056 
   HI_SS0103  6 0.1852 0.0618 0.1511 0.2280 0.2478 0.1036 0.0181 0.0043 
   HI_SS0105  6 0.0164 0.0105 0.0388 0.4627 0.3887 0.0348 0.0203 0.0278 
   HI_SS0107  6 0.0311 0.4935 0.0402 0.0120 0.2044 0.2022 0.0149 0.0018 
   HI_SS0108  6 0.0130 0.0073 0.0356 0.0231 0.0114 0.0188 0.8475 0.0432 
   HI_SS0110  6 0.0211 0.0382 0.1433 0.0167 0.6907 0.0764 0.0121 0.0014 
   HI_SS0111  6 0.2922 0.1083 0.0449 0.1455 0.2472 0.1084 0.0201 0.0333 
   HI_SS0112  6 0.0110 0.0069 0.0130 0.0059 0.0111 0.0077 0.9423 0.0022 
   HI_SS0113  6 0.0059 0.0218 0.0103 0.8784 0.0522 0.0197 0.0054 0.0063 
   HI_SS0114  6 0.6157 0.0092 0.0760 0.0753 0.0313 0.1637 0.0208 0.0080 
   HI_SS0115  6 0.7009 0.0533 0.0098 0.0750 0.0218 0.0870 0.0346 0.0176 
   HI_SS0116  6 0.0102 0.1119 0.6908 0.0182 0.0223 0.0642 0.0778 0.0046 
   HI_SS0117  6 0.0201 0.0085 0.0120 0.0582 0.0312 0.4322 0.4334 0.0043 
   HI_SS0118  6 0.1189 0.0739 0.3328 0.1325 0.1667 0.1342 0.0251 0.0161 
   HI_SS0119  6 0.0507 0.0055 0.4712 0.0192 0.3809 0.0331 0.0360 0.0036 
   HI_SS0120  6 0.0107 0.5976 0.0152 0.0095 0.3376 0.0084 0.0153 0.0057 
   HI_SS0121  6 0.0555 0.0360 0.2138 0.0174 0.6114 0.0549 0.0087 0.0023 
   HI_SS0122  6 0.0175 0.0537 0.3353 0.0111 0.5185 0.0248 0.0159 0.0232 
   HI_SS0123  6 0.0848 0.0344 0.0843 0.3690 0.1910 0.2217 0.0082 0.0067 
   HI_SS0124  6 0.0109 0.8362 0.0134 0.0177 0.0370 0.0708 0.0106 0.0036 
   HI_SS0125  6 0.3980 0.2320 0.0103 0.1509 0.1278 0.0236 0.0063 0.0511 
   HI_SS0126  6 0.0076 0.0335 0.0139 0.0090 0.0086 0.0173 0.9084 0.0016 
   HI_SS0127  6 0.8995 0.0108 0.0108 0.0286 0.0135 0.0074 0.0183 0.0110 
   HI_SS0128  6 0.5096 0.1150 0.0277 0.0199 0.1762 0.0988 0.0497 0.0031 
   HI_SS0129  6 0.0595 0.1828 0.0377 0.4626 0.1069 0.0100 0.1294 0.0111 
   HI_SS0131  6 0.0083 0.0142 0.0074 0.0093 0.1512 0.0483 0.7275 0.0338 
   HI_SS0132  6 0.0465 0.0418 0.1207 0.0716 0.1131 0.4162 0.1891 0.0009 
   HI_SS0133  6 0.0048 0.0045 0.0100 0.0035 0.0053 0.0057 0.9644 0.0019 
   HI_SS0134  6 0.0231 0.0225 0.0148 0.6929 0.0713 0.0823 0.0900 0.0029 
   HI_SS0142  6 0.0974 0.0083 0.0405 0.5027 0.1535 0.1724 0.0077 0.0175 
   HI_SS0145  6 0.1078 0.0164 0.0323 0.1278 0.0309 0.5987 0.0837 0.0023 
   HI_SS0146  6 0.4931 0.0320 0.0083 0.0079 0.0160 0.0511 0.3902 0.0015 
   HI_SS0147  6 0.0100 0.0568 0.0838 0.2700 0.0649 0.4653 0.0122 0.0369 
   HI_SS0149  6 0.0098 0.0114 0.0563 0.0077 0.8217 0.0583 0.0299 0.0049 
   HI_SS0150  6 0.6213 0.1372 0.0358 0.0432 0.0696 0.0685 0.0159 0.0085 
   HI_SS0151  6 0.8700 0.0114 0.0306 0.0217 0.0142 0.0212 0.0166 0.0143 
   NS_SS1451  6 0.1177 0.6096 0.0248 0.0979 0.0733 0.0480 0.0240 0.0048 
   NS_SS1404  6 0.0465 0.7882 0.0124 0.0492 0.0342 0.0267 0.0213 0.0214 
   NS_SS1432  6 0.0078 0.3886 0.0388 0.0095 0.4883 0.0147 0.0067 0.0456 
   NS_SS1405  6 0.0153 0.1392 0.0877 0.5478 0.0252 0.0139 0.1647 0.0062 
   NS_SS1431  6 0.0267 0.6380 0.0277 0.0116 0.2252 0.0570 0.0121 0.0018 
   NS_SS1402  6 0.0207 0.0292 0.0500 0.0277 0.1292 0.7260 0.0143 0.0030 
   NS_SS1450  6 0.0454 0.0286 0.0244 0.6551 0.0611 0.0092 0.1720 0.0042 
   NS_SS1396  6 0.0305 0.0177 0.1989 0.0404 0.6695 0.0140 0.0192 0.0099 
   NS_SS1393  6 0.1208 0.0119 0.6907 0.0112 0.1262 0.0284 0.0051 0.0057 
   NS_SS1392  6 0.0264 0.8463 0.0101 0.0329 0.0091 0.0109 0.0406 0.0236 
   NS_SS1445  6 0.5311 0.0121 0.0770 0.0201 0.2157 0.0214 0.1106 0.0120 
   NS_SS1423  6 0.1747 0.0157 0.0586 0.0190 0.2606 0.1646 0.3040 0.0029 
   NS_SS1421  6 0.1977 0.0159 0.0800 0.0065 0.4592 0.0246 0.1370 0.0792 
   NS_SS1411  6 0.0340 0.0105 0.5205 0.0595 0.0073 0.0085 0.3576 0.0020 
   NS_SS1453  6 0.0641 0.0143 0.1919 0.3474 0.2781 0.0228 0.0722 0.0092 
   NS_SS1442  6 0.7304 0.0225 0.0379 0.0626 0.0351 0.0442 0.0627 0.0047 
   NS_SS1422  6 0.1254 0.0075 0.0332 0.0097 0.0273 0.7553 0.0242 0.0173 
   NS_SS1419  6 0.5992 0.0240 0.0230 0.0151 0.0074 0.1614 0.0063 0.1636 
   NS_SS1427  6 0.0354 0.0138 0.0174 0.0072 0.0129 0.0102 0.9005 0.0027 
   NS_SS1444  6 0.0386 0.8322 0.0117 0.0532 0.0265 0.0228 0.0102 0.0047 
   NS_SS1455  6 0.0394 0.1264 0.0088 0.0091 0.0333 0.7686 0.0123 0.0021 
   NS_SS1425  6 0.0354 0.0038 0.7547 0.0077 0.0148 0.0068 0.1749 0.0020 
   NS_SS1400  6 0.0130 0.0153 0.0282 0.0227 0.0113 0.0093 0.8981 0.0021 
   NS_SS1406  6 0.0155 0.0119 0.0108 0.0208 0.0972 0.8272 0.0047 0.0120 
   NS_SS1417  6 0.0127 0.0607 0.4976 0.0096 0.0309 0.3568 0.0194 0.0122 
   NS_SS1454  6 0.0336 0.0898 0.0688 0.2870 0.2420 0.0256 0.2512 0.0019 
   NS_SS1412  6 0.0237 0.0672 0.1892 0.4315 0.0842 0.0233 0.1437 0.0371 
   NS_SS1438  6 0.0635 0.0089 0.5238 0.1001 0.0095 0.0913 0.2010 0.0020 
   NS_SS1416  6 0.0281 0.0139 0.4630 0.3734 0.0201 0.0841 0.0063 0.0111 
   NS_SS1401  6 0.0216 0.0146 0.0488 0.0103 0.8393 0.0340 0.0164 0.0149 
   NS_SS1424  6 0.0223 0.0197 0.0685 0.0172 0.2805 0.2797 0.2922 0.0200 
   NS_SS1435  6 0.1982 0.0392 0.0061 0.1490 0.0166 0.0256 0.5615 0.0040 
   NS_SS1447  6 0.2198 0.3480 0.0623 0.0764 0.1905 0.0668 0.0207 0.0155 
   NS_SS1414  6 0.0089 0.6541 0.0132 0.1336 0.0217 0.1152 0.0417 0.0116 
   NS_SS1449  6 0.0092 0.0057 0.4611 0.0080 0.4671 0.0300 0.0149 0.0041 
   NS_SS1443  6 0.9204 0.0065 0.0138 0.0084 0.0076 0.0154 0.0258 0.0020 
   NS_SS1434  6 0.0666 0.3293 0.0104 0.0229 0.0370 0.0452 0.4879 0.0007 
   NS_SS1398  6 0.7844 0.0769 0.0215 0.0323 0.0340 0.0086 0.0173 0.0249 
   NS_SS1426  6 0.0367 0.0150 0.4634 0.0735 0.0383 0.0191 0.3515 0.0025 
   NS_SS1413  6 0.0054 0.0142 0.0142 0.0089 0.0065 0.0057 0.9304 0.0146 
   NS_SS1395  6 0.8982 0.0066 0.0129 0.0276 0.0250 0.0092 0.0134 0.0072 
   NS_SS1448  6 0.0171 0.0892 0.0050 0.0752 0.0089 0.0095 0.7920 0.0031 
   NS_SS1446  6 0.0940 0.0332 0.1001 0.0579 0.3700 0.3138 0.0271 0.0040 
   NS_SS1403  6 0.2219 0.0335 0.1129 0.0256 0.4885 0.1003 0.0075 0.0099 
   NS_SS1415  6 0.0166 0.0084 0.0134 0.0115 0.0169 0.0152 0.9042 0.0138 
   NS_SS1437  6 0.0172 0.5603 0.0132 0.0200 0.2522 0.0884 0.0308 0.0178 
   NS_SS1439  6 0.0594 0.0164 0.0508 0.5239 0.0653 0.2729 0.0076 0.0036 
   NS_SS1441  6 0.5030 0.0846 0.0296 0.0784 0.0895 0.1310 0.0815 0.0024 
   NS_SS1420  6 0.0377 0.7432 0.0976 0.0522 0.0199 0.0382 0.0065 0.0047 
   NS_SS1394  6 0.0865 0.4396 0.0200 0.3282 0.0544 0.0148 0.0101 0.0464 
   NS_SS1391  6 0.2444 0.3043 0.0168 0.0388 0.1641 0.0297 0.1847 0.0172 
   NS_SS1410  6 0.0203 0.0266 0.2485 0.0148 0.6231 0.0314 0.0205 0.0149 
   NS_SS1408  6 0.0180 0.0106 0.0066 0.8683 0.0189 0.0219 0.0110 0.0447 
   NS_SS1409  6 0.2999 0.0659 0.2021 0.2320 0.0382 0.1364 0.0214 0.0040 
   HI_SS0617  7 0.2074 0.0407 0.0920 0.2034 0.0270 0.4179 0.0092 0.0023 
   HI_SS0618  7 0.1383 0.0717 0.0472 0.5826 0.0088 0.1281 0.0193 0.0040 
   HI_SS0619  7 0.0259 0.8383 0.0183 0.0140 0.0624 0.0058 0.0294 0.0061 
   HI_SS0620  7 0.0940 0.0092 0.0755 0.0508 0.0050 0.0212 0.7393 0.0049 
   HI_SS0621  7 0.1230 0.3099 0.0798 0.1215 0.0729 0.2582 0.0130 0.0217 
   HI_SS0622  7 0.0927 0.1986 0.0284 0.0573 0.0761 0.3769 0.1552 0.0149 
   HI_SS0626  7 0.0315 0.5097 0.1237 0.0398 0.1693 0.0145 0.0964 0.0150 
   HI_SS0627  7 0.0092 0.0297 0.3585 0.0083 0.5229 0.0482 0.0076 0.0158 
   HI_SS0628  7 0.0576 0.1948 0.0663 0.1365 0.1431 0.0404 0.2812 0.0802 
   HI_SS0629  7 0.3678 0.1040 0.0868 0.0129 0.1738 0.1412 0.1036 0.0099 
   HI_SS0630  7 0.0863 0.0657 0.0620 0.2669 0.0394 0.0316 0.3814 0.0667 
   HI_SS0631  7 0.0355 0.0209 0.0424 0.0356 0.0328 0.0338 0.7981 0.0009 
   HI_SS0632  7 0.0445 0.0910 0.2977 0.0276 0.0275 0.0411 0.4658 0.0048 
   HI_SS0633  7 0.0230 0.8723 0.0222 0.0103 0.0494 0.0088 0.0090 0.0050 
   HI_SS0634  7 0.0149 0.0237 0.0324 0.2539 0.6395 0.0113 0.0211 0.0033 
   HI_SS0635  7 0.0399 0.1793 0.0089 0.1052 0.0517 0.5782 0.0181 0.0187 
   HI_SS0637  7 0.0345 0.0067 0.0494 0.8506 0.0300 0.0188 0.0067 0.0033 
   HI_SS0638  7 0.0314 0.0554 0.0294 0.0682 0.0812 0.0201 0.7122 0.0021 
   HI_SS0639  7 0.2489 0.2561 0.0103 0.3509 0.0543 0.0214 0.0083 0.0498 
   HI_SS0640  7 0.8874 0.0132 0.0095 0.0063 0.0085 0.0499 0.0231 0.0020 
   HI_SS0641  7 0.0287 0.1198 0.0168 0.5964 0.0056 0.0057 0.2208 0.0063 
   HI_SS0642  7 0.0246 0.0213 0.0468 0.0102 0.6904 0.1806 0.0206 0.0056 
   HI_SS0645  7 0.0215 0.5707 0.2623 0.0116 0.0135 0.1077 0.0119 0.0009 
   HI_SS0646  7 0.5201 0.0241 0.0103 0.0385 0.1560 0.2020 0.0441 0.0050 
   HI_SS0647  7 0.0162 0.1498 0.0524 0.0797 0.0573 0.0294 0.6119 0.0033 
   HI_SS0648  7 0.0694 0.5451 0.0536 0.0177 0.0547 0.1535 0.1015 0.0045 
   HI_SS0649  7 0.3272 0.1472 0.3686 0.0342 0.0668 0.0421 0.0111 0.0027 
   HI_SS0650  7 0.1268 0.0265 0.1226 0.6638 0.0245 0.0200 0.0080 0.0077 
   HI_SS0651  7 0.3591 0.0808 0.0335 0.1008 0.0530 0.3549 0.0132 0.0046 
   HI_SS0652  7 0.0082 0.0800 0.0078 0.8459 0.0282 0.0083 0.0170 0.0046 
   NS_SS1371  7 0.6885 0.0100 0.0258 0.0576 0.0173 0.1706 0.0193 0.0110 
   NS_SS1374  7 0.0175 0.0722 0.0352 0.0403 0.1476 0.0132 0.6700 0.0042 
   NS_SS1337  7 0.0079 0.0326 0.1882 0.1249 0.5723 0.0425 0.0260 0.0056 
   NS_SS1385  7 0.0292 0.0420 0.0172 0.0304 0.0407 0.8157 0.0185 0.0063 
   NS_SS1388  7 0.0414 0.7416 0.0555 0.0097 0.0619 0.0193 0.0579 0.0127 
   NS_SS1370  7 0.0412 0.0165 0.4472 0.0210 0.4428 0.0112 0.0113 0.0087 
   NS_SS1389  7 0.0103 0.9294 0.0050 0.0087 0.0197 0.0062 0.0146 0.0061 
   NS_SS1360  7 0.5382 0.0183 0.0478 0.1214 0.0411 0.0183 0.2079 0.0071 
   NS_SS1330  7 0.0416 0.0272 0.0118 0.8677 0.0137 0.0288 0.0049 0.0043 
   NS_SS1328  7 0.0131 0.0722 0.0125 0.0100 0.0250 0.0150 0.8487 0.0035 
   NS_SS1384  7 0.3782 0.0396 0.0288 0.0184 0.0213 0.4922 0.0157 0.0058 
   NS_SS1381  7 0.1071 0.2737 0.1165 0.0200 0.0164 0.4555 0.0092 0.0015 
   NS_SS1375  7 0.0238 0.8578 0.0129 0.0240 0.0167 0.0090 0.0541 0.0017 
   NS_SS1319  7 0.1161 0.0412 0.1047 0.5615 0.0321 0.0190 0.0214 0.1039 
   NS_SS1326  7 0.0134 0.0778 0.0254 0.0115 0.0223 0.0141 0.8211 0.0145 
   NS_SS1341  7 0.0264 0.0059 0.1851 0.0210 0.7213 0.0236 0.0112 0.0054 
   NS_SS1383  7 0.1172 0.0057 0.0506 0.2852 0.3862 0.0828 0.0651 0.0071 
   NS_SS1318  7 0.6498 0.1359 0.0407 0.0493 0.0244 0.0416 0.0341 0.0242 
   NS_SS1348  7 0.0569 0.0179 0.0392 0.0109 0.0351 0.0582 0.7791 0.0027 
   NS_SS1363  7 0.0134 0.0627 0.0758 0.0549 0.1493 0.4950 0.1412 0.0077 
   NS_SS1335  7 0.8271 0.0062 0.0583 0.0087 0.0198 0.0180 0.0405 0.0214 
   NS_SS1358  7 0.0672 0.0047 0.0306 0.0127 0.0244 0.7778 0.0655 0.0171 
   NS_SS1342  7 0.0882 0.0131 0.0220 0.0506 0.1844 0.5895 0.0500 0.0024 
   NS_SS1320  7 0.0487 0.6833 0.0102 0.0320 0.1135 0.0972 0.0049 0.0101 
   NS_SS1355  7 0.5068 0.0883 0.0926 0.0941 0.0512 0.1396 0.0046 0.0227 
   NS_SS1345  7 0.0295 0.0230 0.0203 0.0161 0.0076 0.8663 0.0138 0.0234 
   NS_SS1324  7 0.8386 0.0487 0.0064 0.0140 0.0132 0.0148 0.0611 0.0032 
   NS_SS1347  7 0.8921 0.0062 0.0303 0.0206 0.0193 0.0217 0.0061 0.0037 
   NS_SS1321  7 0.0312 0.0125 0.1749 0.0342 0.6856 0.0206 0.0388 0.0022 
   NS_SS1333  7 0.0104 0.0819 0.0296 0.0191 0.6159 0.0135 0.2261 0.0035 
   NS_SS1364  7 0.0671 0.0588 0.0851 0.0170 0.0290 0.2276 0.5121 0.0033 
   NS_SS1379  7 0.0096 0.0162 0.8509 0.0363 0.0106 0.0205 0.0095 0.0463 
   NS_SS1332  7 0.0241 0.0139 0.0090 0.0108 0.0180 0.0133 0.9016 0.0093 
   NS_SS1338  7 0.0103 0.0062 0.9364 0.0106 0.0161 0.0065 0.0086 0.0053 
   NS_SS1368  7 0.0556 0.0345 0.0093 0.0084 0.1774 0.1723 0.5331 0.0094 
   NS_SS1354  7 0.0442 0.0438 0.0167 0.0435 0.2695 0.5401 0.0249 0.0173 
   NS_SS1365  7 0.0347 0.4762 0.0298 0.1524 0.0246 0.0178 0.2539 0.0107 
   NS_SS1380  7 0.0142 0.0359 0.0045 0.8791 0.0099 0.0241 0.0050 0.0274 
   NS_SS1329  7 0.0179 0.0080 0.0547 0.0251 0.7056 0.1635 0.0215 0.0038 
   NS_SS1362  7 0.1222 0.0064 0.0067 0.0427 0.1304 0.6555 0.0305 0.0055 
   NS_SS1327  7 0.0249 0.0065 0.0480 0.0120 0.0140 0.0112 0.8800 0.0034 
   NS_SS1350  7 0.0226 0.0586 0.0117 0.8469 0.0225 0.0069 0.0214 0.0094 
   NS_SS1387  7 0.3587 0.0941 0.3605 0.0934 0.0433 0.0345 0.0115 0.0041 
   NS_SS1369  7 0.0464 0.0182 0.6346 0.0142 0.0611 0.1708 0.0485 0.0061 
   NS_SS1331  7 0.0225 0.4351 0.1450 0.0422 0.2811 0.0122 0.0456 0.0163 
   NS_SS1357  7 0.4032 0.1305 0.0257 0.0213 0.1696 0.0631 0.1820 0.0045 
   NS_SS1386  7 0.0162 0.0053 0.0796 0.0139 0.0135 0.0299 0.8352 0.0063 
   NS_SS1353  7 0.0288 0.7431 0.0127 0.0356 0.1229 0.0194 0.0322 0.0053 
   NS_SS1323  7 0.2233 0.2670 0.0096 0.0216 0.2494 0.1186 0.0381 0.0725 
   HI_SS0296  8 0.3467 0.0263 0.5152 0.0285 0.0097 0.0178 0.0534 0.0023 
   HI_SS0297  8 0.0172 0.0399 0.1505 0.0190 0.2481 0.2652 0.2590 0.0012 
   HI_SS0299  8 0.0431 0.0131 0.4832 0.1250 0.0486 0.2340 0.0132 0.0398 
   HI_SS0300  8 0.0225 0.0232 0.8229 0.0157 0.0052 0.0828 0.0261 0.0016 
   HI_SS0301  8 0.1192 0.0299 0.0931 0.4137 0.0807 0.1773 0.0810 0.0051 
   HI_SS0302  8 0.0564 0.0139 0.0278 0.0289 0.0164 0.0148 0.8109 0.0310 
   HI_SS0303  8 0.0338 0.0450 0.0729 0.0091 0.0235 0.0205 0.7861 0.0090 
   HI_SS0304  8 0.0063 0.0635 0.0379 0.8027 0.0338 0.0067 0.0457 0.0033 
   HI_SS0306  8 0.0086 0.0102 0.0073 0.0111 0.0118 0.0076 0.9392 0.0042 
   HI_SS0307  8 0.3005 0.1438 0.0175 0.1469 0.0336 0.3429 0.0071 0.0077 
   HI_SS0308  8 0.2552 0.0126 0.0476 0.0498 0.0913 0.4318 0.0245 0.0873 
   HI_SS0309  8 0.0527 0.0334 0.0949 0.0348 0.0715 0.7009 0.0069 0.0048 
   HI_SS0310  8 0.0361 0.0712 0.0153 0.1151 0.0313 0.1131 0.6065 0.0115 
   HI_SS0311  8 0.2690 0.0991 0.0296 0.0264 0.3752 0.0610 0.1360 0.0037 
   HI_SS0314  8 0.0459 0.7553 0.0104 0.0141 0.1037 0.0183 0.0505 0.0018 
   HI_SS0316  8 0.6936 0.0523 0.0230 0.0384 0.0799 0.0337 0.0724 0.0067 
   HI_SS0317  8 0.0313 0.0336 0.1289 0.0182 0.4361 0.3094 0.0394 0.0032 
   HI_SS0318  8 0.1008 0.0079 0.5711 0.0059 0.0561 0.0182 0.0529 0.1871 
   HI_SS0319  8 0.1077 0.0061 0.0260 0.0054 0.0138 0.7170 0.1158 0.0082 
   HI_SS0320  8 0.0049 0.3537 0.0268 0.0948 0.5038 0.0073 0.0067 0.0020 
   HI_SS0321  8 0.8384 0.0060 0.0313 0.0363 0.0416 0.0153 0.0286 0.0025 
   HI_SS0323  8 0.1853 0.4293 0.0435 0.2502 0.0461 0.0093 0.0330 0.0033 
   HI_SS0325  8 0.0110 0.0394 0.0151 0.1635 0.0218 0.0157 0.7306 0.0030 
   HI_SS0327  8 0.9040 0.0042 0.0180 0.0106 0.0117 0.0289 0.0206 0.0019 
   HI_SS0329  8 0.0098 0.7167 0.0953 0.0365 0.0547 0.0180 0.0665 0.0025 
   HI_SS0333  8 0.0636 0.0767 0.0582 0.1775 0.2865 0.2764 0.0572 0.0040 
   HI_SS0334  8 0.0077 0.0080 0.9437 0.0051 0.0053 0.0214 0.0071 0.0018 
   HI_SS0335  8 0.4508 0.0130 0.0114 0.1427 0.0529 0.2853 0.0173 0.0267 
   HI_SS0339  8 0.1321 0.1401 0.0203 0.0456 0.0191 0.6069 0.0143 0.0216 
   HI_SS0343  8 0.0516 0.0368 0.0104 0.0352 0.1866 0.6624 0.0142 0.0029 
   HI_SS0344  8 0.0067 0.0082 0.0217 0.0073 0.0068 0.0072 0.9374 0.0047 
   HI_SS0345  8 0.0120 0.0337 0.1121 0.0212 0.4260 0.1631 0.2192 0.0125 
   HI_SS0346  8 0.0185 0.0670 0.2878 0.0646 0.4233 0.0704 0.0605 0.0079 
   HI_SS0350  8 0.0494 0.2065 0.0881 0.0199 0.0898 0.5238 0.0054 0.0170 
   HI_SS0351  8 0.5103 0.0163 0.2278 0.0141 0.0986 0.1046 0.0229 0.0055 
   HI_SS0352  8 0.0275 0.0644 0.0493 0.0116 0.1021 0.6079 0.0174 0.1199 
   HI_SS0362  8 0.6861 0.0663 0.0201 0.0264 0.0533 0.0085 0.1360 0.0032 
   HI_SS0363  8 0.8672 0.0118 0.0315 0.0145 0.0121 0.0163 0.0418 0.0049 
   HI_SS0365  8 0.0177 0.0252 0.5380 0.0217 0.0168 0.3507 0.0250 0.0048 
   HI_SS0366  8 0.1001 0.0250 0.5075 0.0265 0.0174 0.0710 0.2501 0.0026 
   HI_SS0367  8 0.1416 0.3744 0.0174 0.0718 0.3087 0.0778 0.0045 0.0037 
   HI_SS0369  8 0.1450 0.5269 0.0225 0.1273 0.1262 0.0396 0.0083 0.0042 
