

----------------------------------------------------
STRUCTURE by Pritchard, Stephens and Donnelly (2000)
     and Falush, Stephens and Pritchard (2003)
       Code by Pritchard, Falush and Hubisz
             Version 2.3.4 (Jul 2012)
----------------------------------------------------



Command line arguments:   /home/genobiwan/Documents/Programs/Structure/structure -m parameter_job_k8_r1 
Input File:    /media/genobiwan/Storage/Projets/Mackerel_NWA_2021/data_job_k8_r1

Run parameters:
   629 individuals
   4140 loci
   8 populations assumed
   10000 Burn-in period
   100000 Reps


--------------------------------------------
Proportion of membership of each pre-defined
 population in each of the 8 clusters

Given    Inferred Clusters                                          Number of
 Pop       1      2      3      4      5      6      7      8      Individuals

  1:     0.115  0.126  0.142  0.172  0.164  0.017  0.097  0.167       67
  2:     0.084  0.120  0.208  0.155  0.162  0.014  0.062  0.196       32
  3:     0.126  0.125  0.156  0.170  0.217  0.018  0.096  0.093       92
  4:     0.116  0.181  0.176  0.116  0.130  0.021  0.175  0.085       36
  5:     0.158  0.141  0.111  0.172  0.139  0.025  0.164  0.090       41
  6:     0.146  0.136  0.147  0.111  0.151  0.017  0.161  0.129      158
  7:     0.111  0.140  0.191  0.106  0.154  0.015  0.137  0.148       79
  8:     0.130  0.104  0.133  0.153  0.108  0.017  0.185  0.169       52
  9:     0.005  0.006  0.008  0.007  0.006  0.955  0.006  0.006       36
 10:     0.005  0.006  0.006  0.006  0.006  0.961  0.005  0.005       36
--------------------------------------------

Allele-freq. divergence among pops (Net nucleotide distance),
computed using point estimates of P.

      1       2       3       4       5       6       7       8      
 1      -    0.0005  0.0004  0.0005  0.0004  0.0054  0.0005  0.0006  
 2   0.0005     -    0.0004  0.0004  0.0004  0.0052  0.0005  0.0005  
 3   0.0004  0.0004     -    0.0004  0.0003  0.0052  0.0004  0.0004  
 4   0.0005  0.0004  0.0004     -    0.0003  0.0052  0.0005  0.0005  
 5   0.0004  0.0004  0.0003  0.0003     -    0.0051  0.0004  0.0004  
 6   0.0054  0.0052  0.0052  0.0052  0.0051     -    0.0054  0.0053  
 7   0.0005  0.0005  0.0004  0.0005  0.0004  0.0054     -    0.0005  
 8   0.0006  0.0005  0.0004  0.0005  0.0004  0.0053  0.0005     -    

Average distances (expected heterozygosity) between individuals in same cluster:
cluster  1  : 0.3177 
cluster  2  : 0.3180 
cluster  3  : 0.3190 
cluster  4  : 0.3182 
cluster  5  : 0.3187 
cluster  6  : 0.3050 
cluster  7  : 0.3179 
cluster  8  : 0.3180 

--------------------------------------------
Estimated Ln Prob of Data   = -2496304.8
Mean value of ln likelihood = -2462654.8
Variance of ln likelihood   = 67299.9
Mean value of alpha         = 0.0654

Mean value of Fst_1         = 0.0069
Mean value of Fst_2         = 0.0061
Mean value of Fst_3         = 0.0044
Mean value of Fst_4         = 0.0059
Mean value of Fst_5         = 0.0044
Mean value of Fst_6         = 0.0404
Mean value of Fst_7         = 0.0066
Mean value of Fst_8         = 0.0064


Inferred ancestry of individuals:
        Label (%Miss) Pop:  Inferred clusters
  1 NS_SS0963    (4)    1 :  0.015 0.583 0.230 0.035 0.094 0.008 0.025 0.009 
  2 NS_SS0983    (1)    1 :  0.924 0.012 0.022 0.014 0.010 0.006 0.010 0.003 
  3 NS_SS0719    (9)    1 :  0.055 0.033 0.660 0.016 0.136 0.006 0.052 0.043 
  4 NS_SS1001    (8)    1 :  0.020 0.134 0.074 0.018 0.228 0.011 0.353 0.162 
  5 NS_SS0936    (4)    1 :  0.013 0.119 0.052 0.149 0.046 0.005 0.030 0.585 
  6 NS_SS0955    (6)    1 :  0.161 0.142 0.069 0.039 0.407 0.007 0.162 0.013 
  7 NS_SS0944    (3)    1 :  0.015 0.131 0.009 0.139 0.084 0.004 0.597 0.022 
  8 NS_SS0945    (3)    1 :  0.127 0.056 0.023 0.024 0.024 0.017 0.073 0.655 
  9 NS_SS0922    (2)    1 :  0.014 0.175 0.504 0.090 0.092 0.049 0.030 0.047 
 10 NS_SS0929    (7)    1 :  0.332 0.033 0.031 0.298 0.222 0.004 0.042 0.038 
 11 NS_SS0956    (1)    1 :  0.012 0.121 0.036 0.295 0.411 0.005 0.045 0.076 
 12 NS_SS0906    (3)    1 :  0.060 0.009 0.036 0.544 0.265 0.006 0.057 0.023 
 13 NS_SS0721    (6)    1 :  0.036 0.016 0.183 0.006 0.717 0.009 0.017 0.014 
 14 NS_SS0982    (4)    1 :  0.156 0.055 0.108 0.359 0.188 0.029 0.020 0.085 
 15 NS_SS0923    (6)    1 :  0.013 0.229 0.217 0.147 0.223 0.009 0.058 0.104 
 16 NS_SS0905    (6)    1 :  0.056 0.007 0.183 0.336 0.277 0.003 0.072 0.066 
 17 NS_SS0925    (3)    1 :  0.008 0.025 0.092 0.799 0.048 0.007 0.008 0.014 
 18 NS_SS0947    (6)    1 :  0.017 0.275 0.026 0.588 0.030 0.008 0.016 0.041 
 19 NS_SS0926    (2)    1 :  0.636 0.087 0.011 0.007 0.039 0.002 0.178 0.040 
 20 NS_SS0918    (6)    1 :  0.060 0.092 0.014 0.571 0.144 0.005 0.041 0.073 
 21 NS_SS0966    (4)    1 :  0.076 0.052 0.043 0.660 0.022 0.084 0.028 0.034 
 22 NS_SS0938    (2)    1 :  0.025 0.759 0.039 0.017 0.017 0.002 0.035 0.105 
 23 NS_SS0917    (2)    1 :  0.069 0.032 0.260 0.007 0.094 0.064 0.020 0.456 
 24 NS_SS0957   (11)    1 :  0.007 0.032 0.006 0.066 0.037 0.011 0.034 0.806 
 25 NS_SS0987    (1)    1 :  0.022 0.013 0.018 0.150 0.516 0.230 0.027 0.025 
 26 NS_SS0717    (4)    1 :  0.027 0.020 0.035 0.315 0.073 0.004 0.018 0.508 
 27 NS_SS0986    (2)    1 :  0.109 0.126 0.013 0.014 0.598 0.006 0.062 0.071 
 28 NS_SS0953    (3)    1 :  0.023 0.011 0.009 0.882 0.012 0.020 0.021 0.023 
 29 NS_SS0907    (3)    1 :  0.195 0.028 0.026 0.457 0.143 0.064 0.038 0.050 
 30 NS_SS0974    (6)    1 :  0.272 0.192 0.303 0.061 0.025 0.007 0.047 0.093 
 31 NS_SS0989    (1)    1 :  0.469 0.177 0.146 0.085 0.017 0.001 0.098 0.007 
 32 NS_SS0991    (3)    1 :  0.080 0.007 0.010 0.016 0.854 0.003 0.025 0.004 
 33 NS_SS0994    (2)    1 :  0.828 0.015 0.020 0.004 0.008 0.003 0.104 0.019 
 34 NS_SS0931    (6)    1 :  0.078 0.424 0.010 0.007 0.013 0.017 0.430 0.022 
 35 NS_SS1000    (5)    1 :  0.007 0.032 0.013 0.044 0.774 0.005 0.013 0.113 
 36 NS_SS0919    (1)    1 :  0.121 0.035 0.060 0.037 0.602 0.006 0.099 0.040 
 37 NS_SS0949    (4)    1 :  0.231 0.047 0.140 0.010 0.028 0.002 0.531 0.012 
 38 NS_SS0960   (10)    1 :  0.081 0.017 0.147 0.199 0.032 0.012 0.490 0.020 
 39 NS_SS0716    (2)    1 :  0.010 0.006 0.005 0.011 0.045 0.011 0.011 0.902 
 40 NS_SS0924    (8)    1 :  0.098 0.147 0.314 0.015 0.366 0.025 0.017 0.019 
 41 NS_SS0935    (2)    1 :  0.044 0.009 0.031 0.044 0.735 0.013 0.104 0.021 
 42 NS_SS0952   (14)    1 :  0.066 0.047 0.029 0.148 0.051 0.048 0.562 0.048 
 43 NS_SS0962   (11)    1 :  0.031 0.563 0.016 0.061 0.095 0.012 0.014 0.207 
 44 NS_SS0973    (5)    1 :  0.008 0.020 0.558 0.018 0.368 0.005 0.016 0.006 
 45 NS_SS0722    (1)    1 :  0.009 0.016 0.011 0.038 0.017 0.003 0.011 0.894 
 46 NS_SS0979   (13)    1 :  0.017 0.074 0.013 0.048 0.106 0.004 0.031 0.706 
 47 NS_SS0993    (2)    1 :  0.019 0.099 0.527 0.085 0.024 0.023 0.089 0.134 
 48 NS_SS0958    (1)    1 :  0.073 0.022 0.032 0.042 0.050 0.006 0.616 0.160 
 49 NS_SS0988    (4)    1 :  0.257 0.143 0.108 0.282 0.034 0.006 0.015 0.154 
 50 NS_SS1003    (2)    1 :  0.006 0.892 0.020 0.021 0.022 0.016 0.019 0.006 
 51 NS_SS0976    (1)    1 :  0.025 0.815 0.010 0.031 0.021 0.003 0.087 0.009 
 52 NS_SS0964   (10)    1 :  0.010 0.066 0.109 0.026 0.458 0.004 0.073 0.255 
 53 NS_SS0939    (4)    1 :  0.005 0.029 0.026 0.005 0.012 0.007 0.010 0.905 
 54 NS_SS0990    (6)    1 :  0.405 0.134 0.021 0.034 0.032 0.005 0.074 0.295 
 55 NS_SS0984    (2)    1 :  0.009 0.073 0.029 0.023 0.020 0.004 0.008 0.835 
 56 NS_SS0980   (10)    1 :  0.011 0.016 0.089 0.798 0.013 0.003 0.034 0.036 
 57 NS_SS0978    (4)    1 :  0.016 0.033 0.111 0.633 0.040 0.005 0.054 0.108 
 58 NS_SS0951   (18)    1 :  0.254 0.023 0.046 0.459 0.122 0.005 0.070 0.021 
 59 NS_SS0913    (3)    1 :  0.033 0.036 0.069 0.360 0.130 0.052 0.228 0.092 
 60 NS_SS1002    (1)    1 :  0.052 0.270 0.015 0.336 0.011 0.057 0.008 0.250 
 61 NS_SS0948    (1)    1 :  0.060 0.063 0.015 0.191 0.062 0.077 0.120 0.412 
 62 NS_SS0916    (4)    1 :  0.012 0.012 0.905 0.019 0.010 0.005 0.029 0.008 
 63 NS_SS0995    (1)    1 :  0.013 0.007 0.915 0.018 0.011 0.005 0.021 0.010 
 64 NS_SS0927    (6)    1 :  0.132 0.009 0.785 0.014 0.018 0.007 0.013 0.022 
 65 NS_SS0992    (5)    1 :  0.024 0.050 0.750 0.082 0.035 0.004 0.040 0.014 
 66 NS_SS0912    (1)    1 :  0.513 0.027 0.025 0.018 0.316 0.006 0.060 0.035 
 67 NS_SS0981    (1)    1 :  0.019 0.367 0.028 0.166 0.249 0.006 0.058 0.107 
 68 NS_SS0729    (5)    2 :  0.788 0.061 0.078 0.023 0.011 0.007 0.024 0.007 
 69 NS_SS0967   (15)    2 :  0.035 0.236 0.073 0.036 0.306 0.015 0.014 0.284 
 70 NS_SS0941    (8)    2 :  0.021 0.120 0.265 0.034 0.138 0.108 0.043 0.272 
 71 NS_SS0768   (12)    2 :  0.038 0.041 0.022 0.766 0.076 0.008 0.015 0.033 
 72 NS_SS0726    (5)    2 :  0.036 0.167 0.730 0.009 0.004 0.012 0.018 0.024 
 73 NS_SS0763    (4)    2 :  0.457 0.132 0.035 0.035 0.182 0.003 0.084 0.072 
 74 NS_SS0730    (6)    2 :  0.039 0.152 0.155 0.060 0.037 0.005 0.061 0.491 
 75 NS_SS0774    (2)    2 :  0.008 0.023 0.031 0.129 0.012 0.002 0.010 0.784 
 76 NS_SS0723    (3)    2 :  0.013 0.124 0.206 0.348 0.155 0.003 0.009 0.141 
 77 NS_SS0940   (10)    2 :  0.102 0.037 0.362 0.016 0.077 0.012 0.051 0.342 
 78 NS_SS0762    (1)    2 :  0.008 0.009 0.037 0.716 0.007 0.004 0.030 0.189 
 79 NS_SS0766   (11)    2 :  0.072 0.051 0.382 0.011 0.129 0.027 0.044 0.283 
 80 NS_SS0724    (1)    2 :  0.020 0.258 0.042 0.339 0.275 0.008 0.017 0.040 
 81 NS_SS0769    (3)    2 :  0.118 0.048 0.212 0.143 0.116 0.007 0.009 0.348 
 82 NS_SS0777    (1)    2 :  0.073 0.011 0.011 0.008 0.604 0.015 0.034 0.243 
 83 NS_SS0734    (6)    2 :  0.018 0.016 0.084 0.021 0.363 0.045 0.383 0.071 
 84 NS_SS0737    (3)    2 :  0.006 0.346 0.525 0.062 0.016 0.007 0.012 0.025 
 85 NS_SS0732    (5)    2 :  0.009 0.012 0.245 0.502 0.182 0.008 0.025 0.017 
 86 NS_SS0728    (5)    2 :  0.038 0.114 0.511 0.049 0.211 0.017 0.017 0.043 
 87 NS_SS0735    (9)    2 :  0.020 0.038 0.208 0.203 0.447 0.016 0.031 0.039 
 88 NS_SS0725    (1)    2 :  0.031 0.794 0.028 0.016 0.021 0.010 0.042 0.058 
 89 NS_SS0788    (2)    2 :  0.077 0.355 0.280 0.170 0.048 0.003 0.029 0.037 
 90 NS_SS0778    (2)    2 :  0.293 0.090 0.108 0.018 0.404 0.002 0.028 0.056 
 91 NS_SS0792    (6)    2 :  0.059 0.014 0.694 0.059 0.111 0.007 0.048 0.009 
 92 NS_SS0943   (11)    2 :  0.029 0.247 0.010 0.138 0.034 0.011 0.524 0.008 
 93 NS_SS0791    (2)    2 :  0.016 0.053 0.783 0.012 0.063 0.016 0.045 0.013 
 94 NS_SS0790    (5)    2 :  0.004 0.006 0.006 0.933 0.009 0.007 0.006 0.030 
 95 NS_SS0731    (6)    2 :  0.022 0.018 0.010 0.013 0.349 0.017 0.010 0.562 
 96 NS_SS0727    (7)    2 :  0.142 0.028 0.348 0.020 0.028 0.003 0.262 0.169 
 97 NS_SS0779   (13)    2 :  0.044 0.027 0.125 0.022 0.530 0.011 0.022 0.220 
 98 NS_SS0776    (3)    2 :  0.029 0.195 0.040 0.021 0.225 0.013 0.036 0.442 
 99 NS_SS0775    (5)    2 :  0.006 0.007 0.015 0.020 0.010 0.007 0.015 0.921 
100 NS_SS0965    (3)    3 :  0.024 0.088 0.031 0.025 0.803 0.003 0.017 0.011 
101 NS_SS0754   (14)    3 :  0.074 0.026 0.283 0.032 0.404 0.021 0.116 0.045 
102 NS_SS0838    (5)    3 :  0.025 0.772 0.049 0.016 0.032 0.044 0.020 0.042 
103 NS_SS0839    (3)    3 :  0.007 0.087 0.062 0.717 0.018 0.005 0.021 0.083 
104 NS_SS0832    (4)    3 :  0.010 0.024 0.035 0.085 0.650 0.047 0.007 0.141 
105 NS_SS0820    (5)    3 :  0.009 0.603 0.142 0.013 0.208 0.009 0.003 0.013 
106 NS_SS0886    (9)    3 :  0.280 0.065 0.354 0.023 0.211 0.002 0.028 0.037 
107 NS_SS0748    (5)    3 :  0.077 0.041 0.014 0.095 0.307 0.013 0.026 0.428 
108 NS_SS0884    (9)    3 :  0.048 0.158 0.145 0.360 0.050 0.058 0.064 0.118 
109 NS_SS0752    (4)    3 :  0.024 0.048 0.175 0.403 0.174 0.003 0.067 0.107 
110 NS_SS0862    (1)    3 :  0.010 0.047 0.142 0.241 0.526 0.009 0.016 0.010 
111 NS_SS0787    (9)    3 :  0.818 0.013 0.018 0.014 0.015 0.008 0.101 0.013 
112 NS_SS0843    (6)    3 :  0.127 0.071 0.033 0.084 0.599 0.002 0.047 0.037 
113 NS_SS0856    (4)    3 :  0.115 0.017 0.634 0.013 0.073 0.005 0.010 0.134 
114 NS_SS0846    (2)    3 :  0.588 0.163 0.039 0.118 0.030 0.005 0.020 0.036 
115 NS_SS0825    (1)    3 :  0.101 0.504 0.089 0.023 0.201 0.018 0.034 0.032 
116 NS_SS0757    (3)    3 :  0.044 0.024 0.062 0.074 0.699 0.007 0.030 0.061 
117 NS_SS0876    (3)    3 :  0.005 0.015 0.227 0.152 0.297 0.223 0.058 0.023 
118 NS_SS0903   (10)    3 :  0.009 0.007 0.080 0.864 0.010 0.005 0.014 0.012 
119 NS_SS0875    (7)    3 :  0.266 0.022 0.079 0.117 0.057 0.006 0.080 0.372 
120 NS_SS0740    (5)    3 :  0.014 0.038 0.223 0.090 0.520 0.005 0.034 0.075 
121 NS_SS0811    (5)    3 :  0.015 0.008 0.018 0.088 0.427 0.014 0.013 0.418 
122 NS_SS0751    (1)    3 :  0.009 0.077 0.100 0.017 0.107 0.004 0.253 0.433 
123 NS_SS0891    (6)    3 :  0.073 0.211 0.031 0.546 0.026 0.011 0.024 0.078 
124 NS_SS0867    (2)    3 :  0.323 0.018 0.020 0.380 0.024 0.032 0.164 0.039 
125 NS_SS0890    (6)    3 :  0.051 0.015 0.584 0.136 0.041 0.004 0.014 0.155 
126 NS_SS0866   (12)    3 :  0.770 0.021 0.051 0.008 0.012 0.007 0.097 0.035 
127 NS_SS0755    (4)    3 :  0.046 0.071 0.122 0.315 0.152 0.012 0.064 0.220 
128 NS_SS0758    (4)    3 :  0.212 0.071 0.296 0.026 0.361 0.003 0.016 0.014 
129 NS_SS0840    (2)    3 :  0.010 0.809 0.012 0.036 0.091 0.003 0.008 0.030 
130 NS_SS0889    (4)    3 :  0.605 0.020 0.059 0.078 0.073 0.004 0.148 0.014 
131 NS_SS1010    (1)    3 :  0.129 0.172 0.064 0.387 0.037 0.065 0.058 0.088 
132 NS_SS0888    (5)    3 :  0.039 0.006 0.802 0.010 0.035 0.002 0.091 0.015 
133 NS_SS0837    (3)    3 :  0.015 0.020 0.029 0.025 0.819 0.005 0.046 0.041 
134 NS_SS0794   (10)    3 :  0.038 0.007 0.073 0.016 0.076 0.003 0.573 0.215 
135 NS_SS0823    (5)    3 :  0.019 0.061 0.165 0.625 0.098 0.006 0.013 0.012 
136 NS_SS0829    (7)    3 :  0.556 0.009 0.036 0.017 0.077 0.130 0.168 0.009 
137 NS_SS0844    (5)    3 :  0.007 0.008 0.010 0.949 0.010 0.003 0.008 0.005 
138 NS_SS1008    (6)    3 :  0.096 0.027 0.026 0.027 0.085 0.019 0.509 0.210 
139 NS_SS0881    (3)    3 :  0.017 0.174 0.106 0.009 0.058 0.004 0.442 0.189 
140 NS_SS0834    (6)    3 :  0.016 0.711 0.029 0.200 0.010 0.010 0.013 0.011 
141 NS_SS0744   (10)    3 :  0.072 0.049 0.481 0.018 0.337 0.009 0.026 0.007 
142 NS_SS0899    (7)    3 :  0.012 0.011 0.013 0.850 0.075 0.003 0.013 0.024 
143 NS_SS0804    (5)    3 :  0.016 0.059 0.090 0.385 0.393 0.009 0.009 0.038 
144 NS_SS0781   (10)    3 :  0.010 0.190 0.013 0.608 0.095 0.003 0.010 0.070 
145 NS_SS0822    (6)    3 :  0.046 0.090 0.087 0.024 0.026 0.002 0.712 0.013 
146 NS_SS1004    (4)    3 :  0.016 0.087 0.036 0.019 0.799 0.005 0.022 0.015 
147 NS_SS0746    (5)    3 :  0.071 0.022 0.050 0.048 0.501 0.020 0.025 0.262 
148 NS_SS0880    (3)    3 :  0.008 0.859 0.018 0.014 0.025 0.002 0.041 0.033 
149 NS_SS0879    (5)    3 :  0.123 0.027 0.072 0.591 0.012 0.020 0.037 0.118 
150 NS_SS0753    (2)    3 :  0.168 0.008 0.047 0.024 0.651 0.014 0.046 0.042 
151 NS_SS1007    (3)    3 :  0.015 0.021 0.891 0.007 0.029 0.002 0.019 0.016 
152 NS_SS0872    (5)    3 :  0.024 0.044 0.115 0.318 0.075 0.003 0.027 0.392 
153 NS_SS1005    (7)    3 :  0.087 0.203 0.034 0.197 0.383 0.002 0.015 0.080 
154 NS_SS0892    (6)    3 :  0.028 0.027 0.413 0.041 0.236 0.005 0.042 0.208 
155 NS_SS0898    (0)    3 :  0.015 0.022 0.008 0.014 0.010 0.010 0.905 0.015 
156 NS_SS0801    (9)    3 :  0.012 0.021 0.016 0.043 0.874 0.014 0.008 0.013 
157 NS_SS0827    (9)    3 :  0.227 0.008 0.018 0.025 0.223 0.136 0.032 0.331 
158 NS_SS0853    (7)    3 :  0.135 0.005 0.008 0.152 0.474 0.010 0.008 0.208 
159 NS_SS0780    (2)    3 :  0.021 0.816 0.030 0.023 0.070 0.006 0.011 0.024 
160 NS_SS0826   (10)    3 :  0.070 0.697 0.015 0.149 0.018 0.005 0.033 0.013 
161 NS_SS0818    (5)    3 :  0.013 0.092 0.623 0.093 0.046 0.003 0.107 0.023 
162 NS_SS0745    (1)    3 :  0.007 0.024 0.010 0.008 0.041 0.003 0.028 0.879 
163 NS_SS0849    (3)    3 :  0.065 0.047 0.069 0.061 0.471 0.004 0.250 0.032 
164 NS_SS0739    (3)    3 :  0.006 0.008 0.923 0.007 0.008 0.014 0.022 0.013 
165 NS_SS0799    (1)    3 :  0.109 0.008 0.568 0.020 0.111 0.002 0.159 0.023 
166 NS_SS0756    (3)    3 :  0.011 0.023 0.015 0.895 0.019 0.006 0.011 0.021 
167 NS_SS0802    (2)    3 :  0.157 0.016 0.514 0.016 0.037 0.198 0.005 0.057 
168 NS_SS0747    (6)    3 :  0.008 0.024 0.198 0.277 0.430 0.007 0.009 0.046 
169 NS_SS0835    (1)    3 :  0.853 0.013 0.066 0.019 0.015 0.002 0.016 0.016 
170 NS_SS0742   (19)    3 :  0.023 0.047 0.748 0.061 0.040 0.002 0.055 0.025 
171 NS_SS0760    (9)    3 :  0.664 0.011 0.017 0.031 0.108 0.065 0.087 0.017 
172 NS_SS0803    (4)    3 :  0.010 0.007 0.055 0.879 0.027 0.008 0.006 0.008 
173 NS_SS0828   (14)    3 :  0.015 0.019 0.070 0.028 0.757 0.002 0.044 0.066 
174 NS_SS0865    (2)    3 :  0.020 0.289 0.075 0.057 0.354 0.039 0.134 0.032 
175 NS_SS0759    (5)    3 :  0.021 0.056 0.236 0.026 0.571 0.007 0.024 0.059 
176 NS_SS0851    (5)    3 :  0.069 0.411 0.021 0.124 0.074 0.036 0.139 0.126 
177 NS_SS0874   (16)    3 :  0.015 0.016 0.012 0.919 0.017 0.002 0.006 0.013 
178 NS_SS0761    (6)    3 :  0.162 0.022 0.012 0.050 0.688 0.004 0.052 0.010 
179 NS_SS0842   (26)    3 :  0.019 0.027 0.037 0.058 0.033 0.014 0.074 0.737 
180 NS_SS0785    (6)    3 :  0.067 0.034 0.090 0.103 0.554 0.008 0.112 0.032 
181 NS_SS0860   (11)    3 :  0.745 0.011 0.184 0.019 0.013 0.004 0.012 0.012 
182 NS_SS0897    (7)    3 :  0.231 0.008 0.027 0.020 0.023 0.003 0.679 0.008 
183 NS_SS0841   (15)    3 :  0.008 0.171 0.032 0.322 0.161 0.007 0.227 0.072 
184 NS_SS0797    (7)    3 :  0.053 0.498 0.028 0.014 0.102 0.048 0.225 0.033 
185 NS_SS0830   (11)    3 :  0.014 0.068 0.104 0.110 0.167 0.003 0.466 0.068 
186 NS_SS1011    (5)    3 :  0.021 0.798 0.016 0.121 0.025 0.008 0.005 0.006 
187 NS_SS0883    (5)    3 :  0.032 0.008 0.212 0.104 0.514 0.013 0.059 0.056 
188 NS_SS0782    (2)    3 :  0.419 0.018 0.252 0.032 0.198 0.004 0.054 0.023 
189 NS_SS0831    (5)    3 :  0.813 0.020 0.051 0.022 0.049 0.008 0.022 0.014 
190 NS_SS0749    (7)    3 :  0.012 0.016 0.492 0.033 0.371 0.005 0.055 0.017 
191 NS_SS0854    (2)    3 :  0.015 0.058 0.588 0.067 0.093 0.007 0.144 0.028 
192 HI_SS0193    (0)    4 :  0.004 0.009 0.011 0.011 0.009 0.002 0.948 0.005 
193 HI_SS0194    (1)    4 :  0.007 0.881 0.009 0.037 0.007 0.002 0.022 0.035 
194 HI_SS0195   (10)    4 :  0.005 0.630 0.078 0.017 0.121 0.124 0.005 0.020 
195 HI_SS0196    (6)    4 :  0.096 0.032 0.251 0.037 0.295 0.004 0.235 0.049 
196 HI_SS0197    (3)    4 :  0.011 0.904 0.014 0.013 0.017 0.016 0.004 0.021 
197 HI_SS0198    (1)    4 :  0.070 0.052 0.393 0.167 0.165 0.015 0.101 0.037 
198 HI_SS0199    (1)    4 :  0.214 0.008 0.715 0.015 0.018 0.003 0.015 0.011 
199 HI_SS0201    (5)    4 :  0.401 0.139 0.054 0.028 0.242 0.003 0.107 0.026 
200 HI_SS0215    (1)    4 :  0.758 0.024 0.010 0.039 0.136 0.006 0.020 0.008 
201 HI_SS0218    (1)    4 :  0.017 0.012 0.031 0.010 0.024 0.014 0.878 0.013 
202 HI_SS0222    (0)    4 :  0.499 0.092 0.096 0.013 0.248 0.007 0.016 0.029 
203 HI_SS0230    (1)    4 :  0.033 0.324 0.016 0.089 0.397 0.012 0.027 0.102 
204 HI_SS0234    (2)    4 :  0.059 0.050 0.413 0.259 0.006 0.161 0.028 0.024 
205 HI_SS0240    (1)    4 :  0.014 0.010 0.864 0.012 0.038 0.010 0.014 0.038 
206 HI_SS0241    (0)    4 :  0.244 0.458 0.092 0.019 0.093 0.003 0.048 0.042 
207 HI_SS0242    (0)    4 :  0.030 0.130 0.536 0.041 0.069 0.004 0.165 0.026 
208 HI_SS0247    (0)    4 :  0.008 0.051 0.008 0.891 0.005 0.021 0.009 0.007 
209 HI_SS0248    (1)    4 :  0.123 0.013 0.076 0.032 0.036 0.001 0.562 0.157 
210 HI_SS0252    (2)    4 :  0.038 0.089 0.146 0.307 0.389 0.003 0.017 0.010 
211 HI_SS0254    (0)    4 :  0.070 0.082 0.177 0.042 0.149 0.117 0.331 0.033 
212 HI_SS0256    (0)    4 :  0.003 0.010 0.010 0.942 0.012 0.002 0.003 0.017 
213 HI_SS0257    (0)    4 :  0.310 0.026 0.026 0.546 0.057 0.006 0.015 0.014 
214 HI_SS0258    (1)    4 :  0.076 0.013 0.058 0.017 0.533 0.008 0.253 0.042 
215 HI_SS0259    (1)    4 :  0.019 0.823 0.062 0.055 0.011 0.005 0.006 0.019 
216 HI_SS0260    (1)    4 :  0.042 0.021 0.032 0.020 0.024 0.003 0.088 0.770 
217 HI_SS0261    (2)    4 :  0.122 0.348 0.142 0.034 0.046 0.004 0.121 0.184 
218 HI_SS0262    (0)    4 :  0.009 0.033 0.720 0.075 0.026 0.011 0.036 0.090 
219 HI_SS0264    (0)    4 :  0.009 0.158 0.041 0.071 0.452 0.007 0.018 0.244 
220 HI_SS0265    (0)    4 :  0.018 0.110 0.111 0.067 0.040 0.142 0.016 0.496 
221 HI_SS0268    (1)    4 :  0.023 0.267 0.049 0.051 0.137 0.006 0.207 0.259 
222 HI_SS0269    (0)    4 :  0.145 0.020 0.352 0.014 0.005 0.002 0.453 0.009 
223 HI_SS0273    (0)    4 :  0.041 0.014 0.026 0.019 0.055 0.003 0.809 0.034 
224 HI_SS0277    (1)    4 :  0.291 0.498 0.058 0.056 0.034 0.005 0.041 0.018 
225 HI_SS0280    (0)    4 :  0.034 0.076 0.035 0.016 0.265 0.010 0.416 0.148 
226 HI_SS0282    (1)    4 :  0.101 0.059 0.037 0.100 0.451 0.002 0.240 0.010 
227 HI_SS0286    (1)    4 :  0.247 0.047 0.585 0.025 0.051 0.014 0.017 0.015 
228 NS_SS1252    (3)    5 :  0.919 0.006 0.020 0.005 0.021 0.005 0.014 0.010 
229 NS_SS1261    (1)    5 :  0.114 0.013 0.631 0.104 0.056 0.022 0.019 0.041 
230 NS_SS1225   (10)    5 :  0.182 0.047 0.010 0.465 0.187 0.092 0.010 0.007 
231 NS_SS1266    (1)    5 :  0.007 0.050 0.079 0.431 0.388 0.018 0.013 0.013 
232 NS_SS1228    (0)    5 :  0.015 0.038 0.486 0.059 0.020 0.030 0.255 0.096 
233 NS_SS1255    (3)    5 :  0.030 0.016 0.027 0.102 0.020 0.002 0.723 0.079 
234 NS_SS1267    (3)    5 :  0.911 0.012 0.020 0.007 0.011 0.017 0.015 0.008 
235 NS_SS1238    (6)    5 :  0.016 0.255 0.021 0.014 0.024 0.004 0.610 0.056 
236 NS_SS1233    (8)    5 :  0.007 0.087 0.005 0.107 0.094 0.004 0.675 0.021 
237 NS_SS1277    (3)    5 :  0.124 0.012 0.038 0.008 0.013 0.002 0.754 0.050 
238 NS_SS1245    (1)    5 :  0.104 0.220 0.030 0.014 0.360 0.004 0.226 0.042 
239 NS_SS1240    (4)    5 :  0.916 0.010 0.012 0.007 0.031 0.003 0.008 0.013 
240 NS_SS1275    (2)    5 :  0.005 0.912 0.015 0.018 0.012 0.003 0.005 0.030 
241 NS_SS1235    (1)    5 :  0.010 0.503 0.165 0.243 0.011 0.008 0.043 0.018 
242 NS_SS1263    (1)    5 :  0.031 0.025 0.007 0.879 0.016 0.002 0.011 0.030 
243 NS_SS1251    (2)    5 :  0.037 0.051 0.006 0.858 0.016 0.002 0.014 0.015 
244 NS_SS1248    (0)    5 :  0.017 0.023 0.014 0.035 0.461 0.122 0.254 0.075 
245 NS_SS1244    (0)    5 :  0.008 0.861 0.034 0.019 0.015 0.008 0.049 0.006 
246 NS_SS1257    (1)    5 :  0.125 0.026 0.238 0.210 0.072 0.057 0.249 0.024 
247 NS_SS1242    (2)    5 :  0.011 0.084 0.017 0.125 0.076 0.004 0.017 0.666 
248 NS_SS1271    (6)    5 :  0.269 0.026 0.058 0.011 0.022 0.045 0.468 0.100 
249 NS_SS1265    (1)    5 :  0.812 0.028 0.005 0.016 0.053 0.030 0.033 0.023 
250 NS_SS1243    (0)    5 :  0.013 0.039 0.052 0.013 0.670 0.098 0.082 0.032 
251 NS_SS1273    (1)    5 :  0.004 0.016 0.007 0.010 0.011 0.014 0.013 0.926 
252 NS_SS1254   (14)    5 :  0.013 0.034 0.012 0.748 0.066 0.010 0.040 0.077 
253 NS_SS1224    (1)    5 :  0.016 0.011 0.057 0.790 0.057 0.008 0.010 0.050 
254 NS_SS1227    (8)    5 :  0.046 0.011 0.026 0.006 0.016 0.003 0.031 0.861 
255 NS_SS1274    (9)    5 :  0.129 0.209 0.036 0.459 0.072 0.026 0.052 0.017 
256 NS_SS1241    (1)    5 :  0.013 0.041 0.038 0.156 0.023 0.002 0.708 0.020 
257 NS_SS1256    (3)    5 :  0.043 0.710 0.009 0.032 0.086 0.049 0.027 0.045 
258 NS_SS1260    (8)    5 :  0.395 0.015 0.417 0.032 0.031 0.079 0.016 0.016 
259 NS_SS1262    (0)    5 :  0.127 0.031 0.024 0.311 0.157 0.188 0.156 0.005 
260 NS_SS1230    (0)    5 :  0.017 0.014 0.020 0.012 0.739 0.007 0.132 0.060 
261 NS_SS1270    (2)    5 :  0.011 0.064 0.014 0.036 0.838 0.003 0.019 0.015 
262 NS_SS1229    (2)    5 :  0.021 0.063 0.759 0.112 0.017 0.007 0.007 0.014 
263 NS_SS1246    (5)    5 :  0.396 0.523 0.015 0.006 0.007 0.005 0.010 0.038 
264 NS_SS1269    (0)    5 :  0.036 0.033 0.123 0.026 0.740 0.005 0.025 0.011 
265 NS_SS1239    (1)    5 :  0.014 0.008 0.896 0.012 0.009 0.006 0.043 0.012 
266 NS_SS1272    (5)    5 :  0.289 0.628 0.016 0.010 0.027 0.010 0.012 0.008 
267 NS_SS1268    (1)    5 :  0.009 0.019 0.036 0.519 0.140 0.005 0.250 0.021 
268 NS_SS1249    (1)    5 :  0.207 0.022 0.054 0.026 0.021 0.019 0.624 0.028 
269 HI_SS0559    (0)    6 :  0.026 0.011 0.015 0.107 0.722 0.002 0.036 0.079 
270 HI_SS0563    (1)    6 :  0.177 0.054 0.171 0.199 0.259 0.005 0.111 0.025 
271 HI_SS0564    (0)    6 :  0.068 0.350 0.202 0.123 0.041 0.085 0.111 0.020 
272 HI_SS0565    (0)    6 :  0.612 0.049 0.025 0.070 0.028 0.006 0.022 0.188 
273 HI_SS0569    (1)    6 :  0.234 0.019 0.011 0.015 0.612 0.006 0.078 0.025 
274 HI_SS0570    (0)    6 :  0.091 0.037 0.098 0.017 0.029 0.050 0.652 0.026 
275 HI_SS0572    (1)    6 :  0.024 0.163 0.216 0.270 0.019 0.005 0.012 0.292 
276 HI_SS0576    (1)    6 :  0.017 0.012 0.119 0.019 0.697 0.010 0.044 0.083 
277 HI_SS0579    (1)    6 :  0.025 0.032 0.026 0.137 0.743 0.017 0.013 0.007 
278 HI_SS0580    (1)    6 :  0.557 0.054 0.029 0.138 0.040 0.007 0.029 0.147 
279 HI_SS0581    (0)    6 :  0.008 0.507 0.264 0.021 0.033 0.086 0.029 0.051 
280 HI_SS0583    (1)    6 :  0.931 0.007 0.007 0.009 0.010 0.003 0.005 0.027 
281 HI_SS0586    (1)    6 :  0.910 0.008 0.004 0.008 0.022 0.002 0.021 0.026 
282 HI_SS0588    (1)    6 :  0.153 0.016 0.119 0.019 0.537 0.026 0.117 0.012 
283 HI_SS0595    (4)    6 :  0.125 0.080 0.159 0.110 0.036 0.050 0.351 0.089 
284 HI_SS0596    (0)    6 :  0.008 0.011 0.178 0.029 0.009 0.004 0.025 0.735 
285 HI_SS0597    (1)    6 :  0.038 0.349 0.036 0.061 0.040 0.003 0.019 0.454 
286 HI_SS0600    (0)    6 :  0.090 0.047 0.721 0.062 0.024 0.003 0.043 0.009 
287 HI_SS0601    (1)    6 :  0.035 0.013 0.028 0.825 0.055 0.022 0.012 0.009 
288 HI_SS0602    (1)    6 :  0.027 0.005 0.021 0.008 0.903 0.003 0.007 0.025 
289 HI_SS0604    (0)    6 :  0.100 0.150 0.023 0.032 0.642 0.002 0.027 0.025 
290 HI_SS0605    (1)    6 :  0.030 0.031 0.432 0.013 0.448 0.008 0.027 0.012 
291 HI_SS0608    (0)    6 :  0.091 0.016 0.030 0.062 0.029 0.003 0.594 0.175 
292 HI_SS0609    (0)    6 :  0.023 0.029 0.036 0.774 0.028 0.001 0.079 0.030 
293 HI_SS0611    (5)    6 :  0.571 0.014 0.060 0.033 0.190 0.005 0.116 0.012 
294 HI_SS0612    (0)    6 :  0.011 0.014 0.026 0.889 0.015 0.008 0.028 0.009 
295 HI_SS0613    (1)    6 :  0.033 0.011 0.204 0.020 0.685 0.002 0.018 0.027 
296 HI_SS0615    (1)    6 :  0.006 0.014 0.886 0.023 0.024 0.012 0.007 0.028 
297 HI_SS0001    (1)    6 :  0.078 0.809 0.036 0.032 0.008 0.006 0.013 0.019 
298 HI_SS0002    (1)    6 :  0.084 0.083 0.104 0.250 0.391 0.043 0.018 0.028 
299 HI_SS0004    (0)    6 :  0.092 0.031 0.222 0.036 0.031 0.009 0.480 0.100 
300 HI_SS0005    (1)    6 :  0.013 0.034 0.018 0.020 0.851 0.009 0.038 0.017 
301 HI_SS0006    (1)    6 :  0.874 0.034 0.020 0.031 0.015 0.003 0.008 0.015 
302 HI_SS0007    (1)    6 :  0.054 0.031 0.058 0.009 0.063 0.005 0.765 0.014 
303 HI_SS0008    (0)    6 :  0.019 0.026 0.440 0.036 0.248 0.044 0.047 0.141 
304 HI_SS0009    (0)    6 :  0.024 0.022 0.384 0.204 0.108 0.006 0.172 0.080 
305 HI_SS0010    (1)    6 :  0.023 0.013 0.021 0.030 0.048 0.008 0.555 0.303 
306 HI_SS0011    (1)    6 :  0.008 0.377 0.011 0.088 0.027 0.100 0.201 0.187 
307 HI_SS0012    (0)    6 :  0.023 0.014 0.646 0.241 0.040 0.006 0.007 0.023 
308 HI_SS0017    (1)    6 :  0.010 0.325 0.014 0.021 0.011 0.002 0.358 0.260 
309 HI_SS0021    (1)    6 :  0.545 0.009 0.016 0.005 0.011 0.228 0.053 0.132 
310 HI_SS0024    (1)    6 :  0.025 0.271 0.057 0.008 0.008 0.003 0.030 0.599 
311 HI_SS0025    (1)    6 :  0.209 0.017 0.336 0.021 0.147 0.005 0.033 0.233 
312 HI_SS0027    (0)    6 :  0.050 0.012 0.034 0.034 0.104 0.021 0.737 0.009 
313 HI_SS0028    (0)    6 :  0.016 0.015 0.007 0.149 0.038 0.002 0.016 0.756 
314 HI_SS0029    (1)    6 :  0.057 0.021 0.014 0.026 0.021 0.012 0.020 0.828 
315 HI_SS0030    (2)    6 :  0.044 0.184 0.559 0.024 0.039 0.007 0.117 0.026 
316 HI_SS0031    (0)    6 :  0.015 0.030 0.269 0.024 0.175 0.008 0.034 0.446 
317 HI_SS0034    (0)    6 :  0.148 0.416 0.027 0.016 0.260 0.006 0.100 0.026 
318 HI_SS0036    (0)    6 :  0.093 0.822 0.017 0.007 0.016 0.014 0.020 0.012 
319 HI_SS0037    (1)    6 :  0.343 0.030 0.038 0.059 0.073 0.008 0.423 0.026 
320 HI_SS0039    (0)    6 :  0.038 0.045 0.011 0.007 0.249 0.004 0.073 0.572 
321 HI_SS0041    (1)    6 :  0.013 0.114 0.738 0.019 0.015 0.004 0.014 0.083 
322 HI_SS0042    (1)    6 :  0.024 0.213 0.133 0.315 0.038 0.140 0.070 0.067 
323 HI_SS0043    (1)    6 :  0.592 0.028 0.048 0.009 0.042 0.006 0.263 0.012 
324 HI_SS0044    (1)    6 :  0.013 0.013 0.043 0.011 0.012 0.004 0.114 0.791 
325 HI_SS0047    (1)    6 :  0.013 0.109 0.096 0.012 0.725 0.004 0.032 0.010 
326 HI_SS0049    (1)    6 :  0.017 0.327 0.026 0.040 0.130 0.006 0.045 0.408 
327 HI_SS0051    (1)    6 :  0.052 0.011 0.231 0.033 0.630 0.002 0.028 0.012 
328 HI_SS0053    (1)    6 :  0.248 0.372 0.064 0.016 0.060 0.008 0.080 0.152 
329 HI_SS0054    (4)    6 :  0.185 0.193 0.011 0.025 0.110 0.004 0.462 0.010 
330 HI_SS0057    (0)    6 :  0.014 0.198 0.029 0.016 0.442 0.005 0.269 0.026 
331 HI_SS0058    (0)    6 :  0.073 0.026 0.016 0.810 0.019 0.012 0.017 0.027 
332 HI_SS0060    (0)    6 :  0.013 0.036 0.272 0.044 0.194 0.085 0.330 0.027 
333 HI_SS0087    (1)    6 :  0.713 0.094 0.034 0.073 0.047 0.005 0.019 0.016 
334 HI_SS0091    (1)    6 :  0.884 0.019 0.040 0.019 0.011 0.002 0.017 0.008 
335 HI_SS0095    (1)    6 :  0.056 0.145 0.392 0.091 0.234 0.054 0.013 0.015 
336 HI_SS0097    (3)    6 :  0.016 0.023 0.012 0.774 0.080 0.007 0.040 0.048 
337 HI_SS0099    (1)    6 :  0.012 0.008 0.016 0.017 0.009 0.007 0.008 0.923 
338 HI_SS0103    (0)    6 :  0.036 0.100 0.684 0.048 0.059 0.003 0.008 0.062 
339 HI_SS0105    (1)    6 :  0.041 0.604 0.068 0.041 0.149 0.046 0.041 0.010 
340 HI_SS0107    (1)    6 :  0.030 0.724 0.040 0.115 0.026 0.001 0.009 0.055 
341 HI_SS0108    (1)    6 :  0.055 0.011 0.014 0.011 0.069 0.036 0.789 0.015 
342 HI_SS0110    (0)    6 :  0.030 0.105 0.776 0.023 0.011 0.002 0.032 0.022 
343 HI_SS0111    (1)    6 :  0.086 0.037 0.721 0.043 0.029 0.035 0.027 0.020 
344 HI_SS0112    (0)    6 :  0.017 0.016 0.015 0.011 0.012 0.002 0.917 0.010 
345 HI_SS0113    (1)    6 :  0.030 0.736 0.020 0.035 0.064 0.004 0.009 0.101 
346 HI_SS0114    (1)    6 :  0.063 0.017 0.016 0.011 0.855 0.007 0.024 0.007 
347 HI_SS0115    (1)    6 :  0.012 0.006 0.165 0.113 0.498 0.023 0.122 0.059 
348 HI_SS0116    (4)    6 :  0.877 0.006 0.008 0.011 0.007 0.003 0.017 0.071 
349 HI_SS0117    (0)    6 :  0.063 0.662 0.017 0.149 0.058 0.004 0.030 0.016 
350 HI_SS0118    (0)    6 :  0.812 0.023 0.018 0.047 0.025 0.011 0.035 0.029 
351 HI_SS0119    (1)    6 :  0.196 0.122 0.444 0.064 0.048 0.003 0.114 0.009 
352 HI_SS0120    (1)    6 :  0.009 0.870 0.031 0.028 0.006 0.004 0.010 0.042 
353 HI_SS0121    (0)    6 :  0.040 0.042 0.071 0.630 0.064 0.002 0.012 0.140 
354 HI_SS0122    (2)    6 :  0.031 0.023 0.383 0.034 0.016 0.036 0.454 0.024 
355 HI_SS0123    (0)    6 :  0.196 0.553 0.050 0.085 0.067 0.009 0.011 0.030 
356 HI_SS0124    (1)    6 :  0.004 0.075 0.112 0.090 0.080 0.004 0.073 0.561 
357 HI_SS0125    (1)    6 :  0.008 0.062 0.787 0.015 0.013 0.047 0.010 0.057 
358 HI_SS0126    (0)    6 :  0.027 0.007 0.008 0.009 0.008 0.001 0.800 0.139 
359 HI_SS0127    (0)    6 :  0.013 0.008 0.045 0.014 0.851 0.012 0.014 0.043 
360 HI_SS0128    (0)    6 :  0.044 0.053 0.472 0.018 0.013 0.005 0.046 0.348 
361 HI_SS0129    (1)    6 :  0.093 0.196 0.203 0.016 0.027 0.021 0.406 0.038 
362 HI_SS0131    (2)    6 :  0.010 0.012 0.008 0.026 0.232 0.044 0.658 0.010 
363 HI_SS0132    (0)    6 :  0.018 0.059 0.021 0.209 0.026 0.001 0.622 0.043 
364 HI_SS0133    (1)    6 :  0.043 0.008 0.005 0.004 0.005 0.002 0.928 0.006 
365 HI_SS0134    (1)    6 :  0.058 0.364 0.058 0.038 0.225 0.003 0.222 0.033 
366 HI_SS0142    (3)    6 :  0.022 0.092 0.016 0.031 0.591 0.023 0.018 0.206 
367 HI_SS0145    (0)    6 :  0.036 0.009 0.021 0.344 0.466 0.003 0.093 0.029 
368 HI_SS0146    (1)    6 :  0.021 0.006 0.031 0.016 0.007 0.001 0.895 0.023 
369 HI_SS0147    (1)    6 :  0.020 0.044 0.118 0.704 0.034 0.034 0.013 0.033 
370 HI_SS0149    (1)    6 :  0.013 0.857 0.013 0.015 0.007 0.007 0.046 0.042 
371 HI_SS0150    (2)    6 :  0.047 0.421 0.206 0.055 0.169 0.007 0.050 0.045 
372 HI_SS0151    (0)    6 :  0.019 0.014 0.784 0.023 0.062 0.018 0.074 0.006 
373 NS_SS1451    (1)    6 :  0.005 0.107 0.523 0.086 0.099 0.005 0.102 0.073 
374 NS_SS1404    (0)    6 :  0.014 0.075 0.060 0.108 0.187 0.019 0.229 0.307 
375 NS_SS1432    (2)    6 :  0.014 0.033 0.026 0.005 0.006 0.056 0.011 0.849 
376 NS_SS1405    (5)    6 :  0.133 0.009 0.060 0.068 0.014 0.005 0.111 0.600 
377 NS_SS1431   (10)    6 :  0.007 0.132 0.029 0.030 0.007 0.002 0.045 0.747 
378 NS_SS1402    (3)    6 :  0.132 0.194 0.102 0.491 0.022 0.006 0.038 0.015 
379 NS_SS1450    (3)    6 :  0.016 0.621 0.031 0.015 0.055 0.006 0.240 0.016 
380 NS_SS1396    (0)    6 :  0.048 0.213 0.155 0.028 0.082 0.010 0.019 0.445 
381 NS_SS1393    (5)    6 :  0.795 0.011 0.082 0.017 0.048 0.006 0.015 0.026 
382 NS_SS1392   (10)    6 :  0.007 0.043 0.818 0.010 0.020 0.027 0.034 0.041 
383 NS_SS1445    (0)    6 :  0.701 0.066 0.034 0.016 0.142 0.012 0.014 0.014 
384 NS_SS1423    (0)    6 :  0.089 0.113 0.229 0.181 0.023 0.003 0.327 0.035 
385 NS_SS1421    (9)    6 :  0.015 0.728 0.008 0.009 0.007 0.070 0.155 0.008 
386 NS_SS1411    (6)    6 :  0.127 0.012 0.017 0.011 0.217 0.003 0.604 0.010 
387 NS_SS1453    (6)    6 :  0.409 0.376 0.104 0.029 0.009 0.010 0.023 0.040 
388 NS_SS1442    (3)    6 :  0.104 0.013 0.073 0.049 0.669 0.005 0.056 0.031 
389 NS_SS1422    (1)    6 :  0.030 0.013 0.090 0.816 0.013 0.016 0.016 0.006 
390 NS_SS1419    (1)    6 :  0.037 0.020 0.007 0.665 0.041 0.154 0.056 0.020 
391 NS_SS1427    (0)    6 :  0.342 0.035 0.214 0.009 0.009 0.002 0.372 0.016 
392 NS_SS1444    (4)    6 :  0.019 0.014 0.073 0.040 0.041 0.006 0.049 0.760 
393 NS_SS1455    (0)    6 :  0.039 0.051 0.019 0.658 0.042 0.002 0.043 0.145 
394 NS_SS1425    (2)    6 :  0.137 0.014 0.016 0.021 0.022 0.003 0.781 0.006 
395 NS_SS1400    (0)    6 :  0.671 0.009 0.005 0.032 0.177 0.003 0.091 0.012 
396 NS_SS1406    (2)    6 :  0.008 0.081 0.013 0.853 0.014 0.013 0.005 0.014 
397 NS_SS1417    (6)    6 :  0.616 0.120 0.023 0.130 0.036 0.009 0.034 0.032 
398 NS_SS1454    (3)    6 :  0.190 0.337 0.029 0.026 0.096 0.002 0.271 0.048 
399 NS_SS1412    (1)    6 :  0.134 0.017 0.032 0.053 0.068 0.045 0.312 0.339 
400 NS_SS1438    (1)    6 :  0.819 0.011 0.037 0.047 0.050 0.002 0.029 0.005 
401 NS_SS1416    (4)    6 :  0.548 0.057 0.074 0.147 0.027 0.012 0.016 0.119 
402 NS_SS1401    (0)    6 :  0.013 0.584 0.072 0.115 0.026 0.026 0.045 0.120 
403 NS_SS1424    (6)    6 :  0.163 0.014 0.104 0.123 0.180 0.020 0.334 0.062 
404 NS_SS1435   (10)    6 :  0.012 0.043 0.088 0.006 0.233 0.005 0.551 0.062 
405 NS_SS1447    (4)    6 :  0.012 0.328 0.026 0.027 0.430 0.010 0.017 0.150 
406 NS_SS1414    (3)    6 :  0.082 0.193 0.006 0.255 0.350 0.007 0.011 0.095 
407 NS_SS1449   (14)    6 :  0.006 0.047 0.458 0.410 0.011 0.008 0.050 0.010 
408 NS_SS1443    (4)    6 :  0.040 0.015 0.130 0.044 0.178 0.004 0.563 0.026 
409 NS_SS1434    (1)    6 :  0.015 0.015 0.497 0.014 0.008 0.001 0.320 0.131 
410 NS_SS1398    (1)    6 :  0.019 0.582 0.057 0.012 0.048 0.037 0.174 0.070 
411 NS_SS1426    (1)    6 :  0.677 0.053 0.076 0.010 0.104 0.005 0.057 0.018 
412 NS_SS1413    (0)    6 :  0.010 0.010 0.007 0.006 0.012 0.015 0.933 0.007 
413 NS_SS1395    (1)    6 :  0.125 0.108 0.391 0.012 0.299 0.012 0.045 0.009 
414 NS_SS1448   (10)    6 :  0.023 0.204 0.019 0.009 0.022 0.002 0.675 0.045 
415 NS_SS1446    (0)    6 :  0.177 0.062 0.593 0.053 0.022 0.005 0.061 0.027 
416 NS_SS1403    (2)    6 :  0.600 0.021 0.063 0.114 0.028 0.015 0.010 0.150 
417 NS_SS1415    (0)    6 :  0.010 0.009 0.015 0.009 0.242 0.012 0.697 0.007 
418 NS_SS1437    (4)    6 :  0.021 0.020 0.008 0.024 0.023 0.014 0.009 0.881 
419 NS_SS1439    (2)    6 :  0.037 0.016 0.047 0.055 0.823 0.004 0.007 0.012 
420 NS_SS1441    (3)    6 :  0.059 0.051 0.160 0.251 0.102 0.003 0.200 0.173 
421 NS_SS1420    (2)    6 :  0.012 0.016 0.059 0.334 0.525 0.005 0.016 0.032 
422 NS_SS1394    (2)    6 :  0.007 0.021 0.114 0.016 0.064 0.063 0.015 0.701 
423 NS_SS1391    (7)    6 :  0.083 0.113 0.231 0.022 0.202 0.019 0.106 0.222 
424 NS_SS1410    (5)    6 :  0.411 0.052 0.327 0.073 0.021 0.030 0.034 0.053 
425 NS_SS1408    (1)    6 :  0.012 0.750 0.057 0.012 0.077 0.067 0.013 0.012 
426 NS_SS1409    (1)    6 :  0.299 0.015 0.561 0.033 0.027 0.004 0.008 0.053 
427 HI_SS0617    (1)    7 :  0.043 0.014 0.776 0.061 0.014 0.003 0.017 0.073 
428 HI_SS0618    (2)    7 :  0.069 0.044 0.498 0.093 0.118 0.004 0.016 0.158 
429 HI_SS0619    (0)    7 :  0.020 0.024 0.040 0.031 0.045 0.005 0.153 0.682 
430 HI_SS0620    (1)    7 :  0.084 0.008 0.070 0.012 0.085 0.006 0.727 0.008 
431 HI_SS0621    (3)    7 :  0.051 0.063 0.543 0.151 0.046 0.028 0.009 0.109 
432 HI_SS0622    (1)    7 :  0.016 0.032 0.016 0.104 0.055 0.014 0.120 0.643 
433 HI_SS0626    (0)    7 :  0.028 0.028 0.094 0.073 0.313 0.015 0.105 0.345 
434 HI_SS0627    (0)    7 :  0.309 0.176 0.182 0.039 0.110 0.016 0.079 0.088 
435 HI_SS0628    (3)    7 :  0.202 0.304 0.038 0.006 0.012 0.083 0.330 0.025 
436 HI_SS0629    (1)    7 :  0.230 0.010 0.585 0.039 0.060 0.013 0.032 0.032 
437 HI_SS0630    (1)    7 :  0.123 0.041 0.032 0.027 0.407 0.063 0.235 0.072 
438 HI_SS0631    (0)    7 :  0.124 0.031 0.225 0.024 0.188 0.001 0.374 0.034 
439 HI_SS0632    (0)    7 :  0.016 0.114 0.032 0.024 0.046 0.007 0.720 0.040 
440 HI_SS0633    (0)    7 :  0.021 0.015 0.061 0.062 0.020 0.005 0.012 0.804 
441 HI_SS0634    (1)    7 :  0.017 0.184 0.628 0.009 0.091 0.003 0.054 0.014 
442 HI_SS0635    (0)    7 :  0.026 0.015 0.067 0.474 0.268 0.017 0.042 0.091 
443 HI_SS0637    (1)    7 :  0.018 0.049 0.198 0.032 0.675 0.005 0.010 0.014 
444 HI_SS0638    (0)    7 :  0.020 0.118 0.037 0.022 0.290 0.002 0.440 0.071 
445 HI_SS0639    (1)    7 :  0.015 0.052 0.604 0.015 0.108 0.075 0.024 0.106 
446 HI_SS0640    (1)    7 :  0.124 0.011 0.024 0.039 0.717 0.003 0.054 0.028 
447 HI_SS0641    (1)    7 :  0.117 0.009 0.032 0.033 0.675 0.009 0.095 0.030 
448 HI_SS0642    (0)    7 :  0.022 0.813 0.052 0.010 0.025 0.003 0.026 0.049 
449 HI_SS0645    (0)    7 :  0.012 0.003 0.052 0.574 0.008 0.001 0.244 0.106 
450 HI_SS0646    (1)    7 :  0.064 0.250 0.104 0.052 0.445 0.004 0.056 0.025 
451 HI_SS0647    (1)    7 :  0.021 0.863 0.008 0.018 0.012 0.002 0.049 0.027 
452 HI_SS0648    (0)    7 :  0.017 0.033 0.110 0.171 0.097 0.009 0.450 0.112 
453 HI_SS0649    (1)    7 :  0.485 0.026 0.109 0.052 0.053 0.004 0.015 0.257 
454 HI_SS0650    (1)    7 :  0.013 0.025 0.880 0.011 0.028 0.007 0.010 0.026 
455 HI_SS0651    (1)    7 :  0.087 0.028 0.043 0.579 0.060 0.009 0.032 0.164 
456 HI_SS0652    (1)    7 :  0.006 0.400 0.046 0.009 0.443 0.004 0.037 0.054 
457 NS_SS1371    (3)    7 :  0.112 0.018 0.784 0.035 0.015 0.010 0.013 0.012 
458 NS_SS1374    (0)    7 :  0.081 0.066 0.207 0.010 0.039 0.005 0.528 0.064 
459 NS_SS1337    (3)    7 :  0.021 0.776 0.132 0.023 0.007 0.005 0.028 0.008 
460 NS_SS1385    (5)    7 :  0.046 0.011 0.020 0.154 0.034 0.007 0.020 0.708 
461 NS_SS1388    (0)    7 :  0.103 0.010 0.013 0.013 0.006 0.012 0.009 0.834 
462 NS_SS1370    (1)    7 :  0.012 0.019 0.289 0.365 0.208 0.016 0.078 0.013 
463 NS_SS1389    (3)    7 :  0.011 0.011 0.005 0.031 0.018 0.004 0.006 0.913 
464 NS_SS1360    (1)    7 :  0.029 0.016 0.024 0.027 0.713 0.007 0.149 0.035 
465 NS_SS1330    (0)    7 :  0.009 0.010 0.031 0.030 0.894 0.004 0.011 0.010 
466 NS_SS1328    (9)    7 :  0.032 0.128 0.097 0.013 0.014 0.004 0.596 0.117 
467 NS_SS1384    (1)    7 :  0.116 0.317 0.023 0.117 0.320 0.006 0.091 0.009 
468 NS_SS1381    (0)    7 :  0.066 0.019 0.744 0.130 0.010 0.001 0.011 0.018 
469 NS_SS1375    (1)    7 :  0.013 0.014 0.371 0.005 0.230 0.001 0.044 0.322 
470 NS_SS1319   (11)    7 :  0.031 0.102 0.408 0.025 0.252 0.125 0.010 0.047 
471 NS_SS1326    (2)    7 :  0.080 0.047 0.053 0.010 0.030 0.016 0.745 0.018 
