

----------------------------------------------------
STRUCTURE by Pritchard, Stephens and Donnelly (2000)
     and Falush, Stephens and Pritchard (2003)
       Code by Pritchard, Falush and Hubisz
             Version 2.3.4 (Jul 2012)
----------------------------------------------------



Command line arguments:   /home/genobiwan/Documents/Programs/Structure/structure -m parameter_job_k3_r3 
Input File:    /media/genobiwan/Storage/Projets/Mackerel_NWA_2021/data_job_k3_r3

Run parameters:
   629 individuals
   4140 loci
   3 populations assumed
   10000 Burn-in period
   100000 Reps


--------------------------------------------
Proportion of membership of each pre-defined
 population in each of the 3 clusters

Given    Inferred Clusters       Number of
 Pop       1      2      3      Individuals

  1:     0.538  0.012  0.450       67
  2:     0.625  0.009  0.367       32
  3:     0.562  0.014  0.424       92
  4:     0.465  0.015  0.520       36
  5:     0.508  0.018  0.473       41
  6:     0.477  0.013  0.510      158
  7:     0.506  0.010  0.484       79
  8:     0.476  0.013  0.511       52
  9:     0.007  0.987  0.006       36
 10:     0.004  0.993  0.004       36
--------------------------------------------

Allele-freq. divergence among pops (Net nucleotide distance),
computed using point estimates of P.

      1       2       3      
 1      -    0.0047  0.0002  
 2   0.0047     -    0.0048  
 3   0.0002  0.0048     -    

Average distances (expected heterozygosity) between individuals in same cluster:
cluster  1  : 0.3184 
cluster  2  : 0.3057 
cluster  3  : 0.3186 

--------------------------------------------
Estimated Ln Prob of Data   = -2472166.6
Mean value of ln likelihood = -2467730.4
Variance of ln likelihood   = 8872.3
Mean value of alpha         = 0.0380

Mean value of Fst_1         = 0.0013
Mean value of Fst_2         = 0.0375
Mean value of Fst_3         = 0.0019


Inferred ancestry of individuals:
        Label (%Miss) Pop:  Inferred clusters
  1 NS_SS0963    (4)    1 :  0.778 0.005 0.217 
  2 NS_SS0983    (1)    1 :  0.012 0.004 0.984 
  3 NS_SS0719    (9)    1 :  0.137 0.006 0.857 
  4 NS_SS1001    (8)    1 :  0.633 0.007 0.360 
  5 NS_SS0936    (4)    1 :  0.616 0.003 0.381 
  6 NS_SS0955    (6)    1 :  0.054 0.004 0.942 
  7 NS_SS0944    (3)    1 :  0.049 0.002 0.949 
  8 NS_SS0945    (3)    1 :  0.828 0.007 0.164 
  9 NS_SS0922    (2)    1 :  0.905 0.026 0.069 
 10 NS_SS0929    (7)    1 :  0.115 0.003 0.882 
 11 NS_SS0956    (1)    1 :  0.979 0.003 0.017 
 12 NS_SS0906    (3)    1 :  0.517 0.004 0.479 
 13 NS_SS0721    (6)    1 :  0.797 0.005 0.199 
 14 NS_SS0982    (4)    1 :  0.922 0.017 0.061 
 15 NS_SS0923    (6)    1 :  0.723 0.005 0.272 
 16 NS_SS0905    (6)    1 :  0.166 0.002 0.833 
 17 NS_SS0925    (3)    1 :  0.728 0.004 0.268 
 18 NS_SS0947    (6)    1 :  0.944 0.004 0.052 
 19 NS_SS0926    (2)    1 :  0.018 0.001 0.981 
 20 NS_SS0918    (6)    1 :  0.962 0.002 0.036 
 21 NS_SS0966    (4)    1 :  0.742 0.048 0.210 
 22 NS_SS0938    (2)    1 :  0.965 0.001 0.034 
 23 NS_SS0917    (2)    1 :  0.203 0.046 0.751 
 24 NS_SS0957   (11)    1 :  0.889 0.006 0.105 
 25 NS_SS0987    (1)    1 :  0.714 0.228 0.059 
 26 NS_SS0717    (4)    1 :  0.971 0.002 0.027 
 27 NS_SS0986    (2)    1 :  0.946 0.003 0.050 
 28 NS_SS0953    (3)    1 :  0.905 0.015 0.080 
 29 NS_SS0907    (3)    1 :  0.660 0.045 0.295 
 30 NS_SS0974    (6)    1 :  0.148 0.003 0.848 
 31 NS_SS0989    (1)    1 :  0.034 0.001 0.965 
 32 NS_SS0991    (3)    1 :  0.072 0.002 0.926 
 33 NS_SS0994    (2)    1 :  0.008 0.002 0.990 
 34 NS_SS0931    (6)    1 :  0.039 0.010 0.951 
 35 NS_SS1000    (5)    1 :  0.979 0.003 0.017 
 36 NS_SS0919    (1)    1 :  0.087 0.003 0.910 
 37 NS_SS0949    (4)    1 :  0.021 0.001 0.978 
 38 NS_SS0960   (10)    1 :  0.016 0.006 0.978 
 39 NS_SS0716    (2)    1 :  0.990 0.005 0.005 
 40 NS_SS0924    (8)    1 :  0.054 0.017 0.929 
 41 NS_SS0935    (2)    1 :  0.008 0.008 0.984 
 42 NS_SS0952   (14)    1 :  0.025 0.033 0.942 
 43 NS_SS0962   (11)    1 :  0.985 0.006 0.009 
 44 NS_SS0973    (5)    1 :  0.102 0.004 0.894 
 45 NS_SS0722    (1)    1 :  0.960 0.003 0.038 
 46 NS_SS0979   (13)    1 :  0.871 0.002 0.127 
 47 NS_SS0993    (2)    1 :  0.724 0.019 0.257 
 48 NS_SS0958    (1)    1 :  0.091 0.002 0.906 
 49 NS_SS0988    (4)    1 :  0.746 0.005 0.250 
 50 NS_SS1003    (2)    1 :  0.948 0.007 0.044 
 51 NS_SS0976    (1)    1 :  0.049 0.002 0.949 
 52 NS_SS0964   (10)    1 :  0.971 0.002 0.027 
 53 NS_SS0939    (4)    1 :  0.975 0.005 0.020 
 54 NS_SS0990    (6)    1 :  0.876 0.003 0.121 
 55 NS_SS0984    (2)    1 :  0.979 0.002 0.019 
 56 NS_SS0980   (10)    1 :  0.298 0.002 0.700 
 57 NS_SS0978    (4)    1 :  0.427 0.003 0.570 
 58 NS_SS0951   (18)    1 :  0.309 0.003 0.687 
 59 NS_SS0913    (3)    1 :  0.816 0.039 0.146 
 60 NS_SS1002    (1)    1 :  0.958 0.033 0.009 
 61 NS_SS0948    (1)    1 :  0.812 0.036 0.152 
 62 NS_SS0916    (4)    1 :  0.072 0.006 0.923 
 63 NS_SS0995    (1)    1 :  0.732 0.003 0.265 
 64 NS_SS0927    (6)    1 :  0.384 0.004 0.612 
 65 NS_SS0992    (5)    1 :  0.130 0.003 0.867 
 66 NS_SS0912    (1)    1 :  0.671 0.002 0.326 
 67 NS_SS0981    (1)    1 :  0.832 0.003 0.164 
 68 NS_SS0729    (5)    2 :  0.007 0.003 0.990 
 69 NS_SS0967   (15)    2 :  0.680 0.011 0.308 
 70 NS_SS0941    (8)    2 :  0.304 0.077 0.620 
 71 NS_SS0768   (12)    2 :  0.976 0.004 0.020 
 72 NS_SS0726    (5)    2 :  0.008 0.007 0.985 
 73 NS_SS0763    (4)    2 :  0.035 0.002 0.962 
 74 NS_SS0730    (6)    2 :  0.986 0.003 0.011 
 75 NS_SS0774    (2)    2 :  0.986 0.001 0.013 
 76 NS_SS0723    (3)    2 :  0.889 0.002 0.109 
 77 NS_SS0940   (10)    2 :  0.114 0.008 0.878 
 78 NS_SS0762    (1)    2 :  0.969 0.003 0.028 
 79 NS_SS0766   (11)    2 :  0.288 0.013 0.699 
 80 NS_SS0724    (1)    2 :  0.974 0.004 0.022 
 81 NS_SS0769    (3)    2 :  0.942 0.004 0.054 
 82 NS_SS0777    (1)    2 :  0.694 0.015 0.291 
 83 NS_SS0734    (6)    2 :  0.228 0.021 0.751 
 84 NS_SS0737    (3)    2 :  0.977 0.005 0.018 
 85 NS_SS0732    (5)    2 :  0.860 0.004 0.136 
 86 NS_SS0728    (5)    2 :  0.713 0.009 0.277 
 87 NS_SS0735    (9)    2 :  0.854 0.007 0.139 
 88 NS_SS0725    (1)    2 :  0.963 0.007 0.029 
 89 NS_SS0788    (2)    2 :  0.649 0.001 0.349 
 90 NS_SS0778    (2)    2 :  0.685 0.002 0.314 
 91 NS_SS0792    (6)    2 :  0.677 0.006 0.317 
 92 NS_SS0943   (11)    2 :  0.019 0.007 0.975 
 93 NS_SS0791    (2)    2 :  0.152 0.017 0.831 
 94 NS_SS0790    (5)    2 :  0.994 0.003 0.004 
 95 NS_SS0731    (6)    2 :  0.976 0.010 0.014 
 96 NS_SS0727    (7)    2 :  0.028 0.002 0.970 
 97 NS_SS0779   (13)    2 :  0.759 0.005 0.236 
 98 NS_SS0776    (3)    2 :  0.627 0.006 0.367 
 99 NS_SS0775    (5)    2 :  0.980 0.006 0.014 
100 NS_SS0965    (3)    3 :  0.824 0.001 0.174 
101 NS_SS0754   (14)    3 :  0.065 0.012 0.923 
102 NS_SS0838    (5)    3 :  0.750 0.040 0.210 
103 NS_SS0839    (3)    3 :  0.986 0.004 0.011 
104 NS_SS0832    (4)    3 :  0.948 0.042 0.010 
105 NS_SS0820    (5)    3 :  0.987 0.005 0.007 
106 NS_SS0886    (9)    3 :  0.145 0.002 0.853 
107 NS_SS0748    (5)    3 :  0.427 0.008 0.565 
108 NS_SS0884    (9)    3 :  0.520 0.027 0.453 
109 NS_SS0752    (4)    3 :  0.485 0.002 0.513 
110 NS_SS0862    (1)    3 :  0.937 0.005 0.059 
111 NS_SS0787    (9)    3 :  0.025 0.007 0.968 
112 NS_SS0843    (6)    3 :  0.728 0.002 0.270 
113 NS_SS0856    (4)    3 :  0.968 0.003 0.030 
114 NS_SS0846    (2)    3 :  0.315 0.003 0.682 
115 NS_SS0825    (1)    3 :  0.918 0.009 0.073 
116 NS_SS0757    (3)    3 :  0.312 0.004 0.684 
117 NS_SS0876    (3)    3 :  0.738 0.215 0.048 
118 NS_SS0903   (10)    3 :  0.762 0.003 0.235 
119 NS_SS0875    (7)    3 :  0.959 0.003 0.038 
120 NS_SS0740    (5)    3 :  0.162 0.003 0.835 
121 NS_SS0811    (5)    3 :  0.954 0.007 0.039 
122 NS_SS0751    (1)    3 :  0.871 0.002 0.127 
123 NS_SS0891    (6)    3 :  0.962 0.005 0.033 
124 NS_SS0867    (2)    3 :  0.053 0.024 0.923 
125 NS_SS0890    (6)    3 :  0.134 0.004 0.862 
126 NS_SS0866   (12)    3 :  0.086 0.005 0.909 
127 NS_SS0755    (4)    3 :  0.485 0.007 0.509 
128 NS_SS0758    (4)    3 :  0.785 0.002 0.213 
129 NS_SS0840    (2)    3 :  0.990 0.002 0.008 
130 NS_SS0889    (4)    3 :  0.207 0.002 0.791 
131 NS_SS1010    (1)    3 :  0.797 0.039 0.164 
132 NS_SS0888    (5)    3 :  0.009 0.001 0.990 
133 NS_SS0837    (3)    3 :  0.763 0.003 0.234 
134 NS_SS0794   (10)    3 :  0.062 0.002 0.937 
135 NS_SS0823    (5)    3 :  0.970 0.003 0.026 
136 NS_SS0829    (7)    3 :  0.012 0.099 0.889 
137 NS_SS0844    (5)    3 :  0.984 0.002 0.014 
138 NS_SS1008    (6)    3 :  0.100 0.010 0.890 
139 NS_SS0881    (3)    3 :  0.366 0.003 0.632 
140 NS_SS0834    (6)    3 :  0.974 0.006 0.021 
141 NS_SS0744   (10)    3 :  0.358 0.006 0.636 
142 NS_SS0899    (7)    3 :  0.989 0.001 0.009 
143 NS_SS0804    (5)    3 :  0.985 0.004 0.011 
144 NS_SS0781   (10)    3 :  0.990 0.003 0.007 
145 NS_SS0822    (6)    3 :  0.097 0.002 0.901 
146 NS_SS1004    (4)    3 :  0.356 0.004 0.640 
147 NS_SS0746    (5)    3 :  0.401 0.013 0.587 
148 NS_SS0880    (3)    3 :  0.613 0.002 0.385 
149 NS_SS0879    (5)    3 :  0.919 0.012 0.069 
150 NS_SS0753    (2)    3 :  0.013 0.008 0.978 
151 NS_SS1007    (3)    3 :  0.453 0.001 0.546 
152 NS_SS0872    (5)    3 :  0.985 0.002 0.013 
153 NS_SS1005    (7)    3 :  0.971 0.001 0.028 
154 NS_SS0892    (6)    3 :  0.775 0.002 0.223 
155 NS_SS0898    (0)    3 :  0.058 0.006 0.936 
156 NS_SS0801    (9)    3 :  0.917 0.011 0.072 
157 NS_SS0827    (9)    3 :  0.499 0.133 0.368 
158 NS_SS0853    (7)    3 :  0.904 0.005 0.090 
159 NS_SS0780    (2)    3 :  0.926 0.004 0.070 
160 NS_SS0826   (10)    3 :  0.720 0.003 0.277 
161 NS_SS0818    (5)    3 :  0.856 0.002 0.142 
162 NS_SS0745    (1)    3 :  0.993 0.001 0.006 
163 NS_SS0849    (3)    3 :  0.883 0.001 0.115 
164 NS_SS0739    (3)    3 :  0.873 0.015 0.112 
165 NS_SS0799    (1)    3 :  0.012 0.001 0.987 
166 NS_SS0756    (3)    3 :  0.986 0.004 0.010 
167 NS_SS0802    (2)    3 :  0.395 0.207 0.397 
168 NS_SS0747    (6)    3 :  0.263 0.006 0.732 
169 NS_SS0835    (1)    3 :  0.021 0.001 0.978 
170 NS_SS0742   (19)    3 :  0.836 0.001 0.163 
171 NS_SS0760    (9)    3 :  0.040 0.037 0.923 
172 NS_SS0803    (4)    3 :  0.954 0.007 0.039 
173 NS_SS0828   (14)    3 :  0.059 0.001 0.939 
174 NS_SS0865    (2)    3 :  0.750 0.028 0.222 
175 NS_SS0759    (5)    3 :  0.985 0.004 0.011 
176 NS_SS0851    (5)    3 :  0.986 0.010 0.004 
177 NS_SS0874   (16)    3 :  0.931 0.001 0.067 
178 NS_SS0761    (6)    3 :  0.063 0.003 0.934 
179 NS_SS0842   (26)    3 :  0.174 0.008 0.818 
180 NS_SS0785    (6)    3 :  0.271 0.006 0.723 
181 NS_SS0860   (11)    3 :  0.082 0.002 0.916 
182 NS_SS0897    (7)    3 :  0.015 0.002 0.983 
183 NS_SS0841   (15)    3 :  0.970 0.003 0.027 
184 NS_SS0797    (7)    3 :  0.166 0.025 0.809 
185 NS_SS0830   (11)    3 :  0.463 0.002 0.535 
186 NS_SS1011    (5)    3 :  0.980 0.006 0.014 
187 NS_SS0883    (5)    3 :  0.121 0.006 0.873 
188 NS_SS0782    (2)    3 :  0.894 0.002 0.104 
189 NS_SS0831    (5)    3 :  0.029 0.003 0.968 
190 NS_SS0749    (7)    3 :  0.087 0.004 0.909 
191 NS_SS0854    (2)    3 :  0.107 0.002 0.891 
192 HI_SS0193    (0)    4 :  0.016 0.002 0.982 
193 HI_SS0194    (1)    4 :  0.962 0.001 0.036 
194 HI_SS0195   (10)    4 :  0.909 0.084 0.007 
195 HI_SS0196    (6)    4 :  0.543 0.003 0.454 
196 HI_SS0197    (3)    4 :  0.974 0.012 0.014 
197 HI_SS0198    (1)    4 :  0.490 0.010 0.499 
198 HI_SS0199    (1)    4 :  0.029 0.002 0.969 
199 HI_SS0201    (5)    4 :  0.009 0.002 0.989 
200 HI_SS0215    (1)    4 :  0.119 0.003 0.878 
201 HI_SS0218    (1)    4 :  0.007 0.005 0.989 
202 HI_SS0222    (0)    4 :  0.948 0.004 0.048 
203 HI_SS0230    (1)    4 :  0.947 0.005 0.049 
204 HI_SS0234    (2)    4 :  0.426 0.159 0.415 
205 HI_SS0240    (1)    4 :  0.636 0.009 0.355 
206 HI_SS0241    (0)    4 :  0.034 0.002 0.964 
207 HI_SS0242    (0)    4 :  0.292 0.003 0.705 
208 HI_SS0247    (0)    4 :  0.920 0.020 0.060 
209 HI_SS0248    (1)    4 :  0.009 0.001 0.990 
210 HI_SS0252    (2)    4 :  0.937 0.002 0.061 
211 HI_SS0254    (0)    4 :  0.011 0.082 0.907 
212 HI_SS0256    (0)    4 :  0.994 0.001 0.004 
213 HI_SS0257    (0)    4 :  0.015 0.003 0.982 
214 HI_SS0258    (1)    4 :  0.018 0.004 0.978 
215 HI_SS0259    (1)    4 :  0.907 0.002 0.091 
216 HI_SS0260    (1)    4 :  0.028 0.001 0.971 
217 HI_SS0261    (2)    4 :  0.045 0.003 0.952 
218 HI_SS0262    (0)    4 :  0.948 0.006 0.045 
219 HI_SS0264    (0)    4 :  0.985 0.003 0.011 
220 HI_SS0265    (0)    4 :  0.867 0.092 0.042 
221 HI_SS0268    (1)    4 :  0.916 0.003 0.081 
222 HI_SS0269    (0)    4 :  0.007 0.001 0.991 
223 HI_SS0273    (0)    4 :  0.057 0.002 0.941 
224 HI_SS0277    (1)    4 :  0.816 0.003 0.181 
225 HI_SS0280    (0)    4 :  0.513 0.006 0.482 
226 HI_SS0282    (1)    4 :  0.037 0.001 0.962 
227 HI_SS0286    (1)    4 :  0.361 0.009 0.630 
228 NS_SS1252    (3)    5 :  0.016 0.003 0.981 
229 NS_SS1261    (1)    5 :  0.879 0.013 0.109 
230 NS_SS1225   (10)    5 :  0.221 0.102 0.677 
231 NS_SS1266    (1)    5 :  0.985 0.006 0.008 
232 NS_SS1228    (0)    5 :  0.927 0.013 0.060 
233 NS_SS1255    (3)    5 :  0.818 0.001 0.181 
234 NS_SS1267    (3)    5 :  0.005 0.012 0.983 
235 NS_SS1238    (6)    5 :  0.715 0.002 0.283 
236 NS_SS1233    (8)    5 :  0.939 0.002 0.059 
237 NS_SS1277    (3)    5 :  0.013 0.001 0.986 
238 NS_SS1245    (1)    5 :  0.066 0.002 0.932 
239 NS_SS1240    (4)    5 :  0.019 0.002 0.979 
240 NS_SS1275    (2)    5 :  0.990 0.003 0.007 
241 NS_SS1235    (1)    5 :  0.428 0.006 0.566 
242 NS_SS1263    (1)    5 :  0.855 0.001 0.144 
243 NS_SS1251    (2)    5 :  0.811 0.002 0.187 
244 NS_SS1248    (0)    5 :  0.755 0.085 0.160 
245 NS_SS1244    (0)    5 :  0.043 0.005 0.952 
246 NS_SS1257    (1)    5 :  0.072 0.031 0.897 
247 NS_SS1242    (2)    5 :  0.993 0.002 0.006 
248 NS_SS1271    (6)    5 :  0.006 0.021 0.973 
249 NS_SS1265    (1)    5 :  0.513 0.018 0.468 
250 NS_SS1243    (0)    5 :  0.871 0.076 0.053 
251 NS_SS1273    (1)    5 :  0.982 0.008 0.011 
252 NS_SS1254   (14)    5 :  0.607 0.006 0.387 
253 NS_SS1224    (1)    5 :  0.975 0.005 0.020 
254 NS_SS1227    (8)    5 :  0.010 0.001 0.989 
255 NS_SS1274    (9)    5 :  0.036 0.014 0.949 
256 NS_SS1241    (1)    5 :  0.021 0.001 0.978 
257 NS_SS1256    (3)    5 :  0.761 0.034 0.205 
258 NS_SS1260    (8)    5 :  0.078 0.068 0.853 
259 NS_SS1262    (0)    5 :  0.105 0.171 0.724 
260 NS_SS1230    (0)    5 :  0.231 0.007 0.762 
261 NS_SS1270    (2)    5 :  0.960 0.002 0.038 
262 NS_SS1229    (2)    5 :  0.739 0.003 0.257 
263 NS_SS1246    (5)    5 :  0.035 0.003 0.962 
264 NS_SS1269    (0)    5 :  0.811 0.002 0.187 
265 NS_SS1239    (1)    5 :  0.690 0.005 0.305 
266 NS_SS1272    (5)    5 :  0.952 0.005 0.043 
267 NS_SS1268    (1)    5 :  0.899 0.002 0.099 
268 NS_SS1249    (1)    5 :  0.008 0.010 0.982 
269 HI_SS0559    (0)    6 :  0.142 0.001 0.856 
270 HI_SS0563    (1)    6 :  0.464 0.003 0.533 
271 HI_SS0564    (0)    6 :  0.535 0.060 0.405 
272 HI_SS0565    (0)    6 :  0.348 0.004 0.648 
273 HI_SS0569    (1)    6 :  0.015 0.002 0.982 
274 HI_SS0570    (0)    6 :  0.011 0.034 0.956 
275 HI_SS0572    (1)    6 :  0.938 0.002 0.060 
276 HI_SS0576    (1)    6 :  0.857 0.005 0.138 
277 HI_SS0579    (1)    6 :  0.040 0.014 0.945 
278 HI_SS0580    (1)    6 :  0.223 0.004 0.773 
279 HI_SS0581    (0)    6 :  0.930 0.057 0.013 
280 HI_SS0583    (1)    6 :  0.436 0.002 0.562 
281 HI_SS0586    (1)    6 :  0.014 0.001 0.985 
282 HI_SS0588    (1)    6 :  0.046 0.016 0.938 
283 HI_SS0595    (4)    6 :  0.065 0.021 0.914 
284 HI_SS0596    (0)    6 :  0.976 0.002 0.022 
285 HI_SS0597    (1)    6 :  0.979 0.002 0.019 
286 HI_SS0600    (0)    6 :  0.234 0.004 0.762 
287 HI_SS0601    (1)    6 :  0.073 0.012 0.915 
288 HI_SS0602    (1)    6 :  0.180 0.002 0.817 
289 HI_SS0604    (0)    6 :  0.768 0.002 0.231 
290 HI_SS0605    (1)    6 :  0.245 0.008 0.747 
291 HI_SS0608    (0)    6 :  0.155 0.001 0.843 
292 HI_SS0609    (0)    6 :  0.975 0.001 0.024 
293 HI_SS0611    (5)    6 :  0.079 0.003 0.918 
294 HI_SS0612    (0)    6 :  0.077 0.007 0.915 
295 HI_SS0613    (1)    6 :  0.916 0.001 0.082 
296 HI_SS0615    (1)    6 :  0.910 0.011 0.078 
297 HI_SS0001    (1)    6 :  0.148 0.004 0.848 
298 HI_SS0002    (1)    6 :  0.934 0.028 0.038 
299 HI_SS0004    (0)    6 :  0.213 0.005 0.782 
300 HI_SS0005    (1)    6 :  0.771 0.006 0.222 
301 HI_SS0006    (1)    6 :  0.561 0.001 0.438 
302 HI_SS0007    (1)    6 :  0.017 0.002 0.981 
303 HI_SS0008    (0)    6 :  0.240 0.049 0.711 
304 HI_SS0009    (0)    6 :  0.771 0.004 0.225 
305 HI_SS0010    (1)    6 :  0.037 0.003 0.960 
306 HI_SS0011    (1)    6 :  0.851 0.073 0.076 
307 HI_SS0012    (0)    6 :  0.920 0.006 0.074 
308 HI_SS0017    (1)    6 :  0.950 0.002 0.049 
309 HI_SS0021    (1)    6 :  0.507 0.240 0.253 
310 HI_SS0024    (1)    6 :  0.954 0.002 0.044 
311 HI_SS0025    (1)    6 :  0.980 0.003 0.017 
312 HI_SS0027    (0)    6 :  0.011 0.011 0.978 
313 HI_SS0028    (0)    6 :  0.988 0.002 0.010 
314 HI_SS0029    (1)    6 :  0.889 0.007 0.103 
315 HI_SS0030    (2)    6 :  0.020 0.004 0.975 
316 HI_SS0031    (0)    6 :  0.136 0.004 0.860 
317 HI_SS0034    (0)    6 :  0.011 0.004 0.985 
318 HI_SS0036    (0)    6 :  0.024 0.011 0.965 
319 HI_SS0037    (1)    6 :  0.467 0.004 0.528 
320 HI_SS0039    (0)    6 :  0.075 0.003 0.922 
321 HI_SS0041    (1)    6 :  0.980 0.002 0.018 
322 HI_SS0042    (1)    6 :  0.826 0.115 0.059 
323 HI_SS0043    (1)    6 :  0.010 0.003 0.987 
324 HI_SS0044    (1)    6 :  0.737 0.002 0.261 
325 HI_SS0047    (1)    6 :  0.937 0.002 0.061 
326 HI_SS0049    (1)    6 :  0.879 0.003 0.118 
327 HI_SS0051    (1)    6 :  0.764 0.002 0.233 
328 HI_SS0053    (1)    6 :  0.009 0.004 0.986 
329 HI_SS0054    (4)    6 :  0.007 0.003 0.990 
330 HI_SS0057    (0)    6 :  0.435 0.004 0.561 
331 HI_SS0058    (0)    6 :  0.438 0.006 0.557 
332 HI_SS0060    (0)    6 :  0.060 0.089 0.851 
333 HI_SS0087    (1)    6 :  0.615 0.002 0.383 
334 HI_SS0091    (1)    6 :  0.014 0.001 0.985 
335 HI_SS0095    (1)    6 :  0.114 0.056 0.831 
336 HI_SS0097    (3)    6 :  0.406 0.004 0.589 
337 HI_SS0099    (1)    6 :  0.980 0.004 0.016 
338 HI_SS0103    (0)    6 :  0.890 0.003 0.107 
339 HI_SS0105    (1)    6 :  0.877 0.023 0.099 
340 HI_SS0107    (1)    6 :  0.984 0.001 0.015 
341 HI_SS0108    (1)    6 :  0.006 0.018 0.976 
342 HI_SS0110    (0)    6 :  0.237 0.001 0.762 
343 HI_SS0111    (1)    6 :  0.890 0.027 0.084 
344 HI_SS0112    (0)    6 :  0.005 0.001 0.993 
345 HI_SS0113    (1)    6 :  0.990 0.003 0.007 
346 HI_SS0114    (1)    6 :  0.032 0.005 0.963 
347 HI_SS0115    (1)    6 :  0.155 0.018 0.827 
348 HI_SS0116    (4)    6 :  0.124 0.003 0.873 
349 HI_SS0117    (0)    6 :  0.101 0.002 0.896 
350 HI_SS0118    (0)    6 :  0.437 0.012 0.551 
351 HI_SS0119    (1)    6 :  0.018 0.002 0.980 
352 HI_SS0120    (1)    6 :  0.989 0.003 0.008 
353 HI_SS0121    (0)    6 :  0.991 0.001 0.008 
354 HI_SS0122    (2)    6 :  0.876 0.019 0.105 
355 HI_SS0123    (0)    6 :  0.640 0.005 0.355 
356 HI_SS0124    (1)    6 :  0.973 0.002 0.025 
357 HI_SS0125    (1)    6 :  0.921 0.033 0.046 
358 HI_SS0126    (0)    6 :  0.013 0.001 0.987 
359 HI_SS0127    (0)    6 :  0.180 0.010 0.810 
360 HI_SS0128    (0)    6 :  0.383 0.002 0.615 
361 HI_SS0129    (1)    6 :  0.501 0.010 0.489 
362 HI_SS0131    (2)    6 :  0.390 0.034 0.576 
363 HI_SS0132    (0)    6 :  0.340 0.001 0.659 
364 HI_SS0133    (1)    6 :  0.004 0.001 0.995 
365 HI_SS0134    (1)    6 :  0.214 0.002 0.784 
366 HI_SS0142    (3)    6 :  0.836 0.016 0.148 
367 HI_SS0145    (0)    6 :  0.108 0.001 0.890 
368 HI_SS0146    (1)    6 :  0.026 0.001 0.973 
369 HI_SS0147    (1)    6 :  0.975 0.018 0.007 
370 HI_SS0149    (1)    6 :  0.569 0.005 0.426 
371 HI_SS0150    (2)    6 :  0.954 0.004 0.042 
372 HI_SS0151    (0)    6 :  0.064 0.014 0.923 
373 NS_SS1451    (1)    6 :  0.983 0.003 0.014 
374 NS_SS1404    (0)    6 :  0.974 0.010 0.017 
375 NS_SS1432    (2)    6 :  0.962 0.028 0.010 
376 NS_SS1405    (5)    6 :  0.925 0.003 0.072 
377 NS_SS1431   (10)    6 :  0.986 0.001 0.013 
378 NS_SS1402    (3)    6 :  0.739 0.003 0.258 
379 NS_SS1450    (3)    6 :  0.084 0.004 0.912 
380 NS_SS1396    (0)    6 :  0.956 0.005 0.038 
381 NS_SS1393    (5)    6 :  0.558 0.004 0.438 
382 NS_SS1392   (10)    6 :  0.857 0.015 0.128 
383 NS_SS1445    (0)    6 :  0.060 0.009 0.930 
384 NS_SS1423    (0)    6 :  0.026 0.001 0.972 
385 NS_SS1421    (9)    6 :  0.138 0.101 0.761 
386 NS_SS1411    (6)    6 :  0.059 0.001 0.940 
387 NS_SS1453    (6)    6 :  0.280 0.006 0.715 
388 NS_SS1442    (3)    6 :  0.864 0.004 0.132 
389 NS_SS1422    (1)    6 :  0.080 0.013 0.907 
390 NS_SS1419    (1)    6 :  0.753 0.172 0.075 
391 NS_SS1427    (0)    6 :  0.006 0.002 0.993 
392 NS_SS1444    (4)    6 :  0.980 0.003 0.017 
393 NS_SS1455    (0)    6 :  0.989 0.001 0.010 
394 NS_SS1425    (2)    6 :  0.014 0.001 0.984 
395 NS_SS1400    (0)    6 :  0.169 0.002 0.829 
396 NS_SS1406    (2)    6 :  0.971 0.008 0.021 
397 NS_SS1417    (6)    6 :  0.856 0.007 0.137 
398 NS_SS1454    (3)    6 :  0.732 0.001 0.267 
399 NS_SS1412    (1)    6 :  0.406 0.026 0.568 
400 NS_SS1438    (1)    6 :  0.019 0.001 0.980 
401 NS_SS1416    (4)    6 :  0.974 0.005 0.021 
402 NS_SS1401    (0)    6 :  0.821 0.014 0.166 
403 NS_SS1424    (6)    6 :  0.329 0.013 0.658 
404 NS_SS1435   (10)    6 :  0.245 0.003 0.752 
405 NS_SS1447    (4)    6 :  0.987 0.004 0.008 
406 NS_SS1414    (3)    6 :  0.986 0.006 0.008 
407 NS_SS1449   (14)    6 :  0.191 0.005 0.805 
408 NS_SS1443    (4)    6 :  0.006 0.002 0.992 
409 NS_SS1434    (1)    6 :  0.133 0.001 0.867 
410 NS_SS1398    (1)    6 :  0.489 0.022 0.489 
411 NS_SS1426    (1)    6 :  0.015 0.002 0.983 
412 NS_SS1413    (0)    6 :  0.009 0.009 0.982 
413 NS_SS1395    (1)    6 :  0.019 0.009 0.971 
414 NS_SS1448   (10)    6 :  0.198 0.002 0.800 
415 NS_SS1446    (0)    6 :  0.579 0.003 0.419 
416 NS_SS1403    (2)    6 :  0.719 0.007 0.274 
417 NS_SS1415    (0)    6 :  0.009 0.008 0.984 
418 NS_SS1437    (4)    6 :  0.773 0.008 0.219 
419 NS_SS1439    (2)    6 :  0.894 0.002 0.103 
420 NS_SS1441    (3)    6 :  0.031 0.002 0.967 
421 NS_SS1420    (2)    6 :  0.983 0.003 0.014 
422 NS_SS1394    (2)    6 :  0.925 0.034 0.041 
423 NS_SS1391    (7)    6 :  0.171 0.011 0.818 
424 NS_SS1410    (5)    6 :  0.562 0.014 0.424 
425 NS_SS1408    (1)    6 :  0.279 0.058 0.663 
426 NS_SS1409    (1)    6 :  0.622 0.002 0.376 
427 HI_SS0617    (1)    7 :  0.339 0.001 0.660 
428 HI_SS0618    (2)    7 :  0.867 0.002 0.131 
429 HI_SS0619    (0)    7 :  0.877 0.003 0.120 
430 HI_SS0620    (1)    7 :  0.008 0.003 0.989 
431 HI_SS0621    (3)    7 :  0.939 0.014 0.047 
432 HI_SS0622    (1)    7 :  0.481 0.011 0.507 
433 HI_SS0626    (0)    7 :  0.864 0.008 0.127 
434 HI_SS0627    (0)    7 :  0.980 0.006 0.014 
435 HI_SS0628    (3)    7 :  0.531 0.058 0.411 
436 HI_SS0629    (1)    7 :  0.602 0.006 0.392 
437 HI_SS0630    (1)    7 :  0.097 0.052 0.851 
438 HI_SS0631    (0)    7 :  0.020 0.001 0.979 
439 HI_SS0632    (0)    7 :  0.479 0.003 0.518 
440 HI_SS0633    (0)    7 :  0.987 0.003 0.010 
441 HI_SS0634    (1)    7 :  0.817 0.002 0.181 
442 HI_SS0635    (0)    7 :  0.937 0.010 0.053 
443 HI_SS0637    (1)    7 :  0.800 0.003 0.197 
444 HI_SS0638    (0)    7 :  0.539 0.001 0.460 
445 HI_SS0639    (1)    7 :  0.937 0.037 0.026 
446 HI_SS0640    (1)    7 :  0.057 0.001 0.942 
447 HI_SS0641    (1)    7 :  0.127 0.005 0.868 
448 HI_SS0642    (0)    7 :  0.438 0.002 0.560 
449 HI_SS0645    (0)    7 :  0.982 0.001 0.017 
450 HI_SS0646    (1)    7 :  0.364 0.003 0.634 
451 HI_SS0647    (1)    7 :  0.420 0.001 0.578 
452 HI_SS0648    (0)    7 :  0.154 0.003 0.843 
453 HI_SS0649    (1)    7 :  0.901 0.002 0.097 
454 HI_SS0650    (1)    7 :  0.865 0.004 0.131 
455 HI_SS0651    (1)    7 :  0.094 0.004 0.902 
456 HI_SS0652    (1)    7 :  0.979 0.003 0.018 
457 NS_SS1371    (3)    7 :  0.020 0.006 0.975 
458 NS_SS1374    (0)    7 :  0.200 0.002 0.797 
459 NS_SS1337    (3)    7 :  0.976 0.003 0.020 
460 NS_SS1385    (5)    7 :  0.627 0.004 0.369 
461 NS_SS1388    (0)    7 :  0.954 0.006 0.040 
462 NS_SS1370    (1)    7 :  0.794 0.009 0.198 
463 NS_SS1389    (3)    7 :  0.982 0.003 0.015 
464 NS_SS1360    (1)    7 :  0.056 0.004 0.940 
465 NS_SS1330    (0)    7 :  0.975 0.003 0.022 
466 NS_SS1328    (9)    7 :  0.031 0.002 0.967 
467 NS_SS1384    (1)    7 :  0.058 0.003 0.938 
468 NS_SS1381    (0)    7 :  0.959 0.001 0.040 
469 NS_SS1375    (1)    7 :  0.962 0.001 0.037 
470 NS_SS1319   (11)    7 :  0.233 0.107 0.660 
471 NS_SS1326    (2)    7 :  0.084 0.008 0.908 
472 NS_SS1341    (1)    7 :  0.544 0.005 0.451 
473 NS_SS1383    (2)    7 :  0.246 0.005 0.749 
474 NS_SS1318    (3)    7 :  0.892 0.015 0.093 
475 NS_SS1348    (2)    7 :  0.009 0.001 0.990 
476 NS_SS1363    (0)    7 :  0.908 0.005 0.088 
477 NS_SS1335    (4)    7 :  0.009 0.020 0.971 
478 NS_SS1358    (0)    7 :  0.044 0.014 0.943 
479 NS_SS1342    (1)    7 :  0.121 0.001 0.878 
480 NS_SS1320    (3)    7 :  0.984 0.006 0.010 
481 NS_SS1355    (1)    7 :  0.968 0.012 0.020 
482 NS_SS1345    (1)    7 :  0.384 0.021 0.596 
483 NS_SS1324    (0)    7 :  0.082 0.002 0.916 
484 NS_SS1347    (5)    7 :  0.048 0.003 0.949 
485 NS_SS1321    (4)    7 :  0.343 0.001 0.656 
486 NS_SS1333    (0)    7 :  0.376 0.003 0.621 
487 NS_SS1364    (1)    7 :  0.076 0.002 0.922 
488 NS_SS1379    (0)    7 :  0.811 0.055 0.134 
489 NS_SS1332    (0)    7 :  0.011 0.005 0.984 
490 NS_SS1338    (5)    7 :  0.138 0.007 0.856 
491 NS_SS1368    (6)    7 :  0.214 0.005 0.781 
492 NS_SS1354    (1)    7 :  0.934 0.011 0.055 
493 NS_SS1365    (0)    7 :  0.884 0.007 0.108 
494 NS_SS1380    (1)    7 :  0.974 0.016 0.010 
495 NS_SS1329    (8)    7 :  0.258 0.004 0.738 
496 NS_SS1362    (0)    7 :  0.483 0.004 0.513 
497 NS_SS1327    (2)    7 :  0.004 0.003 0.993 
498 NS_SS1350    (0)    7 :  0.094 0.011 0.895 
499 NS_SS1387    (2)    7 :  0.960 0.002 0.038 
500 NS_SS1369    (8)    7 :  0.028 0.003 0.969 
501 NS_SS1331    (1)    7 :  0.899 0.008 0.093 
502 NS_SS1357    (5)    7 :  0.110 0.004 0.886 
503 NS_SS1386    (1)    7 :  0.004 0.002 0.993 
504 NS_SS1353    (2)    7 :  0.965 0.003 0.032 
505 NS_SS1323    (0)    7 :  0.792 0.070 0.138 
506 HI_SS0296    (0)    8 :  0.018 0.002 0.980 
507 HI_SS0297    (0)    8 :  0.269 0.001 0.730 
508 HI_SS0299    (0)    8 :  0.273 0.032 0.695 
509 HI_SS0300    (0)    8 :  0.202 0.001 0.797 
510 HI_SS0301    (0)    8 :  0.719 0.003 0.278 
511 HI_SS0302    (0)    8 :  0.041 0.018 0.942 
512 HI_SS0303    (0)    8 :  0.033 0.005 0.962 
513 HI_SS0304    (0)    8 :  0.971 0.002 0.028 
514 HI_SS0306    (5)    8 :  0.008 0.003 0.988 
515 HI_SS0307    (1)    8 :  0.974 0.008 0.018 
516 HI_SS0308    (1)    8 :  0.451 0.091 0.458 
517 HI_SS0309    (0)    8 :  0.796 0.004 0.200 
518 HI_SS0310    (0)    8 :  0.720 0.006 0.274 
519 HI_SS0311    (4)    8 :  0.749 0.002 0.249 
520 HI_SS0314    (0)    8 :  0.278 0.001 0.721 
521 HI_SS0316    (1)    8 :  0.133 0.005 0.862 
522 HI_SS0317    (3)    8 :  0.702 0.002 0.296 
523 HI_SS0318    (1)    8 :  0.050 0.194 0.756 
524 HI_SS0319    (0)    8 :  0.005 0.004 0.991 
525 HI_SS0320    (3)    8 :  0.989 0.001 0.010 
526 HI_SS0321    (0)    8 :  0.098 0.001 0.901 
527 HI_SS0323    (1)    8 :  0.651 0.002 0.348 
528 HI_SS0325    (2)    8 :  0.155 0.002 0.843 
529 HI_SS0327    (1)    8 :  0.005 0.001 0.993 
530 HI_SS0329    (1)    8 :  0.930 0.001 0.069 
531 HI_SS0333    (1)    8 :  0.807 0.003 0.190 
532 HI_SS0334    (1)    8 :  0.022 0.001 0.977 
533 HI_SS0335    (1)    8 :  0.914 0.021 0.065 
534 HI_SS0339    (0)    8 :  0.946 0.010 0.044 
535 HI_SS0343    (2)    8 :  0.830 0.002 0.168 
536 HI_SS0344    (1)    8 :  0.005 0.003 0.993 
537 HI_SS0345    (3)    8 :  0.907 0.007 0.086 
538 HI_SS0346    (0)    8 :  0.821 0.003 0.176 
539 HI_SS0350    (1)    8 :  0.982 0.008 0.010 
540 HI_SS0351    (0)    8 :  0.703 0.003 0.294 
541 HI_SS0352    (3)    8 :  0.855 0.087 0.058 
542 HI_SS0362    (0)    8 :  0.109 0.002 0.889 
543 HI_SS0363    (1)    8 :  0.010 0.002 0.988 
544 HI_SS0365    (0)    8 :  0.063 0.004 0.933 
545 HI_SS0366    (0)    8 :  0.020 0.002 0.978 
546 HI_SS0367    (1)    8 :  0.992 0.002 0.006 
547 HI_SS0369    (1)    8 :  0.980 0.002 0.018 
548 HI_SS0370    (0)    8 :  0.129 0.003 0.868 
549 HI_SS0371    (4)    8 :  0.081 0.004 0.915 
550 HI_SS0373    (3)    8 :  0.666 0.011 0.323 
551 HI_SS0374    (0)    8 :  0.955 0.024 0.021 
552 HI_SS0377    (0)    8 :  0.026 0.075 0.898 
553 HI_SS0379    (1)    8 :  0.004 0.001 0.996 
554 HI_SS0380    (1)    8 :  0.919 0.007 0.075 
555 HI_SS0381    (2)    8 :  0.973 0.004 0.024 
556 HI_SS0384    (3)    8 :  0.165 0.006 0.828 
557 HI_SS0385    (1)    8 :  0.643 0.001 0.356 
558 HI_SS0386    (0)    9 :  0.002 0.997 0.002 
559 HI_SS0387    (0)    9 :  0.015 0.974 0.012 
560 HI_SS0389    (2)    9 :  0.004 0.993 0.004 
561 HI_SS0390    (2)    9 :  0.002 0.996 0.002 
562 HI_SS0391    (3)    9 :  0.002 0.995 0.002 
563 HI_SS0392    (0)    9 :  0.002 0.997 0.001 
564 HI_SS0393    (2)    9 :  0.001 0.997 0.002 
565 HI_SS0394    (2)    9 :  0.001 0.997 0.001 
566 HI_SS0395    (2)    9 :  0.004 0.992 0.003 
567 HI_SS0396    (2)    9 :  0.015 0.978 0.008 
568 HI_SS0398    (2)    9 :  0.006 0.987 0.006 
569 HI_SS0399    (2)    9 :  0.001 0.998 0.001 
570 HI_SS0400    (3)    9 :  0.002 0.996 0.002 
571 HI_SS0401    (5)    9 :  0.001 0.997 0.002 
572 HI_SS0402    (0)    9 :  0.002 0.997 0.001 
573 HI_SS0403    (0)    9 :  0.001 0.997 0.001 
574 HI_SS0404    (2)    9 :  0.001 0.998 0.001 
575 HI_SS0405    (2)    9 :  0.020 0.964 0.016 
576 HI_SS0406    (2)    9 :  0.002 0.996 0.002 
577 HI_SS0407    (0)    9 :  0.008 0.985 0.007 
578 HI_SS0408    (0)    9 :  0.001 0.998 0.001 
579 HI_SS0409    (2)    9 :  0.003 0.994 0.003 
580 HI_SS0411    (2)    9 :  0.002 0.995 0.002 
581 HI_SS0412   (11)    9 :  0.100 0.815 0.085 
582 HI_SS0413    (0)    9 :  0.002 0.995 0.002 
583 HI_SS0414    (2)    9 :  0.019 0.967 0.014 
584 HI_SS0415    (2)    9 :  0.002 0.996 0.002 
585 HI_SS0416    (2)    9 :  0.003 0.994 0.003 
586 HI_SS0418    (2)    9 :  0.004 0.992 0.004 
587 HI_SS0419    (3)    9 :  0.004 0.994 0.002 
588 HI_SS0420    (0)    9 :  0.002 0.996 0.002 
589 HI_SS0421    (4)    9 :  0.004 0.992 0.003 
590 HI_SS0422    (3)    9 :  0.002 0.997 0.002 
591 HI_SS0423    (2)    9 :  0.003 0.993 0.004 
592 HI_SS0424    (1)    9 :  0.002 0.996 0.001 
593 HI_SS0425    (0)    9 :  0.004 0.994 0.002 
594 NS_SS1146    (3)   10 :  0.002 0.996 0.002 
595 NS_SS1157    (1)   10 :  0.006 0.987 0.007 
596 NS_SS1144    (7)   10 :  0.018 0.960 0.022 
597 NS_SS1074    (3)   10 :  0.004 0.993 0.003 
598 NS_SS1122    (0)   10 :  0.003 0.991 0.005 
599 NS_SS1136    (2)   10 :  0.001 0.998 0.001 
600 NS_SS1077    (4)   10 :  0.001 0.999 0.001 
601 NS_SS1134    (2)   10 :  0.012 0.978 0.010 
602 NS_SS1091    (1)   10 :  0.002 0.996 0.001 
603 NS_SS1089   (10)   10 :  0.003 0.995 0.002 
604 NS_SS1123    (2)   10 :  0.001 0.997 0.001 
605 NS_SS1158    (3)   10 :  0.001 0.998 0.001 
606 NS_SS1093    (3)   10 :  0.002 0.996 0.002 
607 NS_SS1102    (5)   10 :  0.006 0.990 0.004 
608 NS_SS1056    (0)   10 :  0.002 0.997 0.002 
609 NS_SS1126    (2)   10 :  0.002 0.995 0.003 
610 NS_SS1058   (15)   10 :  0.003 0.993 0.004 
611 NS_SS1084    (2)   10 :  0.001 0.997 0.001 
612 NS_SS1095    (3)   10 :  0.004 0.989 0.007 
613 NS_SS1079    (3)   10 :  0.002 0.997 0.002 
614 NS_SS1149    (0)   10 :  0.003 0.995 0.002 
615 NS_SS1121    (0)   10 :  0.002 0.997 0.001 
616 NS_SS1067    (0)   10 :  0.005 0.991 0.004 
617 NS_SS1081    (2)   10 :  0.002 0.996 0.002 
618 NS_SS1130    (0)   10 :  0.003 0.994 0.003 
619 NS_SS1073    (2)   10 :  0.002 0.995 0.002 
620 NS_SS1133    (2)   10 :  0.010 0.986 0.004 
621 NS_SS1129    (2)   10 :  0.001 0.998 0.001 
622 NS_SS1085    (1)   10 :  0.002 0.995 0.002 
623 NS_SS1137    (2)   10 :  0.004 0.993 0.004 
624 NS_SS1135    (3)   10 :  0.001 0.997 0.001 
625 NS_SS1082    (3)   10 :  0.002 0.997 0.001 
626 NS_SS1125    (3)   10 :  0.001 0.998 0.001 
627 NS_SS1124    (2)   10 :  0.007 0.986 0.007 
628 NS_SS1155    (0)   10 :  0.007 0.984 0.008 
629 NS_SS1145    (2)   10 :  0.001 0.997 0.002 


Estimated Allele Frequencies in each cluster
First column gives estimated ancestral frequencies


Locus 1 : 
2 alleles
3.3% missing data
   1   (0.737) 0.738 0.730 0.738 
   2   (0.263) 0.262 0.270 0.262 

Locus 2 : 
2 alleles
4.6% missing data
   1   (0.886) 0.885 0.821 0.892 
   2   (0.114) 0.115 0.179 0.108 

Locus 3 : 
2 alleles
4.9% missing data
   1   (0.785) 0.794 0.808 0.773 
   2   (0.215) 0.206 0.192 0.227 

Locus 4 : 
2 alleles
4.6% missing data
   1   (0.866) 0.864 0.870 0.871 
   2   (0.134) 0.136 0.130 0.129 

Locus 5 : 
2 alleles
2.5% missing data
   1   (0.892) 0.890 0.930 0.896 
   2   (0.108) 0.110 0.070 0.104 

Locus 6 : 
2 alleles
2.7% missing data
   1   (0.823) 0.831 0.762 0.816 
   2   (0.177) 0.169 0.238 0.184 

Locus 7 : 
2 alleles
3.0% missing data
   1   (0.792) 0.796 0.756 0.791 
   2   (0.208) 0.204 0.244 0.209 

Locus 8 : 
2 alleles
4.8% missing data
   1   (0.728) 0.727 0.794 0.727 
   2   (0.272) 0.273 0.206 0.273 

Locus 9 : 
2 alleles
3.7% missing data
   1   (0.807) 0.811 0.810 0.804 
   2   (0.193) 0.189 0.190 0.196 

Locus 10 : 
2 alleles
4.8% missing data
   1   (0.710) 0.713 0.797 0.703 
   2   (0.290) 0.287 0.203 0.297 

Locus 11 : 
2 alleles
3.2% missing data
   1   (0.795) 0.806 0.782 0.781 
   2   (0.205) 0.194 0.218 0.219 

Locus 12 : 
2 alleles
4.9% missing data
   1   (0.893) 0.892 0.907 0.895 
   2   (0.107) 0.108 0.093 0.105 

Locus 13 : 
2 alleles
3.2% missing data
   1   (0.867) 0.868 0.915 0.866 
   2   (0.133) 0.132 0.085 0.134 

Locus 14 : 
2 alleles
4.6% missing data
   1   (0.732) 0.732 0.683 0.735 
   2   (0.268) 0.268 0.317 0.265 

Locus 15 : 
2 alleles
4.6% missing data
   1   (0.891) 0.892 0.918 0.892 
   2   (0.109) 0.108 0.082 0.108 

Locus 16 : 
2 alleles
3.8% missing data
   1   (0.885) 0.886 0.964 0.879 
   2   (0.115) 0.114 0.036 0.121 

Locus 17 : 
2 alleles
4.1% missing data
   1   (0.510) 0.507 0.645 0.508 
   2   (0.490) 0.493 0.355 0.492 

Locus 18 : 
2 alleles
4.1% missing data
   1   (0.609) 0.621 0.573 0.594 
   2   (0.391) 0.379 0.427 0.406 

Locus 19 : 
2 alleles
4.1% missing data
   1   (0.772) 0.776 0.637 0.774 
   2   (0.228) 0.224 0.363 0.226 

Locus 20 : 
2 alleles
2.2% missing data
   1   (0.898) 0.898 0.894 0.899 
   2   (0.102) 0.102 0.106 0.101 

Locus 21 : 
2 alleles
4.5% missing data
   1   (0.710) 0.715 0.600 0.707 
   2   (0.290) 0.285 0.400 0.293 

Locus 22 : 
2 alleles
3.0% missing data
   1   (0.886) 0.888 0.914 0.886 
   2   (0.114) 0.112 0.086 0.114 

Locus 23 : 
2 alleles
3.8% missing data
   1   (0.559) 0.567 0.578 0.547 
   2   (0.441) 0.433 0.422 0.453 

Locus 24 : 
2 alleles
4.9% missing data
   1   (0.859) 0.863 0.890 0.855 
   2   (0.141) 0.137 0.110 0.145 

Locus 25 : 
2 alleles
4.3% missing data
   1   (0.885) 0.889 0.877 0.882 
   2   (0.115) 0.111 0.123 0.118 

Locus 26 : 
2 alleles
3.0% missing data
   1   (0.544) 0.545 0.578 0.541 
   2   (0.456) 0.455 0.422 0.459 

Locus 27 : 
2 alleles
4.0% missing data
   2   (0.468) 0.462 0.416 0.480 
   1   (0.532) 0.538 0.584 0.520 

Locus 28 : 
2 alleles
4.0% missing data
   1   (0.843) 0.837 0.870 0.853 
   2   (0.157) 0.163 0.130 0.147 

Locus 29 : 
2 alleles
1.9% missing data
   1   (0.605) 0.600 0.700 0.607 
   2   (0.395) 0.400 0.300 0.393 

Locus 30 : 
2 alleles
4.6% missing data
   1   (0.864) 0.863 0.854 0.868 
   2   (0.136) 0.137 0.146 0.132 

Locus 31 : 
2 alleles
1.9% missing data
   1   (0.885) 0.887 0.904 0.882 
   2   (0.115) 0.113 0.096 0.118 

Locus 32 : 
2 alleles
4.3% missing data
   1   (0.867) 0.867 0.784 0.873 
   2   (0.133) 0.133 0.216 0.127 

Locus 33 : 
2 alleles
4.3% missing data
   1   (0.790) 0.788 0.761 0.795 
   2   (0.210) 0.212 0.239 0.205 

Locus 34 : 
2 alleles
2.2% missing data
   1   (0.737) 0.734 0.726 0.743 
   2   (0.263) 0.266 0.274 0.257 

Locus 35 : 
2 alleles
3.8% missing data
   1   (0.764) 0.768 0.781 0.760 
   2   (0.236) 0.232 0.219 0.240 

Locus 36 : 
2 alleles
3.3% missing data
   1   (0.812) 0.810 0.783 0.816 
   2   (0.188) 0.190 0.217 0.184 

Locus 37 : 
2 alleles
3.8% missing data
   1   (0.866) 0.864 0.643 0.877 
   2   (0.134) 0.136 0.357 0.123 

Locus 38 : 
2 alleles
4.9% missing data
   1   (0.799) 0.808 0.774 0.788 
   2   (0.201) 0.192 0.226 0.212 

Locus 39 : 
2 alleles
4.9% missing data
   1   (0.744) 0.747 0.779 0.739 
   2   (0.256) 0.253 0.221 0.261 

Locus 40 : 
2 alleles
2.7% missing data
   1   (0.758) 0.759 0.723 0.760 
   2   (0.242) 0.241 0.277 0.240 

Locus 41 : 
2 alleles
2.2% missing data
   1   (0.743) 0.743 0.759 0.745 
   2   (0.257) 0.257 0.241 0.255 

Locus 42 : 
2 alleles
4.9% missing data
   1   (0.767) 0.774 0.792 0.756 
   2   (0.233) 0.226 0.208 0.244 

Locus 43 : 
2 alleles
1.7% missing data
   1   (0.875) 0.882 0.917 0.865 
   2   (0.125) 0.118 0.083 0.135 

Locus 44 : 
2 alleles
3.7% missing data
   1   (0.706) 0.697 0.747 0.717 
   2   (0.294) 0.303 0.253 0.283 

Locus 45 : 
2 alleles
3.7% missing data
   1   (0.571) 0.578 0.487 0.564 
   2   (0.429) 0.422 0.513 0.436 

Locus 46 : 
2 alleles
3.8% missing data
   1   (0.882) 0.881 0.856 0.888 
   2   (0.118) 0.119 0.144 0.112 

Locus 47 : 
2 alleles
4.0% missing data
   2   (0.236) 0.250 0.234 0.216 
   1   (0.764) 0.750 0.766 0.784 

Locus 48 : 
2 alleles
2.1% missing data
   1   (0.821) 0.826 0.766 0.818 
   2   (0.179) 0.174 0.234 0.182 

Locus 49 : 
2 alleles
4.9% missing data
   1   (0.588) 0.592 0.699 0.577 
   2   (0.412) 0.408 0.301 0.423 

Locus 50 : 
2 alleles
3.5% missing data
   1   (0.872) 0.869 0.864 0.880 
   2   (0.128) 0.131 0.136 0.120 

Locus 51 : 
2 alleles
2.9% missing data
   1   (0.779) 0.776 0.785 0.784 
   2   (0.221) 0.224 0.215 0.216 

Locus 52 : 
2 alleles
4.1% missing data
   1   (0.888) 0.889 0.874 0.891 
   2   (0.112) 0.111 0.126 0.109 

Locus 53 : 
2 alleles
4.8% missing data
   1   (0.850) 0.851 0.863 0.850 
   2   (0.150) 0.149 0.137 0.150 

Locus 54 : 
2 alleles
4.1% missing data
   1   (0.820) 0.813 0.901 0.826 
   2   (0.180) 0.187 0.099 0.174 

Locus 55 : 
2 alleles
4.3% missing data
   1   (0.823) 0.825 0.883 0.817 
   2   (0.177) 0.175 0.117 0.183 

Locus 56 : 
2 alleles
3.7% missing data
   1   (0.657) 0.662 0.612 0.653 
   2   (0.343) 0.338 0.388 0.347 

Locus 57 : 
2 alleles
1.4% missing data
   1   (0.601) 0.605 0.569 0.597 
   2   (0.399) 0.395 0.431 0.403 

Locus 58 : 
2 alleles
3.8% missing data
   1   (0.661) 0.659 0.709 0.661 
   2   (0.339) 0.341 0.291 0.339 

Locus 59 : 
2 alleles
4.3% missing data
   1   (0.853) 0.856 0.864 0.850 
   2   (0.147) 0.144 0.136 0.150 

Locus 60 : 
2 alleles
4.0% missing data
   1   (0.870) 0.868 0.939 0.871 
   2   (0.130) 0.132 0.061 0.129 

Locus 61 : 
2 alleles
3.0% missing data
   1   (0.884) 0.886 0.907 0.884 
   2   (0.116) 0.114 0.093 0.116 

Locus 62 : 
2 alleles
2.9% missing data
   1   (0.799) 0.798 0.816 0.802 
   2   (0.201) 0.202 0.184 0.198 

Locus 63 : 
2 alleles
4.6% missing data
   1   (0.660) 0.652 0.589 0.675 
   2   (0.340) 0.348 0.411 0.325 

Locus 64 : 
2 alleles
4.5% missing data
   1   (0.840) 0.836 0.816 0.848 
   2   (0.160) 0.164 0.184 0.152 

Locus 65 : 
2 alleles
4.9% missing data
   1   (0.856) 0.864 0.859 0.847 
   2   (0.144) 0.136 0.141 0.153 

Locus 66 : 
2 alleles
4.5% missing data
   1   (0.822) 0.816 0.886 0.830 
   2   (0.178) 0.184 0.114 0.170 

Locus 67 : 
2 alleles
2.5% missing data
   1   (0.863) 0.869 0.875 0.857 
   2   (0.137) 0.131 0.125 0.143 

Locus 68 : 
2 alleles
4.3% missing data
   1   (0.783) 0.785 0.842 0.777 
   2   (0.217) 0.215 0.158 0.223 

Locus 69 : 
2 alleles
1.7% missing data
   1   (0.844) 0.852 0.835 0.834 
   2   (0.156) 0.148 0.165 0.166 

Locus 70 : 
2 alleles
4.9% missing data
   1   (0.779) 0.776 0.754 0.787 
   2   (0.221) 0.224 0.246 0.213 

Locus 71 : 
2 alleles
4.0% missing data
   1   (0.757) 0.761 0.705 0.756 
