   NS_SS0963  1 0.0089 0.0244 0.0082 0.1830 0.0415 0.0062 0.0232 0.0166 0.6879 
   NS_SS0983  1 0.0123 0.0063 0.0369 0.8780 0.0188 0.0045 0.0255 0.0109 0.0069 
   NS_SS0719  1 0.0216 0.1834 0.3346 0.0663 0.0300 0.0066 0.3026 0.0368 0.0180 
   NS_SS1001  1 0.0503 0.1655 0.0294 0.0150 0.1002 0.0100 0.0225 0.5941 0.0129 
   NS_SS0936  1 0.0335 0.0375 0.0143 0.0425 0.0412 0.0030 0.0257 0.1886 0.6137 
   NS_SS0955  1 0.2239 0.0095 0.2922 0.0819 0.2242 0.0082 0.0604 0.0511 0.0486 
   NS_SS0944  1 0.6289 0.0159 0.0190 0.0461 0.0194 0.0028 0.0993 0.0852 0.0836 
   NS_SS0945  1 0.4397 0.1366 0.1002 0.1188 0.0141 0.0136 0.0175 0.1287 0.0309 
   NS_SS0922  1 0.0030 0.2906 0.5189 0.0209 0.0059 0.0257 0.0369 0.0187 0.0794 
   NS_SS0929  1 0.0308 0.0659 0.0614 0.1584 0.3798 0.0054 0.0721 0.0193 0.2070 
   NS_SS0956  1 0.0114 0.0962 0.6938 0.0406 0.0719 0.0042 0.0104 0.0220 0.0494 
   NS_SS0906  1 0.0405 0.1104 0.2566 0.0314 0.1288 0.0039 0.0975 0.0180 0.3127 
   NS_SS0721  1 0.0161 0.0178 0.0749 0.7626 0.0789 0.0063 0.0256 0.0115 0.0064 
   NS_SS0982  1 0.0081 0.0444 0.0289 0.0180 0.1143 0.0216 0.0156 0.0151 0.7340 
   NS_SS0923  1 0.0074 0.3172 0.0896 0.1555 0.1890 0.0096 0.0465 0.0215 0.1637 
   NS_SS0905  1 0.0122 0.2529 0.0363 0.1263 0.2492 0.0032 0.2312 0.0114 0.0772 
   NS_SS0925  1 0.0083 0.0123 0.0275 0.0394 0.0727 0.0071 0.4529 0.3110 0.0687 
   NS_SS0947  1 0.0338 0.0171 0.3566 0.0349 0.0695 0.0063 0.0300 0.1239 0.3279 
   NS_SS0926  1 0.2833 0.4745 0.0222 0.0232 0.0220 0.0020 0.1088 0.0465 0.0176 
   NS_SS0918  1 0.0253 0.0421 0.0131 0.5802 0.2322 0.0042 0.0158 0.0366 0.0506 
   NS_SS0966  1 0.0332 0.0213 0.0172 0.1516 0.0284 0.0685 0.5308 0.0699 0.0791 
   NS_SS0938  1 0.0215 0.0452 0.0259 0.0148 0.0180 0.0026 0.0111 0.8449 0.0161 
   NS_SS0917  1 0.0241 0.0203 0.5910 0.0198 0.0370 0.0490 0.2180 0.0169 0.0240 
   NS_SS0957  1 0.0102 0.1254 0.0259 0.0114 0.5420 0.0089 0.0159 0.0169 0.2435 
   NS_SS0987  1 0.0044 0.6185 0.0369 0.0579 0.0298 0.2282 0.0090 0.0072 0.0080 
   NS_SS0717  1 0.0100 0.5094 0.0444 0.1366 0.0853 0.0045 0.0376 0.0705 0.1018 
   NS_SS0986  1 0.0644 0.0517 0.1608 0.1718 0.1365 0.0079 0.0116 0.1782 0.2171 
   NS_SS0953  1 0.0173 0.0247 0.0074 0.0550 0.0428 0.0225 0.0069 0.0142 0.8091 
   NS_SS0907  1 0.0148 0.0108 0.0641 0.0100 0.0804 0.0399 0.0321 0.0139 0.7340 
   NS_SS0974  1 0.0531 0.0214 0.0260 0.0102 0.0106 0.0059 0.7734 0.0508 0.0486 
   NS_SS0989  1 0.0160 0.0267 0.0095 0.4827 0.0927 0.0014 0.1267 0.2332 0.0113 
   NS_SS0991  1 0.4003 0.0102 0.0472 0.3327 0.1521 0.0030 0.0270 0.0118 0.0158 
   NS_SS0994  1 0.4740 0.0118 0.2390 0.0757 0.0244 0.0022 0.1007 0.0645 0.0077 
   NS_SS0931  1 0.1928 0.5866 0.0112 0.0230 0.0130 0.0227 0.0373 0.0970 0.0164 
   NS_SS1000  1 0.0244 0.0357 0.0303 0.0248 0.0403 0.0052 0.0116 0.0456 0.7820 
   NS_SS0919  1 0.0226 0.0161 0.0658 0.2093 0.0042 0.0033 0.6361 0.0110 0.0316 
   NS_SS0949  1 0.3936 0.0171 0.0207 0.0178 0.0120 0.0023 0.0551 0.4733 0.0080 
   NS_SS0960  1 0.0722 0.0427 0.0572 0.0866 0.2369 0.0096 0.4241 0.0108 0.0599 
   NS_SS0716  1 0.0050 0.6715 0.0071 0.0096 0.2773 0.0075 0.0103 0.0071 0.0046 
   NS_SS0924  1 0.0041 0.0124 0.3482 0.0292 0.2529 0.0200 0.3144 0.0071 0.0116 
   NS_SS0935  1 0.1119 0.0443 0.0388 0.2146 0.0631 0.0186 0.4706 0.0129 0.0252 
   NS_SS0952  1 0.1850 0.0265 0.0658 0.0708 0.1635 0.0483 0.1034 0.0182 0.3185 
   NS_SS0962  1 0.0116 0.2046 0.1357 0.0471 0.0674 0.0125 0.3217 0.1352 0.0642 
   NS_SS0973  1 0.0180 0.0081 0.0297 0.0107 0.0155 0.0061 0.5512 0.0131 0.3476 
   NS_SS0722  1 0.0029 0.4486 0.1458 0.0137 0.0108 0.0039 0.0247 0.2085 0.1411 
   NS_SS0979  1 0.0152 0.3653 0.0266 0.0524 0.1701 0.0040 0.0420 0.1283 0.1961 
   NS_SS0993  1 0.0072 0.0148 0.0133 0.0066 0.0130 0.0162 0.7129 0.2042 0.0119 
   NS_SS0958  1 0.6314 0.0462 0.0100 0.0589 0.0767 0.0039 0.0212 0.0290 0.1225 
   NS_SS0988  1 0.0388 0.2166 0.0552 0.0808 0.0352 0.0081 0.0362 0.1282 0.4010 
   NS_SS1003  1 0.0058 0.0202 0.0106 0.0079 0.0127 0.0137 0.8844 0.0194 0.0253 
   NS_SS0976  1 0.0963 0.0076 0.0116 0.0423 0.0279 0.0035 0.6596 0.1164 0.0348 
   NS_SS0964  1 0.0100 0.1265 0.4087 0.0107 0.0291 0.0038 0.2718 0.0222 0.1171 
   NS_SS0939  1 0.0109 0.8004 0.0637 0.0035 0.0328 0.0075 0.0350 0.0375 0.0088 
   NS_SS0990  1 0.0137 0.2500 0.0196 0.0222 0.4424 0.0055 0.0056 0.2272 0.0138 
   NS_SS0984  1 0.0024 0.8266 0.0113 0.0263 0.0045 0.0036 0.0204 0.0882 0.0166 
   NS_SS0980  1 0.0086 0.0171 0.0106 0.0901 0.0247 0.0024 0.0208 0.0231 0.8026 
   NS_SS0978  1 0.0472 0.2055 0.3229 0.0153 0.0193 0.0040 0.0423 0.0093 0.3342 
   NS_SS0951  1 0.0344 0.0241 0.0163 0.0073 0.8495 0.0048 0.0270 0.0178 0.0187 
   NS_SS0913  1 0.0127 0.0317 0.0635 0.0098 0.7305 0.0489 0.0307 0.0617 0.0106 
   NS_SS1002  1 0.0057 0.0194 0.0280 0.0166 0.0151 0.0561 0.0117 0.2568 0.5905 
   NS_SS0948  1 0.1253 0.1031 0.0184 0.2375 0.0166 0.0737 0.0708 0.2180 0.1366 
   NS_SS0916  1 0.0150 0.0116 0.0223 0.0358 0.0599 0.0068 0.8248 0.0151 0.0087 
   NS_SS0995  1 0.0052 0.0157 0.1434 0.0410 0.0771 0.0059 0.6640 0.0359 0.0118 
   NS_SS0927  1 0.0276 0.0634 0.7425 0.0369 0.0171 0.0069 0.0433 0.0504 0.0119 
   NS_SS0992  1 0.0214 0.0257 0.3534 0.0182 0.0608 0.0048 0.0234 0.0285 0.4638 
   NS_SS0912  1 0.1219 0.0389 0.0167 0.7090 0.0456 0.0037 0.0173 0.0264 0.0205 
   NS_SS0981  1 0.0067 0.3681 0.0237 0.0673 0.0429 0.0052 0.2208 0.0162 0.2492 
   NS_SS0729  2 0.2452 0.0085 0.0878 0.0573 0.0138 0.0048 0.3043 0.2441 0.0342 
   NS_SS0967  2 0.0217 0.0622 0.0237 0.1412 0.0129 0.0125 0.0198 0.1156 0.5903 
   NS_SS0941  2 0.0247 0.0506 0.0584 0.2090 0.0519 0.0965 0.0593 0.4058 0.0438 
   NS_SS0768  2 0.0257 0.0277 0.2095 0.0306 0.6033 0.0059 0.0083 0.0478 0.0412 
   NS_SS0726  2 0.0227 0.0095 0.1352 0.0206 0.0097 0.0116 0.6098 0.1742 0.0069 
   NS_SS0763  2 0.0595 0.0168 0.1313 0.0315 0.0476 0.0036 0.6151 0.0525 0.0421 
   NS_SS0730  2 0.0273 0.6986 0.0808 0.0587 0.0528 0.0072 0.0410 0.0115 0.0221 
   NS_SS0774  2 0.0057 0.1302 0.0193 0.0331 0.1135 0.0013 0.0128 0.0116 0.6726 
   NS_SS0723  2 0.0074 0.3109 0.0328 0.2799 0.1616 0.0036 0.0213 0.0194 0.1631 
   NS_SS0940  2 0.0685 0.1260 0.0609 0.0243 0.0117 0.0091 0.5394 0.1447 0.0154 
   NS_SS0762  2 0.0104 0.7871 0.0357 0.0085 0.0338 0.0053 0.0307 0.0372 0.0512 
   NS_SS0766  2 0.0196 0.5077 0.2144 0.0937 0.0433 0.0187 0.0671 0.0206 0.0149 
   NS_SS0724  2 0.0150 0.0203 0.0148 0.2389 0.0438 0.0064 0.2544 0.3384 0.0681 
   NS_SS0769  2 0.0094 0.0977 0.1152 0.3121 0.1004 0.0053 0.1168 0.0364 0.2068 
   NS_SS0777  2 0.1052 0.4799 0.0272 0.0582 0.0127 0.0190 0.0947 0.0282 0.1747 
   NS_SS0734  2 0.1512 0.1136 0.5092 0.0278 0.0263 0.0331 0.1016 0.0273 0.0099 
   NS_SS0737  2 0.0074 0.1810 0.0200 0.0161 0.0171 0.0072 0.0208 0.3075 0.4230 
   NS_SS0732  2 0.0186 0.0171 0.1101 0.0265 0.6175 0.0075 0.1662 0.0085 0.0280 
   NS_SS0728  2 0.0322 0.0480 0.0998 0.3900 0.0880 0.0167 0.0274 0.2681 0.0298 
   NS_SS0735  2 0.0491 0.0293 0.1001 0.2673 0.0462 0.0173 0.0612 0.1698 0.2597 
   NS_SS0725  2 0.0183 0.0199 0.0185 0.0096 0.0110 0.0133 0.0128 0.8807 0.0158 
   NS_SS0788  2 0.0079 0.1674 0.3781 0.1525 0.0787 0.0023 0.1552 0.0176 0.0403 
   NS_SS0778  2 0.0276 0.1212 0.0321 0.6159 0.0215 0.0027 0.0335 0.0280 0.1175 
   NS_SS0792  2 0.0152 0.0427 0.0226 0.0667 0.6092 0.0114 0.0709 0.1345 0.0269 
   NS_SS0943  2 0.6701 0.0087 0.0247 0.0068 0.0282 0.0070 0.0185 0.0668 0.1691 
   NS_SS0791  2 0.0126 0.0151 0.6516 0.0062 0.0169 0.0122 0.2676 0.0127 0.0051 
   NS_SS0790  2 0.0034 0.0117 0.0066 0.0046 0.7241 0.0053 0.0082 0.0207 0.2153 
   NS_SS0731  2 0.0061 0.0269 0.0088 0.0273 0.0198 0.0172 0.0158 0.8667 0.0114 
   NS_SS0727  2 0.1322 0.0398 0.3755 0.0821 0.0533 0.0026 0.0812 0.2168 0.0165 
   NS_SS0779  2 0.0168 0.4079 0.0504 0.1745 0.0766 0.0075 0.0531 0.0346 0.1786 
   NS_SS0776  2 0.0510 0.2481 0.0395 0.0216 0.2006 0.0140 0.0316 0.0997 0.2939 
   NS_SS0775  2 0.0107 0.7976 0.0922 0.0141 0.0148 0.0088 0.0100 0.0157 0.0362 
   NS_SS0965  3 0.0080 0.0314 0.0165 0.7371 0.0430 0.0031 0.0762 0.0152 0.0695 
   NS_SS0754  3 0.1245 0.0539 0.4364 0.0949 0.0909 0.0196 0.0862 0.0407 0.0528 
   NS_SS0838  3 0.0426 0.0637 0.1510 0.0062 0.5060 0.0417 0.0332 0.1355 0.0201 
   NS_SS0839  3 0.0066 0.1574 0.0238 0.0127 0.4195 0.0047 0.0370 0.1730 0.1652 
   NS_SS0832  3 0.0035 0.1625 0.0853 0.0143 0.0110 0.0508 0.0434 0.0329 0.5962 
   NS_SS0820  3 0.0073 0.0679 0.4273 0.0312 0.0202 0.0087 0.0212 0.3996 0.0166 
   NS_SS0886  3 0.0493 0.0721 0.5583 0.1588 0.0442 0.0021 0.0494 0.0160 0.0499 
   NS_SS0748  3 0.0417 0.5782 0.0193 0.0884 0.0343 0.0120 0.0359 0.0437 0.1466 
   NS_SS0884  3 0.0398 0.0297 0.2026 0.0216 0.0381 0.0346 0.0373 0.1308 0.4654 
   NS_SS0752  3 0.0972 0.0954 0.3747 0.0157 0.1178 0.0044 0.0278 0.1492 0.1178 
   NS_SS0862  3 0.0173 0.0158 0.1555 0.1359 0.2608 0.0102 0.0555 0.0497 0.2992 
   NS_SS0787  3 0.8238 0.0088 0.0428 0.0247 0.0225 0.0135 0.0385 0.0098 0.0156 
   NS_SS0843  3 0.0068 0.0719 0.0235 0.1131 0.0241 0.0032 0.4141 0.1180 0.2253 
   NS_SS0856  3 0.0172 0.0238 0.8079 0.0064 0.0254 0.0038 0.0352 0.0599 0.0205 
   NS_SS0846  3 0.0240 0.0370 0.0238 0.1584 0.0236 0.0037 0.0150 0.0095 0.7049 
   NS_SS0825  3 0.0666 0.0209 0.0490 0.6564 0.0150 0.0162 0.0650 0.0884 0.0226 
   NS_SS0757  3 0.1501 0.1058 0.0428 0.2384 0.1643 0.0051 0.1654 0.0401 0.0880 
   NS_SS0876  3 0.0122 0.0326 0.3615 0.0197 0.0948 0.2206 0.1001 0.0643 0.0941 
   NS_SS0903  3 0.0135 0.0085 0.0134 0.0076 0.0041 0.0038 0.0067 0.0092 0.9332 
   NS_SS0875  3 0.0240 0.7532 0.0232 0.0795 0.0352 0.0043 0.0389 0.0142 0.0275 
   NS_SS0740  3 0.0557 0.0281 0.0517 0.0728 0.0922 0.0040 0.4383 0.2039 0.0533 
   NS_SS0811  3 0.0045 0.0455 0.0118 0.0075 0.8811 0.0094 0.0168 0.0056 0.0177 
   NS_SS0751  3 0.0787 0.5214 0.0310 0.0142 0.0113 0.0037 0.1582 0.1396 0.0419 
   NS_SS0891  3 0.0131 0.0578 0.0276 0.0173 0.1745 0.0095 0.0125 0.6283 0.0595 
   NS_SS0867  3 0.0746 0.0185 0.1254 0.1152 0.0184 0.0263 0.0394 0.0155 0.5667 
   NS_SS0890  3 0.0178 0.7177 0.0288 0.0287 0.0228 0.0053 0.0968 0.0156 0.0665 
   NS_SS0866  3 0.3291 0.0098 0.5651 0.0216 0.0171 0.0084 0.0125 0.0251 0.0114 
   NS_SS0755  3 0.0335 0.1012 0.4061 0.0495 0.0492 0.0081 0.0661 0.1170 0.1694 
   NS_SS0758  3 0.0284 0.0361 0.0267 0.7588 0.0172 0.0026 0.0738 0.0340 0.0224 
   NS_SS0840  3 0.0113 0.0385 0.0286 0.0462 0.2987 0.0025 0.0525 0.0255 0.4962 
   NS_SS0889  3 0.4193 0.0410 0.0920 0.0979 0.2517 0.0031 0.0507 0.0096 0.0347 
   NS_SS1010  3 0.0408 0.0500 0.0228 0.1916 0.1563 0.0669 0.0384 0.0099 0.4233 
   NS_SS0888  3 0.2644 0.0214 0.5079 0.0193 0.0508 0.0023 0.1044 0.0094 0.0201 
   NS_SS0837  3 0.0403 0.0619 0.0202 0.0353 0.0488 0.0045 0.1642 0.0108 0.6140 
   NS_SS0794  3 0.8101 0.0146 0.0343 0.0124 0.0792 0.0026 0.0110 0.0258 0.0101 
   NS_SS0823  3 0.0867 0.0138 0.0984 0.0301 0.0442 0.0062 0.0124 0.4654 0.2428 
   NS_SS0829  3 0.6861 0.0073 0.0172 0.0162 0.1257 0.1105 0.0101 0.0077 0.0193 
   NS_SS0844  3 0.0064 0.0060 0.0057 0.0544 0.2072 0.0022 0.0264 0.0374 0.6542 
   NS_SS1008  3 0.3961 0.1278 0.0671 0.0299 0.1196 0.0193 0.1338 0.0431 0.0634 
   NS_SS0881  3 0.0283 0.4307 0.0428 0.0535 0.0154 0.0039 0.3977 0.0165 0.0111 
   NS_SS0834  3 0.0119 0.0213 0.0138 0.0055 0.0115 0.0087 0.0128 0.9003 0.0142 
   NS_SS0744  3 0.0379 0.0116 0.7830 0.0496 0.0314 0.0071 0.0250 0.0154 0.0390 
   NS_SS0899  3 0.0045 0.0221 0.0133 0.0104 0.8255 0.0020 0.0140 0.0278 0.0803 
   NS_SS0804  3 0.0076 0.1006 0.0546 0.0813 0.0939 0.0114 0.1539 0.1033 0.3935 
   NS_SS0781  3 0.0071 0.0790 0.0155 0.0851 0.0321 0.0060 0.0194 0.1094 0.6464 
   NS_SS0822  3 0.7966 0.0259 0.0180 0.0079 0.0260 0.0032 0.0288 0.0380 0.0556 
   NS_SS1004  3 0.0142 0.0819 0.0301 0.0212 0.0189 0.0053 0.1113 0.0251 0.6919 
   NS_SS0746  3 0.1068 0.2579 0.1982 0.0737 0.1135 0.0144 0.0278 0.1647 0.0429 
   NS_SS0880  3 0.0304 0.2300 0.0107 0.0278 0.0124 0.0018 0.0999 0.0260 0.5609 
   NS_SS0879  3 0.0592 0.1646 0.0861 0.0228 0.3779 0.0210 0.0391 0.1059 0.1235 
   NS_SS0753  3 0.4517 0.0257 0.0527 0.1547 0.0727 0.0169 0.1888 0.0094 0.0274 
   NS_SS1007  3 0.0106 0.0700 0.7753 0.0114 0.0074 0.0028 0.0909 0.0148 0.0169 
   NS_SS0872  3 0.0086 0.1580 0.0154 0.0088 0.0128 0.0021 0.1437 0.0553 0.5954 
   NS_SS1005  3 0.0178 0.0170 0.0106 0.0602 0.0361 0.0014 0.0134 0.0816 0.7619 
   NS_SS0892  3 0.0316 0.7222 0.1079 0.0171 0.0281 0.0035 0.0360 0.0119 0.0415 
   NS_SS0898  3 0.2357 0.5381 0.0251 0.0643 0.0271 0.0096 0.0362 0.0101 0.0538 
   NS_SS0801  3 0.0417 0.0494 0.4024 0.0282 0.0654 0.0150 0.0925 0.0434 0.2619 
   NS_SS0827  3 0.0167 0.1468 0.0143 0.1838 0.0175 0.0985 0.5027 0.0080 0.0117 
   NS_SS0853  3 0.0038 0.0260 0.0104 0.1481 0.7799 0.0052 0.0084 0.0034 0.0147 
   NS_SS0780  3 0.0106 0.0296 0.3293 0.2374 0.0451 0.0085 0.0151 0.0566 0.2676 
   NS_SS0826  3 0.1550 0.0124 0.0113 0.0122 0.0064 0.0050 0.0278 0.0334 0.7363 
   NS_SS0818  3 0.0187 0.1297 0.0302 0.2560 0.0086 0.0020 0.0283 0.0398 0.4867 
   NS_SS0745  3 0.0173 0.8397 0.0069 0.0056 0.0224 0.0012 0.0084 0.0309 0.0675 
   NS_SS0849  3 0.0735 0.0682 0.3431 0.0425 0.3841 0.0021 0.0343 0.0174 0.0349 
   NS_SS0739  3 0.0169 0.0736 0.2452 0.0258 0.1714 0.0194 0.4269 0.0106 0.0103 
   NS_SS0799  3 0.1809 0.0409 0.0384 0.0888 0.4008 0.0018 0.1453 0.0833 0.0199 
   NS_SS0756  3 0.0115 0.0584 0.0390 0.0250 0.0251 0.0038 0.0125 0.0184 0.8063 
   NS_SS0802  3 0.0148 0.0367 0.1014 0.0593 0.0138 0.1979 0.3126 0.2351 0.0285 
   NS_SS0747  3 0.0297 0.0536 0.0697 0.0276 0.0716 0.0087 0.1028 0.0243 0.6119 
   NS_SS0835  3 0.0364 0.0943 0.0818 0.6931 0.0125 0.0018 0.0171 0.0324 0.0306 
   NS_SS0742  3 0.0139 0.0180 0.0649 0.0305 0.0337 0.0012 0.6450 0.1232 0.0695 
   NS_SS0760  3 0.3481 0.0122 0.0480 0.0833 0.3636 0.0723 0.0397 0.0123 0.0207 
   NS_SS0803  3 0.0047 0.0114 0.0070 0.0199 0.0098 0.0085 0.0261 0.0139 0.8987 
   NS_SS0828  3 0.0523 0.2609 0.0552 0.0970 0.0537 0.0019 0.4014 0.0128 0.0646 
   NS_SS0865  3 0.0368 0.0527 0.4276 0.0140 0.0261 0.0302 0.2205 0.0104 0.1817 
   NS_SS0759  3 0.0155 0.4198 0.1917 0.0148 0.0204 0.0092 0.0348 0.0240 0.2700 
   NS_SS0851  3 0.0231 0.1596 0.0761 0.0213 0.6483 0.0155 0.0165 0.0159 0.0235 
   NS_SS0874  3 0.0213 0.0146 0.0095 0.0364 0.4990 0.0029 0.0131 0.2037 0.1995 
   NS_SS0761  3 0.1166 0.0120 0.0402 0.6954 0.0776 0.0051 0.0179 0.0202 0.0150 
   NS_SS0842  3 0.0691 0.2370 0.0333 0.0136 0.5594 0.0137 0.0209 0.0369 0.0162 
   NS_SS0785  3 0.0512 0.0276 0.0466 0.0988 0.0298 0.0054 0.0169 0.0205 0.7032 
   NS_SS0860  3 0.0164 0.0160 0.7179 0.0490 0.1465 0.0030 0.0166 0.0143 0.0203 
   NS_SS0897  3 0.8407 0.0142 0.0275 0.0599 0.0145 0.0027 0.0206 0.0078 0.0122 
   NS_SS0841  3 0.0762 0.0886 0.0448 0.0245 0.6277 0.0052 0.0214 0.0118 0.0997 
   NS_SS0797  3 0.0918 0.3749 0.0681 0.0424 0.0191 0.0288 0.3387 0.0180 0.0181 
   NS_SS0830  3 0.1724 0.0612 0.2335 0.0158 0.0571 0.0033 0.4237 0.0109 0.0221 
   NS_SS1011  3 0.0049 0.0234 0.0813 0.0240 0.0261 0.0068 0.0238 0.0537 0.7560 
   NS_SS0883  3 0.0138 0.0652 0.1142 0.0206 0.5931 0.0070 0.1634 0.0043 0.0185 
   NS_SS0782  3 0.0216 0.0217 0.7516 0.0915 0.0166 0.0022 0.0064 0.0779 0.0105 
   NS_SS0831  3 0.0984 0.0133 0.3489 0.1736 0.3108 0.0041 0.0225 0.0133 0.0151 
   NS_SS0749  3 0.2512 0.0996 0.2405 0.0923 0.1462 0.0087 0.0777 0.0366 0.0473 
   NS_SS0854  3 0.0285 0.0081 0.0228 0.0654 0.0341 0.0041 0.0164 0.8115 0.0090 
   HI_SS0193  4 0.8583 0.0076 0.0032 0.0100 0.0085 0.0019 0.0332 0.0701 0.0072 
   HI_SS0194  4 0.0352 0.0369 0.0069 0.0045 0.0050 0.0024 0.0050 0.8867 0.0174 
   HI_SS0195  4 0.0087 0.0776 0.0106 0.0209 0.2674 0.1150 0.0077 0.4772 0.0149 
   HI_SS0196  4 0.2798 0.0111 0.1537 0.0080 0.0425 0.0053 0.0154 0.4317 0.0525 
   HI_SS0197  4 0.0059 0.0285 0.0279 0.1477 0.0161 0.0188 0.0080 0.6859 0.0611 
   HI_SS0198  4 0.0262 0.0205 0.3434 0.0746 0.4207 0.0162 0.0470 0.0102 0.0412 
   HI_SS0199  4 0.0961 0.0215 0.1265 0.3930 0.0159 0.0038 0.2680 0.0339 0.0413 
   HI_SS0201  4 0.0727 0.0058 0.0484 0.1325 0.0173 0.0033 0.6966 0.0109 0.0124 
   HI_SS0215  4 0.0094 0.0113 0.0245 0.8803 0.0116 0.0051 0.0183 0.0297 0.0098 
   HI_SS0218  4 0.8174 0.0193 0.0194 0.0482 0.0162 0.0104 0.0337 0.0127 0.0229 
   HI_SS0222  4 0.0240 0.0233 0.6201 0.1486 0.0346 0.0065 0.0889 0.0276 0.0265 
   HI_SS0230  4 0.0078 0.3417 0.0167 0.0218 0.3531 0.0056 0.0646 0.0262 0.1625 
   HI_SS0234  4 0.0054 0.0127 0.0110 0.7145 0.0235 0.1743 0.0188 0.0183 0.0214 
   HI_SS0240  4 0.0189 0.1040 0.4670 0.2095 0.0105 0.0081 0.0492 0.0404 0.0924 
   HI_SS0241  4 0.0338 0.1598 0.0516 0.3153 0.0575 0.0032 0.3459 0.0220 0.0108 
   HI_SS0242  4 0.0722 0.0793 0.6314 0.0740 0.0154 0.0040 0.0759 0.0162 0.0318 
   HI_SS0247  4 0.0164 0.0102 0.0091 0.0151 0.6729 0.0287 0.0291 0.0902 0.1283 
   HI_SS0248  4 0.4277 0.1758 0.0944 0.0114 0.0064 0.0008 0.2522 0.0212 0.0101 
   HI_SS0252  4 0.0143 0.0096 0.0064 0.0133 0.0376 0.0030 0.0134 0.8593 0.0431 
   HI_SS0254  4 0.1456 0.1056 0.0113 0.0248 0.0083 0.0721 0.6139 0.0094 0.0089 
   HI_SS0256  4 0.0064 0.0249 0.0066 0.0122 0.0297 0.0030 0.0103 0.0449 0.8620 
   HI_SS0257  4 0.1576 0.0139 0.1885 0.1561 0.1456 0.0043 0.2385 0.0416 0.0539 
   HI_SS0258  4 0.7082 0.0315 0.1261 0.0544 0.0180 0.0071 0.0164 0.0095 0.0290 
   HI_SS0259  4 0.0059 0.1196 0.2760 0.0202 0.0323 0.0049 0.3245 0.1860 0.0306 
   HI_SS0260  4 0.0926 0.0936 0.0370 0.0151 0.0652 0.0021 0.4703 0.0245 0.1994 
   HI_SS0261  4 0.0807 0.0796 0.2850 0.0238 0.0070 0.0052 0.3098 0.0512 0.1577 
   HI_SS0262  4 0.0103 0.4435 0.2590 0.0246 0.0409 0.0138 0.0778 0.0276 0.1025 
   HI_SS0264  4 0.0173 0.3389 0.2265 0.0297 0.2090 0.0074 0.0203 0.0271 0.1238 
   HI_SS0265  4 0.0064 0.0736 0.1708 0.0423 0.0420 0.1140 0.4857 0.0325 0.0327 
   HI_SS0268  4 0.0833 0.1169 0.0574 0.5258 0.0986 0.0050 0.0529 0.0273 0.0328 
   HI_SS0269  4 0.1842 0.0119 0.0339 0.0475 0.0096 0.0045 0.3411 0.3403 0.0270 
   HI_SS0273  4 0.7938 0.0196 0.0613 0.0193 0.0314 0.0023 0.0320 0.0097 0.0305 
   HI_SS0277  4 0.0262 0.0247 0.0268 0.7036 0.0293 0.0040 0.1005 0.0144 0.0706 
   HI_SS0280  4 0.0479 0.1071 0.0392 0.0363 0.4278 0.0083 0.2830 0.0352 0.0152 
   HI_SS0282  4 0.7227 0.0086 0.0388 0.0091 0.0303 0.0018 0.0957 0.0484 0.0447 
   HI_SS0286  4 0.0298 0.0107 0.0549 0.6712 0.0235 0.0116 0.0160 0.1705 0.0118 
   NS_SS1252  5 0.1692 0.0088 0.0060 0.7596 0.0195 0.0044 0.0079 0.0137 0.0107 
   NS_SS1261  5 0.0261 0.0237 0.0206 0.0622 0.5473 0.0241 0.0699 0.1437 0.0823 
   NS_SS1225  5 0.2206 0.0075 0.0083 0.0473 0.1281 0.1007 0.1395 0.0318 0.3163 
   NS_SS1266  5 0.0087 0.0089 0.0260 0.0067 0.0181 0.0136 0.0093 0.0181 0.8905 
   NS_SS1228  5 0.0141 0.0423 0.0183 0.0093 0.0495 0.0177 0.7999 0.0415 0.0074 
   NS_SS1255  5 0.2856 0.0666 0.0317 0.0100 0.0322 0.0036 0.0560 0.4933 0.0211 
   NS_SS1267  5 0.0471 0.0134 0.0699 0.7239 0.1158 0.0119 0.0101 0.0037 0.0041 
   NS_SS1238  5 0.6930 0.0414 0.0159 0.0181 0.0154 0.0038 0.0252 0.1671 0.0201 
   NS_SS1233  5 0.1331 0.0340 0.0116 0.0454 0.0087 0.0029 0.0061 0.0062 0.7521 
   NS_SS1277  5 0.1777 0.2269 0.0129 0.5099 0.0075 0.0015 0.0303 0.0152 0.0181 
   NS_SS1245  5 0.1070 0.0588 0.0600 0.0088 0.0426 0.0017 0.1609 0.5176 0.0426 
   NS_SS1240  5 0.0077 0.0076 0.0082 0.9314 0.0047 0.0023 0.0093 0.0199 0.0089 
   NS_SS1275  5 0.0038 0.1238 0.0944 0.0246 0.0171 0.0052 0.2514 0.3223 0.1575 
   NS_SS1235  5 0.0154 0.0065 0.0102 0.0079 0.0085 0.0065 0.0191 0.8291 0.0969 
   NS_SS1263  5 0.0664 0.3510 0.0236 0.0247 0.0298 0.0018 0.0626 0.2512 0.1891 
   NS_SS1251  5 0.0073 0.0943 0.0105 0.6190 0.0148 0.0023 0.0132 0.0586 0.1801 
   NS_SS1248  5 0.2485 0.3813 0.0367 0.0273 0.1164 0.1351 0.0300 0.0083 0.0164 
   NS_SS1244  5 0.1034 0.0190 0.0265 0.0228 0.0102 0.0082 0.6366 0.1014 0.0719 
   NS_SS1257  5 0.0320 0.0196 0.6177 0.1785 0.0266 0.0277 0.0635 0.0212 0.0131 
   NS_SS1242  5 0.0124 0.4705 0.2657 0.0080 0.0353 0.0056 0.0144 0.0396 0.1485 
   NS_SS1271  5 0.2538 0.0491 0.0204 0.1760 0.0140 0.0402 0.4094 0.0212 0.0160 
   NS_SS1265  5 0.1489 0.0282 0.0601 0.5158 0.0402 0.0277 0.0064 0.0865 0.0863 
   NS_SS1243  5 0.0718 0.0221 0.3346 0.0101 0.3139 0.0921 0.0406 0.0879 0.0270 
   NS_SS1273  5 0.0058 0.7902 0.0586 0.0060 0.0030 0.0097 0.0060 0.0053 0.1154 
   NS_SS1254  5 0.0091 0.0146 0.0117 0.0047 0.7182 0.0076 0.0088 0.0231 0.2022 
   NS_SS1224  5 0.0104 0.1282 0.0890 0.0981 0.1081 0.0092 0.2673 0.1255 0.1641 
   NS_SS1227  5 0.0440 0.4918 0.0589 0.0524 0.0194 0.0021 0.2787 0.0381 0.0146 
   NS_SS1274  5 0.0295 0.0120 0.0142 0.0220 0.8401 0.0162 0.0288 0.0159 0.0213 
   NS_SS1241  5 0.1314 0.0230 0.0077 0.0155 0.6648 0.0022 0.0880 0.0161 0.0513 
   NS_SS1256  5 0.0126 0.0428 0.0142 0.0834 0.0085 0.0383 0.0214 0.0271 0.7516 
   NS_SS1260  5 0.0181 0.0047 0.7966 0.0530 0.0155 0.0715 0.0168 0.0079 0.0159 
   NS_SS1262  5 0.1618 0.0173 0.0090 0.0490 0.0222 0.1739 0.3530 0.0196 0.1944 
   NS_SS1230  5 0.6299 0.0351 0.1236 0.0402 0.0648 0.0125 0.0259 0.0343 0.0336 
   NS_SS1270  5 0.0125 0.0485 0.0110 0.0230 0.0592 0.0043 0.0981 0.6818 0.0617 
   NS_SS1229  5 0.0123 0.0089 0.0270 0.0135 0.0075 0.0057 0.0171 0.8989 0.0092 
   NS_SS1246  5 0.0290 0.0089 0.0051 0.0118 0.0086 0.0033 0.0280 0.8903 0.0150 
   NS_SS1269  5 0.0338 0.0648 0.2866 0.3430 0.0757 0.0040 0.0371 0.0870 0.0678 
   NS_SS1239  5 0.0327 0.0168 0.0272 0.0215 0.0808 0.0067 0.7683 0.0297 0.0164 
   NS_SS1272  5 0.0064 0.0143 0.0127 0.0700 0.0096 0.0052 0.0274 0.8050 0.0494 
   NS_SS1268  5 0.0681 0.2221 0.0529 0.0190 0.1805 0.0035 0.3054 0.0530 0.0953 
   NS_SS1249  5 0.6866 0.0111 0.0543 0.0325 0.0429 0.0222 0.0818 0.0344 0.0344 
   HI_SS0559  6 0.1052 0.0591 0.6225 0.0343 0.0425 0.0031 0.0395 0.0258 0.0680 
   HI_SS0563  6 0.0311 0.0709 0.0522 0.4344 0.1984 0.0037 0.1252 0.0313 0.0528 
   HI_SS0564  6 0.1207 0.0191 0.5033 0.0232 0.0729 0.0600 0.1125 0.0444 0.0438 
   HI_SS0565  6 0.0316 0.2111 0.2155 0.2918 0.0209 0.0053 0.0977 0.0982 0.0278 
   HI_SS0569  6 0.0446 0.0123 0.0097 0.2241 0.0310 0.0036 0.6313 0.0082 0.0352 
   HI_SS0570  6 0.6506 0.0650 0.0188 0.0163 0.0167 0.0516 0.0134 0.1622 0.0053 
   HI_SS0572  6 0.0065 0.0235 0.0941 0.0067 0.0061 0.0027 0.0190 0.7539 0.0874 
   HI_SS0576  6 0.0577 0.4028 0.0327 0.2565 0.0274 0.0142 0.1173 0.0236 0.0677 
   HI_SS0579  6 0.0582 0.0158 0.0650 0.0839 0.0311 0.0225 0.5070 0.1698 0.0468 
   HI_SS0580  6 0.0373 0.2495 0.0302 0.3608 0.0751 0.0061 0.0365 0.1426 0.0619 
   HI_SS0581  6 0.0141 0.0579 0.4431 0.0127 0.0261 0.0602 0.0478 0.3233 0.0148 
   HI_SS0583  6 0.0079 0.0086 0.0223 0.8039 0.0110 0.0033 0.0387 0.0280 0.0762 
   HI_SS0586  6 0.0884 0.0247 0.0047 0.8044 0.0585 0.0018 0.0079 0.0046 0.0050 
   HI_SS0588  6 0.0238 0.0102 0.0169 0.8123 0.0302 0.0304 0.0246 0.0146 0.0369 
   HI_SS0595  6 0.0521 0.0826 0.0647 0.2034 0.0211 0.0370 0.4807 0.0275 0.0309 
   HI_SS0596  6 0.0130 0.5555 0.0139 0.0044 0.0185 0.0039 0.0130 0.3596 0.0183 
   HI_SS0597  6 0.0120 0.0274 0.0327 0.0246 0.0144 0.0048 0.0091 0.8111 0.0639 
   HI_SS0600  6 0.0216 0.0818 0.0499 0.3980 0.0337 0.0031 0.1062 0.2398 0.0659 
   HI_SS0601  6 0.0101 0.0095 0.0083 0.0383 0.1428 0.0167 0.6904 0.0098 0.0740 
   HI_SS0602  6 0.0175 0.0977 0.2557 0.2450 0.0496 0.0044 0.3006 0.0093 0.0202 
   HI_SS0604  6 0.0214 0.0130 0.0350 0.0396 0.0670 0.0031 0.0636 0.7262 0.0310 
   HI_SS0605  6 0.0082 0.0081 0.9375 0.0155 0.0092 0.0055 0.0047 0.0050 0.0063 
   HI_SS0608  6 0.0487 0.1331 0.0045 0.0091 0.6781 0.0014 0.0738 0.0432 0.0081 
   HI_SS0609  6 0.0203 0.0320 0.0127 0.0131 0.0270 0.0012 0.1394 0.0228 0.7316 
   HI_SS0611  6 0.2233 0.0117 0.0399 0.0557 0.5208 0.0030 0.1226 0.0160 0.0070 
   HI_SS0612  6 0.0088 0.0151 0.0233 0.0176 0.0057 0.0050 0.0268 0.0052 0.8925 
   HI_SS0613  6 0.0123 0.0815 0.5046 0.0168 0.3203 0.0029 0.0114 0.0084 0.0418 
   HI_SS0615  6 0.0107 0.4223 0.0547 0.0775 0.0144 0.0161 0.3523 0.0266 0.0255 
   HI_SS0001  6 0.0177 0.0644 0.0883 0.0498 0.0134 0.0053 0.0123 0.7241 0.0246 
   HI_SS0002  6 0.0074 0.0368 0.0327 0.0875 0.0199 0.0341 0.0648 0.0257 0.6911 
   HI_SS0004  6 0.1842 0.0130 0.4994 0.0217 0.0198 0.0074 0.0307 0.1888 0.0351 
   HI_SS0005  6 0.0773 0.2597 0.4886 0.0350 0.0431 0.0072 0.0309 0.0082 0.0499 
   HI_SS0006  6 0.0543 0.0084 0.0346 0.3234 0.0185 0.0030 0.0715 0.0250 0.4613 
   HI_SS0007  6 0.3188 0.0366 0.0118 0.0335 0.3291 0.0029 0.2346 0.0212 0.0116 
   HI_SS0008  6 0.0177 0.3963 0.0135 0.1490 0.0316 0.0577 0.2412 0.0288 0.0642 
   HI_SS0009  6 0.0361 0.0493 0.0378 0.0217 0.7028 0.0058 0.0191 0.1135 0.0139 
   HI_SS0010  6 0.1431 0.4898 0.0096 0.0286 0.1069 0.0034 0.1950 0.0097 0.0139 
   HI_SS0011  6 0.0463 0.1091 0.0279 0.0062 0.0276 0.1002 0.0319 0.0277 0.6231 
   HI_SS0012  6 0.0073 0.0600 0.1281 0.0683 0.0310 0.0089 0.6042 0.0525 0.0397 
   HI_SS0017  6 0.0288 0.0817 0.0347 0.0074 0.0128 0.0024 0.0167 0.8064 0.0091 
   HI_SS0021  6 0.0798 0.2477 0.0498 0.0171 0.2241 0.2474 0.1156 0.0107 0.0077 
   HI_SS0024  6 0.0524 0.6640 0.0555 0.0087 0.0250 0.0037 0.1093 0.0586 0.0229 
   HI_SS0025  6 0.0093 0.0345 0.0560 0.0129 0.8319 0.0035 0.0096 0.0321 0.0101 
   HI_SS0027  6 0.7438 0.0082 0.0376 0.0087 0.0380 0.0171 0.1296 0.0075 0.0095 
   HI_SS0028  6 0.0043 0.7821 0.0098 0.0141 0.0507 0.0030 0.1008 0.0087 0.0264 
   HI_SS0029  6 0.0206 0.7263 0.0970 0.0666 0.0163 0.0124 0.0141 0.0200 0.0268 
   HI_SS0030  6 0.0247 0.0253 0.0103 0.0113 0.0087 0.0052 0.7584 0.1420 0.0141 
   HI_SS0031  6 0.0067 0.5161 0.0132 0.3570 0.0092 0.0062 0.0383 0.0079 0.0454 
   HI_SS0034  6 0.1059 0.0209 0.5779 0.0795 0.0080 0.0063 0.0205 0.0614 0.1196 
   HI_SS0036  6 0.0941 0.1034 0.7263 0.0271 0.0155 0.0109 0.0110 0.0078 0.0039 
   HI_SS0037  6 0.0333 0.0037 0.0173 0.0082 0.9137 0.0060 0.0054 0.0073 0.0050 
   HI_SS0039  6 0.0705 0.7566 0.0530 0.0135 0.0348 0.0046 0.0449 0.0109 0.0113 
   HI_SS0041  6 0.0154 0.1085 0.2063 0.0102 0.2954 0.0029 0.0703 0.2788 0.0122 
   HI_SS0042  6 0.0048 0.4277 0.1212 0.0094 0.1621 0.1334 0.0359 0.0763 0.0292 
   HI_SS0043  6 0.6819 0.0111 0.0150 0.1085 0.1317 0.0055 0.0212 0.0187 0.0063 
   HI_SS0044  6 0.0189 0.8920 0.0213 0.0141 0.0092 0.0028 0.0129 0.0229 0.0059 
   HI_SS0047  6 0.0093 0.0709 0.0736 0.0065 0.0206 0.0031 0.0301 0.7639 0.0220 
   HI_SS0049  6 0.0722 0.0966 0.0858 0.0115 0.0874 0.0044 0.1461 0.2256 0.2704 
   HI_SS0051  6 0.0124 0.0067 0.7262 0.0240 0.1967 0.0030 0.0072 0.0104 0.0134 
   HI_SS0053  6 0.1424 0.1124 0.1240 0.0789 0.0243 0.0082 0.4330 0.0686 0.0083 
   HI_SS0054  6 0.5661 0.0229 0.0163 0.2458 0.0223 0.0079 0.0942 0.0153 0.0092 
   HI_SS0057  6 0.3812 0.1125 0.0347 0.0186 0.1826 0.0053 0.1959 0.0531 0.0162 
   HI_SS0058  6 0.0288 0.0091 0.0232 0.0157 0.7478 0.0060 0.0153 0.0414 0.1127 
   HI_SS0060  6 0.0734 0.0390 0.0404 0.0080 0.0186 0.1207 0.6335 0.0275 0.0390 
   HI_SS0087  6 0.0348 0.0084 0.0490 0.7213 0.0158 0.0040 0.0843 0.0412 0.0413 
   HI_SS0091  6 0.0332 0.0083 0.0204 0.3328 0.5201 0.0021 0.0457 0.0207 0.0167 
   HI_SS0095  6 0.0134 0.0109 0.5304 0.0655 0.0085 0.0636 0.2048 0.0480 0.0548 
   HI_SS0097  6 0.0293 0.0136 0.0245 0.0093 0.0365 0.0054 0.5455 0.0137 0.3222 
   HI_SS0099  6 0.0068 0.8761 0.0179 0.0108 0.0254 0.0064 0.0078 0.0093 0.0395 
   HI_SS0103  6 0.0245 0.0918 0.2555 0.0438 0.0492 0.0047 0.0437 0.3951 0.0918 
   HI_SS0105  6 0.0300 0.0120 0.0237 0.0651 0.2197 0.0378 0.0152 0.4876 0.1088 
   HI_SS0107  6 0.0082 0.0231 0.0143 0.0213 0.0309 0.0014 0.0244 0.8049 0.0713 
   HI_SS0108  6 0.8308 0.0074 0.0185 0.0495 0.0173 0.0444 0.0087 0.0123 0.0111 
   HI_SS0110  6 0.0158 0.0471 0.4525 0.0497 0.0534 0.0018 0.1848 0.1587 0.0362 
   HI_SS0111  6 0.0108 0.0757 0.1760 0.0363 0.0264 0.0521 0.5602 0.0290 0.0334 
   HI_SS0112  6 0.9169 0.0126 0.0079 0.0063 0.0067 0.0015 0.0339 0.0060 0.0082 
   HI_SS0113  6 0.0067 0.0288 0.0306 0.0207 0.0124 0.0071 0.0141 0.6323 0.2472 
   HI_SS0114  6 0.0144 0.0113 0.0541 0.8572 0.0152 0.0067 0.0207 0.0039 0.0166 
   HI_SS0115  6 0.0446 0.1240 0.1288 0.0545 0.0944 0.0278 0.1157 0.0184 0.3918 
   HI_SS0116  6 0.0496 0.0886 0.0178 0.0436 0.5499 0.0051 0.0064 0.2322 0.0068 
   HI_SS0117  6 0.0599 0.0206 0.0133 0.2676 0.0069 0.0031 0.0059 0.5213 0.1015 
   HI_SS0118  6 0.0645 0.0430 0.5110 0.0346 0.0658 0.0179 0.1583 0.0188 0.0860 
   HI_SS0119  6 0.6377 0.0152 0.0763 0.0302 0.0707 0.0041 0.0588 0.0208 0.0861 
   HI_SS0120  6 0.0056 0.0083 0.0063 0.0074 0.0049 0.0051 0.0055 0.9508 0.0060 
   HI_SS0121  6 0.0173 0.2820 0.0071 0.0223 0.0293 0.0024 0.5631 0.0080 0.0684 
   HI_SS0122  6 0.1873 0.0455 0.1365 0.0198 0.3266 0.0289 0.1673 0.0464 0.0417 
   HI_SS0123  6 0.0133 0.0234 0.0724 0.0581 0.0130 0.0085 0.0295 0.0179 0.7641 
   HI_SS0124  6 0.0118 0.1846 0.0115 0.0117 0.6533 0.0049 0.0145 0.0800 0.0278 
   HI_SS0125  6 0.0067 0.8061 0.0446 0.0277 0.0096 0.0486 0.0182 0.0171 0.0215 
   HI_SS0126  6 0.6940 0.2029 0.0247 0.0119 0.0104 0.0015 0.0128 0.0128 0.0291 
   HI_SS0127  6 0.1297 0.1192 0.0628 0.0981 0.0195 0.0103 0.5351 0.0068 0.0186 
   HI_SS0128  6 0.0290 0.4322 0.0091 0.0286 0.0130 0.0052 0.1194 0.2528 0.1108 
   HI_SS0129  6 0.0765 0.1660 0.1633 0.3992 0.0088 0.0129 0.0350 0.1264 0.0119 
   HI_SS0131  6 0.5740 0.0151 0.0247 0.0302 0.1453 0.0544 0.0615 0.0158 0.0790 
   HI_SS0132  6 0.0526 0.3075 0.0527 0.0798 0.1679 0.0011 0.1050 0.0157 0.2177 
   HI_SS0133  6 0.9664 0.0054 0.0041 0.0048 0.0052 0.0018 0.0045 0.0053 0.0025 
   HI_SS0134  6 0.3190 0.0217 0.0927 0.1821 0.0335 0.0031 0.0144 0.1912 0.1422 
   HI_SS0142  6 0.0059 0.0263 0.0165 0.0988 0.0083 0.0207 0.0355 0.0094 0.7787 
   HI_SS0145  6 0.2600 0.0247 0.0832 0.0340 0.0856 0.0028 0.0492 0.0086 0.4521 
   HI_SS0146  6 0.1632 0.1289 0.0167 0.0227 0.0084 0.0019 0.6288 0.0070 0.0224 
   HI_SS0147  6 0.0174 0.0378 0.0326 0.0237 0.3041 0.0335 0.0168 0.0332 0.5008 
   HI_SS0149  6 0.2294 0.1320 0.0493 0.0102 0.0491 0.0069 0.1364 0.0252 0.3616 
   HI_SS0150  6 0.0162 0.2251 0.0221 0.1741 0.0552 0.0067 0.3170 0.1290 0.0546 
   HI_SS0151  6 0.0161 0.0086 0.2511 0.0172 0.0077 0.0165 0.6382 0.0217 0.0228 
   NS_SS1451  6 0.0125 0.2247 0.1081 0.0080 0.0224 0.0048 0.4802 0.0846 0.0548 
   NS_SS1404  6 0.0225 0.3368 0.2225 0.0267 0.1078 0.0206 0.1381 0.0327 0.0923 
   NS_SS1432  6 0.0048 0.8567 0.0207 0.0189 0.0131 0.0498 0.0129 0.0154 0.0075 
   NS_SS1405  6 0.1398 0.3769 0.3648 0.0107 0.0551 0.0045 0.0094 0.0097 0.0292 
   NS_SS1431  6 0.0101 0.4568 0.0093 0.0075 0.0137 0.0011 0.0473 0.4272 0.0269 
   NS_SS1402  6 0.0134 0.0348 0.1100 0.2382 0.2523 0.0041 0.0095 0.0824 0.2554 
   NS_SS1450  6 0.2173 0.0192 0.6482 0.0309 0.0232 0.0079 0.0134 0.0173 0.0226 
   NS_SS1396  6 0.0297 0.0583 0.0894 0.0335 0.5900 0.0081 0.0737 0.0409 0.0764 
   NS_SS1393  6 0.0050 0.0035 0.0145 0.8546 0.0971 0.0057 0.0049 0.0069 0.0077 
   NS_SS1392  6 0.0083 0.0437 0.0262 0.0139 0.0141 0.0246 0.0085 0.8517 0.0090 
   NS_SS1445  6 0.0581 0.0080 0.5656 0.1350 0.0334 0.0144 0.1270 0.0378 0.0207 
   NS_SS1423  6 0.2397 0.0133 0.0147 0.0238 0.0073 0.0019 0.2979 0.3692 0.0322 
   NS_SS1421  6 0.7869 0.0155 0.0239 0.0092 0.0085 0.0880 0.0228 0.0156 0.0296 
   NS_SS1411  6 0.7087 0.0184 0.0849 0.0407 0.0358 0.0027 0.0737 0.0269 0.0080 
   NS_SS1453  6 0.0481 0.0170 0.0461 0.1066 0.4391 0.0079 0.2663 0.0517 0.0173 
   NS_SS1442  6 0.1541 0.0533 0.1994 0.0295 0.0174 0.0068 0.1011 0.4086 0.0298 
   NS_SS1422  6 0.0224 0.0225 0.0608 0.0200 0.3213 0.0255 0.1773 0.1540 0.1962 
   NS_SS1419  6 0.0144 0.0075 0.0044 0.0050 0.8226 0.1054 0.0122 0.0042 0.0245 
   NS_SS1427  6 0.1735 0.1327 0.0359 0.5464 0.0120 0.0048 0.0457 0.0454 0.0036 
   NS_SS1444  6 0.0090 0.0783 0.0558 0.0284 0.1636 0.0063 0.4808 0.1334 0.0443 
   NS_SS1455  6 0.0205 0.0256 0.0101 0.0096 0.0231 0.0023 0.0322 0.1921 0.6846 
   NS_SS1425  6 0.8729 0.0051 0.0090 0.0176 0.0251 0.0021 0.0491 0.0094 0.0099 
   NS_SS1400  6 0.9294 0.0047 0.0070 0.0068 0.0157 0.0025 0.0072 0.0111 0.0155 
   NS_SS1406  6 0.0042 0.0255 0.0074 0.0324 0.0241 0.0132 0.0400 0.0155 0.8378 
   NS_SS1417  6 0.2931 0.0308 0.0404 0.1055 0.4185 0.0140 0.0087 0.0261 0.0627 
   NS_SS1454  6 0.3344 0.0613 0.0243 0.0449 0.4329 0.0022 0.0356 0.0303 0.0341 
   NS_SS1412  6 0.2565 0.2675 0.1413 0.0145 0.0903 0.0255 0.0378 0.1383 0.0284 
   NS_SS1438  6 0.0520 0.0071 0.0243 0.2859 0.5086 0.0022 0.0399 0.0661 0.0140 
   NS_SS1416  6 0.0049 0.0245 0.0459 0.0497 0.7911 0.0087 0.0215 0.0137 0.0400 
   NS_SS1401  6 0.0242 0.0063 0.0101 0.0044 0.0095 0.0170 0.0106 0.8783 0.0395 
   NS_SS1424  6 0.6049 0.0502 0.0552 0.0603 0.0350 0.0178 0.0822 0.0231 0.0713 
   NS_SS1435  6 0.0922 0.5100 0.0140 0.0189 0.0272 0.0037 0.1957 0.1099 0.0283 
   NS_SS1447  6 0.0107 0.0405 0.3096 0.0195 0.0582 0.0095 0.1279 0.3283 0.0959 
   NS_SS1414  6 0.0186 0.0264 0.0146 0.0095 0.7315 0.0085 0.0201 0.0954 0.0754 
   NS_SS1449  6 0.0145 0.0064 0.0321 0.0254 0.6390 0.0066 0.0277 0.2317 0.0167 
   NS_SS1443  6 0.1751 0.0136 0.0154 0.0293 0.0130 0.0024 0.7170 0.0089 0.0253 
   NS_SS1434  6 0.0789 0.0164 0.0251 0.0198 0.0093 0.0011 0.0160 0.8192 0.0142 
   NS_SS1398  6 0.0393 0.2609 0.4736 0.0395 0.0191 0.0264 0.0427 0.0766 0.0218 
   NS_SS1426  6 0.1389 0.0128 0.0273 0.7309 0.0171 0.0047 0.0256 0.0214 0.0212 
   NS_SS1413  6 0.8557 0.0094 0.0134 0.0058 0.0178 0.0125 0.0060 0.0723 0.0072 
   NS_SS1395  6 0.0212 0.0118 0.0717 0.0396 0.0182 0.0093 0.7896 0.0294 0.0093 
   NS_SS1448  6 0.2354 0.2508 0.1573 0.0138 0.0121 0.0022 0.2358 0.0223 0.0705 
   NS_SS1446  6 0.0091 0.0103 0.7673 0.0305 0.0159 0.0053 0.0537 0.0245 0.0835 
   NS_SS1403  6 0.0058 0.0362 0.0254 0.6115 0.0355 0.0080 0.1937 0.0187 0.0653 
   NS_SS1415  6 0.7370 0.0564 0.0496 0.0469 0.0113 0.0192 0.0412 0.0155 0.0229 
   NS_SS1437  6 0.0080 0.7176 0.0165 0.0794 0.0189 0.0128 0.0911 0.0144 0.0412 
   NS_SS1439  6 0.0059 0.0140 0.0245 0.7184 0.0135 0.0058 0.0091 0.1418 0.0672 
   NS_SS1441  6 0.0519 0.0539 0.0519 0.4884 0.0595 0.0036 0.0579 0.1387 0.0942 
   NS_SS1420  6 0.0079 0.0187 0.0304 0.0071 0.8746 0.0044 0.0286 0.0138 0.0145 
   NS_SS1394  6 0.0083 0.4858 0.0246 0.0074 0.0451 0.0648 0.3015 0.0152 0.0473 
   NS_SS1391  6 0.0534 0.0183 0.0131 0.0406 0.0132 0.0143 0.0109 0.8288 0.0073 
   NS_SS1410  6 0.0144 0.0237 0.0092 0.0535 0.2070 0.0179 0.0194 0.6354 0.0195 
   NS_SS1408  6 0.0087 0.0130 0.8423 0.0193 0.0050 0.0552 0.0145 0.0087 0.0333 
   NS_SS1409  6 0.0193 0.0743 0.0793 0.2177 0.0395 0.0042 0.0272 0.4848 0.0537 
   HI_SS0617  7 0.0055 0.0251 0.7968 0.0233 0.0493 0.0023 0.0207 0.0578 0.0192 
   HI_SS0618  7 0.0135 0.2536 0.0193 0.0456 0.4011 0.0037 0.0513 0.0133 0.1985 
   HI_SS0619  7 0.0740 0.1094 0.2073 0.0175 0.3881 0.0061 0.0428 0.1266 0.0282 
   HI_SS0620  7 0.6918 0.0091 0.2072 0.0292 0.0203 0.0042 0.0170 0.0119 0.0093 
   HI_SS0621  7 0.0168 0.0783 0.4134 0.0784 0.0587 0.0264 0.1903 0.0605 0.0771 
   HI_SS0622  7 0.3623 0.0947 0.1280 0.0058 0.0122 0.0152 0.0695 0.0075 0.3048 
   HI_SS0626  7 0.0429 0.3901 0.0614 0.0729 0.2381 0.0168 0.1532 0.0091 0.0155 
   HI_SS0627  7 0.0104 0.0412 0.0086 0.2075 0.0300 0.0085 0.0225 0.6452 0.0261 
   HI_SS0628  7 0.0347 0.0296 0.7856 0.0352 0.0092 0.0585 0.0148 0.0222 0.0103 
   HI_SS0629  7 0.0643 0.1948 0.1308 0.3465 0.0723 0.0104 0.1378 0.0184 0.0247 
   HI_SS0630  7 0.1046 0.0190 0.6143 0.0358 0.0669 0.0639 0.0625 0.0162 0.0166 
   HI_SS0631  7 0.1016 0.0712 0.0544 0.0392 0.0552 0.0014 0.6117 0.0448 0.0205 
   HI_SS0632  7 0.2079 0.0270 0.4426 0.0132 0.1246 0.0030 0.0522 0.1063 0.0233 
   HI_SS0633  7 0.0232 0.4812 0.0197 0.0339 0.0214 0.0054 0.0736 0.3211 0.0205 
   HI_SS0634  7 0.0215 0.1499 0.7592 0.0069 0.0142 0.0029 0.0213 0.0137 0.0104 
   HI_SS0635  7 0.0092 0.5943 0.0175 0.2508 0.0273 0.0151 0.0454 0.0101 0.0303 
   HI_SS0637  7 0.0049 0.0043 0.8579 0.0149 0.0598 0.0024 0.0224 0.0099 0.0235 
   HI_SS0638  7 0.6759 0.0926 0.0783 0.0101 0.0461 0.0019 0.0113 0.0551 0.0287 
   HI_SS0639  7 0.0063 0.1837 0.0806 0.0180 0.0199 0.0490 0.5376 0.0238 0.0811 
   HI_SS0640  7 0.0272 0.0649 0.0880 0.1457 0.0133 0.0029 0.6249 0.0152 0.0179 
   HI_SS0641  7 0.0305 0.0257 0.6710 0.0851 0.1621 0.0047 0.0080 0.0052 0.0076 
   HI_SS0642  7 0.0143 0.2733 0.0188 0.0298 0.0222 0.0027 0.4926 0.0888 0.0575 
   HI_SS0645  7 0.0108 0.1642 0.0116 0.0081 0.7338 0.0015 0.0291 0.0075 0.0334 
   HI_SS0646  7 0.0112 0.0323 0.0131 0.8382 0.0082 0.0046 0.0263 0.0151 0.0509 
   HI_SS0647  7 0.3232 0.1344 0.0315 0.0297 0.2399 0.0015 0.0139 0.0507 0.1751 
   HI_SS0648  7 0.1079 0.3210 0.0446 0.0162 0.0520 0.0061 0.2323 0.0376 0.1822 
   HI_SS0649  7 0.0046 0.0607 0.0501 0.5644 0.1111 0.0030 0.0973 0.0877 0.0211 
   HI_SS0650  7 0.0081 0.0546 0.1845 0.0320 0.0279 0.0071 0.0483 0.6133 0.0243 
   HI_SS0651  7 0.0059 0.0367 0.0483 0.0205 0.1049 0.0045 0.6757 0.0139 0.0896 
   HI_SS0652  7 0.0050 0.0638 0.7267 0.0156 0.1507 0.0055 0.0068 0.0205 0.0055 
   NS_SS1371  7 0.0057 0.0191 0.3806 0.0904 0.0128 0.0082 0.2627 0.0710 0.1494 
   NS_SS1374  7 0.3455 0.1279 0.2947 0.1383 0.0194 0.0053 0.0240 0.0262 0.0187 
   NS_SS1337  7 0.0247 0.0141 0.1908 0.2380 0.1869 0.0060 0.0470 0.2526 0.0399 
   NS_SS1385  7 0.0081 0.0335 0.0169 0.0431 0.0085 0.0064 0.0290 0.5876 0.2670 
   NS_SS1388  7 0.0116 0.3619 0.0709 0.0201 0.4947 0.0076 0.0112 0.0100 0.0120 
   NS_SS1370  7 0.0169 0.0061 0.0141 0.0137 0.5856 0.0106 0.3079 0.0271 0.0180 
   NS_SS1389  7 0.0123 0.7816 0.0661 0.0096 0.0633 0.0071 0.0108 0.0357 0.0135 
   NS_SS1360  7 0.1843 0.0187 0.0746 0.4076 0.0747 0.0076 0.1334 0.0135 0.0856 
   NS_SS1330  7 0.0123 0.0237 0.0537 0.0309 0.0456 0.0060 0.0436 0.0527 0.7315 
   NS_SS1328  7 0.5429 0.0378 0.1874 0.0124 0.0086 0.0030 0.0210 0.1722 0.0146 
   NS_SS1384  7 0.0092 0.0107 0.0147 0.7730 0.0148 0.0037 0.0681 0.0944 0.0113 
   NS_SS1381  7 0.0086 0.0100 0.0651 0.0202 0.0498 0.0017 0.0345 0.3087 0.5015 
   NS_SS1375  7 0.0223 0.8787 0.0074 0.0140 0.0138 0.0021 0.0115 0.0389 0.0112 
   NS_SS1319  7 0.0153 0.0945 0.1075 0.5130 0.0281 0.1182 0.0519 0.0212 0.0502 
   NS_SS1326  7 0.8684 0.0195 0.0134 0.0277 0.0133 0.0227 0.0086 0.0150 0.0114 
   NS_SS1341  7 0.0126 0.0125 0.0307 0.0260 0.0215 0.0070 0.0152 0.8687 0.0057 
   NS_SS1383  7 0.0092 0.0397 0.0214 0.8561 0.0063 0.0098 0.0176 0.0305 0.0095 
   NS_SS1318  7 0.0163 0.0683 0.2389 0.0199 0.0189 0.0181 0.2678 0.2013 0.1505 
   NS_SS1348  7 0.0925 0.0059 0.0210 0.7679 0.0175 0.0032 0.0366 0.0405 0.0150 
   NS_SS1363  7 0.0708 0.0393 0.0536 0.0817 0.5784 0.0085 0.0548 0.0129 0.1000 
   NS_SS1335  7 0.0717 0.0085 0.0139 0.0780 0.5027 0.0392 0.2344 0.0062 0.0456 
   NS_SS1358  7 0.0614 0.0056 0.0158 0.1264 0.0185 0.0172 0.0196 0.0103 0.7252 
   NS_SS1342  7 0.0558 0.0310 0.0228 0.2406 0.0113 0.0023 0.3768 0.0418 0.2176 
   NS_SS1320  7 0.0079 0.1738 0.0127 0.0081 0.0474 0.0121 0.0085 0.0757 0.6537 
   NS_SS1355  7 0.0046 0.1907 0.0558 0.0973 0.3768 0.0209 0.0456 0.1234 0.0849 
   NS_SS1345  7 0.0172 0.0097 0.0160 0.0080 0.0151 0.0247 0.0522 0.0678 0.7892 
   NS_SS1324  7 0.0199 0.0112 0.0103 0.0131 0.0120 0.0026 0.9095 0.0140 0.0074 
   NS_SS1347  7 0.0115 0.0097 0.0354 0.0162 0.0142 0.0051 0.8643 0.0191 0.0245 
   NS_SS1321  7 0.3290 0.0525 0.0428 0.0610 0.1120 0.0016 0.0293 0.0104 0.3613 
   NS_SS1333  7 0.0204 0.7902 0.0259 0.0388 0.0175 0.0041 0.0375 0.0553 0.0104 
   NS_SS1364  7 0.1336 0.0093 0.0214 0.1011 0.1245 0.0046 0.0635 0.5293 0.0126 
   NS_SS1379  7 0.0642 0.0080 0.1078 0.0189 0.4254 0.0667 0.0232 0.2182 0.0676 
   NS_SS1332  7 0.2975 0.5522 0.0127 0.0500 0.0061 0.0102 0.0431 0.0124 0.0158 
   NS_SS1338  7 0.0276 0.0108 0.0165 0.0054 0.9090 0.0076 0.0121 0.0058 0.0053 
   NS_SS1368  7 0.0683 0.1509 0.0553 0.0533 0.0152 0.0078 0.3324 0.1111 0.2056 
   NS_SS1354  7 0.0282 0.0381 0.2306 0.0295 0.0419 0.0224 0.1681 0.0619 0.3792 
   NS_SS1365  7 0.1310 0.2969 0.4149 0.0181 0.0255 0.0127 0.0259 0.0317 0.0433 
   NS_SS1380  7 0.0041 0.0064 0.0266 0.0079 0.3274 0.0209 0.0109 0.0321 0.5638 
   NS_SS1329  7 0.3653 0.0379 0.0231 0.0439 0.0416 0.0040 0.2289 0.0822 0.1731 
   NS_SS1362  7 0.0037 0.0072 0.0059 0.8889 0.0057 0.0040 0.0184 0.0187 0.0474 
   NS_SS1327  7 0.3610 0.0061 0.0131 0.5563 0.0207 0.0048 0.0297 0.0045 0.0038 
   NS_SS1350  7 0.0073 0.0087 0.9204 0.0178 0.0064 0.0114 0.0115 0.0087 0.0077 
   NS_SS1387  7 0.0162 0.6010 0.0097 0.0583 0.0722 0.0051 0.2202 0.0084 0.0091 
   NS_SS1369  7 0.6952 0.0145 0.0799 0.0220 0.1117 0.0070 0.0204 0.0101 0.0393 
