   NS_SS0963  1 0.0206 0.6024 0.0456 0.0786 0.2456 0.0072 
   NS_SS0983  1 0.0892 0.0719 0.6369 0.1825 0.0134 0.0061 
   NS_SS0719  1 0.0488 0.0214 0.0236 0.0304 0.8699 0.0058 
   NS_SS1001  1 0.5878 0.0208 0.0350 0.3282 0.0208 0.0075 
   NS_SS0936  1 0.0140 0.8140 0.0160 0.1321 0.0201 0.0038 
   NS_SS0955  1 0.5868 0.0510 0.2685 0.0766 0.0127 0.0044 
   NS_SS0944  1 0.0774 0.0508 0.4060 0.3335 0.1294 0.0029 
   NS_SS0945  1 0.0876 0.1423 0.2840 0.1146 0.3573 0.0143 
   NS_SS0922  1 0.0159 0.0239 0.0083 0.0471 0.8765 0.0283 
   NS_SS0929  1 0.5182 0.2714 0.0585 0.0952 0.0524 0.0042 
   NS_SS0956  1 0.7539 0.0139 0.0168 0.0226 0.1875 0.0051 
   NS_SS0906  1 0.2771 0.1886 0.0714 0.1102 0.3483 0.0045 
   NS_SS0721  1 0.6891 0.0611 0.0621 0.0434 0.1379 0.0064 
   NS_SS0982  1 0.0612 0.4282 0.0185 0.2638 0.2038 0.0245 
   NS_SS0923  1 0.0287 0.0257 0.0099 0.0105 0.9198 0.0053 
   NS_SS0905  1 0.0074 0.0352 0.0185 0.0196 0.9167 0.0025 
   NS_SS0925  1 0.0230 0.0103 0.0063 0.9446 0.0092 0.0066 
   NS_SS0947  1 0.3640 0.2226 0.0232 0.3639 0.0194 0.0069 
   NS_SS0926  1 0.0147 0.3096 0.6349 0.0106 0.0288 0.0014 
   NS_SS0918  1 0.1186 0.7306 0.0497 0.0273 0.0704 0.0034 
   NS_SS0966  1 0.0932 0.1473 0.0493 0.4337 0.2095 0.0671 
   NS_SS0938  1 0.0258 0.4726 0.0203 0.4570 0.0226 0.0017 
   NS_SS0917  1 0.1249 0.0233 0.0950 0.4515 0.2537 0.0516 
   NS_SS0957  1 0.4002 0.3898 0.0372 0.0206 0.1455 0.0067 
   NS_SS0987  1 0.2802 0.0140 0.0220 0.1063 0.3388 0.2387 
   NS_SS0717  1 0.2321 0.0607 0.0179 0.3047 0.3811 0.0036 
   NS_SS0986  1 0.7925 0.1487 0.0211 0.0148 0.0180 0.0049 
   NS_SS0953  1 0.1877 0.0990 0.0356 0.4643 0.1873 0.0260 
   NS_SS0907  1 0.0729 0.6800 0.0554 0.0631 0.0819 0.0466 
   NS_SS0974  1 0.0179 0.1244 0.2679 0.5331 0.0529 0.0037 
   NS_SS0989  1 0.0299 0.0781 0.7921 0.0561 0.0420 0.0018 
   NS_SS0991  1 0.2591 0.0231 0.5524 0.1461 0.0164 0.0029 
   NS_SS0994  1 0.0102 0.0117 0.9165 0.0468 0.0107 0.0041 
   NS_SS0931  1 0.0130 0.1641 0.5830 0.1934 0.0290 0.0174 
   NS_SS1000  1 0.4022 0.5272 0.0105 0.0430 0.0115 0.0057 
   NS_SS0919  1 0.0159 0.0975 0.0433 0.0501 0.7889 0.0043 
   NS_SS0949  1 0.0281 0.0156 0.7400 0.2011 0.0139 0.0013 
   NS_SS0960  1 0.1163 0.0381 0.0695 0.0583 0.7096 0.0082 
   NS_SS0716  1 0.2869 0.0069 0.0049 0.0094 0.6843 0.0076 
   NS_SS0924  1 0.7910 0.0101 0.0803 0.0269 0.0749 0.0168 
   NS_SS0935  1 0.0142 0.0095 0.7177 0.0460 0.1957 0.0169 
   NS_SS0952  1 0.1103 0.0580 0.3235 0.3052 0.1611 0.0419 
   NS_SS0962  1 0.0374 0.7332 0.0091 0.1597 0.0517 0.0088 
   NS_SS0973  1 0.0459 0.0750 0.0311 0.8141 0.0283 0.0056 
   NS_SS0722  1 0.0340 0.0163 0.0125 0.7509 0.1827 0.0036 
   NS_SS0979  1 0.0462 0.8079 0.0175 0.0222 0.1032 0.0029 
   NS_SS0993  1 0.0130 0.0457 0.0119 0.8908 0.0223 0.0162 
   NS_SS0958  1 0.0330 0.0685 0.5541 0.0338 0.3060 0.0046 
   NS_SS0988  1 0.0199 0.6505 0.0710 0.1248 0.1253 0.0085 
   NS_SS1003  1 0.0114 0.6884 0.0084 0.1444 0.1353 0.0122 
   NS_SS0976  1 0.0426 0.2051 0.3980 0.3279 0.0227 0.0037 
   NS_SS0964  1 0.0881 0.0094 0.0137 0.1029 0.7817 0.0041 
   NS_SS0939  1 0.0218 0.0201 0.0064 0.2475 0.6984 0.0057 
   NS_SS0990  1 0.0424 0.8713 0.0303 0.0317 0.0205 0.0038 
   NS_SS0984  1 0.0080 0.0274 0.0048 0.0220 0.9352 0.0026 
   NS_SS0980  1 0.0225 0.0170 0.0244 0.4870 0.4472 0.0020 
   NS_SS0978  1 0.0139 0.0507 0.0310 0.1904 0.7096 0.0045 
   NS_SS0951  1 0.9020 0.0114 0.0380 0.0205 0.0247 0.0033 
   NS_SS0913  1 0.4835 0.1472 0.0280 0.0446 0.2450 0.0517 
   NS_SS1002  1 0.0048 0.9501 0.0044 0.0065 0.0044 0.0299 
   NS_SS0948  1 0.0217 0.8804 0.0232 0.0147 0.0156 0.0445 
   NS_SS0916  1 0.0844 0.0782 0.0864 0.3261 0.4195 0.0054 
   NS_SS0995  1 0.0469 0.0333 0.0089 0.1028 0.8038 0.0043 
   NS_SS0927  1 0.0424 0.0390 0.0589 0.1067 0.7452 0.0079 
   NS_SS0992  1 0.2299 0.1503 0.0615 0.4173 0.1365 0.0045 
   NS_SS0912  1 0.0779 0.4686 0.4005 0.0097 0.0396 0.0038 
   NS_SS0981  1 0.0167 0.9208 0.0122 0.0098 0.0358 0.0046 
   NS_SS0729  2 0.0207 0.0123 0.7672 0.1847 0.0096 0.0055 
   NS_SS0967  2 0.0461 0.5024 0.0469 0.1539 0.2371 0.0137 
   NS_SS0941  2 0.0274 0.0471 0.0380 0.7450 0.0527 0.0897 
   NS_SS0768  2 0.8693 0.0257 0.0092 0.0789 0.0111 0.0058 
   NS_SS0726  2 0.0077 0.0214 0.2328 0.7109 0.0176 0.0096 
   NS_SS0763  2 0.1888 0.0423 0.5760 0.1610 0.0283 0.0036 
   NS_SS0730  2 0.0346 0.0220 0.0100 0.0168 0.9126 0.0041 
   NS_SS0774  2 0.1019 0.0608 0.0078 0.3445 0.4839 0.0011 
   NS_SS0723  2 0.0469 0.1629 0.0055 0.3150 0.4677 0.0020 
   NS_SS0940  2 0.0275 0.0367 0.1227 0.5940 0.2078 0.0113 
   NS_SS0762  2 0.0197 0.0091 0.0079 0.0288 0.9309 0.0036 
   NS_SS0766  2 0.0484 0.0297 0.0577 0.0509 0.7927 0.0207 
   NS_SS0724  2 0.3193 0.0315 0.0315 0.5761 0.0363 0.0053 
   NS_SS0769  2 0.3771 0.2084 0.0399 0.0336 0.3354 0.0056 
   NS_SS0777  2 0.0155 0.2626 0.4748 0.1084 0.1197 0.0190 
   NS_SS0734  2 0.0919 0.0245 0.2181 0.0629 0.5725 0.0301 
   NS_SS0737  2 0.0336 0.0519 0.0092 0.2292 0.6687 0.0073 
   NS_SS0732  2 0.3114 0.0610 0.0198 0.1876 0.4132 0.0071 
   NS_SS0728  2 0.5572 0.0364 0.0797 0.1858 0.1269 0.0140 
   NS_SS0735  2 0.0612 0.0190 0.0278 0.8585 0.0225 0.0111 
   NS_SS0725  2 0.1619 0.0617 0.1854 0.5470 0.0325 0.0115 
   NS_SS0788  2 0.0157 0.0643 0.0148 0.3646 0.5384 0.0022 
   NS_SS0778  2 0.0163 0.1514 0.0568 0.1845 0.5886 0.0024 
   NS_SS0792  2 0.6002 0.0805 0.0183 0.0471 0.2487 0.0052 
   NS_SS0943  2 0.0523 0.0126 0.5485 0.3687 0.0078 0.0102 
   NS_SS0791  2 0.1256 0.0160 0.1237 0.0654 0.6505 0.0189 
   NS_SS0790  2 0.9450 0.0100 0.0032 0.0303 0.0083 0.0033 
   NS_SS0731  2 0.7400 0.0588 0.0161 0.1496 0.0189 0.0166 
   NS_SS0727  2 0.0168 0.0091 0.6458 0.3047 0.0209 0.0027 
   NS_SS0779  2 0.0288 0.2775 0.1460 0.2488 0.2880 0.0108 
   NS_SS0776  2 0.0373 0.4568 0.3074 0.1213 0.0648 0.0125 
   NS_SS0775  2 0.0255 0.0136 0.0058 0.0320 0.9142 0.0088 
   NS_SS0965  3 0.3951 0.3085 0.0278 0.1069 0.1592 0.0025 
   NS_SS0754  3 0.1395 0.0359 0.6856 0.0784 0.0401 0.0205 
   NS_SS0838  3 0.5283 0.1381 0.0829 0.1766 0.0197 0.0545 
   NS_SS0839  3 0.2830 0.5830 0.0093 0.0209 0.0989 0.0051 
   NS_SS0832  3 0.0130 0.8539 0.0071 0.0431 0.0291 0.0537 
   NS_SS0820  3 0.4394 0.3130 0.0071 0.0424 0.1871 0.0110 
   NS_SS0886  3 0.0560 0.1871 0.1938 0.0439 0.5164 0.0027 
   NS_SS0748  3 0.1260 0.2331 0.4032 0.0718 0.1529 0.0130 
   NS_SS0884  3 0.1023 0.3193 0.1361 0.2655 0.1397 0.0371 
   NS_SS0752  3 0.0996 0.1379 0.1061 0.4722 0.1822 0.0020 
   NS_SS0862  3 0.8231 0.0405 0.0105 0.0820 0.0376 0.0063 
   NS_SS0787  3 0.0176 0.0153 0.8961 0.0456 0.0174 0.0080 
   NS_SS0843  3 0.1155 0.0944 0.1801 0.5641 0.0423 0.0036 
   NS_SS0856  3 0.3305 0.3478 0.0285 0.0559 0.2327 0.0045 
   NS_SS0846  3 0.0179 0.7642 0.1013 0.1025 0.0091 0.0049 
   NS_SS0825  3 0.0325 0.8086 0.0347 0.0248 0.0840 0.0154 
   NS_SS0757  3 0.2937 0.0981 0.3941 0.0868 0.1226 0.0048 
   NS_SS0876  3 0.2572 0.2831 0.0064 0.1529 0.0719 0.2283 
   NS_SS0903  3 0.0169 0.2211 0.0142 0.6527 0.0919 0.0032 
   NS_SS0875  3 0.0473 0.0202 0.0174 0.0077 0.9028 0.0046 
   NS_SS0740  3 0.1184 0.0298 0.0960 0.6800 0.0717 0.0041 
   NS_SS0811  3 0.9415 0.0270 0.0059 0.0070 0.0109 0.0077 
   NS_SS0751  3 0.0080 0.2939 0.0250 0.0266 0.6428 0.0036 
   NS_SS0891  3 0.1981 0.0999 0.0155 0.4475 0.2287 0.0103 
   NS_SS0867  3 0.1007 0.1584 0.3226 0.3361 0.0491 0.0331 
   NS_SS0890  3 0.0244 0.0171 0.0316 0.2424 0.6809 0.0037 
   NS_SS0866  3 0.0131 0.0453 0.8197 0.0940 0.0214 0.0066 
   NS_SS0755  3 0.2738 0.0941 0.0436 0.3789 0.2001 0.0096 
   NS_SS0758  3 0.0509 0.7364 0.1114 0.0541 0.0448 0.0025 
   NS_SS0840  3 0.2593 0.3942 0.0094 0.0326 0.3014 0.0031 
   NS_SS0889  3 0.2022 0.0192 0.7512 0.0137 0.0110 0.0026 
   NS_SS1010  3 0.1921 0.3528 0.0280 0.0288 0.3385 0.0599 
   NS_SS0888  3 0.0243 0.0077 0.6986 0.0193 0.2482 0.0020 
   NS_SS0837  3 0.5128 0.1873 0.0685 0.1647 0.0625 0.0042 
   NS_SS0794  3 0.5393 0.0101 0.2175 0.0158 0.2146 0.0027 
   NS_SS0823  3 0.7297 0.1027 0.0583 0.0797 0.0230 0.0065 
   NS_SS0829  3 0.6710 0.0151 0.1956 0.0155 0.0098 0.0931 
   NS_SS0844  3 0.8084 0.0292 0.0066 0.1436 0.0096 0.0025 
   NS_SS1008  3 0.0614 0.0116 0.7951 0.0723 0.0386 0.0210 
   NS_SS0881  3 0.0096 0.1119 0.0261 0.0135 0.8351 0.0039 
   NS_SS0834  3 0.0179 0.0394 0.0136 0.8841 0.0338 0.0111 
   NS_SS0744  3 0.6705 0.1455 0.0282 0.1114 0.0345 0.0099 
   NS_SS0899  3 0.7868 0.0679 0.0144 0.0243 0.1048 0.0018 
   NS_SS0804  3 0.1590 0.7027 0.0091 0.0579 0.0654 0.0059 
   NS_SS0781  3 0.0411 0.8246 0.0056 0.0302 0.0948 0.0037 
   NS_SS0822  3 0.0120 0.0169 0.6882 0.2714 0.0089 0.0026 
   NS_SS1004  3 0.1211 0.5696 0.0852 0.1377 0.0799 0.0065 
   NS_SS0746  3 0.6922 0.1515 0.0867 0.0383 0.0148 0.0165 
   NS_SS0880  3 0.0209 0.4459 0.2159 0.1834 0.1317 0.0022 
   NS_SS0879  3 0.5784 0.0798 0.0879 0.0901 0.1476 0.0161 
   NS_SS0753  3 0.0245 0.0267 0.7500 0.1194 0.0616 0.0178 
   NS_SS1007  3 0.0088 0.0636 0.0162 0.2652 0.6432 0.0029 
   NS_SS0872  3 0.0698 0.7133 0.0087 0.0391 0.1662 0.0029 
   NS_SS1005  3 0.2182 0.5820 0.0174 0.1534 0.0276 0.0014 
   NS_SS0892  3 0.0209 0.1046 0.0438 0.0252 0.8030 0.0026 
   NS_SS0898  3 0.0140 0.0627 0.0417 0.0199 0.8544 0.0074 
   NS_SS0801  3 0.7982 0.0537 0.0159 0.0583 0.0592 0.0147 
   NS_SS0827  3 0.0271 0.0174 0.0270 0.0057 0.8062 0.1168 
   NS_SS0853  3 0.9305 0.0173 0.0139 0.0057 0.0274 0.0051 
   NS_SS0780  3 0.1049 0.2983 0.0219 0.2628 0.3053 0.0068 
   NS_SS0826  3 0.0084 0.9415 0.0178 0.0217 0.0064 0.0042 
   NS_SS0818  3 0.0311 0.0578 0.0112 0.2679 0.6295 0.0025 
   NS_SS0745  3 0.0046 0.5339 0.0102 0.0156 0.4341 0.0016 
   NS_SS0849  3 0.6001 0.0839 0.0544 0.0171 0.2425 0.0020 
   NS_SS0739  3 0.0218 0.0496 0.0104 0.0666 0.8344 0.0172 
   NS_SS0799  3 0.0684 0.0265 0.5755 0.2059 0.1222 0.0015 
   NS_SS0756  3 0.0467 0.8782 0.0103 0.0249 0.0345 0.0053 
   NS_SS0802  3 0.0439 0.1187 0.1097 0.3163 0.2066 0.2048 
   NS_SS0747  3 0.0414 0.6632 0.0242 0.2344 0.0266 0.0101 
   NS_SS0835  3 0.0785 0.0608 0.5766 0.0371 0.2453 0.0018 
   NS_SS0742  3 0.0497 0.5159 0.0260 0.1500 0.2565 0.0020 
   NS_SS0760  3 0.3611 0.0126 0.5337 0.0118 0.0242 0.0565 
   NS_SS0803  3 0.2081 0.5005 0.0059 0.1842 0.0889 0.0124 
   NS_SS0828  3 0.0214 0.0121 0.0530 0.0677 0.8435 0.0023 
   NS_SS0865  3 0.4299 0.4314 0.0239 0.0337 0.0438 0.0372 
   NS_SS0759  3 0.0594 0.0480 0.0126 0.0165 0.8566 0.0070 
   NS_SS0851  3 0.8411 0.0150 0.0111 0.0135 0.1013 0.0180 
   NS_SS0874  3 0.3298 0.0351 0.0147 0.5979 0.0207 0.0018 
   NS_SS0761  3 0.6662 0.0927 0.1983 0.0221 0.0166 0.0042 
   NS_SS0842  3 0.3231 0.1234 0.0559 0.0820 0.4030 0.0125 
   NS_SS0785  3 0.1924 0.2597 0.2649 0.1937 0.0807 0.0087 
   NS_SS0860  3 0.2257 0.0258 0.5847 0.0630 0.0975 0.0033 
   NS_SS0897  3 0.0234 0.0116 0.9270 0.0172 0.0186 0.0022 
   NS_SS0841  3 0.8470 0.0347 0.0111 0.0232 0.0798 0.0041 
   NS_SS0797  3 0.0270 0.0445 0.4032 0.0113 0.4838 0.0302 
   NS_SS0830  3 0.0277 0.2443 0.1284 0.0971 0.4996 0.0029 
   NS_SS1011  3 0.2618 0.6563 0.0097 0.0471 0.0169 0.0082 
   NS_SS0883  3 0.8852 0.0333 0.0193 0.0100 0.0426 0.0096 
   NS_SS0782  3 0.7697 0.0273 0.0361 0.1047 0.0590 0.0032 
   NS_SS0831  3 0.8432 0.0129 0.1038 0.0167 0.0202 0.0032 
   NS_SS0749  3 0.1341 0.0929 0.1835 0.1623 0.4212 0.0060 
   NS_SS0854  3 0.1978 0.0909 0.0570 0.6175 0.0334 0.0034 
   HI_SS0193  4 0.0123 0.0075 0.8106 0.1463 0.0207 0.0025 
   HI_SS0194  4 0.0141 0.0432 0.0215 0.9027 0.0160 0.0026 
   HI_SS0195  4 0.4360 0.1999 0.0052 0.0719 0.1872 0.0997 
   HI_SS0196  4 0.5528 0.0352 0.0942 0.2800 0.0346 0.0032 
   HI_SS0197  4 0.0080 0.9591 0.0030 0.0070 0.0127 0.0102 
   HI_SS0198  4 0.4107 0.0324 0.0737 0.2548 0.2136 0.0149 
   HI_SS0199  4 0.0148 0.0374 0.5113 0.1061 0.3272 0.0032 
   HI_SS0201  4 0.0544 0.0598 0.7528 0.1008 0.0287 0.0034 
   HI_SS0215  4 0.7438 0.0625 0.1312 0.0195 0.0382 0.0048 
   HI_SS0218  4 0.0130 0.0083 0.8783 0.0062 0.0854 0.0089 
   HI_SS0222  4 0.7420 0.0149 0.0471 0.1478 0.0415 0.0068 
   HI_SS0230  4 0.1013 0.8152 0.0185 0.0168 0.0404 0.0079 
   HI_SS0234  4 0.0094 0.0646 0.0254 0.7153 0.0288 0.1565 
   HI_SS0240  4 0.0347 0.0071 0.0236 0.1482 0.7748 0.0115 
   HI_SS0241  4 0.2719 0.0218 0.1247 0.1236 0.4545 0.0034 
   HI_SS0242  4 0.0711 0.0224 0.0962 0.1349 0.6716 0.0038 
   HI_SS0247  4 0.1176 0.6030 0.0805 0.1043 0.0553 0.0394 
   HI_SS0248  4 0.0115 0.0073 0.8987 0.0634 0.0177 0.0015 
   HI_SS0252  4 0.4951 0.3752 0.0235 0.0867 0.0175 0.0021 
   HI_SS0254  4 0.0076 0.2839 0.4696 0.0527 0.0688 0.1174 
   HI_SS0256  4 0.0617 0.3724 0.0038 0.4975 0.0625 0.0022 
   HI_SS0257  4 0.0213 0.0528 0.2200 0.6278 0.0733 0.0048 
   HI_SS0258  4 0.0328 0.0213 0.9020 0.0230 0.0163 0.0046 
   HI_SS0259  4 0.0222 0.1182 0.0152 0.6427 0.1981 0.0036 
   HI_SS0260  4 0.0368 0.0656 0.7469 0.0939 0.0550 0.0017 
   HI_SS0261  4 0.0176 0.1674 0.3877 0.3859 0.0368 0.0045 
   HI_SS0262  4 0.1128 0.0441 0.0052 0.0321 0.7992 0.0066 
   HI_SS0264  4 0.2322 0.7110 0.0090 0.0117 0.0308 0.0054 
   HI_SS0265  4 0.0992 0.0736 0.0162 0.2616 0.4251 0.1244 
   HI_SS0268  4 0.0320 0.1769 0.0332 0.0176 0.7361 0.0041 
   HI_SS0269  4 0.0305 0.0689 0.5376 0.3371 0.0230 0.0029 
   HI_SS0273  4 0.0135 0.0460 0.8774 0.0222 0.0384 0.0027 
   HI_SS0277  4 0.0298 0.9079 0.0177 0.0131 0.0290 0.0025 
   HI_SS0280  4 0.6215 0.0660 0.0364 0.0241 0.2459 0.0062 
   HI_SS0282  4 0.0655 0.0217 0.6391 0.2597 0.0124 0.0016 
   HI_SS0286  4 0.3364 0.0914 0.0479 0.4644 0.0485 0.0114 
   NS_SS1252  5 0.0274 0.0210 0.9237 0.0144 0.0088 0.0049 
   NS_SS1261  5 0.0268 0.8753 0.0331 0.0163 0.0300 0.0185 
   NS_SS1225  5 0.0890 0.3667 0.3239 0.0803 0.0286 0.1115 
   NS_SS1266  5 0.2211 0.5278 0.0091 0.2198 0.0122 0.0099 
   NS_SS1228  5 0.0622 0.0291 0.0132 0.0390 0.8367 0.0197 
   NS_SS1255  5 0.4278 0.0338 0.0414 0.4067 0.0882 0.0020 
   NS_SS1267  5 0.0227 0.0063 0.9281 0.0107 0.0109 0.0213 
   NS_SS1238  5 0.0161 0.5515 0.1968 0.1009 0.1315 0.0031 
   NS_SS1233  5 0.0430 0.8816 0.0399 0.0209 0.0116 0.0029 
   NS_SS1277  5 0.0046 0.0085 0.8753 0.0151 0.0953 0.0013 
   NS_SS1245  5 0.2157 0.2118 0.1264 0.4299 0.0138 0.0024 
   NS_SS1240  5 0.0088 0.0091 0.9497 0.0234 0.0066 0.0024 
   NS_SS1275  5 0.0879 0.7278 0.0053 0.1505 0.0255 0.0029 
   NS_SS1235  5 0.0066 0.0141 0.0077 0.9588 0.0069 0.0059 
   NS_SS1263  5 0.0207 0.0303 0.0365 0.8338 0.0774 0.0012 
   NS_SS1251  5 0.0131 0.6080 0.0134 0.3540 0.0098 0.0017 
   NS_SS1248  5 0.4748 0.0990 0.0934 0.0092 0.2203 0.1034 
   NS_SS1244  5 0.0246 0.5875 0.0979 0.2650 0.0199 0.0051 
   NS_SS1257  5 0.0616 0.0807 0.6250 0.0884 0.0981 0.0462 
   NS_SS1242  5 0.0693 0.4349 0.0129 0.3652 0.1140 0.0038 
   NS_SS1271  5 0.0072 0.0091 0.8417 0.0330 0.0640 0.0450 
   NS_SS1265  5 0.0844 0.1693 0.6574 0.0378 0.0178 0.0333 
   NS_SS1243  5 0.7670 0.0888 0.0439 0.0108 0.0123 0.0771 
   NS_SS1273  5 0.0147 0.4709 0.0118 0.0100 0.4801 0.0125 
   NS_SS1254  5 0.9258 0.0198 0.0059 0.0246 0.0149 0.0091 
   NS_SS1224  5 0.6942 0.0448 0.0126 0.1850 0.0522 0.0111 
   NS_SS1227  5 0.0064 0.0129 0.3610 0.0355 0.5814 0.0028 
   NS_SS1274  5 0.0844 0.0487 0.7628 0.0677 0.0113 0.0251 
   NS_SS1241  5 0.1907 0.0916 0.5768 0.1005 0.0390 0.0014 
   NS_SS1256  5 0.0266 0.8137 0.0390 0.0299 0.0530 0.0378 
   NS_SS1260  5 0.1990 0.0227 0.3958 0.1230 0.1736 0.0860 
   NS_SS1262  5 0.3937 0.1058 0.2859 0.0220 0.0132 0.1793 
   NS_SS1230  5 0.2239 0.2304 0.4443 0.0167 0.0701 0.0146 
   NS_SS1270  5 0.2732 0.6605 0.0157 0.0353 0.0115 0.0037 
   NS_SS1229  5 0.0059 0.0675 0.0098 0.8967 0.0141 0.0060 
   NS_SS1246  5 0.0064 0.0658 0.3057 0.5920 0.0265 0.0036 
   NS_SS1269  5 0.7973 0.0352 0.0312 0.0141 0.1190 0.0032 
   NS_SS1239  5 0.0170 0.0203 0.0438 0.6219 0.2890 0.0080 
   NS_SS1272  5 0.0140 0.9361 0.0093 0.0208 0.0119 0.0079 
   NS_SS1268  5 0.0634 0.0183 0.0543 0.0342 0.8271 0.0026 
   NS_SS1249  5 0.2536 0.0083 0.6689 0.0373 0.0161 0.0157 
   HI_SS0559  6 0.1960 0.0247 0.4617 0.2646 0.0511 0.0019 
   HI_SS0563  6 0.6706 0.0868 0.0522 0.1508 0.0358 0.0037 
   HI_SS0564  6 0.1222 0.0424 0.0752 0.6273 0.0731 0.0598 
   HI_SS0565  6 0.0130 0.2123 0.0419 0.3920 0.3369 0.0039 
   HI_SS0569  6 0.5187 0.0488 0.2959 0.1017 0.0319 0.0031 
   HI_SS0570  6 0.0689 0.0290 0.5105 0.3189 0.0322 0.0405 
   HI_SS0572  6 0.0103 0.0196 0.0076 0.9385 0.0212 0.0028 
   HI_SS0576  6 0.0271 0.4852 0.0499 0.0755 0.3538 0.0085 
   HI_SS0579  6 0.1042 0.0197 0.1158 0.7265 0.0172 0.0166 
   HI_SS0580  6 0.2006 0.0073 0.0887 0.3495 0.3494 0.0045 
   HI_SS0581  6 0.0326 0.8413 0.0082 0.0263 0.0219 0.0696 
   HI_SS0583  6 0.0192 0.1476 0.6686 0.1358 0.0252 0.0036 
   HI_SS0586  6 0.0213 0.0124 0.9433 0.0095 0.0122 0.0012 
   HI_SS0588  6 0.1671 0.1249 0.5037 0.1027 0.0687 0.0329 
   HI_SS0595  6 0.0085 0.0144 0.0305 0.0213 0.9022 0.0232 
   HI_SS0596  6 0.0070 0.0332 0.0124 0.7540 0.1903 0.0032 
   HI_SS0597  6 0.0175 0.7923 0.0136 0.1553 0.0181 0.0033 
   HI_SS0600  6 0.0799 0.5209 0.0895 0.0809 0.2238 0.0050 
   HI_SS0601  6 0.1464 0.1552 0.2637 0.3914 0.0266 0.0166 
   HI_SS0602  6 0.2067 0.0517 0.0984 0.0301 0.6094 0.0038 
   HI_SS0604  6 0.7174 0.1479 0.0304 0.0898 0.0120 0.0024 
   HI_SS0605  6 0.8954 0.0063 0.0273 0.0154 0.0472 0.0084 
   HI_SS0608  6 0.0740 0.0547 0.0574 0.1776 0.6347 0.0017 
   HI_SS0609  6 0.0547 0.8166 0.0154 0.0164 0.0958 0.0012 
   HI_SS0611  6 0.5216 0.0191 0.4131 0.0301 0.0122 0.0038 
   HI_SS0612  6 0.0088 0.2391 0.0553 0.2414 0.4471 0.0083 
   HI_SS0613  6 0.9308 0.0209 0.0182 0.0110 0.0173 0.0017 
   HI_SS0615  6 0.0198 0.0334 0.0119 0.1684 0.7532 0.0134 
   HI_SS0001  6 0.0133 0.1038 0.5434 0.1780 0.1549 0.0066 
   HI_SS0002  6 0.0240 0.8077 0.0138 0.0434 0.0727 0.0384 
   HI_SS0004  6 0.1438 0.0137 0.2998 0.4372 0.0958 0.0098 
   HI_SS0005  6 0.0254 0.5858 0.0941 0.0075 0.2781 0.0091 
   HI_SS0006  6 0.0847 0.5823 0.3006 0.0154 0.0147 0.0022 
   HI_SS0007  6 0.2588 0.0127 0.6399 0.0284 0.0565 0.0037 
   HI_SS0008  6 0.0137 0.1027 0.0516 0.2902 0.4947 0.0471 
   HI_SS0009  6 0.1924 0.0066 0.0128 0.4591 0.3233 0.0059 
   HI_SS0010  6 0.0677 0.0922 0.5645 0.0751 0.1951 0.0054 
   HI_SS0011  6 0.0125 0.8537 0.0187 0.0220 0.0185 0.0745 
   HI_SS0012  6 0.0287 0.0551 0.0096 0.3497 0.5493 0.0077 
   HI_SS0017  6 0.0138 0.0153 0.0151 0.9385 0.0146 0.0027 
   HI_SS0021  6 0.0479 0.2777 0.2996 0.0076 0.1226 0.2446 
   HI_SS0024  6 0.1452 0.4660 0.0439 0.0831 0.2591 0.0027 
   HI_SS0025  6 0.9369 0.0047 0.0090 0.0223 0.0242 0.0029 
   HI_SS0027  6 0.0464 0.0083 0.8386 0.0505 0.0356 0.0205 
   HI_SS0028  6 0.0346 0.1925 0.0065 0.0147 0.7495 0.0022 
   HI_SS0029  6 0.0153 0.3876 0.0906 0.0673 0.4266 0.0126 
   HI_SS0030  6 0.0118 0.0122 0.1005 0.8584 0.0124 0.0047 
   HI_SS0031  6 0.0065 0.1370 0.0159 0.0233 0.8118 0.0055 
   HI_SS0034  6 0.2085 0.0181 0.6153 0.1234 0.0269 0.0077 
   HI_SS0036  6 0.0102 0.0213 0.7677 0.0164 0.1640 0.0204 
   HI_SS0037  6 0.9549 0.0085 0.0204 0.0056 0.0060 0.0045 
   HI_SS0039  6 0.0952 0.2249 0.5438 0.0158 0.1150 0.0054 
   HI_SS0041  6 0.2257 0.0155 0.0122 0.3357 0.4083 0.0025 
   HI_SS0042  6 0.2354 0.1625 0.0090 0.2523 0.2207 0.1202 
   HI_SS0043  6 0.0173 0.0198 0.9200 0.0233 0.0133 0.0063 
   HI_SS0044  6 0.0163 0.0311 0.0415 0.0325 0.8752 0.0034 
   HI_SS0047  6 0.2231 0.6604 0.0294 0.0662 0.0169 0.0040 
   HI_SS0049  6 0.0482 0.0297 0.0651 0.4062 0.4453 0.0055 
   HI_SS0051  6 0.9597 0.0090 0.0116 0.0103 0.0068 0.0025 
   HI_SS0053  6 0.0102 0.0392 0.8705 0.0466 0.0260 0.0075 
   HI_SS0054  6 0.0105 0.0219 0.9433 0.0118 0.0080 0.0046 
   HI_SS0057  6 0.0703 0.7512 0.0553 0.0929 0.0262 0.0042 
   HI_SS0058  6 0.8642 0.0132 0.0507 0.0496 0.0138 0.0086 
   HI_SS0060  6 0.0192 0.1408 0.0706 0.4263 0.2557 0.0874 
   HI_SS0087  6 0.0711 0.2754 0.3200 0.2926 0.0369 0.0040 
   HI_SS0091  6 0.2308 0.0882 0.5978 0.0600 0.0217 0.0015 
   HI_SS0095  6 0.0375 0.1180 0.0445 0.6960 0.0421 0.0619 
   HI_SS0097  6 0.0470 0.3558 0.0429 0.5407 0.0084 0.0052 
   HI_SS0099  6 0.0203 0.0256 0.0108 0.0111 0.9266 0.0058 
   HI_SS0103  6 0.0191 0.1977 0.0154 0.7549 0.0097 0.0031 
   HI_SS0105  6 0.4664 0.4179 0.0184 0.0336 0.0315 0.0321 
   HI_SS0107  6 0.0083 0.0151 0.0047 0.9649 0.0059 0.0011 
   HI_SS0108  6 0.0221 0.0086 0.9244 0.0086 0.0076 0.0288 
   HI_SS0110  6 0.0142 0.3646 0.0999 0.2530 0.2666 0.0017 
   HI_SS0111  6 0.0630 0.0851 0.0843 0.1293 0.5933 0.0450 
   HI_SS0112  6 0.0073 0.0072 0.9217 0.0244 0.0375 0.0020 
   HI_SS0113  6 0.0685 0.7057 0.0082 0.2012 0.0118 0.0046 
   HI_SS0114  6 0.2912 0.0462 0.5728 0.0149 0.0674 0.0075 
   HI_SS0115  6 0.1993 0.0078 0.1844 0.3661 0.2190 0.0233 
   HI_SS0116  6 0.0573 0.0232 0.6144 0.1132 0.1869 0.0051 
   HI_SS0117  6 0.0169 0.7783 0.1278 0.0589 0.0155 0.0025 
   HI_SS0118  6 0.5705 0.1560 0.0891 0.0747 0.0930 0.0165 
   HI_SS0119  6 0.0375 0.3634 0.4994 0.0578 0.0394 0.0025 
   HI_SS0120  6 0.0128 0.0729 0.0133 0.8886 0.0082 0.0042 
   HI_SS0121  6 0.0240 0.9071 0.0116 0.0074 0.0479 0.0020 
   HI_SS0122  6 0.4222 0.2886 0.0421 0.0391 0.1757 0.0323 
   HI_SS0123  6 0.0286 0.5463 0.0337 0.2951 0.0890 0.0072 
   HI_SS0124  6 0.0375 0.0230 0.0082 0.0944 0.8332 0.0037 
   HI_SS0125  6 0.0075 0.0128 0.0061 0.0100 0.9250 0.0386 
   HI_SS0126  6 0.0090 0.0130 0.9000 0.0183 0.0587 0.0011 
   HI_SS0127  6 0.3463 0.1200 0.2518 0.1621 0.1079 0.0118 
   HI_SS0128  6 0.0122 0.3896 0.0607 0.4324 0.1019 0.0033 
   HI_SS0129  6 0.2820 0.0272 0.1115 0.1397 0.4256 0.0140 
   HI_SS0131  6 0.6095 0.0727 0.1318 0.0161 0.1253 0.0447 
   HI_SS0132  6 0.0245 0.6587 0.1297 0.0194 0.1668 0.0009 
   HI_SS0133  6 0.0068 0.0081 0.9706 0.0073 0.0051 0.0020 
   HI_SS0134  6 0.2603 0.1497 0.2465 0.1773 0.1635 0.0028 
   HI_SS0142  6 0.0985 0.8089 0.0188 0.0227 0.0278 0.0233 
   HI_SS0145  6 0.0427 0.0256 0.6052 0.2896 0.0349 0.0021 
   HI_SS0146  6 0.0084 0.0234 0.5109 0.0714 0.3845 0.0014 
   HI_SS0147  6 0.2842 0.5722 0.0073 0.0650 0.0400 0.0313 
   HI_SS0149  6 0.0057 0.9467 0.0211 0.0089 0.0135 0.0042 
   HI_SS0150  6 0.0773 0.2127 0.0172 0.0317 0.6543 0.0069 
   HI_SS0151  6 0.0260 0.0091 0.0550 0.8437 0.0518 0.0142 
   NS_SS1451  6 0.0195 0.0271 0.0098 0.0458 0.8931 0.0047 
   NS_SS1404  6 0.5902 0.0614 0.0176 0.0748 0.2461 0.0099 
   NS_SS1432  6 0.0083 0.2725 0.0066 0.0142 0.6552 0.0432 
   NS_SS1405  6 0.3112 0.0154 0.0530 0.0807 0.5365 0.0032 
   NS_SS1431  6 0.0132 0.6826 0.0099 0.0539 0.2392 0.0013 
   NS_SS1402  6 0.1226 0.0963 0.0566 0.6005 0.1197 0.0043 
   NS_SS1450  6 0.0455 0.0313 0.7472 0.1349 0.0348 0.0063 
   NS_SS1396  6 0.1037 0.6461 0.0452 0.0810 0.1152 0.0088 
   NS_SS1393  6 0.1555 0.1749 0.2627 0.1964 0.2033 0.0071 
   NS_SS1392  6 0.0605 0.0092 0.0093 0.4394 0.4601 0.0215 
   NS_SS1445  6 0.0374 0.0511 0.8415 0.0291 0.0264 0.0146 
   NS_SS1423  6 0.0078 0.2082 0.1840 0.5778 0.0201 0.0021 
   NS_SS1421  6 0.0064 0.0982 0.7252 0.0578 0.0163 0.0961 
   NS_SS1411  6 0.7296 0.0080 0.1946 0.0417 0.0240 0.0022 
   NS_SS1453  6 0.0873 0.4635 0.0762 0.3070 0.0552 0.0107 
   NS_SS1442  6 0.0380 0.3097 0.1216 0.4512 0.0743 0.0053 
   NS_SS1422  6 0.0298 0.0252 0.1882 0.7094 0.0285 0.0189 
   NS_SS1419  6 0.6900 0.0577 0.0118 0.0358 0.0547 0.1499 
   NS_SS1427  6 0.0054 0.0056 0.7912 0.0774 0.1179 0.0025 
   NS_SS1444  6 0.3557 0.2281 0.0130 0.1992 0.1995 0.0045 
   NS_SS1455  6 0.0167 0.8092 0.0157 0.1233 0.0335 0.0016 
   NS_SS1425  6 0.0183 0.0767 0.7848 0.0820 0.0360 0.0021 
   NS_SS1400  6 0.0378 0.0182 0.9237 0.0095 0.0082 0.0025 
   NS_SS1406  6 0.0154 0.9236 0.0077 0.0301 0.0159 0.0073 
   NS_SS1417  6 0.5858 0.0519 0.1059 0.1857 0.0592 0.0115 
   NS_SS1454  6 0.1284 0.5686 0.2552 0.0142 0.0313 0.0023 
   NS_SS1412  6 0.1366 0.1581 0.2398 0.2283 0.1965 0.0407 
   NS_SS1438  6 0.6815 0.0094 0.2813 0.0184 0.0079 0.0015 
   NS_SS1416  6 0.9202 0.0320 0.0078 0.0197 0.0113 0.0090 
   NS_SS1401  6 0.0172 0.6383 0.0254 0.2516 0.0509 0.0167 
   NS_SS1424  6 0.0254 0.0602 0.7844 0.0654 0.0426 0.0220 
   NS_SS1435  6 0.0218 0.0931 0.1182 0.0292 0.7358 0.0019 
   NS_SS1447  6 0.6469 0.1510 0.0242 0.1440 0.0245 0.0095 
   NS_SS1414  6 0.9515 0.0120 0.0075 0.0116 0.0102 0.0072 
   NS_SS1449  6 0.0128 0.2315 0.0401 0.6890 0.0192 0.0073 
   NS_SS1443  6 0.0071 0.0259 0.7688 0.1125 0.0831 0.0025 
   NS_SS1434  6 0.0120 0.0088 0.0402 0.9091 0.0288 0.0011 
   NS_SS1398  6 0.0181 0.0169 0.0291 0.1018 0.8092 0.0249 
   NS_SS1426  6 0.0194 0.0221 0.8897 0.0499 0.0164 0.0025 
   NS_SS1413  6 0.0114 0.0122 0.7877 0.1440 0.0280 0.0167 
   NS_SS1395  6 0.0550 0.1352 0.2631 0.4467 0.0829 0.0170 
   NS_SS1448  6 0.0426 0.0828 0.6519 0.0295 0.1908 0.0024 
   NS_SS1446  6 0.3251 0.1847 0.0493 0.2045 0.2313 0.0050 
   NS_SS1403  6 0.0329 0.6501 0.0353 0.0271 0.2452 0.0093 
   NS_SS1415  6 0.0179 0.0294 0.8822 0.0112 0.0462 0.0131 
   NS_SS1437  6 0.0288 0.6287 0.0473 0.1031 0.1790 0.0131 
   NS_SS1439  6 0.3662 0.2538 0.0201 0.0987 0.2581 0.0031 
   NS_SS1441  6 0.0490 0.2004 0.3049 0.1194 0.3224 0.0038 
   NS_SS1420  6 0.9683 0.0055 0.0059 0.0058 0.0113 0.0031 
   NS_SS1394  6 0.0516 0.0382 0.0128 0.0307 0.8225 0.0441 
   NS_SS1391  6 0.0122 0.0148 0.0653 0.8010 0.0929 0.0138 
   NS_SS1410  6 0.0822 0.6741 0.0439 0.1359 0.0440 0.0199 
   NS_SS1408  6 0.1119 0.1523 0.0714 0.5197 0.0734 0.0713 
   NS_SS1409  6 0.0308 0.0389 0.0592 0.0525 0.8154 0.0033 
   HI_SS0617  7 0.1790 0.0185 0.0236 0.7175 0.0600 0.0013 
   HI_SS0618  7 0.3031 0.0397 0.0504 0.2154 0.3884 0.0029 
   HI_SS0619  7 0.1339 0.1321 0.0434 0.0174 0.6685 0.0046 
   HI_SS0620  7 0.0232 0.0051 0.8950 0.0204 0.0531 0.0031 
   HI_SS0621  7 0.1194 0.0844 0.0274 0.3920 0.3532 0.0235 
   HI_SS0622  7 0.1929 0.0373 0.6239 0.0918 0.0325 0.0216 
   HI_SS0626  7 0.1549 0.0264 0.0305 0.0153 0.7623 0.0107 
   HI_SS0627  7 0.0117 0.8232 0.0116 0.1230 0.0166 0.0138 
   HI_SS0628  7 0.1082 0.1432 0.1609 0.0562 0.4720 0.0595 
   HI_SS0629  7 0.0214 0.0801 0.1002 0.0375 0.7527 0.0080 
   HI_SS0630  7 0.7194 0.0118 0.0754 0.0161 0.1385 0.0388 
   HI_SS0631  7 0.0725 0.0704 0.6069 0.1059 0.1430 0.0013 
   HI_SS0632  7 0.1258 0.2733 0.1974 0.3281 0.0692 0.0061 
   HI_SS0633  7 0.0180 0.0185 0.0143 0.1849 0.7594 0.0048 
   HI_SS0634  7 0.0403 0.2781 0.0234 0.0247 0.6307 0.0028 
   HI_SS0635  7 0.0585 0.0270 0.0259 0.0151 0.8626 0.0108 
   HI_SS0637  7 0.9221 0.0268 0.0083 0.0216 0.0172 0.0040 
   HI_SS0638  7 0.1357 0.0993 0.6077 0.0627 0.0925 0.0021 
   HI_SS0639  7 0.0261 0.0274 0.0075 0.0868 0.8051 0.0470 
   HI_SS0640  7 0.0358 0.0486 0.3081 0.1485 0.4558 0.0031 
   HI_SS0641  7 0.5340 0.0153 0.1412 0.0081 0.2951 0.0062 
   HI_SS0642  7 0.0106 0.5220 0.0260 0.2020 0.2350 0.0044 
   HI_SS0645  7 0.0486 0.0203 0.0097 0.0156 0.9046 0.0011 
   HI_SS0646  7 0.0168 0.3031 0.0910 0.3770 0.2076 0.0044 
   HI_SS0647  7 0.2453 0.1160 0.4357 0.1271 0.0746 0.0013 
   HI_SS0648  7 0.0141 0.0415 0.0611 0.5300 0.3487 0.0045 
   HI_SS0649  7 0.0395 0.4388 0.0814 0.0716 0.3652 0.0034 
   HI_SS0650  7 0.0964 0.0528 0.0240 0.7530 0.0671 0.0067 
   HI_SS0651  7 0.0274 0.0190 0.0538 0.7251 0.1699 0.0047 
   HI_SS0652  7 0.8815 0.0148 0.0118 0.0278 0.0602 0.0038 
   NS_SS1371  7 0.0121 0.0752 0.0756 0.1316 0.6985 0.0070 
   NS_SS1374  7 0.0538 0.0862 0.6372 0.0883 0.1294 0.0052 
   NS_SS1337  7 0.6070 0.2821 0.0377 0.0400 0.0290 0.0042 
   NS_SS1385  7 0.0162 0.1931 0.0235 0.7400 0.0219 0.0053 
   NS_SS1388  7 0.1081 0.0327 0.0445 0.0116 0.7931 0.0099 
   NS_SS1370  7 0.8343 0.1086 0.0181 0.0203 0.0078 0.0109 
   NS_SS1389  7 0.3148 0.0685 0.0115 0.0296 0.5703 0.0053 
   NS_SS1360  7 0.0716 0.0781 0.7568 0.0357 0.0491 0.0088 
   NS_SS1330  7 0.8452 0.0437 0.0084 0.0301 0.0679 0.0047 
   NS_SS1328  7 0.0085 0.0600 0.6832 0.1436 0.1009 0.0038 
   NS_SS1384  7 0.0366 0.0163 0.1246 0.6327 0.1857 0.0040 
   NS_SS1381  7 0.0190 0.0559 0.0250 0.8697 0.0291 0.0014 
   NS_SS1375  7 0.0170 0.0186 0.0163 0.0207 0.9258 0.0015 
   NS_SS1319  7 0.1688 0.0482 0.0938 0.0226 0.5627 0.1039 
   NS_SS1326  7 0.0136 0.0421 0.8416 0.0188 0.0723 0.0116 
   NS_SS1341  7 0.0383 0.7653 0.0395 0.1447 0.0064 0.0057 
   NS_SS1383  7 0.0159 0.7581 0.0349 0.1522 0.0333 0.0055 
   NS_SS1318  7 0.2270 0.0731 0.0244 0.6428 0.0133 0.0195 
   NS_SS1348  7 0.0205 0.0175 0.9338 0.0164 0.0100 0.0017 
   NS_SS1363  7 0.4331 0.3396 0.0586 0.0439 0.1171 0.0077 
   NS_SS1335  7 0.4763 0.0505 0.3901 0.0163 0.0280 0.0389 
   NS_SS1358  7 0.0100 0.2696 0.6559 0.0310 0.0111 0.0224 
   NS_SS1342  7 0.0111 0.3821 0.3923 0.1414 0.0713 0.0018 
   NS_SS1320  7 0.0430 0.1206 0.0049 0.4984 0.3242 0.0089 
   NS_SS1355  7 0.9110 0.0224 0.0117 0.0251 0.0148 0.0149 
   NS_SS1345  7 0.1014 0.0194 0.0249 0.8157 0.0134 0.0251 
   NS_SS1324  7 0.0183 0.0201 0.0406 0.1212 0.7968 0.0030 
   NS_SS1347  7 0.0280 0.1550 0.0676 0.7004 0.0448 0.0042 
   NS_SS1321  7 0.0141 0.4564 0.4666 0.0103 0.0510 0.0016 
   NS_SS1333  7 0.0053 0.0132 0.0264 0.0134 0.9380 0.0036 
   NS_SS1364  7 0.0481 0.0309 0.3620 0.5309 0.0257 0.0024 
   NS_SS1379  7 0.0581 0.1217 0.1636 0.5784 0.0097 0.0685 
   NS_SS1332  7 0.0082 0.1099 0.8092 0.0141 0.0501 0.0085 
   NS_SS1338  7 0.5259 0.0117 0.2037 0.1627 0.0845 0.0115 
   NS_SS1368  7 0.0329 0.5377 0.3214 0.0560 0.0447 0.0074 
   NS_SS1354  7 0.0774 0.4539 0.0473 0.1051 0.2948 0.0214 
   NS_SS1365  7 0.3134 0.2142 0.0329 0.2830 0.1423 0.0143 
   NS_SS1380  7 0.8623 0.0520 0.0082 0.0488 0.0072 0.0216 
   NS_SS1329  7 0.0436 0.2791 0.6186 0.0407 0.0130 0.0051 
   NS_SS1362  7 0.0262 0.0568 0.1273 0.7371 0.0459 0.0066 
   NS_SS1327  7 0.0064 0.0050 0.9720 0.0047 0.0088 0.0032 
   NS_SS1350  7 0.0647 0.0066 0.1124 0.1326 0.6719 0.0118 
   NS_SS1387  7 0.1596 0.1230 0.0391 0.0659 0.6086 0.0037 
   NS_SS1369  7 0.0900 0.0967 0.7205 0.0563 0.0303 0.0061 
   NS_SS1331  7 0.0240 0.3401 0.0478 0.0077 0.5697 0.0107 
   NS_SS1357  7 0.0059 0.1698 0.0397 0.7575 0.0229 0.0043 
   NS_SS1386  7 0.0090 0.0263 0.9380 0.0131 0.0085 0.0050 
   NS_SS1353  7 0.0132 0.6240 0.0453 0.0344 0.2781 0.0050 
   NS_SS1323  7 0.0345 0.4162 0.0223 0.3270 0.1154 0.0845 
   HI_SS0296  8 0.4192 0.0216 0.3507 0.0893 0.1164 0.0028 
   HI_SS0297  8 0.0244 0.2037 0.4805 0.2359 0.0542 0.0012 
   HI_SS0299  8 0.4720 0.0764 0.0756 0.3179 0.0122 0.0459 
   HI_SS0300  8 0.0684 0.1074 0.5842 0.1906 0.0471 0.0023 
   HI_SS0301  8 0.0398 0.8205 0.0436 0.0120 0.0797 0.0043 
   HI_SS0302  8 0.1605 0.0570 0.5977 0.1062 0.0462 0.0324 
   HI_SS0303  8 0.0094 0.0200 0.8033 0.0362 0.1217 0.0094 
   HI_SS0304  8 0.3277 0.2718 0.1182 0.0230 0.2553 0.0039 
   HI_SS0306  8 0.0091 0.0077 0.9539 0.0099 0.0137 0.0057 
   HI_SS0307  8 0.1366 0.1232 0.0159 0.0899 0.6227 0.0118 
   HI_SS0308  8 0.0121 0.0400 0.0206 0.0104 0.8537 0.0633 
   HI_SS0309  8 0.5684 0.0108 0.0067 0.3823 0.0271 0.0046 
   HI_SS0310  8 0.0960 0.0186 0.3600 0.4407 0.0755 0.0091 
   HI_SS0311  8 0.2709 0.3838 0.0953 0.0190 0.2281 0.0029 
   HI_SS0314  8 0.0110 0.1154 0.0359 0.1999 0.6361 0.0018 
   HI_SS0316  8 0.0722 0.2519 0.4459 0.1664 0.0551 0.0085 
   HI_SS0317  8 0.0948 0.0669 0.0192 0.0335 0.7828 0.0027 
   HI_SS0318  8 0.0126 0.3515 0.2642 0.0115 0.1627 0.1976 
   HI_SS0319  8 0.0068 0.0107 0.8972 0.0130 0.0660 0.0062 
   HI_SS0320  8 0.0087 0.5236 0.0068 0.0119 0.4478 0.0013 
   HI_SS0321  8 0.0266 0.1774 0.0915 0.5047 0.1975 0.0023 
   HI_SS0323  8 0.1879 0.0455 0.1421 0.0937 0.5280 0.0028 
   HI_SS0325  8 0.5697 0.0300 0.3706 0.0189 0.0083 0.0026 
   HI_SS0327  8 0.0054 0.0197 0.3220 0.6163 0.0346 0.0019 
   HI_SS0329  8 0.3053 0.3119 0.0260 0.0813 0.2736 0.0019 
   HI_SS0333  8 0.0521 0.5628 0.0479 0.1002 0.2331 0.0038 
   HI_SS0334  8 0.0334 0.1098 0.5219 0.3219 0.0112 0.0018 
   HI_SS0335  8 0.0914 0.1725 0.0206 0.6733 0.0166 0.0255 
   HI_SS0339  8 0.1940 0.3936 0.0350 0.3162 0.0429 0.0182 
   HI_SS0343  8 0.0156 0.6895 0.0105 0.2656 0.0160 0.0027 
   HI_SS0344  8 0.0089 0.0091 0.9540 0.0094 0.0138 0.0047 
   HI_SS0345  8 0.4628 0.4067 0.0355 0.0573 0.0269 0.0108 
   HI_SS0346  8 0.0248 0.8198 0.0404 0.0419 0.0690 0.0040 
   HI_SS0350  8 0.6926 0.0172 0.0112 0.1856 0.0783 0.0151 
   HI_SS0351  8 0.0281 0.1895 0.0923 0.6709 0.0145 0.0047 
   HI_SS0352  8 0.1290 0.3249 0.0328 0.2926 0.0997 0.1209 
   HI_SS0362  8 0.0248 0.0190 0.0200 0.0121 0.9218 0.0023 
   HI_SS0363  8 0.0172 0.0150 0.8171 0.1024 0.0421 0.0063 
   HI_SS0365  8 0.1634 0.0509 0.2915 0.3057 0.1814 0.0071 
   HI_SS0366  8 0.0816 0.0128 0.7982 0.0926 0.0134 0.0015 
   HI_SS0367  8 0.2306 0.6629 0.0091 0.0255 0.0682 0.0037 
   HI_SS0369  8 0.0884 0.6041 0.0149 0.0847 0.2048 0.0031 
   HI_SS0370  8 0.0088 0.0184 0.0109 0.9410 0.0169 0.0041 
   HI_SS0371  8 0.1198 0.0535 0.4967 0.1106 0.2130 0.0064 
   HI_SS0373  8 0.0077 0.0141 0.0170 0.0189 0.9321 0.0101 
   HI_SS0374  8 0.0307 0.0561 0.0221 0.2615 0.5935 0.0361 
   HI_SS0377  8 0.0242 0.0893 0.6245 0.1382 0.0281 0.0958 
   HI_SS0379  8 0.0071 0.0077 0.9715 0.0063 0.0064 0.0012 
   HI_SS0380  8 0.4254 0.0529 0.0152 0.4817 0.0167 0.0081 
   HI_SS0381  8 0.2519 0.4447 0.0250 0.0823 0.1888 0.0073 
   HI_SS0384  8 0.0536 0.1487 0.5351 0.0958 0.1549 0.0119 
   HI_SS0385  8 0.0749 0.0165 0.1418 0.0103 0.7555 0.0011 
   HI_SS0386  9 0.0022 0.0025 0.0018 0.0026 0.0014 0.9896 
   HI_SS0387  9 0.0137 0.0120 0.0165 0.0182 0.0091 0.9306 
   HI_SS0389  9 0.0032 0.0056 0.0050 0.0045 0.0040 0.9779 
   HI_SS0390  9 0.0020 0.0022 0.0024 0.0018 0.0027 0.9889 
   HI_SS0391  9 0.0046 0.0034 0.0024 0.0039 0.0038 0.9818 
   HI_SS0392  9 0.0021 0.0023 0.0024 0.0023 0.0017 0.9891 
   HI_SS0393  9 0.0022 0.0022 0.0023 0.0021 0.0021 0.9890 
   HI_SS0394  9 0.0024 0.0020 0.0021 0.0021 0.0025 0.9890 
   HI_SS0395  9 0.0050 0.0044 0.0036 0.0058 0.0057 0.9755 
   HI_SS0396  9 0.0176 0.0099 0.0080 0.0098 0.0144 0.9403 
   HI_SS0398  9 0.0062 0.0089 0.0066 0.0110 0.0062 0.9610 
   HI_SS0399  9 0.0013 0.0013 0.0016 0.0017 0.0011 0.9929 
   HI_SS0400  9 0.0028 0.0038 0.0030 0.0027 0.0026 0.9850 
   HI_SS0401  9 0.0027 0.0022 0.0026 0.0022 0.0024 0.9878 
   HI_SS0402  9 0.0023 0.0020 0.0014 0.0018 0.0018 0.9907 
   HI_SS0403  9 0.0014 0.0034 0.0029 0.0021 0.0022 0.9880 
   HI_SS0404  9 0.0021 0.0017 0.0018 0.0015 0.0013 0.9916 
   HI_SS0405  9 0.0155 0.0303 0.0102 0.0172 0.0139 0.9128 
   HI_SS0406  9 0.0028 0.0028 0.0024 0.0033 0.0033 0.9853 
   HI_SS0407  9 0.0081 0.0075 0.0074 0.0120 0.0154 0.9496 
   HI_SS0408  9 0.0017 0.0020 0.0016 0.0012 0.0022 0.9913 
   HI_SS0409  9 0.0042 0.0037 0.0037 0.0047 0.0047 0.9789 
   HI_SS0411  9 0.0031 0.0036 0.0034 0.0041 0.0051 0.9806 
   HI_SS0412  9 0.0233 0.0375 0.0298 0.0803 0.0303 0.7988 
   HI_SS0413  9 0.0030 0.0026 0.0020 0.0034 0.0032 0.9858 
   HI_SS0414  9 0.0308 0.0192 0.0091 0.0128 0.0178 0.9102 
   HI_SS0415  9 0.0029 0.0028 0.0022 0.0023 0.0033 0.9864 
   HI_SS0416  9 0.0067 0.0046 0.0055 0.0040 0.0043 0.9749 
   HI_SS0418  9 0.0050 0.0085 0.0050 0.0053 0.0076 0.9686 
   HI_SS0419  9 0.0056 0.0037 0.0040 0.0035 0.0045 0.9786 
   HI_SS0420  9 0.0032 0.0023 0.0039 0.0024 0.0034 0.9847 
   HI_SS0421  9 0.0063 0.0083 0.0044 0.0038 0.0053 0.9719 
   HI_SS0422  9 0.0023 0.0022 0.0016 0.0024 0.0020 0.9895 
   HI_SS0423  9 0.0052 0.0045 0.0067 0.0073 0.0066 0.9696 
   HI_SS0424  9 0.0029 0.0025 0.0023 0.0019 0.0030 0.9875 
   HI_SS0425  9 0.0045 0.0040 0.0026 0.0055 0.0046 0.9788 
   NS_SS1146 10 0.0031 0.0028 0.0028 0.0025 0.0030 0.9859 
   NS_SS1157 10 0.0102 0.0073 0.0091 0.0100 0.0059 0.9574 
   NS_SS1144 10 0.0237 0.0134 0.0283 0.0181 0.0152 0.9014 
   NS_SS1074 10 0.0060 0.0044 0.0051 0.0034 0.0044 0.9767 
   NS_SS1122 10 0.0072 0.0040 0.0046 0.0049 0.0061 0.9732 
   NS_SS1136 10 0.0020 0.0021 0.0015 0.0014 0.0022 0.9908 
   NS_SS1077 10 0.0010 0.0011 0.0010 0.0007 0.0010 0.9952 
   NS_SS1134 10 0.0148 0.0080 0.0124 0.0135 0.0092 0.9422 
   NS_SS1091 10 0.0033 0.0027 0.0026 0.0029 0.0037 0.9848 
   NS_SS1089 10 0.0049 0.0032 0.0035 0.0056 0.0032 0.9797 
   NS_SS1123 10 0.0019 0.0021 0.0023 0.0024 0.0025 0.9888 
   NS_SS1158 10 0.0016 0.0010 0.0014 0.0016 0.0020 0.9924 
   NS_SS1093 10 0.0031 0.0026 0.0029 0.0035 0.0028 0.9851 
   NS_SS1102 10 0.0079 0.0078 0.0067 0.0085 0.0050 0.9641 
   NS_SS1056 10 0.0026 0.0025 0.0024 0.0025 0.0024 0.9875 
   NS_SS1126 10 0.0026 0.0032 0.0039 0.0038 0.0056 0.9808 
   NS_SS1058 10 0.0075 0.0053 0.0057 0.0055 0.0064 0.9697 
   NS_SS1084 10 0.0017 0.0022 0.0024 0.0017 0.0022 0.9897 
   NS_SS1095 10 0.0059 0.0065 0.0117 0.0064 0.0073 0.9623 
   NS_SS1079 10 0.0021 0.0028 0.0028 0.0030 0.0022 0.9871 
   NS_SS1149 10 0.0038 0.0041 0.0039 0.0032 0.0043 0.9806 
   NS_SS1121 10 0.0016 0.0025 0.0022 0.0022 0.0017 0.9898 
   NS_SS1067 10 0.0085 0.0052 0.0077 0.0056 0.0074 0.9655 
   NS_SS1081 10 0.0041 0.0045 0.0029 0.0041 0.0028 0.9816 
   NS_SS1130 10 0.0047 0.0062 0.0042 0.0039 0.0041 0.9769 
   NS_SS1073 10 0.0032 0.0051 0.0026 0.0039 0.0036 0.9815 
   NS_SS1133 10 0.0137 0.0071 0.0042 0.0068 0.0120 0.9562 
   NS_SS1129 10 0.0020 0.0022 0.0027 0.0016 0.0020 0.9896 
   NS_SS1085 10 0.0034 0.0023 0.0033 0.0021 0.0028 0.9862 
   NS_SS1137 10 0.0075 0.0049 0.0054 0.0053 0.0057 0.9713 
   NS_SS1135 10 0.0016 0.0015 0.0015 0.0021 0.0017 0.9917 
   NS_SS1082 10 0.0023 0.0017 0.0017 0.0027 0.0021 0.9894 
   NS_SS1125 10 0.0025 0.0019 0.0016 0.0015 0.0023 0.9901 
   NS_SS1124 10 0.0090 0.0049 0.0058 0.0156 0.0105 0.9541 
   NS_SS1155 10 0.0057 0.0121 0.0093 0.0196 0.0082 0.9451 
   NS_SS1145 10 0.0040 0.0031 0.0018 0.0021 0.0020 0.9870 
