

----------------------------------------------------
STRUCTURE by Pritchard, Stephens and Donnelly (2000)
     and Falush, Stephens and Pritchard (2003)
       Code by Pritchard, Falush and Hubisz
             Version 2.3.4 (Jul 2012)
----------------------------------------------------



Command line arguments:   /home/genobiwan/Documents/Programs/Structure/structure -m parameter_job_k7_r3 
Input File:    /media/genobiwan/Storage/Projets/Mackerel_NWA_2021/data_job_k7_r3

Run parameters:
   629 individuals
   4140 loci
   7 populations assumed
   10000 Burn-in period
   100000 Reps


--------------------------------------------
Proportion of membership of each pre-defined
 population in each of the 7 clusters

Given    Inferred Clusters                                   Number of
 Pop       1      2      3      4      5      6      7      Individuals

  1:     0.118  0.198  0.169  0.206  0.174  0.015  0.119       67
  2:     0.141  0.228  0.275  0.111  0.187  0.012  0.045       32
  3:     0.154  0.261  0.124  0.194  0.160  0.017  0.089       92
  4:     0.139  0.133  0.137  0.206  0.181  0.018  0.186       36
  5:     0.181  0.163  0.167  0.122  0.179  0.024  0.165       41
  6:     0.151  0.148  0.168  0.183  0.179  0.016  0.155      158
  7:     0.169  0.167  0.174  0.162  0.184  0.013  0.131       79
  8:     0.201  0.114  0.153  0.179  0.165  0.017  0.172       52
  9:     0.005  0.006  0.006  0.006  0.007  0.964  0.005       36
 10:     0.005  0.005  0.005  0.005  0.005  0.970  0.005       36
--------------------------------------------

Allele-freq. divergence among pops (Net nucleotide distance),
computed using point estimates of P.

      1       2       3       4       5       6       7      
 1      -    0.0003  0.0003  0.0003  0.0003  0.0052  0.0004  
 2   0.0003     -    0.0003  0.0003  0.0003  0.0050  0.0004  
 3   0.0003  0.0003     -    0.0002  0.0003  0.0051  0.0004  
 4   0.0003  0.0003  0.0002     -    0.0002  0.0050  0.0004  
 5   0.0003  0.0003  0.0003  0.0002     -    0.0051  0.0004  
 6   0.0052  0.0050  0.0051  0.0050  0.0051     -    0.0053  
 7   0.0004  0.0004  0.0004  0.0004  0.0004  0.0053     -    

Average distances (expected heterozygosity) between individuals in same cluster:
cluster  1  : 0.3185 
cluster  2  : 0.3177 
cluster  3  : 0.3187 
cluster  4  : 0.3186 
cluster  5  : 0.3186 
cluster  6  : 0.3052 
cluster  7  : 0.3178 

--------------------------------------------
Estimated Ln Prob of Data   = -2491230.2
Mean value of ln likelihood = -2463747.7
Variance of ln likelihood   = 54964.9
Mean value of alpha         = 0.0582

Mean value of Fst_1         = 0.0048
Mean value of Fst_2         = 0.0042
Mean value of Fst_3         = 0.0043
Mean value of Fst_4         = 0.0038
Mean value of Fst_5         = 0.0039
Mean value of Fst_6         = 0.0396
Mean value of Fst_7         = 0.0060


Inferred ancestry of individuals:
        Label (%Miss) Pop:  Inferred clusters
  1 NS_SS0963    (4)    1 :  0.031 0.145 0.018 0.185 0.588 0.009 0.024 
  2 NS_SS0983    (1)    1 :  0.951 0.010 0.008 0.011 0.008 0.005 0.007 
  3 NS_SS0719    (9)    1 :  0.249 0.392 0.068 0.210 0.023 0.006 0.051 
  4 NS_SS1001    (8)    1 :  0.018 0.639 0.065 0.018 0.061 0.008 0.191 
  5 NS_SS0936    (4)    1 :  0.013 0.024 0.430 0.165 0.341 0.004 0.024 
  6 NS_SS0955    (6)    1 :  0.665 0.156 0.019 0.022 0.076 0.004 0.057 
  7 NS_SS0944    (3)    1 :  0.013 0.056 0.056 0.023 0.176 0.003 0.674 
  8 NS_SS0945    (3)    1 :  0.028 0.018 0.296 0.013 0.021 0.010 0.615 
  9 NS_SS0922    (2)    1 :  0.021 0.058 0.262 0.314 0.297 0.043 0.005 
 10 NS_SS0929    (7)    1 :  0.091 0.175 0.539 0.076 0.063 0.005 0.050 
 11 NS_SS0956    (1)    1 :  0.009 0.878 0.043 0.041 0.008 0.005 0.016 
 12 NS_SS0906    (3)    1 :  0.028 0.141 0.020 0.353 0.364 0.005 0.089 
 13 NS_SS0721    (6)    1 :  0.119 0.685 0.043 0.095 0.021 0.006 0.031 
 14 NS_SS0982    (4)    1 :  0.023 0.094 0.010 0.655 0.194 0.018 0.006 
 15 NS_SS0923    (6)    1 :  0.052 0.283 0.412 0.194 0.035 0.007 0.017 
 16 NS_SS0905    (6)    1 :  0.071 0.046 0.009 0.825 0.021 0.002 0.025 
 17 NS_SS0925    (3)    1 :  0.013 0.021 0.012 0.019 0.922 0.006 0.007 
 18 NS_SS0947    (6)    1 :  0.031 0.229 0.021 0.064 0.593 0.008 0.054 
 19 NS_SS0926    (2)    1 :  0.223 0.021 0.134 0.099 0.005 0.002 0.516 
 20 NS_SS0918    (6)    1 :  0.189 0.108 0.053 0.086 0.043 0.005 0.517 
 21 NS_SS0966    (4)    1 :  0.062 0.129 0.145 0.435 0.126 0.069 0.033 
 22 NS_SS0938    (2)    1 :  0.016 0.024 0.740 0.174 0.034 0.003 0.009 
 23 NS_SS0917    (2)    1 :  0.315 0.127 0.032 0.302 0.136 0.054 0.034 
 24 NS_SS0957   (11)    1 :  0.010 0.060 0.835 0.054 0.025 0.007 0.009 
 25 NS_SS0987    (1)    1 :  0.048 0.429 0.050 0.187 0.042 0.232 0.010 
 26 NS_SS0717    (4)    1 :  0.039 0.403 0.019 0.401 0.088 0.005 0.044 
 27 NS_SS0986    (2)    1 :  0.017 0.924 0.019 0.014 0.004 0.004 0.017 
 28 NS_SS0953    (3)    1 :  0.028 0.023 0.014 0.014 0.880 0.025 0.016 
 29 NS_SS0907    (3)    1 :  0.138 0.150 0.017 0.139 0.493 0.049 0.014 
 30 NS_SS0974    (6)    1 :  0.034 0.030 0.061 0.030 0.314 0.005 0.526 
 31 NS_SS0989    (1)    1 :  0.659 0.022 0.093 0.050 0.153 0.002 0.020 
 32 NS_SS0991    (3)    1 :  0.366 0.200 0.011 0.020 0.034 0.002 0.366 
 33 NS_SS0994    (2)    1 :  0.703 0.009 0.027 0.006 0.020 0.003 0.233 
 34 NS_SS0931    (6)    1 :  0.021 0.005 0.832 0.074 0.010 0.009 0.049 
 35 NS_SS1000    (5)    1 :  0.016 0.435 0.096 0.163 0.128 0.004 0.157 
 36 NS_SS0919    (1)    1 :  0.132 0.014 0.019 0.783 0.022 0.004 0.024 
 37 NS_SS0949    (4)    1 :  0.145 0.020 0.081 0.019 0.128 0.002 0.605 
 38 NS_SS0960   (10)    1 :  0.059 0.073 0.039 0.243 0.053 0.011 0.522 
 39 NS_SS0716    (2)    1 :  0.007 0.823 0.016 0.118 0.011 0.009 0.016 
 40 NS_SS0924    (8)    1 :  0.081 0.829 0.018 0.016 0.024 0.018 0.014 
 41 NS_SS0935    (2)    1 :  0.291 0.023 0.196 0.040 0.330 0.017 0.103 
 42 NS_SS0952   (14)    1 :  0.196 0.032 0.017 0.058 0.094 0.056 0.546 
 43 NS_SS0962   (11)    1 :  0.021 0.042 0.067 0.824 0.015 0.012 0.018 
 44 NS_SS0973    (5)    1 :  0.026 0.023 0.012 0.011 0.913 0.006 0.009 
 45 NS_SS0722    (1)    1 :  0.008 0.031 0.295 0.015 0.640 0.004 0.007 
 46 NS_SS0979   (13)    1 :  0.146 0.150 0.065 0.576 0.035 0.003 0.025 
 47 NS_SS0993    (2)    1 :  0.019 0.013 0.439 0.198 0.292 0.027 0.012 
 48 NS_SS0958    (1)    1 :  0.017 0.023 0.039 0.110 0.013 0.003 0.797 
 49 NS_SS0988    (4)    1 :  0.053 0.028 0.033 0.727 0.114 0.005 0.039 
 50 NS_SS1003    (2)    1 :  0.015 0.110 0.056 0.762 0.033 0.014 0.010 
 51 NS_SS0976    (1)    1 :  0.136 0.021 0.749 0.020 0.023 0.003 0.049 
 52 NS_SS0964   (10)    1 :  0.014 0.583 0.141 0.073 0.171 0.004 0.013 
 53 NS_SS0939    (4)    1 :  0.004 0.008 0.940 0.012 0.004 0.006 0.025 
 54 NS_SS0990    (6)    1 :  0.321 0.106 0.506 0.030 0.008 0.005 0.024 
 55 NS_SS0984    (2)    1 :  0.015 0.014 0.822 0.119 0.022 0.003 0.004 
 56 NS_SS0980   (10)    1 :  0.016 0.007 0.016 0.015 0.937 0.003 0.006 
 57 NS_SS0978    (4)    1 :  0.040 0.087 0.125 0.109 0.579 0.005 0.056 
 58 NS_SS0951   (18)    1 :  0.067 0.817 0.014 0.010 0.037 0.003 0.051 
 59 NS_SS0913    (3)    1 :  0.008 0.893 0.013 0.013 0.018 0.039 0.015 
 60 NS_SS1002    (1)    1 :  0.013 0.020 0.012 0.848 0.032 0.042 0.033 
 61 NS_SS0948    (1)    1 :  0.039 0.030 0.232 0.601 0.016 0.056 0.026 
 62 NS_SS0916    (4)    1 :  0.034 0.012 0.660 0.171 0.107 0.005 0.011 
 63 NS_SS0995    (1)    1 :  0.111 0.141 0.050 0.496 0.184 0.004 0.014 
 64 NS_SS0927    (6)    1 :  0.291 0.075 0.018 0.465 0.100 0.008 0.042 
 65 NS_SS0992    (5)    1 :  0.029 0.503 0.025 0.076 0.335 0.004 0.027 
 66 NS_SS0912    (1)    1 :  0.230 0.382 0.043 0.034 0.008 0.004 0.299 
 67 NS_SS0981    (1)    1 :  0.040 0.189 0.079 0.640 0.028 0.006 0.018 
 68 NS_SS0729    (5)    2 :  0.774 0.010 0.013 0.005 0.160 0.005 0.032 
 69 NS_SS0967   (15)    2 :  0.056 0.102 0.140 0.573 0.074 0.015 0.039 
 70 NS_SS0941    (8)    2 :  0.038 0.022 0.764 0.012 0.067 0.085 0.013 
 71 NS_SS0768   (12)    2 :  0.013 0.870 0.008 0.021 0.022 0.007 0.059 
 72 NS_SS0726    (5)    2 :  0.426 0.015 0.317 0.029 0.182 0.012 0.019 
 73 NS_SS0763    (4)    2 :  0.752 0.067 0.026 0.056 0.059 0.003 0.037 
 74 NS_SS0730    (6)    2 :  0.012 0.021 0.050 0.854 0.029 0.005 0.030 
 75 NS_SS0774    (2)    2 :  0.011 0.020 0.878 0.011 0.069 0.001 0.009 
 76 NS_SS0723    (3)    2 :  0.024 0.021 0.012 0.057 0.876 0.002 0.008 
 77 NS_SS0940   (10)    2 :  0.032 0.024 0.818 0.045 0.028 0.009 0.044 
 78 NS_SS0762    (1)    2 :  0.013 0.076 0.039 0.122 0.733 0.004 0.012 
 79 NS_SS0766   (11)    2 :  0.090 0.104 0.573 0.068 0.094 0.029 0.042 
 80 NS_SS0724    (1)    2 :  0.019 0.776 0.033 0.030 0.113 0.004 0.025 
 81 NS_SS0769    (3)    2 :  0.232 0.536 0.010 0.178 0.021 0.006 0.017 
 82 NS_SS0777    (1)    2 :  0.102 0.016 0.240 0.444 0.027 0.017 0.154 
 83 NS_SS0734    (6)    2 :  0.021 0.150 0.163 0.128 0.056 0.040 0.442 
 84 NS_SS0737    (3)    2 :  0.018 0.051 0.641 0.026 0.243 0.008 0.013 
 85 NS_SS0732    (5)    2 :  0.099 0.352 0.016 0.149 0.337 0.012 0.033 
 86 NS_SS0728    (5)    2 :  0.085 0.722 0.065 0.019 0.076 0.014 0.019 
 87 NS_SS0735    (9)    2 :  0.059 0.042 0.053 0.026 0.790 0.010 0.019 
 88 NS_SS0725    (1)    2 :  0.100 0.204 0.596 0.009 0.045 0.010 0.036 
 89 NS_SS0788    (2)    2 :  0.063 0.012 0.038 0.132 0.736 0.002 0.016 
 90 NS_SS0778    (2)    2 :  0.361 0.023 0.441 0.075 0.066 0.003 0.030 
 91 NS_SS0792    (6)    2 :  0.020 0.786 0.028 0.101 0.037 0.007 0.021 
 92 NS_SS0943   (11)    2 :  0.208 0.231 0.013 0.041 0.372 0.012 0.123 
 93 NS_SS0791    (2)    2 :  0.129 0.136 0.469 0.063 0.163 0.020 0.021 
 94 NS_SS0790    (5)    2 :  0.004 0.911 0.005 0.011 0.061 0.004 0.005 
 95 NS_SS0731    (6)    2 :  0.022 0.882 0.022 0.015 0.025 0.016 0.018 
 96 NS_SS0727    (7)    2 :  0.525 0.048 0.125 0.009 0.253 0.002 0.038 
 97 NS_SS0779   (13)    2 :  0.185 0.017 0.465 0.190 0.116 0.008 0.019 
 98 NS_SS0776    (3)    2 :  0.018 0.015 0.887 0.010 0.017 0.013 0.039 
 99 NS_SS0775    (5)    2 :  0.009 0.038 0.861 0.030 0.037 0.010 0.015 
100 NS_SS0965    (3)    3 :  0.044 0.335 0.106 0.412 0.070 0.002 0.030 
101 NS_SS0754   (14)    3 :  0.507 0.068 0.207 0.042 0.096 0.018 0.060 
102 NS_SS0838    (5)    3 :  0.203 0.384 0.276 0.024 0.014 0.046 0.054 
103 NS_SS0839    (3)    3 :  0.011 0.557 0.362 0.032 0.024 0.005 0.008 
104 NS_SS0832    (4)    3 :  0.030 0.311 0.030 0.160 0.405 0.056 0.008 
105 NS_SS0820    (5)    3 :  0.007 0.862 0.015 0.082 0.022 0.007 0.007 
106 NS_SS0886    (9)    3 :  0.446 0.075 0.183 0.157 0.101 0.002 0.036 
107 NS_SS0748    (5)    3 :  0.078 0.079 0.435 0.111 0.074 0.013 0.210 
108 NS_SS0884    (9)    3 :  0.112 0.097 0.133 0.055 0.509 0.035 0.059 
109 NS_SS0752    (4)    3 :  0.023 0.026 0.042 0.022 0.838 0.003 0.046 
110 NS_SS0862    (1)    3 :  0.063 0.670 0.012 0.073 0.165 0.008 0.009 
111 NS_SS0787    (9)    3 :  0.056 0.007 0.007 0.009 0.014 0.008 0.899 
112 NS_SS0843    (6)    3 :  0.436 0.180 0.042 0.052 0.277 0.004 0.009 
113 NS_SS0856    (4)    3 :  0.104 0.403 0.011 0.377 0.056 0.005 0.045 
114 NS_SS0846    (2)    3 :  0.633 0.033 0.016 0.134 0.148 0.004 0.033 
115 NS_SS0825    (1)    3 :  0.051 0.055 0.019 0.671 0.028 0.021 0.155 
116 NS_SS0757    (3)    3 :  0.275 0.075 0.035 0.055 0.499 0.004 0.056 
117 NS_SS0876    (3)    3 :  0.019 0.246 0.012 0.340 0.159 0.208 0.015 
118 NS_SS0903   (10)    3 :  0.009 0.014 0.020 0.017 0.927 0.004 0.011 
119 NS_SS0875    (7)    3 :  0.067 0.035 0.047 0.750 0.009 0.004 0.087 
120 NS_SS0740    (5)    3 :  0.318 0.050 0.030 0.036 0.548 0.005 0.013 
121 NS_SS0811    (5)    3 :  0.010 0.897 0.010 0.048 0.010 0.011 0.014 
122 NS_SS0751    (1)    3 :  0.010 0.013 0.187 0.427 0.034 0.003 0.326 
123 NS_SS0891    (6)    3 :  0.061 0.137 0.388 0.246 0.135 0.010 0.022 
124 NS_SS0867    (2)    3 :  0.192 0.051 0.017 0.345 0.326 0.037 0.032 
125 NS_SS0890    (6)    3 :  0.059 0.032 0.057 0.690 0.106 0.006 0.051 
126 NS_SS0866   (12)    3 :  0.799 0.015 0.047 0.018 0.015 0.006 0.101 
127 NS_SS0755    (4)    3 :  0.051 0.570 0.097 0.221 0.034 0.008 0.019 
128 NS_SS0758    (4)    3 :  0.858 0.029 0.022 0.046 0.030 0.003 0.011 
129 NS_SS0840    (2)    3 :  0.022 0.743 0.024 0.125 0.034 0.003 0.049 
130 NS_SS0889    (4)    3 :  0.160 0.375 0.010 0.018 0.019 0.003 0.415 
131 NS_SS1010    (1)    3 :  0.048 0.158 0.013 0.648 0.033 0.056 0.043 
132 NS_SS0888    (5)    3 :  0.406 0.057 0.030 0.017 0.354 0.003 0.134 
133 NS_SS0837    (3)    3 :  0.016 0.526 0.011 0.040 0.355 0.004 0.048 
134 NS_SS0794   (10)    3 :  0.046 0.466 0.019 0.009 0.031 0.003 0.426 
135 NS_SS0823    (5)    3 :  0.042 0.775 0.033 0.042 0.075 0.005 0.027 
136 NS_SS0829    (7)    3 :  0.310 0.309 0.015 0.015 0.012 0.096 0.243 
137 NS_SS0844    (5)    3 :  0.013 0.643 0.004 0.029 0.302 0.003 0.006 
138 NS_SS1008    (6)    3 :  0.217 0.201 0.044 0.024 0.248 0.020 0.245 
139 NS_SS0881    (3)    3 :  0.013 0.014 0.348 0.503 0.026 0.004 0.092 
140 NS_SS0834    (6)    3 :  0.038 0.129 0.327 0.042 0.419 0.010 0.035 
141 NS_SS0744   (10)    3 :  0.113 0.702 0.027 0.038 0.089 0.011 0.020 
142 NS_SS0899    (7)    3 :  0.029 0.814 0.031 0.051 0.058 0.002 0.016 
143 NS_SS0804    (5)    3 :  0.020 0.720 0.046 0.159 0.043 0.007 0.006 
144 NS_SS0781   (10)    3 :  0.049 0.119 0.235 0.528 0.053 0.006 0.010 
145 NS_SS0822    (6)    3 :  0.459 0.019 0.131 0.018 0.226 0.003 0.144 
146 NS_SS1004    (4)    3 :  0.028 0.471 0.136 0.187 0.162 0.004 0.011 
147 NS_SS0746    (5)    3 :  0.063 0.756 0.027 0.064 0.029 0.016 0.046 
148 NS_SS0880    (3)    3 :  0.015 0.014 0.809 0.028 0.050 0.002 0.082 
149 NS_SS0879    (5)    3 :  0.098 0.392 0.080 0.043 0.344 0.023 0.020 
150 NS_SS0753    (2)    3 :  0.506 0.019 0.025 0.149 0.243 0.017 0.040 
151 NS_SS1007    (3)    3 :  0.157 0.029 0.092 0.611 0.075 0.003 0.033 
152 NS_SS0872    (5)    3 :  0.017 0.078 0.114 0.648 0.128 0.004 0.010 
153 NS_SS1005    (7)    3 :  0.056 0.481 0.197 0.070 0.140 0.001 0.055 
154 NS_SS0892    (6)    3 :  0.021 0.048 0.085 0.761 0.053 0.003 0.029 
155 NS_SS0898    (0)    3 :  0.022 0.008 0.816 0.060 0.015 0.007 0.072 
156 NS_SS0801    (9)    3 :  0.010 0.907 0.017 0.015 0.025 0.013 0.013 
157 NS_SS0827    (9)    3 :  0.158 0.035 0.047 0.613 0.015 0.117 0.015 
158 NS_SS0853    (7)    3 :  0.027 0.746 0.017 0.183 0.006 0.007 0.015 
159 NS_SS0780    (2)    3 :  0.039 0.026 0.460 0.403 0.057 0.005 0.010 
160 NS_SS0826   (10)    3 :  0.024 0.015 0.055 0.769 0.027 0.004 0.105 
161 NS_SS0818    (5)    3 :  0.017 0.023 0.208 0.380 0.321 0.002 0.048 
162 NS_SS0745    (1)    3 :  0.005 0.018 0.898 0.020 0.011 0.002 0.046 
163 NS_SS0849    (3)    3 :  0.080 0.520 0.192 0.085 0.058 0.002 0.063 
164 NS_SS0739    (3)    3 :  0.079 0.041 0.108 0.586 0.075 0.025 0.085 
165 NS_SS0799    (1)    3 :  0.416 0.023 0.016 0.023 0.445 0.001 0.074 
166 NS_SS0756    (3)    3 :  0.009 0.037 0.019 0.866 0.053 0.004 0.013 
167 NS_SS0802    (2)    3 :  0.310 0.016 0.012 0.234 0.144 0.215 0.070 
168 NS_SS0747    (6)    3 :  0.211 0.065 0.039 0.129 0.531 0.008 0.017 
169 NS_SS0835    (1)    3 :  0.907 0.009 0.008 0.034 0.027 0.002 0.014 
170 NS_SS0742   (19)    3 :  0.097 0.167 0.087 0.481 0.118 0.002 0.047 
171 NS_SS0760    (9)    3 :  0.197 0.060 0.015 0.013 0.014 0.062 0.639 
172 NS_SS0803    (4)    3 :  0.018 0.043 0.021 0.018 0.883 0.012 0.006 
173 NS_SS0828   (14)    3 :  0.049 0.025 0.762 0.073 0.061 0.002 0.028 
174 NS_SS0865    (2)    3 :  0.054 0.536 0.016 0.257 0.062 0.032 0.043 
175 NS_SS0759    (5)    3 :  0.019 0.220 0.040 0.663 0.038 0.006 0.013 
176 NS_SS0851    (5)    3 :  0.009 0.832 0.107 0.012 0.006 0.015 0.018 
177 NS_SS0874   (16)    3 :  0.154 0.082 0.038 0.018 0.695 0.003 0.010 
178 NS_SS0761    (6)    3 :  0.478 0.193 0.020 0.028 0.014 0.003 0.263 
179 NS_SS0842   (26)    3 :  0.047 0.389 0.327 0.128 0.054 0.012 0.042 
180 NS_SS0785    (6)    3 :  0.063 0.131 0.101 0.119 0.522 0.011 0.052 
181 NS_SS0860   (11)    3 :  0.904 0.026 0.008 0.010 0.017 0.004 0.032 
182 NS_SS0897    (7)    3 :  0.030 0.018 0.014 0.011 0.014 0.003 0.909 
183 NS_SS0841   (15)    3 :  0.011 0.641 0.063 0.191 0.016 0.004 0.073 
184 NS_SS0797    (7)    3 :  0.055 0.095 0.363 0.083 0.013 0.033 0.359 
185 NS_SS0830   (11)    3 :  0.073 0.030 0.096 0.393 0.324 0.003 0.080 
186 NS_SS1011    (5)    3 :  0.053 0.318 0.143 0.215 0.251 0.009 0.010 
187 NS_SS0883    (5)    3 :  0.095 0.730 0.011 0.111 0.027 0.010 0.016 
188 NS_SS0782    (2)    3 :  0.058 0.578 0.176 0.021 0.111 0.004 0.053 
189 NS_SS0831    (5)    3 :  0.489 0.415 0.021 0.009 0.015 0.005 0.046 
190 NS_SS0749    (7)    3 :  0.221 0.208 0.287 0.099 0.118 0.008 0.060 
191 NS_SS0854    (2)    3 :  0.179 0.450 0.040 0.015 0.279 0.005 0.032 
192 HI_SS0193    (0)    4 :  0.018 0.011 0.126 0.010 0.021 0.002 0.811 
193 HI_SS0194    (1)    4 :  0.016 0.080 0.734 0.012 0.112 0.003 0.044 
194 HI_SS0195   (10)    4 :  0.009 0.332 0.515 0.025 0.011 0.101 0.007 
195 HI_SS0196    (6)    4 :  0.015 0.175 0.031 0.012 0.069 0.005 0.693 
196 HI_SS0197    (3)    4 :  0.025 0.019 0.029 0.894 0.010 0.017 0.006 
197 HI_SS0198    (1)    4 :  0.065 0.182 0.279 0.065 0.335 0.016 0.057 
198 HI_SS0199    (1)    4 :  0.407 0.011 0.059 0.033 0.468 0.004 0.019 
199 HI_SS0201    (5)    4 :  0.457 0.143 0.036 0.014 0.035 0.003 0.312 
200 HI_SS0215    (1)    4 :  0.656 0.252 0.011 0.039 0.014 0.004 0.025 
201 HI_SS0218    (1)    4 :  0.053 0.042 0.119 0.012 0.012 0.010 0.751 
202 HI_SS0222    (0)    4 :  0.177 0.197 0.443 0.132 0.021 0.009 0.022 
203 HI_SS0230    (1)    4 :  0.125 0.153 0.033 0.632 0.032 0.007 0.017 
204 HI_SS0234    (2)    4 :  0.126 0.014 0.011 0.287 0.403 0.151 0.007 
205 HI_SS0240    (1)    4 :  0.073 0.039 0.102 0.078 0.672 0.012 0.025 
206 HI_SS0241    (0)    4 :  0.174 0.066 0.175 0.518 0.034 0.003 0.031 
207 HI_SS0242    (0)    4 :  0.124 0.035 0.213 0.561 0.029 0.003 0.035 
208 HI_SS0247    (0)    4 :  0.013 0.056 0.179 0.071 0.629 0.028 0.024 
209 HI_SS0248    (1)    4 :  0.349 0.009 0.018 0.009 0.067 0.002 0.547 
210 HI_SS0252    (2)    4 :  0.057 0.706 0.027 0.012 0.136 0.004 0.057 
211 HI_SS0254    (0)    4 :  0.040 0.006 0.060 0.769 0.019 0.079 0.027 
212 HI_SS0256    (0)    4 :  0.005 0.101 0.007 0.246 0.631 0.002 0.008 
213 HI_SS0257    (0)    4 :  0.494 0.011 0.012 0.017 0.444 0.006 0.017 
214 HI_SS0258    (1)    4 :  0.033 0.023 0.014 0.020 0.041 0.007 0.863 
215 HI_SS0259    (1)    4 :  0.016 0.102 0.373 0.025 0.472 0.003 0.008 
216 HI_SS0260    (1)    4 :  0.247 0.028 0.027 0.034 0.524 0.003 0.137 
217 HI_SS0261    (2)    4 :  0.016 0.007 0.793 0.036 0.103 0.004 0.040 
218 HI_SS0262    (0)    4 :  0.021 0.283 0.028 0.554 0.089 0.009 0.016 
219 HI_SS0264    (0)    4 :  0.016 0.529 0.025 0.357 0.011 0.005 0.056 
220 HI_SS0265    (0)    4 :  0.018 0.139 0.018 0.629 0.065 0.117 0.014 
221 HI_SS0268    (1)    4 :  0.013 0.026 0.022 0.269 0.011 0.004 0.654 
222 HI_SS0269    (0)    4 :  0.562 0.009 0.150 0.132 0.101 0.003 0.043 
223 HI_SS0273    (0)    4 :  0.044 0.014 0.009 0.040 0.026 0.003 0.864 
224 HI_SS0277    (1)    4 :  0.082 0.023 0.024 0.778 0.017 0.004 0.072 
225 HI_SS0280    (0)    4 :  0.025 0.676 0.164 0.024 0.021 0.009 0.081 
226 HI_SS0282    (1)    4 :  0.025 0.040 0.007 0.010 0.642 0.002 0.273 
227 HI_SS0286    (1)    4 :  0.406 0.249 0.055 0.064 0.185 0.012 0.030 
228 NS_SS1252    (3)    5 :  0.929 0.007 0.006 0.008 0.012 0.004 0.033 
229 NS_SS1261    (1)    5 :  0.121 0.045 0.038 0.311 0.146 0.028 0.311 
230 NS_SS1225   (10)    5 :  0.613 0.025 0.011 0.025 0.196 0.101 0.029 
231 NS_SS1266    (1)    5 :  0.017 0.524 0.034 0.062 0.343 0.012 0.008 
232 NS_SS1228    (0)    5 :  0.011 0.190 0.320 0.402 0.023 0.022 0.033 
233 NS_SS1255    (3)    5 :  0.006 0.024 0.020 0.022 0.170 0.001 0.757 
234 NS_SS1267    (3)    5 :  0.931 0.011 0.012 0.007 0.009 0.014 0.015 
235 NS_SS1238    (6)    5 :  0.008 0.005 0.015 0.017 0.007 0.004 0.944 
236 NS_SS1233    (8)    5 :  0.152 0.014 0.021 0.159 0.020 0.003 0.632 
237 NS_SS1277    (3)    5 :  0.031 0.005 0.901 0.012 0.022 0.001 0.027 
238 NS_SS1245    (1)    5 :  0.384 0.048 0.326 0.030 0.137 0.002 0.072 
239 NS_SS1240    (4)    5 :  0.934 0.009 0.011 0.016 0.005 0.002 0.022 
240 NS_SS1275    (2)    5 :  0.008 0.160 0.421 0.345 0.055 0.005 0.007 
241 NS_SS1235    (1)    5 :  0.015 0.007 0.038 0.022 0.853 0.007 0.058 
242 NS_SS1263    (1)    5 :  0.040 0.016 0.194 0.033 0.662 0.001 0.054 
243 NS_SS1251    (2)    5 :  0.037 0.024 0.060 0.567 0.288 0.003 0.021 
244 NS_SS1248    (0)    5 :  0.018 0.270 0.199 0.146 0.010 0.123 0.235 
245 NS_SS1244    (0)    5 :  0.011 0.027 0.780 0.116 0.015 0.005 0.046 
246 NS_SS1257    (1)    5 :  0.456 0.112 0.159 0.146 0.018 0.054 0.055 
247 NS_SS1242    (2)    5 :  0.015 0.191 0.011 0.052 0.699 0.004 0.028 
248 NS_SS1271    (6)    5 :  0.071 0.006 0.792 0.028 0.041 0.036 0.026 
249 NS_SS1265    (1)    5 :  0.212 0.043 0.056 0.024 0.023 0.037 0.605 
250 NS_SS1243    (0)    5 :  0.015 0.837 0.028 0.010 0.016 0.073 0.021 
251 NS_SS1273    (1)    5 :  0.006 0.014 0.566 0.315 0.013 0.016 0.070 
252 NS_SS1254   (14)    5 :  0.139 0.654 0.029 0.060 0.091 0.009 0.018 
253 NS_SS1224    (1)    5 :  0.014 0.786 0.014 0.051 0.114 0.011 0.010 
254 NS_SS1227    (8)    5 :  0.378 0.007 0.021 0.509 0.030 0.003 0.051 
255 NS_SS1274    (9)    5 :  0.633 0.036 0.093 0.012 0.115 0.022 0.089 
256 NS_SS1241    (1)    5 :  0.023 0.119 0.038 0.031 0.066 0.001 0.721 
257 NS_SS1256    (3)    5 :  0.071 0.188 0.204 0.213 0.200 0.056 0.068 
258 NS_SS1260    (8)    5 :  0.474 0.126 0.010 0.022 0.261 0.083 0.025 
259 NS_SS1262    (0)    5 :  0.093 0.119 0.013 0.465 0.093 0.177 0.039 
260 NS_SS1230    (0)    5 :  0.014 0.169 0.025 0.036 0.016 0.013 0.728 
261 NS_SS1270    (2)    5 :  0.018 0.576 0.044 0.087 0.234 0.003 0.038 
262 NS_SS1229    (2)    5 :  0.027 0.010 0.068 0.152 0.721 0.006 0.016 
263 NS_SS1246    (5)    5 :  0.269 0.008 0.577 0.007 0.035 0.005 0.099 
264 NS_SS1269    (0)    5 :  0.042 0.716 0.019 0.036 0.011 0.003 0.173 
265 NS_SS1239    (1)    5 :  0.017 0.014 0.017 0.027 0.910 0.007 0.009 
266 NS_SS1272    (5)    5 :  0.115 0.084 0.439 0.301 0.017 0.010 0.035 
267 NS_SS1268    (1)    5 :  0.021 0.287 0.023 0.089 0.528 0.003 0.048 
268 NS_SS1249    (1)    5 :  0.037 0.159 0.185 0.012 0.105 0.020 0.481 
269 HI_SS0559    (0)    6 :  0.021 0.027 0.032 0.016 0.873 0.002 0.029 
270 HI_SS0563    (1)    6 :  0.177 0.238 0.202 0.116 0.171 0.005 0.091 
271 HI_SS0564    (0)    6 :  0.306 0.023 0.222 0.073 0.304 0.057 0.014 
272 HI_SS0565    (0)    6 :  0.206 0.008 0.067 0.582 0.113 0.005 0.019 
273 HI_SS0569    (1)    6 :  0.442 0.025 0.205 0.118 0.027 0.003 0.180 
274 HI_SS0570    (0)    6 :  0.056 0.018 0.049 0.011 0.030 0.050 0.785 
275 HI_SS0572    (1)    6 :  0.010 0.016 0.007 0.007 0.950 0.004 0.007 
276 HI_SS0576    (1)    6 :  0.014 0.029 0.039 0.171 0.463 0.009 0.275 
277 HI_SS0579    (1)    6 :  0.011 0.021 0.033 0.012 0.894 0.018 0.011 
278 HI_SS0580    (1)    6 :  0.086 0.325 0.072 0.038 0.437 0.006 0.036 
279 HI_SS0581    (0)    6 :  0.016 0.711 0.046 0.121 0.014 0.070 0.023 
280 HI_SS0583    (1)    6 :  0.953 0.007 0.007 0.012 0.013 0.003 0.005 
281 HI_SS0586    (1)    6 :  0.911 0.013 0.009 0.030 0.006 0.001 0.029 
282 HI_SS0588    (1)    6 :  0.584 0.117 0.037 0.037 0.069 0.032 0.124 
283 HI_SS0595    (4)    6 :  0.085 0.016 0.249 0.449 0.049 0.027 0.126 
284 HI_SS0596    (0)    6 :  0.006 0.015 0.116 0.147 0.701 0.002 0.014 
285 HI_SS0597    (1)    6 :  0.050 0.028 0.630 0.065 0.189 0.003 0.035 
286 HI_SS0600    (0)    6 :  0.115 0.028 0.159 0.605 0.076 0.006 0.011 
287 HI_SS0601    (1)    6 :  0.069 0.023 0.028 0.393 0.458 0.015 0.013 
288 HI_SS0602    (1)    6 :  0.243 0.508 0.016 0.155 0.050 0.003 0.026 
289 HI_SS0604    (0)    6 :  0.189 0.707 0.037 0.024 0.025 0.003 0.014 
290 HI_SS0605    (1)    6 :  0.081 0.821 0.020 0.020 0.023 0.013 0.021 
291 HI_SS0608    (0)    6 :  0.049 0.017 0.739 0.140 0.018 0.002 0.035 
292 HI_SS0609    (0)    6 :  0.029 0.150 0.021 0.514 0.210 0.001 0.076 
293 HI_SS0611    (5)    6 :  0.279 0.546 0.009 0.015 0.119 0.004 0.027 
294 HI_SS0612    (0)    6 :  0.018 0.009 0.017 0.038 0.891 0.008 0.020 
295 HI_SS0613    (1)    6 :  0.040 0.888 0.006 0.023 0.017 0.003 0.022 
296 HI_SS0615    (1)    6 :  0.012 0.020 0.037 0.742 0.160 0.016 0.013 
297 HI_SS0001    (1)    6 :  0.043 0.018 0.873 0.011 0.030 0.004 0.020 
298 HI_SS0002    (1)    6 :  0.066 0.085 0.017 0.568 0.222 0.029 0.013 
299 HI_SS0004    (0)    6 :  0.146 0.123 0.176 0.011 0.072 0.010 0.463 
300 HI_SS0005    (1)    6 :  0.024 0.353 0.091 0.267 0.020 0.010 0.235 
301 HI_SS0006    (1)    6 :  0.900 0.011 0.012 0.017 0.037 0.002 0.021 
302 HI_SS0007    (1)    6 :  0.015 0.246 0.459 0.006 0.012 0.003 0.260 
303 HI_SS0008    (0)    6 :  0.024 0.013 0.008 0.865 0.044 0.037 0.008 
304 HI_SS0009    (0)    6 :  0.013 0.212 0.100 0.008 0.618 0.006 0.043 
305 HI_SS0010    (1)    6 :  0.015 0.034 0.029 0.664 0.018 0.005 0.236 
306 HI_SS0011    (1)    6 :  0.025 0.050 0.114 0.521 0.036 0.106 0.148 
307 HI_SS0012    (0)    6 :  0.062 0.089 0.013 0.461 0.362 0.007 0.006 
308 HI_SS0017    (1)    6 :  0.007 0.012 0.851 0.011 0.081 0.003 0.035 
309 HI_SS0021    (1)    6 :  0.138 0.037 0.037 0.480 0.010 0.217 0.081 
310 HI_SS0024    (1)    6 :  0.021 0.052 0.529 0.223 0.022 0.003 0.149 
311 HI_SS0025    (1)    6 :  0.018 0.840 0.036 0.012 0.051 0.005 0.037 
312 HI_SS0027    (0)    6 :  0.425 0.019 0.020 0.016 0.130 0.021 0.369 
313 HI_SS0028    (0)    6 :  0.014 0.033 0.019 0.911 0.010 0.003 0.010 
314 HI_SS0029    (1)    6 :  0.025 0.013 0.650 0.129 0.076 0.015 0.092 
315 HI_SS0030    (2)    6 :  0.200 0.033 0.090 0.019 0.619 0.009 0.031 
316 HI_SS0031    (0)    6 :  0.010 0.007 0.018 0.943 0.012 0.005 0.006 
317 HI_SS0034    (0)    6 :  0.366 0.094 0.223 0.020 0.264 0.008 0.025 
318 HI_SS0036    (0)    6 :  0.227 0.025 0.453 0.099 0.013 0.015 0.167 
319 HI_SS0037    (1)    6 :  0.047 0.585 0.006 0.020 0.008 0.005 0.327 
320 HI_SS0039    (0)    6 :  0.031 0.110 0.450 0.164 0.010 0.005 0.231 
321 HI_SS0041    (1)    6 :  0.013 0.444 0.452 0.023 0.038 0.003 0.026 
322 HI_SS0042    (1)    6 :  0.033 0.289 0.407 0.097 0.033 0.128 0.014 
323 HI_SS0043    (1)    6 :  0.735 0.009 0.035 0.019 0.060 0.004 0.138 
324 HI_SS0044    (1)    6 :  0.027 0.046 0.123 0.083 0.106 0.004 0.612 
325 HI_SS0047    (1)    6 :  0.020 0.778 0.063 0.096 0.028 0.003 0.011 
326 HI_SS0049    (1)    6 :  0.020 0.065 0.614 0.033 0.227 0.006 0.036 
327 HI_SS0051    (1)    6 :  0.014 0.945 0.005 0.007 0.008 0.003 0.018 
328 HI_SS0053    (1)    6 :  0.606 0.006 0.265 0.023 0.066 0.006 0.028 
329 HI_SS0054    (4)    6 :  0.126 0.017 0.121 0.070 0.024 0.008 0.634 
330 HI_SS0057    (0)    6 :  0.080 0.095 0.727 0.034 0.017 0.006 0.041 
331 HI_SS0058    (0)    6 :  0.082 0.648 0.014 0.023 0.169 0.010 0.054 
332 HI_SS0060    (0)    6 :  0.019 0.005 0.013 0.799 0.034 0.095 0.035 
333 HI_SS0087    (1)    6 :  0.765 0.024 0.013 0.070 0.103 0.004 0.020 
334 HI_SS0091    (1)    6 :  0.917 0.015 0.010 0.017 0.017 0.002 0.022 
335 HI_SS0095    (1)    6 :  0.198 0.032 0.032 0.444 0.213 0.068 0.012 
336 HI_SS0097    (3)    6 :  0.036 0.040 0.048 0.117 0.713 0.006 0.039 
337 HI_SS0099    (1)    6 :  0.015 0.025 0.045 0.879 0.017 0.007 0.012 
338 HI_SS0103    (0)    6 :  0.056 0.044 0.032 0.039 0.794 0.005 0.031 
339 HI_SS0105    (1)    6 :  0.045 0.582 0.072 0.199 0.033 0.032 0.036 
340 HI_SS0107    (1)    6 :  0.018 0.026 0.152 0.017 0.774 0.001 0.011 
341 HI_SS0108    (1)    6 :  0.137 0.010 0.025 0.011 0.006 0.028 0.783 
342 HI_SS0110    (0)    6 :  0.101 0.012 0.322 0.317 0.233 0.002 0.013 
343 HI_SS0111    (1)    6 :  0.054 0.032 0.105 0.742 0.024 0.032 0.012 
344 HI_SS0112    (0)    6 :  0.006 0.004 0.013 0.008 0.006 0.002 0.962 
345 HI_SS0113    (1)    6 :  0.015 0.352 0.536 0.038 0.029 0.005 0.025 
346 HI_SS0114    (1)    6 :  0.797 0.050 0.019 0.035 0.021 0.009 0.068 
347 HI_SS0115    (1)    6 :  0.036 0.085 0.033 0.009 0.799 0.019 0.018 
348 HI_SS0116    (4)    6 :  0.560 0.018 0.089 0.016 0.185 0.003 0.127 
349 HI_SS0117    (0)    6 :  0.075 0.047 0.167 0.100 0.096 0.003 0.511 
350 HI_SS0118    (0)    6 :  0.602 0.210 0.020 0.039 0.017 0.012 0.100 
351 HI_SS0119    (1)    6 :  0.434 0.020 0.031 0.110 0.168 0.003 0.234 
352 HI_SS0120    (1)    6 :  0.029 0.076 0.514 0.020 0.288 0.006 0.067 
353 HI_SS0121    (0)    6 :  0.007 0.014 0.010 0.944 0.008 0.002 0.017 
354 HI_SS0122    (2)    6 :  0.121 0.070 0.102 0.447 0.023 0.030 0.207 
355 HI_SS0123    (0)    6 :  0.461 0.035 0.016 0.169 0.294 0.008 0.017 
356 HI_SS0124    (1)    6 :  0.008 0.083 0.059 0.119 0.696 0.004 0.031 
357 HI_SS0125    (1)    6 :  0.008 0.027 0.265 0.632 0.022 0.041 0.006 
358 HI_SS0126    (0)    6 :  0.008 0.009 0.055 0.021 0.018 0.001 0.888 
359 HI_SS0127    (0)    6 :  0.232 0.452 0.029 0.152 0.102 0.012 0.022 
360 HI_SS0128    (0)    6 :  0.196 0.024 0.168 0.224 0.358 0.006 0.026 
361 HI_SS0129    (1)    6 :  0.213 0.056 0.596 0.022 0.018 0.017 0.078 
362 HI_SS0131    (2)    6 :  0.008 0.127 0.008 0.043 0.005 0.039 0.770 
363 HI_SS0132    (0)    6 :  0.009 0.011 0.094 0.747 0.011 0.001 0.127 
364 HI_SS0133    (1)    6 :  0.007 0.004 0.013 0.006 0.010 0.001 0.959 
365 HI_SS0134    (1)    6 :  0.271 0.246 0.018 0.205 0.136 0.003 0.122 
366 HI_SS0142    (3)    6 :  0.079 0.081 0.110 0.636 0.055 0.029 0.009 
367 HI_SS0145    (0)    6 :  0.028 0.020 0.012 0.031 0.841 0.002 0.066 
368 HI_SS0146    (1)    6 :  0.035 0.009 0.043 0.041 0.097 0.002 0.773 
369 HI_SS0147    (1)    6 :  0.008 0.595 0.009 0.077 0.263 0.026 0.022 
370 HI_SS0149    (1)    6 :  0.063 0.009 0.200 0.579 0.008 0.004 0.137 
371 HI_SS0150    (2)    6 :  0.017 0.039 0.591 0.293 0.016 0.006 0.039 
372 HI_SS0151    (0)    6 :  0.049 0.035 0.053 0.007 0.808 0.017 0.031 
373 NS_SS1451    (1)    6 :  0.007 0.133 0.421 0.062 0.334 0.005 0.038 
374 NS_SS1404    (0)    6 :  0.013 0.371 0.061 0.483 0.027 0.013 0.033 
375 NS_SS1432    (2)    6 :  0.020 0.010 0.584 0.309 0.013 0.051 0.014 
376 NS_SS1405    (5)    6 :  0.028 0.162 0.038 0.122 0.025 0.005 0.620 
377 NS_SS1431   (10)    6 :  0.012 0.024 0.755 0.153 0.016 0.001 0.038 
378 NS_SS1402    (3)    6 :  0.329 0.037 0.107 0.065 0.436 0.004 0.022 
379 NS_SS1450    (3)    6 :  0.022 0.019 0.779 0.007 0.098 0.006 0.069 
380 NS_SS1396    (0)    6 :  0.065 0.262 0.053 0.363 0.098 0.011 0.148 
381 NS_SS1393    (5)    6 :  0.944 0.010 0.006 0.013 0.013 0.006 0.008 
382 NS_SS1392   (10)    6 :  0.013 0.226 0.542 0.043 0.108 0.034 0.035 
383 NS_SS1445    (0)    6 :  0.749 0.036 0.036 0.031 0.030 0.014 0.104 
384 NS_SS1423    (0)    6 :  0.073 0.005 0.031 0.178 0.361 0.003 0.349 
385 NS_SS1421    (9)    6 :  0.055 0.005 0.121 0.011 0.011 0.098 0.698 
386 NS_SS1411    (6)    6 :  0.106 0.150 0.010 0.020 0.011 0.002 0.701 
387 NS_SS1453    (6)    6 :  0.527 0.060 0.097 0.191 0.021 0.011 0.092 
388 NS_SS1442    (3)    6 :  0.034 0.041 0.012 0.120 0.196 0.006 0.592 
389 NS_SS1422    (1)    6 :  0.019 0.010 0.023 0.009 0.919 0.012 0.008 
390 NS_SS1419    (1)    6 :  0.080 0.433 0.220 0.068 0.012 0.162 0.025 
391 NS_SS1427    (0)    6 :  0.015 0.003 0.947 0.006 0.009 0.002 0.017 
392 NS_SS1444    (4)    6 :  0.024 0.535 0.209 0.121 0.096 0.007 0.009 
393 NS_SS1455    (0)    6 :  0.014 0.025 0.012 0.070 0.707 0.002 0.171 
394 NS_SS1425    (2)    6 :  0.069 0.008 0.009 0.019 0.018 0.001 0.876 
395 NS_SS1400    (0)    6 :  0.015 0.013 0.007 0.006 0.005 0.002 0.954 
396 NS_SS1406    (2)    6 :  0.030 0.038 0.039 0.526 0.343 0.011 0.014 
397 NS_SS1417    (6)    6 :  0.261 0.054 0.190 0.025 0.303 0.012 0.155 
398 NS_SS1454    (3)    6 :  0.030 0.106 0.029 0.052 0.009 0.002 0.772 
399 NS_SS1412    (1)    6 :  0.108 0.082 0.088 0.292 0.245 0.031 0.155 
400 NS_SS1438    (1)    6 :  0.519 0.385 0.022 0.015 0.043 0.002 0.014 
401 NS_SS1416    (4)    6 :  0.148 0.693 0.020 0.019 0.104 0.008 0.009 
402 NS_SS1401    (0)    6 :  0.019 0.020 0.014 0.746 0.065 0.011 0.126 
403 NS_SS1424    (6)    6 :  0.101 0.018 0.043 0.103 0.527 0.017 0.191 
404 NS_SS1435   (10)    6 :  0.016 0.033 0.544 0.150 0.023 0.004 0.231 
405 NS_SS1447    (4)    6 :  0.036 0.712 0.026 0.115 0.070 0.006 0.035 
406 NS_SS1414    (3)    6 :  0.013 0.897 0.025 0.018 0.026 0.006 0.015 
407 NS_SS1449   (14)    6 :  0.017 0.009 0.228 0.012 0.718 0.005 0.010 
408 NS_SS1443    (4)    6 :  0.290 0.012 0.072 0.053 0.534 0.002 0.039 
409 NS_SS1434    (1)    6 :  0.020 0.015 0.708 0.012 0.200 0.001 0.044 
410 NS_SS1398    (1)    6 :  0.029 0.025 0.270 0.094 0.051 0.034 0.497 
411 NS_SS1426    (1)    6 :  0.896 0.010 0.016 0.027 0.024 0.003 0.024 
412 NS_SS1413    (0)    6 :  0.005 0.004 0.010 0.009 0.008 0.013 0.952 
413 NS_SS1395    (1)    6 :  0.467 0.043 0.021 0.379 0.053 0.014 0.024 
414 NS_SS1448   (10)    6 :  0.006 0.007 0.956 0.008 0.004 0.002 0.017 
415 NS_SS1446    (0)    6 :  0.166 0.177 0.211 0.180 0.236 0.005 0.025 
416 NS_SS1403    (2)    6 :  0.451 0.023 0.013 0.484 0.013 0.008 0.010 
417 NS_SS1415    (0)    6 :  0.019 0.013 0.045 0.106 0.022 0.014 0.780 
418 NS_SS1437    (4)    6 :  0.045 0.027 0.152 0.618 0.130 0.013 0.017 
419 NS_SS1439    (2)    6 :  0.173 0.591 0.009 0.042 0.174 0.004 0.007 
420 NS_SS1441    (3)    6 :  0.096 0.060 0.366 0.199 0.193 0.003 0.082 
421 NS_SS1420    (2)    6 :  0.006 0.953 0.014 0.010 0.009 0.003 0.006 
422 NS_SS1394    (2)    6 :  0.021 0.103 0.208 0.573 0.031 0.047 0.016 
423 NS_SS1391    (7)    6 :  0.049 0.054 0.012 0.050 0.587 0.017 0.231 
424 NS_SS1410    (5)    6 :  0.075 0.109 0.258 0.434 0.051 0.021 0.053 
425 NS_SS1408    (1)    6 :  0.050 0.053 0.688 0.084 0.033 0.068 0.024 
426 NS_SS1409    (1)    6 :  0.069 0.018 0.210 0.020 0.649 0.003 0.031 
427 HI_SS0617    (1)    7 :  0.034 0.124 0.031 0.017 0.785 0.002 0.008 
428 HI_SS0618    (2)    7 :  0.043 0.041 0.759 0.042 0.103 0.004 0.008 
429 HI_SS0619    (0)    7 :  0.025 0.707 0.026 0.083 0.021 0.004 0.134 
430 HI_SS0620    (1)    7 :  0.373 0.041 0.045 0.007 0.131 0.004 0.399 
431 HI_SS0621    (3)    7 :  0.028 0.164 0.053 0.074 0.634 0.022 0.024 
432 HI_SS0622    (1)    7 :  0.010 0.205 0.054 0.147 0.386 0.015 0.183 
433 HI_SS0626    (0)    7 :  0.011 0.046 0.153 0.708 0.011 0.010 0.061 
434 HI_SS0627    (0)    7 :  0.076 0.071 0.242 0.528 0.031 0.011 0.041 
435 HI_SS0628    (3)    7 :  0.131 0.120 0.401 0.152 0.014 0.069 0.113 
436 HI_SS0629    (1)    7 :  0.183 0.038 0.043 0.607 0.033 0.009 0.087 
437 HI_SS0630    (1)    7 :  0.088 0.708 0.038 0.008 0.015 0.052 0.092 
438 HI_SS0631    (0)    7 :  0.026 0.047 0.067 0.123 0.046 0.001 0.690 
439 HI_SS0632    (0)    7 :  0.047 0.065 0.712 0.049 0.015 0.005 0.107 
440 HI_SS0633    (0)    7 :  0.039 0.028 0.020 0.153 0.706 0.005 0.049 
441 HI_SS0634    (1)    7 :  0.017 0.277 0.103 0.530 0.014 0.004 0.054 
442 HI_SS0635    (0)    7 :  0.017 0.049 0.050 0.820 0.030 0.011 0.022 
443 HI_SS0637    (1)    7 :  0.020 0.855 0.017 0.039 0.057 0.005 0.007 
444 HI_SS0638    (0)    7 :  0.007 0.027 0.088 0.067 0.097 0.002 0.712 
445 HI_SS0639    (1)    7 :  0.014 0.093 0.173 0.393 0.269 0.052 0.006 
446 HI_SS0640    (1)    7 :  0.515 0.061 0.034 0.101 0.264 0.003 0.023 
447 HI_SS0641    (1)    7 :  0.086 0.548 0.094 0.191 0.021 0.009 0.050 
448 HI_SS0642    (0)    7 :  0.022 0.013 0.808 0.078 0.032 0.003 0.044 
449 HI_SS0645    (0)    7 :  0.039 0.132 0.095 0.185 0.388 0.001 0.160 
450 HI_SS0646    (1)    7 :  0.323 0.029 0.111 0.014 0.495 0.004 0.025 
451 HI_SS0647    (1)    7 :  0.042 0.087 0.627 0.022 0.015 0.002 0.206 
452 HI_SS0648    (0)    7 :  0.016 0.036 0.212 0.328 0.371 0.003 0.034 
453 HI_SS0649    (1)    7 :  0.725 0.029 0.022 0.131 0.079 0.002 0.013 
454 HI_SS0650    (1)    7 :  0.384 0.122 0.162 0.035 0.267 0.007 0.024 
455 HI_SS0651    (1)    7 :  0.049 0.028 0.022 0.024 0.863 0.006 0.010 
456 HI_SS0652    (1)    7 :  0.009 0.921 0.032 0.012 0.014 0.004 0.008 
457 NS_SS1371    (3)    7 :  0.521 0.023 0.034 0.133 0.270 0.010 0.009 
458 NS_SS1374    (0)    7 :  0.027 0.022 0.159 0.154 0.027 0.004 0.606 
459 NS_SS1337    (3)    7 :  0.011 0.869 0.038 0.019 0.027 0.005 0.030 
460 NS_SS1385    (5)    7 :  0.087 0.013 0.039 0.079 0.753 0.006 0.024 
461 NS_SS1388    (0)    7 :  0.153 0.242 0.304 0.100 0.084 0.011 0.105 
462 NS_SS1370    (1)    7 :  0.009 0.851 0.011 0.027 0.070 0.011 0.020 
463 NS_SS1389    (3)    7 :  0.035 0.545 0.201 0.154 0.017 0.005 0.043 
464 NS_SS1360    (1)    7 :  0.449 0.071 0.032 0.207 0.058 0.008 0.175 
465 NS_SS1330    (0)    7 :  0.026 0.834 0.012 0.078 0.037 0.003 0.011 
466 NS_SS1328    (9)    7 :  0.018 0.005 0.590 0.012 0.034 0.004 0.338 
467 NS_SS1384    (1)    7 :  0.658 0.049 0.031 0.050 0.198 0.005 0.009 
468 NS_SS1381    (0)    7 :  0.047 0.023 0.267 0.009 0.644 0.001 0.008 
469 NS_SS1375    (1)    7 :  0.009 0.010 0.875 0.068 0.013 0.002 0.023 
470 NS_SS1319   (11)    7 :  0.050 0.051 0.109 0.624 0.039 0.107 0.019 
471 NS_SS1326    (2)    7 :  0.010 0.006 0.028 0.011 0.017 0.014 0.914 
472 NS_SS1341    (1)    7 :  0.706 0.077 0.043 0.140 0.013 0.010 0.012 
473 NS_SS1383    (2)    7 :  0.064 0.016 0.317 0.556 0.017 0.008 0.022 
474 NS_SS1318    (3)    7 :  0.097 0.443 0.219 0.073 0.104 0.024 0.040 
475 NS_SS1348    (2)    7 :  0.807 0.023 0.024 0.020 0.022 0.002 0.101 
476 NS_SS1363    (0)    7 :  0.011 0.076 0.049 0.114 0.558 0.007 0.185 
477 NS_SS1335    (4)    7 :  0.529 0.049 0.068 0.082 0.022 0.050 0.200 
478 NS_SS1358    (0)    7 :  0.665 0.017 0.018 0.036 0.194 0.019 0.051 
479 NS_SS1342    (1)    7 :  0.474 0.018 0.025 0.324 0.072 0.002 0.085 
480 NS_SS1320    (3)    7 :  0.009 0.109 0.179 0.101 0.578 0.009 0.015 
481 NS_SS1355    (1)    7 :  0.179 0.688 0.019 0.063 0.021 0.023 0.006 
482 NS_SS1345    (1)    7 :  0.032 0.033 0.050 0.009 0.839 0.024 0.012 
483 NS_SS1324    (0)    7 :  0.009 0.020 0.676 0.199 0.024 0.003 0.069 
484 NS_SS1347    (5)    7 :  0.017 0.016 0.010 0.034 0.898 0.006 0.020 
485 NS_SS1321    (4)    7 :  0.094 0.170 0.018 0.570 0.025 0.002 0.121 
486 NS_SS1333    (0)    7 :  0.013 0.013 0.091 0.795 0.013 0.004 0.070 
487 NS_SS1364    (1)    7 :  0.397 0.106 0.042 0.023 0.330 0.003 0.099 
488 NS_SS1379    (0)    7 :  0.399 0.035 0.027 0.019 0.420 0.063 0.037 
489 NS_SS1332    (0)    7 :  0.018 0.008 0.054 0.087 0.009 0.009 0.815 
490 NS_SS1338    (5)    7 :  0.593 0.260 0.008 0.015 0.064 0.006 0.054 
491 NS_SS1368    (6)    7 :  0.030 0.108 0.395 0.091 0.030 0.007 0.339 
492 NS_SS1354    (1)    7 :  0.033 0.314 0.016 0.348 0.213 0.017 0.059 
493 NS_SS1365    (0)    7 :  0.012 0.095 0.695 0.040 0.042 0.012 0.103 
494 NS_SS1380    (1)    7 :  0.006 0.911 0.010 0.027 0.021 0.019 0.006 
495 NS_SS1329    (8)    7 :  0.397 0.020 0.015 0.303 0.056 0.005 0.205 
496 NS_SS1362    (0)    7 :  0.280 0.034 0.040 0.155 0.463 0.006 0.022 
497 NS_SS1327    (2)    7 :  0.692 0.003 0.010 0.009 0.004 0.004 0.277 
498 NS_SS1350    (0)    7 :  0.264 0.046 0.029 0.029 0.601 0.013 0.018 
499 NS_SS1387    (2)    7 :  0.310 0.027 0.420 0.210 0.017 0.005 0.011 
500 NS_SS1369    (8)    7 :  0.568 0.027 0.032 0.012 0.131 0.005 0.225 
501 NS_SS1331    (1)    7 :  0.027 0.034 0.473 0.048 0.017 0.015 0.387 
502 NS_SS1357    (5)    7 :  0.045 0.006 0.814 0.007 0.112 0.005 0.010 
503 NS_SS1386    (1)    7 :  0.056 0.005 0.011 0.012 0.009 0.004 0.903 
504 NS_SS1353    (2)    7 :  0.014 0.030 0.762 0.080 0.057 0.006 0.051 
505 NS_SS1323    (0)    7 :  0.015 0.040 0.051 0.771 0.030 0.073 0.021 
506 HI_SS0296    (0)    8 :  0.052 0.047 0.341 0.011 0.071 0.003 0.476 
507 HI_SS0297    (0)    8 :  0.031 0.010 0.726 0.074 0.053 0.001 0.103 
508 HI_SS0299    (0)    8 :  0.394 0.337 0.149 0.016 0.047 0.041 0.015 
509 HI_SS0300    (0)    8 :  0.652 0.025 0.053 0.006 0.055 0.002 0.208 
510 HI_SS0301    (0)    8 :  0.043 0.035 0.023 0.856 0.012 0.005 0.026 
511 HI_SS0302    (0)    8 :  0.033 0.033 0.118 0.473 0.018 0.025 0.300 
512 HI_SS0303    (0)    8 :  0.241 0.015 0.161 0.027 0.050 0.011 0.495 
513 HI_SS0304    (0)    8 :  0.012 0.361 0.152 0.149 0.028 0.003 0.295 
514 HI_SS0306    (5)    8 :  0.016 0.012 0.074 0.010 0.009 0.005 0.874 
