

----------------------------------------------------
STRUCTURE by Pritchard, Stephens and Donnelly (2000)
     and Falush, Stephens and Pritchard (2003)
       Code by Pritchard, Falush and Hubisz
             Version 2.3.4 (Jul 2012)
----------------------------------------------------



Command line arguments:   /home/genobiwan/Documents/Programs/Structure/structure -m parameter_job_k7_r2 
Input File:    /media/genobiwan/Storage/Projets/Mackerel_NWA_2021/data_job_k7_r2

Run parameters:
   629 individuals
   4140 loci
   7 populations assumed
   10000 Burn-in period
   100000 Reps


--------------------------------------------
Proportion of membership of each pre-defined
 population in each of the 7 clusters

Given    Inferred Clusters                                   Number of
 Pop       1      2      3      4      5      6      7      Individuals

  1:     0.151  0.152  0.172  0.016  0.161  0.184  0.164       67
  2:     0.044  0.219  0.150  0.013  0.163  0.244  0.168       32
  3:     0.115  0.121  0.208  0.017  0.196  0.145  0.199       92
  4:     0.212  0.176  0.159  0.020  0.218  0.097  0.118       36
  5:     0.171  0.159  0.223  0.025  0.133  0.129  0.159       41
  6:     0.178  0.176  0.164  0.017  0.144  0.183  0.138      158
  7:     0.171  0.166  0.149  0.013  0.192  0.190  0.118       79
  8:     0.228  0.170  0.126  0.018  0.181  0.150  0.128       52
  9:     0.005  0.006  0.007  0.963  0.006  0.006  0.007       36
 10:     0.004  0.006  0.005  0.969  0.005  0.005  0.005       36
--------------------------------------------

Allele-freq. divergence among pops (Net nucleotide distance),
computed using point estimates of P.

      1       2       3       4       5       6       7      
 1      -    0.0004  0.0005  0.0054  0.0004  0.0005  0.0005  
 2   0.0004     -    0.0003  0.0051  0.0003  0.0003  0.0003  
 3   0.0005  0.0003     -    0.0050  0.0002  0.0003  0.0002  
 4   0.0054  0.0051  0.0050     -    0.0051  0.0051  0.0051  
 5   0.0004  0.0003  0.0002  0.0051     -    0.0003  0.0002  
 6   0.0005  0.0003  0.0003  0.0051  0.0003     -    0.0003  
 7   0.0005  0.0003  0.0002  0.0051  0.0002  0.0003     -    

Average distances (expected heterozygosity) between individuals in same cluster:
cluster  1  : 0.3177 
cluster  2  : 0.3187 
cluster  3  : 0.3183 
cluster  4  : 0.3052 
cluster  5  : 0.3188 
cluster  6  : 0.3183 
cluster  7  : 0.3181 

--------------------------------------------
Estimated Ln Prob of Data   = -2496696.3
Mean value of ln likelihood = -2463671.1
Variance of ln likelihood   = 66050.4
Mean value of alpha         = 0.0621

Mean value of Fst_1         = 0.0062
Mean value of Fst_2         = 0.0045
Mean value of Fst_3         = 0.0041
Mean value of Fst_4         = 0.0397
Mean value of Fst_5         = 0.0040
Mean value of Fst_6         = 0.0046
Mean value of Fst_7         = 0.0046


Inferred ancestry of individuals:
        Label (%Miss) Pop:  Inferred clusters
  1 NS_SS0963    (4)    1 :  0.027 0.074 0.598 0.006 0.144 0.023 0.127 
  2 NS_SS0983    (1)    1 :  0.022 0.019 0.148 0.004 0.790 0.009 0.008 
  3 NS_SS0719    (9)    1 :  0.042 0.054 0.013 0.008 0.719 0.151 0.013 
  4 NS_SS1001    (8)    1 :  0.136 0.058 0.049 0.010 0.011 0.491 0.244 
  5 NS_SS0936    (4)    1 :  0.022 0.493 0.059 0.005 0.102 0.142 0.176 
  6 NS_SS0955    (6)    1 :  0.147 0.089 0.037 0.007 0.432 0.023 0.265 
  7 NS_SS0944    (3)    1 :  0.809 0.061 0.050 0.002 0.009 0.015 0.053 
  8 NS_SS0945    (3)    1 :  0.750 0.029 0.079 0.014 0.042 0.053 0.033 
  9 NS_SS0922    (2)    1 :  0.005 0.059 0.033 0.043 0.488 0.276 0.095 
 10 NS_SS0929    (7)    1 :  0.031 0.086 0.025 0.005 0.022 0.115 0.715 
 11 NS_SS0956    (1)    1 :  0.017 0.019 0.015 0.005 0.033 0.372 0.539 
 12 NS_SS0906    (3)    1 :  0.081 0.361 0.140 0.006 0.124 0.061 0.227 
 13 NS_SS0721    (6)    1 :  0.009 0.010 0.025 0.006 0.914 0.022 0.014 
 14 NS_SS0982    (4)    1 :  0.011 0.227 0.130 0.026 0.120 0.030 0.456 
 15 NS_SS0923    (6)    1 :  0.016 0.037 0.036 0.008 0.140 0.704 0.059 
 16 NS_SS0905    (6)    1 :  0.218 0.122 0.228 0.003 0.178 0.125 0.125 
 17 NS_SS0925    (3)    1 :  0.007 0.799 0.018 0.005 0.017 0.015 0.138 
 18 NS_SS0947    (6)    1 :  0.043 0.325 0.093 0.009 0.103 0.022 0.405 
 19 NS_SS0926    (2)    1 :  0.554 0.073 0.169 0.002 0.033 0.148 0.021 
 20 NS_SS0918    (6)    1 :  0.093 0.026 0.050 0.005 0.084 0.095 0.646 
 21 NS_SS0966    (4)    1 :  0.104 0.025 0.132 0.058 0.023 0.087 0.572 
 22 NS_SS0938    (2)    1 :  0.015 0.059 0.294 0.002 0.047 0.533 0.049 
 23 NS_SS0917    (2)    1 :  0.013 0.280 0.073 0.043 0.536 0.047 0.008 
 24 NS_SS0957   (11)    1 :  0.018 0.014 0.018 0.008 0.011 0.482 0.448 
 25 NS_SS0987    (1)    1 :  0.007 0.014 0.023 0.228 0.010 0.661 0.056 
 26 NS_SS0717    (4)    1 :  0.016 0.021 0.037 0.006 0.164 0.569 0.187 
 27 NS_SS0986    (2)    1 :  0.068 0.006 0.730 0.006 0.044 0.059 0.086 
 28 NS_SS0953    (3)    1 :  0.019 0.073 0.031 0.027 0.029 0.030 0.790 
 29 NS_SS0907    (3)    1 :  0.034 0.135 0.442 0.050 0.213 0.021 0.106 
 30 NS_SS0974    (6)    1 :  0.310 0.513 0.101 0.007 0.021 0.019 0.030 
 31 NS_SS0989    (1)    1 :  0.102 0.044 0.030 0.002 0.319 0.052 0.451 
 32 NS_SS0991    (3)    1 :  0.397 0.346 0.085 0.003 0.129 0.016 0.023 
 33 NS_SS0994    (2)    1 :  0.556 0.174 0.047 0.004 0.193 0.019 0.007 
 34 NS_SS0931    (6)    1 :  0.583 0.013 0.019 0.013 0.014 0.345 0.013 
 35 NS_SS1000    (5)    1 :  0.023 0.098 0.497 0.006 0.118 0.080 0.178 
 36 NS_SS0919    (1)    1 :  0.149 0.536 0.064 0.004 0.222 0.013 0.013 
 37 NS_SS0949    (4)    1 :  0.728 0.094 0.024 0.002 0.100 0.047 0.005 
 38 NS_SS0960   (10)    1 :  0.724 0.024 0.044 0.012 0.064 0.078 0.055 
 39 NS_SS0716    (2)    1 :  0.008 0.005 0.012 0.008 0.011 0.942 0.014 
 40 NS_SS0924    (8)    1 :  0.084 0.036 0.021 0.026 0.406 0.067 0.361 
 41 NS_SS0935    (2)    1 :  0.075 0.798 0.024 0.011 0.045 0.025 0.022 
 42 NS_SS0952   (14)    1 :  0.664 0.104 0.058 0.052 0.051 0.023 0.049 
 43 NS_SS0962   (11)    1 :  0.013 0.013 0.852 0.008 0.033 0.056 0.024 
 44 NS_SS0973    (5)    1 :  0.012 0.853 0.079 0.005 0.022 0.009 0.020 
 45 NS_SS0722    (1)    1 :  0.005 0.798 0.027 0.004 0.019 0.115 0.031 
 46 NS_SS0979   (13)    1 :  0.014 0.078 0.656 0.003 0.090 0.086 0.073 
 47 NS_SS0993    (2)    1 :  0.010 0.525 0.167 0.025 0.012 0.239 0.023 
 48 NS_SS0958    (1)    1 :  0.884 0.013 0.027 0.004 0.014 0.044 0.014 
 49 NS_SS0988    (4)    1 :  0.014 0.039 0.340 0.010 0.052 0.207 0.338 
 50 NS_SS1003    (2)    1 :  0.012 0.015 0.871 0.013 0.014 0.027 0.048 
 51 NS_SS0976    (1)    1 :  0.671 0.071 0.099 0.004 0.026 0.031 0.098 
 52 NS_SS0964   (10)    1 :  0.010 0.061 0.462 0.004 0.013 0.422 0.028 
 53 NS_SS0939    (4)    1 :  0.009 0.008 0.007 0.008 0.009 0.950 0.009 
 54 NS_SS0990    (6)    1 :  0.010 0.007 0.484 0.004 0.030 0.438 0.026 
 55 NS_SS0984    (2)    1 :  0.005 0.019 0.018 0.003 0.013 0.925 0.017 
 56 NS_SS0980   (10)    1 :  0.018 0.436 0.024 0.003 0.069 0.087 0.362 
 57 NS_SS0978    (4)    1 :  0.025 0.308 0.092 0.004 0.348 0.037 0.185 
 58 NS_SS0951   (18)    1 :  0.163 0.068 0.149 0.005 0.089 0.101 0.426 
 59 NS_SS0913    (3)    1 :  0.050 0.021 0.240 0.051 0.111 0.454 0.073 
 60 NS_SS1002    (1)    1 :  0.008 0.008 0.880 0.043 0.035 0.009 0.017 
 61 NS_SS0948    (1)    1 :  0.067 0.032 0.225 0.070 0.026 0.219 0.362 
 62 NS_SS0916    (4)    1 :  0.043 0.117 0.021 0.007 0.070 0.103 0.640 
 63 NS_SS0995    (1)    1 :  0.013 0.035 0.043 0.004 0.417 0.460 0.027 
 64 NS_SS0927    (6)    1 :  0.026 0.036 0.070 0.007 0.813 0.032 0.016 
 65 NS_SS0992    (5)    1 :  0.040 0.042 0.079 0.006 0.618 0.017 0.199 
 66 NS_SS0912    (1)    1 :  0.247 0.035 0.077 0.004 0.549 0.067 0.021 
 67 NS_SS0981    (1)    1 :  0.015 0.093 0.748 0.004 0.019 0.067 0.055 
 68 NS_SS0729    (5)    2 :  0.094 0.766 0.012 0.006 0.099 0.011 0.013 
 69 NS_SS0967   (15)    2 :  0.040 0.044 0.637 0.020 0.027 0.103 0.129 
 70 NS_SS0941    (8)    2 :  0.028 0.463 0.052 0.092 0.120 0.147 0.098 
 71 NS_SS0768   (12)    2 :  0.068 0.010 0.101 0.006 0.067 0.020 0.728 
 72 NS_SS0726    (5)    2 :  0.035 0.726 0.052 0.010 0.135 0.024 0.019 
 73 NS_SS0763    (4)    2 :  0.057 0.623 0.065 0.003 0.123 0.029 0.101 
 74 NS_SS0730    (6)    2 :  0.030 0.015 0.013 0.004 0.032 0.871 0.034 
 75 NS_SS0774    (2)    2 :  0.008 0.020 0.018 0.001 0.015 0.292 0.646 
 76 NS_SS0723    (3)    2 :  0.006 0.131 0.144 0.002 0.442 0.135 0.139 
 77 NS_SS0940   (10)    2 :  0.117 0.466 0.029 0.012 0.109 0.251 0.016 
 78 NS_SS0762    (1)    2 :  0.010 0.193 0.021 0.006 0.010 0.684 0.078 
 79 NS_SS0766   (11)    2 :  0.066 0.040 0.015 0.022 0.239 0.574 0.043 
 80 NS_SS0724    (1)    2 :  0.037 0.267 0.228 0.006 0.021 0.178 0.263 
 81 NS_SS0769    (3)    2 :  0.010 0.032 0.157 0.007 0.648 0.077 0.069 
 82 NS_SS0777    (1)    2 :  0.029 0.149 0.678 0.016 0.020 0.100 0.008 
 83 NS_SS0734    (6)    2 :  0.211 0.054 0.096 0.034 0.212 0.363 0.030 
 84 NS_SS0737    (3)    2 :  0.012 0.035 0.102 0.006 0.032 0.418 0.395 
 85 NS_SS0732    (5)    2 :  0.022 0.074 0.096 0.008 0.329 0.220 0.251 
 86 NS_SS0728    (5)    2 :  0.020 0.079 0.017 0.017 0.625 0.070 0.173 
 87 NS_SS0735    (9)    2 :  0.018 0.532 0.060 0.017 0.188 0.055 0.130 
 88 NS_SS0725    (1)    2 :  0.027 0.058 0.598 0.013 0.016 0.200 0.088 
 89 NS_SS0788    (2)    2 :  0.008 0.039 0.022 0.002 0.813 0.049 0.068 
 90 NS_SS0778    (2)    2 :  0.031 0.045 0.029 0.002 0.467 0.402 0.023 
 91 NS_SS0792    (6)    2 :  0.027 0.020 0.025 0.006 0.030 0.335 0.556 
 92 NS_SS0943   (11)    2 :  0.119 0.805 0.017 0.013 0.014 0.008 0.024 
 93 NS_SS0791    (2)    2 :  0.098 0.114 0.022 0.027 0.144 0.545 0.049 
 94 NS_SS0790    (5)    2 :  0.006 0.009 0.028 0.005 0.012 0.024 0.916 
 95 NS_SS0731    (6)    2 :  0.017 0.034 0.485 0.020 0.023 0.351 0.069 
 96 NS_SS0727    (7)    2 :  0.061 0.754 0.015 0.003 0.077 0.072 0.018 
 97 NS_SS0779   (13)    2 :  0.017 0.260 0.365 0.009 0.090 0.201 0.057 
 98 NS_SS0776    (3)    2 :  0.082 0.142 0.578 0.012 0.019 0.084 0.083 
 99 NS_SS0775    (5)    2 :  0.007 0.011 0.008 0.005 0.007 0.915 0.047 
100 NS_SS0965    (3)    3 :  0.055 0.185 0.225 0.003 0.246 0.097 0.191 
101 NS_SS0754   (14)    3 :  0.051 0.420 0.015 0.018 0.280 0.026 0.190 
102 NS_SS0838    (5)    3 :  0.095 0.040 0.638 0.047 0.027 0.014 0.139 
103 NS_SS0839    (3)    3 :  0.007 0.016 0.089 0.005 0.019 0.133 0.732 
104 NS_SS0832    (4)    3 :  0.003 0.043 0.745 0.068 0.067 0.027 0.047 
105 NS_SS0820    (5)    3 :  0.007 0.010 0.668 0.008 0.052 0.025 0.230 
106 NS_SS0886    (9)    3 :  0.044 0.018 0.041 0.003 0.817 0.057 0.019 
107 NS_SS0748    (5)    3 :  0.399 0.091 0.215 0.010 0.024 0.152 0.109 
108 NS_SS0884    (9)    3 :  0.041 0.034 0.032 0.029 0.059 0.026 0.779 
109 NS_SS0752    (4)    3 :  0.036 0.708 0.086 0.003 0.078 0.052 0.036 
110 NS_SS0862    (1)    3 :  0.007 0.042 0.058 0.007 0.392 0.028 0.466 
111 NS_SS0787    (9)    3 :  0.800 0.032 0.019 0.010 0.102 0.018 0.021 
112 NS_SS0843    (6)    3 :  0.008 0.511 0.378 0.002 0.047 0.030 0.023 
113 NS_SS0856    (4)    3 :  0.023 0.019 0.744 0.005 0.151 0.019 0.039 
114 NS_SS0846    (2)    3 :  0.102 0.189 0.421 0.005 0.237 0.011 0.035 
115 NS_SS0825    (1)    3 :  0.038 0.014 0.255 0.016 0.337 0.044 0.295 
116 NS_SS0757    (3)    3 :  0.032 0.459 0.106 0.006 0.336 0.024 0.037 
117 NS_SS0876    (3)    3 :  0.010 0.054 0.190 0.223 0.387 0.023 0.113 
118 NS_SS0903   (10)    3 :  0.014 0.331 0.065 0.005 0.118 0.014 0.451 
119 NS_SS0875    (7)    3 :  0.010 0.012 0.022 0.006 0.077 0.828 0.045 
120 NS_SS0740    (5)    3 :  0.018 0.794 0.073 0.005 0.086 0.012 0.012 
121 NS_SS0811    (5)    3 :  0.012 0.010 0.031 0.015 0.022 0.257 0.653 
122 NS_SS0751    (1)    3 :  0.182 0.151 0.374 0.003 0.025 0.253 0.013 
123 NS_SS0891    (6)    3 :  0.060 0.034 0.091 0.012 0.062 0.470 0.271 
124 NS_SS0867    (2)    3 :  0.024 0.718 0.015 0.038 0.126 0.015 0.064 
125 NS_SS0890    (6)    3 :  0.036 0.224 0.057 0.006 0.202 0.317 0.158 
126 NS_SS0866   (12)    3 :  0.280 0.038 0.210 0.010 0.275 0.159 0.029 
127 NS_SS0755    (4)    3 :  0.058 0.062 0.087 0.013 0.046 0.219 0.515 
128 NS_SS0758    (4)    3 :  0.029 0.015 0.459 0.003 0.446 0.016 0.033 
129 NS_SS0840    (2)    3 :  0.016 0.025 0.802 0.004 0.023 0.024 0.106 
130 NS_SS0889    (4)    3 :  0.474 0.010 0.120 0.003 0.197 0.053 0.143 
131 NS_SS1010    (1)    3 :  0.055 0.018 0.063 0.040 0.017 0.032 0.774 
132 NS_SS0888    (5)    3 :  0.178 0.180 0.018 0.002 0.509 0.058 0.055 
133 NS_SS0837    (3)    3 :  0.047 0.256 0.433 0.006 0.034 0.124 0.100 
134 NS_SS0794   (10)    3 :  0.867 0.027 0.018 0.003 0.012 0.009 0.064 
135 NS_SS0823    (5)    3 :  0.018 0.032 0.169 0.007 0.079 0.016 0.679 
136 NS_SS0829    (7)    3 :  0.762 0.038 0.010 0.110 0.039 0.013 0.029 
137 NS_SS0844    (5)    3 :  0.004 0.014 0.009 0.003 0.014 0.004 0.951 
138 NS_SS1008    (6)    3 :  0.150 0.108 0.057 0.018 0.091 0.539 0.037 
139 NS_SS0881    (3)    3 :  0.048 0.017 0.050 0.004 0.119 0.738 0.023 
140 NS_SS0834    (6)    3 :  0.019 0.035 0.770 0.008 0.010 0.016 0.141 
141 NS_SS0744   (10)    3 :  0.016 0.023 0.115 0.011 0.771 0.012 0.052 
142 NS_SS0899    (7)    3 :  0.008 0.008 0.339 0.002 0.013 0.023 0.608 
143 NS_SS0804    (5)    3 :  0.008 0.015 0.308 0.009 0.109 0.044 0.508 
144 NS_SS0781   (10)    3 :  0.007 0.024 0.528 0.006 0.033 0.081 0.322 
145 NS_SS0822    (6)    3 :  0.705 0.114 0.121 0.003 0.014 0.009 0.035 
146 NS_SS1004    (4)    3 :  0.018 0.148 0.699 0.006 0.020 0.028 0.080 
147 NS_SS0746    (5)    3 :  0.057 0.249 0.419 0.020 0.123 0.031 0.101 
148 NS_SS0880    (3)    3 :  0.219 0.089 0.495 0.003 0.021 0.051 0.121 
149 NS_SS0879    (5)    3 :  0.028 0.048 0.053 0.015 0.031 0.040 0.786 
150 NS_SS0753    (2)    3 :  0.084 0.577 0.032 0.016 0.172 0.071 0.049 
151 NS_SS1007    (3)    3 :  0.020 0.031 0.041 0.002 0.835 0.059 0.013 
152 NS_SS0872    (5)    3 :  0.007 0.068 0.581 0.003 0.020 0.111 0.209 
153 NS_SS1005    (7)    3 :  0.032 0.075 0.510 0.002 0.098 0.031 0.253 
154 NS_SS0892    (6)    3 :  0.031 0.332 0.144 0.003 0.092 0.378 0.021 
155 NS_SS0898    (0)    3 :  0.126 0.011 0.009 0.009 0.016 0.815 0.015 
156 NS_SS0801    (9)    3 :  0.017 0.029 0.522 0.015 0.069 0.015 0.333 
157 NS_SS0827    (9)    3 :  0.059 0.010 0.041 0.133 0.081 0.626 0.049 
158 NS_SS0853    (7)    3 :  0.012 0.007 0.010 0.007 0.025 0.071 0.868 
159 NS_SS0780    (2)    3 :  0.007 0.276 0.307 0.006 0.252 0.079 0.073 
160 NS_SS0826   (10)    3 :  0.092 0.009 0.819 0.006 0.011 0.024 0.039 
161 NS_SS0818    (5)    3 :  0.038 0.023 0.035 0.002 0.697 0.069 0.137 
162 NS_SS0745    (1)    3 :  0.016 0.007 0.209 0.002 0.007 0.749 0.010 
163 NS_SS0849    (3)    3 :  0.019 0.014 0.033 0.002 0.456 0.432 0.043 
164 NS_SS0739    (3)    3 :  0.013 0.026 0.035 0.018 0.357 0.535 0.016 
165 NS_SS0799    (1)    3 :  0.059 0.427 0.021 0.002 0.231 0.031 0.230 
166 NS_SS0756    (3)    3 :  0.011 0.028 0.088 0.005 0.161 0.100 0.607 
167 NS_SS0802    (2)    3 :  0.012 0.087 0.064 0.200 0.604 0.021 0.012 
168 NS_SS0747    (6)    3 :  0.009 0.331 0.051 0.008 0.511 0.019 0.071 
169 NS_SS0835    (1)    3 :  0.029 0.057 0.044 0.001 0.825 0.034 0.010 
170 NS_SS0742   (19)    3 :  0.035 0.101 0.383 0.002 0.163 0.272 0.045 
171 NS_SS0760    (9)    3 :  0.718 0.015 0.018 0.052 0.091 0.020 0.087 
172 NS_SS0803    (4)    3 :  0.009 0.063 0.015 0.014 0.018 0.020 0.861 
173 NS_SS0828   (14)    3 :  0.102 0.238 0.012 0.002 0.027 0.574 0.045 
174 NS_SS0865    (2)    3 :  0.039 0.071 0.745 0.037 0.017 0.026 0.065 
175 NS_SS0759    (5)    3 :  0.012 0.021 0.709 0.010 0.100 0.122 0.026 
176 NS_SS0851    (5)    3 :  0.018 0.007 0.014 0.018 0.016 0.754 0.173 
177 NS_SS0874   (16)    3 :  0.011 0.262 0.049 0.002 0.018 0.023 0.636 
178 NS_SS0761    (6)    3 :  0.179 0.010 0.027 0.004 0.715 0.017 0.048 
179 NS_SS0842   (26)    3 :  0.273 0.020 0.106 0.012 0.039 0.426 0.124 
180 NS_SS0785    (6)    3 :  0.062 0.469 0.112 0.011 0.230 0.032 0.084 
181 NS_SS0860   (11)    3 :  0.018 0.022 0.037 0.004 0.895 0.011 0.014 
182 NS_SS0897    (7)    3 :  0.922 0.011 0.009 0.003 0.024 0.012 0.019 
183 NS_SS0841   (15)    3 :  0.047 0.024 0.175 0.005 0.033 0.257 0.459 
184 NS_SS0797    (7)    3 :  0.494 0.015 0.089 0.033 0.011 0.272 0.087 
185 NS_SS0830   (11)    3 :  0.088 0.069 0.239 0.004 0.037 0.544 0.019 
186 NS_SS1011    (5)    3 :  0.008 0.022 0.552 0.010 0.016 0.007 0.385 
187 NS_SS0883    (5)    3 :  0.094 0.063 0.033 0.009 0.473 0.225 0.102 
188 NS_SS0782    (2)    3 :  0.059 0.022 0.097 0.004 0.666 0.083 0.069 
189 NS_SS0831    (5)    3 :  0.361 0.048 0.049 0.006 0.395 0.046 0.095 
190 NS_SS0749    (7)    3 :  0.055 0.203 0.014 0.006 0.678 0.032 0.013 
191 NS_SS0854    (2)    3 :  0.063 0.152 0.049 0.006 0.402 0.019 0.308 
192 HI_SS0193    (0)    4 :  0.931 0.025 0.009 0.003 0.007 0.011 0.013 
193 HI_SS0194    (1)    4 :  0.061 0.382 0.394 0.003 0.019 0.071 0.070 
194 HI_SS0195   (10)    4 :  0.011 0.009 0.247 0.119 0.093 0.327 0.194 
195 HI_SS0196    (6)    4 :  0.240 0.054 0.090 0.005 0.359 0.090 0.162 
196 HI_SS0197    (3)    4 :  0.010 0.012 0.417 0.020 0.438 0.090 0.013 
197 HI_SS0198    (1)    4 :  0.062 0.021 0.092 0.018 0.528 0.189 0.089 
198 HI_SS0199    (1)    4 :  0.021 0.830 0.017 0.004 0.086 0.016 0.027 
199 HI_SS0201    (5)    4 :  0.808 0.072 0.030 0.004 0.036 0.011 0.038 
200 HI_SS0215    (1)    4 :  0.017 0.024 0.036 0.004 0.882 0.013 0.025 
201 HI_SS0218    (1)    4 :  0.897 0.016 0.009 0.009 0.013 0.027 0.029 
202 HI_SS0222    (0)    4 :  0.030 0.012 0.178 0.008 0.623 0.125 0.024 
203 HI_SS0230    (1)    4 :  0.006 0.019 0.842 0.006 0.033 0.073 0.020 
204 HI_SS0234    (2)    4 :  0.025 0.097 0.042 0.146 0.559 0.027 0.104 
205 HI_SS0240    (1)    4 :  0.012 0.137 0.008 0.013 0.625 0.096 0.110 
206 HI_SS0241    (0)    4 :  0.052 0.206 0.027 0.003 0.248 0.035 0.430 
207 HI_SS0242    (0)    4 :  0.056 0.062 0.066 0.005 0.313 0.472 0.025 
208 HI_SS0247    (0)    4 :  0.013 0.061 0.223 0.032 0.004 0.042 0.626 
209 HI_SS0248    (1)    4 :  0.719 0.121 0.108 0.001 0.023 0.019 0.008 
210 HI_SS0252    (2)    4 :  0.021 0.303 0.179 0.003 0.012 0.009 0.473 
211 HI_SS0254    (0)    4 :  0.085 0.081 0.031 0.115 0.512 0.165 0.012 
212 HI_SS0256    (0)    4 :  0.004 0.028 0.031 0.002 0.009 0.008 0.917 
213 HI_SS0257    (0)    4 :  0.047 0.761 0.009 0.005 0.157 0.006 0.015 
214 HI_SS0258    (1)    4 :  0.805 0.058 0.015 0.006 0.048 0.013 0.055 
215 HI_SS0259    (1)    4 :  0.013 0.330 0.260 0.005 0.264 0.063 0.065 
216 HI_SS0260    (1)    4 :  0.285 0.624 0.017 0.003 0.033 0.019 0.019 
217 HI_SS0261    (2)    4 :  0.054 0.708 0.115 0.005 0.044 0.057 0.016 
218 HI_SS0262    (0)    4 :  0.021 0.107 0.215 0.013 0.265 0.319 0.061 
219 HI_SS0264    (0)    4 :  0.014 0.013 0.780 0.006 0.086 0.077 0.024 
220 HI_SS0265    (0)    4 :  0.016 0.140 0.295 0.122 0.112 0.235 0.080 
221 HI_SS0268    (1)    4 :  0.648 0.005 0.108 0.005 0.134 0.061 0.039 
222 HI_SS0269    (0)    4 :  0.587 0.121 0.111 0.004 0.056 0.029 0.092 
223 HI_SS0273    (0)    4 :  0.826 0.041 0.046 0.004 0.022 0.013 0.047 
224 HI_SS0277    (1)    4 :  0.029 0.010 0.497 0.005 0.365 0.051 0.043 
225 HI_SS0280    (0)    4 :  0.073 0.031 0.085 0.009 0.028 0.611 0.163 
226 HI_SS0282    (1)    4 :  0.090 0.768 0.048 0.002 0.044 0.005 0.043 
227 HI_SS0286    (1)    4 :  0.028 0.034 0.045 0.014 0.788 0.014 0.076 
228 NS_SS1252    (3)    5 :  0.074 0.017 0.008 0.005 0.876 0.009 0.012 
229 NS_SS1261    (1)    5 :  0.061 0.015 0.472 0.025 0.129 0.116 0.181 
230 NS_SS1225   (10)    5 :  0.126 0.296 0.231 0.123 0.061 0.016 0.147 
231 NS_SS1266    (1)    5 :  0.005 0.014 0.192 0.010 0.012 0.007 0.761 
232 NS_SS1228    (0)    5 :  0.034 0.076 0.045 0.028 0.008 0.775 0.034 
233 NS_SS1255    (3)    5 :  0.354 0.258 0.035 0.003 0.024 0.308 0.020 
234 NS_SS1267    (3)    5 :  0.059 0.009 0.004 0.016 0.884 0.009 0.019 
235 NS_SS1238    (6)    5 :  0.617 0.013 0.295 0.005 0.041 0.016 0.012 
236 NS_SS1233    (8)    5 :  0.187 0.011 0.600 0.002 0.015 0.045 0.140 
237 NS_SS1277    (3)    5 :  0.257 0.070 0.009 0.001 0.160 0.495 0.007 
238 NS_SS1245    (1)    5 :  0.087 0.089 0.730 0.002 0.039 0.036 0.017 
239 NS_SS1240    (4)    5 :  0.204 0.029 0.216 0.003 0.516 0.015 0.017 
240 NS_SS1275    (2)    5 :  0.006 0.057 0.668 0.004 0.017 0.112 0.137 
241 NS_SS1235    (1)    5 :  0.063 0.789 0.041 0.009 0.022 0.012 0.063 
242 NS_SS1263    (1)    5 :  0.045 0.294 0.141 0.003 0.007 0.038 0.472 
243 NS_SS1251    (2)    5 :  0.018 0.136 0.211 0.002 0.032 0.025 0.577 
244 NS_SS1248    (0)    5 :  0.294 0.015 0.014 0.114 0.029 0.497 0.037 
245 NS_SS1244    (0)    5 :  0.475 0.020 0.110 0.008 0.020 0.011 0.357 
246 NS_SS1257    (1)    5 :  0.281 0.036 0.220 0.039 0.345 0.040 0.039 
247 NS_SS1242    (2)    5 :  0.010 0.035 0.830 0.004 0.018 0.056 0.047 
248 NS_SS1271    (6)    5 :  0.316 0.035 0.008 0.043 0.018 0.572 0.009 
249 NS_SS1265    (1)    5 :  0.221 0.021 0.256 0.027 0.417 0.025 0.032 
250 NS_SS1243    (0)    5 :  0.100 0.026 0.646 0.106 0.022 0.076 0.024 
251 NS_SS1273    (1)    5 :  0.021 0.009 0.119 0.019 0.028 0.716 0.088 
252 NS_SS1254   (14)    5 :  0.011 0.025 0.031 0.008 0.007 0.014 0.904 
253 NS_SS1224    (1)    5 :  0.013 0.300 0.171 0.014 0.039 0.068 0.396 
254 NS_SS1227    (8)    5 :  0.034 0.713 0.008 0.003 0.042 0.192 0.008 
255 NS_SS1274    (9)    5 :  0.291 0.064 0.049 0.031 0.263 0.025 0.277 
256 NS_SS1241    (1)    5 :  0.786 0.025 0.033 0.002 0.012 0.009 0.133 
257 NS_SS1256    (3)    5 :  0.043 0.018 0.541 0.050 0.019 0.025 0.304 
258 NS_SS1260    (8)    5 :  0.151 0.355 0.036 0.081 0.210 0.010 0.157 
259 NS_SS1262    (0)    5 :  0.084 0.145 0.063 0.158 0.015 0.050 0.486 
260 NS_SS1230    (0)    5 :  0.698 0.030 0.133 0.014 0.060 0.024 0.042 
261 NS_SS1270    (2)    5 :  0.016 0.051 0.833 0.004 0.048 0.021 0.027 
262 NS_SS1229    (2)    5 :  0.014 0.767 0.043 0.007 0.108 0.006 0.054 
263 NS_SS1246    (5)    5 :  0.255 0.529 0.027 0.004 0.026 0.142 0.017 
264 NS_SS1269    (0)    5 :  0.063 0.014 0.034 0.003 0.655 0.036 0.195 
265 NS_SS1239    (1)    5 :  0.011 0.512 0.014 0.009 0.138 0.264 0.053 
266 NS_SS1272    (5)    5 :  0.011 0.007 0.828 0.006 0.047 0.075 0.026 
267 NS_SS1268    (1)    5 :  0.026 0.358 0.202 0.003 0.029 0.257 0.125 
268 NS_SS1249    (1)    5 :  0.599 0.233 0.009 0.019 0.018 0.041 0.082 
269 HI_SS0559    (0)    6 :  0.014 0.926 0.010 0.003 0.009 0.019 0.018 
270 HI_SS0563    (1)    6 :  0.077 0.024 0.018 0.005 0.181 0.096 0.599 
271 HI_SS0564    (0)    6 :  0.035 0.073 0.175 0.082 0.450 0.130 0.055 
272 HI_SS0565    (0)    6 :  0.049 0.488 0.112 0.005 0.175 0.129 0.042 
273 HI_SS0569    (1)    6 :  0.584 0.219 0.068 0.004 0.040 0.046 0.040 
274 HI_SS0570    (0)    6 :  0.798 0.035 0.020 0.066 0.023 0.025 0.034 
275 HI_SS0572    (1)    6 :  0.006 0.828 0.122 0.002 0.009 0.020 0.013 
276 HI_SS0576    (1)    6 :  0.058 0.055 0.036 0.010 0.196 0.621 0.024 
277 HI_SS0579    (1)    6 :  0.025 0.904 0.022 0.018 0.012 0.009 0.010 
278 HI_SS0580    (1)    6 :  0.026 0.040 0.010 0.007 0.053 0.704 0.160 
279 HI_SS0581    (0)    6 :  0.004 0.007 0.883 0.068 0.019 0.009 0.009 
280 HI_SS0583    (1)    6 :  0.048 0.051 0.472 0.004 0.251 0.028 0.146 
281 HI_SS0586    (1)    6 :  0.572 0.041 0.011 0.002 0.210 0.088 0.076 
282 HI_SS0588    (1)    6 :  0.113 0.184 0.159 0.027 0.293 0.041 0.184 
283 HI_SS0595    (4)    6 :  0.091 0.053 0.020 0.029 0.050 0.746 0.011 
284 HI_SS0596    (0)    6 :  0.011 0.432 0.021 0.003 0.012 0.499 0.023 
285 HI_SS0597    (1)    6 :  0.009 0.014 0.933 0.004 0.011 0.018 0.012 
286 HI_SS0600    (0)    6 :  0.024 0.044 0.049 0.005 0.070 0.057 0.751 
287 HI_SS0601    (1)    6 :  0.012 0.563 0.021 0.018 0.018 0.014 0.354 
288 HI_SS0602    (1)    6 :  0.021 0.458 0.030 0.003 0.413 0.055 0.020 
289 HI_SS0604    (0)    6 :  0.017 0.052 0.801 0.003 0.079 0.031 0.016 
290 HI_SS0605    (1)    6 :  0.009 0.017 0.007 0.008 0.928 0.011 0.021 
291 HI_SS0608    (0)    6 :  0.023 0.025 0.005 0.001 0.009 0.922 0.015 
292 HI_SS0609    (0)    6 :  0.034 0.028 0.224 0.001 0.048 0.051 0.613 
293 HI_SS0611    (5)    6 :  0.053 0.175 0.035 0.005 0.455 0.201 0.077 
294 HI_SS0612    (0)    6 :  0.022 0.585 0.016 0.011 0.022 0.018 0.325 
295 HI_SS0613    (1)    6 :  0.023 0.035 0.376 0.003 0.503 0.022 0.039 
296 HI_SS0615    (1)    6 :  0.011 0.115 0.044 0.019 0.350 0.306 0.154 
297 HI_SS0001    (1)    6 :  0.048 0.022 0.054 0.006 0.391 0.051 0.428 
298 HI_SS0002    (1)    6 :  0.008 0.035 0.854 0.030 0.021 0.013 0.039 
299 HI_SS0004    (0)    6 :  0.599 0.126 0.060 0.010 0.121 0.042 0.041 
300 HI_SS0005    (1)    6 :  0.100 0.011 0.485 0.012 0.175 0.194 0.023 
301 HI_SS0006    (1)    6 :  0.050 0.020 0.661 0.002 0.218 0.014 0.035 
302 HI_SS0007    (1)    6 :  0.558 0.017 0.025 0.004 0.027 0.357 0.012 
303 HI_SS0008    (0)    6 :  0.017 0.559 0.067 0.051 0.197 0.090 0.020 
304 HI_SS0009    (0)    6 :  0.034 0.218 0.010 0.007 0.043 0.581 0.107 
305 HI_SS0010    (1)    6 :  0.612 0.071 0.019 0.008 0.046 0.185 0.059 
306 HI_SS0011    (1)    6 :  0.131 0.026 0.607 0.101 0.008 0.096 0.031 
307 HI_SS0012    (0)    6 :  0.011 0.057 0.049 0.009 0.285 0.271 0.318 
308 HI_SS0017    (1)    6 :  0.178 0.111 0.215 0.003 0.012 0.434 0.046 
309 HI_SS0021    (1)    6 :  0.051 0.016 0.346 0.237 0.059 0.274 0.016 
310 HI_SS0024    (1)    6 :  0.189 0.022 0.120 0.003 0.030 0.616 0.020 
311 HI_SS0025    (1)    6 :  0.012 0.026 0.079 0.006 0.092 0.460 0.325 
312 HI_SS0027    (0)    6 :  0.418 0.505 0.011 0.024 0.011 0.020 0.011 
313 HI_SS0028    (0)    6 :  0.013 0.054 0.050 0.003 0.084 0.724 0.072 
314 HI_SS0029    (1)    6 :  0.013 0.016 0.023 0.011 0.055 0.867 0.014 
315 HI_SS0030    (2)    6 :  0.025 0.777 0.134 0.006 0.015 0.025 0.017 
316 HI_SS0031    (0)    6 :  0.043 0.405 0.068 0.008 0.234 0.192 0.050 
317 HI_SS0034    (0)    6 :  0.079 0.746 0.048 0.007 0.087 0.017 0.014 
318 HI_SS0036    (0)    6 :  0.410 0.010 0.025 0.019 0.187 0.336 0.013 
319 HI_SS0037    (1)    6 :  0.714 0.014 0.036 0.006 0.063 0.009 0.157 
320 HI_SS0039    (0)    6 :  0.144 0.165 0.028 0.004 0.026 0.588 0.045 
321 HI_SS0041    (1)    6 :  0.007 0.025 0.040 0.003 0.088 0.609 0.228 
322 HI_SS0042    (1)    6 :  0.008 0.015 0.024 0.114 0.047 0.753 0.040 
323 HI_SS0043    (1)    6 :  0.780 0.015 0.027 0.005 0.134 0.029 0.009 
324 HI_SS0044    (1)    6 :  0.246 0.022 0.055 0.004 0.016 0.643 0.014 
325 HI_SS0047    (1)    6 :  0.008 0.025 0.929 0.003 0.012 0.013 0.010 
326 HI_SS0049    (1)    6 :  0.053 0.528 0.225 0.007 0.012 0.104 0.071 
327 HI_SS0051    (1)    6 :  0.016 0.008 0.014 0.003 0.907 0.007 0.044 
328 HI_SS0053    (1)    6 :  0.031 0.898 0.024 0.007 0.025 0.011 0.005 
329 HI_SS0054    (4)    6 :  0.719 0.128 0.025 0.009 0.045 0.022 0.052 
330 HI_SS0057    (0)    6 :  0.082 0.018 0.712 0.005 0.020 0.068 0.094 
331 HI_SS0058    (0)    6 :  0.081 0.027 0.014 0.010 0.269 0.013 0.585 
332 HI_SS0060    (0)    6 :  0.604 0.071 0.055 0.140 0.046 0.054 0.031 
333 HI_SS0087    (1)    6 :  0.078 0.130 0.147 0.004 0.598 0.019 0.024 
334 HI_SS0091    (1)    6 :  0.078 0.021 0.021 0.002 0.659 0.010 0.209 
335 HI_SS0095    (1)    6 :  0.009 0.667 0.029 0.072 0.082 0.015 0.126 
336 HI_SS0097    (3)    6 :  0.025 0.557 0.191 0.007 0.023 0.008 0.189 
337 HI_SS0099    (1)    6 :  0.011 0.015 0.026 0.006 0.015 0.914 0.014 
338 HI_SS0103    (0)    6 :  0.017 0.078 0.797 0.006 0.058 0.016 0.030 
339 HI_SS0105    (1)    6 :  0.041 0.027 0.527 0.039 0.081 0.017 0.268 
340 HI_SS0107    (1)    6 :  0.008 0.500 0.333 0.001 0.010 0.038 0.109 
341 HI_SS0108    (1)    6 :  0.872 0.019 0.017 0.037 0.038 0.008 0.009 
342 HI_SS0110    (0)    6 :  0.039 0.198 0.097 0.002 0.404 0.158 0.103 
343 HI_SS0111    (1)    6 :  0.010 0.020 0.060 0.034 0.284 0.207 0.386 
344 HI_SS0112    (0)    6 :  0.960 0.007 0.005 0.002 0.005 0.015 0.006 
345 HI_SS0113    (1)    6 :  0.011 0.012 0.842 0.003 0.022 0.086 0.023 
346 HI_SS0114    (1)    6 :  0.155 0.037 0.099 0.008 0.508 0.016 0.177 
347 HI_SS0115    (1)    6 :  0.072 0.713 0.015 0.021 0.053 0.049 0.076 
348 HI_SS0116    (4)    6 :  0.186 0.109 0.057 0.004 0.053 0.574 0.018 
349 HI_SS0117    (0)    6 :  0.447 0.073 0.139 0.004 0.050 0.031 0.257 
350 HI_SS0118    (0)    6 :  0.054 0.058 0.623 0.023 0.059 0.130 0.053 
351 HI_SS0119    (1)    6 :  0.278 0.033 0.141 0.003 0.345 0.008 0.192 
352 HI_SS0120    (1)    6 :  0.059 0.072 0.751 0.006 0.056 0.033 0.022 
353 HI_SS0121    (0)    6 :  0.007 0.010 0.189 0.003 0.023 0.090 0.678 
354 HI_SS0122    (2)    6 :  0.245 0.011 0.062 0.040 0.106 0.273 0.263 
355 HI_SS0123    (0)    6 :  0.016 0.189 0.492 0.008 0.231 0.016 0.048 
356 HI_SS0124    (1)    6 :  0.018 0.027 0.049 0.005 0.013 0.756 0.133 
357 HI_SS0125    (1)    6 :  0.008 0.015 0.025 0.045 0.029 0.839 0.040 
358 HI_SS0126    (0)    6 :  0.704 0.010 0.015 0.001 0.026 0.236 0.008 
359 HI_SS0127    (0)    6 :  0.044 0.712 0.112 0.015 0.031 0.040 0.045 
360 HI_SS0128    (0)    6 :  0.021 0.748 0.038 0.005 0.033 0.078 0.078 
361 HI_SS0129    (1)    6 :  0.084 0.039 0.019 0.015 0.637 0.187 0.019 
362 HI_SS0131    (2)    6 :  0.739 0.010 0.021 0.030 0.010 0.014 0.176 
363 HI_SS0132    (0)    6 :  0.152 0.010 0.035 0.001 0.029 0.243 0.530 
364 HI_SS0133    (1)    6 :  0.968 0.007 0.006 0.002 0.006 0.008 0.004 
365 HI_SS0134    (1)    6 :  0.177 0.054 0.516 0.003 0.149 0.035 0.066 
366 HI_SS0142    (3)    6 :  0.017 0.273 0.382 0.024 0.146 0.107 0.052 
367 HI_SS0145    (0)    6 :  0.059 0.782 0.045 0.002 0.064 0.012 0.035 
368 HI_SS0146    (1)    6 :  0.883 0.048 0.014 0.002 0.008 0.036 0.009 
369 HI_SS0147    (1)    6 :  0.010 0.036 0.189 0.035 0.340 0.031 0.359 
370 HI_SS0149    (1)    6 :  0.173 0.027 0.417 0.007 0.025 0.310 0.041 
371 HI_SS0150    (2)    6 :  0.033 0.032 0.036 0.009 0.059 0.110 0.721 
372 HI_SS0151    (0)    6 :  0.042 0.709 0.021 0.020 0.156 0.034 0.018 
373 NS_SS1451    (1)    6 :  0.013 0.035 0.091 0.006 0.024 0.637 0.194 
374 NS_SS1404    (0)    6 :  0.017 0.026 0.040 0.019 0.122 0.491 0.286 
375 NS_SS1432    (2)    6 :  0.004 0.007 0.014 0.039 0.030 0.902 0.005 
376 NS_SS1405    (5)    6 :  0.140 0.026 0.032 0.004 0.281 0.390 0.127 
377 NS_SS1431   (10)    6 :  0.033 0.137 0.478 0.001 0.073 0.162 0.115 
378 NS_SS1402    (3)    6 :  0.020 0.034 0.064 0.005 0.118 0.041 0.718 
379 NS_SS1450    (3)    6 :  0.142 0.705 0.052 0.006 0.047 0.028 0.020 
380 NS_SS1396    (0)    6 :  0.074 0.029 0.687 0.009 0.063 0.054 0.085 
381 NS_SS1393    (5)    6 :  0.012 0.026 0.012 0.005 0.909 0.015 0.021 
382 NS_SS1392   (10)    6 :  0.031 0.200 0.024 0.030 0.064 0.531 0.119 
383 NS_SS1445    (0)    6 :  0.013 0.681 0.058 0.010 0.217 0.012 0.008 
384 NS_SS1423    (0)    6 :  0.399 0.514 0.025 0.002 0.020 0.026 0.015 
385 NS_SS1421    (9)    6 :  0.756 0.010 0.062 0.109 0.034 0.010 0.018 
386 NS_SS1411    (6)    6 :  0.856 0.011 0.030 0.003 0.051 0.023 0.026 
387 NS_SS1453    (6)    6 :  0.118 0.033 0.136 0.014 0.560 0.108 0.030 
388 NS_SS1442    (3)    6 :  0.405 0.106 0.213 0.007 0.148 0.017 0.104 
389 NS_SS1422    (1)    6 :  0.023 0.547 0.017 0.015 0.027 0.027 0.344 
390 NS_SS1419    (1)    6 :  0.015 0.005 0.017 0.126 0.007 0.051 0.779 
391 NS_SS1427    (0)    6 :  0.552 0.042 0.007 0.004 0.115 0.260 0.019 
392 NS_SS1444    (4)    6 :  0.009 0.092 0.069 0.006 0.032 0.766 0.025 
393 NS_SS1455    (0)    6 :  0.017 0.017 0.745 0.002 0.008 0.015 0.196 
394 NS_SS1425    (2)    6 :  0.932 0.008 0.020 0.002 0.023 0.008 0.006 
395 NS_SS1400    (0)    6 :  0.906 0.011 0.041 0.003 0.008 0.011 0.020 
396 NS_SS1406    (2)    6 :  0.011 0.087 0.430 0.014 0.081 0.011 0.366 
397 NS_SS1417    (6)    6 :  0.082 0.007 0.185 0.010 0.095 0.049 0.572 
398 NS_SS1454    (3)    6 :  0.332 0.009 0.099 0.002 0.052 0.059 0.448 
399 NS_SS1412    (1)    6 :  0.157 0.284 0.267 0.037 0.031 0.099 0.124 
400 NS_SS1438    (1)    6 :  0.042 0.091 0.025 0.002 0.309 0.018 0.513 
401 NS_SS1416    (4)    6 :  0.007 0.031 0.067 0.009 0.499 0.071 0.316 
402 NS_SS1401    (0)    6 :  0.189 0.174 0.236 0.021 0.034 0.082 0.265 
403 NS_SS1424    (6)    6 :  0.090 0.098 0.122 0.022 0.417 0.129 0.121 
404 NS_SS1435   (10)    6 :  0.273 0.042 0.098 0.003 0.027 0.542 0.016 
405 NS_SS1447    (4)    6 :  0.018 0.022 0.870 0.009 0.008 0.010 0.063 
406 NS_SS1414    (3)    6 :  0.022 0.059 0.092 0.012 0.016 0.262 0.537 
407 NS_SS1449   (14)    6 :  0.020 0.183 0.024 0.007 0.012 0.009 0.745 
408 NS_SS1443    (4)    6 :  0.106 0.829 0.021 0.003 0.019 0.005 0.018 
409 NS_SS1434    (1)    6 :  0.353 0.237 0.057 0.001 0.146 0.157 0.049 
410 NS_SS1398    (1)    6 :  0.422 0.059 0.073 0.041 0.224 0.168 0.013 
411 NS_SS1426    (1)    6 :  0.111 0.452 0.027 0.004 0.357 0.026 0.024 
412 NS_SS1413    (0)    6 :  0.916 0.024 0.007 0.017 0.012 0.016 0.009 
413 NS_SS1395    (1)    6 :  0.031 0.532 0.374 0.012 0.024 0.012 0.017 
414 NS_SS1448   (10)    6 :  0.326 0.015 0.026 0.002 0.016 0.592 0.023 
415 NS_SS1446    (0)    6 :  0.035 0.149 0.096 0.004 0.237 0.271 0.207 
416 NS_SS1403    (2)    6 :  0.011 0.032 0.082 0.006 0.750 0.026 0.093 
417 NS_SS1415    (0)    6 :  0.712 0.038 0.025 0.017 0.082 0.097 0.029 
418 NS_SS1437    (4)    6 :  0.029 0.220 0.088 0.019 0.038 0.427 0.179 
419 NS_SS1439    (2)    6 :  0.005 0.085 0.460 0.004 0.067 0.009 0.369 
420 NS_SS1441    (3)    6 :  0.411 0.183 0.026 0.003 0.041 0.037 0.299 
421 NS_SS1420    (2)    6 :  0.007 0.016 0.020 0.005 0.018 0.812 0.121 
422 NS_SS1394    (2)    6 :  0.012 0.084 0.151 0.048 0.093 0.535 0.077 
423 NS_SS1391    (7)    6 :  0.047 0.880 0.016 0.012 0.017 0.015 0.012 
424 NS_SS1410    (5)    6 :  0.117 0.017 0.180 0.021 0.119 0.219 0.328 
425 NS_SS1408    (1)    6 :  0.014 0.068 0.221 0.070 0.566 0.035 0.027 
426 NS_SS1409    (1)    6 :  0.019 0.078 0.024 0.004 0.766 0.043 0.066 
427 HI_SS0617    (1)    7 :  0.006 0.159 0.015 0.002 0.762 0.039 0.017 
428 HI_SS0618    (2)    7 :  0.015 0.025 0.064 0.004 0.335 0.329 0.228 
429 HI_SS0619    (0)    7 :  0.047 0.032 0.069 0.006 0.066 0.740 0.040 
430 HI_SS0620    (1)    7 :  0.824 0.063 0.014 0.005 0.017 0.034 0.044 
431 HI_SS0621    (3)    7 :  0.011 0.095 0.031 0.016 0.075 0.103 0.670 
432 HI_SS0622    (1)    7 :  0.095 0.753 0.032 0.017 0.021 0.038 0.044 
433 HI_SS0626    (0)    7 :  0.038 0.017 0.015 0.014 0.078 0.807 0.031 
434 HI_SS0627    (0)    7 :  0.015 0.009 0.777 0.011 0.098 0.074 0.015 
435 HI_SS0628    (3)    7 :  0.236 0.011 0.197 0.065 0.078 0.397 0.016 
436 HI_SS0629    (1)    7 :  0.055 0.013 0.238 0.008 0.290 0.273 0.123 
437 HI_SS0630    (1)    7 :  0.483 0.015 0.027 0.073 0.129 0.099 0.173 
438 HI_SS0631    (0)    7 :  0.769 0.042 0.091 0.001 0.019 0.042 0.036 
439 HI_SS0632    (0)    7 :  0.452 0.017 0.391 0.004 0.015 0.092 0.028 
440 HI_SS0633    (0)    7 :  0.008 0.626 0.008 0.005 0.017 0.312 0.024 
441 HI_SS0634    (1)    7 :  0.030 0.015 0.298 0.005 0.550 0.065 0.037 
442 HI_SS0635    (0)    7 :  0.026 0.012 0.021 0.013 0.067 0.194 0.667 
443 HI_SS0637    (1)    7 :  0.006 0.027 0.026 0.004 0.897 0.009 0.031 
444 HI_SS0638    (0)    7 :  0.507 0.173 0.029 0.003 0.175 0.080 0.034 
445 HI_SS0639    (1)    7 :  0.005 0.131 0.035 0.059 0.049 0.698 0.023 
446 HI_SS0640    (1)    7 :  0.032 0.793 0.092 0.003 0.026 0.034 0.019 
447 HI_SS0641    (1)    7 :  0.029 0.010 0.011 0.005 0.504 0.340 0.100 
448 HI_SS0642    (0)    7 :  0.035 0.155 0.563 0.004 0.015 0.205 0.023 
449 HI_SS0645    (0)    7 :  0.033 0.015 0.118 0.001 0.026 0.778 0.030 
450 HI_SS0646    (1)    7 :  0.019 0.747 0.022 0.005 0.159 0.016 0.032 
451 HI_SS0647    (1)    7 :  0.204 0.045 0.243 0.001 0.182 0.158 0.166 
452 HI_SS0648    (0)    7 :  0.049 0.280 0.145 0.005 0.066 0.416 0.040 
453 HI_SS0649    (1)    7 :  0.018 0.028 0.101 0.003 0.650 0.174 0.027 
454 HI_SS0650    (1)    7 :  0.011 0.036 0.225 0.005 0.694 0.017 0.013 
455 HI_SS0651    (1)    7 :  0.009 0.905 0.021 0.007 0.027 0.013 0.016 
456 HI_SS0652    (1)    7 :  0.012 0.015 0.088 0.005 0.266 0.505 0.110 
457 NS_SS1371    (3)    7 :  0.020 0.117 0.027 0.008 0.760 0.024 0.044 
458 NS_SS1374    (0)    7 :  0.207 0.017 0.011 0.003 0.687 0.068 0.007 
459 NS_SS1337    (3)    7 :  0.024 0.008 0.225 0.004 0.160 0.017 0.563 
460 NS_SS1385    (5)    7 :  0.019 0.759 0.072 0.008 0.063 0.024 0.055 
461 NS_SS1388    (0)    7 :  0.023 0.010 0.088 0.010 0.032 0.809 0.029 
462 NS_SS1370    (1)    7 :  0.052 0.017 0.151 0.015 0.026 0.110 0.630 
463 NS_SS1389    (3)    7 :  0.011 0.009 0.028 0.006 0.025 0.884 0.037 
464 NS_SS1360    (1)    7 :  0.202 0.341 0.037 0.007 0.358 0.020 0.036 
465 NS_SS1330    (0)    7 :  0.007 0.023 0.336 0.006 0.081 0.015 0.532 
466 NS_SS1328    (9)    7 :  0.603 0.237 0.020 0.005 0.028 0.091 0.016 
467 NS_SS1384    (1)    7 :  0.010 0.791 0.022 0.005 0.089 0.017 0.067 
468 NS_SS1381    (0)    7 :  0.006 0.040 0.383 0.001 0.351 0.020 0.198 
469 NS_SS1375    (1)    7 :  0.010 0.020 0.024 0.001 0.013 0.917 0.015 
470 NS_SS1319   (11)    7 :  0.042 0.044 0.026 0.111 0.267 0.101 0.409 
471 NS_SS1326    (2)    7 :  0.893 0.011 0.012 0.016 0.034 0.018 0.016 
472 NS_SS1341    (1)    7 :  0.015 0.014 0.908 0.005 0.032 0.009 0.017 
473 NS_SS1383    (2)    7 :  0.092 0.052 0.117 0.007 0.625 0.085 0.024 
474 NS_SS1318    (3)    7 :  0.112 0.057 0.413 0.018 0.062 0.103 0.235 
475 NS_SS1348    (2)    7 :  0.714 0.027 0.018 0.003 0.160 0.023 0.055 
476 NS_SS1363    (0)    7 :  0.024 0.016 0.027 0.008 0.364 0.159 0.402 
477 NS_SS1335    (4)    7 :  0.481 0.102 0.030 0.037 0.045 0.015 0.290 
478 NS_SS1358    (0)    7 :  0.123 0.026 0.128 0.024 0.454 0.005 0.241 
479 NS_SS1342    (1)    7 :  0.101 0.289 0.302 0.002 0.229 0.034 0.044 
480 NS_SS1320    (3)    7 :  0.010 0.120 0.420 0.010 0.014 0.165 0.260 
481 NS_SS1355    (1)    7 :  0.006 0.246 0.377 0.019 0.117 0.033 0.200 
482 NS_SS1345    (1)    7 :  0.033 0.619 0.017 0.024 0.008 0.010 0.289 
483 NS_SS1324    (0)    7 :  0.459 0.076 0.044 0.006 0.050 0.316 0.049 
484 NS_SS1347    (5)    7 :  0.015 0.895 0.017 0.004 0.046 0.011 0.012 
485 NS_SS1321    (4)    7 :  0.108 0.020 0.068 0.002 0.764 0.011 0.025 
486 NS_SS1333    (0)    7 :  0.062 0.012 0.026 0.003 0.020 0.862 0.015 
487 NS_SS1364    (1)    7 :  0.371 0.428 0.070 0.004 0.084 0.011 0.033 
488 NS_SS1379    (0)    7 :  0.054 0.067 0.627 0.071 0.042 0.015 0.123 
489 NS_SS1332    (0)    7 :  0.818 0.021 0.014 0.009 0.009 0.118 0.011 
490 NS_SS1338    (5)    7 :  0.018 0.034 0.013 0.011 0.687 0.218 0.019 
491 NS_SS1368    (6)    7 :  0.590 0.026 0.153 0.010 0.042 0.147 0.032 
492 NS_SS1354    (1)    7 :  0.036 0.065 0.649 0.019 0.056 0.069 0.105 
493 NS_SS1365    (0)    7 :  0.059 0.041 0.157 0.013 0.017 0.688 0.025 
494 NS_SS1380    (1)    7 :  0.006 0.017 0.008 0.018 0.010 0.006 0.936 
495 NS_SS1329    (8)    7 :  0.133 0.018 0.688 0.006 0.119 0.014 0.021 
496 NS_SS1362    (0)    7 :  0.020 0.112 0.020 0.008 0.704 0.011 0.124 
497 NS_SS1327    (2)    7 :  0.919 0.011 0.010 0.004 0.032 0.017 0.006 
498 NS_SS1350    (0)    7 :  0.009 0.186 0.008 0.014 0.760 0.012 0.011 
499 NS_SS1387    (2)    7 :  0.009 0.084 0.112 0.004 0.106 0.666 0.019 
500 NS_SS1369    (8)    7 :  0.756 0.030 0.025 0.007 0.067 0.026 0.090 
501 NS_SS1331    (1)    7 :  0.123 0.008 0.043 0.017 0.017 0.747 0.046 
502 NS_SS1357    (5)    7 :  0.010 0.854 0.023 0.005 0.037 0.067 0.005 
503 NS_SS1386    (1)    7 :  0.955 0.010 0.008 0.003 0.010 0.006 0.008 
504 NS_SS1353    (2)    7 :  0.066 0.065 0.733 0.004 0.037 0.073 0.022 
505 NS_SS1323    (0)    7 :  0.011 0.772 0.039 0.090 0.011 0.036 0.041 
506 HI_SS0296    (0)    8 :  0.578 0.144 0.093 0.002 0.048 0.034 0.101 
507 HI_SS0297    (0)    8 :  0.125 0.035 0.034 0.001 0.711 0.063 0.030 
508 HI_SS0299    (0)    8 :  0.047 0.121 0.157 0.042 0.349 0.034 0.250 
509 HI_SS0300    (0)    8 :  0.431 0.018 0.226 0.002 0.169 0.027 0.126 
510 HI_SS0301    (0)    8 :  0.036 0.074 0.562 0.007 0.067 0.185 0.069 
511 HI_SS0302    (0)    8 :  0.740 0.083 0.025 0.030 0.019 0.076 0.027 
512 HI_SS0303    (0)    8 :  0.824 0.037 0.064 0.011 0.014 0.043 0.008 
513 HI_SS0304    (0)    8 :  0.153 0.031 0.224 0.003 0.347 0.139 0.103 
514 HI_SS0306    (5)    8 :  0.921 0.030 0.013 0.007 0.010 0.013 0.006 
