   NS_SS0963  1 0.0308 0.1450 0.0182 0.1846 0.5878 0.0095 0.0240 
   NS_SS0983  1 0.9507 0.0104 0.0078 0.0115 0.0077 0.0052 0.0069 
   NS_SS0719  1 0.2493 0.3918 0.0684 0.2104 0.0227 0.0060 0.0514 
   NS_SS1001  1 0.0177 0.6392 0.0654 0.0179 0.0610 0.0075 0.1912 
   NS_SS0936  1 0.0131 0.0237 0.4302 0.1648 0.3408 0.0037 0.0237 
   NS_SS0955  1 0.6655 0.1564 0.0192 0.0217 0.0762 0.0044 0.0566 
   NS_SS0944  1 0.0132 0.0555 0.0559 0.0233 0.1755 0.0028 0.6737 
   NS_SS0945  1 0.0280 0.0175 0.2958 0.0130 0.0210 0.0100 0.6147 
   NS_SS0922  1 0.0212 0.0581 0.2617 0.3138 0.2973 0.0427 0.0051 
   NS_SS0929  1 0.0914 0.1754 0.5390 0.0761 0.0629 0.0054 0.0499 
   NS_SS0956  1 0.0088 0.8781 0.0432 0.0405 0.0080 0.0054 0.0160 
   NS_SS0906  1 0.0281 0.1405 0.0199 0.3532 0.3644 0.0046 0.0893 
   NS_SS0721  1 0.1192 0.6852 0.0429 0.0948 0.0210 0.0062 0.0308 
   NS_SS0982  1 0.0229 0.0937 0.0100 0.6554 0.1936 0.0183 0.0060 
   NS_SS0923  1 0.0515 0.2827 0.4123 0.1942 0.0350 0.0068 0.0174 
   NS_SS0905  1 0.0712 0.0460 0.0089 0.8253 0.0210 0.0023 0.0254 
   NS_SS0925  1 0.0135 0.0209 0.0117 0.0190 0.9221 0.0056 0.0072 
   NS_SS0947  1 0.0312 0.2293 0.0209 0.0644 0.5929 0.0077 0.0536 
   NS_SS0926  1 0.2232 0.0206 0.1337 0.0991 0.0053 0.0017 0.5163 
   NS_SS0918  1 0.1885 0.1077 0.0532 0.0858 0.0429 0.0045 0.5173 
   NS_SS0966  1 0.0624 0.1292 0.1455 0.4350 0.1263 0.0687 0.0330 
   NS_SS0938  1 0.0162 0.0237 0.7402 0.1744 0.0338 0.0029 0.0089 
   NS_SS0917  1 0.3154 0.1266 0.0323 0.3017 0.1363 0.0537 0.0340 
   NS_SS0957  1 0.0096 0.0605 0.8349 0.0538 0.0253 0.0071 0.0089 
   NS_SS0987  1 0.0484 0.4291 0.0504 0.1874 0.0421 0.2324 0.0101 
   NS_SS0717  1 0.0391 0.4030 0.0193 0.4009 0.0882 0.0054 0.0440 
   NS_SS0986  1 0.0174 0.9240 0.0192 0.0136 0.0041 0.0042 0.0175 
   NS_SS0953  1 0.0279 0.0229 0.0141 0.0143 0.8798 0.0251 0.0159 
   NS_SS0907  1 0.1382 0.1501 0.0167 0.1387 0.4927 0.0493 0.0144 
   NS_SS0974  1 0.0340 0.0295 0.0615 0.0304 0.3142 0.0048 0.5256 
   NS_SS0989  1 0.6586 0.0224 0.0934 0.0504 0.1534 0.0017 0.0200 
   NS_SS0991  1 0.3663 0.1997 0.0113 0.0203 0.0340 0.0020 0.3664 
   NS_SS0994  1 0.7032 0.0087 0.0265 0.0064 0.0195 0.0025 0.2331 
   NS_SS0931  1 0.0209 0.0054 0.8319 0.0740 0.0098 0.0085 0.0494 
   NS_SS1000  1 0.0157 0.4351 0.0962 0.1634 0.1281 0.0044 0.1570 
   NS_SS0919  1 0.1318 0.0145 0.0193 0.7833 0.0224 0.0043 0.0244 
   NS_SS0949  1 0.1452 0.0203 0.0805 0.0193 0.1278 0.0020 0.6048 
   NS_SS0960  1 0.0587 0.0725 0.0394 0.2434 0.0525 0.0110 0.5224 
   NS_SS0716  1 0.0068 0.8229 0.0163 0.1185 0.0108 0.0085 0.0161 
   NS_SS0924  1 0.0811 0.8290 0.0179 0.0165 0.0242 0.0176 0.0137 
   NS_SS0935  1 0.2911 0.0228 0.1962 0.0403 0.3299 0.0171 0.1026 
   NS_SS0952  1 0.1960 0.0316 0.0167 0.0584 0.0944 0.0564 0.5464 
   NS_SS0962  1 0.0214 0.0423 0.0673 0.8243 0.0148 0.0119 0.0180 
   NS_SS0973  1 0.0261 0.0231 0.0116 0.0113 0.9133 0.0057 0.0089 
   NS_SS0722  1 0.0080 0.0314 0.2945 0.0155 0.6404 0.0036 0.0065 
   NS_SS0979  1 0.1456 0.1505 0.0652 0.5761 0.0349 0.0029 0.0248 
   NS_SS0993  1 0.0192 0.0126 0.4393 0.1978 0.2919 0.0268 0.0124 
   NS_SS0958  1 0.0165 0.0228 0.0385 0.1095 0.0128 0.0031 0.7967 
   NS_SS0988  1 0.0525 0.0284 0.0328 0.7269 0.1144 0.0055 0.0394 
   NS_SS1003  1 0.0148 0.1105 0.0564 0.7625 0.0326 0.0137 0.0096 
   NS_SS0976  1 0.1356 0.0210 0.7487 0.0200 0.0226 0.0028 0.0494 
   NS_SS0964  1 0.0142 0.5828 0.1409 0.0734 0.1713 0.0040 0.0133 
   NS_SS0939  1 0.0041 0.0084 0.9396 0.0124 0.0045 0.0061 0.0250 
   NS_SS0990  1 0.3212 0.1063 0.5058 0.0301 0.0083 0.0046 0.0237 
   NS_SS0984  1 0.0153 0.0144 0.8220 0.1191 0.0221 0.0033 0.0039 
   NS_SS0980  1 0.0155 0.0066 0.0164 0.0152 0.9373 0.0031 0.0058 
   NS_SS0978  1 0.0396 0.0871 0.1245 0.1093 0.5787 0.0051 0.0557 
   NS_SS0951  1 0.0671 0.8167 0.0140 0.0101 0.0372 0.0034 0.0515 
   NS_SS0913  1 0.0079 0.8930 0.0134 0.0127 0.0185 0.0395 0.0150 
   NS_SS1002  1 0.0127 0.0202 0.0119 0.8476 0.0318 0.0424 0.0335 
   NS_SS0948  1 0.0395 0.0303 0.2324 0.6009 0.0156 0.0558 0.0256 
   NS_SS0916  1 0.0341 0.0118 0.6603 0.1705 0.1065 0.0053 0.0114 
   NS_SS0995  1 0.1112 0.1410 0.0497 0.4962 0.1838 0.0040 0.0141 
   NS_SS0927  1 0.2910 0.0749 0.0184 0.4654 0.0996 0.0085 0.0421 
   NS_SS0992  1 0.0288 0.5034 0.0253 0.0765 0.3353 0.0038 0.0269 
   NS_SS0912  1 0.2303 0.3819 0.0429 0.0343 0.0075 0.0041 0.2990 
   NS_SS0981  1 0.0397 0.1886 0.0792 0.6399 0.0281 0.0062 0.0182 
   NS_SS0729  2 0.7744 0.0103 0.0131 0.0052 0.1605 0.0048 0.0319 
   NS_SS0967  2 0.0560 0.1022 0.1402 0.5732 0.0741 0.0149 0.0394 
   NS_SS0941  2 0.0376 0.0215 0.7643 0.0116 0.0672 0.0848 0.0131 
   NS_SS0768  2 0.0130 0.8696 0.0083 0.0211 0.0216 0.0072 0.0593 
   NS_SS0726  2 0.4259 0.0155 0.3167 0.0290 0.1818 0.0117 0.0194 
   NS_SS0763  2 0.7522 0.0665 0.0262 0.0556 0.0590 0.0034 0.0371 
   NS_SS0730  2 0.0119 0.0211 0.0496 0.8537 0.0290 0.0048 0.0300 
   NS_SS0774  2 0.0110 0.0204 0.8778 0.0112 0.0694 0.0014 0.0088 
   NS_SS0723  2 0.0240 0.0206 0.0124 0.0566 0.8762 0.0021 0.0080 
   NS_SS0940  2 0.0325 0.0243 0.8175 0.0454 0.0280 0.0088 0.0435 
   NS_SS0762  2 0.0135 0.0764 0.0388 0.1223 0.7329 0.0042 0.0119 
   NS_SS0766  2 0.0898 0.1045 0.5727 0.0681 0.0936 0.0291 0.0422 
   NS_SS0724  2 0.0194 0.7757 0.0326 0.0303 0.1125 0.0043 0.0251 
   NS_SS0769  2 0.2322 0.5364 0.0096 0.1782 0.0208 0.0058 0.0170 
   NS_SS0777  2 0.1021 0.0155 0.2402 0.4440 0.0271 0.0168 0.1542 
   NS_SS0734  2 0.0213 0.1499 0.1630 0.1281 0.0557 0.0404 0.4417 
   NS_SS0737  2 0.0177 0.0509 0.6412 0.0260 0.2433 0.0076 0.0132 
   NS_SS0732  2 0.0994 0.3525 0.0161 0.1494 0.3374 0.0121 0.0332 
   NS_SS0728  2 0.0845 0.7224 0.0650 0.0195 0.0756 0.0140 0.0190 
   NS_SS0735  2 0.0593 0.0424 0.0527 0.0259 0.7901 0.0103 0.0194 
   NS_SS0725  2 0.1001 0.2040 0.5958 0.0094 0.0450 0.0101 0.0356 
   NS_SS0788  2 0.0633 0.0119 0.0376 0.1324 0.7364 0.0025 0.0159 
   NS_SS0778  2 0.3613 0.0234 0.4413 0.0747 0.0659 0.0031 0.0303 
   NS_SS0792  2 0.0203 0.7856 0.0282 0.1013 0.0370 0.0067 0.0208 
   NS_SS0943  2 0.2078 0.2312 0.0133 0.0412 0.3718 0.0118 0.1229 
   NS_SS0791  2 0.1293 0.1363 0.4685 0.0629 0.1625 0.0196 0.0208 
   NS_SS0790  2 0.0044 0.9107 0.0046 0.0107 0.0612 0.0035 0.0048 
   NS_SS0731  2 0.0223 0.8820 0.0224 0.0147 0.0246 0.0155 0.0184 
   NS_SS0727  2 0.5249 0.0481 0.1245 0.0095 0.2529 0.0023 0.0378 
   NS_SS0779  2 0.1846 0.0169 0.4652 0.1902 0.1162 0.0076 0.0194 
   NS_SS0776  2 0.0177 0.0154 0.8871 0.0104 0.0172 0.0132 0.0391 
   NS_SS0775  2 0.0094 0.0378 0.8613 0.0297 0.0373 0.0096 0.0148 
   NS_SS0965  3 0.0435 0.3353 0.1062 0.4123 0.0705 0.0022 0.0301 
   NS_SS0754  3 0.5073 0.0685 0.2073 0.0423 0.0963 0.0184 0.0599 
   NS_SS0838  3 0.2026 0.3841 0.2758 0.0236 0.0143 0.0460 0.0536 
   NS_SS0839  3 0.0113 0.5574 0.3620 0.0320 0.0245 0.0049 0.0080 
   NS_SS0832  3 0.0302 0.3110 0.0302 0.1603 0.4045 0.0562 0.0075 
   NS_SS0820  3 0.0065 0.8616 0.0146 0.0816 0.0217 0.0068 0.0072 
   NS_SS0886  3 0.4461 0.0749 0.1825 0.1572 0.1009 0.0021 0.0362 
   NS_SS0748  3 0.0785 0.0791 0.4355 0.1106 0.0735 0.0132 0.2096 
   NS_SS0884  3 0.1116 0.0970 0.1328 0.0553 0.5088 0.0352 0.0592 
   NS_SS0752  3 0.0227 0.0256 0.0422 0.0224 0.8380 0.0027 0.0464 
   NS_SS0862  3 0.0627 0.6704 0.0123 0.0730 0.1650 0.0078 0.0088 
   NS_SS0787  3 0.0560 0.0074 0.0066 0.0087 0.0144 0.0081 0.8989 
   NS_SS0843  3 0.4359 0.1801 0.0423 0.0520 0.2768 0.0037 0.0092 
   NS_SS0856  3 0.1035 0.4028 0.0112 0.3769 0.0556 0.0053 0.0447 
   NS_SS0846  3 0.6334 0.0332 0.0156 0.1338 0.1477 0.0035 0.0328 
   NS_SS0825  3 0.0512 0.0549 0.0193 0.6709 0.0281 0.0208 0.1547 
   NS_SS0757  3 0.2753 0.0751 0.0355 0.0546 0.4989 0.0045 0.0562 
   NS_SS0876  3 0.0185 0.2463 0.0122 0.3402 0.1592 0.2082 0.0152 
   NS_SS0903  3 0.0090 0.0136 0.0196 0.0170 0.9268 0.0036 0.0105 
   NS_SS0875  3 0.0671 0.0355 0.0472 0.7498 0.0094 0.0042 0.0869 
   NS_SS0740  3 0.3180 0.0500 0.0297 0.0359 0.5485 0.0048 0.0130 
   NS_SS0811  3 0.0100 0.8969 0.0103 0.0479 0.0097 0.0111 0.0141 
   NS_SS0751  3 0.0101 0.0128 0.1871 0.4267 0.0341 0.0031 0.3260 
   NS_SS0891  3 0.0613 0.1369 0.3879 0.2463 0.1354 0.0099 0.0222 
   NS_SS0867  3 0.1918 0.0506 0.0170 0.3455 0.3259 0.0368 0.0324 
   NS_SS0890  3 0.0589 0.0318 0.0568 0.6904 0.1059 0.0057 0.0506 
   NS_SS0866  3 0.7985 0.0152 0.0465 0.0182 0.0145 0.0064 0.1006 
   NS_SS0755  3 0.0509 0.5704 0.0974 0.2211 0.0338 0.0079 0.0185 
   NS_SS0758  3 0.8582 0.0294 0.0217 0.0461 0.0301 0.0031 0.0114 
   NS_SS0840  3 0.0219 0.7432 0.0241 0.1250 0.0337 0.0027 0.0494 
   NS_SS0889  3 0.1597 0.3745 0.0098 0.0184 0.0192 0.0030 0.4155 
   NS_SS1010  3 0.0477 0.1584 0.0133 0.6481 0.0334 0.0558 0.0433 
   NS_SS0888  3 0.4062 0.0568 0.0297 0.0168 0.3543 0.0025 0.1336 
   NS_SS0837  3 0.0163 0.5256 0.0108 0.0402 0.3549 0.0039 0.0483 
   NS_SS0794  3 0.0457 0.4661 0.0186 0.0090 0.0314 0.0028 0.4263 
   NS_SS0823  3 0.0421 0.7754 0.0333 0.0416 0.0755 0.0054 0.0267 
   NS_SS0829  3 0.3097 0.3086 0.0152 0.0154 0.0121 0.0964 0.2426 
   NS_SS0844  3 0.0132 0.6426 0.0044 0.0291 0.3018 0.0026 0.0063 
   NS_SS1008  3 0.2169 0.2013 0.0440 0.0243 0.2483 0.0204 0.2449 
   NS_SS0881  3 0.0128 0.0140 0.3475 0.5033 0.0262 0.0041 0.0922 
   NS_SS0834  3 0.0383 0.1287 0.3272 0.0423 0.4186 0.0099 0.0351 
   NS_SS0744  3 0.1130 0.7019 0.0267 0.0381 0.0889 0.0109 0.0205 
   NS_SS0899  3 0.0286 0.8140 0.0310 0.0505 0.0577 0.0018 0.0164 
   NS_SS0804  3 0.0196 0.7199 0.0462 0.1589 0.0428 0.0066 0.0060 
   NS_SS0781  3 0.0494 0.1191 0.2350 0.5275 0.0529 0.0057 0.0104 
   NS_SS0822  3 0.4594 0.0187 0.1305 0.0182 0.2258 0.0030 0.1443 
   NS_SS1004  3 0.0283 0.4713 0.1361 0.1870 0.1619 0.0041 0.0113 
   NS_SS0746  3 0.0627 0.7562 0.0267 0.0636 0.0293 0.0160 0.0456 
   NS_SS0880  3 0.0154 0.0137 0.8093 0.0282 0.0498 0.0019 0.0816 
   NS_SS0879  3 0.0983 0.3923 0.0803 0.0426 0.3438 0.0226 0.0201 
   NS_SS0753  3 0.5058 0.0188 0.0252 0.1493 0.2431 0.0175 0.0403 
   NS_SS1007  3 0.1572 0.0291 0.0918 0.6108 0.0751 0.0028 0.0333 
   NS_SS0872  3 0.0170 0.0784 0.1141 0.6484 0.1280 0.0036 0.0105 
   NS_SS1005  3 0.0563 0.4811 0.1970 0.0698 0.1397 0.0015 0.0546 
   NS_SS0892  3 0.0210 0.0480 0.0848 0.7606 0.0532 0.0033 0.0291 
   NS_SS0898  3 0.0220 0.0082 0.8156 0.0599 0.0151 0.0073 0.0719 
   NS_SS0801  3 0.0099 0.9073 0.0172 0.0147 0.0253 0.0130 0.0127 
   NS_SS0827  3 0.1584 0.0349 0.0468 0.6133 0.0150 0.1169 0.0147 
   NS_SS0853  3 0.0265 0.7456 0.0166 0.1829 0.0063 0.0067 0.0154 
   NS_SS0780  3 0.0386 0.0263 0.4600 0.4030 0.0566 0.0052 0.0102 
   NS_SS0826  3 0.0240 0.0149 0.0554 0.7688 0.0271 0.0043 0.1055 
   NS_SS0818  3 0.0174 0.0226 0.2084 0.3797 0.3213 0.0025 0.0481 
   NS_SS0745  3 0.0054 0.0183 0.8978 0.0197 0.0108 0.0021 0.0460 
   NS_SS0849  3 0.0801 0.5204 0.1922 0.0849 0.0581 0.0015 0.0628 
   NS_SS0739  3 0.0794 0.0411 0.1082 0.5863 0.0746 0.0251 0.0852 
   NS_SS0799  3 0.4163 0.0234 0.0165 0.0231 0.4451 0.0013 0.0742 
   NS_SS0756  3 0.0093 0.0366 0.0189 0.8656 0.0525 0.0044 0.0126 
   NS_SS0802  3 0.3098 0.0163 0.0118 0.2337 0.1436 0.2153 0.0695 
   NS_SS0747  3 0.2110 0.0648 0.0388 0.1287 0.5312 0.0082 0.0173 
   NS_SS0835  3 0.9066 0.0086 0.0084 0.0336 0.0272 0.0016 0.0140 
   NS_SS0742  3 0.0969 0.1674 0.0870 0.4812 0.1179 0.0023 0.0474 
   NS_SS0760  3 0.1968 0.0600 0.0150 0.0131 0.0141 0.0623 0.6386 
   NS_SS0803  3 0.0180 0.0427 0.0214 0.0175 0.8826 0.0119 0.0058 
   NS_SS0828  3 0.0489 0.0248 0.7617 0.0728 0.0614 0.0020 0.0285 
   NS_SS0865  3 0.0541 0.5362 0.0163 0.2570 0.0622 0.0316 0.0426 
   NS_SS0759  3 0.0186 0.2202 0.0401 0.6632 0.0384 0.0060 0.0135 
   NS_SS0851  3 0.0086 0.8323 0.1070 0.0125 0.0062 0.0150 0.0184 
   NS_SS0874  3 0.1542 0.0823 0.0383 0.0180 0.6946 0.0026 0.0100 
   NS_SS0761  3 0.4785 0.1930 0.0205 0.0278 0.0143 0.0030 0.2629 
   NS_SS0842  3 0.0474 0.3886 0.3269 0.1282 0.0543 0.0121 0.0424 
   NS_SS0785  3 0.0628 0.1315 0.1011 0.1191 0.5221 0.0112 0.0522 
   NS_SS0860  3 0.9036 0.0258 0.0076 0.0102 0.0172 0.0038 0.0317 
   NS_SS0897  3 0.0303 0.0185 0.0143 0.0110 0.0144 0.0028 0.9086 
   NS_SS0841  3 0.0106 0.6408 0.0635 0.1914 0.0162 0.0044 0.0730 
   NS_SS0797  3 0.0546 0.0948 0.3633 0.0829 0.0126 0.0327 0.3591 
   NS_SS0830  3 0.0732 0.0298 0.0964 0.3935 0.3240 0.0029 0.0803 
   NS_SS1011  3 0.0534 0.3184 0.1430 0.2154 0.2513 0.0087 0.0097 
   NS_SS0883  3 0.0947 0.7300 0.0112 0.1113 0.0265 0.0102 0.0160 
   NS_SS0782  3 0.0575 0.5779 0.1760 0.0206 0.1110 0.0039 0.0531 
   NS_SS0831  3 0.4892 0.4149 0.0209 0.0086 0.0155 0.0051 0.0458 
   NS_SS0749  3 0.2206 0.2075 0.2868 0.0985 0.1184 0.0082 0.0599 
   NS_SS0854  3 0.1787 0.4503 0.0402 0.0153 0.2792 0.0046 0.0318 
   HI_SS0193  4 0.0184 0.0115 0.1260 0.0102 0.0210 0.0020 0.8109 
   HI_SS0194  4 0.0157 0.0795 0.7344 0.0120 0.1118 0.0029 0.0435 
   HI_SS0195  4 0.0086 0.3319 0.5153 0.0251 0.0114 0.1008 0.0070 
   HI_SS0196  4 0.0150 0.1752 0.0312 0.0116 0.0692 0.0051 0.6926 
   HI_SS0197  4 0.0251 0.0188 0.0290 0.8938 0.0105 0.0171 0.0056 
   HI_SS0198  4 0.0650 0.1824 0.2791 0.0652 0.3355 0.0157 0.0570 
   HI_SS0199  4 0.4073 0.0109 0.0587 0.0328 0.4676 0.0035 0.0191 
   HI_SS0201  4 0.4569 0.1427 0.0363 0.0139 0.0351 0.0030 0.3122 
   HI_SS0215  4 0.6563 0.2519 0.0109 0.0386 0.0140 0.0035 0.0249 
   HI_SS0218  4 0.0530 0.0417 0.1195 0.0123 0.0120 0.0105 0.7511 
   HI_SS0222  4 0.1771 0.1971 0.4426 0.1317 0.0206 0.0086 0.0224 
   HI_SS0230  4 0.1252 0.1528 0.0331 0.6324 0.0318 0.0073 0.0174 
   HI_SS0234  4 0.1264 0.0142 0.0112 0.2868 0.4032 0.1511 0.0071 
   HI_SS0240  4 0.0731 0.0388 0.1016 0.0781 0.6718 0.0118 0.0249 
   HI_SS0241  4 0.1743 0.0662 0.1746 0.5177 0.0337 0.0025 0.0310 
   HI_SS0242  4 0.1237 0.0355 0.2127 0.5614 0.0291 0.0029 0.0348 
   HI_SS0247  4 0.0133 0.0563 0.1788 0.0707 0.6287 0.0284 0.0238 
   HI_SS0248  4 0.3488 0.0092 0.0176 0.0086 0.0673 0.0016 0.5469 
   HI_SS0252  4 0.0573 0.7065 0.0271 0.0125 0.1357 0.0038 0.0572 
   HI_SS0254  4 0.0404 0.0061 0.0600 0.7688 0.0192 0.0789 0.0266 
   HI_SS0256  4 0.0048 0.1011 0.0072 0.2459 0.6311 0.0023 0.0076 
   HI_SS0257  4 0.4938 0.0115 0.0125 0.0165 0.4435 0.0056 0.0166 
   HI_SS0258  4 0.0332 0.0234 0.0136 0.0196 0.0406 0.0070 0.8626 
   HI_SS0259  4 0.0163 0.1024 0.3732 0.0250 0.4719 0.0033 0.0079 
   HI_SS0260  4 0.2470 0.0284 0.0270 0.0339 0.5240 0.0027 0.1369 
   HI_SS0261  4 0.0164 0.0072 0.7932 0.0358 0.1030 0.0044 0.0399 
   HI_SS0262  4 0.0210 0.2829 0.0276 0.5540 0.0889 0.0094 0.0161 
   HI_SS0264  4 0.0156 0.5292 0.0249 0.3573 0.0113 0.0055 0.0562 
   HI_SS0265  4 0.0178 0.1386 0.0182 0.6290 0.0648 0.1173 0.0143 
   HI_SS0268  4 0.0133 0.0263 0.0221 0.2689 0.0110 0.0042 0.6542 
   HI_SS0269  4 0.5624 0.0091 0.1499 0.1321 0.1013 0.0025 0.0427 
   HI_SS0273  4 0.0440 0.0136 0.0093 0.0402 0.0261 0.0029 0.8638 
   HI_SS0277  4 0.0815 0.0225 0.0238 0.7782 0.0175 0.0042 0.0723 
   HI_SS0280  4 0.0247 0.6759 0.1640 0.0241 0.0213 0.0089 0.0811 
   HI_SS0282  4 0.0255 0.0400 0.0074 0.0100 0.6422 0.0015 0.2734 
   HI_SS0286  4 0.4056 0.2489 0.0552 0.0639 0.1848 0.0118 0.0298 
   NS_SS1252  5 0.9288 0.0074 0.0056 0.0080 0.0123 0.0045 0.0335 
   NS_SS1261  5 0.1212 0.0451 0.0382 0.3107 0.1459 0.0281 0.3107 
   NS_SS1225  5 0.6131 0.0248 0.0108 0.0252 0.1965 0.1009 0.0288 
   NS_SS1266  5 0.0168 0.5241 0.0339 0.0619 0.3429 0.0119 0.0085 
   NS_SS1228  5 0.0107 0.1900 0.3195 0.4022 0.0228 0.0218 0.0329 
   NS_SS1255  5 0.0063 0.0236 0.0198 0.0221 0.1703 0.0014 0.7565 
   NS_SS1267  5 0.9314 0.0109 0.0121 0.0074 0.0092 0.0141 0.0148 
   NS_SS1238  5 0.0077 0.0049 0.0150 0.0172 0.0071 0.0038 0.9443 
   NS_SS1233  5 0.1519 0.0135 0.0207 0.1586 0.0197 0.0032 0.6324 
   NS_SS1277  5 0.0312 0.0052 0.9013 0.0119 0.0220 0.0011 0.0273 
   NS_SS1245  5 0.3845 0.0478 0.3260 0.0301 0.1369 0.0022 0.0725 
   NS_SS1240  5 0.9340 0.0093 0.0110 0.0161 0.0050 0.0024 0.0224 
   NS_SS1275  5 0.0083 0.1597 0.4211 0.3447 0.0551 0.0045 0.0066 
   NS_SS1235  5 0.0148 0.0074 0.0378 0.0219 0.8531 0.0066 0.0584 
   NS_SS1263  5 0.0401 0.0159 0.1936 0.0334 0.6616 0.0011 0.0543 
   NS_SS1251  5 0.0366 0.0236 0.0603 0.5673 0.2884 0.0025 0.0213 
   NS_SS1248  5 0.0178 0.2699 0.1987 0.1458 0.0099 0.1226 0.2353 
   NS_SS1244  5 0.0111 0.0271 0.7805 0.1164 0.0145 0.0048 0.0455 
   NS_SS1257  5 0.4561 0.1120 0.1591 0.1464 0.0182 0.0536 0.0545 
   NS_SS1242  5 0.0155 0.1906 0.0109 0.0515 0.6994 0.0038 0.0282 
   NS_SS1271  5 0.0715 0.0058 0.7918 0.0280 0.0412 0.0357 0.0261 
   NS_SS1265  5 0.2120 0.0426 0.0562 0.0243 0.0229 0.0373 0.6047 
   NS_SS1243  5 0.0150 0.8371 0.0277 0.0104 0.0157 0.0729 0.0213 
   NS_SS1273  5 0.0064 0.0136 0.5655 0.3152 0.0131 0.0159 0.0701 
   NS_SS1254  5 0.1393 0.6538 0.0286 0.0598 0.0915 0.0092 0.0178 
   NS_SS1224  5 0.0137 0.7863 0.0142 0.0506 0.1135 0.0114 0.0103 
   NS_SS1227  5 0.3783 0.0072 0.0215 0.5087 0.0304 0.0031 0.0509 
   NS_SS1274  5 0.6328 0.0361 0.0929 0.0121 0.1145 0.0223 0.0892 
   NS_SS1241  5 0.0233 0.1186 0.0381 0.0314 0.0662 0.0012 0.7212 
   NS_SS1256  5 0.0710 0.1875 0.2042 0.2128 0.2004 0.0559 0.0681 
   NS_SS1260  5 0.4742 0.1257 0.0099 0.0218 0.2608 0.0829 0.0246 
   NS_SS1262  5 0.0935 0.1189 0.0132 0.4647 0.0930 0.1773 0.0394 
   NS_SS1230  5 0.0144 0.1686 0.0248 0.0360 0.0156 0.0129 0.7277 
   NS_SS1270  5 0.0184 0.5759 0.0438 0.0869 0.2340 0.0033 0.0378 
   NS_SS1229  5 0.0274 0.0099 0.0678 0.1522 0.7206 0.0062 0.0159 
   NS_SS1246  5 0.2691 0.0078 0.5771 0.0071 0.0355 0.0047 0.0988 
   NS_SS1269  5 0.0423 0.7160 0.0189 0.0365 0.0111 0.0026 0.1726 
   NS_SS1239  5 0.0173 0.0140 0.0167 0.0269 0.9095 0.0069 0.0088 
   NS_SS1272  5 0.1147 0.0842 0.4385 0.3010 0.0175 0.0095 0.0346 
   NS_SS1268  5 0.0206 0.2871 0.0233 0.0893 0.5280 0.0033 0.0484 
   NS_SS1249  5 0.0372 0.1590 0.1846 0.0122 0.1055 0.0203 0.4812 
   HI_SS0559  6 0.0209 0.0268 0.0320 0.0164 0.8732 0.0021 0.0286 
   HI_SS0563  6 0.1766 0.2379 0.2017 0.1161 0.1711 0.0055 0.0911 
   HI_SS0564  6 0.3064 0.0230 0.2225 0.0727 0.3038 0.0572 0.0144 
   HI_SS0565  6 0.2063 0.0079 0.0668 0.5818 0.1126 0.0055 0.0192 
   HI_SS0569  6 0.4424 0.0251 0.2049 0.1178 0.0268 0.0030 0.1801 
   HI_SS0570  6 0.0563 0.0183 0.0491 0.0109 0.0304 0.0500 0.7850 
   HI_SS0572  6 0.0096 0.0157 0.0074 0.0067 0.9498 0.0036 0.0072 
   HI_SS0576  6 0.0137 0.0285 0.0394 0.1708 0.4630 0.0094 0.2751 
   HI_SS0579  6 0.0110 0.0209 0.0326 0.0117 0.8945 0.0180 0.0113 
   HI_SS0580  6 0.0862 0.3249 0.0723 0.0384 0.4366 0.0058 0.0359 
   HI_SS0581  6 0.0164 0.7108 0.0459 0.1211 0.0137 0.0697 0.0225 
   HI_SS0583  6 0.9532 0.0071 0.0069 0.0119 0.0126 0.0032 0.0051 
   HI_SS0586  6 0.9113 0.0131 0.0090 0.0305 0.0058 0.0011 0.0292 
   HI_SS0588  6 0.5844 0.1169 0.0374 0.0367 0.0687 0.0322 0.1237 
   HI_SS0595  6 0.0846 0.0156 0.2486 0.4494 0.0486 0.0275 0.1257 
   HI_SS0596  6 0.0058 0.0148 0.1157 0.1469 0.7005 0.0023 0.0141 
   HI_SS0597  6 0.0505 0.0277 0.6305 0.0647 0.1888 0.0033 0.0345 
   HI_SS0600  6 0.1150 0.0277 0.1589 0.6048 0.0760 0.0065 0.0111 
   HI_SS0601  6 0.0689 0.0229 0.0281 0.3933 0.4585 0.0151 0.0133 
   HI_SS0602  6 0.2430 0.5079 0.0158 0.1546 0.0500 0.0029 0.0258 
   HI_SS0604  6 0.1894 0.7067 0.0375 0.0236 0.0254 0.0029 0.0145 
   HI_SS0605  6 0.0811 0.8213 0.0199 0.0200 0.0232 0.0131 0.0214 
   HI_SS0608  6 0.0487 0.0169 0.7388 0.1404 0.0183 0.0016 0.0353 
   HI_SS0609  6 0.0287 0.1501 0.0208 0.5136 0.2099 0.0012 0.0757 
   HI_SS0611  6 0.2792 0.5458 0.0093 0.0155 0.1195 0.0039 0.0268 
   HI_SS0612  6 0.0178 0.0087 0.0166 0.0383 0.8913 0.0077 0.0197 
   HI_SS0613  6 0.0404 0.8877 0.0064 0.0234 0.0173 0.0028 0.0220 
   HI_SS0615  6 0.0118 0.0202 0.0370 0.7421 0.1600 0.0156 0.0134 
   HI_SS0001  6 0.0428 0.0182 0.8732 0.0113 0.0296 0.0044 0.0204 
   HI_SS0002  6 0.0659 0.0854 0.0169 0.5681 0.2221 0.0287 0.0130 
   HI_SS0004  6 0.1458 0.1232 0.1764 0.0110 0.0715 0.0096 0.4626 
   HI_SS0005  6 0.0244 0.3531 0.0908 0.2665 0.0204 0.0099 0.2349 
   HI_SS0006  6 0.8996 0.0105 0.0124 0.0173 0.0366 0.0022 0.0213 
   HI_SS0007  6 0.0146 0.2460 0.4586 0.0055 0.0121 0.0026 0.2605 
   HI_SS0008  6 0.0241 0.0134 0.0082 0.8646 0.0444 0.0371 0.0082 
   HI_SS0009  6 0.0133 0.2119 0.0995 0.0082 0.6175 0.0062 0.0434 
   HI_SS0010  6 0.0155 0.0336 0.0287 0.6635 0.0177 0.0047 0.2362 
   HI_SS0011  6 0.0251 0.0500 0.1142 0.5208 0.0359 0.1063 0.1477 
   HI_SS0012  6 0.0621 0.0892 0.0126 0.4606 0.3622 0.0070 0.0063 
   HI_SS0017  6 0.0067 0.0117 0.8514 0.0113 0.0813 0.0030 0.0346 
   HI_SS0021  6 0.1380 0.0369 0.0365 0.4795 0.0104 0.2172 0.0813 
   HI_SS0024  6 0.0213 0.0520 0.5291 0.2231 0.0222 0.0034 0.1489 
   HI_SS0025  6 0.0183 0.8402 0.0365 0.0118 0.0513 0.0049 0.0371 
   HI_SS0027  6 0.4245 0.0190 0.0201 0.0162 0.1297 0.0210 0.3695 
   HI_SS0028  6 0.0135 0.0334 0.0194 0.9110 0.0100 0.0027 0.0100 
   HI_SS0029  6 0.0254 0.0129 0.6497 0.1293 0.0761 0.0145 0.0920 
   HI_SS0030  6 0.1996 0.0328 0.0900 0.0192 0.6187 0.0086 0.0311 
   HI_SS0031  6 0.0100 0.0072 0.0181 0.9426 0.0120 0.0045 0.0055 
   HI_SS0034  6 0.3663 0.0941 0.2229 0.0199 0.2640 0.0079 0.0249 
   HI_SS0036  6 0.2273 0.0250 0.4527 0.0993 0.0131 0.0152 0.1674 
   HI_SS0037  6 0.0475 0.5852 0.0064 0.0202 0.0083 0.0051 0.3274 
   HI_SS0039  6 0.0309 0.1097 0.4499 0.1636 0.0101 0.0046 0.2312 
   HI_SS0041  6 0.0133 0.4443 0.4520 0.0234 0.0381 0.0026 0.0264 
   HI_SS0042  6 0.0326 0.2885 0.4073 0.0969 0.0326 0.1284 0.0137 
   HI_SS0043  6 0.7354 0.0088 0.0350 0.0192 0.0595 0.0039 0.1381 
   HI_SS0044  6 0.0270 0.0456 0.1225 0.0833 0.1055 0.0043 0.6117 
   HI_SS0047  6 0.0204 0.7778 0.0633 0.0964 0.0276 0.0034 0.0111 
   HI_SS0049  6 0.0203 0.0645 0.6136 0.0332 0.2270 0.0058 0.0356 
   HI_SS0051  6 0.0142 0.9450 0.0045 0.0072 0.0081 0.0030 0.0180 
   HI_SS0053  6 0.6061 0.0057 0.2649 0.0233 0.0659 0.0058 0.0283 
   HI_SS0054  6 0.1263 0.0170 0.1211 0.0702 0.0242 0.0077 0.6335 
   HI_SS0057  6 0.0798 0.0952 0.7269 0.0341 0.0174 0.0060 0.0406 
   HI_SS0058  6 0.0816 0.6482 0.0138 0.0230 0.1691 0.0100 0.0544 
   HI_SS0060  6 0.0193 0.0054 0.0125 0.7990 0.0336 0.0950 0.0351 
   HI_SS0087  6 0.7654 0.0245 0.0130 0.0705 0.1033 0.0037 0.0197 
   HI_SS0091  6 0.9169 0.0153 0.0101 0.0172 0.0167 0.0016 0.0222 
   HI_SS0095  6 0.1979 0.0320 0.0323 0.4445 0.2129 0.0681 0.0124 
   HI_SS0097  6 0.0364 0.0402 0.0477 0.1173 0.7134 0.0060 0.0391 
   HI_SS0099  6 0.0152 0.0255 0.0453 0.8788 0.0168 0.0065 0.0119 
   HI_SS0103  6 0.0556 0.0436 0.0321 0.0385 0.7941 0.0054 0.0308 
   HI_SS0105  6 0.0450 0.5823 0.0721 0.1991 0.0329 0.0322 0.0364 
   HI_SS0107  6 0.0179 0.0259 0.1520 0.0173 0.7742 0.0014 0.0113 
   HI_SS0108  6 0.1367 0.0099 0.0254 0.0110 0.0063 0.0281 0.7825 
   HI_SS0110  6 0.1012 0.0122 0.3224 0.3170 0.2326 0.0017 0.0129 
   HI_SS0111  6 0.0538 0.0317 0.1048 0.7424 0.0239 0.0315 0.0119 
   HI_SS0112  6 0.0057 0.0039 0.0125 0.0078 0.0065 0.0017 0.9620 
   HI_SS0113  6 0.0146 0.3520 0.5365 0.0375 0.0292 0.0054 0.0249 
   HI_SS0114  6 0.7970 0.0503 0.0194 0.0354 0.0208 0.0087 0.0683 
   HI_SS0115  6 0.0358 0.0854 0.0327 0.0094 0.7993 0.0193 0.0180 
   HI_SS0116  6 0.5604 0.0184 0.0895 0.0163 0.1852 0.0034 0.1269 
   HI_SS0117  6 0.0754 0.0472 0.1668 0.0998 0.0962 0.0032 0.5113 
   HI_SS0118  6 0.6017 0.2101 0.0205 0.0385 0.0173 0.0117 0.1002 
   HI_SS0119  6 0.4338 0.0197 0.0315 0.1103 0.1679 0.0031 0.2337 
   HI_SS0120  6 0.0290 0.0759 0.5140 0.0200 0.2882 0.0059 0.0670 
   HI_SS0121  6 0.0072 0.0135 0.0097 0.9435 0.0076 0.0018 0.0166 
   HI_SS0122  6 0.1213 0.0700 0.1020 0.4465 0.0228 0.0303 0.2070 
   HI_SS0123  6 0.4610 0.0355 0.0161 0.1689 0.2941 0.0076 0.0169 
   HI_SS0124  6 0.0083 0.0829 0.0593 0.1187 0.6958 0.0043 0.0306 
   HI_SS0125  6 0.0079 0.0266 0.2651 0.6323 0.0221 0.0405 0.0056 
   HI_SS0126  6 0.0077 0.0093 0.0552 0.0208 0.0180 0.0013 0.8876 
   HI_SS0127  6 0.2318 0.4521 0.0288 0.1516 0.1020 0.0117 0.0219 
   HI_SS0128  6 0.1958 0.0239 0.1677 0.2237 0.3576 0.0057 0.0256 
   HI_SS0129  6 0.2134 0.0557 0.5961 0.0224 0.0178 0.0169 0.0777 
   HI_SS0131  6 0.0081 0.1275 0.0075 0.0426 0.0054 0.0393 0.7696 
   HI_SS0132  6 0.0091 0.0115 0.0941 0.7473 0.0106 0.0008 0.1266 
   HI_SS0133  6 0.0069 0.0039 0.0126 0.0061 0.0099 0.0015 0.9591 
   HI_SS0134  6 0.2706 0.2460 0.0176 0.2048 0.1360 0.0034 0.1217 
   HI_SS0142  6 0.0786 0.0814 0.1100 0.6365 0.0548 0.0294 0.0093 
   HI_SS0145  6 0.0280 0.0202 0.0120 0.0308 0.8406 0.0021 0.0662 
   HI_SS0146  6 0.0352 0.0094 0.0432 0.0413 0.0968 0.0016 0.7725 
   HI_SS0147  6 0.0080 0.5948 0.0092 0.0774 0.2631 0.0256 0.0220 
   HI_SS0149  6 0.0626 0.0086 0.1996 0.5790 0.0084 0.0045 0.1373 
   HI_SS0150  6 0.0168 0.0386 0.5909 0.2928 0.0156 0.0063 0.0390 
   HI_SS0151  6 0.0492 0.0346 0.0532 0.0073 0.8080 0.0171 0.0305 
   NS_SS1451  6 0.0075 0.1328 0.4207 0.0622 0.3336 0.0051 0.0380 
   NS_SS1404  6 0.0126 0.3709 0.0608 0.4829 0.0271 0.0131 0.0325 
   NS_SS1432  6 0.0196 0.0098 0.5837 0.3090 0.0132 0.0511 0.0136 
   NS_SS1405  6 0.0276 0.1616 0.0385 0.1222 0.0248 0.0055 0.6200 
   NS_SS1431  6 0.0122 0.0244 0.7545 0.1534 0.0163 0.0015 0.0377 
   NS_SS1402  6 0.3287 0.0371 0.1069 0.0646 0.4362 0.0041 0.0224 
   NS_SS1450  6 0.0223 0.0192 0.7792 0.0065 0.0981 0.0055 0.0692 
   NS_SS1396  6 0.0654 0.2617 0.0531 0.3635 0.0982 0.0105 0.1477 
   NS_SS1393  6 0.9442 0.0101 0.0057 0.0127 0.0132 0.0058 0.0084 
   NS_SS1392  6 0.0128 0.2259 0.5416 0.0430 0.1081 0.0339 0.0346 
   NS_SS1445  6 0.7488 0.0359 0.0361 0.0312 0.0298 0.0143 0.1039 
   NS_SS1423  6 0.0728 0.0052 0.0305 0.1784 0.3614 0.0026 0.3490 
   NS_SS1421  6 0.0549 0.0053 0.1214 0.0113 0.0108 0.0984 0.6979 
   NS_SS1411  6 0.1056 0.1503 0.0097 0.0198 0.0110 0.0021 0.7014 
   NS_SS1453  6 0.5269 0.0604 0.0966 0.1915 0.0215 0.0106 0.0925 
   NS_SS1442  6 0.0335 0.0408 0.0123 0.1196 0.1957 0.0062 0.5919 
   NS_SS1422  6 0.0186 0.0103 0.0229 0.0091 0.9194 0.0116 0.0080 
   NS_SS1419  6 0.0802 0.4333 0.2195 0.0684 0.0123 0.1616 0.0246 
   NS_SS1427  6 0.0152 0.0032 0.9475 0.0063 0.0088 0.0024 0.0167 
   NS_SS1444  6 0.0241 0.5346 0.2086 0.1211 0.0964 0.0066 0.0086 
   NS_SS1455  6 0.0140 0.0251 0.0117 0.0700 0.7065 0.0020 0.1705 
   NS_SS1425  6 0.0689 0.0079 0.0088 0.0191 0.0181 0.0015 0.8757 
   NS_SS1400  6 0.0147 0.0125 0.0067 0.0062 0.0048 0.0015 0.9535 
   NS_SS1406  6 0.0299 0.0383 0.0393 0.5255 0.3425 0.0106 0.0138 
   NS_SS1417  6 0.2612 0.0537 0.1898 0.0250 0.3029 0.0123 0.1551 
   NS_SS1454  6 0.0299 0.1065 0.0292 0.0518 0.0089 0.0022 0.7716 
   NS_SS1412  6 0.1077 0.0823 0.0883 0.2915 0.2446 0.0309 0.1547 
   NS_SS1438  6 0.5190 0.3848 0.0224 0.0146 0.0432 0.0021 0.0139 
   NS_SS1416  6 0.1477 0.6929 0.0197 0.0188 0.1041 0.0080 0.0088 
   NS_SS1401  6 0.0186 0.0198 0.0141 0.7456 0.0652 0.0111 0.1256 
   NS_SS1424  6 0.1007 0.0181 0.0429 0.1030 0.5272 0.0170 0.1911 
   NS_SS1435  6 0.0161 0.0330 0.5437 0.1501 0.0228 0.0037 0.2306 
   NS_SS1447  6 0.0362 0.7122 0.0262 0.1148 0.0697 0.0060 0.0349 
   NS_SS1414  6 0.0127 0.8969 0.0248 0.0185 0.0263 0.0057 0.0151 
   NS_SS1449  6 0.0173 0.0093 0.2280 0.0121 0.7183 0.0045 0.0105 
   NS_SS1443  6 0.2900 0.0115 0.0717 0.0527 0.5337 0.0019 0.0385 
   NS_SS1434  6 0.0196 0.0149 0.7075 0.0124 0.2004 0.0011 0.0440 
   NS_SS1398  6 0.0288 0.0247 0.2702 0.0939 0.0511 0.0341 0.4973 
   NS_SS1426  6 0.8962 0.0101 0.0159 0.0273 0.0241 0.0029 0.0236 
   NS_SS1413  6 0.0052 0.0039 0.0100 0.0086 0.0083 0.0125 0.9515 
   NS_SS1395  6 0.4666 0.0427 0.0213 0.3786 0.0530 0.0141 0.0237 
   NS_SS1448  6 0.0057 0.0073 0.9556 0.0081 0.0039 0.0023 0.0171 
   NS_SS1446  6 0.1658 0.1773 0.2111 0.1800 0.2361 0.0047 0.0249 
   NS_SS1403  6 0.4508 0.0227 0.0125 0.4837 0.0128 0.0078 0.0096 
   NS_SS1415  6 0.0186 0.0134 0.0455 0.1065 0.0222 0.0136 0.7801 
   NS_SS1437  6 0.0445 0.0265 0.1521 0.6177 0.1296 0.0127 0.0167 
   NS_SS1439  6 0.1730 0.5913 0.0089 0.0418 0.1740 0.0041 0.0069 
   NS_SS1441  6 0.0960 0.0600 0.3662 0.1992 0.1927 0.0034 0.0824 
   NS_SS1420  6 0.0060 0.9527 0.0137 0.0096 0.0092 0.0032 0.0055 
   NS_SS1394  6 0.0214 0.1028 0.2082 0.5734 0.0312 0.0465 0.0165 
   NS_SS1391  6 0.0492 0.0535 0.0122 0.0497 0.5868 0.0173 0.2313 
   NS_SS1410  6 0.0745 0.1091 0.2576 0.4336 0.0507 0.0213 0.0532 
   NS_SS1408  6 0.0501 0.0533 0.6877 0.0841 0.0332 0.0680 0.0235 
   NS_SS1409  6 0.0685 0.0180 0.2099 0.0200 0.6492 0.0028 0.0315 
   HI_SS0617  7 0.0337 0.1238 0.0309 0.0173 0.7845 0.0017 0.0080 
   HI_SS0618  7 0.0431 0.0408 0.7591 0.0416 0.1031 0.0039 0.0084 
   HI_SS0619  7 0.0250 0.7065 0.0259 0.0830 0.0212 0.0039 0.1344 
   HI_SS0620  7 0.3728 0.0411 0.0448 0.0066 0.1310 0.0043 0.3994 
   HI_SS0621  7 0.0284 0.1643 0.0534 0.0740 0.6336 0.0219 0.0244 
   HI_SS0622  7 0.0103 0.2053 0.0537 0.1468 0.3863 0.0149 0.1826 
   HI_SS0626  7 0.0112 0.0455 0.1530 0.7084 0.0108 0.0097 0.0613 
   HI_SS0627  7 0.0758 0.0708 0.2422 0.5282 0.0312 0.0110 0.0408 
   HI_SS0628  7 0.1314 0.1197 0.4014 0.1521 0.0140 0.0685 0.1129 
   HI_SS0629  7 0.1830 0.0381 0.0428 0.6071 0.0328 0.0092 0.0870 
   HI_SS0630  7 0.0883 0.7083 0.0376 0.0077 0.0145 0.0519 0.0917 
   HI_SS0631  7 0.0261 0.0469 0.0668 0.1234 0.0458 0.0013 0.6896 
   HI_SS0632  7 0.0466 0.0648 0.7117 0.0493 0.0155 0.0051 0.1071 
   HI_SS0633  7 0.0393 0.0278 0.0202 0.1527 0.7057 0.0047 0.0495 
   HI_SS0634  7 0.0173 0.2773 0.1032 0.5304 0.0139 0.0040 0.0539 
   HI_SS0635  7 0.0167 0.0495 0.0505 0.8200 0.0303 0.0113 0.0217 
   HI_SS0637  7 0.0198 0.8545 0.0175 0.0394 0.0566 0.0049 0.0074 
   HI_SS0638  7 0.0075 0.0271 0.0876 0.0668 0.0973 0.0019 0.7117 
   HI_SS0639  7 0.0140 0.0925 0.1730 0.3931 0.2689 0.0525 0.0060 
   HI_SS0640  7 0.5146 0.0608 0.0337 0.1009 0.2640 0.0033 0.0227 
   HI_SS0641  7 0.0862 0.5484 0.0939 0.1915 0.0207 0.0094 0.0499 
   HI_SS0642  7 0.0225 0.0127 0.8076 0.0777 0.0320 0.0033 0.0443 
   HI_SS0645  7 0.0392 0.1315 0.0955 0.1850 0.3877 0.0012 0.1599 
   HI_SS0646  7 0.3231 0.0294 0.1106 0.0136 0.4946 0.0039 0.0247 
   HI_SS0647  7 0.0419 0.0866 0.6266 0.0223 0.0148 0.0017 0.2062 
   HI_SS0648  7 0.0159 0.0359 0.2122 0.3279 0.3714 0.0031 0.0335 
   HI_SS0649  7 0.7250 0.0286 0.0219 0.1306 0.0785 0.0022 0.0131 
   HI_SS0650  7 0.3836 0.1221 0.1620 0.0348 0.2666 0.0072 0.0237 
   HI_SS0651  7 0.0489 0.0278 0.0216 0.0236 0.8626 0.0055 0.0098 
   HI_SS0652  7 0.0093 0.9210 0.0319 0.0123 0.0139 0.0035 0.0082 
   NS_SS1371  7 0.5209 0.0233 0.0341 0.1333 0.2697 0.0096 0.0091 
   NS_SS1374  7 0.0273 0.0219 0.1592 0.1538 0.0274 0.0040 0.6064 
   NS_SS1337  7 0.0108 0.8688 0.0383 0.0188 0.0275 0.0055 0.0303 
   NS_SS1385  7 0.0871 0.0125 0.0385 0.0790 0.7532 0.0057 0.0240 
   NS_SS1388  7 0.1530 0.2423 0.3039 0.1001 0.0843 0.0114 0.1049 
   NS_SS1370  7 0.0090 0.8510 0.0114 0.0273 0.0698 0.0110 0.0204 
   NS_SS1389  7 0.0352 0.5455 0.2009 0.1537 0.0168 0.0050 0.0429 
   NS_SS1360  7 0.4491 0.0715 0.0323 0.2070 0.0577 0.0075 0.1749 
   NS_SS1330  7 0.0257 0.8336 0.0117 0.0783 0.0368 0.0030 0.0111 
   NS_SS1328  7 0.0176 0.0045 0.5904 0.0118 0.0336 0.0037 0.3383 
   NS_SS1384  7 0.6584 0.0493 0.0307 0.0504 0.1976 0.0049 0.0087 
   NS_SS1381  7 0.0472 0.0229 0.2672 0.0093 0.6440 0.0011 0.0083 
   NS_SS1375  7 0.0088 0.0099 0.8751 0.0678 0.0132 0.0018 0.0234 
   NS_SS1319  7 0.0497 0.0513 0.1092 0.6240 0.0393 0.1075 0.0190 
   NS_SS1326  7 0.0101 0.0062 0.0280 0.0110 0.0172 0.0137 0.9137 
   NS_SS1341  7 0.7061 0.0770 0.0428 0.1395 0.0129 0.0095 0.0121 
   NS_SS1383  7 0.0639 0.0157 0.3167 0.5561 0.0173 0.0084 0.0218 
   NS_SS1318  7 0.0971 0.4430 0.2189 0.0735 0.1037 0.0238 0.0400 
   NS_SS1348  7 0.8073 0.0225 0.0245 0.0202 0.0222 0.0021 0.1013 
   NS_SS1363  7 0.0114 0.0758 0.0486 0.1144 0.5578 0.0070 0.1849 
   NS_SS1335  7 0.5288 0.0495 0.0683 0.0815 0.0224 0.0499 0.1996 
   NS_SS1358  7 0.6655 0.0168 0.0177 0.0355 0.1943 0.0190 0.0512 
   NS_SS1342  7 0.4737 0.0176 0.0252 0.3243 0.0722 0.0020 0.0850 
   NS_SS1320  7 0.0090 0.1087 0.1789 0.1012 0.5775 0.0094 0.0153 
   NS_SS1355  7 0.1793 0.6884 0.0187 0.0629 0.0212 0.0232 0.0063 
   NS_SS1345  7 0.0323 0.0332 0.0500 0.0092 0.8393 0.0237 0.0123 
   NS_SS1324  7 0.0089 0.0199 0.6759 0.1990 0.0239 0.0032 0.0692 
   NS_SS1347  7 0.0169 0.0163 0.0098 0.0336 0.8976 0.0058 0.0201 
   NS_SS1321  7 0.0937 0.1698 0.0177 0.5698 0.0254 0.0024 0.1212 
   NS_SS1333  7 0.0132 0.0128 0.0911 0.7951 0.0130 0.0044 0.0704 
   NS_SS1364  7 0.3971 0.1064 0.0415 0.0229 0.3296 0.0031 0.0993 
   NS_SS1379  7 0.3986 0.0355 0.0266 0.0193 0.4199 0.0634 0.0367 
   NS_SS1332  7 0.0179 0.0083 0.0538 0.0866 0.0090 0.0091 0.8153 
   NS_SS1338  7 0.5931 0.2598 0.0080 0.0151 0.0637 0.0061 0.0541 
   NS_SS1368  7 0.0297 0.1077 0.3947 0.0906 0.0303 0.0074 0.3394 
   NS_SS1354  7 0.0329 0.3141 0.0157 0.3485 0.2129 0.0166 0.0594 
   NS_SS1365  7 0.0121 0.0948 0.6951 0.0404 0.0424 0.0124 0.1029 
   NS_SS1380  7 0.0058 0.9105 0.0099 0.0273 0.0210 0.0192 0.0063 
   NS_SS1329  7 0.3970 0.0198 0.0149 0.3028 0.0558 0.0046 0.2051 
   NS_SS1362  7 0.2799 0.0344 0.0399 0.1548 0.4633 0.0058 0.0220 
   NS_SS1327  7 0.6922 0.0034 0.0104 0.0087 0.0041 0.0042 0.2769 
   NS_SS1350  7 0.2636 0.0460 0.0289 0.0292 0.6005 0.0134 0.0184 
   NS_SS1387  7 0.3098 0.0269 0.4203 0.2096 0.0172 0.0047 0.0114 
   NS_SS1369  7 0.5681 0.0266 0.0316 0.0121 0.1311 0.0050 0.2254 
   NS_SS1331  7 0.0272 0.0336 0.4726 0.0483 0.0166 0.0148 0.3868 
   NS_SS1357  7 0.0454 0.0058 0.8142 0.0068 0.1123 0.0050 0.0105 
   NS_SS1386  7 0.0562 0.0049 0.0106 0.0123 0.0090 0.0042 0.9029 
   NS_SS1353  7 0.0143 0.0298 0.7617 0.0798 0.0571 0.0062 0.0511 
   NS_SS1323  7 0.0152 0.0398 0.0510 0.7705 0.0298 0.0726 0.0210 
   HI_SS0296  8 0.0517 0.0475 0.3410 0.0110 0.0706 0.0026 0.4756 
   HI_SS0297  8 0.0313 0.0100 0.7265 0.0742 0.0532 0.0012 0.1035 
   HI_SS0299  8 0.3943 0.3371 0.1492 0.0163 0.0470 0.0407 0.0154 
   HI_SS0300  8 0.6522 0.0249 0.0525 0.0057 0.0548 0.0018 0.2080 
   HI_SS0301  8 0.0431 0.0347 0.0234 0.8556 0.0123 0.0054 0.0255 
   HI_SS0302  8 0.0330 0.0335 0.1182 0.4726 0.0176 0.0254 0.2997 
   HI_SS0303  8 0.2411 0.0147 0.1612 0.0265 0.0502 0.0114 0.4949 
   HI_SS0304  8 0.0116 0.3606 0.1522 0.1491 0.0283 0.0033 0.2949 
   HI_SS0306  8 0.0164 0.0119 0.0736 0.0097 0.0091 0.0053 0.8740 
   HI_SS0307  8 0.0324 0.4485 0.0235 0.3762 0.0993 0.0096 0.0104 
   HI_SS0308  8 0.0087 0.0231 0.0409 0.3042 0.1602 0.1209 0.3420 
   HI_SS0309  8 0.0462 0.3442 0.0095 0.0373 0.5478 0.0041 0.0108 
   HI_SS0310  8 0.0718 0.0423 0.4737 0.0512 0.3013 0.0109 0.0487 
   HI_SS0311  8 0.0186 0.0731 0.8341 0.0316 0.0152 0.0041 0.0234 
   HI_SS0314  8 0.0157 0.0113 0.7636 0.1812 0.0121 0.0015 0.0145 
   HI_SS0316  8 0.4462 0.0264 0.0314 0.1116 0.3337 0.0065 0.0441 
   HI_SS0317  8 0.0145 0.0440 0.0712 0.6215 0.1407 0.0034 0.1047 
   HI_SS0318  8 0.4942 0.0066 0.0282 0.1024 0.0196 0.1815 0.1676 
   HI_SS0319  8 0.8992 0.0035 0.0474 0.0093 0.0115 0.0047 0.0245 
   HI_SS0320  8 0.0089 0.0276 0.0476 0.8802 0.0117 0.0014 0.0226 
   HI_SS0321  8 0.5709 0.0115 0.0282 0.1610 0.2057 0.0023 0.0203 
   HI_SS0323  8 0.5657 0.2957 0.0491 0.0402 0.0128 0.0024 0.0341 
   HI_SS0325  8 0.0070 0.2969 0.0445 0.0170 0.0096 0.0025 0.6225 
   HI_SS0327  8 0.3666 0.0073 0.0161 0.0542 0.3787 0.0019 0.1752 
   HI_SS0329  8 0.0573 0.0844 0.7705 0.0513 0.0099 0.0021 0.0246 
   HI_SS0333  8 0.0702 0.0883 0.1361 0.4803 0.0557 0.0050 0.1644 
   HI_SS0334  8 0.6390 0.0089 0.0155 0.0098 0.2922 0.0020 0.0325 
   HI_SS0335  8 0.0126 0.0260 0.0098 0.0156 0.8979 0.0227 0.0153 
   HI_SS0339  8 0.1306 0.1892 0.0232 0.1433 0.4683 0.0201 0.0253 
   HI_SS0343  8 0.0565 0.0877 0.0285 0.2880 0.5178 0.0034 0.0180 
   HI_SS0344  8 0.0540 0.0124 0.0931 0.0146 0.0203 0.0054 0.8002 
   HI_SS0345  8 0.0121 0.1081 0.0204 0.1058 0.0427 0.0156 0.6952 
   HI_SS0346  8 0.0508 0.0890 0.5319 0.1049 0.0152 0.0066 0.2016 
   HI_SS0350  8 0.0180 0.4606 0.0121 0.0186 0.4689 0.0105 0.0113 
   HI_SS0351  8 0.5948 0.0417 0.0305 0.0185 0.2922 0.0048 0.0175 
   HI_SS0352  8 0.0265 0.0558 0.0118 0.1527 0.6087 0.1240 0.0205 
   HI_SS0362  8 0.0169 0.1753 0.1680 0.3214 0.0195 0.0035 0.2953 
   HI_SS0363  8 0.6646 0.0393 0.0882 0.0515 0.1294 0.0052 0.0218 
   HI_SS0365  8 0.4460 0.0419 0.0081 0.0235 0.4319 0.0085 0.0400 
   HI_SS0366  8 0.7426 0.0215 0.0095 0.0143 0.0913 0.0027 0.1181 
   HI_SS0367  8 0.0088 0.6154 0.0113 0.2956 0.0521 0.0031 0.0138 
   HI_SS0369  8 0.0485 0.1783 0.0746 0.6204 0.0526 0.0031 0.0224 
   HI_SS0370  8 0.0667 0.0232 0.3912 0.0150 0.4867 0.0045 0.0128 
   HI_SS0371  8 0.2390 0.0836 0.5148 0.0453 0.0110 0.0060 0.1004 
   HI_SS0373  8 0.0090 0.0275 0.0264 0.6721 0.1319 0.0169 0.1163 
   HI_SS0374  8 0.0086 0.0186 0.1083 0.7111 0.1060 0.0307 0.0168 
   HI_SS0377  8 0.3635 0.0128 0.0252 0.0357 0.2426 0.1000 0.2204 
   HI_SS0379  8 0.4651 0.0060 0.0170 0.0067 0.0091 0.0016 0.4945 
   HI_SS0380  8 0.1381 0.7055 0.0381 0.0540 0.0387 0.0087 0.0169 
   HI_SS0381  8 0.0216 0.1346 0.0582 0.3151 0.4396 0.0072 0.0236 
   HI_SS0384  8 0.4308 0.0508 0.4024 0.0374 0.0141 0.0134 0.0511 
   HI_SS0385  8 0.0296 0.0207 0.0100 0.0598 0.0061 0.0022 0.8715 
   HI_SS0386  9 0.0040 0.0030 0.0025 0.0033 0.0027 0.9825 0.0019 
   HI_SS0387  9 0.0109 0.0093 0.0139 0.0110 0.0110 0.9246 0.0193 
   HI_SS0389  9 0.0050 0.0065 0.0047 0.0070 0.0041 0.9668 0.0059 
   HI_SS0390  9 0.0024 0.0029 0.0020 0.0017 0.0037 0.9841 0.0032 
   HI_SS0391  9 0.0060 0.0048 0.0036 0.0040 0.0031 0.9759 0.0025 
   HI_SS0392  9 0.0016 0.0031 0.0027 0.0028 0.0027 0.9839 0.0032 
   HI_SS0393  9 0.0018 0.0022 0.0030 0.0030 0.0015 0.9856 0.0030 
   HI_SS0394  9 0.0024 0.0024 0.0031 0.0031 0.0022 0.9851 0.0018 
   HI_SS0395  9 0.0075 0.0043 0.0043 0.0052 0.0062 0.9667 0.0059 
   HI_SS0396  9 0.0075 0.0167 0.0089 0.0103 0.0112 0.9326 0.0127 
   HI_SS0398  9 0.0051 0.0082 0.0060 0.0132 0.0069 0.9533 0.0072 
   HI_SS0399  9 0.0019 0.0019 0.0016 0.0020 0.0019 0.9884 0.0024 
   HI_SS0400  9 0.0016 0.0026 0.0037 0.0041 0.0024 0.9831 0.0026 
   HI_SS0401  9 0.0025 0.0029 0.0021 0.0029 0.0021 0.9842 0.0032 
   HI_SS0402  9 0.0018 0.0019 0.0018 0.0026 0.0027 0.9870 0.0023 
   HI_SS0403  9 0.0024 0.0020 0.0026 0.0020 0.0024 0.9870 0.0016 
   HI_SS0404  9 0.0022 0.0026 0.0019 0.0019 0.0015 0.9872 0.0027 
   HI_SS0405  9 0.0101 0.0131 0.0184 0.0228 0.0214 0.9021 0.0122 
   HI_SS0406  9 0.0063 0.0045 0.0024 0.0032 0.0029 0.9773 0.0035 
   HI_SS0407  9 0.0077 0.0073 0.0085 0.0081 0.0151 0.9415 0.0119 
   HI_SS0408  9 0.0020 0.0020 0.0018 0.0022 0.0025 0.9881 0.0013 
   HI_SS0409  9 0.0049 0.0050 0.0058 0.0052 0.0048 0.9688 0.0055 
   HI_SS0411  9 0.0031 0.0048 0.0036 0.0053 0.0051 0.9743 0.0039 
   HI_SS0412  9 0.0307 0.0125 0.0440 0.0276 0.0874 0.7855 0.0123 
   HI_SS0413  9 0.0030 0.0039 0.0038 0.0025 0.0053 0.9779 0.0037 
   HI_SS0414  9 0.0105 0.0271 0.0133 0.0272 0.0150 0.8989 0.0080 
   HI_SS0415  9 0.0029 0.0037 0.0025 0.0031 0.0032 0.9807 0.0039 
   HI_SS0416  9 0.0048 0.0064 0.0047 0.0057 0.0046 0.9688 0.0050 
   HI_SS0418  9 0.0075 0.0053 0.0070 0.0087 0.0063 0.9615 0.0038 
   HI_SS0419  9 0.0028 0.0058 0.0041 0.0036 0.0030 0.9769 0.0038 
   HI_SS0420  9 0.0031 0.0051 0.0031 0.0034 0.0027 0.9784 0.0042 
   HI_SS0421  9 0.0075 0.0062 0.0045 0.0066 0.0055 0.9648 0.0049 
   HI_SS0422  9 0.0017 0.0027 0.0024 0.0015 0.0028 0.9865 0.0022 
   HI_SS0423  9 0.0041 0.0055 0.0095 0.0050 0.0056 0.9645 0.0058 
   HI_SS0424  9 0.0022 0.0039 0.0023 0.0028 0.0026 0.9838 0.0023 
   HI_SS0425  9 0.0033 0.0050 0.0061 0.0052 0.0045 0.9722 0.0037 
   NS_SS1146 10 0.0025 0.0026 0.0036 0.0037 0.0037 0.9795 0.0044 
   NS_SS1157 10 0.0114 0.0066 0.0109 0.0054 0.0104 0.9464 0.0089 
   NS_SS1144 10 0.0147 0.0204 0.0139 0.0127 0.0184 0.8972 0.0226 
   NS_SS1074 10 0.0036 0.0058 0.0061 0.0055 0.0051 0.9681 0.0057 
   NS_SS1122 10 0.0045 0.0096 0.0062 0.0046 0.0060 0.9615 0.0075 
   NS_SS1136 10 0.0013 0.0014 0.0017 0.0016 0.0016 0.9911 0.0013 
   NS_SS1077 10 0.0013 0.0010 0.0016 0.0013 0.0011 0.9926 0.0011 
   NS_SS1134 10 0.0131 0.0151 0.0153 0.0082 0.0129 0.9299 0.0054 
   NS_SS1091 10 0.0032 0.0035 0.0040 0.0032 0.0039 0.9793 0.0028 
   NS_SS1089 10 0.0057 0.0032 0.0035 0.0045 0.0040 0.9743 0.0048 
   NS_SS1123 10 0.0026 0.0035 0.0025 0.0021 0.0016 0.9857 0.0020 
   NS_SS1158 10 0.0013 0.0012 0.0015 0.0010 0.0026 0.9909 0.0015 
   NS_SS1093 10 0.0041 0.0037 0.0035 0.0041 0.0025 0.9782 0.0040 
