   NS_SS0963  1 0.0069 0.0343 0.8258 0.1168 0.0162 
   NS_SS0983  1 0.0053 0.4651 0.0167 0.5062 0.0067 
   NS_SS0719  1 0.0059 0.0291 0.0561 0.5778 0.3312 
   NS_SS1001  1 0.0090 0.5110 0.0308 0.0373 0.4119 
   NS_SS0936  1 0.0036 0.0364 0.8128 0.0498 0.0975 
   NS_SS0955  1 0.0051 0.4739 0.0704 0.4152 0.0354 
   NS_SS0944  1 0.0027 0.9133 0.0459 0.0173 0.0208 
   NS_SS0945  1 0.0108 0.7780 0.0368 0.0135 0.1608 
   NS_SS0922  1 0.0354 0.0107 0.1561 0.3637 0.4340 
   NS_SS0929  1 0.0041 0.3373 0.3512 0.2146 0.0928 
   NS_SS0956  1 0.0053 0.0222 0.0293 0.0296 0.9136 
   NS_SS0906  1 0.0038 0.0320 0.4294 0.3512 0.1836 
   NS_SS0721  1 0.0061 0.0294 0.0878 0.8572 0.0195 
   NS_SS0982  1 0.0196 0.0129 0.7994 0.0761 0.0919 
   NS_SS0923  1 0.0049 0.0182 0.0809 0.4356 0.4604 
   NS_SS0905  1 0.0025 0.0209 0.0671 0.7249 0.1845 
   NS_SS0925  1 0.0047 0.0106 0.0938 0.8608 0.0301 
   NS_SS0947  1 0.0064 0.0274 0.3012 0.4328 0.2322 
   NS_SS0926  1 0.0013 0.9334 0.0283 0.0090 0.0281 
   NS_SS0918  1 0.0032 0.1972 0.4139 0.0274 0.3582 
   NS_SS0966  1 0.0584 0.0604 0.7414 0.0580 0.0817 
   NS_SS0938  1 0.0017 0.0234 0.5167 0.0239 0.4343 
   NS_SS0917  1 0.0451 0.0275 0.0467 0.6479 0.2327 
   NS_SS0957  1 0.0065 0.0165 0.3371 0.0668 0.5730 
   NS_SS0987  1 0.2375 0.0147 0.0214 0.1388 0.5876 
   NS_SS0717  1 0.0041 0.0231 0.0387 0.0775 0.8565 
   NS_SS0986  1 0.0066 0.5362 0.1738 0.1720 0.1115 
   NS_SS0953  1 0.0274 0.1712 0.5292 0.0532 0.2190 
   NS_SS0907  1 0.0422 0.0233 0.5085 0.3981 0.0279 
   NS_SS0974  1 0.0043 0.4206 0.2919 0.0691 0.2142 
   NS_SS0989  1 0.0011 0.3417 0.3866 0.2496 0.0209 
   NS_SS0991  1 0.0024 0.6925 0.0368 0.2475 0.0208 
   NS_SS0994  1 0.0028 0.9521 0.0074 0.0171 0.0206 
   NS_SS0931  1 0.0140 0.9437 0.0133 0.0197 0.0093 
   NS_SS1000  1 0.0049 0.0269 0.3380 0.3793 0.2509 
   NS_SS0919  1 0.0035 0.0193 0.0703 0.8916 0.0154 
   NS_SS0949  1 0.0015 0.9528 0.0159 0.0211 0.0088 
   NS_SS0960  1 0.0088 0.3244 0.0832 0.4924 0.0913 
   NS_SS0716  1 0.0054 0.0068 0.0052 0.0062 0.9763 
   NS_SS0924  1 0.0215 0.0443 0.0323 0.8529 0.0490 
   NS_SS0935  1 0.0110 0.1825 0.0153 0.7682 0.0230 
   NS_SS0952  1 0.0563 0.6332 0.1135 0.1561 0.0408 
   NS_SS0962  1 0.0095 0.0256 0.6025 0.0477 0.3148 
   NS_SS0973  1 0.0048 0.0213 0.2504 0.7149 0.0086 
   NS_SS0722  1 0.0042 0.0095 0.0534 0.1090 0.8238 
   NS_SS0979  1 0.0032 0.0145 0.1618 0.0480 0.7726 
   NS_SS0993  1 0.0208 0.0463 0.3981 0.0426 0.4922 
   NS_SS0958  1 0.0032 0.7982 0.0788 0.0336 0.0862 
   NS_SS0988  1 0.0054 0.0490 0.7603 0.0422 0.1430 
   NS_SS1003  1 0.0151 0.0527 0.8780 0.0275 0.0267 
   NS_SS0976  1 0.0028 0.4519 0.3822 0.1372 0.0258 
   NS_SS0964  1 0.0032 0.0105 0.0302 0.0496 0.9066 
   NS_SS0939  1 0.0043 0.0077 0.0049 0.0050 0.9781 
   NS_SS0990  1 0.0054 0.0642 0.5404 0.0223 0.3676 
   NS_SS0984  1 0.0027 0.0065 0.0135 0.0116 0.9657 
   NS_SS0980  1 0.0023 0.0137 0.2810 0.6424 0.0606 
   NS_SS0978  1 0.0044 0.0131 0.5599 0.3692 0.0535 
   NS_SS0951  1 0.0048 0.6613 0.0354 0.0709 0.2276 
   NS_SS0913  1 0.0463 0.0130 0.0535 0.0969 0.7902 
   NS_SS1002  1 0.0347 0.0077 0.9448 0.0070 0.0058 
   NS_SS0948  1 0.0687 0.4690 0.3474 0.0320 0.0830 
   NS_SS0916  1 0.0076 0.0389 0.5405 0.3717 0.0414 
   NS_SS0995  1 0.0048 0.0158 0.1695 0.5060 0.3039 
   NS_SS0927  1 0.0058 0.0289 0.1448 0.6806 0.1399 
   NS_SS0992  1 0.0031 0.0291 0.5845 0.3667 0.0166 
   NS_SS0912  1 0.0035 0.8071 0.0996 0.0517 0.0381 
   NS_SS0981  1 0.0061 0.0427 0.3154 0.5609 0.0749 
   NS_SS0729  2 0.0045 0.3683 0.0137 0.6037 0.0099 
   NS_SS0967  2 0.0144 0.0558 0.5271 0.3341 0.0685 
   NS_SS0941  2 0.0881 0.0535 0.1562 0.3553 0.3469 
   NS_SS0768  2 0.0062 0.0367 0.7433 0.0663 0.1475 
   NS_SS0726  2 0.0113 0.1698 0.1439 0.6584 0.0166 
   NS_SS0763  2 0.0032 0.2165 0.0499 0.6075 0.1230 
   NS_SS0730  2 0.0053 0.0124 0.0283 0.0423 0.9117 
   NS_SS0774  2 0.0009 0.0080 0.3470 0.0808 0.5633 
   NS_SS0723  2 0.0022 0.0102 0.1541 0.6888 0.1447 
   NS_SS0940  2 0.0067 0.2770 0.0475 0.5583 0.1105 
   NS_SS0762  2 0.0034 0.0175 0.1355 0.0266 0.8169 
   NS_SS0766  2 0.0175 0.0680 0.0202 0.2166 0.6777 
   NS_SS0724  2 0.0076 0.0429 0.1020 0.5732 0.2744 
   NS_SS0769  2 0.0046 0.0121 0.3039 0.6338 0.0455 
   NS_SS0777  2 0.0188 0.4951 0.0402 0.3888 0.0570 
   NS_SS0734  2 0.0263 0.2276 0.0367 0.3037 0.4057 
   NS_SS0737  2 0.0059 0.0091 0.7367 0.0311 0.2173 
   NS_SS0732  2 0.0060 0.0087 0.0864 0.8039 0.0949 
   NS_SS0728  2 0.0140 0.0233 0.1548 0.5897 0.2181 
   NS_SS0735  2 0.0109 0.0400 0.1018 0.7856 0.0618 
   NS_SS0725  2 0.0082 0.0359 0.6125 0.0146 0.3288 
   NS_SS0788  2 0.0022 0.0247 0.2809 0.4549 0.2372 
   NS_SS0778  2 0.0023 0.0617 0.3311 0.4807 0.1242 
   NS_SS0792  2 0.0065 0.0294 0.7013 0.0517 0.2111 
   NS_SS0943  2 0.0095 0.8708 0.0470 0.0592 0.0135 
   NS_SS0791  2 0.0195 0.0435 0.0182 0.7894 0.1294 
   NS_SS0790  2 0.0043 0.0063 0.4609 0.0136 0.5148 
   NS_SS0731  2 0.0165 0.0296 0.0177 0.0223 0.9138 
   NS_SS0727  2 0.0021 0.5336 0.0184 0.1652 0.2807 
   NS_SS0779  2 0.0065 0.0549 0.0673 0.7331 0.1382 
   NS_SS0776  2 0.0093 0.1820 0.3118 0.2643 0.2326 
   NS_SS0775  2 0.0068 0.0068 0.0165 0.0071 0.9627 
   NS_SS0965  3 0.0018 0.0593 0.1352 0.6942 0.1095 
   NS_SS0754  3 0.0142 0.0449 0.0205 0.9012 0.0192 
   NS_SS0838  3 0.0571 0.0725 0.4372 0.2195 0.2138 
   NS_SS0839  3 0.0057 0.0080 0.6897 0.0644 0.2323 
   NS_SS0832  3 0.0452 0.0055 0.6941 0.2105 0.0448 
   NS_SS0820  3 0.0089 0.0058 0.2634 0.3099 0.4120 
   NS_SS0886  3 0.0021 0.1765 0.1183 0.5938 0.1093 
   NS_SS0748  3 0.0131 0.4688 0.1960 0.0925 0.2296 
   NS_SS0884  3 0.0277 0.0363 0.7786 0.1157 0.0416 
   NS_SS0752  3 0.0021 0.0260 0.1617 0.6021 0.2081 
   NS_SS0862  3 0.0073 0.0120 0.1745 0.7638 0.0424 
   NS_SS0787  3 0.0108 0.8881 0.0429 0.0417 0.0163 
   NS_SS0843  3 0.0020 0.0426 0.0962 0.6789 0.1803 
   NS_SS0856  3 0.0051 0.0299 0.5428 0.1526 0.2697 
   NS_SS0846  3 0.0034 0.0672 0.5581 0.3624 0.0089 
   NS_SS0825  3 0.0143 0.0492 0.7375 0.0153 0.1837 
   NS_SS0757  3 0.0044 0.1234 0.4636 0.3336 0.0750 
   NS_SS0876  3 0.2257 0.0162 0.3451 0.2367 0.1763 
   NS_SS0903  3 0.0031 0.0159 0.3181 0.6441 0.0188 
   NS_SS0875  3 0.0041 0.0885 0.0174 0.0186 0.8715 
   NS_SS0740  3 0.0036 0.0203 0.0246 0.9238 0.0277 
   NS_SS0811  3 0.0128 0.0164 0.3090 0.0300 0.6317 
   NS_SS0751  3 0.0032 0.3110 0.2509 0.2200 0.2149 
   NS_SS0891  3 0.0072 0.0465 0.1575 0.0347 0.7542 
   NS_SS0867  3 0.0335 0.2651 0.5337 0.1350 0.0327 
   NS_SS0890  3 0.0068 0.1483 0.0370 0.5963 0.2116 
   NS_SS0866  3 0.0086 0.7742 0.0641 0.0235 0.1297 
   NS_SS0755  3 0.0090 0.0433 0.1562 0.0552 0.7364 
   NS_SS0758  3 0.0026 0.1023 0.0887 0.7823 0.0241 
   NS_SS0840  3 0.0026 0.0137 0.5101 0.0783 0.3953 
   NS_SS0889  3 0.0038 0.8932 0.0365 0.0248 0.0418 
   NS_SS1010  3 0.0557 0.0457 0.7005 0.1377 0.0604 
   NS_SS0888  3 0.0020 0.1730 0.0158 0.7619 0.0473 
   NS_SS0837  3 0.0030 0.0454 0.2400 0.0999 0.6118 
   NS_SS0794  3 0.0027 0.8696 0.0341 0.0237 0.0700 
   NS_SS0823  3 0.0053 0.0159 0.8606 0.0484 0.0698 
   NS_SS0829  3 0.1132 0.8612 0.0077 0.0086 0.0092 
   NS_SS0844  3 0.0028 0.0100 0.7760 0.1714 0.0398 
   NS_SS1008  3 0.0188 0.2604 0.0256 0.1309 0.5642 
   NS_SS0881  3 0.0036 0.2239 0.1268 0.0859 0.5599 
   NS_SS0834  3 0.0087 0.0116 0.7145 0.0287 0.2365 
   NS_SS0744  3 0.0061 0.0204 0.2988 0.6525 0.0222 
   NS_SS0899  3 0.0020 0.0141 0.5771 0.0416 0.3652 
   NS_SS0804  3 0.0052 0.0075 0.8195 0.1052 0.0626 
   NS_SS0781  3 0.0034 0.0099 0.7922 0.0542 0.1402 
   NS_SS0822  3 0.0022 0.8681 0.0834 0.0281 0.0182 
   NS_SS1004  3 0.0051 0.0319 0.7307 0.2187 0.0136 
   NS_SS0746  3 0.0178 0.2700 0.1344 0.3276 0.2501 
   NS_SS0880  3 0.0022 0.1771 0.6554 0.0950 0.0702 
   NS_SS0879  3 0.0154 0.0518 0.5674 0.0262 0.3393 
   NS_SS0753  3 0.0100 0.1603 0.0618 0.7469 0.0211 
   NS_SS1007  3 0.0026 0.0156 0.0520 0.8540 0.0758 
   NS_SS0872  3 0.0029 0.0092 0.8592 0.0169 0.1118 
   NS_SS1005  3 0.0015 0.0202 0.8475 0.0719 0.0590 
   NS_SS0892  3 0.0034 0.0973 0.0879 0.5177 0.2937 
   NS_SS0898  3 0.0072 0.3879 0.0113 0.0094 0.5841 
   NS_SS0801  3 0.0155 0.0250 0.1895 0.7041 0.0659 
   NS_SS0827  3 0.1179 0.0367 0.0131 0.1130 0.7193 
   NS_SS0853  3 0.0075 0.0255 0.0833 0.4622 0.4215 
   NS_SS0780  3 0.0064 0.0132 0.1513 0.7697 0.0594 
   NS_SS0826  3 0.0036 0.3299 0.6449 0.0088 0.0127 
   NS_SS0818  3 0.0023 0.0201 0.6262 0.0614 0.2900 
   NS_SS0745  3 0.0017 0.0134 0.0146 0.0055 0.9649 
   NS_SS0849  3 0.0021 0.0643 0.1282 0.0913 0.7142 
   NS_SS0739  3 0.0199 0.0221 0.1543 0.3154 0.4882 
   NS_SS0799  3 0.0016 0.2313 0.0539 0.6079 0.1054 
   NS_SS0756  3 0.0042 0.0115 0.9285 0.0325 0.0233 
   NS_SS0802  3 0.1911 0.0257 0.1805 0.5887 0.0139 
   NS_SS0747  3 0.0050 0.0096 0.0918 0.8827 0.0108 
   NS_SS0835  3 0.0016 0.2388 0.1998 0.3578 0.2019 
   NS_SS0742  3 0.0018 0.0299 0.7792 0.1362 0.0528 
   NS_SS0760  3 0.0529 0.8254 0.0392 0.0603 0.0223 
   NS_SS0803  3 0.0096 0.0086 0.9004 0.0576 0.0237 
   NS_SS0828  3 0.0019 0.0479 0.0322 0.6522 0.2657 
   NS_SS0865  3 0.0301 0.0327 0.5317 0.3544 0.0510 
   NS_SS0759  3 0.0066 0.0170 0.1851 0.6859 0.1053 
   NS_SS0851  3 0.0143 0.0071 0.0285 0.0085 0.9417 
   NS_SS0874  3 0.0021 0.0160 0.6134 0.1449 0.2236 
   NS_SS0761  3 0.0026 0.4346 0.0641 0.4414 0.0573 
   NS_SS0842  3 0.0123 0.1776 0.0381 0.0260 0.7460 
   NS_SS0785  3 0.0080 0.1141 0.1814 0.6737 0.0227 
   NS_SS0860  3 0.0028 0.2929 0.2037 0.4307 0.0698 
   NS_SS0897  3 0.0028 0.9407 0.0088 0.0394 0.0083 
   NS_SS0841  3 0.0041 0.0488 0.2850 0.0565 0.6057 
   NS_SS0797  3 0.0251 0.4796 0.0156 0.0130 0.4667 
   NS_SS0830  3 0.0038 0.2309 0.0423 0.1485 0.5744 
   NS_SS1011  3 0.0061 0.0098 0.9635 0.0122 0.0084 
   NS_SS0883  3 0.0089 0.0362 0.0665 0.7256 0.1628 
   NS_SS0782  3 0.0032 0.6278 0.0548 0.1108 0.2034 
   NS_SS0831  3 0.0044 0.8444 0.0196 0.1032 0.0283 
   NS_SS0749  3 0.0045 0.0181 0.0377 0.9282 0.0115 
   NS_SS0854  3 0.0034 0.0609 0.0861 0.7991 0.0504 
   HI_SS0193  4 0.0021 0.9547 0.0147 0.0140 0.0145 
   HI_SS0194  4 0.0025 0.1009 0.6632 0.0138 0.2197 
   HI_SS0195  4 0.1228 0.0065 0.4462 0.1560 0.2684 
   HI_SS0196  4 0.0038 0.5491 0.0655 0.1984 0.1832 
   HI_SS0197  4 0.0127 0.0047 0.9115 0.0602 0.0109 
   HI_SS0198  4 0.0108 0.0787 0.1066 0.6534 0.1504 
   HI_SS0199  4 0.0029 0.1252 0.2313 0.5973 0.0433 
   HI_SS0201  4 0.0031 0.6241 0.0572 0.3036 0.0119 
   HI_SS0215  4 0.0050 0.1261 0.2827 0.5739 0.0122 
   HI_SS0218  4 0.0085 0.8055 0.0084 0.1429 0.0347 
   HI_SS0222  4 0.0066 0.2116 0.0401 0.4976 0.2441 
   HI_SS0230  4 0.0075 0.0136 0.3653 0.5416 0.0720 
   HI_SS0234  4 0.1470 0.0337 0.1514 0.6358 0.0322 
   HI_SS0240  4 0.0094 0.0080 0.0532 0.8755 0.0539 
   HI_SS0241  4 0.0022 0.2235 0.3313 0.3364 0.1066 
   HI_SS0242  4 0.0035 0.0967 0.0338 0.2355 0.6304 
   HI_SS0247  4 0.0210 0.0121 0.8968 0.0138 0.0564 
   HI_SS0248  4 0.0011 0.9135 0.0052 0.0514 0.0288 
   HI_SS0252  4 0.0022 0.0774 0.8306 0.0327 0.0570 
   HI_SS0254  4 0.1071 0.4737 0.0388 0.3632 0.0172 
   HI_SS0256  4 0.0019 0.0057 0.9251 0.0142 0.0530 
   HI_SS0257  4 0.0035 0.0472 0.1360 0.8015 0.0118 
   HI_SS0258  4 0.0069 0.8257 0.0177 0.1310 0.0187 
   HI_SS0259  4 0.0040 0.0117 0.8169 0.0712 0.0963 
   HI_SS0260  4 0.0021 0.3664 0.0386 0.4862 0.1068 
   HI_SS0261  4 0.0045 0.6658 0.0546 0.2258 0.0493 
   HI_SS0262  4 0.0094 0.0292 0.3578 0.0549 0.5488 
   HI_SS0264  4 0.0050 0.0412 0.2517 0.4063 0.2958 
   HI_SS0265  4 0.1179 0.0218 0.1046 0.1307 0.6250 
   HI_SS0268  4 0.0058 0.0863 0.2573 0.4961 0.1545 
   HI_SS0269  4 0.0021 0.5451 0.1757 0.2589 0.0181 
   HI_SS0273  4 0.0021 0.8045 0.0776 0.0718 0.0440 
   HI_SS0277  4 0.0044 0.0286 0.8494 0.0952 0.0224 
   HI_SS0280  4 0.0085 0.2217 0.0530 0.2450 0.4718 
   HI_SS0282  4 0.0017 0.7300 0.1487 0.0979 0.0217 
   HI_SS0286  4 0.0076 0.0375 0.0463 0.8245 0.0841 
   NS_SS1252  5 0.0051 0.8748 0.0111 0.0939 0.0151 
   NS_SS1261  5 0.0208 0.0205 0.9026 0.0267 0.0294 
   NS_SS1225  5 0.0831 0.0541 0.3576 0.4882 0.0169 
   NS_SS1266  5 0.0114 0.0084 0.9308 0.0178 0.0315 
   NS_SS1228  5 0.0187 0.0179 0.1080 0.0212 0.8342 
   NS_SS1255  5 0.0016 0.4425 0.0340 0.0103 0.5115 
   NS_SS1267  5 0.0172 0.4518 0.0065 0.5099 0.0146 
   NS_SS1238  5 0.0029 0.7713 0.1204 0.0299 0.0755 
   NS_SS1233  5 0.0032 0.6136 0.2611 0.0176 0.1045 
   NS_SS1277  5 0.0013 0.8619 0.0070 0.0576 0.0723 
   NS_SS1245  5 0.0026 0.5319 0.1372 0.2089 0.1194 
   NS_SS1240  5 0.0028 0.5490 0.0198 0.4204 0.0080 
   NS_SS1275  5 0.0036 0.0054 0.7522 0.0243 0.2145 
   NS_SS1235  5 0.0066 0.0430 0.6472 0.2098 0.0933 
   NS_SS1263  5 0.0013 0.0977 0.4032 0.0549 0.4429 
   NS_SS1251  5 0.0020 0.1729 0.5613 0.1701 0.0938 
   NS_SS1248  5 0.1116 0.4753 0.0919 0.0120 0.3093 
   NS_SS1244  5 0.0051 0.1281 0.8085 0.0493 0.0089 
   NS_SS1257  5 0.0319 0.2023 0.0382 0.6852 0.0423 
   NS_SS1242  5 0.0034 0.0147 0.1742 0.0166 0.7911 
   NS_SS1271  5 0.0420 0.6631 0.0120 0.0509 0.2321 
   NS_SS1265  5 0.0295 0.8389 0.0626 0.0287 0.0403 
   NS_SS1243  5 0.0972 0.1738 0.0642 0.1868 0.4780 
   NS_SS1273  5 0.0111 0.0139 0.0327 0.0107 0.9316 
   NS_SS1254  5 0.0080 0.0251 0.5621 0.0320 0.3727 
   NS_SS1224  5 0.0111 0.0258 0.1661 0.4319 0.3651 
   NS_SS1227  5 0.0022 0.0664 0.0376 0.4826 0.4111 
   NS_SS1274  5 0.0171 0.1358 0.0357 0.7969 0.0145 
   NS_SS1241  5 0.0016 0.6647 0.2488 0.0334 0.0515 
   NS_SS1256  5 0.0549 0.1948 0.6475 0.0341 0.0687 
   NS_SS1260  5 0.0656 0.0585 0.0174 0.8401 0.0184 
   NS_SS1262  5 0.1819 0.2783 0.4465 0.0694 0.0238 
   NS_SS1230  5 0.0124 0.5013 0.1216 0.1011 0.2636 
   NS_SS1270  5 0.0027 0.0316 0.8513 0.0586 0.0557 
   NS_SS1229  5 0.0049 0.0087 0.9329 0.0449 0.0086 
   NS_SS1246  5 0.0040 0.4762 0.3986 0.0661 0.0552 
   NS_SS1269  5 0.0029 0.0451 0.3199 0.5428 0.0894 
   NS_SS1239  5 0.0064 0.0461 0.3795 0.3385 0.2294 
   NS_SS1272  5 0.0067 0.0170 0.8949 0.0111 0.0704 
   NS_SS1268  5 0.0033 0.0815 0.1888 0.0554 0.6710 
   NS_SS1249  5 0.0171 0.9114 0.0159 0.0249 0.0307 
   HI_SS0559  6 0.0025 0.0932 0.0168 0.7523 0.1352 
   HI_SS0563  6 0.0041 0.5547 0.0976 0.2962 0.0474 
   HI_SS0564  6 0.0714 0.0615 0.3018 0.4544 0.1108 
   HI_SS0565  6 0.0063 0.2487 0.2457 0.3063 0.1929 
   HI_SS0569  6 0.0025 0.6412 0.0316 0.3151 0.0097 
   HI_SS0570  6 0.0420 0.9187 0.0128 0.0145 0.0120 
   HI_SS0572  6 0.0029 0.0209 0.4111 0.1530 0.4121 
   HI_SS0576  6 0.0070 0.0349 0.1489 0.2804 0.5287 
   HI_SS0579  6 0.0190 0.1665 0.0404 0.7622 0.0119 
   HI_SS0580  6 0.0051 0.0753 0.0207 0.2301 0.6689 
   HI_SS0581  6 0.0668 0.0176 0.7754 0.0912 0.0490 
   HI_SS0583  6 0.0037 0.3480 0.2306 0.1426 0.2752 
   HI_SS0586  6 0.0015 0.7097 0.0068 0.2626 0.0193 
   HI_SS0588  6 0.0255 0.3420 0.0296 0.5825 0.0204 
   HI_SS0595  6 0.0314 0.1888 0.1047 0.1580 0.5171 
   HI_SS0596  6 0.0031 0.0154 0.1208 0.0087 0.8520 
   HI_SS0597  6 0.0027 0.0178 0.7720 0.0171 0.1905 
   HI_SS0600  6 0.0033 0.0260 0.6868 0.2749 0.0089 
   HI_SS0601  6 0.0145 0.0168 0.2925 0.6629 0.0133 
   HI_SS0602  6 0.0028 0.0247 0.0400 0.8154 0.1172 
   HI_SS0604  6 0.0025 0.1838 0.0913 0.5430 0.1794 
   HI_SS0605  6 0.0093 0.0296 0.0141 0.8709 0.0761 
   HI_SS0608  6 0.0014 0.1067 0.0253 0.0142 0.8524 
   HI_SS0609  6 0.0010 0.0312 0.7924 0.0150 0.1604 
   HI_SS0611  6 0.0045 0.3370 0.0646 0.2185 0.3755 
   HI_SS0612  6 0.0086 0.0423 0.8066 0.1293 0.0132 
   HI_SS0613  6 0.0021 0.0488 0.1184 0.5142 0.3165 
   HI_SS0615  6 0.0145 0.0100 0.2548 0.2363 0.4844 
   HI_SS0001  6 0.0053 0.2531 0.5797 0.0927 0.0691 
   HI_SS0002  6 0.0270 0.0068 0.8992 0.0260 0.0410 
   HI_SS0004  6 0.0061 0.8023 0.0238 0.0676 0.1002 
   HI_SS0005  6 0.0073 0.0780 0.1853 0.3765 0.3528 
   HI_SS0006  6 0.0018 0.1408 0.7964 0.0464 0.0145 
   HI_SS0007  6 0.0025 0.8092 0.0126 0.0256 0.1500 
   HI_SS0008  6 0.0424 0.0244 0.1916 0.6275 0.1140 
   HI_SS0009  6 0.0068 0.0654 0.0244 0.1699 0.7336 
   HI_SS0010  6 0.0047 0.7843 0.0290 0.0935 0.0885 
   HI_SS0011  6 0.0915 0.0956 0.4696 0.0257 0.3176 
   HI_SS0012  6 0.0057 0.0073 0.1763 0.6971 0.1136 
   HI_SS0017  6 0.0020 0.1190 0.3249 0.0204 0.5338 
   HI_SS0021  6 0.2440 0.4220 0.0526 0.0590 0.2224 
   HI_SS0024  6 0.0029 0.1059 0.1110 0.0234 0.7568 
   HI_SS0025  6 0.0056 0.0112 0.0119 0.0161 0.9553 
   HI_SS0027  6 0.0166 0.6183 0.0118 0.3444 0.0089 
   HI_SS0028  6 0.0023 0.0057 0.0728 0.0425 0.8768 
   HI_SS0029  6 0.0092 0.0267 0.0177 0.0285 0.9179 
   HI_SS0030  6 0.0062 0.1594 0.0534 0.6991 0.0820 
   HI_SS0031  6 0.0045 0.0115 0.1592 0.7572 0.0676 
   HI_SS0034  6 0.0069 0.5093 0.0273 0.4419 0.0146 
   HI_SS0036  6 0.0109 0.3074 0.0087 0.2676 0.4055 
   HI_SS0037  6 0.0068 0.7420 0.0790 0.0693 0.1029 
   HI_SS0039  6 0.0036 0.4025 0.0392 0.0347 0.5201 
   HI_SS0041  6 0.0026 0.0128 0.0615 0.0167 0.9063 
   HI_SS0042  6 0.1227 0.0118 0.0477 0.0260 0.7918 
   HI_SS0043  6 0.0040 0.8381 0.0138 0.1380 0.0061 
   HI_SS0044  6 0.0034 0.0434 0.0110 0.0316 0.9106 
   HI_SS0047  6 0.0024 0.0207 0.5027 0.4377 0.0365 
   HI_SS0049  6 0.0053 0.0369 0.0334 0.0161 0.9083 
   HI_SS0051  6 0.0028 0.2214 0.0697 0.6289 0.0771 
   HI_SS0053  6 0.0069 0.3793 0.0440 0.5421 0.0278 
   HI_SS0054  6 0.0040 0.9476 0.0144 0.0200 0.0141 
   HI_SS0057  6 0.0052 0.3376 0.4808 0.0524 0.1241 
   HI_SS0058  6 0.0092 0.0846 0.3213 0.4450 0.1398 
   HI_SS0060  6 0.0921 0.3274 0.0705 0.4689 0.0411 
   HI_SS0087  6 0.0032 0.4006 0.2120 0.3613 0.0229 
   HI_SS0091  6 0.0016 0.1057 0.7741 0.1106 0.0080 
   HI_SS0095  6 0.0501 0.0131 0.0750 0.8461 0.0156 
   HI_SS0097  6 0.0058 0.0159 0.5357 0.4300 0.0128 
   HI_SS0099  6 0.0049 0.0062 0.0073 0.0077 0.9738 
   HI_SS0103  6 0.0035 0.0165 0.6152 0.3448 0.0200 
   HI_SS0105  6 0.0309 0.0305 0.7238 0.2030 0.0118 
   HI_SS0107  6 0.0013 0.0149 0.6450 0.0218 0.3170 
   HI_SS0108  6 0.0258 0.9345 0.0099 0.0228 0.0071 
   HI_SS0110  6 0.0019 0.0131 0.8040 0.1584 0.0226 
   HI_SS0111  6 0.0354 0.0186 0.2271 0.6217 0.0971 
   HI_SS0112  6 0.0015 0.9727 0.0063 0.0108 0.0086 
   HI_SS0113  6 0.0056 0.0440 0.6193 0.0171 0.3139 
   HI_SS0114  6 0.0070 0.2415 0.0185 0.7051 0.0279 
   HI_SS0115  6 0.0133 0.0293 0.0093 0.8782 0.0700 
   HI_SS0116  6 0.0051 0.2883 0.0187 0.0267 0.6612 
   HI_SS0117  6 0.0030 0.3695 0.2820 0.3347 0.0108 
   HI_SS0118  6 0.0154 0.4304 0.0456 0.0642 0.4445 
   HI_SS0119  6 0.0023 0.0784 0.5248 0.3871 0.0074 
   HI_SS0120  6 0.0043 0.0199 0.6652 0.0193 0.2913 
   HI_SS0121  6 0.0015 0.0066 0.7475 0.0174 0.2269 
   HI_SS0122  6 0.0241 0.0423 0.7689 0.0298 0.1349 
   HI_SS0123  6 0.0059 0.0191 0.5330 0.4103 0.0317 
   HI_SS0124  6 0.0039 0.0100 0.1814 0.0159 0.7888 
   HI_SS0125  6 0.0433 0.0090 0.3404 0.1360 0.4714 
   HI_SS0126  6 0.0010 0.8990 0.0144 0.0071 0.0785 
   HI_SS0127  6 0.0111 0.0955 0.0120 0.8491 0.0323 
   HI_SS0128  6 0.0041 0.2429 0.4323 0.2052 0.1155 
   HI_SS0129  6 0.0163 0.3368 0.0689 0.3960 0.1819 
   HI_SS0131  6 0.0433 0.7117 0.1674 0.0118 0.0657 
   HI_SS0132  6 0.0009 0.4684 0.3727 0.1201 0.0379 
   HI_SS0133  6 0.0015 0.9861 0.0033 0.0054 0.0036 
   HI_SS0134  6 0.0026 0.0446 0.4978 0.4087 0.0463 
   HI_SS0142  6 0.0202 0.0066 0.3489 0.6107 0.0135 
   HI_SS0145  6 0.0018 0.1135 0.1255 0.7378 0.0213 
   HI_SS0146  6 0.0013 0.8842 0.0174 0.0189 0.0782 
   HI_SS0147  6 0.0323 0.0112 0.8666 0.0469 0.0430 
   HI_SS0149  6 0.0046 0.0517 0.9121 0.0098 0.0219 
   HI_SS0150  6 0.0075 0.0300 0.2209 0.3508 0.3908 
   HI_SS0151  6 0.0151 0.1037 0.0507 0.8001 0.0304 
   NS_SS1451  6 0.0042 0.0104 0.3679 0.0959 0.5216 
   NS_SS1404  6 0.0161 0.0273 0.0615 0.0175 0.8777 
   NS_SS1432  6 0.0428 0.0051 0.0582 0.0205 0.8735 
   NS_SS1405  6 0.0038 0.3728 0.0373 0.0256 0.5605 
   NS_SS1431  6 0.0013 0.0267 0.3734 0.0535 0.5451 
   NS_SS1402  6 0.0030 0.0147 0.6167 0.3047 0.0609 
   NS_SS1450  6 0.0051 0.4260 0.0282 0.4860 0.0547 
   NS_SS1396  6 0.0076 0.0282 0.8587 0.0437 0.0618 
   NS_SS1393  6 0.0045 0.0316 0.0217 0.9196 0.0226 
   NS_SS1392  6 0.0226 0.0512 0.1607 0.1661 0.5994 
   NS_SS1445  6 0.0116 0.1416 0.2349 0.5396 0.0723 
   NS_SS1423  6 0.0021 0.4700 0.2722 0.2233 0.0325 
   NS_SS1421  6 0.1056 0.7706 0.0643 0.0149 0.0446 
   NS_SS1411  6 0.0019 0.9578 0.0082 0.0166 0.0155 
   NS_SS1453  6 0.0082 0.1431 0.2173 0.5971 0.0343 
   NS_SS1442  6 0.0057 0.3179 0.1764 0.4107 0.0894 
   NS_SS1422  6 0.0147 0.0262 0.6261 0.3016 0.0315 
   NS_SS1419  6 0.1713 0.0163 0.2528 0.0288 0.5308 
   NS_SS1427  6 0.0018 0.8538 0.0083 0.1214 0.0147 
   NS_SS1444  6 0.0050 0.0148 0.0249 0.0670 0.8884 
   NS_SS1455  6 0.0021 0.0372 0.6685 0.0107 0.2816 
   NS_SS1425  6 0.0018 0.9626 0.0106 0.0184 0.0066 
   NS_SS1400  6 0.0019 0.9597 0.0136 0.0090 0.0158 
   NS_SS1406  6 0.0094 0.0093 0.9035 0.0502 0.0276 
   NS_SS1417  6 0.0108 0.2295 0.6576 0.0243 0.0778 
   NS_SS1454  6 0.0017 0.5816 0.2451 0.0351 0.1365 
   NS_SS1412  6 0.0286 0.2226 0.3220 0.1234 0.3034 
   NS_SS1438  6 0.0021 0.8582 0.0264 0.0966 0.0166 
   NS_SS1416  6 0.0101 0.0139 0.2032 0.4357 0.3371 
   NS_SS1401  6 0.0111 0.0159 0.9028 0.0316 0.0386 
   NS_SS1424  6 0.0155 0.1610 0.6349 0.0633 0.1254 
   NS_SS1435  6 0.0042 0.2890 0.0675 0.1878 0.4515 
   NS_SS1447  6 0.0086 0.0733 0.3610 0.0602 0.4970 
   NS_SS1414  6 0.0113 0.0182 0.1923 0.0192 0.7590 
   NS_SS1449  6 0.0052 0.0110 0.8437 0.1252 0.0149 
   NS_SS1443  6 0.0025 0.2769 0.0749 0.6357 0.0101 
   NS_SS1434  6 0.0009 0.5684 0.1463 0.1331 0.1513 
   NS_SS1398  6 0.0273 0.0666 0.0195 0.4160 0.4707 
   NS_SS1426  6 0.0026 0.7979 0.0263 0.1645 0.0087 
   NS_SS1413  6 0.0144 0.9476 0.0107 0.0100 0.0173 
   NS_SS1395  6 0.0093 0.0228 0.0433 0.9166 0.0081 
   NS_SS1448  6 0.0025 0.6442 0.0333 0.0236 0.2964 
   NS_SS1446  6 0.0036 0.0644 0.7713 0.0840 0.0767 
   NS_SS1403  6 0.0081 0.0134 0.6545 0.2292 0.0948 
   NS_SS1415  6 0.0165 0.8414 0.0333 0.0545 0.0544 
   NS_SS1437  6 0.0115 0.0895 0.1532 0.0546 0.6912 
   NS_SS1439  6 0.0035 0.0072 0.2610 0.7056 0.0227 
   NS_SS1441  6 0.0030 0.2067 0.1672 0.5716 0.0515 
   NS_SS1420  6 0.0040 0.0055 0.0151 0.0144 0.9610 
   NS_SS1394  6 0.0463 0.0105 0.0244 0.4779 0.4408 
   NS_SS1391  6 0.0165 0.3118 0.0393 0.5065 0.1259 
   NS_SS1410  6 0.0169 0.1334 0.7367 0.0225 0.0904 
   NS_SS1408  6 0.0495 0.0381 0.0785 0.8158 0.0181 
   NS_SS1409  6 0.0032 0.0620 0.3563 0.4114 0.1671 
   HI_SS0617  7 0.0016 0.0180 0.0886 0.5547 0.3371 
   HI_SS0618  7 0.0043 0.0326 0.1321 0.6071 0.2239 
   HI_SS0619  7 0.0052 0.0207 0.0278 0.0246 0.9217 
   HI_SS0620  7 0.0032 0.5816 0.0114 0.3639 0.0400 
   HI_SS0621  7 0.0208 0.0164 0.2926 0.1998 0.4704 
   HI_SS0622  7 0.0199 0.2794 0.1283 0.1079 0.4645 
   HI_SS0626  7 0.0108 0.0379 0.0199 0.0486 0.8828 
   HI_SS0627  7 0.0123 0.0288 0.8665 0.0159 0.0765 
   HI_SS0628  7 0.0772 0.6211 0.0465 0.0284 0.2268 
   HI_SS0629  7 0.0092 0.0272 0.0630 0.3366 0.5640 
   HI_SS0630  7 0.0641 0.3311 0.0189 0.0507 0.5352 
   HI_SS0631  7 0.0011 0.9137 0.0202 0.0398 0.0252 
   HI_SS0632  7 0.0053 0.7968 0.0740 0.0364 0.0875 
   HI_SS0633  7 0.0041 0.0129 0.0314 0.0731 0.8786 
   HI_SS0634  7 0.0029 0.0611 0.6633 0.1596 0.1131 
   HI_SS0635  7 0.0136 0.1667 0.2582 0.1505 0.4110 
   HI_SS0637  7 0.0032 0.0099 0.1469 0.8261 0.0139 
   HI_SS0638  7 0.0016 0.6493 0.2338 0.0605 0.0548 
   HI_SS0639  7 0.0551 0.0077 0.0803 0.6012 0.2557 
   HI_SS0640  7 0.0029 0.1286 0.0501 0.6263 0.1922 
   HI_SS0641  7 0.0061 0.0397 0.0162 0.3162 0.6217 
   HI_SS0642  7 0.0025 0.0656 0.6667 0.1527 0.1125 
   HI_SS0645  7 0.0014 0.0098 0.0152 0.0078 0.9657 
   HI_SS0646  7 0.0029 0.0258 0.1913 0.7613 0.0187 
   HI_SS0647  7 0.0014 0.6615 0.1977 0.0190 0.1203 
   HI_SS0648  7 0.0034 0.1165 0.0811 0.6154 0.1835 
   HI_SS0649  7 0.0028 0.0186 0.0343 0.4524 0.4919 
   HI_SS0650  7 0.0046 0.0136 0.0218 0.9344 0.0257 
   HI_SS0651  7 0.0062 0.0334 0.0897 0.8099 0.0607 
   HI_SS0652  7 0.0038 0.0113 0.0106 0.0421 0.9323 
   NS_SS1371  7 0.0072 0.0087 0.0461 0.9199 0.0181 
   NS_SS1374  7 0.0027 0.8458 0.0571 0.0421 0.0523 
   NS_SS1337  7 0.0058 0.0508 0.8513 0.0483 0.0438 
   NS_SS1385  7 0.0053 0.0538 0.6739 0.1761 0.0909 
   NS_SS1388  7 0.0069 0.0152 0.0155 0.0130 0.9494 
   NS_SS1370  7 0.0141 0.0810 0.5912 0.1875 0.1261 
   NS_SS1389  7 0.0037 0.0098 0.0104 0.0067 0.9693 
   NS_SS1360  7 0.0049 0.2725 0.0373 0.6512 0.0341 
   NS_SS1330  7 0.0047 0.0102 0.3332 0.6175 0.0344 
   NS_SS1328  7 0.0034 0.9087 0.0415 0.0227 0.0237 
   NS_SS1384  7 0.0033 0.0628 0.0360 0.8788 0.0191 
   NS_SS1381  7 0.0010 0.0124 0.8373 0.0386 0.1107 
   NS_SS1375  7 0.0018 0.0312 0.0458 0.0212 0.9000 
   NS_SS1319  7 0.1020 0.0176 0.0971 0.4597 0.3236 
   NS_SS1326  7 0.0110 0.9447 0.0122 0.0132 0.0189 
   NS_SS1341  7 0.0077 0.0393 0.8259 0.0995 0.0276 
   NS_SS1383  7 0.0054 0.0781 0.3623 0.5423 0.0120 
   NS_SS1318  7 0.0213 0.3355 0.1890 0.1241 0.3301 
   NS_SS1348  7 0.0021 0.9109 0.0384 0.0332 0.0154 
   NS_SS1363  7 0.0065 0.0381 0.5961 0.0531 0.3062 
   NS_SS1335  7 0.0313 0.2338 0.1898 0.5306 0.0145 
   NS_SS1358  7 0.0152 0.1328 0.7599 0.0839 0.0081 
   NS_SS1342  7 0.0021 0.2267 0.6628 0.0824 0.0260 
   NS_SS1320  7 0.0078 0.0078 0.2671 0.0176 0.6998 
   NS_SS1355  7 0.0191 0.0098 0.2301 0.2862 0.4548 
   NS_SS1345  7 0.0300 0.2343 0.4497 0.1803 0.1057 
   NS_SS1324  7 0.0027 0.1903 0.0828 0.4911 0.2330 
   NS_SS1347  7 0.0044 0.0526 0.0632 0.8564 0.0234 
   NS_SS1321  7 0.0021 0.0466 0.7799 0.1540 0.0175 
   NS_SS1333  7 0.0036 0.0340 0.1827 0.0876 0.6920 
   NS_SS1364  7 0.0039 0.8931 0.0585 0.0258 0.0187 
   NS_SS1379  7 0.0661 0.0873 0.1894 0.5182 0.1390 
   NS_SS1332  7 0.0093 0.9267 0.0107 0.0161 0.0372 
   NS_SS1338  7 0.0101 0.3327 0.0671 0.5647 0.0253 
   NS_SS1368  7 0.0073 0.6603 0.2388 0.0126 0.0809 
   NS_SS1354  7 0.0169 0.0247 0.6394 0.0851 0.2339 
   NS_SS1365  7 0.0130 0.1444 0.0185 0.0404 0.7838 
   NS_SS1380  7 0.0207 0.0083 0.5306 0.1816 0.2588 
   NS_SS1329  7 0.0032 0.1604 0.7908 0.0227 0.0229 
   NS_SS1362  7 0.0059 0.0105 0.1253 0.8431 0.0151 
   NS_SS1327  7 0.0042 0.8328 0.0086 0.1492 0.0052 
   NS_SS1350  7 0.0096 0.0117 0.0863 0.8747 0.0177 
   NS_SS1387  7 0.0036 0.0234 0.0428 0.3788 0.5515 
   NS_SS1369  7 0.0049 0.9228 0.0153 0.0252 0.0319 
   NS_SS1331  7 0.0126 0.2796 0.0607 0.0138 0.6334 
   NS_SS1357  7 0.0042 0.1057 0.5839 0.2104 0.0958 
   NS_SS1386  7 0.0039 0.9628 0.0155 0.0108 0.0070 
   NS_SS1353  7 0.0068 0.1785 0.5250 0.0304 0.2594 
   NS_SS1323  7 0.0771 0.0129 0.7300 0.0305 0.1495 
   HI_SS0296  8 0.0025 0.7575 0.0345 0.1291 0.0765 
   HI_SS0297  8 0.0014 0.4502 0.3715 0.1199 0.0570 
   HI_SS0299  8 0.0432 0.5441 0.0317 0.3387 0.0423 
   HI_SS0300  8 0.0012 0.7269 0.0306 0.2060 0.0352 
   HI_SS0301  8 0.0065 0.1469 0.1139 0.5547 0.1780 
   HI_SS0302  8 0.0231 0.9288 0.0135 0.0176 0.0170 
   HI_SS0303  8 0.0105 0.8596 0.0256 0.0264 0.0778 
   HI_SS0304  8 0.0032 0.1467 0.2078 0.0636 0.5787 
   HI_SS0306  8 0.0043 0.9743 0.0086 0.0069 0.0059 
   HI_SS0307  8 0.0094 0.0094 0.1634 0.2464 0.5714 
   HI_SS0308  8 0.0837 0.0680 0.0986 0.5784 0.1714 
   HI_SS0309  8 0.0040 0.0102 0.3627 0.4989 0.1242 
   HI_SS0310  8 0.0083 0.8053 0.0262 0.0275 0.1327 
   HI_SS0311  8 0.0037 0.1439 0.2692 0.0389 0.5443 
   HI_SS0314  8 0.0016 0.0315 0.0120 0.0294 0.9255 
   HI_SS0316  8 0.0049 0.0505 0.0718 0.3974 0.4755 
   HI_SS0317  8 0.0035 0.0255 0.6748 0.0928 0.2034 
   HI_SS0318  8 0.1934 0.1396 0.1078 0.5486 0.0106 
   HI_SS0319  8 0.0069 0.7376 0.0194 0.2277 0.0085 
   HI_SS0320  8 0.0012 0.0069 0.3857 0.0168 0.5894 
   HI_SS0321  8 0.0017 0.0185 0.0257 0.9360 0.0182 
   HI_SS0323  8 0.0018 0.0355 0.0127 0.4189 0.5311 
   HI_SS0325  8 0.0027 0.9498 0.0125 0.0170 0.0180 
   HI_SS0327  8 0.0015 0.1059 0.0246 0.8612 0.0068 
   HI_SS0329  8 0.0020 0.1817 0.2760 0.0137 0.5267 
   HI_SS0333  8 0.0043 0.4028 0.1381 0.2781 0.1766 
   HI_SS0334  8 0.0018 0.0522 0.0344 0.8994 0.0122 
   HI_SS0335  8 0.0260 0.0082 0.3027 0.6418 0.0214 
   HI_SS0339  8 0.0147 0.0269 0.4382 0.2542 0.2660 
   HI_SS0343  8 0.0023 0.0113 0.8864 0.0585 0.0415 
   HI_SS0344  8 0.0038 0.9563 0.0071 0.0288 0.0041 
   HI_SS0345  8 0.0090 0.3921 0.4848 0.0225 0.0917 
   HI_SS0346  8 0.0054 0.4152 0.2287 0.2774 0.0732 
   HI_SS0350  8 0.0133 0.0090 0.3683 0.0657 0.5437 
   HI_SS0351  8 0.0043 0.1094 0.3347 0.4821 0.0695 
   HI_SS0352  8 0.0953 0.0210 0.8202 0.0182 0.0454 
   HI_SS0362  8 0.0022 0.3463 0.0226 0.1190 0.5100 
   HI_SS0363  8 0.0057 0.6702 0.0127 0.2868 0.0246 
   HI_SS0365  8 0.0073 0.1502 0.2058 0.4157 0.2210 
   HI_SS0366  8 0.0018 0.7514 0.0478 0.1767 0.0222 
   HI_SS0367  8 0.0033 0.0079 0.3571 0.0197 0.6121 
   HI_SS0369  8 0.0031 0.0112 0.7065 0.0337 0.2455 
   HI_SS0370  8 0.0033 0.0150 0.0642 0.9045 0.0131 
   HI_SS0371  8 0.0056 0.9368 0.0082 0.0170 0.0324 
   HI_SS0373  8 0.0116 0.0331 0.0358 0.0230 0.8966 
   HI_SS0374  8 0.0350 0.0103 0.0489 0.0620 0.8439 
   HI_SS0377  8 0.0867 0.3911 0.4575 0.0472 0.0175 
   HI_SS0379  8 0.0014 0.9640 0.0069 0.0235 0.0041 
   HI_SS0380  8 0.0091 0.0614 0.1680 0.2548 0.5067 
   HI_SS0381  8 0.0055 0.0178 0.6619 0.0249 0.2899 
   HI_SS0384  8 0.0084 0.1216 0.0390 0.1789 0.6521 
   HI_SS0385  8 0.0018 0.8240 0.0077 0.0075 0.1590 
   HI_SS0386  9 0.9914 0.0016 0.0025 0.0025 0.0021 
   HI_SS0387  9 0.9375 0.0264 0.0131 0.0136 0.0094 
   HI_SS0389  9 0.9828 0.0049 0.0048 0.0037 0.0038 
   HI_SS0390  9 0.9914 0.0018 0.0026 0.0017 0.0025 
   HI_SS0391  9 0.9852 0.0027 0.0047 0.0036 0.0038 
   HI_SS0392  9 0.9917 0.0020 0.0021 0.0022 0.0020 
   HI_SS0393  9 0.9908 0.0026 0.0026 0.0024 0.0016 
   HI_SS0394  9 0.9904 0.0026 0.0023 0.0020 0.0027 
   HI_SS0395  9 0.9799 0.0042 0.0043 0.0056 0.0060 
   HI_SS0396  9 0.9512 0.0083 0.0124 0.0124 0.0158 
   HI_SS0398  9 0.9706 0.0073 0.0075 0.0081 0.0065 
   HI_SS0399  9 0.9938 0.0013 0.0012 0.0020 0.0017 
   HI_SS0400  9 0.9905 0.0019 0.0021 0.0028 0.0027 
   HI_SS0401  9 0.9905 0.0025 0.0022 0.0024 0.0024 
   HI_SS0402  9 0.9935 0.0013 0.0017 0.0019 0.0016 
   HI_SS0403  9 0.9917 0.0020 0.0025 0.0022 0.0016 
   HI_SS0404  9 0.9935 0.0018 0.0013 0.0018 0.0017 
   HI_SS0405  9 0.9212 0.0143 0.0283 0.0252 0.0110 
   HI_SS0406  9 0.9870 0.0026 0.0037 0.0035 0.0031 
   HI_SS0407  9 0.9646 0.0072 0.0074 0.0087 0.0121 
   HI_SS0408  9 0.9937 0.0013 0.0018 0.0015 0.0017 
   HI_SS0409  9 0.9828 0.0039 0.0047 0.0044 0.0042 
   HI_SS0411  9 0.9839 0.0040 0.0038 0.0038 0.0045 
   HI_SS0412  9 0.8000 0.0250 0.0459 0.1032 0.0258 
   HI_SS0413  9 0.9882 0.0023 0.0032 0.0037 0.0025 
   HI_SS0414  9 0.9285 0.0091 0.0227 0.0184 0.0213 
   HI_SS0415  9 0.9901 0.0027 0.0023 0.0031 0.0018 
   HI_SS0416  9 0.9817 0.0044 0.0034 0.0046 0.0060 
   HI_SS0418  9 0.9755 0.0054 0.0062 0.0083 0.0046 
   HI_SS0419  9 0.9842 0.0047 0.0040 0.0033 0.0037 
   HI_SS0420  9 0.9880 0.0031 0.0023 0.0034 0.0032 
   HI_SS0421  9 0.9779 0.0047 0.0081 0.0047 0.0046 
   HI_SS0422  9 0.9921 0.0015 0.0023 0.0017 0.0024 
   HI_SS0423  9 0.9775 0.0075 0.0043 0.0056 0.0050 
   HI_SS0424  9 0.9908 0.0017 0.0030 0.0023 0.0022 
   HI_SS0425  9 0.9848 0.0030 0.0037 0.0034 0.0051 
   NS_SS1146 10 0.9878 0.0039 0.0024 0.0041 0.0019 
   NS_SS1157 10 0.9680 0.0062 0.0110 0.0085 0.0063 
   NS_SS1144 10 0.9205 0.0223 0.0197 0.0249 0.0126 
   NS_SS1074 10 0.9829 0.0048 0.0047 0.0036 0.0040 
   NS_SS1122 10 0.9784 0.0051 0.0059 0.0057 0.0048 
   NS_SS1136 10 0.9941 0.0015 0.0018 0.0012 0.0015 
   NS_SS1077 10 0.9963 0.0009 0.0008 0.0007 0.0012 
   NS_SS1134 10 0.9513 0.0114 0.0110 0.0107 0.0156 
   NS_SS1091 10 0.9879 0.0016 0.0029 0.0041 0.0036 
   NS_SS1089 10 0.9844 0.0051 0.0028 0.0039 0.0039 
   NS_SS1123 10 0.9921 0.0020 0.0021 0.0015 0.0025 
   NS_SS1158 10 0.9943 0.0011 0.0015 0.0017 0.0014 
   NS_SS1093 10 0.9875 0.0030 0.0028 0.0038 0.0028 
   NS_SS1102 10 0.9725 0.0061 0.0091 0.0075 0.0048 
   NS_SS1056 10 0.9912 0.0018 0.0025 0.0023 0.0022 
   NS_SS1126 10 0.9860 0.0033 0.0028 0.0046 0.0034 
   NS_SS1058 10 0.9818 0.0052 0.0038 0.0042 0.0049 
   NS_SS1084 10 0.9921 0.0023 0.0018 0.0018 0.0019 
   NS_SS1095 10 0.9707 0.0100 0.0064 0.0058 0.0072 
   NS_SS1079 10 0.9908 0.0019 0.0027 0.0028 0.0018 
   NS_SS1149 10 0.9871 0.0029 0.0039 0.0031 0.0029 
   NS_SS1121 10 0.9911 0.0021 0.0019 0.0026 0.0023 
   NS_SS1067 10 0.9744 0.0049 0.0070 0.0055 0.0083 
   NS_SS1081 10 0.9867 0.0035 0.0033 0.0035 0.0030 
   NS_SS1130 10 0.9819 0.0046 0.0055 0.0037 0.0042 
   NS_SS1073 10 0.9860 0.0028 0.0042 0.0036 0.0034 
   NS_SS1133 10 0.9607 0.0039 0.0073 0.0057 0.0224 
   NS_SS1129 10 0.9927 0.0016 0.0017 0.0017 0.0022 
   NS_SS1085 10 0.9872 0.0033 0.0030 0.0035 0.0031 
   NS_SS1137 10 0.9760 0.0053 0.0052 0.0084 0.0051 
   NS_SS1135 10 0.9935 0.0014 0.0016 0.0017 0.0019 
   NS_SS1082 10 0.9920 0.0016 0.0022 0.0020 0.0023 
   NS_SS1125 10 0.9930 0.0013 0.0021 0.0020 0.0017 
   NS_SS1124 10 0.9633 0.0056 0.0110 0.0128 0.0074 
   NS_SS1155 10 0.9584 0.0096 0.0101 0.0139 0.0080 
   NS_SS1145 10 0.9914 0.0020 0.0018 0.0027 0.0021 
