   NS_SS0963  1 0.0118 0.5038 0.4034 0.0060 0.0154 0.0212 0.0384 
   NS_SS0983  1 0.0120 0.0205 0.4568 0.0062 0.0152 0.4669 0.0223 
   NS_SS0719  1 0.0684 0.0279 0.6757 0.0068 0.1361 0.0504 0.0347 
   NS_SS1001  1 0.0230 0.0078 0.0051 0.0062 0.0203 0.0349 0.9028 
   NS_SS0936  1 0.8749 0.0261 0.0480 0.0034 0.0290 0.0106 0.0080 
   NS_SS0955  1 0.0413 0.0210 0.0172 0.0059 0.0400 0.0448 0.8299 
   NS_SS0944  1 0.0267 0.2268 0.0284 0.0043 0.0869 0.5442 0.0828 
   NS_SS0945  1 0.0243 0.0137 0.0439 0.0137 0.8596 0.0210 0.0237 
   NS_SS0922  1 0.0194 0.1722 0.3574 0.0401 0.3844 0.0171 0.0093 
   NS_SS0929  1 0.1562 0.0933 0.0804 0.0030 0.2114 0.0322 0.4234 
   NS_SS0956  1 0.0270 0.0343 0.1233 0.0054 0.1593 0.0211 0.6296 
   NS_SS0906  1 0.0993 0.5851 0.1591 0.0053 0.0237 0.0630 0.0645 
   NS_SS0721  1 0.0158 0.0149 0.9037 0.0056 0.0347 0.0068 0.0185 
   NS_SS0982  1 0.5637 0.3423 0.0281 0.0212 0.0079 0.0128 0.0239 
   NS_SS0923  1 0.1436 0.0805 0.5805 0.0056 0.0188 0.0402 0.1310 
   NS_SS0905  1 0.0427 0.0516 0.7826 0.0026 0.0387 0.0455 0.0364 
   NS_SS0925  1 0.1937 0.4522 0.2217 0.0076 0.0121 0.0124 0.1003 
   NS_SS0947  1 0.0119 0.7060 0.0095 0.0065 0.1875 0.0124 0.0662 
   NS_SS0926  1 0.1841 0.0113 0.0168 0.0017 0.0153 0.7273 0.0435 
   NS_SS0918  1 0.1013 0.4059 0.1950 0.0047 0.0214 0.1117 0.1600 
   NS_SS0966  1 0.0864 0.6109 0.1479 0.0608 0.0148 0.0627 0.0164 
   NS_SS0938  1 0.9244 0.0094 0.0115 0.0025 0.0093 0.0269 0.0161 
   NS_SS0917  1 0.8290 0.0214 0.0272 0.0463 0.0364 0.0191 0.0207 
   NS_SS0957  1 0.8288 0.0097 0.0152 0.0069 0.0113 0.0408 0.0873 
   NS_SS0987  1 0.0166 0.0325 0.2429 0.2451 0.0068 0.0557 0.4003 
   NS_SS0717  1 0.0569 0.0850 0.1382 0.0032 0.0198 0.0222 0.6746 
   NS_SS0986  1 0.0105 0.0127 0.0143 0.0035 0.0096 0.0162 0.9332 
   NS_SS0953  1 0.0054 0.9493 0.0056 0.0146 0.0076 0.0062 0.0114 
   NS_SS0907  1 0.0559 0.5902 0.2308 0.0412 0.0382 0.0099 0.0338 
   NS_SS0974  1 0.0348 0.0862 0.0656 0.0059 0.7300 0.0589 0.0186 
   NS_SS0989  1 0.0327 0.0543 0.0212 0.0016 0.4165 0.4211 0.0526 
   NS_SS0991  1 0.0113 0.0123 0.4949 0.0026 0.0152 0.2786 0.1852 
   NS_SS0994  1 0.0172 0.0071 0.0231 0.0026 0.8528 0.0841 0.0131 
   NS_SS0931  1 0.0534 0.0127 0.0452 0.0148 0.0099 0.8506 0.0133 
   NS_SS1000  1 0.0718 0.4281 0.0111 0.0061 0.0316 0.0151 0.4362 
   NS_SS0919  1 0.0873 0.0899 0.7393 0.0038 0.0111 0.0571 0.0115 
   NS_SS0949  1 0.0320 0.0290 0.0325 0.0021 0.0476 0.8450 0.0118 
   NS_SS0960  1 0.0175 0.2097 0.1233 0.0108 0.2027 0.3613 0.0747 
   NS_SS0716  1 0.0250 0.0084 0.0149 0.0089 0.0127 0.0098 0.9203 
   NS_SS0924  1 0.0081 0.0107 0.0717 0.0151 0.0108 0.0500 0.8336 
   NS_SS0935  1 0.0242 0.0620 0.2303 0.0135 0.0108 0.6424 0.0168 
   NS_SS0952  1 0.0569 0.2901 0.0691 0.0403 0.0174 0.4857 0.0405 
   NS_SS0962  1 0.3850 0.0332 0.3926 0.0106 0.0928 0.0171 0.0687 
   NS_SS0973  1 0.0129 0.7747 0.0619 0.0058 0.1141 0.0116 0.0190 
   NS_SS0722  1 0.4066 0.3787 0.0337 0.0032 0.0876 0.0097 0.0806 
   NS_SS0979  1 0.4207 0.0266 0.4421 0.0025 0.0143 0.0122 0.0815 
   NS_SS0993  1 0.6959 0.0333 0.1178 0.0235 0.0746 0.0389 0.0160 
   NS_SS0958  1 0.0309 0.0440 0.0236 0.0048 0.0481 0.8212 0.0273 
   NS_SS0988  1 0.4432 0.3466 0.1236 0.0085 0.0371 0.0267 0.0142 
   NS_SS1003  1 0.3943 0.0702 0.4357 0.0183 0.0384 0.0219 0.0212 
   NS_SS0976  1 0.0286 0.0645 0.4245 0.0030 0.0507 0.3501 0.0785 
   NS_SS0964  1 0.0152 0.0247 0.0515 0.0039 0.3876 0.0091 0.5080 
   NS_SS0939  1 0.9453 0.0072 0.0146 0.0064 0.0107 0.0054 0.0105 
   NS_SS0990  1 0.5974 0.0105 0.0552 0.0064 0.0257 0.0282 0.2767 
   NS_SS0984  1 0.9125 0.0101 0.0267 0.0023 0.0177 0.0113 0.0195 
   NS_SS0980  1 0.0388 0.9124 0.0148 0.0027 0.0123 0.0106 0.0084 
   NS_SS0978  1 0.1105 0.6762 0.1359 0.0042 0.0510 0.0098 0.0125 
   NS_SS0951  1 0.0201 0.0266 0.0180 0.0033 0.0249 0.0257 0.8814 
   NS_SS0913  1 0.0157 0.0103 0.0510 0.0398 0.0159 0.0151 0.8522 
   NS_SS1002  1 0.6235 0.2064 0.0158 0.0457 0.0960 0.0050 0.0076 
   NS_SS0948  1 0.8853 0.0094 0.0234 0.0355 0.0050 0.0209 0.0205 
   NS_SS0916  1 0.0556 0.0726 0.0298 0.0086 0.7902 0.0269 0.0163 
   NS_SS0995  1 0.0249 0.0430 0.2894 0.0039 0.6103 0.0055 0.0229 
   NS_SS0927  1 0.0650 0.0478 0.2038 0.0076 0.5046 0.0299 0.1413 
   NS_SS0992  1 0.0168 0.4816 0.0282 0.0051 0.3927 0.0352 0.0404 
   NS_SS0912  1 0.0151 0.0073 0.8563 0.0026 0.0489 0.0485 0.0213 
   NS_SS0981  1 0.2163 0.0185 0.5417 0.0046 0.0258 0.0486 0.1445 
   NS_SS0729  2 0.0078 0.0471 0.0106 0.0054 0.8417 0.0821 0.0053 
   NS_SS0967  2 0.0464 0.3838 0.4717 0.0148 0.0101 0.0430 0.0303 
   NS_SS0941  2 0.7921 0.0366 0.0136 0.0832 0.0141 0.0373 0.0231 
   NS_SS0768  2 0.0106 0.0511 0.0174 0.0039 0.0266 0.0126 0.8777 
   NS_SS0726  2 0.3639 0.0430 0.1025 0.0106 0.3169 0.1536 0.0093 
   NS_SS0763  2 0.2134 0.1086 0.0370 0.0045 0.0706 0.3287 0.2372 
   NS_SS0730  2 0.0297 0.0843 0.4441 0.0050 0.3981 0.0247 0.0140 
   NS_SS0774  2 0.0638 0.8914 0.0169 0.0012 0.0096 0.0064 0.0107 
   NS_SS0723  2 0.0344 0.8497 0.0781 0.0020 0.0171 0.0063 0.0124 
   NS_SS0940  2 0.7951 0.0089 0.0871 0.0060 0.0366 0.0472 0.0191 
   NS_SS0762  2 0.1764 0.7215 0.0115 0.0039 0.0361 0.0139 0.0366 
   NS_SS0766  2 0.1394 0.0245 0.3672 0.0195 0.1261 0.2148 0.1085 
   NS_SS0724  2 0.0231 0.1698 0.2896 0.0062 0.2597 0.0273 0.2243 
   NS_SS0769  2 0.0243 0.0157 0.7912 0.0046 0.0231 0.0243 0.1167 
   NS_SS0777  2 0.5057 0.0141 0.2485 0.0166 0.0163 0.1821 0.0168 
   NS_SS0734  2 0.0540 0.0216 0.2360 0.0333 0.2211 0.1469 0.2869 
   NS_SS0737  2 0.0489 0.6445 0.0127 0.0090 0.2316 0.0175 0.0358 
   NS_SS0732  2 0.0073 0.0709 0.8643 0.0070 0.0179 0.0077 0.0248 
   NS_SS0728  2 0.2030 0.0822 0.0310 0.0161 0.0635 0.0220 0.5822 
   NS_SS0735  2 0.0343 0.6610 0.1059 0.0121 0.0908 0.0194 0.0766 
   NS_SS0725  2 0.3265 0.0778 0.0558 0.0118 0.4234 0.0405 0.0642 
   NS_SS0788  2 0.0295 0.8690 0.0617 0.0026 0.0116 0.0154 0.0102 
   NS_SS0778  2 0.0749 0.4840 0.3792 0.0015 0.0198 0.0344 0.0062 
   NS_SS0792  2 0.0861 0.0357 0.0436 0.0053 0.0369 0.0304 0.7620 
   NS_SS0943  2 0.0434 0.5047 0.0436 0.0115 0.0830 0.2229 0.0910 
   NS_SS0791  2 0.0329 0.0331 0.0692 0.0183 0.7919 0.0284 0.0263 
   NS_SS0790  2 0.0081 0.2991 0.0055 0.0049 0.0064 0.0029 0.6731 
   NS_SS0731  2 0.0241 0.0179 0.0168 0.0127 0.0063 0.0164 0.9059 
   NS_SS0727  2 0.2048 0.0305 0.0221 0.0015 0.2213 0.4474 0.0723 
   NS_SS0779  2 0.2056 0.2946 0.4055 0.0094 0.0183 0.0436 0.0229 
   NS_SS0776  2 0.0545 0.6427 0.0891 0.0108 0.0323 0.1567 0.0139 
   NS_SS0775  2 0.8431 0.0400 0.0158 0.0083 0.0344 0.0079 0.0505 
   NS_SS0965  3 0.0115 0.0638 0.8582 0.0026 0.0109 0.0310 0.0219 
   NS_SS0754  3 0.1897 0.0950 0.2295 0.0166 0.2239 0.1198 0.1255 
   NS_SS0838  3 0.2000 0.0157 0.0206 0.0522 0.0320 0.0494 0.6301 
   NS_SS0839  3 0.0436 0.1142 0.0135 0.0043 0.0242 0.0111 0.7891 
   NS_SS0832  3 0.0568 0.6831 0.1720 0.0564 0.0061 0.0057 0.0200 
   NS_SS0820  3 0.0115 0.1382 0.7359 0.0079 0.0347 0.0045 0.0672 
   NS_SS0886  3 0.0285 0.1135 0.4874 0.0028 0.2751 0.0797 0.0130 
   NS_SS0748  3 0.4151 0.0830 0.0718 0.0152 0.0126 0.3504 0.0519 
   NS_SS0884  3 0.0953 0.2976 0.0253 0.0331 0.4756 0.0470 0.0261 
   NS_SS0752  3 0.0704 0.7088 0.0303 0.0032 0.1367 0.0301 0.0204 
   NS_SS0862  3 0.0139 0.6212 0.1558 0.0070 0.0407 0.0067 0.1547 
   NS_SS0787  3 0.0183 0.0129 0.0638 0.0095 0.1080 0.7609 0.0266 
   NS_SS0843  3 0.0176 0.2990 0.5582 0.0035 0.0318 0.0319 0.0580 
   NS_SS0856  3 0.1331 0.0576 0.0764 0.0048 0.5822 0.0122 0.1338 
   NS_SS0846  3 0.2457 0.5420 0.0195 0.0047 0.0114 0.1646 0.0121 
   NS_SS0825  3 0.3100 0.0137 0.2968 0.0162 0.1909 0.0649 0.1075 
   NS_SS0757  3 0.2375 0.2049 0.0867 0.0051 0.0343 0.0289 0.4025 
   NS_SS0876  3 0.0100 0.4593 0.0438 0.2212 0.1173 0.0046 0.1437 
   NS_SS0903  3 0.0082 0.9600 0.0066 0.0032 0.0132 0.0041 0.0046 
   NS_SS0875  3 0.1112 0.0143 0.6983 0.0038 0.0108 0.0211 0.1404 
   NS_SS0740  3 0.2505 0.2509 0.4028 0.0051 0.0218 0.0274 0.0415 
   NS_SS0811  3 0.0075 0.0056 0.0136 0.0069 0.0081 0.0073 0.9509 
   NS_SS0751  3 0.4522 0.0245 0.3775 0.0024 0.0536 0.0811 0.0087 
   NS_SS0891  3 0.7668 0.0449 0.0196 0.0070 0.0272 0.0260 0.1085 
   NS_SS0867  3 0.5780 0.2748 0.0456 0.0263 0.0298 0.0251 0.0203 
   NS_SS0890  3 0.7153 0.0569 0.0692 0.0047 0.0466 0.0582 0.0491 
   NS_SS0866  3 0.1058 0.0075 0.0093 0.0066 0.8248 0.0342 0.0118 
   NS_SS0755  3 0.4327 0.1977 0.0834 0.0116 0.0513 0.0648 0.1586 
   NS_SS0758  3 0.0243 0.0441 0.5644 0.0023 0.0234 0.0296 0.3119 
   NS_SS0840  3 0.0138 0.1790 0.1118 0.0024 0.0199 0.0071 0.6660 
   NS_SS0889  3 0.0207 0.0157 0.0562 0.0032 0.1610 0.5017 0.2414 
   NS_SS1010  3 0.0264 0.3596 0.3459 0.0504 0.0587 0.0264 0.1325 
   NS_SS0888  3 0.0086 0.0336 0.0278 0.0026 0.7663 0.1382 0.0230 
   NS_SS0837  3 0.0157 0.4022 0.2666 0.0045 0.0275 0.0235 0.2601 
   NS_SS0794  3 0.0111 0.0195 0.0091 0.0024 0.1996 0.0434 0.7149 
   NS_SS0823  3 0.0230 0.0864 0.0249 0.0053 0.1240 0.0058 0.7307 
   NS_SS0829  3 0.0109 0.0148 0.0476 0.1242 0.5915 0.0214 0.1896 
   NS_SS0844  3 0.0110 0.8565 0.0116 0.0023 0.0100 0.0076 0.1011 
   NS_SS1008  3 0.0235 0.0403 0.0287 0.0215 0.1027 0.4723 0.3111 
   NS_SS0881  3 0.1532 0.0493 0.3114 0.0035 0.3661 0.1072 0.0092 
   NS_SS0834  3 0.4965 0.1195 0.1078 0.0079 0.2223 0.0129 0.0331 
   NS_SS0744  3 0.0319 0.2605 0.0723 0.0098 0.2464 0.0182 0.3607 
   NS_SS0899  3 0.1239 0.2653 0.1747 0.0023 0.0156 0.0058 0.4123 
   NS_SS0804  3 0.3327 0.1345 0.3810 0.0064 0.0128 0.0082 0.1245 
   NS_SS0781  3 0.4180 0.4572 0.0670 0.0039 0.0113 0.0063 0.0363 
   NS_SS0822  3 0.0728 0.0902 0.0524 0.0028 0.2037 0.5468 0.0313 
   NS_SS1004  3 0.0138 0.7788 0.0484 0.0062 0.0120 0.0609 0.0799 
   NS_SS0746  3 0.0431 0.0074 0.0285 0.0132 0.0223 0.0252 0.8604 
   NS_SS0880  3 0.0454 0.7222 0.0144 0.0021 0.0209 0.1857 0.0094 
   NS_SS0879  3 0.3177 0.2821 0.0522 0.0205 0.1768 0.0348 0.1158 
   NS_SS0753  3 0.0604 0.0761 0.6734 0.0118 0.1388 0.0240 0.0156 
   NS_SS1007  3 0.0764 0.0142 0.1864 0.0021 0.6874 0.0112 0.0223 
   NS_SS0872  3 0.4155 0.2362 0.2693 0.0025 0.0134 0.0196 0.0435 
   NS_SS1005  3 0.1082 0.7176 0.0372 0.0016 0.0113 0.0125 0.1117 
   NS_SS0892  3 0.8488 0.0299 0.0429 0.0022 0.0272 0.0240 0.0249 
   NS_SS0898  3 0.2535 0.0396 0.0239 0.0098 0.2111 0.4449 0.0172 
   NS_SS0801  3 0.0116 0.0433 0.0416 0.0117 0.0098 0.0073 0.8746 
   NS_SS0827  3 0.0227 0.0377 0.2993 0.1354 0.0256 0.2688 0.2104 
   NS_SS0853  3 0.0095 0.0092 0.0204 0.0058 0.0065 0.0085 0.9401 
   NS_SS0780  3 0.5596 0.2410 0.1111 0.0056 0.0322 0.0085 0.0419 
   NS_SS0826  3 0.0375 0.5550 0.1582 0.0047 0.0168 0.2204 0.0073 
   NS_SS0818  3 0.0924 0.6670 0.0801 0.0021 0.1162 0.0177 0.0245 
   NS_SS0745  3 0.3368 0.0172 0.6125 0.0016 0.0107 0.0150 0.0060 
   NS_SS0849  3 0.0212 0.0287 0.8336 0.0021 0.0189 0.0407 0.0549 
   NS_SS0739  3 0.0114 0.0054 0.4025 0.0163 0.5428 0.0106 0.0110 
   NS_SS0799  3 0.0206 0.0832 0.0234 0.0015 0.0395 0.1501 0.6817 
   NS_SS0756  3 0.1981 0.6302 0.0947 0.0042 0.0318 0.0073 0.0337 
   NS_SS0802  3 0.2296 0.0140 0.5249 0.1902 0.0082 0.0228 0.0103 
   NS_SS0747  3 0.0751 0.7135 0.1215 0.0077 0.0168 0.0113 0.0540 
   NS_SS0835  3 0.2255 0.0668 0.2580 0.0013 0.3009 0.1214 0.0262 
   NS_SS0742  3 0.0730 0.1053 0.3291 0.0016 0.2908 0.0474 0.1529 
   NS_SS0760  3 0.0107 0.0088 0.0184 0.0624 0.0154 0.5868 0.2976 
   NS_SS0803  3 0.0113 0.9037 0.0172 0.0124 0.0267 0.0060 0.0226 
   NS_SS0828  3 0.0242 0.0897 0.7886 0.0017 0.0239 0.0512 0.0208 
   NS_SS0865  3 0.0240 0.4462 0.1226 0.0393 0.2887 0.0192 0.0602 
   NS_SS0759  3 0.0342 0.0588 0.8229 0.0059 0.0531 0.0053 0.0198 
   NS_SS0851  3 0.1874 0.0136 0.3427 0.0178 0.0358 0.0179 0.3848 
   NS_SS0874  3 0.0177 0.8506 0.0289 0.0029 0.0087 0.0126 0.0786 
   NS_SS0761  3 0.0175 0.0173 0.0622 0.0048 0.0141 0.2963 0.5878 
   NS_SS0842  3 0.1408 0.0321 0.0180 0.0076 0.0231 0.0755 0.7029 
   NS_SS0785  3 0.0459 0.7394 0.0790 0.0079 0.0403 0.0414 0.0461 
   NS_SS0860  3 0.0192 0.0250 0.0257 0.0026 0.8852 0.0216 0.0206 
   NS_SS0897  3 0.0079 0.0233 0.0137 0.0025 0.1233 0.8050 0.0243 
   NS_SS0841  3 0.0152 0.0101 0.0156 0.0035 0.0458 0.0161 0.8936 
   NS_SS0797  3 0.0138 0.0212 0.0335 0.0456 0.0324 0.7599 0.0935 
   NS_SS0830  3 0.0236 0.0581 0.2336 0.0024 0.6326 0.0282 0.0214 
   NS_SS1011  3 0.0369 0.7848 0.0581 0.0095 0.0243 0.0063 0.0801 
   NS_SS0883  3 0.0353 0.0165 0.0367 0.0090 0.0629 0.0100 0.8297 
   NS_SS0782  3 0.0143 0.0287 0.0132 0.0036 0.7903 0.0095 0.1404 
   NS_SS0831  3 0.0234 0.0164 0.0233 0.0028 0.7093 0.0539 0.1709 
   NS_SS0749  3 0.1092 0.0641 0.6107 0.0084 0.1113 0.0363 0.0601 
   NS_SS0854  3 0.0370 0.0514 0.0526 0.0048 0.1618 0.1112 0.5812 
   HI_SS0193  4 0.0107 0.0104 0.0098 0.0022 0.4461 0.5079 0.0128 
   HI_SS0194  4 0.4088 0.3868 0.1068 0.0027 0.0370 0.0402 0.0177 
   HI_SS0195  4 0.0677 0.1104 0.0764 0.1202 0.0080 0.0148 0.6027 
   HI_SS0196  4 0.0317 0.0637 0.0100 0.0032 0.2371 0.0229 0.6315 
   HI_SS0197  4 0.9351 0.0099 0.0240 0.0091 0.0083 0.0032 0.0105 
   HI_SS0198  4 0.0471 0.1949 0.3034 0.0181 0.2678 0.0987 0.0700 
   HI_SS0199  4 0.0377 0.0444 0.0172 0.0029 0.8728 0.0184 0.0065 
   HI_SS0201  4 0.0109 0.0279 0.0496 0.0041 0.0235 0.8663 0.0176 
   HI_SS0215  4 0.0242 0.0297 0.3507 0.0054 0.0463 0.1004 0.4434 
   HI_SS0218  4 0.0102 0.0093 0.0076 0.0122 0.0330 0.9101 0.0176 
   HI_SS0222  4 0.0070 0.0062 0.2754 0.0062 0.6747 0.0080 0.0225 
   HI_SS0230  4 0.0273 0.0272 0.8805 0.0078 0.0107 0.0107 0.0359 
   HI_SS0234  4 0.3540 0.2860 0.0434 0.1737 0.0480 0.0852 0.0098 
   HI_SS0240  4 0.0853 0.4200 0.2181 0.0104 0.1813 0.0199 0.0650 
   HI_SS0241  4 0.5422 0.0394 0.0379 0.0022 0.0267 0.0874 0.2642 
   HI_SS0242  4 0.0252 0.0459 0.2332 0.0042 0.4410 0.1707 0.0799 
   HI_SS0247  4 0.1172 0.7032 0.0860 0.0236 0.0047 0.0498 0.0155 
   HI_SS0248  4 0.0122 0.0408 0.0155 0.0014 0.1519 0.7647 0.0136 
   HI_SS0252  4 0.0289 0.0150 0.0123 0.0026 0.0240 0.0233 0.8939 
   HI_SS0254  4 0.1035 0.0271 0.2271 0.1244 0.0178 0.4930 0.0072 
   HI_SS0256  4 0.0138 0.9564 0.0112 0.0021 0.0041 0.0038 0.0086 
   HI_SS0257  4 0.0659 0.6401 0.1653 0.0047 0.0727 0.0407 0.0107 
   HI_SS0258  4 0.0139 0.0384 0.0802 0.0108 0.0608 0.7790 0.0168 
   HI_SS0259  4 0.7488 0.1146 0.0891 0.0041 0.0190 0.0156 0.0087 
   HI_SS0260  4 0.0804 0.1374 0.0937 0.0030 0.2681 0.3695 0.0478 
   HI_SS0261  4 0.3089 0.0492 0.0412 0.0038 0.5279 0.0631 0.0060 
   HI_SS0262  4 0.0334 0.0259 0.3712 0.0064 0.5351 0.0061 0.0219 
   HI_SS0264  4 0.0364 0.2576 0.2252 0.0066 0.1565 0.0218 0.2959 
   HI_SS0265  4 0.3147 0.0168 0.5356 0.0978 0.0160 0.0082 0.0109 
   HI_SS0268  4 0.0361 0.0174 0.3400 0.0051 0.0188 0.5434 0.0392 
   HI_SS0269  4 0.0294 0.1215 0.0214 0.0027 0.4211 0.3893 0.0147 
   HI_SS0273  4 0.0240 0.0475 0.0860 0.0029 0.1967 0.6315 0.0114 
   HI_SS0277  4 0.0130 0.1621 0.7717 0.0037 0.0186 0.0176 0.0132 
   HI_SS0280  4 0.0186 0.0421 0.0416 0.0056 0.1869 0.0789 0.6264 
   HI_SS0282  4 0.0182 0.5997 0.1239 0.0018 0.1669 0.0528 0.0366 
   HI_SS0286  4 0.0277 0.0214 0.6975 0.0078 0.0394 0.0215 0.1847 
   NS_SS1252  5 0.0221 0.0054 0.0131 0.0043 0.7849 0.1352 0.0350 
   NS_SS1261  5 0.1331 0.0445 0.6324 0.0195 0.0636 0.0472 0.0595 
   NS_SS1225  5 0.0087 0.6803 0.1499 0.0933 0.0209 0.0230 0.0239 
   NS_SS1266  5 0.0314 0.5957 0.0310 0.0142 0.0124 0.0058 0.3095 
   NS_SS1228  5 0.1125 0.0208 0.1276 0.0193 0.6835 0.0167 0.0196 
   NS_SS1255  5 0.0107 0.0168 0.0030 0.0017 0.9523 0.0080 0.0074 
   NS_SS1267  5 0.0274 0.0074 0.0166 0.0239 0.0462 0.8545 0.0240 
   NS_SS1238  5 0.0357 0.0103 0.2708 0.0034 0.0986 0.5730 0.0082 
   NS_SS1233  5 0.0367 0.5822 0.0205 0.0032 0.0146 0.2590 0.0838 
   NS_SS1277  5 0.0052 0.0155 0.0094 0.0017 0.0187 0.9450 0.0045 
   NS_SS1245  5 0.0516 0.1069 0.0186 0.0025 0.0169 0.1239 0.6794 
   NS_SS1240  5 0.0210 0.0117 0.0268 0.0034 0.0346 0.8683 0.0342 
   NS_SS1275  5 0.8065 0.0307 0.1008 0.0047 0.0158 0.0073 0.0343 
   NS_SS1235  5 0.0361 0.8616 0.0180 0.0072 0.0287 0.0394 0.0090 
   NS_SS1263  5 0.3741 0.5516 0.0181 0.0014 0.0285 0.0100 0.0163 
   NS_SS1251  5 0.0884 0.8160 0.0227 0.0026 0.0090 0.0447 0.0167 
   NS_SS1248  5 0.2932 0.0158 0.3570 0.1095 0.0218 0.0564 0.1463 
   NS_SS1244  5 0.1229 0.1408 0.1247 0.0097 0.1809 0.3919 0.0292 
   NS_SS1257  5 0.0079 0.0292 0.2218 0.0453 0.0542 0.5997 0.0418 
   NS_SS1242  5 0.0490 0.7518 0.0206 0.0040 0.0325 0.0094 0.1326 
   NS_SS1271  5 0.0199 0.0105 0.0069 0.0413 0.0219 0.8932 0.0062 
   NS_SS1265  5 0.1267 0.0286 0.3831 0.0248 0.0593 0.1467 0.2308 
   NS_SS1243  5 0.0274 0.0109 0.0325 0.0791 0.0628 0.0146 0.7726 
   NS_SS1273  5 0.7400 0.1591 0.0228 0.0127 0.0367 0.0123 0.0164 
   NS_SS1254  5 0.0535 0.0284 0.0076 0.0077 0.0107 0.0096 0.8824 
   NS_SS1224  5 0.0566 0.4940 0.0475 0.0128 0.0938 0.0097 0.2857 
   NS_SS1227  5 0.6788 0.0099 0.2118 0.0021 0.0172 0.0703 0.0100 
   NS_SS1274  5 0.0116 0.1559 0.4881 0.0203 0.0756 0.2228 0.0258 
   NS_SS1241  5 0.0170 0.0811 0.0114 0.0015 0.0053 0.7922 0.0915 
   NS_SS1256  5 0.0830 0.4959 0.0192 0.0593 0.0087 0.1904 0.1435 
   NS_SS1260  5 0.0235 0.0320 0.0195 0.0757 0.8016 0.0234 0.0243 
   NS_SS1262  5 0.0445 0.0671 0.0856 0.1912 0.0537 0.4144 0.1435 
   NS_SS1230  5 0.0517 0.0309 0.0490 0.0108 0.0591 0.3761 0.4225 
   NS_SS1270  5 0.1150 0.0545 0.7687 0.0023 0.0070 0.0084 0.0441 
   NS_SS1229  5 0.8957 0.0300 0.0130 0.0049 0.0354 0.0076 0.0133 
   NS_SS1246  5 0.8137 0.0291 0.0107 0.0031 0.0600 0.0787 0.0048 
   NS_SS1269  5 0.0189 0.0364 0.1315 0.0019 0.1393 0.0981 0.5740 
   NS_SS1239  5 0.0205 0.1458 0.1792 0.0075 0.6292 0.0137 0.0042 
   NS_SS1272  5 0.4300 0.3348 0.0995 0.0088 0.0457 0.0598 0.0215 
   NS_SS1268  5 0.0139 0.4493 0.4454 0.0020 0.0522 0.0194 0.0178 
   NS_SS1249  5 0.0241 0.0161 0.0047 0.0149 0.3890 0.4464 0.1049 
   HI_SS0559  6 0.0850 0.7301 0.0397 0.0025 0.0360 0.0661 0.0407 
   HI_SS0563  6 0.0200 0.2801 0.0600 0.0040 0.3679 0.1369 0.1312 
   HI_SS0564  6 0.0244 0.1023 0.1391 0.0655 0.6224 0.0222 0.0241 
   HI_SS0565  6 0.8575 0.0310 0.0534 0.0058 0.0322 0.0143 0.0058 
   HI_SS0569  6 0.0228 0.0112 0.7286 0.0032 0.0132 0.1960 0.0249 
   HI_SS0570  6 0.0253 0.0155 0.0097 0.0536 0.0210 0.8182 0.0567 
   HI_SS0572  6 0.0436 0.8930 0.0113 0.0033 0.0235 0.0067 0.0186 
   HI_SS0576  6 0.1139 0.0375 0.7913 0.0066 0.0155 0.0187 0.0165 
   HI_SS0579  6 0.0079 0.7158 0.1358 0.0177 0.0167 0.0781 0.0280 
   HI_SS0580  6 0.0930 0.1314 0.0634 0.0065 0.0274 0.0827 0.5956 
   HI_SS0581  6 0.6071 0.0137 0.1709 0.0823 0.0607 0.0118 0.0536 
   HI_SS0583  6 0.2610 0.0189 0.0925 0.0032 0.0706 0.4159 0.1379 
   HI_SS0586  6 0.0066 0.0099 0.0359 0.0010 0.0092 0.9038 0.0337 
   HI_SS0588  6 0.0177 0.0674 0.2073 0.0224 0.0199 0.1461 0.5192 
   HI_SS0595  6 0.0705 0.1083 0.2016 0.0501 0.0722 0.4805 0.0169 
   HI_SS0596  6 0.5461 0.3751 0.0165 0.0029 0.0204 0.0264 0.0126 
   HI_SS0597  6 0.8392 0.0492 0.0337 0.0034 0.0098 0.0209 0.0438 
   HI_SS0600  6 0.0437 0.4267 0.1356 0.0047 0.0588 0.3199 0.0106 
   HI_SS0601  6 0.0387 0.5548 0.3065 0.0191 0.0104 0.0488 0.0218 
   HI_SS0602  6 0.0302 0.0279 0.3307 0.0039 0.0213 0.0168 0.5692 
   HI_SS0604  6 0.0438 0.0207 0.1934 0.0026 0.0099 0.0316 0.6980 
   HI_SS0605  6 0.0128 0.0191 0.0275 0.0069 0.0254 0.0113 0.8971 
   HI_SS0608  6 0.4965 0.0541 0.0633 0.0017 0.0356 0.1692 0.1796 
   HI_SS0609  6 0.0462 0.5927 0.1084 0.0010 0.1335 0.0865 0.0317 
   HI_SS0611  6 0.0064 0.0146 0.0152 0.0028 0.0766 0.0308 0.8537 
   HI_SS0612  6 0.0131 0.9288 0.0081 0.0064 0.0208 0.0151 0.0077 
   HI_SS0613  6 0.0172 0.1491 0.0731 0.0021 0.0908 0.0160 0.6517 
   HI_SS0615  6 0.2436 0.0844 0.3265 0.0121 0.2786 0.0245 0.0302 
   HI_SS0001  6 0.1528 0.1186 0.1012 0.0053 0.1162 0.4544 0.0514 
   HI_SS0002  6 0.0328 0.3896 0.4647 0.0266 0.0284 0.0112 0.0468 
   HI_SS0004  6 0.0869 0.0172 0.0473 0.0069 0.7531 0.0631 0.0254 
   HI_SS0005  6 0.0382 0.0305 0.4730 0.0101 0.0106 0.3970 0.0406 
   HI_SS0006  6 0.0202 0.4028 0.4214 0.0019 0.0847 0.0480 0.0210 
   HI_SS0007  6 0.0065 0.0064 0.0600 0.0030 0.0090 0.8182 0.0968 
   HI_SS0008  6 0.1103 0.0534 0.7473 0.0414 0.0077 0.0262 0.0137 
   HI_SS0009  6 0.1009 0.0788 0.2864 0.0066 0.1617 0.0126 0.3530 
   HI_SS0010  6 0.0442 0.0175 0.1428 0.0058 0.0434 0.7213 0.0250 
   HI_SS0011  6 0.4090 0.3087 0.0498 0.0989 0.0101 0.0827 0.0409 
   HI_SS0012  6 0.0863 0.4231 0.1581 0.0080 0.1248 0.0091 0.1905 
   HI_SS0017  6 0.7645 0.0359 0.0228 0.0026 0.0913 0.0691 0.0139 
   HI_SS0021  6 0.0207 0.0176 0.2579 0.2320 0.0121 0.4309 0.0288 
   HI_SS0024  6 0.8896 0.0160 0.0183 0.0029 0.0234 0.0401 0.0098 
   HI_SS0025  6 0.0107 0.0178 0.0134 0.0049 0.0429 0.0101 0.9002 
   HI_SS0027  6 0.0139 0.0213 0.0259 0.0198 0.7619 0.0944 0.0630 
   HI_SS0028  6 0.1749 0.0143 0.7459 0.0022 0.0083 0.0081 0.0462 
   HI_SS0029  6 0.5431 0.1255 0.1113 0.0110 0.1125 0.0747 0.0219 
   HI_SS0030  6 0.3187 0.0784 0.1560 0.0089 0.2117 0.1241 0.1021 
   HI_SS0031  6 0.6281 0.1393 0.1607 0.0036 0.0073 0.0475 0.0136 
   HI_SS0034  6 0.5267 0.0434 0.0237 0.0097 0.0244 0.1319 0.2402 
   HI_SS0036  6 0.0816 0.0144 0.0721 0.0185 0.0207 0.7659 0.0269 
   HI_SS0037  6 0.0064 0.0229 0.0097 0.0061 0.0293 0.2109 0.7146 
   HI_SS0039  6 0.2765 0.0095 0.0673 0.0045 0.0418 0.5607 0.0397 
   HI_SS0041  6 0.0243 0.0123 0.0339 0.0024 0.8149 0.0040 0.1082 
   HI_SS0042  6 0.1355 0.0173 0.2568 0.1185 0.0246 0.0074 0.4400 
   HI_SS0043  6 0.0408 0.0222 0.0698 0.0045 0.0330 0.8150 0.0146 
   HI_SS0044  6 0.2432 0.0289 0.0344 0.0033 0.0571 0.3287 0.3044 
   HI_SS0047  6 0.0758 0.0420 0.2049 0.0033 0.0524 0.0167 0.6049 
   HI_SS0049  6 0.2803 0.3458 0.1670 0.0060 0.1255 0.0187 0.0566 
   HI_SS0051  6 0.0046 0.0185 0.0215 0.0038 0.2202 0.0110 0.7204 
   HI_SS0053  6 0.2947 0.0532 0.1080 0.0059 0.0303 0.4959 0.0120 
   HI_SS0054  6 0.0156 0.0203 0.0678 0.0067 0.0261 0.8450 0.0185 
   HI_SS0057  6 0.4030 0.0912 0.3356 0.0046 0.0499 0.0355 0.0801 
   HI_SS0058  6 0.0060 0.0473 0.0200 0.0085 0.0644 0.0120 0.8418 
   HI_SS0060  6 0.1408 0.0897 0.4871 0.0920 0.0679 0.1120 0.0104 
   HI_SS0087  6 0.0335 0.0323 0.1596 0.0046 0.6589 0.0872 0.0239 
   HI_SS0091  6 0.1090 0.2287 0.0400 0.0014 0.3241 0.1709 0.1259 
   HI_SS0095  6 0.5132 0.2087 0.0808 0.0528 0.0841 0.0187 0.0418 
   HI_SS0097  6 0.2017 0.3517 0.3527 0.0064 0.0259 0.0260 0.0356 
   HI_SS0099  6 0.9215 0.0100 0.0156 0.0073 0.0162 0.0120 0.0176 
   HI_SS0103  6 0.0354 0.6501 0.1054 0.0046 0.0837 0.0243 0.0964 
   HI_SS0105  6 0.2963 0.3610 0.0433 0.0462 0.1178 0.0303 0.1051 
   HI_SS0107  6 0.3310 0.6154 0.0149 0.0013 0.0080 0.0084 0.0212 
   HI_SS0108  6 0.0097 0.0084 0.0175 0.0362 0.0709 0.8273 0.0300 
   HI_SS0110  6 0.2015 0.0374 0.0667 0.0016 0.6473 0.0367 0.0089 
   HI_SS0111  6 0.0576 0.0468 0.7557 0.0387 0.0292 0.0581 0.0140 
   HI_SS0112  6 0.0047 0.0078 0.0088 0.0019 0.0915 0.8792 0.0061 
   HI_SS0113  6 0.5480 0.1980 0.0334 0.0066 0.0395 0.0097 0.1647 
   HI_SS0114  6 0.0082 0.0225 0.1318 0.0090 0.0242 0.0772 0.7271 
   HI_SS0115  6 0.0076 0.6270 0.1425 0.0212 0.0719 0.0197 0.1101 
   HI_SS0116  6 0.0635 0.0263 0.0701 0.0051 0.1985 0.4728 0.1638 
   HI_SS0117  6 0.0855 0.1722 0.0383 0.0030 0.0151 0.6716 0.0144 
   HI_SS0118  6 0.0123 0.0233 0.0075 0.0146 0.8008 0.0095 0.1320 
   HI_SS0119  6 0.1102 0.2319 0.0504 0.0024 0.5499 0.0348 0.0204 
   HI_SS0120  6 0.6417 0.0408 0.0791 0.0050 0.1922 0.0269 0.0142 
   HI_SS0121  6 0.0224 0.0135 0.9334 0.0020 0.0085 0.0087 0.0114 
   HI_SS0122  6 0.0188 0.0137 0.2027 0.0284 0.6936 0.0220 0.0208 
   HI_SS0123  6 0.1671 0.7703 0.0134 0.0054 0.0205 0.0121 0.0112 
   HI_SS0124  6 0.3309 0.5488 0.0342 0.0043 0.0341 0.0200 0.0278 
   HI_SS0125  6 0.0188 0.0244 0.7535 0.0386 0.1498 0.0073 0.0074 
   HI_SS0126  6 0.0287 0.0087 0.0034 0.0009 0.0335 0.9135 0.0113 
   HI_SS0127  6 0.0163 0.0226 0.8969 0.0093 0.0083 0.0205 0.0261 
   HI_SS0128  6 0.8990 0.0196 0.0089 0.0039 0.0225 0.0391 0.0070 
   HI_SS0129  6 0.1384 0.0342 0.0945 0.0107 0.0924 0.2340 0.3958 
   HI_SS0131  6 0.0096 0.0415 0.0092 0.0435 0.0127 0.5450 0.3386 
   HI_SS0132  6 0.0604 0.5380 0.1449 0.0010 0.0806 0.1647 0.0104 
   HI_SS0133  6 0.0062 0.0025 0.0035 0.0018 0.0133 0.9697 0.0030 
   HI_SS0134  6 0.2015 0.2488 0.0505 0.0023 0.0395 0.1069 0.3504 
   HI_SS0142  6 0.3994 0.3796 0.1303 0.0202 0.0364 0.0085 0.0256 
   HI_SS0145  6 0.0884 0.7287 0.0864 0.0018 0.0518 0.0295 0.0134 
   HI_SS0146  6 0.0156 0.0138 0.0212 0.0019 0.0278 0.9145 0.0051 
   HI_SS0147  6 0.0329 0.4065 0.3688 0.0333 0.0224 0.0057 0.1304 
   HI_SS0149  6 0.7039 0.1347 0.0264 0.0068 0.0253 0.0981 0.0049 
   HI_SS0150  6 0.0493 0.1084 0.6832 0.0074 0.0292 0.0807 0.0418 
   HI_SS0151  6 0.0069 0.1984 0.0607 0.0171 0.6408 0.0497 0.0264 
   NS_SS1451  6 0.2535 0.5335 0.1043 0.0053 0.0338 0.0125 0.0570 
   NS_SS1404  6 0.1241 0.0468 0.3876 0.0146 0.2506 0.0199 0.1564 
   NS_SS1432  6 0.8559 0.0186 0.0273 0.0499 0.0245 0.0116 0.0122 
   NS_SS1405  6 0.0166 0.0577 0.0140 0.0035 0.5489 0.0205 0.3388 
   NS_SS1431  6 0.9293 0.0108 0.0262 0.0009 0.0171 0.0072 0.0084 
   NS_SS1402  6 0.0223 0.8578 0.0175 0.0034 0.0222 0.0525 0.0243 
   NS_SS1450  6 0.0165 0.0222 0.0259 0.0046 0.8534 0.0397 0.0377 
   NS_SS1396  6 0.2560 0.0277 0.5082 0.0101 0.0942 0.0509 0.0530 
   NS_SS1393  6 0.0387 0.0376 0.7225 0.0050 0.1601 0.0200 0.0162 
   NS_SS1392  6 0.0434 0.0163 0.0176 0.0204 0.8706 0.0146 0.0171 
   NS_SS1445  6 0.2982 0.0066 0.6026 0.0080 0.0372 0.0295 0.0179 
   NS_SS1423  6 0.2406 0.1092 0.0575 0.0029 0.0317 0.5461 0.0121 
   NS_SS1421  6 0.0132 0.0181 0.0077 0.0781 0.6886 0.1835 0.0107 
   NS_SS1411  6 0.0061 0.0056 0.0405 0.0017 0.3845 0.0648 0.4968 
   NS_SS1453  6 0.1527 0.0201 0.6258 0.0066 0.0266 0.1411 0.0272 
   NS_SS1442  6 0.0172 0.0265 0.8570 0.0051 0.0452 0.0185 0.0305 
   NS_SS1422  6 0.0091 0.9324 0.0098 0.0080 0.0118 0.0208 0.0081 
   NS_SS1419  6 0.1413 0.0234 0.0251 0.1465 0.0383 0.0072 0.6183 
   NS_SS1427  6 0.0116 0.0070 0.0055 0.0025 0.0096 0.9586 0.0053 
   NS_SS1444  6 0.1934 0.0195 0.5941 0.0050 0.0171 0.0092 0.1617 
   NS_SS1455  6 0.0332 0.8716 0.0191 0.0019 0.0108 0.0296 0.0339 
   NS_SS1425  6 0.0097 0.0119 0.3179 0.0021 0.0459 0.5978 0.0148 
   NS_SS1400  6 0.0079 0.0108 0.0943 0.0023 0.3283 0.5270 0.0295 
   NS_SS1406  6 0.0741 0.8648 0.0151 0.0117 0.0068 0.0060 0.0216 
   NS_SS1417  6 0.0135 0.6339 0.0823 0.0074 0.0779 0.1271 0.0579 
   NS_SS1454  6 0.1023 0.0268 0.0401 0.0023 0.2231 0.3468 0.2586 
   NS_SS1412  6 0.6242 0.1718 0.0325 0.0308 0.0236 0.0947 0.0224 
   NS_SS1438  6 0.0092 0.0321 0.0118 0.0020 0.0208 0.1624 0.7618 
   NS_SS1416  6 0.0253 0.0843 0.1174 0.0072 0.0906 0.0076 0.6677 
   NS_SS1401  6 0.8698 0.0220 0.0298 0.0157 0.0188 0.0207 0.0232 
   NS_SS1424  6 0.1524 0.1516 0.2811 0.0168 0.0949 0.2806 0.0226 
   NS_SS1435  6 0.0252 0.0141 0.1964 0.0036 0.0556 0.6621 0.0429 
   NS_SS1447  6 0.0479 0.0288 0.0745 0.0089 0.1000 0.0212 0.7187 
   NS_SS1414  6 0.0080 0.0145 0.0069 0.0063 0.0053 0.0083 0.9507 
   NS_SS1449  6 0.0400 0.4907 0.0104 0.0056 0.4207 0.0207 0.0119 
   NS_SS1443  6 0.0186 0.1970 0.1671 0.0027 0.1601 0.4248 0.0297 
   NS_SS1434  6 0.1353 0.0451 0.0109 0.0011 0.6632 0.1044 0.0400 
   NS_SS1398  6 0.0122 0.0243 0.7791 0.0236 0.1086 0.0338 0.0184 
   NS_SS1426  6 0.0584 0.0484 0.3264 0.0025 0.0384 0.4874 0.0387 
   NS_SS1413  6 0.0523 0.0117 0.0121 0.0162 0.0193 0.8696 0.0187 
   NS_SS1395  6 0.0399 0.0187 0.4760 0.0127 0.0228 0.1254 0.3044 
   NS_SS1448  6 0.0275 0.0107 0.0257 0.0034 0.0237 0.8868 0.0222 
   NS_SS1446  6 0.2990 0.0260 0.0452 0.0055 0.5686 0.0122 0.0435 
   NS_SS1403  6 0.6911 0.0176 0.1649 0.0085 0.0818 0.0109 0.0251 
   NS_SS1415  6 0.0199 0.0116 0.0167 0.0151 0.0149 0.8979 0.0238 
   NS_SS1437  6 0.8718 0.0227 0.0361 0.0118 0.0116 0.0268 0.0191 
   NS_SS1439  6 0.0084 0.3260 0.0766 0.0039 0.0151 0.0041 0.5658 
   NS_SS1441  6 0.3459 0.1279 0.0749 0.0028 0.1705 0.2006 0.0774 
   NS_SS1420  6 0.0224 0.0086 0.0089 0.0027 0.0100 0.0063 0.9411 
   NS_SS1394  6 0.0571 0.0415 0.7277 0.0438 0.0778 0.0076 0.0444 
   NS_SS1391  6 0.3550 0.0272 0.1313 0.0210 0.0684 0.2957 0.1015 
   NS_SS1410  6 0.3848 0.0278 0.0866 0.0220 0.1089 0.1735 0.1964 
   NS_SS1408  6 0.4895 0.0715 0.2130 0.0616 0.0816 0.0364 0.0464 
   NS_SS1409  6 0.2313 0.0791 0.1994 0.0029 0.4467 0.0165 0.0243 
   HI_SS0617  7 0.0488 0.1055 0.0280 0.0019 0.7739 0.0083 0.0336 
   HI_SS0618  7 0.0777 0.5848 0.1840 0.0039 0.0628 0.0363 0.0505 
   HI_SS0619  7 0.0485 0.0189 0.0397 0.0056 0.4032 0.0169 0.4671 
   HI_SS0620  7 0.0059 0.1369 0.0380 0.0035 0.0334 0.7697 0.0126 
   HI_SS0621  7 0.4276 0.3122 0.0452 0.0191 0.0254 0.0114 0.1591 
   HI_SS0622  7 0.5786 0.2068 0.0232 0.0127 0.0540 0.1039 0.0207 
   HI_SS0626  7 0.0429 0.0253 0.7742 0.0100 0.0577 0.0188 0.0710 
   HI_SS0627  7 0.1570 0.0815 0.6522 0.0149 0.0597 0.0247 0.0099 
   HI_SS0628  7 0.0139 0.0113 0.0368 0.0653 0.8031 0.0500 0.0197 
   HI_SS0629  7 0.0772 0.0390 0.4759 0.0087 0.0440 0.3100 0.0452 
   HI_SS0630  7 0.0107 0.0105 0.0062 0.0437 0.0173 0.0729 0.8388 
   HI_SS0631  7 0.0655 0.0205 0.1217 0.0015 0.0267 0.7131 0.0509 
   HI_SS0632  7 0.2152 0.0255 0.2111 0.0047 0.2150 0.2581 0.0705 
   HI_SS0633  7 0.0497 0.0241 0.0663 0.0044 0.8299 0.0035 0.0220 
   HI_SS0634  7 0.0142 0.0196 0.1267 0.0026 0.7148 0.0126 0.1096 
   HI_SS0635  7 0.0573 0.1448 0.1476 0.0109 0.1233 0.0678 0.4483 
   HI_SS0637  7 0.0087 0.0407 0.4650 0.0035 0.0459 0.0051 0.4309 
   HI_SS0638  7 0.1877 0.0301 0.3859 0.0023 0.1664 0.2116 0.0160 
   HI_SS0639  7 0.0971 0.4639 0.2460 0.0575 0.1010 0.0181 0.0165 
   HI_SS0640  7 0.0123 0.0504 0.8183 0.0024 0.0144 0.0824 0.0198 
   HI_SS0641  7 0.0115 0.0154 0.1602 0.0059 0.0468 0.0793 0.6809 
   HI_SS0642  7 0.6949 0.1012 0.1183 0.0028 0.0108 0.0629 0.0092 
   HI_SS0645  7 0.0471 0.5070 0.1086 0.0013 0.2602 0.0370 0.0387 
   HI_SS0646  7 0.0304 0.1883 0.6089 0.0040 0.1454 0.0152 0.0078 
   HI_SS0647  7 0.0955 0.0398 0.0257 0.0017 0.0302 0.5538 0.2533 
   HI_SS0648  7 0.0671 0.3969 0.1306 0.0055 0.3160 0.0439 0.0402 
   HI_SS0649  7 0.0669 0.0204 0.8275 0.0027 0.0422 0.0242 0.0160 
   HI_SS0650  7 0.0265 0.0153 0.7976 0.0055 0.0759 0.0151 0.0641 
   HI_SS0651  7 0.0367 0.8501 0.0574 0.0059 0.0140 0.0146 0.0213 
   HI_SS0652  7 0.0923 0.0169 0.0663 0.0044 0.0390 0.0117 0.7694 
   NS_SS1371  7 0.0698 0.1873 0.3347 0.0077 0.2740 0.1017 0.0249 
   NS_SS1374  7 0.0929 0.0129 0.0376 0.0037 0.5425 0.2800 0.0304 
   NS_SS1337  7 0.0143 0.0287 0.0177 0.0049 0.8567 0.0155 0.0622 
   NS_SS1385  7 0.8762 0.0464 0.0223 0.0052 0.0223 0.0121 0.0156 
   NS_SS1388  7 0.3031 0.0155 0.1858 0.0135 0.2156 0.0542 0.2124 
   NS_SS1370  7 0.0073 0.0434 0.3998 0.0144 0.0431 0.0092 0.4827 
   NS_SS1389  7 0.1007 0.0096 0.0219 0.0034 0.0167 0.0134 0.8343 
   NS_SS1360  7 0.0250 0.0421 0.7388 0.0058 0.0582 0.1061 0.0240 
   NS_SS1330  7 0.0064 0.2292 0.0382 0.0042 0.0135 0.0050 0.7036 
   NS_SS1328  7 0.1768 0.0179 0.0135 0.0027 0.5370 0.2444 0.0076 
   NS_SS1384  7 0.0722 0.3996 0.3401 0.0077 0.0116 0.1175 0.0513 
   NS_SS1381  7 0.0074 0.1995 0.0069 0.0013 0.7745 0.0051 0.0053 
   NS_SS1375  7 0.2163 0.0148 0.1381 0.0019 0.3564 0.0763 0.1963 
   NS_SS1319  7 0.2524 0.1400 0.0864 0.1342 0.0844 0.1169 0.1857 
   NS_SS1326  7 0.0069 0.0146 0.0265 0.0139 0.2806 0.6302 0.0272 
   NS_SS1341  7 0.6458 0.0391 0.2316 0.0056 0.0230 0.0170 0.0378 
   NS_SS1383  7 0.1959 0.0226 0.3839 0.0054 0.0662 0.3157 0.0103 
   NS_SS1318  7 0.1663 0.0362 0.1337 0.0206 0.1711 0.0312 0.4410 
   NS_SS1348  7 0.0087 0.0245 0.0181 0.0027 0.0193 0.9109 0.0158 
   NS_SS1363  7 0.0930 0.1726 0.4765 0.0056 0.0449 0.0423 0.1652 
   NS_SS1335  7 0.0240 0.0174 0.2746 0.0441 0.0226 0.3950 0.2222 
   NS_SS1358  7 0.0114 0.6641 0.0293 0.0219 0.0341 0.2327 0.0065 
   NS_SS1342  7 0.1686 0.4877 0.0302 0.0025 0.1684 0.1277 0.0149 
   NS_SS1320  7 0.0438 0.8484 0.0118 0.0098 0.0577 0.0070 0.0215 
   NS_SS1355  7 0.0361 0.0389 0.0917 0.0174 0.0076 0.0049 0.8034 
   NS_SS1345  7 0.0108 0.9097 0.0060 0.0221 0.0166 0.0105 0.0244 
   NS_SS1324  7 0.0248 0.0120 0.7657 0.0048 0.0364 0.1370 0.0193 
   NS_SS1347  7 0.0262 0.6115 0.2755 0.0060 0.0374 0.0191 0.0244 
   NS_SS1321  7 0.0814 0.0320 0.5393 0.0019 0.0663 0.2681 0.0109 
   NS_SS1333  7 0.3363 0.0099 0.1972 0.0049 0.0231 0.4186 0.0101 
   NS_SS1364  7 0.2329 0.1313 0.0569 0.0038 0.0082 0.4605 0.1064 
   NS_SS1379  7 0.0162 0.6550 0.1841 0.0611 0.0469 0.0178 0.0189 
   NS_SS1332  7 0.0401 0.0090 0.0155 0.0078 0.0102 0.9052 0.0121 
   NS_SS1338  7 0.0104 0.0278 0.1652 0.0128 0.4790 0.0174 0.2874 
   NS_SS1368  7 0.3126 0.0255 0.0158 0.0071 0.0397 0.5859 0.0135 
   NS_SS1354  7 0.0949 0.5086 0.1287 0.0184 0.0566 0.0150 0.1778 
   NS_SS1365  7 0.2411 0.0520 0.0937 0.0147 0.4027 0.0358 0.1600 
   NS_SS1380  7 0.0445 0.2937 0.0137 0.0186 0.0109 0.0048 0.6138 
   NS_SS1329  7 0.3260 0.0319 0.0559 0.0049 0.2523 0.2922 0.0369 
   NS_SS1362  7 0.0145 0.0533 0.8801 0.0046 0.0157 0.0247 0.0070 
   NS_SS1327  7 0.0080 0.0042 0.0145 0.0063 0.0180 0.9431 0.0059 
   NS_SS1350  7 0.0216 0.1842 0.0127 0.0131 0.7279 0.0214 0.0191 
   NS_SS1387  7 0.1499 0.0135 0.7354 0.0037 0.0106 0.0114 0.0755 
   NS_SS1369  7 0.0203 0.0555 0.0219 0.0041 0.4314 0.3817 0.0851 
   NS_SS1331  7 0.1179 0.0278 0.0181 0.0147 0.7043 0.0978 0.0193 
   NS_SS1357  7 0.6986 0.0239 0.0149 0.0061 0.1733 0.0710 0.0122 
   NS_SS1386  7 0.0108 0.0190 0.0108 0.0064 0.0090 0.9361 0.0079 
   NS_SS1353  7 0.8921 0.0181 0.0140 0.0034 0.0432 0.0210 0.0082 
   NS_SS1323  7 0.8357 0.0235 0.0217 0.0659 0.0130 0.0149 0.0254 
   HI_SS0296  8 0.0123 0.0122 0.0362 0.0018 0.9080 0.0180 0.0115 
   HI_SS0297  8 0.1248 0.0246 0.2362 0.0014 0.0229 0.5812 0.0089 
   HI_SS0299  8 0.0281 0.3243 0.1489 0.0438 0.1008 0.0971 0.2571 
   HI_SS0300  8 0.0212 0.3657 0.2960 0.0016 0.1207 0.1686 0.0262 
   HI_SS0301  8 0.0138 0.0110 0.9191 0.0036 0.0086 0.0298 0.0141 
   HI_SS0302  8 0.0869 0.0338 0.0695 0.0301 0.0460 0.6948 0.0390 
   HI_SS0303  8 0.0549 0.1124 0.0132 0.0122 0.0314 0.7550 0.0209 
   HI_SS0304  8 0.0428 0.0141 0.0456 0.0036 0.5731 0.0288 0.2921 
   HI_SS0306  8 0.0121 0.0061 0.0079 0.0049 0.0335 0.9258 0.0096 
   HI_SS0307  8 0.1577 0.0354 0.4772 0.0109 0.2478 0.0071 0.0640 
   HI_SS0308  8 0.0126 0.0936 0.7767 0.0722 0.0127 0.0204 0.0119 
   HI_SS0309  8 0.0113 0.8175 0.0102 0.0040 0.0146 0.0073 0.1351 
   HI_SS0310  8 0.6098 0.1062 0.0541 0.0111 0.0539 0.1361 0.0287 
   HI_SS0311  8 0.2177 0.1438 0.2642 0.0028 0.0583 0.2355 0.0775 
   HI_SS0314  8 0.6895 0.0580 0.0798 0.0024 0.0290 0.1234 0.0179 
   HI_SS0316  8 0.9191 0.0175 0.0183 0.0049 0.0128 0.0153 0.0122 
   HI_SS0317  8 0.0310 0.0882 0.6323 0.0036 0.2103 0.0251 0.0095 
   HI_SS0318  8 0.0115 0.0111 0.1190 0.2110 0.0139 0.5844 0.0492 
   HI_SS0319  8 0.0159 0.0161 0.0178 0.0068 0.0154 0.9219 0.0062 
   HI_SS0320  8 0.9307 0.0058 0.0322 0.0013 0.0123 0.0054 0.0124 
   HI_SS0321  8 0.0144 0.0196 0.8638 0.0025 0.0656 0.0238 0.0103 
   HI_SS0323  8 0.0215 0.0086 0.8692 0.0020 0.0293 0.0412 0.0281 
   HI_SS0325  8 0.0535 0.0150 0.0481 0.0029 0.2993 0.3537 0.2276 
   HI_SS0327  8 0.0106 0.0422 0.1844 0.0024 0.1518 0.5984 0.0102 
   HI_SS0329  8 0.4923 0.0718 0.0372 0.0016 0.0271 0.0875 0.2825 
   HI_SS0333  8 0.8746 0.0135 0.0545 0.0041 0.0165 0.0146 0.0223 
   HI_SS0334  8 0.0600 0.6293 0.2510 0.0022 0.0129 0.0367 0.0078 
   HI_SS0335  8 0.0107 0.9153 0.0260 0.0175 0.0129 0.0098 0.0078 
   HI_SS0339  8 0.3435 0.0506 0.4319 0.0122 0.0190 0.0154 0.1275 
   HI_SS0343  8 0.4419 0.4158 0.0210 0.0028 0.0474 0.0279 0.0431 
   HI_SS0344  8 0.0133 0.0086 0.0102 0.0054 0.0444 0.9002 0.0178 
   HI_SS0345  8 0.0299 0.7301 0.0367 0.0116 0.0566 0.0656 0.0694 
   HI_SS0346  8 0.0485 0.0138 0.6472 0.0055 0.2134 0.0588 0.0128 
   HI_SS0350  8 0.0086 0.8893 0.0177 0.0090 0.0158 0.0048 0.0548 
   HI_SS0351  8 0.0353 0.6381 0.2169 0.0042 0.0359 0.0545 0.0152 
   HI_SS0352  8 0.1248 0.6528 0.0151 0.1373 0.0082 0.0344 0.0275 
   HI_SS0362  8 0.0369 0.0079 0.6478 0.0028 0.1447 0.1231 0.0368 
   HI_SS0363  8 0.0069 0.0171 0.0153 0.0043 0.8328 0.1134 0.0102 
   HI_SS0365  8 0.0218 0.6969 0.0155 0.0080 0.0286 0.0873 0.1420 
   HI_SS0366  8 0.0090 0.0217 0.0134 0.0027 0.8354 0.0927 0.0251 
   HI_SS0367  8 0.1652 0.1702 0.0405 0.0033 0.0303 0.0075 0.5831 
   HI_SS0369  8 0.4369 0.0216 0.4794 0.0029 0.0178 0.0062 0.0352 
   HI_SS0370  8 0.3586 0.2442 0.0621 0.0044 0.1669 0.0693 0.0945 
   HI_SS0371  8 0.0446 0.0127 0.0358 0.0084 0.1013 0.7504 0.0467 
   HI_SS0373  8 0.1519 0.0435 0.1827 0.0190 0.1841 0.2258 0.1930 
   HI_SS0374  8 0.9036 0.0208 0.0226 0.0312 0.0060 0.0061 0.0096 
   HI_SS0377  8 0.1305 0.6248 0.0179 0.1009 0.0206 0.0919 0.0134 
   HI_SS0379  8 0.0067 0.0063 0.0088 0.0013 0.0156 0.9556 0.0057 
   HI_SS0380  8 0.0213 0.1559 0.0436 0.0078 0.1453 0.0104 0.6156 
   HI_SS0381  8 0.0831 0.0955 0.5642 0.0060 0.0243 0.0093 0.2176 
   HI_SS0384  8 0.0462 0.0081 0.0629 0.0125 0.7735 0.0804 0.0164 
   HI_SS0385  8 0.0296 0.0116 0.1303 0.0015 0.1661 0.4960 0.1649 
   HI_SS0386  9 0.0028 0.0022 0.0016 0.9852 0.0023 0.0024 0.0035 
   HI_SS0387  9 0.0189 0.0079 0.0149 0.9142 0.0147 0.0133 0.0161 
   HI_SS0389  9 0.0057 0.0057 0.0043 0.9688 0.0040 0.0044 0.0072 
   HI_SS0390  9 0.0022 0.0020 0.0041 0.9839 0.0025 0.0035 0.0019 
   HI_SS0391  9 0.0037 0.0052 0.0044 0.9764 0.0038 0.0030 0.0034 
   HI_SS0392  9 0.0025 0.0020 0.0016 0.9842 0.0039 0.0030 0.0028 
   HI_SS0393  9 0.0020 0.0027 0.0024 0.9842 0.0029 0.0036 0.0021 
   HI_SS0394  9 0.0023 0.0015 0.0025 0.9880 0.0023 0.0018 0.0016 
   HI_SS0395  9 0.0078 0.0049 0.0055 0.9669 0.0065 0.0028 0.0057 
   HI_SS0396  9 0.0088 0.0113 0.0171 0.9236 0.0075 0.0085 0.0231 
   HI_SS0398  9 0.0091 0.0091 0.0098 0.9529 0.0054 0.0069 0.0069 
   HI_SS0399  9 0.0015 0.0011 0.0017 0.9898 0.0022 0.0019 0.0018 
   HI_SS0400  9 0.0029 0.0025 0.0032 0.9814 0.0034 0.0029 0.0037 
   HI_SS0401  9 0.0024 0.0018 0.0028 0.9866 0.0019 0.0024 0.0020 
   HI_SS0402  9 0.0016 0.0013 0.0022 0.9888 0.0018 0.0026 0.0017 
   HI_SS0403  9 0.0027 0.0030 0.0031 0.9858 0.0014 0.0020 0.0020 
   HI_SS0404  9 0.0022 0.0017 0.0023 0.9866 0.0026 0.0020 0.0027 
   HI_SS0405  9 0.0214 0.0267 0.0134 0.9050 0.0068 0.0152 0.0115 
   HI_SS0406  9 0.0025 0.0038 0.0026 0.9830 0.0025 0.0026 0.0029 
   HI_SS0407  9 0.0085 0.0117 0.0093 0.9404 0.0109 0.0087 0.0106 
   HI_SS0408  9 0.0022 0.0018 0.0016 0.9893 0.0020 0.0017 0.0014 
   HI_SS0409  9 0.0047 0.0039 0.0045 0.9745 0.0038 0.0038 0.0048 
   HI_SS0411  9 0.0023 0.0048 0.0038 0.9745 0.0063 0.0037 0.0046 
   HI_SS0412  9 0.0424 0.0400 0.0567 0.7896 0.0503 0.0133 0.0077 
   HI_SS0413  9 0.0049 0.0042 0.0037 0.9771 0.0037 0.0028 0.0036 
   HI_SS0414  9 0.0189 0.0097 0.0162 0.9074 0.0168 0.0114 0.0196 
   HI_SS0415  9 0.0039 0.0030 0.0029 0.9814 0.0023 0.0043 0.0022 
   HI_SS0416  9 0.0036 0.0037 0.0074 0.9671 0.0054 0.0054 0.0073 
   HI_SS0418  9 0.0059 0.0052 0.0062 0.9627 0.0065 0.0076 0.0058 
   HI_SS0419  9 0.0045 0.0025 0.0051 0.9723 0.0062 0.0042 0.0051 
   HI_SS0420  9 0.0031 0.0025 0.0040 0.9775 0.0039 0.0042 0.0047 
   HI_SS0421  9 0.0046 0.0085 0.0092 0.9617 0.0047 0.0051 0.0062 
   HI_SS0422  9 0.0038 0.0019 0.0026 0.9867 0.0016 0.0018 0.0016 
   HI_SS0423  9 0.0055 0.0067 0.0046 0.9614 0.0095 0.0054 0.0069 
   HI_SS0424  9 0.0029 0.0033 0.0027 0.9838 0.0023 0.0018 0.0032 
   HI_SS0425  9 0.0051 0.0044 0.0043 0.9731 0.0050 0.0034 0.0046 
   NS_SS1146 10 0.0033 0.0032 0.0029 0.9816 0.0032 0.0029 0.0028 
   NS_SS1157 10 0.0107 0.0097 0.0079 0.9501 0.0060 0.0076 0.0080 
   NS_SS1144 10 0.0140 0.0192 0.0128 0.8985 0.0248 0.0108 0.0201 
   NS_SS1074 10 0.0046 0.0066 0.0038 0.9690 0.0062 0.0053 0.0045 
   NS_SS1122 10 0.0059 0.0074 0.0045 0.9610 0.0068 0.0053 0.0092 
   NS_SS1136 10 0.0018 0.0022 0.0017 0.9896 0.0019 0.0014 0.0014 
   NS_SS1077 10 0.0011 0.0014 0.0010 0.9932 0.0012 0.0011 0.0010 
   NS_SS1134 10 0.0103 0.0074 0.0133 0.9317 0.0128 0.0109 0.0135 
   NS_SS1091 10 0.0051 0.0027 0.0022 0.9810 0.0031 0.0022 0.0038 
   NS_SS1089 10 0.0042 0.0046 0.0041 0.9744 0.0048 0.0037 0.0042 
   NS_SS1123 10 0.0024 0.0020 0.0040 0.9834 0.0029 0.0021 0.0032 
   NS_SS1158 10 0.0018 0.0015 0.0017 0.9900 0.0012 0.0011 0.0026 
   NS_SS1093 10 0.0032 0.0022 0.0037 0.9804 0.0038 0.0040 0.0027 
