

----------------------------------------------------
STRUCTURE by Pritchard, Stephens and Donnelly (2000)
     and Falush, Stephens and Pritchard (2003)
       Code by Pritchard, Falush and Hubisz
             Version 2.3.4 (Jul 2012)
----------------------------------------------------



Command line arguments:   /home/genobiwan/Documents/Programs/Structure/structure -m parameter_job_k4_r1 
Input File:    /media/genobiwan/Storage/Projets/Mackerel_NWA_2021/data_job_k4_r1

Run parameters:
   629 individuals
   4140 loci
   4 populations assumed
   10000 Burn-in period
   100000 Reps


--------------------------------------------
Proportion of membership of each pre-defined
 population in each of the 4 clusters

Given    Inferred Clusters              Number of
 Pop       1      2      3      4      Individuals

  1:     0.324  0.293  0.371  0.013       67
  2:     0.356  0.226  0.407  0.010       32
  3:     0.352  0.296  0.337  0.015       92
  4:     0.254  0.419  0.310  0.016       36
  5:     0.391  0.364  0.225  0.020       41
  6:     0.295  0.372  0.319  0.014      158
  7:     0.307  0.324  0.358  0.011       79
  8:     0.277  0.367  0.341  0.014       52
  9:     0.006  0.005  0.006  0.982       36
 10:     0.004  0.004  0.004  0.988       36
--------------------------------------------

Allele-freq. divergence among pops (Net nucleotide distance),
computed using point estimates of P.

      1       2       3       4      
 1      -    0.0002  0.0002  0.0048  
 2   0.0002     -    0.0003  0.0050  
 3   0.0002  0.0003     -    0.0048  
 4   0.0048  0.0050  0.0048     -    

Average distances (expected heterozygosity) between individuals in same cluster:
cluster  1  : 0.3184 
cluster  2  : 0.3183 
cluster  3  : 0.3186 
cluster  4  : 0.3056 

--------------------------------------------
Estimated Ln Prob of Data   = -2479055.1
Mean value of ln likelihood = -2466489.5
Variance of ln likelihood   = 25131.1
Mean value of alpha         = 0.0446

Mean value of Fst_1         = 0.0021
Mean value of Fst_2         = 0.0026
Mean value of Fst_3         = 0.0021
Mean value of Fst_4         = 0.0380


Inferred ancestry of individuals:
        Label (%Miss) Pop:  Inferred clusters
  1 NS_SS0963    (4)    1 :  0.548 0.118 0.328 0.006 
  2 NS_SS0983    (1)    1 :  0.017 0.962 0.016 0.004 
  3 NS_SS0719    (9)    1 :  0.012 0.094 0.889 0.005 
  4 NS_SS1001    (8)    1 :  0.587 0.062 0.345 0.006 
  5 NS_SS0936    (4)    1 :  0.698 0.048 0.251 0.003 
  6 NS_SS0955    (6)    1 :  0.091 0.883 0.023 0.003 
  7 NS_SS0944    (3)    1 :  0.696 0.279 0.023 0.002 
  8 NS_SS0945    (3)    1 :  0.563 0.315 0.111 0.011 
  9 NS_SS0922    (2)    1 :  0.040 0.007 0.928 0.025 
 10 NS_SS0929    (7)    1 :  0.232 0.483 0.281 0.003 
 11 NS_SS0956    (1)    1 :  0.016 0.010 0.970 0.004 
 12 NS_SS0906    (3)    1 :  0.748 0.185 0.064 0.003 
 13 NS_SS0721    (6)    1 :  0.018 0.078 0.897 0.006 
 14 NS_SS0982    (4)    1 :  0.721 0.041 0.218 0.020 
 15 NS_SS0923    (6)    1 :  0.073 0.033 0.889 0.005 
 16 NS_SS0905    (6)    1 :  0.069 0.184 0.744 0.002 
 17 NS_SS0925    (3)    1 :  0.855 0.058 0.083 0.005 
 18 NS_SS0947    (6)    1 :  0.925 0.021 0.049 0.004 
 19 NS_SS0926    (2)    1 :  0.018 0.928 0.052 0.001 
 20 NS_SS0918    (6)    1 :  0.401 0.085 0.511 0.003 
 21 NS_SS0966    (4)    1 :  0.854 0.045 0.055 0.047 
 22 NS_SS0938    (2)    1 :  0.588 0.030 0.380 0.001 
 23 NS_SS0917    (2)    1 :  0.034 0.396 0.527 0.043 
 24 NS_SS0957   (11)    1 :  0.103 0.026 0.862 0.008 
 25 NS_SS0987    (1)    1 :  0.010 0.011 0.756 0.223 
 26 NS_SS0717    (4)    1 :  0.779 0.012 0.206 0.004 
 27 NS_SS0986    (2)    1 :  0.888 0.022 0.086 0.004 
 28 NS_SS0953    (3)    1 :  0.955 0.016 0.013 0.015 
 29 NS_SS0907    (3)    1 :  0.792 0.142 0.025 0.041 
 30 NS_SS0974    (6)    1 :  0.104 0.843 0.047 0.005 
 31 NS_SS0989    (1)    1 :  0.032 0.936 0.030 0.001 
 32 NS_SS0991    (3)    1 :  0.119 0.860 0.019 0.002 
 33 NS_SS0994    (2)    1 :  0.008 0.981 0.009 0.003 
 34 NS_SS0931    (6)    1 :  0.048 0.198 0.744 0.009 
 35 NS_SS1000    (5)    1 :  0.879 0.019 0.098 0.004 
 36 NS_SS0919    (1)    1 :  0.134 0.465 0.397 0.004 
 37 NS_SS0949    (4)    1 :  0.013 0.965 0.020 0.002 
 38 NS_SS0960   (10)    1 :  0.031 0.635 0.327 0.007 
 39 NS_SS0716    (2)    1 :  0.051 0.006 0.937 0.006 
 40 NS_SS0924    (8)    1 :  0.144 0.462 0.375 0.019 
 41 NS_SS0935    (2)    1 :  0.011 0.919 0.057 0.012 
 42 NS_SS0952   (14)    1 :  0.092 0.847 0.018 0.042 
 43 NS_SS0962   (11)    1 :  0.147 0.008 0.837 0.008 
 44 NS_SS0973    (5)    1 :  0.307 0.650 0.039 0.004 
 45 NS_SS0722    (1)    1 :  0.930 0.010 0.058 0.003 
 46 NS_SS0979   (13)    1 :  0.694 0.066 0.237 0.003 
 47 NS_SS0993    (2)    1 :  0.700 0.032 0.249 0.019 
 48 NS_SS0958    (1)    1 :  0.173 0.742 0.082 0.003 
 49 NS_SS0988    (4)    1 :  0.528 0.026 0.440 0.006 
 50 NS_SS1003    (2)    1 :  0.063 0.008 0.920 0.009 
 51 NS_SS0976    (1)    1 :  0.338 0.624 0.036 0.002 
 52 NS_SS0964   (10)    1 :  0.246 0.022 0.730 0.003 
 53 NS_SS0939    (4)    1 :  0.012 0.006 0.977 0.005 
 54 NS_SS0990    (6)    1 :  0.131 0.084 0.780 0.004 
 55 NS_SS0984    (2)    1 :  0.013 0.005 0.979 0.003 
 56 NS_SS0980   (10)    1 :  0.339 0.326 0.333 0.002 
 57 NS_SS0978    (4)    1 :  0.120 0.383 0.494 0.004 
 58 NS_SS0951   (18)    1 :  0.352 0.558 0.087 0.003 
 59 NS_SS0913    (3)    1 :  0.498 0.121 0.330 0.052 
 60 NS_SS1002    (1)    1 :  0.930 0.009 0.023 0.038 
 61 NS_SS0948    (1)    1 :  0.693 0.055 0.200 0.051 
 62 NS_SS0916    (4)    1 :  0.030 0.262 0.702 0.006 
 63 NS_SS0995    (1)    1 :  0.065 0.019 0.913 0.003 
 64 NS_SS0927    (6)    1 :  0.089 0.686 0.217 0.007 
 65 NS_SS0992    (5)    1 :  0.206 0.735 0.055 0.004 
 66 NS_SS0912    (1)    1 :  0.037 0.418 0.541 0.004 
 67 NS_SS0981    (1)    1 :  0.048 0.030 0.918 0.004 
 68 NS_SS0729    (5)    2 :  0.014 0.979 0.004 0.003 
 69 NS_SS0967   (15)    2 :  0.556 0.049 0.382 0.013 
 70 NS_SS0941    (8)    2 :  0.122 0.288 0.492 0.099 
 71 NS_SS0768   (12)    2 :  0.963 0.013 0.020 0.004 
 72 NS_SS0726    (5)    2 :  0.025 0.946 0.021 0.008 
 73 NS_SS0763    (4)    2 :  0.031 0.956 0.011 0.002 
 74 NS_SS0730    (6)    2 :  0.019 0.006 0.972 0.003 
 75 NS_SS0774    (2)    2 :  0.241 0.011 0.746 0.001 
 76 NS_SS0723    (3)    2 :  0.201 0.014 0.783 0.002 
 77 NS_SS0940   (10)    2 :  0.031 0.319 0.644 0.007 
 78 NS_SS0762    (1)    2 :  0.470 0.017 0.510 0.003 
 79 NS_SS0766   (11)    2 :  0.023 0.132 0.833 0.012 
 80 NS_SS0724    (1)    2 :  0.964 0.015 0.017 0.004 
 81 NS_SS0769    (3)    2 :  0.543 0.118 0.334 0.004 
 82 NS_SS0777    (1)    2 :  0.126 0.291 0.563 0.020 
 83 NS_SS0734    (6)    2 :  0.040 0.191 0.744 0.025 
 84 NS_SS0737    (3)    2 :  0.737 0.008 0.250 0.005 
 85 NS_SS0732    (5)    2 :  0.015 0.027 0.952 0.005 
 86 NS_SS0728    (5)    2 :  0.664 0.142 0.182 0.012 
 87 NS_SS0735    (9)    2 :  0.835 0.081 0.074 0.010 
 88 NS_SS0725    (1)    2 :  0.881 0.038 0.073 0.009 
 89 NS_SS0788    (2)    2 :  0.201 0.032 0.765 0.002 
 90 NS_SS0778    (2)    2 :  0.025 0.047 0.926 0.002 
 91 NS_SS0792    (6)    2 :  0.639 0.146 0.209 0.007 
 92 NS_SS0943   (11)    2 :  0.154 0.827 0.010 0.008 
 93 NS_SS0791    (2)    2 :  0.011 0.117 0.854 0.018 
 94 NS_SS0790    (5)    2 :  0.976 0.005 0.015 0.004 
 95 NS_SS0731    (6)    2 :  0.937 0.009 0.043 0.011 
 96 NS_SS0727    (7)    2 :  0.030 0.952 0.015 0.002 
 97 NS_SS0779   (13)    2 :  0.126 0.110 0.756 0.007 
 98 NS_SS0776    (3)    2 :  0.601 0.338 0.052 0.009 
 99 NS_SS0775    (5)    2 :  0.206 0.012 0.772 0.009 
100 NS_SS0965    (3)    3 :  0.069 0.037 0.892 0.002 
101 NS_SS0754   (14)    3 :  0.028 0.918 0.040 0.014 
102 NS_SS0838    (5)    3 :  0.550 0.250 0.150 0.050 
103 NS_SS0839    (3)    3 :  0.787 0.011 0.198 0.004 
104 NS_SS0832    (4)    3 :  0.681 0.008 0.264 0.047 
105 NS_SS0820    (5)    3 :  0.889 0.005 0.099 0.006 
106 NS_SS0886    (9)    3 :  0.055 0.445 0.498 0.002 
107 NS_SS0748    (5)    3 :  0.594 0.182 0.215 0.009 
108 NS_SS0884    (9)    3 :  0.632 0.202 0.138 0.027 
109 NS_SS0752    (4)    3 :  0.205 0.514 0.278 0.002 
110 NS_SS0862    (1)    3 :  0.167 0.040 0.788 0.005 
111 NS_SS0787    (9)    3 :  0.010 0.965 0.017 0.008 
112 NS_SS0843    (6)    3 :  0.461 0.351 0.187 0.002 
113 NS_SS0856    (4)    3 :  0.819 0.054 0.124 0.004 
114 NS_SS0846    (2)    3 :  0.700 0.276 0.020 0.004 
115 NS_SS0825    (1)    3 :  0.242 0.021 0.726 0.010 
116 NS_SS0757    (3)    3 :  0.049 0.877 0.070 0.004 
117 NS_SS0876    (3)    3 :  0.533 0.017 0.227 0.223 
118 NS_SS0903   (10)    3 :  0.915 0.024 0.058 0.003 
119 NS_SS0875    (7)    3 :  0.013 0.008 0.975 0.003 
120 NS_SS0740    (5)    3 :  0.198 0.772 0.026 0.003 
121 NS_SS0811    (5)    3 :  0.123 0.053 0.811 0.013 
122 NS_SS0751    (1)    3 :  0.023 0.030 0.945 0.003 
123 NS_SS0891    (6)    3 :  0.808 0.024 0.160 0.007 
124 NS_SS0867    (2)    3 :  0.252 0.646 0.068 0.035 
125 NS_SS0890    (6)    3 :  0.118 0.419 0.459 0.004 
126 NS_SS0866   (12)    3 :  0.014 0.955 0.026 0.006 
127 NS_SS0755    (4)    3 :  0.767 0.120 0.106 0.007 
128 NS_SS0758    (4)    3 :  0.713 0.216 0.069 0.003 
129 NS_SS0840    (2)    3 :  0.433 0.010 0.554 0.003 
130 NS_SS0889    (4)    3 :  0.045 0.899 0.053 0.003 
131 NS_SS1010    (1)    3 :  0.234 0.293 0.410 0.063 
132 NS_SS0888    (5)    3 :  0.007 0.979 0.013 0.002 
133 NS_SS0837    (3)    3 :  0.496 0.095 0.406 0.003 
134 NS_SS0794   (10)    3 :  0.076 0.909 0.014 0.002 
135 NS_SS0823    (5)    3 :  0.946 0.041 0.009 0.004 
136 NS_SS0829    (7)    3 :  0.010 0.887 0.008 0.095 
137 NS_SS0844    (5)    3 :  0.985 0.005 0.008 0.002 
138 NS_SS1008    (6)    3 :  0.028 0.904 0.056 0.012 
139 NS_SS0881    (3)    3 :  0.012 0.058 0.927 0.003 
140 NS_SS0834    (6)    3 :  0.970 0.010 0.015 0.006 
141 NS_SS0744   (10)    3 :  0.230 0.361 0.402 0.007 
142 NS_SS0899    (7)    3 :  0.686 0.007 0.305 0.001 
143 NS_SS0804    (5)    3 :  0.642 0.012 0.342 0.004 
144 NS_SS0781   (10)    3 :  0.914 0.006 0.076 0.003 
145 NS_SS0822    (6)    3 :  0.319 0.666 0.013 0.002 
146 NS_SS1004    (4)    3 :  0.704 0.054 0.236 0.005 
147 NS_SS0746    (5)    3 :  0.816 0.154 0.016 0.014 
148 NS_SS0880    (3)    3 :  0.181 0.095 0.722 0.002 
149 NS_SS0879    (5)    3 :  0.822 0.068 0.096 0.014 
150 NS_SS0753    (2)    3 :  0.011 0.968 0.011 0.010 
151 NS_SS1007    (3)    3 :  0.012 0.066 0.920 0.002 
152 NS_SS0872    (5)    3 :  0.910 0.012 0.076 0.003 
153 NS_SS1005    (7)    3 :  0.971 0.007 0.020 0.001 
154 NS_SS0892    (6)    3 :  0.048 0.115 0.835 0.002 
155 NS_SS0898    (0)    3 :  0.010 0.066 0.918 0.005 
156 NS_SS0801    (9)    3 :  0.824 0.040 0.126 0.010 
157 NS_SS0827    (9)    3 :  0.008 0.020 0.864 0.108 
158 NS_SS0853    (7)    3 :  0.196 0.174 0.622 0.007 
159 NS_SS0780    (2)    3 :  0.082 0.026 0.887 0.004 
160 NS_SS0826   (10)    3 :  0.914 0.066 0.017 0.004 
161 NS_SS0818    (5)    3 :  0.201 0.018 0.779 0.002 
162 NS_SS0745    (1)    3 :  0.010 0.005 0.984 0.001 
163 NS_SS0849    (3)    3 :  0.014 0.028 0.957 0.002 
164 NS_SS0739    (3)    3 :  0.010 0.011 0.967 0.013 
165 NS_SS0799    (1)    3 :  0.017 0.948 0.033 0.001 
166 NS_SS0756    (3)    3 :  0.689 0.007 0.300 0.004 
167 NS_SS0802    (2)    3 :  0.080 0.243 0.460 0.217 
168 NS_SS0747    (6)    3 :  0.445 0.471 0.076 0.008 
169 NS_SS0835    (1)    3 :  0.047 0.922 0.030 0.001 
170 NS_SS0742   (19)    3 :  0.598 0.046 0.354 0.001 
171 NS_SS0760    (9)    3 :  0.107 0.817 0.026 0.049 
172 NS_SS0803    (4)    3 :  0.976 0.007 0.010 0.007 
173 NS_SS0828   (14)    3 :  0.020 0.269 0.709 0.001 
174 NS_SS0865    (2)    3 :  0.052 0.123 0.794 0.032 
175 NS_SS0759    (5)    3 :  0.046 0.010 0.939 0.005 
176 NS_SS0851    (5)    3 :  0.021 0.005 0.959 0.014 
177 NS_SS0874   (16)    3 :  0.971 0.014 0.014 0.001 
178 NS_SS0761    (6)    3 :  0.024 0.941 0.032 0.003 
179 NS_SS0842   (26)    3 :  0.491 0.165 0.336 0.007 
180 NS_SS0785    (6)    3 :  0.358 0.560 0.075 0.008 
181 NS_SS0860   (11)    3 :  0.030 0.945 0.022 0.003 
182 NS_SS0897    (7)    3 :  0.009 0.979 0.010 0.002 
183 NS_SS0841   (15)    3 :  0.058 0.017 0.921 0.004 
184 NS_SS0797    (7)    3 :  0.029 0.210 0.739 0.022 
185 NS_SS0830   (11)    3 :  0.092 0.331 0.574 0.003 
186 NS_SS1011    (5)    3 :  0.854 0.016 0.123 0.007 
187 NS_SS0883    (5)    3 :  0.012 0.252 0.730 0.006 
188 NS_SS0782    (2)    3 :  0.755 0.094 0.148 0.003 
189 NS_SS0831    (5)    3 :  0.020 0.944 0.032 0.004 
190 NS_SS0749    (7)    3 :  0.025 0.731 0.240 0.004 
191 NS_SS0854    (2)    3 :  0.324 0.624 0.049 0.004 
192 HI_SS0193    (0)    4 :  0.018 0.950 0.031 0.002 
193 HI_SS0194    (1)    4 :  0.962 0.014 0.022 0.002 
194 HI_SS0195   (10)    4 :  0.179 0.005 0.723 0.092 
195 HI_SS0196    (6)    4 :  0.539 0.426 0.032 0.003 
196 HI_SS0197    (3)    4 :  0.158 0.009 0.816 0.016 
197 HI_SS0198    (1)    4 :  0.034 0.169 0.785 0.012 
198 HI_SS0199    (1)    4 :  0.018 0.952 0.028 0.002 
199 HI_SS0201    (5)    4 :  0.071 0.899 0.028 0.003 
200 HI_SS0215    (1)    4 :  0.160 0.803 0.033 0.004 
201 HI_SS0218    (1)    4 :  0.005 0.976 0.013 0.006 
202 HI_SS0222    (0)    4 :  0.054 0.050 0.892 0.005 
203 HI_SS0230    (1)    4 :  0.465 0.016 0.514 0.005 
204 HI_SS0234    (2)    4 :  0.775 0.040 0.045 0.140 
205 HI_SS0240    (1)    4 :  0.026 0.080 0.887 0.008 
206 HI_SS0241    (0)    4 :  0.080 0.834 0.083 0.002 
207 HI_SS0242    (0)    4 :  0.252 0.235 0.511 0.003 
208 HI_SS0247    (0)    4 :  0.951 0.010 0.016 0.022 
209 HI_SS0248    (1)    4 :  0.018 0.966 0.016 0.001 
210 HI_SS0252    (2)    4 :  0.916 0.053 0.028 0.002 
211 HI_SS0254    (0)    4 :  0.045 0.735 0.124 0.097 
212 HI_SS0256    (0)    4 :  0.976 0.005 0.017 0.002 
213 HI_SS0257    (0)    4 :  0.066 0.925 0.006 0.003 
214 HI_SS0258    (1)    4 :  0.014 0.962 0.019 0.005 
215 HI_SS0259    (1)    4 :  0.511 0.027 0.458 0.004 
216 HI_SS0260    (1)    4 :  0.021 0.937 0.040 0.002 
217 HI_SS0261    (2)    4 :  0.065 0.824 0.108 0.003 
218 HI_SS0262    (0)    4 :  0.112 0.032 0.848 0.007 
219 HI_SS0264    (0)    4 :  0.809 0.013 0.173 0.004 
220 HI_SS0265    (0)    4 :  0.214 0.015 0.668 0.102 
221 HI_SS0268    (1)    4 :  0.034 0.020 0.943 0.003 
222 HI_SS0269    (0)    4 :  0.040 0.947 0.010 0.002 
223 HI_SS0273    (0)    4 :  0.011 0.914 0.073 0.002 
224 HI_SS0277    (1)    4 :  0.140 0.027 0.830 0.003 
225 HI_SS0280    (0)    4 :  0.021 0.079 0.895 0.005 
226 HI_SS0282    (1)    4 :  0.036 0.942 0.020 0.001 
227 HI_SS0286    (1)    4 :  0.362 0.195 0.435 0.009 
228 NS_SS1252    (3)    5 :  0.009 0.978 0.010 0.003 
229 NS_SS1261    (1)    5 :  0.553 0.276 0.148 0.023 
230 NS_SS1225   (10)    5 :  0.299 0.593 0.015 0.093 
231 NS_SS1266    (1)    5 :  0.978 0.006 0.009 0.007 
232 NS_SS1228    (0)    5 :  0.011 0.007 0.969 0.013 
233 NS_SS1255    (3)    5 :  0.427 0.359 0.212 0.002 
234 NS_SS1267    (3)    5 :  0.008 0.969 0.011 0.012 
235 NS_SS1238    (6)    5 :  0.182 0.065 0.749 0.003 
236 NS_SS1233    (8)    5 :  0.806 0.039 0.153 0.002 
237 NS_SS1277    (3)    5 :  0.011 0.544 0.444 0.001 
238 NS_SS1245    (1)    5 :  0.719 0.250 0.028 0.002 
239 NS_SS1240    (4)    5 :  0.008 0.982 0.008 0.002 
240 NS_SS1275    (2)    5 :  0.605 0.008 0.384 0.003 
241 NS_SS1235    (1)    5 :  0.972 0.016 0.008 0.004 
242 NS_SS1263    (1)    5 :  0.902 0.070 0.027 0.001 
243 NS_SS1251    (2)    5 :  0.956 0.019 0.024 0.002 
244 NS_SS1248    (0)    5 :  0.020 0.041 0.853 0.087 
245 NS_SS1244    (0)    5 :  0.503 0.255 0.237 0.005 
246 NS_SS1257    (1)    5 :  0.040 0.779 0.147 0.034 
247 NS_SS1242    (2)    5 :  0.847 0.007 0.142 0.003 
248 NS_SS1271    (6)    5 :  0.006 0.837 0.124 0.033 
249 NS_SS1265    (1)    5 :  0.221 0.703 0.049 0.027 
250 NS_SS1243    (0)    5 :  0.387 0.046 0.471 0.096 
251 NS_SS1273    (1)    5 :  0.036 0.009 0.946 0.009 
252 NS_SS1254   (14)    5 :  0.904 0.061 0.028 0.006 
253 NS_SS1224    (1)    5 :  0.827 0.024 0.141 0.008 
254 NS_SS1227    (8)    5 :  0.011 0.938 0.049 0.002 
255 NS_SS1274    (9)    5 :  0.025 0.926 0.029 0.020 
256 NS_SS1241    (1)    5 :  0.193 0.783 0.023 0.001 
257 NS_SS1256    (3)    5 :  0.919 0.032 0.014 0.035 
258 NS_SS1260    (8)    5 :  0.026 0.897 0.009 0.068 
259 NS_SS1262    (0)    5 :  0.088 0.717 0.023 0.172 
260 NS_SS1230    (0)    5 :  0.109 0.807 0.076 0.008 
261 NS_SS1270    (2)    5 :  0.959 0.013 0.026 0.002 
262 NS_SS1229    (2)    5 :  0.929 0.055 0.012 0.005 
263 NS_SS1246    (5)    5 :  0.253 0.639 0.105 0.004 
264 NS_SS1269    (0)    5 :  0.153 0.106 0.738 0.002 
265 NS_SS1239    (1)    5 :  0.017 0.073 0.904 0.006 
266 NS_SS1272    (5)    5 :  0.958 0.011 0.026 0.005 
267 NS_SS1268    (1)    5 :  0.129 0.029 0.839 0.002 
268 NS_SS1249    (1)    5 :  0.013 0.966 0.010 0.011 
269 HI_SS0559    (0)    6 :  0.112 0.835 0.051 0.002 
270 HI_SS0563    (1)    6 :  0.131 0.061 0.804 0.004 
271 HI_SS0564    (0)    6 :  0.052 0.089 0.803 0.055 
272 HI_SS0565    (0)    6 :  0.361 0.328 0.306 0.004 
273 HI_SS0569    (1)    6 :  0.028 0.813 0.156 0.003 
274 HI_SS0570    (0)    6 :  0.031 0.881 0.039 0.049 
275 HI_SS0572    (1)    6 :  0.975 0.016 0.007 0.002 
276 HI_SS0576    (1)    6 :  0.027 0.026 0.941 0.005 
277 HI_SS0579    (1)    6 :  0.816 0.154 0.018 0.012 
278 HI_SS0580    (1)    6 :  0.249 0.501 0.245 0.006 
279 HI_SS0581    (0)    6 :  0.250 0.009 0.665 0.077 
280 HI_SS0583    (1)    6 :  0.043 0.919 0.035 0.003 
281 HI_SS0586    (1)    6 :  0.007 0.970 0.021 0.001 
282 HI_SS0588    (1)    6 :  0.093 0.873 0.012 0.022 
283 HI_SS0595    (4)    6 :  0.028 0.206 0.738 0.029 
284 HI_SS0596    (0)    6 :  0.906 0.007 0.085 0.002 
285 HI_SS0597    (1)    6 :  0.978 0.009 0.011 0.002 
286 HI_SS0600    (0)    6 :  0.124 0.459 0.413 0.004 
287 HI_SS0601    (1)    6 :  0.270 0.699 0.019 0.011 
288 HI_SS0602    (1)    6 :  0.072 0.761 0.163 0.004 
289 HI_SS0604    (0)    6 :  0.934 0.046 0.018 0.002 
290 HI_SS0605    (1)    6 :  0.026 0.537 0.428 0.009 
291 HI_SS0608    (0)    6 :  0.033 0.244 0.722 0.001 
292 HI_SS0609    (0)    6 :  0.844 0.020 0.136 0.001 
293 HI_SS0611    (5)    6 :  0.015 0.963 0.019 0.003 
294 HI_SS0612    (0)    6 :  0.530 0.443 0.019 0.008 
295 HI_SS0613    (1)    6 :  0.060 0.101 0.837 0.002 
296 HI_SS0615    (1)    6 :  0.027 0.012 0.950 0.011 
297 HI_SS0001    (1)    6 :  0.365 0.551 0.080 0.004 
298 HI_SS0002    (1)    6 :  0.944 0.009 0.019 0.028 
299 HI_SS0004    (0)    6 :  0.056 0.901 0.038 0.006 
300 HI_SS0005    (1)    6 :  0.011 0.026 0.955 0.007 
301 HI_SS0006    (1)    6 :  0.137 0.846 0.015 0.002 
302 HI_SS0007    (1)    6 :  0.014 0.581 0.401 0.003 
303 HI_SS0008    (0)    6 :  0.267 0.178 0.510 0.044 
304 HI_SS0009    (0)    6 :  0.386 0.044 0.564 0.006 
305 HI_SS0010    (1)    6 :  0.020 0.475 0.502 0.003 
306 HI_SS0011    (1)    6 :  0.494 0.023 0.381 0.102 
307 HI_SS0012    (0)    6 :  0.533 0.033 0.428 0.006 
308 HI_SS0017    (1)    6 :  0.751 0.018 0.228 0.002 
309 HI_SS0021    (1)    6 :  0.081 0.172 0.507 0.240 
310 HI_SS0024    (1)    6 :  0.110 0.018 0.869 0.002 
311 HI_SS0025    (1)    6 :  0.852 0.023 0.121 0.004 
312 HI_SS0027    (0)    6 :  0.010 0.947 0.032 0.012 
313 HI_SS0028    (0)    6 :  0.011 0.007 0.980 0.001 
314 HI_SS0029    (1)    6 :  0.020 0.024 0.948 0.008 
315 HI_SS0030    (2)    6 :  0.086 0.869 0.038 0.006 
316 HI_SS0031    (0)    6 :  0.146 0.087 0.762 0.005 
317 HI_SS0034    (0)    6 :  0.102 0.871 0.021 0.006 
318 HI_SS0036    (0)    6 :  0.013 0.708 0.267 0.013 
319 HI_SS0037    (1)    6 :  0.097 0.857 0.042 0.005 
320 HI_SS0039    (0)    6 :  0.008 0.380 0.610 0.003 
321 HI_SS0041    (1)    6 :  0.349 0.019 0.630 0.002 
322 HI_SS0042    (1)    6 :  0.261 0.013 0.615 0.111 
323 HI_SS0043    (1)    6 :  0.007 0.979 0.011 0.003 
324 HI_SS0044    (1)    6 :  0.023 0.051 0.923 0.003 
325 HI_SS0047    (1)    6 :  0.924 0.036 0.038 0.003 
326 HI_SS0049    (1)    6 :  0.723 0.220 0.053 0.005 
327 HI_SS0051    (1)    6 :  0.388 0.262 0.348 0.003 
328 HI_SS0053    (1)    6 :  0.008 0.978 0.009 0.005 
329 HI_SS0054    (4)    6 :  0.016 0.966 0.015 0.004 
330 HI_SS0057    (0)    6 :  0.137 0.490 0.369 0.004 
331 HI_SS0058    (0)    6 :  0.686 0.289 0.018 0.006 
332 HI_SS0060    (0)    6 :  0.224 0.201 0.480 0.095 
333 HI_SS0087    (1)    6 :  0.763 0.169 0.066 0.003 
334 HI_SS0091    (1)    6 :  0.017 0.974 0.008 0.001 
335 HI_SS0095    (1)    6 :  0.540 0.318 0.085 0.057 
336 HI_SS0097    (3)    6 :  0.923 0.056 0.017 0.004 
337 HI_SS0099    (1)    6 :  0.079 0.014 0.903 0.004 
338 HI_SS0103    (0)    6 :  0.853 0.056 0.088 0.003 
339 HI_SS0105    (1)    6 :  0.692 0.070 0.203 0.035 
340 HI_SS0107    (1)    6 :  0.981 0.010 0.008 0.001 
341 HI_SS0108    (1)    6 :  0.006 0.965 0.008 0.020 
342 HI_SS0110    (0)    6 :  0.072 0.646 0.280 0.001 
343 HI_SS0111    (1)    6 :  0.035 0.022 0.915 0.028 
344 HI_SS0112    (0)    6 :  0.005 0.968 0.026 0.001 
345 HI_SS0113    (1)    6 :  0.976 0.008 0.014 0.003 
346 HI_SS0114    (1)    6 :  0.017 0.915 0.062 0.006 
347 HI_SS0115    (1)    6 :  0.181 0.735 0.065 0.019 
348 HI_SS0116    (4)    6 :  0.065 0.889 0.042 0.004 
349 HI_SS0117    (0)    6 :  0.824 0.147 0.027 0.002 
350 HI_SS0118    (0)    6 :  0.268 0.626 0.094 0.012 
351 HI_SS0119    (1)    6 :  0.019 0.958 0.021 0.002 
352 HI_SS0120    (1)    6 :  0.973 0.008 0.015 0.004 
353 HI_SS0121    (0)    6 :  0.022 0.022 0.954 0.002 
354 HI_SS0122    (2)    6 :  0.218 0.075 0.682 0.025 
355 HI_SS0123    (0)    6 :  0.227 0.220 0.547 0.006 
356 HI_SS0124    (1)    6 :  0.093 0.012 0.892 0.003 
357 HI_SS0125    (1)    6 :  0.009 0.005 0.956 0.031 
358 HI_SS0126    (0)    6 :  0.008 0.945 0.046 0.001 
359 HI_SS0127    (0)    6 :  0.022 0.505 0.461 0.012 
360 HI_SS0128    (0)    6 :  0.736 0.152 0.108 0.003 
361 HI_SS0129    (1)    6 :  0.098 0.309 0.580 0.013 
362 HI_SS0131    (2)    6 :  0.899 0.058 0.017 0.026 
363 HI_SS0132    (0)    6 :  0.043 0.094 0.862 0.001 
364 HI_SS0133    (1)    6 :  0.004 0.979 0.015 0.002 
365 HI_SS0134    (1)    6 :  0.426 0.486 0.085 0.003 
366 HI_SS0142    (3)    6 :  0.514 0.057 0.409 0.019 
367 HI_SS0145    (0)    6 :  0.232 0.750 0.016 0.002 
368 HI_SS0146    (1)    6 :  0.014 0.579 0.406 0.001 
369 HI_SS0147    (1)    6 :  0.902 0.009 0.064 0.025 
370 HI_SS0149    (1)    6 :  0.091 0.053 0.851 0.005 
371 HI_SS0150    (2)    6 :  0.041 0.017 0.935 0.006 
372 HI_SS0151    (0)    6 :  0.115 0.785 0.084 0.015 
373 NS_SS1451    (1)    6 :  0.060 0.011 0.925 0.004 
374 NS_SS1404    (0)    6 :  0.047 0.011 0.930 0.011 
375 NS_SS1432    (2)    6 :  0.015 0.008 0.943 0.034 
376 NS_SS1405    (5)    6 :  0.312 0.070 0.615 0.004 
377 NS_SS1431   (10)    6 :  0.168 0.016 0.815 0.001 
378 NS_SS1402    (3)    6 :  0.753 0.043 0.201 0.003 
379 NS_SS1450    (3)    6 :  0.110 0.703 0.182 0.005 
380 NS_SS1396    (0)    6 :  0.272 0.049 0.670 0.008 
381 NS_SS1393    (5)    6 :  0.067 0.785 0.143 0.004 
382 NS_SS1392   (10)    6 :  0.137 0.028 0.816 0.019 
383 NS_SS1445    (0)    6 :  0.021 0.956 0.014 0.010 
384 NS_SS1423    (0)    6 :  0.096 0.886 0.017 0.002 
385 NS_SS1421    (9)    6 :  0.098 0.716 0.079 0.107 
386 NS_SS1411    (6)    6 :  0.033 0.790 0.176 0.002 
387 NS_SS1453    (6)    6 :  0.103 0.711 0.178 0.008 
388 NS_SS1442    (3)    6 :  0.840 0.054 0.103 0.004 
389 NS_SS1422    (1)    6 :  0.704 0.270 0.015 0.012 
390 NS_SS1419    (1)    6 :  0.379 0.144 0.295 0.181 
391 NS_SS1427    (0)    6 :  0.009 0.966 0.023 0.002 
392 NS_SS1444    (4)    6 :  0.600 0.013 0.382 0.005 
393 NS_SS1455    (0)    6 :  0.973 0.010 0.015 0.001 
394 NS_SS1425    (2)    6 :  0.008 0.981 0.009 0.002 
395 NS_SS1400    (0)    6 :  0.027 0.950 0.022 0.001 
396 NS_SS1406    (2)    6 :  0.937 0.011 0.043 0.009 
397 NS_SS1417    (6)    6 :  0.945 0.029 0.019 0.008 
398 NS_SS1454    (3)    6 :  0.071 0.553 0.374 0.002 
399 NS_SS1412    (1)    6 :  0.191 0.695 0.086 0.027 
400 NS_SS1438    (1)    6 :  0.087 0.897 0.014 0.002 
401 NS_SS1416    (4)    6 :  0.091 0.022 0.879 0.008 
402 NS_SS1401    (0)    6 :  0.822 0.065 0.100 0.013 
403 NS_SS1424    (6)    6 :  0.170 0.448 0.368 0.014 
404 NS_SS1435   (10)    6 :  0.021 0.055 0.921 0.003 
405 NS_SS1447    (4)    6 :  0.962 0.008 0.024 0.006 
406 NS_SS1414    (3)    6 :  0.946 0.016 0.029 0.008 
407 NS_SS1449   (14)    6 :  0.721 0.194 0.079 0.005 
408 NS_SS1443    (4)    6 :  0.008 0.980 0.010 0.002 
409 NS_SS1434    (1)    6 :  0.779 0.198 0.022 0.001 
410 NS_SS1398    (1)    6 :  0.028 0.124 0.830 0.018 
411 NS_SS1426    (1)    6 :  0.011 0.972 0.015 0.002 
412 NS_SS1413    (0)    6 :  0.028 0.950 0.012 0.010 
413 NS_SS1395    (1)    6 :  0.026 0.924 0.039 0.012 
414 NS_SS1448   (10)    6 :  0.027 0.127 0.845 0.002 
415 NS_SS1446    (0)    6 :  0.533 0.322 0.142 0.003 
416 NS_SS1403    (2)    6 :  0.200 0.156 0.638 0.007 
417 NS_SS1415    (0)    6 :  0.013 0.896 0.080 0.010 
418 NS_SS1437    (4)    6 :  0.196 0.057 0.737 0.011 
419 NS_SS1439    (2)    6 :  0.956 0.027 0.015 0.003 
420 NS_SS1441    (3)    6 :  0.076 0.894 0.028 0.002 
421 NS_SS1420    (2)    6 :  0.062 0.013 0.921 0.004 
422 NS_SS1394    (2)    6 :  0.012 0.012 0.943 0.032 
423 NS_SS1391    (7)    6 :  0.384 0.587 0.015 0.014 
424 NS_SS1410    (5)    6 :  0.790 0.095 0.100 0.014 
425 NS_SS1408    (1)    6 :  0.120 0.060 0.764 0.056 
426 NS_SS1409    (1)    6 :  0.243 0.455 0.299 0.003 
427 HI_SS0617    (1)    7 :  0.352 0.274 0.373 0.001 
428 HI_SS0618    (2)    7 :  0.059 0.031 0.908 0.002 
429 HI_SS0619    (0)    7 :  0.436 0.202 0.358 0.004 
430 HI_SS0620    (1)    7 :  0.010 0.976 0.011 0.003 
431 HI_SS0621    (3)    7 :  0.571 0.075 0.334 0.020 
432 HI_SS0622    (1)    7 :  0.297 0.551 0.139 0.013 
433 HI_SS0626    (0)    7 :  0.009 0.021 0.962 0.007 
434 HI_SS0627    (0)    7 :  0.841 0.010 0.139 0.010 
435 HI_SS0628    (3)    7 :  0.034 0.084 0.831 0.050 
436 HI_SS0629    (1)    7 :  0.147 0.172 0.675 0.007 
437 HI_SS0630    (1)    7 :  0.071 0.450 0.419 0.060 
438 HI_SS0631    (0)    7 :  0.022 0.706 0.271 0.001 
439 HI_SS0632    (0)    7 :  0.377 0.081 0.539 0.003 
440 HI_SS0633    (0)    7 :  0.875 0.023 0.098 0.004 
441 HI_SS0634    (1)    7 :  0.093 0.021 0.884 0.002 
442 HI_SS0635    (0)    7 :  0.169 0.016 0.805 0.010 
443 HI_SS0637    (1)    7 :  0.660 0.058 0.279 0.003 
444 HI_SS0638    (0)    7 :  0.026 0.118 0.855 0.001 
445 HI_SS0639    (1)    7 :  0.126 0.008 0.823 0.042 
446 HI_SS0640    (1)    7 :  0.071 0.490 0.436 0.002 
447 HI_SS0641    (1)    7 :  0.030 0.646 0.316 0.008 
448 HI_SS0642    (0)    7 :  0.045 0.031 0.922 0.003 
449 HI_SS0645    (0)    7 :  0.012 0.010 0.977 0.001 
450 HI_SS0646    (1)    7 :  0.381 0.559 0.057 0.004 
451 HI_SS0647    (1)    7 :  0.300 0.319 0.379 0.001 
452 HI_SS0648    (0)    7 :  0.239 0.117 0.641 0.003 
453 HI_SS0649    (1)    7 :  0.554 0.187 0.257 0.002 
454 HI_SS0650    (1)    7 :  0.531 0.300 0.162 0.006 
455 HI_SS0651    (1)    7 :  0.296 0.619 0.080 0.005 
456 HI_SS0652    (1)    7 :  0.042 0.020 0.934 0.004 
457 NS_SS1371    (3)    7 :  0.027 0.933 0.033 0.007 
458 NS_SS1374    (0)    7 :  0.010 0.423 0.564 0.003 
459 NS_SS1337    (3)    7 :  0.438 0.031 0.527 0.004 
460 NS_SS1385    (5)    7 :  0.856 0.122 0.017 0.005 
461 NS_SS1388    (0)    7 :  0.535 0.143 0.314 0.009 
462 NS_SS1370    (1)    7 :  0.088 0.122 0.779 0.010 
463 NS_SS1389    (3)    7 :  0.482 0.010 0.504 0.004 
464 NS_SS1360    (1)    7 :  0.021 0.934 0.040 0.005 
465 NS_SS1330    (0)    7 :  0.433 0.020 0.543 0.004 
466 NS_SS1328    (9)    7 :  0.067 0.742 0.189 0.002 
467 NS_SS1384    (1)    7 :  0.426 0.447 0.121 0.006 
468 NS_SS1381    (0)    7 :  0.972 0.008 0.019 0.001 
469 NS_SS1375    (1)    7 :  0.006 0.013 0.980 0.001 
470 NS_SS1319   (11)    7 :  0.019 0.265 0.615 0.101 
471 NS_SS1326    (2)    7 :  0.027 0.906 0.058 0.010 
472 NS_SS1341    (1)    7 :  0.838 0.140 0.018 0.004 
473 NS_SS1383    (2)    7 :  0.077 0.080 0.837 0.005 
474 NS_SS1318    (3)    7 :  0.780 0.108 0.096 0.016 
475 NS_SS1348    (2)    7 :  0.031 0.954 0.014 0.002 
476 NS_SS1363    (0)    7 :  0.232 0.048 0.714 0.005 
477 NS_SS1335    (4)    7 :  0.013 0.903 0.049 0.034 
478 NS_SS1358    (0)    7 :  0.095 0.872 0.016 0.017 
479 NS_SS1342    (1)    7 :  0.232 0.752 0.014 0.001 
480 NS_SS1320    (3)    7 :  0.942 0.006 0.046 0.006 
481 NS_SS1355    (1)    7 :  0.948 0.020 0.020 0.012 
482 NS_SS1345    (1)    7 :  0.945 0.025 0.012 0.017 
483 NS_SS1324    (0)    7 :  0.277 0.251 0.469 0.003 
484 NS_SS1347    (5)    7 :  0.095 0.811 0.089 0.005 
485 NS_SS1321    (4)    7 :  0.018 0.868 0.113 0.001 
486 NS_SS1333    (0)    7 :  0.013 0.055 0.929 0.003 
487 NS_SS1364    (1)    7 :  0.831 0.154 0.013 0.002 
488 NS_SS1379    (0)    7 :  0.560 0.323 0.059 0.058 
489 NS_SS1332    (0)    7 :  0.013 0.937 0.043 0.007 
490 NS_SS1338    (5)    7 :  0.016 0.441 0.535 0.008 
491 NS_SS1368    (6)    7 :  0.631 0.252 0.112 0.005 
492 NS_SS1354    (1)    7 :  0.961 0.011 0.019 0.010 
493 NS_SS1365    (0)    7 :  0.044 0.021 0.926 0.010 
494 NS_SS1380    (1)    7 :  0.950 0.010 0.020 0.020 
495 NS_SS1329    (8)    7 :  0.222 0.763 0.012 0.003 
496 NS_SS1362    (0)    7 :  0.673 0.254 0.068 0.005 
497 NS_SS1327    (2)    7 :  0.004 0.987 0.006 0.004 
498 NS_SS1350    (0)    7 :  0.029 0.794 0.164 0.013 
499 NS_SS1387    (2)    7 :  0.029 0.019 0.949 0.003 
500 NS_SS1369    (8)    7 :  0.043 0.876 0.076 0.005 
501 NS_SS1331    (1)    7 :  0.010 0.019 0.962 0.009 
502 NS_SS1357    (5)    7 :  0.448 0.490 0.058 0.004 
503 NS_SS1386    (1)    7 :  0.011 0.977 0.009 0.003 
504 NS_SS1353    (2)    7 :  0.641 0.077 0.277 0.004 
505 NS_SS1323    (0)    7 :  0.506 0.037 0.368 0.090 
506 HI_SS0296    (0)    8 :  0.011 0.948 0.039 0.002 
507 HI_SS0297    (0)    8 :  0.041 0.103 0.855 0.001 
508 HI_SS0299    (0)    8 :  0.735 0.187 0.041 0.036 
509 HI_SS0300    (0)    8 :  0.196 0.635 0.168 0.002 
510 HI_SS0301    (0)    8 :  0.037 0.037 0.922 0.004 
511 HI_SS0302    (0)    8 :  0.028 0.892 0.055 0.024 
512 HI_SS0303    (0)    8 :  0.015 0.969 0.010 0.007 
513 HI_SS0304    (0)    8 :  0.018 0.026 0.954 0.003 
514 HI_SS0306    (5)    8 :  0.007 0.967 0.022 0.004 
515 HI_SS0307    (1)    8 :  0.156 0.020 0.814 0.011 
516 HI_SS0308    (1)    8 :  0.281 0.060 0.577 0.082 
517 HI_SS0309    (0)    8 :  0.813 0.052 0.131 0.004 
518 HI_SS0310    (0)    8 :  0.787 0.155 0.052 0.006 
519 HI_SS0311    (4)    8 :  0.048 0.030 0.920 0.002 
520 HI_SS0314    (0)    8 :  0.146 0.140 0.712 0.002 
521 HI_SS0316    (1)    8 :  0.033 0.932 0.029 0.005 
522 HI_SS0317    (3)    8 :  0.047 0.021 0.930 0.002 
523 HI_SS0318    (1)    8 :  0.019 0.686 0.099 0.196 
524 HI_SS0319    (0)    8 :  0.006 0.980 0.009 0.004 
525 HI_SS0320    (3)    8 :  0.038 0.008 0.953 0.001 
526 HI_SS0321    (0)    8 :  0.027 0.651 0.319 0.002 
527 HI_SS0323    (1)    8 :  0.017 0.070 0.911 0.002 
528 HI_SS0325    (2)    8 :  0.032 0.870 0.096 0.002 
529 HI_SS0327    (1)    8 :  0.028 0.959 0.011 0.002 
530 HI_SS0329    (1)    8 :  0.048 0.025 0.926 0.002 
531 HI_SS0333    (1)    8 :  0.578 0.096 0.323 0.003 
532 HI_SS0334    (1)    8 :  0.012 0.979 0.008 0.001 
533 HI_SS0335    (1)    8 :  0.962 0.012 0.006 0.020 
534 HI_SS0339    (0)    8 :  0.920 0.028 0.041 0.011 
535 HI_SS0343    (2)    8 :  0.977 0.012 0.009 0.002 
536 HI_SS0344    (1)    8 :  0.004 0.987 0.006 0.003 
537 HI_SS0345    (3)    8 :  0.891 0.046 0.055 0.008 
538 HI_SS0346    (0)    8 :  0.029 0.019 0.947 0.004 
539 HI_SS0350    (1)    8 :  0.944 0.009 0.038 0.009 
540 HI_SS0351    (0)    8 :  0.763 0.183 0.050 0.004 
541 HI_SS0352    (3)    8 :  0.858 0.026 0.022 0.094 
542 HI_SS0362    (0)    8 :  0.011 0.064 0.924 0.002 
543 HI_SS0363    (1)    8 :  0.024 0.959 0.013 0.004 
544 HI_SS0365    (0)    8 :  0.046 0.922 0.026 0.006 
545 HI_SS0366    (0)    8 :  0.021 0.971 0.007 0.002 
546 HI_SS0367    (1)    8 :  0.974 0.009 0.016 0.002 
547 HI_SS0369    (1)    8 :  0.319 0.015 0.663 0.003 
548 HI_SS0370    (0)    8 :  0.759 0.216 0.023 0.003 
549 HI_SS0371    (4)    8 :  0.031 0.323 0.642 0.004 
550 HI_SS0373    (3)    8 :  0.011 0.012 0.968 0.009 
551 HI_SS0374    (0)    8 :  0.122 0.017 0.833 0.027 
552 HI_SS0377    (0)    8 :  0.040 0.848 0.027 0.085 
553 HI_SS0379    (1)    8 :  0.005 0.989 0.004 0.001 
554 HI_SS0380    (1)    8 :  0.948 0.013 0.032 0.007 
555 HI_SS0381    (2)    8 :  0.504 0.012 0.479 0.004 
556 HI_SS0384    (3)    8 :  0.044 0.813 0.133 0.010 
557 HI_SS0385    (1)    8 :  0.013 0.080 0.906 0.001 
558 HI_SS0386    (0)    9 :  0.001 0.002 0.002 0.995 
559 HI_SS0387    (0)    9 :  0.013 0.016 0.014 0.957 
560 HI_SS0389    (2)    9 :  0.003 0.005 0.004 0.988 
561 HI_SS0390    (2)    9 :  0.002 0.002 0.002 0.994 
562 HI_SS0391    (3)    9 :  0.004 0.003 0.002 0.991 
563 HI_SS0392    (0)    9 :  0.002 0.002 0.002 0.995 
564 HI_SS0393    (2)    9 :  0.002 0.002 0.001 0.995 
565 HI_SS0394    (2)    9 :  0.002 0.002 0.002 0.994 
566 HI_SS0395    (2)    9 :  0.004 0.005 0.005 0.986 
567 HI_SS0396    (2)    9 :  0.010 0.008 0.016 0.965 
568 HI_SS0398    (2)    9 :  0.008 0.007 0.006 0.979 
569 HI_SS0399    (2)    9 :  0.001 0.001 0.001 0.996 
570 HI_SS0400    (3)    9 :  0.002 0.002 0.003 0.993 
571 HI_SS0401    (5)    9 :  0.002 0.002 0.002 0.995 
572 HI_SS0402    (0)    9 :  0.001 0.002 0.001 0.996 
573 HI_SS0403    (0)    9 :  0.002 0.002 0.002 0.994 
574 HI_SS0404    (2)    9 :  0.001 0.001 0.001 0.996 
575 HI_SS0405    (2)    9 :  0.024 0.014 0.019 0.943 
576 HI_SS0406    (2)    9 :  0.002 0.002 0.002 0.993 
577 HI_SS0407    (0)    9 :  0.007 0.007 0.010 0.976 
578 HI_SS0408    (0)    9 :  0.001 0.001 0.001 0.996 
579 HI_SS0409    (2)    9 :  0.003 0.003 0.004 0.990 
580 HI_SS0411    (2)    9 :  0.003 0.004 0.003 0.990 
581 HI_SS0412   (11)    9 :  0.072 0.060 0.054 0.813 
582 HI_SS0413    (0)    9 :  0.003 0.002 0.003 0.992 
583 HI_SS0414    (2)    9 :  0.021 0.010 0.029 0.940 
584 HI_SS0415    (2)    9 :  0.002 0.002 0.002 0.994 
585 HI_SS0416    (2)    9 :  0.004 0.004 0.005 0.987 
586 HI_SS0418    (2)    9 :  0.006 0.005 0.005 0.985 
587 HI_SS0419    (3)    9 :  0.004 0.003 0.005 0.989 
588 HI_SS0420    (0)    9 :  0.002 0.003 0.002 0.993 
589 HI_SS0421    (4)    9 :  0.006 0.005 0.005 0.984 
590 HI_SS0422    (3)    9 :  0.002 0.001 0.002 0.994 
591 HI_SS0423    (2)    9 :  0.003 0.005 0.006 0.986 
592 HI_SS0424    (1)    9 :  0.002 0.002 0.002 0.995 
593 HI_SS0425    (0)    9 :  0.005 0.003 0.003 0.989 
594 NS_SS1146    (3)   10 :  0.002 0.003 0.003 0.993 
595 NS_SS1157    (1)   10 :  0.008 0.008 0.005 0.978 
596 NS_SS1144    (7)   10 :  0.020 0.020 0.021 0.939 
597 NS_SS1074    (3)   10 :  0.005 0.004 0.003 0.988 
598 NS_SS1122    (0)   10 :  0.005 0.006 0.004 0.984 
599 NS_SS1136    (2)   10 :  0.001 0.001 0.001 0.996 
600 NS_SS1077    (4)   10 :  0.001 0.001 0.001 0.997 
601 NS_SS1134    (2)   10 :  0.009 0.013 0.014 0.965 
602 NS_SS1091    (1)   10 :  0.003 0.002 0.002 0.993 
603 NS_SS1089   (10)   10 :  0.003 0.004 0.003 0.990 
604 NS_SS1123    (2)   10 :  0.002 0.002 0.002 0.995 
605 NS_SS1158    (3)   10 :  0.001 0.001 0.001 0.997 
606 NS_SS1093    (3)   10 :  0.003 0.003 0.003 0.992 
607 NS_SS1102    (5)   10 :  0.008 0.006 0.005 0.981 
608 NS_SS1056    (0)   10 :  0.002 0.002 0.002 0.993 
609 NS_SS1126    (2)   10 :  0.003 0.003 0.003 0.991 
610 NS_SS1058   (15)   10 :  0.004 0.004 0.004 0.989 
611 NS_SS1084    (2)   10 :  0.002 0.002 0.002 0.995 
612 NS_SS1095    (3)   10 :  0.005 0.007 0.008 0.980 
613 NS_SS1079    (3)   10 :  0.002 0.002 0.001 0.995 
614 NS_SS1149    (0)   10 :  0.004 0.002 0.003 0.991 
615 NS_SS1121    (0)   10 :  0.002 0.002 0.002 0.995 
616 NS_SS1067    (0)   10 :  0.006 0.006 0.006 0.983 
617 NS_SS1081    (2)   10 :  0.002 0.003 0.003 0.991 
618 NS_SS1130    (0)   10 :  0.003 0.003 0.005 0.989 
619 NS_SS1073    (2)   10 :  0.003 0.002 0.003 0.991 
620 NS_SS1133    (2)   10 :  0.010 0.004 0.013 0.973 
621 NS_SS1129    (2)   10 :  0.002 0.002 0.002 0.995 
622 NS_SS1085    (1)   10 :  0.002 0.003 0.002 0.993 
623 NS_SS1137    (2)   10 :  0.004 0.006 0.004 0.986 
624 NS_SS1135    (3)   10 :  0.001 0.001 0.002 0.996 
625 NS_SS1082    (3)   10 :  0.002 0.002 0.002 0.994 
626 NS_SS1125    (3)   10 :  0.002 0.001 0.001 0.996 
627 NS_SS1124    (2)   10 :  0.007 0.006 0.008 0.980 
628 NS_SS1155    (0)   10 :  0.007 0.012 0.007 0.974 
629 NS_SS1145    (2)   10 :  0.002 0.002 0.002 0.994 


Estimated Allele Frequencies in each cluster
First column gives estimated ancestral frequencies


Locus 1 : 
2 alleles
3.3% missing data
   1   (0.738) 0.736 0.732 0.746 0.730 
   2   (0.262) 0.264 0.268 0.254 0.270 

Locus 2 : 
2 alleles
4.6% missing data
   1   (0.886) 0.884 0.894 0.887 0.820 
   2   (0.114) 0.116 0.106 0.113 0.180 

Locus 3 : 
2 alleles
4.9% missing data
   1   (0.785) 0.784 0.770 0.799 0.808 
   2   (0.215) 0.216 0.230 0.201 0.192 

Locus 4 : 
2 alleles
4.6% missing data
   1   (0.866) 0.865 0.871 0.864 0.870 
   2   (0.134) 0.135 0.129 0.136 0.130 

Locus 5 : 
2 alleles
2.5% missing data
   1   (0.892) 0.890 0.895 0.892 0.929 
   2   (0.108) 0.110 0.105 0.108 0.071 

Locus 6 : 
2 alleles
2.7% missing data
   1   (0.823) 0.829 0.817 0.826 0.762 
   2   (0.177) 0.171 0.183 0.174 0.238 

Locus 7 : 
2 alleles
3.0% missing data
   1   (0.793) 0.793 0.784 0.802 0.755 
   2   (0.207) 0.207 0.216 0.198 0.245 

Locus 8 : 
2 alleles
4.8% missing data
   1   (0.727) 0.720 0.738 0.724 0.794 
   2   (0.273) 0.280 0.262 0.276 0.206 

Locus 9 : 
2 alleles
3.7% missing data
   1   (0.807) 0.815 0.807 0.801 0.809 
   2   (0.193) 0.185 0.193 0.199 0.191 

Locus 10 : 
2 alleles
4.8% missing data
   1   (0.709) 0.707 0.708 0.708 0.798 
   2   (0.291) 0.293 0.292 0.292 0.202 

Locus 11 : 
2 alleles
3.2% missing data
   1   (0.793) 0.800 0.787 0.795 0.783 
   2   (0.207) 0.200 0.213 0.205 0.217 

Locus 12 : 
2 alleles
4.9% missing data
   1   (0.893) 0.898 0.895 0.888 0.908 
   2   (0.107) 0.102 0.105 0.112 0.092 

Locus 13 : 
2 alleles
3.2% missing data
   1   (0.868) 0.876 0.865 0.861 0.915 
   2   (0.132) 0.124 0.135 0.139 0.085 

Locus 14 : 
2 alleles
4.6% missing data
   1   (0.732) 0.734 0.733 0.734 0.683 
   2   (0.268) 0.266 0.267 0.266 0.317 

Locus 15 : 
2 alleles
4.6% missing data
   1   (0.892) 0.897 0.887 0.891 0.917 
   2   (0.108) 0.103 0.113 0.109 0.083 

Locus 16 : 
2 alleles
3.8% missing data
   1   (0.885) 0.887 0.875 0.885 0.964 
   2   (0.115) 0.113 0.125 0.115 0.036 

Locus 17 : 
2 alleles
4.1% missing data
   1   (0.509) 0.502 0.519 0.500 0.646 
   2   (0.491) 0.498 0.481 0.500 0.354 

Locus 18 : 
2 alleles
4.1% missing data
   1   (0.608) 0.616 0.594 0.614 0.574 
   2   (0.392) 0.384 0.406 0.386 0.426 

Locus 19 : 
2 alleles
4.1% missing data
   1   (0.772) 0.771 0.773 0.780 0.636 
   2   (0.228) 0.229 0.227 0.220 0.364 

Locus 20 : 
2 alleles
2.2% missing data
   1   (0.897) 0.891 0.903 0.903 0.893 
   2   (0.103) 0.109 0.097 0.097 0.107 

Locus 21 : 
2 alleles
4.5% missing data
   1   (0.709) 0.714 0.711 0.709 0.600 
   2   (0.291) 0.286 0.289 0.291 0.400 

Locus 22 : 
2 alleles
3.0% missing data
   1   (0.886) 0.877 0.892 0.890 0.913 
   2   (0.114) 0.123 0.108 0.110 0.087 

Locus 23 : 
2 alleles
3.8% missing data
   1   (0.560) 0.584 0.540 0.551 0.577 
   2   (0.440) 0.416 0.460 0.449 0.423 

Locus 24 : 
2 alleles
4.9% missing data
   1   (0.859) 0.866 0.853 0.859 0.890 
   2   (0.141) 0.134 0.147 0.141 0.110 

Locus 25 : 
2 alleles
4.3% missing data
   1   (0.885) 0.894 0.880 0.882 0.877 
   2   (0.115) 0.106 0.120 0.118 0.123 

Locus 26 : 
2 alleles
3.0% missing data
   1   (0.544) 0.541 0.540 0.548 0.578 
   2   (0.456) 0.459 0.460 0.452 0.422 

Locus 27 : 
2 alleles
4.0% missing data
   2   (0.469) 0.464 0.485 0.463 0.416 
   1   (0.531) 0.536 0.515 0.537 0.584 

Locus 28 : 
2 alleles
4.0% missing data
   1   (0.843) 0.841 0.850 0.841 0.870 
   2   (0.157) 0.159 0.150 0.159 0.130 

Locus 29 : 
2 alleles
1.9% missing data
   1   (0.604) 0.605 0.610 0.595 0.700 
   2   (0.396) 0.395 0.390 0.405 0.300 

Locus 30 : 
2 alleles
4.6% missing data
   1   (0.864) 0.857 0.870 0.869 0.854 
   2   (0.136) 0.143 0.130 0.131 0.146 

Locus 31 : 
2 alleles
1.9% missing data
   1   (0.885) 0.892 0.881 0.881 0.904 
