

----------------------------------------------------
STRUCTURE by Pritchard, Stephens and Donnelly (2000)
     and Falush, Stephens and Pritchard (2003)
       Code by Pritchard, Falush and Hubisz
             Version 2.3.4 (Jul 2012)
----------------------------------------------------



Command line arguments:   /home/genobiwan/Documents/Programs/Structure/structure -m parameter_job_k10_r3 
Input File:    /media/genobiwan/Storage/Projets/Mackerel_NWA_2021/data_job_k10_r3

Run parameters:
   629 individuals
   4140 loci
   10 populations assumed
   10000 Burn-in period
   100000 Reps


--------------------------------------------
Proportion of membership of each pre-defined
 population in each of the 10 clusters

Given    Inferred Clusters                                                        Number of
 Pop       1      2      3      4      5      6      7      8      9     10      Individuals

  1:     0.083  0.056  0.070  0.097  0.104  0.129  0.179  0.135  0.016  0.132       67
  2:     0.127  0.047  0.138  0.061  0.084  0.103  0.101  0.186  0.013  0.140       32
  3:     0.111  0.069  0.105  0.114  0.110  0.146  0.134  0.079  0.016  0.116       92
  4:     0.084  0.143  0.090  0.083  0.111  0.139  0.109  0.119  0.019  0.103       36
  5:     0.084  0.102  0.090  0.092  0.158  0.087  0.145  0.101  0.023  0.118       41
  6:     0.102  0.120  0.105  0.091  0.128  0.133  0.099  0.103  0.017  0.100      158
  7:     0.150  0.093  0.081  0.105  0.114  0.111  0.094  0.134  0.014  0.105       79
  8:     0.143  0.127  0.061  0.091  0.132  0.088  0.132  0.091  0.017  0.116       52
  9:     0.006  0.005  0.006  0.006  0.006  0.007  0.006  0.007  0.946  0.007       36
 10:     0.006  0.005  0.005  0.005  0.005  0.005  0.005  0.006  0.952  0.006       36
--------------------------------------------

Allele-freq. divergence among pops (Net nucleotide distance),
computed using point estimates of P.

      1       2       3       4       5       6       7       8       9      10      
 1      -    0.0007  0.0006  0.0004  0.0004  0.0003  0.0004  0.0004  0.0053  0.0004  
 2   0.0007     -    0.0009  0.0008  0.0006  0.0007  0.0006  0.0008  0.0058  0.0008  
 3   0.0006  0.0009     -    0.0006  0.0007  0.0006  0.0006  0.0007  0.0056  0.0006  
 4   0.0004  0.0008  0.0006     -    0.0005  0.0004  0.0004  0.0005  0.0053  0.0004  
 5   0.0004  0.0006  0.0007  0.0005     -    0.0004  0.0004  0.0005  0.0054  0.0004  
 6   0.0003  0.0007  0.0006  0.0004  0.0004     -    0.0003  0.0004  0.0052  0.0004  
 7   0.0004  0.0006  0.0006  0.0004  0.0004  0.0003     -    0.0005  0.0053  0.0004  
 8   0.0004  0.0008  0.0007  0.0005  0.0005  0.0004  0.0005     -    0.0054  0.0005  
 9   0.0053  0.0058  0.0056  0.0053  0.0054  0.0052  0.0053  0.0054     -    0.0053  
10   0.0004  0.0008  0.0006  0.0004  0.0004  0.0004  0.0004  0.0005  0.0053     -    

Average distances (expected heterozygosity) between individuals in same cluster:
cluster  1  : 0.3183 
cluster  2  : 0.3173 
cluster  3  : 0.3178 
cluster  4  : 0.3177 
cluster  5  : 0.3182 
cluster  6  : 0.3185 
cluster  7  : 0.3178 
cluster  8  : 0.3186 
cluster  9  : 0.3048 
cluster 10  : 0.3187 

--------------------------------------------
Estimated Ln Prob of Data   = -2494761.3
Mean value of ln likelihood = -2461150.8
Variance of ln likelihood   = 67221.0
Mean value of alpha         = 0.0634

Mean value of Fst_1         = 0.0066
Mean value of Fst_2         = 0.0111
Mean value of Fst_3         = 0.0100
Mean value of Fst_4         = 0.0083
Mean value of Fst_5         = 0.0062
Mean value of Fst_6         = 0.0055
Mean value of Fst_7         = 0.0060
Mean value of Fst_8         = 0.0074
Mean value of Fst_9         = 0.0411
Mean value of Fst_10         = 0.0067


Inferred ancestry of individuals:
        Label (%Miss) Pop:  Inferred clusters
  1 NS_SS0963    (4)    1 :  0.213 0.013 0.021 0.006 0.017 0.195 0.013 0.012 0.006 0.504 
  2 NS_SS0983    (1)    1 :  0.071 0.005 0.004 0.004 0.860 0.007 0.014 0.021 0.006 0.007 
  3 NS_SS0719    (9)    1 :  0.106 0.033 0.013 0.025 0.155 0.360 0.157 0.109 0.009 0.034 
  4 NS_SS1001    (8)    1 :  0.007 0.047 0.101 0.010 0.016 0.010 0.768 0.017 0.008 0.015 
  5 NS_SS0936    (4)    1 :  0.046 0.020 0.048 0.051 0.019 0.153 0.016 0.611 0.005 0.031 
  6 NS_SS0955    (6)    1 :  0.296 0.033 0.024 0.101 0.134 0.022 0.350 0.012 0.005 0.022 
  7 NS_SS0944    (3)    1 :  0.013 0.152 0.030 0.011 0.008 0.019 0.666 0.011 0.002 0.087 
  8 NS_SS0945    (3)    1 :  0.020 0.368 0.105 0.092 0.180 0.011 0.070 0.123 0.012 0.020 
  9 NS_SS0922    (2)    1 :  0.208 0.007 0.089 0.018 0.028 0.191 0.080 0.147 0.043 0.189 
 10 NS_SS0929    (7)    1 :  0.032 0.011 0.072 0.074 0.274 0.106 0.142 0.093 0.004 0.191 
 11 NS_SS0956    (1)    1 :  0.663 0.015 0.069 0.058 0.021 0.013 0.078 0.034 0.007 0.043 
 12 NS_SS0906    (3)    1 :  0.093 0.013 0.040 0.018 0.056 0.316 0.053 0.017 0.005 0.389 
 13 NS_SS0721    (6)    1 :  0.692 0.018 0.008 0.027 0.026 0.151 0.028 0.033 0.006 0.010 
 14 NS_SS0982    (4)    1 :  0.053 0.011 0.031 0.373 0.078 0.360 0.016 0.017 0.032 0.030 
 15 NS_SS0923    (6)    1 :  0.019 0.008 0.009 0.164 0.016 0.422 0.113 0.101 0.007 0.141 
 16 NS_SS0905    (6)    1 :  0.027 0.008 0.010 0.243 0.059 0.058 0.431 0.010 0.004 0.150 
 17 NS_SS0925    (3)    1 :  0.054 0.010 0.015 0.051 0.011 0.039 0.072 0.262 0.005 0.481 
 18 NS_SS0947    (6)    1 :  0.014 0.017 0.073 0.037 0.044 0.067 0.024 0.098 0.008 0.618 
 19 NS_SS0926    (2)    1 :  0.006 0.067 0.006 0.011 0.413 0.013 0.465 0.013 0.001 0.005 
 20 NS_SS0918    (6)    1 :  0.047 0.045 0.012 0.243 0.082 0.048 0.375 0.038 0.003 0.106 
 21 NS_SS0966    (4)    1 :  0.012 0.021 0.072 0.028 0.043 0.022 0.027 0.099 0.064 0.614 
 22 NS_SS0938    (2)    1 :  0.010 0.007 0.011 0.011 0.015 0.030 0.038 0.867 0.002 0.009 
 23 NS_SS0917    (2)    1 :  0.111 0.036 0.083 0.387 0.025 0.217 0.015 0.058 0.056 0.014 
 24 NS_SS0957   (11)    1 :  0.095 0.103 0.123 0.271 0.015 0.329 0.020 0.013 0.008 0.023 
 25 NS_SS0987    (1)    1 :  0.005 0.004 0.014 0.006 0.021 0.019 0.668 0.010 0.230 0.023 
 26 NS_SS0717    (4)    1 :  0.024 0.005 0.034 0.107 0.043 0.015 0.710 0.020 0.005 0.037 
 27 NS_SS0986    (2)    1 :  0.008 0.021 0.009 0.043 0.017 0.041 0.824 0.020 0.004 0.013 
 28 NS_SS0953    (3)    1 :  0.010 0.013 0.025 0.041 0.031 0.021 0.065 0.010 0.029 0.755 
 29 NS_SS0907    (3)    1 :  0.048 0.021 0.017 0.043 0.131 0.185 0.068 0.021 0.063 0.403 
 30 NS_SS0974    (6)    1 :  0.021 0.108 0.088 0.037 0.431 0.036 0.062 0.046 0.006 0.165 
 31 NS_SS0989    (1)    1 :  0.007 0.033 0.044 0.024 0.609 0.020 0.016 0.110 0.001 0.137 
 32 NS_SS0991    (3)    1 :  0.074 0.103 0.012 0.060 0.181 0.007 0.530 0.006 0.003 0.024 
 33 NS_SS0994    (2)    1 :  0.006 0.108 0.034 0.005 0.791 0.013 0.020 0.007 0.003 0.014 
 34 NS_SS0931    (6)    1 :  0.021 0.296 0.036 0.012 0.061 0.196 0.322 0.030 0.014 0.012 
 35 NS_SS1000    (5)    1 :  0.013 0.025 0.645 0.147 0.020 0.037 0.024 0.039 0.004 0.046 
 36 NS_SS0919    (1)    1 :  0.012 0.023 0.004 0.083 0.084 0.492 0.182 0.012 0.003 0.105 
 37 NS_SS0949    (4)    1 :  0.138 0.369 0.017 0.007 0.239 0.031 0.021 0.147 0.002 0.030 
 38 NS_SS0960   (10)    1 :  0.041 0.126 0.011 0.389 0.118 0.100 0.070 0.012 0.008 0.125 
 39 NS_SS0716    (2)    1 :  0.016 0.005 0.023 0.570 0.012 0.010 0.344 0.007 0.008 0.005 
 40 NS_SS0924    (8)    1 :  0.297 0.015 0.008 0.383 0.102 0.016 0.017 0.067 0.027 0.068 
 41 NS_SS0935    (2)    1 :  0.014 0.175 0.025 0.019 0.022 0.006 0.063 0.013 0.011 0.652 
 42 NS_SS0952   (14)    1 :  0.024 0.146 0.020 0.142 0.110 0.082 0.158 0.005 0.059 0.254 
 43 NS_SS0962   (11)    1 :  0.023 0.011 0.015 0.035 0.027 0.646 0.202 0.016 0.011 0.015 
 44 NS_SS0973    (5)    1 :  0.342 0.016 0.081 0.076 0.076 0.059 0.065 0.065 0.010 0.209 
 45 NS_SS0722    (1)    1 :  0.031 0.017 0.180 0.106 0.016 0.054 0.058 0.159 0.003 0.377 
 46 NS_SS0979   (13)    1 :  0.023 0.009 0.020 0.190 0.031 0.055 0.623 0.028 0.003 0.018 
 47 NS_SS0993    (2)    1 :  0.011 0.016 0.065 0.041 0.017 0.061 0.113 0.599 0.027 0.049 
 48 NS_SS0958    (1)    1 :  0.009 0.412 0.014 0.392 0.032 0.026 0.055 0.019 0.003 0.040 
 49 NS_SS0988    (4)    1 :  0.028 0.017 0.005 0.018 0.269 0.538 0.029 0.042 0.008 0.046 
 50 NS_SS1003    (2)    1 :  0.010 0.003 0.020 0.007 0.006 0.904 0.024 0.007 0.012 0.007 
 51 NS_SS0976    (1)    1 :  0.048 0.114 0.037 0.056 0.067 0.022 0.125 0.447 0.004 0.080 
 52 NS_SS0964   (10)    1 :  0.038 0.018 0.713 0.098 0.008 0.020 0.043 0.013 0.005 0.045 
 53 NS_SS0939    (4)    1 :  0.021 0.024 0.027 0.050 0.005 0.030 0.065 0.766 0.005 0.007 
 54 NS_SS0990    (6)    1 :  0.012 0.013 0.845 0.008 0.023 0.065 0.011 0.013 0.005 0.005 
 55 NS_SS0984    (2)    1 :  0.154 0.005 0.224 0.090 0.066 0.151 0.019 0.236 0.002 0.053 
 56 NS_SS0980   (10)    1 :  0.008 0.014 0.012 0.049 0.024 0.009 0.007 0.108 0.003 0.766 
 57 NS_SS0978    (4)    1 :  0.195 0.236 0.071 0.118 0.020 0.088 0.014 0.137 0.005 0.116 
 58 NS_SS0951   (18)    1 :  0.049 0.027 0.006 0.055 0.050 0.011 0.768 0.012 0.004 0.018 
 59 NS_SS0913    (3)    1 :  0.019 0.008 0.033 0.013 0.007 0.007 0.813 0.020 0.038 0.044 
 60 NS_SS1002    (1)    1 :  0.013 0.008 0.006 0.058 0.027 0.506 0.012 0.304 0.038 0.028 
 61 NS_SS0948    (1)    1 :  0.013 0.016 0.039 0.021 0.055 0.321 0.422 0.024 0.060 0.030 
 62 NS_SS0916    (4)    1 :  0.042 0.013 0.017 0.008 0.019 0.015 0.009 0.854 0.007 0.014 
 63 NS_SS0995    (1)    1 :  0.149 0.008 0.018 0.007 0.013 0.062 0.036 0.678 0.004 0.025 
 64 NS_SS0927    (6)    1 :  0.073 0.014 0.019 0.067 0.311 0.073 0.044 0.364 0.007 0.026 
 65 NS_SS0992    (5)    1 :  0.039 0.012 0.015 0.012 0.017 0.025 0.010 0.702 0.004 0.164 
 66 NS_SS0912    (1)    1 :  0.505 0.039 0.027 0.056 0.159 0.027 0.173 0.005 0.004 0.007 
 67 NS_SS0981    (1)    1 :  0.031 0.017 0.015 0.436 0.013 0.359 0.054 0.026 0.006 0.043 
 68 NS_SS0729    (5)    2 :  0.009 0.026 0.006 0.011 0.661 0.008 0.006 0.083 0.003 0.188 
 69 NS_SS0967   (15)    2 :  0.225 0.037 0.011 0.087 0.039 0.295 0.034 0.064 0.017 0.191 
 70 NS_SS0941    (8)    2 :  0.008 0.031 0.026 0.012 0.028 0.018 0.013 0.749 0.083 0.033 
 71 NS_SS0768   (12)    2 :  0.009 0.019 0.562 0.050 0.036 0.013 0.176 0.018 0.008 0.109 
 72 NS_SS0726    (5)    2 :  0.046 0.038 0.028 0.014 0.136 0.146 0.011 0.532 0.011 0.038 
 73 NS_SS0763    (4)    2 :  0.031 0.032 0.011 0.029 0.736 0.012 0.054 0.022 0.004 0.067 
 74 NS_SS0730    (6)    2 :  0.024 0.030 0.020 0.081 0.016 0.564 0.154 0.022 0.005 0.083 
 75 NS_SS0774    (2)    2 :  0.020 0.005 0.687 0.159 0.012 0.012 0.008 0.070 0.001 0.025 
 76 NS_SS0723    (3)    2 :  0.084 0.003 0.007 0.037 0.015 0.177 0.116 0.047 0.002 0.511 
 77 NS_SS0940   (10)    2 :  0.012 0.111 0.008 0.009 0.014 0.036 0.028 0.766 0.010 0.006 
 78 NS_SS0762    (1)    2 :  0.014 0.009 0.072 0.011 0.011 0.009 0.043 0.029 0.003 0.800 
 79 NS_SS0766   (11)    2 :  0.039 0.010 0.142 0.052 0.064 0.019 0.331 0.256 0.028 0.058 
 80 NS_SS0724    (1)    2 :  0.016 0.008 0.053 0.016 0.016 0.020 0.016 0.018 0.007 0.832 
 81 NS_SS0769    (3)    2 :  0.011 0.004 0.035 0.711 0.087 0.066 0.014 0.030 0.003 0.039 
 82 NS_SS0777    (1)    2 :  0.114 0.256 0.031 0.011 0.034 0.453 0.058 0.015 0.018 0.009 
 83 NS_SS0734    (6)    2 :  0.049 0.067 0.055 0.010 0.015 0.017 0.731 0.014 0.036 0.005 
 84 NS_SS0737    (3)    2 :  0.012 0.007 0.093 0.021 0.007 0.010 0.031 0.797 0.008 0.015 
 85 NS_SS0732    (5)    2 :  0.788 0.012 0.019 0.073 0.011 0.036 0.017 0.009 0.006 0.029 
 86 NS_SS0728    (5)    2 :  0.047 0.034 0.028 0.023 0.029 0.031 0.103 0.664 0.016 0.026 
 87 NS_SS0735    (9)    2 :  0.226 0.023 0.054 0.012 0.014 0.011 0.059 0.277 0.014 0.311 
 88 NS_SS0725    (1)    2 :  0.019 0.017 0.649 0.015 0.125 0.028 0.011 0.109 0.014 0.013 
 89 NS_SS0788    (2)    2 :  0.557 0.013 0.006 0.071 0.050 0.095 0.020 0.023 0.002 0.163 
 90 NS_SS0778    (2)    2 :  0.624 0.015 0.010 0.010 0.025 0.269 0.006 0.010 0.002 0.029 
 91 NS_SS0792    (6)    2 :  0.014 0.025 0.009 0.035 0.040 0.505 0.181 0.158 0.008 0.024 
 92 NS_SS0943   (11)    2 :  0.252 0.188 0.008 0.011 0.032 0.025 0.036 0.006 0.008 0.433 
 93 NS_SS0791    (2)    2 :  0.323 0.097 0.008 0.032 0.033 0.022 0.045 0.380 0.030 0.029 
 94 NS_SS0790    (5)    2 :  0.048 0.004 0.608 0.108 0.006 0.010 0.018 0.003 0.007 0.189 
 95 NS_SS0731    (6)    2 :  0.022 0.005 0.077 0.013 0.118 0.016 0.702 0.012 0.014 0.020 
 96 NS_SS0727    (7)    2 :  0.037 0.159 0.028 0.056 0.191 0.015 0.015 0.373 0.002 0.125 
 97 NS_SS0779   (13)    2 :  0.324 0.063 0.031 0.075 0.059 0.298 0.061 0.061 0.009 0.020 
 98 NS_SS0776    (3)    2 :  0.058 0.134 0.579 0.051 0.008 0.036 0.027 0.060 0.015 0.031 
 99 NS_SS0775    (5)    2 :  0.010 0.028 0.459 0.054 0.016 0.013 0.115 0.274 0.016 0.014 
100 NS_SS0965    (3)    3 :  0.066 0.038 0.017 0.046 0.030 0.456 0.195 0.029 0.003 0.121 
101 NS_SS0754   (14)    3 :  0.154 0.220 0.013 0.111 0.036 0.060 0.039 0.314 0.021 0.032 
102 NS_SS0838    (5)    3 :  0.009 0.016 0.011 0.880 0.011 0.008 0.012 0.022 0.027 0.004 
103 NS_SS0839    (3)    3 :  0.010 0.005 0.419 0.278 0.006 0.015 0.028 0.160 0.005 0.072 
104 NS_SS0832    (4)    3 :  0.022 0.007 0.027 0.014 0.012 0.605 0.050 0.017 0.045 0.200 
105 NS_SS0820    (5)    3 :  0.119 0.004 0.060 0.092 0.014 0.591 0.037 0.011 0.008 0.063 
106 NS_SS0886    (9)    3 :  0.449 0.020 0.016 0.007 0.263 0.080 0.030 0.094 0.003 0.038 
107 NS_SS0748    (5)    3 :  0.043 0.139 0.012 0.270 0.195 0.233 0.057 0.015 0.015 0.021 
108 NS_SS0884    (9)    3 :  0.066 0.026 0.199 0.034 0.234 0.112 0.010 0.211 0.038 0.070 
109 NS_SS0752    (4)    3 :  0.331 0.047 0.072 0.131 0.048 0.012 0.015 0.277 0.003 0.065 
110 NS_SS0862    (1)    3 :  0.196 0.008 0.009 0.021 0.025 0.143 0.330 0.112 0.008 0.148 
111 NS_SS0787    (9)    3 :  0.025 0.536 0.029 0.008 0.334 0.009 0.029 0.009 0.009 0.012 
112 NS_SS0843    (6)    3 :  0.074 0.008 0.081 0.118 0.264 0.015 0.029 0.018 0.002 0.391 
113 NS_SS0856    (4)    3 :  0.027 0.013 0.299 0.080 0.068 0.218 0.152 0.123 0.006 0.015 
114 NS_SS0846    (2)    3 :  0.009 0.027 0.012 0.009 0.727 0.116 0.016 0.011 0.006 0.065 
115 NS_SS0825    (1)    3 :  0.295 0.025 0.020 0.005 0.129 0.088 0.336 0.065 0.018 0.019 
116 NS_SS0757    (3)    3 :  0.709 0.072 0.035 0.037 0.073 0.009 0.019 0.015 0.006 0.027 
117 NS_SS0876    (3)    3 :  0.324 0.011 0.135 0.015 0.007 0.040 0.011 0.083 0.220 0.155 
118 NS_SS0903   (10)    3 :  0.044 0.010 0.016 0.011 0.034 0.025 0.008 0.081 0.005 0.766 
119 NS_SS0875    (7)    3 :  0.022 0.028 0.014 0.052 0.035 0.060 0.756 0.017 0.004 0.012 
120 NS_SS0740    (5)    3 :  0.319 0.026 0.022 0.030 0.013 0.030 0.022 0.069 0.006 0.463 
121 NS_SS0811    (5)    3 :  0.018 0.007 0.013 0.879 0.005 0.016 0.018 0.009 0.014 0.020 
122 NS_SS0751    (1)    3 :  0.032 0.140 0.298 0.086 0.010 0.136 0.203 0.069 0.004 0.023 
123 NS_SS0891    (6)    3 :  0.011 0.010 0.838 0.014 0.036 0.026 0.019 0.014 0.011 0.019 
124 NS_SS0867    (2)    3 :  0.043 0.033 0.007 0.020 0.564 0.057 0.152 0.022 0.044 0.057 
125 NS_SS0890    (6)    3 :  0.061 0.011 0.023 0.566 0.180 0.022 0.030 0.074 0.005 0.028 
126 NS_SS0866   (12)    3 :  0.061 0.050 0.044 0.012 0.583 0.177 0.026 0.034 0.007 0.007 
127 NS_SS0755    (4)    3 :  0.017 0.022 0.156 0.030 0.035 0.252 0.373 0.047 0.013 0.055 
128 NS_SS0758    (4)    3 :  0.026 0.012 0.049 0.022 0.087 0.034 0.634 0.101 0.002 0.033 
129 NS_SS0840    (2)    3 :  0.020 0.012 0.027 0.161 0.016 0.067 0.596 0.020 0.004 0.079 
130 NS_SS0889    (4)    3 :  0.462 0.123 0.087 0.018 0.169 0.020 0.097 0.007 0.003 0.014 
131 NS_SS1010    (1)    3 :  0.011 0.011 0.049 0.745 0.057 0.013 0.023 0.013 0.061 0.018 
132 NS_SS0888    (5)    3 :  0.708 0.180 0.005 0.030 0.028 0.012 0.007 0.007 0.002 0.019 
133 NS_SS0837    (3)    3 :  0.163 0.013 0.053 0.022 0.016 0.037 0.039 0.008 0.004 0.644 
134 NS_SS0794   (10)    3 :  0.009 0.443 0.024 0.280 0.018 0.007 0.177 0.028 0.004 0.011 
135 NS_SS0823    (5)    3 :  0.017 0.011 0.019 0.088 0.013 0.050 0.013 0.753 0.005 0.029 
136 NS_SS0829    (7)    3 :  0.027 0.241 0.006 0.105 0.479 0.012 0.013 0.007 0.101 0.009 
137 NS_SS0844    (5)    3 :  0.009 0.005 0.008 0.045 0.011 0.007 0.009 0.007 0.003 0.898 
138 NS_SS1008    (6)    3 :  0.060 0.255 0.253 0.105 0.096 0.019 0.105 0.026 0.024 0.057 
139 NS_SS0881    (3)    3 :  0.081 0.085 0.015 0.200 0.024 0.508 0.019 0.032 0.004 0.033 
140 NS_SS0834    (6)    3 :  0.007 0.004 0.922 0.011 0.010 0.009 0.006 0.011 0.008 0.012 
141 NS_SS0744   (10)    3 :  0.248 0.054 0.013 0.036 0.061 0.302 0.012 0.199 0.011 0.064 
142 NS_SS0899    (7)    3 :  0.034 0.006 0.649 0.023 0.014 0.015 0.225 0.004 0.002 0.028 
143 NS_SS0804    (5)    3 :  0.030 0.004 0.039 0.018 0.040 0.495 0.092 0.080 0.007 0.196 
144 NS_SS0781   (10)    3 :  0.013 0.006 0.073 0.060 0.012 0.569 0.018 0.018 0.005 0.226 
145 NS_SS0822    (6)    3 :  0.018 0.494 0.197 0.015 0.035 0.018 0.105 0.100 0.002 0.016 
146 NS_SS1004    (4)    3 :  0.079 0.020 0.121 0.034 0.100 0.399 0.008 0.026 0.006 0.206 
147 NS_SS0746    (5)    3 :  0.031 0.141 0.048 0.223 0.167 0.020 0.241 0.073 0.015 0.040 
148 NS_SS0880    (3)    3 :  0.024 0.190 0.300 0.076 0.128 0.144 0.011 0.040 0.003 0.085 
149 NS_SS0879    (5)    3 :  0.013 0.035 0.789 0.018 0.043 0.024 0.006 0.011 0.018 0.042 
150 NS_SS0753    (2)    3 :  0.118 0.363 0.010 0.020 0.062 0.117 0.083 0.055 0.019 0.154 
151 NS_SS1007    (3)    3 :  0.022 0.009 0.008 0.020 0.031 0.054 0.010 0.835 0.003 0.008 
152 NS_SS0872    (5)    3 :  0.026 0.015 0.107 0.313 0.089 0.268 0.073 0.068 0.003 0.038 
153 NS_SS1005    (7)    3 :  0.042 0.012 0.194 0.103 0.311 0.150 0.033 0.043 0.002 0.110 
154 NS_SS0892    (6)    3 :  0.073 0.103 0.044 0.030 0.039 0.511 0.064 0.070 0.006 0.061 
155 NS_SS0898    (0)    3 :  0.011 0.053 0.015 0.005 0.021 0.044 0.788 0.049 0.006 0.007 
156 NS_SS0801    (9)    3 :  0.111 0.071 0.020 0.041 0.015 0.051 0.301 0.010 0.015 0.364 
157 NS_SS0827    (9)    3 :  0.014 0.008 0.014 0.031 0.147 0.016 0.627 0.005 0.098 0.040 
158 NS_SS0853    (7)    3 :  0.009 0.014 0.017 0.736 0.041 0.016 0.041 0.008 0.005 0.113 
159 NS_SS0780    (2)    3 :  0.008 0.021 0.029 0.013 0.009 0.803 0.012 0.029 0.006 0.070 
160 NS_SS0826   (10)    3 :  0.040 0.046 0.027 0.013 0.034 0.647 0.023 0.006 0.006 0.159 
161 NS_SS0818    (5)    3 :  0.041 0.018 0.020 0.009 0.015 0.265 0.381 0.215 0.003 0.032 
162 NS_SS0745    (1)    3 :  0.007 0.011 0.928 0.006 0.005 0.009 0.021 0.006 0.002 0.004 
163 NS_SS0849    (3)    3 :  0.936 0.006 0.013 0.006 0.007 0.011 0.006 0.004 0.002 0.008 
164 NS_SS0739    (3)    3 :  0.787 0.012 0.022 0.023 0.009 0.028 0.009 0.082 0.021 0.007 
165 NS_SS0799    (1)    3 :  0.012 0.072 0.012 0.090 0.041 0.018 0.713 0.023 0.002 0.016 
166 NS_SS0756    (3)    3 :  0.031 0.015 0.007 0.072 0.013 0.779 0.020 0.015 0.005 0.042 
167 NS_SS0802    (2)    3 :  0.138 0.038 0.055 0.011 0.158 0.302 0.047 0.024 0.199 0.027 
168 NS_SS0747    (6)    3 :  0.135 0.024 0.013 0.126 0.030 0.046 0.025 0.125 0.010 0.466 
169 NS_SS0835    (1)    3 :  0.034 0.009 0.016 0.008 0.876 0.016 0.010 0.009 0.002 0.021 
170 NS_SS0742   (19)    3 :  0.367 0.012 0.029 0.049 0.037 0.171 0.263 0.036 0.002 0.033 
171 NS_SS0760    (9)    3 :  0.014 0.138 0.006 0.318 0.210 0.013 0.237 0.013 0.038 0.013 
172 NS_SS0803    (4)    3 :  0.010 0.004 0.016 0.020 0.006 0.009 0.016 0.047 0.009 0.862 
173 NS_SS0828   (14)    3 :  0.370 0.024 0.013 0.029 0.024 0.062 0.049 0.099 0.002 0.329 
174 NS_SS0865    (2)    3 :  0.026 0.026 0.013 0.015 0.007 0.860 0.008 0.004 0.024 0.017 
175 NS_SS0759    (5)    3 :  0.055 0.019 0.265 0.096 0.011 0.284 0.200 0.041 0.006 0.023 
176 NS_SS0851    (5)    3 :  0.044 0.015 0.826 0.026 0.007 0.013 0.013 0.007 0.028 0.022 
177 NS_SS0874   (16)    3 :  0.017 0.006 0.018 0.162 0.015 0.008 0.017 0.059 0.003 0.696 
178 NS_SS0761    (6)    3 :  0.066 0.058 0.006 0.020 0.195 0.025 0.548 0.043 0.003 0.035 
179 NS_SS0842   (26)    3 :  0.012 0.020 0.038 0.111 0.028 0.032 0.726 0.016 0.008 0.009 
180 NS_SS0785    (6)    3 :  0.107 0.129 0.016 0.018 0.064 0.137 0.038 0.051 0.010 0.430 
181 NS_SS0860   (11)    3 :  0.017 0.017 0.007 0.023 0.853 0.037 0.010 0.020 0.004 0.012 
182 NS_SS0897    (7)    3 :  0.053 0.598 0.009 0.010 0.083 0.010 0.179 0.030 0.004 0.024 
183 NS_SS0841   (15)    3 :  0.016 0.070 0.011 0.711 0.008 0.027 0.110 0.026 0.005 0.016 
184 NS_SS0797    (7)    3 :  0.009 0.094 0.004 0.013 0.028 0.032 0.766 0.006 0.024 0.025 
185 NS_SS0830   (11)    3 :  0.137 0.057 0.008 0.028 0.013 0.404 0.139 0.016 0.003 0.195 
186 NS_SS1011    (5)    3 :  0.017 0.005 0.031 0.140 0.050 0.603 0.060 0.045 0.008 0.043 
187 NS_SS0883    (5)    3 :  0.072 0.024 0.003 0.707 0.090 0.044 0.019 0.012 0.010 0.019 
188 NS_SS0782    (2)    3 :  0.019 0.040 0.036 0.015 0.041 0.019 0.021 0.770 0.003 0.036 
189 NS_SS0831    (5)    3 :  0.032 0.023 0.015 0.016 0.781 0.012 0.097 0.010 0.005 0.010 
190 NS_SS0749    (7)    3 :  0.244 0.061 0.042 0.015 0.011 0.017 0.012 0.559 0.006 0.032 
191 NS_SS0854    (2)    3 :  0.279 0.122 0.072 0.056 0.009 0.040 0.025 0.104 0.003 0.291 
192 HI_SS0193    (0)    4 :  0.025 0.868 0.034 0.005 0.009 0.006 0.010 0.028 0.002 0.011 
193 HI_SS0194    (1)    4 :  0.005 0.032 0.882 0.007 0.014 0.014 0.007 0.025 0.003 0.011 
194 HI_SS0195   (10)    4 :  0.090 0.010 0.442 0.053 0.007 0.138 0.051 0.071 0.122 0.016 
195 HI_SS0196    (6)    4 :  0.196 0.334 0.191 0.081 0.024 0.009 0.028 0.115 0.004 0.019 
196 HI_SS0197    (3)    4 :  0.010 0.003 0.021 0.010 0.015 0.783 0.008 0.132 0.011 0.008 
197 HI_SS0198    (1)    4 :  0.666 0.026 0.028 0.018 0.055 0.028 0.017 0.102 0.015 0.046 
198 HI_SS0199    (1)    4 :  0.017 0.023 0.023 0.014 0.230 0.012 0.008 0.630 0.005 0.037 
199 HI_SS0201    (5)    4 :  0.048 0.063 0.021 0.065 0.680 0.022 0.022 0.008 0.003 0.070 
200 HI_SS0215    (1)    4 :  0.013 0.014 0.004 0.019 0.813 0.014 0.049 0.007 0.004 0.062 
201 HI_SS0218    (1)    4 :  0.023 0.728 0.006 0.017 0.011 0.010 0.032 0.118 0.010 0.044 
202 HI_SS0222    (0)    4 :  0.029 0.017 0.019 0.054 0.128 0.109 0.016 0.603 0.008 0.016 
203 HI_SS0230    (1)    4 :  0.021 0.007 0.023 0.418 0.031 0.418 0.047 0.005 0.007 0.021 
204 HI_SS0234    (2)    4 :  0.007 0.006 0.013 0.012 0.021 0.012 0.005 0.712 0.161 0.050 
205 HI_SS0240    (1)    4 :  0.132 0.029 0.047 0.020 0.014 0.024 0.011 0.658 0.016 0.050 
206 HI_SS0241    (0)    4 :  0.152 0.047 0.118 0.211 0.240 0.076 0.058 0.033 0.003 0.062 
207 HI_SS0242    (0)    4 :  0.225 0.045 0.016 0.016 0.009 0.187 0.302 0.166 0.003 0.030 
208 HI_SS0247    (0)    4 :  0.022 0.035 0.084 0.064 0.010 0.049 0.080 0.023 0.033 0.599 
209 HI_SS0248    (1)    4 :  0.014 0.334 0.008 0.029 0.100 0.008 0.406 0.042 0.001 0.058 
210 HI_SS0252    (2)    4 :  0.008 0.011 0.164 0.018 0.030 0.022 0.624 0.075 0.003 0.045 
211 HI_SS0254    (0)    4 :  0.018 0.089 0.011 0.004 0.065 0.069 0.441 0.064 0.107 0.131 
212 HI_SS0256    (0)    4 :  0.007 0.005 0.066 0.009 0.003 0.056 0.007 0.024 0.002 0.821 
213 HI_SS0257    (0)    4 :  0.036 0.035 0.005 0.009 0.158 0.023 0.014 0.028 0.004 0.687 
214 HI_SS0258    (1)    4 :  0.013 0.790 0.018 0.010 0.038 0.018 0.030 0.032 0.005 0.046 
215 HI_SS0259    (1)    4 :  0.020 0.009 0.569 0.018 0.042 0.093 0.026 0.138 0.004 0.082 
216 HI_SS0260    (1)    4 :  0.020 0.070 0.027 0.527 0.222 0.011 0.017 0.005 0.002 0.099 
217 HI_SS0261    (2)    4 :  0.086 0.125 0.041 0.025 0.168 0.379 0.012 0.056 0.005 0.103 
218 HI_SS0262    (0)    4 :  0.081 0.007 0.023 0.053 0.025 0.477 0.015 0.068 0.012 0.239 
219 HI_SS0264    (0)    4 :  0.018 0.015 0.108 0.395 0.009 0.395 0.030 0.010 0.005 0.017 
220 HI_SS0265    (0)    4 :  0.186 0.008 0.018 0.017 0.090 0.415 0.111 0.026 0.096 0.034 
221 HI_SS0268    (1)    4 :  0.014 0.025 0.055 0.674 0.029 0.029 0.155 0.008 0.004 0.007 
222 HI_SS0269    (0)    4 :  0.032 0.164 0.044 0.011 0.522 0.086 0.010 0.088 0.003 0.040 
223 HI_SS0273    (0)    4 :  0.059 0.614 0.009 0.014 0.026 0.111 0.096 0.010 0.003 0.058 
224 HI_SS0277    (1)    4 :  0.076 0.008 0.007 0.017 0.048 0.733 0.028 0.058 0.004 0.022 
225 HI_SS0280    (0)    4 :  0.027 0.064 0.050 0.064 0.015 0.130 0.564 0.056 0.012 0.019 
226 HI_SS0282    (1)    4 :  0.398 0.474 0.011 0.006 0.018 0.016 0.033 0.012 0.002 0.030 
227 HI_SS0286    (1)    4 :  0.220 0.015 0.028 0.010 0.061 0.031 0.557 0.035 0.011 0.032 
228 NS_SS1252    (3)    5 :  0.090 0.031 0.007 0.011 0.703 0.008 0.102 0.035 0.004 0.011 
229 NS_SS1261    (1)    5 :  0.126 0.022 0.008 0.055 0.190 0.048 0.415 0.089 0.026 0.021 
230 NS_SS1225   (10)    5 :  0.016 0.013 0.040 0.118 0.068 0.012 0.008 0.008 0.092 0.625 
231 NS_SS1266    (1)    5 :  0.018 0.005 0.747 0.019 0.008 0.055 0.013 0.027 0.017 0.094 
232 NS_SS1228    (0)    5 :  0.075 0.059 0.017 0.018 0.019 0.119 0.119 0.507 0.017 0.050 
233 NS_SS1255    (3)    5 :  0.009 0.266 0.602 0.014 0.012 0.012 0.005 0.054 0.003 0.024 
234 NS_SS1267    (3)    5 :  0.097 0.015 0.003 0.065 0.752 0.007 0.019 0.017 0.015 0.010 
235 NS_SS1238    (6)    5 :  0.049 0.262 0.055 0.013 0.022 0.026 0.532 0.026 0.004 0.011 
236 NS_SS1233    (8)    5 :  0.010 0.022 0.063 0.066 0.012 0.050 0.743 0.003 0.003 0.027 
237 NS_SS1277    (3)    5 :  0.018 0.395 0.149 0.007 0.162 0.014 0.036 0.120 0.002 0.097 
238 NS_SS1245    (1)    5 :  0.011 0.016 0.014 0.013 0.092 0.012 0.769 0.047 0.002 0.025 
239 NS_SS1240    (4)    5 :  0.013 0.110 0.007 0.005 0.832 0.007 0.003 0.011 0.003 0.009 
240 NS_SS1275    (2)    5 :  0.013 0.005 0.065 0.007 0.005 0.843 0.006 0.026 0.003 0.028 
241 NS_SS1235    (1)    5 :  0.007 0.036 0.146 0.035 0.035 0.031 0.010 0.158 0.009 0.532 
242 NS_SS1263    (1)    5 :  0.021 0.018 0.646 0.026 0.031 0.009 0.011 0.008 0.002 0.228 
243 NS_SS1251    (2)    5 :  0.013 0.010 0.022 0.018 0.054 0.260 0.049 0.020 0.002 0.553 
244 NS_SS1248    (0)    5 :  0.021 0.035 0.019 0.012 0.009 0.016 0.788 0.004 0.089 0.005 
245 NS_SS1244    (0)    5 :  0.016 0.074 0.012 0.022 0.027 0.137 0.010 0.666 0.011 0.026 
246 NS_SS1257    (1)    5 :  0.283 0.179 0.011 0.310 0.072 0.025 0.009 0.039 0.035 0.036 
247 NS_SS1242    (2)    5 :  0.011 0.005 0.100 0.027 0.008 0.015 0.811 0.005 0.004 0.014 
248 NS_SS1271    (6)    5 :  0.022 0.215 0.013 0.008 0.310 0.027 0.034 0.324 0.040 0.008 
249 NS_SS1265    (1)    5 :  0.177 0.306 0.022 0.064 0.343 0.015 0.019 0.011 0.037 0.007 
250 NS_SS1243    (0)    5 :  0.105 0.014 0.056 0.058 0.010 0.061 0.546 0.045 0.096 0.009 
251 NS_SS1273    (1)    5 :  0.160 0.031 0.083 0.319 0.006 0.303 0.048 0.027 0.015 0.008 
252 NS_SS1254   (14)    5 :  0.010 0.011 0.019 0.773 0.027 0.078 0.035 0.014 0.007 0.026 
253 NS_SS1224    (1)    5 :  0.041 0.007 0.111 0.012 0.028 0.101 0.026 0.018 0.014 0.643 
254 NS_SS1227    (8)    5 :  0.193 0.043 0.019 0.105 0.416 0.057 0.064 0.071 0.003 0.029 
255 NS_SS1274    (9)    5 :  0.052 0.058 0.055 0.440 0.071 0.008 0.012 0.024 0.022 0.257 
256 NS_SS1241    (1)    5 :  0.097 0.369 0.032 0.204 0.019 0.024 0.154 0.014 0.002 0.084 
257 NS_SS1256    (3)    5 :  0.014 0.023 0.061 0.035 0.258 0.131 0.190 0.012 0.047 0.229 
258 NS_SS1260    (8)    5 :  0.107 0.015 0.005 0.195 0.461 0.042 0.013 0.055 0.076 0.031 
259 NS_SS1262    (0)    5 :  0.020 0.045 0.012 0.050 0.034 0.327 0.090 0.016 0.174 0.231 
260 NS_SS1230    (0)    5 :  0.032 0.677 0.079 0.096 0.018 0.029 0.023 0.011 0.011 0.023 
261 NS_SS1270    (2)    5 :  0.354 0.014 0.035 0.006 0.017 0.059 0.034 0.014 0.003 0.465 
262 NS_SS1229    (2)    5 :  0.012 0.009 0.079 0.008 0.031 0.020 0.010 0.793 0.008 0.031 
263 NS_SS1246    (5)    5 :  0.008 0.009 0.071 0.005 0.708 0.011 0.004 0.160 0.003 0.020 
264 NS_SS1269    (0)    5 :  0.125 0.056 0.032 0.450 0.125 0.036 0.027 0.134 0.003 0.012 
265 NS_SS1239    (1)    5 :  0.373 0.028 0.055 0.008 0.023 0.020 0.013 0.419 0.008 0.054 
266 NS_SS1272    (5)    5 :  0.010 0.006 0.076 0.025 0.319 0.487 0.016 0.039 0.007 0.016 
267 NS_SS1268    (1)    5 :  0.592 0.066 0.013 0.039 0.007 0.020 0.090 0.007 0.003 0.163 
268 NS_SS1249    (1)    5 :  0.022 0.615 0.019 0.026 0.150 0.012 0.019 0.073 0.016 0.048 
269 HI_SS0559    (0)    6 :  0.541 0.134 0.009 0.028 0.017 0.021 0.040 0.010 0.002 0.198 
270 HI_SS0563    (1)    6 :  0.017 0.023 0.027 0.017 0.394 0.186 0.073 0.190 0.005 0.068 
271 HI_SS0564    (0)    6 :  0.066 0.016 0.038 0.028 0.023 0.198 0.033 0.477 0.091 0.031 
272 HI_SS0565    (0)    6 :  0.008 0.029 0.042 0.018 0.780 0.052 0.018 0.016 0.008 0.030 
273 HI_SS0569    (1)    6 :  0.019 0.021 0.018 0.085 0.652 0.121 0.034 0.008 0.003 0.039 
274 HI_SS0570    (0)    6 :  0.062 0.525 0.102 0.008 0.072 0.006 0.158 0.025 0.036 0.006 
275 HI_SS0572    (1)    6 :  0.016 0.012 0.182 0.015 0.042 0.010 0.061 0.074 0.004 0.583 
276 HI_SS0576    (1)    6 :  0.739 0.032 0.016 0.007 0.017 0.011 0.117 0.040 0.008 0.012 
277 HI_SS0579    (1)    6 :  0.023 0.013 0.010 0.009 0.012 0.014 0.027 0.020 0.018 0.855 
278 HI_SS0580    (1)    6 :  0.610 0.022 0.023 0.053 0.074 0.033 0.070 0.034 0.009 0.072 
279 HI_SS0581    (0)    6 :  0.190 0.011 0.026 0.016 0.014 0.468 0.056 0.137 0.072 0.011 
280 HI_SS0583    (1)    6 :  0.004 0.006 0.016 0.019 0.926 0.006 0.006 0.011 0.003 0.004 
281 HI_SS0586    (1)    6 :  0.043 0.060 0.005 0.239 0.577 0.013 0.040 0.005 0.002 0.016 
282 HI_SS0588    (1)    6 :  0.084 0.166 0.014 0.034 0.137 0.016 0.250 0.047 0.027 0.225 
283 HI_SS0595    (4)    6 :  0.330 0.042 0.017 0.019 0.119 0.244 0.024 0.112 0.043 0.049 
284 HI_SS0596    (0)    6 :  0.043 0.022 0.739 0.018 0.008 0.017 0.013 0.059 0.005 0.076 
285 HI_SS0597    (1)    6 :  0.011 0.042 0.116 0.027 0.056 0.190 0.059 0.431 0.007 0.062 
286 HI_SS0600    (0)    6 :  0.042 0.021 0.043 0.018 0.128 0.571 0.007 0.139 0.005 0.027 
287 HI_SS0601    (1)    6 :  0.046 0.010 0.006 0.013 0.016 0.015 0.008 0.008 0.011 0.868 
288 HI_SS0602    (1)    6 :  0.096 0.043 0.009 0.037 0.039 0.020 0.665 0.010 0.003 0.078 
289 HI_SS0604    (0)    6 :  0.062 0.024 0.171 0.040 0.487 0.020 0.141 0.024 0.003 0.028 
290 HI_SS0605    (1)    6 :  0.815 0.062 0.007 0.013 0.009 0.015 0.032 0.026 0.010 0.010 
291 HI_SS0608    (0)    6 :  0.112 0.032 0.476 0.086 0.066 0.013 0.105 0.077 0.002 0.032 
292 HI_SS0609    (0)    6 :  0.037 0.019 0.010 0.041 0.150 0.130 0.084 0.106 0.001 0.421 
293 HI_SS0611    (5)    6 :  0.676 0.051 0.009 0.020 0.165 0.005 0.046 0.011 0.002 0.015 
294 HI_SS0612    (0)    6 :  0.009 0.015 0.005 0.087 0.013 0.026 0.006 0.011 0.008 0.818 
295 HI_SS0613    (1)    6 :  0.527 0.008 0.038 0.278 0.033 0.057 0.013 0.007 0.002 0.037 
296 HI_SS0615    (1)    6 :  0.094 0.007 0.023 0.009 0.006 0.032 0.021 0.770 0.016 0.022 
297 HI_SS0001    (1)    6 :  0.057 0.083 0.041 0.032 0.039 0.120 0.013 0.552 0.007 0.055 
298 HI_SS0002    (1)    6 :  0.013 0.007 0.061 0.199 0.043 0.308 0.053 0.004 0.036 0.278 
299 HI_SS0004    (0)    6 :  0.079 0.194 0.435 0.074 0.039 0.006 0.039 0.106 0.008 0.020 
300 HI_SS0005    (1)    6 :  0.081 0.084 0.008 0.048 0.007 0.648 0.095 0.010 0.008 0.011 
301 HI_SS0006    (1)    6 :  0.016 0.020 0.011 0.011 0.771 0.102 0.014 0.014 0.002 0.039 
302 HI_SS0007    (1)    6 :  0.049 0.350 0.550 0.006 0.013 0.006 0.013 0.004 0.003 0.006 
303 HI_SS0008    (0)    6 :  0.509 0.032 0.006 0.039 0.026 0.181 0.019 0.046 0.064 0.079 
304 HI_SS0009    (0)    6 :  0.056 0.025 0.140 0.081 0.013 0.018 0.299 0.084 0.009 0.275 
305 HI_SS0010    (1)    6 :  0.018 0.208 0.032 0.358 0.025 0.157 0.094 0.006 0.005 0.097 
306 HI_SS0011    (1)    6 :  0.041 0.058 0.012 0.046 0.006 0.627 0.071 0.009 0.084 0.045 
307 HI_SS0012    (0)    6 :  0.037 0.008 0.005 0.128 0.063 0.091 0.320 0.195 0.009 0.146 
308 HI_SS0017    (1)    6 :  0.007 0.022 0.861 0.013 0.007 0.016 0.006 0.057 0.003 0.008 
309 HI_SS0021    (1)    6 :  0.114 0.028 0.042 0.058 0.145 0.120 0.197 0.011 0.234 0.051 
310 HI_SS0024    (1)    6 :  0.028 0.046 0.181 0.082 0.143 0.293 0.029 0.179 0.004 0.015 
311 HI_SS0025    (1)    6 :  0.057 0.009 0.301 0.330 0.029 0.015 0.133 0.078 0.007 0.041 
312 HI_SS0027    (0)    6 :  0.015 0.753 0.005 0.014 0.070 0.009 0.016 0.022 0.029 0.067 
313 HI_SS0028    (0)    6 :  0.029 0.006 0.019 0.770 0.008 0.103 0.011 0.010 0.003 0.041 
314 HI_SS0029    (1)    6 :  0.036 0.046 0.024 0.113 0.072 0.024 0.194 0.439 0.016 0.036 
315 HI_SS0030    (2)    6 :  0.035 0.037 0.213 0.015 0.092 0.073 0.282 0.145 0.007 0.101 
316 HI_SS0031    (0)    6 :  0.013 0.012 0.008 0.051 0.025 0.730 0.029 0.086 0.005 0.041 
317 HI_SS0034    (0)    6 :  0.052 0.335 0.024 0.016 0.393 0.050 0.067 0.030 0.006 0.027 
318 HI_SS0036    (0)    6 :  0.334 0.273 0.004 0.012 0.094 0.191 0.035 0.033 0.014 0.010 
319 HI_SS0037    (1)    6 :  0.036 0.068 0.039 0.670 0.101 0.013 0.036 0.007 0.009 0.021 
320 HI_SS0039    (0)    6 :  0.025 0.309 0.038 0.033 0.055 0.236 0.227 0.025 0.004 0.049 
321 HI_SS0041    (1)    6 :  0.205 0.005 0.034 0.024 0.009 0.007 0.012 0.691 0.002 0.011 
322 HI_SS0042    (1)    6 :  0.264 0.012 0.031 0.137 0.020 0.038 0.075 0.204 0.142 0.077 
323 HI_SS0043    (1)    6 :  0.490 0.137 0.012 0.010 0.267 0.037 0.014 0.023 0.004 0.007 
324 HI_SS0044    (1)    6 :  0.008 0.112 0.785 0.024 0.010 0.006 0.031 0.013 0.004 0.007 
325 HI_SS0047    (1)    6 :  0.058 0.015 0.361 0.020 0.046 0.335 0.084 0.055 0.003 0.022 
326 HI_SS0049    (1)    6 :  0.144 0.039 0.254 0.060 0.038 0.041 0.220 0.086 0.008 0.110 
327 HI_SS0051    (1)    6 :  0.664 0.009 0.011 0.175 0.053 0.010 0.038 0.008 0.004 0.028 
328 HI_SS0053    (1)    6 :  0.011 0.327 0.020 0.018 0.503 0.029 0.009 0.047 0.006 0.030 
329 HI_SS0054    (4)    6 :  0.010 0.374 0.013 0.008 0.173 0.021 0.123 0.006 0.005 0.268 
330 HI_SS0057    (0)    6 :  0.075 0.038 0.643 0.012 0.014 0.168 0.009 0.011 0.005 0.025 
331 HI_SS0058    (0)    6 :  0.037 0.016 0.024 0.606 0.029 0.009 0.024 0.006 0.007 0.243 
332 HI_SS0060    (0)    6 :  0.033 0.054 0.013 0.010 0.010 0.552 0.109 0.027 0.122 0.068 
333 HI_SS0087    (1)    6 :  0.025 0.013 0.014 0.020 0.807 0.024 0.028 0.021 0.005 0.042 
334 HI_SS0091    (1)    6 :  0.008 0.019 0.010 0.031 0.834 0.057 0.007 0.022 0.002 0.009 
335 HI_SS0095    (1)    6 :  0.100 0.022 0.009 0.071 0.139 0.087 0.024 0.281 0.067 0.199 
336 HI_SS0097    (3)    6 :  0.047 0.009 0.007 0.439 0.012 0.108 0.012 0.036 0.007 0.323 
337 HI_SS0099    (1)    6 :  0.051 0.009 0.150 0.067 0.155 0.239 0.223 0.067 0.005 0.034 
338 HI_SS0103    (0)    6 :  0.016 0.025 0.771 0.018 0.023 0.070 0.007 0.056 0.005 0.010 
339 HI_SS0105    (1)    6 :  0.011 0.022 0.056 0.071 0.072 0.628 0.018 0.029 0.046 0.049 
340 HI_SS0107    (1)    6 :  0.012 0.011 0.536 0.014 0.021 0.032 0.030 0.100 0.001 0.243 
341 HI_SS0108    (1)    6 :  0.011 0.828 0.018 0.006 0.047 0.009 0.018 0.017 0.036 0.008 
342 HI_SS0110    (0)    6 :  0.025 0.014 0.011 0.011 0.066 0.469 0.005 0.376 0.002 0.020 
343 HI_SS0111    (1)    6 :  0.156 0.018 0.042 0.032 0.032 0.473 0.047 0.099 0.042 0.059 
344 HI_SS0112    (0)    6 :  0.008 0.933 0.004 0.008 0.009 0.008 0.008 0.007 0.002 0.012 
345 HI_SS0113    (1)    6 :  0.070 0.006 0.080 0.109 0.055 0.335 0.033 0.289 0.006 0.017 
346 HI_SS0114    (1)    6 :  0.018 0.014 0.004 0.006 0.059 0.009 0.863 0.009 0.006 0.010 
347 HI_SS0115    (1)    6 :  0.030 0.024 0.021 0.273 0.008 0.007 0.060 0.036 0.015 0.526 
348 HI_SS0116    (4)    6 :  0.006 0.014 0.029 0.017 0.841 0.009 0.035 0.030 0.004 0.015 
349 HI_SS0117    (0)    6 :  0.012 0.057 0.011 0.046 0.254 0.223 0.006 0.023 0.003 0.366 
350 HI_SS0118    (0)    6 :  0.011 0.006 0.014 0.084 0.553 0.027 0.273 0.005 0.013 0.014 
351 HI_SS0119    (1)    6 :  0.013 0.222 0.008 0.008 0.029 0.668 0.009 0.025 0.004 0.013 
352 HI_SS0120    (1)    6 :  0.005 0.004 0.936 0.006 0.009 0.009 0.004 0.011 0.005 0.011 
353 HI_SS0121    (0)    6 :  0.036 0.004 0.011 0.044 0.028 0.739 0.020 0.013 0.002 0.101 
354 HI_SS0122    (2)    6 :  0.158 0.096 0.038 0.119 0.037 0.359 0.015 0.113 0.028 0.036 
355 HI_SS0123    (0)    6 :  0.069 0.007 0.030 0.036 0.491 0.264 0.020 0.016 0.007 0.061 
356 HI_SS0124    (1)    6 :  0.063 0.037 0.717 0.037 0.008 0.016 0.024 0.056 0.005 0.038 
357 HI_SS0125    (1)    6 :  0.025 0.003 0.009 0.010 0.010 0.369 0.071 0.438 0.043 0.022 
358 HI_SS0126    (0)    6 :  0.014 0.825 0.058 0.020 0.020 0.018 0.017 0.017 0.001 0.010 
359 HI_SS0127    (0)    6 :  0.621 0.046 0.017 0.198 0.015 0.016 0.014 0.014 0.014 0.046 
360 HI_SS0128    (0)    6 :  0.025 0.014 0.030 0.027 0.195 0.023 0.044 0.603 0.005 0.034 
361 HI_SS0129    (1)    6 :  0.294 0.105 0.085 0.068 0.040 0.028 0.176 0.162 0.015 0.028 
362 HI_SS0131    (2)    6 :  0.004 0.019 0.003 0.014 0.005 0.009 0.911 0.005 0.025 0.005 
363 HI_SS0132    (0)    6 :  0.006 0.042 0.006 0.012 0.007 0.856 0.010 0.006 0.001 0.055 
364 HI_SS0133    (1)    6 :  0.007 0.927 0.006 0.003 0.022 0.009 0.009 0.011 0.002 0.003 
365 HI_SS0134    (1)    6 :  0.015 0.140 0.043 0.167 0.049 0.440 0.042 0.016 0.004 0.085 
366 HI_SS0142    (3)    6 :  0.005 0.008 0.005 0.058 0.029 0.840 0.007 0.008 0.020 0.021 
367 HI_SS0145    (0)    6 :  0.055 0.202 0.015 0.024 0.024 0.049 0.011 0.042 0.002 0.576 
368 HI_SS0146    (1)    6 :  0.029 0.455 0.024 0.031 0.199 0.027 0.177 0.010 0.002 0.045 
369 HI_SS0147    (1)    6 :  0.254 0.015 0.087 0.038 0.010 0.019 0.015 0.051 0.039 0.472 
370 HI_SS0149    (1)    6 :  0.012 0.033 0.009 0.046 0.008 0.856 0.006 0.011 0.006 0.012 
371 HI_SS0150    (2)    6 :  0.059 0.017 0.037 0.040 0.024 0.085 0.558 0.122 0.007 0.050 
372 HI_SS0151    (0)    6 :  0.290 0.023 0.014 0.006 0.042 0.011 0.031 0.404 0.018 0.162 
373 NS_SS1451    (1)    6 :  0.185 0.046 0.369 0.026 0.005 0.077 0.133 0.113 0.005 0.041 
374 NS_SS1404    (0)    6 :  0.208 0.027 0.513 0.030 0.012 0.035 0.064 0.011 0.031 0.067 
375 NS_SS1432    (2)    6 :  0.072 0.012 0.124 0.020 0.026 0.447 0.026 0.208 0.055 0.009 
376 NS_SS1405    (5)    6 :  0.018 0.107 0.007 0.678 0.019 0.023 0.068 0.050 0.005 0.026 
377 NS_SS1431   (10)    6 :  0.010 0.019 0.476 0.012 0.018 0.231 0.110 0.099 0.001 0.024 
378 NS_SS1402    (3)    6 :  0.035 0.013 0.032 0.182 0.034 0.030 0.036 0.121 0.005 0.512 
379 NS_SS1450    (3)    6 :  0.017 0.557 0.096 0.042 0.013 0.063 0.028 0.137 0.006 0.043 
380 NS_SS1396    (0)    6 :  0.076 0.009 0.014 0.724 0.039 0.038 0.035 0.034 0.011 0.021 
381 NS_SS1393    (5)    6 :  0.055 0.007 0.004 0.249 0.622 0.015 0.015 0.014 0.007 0.012 
382 NS_SS1392   (10)    6 :  0.031 0.021 0.244 0.005 0.013 0.020 0.034 0.596 0.030 0.006 
383 NS_SS1445    (0)    6 :  0.347 0.035 0.006 0.043 0.489 0.019 0.014 0.022 0.013 0.012 
384 NS_SS1423    (0)    6 :  0.042 0.295 0.014 0.050 0.215 0.102 0.018 0.060 0.002 0.201 
385 NS_SS1421    (9)    6 :  0.045 0.667 0.007 0.038 0.032 0.015 0.064 0.026 0.097 0.008 
386 NS_SS1411    (6)    6 :  0.014 0.368 0.010 0.024 0.047 0.005 0.507 0.014 0.003 0.007 
387 NS_SS1453    (6)    6 :  0.144 0.030 0.126 0.088 0.366 0.118 0.014 0.032 0.013 0.069 
388 NS_SS1442    (3)    6 :  0.214 0.146 0.010 0.012 0.049 0.068 0.425 0.032 0.005 0.039 
389 NS_SS1422    (1)    6 :  0.013 0.027 0.010 0.022 0.031 0.011 0.010 0.035 0.012 0.828 
390 NS_SS1419    (1)    6 :  0.012 0.007 0.065 0.260 0.011 0.020 0.436 0.007 0.177 0.006 
391 NS_SS1427    (0)    6 :  0.012 0.249 0.005 0.010 0.015 0.012 0.007 0.674 0.002 0.012 
392 NS_SS1444    (4)    6 :  0.477 0.008 0.233 0.060 0.043 0.030 0.068 0.010 0.009 0.062 
393 NS_SS1455    (0)    6 :  0.027 0.040 0.090 0.029 0.038 0.017 0.517 0.010 0.002 0.230 
394 NS_SS1425    (2)    6 :  0.065 0.666 0.008 0.020 0.114 0.010 0.096 0.014 0.002 0.005 
395 NS_SS1400    (0)    6 :  0.006 0.783 0.011 0.036 0.088 0.004 0.039 0.018 0.002 0.013 
396 NS_SS1406    (2)    6 :  0.018 0.005 0.010 0.186 0.018 0.084 0.043 0.046 0.013 0.578 
397 NS_SS1417    (6)    6 :  0.020 0.029 0.427 0.067 0.096 0.071 0.142 0.062 0.012 0.074 
398 NS_SS1454    (3)    6 :  0.036 0.255 0.031 0.063 0.081 0.092 0.381 0.027 0.001 0.033 
399 NS_SS1412    (1)    6 :  0.093 0.298 0.334 0.090 0.049 0.055 0.024 0.008 0.042 0.007 
400 NS_SS1438    (1)    6 :  0.046 0.036 0.024 0.055 0.757 0.010 0.027 0.017 0.003 0.025 
401 NS_SS1416    (4)    6 :  0.041 0.008 0.029 0.618 0.211 0.029 0.015 0.026 0.007 0.017 
