   NS_SS0963  1 0.0325 0.0151 0.0090 0.0057 0.1146 0.8231 
   NS_SS0983  1 0.8838 0.0440 0.0049 0.0038 0.0075 0.0560 
   NS_SS0719  1 0.1081 0.0459 0.1150 0.0058 0.0121 0.7131 
   NS_SS1001  1 0.0557 0.0404 0.8703 0.0079 0.0139 0.0118 
   NS_SS0936  1 0.0850 0.0347 0.3183 0.0037 0.3816 0.1766 
   NS_SS0955  1 0.0687 0.2063 0.0301 0.0041 0.0563 0.6345 
   NS_SS0944  1 0.2066 0.4440 0.0187 0.0033 0.2831 0.0442 
   NS_SS0945  1 0.1630 0.1332 0.5309 0.0125 0.1412 0.0191 
   NS_SS0922  1 0.0589 0.0161 0.3842 0.0414 0.3538 0.1454 
   NS_SS0929  1 0.0992 0.0868 0.5661 0.0047 0.1603 0.0830 
   NS_SS0956  1 0.1623 0.0166 0.7055 0.0059 0.0588 0.0509 
   NS_SS0906  1 0.6171 0.0139 0.0366 0.0048 0.1724 0.1552 
   NS_SS0721  1 0.8806 0.0126 0.0181 0.0047 0.0063 0.0778 
   NS_SS0982  1 0.0254 0.0159 0.0523 0.0242 0.0726 0.8096 
   NS_SS0923  1 0.0777 0.0323 0.6511 0.0048 0.0821 0.1520 
   NS_SS0905  1 0.4000 0.1437 0.2649 0.0023 0.0210 0.1682 
   NS_SS0925  1 0.4745 0.0205 0.0795 0.0066 0.1412 0.2777 
   NS_SS0947  1 0.0133 0.0204 0.0414 0.0055 0.9015 0.0178 
   NS_SS0926  1 0.0785 0.5198 0.1462 0.0016 0.0144 0.2395 
   NS_SS0918  1 0.1763 0.1258 0.4761 0.0036 0.1968 0.0214 
   NS_SS0966  1 0.0152 0.0575 0.0082 0.0449 0.8529 0.0215 
   NS_SS0938  1 0.0343 0.0176 0.4115 0.0024 0.0360 0.4981 
   NS_SS0917  1 0.0346 0.0125 0.0479 0.0341 0.0059 0.8650 
   NS_SS0957  1 0.0366 0.1056 0.7423 0.0084 0.0618 0.0453 
   NS_SS0987  1 0.1969 0.0250 0.5070 0.2393 0.0183 0.0135 
   NS_SS0717  1 0.0534 0.0228 0.6748 0.0031 0.2170 0.0288 
   NS_SS0986  1 0.6778 0.0355 0.2053 0.0054 0.0597 0.0163 
   NS_SS0953  1 0.0140 0.0102 0.0104 0.0178 0.9395 0.0081 
   NS_SS0907  1 0.4015 0.0571 0.0267 0.0576 0.1867 0.2706 
   NS_SS0974  1 0.0780 0.1643 0.0830 0.0047 0.2186 0.4515 
   NS_SS0989  1 0.0497 0.7716 0.0154 0.0015 0.0807 0.0811 
   NS_SS0991  1 0.9111 0.0479 0.0046 0.0029 0.0135 0.0200 
   NS_SS0994  1 0.0821 0.7890 0.0216 0.0029 0.0207 0.0836 
   NS_SS0931  1 0.1754 0.6486 0.1211 0.0148 0.0147 0.0255 
   NS_SS1000  1 0.0316 0.0140 0.1500 0.0059 0.7789 0.0196 
   NS_SS0919  1 0.2481 0.1063 0.0238 0.0035 0.0436 0.5747 
   NS_SS0949  1 0.3731 0.4065 0.0107 0.0015 0.0188 0.1894 
   NS_SS0960  1 0.0495 0.6506 0.1010 0.0079 0.0309 0.1602 
   NS_SS0716  1 0.0090 0.0074 0.9623 0.0085 0.0077 0.0050 
   NS_SS0924  1 0.0992 0.7799 0.0321 0.0283 0.0284 0.0320 
   NS_SS0935  1 0.0629 0.8203 0.0397 0.0139 0.0170 0.0462 
   NS_SS0952  1 0.0502 0.4176 0.0205 0.0498 0.3326 0.1293 
   NS_SS0962  1 0.2334 0.0140 0.4270 0.0126 0.0979 0.2151 
   NS_SS0973  1 0.5331 0.0270 0.0076 0.0042 0.0415 0.3865 
   NS_SS0722  1 0.0663 0.0088 0.5936 0.0028 0.3136 0.0149 
   NS_SS0979  1 0.1039 0.0140 0.7149 0.0027 0.0417 0.1229 
   NS_SS0993  1 0.5513 0.0128 0.0976 0.0271 0.2102 0.1010 
   NS_SS0958  1 0.0167 0.8298 0.0777 0.0040 0.0489 0.0228 
   NS_SS0988  1 0.1635 0.0202 0.1155 0.0077 0.2890 0.4040 
   NS_SS1003  1 0.1495 0.0111 0.0103 0.0105 0.0474 0.7712 
   NS_SS0976  1 0.0703 0.7944 0.0209 0.0027 0.0888 0.0230 
   NS_SS0964  1 0.0557 0.0498 0.3032 0.0028 0.5803 0.0082 
   NS_SS0939  1 0.0137 0.0071 0.9592 0.0052 0.0064 0.0084 
   NS_SS0990  1 0.0649 0.0186 0.7245 0.0044 0.0226 0.1651 
   NS_SS0984  1 0.0091 0.0094 0.9511 0.0025 0.0129 0.0150 
   NS_SS0980  1 0.0450 0.0578 0.1191 0.0023 0.5697 0.2061 
   NS_SS0978  1 0.0097 0.0573 0.0612 0.0035 0.1035 0.7648 
   NS_SS0951  1 0.7045 0.0857 0.0970 0.0043 0.0564 0.0521 
   NS_SS0913  1 0.2789 0.0209 0.6356 0.0417 0.0084 0.0145 
   NS_SS1002  1 0.0104 0.0105 0.0194 0.0396 0.6525 0.2676 
   NS_SS0948  1 0.5127 0.0185 0.2860 0.0471 0.0911 0.0446 
   NS_SS0916  1 0.1531 0.0732 0.0790 0.0061 0.0104 0.6782 
   NS_SS0995  1 0.2274 0.0132 0.4202 0.0040 0.0435 0.2916 
   NS_SS0927  1 0.0135 0.0296 0.0228 0.0072 0.0175 0.9093 
   NS_SS0992  1 0.1122 0.2286 0.0158 0.0046 0.3664 0.2724 
   NS_SS0912  1 0.8867 0.0550 0.0213 0.0030 0.0102 0.0238 
   NS_SS0981  1 0.2585 0.1356 0.2413 0.0039 0.0959 0.2647 
   NS_SS0729  2 0.0184 0.7893 0.0061 0.0044 0.1483 0.0335 
   NS_SS0967  2 0.0388 0.1927 0.0857 0.0170 0.3450 0.3208 
   NS_SS0941  2 0.0272 0.1917 0.2710 0.0932 0.0615 0.3555 
   NS_SS0768  2 0.0572 0.0734 0.1565 0.0062 0.6534 0.0531 
   NS_SS0726  2 0.0154 0.0997 0.0115 0.0115 0.0322 0.8297 
   NS_SS0763  2 0.1286 0.5714 0.0443 0.0033 0.1604 0.0920 
   NS_SS0730  2 0.0228 0.0201 0.8179 0.0036 0.1126 0.0231 
   NS_SS0774  2 0.0418 0.0079 0.3014 0.0010 0.6096 0.0384 
   NS_SS0723  2 0.0559 0.0083 0.3452 0.0025 0.1345 0.4537 
   NS_SS0940  2 0.2250 0.2403 0.3573 0.0108 0.0137 0.1529 
   NS_SS0762  2 0.0102 0.0064 0.7763 0.0026 0.1937 0.0108 
   NS_SS0766  2 0.0459 0.1879 0.6903 0.0163 0.0121 0.0474 
   NS_SS0724  2 0.1023 0.0659 0.0578 0.0069 0.7577 0.0094 
   NS_SS0769  2 0.0990 0.0572 0.1568 0.0060 0.2026 0.4785 
   NS_SS0777  2 0.8449 0.0633 0.0295 0.0126 0.0243 0.0254 
   NS_SS0734  2 0.5367 0.1548 0.2070 0.0319 0.0177 0.0518 
   NS_SS0737  2 0.0211 0.0306 0.5157 0.0077 0.2372 0.1878 
   NS_SS0732  2 0.7140 0.0177 0.1217 0.0066 0.0211 0.1188 
   NS_SS0728  2 0.4870 0.0397 0.1564 0.0165 0.0412 0.2592 
   NS_SS0735  2 0.6409 0.0355 0.0212 0.0098 0.2764 0.0162 
   NS_SS0725  2 0.0156 0.0317 0.0291 0.0137 0.8968 0.0131 
   NS_SS0788  2 0.0338 0.0225 0.0781 0.0022 0.1523 0.7111 
   NS_SS0778  2 0.1549 0.0213 0.0890 0.0020 0.0959 0.6369 
   NS_SS0792  2 0.0934 0.0281 0.0310 0.0056 0.0226 0.8194 
   NS_SS0943  2 0.0922 0.2866 0.0091 0.0111 0.4005 0.2004 
   NS_SS0791  2 0.1869 0.4052 0.1364 0.0149 0.0057 0.2509 
   NS_SS0790  2 0.0147 0.0033 0.0163 0.0055 0.9532 0.0069 
   NS_SS0731  2 0.4547 0.0101 0.3190 0.0152 0.1894 0.0116 
   NS_SS0727  2 0.0294 0.6732 0.0768 0.0029 0.0256 0.1920 
   NS_SS0779  2 0.7407 0.0357 0.0924 0.0073 0.0172 0.1068 
   NS_SS0776  2 0.0409 0.2618 0.0645 0.0114 0.5952 0.0262 
   NS_SS0775  2 0.0105 0.0077 0.9321 0.0077 0.0304 0.0117 
   NS_SS0965  3 0.8388 0.0348 0.0507 0.0021 0.0434 0.0302 
   NS_SS0754  3 0.2054 0.4099 0.0584 0.0150 0.0231 0.2882 
   NS_SS0838  3 0.1286 0.2382 0.1566 0.0640 0.2342 0.1783 
   NS_SS0839  3 0.0121 0.0336 0.5965 0.0049 0.3292 0.0239 
   NS_SS0832  3 0.4847 0.0060 0.1362 0.0775 0.1518 0.1438 
   NS_SS0820  3 0.0739 0.0081 0.1491 0.0103 0.1671 0.5915 
   NS_SS0886  3 0.5971 0.2017 0.0700 0.0028 0.0435 0.0848 
   NS_SS0748  3 0.5237 0.2349 0.0617 0.0112 0.1512 0.0173 
   NS_SS0884  3 0.0262 0.0572 0.0265 0.0303 0.1727 0.6872 
   NS_SS0752  3 0.4035 0.1231 0.1783 0.0036 0.2306 0.0609 
   NS_SS0862  3 0.7661 0.0154 0.0738 0.0060 0.0656 0.0731 
   NS_SS0787  3 0.0226 0.4812 0.0265 0.0077 0.0282 0.4339 
   NS_SS0843  3 0.2343 0.0446 0.0143 0.0027 0.6794 0.0247 
   NS_SS0856  3 0.0592 0.0320 0.0491 0.0044 0.2512 0.6041 
   NS_SS0846  3 0.0120 0.0309 0.0079 0.0040 0.3550 0.5902 
   NS_SS0825  3 0.5013 0.0321 0.2214 0.0134 0.0374 0.1944 
   NS_SS0757  3 0.8309 0.0418 0.0244 0.0051 0.0358 0.0620 
   NS_SS0876  3 0.0871 0.0146 0.0142 0.2246 0.6302 0.0292 
   NS_SS0903  3 0.0333 0.0095 0.0117 0.0029 0.9235 0.0191 
   NS_SS0875  3 0.0368 0.0115 0.9045 0.0036 0.0165 0.0272 
   NS_SS0740  3 0.7895 0.0478 0.0292 0.0044 0.0818 0.0472 
   NS_SS0811  3 0.0859 0.0140 0.8441 0.0141 0.0341 0.0077 
   NS_SS0751  3 0.1794 0.1377 0.4372 0.0029 0.0712 0.1717 
   NS_SS0891  3 0.0136 0.0100 0.1132 0.0055 0.8387 0.0190 
   NS_SS0867  3 0.1546 0.0143 0.0137 0.0244 0.0301 0.7628 
   NS_SS0890  3 0.0710 0.0297 0.2922 0.0050 0.0307 0.5713 
   NS_SS0866  3 0.0336 0.1385 0.0181 0.0067 0.0139 0.7893 
   NS_SS0755  3 0.1076 0.0177 0.0922 0.0087 0.0789 0.6949 
   NS_SS0758  3 0.7783 0.0448 0.0220 0.0030 0.1138 0.0382 
   NS_SS0840  3 0.0389 0.0108 0.2586 0.0031 0.6364 0.0523 
   NS_SS0889  3 0.5075 0.2749 0.0583 0.0028 0.0608 0.0957 
   NS_SS1010  3 0.0149 0.0672 0.0389 0.0524 0.5752 0.2514 
   NS_SS0888  3 0.0751 0.5324 0.0147 0.0014 0.0168 0.3597 
   NS_SS0837  3 0.6444 0.0376 0.0988 0.0038 0.1907 0.0248 
   NS_SS0794  3 0.0380 0.8749 0.0274 0.0033 0.0235 0.0328 
   NS_SS0823  3 0.2516 0.0204 0.0206 0.0062 0.6333 0.0678 
   NS_SS0829  3 0.7290 0.0812 0.0278 0.1027 0.0109 0.0484 
   NS_SS0844  3 0.0193 0.0059 0.0082 0.0022 0.9508 0.0136 
   NS_SS1008  3 0.0568 0.6191 0.2148 0.0216 0.0664 0.0214 
   NS_SS0881  3 0.0565 0.0514 0.7248 0.0047 0.0144 0.1482 
   NS_SS0834  3 0.0105 0.0125 0.0134 0.0089 0.9389 0.0158 
   NS_SS0744  3 0.0718 0.0143 0.0116 0.0074 0.0277 0.8673 
   NS_SS0899  3 0.2791 0.0066 0.1544 0.0021 0.5403 0.0175 
   NS_SS0804  3 0.4891 0.0081 0.1329 0.0056 0.1849 0.1794 
   NS_SS0781  3 0.0359 0.0059 0.0765 0.0048 0.8320 0.0449 
   NS_SS0822  3 0.2800 0.6276 0.0066 0.0024 0.0346 0.0488 
   NS_SS1004  3 0.2397 0.1251 0.0257 0.0054 0.5215 0.0825 
   NS_SS0746  3 0.5754 0.1077 0.0962 0.0181 0.1727 0.0299 
   NS_SS0880  3 0.0930 0.2856 0.0438 0.0023 0.4885 0.0867 
   NS_SS0879  3 0.0242 0.0530 0.1118 0.0212 0.7376 0.0521 
   NS_SS0753  3 0.6937 0.1154 0.0203 0.0118 0.0145 0.1443 
   NS_SS1007  3 0.0112 0.0363 0.1067 0.0025 0.0123 0.8311 
   NS_SS0872  3 0.0883 0.0270 0.1514 0.0030 0.7031 0.0273 
   NS_SS1005  3 0.1090 0.0174 0.0210 0.0016 0.8161 0.0347 
   NS_SS0892  3 0.0655 0.0352 0.3311 0.0028 0.0299 0.5355 
   NS_SS0898  3 0.1160 0.4994 0.3408 0.0089 0.0146 0.0204 
   NS_SS0801  3 0.6413 0.0208 0.0350 0.0116 0.2758 0.0155 
   NS_SS0827  3 0.0526 0.4321 0.3142 0.1435 0.0265 0.0312 
   NS_SS0853  3 0.0136 0.0682 0.8907 0.0065 0.0119 0.0092 
   NS_SS0780  3 0.1223 0.0125 0.1235 0.0056 0.1427 0.5934 
   NS_SS0826  3 0.0137 0.0256 0.0061 0.0039 0.8897 0.0609 
   NS_SS0818  3 0.0336 0.0109 0.0454 0.0022 0.0437 0.8643 
   NS_SS0745  3 0.0104 0.0061 0.9647 0.0019 0.0081 0.0089 
   NS_SS0849  3 0.8876 0.0099 0.0277 0.0022 0.0193 0.0535 
   NS_SS0739  3 0.0466 0.0153 0.2492 0.0202 0.0089 0.6599 
   NS_SS0799  3 0.1056 0.3045 0.1141 0.0020 0.0115 0.4623 
   NS_SS0756  3 0.0467 0.0136 0.0557 0.0056 0.8175 0.0609 
   NS_SS0802  3 0.0055 0.0239 0.0126 0.1831 0.0064 0.7685 
   NS_SS0747  3 0.5634 0.0303 0.0319 0.0068 0.2365 0.1310 
   NS_SS0835  3 0.0314 0.0771 0.0324 0.0016 0.0588 0.7987 
   NS_SS0742  3 0.1409 0.0249 0.0531 0.0017 0.0322 0.7472 
   NS_SS0760  3 0.1175 0.7616 0.0408 0.0526 0.0172 0.0103 
   NS_SS0803  3 0.0499 0.0083 0.0117 0.0110 0.9108 0.0083 
   NS_SS0828  3 0.2228 0.3920 0.3370 0.0026 0.0191 0.0266 
   NS_SS0865  3 0.0719 0.0197 0.0291 0.0314 0.0296 0.8182 
   NS_SS0759  3 0.6678 0.0087 0.1867 0.0061 0.0711 0.0595 
   NS_SS0851  3 0.0302 0.0140 0.8924 0.0156 0.0387 0.0091 
   NS_SS0874  3 0.0138 0.0078 0.0146 0.0017 0.9423 0.0198 
   NS_SS0761  3 0.7014 0.2313 0.0250 0.0032 0.0162 0.0230 
   NS_SS0842  3 0.0876 0.0432 0.7630 0.0085 0.0691 0.0286 
   NS_SS0785  3 0.6691 0.1183 0.0160 0.0081 0.0907 0.0978 
   NS_SS0860  3 0.0352 0.0364 0.0172 0.0030 0.0160 0.8922 
   NS_SS0897  3 0.0259 0.9289 0.0109 0.0025 0.0137 0.0181 
   NS_SS0841  3 0.2851 0.0345 0.5773 0.0052 0.0520 0.0459 
   NS_SS0797  3 0.1190 0.7124 0.1112 0.0281 0.0158 0.0135 
   NS_SS0830  3 0.2108 0.1995 0.3056 0.0035 0.1995 0.0810 
   NS_SS1011  3 0.0215 0.0080 0.0124 0.0079 0.6737 0.2766 
   NS_SS0883  3 0.8065 0.0517 0.0983 0.0053 0.0080 0.0303 
   NS_SS0782  3 0.4843 0.0528 0.1135 0.0026 0.3066 0.0402 
   NS_SS0831  3 0.8172 0.0964 0.0336 0.0037 0.0288 0.0202 
   NS_SS0749  3 0.8303 0.0575 0.0540 0.0060 0.0070 0.0450 
   NS_SS0854  3 0.1059 0.3234 0.0247 0.0041 0.3118 0.2301 
   HI_SS0193  4 0.0242 0.9295 0.0129 0.0022 0.0212 0.0100 
   HI_SS0194  4 0.0091 0.0108 0.0209 0.0024 0.9373 0.0196 
   HI_SS0195  4 0.3538 0.0060 0.1722 0.1176 0.3066 0.0437 
   HI_SS0196  4 0.5127 0.0342 0.1298 0.0035 0.2935 0.0264 
   HI_SS0197  4 0.0096 0.0046 0.0204 0.0129 0.0134 0.9390 
   HI_SS0198  4 0.5175 0.1167 0.2312 0.0145 0.0317 0.0884 
   HI_SS0199  4 0.0607 0.3369 0.0524 0.0035 0.0211 0.5254 
   HI_SS0201  4 0.0365 0.8970 0.0070 0.0031 0.0253 0.0311 
   HI_SS0215  4 0.6957 0.0680 0.0104 0.0036 0.0384 0.1839 
   HI_SS0218  4 0.0056 0.9715 0.0085 0.0058 0.0036 0.0050 
   HI_SS0222  4 0.4215 0.0450 0.4550 0.0077 0.0395 0.0312 
   HI_SS0230  4 0.2522 0.0330 0.2353 0.0078 0.2317 0.2399 
   HI_SS0234  4 0.0233 0.1100 0.0524 0.1530 0.4881 0.1732 
   HI_SS0240  4 0.0177 0.1522 0.1378 0.0132 0.0417 0.6374 
   HI_SS0241  4 0.0459 0.2819 0.0437 0.0033 0.1049 0.5202 
   HI_SS0242  4 0.3458 0.1351 0.1576 0.0049 0.2690 0.0877 
   HI_SS0247  4 0.0282 0.0256 0.0139 0.0309 0.8577 0.0437 
   HI_SS0248  4 0.0260 0.9029 0.0301 0.0011 0.0270 0.0129 
   HI_SS0252  4 0.7784 0.0133 0.0799 0.0026 0.0845 0.0414 
   HI_SS0254  4 0.0838 0.2786 0.0342 0.0923 0.0229 0.4882 
   HI_SS0256  4 0.0066 0.0045 0.0127 0.0017 0.9575 0.0171 
   HI_SS0257  4 0.0243 0.0972 0.0162 0.0031 0.1474 0.7118 
   HI_SS0258  4 0.0535 0.8772 0.0187 0.0062 0.0125 0.0319 
   HI_SS0259  4 0.0202 0.0245 0.0210 0.0032 0.0537 0.8774 
   HI_SS0260  4 0.0170 0.8379 0.0613 0.0023 0.0234 0.0581 
   HI_SS0261  4 0.0619 0.4281 0.1947 0.0063 0.1059 0.2030 
   HI_SS0262  4 0.0363 0.0130 0.1685 0.0090 0.1119 0.6613 
   HI_SS0264  4 0.0415 0.0216 0.5147 0.0066 0.3203 0.0953 
   HI_SS0265  4 0.1167 0.0197 0.2159 0.1239 0.0348 0.4889 
   HI_SS0268  4 0.0362 0.5050 0.2677 0.0062 0.0697 0.1151 
   HI_SS0269  4 0.0703 0.6410 0.0103 0.0020 0.0404 0.2360 
   HI_SS0273  4 0.0302 0.8577 0.0132 0.0018 0.0186 0.0785 
   HI_SS0277  4 0.0551 0.0153 0.0449 0.0047 0.0225 0.8576 
   HI_SS0280  4 0.1481 0.0612 0.7341 0.0074 0.0133 0.0358 
   HI_SS0282  4 0.7901 0.0595 0.0077 0.0020 0.0723 0.0685 
   HI_SS0286  4 0.3318 0.1173 0.0578 0.0120 0.0357 0.4454 
   NS_SS1252  5 0.7780 0.1068 0.0264 0.0031 0.0114 0.0742 
   NS_SS1261  5 0.2653 0.0185 0.2806 0.0225 0.0316 0.3816 
   NS_SS1225  5 0.0168 0.0369 0.0055 0.0722 0.8563 0.0122 
   NS_SS1266  5 0.0458 0.0077 0.0245 0.0097 0.8850 0.0273 
   NS_SS1228  5 0.1531 0.0641 0.5060 0.0260 0.1101 0.1408 
   NS_SS1255  5 0.0263 0.0376 0.1444 0.0021 0.7774 0.0122 
   NS_SS1267  5 0.0364 0.9010 0.0142 0.0184 0.0070 0.0230 
   NS_SS1238  5 0.3494 0.3960 0.1349 0.0031 0.0750 0.0416 
   NS_SS1233  5 0.0402 0.0387 0.0267 0.0028 0.8844 0.0073 
   NS_SS1277  5 0.0174 0.9098 0.0524 0.0011 0.0067 0.0127 
   NS_SS1245  5 0.4708 0.2144 0.1220 0.0031 0.1409 0.0489 
   NS_SS1240  5 0.0128 0.9440 0.0080 0.0026 0.0124 0.0202 
   NS_SS1275  5 0.0171 0.0085 0.0521 0.0045 0.1848 0.7329 
   NS_SS1235  5 0.0060 0.0200 0.0062 0.0071 0.9338 0.0268 
   NS_SS1263  5 0.0065 0.0100 0.0152 0.0013 0.9574 0.0096 
   NS_SS1251  5 0.0212 0.0107 0.0286 0.0018 0.9239 0.0137 
   NS_SS1248  5 0.8455 0.0189 0.0361 0.0775 0.0076 0.0145 
   NS_SS1244  5 0.0225 0.8198 0.0099 0.0078 0.0319 0.1080 
   NS_SS1257  5 0.0967 0.8127 0.0115 0.0365 0.0302 0.0125 
   NS_SS1242  5 0.0174 0.0073 0.2790 0.0041 0.6523 0.0398 
   NS_SS1271  5 0.0465 0.8354 0.0406 0.0399 0.0061 0.0314 
   NS_SS1265  5 0.6019 0.1295 0.0888 0.0192 0.0819 0.0787 
   NS_SS1243  5 0.8104 0.0120 0.0507 0.0913 0.0218 0.0137 
   NS_SS1273  5 0.0152 0.0120 0.9079 0.0122 0.0372 0.0155 
   NS_SS1254  5 0.0453 0.0140 0.6459 0.0115 0.2439 0.0393 
   NS_SS1224  5 0.1013 0.0129 0.0862 0.0120 0.7507 0.0370 
   NS_SS1227  5 0.0206 0.1212 0.2030 0.0023 0.0069 0.6460 
   NS_SS1274  5 0.0326 0.8006 0.0436 0.0212 0.0838 0.0182 
   NS_SS1241  5 0.0608 0.8187 0.0133 0.0013 0.0617 0.0441 
   NS_SS1256  5 0.0161 0.1320 0.0413 0.0525 0.7199 0.0382 
   NS_SS1260  5 0.0645 0.3415 0.0201 0.0677 0.0212 0.4851 
   NS_SS1262  5 0.1540 0.4222 0.0353 0.1848 0.1076 0.0960 
   NS_SS1230  5 0.1287 0.7724 0.0497 0.0115 0.0282 0.0095 
   NS_SS1270  5 0.9053 0.0071 0.0093 0.0025 0.0361 0.0398 
   NS_SS1229  5 0.0147 0.0081 0.0152 0.0054 0.0560 0.9006 
   NS_SS1246  5 0.0610 0.5514 0.0432 0.0036 0.0476 0.2931 
   NS_SS1269  5 0.6950 0.1703 0.0579 0.0020 0.0374 0.0375 
   NS_SS1239  5 0.1868 0.0103 0.0376 0.0056 0.0106 0.7491 
   NS_SS1272  5 0.0085 0.0115 0.0100 0.0095 0.6514 0.3091 
   NS_SS1268  5 0.7975 0.0127 0.1045 0.0041 0.0713 0.0098 
   NS_SS1249  5 0.0581 0.8290 0.0205 0.0168 0.0638 0.0118 
   HI_SS0559  6 0.5301 0.2602 0.0442 0.0030 0.1425 0.0201 
   HI_SS0563  6 0.1459 0.0633 0.1278 0.0037 0.6321 0.0272 
   HI_SS0564  6 0.5683 0.0332 0.0668 0.0689 0.0550 0.2080 
   HI_SS0565  6 0.1125 0.0174 0.0787 0.0036 0.0539 0.7338 
   HI_SS0569  6 0.8342 0.1077 0.0078 0.0033 0.0105 0.0365 
   HI_SS0570  6 0.0538 0.3696 0.1793 0.0504 0.0593 0.2876 
   HI_SS0572  6 0.0090 0.0122 0.0262 0.0033 0.9264 0.0228 
   HI_SS0576  6 0.5021 0.0198 0.4153 0.0073 0.0104 0.0451 
   HI_SS0579  6 0.3428 0.1650 0.0122 0.0170 0.4149 0.0481 
   HI_SS0580  6 0.1336 0.0831 0.6677 0.0053 0.0697 0.0406 
   HI_SS0581  6 0.1265 0.0136 0.0857 0.0717 0.0559 0.6466 
   HI_SS0583  6 0.0688 0.4607 0.3152 0.0037 0.1075 0.0440 
   HI_SS0586  6 0.0329 0.9139 0.0351 0.0014 0.0067 0.0099 
   HI_SS0588  6 0.2397 0.6038 0.0208 0.0274 0.0707 0.0377 
   HI_SS0595  6 0.0114 0.3360 0.4094 0.0370 0.0399 0.1663 
   HI_SS0596  6 0.0084 0.0103 0.3650 0.0029 0.5978 0.0156 
   HI_SS0597  6 0.0925 0.0211 0.1815 0.0031 0.5076 0.1942 
   HI_SS0600  6 0.0232 0.0578 0.0090 0.0051 0.0115 0.8934 
   HI_SS0601  6 0.0842 0.0972 0.0101 0.0190 0.4019 0.3876 
   HI_SS0602  6 0.8928 0.0349 0.0472 0.0025 0.0090 0.0136 
   HI_SS0604  6 0.8315 0.0127 0.0177 0.0020 0.1281 0.0079 
   HI_SS0605  6 0.9065 0.0143 0.0140 0.0099 0.0070 0.0484 
   HI_SS0608  6 0.0745 0.0161 0.8762 0.0012 0.0098 0.0222 
   HI_SS0609  6 0.0332 0.0377 0.0514 0.0012 0.8536 0.0228 
   HI_SS0611  6 0.8997 0.0409 0.0198 0.0045 0.0113 0.0238 
   HI_SS0612  6 0.0131 0.0525 0.0122 0.0093 0.4965 0.4164 
   HI_SS0613  6 0.7678 0.0152 0.0385 0.0021 0.1479 0.0285 
   HI_SS0615  6 0.0631 0.0139 0.4710 0.0156 0.0342 0.4022 
   HI_SS0001  6 0.0089 0.6977 0.1337 0.0052 0.0804 0.0742 
   HI_SS0002  6 0.0172 0.0183 0.0226 0.0340 0.8445 0.0634 
   HI_SS0004  6 0.1098 0.4999 0.1026 0.0095 0.1381 0.1401 
   HI_SS0005  6 0.3512 0.3101 0.1247 0.0130 0.0129 0.1880 
   HI_SS0006  6 0.0260 0.0446 0.0187 0.0028 0.4695 0.4385 
   HI_SS0007  6 0.6087 0.3468 0.0215 0.0024 0.0099 0.0107 
   HI_SS0008  6 0.0450 0.0382 0.0245 0.0440 0.0254 0.8229 
   HI_SS0009  6 0.1886 0.0291 0.6801 0.0058 0.0238 0.0726 
   HI_SS0010  6 0.1776 0.5237 0.2535 0.0056 0.0191 0.0205 
   HI_SS0011  6 0.0788 0.0324 0.1239 0.0983 0.5945 0.0721 
   HI_SS0012  6 0.0372 0.0206 0.3031 0.0071 0.1644 0.4676 
   HI_SS0017  6 0.0294 0.0308 0.2866 0.0022 0.6279 0.0230 
   HI_SS0021  6 0.0099 0.1944 0.3391 0.2408 0.1373 0.0785 
   HI_SS0024  6 0.0460 0.0288 0.3785 0.0031 0.0579 0.4857 
   HI_SS0025  6 0.0382 0.0196 0.7166 0.0052 0.1891 0.0312 
   HI_SS0027  6 0.1728 0.7592 0.0208 0.0182 0.0139 0.0150 
   HI_SS0028  6 0.0098 0.0117 0.9097 0.0023 0.0129 0.0536 
   HI_SS0029  6 0.0120 0.0132 0.9328 0.0086 0.0101 0.0233 
   HI_SS0030  6 0.1572 0.0449 0.0196 0.0063 0.0159 0.7561 
   HI_SS0031  6 0.0135 0.1030 0.1362 0.0050 0.0146 0.7277 
   HI_SS0034  6 0.3635 0.4243 0.0126 0.0068 0.0885 0.1043 
   HI_SS0036  6 0.0142 0.8398 0.0288 0.0153 0.0053 0.0966 
   HI_SS0037  6 0.1322 0.2192 0.3652 0.0077 0.1543 0.1214 
   HI_SS0039  6 0.0561 0.1824 0.5416 0.0030 0.0051 0.2118 
   HI_SS0041  6 0.0406 0.0109 0.8208 0.0032 0.0277 0.0968 
   HI_SS0042  6 0.0530 0.0167 0.6930 0.1262 0.0599 0.0513 
   HI_SS0043  6 0.0325 0.8783 0.0079 0.0032 0.0089 0.0693 
   HI_SS0044  6 0.0122 0.0228 0.9407 0.0030 0.0097 0.0116 
   HI_SS0047  6 0.8179 0.0329 0.0170 0.0026 0.0658 0.0638 
   HI_SS0049  6 0.1236 0.1214 0.1908 0.0056 0.5397 0.0189 
   HI_SS0051  6 0.8707 0.0137 0.0186 0.0028 0.0638 0.0305 
   HI_SS0053  6 0.1777 0.5790 0.0192 0.0052 0.0121 0.2067 
   HI_SS0054  6 0.3513 0.5883 0.0129 0.0050 0.0259 0.0166 
   HI_SS0057  6 0.8363 0.0141 0.0614 0.0040 0.0248 0.0593 
   HI_SS0058  6 0.0542 0.0900 0.0225 0.0092 0.8105 0.0136 
   HI_SS0060  6 0.1525 0.3157 0.0195 0.1107 0.0589 0.3427 
   HI_SS0087  6 0.1961 0.0280 0.0203 0.0041 0.6150 0.1364 
   HI_SS0091  6 0.0104 0.0408 0.0043 0.0018 0.0141 0.9286 
   HI_SS0095  6 0.1294 0.0262 0.0090 0.0574 0.1040 0.6739 
   HI_SS0097  6 0.5638 0.0202 0.0147 0.0054 0.3520 0.0439 
   HI_SS0099  6 0.0084 0.0107 0.9513 0.0034 0.0105 0.0156 
   HI_SS0103  6 0.0145 0.0095 0.0113 0.0041 0.1283 0.8323 
   HI_SS0105  6 0.0188 0.0178 0.0069 0.0271 0.0290 0.9004 
   HI_SS0107  6 0.0134 0.0075 0.0150 0.0014 0.9291 0.0336 
   HI_SS0108  6 0.2489 0.6912 0.0078 0.0274 0.0078 0.0170 
   HI_SS0110  6 0.0099 0.0167 0.0269 0.0015 0.0142 0.9309 
   HI_SS0111  6 0.1768 0.0672 0.0715 0.0412 0.0575 0.5857 
   HI_SS0112  6 0.0096 0.9576 0.0168 0.0014 0.0062 0.0085 
   HI_SS0113  6 0.0301 0.0079 0.0431 0.0044 0.8894 0.0252 
   HI_SS0114  6 0.2176 0.6689 0.0320 0.0088 0.0197 0.0531 
   HI_SS0115  6 0.0855 0.3289 0.2175 0.0229 0.2519 0.0934 
   HI_SS0116  6 0.0169 0.0403 0.8545 0.0038 0.0127 0.0718 
   HI_SS0117  6 0.0145 0.2678 0.0160 0.0030 0.6756 0.0230 
   HI_SS0118  6 0.0317 0.0379 0.1901 0.0172 0.6142 0.1089 
   HI_SS0119  6 0.0231 0.0497 0.0133 0.0022 0.0558 0.8559 
   HI_SS0120  6 0.0092 0.0177 0.0261 0.0050 0.8875 0.0546 
   HI_SS0121  6 0.0903 0.0087 0.4744 0.0023 0.1501 0.2743 
   HI_SS0122  6 0.0369 0.0289 0.1327 0.0246 0.1370 0.6398 
   HI_SS0123  6 0.0226 0.0137 0.0231 0.0063 0.4372 0.4970 
   HI_SS0124  6 0.0208 0.0209 0.7360 0.0047 0.1931 0.0244 
   HI_SS0125  6 0.0138 0.0087 0.5331 0.0501 0.0092 0.3851 
   HI_SS0126  6 0.0269 0.6191 0.3232 0.0013 0.0126 0.0169 
   HI_SS0127  6 0.8607 0.0540 0.0303 0.0110 0.0251 0.0189 
   HI_SS0128  6 0.0693 0.0461 0.1360 0.0053 0.0737 0.6697 
   HI_SS0129  6 0.6492 0.0682 0.2060 0.0154 0.0283 0.0329 
   HI_SS0131  6 0.1840 0.5190 0.0948 0.0522 0.1256 0.0243 
   HI_SS0132  6 0.0917 0.1419 0.5962 0.0009 0.0573 0.1120 
   HI_SS0133  6 0.0280 0.9486 0.0064 0.0016 0.0034 0.0121 
   HI_SS0134  6 0.0289 0.2899 0.0530 0.0030 0.0817 0.5434 
   HI_SS0142  6 0.0475 0.0113 0.0279 0.0249 0.0925 0.7959 
   HI_SS0145  6 0.1463 0.4270 0.0359 0.0021 0.3337 0.0551 
   HI_SS0146  6 0.0825 0.8151 0.0533 0.0013 0.0081 0.0398 
   HI_SS0147  6 0.4550 0.0057 0.1171 0.0309 0.2789 0.1124 
   HI_SS0149  6 0.0148 0.0335 0.0335 0.0066 0.0188 0.8928 
   HI_SS0150  6 0.1556 0.1194 0.6589 0.0069 0.0316 0.0276 
   HI_SS0151  6 0.8377 0.0357 0.0106 0.0135 0.0506 0.0519 
   NS_SS1451  6 0.0632 0.0331 0.4345 0.0043 0.1461 0.3187 
   NS_SS1404  6 0.0509 0.0128 0.6993 0.0146 0.1805 0.0418 
   NS_SS1432  6 0.0296 0.0106 0.7099 0.0466 0.0120 0.1913 
   NS_SS1405  6 0.0229 0.0866 0.5941 0.0041 0.2643 0.0281 
   NS_SS1431  6 0.0391 0.0104 0.8433 0.0012 0.0700 0.0360 
   NS_SS1402  6 0.0107 0.0204 0.0157 0.0042 0.8531 0.0960 
   NS_SS1450  6 0.1384 0.6772 0.0591 0.0063 0.0306 0.0885 
   NS_SS1396  6 0.2887 0.0190 0.1918 0.0091 0.0254 0.4661 
   NS_SS1393  6 0.5315 0.0423 0.0951 0.0048 0.0135 0.3128 
   NS_SS1392  6 0.0460 0.0528 0.7044 0.0254 0.0496 0.1220 
   NS_SS1445  6 0.1935 0.0856 0.0197 0.0112 0.0084 0.6816 
   NS_SS1423  6 0.0161 0.2294 0.0160 0.0021 0.3004 0.4361 
   NS_SS1421  6 0.0477 0.7082 0.0195 0.1127 0.0182 0.0937 
   NS_SS1411  6 0.8538 0.0984 0.0325 0.0018 0.0060 0.0073 
   NS_SS1453  6 0.1463 0.1194 0.1039 0.0118 0.0460 0.5724 
   NS_SS1442  6 0.7094 0.0476 0.1083 0.0057 0.0406 0.0883 
   NS_SS1422  6 0.0221 0.1374 0.0263 0.0142 0.5631 0.2369 
   NS_SS1419  6 0.3190 0.0155 0.4298 0.1638 0.0604 0.0115 
   NS_SS1427  6 0.0095 0.9664 0.0100 0.0022 0.0051 0.0068 
   NS_SS1444  6 0.7895 0.0121 0.1553 0.0047 0.0273 0.0110 
   NS_SS1455  6 0.0187 0.0053 0.0209 0.0019 0.9466 0.0065 
   NS_SS1425  6 0.2357 0.7035 0.0094 0.0026 0.0111 0.0377 
   NS_SS1400  6 0.0749 0.8163 0.0403 0.0019 0.0548 0.0116 
   NS_SS1406  6 0.0110 0.0082 0.0145 0.0134 0.9253 0.0275 
   NS_SS1417  6 0.0260 0.0308 0.0178 0.0090 0.8079 0.1086 
   NS_SS1454  6 0.0705 0.2174 0.5579 0.0019 0.0919 0.0604 
   NS_SS1412  6 0.1636 0.1061 0.1761 0.0337 0.2063 0.3143 
   NS_SS1438  6 0.5892 0.2648 0.0213 0.0016 0.0425 0.0806 
   NS_SS1416  6 0.2056 0.0088 0.5191 0.0107 0.1054 0.1505 
   NS_SS1401  6 0.0369 0.0164 0.0161 0.0145 0.0487 0.8673 
   NS_SS1424  6 0.0899 0.1347 0.0219 0.0142 0.0682 0.6710 
   NS_SS1435  6 0.0334 0.8130 0.1178 0.0029 0.0148 0.0182 
   NS_SS1447  6 0.3009 0.0323 0.0974 0.0095 0.4870 0.0727 
   NS_SS1414  6 0.0456 0.0093 0.3361 0.0097 0.5847 0.0146 
   NS_SS1449  6 0.0787 0.0470 0.0102 0.0048 0.3028 0.5563 
   NS_SS1443  6 0.0150 0.9254 0.0098 0.0025 0.0231 0.0242 
   NS_SS1434  6 0.0591 0.1888 0.0896 0.0012 0.5619 0.0994 
   NS_SS1398  6 0.1187 0.2434 0.5218 0.0298 0.0245 0.0617 
   NS_SS1426  6 0.1310 0.5541 0.0211 0.0032 0.0230 0.2675 
   NS_SS1413  6 0.0232 0.8862 0.0204 0.0141 0.0296 0.0265 
   NS_SS1395  6 0.0447 0.0797 0.0082 0.0098 0.0106 0.8469 
   NS_SS1448  6 0.0524 0.7861 0.1395 0.0016 0.0141 0.0062 
   NS_SS1446  6 0.0735 0.0119 0.0129 0.0037 0.0302 0.8676 
   NS_SS1403  6 0.0230 0.0182 0.1629 0.0076 0.0148 0.7734 
   NS_SS1415  6 0.2972 0.6216 0.0201 0.0130 0.0141 0.0340 
   NS_SS1437  6 0.0404 0.0537 0.7918 0.0116 0.0662 0.0363 
   NS_SS1439  6 0.0992 0.0506 0.0244 0.0047 0.5873 0.2339 
   NS_SS1441  6 0.0223 0.8212 0.1020 0.0035 0.0161 0.0349 
   NS_SS1420  6 0.6941 0.0072 0.2628 0.0043 0.0213 0.0103 
   NS_SS1394  6 0.1240 0.0087 0.6669 0.0529 0.0634 0.0842 
   NS_SS1391  6 0.0269 0.1649 0.0891 0.0157 0.0750 0.6284 
   NS_SS1410  6 0.0374 0.0615 0.4479 0.0208 0.0373 0.3952 
   NS_SS1408  6 0.1468 0.1269 0.0326 0.0759 0.0180 0.5998 
   NS_SS1409  6 0.1525 0.0695 0.3390 0.0034 0.0156 0.4200 
   HI_SS0617  7 0.1063 0.0147 0.0987 0.0018 0.1057 0.6727 
   HI_SS0618  7 0.2024 0.0507 0.6143 0.0039 0.0866 0.0422 
   HI_SS0619  7 0.0417 0.0377 0.8440 0.0038 0.0273 0.0455 
   HI_SS0620  7 0.0159 0.9583 0.0052 0.0034 0.0093 0.0079 
   HI_SS0621  7 0.0975 0.0464 0.2713 0.0194 0.2813 0.2841 
   HI_SS0622  7 0.3356 0.3276 0.0321 0.0165 0.2722 0.0161 
   HI_SS0626  7 0.0708 0.0197 0.8301 0.0149 0.0131 0.0513 
   HI_SS0627  7 0.2841 0.0118 0.1626 0.0137 0.1157 0.4122 
   HI_SS0628  7 0.0498 0.4045 0.3179 0.0771 0.1053 0.0455 
   HI_SS0629  7 0.2657 0.3614 0.1178 0.0092 0.0386 0.2072 
   HI_SS0630  7 0.3958 0.4721 0.0277 0.0747 0.0162 0.0135 
   HI_SS0631  7 0.2396 0.6896 0.0219 0.0010 0.0139 0.0340 
   HI_SS0632  7 0.5265 0.3505 0.0843 0.0036 0.0161 0.0189 
   HI_SS0633  7 0.0170 0.0247 0.8626 0.0045 0.0730 0.0182 
   HI_SS0634  7 0.0193 0.0073 0.0198 0.0025 0.0090 0.9420 
   HI_SS0635  7 0.0392 0.0231 0.7571 0.0106 0.1122 0.0579 
   HI_SS0637  7 0.8161 0.0109 0.0088 0.0046 0.0989 0.0607 
   HI_SS0638  7 0.5707 0.2486 0.0585 0.0018 0.0319 0.0885 
   HI_SS0639  7 0.0556 0.0109 0.2438 0.0509 0.0325 0.6063 
   HI_SS0640  7 0.8274 0.0518 0.0566 0.0022 0.0377 0.0243 
   HI_SS0641  7 0.2549 0.4009 0.3003 0.0079 0.0177 0.0184 
   HI_SS0642  7 0.0279 0.0158 0.0467 0.0022 0.0185 0.8890 
   HI_SS0645  7 0.0344 0.0061 0.9303 0.0012 0.0124 0.0156 
   HI_SS0646  7 0.1167 0.2765 0.0422 0.0045 0.2885 0.2715 
   HI_SS0647  7 0.0528 0.5789 0.0350 0.0018 0.3102 0.0215 
   HI_SS0648  7 0.0883 0.0902 0.5047 0.0041 0.0944 0.2182 
   HI_SS0649  7 0.1089 0.0586 0.3983 0.0034 0.1072 0.3236 
   HI_SS0650  7 0.4404 0.1439 0.1982 0.0056 0.0663 0.1457 
   HI_SS0651  7 0.0499 0.1083 0.0356 0.0057 0.3727 0.4278 
   HI_SS0652  7 0.3831 0.0164 0.5474 0.0061 0.0131 0.0341 
   NS_SS1371  7 0.0078 0.1081 0.0277 0.0101 0.0589 0.7874 
   NS_SS1374  7 0.0456 0.0430 0.2323 0.0043 0.0077 0.6670 
   NS_SS1337  7 0.1002 0.0269 0.0324 0.0043 0.6694 0.1668 
   NS_SS1385  7 0.1154 0.0352 0.1369 0.0063 0.4476 0.2586 
   NS_SS1388  7 0.0112 0.0341 0.8795 0.0110 0.0386 0.0256 
   NS_SS1370  7 0.9602 0.0085 0.0073 0.0066 0.0084 0.0090 
   NS_SS1389  7 0.0089 0.0063 0.9574 0.0049 0.0172 0.0053 
   NS_SS1360  7 0.3168 0.5795 0.0173 0.0086 0.0427 0.0350 
   NS_SS1330  7 0.6911 0.0086 0.0202 0.0052 0.2259 0.0489 
   NS_SS1328  7 0.0097 0.8276 0.0471 0.0028 0.0633 0.0494 
   NS_SS1384  7 0.1688 0.3249 0.0173 0.0062 0.2793 0.2035 
   NS_SS1381  7 0.0102 0.0100 0.0124 0.0014 0.9251 0.0410 
   NS_SS1375  7 0.0097 0.0213 0.9420 0.0019 0.0055 0.0196 
   NS_SS1319  7 0.0307 0.3388 0.1945 0.1026 0.0149 0.3185 
   NS_SS1326  7 0.0191 0.8849 0.0555 0.0116 0.0147 0.0142 
   NS_SS1341  7 0.0912 0.0112 0.0083 0.0062 0.0256 0.8575 
   NS_SS1383  7 0.0728 0.1152 0.0279 0.0067 0.0144 0.7630 
   NS_SS1318  7 0.2507 0.0865 0.0420 0.0183 0.5273 0.0751 
   NS_SS1348  7 0.0743 0.8129 0.0142 0.0021 0.0135 0.0831 
   NS_SS1363  7 0.5107 0.0585 0.1131 0.0074 0.2017 0.1088 
   NS_SS1335  7 0.0330 0.8672 0.0170 0.0386 0.0107 0.0336 
   NS_SS1358  7 0.0214 0.3273 0.0036 0.0211 0.2803 0.3463 
   NS_SS1342  7 0.0066 0.0315 0.0109 0.0022 0.8582 0.0905 
   NS_SS1320  7 0.0077 0.0096 0.2485 0.0087 0.7088 0.0167 
   NS_SS1355  7 0.6617 0.0122 0.0242 0.0176 0.2664 0.0180 
   NS_SS1345  7 0.0272 0.0167 0.0055 0.0186 0.9270 0.0051 
   NS_SS1324  7 0.0456 0.8140 0.0439 0.0046 0.0774 0.0146 
   NS_SS1347  7 0.2161 0.0326 0.0280 0.0054 0.0364 0.6814 
   NS_SS1321  7 0.0554 0.0630 0.0372 0.0016 0.0147 0.8280 
   NS_SS1333  7 0.0066 0.0267 0.0681 0.0038 0.0079 0.8870 
   NS_SS1364  7 0.2061 0.4973 0.0092 0.0029 0.2639 0.0207 
   NS_SS1379  7 0.5215 0.0181 0.0223 0.0669 0.2612 0.1100 
   NS_SS1332  7 0.0148 0.8898 0.0596 0.0092 0.0057 0.0208 
   NS_SS1338  7 0.2235 0.0120 0.0144 0.0090 0.0064 0.7346 
   NS_SS1368  7 0.0275 0.8163 0.0765 0.0073 0.0498 0.0226 
   NS_SS1354  7 0.0202 0.0152 0.0142 0.0187 0.7813 0.1505 
   NS_SS1365  7 0.5811 0.0246 0.3130 0.0158 0.0442 0.0214 
   NS_SS1380  7 0.0061 0.0100 0.0225 0.0222 0.9327 0.0064 
   NS_SS1329  7 0.0430 0.1635 0.0079 0.0038 0.6366 0.1451 
   NS_SS1362  7 0.0236 0.1190 0.0174 0.0058 0.7880 0.0462 
   NS_SS1327  7 0.0085 0.9691 0.0049 0.0038 0.0034 0.0104 
   NS_SS1350  7 0.0101 0.2583 0.0224 0.0113 0.0124 0.6855 
   NS_SS1387  7 0.7959 0.0077 0.1345 0.0035 0.0117 0.0467 
   NS_SS1369  7 0.7895 0.1620 0.0144 0.0043 0.0180 0.0117 
   NS_SS1331  7 0.1086 0.0191 0.8371 0.0102 0.0076 0.0174 
   NS_SS1357  7 0.0525 0.2255 0.1927 0.0039 0.0395 0.4860 
   NS_SS1386  7 0.0125 0.9416 0.0045 0.0044 0.0208 0.0162 
   NS_SS1353  7 0.0756 0.0479 0.5575 0.0055 0.2605 0.0530 
   NS_SS1323  7 0.0695 0.0253 0.2274 0.0815 0.0967 0.4996 
   HI_SS0296  8 0.8917 0.0623 0.0204 0.0021 0.0140 0.0095 
   HI_SS0297  8 0.0569 0.7398 0.0279 0.0011 0.0413 0.1330 
   HI_SS0299  8 0.3361 0.0686 0.0302 0.0342 0.5100 0.0210 
   HI_SS0300  8 0.9512 0.0171 0.0069 0.0016 0.0075 0.0158 
   HI_SS0301  8 0.9032 0.0106 0.0243 0.0051 0.0125 0.0442 
   HI_SS0302  8 0.4998 0.4141 0.0140 0.0268 0.0279 0.0174 
   HI_SS0303  8 0.0228 0.9126 0.0272 0.0083 0.0171 0.0121 
   HI_SS0304  8 0.0817 0.0821 0.7430 0.0026 0.0350 0.0556 
   HI_SS0306  8 0.1058 0.8739 0.0064 0.0029 0.0053 0.0057 
   HI_SS0307  8 0.1684 0.0100 0.6361 0.0126 0.0339 0.1390 
   HI_SS0308  8 0.1062 0.3159 0.1788 0.1073 0.1485 0.1433 
   HI_SS0309  8 0.1490 0.0190 0.0352 0.0040 0.7290 0.0638 
   HI_SS0310  8 0.0220 0.1589 0.0896 0.0096 0.7065 0.0134 
   HI_SS0311  8 0.6370 0.1726 0.0581 0.0032 0.0531 0.0760 
   HI_SS0314  8 0.0089 0.0571 0.8925 0.0018 0.0241 0.0155 
   HI_SS0316  8 0.0943 0.0954 0.2420 0.0051 0.0224 0.5408 
   HI_SS0317  8 0.0645 0.0141 0.0225 0.0034 0.0185 0.8769 
   HI_SS0318  8 0.1833 0.4569 0.0086 0.2000 0.0086 0.1426 
   HI_SS0319  8 0.0122 0.9566 0.0115 0.0052 0.0071 0.0074 
   HI_SS0320  8 0.0077 0.0053 0.7351 0.0015 0.0081 0.2423 
   HI_SS0321  8 0.0586 0.0427 0.0243 0.0026 0.0061 0.8657 
   HI_SS0323  8 0.4017 0.1181 0.2227 0.0029 0.0107 0.2438 
   HI_SS0325  8 0.5887 0.3402 0.0413 0.0031 0.0152 0.0114 
   HI_SS0327  8 0.0221 0.8807 0.0075 0.0021 0.0467 0.0409 
   HI_SS0329  8 0.2071 0.0209 0.6654 0.0017 0.0667 0.0381 
   HI_SS0333  8 0.1688 0.1137 0.5304 0.0029 0.0269 0.1573 
   HI_SS0334  8 0.7785 0.0268 0.0071 0.0018 0.0260 0.1598 
   HI_SS0335  8 0.0112 0.0110 0.0068 0.0225 0.9355 0.0130 
   HI_SS0339  8 0.6728 0.0090 0.0247 0.0165 0.2676 0.0094 
   HI_SS0343  8 0.0372 0.0201 0.0206 0.0021 0.7725 0.1474 
   HI_SS0344  8 0.0071 0.9670 0.0040 0.0036 0.0059 0.0125 
   HI_SS0345  8 0.0306 0.0218 0.0190 0.0097 0.9037 0.0152 
   HI_SS0346  8 0.6295 0.0314 0.1874 0.0044 0.0194 0.1280 
   HI_SS0350  8 0.0166 0.0077 0.0422 0.0090 0.9128 0.0116 
   HI_SS0351  8 0.0362 0.0330 0.0115 0.0039 0.5517 0.3636 
   HI_SS0352  8 0.0163 0.0173 0.0131 0.1253 0.8012 0.0268 
   HI_SS0362  8 0.7715 0.1486 0.0568 0.0028 0.0063 0.0141 
   HI_SS0363  8 0.0115 0.8982 0.0172 0.0044 0.0501 0.0185 
   HI_SS0365  8 0.0795 0.1275 0.2263 0.0058 0.0692 0.4917 
   HI_SS0366  8 0.2729 0.5021 0.0287 0.0018 0.1189 0.0756 
   HI_SS0367  8 0.0140 0.0109 0.1005 0.0028 0.8547 0.0171 
   HI_SS0369  8 0.4135 0.0133 0.3280 0.0023 0.1196 0.1234 
   HI_SS0370  8 0.0462 0.1467 0.0255 0.0039 0.4101 0.3676 
   HI_SS0371  8 0.0682 0.7219 0.1754 0.0064 0.0144 0.0136 
   HI_SS0373  8 0.0163 0.0200 0.9298 0.0094 0.0057 0.0190 
   HI_SS0374  8 0.0460 0.0104 0.5439 0.0365 0.0628 0.3005 
   HI_SS0377  8 0.3823 0.1566 0.0068 0.0989 0.1056 0.2498 
   HI_SS0379  8 0.0069 0.9673 0.0029 0.0013 0.0039 0.0176 
   HI_SS0380  8 0.0647 0.0120 0.0927 0.0112 0.7898 0.0296 
   HI_SS0381  8 0.5904 0.0118 0.2004 0.0071 0.0322 0.1582 
   HI_SS0384  8 0.0684 0.3981 0.3484 0.0087 0.0168 0.1596 
   HI_SS0385  8 0.0458 0.1446 0.7883 0.0015 0.0115 0.0083 
   HI_SS0386  9 0.0021 0.0019 0.0016 0.9889 0.0025 0.0030 
   HI_SS0387  9 0.0151 0.0137 0.0083 0.9264 0.0112 0.0254 
   HI_SS0389  9 0.0060 0.0040 0.0049 0.9764 0.0036 0.0051 
   HI_SS0390  9 0.0021 0.0025 0.0033 0.9869 0.0028 0.0024 
   HI_SS0391  9 0.0039 0.0029 0.0031 0.9803 0.0060 0.0038 
   HI_SS0392  9 0.0022 0.0035 0.0021 0.9864 0.0032 0.0026 
   HI_SS0393  9 0.0024 0.0030 0.0017 0.9897 0.0016 0.0016 
   HI_SS0394  9 0.0023 0.0015 0.0029 0.9891 0.0016 0.0026 
   HI_SS0395  9 0.0068 0.0037 0.0067 0.9735 0.0047 0.0046 
   HI_SS0396  9 0.0158 0.0084 0.0181 0.9375 0.0122 0.0080 
   HI_SS0398  9 0.0104 0.0086 0.0055 0.9607 0.0071 0.0077 
   HI_SS0399  9 0.0014 0.0017 0.0018 0.9916 0.0015 0.0019 
   HI_SS0400  9 0.0029 0.0029 0.0039 0.9843 0.0035 0.0025 
   HI_SS0401  9 0.0027 0.0021 0.0020 0.9885 0.0022 0.0025 
   HI_SS0402  9 0.0023 0.0020 0.0020 0.9891 0.0027 0.0020 
   HI_SS0403  9 0.0016 0.0022 0.0023 0.9877 0.0032 0.0029 
   HI_SS0404  9 0.0016 0.0018 0.0028 0.9901 0.0018 0.0019 
   HI_SS0405  9 0.0143 0.0128 0.0129 0.9123 0.0266 0.0212 
   HI_SS0406  9 0.0022 0.0035 0.0026 0.9858 0.0028 0.0031 
   HI_SS0407  9 0.0068 0.0086 0.0148 0.9531 0.0093 0.0073 
   HI_SS0408  9 0.0021 0.0018 0.0017 0.9901 0.0019 0.0023 
   HI_SS0409  9 0.0045 0.0034 0.0053 0.9784 0.0037 0.0046 
   HI_SS0411  9 0.0045 0.0037 0.0044 0.9805 0.0032 0.0037 
   HI_SS0412  9 0.0476 0.0304 0.0148 0.7964 0.0421 0.0687 
   HI_SS0413  9 0.0038 0.0025 0.0020 0.9853 0.0037 0.0027 
   HI_SS0414  9 0.0186 0.0104 0.0165 0.9189 0.0201 0.0154 
   HI_SS0415  9 0.0025 0.0023 0.0016 0.9882 0.0032 0.0021 
   HI_SS0416  9 0.0051 0.0053 0.0064 0.9755 0.0043 0.0035 
   HI_SS0418  9 0.0054 0.0054 0.0073 0.9686 0.0065 0.0068 
   HI_SS0419  9 0.0049 0.0038 0.0047 0.9791 0.0038 0.0038 
   HI_SS0420  9 0.0026 0.0031 0.0031 0.9851 0.0027 0.0034 
   HI_SS0421  9 0.0065 0.0041 0.0051 0.9705 0.0063 0.0074 
   HI_SS0422  9 0.0030 0.0021 0.0027 0.9869 0.0031 0.0022 
   HI_SS0423  9 0.0059 0.0067 0.0087 0.9674 0.0046 0.0068 
   HI_SS0424  9 0.0029 0.0017 0.0035 0.9870 0.0021 0.0028 
   HI_SS0425  9 0.0037 0.0028 0.0047 0.9776 0.0054 0.0057 
   NS_SS1146 10 0.0034 0.0037 0.0031 0.9832 0.0029 0.0036 
   NS_SS1157 10 0.0073 0.0078 0.0066 0.9552 0.0106 0.0125 
   NS_SS1144 10 0.0251 0.0168 0.0118 0.9014 0.0280 0.0169 
   NS_SS1074 10 0.0038 0.0036 0.0056 0.9770 0.0058 0.0042 
   NS_SS1122 10 0.0066 0.0083 0.0053 0.9669 0.0073 0.0056 
   NS_SS1136 10 0.0018 0.0017 0.0015 0.9916 0.0015 0.0019 
   NS_SS1077 10 0.0010 0.0012 0.0008 0.9947 0.0012 0.0011 
   NS_SS1134 10 0.0190 0.0071 0.0143 0.9424 0.0082 0.0091 
   NS_SS1091 10 0.0025 0.0021 0.0034 0.9847 0.0040 0.0034 
   NS_SS1089 10 0.0040 0.0043 0.0050 0.9792 0.0035 0.0039 
   NS_SS1123 10 0.0036 0.0021 0.0023 0.9872 0.0029 0.0019 
   NS_SS1158 10 0.0015 0.0013 0.0014 0.9927 0.0014 0.0017 
   NS_SS1093 10 0.0034 0.0065 0.0024 0.9816 0.0031 0.0031 
   NS_SS1102 10 0.0074 0.0044 0.0053 0.9673 0.0070 0.0086 
   NS_SS1056 10 0.0026 0.0029 0.0024 0.9866 0.0027 0.0027 
   NS_SS1126 10 0.0033 0.0037 0.0036 0.9795 0.0047 0.0052 
   NS_SS1058 10 0.0055 0.0069 0.0041 0.9733 0.0056 0.0045 
   NS_SS1084 10 0.0022 0.0016 0.0020 0.9901 0.0014 0.0027 
   NS_SS1095 10 0.0094 0.0096 0.0066 0.9607 0.0062 0.0075 
   NS_SS1079 10 0.0022 0.0022 0.0018 0.9892 0.0023 0.0022 
   NS_SS1149 10 0.0034 0.0026 0.0050 0.9806 0.0040 0.0044 
   NS_SS1121 10 0.0020 0.0023 0.0022 0.9874 0.0034 0.0027 
   NS_SS1067 10 0.0049 0.0073 0.0073 0.9644 0.0107 0.0055 
   NS_SS1081 10 0.0027 0.0038 0.0033 0.9821 0.0046 0.0035 
   NS_SS1130 10 0.0052 0.0031 0.0056 0.9770 0.0054 0.0038 
   NS_SS1073 10 0.0036 0.0039 0.0038 0.9801 0.0048 0.0038 
   NS_SS1133 10 0.0075 0.0047 0.0190 0.9498 0.0126 0.0064 
   NS_SS1129 10 0.0027 0.0020 0.0014 0.9896 0.0022 0.0020 
   NS_SS1085 10 0.0033 0.0029 0.0031 0.9848 0.0031 0.0028 
   NS_SS1137 10 0.0025 0.0084 0.0060 0.9717 0.0052 0.0061 
   NS_SS1135 10 0.0019 0.0020 0.0023 0.9889 0.0024 0.0024 
   NS_SS1082 10 0.0020 0.0020 0.0024 0.9887 0.0030 0.0019 
   NS_SS1125 10 0.0016 0.0022 0.0020 0.9905 0.0018 0.0019 
   NS_SS1124 10 0.0128 0.0074 0.0076 0.9552 0.0076 0.0093 
   NS_SS1155 10 0.0055 0.0101 0.0052 0.9516 0.0105 0.0171 
   NS_SS1145 10 0.0033 0.0025 0.0033 0.9851 0.0029 0.0028 
