

----------------------------------------------------
STRUCTURE by Pritchard, Stephens and Donnelly (2000)
     and Falush, Stephens and Pritchard (2003)
       Code by Pritchard, Falush and Hubisz
             Version 2.3.4 (Jul 2012)
----------------------------------------------------



Command line arguments:   /home/genobiwan/Documents/Programs/Structure/structure -m parameter_job_k5_r2 
Input File:    /media/genobiwan/Storage/Projets/Mackerel_NWA_2021/data_job_k5_r2

Run parameters:
   629 individuals
   4140 loci
   5 populations assumed
   10000 Burn-in period
   100000 Reps


--------------------------------------------
Proportion of membership of each pre-defined
 population in each of the 5 clusters

Given    Inferred Clusters                     Number of
 Pop       1      2      3      4      5      Individuals

  1:     0.015  0.224  0.258  0.253  0.250       67
  2:     0.011  0.126  0.213  0.356  0.294       32
  3:     0.016  0.173  0.301  0.292  0.219       92
  4:     0.019  0.275  0.273  0.297  0.135       36
  5:     0.022  0.283  0.312  0.180  0.203       41
  6:     0.015  0.243  0.255  0.252  0.235      158
  7:     0.012  0.231  0.236  0.263  0.258       79
  8:     0.015  0.319  0.198  0.231  0.237       52
  9:     0.975  0.005  0.006  0.008  0.005       36
 10:     0.981  0.004  0.005  0.005  0.005       36
--------------------------------------------

Allele-freq. divergence among pops (Net nucleotide distance),
computed using point estimates of P.

      1       2       3       4       5      
 1      -    0.0051  0.0049  0.0049  0.0049  
 2   0.0051     -    0.0003  0.0003  0.0003  
 3   0.0049  0.0003     -    0.0002  0.0002  
 4   0.0049  0.0003  0.0002     -    0.0002  
 5   0.0049  0.0003  0.0002  0.0002     -    

Average distances (expected heterozygosity) between individuals in same cluster:
cluster  1  : 0.3054 
cluster  2  : 0.3179 
cluster  3  : 0.3185 
cluster  4  : 0.3190 
cluster  5  : 0.3183 

--------------------------------------------
Estimated Ln Prob of Data   = -2481996.2
Mean value of ln likelihood = -2465483.3
Variance of ln likelihood   = 33025.9
Mean value of alpha         = 0.0518

Mean value of Fst_1         = 0.0386
Mean value of Fst_2         = 0.0039
Mean value of Fst_3         = 0.0026
Mean value of Fst_4         = 0.0025
Mean value of Fst_5         = 0.0032


Inferred ancestry of individuals:
        Label (%Miss) Pop:  Inferred clusters
  1 NS_SS0963    (4)    1 :  0.007 0.034 0.826 0.117 0.016 
  2 NS_SS0983    (1)    1 :  0.005 0.465 0.017 0.506 0.007 
  3 NS_SS0719    (9)    1 :  0.006 0.029 0.056 0.578 0.331 
  4 NS_SS1001    (8)    1 :  0.009 0.511 0.031 0.037 0.412 
  5 NS_SS0936    (4)    1 :  0.004 0.036 0.813 0.050 0.097 
  6 NS_SS0955    (6)    1 :  0.005 0.474 0.070 0.415 0.035 
  7 NS_SS0944    (3)    1 :  0.003 0.913 0.046 0.017 0.021 
  8 NS_SS0945    (3)    1 :  0.011 0.778 0.037 0.014 0.161 
  9 NS_SS0922    (2)    1 :  0.035 0.011 0.156 0.364 0.434 
 10 NS_SS0929    (7)    1 :  0.004 0.337 0.351 0.215 0.093 
 11 NS_SS0956    (1)    1 :  0.005 0.022 0.029 0.030 0.914 
 12 NS_SS0906    (3)    1 :  0.004 0.032 0.429 0.351 0.184 
 13 NS_SS0721    (6)    1 :  0.006 0.029 0.088 0.857 0.019 
 14 NS_SS0982    (4)    1 :  0.020 0.013 0.799 0.076 0.092 
 15 NS_SS0923    (6)    1 :  0.005 0.018 0.081 0.436 0.460 
 16 NS_SS0905    (6)    1 :  0.003 0.021 0.067 0.725 0.185 
 17 NS_SS0925    (3)    1 :  0.005 0.011 0.094 0.861 0.030 
 18 NS_SS0947    (6)    1 :  0.006 0.027 0.301 0.433 0.232 
 19 NS_SS0926    (2)    1 :  0.001 0.933 0.028 0.009 0.028 
 20 NS_SS0918    (6)    1 :  0.003 0.197 0.414 0.027 0.358 
 21 NS_SS0966    (4)    1 :  0.058 0.060 0.741 0.058 0.082 
 22 NS_SS0938    (2)    1 :  0.002 0.023 0.517 0.024 0.434 
 23 NS_SS0917    (2)    1 :  0.045 0.028 0.047 0.648 0.233 
 24 NS_SS0957   (11)    1 :  0.006 0.017 0.337 0.067 0.573 
 25 NS_SS0987    (1)    1 :  0.238 0.015 0.021 0.139 0.588 
 26 NS_SS0717    (4)    1 :  0.004 0.023 0.039 0.077 0.857 
 27 NS_SS0986    (2)    1 :  0.007 0.536 0.174 0.172 0.111 
 28 NS_SS0953    (3)    1 :  0.027 0.171 0.529 0.053 0.219 
 29 NS_SS0907    (3)    1 :  0.042 0.023 0.508 0.398 0.028 
 30 NS_SS0974    (6)    1 :  0.004 0.421 0.292 0.069 0.214 
 31 NS_SS0989    (1)    1 :  0.001 0.342 0.387 0.250 0.021 
 32 NS_SS0991    (3)    1 :  0.002 0.692 0.037 0.247 0.021 
 33 NS_SS0994    (2)    1 :  0.003 0.952 0.007 0.017 0.021 
 34 NS_SS0931    (6)    1 :  0.014 0.944 0.013 0.020 0.009 
 35 NS_SS1000    (5)    1 :  0.005 0.027 0.338 0.379 0.251 
 36 NS_SS0919    (1)    1 :  0.003 0.019 0.070 0.892 0.015 
 37 NS_SS0949    (4)    1 :  0.001 0.953 0.016 0.021 0.009 
 38 NS_SS0960   (10)    1 :  0.009 0.324 0.083 0.492 0.091 
 39 NS_SS0716    (2)    1 :  0.005 0.007 0.005 0.006 0.976 
 40 NS_SS0924    (8)    1 :  0.021 0.044 0.032 0.853 0.049 
 41 NS_SS0935    (2)    1 :  0.011 0.183 0.015 0.768 0.023 
 42 NS_SS0952   (14)    1 :  0.056 0.633 0.114 0.156 0.041 
 43 NS_SS0962   (11)    1 :  0.009 0.026 0.602 0.048 0.315 
 44 NS_SS0973    (5)    1 :  0.005 0.021 0.250 0.715 0.009 
 45 NS_SS0722    (1)    1 :  0.004 0.010 0.053 0.109 0.824 
 46 NS_SS0979   (13)    1 :  0.003 0.014 0.162 0.048 0.773 
 47 NS_SS0993    (2)    1 :  0.021 0.046 0.398 0.043 0.492 
 48 NS_SS0958    (1)    1 :  0.003 0.798 0.079 0.034 0.086 
 49 NS_SS0988    (4)    1 :  0.005 0.049 0.760 0.042 0.143 
 50 NS_SS1003    (2)    1 :  0.015 0.053 0.878 0.027 0.027 
 51 NS_SS0976    (1)    1 :  0.003 0.452 0.382 0.137 0.026 
 52 NS_SS0964   (10)    1 :  0.003 0.010 0.030 0.050 0.907 
 53 NS_SS0939    (4)    1 :  0.004 0.008 0.005 0.005 0.978 
 54 NS_SS0990    (6)    1 :  0.005 0.064 0.540 0.022 0.368 
 55 NS_SS0984    (2)    1 :  0.003 0.007 0.013 0.012 0.966 
 56 NS_SS0980   (10)    1 :  0.002 0.014 0.281 0.642 0.061 
 57 NS_SS0978    (4)    1 :  0.004 0.013 0.560 0.369 0.053 
 58 NS_SS0951   (18)    1 :  0.005 0.661 0.035 0.071 0.228 
 59 NS_SS0913    (3)    1 :  0.046 0.013 0.054 0.097 0.790 
 60 NS_SS1002    (1)    1 :  0.035 0.008 0.945 0.007 0.006 
 61 NS_SS0948    (1)    1 :  0.069 0.469 0.347 0.032 0.083 
 62 NS_SS0916    (4)    1 :  0.008 0.039 0.541 0.372 0.041 
 63 NS_SS0995    (1)    1 :  0.005 0.016 0.170 0.506 0.304 
 64 NS_SS0927    (6)    1 :  0.006 0.029 0.145 0.681 0.140 
 65 NS_SS0992    (5)    1 :  0.003 0.029 0.585 0.367 0.017 
 66 NS_SS0912    (1)    1 :  0.003 0.807 0.100 0.052 0.038 
 67 NS_SS0981    (1)    1 :  0.006 0.043 0.315 0.561 0.075 
 68 NS_SS0729    (5)    2 :  0.004 0.368 0.014 0.604 0.010 
 69 NS_SS0967   (15)    2 :  0.014 0.056 0.527 0.334 0.069 
 70 NS_SS0941    (8)    2 :  0.088 0.054 0.156 0.355 0.347 
 71 NS_SS0768   (12)    2 :  0.006 0.037 0.743 0.066 0.148 
 72 NS_SS0726    (5)    2 :  0.011 0.170 0.144 0.658 0.017 
 73 NS_SS0763    (4)    2 :  0.003 0.216 0.050 0.607 0.123 
 74 NS_SS0730    (6)    2 :  0.005 0.012 0.028 0.042 0.912 
 75 NS_SS0774    (2)    2 :  0.001 0.008 0.347 0.081 0.563 
 76 NS_SS0723    (3)    2 :  0.002 0.010 0.154 0.689 0.145 
 77 NS_SS0940   (10)    2 :  0.007 0.277 0.047 0.558 0.110 
 78 NS_SS0762    (1)    2 :  0.003 0.018 0.136 0.027 0.817 
 79 NS_SS0766   (11)    2 :  0.017 0.068 0.020 0.217 0.678 
 80 NS_SS0724    (1)    2 :  0.008 0.043 0.102 0.573 0.274 
 81 NS_SS0769    (3)    2 :  0.005 0.012 0.304 0.634 0.046 
 82 NS_SS0777    (1)    2 :  0.019 0.495 0.040 0.389 0.057 
 83 NS_SS0734    (6)    2 :  0.026 0.228 0.037 0.304 0.406 
 84 NS_SS0737    (3)    2 :  0.006 0.009 0.737 0.031 0.217 
 85 NS_SS0732    (5)    2 :  0.006 0.009 0.086 0.804 0.095 
 86 NS_SS0728    (5)    2 :  0.014 0.023 0.155 0.590 0.218 
 87 NS_SS0735    (9)    2 :  0.011 0.040 0.102 0.786 0.062 
 88 NS_SS0725    (1)    2 :  0.008 0.036 0.612 0.015 0.329 
 89 NS_SS0788    (2)    2 :  0.002 0.025 0.281 0.455 0.237 
 90 NS_SS0778    (2)    2 :  0.002 0.062 0.331 0.481 0.124 
 91 NS_SS0792    (6)    2 :  0.007 0.029 0.701 0.052 0.211 
 92 NS_SS0943   (11)    2 :  0.009 0.871 0.047 0.059 0.014 
 93 NS_SS0791    (2)    2 :  0.019 0.043 0.018 0.789 0.129 
 94 NS_SS0790    (5)    2 :  0.004 0.006 0.461 0.014 0.515 
 95 NS_SS0731    (6)    2 :  0.017 0.030 0.018 0.022 0.914 
 96 NS_SS0727    (7)    2 :  0.002 0.534 0.018 0.165 0.281 
 97 NS_SS0779   (13)    2 :  0.007 0.055 0.067 0.733 0.138 
 98 NS_SS0776    (3)    2 :  0.009 0.182 0.312 0.264 0.233 
 99 NS_SS0775    (5)    2 :  0.007 0.007 0.017 0.007 0.963 
100 NS_SS0965    (3)    3 :  0.002 0.059 0.135 0.694 0.109 
101 NS_SS0754   (14)    3 :  0.014 0.045 0.021 0.901 0.019 
102 NS_SS0838    (5)    3 :  0.057 0.072 0.437 0.220 0.214 
103 NS_SS0839    (3)    3 :  0.006 0.008 0.690 0.064 0.232 
104 NS_SS0832    (4)    3 :  0.045 0.005 0.694 0.210 0.045 
105 NS_SS0820    (5)    3 :  0.009 0.006 0.263 0.310 0.412 
106 NS_SS0886    (9)    3 :  0.002 0.176 0.118 0.594 0.109 
107 NS_SS0748    (5)    3 :  0.013 0.469 0.196 0.093 0.230 
108 NS_SS0884    (9)    3 :  0.028 0.036 0.779 0.116 0.042 
109 NS_SS0752    (4)    3 :  0.002 0.026 0.162 0.602 0.208 
110 NS_SS0862    (1)    3 :  0.007 0.012 0.175 0.764 0.042 
111 NS_SS0787    (9)    3 :  0.011 0.888 0.043 0.042 0.016 
112 NS_SS0843    (6)    3 :  0.002 0.043 0.096 0.679 0.180 
113 NS_SS0856    (4)    3 :  0.005 0.030 0.543 0.153 0.270 
114 NS_SS0846    (2)    3 :  0.003 0.067 0.558 0.362 0.009 
115 NS_SS0825    (1)    3 :  0.014 0.049 0.737 0.015 0.184 
116 NS_SS0757    (3)    3 :  0.004 0.123 0.464 0.334 0.075 
117 NS_SS0876    (3)    3 :  0.226 0.016 0.345 0.237 0.176 
118 NS_SS0903   (10)    3 :  0.003 0.016 0.318 0.644 0.019 
119 NS_SS0875    (7)    3 :  0.004 0.088 0.017 0.019 0.871 
120 NS_SS0740    (5)    3 :  0.004 0.020 0.025 0.924 0.028 
121 NS_SS0811    (5)    3 :  0.013 0.016 0.309 0.030 0.632 
122 NS_SS0751    (1)    3 :  0.003 0.311 0.251 0.220 0.215 
123 NS_SS0891    (6)    3 :  0.007 0.046 0.157 0.035 0.754 
124 NS_SS0867    (2)    3 :  0.034 0.265 0.534 0.135 0.033 
125 NS_SS0890    (6)    3 :  0.007 0.148 0.037 0.596 0.212 
126 NS_SS0866   (12)    3 :  0.009 0.774 0.064 0.023 0.130 
127 NS_SS0755    (4)    3 :  0.009 0.043 0.156 0.055 0.736 
128 NS_SS0758    (4)    3 :  0.003 0.102 0.089 0.782 0.024 
129 NS_SS0840    (2)    3 :  0.003 0.014 0.510 0.078 0.395 
130 NS_SS0889    (4)    3 :  0.004 0.893 0.036 0.025 0.042 
131 NS_SS1010    (1)    3 :  0.056 0.046 0.701 0.138 0.060 
132 NS_SS0888    (5)    3 :  0.002 0.173 0.016 0.762 0.047 
133 NS_SS0837    (3)    3 :  0.003 0.045 0.240 0.100 0.612 
134 NS_SS0794   (10)    3 :  0.003 0.870 0.034 0.024 0.070 
135 NS_SS0823    (5)    3 :  0.005 0.016 0.861 0.048 0.070 
136 NS_SS0829    (7)    3 :  0.113 0.861 0.008 0.009 0.009 
137 NS_SS0844    (5)    3 :  0.003 0.010 0.776 0.171 0.040 
138 NS_SS1008    (6)    3 :  0.019 0.260 0.026 0.131 0.564 
139 NS_SS0881    (3)    3 :  0.004 0.224 0.127 0.086 0.560 
140 NS_SS0834    (6)    3 :  0.009 0.012 0.714 0.029 0.237 
141 NS_SS0744   (10)    3 :  0.006 0.020 0.299 0.652 0.022 
142 NS_SS0899    (7)    3 :  0.002 0.014 0.577 0.042 0.365 
143 NS_SS0804    (5)    3 :  0.005 0.008 0.819 0.105 0.063 
144 NS_SS0781   (10)    3 :  0.003 0.010 0.792 0.054 0.140 
145 NS_SS0822    (6)    3 :  0.002 0.868 0.083 0.028 0.018 
146 NS_SS1004    (4)    3 :  0.005 0.032 0.731 0.219 0.014 
147 NS_SS0746    (5)    3 :  0.018 0.270 0.134 0.328 0.250 
148 NS_SS0880    (3)    3 :  0.002 0.177 0.655 0.095 0.070 
149 NS_SS0879    (5)    3 :  0.015 0.052 0.567 0.026 0.339 
150 NS_SS0753    (2)    3 :  0.010 0.160 0.062 0.747 0.021 
151 NS_SS1007    (3)    3 :  0.003 0.016 0.052 0.854 0.076 
152 NS_SS0872    (5)    3 :  0.003 0.009 0.859 0.017 0.112 
153 NS_SS1005    (7)    3 :  0.001 0.020 0.847 0.072 0.059 
154 NS_SS0892    (6)    3 :  0.003 0.097 0.088 0.518 0.294 
155 NS_SS0898    (0)    3 :  0.007 0.388 0.011 0.009 0.584 
156 NS_SS0801    (9)    3 :  0.016 0.025 0.189 0.704 0.066 
157 NS_SS0827    (9)    3 :  0.118 0.037 0.013 0.113 0.719 
158 NS_SS0853    (7)    3 :  0.007 0.025 0.083 0.462 0.422 
159 NS_SS0780    (2)    3 :  0.006 0.013 0.151 0.770 0.059 
160 NS_SS0826   (10)    3 :  0.004 0.330 0.645 0.009 0.013 
161 NS_SS0818    (5)    3 :  0.002 0.020 0.626 0.061 0.290 
162 NS_SS0745    (1)    3 :  0.002 0.013 0.015 0.006 0.965 
163 NS_SS0849    (3)    3 :  0.002 0.064 0.128 0.091 0.714 
164 NS_SS0739    (3)    3 :  0.020 0.022 0.154 0.315 0.488 
165 NS_SS0799    (1)    3 :  0.002 0.231 0.054 0.608 0.105 
166 NS_SS0756    (3)    3 :  0.004 0.012 0.928 0.032 0.023 
167 NS_SS0802    (2)    3 :  0.191 0.026 0.181 0.589 0.014 
168 NS_SS0747    (6)    3 :  0.005 0.010 0.092 0.883 0.011 
169 NS_SS0835    (1)    3 :  0.002 0.239 0.200 0.358 0.202 
170 NS_SS0742   (19)    3 :  0.002 0.030 0.779 0.136 0.053 
171 NS_SS0760    (9)    3 :  0.053 0.825 0.039 0.060 0.022 
172 NS_SS0803    (4)    3 :  0.010 0.009 0.900 0.058 0.024 
173 NS_SS0828   (14)    3 :  0.002 0.048 0.032 0.652 0.266 
174 NS_SS0865    (2)    3 :  0.030 0.033 0.532 0.354 0.051 
175 NS_SS0759    (5)    3 :  0.007 0.017 0.185 0.686 0.105 
176 NS_SS0851    (5)    3 :  0.014 0.007 0.028 0.008 0.942 
177 NS_SS0874   (16)    3 :  0.002 0.016 0.613 0.145 0.224 
178 NS_SS0761    (6)    3 :  0.003 0.435 0.064 0.441 0.057 
179 NS_SS0842   (26)    3 :  0.012 0.178 0.038 0.026 0.746 
180 NS_SS0785    (6)    3 :  0.008 0.114 0.181 0.674 0.023 
181 NS_SS0860   (11)    3 :  0.003 0.293 0.204 0.431 0.070 
182 NS_SS0897    (7)    3 :  0.003 0.941 0.009 0.039 0.008 
183 NS_SS0841   (15)    3 :  0.004 0.049 0.285 0.057 0.606 
184 NS_SS0797    (7)    3 :  0.025 0.480 0.016 0.013 0.467 
185 NS_SS0830   (11)    3 :  0.004 0.231 0.042 0.148 0.574 
186 NS_SS1011    (5)    3 :  0.006 0.010 0.964 0.012 0.008 
187 NS_SS0883    (5)    3 :  0.009 0.036 0.066 0.726 0.163 
188 NS_SS0782    (2)    3 :  0.003 0.628 0.055 0.111 0.203 
189 NS_SS0831    (5)    3 :  0.004 0.844 0.020 0.103 0.028 
190 NS_SS0749    (7)    3 :  0.005 0.018 0.038 0.928 0.011 
191 NS_SS0854    (2)    3 :  0.003 0.061 0.086 0.799 0.050 
192 HI_SS0193    (0)    4 :  0.002 0.955 0.015 0.014 0.014 
193 HI_SS0194    (1)    4 :  0.002 0.101 0.663 0.014 0.220 
194 HI_SS0195   (10)    4 :  0.123 0.007 0.446 0.156 0.268 
195 HI_SS0196    (6)    4 :  0.004 0.549 0.066 0.198 0.183 
196 HI_SS0197    (3)    4 :  0.013 0.005 0.911 0.060 0.011 
197 HI_SS0198    (1)    4 :  0.011 0.079 0.107 0.653 0.150 
198 HI_SS0199    (1)    4 :  0.003 0.125 0.231 0.597 0.043 
199 HI_SS0201    (5)    4 :  0.003 0.624 0.057 0.304 0.012 
200 HI_SS0215    (1)    4 :  0.005 0.126 0.283 0.574 0.012 
201 HI_SS0218    (1)    4 :  0.008 0.806 0.008 0.143 0.035 
202 HI_SS0222    (0)    4 :  0.007 0.212 0.040 0.498 0.244 
203 HI_SS0230    (1)    4 :  0.008 0.014 0.365 0.542 0.072 
204 HI_SS0234    (2)    4 :  0.147 0.034 0.151 0.636 0.032 
205 HI_SS0240    (1)    4 :  0.009 0.008 0.053 0.876 0.054 
206 HI_SS0241    (0)    4 :  0.002 0.223 0.331 0.336 0.107 
207 HI_SS0242    (0)    4 :  0.004 0.097 0.034 0.236 0.630 
208 HI_SS0247    (0)    4 :  0.021 0.012 0.897 0.014 0.056 
209 HI_SS0248    (1)    4 :  0.001 0.913 0.005 0.051 0.029 
210 HI_SS0252    (2)    4 :  0.002 0.077 0.831 0.033 0.057 
211 HI_SS0254    (0)    4 :  0.107 0.474 0.039 0.363 0.017 
212 HI_SS0256    (0)    4 :  0.002 0.006 0.925 0.014 0.053 
213 HI_SS0257    (0)    4 :  0.004 0.047 0.136 0.802 0.012 
214 HI_SS0258    (1)    4 :  0.007 0.826 0.018 0.131 0.019 
215 HI_SS0259    (1)    4 :  0.004 0.012 0.817 0.071 0.096 
216 HI_SS0260    (1)    4 :  0.002 0.366 0.039 0.486 0.107 
217 HI_SS0261    (2)    4 :  0.005 0.666 0.055 0.226 0.049 
218 HI_SS0262    (0)    4 :  0.009 0.029 0.358 0.055 0.549 
219 HI_SS0264    (0)    4 :  0.005 0.041 0.252 0.406 0.296 
220 HI_SS0265    (0)    4 :  0.118 0.022 0.105 0.131 0.625 
221 HI_SS0268    (1)    4 :  0.006 0.086 0.257 0.496 0.155 
222 HI_SS0269    (0)    4 :  0.002 0.545 0.176 0.259 0.018 
223 HI_SS0273    (0)    4 :  0.002 0.804 0.078 0.072 0.044 
224 HI_SS0277    (1)    4 :  0.004 0.029 0.849 0.095 0.022 
225 HI_SS0280    (0)    4 :  0.008 0.222 0.053 0.245 0.472 
226 HI_SS0282    (1)    4 :  0.002 0.730 0.149 0.098 0.022 
227 HI_SS0286    (1)    4 :  0.008 0.038 0.046 0.824 0.084 
228 NS_SS1252    (3)    5 :  0.005 0.875 0.011 0.094 0.015 
229 NS_SS1261    (1)    5 :  0.021 0.020 0.903 0.027 0.029 
230 NS_SS1225   (10)    5 :  0.083 0.054 0.358 0.488 0.017 
231 NS_SS1266    (1)    5 :  0.011 0.008 0.931 0.018 0.031 
232 NS_SS1228    (0)    5 :  0.019 0.018 0.108 0.021 0.834 
233 NS_SS1255    (3)    5 :  0.002 0.443 0.034 0.010 0.512 
234 NS_SS1267    (3)    5 :  0.017 0.452 0.006 0.510 0.015 
235 NS_SS1238    (6)    5 :  0.003 0.771 0.120 0.030 0.075 
236 NS_SS1233    (8)    5 :  0.003 0.614 0.261 0.018 0.104 
237 NS_SS1277    (3)    5 :  0.001 0.862 0.007 0.058 0.072 
238 NS_SS1245    (1)    5 :  0.003 0.532 0.137 0.209 0.119 
239 NS_SS1240    (4)    5 :  0.003 0.549 0.020 0.420 0.008 
240 NS_SS1275    (2)    5 :  0.004 0.005 0.752 0.024 0.214 
241 NS_SS1235    (1)    5 :  0.007 0.043 0.647 0.210 0.093 
242 NS_SS1263    (1)    5 :  0.001 0.098 0.403 0.055 0.443 
243 NS_SS1251    (2)    5 :  0.002 0.173 0.561 0.170 0.094 
244 NS_SS1248    (0)    5 :  0.112 0.475 0.092 0.012 0.309 
245 NS_SS1244    (0)    5 :  0.005 0.128 0.809 0.049 0.009 
246 NS_SS1257    (1)    5 :  0.032 0.202 0.038 0.685 0.042 
247 NS_SS1242    (2)    5 :  0.003 0.015 0.174 0.017 0.791 
248 NS_SS1271    (6)    5 :  0.042 0.663 0.012 0.051 0.232 
249 NS_SS1265    (1)    5 :  0.030 0.839 0.063 0.029 0.040 
250 NS_SS1243    (0)    5 :  0.097 0.174 0.064 0.187 0.478 
251 NS_SS1273    (1)    5 :  0.011 0.014 0.033 0.011 0.932 
252 NS_SS1254   (14)    5 :  0.008 0.025 0.562 0.032 0.373 
253 NS_SS1224    (1)    5 :  0.011 0.026 0.166 0.432 0.365 
254 NS_SS1227    (8)    5 :  0.002 0.066 0.038 0.483 0.411 
255 NS_SS1274    (9)    5 :  0.017 0.136 0.036 0.797 0.014 
256 NS_SS1241    (1)    5 :  0.002 0.665 0.249 0.033 0.051 
257 NS_SS1256    (3)    5 :  0.055 0.195 0.647 0.034 0.069 
258 NS_SS1260    (8)    5 :  0.066 0.058 0.017 0.840 0.018 
259 NS_SS1262    (0)    5 :  0.182 0.278 0.447 0.069 0.024 
260 NS_SS1230    (0)    5 :  0.012 0.501 0.122 0.101 0.264 
261 NS_SS1270    (2)    5 :  0.003 0.032 0.851 0.059 0.056 
262 NS_SS1229    (2)    5 :  0.005 0.009 0.933 0.045 0.009 
263 NS_SS1246    (5)    5 :  0.004 0.476 0.399 0.066 0.055 
264 NS_SS1269    (0)    5 :  0.003 0.045 0.320 0.543 0.089 
265 NS_SS1239    (1)    5 :  0.006 0.046 0.380 0.339 0.229 
266 NS_SS1272    (5)    5 :  0.007 0.017 0.895 0.011 0.070 
267 NS_SS1268    (1)    5 :  0.003 0.081 0.189 0.055 0.671 
268 NS_SS1249    (1)    5 :  0.017 0.911 0.016 0.025 0.031 
269 HI_SS0559    (0)    6 :  0.003 0.093 0.017 0.752 0.135 
270 HI_SS0563    (1)    6 :  0.004 0.555 0.098 0.296 0.047 
271 HI_SS0564    (0)    6 :  0.071 0.061 0.302 0.454 0.111 
272 HI_SS0565    (0)    6 :  0.006 0.249 0.246 0.306 0.193 
273 HI_SS0569    (1)    6 :  0.002 0.641 0.032 0.315 0.010 
274 HI_SS0570    (0)    6 :  0.042 0.919 0.013 0.015 0.012 
275 HI_SS0572    (1)    6 :  0.003 0.021 0.411 0.153 0.412 
276 HI_SS0576    (1)    6 :  0.007 0.035 0.149 0.280 0.529 
277 HI_SS0579    (1)    6 :  0.019 0.166 0.040 0.762 0.012 
278 HI_SS0580    (1)    6 :  0.005 0.075 0.021 0.230 0.669 
279 HI_SS0581    (0)    6 :  0.067 0.018 0.775 0.091 0.049 
280 HI_SS0583    (1)    6 :  0.004 0.348 0.231 0.143 0.275 
281 HI_SS0586    (1)    6 :  0.002 0.710 0.007 0.263 0.019 
282 HI_SS0588    (1)    6 :  0.026 0.342 0.030 0.582 0.020 
283 HI_SS0595    (4)    6 :  0.031 0.189 0.105 0.158 0.517 
284 HI_SS0596    (0)    6 :  0.003 0.015 0.121 0.009 0.852 
285 HI_SS0597    (1)    6 :  0.003 0.018 0.772 0.017 0.190 
286 HI_SS0600    (0)    6 :  0.003 0.026 0.687 0.275 0.009 
287 HI_SS0601    (1)    6 :  0.014 0.017 0.293 0.663 0.013 
288 HI_SS0602    (1)    6 :  0.003 0.025 0.040 0.815 0.117 
289 HI_SS0604    (0)    6 :  0.003 0.184 0.091 0.543 0.179 
290 HI_SS0605    (1)    6 :  0.009 0.030 0.014 0.871 0.076 
291 HI_SS0608    (0)    6 :  0.001 0.107 0.025 0.014 0.852 
292 HI_SS0609    (0)    6 :  0.001 0.031 0.792 0.015 0.160 
293 HI_SS0611    (5)    6 :  0.004 0.337 0.065 0.218 0.376 
294 HI_SS0612    (0)    6 :  0.009 0.042 0.807 0.129 0.013 
295 HI_SS0613    (1)    6 :  0.002 0.049 0.118 0.514 0.317 
296 HI_SS0615    (1)    6 :  0.014 0.010 0.255 0.236 0.484 
297 HI_SS0001    (1)    6 :  0.005 0.253 0.580 0.093 0.069 
298 HI_SS0002    (1)    6 :  0.027 0.007 0.899 0.026 0.041 
299 HI_SS0004    (0)    6 :  0.006 0.802 0.024 0.068 0.100 
300 HI_SS0005    (1)    6 :  0.007 0.078 0.185 0.377 0.353 
301 HI_SS0006    (1)    6 :  0.002 0.141 0.796 0.046 0.015 
302 HI_SS0007    (1)    6 :  0.003 0.809 0.013 0.026 0.150 
303 HI_SS0008    (0)    6 :  0.042 0.024 0.192 0.628 0.114 
304 HI_SS0009    (0)    6 :  0.007 0.065 0.024 0.170 0.734 
305 HI_SS0010    (1)    6 :  0.005 0.784 0.029 0.094 0.088 
306 HI_SS0011    (1)    6 :  0.091 0.096 0.470 0.026 0.318 
307 HI_SS0012    (0)    6 :  0.006 0.007 0.176 0.697 0.114 
308 HI_SS0017    (1)    6 :  0.002 0.119 0.325 0.020 0.534 
309 HI_SS0021    (1)    6 :  0.244 0.422 0.053 0.059 0.222 
310 HI_SS0024    (1)    6 :  0.003 0.106 0.111 0.023 0.757 
311 HI_SS0025    (1)    6 :  0.006 0.011 0.012 0.016 0.955 
312 HI_SS0027    (0)    6 :  0.017 0.618 0.012 0.344 0.009 
313 HI_SS0028    (0)    6 :  0.002 0.006 0.073 0.042 0.877 
314 HI_SS0029    (1)    6 :  0.009 0.027 0.018 0.029 0.918 
315 HI_SS0030    (2)    6 :  0.006 0.159 0.053 0.699 0.082 
316 HI_SS0031    (0)    6 :  0.005 0.011 0.159 0.757 0.068 
317 HI_SS0034    (0)    6 :  0.007 0.509 0.027 0.442 0.015 
318 HI_SS0036    (0)    6 :  0.011 0.307 0.009 0.268 0.405 
319 HI_SS0037    (1)    6 :  0.007 0.742 0.079 0.069 0.103 
320 HI_SS0039    (0)    6 :  0.004 0.402 0.039 0.035 0.520 
321 HI_SS0041    (1)    6 :  0.003 0.013 0.062 0.017 0.906 
322 HI_SS0042    (1)    6 :  0.123 0.012 0.048 0.026 0.792 
323 HI_SS0043    (1)    6 :  0.004 0.838 0.014 0.138 0.006 
324 HI_SS0044    (1)    6 :  0.003 0.043 0.011 0.032 0.911 
325 HI_SS0047    (1)    6 :  0.002 0.021 0.503 0.438 0.037 
326 HI_SS0049    (1)    6 :  0.005 0.037 0.033 0.016 0.908 
327 HI_SS0051    (1)    6 :  0.003 0.221 0.070 0.629 0.077 
328 HI_SS0053    (1)    6 :  0.007 0.379 0.044 0.542 0.028 
329 HI_SS0054    (4)    6 :  0.004 0.948 0.014 0.020 0.014 
330 HI_SS0057    (0)    6 :  0.005 0.338 0.481 0.052 0.124 
331 HI_SS0058    (0)    6 :  0.009 0.085 0.321 0.445 0.140 
332 HI_SS0060    (0)    6 :  0.092 0.327 0.071 0.469 0.041 
333 HI_SS0087    (1)    6 :  0.003 0.401 0.212 0.361 0.023 
334 HI_SS0091    (1)    6 :  0.002 0.106 0.774 0.111 0.008 
335 HI_SS0095    (1)    6 :  0.050 0.013 0.075 0.846 0.016 
336 HI_SS0097    (3)    6 :  0.006 0.016 0.536 0.430 0.013 
337 HI_SS0099    (1)    6 :  0.005 0.006 0.007 0.008 0.974 
338 HI_SS0103    (0)    6 :  0.004 0.016 0.615 0.345 0.020 
339 HI_SS0105    (1)    6 :  0.031 0.031 0.724 0.203 0.012 
340 HI_SS0107    (1)    6 :  0.001 0.015 0.645 0.022 0.317 
341 HI_SS0108    (1)    6 :  0.026 0.934 0.010 0.023 0.007 
342 HI_SS0110    (0)    6 :  0.002 0.013 0.804 0.158 0.023 
343 HI_SS0111    (1)    6 :  0.035 0.019 0.227 0.622 0.097 
344 HI_SS0112    (0)    6 :  0.002 0.973 0.006 0.011 0.009 
345 HI_SS0113    (1)    6 :  0.006 0.044 0.619 0.017 0.314 
346 HI_SS0114    (1)    6 :  0.007 0.241 0.018 0.705 0.028 
347 HI_SS0115    (1)    6 :  0.013 0.029 0.009 0.878 0.070 
348 HI_SS0116    (4)    6 :  0.005 0.288 0.019 0.027 0.661 
349 HI_SS0117    (0)    6 :  0.003 0.370 0.282 0.335 0.011 
350 HI_SS0118    (0)    6 :  0.015 0.430 0.046 0.064 0.444 
351 HI_SS0119    (1)    6 :  0.002 0.078 0.525 0.387 0.007 
352 HI_SS0120    (1)    6 :  0.004 0.020 0.665 0.019 0.291 
353 HI_SS0121    (0)    6 :  0.002 0.007 0.748 0.017 0.227 
354 HI_SS0122    (2)    6 :  0.024 0.042 0.769 0.030 0.135 
355 HI_SS0123    (0)    6 :  0.006 0.019 0.533 0.410 0.032 
356 HI_SS0124    (1)    6 :  0.004 0.010 0.181 0.016 0.789 
357 HI_SS0125    (1)    6 :  0.043 0.009 0.340 0.136 0.471 
358 HI_SS0126    (0)    6 :  0.001 0.899 0.014 0.007 0.078 
359 HI_SS0127    (0)    6 :  0.011 0.095 0.012 0.849 0.032 
360 HI_SS0128    (0)    6 :  0.004 0.243 0.432 0.205 0.116 
361 HI_SS0129    (1)    6 :  0.016 0.337 0.069 0.396 0.182 
362 HI_SS0131    (2)    6 :  0.043 0.712 0.167 0.012 0.066 
363 HI_SS0132    (0)    6 :  0.001 0.468 0.373 0.120 0.038 
364 HI_SS0133    (1)    6 :  0.002 0.986 0.003 0.005 0.004 
365 HI_SS0134    (1)    6 :  0.003 0.045 0.498 0.409 0.046 
366 HI_SS0142    (3)    6 :  0.020 0.007 0.349 0.611 0.014 
367 HI_SS0145    (0)    6 :  0.002 0.114 0.126 0.738 0.021 
368 HI_SS0146    (1)    6 :  0.001 0.884 0.017 0.019 0.078 
369 HI_SS0147    (1)    6 :  0.032 0.011 0.867 0.047 0.043 
370 HI_SS0149    (1)    6 :  0.005 0.052 0.912 0.010 0.022 
371 HI_SS0150    (2)    6 :  0.007 0.030 0.221 0.351 0.391 
372 HI_SS0151    (0)    6 :  0.015 0.104 0.051 0.800 0.030 
373 NS_SS1451    (1)    6 :  0.004 0.010 0.368 0.096 0.522 
374 NS_SS1404    (0)    6 :  0.016 0.027 0.061 0.018 0.878 
375 NS_SS1432    (2)    6 :  0.043 0.005 0.058 0.020 0.873 
376 NS_SS1405    (5)    6 :  0.004 0.373 0.037 0.026 0.560 
377 NS_SS1431   (10)    6 :  0.001 0.027 0.373 0.054 0.545 
378 NS_SS1402    (3)    6 :  0.003 0.015 0.617 0.305 0.061 
379 NS_SS1450    (3)    6 :  0.005 0.426 0.028 0.486 0.055 
380 NS_SS1396    (0)    6 :  0.008 0.028 0.859 0.044 0.062 
381 NS_SS1393    (5)    6 :  0.005 0.032 0.022 0.920 0.023 
382 NS_SS1392   (10)    6 :  0.023 0.051 0.161 0.166 0.599 
383 NS_SS1445    (0)    6 :  0.012 0.142 0.235 0.540 0.072 
384 NS_SS1423    (0)    6 :  0.002 0.470 0.272 0.223 0.032 
385 NS_SS1421    (9)    6 :  0.106 0.771 0.064 0.015 0.045 
386 NS_SS1411    (6)    6 :  0.002 0.958 0.008 0.017 0.016 
387 NS_SS1453    (6)    6 :  0.008 0.143 0.217 0.597 0.034 
388 NS_SS1442    (3)    6 :  0.006 0.318 0.176 0.411 0.089 
389 NS_SS1422    (1)    6 :  0.015 0.026 0.626 0.302 0.031 
390 NS_SS1419    (1)    6 :  0.171 0.016 0.253 0.029 0.531 
391 NS_SS1427    (0)    6 :  0.002 0.854 0.008 0.121 0.015 
392 NS_SS1444    (4)    6 :  0.005 0.015 0.025 0.067 0.888 
393 NS_SS1455    (0)    6 :  0.002 0.037 0.668 0.011 0.282 
394 NS_SS1425    (2)    6 :  0.002 0.963 0.011 0.018 0.007 
395 NS_SS1400    (0)    6 :  0.002 0.960 0.014 0.009 0.016 
396 NS_SS1406    (2)    6 :  0.009 0.009 0.903 0.050 0.028 
397 NS_SS1417    (6)    6 :  0.011 0.230 0.658 0.024 0.078 
398 NS_SS1454    (3)    6 :  0.002 0.582 0.245 0.035 0.136 
399 NS_SS1412    (1)    6 :  0.029 0.223 0.322 0.123 0.303 
400 NS_SS1438    (1)    6 :  0.002 0.858 0.026 0.097 0.017 
401 NS_SS1416    (4)    6 :  0.010 0.014 0.203 0.436 0.337 
402 NS_SS1401    (0)    6 :  0.011 0.016 0.903 0.032 0.039 
403 NS_SS1424    (6)    6 :  0.015 0.161 0.635 0.063 0.125 
404 NS_SS1435   (10)    6 :  0.004 0.289 0.067 0.188 0.452 
405 NS_SS1447    (4)    6 :  0.009 0.073 0.361 0.060 0.497 
406 NS_SS1414    (3)    6 :  0.011 0.018 0.192 0.019 0.759 
407 NS_SS1449   (14)    6 :  0.005 0.011 0.844 0.125 0.015 
408 NS_SS1443    (4)    6 :  0.002 0.277 0.075 0.636 0.010 
409 NS_SS1434    (1)    6 :  0.001 0.568 0.146 0.133 0.151 
410 NS_SS1398    (1)    6 :  0.027 0.067 0.019 0.416 0.471 
411 NS_SS1426    (1)    6 :  0.003 0.798 0.026 0.164 0.009 
412 NS_SS1413    (0)    6 :  0.014 0.948 0.011 0.010 0.017 
413 NS_SS1395    (1)    6 :  0.009 0.023 0.043 0.917 0.008 
414 NS_SS1448   (10)    6 :  0.003 0.644 0.033 0.024 0.296 
415 NS_SS1446    (0)    6 :  0.004 0.064 0.771 0.084 0.077 
416 NS_SS1403    (2)    6 :  0.008 0.013 0.655 0.229 0.095 
417 NS_SS1415    (0)    6 :  0.016 0.841 0.033 0.054 0.054 
418 NS_SS1437    (4)    6 :  0.012 0.089 0.153 0.055 0.691 
419 NS_SS1439    (2)    6 :  0.003 0.007 0.261 0.706 0.023 
420 NS_SS1441    (3)    6 :  0.003 0.207 0.167 0.572 0.052 
421 NS_SS1420    (2)    6 :  0.004 0.006 0.015 0.014 0.961 
422 NS_SS1394    (2)    6 :  0.046 0.011 0.024 0.478 0.441 
423 NS_SS1391    (7)    6 :  0.017 0.312 0.039 0.507 0.126 
424 NS_SS1410    (5)    6 :  0.017 0.133 0.737 0.023 0.090 
425 NS_SS1408    (1)    6 :  0.050 0.038 0.079 0.816 0.018 
426 NS_SS1409    (1)    6 :  0.003 0.062 0.356 0.411 0.167 
427 HI_SS0617    (1)    7 :  0.002 0.018 0.089 0.555 0.337 
428 HI_SS0618    (2)    7 :  0.004 0.033 0.132 0.607 0.224 
429 HI_SS0619    (0)    7 :  0.005 0.021 0.028 0.025 0.922 
430 HI_SS0620    (1)    7 :  0.003 0.582 0.011 0.364 0.040 
431 HI_SS0621    (3)    7 :  0.021 0.016 0.293 0.200 0.470 
432 HI_SS0622    (1)    7 :  0.020 0.279 0.128 0.108 0.465 
433 HI_SS0626    (0)    7 :  0.011 0.038 0.020 0.049 0.883 
434 HI_SS0627    (0)    7 :  0.012 0.029 0.866 0.016 0.077 
435 HI_SS0628    (3)    7 :  0.077 0.621 0.047 0.028 0.227 
436 HI_SS0629    (1)    7 :  0.009 0.027 0.063 0.337 0.564 
437 HI_SS0630    (1)    7 :  0.064 0.331 0.019 0.051 0.535 
438 HI_SS0631    (0)    7 :  0.001 0.914 0.020 0.040 0.025 
439 HI_SS0632    (0)    7 :  0.005 0.797 0.074 0.036 0.088 
440 HI_SS0633    (0)    7 :  0.004 0.013 0.031 0.073 0.879 
441 HI_SS0634    (1)    7 :  0.003 0.061 0.663 0.160 0.113 
442 HI_SS0635    (0)    7 :  0.014 0.167 0.258 0.151 0.411 
443 HI_SS0637    (1)    7 :  0.003 0.010 0.147 0.826 0.014 
444 HI_SS0638    (0)    7 :  0.002 0.649 0.234 0.060 0.055 
445 HI_SS0639    (1)    7 :  0.055 0.008 0.080 0.601 0.256 
446 HI_SS0640    (1)    7 :  0.003 0.129 0.050 0.626 0.192 
447 HI_SS0641    (1)    7 :  0.006 0.040 0.016 0.316 0.622 
448 HI_SS0642    (0)    7 :  0.002 0.066 0.667 0.153 0.113 
449 HI_SS0645    (0)    7 :  0.001 0.010 0.015 0.008 0.966 
450 HI_SS0646    (1)    7 :  0.003 0.026 0.191 0.761 0.019 
451 HI_SS0647    (1)    7 :  0.001 0.662 0.198 0.019 0.120 
452 HI_SS0648    (0)    7 :  0.003 0.117 0.081 0.615 0.184 
453 HI_SS0649    (1)    7 :  0.003 0.019 0.034 0.452 0.492 
454 HI_SS0650    (1)    7 :  0.005 0.014 0.022 0.934 0.026 
455 HI_SS0651    (1)    7 :  0.006 0.033 0.090 0.810 0.061 
456 HI_SS0652    (1)    7 :  0.004 0.011 0.011 0.042 0.932 
457 NS_SS1371    (3)    7 :  0.007 0.009 0.046 0.920 0.018 
458 NS_SS1374    (0)    7 :  0.003 0.846 0.057 0.042 0.052 
459 NS_SS1337    (3)    7 :  0.006 0.051 0.851 0.048 0.044 
460 NS_SS1385    (5)    7 :  0.005 0.054 0.674 0.176 0.091 
461 NS_SS1388    (0)    7 :  0.007 0.015 0.015 0.013 0.949 
462 NS_SS1370    (1)    7 :  0.014 0.081 0.591 0.188 0.126 
463 NS_SS1389    (3)    7 :  0.004 0.010 0.010 0.007 0.969 
464 NS_SS1360    (1)    7 :  0.005 0.273 0.037 0.651 0.034 
465 NS_SS1330    (0)    7 :  0.005 0.010 0.333 0.618 0.034 
466 NS_SS1328    (9)    7 :  0.003 0.909 0.042 0.023 0.024 
467 NS_SS1384    (1)    7 :  0.003 0.063 0.036 0.879 0.019 
468 NS_SS1381    (0)    7 :  0.001 0.012 0.837 0.039 0.111 
469 NS_SS1375    (1)    7 :  0.002 0.031 0.046 0.021 0.900 
470 NS_SS1319   (11)    7 :  0.102 0.018 0.097 0.460 0.324 
471 NS_SS1326    (2)    7 :  0.011 0.945 0.012 0.013 0.019 
472 NS_SS1341    (1)    7 :  0.008 0.039 0.826 0.100 0.028 
473 NS_SS1383    (2)    7 :  0.005 0.078 0.362 0.542 0.012 
474 NS_SS1318    (3)    7 :  0.021 0.336 0.189 0.124 0.330 
475 NS_SS1348    (2)    7 :  0.002 0.911 0.038 0.033 0.015 
476 NS_SS1363    (0)    7 :  0.006 0.038 0.596 0.053 0.306 
477 NS_SS1335    (4)    7 :  0.031 0.234 0.190 0.531 0.014 
478 NS_SS1358    (0)    7 :  0.015 0.133 0.760 0.084 0.008 
479 NS_SS1342    (1)    7 :  0.002 0.227 0.663 0.082 0.026 
480 NS_SS1320    (3)    7 :  0.008 0.008 0.267 0.018 0.700 
481 NS_SS1355    (1)    7 :  0.019 0.010 0.230 0.286 0.455 
482 NS_SS1345    (1)    7 :  0.030 0.234 0.450 0.180 0.106 
483 NS_SS1324    (0)    7 :  0.003 0.190 0.083 0.491 0.233 
484 NS_SS1347    (5)    7 :  0.004 0.053 0.063 0.856 0.023 
485 NS_SS1321    (4)    7 :  0.002 0.047 0.780 0.154 0.017 
486 NS_SS1333    (0)    7 :  0.004 0.034 0.183 0.088 0.692 
487 NS_SS1364    (1)    7 :  0.004 0.893 0.058 0.026 0.019 
488 NS_SS1379    (0)    7 :  0.066 0.087 0.189 0.518 0.139 
489 NS_SS1332    (0)    7 :  0.009 0.927 0.011 0.016 0.037 
490 NS_SS1338    (5)    7 :  0.010 0.333 0.067 0.565 0.025 
491 NS_SS1368    (6)    7 :  0.007 0.660 0.239 0.013 0.081 
492 NS_SS1354    (1)    7 :  0.017 0.025 0.639 0.085 0.234 
493 NS_SS1365    (0)    7 :  0.013 0.144 0.018 0.040 0.784 
494 NS_SS1380    (1)    7 :  0.021 0.008 0.531 0.182 0.259 
495 NS_SS1329    (8)    7 :  0.003 0.160 0.791 0.023 0.023 
496 NS_SS1362    (0)    7 :  0.006 0.011 0.125 0.843 0.015 
497 NS_SS1327    (2)    7 :  0.004 0.833 0.009 0.149 0.005 
498 NS_SS1350    (0)    7 :  0.010 0.012 0.086 0.875 0.018 
499 NS_SS1387    (2)    7 :  0.004 0.023 0.043 0.379 0.552 
500 NS_SS1369    (8)    7 :  0.005 0.923 0.015 0.025 0.032 
501 NS_SS1331    (1)    7 :  0.013 0.280 0.061 0.014 0.633 
502 NS_SS1357    (5)    7 :  0.004 0.106 0.584 0.210 0.096 
503 NS_SS1386    (1)    7 :  0.004 0.963 0.015 0.011 0.007 
504 NS_SS1353    (2)    7 :  0.007 0.178 0.525 0.030 0.259 
505 NS_SS1323    (0)    7 :  0.077 0.013 0.730 0.031 0.149 
506 HI_SS0296    (0)    8 :  0.002 0.757 0.035 0.129 0.076 
507 HI_SS0297    (0)    8 :  0.001 0.450 0.371 0.120 0.057 
508 HI_SS0299    (0)    8 :  0.043 0.544 0.032 0.339 0.042 
509 HI_SS0300    (0)    8 :  0.001 0.727 0.031 0.206 0.035 
510 HI_SS0301    (0)    8 :  0.006 0.147 0.114 0.555 0.178 
511 HI_SS0302    (0)    8 :  0.023 0.929 0.014 0.018 0.017 
512 HI_SS0303    (0)    8 :  0.011 0.860 0.026 0.026 0.078 
513 HI_SS0304    (0)    8 :  0.003 0.147 0.208 0.064 0.579 
514 HI_SS0306    (5)    8 :  0.004 0.974 0.009 0.007 0.006 
515 HI_SS0307    (1)    8 :  0.009 0.009 0.163 0.246 0.571 
516 HI_SS0308    (1)    8 :  0.084 0.068 0.099 0.578 0.171 
517 HI_SS0309    (0)    8 :  0.004 0.010 0.363 0.499 0.124 
518 HI_SS0310    (0)    8 :  0.008 0.805 0.026 0.027 0.133 
519 HI_SS0311    (4)    8 :  0.004 0.144 0.269 0.039 0.544 
520 HI_SS0314    (0)    8 :  0.002 0.032 0.012 0.029 0.925 
521 HI_SS0316    (1)    8 :  0.005 0.051 0.072 0.397 0.475 
522 HI_SS0317    (3)    8 :  0.003 0.025 0.675 0.093 0.203 
523 HI_SS0318    (1)    8 :  0.193 0.140 0.108 0.549 0.011 
524 HI_SS0319    (0)    8 :  0.007 0.738 0.019 0.228 0.009 
525 HI_SS0320    (3)    8 :  0.001 0.007 0.386 0.017 0.589 
526 HI_SS0321    (0)    8 :  0.002 0.018 0.026 0.936 0.018 
527 HI_SS0323    (1)    8 :  0.002 0.036 0.013 0.419 0.531 
528 HI_SS0325    (2)    8 :  0.003 0.950 0.013 0.017 0.018 
529 HI_SS0327    (1)    8 :  0.002 0.106 0.025 0.861 0.007 
530 HI_SS0329    (1)    8 :  0.002 0.182 0.276 0.014 0.527 
531 HI_SS0333    (1)    8 :  0.004 0.403 0.138 0.278 0.177 
532 HI_SS0334    (1)    8 :  0.002 0.052 0.034 0.899 0.012 
533 HI_SS0335    (1)    8 :  0.026 0.008 0.303 0.642 0.021 
534 HI_SS0339    (0)    8 :  0.015 0.027 0.438 0.254 0.266 
535 HI_SS0343    (2)    8 :  0.002 0.011 0.886 0.059 0.042 
536 HI_SS0344    (1)    8 :  0.004 0.956 0.007 0.029 0.004 
537 HI_SS0345    (3)    8 :  0.009 0.392 0.485 0.022 0.092 
538 HI_SS0346    (0)    8 :  0.005 0.415 0.229 0.277 0.073 
539 HI_SS0350    (1)    8 :  0.013 0.009 0.368 0.066 0.544 
540 HI_SS0351    (0)    8 :  0.004 0.109 0.335 0.482 0.069 
541 HI_SS0352    (3)    8 :  0.095 0.021 0.820 0.018 0.045 
542 HI_SS0362    (0)    8 :  0.002 0.346 0.023 0.119 0.510 
543 HI_SS0363    (1)    8 :  0.006 0.670 0.013 0.287 0.025 
544 HI_SS0365    (0)    8 :  0.007 0.150 0.206 0.416 0.221 
545 HI_SS0366    (0)    8 :  0.002 0.751 0.048 0.177 0.022 
546 HI_SS0367    (1)    8 :  0.003 0.008 0.357 0.020 0.612 
547 HI_SS0369    (1)    8 :  0.003 0.011 0.706 0.034 0.246 
548 HI_SS0370    (0)    8 :  0.003 0.015 0.064 0.904 0.013 
549 HI_SS0371    (4)    8 :  0.006 0.937 0.008 0.017 0.032 
550 HI_SS0373    (3)    8 :  0.012 0.033 0.036 0.023 0.897 
551 HI_SS0374    (0)    8 :  0.035 0.010 0.049 0.062 0.844 
552 HI_SS0377    (0)    8 :  0.087 0.391 0.457 0.047 0.018 
553 HI_SS0379    (1)    8 :  0.001 0.964 0.007 0.024 0.004 
554 HI_SS0380    (1)    8 :  0.009 0.061 0.168 0.255 0.507 
555 HI_SS0381    (2)    8 :  0.005 0.018 0.662 0.025 0.290 
556 HI_SS0384    (3)    8 :  0.008 0.122 0.039 0.179 0.652 
557 HI_SS0385    (1)    8 :  0.002 0.824 0.008 0.008 0.159 
558 HI_SS0386    (0)    9 :  0.991 0.002 0.003 0.002 0.002 
559 HI_SS0387    (0)    9 :  0.938 0.026 0.013 0.014 0.009 
560 HI_SS0389    (2)    9 :  0.983 0.005 0.005 0.004 0.004 
561 HI_SS0390    (2)    9 :  0.991 0.002 0.003 0.002 0.003 
562 HI_SS0391    (3)    9 :  0.985 0.003 0.005 0.004 0.004 
563 HI_SS0392    (0)    9 :  0.992 0.002 0.002 0.002 0.002 
564 HI_SS0393    (2)    9 :  0.991 0.003 0.003 0.002 0.002 
565 HI_SS0394    (2)    9 :  0.990 0.003 0.002 0.002 0.003 
566 HI_SS0395    (2)    9 :  0.980 0.004 0.004 0.006 0.006 
567 HI_SS0396    (2)    9 :  0.951 0.008 0.012 0.012 0.016 
568 HI_SS0398    (2)    9 :  0.971 0.007 0.008 0.008 0.006 
569 HI_SS0399    (2)    9 :  0.994 0.001 0.001 0.002 0.002 
570 HI_SS0400    (3)    9 :  0.990 0.002 0.002 0.003 0.003 
571 HI_SS0401    (5)    9 :  0.990 0.003 0.002 0.002 0.002 
572 HI_SS0402    (0)    9 :  0.993 0.001 0.002 0.002 0.002 
573 HI_SS0403    (0)    9 :  0.992 0.002 0.003 0.002 0.002 
574 HI_SS0404    (2)    9 :  0.993 0.002 0.001 0.002 0.002 
575 HI_SS0405    (2)    9 :  0.921 0.014 0.028 0.025 0.011 
576 HI_SS0406    (2)    9 :  0.987 0.003 0.004 0.003 0.003 
577 HI_SS0407    (0)    9 :  0.965 0.007 0.007 0.009 0.012 
578 HI_SS0408    (0)    9 :  0.994 0.001 0.002 0.002 0.002 
579 HI_SS0409    (2)    9 :  0.983 0.004 0.005 0.004 0.004 
580 HI_SS0411    (2)    9 :  0.984 0.004 0.004 0.004 0.004 
581 HI_SS0412   (11)    9 :  0.800 0.025 0.046 0.103 0.026 
582 HI_SS0413    (0)    9 :  0.988 0.002 0.003 0.004 0.002 
583 HI_SS0414    (2)    9 :  0.929 0.009 0.023 0.018 0.021 
584 HI_SS0415    (2)    9 :  0.990 0.003 0.002 0.003 0.002 
585 HI_SS0416    (2)    9 :  0.982 0.004 0.003 0.005 0.006 
586 HI_SS0418    (2)    9 :  0.976 0.005 0.006 0.008 0.005 
587 HI_SS0419    (3)    9 :  0.984 0.005 0.004 0.003 0.004 
588 HI_SS0420    (0)    9 :  0.988 0.003 0.002 0.003 0.003 
589 HI_SS0421    (4)    9 :  0.978 0.005 0.008 0.005 0.005 
590 HI_SS0422    (3)    9 :  0.992 0.002 0.002 0.002 0.002 
591 HI_SS0423    (2)    9 :  0.978 0.008 0.004 0.006 0.005 
592 HI_SS0424    (1)    9 :  0.991 0.002 0.003 0.002 0.002 
593 HI_SS0425    (0)    9 :  0.985 0.003 0.004 0.003 0.005 
594 NS_SS1146    (3)   10 :  0.988 0.004 0.002 0.004 0.002 
595 NS_SS1157    (1)   10 :  0.968 0.006 0.011 0.009 0.006 
596 NS_SS1144    (7)   10 :  0.921 0.022 0.020 0.025 0.013 
597 NS_SS1074    (3)   10 :  0.983 0.005 0.005 0.004 0.004 
598 NS_SS1122    (0)   10 :  0.978 0.005 0.006 0.006 0.005 
599 NS_SS1136    (2)   10 :  0.994 0.002 0.002 0.001 0.001 
600 NS_SS1077    (4)   10 :  0.996 0.001 0.001 0.001 0.001 
601 NS_SS1134    (2)   10 :  0.951 0.011 0.011 0.011 0.016 
602 NS_SS1091    (1)   10 :  0.988 0.002 0.003 0.004 0.004 
603 NS_SS1089   (10)   10 :  0.984 0.005 0.003 0.004 0.004 
604 NS_SS1123    (2)   10 :  0.992 0.002 0.002 0.001 0.002 
605 NS_SS1158    (3)   10 :  0.994 0.001 0.001 0.002 0.001 
606 NS_SS1093    (3)   10 :  0.988 0.003 0.003 0.004 0.003 
607 NS_SS1102    (5)   10 :  0.973 0.006 0.009 0.007 0.005 
608 NS_SS1056    (0)   10 :  0.991 0.002 0.002 0.002 0.002 
609 NS_SS1126    (2)   10 :  0.986 0.003 0.003 0.005 0.003 
610 NS_SS1058   (15)   10 :  0.982 0.005 0.004 0.004 0.005 
611 NS_SS1084    (2)   10 :  0.992 0.002 0.002 0.002 0.002 
612 NS_SS1095    (3)   10 :  0.971 0.010 0.006 0.006 0.007 
613 NS_SS1079    (3)   10 :  0.991 0.002 0.003 0.003 0.002 
614 NS_SS1149    (0)   10 :  0.987 0.003 0.004 0.003 0.003 
615 NS_SS1121    (0)   10 :  0.991 0.002 0.002 0.003 0.002 
616 NS_SS1067    (0)   10 :  0.974 0.005 0.007 0.005 0.008 
617 NS_SS1081    (2)   10 :  0.987 0.004 0.003 0.004 0.003 
618 NS_SS1130    (0)   10 :  0.982 0.005 0.005 0.004 0.004 
619 NS_SS1073    (2)   10 :  0.986 0.003 0.004 0.004 0.003 
620 NS_SS1133    (2)   10 :  0.961 0.004 0.007 0.006 0.022 
621 NS_SS1129    (2)   10 :  0.993 0.002 0.002 0.002 0.002 
622 NS_SS1085    (1)   10 :  0.987 0.003 0.003 0.003 0.003 
623 NS_SS1137    (2)   10 :  0.976 0.005 0.005 0.008 0.005 
624 NS_SS1135    (3)   10 :  0.993 0.001 0.002 0.002 0.002 
625 NS_SS1082    (3)   10 :  0.992 0.002 0.002 0.002 0.002 
