

----------------------------------------------------
STRUCTURE by Pritchard, Stephens and Donnelly (2000)
     and Falush, Stephens and Pritchard (2003)
       Code by Pritchard, Falush and Hubisz
             Version 2.3.4 (Jul 2012)
----------------------------------------------------



Command line arguments:   /home/genobiwan/Documents/Programs/Structure/structure -m parameter_job_k4_r2 
Input File:    /media/genobiwan/Storage/Projets/Mackerel_NWA_2021/data_job_k4_r2

Run parameters:
   629 individuals
   4140 loci
   4 populations assumed
   10000 Burn-in period
   100000 Reps


--------------------------------------------
Proportion of membership of each pre-defined
 population in each of the 4 clusters

Given    Inferred Clusters              Number of
 Pop       1      2      3      4      Individuals

  1:     0.013  0.275  0.346  0.366       67
  2:     0.010  0.226  0.371  0.394       32
  3:     0.014  0.271  0.311  0.404       92
  4:     0.016  0.378  0.264  0.342       36
  5:     0.020  0.371  0.360  0.249       41
  6:     0.014  0.350  0.317  0.320      158
  7:     0.010  0.303  0.344  0.342       79
  8:     0.014  0.367  0.330  0.289       52
  9:     0.982  0.005  0.006  0.007       36
 10:     0.988  0.004  0.004  0.004       36
--------------------------------------------

Allele-freq. divergence among pops (Net nucleotide distance),
computed using point estimates of P.

      1       2       3       4      
 1      -    0.0050  0.0048  0.0048  
 2   0.0050     -    0.0002  0.0002  
 3   0.0048  0.0002     -    0.0001  
 4   0.0048  0.0002  0.0001     -    

Average distances (expected heterozygosity) between individuals in same cluster:
cluster  1  : 0.3056 
cluster  2  : 0.3182 
cluster  3  : 0.3184 
cluster  4  : 0.3187 

--------------------------------------------
Estimated Ln Prob of Data   = -2478027.5
Mean value of ln likelihood = -2466583.9
Variance of ln likelihood   = 22887.3
Mean value of alpha         = 0.0426

Mean value of Fst_1         = 0.0379
Mean value of Fst_2         = 0.0028
Mean value of Fst_3         = 0.0022
Mean value of Fst_4         = 0.0016


Inferred ancestry of individuals:
        Label (%Miss) Pop:  Inferred clusters
  1 NS_SS0963    (4)    1 :  0.005 0.023 0.021 0.952 
  2 NS_SS0983    (1)    1 :  0.005 0.768 0.007 0.221 
  3 NS_SS0719    (9)    1 :  0.005 0.189 0.209 0.596 
  4 NS_SS1001    (8)    1 :  0.006 0.317 0.656 0.021 
  5 NS_SS0936    (4)    1 :  0.003 0.038 0.260 0.699 
  6 NS_SS0955    (6)    1 :  0.004 0.811 0.041 0.144 
  7 NS_SS0944    (3)    1 :  0.002 0.864 0.087 0.047 
  8 NS_SS0945    (3)    1 :  0.012 0.560 0.313 0.116 
  9 NS_SS0922    (2)    1 :  0.024 0.009 0.590 0.377 
 10 NS_SS0929    (7)    1 :  0.003 0.422 0.062 0.513 
 11 NS_SS0956    (1)    1 :  0.005 0.025 0.816 0.154 
 12 NS_SS0906    (3)    1 :  0.003 0.029 0.205 0.762 
 13 NS_SS0721    (6)    1 :  0.006 0.117 0.162 0.715 
 14 NS_SS0982    (4)    1 :  0.017 0.020 0.226 0.736 
 15 NS_SS0923    (6)    1 :  0.004 0.026 0.425 0.544 
 16 NS_SS0905    (6)    1 :  0.002 0.291 0.144 0.563 
 17 NS_SS0925    (3)    1 :  0.004 0.018 0.084 0.894 
 18 NS_SS0947    (6)    1 :  0.005 0.031 0.377 0.588 
 19 NS_SS0926    (2)    1 :  0.001 0.970 0.018 0.011 
 20 NS_SS0918    (6)    1 :  0.003 0.270 0.465 0.262 
 21 NS_SS0966    (4)    1 :  0.052 0.058 0.438 0.452 
 22 NS_SS0938    (2)    1 :  0.002 0.019 0.938 0.042 
 23 NS_SS0917    (2)    1 :  0.041 0.116 0.377 0.467 
 24 NS_SS0957   (11)    1 :  0.008 0.022 0.616 0.354 
 25 NS_SS0987    (1)    1 :  0.243 0.070 0.543 0.143 
 26 NS_SS0717    (4)    1 :  0.003 0.023 0.867 0.107 
 27 NS_SS0986    (2)    1 :  0.004 0.192 0.557 0.248 
 28 NS_SS0953    (3)    1 :  0.017 0.057 0.334 0.592 
 29 NS_SS0907    (3)    1 :  0.046 0.128 0.137 0.689 
 30 NS_SS0974    (6)    1 :  0.005 0.679 0.106 0.211 
 31 NS_SS0989    (1)    1 :  0.001 0.728 0.024 0.247 
 32 NS_SS0991    (3)    1 :  0.003 0.889 0.016 0.093 
 33 NS_SS0994    (2)    1 :  0.002 0.981 0.007 0.010 
 34 NS_SS0931    (6)    1 :  0.012 0.934 0.026 0.028 
 35 NS_SS1000    (5)    1 :  0.004 0.021 0.341 0.633 
 36 NS_SS0919    (1)    1 :  0.003 0.084 0.013 0.900 
 37 NS_SS0949    (4)    1 :  0.002 0.960 0.011 0.028 
 38 NS_SS0960   (10)    1 :  0.006 0.311 0.024 0.659 
 39 NS_SS0716    (2)    1 :  0.007 0.006 0.980 0.008 
 40 NS_SS0924    (8)    1 :  0.020 0.469 0.060 0.451 
 41 NS_SS0935    (2)    1 :  0.011 0.836 0.015 0.138 
 42 NS_SS0952   (14)    1 :  0.042 0.641 0.075 0.242 
 43 NS_SS0962   (11)    1 :  0.007 0.014 0.772 0.207 
 44 NS_SS0973    (5)    1 :  0.004 0.220 0.013 0.763 
 45 NS_SS0722    (1)    1 :  0.002 0.017 0.659 0.322 
 46 NS_SS0979   (13)    1 :  0.002 0.040 0.911 0.047 
 47 NS_SS0993    (2)    1 :  0.017 0.033 0.803 0.148 
 48 NS_SS0958    (1)    1 :  0.003 0.816 0.050 0.131 
 49 NS_SS0988    (4)    1 :  0.005 0.069 0.315 0.611 
 50 NS_SS1003    (2)    1 :  0.008 0.012 0.681 0.299 
 51 NS_SS0976    (1)    1 :  0.002 0.813 0.058 0.128 
 52 NS_SS0964   (10)    1 :  0.003 0.010 0.959 0.028 
 53 NS_SS0939    (4)    1 :  0.004 0.008 0.974 0.014 
 54 NS_SS0990    (6)    1 :  0.003 0.041 0.912 0.043 
 55 NS_SS0984    (2)    1 :  0.002 0.010 0.927 0.061 
 56 NS_SS0980   (10)    1 :  0.002 0.018 0.020 0.960 
 57 NS_SS0978    (4)    1 :  0.003 0.055 0.061 0.882 
 58 NS_SS0951   (18)    1 :  0.003 0.759 0.202 0.036 
 59 NS_SS0913    (3)    1 :  0.035 0.032 0.880 0.053 
 60 NS_SS1002    (1)    1 :  0.031 0.005 0.323 0.641 
 61 NS_SS0948    (1)    1 :  0.054 0.203 0.557 0.185 
 62 NS_SS0916    (4)    1 :  0.006 0.263 0.215 0.516 
 63 NS_SS0995    (1)    1 :  0.003 0.018 0.353 0.626 
 64 NS_SS0927    (6)    1 :  0.005 0.259 0.127 0.608 
 65 NS_SS0992    (5)    1 :  0.003 0.064 0.060 0.873 
 66 NS_SS0912    (1)    1 :  0.003 0.631 0.146 0.220 
 67 NS_SS0981    (1)    1 :  0.004 0.025 0.531 0.440 
 68 NS_SS0729    (5)    2 :  0.004 0.967 0.008 0.022 
 69 NS_SS0967   (15)    2 :  0.011 0.084 0.102 0.803 
 70 NS_SS0941    (8)    2 :  0.084 0.156 0.365 0.394 
 71 NS_SS0768   (12)    2 :  0.005 0.024 0.355 0.617 
 72 NS_SS0726    (5)    2 :  0.009 0.473 0.027 0.491 
 73 NS_SS0763    (4)    2 :  0.003 0.902 0.041 0.054 
 74 NS_SS0730    (6)    2 :  0.004 0.012 0.918 0.066 
 75 NS_SS0774    (2)    2 :  0.001 0.007 0.407 0.585 
 76 NS_SS0723    (3)    2 :  0.001 0.009 0.042 0.947 
 77 NS_SS0940   (10)    2 :  0.008 0.474 0.179 0.339 
 78 NS_SS0762    (1)    2 :  0.003 0.011 0.958 0.029 
 79 NS_SS0766   (11)    2 :  0.014 0.247 0.548 0.191 
 80 NS_SS0724    (1)    2 :  0.004 0.023 0.745 0.227 
 81 NS_SS0769    (3)    2 :  0.004 0.034 0.210 0.752 
 82 NS_SS0777    (1)    2 :  0.015 0.330 0.340 0.315 
 83 NS_SS0734    (6)    2 :  0.025 0.301 0.406 0.268 
 84 NS_SS0737    (3)    2 :  0.006 0.013 0.669 0.313 
 85 NS_SS0732    (5)    2 :  0.004 0.034 0.132 0.830 
 86 NS_SS0728    (5)    2 :  0.011 0.199 0.205 0.585 
 87 NS_SS0735    (9)    2 :  0.007 0.037 0.138 0.818 
 88 NS_SS0725    (1)    2 :  0.009 0.049 0.927 0.015 
 89 NS_SS0788    (2)    2 :  0.002 0.013 0.039 0.946 
 90 NS_SS0778    (2)    2 :  0.002 0.108 0.056 0.834 
 91 NS_SS0792    (6)    2 :  0.006 0.149 0.421 0.424 
 92 NS_SS0943   (11)    2 :  0.009 0.930 0.012 0.049 
 93 NS_SS0791    (2)    2 :  0.016 0.378 0.116 0.491 
 94 NS_SS0790    (5)    2 :  0.004 0.004 0.748 0.244 
 95 NS_SS0731    (6)    2 :  0.015 0.016 0.937 0.032 
 96 NS_SS0727    (7)    2 :  0.002 0.872 0.106 0.020 
 97 NS_SS0779   (13)    2 :  0.007 0.136 0.262 0.595 
 98 NS_SS0776    (3)    2 :  0.007 0.222 0.523 0.247 
 99 NS_SS0775    (5)    2 :  0.008 0.014 0.917 0.061 
100 NS_SS0965    (3)    3 :  0.002 0.035 0.044 0.919 
101 NS_SS0754   (14)    3 :  0.013 0.596 0.025 0.366 
102 NS_SS0838    (5)    3 :  0.039 0.181 0.504 0.275 
103 NS_SS0839    (3)    3 :  0.003 0.010 0.456 0.530 
104 NS_SS0832    (4)    3 :  0.044 0.005 0.307 0.643 
105 NS_SS0820    (5)    3 :  0.007 0.008 0.581 0.404 
106 NS_SS0886    (9)    3 :  0.002 0.406 0.065 0.526 
107 NS_SS0748    (5)    3 :  0.009 0.605 0.147 0.238 
108 NS_SS0884    (9)    3 :  0.021 0.044 0.046 0.889 
109 NS_SS0752    (4)    3 :  0.002 0.050 0.172 0.777 
110 NS_SS0862    (1)    3 :  0.005 0.022 0.178 0.795 
111 NS_SS0787    (9)    3 :  0.006 0.944 0.013 0.037 
112 NS_SS0843    (6)    3 :  0.002 0.263 0.472 0.263 
113 NS_SS0856    (4)    3 :  0.003 0.018 0.900 0.078 
114 NS_SS0846    (2)    3 :  0.002 0.108 0.034 0.856 
115 NS_SS0825    (1)    3 :  0.010 0.051 0.424 0.515 
116 NS_SS0757    (3)    3 :  0.004 0.518 0.055 0.423 
117 NS_SS0876    (3)    3 :  0.222 0.041 0.494 0.243 
118 NS_SS0903   (10)    3 :  0.002 0.013 0.079 0.906 
119 NS_SS0875    (7)    3 :  0.003 0.074 0.880 0.043 
120 NS_SS0740    (5)    3 :  0.004 0.313 0.060 0.623 
121 NS_SS0811    (5)    3 :  0.009 0.020 0.952 0.020 
122 NS_SS0751    (1)    3 :  0.002 0.032 0.770 0.196 
123 NS_SS0891    (6)    3 :  0.006 0.043 0.908 0.043 
124 NS_SS0867    (2)    3 :  0.023 0.182 0.022 0.773 
125 NS_SS0890    (6)    3 :  0.004 0.374 0.200 0.423 
126 NS_SS0866   (12)    3 :  0.006 0.926 0.043 0.026 
127 NS_SS0755    (4)    3 :  0.008 0.048 0.757 0.187 
128 NS_SS0758    (4)    3 :  0.002 0.454 0.083 0.461 
129 NS_SS0840    (2)    3 :  0.002 0.013 0.615 0.370 
130 NS_SS0889    (4)    3 :  0.002 0.944 0.038 0.016 
131 NS_SS1010    (1)    3 :  0.040 0.045 0.184 0.731 
132 NS_SS0888    (5)    3 :  0.001 0.833 0.011 0.155 
133 NS_SS0837    (3)    3 :  0.003 0.061 0.669 0.267 
134 NS_SS0794   (10)    3 :  0.002 0.968 0.018 0.012 
135 NS_SS0823    (5)    3 :  0.005 0.020 0.448 0.527 
136 NS_SS0829    (7)    3 :  0.113 0.852 0.008 0.027 
137 NS_SS0844    (5)    3 :  0.002 0.012 0.318 0.668 
138 NS_SS1008    (6)    3 :  0.012 0.705 0.212 0.071 
139 NS_SS0881    (3)    3 :  0.003 0.184 0.397 0.416 
140 NS_SS0834    (6)    3 :  0.007 0.021 0.761 0.211 
141 NS_SS0744   (10)    3 :  0.006 0.038 0.018 0.937 
142 NS_SS0899    (7)    3 :  0.002 0.008 0.969 0.022 
143 NS_SS0804    (5)    3 :  0.004 0.009 0.430 0.557 
144 NS_SS0781   (10)    3 :  0.003 0.006 0.373 0.618 
145 NS_SS0822    (6)    3 :  0.002 0.920 0.040 0.038 
146 NS_SS1004    (4)    3 :  0.004 0.181 0.124 0.691 
147 NS_SS0746    (5)    3 :  0.017 0.466 0.267 0.251 
148 NS_SS0880    (3)    3 :  0.001 0.202 0.145 0.652 
149 NS_SS0879    (5)    3 :  0.013 0.029 0.527 0.431 
150 NS_SS0753    (2)    3 :  0.010 0.609 0.020 0.361 
151 NS_SS1007    (3)    3 :  0.002 0.063 0.291 0.644 
152 NS_SS0872    (5)    3 :  0.002 0.020 0.751 0.227 
153 NS_SS1005    (7)    3 :  0.001 0.022 0.298 0.679 
154 NS_SS0892    (6)    3 :  0.002 0.202 0.345 0.451 
155 NS_SS0898    (0)    3 :  0.006 0.449 0.531 0.015 
156 NS_SS0801    (9)    3 :  0.009 0.049 0.092 0.849 
157 NS_SS0827    (9)    3 :  0.127 0.494 0.234 0.145 
158 NS_SS0853    (7)    3 :  0.006 0.062 0.658 0.274 
159 NS_SS0780    (2)    3 :  0.004 0.011 0.061 0.924 
160 NS_SS0826   (10)    3 :  0.004 0.162 0.294 0.539 
161 NS_SS0818    (5)    3 :  0.002 0.009 0.138 0.852 
162 NS_SS0745    (1)    3 :  0.001 0.006 0.986 0.006 
163 NS_SS0849    (3)    3 :  0.002 0.068 0.720 0.210 
164 NS_SS0739    (3)    3 :  0.012 0.023 0.522 0.443 
165 NS_SS0799    (1)    3 :  0.001 0.807 0.016 0.176 
166 NS_SS0756    (3)    3 :  0.003 0.011 0.328 0.658 
167 NS_SS0802    (2)    3 :  0.201 0.259 0.064 0.477 
168 NS_SS0747    (6)    3 :  0.006 0.043 0.015 0.936 
169 NS_SS0835    (1)    3 :  0.001 0.815 0.038 0.146 
170 NS_SS0742   (19)    3 :  0.002 0.070 0.215 0.713 
171 NS_SS0760    (9)    3 :  0.043 0.910 0.014 0.033 
172 NS_SS0803    (4)    3 :  0.008 0.007 0.192 0.793 
173 NS_SS0828   (14)    3 :  0.001 0.464 0.149 0.386 
174 NS_SS0865    (2)    3 :  0.029 0.083 0.169 0.720 
175 NS_SS0759    (5)    3 :  0.004 0.012 0.571 0.413 
176 NS_SS0851    (5)    3 :  0.013 0.006 0.968 0.012 
177 NS_SS0874   (16)    3 :  0.001 0.015 0.381 0.603 
178 NS_SS0761    (6)    3 :  0.002 0.905 0.030 0.063 
179 NS_SS0842   (26)    3 :  0.010 0.209 0.672 0.109 
180 NS_SS0785    (6)    3 :  0.005 0.094 0.024 0.878 
181 NS_SS0860   (11)    3 :  0.003 0.759 0.046 0.192 
182 NS_SS0897    (7)    3 :  0.002 0.974 0.014 0.010 
183 NS_SS0841   (15)    3 :  0.004 0.040 0.529 0.428 
184 NS_SS0797    (7)    3 :  0.022 0.597 0.367 0.014 
185 NS_SS0830   (11)    3 :  0.002 0.244 0.598 0.156 
186 NS_SS1011    (5)    3 :  0.007 0.012 0.153 0.829 
187 NS_SS0883    (5)    3 :  0.007 0.369 0.126 0.498 
188 NS_SS0782    (2)    3 :  0.003 0.283 0.497 0.218 
189 NS_SS0831    (5)    3 :  0.004 0.938 0.036 0.022 
190 NS_SS0749    (7)    3 :  0.004 0.240 0.033 0.724 
191 NS_SS0854    (2)    3 :  0.003 0.607 0.156 0.234 
192 HI_SS0193    (0)    4 :  0.002 0.946 0.041 0.012 
193 HI_SS0194    (1)    4 :  0.002 0.045 0.867 0.086 
194 HI_SS0195   (10)    4 :  0.095 0.008 0.521 0.376 
195 HI_SS0196    (6)    4 :  0.003 0.327 0.187 0.483 
196 HI_SS0197    (3)    4 :  0.014 0.006 0.098 0.883 
197 HI_SS0198    (1)    4 :  0.011 0.062 0.227 0.700 
198 HI_SS0199    (1)    4 :  0.003 0.673 0.044 0.280 
199 HI_SS0201    (5)    4 :  0.002 0.894 0.009 0.095 
200 HI_SS0215    (1)    4 :  0.003 0.437 0.019 0.540 
201 HI_SS0218    (1)    4 :  0.007 0.968 0.016 0.009 
202 HI_SS0222    (0)    4 :  0.006 0.213 0.456 0.325 
203 HI_SS0230    (1)    4 :  0.005 0.013 0.739 0.243 
204 HI_SS0234    (2)    4 :  0.146 0.038 0.054 0.763 
205 HI_SS0240    (1)    4 :  0.006 0.022 0.132 0.840 
206 HI_SS0241    (0)    4 :  0.002 0.873 0.065 0.061 
207 HI_SS0242    (0)    4 :  0.003 0.238 0.688 0.072 
208 HI_SS0247    (0)    4 :  0.025 0.045 0.471 0.459 
209 HI_SS0248    (1)    4 :  0.001 0.982 0.011 0.007 
210 HI_SS0252    (2)    4 :  0.002 0.163 0.424 0.411 
211 HI_SS0254    (0)    4 :  0.103 0.592 0.028 0.278 
212 HI_SS0256    (0)    4 :  0.001 0.003 0.397 0.599 
213 HI_SS0257    (0)    4 :  0.004 0.601 0.030 0.365 
214 HI_SS0258    (1)    4 :  0.004 0.932 0.014 0.050 
215 HI_SS0259    (1)    4 :  0.003 0.012 0.530 0.455 
216 HI_SS0260    (1)    4 :  0.002 0.799 0.030 0.169 
217 HI_SS0261    (2)    4 :  0.004 0.568 0.068 0.360 
218 HI_SS0262    (0)    4 :  0.008 0.011 0.801 0.181 
219 HI_SS0264    (0)    4 :  0.004 0.023 0.620 0.353 
220 HI_SS0265    (0)    4 :  0.090 0.031 0.761 0.118 
221 HI_SS0268    (1)    4 :  0.003 0.217 0.273 0.507 
222 HI_SS0269    (0)    4 :  0.002 0.802 0.013 0.183 
223 HI_SS0273    (0)    4 :  0.002 0.728 0.120 0.151 
224 HI_SS0277    (1)    4 :  0.003 0.021 0.095 0.882 
225 HI_SS0280    (0)    4 :  0.006 0.153 0.551 0.290 
226 HI_SS0282    (1)    4 :  0.001 0.728 0.031 0.239 
227 HI_SS0286    (1)    4 :  0.008 0.418 0.077 0.496 
228 NS_SS1252    (3)    5 :  0.003 0.982 0.006 0.009 
229 NS_SS1261    (1)    5 :  0.019 0.069 0.427 0.485 
230 NS_SS1225   (10)    5 :  0.106 0.572 0.072 0.251 
231 NS_SS1266    (1)    5 :  0.007 0.005 0.436 0.551 
232 NS_SS1228    (0)    5 :  0.011 0.010 0.959 0.020 
233 NS_SS1255    (3)    5 :  0.002 0.171 0.806 0.021 
234 NS_SS1267    (3)    5 :  0.014 0.928 0.007 0.051 
235 NS_SS1238    (6)    5 :  0.003 0.307 0.650 0.040 
236 NS_SS1233    (8)    5 :  0.002 0.175 0.788 0.035 
237 NS_SS1277    (3)    5 :  0.001 0.898 0.084 0.017 
238 NS_SS1245    (1)    5 :  0.002 0.867 0.076 0.055 
239 NS_SS1240    (4)    5 :  0.002 0.958 0.007 0.033 
240 NS_SS1275    (2)    5 :  0.003 0.005 0.891 0.101 
241 NS_SS1235    (1)    5 :  0.006 0.137 0.301 0.556 
242 NS_SS1263    (1)    5 :  0.001 0.075 0.715 0.209 
243 NS_SS1251    (2)    5 :  0.001 0.056 0.301 0.642 
244 NS_SS1248    (0)    5 :  0.106 0.303 0.567 0.024 
245 NS_SS1244    (0)    5 :  0.005 0.332 0.026 0.637 
246 NS_SS1257    (1)    5 :  0.034 0.775 0.036 0.155 
247 NS_SS1242    (2)    5 :  0.002 0.007 0.925 0.065 
248 NS_SS1271    (6)    5 :  0.032 0.938 0.015 0.015 
249 NS_SS1265    (1)    5 :  0.027 0.832 0.095 0.047 
250 NS_SS1243    (0)    5 :  0.075 0.078 0.784 0.062 
251 NS_SS1273    (1)    5 :  0.009 0.008 0.936 0.046 
252 NS_SS1254   (14)    5 :  0.007 0.041 0.469 0.482 
253 NS_SS1224    (1)    5 :  0.009 0.016 0.681 0.294 
254 NS_SS1227    (8)    5 :  0.002 0.803 0.048 0.147 
255 NS_SS1274    (9)    5 :  0.020 0.712 0.033 0.235 
256 NS_SS1241    (1)    5 :  0.001 0.623 0.107 0.269 
257 NS_SS1256    (3)    5 :  0.035 0.191 0.257 0.517 
258 NS_SS1260    (8)    5 :  0.073 0.486 0.017 0.425 
259 NS_SS1262    (0)    5 :  0.168 0.248 0.084 0.501 
260 NS_SS1230    (0)    5 :  0.008 0.532 0.249 0.210 
261 NS_SS1270    (2)    5 :  0.002 0.046 0.616 0.336 
262 NS_SS1229    (2)    5 :  0.003 0.012 0.125 0.860 
263 NS_SS1246    (5)    5 :  0.004 0.776 0.054 0.166 
264 NS_SS1269    (0)    5 :  0.003 0.150 0.119 0.729 
265 NS_SS1239    (1)    5 :  0.006 0.081 0.500 0.413 
266 NS_SS1272    (5)    5 :  0.005 0.013 0.576 0.405 
267 NS_SS1268    (1)    5 :  0.002 0.036 0.898 0.063 
268 NS_SS1249    (1)    5 :  0.011 0.967 0.011 0.011 
269 HI_SS0559    (0)    6 :  0.002 0.406 0.200 0.392 
270 HI_SS0563    (1)    6 :  0.002 0.283 0.049 0.665 
271 HI_SS0564    (0)    6 :  0.057 0.021 0.276 0.646 
272 HI_SS0565    (0)    6 :  0.004 0.271 0.051 0.674 
273 HI_SS0569    (1)    6 :  0.002 0.896 0.010 0.092 
274 HI_SS0570    (0)    6 :  0.040 0.887 0.022 0.051 
275 HI_SS0572    (1)    6 :  0.003 0.036 0.776 0.186 
276 HI_SS0576    (1)    6 :  0.005 0.039 0.550 0.406 
277 HI_SS0579    (1)    6 :  0.020 0.523 0.017 0.440 
278 HI_SS0580    (1)    6 :  0.005 0.798 0.113 0.084 
279 HI_SS0581    (0)    6 :  0.055 0.007 0.856 0.082 
280 HI_SS0583    (1)    6 :  0.003 0.873 0.094 0.030 
281 HI_SS0586    (1)    6 :  0.001 0.972 0.012 0.015 
282 HI_SS0588    (1)    6 :  0.021 0.895 0.023 0.060 
283 HI_SS0595    (4)    6 :  0.026 0.313 0.191 0.470 
284 HI_SS0596    (0)    6 :  0.002 0.008 0.978 0.012 
285 HI_SS0597    (1)    6 :  0.002 0.010 0.690 0.297 
286 HI_SS0600    (0)    6 :  0.003 0.050 0.028 0.919 
287 HI_SS0601    (1)    6 :  0.013 0.329 0.055 0.603 
288 HI_SS0602    (1)    6 :  0.003 0.339 0.161 0.497 
289 HI_SS0604    (0)    6 :  0.002 0.613 0.198 0.186 
290 HI_SS0605    (1)    6 :  0.006 0.278 0.048 0.668 
291 HI_SS0608    (0)    6 :  0.001 0.178 0.806 0.015 
292 HI_SS0609    (0)    6 :  0.001 0.015 0.786 0.198 
293 HI_SS0611    (5)    6 :  0.003 0.927 0.031 0.039 
294 HI_SS0612    (0)    6 :  0.005 0.063 0.025 0.907 
295 HI_SS0613    (1)    6 :  0.002 0.100 0.472 0.427 
296 HI_SS0615    (1)    6 :  0.011 0.014 0.445 0.530 
297 HI_SS0001    (1)    6 :  0.005 0.778 0.096 0.121 
298 HI_SS0002    (1)    6 :  0.032 0.028 0.440 0.500 
299 HI_SS0004    (0)    6 :  0.006 0.884 0.068 0.043 
300 HI_SS0005    (1)    6 :  0.006 0.048 0.494 0.451 
301 HI_SS0006    (1)    6 :  0.002 0.607 0.043 0.348 
302 HI_SS0007    (1)    6 :  0.002 0.936 0.054 0.008 
303 HI_SS0008    (0)    6 :  0.035 0.109 0.309 0.547 
304 HI_SS0009    (0)    6 :  0.005 0.064 0.694 0.238 
305 HI_SS0010    (1)    6 :  0.003 0.724 0.191 0.082 
306 HI_SS0011    (1)    6 :  0.080 0.016 0.724 0.179 
307 HI_SS0012    (0)    6 :  0.005 0.009 0.036 0.950 
308 HI_SS0017    (1)    6 :  0.002 0.033 0.942 0.022 
309 HI_SS0021    (1)    6 :  0.241 0.423 0.280 0.057 
310 HI_SS0024    (1)    6 :  0.002 0.044 0.921 0.032 
311 HI_SS0025    (1)    6 :  0.003 0.011 0.974 0.012 
312 HI_SS0027    (0)    6 :  0.014 0.906 0.014 0.066 
313 HI_SS0028    (0)    6 :  0.002 0.008 0.821 0.169 
314 HI_SS0029    (1)    6 :  0.008 0.020 0.873 0.099 
315 HI_SS0030    (2)    6 :  0.008 0.676 0.111 0.206 
316 HI_SS0031    (0)    6 :  0.004 0.012 0.040 0.944 
317 HI_SS0034    (0)    6 :  0.004 0.928 0.007 0.061 
318 HI_SS0036    (0)    6 :  0.013 0.796 0.038 0.153 
319 HI_SS0037    (1)    6 :  0.004 0.662 0.268 0.066 
320 HI_SS0039    (0)    6 :  0.002 0.548 0.370 0.080 
321 HI_SS0041    (1)    6 :  0.002 0.012 0.966 0.019 
322 HI_SS0042    (1)    6 :  0.113 0.015 0.739 0.134 
323 HI_SS0043    (1)    6 :  0.003 0.964 0.008 0.024 
324 HI_SS0044    (1)    6 :  0.003 0.140 0.804 0.053 
325 HI_SS0047    (1)    6 :  0.004 0.041 0.282 0.673 
326 HI_SS0049    (1)    6 :  0.004 0.072 0.906 0.018 
327 HI_SS0051    (1)    6 :  0.002 0.078 0.076 0.843 
328 HI_SS0053    (1)    6 :  0.005 0.878 0.016 0.102 
329 HI_SS0054    (4)    6 :  0.003 0.969 0.015 0.013 
330 HI_SS0057    (0)    6 :  0.004 0.103 0.688 0.204 
331 HI_SS0058    (0)    6 :  0.007 0.460 0.253 0.280 
332 HI_SS0060    (0)    6 :  0.086 0.202 0.152 0.561 
333 HI_SS0087    (1)    6 :  0.002 0.403 0.061 0.534 
334 HI_SS0091    (1)    6 :  0.001 0.720 0.012 0.267 
335 HI_SS0095    (1)    6 :  0.061 0.229 0.023 0.688 
336 HI_SS0097    (3)    6 :  0.004 0.037 0.086 0.874 
337 HI_SS0099    (1)    6 :  0.004 0.011 0.976 0.010 
338 HI_SS0103    (0)    6 :  0.003 0.020 0.082 0.895 
339 HI_SS0105    (1)    6 :  0.026 0.035 0.068 0.871 
340 HI_SS0107    (1)    6 :  0.001 0.014 0.819 0.166 
341 HI_SS0108    (1)    6 :  0.021 0.964 0.006 0.010 
342 HI_SS0110    (0)    6 :  0.001 0.034 0.042 0.923 
343 HI_SS0111    (1)    6 :  0.028 0.019 0.190 0.763 
344 HI_SS0112    (0)    6 :  0.001 0.979 0.007 0.012 
345 HI_SS0113    (1)    6 :  0.004 0.008 0.710 0.278 
346 HI_SS0114    (1)    6 :  0.006 0.621 0.016 0.358 
347 HI_SS0115    (1)    6 :  0.016 0.449 0.079 0.456 
348 HI_SS0116    (4)    6 :  0.004 0.763 0.190 0.043 
349 HI_SS0117    (0)    6 :  0.002 0.389 0.029 0.579 
350 HI_SS0118    (0)    6 :  0.015 0.528 0.374 0.083 
351 HI_SS0119    (1)    6 :  0.002 0.219 0.008 0.771 
352 HI_SS0120    (1)    6 :  0.003 0.016 0.957 0.025 
353 HI_SS0121    (0)    6 :  0.002 0.012 0.915 0.071 
354 HI_SS0122    (2)    6 :  0.021 0.050 0.819 0.110 
355 HI_SS0123    (0)    6 :  0.006 0.033 0.043 0.918 
356 HI_SS0124    (1)    6 :  0.003 0.007 0.964 0.025 
357 HI_SS0125    (1)    6 :  0.035 0.008 0.579 0.378 
358 HI_SS0126    (0)    6 :  0.001 0.963 0.026 0.010 
359 HI_SS0127    (0)    6 :  0.013 0.518 0.161 0.307 
360 HI_SS0128    (0)    6 :  0.003 0.339 0.496 0.163 
361 HI_SS0129    (1)    6 :  0.012 0.614 0.141 0.233 
362 HI_SS0131    (2)    6 :  0.042 0.734 0.146 0.078 
363 HI_SS0132    (0)    6 :  0.001 0.360 0.221 0.418 
364 HI_SS0133    (1)    6 :  0.002 0.987 0.007 0.004 
365 HI_SS0134    (1)    6 :  0.002 0.239 0.067 0.692 
366 HI_SS0142    (3)    6 :  0.016 0.016 0.018 0.950 
367 HI_SS0145    (0)    6 :  0.002 0.303 0.012 0.684 
368 HI_SS0146    (1)    6 :  0.001 0.877 0.077 0.045 
369 HI_SS0147    (1)    6 :  0.019 0.009 0.449 0.523 
370 HI_SS0149    (1)    6 :  0.005 0.137 0.414 0.443 
371 HI_SS0150    (2)    6 :  0.005 0.035 0.767 0.192 
372 HI_SS0151    (0)    6 :  0.012 0.355 0.079 0.553 
373 NS_SS1451    (1)    6 :  0.004 0.010 0.710 0.276 
374 NS_SS1404    (0)    6 :  0.011 0.016 0.947 0.026 
375 NS_SS1432    (2)    6 :  0.033 0.006 0.705 0.257 
376 NS_SS1405    (5)    6 :  0.005 0.167 0.341 0.486 
377 NS_SS1431   (10)    6 :  0.001 0.014 0.946 0.039 
378 NS_SS1402    (3)    6 :  0.002 0.026 0.154 0.818 
379 NS_SS1450    (3)    6 :  0.004 0.622 0.037 0.336 
380 NS_SS1396    (0)    6 :  0.005 0.042 0.613 0.340 
381 NS_SS1393    (5)    6 :  0.004 0.335 0.040 0.622 
382 NS_SS1392   (10)    6 :  0.019 0.092 0.758 0.131 
383 NS_SS1445    (0)    6 :  0.010 0.746 0.035 0.208 
384 NS_SS1423    (0)    6 :  0.002 0.756 0.065 0.176 
385 NS_SS1421    (9)    6 :  0.110 0.665 0.078 0.147 
386 NS_SS1411    (6)    6 :  0.002 0.954 0.019 0.025 
387 NS_SS1453    (6)    6 :  0.006 0.483 0.156 0.355 
388 NS_SS1442    (3)    6 :  0.004 0.234 0.350 0.412 
389 NS_SS1422    (1)    6 :  0.012 0.193 0.091 0.705 
390 NS_SS1419    (1)    6 :  0.159 0.196 0.413 0.232 
391 NS_SS1427    (0)    6 :  0.002 0.981 0.009 0.008 
392 NS_SS1444    (4)    6 :  0.004 0.016 0.953 0.026 
393 NS_SS1455    (0)    6 :  0.002 0.017 0.626 0.356 
394 NS_SS1425    (2)    6 :  0.002 0.979 0.007 0.013 
395 NS_SS1400    (0)    6 :  0.001 0.974 0.017 0.007 
396 NS_SS1406    (2)    6 :  0.008 0.008 0.267 0.716 
397 NS_SS1417    (6)    6 :  0.008 0.071 0.374 0.547 
398 NS_SS1454    (3)    6 :  0.002 0.350 0.405 0.244 
399 NS_SS1412    (1)    6 :  0.026 0.316 0.524 0.134 
400 NS_SS1438    (1)    6 :  0.002 0.971 0.014 0.014 
401 NS_SS1416    (4)    6 :  0.007 0.015 0.206 0.772 
402 NS_SS1401    (0)    6 :  0.012 0.070 0.486 0.432 
403 NS_SS1424    (6)    6 :  0.013 0.181 0.046 0.759 
404 NS_SS1435   (10)    6 :  0.003 0.414 0.472 0.111 
405 NS_SS1447    (4)    6 :  0.007 0.033 0.933 0.028 
406 NS_SS1414    (3)    6 :  0.007 0.024 0.885 0.084 
407 NS_SS1449   (14)    6 :  0.004 0.075 0.183 0.738 
408 NS_SS1443    (4)    6 :  0.002 0.825 0.007 0.166 
409 NS_SS1434    (1)    6 :  0.001 0.670 0.217 0.113 
410 NS_SS1398    (1)    6 :  0.023 0.250 0.523 0.205 
411 NS_SS1426    (1)    6 :  0.002 0.958 0.008 0.032 
412 NS_SS1413    (0)    6 :  0.011 0.962 0.014 0.013 
413 NS_SS1395    (1)    6 :  0.012 0.604 0.015 0.369 
414 NS_SS1448   (10)    6 :  0.002 0.728 0.251 0.019 
415 NS_SS1446    (0)    6 :  0.003 0.141 0.135 0.721 
416 NS_SS1403    (2)    6 :  0.007 0.150 0.126 0.717 
417 NS_SS1415    (0)    6 :  0.010 0.954 0.015 0.021 
418 NS_SS1437    (4)    6 :  0.007 0.071 0.773 0.149 
419 NS_SS1439    (2)    6 :  0.003 0.015 0.021 0.961 
420 NS_SS1441    (3)    6 :  0.002 0.542 0.027 0.429 
421 NS_SS1420    (2)    6 :  0.003 0.007 0.976 0.014 
422 NS_SS1394    (2)    6 :  0.041 0.019 0.446 0.495 
423 NS_SS1391    (7)    6 :  0.014 0.559 0.218 0.208 
424 NS_SS1410    (5)    6 :  0.016 0.285 0.516 0.183 
425 NS_SS1408    (1)    6 :  0.056 0.023 0.021 0.901 
426 NS_SS1409    (1)    6 :  0.003 0.105 0.061 0.831 
427 HI_SS0617    (1)    7 :  0.002 0.093 0.176 0.729 
428 HI_SS0618    (2)    7 :  0.003 0.031 0.119 0.846 
429 HI_SS0619    (0)    7 :  0.003 0.101 0.872 0.025 
430 HI_SS0620    (1)    7 :  0.002 0.971 0.007 0.019 
431 HI_SS0621    (3)    7 :  0.017 0.022 0.357 0.604 
432 HI_SS0622    (1)    7 :  0.011 0.309 0.567 0.113 
433 HI_SS0626    (0)    7 :  0.010 0.076 0.857 0.057 
434 HI_SS0627    (0)    7 :  0.008 0.011 0.824 0.157 
435 HI_SS0628    (3)    7 :  0.052 0.301 0.560 0.088 
436 HI_SS0629    (1)    7 :  0.006 0.144 0.592 0.258 
437 HI_SS0630    (1)    7 :  0.055 0.778 0.084 0.082 
438 HI_SS0631    (0)    7 :  0.001 0.915 0.063 0.021 
439 HI_SS0632    (0)    7 :  0.003 0.244 0.679 0.074 
440 HI_SS0633    (0)    7 :  0.003 0.015 0.954 0.028 
441 HI_SS0634    (1)    7 :  0.002 0.029 0.334 0.635 
442 HI_SS0635    (0)    7 :  0.009 0.027 0.262 0.703 
443 HI_SS0637    (1)    7 :  0.002 0.011 0.032 0.954 
444 HI_SS0638    (0)    7 :  0.001 0.542 0.342 0.116 
445 HI_SS0639    (1)    7 :  0.042 0.008 0.526 0.423 
446 HI_SS0640    (1)    7 :  0.002 0.588 0.113 0.296 
447 HI_SS0641    (1)    7 :  0.006 0.683 0.189 0.122 
448 HI_SS0642    (0)    7 :  0.003 0.061 0.374 0.563 
449 HI_SS0645    (0)    7 :  0.001 0.012 0.964 0.023 
450 HI_SS0646    (1)    7 :  0.003 0.169 0.029 0.799 
451 HI_SS0647    (1)    7 :  0.001 0.589 0.359 0.051 
452 HI_SS0648    (0)    7 :  0.003 0.049 0.232 0.715 
453 HI_SS0649    (1)    7 :  0.002 0.101 0.510 0.387 
454 HI_SS0650    (1)    7 :  0.005 0.100 0.154 0.741 
455 HI_SS0651    (1)    7 :  0.004 0.194 0.070 0.732 
456 HI_SS0652    (1)    7 :  0.004 0.018 0.898 0.080 
457 NS_SS1371    (3)    7 :  0.006 0.190 0.010 0.794 
458 NS_SS1374    (0)    7 :  0.003 0.637 0.070 0.289 
459 NS_SS1337    (3)    7 :  0.003 0.046 0.612 0.339 
460 NS_SS1385    (5)    7 :  0.005 0.098 0.283 0.614 
461 NS_SS1388    (0)    7 :  0.006 0.028 0.959 0.007 
462 NS_SS1370    (1)    7 :  0.011 0.181 0.617 0.190 
463 NS_SS1389    (3)    7 :  0.003 0.015 0.975 0.007 
464 NS_SS1360    (1)    7 :  0.004 0.760 0.016 0.220 
465 NS_SS1330    (0)    7 :  0.003 0.008 0.026 0.963 
466 NS_SS1328    (9)    7 :  0.002 0.785 0.122 0.091 
467 NS_SS1384    (1)    7 :  0.004 0.201 0.043 0.751 
468 NS_SS1381    (0)    7 :  0.001 0.013 0.535 0.451 
469 NS_SS1375    (1)    7 :  0.001 0.029 0.896 0.074 
470 NS_SS1319   (11)    7 :  0.106 0.149 0.188 0.558 
471 NS_SS1326    (2)    7 :  0.010 0.956 0.027 0.007 
472 NS_SS1341    (1)    7 :  0.005 0.518 0.153 0.323 
473 NS_SS1383    (2)    7 :  0.005 0.141 0.063 0.790 
474 NS_SS1318    (3)    7 :  0.016 0.147 0.661 0.176 
475 NS_SS1348    (2)    7 :  0.002 0.975 0.008 0.016 
476 NS_SS1363    (0)    7 :  0.006 0.032 0.310 0.652 
477 NS_SS1335    (4)    7 :  0.036 0.744 0.019 0.201 
478 NS_SS1358    (0)    7 :  0.014 0.228 0.010 0.748 
479 NS_SS1342    (1)    7 :  0.001 0.548 0.031 0.419 
480 NS_SS1320    (3)    7 :  0.006 0.005 0.936 0.053 
481 NS_SS1355    (1)    7 :  0.016 0.024 0.903 0.058 
482 NS_SS1345    (1)    7 :  0.021 0.208 0.239 0.532 
483 NS_SS1324    (0)    7 :  0.003 0.705 0.186 0.106 
484 NS_SS1347    (5)    7 :  0.003 0.216 0.014 0.767 
485 NS_SS1321    (4)    7 :  0.001 0.319 0.083 0.596 
486 NS_SS1333    (0)    7 :  0.003 0.188 0.677 0.131 
487 NS_SS1364    (1)    7 :  0.003 0.834 0.026 0.137 
488 NS_SS1379    (0)    7 :  0.062 0.090 0.278 0.570 
489 NS_SS1332    (0)    7 :  0.006 0.973 0.010 0.012 
490 NS_SS1338    (5)    7 :  0.008 0.353 0.054 0.586 
491 NS_SS1368    (6)    7 :  0.005 0.706 0.079 0.211 
492 NS_SS1354    (1)    7 :  0.011 0.024 0.568 0.397 
493 NS_SS1365    (0)    7 :  0.009 0.060 0.892 0.038 
494 NS_SS1380    (1)    7 :  0.017 0.010 0.444 0.529 
495 NS_SS1329    (8)    7 :  0.003 0.401 0.083 0.512 
496 NS_SS1362    (0)    7 :  0.005 0.081 0.032 0.882 
497 NS_SS1327    (2)    7 :  0.003 0.988 0.003 0.006 
498 NS_SS1350    (0)    7 :  0.011 0.276 0.052 0.661 
499 NS_SS1387    (2)    7 :  0.003 0.046 0.550 0.401 
500 NS_SS1369    (8)    7 :  0.004 0.904 0.051 0.041 
501 NS_SS1331    (1)    7 :  0.010 0.176 0.776 0.038 
502 NS_SS1357    (5)    7 :  0.004 0.701 0.143 0.152 
503 NS_SS1386    (1)    7 :  0.003 0.976 0.008 0.013 
504 NS_SS1353    (2)    7 :  0.004 0.067 0.832 0.097 
505 NS_SS1323    (0)    7 :  0.073 0.022 0.543 0.362 
506 HI_SS0296    (0)    8 :  0.002 0.922 0.043 0.032 
507 HI_SS0297    (0)    8 :  0.001 0.292 0.236 0.471 
508 HI_SS0299    (0)    8 :  0.038 0.543 0.052 0.367 
509 HI_SS0300    (0)    8 :  0.002 0.624 0.243 0.132 
510 HI_SS0301    (0)    8 :  0.003 0.155 0.273 0.569 
511 HI_SS0302    (0)    8 :  0.023 0.939 0.024 0.014 
512 HI_SS0303    (0)    8 :  0.006 0.948 0.036 0.011 
513 HI_SS0304    (0)    8 :  0.002 0.023 0.926 0.048 
514 HI_SS0306    (5)    8 :  0.004 0.981 0.009 0.007 
515 HI_SS0307    (1)    8 :  0.008 0.011 0.179 0.802 
516 HI_SS0308    (1)    8 :  0.077 0.092 0.036 0.795 
517 HI_SS0309    (0)    8 :  0.003 0.015 0.144 0.838 
518 HI_SS0310    (0)    8 :  0.009 0.539 0.423 0.029 
519 HI_SS0311    (4)    8 :  0.003 0.114 0.786 0.096 
520 HI_SS0314    (0)    8 :  0.001 0.136 0.820 0.043 
521 HI_SS0316    (1)    8 :  0.005 0.662 0.112 0.222 
522 HI_SS0317    (3)    8 :  0.002 0.017 0.114 0.866 
523 HI_SS0318    (1)    8 :  0.195 0.491 0.014 0.301 
524 HI_SS0319    (0)    8 :  0.005 0.979 0.005 0.011 
525 HI_SS0320    (3)    8 :  0.001 0.010 0.866 0.124 
526 HI_SS0321    (0)    8 :  0.002 0.470 0.019 0.509 
527 HI_SS0323    (1)    8 :  0.002 0.278 0.429 0.292 
528 HI_SS0325    (2)    8 :  0.002 0.913 0.055 0.030 
529 HI_SS0327    (1)    8 :  0.001 0.627 0.012 0.359 
530 HI_SS0329    (1)    8 :  0.001 0.034 0.948 0.016 
531 HI_SS0333    (1)    8 :  0.003 0.220 0.173 0.605 
532 HI_SS0334    (1)    8 :  0.001 0.417 0.017 0.564 
533 HI_SS0335    (1)    8 :  0.019 0.025 0.108 0.847 
534 HI_SS0339    (0)    8 :  0.015 0.065 0.665 0.255 
535 HI_SS0343    (2)    8 :  0.002 0.021 0.419 0.558 
536 HI_SS0344    (1)    8 :  0.003 0.983 0.005 0.009 
537 HI_SS0345    (3)    8 :  0.009 0.149 0.599 0.243 
538 HI_SS0346    (0)    8 :  0.004 0.229 0.526 0.240 
539 HI_SS0350    (1)    8 :  0.011 0.007 0.687 0.295 
540 HI_SS0351    (0)    8 :  0.004 0.164 0.269 0.562 
541 HI_SS0352    (3)    8 :  0.099 0.037 0.340 0.524 
542 HI_SS0362    (0)    8 :  0.002 0.377 0.512 0.108 
543 HI_SS0363    (1)    8 :  0.004 0.960 0.017 0.018 
544 HI_SS0365    (0)    8 :  0.005 0.277 0.045 0.674 
545 HI_SS0366    (0)    8 :  0.002 0.946 0.018 0.035 
546 HI_SS0367    (1)    8 :  0.002 0.009 0.852 0.136 
547 HI_SS0369    (1)    8 :  0.002 0.020 0.894 0.084 
548 HI_SS0370    (0)    8 :  0.003 0.061 0.018 0.918 
549 HI_SS0371    (4)    8 :  0.004 0.835 0.151 0.010 
550 HI_SS0373    (3)    8 :  0.012 0.104 0.797 0.087 
551 HI_SS0374    (0)    8 :  0.029 0.008 0.886 0.077 
552 HI_SS0377    (0)    8 :  0.083 0.553 0.085 0.280 
553 HI_SS0379    (1)    8 :  0.001 0.989 0.004 0.006 
554 HI_SS0380    (1)    8 :  0.007 0.039 0.725 0.229 
555 HI_SS0381    (2)    8 :  0.004 0.018 0.350 0.627 
556 HI_SS0384    (3)    8 :  0.009 0.282 0.665 0.044 
557 HI_SS0385    (1)    8 :  0.001 0.467 0.520 0.012 
558 HI_SS0386    (0)    9 :  0.995 0.001 0.001 0.002 
559 HI_SS0387    (0)    9 :  0.960 0.013 0.012 0.015 
560 HI_SS0389    (2)    9 :  0.989 0.004 0.004 0.003 
561 HI_SS0390    (2)    9 :  0.994 0.002 0.002 0.002 
562 HI_SS0391    (3)    9 :  0.992 0.003 0.002 0.003 
563 HI_SS0392    (0)    9 :  0.995 0.002 0.002 0.002 
564 HI_SS0393    (2)    9 :  0.995 0.002 0.001 0.001 
565 HI_SS0394    (2)    9 :  0.995 0.002 0.002 0.002 
566 HI_SS0395    (2)    9 :  0.988 0.004 0.005 0.003 
567 HI_SS0396    (2)    9 :  0.969 0.008 0.014 0.009 
568 HI_SS0398    (2)    9 :  0.981 0.005 0.008 0.006 
569 HI_SS0399    (2)    9 :  0.997 0.001 0.001 0.001 
570 HI_SS0400    (3)    9 :  0.994 0.002 0.002 0.002 
571 HI_SS0401    (5)    9 :  0.995 0.002 0.002 0.002 
572 HI_SS0402    (0)    9 :  0.996 0.001 0.002 0.002 
573 HI_SS0403    (0)    9 :  0.995 0.002 0.001 0.002 
574 HI_SS0404    (2)    9 :  0.996 0.001 0.001 0.001 
575 HI_SS0405    (2)    9 :  0.945 0.014 0.014 0.027 
576 HI_SS0406    (2)    9 :  0.993 0.003 0.002 0.002 
577 HI_SS0407    (0)    9 :  0.974 0.007 0.011 0.008 
578 HI_SS0408    (0)    9 :  0.996 0.001 0.001 0.001 
579 HI_SS0409    (2)    9 :  0.990 0.004 0.003 0.004 
580 HI_SS0411    (2)    9 :  0.992 0.003 0.002 0.003 
581 HI_SS0412   (11)    9 :  0.811 0.048 0.051 0.089 
582 HI_SS0413    (0)    9 :  0.994 0.002 0.002 0.002 
583 HI_SS0414    (2)    9 :  0.949 0.009 0.017 0.025 
584 HI_SS0415    (2)    9 :  0.994 0.002 0.002 0.002 
585 HI_SS0416    (2)    9 :  0.990 0.003 0.004 0.003 
586 HI_SS0418    (2)    9 :  0.985 0.006 0.004 0.006 
587 HI_SS0419    (3)    9 :  0.991 0.003 0.003 0.003 
588 HI_SS0420    (0)    9 :  0.993 0.003 0.002 0.003 
589 HI_SS0421    (4)    9 :  0.986 0.004 0.004 0.006 
590 HI_SS0422    (3)    9 :  0.994 0.002 0.002 0.002 
591 HI_SS0423    (2)    9 :  0.986 0.004 0.005 0.004 
592 HI_SS0424    (1)    9 :  0.994 0.002 0.002 0.003 
593 HI_SS0425    (0)    9 :  0.990 0.002 0.004 0.003 
594 NS_SS1146    (3)   10 :  0.993 0.003 0.002 0.002 
595 NS_SS1157    (1)   10 :  0.978 0.007 0.006 0.008 
596 NS_SS1144    (7)   10 :  0.943 0.028 0.011 0.018 
597 NS_SS1074    (3)   10 :  0.990 0.003 0.004 0.004 
598 NS_SS1122    (0)   10 :  0.985 0.006 0.005 0.005 
599 NS_SS1136    (2)   10 :  0.996 0.001 0.001 0.001 
600 NS_SS1077    (4)   10 :  0.998 0.001 0.001 0.001 
601 NS_SS1134    (2)   10 :  0.966 0.011 0.013 0.010 
602 NS_SS1091    (1)   10 :  0.994 0.002 0.003 0.002 
603 NS_SS1089   (10)   10 :  0.989 0.004 0.003 0.004 
604 NS_SS1123    (2)   10 :  0.995 0.002 0.002 0.002 
605 NS_SS1158    (3)   10 :  0.997 0.001 0.001 0.001 
606 NS_SS1093    (3)   10 :  0.992 0.003 0.003 0.002 
607 NS_SS1102    (5)   10 :  0.983 0.005 0.007 0.006 
608 NS_SS1056    (0)   10 :  0.995 0.002 0.002 0.002 
609 NS_SS1126    (2)   10 :  0.991 0.003 0.002 0.003 
610 NS_SS1058   (15)   10 :  0.987 0.004 0.004 0.005 
611 NS_SS1084    (2)   10 :  0.995 0.001 0.001 0.002 
612 NS_SS1095    (3)   10 :  0.980 0.007 0.007 0.007 
613 NS_SS1079    (3)   10 :  0.994 0.002 0.002 0.002 
614 NS_SS1149    (0)   10 :  0.992 0.003 0.002 0.003 
615 NS_SS1121    (0)   10 :  0.994 0.002 0.002 0.002 
616 NS_SS1067    (0)   10 :  0.981 0.004 0.009 0.006 
617 NS_SS1081    (2)   10 :  0.992 0.002 0.003 0.003 
618 NS_SS1130    (0)   10 :  0.991 0.002 0.003 0.003 
619 NS_SS1073    (2)   10 :  0.991 0.002 0.003 0.004 
620 NS_SS1133    (2)   10 :  0.976 0.004 0.015 0.006 
621 NS_SS1129    (2)   10 :  0.996 0.001 0.002 0.001 
622 NS_SS1085    (1)   10 :  0.993 0.003 0.002 0.002 
623 NS_SS1137    (2)   10 :  0.986 0.004 0.005 0.005 
624 NS_SS1135    (3)   10 :  0.996 0.001 0.001 0.001 
625 NS_SS1082    (3)   10 :  0.995 0.002 0.002 0.001 
626 NS_SS1125    (3)   10 :  0.996 0.001 0.001 0.002 
627 NS_SS1124    (2)   10 :  0.979 0.007 0.006 0.008 
628 NS_SS1155    (0)   10 :  0.977 0.007 0.006 0.009 
629 NS_SS1145    (2)   10 :  0.994 0.002 0.002 0.002 


Estimated Allele Frequencies in each cluster
First column gives estimated ancestral frequencies


Locus 1 : 
2 alleles
3.3% missing data
   1   (0.738) 0.730 0.731 0.743 0.740 
   2   (0.262) 0.270 0.269 0.257 0.260 

Locus 2 : 
2 alleles
4.6% missing data
   1   (0.886) 0.820 0.895 0.886 0.885 
   2   (0.114) 0.180 0.105 0.114 0.115 

Locus 3 : 
2 alleles
4.9% missing data
   1   (0.786) 0.808 0.767 0.794 0.791 
   2   (0.214) 0.192 0.233 0.206 0.209 

Locus 4 : 
2 alleles
4.6% missing data
   1   (0.866) 0.870 0.869 0.866 0.866 
   2   (0.134) 0.130 0.131 0.134 0.134 

Locus 5 : 
2 alleles
2.5% missing data
   1   (0.892) 0.930 0.898 0.886 0.894 
   2   (0.108) 0.070 0.102 0.114 0.106 

Locus 6 : 
2 alleles
2.7% missing data
   1   (0.822) 0.762 0.822 0.828 0.823 
   2   (0.178) 0.238 0.178 0.172 0.177 

Locus 7 : 
2 alleles
3.0% missing data
   1   (0.792) 0.756 0.788 0.799 0.793 
   2   (0.208) 0.244 0.212 0.201 0.207 

Locus 8 : 
2 alleles
4.8% missing data
   1   (0.728) 0.794 0.721 0.730 0.729 
   2   (0.272) 0.206 0.279 0.270 0.271 

Locus 9 : 
2 alleles
3.7% missing data
   1   (0.807) 0.809 0.806 0.809 0.807 
   2   (0.193) 0.191 0.194 0.191 0.193 

Locus 10 : 
2 alleles
4.8% missing data
   1   (0.711) 0.798 0.700 0.705 0.718 
   2   (0.289) 0.202 0.300 0.295 0.282 

Locus 11 : 
2 alleles
3.2% missing data
   1   (0.795) 0.783 0.779 0.802 0.799 
   2   (0.205) 0.217 0.221 0.198 0.201 

Locus 12 : 
2 alleles
4.9% missing data
   1   (0.892) 0.908 0.896 0.899 0.887 
   2   (0.108) 0.092 0.104 0.101 0.113 

Locus 13 : 
2 alleles
3.2% missing data
   1   (0.867) 0.915 0.863 0.867 0.870 
   2   (0.133) 0.085 0.137 0.133 0.130 

Locus 14 : 
2 alleles
4.6% missing data
   1   (0.732) 0.683 0.731 0.736 0.733 
   2   (0.268) 0.317 0.269 0.264 0.267 

Locus 15 : 
2 alleles
4.6% missing data
   1   (0.891) 0.917 0.890 0.895 0.890 
   2   (0.109) 0.083 0.110 0.105 0.110 

Locus 16 : 
2 alleles
3.8% missing data
   1   (0.885) 0.964 0.876 0.888 0.884 
   2   (0.115) 0.036 0.124 0.112 0.116 

Locus 17 : 
2 alleles
4.1% missing data
   1   (0.509) 0.646 0.510 0.507 0.503 
   2   (0.491) 0.354 0.490 0.493 0.497 

Locus 18 : 
2 alleles
4.1% missing data
   1   (0.608) 0.574 0.591 0.626 0.606 
   2   (0.392) 0.426 0.409 0.374 0.394 

Locus 19 : 
2 alleles
4.1% missing data
   1   (0.773) 0.637 0.771 0.774 0.780 
   2   (0.227) 0.363 0.229 0.226 0.220 

Locus 20 : 
2 alleles
2.2% missing data
   1   (0.897) 0.894 0.902 0.900 0.895 
   2   (0.103) 0.106 0.098 0.100 0.105 

Locus 21 : 
2 alleles
4.5% missing data
   1   (0.708) 0.600 0.711 0.719 0.704 
   2   (0.292) 0.400 0.289 0.281 0.296 

Locus 22 : 
2 alleles
3.0% missing data
   1   (0.885) 0.913 0.895 0.893 0.874 
   2   (0.115) 0.087 0.105 0.107 0.126 

Locus 23 : 
2 alleles
3.8% missing data
   1   (0.559) 0.578 0.543 0.564 0.566 
   2   (0.441) 0.422 0.457 0.436 0.434 

Locus 24 : 
2 alleles
4.9% missing data
   1   (0.860) 0.890 0.849 0.863 0.865 
   2   (0.140) 0.110 0.151 0.137 0.135 

Locus 25 : 
2 alleles
4.3% missing data
   1   (0.885) 0.877 0.881 0.885 0.889 
   2   (0.115) 0.123 0.119 0.115 0.111 

Locus 26 : 
2 alleles
3.0% missing data
   1   (0.545) 0.578 0.529 0.549 0.550 
   2   (0.455) 0.422 0.471 0.451 0.450 

Locus 27 : 
2 alleles
4.0% missing data
   2   (0.469) 0.416 0.481 0.463 0.468 
   1   (0.531) 0.584 0.519 0.537 0.532 

Locus 28 : 
2 alleles
4.0% missing data
   1   (0.844) 0.870 0.849 0.837 0.847 
   2   (0.156) 0.130 0.151 0.163 0.153 

Locus 29 : 
2 alleles
1.9% missing data
   1   (0.605) 0.700 0.607 0.599 0.604 
   2   (0.395) 0.300 0.393 0.401 0.396 

Locus 30 : 
2 alleles
4.6% missing data
   1   (0.864) 0.853 0.872 0.866 0.860 
   2   (0.136) 0.147 0.128 0.134 0.140 

Locus 31 : 
2 alleles
1.9% missing data
   1   (0.885) 0.905 0.882 0.881 0.892 
