

----------------------------------------------------
STRUCTURE by Pritchard, Stephens and Donnelly (2000)
     and Falush, Stephens and Pritchard (2003)
       Code by Pritchard, Falush and Hubisz
             Version 2.3.4 (Jul 2012)
----------------------------------------------------



Command line arguments:   /home/genobiwan/Documents/Programs/Structure/structure -m parameter_job_k8_r3 
Input File:    /media/genobiwan/Storage/Projets/Mackerel_NWA_2021/data_job_k8_r3

Run parameters:
   629 individuals
   4140 loci
   8 populations assumed
   10000 Burn-in period
   100000 Reps


--------------------------------------------
Proportion of membership of each pre-defined
 population in each of the 8 clusters

Given    Inferred Clusters                                          Number of
 Pop       1      2      3      4      5      6      7      8      Individuals

  1:     0.015  0.126  0.169  0.168  0.154  0.133  0.090  0.145       67
  2:     0.013  0.151  0.051  0.266  0.144  0.182  0.101  0.092       32
  3:     0.017  0.190  0.137  0.127  0.167  0.122  0.119  0.122       92
  4:     0.018  0.149  0.143  0.134  0.160  0.123  0.130  0.141       36
  5:     0.024  0.110  0.129  0.108  0.115  0.207  0.121  0.186       41
  6:     0.016  0.127  0.133  0.147  0.128  0.143  0.150  0.156      158
  7:     0.013  0.156  0.106  0.161  0.137  0.150  0.140  0.138       79
  8:     0.018  0.162  0.112  0.156  0.111  0.135  0.158  0.149       52
  9:     0.958  0.006  0.006  0.007  0.005  0.007  0.005  0.005       36
 10:     0.963  0.006  0.005  0.006  0.005  0.005  0.004  0.005       36
--------------------------------------------

Allele-freq. divergence among pops (Net nucleotide distance),
computed using point estimates of P.

      1       2       3       4       5       6       7       8      
 1      -    0.0052  0.0052  0.0051  0.0052  0.0051  0.0054  0.0054  
 2   0.0052     -    0.0004  0.0003  0.0004  0.0003  0.0004  0.0005  
 3   0.0052  0.0004     -    0.0003  0.0004  0.0003  0.0004  0.0005  
 4   0.0051  0.0003  0.0003     -    0.0003  0.0002  0.0004  0.0004  
 5   0.0052  0.0004  0.0004  0.0003     -    0.0003  0.0005  0.0005  
 6   0.0051  0.0003  0.0003  0.0002  0.0003     -    0.0004  0.0004  
 7   0.0054  0.0004  0.0004  0.0004  0.0005  0.0004     -    0.0005  
 8   0.0054  0.0005  0.0005  0.0004  0.0005  0.0004  0.0005     -    

Average distances (expected heterozygosity) between individuals in same cluster:
cluster  1  : 0.3051 
cluster  2  : 0.3183 
cluster  3  : 0.3177 
cluster  4  : 0.3191 
cluster  5  : 0.3179 
cluster  6  : 0.3184 
cluster  7  : 0.3182 
cluster  8  : 0.3183 

--------------------------------------------
Estimated Ln Prob of Data   = -2494872.4
Mean value of ln likelihood = -2462825.8
Variance of ln likelihood   = 64093.3
Mean value of alpha         = 0.0603

Mean value of Fst_1         = 0.0401
Mean value of Fst_2         = 0.0049
Mean value of Fst_3         = 0.0057
Mean value of Fst_4         = 0.0042
Mean value of Fst_5         = 0.0056
Mean value of Fst_6         = 0.0046
Mean value of Fst_7         = 0.0064
Mean value of Fst_8         = 0.0065


Inferred ancestry of individuals:
        Label (%Miss) Pop:  Inferred clusters
  1 NS_SS0963    (4)    1 :  0.008 0.152 0.050 0.093 0.020 0.636 0.031 0.009 
  2 NS_SS0983    (1)    1 :  0.006 0.442 0.010 0.032 0.007 0.013 0.004 0.485 
  3 NS_SS0719    (9)    1 :  0.006 0.092 0.013 0.796 0.015 0.022 0.014 0.041 
  4 NS_SS1001    (8)    1 :  0.007 0.156 0.011 0.102 0.092 0.501 0.099 0.031 
  5 NS_SS0936    (4)    1 :  0.004 0.015 0.231 0.490 0.041 0.141 0.063 0.015 
  6 NS_SS0955    (6)    1 :  0.005 0.183 0.113 0.045 0.055 0.497 0.023 0.079 
  7 NS_SS0944    (3)    1 :  0.002 0.018 0.078 0.026 0.018 0.386 0.337 0.134 
  8 NS_SS0945    (3)    1 :  0.017 0.054 0.043 0.057 0.420 0.056 0.298 0.054 
  9 NS_SS0922    (2)    1 :  0.037 0.052 0.394 0.408 0.018 0.054 0.029 0.008 
 10 NS_SS0929    (7)    1 :  0.004 0.121 0.136 0.050 0.376 0.023 0.059 0.231 
 11 NS_SS0956    (1)    1 :  0.008 0.427 0.221 0.082 0.096 0.014 0.128 0.025 
 12 NS_SS0906    (3)    1 :  0.004 0.380 0.092 0.074 0.067 0.308 0.025 0.050 
 13 NS_SS0721    (6)    1 :  0.005 0.869 0.010 0.032 0.015 0.022 0.009 0.038 
 14 NS_SS0982    (4)    1 :  0.024 0.013 0.587 0.026 0.162 0.163 0.016 0.008 
 15 NS_SS0923    (6)    1 :  0.006 0.045 0.030 0.633 0.211 0.011 0.040 0.025 
 16 NS_SS0905    (6)    1 :  0.003 0.340 0.040 0.075 0.222 0.045 0.135 0.142 
 17 NS_SS0925    (3)    1 :  0.008 0.042 0.032 0.753 0.012 0.137 0.007 0.009 
 18 NS_SS0947    (6)    1 :  0.007 0.106 0.202 0.112 0.429 0.100 0.021 0.023 
 19 NS_SS0926    (2)    1 :  0.002 0.009 0.133 0.017 0.008 0.011 0.049 0.770 
 20 NS_SS0918    (6)    1 :  0.004 0.131 0.093 0.084 0.336 0.231 0.020 0.101 
 21 NS_SS0966    (4)    1 :  0.056 0.022 0.026 0.095 0.646 0.065 0.035 0.057 
 22 NS_SS0938    (2)    1 :  0.002 0.016 0.083 0.691 0.017 0.149 0.030 0.011 
 23 NS_SS0917    (2)    1 :  0.044 0.044 0.122 0.587 0.027 0.150 0.011 0.017 
 24 NS_SS0957   (11)    1 :  0.006 0.044 0.601 0.014 0.105 0.016 0.207 0.007 
 25 NS_SS0987    (1)    1 :  0.244 0.225 0.164 0.015 0.198 0.008 0.012 0.134 
 26 NS_SS0717    (4)    1 :  0.004 0.023 0.016 0.021 0.431 0.412 0.053 0.041 
 27 NS_SS0986    (2)    1 :  0.006 0.164 0.237 0.015 0.073 0.377 0.018 0.110 
 28 NS_SS0953    (3)    1 :  0.016 0.145 0.012 0.016 0.145 0.630 0.021 0.015 
 29 NS_SS0907    (3)    1 :  0.046 0.045 0.027 0.156 0.100 0.494 0.100 0.034 
 30 NS_SS0974    (6)    1 :  0.006 0.072 0.082 0.095 0.027 0.401 0.087 0.231 
 31 NS_SS0989    (1)    1 :  0.002 0.055 0.092 0.123 0.038 0.023 0.058 0.608 
 32 NS_SS0991    (3)    1 :  0.004 0.160 0.011 0.014 0.027 0.033 0.035 0.717 
 33 NS_SS0994    (2)    1 :  0.004 0.027 0.026 0.008 0.009 0.011 0.045 0.870 
 34 NS_SS0931    (6)    1 :  0.014 0.011 0.086 0.017 0.006 0.040 0.240 0.587 
 35 NS_SS1000    (5)    1 :  0.004 0.018 0.044 0.019 0.686 0.027 0.192 0.010 
 36 NS_SS0919    (1)    1 :  0.004 0.282 0.054 0.331 0.031 0.038 0.040 0.219 
 37 NS_SS0949    (4)    1 :  0.002 0.203 0.015 0.194 0.007 0.090 0.208 0.281 
 38 NS_SS0960   (10)    1 :  0.008 0.069 0.040 0.032 0.299 0.022 0.460 0.070 
 39 NS_SS0716    (2)    1 :  0.009 0.016 0.007 0.009 0.931 0.009 0.014 0.006 
 40 NS_SS0924    (8)    1 :  0.020 0.024 0.012 0.618 0.153 0.010 0.011 0.152 
 41 NS_SS0935    (2)    1 :  0.016 0.015 0.005 0.025 0.041 0.007 0.073 0.817 
 42 NS_SS0952   (14)    1 :  0.050 0.039 0.097 0.061 0.212 0.172 0.219 0.152 
 43 NS_SS0962   (11)    1 :  0.009 0.018 0.862 0.024 0.018 0.035 0.024 0.012 
 44 NS_SS0973    (5)    1 :  0.005 0.663 0.018 0.042 0.012 0.210 0.035 0.015 
 45 NS_SS0722    (1)    1 :  0.003 0.076 0.039 0.050 0.207 0.271 0.341 0.012 
 46 NS_SS0979   (13)    1 :  0.004 0.016 0.169 0.022 0.466 0.201 0.107 0.016 
 47 NS_SS0993    (2)    1 :  0.024 0.091 0.047 0.352 0.035 0.264 0.158 0.030 
 48 NS_SS0958    (1)    1 :  0.003 0.012 0.018 0.017 0.345 0.055 0.369 0.180 
 49 NS_SS0988    (4)    1 :  0.009 0.061 0.566 0.045 0.102 0.130 0.009 0.078 
 50 NS_SS1003    (2)    1 :  0.012 0.014 0.915 0.032 0.008 0.007 0.006 0.005 
 51 NS_SS0976    (1)    1 :  0.004 0.028 0.079 0.059 0.062 0.045 0.030 0.692 
 52 NS_SS0964   (10)    1 :  0.003 0.139 0.017 0.040 0.133 0.509 0.148 0.011 
 53 NS_SS0939    (4)    1 :  0.005 0.053 0.018 0.534 0.196 0.022 0.169 0.003 
 54 NS_SS0990    (6)    1 :  0.006 0.023 0.829 0.015 0.049 0.029 0.023 0.025 
 55 NS_SS0984    (2)    1 :  0.004 0.006 0.151 0.718 0.053 0.012 0.041 0.014 
 56 NS_SS0980   (10)    1 :  0.004 0.401 0.394 0.018 0.030 0.023 0.099 0.033 
 57 NS_SS0978    (4)    1 :  0.006 0.013 0.367 0.169 0.308 0.012 0.116 0.009 
 58 NS_SS0951   (18)    1 :  0.004 0.258 0.022 0.026 0.353 0.060 0.027 0.251 
 59 NS_SS0913    (3)    1 :  0.051 0.012 0.047 0.038 0.382 0.167 0.287 0.015 
 60 NS_SS1002    (1)    1 :  0.037 0.008 0.836 0.011 0.027 0.067 0.006 0.009 
 61 NS_SS0948    (1)    1 :  0.053 0.013 0.651 0.032 0.139 0.033 0.063 0.016 
 62 NS_SS0916    (4)    1 :  0.005 0.017 0.044 0.866 0.012 0.017 0.027 0.011 
 63 NS_SS0995    (1)    1 :  0.004 0.689 0.019 0.200 0.045 0.019 0.011 0.013 
 64 NS_SS0927    (6)    1 :  0.009 0.042 0.045 0.696 0.067 0.077 0.024 0.042 
 65 NS_SS0992    (5)    1 :  0.004 0.336 0.287 0.079 0.019 0.031 0.221 0.025 
 66 NS_SS0912    (1)    1 :  0.004 0.049 0.065 0.007 0.042 0.059 0.020 0.754 
 67 NS_SS0981    (1)    1 :  0.007 0.035 0.448 0.015 0.368 0.021 0.091 0.016 
 68 NS_SS0729    (5)    2 :  0.005 0.062 0.029 0.025 0.008 0.022 0.025 0.823 
 69 NS_SS0967   (15)    2 :  0.017 0.035 0.120 0.032 0.015 0.757 0.011 0.014 
 70 NS_SS0941    (8)    2 :  0.095 0.074 0.022 0.656 0.039 0.060 0.030 0.024 
 71 NS_SS0768   (12)    2 :  0.008 0.014 0.021 0.009 0.411 0.514 0.015 0.008 
 72 NS_SS0726    (5)    2 :  0.011 0.046 0.030 0.819 0.007 0.025 0.040 0.022 
 73 NS_SS0763    (4)    2 :  0.003 0.129 0.032 0.080 0.106 0.171 0.074 0.404 
 74 NS_SS0730    (6)    2 :  0.005 0.094 0.099 0.261 0.079 0.411 0.023 0.027 
 75 NS_SS0774    (2)    2 :  0.001 0.167 0.019 0.022 0.374 0.033 0.381 0.003 
 76 NS_SS0723    (3)    2 :  0.002 0.354 0.038 0.165 0.047 0.382 0.005 0.006 
 77 NS_SS0940   (10)    2 :  0.008 0.135 0.025 0.648 0.030 0.009 0.022 0.123 
 78 NS_SS0762    (1)    2 :  0.005 0.011 0.027 0.257 0.462 0.038 0.188 0.013 
 79 NS_SS0766   (11)    2 :  0.019 0.047 0.032 0.569 0.093 0.050 0.055 0.135 
 80 NS_SS0724    (1)    2 :  0.008 0.124 0.008 0.017 0.378 0.411 0.021 0.034 
 81 NS_SS0769    (3)    2 :  0.007 0.076 0.067 0.053 0.655 0.057 0.011 0.073 
 82 NS_SS0777    (1)    2 :  0.020 0.029 0.078 0.038 0.018 0.013 0.259 0.545 
 83 NS_SS0734    (6)    2 :  0.054 0.245 0.082 0.056 0.039 0.065 0.374 0.086 
 84 NS_SS0737    (3)    2 :  0.007 0.009 0.020 0.753 0.092 0.103 0.010 0.006 
 85 NS_SS0732    (5)    2 :  0.005 0.629 0.033 0.022 0.277 0.010 0.014 0.010 
 86 NS_SS0728    (5)    2 :  0.013 0.112 0.009 0.740 0.026 0.049 0.012 0.040 
 87 NS_SS0735    (9)    2 :  0.012 0.731 0.012 0.047 0.012 0.150 0.018 0.018 
 88 NS_SS0725    (1)    2 :  0.013 0.124 0.137 0.017 0.040 0.602 0.041 0.026 
 89 NS_SS0788    (2)    2 :  0.002 0.027 0.018 0.597 0.019 0.295 0.025 0.016 
 90 NS_SS0778    (2)    2 :  0.003 0.525 0.169 0.117 0.012 0.105 0.029 0.041 
 91 NS_SS0792    (6)    2 :  0.007 0.047 0.203 0.388 0.117 0.182 0.028 0.026 
 92 NS_SS0943   (11)    2 :  0.011 0.318 0.132 0.018 0.030 0.275 0.027 0.188 
 93 NS_SS0791    (2)    2 :  0.015 0.018 0.009 0.905 0.010 0.016 0.016 0.011 
 94 NS_SS0790    (5)    2 :  0.004 0.010 0.013 0.004 0.948 0.010 0.005 0.004 
 95 NS_SS0731    (6)    2 :  0.016 0.076 0.006 0.007 0.042 0.811 0.028 0.013 
 96 NS_SS0727    (7)    2 :  0.002 0.050 0.019 0.536 0.015 0.066 0.193 0.119 
 97 NS_SS0779   (13)    2 :  0.011 0.476 0.038 0.169 0.023 0.079 0.143 0.061 
 98 NS_SS0776    (3)    2 :  0.010 0.014 0.019 0.012 0.018 0.014 0.897 0.015 
 99 NS_SS0775    (5)    2 :  0.013 0.029 0.058 0.463 0.169 0.037 0.225 0.007 
100 NS_SS0965    (3)    3 :  0.003 0.087 0.042 0.037 0.129 0.234 0.035 0.433 
101 NS_SS0754   (14)    3 :  0.024 0.060 0.077 0.180 0.035 0.029 0.067 0.528 
102 NS_SS0838    (5)    3 :  0.062 0.058 0.131 0.178 0.403 0.096 0.037 0.035 
103 NS_SS0839    (3)    3 :  0.006 0.025 0.100 0.066 0.745 0.017 0.036 0.006 
104 NS_SS0832    (4)    3 :  0.057 0.046 0.229 0.029 0.007 0.567 0.057 0.007 
105 NS_SS0820    (5)    3 :  0.008 0.008 0.028 0.055 0.261 0.629 0.006 0.006 
106 NS_SS0886    (9)    3 :  0.003 0.419 0.032 0.361 0.024 0.037 0.024 0.100 
107 NS_SS0748    (5)    3 :  0.019 0.029 0.069 0.027 0.065 0.052 0.357 0.382 
108 NS_SS0884    (9)    3 :  0.030 0.043 0.252 0.538 0.047 0.042 0.034 0.013 
109 NS_SS0752    (4)    3 :  0.003 0.536 0.059 0.230 0.035 0.042 0.081 0.014 
110 NS_SS0862    (1)    3 :  0.007 0.904 0.017 0.017 0.025 0.013 0.009 0.009 
111 NS_SS0787    (9)    3 :  0.010 0.009 0.043 0.014 0.007 0.013 0.005 0.899 
112 NS_SS0843    (6)    3 :  0.003 0.530 0.056 0.019 0.028 0.127 0.059 0.178 
113 NS_SS0856    (4)    3 :  0.004 0.035 0.085 0.311 0.028 0.505 0.014 0.017 
114 NS_SS0846    (2)    3 :  0.006 0.021 0.069 0.139 0.019 0.561 0.057 0.129 
115 NS_SS0825    (1)    3 :  0.013 0.015 0.695 0.072 0.006 0.163 0.011 0.024 
116 NS_SS0757    (3)    3 :  0.005 0.771 0.050 0.033 0.036 0.033 0.021 0.050 
117 NS_SS0876    (3)    3 :  0.227 0.076 0.207 0.052 0.299 0.124 0.011 0.004 
118 NS_SS0903   (10)    3 :  0.002 0.912 0.017 0.010 0.024 0.014 0.014 0.007 
119 NS_SS0875    (7)    3 :  0.004 0.035 0.042 0.143 0.655 0.043 0.025 0.053 
120 NS_SS0740    (5)    3 :  0.005 0.733 0.017 0.047 0.050 0.046 0.033 0.069 
121 NS_SS0811    (5)    3 :  0.011 0.021 0.009 0.008 0.921 0.010 0.012 0.008 
122 NS_SS0751    (1)    3 :  0.004 0.069 0.086 0.413 0.060 0.146 0.185 0.037 
123 NS_SS0891    (6)    3 :  0.008 0.022 0.012 0.087 0.757 0.064 0.022 0.030 
124 NS_SS0867    (2)    3 :  0.025 0.030 0.796 0.029 0.005 0.026 0.030 0.060 
125 NS_SS0890    (6)    3 :  0.003 0.104 0.022 0.792 0.029 0.009 0.023 0.017 
126 NS_SS0866   (12)    3 :  0.006 0.017 0.882 0.013 0.011 0.013 0.016 0.043 
127 NS_SS0755    (4)    3 :  0.010 0.077 0.118 0.326 0.232 0.105 0.050 0.082 
128 NS_SS0758    (4)    3 :  0.003 0.085 0.014 0.113 0.029 0.312 0.012 0.432 
129 NS_SS0840    (2)    3 :  0.003 0.288 0.123 0.051 0.175 0.320 0.024 0.016 
130 NS_SS0889    (4)    3 :  0.004 0.115 0.062 0.043 0.133 0.037 0.181 0.425 
131 NS_SS1010    (1)    3 :  0.055 0.021 0.038 0.031 0.768 0.040 0.016 0.031 
132 NS_SS0888    (5)    3 :  0.001 0.068 0.093 0.098 0.016 0.014 0.683 0.025 
133 NS_SS0837    (3)    3 :  0.003 0.142 0.063 0.016 0.014 0.683 0.062 0.018 
134 NS_SS0794   (10)    3 :  0.002 0.016 0.012 0.020 0.057 0.310 0.483 0.100 
135 NS_SS0823    (5)    3 :  0.006 0.053 0.453 0.058 0.364 0.023 0.013 0.030 
136 NS_SS0829    (7)    3 :  0.098 0.566 0.017 0.014 0.213 0.016 0.011 0.065 
137 NS_SS0844    (5)    3 :  0.002 0.013 0.025 0.015 0.706 0.226 0.007 0.007 
138 NS_SS1008    (6)    3 :  0.019 0.060 0.079 0.019 0.066 0.066 0.289 0.402 
139 NS_SS0881    (3)    3 :  0.005 0.031 0.033 0.193 0.029 0.015 0.656 0.039 
140 NS_SS0834    (6)    3 :  0.008 0.012 0.030 0.025 0.788 0.107 0.024 0.005 
141 NS_SS0744   (10)    3 :  0.009 0.532 0.085 0.230 0.025 0.093 0.017 0.009 
142 NS_SS0899    (7)    3 :  0.002 0.178 0.019 0.009 0.645 0.131 0.008 0.007 
143 NS_SS0804    (5)    3 :  0.008 0.168 0.205 0.260 0.194 0.144 0.009 0.011 
144 NS_SS0781   (10)    3 :  0.006 0.067 0.239 0.023 0.461 0.171 0.022 0.012 
145 NS_SS0822    (6)    3 :  0.004 0.185 0.040 0.025 0.010 0.128 0.483 0.125 
146 NS_SS1004    (4)    3 :  0.006 0.080 0.271 0.033 0.012 0.197 0.377 0.023 
147 NS_SS0746    (5)    3 :  0.021 0.050 0.031 0.059 0.118 0.157 0.331 0.234 
148 NS_SS0880    (3)    3 :  0.004 0.033 0.031 0.015 0.014 0.034 0.855 0.015 
149 NS_SS0879    (5)    3 :  0.026 0.016 0.183 0.044 0.343 0.238 0.131 0.019 
150 NS_SS0753    (2)    3 :  0.012 0.195 0.034 0.048 0.020 0.078 0.091 0.523 
151 NS_SS1007    (3)    3 :  0.002 0.017 0.015 0.919 0.010 0.018 0.008 0.011 
152 NS_SS0872    (5)    3 :  0.004 0.019 0.243 0.040 0.038 0.207 0.438 0.011 
153 NS_SS1005    (7)    3 :  0.002 0.088 0.178 0.091 0.269 0.222 0.116 0.034 
154 NS_SS0892    (6)    3 :  0.003 0.078 0.058 0.704 0.040 0.010 0.056 0.051 
155 NS_SS0898    (0)    3 :  0.011 0.007 0.015 0.037 0.014 0.028 0.869 0.020 
156 NS_SS0801    (9)    3 :  0.014 0.123 0.054 0.030 0.570 0.168 0.017 0.024 
157 NS_SS0827    (9)    3 :  0.151 0.087 0.025 0.042 0.098 0.037 0.020 0.539 
158 NS_SS0853    (7)    3 :  0.005 0.008 0.013 0.013 0.892 0.007 0.012 0.050 
159 NS_SS0780    (2)    3 :  0.007 0.496 0.142 0.218 0.055 0.027 0.026 0.030 
160 NS_SS0826   (10)    3 :  0.004 0.011 0.713 0.007 0.008 0.173 0.075 0.008 
161 NS_SS0818    (5)    3 :  0.002 0.023 0.055 0.581 0.014 0.280 0.033 0.012 
162 NS_SS0745    (1)    3 :  0.003 0.014 0.044 0.014 0.048 0.029 0.827 0.022 
163 NS_SS0849    (3)    3 :  0.002 0.898 0.009 0.036 0.020 0.014 0.010 0.011 
164 NS_SS0739    (3)    3 :  0.017 0.248 0.023 0.635 0.040 0.017 0.012 0.009 
165 NS_SS0799    (1)    3 :  0.002 0.392 0.026 0.168 0.015 0.058 0.026 0.312 
166 NS_SS0756    (3)    3 :  0.004 0.045 0.791 0.014 0.120 0.015 0.006 0.004 
167 NS_SS0802    (2)    3 :  0.198 0.072 0.047 0.489 0.012 0.155 0.014 0.015 
168 NS_SS0747    (6)    3 :  0.011 0.561 0.131 0.097 0.077 0.085 0.012 0.026 
169 NS_SS0835    (1)    3 :  0.002 0.024 0.078 0.056 0.016 0.036 0.016 0.771 
170 NS_SS0742   (19)    3 :  0.002 0.280 0.090 0.385 0.060 0.077 0.089 0.017 
171 NS_SS0760    (9)    3 :  0.040 0.024 0.016 0.022 0.012 0.012 0.009 0.867 
172 NS_SS0803    (4)    3 :  0.012 0.027 0.038 0.020 0.269 0.596 0.026 0.012 
173 NS_SS0828   (14)    3 :  0.002 0.115 0.012 0.392 0.208 0.013 0.054 0.204 
174 NS_SS0865    (2)    3 :  0.022 0.064 0.864 0.014 0.011 0.010 0.007 0.007 
175 NS_SS0759    (5)    3 :  0.009 0.441 0.113 0.218 0.048 0.087 0.064 0.019 
176 NS_SS0851    (5)    3 :  0.018 0.167 0.012 0.012 0.726 0.046 0.016 0.005 
177 NS_SS0874   (16)    3 :  0.003 0.083 0.041 0.010 0.772 0.066 0.007 0.019 
178 NS_SS0761    (6)    3 :  0.004 0.183 0.028 0.014 0.024 0.278 0.022 0.447 
179 NS_SS0842   (26)    3 :  0.015 0.015 0.040 0.030 0.062 0.047 0.774 0.018 
180 NS_SS0785    (6)    3 :  0.008 0.708 0.027 0.025 0.017 0.144 0.052 0.019 
181 NS_SS0860   (11)    3 :  0.004 0.273 0.529 0.050 0.021 0.049 0.010 0.063 
182 NS_SS0897    (7)    3 :  0.003 0.070 0.015 0.073 0.026 0.044 0.083 0.686 
183 NS_SS0841   (15)    3 :  0.004 0.139 0.495 0.025 0.225 0.037 0.068 0.007 
184 NS_SS0797    (7)    3 :  0.035 0.014 0.028 0.015 0.024 0.017 0.054 0.813 
185 NS_SS0830   (11)    3 :  0.005 0.102 0.229 0.030 0.047 0.041 0.531 0.015 
186 NS_SS1011    (5)    3 :  0.010 0.011 0.809 0.013 0.039 0.093 0.004 0.022 
187 NS_SS0883    (5)    3 :  0.004 0.797 0.016 0.079 0.046 0.007 0.024 0.026 
188 NS_SS0782    (2)    3 :  0.005 0.431 0.016 0.037 0.031 0.438 0.027 0.015 
189 NS_SS0831    (5)    3 :  0.004 0.780 0.011 0.014 0.023 0.035 0.011 0.122 
190 NS_SS0749    (7)    3 :  0.005 0.686 0.026 0.207 0.015 0.009 0.017 0.035 
191 NS_SS0854    (2)    3 :  0.004 0.232 0.033 0.109 0.160 0.153 0.263 0.046 
192 HI_SS0193    (0)    4 :  0.002 0.117 0.022 0.021 0.010 0.015 0.781 0.032 
193 HI_SS0194    (1)    4 :  0.002 0.059 0.055 0.091 0.422 0.268 0.083 0.019 
194 HI_SS0195   (10)    4 :  0.108 0.684 0.024 0.018 0.121 0.024 0.010 0.012 
195 HI_SS0196    (6)    4 :  0.004 0.663 0.014 0.068 0.141 0.035 0.057 0.018 
196 HI_SS0197    (3)    4 :  0.013 0.006 0.876 0.071 0.008 0.015 0.004 0.008 
197 HI_SS0198    (1)    4 :  0.013 0.729 0.026 0.084 0.074 0.033 0.020 0.021 
198 HI_SS0199    (1)    4 :  0.003 0.027 0.097 0.476 0.007 0.011 0.037 0.341 
199 HI_SS0201    (5)    4 :  0.004 0.023 0.016 0.044 0.025 0.026 0.057 0.805 
200 HI_SS0215    (1)    4 :  0.004 0.036 0.044 0.024 0.019 0.158 0.020 0.695 
201 HI_SS0218    (1)    4 :  0.009 0.013 0.017 0.087 0.025 0.010 0.351 0.487 
202 HI_SS0222    (0)    4 :  0.008 0.565 0.051 0.088 0.033 0.092 0.014 0.149 
203 HI_SS0230    (1)    4 :  0.005 0.022 0.029 0.020 0.628 0.265 0.017 0.014 
204 HI_SS0234    (2)    4 :  0.156 0.014 0.062 0.517 0.124 0.062 0.025 0.040 
205 HI_SS0240    (1)    4 :  0.011 0.029 0.019 0.860 0.033 0.011 0.010 0.027 
206 HI_SS0241    (0)    4 :  0.003 0.018 0.333 0.196 0.136 0.009 0.085 0.220 
207 HI_SS0242    (0)    4 :  0.004 0.149 0.018 0.299 0.034 0.382 0.037 0.076 
208 HI_SS0247    (0)    4 :  0.018 0.019 0.056 0.009 0.805 0.065 0.015 0.013 
209 HI_SS0248    (1)    4 :  0.001 0.019 0.011 0.028 0.008 0.024 0.765 0.144 
210 HI_SS0252    (2)    4 :  0.004 0.134 0.049 0.146 0.229 0.386 0.030 0.022 
211 HI_SS0254    (0)    4 :  0.116 0.017 0.015 0.059 0.011 0.013 0.739 0.030 
212 HI_SS0256    (0)    4 :  0.002 0.011 0.223 0.013 0.539 0.200 0.006 0.004 
213 HI_SS0257    (0)    4 :  0.004 0.037 0.052 0.072 0.058 0.569 0.019 0.187 
214 HI_SS0258    (1)    4 :  0.008 0.029 0.020 0.023 0.020 0.063 0.218 0.619 
215 HI_SS0259    (1)    4 :  0.006 0.017 0.118 0.508 0.184 0.116 0.021 0.030 
216 HI_SS0260    (1)    4 :  0.002 0.038 0.361 0.032 0.110 0.048 0.099 0.310 
217 HI_SS0261    (2)    4 :  0.004 0.041 0.475 0.052 0.008 0.013 0.292 0.114 
218 HI_SS0262    (0)    4 :  0.011 0.185 0.129 0.189 0.014 0.456 0.009 0.007 
219 HI_SS0264    (0)    4 :  0.004 0.017 0.023 0.023 0.877 0.035 0.015 0.006 
220 HI_SS0265    (0)    4 :  0.101 0.044 0.708 0.021 0.018 0.077 0.015 0.015 
221 HI_SS0268    (1)    4 :  0.004 0.011 0.023 0.025 0.828 0.022 0.019 0.068 
222 HI_SS0269    (0)    4 :  0.002 0.110 0.062 0.102 0.008 0.158 0.352 0.205 
223 HI_SS0273    (0)    4 :  0.002 0.019 0.649 0.021 0.008 0.031 0.115 0.154 
224 HI_SS0277    (1)    4 :  0.004 0.062 0.437 0.367 0.048 0.050 0.011 0.021 
225 HI_SS0280    (0)    4 :  0.008 0.481 0.023 0.054 0.062 0.048 0.289 0.036 
226 HI_SS0282    (1)    4 :  0.002 0.895 0.013 0.016 0.005 0.027 0.022 0.020 
227 HI_SS0286    (1)    4 :  0.007 0.039 0.008 0.081 0.094 0.621 0.023 0.127 
228 NS_SS1252    (3)    5 :  0.007 0.013 0.020 0.013 0.013 0.019 0.019 0.896 
229 NS_SS1261    (1)    5 :  0.023 0.056 0.031 0.199 0.077 0.547 0.025 0.043 
230 NS_SS1225   (10)    5 :  0.081 0.012 0.120 0.006 0.566 0.025 0.019 0.171 
231 NS_SS1266    (1)    5 :  0.012 0.048 0.672 0.016 0.049 0.183 0.016 0.004 
232 NS_SS1228    (0)    5 :  0.021 0.220 0.053 0.425 0.038 0.168 0.060 0.016 
233 NS_SS1255    (3)    5 :  0.002 0.289 0.023 0.017 0.024 0.440 0.194 0.011 
234 NS_SS1267    (3)    5 :  0.019 0.013 0.007 0.028 0.010 0.009 0.011 0.903 
235 NS_SS1238    (6)    5 :  0.004 0.075 0.196 0.034 0.022 0.495 0.102 0.072 
236 NS_SS1233    (8)    5 :  0.003 0.027 0.028 0.005 0.378 0.339 0.204 0.015 
237 NS_SS1277    (3)    5 :  0.001 0.012 0.003 0.014 0.004 0.006 0.926 0.034 
238 NS_SS1245    (1)    5 :  0.002 0.093 0.043 0.031 0.072 0.455 0.154 0.149 
239 NS_SS1240    (4)    5 :  0.003 0.026 0.005 0.018 0.006 0.011 0.007 0.923 
240 NS_SS1275    (2)    5 :  0.004 0.007 0.718 0.129 0.012 0.119 0.006 0.004 
241 NS_SS1235    (1)    5 :  0.006 0.034 0.014 0.014 0.012 0.861 0.047 0.013 
242 NS_SS1263    (1)    5 :  0.002 0.079 0.021 0.028 0.475 0.229 0.148 0.019 
243 NS_SS1251    (2)    5 :  0.002 0.054 0.216 0.060 0.336 0.253 0.039 0.041 
244 NS_SS1248    (0)    5 :  0.131 0.065 0.062 0.081 0.400 0.023 0.091 0.147 
245 NS_SS1244    (0)    5 :  0.005 0.013 0.464 0.397 0.013 0.021 0.041 0.045 
246 NS_SS1257    (1)    5 :  0.036 0.072 0.143 0.088 0.132 0.018 0.137 0.373 
247 NS_SS1242    (2)    5 :  0.005 0.007 0.036 0.009 0.040 0.880 0.017 0.006 
248 NS_SS1271    (6)    5 :  0.045 0.010 0.012 0.049 0.007 0.011 0.097 0.770 
249 NS_SS1265    (1)    5 :  0.032 0.011 0.025 0.022 0.107 0.142 0.059 0.602 
250 NS_SS1243    (0)    5 :  0.099 0.545 0.014 0.012 0.083 0.097 0.127 0.023 
251 NS_SS1273    (1)    5 :  0.018 0.008 0.498 0.018 0.075 0.011 0.367 0.004 
252 NS_SS1254   (14)    5 :  0.010 0.023 0.283 0.039 0.426 0.176 0.031 0.012 
253 NS_SS1224    (1)    5 :  0.009 0.465 0.043 0.044 0.047 0.367 0.011 0.015 
254 NS_SS1227    (8)    5 :  0.003 0.039 0.060 0.360 0.039 0.011 0.023 0.466 
255 NS_SS1274    (9)    5 :  0.023 0.157 0.016 0.009 0.579 0.019 0.011 0.185 
256 NS_SS1241    (1)    5 :  0.002 0.020 0.031 0.017 0.232 0.032 0.602 0.065 
257 NS_SS1256    (3)    5 :  0.052 0.016 0.564 0.013 0.019 0.169 0.107 0.060 
258 NS_SS1260    (8)    5 :  0.077 0.039 0.008 0.478 0.029 0.224 0.009 0.136 
259 NS_SS1262    (0)    5 :  0.189 0.044 0.497 0.020 0.088 0.023 0.023 0.116 
260 NS_SS1230    (0)    5 :  0.013 0.026 0.058 0.012 0.049 0.039 0.779 0.025 
261 NS_SS1270    (2)    5 :  0.003 0.075 0.018 0.009 0.021 0.788 0.074 0.011 
262 NS_SS1229    (2)    5 :  0.005 0.011 0.016 0.718 0.012 0.215 0.008 0.014 
263 NS_SS1246    (5)    5 :  0.006 0.021 0.055 0.333 0.014 0.035 0.033 0.502 
264 NS_SS1269    (0)    5 :  0.005 0.219 0.141 0.404 0.074 0.022 0.069 0.067 
265 NS_SS1239    (1)    5 :  0.009 0.627 0.020 0.199 0.014 0.100 0.020 0.011 
266 NS_SS1272    (5)    5 :  0.006 0.016 0.020 0.017 0.013 0.883 0.027 0.017 
267 NS_SS1268    (1)    5 :  0.003 0.889 0.013 0.010 0.024 0.015 0.036 0.010 
268 NS_SS1249    (1)    5 :  0.018 0.053 0.016 0.044 0.079 0.015 0.166 0.610 
269 HI_SS0559    (0)    6 :  0.002 0.420 0.026 0.017 0.053 0.012 0.279 0.191 
270 HI_SS0563    (1)    6 :  0.003 0.582 0.028 0.037 0.037 0.226 0.015 0.072 
271 HI_SS0564    (0)    6 :  0.048 0.828 0.040 0.045 0.005 0.023 0.004 0.007 
272 HI_SS0565    (0)    6 :  0.004 0.054 0.063 0.389 0.041 0.280 0.017 0.152 
273 HI_SS0569    (1)    6 :  0.002 0.116 0.006 0.018 0.028 0.035 0.229 0.566 
274 HI_SS0570    (0)    6 :  0.051 0.039 0.006 0.072 0.012 0.053 0.697 0.070 
275 HI_SS0572    (1)    6 :  0.004 0.013 0.006 0.029 0.029 0.899 0.012 0.009 
276 HI_SS0576    (1)    6 :  0.011 0.106 0.108 0.409 0.089 0.199 0.059 0.019 
277 HI_SS0579    (1)    6 :  0.023 0.096 0.010 0.024 0.019 0.182 0.090 0.557 
278 HI_SS0580    (1)    6 :  0.006 0.096 0.021 0.136 0.407 0.056 0.030 0.249 
279 HI_SS0581    (0)    6 :  0.075 0.039 0.614 0.174 0.025 0.020 0.043 0.009 
280 HI_SS0583    (1)    6 :  0.003 0.011 0.021 0.014 0.034 0.035 0.010 0.872 
281 HI_SS0586    (1)    6 :  0.002 0.011 0.007 0.005 0.069 0.008 0.018 0.881 
282 HI_SS0588    (1)    6 :  0.025 0.012 0.018 0.030 0.033 0.023 0.014 0.845 
283 HI_SS0595    (4)    6 :  0.035 0.017 0.124 0.373 0.063 0.039 0.296 0.053 
284 HI_SS0596    (0)    6 :  0.003 0.006 0.007 0.036 0.010 0.110 0.824 0.004 
285 HI_SS0597    (1)    6 :  0.003 0.014 0.019 0.013 0.009 0.885 0.050 0.008 
286 HI_SS0600    (0)    6 :  0.004 0.210 0.134 0.441 0.012 0.081 0.065 0.052 
287 HI_SS0601    (1)    6 :  0.022 0.179 0.069 0.020 0.520 0.036 0.011 0.142 
288 HI_SS0602    (1)    6 :  0.004 0.060 0.018 0.054 0.078 0.012 0.015 0.761 
289 HI_SS0604    (0)    6 :  0.002 0.561 0.019 0.021 0.090 0.131 0.098 0.078 
290 HI_SS0605    (1)    6 :  0.010 0.707 0.022 0.161 0.010 0.022 0.045 0.024 
291 HI_SS0608    (0)    6 :  0.002 0.079 0.014 0.043 0.297 0.031 0.514 0.021 
292 HI_SS0609    (0)    6 :  0.001 0.025 0.154 0.022 0.362 0.326 0.068 0.042 
293 HI_SS0611    (5)    6 :  0.005 0.790 0.010 0.011 0.105 0.015 0.017 0.048 
294 HI_SS0612    (0)    6 :  0.012 0.021 0.398 0.171 0.021 0.139 0.026 0.212 
295 HI_SS0613    (1)    6 :  0.002 0.769 0.018 0.010 0.132 0.028 0.021 0.021 
296 HI_SS0615    (1)    6 :  0.010 0.039 0.032 0.832 0.026 0.036 0.014 0.010 
297 HI_SS0001    (1)    6 :  0.007 0.019 0.322 0.112 0.191 0.090 0.209 0.051 
298 HI_SS0002    (1)    6 :  0.027 0.008 0.229 0.009 0.052 0.653 0.010 0.013 
299 HI_SS0004    (0)    6 :  0.005 0.047 0.016 0.068 0.634 0.033 0.089 0.108 
300 HI_SS0005    (1)    6 :  0.007 0.037 0.700 0.104 0.066 0.019 0.013 0.055 
301 HI_SS0006    (1)    6 :  0.002 0.088 0.443 0.013 0.016 0.340 0.009 0.088 
302 HI_SS0007    (1)    6 :  0.003 0.009 0.005 0.005 0.008 0.004 0.954 0.013 
303 HI_SS0008    (0)    6 :  0.055 0.148 0.235 0.245 0.015 0.111 0.082 0.109 
304 HI_SS0009    (0)    6 :  0.006 0.036 0.008 0.132 0.619 0.147 0.028 0.025 
305 HI_SS0010    (1)    6 :  0.004 0.063 0.158 0.015 0.072 0.009 0.625 0.055 
306 HI_SS0011    (1)    6 :  0.071 0.031 0.547 0.017 0.015 0.288 0.015 0.016 
307 HI_SS0012    (0)    6 :  0.007 0.101 0.020 0.663 0.118 0.071 0.006 0.014 
308 HI_SS0017    (1)    6 :  0.002 0.006 0.029 0.032 0.038 0.048 0.840 0.005 
309 HI_SS0021    (1)    6 :  0.242 0.005 0.180 0.016 0.142 0.111 0.019 0.285 
310 HI_SS0024    (1)    6 :  0.003 0.048 0.241 0.483 0.052 0.053 0.105 0.015 
311 HI_SS0025    (1)    6 :  0.004 0.053 0.006 0.060 0.550 0.297 0.013 0.017 
312 HI_SS0027    (0)    6 :  0.020 0.407 0.011 0.028 0.045 0.017 0.162 0.309 
313 HI_SS0028    (0)    6 :  0.003 0.010 0.280 0.043 0.594 0.046 0.012 0.012 
314 HI_SS0029    (1)    6 :  0.014 0.043 0.179 0.453 0.193 0.013 0.068 0.037 
315 HI_SS0030    (2)    6 :  0.007 0.027 0.048 0.249 0.014 0.147 0.105 0.402 
316 HI_SS0031    (0)    6 :  0.005 0.017 0.236 0.512 0.013 0.158 0.024 0.036 
317 HI_SS0034    (0)    6 :  0.010 0.133 0.021 0.106 0.032 0.067 0.186 0.446 
318 HI_SS0036    (0)    6 :  0.018 0.012 0.035 0.232 0.057 0.006 0.111 0.528 
319 HI_SS0037    (1)    6 :  0.006 0.024 0.010 0.023 0.893 0.013 0.011 0.020 
320 HI_SS0039    (0)    6 :  0.005 0.024 0.429 0.026 0.008 0.017 0.270 0.221 
321 HI_SS0041    (1)    6 :  0.002 0.326 0.027 0.561 0.024 0.043 0.011 0.006 
322 HI_SS0042    (1)    6 :  0.121 0.023 0.033 0.272 0.384 0.084 0.074 0.009 
323 HI_SS0043    (1)    6 :  0.004 0.559 0.032 0.038 0.013 0.010 0.050 0.294 
324 HI_SS0044    (1)    6 :  0.005 0.006 0.012 0.028 0.019 0.019 0.883 0.027 
325 HI_SS0047    (1)    6 :  0.004 0.064 0.057 0.031 0.008 0.491 0.330 0.014 
326 HI_SS0049    (1)    6 :  0.008 0.025 0.012 0.031 0.139 0.135 0.632 0.019 
327 HI_SS0051    (1)    6 :  0.003 0.905 0.014 0.008 0.015 0.030 0.007 0.016 
328 HI_SS0053    (1)    6 :  0.006 0.033 0.034 0.103 0.004 0.010 0.097 0.713 
329 HI_SS0054    (4)    6 :  0.005 0.019 0.025 0.013 0.008 0.020 0.062 0.848 
330 HI_SS0057    (0)    6 :  0.005 0.156 0.324 0.028 0.009 0.142 0.315 0.021 
331 HI_SS0058    (0)    6 :  0.005 0.012 0.010 0.005 0.821 0.047 0.006 0.094 
332 HI_SS0060    (0)    6 :  0.096 0.038 0.079 0.509 0.019 0.033 0.140 0.085 
333 HI_SS0087    (1)    6 :  0.005 0.111 0.024 0.027 0.029 0.212 0.009 0.583 
334 HI_SS0091    (1)    6 :  0.002 0.041 0.073 0.141 0.027 0.030 0.015 0.671 
335 HI_SS0095    (1)    6 :  0.070 0.017 0.079 0.726 0.035 0.037 0.004 0.032 
336 HI_SS0097    (3)    6 :  0.007 0.253 0.303 0.035 0.252 0.114 0.026 0.011 
337 HI_SS0099    (1)    6 :  0.008 0.028 0.294 0.195 0.202 0.092 0.165 0.015 
338 HI_SS0103    (0)    6 :  0.006 0.050 0.085 0.156 0.019 0.631 0.047 0.007 
339 HI_SS0105    (1)    6 :  0.041 0.183 0.100 0.231 0.158 0.256 0.011 0.019 
340 HI_SS0107    (1)    6 :  0.002 0.022 0.015 0.116 0.012 0.805 0.014 0.014 
341 HI_SS0108    (1)    6 :  0.028 0.056 0.022 0.013 0.007 0.012 0.139 0.723 
342 HI_SS0110    (0)    6 :  0.002 0.010 0.147 0.717 0.013 0.071 0.029 0.011 
343 HI_SS0111    (1)    6 :  0.044 0.151 0.387 0.180 0.068 0.047 0.096 0.027 
344 HI_SS0112    (0)    6 :  0.002 0.092 0.009 0.065 0.026 0.035 0.300 0.471 
345 HI_SS0113    (1)    6 :  0.008 0.218 0.279 0.098 0.112 0.239 0.029 0.016 
346 HI_SS0114    (1)    6 :  0.007 0.021 0.027 0.015 0.011 0.023 0.005 0.890 
347 HI_SS0115    (1)    6 :  0.025 0.115 0.013 0.130 0.597 0.025 0.055 0.041 
348 HI_SS0116    (4)    6 :  0.004 0.031 0.009 0.012 0.037 0.227 0.054 0.625 
349 HI_SS0117    (0)    6 :  0.004 0.021 0.122 0.077 0.166 0.140 0.348 0.121 
350 HI_SS0118    (0)    6 :  0.018 0.024 0.155 0.031 0.054 0.520 0.034 0.164 
351 HI_SS0119    (1)    6 :  0.002 0.143 0.698 0.077 0.010 0.013 0.026 0.030 
352 HI_SS0120    (1)    6 :  0.005 0.049 0.036 0.035 0.016 0.834 0.017 0.008 
353 HI_SS0121    (0)    6 :  0.002 0.011 0.866 0.007 0.056 0.029 0.011 0.017 
354 HI_SS0122    (2)    6 :  0.029 0.052 0.360 0.028 0.258 0.206 0.016 0.051 
355 HI_SS0123    (0)    6 :  0.007 0.166 0.739 0.033 0.011 0.019 0.007 0.019 
356 HI_SS0124    (1)    6 :  0.006 0.016 0.025 0.049 0.546 0.185 0.162 0.011 
357 HI_SS0125    (1)    6 :  0.034 0.008 0.037 0.890 0.008 0.013 0.006 0.004 
358 HI_SS0126    (0)    6 :  0.001 0.009 0.011 0.007 0.013 0.009 0.914 0.035 
359 HI_SS0127    (0)    6 :  0.011 0.652 0.025 0.039 0.069 0.026 0.130 0.047 
360 HI_SS0128    (0)    6 :  0.004 0.024 0.095 0.687 0.020 0.106 0.020 0.044 
361 HI_SS0129    (1)    6 :  0.016 0.045 0.012 0.421 0.042 0.023 0.177 0.264 
362 HI_SS0131    (2)    6 :  0.035 0.013 0.029 0.016 0.711 0.069 0.015 0.113 
363 HI_SS0132    (0)    6 :  0.001 0.018 0.685 0.051 0.056 0.018 0.154 0.017 
364 HI_SS0133    (1)    6 :  0.002 0.048 0.011 0.007 0.005 0.010 0.183 0.734 
365 HI_SS0134    (1)    6 :  0.003 0.071 0.169 0.102 0.043 0.480 0.054 0.079 
366 HI_SS0142    (3)    6 :  0.026 0.012 0.764 0.118 0.018 0.032 0.011 0.019 
367 HI_SS0145    (0)    6 :  0.002 0.020 0.194 0.057 0.075 0.054 0.210 0.387 
368 HI_SS0146    (1)    6 :  0.002 0.008 0.018 0.049 0.007 0.020 0.867 0.030 
369 HI_SS0147    (1)    6 :  0.030 0.221 0.044 0.013 0.149 0.523 0.013 0.007 
370 HI_SS0149    (1)    6 :  0.004 0.004 0.950 0.009 0.009 0.007 0.008 0.008 
371 HI_SS0150    (2)    6 :  0.006 0.013 0.017 0.758 0.084 0.016 0.066 0.041 
372 HI_SS0151    (0)    6 :  0.016 0.748 0.006 0.083 0.008 0.064 0.049 0.027 
373 NS_SS1451    (1)    6 :  0.004 0.033 0.072 0.535 0.198 0.051 0.099 0.008 
374 NS_SS1404    (0)    6 :  0.019 0.192 0.299 0.058 0.090 0.265 0.066 0.012 
375 NS_SS1432    (2)    6 :  0.062 0.013 0.234 0.294 0.032 0.032 0.327 0.006 
376 NS_SS1405    (5)    6 :  0.005 0.203 0.047 0.060 0.478 0.119 0.067 0.022 
377 NS_SS1431   (10)    6 :  0.001 0.018 0.550 0.037 0.016 0.019 0.350 0.009 
378 NS_SS1402    (3)    6 :  0.003 0.071 0.065 0.419 0.025 0.249 0.011 0.156 
379 NS_SS1450    (3)    6 :  0.005 0.131 0.067 0.447 0.013 0.022 0.177 0.137 
380 NS_SS1396    (0)    6 :  0.009 0.113 0.627 0.077 0.043 0.032 0.075 0.024 
381 NS_SS1393    (5)    6 :  0.005 0.611 0.018 0.027 0.195 0.058 0.011 0.075 
382 NS_SS1392   (10)    6 :  0.019 0.166 0.006 0.648 0.022 0.107 0.021 0.011 
383 NS_SS1445    (0)    6 :  0.012 0.012 0.112 0.113 0.036 0.022 0.014 0.678 
384 NS_SS1423    (0)    6 :  0.002 0.026 0.106 0.313 0.113 0.149 0.044 0.247 
385 NS_SS1421    (9)    6 :  0.118 0.065 0.016 0.209 0.016 0.141 0.402 0.033 
386 NS_SS1411    (6)    6 :  0.002 0.579 0.006 0.005 0.013 0.021 0.064 0.309 
387 NS_SS1453    (6)    6 :  0.006 0.054 0.170 0.461 0.117 0.058 0.045 0.088 
388 NS_SS1442    (3)    6 :  0.004 0.031 0.101 0.024 0.083 0.640 0.050 0.068 
389 NS_SS1422    (1)    6 :  0.016 0.123 0.021 0.140 0.098 0.521 0.019 0.062 
390 NS_SS1419    (1)    6 :  0.147 0.014 0.012 0.017 0.760 0.006 0.008 0.037 
391 NS_SS1427    (0)    6 :  0.003 0.005 0.005 0.090 0.010 0.005 0.069 0.813 
392 NS_SS1444    (4)    6 :  0.006 0.049 0.017 0.022 0.685 0.154 0.052 0.016 
393 NS_SS1455    (0)    6 :  0.002 0.024 0.050 0.009 0.185 0.662 0.044 0.025 
394 NS_SS1425    (2)    6 :  0.002 0.754 0.015 0.011 0.010 0.066 0.030 0.113 
395 NS_SS1400    (0)    6 :  0.002 0.047 0.029 0.007 0.155 0.058 0.063 0.640 
396 NS_SS1406    (2)    6 :  0.012 0.022 0.088 0.131 0.548 0.179 0.010 0.010 
397 NS_SS1417    (6)    6 :  0.012 0.017 0.018 0.010 0.270 0.606 0.036 0.032 
398 NS_SS1454    (3)    6 :  0.002 0.028 0.366 0.030 0.289 0.015 0.119 0.151 
399 NS_SS1412    (1)    6 :  0.035 0.308 0.026 0.043 0.027 0.120 0.432 0.010 
400 NS_SS1438    (1)    6 :  0.002 0.175 0.006 0.024 0.024 0.016 0.007 0.747 
401 NS_SS1416    (4)    6 :  0.008 0.874 0.053 0.013 0.017 0.016 0.008 0.010 
402 NS_SS1401    (0)    6 :  0.019 0.022 0.271 0.362 0.170 0.130 0.013 0.013 
403 NS_SS1424    (6)    6 :  0.016 0.029 0.265 0.052 0.012 0.521 0.083 0.022 
404 NS_SS1435   (10)    6 :  0.004 0.013 0.018 0.015 0.008 0.013 0.909 0.020 
405 NS_SS1447    (4)    6 :  0.013 0.022 0.014 0.008 0.057 0.818 0.057 0.012 
406 NS_SS1414    (3)    6 :  0.012 0.016 0.023 0.007 0.862 0.049 0.009 0.022 
407 NS_SS1449   (14)    6 :  0.005 0.192 0.075 0.566 0.025 0.034 0.092 0.010 
408 NS_SS1443    (4)    6 :  0.003 0.037 0.126 0.013 0.006 0.024 0.463 0.328 
409 NS_SS1434    (1)    6 :  0.001 0.029 0.010 0.050 0.006 0.075 0.812 0.017 
410 NS_SS1398    (1)    6 :  0.035 0.043 0.018 0.214 0.306 0.054 0.288 0.044 
411 NS_SS1426    (1)    6 :  0.003 0.050 0.024 0.080 0.007 0.012 0.020 0.805 
412 NS_SS1413    (0)    6 :  0.010 0.012 0.007 0.008 0.010 0.010 0.925 0.017 
413 NS_SS1395    (1)    6 :  0.012 0.016 0.090 0.098 0.011 0.028 0.018 0.727 
414 NS_SS1448   (10)    6 :  0.002 0.007 0.015 0.027 0.008 0.004 0.930 0.008 
415 NS_SS1446    (0)    6 :  0.005 0.012 0.226 0.199 0.161 0.311 0.064 0.022 
416 NS_SS1403    (2)    6 :  0.006 0.012 0.173 0.383 0.317 0.020 0.008 0.081 
417 NS_SS1415    (0)    6 :  0.021 0.031 0.011 0.015 0.019 0.023 0.810 0.070 
418 NS_SS1437    (4)    6 :  0.015 0.020 0.509 0.107 0.180 0.047 0.086 0.036 
419 NS_SS1439    (2)    6 :  0.004 0.028 0.014 0.021 0.318 0.542 0.011 0.062 
420 NS_SS1441    (3)    6 :  0.003 0.025 0.023 0.047 0.180 0.059 0.575 0.089 
421 NS_SS1420    (2)    6 :  0.004 0.772 0.021 0.029 0.136 0.015 0.015 0.009 
422 NS_SS1394    (2)    6 :  0.048 0.529 0.096 0.190 0.079 0.010 0.038 0.009 
423 NS_SS1391    (7)    6 :  0.014 0.008 0.006 0.335 0.040 0.510 0.042 0.047 
424 NS_SS1410    (5)    6 :  0.019 0.030 0.036 0.146 0.057 0.644 0.030 0.038 
425 NS_SS1408    (1)    6 :  0.057 0.013 0.747 0.135 0.006 0.006 0.012 0.024 
426 NS_SS1409    (1)    6 :  0.006 0.065 0.019 0.485 0.050 0.264 0.047 0.064 
427 HI_SS0617    (1)    7 :  0.002 0.228 0.111 0.166 0.012 0.421 0.038 0.022 
428 HI_SS0618    (2)    7 :  0.003 0.812 0.023 0.047 0.069 0.009 0.008 0.028 
429 HI_SS0619    (0)    7 :  0.004 0.018 0.021 0.032 0.482 0.015 0.406 0.023 
430 HI_SS0620    (1)    7 :  0.004 0.067 0.009 0.009 0.007 0.015 0.714 0.175 
431 HI_SS0621    (3)    7 :  0.020 0.023 0.037 0.557 0.292 0.040 0.014 0.017 
432 HI_SS0622    (1)    7 :  0.022 0.076 0.395 0.027 0.029 0.030 0.335 0.086 
433 HI_SS0626    (0)    7 :  0.012 0.174 0.142 0.149 0.432 0.020 0.029 0.041 
434 HI_SS0627    (0)    7 :  0.010 0.041 0.017 0.017 0.011 0.875 0.017 0.013 
435 HI_SS0628    (3)    7 :  0.068 0.043 0.316 0.261 0.029 0.118 0.059 0.107 
436 HI_SS0629    (1)    7 :  0.007 0.014 0.020 0.613 0.030 0.160 0.017 0.138 
437 HI_SS0630    (1)    7 :  0.072 0.066 0.010 0.084 0.068 0.044 0.607 0.049 
438 HI_SS0631    (0)    7 :  0.001 0.033 0.020 0.051 0.045 0.015 0.092 0.743 
439 HI_SS0632    (0)    7 :  0.004 0.303 0.045 0.023 0.037 0.365 0.198 0.025 
440 HI_SS0633    (0)    7 :  0.004 0.021 0.011 0.164 0.448 0.329 0.011 0.012 
441 HI_SS0634    (1)    7 :  0.003 0.056 0.620 0.078 0.012 0.186 0.032 0.013 
442 HI_SS0635    (0)    7 :  0.009 0.018 0.021 0.108 0.716 0.035 0.020 0.073 
443 HI_SS0637    (1)    7 :  0.004 0.837 0.058 0.033 0.020 0.027 0.007 0.013 
444 HI_SS0638    (0)    7 :  0.001 0.098 0.232 0.025 0.044 0.014 0.557 0.029 
445 HI_SS0639    (1)    7 :  0.061 0.128 0.060 0.514 0.017 0.148 0.057 0.015 
446 HI_SS0640    (1)    7 :  0.003 0.053 0.012 0.079 0.025 0.027 0.100 0.702 
447 HI_SS0641    (1)    7 :  0.008 0.020 0.010 0.024 0.808 0.010 0.037 0.084 
448 HI_SS0642    (0)    7 :  0.003 0.015 0.122 0.633 0.006 0.118 0.075 0.028 
449 HI_SS0645    (0)    7 :  0.001 0.595 0.023 0.010 0.324 0.014 0.030 0.004 
450 HI_SS0646    (1)    7 :  0.004 0.018 0.021 0.363 0.052 0.332 0.067 0.142 
451 HI_SS0647    (1)    7 :  0.002 0.054 0.023 0.120 0.248 0.074 0.452 0.027 
452 HI_SS0648    (0)    7 :  0.006 0.164 0.075 0.201 0.104 0.046 0.374 0.030 
453 HI_SS0649    (1)    7 :  0.003 0.061 0.019 0.069 0.322 0.436 0.024 0.067 
454 HI_SS0650    (1)    7 :  0.005 0.402 0.021 0.316 0.022 0.177 0.028 0.028 
455 HI_SS0651    (1)    7 :  0.008 0.441 0.033 0.086 0.276 0.038 0.026 0.091 
456 HI_SS0652    (1)    7 :  0.007 0.526 0.027 0.100 0.180 0.055 0.083 0.023 
457 NS_SS1371    (3)    7 :  0.013 0.012 0.035 0.754 0.033 0.023 0.022 0.107 
458 NS_SS1374    (0)    7 :  0.004 0.038 0.275 0.405 0.022 0.015 0.112 0.128 
459 NS_SS1337    (3)    7 :  0.004 0.181 0.426 0.130 0.062 0.167 0.010 0.020 
460 NS_SS1385    (5)    7 :  0.006 0.039 0.069 0.033 0.012 0.804 0.018 0.020 
461 NS_SS1388    (0)    7 :  0.010 0.009 0.005 0.048 0.860 0.021 0.013 0.034 
462 NS_SS1370    (1)    7 :  0.011 0.908 0.013 0.009 0.016 0.017 0.012 0.015 
463 NS_SS1389    (3)    7 :  0.004 0.005 0.015 0.008 0.923 0.015 0.012 0.018 
464 NS_SS1360    (1)    7 :  0.010 0.441 0.033 0.021 0.055 0.042 0.108 0.290 
465 NS_SS1330    (0)    7 :  0.005 0.569 0.044 0.110 0.207 0.041 0.011 0.013 
466 NS_SS1328    (9)    7 :  0.003 0.007 0.124 0.029 0.010 0.019 0.788 0.021 
467 NS_SS1384    (1)    7 :  0.005 0.021 0.021 0.064 0.014 0.039 0.033 0.802 
468 NS_SS1381    (0)    7 :  0.001 0.045 0.034 0.078 0.046 0.763 0.018 0.015 
469 NS_SS1375    (1)    7 :  0.001 0.019 0.014 0.445 0.022 0.022 0.445 0.032 
470 NS_SS1319   (11)    7 :  0.102 0.037 0.105 0.592 0.058 0.012 0.020 0.073 
471 NS_SS1326    (2)    7 :  0.012 0.015 0.011 0.137 0.088 0.012 0.576 0.150 
