

----------------------------------------------------
STRUCTURE by Pritchard, Stephens and Donnelly (2000)
     and Falush, Stephens and Pritchard (2003)
       Code by Pritchard, Falush and Hubisz
             Version 2.3.4 (Jul 2012)
----------------------------------------------------



Command line arguments:   /home/genobiwan/Documents/Programs/Structure/structure -m parameter_job_k6_r3 
Input File:    /media/genobiwan/Storage/Projets/Mackerel_NWA_2021/data_job_k6_r3

Run parameters:
   557 individuals
   3930 loci
   6 populations assumed
   10000 Burn-in period
   100000 Reps


--------------------------------------------
Proportion of membership of each pre-defined
 population in each of the 6 clusters

Given    Inferred Clusters                            Number of
 Pop       1      2      3      4      5      6      Individuals

  1:     0.181  0.154  0.183  0.174  0.156  0.151       67
  2:     0.172  0.130  0.148  0.158  0.183  0.210       32
  3:     0.160  0.151  0.181  0.172  0.184  0.152       92
  4:     0.154  0.180  0.145  0.184  0.164  0.173       36
  5:     0.147  0.179  0.196  0.148  0.161  0.169       41
  6:     0.165  0.177  0.157  0.171  0.165  0.165      158
  7:     0.174  0.166  0.160  0.168  0.168  0.165       79
  8:     0.168  0.180  0.178  0.158  0.171  0.144       52
--------------------------------------------

Allele-freq. divergence among pops (Net nucleotide distance),
computed using point estimates of P.

      1       2       3       4       5       6      
 1      -    0.0042  0.0031  0.0026  0.0028  0.0037  
 2   0.0042     -    0.0038  0.0034  0.0037  0.0043  
 3   0.0031  0.0038     -    0.0024  0.0025  0.0036  
 4   0.0026  0.0034  0.0024     -    0.0026  0.0031  
 5   0.0028  0.0037  0.0025  0.0026     -    0.0036  
 6   0.0037  0.0043  0.0036  0.0031  0.0036     -    

Average distances (expected heterozygosity) between individuals in same cluster:
cluster  1  : 0.3116 
cluster  2  : 0.3100 
cluster  3  : 0.3114 
cluster  4  : 0.3130 
cluster  5  : 0.3116 
cluster  6  : 0.3133 

--------------------------------------------
Estimated Ln Prob of Data   = -2106447.0
Mean value of ln likelihood = -2060794.2
Variance of ln likelihood   = 91305.6
Mean value of alpha         = 1.4289

Mean value of Fst_1         = 0.0405
Mean value of Fst_2         = 0.0443
Mean value of Fst_3         = 0.0361
Mean value of Fst_4         = 0.0346
Mean value of Fst_5         = 0.0357
Mean value of Fst_6         = 0.0431


Inferred ancestry of individuals:
        Label (%Miss) Pop:  Inferred clusters
  1 NS_SS0963    (4)    1 :  0.067 0.094 0.215 0.290 0.197 0.137 
  2 NS_SS0983    (1)    1 :  0.068 0.334 0.137 0.150 0.155 0.156 
  3 NS_SS0719    (8)    1 :  0.135 0.148 0.100 0.256 0.228 0.133 
  4 NS_SS1001    (8)    1 :  0.193 0.086 0.185 0.078 0.166 0.293 
  5 NS_SS0936    (4)    1 :  0.162 0.075 0.222 0.225 0.093 0.224 
  6 NS_SS0955    (5)    1 :  0.051 0.200 0.262 0.162 0.203 0.122 
  7 NS_SS0944    (3)    1 :  0.079 0.180 0.265 0.114 0.195 0.166 
  8 NS_SS0945    (3)    1 :  0.268 0.205 0.130 0.120 0.125 0.151 
  9 NS_SS0922    (2)    1 :  0.141 0.070 0.102 0.209 0.173 0.306 
 10 NS_SS0929    (7)    1 :  0.135 0.215 0.215 0.214 0.102 0.119 
 11 NS_SS0956    (2)    1 :  0.183 0.066 0.123 0.118 0.367 0.143 
 12 NS_SS0906    (3)    1 :  0.133 0.204 0.287 0.164 0.106 0.106 
 13 NS_SS0721    (6)    1 :  0.122 0.114 0.122 0.142 0.386 0.115 
 14 NS_SS0982    (4)    1 :  0.178 0.103 0.276 0.199 0.158 0.086 
 15 NS_SS0923    (5)    1 :  0.250 0.100 0.185 0.187 0.135 0.143 
 16 NS_SS0905    (6)    1 :  0.284 0.154 0.192 0.118 0.126 0.127 
 17 NS_SS0925    (3)    1 :  0.109 0.058 0.283 0.152 0.162 0.235 
 18 NS_SS0947    (5)    1 :  0.141 0.100 0.225 0.184 0.135 0.215 
 19 NS_SS0926    (2)    1 :  0.191 0.309 0.120 0.251 0.074 0.055 
 20 NS_SS0918    (6)    1 :  0.177 0.070 0.407 0.108 0.176 0.062 
 21 NS_SS0966    (4)    1 :  0.167 0.107 0.302 0.180 0.112 0.132 
 22 NS_SS0938    (2)    1 :  0.187 0.069 0.103 0.247 0.123 0.272 
 23 NS_SS0917    (2)    1 :  0.184 0.220 0.063 0.233 0.153 0.148 
 24 NS_SS0957   (11)    1 :  0.234 0.119 0.137 0.202 0.235 0.073 
 25 NS_SS0987    (1)    1 :  0.246 0.141 0.140 0.126 0.297 0.051 
 26 NS_SS0717    (4)    1 :  0.274 0.088 0.193 0.071 0.158 0.216 
 27 NS_SS0986    (2)    1 :  0.236 0.199 0.182 0.139 0.187 0.057 
 28 NS_SS0953    (4)    1 :  0.133 0.085 0.293 0.160 0.137 0.193 
 29 NS_SS0907    (3)    1 :  0.119 0.139 0.403 0.151 0.093 0.095 
 30 NS_SS0974    (6)    1 :  0.166 0.173 0.202 0.166 0.087 0.207 
 31 NS_SS0989    (1)    1 :  0.100 0.286 0.062 0.224 0.107 0.221 
 32 NS_SS0991    (2)    1 :  0.068 0.246 0.311 0.082 0.234 0.059 
 33 NS_SS0994    (2)    1 :  0.093 0.451 0.075 0.090 0.076 0.216 
 34 NS_SS0931    (6)    1 :  0.114 0.292 0.200 0.162 0.165 0.067 
 35 NS_SS1000    (5)    1 :  0.275 0.100 0.196 0.139 0.075 0.216 
 36 NS_SS0919    (1)    1 :  0.140 0.168 0.174 0.382 0.071 0.066 
 37 NS_SS0949    (3)    1 :  0.074 0.266 0.082 0.159 0.191 0.228 
 38 NS_SS0960   (10)    1 :  0.165 0.219 0.185 0.213 0.135 0.083 
 39 NS_SS0716    (2)    1 :  0.556 0.097 0.078 0.063 0.145 0.061 
 40 NS_SS0924    (8)    1 :  0.133 0.191 0.293 0.124 0.144 0.114 
 41 NS_SS0935    (1)    1 :  0.114 0.304 0.200 0.076 0.194 0.113 
 42 NS_SS0952   (13)    1 :  0.113 0.258 0.258 0.187 0.084 0.098 
 43 NS_SS0962   (10)    1 :  0.312 0.096 0.112 0.242 0.110 0.127 
 44 NS_SS0973    (5)    1 :  0.072 0.108 0.268 0.197 0.162 0.193 
 45 NS_SS0722    (1)    1 :  0.240 0.059 0.227 0.084 0.088 0.303 
 46 NS_SS0979   (13)    1 :  0.243 0.092 0.238 0.128 0.207 0.092 
 47 NS_SS0993    (2)    1 :  0.140 0.056 0.245 0.126 0.164 0.269 
 48 NS_SS0958    (1)    1 :  0.232 0.295 0.160 0.093 0.089 0.130 
 49 NS_SS0988    (4)    1 :  0.241 0.193 0.190 0.242 0.080 0.054 
 50 NS_SS1003    (2)    1 :  0.129 0.053 0.107 0.402 0.247 0.062 
 51 NS_SS0976    (0)    1 :  0.087 0.255 0.221 0.177 0.144 0.116 
 52 NS_SS0964   (10)    1 :  0.228 0.069 0.118 0.089 0.201 0.294 
 53 NS_SS0939    (4)    1 :  0.445 0.053 0.041 0.102 0.275 0.085 
 54 NS_SS0990    (6)    1 :  0.303 0.209 0.058 0.217 0.130 0.083 
 55 NS_SS0984    (2)    1 :  0.323 0.065 0.129 0.131 0.101 0.251 
 56 NS_SS0980    (9)    1 :  0.115 0.068 0.185 0.302 0.073 0.257 
 57 NS_SS0978    (4)    1 :  0.122 0.088 0.138 0.334 0.100 0.217 
 58 NS_SS0951   (17)    1 :  0.152 0.226 0.276 0.066 0.215 0.066 
 59 NS_SS0913    (3)    1 :  0.216 0.103 0.161 0.083 0.257 0.180 
 60 NS_SS1002    (1)    1 :  0.249 0.060 0.170 0.392 0.052 0.077 
 61 NS_SS0948    (1)    1 :  0.185 0.165 0.289 0.136 0.131 0.094 
 62 NS_SS0916    (4)    1 :  0.132 0.144 0.059 0.183 0.170 0.312 
 63 NS_SS0995    (1)    1 :  0.222 0.090 0.077 0.167 0.217 0.227 
 64 NS_SS0927    (6)    1 :  0.193 0.231 0.092 0.202 0.084 0.197 
 65 NS_SS0992    (5)    1 :  0.110 0.151 0.101 0.259 0.109 0.270 
 66 NS_SS0912    (1)    1 :  0.232 0.192 0.177 0.125 0.221 0.054 
 67 NS_SS0981    (1)    1 :  0.245 0.087 0.256 0.193 0.162 0.057 
 68 NS_SS0729    (5)    2 :  0.045 0.313 0.177 0.097 0.054 0.313 
 69 NS_SS0967   (14)    2 :  0.122 0.087 0.280 0.306 0.083 0.123 
 70 NS_SS0941    (7)    2 :  0.150 0.104 0.090 0.172 0.152 0.332 
 71 NS_SS0768   (12)    2 :  0.130 0.128 0.227 0.154 0.254 0.106 
 72 NS_SS0726    (4)    2 :  0.058 0.188 0.096 0.212 0.092 0.355 
 73 NS_SS0763    (4)    2 :  0.120 0.248 0.162 0.125 0.104 0.241 
 74 NS_SS0730    (6)    2 :  0.338 0.089 0.112 0.155 0.181 0.126 
 75 NS_SS0774    (1)    2 :  0.248 0.068 0.141 0.219 0.096 0.227 
 76 NS_SS0723    (3)    2 :  0.183 0.048 0.160 0.311 0.134 0.164 
 77 NS_SS0940    (9)    2 :  0.191 0.188 0.068 0.152 0.178 0.222 
 78 NS_SS0762    (1)    2 :  0.243 0.046 0.168 0.093 0.124 0.326 
 79 NS_SS0766   (11)    2 :  0.269 0.155 0.068 0.077 0.175 0.256 
 80 NS_SS0724    (1)    2 :  0.097 0.089 0.308 0.081 0.220 0.206 
 81 NS_SS0769    (3)    2 :  0.274 0.143 0.118 0.240 0.138 0.088 
 82 NS_SS0777    (2)    2 :  0.214 0.221 0.183 0.162 0.155 0.065 
 83 NS_SS0734    (6)    2 :  0.164 0.150 0.085 0.142 0.304 0.155 
 84 NS_SS0737    (3)    2 :  0.195 0.058 0.081 0.107 0.127 0.433 
 85 NS_SS0732    (5)    2 :  0.160 0.072 0.197 0.088 0.368 0.115 
 86 NS_SS0728    (5)    2 :  0.133 0.095 0.105 0.121 0.276 0.270 
 87 NS_SS0735    (9)    2 :  0.103 0.070 0.148 0.073 0.266 0.339 
 88 NS_SS0725    (1)    2 :  0.110 0.079 0.102 0.185 0.190 0.335 
 89 NS_SS0788    (2)    2 :  0.184 0.128 0.095 0.373 0.121 0.099 
 90 NS_SS0778    (2)    2 :  0.138 0.161 0.095 0.370 0.158 0.079 
 91 NS_SS0792    (6)    2 :  0.118 0.142 0.160 0.150 0.246 0.186 
 92 NS_SS0943   (11)    2 :  0.045 0.253 0.280 0.111 0.212 0.099 
 93 NS_SS0791    (2)    2 :  0.123 0.156 0.061 0.084 0.344 0.232 
 94 NS_SS0790    (5)    2 :  0.166 0.042 0.333 0.117 0.222 0.119 
 95 NS_SS0731    (6)    2 :  0.276 0.092 0.179 0.100 0.245 0.107 
 96 NS_SS0727    (6)    2 :  0.103 0.236 0.088 0.052 0.087 0.434 
 97 NS_SS0779   (12)    2 :  0.206 0.129 0.168 0.173 0.188 0.135 
 98 NS_SS0776    (3)    2 :  0.222 0.125 0.117 0.140 0.177 0.219 
 99 NS_SS0775    (5)    2 :  0.365 0.059 0.085 0.118 0.167 0.205 
100 NS_SS0965    (3)    3 :  0.132 0.105 0.213 0.201 0.262 0.087 
101 NS_SS0754   (13)    3 :  0.085 0.214 0.130 0.141 0.276 0.154 
102 NS_SS0838    (5)    3 :  0.213 0.163 0.161 0.145 0.124 0.194 
103 NS_SS0839    (3)    3 :  0.258 0.054 0.138 0.177 0.175 0.198 
104 NS_SS0832    (4)    3 :  0.194 0.047 0.271 0.219 0.170 0.099 
105 NS_SS0820    (4)    3 :  0.133 0.060 0.247 0.219 0.207 0.133 
106 NS_SS0886    (9)    3 :  0.143 0.220 0.102 0.151 0.261 0.122 
107 NS_SS0748    (5)    3 :  0.192 0.172 0.267 0.163 0.124 0.082 
108 NS_SS0884    (9)    3 :  0.112 0.155 0.170 0.224 0.150 0.188 
109 NS_SS0752    (3)    3 :  0.165 0.099 0.121 0.197 0.150 0.269 
110 NS_SS0862    (1)    3 :  0.083 0.055 0.190 0.133 0.404 0.136 
111 NS_SS0787    (9)    3 :  0.114 0.481 0.096 0.147 0.100 0.061 
112 NS_SS0843    (6)    3 :  0.111 0.121 0.183 0.166 0.177 0.242 
113 NS_SS0856    (4)    3 :  0.248 0.134 0.061 0.158 0.126 0.272 
114 NS_SS0846    (2)    3 :  0.073 0.168 0.238 0.261 0.065 0.195 
115 NS_SS0825    (1)    3 :  0.120 0.148 0.111 0.292 0.257 0.072 
116 NS_SS0757    (3)    3 :  0.114 0.185 0.198 0.154 0.251 0.097 
117 NS_SS0876    (3)    3 :  0.114 0.095 0.185 0.142 0.215 0.248 
118 NS_SS0903    (9)    3 :  0.118 0.051 0.188 0.282 0.088 0.273 
119 NS_SS0875    (7)    3 :  0.359 0.126 0.118 0.169 0.152 0.075 
120 NS_SS0740    (5)    3 :  0.114 0.123 0.238 0.126 0.175 0.225 
121 NS_SS0811    (5)    3 :  0.325 0.061 0.224 0.063 0.265 0.062 
122 NS_SS0751    (1)    3 :  0.336 0.106 0.083 0.191 0.108 0.175 
123 NS_SS0891    (6)    3 :  0.185 0.129 0.155 0.169 0.107 0.255 
124 NS_SS0867    (2)    3 :  0.055 0.145 0.241 0.314 0.171 0.074 
125 NS_SS0890    (6)    3 :  0.240 0.129 0.196 0.149 0.123 0.163 
126 NS_SS0866   (11)    3 :  0.087 0.392 0.070 0.166 0.130 0.154 
127 NS_SS0755    (4)    3 :  0.126 0.109 0.248 0.182 0.237 0.098 
128 NS_SS0758    (4)    3 :  0.110 0.123 0.157 0.127 0.172 0.311 
129 NS_SS0840    (2)    3 :  0.211 0.055 0.199 0.251 0.158 0.126 
130 NS_SS0889    (4)    3 :  0.104 0.328 0.133 0.082 0.265 0.089 
131 NS_SS1010    (1)    3 :  0.245 0.126 0.174 0.296 0.092 0.067 
132 NS_SS0888    (5)    3 :  0.091 0.288 0.074 0.092 0.211 0.245 
133 NS_SS0837    (3)    3 :  0.139 0.078 0.315 0.105 0.282 0.082 
134 NS_SS0794    (9)    3 :  0.168 0.244 0.111 0.076 0.210 0.191 
135 NS_SS0823    (4)    3 :  0.115 0.073 0.312 0.139 0.116 0.246 
136 NS_SS0829    (7)    3 :  0.090 0.345 0.189 0.067 0.258 0.051 
137 NS_SS0844    (5)    3 :  0.064 0.042 0.592 0.093 0.085 0.124 
138 NS_SS1008    (5)    3 :  0.216 0.250 0.122 0.072 0.112 0.228 
139 NS_SS0881    (3)    3 :  0.272 0.162 0.097 0.239 0.150 0.080 
140 NS_SS0834    (6)    3 :  0.132 0.082 0.106 0.171 0.116 0.394 
141 NS_SS0744   (10)    3 :  0.087 0.116 0.147 0.255 0.219 0.175 
142 NS_SS0899    (7)    3 :  0.238 0.077 0.260 0.086 0.257 0.082 
143 NS_SS0804    (4)    3 :  0.139 0.050 0.196 0.237 0.222 0.157 
144 NS_SS0781   (10)    3 :  0.241 0.057 0.227 0.282 0.089 0.105 
145 NS_SS0822    (6)    3 :  0.053 0.149 0.198 0.079 0.212 0.308 
146 NS_SS1004    (4)    3 :  0.097 0.098 0.303 0.233 0.133 0.136 
147 NS_SS0746    (5)    3 :  0.119 0.160 0.349 0.122 0.085 0.166 
148 NS_SS0880    (3)    3 :  0.125 0.089 0.232 0.224 0.170 0.161 
149 NS_SS0879    (4)    3 :  0.102 0.116 0.190 0.139 0.198 0.254 
150 NS_SS0753    (2)    3 :  0.124 0.219 0.244 0.102 0.225 0.087 
151 NS_SS1007    (2)    3 :  0.263 0.101 0.051 0.199 0.093 0.293 
152 NS_SS0872    (5)    3 :  0.252 0.080 0.175 0.193 0.117 0.183 
153 NS_SS1005    (7)    3 :  0.173 0.094 0.283 0.239 0.085 0.127 
154 NS_SS0892    (6)    3 :  0.209 0.155 0.146 0.145 0.164 0.180 
155 NS_SS0898    (0)    3 :  0.153 0.192 0.175 0.197 0.182 0.101 
156 NS_SS0801    (9)    3 :  0.132 0.134 0.276 0.125 0.254 0.079 
157 NS_SS0827    (8)    3 :  0.308 0.205 0.132 0.164 0.148 0.042 
158 NS_SS0853    (6)    3 :  0.328 0.194 0.198 0.064 0.150 0.065 
159 NS_SS0780    (2)    3 :  0.154 0.081 0.112 0.299 0.212 0.142 
160 NS_SS0826   (10)    3 :  0.104 0.150 0.280 0.280 0.120 0.066 
161 NS_SS0818    (5)    3 :  0.200 0.049 0.126 0.308 0.156 0.161 
162 NS_SS0745    (1)    3 :  0.400 0.059 0.050 0.095 0.176 0.220 
163 NS_SS0849    (3)    3 :  0.140 0.093 0.177 0.143 0.407 0.041 
164 NS_SS0739    (3)    3 :  0.242 0.102 0.055 0.197 0.278 0.125 
165 NS_SS0799    (1)    3 :  0.152 0.190 0.126 0.095 0.178 0.258 
166 NS_SS0756    (2)    3 :  0.191 0.067 0.263 0.268 0.135 0.076 
167 NS_SS0802    (2)    3 :  0.173 0.194 0.106 0.273 0.080 0.175 
168 NS_SS0747    (6)    3 :  0.153 0.123 0.248 0.220 0.117 0.139 
169 NS_SS0835    (1)    3 :  0.110 0.371 0.094 0.231 0.064 0.129 
170 NS_SS0742   (18)    3 :  0.133 0.075 0.168 0.244 0.222 0.158 
171 NS_SS0760    (9)    3 :  0.154 0.362 0.154 0.096 0.123 0.111 
172 NS_SS0803    (4)    3 :  0.062 0.047 0.392 0.156 0.095 0.248 
173 NS_SS0828   (13)    3 :  0.176 0.132 0.144 0.130 0.311 0.107 
174 NS_SS0865    (2)    3 :  0.069 0.125 0.123 0.359 0.263 0.062 
175 NS_SS0759    (4)    3 :  0.215 0.065 0.141 0.152 0.234 0.194 
176 NS_SS0851    (5)    3 :  0.137 0.075 0.154 0.096 0.466 0.072 
177 NS_SS0874   (16)    3 :  0.120 0.087 0.420 0.153 0.102 0.117 
178 NS_SS0761    (6)    3 :  0.076 0.310 0.218 0.122 0.190 0.083 
179 NS_SS0842   (25)    3 :  0.260 0.226 0.152 0.139 0.121 0.102 
180 NS_SS0785    (6)    3 :  0.129 0.190 0.206 0.173 0.154 0.147 
181 NS_SS0860   (11)    3 :  0.091 0.384 0.133 0.200 0.070 0.123 
182 NS_SS0897    (7)    3 :  0.091 0.401 0.087 0.079 0.228 0.112 
183 NS_SS0841   (14)    3 :  0.256 0.065 0.179 0.119 0.251 0.131 
184 NS_SS0797    (6)    3 :  0.139 0.216 0.182 0.140 0.256 0.067 
185 NS_SS0830   (10)    3 :  0.174 0.141 0.147 0.164 0.273 0.101 
186 NS_SS1011    (5)    3 :  0.087 0.062 0.178 0.403 0.171 0.099 
187 NS_SS0883    (5)    3 :  0.223 0.160 0.149 0.091 0.285 0.092 
188 NS_SS0782    (2)    3 :  0.159 0.156 0.118 0.095 0.131 0.341 
189 NS_SS0831    (5)    3 :  0.100 0.320 0.105 0.080 0.316 0.080 
190 NS_SS0749    (7)    3 :  0.140 0.130 0.092 0.121 0.329 0.188 
191 NS_SS0854    (2)    3 :  0.072 0.141 0.156 0.094 0.134 0.404 
192 HI_SS0193    (0)    4 :  0.064 0.216 0.071 0.103 0.234 0.313 
193 HI_SS0194    (0)    4 :  0.120 0.094 0.114 0.211 0.117 0.344 
194 HI_SS0195    (9)    4 :  0.232 0.050 0.090 0.206 0.303 0.120 
195 HI_SS0196    (6)    4 :  0.209 0.148 0.114 0.098 0.147 0.284 
196 HI_SS0197    (3)    4 :  0.215 0.090 0.072 0.485 0.054 0.085 
197 HI_SS0198    (1)    4 :  0.120 0.176 0.122 0.141 0.328 0.113 
198 HI_SS0199    (1)    4 :  0.118 0.188 0.090 0.134 0.145 0.324 
199 HI_SS0201    (4)    4 :  0.065 0.364 0.208 0.121 0.177 0.065 
200 HI_SS0215    (1)    4 :  0.113 0.327 0.180 0.192 0.121 0.068 
201 HI_SS0218    (1)    4 :  0.103 0.355 0.065 0.062 0.220 0.194 
202 HI_SS0222    (0)    4 :  0.221 0.137 0.064 0.153 0.225 0.199 
203 HI_SS0230    (1)    4 :  0.340 0.119 0.198 0.215 0.075 0.054 
204 HI_SS0234    (1)    4 :  0.118 0.132 0.137 0.194 0.080 0.341 
205 HI_SS0240    (1)    4 :  0.152 0.089 0.066 0.153 0.139 0.401 
206 HI_SS0241    (0)    4 :  0.104 0.270 0.188 0.180 0.138 0.120 
207 HI_SS0242    (0)    4 :  0.101 0.156 0.217 0.131 0.234 0.160 
208 HI_SS0247    (0)    4 :  0.122 0.132 0.373 0.167 0.136 0.070 
209 HI_SS0248    (1)    4 :  0.135 0.274 0.170 0.050 0.088 0.284 
210 HI_SS0252    (2)    4 :  0.091 0.082 0.174 0.091 0.222 0.340 
211 HI_SS0254    (1)    4 :  0.181 0.180 0.177 0.231 0.084 0.146 
212 HI_SS0256    (0)    4 :  0.145 0.026 0.273 0.244 0.114 0.199 
213 HI_SS0257    (0)    4 :  0.058 0.281 0.234 0.179 0.056 0.192 
214 HI_SS0258    (1)    4 :  0.130 0.316 0.180 0.086 0.139 0.148 
215 HI_SS0259    (1)    4 :  0.126 0.085 0.069 0.325 0.199 0.195 
216 HI_SS0260    (1)    4 :  0.227 0.297 0.086 0.124 0.097 0.168 
217 HI_SS0261    (2)    4 :  0.136 0.183 0.195 0.220 0.085 0.181 
218 HI_SS0262    (0)    4 :  0.186 0.103 0.103 0.190 0.284 0.134 
219 HI_SS0264    (1)    4 :  0.395 0.116 0.164 0.170 0.100 0.056 
220 HI_SS0265    (0)    4 :  0.160 0.110 0.124 0.278 0.238 0.090 
221 HI_SS0268    (1)    4 :  0.343 0.220 0.061 0.180 0.124 0.072 
222 HI_SS0269    (1)    4 :  0.048 0.357 0.108 0.224 0.063 0.200 
223 HI_SS0273    (0)    4 :  0.084 0.258 0.211 0.236 0.122 0.090 
224 HI_SS0277    (1)    4 :  0.197 0.075 0.119 0.411 0.127 0.071 
225 HI_SS0280    (0)    4 :  0.193 0.114 0.068 0.143 0.372 0.110 
226 HI_SS0282    (1)    4 :  0.071 0.184 0.209 0.142 0.240 0.155 
227 HI_SS0286    (1)    4 :  0.105 0.191 0.118 0.171 0.262 0.154 
228 NS_SS1252    (3)    5 :  0.082 0.420 0.149 0.061 0.147 0.142 
229 NS_SS1261    (1)    5 :  0.239 0.171 0.183 0.154 0.124 0.130 
230 NS_SS1225    (9)    5 :  0.071 0.219 0.436 0.103 0.081 0.091 
231 NS_SS1266    (1)    5 :  0.085 0.046 0.496 0.126 0.118 0.130 
232 NS_SS1228    (0)    5 :  0.208 0.082 0.085 0.121 0.401 0.104 
233 NS_SS1255    (2)    5 :  0.203 0.120 0.101 0.089 0.087 0.399 
234 NS_SS1267    (3)    5 :  0.111 0.468 0.061 0.107 0.127 0.125 
235 NS_SS1238    (6)    5 :  0.248 0.167 0.092 0.177 0.216 0.101 
236 NS_SS1233    (8)    5 :  0.165 0.073 0.492 0.093 0.109 0.068 
237 NS_SS1277    (3)    5 :  0.133 0.233 0.068 0.087 0.166 0.312 
238 NS_SS1245    (1)    5 :  0.116 0.183 0.284 0.113 0.084 0.220 
239 NS_SS1240    (4)    5 :  0.098 0.480 0.086 0.136 0.050 0.150 
240 NS_SS1275    (2)    5 :  0.168 0.045 0.154 0.314 0.208 0.111 
241 NS_SS1235    (1)    5 :  0.063 0.099 0.230 0.134 0.050 0.425 
242 NS_SS1263    (1)    5 :  0.180 0.072 0.306 0.093 0.114 0.235 
243 NS_SS1251    (1)    5 :  0.148 0.092 0.309 0.192 0.086 0.173 
244 NS_SS1248    (0)    5 :  0.207 0.130 0.103 0.081 0.441 0.039 
245 NS_SS1244    (0)    5 :  0.067 0.108 0.204 0.330 0.187 0.104 
246 NS_SS1257    (0)    5 :  0.102 0.289 0.118 0.088 0.185 0.218 
247 NS_SS1242    (2)    5 :  0.294 0.082 0.180 0.133 0.149 0.162 
248 NS_SS1271    (6)    5 :  0.076 0.394 0.076 0.146 0.166 0.141 
249 NS_SS1265    (1)    5 :  0.134 0.365 0.161 0.146 0.105 0.090 
250 NS_SS1243    (0)    5 :  0.175 0.093 0.120 0.083 0.321 0.208 
251 NS_SS1273    (1)    5 :  0.422 0.061 0.136 0.137 0.085 0.160 
252 NS_SS1254   (14)    5 :  0.220 0.077 0.390 0.121 0.080 0.112 
253 NS_SS1224    (1)    5 :  0.143 0.077 0.271 0.155 0.238 0.116 
254 NS_SS1227    (8)    5 :  0.220 0.268 0.083 0.229 0.060 0.140 
255 NS_SS1274    (8)    5 :  0.126 0.234 0.148 0.097 0.182 0.213 
256 NS_SS1241    (1)    5 :  0.100 0.205 0.254 0.141 0.162 0.138 
257 NS_SS1256    (3)    5 :  0.140 0.177 0.300 0.227 0.069 0.086 
258 NS_SS1260    (8)    5 :  0.115 0.280 0.136 0.142 0.142 0.185 
259 NS_SS1262    (0)    5 :  0.092 0.200 0.302 0.136 0.162 0.109 
260 NS_SS1230    (0)    5 :  0.204 0.202 0.185 0.127 0.155 0.127 
261 NS_SS1270    (2)    5 :  0.070 0.083 0.376 0.110 0.296 0.066 
262 NS_SS1229    (2)    5 :  0.085 0.064 0.106 0.268 0.061 0.417 
263 NS_SS1246    (5)    5 :  0.080 0.266 0.063 0.241 0.095 0.255 
264 NS_SS1269    (0)    5 :  0.193 0.112 0.167 0.149 0.190 0.189 
265 NS_SS1239    (1)    5 :  0.082 0.060 0.083 0.113 0.326 0.337 
266 NS_SS1272    (4)    5 :  0.179 0.105 0.167 0.391 0.078 0.080 
267 NS_SS1268    (1)    5 :  0.117 0.071 0.259 0.088 0.396 0.069 
268 NS_SS1249    (0)    5 :  0.076 0.370 0.122 0.080 0.113 0.239 
269 HI_SS0559    (0)    6 :  0.124 0.139 0.180 0.110 0.263 0.185 
270 HI_SS0563    (1)    6 :  0.145 0.139 0.180 0.217 0.135 0.184 
271 HI_SS0564    (0)    6 :  0.095 0.108 0.136 0.211 0.274 0.176 
272 HI_SS0565    (0)    6 :  0.149 0.212 0.144 0.336 0.088 0.071 
273 HI_SS0569    (0)    6 :  0.084 0.287 0.346 0.145 0.088 0.050 
274 HI_SS0570    (0)    6 :  0.120 0.316 0.065 0.129 0.199 0.172 
275 HI_SS0572    (1)    6 :  0.160 0.073 0.138 0.156 0.095 0.378 
276 HI_SS0576    (0)    6 :  0.265 0.071 0.104 0.116 0.304 0.139 
277 HI_SS0579    (1)    6 :  0.054 0.190 0.401 0.079 0.075 0.201 
278 HI_SS0580    (1)    6 :  0.208 0.270 0.104 0.092 0.128 0.199 
279 HI_SS0581    (0)    6 :  0.191 0.054 0.098 0.272 0.286 0.099 
280 HI_SS0583    (1)    6 :  0.175 0.344 0.148 0.107 0.053 0.174 
281 HI_SS0586    (1)    6 :  0.234 0.428 0.083 0.084 0.120 0.051 
282 HI_SS0588    (1)    6 :  0.117 0.234 0.294 0.087 0.102 0.167 
283 HI_SS0595    (4)    6 :  0.224 0.221 0.078 0.311 0.060 0.106 
284 HI_SS0596    (0)    6 :  0.263 0.066 0.137 0.075 0.086 0.374 
285 HI_SS0597    (1)    6 :  0.224 0.093 0.140 0.230 0.078 0.235 
286 HI_SS0600    (0)    6 :  0.089 0.180 0.099 0.317 0.135 0.181 
287 HI_SS0601    (1)    6 :  0.085 0.166 0.363 0.192 0.124 0.070 
288 HI_SS0602    (1)    6 :  0.228 0.275 0.105 0.076 0.220 0.096 
289 HI_SS0604    (0)    6 :  0.086 0.144 0.262 0.066 0.220 0.222 
290 HI_SS0605    (1)    6 :  0.073 0.147 0.100 0.122 0.413 0.144 
291 HI_SS0608    (0)    6 :  0.358 0.131 0.103 0.108 0.150 0.150 
292 HI_SS0609    (0)    6 :  0.190 0.080 0.349 0.193 0.062 0.127 
293 HI_SS0611    (5)    6 :  0.137 0.303 0.091 0.071 0.307 0.090 
294 HI_SS0612    (1)    6 :  0.056 0.121 0.329 0.243 0.049 0.202 
295 HI_SS0613    (1)    6 :  0.158 0.140 0.182 0.087 0.374 0.059 
296 HI_SS0615    (0)    6 :  0.217 0.050 0.078 0.149 0.247 0.259 
297 HI_SS0001    (1)    6 :  0.112 0.202 0.084 0.199 0.092 0.312 
298 HI_SS0002    (1)    6 :  0.200 0.077 0.259 0.208 0.082 0.174 
299 HI_SS0004    (0)    6 :  0.161 0.287 0.078 0.088 0.169 0.216 
300 HI_SS0005    (1)    6 :  0.228 0.106 0.105 0.137 0.356 0.068 
301 HI_SS0006    (1)    6 :  0.075 0.266 0.198 0.255 0.087 0.119 
302 HI_SS0007    (1)    6 :  0.083 0.222 0.075 0.058 0.425 0.137 
303 HI_SS0008    (0)    6 :  0.215 0.135 0.145 0.265 0.148 0.092 
304 HI_SS0009    (0)    6 :  0.200 0.072 0.131 0.070 0.264 0.263 
305 HI_SS0010    (1)    6 :  0.232 0.195 0.168 0.143 0.189 0.074 
306 HI_SS0011    (1)    6 :  0.161 0.086 0.364 0.215 0.127 0.046 
307 HI_SS0012    (0)    6 :  0.187 0.055 0.107 0.323 0.156 0.172 
308 HI_SS0017    (1)    6 :  0.134 0.081 0.099 0.112 0.143 0.431 
309 HI_SS0021    (1)    6 :  0.317 0.298 0.113 0.151 0.069 0.052 
310 HI_SS0024    (1)    6 :  0.285 0.086 0.067 0.218 0.194 0.150 
311 HI_SS0025    (1)    6 :  0.221 0.089 0.201 0.073 0.156 0.259 
312 HI_SS0027    (0)    6 :  0.109 0.210 0.236 0.071 0.244 0.131 
313 HI_SS0028    (0)    6 :  0.405 0.052 0.112 0.243 0.138 0.050 
314 HI_SS0029    (1)    6 :  0.422 0.176 0.056 0.130 0.086 0.131 
315 HI_SS0030    (2)    6 :  0.076 0.148 0.153 0.170 0.211 0.242 
316 HI_SS0031    (0)    6 :  0.156 0.093 0.165 0.348 0.060 0.177 
317 HI_SS0034    (0)    6 :  0.063 0.288 0.205 0.136 0.134 0.175 
318 HI_SS0036    (0)    6 :  0.142 0.354 0.046 0.184 0.184 0.090 
319 HI_SS0037    (1)    6 :  0.178 0.342 0.199 0.064 0.164 0.053 
320 HI_SS0039    (0)    6 :  0.218 0.249 0.094 0.160 0.228 0.052 
321 HI_SS0041    (1)    6 :  0.160 0.067 0.077 0.112 0.408 0.176 
322 HI_SS0042    (1)    6 :  0.303 0.075 0.148 0.194 0.136 0.143 
323 HI_SS0043    (1)    6 :  0.071 0.403 0.106 0.172 0.158 0.090 
324 HI_SS0044    (1)    6 :  0.278 0.225 0.051 0.111 0.077 0.259 
325 HI_SS0047    (1)    6 :  0.102 0.077 0.186 0.134 0.221 0.279 
326 HI_SS0049    (0)    6 :  0.197 0.100 0.216 0.076 0.118 0.293 
327 HI_SS0051    (1)    6 :  0.067 0.107 0.260 0.110 0.365 0.091 
328 HI_SS0053    (1)    6 :  0.069 0.315 0.123 0.235 0.126 0.132 
329 HI_SS0054    (4)    6 :  0.060 0.310 0.296 0.091 0.178 0.065 
330 HI_SS0057    (0)    6 :  0.138 0.107 0.172 0.170 0.308 0.105 
331 HI_SS0058    (0)    6 :  0.156 0.292 0.246 0.072 0.113 0.122 
332 HI_SS0060    (0)    6 :  0.142 0.106 0.187 0.187 0.292 0.087 
333 HI_SS0087    (1)    6 :  0.105 0.187 0.197 0.238 0.121 0.152 
334 HI_SS0091    (0)    6 :  0.064 0.371 0.104 0.286 0.070 0.105 
335 HI_SS0095    (1)    6 :  0.095 0.161 0.139 0.225 0.183 0.197 
336 HI_SS0097    (3)    6 :  0.080 0.091 0.449 0.143 0.107 0.129 
337 HI_SS0099    (0)    6 :  0.453 0.144 0.102 0.107 0.078 0.115 
338 HI_SS0103    (0)    6 :  0.114 0.114 0.117 0.227 0.111 0.317 
339 HI_SS0105    (1)    6 :  0.116 0.133 0.208 0.301 0.166 0.077 
340 HI_SS0107    (1)    6 :  0.116 0.055 0.114 0.192 0.125 0.398 
341 HI_SS0108    (1)    6 :  0.065 0.461 0.101 0.101 0.143 0.129 
342 HI_SS0110    (0)    6 :  0.128 0.160 0.078 0.360 0.071 0.203 
343 HI_SS0111    (1)    6 :  0.168 0.137 0.088 0.242 0.174 0.191 
344 HI_SS0112    (0)    6 :  0.129 0.422 0.074 0.105 0.143 0.127 
345 HI_SS0113    (1)    6 :  0.318 0.074 0.154 0.184 0.112 0.159 
346 HI_SS0114    (1)    6 :  0.116 0.278 0.171 0.148 0.218 0.069 
347 HI_SS0115    (1)    6 :  0.175 0.139 0.153 0.083 0.152 0.298 
348 HI_SS0116    (4)    6 :  0.237 0.321 0.080 0.082 0.045 0.235 
349 HI_SS0117    (0)    6 :  0.106 0.238 0.255 0.248 0.051 0.101 
350 HI_SS0118    (0)    6 :  0.161 0.238 0.182 0.236 0.083 0.100 
351 HI_SS0119    (1)    6 :  0.077 0.190 0.120 0.378 0.143 0.092 
352 HI_SS0120    (1)    6 :  0.099 0.055 0.102 0.247 0.084 0.412 
353 HI_SS0121    (1)    6 :  0.251 0.072 0.211 0.306 0.120 0.040 
354 HI_SS0122    (2)    6 :  0.141 0.147 0.162 0.212 0.228 0.110 
355 HI_SS0123    (0)    6 :  0.132 0.146 0.153 0.355 0.085 0.129 
356 HI_SS0124    (1)    6 :  0.282 0.062 0.098 0.105 0.180 0.273 
357 HI_SS0125    (1)    6 :  0.320 0.055 0.105 0.168 0.177 0.174 
358 HI_SS0126    (0)    6 :  0.189 0.359 0.080 0.100 0.083 0.189 
359 HI_SS0127    (0)    6 :  0.107 0.116 0.276 0.073 0.361 0.068 
360 HI_SS0128    (0)    6 :  0.174 0.112 0.182 0.146 0.074 0.312 
361 HI_SS0129    (1)    6 :  0.101 0.241 0.086 0.130 0.254 0.187 
362 HI_SS0131    (2)    6 :  0.153 0.216 0.283 0.085 0.211 0.052 
363 HI_SS0132    (0)    6 :  0.210 0.110 0.135 0.336 0.132 0.078 
364 HI_SS0133    (1)    6 :  0.068 0.435 0.073 0.097 0.166 0.161 
365 HI_SS0134    (1)    6 :  0.120 0.173 0.193 0.256 0.114 0.144 
366 HI_SS0142    (3)    6 :  0.094 0.102 0.226 0.346 0.122 0.110 
367 HI_SS0145    (0)    6 :  0.096 0.176 0.295 0.120 0.104 0.209 
368 HI_SS0146    (1)    6 :  0.096 0.209 0.220 0.135 0.175 0.164 
369 HI_SS0147    (1)    6 :  0.121 0.081 0.199 0.141 0.387 0.071 
370 HI_SS0149    (1)    6 :  0.189 0.138 0.152 0.385 0.084 0.051 
371 HI_SS0150    (2)    6 :  0.171 0.072 0.182 0.118 0.245 0.213 
372 HI_SS0151    (0)    6 :  0.064 0.110 0.090 0.081 0.267 0.389 
373 NS_SS1451    (1)    6 :  0.225 0.053 0.088 0.184 0.282 0.168 
374 NS_SS1404    (0)    6 :  0.188 0.108 0.124 0.139 0.354 0.087 
375 NS_SS1432    (2)    6 :  0.375 0.055 0.046 0.285 0.079 0.160 
376 NS_SS1405    (4)    6 :  0.405 0.146 0.090 0.097 0.096 0.166 
377 NS_SS1431   (10)    6 :  0.252 0.065 0.099 0.302 0.099 0.182 
378 NS_SS1402    (3)    6 :  0.107 0.154 0.136 0.278 0.139 0.187 
379 NS_SS1450    (3)    6 :  0.076 0.204 0.072 0.101 0.272 0.275 
380 NS_SS1396    (0)    6 :  0.298 0.145 0.134 0.151 0.175 0.096 
381 NS_SS1393    (5)    6 :  0.164 0.202 0.110 0.156 0.177 0.191 
382 NS_SS1392   (10)    6 :  0.196 0.085 0.053 0.089 0.235 0.342 
383 NS_SS1445    (0)    6 :  0.112 0.278 0.265 0.136 0.141 0.069 
384 NS_SS1423    (0)    6 :  0.121 0.187 0.112 0.243 0.065 0.271 
385 NS_SS1421    (9)    6 :  0.134 0.163 0.162 0.183 0.201 0.157 
386 NS_SS1411    (6)    6 :  0.126 0.274 0.096 0.063 0.364 0.078 
387 NS_SS1453    (5)    6 :  0.175 0.263 0.098 0.211 0.139 0.114 
388 NS_SS1442    (2)    6 :  0.155 0.145 0.337 0.091 0.115 0.157 
389 NS_SS1422    (1)    6 :  0.080 0.090 0.229 0.186 0.094 0.321 
390 NS_SS1419    (1)    6 :  0.148 0.115 0.413 0.079 0.191 0.053 
391 NS_SS1427    (0)    6 :  0.088 0.355 0.043 0.088 0.089 0.336 
392 NS_SS1444    (3)    6 :  0.232 0.105 0.313 0.056 0.194 0.101 
393 NS_SS1455    (0)    6 :  0.279 0.068 0.203 0.143 0.059 0.247 
394 NS_SS1425    (2)    6 :  0.083 0.388 0.161 0.108 0.177 0.083 
395 NS_SS1400    (0)    6 :  0.176 0.346 0.220 0.089 0.102 0.067 
396 NS_SS1406    (1)    6 :  0.214 0.054 0.297 0.287 0.069 0.079 
397 NS_SS1417    (6)    6 :  0.111 0.201 0.259 0.158 0.135 0.134 
398 NS_SS1454    (2)    6 :  0.235 0.251 0.107 0.244 0.119 0.045 
399 NS_SS1412    (1)    6 :  0.155 0.208 0.102 0.156 0.216 0.164 
400 NS_SS1438    (1)    6 :  0.059 0.327 0.236 0.108 0.174 0.097 
401 NS_SS1416    (4)    6 :  0.243 0.169 0.127 0.230 0.144 0.085 
402 NS_SS1401    (0)    6 :  0.214 0.168 0.168 0.260 0.081 0.110 
403 NS_SS1424    (6)    6 :  0.124 0.151 0.087 0.345 0.183 0.111 
404 NS_SS1435    (9)    6 :  0.271 0.120 0.057 0.150 0.170 0.232 
405 NS_SS1447    (4)    6 :  0.129 0.090 0.310 0.136 0.234 0.102 
406 NS_SS1414    (3)    6 :  0.243 0.093 0.300 0.085 0.189 0.090 
407 NS_SS1449   (14)    6 :  0.069 0.086 0.083 0.265 0.209 0.287 
408 NS_SS1443    (4)    6 :  0.054 0.239 0.148 0.153 0.093 0.312 
409 NS_SS1434    (1)    6 :  0.119 0.110 0.105 0.088 0.095 0.483 
410 NS_SS1398    (1)    6 :  0.295 0.118 0.097 0.134 0.170 0.187 
411 NS_SS1426    (1)    6 :  0.086 0.391 0.115 0.124 0.116 0.168 
412 NS_SS1413    (0)    6 :  0.126 0.254 0.178 0.096 0.106 0.241 
413 NS_SS1395    (1)    6 :  0.072 0.252 0.121 0.241 0.090 0.224 
414 NS_SS1448   (10)    6 :  0.139 0.183 0.076 0.089 0.399 0.114 
415 NS_SS1446    (0)    6 :  0.066 0.248 0.115 0.238 0.159 0.174 
416 NS_SS1403    (2)    6 :  0.221 0.098 0.067 0.383 0.087 0.144 
417 NS_SS1415    (0)    6 :  0.150 0.274 0.120 0.128 0.181 0.148 
418 NS_SS1437    (4)    6 :  0.311 0.116 0.116 0.258 0.117 0.081 
419 NS_SS1439    (2)    6 :  0.097 0.135 0.299 0.224 0.094 0.151 
420 NS_SS1441    (3)    6 :  0.184 0.241 0.168 0.128 0.080 0.200 
421 NS_SS1420    (2)    6 :  0.120 0.062 0.069 0.054 0.573 0.122 
422 NS_SS1394    (2)    6 :  0.315 0.092 0.101 0.155 0.264 0.073 
423 NS_SS1391    (7)    6 :  0.154 0.220 0.074 0.114 0.068 0.369 
424 NS_SS1410    (5)    6 :  0.206 0.223 0.128 0.174 0.094 0.174 
425 NS_SS1408    (1)    6 :  0.095 0.083 0.163 0.357 0.176 0.126 
426 NS_SS1409    (1)    6 :  0.187 0.208 0.099 0.125 0.069 0.313 
427 HI_SS0617    (1)    7 :  0.104 0.212 0.070 0.125 0.184 0.305 
428 HI_SS0618    (2)    7 :  0.281 0.101 0.123 0.117 0.186 0.193 
429 HI_SS0619    (0)    7 :  0.345 0.168 0.106 0.090 0.134 0.156 
430 HI_SS0620    (1)    7 :  0.044 0.283 0.082 0.044 0.384 0.163 
431 HI_SS0621    (3)    7 :  0.191 0.103 0.189 0.171 0.161 0.184 
432 HI_SS0622    (1)    7 :  0.131 0.139 0.286 0.125 0.210 0.110 
433 HI_SS0626    (0)    7 :  0.190 0.126 0.110 0.128 0.382 0.064 
434 HI_SS0627    (0)    7 :  0.237 0.085 0.100 0.302 0.122 0.155 
435 HI_SS0628    (3)    7 :  0.232 0.293 0.077 0.176 0.129 0.094 
436 HI_SS0629    (1)    7 :  0.232 0.211 0.189 0.170 0.112 0.086 
437 HI_SS0630    (1)    7 :  0.159 0.212 0.115 0.103 0.253 0.158 
438 HI_SS0631    (0)    7 :  0.146 0.211 0.121 0.100 0.266 0.155 
439 HI_SS0632    (0)    7 :  0.121 0.138 0.229 0.123 0.298 0.091 
440 HI_SS0633    (0)    7 :  0.277 0.112 0.139 0.057 0.090 0.325 
441 HI_SS0634    (1)    7 :  0.113 0.148 0.076 0.299 0.269 0.095 
442 HI_SS0635    (0)    7 :  0.288 0.094 0.187 0.171 0.145 0.115 
443 HI_SS0637    (1)    7 :  0.066 0.125 0.252 0.227 0.265 0.065 
444 HI_SS0638    (0)    7 :  0.169 0.169 0.130 0.136 0.196 0.200 
445 HI_SS0639    (1)    7 :  0.171 0.065 0.166 0.203 0.248 0.146 
446 HI_SS0640    (1)    7 :  0.134 0.126 0.278 0.138 0.120 0.204 
447 HI_SS0641    (1)    7 :  0.216 0.273 0.143 0.080 0.236 0.051 
448 HI_SS0642    (0)    7 :  0.182 0.060 0.080 0.460 0.096 0.121 
449 HI_SS0645    (0)    7 :  0.345 0.053 0.099 0.093 0.338 0.073 
450 HI_SS0646    (1)    7 :  0.080 0.124 0.166 0.187 0.087 0.356 
451 HI_SS0647    (1)    7 :  0.158 0.133 0.156 0.167 0.140 0.245 
452 HI_SS0648    (0)    7 :  0.192 0.152 0.177 0.156 0.151 0.172 
453 HI_SS0649    (1)    7 :  0.234 0.151 0.208 0.130 0.098 0.180 
454 HI_SS0650    (1)    7 :  0.135 0.078 0.085 0.127 0.142 0.433 
455 HI_SS0651    (1)    7 :  0.210 0.134 0.183 0.170 0.116 0.187 
456 HI_SS0652    (1)    7 :  0.136 0.066 0.120 0.073 0.469 0.135 
457 NS_SS1371    (3)    7 :  0.124 0.180 0.092 0.323 0.057 0.224 
458 NS_SS1374    (0)    7 :  0.128 0.261 0.056 0.234 0.237 0.084 
459 NS_SS1337    (3)    7 :  0.098 0.060 0.138 0.215 0.362 0.127 
460 NS_SS1385    (5)    7 :  0.141 0.103 0.149 0.223 0.101 0.284 
461 NS_SS1388    (0)    7 :  0.452 0.203 0.105 0.092 0.068 0.080 
462 NS_SS1370    (1)    7 :  0.079 0.054 0.105 0.076 0.607 0.079 
463 NS_SS1389    (3)    7 :  0.478 0.135 0.081 0.105 0.116 0.083 
464 NS_SS1360    (1)    7 :  0.148 0.212 0.221 0.137 0.209 0.073 
465 NS_SS1330    (0)    7 :  0.175 0.075 0.187 0.191 0.180 0.192 
466 NS_SS1328    (8)    7 :  0.085 0.228 0.096 0.160 0.088 0.343 
467 NS_SS1384    (1)    7 :  0.060 0.165 0.251 0.243 0.146 0.136 
468 NS_SS1381    (0)    7 :  0.146 0.048 0.130 0.111 0.112 0.453 
469 NS_SS1375    (1)    7 :  0.332 0.103 0.049 0.124 0.141 0.252 
470 NS_SS1319   (10)    7 :  0.171 0.152 0.112 0.231 0.171 0.163 
471 NS_SS1326    (2)    7 :  0.236 0.349 0.087 0.073 0.084 0.171 
472 NS_SS1341    (1)    7 :  0.079 0.234 0.272 0.242 0.093 0.080 
473 NS_SS1383    (1)    7 :  0.190 0.112 0.098 0.277 0.188 0.135 
474 NS_SS1318    (3)    7 :  0.146 0.140 0.204 0.098 0.227 0.186 
475 NS_SS1348    (2)    7 :  0.059 0.315 0.177 0.170 0.140 0.140 
476 NS_SS1363    (0)    7 :  0.232 0.099 0.192 0.174 0.217 0.086 
477 NS_SS1335    (4)    7 :  0.101 0.200 0.307 0.175 0.148 0.068 
478 NS_SS1358    (0)    7 :  0.038 0.168 0.229 0.263 0.126 0.176 
479 NS_SS1342    (1)    7 :  0.110 0.206 0.177 0.331 0.058 0.118 
480 NS_SS1320    (2)    7 :  0.244 0.032 0.211 0.079 0.057 0.378 
481 NS_SS1355    (1)    7 :  0.090 0.077 0.414 0.084 0.125 0.209 
482 NS_SS1345    (1)    7 :  0.057 0.053 0.511 0.129 0.111 0.140 
483 NS_SS1324    (0)    7 :  0.196 0.248 0.153 0.111 0.154 0.139 
484 NS_SS1347    (5)    7 :  0.174 0.109 0.158 0.241 0.129 0.190 
485 NS_SS1321    (4)    7 :  0.122 0.232 0.064 0.293 0.200 0.089 
486 NS_SS1333    (0)    7 :  0.262 0.283 0.041 0.241 0.088 0.086 
487 NS_SS1364    (1)    7 :  0.102 0.246 0.337 0.139 0.095 0.081 
488 NS_SS1379    (0)    7 :  0.153 0.117 0.151 0.147 0.177 0.255 
489 NS_SS1332    (0)    7 :  0.305 0.376 0.091 0.121 0.055 0.052 
490 NS_SS1338    (5)    7 :  0.143 0.236 0.100 0.163 0.247 0.111 
491 NS_SS1368    (6)    7 :  0.192 0.282 0.221 0.185 0.063 0.057 
492 NS_SS1354    (1)    7 :  0.192 0.140 0.222 0.232 0.121 0.093 
493 NS_SS1365    (0)    7 :  0.223 0.086 0.189 0.154 0.211 0.137 
494 NS_SS1380    (1)    7 :  0.184 0.077 0.378 0.127 0.149 0.086 
495 NS_SS1329    (8)    7 :  0.163 0.226 0.152 0.331 0.053 0.075 
496 NS_SS1362    (0)    7 :  0.110 0.162 0.181 0.202 0.089 0.256 
497 NS_SS1327    (2)    7 :  0.076 0.540 0.055 0.099 0.105 0.125 
498 NS_SS1350    (0)    7 :  0.097 0.148 0.051 0.140 0.116 0.449 
499 NS_SS1387    (2)    7 :  0.353 0.133 0.136 0.089 0.222 0.067 
500 NS_SS1369    (8)    7 :  0.065 0.212 0.256 0.100 0.277 0.090 
501 NS_SS1331    (1)    7 :  0.318 0.164 0.070 0.157 0.230 0.061 
502 NS_SS1357    (4)    7 :  0.092 0.156 0.083 0.110 0.063 0.495 
503 NS_SS1386    (1)    7 :  0.086 0.419 0.143 0.231 0.060 0.061 
504 NS_SS1353    (2)    7 :  0.227 0.124 0.101 0.174 0.090 0.285 
505 NS_SS1323    (0)    7 :  0.179 0.063 0.211 0.244 0.114 0.189 
506 HI_SS0296    (0)    8 :  0.107 0.172 0.124 0.054 0.384 0.159 
507 HI_SS0297    (0)    8 :  0.153 0.080 0.060 0.267 0.101 0.340 
508 HI_SS0299    (0)    8 :  0.053 0.150 0.212 0.180 0.224 0.180 
509 HI_SS0300    (0)    8 :  0.076 0.121 0.257 0.104 0.320 0.123 
510 HI_SS0301    (0)    8 :  0.185 0.117 0.178 0.179 0.304 0.036 
511 HI_SS0302    (0)    8 :  0.107 0.218 0.194 0.057 0.331 0.093 
512 HI_SS0303    (0)    8 :  0.209 0.323 0.109 0.091 0.084 0.184 
513 HI_SS0304    (0)    8 :  0.325 0.157 0.063 0.146 0.197 0.112 
514 HI_SS0306    (5)    8 :  0.083 0.286 0.104 0.089 0.325 0.112 
515 HI_SS0307    (1)    8 :  0.227 0.088 0.171 0.213 0.189 0.112 
516 HI_SS0308    (1)    8 :  0.260 0.100 0.208 0.207 0.128 0.097 
517 HI_SS0309    (0)    8 :  0.077 0.077 0.265 0.238 0.223 0.119 
518 HI_SS0310    (0)    8 :  0.267 0.166 0.180 0.093 0.104 0.190 
519 HI_SS0311    (3)    8 :  0.114 0.122 0.237 0.144 0.298 0.083 
520 HI_SS0314    (0)    8 :  0.363 0.152 0.089 0.120 0.058 0.219 
521 HI_SS0316    (1)    8 :  0.229 0.234 0.206 0.139 0.098 0.094 
522 HI_SS0317    (3)    8 :  0.165 0.105 0.097 0.324 0.202 0.106 
523 HI_SS0318    (1)    8 :  0.087 0.307 0.111 0.235 0.179 0.081 
524 HI_SS0319    (0)    8 :  0.085 0.416 0.182 0.099 0.054 0.164 
525 HI_SS0320    (3)    8 :  0.417 0.085 0.048 0.303 0.073 0.074 
526 HI_SS0321    (0)    8 :  0.133 0.167 0.087 0.263 0.144 0.206 
527 HI_SS0323    (1)    8 :  0.100 0.280 0.145 0.078 0.260 0.138 
528 HI_SS0325    (2)    8 :  0.083 0.235 0.170 0.085 0.339 0.088 
529 HI_SS0327    (1)    8 :  0.053 0.194 0.123 0.139 0.051 0.440 
530 HI_SS0329    (1)    8 :  0.292 0.119 0.118 0.180 0.205 0.087 
531 HI_SS0333    (1)    8 :  0.282 0.163 0.158 0.139 0.130 0.128 
532 HI_SS0334    (1)    8 :  0.056 0.263 0.183 0.179 0.206 0.112 
533 HI_SS0335    (1)    8 :  0.076 0.066 0.367 0.164 0.132 0.194 
534 HI_SS0339    (0)    8 :  0.175 0.103 0.365 0.090 0.158 0.110 
535 HI_SS0343    (2)    8 :  0.121 0.069 0.254 0.237 0.095 0.224 
536 HI_SS0344    (1)    8 :  0.059 0.484 0.085 0.124 0.118 0.130 
537 HI_SS0345    (3)    8 :  0.152 0.147 0.238 0.152 0.249 0.062 
538 HI_SS0346    (0)    8 :  0.167 0.193 0.062 0.293 0.198 0.087 
539 HI_SS0350    (1)    8 :  0.211 0.044 0.505 0.069 0.088 0.083 
540 HI_SS0351    (0)    8 :  0.066 0.112 0.412 0.182 0.105 0.123 
541 HI_SS0352    (3)    8 :  0.162 0.094 0.204 0.290 0.123 0.127 
542 HI_SS0362    (0)    8 :  0.237 0.111 0.107 0.086 0.396 0.063 
543 HI_SS0363    (1)    8 :  0.093 0.248 0.167 0.090 0.115 0.287 
544 HI_SS0365    (0)    8 :  0.166 0.255 0.131 0.205 0.073 0.171 
545 HI_SS0366    (0)    8 :  0.062 0.375 0.118 0.093 0.177 0.175 
546 HI_SS0367    (1)    8 :  0.323 0.078 0.251 0.123 0.105 0.119 
547 HI_SS0369    (1)    8 :  0.227 0.079 0.203 0.138 0.203 0.149 
548 HI_SS0370    (0)    8 :  0.068 0.092 0.116 0.169 0.093 0.462 
549 HI_SS0371    (4)    8 :  0.216 0.301 0.136 0.101 0.154 0.092 
550 HI_SS0373    (3)    8 :  0.306 0.153 0.123 0.122 0.173 0.124 
551 HI_SS0374    (0)    8 :  0.295 0.114 0.167 0.208 0.097 0.120 
552 HI_SS0377    (0)    8 :  0.055 0.160 0.387 0.172 0.171 0.055 
553 HI_SS0379    (1)    8 :  0.089 0.533 0.099 0.154 0.065 0.059 
554 HI_SS0380    (1)    8 :  0.172 0.114 0.232 0.174 0.149 0.159 
555 HI_SS0381    (2)    8 :  0.138 0.075 0.280 0.214 0.193 0.101 
556 HI_SS0384    (3)    8 :  0.146 0.219 0.055 0.148 0.145 0.287 
557 HI_SS0385    (1)    8 :  0.382 0.257 0.090 0.097 0.109 0.064 


Estimated Allele Frequencies in each cluster
First column gives estimated ancestral frequencies


Locus 1 : 
2 alleles
3.4% missing data
   1   (0.736) 0.754 0.722 0.716 0.798 0.683 0.758 
   2   (0.264) 0.246 0.278 0.284 0.202 0.317 0.242 

Locus 2 : 
2 alleles
4.3% missing data
   1   (0.882) 0.869 0.916 0.901 0.861 0.903 0.884 
   2   (0.118) 0.131 0.084 0.099 0.139 0.097 0.116 

Locus 3 : 
2 alleles
3.9% missing data
   1   (0.860) 0.856 0.865 0.890 0.873 0.859 0.859 
   2   (0.140) 0.144 0.135 0.110 0.127 0.141 0.141 

Locus 4 : 
2 alleles
2.7% missing data
   1   (0.886) 0.875 0.907 0.892 0.851 0.906 0.925 
