

----------------------------------------------------
STRUCTURE by Pritchard, Stephens and Donnelly (2000)
     and Falush, Stephens and Pritchard (2003)
       Code by Pritchard, Falush and Hubisz
             Version 2.3.4 (Jul 2012)
----------------------------------------------------



Command line arguments:   /home/genobiwan/Documents/Programs/Structure/structure -m parameter_job_k8_r3 
Input File:    /media/genobiwan/Storage/Projets/Mackerel_NWA_2021/data_job_k8_r3

Run parameters:
   557 individuals
   3930 loci
   8 populations assumed
   10000 Burn-in period
   100000 Reps


--------------------------------------------
Proportion of membership of each pre-defined
 population in each of the 8 clusters

Given    Inferred Clusters                                          Number of
 Pop       1      2      3      4      5      6      7      8      Individuals

  1:     0.133  0.115  0.128  0.132  0.113  0.142  0.129  0.108       67
  2:     0.138  0.141  0.114  0.126  0.160  0.109  0.107  0.105       32
  3:     0.119  0.136  0.115  0.131  0.114  0.134  0.137  0.114       92
  4:     0.105  0.128  0.137  0.135  0.132  0.107  0.113  0.144       36
  5:     0.108  0.122  0.123  0.105  0.130  0.134  0.139  0.139       41
  6:     0.124  0.121  0.126  0.126  0.125  0.123  0.122  0.134      158
  7:     0.130  0.125  0.133  0.129  0.123  0.118  0.119  0.125       79
  8:     0.123  0.124  0.125  0.121  0.108  0.141  0.124  0.134       52
--------------------------------------------

Allele-freq. divergence among pops (Net nucleotide distance),
computed using point estimates of P.

      1       2       3       4       5       6       7       8      
 1      -    0.0047  0.0043  0.0043  0.0055  0.0044  0.0045  0.0065  
 2   0.0047     -    0.0035  0.0038  0.0054  0.0034  0.0035  0.0057  
 3   0.0043  0.0035     -    0.0030  0.0044  0.0032  0.0025  0.0048  
 4   0.0043  0.0038  0.0030     -    0.0045  0.0030  0.0028  0.0045  
 5   0.0055  0.0054  0.0044  0.0045     -    0.0049  0.0044  0.0061  
 6   0.0044  0.0034  0.0032  0.0030  0.0049     -    0.0021  0.0046  
 7   0.0045  0.0035  0.0025  0.0028  0.0044  0.0021     -    0.0052  
 8   0.0065  0.0057  0.0048  0.0045  0.0061  0.0046  0.0052     -    

Average distances (expected heterozygosity) between individuals in same cluster:
cluster  1  : 0.3087 
cluster  2  : 0.3103 
cluster  3  : 0.3121 
cluster  4  : 0.3134 
cluster  5  : 0.3114 
cluster  6  : 0.3122 
cluster  7  : 0.3106 
cluster  8  : 0.3077 

--------------------------------------------
Estimated Ln Prob of Data   = -2152823.9
Mean value of ln likelihood = -2058578.8
Variance of ln likelihood   = 188490.0
Mean value of alpha         = 1.2357

Mean value of Fst_1         = 0.0619
Mean value of Fst_2         = 0.0511
Mean value of Fst_3         = 0.0539
Mean value of Fst_4         = 0.0479
Mean value of Fst_5         = 0.0650
Mean value of Fst_6         = 0.0514
Mean value of Fst_7         = 0.0536
Mean value of Fst_8         = 0.0656


Inferred ancestry of individuals:
        Label (%Miss) Pop:  Inferred clusters
  1 NS_SS0963    (4)    1 :  0.041 0.224 0.122 0.179 0.100 0.086 0.182 0.066 
  2 NS_SS0983    (1)    1 :  0.035 0.063 0.088 0.117 0.100 0.386 0.053 0.158 
  3 NS_SS0719    (8)    1 :  0.077 0.199 0.111 0.258 0.096 0.066 0.090 0.103 
  4 NS_SS1001    (8)    1 :  0.163 0.124 0.127 0.048 0.233 0.151 0.085 0.068 
  5 NS_SS0936    (4)    1 :  0.096 0.055 0.200 0.058 0.179 0.118 0.229 0.065 
  6 NS_SS0955    (5)    1 :  0.036 0.146 0.164 0.097 0.099 0.167 0.153 0.137 
  7 NS_SS0944    (3)    1 :  0.068 0.146 0.075 0.065 0.121 0.227 0.157 0.141 
  8 NS_SS0945    (3)    1 :  0.226 0.052 0.130 0.043 0.111 0.157 0.141 0.141 
  9 NS_SS0922    (2)    1 :  0.136 0.192 0.112 0.155 0.198 0.059 0.087 0.061 
 10 NS_SS0929    (7)    1 :  0.077 0.056 0.135 0.135 0.077 0.177 0.187 0.156 
 11 NS_SS0956    (2)    1 :  0.139 0.319 0.121 0.078 0.101 0.098 0.083 0.060 
 12 NS_SS0906    (3)    1 :  0.084 0.078 0.130 0.101 0.074 0.248 0.139 0.146 
 13 NS_SS0721    (6)    1 :  0.074 0.254 0.137 0.156 0.079 0.153 0.075 0.070 
 14 NS_SS0982    (4)    1 :  0.101 0.122 0.128 0.267 0.067 0.085 0.172 0.059 
 15 NS_SS0923    (5)    1 :  0.210 0.084 0.118 0.147 0.108 0.143 0.104 0.086 
 16 NS_SS0905    (6)    1 :  0.223 0.059 0.045 0.191 0.082 0.230 0.089 0.080 
 17 NS_SS0925    (3)    1 :  0.070 0.104 0.133 0.132 0.206 0.204 0.113 0.039 
 18 NS_SS0947    (5)    1 :  0.121 0.079 0.152 0.073 0.155 0.138 0.193 0.089 
 19 NS_SS0926    (2)    1 :  0.087 0.061 0.199 0.152 0.037 0.150 0.085 0.230 
 20 NS_SS0918    (6)    1 :  0.106 0.067 0.144 0.043 0.044 0.243 0.309 0.045 
 21 NS_SS0966    (4)    1 :  0.116 0.064 0.132 0.105 0.090 0.165 0.264 0.065 
 22 NS_SS0938    (2)    1 :  0.081 0.077 0.316 0.054 0.214 0.068 0.120 0.069 
 23 NS_SS0917    (2)    1 :  0.121 0.094 0.094 0.371 0.083 0.046 0.048 0.144 
 24 NS_SS0957   (11)    1 :  0.175 0.205 0.119 0.134 0.050 0.116 0.121 0.079 
 25 NS_SS0987    (1)    1 :  0.168 0.201 0.177 0.079 0.044 0.169 0.070 0.091 
 26 NS_SS0717    (4)    1 :  0.282 0.110 0.051 0.092 0.132 0.212 0.068 0.053 
 27 NS_SS0986    (2)    1 :  0.144 0.103 0.165 0.094 0.036 0.263 0.084 0.112 
 28 NS_SS0953    (4)    1 :  0.135 0.097 0.054 0.076 0.199 0.247 0.139 0.054 
 29 NS_SS0907    (3)    1 :  0.090 0.068 0.095 0.215 0.066 0.174 0.217 0.074 
 30 NS_SS0974    (6)    1 :  0.147 0.063 0.059 0.092 0.180 0.098 0.222 0.139 
 31 NS_SS0989    (1)    1 :  0.048 0.090 0.160 0.131 0.162 0.055 0.111 0.244 
 32 NS_SS0991    (2)    1 :  0.043 0.173 0.073 0.082 0.059 0.347 0.093 0.128 
 33 NS_SS0994    (2)    1 :  0.088 0.072 0.079 0.059 0.163 0.086 0.061 0.391 
 34 NS_SS0931    (6)    1 :  0.052 0.113 0.218 0.075 0.045 0.278 0.060 0.159 
 35 NS_SS1000    (5)    1 :  0.200 0.065 0.178 0.074 0.143 0.107 0.152 0.081 
 36 NS_SS0919    (1)    1 :  0.068 0.041 0.133 0.358 0.043 0.177 0.096 0.083 
 37 NS_SS0949    (3)    1 :  0.041 0.192 0.104 0.173 0.187 0.064 0.060 0.180 
 38 NS_SS0960   (10)    1 :  0.128 0.099 0.060 0.247 0.059 0.124 0.126 0.157 
 39 NS_SS0716    (2)    1 :  0.521 0.124 0.057 0.067 0.046 0.061 0.047 0.077 
 40 NS_SS0924    (8)    1 :  0.077 0.103 0.222 0.127 0.079 0.100 0.170 0.123 
 41 NS_SS0935    (1)    1 :  0.087 0.153 0.051 0.204 0.072 0.126 0.105 0.201 
 42 NS_SS0952   (13)    1 :  0.086 0.054 0.079 0.211 0.077 0.204 0.122 0.167 
 43 NS_SS0962   (10)    1 :  0.203 0.072 0.175 0.160 0.111 0.097 0.117 0.065 
 44 NS_SS0973    (5)    1 :  0.050 0.132 0.050 0.256 0.161 0.121 0.164 0.065 
 45 NS_SS0722    (1)    1 :  0.261 0.063 0.091 0.057 0.217 0.147 0.111 0.053 
 46 NS_SS0979   (13)    1 :  0.179 0.175 0.096 0.126 0.063 0.152 0.155 0.054 
 47 NS_SS0993    (2)    1 :  0.105 0.112 0.116 0.069 0.207 0.214 0.136 0.041 
 48 NS_SS0958    (1)    1 :  0.171 0.057 0.097 0.086 0.092 0.153 0.109 0.235 
 49 NS_SS0988    (4)    1 :  0.152 0.064 0.196 0.106 0.049 0.138 0.174 0.121 
 50 NS_SS1003    (2)    1 :  0.035 0.250 0.231 0.202 0.044 0.088 0.112 0.038 
 51 NS_SS0976    (0)    1 :  0.046 0.069 0.214 0.062 0.086 0.152 0.203 0.166 
 52 NS_SS0964   (10)    1 :  0.246 0.180 0.068 0.087 0.200 0.059 0.106 0.056 
 53 NS_SS0939    (4)    1 :  0.401 0.148 0.208 0.044 0.062 0.043 0.049 0.044 
 54 NS_SS0990    (6)    1 :  0.213 0.111 0.196 0.061 0.065 0.069 0.108 0.177 
 55 NS_SS0984    (2)    1 :  0.259 0.071 0.223 0.059 0.168 0.082 0.086 0.052 
 56 NS_SS0980    (9)    1 :  0.101 0.060 0.058 0.247 0.221 0.094 0.154 0.064 
 57 NS_SS0978    (4)    1 :  0.087 0.075 0.073 0.319 0.174 0.062 0.133 0.075 
 58 NS_SS0951   (17)    1 :  0.142 0.176 0.079 0.064 0.046 0.268 0.090 0.135 
 59 NS_SS0913    (3)    1 :  0.204 0.241 0.056 0.054 0.133 0.097 0.128 0.088 
 60 NS_SS1002    (1)    1 :  0.118 0.044 0.229 0.108 0.065 0.087 0.287 0.060 
 61 NS_SS0948    (1)    1 :  0.099 0.063 0.170 0.080 0.056 0.261 0.163 0.107 
 62 NS_SS0916    (4)    1 :  0.088 0.092 0.117 0.177 0.217 0.058 0.120 0.130 
 63 NS_SS0995    (1)    1 :  0.194 0.111 0.091 0.157 0.170 0.093 0.104 0.080 
 64 NS_SS0927    (6)    1 :  0.152 0.047 0.077 0.285 0.141 0.080 0.067 0.151 
 65 NS_SS0992    (5)    1 :  0.093 0.063 0.107 0.130 0.216 0.045 0.175 0.170 
 66 NS_SS0912    (1)    1 :  0.116 0.215 0.170 0.083 0.041 0.160 0.107 0.109 
 67 NS_SS0981    (1)    1 :  0.136 0.131 0.158 0.148 0.040 0.148 0.184 0.056 
 68 NS_SS0729    (5)    2 :  0.041 0.056 0.057 0.086 0.219 0.128 0.129 0.284 
 69 NS_SS0967   (14)    2 :  0.078 0.059 0.115 0.291 0.090 0.119 0.206 0.041 
 70 NS_SS0941    (7)    2 :  0.101 0.128 0.164 0.088 0.270 0.081 0.083 0.086 
 71 NS_SS0768   (12)    2 :  0.089 0.272 0.101 0.066 0.096 0.126 0.170 0.080 
 72 NS_SS0726    (4)    2 :  0.035 0.061 0.147 0.118 0.275 0.059 0.122 0.182 
 73 NS_SS0763    (4)    2 :  0.103 0.076 0.075 0.224 0.143 0.108 0.078 0.193 
 74 NS_SS0730    (6)    2 :  0.283 0.109 0.151 0.121 0.096 0.088 0.091 0.060 
 75 NS_SS0774    (1)    2 :  0.233 0.068 0.114 0.083 0.205 0.074 0.163 0.061 
 76 NS_SS0723    (3)    2 :  0.144 0.136 0.112 0.246 0.124 0.099 0.105 0.034 
 77 NS_SS0940    (9)    2 :  0.131 0.083 0.177 0.083 0.188 0.096 0.091 0.151 
 78 NS_SS0762    (1)    2 :  0.269 0.099 0.070 0.086 0.234 0.110 0.091 0.041 
 79 NS_SS0766   (11)    2 :  0.250 0.107 0.093 0.119 0.178 0.074 0.049 0.131 
 80 NS_SS0724    (1)    2 :  0.107 0.159 0.073 0.058 0.147 0.218 0.177 0.061 
 81 NS_SS0769    (3)    2 :  0.197 0.104 0.129 0.229 0.059 0.077 0.111 0.094 
 82 NS_SS0777    (2)    2 :  0.111 0.069 0.214 0.103 0.038 0.229 0.099 0.136 
 83 NS_SS0734    (6)    2 :  0.125 0.243 0.087 0.118 0.116 0.110 0.061 0.140 
 84 NS_SS0737    (3)    2 :  0.196 0.068 0.148 0.085 0.329 0.059 0.073 0.042 
 85 NS_SS0732    (5)    2 :  0.120 0.303 0.088 0.097 0.083 0.124 0.135 0.049 
 86 NS_SS0728    (5)    2 :  0.113 0.180 0.130 0.063 0.216 0.109 0.091 0.097 
 87 NS_SS0735    (9)    2 :  0.086 0.192 0.077 0.060 0.276 0.176 0.075 0.058 
 88 NS_SS0725    (1)    2 :  0.088 0.206 0.142 0.043 0.276 0.050 0.117 0.078 
 89 NS_SS0788    (2)    2 :  0.097 0.099 0.146 0.354 0.085 0.050 0.090 0.079 
 90 NS_SS0778    (2)    2 :  0.071 0.121 0.162 0.297 0.058 0.098 0.103 0.090 
 91 NS_SS0792    (6)    2 :  0.084 0.182 0.064 0.147 0.123 0.114 0.137 0.148 
 92 NS_SS0943   (11)    2 :  0.038 0.227 0.073 0.071 0.084 0.121 0.151 0.234 
 93 NS_SS0791    (2)    2 :  0.097 0.120 0.191 0.083 0.179 0.104 0.068 0.158 
 94 NS_SS0790    (5)    2 :  0.136 0.322 0.046 0.074 0.116 0.102 0.170 0.033 
 95 NS_SS0731    (6)    2 :  0.215 0.267 0.066 0.115 0.065 0.162 0.052 0.058 
 96 NS_SS0727    (6)    2 :  0.101 0.091 0.052 0.068 0.329 0.063 0.052 0.244 
 97 NS_SS0779   (12)    2 :  0.123 0.097 0.179 0.137 0.101 0.210 0.085 0.068 
 98 NS_SS0776    (3)    2 :  0.178 0.105 0.109 0.105 0.180 0.095 0.123 0.105 
 99 NS_SS0775    (5)    2 :  0.362 0.090 0.088 0.111 0.136 0.067 0.090 0.056 
100 NS_SS0965    (3)    3 :  0.082 0.209 0.143 0.142 0.060 0.157 0.144 0.063 
101 NS_SS0754   (13)    3 :  0.062 0.223 0.111 0.130 0.104 0.093 0.098 0.179 
102 NS_SS0838    (5)    3 :  0.150 0.062 0.162 0.074 0.120 0.133 0.201 0.097 
103 NS_SS0839    (3)    3 :  0.186 0.134 0.106 0.065 0.153 0.069 0.242 0.045 
104 NS_SS0832    (4)    3 :  0.125 0.165 0.140 0.115 0.078 0.183 0.162 0.033 
105 NS_SS0820    (4)    3 :  0.077 0.169 0.150 0.201 0.096 0.113 0.158 0.036 
106 NS_SS0886    (9)    3 :  0.107 0.179 0.130 0.137 0.081 0.109 0.090 0.167 
107 NS_SS0748    (5)    3 :  0.120 0.083 0.137 0.151 0.054 0.249 0.116 0.090 
108 NS_SS0884    (9)    3 :  0.085 0.149 0.085 0.152 0.155 0.079 0.173 0.122 
109 NS_SS0752    (3)    3 :  0.133 0.085 0.106 0.133 0.236 0.079 0.143 0.085 
110 NS_SS0862    (1)    3 :  0.070 0.267 0.083 0.112 0.108 0.201 0.115 0.044 
111 NS_SS0787    (9)    3 :  0.109 0.088 0.077 0.117 0.050 0.069 0.098 0.392 
112 NS_SS0843    (6)    3 :  0.075 0.175 0.041 0.252 0.168 0.133 0.084 0.071 
113 NS_SS0856    (4)    3 :  0.216 0.094 0.098 0.180 0.176 0.047 0.076 0.112 
114 NS_SS0846    (2)    3 :  0.048 0.048 0.084 0.229 0.147 0.175 0.148 0.121 
115 NS_SS0825    (1)    3 :  0.046 0.198 0.199 0.075 0.050 0.148 0.183 0.101 
116 NS_SS0757    (3)    3 :  0.073 0.191 0.145 0.119 0.069 0.173 0.129 0.100 
117 NS_SS0876    (3)    3 :  0.103 0.136 0.172 0.118 0.185 0.103 0.108 0.076 
118 NS_SS0903    (9)    3 :  0.107 0.053 0.066 0.187 0.238 0.152 0.158 0.038 
119 NS_SS0875    (7)    3 :  0.276 0.087 0.158 0.096 0.054 0.146 0.097 0.085 
120 NS_SS0740    (5)    3 :  0.092 0.120 0.069 0.141 0.177 0.192 0.127 0.082 
121 NS_SS0811    (5)    3 :  0.318 0.161 0.068 0.060 0.041 0.115 0.189 0.047 
122 NS_SS0751    (1)    3 :  0.201 0.066 0.128 0.159 0.155 0.122 0.086 0.084 
123 NS_SS0891    (6)    3 :  0.126 0.098 0.164 0.102 0.214 0.087 0.100 0.108 
124 NS_SS0867    (2)    3 :  0.030 0.197 0.142 0.191 0.059 0.124 0.151 0.106 
125 NS_SS0890    (6)    3 :  0.148 0.060 0.147 0.237 0.104 0.132 0.094 0.077 
126 NS_SS0866   (11)    3 :  0.071 0.092 0.091 0.066 0.110 0.098 0.086 0.385 
127 NS_SS0755    (4)    3 :  0.109 0.205 0.099 0.148 0.066 0.117 0.162 0.094 
128 NS_SS0758    (4)    3 :  0.083 0.080 0.103 0.126 0.215 0.223 0.091 0.078 
129 NS_SS0840    (2)    3 :  0.159 0.118 0.141 0.075 0.101 0.097 0.267 0.041 
130 NS_SS0889    (4)    3 :  0.068 0.236 0.097 0.040 0.063 0.090 0.130 0.276 
131 NS_SS1010    (1)    3 :  0.191 0.076 0.070 0.270 0.050 0.067 0.193 0.082 
132 NS_SS0888    (5)    3 :  0.085 0.127 0.095 0.114 0.167 0.035 0.072 0.304 
133 NS_SS0837    (3)    3 :  0.094 0.305 0.065 0.131 0.057 0.125 0.170 0.055 
134 NS_SS0794    (9)    3 :  0.160 0.097 0.075 0.096 0.139 0.121 0.086 0.225 
135 NS_SS0823    (4)    3 :  0.089 0.064 0.157 0.042 0.174 0.167 0.249 0.057 
136 NS_SS0829    (7)    3 :  0.080 0.114 0.060 0.049 0.038 0.327 0.129 0.203 
137 NS_SS0844    (5)    3 :  0.044 0.086 0.039 0.146 0.092 0.203 0.357 0.032 
138 NS_SS1008    (5)    3 :  0.223 0.092 0.066 0.057 0.155 0.073 0.095 0.239 
139 NS_SS0881    (3)    3 :  0.135 0.084 0.252 0.122 0.049 0.062 0.159 0.136 
140 NS_SS0834    (6)    3 :  0.111 0.101 0.136 0.065 0.334 0.074 0.122 0.056 
141 NS_SS0744   (10)    3 :  0.049 0.153 0.175 0.148 0.127 0.091 0.150 0.106 
142 NS_SS0899    (7)    3 :  0.195 0.135 0.066 0.054 0.066 0.265 0.169 0.050 
143 NS_SS0804    (4)    3 :  0.088 0.165 0.108 0.129 0.132 0.187 0.157 0.033 
144 NS_SS0781   (10)    3 :  0.150 0.054 0.151 0.139 0.078 0.174 0.218 0.036 
145 NS_SS0822    (6)    3 :  0.039 0.127 0.054 0.062 0.242 0.257 0.114 0.105 
146 NS_SS1004    (4)    3 :  0.061 0.122 0.097 0.237 0.089 0.185 0.153 0.056 
147 NS_SS0746    (5)    3 :  0.083 0.062 0.135 0.075 0.105 0.247 0.191 0.102 
148 NS_SS0880    (3)    3 :  0.082 0.145 0.161 0.094 0.140 0.085 0.235 0.058 
149 NS_SS0879    (4)    3 :  0.084 0.198 0.094 0.061 0.212 0.065 0.177 0.107 
150 NS_SS0753    (2)    3 :  0.098 0.122 0.151 0.102 0.065 0.185 0.120 0.157 
151 NS_SS1007    (2)    3 :  0.213 0.044 0.124 0.209 0.214 0.044 0.071 0.081 
152 NS_SS0872    (5)    3 :  0.202 0.088 0.099 0.208 0.111 0.099 0.119 0.073 
153 NS_SS1005    (7)    3 :  0.114 0.066 0.110 0.134 0.105 0.210 0.209 0.052 
154 NS_SS0892    (6)    3 :  0.133 0.102 0.133 0.141 0.119 0.160 0.110 0.102 
155 NS_SS0898    (0)    3 :  0.108 0.131 0.148 0.097 0.071 0.186 0.080 0.179 
156 NS_SS0801    (9)    3 :  0.104 0.168 0.158 0.084 0.059 0.179 0.159 0.090 
157 NS_SS0827    (8)    3 :  0.231 0.094 0.070 0.316 0.025 0.121 0.051 0.092 
158 NS_SS0853    (6)    3 :  0.312 0.113 0.047 0.108 0.040 0.094 0.157 0.128 
159 NS_SS0780    (2)    3 :  0.091 0.142 0.215 0.192 0.110 0.135 0.070 0.045 
160 NS_SS0826   (10)    3 :  0.039 0.090 0.191 0.060 0.059 0.225 0.245 0.091 
161 NS_SS0818    (5)    3 :  0.161 0.131 0.170 0.131 0.170 0.090 0.101 0.046 
162 NS_SS0745    (1)    3 :  0.302 0.222 0.124 0.046 0.175 0.038 0.046 0.047 
163 NS_SS0849    (3)    3 :  0.095 0.434 0.109 0.086 0.032 0.110 0.078 0.054 
164 NS_SS0739    (3)    3 :  0.177 0.194 0.142 0.146 0.086 0.065 0.105 0.086 
165 NS_SS0799    (1)    3 :  0.124 0.101 0.060 0.146 0.188 0.143 0.090 0.146 
166 NS_SS0756    (2)    3 :  0.097 0.099 0.236 0.094 0.057 0.153 0.218 0.046 
167 NS_SS0802    (2)    3 :  0.074 0.063 0.151 0.334 0.114 0.066 0.087 0.111 
168 NS_SS0747    (6)    3 :  0.079 0.070 0.136 0.185 0.098 0.145 0.207 0.080 
169 NS_SS0835    (1)    3 :  0.078 0.075 0.054 0.281 0.086 0.081 0.067 0.278 
170 NS_SS0742   (18)    3 :  0.102 0.141 0.103 0.145 0.128 0.174 0.158 0.050 
171 NS_SS0760    (9)    3 :  0.124 0.044 0.059 0.117 0.086 0.122 0.166 0.283 
172 NS_SS0803    (4)    3 :  0.049 0.080 0.065 0.105 0.196 0.242 0.219 0.044 
173 NS_SS0828   (13)    3 :  0.138 0.175 0.148 0.136 0.081 0.159 0.082 0.081 
174 NS_SS0865    (2)    3 :  0.048 0.212 0.106 0.276 0.043 0.076 0.142 0.097 
175 NS_SS0759    (4)    3 :  0.174 0.139 0.104 0.158 0.152 0.130 0.102 0.041 
176 NS_SS0851    (5)    3 :  0.106 0.481 0.106 0.059 0.055 0.055 0.085 0.053 
177 NS_SS0874   (16)    3 :  0.116 0.074 0.055 0.095 0.132 0.231 0.252 0.047 
178 NS_SS0761    (6)    3 :  0.044 0.134 0.134 0.060 0.053 0.245 0.107 0.223 
179 NS_SS0842   (25)    3 :  0.235 0.088 0.086 0.096 0.080 0.153 0.097 0.165 
180 NS_SS0785    (6)    3 :  0.095 0.147 0.087 0.127 0.099 0.147 0.141 0.156 
181 NS_SS0860   (11)    3 :  0.064 0.064 0.054 0.253 0.089 0.083 0.102 0.292 
182 NS_SS0897    (7)    3 :  0.087 0.144 0.079 0.074 0.081 0.105 0.074 0.356 
183 NS_SS0841   (14)    3 :  0.206 0.206 0.116 0.080 0.092 0.120 0.133 0.048 
184 NS_SS0797    (6)    3 :  0.087 0.158 0.170 0.111 0.043 0.160 0.111 0.160 
185 NS_SS0830   (10)    3 :  0.127 0.176 0.151 0.090 0.072 0.120 0.151 0.113 
186 NS_SS1011    (5)    3 :  0.050 0.128 0.209 0.140 0.098 0.061 0.260 0.055 
187 NS_SS0883    (5)    3 :  0.163 0.124 0.056 0.228 0.051 0.169 0.096 0.112 
188 NS_SS0782    (2)    3 :  0.185 0.092 0.073 0.054 0.226 0.114 0.086 0.170 
189 NS_SS0831    (5)    3 :  0.080 0.236 0.071 0.068 0.060 0.162 0.075 0.247 
190 NS_SS0749    (7)    3 :  0.098 0.214 0.152 0.102 0.132 0.092 0.090 0.121 
191 NS_SS0854    (2)    3 :  0.064 0.123 0.055 0.127 0.302 0.091 0.121 0.116 
192 HI_SS0193    (0)    4 :  0.040 0.227 0.122 0.042 0.231 0.062 0.079 0.196 
193 HI_SS0194    (0)    4 :  0.074 0.078 0.237 0.045 0.321 0.105 0.073 0.067 
194 HI_SS0195    (9)    4 :  0.144 0.276 0.168 0.107 0.110 0.071 0.091 0.033 
195 HI_SS0196    (6)    4 :  0.184 0.065 0.120 0.050 0.216 0.117 0.112 0.136 
196 HI_SS0197    (3)    4 :  0.071 0.038 0.344 0.240 0.075 0.070 0.101 0.059 
197 HI_SS0198    (1)    4 :  0.108 0.269 0.088 0.111 0.086 0.093 0.099 0.145 
198 HI_SS0199    (1)    4 :  0.101 0.083 0.062 0.204 0.215 0.051 0.082 0.201 
199 HI_SS0201    (4)    4 :  0.041 0.193 0.075 0.175 0.041 0.111 0.121 0.243 
200 HI_SS0215    (1)    4 :  0.074 0.106 0.088 0.207 0.037 0.175 0.094 0.220 
201 HI_SS0218    (1)    4 :  0.084 0.164 0.062 0.074 0.123 0.048 0.074 0.371 
202 HI_SS0222    (0)    4 :  0.154 0.203 0.174 0.111 0.129 0.076 0.046 0.108 
203 HI_SS0230    (1)    4 :  0.226 0.062 0.172 0.223 0.040 0.131 0.091 0.056 
204 HI_SS0234    (1)    4 :  0.062 0.055 0.178 0.127 0.276 0.069 0.128 0.103 
205 HI_SS0240    (1)    4 :  0.108 0.092 0.150 0.155 0.305 0.051 0.054 0.085 
206 HI_SS0241    (0)    4 :  0.065 0.083 0.136 0.221 0.070 0.090 0.161 0.174 
207 HI_SS0242    (0)    4 :  0.086 0.167 0.156 0.086 0.104 0.157 0.109 0.137 
208 HI_SS0247    (0)    4 :  0.073 0.093 0.135 0.039 0.083 0.222 0.269 0.085 
209 HI_SS0248    (1)    4 :  0.145 0.056 0.040 0.066 0.205 0.195 0.063 0.231 
210 HI_SS0252    (2)    4 :  0.083 0.169 0.087 0.052 0.264 0.179 0.102 0.063 
211 HI_SS0254    (1)    4 :  0.069 0.047 0.204 0.149 0.100 0.196 0.123 0.112 
212 HI_SS0256    (0)    4 :  0.106 0.110 0.071 0.197 0.181 0.056 0.260 0.020 
213 HI_SS0257    (0)    4 :  0.037 0.042 0.117 0.104 0.147 0.192 0.123 0.236 
214 HI_SS0258    (1)    4 :  0.094 0.115 0.090 0.078 0.108 0.139 0.098 0.278 
215 HI_SS0259    (1)    4 :  0.064 0.141 0.237 0.144 0.184 0.048 0.119 0.063 
216 HI_SS0260    (1)    4 :  0.214 0.082 0.060 0.156 0.104 0.059 0.072 0.253 
217 HI_SS0261    (2)    4 :  0.055 0.051 0.268 0.100 0.134 0.142 0.124 0.126 
218 HI_SS0262    (0)    4 :  0.138 0.263 0.074 0.204 0.097 0.044 0.091 0.089 
219 HI_SS0264    (1)    4 :  0.291 0.097 0.158 0.077 0.041 0.152 0.091 0.093 
220 HI_SS0265    (0)    4 :  0.079 0.226 0.138 0.268 0.074 0.058 0.083 0.074 
221 HI_SS0268    (1)    4 :  0.249 0.064 0.159 0.209 0.053 0.067 0.077 0.122 
222 HI_SS0269    (1)    4 :  0.034 0.052 0.072 0.203 0.151 0.093 0.099 0.296 
223 HI_SS0273    (0)    4 :  0.062 0.092 0.076 0.174 0.057 0.065 0.248 0.226 
224 HI_SS0277    (1)    4 :  0.060 0.095 0.290 0.140 0.055 0.101 0.191 0.067 
225 HI_SS0280    (0)    4 :  0.175 0.256 0.087 0.096 0.090 0.084 0.099 0.113 
226 HI_SS0282    (1)    4 :  0.051 0.201 0.123 0.072 0.133 0.116 0.140 0.163 
227 HI_SS0286    (1)    4 :  0.065 0.202 0.115 0.147 0.113 0.167 0.064 0.126 
228 NS_SS1252    (3)    5 :  0.069 0.074 0.094 0.066 0.086 0.178 0.103 0.330 
229 NS_SS1261    (1)    5 :  0.162 0.075 0.101 0.083 0.114 0.148 0.207 0.111 
230 NS_SS1225    (9)    5 :  0.058 0.056 0.082 0.166 0.074 0.203 0.221 0.140 
231 NS_SS1266    (1)    5 :  0.078 0.108 0.093 0.070 0.092 0.191 0.330 0.038 
232 NS_SS1228    (0)    5 :  0.177 0.268 0.104 0.101 0.078 0.081 0.122 0.068 
233 NS_SS1255    (2)    5 :  0.208 0.077 0.053 0.048 0.333 0.070 0.093 0.118 
234 NS_SS1267    (3)    5 :  0.076 0.117 0.099 0.126 0.086 0.074 0.043 0.378 
235 NS_SS1238    (6)    5 :  0.119 0.150 0.240 0.059 0.091 0.117 0.091 0.134 
236 NS_SS1233    (8)    5 :  0.140 0.061 0.129 0.044 0.043 0.338 0.195 0.051 
237 NS_SS1277    (3)    5 :  0.099 0.179 0.105 0.064 0.229 0.056 0.040 0.227 
238 NS_SS1245    (1)    5 :  0.080 0.055 0.156 0.056 0.147 0.291 0.108 0.106 
239 NS_SS1240    (4)    5 :  0.062 0.034 0.085 0.146 0.112 0.148 0.063 0.350 
240 NS_SS1275    (2)    5 :  0.069 0.157 0.309 0.095 0.087 0.050 0.197 0.034 
241 NS_SS1235    (1)    5 :  0.055 0.037 0.095 0.114 0.374 0.096 0.149 0.080 
242 NS_SS1263    (1)    5 :  0.177 0.066 0.076 0.046 0.224 0.211 0.156 0.045 
243 NS_SS1251    (1)    5 :  0.100 0.060 0.111 0.077 0.133 0.295 0.161 0.063 
244 NS_SS1248    (0)    5 :  0.098 0.312 0.247 0.052 0.033 0.112 0.063 0.083 
245 NS_SS1244    (0)    5 :  0.029 0.080 0.256 0.091 0.074 0.082 0.293 0.095 
246 NS_SS1257    (0)    5 :  0.080 0.131 0.105 0.087 0.147 0.103 0.071 0.275 
247 NS_SS1242    (2)    5 :  0.276 0.130 0.086 0.070 0.129 0.119 0.123 0.066 
248 NS_SS1271    (6)    5 :  0.058 0.102 0.131 0.173 0.087 0.073 0.052 0.325 
249 NS_SS1265    (1)    5 :  0.090 0.086 0.166 0.073 0.067 0.143 0.107 0.268 
250 NS_SS1243    (0)    5 :  0.165 0.231 0.072 0.062 0.152 0.171 0.067 0.081 
251 NS_SS1273    (1)    5 :  0.339 0.067 0.165 0.061 0.113 0.059 0.140 0.056 
252 NS_SS1254   (14)    5 :  0.184 0.065 0.066 0.094 0.075 0.215 0.244 0.056 
253 NS_SS1224    (1)    5 :  0.111 0.212 0.115 0.070 0.094 0.156 0.178 0.064 
254 NS_SS1227    (8)    5 :  0.168 0.041 0.088 0.373 0.081 0.069 0.049 0.131 
255 NS_SS1274    (8)    5 :  0.091 0.109 0.094 0.060 0.197 0.125 0.157 0.167 
256 NS_SS1241    (1)    5 :  0.062 0.159 0.077 0.139 0.094 0.124 0.180 0.166 
257 NS_SS1256    (3)    5 :  0.078 0.053 0.153 0.091 0.063 0.217 0.196 0.149 
258 NS_SS1260    (8)    5 :  0.099 0.065 0.060 0.227 0.129 0.081 0.115 0.224 
259 NS_SS1262    (0)    5 :  0.055 0.107 0.120 0.079 0.065 0.206 0.218 0.149 
260 NS_SS1230    (0)    5 :  0.145 0.102 0.124 0.101 0.090 0.080 0.173 0.184 
261 NS_SS1270    (2)    5 :  0.047 0.350 0.112 0.090 0.058 0.152 0.131 0.060 
262 NS_SS1229    (2)    5 :  0.045 0.034 0.113 0.098 0.368 0.107 0.191 0.043 
263 NS_SS1246    (5)    5 :  0.038 0.059 0.207 0.096 0.224 0.088 0.109 0.180 
264 NS_SS1269    (0)    5 :  0.144 0.130 0.123 0.147 0.125 0.080 0.172 0.079 
265 NS_SS1239    (1)    5 :  0.079 0.287 0.053 0.163 0.264 0.053 0.053 0.049 
266 NS_SS1272    (4)    5 :  0.060 0.077 0.223 0.292 0.065 0.077 0.146 0.060 
267 NS_SS1268    (1)    5 :  0.092 0.381 0.048 0.079 0.050 0.172 0.120 0.056 
268 NS_SS1249    (0)    5 :  0.068 0.071 0.092 0.080 0.163 0.083 0.085 0.358 
269 HI_SS0559    (0)    6 :  0.118 0.176 0.139 0.135 0.141 0.105 0.080 0.107 
270 HI_SS0563    (1)    6 :  0.081 0.080 0.146 0.123 0.137 0.223 0.118 0.093 
271 HI_SS0564    (0)    6 :  0.057 0.135 0.259 0.072 0.137 0.166 0.107 0.067 
272 HI_SS0565    (0)    6 :  0.104 0.063 0.120 0.294 0.062 0.131 0.112 0.115 
273 HI_SS0569    (0)    6 :  0.041 0.059 0.077 0.209 0.032 0.365 0.094 0.124 
274 HI_SS0570    (0)    6 :  0.083 0.164 0.110 0.118 0.138 0.098 0.051 0.237 
275 HI_SS0572    (1)    6 :  0.175 0.075 0.073 0.171 0.272 0.113 0.077 0.043 
276 HI_SS0576    (0)    6 :  0.176 0.200 0.245 0.066 0.105 0.083 0.072 0.053 
277 HI_SS0579    (1)    6 :  0.050 0.065 0.067 0.094 0.160 0.309 0.134 0.120 
278 HI_SS0580    (1)    6 :  0.216 0.108 0.068 0.089 0.135 0.071 0.072 0.240 
279 HI_SS0581    (0)    6 :  0.097 0.242 0.183 0.117 0.065 0.084 0.171 0.041 
280 HI_SS0583    (1)    6 :  0.174 0.032 0.049 0.134 0.096 0.184 0.102 0.228 
281 HI_SS0586    (1)    6 :  0.193 0.097 0.085 0.086 0.042 0.127 0.049 0.320 
282 HI_SS0588    (1)    6 :  0.081 0.078 0.059 0.165 0.095 0.292 0.094 0.136 
283 HI_SS0595    (4)    6 :  0.128 0.041 0.204 0.240 0.063 0.050 0.084 0.190 
284 HI_SS0596    (0)    6 :  0.290 0.076 0.055 0.075 0.284 0.080 0.084 0.055 
285 HI_SS0597    (1)    6 :  0.189 0.052 0.130 0.119 0.161 0.178 0.112 0.059 
286 HI_SS0600    (0)    6 :  0.049 0.108 0.106 0.336 0.113 0.065 0.105 0.118 
287 HI_SS0601    (1)    6 :  0.052 0.103 0.120 0.189 0.063 0.177 0.209 0.086 
288 HI_SS0602    (1)    6 :  0.211 0.118 0.065 0.187 0.071 0.110 0.063 0.176 
289 HI_SS0604    (0)    6 :  0.058 0.129 0.075 0.064 0.154 0.381 0.066 0.072 
290 HI_SS0605    (1)    6 :  0.056 0.310 0.151 0.081 0.109 0.106 0.057 0.130 
291 HI_SS0608    (0)    6 :  0.277 0.103 0.140 0.102 0.111 0.126 0.064 0.078 
292 HI_SS0609    (0)    6 :  0.160 0.062 0.076 0.100 0.083 0.179 0.268 0.073 
293 HI_SS0611    (5)    6 :  0.132 0.234 0.072 0.080 0.062 0.109 0.060 0.252 
294 HI_SS0612    (1)    6 :  0.047 0.039 0.054 0.137 0.166 0.164 0.257 0.135 
295 HI_SS0613    (1)    6 :  0.124 0.389 0.063 0.119 0.039 0.081 0.088 0.098 
296 HI_SS0615    (0)    6 :  0.191 0.118 0.151 0.124 0.197 0.072 0.106 0.041 
297 HI_SS0001    (1)    6 :  0.087 0.071 0.138 0.065 0.242 0.040 0.159 0.199 
298 HI_SS0002    (1)    6 :  0.146 0.066 0.070 0.211 0.118 0.171 0.173 0.045 
299 HI_SS0004    (0)    6 :  0.137 0.104 0.133 0.088 0.167 0.087 0.072 0.211 
300 HI_SS0005    (1)    6 :  0.144 0.257 0.187 0.145 0.041 0.052 0.083 0.090 
301 HI_SS0006    (1)    6 :  0.054 0.063 0.079 0.126 0.104 0.165 0.194 0.217 
302 HI_SS0007    (1)    6 :  0.061 0.446 0.051 0.037 0.098 0.055 0.043 0.208 
303 HI_SS0008    (0)    6 :  0.111 0.137 0.122 0.262 0.075 0.147 0.083 0.063 
304 HI_SS0009    (0)    6 :  0.155 0.246 0.083 0.076 0.223 0.116 0.049 0.052 
305 HI_SS0010    (1)    6 :  0.183 0.103 0.085 0.148 0.054 0.150 0.155 0.123 
306 HI_SS0011    (1)    6 :  0.083 0.089 0.220 0.068 0.040 0.205 0.222 0.073 
307 HI_SS0012    (0)    6 :  0.122 0.066 0.076 0.353 0.142 0.072 0.141 0.029 
308 HI_SS0017    (1)    6 :  0.112 0.108 0.172 0.039 0.350 0.078 0.061 0.080 
309 HI_SS0021    (1)    6 :  0.231 0.063 0.122 0.137 0.041 0.083 0.104 0.219 
310 HI_SS0024    (1)    6 :  0.190 0.160 0.210 0.085 0.128 0.068 0.092 0.067 
311 HI_SS0025    (1)    6 :  0.254 0.121 0.086 0.072 0.187 0.118 0.096 0.067 
312 HI_SS0027    (0)    6 :  0.090 0.120 0.110 0.108 0.102 0.182 0.146 0.143 
313 HI_SS0028    (0)    6 :  0.257 0.155 0.122 0.264 0.038 0.040 0.094 0.031 
314 HI_SS0029    (1)    6 :  0.362 0.048 0.151 0.054 0.104 0.051 0.068 0.164 
315 HI_SS0030    (2)    6 :  0.048 0.177 0.127 0.152 0.181 0.087 0.107 0.122 
316 HI_SS0031    (0)    6 :  0.084 0.044 0.095 0.425 0.099 0.103 0.096 0.052 
317 HI_SS0034    (0)    6 :  0.046 0.087 0.154 0.104 0.137 0.166 0.091 0.215 
318 HI_SS0036    (0)    6 :  0.075 0.102 0.282 0.081 0.063 0.043 0.059 0.295 
319 HI_SS0037    (1)    6 :  0.203 0.099 0.046 0.115 0.037 0.127 0.135 0.237 
320 HI_SS0039    (0)    6 :  0.153 0.230 0.087 0.105 0.039 0.049 0.103 0.234 
321 HI_SS0041    (1)    6 :  0.146 0.302 0.142 0.061 0.140 0.068 0.080 0.061 
322 HI_SS0042    (1)    6 :  0.176 0.116 0.269 0.055 0.115 0.080 0.121 0.067 
323 HI_SS0043    (1)    6 :  0.047 0.061 0.131 0.115 0.072 0.131 0.145 0.298 
324 HI_SS0044    (1)    6 :  0.264 0.066 0.067 0.111 0.178 0.038 0.050 0.224 
325 HI_SS0047    (1)    6 :  0.067 0.219 0.079 0.105 0.208 0.148 0.118 0.057 
326 HI_SS0049    (0)    6 :  0.173 0.070 0.101 0.062 0.237 0.152 0.121 0.083 
327 HI_SS0051    (1)    6 :  0.050 0.385 0.046 0.108 0.060 0.150 0.139 0.062 
328 HI_SS0053    (1)    6 :  0.042 0.068 0.146 0.215 0.088 0.099 0.117 0.224 
329 HI_SS0054    (4)    6 :  0.039 0.119 0.095 0.053 0.049 0.298 0.153 0.194 
330 HI_SS0057    (0)    6 :  0.083 0.207 0.167 0.044 0.096 0.171 0.165 0.066 
331 HI_SS0058    (0)    6 :  0.159 0.083 0.051 0.071 0.092 0.148 0.172 0.223 
332 HI_SS0060    (0)    6 :  0.057 0.122 0.280 0.156 0.070 0.153 0.098 0.064 
333 HI_SS0087    (1)    6 :  0.071 0.080 0.108 0.157 0.110 0.223 0.150 0.102 
334 HI_SS0091    (0)    6 :  0.041 0.048 0.113 0.165 0.073 0.087 0.163 0.310 
335 HI_SS0095    (1)    6 :  0.059 0.107 0.207 0.157 0.125 0.079 0.146 0.120 
336 HI_SS0097    (3)    6 :  0.058 0.075 0.078 0.125 0.098 0.319 0.192 0.055 
337 HI_SS0099    (0)    6 :  0.424 0.055 0.074 0.109 0.059 0.118 0.054 0.107 
338 HI_SS0103    (0)    6 :  0.090 0.119 0.085 0.149 0.267 0.076 0.120 0.095 
339 HI_SS0105    (1)    6 :  0.053 0.124 0.148 0.241 0.054 0.104 0.200 0.077 
340 HI_SS0107    (1)    6 :  0.090 0.112 0.163 0.066 0.367 0.076 0.091 0.035 
341 HI_SS0108    (1)    6 :  0.043 0.094 0.103 0.065 0.093 0.150 0.077 0.376 
342 HI_SS0110    (0)    6 :  0.063 0.059 0.178 0.139 0.155 0.045 0.204 0.157 
343 HI_SS0111    (1)    6 :  0.082 0.091 0.162 0.159 0.157 0.101 0.139 0.109 
344 HI_SS0112    (0)    6 :  0.080 0.077 0.132 0.098 0.111 0.103 0.054 0.345 
345 HI_SS0113    (1)    6 :  0.227 0.069 0.207 0.052 0.136 0.111 0.139 0.058 
346 HI_SS0114    (1)    6 :  0.085 0.104 0.115 0.117 0.042 0.270 0.087 0.180 
347 HI_SS0115    (1)    6 :  0.186 0.099 0.060 0.170 0.205 0.103 0.076 0.102 
348 HI_SS0116    (4)    6 :  0.262 0.041 0.047 0.078 0.172 0.099 0.060 0.242 
349 HI_SS0117    (0)    6 :  0.047 0.044 0.158 0.129 0.066 0.144 0.211 0.201 
350 HI_SS0118    (0)    6 :  0.155 0.050 0.081 0.185 0.070 0.118 0.144 0.198 
351 HI_SS0119    (1)    6 :  0.041 0.072 0.145 0.162 0.069 0.111 0.266 0.134 
352 HI_SS0120    (1)    6 :  0.069 0.083 0.220 0.042 0.364 0.052 0.128 0.042 
353 HI_SS0121    (1)    6 :  0.126 0.100 0.168 0.103 0.029 0.085 0.339 0.049 
354 HI_SS0122    (2)    6 :  0.117 0.145 0.128 0.161 0.073 0.060 0.192 0.125 
355 HI_SS0123    (0)    6 :  0.107 0.063 0.139 0.150 0.102 0.097 0.219 0.123 
356 HI_SS0124    (1)    6 :  0.279 0.115 0.072 0.095 0.245 0.057 0.089 0.047 
357 HI_SS0125    (1)    6 :  0.206 0.110 0.205 0.123 0.130 0.112 0.073 0.040 
358 HI_SS0126    (0)    6 :  0.185 0.076 0.063 0.080 0.123 0.053 0.074 0.345 
359 HI_SS0127    (0)    6 :  0.087 0.287 0.110 0.108 0.051 0.153 0.129 0.076 
360 HI_SS0128    (0)    6 :  0.101 0.047 0.176 0.105 0.216 0.158 0.103 0.094 
361 HI_SS0129    (1)    6 :  0.082 0.153 0.190 0.082 0.124 0.103 0.060 0.205 
362 HI_SS0131    (2)    6 :  0.119 0.083 0.101 0.138 0.036 0.278 0.101 0.144 
363 HI_SS0132    (0)    6 :  0.121 0.084 0.159 0.173 0.047 0.120 0.190 0.105 
364 HI_SS0133    (1)    6 :  0.043 0.101 0.129 0.064 0.138 0.075 0.058 0.392 
365 HI_SS0134    (1)    6 :  0.083 0.111 0.083 0.197 0.101 0.146 0.144 0.136 
366 HI_SS0142    (3)    6 :  0.057 0.076 0.136 0.303 0.068 0.130 0.167 0.062 
367 HI_SS0145    (0)    6 :  0.078 0.068 0.133 0.074 0.164 0.139 0.188 0.156 
368 HI_SS0146    (1)    6 :  0.085 0.176 0.041 0.159 0.118 0.131 0.112 0.177 
369 HI_SS0147    (1)    6 :  0.072 0.440 0.069 0.058 0.062 0.079 0.150 0.070 
370 HI_SS0149    (1)    6 :  0.067 0.046 0.287 0.072 0.038 0.042 0.313 0.135 
371 HI_SS0150    (2)    6 :  0.119 0.146 0.169 0.098 0.162 0.116 0.140 0.051 
372 HI_SS0151    (0)    6 :  0.050 0.210 0.049 0.112 0.320 0.103 0.053 0.103 
373 NS_SS1451    (1)    6 :  0.190 0.151 0.162 0.116 0.150 0.068 0.120 0.044 
374 NS_SS1404    (0)    6 :  0.159 0.381 0.078 0.086 0.062 0.052 0.082 0.099 
375 NS_SS1432    (2)    6 :  0.258 0.062 0.237 0.163 0.129 0.046 0.057 0.048 
376 NS_SS1405    (4)    6 :  0.377 0.056 0.102 0.062 0.117 0.068 0.080 0.137 
377 NS_SS1431   (10)    6 :  0.153 0.096 0.186 0.081 0.134 0.102 0.198 0.050 
378 NS_SS1402    (3)    6 :  0.092 0.088 0.125 0.206 0.141 0.079 0.147 0.123 
379 NS_SS1450    (3)    6 :  0.048 0.151 0.193 0.045 0.217 0.082 0.064 0.200 
380 NS_SS1396    (0)    6 :  0.214 0.117 0.125 0.128 0.086 0.101 0.130 0.099 
381 NS_SS1393    (5)    6 :  0.128 0.119 0.051 0.252 0.122 0.113 0.069 0.146 
382 NS_SS1392   (10)    6 :  0.145 0.200 0.141 0.078 0.270 0.063 0.041 0.063 
383 NS_SS1445    (0)    6 :  0.058 0.114 0.273 0.109 0.042 0.128 0.102 0.172 
384 NS_SS1423    (0)    6 :  0.066 0.057 0.126 0.212 0.222 0.069 0.110 0.137 
385 NS_SS1421    (9)    6 :  0.063 0.087 0.267 0.058 0.130 0.099 0.185 0.111 
386 NS_SS1411    (6)    6 :  0.096 0.261 0.063 0.062 0.060 0.239 0.050 0.169 
387 NS_SS1453    (5)    6 :  0.093 0.089 0.195 0.085 0.101 0.067 0.141 0.229 
388 NS_SS1442    (2)    6 :  0.119 0.069 0.073 0.079 0.122 0.343 0.129 0.067 
389 NS_SS1422    (1)    6 :  0.055 0.078 0.129 0.081 0.275 0.146 0.150 0.086 
390 NS_SS1419    (1)    6 :  0.112 0.091 0.081 0.041 0.041 0.260 0.312 0.062 
391 NS_SS1427    (0)    6 :  0.060 0.042 0.174 0.048 0.239 0.066 0.053 0.318 
392 NS_SS1444    (3)    6 :  0.223 0.187 0.098 0.118 0.070 0.124 0.116 0.065 
393 NS_SS1455    (0)    6 :  0.274 0.042 0.059 0.067 0.183 0.160 0.169 0.046 
394 NS_SS1425    (2)    6 :  0.052 0.107 0.061 0.129 0.061 0.244 0.092 0.254 
395 NS_SS1400    (0)    6 :  0.142 0.066 0.097 0.044 0.053 0.147 0.190 0.261 
396 NS_SS1406    (1)    6 :  0.132 0.043 0.170 0.117 0.074 0.144 0.288 0.032 
397 NS_SS1417    (6)    6 :  0.114 0.082 0.110 0.062 0.110 0.180 0.198 0.144 
398 NS_SS1454    (2)    6 :  0.126 0.066 0.170 0.041 0.029 0.081 0.275 0.213 
399 NS_SS1412    (1)    6 :  0.140 0.213 0.065 0.168 0.114 0.072 0.073 0.156 
400 NS_SS1438    (1)    6 :  0.037 0.160 0.069 0.141 0.067 0.237 0.088 0.203 
401 NS_SS1416    (4)    6 :  0.178 0.158 0.117 0.115 0.067 0.087 0.149 0.131 
402 NS_SS1401    (0)    6 :  0.109 0.065 0.173 0.232 0.099 0.101 0.120 0.099 
403 NS_SS1424    (6)    6 :  0.048 0.185 0.187 0.150 0.105 0.057 0.147 0.122 
404 NS_SS1435    (9)    6 :  0.183 0.136 0.120 0.215 0.151 0.080 0.035 0.080 
405 NS_SS1447    (4)    6 :  0.111 0.208 0.099 0.107 0.079 0.248 0.101 0.047 
406 NS_SS1414    (3)    6 :  0.254 0.159 0.130 0.060 0.074 0.141 0.117 0.064 
407 NS_SS1449   (14)    6 :  0.046 0.100 0.144 0.081 0.260 0.088 0.222 0.059 
408 NS_SS1443    (4)    6 :  0.045 0.055 0.050 0.140 0.230 0.106 0.149 0.226 
409 NS_SS1434    (1)    6 :  0.112 0.053 0.058 0.064 0.380 0.118 0.082 0.133 
410 NS_SS1398    (1)    6 :  0.275 0.086 0.147 0.082 0.136 0.096 0.078 0.099 
411 NS_SS1426    (1)    6 :  0.060 0.081 0.118 0.135 0.123 0.161 0.068 0.253 
412 NS_SS1413    (0)    6 :  0.093 0.080 0.098 0.075 0.194 0.117 0.116 0.226 
413 NS_SS1395    (1)    6 :  0.050 0.058 0.077 0.339 0.144 0.126 0.063 0.143 
414 NS_SS1448   (10)    6 :  0.097 0.258 0.207 0.043 0.079 0.062 0.061 0.193 
415 NS_SS1446    (0)    6 :  0.042 0.119 0.115 0.209 0.128 0.111 0.099 0.177 
416 NS_SS1403    (2)    6 :  0.126 0.055 0.150 0.286 0.114 0.069 0.147 0.054 
417 NS_SS1415    (0)    6 :  0.123 0.116 0.121 0.092 0.104 0.113 0.085 0.246 
418 NS_SS1437    (4)    6 :  0.158 0.099 0.231 0.145 0.064 0.094 0.126 0.084 
419 NS_SS1439    (2)    6 :  0.085 0.081 0.070 0.227 0.102 0.156 0.186 0.094 
420 NS_SS1441    (3)    6 :  0.128 0.041 0.101 0.151 0.142 0.113 0.155 0.169 
421 NS_SS1420    (2)    6 :  0.113 0.475 0.099 0.042 0.099 0.076 0.037 0.060 
422 NS_SS1394    (2)    6 :  0.242 0.159 0.148 0.154 0.056 0.104 0.090 0.047 
423 NS_SS1391    (7)    6 :  0.130 0.071 0.084 0.137 0.304 0.054 0.048 0.172 
424 NS_SS1410    (5)    6 :  0.136 0.059 0.161 0.097 0.131 0.121 0.142 0.154 
425 NS_SS1408    (1)    6 :  0.045 0.107 0.253 0.229 0.073 0.128 0.111 0.054 
426 NS_SS1409    (1)    6 :  0.159 0.056 0.080 0.103 0.233 0.067 0.137 0.166 
427 HI_SS0617    (1)    7 :  0.091 0.171 0.073 0.073 0.231 0.048 0.074 0.239 
428 HI_SS0618    (2)    7 :  0.246 0.110 0.106 0.084 0.144 0.169 0.074 0.067 
429 HI_SS0619    (0)    7 :  0.322 0.080 0.070 0.074 0.100 0.052 0.140 0.162 
430 HI_SS0620    (1)    7 :  0.047 0.283 0.062 0.064 0.130 0.071 0.055 0.287 
431 HI_SS0621    (3)    7 :  0.119 0.091 0.285 0.084 0.130 0.066 0.154 0.071 
432 HI_SS0622    (1)    7 :  0.101 0.166 0.197 0.060 0.075 0.075 0.201 0.125 
433 HI_SS0626    (0)    7 :  0.119 0.267 0.153 0.172 0.043 0.099 0.069 0.079 
434 HI_SS0627    (0)    7 :  0.133 0.084 0.179 0.146 0.140 0.151 0.111 0.056 
435 HI_SS0628    (3)    7 :  0.148 0.069 0.224 0.100 0.067 0.083 0.060 0.249 
436 HI_SS0629    (1)    7 :  0.140 0.081 0.136 0.189 0.058 0.097 0.157 0.141 
437 HI_SS0630    (1)    7 :  0.146 0.176 0.070 0.124 0.111 0.127 0.075 0.172 
438 HI_SS0631    (0)    7 :  0.089 0.161 0.134 0.105 0.121 0.171 0.065 0.155 
439 HI_SS0632    (0)    7 :  0.072 0.182 0.149 0.060 0.068 0.301 0.090 0.078 
440 HI_SS0633    (0)    7 :  0.332 0.042 0.067 0.082 0.192 0.090 0.081 0.115 
441 HI_SS0634    (1)    7 :  0.070 0.186 0.227 0.129 0.069 0.093 0.090 0.136 
442 HI_SS0635    (0)    7 :  0.230 0.114 0.131 0.155 0.069 0.164 0.090 0.046 
443 HI_SS0637    (1)    7 :  0.039 0.229 0.243 0.098 0.045 0.109 0.140 0.096 
444 HI_SS0638    (0)    7 :  0.104 0.141 0.169 0.062 0.176 0.086 0.130 0.132 
445 HI_SS0639    (1)    7 :  0.143 0.169 0.138 0.256 0.083 0.098 0.074 0.038 
446 HI_SS0640    (1)    7 :  0.079 0.090 0.105 0.169 0.148 0.267 0.080 0.062 
447 HI_SS0641    (1)    7 :  0.178 0.164 0.141 0.142 0.032 0.093 0.062 0.188 
448 HI_SS0642    (0)    7 :  0.076 0.082 0.235 0.226 0.120 0.075 0.145 0.042 
449 HI_SS0645    (0)    7 :  0.340 0.241 0.050 0.056 0.061 0.118 0.093 0.042 
450 HI_SS0646    (1)    7 :  0.063 0.084 0.074 0.177 0.260 0.068 0.166 0.109 
451 HI_SS0647    (1)    7 :  0.113 0.089 0.203 0.057 0.196 0.091 0.137 0.114 
452 HI_SS0648    (0)    7 :  0.119 0.142 0.117 0.132 0.148 0.135 0.087 0.120 
453 HI_SS0649    (1)    7 :  0.208 0.055 0.074 0.198 0.104 0.184 0.076 0.102 
454 HI_SS0650    (1)    7 :  0.111 0.111 0.095 0.123 0.335 0.084 0.079 0.061 
455 HI_SS0651    (1)    7 :  0.192 0.088 0.059 0.267 0.142 0.101 0.073 0.078 
456 HI_SS0652    (1)    7 :  0.115 0.402 0.109 0.085 0.102 0.076 0.058 0.052 
457 NS_SS1371    (3)    7 :  0.077 0.045 0.071 0.435 0.122 0.062 0.084 0.106 
458 NS_SS1374    (0)    7 :  0.063 0.201 0.228 0.113 0.057 0.043 0.071 0.224 
459 NS_SS1337    (3)    7 :  0.051 0.308 0.176 0.048 0.091 0.043 0.232 0.052 
460 NS_SS1385    (5)    7 :  0.108 0.124 0.067 0.216 0.211 0.089 0.110 0.075 
461 NS_SS1388    (0)    7 :  0.410 0.046 0.075 0.084 0.051 0.094 0.101 0.139 
462 NS_SS1370    (1)    7 :  0.060 0.512 0.066 0.049 0.063 0.099 0.108 0.042 
463 NS_SS1389    (3)    7 :  0.437 0.084 0.111 0.059 0.053 0.108 0.065 0.082 
464 NS_SS1360    (1)    7 :  0.110 0.121 0.105 0.167 0.057 0.233 0.085 0.121 
465 NS_SS1330    (0)    7 :  0.125 0.177 0.056 0.196 0.144 0.112 0.137 0.053 
466 NS_SS1328    (8)    7 :  0.052 0.047 0.198 0.075 0.273 0.081 0.076 0.199 
467 NS_SS1384    (1)    7 :  0.040 0.109 0.084 0.276 0.084 0.207 0.108 0.092 
468 NS_SS1381    (0)    7 :  0.153 0.083 0.066 0.067 0.374 0.097 0.124 0.037 
469 NS_SS1375    (1)    7 :  0.277 0.104 0.148 0.113 0.177 0.041 0.050 0.089 
470 NS_SS1319   (10)    7 :  0.116 0.090 0.182 0.110 0.110 0.069 0.207 0.115 
471 NS_SS1326    (2)    7 :  0.211 0.040 0.118 0.048 0.110 0.083 0.076 0.313 
472 NS_SS1341    (1)    7 :  0.036 0.059 0.124 0.151 0.065 0.230 0.197 0.138 
473 NS_SS1383    (1)    7 :  0.040 0.128 0.378 0.132 0.077 0.109 0.064 0.072 
