

----------------------------------------------------
STRUCTURE by Pritchard, Stephens and Donnelly (2000)
     and Falush, Stephens and Pritchard (2003)
       Code by Pritchard, Falush and Hubisz
             Version 2.3.4 (Jul 2012)
----------------------------------------------------



Command line arguments:   /home/genobiwan/Documents/Programs/Structure/structure -m parameter_job_k4_r2 
Input File:    /media/genobiwan/Storage/Projets/Mackerel_NWA_2021/data_job_k4_r2

Run parameters:
   557 individuals
   3930 loci
   4 populations assumed
   10000 Burn-in period
   100000 Reps


--------------------------------------------
Proportion of membership of each pre-defined
 population in each of the 4 clusters

Given    Inferred Clusters              Number of
 Pop       1      2      3      4      Individuals

  1:     0.273  0.238  0.230  0.260       67
  2:     0.225  0.302  0.209  0.264       32
  3:     0.273  0.226  0.230  0.271       92
  4:     0.256  0.246  0.275  0.224       36
  5:     0.269  0.234  0.261  0.236       41
  6:     0.247  0.246  0.263  0.244      158
  7:     0.249  0.250  0.249  0.252       79
  8:     0.251  0.222  0.268  0.259       52
--------------------------------------------

Allele-freq. divergence among pops (Net nucleotide distance),
computed using point estimates of P.

      1       2       3       4      
 1      -    0.0019  0.0020  0.0017  
 2   0.0019     -    0.0025  0.0022  
 3   0.0020  0.0025     -    0.0024  
 4   0.0017  0.0022  0.0024     -    

Average distances (expected heterozygosity) between individuals in same cluster:
cluster  1  : 0.3131 
cluster  2  : 0.3141 
cluster  3  : 0.3126 
cluster  4  : 0.3123 

--------------------------------------------
Estimated Ln Prob of Data   = -2069611.7
Mean value of ln likelihood = -2063319.2
Variance of ln likelihood   = 12585.2
Mean value of alpha         = 1.6675

Mean value of Fst_1         = 0.0183
Mean value of Fst_2         = 0.0236
Mean value of Fst_3         = 0.0234
Mean value of Fst_4         = 0.0215


Inferred ancestry of individuals:
        Label (%Miss) Pop:  Inferred clusters
  1 NS_SS0963    (4)    1 :  0.461 0.188 0.160 0.191 
  2 NS_SS0983    (1)    1 :  0.159 0.123 0.506 0.212 
  3 NS_SS0719    (8)    1 :  0.266 0.201 0.249 0.284 
  4 NS_SS1001    (8)    1 :  0.138 0.414 0.120 0.328 
  5 NS_SS0936    (4)    1 :  0.403 0.359 0.132 0.106 
  6 NS_SS0955    (5)    1 :  0.366 0.124 0.290 0.220 
  7 NS_SS0944    (3)    1 :  0.315 0.220 0.245 0.220 
  8 NS_SS0945    (3)    1 :  0.159 0.349 0.287 0.204 
  9 NS_SS0922    (2)    1 :  0.200 0.433 0.113 0.254 
 10 NS_SS0929    (7)    1 :  0.306 0.168 0.323 0.203 
 11 NS_SS0956    (2)    1 :  0.156 0.241 0.107 0.495 
 12 NS_SS0906    (3)    1 :  0.354 0.162 0.288 0.196 
 13 NS_SS0721    (6)    1 :  0.155 0.151 0.190 0.505 
 14 NS_SS0982    (4)    1 :  0.436 0.167 0.159 0.238 
 15 NS_SS0923    (5)    1 :  0.283 0.266 0.169 0.281 
 16 NS_SS0905    (6)    1 :  0.202 0.211 0.243 0.344 
 17 NS_SS0925    (3)    1 :  0.332 0.294 0.112 0.261 
 18 NS_SS0947    (5)    1 :  0.333 0.329 0.168 0.169 
 19 NS_SS0926    (2)    1 :  0.277 0.111 0.432 0.180 
 20 NS_SS0918    (6)    1 :  0.381 0.150 0.110 0.359 
 21 NS_SS0966    (4)    1 :  0.391 0.216 0.171 0.222 
 22 NS_SS0938    (2)    1 :  0.281 0.441 0.136 0.142 
 23 NS_SS0917    (2)    1 :  0.192 0.241 0.386 0.180 
 24 NS_SS0957   (11)    1 :  0.238 0.158 0.181 0.423 
 25 NS_SS0987    (1)    1 :  0.138 0.098 0.175 0.589 
 26 NS_SS0717    (4)    1 :  0.165 0.350 0.131 0.355 
 27 NS_SS0986    (2)    1 :  0.239 0.123 0.269 0.369 
 28 NS_SS0953    (4)    1 :  0.270 0.309 0.130 0.291 
 29 NS_SS0907    (3)    1 :  0.460 0.142 0.236 0.162 
 30 NS_SS0974    (6)    1 :  0.316 0.304 0.248 0.132 
 31 NS_SS0989    (1)    1 :  0.187 0.238 0.455 0.120 
 32 NS_SS0991    (2)    1 :  0.261 0.082 0.287 0.370 
 33 NS_SS0994    (2)    1 :  0.108 0.230 0.569 0.093 
 34 NS_SS0931    (6)    1 :  0.236 0.111 0.362 0.291 
 35 NS_SS1000    (5)    1 :  0.307 0.391 0.142 0.160 
 36 NS_SS0919    (1)    1 :  0.464 0.109 0.295 0.132 
 37 NS_SS0949    (3)    1 :  0.194 0.232 0.408 0.166 
 38 NS_SS0960   (10)    1 :  0.304 0.111 0.302 0.283 
 39 NS_SS0716    (2)    1 :  0.095 0.271 0.108 0.526 
 40 NS_SS0924    (8)    1 :  0.382 0.139 0.268 0.211 
 41 NS_SS0935    (1)    1 :  0.139 0.134 0.396 0.331 
 42 NS_SS0952   (13)    1 :  0.335 0.137 0.366 0.161 
 43 NS_SS0962   (10)    1 :  0.292 0.283 0.154 0.271 
 44 NS_SS0973    (5)    1 :  0.439 0.189 0.198 0.174 
 45 NS_SS0722    (1)    1 :  0.172 0.573 0.103 0.152 
 46 NS_SS0979   (13)    1 :  0.308 0.169 0.139 0.384 
 47 NS_SS0993    (2)    1 :  0.297 0.336 0.120 0.247 
 48 NS_SS0958    (1)    1 :  0.199 0.209 0.371 0.221 
 49 NS_SS0988    (4)    1 :  0.415 0.115 0.263 0.207 
 50 NS_SS1003    (2)    1 :  0.438 0.120 0.096 0.346 
 51 NS_SS0976    (0)    1 :  0.320 0.148 0.358 0.173 
 52 NS_SS0964   (10)    1 :  0.159 0.423 0.110 0.307 
 53 NS_SS0939    (4)    1 :  0.072 0.366 0.093 0.469 
 54 NS_SS0990    (6)    1 :  0.179 0.253 0.298 0.271 
 55 NS_SS0984    (2)    1 :  0.175 0.470 0.109 0.246 
 56 NS_SS0980    (9)    1 :  0.372 0.380 0.143 0.106 
 57 NS_SS0978    (4)    1 :  0.311 0.376 0.184 0.129 
 58 NS_SS0951   (17)    1 :  0.159 0.093 0.281 0.467 
 59 NS_SS0913    (3)    1 :  0.163 0.267 0.149 0.421 
 60 NS_SS1002    (1)    1 :  0.642 0.166 0.103 0.088 
 61 NS_SS0948    (1)    1 :  0.313 0.160 0.234 0.292 
 62 NS_SS0916    (4)    1 :  0.156 0.374 0.280 0.191 
 63 NS_SS0995    (1)    1 :  0.174 0.333 0.178 0.315 
 64 NS_SS0927    (6)    1 :  0.181 0.305 0.378 0.137 
 65 NS_SS0992    (5)    1 :  0.319 0.356 0.242 0.084 
 66 NS_SS0912    (1)    1 :  0.207 0.108 0.254 0.431 
 67 NS_SS0981    (1)    1 :  0.431 0.119 0.136 0.314 
 68 NS_SS0729    (5)    2 :  0.234 0.246 0.448 0.071 
 69 NS_SS0967   (14)    2 :  0.553 0.172 0.135 0.140 
 70 NS_SS0941    (7)    2 :  0.168 0.440 0.175 0.217 
 71 NS_SS0768   (12)    2 :  0.323 0.171 0.166 0.340 
 72 NS_SS0726    (4)    2 :  0.261 0.340 0.308 0.090 
 73 NS_SS0763    (4)    2 :  0.208 0.248 0.394 0.150 
 74 NS_SS0730    (6)    2 :  0.211 0.318 0.147 0.324 
 75 NS_SS0774    (1)    2 :  0.274 0.458 0.114 0.154 
 76 NS_SS0723    (3)    2 :  0.401 0.281 0.092 0.226 
 77 NS_SS0940    (9)    2 :  0.119 0.339 0.296 0.245 
 78 NS_SS0762    (1)    2 :  0.137 0.501 0.078 0.283 
 79 NS_SS0766   (11)    2 :  0.082 0.401 0.223 0.295 
 80 NS_SS0724    (1)    2 :  0.290 0.222 0.131 0.357 
 81 NS_SS0769    (3)    2 :  0.329 0.209 0.223 0.239 
 82 NS_SS0777    (2)    2 :  0.211 0.127 0.334 0.328 
 83 NS_SS0734    (6)    2 :  0.132 0.233 0.255 0.380 
 84 NS_SS0737    (3)    2 :  0.124 0.618 0.095 0.164 
 85 NS_SS0732    (5)    2 :  0.215 0.141 0.121 0.524 
 86 NS_SS0728    (5)    2 :  0.158 0.400 0.183 0.260 
 87 NS_SS0735    (9)    2 :  0.161 0.418 0.139 0.283 
 88 NS_SS0725    (1)    2 :  0.204 0.459 0.132 0.205 
 89 NS_SS0788    (2)    2 :  0.382 0.195 0.228 0.194 
 90 NS_SS0778    (2)    2 :  0.292 0.146 0.298 0.265 
 91 NS_SS0792    (6)    2 :  0.218 0.189 0.240 0.353 
 92 NS_SS0943   (11)    2 :  0.351 0.110 0.345 0.195 
 93 NS_SS0791    (2)    2 :  0.083 0.292 0.290 0.334 
 94 NS_SS0790    (5)    2 :  0.315 0.205 0.065 0.415 
 95 NS_SS0731    (6)    2 :  0.145 0.200 0.149 0.506 
 96 NS_SS0727    (6)    2 :  0.090 0.478 0.329 0.102 
 97 NS_SS0779   (12)    2 :  0.220 0.233 0.234 0.314 
 98 NS_SS0776    (3)    2 :  0.183 0.402 0.197 0.218 
 99 NS_SS0775    (5)    2 :  0.125 0.477 0.110 0.288 
100 NS_SS0965    (3)    3 :  0.342 0.125 0.147 0.386 
101 NS_SS0754   (13)    3 :  0.197 0.160 0.322 0.322 
102 NS_SS0838    (5)    3 :  0.292 0.273 0.261 0.174 
103 NS_SS0839    (3)    3 :  0.276 0.347 0.098 0.279 
104 NS_SS0832    (4)    3 :  0.407 0.208 0.079 0.306 
105 NS_SS0820    (4)    3 :  0.390 0.190 0.094 0.325 
106 NS_SS0886    (9)    3 :  0.195 0.175 0.321 0.309 
107 NS_SS0748    (5)    3 :  0.300 0.144 0.305 0.252 
108 NS_SS0884    (9)    3 :  0.313 0.258 0.227 0.202 
109 NS_SS0752    (3)    3 :  0.273 0.366 0.192 0.169 
110 NS_SS0862    (1)    3 :  0.217 0.166 0.099 0.518 
111 NS_SS0787    (9)    3 :  0.168 0.099 0.596 0.138 
112 NS_SS0843    (6)    3 :  0.259 0.247 0.235 0.259 
113 NS_SS0856    (4)    3 :  0.171 0.419 0.227 0.183 
114 NS_SS0846    (2)    3 :  0.439 0.222 0.253 0.086 
115 NS_SS0825    (1)    3 :  0.385 0.139 0.229 0.247 
116 NS_SS0757    (3)    3 :  0.231 0.154 0.288 0.327 
117 NS_SS0876    (3)    3 :  0.238 0.346 0.177 0.238 
118 NS_SS0903    (9)    3 :  0.407 0.357 0.105 0.131 
119 NS_SS0875    (7)    3 :  0.165 0.213 0.219 0.403 
120 NS_SS0740    (5)    3 :  0.241 0.296 0.207 0.257 
121 NS_SS0811    (5)    3 :  0.167 0.150 0.085 0.597 
122 NS_SS0751    (1)    3 :  0.180 0.357 0.203 0.260 
123 NS_SS0891    (6)    3 :  0.222 0.355 0.197 0.226 
124 NS_SS0867    (2)    3 :  0.468 0.095 0.257 0.180 
125 NS_SS0890    (6)    3 :  0.276 0.263 0.225 0.237 
126 NS_SS0866   (11)    3 :  0.138 0.186 0.531 0.145 
127 NS_SS0755    (4)    3 :  0.361 0.164 0.176 0.300 
128 NS_SS0758    (4)    3 :  0.216 0.367 0.219 0.198 
129 NS_SS0840    (2)    3 :  0.466 0.196 0.085 0.253 
130 NS_SS0889    (4)    3 :  0.162 0.124 0.392 0.322 
131 NS_SS1010    (1)    3 :  0.488 0.147 0.188 0.177 
132 NS_SS0888    (5)    3 :  0.121 0.277 0.441 0.161 
133 NS_SS0837    (3)    3 :  0.368 0.121 0.115 0.397 
134 NS_SS0794    (9)    3 :  0.129 0.304 0.371 0.195 
135 NS_SS0823    (4)    3 :  0.377 0.358 0.109 0.156 
136 NS_SS0829    (7)    3 :  0.168 0.074 0.442 0.316 
137 NS_SS0844    (5)    3 :  0.633 0.127 0.075 0.165 
138 NS_SS1008    (5)    3 :  0.125 0.344 0.333 0.198 
139 NS_SS0881    (3)    3 :  0.263 0.192 0.290 0.254 
140 NS_SS0834    (6)    3 :  0.202 0.529 0.132 0.137 
141 NS_SS0744   (10)    3 :  0.349 0.207 0.235 0.209 
142 NS_SS0899    (7)    3 :  0.172 0.162 0.099 0.567 
143 NS_SS0804    (4)    3 :  0.323 0.232 0.082 0.363 
144 NS_SS0781   (10)    3 :  0.423 0.236 0.102 0.238 
145 NS_SS0822    (6)    3 :  0.199 0.351 0.246 0.204 
146 NS_SS1004    (4)    3 :  0.457 0.181 0.161 0.200 
147 NS_SS0746    (5)    3 :  0.399 0.232 0.227 0.141 
148 NS_SS0880    (3)    3 :  0.378 0.268 0.151 0.203 
149 NS_SS0879    (4)    3 :  0.264 0.354 0.156 0.226 
150 NS_SS0753    (2)    3 :  0.235 0.109 0.308 0.348 
151 NS_SS1007    (2)    3 :  0.173 0.486 0.215 0.126 
152 NS_SS0872    (5)    3 :  0.327 0.310 0.149 0.214 
153 NS_SS1005    (7)    3 :  0.473 0.230 0.146 0.151 
154 NS_SS0892    (6)    3 :  0.212 0.266 0.245 0.277 
155 NS_SS0898    (0)    3 :  0.228 0.183 0.271 0.318 
156 NS_SS0801    (9)    3 :  0.244 0.131 0.214 0.411 
157 NS_SS0827    (8)    3 :  0.181 0.090 0.269 0.460 
158 NS_SS0853    (6)    3 :  0.158 0.105 0.243 0.494 
159 NS_SS0780    (2)    3 :  0.239 0.269 0.152 0.340 
160 NS_SS0826   (10)    3 :  0.579 0.098 0.176 0.148 
161 NS_SS0818    (5)    3 :  0.262 0.329 0.088 0.321 
162 NS_SS0745    (1)    3 :  0.087 0.440 0.074 0.398 
163 NS_SS0849    (3)    3 :  0.202 0.088 0.156 0.554 
164 NS_SS0739    (3)    3 :  0.180 0.236 0.232 0.352 
165 NS_SS0799    (1)    3 :  0.135 0.298 0.311 0.256 
166 NS_SS0756    (2)    3 :  0.521 0.143 0.095 0.241 
167 NS_SS0802    (2)    3 :  0.268 0.274 0.330 0.127 
168 NS_SS0747    (6)    3 :  0.416 0.197 0.210 0.177 
169 NS_SS0835    (1)    3 :  0.206 0.157 0.518 0.119 
170 NS_SS0742   (18)    3 :  0.308 0.231 0.176 0.285 
171 NS_SS0760    (9)    3 :  0.184 0.174 0.467 0.176 
172 NS_SS0803    (4)    3 :  0.479 0.286 0.097 0.138 
173 NS_SS0828   (13)    3 :  0.160 0.180 0.218 0.443 
174 NS_SS0865    (2)    3 :  0.377 0.101 0.230 0.292 
175 NS_SS0759    (4)    3 :  0.192 0.342 0.113 0.353 
176 NS_SS0851    (5)    3 :  0.170 0.148 0.114 0.567 
177 NS_SS0874   (16)    3 :  0.435 0.226 0.135 0.204 
178 NS_SS0761    (6)    3 :  0.233 0.096 0.400 0.271 
179 NS_SS0842   (25)    3 :  0.216 0.220 0.318 0.246 
180 NS_SS0785    (6)    3 :  0.303 0.194 0.301 0.202 
181 NS_SS0860   (11)    3 :  0.228 0.141 0.519 0.112 
182 NS_SS0897    (7)    3 :  0.118 0.132 0.526 0.224 
183 NS_SS0841   (14)    3 :  0.198 0.242 0.102 0.457 
184 NS_SS0797    (6)    3 :  0.244 0.101 0.310 0.345 
185 NS_SS0830   (10)    3 :  0.304 0.155 0.209 0.332 
186 NS_SS1011    (5)    3 :  0.555 0.159 0.111 0.175 
187 NS_SS0883    (5)    3 :  0.160 0.127 0.268 0.446 
188 NS_SS0782    (2)    3 :  0.145 0.439 0.240 0.177 
189 NS_SS0831    (5)    3 :  0.115 0.091 0.408 0.386 
190 NS_SS0749    (7)    3 :  0.132 0.246 0.247 0.375 
191 NS_SS0854    (2)    3 :  0.179 0.425 0.227 0.170 
192 HI_SS0193    (0)    4 :  0.124 0.316 0.321 0.239 
193 HI_SS0194    (0)    4 :  0.210 0.513 0.152 0.125 
194 HI_SS0195    (9)    4 :  0.225 0.221 0.087 0.467 
195 HI_SS0196    (6)    4 :  0.159 0.421 0.248 0.171 
196 HI_SS0197    (3)    4 :  0.464 0.242 0.181 0.112 
197 HI_SS0198    (1)    4 :  0.173 0.157 0.283 0.387 
198 HI_SS0199    (1)    4 :  0.149 0.399 0.328 0.124 
199 HI_SS0201    (4)    4 :  0.270 0.067 0.469 0.195 
200 HI_SS0215    (1)    4 :  0.273 0.075 0.449 0.203 
201 HI_SS0218    (1)    4 :  0.087 0.196 0.490 0.227 
202 HI_SS0222    (0)    4 :  0.147 0.298 0.240 0.315 
203 HI_SS0230    (1)    4 :  0.412 0.118 0.194 0.276 
204 HI_SS0234    (1)    4 :  0.307 0.405 0.207 0.081 
205 HI_SS0240    (1)    4 :  0.119 0.528 0.177 0.177 
206 HI_SS0241    (0)    4 :  0.265 0.165 0.389 0.181 
207 HI_SS0242    (0)    4 :  0.280 0.221 0.245 0.254 
208 HI_SS0247    (0)    4 :  0.428 0.134 0.185 0.253 
209 HI_SS0248    (1)    4 :  0.116 0.373 0.395 0.116 
210 HI_SS0252    (2)    4 :  0.164 0.402 0.139 0.295 
211 HI_SS0254    (1)    4 :  0.341 0.193 0.293 0.173 
212 HI_SS0256    (0)    4 :  0.476 0.292 0.046 0.185 
213 HI_SS0257    (0)    4 :  0.315 0.202 0.404 0.079 
214 HI_SS0258    (1)    4 :  0.159 0.183 0.397 0.261 
215 HI_SS0259    (1)    4 :  0.251 0.388 0.172 0.189 
216 HI_SS0260    (1)    4 :  0.155 0.287 0.428 0.131 
217 HI_SS0261    (2)    4 :  0.323 0.288 0.285 0.104 
218 HI_SS0262    (0)    4 :  0.239 0.229 0.178 0.354 
219 HI_SS0264    (1)    4 :  0.302 0.183 0.172 0.343 
220 HI_SS0265    (0)    4 :  0.320 0.175 0.193 0.312 
221 HI_SS0268    (1)    4 :  0.166 0.203 0.310 0.321 
222 HI_SS0269    (1)    4 :  0.230 0.173 0.522 0.076 
223 HI_SS0273    (0)    4 :  0.412 0.120 0.322 0.146 
224 HI_SS0277    (1)    4 :  0.568 0.110 0.152 0.170 
225 HI_SS0280    (0)    4 :  0.130 0.225 0.207 0.438 
226 HI_SS0282    (1)    4 :  0.258 0.183 0.329 0.230 
227 HI_SS0286    (1)    4 :  0.197 0.157 0.291 0.355 
228 NS_SS1252    (3)    5 :  0.125 0.137 0.554 0.183 
229 NS_SS1261    (1)    5 :  0.301 0.185 0.261 0.254 
230 NS_SS1225    (9)    5 :  0.425 0.112 0.309 0.154 
231 NS_SS1266    (1)    5 :  0.563 0.177 0.071 0.189 
232 NS_SS1228    (0)    5 :  0.125 0.169 0.149 0.558 
233 NS_SS1255    (2)    5 :  0.134 0.577 0.172 0.117 
234 NS_SS1267    (3)    5 :  0.088 0.119 0.617 0.176 
235 NS_SS1238    (6)    5 :  0.202 0.199 0.258 0.341 
236 NS_SS1233    (8)    5 :  0.431 0.124 0.107 0.338 
237 NS_SS1277    (3)    5 :  0.078 0.372 0.355 0.196 
238 NS_SS1245    (1)    5 :  0.282 0.275 0.294 0.149 
239 NS_SS1240    (4)    5 :  0.124 0.149 0.625 0.102 
240 NS_SS1275    (2)    5 :  0.425 0.239 0.085 0.252 
241 NS_SS1235    (1)    5 :  0.318 0.478 0.137 0.067 
242 NS_SS1263    (1)    5 :  0.262 0.389 0.121 0.229 
243 NS_SS1251    (1)    5 :  0.422 0.244 0.141 0.194 
244 NS_SS1248    (0)    5 :  0.108 0.075 0.168 0.649 
245 NS_SS1244    (0)    5 :  0.509 0.125 0.198 0.168 
246 NS_SS1257    (0)    5 :  0.146 0.236 0.413 0.206 
247 NS_SS1242    (2)    5 :  0.253 0.351 0.136 0.259 
248 NS_SS1271    (6)    5 :  0.131 0.156 0.556 0.158 
249 NS_SS1265    (1)    5 :  0.241 0.142 0.447 0.170 
250 NS_SS1243    (0)    5 :  0.100 0.298 0.151 0.451 
251 NS_SS1273    (1)    5 :  0.229 0.393 0.102 0.276 
252 NS_SS1254   (14)    5 :  0.369 0.209 0.147 0.274 
253 NS_SS1224    (1)    5 :  0.321 0.195 0.117 0.368 
254 NS_SS1227    (8)    5 :  0.209 0.251 0.425 0.115 
255 NS_SS1274    (8)    5 :  0.182 0.240 0.341 0.236 
256 NS_SS1241    (1)    5 :  0.389 0.159 0.279 0.173 
257 NS_SS1256    (3)    5 :  0.503 0.150 0.248 0.099 
258 NS_SS1260    (8)    5 :  0.213 0.212 0.437 0.138 
259 NS_SS1262    (0)    5 :  0.386 0.110 0.265 0.239 
260 NS_SS1230    (0)    5 :  0.294 0.198 0.277 0.230 
261 NS_SS1270    (2)    5 :  0.374 0.099 0.131 0.397 
262 NS_SS1229    (2)    5 :  0.309 0.517 0.113 0.062 
263 NS_SS1246    (5)    5 :  0.180 0.313 0.394 0.112 
264 NS_SS1269    (0)    5 :  0.246 0.284 0.179 0.290 
265 NS_SS1239    (1)    5 :  0.134 0.395 0.128 0.342 
266 NS_SS1272    (4)    5 :  0.542 0.142 0.183 0.133 
267 NS_SS1268    (1)    5 :  0.220 0.135 0.120 0.525 
268 NS_SS1249    (0)    5 :  0.122 0.268 0.507 0.103 
269 HI_SS0559    (0)    6 :  0.165 0.283 0.244 0.308 
270 HI_SS0563    (1)    6 :  0.332 0.212 0.217 0.239 
271 HI_SS0564    (0)    6 :  0.250 0.267 0.193 0.290 
272 HI_SS0565    (0)    6 :  0.360 0.158 0.329 0.152 
273 HI_SS0569    (0)    6 :  0.297 0.066 0.404 0.233 
274 HI_SS0570    (0)    6 :  0.112 0.184 0.461 0.243 
275 HI_SS0572    (1)    6 :  0.222 0.517 0.153 0.107 
276 HI_SS0576    (0)    6 :  0.141 0.251 0.119 0.489 
277 HI_SS0579    (1)    6 :  0.352 0.221 0.273 0.154 
278 HI_SS0580    (1)    6 :  0.129 0.315 0.343 0.212 
279 HI_SS0581    (0)    6 :  0.335 0.201 0.114 0.350 
280 HI_SS0583    (1)    6 :  0.160 0.260 0.473 0.107 
281 HI_SS0586    (1)    6 :  0.102 0.089 0.511 0.298 
282 HI_SS0588    (1)    6 :  0.252 0.198 0.335 0.215 
283 HI_SS0595    (4)    6 :  0.309 0.197 0.384 0.110 
284 HI_SS0596    (0)    6 :  0.121 0.618 0.105 0.155 
285 HI_SS0597    (1)    6 :  0.275 0.429 0.166 0.129 
286 HI_SS0600    (0)    6 :  0.279 0.205 0.325 0.191 
287 HI_SS0601    (1)    6 :  0.473 0.076 0.240 0.211 
288 HI_SS0602    (1)    6 :  0.107 0.171 0.328 0.395 
289 HI_SS0604    (0)    6 :  0.175 0.248 0.227 0.350 
290 HI_SS0605    (1)    6 :  0.131 0.216 0.270 0.382 
291 HI_SS0608    (0)    6 :  0.124 0.295 0.204 0.376 
292 HI_SS0609    (0)    6 :  0.469 0.238 0.137 0.156 
293 HI_SS0611    (5)    6 :  0.106 0.127 0.421 0.346 
294 HI_SS0612    (1)    6 :  0.473 0.242 0.205 0.080 
295 HI_SS0613    (1)    6 :  0.181 0.110 0.202 0.507 
296 HI_SS0615    (0)    6 :  0.183 0.423 0.098 0.296 
297 HI_SS0001    (1)    6 :  0.202 0.407 0.282 0.109 
298 HI_SS0002    (1)    6 :  0.462 0.254 0.116 0.169 
299 HI_SS0004    (0)    6 :  0.095 0.304 0.367 0.234 
300 HI_SS0005    (1)    6 :  0.185 0.113 0.163 0.539 
301 HI_SS0006    (1)    6 :  0.400 0.144 0.342 0.114 
302 HI_SS0007    (1)    6 :  0.080 0.151 0.283 0.486 
303 HI_SS0008    (0)    6 :  0.355 0.166 0.194 0.286 
304 HI_SS0009    (0)    6 :  0.100 0.372 0.107 0.422 
305 HI_SS0010    (1)    6 :  0.198 0.144 0.274 0.384 
306 HI_SS0011    (1)    6 :  0.533 0.102 0.135 0.231 
307 HI_SS0012    (0)    6 :  0.396 0.250 0.124 0.230 
308 HI_SS0017    (1)    6 :  0.122 0.599 0.133 0.146 
309 HI_SS0021    (1)    6 :  0.235 0.142 0.409 0.214 
310 HI_SS0024    (1)    6 :  0.203 0.313 0.156 0.328 
311 HI_SS0025    (1)    6 :  0.162 0.412 0.135 0.291 
312 HI_SS0027    (0)    6 :  0.157 0.168 0.343 0.332 
313 HI_SS0028    (0)    6 :  0.313 0.159 0.089 0.440 
314 HI_SS0029    (1)    6 :  0.140 0.342 0.251 0.267 
315 HI_SS0030    (2)    6 :  0.260 0.269 0.266 0.206 
316 HI_SS0031    (0)    6 :  0.450 0.267 0.166 0.116 
317 HI_SS0034    (0)    6 :  0.229 0.229 0.412 0.130 
318 HI_SS0036    (0)    6 :  0.118 0.144 0.485 0.253 
319 HI_SS0037    (1)    6 :  0.149 0.099 0.468 0.283 
320 HI_SS0039    (0)    6 :  0.174 0.101 0.319 0.407 
321 HI_SS0041    (1)    6 :  0.128 0.307 0.132 0.433 
322 HI_SS0042    (1)    6 :  0.285 0.315 0.125 0.275 
323 HI_SS0043    (1)    6 :  0.199 0.095 0.529 0.176 
324 HI_SS0044    (1)    6 :  0.094 0.446 0.315 0.145 
325 HI_SS0047    (1)    6 :  0.253 0.339 0.137 0.270 
326 HI_SS0049    (0)    6 :  0.174 0.463 0.164 0.199 
327 HI_SS0051    (1)    6 :  0.303 0.101 0.163 0.433 
328 HI_SS0053    (1)    6 :  0.224 0.169 0.492 0.115 
329 HI_SS0054    (4)    6 :  0.285 0.081 0.377 0.258 
330 HI_SS0057    (0)    6 :  0.208 0.181 0.159 0.452 
331 HI_SS0058    (0)    6 :  0.198 0.214 0.376 0.212 
332 HI_SS0060    (0)    6 :  0.283 0.129 0.187 0.401 
333 HI_SS0087    (1)    6 :  0.352 0.209 0.290 0.149 
334 HI_SS0091    (0)    6 :  0.291 0.114 0.521 0.075 
335 HI_SS0095    (1)    6 :  0.330 0.222 0.274 0.174 
336 HI_SS0097    (3)    6 :  0.532 0.148 0.152 0.168 
337 HI_SS0099    (0)    6 :  0.131 0.337 0.217 0.315 
338 HI_SS0103    (0)    6 :  0.290 0.394 0.205 0.111 
339 HI_SS0105    (1)    6 :  0.471 0.120 0.204 0.205 
340 HI_SS0107    (1)    6 :  0.223 0.560 0.092 0.125 
341 HI_SS0108    (1)    6 :  0.135 0.133 0.593 0.139 
342 HI_SS0110    (0)    6 :  0.376 0.266 0.262 0.096 
343 HI_SS0111    (1)    6 :  0.231 0.251 0.235 0.283 
344 HI_SS0112    (0)    6 :  0.121 0.159 0.562 0.158 
345 HI_SS0113    (1)    6 :  0.329 0.373 0.112 0.186 
346 HI_SS0114    (1)    6 :  0.161 0.090 0.361 0.388 
347 HI_SS0115    (1)    6 :  0.136 0.394 0.225 0.245 
348 HI_SS0116    (4)    6 :  0.102 0.384 0.408 0.106 
349 HI_SS0117    (0)    6 :  0.469 0.136 0.306 0.089 
350 HI_SS0118    (0)    6 :  0.292 0.180 0.384 0.144 
351 HI_SS0119    (1)    6 :  0.432 0.109 0.293 0.166 
352 HI_SS0120    (1)    6 :  0.243 0.556 0.105 0.096 
353 HI_SS0121    (1)    6 :  0.477 0.074 0.099 0.350 
354 HI_SS0122    (2)    6 :  0.310 0.177 0.253 0.260 
355 HI_SS0123    (0)    6 :  0.443 0.215 0.237 0.106 
356 HI_SS0124    (1)    6 :  0.120 0.515 0.093 0.272 
357 HI_SS0125    (1)    6 :  0.164 0.335 0.106 0.395 
358 HI_SS0126    (0)    6 :  0.123 0.306 0.448 0.124 
359 HI_SS0127    (0)    6 :  0.198 0.100 0.176 0.526 
360 HI_SS0128    (0)    6 :  0.277 0.403 0.194 0.125 
361 HI_SS0129    (1)    6 :  0.116 0.287 0.385 0.211 
362 HI_SS0131    (2)    6 :  0.258 0.081 0.280 0.380 
363 HI_SS0132    (0)    6 :  0.358 0.146 0.219 0.277 
364 HI_SS0133    (1)    6 :  0.093 0.182 0.567 0.158 
365 HI_SS0134    (1)    6 :  0.364 0.218 0.258 0.159 
366 HI_SS0142    (3)    6 :  0.507 0.119 0.178 0.195 
367 HI_SS0145    (0)    6 :  0.298 0.288 0.277 0.137 
368 HI_SS0146    (1)    6 :  0.246 0.182 0.309 0.264 
369 HI_SS0147    (1)    6 :  0.339 0.121 0.112 0.428 
370 HI_SS0149    (1)    6 :  0.573 0.104 0.210 0.113 
371 HI_SS0150    (2)    6 :  0.182 0.302 0.122 0.395 
372 HI_SS0151    (0)    6 :  0.112 0.408 0.238 0.242 
373 NS_SS1451    (1)    6 :  0.149 0.389 0.092 0.370 
374 NS_SS1404    (0)    6 :  0.190 0.172 0.171 0.467 
375 NS_SS1432    (2)    6 :  0.198 0.429 0.140 0.233 
376 NS_SS1405    (4)    6 :  0.176 0.389 0.223 0.212 
377 NS_SS1431   (10)    6 :  0.282 0.387 0.116 0.215 
378 NS_SS1402    (3)    6 :  0.369 0.246 0.261 0.123 
379 NS_SS1450    (3)    6 :  0.108 0.353 0.328 0.211 
380 NS_SS1396    (0)    6 :  0.280 0.216 0.224 0.280 
381 NS_SS1393    (5)    6 :  0.170 0.245 0.341 0.243 
382 NS_SS1392   (10)    6 :  0.082 0.476 0.141 0.302 
383 NS_SS1445    (0)    6 :  0.285 0.103 0.412 0.200 
384 NS_SS1423    (0)    6 :  0.295 0.307 0.302 0.096 
385 NS_SS1421    (9)    6 :  0.296 0.231 0.286 0.187 
386 NS_SS1411    (6)    6 :  0.086 0.116 0.323 0.475 
387 NS_SS1453    (5)    6 :  0.264 0.157 0.389 0.190 
388 NS_SS1442    (2)    6 :  0.264 0.236 0.217 0.283 
389 NS_SS1422    (1)    6 :  0.348 0.338 0.185 0.130 
390 NS_SS1419    (1)    6 :  0.299 0.117 0.160 0.424 
391 NS_SS1427    (0)    6 :  0.071 0.356 0.482 0.090 
392 NS_SS1444    (3)    6 :  0.199 0.240 0.161 0.400 
393 NS_SS1455    (0)    6 :  0.336 0.397 0.112 0.155 
394 NS_SS1425    (2)    6 :  0.184 0.089 0.520 0.206 
395 NS_SS1400    (0)    6 :  0.229 0.121 0.402 0.249 
396 NS_SS1406    (1)    6 :  0.583 0.156 0.091 0.170 
397 NS_SS1417    (6)    6 :  0.355 0.209 0.248 0.188 
398 NS_SS1454    (2)    6 :  0.304 0.113 0.341 0.242 
399 NS_SS1412    (1)    6 :  0.179 0.248 0.318 0.255 
400 NS_SS1438    (1)    6 :  0.194 0.082 0.463 0.261 
401 NS_SS1416    (4)    6 :  0.269 0.184 0.253 0.294 
402 NS_SS1401    (0)    6 :  0.358 0.220 0.284 0.138 
403 NS_SS1424    (6)    6 :  0.368 0.186 0.274 0.172 
404 NS_SS1435    (9)    6 :  0.117 0.339 0.207 0.337 
405 NS_SS1447    (4)    6 :  0.307 0.184 0.158 0.351 
406 NS_SS1414    (3)    6 :  0.220 0.218 0.131 0.431 
407 NS_SS1449   (14)    6 :  0.266 0.373 0.181 0.180 
408 NS_SS1443    (4)    6 :  0.227 0.310 0.383 0.079 
409 NS_SS1434    (1)    6 :  0.123 0.577 0.207 0.093 
410 NS_SS1398    (1)    6 :  0.136 0.405 0.172 0.288 
411 NS_SS1426    (1)    6 :  0.173 0.173 0.481 0.173 
412 NS_SS1413    (0)    6 :  0.203 0.325 0.342 0.129 
413 NS_SS1395    (1)    6 :  0.273 0.200 0.392 0.135 
414 NS_SS1448   (10)    6 :  0.103 0.232 0.270 0.395 
415 NS_SS1446    (0)    6 :  0.256 0.208 0.391 0.145 
416 NS_SS1403    (2)    6 :  0.310 0.265 0.212 0.212 
417 NS_SS1415    (0)    6 :  0.163 0.203 0.365 0.269 
418 NS_SS1437    (4)    6 :  0.329 0.208 0.200 0.262 
419 NS_SS1439    (2)    6 :  0.434 0.194 0.224 0.147 
420 NS_SS1441    (3)    6 :  0.235 0.291 0.349 0.124 
421 NS_SS1420    (2)    6 :  0.066 0.172 0.101 0.660 
422 NS_SS1394    (2)    6 :  0.181 0.207 0.133 0.478 
423 NS_SS1391    (7)    6 :  0.136 0.455 0.315 0.094 
424 NS_SS1410    (5)    6 :  0.240 0.248 0.342 0.171 
425 NS_SS1408    (1)    6 :  0.401 0.194 0.162 0.244 
426 NS_SS1409    (1)    6 :  0.160 0.454 0.298 0.088 
427 HI_SS0617    (1)    7 :  0.130 0.385 0.317 0.168 
428 HI_SS0618    (2)    7 :  0.153 0.315 0.166 0.366 
429 HI_SS0619    (0)    7 :  0.149 0.342 0.238 0.271 
430 HI_SS0620    (1)    7 :  0.098 0.172 0.442 0.288 
431 HI_SS0621    (3)    7 :  0.304 0.304 0.158 0.235 
432 HI_SS0622    (1)    7 :  0.344 0.224 0.195 0.237 
433 HI_SS0626    (0)    7 :  0.130 0.114 0.214 0.542 
434 HI_SS0627    (0)    7 :  0.303 0.303 0.180 0.215 
435 HI_SS0628    (3)    7 :  0.157 0.182 0.408 0.253 
436 HI_SS0629    (1)    7 :  0.284 0.132 0.320 0.265 
437 HI_SS0630    (1)    7 :  0.144 0.238 0.313 0.306 
438 HI_SS0631    (0)    7 :  0.155 0.181 0.290 0.374 
439 HI_SS0632    (0)    7 :  0.203 0.134 0.202 0.462 
440 HI_SS0633    (0)    7 :  0.131 0.549 0.174 0.146 
441 HI_SS0634    (1)    7 :  0.232 0.186 0.242 0.339 
442 HI_SS0635    (0)    7 :  0.232 0.222 0.135 0.411 
443 HI_SS0637    (1)    7 :  0.408 0.095 0.225 0.272 
444 HI_SS0638    (0)    7 :  0.208 0.317 0.220 0.255 
445 HI_SS0639    (1)    7 :  0.255 0.257 0.148 0.340 
446 HI_SS0640    (1)    7 :  0.240 0.272 0.207 0.281 
447 HI_SS0641    (1)    7 :  0.121 0.091 0.367 0.422 
448 HI_SS0642    (0)    7 :  0.415 0.249 0.142 0.194 
449 HI_SS0645    (0)    7 :  0.106 0.219 0.087 0.589 
450 HI_SS0646    (1)    7 :  0.308 0.419 0.182 0.091 
451 HI_SS0647    (1)    7 :  0.268 0.341 0.189 0.203 
452 HI_SS0648    (0)    7 :  0.233 0.264 0.224 0.279 
453 HI_SS0649    (1)    7 :  0.218 0.284 0.271 0.227 
454 HI_SS0650    (1)    7 :  0.141 0.560 0.148 0.151 
455 HI_SS0651    (1)    7 :  0.264 0.289 0.215 0.232 
456 HI_SS0652    (1)    7 :  0.103 0.257 0.117 0.523 
457 NS_SS1371    (3)    7 :  0.317 0.267 0.328 0.089 
458 NS_SS1374    (0)    7 :  0.176 0.174 0.398 0.252 
459 NS_SS1337    (3)    7 :  0.335 0.234 0.100 0.331 
460 NS_SS1385    (5)    7 :  0.271 0.397 0.198 0.134 
461 NS_SS1388    (0)    7 :  0.150 0.300 0.282 0.267 
462 NS_SS1370    (1)    7 :  0.147 0.087 0.090 0.676 
463 NS_SS1389    (3)    7 :  0.120 0.299 0.177 0.404 
464 NS_SS1360    (1)    7 :  0.213 0.112 0.303 0.372 
465 NS_SS1330    (0)    7 :  0.276 0.262 0.114 0.348 
466 NS_SS1328    (8)    7 :  0.151 0.470 0.297 0.082 
467 NS_SS1384    (1)    7 :  0.375 0.130 0.263 0.232 
468 NS_SS1381    (0)    7 :  0.173 0.610 0.087 0.130 
469 NS_SS1375    (1)    7 :  0.091 0.453 0.157 0.300 
470 NS_SS1319   (10)    7 :  0.260 0.260 0.230 0.250 
471 NS_SS1326    (2)    7 :  0.099 0.290 0.469 0.142 
472 NS_SS1341    (1)    7 :  0.383 0.110 0.351 0.157 
473 NS_SS1383    (1)    7 :  0.305 0.172 0.227 0.296 
474 NS_SS1318    (3)    7 :  0.178 0.238 0.209 0.376 
475 NS_SS1348    (2)    7 :  0.264 0.124 0.445 0.166 
476 NS_SS1363    (0)    7 :  0.348 0.176 0.136 0.340 
477 NS_SS1335    (4)    7 :  0.400 0.082 0.266 0.252 
478 NS_SS1358    (0)    7 :  0.443 0.161 0.267 0.129 
479 NS_SS1342    (1)    7 :  0.468 0.150 0.312 0.070 
480 NS_SS1320    (2)    7 :  0.219 0.626 0.059 0.097 
481 NS_SS1355    (1)    7 :  0.349 0.267 0.152 0.232 
482 NS_SS1345    (1)    7 :  0.521 0.174 0.093 0.212 
483 NS_SS1324    (0)    7 :  0.209 0.188 0.352 0.251 
484 NS_SS1347    (5)    7 :  0.373 0.240 0.211 0.176 
485 NS_SS1321    (4)    7 :  0.308 0.143 0.377 0.172 
486 NS_SS1333    (0)    7 :  0.201 0.203 0.416 0.180 
487 NS_SS1364    (1)    7 :  0.369 0.128 0.348 0.155 
488 NS_SS1379    (0)    7 :  0.202 0.374 0.198 0.226 
489 NS_SS1332    (0)    7 :  0.198 0.139 0.490 0.174 
490 NS_SS1338    (5)    7 :  0.151 0.127 0.318 0.404 
491 NS_SS1368    (6)    7 :  0.388 0.138 0.367 0.107 
492 NS_SS1354    (1)    7 :  0.459 0.176 0.194 0.171 
493 NS_SS1365    (0)    7 :  0.253 0.269 0.146 0.332 
494 NS_SS1380    (1)    7 :  0.461 0.155 0.123 0.261 
495 NS_SS1329    (8)    7 :  0.497 0.136 0.301 0.065 
496 NS_SS1362    (0)    7 :  0.329 0.302 0.230 0.139 
497 NS_SS1327    (2)    7 :  0.071 0.130 0.666 0.133 
498 NS_SS1350    (0)    7 :  0.101 0.544 0.279 0.075 
499 NS_SS1387    (2)    7 :  0.135 0.141 0.194 0.530 
500 NS_SS1369    (8)    7 :  0.281 0.133 0.320 0.266 
501 NS_SS1331    (1)    7 :  0.163 0.172 0.276 0.389 
502 NS_SS1357    (4)    7 :  0.109 0.584 0.239 0.069 
503 NS_SS1386    (1)    7 :  0.305 0.097 0.522 0.077 
504 NS_SS1353    (2)    7 :  0.194 0.459 0.208 0.139 
505 NS_SS1323    (0)    7 :  0.417 0.288 0.112 0.183 
506 HI_SS0296    (0)    8 :  0.103 0.197 0.304 0.397 
507 HI_SS0297    (0)    8 :  0.235 0.434 0.165 0.166 
508 HI_SS0299    (0)    8 :  0.324 0.174 0.249 0.253 
509 HI_SS0300    (0)    8 :  0.176 0.198 0.229 0.398 
510 HI_SS0301    (0)    8 :  0.233 0.073 0.170 0.523 
511 HI_SS0302    (0)    8 :  0.151 0.110 0.294 0.445 
512 HI_SS0303    (0)    8 :  0.146 0.310 0.420 0.124 
513 HI_SS0304    (0)    8 :  0.124 0.334 0.206 0.336 
514 HI_SS0306    (5)    8 :  0.150 0.147 0.370 0.332 
515 HI_SS0307    (1)    8 :  0.339 0.236 0.151 0.274 
516 HI_SS0308    (1)    8 :  0.345 0.147 0.158 0.349 
517 HI_SS0309    (0)    8 :  0.463 0.149 0.143 0.245 
518 HI_SS0310    (0)    8 :  0.170 0.344 0.239 0.247 
519 HI_SS0311    (3)    8 :  0.247 0.142 0.198 0.413 
520 HI_SS0314    (0)    8 :  0.185 0.455 0.217 0.142 
521 HI_SS0316    (1)    8 :  0.233 0.217 0.344 0.206 
522 HI_SS0317    (3)    8 :  0.319 0.186 0.194 0.301 
523 HI_SS0318    (1)    8 :  0.220 0.113 0.455 0.213 
524 HI_SS0319    (0)    8 :  0.172 0.152 0.572 0.103 
525 HI_SS0320    (3)    8 :  0.228 0.339 0.155 0.278 
526 HI_SS0321    (0)    8 :  0.265 0.234 0.326 0.175 
527 HI_SS0323    (1)    8 :  0.132 0.187 0.382 0.300 
528 HI_SS0325    (2)    8 :  0.176 0.125 0.323 0.376 
529 HI_SS0327    (1)    8 :  0.250 0.352 0.336 0.062 
530 HI_SS0329    (1)    8 :  0.183 0.229 0.193 0.395 
531 HI_SS0333    (1)    8 :  0.218 0.254 0.277 0.252 
532 HI_SS0334    (1)    8 :  0.255 0.139 0.399 0.207 
533 HI_SS0335    (1)    8 :  0.504 0.207 0.116 0.173 
534 HI_SS0339    (0)    8 :  0.287 0.183 0.148 0.381 
535 HI_SS0343    (2)    8 :  0.502 0.265 0.123 0.110 
536 HI_SS0344    (1)    8 :  0.123 0.140 0.621 0.115 
537 HI_SS0345    (3)    8 :  0.325 0.130 0.196 0.349 
538 HI_SS0346    (0)    8 :  0.234 0.172 0.324 0.270 
539 HI_SS0350    (1)    8 :  0.458 0.187 0.076 0.280 
540 HI_SS0351    (0)    8 :  0.539 0.139 0.200 0.122 
541 HI_SS0352    (3)    8 :  0.391 0.241 0.159 0.209 
542 HI_SS0362    (0)    8 :  0.143 0.142 0.180 0.535 
543 HI_SS0363    (1)    8 :  0.232 0.258 0.399 0.111 
544 HI_SS0365    (0)    8 :  0.238 0.251 0.377 0.134 
545 HI_SS0366    (0)    8 :  0.161 0.162 0.509 0.168 
546 HI_SS0367    (1)    8 :  0.348 0.315 0.134 0.204 
547 HI_SS0369    (1)    8 :  0.220 0.268 0.125 0.387 
548 HI_SS0370    (0)    8 :  0.189 0.531 0.188 0.092 
549 HI_SS0371    (4)    8 :  0.130 0.131 0.401 0.338 
550 HI_SS0373    (3)    8 :  0.153 0.305 0.243 0.299 
551 HI_SS0374    (0)    8 :  0.255 0.331 0.173 0.240 
552 HI_SS0377    (0)    8 :  0.484 0.085 0.222 0.209 
553 HI_SS0379    (1)    8 :  0.180 0.078 0.634 0.108 
554 HI_SS0380    (1)    8 :  0.315 0.282 0.171 0.232 
555 HI_SS0381    (2)    8 :  0.388 0.157 0.117 0.337 
556 HI_SS0384    (3)    8 :  0.133 0.375 0.334 0.158 
557 HI_SS0385    (1)    8 :  0.094 0.207 0.299 0.400 


Estimated Allele Frequencies in each cluster
First column gives estimated ancestral frequencies


Locus 1 : 
2 alleles
3.4% missing data
   1   (0.736) 0.763 0.767 0.730 0.694 
   2   (0.264) 0.237 0.233 0.270 0.306 

Locus 2 : 
2 alleles
4.3% missing data
   1   (0.885) 0.881 0.855 0.910 0.912 
   2   (0.115) 0.119 0.145 0.090 0.088 

Locus 3 : 
2 alleles
3.9% missing data
   1   (0.863) 0.882 0.859 0.868 0.859 
   2   (0.137) 0.118 0.141 0.132 0.141 

Locus 4 : 
2 alleles
2.7% missing data
   1   (0.886) 0.867 0.910 0.901 0.893 
   2   (0.114) 0.133 0.090 0.099 0.107 

Locus 5 : 
2 alleles
2.7% missing data
   1   (0.823) 0.857 0.810 0.808 0.825 
   2   (0.177) 0.143 0.190 0.192 0.175 

Locus 6 : 
2 alleles
3.2% missing data
   1   (0.791) 0.801 0.804 0.760 0.812 
   2   (0.209) 0.199 0.196 0.240 0.188 

Locus 7 : 
2 alleles
3.8% missing data
   1   (0.803) 0.806 0.841 0.793 0.790 
   2   (0.197) 0.194 0.159 0.207 0.210 

Locus 8 : 
2 alleles
4.8% missing data
   1   (0.706) 0.729 0.685 0.690 0.723 
   2   (0.294) 0.271 0.315 0.310 0.277 

Locus 9 : 
2 alleles
3.1% missing data
   1   (0.792) 0.809 0.804 0.758 0.807 
   2   (0.208) 0.191 0.196 0.242 0.193 

Locus 10 : 
2 alleles
4.7% missing data
   1   (0.888) 0.877 0.926 0.882 0.891 
   2   (0.112) 0.123 0.074 0.118 0.109 

Locus 11 : 
2 alleles
3.2% missing data
   1   (0.863) 0.888 0.890 0.828 0.857 
   2   (0.137) 0.112 0.110 0.172 0.143 

Locus 12 : 
2 alleles
4.8% missing data
   1   (0.730) 0.742 0.708 0.741 0.741 
   2   (0.270) 0.258 0.292 0.259 0.259 

Locus 13 : 
2 alleles
4.7% missing data
   1   (0.885) 0.896 0.907 0.881 0.880 
   2   (0.115) 0.104 0.093 0.119 0.120 

Locus 14 : 
2 alleles
3.9% missing data
   1   (0.875) 0.867 0.905 0.869 0.882 
   2   (0.125) 0.133 0.095 0.131 0.118 

Locus 15 : 
2 alleles
3.9% missing data
   1   (0.505) 0.494 0.486 0.528 0.513 
   2   (0.495) 0.506 0.514 0.472 0.487 

Locus 16 : 
2 alleles
4.3% missing data
   1   (0.607) 0.591 0.590 0.566 0.683 
   2   (0.393) 0.409 0.410 0.434 0.317 

Locus 17 : 
2 alleles
4.1% missing data
   1   (0.773) 0.779 0.766 0.762 0.799 
   2   (0.227) 0.221 0.234 0.238 0.201 

Locus 18 : 
2 alleles
2.3% missing data
   1   (0.893) 0.883 0.895 0.919 0.899 
   2   (0.107) 0.117 0.105 0.081 0.101 

Locus 19 : 
2 alleles
4.3% missing data
   1   (0.710) 0.712 0.702 0.691 0.744 
   2   (0.290) 0.288 0.298 0.309 0.256 

Locus 20 : 
2 alleles
3.2% missing data
   1   (0.883) 0.832 0.903 0.902 0.914 
   2   (0.117) 0.168 0.097 0.098 0.086 

Locus 21 : 
2 alleles
3.4% missing data
   1   (0.561) 0.618 0.570 0.477 0.564 
   2   (0.439) 0.382 0.430 0.523 0.436 

Locus 22 : 
2 alleles
4.8% missing data
   1   (0.854) 0.872 0.853 0.851 0.858 
   2   (0.146) 0.128 0.147 0.149 0.142 

Locus 23 : 
2 alleles
4.3% missing data
   1   (0.883) 0.918 0.848 0.889 0.886 
   2   (0.117) 0.082 0.152 0.111 0.114 

Locus 24 : 
2 alleles
3.2% missing data
   1   (0.543) 0.551 0.507 0.542 0.568 
   2   (0.457) 0.449 0.493 0.458 0.432 

Locus 25 : 
2 alleles
4.3% missing data
   2   (0.469) 0.427 0.498 0.488 0.472 
   1   (0.531) 0.573 0.502 0.512 0.528 

Locus 26 : 
2 alleles
4.3% missing data
   1   (0.840) 0.842 0.818 0.863 0.854 
   2   (0.160) 0.158 0.182 0.137 0.146 

Locus 27 : 
2 alleles
2.2% missing data
   1   (0.601) 0.590 0.574 0.634 0.612 
   2   (0.399) 0.410 0.426 0.366 0.388 

Locus 28 : 
2 alleles
4.1% missing data
   1   (0.861) 0.812 0.901 0.880 0.873 
   2   (0.139) 0.188 0.099 0.120 0.127 

Locus 29 : 
2 alleles
1.8% missing data
   1   (0.880) 0.900 0.884 0.885 0.870 
   2   (0.120) 0.100 0.116 0.115 0.130 

Locus 30 : 
2 alleles
4.5% missing data
   1   (0.865) 0.861 0.864 0.875 0.884 
   2   (0.135) 0.139 0.136 0.125 0.116 

Locus 31 : 
2 alleles
4.3% missing data
   1   (0.786) 0.747 0.818 0.798 0.807 
   2   (0.214) 0.253 0.182 0.202 0.193 

Locus 32 : 
2 alleles
2.0% missing data
   1   (0.734) 0.707 0.737 0.743 0.768 
   2   (0.266) 0.293 0.263 0.257 0.232 

Locus 33 : 
2 alleles
3.6% missing data
   1   (0.761) 0.739 0.817 0.737 0.766 
   2   (0.239) 0.261 0.183 0.263 0.234 

Locus 34 : 
2 alleles
3.6% missing data
   1   (0.809) 0.808 0.834 0.834 0.782 
   2   (0.191) 0.192 0.166 0.166 0.218 

Locus 35 : 
2 alleles
3.8% missing data
   1   (0.866) 0.853 0.881 0.898 0.855 
   2   (0.134) 0.147 0.119 0.102 0.145 

Locus 36 : 
2 alleles
2.9% missing data
   1   (0.757) 0.779 0.754 0.758 0.748 
   2   (0.243) 0.221 0.246 0.242 0.252 

Locus 37 : 
2 alleles
2.2% missing data
   1   (0.742) 0.775 0.745 0.721 0.733 
   2   (0.258) 0.225 0.255 0.279 0.267 

Locus 38 : 
2 alleles
1.4% missing data
   1   (0.871) 0.898 0.888 0.828 0.876 
   2   (0.129) 0.102 0.112 0.172 0.124 

Locus 39 : 
2 alleles
3.2% missing data
   1   (0.703) 0.700 0.701 0.747 0.679 
   2   (0.297) 0.300 0.299 0.253 0.321 

Locus 40 : 
2 alleles
3.8% missing data
   1   (0.571) 0.567 0.623 0.547 0.555 
   2   (0.429) 0.433 0.377 0.453 0.445 

Locus 41 : 
2 alleles
3.4% missing data
   1   (0.880) 0.857 0.882 0.885 0.916 
   2   (0.120) 0.143 0.118 0.115 0.084 

Locus 42 : 
2 alleles
4.5% missing data
   2   (0.234) 0.254 0.304 0.158 0.217 
   1   (0.766) 0.746 0.696 0.842 0.783 

Locus 43 : 
2 alleles
2.0% missing data
   1   (0.817) 0.818 0.837 0.815 0.820 
   2   (0.183) 0.182 0.163 0.185 0.180 

Locus 44 : 
2 alleles
4.7% missing data
   1   (0.583) 0.597 0.588 0.568 0.580 
   2   (0.417) 0.403 0.412 0.432 0.420 

Locus 45 : 
2 alleles
3.2% missing data
   1   (0.870) 0.838 0.883 0.877 0.903 
   2   (0.130) 0.162 0.117 0.123 0.097 

Locus 46 : 
2 alleles
2.3% missing data
   1   (0.779) 0.807 0.730 0.794 0.790 
   2   (0.221) 0.193 0.270 0.206 0.210 

Locus 47 : 
2 alleles
4.5% missing data
   1   (0.884) 0.895 0.876 0.898 0.890 
   2   (0.116) 0.105 0.124 0.102 0.110 

Locus 48 : 
2 alleles
4.5% missing data
   1   (0.815) 0.846 0.800 0.815 0.809 
   2   (0.185) 0.154 0.200 0.185 0.191 

Locus 49 : 
2 alleles
4.5% missing data
   1   (0.817) 0.785 0.801 0.837 0.861 
   2   (0.183) 0.215 0.199 0.163 0.139 

Locus 50 : 
2 alleles
3.4% missing data
   1   (0.658) 0.694 0.660 0.659 0.621 
   2   (0.342) 0.306 0.340 0.341 0.379 

Locus 51 : 
2 alleles
1.4% missing data
   1   (0.602) 0.630 0.584 0.613 0.579 
   2   (0.398) 0.370 0.416 0.387 0.421 

Locus 52 : 
2 alleles
4.1% missing data
   1   (0.658) 0.665 0.646 0.666 0.662 
   2   (0.342) 0.335 0.354 0.334 0.338 

Locus 53 : 
2 alleles
4.5% missing data
   1   (0.852) 0.883 0.878 0.822 0.832 
   2   (0.148) 0.117 0.122 0.178 0.168 

Locus 54 : 
2 alleles
3.8% missing data
   1   (0.863) 0.847 0.860 0.886 0.881 
   2   (0.137) 0.153 0.140 0.114 0.119 

Locus 55 : 
2 alleles
3.2% missing data
   1   (0.882) 0.896 0.849 0.887 0.907 
   2   (0.118) 0.104 0.151 0.113 0.093 

Locus 56 : 
2 alleles
3.2% missing data
   1   (0.797) 0.828 0.767 0.810 0.793 
   2   (0.203) 0.172 0.233 0.190 0.207 

Locus 57 : 
2 alleles
4.5% missing data
   1   (0.661) 0.672 0.661 0.685 0.639 
   2   (0.339) 0.328 0.339 0.315 0.361 

Locus 58 : 
2 alleles
4.1% missing data
   1   (0.840) 0.876 0.824 0.858 0.809 
   2   (0.160) 0.124 0.176 0.142 0.191 

Locus 59 : 
2 alleles
4.8% missing data
   1   (0.817) 0.796 0.810 0.857 0.824 
   2   (0.183) 0.204 0.190 0.143 0.176 

Locus 60 : 
2 alleles
2.5% missing data
   1   (0.858) 0.874 0.886 0.846 0.847 
   2   (0.142) 0.126 0.114 0.154 0.153 

Locus 61 : 
2 alleles
3.9% missing data
   1   (0.776) 0.757 0.781 0.775 0.811 
   2   (0.224) 0.243 0.219 0.225 0.189 

Locus 62 : 
2 alleles
2.0% missing data
   1   (0.841) 0.852 0.863 0.797 0.863 
   2   (0.159) 0.148 0.137 0.203 0.137 

Locus 63 : 
2 alleles
4.1% missing data
   1   (0.757) 0.775 0.758 0.739 0.766 
   2   (0.243) 0.225 0.242 0.261 0.234 

Locus 64 : 
2 alleles
3.2% missing data
   1   (0.873) 0.901 0.850 0.900 0.848 
