

----------------------------------------------------
STRUCTURE by Pritchard, Stephens and Donnelly (2000)
     and Falush, Stephens and Pritchard (2003)
       Code by Pritchard, Falush and Hubisz
             Version 2.3.4 (Jul 2012)
----------------------------------------------------



Command line arguments:   /home/genobiwan/Documents/Programs/Structure/structure -m parameter_job_k7_r1 
Input File:    /media/genobiwan/Storage/Projets/Mackerel_NWA_2021/data_job_k7_r1

Run parameters:
   557 individuals
   3930 loci
   7 populations assumed
   10000 Burn-in period
   100000 Reps


--------------------------------------------
Proportion of membership of each pre-defined
 population in each of the 7 clusters

Given    Inferred Clusters                                   Number of
 Pop       1      2      3      4      5      6      7      Individuals

  1:     0.160  0.139  0.134  0.145  0.146  0.126  0.149       67
  2:     0.121  0.110  0.176  0.156  0.165  0.151  0.122       32
  3:     0.159  0.133  0.129  0.158  0.149  0.137  0.135       92
  4:     0.120  0.132  0.129  0.136  0.145  0.169  0.170       36
  5:     0.175  0.138  0.133  0.138  0.131  0.152  0.134       41
  6:     0.130  0.152  0.143  0.141  0.145  0.142  0.148      158
  7:     0.136  0.138  0.147  0.147  0.139  0.144  0.149       79
  8:     0.153  0.163  0.125  0.139  0.139  0.145  0.135       52
--------------------------------------------

Allele-freq. divergence among pops (Net nucleotide distance),
computed using point estimates of P.

      1       2       3       4       5       6       7      
 1      -    0.0031  0.0046  0.0037  0.0028  0.0041  0.0032  
 2   0.0031     -    0.0050  0.0034  0.0030  0.0024  0.0031  
 3   0.0046  0.0050     -    0.0047  0.0042  0.0048  0.0044  
 4   0.0037  0.0034  0.0047     -    0.0035  0.0043  0.0036  
 5   0.0028  0.0030  0.0042  0.0035     -    0.0026  0.0027  
 6   0.0041  0.0024  0.0048  0.0043  0.0026     -    0.0036  
 7   0.0032  0.0031  0.0044  0.0036  0.0027  0.0036     -    

Average distances (expected heterozygosity) between individuals in same cluster:
cluster  1  : 0.3101 
cluster  2  : 0.3114 
cluster  3  : 0.3104 
cluster  4  : 0.3102 
cluster  5  : 0.3137 
cluster  6  : 0.3122 
cluster  7  : 0.3120 

--------------------------------------------
Estimated Ln Prob of Data   = -2107318.7
Mean value of ln likelihood = -2059629.2
Variance of ln likelihood   = 95379.0
Mean value of alpha         = 1.3244

Mean value of Fst_1         = 0.0475
Mean value of Fst_2         = 0.0471
Mean value of Fst_3         = 0.0552
Mean value of Fst_4         = 0.0464
Mean value of Fst_5         = 0.0431
Mean value of Fst_6         = 0.0498
Mean value of Fst_7         = 0.0440


Inferred ancestry of individuals:
        Label (%Miss) Pop:  Inferred clusters
  1 NS_SS0963    (4)    1 :  0.175 0.083 0.081 0.144 0.224 0.081 0.212 
  2 NS_SS0983    (1)    1 :  0.103 0.294 0.039 0.076 0.241 0.162 0.085 
  3 NS_SS0719    (8)    1 :  0.084 0.098 0.095 0.209 0.187 0.161 0.166 
  4 NS_SS1001    (8)    1 :  0.175 0.095 0.301 0.175 0.087 0.093 0.073 
  5 NS_SS0936    (4)    1 :  0.253 0.083 0.175 0.052 0.123 0.107 0.207 
  6 NS_SS0955    (5)    1 :  0.197 0.195 0.048 0.122 0.174 0.137 0.127 
  7 NS_SS0944    (3)    1 :  0.246 0.200 0.106 0.120 0.098 0.141 0.090 
  8 NS_SS0945    (3)    1 :  0.151 0.230 0.266 0.065 0.070 0.117 0.100 
  9 NS_SS0922    (2)    1 :  0.103 0.046 0.297 0.197 0.083 0.145 0.130 
 10 NS_SS0929    (7)    1 :  0.197 0.145 0.060 0.080 0.167 0.208 0.143 
 11 NS_SS0956    (2)    1 :  0.129 0.064 0.148 0.380 0.076 0.113 0.090 
 12 NS_SS0906    (3)    1 :  0.229 0.183 0.078 0.104 0.136 0.122 0.147 
 13 NS_SS0721    (6)    1 :  0.064 0.171 0.065 0.317 0.187 0.081 0.115 
 14 NS_SS0982    (4)    1 :  0.197 0.102 0.100 0.180 0.155 0.085 0.180 
 15 NS_SS0923    (5)    1 :  0.191 0.105 0.175 0.123 0.140 0.135 0.131 
 16 NS_SS0905    (6)    1 :  0.172 0.156 0.110 0.133 0.186 0.166 0.077 
 17 NS_SS0925    (3)    1 :  0.215 0.107 0.088 0.141 0.262 0.089 0.098 
 18 NS_SS0947    (5)    1 :  0.203 0.078 0.156 0.105 0.158 0.126 0.173 
 19 NS_SS0926    (2)    1 :  0.117 0.255 0.055 0.077 0.078 0.157 0.261 
 20 NS_SS0918    (6)    1 :  0.447 0.146 0.098 0.105 0.061 0.046 0.096 
 21 NS_SS0966    (4)    1 :  0.257 0.118 0.123 0.097 0.160 0.082 0.162 
 22 NS_SS0938    (2)    1 :  0.124 0.062 0.226 0.085 0.064 0.114 0.324 
 23 NS_SS0917    (2)    1 :  0.049 0.083 0.110 0.107 0.281 0.198 0.172 
 24 NS_SS0957   (11)    1 :  0.147 0.110 0.092 0.298 0.125 0.133 0.095 
 25 NS_SS0987    (1)    1 :  0.135 0.132 0.073 0.383 0.065 0.098 0.114 
 26 NS_SS0717    (4)    1 :  0.181 0.106 0.266 0.187 0.095 0.096 0.069 
 27 NS_SS0986    (2)    1 :  0.121 0.250 0.091 0.176 0.057 0.099 0.206 
 28 NS_SS0953    (4)    1 :  0.345 0.108 0.167 0.097 0.170 0.066 0.047 
 29 NS_SS0907    (3)    1 :  0.300 0.153 0.074 0.075 0.205 0.088 0.105 
 30 NS_SS0974    (6)    1 :  0.176 0.124 0.143 0.063 0.272 0.126 0.096 
 31 NS_SS0989    (1)    1 :  0.052 0.102 0.075 0.079 0.165 0.299 0.227 
 32 NS_SS0991    (2)    1 :  0.190 0.344 0.049 0.210 0.079 0.063 0.065 
 33 NS_SS0994    (2)    1 :  0.059 0.246 0.157 0.052 0.084 0.298 0.103 
 34 NS_SS0931    (6)    1 :  0.146 0.341 0.062 0.123 0.074 0.099 0.155 
 35 NS_SS1000    (5)    1 :  0.173 0.105 0.278 0.066 0.077 0.083 0.218 
 36 NS_SS0919    (1)    1 :  0.134 0.177 0.045 0.053 0.257 0.089 0.245 
 37 NS_SS0949    (3)    1 :  0.056 0.182 0.071 0.134 0.314 0.106 0.137 
 38 NS_SS0960   (10)    1 :  0.155 0.134 0.047 0.162 0.251 0.161 0.090 
 39 NS_SS0716    (2)    1 :  0.063 0.101 0.317 0.302 0.052 0.069 0.095 
 40 NS_SS0924    (8)    1 :  0.171 0.111 0.053 0.138 0.128 0.195 0.205 
 41 NS_SS0935    (1)    1 :  0.112 0.208 0.063 0.217 0.173 0.166 0.060 
 42 NS_SS0952   (13)    1 :  0.193 0.248 0.063 0.069 0.174 0.141 0.111 
 43 NS_SS0962   (10)    1 :  0.108 0.125 0.197 0.139 0.092 0.057 0.282 
 44 NS_SS0973    (5)    1 :  0.170 0.090 0.057 0.094 0.448 0.078 0.064 
 45 NS_SS0722    (1)    1 :  0.278 0.073 0.367 0.062 0.097 0.075 0.048 
 46 NS_SS0979   (13)    1 :  0.186 0.124 0.121 0.238 0.097 0.078 0.156 
 47 NS_SS0993    (2)    1 :  0.234 0.104 0.152 0.131 0.188 0.072 0.120 
 48 NS_SS0958    (1)    1 :  0.138 0.265 0.148 0.092 0.083 0.158 0.115 
 49 NS_SS0988    (4)    1 :  0.161 0.161 0.072 0.095 0.123 0.095 0.292 
 50 NS_SS1003    (2)    1 :  0.104 0.060 0.060 0.287 0.088 0.046 0.355 
 51 NS_SS0976    (0)    1 :  0.186 0.262 0.060 0.092 0.071 0.132 0.198 
 52 NS_SS0964   (10)    1 :  0.105 0.060 0.331 0.245 0.101 0.105 0.053 
 53 NS_SS0939    (4)    1 :  0.045 0.070 0.335 0.281 0.063 0.079 0.127 
 54 NS_SS0990    (6)    1 :  0.061 0.150 0.237 0.112 0.060 0.141 0.239 
 55 NS_SS0984    (2)    1 :  0.140 0.060 0.321 0.112 0.079 0.121 0.167 
 56 NS_SS0980    (9)    1 :  0.211 0.046 0.108 0.061 0.365 0.142 0.066 
 57 NS_SS0978    (4)    1 :  0.145 0.065 0.203 0.091 0.250 0.137 0.109 
 58 NS_SS0951   (17)    1 :  0.182 0.253 0.069 0.236 0.081 0.105 0.074 
 59 NS_SS0913    (3)    1 :  0.112 0.080 0.217 0.276 0.063 0.130 0.122 
 60 NS_SS1002    (1)    1 :  0.247 0.051 0.077 0.051 0.075 0.078 0.420 
 61 NS_SS0948    (1)    1 :  0.282 0.187 0.077 0.097 0.077 0.135 0.145 
 62 NS_SS0916    (4)    1 :  0.063 0.056 0.102 0.104 0.240 0.304 0.132 
 63 NS_SS0995    (1)    1 :  0.073 0.055 0.093 0.147 0.329 0.189 0.114 
 64 NS_SS0927    (6)    1 :  0.067 0.144 0.117 0.066 0.242 0.224 0.140 
 65 NS_SS0992    (5)    1 :  0.105 0.052 0.131 0.069 0.145 0.297 0.201 
 66 NS_SS0912    (1)    1 :  0.120 0.234 0.070 0.260 0.051 0.075 0.188 
 67 NS_SS0981    (1)    1 :  0.241 0.118 0.075 0.186 0.085 0.061 0.233 
 68 NS_SS0729    (5)    2 :  0.109 0.141 0.059 0.040 0.223 0.337 0.092 
 69 NS_SS0967   (14)    2 :  0.202 0.089 0.083 0.083 0.289 0.059 0.196 
 70 NS_SS0941    (7)    2 :  0.091 0.070 0.267 0.126 0.139 0.158 0.150 
 71 NS_SS0768   (12)    2 :  0.160 0.120 0.117 0.248 0.061 0.079 0.215 
 72 NS_SS0726    (4)    2 :  0.090 0.083 0.092 0.044 0.244 0.275 0.171 
 73 NS_SS0763    (4)    2 :  0.136 0.122 0.143 0.097 0.142 0.264 0.097 
 74 NS_SS0730    (6)    2 :  0.107 0.092 0.210 0.138 0.130 0.135 0.187 
 75 NS_SS0774    (1)    2 :  0.166 0.052 0.261 0.075 0.229 0.116 0.101 
 76 NS_SS0723    (3)    2 :  0.133 0.072 0.135 0.132 0.316 0.059 0.153 
 77 NS_SS0940    (9)    2 :  0.065 0.153 0.194 0.120 0.159 0.158 0.151 
 78 NS_SS0762    (1)    2 :  0.179 0.045 0.363 0.140 0.106 0.119 0.048 
 79 NS_SS0766   (11)    2 :  0.059 0.113 0.275 0.161 0.104 0.209 0.079 
 80 NS_SS0724    (1)    2 :  0.202 0.143 0.148 0.248 0.092 0.084 0.081 
 81 NS_SS0769    (3)    2 :  0.105 0.092 0.142 0.149 0.124 0.117 0.272 
 82 NS_SS0777    (2)    2 :  0.171 0.281 0.075 0.130 0.103 0.097 0.143 
 83 NS_SS0734    (6)    2 :  0.074 0.128 0.140 0.245 0.138 0.175 0.101 
 84 NS_SS0737    (3)    2 :  0.085 0.058 0.408 0.090 0.141 0.121 0.097 
 85 NS_SS0732    (5)    2 :  0.137 0.107 0.067 0.339 0.211 0.071 0.068 
 86 NS_SS0728    (5)    2 :  0.089 0.094 0.152 0.171 0.148 0.227 0.119 
 87 NS_SS0735    (9)    2 :  0.141 0.102 0.239 0.160 0.199 0.102 0.058 
 88 NS_SS0725    (1)    2 :  0.101 0.073 0.367 0.140 0.064 0.112 0.144 
 89 NS_SS0788    (2)    2 :  0.071 0.094 0.078 0.125 0.321 0.077 0.234 
 90 NS_SS0778    (2)    2 :  0.070 0.136 0.054 0.113 0.359 0.107 0.160 
 91 NS_SS0792    (6)    2 :  0.162 0.062 0.068 0.204 0.147 0.282 0.075 
 92 NS_SS0943   (11)    2 :  0.213 0.216 0.053 0.154 0.121 0.141 0.102 
 93 NS_SS0791    (2)    2 :  0.064 0.095 0.080 0.170 0.185 0.332 0.075 
 94 NS_SS0790    (5)    2 :  0.210 0.055 0.173 0.328 0.099 0.041 0.094 
 95 NS_SS0731    (6)    2 :  0.092 0.119 0.179 0.373 0.093 0.058 0.085 
 96 NS_SS0727    (6)    2 :  0.076 0.087 0.272 0.062 0.139 0.317 0.047 
 97 NS_SS0779   (12)    2 :  0.124 0.205 0.111 0.126 0.226 0.093 0.115 
 98 NS_SS0776    (3)    2 :  0.071 0.169 0.298 0.126 0.112 0.110 0.114 
 99 NS_SS0775    (5)    2 :  0.103 0.055 0.331 0.145 0.104 0.190 0.073 
100 NS_SS0965    (3)    3 :  0.175 0.125 0.064 0.274 0.099 0.096 0.167 
101 NS_SS0754   (13)    3 :  0.087 0.133 0.059 0.227 0.128 0.242 0.124 
102 NS_SS0838    (5)    3 :  0.122 0.210 0.176 0.079 0.158 0.096 0.159 
103 NS_SS0839    (3)    3 :  0.151 0.049 0.232 0.156 0.126 0.132 0.155 
104 NS_SS0832    (4)    3 :  0.269 0.069 0.137 0.205 0.107 0.059 0.154 
105 NS_SS0820    (4)    3 :  0.123 0.080 0.103 0.242 0.121 0.072 0.259 
106 NS_SS0886    (9)    3 :  0.083 0.140 0.100 0.199 0.124 0.225 0.129 
107 NS_SS0748    (5)    3 :  0.242 0.235 0.066 0.104 0.129 0.109 0.116 
108 NS_SS0884    (9)    3 :  0.163 0.098 0.112 0.129 0.226 0.172 0.099 
109 NS_SS0752    (3)    3 :  0.117 0.081 0.212 0.097 0.271 0.110 0.111 
110 NS_SS0862    (1)    3 :  0.162 0.082 0.060 0.356 0.193 0.069 0.078 
111 NS_SS0787    (9)    3 :  0.094 0.324 0.079 0.079 0.105 0.226 0.092 
112 NS_SS0843    (6)    3 :  0.126 0.117 0.106 0.192 0.276 0.108 0.074 
113 NS_SS0856    (4)    3 :  0.049 0.085 0.246 0.102 0.177 0.179 0.162 
114 NS_SS0846    (2)    3 :  0.237 0.123 0.101 0.050 0.232 0.101 0.157 
115 NS_SS0825    (1)    3 :  0.115 0.152 0.068 0.191 0.076 0.097 0.300 
116 NS_SS0757    (3)    3 :  0.143 0.194 0.073 0.203 0.202 0.096 0.089 
117 NS_SS0876    (3)    3 :  0.136 0.103 0.200 0.149 0.153 0.114 0.145 
118 NS_SS0903    (9)    3 :  0.184 0.051 0.097 0.055 0.460 0.072 0.081 
119 NS_SS0875    (7)    3 :  0.129 0.151 0.187 0.155 0.099 0.111 0.168 
120 NS_SS0740    (5)    3 :  0.197 0.146 0.166 0.136 0.181 0.097 0.078 
121 NS_SS0811    (5)    3 :  0.187 0.097 0.132 0.359 0.076 0.070 0.078 
122 NS_SS0751    (1)    3 :  0.107 0.125 0.243 0.102 0.117 0.094 0.212 
123 NS_SS0891    (6)    3 :  0.116 0.117 0.265 0.132 0.100 0.119 0.153 
124 NS_SS0867    (2)    3 :  0.259 0.101 0.031 0.147 0.156 0.133 0.173 
125 NS_SS0890    (6)    3 :  0.170 0.115 0.111 0.090 0.247 0.129 0.138 
126 NS_SS0866   (11)    3 :  0.092 0.193 0.089 0.083 0.091 0.362 0.090 
127 NS_SS0755    (4)    3 :  0.215 0.061 0.099 0.226 0.117 0.160 0.122 
128 NS_SS0758    (4)    3 :  0.153 0.129 0.164 0.087 0.164 0.188 0.115 
129 NS_SS0840    (2)    3 :  0.234 0.064 0.150 0.150 0.125 0.058 0.219 
130 NS_SS0889    (4)    3 :  0.110 0.233 0.074 0.218 0.075 0.179 0.111 
131 NS_SS1010    (1)    3 :  0.155 0.099 0.106 0.101 0.170 0.095 0.274 
132 NS_SS0888    (5)    3 :  0.056 0.118 0.083 0.116 0.153 0.429 0.045 
133 NS_SS0837    (3)    3 :  0.226 0.079 0.078 0.321 0.147 0.063 0.086 
134 NS_SS0794    (9)    3 :  0.103 0.165 0.160 0.100 0.095 0.308 0.069 
135 NS_SS0823    (4)    3 :  0.334 0.100 0.179 0.077 0.072 0.078 0.161 
136 NS_SS0829    (7)    3 :  0.173 0.422 0.046 0.107 0.063 0.117 0.071 
137 NS_SS0844    (5)    3 :  0.486 0.041 0.047 0.090 0.163 0.079 0.094 
138 NS_SS1008    (5)    3 :  0.104 0.163 0.250 0.105 0.079 0.217 0.082 
139 NS_SS0881    (3)    3 :  0.081 0.133 0.104 0.128 0.092 0.161 0.301 
140 NS_SS0834    (6)    3 :  0.103 0.088 0.396 0.094 0.073 0.076 0.170 
141 NS_SS0744   (10)    3 :  0.126 0.098 0.064 0.130 0.217 0.164 0.201 
142 NS_SS0899    (7)    3 :  0.226 0.134 0.169 0.277 0.088 0.048 0.058 
143 NS_SS0804    (4)    3 :  0.222 0.083 0.130 0.230 0.138 0.054 0.143 
144 NS_SS0781   (10)    3 :  0.255 0.120 0.148 0.078 0.133 0.052 0.213 
145 NS_SS0822    (6)    3 :  0.227 0.203 0.181 0.097 0.136 0.103 0.054 
146 NS_SS1004    (4)    3 :  0.223 0.103 0.098 0.152 0.221 0.090 0.113 
147 NS_SS0746    (5)    3 :  0.265 0.199 0.118 0.063 0.075 0.112 0.168 
148 NS_SS0880    (3)    3 :  0.211 0.082 0.157 0.125 0.238 0.080 0.108 
149 NS_SS0879    (4)    3 :  0.159 0.089 0.261 0.173 0.118 0.106 0.094 
150 NS_SS0753    (2)    3 :  0.157 0.192 0.050 0.196 0.151 0.172 0.082 
151 NS_SS1007    (2)    3 :  0.057 0.075 0.213 0.056 0.206 0.204 0.188 
152 NS_SS0872    (5)    3 :  0.157 0.078 0.184 0.130 0.170 0.129 0.151 
153 NS_SS1005    (7)    3 :  0.244 0.144 0.162 0.068 0.161 0.056 0.165 
154 NS_SS0892    (6)    3 :  0.150 0.178 0.167 0.136 0.106 0.123 0.140 
155 NS_SS0898    (0)    3 :  0.191 0.166 0.111 0.153 0.072 0.200 0.108 
156 NS_SS0801    (9)    3 :  0.171 0.174 0.089 0.199 0.100 0.102 0.164 
157 NS_SS0827    (8)    3 :  0.093 0.185 0.079 0.234 0.191 0.115 0.103 
158 NS_SS0853    (6)    3 :  0.129 0.152 0.091 0.275 0.093 0.178 0.083 
159 NS_SS0780    (2)    3 :  0.087 0.122 0.153 0.174 0.201 0.068 0.194 
160 NS_SS0826   (10)    3 :  0.203 0.246 0.057 0.074 0.079 0.070 0.271 
161 NS_SS0818    (5)    3 :  0.152 0.074 0.216 0.152 0.143 0.068 0.194 
162 NS_SS0745    (1)    3 :  0.040 0.074 0.462 0.253 0.036 0.043 0.091 
163 NS_SS0849    (3)    3 :  0.102 0.148 0.076 0.398 0.110 0.048 0.118 
164 NS_SS0739    (3)    3 :  0.065 0.085 0.113 0.170 0.204 0.175 0.187 
165 NS_SS0799    (1)    3 :  0.128 0.131 0.100 0.110 0.277 0.200 0.053 
166 NS_SS0756    (2)    3 :  0.322 0.072 0.087 0.125 0.075 0.060 0.261 
167 NS_SS0802    (2)    3 :  0.069 0.148 0.105 0.056 0.336 0.094 0.192 
168 NS_SS0747    (6)    3 :  0.201 0.125 0.082 0.085 0.216 0.112 0.178 
169 NS_SS0835    (1)    3 :  0.084 0.141 0.065 0.066 0.188 0.330 0.126 
170 NS_SS0742   (18)    3 :  0.171 0.098 0.088 0.123 0.284 0.085 0.151 
171 NS_SS0760    (9)    3 :  0.123 0.286 0.099 0.070 0.096 0.207 0.120 
172 NS_SS0803    (4)    3 :  0.431 0.052 0.077 0.060 0.208 0.118 0.054 
173 NS_SS0828   (13)    3 :  0.097 0.168 0.117 0.269 0.133 0.121 0.095 
174 NS_SS0865    (2)    3 :  0.136 0.079 0.043 0.243 0.243 0.107 0.147 
175 NS_SS0759    (4)    3 :  0.123 0.119 0.240 0.208 0.140 0.074 0.097 
176 NS_SS0851    (5)    3 :  0.084 0.073 0.160 0.475 0.050 0.065 0.092 
177 NS_SS0874   (16)    3 :  0.319 0.127 0.136 0.080 0.217 0.051 0.070 
178 NS_SS0761    (6)    3 :  0.181 0.214 0.041 0.146 0.055 0.212 0.151 
179 NS_SS0842   (25)    3 :  0.152 0.195 0.158 0.109 0.114 0.162 0.110 
180 NS_SS0785    (6)    3 :  0.187 0.122 0.078 0.118 0.196 0.186 0.114 
181 NS_SS0860   (11)    3 :  0.110 0.167 0.073 0.073 0.179 0.293 0.105 
182 NS_SS0897    (7)    3 :  0.074 0.292 0.077 0.148 0.084 0.258 0.067 
183 NS_SS0841   (14)    3 :  0.182 0.093 0.190 0.279 0.069 0.078 0.108 
184 NS_SS0797    (6)    3 :  0.140 0.169 0.055 0.245 0.075 0.181 0.135 
185 NS_SS0830   (10)    3 :  0.127 0.137 0.077 0.222 0.131 0.135 0.171 
186 NS_SS1011    (5)    3 :  0.187 0.071 0.087 0.144 0.121 0.069 0.321 
187 NS_SS0883    (5)    3 :  0.153 0.119 0.052 0.213 0.203 0.197 0.063 
188 NS_SS0782    (2)    3 :  0.112 0.076 0.228 0.083 0.091 0.310 0.101 
189 NS_SS0831    (5)    3 :  0.092 0.196 0.064 0.257 0.090 0.239 0.062 
190 NS_SS0749    (7)    3 :  0.071 0.126 0.106 0.242 0.144 0.195 0.115 
191 NS_SS0854    (2)    3 :  0.099 0.084 0.196 0.117 0.247 0.181 0.076 
192 HI_SS0193    (0)    4 :  0.063 0.208 0.192 0.159 0.083 0.180 0.114 
193 HI_SS0194    (0)    4 :  0.066 0.165 0.400 0.050 0.081 0.059 0.180 
194 HI_SS0195    (9)    4 :  0.063 0.079 0.181 0.344 0.121 0.046 0.166 
195 HI_SS0196    (6)    4 :  0.092 0.155 0.240 0.079 0.146 0.173 0.115 
196 HI_SS0197    (3)    4 :  0.070 0.078 0.086 0.050 0.115 0.072 0.529 
197 HI_SS0198    (1)    4 :  0.072 0.147 0.078 0.260 0.198 0.146 0.099 
198 HI_SS0199    (1)    4 :  0.100 0.060 0.133 0.082 0.179 0.376 0.071 
199 HI_SS0201    (4)    4 :  0.136 0.221 0.031 0.162 0.158 0.192 0.100 
200 HI_SS0215    (1)    4 :  0.121 0.155 0.039 0.117 0.117 0.264 0.187 
201 HI_SS0218    (1)    4 :  0.066 0.145 0.078 0.163 0.067 0.438 0.044 
202 HI_SS0222    (0)    4 :  0.049 0.102 0.175 0.214 0.100 0.147 0.212 
203 HI_SS0230    (1)    4 :  0.133 0.155 0.108 0.126 0.100 0.074 0.305 
204 HI_SS0234    (1)    4 :  0.119 0.066 0.137 0.043 0.189 0.213 0.232 
205 HI_SS0240    (1)    4 :  0.062 0.050 0.230 0.116 0.218 0.220 0.104 
206 HI_SS0241    (0)    4 :  0.125 0.146 0.064 0.113 0.127 0.310 0.115 
207 HI_SS0242    (0)    4 :  0.241 0.105 0.084 0.148 0.094 0.229 0.099 
208 HI_SS0247    (0)    4 :  0.374 0.166 0.080 0.097 0.074 0.074 0.134 
209 HI_SS0248    (1)    4 :  0.157 0.214 0.173 0.055 0.167 0.194 0.042 
210 HI_SS0252    (2)    4 :  0.199 0.111 0.241 0.149 0.113 0.111 0.075 
211 HI_SS0254    (1)    4 :  0.121 0.163 0.078 0.071 0.195 0.104 0.268 
212 HI_SS0256    (0)    4 :  0.222 0.033 0.177 0.170 0.202 0.038 0.159 
213 HI_SS0257    (0)    4 :  0.201 0.134 0.060 0.041 0.141 0.248 0.175 
214 HI_SS0258    (1)    4 :  0.121 0.212 0.107 0.122 0.093 0.239 0.106 
215 HI_SS0259    (1)    4 :  0.065 0.067 0.207 0.146 0.132 0.118 0.266 
216 HI_SS0260    (1)    4 :  0.068 0.139 0.157 0.086 0.232 0.242 0.076 
217 HI_SS0261    (2)    4 :  0.176 0.131 0.158 0.049 0.117 0.140 0.229 
218 HI_SS0262    (0)    4 :  0.101 0.057 0.096 0.287 0.152 0.187 0.121 
219 HI_SS0264    (1)    4 :  0.105 0.171 0.171 0.131 0.062 0.063 0.296 
220 HI_SS0265    (0)    4 :  0.086 0.086 0.093 0.252 0.168 0.089 0.227 
221 HI_SS0268    (1)    4 :  0.041 0.209 0.145 0.155 0.124 0.097 0.228 
222 HI_SS0269    (1)    4 :  0.072 0.136 0.042 0.043 0.305 0.293 0.109 
223 HI_SS0273    (0)    4 :  0.215 0.170 0.060 0.107 0.109 0.202 0.136 
224 HI_SS0277    (1)    4 :  0.119 0.080 0.042 0.093 0.152 0.078 0.435 
225 HI_SS0280    (0)    4 :  0.055 0.109 0.161 0.275 0.138 0.135 0.127 
226 HI_SS0282    (1)    4 :  0.181 0.154 0.079 0.131 0.211 0.143 0.102 
227 HI_SS0286    (1)    4 :  0.070 0.164 0.062 0.207 0.231 0.143 0.122 
228 NS_SS1252    (3)    5 :  0.135 0.231 0.066 0.069 0.105 0.340 0.055 
229 NS_SS1261    (1)    5 :  0.185 0.154 0.091 0.095 0.206 0.096 0.173 
230 NS_SS1225    (9)    5 :  0.322 0.217 0.056 0.067 0.113 0.108 0.116 
231 NS_SS1266    (1)    5 :  0.433 0.060 0.089 0.119 0.090 0.081 0.128 
232 NS_SS1228    (0)    5 :  0.082 0.061 0.084 0.413 0.116 0.135 0.110 
233 NS_SS1255    (2)    5 :  0.125 0.094 0.427 0.064 0.102 0.123 0.064 
234 NS_SS1267    (3)    5 :  0.046 0.186 0.051 0.123 0.090 0.396 0.108 
235 NS_SS1238    (6)    5 :  0.074 0.281 0.145 0.137 0.075 0.072 0.216 
236 NS_SS1233    (8)    5 :  0.480 0.167 0.120 0.079 0.043 0.042 0.069 
237 NS_SS1277    (3)    5 :  0.052 0.106 0.219 0.148 0.099 0.299 0.077 
238 NS_SS1245    (1)    5 :  0.216 0.235 0.156 0.050 0.143 0.093 0.107 
239 NS_SS1240    (4)    5 :  0.069 0.243 0.067 0.043 0.136 0.278 0.165 
240 NS_SS1275    (2)    5 :  0.130 0.045 0.112 0.224 0.093 0.089 0.306 
241 NS_SS1235    (1)    5 :  0.189 0.100 0.261 0.036 0.214 0.080 0.120 
242 NS_SS1263    (1)    5 :  0.317 0.124 0.280 0.080 0.085 0.055 0.059 
243 NS_SS1251    (1)    5 :  0.346 0.108 0.154 0.080 0.101 0.070 0.141 
244 NS_SS1248    (0)    5 :  0.076 0.224 0.079 0.421 0.043 0.058 0.099 
245 NS_SS1244    (0)    5 :  0.202 0.137 0.044 0.090 0.122 0.116 0.291 
246 NS_SS1257    (0)    5 :  0.112 0.134 0.122 0.115 0.117 0.320 0.080 
247 NS_SS1242    (2)    5 :  0.191 0.092 0.297 0.138 0.096 0.070 0.116 
248 NS_SS1271    (6)    5 :  0.068 0.173 0.049 0.105 0.194 0.325 0.086 
249 NS_SS1265    (1)    5 :  0.124 0.267 0.110 0.077 0.069 0.173 0.179 
250 NS_SS1243    (0)    5 :  0.090 0.151 0.224 0.286 0.090 0.097 0.062 
251 NS_SS1273    (1)    5 :  0.209 0.063 0.322 0.129 0.075 0.084 0.118 
252 NS_SS1254   (14)    5 :  0.414 0.086 0.122 0.087 0.091 0.100 0.099 
253 NS_SS1224    (1)    5 :  0.263 0.058 0.111 0.250 0.076 0.122 0.120 
254 NS_SS1227    (8)    5 :  0.063 0.143 0.088 0.050 0.291 0.181 0.185 
255 NS_SS1274    (8)    5 :  0.126 0.166 0.129 0.130 0.165 0.190 0.094 
256 NS_SS1241    (1)    5 :  0.185 0.146 0.066 0.145 0.197 0.163 0.098 
257 NS_SS1256    (3)    5 :  0.268 0.135 0.081 0.058 0.076 0.153 0.229 
258 NS_SS1260    (8)    5 :  0.104 0.113 0.064 0.074 0.254 0.315 0.076 
259 NS_SS1262    (0)    5 :  0.231 0.137 0.048 0.137 0.084 0.185 0.178 
260 NS_SS1230    (0)    5 :  0.150 0.162 0.142 0.154 0.072 0.176 0.144 
261 NS_SS1270    (2)    5 :  0.214 0.138 0.068 0.315 0.075 0.054 0.136 
262 NS_SS1229    (2)    5 :  0.128 0.078 0.213 0.035 0.236 0.082 0.228 
263 NS_SS1246    (5)    5 :  0.062 0.184 0.124 0.064 0.274 0.117 0.174 
264 NS_SS1269    (0)    5 :  0.156 0.075 0.158 0.181 0.121 0.150 0.159 
265 NS_SS1239    (1)    5 :  0.065 0.050 0.159 0.275 0.304 0.095 0.052 
266 NS_SS1272    (4)    5 :  0.124 0.078 0.073 0.071 0.221 0.064 0.369 
267 NS_SS1268    (1)    5 :  0.246 0.105 0.082 0.366 0.073 0.081 0.046 
268 NS_SS1249    (0)    5 :  0.105 0.153 0.093 0.073 0.124 0.399 0.053 
269 HI_SS0559    (0)    6 :  0.100 0.138 0.168 0.238 0.157 0.143 0.056 
270 HI_SS0563    (1)    6 :  0.175 0.123 0.084 0.098 0.232 0.127 0.160 
271 HI_SS0564    (0)    6 :  0.142 0.131 0.143 0.140 0.153 0.101 0.189 
272 HI_SS0565    (0)    6 :  0.125 0.190 0.075 0.063 0.262 0.097 0.189 
273 HI_SS0569    (0)    6 :  0.219 0.326 0.036 0.071 0.197 0.071 0.080 
274 HI_SS0570    (0)    6 :  0.048 0.277 0.113 0.143 0.143 0.161 0.115 
275 HI_SS0572    (1)    6 :  0.093 0.074 0.291 0.061 0.291 0.099 0.090 
276 HI_SS0576    (0)    6 :  0.094 0.092 0.183 0.297 0.099 0.085 0.151 
277 HI_SS0579    (1)    6 :  0.260 0.184 0.083 0.064 0.203 0.118 0.088 
278 HI_SS0580    (1)    6 :  0.096 0.096 0.193 0.125 0.103 0.323 0.064 
279 HI_SS0581    (0)    6 :  0.067 0.091 0.095 0.290 0.111 0.061 0.285 
280 HI_SS0583    (1)    6 :  0.195 0.204 0.154 0.041 0.094 0.231 0.080 
281 HI_SS0586    (1)    6 :  0.071 0.315 0.075 0.151 0.069 0.210 0.109 
282 HI_SS0588    (1)    6 :  0.213 0.213 0.086 0.094 0.110 0.204 0.080 
283 HI_SS0595    (4)    6 :  0.084 0.101 0.088 0.053 0.143 0.235 0.295 
284 HI_SS0596    (0)    6 :  0.142 0.061 0.412 0.086 0.136 0.108 0.055 
285 HI_SS0597    (1)    6 :  0.169 0.125 0.265 0.053 0.130 0.082 0.176 
286 HI_SS0600    (0)    6 :  0.080 0.070 0.062 0.118 0.346 0.208 0.117 
287 HI_SS0601    (1)    6 :  0.189 0.159 0.029 0.137 0.286 0.068 0.132 
288 HI_SS0602    (1)    6 :  0.060 0.247 0.124 0.241 0.087 0.166 0.075 
289 HI_SS0604    (0)    6 :  0.191 0.256 0.183 0.153 0.075 0.068 0.075 
290 HI_SS0605    (1)    6 :  0.082 0.136 0.070 0.279 0.159 0.186 0.088 
291 HI_SS0608    (0)    6 :  0.068 0.162 0.273 0.167 0.130 0.096 0.105 
292 HI_SS0609    (0)    6 :  0.337 0.097 0.140 0.064 0.118 0.090 0.153 
293 HI_SS0611    (5)    6 :  0.068 0.174 0.069 0.265 0.122 0.233 0.070 
294 HI_SS0612    (1)    6 :  0.415 0.057 0.060 0.033 0.185 0.192 0.059 
295 HI_SS0613    (1)    6 :  0.104 0.102 0.088 0.416 0.103 0.104 0.082 
296 HI_SS0615    (0)    6 :  0.091 0.055 0.236 0.167 0.160 0.097 0.195 
297 HI_SS0001    (1)    6 :  0.092 0.082 0.242 0.081 0.090 0.270 0.143 
298 HI_SS0002    (1)    6 :  0.282 0.090 0.176 0.094 0.100 0.075 0.184 
299 HI_SS0004    (0)    6 :  0.058 0.215 0.212 0.121 0.099 0.188 0.108 
300 HI_SS0005    (1)    6 :  0.079 0.094 0.085 0.404 0.080 0.103 0.155 
301 HI_SS0006    (1)    6 :  0.214 0.179 0.080 0.055 0.148 0.163 0.160 
302 HI_SS0007    (1)    6 :  0.050 0.164 0.088 0.389 0.087 0.179 0.044 
303 HI_SS0008    (0)    6 :  0.113 0.141 0.077 0.183 0.186 0.072 0.228 
304 HI_SS0009    (0)    6 :  0.086 0.100 0.236 0.268 0.147 0.098 0.065 
305 HI_SS0010    (1)    6 :  0.110 0.217 0.082 0.201 0.147 0.120 0.124 
306 HI_SS0011    (1)    6 :  0.329 0.159 0.071 0.114 0.050 0.065 0.212 
307 HI_SS0012    (0)    6 :  0.075 0.065 0.076 0.120 0.397 0.081 0.186 
308 HI_SS0017    (1)    6 :  0.087 0.098 0.422 0.108 0.068 0.094 0.124 
309 HI_SS0021    (1)    6 :  0.082 0.219 0.120 0.088 0.104 0.157 0.230 
310 HI_SS0024    (1)    6 :  0.074 0.077 0.189 0.208 0.152 0.092 0.208 
311 HI_SS0025    (1)    6 :  0.149 0.091 0.330 0.148 0.096 0.102 0.083 
312 HI_SS0027    (0)    6 :  0.185 0.238 0.079 0.144 0.159 0.139 0.056 
313 HI_SS0028    (0)    6 :  0.082 0.058 0.127 0.290 0.085 0.048 0.310 
314 HI_SS0029    (1)    6 :  0.052 0.112 0.237 0.116 0.138 0.177 0.168 
315 HI_SS0030    (2)    6 :  0.109 0.118 0.113 0.173 0.224 0.135 0.127 
316 HI_SS0031    (0)    6 :  0.143 0.060 0.092 0.061 0.305 0.145 0.194 
317 HI_SS0034    (0)    6 :  0.161 0.180 0.085 0.069 0.168 0.248 0.089 
318 HI_SS0036    (0)    6 :  0.033 0.209 0.066 0.179 0.072 0.233 0.208 
319 HI_SS0037    (1)    6 :  0.102 0.329 0.094 0.138 0.093 0.162 0.082 
320 HI_SS0039    (0)    6 :  0.078 0.119 0.055 0.340 0.084 0.211 0.112 
321 HI_SS0041    (1)    6 :  0.062 0.087 0.190 0.342 0.098 0.110 0.111 
322 HI_SS0042    (1)    6 :  0.148 0.071 0.197 0.128 0.083 0.092 0.281 
323 HI_SS0043    (1)    6 :  0.055 0.349 0.047 0.062 0.190 0.159 0.137 
324 HI_SS0044    (1)    6 :  0.052 0.096 0.296 0.080 0.149 0.262 0.066 
325 HI_SS0047    (1)    6 :  0.119 0.102 0.186 0.192 0.107 0.118 0.176 
326 HI_SS0049    (0)    6 :  0.163 0.156 0.345 0.089 0.083 0.090 0.074 
327 HI_SS0051    (1)    6 :  0.165 0.114 0.055 0.327 0.133 0.076 0.129 
328 HI_SS0053    (1)    6 :  0.075 0.214 0.060 0.070 0.201 0.212 0.168 
329 HI_SS0054    (4)    6 :  0.191 0.334 0.038 0.146 0.093 0.118 0.079 
330 HI_SS0057    (0)    6 :  0.104 0.212 0.148 0.235 0.085 0.064 0.152 
331 HI_SS0058    (0)    6 :  0.160 0.220 0.153 0.102 0.082 0.171 0.112 
332 HI_SS0060    (0)    6 :  0.120 0.188 0.052 0.210 0.148 0.066 0.216 
333 HI_SS0087    (1)    6 :  0.166 0.226 0.110 0.074 0.137 0.091 0.197 
334 HI_SS0091    (0)    6 :  0.107 0.171 0.048 0.045 0.121 0.301 0.208 
335 HI_SS0095    (1)    6 :  0.128 0.078 0.062 0.114 0.169 0.223 0.225 
336 HI_SS0097    (3)    6 :  0.360 0.126 0.047 0.077 0.221 0.061 0.109 
337 HI_SS0099    (0)    6 :  0.120 0.110 0.288 0.130 0.087 0.174 0.091 
338 HI_SS0103    (0)    6 :  0.102 0.094 0.227 0.073 0.259 0.085 0.161 
339 HI_SS0105    (1)    6 :  0.133 0.117 0.057 0.143 0.191 0.071 0.288 
340 HI_SS0107    (1)    6 :  0.113 0.059 0.344 0.079 0.194 0.058 0.154 
341 HI_SS0108    (1)    6 :  0.084 0.312 0.055 0.068 0.096 0.289 0.096 
342 HI_SS0110    (0)    6 :  0.082 0.061 0.092 0.061 0.178 0.210 0.316 
343 HI_SS0111    (1)    6 :  0.077 0.128 0.104 0.138 0.186 0.163 0.204 
344 HI_SS0112    (0)    6 :  0.056 0.340 0.079 0.060 0.163 0.189 0.113 
345 HI_SS0113    (1)    6 :  0.118 0.094 0.289 0.087 0.078 0.060 0.274 
346 HI_SS0114    (1)    6 :  0.144 0.246 0.051 0.172 0.087 0.197 0.102 
347 HI_SS0115    (1)    6 :  0.111 0.096 0.185 0.124 0.230 0.211 0.044 
348 HI_SS0116    (4)    6 :  0.058 0.195 0.256 0.048 0.194 0.176 0.074 
349 HI_SS0117    (0)    6 :  0.210 0.166 0.061 0.049 0.104 0.148 0.262 
350 HI_SS0118    (0)    6 :  0.201 0.128 0.116 0.059 0.131 0.237 0.128 
351 HI_SS0119    (1)    6 :  0.096 0.171 0.035 0.084 0.293 0.101 0.220 
352 HI_SS0120    (1)    6 :  0.089 0.065 0.381 0.054 0.091 0.060 0.261 
353 HI_SS0121    (1)    6 :  0.184 0.074 0.056 0.199 0.066 0.056 0.366 
354 HI_SS0122    (2)    6 :  0.113 0.152 0.117 0.156 0.134 0.150 0.177 
355 HI_SS0123    (0)    6 :  0.178 0.096 0.104 0.064 0.214 0.126 0.218 
356 HI_SS0124    (1)    6 :  0.082 0.057 0.369 0.183 0.145 0.092 0.071 
357 HI_SS0125    (1)    6 :  0.113 0.063 0.165 0.170 0.152 0.162 0.174 
358 HI_SS0126    (0)    6 :  0.097 0.159 0.189 0.074 0.065 0.321 0.094 
359 HI_SS0127    (0)    6 :  0.157 0.180 0.067 0.334 0.130 0.066 0.066 
360 HI_SS0128    (0)    6 :  0.204 0.111 0.208 0.058 0.109 0.149 0.162 
361 HI_SS0129    (1)    6 :  0.070 0.196 0.141 0.147 0.090 0.231 0.125 
362 HI_SS0131    (2)    6 :  0.183 0.299 0.054 0.183 0.069 0.100 0.113 
363 HI_SS0132    (0)    6 :  0.156 0.095 0.056 0.103 0.202 0.167 0.221 
364 HI_SS0133    (1)    6 :  0.063 0.321 0.114 0.085 0.094 0.245 0.078 
365 HI_SS0134    (1)    6 :  0.170 0.134 0.104 0.109 0.186 0.154 0.143 
366 HI_SS0142    (3)    6 :  0.198 0.088 0.044 0.119 0.208 0.127 0.216 
367 HI_SS0145    (0)    6 :  0.251 0.143 0.126 0.060 0.131 0.172 0.116 
368 HI_SS0146    (1)    6 :  0.215 0.160 0.078 0.156 0.184 0.160 0.047 
369 HI_SS0147    (1)    6 :  0.161 0.072 0.079 0.390 0.089 0.076 0.133 
370 HI_SS0149    (1)    6 :  0.175 0.151 0.060 0.057 0.068 0.108 0.382 
371 HI_SS0150    (2)    6 :  0.131 0.113 0.208 0.235 0.100 0.096 0.117 
372 HI_SS0151    (0)    6 :  0.076 0.087 0.153 0.177 0.263 0.201 0.043 
373 NS_SS1451    (1)    6 :  0.087 0.054 0.226 0.216 0.216 0.096 0.106 
374 NS_SS1404    (0)    6 :  0.090 0.072 0.133 0.384 0.080 0.117 0.125 
375 NS_SS1432    (2)    6 :  0.051 0.059 0.285 0.098 0.103 0.091 0.312 
376 NS_SS1405    (4)    6 :  0.094 0.115 0.302 0.078 0.090 0.153 0.168 
377 NS_SS1431   (10)    6 :  0.094 0.093 0.261 0.108 0.113 0.068 0.264 
378 NS_SS1402    (3)    6 :  0.143 0.099 0.104 0.073 0.225 0.182 0.174 
379 NS_SS1450    (3)    6 :  0.071 0.169 0.198 0.124 0.086 0.245 0.108 
380 NS_SS1396    (0)    6 :  0.121 0.165 0.112 0.184 0.139 0.091 0.188 
381 NS_SS1393    (5)    6 :  0.066 0.125 0.105 0.131 0.249 0.246 0.078 
382 NS_SS1392   (10)    6 :  0.057 0.075 0.323 0.165 0.155 0.120 0.105 
383 NS_SS1445    (0)    6 :  0.144 0.244 0.052 0.113 0.072 0.150 0.225 
384 NS_SS1423    (0)    6 :  0.096 0.135 0.158 0.055 0.181 0.144 0.230 
385 NS_SS1421    (9)    6 :  0.131 0.255 0.115 0.072 0.140 0.108 0.179 
386 NS_SS1411    (6)    6 :  0.056 0.351 0.076 0.309 0.073 0.086 0.049 
387 NS_SS1453    (5)    6 :  0.073 0.156 0.065 0.098 0.132 0.169 0.306 
388 NS_SS1442    (2)    6 :  0.209 0.289 0.117 0.090 0.162 0.068 0.065 
389 NS_SS1422    (1)    6 :  0.261 0.054 0.091 0.069 0.243 0.184 0.097 
390 NS_SS1419    (1)    6 :  0.405 0.182 0.070 0.147 0.077 0.067 0.051 
391 NS_SS1427    (0)    6 :  0.044 0.167 0.165 0.050 0.102 0.373 0.100 
392 NS_SS1444    (3)    6 :  0.197 0.125 0.201 0.241 0.080 0.089 0.067 
393 NS_SS1455    (0)    6 :  0.258 0.098 0.292 0.048 0.126 0.055 0.124 
394 NS_SS1425    (2)    6 :  0.098 0.391 0.049 0.076 0.183 0.130 0.073 
395 NS_SS1400    (0)    6 :  0.206 0.331 0.105 0.096 0.051 0.122 0.089 
396 NS_SS1406    (1)    6 :  0.367 0.067 0.112 0.055 0.121 0.045 0.234 
397 NS_SS1417    (6)    6 :  0.162 0.254 0.190 0.094 0.073 0.108 0.119 
398 NS_SS1454    (2)    6 :  0.102 0.256 0.077 0.110 0.047 0.128 0.281 
399 NS_SS1412    (1)    6 :  0.085 0.150 0.163 0.189 0.166 0.145 0.103 
400 NS_SS1438    (1)    6 :  0.122 0.266 0.039 0.141 0.167 0.156 0.108 
401 NS_SS1416    (4)    6 :  0.106 0.112 0.121 0.139 0.215 0.117 0.190 
402 NS_SS1401    (0)    6 :  0.115 0.140 0.084 0.078 0.261 0.095 0.226 
403 NS_SS1424    (6)    6 :  0.106 0.110 0.063 0.130 0.230 0.118 0.245 
404 NS_SS1435    (9)    6 :  0.046 0.116 0.241 0.203 0.140 0.107 0.148 
405 NS_SS1447    (4)    6 :  0.191 0.169 0.144 0.218 0.135 0.053 0.090 
406 NS_SS1414    (3)    6 :  0.196 0.140 0.233 0.220 0.045 0.057 0.108 
407 NS_SS1449   (14)    6 :  0.115 0.074 0.086 0.097 0.333 0.127 0.167 
408 NS_SS1443    (4)    6 :  0.151 0.110 0.102 0.049 0.185 0.329 0.074 
409 NS_SS1434    (1)    6 :  0.102 0.088 0.317 0.049 0.161 0.221 0.062 
410 NS_SS1398    (1)    6 :  0.100 0.117 0.282 0.125 0.109 0.138 0.129 
411 NS_SS1426    (1)    6 :  0.069 0.281 0.084 0.112 0.159 0.154 0.140 
412 NS_SS1413    (0)    6 :  0.115 0.257 0.253 0.074 0.084 0.129 0.087 
413 NS_SS1395    (1)    6 :  0.075 0.190 0.069 0.067 0.264 0.168 0.167 
414 NS_SS1448   (10)    6 :  0.063 0.163 0.168 0.288 0.049 0.172 0.097 
415 NS_SS1446    (0)    6 :  0.110 0.130 0.073 0.094 0.150 0.275 0.168 
416 NS_SS1403    (2)    6 :  0.087 0.084 0.118 0.092 0.223 0.090 0.305 
417 NS_SS1415    (0)    6 :  0.112 0.225 0.115 0.152 0.098 0.202 0.097 
418 NS_SS1437    (4)    6 :  0.119 0.135 0.108 0.135 0.103 0.108 0.292 
419 NS_SS1439    (2)    6 :  0.181 0.115 0.080 0.091 0.202 0.182 0.149 
420 NS_SS1441    (3)    6 :  0.161 0.127 0.161 0.051 0.150 0.245 0.104 
421 NS_SS1420    (2)    6 :  0.053 0.052 0.094 0.556 0.085 0.113 0.047 
422 NS_SS1394    (2)    6 :  0.055 0.142 0.164 0.273 0.149 0.058 0.159 
423 NS_SS1391    (7)    6 :  0.054 0.174 0.314 0.055 0.122 0.140 0.141 
424 NS_SS1410    (5)    6 :  0.134 0.142 0.100 0.080 0.143 0.178 0.222 
425 NS_SS1408    (1)    6 :  0.124 0.113 0.078 0.149 0.197 0.090 0.249 
426 NS_SS1409    (1)    6 :  0.084 0.114 0.278 0.048 0.180 0.187 0.108 
427 HI_SS0617    (1)    7 :  0.066 0.053 0.146 0.114 0.187 0.348 0.086 
428 HI_SS0618    (2)    7 :  0.111 0.138 0.217 0.132 0.199 0.111 0.093 
429 HI_SS0619    (0)    7 :  0.088 0.115 0.248 0.129 0.076 0.240 0.103 
430 HI_SS0620    (1)    7 :  0.057 0.204 0.058 0.209 0.164 0.273 0.035 
431 HI_SS0621    (3)    7 :  0.159 0.083 0.129 0.135 0.155 0.144 0.195 
432 HI_SS0622    (1)    7 :  0.265 0.131 0.127 0.154 0.068 0.149 0.107 
433 HI_SS0626    (0)    7 :  0.072 0.153 0.082 0.391 0.091 0.087 0.125 
434 HI_SS0627    (0)    7 :  0.075 0.131 0.163 0.112 0.143 0.071 0.304 
435 HI_SS0628    (3)    7 :  0.062 0.206 0.118 0.109 0.053 0.234 0.219 
436 HI_SS0629    (1)    7 :  0.144 0.129 0.073 0.152 0.123 0.205 0.174 
437 HI_SS0630    (1)    7 :  0.095 0.133 0.113 0.211 0.122 0.249 0.078 
438 HI_SS0631    (0)    7 :  0.100 0.199 0.077 0.230 0.143 0.138 0.113 
439 HI_SS0632    (0)    7 :  0.219 0.216 0.088 0.225 0.085 0.067 0.099 
440 HI_SS0633    (0)    7 :  0.123 0.097 0.356 0.060 0.123 0.180 0.060 
441 HI_SS0634    (1)    7 :  0.088 0.094 0.078 0.223 0.104 0.164 0.250 
442 HI_SS0635    (0)    7 :  0.191 0.112 0.176 0.205 0.085 0.088 0.142 
443 HI_SS0637    (1)    7 :  0.187 0.119 0.044 0.206 0.126 0.122 0.197 
444 HI_SS0638    (0)    7 :  0.113 0.187 0.241 0.147 0.103 0.084 0.125 
445 HI_SS0639    (1)    7 :  0.124 0.075 0.130 0.218 0.204 0.117 0.131 
446 HI_SS0640    (1)    7 :  0.250 0.161 0.148 0.125 0.152 0.081 0.083 
447 HI_SS0641    (1)    7 :  0.076 0.154 0.074 0.262 0.097 0.224 0.114 
448 HI_SS0642    (0)    7 :  0.075 0.065 0.087 0.090 0.253 0.061 0.369 
449 HI_SS0645    (0)    7 :  0.126 0.066 0.200 0.363 0.146 0.049 0.049 
450 HI_SS0646    (1)    7 :  0.138 0.073 0.207 0.073 0.150 0.231 0.127 
451 HI_SS0647    (1)    7 :  0.126 0.140 0.286 0.094 0.064 0.113 0.177 
452 HI_SS0648    (0)    7 :  0.139 0.120 0.162 0.170 0.154 0.115 0.141 
453 HI_SS0649    (1)    7 :  0.169 0.132 0.159 0.076 0.216 0.171 0.078 
454 HI_SS0650    (1)    7 :  0.066 0.077 0.326 0.093 0.198 0.135 0.105 
455 HI_SS0651    (1)    7 :  0.101 0.098 0.158 0.139 0.324 0.100 0.079 
456 HI_SS0652    (1)    7 :  0.074 0.078 0.192 0.426 0.063 0.091 0.076 
457 NS_SS1371    (3)    7 :  0.073 0.069 0.079 0.054 0.328 0.237 0.161 
458 NS_SS1374    (0)    7 :  0.052 0.199 0.096 0.178 0.080 0.139 0.255 
459 NS_SS1337    (3)    7 :  0.114 0.064 0.115 0.312 0.058 0.092 0.244 
460 NS_SS1385    (5)    7 :  0.147 0.065 0.205 0.095 0.229 0.139 0.119 
461 NS_SS1388    (0)    7 :  0.108 0.190 0.262 0.084 0.083 0.157 0.117 
462 NS_SS1370    (1)    7 :  0.081 0.073 0.036 0.553 0.115 0.052 0.091 
463 NS_SS1389    (3)    7 :  0.098 0.145 0.296 0.167 0.062 0.107 0.125 
464 NS_SS1360    (1)    7 :  0.128 0.223 0.062 0.162 0.165 0.120 0.140 
465 NS_SS1330    (0)    7 :  0.135 0.081 0.166 0.258 0.183 0.073 0.104 
466 NS_SS1328    (8)    7 :  0.085 0.172 0.286 0.044 0.111 0.187 0.115 
467 NS_SS1384    (1)    7 :  0.142 0.137 0.047 0.174 0.216 0.153 0.132 
468 NS_SS1381    (0)    7 :  0.154 0.060 0.388 0.068 0.173 0.073 0.085 
469 NS_SS1375    (1)    7 :  0.041 0.073 0.364 0.177 0.117 0.117 0.112 
470 NS_SS1319   (10)    7 :  0.085 0.081 0.101 0.141 0.103 0.265 0.224 
471 NS_SS1326    (2)    7 :  0.063 0.285 0.201 0.052 0.074 0.230 0.094 
472 NS_SS1341    (1)    7 :  0.147 0.233 0.040 0.061 0.196 0.099 0.224 
473 NS_SS1383    (1)    7 :  0.081 0.101 0.049 0.154 0.119 0.112 0.383 
474 NS_SS1318    (3)    7 :  0.154 0.105 0.143 0.232 0.167 0.133 0.065 
475 NS_SS1348    (2)    7 :  0.110 0.229 0.049 0.127 0.232 0.139 0.114 
476 NS_SS1363    (0)    7 :  0.200 0.080 0.114 0.210 0.111 0.086 0.199 
477 NS_SS1335    (4)    7 :  0.233 0.186 0.045 0.135 0.163 0.127 0.111 
478 NS_SS1358    (0)    7 :  0.239 0.123 0.066 0.083 0.146 0.130 0.213 
479 NS_SS1342    (1)    7 :  0.165 0.087 0.057 0.045 0.154 0.190 0.301 
480 NS_SS1320    (2)    7 :  0.230 0.037 0.465 0.043 0.097 0.051 0.076 
481 NS_SS1355    (1)    7 :  0.362 0.127 0.147 0.110 0.094 0.080 0.080 
482 NS_SS1345    (1)    7 :  0.522 0.086 0.085 0.077 0.122 0.055 0.053 
483 NS_SS1324    (0)    7 :  0.109 0.195 0.076 0.111 0.157 0.226 0.126 
484 NS_SS1347    (5)    7 :  0.100 0.095 0.069 0.101 0.413 0.093 0.129 
485 NS_SS1321    (4)    7 :  0.065 0.128 0.053 0.143 0.117 0.210 0.285 
486 NS_SS1333    (0)    7 :  0.044 0.136 0.080 0.107 0.079 0.273 0.281 
487 NS_SS1364    (1)    7 :  0.217 0.319 0.086 0.051 0.132 0.063 0.132 
488 NS_SS1379    (0)    7 :  0.100 0.159 0.198 0.085 0.342 0.050 0.067 
489 NS_SS1332    (0)    7 :  0.091 0.276 0.120 0.071 0.088 0.204 0.150 
490 NS_SS1338    (5)    7 :  0.053 0.263 0.064 0.186 0.249 0.069 0.115 
491 NS_SS1368    (6)    7 :  0.285 0.151 0.098 0.058 0.058 0.176 0.174 
492 NS_SS1354    (1)    7 :  0.203 0.111 0.112 0.118 0.132 0.122 0.202 
493 NS_SS1365    (0)    7 :  0.165 0.087 0.179 0.215 0.100 0.115 0.138 
494 NS_SS1380    (1)    7 :  0.268 0.078 0.121 0.183 0.074 0.080 0.195 
495 NS_SS1329    (8)    7 :  0.200 0.172 0.081 0.040 0.081 0.121 0.305 
496 NS_SS1362    (0)    7 :  0.151 0.110 0.149 0.088 0.101 0.161 0.240 
497 NS_SS1327    (2)    7 :  0.036 0.351 0.076 0.083 0.094 0.274 0.086 
498 NS_SS1350    (0)    7 :  0.044 0.049 0.223 0.059 0.203 0.330 0.092 
499 NS_SS1387    (2)    7 :  0.119 0.184 0.114 0.271 0.149 0.084 0.080 
500 NS_SS1369    (8)    7 :  0.311 0.218 0.054 0.100 0.078 0.169 0.068 
501 NS_SS1331    (1)    7 :  0.076 0.152 0.150 0.214 0.078 0.148 0.181 
502 NS_SS1357    (4)    7 :  0.087 0.083 0.312 0.037 0.115 0.243 0.122 
503 NS_SS1386    (1)    7 :  0.126 0.344 0.045 0.040 0.082 0.156 0.208 
504 NS_SS1353    (2)    7 :  0.086 0.112 0.334 0.077 0.115 0.116 0.160 
505 NS_SS1323    (0)    7 :  0.215 0.062 0.166 0.130 0.094 0.084 0.249 
506 HI_SS0296    (0)    8 :  0.161 0.215 0.081 0.197 0.158 0.142 0.046 
507 HI_SS0297    (0)    8 :  0.061 0.084 0.225 0.070 0.123 0.116 0.322 
508 HI_SS0299    (0)    8 :  0.200 0.176 0.096 0.143 0.166 0.115 0.105 
509 HI_SS0300    (0)    8 :  0.247 0.223 0.085 0.167 0.163 0.072 0.043 
510 HI_SS0301    (0)    8 :  0.119 0.224 0.041 0.332 0.092 0.036 0.157 
511 HI_SS0302    (0)    8 :  0.127 0.262 0.063 0.283 0.098 0.098 0.069 
512 HI_SS0303    (0)    8 :  0.088 0.298 0.239 0.051 0.103 0.165 0.057 
513 HI_SS0304    (0)    8 :  0.052 0.179 0.282 0.176 0.048 0.099 0.164 
514 HI_SS0306    (5)    8 :  0.092 0.281 0.080 0.224 0.054 0.183 0.086 
515 HI_SS0307    (1)    8 :  0.201 0.047 0.127 0.163 0.085 0.191 0.185 
516 HI_SS0308    (1)    8 :  0.174 0.151 0.050 0.106 0.291 0.077 0.152 
