

----------------------------------------------------
STRUCTURE by Pritchard, Stephens and Donnelly (2000)
     and Falush, Stephens and Pritchard (2003)
       Code by Pritchard, Falush and Hubisz
             Version 2.3.4 (Jul 2012)
----------------------------------------------------



Command line arguments:   /home/genobiwan/Documents/Programs/Structure/structure -m parameter_job_k7_r3 
Input File:    /media/genobiwan/Storage/Projets/Mackerel_NWA_2021/data_job_k7_r3

Run parameters:
   557 individuals
   3930 loci
   7 populations assumed
   10000 Burn-in period
   100000 Reps


--------------------------------------------
Proportion of membership of each pre-defined
 population in each of the 7 clusters

Given    Inferred Clusters                                   Number of
 Pop       1      2      3      4      5      6      7      Individuals

  1:     0.138  0.152  0.139  0.142  0.149  0.155  0.125       67
  2:     0.179  0.138  0.161  0.127  0.121  0.134  0.140       32
  3:     0.131  0.144  0.157  0.126  0.145  0.165  0.132       92
  4:     0.129  0.141  0.138  0.160  0.124  0.134  0.174       36
  5:     0.131  0.120  0.141  0.142  0.146  0.161  0.159       41
  6:     0.142  0.147  0.137  0.151  0.146  0.131  0.147      158
  7:     0.148  0.153  0.145  0.144  0.137  0.133  0.140       79
  8:     0.125  0.145  0.141  0.142  0.161  0.141  0.146       52
--------------------------------------------

Allele-freq. divergence among pops (Net nucleotide distance),
computed using point estimates of P.

      1       2       3       4       5       6       7      
 1      -    0.0047  0.0053  0.0050  0.0052  0.0050  0.0060  
 2   0.0047     -    0.0033  0.0029  0.0025  0.0030  0.0037  
 3   0.0053  0.0033     -    0.0040  0.0034  0.0041  0.0052  
 4   0.0050  0.0029  0.0040     -    0.0035  0.0036  0.0045  
 5   0.0052  0.0025  0.0034  0.0035     -    0.0033  0.0039  
 6   0.0050  0.0030  0.0041  0.0036  0.0033     -    0.0046  
 7   0.0060  0.0037  0.0052  0.0045  0.0039  0.0046     -    

Average distances (expected heterozygosity) between individuals in same cluster:
cluster  1  : 0.3100 
cluster  2  : 0.3140 
cluster  3  : 0.3096 
cluster  4  : 0.3114 
cluster  5  : 0.3109 
cluster  6  : 0.3107 
cluster  7  : 0.3105 

--------------------------------------------
Estimated Ln Prob of Data   = -2096259.7
Mean value of ln likelihood = -2059575.4
Variance of ln likelihood   = 73368.5
Mean value of alpha         = 1.3885

Mean value of Fst_1         = 0.0596
Mean value of Fst_2         = 0.0411
Mean value of Fst_3         = 0.0484
Mean value of Fst_4         = 0.0464
Mean value of Fst_5         = 0.0489
Mean value of Fst_6         = 0.0505
Mean value of Fst_7         = 0.0543


Inferred ancestry of individuals:
        Label (%Miss) Pop:  Inferred clusters
  1 NS_SS0963    (4)    1 :  0.066 0.159 0.173 0.240 0.071 0.215 0.076 
  2 NS_SS0983    (1)    1 :  0.036 0.232 0.065 0.095 0.312 0.073 0.188 
  3 NS_SS0719    (8)    1 :  0.099 0.209 0.209 0.148 0.078 0.112 0.145 
  4 NS_SS1001    (8)    1 :  0.305 0.066 0.187 0.084 0.103 0.162 0.094 
  5 NS_SS0936    (4)    1 :  0.186 0.067 0.056 0.225 0.115 0.239 0.114 
  6 NS_SS0955    (5)    1 :  0.044 0.101 0.157 0.206 0.158 0.178 0.156 
  7 NS_SS0944    (3)    1 :  0.106 0.089 0.152 0.104 0.179 0.220 0.150 
  8 NS_SS0945    (3)    1 :  0.274 0.076 0.066 0.116 0.276 0.079 0.113 
  9 NS_SS0922    (2)    1 :  0.277 0.128 0.194 0.108 0.044 0.134 0.115 
 10 NS_SS0929    (7)    1 :  0.070 0.132 0.073 0.146 0.199 0.173 0.207 
 11 NS_SS0956    (2)    1 :  0.157 0.113 0.383 0.082 0.075 0.105 0.084 
 12 NS_SS0906    (3)    1 :  0.079 0.127 0.099 0.127 0.185 0.244 0.139 
 13 NS_SS0721    (6)    1 :  0.078 0.154 0.286 0.108 0.212 0.081 0.080 
 14 NS_SS0982    (4)    1 :  0.101 0.273 0.169 0.106 0.128 0.163 0.060 
 15 NS_SS0923    (5)    1 :  0.192 0.153 0.115 0.121 0.143 0.164 0.112 
 16 NS_SS0905    (6)    1 :  0.128 0.285 0.074 0.038 0.229 0.133 0.112 
 17 NS_SS0925    (3)    1 :  0.102 0.103 0.153 0.107 0.144 0.287 0.104 
 18 NS_SS0947    (5)    1 :  0.169 0.085 0.103 0.141 0.108 0.272 0.122 
 19 NS_SS0926    (2)    1 :  0.058 0.191 0.075 0.258 0.162 0.071 0.185 
 20 NS_SS0918    (6)    1 :  0.105 0.056 0.087 0.143 0.289 0.272 0.047 
 21 NS_SS0966    (4)    1 :  0.120 0.164 0.089 0.167 0.143 0.237 0.079 
 22 NS_SS0938    (2)    1 :  0.203 0.063 0.097 0.419 0.055 0.065 0.096 
 23 NS_SS0917    (2)    1 :  0.139 0.276 0.112 0.107 0.087 0.071 0.209 
 24 NS_SS0957   (11)    1 :  0.099 0.112 0.269 0.175 0.133 0.106 0.106 
 25 NS_SS0987    (1)    1 :  0.088 0.167 0.357 0.082 0.132 0.101 0.074 
 26 NS_SS0717    (4)    1 :  0.279 0.143 0.167 0.046 0.133 0.153 0.080 
 27 NS_SS0986    (2)    1 :  0.096 0.188 0.175 0.129 0.254 0.079 0.081 
 28 NS_SS0953    (4)    1 :  0.158 0.068 0.096 0.057 0.192 0.351 0.078 
 29 NS_SS0907    (3)    1 :  0.074 0.228 0.070 0.058 0.210 0.280 0.078 
 30 NS_SS0974    (6)    1 :  0.154 0.100 0.074 0.095 0.151 0.264 0.162 
 31 NS_SS0989    (1)    1 :  0.065 0.109 0.092 0.236 0.091 0.076 0.331 
 32 NS_SS0991    (2)    1 :  0.043 0.198 0.215 0.058 0.287 0.124 0.074 
 33 NS_SS0994    (2)    1 :  0.139 0.115 0.071 0.082 0.134 0.066 0.393 
 34 NS_SS0931    (6)    1 :  0.053 0.134 0.139 0.226 0.233 0.086 0.129 
 35 NS_SS1000    (5)    1 :  0.297 0.117 0.090 0.115 0.075 0.213 0.093 
 36 NS_SS0919    (1)    1 :  0.047 0.398 0.049 0.138 0.131 0.146 0.090 
 37 NS_SS0949    (3)    1 :  0.080 0.193 0.149 0.175 0.095 0.100 0.208 
 38 NS_SS0960   (10)    1 :  0.055 0.178 0.126 0.088 0.187 0.207 0.159 
 39 NS_SS0716    (2)    1 :  0.331 0.150 0.232 0.058 0.120 0.046 0.064 
 40 NS_SS0924    (8)    1 :  0.062 0.230 0.153 0.112 0.140 0.165 0.138 
 41 NS_SS0935    (1)    1 :  0.068 0.278 0.160 0.046 0.182 0.097 0.169 
 42 NS_SS0952   (13)    1 :  0.066 0.186 0.069 0.126 0.247 0.167 0.139 
 43 NS_SS0962   (10)    1 :  0.207 0.144 0.091 0.250 0.163 0.092 0.054 
 44 NS_SS0973    (5)    1 :  0.066 0.200 0.099 0.071 0.123 0.340 0.102 
 45 NS_SS0722    (1)    1 :  0.404 0.086 0.076 0.070 0.103 0.195 0.066 
 46 NS_SS0979   (13)    1 :  0.120 0.152 0.217 0.131 0.182 0.132 0.067 
 47 NS_SS0993    (2)    1 :  0.153 0.131 0.125 0.175 0.129 0.199 0.089 
 48 NS_SS0958    (1)    1 :  0.140 0.136 0.082 0.101 0.264 0.106 0.170 
 49 NS_SS0988    (4)    1 :  0.069 0.216 0.097 0.214 0.139 0.171 0.093 
 50 NS_SS1003    (2)    1 :  0.044 0.184 0.258 0.315 0.052 0.105 0.042 
 51 NS_SS0976    (0)    1 :  0.054 0.074 0.087 0.303 0.255 0.103 0.124 
 52 NS_SS0964   (10)    1 :  0.330 0.118 0.212 0.057 0.071 0.131 0.082 
 53 NS_SS0939    (4)    1 :  0.351 0.080 0.235 0.157 0.086 0.040 0.052 
 54 NS_SS0990    (6)    1 :  0.193 0.073 0.111 0.309 0.120 0.048 0.146 
 55 NS_SS0984    (2)    1 :  0.317 0.141 0.092 0.174 0.069 0.128 0.080 
 56 NS_SS0980    (9)    1 :  0.141 0.088 0.060 0.066 0.063 0.413 0.168 
 57 NS_SS0978    (4)    1 :  0.209 0.188 0.093 0.110 0.071 0.217 0.112 
 58 NS_SS0951   (17)    1 :  0.066 0.142 0.235 0.065 0.290 0.105 0.098 
 59 NS_SS0913    (3)    1 :  0.222 0.103 0.264 0.093 0.127 0.082 0.110 
 60 NS_SS1002    (1)    1 :  0.076 0.097 0.051 0.349 0.099 0.269 0.058 
 61 NS_SS0948    (1)    1 :  0.079 0.161 0.098 0.163 0.232 0.141 0.126 
 62 NS_SS0916    (4)    1 :  0.125 0.132 0.090 0.174 0.076 0.126 0.278 
 63 NS_SS0995    (1)    1 :  0.135 0.171 0.143 0.098 0.092 0.162 0.198 
 64 NS_SS0927    (6)    1 :  0.139 0.292 0.060 0.093 0.131 0.092 0.192 
 65 NS_SS0992    (5)    1 :  0.145 0.084 0.082 0.153 0.064 0.205 0.267 
 66 NS_SS0912    (1)    1 :  0.066 0.180 0.262 0.116 0.212 0.077 0.087 
 67 NS_SS0981    (1)    1 :  0.077 0.192 0.176 0.176 0.161 0.158 0.060 
 68 NS_SS0729    (5)    2 :  0.060 0.094 0.048 0.094 0.113 0.187 0.405 
 69 NS_SS0967   (14)    2 :  0.086 0.237 0.088 0.159 0.110 0.258 0.064 
 70 NS_SS0941    (7)    2 :  0.242 0.101 0.140 0.196 0.069 0.106 0.145 
 71 NS_SS0768   (12)    2 :  0.111 0.091 0.302 0.116 0.170 0.140 0.071 
 72 NS_SS0726    (4)    2 :  0.088 0.091 0.061 0.264 0.055 0.138 0.303 
 73 NS_SS0763    (4)    2 :  0.165 0.210 0.100 0.091 0.094 0.111 0.229 
 74 NS_SS0730    (6)    2 :  0.220 0.162 0.133 0.152 0.123 0.123 0.088 
 75 NS_SS0774    (1)    2 :  0.280 0.052 0.069 0.151 0.097 0.240 0.111 
 76 NS_SS0723    (3)    2 :  0.152 0.181 0.128 0.166 0.090 0.228 0.055 
 77 NS_SS0940    (9)    2 :  0.197 0.106 0.105 0.192 0.157 0.070 0.172 
 78 NS_SS0762    (1)    2 :  0.361 0.110 0.162 0.064 0.054 0.180 0.069 
 79 NS_SS0766   (11)    2 :  0.288 0.167 0.141 0.074 0.103 0.066 0.160 
 80 NS_SS0724    (1)    2 :  0.135 0.115 0.240 0.095 0.191 0.153 0.070 
 81 NS_SS0769    (3)    2 :  0.152 0.265 0.151 0.117 0.119 0.097 0.098 
 82 NS_SS0777    (2)    2 :  0.075 0.229 0.109 0.113 0.301 0.081 0.091 
 83 NS_SS0734    (6)    2 :  0.147 0.141 0.242 0.094 0.116 0.089 0.170 
 84 NS_SS0737    (3)    2 :  0.412 0.086 0.098 0.135 0.080 0.107 0.082 
 85 NS_SS0732    (5)    2 :  0.081 0.133 0.317 0.064 0.176 0.153 0.077 
 86 NS_SS0728    (5)    2 :  0.186 0.108 0.188 0.128 0.108 0.106 0.175 
 87 NS_SS0735    (9)    2 :  0.246 0.079 0.177 0.058 0.152 0.180 0.109 
 88 NS_SS0725    (1)    2 :  0.290 0.053 0.179 0.243 0.056 0.078 0.102 
 89 NS_SS0788    (2)    2 :  0.084 0.302 0.101 0.222 0.092 0.121 0.077 
 90 NS_SS0778    (2)    2 :  0.056 0.276 0.121 0.216 0.120 0.110 0.101 
 91 NS_SS0792    (6)    2 :  0.076 0.111 0.235 0.071 0.093 0.152 0.262 
 92 NS_SS0943   (11)    2 :  0.045 0.105 0.226 0.079 0.109 0.233 0.204 
 93 NS_SS0791    (2)    2 :  0.104 0.075 0.169 0.137 0.167 0.087 0.260 
 94 NS_SS0790    (5)    2 :  0.161 0.071 0.329 0.072 0.095 0.232 0.042 
 95 NS_SS0731    (6)    2 :  0.178 0.174 0.336 0.071 0.107 0.080 0.054 
 96 NS_SS0727    (6)    2 :  0.274 0.073 0.087 0.053 0.061 0.104 0.348 
 97 NS_SS0779   (12)    2 :  0.125 0.228 0.112 0.137 0.230 0.098 0.069 
 98 NS_SS0776    (3)    2 :  0.286 0.097 0.115 0.145 0.175 0.066 0.117 
 99 NS_SS0775    (5)    2 :  0.371 0.075 0.131 0.089 0.094 0.131 0.110 
100 NS_SS0965    (3)    3 :  0.063 0.150 0.247 0.140 0.136 0.187 0.077 
101 NS_SS0754   (13)    3 :  0.060 0.107 0.278 0.097 0.116 0.105 0.238 
102 NS_SS0838    (5)    3 :  0.169 0.087 0.078 0.245 0.233 0.085 0.102 
103 NS_SS0839    (3)    3 :  0.233 0.067 0.172 0.169 0.087 0.163 0.109 
104 NS_SS0832    (4)    3 :  0.143 0.143 0.197 0.096 0.079 0.303 0.038 
105 NS_SS0820    (4)    3 :  0.095 0.207 0.272 0.168 0.096 0.113 0.049 
106 NS_SS0886    (9)    3 :  0.098 0.169 0.183 0.130 0.139 0.089 0.193 
107 NS_SS0748    (5)    3 :  0.066 0.193 0.088 0.126 0.265 0.169 0.092 
108 NS_SS0884    (9)    3 :  0.117 0.104 0.155 0.134 0.106 0.199 0.185 
109 NS_SS0752    (3)    3 :  0.224 0.098 0.085 0.137 0.108 0.207 0.140 
110 NS_SS0862    (1)    3 :  0.065 0.097 0.321 0.074 0.147 0.229 0.067 
111 NS_SS0787    (9)    3 :  0.072 0.146 0.098 0.107 0.185 0.105 0.287 
112 NS_SS0843    (6)    3 :  0.108 0.250 0.176 0.067 0.108 0.161 0.129 
113 NS_SS0856    (4)    3 :  0.256 0.222 0.100 0.108 0.095 0.080 0.140 
114 NS_SS0846    (2)    3 :  0.102 0.188 0.052 0.138 0.112 0.265 0.143 
115 NS_SS0825    (1)    3 :  0.062 0.143 0.203 0.295 0.103 0.098 0.095 
116 NS_SS0757    (3)    3 :  0.082 0.168 0.185 0.123 0.207 0.146 0.089 
117 NS_SS0876    (3)    3 :  0.213 0.188 0.160 0.081 0.091 0.160 0.107 
118 NS_SS0903    (9)    3 :  0.107 0.100 0.061 0.097 0.100 0.438 0.097 
119 NS_SS0875    (7)    3 :  0.197 0.169 0.120 0.149 0.181 0.092 0.091 
120 NS_SS0740    (5)    3 :  0.171 0.192 0.143 0.080 0.163 0.149 0.103 
121 NS_SS0811    (5)    3 :  0.170 0.085 0.299 0.067 0.188 0.130 0.062 
122 NS_SS0751    (1)    3 :  0.245 0.156 0.072 0.198 0.165 0.088 0.075 
123 NS_SS0891    (6)    3 :  0.225 0.092 0.119 0.247 0.106 0.098 0.112 
124 NS_SS0867    (2)    3 :  0.032 0.198 0.181 0.106 0.074 0.286 0.123 
125 NS_SS0890    (6)    3 :  0.127 0.292 0.081 0.109 0.149 0.138 0.103 
126 NS_SS0866   (11)    3 :  0.087 0.054 0.086 0.133 0.157 0.089 0.394 
127 NS_SS0755    (4)    3 :  0.105 0.144 0.257 0.119 0.065 0.184 0.125 
128 NS_SS0758    (4)    3 :  0.193 0.147 0.076 0.111 0.178 0.132 0.162 
129 NS_SS0840    (2)    3 :  0.127 0.096 0.162 0.207 0.084 0.270 0.055 
130 NS_SS0889    (4)    3 :  0.067 0.083 0.260 0.096 0.169 0.097 0.229 
131 NS_SS1010    (1)    3 :  0.111 0.259 0.091 0.143 0.134 0.177 0.086 
132 NS_SS0888    (5)    3 :  0.101 0.082 0.150 0.050 0.078 0.105 0.433 
133 NS_SS0837    (3)    3 :  0.078 0.128 0.326 0.065 0.083 0.263 0.057 
134 NS_SS0794    (9)    3 :  0.186 0.097 0.106 0.052 0.220 0.076 0.262 
135 NS_SS0823    (4)    3 :  0.203 0.071 0.099 0.136 0.147 0.278 0.067 
136 NS_SS0829    (7)    3 :  0.045 0.080 0.128 0.069 0.465 0.092 0.122 
137 NS_SS0844    (5)    3 :  0.049 0.108 0.131 0.050 0.085 0.515 0.063 
138 NS_SS1008    (5)    3 :  0.256 0.092 0.116 0.070 0.117 0.119 0.231 
139 NS_SS0881    (3)    3 :  0.100 0.216 0.105 0.256 0.101 0.080 0.144 
140 NS_SS0834    (6)    3 :  0.338 0.084 0.120 0.221 0.091 0.080 0.066 
141 NS_SS0744   (10)    3 :  0.074 0.138 0.150 0.181 0.095 0.191 0.171 
142 NS_SS0899    (7)    3 :  0.151 0.068 0.231 0.076 0.275 0.157 0.042 
143 NS_SS0804    (4)    3 :  0.138 0.149 0.220 0.125 0.122 0.204 0.043 
144 NS_SS0781   (10)    3 :  0.156 0.160 0.065 0.211 0.166 0.200 0.042 
145 NS_SS0822    (6)    3 :  0.169 0.082 0.115 0.101 0.255 0.145 0.134 
146 NS_SS1004    (4)    3 :  0.087 0.237 0.130 0.090 0.091 0.290 0.076 
147 NS_SS0746    (5)    3 :  0.124 0.190 0.082 0.116 0.166 0.214 0.108 
148 NS_SS0880    (3)    3 :  0.137 0.068 0.142 0.219 0.090 0.252 0.091 
149 NS_SS0879    (4)    3 :  0.221 0.077 0.213 0.120 0.070 0.174 0.125 
150 NS_SS0753    (2)    3 :  0.059 0.160 0.161 0.070 0.238 0.149 0.163 
151 NS_SS1007    (2)    3 :  0.272 0.228 0.052 0.134 0.077 0.094 0.143 
152 NS_SS0872    (5)    3 :  0.185 0.174 0.111 0.121 0.106 0.197 0.105 
153 NS_SS1005    (7)    3 :  0.146 0.162 0.074 0.147 0.139 0.282 0.051 
154 NS_SS0892    (6)    3 :  0.170 0.244 0.138 0.111 0.147 0.095 0.095 
155 NS_SS0898    (0)    3 :  0.093 0.103 0.151 0.150 0.150 0.164 0.190 
156 NS_SS0801    (9)    3 :  0.090 0.171 0.211 0.081 0.229 0.130 0.087 
157 NS_SS0827    (8)    3 :  0.071 0.382 0.141 0.065 0.174 0.084 0.082 
158 NS_SS0853    (6)    3 :  0.109 0.169 0.218 0.042 0.223 0.106 0.133 
159 NS_SS0780    (2)    3 :  0.143 0.197 0.168 0.184 0.128 0.106 0.074 
160 NS_SS0826   (10)    3 :  0.044 0.103 0.088 0.316 0.166 0.214 0.069 
161 NS_SS0818    (5)    3 :  0.212 0.110 0.144 0.175 0.095 0.205 0.060 
162 NS_SS0745    (1)    3 :  0.439 0.061 0.240 0.106 0.073 0.033 0.048 
163 NS_SS0849    (3)    3 :  0.068 0.134 0.392 0.137 0.141 0.081 0.047 
164 NS_SS0739    (3)    3 :  0.127 0.164 0.172 0.235 0.119 0.062 0.120 
165 NS_SS0799    (1)    3 :  0.122 0.153 0.111 0.051 0.179 0.149 0.236 
166 NS_SS0756    (2)    3 :  0.089 0.123 0.130 0.146 0.111 0.346 0.055 
167 NS_SS0802    (2)    3 :  0.120 0.388 0.057 0.148 0.084 0.100 0.103 
168 NS_SS0747    (6)    3 :  0.096 0.191 0.080 0.140 0.155 0.235 0.104 
169 NS_SS0835    (1)    3 :  0.067 0.263 0.067 0.077 0.074 0.127 0.325 
170 NS_SS0742   (18)    3 :  0.097 0.156 0.136 0.201 0.148 0.162 0.099 
171 NS_SS0760    (9)    3 :  0.107 0.128 0.057 0.088 0.322 0.101 0.197 
172 NS_SS0803    (4)    3 :  0.096 0.060 0.074 0.053 0.102 0.492 0.123 
173 NS_SS0828   (13)    3 :  0.118 0.189 0.217 0.105 0.163 0.112 0.097 
174 NS_SS0865    (2)    3 :  0.044 0.147 0.249 0.154 0.103 0.183 0.121 
175 NS_SS0759    (4)    3 :  0.249 0.170 0.149 0.094 0.186 0.104 0.046 
176 NS_SS0851    (5)    3 :  0.122 0.055 0.516 0.122 0.074 0.060 0.050 
177 NS_SS0874   (16)    3 :  0.144 0.097 0.086 0.096 0.196 0.322 0.060 
178 NS_SS0761    (6)    3 :  0.044 0.087 0.150 0.135 0.204 0.159 0.222 
179 NS_SS0842   (25)    3 :  0.163 0.131 0.110 0.094 0.191 0.149 0.162 
180 NS_SS0785    (6)    3 :  0.089 0.139 0.139 0.071 0.108 0.237 0.218 
181 NS_SS0860   (11)    3 :  0.071 0.196 0.072 0.071 0.135 0.142 0.312 
182 NS_SS0897    (7)    3 :  0.080 0.073 0.152 0.075 0.232 0.080 0.309 
183 NS_SS0841   (14)    3 :  0.231 0.081 0.272 0.080 0.150 0.131 0.055 
184 NS_SS0797    (6)    3 :  0.046 0.157 0.243 0.150 0.140 0.119 0.145 
185 NS_SS0830   (10)    3 :  0.084 0.121 0.206 0.173 0.165 0.130 0.121 
186 NS_SS1011    (5)    3 :  0.072 0.121 0.176 0.272 0.067 0.234 0.058 
187 NS_SS0883    (5)    3 :  0.066 0.198 0.163 0.049 0.227 0.137 0.159 
188 NS_SS0782    (2)    3 :  0.232 0.069 0.102 0.068 0.072 0.178 0.279 
189 NS_SS0831    (5)    3 :  0.060 0.070 0.251 0.074 0.223 0.075 0.247 
190 NS_SS0749    (7)    3 :  0.114 0.102 0.232 0.128 0.150 0.092 0.181 
191 NS_SS0854    (2)    3 :  0.179 0.106 0.140 0.080 0.087 0.145 0.263 
192 HI_SS0193    (0)    4 :  0.145 0.041 0.190 0.221 0.099 0.063 0.241 
193 HI_SS0194    (0)    4 :  0.297 0.064 0.070 0.316 0.108 0.075 0.071 
194 HI_SS0195    (9)    4 :  0.153 0.098 0.291 0.259 0.090 0.067 0.042 
195 HI_SS0196    (6)    4 :  0.273 0.066 0.083 0.095 0.167 0.136 0.180 
196 HI_SS0197    (3)    4 :  0.089 0.151 0.045 0.478 0.077 0.081 0.079 
197 HI_SS0198    (1)    4 :  0.080 0.108 0.251 0.116 0.181 0.107 0.156 
198 HI_SS0199    (1)    4 :  0.172 0.139 0.078 0.057 0.057 0.148 0.348 
199 HI_SS0201    (4)    4 :  0.033 0.244 0.183 0.078 0.131 0.116 0.215 
200 HI_SS0215    (1)    4 :  0.044 0.226 0.118 0.094 0.144 0.127 0.249 
201 HI_SS0218    (1)    4 :  0.110 0.051 0.184 0.058 0.087 0.072 0.439 
202 HI_SS0222    (0)    4 :  0.175 0.123 0.228 0.141 0.103 0.070 0.161 
203 HI_SS0230    (1)    4 :  0.097 0.270 0.097 0.164 0.223 0.094 0.054 
204 HI_SS0234    (1)    4 :  0.150 0.142 0.054 0.177 0.067 0.195 0.215 
205 HI_SS0240    (1)    4 :  0.256 0.160 0.116 0.082 0.044 0.147 0.194 
206 HI_SS0241    (0)    4 :  0.060 0.212 0.130 0.132 0.133 0.092 0.240 
207 HI_SS0242    (0)    4 :  0.094 0.117 0.180 0.118 0.098 0.207 0.186 
208 HI_SS0247    (0)    4 :  0.072 0.056 0.103 0.221 0.265 0.211 0.071 
209 HI_SS0248    (1)    4 :  0.207 0.117 0.054 0.042 0.180 0.136 0.264 
210 HI_SS0252    (2)    4 :  0.234 0.054 0.176 0.115 0.159 0.149 0.113 
211 HI_SS0254    (1)    4 :  0.070 0.285 0.060 0.209 0.100 0.151 0.126 
212 HI_SS0256    (0)    4 :  0.188 0.135 0.150 0.122 0.051 0.324 0.031 
213 HI_SS0257    (0)    4 :  0.062 0.111 0.045 0.177 0.122 0.219 0.264 
214 HI_SS0258    (1)    4 :  0.106 0.130 0.128 0.077 0.159 0.139 0.261 
215 HI_SS0259    (1)    4 :  0.187 0.134 0.155 0.317 0.064 0.068 0.074 
216 HI_SS0260    (1)    4 :  0.192 0.147 0.077 0.070 0.109 0.109 0.295 
217 HI_SS0261    (2)    4 :  0.128 0.156 0.057 0.252 0.099 0.165 0.143 
218 HI_SS0262    (0)    4 :  0.106 0.133 0.296 0.093 0.067 0.150 0.155 
219 HI_SS0264    (1)    4 :  0.184 0.158 0.146 0.150 0.204 0.090 0.068 
220 HI_SS0265    (0)    4 :  0.085 0.276 0.229 0.163 0.071 0.098 0.079 
221 HI_SS0268    (1)    4 :  0.151 0.235 0.086 0.160 0.248 0.037 0.082 
222 HI_SS0269    (1)    4 :  0.042 0.109 0.048 0.142 0.099 0.157 0.402 
223 HI_SS0273    (0)    4 :  0.065 0.110 0.120 0.112 0.122 0.249 0.222 
224 HI_SS0277    (1)    4 :  0.043 0.115 0.105 0.432 0.082 0.146 0.077 
225 HI_SS0280    (0)    4 :  0.159 0.094 0.274 0.136 0.142 0.068 0.126 
226 HI_SS0282    (1)    4 :  0.080 0.095 0.164 0.086 0.142 0.237 0.196 
227 HI_SS0286    (1)    4 :  0.054 0.220 0.197 0.113 0.173 0.105 0.139 
228 NS_SS1252    (3)    5 :  0.076 0.077 0.079 0.054 0.265 0.092 0.357 
229 NS_SS1261    (1)    5 :  0.097 0.097 0.092 0.180 0.270 0.150 0.115 
230 NS_SS1225    (9)    5 :  0.053 0.163 0.066 0.116 0.237 0.249 0.116 
231 NS_SS1266    (1)    5 :  0.104 0.084 0.140 0.101 0.108 0.409 0.054 
232 NS_SS1228    (0)    5 :  0.093 0.095 0.360 0.128 0.104 0.092 0.129 
233 NS_SS1255    (2)    5 :  0.399 0.040 0.064 0.083 0.092 0.162 0.161 
234 NS_SS1267    (3)    5 :  0.051 0.168 0.135 0.079 0.122 0.045 0.399 
235 NS_SS1238    (6)    5 :  0.106 0.071 0.125 0.313 0.229 0.066 0.090 
236 NS_SS1233    (8)    5 :  0.137 0.061 0.087 0.106 0.275 0.287 0.047 
237 NS_SS1277    (3)    5 :  0.191 0.076 0.156 0.091 0.048 0.081 0.357 
238 NS_SS1245    (1)    5 :  0.153 0.155 0.065 0.143 0.191 0.178 0.114 
239 NS_SS1240    (4)    5 :  0.060 0.194 0.046 0.109 0.188 0.066 0.336 
240 NS_SS1275    (2)    5 :  0.082 0.068 0.226 0.402 0.051 0.119 0.051 
241 NS_SS1235    (1)    5 :  0.231 0.104 0.042 0.143 0.076 0.279 0.124 
242 NS_SS1263    (1)    5 :  0.267 0.049 0.067 0.103 0.244 0.218 0.051 
243 NS_SS1251    (1)    5 :  0.154 0.117 0.080 0.127 0.146 0.297 0.077 
244 NS_SS1248    (0)    5 :  0.062 0.090 0.396 0.126 0.224 0.048 0.054 
245 NS_SS1244    (0)    5 :  0.039 0.080 0.090 0.388 0.126 0.174 0.103 
246 NS_SS1257    (0)    5 :  0.131 0.172 0.118 0.066 0.128 0.087 0.298 
247 NS_SS1242    (2)    5 :  0.308 0.088 0.138 0.116 0.103 0.188 0.060 
248 NS_SS1271    (6)    5 :  0.053 0.124 0.125 0.121 0.097 0.097 0.384 
249 NS_SS1265    (1)    5 :  0.100 0.169 0.092 0.127 0.226 0.094 0.192 
250 NS_SS1243    (0)    5 :  0.233 0.097 0.258 0.067 0.183 0.072 0.090 
251 NS_SS1273    (1)    5 :  0.339 0.098 0.118 0.111 0.087 0.178 0.069 
252 NS_SS1254   (14)    5 :  0.143 0.095 0.097 0.079 0.208 0.299 0.079 
253 NS_SS1224    (1)    5 :  0.117 0.082 0.277 0.092 0.076 0.260 0.097 
254 NS_SS1227    (8)    5 :  0.097 0.454 0.043 0.100 0.095 0.065 0.144 
255 NS_SS1274    (8)    5 :  0.134 0.071 0.120 0.129 0.236 0.124 0.186 
256 NS_SS1241    (1)    5 :  0.064 0.115 0.177 0.130 0.115 0.194 0.205 
257 NS_SS1256    (3)    5 :  0.079 0.141 0.073 0.184 0.123 0.261 0.138 
258 NS_SS1260    (8)    5 :  0.084 0.165 0.082 0.072 0.167 0.130 0.299 
259 NS_SS1262    (0)    5 :  0.049 0.119 0.162 0.121 0.124 0.236 0.188 
260 NS_SS1230    (0)    5 :  0.157 0.123 0.120 0.110 0.192 0.130 0.169 
261 NS_SS1270    (2)    5 :  0.055 0.114 0.331 0.132 0.122 0.184 0.063 
262 NS_SS1229    (2)    5 :  0.216 0.082 0.041 0.277 0.114 0.174 0.096 
263 NS_SS1246    (5)    5 :  0.081 0.104 0.064 0.316 0.136 0.094 0.204 
264 NS_SS1269    (0)    5 :  0.170 0.153 0.195 0.097 0.115 0.160 0.110 
265 NS_SS1239    (1)    5 :  0.180 0.123 0.283 0.069 0.059 0.147 0.140 
266 NS_SS1272    (4)    5 :  0.057 0.259 0.065 0.366 0.068 0.121 0.063 
267 NS_SS1268    (1)    5 :  0.082 0.137 0.387 0.054 0.112 0.161 0.068 
268 NS_SS1249    (0)    5 :  0.103 0.060 0.080 0.071 0.099 0.133 0.455 
269 HI_SS0559    (0)    6 :  0.178 0.181 0.232 0.044 0.100 0.128 0.137 
270 HI_SS0563    (1)    6 :  0.082 0.115 0.101 0.157 0.117 0.270 0.158 
271 HI_SS0564    (0)    6 :  0.109 0.101 0.139 0.280 0.169 0.128 0.075 
272 HI_SS0565    (0)    6 :  0.073 0.362 0.063 0.162 0.124 0.118 0.097 
273 HI_SS0569    (0)    6 :  0.036 0.269 0.057 0.081 0.315 0.153 0.090 
274 HI_SS0570    (0)    6 :  0.096 0.136 0.139 0.167 0.165 0.051 0.246 
275 HI_SS0572    (1)    6 :  0.293 0.195 0.079 0.102 0.067 0.170 0.094 
276 HI_SS0576    (0)    6 :  0.198 0.098 0.257 0.165 0.136 0.078 0.070 
277 HI_SS0579    (1)    6 :  0.080 0.193 0.087 0.062 0.129 0.300 0.148 
278 HI_SS0580    (1)    6 :  0.198 0.098 0.137 0.062 0.083 0.129 0.292 
279 HI_SS0581    (0)    6 :  0.088 0.149 0.275 0.290 0.091 0.058 0.049 
280 HI_SS0583    (1)    6 :  0.172 0.195 0.035 0.065 0.202 0.099 0.232 
281 HI_SS0586    (1)    6 :  0.089 0.188 0.118 0.074 0.259 0.041 0.231 
282 HI_SS0588    (1)    6 :  0.095 0.221 0.100 0.046 0.191 0.172 0.175 
283 HI_SS0595    (4)    6 :  0.089 0.222 0.056 0.263 0.081 0.092 0.197 
284 HI_SS0596    (0)    6 :  0.406 0.121 0.091 0.061 0.067 0.144 0.109 
285 HI_SS0597    (1)    6 :  0.255 0.104 0.055 0.230 0.144 0.132 0.081 
286 HI_SS0600    (0)    6 :  0.062 0.156 0.120 0.196 0.080 0.135 0.250 
287 HI_SS0601    (1)    6 :  0.032 0.186 0.135 0.158 0.174 0.223 0.091 
288 HI_SS0602    (1)    6 :  0.129 0.278 0.161 0.042 0.235 0.042 0.112 
289 HI_SS0604    (0)    6 :  0.169 0.133 0.155 0.080 0.285 0.098 0.080 
290 HI_SS0605    (1)    6 :  0.078 0.175 0.309 0.068 0.099 0.105 0.166 
291 HI_SS0608    (0)    6 :  0.244 0.153 0.119 0.175 0.170 0.055 0.085 
292 HI_SS0609    (0)    6 :  0.159 0.127 0.063 0.125 0.125 0.316 0.086 
293 HI_SS0611    (5)    6 :  0.086 0.146 0.245 0.052 0.178 0.057 0.236 
294 HI_SS0612    (1)    6 :  0.065 0.071 0.035 0.070 0.080 0.484 0.194 
295 HI_SS0613    (1)    6 :  0.091 0.119 0.424 0.054 0.099 0.101 0.111 
296 HI_SS0615    (0)    6 :  0.271 0.157 0.163 0.158 0.087 0.101 0.064 
297 HI_SS0001    (1)    6 :  0.221 0.062 0.090 0.198 0.073 0.102 0.253 
298 HI_SS0002    (1)    6 :  0.175 0.240 0.083 0.092 0.104 0.253 0.052 
299 HI_SS0004    (0)    6 :  0.200 0.141 0.124 0.093 0.190 0.059 0.193 
300 HI_SS0005    (1)    6 :  0.095 0.171 0.355 0.119 0.102 0.076 0.082 
301 HI_SS0006    (1)    6 :  0.063 0.097 0.062 0.159 0.159 0.250 0.209 
302 HI_SS0007    (1)    6 :  0.069 0.053 0.405 0.066 0.085 0.068 0.254 
303 HI_SS0008    (0)    6 :  0.076 0.368 0.155 0.142 0.097 0.103 0.060 
304 HI_SS0009    (0)    6 :  0.232 0.123 0.291 0.051 0.105 0.118 0.080 
305 HI_SS0010    (1)    6 :  0.100 0.169 0.143 0.127 0.242 0.100 0.119 
306 HI_SS0011    (1)    6 :  0.063 0.076 0.128 0.261 0.146 0.270 0.056 
307 HI_SS0012    (0)    6 :  0.096 0.312 0.102 0.141 0.094 0.181 0.074 
308 HI_SS0017    (1)    6 :  0.374 0.057 0.117 0.208 0.063 0.074 0.106 
309 HI_SS0021    (1)    6 :  0.110 0.300 0.093 0.126 0.142 0.071 0.158 
310 HI_SS0024    (1)    6 :  0.181 0.099 0.188 0.271 0.078 0.085 0.097 
311 HI_SS0025    (1)    6 :  0.321 0.087 0.173 0.089 0.129 0.117 0.085 
312 HI_SS0027    (0)    6 :  0.098 0.143 0.135 0.058 0.282 0.153 0.130 
313 HI_SS0028    (0)    6 :  0.148 0.300 0.226 0.148 0.060 0.084 0.033 
314 HI_SS0029    (1)    6 :  0.275 0.083 0.079 0.166 0.111 0.095 0.192 
315 HI_SS0030    (2)    6 :  0.107 0.157 0.181 0.157 0.090 0.140 0.169 
316 HI_SS0031    (0)    6 :  0.101 0.328 0.055 0.121 0.080 0.203 0.112 
317 HI_SS0034    (0)    6 :  0.087 0.139 0.089 0.086 0.156 0.177 0.266 
318 HI_SS0036    (0)    6 :  0.065 0.121 0.170 0.248 0.128 0.033 0.234 
319 HI_SS0037    (1)    6 :  0.094 0.115 0.134 0.057 0.379 0.067 0.154 
320 HI_SS0039    (0)    6 :  0.064 0.109 0.312 0.117 0.084 0.084 0.230 
321 HI_SS0041    (1)    6 :  0.179 0.081 0.333 0.176 0.100 0.053 0.078 
322 HI_SS0042    (1)    6 :  0.199 0.126 0.145 0.250 0.084 0.124 0.072 
323 HI_SS0043    (1)    6 :  0.042 0.084 0.060 0.255 0.306 0.052 0.201 
324 HI_SS0044    (1)    6 :  0.317 0.098 0.064 0.078 0.075 0.084 0.284 
325 HI_SS0047    (1)    6 :  0.193 0.138 0.230 0.098 0.098 0.129 0.115 
326 HI_SS0049    (0)    6 :  0.336 0.115 0.085 0.086 0.198 0.104 0.076 
327 HI_SS0051    (1)    6 :  0.052 0.129 0.360 0.054 0.128 0.193 0.085 
328 HI_SS0053    (1)    6 :  0.057 0.172 0.070 0.256 0.159 0.071 0.216 
329 HI_SS0054    (4)    6 :  0.037 0.100 0.150 0.143 0.252 0.175 0.143 
330 HI_SS0057    (0)    6 :  0.107 0.060 0.198 0.264 0.249 0.065 0.056 
331 HI_SS0058    (0)    6 :  0.152 0.119 0.112 0.059 0.240 0.133 0.186 
332 HI_SS0060    (0)    6 :  0.046 0.208 0.179 0.215 0.185 0.112 0.056 
333 HI_SS0087    (1)    6 :  0.098 0.224 0.075 0.192 0.182 0.133 0.096 
334 HI_SS0091    (0)    6 :  0.047 0.102 0.050 0.251 0.144 0.101 0.306 
335 HI_SS0095    (1)    6 :  0.066 0.261 0.136 0.129 0.079 0.157 0.171 
336 HI_SS0097    (3)    6 :  0.054 0.120 0.074 0.077 0.234 0.360 0.080 
337 HI_SS0099    (0)    6 :  0.294 0.177 0.089 0.072 0.173 0.077 0.117 
338 HI_SS0103    (0)    6 :  0.228 0.132 0.089 0.167 0.073 0.164 0.148 
339 HI_SS0105    (1)    6 :  0.053 0.191 0.146 0.242 0.126 0.162 0.080 
340 HI_SS0107    (1)    6 :  0.301 0.077 0.105 0.243 0.065 0.143 0.066 
341 HI_SS0108    (1)    6 :  0.055 0.073 0.069 0.103 0.236 0.101 0.362 
342 HI_SS0110    (0)    6 :  0.082 0.087 0.059 0.345 0.067 0.143 0.217 
343 HI_SS0111    (1)    6 :  0.104 0.174 0.113 0.199 0.141 0.108 0.161 
344 HI_SS0112    (0)    6 :  0.076 0.106 0.065 0.142 0.267 0.078 0.266 
345 HI_SS0113    (1)    6 :  0.279 0.087 0.109 0.234 0.116 0.113 0.061 
346 HI_SS0114    (1)    6 :  0.058 0.159 0.158 0.087 0.266 0.106 0.166 
347 HI_SS0115    (1)    6 :  0.234 0.167 0.120 0.035 0.126 0.159 0.159 
348 HI_SS0116    (4)    6 :  0.268 0.104 0.046 0.062 0.179 0.089 0.253 
349 HI_SS0117    (0)    6 :  0.052 0.142 0.050 0.225 0.091 0.220 0.220 
350 HI_SS0118    (0)    6 :  0.122 0.126 0.070 0.108 0.172 0.177 0.225 
351 HI_SS0119    (1)    6 :  0.040 0.103 0.081 0.257 0.191 0.178 0.150 
352 HI_SS0120    (1)    6 :  0.300 0.050 0.071 0.395 0.051 0.072 0.061 
353 HI_SS0121    (1)    6 :  0.051 0.127 0.166 0.321 0.114 0.171 0.051 
354 HI_SS0122    (2)    6 :  0.110 0.092 0.152 0.258 0.157 0.108 0.122 
355 HI_SS0123    (0)    6 :  0.105 0.136 0.065 0.208 0.092 0.272 0.121 
356 HI_SS0124    (1)    6 :  0.381 0.105 0.149 0.081 0.081 0.129 0.073 
357 HI_SS0125    (1)    6 :  0.179 0.189 0.172 0.179 0.078 0.118 0.086 
358 HI_SS0126    (0)    6 :  0.196 0.065 0.068 0.096 0.103 0.102 0.369 
359 HI_SS0127    (0)    6 :  0.076 0.209 0.273 0.071 0.200 0.104 0.067 
360 HI_SS0128    (0)    6 :  0.207 0.122 0.066 0.208 0.098 0.149 0.150 
361 HI_SS0129    (1)    6 :  0.139 0.133 0.150 0.175 0.133 0.067 0.203 
362 HI_SS0131    (2)    6 :  0.056 0.192 0.160 0.072 0.291 0.132 0.099 
363 HI_SS0132    (0)    6 :  0.066 0.139 0.095 0.250 0.127 0.173 0.150 
364 HI_SS0133    (1)    6 :  0.091 0.067 0.102 0.160 0.169 0.064 0.346 
365 HI_SS0134    (1)    6 :  0.110 0.184 0.112 0.116 0.121 0.197 0.160 
366 HI_SS0142    (3)    6 :  0.050 0.250 0.107 0.124 0.095 0.254 0.121 
367 HI_SS0145    (0)    6 :  0.128 0.121 0.080 0.082 0.152 0.278 0.159 
368 HI_SS0146    (1)    6 :  0.086 0.150 0.157 0.066 0.120 0.207 0.213 
369 HI_SS0147    (1)    6 :  0.076 0.055 0.424 0.090 0.091 0.186 0.078 
370 HI_SS0149    (1)    6 :  0.050 0.062 0.063 0.473 0.086 0.154 0.112 
371 HI_SS0150    (2)    6 :  0.208 0.113 0.199 0.162 0.163 0.087 0.068 
372 HI_SS0151    (0)    6 :  0.174 0.100 0.170 0.058 0.097 0.172 0.230 
373 NS_SS1451    (1)    6 :  0.237 0.122 0.198 0.178 0.073 0.112 0.079 
374 NS_SS1404    (0)    6 :  0.127 0.099 0.390 0.107 0.056 0.098 0.122 
375 NS_SS1432    (2)    6 :  0.291 0.138 0.074 0.307 0.071 0.054 0.065 
376 NS_SS1405    (4)    6 :  0.331 0.116 0.099 0.074 0.119 0.110 0.152 
377 NS_SS1431   (10)    6 :  0.229 0.108 0.086 0.336 0.107 0.076 0.057 
378 NS_SS1402    (3)    6 :  0.115 0.149 0.084 0.189 0.106 0.178 0.179 
379 NS_SS1450    (3)    6 :  0.188 0.055 0.153 0.136 0.157 0.066 0.245 
380 NS_SS1396    (0)    6 :  0.153 0.163 0.136 0.130 0.230 0.098 0.091 
381 NS_SS1393    (5)    6 :  0.137 0.168 0.118 0.065 0.177 0.085 0.251 
382 NS_SS1392   (10)    6 :  0.284 0.122 0.197 0.110 0.076 0.080 0.130 
383 NS_SS1445    (0)    6 :  0.057 0.297 0.136 0.159 0.157 0.069 0.125 
384 NS_SS1423    (0)    6 :  0.136 0.163 0.053 0.261 0.074 0.119 0.193 
385 NS_SS1421    (9)    6 :  0.101 0.078 0.087 0.305 0.223 0.100 0.106 
386 NS_SS1411    (6)    6 :  0.078 0.088 0.287 0.063 0.325 0.049 0.110 
387 NS_SS1453    (5)    6 :  0.059 0.107 0.114 0.299 0.144 0.076 0.201 
388 NS_SS1442    (2)    6 :  0.133 0.206 0.080 0.066 0.292 0.158 0.065 
389 NS_SS1422    (1)    6 :  0.106 0.058 0.066 0.144 0.085 0.325 0.216 
390 NS_SS1419    (1)    6 :  0.080 0.069 0.131 0.105 0.336 0.221 0.057 
391 NS_SS1427    (0)    6 :  0.152 0.068 0.056 0.172 0.099 0.048 0.404 
392 NS_SS1444    (3)    6 :  0.178 0.253 0.218 0.056 0.102 0.117 0.076 
393 NS_SS1455    (0)    6 :  0.285 0.093 0.053 0.121 0.129 0.259 0.060 
394 NS_SS1425    (2)    6 :  0.039 0.127 0.075 0.100 0.413 0.081 0.164 
395 NS_SS1400    (0)    6 :  0.100 0.095 0.106 0.066 0.312 0.157 0.165 
396 NS_SS1406    (1)    6 :  0.119 0.099 0.057 0.234 0.138 0.312 0.041 
397 NS_SS1417    (6)    6 :  0.152 0.059 0.108 0.210 0.213 0.152 0.105 
398 NS_SS1454    (2)    6 :  0.086 0.095 0.113 0.281 0.249 0.053 0.124 
399 NS_SS1412    (1)    6 :  0.160 0.144 0.181 0.113 0.121 0.093 0.187 
400 NS_SS1438    (1)    6 :  0.032 0.188 0.155 0.075 0.235 0.123 0.190 
401 NS_SS1416    (4)    6 :  0.131 0.133 0.142 0.157 0.148 0.161 0.128 
402 NS_SS1401    (0)    6 :  0.095 0.214 0.070 0.255 0.149 0.114 0.103 
403 NS_SS1424    (6)    6 :  0.061 0.141 0.158 0.240 0.073 0.185 0.143 
404 NS_SS1435    (9)    6 :  0.199 0.286 0.158 0.111 0.105 0.050 0.092 
405 NS_SS1447    (4)    6 :  0.131 0.149 0.214 0.117 0.211 0.126 0.053 
406 NS_SS1414    (3)    6 :  0.227 0.096 0.246 0.094 0.165 0.120 0.053 
407 NS_SS1449   (14)    6 :  0.081 0.066 0.098 0.325 0.137 0.136 0.156 
408 NS_SS1443    (4)    6 :  0.118 0.138 0.049 0.082 0.089 0.188 0.337 
409 NS_SS1434    (1)    6 :  0.302 0.067 0.052 0.082 0.089 0.149 0.258 
410 NS_SS1398    (1)    6 :  0.289 0.128 0.100 0.143 0.166 0.076 0.099 
411 NS_SS1426    (1)    6 :  0.077 0.276 0.099 0.112 0.140 0.090 0.207 
412 NS_SS1413    (0)    6 :  0.237 0.100 0.083 0.125 0.178 0.092 0.184 
413 NS_SS1395    (1)    6 :  0.072 0.396 0.063 0.116 0.106 0.077 0.170 
414 NS_SS1448   (10)    6 :  0.155 0.084 0.301 0.145 0.083 0.049 0.182 
415 NS_SS1446    (0)    6 :  0.077 0.149 0.118 0.167 0.111 0.112 0.265 
416 NS_SS1403    (2)    6 :  0.126 0.290 0.066 0.248 0.126 0.074 0.071 
417 NS_SS1415    (0)    6 :  0.133 0.126 0.138 0.098 0.177 0.112 0.216 
418 NS_SS1437    (4)    6 :  0.100 0.227 0.111 0.279 0.113 0.095 0.075 
419 NS_SS1439    (2)    6 :  0.088 0.216 0.102 0.080 0.102 0.262 0.150 
420 NS_SS1441    (3)    6 :  0.180 0.169 0.051 0.082 0.189 0.122 0.207 
421 NS_SS1420    (2)    6 :  0.099 0.054 0.538 0.062 0.085 0.063 0.097 
422 NS_SS1394    (2)    6 :  0.155 0.274 0.205 0.114 0.148 0.059 0.045 
423 NS_SS1391    (7)    6 :  0.286 0.197 0.071 0.090 0.091 0.069 0.196 
424 NS_SS1410    (5)    6 :  0.103 0.113 0.072 0.241 0.172 0.108 0.190 
425 NS_SS1408    (1)    6 :  0.065 0.257 0.161 0.210 0.097 0.133 0.078 
426 NS_SS1409    (1)    6 :  0.272 0.104 0.052 0.091 0.102 0.160 0.218 
427 HI_SS0617    (1)    7 :  0.157 0.056 0.137 0.081 0.056 0.156 0.358 
428 HI_SS0618    (2)    7 :  0.224 0.125 0.133 0.091 0.175 0.149 0.103 
429 HI_SS0619    (0)    7 :  0.270 0.128 0.134 0.079 0.153 0.068 0.168 
430 HI_SS0620    (1)    7 :  0.067 0.067 0.253 0.054 0.160 0.073 0.327 
431 HI_SS0621    (3)    7 :  0.121 0.161 0.156 0.180 0.075 0.193 0.114 
432 HI_SS0622    (1)    7 :  0.124 0.086 0.200 0.109 0.100 0.235 0.146 
433 HI_SS0626    (0)    7 :  0.076 0.220 0.315 0.116 0.160 0.047 0.067 
434 HI_SS0627    (0)    7 :  0.160 0.142 0.082 0.349 0.128 0.073 0.067 
435 HI_SS0628    (3)    7 :  0.098 0.144 0.109 0.217 0.176 0.066 0.190 
436 HI_SS0629    (1)    7 :  0.070 0.288 0.112 0.134 0.123 0.111 0.162 
437 HI_SS0630    (1)    7 :  0.143 0.144 0.183 0.053 0.162 0.114 0.201 
438 HI_SS0631    (0)    7 :  0.083 0.150 0.205 0.122 0.175 0.091 0.175 
439 HI_SS0632    (0)    7 :  0.077 0.077 0.237 0.184 0.252 0.102 0.071 
440 HI_SS0633    (0)    7 :  0.388 0.081 0.059 0.052 0.134 0.124 0.161 
441 HI_SS0634    (1)    7 :  0.080 0.114 0.224 0.222 0.097 0.111 0.153 
442 HI_SS0635    (0)    7 :  0.183 0.232 0.204 0.087 0.114 0.126 0.054 
443 HI_SS0637    (1)    7 :  0.047 0.178 0.241 0.130 0.114 0.184 0.106 
444 HI_SS0638    (0)    7 :  0.205 0.086 0.150 0.131 0.178 0.129 0.121 
445 HI_SS0639    (1)    7 :  0.141 0.300 0.208 0.100 0.053 0.118 0.080 
446 HI_SS0640    (1)    7 :  0.150 0.324 0.107 0.059 0.123 0.167 0.070 
447 HI_SS0641    (1)    7 :  0.081 0.236 0.221 0.045 0.182 0.065 0.171 
448 HI_SS0642    (0)    7 :  0.077 0.139 0.078 0.445 0.075 0.121 0.066 
449 HI_SS0645    (0)    7 :  0.237 0.058 0.290 0.066 0.169 0.123 0.057 
450 HI_SS0646    (1)    7 :  0.207 0.111 0.074 0.117 0.068 0.204 0.218 
451 HI_SS0647    (1)    7 :  0.226 0.065 0.126 0.258 0.124 0.097 0.105 
452 HI_SS0648    (0)    7 :  0.154 0.159 0.174 0.099 0.091 0.183 0.140 
453 HI_SS0649    (1)    7 :  0.184 0.177 0.076 0.082 0.221 0.124 0.136 
454 HI_SS0650    (1)    7 :  0.334 0.131 0.099 0.117 0.101 0.084 0.134 
455 HI_SS0651    (1)    7 :  0.164 0.278 0.112 0.078 0.100 0.159 0.110 
456 HI_SS0652    (1)    7 :  0.199 0.091 0.445 0.062 0.083 0.054 0.067 
457 NS_SS1371    (3)    7 :  0.099 0.340 0.054 0.109 0.068 0.120 0.210 
458 NS_SS1374    (0)    7 :  0.094 0.126 0.226 0.220 0.100 0.048 0.187 
459 NS_SS1337    (3)    7 :  0.087 0.048 0.356 0.300 0.052 0.082 0.075 
460 NS_SS1385    (5)    7 :  0.188 0.217 0.103 0.086 0.059 0.207 0.140 
461 NS_SS1388    (0)    7 :  0.286 0.152 0.064 0.103 0.251 0.053 0.090 
462 NS_SS1370    (1)    7 :  0.038 0.055 0.524 0.091 0.135 0.096 0.062 
463 NS_SS1389    (3)    7 :  0.298 0.138 0.146 0.136 0.148 0.059 0.075 
464 NS_SS1360    (1)    7 :  0.069 0.233 0.142 0.068 0.289 0.101 0.098 
465 NS_SS1330    (0)    7 :  0.177 0.165 0.224 0.051 0.070 0.242 0.072 
466 NS_SS1328    (8)    7 :  0.256 0.089 0.054 0.180 0.088 0.101 0.231 
467 NS_SS1384    (1)    7 :  0.043 0.341 0.151 0.125 0.069 0.144 0.128 
468 NS_SS1381    (0)    7 :  0.382 0.071 0.084 0.077 0.097 0.204 0.085 
469 NS_SS1375    (1)    7 :  0.356 0.134 0.147 0.111 0.060 0.060 0.133 
470 NS_SS1319   (10)    7 :  0.117 0.151 0.128 0.215 0.090 0.120 0.178 
471 NS_SS1326    (2)    7 :  0.208 0.102 0.053 0.104 0.225 0.057 0.251 
472 NS_SS1341    (1)    7 :  0.038 0.173 0.071 0.282 0.231 0.081 0.125 
473 NS_SS1383    (1)    7 :  0.041 0.181 0.150 0.368 0.075 0.070 0.115 
474 NS_SS1318    (3)    7 :  0.141 0.148 0.229 0.071 0.130 0.142 0.140 
475 NS_SS1348    (2)    7 :  0.047 0.299 0.136 0.107 0.132 0.086 0.193 
476 NS_SS1363    (0)    7 :  0.129 0.093 0.213 0.129 0.098 0.254 0.084 
477 NS_SS1335    (4)    7 :  0.046 0.192 0.122 0.119 0.235 0.183 0.103 
478 NS_SS1358    (0)    7 :  0.059 0.098 0.095 0.213 0.119 0.264 0.152 
479 NS_SS1342    (1)    7 :  0.057 0.165 0.047 0.239 0.072 0.195 0.224 
480 NS_SS1320    (2)    7 :  0.480 0.047 0.046 0.085 0.073 0.227 0.042 
481 NS_SS1355    (1)    7 :  0.160 0.156 0.119 0.099 0.191 0.200 0.075 
482 NS_SS1345    (1)    7 :  0.074 0.069 0.090 0.080 0.119 0.515 0.052 
483 NS_SS1324    (0)    7 :  0.077 0.266 0.094 0.108 0.178 0.106 0.169 
484 NS_SS1347    (5)    7 :  0.093 0.247 0.102 0.115 0.104 0.202 0.136 
485 NS_SS1321    (4)    7 :  0.066 0.113 0.168 0.210 0.120 0.086 0.236 
486 NS_SS1333    (0)    7 :  0.085 0.188 0.100 0.225 0.104 0.043 0.256 
487 NS_SS1364    (1)    7 :  0.064 0.274 0.067 0.144 0.230 0.154 0.068 
488 NS_SS1379    (0)    7 :  0.218 0.132 0.073 0.125 0.270 0.116 0.067 
489 NS_SS1332    (0)    7 :  0.110 0.228 0.056 0.100 0.213 0.071 0.222 
490 NS_SS1338    (5)    7 :  0.066 0.188 0.182 0.111 0.282 0.082 0.089 
491 NS_SS1368    (6)    7 :  0.097 0.137 0.076 0.164 0.126 0.201 0.199 
492 NS_SS1354    (1)    7 :  0.125 0.165 0.108 0.131 0.122 0.235 0.113 
493 NS_SS1365    (0)    7 :  0.177 0.101 0.210 0.165 0.092 0.149 0.106 
494 NS_SS1380    (1)    7 :  0.136 0.126 0.239 0.099 0.112 0.220 0.068 
495 NS_SS1329    (8)    7 :  0.081 0.113 0.046 0.268 0.131 0.199 0.162 
496 NS_SS1362    (0)    7 :  0.143 0.200 0.091 0.131 0.090 0.190 0.154 
497 NS_SS1327    (2)    7 :  0.069 0.179 0.070 0.090 0.237 0.033 0.322 
498 NS_SS1350    (0)    7 :  0.259 0.178 0.074 0.067 0.048 0.102 0.271 
499 NS_SS1387    (2)    7 :  0.131 0.198 0.190 0.083 0.232 0.079 0.088 
500 NS_SS1369    (8)    7 :  0.057 0.048 0.126 0.190 0.226 0.199 0.153 
501 NS_SS1331    (1)    7 :  0.136 0.071 0.177 0.227 0.211 0.055 0.123 
502 NS_SS1357    (4)    7 :  0.282 0.059 0.043 0.194 0.060 0.087 0.274 
503 NS_SS1386    (1)    7 :  0.042 0.072 0.043 0.298 0.235 0.102 0.210 
504 NS_SS1353    (2)    7 :  0.289 0.143 0.078 0.174 0.125 0.084 0.108 
505 NS_SS1323    (0)    7 :  0.155 0.138 0.132 0.269 0.055 0.174 0.076 
506 HI_SS0296    (0)    8 :  0.084 0.057 0.178 0.086 0.316 0.112 0.167 
507 HI_SS0297    (0)    8 :  0.182 0.080 0.069 0.402 0.078 0.073 0.118 
508 HI_SS0299    (0)    8 :  0.078 0.091 0.161 0.175 0.205 0.181 0.108 
509 HI_SS0300    (0)    8 :  0.094 0.092 0.157 0.094 0.374 0.115 0.072 
510 HI_SS0301    (0)    8 :  0.042 0.278 0.284 0.116 0.163 0.079 0.037 
511 HI_SS0302    (0)    8 :  0.062 0.167 0.267 0.067 0.214 0.088 0.135 
512 HI_SS0303    (0)    8 :  0.247 0.109 0.046 0.080 0.257 0.073 0.188 
513 HI_SS0304    (0)    8 :  0.269 0.074 0.186 0.146 0.152 0.058 0.113 
514 HI_SS0306    (5)    8 :  0.078 0.073 0.271 0.120 0.155 0.075 0.227 
515 HI_SS0307    (1)    8 :  0.157 0.159 0.206 0.092 0.066 0.203 0.117 
516 HI_SS0308    (1)    8 :  0.056 0.281 0.072 0.108 0.227 0.201 0.055 
