   NS_SS0963  1 0.2854 0.0778 0.2215 0.2082 0.1462 0.0609 
   NS_SS0983  1 0.1372 0.3059 0.1933 0.1598 0.1471 0.0568 
   NS_SS0719  1 0.2479 0.1397 0.2073 0.1222 0.1479 0.1349 
   NS_SS1001  1 0.0649 0.0953 0.1564 0.1902 0.2861 0.2070 
   NS_SS0936  1 0.2124 0.0796 0.0917 0.2704 0.2235 0.1223 
   NS_SS0955  1 0.2039 0.1809 0.2392 0.1967 0.1277 0.0515 
   NS_SS0944  1 0.1076 0.1699 0.2120 0.2681 0.1539 0.0885 
   NS_SS0945  1 0.1429 0.1899 0.1086 0.1585 0.1425 0.2576 
   NS_SS0922  1 0.1561 0.0791 0.1869 0.1157 0.2943 0.1679 
   NS_SS0929  1 0.1852 0.2161 0.1150 0.2337 0.1198 0.1302 
   NS_SS0956  1 0.0853 0.0786 0.3557 0.1225 0.1343 0.2236 
   NS_SS0906  1 0.1386 0.1820 0.1111 0.3386 0.0984 0.1313 
   NS_SS0721  1 0.1473 0.1193 0.3984 0.0810 0.1181 0.1360 
   NS_SS0982  1 0.2070 0.1101 0.1411 0.2633 0.0890 0.1895 
   NS_SS0923  1 0.1451 0.1136 0.1050 0.2067 0.1461 0.2835 
   NS_SS0905  1 0.0888 0.1368 0.0932 0.2313 0.1192 0.3307 
   NS_SS0925  1 0.1137 0.0624 0.1879 0.2743 0.2490 0.1127 
   NS_SS0947  1 0.1590 0.1140 0.1156 0.2516 0.2145 0.1453 
   NS_SS0926  1 0.2709 0.2942 0.0894 0.1488 0.0486 0.1481 
   NS_SS0918  1 0.1059 0.0691 0.1436 0.4605 0.0572 0.1637 
   NS_SS0966  1 0.2116 0.1006 0.1044 0.3059 0.1295 0.1480 
   NS_SS0938  1 0.3307 0.0828 0.0973 0.1254 0.2487 0.1150 
   NS_SS0917  1 0.2686 0.2270 0.1091 0.0652 0.1340 0.1960 
   NS_SS0957  1 0.1503 0.1307 0.2499 0.1389 0.0730 0.2572 
   NS_SS0987  1 0.0863 0.1332 0.3249 0.1382 0.0488 0.2686 
   NS_SS0717  1 0.0509 0.0885 0.1551 0.1943 0.1857 0.3255 
   NS_SS0986  1 0.1527 0.1822 0.2457 0.1644 0.0506 0.2044 
   NS_SS0953  1 0.0623 0.0827 0.1742 0.2934 0.2391 0.1484 
   NS_SS0907  1 0.1373 0.1420 0.0975 0.4063 0.0863 0.1305 
   NS_SS0974  1 0.1373 0.1627 0.0875 0.2028 0.2417 0.1680 
   NS_SS0989  1 0.2777 0.2895 0.1057 0.0588 0.1977 0.0705 
   NS_SS0991  1 0.0759 0.2038 0.2813 0.3110 0.0581 0.0698 
   NS_SS0994  1 0.0962 0.4146 0.0936 0.0877 0.2099 0.0979 
   NS_SS0931  1 0.1702 0.2533 0.2370 0.1961 0.0585 0.0849 
   NS_SS1000  1 0.1527 0.0893 0.1032 0.2200 0.1976 0.2372 
   NS_SS0919  1 0.3540 0.1686 0.0737 0.2282 0.0664 0.1092 
   NS_SS0949  1 0.2152 0.2062 0.2027 0.0728 0.2429 0.0600 
   NS_SS0960  1 0.1414 0.2177 0.1298 0.2107 0.0910 0.2094 
   NS_SS0716  1 0.0580 0.0908 0.1457 0.0487 0.0596 0.5972 
   NS_SS0924  1 0.1510 0.1761 0.1522 0.2625 0.1156 0.1426 
   NS_SS0935  1 0.0862 0.2984 0.1826 0.1736 0.1126 0.1465 
   NS_SS0952  1 0.1811 0.2497 0.0835 0.2597 0.1019 0.1241 
   NS_SS0962  1 0.2996 0.0852 0.1124 0.1272 0.1258 0.2498 
   NS_SS0973  1 0.1209 0.1197 0.1704 0.2673 0.2365 0.0851 
   NS_SS0722  1 0.0607 0.0664 0.0948 0.2495 0.2972 0.2314 
   NS_SS0979  1 0.1696 0.0844 0.2044 0.1929 0.0910 0.2577 
   NS_SS0993  1 0.1324 0.0522 0.1569 0.2883 0.2486 0.1216 
   NS_SS0958  1 0.1004 0.3035 0.0757 0.1531 0.1226 0.2447 
   NS_SS0988  1 0.2986 0.1542 0.0801 0.2157 0.0546 0.1968 
   NS_SS1003  1 0.4098 0.0520 0.2652 0.1226 0.0573 0.0931 
   NS_SS0976  1 0.2432 0.2657 0.1159 0.2052 0.0952 0.0747 
   NS_SS0964  1 0.0745 0.0719 0.1890 0.1026 0.2849 0.2770 
   NS_SS0939  1 0.1140 0.0643 0.1847 0.0462 0.0836 0.5071 
   NS_SS0990  1 0.2528 0.2212 0.1346 0.0619 0.0715 0.2581 
   NS_SS0984  1 0.1686 0.0584 0.0876 0.1381 0.2181 0.3292 
   NS_SS0980  1 0.1259 0.0821 0.0811 0.2470 0.3470 0.1168 
   NS_SS0978  1 0.2423 0.1045 0.1002 0.1741 0.2594 0.1195 
   NS_SS0951  1 0.0675 0.1661 0.2832 0.2227 0.0698 0.1908 
   NS_SS0913  1 0.0897 0.1035 0.2220 0.1404 0.1570 0.2875 
   NS_SS1002  1 0.3972 0.0683 0.0555 0.2598 0.0693 0.1499 
   NS_SS0948  1 0.1594 0.1605 0.1269 0.2898 0.0868 0.1766 
   NS_SS0916  1 0.2114 0.1665 0.1035 0.0750 0.3057 0.1379 
   NS_SS0995  1 0.1698 0.0860 0.1384 0.0980 0.2457 0.2621 
   NS_SS0927  1 0.2123 0.2123 0.0810 0.0908 0.2019 0.2017 
   NS_SS0992  1 0.2114 0.2043 0.0728 0.1219 0.2768 0.1130 
   NS_SS0912  1 0.1427 0.1916 0.2989 0.1487 0.0506 0.1675 
   NS_SS0981  1 0.2139 0.0804 0.1787 0.2801 0.0539 0.1931 
   NS_SS0729  2 0.1011 0.2914 0.0687 0.1720 0.3168 0.0500 
   NS_SS0967  2 0.3177 0.0832 0.1034 0.2369 0.1357 0.1231 
   NS_SS0941  2 0.1782 0.1016 0.1524 0.1010 0.3224 0.1445 
   NS_SS0768  2 0.1535 0.1135 0.3226 0.1641 0.1019 0.1445 
   NS_SS0726  2 0.2499 0.1807 0.0811 0.0949 0.3476 0.0458 
   NS_SS0763  2 0.1365 0.2695 0.0884 0.1615 0.2042 0.1400 
   NS_SS0730  2 0.1998 0.0888 0.1243 0.1088 0.1203 0.3579 
   NS_SS0774  2 0.1548 0.0657 0.0884 0.1594 0.2620 0.2697 
   NS_SS0723  2 0.2464 0.0512 0.1543 0.1815 0.1791 0.1876 
   NS_SS0940  2 0.1750 0.1860 0.1393 0.0766 0.2249 0.1981 
   NS_SS0762  2 0.0628 0.0542 0.1100 0.1517 0.3106 0.3108 
   NS_SS0766  2 0.0744 0.1609 0.1228 0.0751 0.2522 0.3147 
   NS_SS0724  2 0.0953 0.0824 0.2491 0.2423 0.1908 0.1401 
   NS_SS0769  2 0.2586 0.1328 0.1247 0.1358 0.0924 0.2558 
   NS_SS0777  2 0.1425 0.2486 0.1603 0.2063 0.0647 0.1776 
   NS_SS0734  2 0.1144 0.1672 0.2814 0.0870 0.1553 0.1946 
   NS_SS0737  2 0.1203 0.0612 0.0881 0.0737 0.4269 0.2298 
   NS_SS0732  2 0.0932 0.0666 0.3319 0.1791 0.1102 0.2190 
   NS_SS0728  2 0.1142 0.1206 0.2212 0.1107 0.2783 0.1550 
   NS_SS0735  2 0.0548 0.0801 0.2481 0.1515 0.3448 0.1206 
   NS_SS0725  2 0.1986 0.0793 0.2100 0.0842 0.3323 0.0956 
   NS_SS0788  2 0.3903 0.1207 0.0998 0.0865 0.1300 0.1727 
   NS_SS0778  2 0.3309 0.1505 0.2073 0.1061 0.0817 0.1236 
   NS_SS0792  2 0.0942 0.1515 0.2193 0.1863 0.1763 0.1725 
   NS_SS0943  2 0.0810 0.2563 0.2272 0.2708 0.1115 0.0533 
   NS_SS0791  2 0.0866 0.2057 0.2286 0.0672 0.2528 0.1591 
   NS_SS0790  2 0.0906 0.0412 0.2836 0.2581 0.1226 0.2040 
   NS_SS0731  2 0.0982 0.0889 0.3150 0.1278 0.0759 0.2941 
   NS_SS0727  2 0.0507 0.2421 0.0890 0.0845 0.4262 0.1075 
   NS_SS0779  2 0.1685 0.1265 0.1972 0.1719 0.1460 0.1898 
   NS_SS0776  2 0.1630 0.1397 0.1585 0.0919 0.2378 0.2092 
   NS_SS0775  2 0.0977 0.0630 0.1284 0.0839 0.2022 0.4248 
   NS_SS0965  3 0.1871 0.0998 0.3150 0.2049 0.0771 0.1161 
   NS_SS0754  3 0.1212 0.2345 0.3114 0.1031 0.1528 0.0770 
   NS_SS0838  3 0.1957 0.1488 0.1260 0.1697 0.1594 0.2003 
   NS_SS0839  3 0.1726 0.0618 0.1589 0.1153 0.2012 0.2902 
   NS_SS0832  3 0.1267 0.0504 0.2099 0.3336 0.0979 0.1814 
   NS_SS0820  3 0.2715 0.0572 0.2452 0.1603 0.1289 0.1369 
   NS_SS0886  3 0.1648 0.2248 0.2293 0.1069 0.1099 0.1643 
   NS_SS0748  3 0.1459 0.1797 0.1720 0.2741 0.0747 0.1536 
   NS_SS0884  3 0.1647 0.1413 0.1644 0.1865 0.2101 0.1329 
   NS_SS0752  3 0.1541 0.1046 0.1171 0.1460 0.3022 0.1759 
   NS_SS0862  3 0.0908 0.0565 0.4106 0.1895 0.1475 0.1050 
   NS_SS0787  3 0.1221 0.4574 0.1051 0.1108 0.0676 0.1369 
   NS_SS0843  3 0.1336 0.1169 0.2004 0.1978 0.2356 0.1157 
   NS_SS0856  3 0.1892 0.1346 0.1029 0.0582 0.2797 0.2355 
   NS_SS0846  3 0.2041 0.1500 0.0690 0.3009 0.2054 0.0705 
   NS_SS0825  3 0.3435 0.1404 0.2384 0.1202 0.0742 0.0833 
   NS_SS0757  3 0.1313 0.1801 0.2887 0.1828 0.0919 0.1251 
   NS_SS0876  3 0.1229 0.1136 0.2298 0.1543 0.2662 0.1132 
   NS_SS0903  3 0.1671 0.0526 0.0906 0.2405 0.3391 0.1103 
   NS_SS0875  3 0.1906 0.1203 0.1437 0.1254 0.0739 0.3461 
   NS_SS0740  3 0.1080 0.1177 0.1920 0.2227 0.2277 0.1319 
   NS_SS0811  3 0.0696 0.0728 0.2342 0.1561 0.0576 0.4096 
   NS_SS0751  3 0.2504 0.1122 0.1010 0.0837 0.1629 0.2898 
   NS_SS0891  3 0.2149 0.1292 0.1387 0.1203 0.2259 0.1709 
   NS_SS0867  3 0.1527 0.1500 0.2248 0.3354 0.0799 0.0572 
   NS_SS0890  3 0.1517 0.1248 0.0933 0.2367 0.1528 0.2407 
   NS_SS0866  3 0.1188 0.4092 0.1467 0.0811 0.1579 0.0863 
   NS_SS0755  3 0.1616 0.1213 0.2067 0.2459 0.0903 0.1742 
   NS_SS0758  3 0.1267 0.1288 0.1696 0.1744 0.2984 0.1021 
   NS_SS0840  3 0.2300 0.0538 0.1543 0.2394 0.1179 0.2046 
   NS_SS0889  3 0.0919 0.3228 0.2872 0.1114 0.0869 0.0997 
   NS_SS1010  3 0.2806 0.1180 0.0910 0.1756 0.0724 0.2624 
   NS_SS0888  3 0.0590 0.3531 0.1474 0.0665 0.2617 0.1123 
   NS_SS0837  3 0.0911 0.0772 0.3025 0.2761 0.0750 0.1780 
   NS_SS0794  3 0.0711 0.3078 0.1381 0.0894 0.2057 0.1878 
   NS_SS0823  3 0.1346 0.0724 0.1077 0.3578 0.2225 0.1050 
   NS_SS0829  3 0.0715 0.3257 0.2516 0.2047 0.0425 0.1039 
   NS_SS0844  3 0.0932 0.0422 0.1015 0.5657 0.1199 0.0775 
   NS_SS1008  3 0.0732 0.2824 0.1056 0.1075 0.1872 0.2442 
   NS_SS0881  3 0.3291 0.1689 0.1347 0.0974 0.0696 0.2004 
   NS_SS0834  3 0.2099 0.0738 0.1162 0.1039 0.3829 0.1134 
   NS_SS0744  3 0.2306 0.1158 0.2313 0.1546 0.1903 0.0774 
   NS_SS0899  3 0.0754 0.0690 0.2591 0.2310 0.0743 0.2912 
   NS_SS0804  3 0.1790 0.0494 0.2581 0.2296 0.1517 0.1321 
   NS_SS0781  3 0.2707 0.0556 0.1280 0.2474 0.1047 0.1937 
   NS_SS0822  3 0.0809 0.1659 0.1883 0.2125 0.2968 0.0556 
   NS_SS1004  3 0.1449 0.1128 0.1705 0.3298 0.1347 0.1073 
   NS_SS0746  3 0.1235 0.1446 0.1303 0.3641 0.1476 0.0900 
   NS_SS0880  3 0.1908 0.0883 0.1828 0.2424 0.1859 0.1098 
   NS_SS0879  3 0.1307 0.1077 0.2361 0.1618 0.2596 0.1042 
   NS_SS0753  3 0.1006 0.2137 0.2180 0.2345 0.0839 0.1494 
   NS_SS1007  3 0.2425 0.0969 0.0632 0.0620 0.3047 0.2308 
   NS_SS0872  3 0.1662 0.0858 0.0990 0.1971 0.1784 0.2735 
   NS_SS1005  3 0.1923 0.0825 0.1136 0.3480 0.1197 0.1439 
   NS_SS0892  3 0.1433 0.1485 0.1678 0.1784 0.1578 0.2041 
   NS_SS0898  3 0.1325 0.2383 0.1603 0.2007 0.1066 0.1616 
   NS_SS0801  3 0.1183 0.1290 0.3262 0.1976 0.0814 0.1474 
   NS_SS0827  3 0.1377 0.1888 0.1545 0.1395 0.0462 0.3334 
   NS_SS0853  3 0.0659 0.1951 0.1502 0.1162 0.0530 0.4197 
   NS_SS0780  3 0.2574 0.0791 0.2559 0.1249 0.1450 0.1376 
   NS_SS0826  3 0.3510 0.1140 0.1809 0.2306 0.0679 0.0556 
   NS_SS0818  3 0.2101 0.0557 0.1784 0.1488 0.2045 0.2024 
   NS_SS0745  3 0.0971 0.0589 0.2028 0.0448 0.1943 0.4020 
   NS_SS0849  3 0.1379 0.0796 0.4528 0.1236 0.0414 0.1646 
   NS_SS0739  3 0.2454 0.1288 0.1885 0.0605 0.1212 0.2555 
   NS_SS0799  3 0.0627 0.2008 0.1409 0.1389 0.2756 0.1811 
   NS_SS0756  3 0.2043 0.0716 0.1409 0.3562 0.0827 0.1443 
   NS_SS0802  3 0.3491 0.1633 0.0791 0.1119 0.1740 0.1225 
   NS_SS0747  3 0.2224 0.1160 0.1314 0.2549 0.1400 0.1353 
   NS_SS0835  3 0.2170 0.3395 0.0762 0.1174 0.1355 0.1144 
   NS_SS0742  3 0.2338 0.0771 0.1995 0.1825 0.1660 0.1411 
   NS_SS0760  3 0.0979 0.4020 0.0780 0.1442 0.1113 0.1666 
   NS_SS0803  3 0.0577 0.0537 0.1127 0.4553 0.2602 0.0604 
   NS_SS0828  3 0.1083 0.1439 0.2792 0.1445 0.1082 0.2159 
   NS_SS0865  3 0.2919 0.1474 0.2763 0.1420 0.0685 0.0740 
   NS_SS0759  3 0.1336 0.0651 0.2128 0.1394 0.1981 0.2510 
   NS_SS0851  3 0.1112 0.0831 0.4616 0.0886 0.0628 0.1927 
   NS_SS0874  3 0.1178 0.0717 0.1373 0.4185 0.1324 0.1224 
   NS_SS0761  3 0.1243 0.3134 0.2112 0.2135 0.0687 0.0689 
   NS_SS0842  3 0.1090 0.2012 0.1441 0.1715 0.1092 0.2650 
   NS_SS0785  3 0.1221 0.1897 0.1973 0.2159 0.1454 0.1295 
   NS_SS0860  3 0.1835 0.3510 0.0885 0.1449 0.1325 0.0996 
   NS_SS0897  3 0.0820 0.4467 0.1673 0.0877 0.1047 0.1116 
   NS_SS0841  3 0.0968 0.0658 0.2246 0.1829 0.1199 0.3099 
   NS_SS0797  3 0.1434 0.2463 0.2277 0.1768 0.0675 0.1384 
   NS_SS0830  3 0.2011 0.1429 0.2274 0.1508 0.1103 0.1675 
   NS_SS1011  3 0.3361 0.0674 0.2039 0.1959 0.1258 0.0708 
   NS_SS0883  3 0.0744 0.1822 0.2063 0.1667 0.0853 0.2851 
   NS_SS0782  3 0.0736 0.1893 0.1383 0.1136 0.3108 0.1744 
   NS_SS0831  3 0.0720 0.3179 0.3017 0.1084 0.0719 0.1282 
   NS_SS0749  3 0.1264 0.1450 0.3123 0.0879 0.1691 0.1592 
   NS_SS0854  3 0.1131 0.1343 0.1709 0.0999 0.4071 0.0746 
   HI_SS0193  4 0.1256 0.2239 0.2526 0.0649 0.2773 0.0557 
   HI_SS0194  4 0.2488 0.0817 0.1443 0.0971 0.3372 0.0908 
   HI_SS0195  4 0.2187 0.0480 0.3432 0.0641 0.1171 0.2088 
   HI_SS0196  4 0.1118 0.1698 0.1182 0.0965 0.2969 0.2069 
   HI_SS0197  4 0.5772 0.0834 0.0713 0.0812 0.0782 0.1087 
   HI_SS0198  4 0.1245 0.2000 0.2748 0.1039 0.1204 0.1764 
   HI_SS0199  4 0.0860 0.2344 0.0927 0.1201 0.3395 0.1274 
   HI_SS0201  4 0.1220 0.3498 0.1735 0.2233 0.0581 0.0733 
   HI_SS0215  4 0.1522 0.3326 0.1569 0.1795 0.0641 0.1146 
   HI_SS0218  4 0.0521 0.4375 0.1528 0.0657 0.1650 0.1269 
   HI_SS0222  4 0.1816 0.1355 0.2561 0.0630 0.1714 0.1924 
   HI_SS0230  4 0.2839 0.1003 0.0890 0.1852 0.0519 0.2897 
   HI_SS0234  4 0.2353 0.1324 0.0671 0.1434 0.3433 0.0785 
   HI_SS0240  4 0.1061 0.0990 0.1361 0.0707 0.4371 0.1510 
   HI_SS0241  4 0.1820 0.2861 0.1363 0.1604 0.1140 0.1212 
   HI_SS0242  4 0.1186 0.1804 0.1839 0.2605 0.1486 0.1080 
   HI_SS0247  4 0.1664 0.1126 0.1207 0.4262 0.0645 0.1096 
   HI_SS0248  4 0.0451 0.2695 0.0792 0.1915 0.2786 0.1360 
   HI_SS0252  4 0.0721 0.0869 0.2348 0.1750 0.3285 0.1027 
   HI_SS0254  4 0.3400 0.1442 0.0890 0.1816 0.1369 0.1083 
   HI_SS0256  4 0.2347 0.0259 0.1227 0.2199 0.2285 0.1683 
   HI_SS0257  4 0.1997 0.2653 0.0622 0.2298 0.1898 0.0533 
   HI_SS0258  4 0.0928 0.2941 0.1691 0.1646 0.1364 0.1431 
   HI_SS0259  4 0.3823 0.0905 0.1462 0.0788 0.2012 0.1010 
   HI_SS0260  4 0.0873 0.3196 0.0739 0.0973 0.1625 0.2594 
   HI_SS0261  4 0.2690 0.1744 0.0857 0.2286 0.1639 0.0784 
   HI_SS0262  4 0.1703 0.1077 0.2465 0.1066 0.1390 0.2298 
   HI_SS0264  4 0.2041 0.0977 0.1441 0.1413 0.0484 0.3644 
   HI_SS0265  4 0.3312 0.0882 0.2212 0.1204 0.0897 0.1492 
   HI_SS0268  4 0.2665 0.1801 0.0942 0.0579 0.0698 0.3315 
   HI_SS0269  4 0.2389 0.3479 0.0655 0.1099 0.1923 0.0456 
   HI_SS0273  4 0.1899 0.2951 0.0971 0.2231 0.0957 0.0991 
   HI_SS0277  4 0.5005 0.0737 0.1252 0.1446 0.0652 0.0908 
   HI_SS0280  4 0.1285 0.1501 0.3041 0.0661 0.1119 0.2393 
   HI_SS0282  4 0.0961 0.1831 0.2426 0.2399 0.1709 0.0674 
   HI_SS0286  4 0.1605 0.1645 0.3112 0.1082 0.1528 0.1028 
   NS_SS1252  5 0.0641 0.4300 0.1316 0.1601 0.1319 0.0823 
   NS_SS1261  5 0.1808 0.1469 0.1052 0.1852 0.1528 0.2292 
   NS_SS1225  5 0.1162 0.2141 0.0869 0.4128 0.0936 0.0764 
   NS_SS1266  5 0.1119 0.0496 0.1324 0.4758 0.1288 0.1014 
   NS_SS1228  5 0.1238 0.0937 0.2865 0.0924 0.1019 0.3016 
   NS_SS1255  5 0.0839 0.1225 0.0838 0.1004 0.4149 0.1945 
   NS_SS1267  5 0.1212 0.4641 0.1190 0.0654 0.1154 0.1149 
   NS_SS1238  5 0.2484 0.1668 0.2114 0.0865 0.1112 0.1757 
   NS_SS1233  5 0.0991 0.0830 0.1078 0.4724 0.0570 0.1807 
   NS_SS1277  5 0.0874 0.2629 0.1504 0.0651 0.2968 0.1374 
   NS_SS1245  5 0.1341 0.1787 0.0992 0.3139 0.1864 0.0878 
   NS_SS1240  5 0.1645 0.4605 0.0763 0.0855 0.1266 0.0865 
   NS_SS1275  5 0.3956 0.0472 0.1971 0.1341 0.1171 0.1089 
   NS_SS1235  5 0.1617 0.1001 0.0559 0.1988 0.4291 0.0545 
   NS_SS1263  5 0.0886 0.0617 0.1299 0.3159 0.2368 0.1670 
   NS_SS1251  5 0.1359 0.0891 0.0946 0.3864 0.1571 0.1369 
   NS_SS1248  5 0.1007 0.1390 0.4533 0.0856 0.0370 0.1844 
   NS_SS1244  5 0.3635 0.1162 0.1576 0.2212 0.0921 0.0493 
   NS_SS1257  5 0.0914 0.3344 0.1412 0.1224 0.2002 0.1104 
   NS_SS1242  5 0.1317 0.0866 0.1453 0.1891 0.1436 0.3037 
   NS_SS1271  5 0.1372 0.4189 0.1446 0.0827 0.1346 0.0821 
   NS_SS1265  5 0.1720 0.3307 0.1363 0.1623 0.0864 0.1123 
   NS_SS1243  5 0.0637 0.1042 0.3355 0.0956 0.2012 0.1997 
   NS_SS1273  5 0.1043 0.0657 0.0901 0.1555 0.1594 0.4250 
   NS_SS1254  5 0.0841 0.0769 0.1040 0.4114 0.1044 0.2193 
   NS_SS1224  5 0.1098 0.0808 0.2540 0.2758 0.1253 0.1544 
   NS_SS1227  5 0.2693 0.2141 0.0593 0.0999 0.1362 0.2212 
   NS_SS1274  5 0.1132 0.2491 0.1481 0.1278 0.2159 0.1459 
   NS_SS1241  5 0.1455 0.2107 0.1343 0.2580 0.1489 0.1027 
   NS_SS1256  5 0.1966 0.2082 0.0756 0.3295 0.0803 0.1098 
   NS_SS1260  5 0.1043 0.3207 0.0968 0.1220 0.2206 0.1356 
   NS_SS1262  5 0.1786 0.1813 0.1825 0.2721 0.0936 0.0920 
   NS_SS1230  5 0.1200 0.2472 0.1354 0.1778 0.1094 0.2102 
   NS_SS1270  5 0.1329 0.0788 0.3961 0.2650 0.0543 0.0729 
   NS_SS1229  5 0.2849 0.0568 0.0592 0.1169 0.4246 0.0575 
   NS_SS1246  5 0.2794 0.2183 0.1060 0.0650 0.2744 0.0569 
   NS_SS1269  5 0.1378 0.1216 0.1859 0.1767 0.1762 0.2017 
   NS_SS1239  5 0.0851 0.0627 0.2847 0.0808 0.3587 0.1280 
   NS_SS1272  5 0.5168 0.0878 0.0873 0.1438 0.0822 0.0822 
   NS_SS1268  5 0.0686 0.0791 0.3496 0.2676 0.0674 0.1677 
   NS_SS1249  5 0.0707 0.4072 0.0948 0.1118 0.2396 0.0760 
   HI_SS0559  6 0.0673 0.1779 0.2461 0.1508 0.2126 0.1454 
   HI_SS0563  6 0.1915 0.1302 0.1573 0.2231 0.1899 0.1079 
   HI_SS0564  6 0.2494 0.1027 0.2330 0.1463 0.1749 0.0937 
   HI_SS0565  6 0.3270 0.1711 0.1026 0.1693 0.0776 0.1525 
   HI_SS0569  6 0.1179 0.2488 0.1439 0.3645 0.0464 0.0784 
   HI_SS0570  6 0.1478 0.3095 0.2148 0.0601 0.1458 0.1220 
   HI_SS0572  6 0.1467 0.0728 0.0841 0.1348 0.3905 0.1712 
   HI_SS0576  6 0.1498 0.0766 0.2399 0.0892 0.1476 0.2969 
   HI_SS0579  6 0.0638 0.1675 0.0954 0.4020 0.2165 0.0548 
   HI_SS0580  6 0.0687 0.2593 0.1084 0.0980 0.2114 0.2542 
   HI_SS0581  6 0.3462 0.0566 0.2605 0.0839 0.1118 0.1411 
   HI_SS0583  6 0.0942 0.3447 0.0497 0.1845 0.1383 0.1886 
   HI_SS0586  6 0.0855 0.4072 0.1248 0.0749 0.0497 0.2579 
   HI_SS0588  6 0.0770 0.2412 0.1399 0.2680 0.1504 0.1234 
   HI_SS0595  6 0.3634 0.2250 0.0529 0.0957 0.0961 0.1669 
   HI_SS0596  6 0.0642 0.0606 0.0764 0.1213 0.3794 0.2980 
   HI_SS0597  6 0.2437 0.0941 0.0887 0.1694 0.2097 0.1943 
   HI_SS0600  6 0.2638 0.1950 0.1451 0.1098 0.1844 0.1019 
   HI_SS0601  6 0.2234 0.1474 0.1429 0.3175 0.0779 0.0909 
   HI_SS0602  6 0.0839 0.2710 0.1674 0.0841 0.0919 0.3016 
   HI_SS0604  6 0.0761 0.1136 0.3264 0.2223 0.1800 0.0816 
   HI_SS0605  6 0.0727 0.1733 0.4309 0.0844 0.1522 0.0865 
   HI_SS0608  6 0.1250 0.1285 0.1421 0.0910 0.1340 0.3793 
   HI_SS0609  6 0.1677 0.0824 0.0600 0.3921 0.1175 0.1802 
   HI_SS0611  6 0.0782 0.3152 0.2594 0.0790 0.0840 0.1842 
   HI_SS0612  6 0.0873 0.1265 0.0480 0.4508 0.2276 0.0598 
   HI_SS0613  6 0.0873 0.1441 0.4125 0.1200 0.0537 0.1824 
   HI_SS0615  6 0.1611 0.0541 0.1509 0.0898 0.2727 0.2714 
   HI_SS0001  6 0.1958 0.2218 0.0792 0.0902 0.3093 0.1037 
   HI_SS0002  6 0.1789 0.0707 0.0899 0.3049 0.1718 0.1838 
   HI_SS0004  6 0.1076 0.2851 0.1754 0.0720 0.1874 0.1726 
   HI_SS0005  6 0.1331 0.1284 0.2831 0.1004 0.0635 0.2915 
   HI_SS0006  6 0.2017 0.2504 0.1037 0.2392 0.1330 0.0720 
   HI_SS0007  6 0.0513 0.2066 0.4646 0.0570 0.1269 0.0936 
   HI_SS0008  6 0.3029 0.1072 0.1638 0.1432 0.0942 0.1888 
   HI_SS0009  6 0.0572 0.0648 0.2480 0.1188 0.2673 0.2438 
   HI_SS0010  6 0.1698 0.1902 0.1749 0.1354 0.0712 0.2585 
   HI_SS0011  6 0.2287 0.0865 0.1405 0.3753 0.0441 0.1249 
   HI_SS0012  6 0.3227 0.0604 0.0990 0.1137 0.2032 0.2009 
   HI_SS0017  6 0.1571 0.0810 0.1610 0.0907 0.3907 0.1195 
   HI_SS0021  6 0.1904 0.2763 0.0762 0.1048 0.0578 0.2945 
   HI_SS0024  6 0.2385 0.0769 0.1915 0.0691 0.1846 0.2394 
   HI_SS0025  6 0.0809 0.0914 0.1526 0.1644 0.2483 0.2623 
   HI_SS0027  6 0.0636 0.2316 0.2205 0.2367 0.1287 0.1188 
   HI_SS0028  6 0.2904 0.0475 0.1554 0.0814 0.0426 0.3828 
   HI_SS0029  6 0.1393 0.1595 0.0649 0.0562 0.1503 0.4297 
   HI_SS0030  6 0.1581 0.1569 0.2286 0.1349 0.2480 0.0735 
   HI_SS0031  6 0.3008 0.0853 0.0662 0.1910 0.1943 0.1625 
   HI_SS0034  6 0.0792 0.2818 0.1826 0.2100 0.1909 0.0554 
   HI_SS0036  6 0.2464 0.3556 0.1615 0.0364 0.0857 0.1145 
   HI_SS0037  6 0.0748 0.3623 0.1431 0.1291 0.0471 0.2436 
   HI_SS0039  6 0.1316 0.2438 0.2179 0.0858 0.0608 0.2602 
   HI_SS0041  6 0.1337 0.0845 0.3374 0.0694 0.1847 0.1903 
   HI_SS0042  6 0.2443 0.0760 0.1432 0.1678 0.1259 0.2428 
   HI_SS0043  6 0.2436 0.4049 0.1325 0.0723 0.0823 0.0645 
   HI_SS0044  6 0.0830 0.2451 0.0657 0.0544 0.2539 0.2980 
   HI_SS0047  6 0.1257 0.0793 0.2965 0.1465 0.2566 0.0953 
   HI_SS0049  6 0.0964 0.1088 0.1051 0.1929 0.2885 0.2083 
   HI_SS0051  6 0.0741 0.1029 0.4595 0.2151 0.0823 0.0661 
   HI_SS0053  6 0.2621 0.3269 0.0981 0.1237 0.1261 0.0630 
   HI_SS0054  6 0.1072 0.2770 0.2006 0.2859 0.0664 0.0630 
   HI_SS0057  6 0.1982 0.0984 0.3553 0.1167 0.1056 0.1259 
   HI_SS0058  6 0.0771 0.3026 0.1357 0.1822 0.1216 0.1808 
   HI_SS0060  6 0.2499 0.1070 0.2631 0.1707 0.0935 0.1157 
   HI_SS0087  6 0.2652 0.1730 0.1273 0.2103 0.1473 0.0769 
   HI_SS0091  6 0.2843 0.3736 0.0723 0.1222 0.0929 0.0546 
   HI_SS0095  6 0.2409 0.1604 0.1716 0.1463 0.1947 0.0861 
   HI_SS0097  6 0.1133 0.0857 0.1068 0.4795 0.1294 0.0852 
   HI_SS0099  6 0.0763 0.1445 0.0716 0.1036 0.0842 0.5198 
   HI_SS0103  6 0.2171 0.1056 0.1492 0.0959 0.3327 0.0994 
   HI_SS0105  6 0.3729 0.1136 0.1811 0.1791 0.0705 0.0828 
   HI_SS0107  6 0.2044 0.0501 0.1206 0.1104 0.4247 0.0897 
   HI_SS0108  6 0.1014 0.4526 0.1736 0.1011 0.1170 0.0543 
   HI_SS0110  6 0.4051 0.1484 0.0660 0.0838 0.1985 0.0982 
   HI_SS0111  6 0.2720 0.1395 0.1674 0.0875 0.1988 0.1348 
   HI_SS0112  6 0.1338 0.4287 0.0991 0.0813 0.1436 0.1135 
   HI_SS0113  6 0.2203 0.0693 0.1399 0.1547 0.1623 0.2533 
   HI_SS0114  6 0.1014 0.2791 0.2653 0.1725 0.0664 0.1153 
   HI_SS0115  6 0.0578 0.1495 0.1325 0.1454 0.2957 0.2191 
   HI_SS0116  6 0.0782 0.2770 0.0487 0.0892 0.2405 0.2665 
   HI_SS0117  6 0.2712 0.2168 0.0563 0.2752 0.0996 0.0809 
   HI_SS0118  6 0.1810 0.2609 0.0832 0.2158 0.1062 0.1530 
   HI_SS0119  6 0.3690 0.1768 0.1650 0.1266 0.1026 0.0601 
   HI_SS0120  6 0.3198 0.0489 0.0915 0.0792 0.3866 0.0740 
   HI_SS0121  6 0.3988 0.0623 0.1251 0.1601 0.0368 0.2169 
   HI_SS0122  6 0.2717 0.1717 0.1716 0.1243 0.1059 0.1548 
   HI_SS0123  6 0.2828 0.1552 0.0812 0.2262 0.1369 0.1176 
   HI_SS0124  6 0.0810 0.0631 0.1304 0.0891 0.3031 0.3333 
   HI_SS0125  6 0.1738 0.0581 0.1714 0.1154 0.1794 0.3020 
   HI_SS0126  6 0.1129 0.3512 0.0660 0.0792 0.1814 0.2093 
   HI_SS0127  6 0.0846 0.1016 0.3943 0.2167 0.0704 0.1325 
   HI_SS0128  6 0.1672 0.1142 0.0745 0.2315 0.2851 0.1276 
   HI_SS0129  6 0.1622 0.2671 0.2276 0.0818 0.1706 0.0907 
   HI_SS0131  6 0.0914 0.2618 0.1612 0.2571 0.0456 0.1829 
   HI_SS0132  6 0.3127 0.1318 0.1172 0.1650 0.0746 0.1986 
   HI_SS0133  6 0.1024 0.4574 0.1370 0.0650 0.1766 0.0616 
   HI_SS0134  6 0.1665 0.1725 0.1652 0.2065 0.1630 0.1263 
   HI_SS0142  6 0.2825 0.1088 0.1552 0.2427 0.1180 0.0928 
   HI_SS0145  6 0.0978 0.1959 0.1077 0.2964 0.2090 0.0932 
   HI_SS0146  6 0.0866 0.2187 0.1685 0.2284 0.1702 0.1276 
   HI_SS0147  6 0.1167 0.0729 0.4116 0.1937 0.0796 0.1255 
   HI_SS0149  6 0.4645 0.1468 0.0731 0.1727 0.0493 0.0936 
   HI_SS0150  6 0.1512 0.0752 0.2046 0.1533 0.2056 0.2102 
   HI_SS0151  6 0.0637 0.1252 0.2424 0.0933 0.4023 0.0732 
   NS_SS1451  6 0.1752 0.0626 0.2230 0.0731 0.2097 0.2564 
   NS_SS1404  6 0.1337 0.1180 0.3682 0.0864 0.0867 0.2070 
   NS_SS1432  6 0.3605 0.0597 0.0912 0.0468 0.1632 0.2786 
   NS_SS1405  6 0.0799 0.1400 0.0946 0.1048 0.1765 0.4042 
   NS_SS1431  6 0.3340 0.0624 0.1178 0.1196 0.1598 0.2063 
   NS_SS1402  6 0.2600 0.1735 0.0876 0.1510 0.2146 0.1134 
   NS_SS1450  6 0.1079 0.2415 0.2279 0.0706 0.2833 0.0688 
   NS_SS1396  6 0.1493 0.1409 0.1387 0.1539 0.1087 0.3085 
   NS_SS1393  6 0.1630 0.1782 0.1648 0.1027 0.1855 0.2057 
   NS_SS1392  6 0.0884 0.0861 0.2266 0.0574 0.3473 0.1942 
   NS_SS1445  6 0.1887 0.2482 0.1361 0.2694 0.0639 0.0936 
   NS_SS1423  6 0.3322 0.1546 0.0700 0.0980 0.2551 0.0901 
   NS_SS1421  6 0.2628 0.1576 0.1618 0.1800 0.1513 0.0866 
   NS_SS1411  6 0.0606 0.2561 0.3873 0.0830 0.0740 0.1390 
   NS_SS1453  6 0.3005 0.2413 0.1139 0.0947 0.1122 0.1375 
   NS_SS1442  6 0.1012 0.1256 0.1598 0.2917 0.1677 0.1540 
   NS_SS1422  6 0.1245 0.0900 0.0947 0.2745 0.3430 0.0733 
   NS_SS1419  6 0.0750 0.0995 0.1901 0.4027 0.0581 0.1747 
   NS_SS1427  6 0.1087 0.3811 0.0775 0.0439 0.3214 0.0675 
   NS_SS1444  6 0.0739 0.1019 0.1927 0.2568 0.0940 0.2808 
   NS_SS1455  6 0.1239 0.0643 0.0566 0.2493 0.2331 0.2729 
   NS_SS1425  6 0.1343 0.3902 0.1470 0.1638 0.0830 0.0817 
   NS_SS1400  6 0.0832 0.3257 0.1096 0.2480 0.0662 0.1672 
   NS_SS1406  6 0.2811 0.0497 0.0561 0.3704 0.0763 0.1666 
   NS_SS1417  6 0.1804 0.1950 0.1685 0.1806 0.1522 0.1233 
   NS_SS1454  6 0.2988 0.2655 0.1066 0.0911 0.0405 0.1974 
   NS_SS1412  6 0.1429 0.1981 0.2460 0.0910 0.1484 0.1736 
   NS_SS1438  6 0.0932 0.2951 0.2764 0.1912 0.0858 0.0583 
   NS_SS1416  6 0.1741 0.1565 0.1888 0.1463 0.0926 0.2417 
   NS_SS1401  6 0.3104 0.1421 0.0958 0.1588 0.1230 0.1698 
   NS_SS1424  6 0.3507 0.1486 0.2023 0.1018 0.1280 0.0685 
   NS_SS1435  6 0.1655 0.1285 0.1474 0.0656 0.2124 0.2805 
   NS_SS1447  6 0.1399 0.0814 0.3193 0.2334 0.0976 0.1284 
   NS_SS1414  6 0.0909 0.0971 0.2061 0.2435 0.0755 0.2869 
   NS_SS1449  6 0.2432 0.0882 0.1482 0.1004 0.3625 0.0575 
   NS_SS1443  6 0.1155 0.2607 0.0613 0.1947 0.3080 0.0599 
   NS_SS1434  6 0.0810 0.1396 0.0881 0.1036 0.4876 0.1002 
   NS_SS1398  6 0.1526 0.1185 0.1207 0.0923 0.1924 0.3235 
   NS_SS1426  6 0.1578 0.3403 0.1411 0.1058 0.1801 0.0749 
   NS_SS1413  6 0.1262 0.2524 0.1066 0.1607 0.2415 0.1127 
   NS_SS1395  6 0.2589 0.2358 0.1002 0.1263 0.2055 0.0733 
   NS_SS1448  6 0.1100 0.2322 0.3239 0.0703 0.1192 0.1444 
   NS_SS1446  6 0.2294 0.2358 0.1789 0.1268 0.1647 0.0644 
   NS_SS1403  6 0.4034 0.0883 0.0836 0.0939 0.1447 0.1861 
   NS_SS1415  6 0.1024 0.2952 0.1655 0.1334 0.1487 0.1549 
   NS_SS1437  6 0.3259 0.1130 0.1269 0.1499 0.0761 0.2081 
   NS_SS1439  6 0.1610 0.1529 0.1420 0.2543 0.1797 0.1101 
   NS_SS1441  6 0.1290 0.2514 0.0584 0.1914 0.1856 0.1842 
   NS_SS1420  6 0.0524 0.0684 0.4973 0.0643 0.1329 0.1848 
   NS_SS1394  6 0.1915 0.0762 0.2273 0.0913 0.0687 0.3450 
   NS_SS1391  6 0.1395 0.1981 0.0757 0.0646 0.3710 0.1510 
   NS_SS1410  6 0.2394 0.2221 0.0918 0.1286 0.1586 0.1595 
   NS_SS1408  6 0.2819 0.0916 0.2331 0.1786 0.1242 0.0906 
   NS_SS1409  6 0.1234 0.1890 0.0687 0.1105 0.3296 0.1788 
   HI_SS0617  7 0.0908 0.2348 0.1537 0.0675 0.3400 0.1133 
   HI_SS0618  7 0.0915 0.0973 0.1763 0.1389 0.1856 0.3104 
   HI_SS0619  7 0.0962 0.1932 0.0846 0.0883 0.1466 0.3911 
   HI_SS0620  7 0.0399 0.3444 0.3064 0.0596 0.1916 0.0581 
   HI_SS0621  7 0.2024 0.1036 0.1506 0.1771 0.1934 0.1730 
   HI_SS0622  7 0.1082 0.1667 0.1949 0.2940 0.1011 0.1352 
   HI_SS0626  7 0.1796 0.1379 0.3229 0.0902 0.0525 0.2170 
   HI_SS0627  7 0.4117 0.0740 0.1181 0.0913 0.1508 0.1542 
   HI_SS0628  7 0.1929 0.3200 0.1254 0.0851 0.0864 0.1903 
   HI_SS0629  7 0.2026 0.1976 0.1047 0.1802 0.0815 0.2336 
   HI_SS0630  7 0.0794 0.2234 0.2042 0.1419 0.1480 0.2032 
   HI_SS0631  7 0.1217 0.1931 0.2524 0.1241 0.1682 0.1405 
   HI_SS0632  7 0.1191 0.1428 0.2900 0.2419 0.0865 0.1198 
   HI_SS0633  7 0.0595 0.1266 0.0630 0.1196 0.2995 0.3318 
   HI_SS0634  7 0.2871 0.1502 0.2786 0.0886 0.0917 0.1039 
   HI_SS0635  7 0.1285 0.0863 0.1683 0.1940 0.1014 0.3215 
   HI_SS0637  7 0.1756 0.1424 0.3336 0.2186 0.0706 0.0592 
   HI_SS0638  7 0.1387 0.1616 0.2001 0.1384 0.2135 0.1477 
   HI_SS0639  7 0.1608 0.0811 0.2251 0.1679 0.1411 0.2240 
   HI_SS0640  7 0.0874 0.1122 0.1483 0.3432 0.1936 0.1153 
   HI_SS0641  7 0.0812 0.2785 0.2424 0.1006 0.0448 0.2524 
   HI_SS0642  7 0.5091 0.0547 0.1119 0.0917 0.1151 0.1175 
   HI_SS0645  7 0.0594 0.0518 0.2547 0.1101 0.0827 0.4413 
   HI_SS0646  7 0.1748 0.1283 0.0854 0.1716 0.3539 0.0861 
   HI_SS0647  7 0.2166 0.1297 0.1340 0.1369 0.2222 0.1605 
   HI_SS0648  7 0.1352 0.1442 0.1931 0.1799 0.1677 0.1798 
   HI_SS0649  7 0.1201 0.1709 0.0949 0.1939 0.1687 0.2514 
   HI_SS0650  7 0.1520 0.0814 0.1311 0.0750 0.4219 0.1385 
   HI_SS0651  7 0.1469 0.1276 0.1131 0.1756 0.1993 0.2374 
   HI_SS0652  7 0.0741 0.0760 0.4558 0.0876 0.1404 0.1660 
   NS_SS1371  7 0.3074 0.1615 0.0655 0.1002 0.2199 0.1455 
   NS_SS1374  7 0.2774 0.2594 0.2322 0.0580 0.0724 0.1007 
   NS_SS1337  7 0.2726 0.0633 0.3675 0.0846 0.1335 0.0784 
   NS_SS1385  7 0.1629 0.1053 0.1231 0.1831 0.2719 0.1538 
   NS_SS1388  7 0.1178 0.1921 0.0602 0.0861 0.0734 0.4705 
   NS_SS1370  7 0.0768 0.0546 0.5607 0.0883 0.0788 0.1408 
   NS_SS1389  7 0.1270 0.1147 0.1215 0.0787 0.0702 0.4878 
   NS_SS1360  7 0.1186 0.1983 0.2368 0.1961 0.0782 0.1721 
   NS_SS1330  7 0.1114 0.0737 0.2575 0.1646 0.2002 0.1925 
   NS_SS1328  7 0.1699 0.2140 0.0864 0.1078 0.3545 0.0673 
   NS_SS1384  7 0.2474 0.1501 0.1588 0.2334 0.1328 0.0774 
   NS_SS1381  7 0.0874 0.0495 0.1123 0.1578 0.4688 0.1242 
   NS_SS1375  7 0.1218 0.1019 0.1352 0.0513 0.2299 0.3599 
   NS_SS1319  7 0.2827 0.1671 0.1389 0.1003 0.1386 0.1724 
   NS_SS1326  7 0.0954 0.3818 0.0700 0.0743 0.1437 0.2348 
   NS_SS1341  7 0.3507 0.1925 0.1498 0.1692 0.0777 0.0601 
   NS_SS1383  7 0.3811 0.1129 0.2225 0.1070 0.1078 0.0688 
   NS_SS1318  7 0.0747 0.1340 0.2843 0.1582 0.1783 0.1705 
   NS_SS1348  7 0.1632 0.3016 0.1588 0.1971 0.1247 0.0545 
   NS_SS1363  7 0.1610 0.0934 0.2512 0.2248 0.0941 0.1755 
   NS_SS1335  7 0.1533 0.2009 0.1410 0.3210 0.0633 0.1204 
   NS_SS1358  7 0.2097 0.1661 0.1654 0.2501 0.1764 0.0322 
   NS_SS1342  7 0.3664 0.1930 0.0593 0.1866 0.1217 0.0731 
   NS_SS1320  7 0.0858 0.0358 0.0472 0.2015 0.3798 0.2499 
   NS_SS1355  7 0.0901 0.0873 0.1550 0.3834 0.1897 0.0945 
   NS_SS1345  7 0.0599 0.0541 0.1299 0.5772 0.1233 0.0557 
   NS_SS1324  7 0.1610 0.2357 0.1133 0.1670 0.1317 0.1913 
   NS_SS1347  7 0.2470 0.0965 0.1255 0.1562 0.2252 0.1496 
   NS_SS1321  7 0.3192 0.2600 0.1672 0.0641 0.0764 0.1131 
   NS_SS1333  7 0.3165 0.2464 0.0636 0.0444 0.0734 0.2557 
   NS_SS1364  7 0.1559 0.1882 0.1128 0.3892 0.0776 0.0763 
   NS_SS1379  7 0.1230 0.1067 0.1707 0.1531 0.2974 0.1490 
   NS_SS1332  7 0.1265 0.3645 0.0551 0.0949 0.0526 0.3064 
   NS_SS1338  7 0.1745 0.1798 0.2905 0.0887 0.1319 0.1347 
   NS_SS1368  7 0.1604 0.2812 0.0572 0.3227 0.0532 0.1254 
   NS_SS1354  7 0.2345 0.1202 0.1117 0.2307 0.1072 0.1957 
   NS_SS1365  7 0.1488 0.0960 0.2352 0.2117 0.1296 0.1787 
   NS_SS1380  7 0.1224 0.0802 0.1692 0.3441 0.0784 0.2057 
   NS_SS1329  7 0.3918 0.1906 0.0548 0.2025 0.0776 0.0827 
   NS_SS1362  7 0.2306 0.1439 0.0990 0.1873 0.2490 0.0902 
   NS_SS1327  7 0.1103 0.5310 0.0986 0.0556 0.1195 0.0850 
   NS_SS1350  7 0.1408 0.1890 0.0792 0.0489 0.4405 0.1016 
   NS_SS1387  7 0.0818 0.1197 0.2215 0.1366 0.0624 0.3780 
   NS_SS1369  7 0.0988 0.2411 0.2070 0.3156 0.0744 0.0632 
   NS_SS1331  7 0.1945 0.1875 0.1524 0.0723 0.0581 0.3352 
   NS_SS1357  7 0.1243 0.1772 0.0579 0.0851 0.4883 0.0671 
   NS_SS1386  7 0.2685 0.3935 0.0614 0.1577 0.0548 0.0641 
   NS_SS1353  7 0.2165 0.1391 0.0963 0.0975 0.2459 0.2047 
   NS_SS1323  7 0.2588 0.0614 0.1117 0.2633 0.1708 0.1339 
   HI_SS0296  8 0.0576 0.2340 0.3107 0.1244 0.1627 0.1106 
   HI_SS0297  8 0.3531 0.0867 0.0956 0.0725 0.3199 0.0722 
   HI_SS0299  8 0.1535 0.1353 0.2963 0.1919 0.1743 0.0487 
   HI_SS0300  8 0.0747 0.1302 0.2903 0.3042 0.1261 0.0745 
   HI_SS0301  8 0.1619 0.0913 0.4216 0.1652 0.0343 0.1257 
   HI_SS0302  8 0.0623 0.2225 0.3264 0.1798 0.0843 0.1248 
   HI_SS0303  8 0.0870 0.3272 0.0706 0.1096 0.1768 0.2287 
   HI_SS0304  8 0.1467 0.1507 0.1973 0.0631 0.1274 0.3149 
   HI_SS0306  8 0.0929 0.2985 0.3362 0.0980 0.1007 0.0736 
   HI_SS0307  8 0.1381 0.0935 0.1500 0.2453 0.1077 0.2654 
   HI_SS0308  8 0.2161 0.0833 0.1002 0.2208 0.1112 0.2684 
   HI_SS0309  8 0.1344 0.0941 0.1981 0.3200 0.1504 0.1030 
   HI_SS0310  8 0.0842 0.1509 0.1210 0.1678 0.1902 0.2859 
   HI_SS0311  8 0.1463 0.1443 0.2841 0.1970 0.0907 0.1376 
   HI_SS0314  8 0.1275 0.1450 0.0489 0.1178 0.2212 0.3396 
   HI_SS0316  8 0.1464 0.2183 0.1023 0.2067 0.1086 0.2177 
   HI_SS0317  8 0.3176 0.1001 0.2248 0.0975 0.1233 0.1368 
   HI_SS0318  8 0.2979 0.3062 0.1366 0.1132 0.0720 0.0741 
   HI_SS0319  8 0.0736 0.4143 0.0486 0.2524 0.1213 0.0899 
   HI_SS0320  8 0.3882 0.0772 0.0833 0.0459 0.0684 0.3370 
   HI_SS0321  8 0.3299 0.1466 0.1228 0.0800 0.2308 0.0898 
   HI_SS0323  8 0.0868 0.3041 0.2240 0.1093 0.1443 0.1315 
   HI_SS0325  8 0.0992 0.2387 0.3969 0.1141 0.0795 0.0717 
   HI_SS0327  8 0.1510 0.1937 0.0434 0.1465 0.4168 0.0487 
   HI_SS0329  8 0.2186 0.1078 0.2255 0.1129 0.0746 0.2605 
   HI_SS0333  8 0.1737 0.1575 0.1195 0.1653 0.1217 0.2623 
   HI_SS0334  8 0.1945 0.2392 0.2359 0.1576 0.1158 0.0569 
   HI_SS0335  8 0.1467 0.0598 0.2024 0.3018 0.2184 0.0709 
   HI_SS0339  8 0.1076 0.0960 0.1721 0.3611 0.0893 0.1738 
   HI_SS0343  8 0.2322 0.0741 0.0817 0.3247 0.1940 0.0932 
   HI_SS0344  8 0.1529 0.4717 0.1184 0.0774 0.1260 0.0537 
   HI_SS0345  8 0.1825 0.1411 0.2636 0.2145 0.0644 0.1338 
   HI_SS0346  8 0.3780 0.1801 0.2214 0.0633 0.0812 0.0760 
   HI_SS0350  8 0.0580 0.0434 0.0805 0.4749 0.0968 0.2463 
   HI_SS0351  8 0.2089 0.0994 0.1362 0.3655 0.1308 0.0592 
   HI_SS0352  8 0.2198 0.1157 0.1263 0.2584 0.1263 0.1535 
   HI_SS0362  8 0.0888 0.1342 0.2908 0.1181 0.0691 0.2990 
   HI_SS0363  8 0.0993 0.2656 0.0802 0.1845 0.2711 0.0993 
   HI_SS0365  8 0.1300 0.2456 0.0666 0.1669 0.2020 0.1889 
   HI_SS0366  8 0.0940 0.3887 0.1589 0.1120 0.1806 0.0658 
   HI_SS0367  8 0.1565 0.0846 0.0951 0.2186 0.1308 0.3144 
   HI_SS0369  8 0.1223 0.0837 0.2117 0.2118 0.1280 0.2425 
   HI_SS0370  8 0.1888 0.1020 0.0856 0.0942 0.4645 0.0649 
   HI_SS0371  8 0.1130 0.3314 0.1583 0.1446 0.0739 0.1787 
   HI_SS0373  8 0.0879 0.1560 0.0987 0.1482 0.1203 0.3889 
   HI_SS0374  8 0.1818 0.1040 0.1025 0.1695 0.1396 0.3026 
   HI_SS0377  8 0.1448 0.1630 0.1769 0.4025 0.0546 0.0581 
   HI_SS0379  8 0.1915 0.5091 0.0695 0.1012 0.0557 0.0730 
   HI_SS0380  8 0.1555 0.1127 0.1586 0.2496 0.1508 0.1728 
   HI_SS0381  8 0.2017 0.0677 0.2089 0.2897 0.1073 0.1247 
   HI_SS0384  8 0.1893 0.2391 0.1184 0.0561 0.2720 0.1252 
   HI_SS0385  8 0.1089 0.2379 0.1056 0.0797 0.0600 0.4079 
