

----------------------------------------------------
STRUCTURE by Pritchard, Stephens and Donnelly (2000)
     and Falush, Stephens and Pritchard (2003)
       Code by Pritchard, Falush and Hubisz
             Version 2.3.4 (Jul 2012)
----------------------------------------------------



Command line arguments:   /home/genobiwan/Documents/Programs/Structure/structure -m parameter_job_k8_r1 
Input File:    /media/genobiwan/Storage/Projets/Mackerel_NWA_2021/data_job_k8_r1

Run parameters:
   557 individuals
   3930 loci
   8 populations assumed
   10000 Burn-in period
   100000 Reps


--------------------------------------------
Proportion of membership of each pre-defined
 population in each of the 8 clusters

Given    Inferred Clusters                                          Number of
 Pop       1      2      3      4      5      6      7      8      Individuals

  1:     0.139  0.133  0.133  0.112  0.117  0.139  0.110  0.117       67
  2:     0.138  0.128  0.112  0.159  0.100  0.112  0.113  0.138       32
  3:     0.123  0.118  0.118  0.110  0.120  0.148  0.125  0.139       92
  4:     0.104  0.117  0.149  0.128  0.114  0.117  0.145  0.125       36
  5:     0.106  0.120  0.113  0.124  0.139  0.144  0.132  0.122       41
  6:     0.123  0.128  0.132  0.125  0.128  0.115  0.128  0.121      158
  7:     0.130  0.128  0.133  0.124  0.117  0.120  0.121  0.127       79
  8:     0.123  0.138  0.122  0.106  0.142  0.124  0.124  0.121       52
--------------------------------------------

Allele-freq. divergence among pops (Net nucleotide distance),
computed using point estimates of P.

      1       2       3       4       5       6       7       8      
 1      -    0.0046  0.0046  0.0058  0.0045  0.0053  0.0063  0.0048  
 2   0.0046     -    0.0028  0.0050  0.0027  0.0035  0.0041  0.0036  
 3   0.0046  0.0028     -    0.0045  0.0028  0.0035  0.0044  0.0038  
 4   0.0058  0.0050  0.0045     -    0.0047  0.0051  0.0058  0.0054  
 5   0.0045  0.0027  0.0028  0.0047     -    0.0034  0.0043  0.0032  
 6   0.0053  0.0035  0.0035  0.0051  0.0034     -    0.0056  0.0042  
 7   0.0063  0.0041  0.0044  0.0058  0.0043  0.0056     -    0.0054  
 8   0.0048  0.0036  0.0038  0.0054  0.0032  0.0042  0.0054     -    

Average distances (expected heterozygosity) between individuals in same cluster:
cluster  1  : 0.3085 
cluster  2  : 0.3142 
cluster  3  : 0.3127 
cluster  4  : 0.3118 
cluster  5  : 0.3105 
cluster  6  : 0.3099 
cluster  7  : 0.3085 
cluster  8  : 0.3096 

--------------------------------------------
Estimated Ln Prob of Data   = -2144987.9
Mean value of ln likelihood = -2058556.6
Variance of ln likelihood   = 172862.5
Mean value of alpha         = 1.2399

Mean value of Fst_1         = 0.0634
Mean value of Fst_2         = 0.0471
Mean value of Fst_3         = 0.0490
Mean value of Fst_4         = 0.0633
Mean value of Fst_5         = 0.0537
Mean value of Fst_6         = 0.0555
Mean value of Fst_7         = 0.0652
Mean value of Fst_8         = 0.0524


Inferred ancestry of individuals:
        Label (%Miss) Pop:  Inferred clusters
  1 NS_SS0963    (4)    1 :  0.036 0.127 0.183 0.100 0.103 0.184 0.058 0.210 
  2 NS_SS0983    (1)    1 :  0.031 0.525 0.081 0.083 0.087 0.045 0.099 0.049 
  3 NS_SS0719    (8)    1 :  0.084 0.092 0.194 0.106 0.077 0.093 0.145 0.208 
  4 NS_SS1001    (8)    1 :  0.203 0.079 0.053 0.258 0.115 0.116 0.067 0.109 
  5 NS_SS0936    (4)    1 :  0.113 0.067 0.116 0.178 0.138 0.251 0.077 0.060 
  6 NS_SS0955    (5)    1 :  0.035 0.202 0.105 0.081 0.165 0.149 0.114 0.149 
  7 NS_SS0944    (3)    1 :  0.066 0.078 0.067 0.084 0.176 0.208 0.158 0.164 
  8 NS_SS0945    (3)    1 :  0.212 0.099 0.076 0.126 0.201 0.088 0.142 0.055 
  9 NS_SS0922    (2)    1 :  0.108 0.058 0.117 0.239 0.039 0.114 0.108 0.217 
 10 NS_SS0929    (7)    1 :  0.098 0.137 0.119 0.080 0.138 0.180 0.178 0.070 
 11 NS_SS0956    (2)    1 :  0.171 0.082 0.075 0.112 0.089 0.096 0.069 0.306 
 12 NS_SS0906    (3)    1 :  0.087 0.120 0.135 0.071 0.100 0.264 0.135 0.087 
 13 NS_SS0721    (6)    1 :  0.085 0.192 0.097 0.085 0.181 0.061 0.055 0.245 
 14 NS_SS0982    (4)    1 :  0.139 0.123 0.209 0.067 0.094 0.175 0.062 0.131 
 15 NS_SS0923    (5)    1 :  0.214 0.122 0.128 0.095 0.117 0.149 0.099 0.076 
 16 NS_SS0905    (6)    1 :  0.233 0.235 0.103 0.068 0.081 0.127 0.104 0.049 
 17 NS_SS0925    (3)    1 :  0.092 0.153 0.088 0.171 0.123 0.226 0.044 0.103 
 18 NS_SS0947    (5)    1 :  0.126 0.080 0.109 0.128 0.102 0.243 0.107 0.106 
 19 NS_SS0926    (2)    1 :  0.108 0.110 0.251 0.053 0.140 0.073 0.199 0.066 
 20 NS_SS0918    (6)    1 :  0.127 0.126 0.060 0.048 0.318 0.216 0.037 0.068 
 21 NS_SS0966    (4)    1 :  0.113 0.148 0.163 0.100 0.138 0.210 0.059 0.069 
 22 NS_SS0938    (2)    1 :  0.084 0.068 0.198 0.286 0.125 0.080 0.069 0.090 
 23 NS_SS0917    (2)    1 :  0.134 0.104 0.260 0.091 0.058 0.060 0.203 0.088 
 24 NS_SS0957   (11)    1 :  0.215 0.117 0.086 0.055 0.101 0.096 0.114 0.216 
 25 NS_SS0987    (1)    1 :  0.207 0.218 0.067 0.037 0.115 0.090 0.072 0.194 
 26 NS_SS0717    (4)    1 :  0.278 0.206 0.052 0.141 0.048 0.115 0.053 0.107 
 27 NS_SS0986    (2)    1 :  0.156 0.199 0.132 0.042 0.130 0.095 0.119 0.127 
 28 NS_SS0953    (4)    1 :  0.127 0.090 0.042 0.143 0.125 0.268 0.066 0.138 
 29 NS_SS0907    (3)    1 :  0.086 0.142 0.137 0.053 0.137 0.313 0.072 0.060 
 30 NS_SS0974    (6)    1 :  0.145 0.064 0.100 0.130 0.113 0.207 0.178 0.065 
 31 NS_SS0989    (1)    1 :  0.051 0.152 0.174 0.150 0.082 0.063 0.239 0.089 
 32 NS_SS0991    (2)    1 :  0.042 0.343 0.070 0.046 0.163 0.128 0.063 0.145 
 33 NS_SS0994    (2)    1 :  0.069 0.155 0.063 0.159 0.084 0.050 0.366 0.053 
 34 NS_SS0931    (6)    1 :  0.062 0.277 0.119 0.061 0.135 0.102 0.103 0.141 
 35 NS_SS1000    (5)    1 :  0.203 0.065 0.114 0.162 0.100 0.228 0.071 0.057 
 36 NS_SS0919    (1)    1 :  0.061 0.234 0.291 0.045 0.085 0.163 0.085 0.036 
 37 NS_SS0949    (3)    1 :  0.038 0.114 0.190 0.178 0.102 0.069 0.135 0.175 
 38 NS_SS0960   (10)    1 :  0.140 0.077 0.179 0.044 0.115 0.164 0.171 0.110 
 39 NS_SS0716    (2)    1 :  0.515 0.086 0.067 0.046 0.061 0.037 0.065 0.123 
 40 NS_SS0924    (8)    1 :  0.097 0.209 0.150 0.077 0.102 0.176 0.096 0.093 
 41 NS_SS0935    (1)    1 :  0.088 0.218 0.086 0.079 0.132 0.113 0.162 0.122 
 42 NS_SS0952   (13)    1 :  0.089 0.178 0.202 0.068 0.146 0.138 0.131 0.048 
 43 NS_SS0962   (10)    1 :  0.201 0.088 0.231 0.131 0.137 0.076 0.057 0.080 
 44 NS_SS0973    (5)    1 :  0.049 0.099 0.118 0.120 0.124 0.277 0.072 0.141 
 45 NS_SS0722    (1)    1 :  0.246 0.079 0.046 0.236 0.085 0.175 0.065 0.068 
 46 NS_SS0979   (13)    1 :  0.213 0.120 0.122 0.072 0.148 0.120 0.047 0.158 
 47 NS_SS0993    (2)    1 :  0.100 0.147 0.090 0.201 0.138 0.150 0.053 0.121 
 48 NS_SS0958    (1)    1 :  0.186 0.082 0.144 0.097 0.182 0.095 0.156 0.058 
 49 NS_SS0988    (4)    1 :  0.147 0.126 0.234 0.044 0.093 0.175 0.101 0.080 
 50 NS_SS1003    (2)    1 :  0.040 0.059 0.295 0.066 0.097 0.098 0.043 0.303 
 51 NS_SS0976    (0)    1 :  0.046 0.113 0.128 0.093 0.335 0.103 0.105 0.077 
 52 NS_SS0964   (10)    1 :  0.213 0.085 0.058 0.218 0.069 0.114 0.081 0.162 
 53 NS_SS0939    (4)    1 :  0.422 0.046 0.084 0.107 0.105 0.033 0.048 0.155 
 54 NS_SS0990    (6)    1 :  0.203 0.115 0.163 0.087 0.103 0.045 0.158 0.127 
 55 NS_SS0984    (2)    1 :  0.264 0.119 0.099 0.211 0.075 0.098 0.056 0.077 
 56 NS_SS0980    (9)    1 :  0.112 0.081 0.091 0.139 0.061 0.307 0.141 0.068 
 57 NS_SS0978    (4)    1 :  0.088 0.053 0.220 0.197 0.056 0.150 0.152 0.084 
 58 NS_SS0951   (17)    1 :  0.142 0.190 0.074 0.047 0.130 0.109 0.126 0.183 
 59 NS_SS0913    (3)    1 :  0.210 0.072 0.074 0.137 0.104 0.096 0.105 0.202 
 60 NS_SS1002    (1)    1 :  0.121 0.058 0.266 0.063 0.081 0.285 0.075 0.052 
 61 NS_SS0948    (1)    1 :  0.127 0.204 0.122 0.069 0.157 0.133 0.110 0.077 
 62 NS_SS0916    (4)    1 :  0.103 0.087 0.152 0.205 0.080 0.072 0.193 0.108 
 63 NS_SS0995    (1)    1 :  0.205 0.100 0.115 0.126 0.055 0.101 0.159 0.138 
 64 NS_SS0927    (6)    1 :  0.149 0.185 0.227 0.110 0.070 0.060 0.151 0.048 
 65 NS_SS0992    (5)    1 :  0.094 0.040 0.157 0.175 0.047 0.155 0.252 0.080 
 66 NS_SS0912    (1)    1 :  0.124 0.156 0.129 0.047 0.157 0.110 0.067 0.210 
 67 NS_SS0981    (1)    1 :  0.127 0.162 0.164 0.048 0.164 0.136 0.054 0.144 
 68 NS_SS0729    (5)    2 :  0.036 0.176 0.068 0.152 0.068 0.163 0.284 0.053 
 69 NS_SS0967   (14)    2 :  0.089 0.116 0.246 0.083 0.086 0.251 0.052 0.079 
 70 NS_SS0941    (7)    2 :  0.095 0.132 0.102 0.296 0.069 0.087 0.101 0.118 
 71 NS_SS0768   (12)    2 :  0.093 0.083 0.103 0.092 0.117 0.150 0.095 0.266 
 72 NS_SS0726    (4)    2 :  0.031 0.100 0.160 0.273 0.105 0.078 0.192 0.061 
 73 NS_SS0763    (4)    2 :  0.101 0.187 0.135 0.159 0.067 0.089 0.192 0.071 
 74 NS_SS0730    (6)    2 :  0.267 0.108 0.144 0.083 0.084 0.091 0.079 0.143 
 75 NS_SS0774    (1)    2 :  0.234 0.043 0.103 0.178 0.112 0.170 0.083 0.077 
 76 NS_SS0723    (3)    2 :  0.158 0.124 0.176 0.117 0.068 0.171 0.037 0.149 
 77 NS_SS0940    (9)    2 :  0.125 0.124 0.118 0.220 0.135 0.052 0.145 0.080 
 78 NS_SS0762    (1)    2 :  0.270 0.070 0.054 0.244 0.046 0.136 0.057 0.122 
 79 NS_SS0766   (11)    2 :  0.249 0.139 0.072 0.201 0.078 0.049 0.119 0.095 
 80 NS_SS0724    (1)    2 :  0.096 0.183 0.055 0.144 0.104 0.184 0.045 0.188 
 81 NS_SS0769    (3)    2 :  0.179 0.146 0.216 0.067 0.055 0.124 0.107 0.107 
 82 NS_SS0777    (2)    2 :  0.103 0.300 0.104 0.047 0.218 0.064 0.092 0.073 
 83 NS_SS0734    (6)    2 :  0.117 0.109 0.104 0.107 0.103 0.071 0.199 0.191 
 84 NS_SS0737    (3)    2 :  0.190 0.050 0.079 0.381 0.098 0.075 0.046 0.080 
 85 NS_SS0732    (5)    2 :  0.148 0.169 0.068 0.067 0.138 0.121 0.048 0.242 
 86 NS_SS0728    (5)    2 :  0.131 0.170 0.067 0.208 0.084 0.065 0.115 0.158 
 87 NS_SS0735    (9)    2 :  0.087 0.146 0.041 0.258 0.124 0.125 0.063 0.156 
 88 NS_SS0725    (1)    2 :  0.073 0.060 0.091 0.336 0.095 0.071 0.077 0.196 
 89 NS_SS0788    (2)    2 :  0.097 0.085 0.332 0.081 0.115 0.093 0.068 0.127 
 90 NS_SS0778    (2)    2 :  0.074 0.237 0.226 0.055 0.083 0.079 0.103 0.143 
 91 NS_SS0792    (6)    2 :  0.101 0.093 0.091 0.092 0.053 0.129 0.237 0.205 
 92 NS_SS0943   (11)    2 :  0.037 0.079 0.072 0.066 0.104 0.237 0.195 0.210 
 93 NS_SS0791    (2)    2 :  0.098 0.112 0.064 0.147 0.191 0.042 0.199 0.148 
 94 NS_SS0790    (5)    2 :  0.144 0.065 0.066 0.109 0.061 0.223 0.037 0.295 
 95 NS_SS0731    (6)    2 :  0.237 0.194 0.080 0.061 0.053 0.092 0.052 0.232 
 96 NS_SS0727    (6)    2 :  0.099 0.117 0.049 0.311 0.056 0.059 0.233 0.076 
 97 NS_SS0779   (12)    2 :  0.127 0.257 0.120 0.103 0.161 0.080 0.058 0.095 
 98 NS_SS0776    (3)    2 :  0.154 0.086 0.118 0.210 0.170 0.064 0.091 0.107 
 99 NS_SS0775    (5)    2 :  0.370 0.049 0.067 0.134 0.090 0.097 0.109 0.084 
100 NS_SS0965    (3)    3 :  0.079 0.225 0.094 0.054 0.093 0.166 0.060 0.229 
101 NS_SS0754   (13)    3 :  0.068 0.120 0.076 0.088 0.100 0.093 0.219 0.236 
102 NS_SS0838    (5)    3 :  0.170 0.127 0.101 0.126 0.256 0.080 0.071 0.069 
103 NS_SS0839    (3)    3 :  0.216 0.066 0.091 0.173 0.097 0.132 0.082 0.143 
104 NS_SS0832    (4)    3 :  0.140 0.107 0.110 0.086 0.052 0.321 0.041 0.144 
105 NS_SS0820    (4)    3 :  0.099 0.089 0.187 0.108 0.094 0.137 0.047 0.240 
106 NS_SS0886    (9)    3 :  0.109 0.135 0.124 0.076 0.125 0.088 0.177 0.165 
107 NS_SS0748    (5)    3 :  0.146 0.195 0.099 0.051 0.212 0.140 0.076 0.080 
108 NS_SS0884    (9)    3 :  0.094 0.091 0.108 0.127 0.103 0.148 0.173 0.155 
109 NS_SS0752    (3)    3 :  0.133 0.068 0.100 0.203 0.161 0.146 0.110 0.080 
110 NS_SS0862    (1)    3 :  0.068 0.118 0.060 0.084 0.106 0.175 0.047 0.343 
111 NS_SS0787    (9)    3 :  0.100 0.092 0.091 0.040 0.149 0.092 0.354 0.081 
112 NS_SS0843    (6)    3 :  0.078 0.242 0.114 0.148 0.066 0.119 0.082 0.152 
113 NS_SS0856    (4)    3 :  0.166 0.090 0.191 0.185 0.071 0.058 0.146 0.095 
114 NS_SS0846    (2)    3 :  0.047 0.109 0.191 0.156 0.081 0.244 0.113 0.059 
115 NS_SS0825    (1)    3 :  0.050 0.144 0.168 0.059 0.123 0.128 0.098 0.230 
116 NS_SS0757    (3)    3 :  0.103 0.166 0.089 0.074 0.190 0.116 0.091 0.171 
117 NS_SS0876    (3)    3 :  0.090 0.101 0.127 0.188 0.091 0.136 0.130 0.136 
118 NS_SS0903    (9)    3 :  0.097 0.063 0.092 0.169 0.101 0.332 0.060 0.086 
119 NS_SS0875    (7)    3 :  0.280 0.144 0.153 0.056 0.110 0.070 0.093 0.094 
120 NS_SS0740    (5)    3 :  0.098 0.226 0.080 0.173 0.109 0.131 0.074 0.109 
121 NS_SS0811    (5)    3 :  0.350 0.097 0.047 0.044 0.156 0.090 0.053 0.164 
122 NS_SS0751    (1)    3 :  0.172 0.083 0.209 0.172 0.166 0.074 0.060 0.065 
123 NS_SS0891    (6)    3 :  0.122 0.076 0.143 0.231 0.124 0.087 0.099 0.117 
124 NS_SS0867    (2)    3 :  0.035 0.130 0.118 0.039 0.065 0.248 0.193 0.172 
125 NS_SS0890    (6)    3 :  0.195 0.156 0.171 0.109 0.089 0.127 0.083 0.070 
126 NS_SS0866   (11)    3 :  0.064 0.058 0.070 0.079 0.112 0.068 0.465 0.085 
127 NS_SS0755    (4)    3 :  0.127 0.071 0.119 0.065 0.069 0.196 0.149 0.204 
128 NS_SS0758    (4)    3 :  0.076 0.223 0.088 0.224 0.141 0.090 0.091 0.068 
129 NS_SS0840    (2)    3 :  0.154 0.061 0.121 0.092 0.126 0.242 0.048 0.155 
130 NS_SS0889    (4)    3 :  0.078 0.089 0.067 0.066 0.146 0.094 0.240 0.221 
131 NS_SS1010    (1)    3 :  0.189 0.093 0.254 0.040 0.084 0.143 0.095 0.102 
132 NS_SS0888    (5)    3 :  0.081 0.062 0.057 0.130 0.064 0.074 0.400 0.133 
133 NS_SS0837    (3)    3 :  0.102 0.094 0.074 0.050 0.086 0.267 0.054 0.274 
134 NS_SS0794    (9)    3 :  0.159 0.077 0.071 0.101 0.134 0.083 0.287 0.087 
135 NS_SS0823    (4)    3 :  0.099 0.090 0.082 0.183 0.137 0.257 0.062 0.090 
136 NS_SS0829    (7)    3 :  0.079 0.141 0.060 0.032 0.263 0.100 0.205 0.120 
137 NS_SS0844    (5)    3 :  0.056 0.077 0.074 0.068 0.051 0.523 0.044 0.105 
138 NS_SS1008    (5)    3 :  0.208 0.111 0.058 0.134 0.098 0.104 0.209 0.079 
139 NS_SS0881    (3)    3 :  0.150 0.062 0.266 0.068 0.128 0.079 0.141 0.106 
140 NS_SS0834    (6)    3 :  0.083 0.079 0.111 0.378 0.129 0.072 0.053 0.096 
141 NS_SS0744   (10)    3 :  0.060 0.080 0.158 0.113 0.101 0.172 0.167 0.149 
142 NS_SS0899    (7)    3 :  0.195 0.103 0.043 0.074 0.200 0.142 0.049 0.194 
143 NS_SS0804    (4)    3 :  0.111 0.128 0.111 0.148 0.095 0.198 0.035 0.174 
144 NS_SS0781   (10)    3 :  0.167 0.149 0.163 0.098 0.108 0.206 0.045 0.065 
145 NS_SS0822    (6)    3 :  0.039 0.110 0.044 0.241 0.254 0.104 0.093 0.115 
146 NS_SS1004    (4)    3 :  0.075 0.136 0.158 0.084 0.076 0.285 0.071 0.115 
147 NS_SS0746    (5)    3 :  0.083 0.160 0.097 0.122 0.119 0.241 0.113 0.064 
148 NS_SS0880    (3)    3 :  0.079 0.052 0.098 0.151 0.195 0.205 0.066 0.153 
149 NS_SS0879    (4)    3 :  0.074 0.045 0.071 0.210 0.086 0.151 0.132 0.232 
150 NS_SS0753    (2)    3 :  0.106 0.189 0.072 0.050 0.151 0.148 0.184 0.100 
151 NS_SS1007    (2)    3 :  0.206 0.098 0.199 0.228 0.065 0.059 0.106 0.038 
152 NS_SS0872    (5)    3 :  0.198 0.088 0.178 0.112 0.077 0.163 0.088 0.096 
153 NS_SS1005    (7)    3 :  0.111 0.117 0.141 0.103 0.120 0.287 0.042 0.078 
154 NS_SS0892    (6)    3 :  0.151 0.186 0.131 0.140 0.114 0.092 0.089 0.099 
155 NS_SS0898    (0)    3 :  0.093 0.133 0.137 0.073 0.143 0.138 0.173 0.111 
156 NS_SS0801    (9)    3 :  0.101 0.189 0.076 0.060 0.161 0.148 0.089 0.175 
157 NS_SS0827    (8)    3 :  0.232 0.251 0.167 0.027 0.076 0.072 0.084 0.090 
158 NS_SS0853    (6)    3 :  0.364 0.156 0.063 0.033 0.069 0.100 0.108 0.107 
159 NS_SS0780    (2)    3 :  0.101 0.190 0.165 0.120 0.095 0.104 0.064 0.161 
160 NS_SS0826   (10)    3 :  0.035 0.098 0.186 0.053 0.150 0.255 0.074 0.150 
161 NS_SS0818    (5)    3 :  0.149 0.074 0.164 0.179 0.105 0.143 0.055 0.131 
162 NS_SS0745    (1)    3 :  0.295 0.035 0.060 0.251 0.094 0.033 0.046 0.185 
163 NS_SS0849    (3)    3 :  0.091 0.129 0.113 0.038 0.156 0.072 0.043 0.358 
164 NS_SS0739    (3)    3 :  0.166 0.097 0.183 0.092 0.131 0.038 0.096 0.198 
165 NS_SS0799    (1)    3 :  0.138 0.228 0.055 0.151 0.125 0.085 0.144 0.074 
166 NS_SS0756    (2)    3 :  0.111 0.075 0.135 0.059 0.120 0.321 0.066 0.113 
167 NS_SS0802    (2)    3 :  0.079 0.150 0.319 0.129 0.090 0.079 0.103 0.052 
168 NS_SS0747    (6)    3 :  0.096 0.150 0.163 0.093 0.133 0.226 0.080 0.060 
169 NS_SS0835    (1)    3 :  0.075 0.187 0.176 0.064 0.037 0.102 0.299 0.061 
170 NS_SS0742   (18)    3 :  0.108 0.165 0.167 0.105 0.126 0.115 0.070 0.144 
171 NS_SS0760    (9)    3 :  0.119 0.099 0.137 0.078 0.212 0.101 0.212 0.043 
172 NS_SS0803    (4)    3 :  0.053 0.078 0.044 0.133 0.078 0.470 0.062 0.081 
173 NS_SS0828   (13)    3 :  0.145 0.194 0.095 0.073 0.160 0.084 0.090 0.159 
174 NS_SS0865    (2)    3 :  0.051 0.051 0.211 0.040 0.075 0.150 0.162 0.260 
175 NS_SS0759    (4)    3 :  0.156 0.079 0.111 0.169 0.176 0.092 0.047 0.169 
176 NS_SS0851    (5)    3 :  0.117 0.049 0.074 0.077 0.098 0.066 0.053 0.466 
177 NS_SS0874   (16)    3 :  0.115 0.166 0.068 0.102 0.118 0.296 0.053 0.082 
178 NS_SS0761    (6)    3 :  0.061 0.209 0.083 0.052 0.146 0.155 0.171 0.123 
179 NS_SS0842   (25)    3 :  0.240 0.084 0.109 0.074 0.096 0.119 0.186 0.092 
180 NS_SS0785    (6)    3 :  0.093 0.124 0.105 0.077 0.060 0.237 0.176 0.127 
181 NS_SS0860   (11)    3 :  0.068 0.113 0.125 0.074 0.065 0.125 0.362 0.068 
182 NS_SS0897    (7)    3 :  0.078 0.126 0.099 0.064 0.177 0.076 0.272 0.110 
183 NS_SS0841   (14)    3 :  0.243 0.078 0.069 0.096 0.135 0.114 0.059 0.207 
184 NS_SS0797    (6)    3 :  0.103 0.121 0.118 0.046 0.149 0.110 0.146 0.207 
185 NS_SS0830   (10)    3 :  0.120 0.083 0.126 0.062 0.156 0.113 0.144 0.195 
186 NS_SS1011    (5)    3 :  0.049 0.057 0.186 0.110 0.115 0.220 0.085 0.178 
187 NS_SS0883    (5)    3 :  0.212 0.139 0.096 0.041 0.137 0.103 0.154 0.118 
188 NS_SS0782    (2)    3 :  0.147 0.068 0.062 0.185 0.058 0.147 0.239 0.093 
189 NS_SS0831    (5)    3 :  0.088 0.106 0.054 0.048 0.139 0.073 0.269 0.224 
190 NS_SS0749    (7)    3 :  0.114 0.103 0.095 0.129 0.152 0.075 0.134 0.197 
191 NS_SS0854    (2)    3 :  0.055 0.119 0.080 0.272 0.065 0.111 0.159 0.139 
192 HI_SS0193    (0)    4 :  0.037 0.054 0.067 0.261 0.154 0.049 0.160 0.218 
193 HI_SS0194    (0)    4 :  0.050 0.070 0.125 0.377 0.184 0.070 0.040 0.084 
194 HI_SS0195    (9)    4 :  0.135 0.076 0.135 0.136 0.088 0.058 0.034 0.337 
195 HI_SS0196    (6)    4 :  0.189 0.070 0.065 0.183 0.142 0.099 0.161 0.092 
196 HI_SS0197    (3)    4 :  0.095 0.077 0.386 0.123 0.080 0.097 0.099 0.044 
197 HI_SS0198    (1)    4 :  0.102 0.151 0.126 0.068 0.158 0.070 0.118 0.207 
198 HI_SS0199    (1)    4 :  0.103 0.083 0.075 0.172 0.065 0.116 0.310 0.078 
199 HI_SS0201    (4)    4 :  0.041 0.272 0.128 0.035 0.113 0.104 0.169 0.138 
200 HI_SS0215    (1)    4 :  0.077 0.234 0.128 0.032 0.051 0.140 0.248 0.090 
201 HI_SS0218    (1)    4 :  0.095 0.061 0.044 0.108 0.122 0.068 0.389 0.113 
202 HI_SS0222    (0)    4 :  0.161 0.123 0.123 0.139 0.080 0.052 0.117 0.205 
203 HI_SS0230    (1)    4 :  0.211 0.130 0.252 0.044 0.153 0.095 0.050 0.065 
204 HI_SS0234    (1)    4 :  0.054 0.194 0.181 0.252 0.059 0.133 0.079 0.048 
205 HI_SS0240    (1)    4 :  0.124 0.089 0.104 0.306 0.067 0.088 0.112 0.111 
206 HI_SS0241    (0)    4 :  0.070 0.168 0.181 0.068 0.095 0.094 0.209 0.115 
207 HI_SS0242    (0)    4 :  0.079 0.110 0.086 0.086 0.123 0.195 0.176 0.146 
208 HI_SS0247    (0)    4 :  0.071 0.102 0.104 0.059 0.304 0.209 0.061 0.089 
209 HI_SS0248    (1)    4 :  0.139 0.222 0.041 0.149 0.104 0.105 0.193 0.048 
210 HI_SS0252    (2)    4 :  0.076 0.112 0.049 0.266 0.149 0.138 0.069 0.141 
211 HI_SS0254    (1)    4 :  0.066 0.199 0.264 0.115 0.073 0.152 0.083 0.048 
212 HI_SS0256    (0)    4 :  0.109 0.047 0.138 0.164 0.056 0.318 0.027 0.140 
213 HI_SS0257    (0)    4 :  0.040 0.124 0.147 0.119 0.074 0.205 0.248 0.042 
214 HI_SS0258    (1)    4 :  0.105 0.119 0.084 0.097 0.122 0.141 0.243 0.090 
215 HI_SS0259    (1)    4 :  0.067 0.066 0.228 0.231 0.149 0.061 0.060 0.138 
216 HI_SS0260    (1)    4 :  0.231 0.123 0.087 0.077 0.055 0.088 0.262 0.077 
217 HI_SS0261    (2)    4 :  0.052 0.119 0.174 0.188 0.104 0.184 0.117 0.061 
218 HI_SS0262    (0)    4 :  0.145 0.047 0.142 0.078 0.054 0.102 0.164 0.269 
219 HI_SS0264    (1)    4 :  0.284 0.112 0.165 0.045 0.134 0.100 0.060 0.100 
220 HI_SS0265    (0)    4 :  0.083 0.111 0.270 0.070 0.065 0.082 0.066 0.252 
221 HI_SS0268    (1)    4 :  0.218 0.097 0.272 0.057 0.218 0.030 0.057 0.051 
222 HI_SS0269    (1)    4 :  0.031 0.117 0.184 0.104 0.064 0.110 0.328 0.062 
223 HI_SS0273    (0)    4 :  0.063 0.055 0.141 0.049 0.126 0.211 0.246 0.110 
224 HI_SS0277    (1)    4 :  0.058 0.072 0.355 0.054 0.155 0.148 0.057 0.101 
225 HI_SS0280    (0)    4 :  0.170 0.063 0.143 0.091 0.112 0.051 0.135 0.234 
226 HI_SS0282    (1)    4 :  0.052 0.087 0.072 0.102 0.163 0.186 0.175 0.164 
227 HI_SS0286    (1)    4 :  0.062 0.242 0.105 0.105 0.102 0.074 0.102 0.208 
228 NS_SS1252    (3)    5 :  0.064 0.193 0.048 0.072 0.161 0.087 0.311 0.064 
229 NS_SS1261    (1)    5 :  0.165 0.108 0.146 0.092 0.191 0.138 0.082 0.078 
230 NS_SS1225    (9)    5 :  0.045 0.125 0.112 0.060 0.257 0.248 0.106 0.048 
231 NS_SS1266    (1)    5 :  0.081 0.067 0.079 0.087 0.110 0.416 0.042 0.118 
232 NS_SS1228    (0)    5 :  0.189 0.055 0.092 0.071 0.128 0.068 0.133 0.264 
233 NS_SS1255    (2)    5 :  0.154 0.029 0.048 0.313 0.080 0.112 0.182 0.081 
234 NS_SS1267    (3)    5 :  0.089 0.275 0.084 0.065 0.062 0.037 0.294 0.093 
235 NS_SS1238    (6)    5 :  0.099 0.066 0.127 0.090 0.345 0.046 0.068 0.160 
236 NS_SS1233    (8)    5 :  0.101 0.112 0.053 0.047 0.372 0.227 0.034 0.054 
237 NS_SS1277    (3)    5 :  0.097 0.139 0.067 0.225 0.073 0.055 0.207 0.138 
238 NS_SS1245    (1)    5 :  0.078 0.244 0.090 0.149 0.138 0.162 0.079 0.060 
239 NS_SS1240    (4)    5 :  0.055 0.388 0.109 0.091 0.054 0.050 0.217 0.035 
240 NS_SS1275    (2)    5 :  0.076 0.052 0.234 0.113 0.086 0.140 0.066 0.232 
241 NS_SS1235    (1)    5 :  0.039 0.060 0.111 0.354 0.102 0.224 0.070 0.040 
242 NS_SS1263    (1)    5 :  0.153 0.078 0.042 0.198 0.251 0.167 0.046 0.066 
243 NS_SS1251    (1)    5 :  0.099 0.158 0.116 0.142 0.080 0.281 0.058 0.066 
244 NS_SS1248    (0)    5 :  0.103 0.081 0.072 0.037 0.316 0.045 0.052 0.296 
245 NS_SS1244    (0)    5 :  0.033 0.050 0.214 0.075 0.291 0.160 0.080 0.097 
246 NS_SS1257    (0)    5 :  0.082 0.170 0.088 0.138 0.089 0.079 0.257 0.098 
247 NS_SS1242    (2)    5 :  0.243 0.070 0.124 0.106 0.126 0.138 0.050 0.142 
248 NS_SS1271    (6)    5 :  0.061 0.165 0.113 0.071 0.073 0.068 0.328 0.121 
249 NS_SS1265    (1)    5 :  0.081 0.185 0.117 0.070 0.136 0.107 0.218 0.085 
250 NS_SS1243    (0)    5 :  0.156 0.159 0.047 0.163 0.137 0.058 0.082 0.198 
251 NS_SS1273    (1)    5 :  0.351 0.043 0.062 0.141 0.105 0.141 0.080 0.077 
252 NS_SS1254   (14)    5 :  0.248 0.093 0.061 0.066 0.093 0.270 0.081 0.088 
253 NS_SS1224    (1)    5 :  0.119 0.069 0.076 0.076 0.053 0.249 0.090 0.269 
254 NS_SS1227    (8)    5 :  0.132 0.245 0.263 0.082 0.054 0.054 0.126 0.043 
255 NS_SS1274    (8)    5 :  0.098 0.126 0.064 0.179 0.229 0.102 0.120 0.081 
256 NS_SS1241    (1)    5 :  0.068 0.093 0.162 0.079 0.124 0.196 0.149 0.130 
257 NS_SS1256    (3)    5 :  0.086 0.097 0.199 0.054 0.096 0.274 0.138 0.056 
258 NS_SS1260    (8)    5 :  0.106 0.101 0.102 0.087 0.137 0.111 0.284 0.071 
259 NS_SS1262    (0)    5 :  0.067 0.157 0.092 0.055 0.099 0.258 0.142 0.130 
260 NS_SS1230    (0)    5 :  0.146 0.060 0.113 0.081 0.192 0.140 0.171 0.096 
261 NS_SS1270    (2)    5 :  0.051 0.113 0.096 0.056 0.157 0.210 0.050 0.266 
262 NS_SS1229    (2)    5 :  0.049 0.095 0.155 0.372 0.091 0.140 0.060 0.038 
263 NS_SS1246    (5)    5 :  0.043 0.120 0.165 0.263 0.141 0.055 0.135 0.077 
264 NS_SS1269    (0)    5 :  0.154 0.093 0.127 0.128 0.120 0.127 0.117 0.133 
265 NS_SS1239    (1)    5 :  0.069 0.081 0.085 0.259 0.048 0.076 0.072 0.311 
266 NS_SS1272    (4)    5 :  0.055 0.124 0.377 0.085 0.104 0.108 0.059 0.087 
267 NS_SS1268    (1)    5 :  0.098 0.111 0.051 0.051 0.110 0.167 0.071 0.341 
268 NS_SS1249    (0)    5 :  0.066 0.076 0.064 0.127 0.079 0.101 0.397 0.091 
269 HI_SS0559    (0)    6 :  0.116 0.149 0.059 0.136 0.107 0.107 0.143 0.182 
270 HI_SS0563    (1)    6 :  0.087 0.109 0.129 0.112 0.114 0.196 0.122 0.130 
271 HI_SS0564    (0)    6 :  0.047 0.129 0.121 0.174 0.237 0.101 0.060 0.130 
272 HI_SS0565    (0)    6 :  0.110 0.221 0.235 0.060 0.102 0.109 0.110 0.052 
273 HI_SS0569    (0)    6 :  0.048 0.301 0.141 0.031 0.183 0.170 0.083 0.044 
274 HI_SS0570    (0)    6 :  0.079 0.121 0.136 0.153 0.144 0.041 0.198 0.128 
275 HI_SS0572    (1)    6 :  0.137 0.128 0.142 0.268 0.060 0.110 0.067 0.089 
276 HI_SS0576    (0)    6 :  0.198 0.073 0.106 0.127 0.221 0.069 0.057 0.148 
277 HI_SS0579    (1)    6 :  0.041 0.222 0.061 0.145 0.069 0.306 0.097 0.059 
278 HI_SS0580    (1)    6 :  0.224 0.118 0.055 0.102 0.045 0.098 0.264 0.096 
279 HI_SS0581    (0)    6 :  0.088 0.094 0.236 0.096 0.105 0.053 0.044 0.283 
280 HI_SS0583    (1)    6 :  0.153 0.385 0.059 0.092 0.058 0.074 0.152 0.029 
281 HI_SS0586    (1)    6 :  0.170 0.354 0.077 0.033 0.092 0.035 0.179 0.059 
282 HI_SS0588    (1)    6 :  0.090 0.362 0.070 0.088 0.072 0.155 0.099 0.065 
283 HI_SS0595    (4)    6 :  0.106 0.069 0.349 0.075 0.075 0.083 0.203 0.041 
284 HI_SS0596    (0)    6 :  0.260 0.077 0.061 0.298 0.055 0.089 0.076 0.085 
285 HI_SS0597    (1)    6 :  0.160 0.155 0.135 0.188 0.107 0.123 0.074 0.056 
286 HI_SS0600    (0)    6 :  0.052 0.086 0.264 0.109 0.067 0.094 0.173 0.156 
287 HI_SS0601    (1)    6 :  0.054 0.197 0.184 0.049 0.117 0.236 0.065 0.097 
288 HI_SS0602    (1)    6 :  0.184 0.279 0.101 0.074 0.100 0.046 0.129 0.087 
289 HI_SS0604    (0)    6 :  0.057 0.291 0.058 0.178 0.158 0.108 0.050 0.099 
290 HI_SS0605    (1)    6 :  0.063 0.190 0.076 0.092 0.076 0.068 0.149 0.286 
291 HI_SS0608    (0)    6 :  0.261 0.146 0.117 0.151 0.129 0.048 0.071 0.077 
292 HI_SS0609    (0)    6 :  0.140 0.099 0.137 0.077 0.084 0.329 0.076 0.058 
293 HI_SS0611    (5)    6 :  0.150 0.205 0.064 0.050 0.106 0.047 0.212 0.166 
294 HI_SS0612    (1)    6 :  0.048 0.048 0.064 0.103 0.059 0.429 0.212 0.037 
295 HI_SS0613    (1)    6 :  0.135 0.104 0.051 0.038 0.089 0.073 0.146 0.364 
296 HI_SS0615    (0)    6 :  0.198 0.064 0.130 0.230 0.144 0.067 0.042 0.123 
297 HI_SS0001    (1)    6 :  0.088 0.058 0.092 0.255 0.105 0.103 0.212 0.087 
298 HI_SS0002    (1)    6 :  0.136 0.137 0.147 0.136 0.074 0.259 0.049 0.063 
299 HI_SS0004    (0)    6 :  0.123 0.095 0.094 0.195 0.144 0.058 0.177 0.114 
300 HI_SS0005    (1)    6 :  0.179 0.091 0.130 0.041 0.169 0.071 0.090 0.229 
301 HI_SS0006    (1)    6 :  0.050 0.163 0.112 0.079 0.064 0.227 0.227 0.077 
302 HI_SS0007    (1)    6 :  0.061 0.073 0.038 0.090 0.083 0.048 0.206 0.401 
303 HI_SS0008    (0)    6 :  0.111 0.225 0.223 0.068 0.050 0.111 0.062 0.150 
304 HI_SS0009    (0)    6 :  0.184 0.135 0.051 0.186 0.079 0.074 0.061 0.231 
305 HI_SS0010    (1)    6 :  0.187 0.176 0.136 0.052 0.140 0.076 0.112 0.121 
306 HI_SS0011    (1)    6 :  0.084 0.052 0.161 0.049 0.193 0.292 0.067 0.101 
307 HI_SS0012    (0)    6 :  0.137 0.198 0.261 0.114 0.050 0.108 0.036 0.095 
308 HI_SS0017    (1)    6 :  0.092 0.074 0.074 0.431 0.094 0.056 0.066 0.113 
309 HI_SS0021    (1)    6 :  0.224 0.179 0.186 0.040 0.070 0.080 0.157 0.065 
310 HI_SS0024    (1)    6 :  0.186 0.071 0.151 0.144 0.131 0.058 0.073 0.186 
311 HI_SS0025    (1)    6 :  0.231 0.059 0.066 0.199 0.093 0.121 0.085 0.146 
312 HI_SS0027    (0)    6 :  0.090 0.182 0.063 0.074 0.237 0.120 0.143 0.090 
313 HI_SS0028    (0)    6 :  0.300 0.084 0.233 0.051 0.064 0.066 0.031 0.172 
314 HI_SS0029    (1)    6 :  0.384 0.048 0.085 0.100 0.099 0.060 0.177 0.048 
315 HI_SS0030    (2)    6 :  0.052 0.115 0.130 0.201 0.109 0.105 0.123 0.165 
316 HI_SS0031    (0)    6 :  0.103 0.135 0.284 0.105 0.059 0.177 0.079 0.058 
317 HI_SS0034    (0)    6 :  0.041 0.141 0.085 0.111 0.142 0.142 0.251 0.087 
318 HI_SS0036    (0)    6 :  0.087 0.078 0.220 0.075 0.140 0.028 0.233 0.138 
319 HI_SS0037    (1)    6 :  0.177 0.099 0.170 0.036 0.197 0.063 0.161 0.097 
320 HI_SS0039    (0)    6 :  0.181 0.054 0.091 0.034 0.054 0.065 0.293 0.228 
321 HI_SS0041    (1)    6 :  0.142 0.059 0.070 0.147 0.146 0.050 0.068 0.316 
322 HI_SS0042    (1)    6 :  0.215 0.089 0.153 0.130 0.096 0.133 0.067 0.116 
323 HI_SS0043    (1)    6 :  0.036 0.128 0.196 0.060 0.311 0.041 0.162 0.065 
324 HI_SS0044    (1)    6 :  0.274 0.059 0.094 0.181 0.060 0.057 0.222 0.053 
325 HI_SS0047    (1)    6 :  0.072 0.130 0.096 0.218 0.059 0.133 0.097 0.195 
326 HI_SS0049    (0)    6 :  0.146 0.128 0.072 0.246 0.167 0.104 0.061 0.075 
327 HI_SS0051    (1)    6 :  0.053 0.135 0.059 0.054 0.080 0.160 0.092 0.367 
328 HI_SS0053    (1)    6 :  0.039 0.177 0.199 0.095 0.176 0.061 0.185 0.068 
329 HI_SS0054    (4)    6 :  0.037 0.231 0.056 0.040 0.231 0.175 0.113 0.116 
330 HI_SS0057    (0)    6 :  0.074 0.080 0.095 0.113 0.327 0.062 0.057 0.192 
331 HI_SS0058    (0)    6 :  0.157 0.136 0.058 0.075 0.112 0.154 0.204 0.104 
332 HI_SS0060    (0)    6 :  0.056 0.121 0.229 0.063 0.246 0.087 0.042 0.157 
333 HI_SS0087    (1)    6 :  0.053 0.302 0.155 0.105 0.119 0.119 0.065 0.080 
334 HI_SS0091    (0)    6 :  0.035 0.114 0.218 0.069 0.118 0.089 0.303 0.054 
335 HI_SS0095    (1)    6 :  0.067 0.135 0.154 0.114 0.084 0.146 0.171 0.127 
336 HI_SS0097    (3)    6 :  0.068 0.139 0.092 0.075 0.154 0.351 0.056 0.064 
337 HI_SS0099    (0)    6 :  0.431 0.120 0.089 0.061 0.053 0.066 0.120 0.060 
338 HI_SS0103    (0)    6 :  0.071 0.070 0.157 0.266 0.090 0.123 0.103 0.120 
339 HI_SS0105    (1)    6 :  0.053 0.097 0.287 0.060 0.118 0.148 0.081 0.156 
340 HI_SS0107    (1)    6 :  0.074 0.069 0.122 0.386 0.088 0.109 0.038 0.115 
341 HI_SS0108    (1)    6 :  0.044 0.155 0.062 0.074 0.134 0.086 0.362 0.083 
342 HI_SS0110    (0)    6 :  0.073 0.052 0.234 0.167 0.073 0.144 0.188 0.070 
343 HI_SS0111    (1)    6 :  0.093 0.175 0.179 0.158 0.092 0.071 0.108 0.123 
344 HI_SS0112    (0)    6 :  0.075 0.099 0.178 0.094 0.224 0.050 0.214 0.066 
345 HI_SS0113    (1)    6 :  0.233 0.077 0.132 0.172 0.126 0.126 0.052 0.082 
346 HI_SS0114    (1)    6 :  0.094 0.250 0.089 0.042 0.179 0.085 0.150 0.110 
347 HI_SS0115    (1)    6 :  0.188 0.196 0.056 0.167 0.098 0.125 0.095 0.075 
348 HI_SS0116    (4)    6 :  0.239 0.135 0.081 0.165 0.066 0.063 0.218 0.034 
349 HI_SS0117    (0)    6 :  0.058 0.131 0.188 0.069 0.073 0.262 0.171 0.048 
350 HI_SS0118    (0)    6 :  0.136 0.085 0.144 0.058 0.097 0.159 0.269 0.051 
351 HI_SS0119    (1)    6 :  0.041 0.078 0.212 0.060 0.200 0.142 0.168 0.100 
352 HI_SS0120    (1)    6 :  0.053 0.052 0.146 0.414 0.150 0.054 0.034 0.097 
353 HI_SS0121    (1)    6 :  0.141 0.068 0.232 0.033 0.113 0.190 0.057 0.166 
354 HI_SS0122    (2)    6 :  0.101 0.055 0.188 0.075 0.183 0.079 0.133 0.185 
355 HI_SS0123    (0)    6 :  0.099 0.096 0.181 0.075 0.103 0.217 0.162 0.066 
356 HI_SS0124    (1)    6 :  0.255 0.062 0.075 0.239 0.097 0.086 0.062 0.124 
357 HI_SS0125    (1)    6 :  0.225 0.127 0.140 0.139 0.073 0.082 0.057 0.158 
358 HI_SS0126    (0)    6 :  0.158 0.039 0.078 0.126 0.084 0.067 0.384 0.064 
359 HI_SS0127    (0)    6 :  0.084 0.182 0.058 0.055 0.241 0.092 0.054 0.233 
360 HI_SS0128    (0)    6 :  0.101 0.106 0.124 0.271 0.118 0.128 0.097 0.054 
361 HI_SS0129    (1)    6 :  0.065 0.212 0.111 0.146 0.146 0.050 0.119 0.151 
362 HI_SS0131    (2)    6 :  0.108 0.108 0.173 0.035 0.260 0.148 0.085 0.083 
363 HI_SS0132    (0)    6 :  0.157 0.075 0.228 0.046 0.084 0.144 0.152 0.114 
364 HI_SS0133    (1)    6 :  0.038 0.055 0.092 0.138 0.241 0.045 0.309 0.081 
365 HI_SS0134    (1)    6 :  0.095 0.178 0.114 0.089 0.081 0.201 0.156 0.086 
366 HI_SS0142    (3)    6 :  0.061 0.135 0.185 0.057 0.064 0.291 0.110 0.098 
367 HI_SS0145    (0)    6 :  0.079 0.165 0.063 0.136 0.114 0.245 0.134 0.063 
368 HI_SS0146    (1)    6 :  0.094 0.105 0.105 0.091 0.130 0.150 0.171 0.154 
369 HI_SS0147    (1)    6 :  0.083 0.042 0.077 0.055 0.067 0.179 0.096 0.401 
370 HI_SS0149    (1)    6 :  0.075 0.033 0.261 0.048 0.223 0.166 0.131 0.063 
371 HI_SS0150    (2)    6 :  0.129 0.109 0.108 0.194 0.198 0.078 0.041 0.143 
372 HI_SS0151    (0)    6 :  0.046 0.123 0.055 0.278 0.106 0.098 0.138 0.156 
373 NS_SS1451    (1)    6 :  0.205 0.056 0.115 0.153 0.155 0.072 0.057 0.187 
374 NS_SS1404    (0)    6 :  0.156 0.051 0.091 0.070 0.060 0.090 0.121 0.362 
375 NS_SS1432    (2)    6 :  0.250 0.050 0.299 0.170 0.075 0.040 0.051 0.066 
376 NS_SS1405    (4)    6 :  0.355 0.077 0.072 0.103 0.069 0.089 0.167 0.069 
377 NS_SS1431   (10)    6 :  0.153 0.066 0.180 0.207 0.109 0.067 0.061 0.157 
378 NS_SS1402    (3)    6 :  0.082 0.165 0.161 0.133 0.122 0.138 0.121 0.078 
379 NS_SS1450    (3)    6 :  0.050 0.070 0.053 0.224 0.195 0.049 0.214 0.145 
380 NS_SS1396    (0)    6 :  0.224 0.107 0.155 0.068 0.178 0.086 0.086 0.096 
381 NS_SS1393    (5)    6 :  0.148 0.281 0.100 0.093 0.072 0.063 0.145 0.099 
382 NS_SS1392   (10)    6 :  0.130 0.068 0.079 0.322 0.068 0.053 0.067 0.212 
383 NS_SS1445    (0)    6 :  0.054 0.265 0.127 0.053 0.178 0.084 0.147 0.093 
384 NS_SS1423    (0)    6 :  0.058 0.112 0.232 0.220 0.085 0.101 0.130 0.063 
385 NS_SS1421    (9)    6 :  0.055 0.064 0.102 0.098 0.476 0.063 0.073 0.069 
386 NS_SS1411    (6)    6 :  0.098 0.207 0.050 0.060 0.131 0.062 0.108 0.285 
387 NS_SS1453    (5)    6 :  0.096 0.085 0.250 0.077 0.159 0.072 0.160 0.100 
388 NS_SS1442    (2)    6 :  0.110 0.281 0.059 0.103 0.167 0.161 0.056 0.063 
389 NS_SS1422    (1)    6 :  0.054 0.074 0.087 0.216 0.087 0.279 0.131 0.071 
390 NS_SS1419    (1)    6 :  0.152 0.099 0.057 0.046 0.267 0.212 0.058 0.109 
391 NS_SS1427    (0)    6 :  0.059 0.128 0.073 0.265 0.125 0.030 0.264 0.055 
392 NS_SS1444    (3)    6 :  0.214 0.213 0.076 0.077 0.090 0.122 0.061 0.148 
393 NS_SS1455    (0)    6 :  0.255 0.069 0.076 0.193 0.124 0.185 0.053 0.045 
394 NS_SS1425    (2)    6 :  0.041 0.140 0.189 0.050 0.300 0.074 0.142 0.062 
395 NS_SS1400    (0)    6 :  0.144 0.127 0.055 0.050 0.196 0.169 0.190 0.069 
396 NS_SS1406    (1)    6 :  0.147 0.061 0.177 0.062 0.198 0.275 0.034 0.046 
397 NS_SS1417    (6)    6 :  0.077 0.073 0.125 0.120 0.241 0.172 0.081 0.112 
398 NS_SS1454    (2)    6 :  0.152 0.088 0.164 0.039 0.188 0.073 0.180 0.117 
399 NS_SS1412    (1)    6 :  0.118 0.076 0.137 0.113 0.088 0.067 0.199 0.201 
400 NS_SS1438    (1)    6 :  0.038 0.254 0.110 0.058 0.097 0.108 0.172 0.163 
401 NS_SS1416    (4)    6 :  0.178 0.076 0.129 0.054 0.104 0.140 0.160 0.159 
402 NS_SS1401    (0)    6 :  0.106 0.077 0.296 0.084 0.173 0.097 0.103 0.065 
403 NS_SS1424    (6)    6 :  0.045 0.070 0.206 0.094 0.128 0.113 0.150 0.194 
404 NS_SS1435    (9)    6 :  0.175 0.137 0.169 0.179 0.078 0.044 0.087 0.132 
405 NS_SS1447    (4)    6 :  0.106 0.123 0.104 0.071 0.175 0.137 0.057 0.229 
406 NS_SS1414    (3)    6 :  0.261 0.093 0.071 0.080 0.149 0.126 0.045 0.176 
407 NS_SS1449   (14)    6 :  0.052 0.048 0.116 0.268 0.204 0.089 0.093 0.130 
408 NS_SS1443    (4)    6 :  0.046 0.158 0.092 0.188 0.093 0.150 0.227 0.046 
409 NS_SS1434    (1)    6 :  0.090 0.105 0.065 0.358 0.070 0.097 0.162 0.054 
410 NS_SS1398    (1)    6 :  0.247 0.074 0.100 0.116 0.211 0.066 0.104 0.083 
411 NS_SS1426    (1)    6 :  0.048 0.335 0.126 0.126 0.080 0.063 0.136 0.085 
412 NS_SS1413    (0)    6 :  0.069 0.056 0.132 0.211 0.201 0.097 0.156 0.078 
413 NS_SS1395    (1)    6 :  0.043 0.317 0.192 0.126 0.069 0.063 0.138 0.052 
414 NS_SS1448   (10)    6 :  0.100 0.074 0.076 0.124 0.203 0.045 0.153 0.224 
415 NS_SS1446    (0)    6 :  0.043 0.111 0.168 0.122 0.085 0.098 0.261 0.112 
416 NS_SS1403    (2)    6 :  0.140 0.157 0.273 0.135 0.108 0.058 0.069 0.058 
417 NS_SS1415    (0)    6 :  0.119 0.122 0.078 0.104 0.187 0.093 0.211 0.088 
418 NS_SS1437    (4)    6 :  0.170 0.107 0.269 0.078 0.115 0.081 0.077 0.104 
419 NS_SS1439    (2)    6 :  0.079 0.219 0.107 0.082 0.055 0.268 0.121 0.069 
420 NS_SS1441    (3)    6 :  0.146 0.136 0.122 0.135 0.111 0.146 0.170 0.034 
421 NS_SS1420    (2)    6 :  0.142 0.067 0.034 0.092 0.091 0.041 0.092 0.442 
422 NS_SS1394    (2)    6 :  0.248 0.174 0.145 0.066 0.097 0.054 0.043 0.173 
423 NS_SS1391    (7)    6 :  0.112 0.115 0.152 0.304 0.077 0.048 0.136 0.056 
424 NS_SS1410    (5)    6 :  0.146 0.125 0.159 0.117 0.127 0.112 0.140 0.074 
425 NS_SS1408    (1)    6 :  0.058 0.145 0.205 0.104 0.111 0.136 0.098 0.142 
426 NS_SS1409    (1)    6 :  0.139 0.087 0.093 0.225 0.081 0.128 0.190 0.058 
427 HI_SS0617    (1)    7 :  0.074 0.051 0.063 0.175 0.040 0.084 0.341 0.171 
428 HI_SS0618    (2)    7 :  0.250 0.191 0.067 0.138 0.090 0.109 0.058 0.098 
429 HI_SS0619    (0)    7 :  0.326 0.065 0.100 0.094 0.087 0.072 0.176 0.081 
430 HI_SS0620    (1)    7 :  0.038 0.114 0.043 0.098 0.169 0.048 0.232 0.257 
431 HI_SS0621    (3)    7 :  0.148 0.096 0.140 0.145 0.114 0.168 0.069 0.121 
432 HI_SS0622    (1)    7 :  0.097 0.058 0.062 0.071 0.188 0.224 0.136 0.164 
433 HI_SS0626    (0)    7 :  0.132 0.172 0.157 0.053 0.102 0.049 0.067 0.268 
434 HI_SS0627    (0)    7 :  0.095 0.167 0.283 0.162 0.089 0.076 0.049 0.079 
435 HI_SS0628    (3)    7 :  0.137 0.094 0.162 0.077 0.138 0.053 0.249 0.091 
436 HI_SS0629    (1)    7 :  0.130 0.194 0.175 0.046 0.109 0.141 0.129 0.075 
437 HI_SS0630    (1)    7 :  0.154 0.149 0.107 0.085 0.098 0.081 0.192 0.134 
438 HI_SS0631    (0)    7 :  0.096 0.144 0.105 0.116 0.158 0.072 0.140 0.169 
439 HI_SS0632    (0)    7 :  0.084 0.125 0.076 0.083 0.265 0.117 0.065 0.185 
440 HI_SS0633    (0)    7 :  0.320 0.075 0.053 0.180 0.090 0.106 0.127 0.050 
441 HI_SS0634    (1)    7 :  0.075 0.071 0.195 0.080 0.086 0.075 0.207 0.211 
442 HI_SS0635    (0)    7 :  0.246 0.162 0.136 0.093 0.067 0.115 0.060 0.122 
443 HI_SS0637    (1)    7 :  0.040 0.124 0.147 0.045 0.111 0.184 0.129 0.220 
444 HI_SS0638    (0)    7 :  0.100 0.080 0.107 0.203 0.147 0.111 0.107 0.145 
445 HI_SS0639    (1)    7 :  0.153 0.167 0.170 0.088 0.057 0.107 0.059 0.199 
446 HI_SS0640    (1)    7 :  0.085 0.278 0.085 0.157 0.106 0.160 0.059 0.071 
447 HI_SS0641    (1)    7 :  0.207 0.135 0.102 0.025 0.106 0.076 0.204 0.145 
448 HI_SS0642    (0)    7 :  0.084 0.075 0.303 0.132 0.146 0.086 0.058 0.116 
449 HI_SS0645    (0)    7 :  0.345 0.051 0.049 0.046 0.127 0.092 0.052 0.238 
450 HI_SS0646    (1)    7 :  0.067 0.089 0.128 0.244 0.068 0.207 0.130 0.068 
451 HI_SS0647    (1)    7 :  0.093 0.061 0.108 0.226 0.235 0.094 0.078 0.106 
452 HI_SS0648    (0)    7 :  0.143 0.097 0.109 0.144 0.067 0.163 0.119 0.158 
453 HI_SS0649    (1)    7 :  0.218 0.231 0.105 0.103 0.094 0.108 0.087 0.054 
454 HI_SS0650    (1)    7 :  0.100 0.164 0.099 0.339 0.068 0.070 0.065 0.094 
455 HI_SS0651    (1)    7 :  0.184 0.162 0.151 0.107 0.066 0.130 0.082 0.117 
456 HI_SS0652    (1)    7 :  0.123 0.104 0.063 0.140 0.098 0.052 0.075 0.345 
457 NS_SS1371    (3)    7 :  0.097 0.141 0.258 0.127 0.038 0.087 0.204 0.048 
458 NS_SS1374    (0)    7 :  0.081 0.086 0.202 0.080 0.099 0.047 0.202 0.204 
459 NS_SS1337    (3)    7 :  0.046 0.043 0.114 0.117 0.082 0.088 0.070 0.440 
460 NS_SS1385    (5)    7 :  0.113 0.133 0.112 0.198 0.041 0.175 0.121 0.106 
461 NS_SS1388    (0)    7 :  0.387 0.138 0.127 0.058 0.112 0.049 0.085 0.045 
462 NS_SS1370    (1)    7 :  0.064 0.058 0.060 0.051 0.134 0.069 0.049 0.516 
463 NS_SS1389    (3)    7 :  0.435 0.119 0.077 0.068 0.074 0.051 0.072 0.103 
464 NS_SS1360    (1)    7 :  0.097 0.282 0.118 0.053 0.147 0.102 0.105 0.096 
465 NS_SS1330    (0)    7 :  0.148 0.095 0.080 0.143 0.054 0.229 0.058 0.194 
466 NS_SS1328    (8)    7 :  0.049 0.070 0.122 0.307 0.097 0.088 0.213 0.054 
467 NS_SS1384    (1)    7 :  0.037 0.364 0.153 0.080 0.042 0.128 0.073 0.123 
468 NS_SS1381    (0)    7 :  0.109 0.076 0.064 0.381 0.076 0.147 0.045 0.104 
469 NS_SS1375    (1)    7 :  0.292 0.070 0.106 0.231 0.077 0.045 0.086 0.093 
470 NS_SS1319   (10)    7 :  0.121 0.142 0.153 0.101 0.075 0.130 0.136 0.142 
471 NS_SS1326    (2)    7 :  0.181 0.087 0.124 0.115 0.208 0.054 0.190 0.041 
472 NS_SS1341    (1)    7 :  0.035 0.239 0.226 0.063 0.142 0.104 0.104 0.086 
473 NS_SS1383    (1)    7 :  0.045 0.133 0.273 0.128 0.153 0.074 0.064 0.131 
