

----------------------------------------------------
STRUCTURE by Pritchard, Stephens and Donnelly (2000)
     and Falush, Stephens and Pritchard (2003)
       Code by Pritchard, Falush and Hubisz
             Version 2.3.4 (Jul 2012)
----------------------------------------------------



Command line arguments:   /home/genobiwan/Documents/Programs/Structure/structure -m parameter_job_k6_r1 
Input File:    /media/genobiwan/Storage/Projets/Mackerel_NWA_2021/data_job_k6_r1

Run parameters:
   557 individuals
   3930 loci
   6 populations assumed
   10000 Burn-in period
   100000 Reps


--------------------------------------------
Proportion of membership of each pre-defined
 population in each of the 6 clusters

Given    Inferred Clusters                            Number of
 Pop       1      2      3      4      5      6      Individuals

  1:     0.171  0.150  0.157  0.191  0.151  0.181       67
  2:     0.153  0.133  0.176  0.140  0.211  0.187       32
  3:     0.158  0.153  0.187  0.184  0.152  0.165       92
  4:     0.197  0.182  0.158  0.147  0.171  0.145       36
  5:     0.156  0.182  0.157  0.194  0.166  0.145       41
  6:     0.176  0.175  0.164  0.155  0.165  0.164      158
  7:     0.174  0.165  0.166  0.162  0.161  0.172       79
  8:     0.163  0.181  0.169  0.180  0.144  0.164       52
--------------------------------------------

Allele-freq. divergence among pops (Net nucleotide distance),
computed using point estimates of P.

      1       2       3       4       5       6      
 1      -    0.0037  0.0029  0.0027  0.0036  0.0032  
 2   0.0037     -    0.0038  0.0040  0.0045  0.0043  
 3   0.0029  0.0038     -    0.0027  0.0040  0.0030  
 4   0.0027  0.0040  0.0027     -    0.0038  0.0033  
 5   0.0036  0.0045  0.0040  0.0038     -    0.0040  
 6   0.0032  0.0043  0.0030  0.0033  0.0040     -    

Average distances (expected heterozygosity) between individuals in same cluster:
cluster  1  : 0.3124 
cluster  2  : 0.3102 
cluster  3  : 0.3113 
cluster  4  : 0.3115 
cluster  5  : 0.3128 
cluster  6  : 0.3116 

--------------------------------------------
Estimated Ln Prob of Data   = -2092337.9
Mean value of ln likelihood = -2060746.0
Variance of ln likelihood   = 63183.9
Mean value of alpha         = 1.4314

Mean value of Fst_1         = 0.0349
Mean value of Fst_2         = 0.0440
Mean value of Fst_3         = 0.0363
Mean value of Fst_4         = 0.0360
Mean value of Fst_5         = 0.0444
Mean value of Fst_6         = 0.0398


Inferred ancestry of individuals:
        Label (%Miss) Pop:  Inferred clusters
  1 NS_SS0963    (4)    1 :  0.285 0.078 0.221 0.208 0.146 0.061 
  2 NS_SS0983    (1)    1 :  0.137 0.306 0.193 0.160 0.147 0.057 
  3 NS_SS0719    (8)    1 :  0.248 0.140 0.207 0.122 0.148 0.135 
  4 NS_SS1001    (8)    1 :  0.065 0.095 0.156 0.190 0.286 0.207 
  5 NS_SS0936    (4)    1 :  0.212 0.080 0.092 0.270 0.223 0.122 
  6 NS_SS0955    (5)    1 :  0.204 0.181 0.239 0.197 0.128 0.052 
  7 NS_SS0944    (3)    1 :  0.108 0.170 0.212 0.268 0.154 0.089 
  8 NS_SS0945    (3)    1 :  0.143 0.190 0.109 0.159 0.143 0.258 
  9 NS_SS0922    (2)    1 :  0.156 0.079 0.187 0.116 0.294 0.168 
 10 NS_SS0929    (7)    1 :  0.185 0.216 0.115 0.234 0.120 0.130 
 11 NS_SS0956    (2)    1 :  0.085 0.079 0.356 0.122 0.134 0.224 
 12 NS_SS0906    (3)    1 :  0.139 0.182 0.111 0.339 0.098 0.131 
 13 NS_SS0721    (6)    1 :  0.147 0.119 0.398 0.081 0.118 0.136 
 14 NS_SS0982    (4)    1 :  0.207 0.110 0.141 0.263 0.089 0.190 
 15 NS_SS0923    (5)    1 :  0.145 0.114 0.105 0.207 0.146 0.284 
 16 NS_SS0905    (6)    1 :  0.089 0.137 0.093 0.231 0.119 0.331 
 17 NS_SS0925    (3)    1 :  0.114 0.062 0.188 0.274 0.249 0.113 
 18 NS_SS0947    (5)    1 :  0.159 0.114 0.116 0.252 0.215 0.145 
 19 NS_SS0926    (2)    1 :  0.271 0.294 0.089 0.149 0.049 0.148 
 20 NS_SS0918    (6)    1 :  0.106 0.069 0.144 0.460 0.057 0.164 
 21 NS_SS0966    (4)    1 :  0.212 0.101 0.104 0.306 0.130 0.148 
 22 NS_SS0938    (2)    1 :  0.331 0.083 0.097 0.125 0.249 0.115 
 23 NS_SS0917    (2)    1 :  0.269 0.227 0.109 0.065 0.134 0.196 
 24 NS_SS0957   (11)    1 :  0.150 0.131 0.250 0.139 0.073 0.257 
 25 NS_SS0987    (1)    1 :  0.086 0.133 0.325 0.138 0.049 0.269 
 26 NS_SS0717    (4)    1 :  0.051 0.089 0.155 0.194 0.186 0.325 
 27 NS_SS0986    (2)    1 :  0.153 0.182 0.246 0.164 0.051 0.204 
 28 NS_SS0953    (4)    1 :  0.062 0.083 0.174 0.293 0.239 0.148 
 29 NS_SS0907    (3)    1 :  0.137 0.142 0.098 0.406 0.086 0.131 
 30 NS_SS0974    (6)    1 :  0.137 0.163 0.087 0.203 0.242 0.168 
 31 NS_SS0989    (1)    1 :  0.278 0.290 0.106 0.059 0.198 0.071 
 32 NS_SS0991    (2)    1 :  0.076 0.204 0.281 0.311 0.058 0.070 
 33 NS_SS0994    (2)    1 :  0.096 0.415 0.094 0.088 0.210 0.098 
 34 NS_SS0931    (6)    1 :  0.170 0.253 0.237 0.196 0.058 0.085 
 35 NS_SS1000    (5)    1 :  0.153 0.089 0.103 0.220 0.198 0.237 
 36 NS_SS0919    (1)    1 :  0.354 0.169 0.074 0.228 0.066 0.109 
 37 NS_SS0949    (3)    1 :  0.215 0.206 0.203 0.073 0.243 0.060 
 38 NS_SS0960   (10)    1 :  0.141 0.218 0.130 0.211 0.091 0.209 
 39 NS_SS0716    (2)    1 :  0.058 0.091 0.146 0.049 0.060 0.597 
 40 NS_SS0924    (8)    1 :  0.151 0.176 0.152 0.262 0.116 0.143 
 41 NS_SS0935    (1)    1 :  0.086 0.298 0.183 0.174 0.113 0.147 
 42 NS_SS0952   (13)    1 :  0.181 0.250 0.084 0.260 0.102 0.124 
 43 NS_SS0962   (10)    1 :  0.300 0.085 0.112 0.127 0.126 0.250 
 44 NS_SS0973    (5)    1 :  0.121 0.120 0.170 0.267 0.237 0.085 
 45 NS_SS0722    (1)    1 :  0.061 0.066 0.095 0.249 0.297 0.231 
 46 NS_SS0979   (13)    1 :  0.170 0.084 0.204 0.193 0.091 0.258 
 47 NS_SS0993    (2)    1 :  0.132 0.052 0.157 0.288 0.249 0.122 
 48 NS_SS0958    (1)    1 :  0.100 0.303 0.076 0.153 0.123 0.245 
 49 NS_SS0988    (4)    1 :  0.299 0.154 0.080 0.216 0.055 0.197 
 50 NS_SS1003    (2)    1 :  0.410 0.052 0.265 0.123 0.057 0.093 
 51 NS_SS0976    (0)    1 :  0.243 0.266 0.116 0.205 0.095 0.075 
 52 NS_SS0964   (10)    1 :  0.075 0.072 0.189 0.103 0.285 0.277 
 53 NS_SS0939    (4)    1 :  0.114 0.064 0.185 0.046 0.084 0.507 
 54 NS_SS0990    (6)    1 :  0.253 0.221 0.135 0.062 0.071 0.258 
 55 NS_SS0984    (2)    1 :  0.169 0.058 0.088 0.138 0.218 0.329 
 56 NS_SS0980    (9)    1 :  0.126 0.082 0.081 0.247 0.347 0.117 
 57 NS_SS0978    (4)    1 :  0.242 0.105 0.100 0.174 0.259 0.120 
 58 NS_SS0951   (17)    1 :  0.068 0.166 0.283 0.223 0.070 0.191 
 59 NS_SS0913    (3)    1 :  0.090 0.103 0.222 0.140 0.157 0.287 
 60 NS_SS1002    (1)    1 :  0.397 0.068 0.056 0.260 0.069 0.150 
 61 NS_SS0948    (1)    1 :  0.159 0.160 0.127 0.290 0.087 0.177 
 62 NS_SS0916    (4)    1 :  0.211 0.167 0.103 0.075 0.306 0.138 
 63 NS_SS0995    (1)    1 :  0.170 0.086 0.138 0.098 0.246 0.262 
 64 NS_SS0927    (6)    1 :  0.212 0.212 0.081 0.091 0.202 0.202 
 65 NS_SS0992    (5)    1 :  0.211 0.204 0.073 0.122 0.277 0.113 
 66 NS_SS0912    (1)    1 :  0.143 0.192 0.299 0.149 0.051 0.168 
 67 NS_SS0981    (1)    1 :  0.214 0.080 0.179 0.280 0.054 0.193 
 68 NS_SS0729    (5)    2 :  0.101 0.291 0.069 0.172 0.317 0.050 
 69 NS_SS0967   (14)    2 :  0.318 0.083 0.103 0.237 0.136 0.123 
 70 NS_SS0941    (7)    2 :  0.178 0.102 0.152 0.101 0.322 0.144 
 71 NS_SS0768   (12)    2 :  0.153 0.113 0.323 0.164 0.102 0.144 
 72 NS_SS0726    (4)    2 :  0.250 0.181 0.081 0.095 0.348 0.046 
 73 NS_SS0763    (4)    2 :  0.136 0.269 0.088 0.161 0.204 0.140 
 74 NS_SS0730    (6)    2 :  0.200 0.089 0.124 0.109 0.120 0.358 
 75 NS_SS0774    (1)    2 :  0.155 0.066 0.088 0.159 0.262 0.270 
 76 NS_SS0723    (3)    2 :  0.246 0.051 0.154 0.181 0.179 0.188 
 77 NS_SS0940    (9)    2 :  0.175 0.186 0.139 0.077 0.225 0.198 
 78 NS_SS0762    (1)    2 :  0.063 0.054 0.110 0.152 0.311 0.311 
 79 NS_SS0766   (11)    2 :  0.074 0.161 0.123 0.075 0.252 0.315 
 80 NS_SS0724    (1)    2 :  0.095 0.082 0.249 0.242 0.191 0.140 
 81 NS_SS0769    (3)    2 :  0.259 0.133 0.125 0.136 0.092 0.256 
 82 NS_SS0777    (2)    2 :  0.142 0.249 0.160 0.206 0.065 0.178 
 83 NS_SS0734    (6)    2 :  0.114 0.167 0.281 0.087 0.155 0.195 
 84 NS_SS0737    (3)    2 :  0.120 0.061 0.088 0.074 0.427 0.230 
 85 NS_SS0732    (5)    2 :  0.093 0.067 0.332 0.179 0.110 0.219 
 86 NS_SS0728    (5)    2 :  0.114 0.121 0.221 0.111 0.278 0.155 
 87 NS_SS0735    (9)    2 :  0.055 0.080 0.248 0.151 0.345 0.121 
 88 NS_SS0725    (1)    2 :  0.199 0.079 0.210 0.084 0.332 0.096 
 89 NS_SS0788    (2)    2 :  0.390 0.121 0.100 0.086 0.130 0.173 
 90 NS_SS0778    (2)    2 :  0.331 0.151 0.207 0.106 0.082 0.124 
 91 NS_SS0792    (6)    2 :  0.094 0.151 0.219 0.186 0.176 0.172 
 92 NS_SS0943   (11)    2 :  0.081 0.256 0.227 0.271 0.111 0.053 
 93 NS_SS0791    (2)    2 :  0.087 0.206 0.229 0.067 0.253 0.159 
 94 NS_SS0790    (5)    2 :  0.091 0.041 0.284 0.258 0.123 0.204 
 95 NS_SS0731    (6)    2 :  0.098 0.089 0.315 0.128 0.076 0.294 
 96 NS_SS0727    (6)    2 :  0.051 0.242 0.089 0.085 0.426 0.108 
 97 NS_SS0779   (12)    2 :  0.168 0.127 0.197 0.172 0.146 0.190 
 98 NS_SS0776    (3)    2 :  0.163 0.140 0.158 0.092 0.238 0.209 
 99 NS_SS0775    (5)    2 :  0.098 0.063 0.128 0.084 0.202 0.425 
100 NS_SS0965    (3)    3 :  0.187 0.100 0.315 0.205 0.077 0.116 
101 NS_SS0754   (13)    3 :  0.121 0.234 0.311 0.103 0.153 0.077 
102 NS_SS0838    (5)    3 :  0.196 0.149 0.126 0.170 0.159 0.200 
103 NS_SS0839    (3)    3 :  0.173 0.062 0.159 0.115 0.201 0.290 
104 NS_SS0832    (4)    3 :  0.127 0.050 0.210 0.334 0.098 0.181 
105 NS_SS0820    (4)    3 :  0.272 0.057 0.245 0.160 0.129 0.137 
106 NS_SS0886    (9)    3 :  0.165 0.225 0.229 0.107 0.110 0.164 
107 NS_SS0748    (5)    3 :  0.146 0.180 0.172 0.274 0.075 0.154 
108 NS_SS0884    (9)    3 :  0.165 0.141 0.164 0.187 0.210 0.133 
109 NS_SS0752    (3)    3 :  0.154 0.105 0.117 0.146 0.302 0.176 
110 NS_SS0862    (1)    3 :  0.091 0.057 0.411 0.190 0.148 0.105 
111 NS_SS0787    (9)    3 :  0.122 0.457 0.105 0.111 0.068 0.137 
112 NS_SS0843    (6)    3 :  0.134 0.117 0.200 0.198 0.236 0.116 
113 NS_SS0856    (4)    3 :  0.189 0.135 0.103 0.058 0.280 0.235 
114 NS_SS0846    (2)    3 :  0.204 0.150 0.069 0.301 0.205 0.070 
115 NS_SS0825    (1)    3 :  0.343 0.140 0.238 0.120 0.074 0.083 
116 NS_SS0757    (3)    3 :  0.131 0.180 0.289 0.183 0.092 0.125 
117 NS_SS0876    (3)    3 :  0.123 0.114 0.230 0.154 0.266 0.113 
118 NS_SS0903    (9)    3 :  0.167 0.053 0.091 0.240 0.339 0.110 
119 NS_SS0875    (7)    3 :  0.191 0.120 0.144 0.125 0.074 0.346 
120 NS_SS0740    (5)    3 :  0.108 0.118 0.192 0.223 0.228 0.132 
121 NS_SS0811    (5)    3 :  0.070 0.073 0.234 0.156 0.058 0.410 
122 NS_SS0751    (1)    3 :  0.250 0.112 0.101 0.084 0.163 0.290 
123 NS_SS0891    (6)    3 :  0.215 0.129 0.139 0.120 0.226 0.171 
124 NS_SS0867    (2)    3 :  0.153 0.150 0.225 0.335 0.080 0.057 
125 NS_SS0890    (6)    3 :  0.152 0.125 0.093 0.237 0.153 0.241 
126 NS_SS0866   (11)    3 :  0.119 0.409 0.147 0.081 0.158 0.086 
127 NS_SS0755    (4)    3 :  0.162 0.121 0.207 0.246 0.090 0.174 
128 NS_SS0758    (4)    3 :  0.127 0.129 0.170 0.174 0.298 0.102 
129 NS_SS0840    (2)    3 :  0.230 0.054 0.154 0.239 0.118 0.205 
130 NS_SS0889    (4)    3 :  0.092 0.323 0.287 0.111 0.087 0.100 
131 NS_SS1010    (1)    3 :  0.281 0.118 0.091 0.176 0.072 0.262 
132 NS_SS0888    (5)    3 :  0.059 0.353 0.147 0.066 0.262 0.112 
133 NS_SS0837    (3)    3 :  0.091 0.077 0.303 0.276 0.075 0.178 
134 NS_SS0794    (9)    3 :  0.071 0.308 0.138 0.089 0.206 0.188 
135 NS_SS0823    (4)    3 :  0.135 0.072 0.108 0.358 0.223 0.105 
136 NS_SS0829    (7)    3 :  0.072 0.326 0.252 0.205 0.042 0.104 
137 NS_SS0844    (5)    3 :  0.093 0.042 0.102 0.566 0.120 0.078 
138 NS_SS1008    (5)    3 :  0.073 0.282 0.106 0.108 0.187 0.244 
139 NS_SS0881    (3)    3 :  0.329 0.169 0.135 0.097 0.070 0.200 
140 NS_SS0834    (6)    3 :  0.210 0.074 0.116 0.104 0.383 0.113 
141 NS_SS0744   (10)    3 :  0.231 0.116 0.231 0.155 0.190 0.077 
142 NS_SS0899    (7)    3 :  0.075 0.069 0.259 0.231 0.074 0.291 
143 NS_SS0804    (4)    3 :  0.179 0.049 0.258 0.230 0.152 0.132 
144 NS_SS0781   (10)    3 :  0.271 0.056 0.128 0.247 0.105 0.194 
145 NS_SS0822    (6)    3 :  0.081 0.166 0.188 0.212 0.297 0.056 
146 NS_SS1004    (4)    3 :  0.145 0.113 0.171 0.330 0.135 0.107 
147 NS_SS0746    (5)    3 :  0.123 0.145 0.130 0.364 0.148 0.090 
148 NS_SS0880    (3)    3 :  0.191 0.088 0.183 0.242 0.186 0.110 
149 NS_SS0879    (4)    3 :  0.131 0.108 0.236 0.162 0.260 0.104 
150 NS_SS0753    (2)    3 :  0.101 0.214 0.218 0.234 0.084 0.149 
151 NS_SS1007    (2)    3 :  0.242 0.097 0.063 0.062 0.305 0.231 
152 NS_SS0872    (5)    3 :  0.166 0.086 0.099 0.197 0.178 0.273 
153 NS_SS1005    (7)    3 :  0.192 0.083 0.114 0.348 0.120 0.144 
154 NS_SS0892    (6)    3 :  0.143 0.149 0.168 0.178 0.158 0.204 
155 NS_SS0898    (0)    3 :  0.133 0.238 0.160 0.201 0.107 0.162 
156 NS_SS0801    (9)    3 :  0.118 0.129 0.326 0.198 0.081 0.147 
157 NS_SS0827    (8)    3 :  0.138 0.189 0.155 0.139 0.046 0.333 
158 NS_SS0853    (6)    3 :  0.066 0.195 0.150 0.116 0.053 0.420 
159 NS_SS0780    (2)    3 :  0.257 0.079 0.256 0.125 0.145 0.138 
160 NS_SS0826   (10)    3 :  0.351 0.114 0.181 0.231 0.068 0.056 
161 NS_SS0818    (5)    3 :  0.210 0.056 0.178 0.149 0.205 0.202 
162 NS_SS0745    (1)    3 :  0.097 0.059 0.203 0.045 0.194 0.402 
163 NS_SS0849    (3)    3 :  0.138 0.080 0.453 0.124 0.041 0.165 
164 NS_SS0739    (3)    3 :  0.245 0.129 0.189 0.061 0.121 0.256 
165 NS_SS0799    (1)    3 :  0.063 0.201 0.141 0.139 0.276 0.181 
166 NS_SS0756    (2)    3 :  0.204 0.072 0.141 0.356 0.083 0.144 
167 NS_SS0802    (2)    3 :  0.349 0.163 0.079 0.112 0.174 0.123 
168 NS_SS0747    (6)    3 :  0.222 0.116 0.131 0.255 0.140 0.135 
169 NS_SS0835    (1)    3 :  0.217 0.339 0.076 0.117 0.135 0.114 
170 NS_SS0742   (18)    3 :  0.234 0.077 0.200 0.183 0.166 0.141 
171 NS_SS0760    (9)    3 :  0.098 0.402 0.078 0.144 0.111 0.167 
172 NS_SS0803    (4)    3 :  0.058 0.054 0.113 0.455 0.260 0.060 
173 NS_SS0828   (13)    3 :  0.108 0.144 0.279 0.145 0.108 0.216 
174 NS_SS0865    (2)    3 :  0.292 0.147 0.276 0.142 0.069 0.074 
175 NS_SS0759    (4)    3 :  0.134 0.065 0.213 0.139 0.198 0.251 
176 NS_SS0851    (5)    3 :  0.111 0.083 0.462 0.089 0.063 0.193 
177 NS_SS0874   (16)    3 :  0.118 0.072 0.137 0.418 0.132 0.122 
178 NS_SS0761    (6)    3 :  0.124 0.313 0.211 0.213 0.069 0.069 
179 NS_SS0842   (25)    3 :  0.109 0.201 0.144 0.172 0.109 0.265 
180 NS_SS0785    (6)    3 :  0.122 0.190 0.197 0.216 0.145 0.130 
181 NS_SS0860   (11)    3 :  0.183 0.351 0.089 0.145 0.133 0.100 
182 NS_SS0897    (7)    3 :  0.082 0.447 0.167 0.088 0.105 0.112 
183 NS_SS0841   (14)    3 :  0.097 0.066 0.225 0.183 0.120 0.310 
184 NS_SS0797    (6)    3 :  0.143 0.246 0.228 0.177 0.067 0.138 
185 NS_SS0830   (10)    3 :  0.201 0.143 0.227 0.151 0.110 0.167 
186 NS_SS1011    (5)    3 :  0.336 0.067 0.204 0.196 0.126 0.071 
187 NS_SS0883    (5)    3 :  0.074 0.182 0.206 0.167 0.085 0.285 
188 NS_SS0782    (2)    3 :  0.074 0.189 0.138 0.114 0.311 0.174 
189 NS_SS0831    (5)    3 :  0.072 0.318 0.302 0.108 0.072 0.128 
190 NS_SS0749    (7)    3 :  0.126 0.145 0.312 0.088 0.169 0.159 
191 NS_SS0854    (2)    3 :  0.113 0.134 0.171 0.100 0.407 0.075 
192 HI_SS0193    (0)    4 :  0.126 0.224 0.253 0.065 0.277 0.056 
193 HI_SS0194    (0)    4 :  0.249 0.082 0.144 0.097 0.337 0.091 
194 HI_SS0195    (9)    4 :  0.219 0.048 0.343 0.064 0.117 0.209 
195 HI_SS0196    (6)    4 :  0.112 0.170 0.118 0.096 0.297 0.207 
196 HI_SS0197    (3)    4 :  0.577 0.083 0.071 0.081 0.078 0.109 
197 HI_SS0198    (1)    4 :  0.124 0.200 0.275 0.104 0.120 0.176 
198 HI_SS0199    (1)    4 :  0.086 0.234 0.093 0.120 0.340 0.127 
199 HI_SS0201    (4)    4 :  0.122 0.350 0.173 0.223 0.058 0.073 
200 HI_SS0215    (1)    4 :  0.152 0.333 0.157 0.179 0.064 0.115 
201 HI_SS0218    (1)    4 :  0.052 0.438 0.153 0.066 0.165 0.127 
202 HI_SS0222    (0)    4 :  0.182 0.136 0.256 0.063 0.171 0.192 
203 HI_SS0230    (1)    4 :  0.284 0.100 0.089 0.185 0.052 0.290 
204 HI_SS0234    (1)    4 :  0.235 0.132 0.067 0.143 0.343 0.079 
205 HI_SS0240    (1)    4 :  0.106 0.099 0.136 0.071 0.437 0.151 
206 HI_SS0241    (0)    4 :  0.182 0.286 0.136 0.160 0.114 0.121 
207 HI_SS0242    (0)    4 :  0.119 0.180 0.184 0.261 0.149 0.108 
208 HI_SS0247    (0)    4 :  0.166 0.113 0.121 0.426 0.065 0.110 
209 HI_SS0248    (1)    4 :  0.045 0.270 0.079 0.192 0.279 0.136 
210 HI_SS0252    (2)    4 :  0.072 0.087 0.235 0.175 0.328 0.103 
211 HI_SS0254    (1)    4 :  0.340 0.144 0.089 0.182 0.137 0.108 
212 HI_SS0256    (0)    4 :  0.235 0.026 0.123 0.220 0.228 0.168 
213 HI_SS0257    (0)    4 :  0.200 0.265 0.062 0.230 0.190 0.053 
214 HI_SS0258    (1)    4 :  0.093 0.294 0.169 0.165 0.136 0.143 
215 HI_SS0259    (1)    4 :  0.382 0.091 0.146 0.079 0.201 0.101 
216 HI_SS0260    (1)    4 :  0.087 0.320 0.074 0.097 0.162 0.259 
217 HI_SS0261    (2)    4 :  0.269 0.174 0.086 0.229 0.164 0.078 
218 HI_SS0262    (0)    4 :  0.170 0.108 0.247 0.107 0.139 0.230 
219 HI_SS0264    (1)    4 :  0.204 0.098 0.144 0.141 0.048 0.364 
220 HI_SS0265    (0)    4 :  0.331 0.088 0.221 0.120 0.090 0.149 
221 HI_SS0268    (1)    4 :  0.267 0.180 0.094 0.058 0.070 0.331 
222 HI_SS0269    (1)    4 :  0.239 0.348 0.065 0.110 0.192 0.046 
223 HI_SS0273    (0)    4 :  0.190 0.295 0.097 0.223 0.096 0.099 
224 HI_SS0277    (1)    4 :  0.500 0.074 0.125 0.145 0.065 0.091 
225 HI_SS0280    (0)    4 :  0.129 0.150 0.304 0.066 0.112 0.239 
226 HI_SS0282    (1)    4 :  0.096 0.183 0.243 0.240 0.171 0.067 
227 HI_SS0286    (1)    4 :  0.160 0.164 0.311 0.108 0.153 0.103 
228 NS_SS1252    (3)    5 :  0.064 0.430 0.132 0.160 0.132 0.082 
229 NS_SS1261    (1)    5 :  0.181 0.147 0.105 0.185 0.153 0.229 
230 NS_SS1225    (9)    5 :  0.116 0.214 0.087 0.413 0.094 0.076 
231 NS_SS1266    (1)    5 :  0.112 0.050 0.132 0.476 0.129 0.101 
232 NS_SS1228    (0)    5 :  0.124 0.094 0.287 0.092 0.102 0.302 
233 NS_SS1255    (2)    5 :  0.084 0.123 0.084 0.100 0.415 0.194 
234 NS_SS1267    (3)    5 :  0.121 0.464 0.119 0.065 0.115 0.115 
235 NS_SS1238    (6)    5 :  0.248 0.167 0.211 0.086 0.111 0.176 
236 NS_SS1233    (8)    5 :  0.099 0.083 0.108 0.472 0.057 0.181 
237 NS_SS1277    (3)    5 :  0.087 0.263 0.150 0.065 0.297 0.137 
238 NS_SS1245    (1)    5 :  0.134 0.179 0.099 0.314 0.186 0.088 
239 NS_SS1240    (4)    5 :  0.165 0.461 0.076 0.086 0.127 0.086 
240 NS_SS1275    (2)    5 :  0.396 0.047 0.197 0.134 0.117 0.109 
241 NS_SS1235    (1)    5 :  0.162 0.100 0.056 0.199 0.429 0.054 
242 NS_SS1263    (1)    5 :  0.089 0.062 0.130 0.316 0.237 0.167 
243 NS_SS1251    (1)    5 :  0.136 0.089 0.095 0.386 0.157 0.137 
244 NS_SS1248    (0)    5 :  0.101 0.139 0.453 0.086 0.037 0.184 
245 NS_SS1244    (0)    5 :  0.364 0.116 0.158 0.221 0.092 0.049 
246 NS_SS1257    (0)    5 :  0.091 0.334 0.141 0.122 0.200 0.110 
247 NS_SS1242    (2)    5 :  0.132 0.087 0.145 0.189 0.144 0.304 
248 NS_SS1271    (6)    5 :  0.137 0.419 0.145 0.083 0.135 0.082 
249 NS_SS1265    (1)    5 :  0.172 0.331 0.136 0.162 0.086 0.112 
250 NS_SS1243    (0)    5 :  0.064 0.104 0.335 0.096 0.201 0.200 
251 NS_SS1273    (1)    5 :  0.104 0.066 0.090 0.155 0.159 0.425 
252 NS_SS1254   (14)    5 :  0.084 0.077 0.104 0.411 0.104 0.219 
253 NS_SS1224    (1)    5 :  0.110 0.081 0.254 0.276 0.125 0.154 
254 NS_SS1227    (8)    5 :  0.269 0.214 0.059 0.100 0.136 0.221 
255 NS_SS1274    (8)    5 :  0.113 0.249 0.148 0.128 0.216 0.146 
256 NS_SS1241    (1)    5 :  0.146 0.211 0.134 0.258 0.149 0.103 
257 NS_SS1256    (3)    5 :  0.197 0.208 0.076 0.330 0.080 0.110 
258 NS_SS1260    (8)    5 :  0.104 0.321 0.097 0.122 0.221 0.136 
259 NS_SS1262    (0)    5 :  0.179 0.181 0.182 0.272 0.094 0.092 
260 NS_SS1230    (0)    5 :  0.120 0.247 0.135 0.178 0.109 0.210 
261 NS_SS1270    (2)    5 :  0.133 0.079 0.396 0.265 0.054 0.073 
262 NS_SS1229    (2)    5 :  0.285 0.057 0.059 0.117 0.425 0.058 
263 NS_SS1246    (5)    5 :  0.279 0.218 0.106 0.065 0.274 0.057 
264 NS_SS1269    (0)    5 :  0.138 0.122 0.186 0.177 0.176 0.202 
265 NS_SS1239    (1)    5 :  0.085 0.063 0.285 0.081 0.359 0.128 
266 NS_SS1272    (4)    5 :  0.517 0.088 0.087 0.144 0.082 0.082 
267 NS_SS1268    (1)    5 :  0.069 0.079 0.350 0.268 0.067 0.168 
268 NS_SS1249    (0)    5 :  0.071 0.407 0.095 0.112 0.240 0.076 
269 HI_SS0559    (0)    6 :  0.067 0.178 0.246 0.151 0.213 0.145 
270 HI_SS0563    (1)    6 :  0.192 0.130 0.157 0.223 0.190 0.108 
271 HI_SS0564    (0)    6 :  0.249 0.103 0.233 0.146 0.175 0.094 
272 HI_SS0565    (0)    6 :  0.327 0.171 0.103 0.169 0.078 0.152 
273 HI_SS0569    (0)    6 :  0.118 0.249 0.144 0.365 0.046 0.078 
274 HI_SS0570    (0)    6 :  0.148 0.310 0.215 0.060 0.146 0.122 
275 HI_SS0572    (1)    6 :  0.147 0.073 0.084 0.135 0.390 0.171 
276 HI_SS0576    (0)    6 :  0.150 0.077 0.240 0.089 0.148 0.297 
277 HI_SS0579    (1)    6 :  0.064 0.168 0.095 0.402 0.217 0.055 
278 HI_SS0580    (1)    6 :  0.069 0.259 0.108 0.098 0.211 0.254 
279 HI_SS0581    (0)    6 :  0.346 0.057 0.260 0.084 0.112 0.141 
280 HI_SS0583    (1)    6 :  0.094 0.345 0.050 0.184 0.138 0.189 
281 HI_SS0586    (1)    6 :  0.085 0.407 0.125 0.075 0.050 0.258 
282 HI_SS0588    (1)    6 :  0.077 0.241 0.140 0.268 0.150 0.123 
283 HI_SS0595    (4)    6 :  0.363 0.225 0.053 0.096 0.096 0.167 
284 HI_SS0596    (0)    6 :  0.064 0.061 0.076 0.121 0.379 0.298 
285 HI_SS0597    (1)    6 :  0.244 0.094 0.089 0.169 0.210 0.194 
286 HI_SS0600    (0)    6 :  0.264 0.195 0.145 0.110 0.184 0.102 
287 HI_SS0601    (1)    6 :  0.223 0.147 0.143 0.318 0.078 0.091 
288 HI_SS0602    (1)    6 :  0.084 0.271 0.167 0.084 0.092 0.302 
289 HI_SS0604    (0)    6 :  0.076 0.114 0.326 0.222 0.180 0.082 
290 HI_SS0605    (1)    6 :  0.073 0.173 0.431 0.084 0.152 0.086 
291 HI_SS0608    (0)    6 :  0.125 0.129 0.142 0.091 0.134 0.379 
292 HI_SS0609    (0)    6 :  0.168 0.082 0.060 0.392 0.118 0.180 
293 HI_SS0611    (5)    6 :  0.078 0.315 0.259 0.079 0.084 0.184 
294 HI_SS0612    (1)    6 :  0.087 0.127 0.048 0.451 0.228 0.060 
295 HI_SS0613    (1)    6 :  0.087 0.144 0.412 0.120 0.054 0.182 
296 HI_SS0615    (0)    6 :  0.161 0.054 0.151 0.090 0.273 0.271 
297 HI_SS0001    (1)    6 :  0.196 0.222 0.079 0.090 0.309 0.104 
298 HI_SS0002    (1)    6 :  0.179 0.071 0.090 0.305 0.172 0.184 
299 HI_SS0004    (0)    6 :  0.108 0.285 0.175 0.072 0.187 0.173 
300 HI_SS0005    (1)    6 :  0.133 0.128 0.283 0.100 0.064 0.292 
301 HI_SS0006    (1)    6 :  0.202 0.250 0.104 0.239 0.133 0.072 
302 HI_SS0007    (1)    6 :  0.051 0.207 0.465 0.057 0.127 0.094 
303 HI_SS0008    (0)    6 :  0.303 0.107 0.164 0.143 0.094 0.189 
304 HI_SS0009    (0)    6 :  0.057 0.065 0.248 0.119 0.267 0.244 
305 HI_SS0010    (1)    6 :  0.170 0.190 0.175 0.135 0.071 0.258 
306 HI_SS0011    (1)    6 :  0.229 0.087 0.140 0.375 0.044 0.125 
307 HI_SS0012    (0)    6 :  0.323 0.060 0.099 0.114 0.203 0.201 
308 HI_SS0017    (1)    6 :  0.157 0.081 0.161 0.091 0.391 0.119 
309 HI_SS0021    (1)    6 :  0.190 0.276 0.076 0.105 0.058 0.294 
310 HI_SS0024    (1)    6 :  0.239 0.077 0.192 0.069 0.185 0.239 
311 HI_SS0025    (1)    6 :  0.081 0.091 0.153 0.164 0.248 0.262 
312 HI_SS0027    (0)    6 :  0.064 0.232 0.220 0.237 0.129 0.119 
313 HI_SS0028    (0)    6 :  0.290 0.047 0.155 0.081 0.043 0.383 
314 HI_SS0029    (1)    6 :  0.139 0.159 0.065 0.056 0.150 0.430 
315 HI_SS0030    (2)    6 :  0.158 0.157 0.229 0.135 0.248 0.073 
316 HI_SS0031    (0)    6 :  0.301 0.085 0.066 0.191 0.194 0.163 
317 HI_SS0034    (0)    6 :  0.079 0.282 0.183 0.210 0.191 0.055 
318 HI_SS0036    (0)    6 :  0.246 0.356 0.162 0.036 0.086 0.114 
319 HI_SS0037    (1)    6 :  0.075 0.362 0.143 0.129 0.047 0.244 
320 HI_SS0039    (0)    6 :  0.132 0.244 0.218 0.086 0.061 0.260 
321 HI_SS0041    (1)    6 :  0.134 0.085 0.337 0.069 0.185 0.190 
322 HI_SS0042    (1)    6 :  0.244 0.076 0.143 0.168 0.126 0.243 
323 HI_SS0043    (1)    6 :  0.244 0.405 0.133 0.072 0.082 0.064 
324 HI_SS0044    (1)    6 :  0.083 0.245 0.066 0.054 0.254 0.298 
325 HI_SS0047    (1)    6 :  0.126 0.079 0.297 0.147 0.257 0.095 
326 HI_SS0049    (0)    6 :  0.096 0.109 0.105 0.193 0.289 0.208 
327 HI_SS0051    (1)    6 :  0.074 0.103 0.459 0.215 0.082 0.066 
328 HI_SS0053    (1)    6 :  0.262 0.327 0.098 0.124 0.126 0.063 
329 HI_SS0054    (4)    6 :  0.107 0.277 0.201 0.286 0.066 0.063 
330 HI_SS0057    (0)    6 :  0.198 0.098 0.355 0.117 0.106 0.126 
331 HI_SS0058    (0)    6 :  0.077 0.303 0.136 0.182 0.122 0.181 
332 HI_SS0060    (0)    6 :  0.250 0.107 0.263 0.171 0.093 0.116 
333 HI_SS0087    (1)    6 :  0.265 0.173 0.127 0.210 0.147 0.077 
334 HI_SS0091    (0)    6 :  0.284 0.374 0.072 0.122 0.093 0.055 
335 HI_SS0095    (1)    6 :  0.241 0.160 0.172 0.146 0.195 0.086 
336 HI_SS0097    (3)    6 :  0.113 0.086 0.107 0.479 0.129 0.085 
337 HI_SS0099    (0)    6 :  0.076 0.144 0.072 0.104 0.084 0.520 
338 HI_SS0103    (0)    6 :  0.217 0.106 0.149 0.096 0.333 0.099 
339 HI_SS0105    (1)    6 :  0.373 0.114 0.181 0.179 0.071 0.083 
340 HI_SS0107    (1)    6 :  0.204 0.050 0.121 0.110 0.425 0.090 
341 HI_SS0108    (1)    6 :  0.101 0.453 0.174 0.101 0.117 0.054 
342 HI_SS0110    (0)    6 :  0.405 0.148 0.066 0.084 0.198 0.098 
343 HI_SS0111    (1)    6 :  0.272 0.139 0.167 0.087 0.199 0.135 
344 HI_SS0112    (0)    6 :  0.134 0.429 0.099 0.081 0.144 0.114 
345 HI_SS0113    (1)    6 :  0.220 0.069 0.140 0.155 0.162 0.253 
346 HI_SS0114    (1)    6 :  0.101 0.279 0.265 0.173 0.066 0.115 
347 HI_SS0115    (1)    6 :  0.058 0.149 0.132 0.145 0.296 0.219 
348 HI_SS0116    (4)    6 :  0.078 0.277 0.049 0.089 0.240 0.266 
349 HI_SS0117    (0)    6 :  0.271 0.217 0.056 0.275 0.100 0.081 
350 HI_SS0118    (0)    6 :  0.181 0.261 0.083 0.216 0.106 0.153 
351 HI_SS0119    (1)    6 :  0.369 0.177 0.165 0.127 0.103 0.060 
352 HI_SS0120    (1)    6 :  0.320 0.049 0.091 0.079 0.387 0.074 
353 HI_SS0121    (1)    6 :  0.399 0.062 0.125 0.160 0.037 0.217 
354 HI_SS0122    (2)    6 :  0.272 0.172 0.172 0.124 0.106 0.155 
355 HI_SS0123    (0)    6 :  0.283 0.155 0.081 0.226 0.137 0.118 
356 HI_SS0124    (1)    6 :  0.081 0.063 0.130 0.089 0.303 0.333 
357 HI_SS0125    (1)    6 :  0.174 0.058 0.171 0.115 0.179 0.302 
358 HI_SS0126    (0)    6 :  0.113 0.351 0.066 0.079 0.181 0.209 
359 HI_SS0127    (0)    6 :  0.085 0.102 0.394 0.217 0.070 0.132 
360 HI_SS0128    (0)    6 :  0.167 0.114 0.074 0.231 0.285 0.128 
361 HI_SS0129    (1)    6 :  0.162 0.267 0.228 0.082 0.171 0.091 
362 HI_SS0131    (2)    6 :  0.091 0.262 0.161 0.257 0.046 0.183 
363 HI_SS0132    (0)    6 :  0.313 0.132 0.117 0.165 0.075 0.199 
364 HI_SS0133    (1)    6 :  0.102 0.457 0.137 0.065 0.177 0.062 
365 HI_SS0134    (1)    6 :  0.166 0.172 0.165 0.207 0.163 0.126 
366 HI_SS0142    (3)    6 :  0.282 0.109 0.155 0.243 0.118 0.093 
367 HI_SS0145    (0)    6 :  0.098 0.196 0.108 0.296 0.209 0.093 
368 HI_SS0146    (1)    6 :  0.087 0.219 0.169 0.228 0.170 0.128 
369 HI_SS0147    (1)    6 :  0.117 0.073 0.412 0.194 0.080 0.125 
370 HI_SS0149    (1)    6 :  0.465 0.147 0.073 0.173 0.049 0.094 
371 HI_SS0150    (2)    6 :  0.151 0.075 0.205 0.153 0.206 0.210 
372 HI_SS0151    (0)    6 :  0.064 0.125 0.242 0.093 0.402 0.073 
373 NS_SS1451    (1)    6 :  0.175 0.063 0.223 0.073 0.210 0.256 
374 NS_SS1404    (0)    6 :  0.134 0.118 0.368 0.086 0.087 0.207 
375 NS_SS1432    (2)    6 :  0.360 0.060 0.091 0.047 0.163 0.279 
376 NS_SS1405    (4)    6 :  0.080 0.140 0.095 0.105 0.177 0.404 
377 NS_SS1431   (10)    6 :  0.334 0.062 0.118 0.120 0.160 0.206 
378 NS_SS1402    (3)    6 :  0.260 0.173 0.088 0.151 0.215 0.113 
379 NS_SS1450    (3)    6 :  0.108 0.242 0.228 0.071 0.283 0.069 
380 NS_SS1396    (0)    6 :  0.149 0.141 0.139 0.154 0.109 0.308 
381 NS_SS1393    (5)    6 :  0.163 0.178 0.165 0.103 0.186 0.206 
382 NS_SS1392   (10)    6 :  0.088 0.086 0.227 0.057 0.347 0.194 
383 NS_SS1445    (0)    6 :  0.189 0.248 0.136 0.269 0.064 0.094 
384 NS_SS1423    (0)    6 :  0.332 0.155 0.070 0.098 0.255 0.090 
385 NS_SS1421    (9)    6 :  0.263 0.158 0.162 0.180 0.151 0.087 
386 NS_SS1411    (6)    6 :  0.061 0.256 0.387 0.083 0.074 0.139 
387 NS_SS1453    (5)    6 :  0.300 0.241 0.114 0.095 0.112 0.137 
388 NS_SS1442    (2)    6 :  0.101 0.126 0.160 0.292 0.168 0.154 
389 NS_SS1422    (1)    6 :  0.125 0.090 0.095 0.274 0.343 0.073 
390 NS_SS1419    (1)    6 :  0.075 0.099 0.190 0.403 0.058 0.175 
391 NS_SS1427    (0)    6 :  0.109 0.381 0.077 0.044 0.321 0.067 
392 NS_SS1444    (3)    6 :  0.074 0.102 0.193 0.257 0.094 0.281 
393 NS_SS1455    (0)    6 :  0.124 0.064 0.057 0.249 0.233 0.273 
394 NS_SS1425    (2)    6 :  0.134 0.390 0.147 0.164 0.083 0.082 
395 NS_SS1400    (0)    6 :  0.083 0.326 0.110 0.248 0.066 0.167 
396 NS_SS1406    (1)    6 :  0.281 0.050 0.056 0.370 0.076 0.167 
397 NS_SS1417    (6)    6 :  0.180 0.195 0.168 0.181 0.152 0.123 
398 NS_SS1454    (2)    6 :  0.299 0.266 0.107 0.091 0.040 0.197 
399 NS_SS1412    (1)    6 :  0.143 0.198 0.246 0.091 0.148 0.174 
400 NS_SS1438    (1)    6 :  0.093 0.295 0.276 0.191 0.086 0.058 
401 NS_SS1416    (4)    6 :  0.174 0.156 0.189 0.146 0.093 0.242 
402 NS_SS1401    (0)    6 :  0.310 0.142 0.096 0.159 0.123 0.170 
403 NS_SS1424    (6)    6 :  0.351 0.149 0.202 0.102 0.128 0.069 
404 NS_SS1435    (9)    6 :  0.165 0.129 0.147 0.066 0.212 0.281 
405 NS_SS1447    (4)    6 :  0.140 0.081 0.319 0.233 0.098 0.128 
406 NS_SS1414    (3)    6 :  0.091 0.097 0.206 0.244 0.076 0.287 
407 NS_SS1449   (14)    6 :  0.243 0.088 0.148 0.100 0.363 0.058 
408 NS_SS1443    (4)    6 :  0.115 0.261 0.061 0.195 0.308 0.060 
409 NS_SS1434    (1)    6 :  0.081 0.140 0.088 0.104 0.488 0.100 
410 NS_SS1398    (1)    6 :  0.153 0.118 0.121 0.092 0.192 0.324 
411 NS_SS1426    (1)    6 :  0.158 0.340 0.141 0.106 0.180 0.075 
412 NS_SS1413    (0)    6 :  0.126 0.252 0.107 0.161 0.241 0.113 
413 NS_SS1395    (1)    6 :  0.259 0.236 0.100 0.126 0.206 0.073 
414 NS_SS1448   (10)    6 :  0.110 0.232 0.324 0.070 0.119 0.144 
415 NS_SS1446    (0)    6 :  0.229 0.236 0.179 0.127 0.165 0.064 
416 NS_SS1403    (2)    6 :  0.403 0.088 0.084 0.094 0.145 0.186 
417 NS_SS1415    (0)    6 :  0.102 0.295 0.165 0.133 0.149 0.155 
418 NS_SS1437    (4)    6 :  0.326 0.113 0.127 0.150 0.076 0.208 
419 NS_SS1439    (2)    6 :  0.161 0.153 0.142 0.254 0.180 0.110 
420 NS_SS1441    (3)    6 :  0.129 0.251 0.058 0.191 0.186 0.184 
421 NS_SS1420    (2)    6 :  0.052 0.068 0.497 0.064 0.133 0.185 
422 NS_SS1394    (2)    6 :  0.191 0.076 0.227 0.091 0.069 0.345 
423 NS_SS1391    (7)    6 :  0.140 0.198 0.076 0.065 0.371 0.151 
424 NS_SS1410    (5)    6 :  0.239 0.222 0.092 0.129 0.159 0.159 
425 NS_SS1408    (1)    6 :  0.282 0.092 0.233 0.179 0.124 0.091 
426 NS_SS1409    (1)    6 :  0.123 0.189 0.069 0.110 0.330 0.179 
427 HI_SS0617    (1)    7 :  0.091 0.235 0.154 0.067 0.340 0.113 
428 HI_SS0618    (2)    7 :  0.091 0.097 0.176 0.139 0.186 0.310 
429 HI_SS0619    (0)    7 :  0.096 0.193 0.085 0.088 0.147 0.391 
430 HI_SS0620    (1)    7 :  0.040 0.344 0.306 0.060 0.192 0.058 
431 HI_SS0621    (3)    7 :  0.202 0.104 0.151 0.177 0.193 0.173 
432 HI_SS0622    (1)    7 :  0.108 0.167 0.195 0.294 0.101 0.135 
433 HI_SS0626    (0)    7 :  0.180 0.138 0.323 0.090 0.053 0.217 
434 HI_SS0627    (0)    7 :  0.412 0.074 0.118 0.091 0.151 0.154 
435 HI_SS0628    (3)    7 :  0.193 0.320 0.125 0.085 0.086 0.190 
436 HI_SS0629    (1)    7 :  0.203 0.198 0.105 0.180 0.081 0.234 
437 HI_SS0630    (1)    7 :  0.079 0.223 0.204 0.142 0.148 0.203 
438 HI_SS0631    (0)    7 :  0.122 0.193 0.252 0.124 0.168 0.140 
439 HI_SS0632    (0)    7 :  0.119 0.143 0.290 0.242 0.086 0.120 
440 HI_SS0633    (0)    7 :  0.059 0.127 0.063 0.120 0.300 0.332 
441 HI_SS0634    (1)    7 :  0.287 0.150 0.279 0.089 0.092 0.104 
442 HI_SS0635    (0)    7 :  0.128 0.086 0.168 0.194 0.101 0.321 
443 HI_SS0637    (1)    7 :  0.176 0.142 0.334 0.219 0.071 0.059 
444 HI_SS0638    (0)    7 :  0.139 0.162 0.200 0.138 0.214 0.148 
445 HI_SS0639    (1)    7 :  0.161 0.081 0.225 0.168 0.141 0.224 
446 HI_SS0640    (1)    7 :  0.087 0.112 0.148 0.343 0.194 0.115 
447 HI_SS0641    (1)    7 :  0.081 0.279 0.242 0.101 0.045 0.252 
448 HI_SS0642    (0)    7 :  0.509 0.055 0.112 0.092 0.115 0.118 
449 HI_SS0645    (0)    7 :  0.059 0.052 0.255 0.110 0.083 0.441 
450 HI_SS0646    (1)    7 :  0.175 0.128 0.085 0.172 0.354 0.086 
451 HI_SS0647    (1)    7 :  0.217 0.130 0.134 0.137 0.222 0.161 
452 HI_SS0648    (0)    7 :  0.135 0.144 0.193 0.180 0.168 0.180 
453 HI_SS0649    (1)    7 :  0.120 0.171 0.095 0.194 0.169 0.251 
454 HI_SS0650    (1)    7 :  0.152 0.081 0.131 0.075 0.422 0.139 
455 HI_SS0651    (1)    7 :  0.147 0.128 0.113 0.176 0.199 0.237 
456 HI_SS0652    (1)    7 :  0.074 0.076 0.456 0.088 0.140 0.166 
457 NS_SS1371    (3)    7 :  0.307 0.162 0.065 0.100 0.220 0.145 
458 NS_SS1374    (0)    7 :  0.277 0.259 0.232 0.058 0.072 0.101 
459 NS_SS1337    (3)    7 :  0.273 0.063 0.367 0.085 0.134 0.078 
460 NS_SS1385    (5)    7 :  0.163 0.105 0.123 0.183 0.272 0.154 
461 NS_SS1388    (0)    7 :  0.118 0.192 0.060 0.086 0.073 0.470 
462 NS_SS1370    (1)    7 :  0.077 0.055 0.561 0.088 0.079 0.141 
463 NS_SS1389    (3)    7 :  0.127 0.115 0.121 0.079 0.070 0.488 
464 NS_SS1360    (1)    7 :  0.119 0.198 0.237 0.196 0.078 0.172 
465 NS_SS1330    (0)    7 :  0.111 0.074 0.258 0.165 0.200 0.192 
466 NS_SS1328    (8)    7 :  0.170 0.214 0.086 0.108 0.355 0.067 
467 NS_SS1384    (1)    7 :  0.247 0.150 0.159 0.233 0.133 0.077 
468 NS_SS1381    (0)    7 :  0.087 0.049 0.112 0.158 0.469 0.124 
469 NS_SS1375    (1)    7 :  0.122 0.102 0.135 0.051 0.230 0.360 
470 NS_SS1319   (10)    7 :  0.283 0.167 0.139 0.100 0.139 0.172 
471 NS_SS1326    (2)    7 :  0.095 0.382 0.070 0.074 0.144 0.235 
472 NS_SS1341    (1)    7 :  0.351 0.192 0.150 0.169 0.078 0.060 
473 NS_SS1383    (1)    7 :  0.381 0.113 0.222 0.107 0.108 0.069 
474 NS_SS1318    (3)    7 :  0.075 0.134 0.284 0.158 0.178 0.171 
475 NS_SS1348    (2)    7 :  0.163 0.302 0.159 0.197 0.125 0.055 
476 NS_SS1363    (0)    7 :  0.161 0.093 0.251 0.225 0.094 0.175 
477 NS_SS1335    (4)    7 :  0.153 0.201 0.141 0.321 0.063 0.120 
478 NS_SS1358    (0)    7 :  0.210 0.166 0.165 0.250 0.176 0.032 
479 NS_SS1342    (1)    7 :  0.366 0.193 0.059 0.187 0.122 0.073 
480 NS_SS1320    (2)    7 :  0.086 0.036 0.047 0.202 0.380 0.250 
481 NS_SS1355    (1)    7 :  0.090 0.087 0.155 0.383 0.190 0.095 
482 NS_SS1345    (1)    7 :  0.060 0.054 0.130 0.577 0.123 0.056 
483 NS_SS1324    (0)    7 :  0.161 0.236 0.113 0.167 0.132 0.191 
484 NS_SS1347    (5)    7 :  0.247 0.097 0.126 0.156 0.225 0.150 
485 NS_SS1321    (4)    7 :  0.319 0.260 0.167 0.064 0.076 0.113 
486 NS_SS1333    (0)    7 :  0.316 0.246 0.064 0.044 0.073 0.256 
487 NS_SS1364    (1)    7 :  0.156 0.188 0.113 0.389 0.078 0.076 
488 NS_SS1379    (0)    7 :  0.123 0.107 0.171 0.153 0.297 0.149 
489 NS_SS1332    (0)    7 :  0.126 0.364 0.055 0.095 0.053 0.306 
490 NS_SS1338    (5)    7 :  0.175 0.180 0.291 0.089 0.132 0.135 
491 NS_SS1368    (6)    7 :  0.160 0.281 0.057 0.323 0.053 0.125 
492 NS_SS1354    (1)    7 :  0.235 0.120 0.112 0.231 0.107 0.196 
493 NS_SS1365    (0)    7 :  0.149 0.096 0.235 0.212 0.130 0.179 
494 NS_SS1380    (1)    7 :  0.122 0.080 0.169 0.344 0.078 0.206 
495 NS_SS1329    (8)    7 :  0.392 0.191 0.055 0.202 0.078 0.083 
496 NS_SS1362    (0)    7 :  0.231 0.144 0.099 0.187 0.249 0.090 
497 NS_SS1327    (2)    7 :  0.110 0.531 0.099 0.056 0.119 0.085 
498 NS_SS1350    (0)    7 :  0.141 0.189 0.079 0.049 0.440 0.102 
499 NS_SS1387    (2)    7 :  0.082 0.120 0.222 0.137 0.062 0.378 
500 NS_SS1369    (8)    7 :  0.099 0.241 0.207 0.316 0.074 0.063 
501 NS_SS1331    (1)    7 :  0.194 0.188 0.152 0.072 0.058 0.335 
502 NS_SS1357    (4)    7 :  0.124 0.177 0.058 0.085 0.488 0.067 
503 NS_SS1386    (1)    7 :  0.268 0.394 0.061 0.158 0.055 0.064 
504 NS_SS1353    (2)    7 :  0.217 0.139 0.096 0.097 0.246 0.205 
505 NS_SS1323    (0)    7 :  0.259 0.061 0.112 0.263 0.171 0.134 
506 HI_SS0296    (0)    8 :  0.058 0.234 0.311 0.124 0.163 0.111 
507 HI_SS0297    (0)    8 :  0.353 0.087 0.096 0.072 0.320 0.072 
508 HI_SS0299    (0)    8 :  0.153 0.135 0.296 0.192 0.174 0.049 
509 HI_SS0300    (0)    8 :  0.075 0.130 0.290 0.304 0.126 0.075 
510 HI_SS0301    (0)    8 :  0.162 0.091 0.422 0.165 0.034 0.126 
511 HI_SS0302    (0)    8 :  0.062 0.222 0.326 0.180 0.084 0.125 
512 HI_SS0303    (0)    8 :  0.087 0.327 0.071 0.110 0.177 0.229 
513 HI_SS0304    (0)    8 :  0.147 0.151 0.197 0.063 0.127 0.315 
514 HI_SS0306    (5)    8 :  0.093 0.299 0.336 0.098 0.101 0.074 
515 HI_SS0307    (1)    8 :  0.138 0.093 0.150 0.245 0.108 0.265 
516 HI_SS0308    (1)    8 :  0.216 0.083 0.100 0.221 0.111 0.268 
517 HI_SS0309    (0)    8 :  0.134 0.094 0.198 0.320 0.150 0.103 
518 HI_SS0310    (0)    8 :  0.084 0.151 0.121 0.168 0.190 0.286 
519 HI_SS0311    (3)    8 :  0.146 0.144 0.284 0.197 0.091 0.138 
520 HI_SS0314    (0)    8 :  0.127 0.145 0.049 0.118 0.221 0.340 
521 HI_SS0316    (1)    8 :  0.146 0.218 0.102 0.207 0.109 0.218 
522 HI_SS0317    (3)    8 :  0.318 0.100 0.225 0.098 0.123 0.137 
523 HI_SS0318    (1)    8 :  0.298 0.306 0.137 0.113 0.072 0.074 
524 HI_SS0319    (0)    8 :  0.074 0.414 0.049 0.252 0.121 0.090 
525 HI_SS0320    (3)    8 :  0.388 0.077 0.083 0.046 0.068 0.337 
526 HI_SS0321    (0)    8 :  0.330 0.147 0.123 0.080 0.231 0.090 
527 HI_SS0323    (1)    8 :  0.087 0.304 0.224 0.109 0.144 0.131 
528 HI_SS0325    (2)    8 :  0.099 0.239 0.397 0.114 0.079 0.072 
529 HI_SS0327    (1)    8 :  0.151 0.194 0.043 0.146 0.417 0.049 
530 HI_SS0329    (1)    8 :  0.219 0.108 0.226 0.113 0.075 0.260 
531 HI_SS0333    (1)    8 :  0.174 0.157 0.120 0.165 0.122 0.262 
532 HI_SS0334    (1)    8 :  0.194 0.239 0.236 0.158 0.116 0.057 
533 HI_SS0335    (1)    8 :  0.147 0.060 0.202 0.302 0.218 0.071 
534 HI_SS0339    (0)    8 :  0.108 0.096 0.172 0.361 0.089 0.174 
535 HI_SS0343    (2)    8 :  0.232 0.074 0.082 0.325 0.194 0.093 
536 HI_SS0344    (1)    8 :  0.153 0.472 0.118 0.077 0.126 0.054 
537 HI_SS0345    (3)    8 :  0.182 0.141 0.264 0.215 0.064 0.134 
538 HI_SS0346    (0)    8 :  0.378 0.180 0.221 0.063 0.081 0.076 
539 HI_SS0350    (1)    8 :  0.058 0.043 0.080 0.475 0.097 0.246 
540 HI_SS0351    (0)    8 :  0.209 0.099 0.136 0.366 0.131 0.059 
541 HI_SS0352    (3)    8 :  0.220 0.116 0.126 0.258 0.126 0.154 
542 HI_SS0362    (0)    8 :  0.089 0.134 0.291 0.118 0.069 0.299 
543 HI_SS0363    (1)    8 :  0.099 0.266 0.080 0.185 0.271 0.099 
544 HI_SS0365    (0)    8 :  0.130 0.246 0.067 0.167 0.202 0.189 
545 HI_SS0366    (0)    8 :  0.094 0.389 0.159 0.112 0.181 0.066 
546 HI_SS0367    (1)    8 :  0.157 0.085 0.095 0.219 0.131 0.314 
547 HI_SS0369    (1)    8 :  0.122 0.084 0.212 0.212 0.128 0.242 
548 HI_SS0370    (0)    8 :  0.189 0.102 0.086 0.094 0.465 0.065 
549 HI_SS0371    (4)    8 :  0.113 0.331 0.158 0.145 0.074 0.179 
550 HI_SS0373    (3)    8 :  0.088 0.156 0.099 0.148 0.120 0.389 
551 HI_SS0374    (0)    8 :  0.182 0.104 0.103 0.169 0.140 0.303 
552 HI_SS0377    (0)    8 :  0.145 0.163 0.177 0.403 0.055 0.058 
553 HI_SS0379    (1)    8 :  0.192 0.509 0.069 0.101 0.056 0.073 
554 HI_SS0380    (1)    8 :  0.155 0.113 0.159 0.250 0.151 0.173 
555 HI_SS0381    (2)    8 :  0.202 0.068 0.209 0.290 0.107 0.125 
556 HI_SS0384    (3)    8 :  0.189 0.239 0.118 0.056 0.272 0.125 
557 HI_SS0385    (1)    8 :  0.109 0.238 0.106 0.080 0.060 0.408 


Estimated Allele Frequencies in each cluster
First column gives estimated ancestral frequencies


Locus 1 : 
2 alleles
3.4% missing data
   1   (0.735) 0.801 0.716 0.673 0.725 0.763 0.752 
   2   (0.265) 0.199 0.284 0.327 0.275 0.237 0.248 

Locus 2 : 
2 alleles
4.3% missing data
   1   (0.883) 0.858 0.914 0.904 0.902 0.882 0.875 
   2   (0.117) 0.142 0.086 0.096 0.098 0.118 0.125 

Locus 3 : 
2 alleles
3.9% missing data
   1   (0.861) 0.872 0.861 0.869 0.890 0.852 0.858 
   2   (0.139) 0.128 0.139 0.131 0.110 0.148 0.142 

Locus 4 : 
2 alleles
2.7% missing data
   1   (0.886) 0.840 0.910 0.912 0.901 0.927 0.866 
