

----------------------------------------------------
STRUCTURE by Pritchard, Stephens and Donnelly (2000)
     and Falush, Stephens and Pritchard (2003)
       Code by Pritchard, Falush and Hubisz
             Version 2.3.4 (Jul 2012)
----------------------------------------------------



Command line arguments:   /home/genobiwan/Documents/Programs/Structure/structure -m parameter_job_k8_r2 
Input File:    /media/genobiwan/Storage/Projets/Mackerel_NWA_2021/data_job_k8_r2

Run parameters:
   557 individuals
   3930 loci
   8 populations assumed
   10000 Burn-in period
   100000 Reps


--------------------------------------------
Proportion of membership of each pre-defined
 population in each of the 8 clusters

Given    Inferred Clusters                                          Number of
 Pop       1      2      3      4      5      6      7      8      Individuals

  1:     0.111  0.130  0.120  0.121  0.137  0.128  0.127  0.125       67
  2:     0.103  0.115  0.152  0.155  0.104  0.121  0.108  0.141       32
  3:     0.113  0.115  0.114  0.124  0.140  0.124  0.130  0.140       92
  4:     0.141  0.146  0.113  0.131  0.112  0.125  0.109  0.123       36
  5:     0.136  0.118  0.121  0.117  0.156  0.108  0.118  0.126       41
  6:     0.132  0.132  0.125  0.122  0.113  0.127  0.127  0.123      158
  7:     0.123  0.130  0.128  0.117  0.121  0.134  0.118  0.129       79
  8:     0.131  0.120  0.112  0.116  0.129  0.128  0.140  0.124       52
--------------------------------------------

Allele-freq. divergence among pops (Net nucleotide distance),
computed using point estimates of P.

      1       2       3       4       5       6       7       8      
 1      -    0.0053  0.0072  0.0056  0.0061  0.0043  0.0045  0.0060  
 2   0.0053     -    0.0055  0.0048  0.0041  0.0032  0.0039  0.0045  
 3   0.0072  0.0055     -    0.0058  0.0059  0.0049  0.0057  0.0055  
 4   0.0056  0.0048  0.0058     -    0.0048  0.0039  0.0043  0.0052  
 5   0.0061  0.0041  0.0059  0.0048     -    0.0037  0.0036  0.0046  
 6   0.0043  0.0032  0.0049  0.0039  0.0037     -    0.0026  0.0032  
 7   0.0045  0.0039  0.0057  0.0043  0.0036  0.0026     -    0.0038  
 8   0.0060  0.0045  0.0055  0.0052  0.0046  0.0032  0.0038     -    

Average distances (expected heterozygosity) between individuals in same cluster:
cluster  1  : 0.3073 
cluster  2  : 0.3115 
cluster  3  : 0.3091 
cluster  4  : 0.3113 
cluster  5  : 0.3090 
cluster  6  : 0.3136 
cluster  7  : 0.3121 
cluster  8  : 0.3094 

--------------------------------------------
Estimated Ln Prob of Data   = -2129481.9
Mean value of ln likelihood = -2058465.9
Variance of ln likelihood   = 142032.0
Mean value of alpha         = 1.2721

Mean value of Fst_1         = 0.0674
Mean value of Fst_2         = 0.0541
Mean value of Fst_3         = 0.0680
Mean value of Fst_4         = 0.0607
Mean value of Fst_5         = 0.0579
Mean value of Fst_6         = 0.0497
Mean value of Fst_7         = 0.0530
Mean value of Fst_8         = 0.0544


Inferred ancestry of individuals:
        Label (%Miss) Pop:  Inferred clusters
  1 NS_SS0963    (4)    1 :  0.067 0.222 0.062 0.138 0.186 0.090 0.101 0.133 
  2 NS_SS0983    (1)    1 :  0.157 0.083 0.030 0.212 0.038 0.090 0.340 0.049 
  3 NS_SS0719    (8)    1 :  0.119 0.179 0.089 0.102 0.102 0.126 0.073 0.209 
  4 NS_SS1001    (8)    1 :  0.080 0.063 0.278 0.134 0.138 0.071 0.082 0.154 
  5 NS_SS0936    (4)    1 :  0.069 0.174 0.159 0.140 0.242 0.058 0.103 0.055 
  6 NS_SS0955    (5)    1 :  0.132 0.134 0.048 0.129 0.156 0.080 0.214 0.108 
  7 NS_SS0944    (3)    1 :  0.160 0.077 0.102 0.082 0.210 0.089 0.152 0.128 
  8 NS_SS0945    (3)    1 :  0.132 0.091 0.237 0.064 0.092 0.093 0.226 0.066 
  9 NS_SS0922    (2)    1 :  0.099 0.131 0.258 0.074 0.089 0.116 0.039 0.194 
 10 NS_SS0929    (7)    1 :  0.142 0.148 0.056 0.148 0.160 0.108 0.173 0.066 
 11 NS_SS0956    (2)    1 :  0.065 0.074 0.135 0.094 0.098 0.124 0.056 0.354 
 12 NS_SS0906    (3)    1 :  0.161 0.113 0.067 0.095 0.220 0.100 0.165 0.079 
 13 NS_SS0721    (6)    1 :  0.050 0.104 0.057 0.132 0.055 0.131 0.216 0.255 
 14 NS_SS0982    (4)    1 :  0.062 0.120 0.075 0.064 0.220 0.256 0.091 0.112 
 15 NS_SS0923    (5)    1 :  0.083 0.126 0.152 0.111 0.160 0.148 0.103 0.117 
 16 NS_SS0905    (6)    1 :  0.068 0.057 0.102 0.133 0.097 0.281 0.184 0.077 
 17 NS_SS0925    (3)    1 :  0.039 0.084 0.073 0.266 0.156 0.078 0.187 0.117 
 18 NS_SS0947    (5)    1 :  0.086 0.142 0.135 0.207 0.184 0.066 0.078 0.102 
 19 NS_SS0926    (2)    1 :  0.243 0.265 0.056 0.042 0.072 0.139 0.118 0.064 
 20 NS_SS0918    (6)    1 :  0.043 0.094 0.090 0.056 0.349 0.073 0.211 0.084 
 21 NS_SS0966    (4)    1 :  0.066 0.165 0.110 0.135 0.215 0.129 0.103 0.077 
 22 NS_SS0938    (2)    1 :  0.085 0.319 0.207 0.076 0.088 0.056 0.069 0.100 
 23 NS_SS0917    (2)    1 :  0.148 0.165 0.109 0.179 0.049 0.195 0.065 0.091 
 24 NS_SS0957   (11)    1 :  0.099 0.113 0.096 0.084 0.124 0.126 0.086 0.272 
 25 NS_SS0987    (1)    1 :  0.101 0.074 0.073 0.059 0.095 0.177 0.107 0.315 
 26 NS_SS0717    (4)    1 :  0.073 0.043 0.228 0.094 0.143 0.147 0.107 0.165 
 27 NS_SS0986    (2)    1 :  0.116 0.132 0.090 0.043 0.105 0.167 0.214 0.133 
 28 NS_SS0953    (4)    1 :  0.062 0.047 0.140 0.242 0.230 0.065 0.126 0.088 
 29 NS_SS0907    (3)    1 :  0.069 0.072 0.072 0.086 0.251 0.161 0.238 0.050 
 30 NS_SS0974    (6)    1 :  0.127 0.084 0.138 0.240 0.161 0.068 0.129 0.054 
 31 NS_SS0989    (1)    1 :  0.232 0.215 0.073 0.178 0.047 0.107 0.078 0.069 
 32 NS_SS0991    (2)    1 :  0.122 0.052 0.047 0.045 0.156 0.120 0.286 0.173 
 33 NS_SS0994    (2)    1 :  0.408 0.070 0.154 0.074 0.054 0.076 0.114 0.049 
 34 NS_SS0931    (6)    1 :  0.191 0.156 0.056 0.051 0.091 0.114 0.225 0.116 
 35 NS_SS1000    (5)    1 :  0.077 0.130 0.270 0.091 0.208 0.081 0.067 0.077 
 36 NS_SS0919    (1)    1 :  0.081 0.246 0.037 0.097 0.123 0.208 0.160 0.048 
 37 NS_SS0949    (3)    1 :  0.188 0.149 0.066 0.212 0.061 0.094 0.104 0.126 
 38 NS_SS0960   (10)    1 :  0.153 0.087 0.043 0.165 0.161 0.171 0.097 0.123 
 39 NS_SS0716    (2)    1 :  0.080 0.065 0.269 0.048 0.046 0.182 0.068 0.242 
 40 NS_SS0924    (8)    1 :  0.098 0.083 0.042 0.126 0.205 0.219 0.118 0.108 
 41 NS_SS0935    (1)    1 :  0.163 0.058 0.057 0.095 0.083 0.265 0.131 0.148 
 42 NS_SS0952   (13)    1 :  0.171 0.123 0.061 0.084 0.182 0.180 0.145 0.055 
 43 NS_SS0962   (10)    1 :  0.071 0.240 0.194 0.056 0.089 0.119 0.108 0.123 
 44 NS_SS0973    (5)    1 :  0.060 0.080 0.052 0.311 0.196 0.095 0.116 0.090 
 45 NS_SS0722    (1)    1 :  0.062 0.054 0.355 0.115 0.179 0.063 0.092 0.081 
 46 NS_SS0979   (13)    1 :  0.053 0.134 0.115 0.062 0.139 0.160 0.163 0.175 
 47 NS_SS0993    (2)    1 :  0.053 0.107 0.123 0.206 0.167 0.085 0.146 0.114 
 48 NS_SS0958    (1)    1 :  0.218 0.099 0.124 0.066 0.135 0.166 0.119 0.073 
 49 NS_SS0988    (4)    1 :  0.154 0.200 0.062 0.063 0.183 0.161 0.097 0.081 
 50 NS_SS1003    (2)    1 :  0.050 0.355 0.049 0.048 0.100 0.120 0.045 0.234 
 51 NS_SS0976    (0)    1 :  0.125 0.197 0.060 0.068 0.109 0.111 0.245 0.085 
 52 NS_SS0964   (10)    1 :  0.060 0.057 0.297 0.085 0.117 0.112 0.060 0.213 
 53 NS_SS0939    (4)    1 :  0.046 0.118 0.263 0.065 0.035 0.135 0.062 0.275 
 54 NS_SS0990    (6)    1 :  0.212 0.221 0.202 0.044 0.049 0.075 0.091 0.106 
 55 NS_SS0984    (2)    1 :  0.062 0.139 0.270 0.098 0.110 0.120 0.067 0.134 
 56 NS_SS0980    (9)    1 :  0.074 0.062 0.100 0.385 0.194 0.065 0.059 0.061 
 57 NS_SS0978    (4)    1 :  0.099 0.162 0.188 0.093 0.161 0.139 0.066 0.092 
 58 NS_SS0951   (17)    1 :  0.146 0.045 0.058 0.055 0.137 0.140 0.231 0.188 
 59 NS_SS0913    (3)    1 :  0.106 0.063 0.213 0.056 0.089 0.124 0.103 0.246 
 60 NS_SS1002    (1)    1 :  0.061 0.338 0.069 0.062 0.273 0.068 0.083 0.045 
 61 NS_SS0948    (1)    1 :  0.111 0.134 0.067 0.085 0.178 0.146 0.196 0.083 
 62 NS_SS0916    (4)    1 :  0.130 0.128 0.071 0.353 0.045 0.139 0.051 0.083 
 63 NS_SS0995    (1)    1 :  0.075 0.085 0.074 0.370 0.061 0.130 0.087 0.118 
 64 NS_SS0927    (6)    1 :  0.130 0.128 0.089 0.168 0.063 0.236 0.131 0.056 
 65 NS_SS0992    (5)    1 :  0.154 0.153 0.108 0.187 0.149 0.134 0.047 0.068 
 66 NS_SS0912    (1)    1 :  0.106 0.117 0.064 0.034 0.107 0.158 0.183 0.229 
 67 NS_SS0981    (1)    1 :  0.056 0.196 0.074 0.043 0.207 0.157 0.117 0.149 
 68 NS_SS0729    (5)    2 :  0.245 0.074 0.055 0.317 0.092 0.056 0.127 0.035 
 69 NS_SS0967   (14)    2 :  0.049 0.200 0.071 0.151 0.216 0.143 0.101 0.069 
 70 NS_SS0941    (7)    2 :  0.107 0.143 0.227 0.139 0.080 0.092 0.079 0.133 
 71 NS_SS0768   (12)    2 :  0.090 0.099 0.118 0.052 0.150 0.115 0.155 0.221 
 72 NS_SS0726    (4)    2 :  0.176 0.190 0.088 0.255 0.097 0.073 0.063 0.059 
 73 NS_SS0763    (4)    2 :  0.199 0.123 0.145 0.097 0.120 0.156 0.076 0.085 
 74 NS_SS0730    (6)    2 :  0.068 0.156 0.148 0.166 0.074 0.158 0.076 0.153 
 75 NS_SS0774    (1)    2 :  0.059 0.101 0.224 0.286 0.127 0.058 0.072 0.073 
 76 NS_SS0723    (3)    2 :  0.034 0.195 0.102 0.207 0.130 0.099 0.113 0.120 
 77 NS_SS0940    (9)    2 :  0.129 0.146 0.165 0.144 0.050 0.107 0.142 0.118 
 78 NS_SS0762    (1)    2 :  0.051 0.064 0.314 0.111 0.142 0.134 0.039 0.145 
 79 NS_SS0766   (11)    2 :  0.108 0.077 0.242 0.116 0.049 0.186 0.079 0.145 
 80 NS_SS0724    (1)    2 :  0.055 0.071 0.122 0.102 0.170 0.123 0.151 0.205 
 81 NS_SS0769    (3)    2 :  0.096 0.158 0.125 0.059 0.132 0.212 0.094 0.124 
 82 NS_SS0777    (2)    2 :  0.126 0.115 0.069 0.069 0.090 0.189 0.241 0.103 
 83 NS_SS0734    (6)    2 :  0.158 0.094 0.121 0.130 0.053 0.120 0.105 0.218 
 84 NS_SS0737    (3)    2 :  0.042 0.099 0.329 0.196 0.080 0.115 0.054 0.087 
 85 NS_SS0732    (5)    2 :  0.037 0.043 0.055 0.206 0.103 0.146 0.181 0.229 
 86 NS_SS0728    (5)    2 :  0.081 0.102 0.111 0.236 0.054 0.142 0.114 0.159 
 87 NS_SS0735    (9)    2 :  0.059 0.041 0.201 0.239 0.102 0.065 0.143 0.151 
 88 NS_SS0725    (1)    2 :  0.101 0.173 0.329 0.053 0.083 0.044 0.064 0.153 
 89 NS_SS0788    (2)    2 :  0.085 0.254 0.063 0.151 0.073 0.195 0.091 0.088 
 90 NS_SS0778    (2)    2 :  0.116 0.231 0.046 0.157 0.069 0.145 0.118 0.119 
 91 NS_SS0792    (6)    2 :  0.140 0.076 0.054 0.197 0.130 0.136 0.091 0.176 
 92 NS_SS0943   (11)    2 :  0.239 0.066 0.047 0.065 0.258 0.077 0.092 0.156 
 93 NS_SS0791    (2)    2 :  0.103 0.071 0.061 0.327 0.039 0.107 0.115 0.177 
 94 NS_SS0790    (5)    2 :  0.030 0.072 0.163 0.082 0.203 0.075 0.109 0.265 
 95 NS_SS0731    (6)    2 :  0.071 0.100 0.176 0.055 0.074 0.123 0.120 0.282 
 96 NS_SS0727    (6)    2 :  0.228 0.042 0.245 0.205 0.073 0.074 0.056 0.076 
 97 NS_SS0779   (12)    2 :  0.062 0.122 0.097 0.163 0.073 0.148 0.229 0.106 
 98 NS_SS0776    (3)    2 :  0.088 0.117 0.263 0.092 0.068 0.158 0.112 0.103 
 99 NS_SS0775    (5)    2 :  0.070 0.079 0.289 0.138 0.087 0.105 0.067 0.166 
100 NS_SS0965    (3)    3 :  0.068 0.126 0.047 0.100 0.167 0.139 0.129 0.223 
101 NS_SS0754   (13)    3 :  0.168 0.066 0.046 0.169 0.087 0.129 0.114 0.221 
102 NS_SS0838    (5)    3 :  0.085 0.135 0.149 0.133 0.079 0.107 0.248 0.065 
103 NS_SS0839    (3)    3 :  0.059 0.126 0.205 0.136 0.128 0.095 0.093 0.157 
104 NS_SS0832    (4)    3 :  0.038 0.115 0.135 0.080 0.281 0.104 0.097 0.151 
105 NS_SS0820    (4)    3 :  0.034 0.180 0.085 0.085 0.129 0.182 0.126 0.179 
106 NS_SS0886    (9)    3 :  0.144 0.118 0.076 0.110 0.076 0.158 0.139 0.179 
107 NS_SS0748    (5)    3 :  0.085 0.112 0.074 0.081 0.151 0.154 0.261 0.083 
108 NS_SS0884    (9)    3 :  0.132 0.109 0.097 0.198 0.160 0.094 0.092 0.117 
109 NS_SS0752    (3)    3 :  0.092 0.113 0.189 0.220 0.119 0.068 0.110 0.089 
110 NS_SS0862    (1)    3 :  0.036 0.068 0.045 0.211 0.134 0.083 0.112 0.311 
111 NS_SS0787    (9)    3 :  0.393 0.074 0.074 0.079 0.093 0.113 0.087 0.087 
112 NS_SS0843    (6)    3 :  0.090 0.093 0.104 0.178 0.112 0.139 0.136 0.149 
113 NS_SS0856    (4)    3 :  0.100 0.124 0.211 0.164 0.050 0.195 0.065 0.092 
114 NS_SS0846    (2)    3 :  0.132 0.182 0.104 0.147 0.231 0.071 0.089 0.044 
115 NS_SS0825    (1)    3 :  0.147 0.245 0.049 0.069 0.107 0.072 0.113 0.198 
116 NS_SS0757    (3)    3 :  0.102 0.076 0.064 0.109 0.101 0.148 0.258 0.141 
117 NS_SS0876    (3)    3 :  0.071 0.079 0.167 0.119 0.150 0.169 0.121 0.124 
118 NS_SS0903    (9)    3 :  0.042 0.083 0.083 0.437 0.174 0.046 0.084 0.051 
119 NS_SS0875    (7)    3 :  0.095 0.137 0.164 0.071 0.075 0.124 0.174 0.160 
120 NS_SS0740    (5)    3 :  0.076 0.087 0.151 0.122 0.131 0.137 0.173 0.123 
121 NS_SS0811    (5)    3 :  0.038 0.064 0.131 0.083 0.149 0.127 0.125 0.282 
122 NS_SS0751    (1)    3 :  0.070 0.184 0.233 0.087 0.065 0.135 0.146 0.081 
123 NS_SS0891    (6)    3 :  0.109 0.197 0.242 0.058 0.101 0.079 0.102 0.112 
124 NS_SS0867    (2)    3 :  0.166 0.102 0.032 0.099 0.273 0.101 0.082 0.145 
125 NS_SS0890    (6)    3 :  0.068 0.151 0.100 0.165 0.137 0.196 0.115 0.069 
126 NS_SS0866   (11)    3 :  0.381 0.095 0.098 0.098 0.086 0.057 0.099 0.085 
127 NS_SS0755    (4)    3 :  0.095 0.129 0.084 0.081 0.218 0.109 0.072 0.212 
128 NS_SS0758    (4)    3 :  0.066 0.090 0.138 0.214 0.096 0.097 0.223 0.074 
129 NS_SS0840    (2)    3 :  0.044 0.191 0.121 0.137 0.199 0.071 0.089 0.147 
130 NS_SS0889    (4)    3 :  0.267 0.071 0.070 0.062 0.116 0.097 0.116 0.201 
131 NS_SS1010    (1)    3 :  0.082 0.181 0.090 0.085 0.170 0.210 0.089 0.093 
132 NS_SS0888    (5)    3 :  0.260 0.045 0.069 0.189 0.073 0.181 0.045 0.139 
133 NS_SS0837    (3)    3 :  0.055 0.069 0.070 0.086 0.249 0.106 0.094 0.271 
134 NS_SS0794    (9)    3 :  0.167 0.045 0.143 0.111 0.080 0.212 0.154 0.090 
135 NS_SS0823    (4)    3 :  0.051 0.101 0.149 0.104 0.290 0.095 0.130 0.079 
136 NS_SS0829    (7)    3 :  0.177 0.048 0.043 0.060 0.121 0.104 0.338 0.108 
137 NS_SS0844    (5)    3 :  0.037 0.057 0.037 0.158 0.486 0.087 0.063 0.076 
138 NS_SS1008    (5)    3 :  0.219 0.056 0.221 0.097 0.103 0.101 0.094 0.108 
139 NS_SS0881    (3)    3 :  0.133 0.249 0.080 0.067 0.087 0.204 0.079 0.101 
140 NS_SS0834    (6)    3 :  0.067 0.183 0.348 0.062 0.084 0.065 0.100 0.092 
141 NS_SS0744   (10)    3 :  0.104 0.166 0.058 0.201 0.137 0.098 0.104 0.132 
142 NS_SS0899    (7)    3 :  0.050 0.052 0.170 0.060 0.133 0.102 0.202 0.230 
143 NS_SS0804    (4)    3 :  0.032 0.125 0.125 0.135 0.161 0.101 0.125 0.195 
144 NS_SS0781   (10)    3 :  0.035 0.220 0.140 0.079 0.185 0.104 0.167 0.070 
145 NS_SS0822    (6)    3 :  0.102 0.049 0.164 0.165 0.104 0.069 0.257 0.090 
146 NS_SS1004    (4)    3 :  0.068 0.139 0.087 0.111 0.253 0.172 0.081 0.090 
147 NS_SS0746    (5)    3 :  0.099 0.094 0.124 0.067 0.235 0.113 0.215 0.054 
148 NS_SS0880    (3)    3 :  0.077 0.139 0.145 0.185 0.195 0.043 0.101 0.117 
149 NS_SS0879    (4)    3 :  0.118 0.085 0.216 0.108 0.157 0.076 0.067 0.172 
150 NS_SS0753    (2)    3 :  0.145 0.055 0.047 0.124 0.137 0.165 0.193 0.135 
151 NS_SS1007    (2)    3 :  0.085 0.148 0.169 0.236 0.053 0.179 0.079 0.050 
152 NS_SS0872    (5)    3 :  0.068 0.142 0.150 0.152 0.155 0.150 0.079 0.105 
153 NS_SS1005    (7)    3 :  0.060 0.142 0.145 0.104 0.258 0.089 0.136 0.065 
154 NS_SS0892    (6)    3 :  0.096 0.123 0.145 0.069 0.113 0.191 0.134 0.128 
155 NS_SS0898    (0)    3 :  0.186 0.115 0.085 0.066 0.165 0.124 0.095 0.165 
156 NS_SS0801    (9)    3 :  0.072 0.072 0.080 0.079 0.123 0.160 0.248 0.167 
157 NS_SS0827    (8)    3 :  0.095 0.113 0.065 0.072 0.064 0.348 0.090 0.152 
158 NS_SS0853    (6)    3 :  0.099 0.038 0.087 0.087 0.094 0.272 0.102 0.221 
159 NS_SS0780    (2)    3 :  0.048 0.207 0.120 0.123 0.062 0.109 0.158 0.173 
160 NS_SS0826   (10)    3 :  0.157 0.238 0.059 0.037 0.216 0.059 0.160 0.073 
161 NS_SS0818    (5)    3 :  0.049 0.176 0.154 0.150 0.127 0.128 0.057 0.160 
162 NS_SS0745    (1)    3 :  0.058 0.084 0.447 0.026 0.040 0.064 0.047 0.234 
163 NS_SS0849    (3)    3 :  0.074 0.111 0.060 0.044 0.082 0.079 0.188 0.362 
164 NS_SS0739    (3)    3 :  0.091 0.182 0.091 0.160 0.043 0.138 0.131 0.165 
165 NS_SS0799    (1)    3 :  0.102 0.031 0.084 0.322 0.070 0.144 0.166 0.080 
166 NS_SS0756    (2)    3 :  0.055 0.153 0.063 0.074 0.331 0.124 0.079 0.121 
167 NS_SS0802    (2)    3 :  0.101 0.216 0.102 0.143 0.075 0.178 0.127 0.057 
168 NS_SS0747    (6)    3 :  0.067 0.135 0.076 0.132 0.200 0.153 0.176 0.061 
169 NS_SS0835    (1)    3 :  0.296 0.139 0.064 0.112 0.088 0.172 0.073 0.055 
170 NS_SS0742   (18)    3 :  0.049 0.134 0.076 0.266 0.096 0.093 0.179 0.106 
171 NS_SS0760    (9)    3 :  0.224 0.079 0.093 0.075 0.099 0.193 0.171 0.066 
172 NS_SS0803    (4)    3 :  0.037 0.045 0.060 0.313 0.369 0.049 0.074 0.053 
173 NS_SS0828   (13)    3 :  0.075 0.074 0.088 0.120 0.084 0.191 0.150 0.217 
174 NS_SS0865    (2)    3 :  0.101 0.199 0.042 0.110 0.147 0.094 0.083 0.224 
175 NS_SS0759    (4)    3 :  0.041 0.074 0.214 0.104 0.078 0.137 0.191 0.161 
176 NS_SS0851    (5)    3 :  0.069 0.094 0.137 0.034 0.094 0.064 0.077 0.431 
177 NS_SS0874   (16)    3 :  0.048 0.066 0.114 0.141 0.266 0.063 0.223 0.078 
178 NS_SS0761    (6)    3 :  0.212 0.108 0.041 0.067 0.162 0.086 0.185 0.139 
179 NS_SS0842   (25)    3 :  0.206 0.074 0.142 0.096 0.134 0.116 0.138 0.094 
180 NS_SS0785    (6)    3 :  0.154 0.075 0.070 0.194 0.183 0.098 0.112 0.113 
181 NS_SS0860   (11)    3 :  0.307 0.092 0.071 0.100 0.103 0.128 0.141 0.058 
182 NS_SS0897    (7)    3 :  0.295 0.051 0.069 0.084 0.076 0.140 0.143 0.143 
183 NS_SS0841   (14)    3 :  0.061 0.069 0.177 0.078 0.130 0.120 0.109 0.255 
184 NS_SS0797    (6)    3 :  0.158 0.124 0.044 0.053 0.132 0.170 0.105 0.214 
185 NS_SS0830   (10)    3 :  0.126 0.134 0.070 0.094 0.121 0.139 0.122 0.195 
186 NS_SS1011    (5)    3 :  0.059 0.247 0.071 0.098 0.213 0.113 0.080 0.119 
187 NS_SS0883    (5)    3 :  0.081 0.064 0.050 0.167 0.100 0.194 0.173 0.170 
188 NS_SS0782    (2)    3 :  0.185 0.065 0.186 0.180 0.129 0.086 0.062 0.107 
189 NS_SS0831    (5)    3 :  0.222 0.066 0.058 0.087 0.074 0.077 0.177 0.239 
190 NS_SS0749    (7)    3 :  0.115 0.098 0.095 0.170 0.058 0.106 0.150 0.207 
191 NS_SS0854    (2)    3 :  0.114 0.068 0.170 0.271 0.099 0.087 0.096 0.096 
192 HI_SS0193    (0)    4 :  0.214 0.128 0.178 0.103 0.059 0.053 0.083 0.182 
193 HI_SS0194    (0)    4 :  0.094 0.209 0.345 0.050 0.066 0.041 0.131 0.065 
194 HI_SS0195    (9)    4 :  0.034 0.199 0.139 0.100 0.054 0.098 0.084 0.292 
195 HI_SS0196    (6)    4 :  0.113 0.072 0.214 0.190 0.072 0.107 0.150 0.081 
196 HI_SS0197    (3)    4 :  0.065 0.492 0.087 0.063 0.057 0.103 0.086 0.046 
197 HI_SS0198    (1)    4 :  0.124 0.092 0.063 0.164 0.065 0.130 0.136 0.226 
198 HI_SS0199    (1)    4 :  0.181 0.062 0.117 0.267 0.094 0.144 0.047 0.088 
199 HI_SS0201    (4)    4 :  0.206 0.089 0.026 0.094 0.145 0.171 0.127 0.141 
200 HI_SS0215    (1)    4 :  0.236 0.139 0.035 0.073 0.125 0.173 0.125 0.095 
201 HI_SS0218    (1)    4 :  0.325 0.041 0.086 0.085 0.079 0.165 0.048 0.172 
202 HI_SS0222    (0)    4 :  0.106 0.148 0.148 0.161 0.040 0.076 0.112 0.209 
203 HI_SS0230    (1)    4 :  0.064 0.181 0.085 0.042 0.089 0.287 0.200 0.051 
204 HI_SS0234    (1)    4 :  0.088 0.180 0.101 0.272 0.143 0.093 0.081 0.042 
205 HI_SS0240    (1)    4 :  0.075 0.083 0.169 0.324 0.054 0.130 0.040 0.126 
206 HI_SS0241    (0)    4 :  0.167 0.103 0.050 0.089 0.101 0.306 0.083 0.101 
207 HI_SS0242    (0)    4 :  0.159 0.098 0.076 0.103 0.183 0.111 0.098 0.172 
208 HI_SS0247    (0)    4 :  0.079 0.146 0.073 0.062 0.270 0.064 0.201 0.105 
209 HI_SS0248    (1)    4 :  0.215 0.037 0.162 0.208 0.097 0.068 0.163 0.050 
210 HI_SS0252    (2)    4 :  0.066 0.060 0.229 0.159 0.113 0.063 0.155 0.155 
211 HI_SS0254    (1)    4 :  0.148 0.231 0.074 0.109 0.135 0.162 0.086 0.056 
212 HI_SS0256    (0)    4 :  0.023 0.136 0.163 0.110 0.289 0.108 0.054 0.118 
213 HI_SS0257    (0)    4 :  0.230 0.140 0.055 0.138 0.188 0.074 0.141 0.033 
214 HI_SS0258    (1)    4 :  0.269 0.066 0.091 0.107 0.126 0.130 0.122 0.091 
215 HI_SS0259    (1)    4 :  0.066 0.255 0.176 0.100 0.063 0.123 0.081 0.136 
216 HI_SS0260    (1)    4 :  0.228 0.082 0.162 0.179 0.070 0.145 0.065 0.068 
217 HI_SS0261    (2)    4 :  0.162 0.242 0.126 0.060 0.200 0.076 0.079 0.056 
218 HI_SS0262    (0)    4 :  0.093 0.105 0.085 0.168 0.099 0.134 0.071 0.246 
219 HI_SS0264    (1)    4 :  0.100 0.179 0.160 0.040 0.103 0.152 0.140 0.127 
220 HI_SS0265    (0)    4 :  0.079 0.207 0.079 0.066 0.102 0.168 0.067 0.232 
221 HI_SS0268    (1)    4 :  0.074 0.171 0.127 0.070 0.034 0.275 0.149 0.100 
222 HI_SS0269    (1)    4 :  0.290 0.141 0.044 0.257 0.083 0.056 0.092 0.037 
223 HI_SS0273    (0)    4 :  0.243 0.095 0.056 0.078 0.237 0.134 0.056 0.101 
224 HI_SS0277    (1)    4 :  0.074 0.362 0.036 0.107 0.136 0.079 0.122 0.084 
225 HI_SS0280    (0)    4 :  0.108 0.107 0.138 0.129 0.046 0.128 0.087 0.257 
226 HI_SS0282    (1)    4 :  0.176 0.067 0.071 0.182 0.168 0.051 0.157 0.129 
227 HI_SS0286    (1)    4 :  0.101 0.110 0.043 0.195 0.053 0.119 0.221 0.159 
228 NS_SS1252    (3)    5 :  0.303 0.042 0.054 0.108 0.112 0.104 0.212 0.065 
229 NS_SS1261    (1)    5 :  0.086 0.140 0.069 0.216 0.109 0.089 0.215 0.076 
230 NS_SS1225    (9)    5 :  0.113 0.087 0.054 0.077 0.307 0.158 0.147 0.057 
231 NS_SS1266    (1)    5 :  0.042 0.073 0.083 0.097 0.426 0.089 0.078 0.112 
232 NS_SS1228    (0)    5 :  0.085 0.096 0.078 0.119 0.072 0.101 0.054 0.396 
233 NS_SS1255    (2)    5 :  0.148 0.065 0.407 0.125 0.098 0.041 0.063 0.054 
234 NS_SS1267    (3)    5 :  0.355 0.076 0.041 0.099 0.043 0.174 0.111 0.101 
235 NS_SS1238    (6)    5 :  0.145 0.198 0.126 0.073 0.054 0.071 0.189 0.143 
236 NS_SS1233    (8)    5 :  0.050 0.085 0.157 0.029 0.370 0.060 0.173 0.075 
237 NS_SS1277    (3)    5 :  0.260 0.070 0.177 0.172 0.057 0.074 0.050 0.141 
238 NS_SS1245    (1)    5 :  0.138 0.110 0.152 0.120 0.130 0.071 0.229 0.050 
239 NS_SS1240    (4)    5 :  0.296 0.125 0.071 0.129 0.055 0.131 0.151 0.040 
240 NS_SS1275    (2)    5 :  0.044 0.325 0.089 0.062 0.159 0.071 0.059 0.190 
241 NS_SS1235    (1)    5 :  0.074 0.122 0.224 0.214 0.182 0.080 0.068 0.036 
242 NS_SS1263    (1)    5 :  0.045 0.065 0.273 0.089 0.209 0.050 0.194 0.075 
243 NS_SS1251    (1)    5 :  0.081 0.137 0.159 0.078 0.280 0.084 0.106 0.076 
244 NS_SS1248    (0)    5 :  0.079 0.085 0.057 0.035 0.082 0.134 0.155 0.372 
245 NS_SS1244    (0)    5 :  0.063 0.271 0.036 0.128 0.176 0.084 0.153 0.089 
246 NS_SS1257    (0)    5 :  0.222 0.071 0.107 0.134 0.085 0.170 0.108 0.104 
247 NS_SS1242    (2)    5 :  0.073 0.105 0.262 0.059 0.170 0.095 0.089 0.147 
248 NS_SS1271    (6)    5 :  0.323 0.095 0.038 0.222 0.053 0.092 0.061 0.117 
249 NS_SS1265    (1)    5 :  0.253 0.115 0.104 0.040 0.121 0.101 0.203 0.064 
250 NS_SS1243    (0)    5 :  0.066 0.056 0.200 0.085 0.055 0.132 0.172 0.235 
251 NS_SS1273    (1)    5 :  0.079 0.092 0.285 0.059 0.220 0.105 0.048 0.113 
252 NS_SS1254   (14)    5 :  0.059 0.062 0.129 0.089 0.332 0.133 0.129 0.067 
253 NS_SS1224    (1)    5 :  0.072 0.085 0.105 0.082 0.263 0.076 0.049 0.269 
254 NS_SS1227    (8)    5 :  0.151 0.179 0.069 0.103 0.055 0.309 0.089 0.044 
255 NS_SS1274    (8)    5 :  0.129 0.081 0.132 0.178 0.082 0.105 0.191 0.103 
256 NS_SS1241    (1)    5 :  0.176 0.094 0.058 0.129 0.219 0.112 0.084 0.128 
257 NS_SS1256    (3)    5 :  0.177 0.167 0.085 0.052 0.291 0.102 0.072 0.053 
258 NS_SS1260    (8)    5 :  0.174 0.070 0.059 0.243 0.094 0.179 0.100 0.082 
259 NS_SS1262    (0)    5 :  0.153 0.113 0.043 0.102 0.251 0.124 0.078 0.136 
260 NS_SS1230    (0)    5 :  0.175 0.097 0.146 0.054 0.172 0.159 0.083 0.114 
261 NS_SS1270    (2)    5 :  0.063 0.096 0.057 0.045 0.211 0.096 0.208 0.223 
262 NS_SS1229    (2)    5 :  0.046 0.209 0.180 0.236 0.120 0.049 0.127 0.033 
263 NS_SS1246    (5)    5 :  0.181 0.217 0.104 0.217 0.046 0.045 0.130 0.061 
264 NS_SS1269    (0)    5 :  0.088 0.093 0.132 0.101 0.161 0.174 0.087 0.164 
265 NS_SS1239    (1)    5 :  0.053 0.063 0.121 0.322 0.055 0.073 0.054 0.260 
266 NS_SS1272    (4)    5 :  0.089 0.404 0.062 0.055 0.138 0.115 0.070 0.066 
267 NS_SS1268    (1)    5 :  0.078 0.050 0.085 0.050 0.172 0.097 0.107 0.361 
268 NS_SS1249    (0)    5 :  0.296 0.062 0.078 0.178 0.094 0.112 0.107 0.073 
269 HI_SS0559    (0)    6 :  0.110 0.042 0.142 0.107 0.097 0.199 0.093 0.209 
270 HI_SS0563    (1)    6 :  0.118 0.147 0.063 0.250 0.163 0.081 0.083 0.094 
271 HI_SS0564    (0)    6 :  0.082 0.193 0.110 0.132 0.091 0.079 0.179 0.134 
272 HI_SS0565    (0)    6 :  0.140 0.220 0.069 0.089 0.094 0.161 0.171 0.056 
273 HI_SS0569    (0)    6 :  0.118 0.097 0.035 0.065 0.153 0.148 0.331 0.053 
274 HI_SS0570    (0)    6 :  0.235 0.136 0.116 0.119 0.043 0.086 0.153 0.113 
275 HI_SS0572    (1)    6 :  0.058 0.127 0.247 0.207 0.090 0.101 0.101 0.068 
276 HI_SS0576    (0)    6 :  0.068 0.135 0.154 0.097 0.083 0.101 0.109 0.253 
277 HI_SS0579    (1)    6 :  0.140 0.052 0.075 0.193 0.256 0.116 0.112 0.057 
278 HI_SS0580    (1)    6 :  0.226 0.057 0.161 0.139 0.098 0.124 0.074 0.122 
279 HI_SS0581    (0)    6 :  0.041 0.265 0.089 0.064 0.078 0.101 0.093 0.269 
280 HI_SS0583    (1)    6 :  0.190 0.072 0.154 0.101 0.104 0.132 0.206 0.042 
281 HI_SS0586    (1)    6 :  0.289 0.062 0.062 0.055 0.051 0.185 0.180 0.116 
282 HI_SS0588    (1)    6 :  0.106 0.061 0.074 0.096 0.170 0.227 0.200 0.065 
283 HI_SS0595    (4)    6 :  0.200 0.292 0.093 0.063 0.086 0.167 0.046 0.052 
284 HI_SS0596    (0)    6 :  0.078 0.063 0.376 0.152 0.105 0.092 0.063 0.072 
285 HI_SS0597    (1)    6 :  0.070 0.189 0.251 0.097 0.102 0.058 0.186 0.045 
286 HI_SS0600    (0)    6 :  0.126 0.183 0.055 0.257 0.086 0.118 0.066 0.110 
287 HI_SS0601    (1)    6 :  0.073 0.160 0.026 0.141 0.202 0.137 0.168 0.093 
288 HI_SS0602    (1)    6 :  0.104 0.052 0.099 0.045 0.046 0.367 0.159 0.129 
289 HI_SS0604    (0)    6 :  0.071 0.065 0.177 0.079 0.107 0.077 0.306 0.118 
290 HI_SS0605    (1)    6 :  0.113 0.057 0.053 0.164 0.068 0.148 0.120 0.277 
291 HI_SS0608    (0)    6 :  0.108 0.099 0.222 0.069 0.056 0.190 0.128 0.129 
292 HI_SS0609    (0)    6 :  0.074 0.133 0.132 0.103 0.293 0.116 0.083 0.065 
293 HI_SS0611    (5)    6 :  0.222 0.050 0.070 0.092 0.046 0.149 0.171 0.200 
294 HI_SS0612    (1)    6 :  0.126 0.067 0.056 0.229 0.381 0.055 0.055 0.031 
295 HI_SS0613    (1)    6 :  0.108 0.060 0.084 0.071 0.093 0.126 0.119 0.339 
296 HI_SS0615    (0)    6 :  0.038 0.136 0.183 0.195 0.067 0.150 0.082 0.148 
297 HI_SS0001    (1)    6 :  0.200 0.146 0.210 0.107 0.104 0.095 0.061 0.078 
298 HI_SS0002    (1)    6 :  0.050 0.135 0.165 0.066 0.254 0.196 0.066 0.068 
299 HI_SS0004    (0)    6 :  0.174 0.075 0.180 0.079 0.057 0.174 0.147 0.114 
300 HI_SS0005    (1)    6 :  0.073 0.118 0.076 0.061 0.085 0.175 0.070 0.342 
301 HI_SS0006    (1)    6 :  0.227 0.121 0.069 0.119 0.213 0.059 0.130 0.062 
302 HI_SS0007    (1)    6 :  0.246 0.040 0.082 0.126 0.045 0.052 0.076 0.332 
303 HI_SS0008    (0)    6 :  0.072 0.192 0.062 0.078 0.097 0.254 0.120 0.125 
304 HI_SS0009    (0)    6 :  0.058 0.040 0.177 0.174 0.067 0.150 0.117 0.217 
305 HI_SS0010    (1)    6 :  0.119 0.096 0.085 0.089 0.088 0.229 0.173 0.121 
306 HI_SS0011    (1)    6 :  0.078 0.205 0.078 0.031 0.321 0.076 0.087 0.125 
307 HI_SS0012    (0)    6 :  0.027 0.177 0.044 0.324 0.064 0.206 0.076 0.081 
308 HI_SS0017    (1)    6 :  0.089 0.136 0.371 0.084 0.077 0.060 0.076 0.107 
309 HI_SS0021    (1)    6 :  0.230 0.144 0.095 0.063 0.090 0.230 0.079 0.068 
310 HI_SS0024    (1)    6 :  0.077 0.214 0.156 0.148 0.061 0.071 0.053 0.219 
311 HI_SS0025    (1)    6 :  0.085 0.061 0.291 0.095 0.139 0.086 0.098 0.144 
312 HI_SS0027    (0)    6 :  0.116 0.047 0.075 0.120 0.129 0.168 0.218 0.128 
313 HI_SS0028    (0)    6 :  0.037 0.224 0.127 0.039 0.065 0.252 0.062 0.193 
314 HI_SS0029    (1)    6 :  0.184 0.124 0.210 0.167 0.049 0.102 0.051 0.112 
315 HI_SS0030    (2)    6 :  0.135 0.112 0.101 0.156 0.125 0.086 0.117 0.168 
316 HI_SS0031    (0)    6 :  0.063 0.207 0.071 0.178 0.151 0.229 0.050 0.052 
317 HI_SS0034    (0)    6 :  0.186 0.064 0.083 0.155 0.129 0.083 0.222 0.078 
318 HI_SS0036    (0)    6 :  0.261 0.211 0.054 0.073 0.035 0.134 0.064 0.167 
319 HI_SS0037    (1)    6 :  0.173 0.044 0.079 0.045 0.088 0.265 0.206 0.100 
320 HI_SS0039    (0)    6 :  0.255 0.113 0.061 0.053 0.075 0.116 0.045 0.283 
321 HI_SS0041    (1)    6 :  0.069 0.112 0.143 0.103 0.053 0.099 0.106 0.315 
322 HI_SS0042    (1)    6 :  0.062 0.212 0.178 0.077 0.148 0.100 0.113 0.111 
323 HI_SS0043    (1)    6 :  0.214 0.162 0.035 0.102 0.045 0.136 0.246 0.061 
324 HI_SS0044    (1)    6 :  0.218 0.081 0.272 0.166 0.052 0.092 0.048 0.072 
325 HI_SS0047    (1)    6 :  0.070 0.105 0.198 0.112 0.108 0.108 0.158 0.141 
326 HI_SS0049    (0)    6 :  0.072 0.063 0.302 0.056 0.130 0.146 0.149 0.082 
327 HI_SS0051    (1)    6 :  0.080 0.054 0.047 0.101 0.168 0.116 0.164 0.271 
328 HI_SS0053    (1)    6 :  0.212 0.228 0.061 0.077 0.070 0.121 0.161 0.069 
329 HI_SS0054    (4)    6 :  0.213 0.077 0.038 0.071 0.171 0.081 0.213 0.136 
330 HI_SS0057    (0)    6 :  0.088 0.160 0.140 0.050 0.072 0.059 0.255 0.176 
331 HI_SS0058    (0)    6 :  0.184 0.051 0.145 0.071 0.122 0.166 0.179 0.084 
332 HI_SS0060    (0)    6 :  0.048 0.172 0.034 0.102 0.118 0.208 0.153 0.165 
333 HI_SS0087    (1)    6 :  0.103 0.199 0.091 0.088 0.122 0.105 0.222 0.071 
334 HI_SS0091    (0)    6 :  0.279 0.195 0.046 0.099 0.102 0.119 0.113 0.047 
335 HI_SS0095    (1)    6 :  0.117 0.142 0.049 0.221 0.116 0.155 0.099 0.100 
336 HI_SS0097    (3)    6 :  0.047 0.060 0.040 0.196 0.280 0.103 0.222 0.054 
337 HI_SS0099    (0)    6 :  0.124 0.082 0.244 0.060 0.076 0.208 0.079 0.128 
338 HI_SS0103    (0)    6 :  0.117 0.147 0.216 0.207 0.100 0.047 0.093 0.073 
339 HI_SS0105    (1)    6 :  0.080 0.259 0.048 0.112 0.139 0.120 0.121 0.121 
340 HI_SS0107    (1)    6 :  0.052 0.167 0.291 0.197 0.081 0.043 0.084 0.085 
341 HI_SS0108    (1)    6 :  0.359 0.069 0.054 0.109 0.074 0.061 0.207 0.067 
342 HI_SS0110    (0)    6 :  0.151 0.312 0.076 0.156 0.106 0.082 0.061 0.056 
343 HI_SS0111    (1)    6 :  0.094 0.166 0.067 0.231 0.067 0.150 0.107 0.118 
344 HI_SS0112    (0)    6 :  0.290 0.116 0.069 0.156 0.049 0.109 0.150 0.061 
345 HI_SS0113    (1)    6 :  0.055 0.194 0.259 0.064 0.154 0.076 0.098 0.100 
346 HI_SS0114    (1)    6 :  0.140 0.077 0.049 0.092 0.096 0.207 0.210 0.128 
347 HI_SS0115    (1)    6 :  0.082 0.039 0.156 0.272 0.088 0.188 0.092 0.082 
348 HI_SS0116    (4)    6 :  0.230 0.063 0.227 0.169 0.045 0.091 0.137 0.038 
349 HI_SS0117    (0)    6 :  0.210 0.265 0.049 0.062 0.236 0.087 0.054 0.039 
350 HI_SS0118    (0)    6 :  0.197 0.128 0.120 0.103 0.175 0.106 0.116 0.056 
351 HI_SS0119    (1)    6 :  0.111 0.224 0.034 0.177 0.109 0.076 0.180 0.089 
352 HI_SS0120    (1)    6 :  0.053 0.287 0.341 0.073 0.073 0.033 0.081 0.059 
353 HI_SS0121    (1)    6 :  0.058 0.286 0.050 0.045 0.164 0.129 0.092 0.177 
354 HI_SS0122    (2)    6 :  0.119 0.178 0.081 0.113 0.122 0.130 0.105 0.152 
355 HI_SS0123    (0)    6 :  0.124 0.191 0.093 0.178 0.179 0.085 0.086 0.064 
356 HI_SS0124    (1)    6 :  0.047 0.062 0.314 0.154 0.077 0.139 0.073 0.136 
357 HI_SS0125    (1)    6 :  0.048 0.162 0.121 0.195 0.070 0.152 0.081 0.171 
358 HI_SS0126    (0)    6 :  0.372 0.090 0.193 0.075 0.096 0.065 0.041 0.069 
359 HI_SS0127    (0)    6 :  0.060 0.077 0.067 0.060 0.129 0.160 0.179 0.268 
360 HI_SS0128    (0)    6 :  0.109 0.179 0.200 0.112 0.182 0.092 0.072 0.056 
361 HI_SS0129    (1)    6 :  0.165 0.137 0.113 0.086 0.056 0.140 0.135 0.167 
362 HI_SS0131    (2)    6 :  0.128 0.062 0.041 0.047 0.164 0.270 0.166 0.121 
363 HI_SS0132    (0)    6 :  0.126 0.273 0.061 0.129 0.129 0.102 0.076 0.104 
364 HI_SS0133    (1)    6 :  0.407 0.089 0.104 0.088 0.063 0.065 0.088 0.095 
365 HI_SS0134    (1)    6 :  0.148 0.139 0.102 0.120 0.167 0.102 0.131 0.091 
366 HI_SS0142    (3)    6 :  0.063 0.171 0.038 0.172 0.204 0.176 0.078 0.097 
367 HI_SS0145    (0)    6 :  0.139 0.063 0.107 0.172 0.215 0.148 0.098 0.058 
368 HI_SS0146    (1)    6 :  0.195 0.055 0.071 0.191 0.173 0.113 0.059 0.143 
369 HI_SS0147    (1)    6 :  0.095 0.090 0.072 0.071 0.183 0.056 0.106 0.326 
370 HI_SS0149    (1)    6 :  0.142 0.344 0.054 0.040 0.228 0.077 0.052 0.064 
371 HI_SS0150    (2)    6 :  0.042 0.121 0.170 0.108 0.085 0.144 0.114 0.216 
372 HI_SS0151    (0)    6 :  0.100 0.045 0.128 0.334 0.075 0.072 0.106 0.139 
373 NS_SS1451    (1)    6 :  0.043 0.124 0.186 0.197 0.064 0.101 0.058 0.226 
374 NS_SS1404    (0)    6 :  0.118 0.110 0.123 0.060 0.092 0.087 0.058 0.351 
375 NS_SS1432    (2)    6 :  0.055 0.312 0.230 0.098 0.046 0.111 0.058 0.090 
376 NS_SS1405    (4)    6 :  0.165 0.067 0.235 0.111 0.113 0.152 0.067 0.090 
377 NS_SS1431   (10)    6 :  0.058 0.279 0.233 0.073 0.067 0.060 0.118 0.112 
378 NS_SS1402    (3)    6 :  0.121 0.165 0.094 0.192 0.129 0.107 0.106 0.086 
379 NS_SS1450    (3)    6 :  0.179 0.089 0.192 0.112 0.043 0.107 0.137 0.141 
380 NS_SS1396    (0)    6 :  0.081 0.100 0.099 0.124 0.112 0.189 0.164 0.132 
381 NS_SS1393    (5)    6 :  0.106 0.065 0.084 0.226 0.057 0.149 0.212 0.102 
382 NS_SS1392   (10)    6 :  0.067 0.095 0.242 0.194 0.042 0.105 0.072 0.184 
383 NS_SS1445    (0)    6 :  0.179 0.138 0.048 0.038 0.120 0.209 0.157 0.112 
384 NS_SS1423    (0)    6 :  0.135 0.235 0.136 0.164 0.089 0.102 0.095 0.045 
385 NS_SS1421    (9)    6 :  0.111 0.197 0.079 0.155 0.105 0.075 0.198 0.080 
386 NS_SS1411    (6)    6 :  0.146 0.042 0.071 0.055 0.047 0.084 0.287 0.270 
387 NS_SS1453    (5)    6 :  0.200 0.221 0.050 0.146 0.067 0.109 0.127 0.081 
388 NS_SS1442    (2)    6 :  0.078 0.056 0.122 0.127 0.131 0.094 0.322 0.070 
389 NS_SS1422    (1)    6 :  0.098 0.094 0.099 0.321 0.194 0.051 0.084 0.059 
390 NS_SS1419    (1)    6 :  0.053 0.063 0.072 0.070 0.254 0.076 0.265 0.147 
391 NS_SS1427    (0)    6 :  0.277 0.105 0.129 0.187 0.033 0.128 0.080 0.061 
392 NS_SS1444    (3)    6 :  0.069 0.053 0.143 0.056 0.157 0.232 0.137 0.152 
393 NS_SS1455    (0)    6 :  0.073 0.106 0.276 0.148 0.169 0.068 0.109 0.051 
394 NS_SS1425    (2)    6 :  0.204 0.070 0.045 0.083 0.074 0.123 0.339 0.061 
395 NS_SS1400    (0)    6 :  0.235 0.061 0.099 0.054 0.176 0.103 0.174 0.098 
396 NS_SS1406    (1)    6 :  0.036 0.225 0.109 0.092 0.286 0.087 0.111 0.055 
397 NS_SS1417    (6)    6 :  0.173 0.116 0.157 0.055 0.186 0.066 0.130 0.118 
398 NS_SS1454    (2)    6 :  0.199 0.235 0.075 0.036 0.101 0.117 0.130 0.107 
399 NS_SS1412    (1)    6 :  0.173 0.096 0.162 0.078 0.072 0.113 0.128 0.179 
400 NS_SS1438    (1)    6 :  0.174 0.073 0.033 0.123 0.092 0.101 0.307 0.097 
401 NS_SS1416    (4)    6 :  0.135 0.126 0.115 0.164 0.088 0.094 0.137 0.141 
402 NS_SS1401    (0)    6 :  0.093 0.213 0.072 0.149 0.109 0.143 0.167 0.055 
403 NS_SS1424    (6)    6 :  0.176 0.197 0.064 0.130 0.110 0.096 0.084 0.144 
404 NS_SS1435    (9)    6 :  0.098 0.147 0.180 0.086 0.032 0.243 0.058 0.157 
405 NS_SS1447    (4)    6 :  0.048 0.098 0.134 0.067 0.116 0.087 0.274 0.176 
406 NS_SS1414    (3)    6 :  0.074 0.062 0.198 0.034 0.179 0.116 0.112 0.224 
407 NS_SS1449   (14)    6 :  0.059 0.158 0.076 0.367 0.067 0.066 0.124 0.083 
408 NS_SS1443    (4)    6 :  0.191 0.077 0.101 0.215 0.132 0.142 0.098 0.044 
409 NS_SS1434    (1)    6 :  0.137 0.058 0.271 0.233 0.082 0.060 0.111 0.048 
410 NS_SS1398    (1)    6 :  0.082 0.131 0.243 0.086 0.057 0.137 0.147 0.117 
411 NS_SS1426    (1)    6 :  0.246 0.113 0.078 0.130 0.078 0.151 0.108 0.096 
412 NS_SS1413    (0)    6 :  0.254 0.070 0.230 0.050 0.134 0.077 0.120 0.064 
413 NS_SS1395    (1)    6 :  0.131 0.145 0.061 0.161 0.051 0.244 0.159 0.046 
414 NS_SS1448   (10)    6 :  0.176 0.092 0.148 0.055 0.056 0.123 0.073 0.276 
415 NS_SS1446    (0)    6 :  0.188 0.152 0.069 0.173 0.090 0.129 0.109 0.091 
416 NS_SS1403    (2)    6 :  0.068 0.291 0.097 0.115 0.064 0.192 0.115 0.059 
417 NS_SS1415    (0)    6 :  0.242 0.070 0.111 0.123 0.086 0.147 0.094 0.127 
418 NS_SS1437    (4)    6 :  0.100 0.291 0.085 0.049 0.110 0.171 0.085 0.108 
419 NS_SS1439    (2)    6 :  0.079 0.091 0.069 0.165 0.202 0.182 0.132 0.080 
420 NS_SS1441    (3)    6 :  0.146 0.091 0.146 0.106 0.134 0.208 0.126 0.042 
421 NS_SS1420    (2)    6 :  0.061 0.043 0.084 0.124 0.044 0.090 0.069 0.485 
422 NS_SS1394    (2)    6 :  0.044 0.121 0.137 0.081 0.047 0.250 0.105 0.215 
423 NS_SS1391    (7)    6 :  0.182 0.124 0.285 0.086 0.057 0.112 0.099 0.056 
424 NS_SS1410    (5)    6 :  0.152 0.176 0.095 0.154 0.088 0.112 0.155 0.068 
425 NS_SS1408    (1)    6 :  0.076 0.227 0.067 0.112 0.124 0.145 0.122 0.125 
426 NS_SS1409    (1)    6 :  0.182 0.076 0.233 0.176 0.094 0.091 0.098 0.051 
427 HI_SS0617    (1)    7 :  0.235 0.063 0.131 0.281 0.064 0.061 0.043 0.123 
428 HI_SS0618    (2)    7 :  0.055 0.072 0.152 0.298 0.057 0.113 0.137 0.116 
429 HI_SS0619    (0)    7 :  0.147 0.076 0.213 0.058 0.085 0.247 0.069 0.106 
430 HI_SS0620    (1)    7 :  0.220 0.028 0.044 0.188 0.057 0.133 0.106 0.223 
431 HI_SS0621    (3)    7 :  0.081 0.131 0.093 0.169 0.165 0.156 0.080 0.125 
432 HI_SS0622    (1)    7 :  0.137 0.076 0.099 0.065 0.253 0.134 0.070 0.165 
433 HI_SS0626    (0)    7 :  0.069 0.131 0.066 0.042 0.052 0.215 0.113 0.314 
434 HI_SS0627    (0)    7 :  0.065 0.301 0.133 0.072 0.058 0.091 0.191 0.090 
435 HI_SS0628    (3)    7 :  0.232 0.200 0.099 0.048 0.062 0.157 0.096 0.106 
436 HI_SS0629    (1)    7 :  0.147 0.135 0.060 0.096 0.139 0.237 0.089 0.098 
437 HI_SS0630    (1)    7 :  0.146 0.053 0.103 0.164 0.075 0.167 0.135 0.156 
438 HI_SS0631    (0)    7 :  0.142 0.087 0.071 0.156 0.072 0.148 0.153 0.170 
439 HI_SS0632    (0)    7 :  0.105 0.097 0.080 0.077 0.110 0.086 0.252 0.193 
440 HI_SS0633    (0)    7 :  0.097 0.051 0.296 0.156 0.103 0.120 0.111 0.067 
441 HI_SS0634    (1)    7 :  0.154 0.201 0.077 0.099 0.076 0.107 0.080 0.206 
442 HI_SS0635    (0)    7 :  0.054 0.118 0.146 0.050 0.139 0.219 0.093 0.181 
443 HI_SS0637    (1)    7 :  0.101 0.112 0.037 0.067 0.199 0.104 0.205 0.174 
444 HI_SS0638    (0)    7 :  0.137 0.111 0.204 0.110 0.112 0.088 0.117 0.122 
445 HI_SS0639    (1)    7 :  0.053 0.129 0.093 0.143 0.110 0.197 0.062 0.213 
446 HI_SS0640    (1)    7 :  0.079 0.093 0.146 0.099 0.138 0.189 0.169 0.088 
447 HI_SS0641    (1)    7 :  0.149 0.050 0.078 0.059 0.071 0.267 0.158 0.168 
448 HI_SS0642    (0)    7 :  0.052 0.390 0.084 0.139 0.066 0.084 0.096 0.089 
449 HI_SS0645    (0)    7 :  0.048 0.051 0.188 0.137 0.084 0.075 0.093 0.324 
450 HI_SS0646    (1)    7 :  0.112 0.132 0.168 0.164 0.187 0.101 0.065 0.071 
451 HI_SS0647    (1)    7 :  0.121 0.187 0.264 0.040 0.130 0.073 0.086 0.100 
452 HI_SS0648    (0)    7 :  0.136 0.104 0.161 0.105 0.115 0.130 0.104 0.145 
453 HI_SS0649    (1)    7 :  0.081 0.079 0.135 0.181 0.098 0.166 0.201 0.059 
454 HI_SS0650    (1)    7 :  0.053 0.092 0.279 0.215 0.051 0.107 0.119 0.084 
455 HI_SS0651    (1)    7 :  0.068 0.085 0.126 0.185 0.115 0.212 0.109 0.101 
456 HI_SS0652    (1)    7 :  0.058 0.060 0.173 0.046 0.067 0.125 0.092 0.378 
457 NS_SS1371    (3)    7 :  0.107 0.215 0.074 0.217 0.078 0.196 0.067 0.045 
458 NS_SS1374    (0)    7 :  0.244 0.223 0.079 0.053 0.062 0.095 0.074 0.171 
459 NS_SS1337    (3)    7 :  0.067 0.197 0.079 0.055 0.125 0.095 0.049 0.333 
460 NS_SS1385    (5)    7 :  0.110 0.111 0.187 0.169 0.152 0.109 0.076 0.085 
461 NS_SS1388    (0)    7 :  0.108 0.098 0.220 0.055 0.086 0.210 0.141 0.082 
462 NS_SS1370    (1)    7 :  0.034 0.069 0.031 0.163 0.067 0.067 0.115 0.455 
463 NS_SS1389    (3)    7 :  0.108 0.105 0.257 0.049 0.062 0.146 0.112 0.163 
464 NS_SS1360    (1)    7 :  0.104 0.060 0.062 0.103 0.094 0.236 0.232 0.109 
465 NS_SS1330    (0)    7 :  0.050 0.067 0.158 0.173 0.150 0.120 0.084 0.199 
466 NS_SS1328    (8)    7 :  0.238 0.122 0.250 0.105 0.092 0.073 0.066 0.054 
467 NS_SS1384    (1)    7 :  0.095 0.199 0.041 0.098 0.143 0.194 0.090 0.139 
468 NS_SS1381    (0)    7 :  0.041 0.059 0.328 0.228 0.134 0.052 0.085 0.073 
469 NS_SS1375    (1)    7 :  0.096 0.101 0.299 0.127 0.040 0.122 0.046 0.169 
470 NS_SS1319   (10)    7 :  0.104 0.175 0.071 0.142 0.097 0.189 0.080 0.141 
471 NS_SS1326    (2)    7 :  0.254 0.082 0.170 0.090 0.056 0.162 0.129 0.057 
472 NS_SS1341    (1)    7 :  0.104 0.236 0.041 0.097 0.076 0.081 0.315 0.050 
473 NS_SS1383    (1)    7 :  0.083 0.365 0.039 0.102 0.072 0.117 0.074 0.149 
