   NS_SS0963  1 0.1882 0.4802 0.1762 0.1554 
   NS_SS0983  1 0.2327 0.1891 0.0969 0.4813 
   NS_SS0719  1 0.2752 0.2850 0.1881 0.2517 
   NS_SS1001  1 0.2835 0.1537 0.4387 0.1241 
   NS_SS0936  1 0.1015 0.3879 0.3707 0.1399 
   NS_SS0955  1 0.2474 0.3583 0.1039 0.2903 
   NS_SS0944  1 0.2384 0.3176 0.2051 0.2389 
   NS_SS0945  1 0.2007 0.1305 0.4061 0.2627 
   NS_SS0922  1 0.2270 0.1843 0.4655 0.1232 
   NS_SS0929  1 0.2137 0.3152 0.1514 0.3198 
   NS_SS0956  1 0.4735 0.1467 0.2694 0.1103 
   NS_SS0906  1 0.2234 0.3542 0.1486 0.2738 
   NS_SS0721  1 0.5183 0.1599 0.1473 0.1745 
   NS_SS0982  1 0.2430 0.4426 0.1729 0.1415 
   NS_SS0923  1 0.2563 0.3031 0.2576 0.1831 
   NS_SS0905  1 0.3561 0.2211 0.1879 0.2349 
   NS_SS0925  1 0.2720 0.3738 0.2388 0.1155 
   NS_SS0947  1 0.1651 0.3266 0.3445 0.1639 
   NS_SS0926  1 0.2009 0.2660 0.1151 0.4181 
   NS_SS0918  1 0.3709 0.3760 0.1568 0.0963 
   NS_SS0966  1 0.2351 0.4041 0.2012 0.1595 
   NS_SS0938  1 0.1190 0.2453 0.4910 0.1447 
   NS_SS0917  1 0.1659 0.1926 0.2311 0.4105 
   NS_SS0957  1 0.4173 0.2118 0.1628 0.2082 
   NS_SS0987  1 0.6024 0.1519 0.1018 0.1439 
   NS_SS0717  1 0.3435 0.1666 0.3726 0.1173 
   NS_SS0986  1 0.4298 0.1968 0.1426 0.2308 
   NS_SS0953  1 0.2933 0.3196 0.2590 0.1281 
   NS_SS0907  1 0.1753 0.5006 0.1287 0.1954 
   NS_SS0974  1 0.1258 0.3605 0.2590 0.2547 
   NS_SS0989  1 0.1094 0.1653 0.2115 0.5137 
   NS_SS0991  1 0.4150 0.2804 0.0716 0.2330 
   NS_SS0994  1 0.0932 0.1008 0.2163 0.5896 
   NS_SS0931  1 0.3282 0.2234 0.1227 0.3256 
   NS_SS1000  1 0.1438 0.3099 0.4292 0.1172 
   NS_SS0919  1 0.1396 0.5208 0.0992 0.2405 
   NS_SS0949  1 0.1856 0.2052 0.1946 0.4146 
   NS_SS0960  1 0.2795 0.3313 0.0851 0.3041 
   NS_SS0716  1 0.4732 0.0789 0.3405 0.1074 
   NS_SS0924  1 0.2224 0.3969 0.1202 0.2605 
   NS_SS0935  1 0.3445 0.1532 0.1166 0.3858 
   NS_SS0952  1 0.1743 0.3582 0.1128 0.3547 
   NS_SS0962  1 0.2730 0.2824 0.3076 0.1370 
   NS_SS0973  1 0.1613 0.5007 0.1423 0.1957 
   NS_SS0722  1 0.1273 0.1749 0.5952 0.1026 
   NS_SS0979  1 0.3867 0.2961 0.1930 0.1242 
   NS_SS0993  1 0.2501 0.3294 0.3205 0.1000 
   NS_SS0958  1 0.2053 0.2051 0.2112 0.3784 
   NS_SS0988  1 0.2360 0.4055 0.1213 0.2373 
   NS_SS1003  1 0.3747 0.4165 0.1299 0.0790 
   NS_SS0976  1 0.1983 0.3140 0.1518 0.3359 
   NS_SS0964  1 0.2908 0.1629 0.4435 0.1028 
   NS_SS0939  1 0.3731 0.0780 0.4618 0.0871 
   NS_SS0990  1 0.2410 0.1360 0.3208 0.3022 
   NS_SS0984  1 0.2099 0.1677 0.5175 0.1048 
   NS_SS0980  1 0.1099 0.4292 0.3115 0.1493 
   NS_SS0978  1 0.1237 0.3297 0.3673 0.1792 
   NS_SS0951  1 0.4991 0.1553 0.1012 0.2444 
   NS_SS0913  1 0.4021 0.1379 0.3035 0.1564 
   NS_SS1002  1 0.1046 0.5891 0.2003 0.1060 
   NS_SS0948  1 0.2866 0.2923 0.1658 0.2553 
   NS_SS0916  1 0.1517 0.1547 0.3482 0.3455 
   NS_SS0995  1 0.2893 0.1888 0.3045 0.2174 
   NS_SS0927  1 0.1356 0.2022 0.2734 0.3888 
   NS_SS0992  1 0.0787 0.2796 0.3600 0.2817 
   NS_SS0912  1 0.4819 0.1899 0.1184 0.2098 
   NS_SS0981  1 0.3463 0.4089 0.1303 0.1144 
   NS_SS0729  2 0.0735 0.2522 0.1786 0.4957 
   NS_SS0967  2 0.1513 0.5613 0.1557 0.1318 
   NS_SS0941  2 0.1866 0.1621 0.4612 0.1901 
   NS_SS0768  2 0.3653 0.2975 0.1815 0.1557 
   NS_SS0726  2 0.0803 0.2739 0.2778 0.3680 
   NS_SS0763  2 0.1366 0.2316 0.2390 0.3928 
   NS_SS0730  2 0.2829 0.2256 0.3529 0.1386 
   NS_SS0774  2 0.1312 0.2809 0.4605 0.1275 
   NS_SS0723  2 0.2043 0.4229 0.2900 0.0829 
   NS_SS0940  2 0.2384 0.1181 0.3413 0.3022 
   NS_SS0762  2 0.2173 0.1407 0.5685 0.0736 
   NS_SS0766  2 0.2520 0.0831 0.4228 0.2422 
   NS_SS0724  2 0.3954 0.2904 0.2022 0.1120 
   NS_SS0769  2 0.2480 0.3024 0.2364 0.2131 
   NS_SS0777  2 0.3567 0.2179 0.1386 0.2868 
   NS_SS0734  2 0.3571 0.1287 0.2468 0.2674 
   NS_SS0737  2 0.1152 0.1102 0.6743 0.1003 
   NS_SS0732  2 0.5295 0.2150 0.1390 0.1165 
   NS_SS0728  2 0.2212 0.1400 0.4210 0.2177 
   NS_SS0735  2 0.2748 0.1629 0.4101 0.1522 
   NS_SS0725  2 0.1864 0.1649 0.5170 0.1317 
   NS_SS0788  2 0.1915 0.3970 0.1911 0.2203 
   NS_SS0778  2 0.2666 0.2961 0.1443 0.2929 
   NS_SS0792  2 0.3210 0.2053 0.1519 0.3219 
   NS_SS0943  2 0.2270 0.3501 0.0995 0.3234 
   NS_SS0791  2 0.3091 0.0941 0.2380 0.3588 
   NS_SS0790  2 0.4144 0.3016 0.2215 0.0625 
   NS_SS0731  2 0.5134 0.1346 0.2315 0.1205 
   NS_SS0727  2 0.0834 0.0876 0.4447 0.3843 
   NS_SS0779  2 0.3226 0.2316 0.2380 0.2079 
   NS_SS0776  2 0.2094 0.1591 0.4412 0.1903 
   NS_SS0775  2 0.2326 0.1225 0.5188 0.1262 
   NS_SS0965  3 0.4144 0.3387 0.1165 0.1304 
   NS_SS0754  3 0.3263 0.1849 0.1367 0.3521 
   NS_SS0838  3 0.1841 0.2657 0.2963 0.2538 
   NS_SS0839  3 0.2426 0.2342 0.4186 0.1046 
   NS_SS0832  3 0.2992 0.4132 0.2239 0.0637 
   NS_SS0820  3 0.3767 0.3488 0.1798 0.0947 
   NS_SS0886  3 0.3094 0.1799 0.1726 0.3381 
   NS_SS0748  3 0.2743 0.3202 0.1408 0.2647 
   NS_SS0884  3 0.1898 0.3100 0.2493 0.2509 
   NS_SS0752  3 0.1558 0.2903 0.3583 0.1957 
   NS_SS0862  3 0.5424 0.2177 0.1425 0.0973 
   NS_SS0787  3 0.1434 0.1740 0.0931 0.5895 
   NS_SS0843  3 0.2718 0.2856 0.2259 0.2168 
   NS_SS0856  3 0.1648 0.1539 0.4363 0.2450 
   NS_SS0846  3 0.0817 0.5160 0.1762 0.2261 
   NS_SS0825  3 0.2738 0.3384 0.1554 0.2324 
   NS_SS0757  3 0.3431 0.2380 0.1586 0.2603 
   NS_SS0876  3 0.2374 0.2332 0.3583 0.1711 
   NS_SS0903  3 0.1202 0.4679 0.2970 0.1148 
   NS_SS0875  3 0.3793 0.1497 0.2594 0.2115 
   NS_SS0740  3 0.2556 0.2729 0.2727 0.1988 
   NS_SS0811  3 0.5721 0.1476 0.1838 0.0964 
   NS_SS0751  3 0.2333 0.1947 0.3773 0.1947 
   NS_SS0891  3 0.2140 0.2154 0.3808 0.1898 
   NS_SS0867  3 0.2009 0.5083 0.0786 0.2122 
   NS_SS0890  3 0.2099 0.2932 0.2766 0.2203 
   NS_SS0866  3 0.1341 0.1125 0.1567 0.5967 
   NS_SS0755  3 0.2740 0.3603 0.1859 0.1798 
   NS_SS0758  3 0.1961 0.2235 0.3509 0.2295 
   NS_SS0840  3 0.2416 0.4363 0.2434 0.0788 
   NS_SS0889  3 0.3285 0.1548 0.1212 0.3955 
   NS_SS1010  3 0.1943 0.4834 0.1518 0.1706 
   NS_SS0888  3 0.1334 0.1164 0.1985 0.5518 
   NS_SS0837  3 0.3910 0.3793 0.1294 0.1003 
   NS_SS0794  3 0.1728 0.1048 0.3008 0.4216 
   NS_SS0823  3 0.1684 0.3425 0.3896 0.0995 
   NS_SS0829  3 0.3381 0.1634 0.0689 0.4296 
   NS_SS0844  3 0.1548 0.6765 0.0933 0.0753 
   NS_SS1008  3 0.1686 0.1287 0.3442 0.3585 
   NS_SS0881  3 0.2634 0.2418 0.2087 0.2861 
   NS_SS0834  3 0.1316 0.1725 0.5753 0.1206 
   NS_SS0744  3 0.2063 0.3457 0.2075 0.2406 
   NS_SS0899  3 0.5610 0.1625 0.1803 0.0962 
   NS_SS0804  3 0.3652 0.3285 0.2322 0.0741 
   NS_SS0781  3 0.2464 0.4133 0.2502 0.0901 
   NS_SS0822  3 0.2050 0.2205 0.3325 0.2420 
   NS_SS1004  3 0.2100 0.4644 0.1765 0.1490 
   NS_SS0746  3 0.1721 0.4038 0.2331 0.1910 
   NS_SS0880  3 0.1822 0.4272 0.2590 0.1316 
   NS_SS0879  3 0.2330 0.2304 0.3806 0.1560 
   NS_SS0753  3 0.3708 0.2400 0.0929 0.2963 
   NS_SS1007  3 0.1155 0.1829 0.4842 0.2173 
   NS_SS0872  3 0.1923 0.3353 0.3190 0.1534 
   NS_SS1005  3 0.1668 0.4762 0.2479 0.1091 
   NS_SS0892  3 0.2688 0.2499 0.2724 0.2088 
   NS_SS0898  3 0.2958 0.2363 0.1791 0.2888 
   NS_SS0801  3 0.4473 0.2447 0.1318 0.1762 
   NS_SS0827  3 0.4649 0.2254 0.0802 0.2296 
   NS_SS0853  3 0.4939 0.1502 0.1059 0.2500 
   NS_SS0780  3 0.3427 0.2397 0.2809 0.1368 
   NS_SS0826  3 0.2010 0.5528 0.0910 0.1552 
   NS_SS0818  3 0.3079 0.2654 0.3471 0.0796 
   NS_SS0745  3 0.3314 0.0604 0.5394 0.0689 
   NS_SS0849  3 0.5760 0.1968 0.0937 0.1335 
   NS_SS0739  3 0.3239 0.1688 0.2586 0.2487 
   NS_SS0799  3 0.2260 0.1586 0.2544 0.3611 
   NS_SS0756  3 0.2799 0.4814 0.1509 0.0878 
   NS_SS0802  3 0.1312 0.3006 0.2740 0.2941 
   NS_SS0747  3 0.1718 0.4291 0.1991 0.1999 
   NS_SS0835  3 0.0957 0.2351 0.1393 0.5299 
   NS_SS0742  3 0.2711 0.3143 0.2264 0.1883 
   NS_SS0760  3 0.1825 0.1829 0.1671 0.4674 
   NS_SS0803  3 0.1545 0.4978 0.2438 0.1040 
   NS_SS0828  3 0.4454 0.1767 0.1688 0.2091 
   NS_SS0865  3 0.2993 0.3827 0.1002 0.2178 
   NS_SS0759  3 0.3417 0.2044 0.3590 0.0949 
   NS_SS0851  3 0.5578 0.1403 0.2007 0.1012 
   NS_SS0874  3 0.2229 0.4514 0.2154 0.1103 
   NS_SS0761  3 0.2808 0.2237 0.0928 0.4026 
   NS_SS0842  3 0.2499 0.2198 0.2259 0.3044 
   NS_SS0785  3 0.2089 0.3093 0.1664 0.3155 
   NS_SS0860  3 0.1201 0.2169 0.1227 0.5404 
   NS_SS0897  3 0.2103 0.1212 0.1332 0.5352 
   NS_SS0841  3 0.4360 0.1868 0.2862 0.0910 
   NS_SS0797  3 0.3385 0.2636 0.1055 0.2924 
   NS_SS0830  3 0.3463 0.2889 0.1430 0.2218 
   NS_SS1011  3 0.2022 0.5413 0.1614 0.0951 
   NS_SS0883  3 0.4078 0.1900 0.1074 0.2949 
   NS_SS0782  3 0.1560 0.1317 0.4289 0.2835 
   NS_SS0831  3 0.3752 0.1088 0.0966 0.4194 
   NS_SS0749  3 0.3569 0.1337 0.2498 0.2596 
   NS_SS0854  3 0.1698 0.1675 0.3654 0.2973 
   HI_SS0193  4 0.2412 0.1099 0.3024 0.3465 
   HI_SS0194  4 0.1159 0.1678 0.5938 0.1225 
   HI_SS0195  4 0.4832 0.1682 0.2661 0.0825 
   HI_SS0196  4 0.1606 0.1318 0.4326 0.2750 
   HI_SS0197  4 0.1066 0.4290 0.2956 0.1688 
   HI_SS0198  4 0.3632 0.1823 0.1488 0.3057 
   HI_SS0199  4 0.1011 0.1428 0.3421 0.4141 
   HI_SS0201  4 0.1940 0.2988 0.0644 0.4428 
   HI_SS0215  4 0.2016 0.2767 0.0733 0.4483 
   HI_SS0218  4 0.1594 0.0805 0.1756 0.5845 
   HI_SS0222  4 0.3137 0.1415 0.3173 0.2275 
   HI_SS0230  4 0.3418 0.3563 0.1390 0.1629 
   HI_SS0234  4 0.0782 0.3020 0.3998 0.2200 
   HI_SS0240  4 0.1508 0.1357 0.5053 0.2083 
   HI_SS0241  4 0.1747 0.2587 0.1386 0.4280 
   HI_SS0242  4 0.2395 0.2881 0.2080 0.2644 
   HI_SS0247  4 0.2782 0.4254 0.1324 0.1640 
   HI_SS0248  4 0.1213 0.1376 0.3187 0.4223 
   HI_SS0252  4 0.2739 0.1558 0.4182 0.1521 
   HI_SS0254  4 0.1731 0.3882 0.1786 0.2601 
   HI_SS0256  4 0.2034 0.4659 0.2883 0.0424 
   HI_SS0257  4 0.0879 0.3244 0.1612 0.4264 
   HI_SS0258  4 0.2542 0.1579 0.1694 0.4185 
   HI_SS0259  4 0.1731 0.2342 0.4447 0.1479 
   HI_SS0260  4 0.1248 0.1535 0.2595 0.4622 
   HI_SS0261  4 0.1097 0.3536 0.2826 0.2541 
   HI_SS0262  4 0.3415 0.2422 0.2140 0.2023 
   HI_SS0264  4 0.3505 0.2775 0.2332 0.1388 
   HI_SS0265  4 0.3350 0.3219 0.1819 0.1612 
   HI_SS0268  4 0.3296 0.1525 0.2360 0.2819 
   HI_SS0269  4 0.0708 0.2323 0.1077 0.5891 
   HI_SS0273  4 0.1431 0.4112 0.1024 0.3433 
   HI_SS0277  4 0.1876 0.5471 0.1163 0.1490 
   HI_SS0280  4 0.4130 0.1267 0.2627 0.1976 
   HI_SS0282  4 0.2347 0.3008 0.1574 0.3071 
   HI_SS0286  4 0.3761 0.2071 0.1320 0.2848 
   NS_SS1252  5 0.1590 0.1095 0.1242 0.6074 
   NS_SS1261  5 0.2524 0.2963 0.1754 0.2759 
   NS_SS1225  5 0.1633 0.4595 0.0878 0.2893 
   NS_SS1266  5 0.1926 0.5669 0.1731 0.0674 
   NS_SS1228  5 0.5277 0.1383 0.1629 0.1711 
   NS_SS1255  5 0.0923 0.1279 0.5948 0.1850 
   NS_SS1267  5 0.1505 0.0878 0.1041 0.6577 
   NS_SS1238  5 0.3705 0.1732 0.2218 0.2346 
   NS_SS1233  5 0.3370 0.4247 0.1435 0.0948 
   NS_SS1277  5 0.1513 0.0745 0.3724 0.4018 
   NS_SS1245  5 0.1606 0.3157 0.2676 0.2561 
   NS_SS1240  5 0.1066 0.1166 0.1240 0.6527 
   NS_SS1275  5 0.2505 0.3906 0.2789 0.0800 
   NS_SS1235  5 0.0687 0.3372 0.4370 0.1570 
   NS_SS1263  5 0.2296 0.2602 0.3927 0.1176 
   NS_SS1251  5 0.2043 0.4213 0.2458 0.1286 
   NS_SS1248  5 0.6955 0.0928 0.0840 0.1277 
   NS_SS1244  5 0.1711 0.5148 0.1244 0.1898 
   NS_SS1257  5 0.1857 0.1347 0.2178 0.4618 
   NS_SS1242  5 0.1989 0.2519 0.4420 0.1072 
   NS_SS1271  5 0.1421 0.1418 0.1169 0.5993 
   NS_SS1265  5 0.2031 0.2070 0.1578 0.4321 
   NS_SS1243  5 0.4441 0.0918 0.3263 0.1378 
   NS_SS1273  5 0.2211 0.2292 0.4471 0.1026 
   NS_SS1254  5 0.2737 0.3707 0.2135 0.1421 
   NS_SS1224  5 0.3861 0.3118 0.1959 0.1062 
   NS_SS1227  5 0.1196 0.2434 0.2401 0.3970 
   NS_SS1274  5 0.2556 0.1660 0.2192 0.3592 
   NS_SS1241  5 0.1601 0.3893 0.1464 0.3042 
   NS_SS1256  5 0.1088 0.5061 0.1631 0.2219 
   NS_SS1260  5 0.1273 0.2475 0.1519 0.4733 
   NS_SS1262  5 0.2514 0.3653 0.0928 0.2905 
   NS_SS1230  5 0.2436 0.2497 0.2108 0.2959 
   NS_SS1270  5 0.4494 0.3518 0.0936 0.1052 
   NS_SS1229  5 0.0632 0.3141 0.4825 0.1401 
   NS_SS1246  5 0.1141 0.1989 0.2688 0.4182 
   NS_SS1269  5 0.2874 0.2254 0.2927 0.1945 
   NS_SS1239  5 0.3135 0.1611 0.3805 0.1449 
   NS_SS1272  5 0.1559 0.5401 0.1342 0.1697 
   NS_SS1268  5 0.5102 0.2466 0.1426 0.1006 
   NS_SS1249  5 0.0909 0.1153 0.2081 0.5856 
   HI_SS0559  6 0.3069 0.1991 0.2614 0.2326 
   HI_SS0563  6 0.2588 0.3443 0.1794 0.2174 
   HI_SS0564  6 0.2844 0.2621 0.2818 0.1718 
   HI_SS0565  6 0.1589 0.4255 0.1411 0.2746 
   HI_SS0569  6 0.2917 0.3364 0.0586 0.3133 
   HI_SS0570  6 0.2212 0.1047 0.2119 0.4621 
   HI_SS0572  6 0.1074 0.2488 0.5069 0.1369 
   HI_SS0576  6 0.4439 0.1400 0.2797 0.1364 
   HI_SS0579  6 0.1687 0.4258 0.1677 0.2378 
   HI_SS0580  6 0.1784 0.1227 0.2979 0.4010 
   HI_SS0581  6 0.3869 0.2837 0.2335 0.0960 
   HI_SS0583  6 0.1067 0.1635 0.2419 0.4879 
   HI_SS0586  6 0.3009 0.0944 0.0898 0.5149 
   HI_SS0588  6 0.2339 0.2517 0.1795 0.3349 
   HI_SS0595  6 0.1079 0.3123 0.2009 0.3789 
   HI_SS0596  6 0.1241 0.1299 0.6271 0.1190 
   HI_SS0597  6 0.1260 0.2428 0.4694 0.1618 
   HI_SS0600  6 0.1722 0.2618 0.1752 0.3907 
   HI_SS0601  6 0.2418 0.4822 0.0655 0.2105 
   HI_SS0602  6 0.4109 0.1022 0.1601 0.3267 
   HI_SS0604  6 0.3667 0.1896 0.2611 0.1826 
   HI_SS0605  6 0.3702 0.1417 0.2040 0.2841 
   HI_SS0608  6 0.3477 0.1127 0.3462 0.1934 
   HI_SS0609  6 0.1628 0.4647 0.2559 0.1166 
   HI_SS0611  6 0.3368 0.1026 0.1191 0.4415 
   HI_SS0612  6 0.0818 0.5008 0.1855 0.2318 
   HI_SS0613  6 0.4960 0.1696 0.1186 0.2158 
   HI_SS0615  6 0.2574 0.1803 0.4700 0.0923 
   HI_SS0001  6 0.1007 0.1659 0.4117 0.3217 
   HI_SS0002  6 0.1806 0.4630 0.2614 0.0950 
   HI_SS0004  6 0.2217 0.0948 0.3369 0.3466 
   HI_SS0005  6 0.5312 0.1718 0.1303 0.1667 
   HI_SS0006  6 0.1248 0.3844 0.1319 0.3589 
   HI_SS0007  6 0.4914 0.0735 0.1253 0.3098 
   HI_SS0008  6 0.3216 0.3378 0.1751 0.1655 
   HI_SS0009  6 0.4126 0.1077 0.3717 0.1081 
   HI_SS0010  6 0.4049 0.1919 0.1339 0.2694 
   HI_SS0011  6 0.2579 0.5218 0.1126 0.1076 
   HI_SS0012  6 0.2288 0.4363 0.2140 0.1210 
   HI_SS0017  6 0.1250 0.1019 0.6423 0.1308 
   HI_SS0021  6 0.2198 0.2343 0.1605 0.3853 
   HI_SS0024  6 0.3099 0.1898 0.3495 0.1508 
   HI_SS0025  6 0.2591 0.1545 0.4522 0.1341 
   HI_SS0027  6 0.3597 0.1788 0.1581 0.3033 
   HI_SS0028  6 0.4546 0.2848 0.1834 0.0772 
   HI_SS0029  6 0.2089 0.1261 0.3759 0.2891 
   HI_SS0030  6 0.2088 0.2913 0.2415 0.2584 
   HI_SS0031  6 0.1216 0.4691 0.2253 0.1840 
   HI_SS0034  6 0.1332 0.2439 0.2034 0.4196 
   HI_SS0036  6 0.2463 0.1104 0.1406 0.5027 
   HI_SS0037  6 0.3033 0.1384 0.1039 0.4545 
   HI_SS0039  6 0.3936 0.1514 0.1041 0.3509 
   HI_SS0041  6 0.4176 0.1130 0.3456 0.1237 
   HI_SS0042  6 0.2571 0.2329 0.3814 0.1287 
   HI_SS0043  6 0.1975 0.1729 0.0863 0.5433 
   HI_SS0044  6 0.1055 0.0916 0.4460 0.3569 
   HI_SS0047  6 0.2865 0.2346 0.3403 0.1385 
   HI_SS0049  6 0.1909 0.1661 0.5045 0.1385 
   HI_SS0051  6 0.4657 0.2742 0.1045 0.1556 
   HI_SS0053  6 0.1175 0.2605 0.1468 0.4752 
   HI_SS0054  6 0.2835 0.3171 0.0678 0.3317 
   HI_SS0057  6 0.4998 0.1649 0.1999 0.1354 
   HI_SS0058  6 0.2258 0.1888 0.2173 0.3682 
   HI_SS0060  6 0.4444 0.3041 0.1184 0.1331 
   HI_SS0087  6 0.1658 0.3799 0.2086 0.2456 
   HI_SS0091  6 0.0682 0.2839 0.1026 0.5453 
   HI_SS0095  6 0.1834 0.3317 0.1951 0.2897 
   HI_SS0097  6 0.1921 0.5542 0.1081 0.1456 
   HI_SS0099  6 0.2781 0.1344 0.3754 0.2121 
   HI_SS0103  6 0.1059 0.3157 0.3918 0.1866 
   HI_SS0105  6 0.2470 0.4564 0.1142 0.1824 
   HI_SS0107  6 0.1086 0.2200 0.5873 0.0840 
   HI_SS0108  6 0.1434 0.1071 0.1120 0.6375 
   HI_SS0110  6 0.0858 0.3513 0.2440 0.3190 
   HI_SS0111  6 0.2913 0.2300 0.2304 0.2482 
   HI_SS0112  6 0.1528 0.1239 0.1511 0.5723 
   HI_SS0113  6 0.1908 0.2621 0.4456 0.1014 
   HI_SS0114  6 0.3831 0.1596 0.0953 0.3621 
   HI_SS0115  6 0.2244 0.1539 0.3789 0.2428 
   HI_SS0116  6 0.0894 0.1027 0.3523 0.4556 
   HI_SS0117  6 0.1014 0.4466 0.1240 0.3280 
   HI_SS0118  6 0.1277 0.3132 0.1785 0.3806 
   HI_SS0119  6 0.1801 0.4322 0.0873 0.3005 
   HI_SS0120  6 0.0787 0.2009 0.6295 0.0910 
   HI_SS0121  6 0.4148 0.3969 0.0825 0.1059 
   HI_SS0122  6 0.2627 0.2798 0.1929 0.2646 
   HI_SS0123  6 0.1066 0.4405 0.2294 0.2236 
   HI_SS0124  6 0.2417 0.1273 0.5287 0.1024 
   HI_SS0125  6 0.3513 0.1801 0.3603 0.1083 
   HI_SS0126  6 0.0991 0.1102 0.2750 0.5157 
   HI_SS0127  6 0.5569 0.1830 0.1131 0.1471 
   HI_SS0128  6 0.1133 0.2636 0.4264 0.1967 
   HI_SS0129  6 0.1897 0.1275 0.3092 0.3736 
   HI_SS0131  6 0.4333 0.2318 0.0768 0.2581 
   HI_SS0132  6 0.2608 0.3513 0.1474 0.2405 
   HI_SS0133  6 0.1576 0.0944 0.1413 0.6067 
   HI_SS0134  6 0.1661 0.3773 0.1923 0.2643 
   HI_SS0142  6 0.2164 0.4910 0.1067 0.1858 
   HI_SS0145  6 0.1400 0.3295 0.2638 0.2666 
   HI_SS0146  6 0.2326 0.2898 0.1444 0.3332 
   HI_SS0147  6 0.4657 0.2837 0.1414 0.1093 
   HI_SS0149  6 0.1328 0.5460 0.1187 0.2026 
   HI_SS0150  6 0.3993 0.1824 0.3111 0.1072 
   HI_SS0151  6 0.2402 0.1299 0.3602 0.2697 
   NS_SS1451  6 0.3224 0.1497 0.4251 0.1028 
   NS_SS1404  6 0.4501 0.1793 0.1907 0.1799 
   NS_SS1432  6 0.1989 0.1871 0.4802 0.1338 
   NS_SS1405  6 0.2002 0.1530 0.4312 0.2156 
   NS_SS1431  6 0.2072 0.2242 0.4575 0.1110 
   NS_SS1402  6 0.1030 0.3868 0.2140 0.2962 
   NS_SS1450  6 0.1960 0.1000 0.3605 0.3436 
   NS_SS1396  6 0.3163 0.2534 0.2187 0.2116 
   NS_SS1393  6 0.2383 0.1884 0.2014 0.3719 
   NS_SS1392  6 0.2407 0.0705 0.5451 0.1437 
   NS_SS1445  6 0.2379 0.2821 0.1122 0.3678 
   NS_SS1423  6 0.1002 0.2808 0.2635 0.3556 
   NS_SS1421  6 0.2056 0.3008 0.2162 0.2774 
   NS_SS1411  6 0.5161 0.0744 0.1140 0.2956 
   NS_SS1453  6 0.1920 0.2572 0.1530 0.3979 
   NS_SS1442  6 0.3011 0.2960 0.2061 0.1968 
   NS_SS1422  6 0.1227 0.3844 0.2643 0.2285 
   NS_SS1419  6 0.4248 0.3265 0.1058 0.1429 
   NS_SS1427  6 0.0753 0.0690 0.3255 0.5302 
   NS_SS1444  6 0.3996 0.2001 0.2498 0.1505 
   NS_SS1455  6 0.1472 0.3585 0.3920 0.1023 
   NS_SS1425  6 0.2234 0.2076 0.0749 0.4940 
   NS_SS1400  6 0.2933 0.2296 0.1268 0.3504 
   NS_SS1406  6 0.1637 0.5792 0.1793 0.0778 
   NS_SS1417  6 0.2084 0.3472 0.2069 0.2374 
   NS_SS1454  6 0.2529 0.2494 0.1422 0.3555 
   NS_SS1412  6 0.2416 0.1782 0.2400 0.3402 
   NS_SS1438  6 0.3019 0.1916 0.0752 0.4313 
   NS_SS1416  6 0.2818 0.2713 0.2022 0.2448 
   NS_SS1401  6 0.1451 0.3375 0.2102 0.3072 
   NS_SS1424  6 0.1844 0.3610 0.1646 0.2900 
   NS_SS1435  6 0.3227 0.1116 0.3613 0.2044 
   NS_SS1447  6 0.3855 0.2792 0.2094 0.1259 
   NS_SS1414  6 0.4231 0.1959 0.2750 0.1060 
   NS_SS1449  6 0.1935 0.2428 0.3413 0.2223 
   NS_SS1443  6 0.0775 0.2554 0.2521 0.4149 
   NS_SS1434  6 0.0771 0.1291 0.5518 0.2420 
   NS_SS1398  6 0.2491 0.1326 0.4352 0.1831 
   NS_SS1426  6 0.1733 0.1988 0.1552 0.4727 
   NS_SS1413  6 0.1351 0.1906 0.3359 0.3385 
   NS_SS1395  6 0.1389 0.3015 0.1606 0.3990 
   NS_SS1448  6 0.3759 0.0904 0.2758 0.2578 
   NS_SS1446  6 0.1428 0.2564 0.1752 0.4256 
   NS_SS1403  6 0.2169 0.3265 0.2628 0.1938 
   NS_SS1415  6 0.2828 0.1589 0.1694 0.3889 
   NS_SS1437  6 0.2797 0.3104 0.2346 0.1752 
   NS_SS1439  6 0.1633 0.4380 0.1614 0.2373 
   NS_SS1441  6 0.1130 0.2215 0.2826 0.3828 
   NS_SS1420  6 0.6279 0.0749 0.1796 0.1175 
   NS_SS1394  6 0.4738 0.1671 0.2513 0.1079 
   NS_SS1391  6 0.0854 0.1283 0.4557 0.3306 
   NS_SS1410  6 0.1715 0.2235 0.2401 0.3649 
   NS_SS1408  6 0.2721 0.3906 0.1924 0.1449 
   NS_SS1409  6 0.0805 0.1651 0.4370 0.3174 
   HI_SS0617  7 0.1388 0.1302 0.3256 0.4054 
   HI_SS0618  7 0.3330 0.1665 0.3482 0.1523 
   HI_SS0619  7 0.2256 0.1308 0.3846 0.2590 
   HI_SS0620  7 0.2724 0.0949 0.1308 0.5018 
   HI_SS0621  7 0.2204 0.3143 0.3021 0.1632 
   HI_SS0622  7 0.2443 0.3343 0.2176 0.2038 
   HI_SS0626  7 0.5420 0.1347 0.1192 0.2041 
   HI_SS0627  7 0.2483 0.2716 0.3173 0.1628 
   HI_SS0628  7 0.2364 0.1425 0.2297 0.3914 
   HI_SS0629  7 0.2570 0.2950 0.1205 0.3275 
   HI_SS0630  7 0.3089 0.1411 0.2178 0.3322 
   HI_SS0631  7 0.3805 0.1599 0.1522 0.3074 
   HI_SS0632  7 0.4924 0.1791 0.1451 0.1834 
   HI_SS0633  7 0.1190 0.1280 0.5635 0.1896 
   HI_SS0634  7 0.3405 0.2016 0.2058 0.2522 
   HI_SS0635  7 0.4071 0.2212 0.2446 0.1271 
   HI_SS0637  7 0.3191 0.3718 0.1073 0.2018 
   HI_SS0638  7 0.2577 0.1874 0.3431 0.2117 
   HI_SS0639  7 0.3131 0.2936 0.2691 0.1242 
   HI_SS0640  7 0.2832 0.3106 0.2488 0.1575 
   HI_SS0641  7 0.4059 0.1127 0.0884 0.3931 
   HI_SS0642  7 0.1984 0.4161 0.2561 0.1294 
   HI_SS0645  7 0.5300 0.1270 0.2614 0.0815 
   HI_SS0646  7 0.0996 0.3250 0.3699 0.2055 
   HI_SS0647  7 0.1961 0.2292 0.3946 0.1800 
   HI_SS0648  7 0.2927 0.2592 0.2459 0.2022 
   HI_SS0649  7 0.2005 0.2394 0.2732 0.2868 
   HI_SS0650  7 0.1339 0.1304 0.5911 0.1446 
   HI_SS0651  7 0.2326 0.2827 0.2884 0.1963 
   HI_SS0652  7 0.4973 0.1025 0.2950 0.1053 
   NS_SS1371  7 0.0838 0.3193 0.2282 0.3686 
   NS_SS1374  7 0.2553 0.1566 0.2043 0.3837 
   NS_SS1337  7 0.3560 0.2627 0.2715 0.1098 
   NS_SS1385  7 0.1270 0.3132 0.3613 0.1985 
   NS_SS1388  7 0.2451 0.1283 0.3592 0.2675 
   NS_SS1370  7 0.7263 0.1002 0.0794 0.0941 
   NS_SS1389  7 0.3502 0.1054 0.3787 0.1657 
   NS_SS1360  7 0.4118 0.2091 0.1101 0.2690 
   NS_SS1330  7 0.3731 0.2672 0.2517 0.1080 
   NS_SS1328  7 0.0748 0.1422 0.4666 0.3164 
   NS_SS1384  7 0.2343 0.4150 0.1192 0.2315 
   NS_SS1381  7 0.1213 0.1708 0.6223 0.0857 
   NS_SS1375  7 0.2467 0.0847 0.5041 0.1644 
   NS_SS1319  7 0.2393 0.2246 0.2620 0.2742 
   NS_SS1326  7 0.1315 0.0873 0.3265 0.4547 
   NS_SS1341  7 0.1804 0.3724 0.1057 0.3415 
   NS_SS1383  7 0.3042 0.2956 0.1853 0.2150 
   NS_SS1318  7 0.3636 0.1795 0.2427 0.2143 
   NS_SS1348  7 0.1785 0.3000 0.0993 0.4223 
   NS_SS1363  7 0.3442 0.3113 0.2037 0.1408 
   NS_SS1335  7 0.2687 0.3877 0.0755 0.2681 
   NS_SS1358  7 0.1566 0.4529 0.1394 0.2511 
   NS_SS1342  7 0.0794 0.4562 0.1331 0.3312 
   NS_SS1320  7 0.0771 0.1989 0.6710 0.0530 
   NS_SS1355  7 0.2589 0.3543 0.2450 0.1418 
   NS_SS1345  7 0.1974 0.5756 0.1524 0.0745 
   NS_SS1324  7 0.2647 0.2111 0.1638 0.3604 
   NS_SS1347  7 0.1657 0.4297 0.1913 0.2134 
   NS_SS1321  7 0.1848 0.2424 0.1454 0.4275 
   NS_SS1333  7 0.1510 0.1718 0.1919 0.4853 
   NS_SS1364  7 0.1904 0.4314 0.1421 0.2361 
   NS_SS1379  7 0.2415 0.2167 0.3806 0.1612 
   NS_SS1332  7 0.1650 0.1850 0.1568 0.4932 
   NS_SS1338  7 0.4525 0.1670 0.1081 0.2724 
   NS_SS1368  7 0.1014 0.3897 0.1514 0.3575 
   NS_SS1354  7 0.1950 0.4343 0.1797 0.1910 
   NS_SS1365  7 0.3251 0.2534 0.2827 0.1388 
   NS_SS1380  7 0.2789 0.4235 0.1937 0.1039 
   NS_SS1329  7 0.0802 0.4499 0.1545 0.3155 
   NS_SS1362  7 0.1522 0.3297 0.2843 0.2338 
   NS_SS1327  7 0.1380 0.0714 0.1142 0.6765 
   NS_SS1350  7 0.0721 0.1059 0.5091 0.3128 
   NS_SS1387  7 0.5377 0.1394 0.1381 0.1847 
   NS_SS1369  7 0.2455 0.2907 0.1274 0.3363 
   NS_SS1331  7 0.3697 0.1510 0.2147 0.2646 
   NS_SS1357  7 0.0681 0.1110 0.5568 0.2641 
   NS_SS1386  7 0.0957 0.3110 0.0872 0.5061 
   NS_SS1353  7 0.1216 0.1780 0.5025 0.1978 
   NS_SS1323  7 0.1737 0.3967 0.3192 0.1104 
   HI_SS0296  8 0.3874 0.1052 0.1868 0.3207 
   HI_SS0297  8 0.1468 0.2223 0.4502 0.1807 
   HI_SS0299  8 0.3054 0.2990 0.1618 0.2338 
   HI_SS0300  8 0.4051 0.1954 0.1998 0.1996 
   HI_SS0301  8 0.5626 0.2335 0.0760 0.1279 
   HI_SS0302  8 0.4733 0.1495 0.1049 0.2723 
   HI_SS0303  8 0.1191 0.1541 0.3265 0.4004 
   HI_SS0304  8 0.3340 0.0918 0.3990 0.1751 
   HI_SS0306  8 0.3507 0.1372 0.1463 0.3658 
   HI_SS0307  8 0.2473 0.3333 0.2640 0.1554 
   HI_SS0308  8 0.3447 0.3860 0.1220 0.1474 
   HI_SS0309  8 0.2151 0.5259 0.1108 0.1481 
   HI_SS0310  8 0.2385 0.1606 0.3978 0.2032 
   HI_SS0311  8 0.4273 0.2390 0.1397 0.1940 
   HI_SS0314  8 0.1344 0.1683 0.4910 0.2063 
   HI_SS0316  8 0.1895 0.2368 0.2352 0.3385 
   HI_SS0317  8 0.3273 0.2992 0.1710 0.2025 
   HI_SS0318  8 0.2191 0.2221 0.1124 0.4464 
   HI_SS0319  8 0.0823 0.2196 0.1117 0.5864 
   HI_SS0320  8 0.2445 0.1859 0.4192 0.1504 
   HI_SS0321  8 0.1790 0.2725 0.1996 0.3489 
   HI_SS0323  8 0.2672 0.1357 0.2044 0.3927 
   HI_SS0325  8 0.4060 0.1474 0.1285 0.3182 
   HI_SS0327  8 0.0546 0.2737 0.2450 0.4267 
   HI_SS0329  8 0.3639 0.1753 0.2956 0.1652 
   HI_SS0333  8 0.2492 0.2339 0.2608 0.2561 
   HI_SS0334  8 0.2217 0.2726 0.1166 0.3892 
   HI_SS0335  8 0.2013 0.5054 0.1895 0.1038 
   HI_SS0339  8 0.3817 0.2740 0.2163 0.1280 
   HI_SS0343  8 0.1175 0.5106 0.2508 0.1210 
   HI_SS0344  8 0.1243 0.1326 0.1074 0.6357 
   HI_SS0345  8 0.3799 0.3069 0.1462 0.1671 
   HI_SS0346  8 0.3096 0.2043 0.1860 0.3000 
   HI_SS0350  8 0.2708 0.4772 0.1835 0.0686 
   HI_SS0351  8 0.1511 0.5743 0.1275 0.1471 
   HI_SS0352  8 0.2099 0.3819 0.2378 0.1705 
   HI_SS0362  8 0.5042 0.1518 0.1536 0.1904 
   HI_SS0363  8 0.0980 0.2533 0.2095 0.4392 
   HI_SS0365  8 0.1192 0.2593 0.2038 0.4176 
   HI_SS0366  8 0.1593 0.1492 0.1291 0.5624 
   HI_SS0367  8 0.2022 0.2928 0.3706 0.1344 
   HI_SS0369  8 0.3828 0.1899 0.3092 0.1181 
   HI_SS0370  8 0.0798 0.2166 0.4828 0.2207 
   HI_SS0371  8 0.3422 0.1303 0.1435 0.3840 
   HI_SS0373  8 0.2436 0.1780 0.3238 0.2545 
   HI_SS0374  8 0.2394 0.2601 0.3467 0.1538 
   HI_SS0377  8 0.2260 0.4980 0.0813 0.1947 
   HI_SS0379  8 0.1075 0.1825 0.0710 0.6389 
   HI_SS0380  8 0.2405 0.3151 0.2780 0.1664 
   HI_SS0381  8 0.3636 0.3910 0.1340 0.1114 
   HI_SS0384  8 0.1252 0.1101 0.3727 0.3921 
   HI_SS0385  8 0.3878 0.0915 0.2598 0.2610 
