   NS_SS0963  1 0.0673 0.0935 0.2150 0.2903 0.1968 0.1371 
   NS_SS0983  1 0.0683 0.3337 0.1372 0.1497 0.1550 0.1561 
   NS_SS0719  1 0.1351 0.1477 0.1000 0.2556 0.2284 0.1333 
   NS_SS1001  1 0.1925 0.0857 0.1854 0.0778 0.1657 0.2929 
   NS_SS0936  1 0.1617 0.0748 0.2223 0.2250 0.0925 0.2236 
   NS_SS0955  1 0.0509 0.1995 0.2625 0.1624 0.2025 0.1223 
   NS_SS0944  1 0.0792 0.1802 0.2654 0.1142 0.1953 0.1657 
   NS_SS0945  1 0.2683 0.2047 0.1304 0.1202 0.1251 0.1513 
   NS_SS0922  1 0.1406 0.0696 0.1023 0.2085 0.1728 0.3062 
   NS_SS0929  1 0.1345 0.2152 0.2146 0.2140 0.1024 0.1193 
   NS_SS0956  1 0.1831 0.0655 0.1234 0.1176 0.3671 0.1431 
   NS_SS0906  1 0.1330 0.2045 0.2871 0.1636 0.1063 0.1055 
   NS_SS0721  1 0.1220 0.1137 0.1216 0.1416 0.3858 0.1153 
   NS_SS0982  1 0.1782 0.1028 0.2759 0.1985 0.1583 0.0863 
   NS_SS0923  1 0.2495 0.1001 0.1855 0.1871 0.1347 0.1430 
   NS_SS0905  1 0.2839 0.1537 0.1918 0.1176 0.1261 0.1270 
   NS_SS0925  1 0.1089 0.0584 0.2833 0.1521 0.1624 0.2347 
   NS_SS0947  1 0.1412 0.0997 0.2253 0.1844 0.1345 0.2149 
   NS_SS0926  1 0.1914 0.3092 0.1195 0.2507 0.0741 0.0551 
   NS_SS0918  1 0.1765 0.0705 0.4071 0.1084 0.1760 0.0615 
   NS_SS0966  1 0.1673 0.1070 0.3024 0.1795 0.1119 0.1319 
   NS_SS0938  1 0.1865 0.0692 0.1029 0.2470 0.1227 0.2716 
   NS_SS0917  1 0.1839 0.2195 0.0626 0.2332 0.1531 0.1476 
   NS_SS0957  1 0.2339 0.1187 0.1369 0.2020 0.2355 0.0729 
   NS_SS0987  1 0.2460 0.1405 0.1399 0.1258 0.2966 0.0511 
   NS_SS0717  1 0.2744 0.0876 0.1934 0.0710 0.1579 0.2157 
   NS_SS0986  1 0.2356 0.1991 0.1817 0.1388 0.1874 0.0574 
   NS_SS0953  1 0.1330 0.0845 0.2927 0.1596 0.1374 0.1929 
   NS_SS0907  1 0.1193 0.1388 0.4029 0.1508 0.0930 0.0952 
   NS_SS0974  1 0.1660 0.1733 0.2019 0.1657 0.0865 0.2066 
   NS_SS0989  1 0.0999 0.2865 0.0617 0.2238 0.1072 0.2209 
   NS_SS0991  1 0.0681 0.2463 0.3107 0.0819 0.2344 0.0587 
   NS_SS0994  1 0.0927 0.4510 0.0750 0.0895 0.0759 0.2159 
   NS_SS0931  1 0.1144 0.2917 0.1997 0.1620 0.1648 0.0674 
   NS_SS1000  1 0.2749 0.0998 0.1963 0.1386 0.0747 0.2157 
   NS_SS0919  1 0.1399 0.1679 0.1738 0.3821 0.0706 0.0656 
   NS_SS0949  1 0.0736 0.2655 0.0820 0.1592 0.1914 0.2283 
   NS_SS0960  1 0.1650 0.2188 0.1854 0.2127 0.1352 0.0828 
   NS_SS0716  1 0.5564 0.0973 0.0780 0.0625 0.1447 0.0611 
   NS_SS0924  1 0.1330 0.1913 0.2933 0.1244 0.1438 0.1142 
   NS_SS0935  1 0.1135 0.3036 0.1997 0.0759 0.1937 0.1135 
   NS_SS0952  1 0.1134 0.2585 0.2582 0.1873 0.0843 0.0983 
   NS_SS0962  1 0.3119 0.0960 0.1123 0.2423 0.1103 0.1271 
   NS_SS0973  1 0.0716 0.1080 0.2681 0.1974 0.1623 0.1927 
   NS_SS0722  1 0.2395 0.0595 0.2266 0.0837 0.0876 0.3030 
   NS_SS0979  1 0.2427 0.0924 0.2376 0.1279 0.2074 0.0920 
   NS_SS0993  1 0.1405 0.0562 0.2448 0.1258 0.1636 0.2692 
   NS_SS0958  1 0.2320 0.2953 0.1604 0.0935 0.0890 0.1299 
   NS_SS0988  1 0.2409 0.1931 0.1903 0.2420 0.0795 0.0541 
   NS_SS1003  1 0.1289 0.0530 0.1067 0.4024 0.2467 0.0624 
   NS_SS0976  1 0.0869 0.2545 0.2214 0.1775 0.1436 0.1161 
   NS_SS0964  1 0.2281 0.0689 0.1184 0.0889 0.2014 0.2943 
   NS_SS0939  1 0.4448 0.0526 0.0409 0.1016 0.2751 0.0849 
   NS_SS0990  1 0.3032 0.2090 0.0584 0.2172 0.1296 0.0827 
   NS_SS0984  1 0.3233 0.0646 0.1294 0.1308 0.1013 0.2506 
   NS_SS0980  1 0.1153 0.0677 0.1852 0.3019 0.0727 0.2572 
   NS_SS0978  1 0.1222 0.0885 0.1382 0.3340 0.0997 0.2174 
   NS_SS0951  1 0.1521 0.2256 0.2759 0.0657 0.2147 0.0660 
   NS_SS0913  1 0.2160 0.1031 0.1615 0.0825 0.2566 0.1803 
   NS_SS1002  1 0.2488 0.0604 0.1696 0.3924 0.0517 0.0771 
   NS_SS0948  1 0.1850 0.1646 0.2893 0.1361 0.1305 0.0944 
   NS_SS0916  1 0.1317 0.1440 0.0595 0.1827 0.1696 0.3125 
   NS_SS0995  1 0.2215 0.0905 0.0766 0.1669 0.2170 0.2275 
   NS_SS0927  1 0.1930 0.2310 0.0924 0.2023 0.0843 0.1970 
   NS_SS0992  1 0.1103 0.1506 0.1006 0.2590 0.1094 0.2701 
   NS_SS0912  1 0.2317 0.1921 0.1765 0.1250 0.2205 0.0543 
   NS_SS0981  1 0.2455 0.0868 0.2555 0.1932 0.1620 0.0569 
   NS_SS0729  2 0.0449 0.3132 0.1773 0.0971 0.0544 0.3132 
   NS_SS0967  2 0.1223 0.0867 0.2795 0.3057 0.0829 0.1229 
   NS_SS0941  2 0.1502 0.1040 0.0898 0.1721 0.1521 0.3317 
   NS_SS0768  2 0.1304 0.1284 0.2274 0.1538 0.2540 0.1061 
   NS_SS0726  2 0.0576 0.1880 0.0956 0.2117 0.0921 0.3551 
   NS_SS0763  2 0.1204 0.2480 0.1622 0.1245 0.1038 0.2410 
   NS_SS0730  2 0.3377 0.0887 0.1116 0.1548 0.1810 0.1264 
   NS_SS0774  2 0.2481 0.0684 0.1414 0.2190 0.0960 0.2270 
   NS_SS0723  2 0.1828 0.0483 0.1596 0.3106 0.1344 0.1643 
   NS_SS0940  2 0.1909 0.1884 0.0680 0.1524 0.1784 0.2220 
   NS_SS0762  2 0.2430 0.0460 0.1679 0.0930 0.1240 0.3261 
   NS_SS0766  2 0.2691 0.1552 0.0677 0.0771 0.1752 0.2558 
   NS_SS0724  2 0.0968 0.0887 0.3075 0.0810 0.2200 0.2060 
   NS_SS0769  2 0.2736 0.1434 0.1178 0.2396 0.1376 0.0880 
   NS_SS0777  2 0.2143 0.2214 0.1826 0.1618 0.1550 0.0649 
   NS_SS0734  2 0.1639 0.1503 0.0846 0.1418 0.3045 0.1549 
   NS_SS0737  2 0.1947 0.0580 0.0808 0.1070 0.1267 0.4328 
   NS_SS0732  2 0.1601 0.0716 0.1970 0.0879 0.3685 0.1149 
   NS_SS0728  2 0.1326 0.0954 0.1046 0.1207 0.2764 0.2703 
   NS_SS0735  2 0.1034 0.0701 0.1476 0.0733 0.2663 0.3393 
   NS_SS0725  2 0.1098 0.0786 0.1019 0.1846 0.1904 0.3347 
   NS_SS0788  2 0.1842 0.1280 0.0947 0.3731 0.1210 0.0990 
   NS_SS0778  2 0.1382 0.1608 0.0948 0.3698 0.1578 0.0787 
   NS_SS0792  2 0.1176 0.1419 0.1595 0.1497 0.2455 0.1858 
   NS_SS0943  2 0.0446 0.2528 0.2804 0.1107 0.2124 0.0991 
   NS_SS0791  2 0.1231 0.1562 0.0605 0.0842 0.3442 0.2318 
   NS_SS0790  2 0.1664 0.0424 0.3326 0.1172 0.2221 0.1193 
   NS_SS0731  2 0.2762 0.0924 0.1792 0.0999 0.2454 0.1069 
   NS_SS0727  2 0.1029 0.2358 0.0876 0.0518 0.0874 0.4344 
   NS_SS0779  2 0.2062 0.1291 0.1680 0.1729 0.1884 0.1355 
   NS_SS0776  2 0.2216 0.1255 0.1172 0.1401 0.1768 0.2187 
   NS_SS0775  2 0.3651 0.0590 0.0854 0.1183 0.1671 0.2050 
   NS_SS0965  3 0.1321 0.1050 0.2129 0.2011 0.2618 0.0871 
   NS_SS0754  3 0.0847 0.2139 0.1304 0.1408 0.2759 0.1543 
   NS_SS0838  3 0.2125 0.1632 0.1606 0.1455 0.1244 0.1938 
   NS_SS0839  3 0.2578 0.0542 0.1376 0.1775 0.1747 0.1984 
   NS_SS0832  3 0.1936 0.0473 0.2712 0.2193 0.1697 0.0989 
   NS_SS0820  3 0.1330 0.0599 0.2475 0.2194 0.2072 0.1331 
   NS_SS0886  3 0.1435 0.2195 0.1020 0.1511 0.2615 0.1225 
   NS_SS0748  3 0.1923 0.1720 0.2671 0.1628 0.1242 0.0816 
   NS_SS0884  3 0.1123 0.1549 0.1700 0.2240 0.1503 0.1885 
   NS_SS0752  3 0.1650 0.0986 0.1208 0.1970 0.1497 0.2688 
   NS_SS0862  3 0.0825 0.0552 0.1895 0.1327 0.4035 0.1365 
   NS_SS0787  3 0.1143 0.4814 0.0957 0.1470 0.1003 0.0614 
   NS_SS0843  3 0.1110 0.1209 0.1835 0.1655 0.1770 0.2422 
   NS_SS0856  3 0.2481 0.1344 0.0611 0.1578 0.1262 0.2724 
   NS_SS0846  3 0.0729 0.1678 0.2383 0.2606 0.0650 0.1954 
   NS_SS0825  3 0.1196 0.1482 0.1112 0.2923 0.2571 0.0717 
   NS_SS0757  3 0.1143 0.1849 0.1983 0.1544 0.2507 0.0975 
   NS_SS0876  3 0.1138 0.0950 0.1855 0.1424 0.2149 0.2483 
   NS_SS0903  3 0.1180 0.0511 0.1881 0.2817 0.0882 0.2728 
   NS_SS0875  3 0.3590 0.1258 0.1184 0.1694 0.1524 0.0750 
   NS_SS0740  3 0.1140 0.1226 0.2377 0.1259 0.1749 0.2249 
   NS_SS0811  3 0.3245 0.0609 0.2240 0.0633 0.2650 0.0623 
   NS_SS0751  3 0.3364 0.1065 0.0833 0.1908 0.1079 0.1751 
   NS_SS0891  3 0.1854 0.1288 0.1551 0.1689 0.1072 0.2546 
   NS_SS0867  3 0.0553 0.1450 0.2408 0.3140 0.1709 0.0739 
   NS_SS0890  3 0.2396 0.1292 0.1959 0.1492 0.1228 0.1633 
   NS_SS0866  3 0.0866 0.3924 0.0704 0.1665 0.1300 0.1542 
   NS_SS0755  3 0.1257 0.1094 0.2482 0.1817 0.2369 0.0981 
   NS_SS0758  3 0.1101 0.1230 0.1568 0.1272 0.1718 0.3111 
   NS_SS0840  3 0.2110 0.0554 0.1988 0.2508 0.1582 0.1257 
   NS_SS0889  3 0.1037 0.3279 0.1326 0.0818 0.2653 0.0887 
   NS_SS1010  3 0.2450 0.1262 0.1737 0.2957 0.0923 0.0672 
   NS_SS0888  3 0.0906 0.2876 0.0737 0.0917 0.2111 0.2453 
   NS_SS0837  3 0.1386 0.0780 0.3148 0.1049 0.2822 0.0815 
   NS_SS0794  3 0.1682 0.2439 0.1106 0.0760 0.2098 0.1914 
   NS_SS0823  3 0.1145 0.0730 0.3116 0.1386 0.1159 0.2464 
   NS_SS0829  3 0.0899 0.3452 0.1887 0.0673 0.2577 0.0512 
   NS_SS0844  3 0.0640 0.0420 0.5922 0.0929 0.0849 0.1239 
   NS_SS1008  3 0.2155 0.2501 0.1215 0.0720 0.1124 0.2284 
   NS_SS0881  3 0.2718 0.1618 0.0965 0.2392 0.1503 0.0805 
   NS_SS0834  3 0.1316 0.0816 0.1065 0.1705 0.1158 0.3940 
   NS_SS0744  3 0.0875 0.1163 0.1470 0.2555 0.2187 0.1750 
   NS_SS0899  3 0.2379 0.0773 0.2600 0.0862 0.2567 0.0818 
   NS_SS0804  3 0.1390 0.0497 0.1961 0.2365 0.2219 0.1568 
   NS_SS0781  3 0.2412 0.0565 0.2269 0.2817 0.0887 0.1049 
   NS_SS0822  3 0.0528 0.1494 0.1982 0.0794 0.2122 0.3079 
   NS_SS1004  3 0.0970 0.0981 0.3026 0.2328 0.1335 0.1360 
   NS_SS0746  3 0.1195 0.1595 0.3492 0.1216 0.0845 0.1657 
   NS_SS0880  3 0.1246 0.0891 0.2315 0.2240 0.1698 0.1610 
   NS_SS0879  3 0.1021 0.1160 0.1905 0.1395 0.1976 0.2544 
   NS_SS0753  3 0.1239 0.2194 0.2438 0.1015 0.2247 0.0867 
   NS_SS1007  3 0.2628 0.1008 0.0507 0.1993 0.0932 0.2933 
   NS_SS0872  3 0.2515 0.0802 0.1755 0.1933 0.1169 0.1826 
   NS_SS1005  3 0.1730 0.0944 0.2829 0.2386 0.0845 0.1266 
   NS_SS0892  3 0.2095 0.1555 0.1464 0.1446 0.1642 0.1799 
   NS_SS0898  3 0.1532 0.1921 0.1749 0.1968 0.1823 0.1007 
   NS_SS0801  3 0.1319 0.1343 0.2755 0.1255 0.2540 0.0788 
   NS_SS0827  3 0.3085 0.2050 0.1324 0.1638 0.1481 0.0421 
   NS_SS0853  3 0.3281 0.1939 0.1981 0.0644 0.1503 0.0651 
   NS_SS0780  3 0.1536 0.0811 0.1119 0.2991 0.2124 0.1418 
   NS_SS0826  3 0.1035 0.1500 0.2802 0.2803 0.1201 0.0657 
   NS_SS0818  3 0.1998 0.0493 0.1255 0.3083 0.1558 0.1613 
   NS_SS0745  3 0.4003 0.0588 0.0501 0.0946 0.1757 0.2205 
   NS_SS0849  3 0.1403 0.0933 0.1766 0.1426 0.4065 0.0407 
   NS_SS0739  3 0.2421 0.1023 0.0553 0.1973 0.2784 0.1246 
   NS_SS0799  3 0.1525 0.1899 0.1265 0.0951 0.1783 0.2578 
   NS_SS0756  3 0.1912 0.0669 0.2634 0.2681 0.1346 0.0759 
   NS_SS0802  3 0.1730 0.1939 0.1060 0.2725 0.0796 0.1751 
   NS_SS0747  3 0.1530 0.1227 0.2483 0.2199 0.1169 0.1392 
   NS_SS0835  3 0.1096 0.3713 0.0945 0.2311 0.0644 0.1291 
   NS_SS0742  3 0.1333 0.0748 0.1680 0.2437 0.2225 0.1576 
   NS_SS0760  3 0.1541 0.3624 0.1541 0.0956 0.1231 0.1108 
   NS_SS0803  3 0.0619 0.0470 0.3920 0.1560 0.0948 0.2482 
   NS_SS0828  3 0.1756 0.1324 0.1436 0.1300 0.3114 0.1069 
   NS_SS0865  3 0.0686 0.1245 0.1230 0.3589 0.2628 0.0621 
   NS_SS0759  3 0.2152 0.0650 0.1405 0.1516 0.2340 0.1937 
   NS_SS0851  3 0.1368 0.0749 0.1540 0.0964 0.4662 0.0717 
   NS_SS0874  3 0.1203 0.0866 0.4205 0.1534 0.1017 0.1175 
   NS_SS0761  3 0.0764 0.3098 0.2183 0.1224 0.1900 0.0831 
   NS_SS0842  3 0.2600 0.2256 0.1525 0.1391 0.1205 0.1024 
   NS_SS0785  3 0.1292 0.1903 0.2065 0.1728 0.1537 0.1475 
   NS_SS0860  3 0.0915 0.3836 0.1327 0.1995 0.0699 0.1228 
   NS_SS0897  3 0.0913 0.4011 0.0874 0.0795 0.2284 0.1123 
   NS_SS0841  3 0.2559 0.0653 0.1788 0.1185 0.2508 0.1305 
   NS_SS0797  3 0.1386 0.2162 0.1825 0.1396 0.2563 0.0668 
   NS_SS0830  3 0.1739 0.1415 0.1466 0.1644 0.2725 0.1011 
   NS_SS1011  3 0.0869 0.0622 0.1780 0.4026 0.1711 0.0993 
   NS_SS0883  3 0.2232 0.1598 0.1491 0.0913 0.2846 0.0920 
   NS_SS0782  3 0.1592 0.1559 0.1183 0.0949 0.1309 0.3408 
   NS_SS0831  3 0.1001 0.3198 0.1046 0.0798 0.3158 0.0798 
   NS_SS0749  3 0.1395 0.1303 0.0916 0.1210 0.3295 0.1881 
   NS_SS0854  3 0.0717 0.1405 0.1562 0.0938 0.1337 0.4041 
   HI_SS0193  4 0.0638 0.2160 0.0708 0.1030 0.2338 0.3126 
   HI_SS0194  4 0.1196 0.0943 0.1141 0.2110 0.1166 0.3443 
   HI_SS0195  4 0.2317 0.0502 0.0898 0.2059 0.3026 0.1198 
   HI_SS0196  4 0.2091 0.1482 0.1138 0.0978 0.1468 0.2843 
   HI_SS0197  4 0.2145 0.0902 0.0718 0.4853 0.0536 0.0846 
   HI_SS0198  4 0.1204 0.1756 0.1216 0.1411 0.3283 0.1131 
   HI_SS0199  4 0.1179 0.1881 0.0901 0.1343 0.1451 0.3245 
   HI_SS0201  4 0.0655 0.3635 0.2084 0.1207 0.1765 0.0654 
   HI_SS0215  4 0.1130 0.3269 0.1800 0.1916 0.1208 0.0676 
   HI_SS0218  4 0.1033 0.3554 0.0647 0.0618 0.2204 0.1945 
   HI_SS0222  4 0.2207 0.1374 0.0644 0.1531 0.2253 0.1991 
   HI_SS0230  4 0.3397 0.1191 0.1975 0.2154 0.0747 0.0535 
   HI_SS0234  4 0.1179 0.1315 0.1367 0.1935 0.0797 0.3407 
   HI_SS0240  4 0.1524 0.0894 0.0661 0.1529 0.1385 0.4006 
   HI_SS0241  4 0.1041 0.2703 0.1883 0.1797 0.1376 0.1200 
   HI_SS0242  4 0.1008 0.1564 0.2170 0.1312 0.2342 0.1603 
   HI_SS0247  4 0.1225 0.1317 0.3735 0.1666 0.1356 0.0702 
   HI_SS0248  4 0.1345 0.2739 0.1695 0.0501 0.0877 0.2842 
   HI_SS0252  4 0.0909 0.0819 0.1743 0.0910 0.2220 0.3398 
   HI_SS0254  4 0.1814 0.1800 0.1772 0.2312 0.0838 0.1465 
   HI_SS0256  4 0.1447 0.0256 0.2725 0.2441 0.1143 0.1987 
   HI_SS0257  4 0.0583 0.2806 0.2335 0.1790 0.0564 0.1921 
   HI_SS0258  4 0.1302 0.3159 0.1803 0.0859 0.1395 0.1483 
   HI_SS0259  4 0.1264 0.0847 0.0693 0.3248 0.1995 0.1952 
   HI_SS0260  4 0.2273 0.2971 0.0864 0.1242 0.0971 0.1680 
   HI_SS0261  4 0.1364 0.1833 0.1946 0.2203 0.0846 0.1808 
   HI_SS0262  4 0.1860 0.1029 0.1028 0.1895 0.2843 0.1344 
   HI_SS0264  4 0.3946 0.1158 0.1644 0.1701 0.0995 0.0555 
   HI_SS0265  4 0.1597 0.1104 0.1238 0.2781 0.2379 0.0900 
   HI_SS0268  4 0.3431 0.2203 0.0608 0.1800 0.1236 0.0723 
   HI_SS0269  4 0.0480 0.3570 0.1084 0.2242 0.0627 0.1998 
   HI_SS0273  4 0.0835 0.2577 0.2110 0.2357 0.1222 0.0897 
   HI_SS0277  4 0.1969 0.0751 0.1186 0.4111 0.1273 0.0711 
   HI_SS0280  4 0.1925 0.1143 0.0677 0.1435 0.3722 0.1098 
   HI_SS0282  4 0.0705 0.1842 0.2087 0.1415 0.2402 0.1548 
   HI_SS0286  4 0.1050 0.1905 0.1176 0.1714 0.2620 0.1535 
   NS_SS1252  5 0.0818 0.4197 0.1487 0.0606 0.1468 0.1424 
   NS_SS1261  5 0.2388 0.1707 0.1828 0.1535 0.1239 0.1303 
   NS_SS1225  5 0.0713 0.2189 0.4358 0.1025 0.0809 0.0906 
   NS_SS1266  5 0.0849 0.0457 0.4959 0.1263 0.1176 0.1296 
   NS_SS1228  5 0.2081 0.0818 0.0847 0.1205 0.4013 0.1036 
   NS_SS1255  5 0.2032 0.1202 0.1008 0.0893 0.0873 0.3992 
   NS_SS1267  5 0.1115 0.4684 0.0609 0.1074 0.1268 0.1250 
   NS_SS1238  5 0.2476 0.1672 0.0916 0.1771 0.2156 0.1008 
   NS_SS1233  5 0.1653 0.0732 0.4919 0.0928 0.1089 0.0678 
   NS_SS1277  5 0.1334 0.2327 0.0680 0.0875 0.1663 0.3121 
   NS_SS1245  5 0.1163 0.1827 0.2837 0.1134 0.0836 0.2203 
   NS_SS1240  5 0.0984 0.4803 0.0860 0.1363 0.0495 0.1496 
   NS_SS1275  5 0.1680 0.0450 0.1543 0.3140 0.2077 0.1109 
   NS_SS1235  5 0.0626 0.0989 0.2298 0.1339 0.0497 0.4252 
   NS_SS1263  5 0.1801 0.0722 0.3058 0.0933 0.1136 0.2349 
   NS_SS1251  5 0.1478 0.0923 0.3093 0.1919 0.0859 0.1729 
   NS_SS1248  5 0.2068 0.1300 0.1025 0.0808 0.4408 0.0389 
   NS_SS1244  5 0.0667 0.1083 0.2036 0.3305 0.1867 0.1042 
   NS_SS1257  5 0.1016 0.2890 0.1180 0.0879 0.1852 0.2183 
   NS_SS1242  5 0.2939 0.0822 0.1800 0.1331 0.1493 0.1615 
   NS_SS1271  5 0.0760 0.3940 0.0764 0.1463 0.1659 0.1413 
   NS_SS1265  5 0.1339 0.3650 0.1606 0.1456 0.1053 0.0897 
   NS_SS1243  5 0.1745 0.0928 0.1201 0.0831 0.3212 0.2083 
   NS_SS1273  5 0.4222 0.0606 0.1357 0.1365 0.0846 0.1603 
   NS_SS1254  5 0.2204 0.0772 0.3896 0.1210 0.0799 0.1119 
   NS_SS1224  5 0.1426 0.0768 0.2712 0.1548 0.2384 0.1162 
   NS_SS1227  5 0.2201 0.2679 0.0827 0.2290 0.0599 0.1404 
   NS_SS1274  5 0.1263 0.2339 0.1481 0.0967 0.1822 0.2128 
   NS_SS1241  5 0.1000 0.2047 0.2540 0.1407 0.1623 0.1382 
   NS_SS1256  5 0.1397 0.1767 0.3003 0.2275 0.0694 0.0864 
   NS_SS1260  5 0.1154 0.2797 0.1359 0.1421 0.1420 0.1850 
   NS_SS1262  5 0.0915 0.1996 0.3017 0.1363 0.1615 0.1094 
   NS_SS1230  5 0.2041 0.2022 0.1847 0.1269 0.1548 0.1272 
   NS_SS1270  5 0.0700 0.0825 0.3759 0.1098 0.2958 0.0659 
   NS_SS1229  5 0.0849 0.0637 0.1063 0.2676 0.0607 0.4168 
   NS_SS1246  5 0.0798 0.2661 0.0626 0.2410 0.0951 0.2554 
   NS_SS1269  5 0.1930 0.1120 0.1667 0.1487 0.1902 0.1895 
   NS_SS1239  5 0.0824 0.0596 0.0825 0.1133 0.3256 0.3367 
   NS_SS1272  5 0.1787 0.1052 0.1666 0.3907 0.0783 0.0804 
   NS_SS1268  5 0.1168 0.0706 0.2595 0.0884 0.3962 0.0687 
   NS_SS1249  5 0.0755 0.3705 0.1218 0.0799 0.1132 0.2390 
   HI_SS0559  6 0.1236 0.1389 0.1802 0.1097 0.2632 0.1845 
   HI_SS0563  6 0.1448 0.1386 0.1803 0.2175 0.1350 0.1838 
   HI_SS0564  6 0.0951 0.1077 0.1363 0.2115 0.2737 0.1758 
   HI_SS0565  6 0.1487 0.2119 0.1442 0.3359 0.0879 0.0713 
   HI_SS0569  6 0.0838 0.2871 0.3462 0.1452 0.0880 0.0497 
   HI_SS0570  6 0.1198 0.3161 0.0645 0.1293 0.1988 0.1715 
   HI_SS0572  6 0.1600 0.0734 0.1377 0.1558 0.0950 0.3781 
   HI_SS0576  6 0.2646 0.0713 0.1045 0.1164 0.3040 0.1392 
   HI_SS0579  6 0.0535 0.1904 0.4012 0.0785 0.0750 0.2013 
   HI_SS0580  6 0.2079 0.2698 0.1038 0.0919 0.1277 0.1988 
   HI_SS0581  6 0.1915 0.0539 0.0975 0.2716 0.2860 0.0995 
   HI_SS0583  6 0.1745 0.3438 0.1477 0.1067 0.0529 0.1744 
   HI_SS0586  6 0.2338 0.4276 0.0833 0.0841 0.1205 0.0507 
   HI_SS0588  6 0.1169 0.2336 0.2936 0.0869 0.1023 0.1666 
   HI_SS0595  6 0.2245 0.2209 0.0781 0.3108 0.0599 0.1057 
   HI_SS0596  6 0.2631 0.0659 0.1369 0.0749 0.0856 0.3735 
   HI_SS0597  6 0.2238 0.0926 0.1401 0.2300 0.0779 0.2355 
   HI_SS0600  6 0.0888 0.1795 0.0991 0.3168 0.1346 0.1811 
   HI_SS0601  6 0.0849 0.1658 0.3627 0.1919 0.1245 0.0703 
   HI_SS0602  6 0.2279 0.2755 0.1048 0.0755 0.2204 0.0959 
   HI_SS0604  6 0.0861 0.1440 0.2621 0.0656 0.2200 0.2222 
   HI_SS0605  6 0.0734 0.1469 0.1001 0.1223 0.4128 0.1444 
   HI_SS0608  6 0.3577 0.1307 0.1030 0.1080 0.1500 0.1505 
   HI_SS0609  6 0.1899 0.0796 0.3489 0.1934 0.0616 0.1267 
   HI_SS0611  6 0.1369 0.3030 0.0914 0.0714 0.3070 0.0902 
   HI_SS0612  6 0.0559 0.1213 0.3290 0.2430 0.0487 0.2022 
   HI_SS0613  6 0.1578 0.1396 0.1817 0.0873 0.3743 0.0592 
   HI_SS0615  6 0.2169 0.0502 0.0778 0.1491 0.2474 0.2586 
   HI_SS0001  6 0.1124 0.2017 0.0841 0.1985 0.0916 0.3115 
   HI_SS0002  6 0.2002 0.0768 0.2593 0.2077 0.0820 0.1741 
   HI_SS0004  6 0.1615 0.2867 0.0777 0.0883 0.1693 0.2165 
   HI_SS0005  6 0.2284 0.1057 0.1054 0.1365 0.3559 0.0680 
   HI_SS0006  6 0.0753 0.2658 0.1978 0.2547 0.0873 0.1191 
   HI_SS0007  6 0.0834 0.2219 0.0750 0.0581 0.4251 0.1365 
   HI_SS0008  6 0.2145 0.1351 0.1453 0.2651 0.1481 0.0918 
   HI_SS0009  6 0.2001 0.0722 0.1306 0.0701 0.2639 0.2631 
   HI_SS0010  6 0.2317 0.1945 0.1680 0.1428 0.1890 0.0740 
   HI_SS0011  6 0.1615 0.0863 0.3637 0.2148 0.1274 0.0462 
   HI_SS0012  6 0.1869 0.0554 0.1069 0.3232 0.1557 0.1720 
   HI_SS0017  6 0.1341 0.0812 0.0991 0.1116 0.1431 0.4310 
   HI_SS0021  6 0.3168 0.2977 0.1131 0.1507 0.0693 0.0524 
   HI_SS0024  6 0.2847 0.0860 0.0671 0.2184 0.1940 0.1499 
   HI_SS0025  6 0.2209 0.0889 0.2013 0.0735 0.1563 0.2591 
   HI_SS0027  6 0.1092 0.2100 0.2358 0.0708 0.2436 0.1306 
   HI_SS0028  6 0.4050 0.0516 0.1120 0.2434 0.1384 0.0497 
   HI_SS0029  6 0.4216 0.1757 0.0555 0.1298 0.0864 0.1309 
   HI_SS0030  6 0.0760 0.1482 0.1526 0.1704 0.2106 0.2422 
   HI_SS0031  6 0.1564 0.0925 0.1654 0.3481 0.0602 0.1774 
   HI_SS0034  6 0.0627 0.2878 0.2050 0.1357 0.1338 0.1749 
   HI_SS0036  6 0.1418 0.3541 0.0459 0.1836 0.1841 0.0904 
   HI_SS0037  6 0.1776 0.3424 0.1987 0.0644 0.1637 0.0532 
   HI_SS0039  6 0.2185 0.2486 0.0938 0.1596 0.2280 0.0516 
   HI_SS0041  6 0.1596 0.0673 0.0767 0.1117 0.4085 0.1763 
   HI_SS0042  6 0.3030 0.0751 0.1483 0.1944 0.1365 0.1427 
   HI_SS0043  6 0.0714 0.4027 0.1059 0.1716 0.1584 0.0899 
   HI_SS0044  6 0.2777 0.2253 0.0505 0.1106 0.0773 0.2585 
   HI_SS0047  6 0.1020 0.0773 0.1864 0.1341 0.2209 0.2793 
   HI_SS0049  6 0.1969 0.1002 0.2164 0.0759 0.1178 0.2929 
   HI_SS0051  6 0.0674 0.1071 0.2600 0.1097 0.3650 0.0909 
   HI_SS0053  6 0.0695 0.3150 0.1228 0.2350 0.1256 0.1321 
   HI_SS0054  6 0.0601 0.3098 0.2957 0.0913 0.1783 0.0648 
   HI_SS0057  6 0.1384 0.1069 0.1720 0.1698 0.3079 0.1049 
   HI_SS0058  6 0.1555 0.2917 0.2458 0.0720 0.1130 0.1220 
   HI_SS0060  6 0.1415 0.1059 0.1869 0.1871 0.2919 0.0868 
   HI_SS0087  6 0.1046 0.1874 0.1969 0.2383 0.1214 0.1515 
   HI_SS0091  6 0.0642 0.3710 0.1037 0.2862 0.0701 0.1048 
   HI_SS0095  6 0.0950 0.1613 0.1390 0.2254 0.1828 0.1966 
   HI_SS0097  6 0.0801 0.0913 0.4487 0.1434 0.1071 0.1294 
   HI_SS0099  6 0.4534 0.1442 0.1025 0.1071 0.0782 0.1146 
   HI_SS0103  6 0.1140 0.1139 0.1172 0.2268 0.1113 0.3169 
   HI_SS0105  6 0.1155 0.1325 0.2084 0.3008 0.1657 0.0770 
   HI_SS0107  6 0.1156 0.0549 0.1143 0.1919 0.1253 0.3979 
   HI_SS0108  6 0.0650 0.4605 0.1007 0.1013 0.1432 0.1292 
   HI_SS0110  6 0.1279 0.1602 0.0782 0.3596 0.0709 0.2031 
   HI_SS0111  6 0.1684 0.1374 0.0883 0.2416 0.1735 0.1907 
   HI_SS0112  6 0.1291 0.4224 0.0742 0.1051 0.1425 0.1266 
   HI_SS0113  6 0.3183 0.0740 0.1537 0.1837 0.1117 0.1585 
   HI_SS0114  6 0.1163 0.2781 0.1706 0.1483 0.2176 0.0691 
   HI_SS0115  6 0.1754 0.1385 0.1529 0.0831 0.1516 0.2984 
   HI_SS0116  6 0.2368 0.3215 0.0801 0.0817 0.0454 0.2345 
   HI_SS0117  6 0.1061 0.2379 0.2553 0.2483 0.0515 0.1008 
   HI_SS0118  6 0.1608 0.2384 0.1819 0.2362 0.0826 0.1000 
   HI_SS0119  6 0.0766 0.1896 0.1203 0.3782 0.1434 0.0919 
   HI_SS0120  6 0.0988 0.0553 0.1019 0.2473 0.0844 0.4123 
   HI_SS0121  6 0.2514 0.0718 0.2110 0.3059 0.1196 0.0402 
   HI_SS0122  6 0.1414 0.1469 0.1617 0.2116 0.2283 0.1101 
   HI_SS0123  6 0.1316 0.1464 0.1530 0.3552 0.0846 0.1293 
   HI_SS0124  6 0.2822 0.0617 0.0980 0.1052 0.1795 0.2734 
   HI_SS0125  6 0.3202 0.0552 0.1053 0.1684 0.1771 0.1738 
   HI_SS0126  6 0.1891 0.3591 0.0799 0.1002 0.0827 0.1890 
   HI_SS0127  6 0.1069 0.1162 0.2755 0.0728 0.3610 0.0676 
   HI_SS0128  6 0.1735 0.1120 0.1820 0.1464 0.0741 0.3119 
   HI_SS0129  6 0.1008 0.2408 0.0864 0.1304 0.2545 0.1871 
   HI_SS0131  6 0.1531 0.2156 0.2833 0.0845 0.2115 0.0521 
   HI_SS0132  6 0.2100 0.1100 0.1347 0.3361 0.1318 0.0776 
   HI_SS0133  6 0.0682 0.4348 0.0734 0.0967 0.1659 0.1609 
   HI_SS0134  6 0.1200 0.1726 0.1927 0.2563 0.1142 0.1442 
   HI_SS0142  6 0.0943 0.1019 0.2259 0.3458 0.1218 0.1103 
   HI_SS0145  6 0.0965 0.1763 0.2946 0.1198 0.1040 0.2089 
   HI_SS0146  6 0.0964 0.2091 0.2197 0.1354 0.1750 0.1644 
   HI_SS0147  6 0.1211 0.0811 0.1991 0.1406 0.3869 0.0712 
   HI_SS0149  6 0.1894 0.1380 0.1523 0.3852 0.0838 0.0513 
   HI_SS0150  6 0.1709 0.0718 0.1818 0.1182 0.2448 0.2125 
   HI_SS0151  6 0.0638 0.1103 0.0897 0.0808 0.2667 0.3887 
   NS_SS1451  6 0.2251 0.0527 0.0880 0.1843 0.2819 0.1681 
   NS_SS1404  6 0.1878 0.1077 0.1239 0.1395 0.3542 0.0868 
   NS_SS1432  6 0.3749 0.0551 0.0463 0.2849 0.0788 0.1599 
   NS_SS1405  6 0.4049 0.1462 0.0902 0.0966 0.0956 0.1665 
   NS_SS1431  6 0.2524 0.0651 0.0992 0.3025 0.0991 0.1817 
   NS_SS1402  6 0.1066 0.1536 0.1357 0.2776 0.1390 0.1875 
   NS_SS1450  6 0.0763 0.2036 0.0719 0.1008 0.2720 0.2754 
   NS_SS1396  6 0.2984 0.1454 0.1339 0.1509 0.1750 0.0964 
   NS_SS1393  6 0.1637 0.2016 0.1104 0.1564 0.1772 0.1908 
   NS_SS1392  6 0.1958 0.0846 0.0529 0.0893 0.2350 0.3424 
   NS_SS1445  6 0.1116 0.2782 0.2648 0.1355 0.1411 0.0689 
   NS_SS1423  6 0.1212 0.1872 0.1124 0.2429 0.0649 0.2714 
   NS_SS1421  6 0.1340 0.1626 0.1624 0.1828 0.2014 0.1568 
   NS_SS1411  6 0.1258 0.2738 0.0957 0.0626 0.3643 0.0779 
   NS_SS1453  6 0.1747 0.2634 0.0979 0.2112 0.1389 0.1139 
   NS_SS1442  6 0.1551 0.1446 0.3371 0.0908 0.1152 0.1573 
   NS_SS1422  6 0.0796 0.0902 0.2290 0.1863 0.0943 0.3206 
   NS_SS1419  6 0.1485 0.1146 0.4134 0.0793 0.1911 0.0530 
   NS_SS1427  6 0.0884 0.3554 0.0434 0.0879 0.0891 0.3358 
   NS_SS1444  6 0.2319 0.1046 0.3127 0.0561 0.1939 0.1008 
   NS_SS1455  6 0.2789 0.0681 0.2034 0.1431 0.0591 0.2475 
   NS_SS1425  6 0.0830 0.3880 0.1607 0.1083 0.1767 0.0833 
   NS_SS1400  6 0.1760 0.3458 0.2201 0.0888 0.1021 0.0673 
   NS_SS1406  6 0.2142 0.0539 0.2966 0.2874 0.0691 0.0787 
   NS_SS1417  6 0.1113 0.2014 0.2594 0.1583 0.1353 0.1343 
   NS_SS1454  6 0.2350 0.2509 0.1067 0.2438 0.1188 0.0449 
   NS_SS1412  6 0.1549 0.2079 0.1021 0.1557 0.2158 0.1637 
   NS_SS1438  6 0.0586 0.3274 0.2359 0.1076 0.1735 0.0970 
   NS_SS1416  6 0.2433 0.1694 0.1274 0.2304 0.1444 0.0851 
   NS_SS1401  6 0.2135 0.1675 0.1681 0.2602 0.0809 0.1098 
   NS_SS1424  6 0.1237 0.1506 0.0872 0.3446 0.1834 0.1105 
   NS_SS1435  6 0.2709 0.1199 0.0571 0.1501 0.1698 0.2322 
   NS_SS1447  6 0.1288 0.0900 0.3095 0.1360 0.2340 0.1017 
   NS_SS1414  6 0.2433 0.0932 0.2997 0.0853 0.1886 0.0899 
   NS_SS1449  6 0.0690 0.0863 0.0832 0.2653 0.2090 0.2872 
   NS_SS1443  6 0.0543 0.2395 0.1482 0.1528 0.0928 0.3124 
   NS_SS1434  6 0.1193 0.1103 0.1049 0.0877 0.0946 0.4831 
   NS_SS1398  6 0.2950 0.1178 0.0966 0.1335 0.1702 0.1869 
   NS_SS1426  6 0.0862 0.3909 0.1150 0.1239 0.1158 0.1682 
   NS_SS1413  6 0.1258 0.2539 0.1780 0.0957 0.1057 0.2409 
   NS_SS1395  6 0.0720 0.2521 0.1211 0.2407 0.0902 0.2239 
   NS_SS1448  6 0.1394 0.1828 0.0757 0.0890 0.3988 0.1143 
   NS_SS1446  6 0.0665 0.2475 0.1155 0.2376 0.1592 0.1738 
   NS_SS1403  6 0.2210 0.0981 0.0674 0.3830 0.0869 0.1436 
   NS_SS1415  6 0.1497 0.2735 0.1197 0.1280 0.1813 0.1478 
   NS_SS1437  6 0.3111 0.1161 0.1160 0.2582 0.1171 0.0815 
   NS_SS1439  6 0.0971 0.1349 0.2992 0.2239 0.0936 0.1513 
   NS_SS1441  6 0.1838 0.2408 0.1676 0.1279 0.0800 0.1998 
   NS_SS1420  6 0.1205 0.0621 0.0689 0.0539 0.5732 0.1215 
   NS_SS1394  6 0.3148 0.0920 0.1013 0.1550 0.2638 0.0731 
   NS_SS1391  6 0.1543 0.2205 0.0739 0.1137 0.0683 0.3693 
   NS_SS1410  6 0.2058 0.2233 0.1282 0.1743 0.0943 0.1741 
   NS_SS1408  6 0.0949 0.0828 0.1634 0.3572 0.1762 0.1255 
   NS_SS1409  6 0.1866 0.2080 0.0991 0.1248 0.0690 0.3126 
   HI_SS0617  7 0.1039 0.2119 0.0697 0.1254 0.1840 0.3051 
   HI_SS0618  7 0.2813 0.1005 0.1232 0.1166 0.1856 0.1928 
   HI_SS0619  7 0.3452 0.1679 0.1058 0.0903 0.1344 0.1564 
   HI_SS0620  7 0.0440 0.2828 0.0820 0.0436 0.3843 0.1633 
   HI_SS0621  7 0.1911 0.1034 0.1890 0.1711 0.1611 0.1843 
   HI_SS0622  7 0.1306 0.1392 0.2856 0.1252 0.2097 0.1096 
   HI_SS0626  7 0.1897 0.1262 0.1098 0.1284 0.3820 0.0639 
   HI_SS0627  7 0.2367 0.0847 0.1002 0.3021 0.1218 0.1545 
   HI_SS0628  7 0.2315 0.2930 0.0766 0.1764 0.1288 0.0936 
   HI_SS0629  7 0.2325 0.2111 0.1888 0.1697 0.1120 0.0859 
   HI_SS0630  7 0.1592 0.2120 0.1148 0.1030 0.2526 0.1584 
   HI_SS0631  7 0.1459 0.2114 0.1214 0.1004 0.2660 0.1549 
   HI_SS0632  7 0.1207 0.1378 0.2293 0.1232 0.2976 0.0915 
   HI_SS0633  7 0.2769 0.1119 0.1393 0.0572 0.0899 0.3249 
   HI_SS0634  7 0.1134 0.1477 0.0759 0.2987 0.2691 0.0951 
   HI_SS0635  7 0.2877 0.0942 0.1871 0.1709 0.1446 0.1154 
   HI_SS0637  7 0.0658 0.1253 0.2519 0.2275 0.2649 0.0647 
   HI_SS0638  7 0.1694 0.1693 0.1296 0.1363 0.1958 0.1997 
   HI_SS0639  7 0.1713 0.0651 0.1663 0.2031 0.2483 0.1459 
   HI_SS0640  7 0.1339 0.1265 0.2777 0.1381 0.1198 0.2041 
   HI_SS0641  7 0.2158 0.2734 0.1429 0.0804 0.2364 0.0512 
   HI_SS0642  7 0.1824 0.0601 0.0803 0.4599 0.0960 0.1214 
   HI_SS0645  7 0.3445 0.0531 0.0993 0.0927 0.3376 0.0728 
   HI_SS0646  7 0.0797 0.1238 0.1661 0.1874 0.0873 0.3557 
   HI_SS0647  7 0.1581 0.1333 0.1563 0.1675 0.1397 0.2451 
   HI_SS0648  7 0.1917 0.1524 0.1766 0.1558 0.1515 0.1720 
   HI_SS0649  7 0.2338 0.1505 0.2076 0.1301 0.0984 0.1796 
   HI_SS0650  7 0.1349 0.0779 0.0854 0.1272 0.1415 0.4331 
   HI_SS0651  7 0.2104 0.1336 0.1828 0.1702 0.1160 0.1870 
   HI_SS0652  7 0.1364 0.0660 0.1204 0.0735 0.4686 0.1353 
   NS_SS1371  7 0.1237 0.1799 0.0923 0.3231 0.0565 0.2244 
   NS_SS1374  7 0.1277 0.2615 0.0559 0.2339 0.2374 0.0836 
   NS_SS1337  7 0.0976 0.0600 0.1384 0.2150 0.3625 0.1266 
   NS_SS1385  7 0.1406 0.1033 0.1486 0.2233 0.1006 0.2836 
   NS_SS1388  7 0.4521 0.2030 0.1047 0.0917 0.0682 0.0804 
   NS_SS1370  7 0.0792 0.0537 0.1054 0.0762 0.6068 0.0788 
   NS_SS1389  7 0.4785 0.1354 0.0815 0.1055 0.1158 0.0834 
   NS_SS1360  7 0.1477 0.2115 0.2214 0.1374 0.2087 0.0734 
   NS_SS1330  7 0.1751 0.0747 0.1870 0.1912 0.1801 0.1918 
   NS_SS1328  7 0.0847 0.2280 0.0965 0.1602 0.0879 0.3427 
   NS_SS1384  7 0.0595 0.1652 0.2507 0.2434 0.1457 0.1355 
   NS_SS1381  7 0.1457 0.0480 0.1296 0.1115 0.1123 0.4529 
   NS_SS1375  7 0.3325 0.1027 0.0486 0.1236 0.1409 0.2517 
   NS_SS1319  7 0.1705 0.1517 0.1122 0.2310 0.1714 0.1632 
   NS_SS1326  7 0.2363 0.3490 0.0874 0.0728 0.0836 0.1709 
   NS_SS1341  7 0.0792 0.2338 0.2720 0.2422 0.0931 0.0796 
   NS_SS1383  7 0.1902 0.1119 0.0982 0.2765 0.1881 0.1351 
   NS_SS1318  7 0.1456 0.1402 0.2036 0.0976 0.2265 0.1865 
   NS_SS1348  7 0.0588 0.3145 0.1775 0.1699 0.1398 0.1395 
   NS_SS1363  7 0.2320 0.0988 0.1921 0.1740 0.2168 0.0863 
   NS_SS1335  7 0.1008 0.2000 0.3074 0.1755 0.1479 0.0683 
   NS_SS1358  7 0.0376 0.1679 0.2291 0.2630 0.1261 0.1762 
   NS_SS1342  7 0.1105 0.2055 0.1773 0.3308 0.0578 0.1181 
   NS_SS1320  7 0.2436 0.0316 0.2113 0.0793 0.0565 0.3778 
   NS_SS1355  7 0.0905 0.0766 0.4144 0.0845 0.1248 0.2093 
   NS_SS1345  7 0.0569 0.0528 0.5107 0.1290 0.1108 0.1397 
   NS_SS1324  7 0.1960 0.2477 0.1527 0.1105 0.1541 0.1390 
   NS_SS1347  7 0.1738 0.1088 0.1577 0.2406 0.1291 0.1900 
   NS_SS1321  7 0.1222 0.2319 0.0642 0.2929 0.1999 0.0890 
   NS_SS1333  7 0.2617 0.2828 0.0410 0.2406 0.0877 0.0862 
   NS_SS1364  7 0.1021 0.2461 0.3372 0.1388 0.0947 0.0811 
   NS_SS1379  7 0.1530 0.1170 0.1515 0.1465 0.1766 0.2554 
   NS_SS1332  7 0.3049 0.3764 0.0915 0.1207 0.0547 0.0519 
   NS_SS1338  7 0.1428 0.2361 0.1004 0.1630 0.2467 0.1110 
   NS_SS1368  7 0.1921 0.2821 0.2209 0.1847 0.0627 0.0575 
   NS_SS1354  7 0.1919 0.1398 0.2215 0.2321 0.1214 0.0933 
   NS_SS1365  7 0.2227 0.0863 0.1890 0.1542 0.2107 0.1370 
   NS_SS1380  7 0.1844 0.0766 0.3776 0.1270 0.1490 0.0855 
   NS_SS1329  7 0.1627 0.2259 0.1520 0.3308 0.0534 0.0752 
   NS_SS1362  7 0.1097 0.1621 0.1812 0.2022 0.0889 0.2560 
   NS_SS1327  7 0.0760 0.5399 0.0552 0.0991 0.1051 0.1247 
   NS_SS1350  7 0.0965 0.1478 0.0511 0.1400 0.1156 0.4489 
   NS_SS1387  7 0.3531 0.1330 0.1360 0.0885 0.2220 0.0673 
   NS_SS1369  7 0.0648 0.2124 0.2556 0.0996 0.2775 0.0901 
   NS_SS1331  7 0.3183 0.1639 0.0698 0.1568 0.2298 0.0614 
   NS_SS1357  7 0.0919 0.1559 0.0833 0.1104 0.0632 0.4954 
   NS_SS1386  7 0.0862 0.4191 0.1432 0.2306 0.0605 0.0605 
   NS_SS1353  7 0.2265 0.1244 0.1006 0.1739 0.0900 0.2847 
   NS_SS1323  7 0.1793 0.0633 0.2107 0.2444 0.1138 0.1885 
   HI_SS0296  8 0.1067 0.1724 0.1239 0.0541 0.3843 0.1587 
   HI_SS0297  8 0.1534 0.0796 0.0596 0.2671 0.1007 0.3396 
   HI_SS0299  8 0.0535 0.1504 0.2122 0.1802 0.2238 0.1799 
   HI_SS0300  8 0.0756 0.1210 0.2565 0.1038 0.3201 0.1229 
   HI_SS0301  8 0.1853 0.1173 0.1784 0.1793 0.3037 0.0360 
   HI_SS0302  8 0.1072 0.2175 0.1945 0.0569 0.3312 0.0927 
   HI_SS0303  8 0.2087 0.3233 0.1093 0.0910 0.0837 0.1839 
   HI_SS0304  8 0.3247 0.1570 0.0630 0.1463 0.1975 0.1115 
   HI_SS0306  8 0.0835 0.2863 0.1041 0.0891 0.3250 0.1120 
   HI_SS0307  8 0.2272 0.0880 0.1706 0.2128 0.1895 0.1120 
   HI_SS0308  8 0.2603 0.1005 0.2075 0.2069 0.1277 0.0971 
   HI_SS0309  8 0.0774 0.0769 0.2655 0.2381 0.2227 0.1194 
   HI_SS0310  8 0.2674 0.1657 0.1796 0.0927 0.1043 0.1902 
   HI_SS0311  8 0.1143 0.1225 0.2375 0.1443 0.2980 0.0835 
   HI_SS0314  8 0.3626 0.1519 0.0888 0.1201 0.0578 0.2189 
   HI_SS0316  8 0.2286 0.2343 0.2056 0.1394 0.0984 0.0938 
   HI_SS0317  8 0.1652 0.1051 0.0975 0.3242 0.2024 0.1056 
   HI_SS0318  8 0.0873 0.3075 0.1107 0.2346 0.1789 0.0810 
   HI_SS0319  8 0.0848 0.4157 0.1819 0.0992 0.0545 0.1639 
   HI_SS0320  8 0.4171 0.0849 0.0477 0.3033 0.0733 0.0737 
   HI_SS0321  8 0.1327 0.1675 0.0870 0.2626 0.1441 0.2061 
   HI_SS0323  8 0.0998 0.2799 0.1448 0.0780 0.2599 0.1376 
   HI_SS0325  8 0.0832 0.2349 0.1695 0.0848 0.3394 0.0883 
   HI_SS0327  8 0.0526 0.1940 0.1235 0.1391 0.0511 0.4398 
   HI_SS0329  8 0.2920 0.1194 0.1176 0.1797 0.2047 0.0866 
   HI_SS0333  8 0.2817 0.1628 0.1580 0.1390 0.1302 0.1282 
   HI_SS0334  8 0.0565 0.2634 0.1835 0.1786 0.2058 0.1123 
   HI_SS0335  8 0.0762 0.0662 0.3670 0.1640 0.1325 0.1941 
   HI_SS0339  8 0.1751 0.1029 0.3647 0.0896 0.1576 0.1100 
   HI_SS0343  8 0.1211 0.0685 0.2541 0.2368 0.0951 0.2244 
   HI_SS0344  8 0.0595 0.4837 0.0850 0.1238 0.1178 0.1303 
   HI_SS0345  8 0.1525 0.1471 0.2380 0.1517 0.2489 0.0618 
   HI_SS0346  8 0.1671 0.1932 0.0616 0.2933 0.1979 0.0870 
   HI_SS0350  8 0.2109 0.0440 0.5047 0.0689 0.0883 0.0832 
   HI_SS0351  8 0.0658 0.1121 0.4121 0.1817 0.1048 0.1235 
   HI_SS0352  8 0.1617 0.0945 0.2044 0.2897 0.1229 0.1268 
   HI_SS0362  8 0.2374 0.1109 0.1070 0.0863 0.3957 0.0627 
   HI_SS0363  8 0.0932 0.2482 0.1670 0.0900 0.1146 0.2870 
   HI_SS0365  8 0.1657 0.2549 0.1311 0.2045 0.0726 0.1712 
   HI_SS0366  8 0.0619 0.3749 0.1181 0.0929 0.1771 0.1751 
   HI_SS0367  8 0.3234 0.0779 0.2508 0.1233 0.1052 0.1195 
   HI_SS0369  8 0.2274 0.0786 0.2034 0.1380 0.2032 0.1495 
   HI_SS0370  8 0.0682 0.0924 0.1156 0.1695 0.0927 0.4616 
   HI_SS0371  8 0.2163 0.3008 0.1358 0.1008 0.1539 0.0924 
   HI_SS0373  8 0.3062 0.1526 0.1225 0.1221 0.1730 0.1236 
   HI_SS0374  8 0.2948 0.1136 0.1665 0.2077 0.0974 0.1200 
   HI_SS0377  8 0.0549 0.1598 0.3872 0.1720 0.1710 0.0550 
   HI_SS0379  8 0.0890 0.5329 0.0993 0.1541 0.0654 0.0593 
   HI_SS0380  8 0.1717 0.1143 0.2322 0.1736 0.1494 0.1588 
   HI_SS0381  8 0.1375 0.0754 0.2797 0.2136 0.1930 0.1008 
   HI_SS0384  8 0.1458 0.2185 0.0551 0.1479 0.1452 0.2875 
   HI_SS0385  8 0.3823 0.2573 0.0900 0.0970 0.1089 0.0644 
