   NS_SS0963  1 0.2824 0.3850 0.3326 
   NS_SS0983  1 0.6505 0.2020 0.1476 
   NS_SS0719  1 0.3606 0.3654 0.2740 
   NS_SS1001  1 0.1368 0.3706 0.4927 
   NS_SS0936  1 0.2148 0.1814 0.6038 
   NS_SS0955  1 0.4807 0.3271 0.1923 
   NS_SS0944  1 0.3138 0.3499 0.3362 
   NS_SS0945  1 0.3157 0.2327 0.4516 
   NS_SS0922  1 0.1501 0.3501 0.4997 
   NS_SS0929  1 0.4465 0.2886 0.2649 
   NS_SS0956  1 0.1248 0.5681 0.3071 
   NS_SS0906  1 0.4049 0.3402 0.2549 
   NS_SS0721  1 0.2571 0.5341 0.2088 
   NS_SS0982  1 0.2669 0.4698 0.2633 
   NS_SS0923  1 0.2509 0.3814 0.3677 
   NS_SS0905  1 0.3179 0.4092 0.2729 
   NS_SS0925  1 0.1715 0.3950 0.4335 
   NS_SS0947  1 0.2127 0.2953 0.4920 
   NS_SS0926  1 0.5923 0.2449 0.1628 
   NS_SS0918  1 0.1695 0.5764 0.2541 
   NS_SS0966  1 0.2562 0.4202 0.3236 
   NS_SS0938  1 0.1904 0.2067 0.6029 
   NS_SS0917  1 0.4841 0.1986 0.3173 
   NS_SS0957  1 0.2375 0.5298 0.2326 
   NS_SS0987  1 0.1931 0.6796 0.1273 
   NS_SS0717  1 0.1529 0.4161 0.4310 
   NS_SS0986  1 0.3425 0.4811 0.1764 
   NS_SS0953  1 0.1645 0.4061 0.4294 
   NS_SS0907  1 0.3497 0.3671 0.2832 
   NS_SS0974  1 0.3381 0.2247 0.4371 
   NS_SS0989  1 0.5637 0.1313 0.3051 
   NS_SS0991  1 0.3974 0.4948 0.1078 
   NS_SS0994  1 0.6865 0.1009 0.2126 
   NS_SS0931  1 0.4542 0.4030 0.1428 
   NS_SS1000  1 0.1700 0.2577 0.5723 
   NS_SS0919  1 0.5058 0.2875 0.2067 
   NS_SS0949  1 0.5353 0.1916 0.2732 
   NS_SS0960  1 0.4464 0.3866 0.1670 
   NS_SS0716  1 0.1163 0.5709 0.3128 
   NS_SS0924  1 0.3953 0.4102 0.1945 
   NS_SS0935  1 0.4527 0.3990 0.1483 
   NS_SS0952  1 0.5513 0.2535 0.1952 
   NS_SS0962  1 0.2136 0.3882 0.3983 
   NS_SS0973  1 0.3190 0.3510 0.3299 
   NS_SS0722  1 0.1172 0.1921 0.6907 
   NS_SS0979  1 0.1886 0.5533 0.2581 
   NS_SS0993  1 0.1804 0.3382 0.4813 
   NS_SS0958  1 0.4592 0.2899 0.2509 
   NS_SS0988  1 0.4409 0.3916 0.1675 
   NS_SS1003  1 0.1592 0.6229 0.2179 
   NS_SS0976  1 0.4829 0.2801 0.2370 
   NS_SS0964  1 0.1126 0.3774 0.5100 
   NS_SS0939  1 0.1088 0.4370 0.4542 
   NS_SS0990  1 0.3804 0.2931 0.3265 
   NS_SS0984  1 0.1172 0.3099 0.5728 
   NS_SS0980  1 0.2128 0.1761 0.6110 
   NS_SS0978  1 0.2499 0.2184 0.5317 
   NS_SS0951  1 0.3522 0.5225 0.1253 
   NS_SS0913  1 0.1717 0.5073 0.3210 
   NS_SS1002  1 0.2115 0.3425 0.4459 
   NS_SS0948  1 0.3489 0.4127 0.2385 
   NS_SS0916  1 0.3292 0.1694 0.5014 
   NS_SS0995  1 0.2377 0.3106 0.4517 
   NS_SS0927  1 0.4610 0.1718 0.3672 
   NS_SS0992  1 0.3049 0.1446 0.5505 
   NS_SS0912  1 0.3094 0.5424 0.1483 
   NS_SS0981  1 0.2240 0.5626 0.2134 
   NS_SS0729  2 0.5681 0.1128 0.3191 
   NS_SS0967  2 0.2895 0.4055 0.3049 
   NS_SS0941  2 0.2104 0.2258 0.5638 
   NS_SS0768  2 0.2292 0.5372 0.2336 
   NS_SS0726  2 0.4442 0.1192 0.4366 
   NS_SS0763  2 0.5018 0.1988 0.2994 
   NS_SS0730  2 0.1867 0.3748 0.4385 
   NS_SS0774  2 0.1760 0.2005 0.6235 
   NS_SS0723  2 0.1748 0.3362 0.4890 
   NS_SS0940  2 0.3536 0.2420 0.4044 
   NS_SS0762  2 0.0843 0.3082 0.6075 
   NS_SS0766  2 0.2526 0.2702 0.4773 
   NS_SS0724  2 0.1708 0.5570 0.2722 
   NS_SS0769  2 0.3178 0.3817 0.3005 
   NS_SS0777  2 0.4068 0.4030 0.1902 
   NS_SS0734  2 0.3145 0.3780 0.3075 
   NS_SS0737  2 0.1076 0.1565 0.7359 
   NS_SS0732  2 0.1750 0.6411 0.1838 
   NS_SS0728  2 0.2175 0.2536 0.5289 
   NS_SS0735  2 0.1746 0.3044 0.5210 
   NS_SS0725  2 0.1841 0.2746 0.5413 
   NS_SS0788  2 0.4004 0.2883 0.3114 
   NS_SS0778  2 0.4855 0.3102 0.2042 
   NS_SS0792  2 0.3360 0.3985 0.2655 
   NS_SS0943  2 0.4345 0.3965 0.1690 
   NS_SS0791  2 0.3403 0.2715 0.3881 
   NS_SS0790  2 0.0811 0.6657 0.2532 
   NS_SS0731  2 0.1700 0.5754 0.2547 
   NS_SS0727  2 0.3606 0.1085 0.5309 
   NS_SS0779  2 0.3285 0.3618 0.3097 
   NS_SS0776  2 0.2464 0.2760 0.4776 
   NS_SS0775  2 0.1271 0.2747 0.5982 
   NS_SS0965  3 0.2139 0.5722 0.2139 
   NS_SS0754  3 0.4118 0.3887 0.1995 
   NS_SS0838  3 0.3622 0.2657 0.3721 
   NS_SS0839  3 0.1206 0.3564 0.5230 
   NS_SS0832  3 0.1022 0.5298 0.3680 
   NS_SS0820  3 0.1484 0.6300 0.2216 
   NS_SS0886  3 0.4011 0.3549 0.2440 
   NS_SS0748  3 0.4098 0.3791 0.2110 
   NS_SS0884  3 0.3460 0.2918 0.3622 
   NS_SS0752  3 0.2506 0.2250 0.5244 
   NS_SS0862  3 0.1248 0.6440 0.2311 
   NS_SS0787  3 0.7007 0.1759 0.1235 
   NS_SS0843  3 0.2993 0.3658 0.3350 
   NS_SS0856  3 0.2778 0.2270 0.4952 
   NS_SS0846  3 0.4352 0.2055 0.3592 
   NS_SS0825  3 0.3807 0.3714 0.2479 
   NS_SS0757  3 0.3941 0.3756 0.2304 
   NS_SS0876  3 0.2243 0.3464 0.4293 
   NS_SS0903  3 0.1881 0.2355 0.5765 
   NS_SS0875  3 0.2868 0.4340 0.2791 
   NS_SS0740  3 0.2924 0.3445 0.3631 
   NS_SS0811  3 0.0949 0.7181 0.1869 
   NS_SS0751  3 0.2396 0.2826 0.4778 
   NS_SS0891  3 0.2593 0.3072 0.4335 
   NS_SS0867  3 0.4245 0.3799 0.1956 
   NS_SS0890  3 0.3023 0.3193 0.3784 
   NS_SS0866  3 0.6342 0.1484 0.2174 
   NS_SS0755  3 0.2578 0.5107 0.2315 
   NS_SS0758  3 0.2729 0.2372 0.4899 
   NS_SS0840  3 0.1412 0.4630 0.3958 
   NS_SS0889  3 0.4703 0.3829 0.1469 
   NS_SS1010  3 0.3382 0.4118 0.2499 
   NS_SS0888  3 0.5151 0.1682 0.3167 
   NS_SS0837  3 0.1509 0.6422 0.2069 
   NS_SS0794  3 0.3714 0.2005 0.4281 
   NS_SS0823  3 0.1491 0.3133 0.5376 
   NS_SS0829  3 0.5825 0.3162 0.1012 
   NS_SS0844  3 0.1591 0.5501 0.2908 
   NS_SS1008  3 0.3710 0.2338 0.3952 
   NS_SS0881  3 0.3870 0.3307 0.2823 
   NS_SS0834  3 0.1580 0.1963 0.6456 
   NS_SS0744  3 0.3566 0.2965 0.3469 
   NS_SS0899  3 0.1227 0.6742 0.2031 
   NS_SS0804  3 0.1178 0.5443 0.3379 
   NS_SS0781  3 0.1634 0.4192 0.4174 
   NS_SS0822  3 0.3267 0.2488 0.4245 
   NS_SS1004  3 0.2687 0.4103 0.3210 
   NS_SS0746  3 0.3095 0.3191 0.3714 
   NS_SS0880  3 0.2611 0.3237 0.4152 
   NS_SS0879  3 0.1912 0.3640 0.4448 
   NS_SS0753  3 0.4061 0.4356 0.1583 
   NS_SS1007  3 0.2554 0.1481 0.5966 
   NS_SS0872  3 0.2036 0.3405 0.4559 
   NS_SS1005  3 0.2653 0.3223 0.4124 
   NS_SS0892  3 0.3084 0.3436 0.3480 
   NS_SS0898  3 0.3781 0.3419 0.2800 
   NS_SS0801  3 0.2650 0.5591 0.1759 
   NS_SS0827  3 0.3395 0.5494 0.1111 
   NS_SS0853  3 0.2658 0.5977 0.1365 
   NS_SS0780  3 0.2003 0.4002 0.3995 
   NS_SS0826  3 0.3891 0.4384 0.1725 
   NS_SS0818  3 0.1288 0.3997 0.4716 
   NS_SS0745  3 0.0882 0.4319 0.4799 
   NS_SS0849  3 0.2435 0.6466 0.1099 
   NS_SS0739  3 0.3112 0.3571 0.3317 
   NS_SS0799  3 0.3951 0.2300 0.3750 
   NS_SS0756  3 0.1446 0.5740 0.2814 
   NS_SS0802  3 0.4485 0.1801 0.3714 
   NS_SS0747  3 0.3237 0.3130 0.3633 
   NS_SS0835  3 0.6699 0.1169 0.2132 
   NS_SS0742  3 0.2984 0.3403 0.3612 
   NS_SS0760  3 0.5442 0.2232 0.2326 
   NS_SS0803  3 0.1414 0.3258 0.5328 
   NS_SS0828  3 0.2766 0.4980 0.2254 
   NS_SS0865  3 0.3402 0.4689 0.1908 
   NS_SS0759  3 0.1354 0.4554 0.4091 
   NS_SS0851  3 0.1315 0.6618 0.2067 
   NS_SS0874  3 0.2468 0.3958 0.3574 
   NS_SS0761  3 0.5014 0.3507 0.1479 
   NS_SS0842  3 0.4193 0.2894 0.2913 
   NS_SS0785  3 0.3891 0.3192 0.2917 
   NS_SS0860  3 0.6846 0.1625 0.1528 
   NS_SS0897  3 0.6403 0.2003 0.1594 
   NS_SS0841  3 0.1276 0.5349 0.3374 
   NS_SS0797  3 0.3830 0.4682 0.1488 
   NS_SS0830  3 0.3134 0.4586 0.2280 
   NS_SS1011  3 0.2056 0.4726 0.3218 
   NS_SS0883  3 0.3527 0.4342 0.2131 
   NS_SS0782  3 0.2542 0.2030 0.5428 
   NS_SS0831  3 0.4750 0.3844 0.1405 
   NS_SS0749  3 0.2958 0.3614 0.3428 
   NS_SS0854  3 0.3100 0.2142 0.4758 
   HI_SS0193  4 0.3806 0.2617 0.3578 
   HI_SS0194  4 0.2143 0.1692 0.6165 
   HI_SS0195  4 0.1313 0.5643 0.3043 
   HI_SS0196  4 0.2739 0.1724 0.5537 
   HI_SS0197  4 0.3254 0.2084 0.4662 
   HI_SS0198  4 0.3950 0.3921 0.2129 
   HI_SS0199  4 0.3536 0.1443 0.5020 
   HI_SS0201  4 0.6177 0.2703 0.1120 
   HI_SS0215  4 0.5949 0.2857 0.1193 
   HI_SS0218  4 0.5569 0.2034 0.2397 
   HI_SS0222  4 0.2447 0.3631 0.3922 
   HI_SS0230  4 0.3066 0.5189 0.1745 
   HI_SS0234  4 0.2795 0.1349 0.5856 
   HI_SS0240  4 0.2021 0.1842 0.6137 
   HI_SS0241  4 0.5418 0.2560 0.2022 
   HI_SS0242  4 0.3252 0.3405 0.3343 
   HI_SS0247  4 0.3130 0.4557 0.2312 
   HI_SS0248  4 0.4660 0.1258 0.4082 
   HI_SS0252  4 0.1661 0.3186 0.5153 
   HI_SS0254  4 0.4513 0.2758 0.2729 
   HI_SS0256  4 0.0708 0.4663 0.4629 
   HI_SS0257  4 0.5279 0.1490 0.3231 
   HI_SS0258  4 0.4568 0.3293 0.2138 
   HI_SS0259  4 0.2375 0.2514 0.5112 
   HI_SS0260  4 0.4970 0.1669 0.3361 
   HI_SS0261  4 0.3931 0.1964 0.4105 
   HI_SS0262  4 0.2368 0.4517 0.3115 
   HI_SS0264  4 0.2379 0.5267 0.2354 
   HI_SS0265  4 0.2911 0.4489 0.2600 
   HI_SS0268  4 0.3932 0.3506 0.2563 
   HI_SS0269  4 0.6954 0.0971 0.2075 
   HI_SS0273  4 0.4651 0.3306 0.2042 
   HI_SS0277  4 0.3509 0.3937 0.2554 
   HI_SS0280  4 0.2462 0.4298 0.3240 
   HI_SS0282  4 0.4132 0.3119 0.2748 
   HI_SS0286  4 0.3837 0.4238 0.1925 
   NS_SS1252  5 0.6539 0.1609 0.1852 
   NS_SS1261  5 0.3813 0.3190 0.2998 
   NS_SS1225  5 0.4771 0.3318 0.1911 
   NS_SS1266  5 0.1414 0.5078 0.3508 
   NS_SS1228  5 0.1967 0.5599 0.2434 
   NS_SS1255  5 0.1881 0.1395 0.6724 
   NS_SS1267  5 0.7032 0.1594 0.1374 
   NS_SS1238  5 0.3369 0.3956 0.2676 
   NS_SS1233  5 0.1924 0.6221 0.1855 
   NS_SS1277  5 0.3981 0.1722 0.4296 
   NS_SS1245  5 0.4138 0.2215 0.3648 
   NS_SS1240  5 0.7205 0.1220 0.1576 
   NS_SS1275  5 0.1279 0.4432 0.4289 
   NS_SS1235  5 0.2383 0.1367 0.6250 
   NS_SS1263  5 0.1795 0.3411 0.4794 
   NS_SS1251  5 0.2448 0.3733 0.3820 
   NS_SS1248  5 0.1899 0.6975 0.1127 
   NS_SS1244  5 0.3503 0.3753 0.2744 
   NS_SS1257  5 0.4815 0.2557 0.2628 
   NS_SS1242  5 0.1773 0.3330 0.4897 
   NS_SS1271  5 0.6664 0.1454 0.1882 
   NS_SS1265  5 0.5599 0.2590 0.1810 
   NS_SS1243  5 0.1686 0.4740 0.3574 
   NS_SS1273  5 0.1238 0.4156 0.4606 
   NS_SS1254  5 0.1934 0.4412 0.3654 
   NS_SS1224  5 0.1393 0.5811 0.2796 
   NS_SS1227  5 0.5816 0.1389 0.2796 
   NS_SS1274  5 0.4278 0.2790 0.2932 
   NS_SS1241  5 0.4492 0.2727 0.2781 
   NS_SS1256  5 0.4372 0.2534 0.3095 
   NS_SS1260  5 0.5454 0.1870 0.2677 
   NS_SS1262  5 0.4078 0.4177 0.1745 
   NS_SS1230  5 0.3655 0.3389 0.2955 
   NS_SS1270  5 0.1915 0.6691 0.1394 
   NS_SS1229  5 0.1883 0.0962 0.7154 
   NS_SS1246  5 0.5678 0.1186 0.3136 
   NS_SS1269  5 0.2342 0.4117 0.3542 
   NS_SS1239  5 0.1691 0.3497 0.4812 
   NS_SS1272  5 0.4071 0.3409 0.2519 
   NS_SS1268  5 0.1636 0.6609 0.1755 
   NS_SS1249  5 0.5392 0.1064 0.3544 
   HI_SS0559  6 0.2985 0.3800 0.3215 
   HI_SS0563  6 0.3346 0.3522 0.3132 
   HI_SS0564  6 0.2910 0.3439 0.3651 
   HI_SS0565  6 0.5240 0.2371 0.2389 
   HI_SS0569  6 0.5445 0.3586 0.0969 
   HI_SS0570  6 0.5690 0.2071 0.2238 
   HI_SS0572  6 0.1843 0.1743 0.6414 
   HI_SS0576  6 0.1701 0.5139 0.3159 
   HI_SS0579  6 0.3939 0.2962 0.3100 
   HI_SS0580  6 0.3800 0.2247 0.3954 
   HI_SS0581  6 0.1628 0.5292 0.3080 
   HI_SS0583  6 0.5401 0.1494 0.3105 
   HI_SS0586  6 0.6202 0.2729 0.1070 
   HI_SS0588  6 0.4261 0.3163 0.2576 
   HI_SS0595  6 0.5424 0.1650 0.2926 
   HI_SS0596  6 0.1260 0.1739 0.7002 
   HI_SS0597  6 0.2245 0.1641 0.6114 
   HI_SS0600  6 0.4514 0.2604 0.2882 
   HI_SS0601  6 0.4230 0.4446 0.1324 
   HI_SS0602  6 0.4081 0.3928 0.1991 
   HI_SS0604  6 0.2988 0.3958 0.3055 
   HI_SS0605  6 0.3454 0.3622 0.2924 
   HI_SS0608  6 0.3165 0.3140 0.3695 
   HI_SS0609  6 0.2052 0.3566 0.4382 
   HI_SS0611  6 0.5439 0.3077 0.1484 
   HI_SS0612  6 0.2999 0.2021 0.4980 
   HI_SS0613  6 0.2592 0.6041 0.1367 
   HI_SS0615  6 0.1215 0.3272 0.5514 
   HI_SS0001  6 0.3338 0.1606 0.5056 
   HI_SS0002  6 0.2089 0.3920 0.3992 
   HI_SS0004  6 0.4042 0.2534 0.3424 
   HI_SS0005  6 0.1913 0.6513 0.1574 
   HI_SS0006  6 0.5144 0.2218 0.2638 
   HI_SS0007  6 0.3443 0.4726 0.1831 
   HI_SS0008  6 0.3125 0.4471 0.2404 
   HI_SS0009  6 0.1275 0.4299 0.4426 
   HI_SS0010  6 0.3710 0.4557 0.1732 
   HI_SS0011  6 0.2471 0.5551 0.1978 
   HI_SS0012  6 0.2154 0.3672 0.4175 
   HI_SS0017  6 0.1585 0.1866 0.6548 
   HI_SS0021  6 0.5151 0.3171 0.1678 
   HI_SS0024  6 0.2113 0.3733 0.4155 
   HI_SS0025  6 0.1618 0.3494 0.4888 
   HI_SS0027  6 0.4216 0.3675 0.2108 
   HI_SS0028  6 0.1168 0.6761 0.2071 
   HI_SS0029  6 0.3118 0.2695 0.4187 
   HI_SS0030  6 0.3795 0.2688 0.3518 
   HI_SS0031  6 0.3196 0.2402 0.4403 
   HI_SS0034  6 0.5118 0.1696 0.3186 
   HI_SS0036  6 0.5807 0.2420 0.1773 
   HI_SS0037  6 0.5920 0.2852 0.1228 
   HI_SS0039  6 0.3706 0.4793 0.1501 
   HI_SS0041  6 0.1646 0.4618 0.3736 
   HI_SS0042  6 0.1721 0.3558 0.4720 
   HI_SS0043  6 0.7060 0.1838 0.1102 
   HI_SS0044  6 0.3289 0.1349 0.5362 
   HI_SS0047  6 0.1617 0.4082 0.4301 
   HI_SS0049  6 0.1877 0.2537 0.5585 
   HI_SS0051  6 0.2243 0.6112 0.1645 
   HI_SS0053  6 0.6199 0.1557 0.2243 
   HI_SS0054  6 0.5310 0.3425 0.1265 
   HI_SS0057  6 0.2347 0.5084 0.2568 
   HI_SS0058  6 0.4371 0.3030 0.2599 
   HI_SS0060  6 0.2722 0.5346 0.1932 
   HI_SS0087  6 0.4359 0.2425 0.3216 
   HI_SS0091  6 0.7275 0.1054 0.1670 
   HI_SS0095  6 0.3676 0.3106 0.3218 
   HI_SS0097  6 0.2986 0.3993 0.3021 
   HI_SS0099  6 0.2352 0.3636 0.4012 
   HI_SS0103  6 0.2833 0.1864 0.5304 
   HI_SS0105  6 0.3726 0.4227 0.2048 
   HI_SS0107  6 0.1313 0.1517 0.7170 
   HI_SS0108  6 0.6934 0.1503 0.1563 
   HI_SS0110  6 0.3869 0.1555 0.4575 
   HI_SS0111  6 0.3083 0.3767 0.3150 
   HI_SS0112  6 0.6809 0.1356 0.1835 
   HI_SS0113  6 0.1672 0.3205 0.5123 
   HI_SS0114  6 0.4661 0.3937 0.1402 
   HI_SS0115  6 0.2572 0.2565 0.4863 
   HI_SS0116  6 0.4989 0.1001 0.4010 
   HI_SS0117  6 0.4988 0.2475 0.2538 
   HI_SS0118  6 0.5238 0.2006 0.2756 
   HI_SS0119  6 0.5027 0.2868 0.2105 
   HI_SS0120  6 0.1542 0.1809 0.6649 
   HI_SS0121  6 0.1556 0.7191 0.1253 
   HI_SS0122  6 0.3607 0.3888 0.2506 
   HI_SS0123  6 0.3629 0.2170 0.4201 
   HI_SS0124  6 0.1083 0.3049 0.5869 
   HI_SS0125  6 0.1233 0.4740 0.4028 
   HI_SS0126  6 0.5098 0.1457 0.3445 
   HI_SS0127  6 0.2288 0.6543 0.1169 
   HI_SS0128  6 0.2514 0.1945 0.5541 
   HI_SS0129  6 0.4367 0.1936 0.3696 
   HI_SS0131  6 0.4096 0.4848 0.1056 
   HI_SS0132  6 0.3290 0.4106 0.2604 
   HI_SS0133  6 0.6919 0.1424 0.1657 
   HI_SS0134  6 0.3696 0.2707 0.3597 
   HI_SS0142  6 0.2918 0.4555 0.2527 
   HI_SS0145  6 0.3415 0.2580 0.4004 
   HI_SS0146  6 0.4286 0.3396 0.2318 
   HI_SS0147  6 0.1671 0.6368 0.1961 
   HI_SS0149  6 0.4388 0.3363 0.2249 
   HI_SS0150  6 0.1496 0.5045 0.3459 
   HI_SS0151  6 0.2789 0.2042 0.5169 
   NS_SS1451  6 0.1148 0.4029 0.4823 
   NS_SS1404  6 0.2062 0.5619 0.2318 
   NS_SS1432  6 0.2017 0.2644 0.5339 
   NS_SS1405  6 0.2490 0.2784 0.4725 
   NS_SS1431  6 0.1552 0.3251 0.5198 
   NS_SS1402  6 0.4547 0.1945 0.3508 
   NS_SS1450  6 0.3722 0.1999 0.4279 
   NS_SS1396  6 0.3272 0.3732 0.2996 
   NS_SS1393  6 0.4490 0.2616 0.2895 
   NS_SS1392  6 0.1593 0.2862 0.5545 
   NS_SS1445  6 0.5561 0.3185 0.1255 
   NS_SS1423  6 0.4235 0.1686 0.4079 
   NS_SS1421  6 0.4632 0.2521 0.2847 
   NS_SS1411  6 0.3893 0.4342 0.1765 
   NS_SS1453  6 0.5109 0.2781 0.2110 
   NS_SS1442  6 0.3097 0.4105 0.2798 
   NS_SS1422  6 0.2754 0.2101 0.5145 
   NS_SS1419  6 0.2284 0.5892 0.1824 
   NS_SS1427  6 0.5273 0.0928 0.3798 
   NS_SS1444  6 0.1969 0.5664 0.2367 
   NS_SS1455  6 0.1668 0.2825 0.5507 
   NS_SS1425  6 0.6785 0.2059 0.1157 
   NS_SS1400  6 0.4690 0.3669 0.1641 
   NS_SS1406  6 0.2060 0.4330 0.3610 
   NS_SS1417  6 0.4255 0.3307 0.2439 
   NS_SS1454  6 0.4676 0.3432 0.1892 
   NS_SS1412  6 0.3979 0.3136 0.2885 
   NS_SS1438  6 0.5749 0.3100 0.1151 
   NS_SS1416  6 0.3272 0.3905 0.2823 
   NS_SS1401  6 0.4434 0.2390 0.3176 
   NS_SS1424  6 0.4449 0.2721 0.2830 
   NS_SS1435  6 0.2519 0.3519 0.3962 
   NS_SS1447  6 0.2174 0.5336 0.2490 
   NS_SS1414  6 0.1753 0.5691 0.2556 
   NS_SS1449  6 0.2563 0.2149 0.5288 
   NS_SS1443  6 0.4822 0.1093 0.4085 
   NS_SS1434  6 0.2049 0.0917 0.7034 
   NS_SS1398  6 0.2110 0.2996 0.4894 
   NS_SS1426  6 0.6167 0.2173 0.1659 
   NS_SS1413  6 0.4712 0.1876 0.3413 
   NS_SS1395  6 0.5653 0.1826 0.2521 
   NS_SS1448  6 0.2957 0.4083 0.2960 
   NS_SS1446  6 0.5333 0.2055 0.2612 
   NS_SS1403  6 0.3189 0.2953 0.3858 
   NS_SS1415  6 0.4678 0.2909 0.2413 
   NS_SS1437  6 0.2985 0.3732 0.3282 
   NS_SS1439  6 0.3422 0.3048 0.3530 
   NS_SS1441  6 0.4391 0.1715 0.3894 
   NS_SS1420  6 0.1293 0.6499 0.2208 
   NS_SS1394  6 0.1840 0.5476 0.2684 
   NS_SS1391  6 0.3842 0.1119 0.5039 
   NS_SS1410  6 0.4368 0.2285 0.3347 
   NS_SS1408  6 0.2665 0.4281 0.3054 
   NS_SS1409  6 0.3438 0.1100 0.5462 
   HI_SS0617  7 0.3602 0.1677 0.4721 
   HI_SS0618  7 0.2107 0.3788 0.4105 
   HI_SS0619  7 0.2760 0.3079 0.4161 
   HI_SS0620  7 0.5328 0.2702 0.1970 
   HI_SS0621  7 0.2218 0.3620 0.4161 
   HI_SS0622  7 0.2657 0.4281 0.3062 
   HI_SS0626  7 0.2590 0.5898 0.1512 
   HI_SS0627  7 0.2740 0.2819 0.4441 
   HI_SS0628  7 0.4679 0.2766 0.2555 
   HI_SS0629  7 0.4379 0.3873 0.1748 
   HI_SS0630  7 0.3761 0.3069 0.3170 
   HI_SS0631  7 0.3685 0.4055 0.2259 
   HI_SS0632  7 0.2618 0.5443 0.1940 
   HI_SS0633  7 0.1710 0.1820 0.6470 
   HI_SS0634  7 0.2927 0.4265 0.2808 
   HI_SS0635  7 0.1859 0.5259 0.2882 
   HI_SS0637  7 0.3271 0.4947 0.1782 
   HI_SS0638  7 0.2857 0.3211 0.3932 
   HI_SS0639  7 0.1752 0.4722 0.3526 
   HI_SS0640  7 0.2753 0.3911 0.3336 
   HI_SS0641  7 0.4335 0.4477 0.1188 
   HI_SS0642  7 0.2762 0.3084 0.4155 
   HI_SS0645  7 0.1111 0.5889 0.3000 
   HI_SS0646  7 0.2604 0.1580 0.5816 
   HI_SS0647  7 0.2503 0.2888 0.4609 
   HI_SS0648  7 0.2707 0.3994 0.3299 
   HI_SS0649  7 0.3830 0.2590 0.3581 
   HI_SS0650  7 0.1673 0.1678 0.6649 
   HI_SS0651  7 0.3118 0.2989 0.3893 
   HI_SS0652  7 0.1435 0.5580 0.2985 
   NS_SS1371  7 0.4602 0.1430 0.3968 
   NS_SS1374  7 0.4859 0.3046 0.2095 
   NS_SS1337  7 0.1380 0.5373 0.3247 
   NS_SS1385  7 0.2845 0.2107 0.5048 
   NS_SS1388  7 0.3492 0.2794 0.3714 
   NS_SS1370  7 0.1066 0.7743 0.1191 
   NS_SS1389  7 0.2208 0.4025 0.3767 
   NS_SS1360  7 0.4103 0.4448 0.1450 
   NS_SS1330  7 0.1428 0.5243 0.3330 
   NS_SS1328  7 0.3663 0.1003 0.5334 
   NS_SS1384  7 0.4266 0.3724 0.2011 
   NS_SS1381  7 0.1034 0.1703 0.7263 
   NS_SS1375  7 0.1695 0.3064 0.5240 
   NS_SS1319  7 0.2815 0.3420 0.3765 
   NS_SS1326  7 0.5188 0.1373 0.3439 
   NS_SS1341  7 0.5328 0.3086 0.1586 
   NS_SS1383  7 0.3335 0.4075 0.2591 
   NS_SS1318  7 0.2158 0.4770 0.3073 
   NS_SS1348  7 0.6159 0.2353 0.1488 
   NS_SS1363  7 0.2005 0.4853 0.3143 
   NS_SS1335  7 0.4465 0.4204 0.1331 
   NS_SS1358  7 0.4516 0.2934 0.2550 
   NS_SS1342  7 0.5231 0.1605 0.3164 
   NS_SS1320  7 0.0719 0.1432 0.7849 
   NS_SS1355  7 0.2133 0.4466 0.3401 
   NS_SS1345  7 0.1530 0.4677 0.3793 
   NS_SS1324  7 0.4441 0.3153 0.2406 
   NS_SS1347  7 0.3703 0.2752 0.3545 
   NS_SS1321  7 0.4990 0.2876 0.2133 
   NS_SS1333  7 0.5546 0.2044 0.2411 
   NS_SS1364  7 0.5299 0.2865 0.1835 
   NS_SS1379  7 0.2665 0.2764 0.4571 
   NS_SS1332  7 0.5995 0.2242 0.1762 
   NS_SS1338  7 0.4723 0.3924 0.1353 
   NS_SS1368  7 0.5417 0.2309 0.2274 
   NS_SS1354  7 0.3222 0.3891 0.2888 
   NS_SS1365  7 0.1857 0.4516 0.3627 
   NS_SS1380  7 0.1763 0.5794 0.2443 
   NS_SS1329  7 0.5509 0.1679 0.2811 
   NS_SS1362  7 0.3290 0.2746 0.3963 
   NS_SS1327  7 0.7805 0.1023 0.1173 
   NS_SS1350  7 0.2894 0.0855 0.6251 
   NS_SS1387  7 0.2503 0.5680 0.1817 
   NS_SS1369  7 0.4741 0.3176 0.2083 
   NS_SS1331  7 0.3124 0.4070 0.2806 
   NS_SS1357  7 0.2818 0.0860 0.6322 
   NS_SS1386  7 0.7318 0.1311 0.1371 
   NS_SS1353  7 0.2287 0.1752 0.5962 
   NS_SS1323  7 0.1700 0.3638 0.4662 
   HI_SS0296  8 0.3767 0.3515 0.2718 
   HI_SS0297  8 0.2586 0.2086 0.5328 
   HI_SS0299  8 0.4010 0.3509 0.2482 
   HI_SS0300  8 0.3284 0.4073 0.2643 
   HI_SS0301  8 0.2331 0.6727 0.0942 
   HI_SS0302  8 0.3382 0.5168 0.1450 
   HI_SS0303  8 0.5043 0.1352 0.3605 
   HI_SS0304  8 0.2160 0.3777 0.4063 
   HI_SS0306  8 0.4712 0.3452 0.1836 
   HI_SS0307  8 0.1871 0.4170 0.3960 
   HI_SS0308  8 0.2677 0.4994 0.2329 
   HI_SS0309  8 0.2618 0.4584 0.2798 
   HI_SS0310  8 0.2635 0.3465 0.3900 
   HI_SS0311  8 0.2740 0.5357 0.1903 
   HI_SS0314  8 0.2586 0.1928 0.5486 
   HI_SS0316  8 0.4403 0.2657 0.2939 
   HI_SS0317  8 0.3103 0.4356 0.2541 
   HI_SS0318  8 0.6228 0.2195 0.1577 
   HI_SS0319  8 0.6997 0.1107 0.1896 
   HI_SS0320  8 0.1869 0.3803 0.4329 
   HI_SS0321  8 0.4831 0.1930 0.3239 
   HI_SS0323  8 0.4587 0.3371 0.2042 
   HI_SS0325  8 0.3830 0.4539 0.1631 
   HI_SS0327  8 0.4281 0.0911 0.4809 
   HI_SS0329  8 0.2338 0.4535 0.3127 
   HI_SS0333  8 0.3535 0.2885 0.3580 
   HI_SS0334  8 0.5941 0.2398 0.1661 
   HI_SS0335  8 0.1880 0.4556 0.3563 
   HI_SS0339  8 0.2032 0.5188 0.2779 
   HI_SS0343  8 0.2014 0.2772 0.5215 
   HI_SS0344  8 0.7441 0.1079 0.1480 
   HI_SS0345  8 0.2825 0.5044 0.2131 
   HI_SS0346  8 0.4428 0.3072 0.2500 
   HI_SS0350  8 0.1202 0.5487 0.3311 
   HI_SS0351  8 0.4002 0.3387 0.2611 
   HI_SS0352  8 0.2247 0.3503 0.4250 
   HI_SS0362  8 0.2362 0.5584 0.2054 
   HI_SS0363  8 0.4738 0.1549 0.3714 
   HI_SS0365  8 0.4900 0.1506 0.3594 
   HI_SS0366  8 0.6048 0.1761 0.2191 
   HI_SS0367  8 0.1816 0.3866 0.4319 
   HI_SS0369  8 0.1529 0.4820 0.3652 
   HI_SS0370  8 0.2601 0.1091 0.6308 
   HI_SS0371  8 0.4956 0.3210 0.1833 
   HI_SS0373  8 0.2783 0.3220 0.3997 
   HI_SS0374  8 0.2337 0.3399 0.4264 
   HI_SS0377  8 0.4074 0.4210 0.1717 
   HI_SS0379  8 0.8092 0.1065 0.0843 
   HI_SS0380  8 0.2392 0.3559 0.4049 
   HI_SS0381  8 0.1801 0.5609 0.2589 
   HI_SS0384  8 0.4031 0.1802 0.4167 
   HI_SS0385  8 0.3453 0.3982 0.2564 
