   NS_SS0963  1 0.1140 0.1278 0.2051 0.3113 0.2418 
   NS_SS0983  1 0.3638 0.0724 0.1561 0.1728 0.2350 
   NS_SS0719  1 0.1818 0.1544 0.2360 0.2280 0.1998 
   NS_SS1001  1 0.1149 0.3467 0.2543 0.1025 0.1816 
   NS_SS0936  1 0.1097 0.2730 0.0860 0.2813 0.2499 
   NS_SS0955  1 0.2371 0.0757 0.2279 0.2238 0.2356 
   NS_SS0944  1 0.2223 0.1447 0.2302 0.1701 0.2326 
   NS_SS0945  1 0.2489 0.3399 0.1307 0.1533 0.1272 
   NS_SS0922  1 0.0999 0.3472 0.2135 0.1685 0.1708 
   NS_SS0929  1 0.2515 0.1186 0.1447 0.2416 0.2436 
   NS_SS0956  1 0.0905 0.2313 0.4294 0.1162 0.1326 
   NS_SS0906  1 0.2366 0.1319 0.1544 0.2431 0.2340 
   NS_SS0721  1 0.1477 0.1092 0.4039 0.1698 0.1694 
   NS_SS0982  1 0.1229 0.1480 0.2603 0.2739 0.1949 
   NS_SS0923  1 0.1419 0.2474 0.1921 0.2038 0.2148 
   NS_SS0905  1 0.1626 0.1786 0.2439 0.1604 0.2545 
   NS_SS0925  1 0.0820 0.1476 0.2122 0.1946 0.3636 
   NS_SS0947  1 0.1277 0.2294 0.1420 0.2086 0.2922 
   NS_SS0926  1 0.3691 0.1175 0.1167 0.2923 0.1042 
   NS_SS0918  1 0.0991 0.1506 0.2694 0.2914 0.1895 
   NS_SS0966  1 0.1175 0.1632 0.1762 0.2870 0.2561 
   NS_SS0938  1 0.1114 0.3183 0.1132 0.3253 0.1318 
   NS_SS0917  1 0.2419 0.1857 0.1319 0.1910 0.2495 
   NS_SS0957  1 0.1620 0.1898 0.3184 0.1757 0.1541 
   NS_SS0987  1 0.1503 0.1210 0.4917 0.1322 0.1047 
   NS_SS0717  1 0.1101 0.3087 0.2656 0.1142 0.2015 
   NS_SS0986  1 0.2456 0.1627 0.2756 0.2113 0.1049 
   NS_SS0953  1 0.1103 0.1871 0.2031 0.1614 0.3382 
   NS_SS0907  1 0.1633 0.1128 0.1422 0.2768 0.3049 
   NS_SS0974  1 0.1788 0.2089 0.1091 0.1818 0.3213 
   NS_SS0989  1 0.3322 0.1421 0.0932 0.2204 0.2121 
   NS_SS0991  1 0.2482 0.0626 0.3528 0.1575 0.1790 
   NS_SS0994  1 0.4982 0.1941 0.0795 0.1005 0.1277 
   NS_SS0931  1 0.3203 0.0942 0.2263 0.2427 0.1166 
   NS_SS1000  1 0.1267 0.3621 0.1128 0.2087 0.1898 
   NS_SS0919  1 0.2055 0.0929 0.1082 0.3840 0.2094 
   NS_SS0949  1 0.2975 0.1301 0.1491 0.1996 0.2237 
   NS_SS0960  1 0.2380 0.0994 0.2200 0.1990 0.2436 
   NS_SS0716  1 0.1144 0.4004 0.3318 0.0927 0.0607 
   NS_SS0924  1 0.1914 0.0989 0.2321 0.2200 0.2576 
   NS_SS0935  1 0.3083 0.1021 0.2854 0.1122 0.1921 
   NS_SS0952  1 0.2993 0.1127 0.1369 0.2425 0.2086 
   NS_SS0962  1 0.1230 0.2687 0.1830 0.3243 0.1010 
   NS_SS0973  1 0.1213 0.1160 0.1701 0.1871 0.4054 
   NS_SS0722  1 0.0889 0.4425 0.1323 0.1178 0.2186 
   NS_SS0979  1 0.1088 0.1918 0.3199 0.2217 0.1578 
   NS_SS0993  1 0.0838 0.2141 0.1882 0.2319 0.2820 
   NS_SS0958  1 0.3380 0.2097 0.1497 0.1700 0.1326 
   NS_SS0988  1 0.2320 0.1260 0.1398 0.3700 0.1322 
   NS_SS1003  1 0.0705 0.0911 0.3401 0.3800 0.1183 
   NS_SS0976  1 0.2864 0.1090 0.1559 0.3073 0.1415 
   NS_SS0964  1 0.0935 0.3772 0.2793 0.0925 0.1575 
   NS_SS0939  1 0.0873 0.4287 0.3002 0.1121 0.0717 
   NS_SS0990  1 0.2684 0.3102 0.1280 0.2200 0.0733 
   NS_SS0984  1 0.0871 0.4133 0.1497 0.1767 0.1733 
   NS_SS0980  1 0.0846 0.1721 0.0754 0.1834 0.4844 
   NS_SS0978  1 0.1239 0.2606 0.1273 0.2173 0.2710 
   NS_SS0951  1 0.2489 0.1036 0.3769 0.1338 0.1369 
   NS_SS0913  1 0.1350 0.2781 0.3464 0.1211 0.1194 
   NS_SS1002  1 0.0884 0.1778 0.0882 0.4920 0.1536 
   NS_SS0948  1 0.2037 0.1418 0.2148 0.2607 0.1791 
   NS_SS0916  1 0.1663 0.1982 0.1335 0.1452 0.3568 
   NS_SS0995  1 0.1054 0.1966 0.1995 0.1479 0.3507 
   NS_SS0927  1 0.2569 0.1909 0.1112 0.1779 0.2630 
   NS_SS0992  1 0.1862 0.2312 0.0814 0.2134 0.2878 
   NS_SS0912  1 0.2348 0.1335 0.3194 0.2134 0.0989 
   NS_SS0981  1 0.1082 0.1403 0.2834 0.3338 0.1343 
   NS_SS0729  2 0.3260 0.1138 0.0634 0.1301 0.3668 
   NS_SS0967  2 0.1015 0.1379 0.1374 0.3521 0.2711 
   NS_SS0941  2 0.1400 0.3291 0.1626 0.1592 0.2091 
   NS_SS0768  2 0.1511 0.1614 0.3581 0.1847 0.1448 
   NS_SS0726  2 0.2356 0.1551 0.0799 0.2069 0.3225 
   NS_SS0763  2 0.2845 0.2003 0.1527 0.1517 0.2109 
   NS_SS0730  2 0.1199 0.2691 0.2042 0.2214 0.1854 
   NS_SS0774  2 0.0824 0.3375 0.1013 0.1873 0.2915 
   NS_SS0723  2 0.0696 0.1997 0.1748 0.2645 0.2914 
   NS_SS0940  2 0.2428 0.2577 0.1796 0.1553 0.1646 
   NS_SS0762  2 0.0662 0.4179 0.2124 0.0901 0.2135 
   NS_SS0766  2 0.1889 0.3460 0.2023 0.0860 0.1769 
   NS_SS0724  2 0.1213 0.1690 0.3486 0.1597 0.2014 
   NS_SS0769  2 0.1666 0.2200 0.2003 0.2540 0.1591 
   NS_SS0777  2 0.2794 0.1346 0.2294 0.2205 0.1361 
   NS_SS0734  2 0.2059 0.2074 0.2868 0.1303 0.1696 
   NS_SS0737  2 0.0857 0.4632 0.1206 0.1047 0.2258 
   NS_SS0732  2 0.0958 0.1148 0.4375 0.1363 0.2157 
   NS_SS0728  2 0.1451 0.2381 0.2343 0.1167 0.2658 
   NS_SS0735  2 0.1156 0.2645 0.2323 0.1004 0.2872 
   NS_SS0725  2 0.1333 0.3987 0.1878 0.1716 0.1085 
   NS_SS0788  2 0.1561 0.1448 0.1318 0.3478 0.2195 
   NS_SS0778  2 0.2417 0.1152 0.1711 0.2640 0.2079 
   NS_SS0792  2 0.1774 0.1132 0.3103 0.1122 0.2869 
   NS_SS0943  2 0.2862 0.0761 0.2760 0.1544 0.2073 
   NS_SS0791  2 0.2213 0.1622 0.2268 0.0910 0.2986 
   NS_SS0790  2 0.0520 0.2077 0.3787 0.1820 0.1795 
   NS_SS0731  2 0.1199 0.2541 0.3713 0.1333 0.1213 
   NS_SS0727  2 0.2698 0.2971 0.0961 0.0655 0.2715 
   NS_SS0779  2 0.1809 0.1835 0.2130 0.2157 0.2070 
   NS_SS0776  2 0.1862 0.3454 0.1539 0.1751 0.1393 
   NS_SS0775  2 0.0807 0.4310 0.1903 0.1126 0.1854 
   NS_SS0965  3 0.1235 0.0993 0.3573 0.2468 0.1731 
   NS_SS0754  3 0.2607 0.1009 0.2944 0.1295 0.2145 
   NS_SS0838  3 0.2050 0.2460 0.1392 0.2193 0.1905 
   NS_SS0839  3 0.0818 0.3374 0.2053 0.1748 0.2006 
   NS_SS0832  3 0.0584 0.1940 0.2684 0.2278 0.2514 
   NS_SS0820  3 0.0693 0.1383 0.3579 0.2672 0.1672 
   NS_SS0886  3 0.2559 0.1408 0.2551 0.1737 0.1744 
   NS_SS0748  3 0.2234 0.1229 0.1877 0.2656 0.2004 
   NS_SS0884  3 0.1940 0.1699 0.1710 0.1946 0.2705 
   NS_SS0752  3 0.1414 0.2763 0.1303 0.1785 0.2735 
   NS_SS0862  3 0.0755 0.1043 0.4480 0.1204 0.2518 
   NS_SS0787  3 0.5083 0.1036 0.1305 0.1232 0.1344 
   NS_SS0843  3 0.1486 0.1627 0.2358 0.1709 0.2821 
   NS_SS0856  3 0.1670 0.3275 0.1278 0.1629 0.2148 
   NS_SS0846  3 0.1862 0.1446 0.0848 0.2919 0.2925 
   NS_SS0825  3 0.1865 0.1175 0.2376 0.3311 0.1273 
   NS_SS0757  3 0.2118 0.1124 0.2947 0.1788 0.2023 
   NS_SS0876  3 0.1303 0.2327 0.2433 0.1615 0.2322 
   NS_SS0903  3 0.0728 0.1736 0.0922 0.2001 0.4613 
   NS_SS0875  3 0.1782 0.2685 0.2186 0.2248 0.1100 
   NS_SS0740  3 0.1393 0.1984 0.2614 0.1622 0.2387 
   NS_SS0811  3 0.0936 0.2099 0.4505 0.1179 0.1280 
   NS_SS0751  3 0.1478 0.3447 0.1362 0.2389 0.1324 
   NS_SS0891  3 0.1766 0.3226 0.1648 0.2010 0.1350 
   NS_SS0867  3 0.1796 0.0598 0.2360 0.2573 0.2674 
   NS_SS0890  3 0.1573 0.2024 0.1604 0.2019 0.2781 
   NS_SS0866  3 0.4557 0.1355 0.1325 0.1217 0.1546 
   NS_SS0755  3 0.1438 0.1557 0.3202 0.1754 0.2049 
   NS_SS0758  3 0.1594 0.2113 0.1603 0.1718 0.2972 
   NS_SS0840  3 0.0738 0.2263 0.2067 0.2800 0.2133 
   NS_SS0889  3 0.3696 0.1122 0.2734 0.1210 0.1238 
   NS_SS1010  3 0.1463 0.1665 0.1730 0.3337 0.1805 
   NS_SS0888  3 0.3324 0.1517 0.1548 0.0727 0.2883 
   NS_SS0837  3 0.0922 0.1331 0.3747 0.1897 0.2103 
   NS_SS0794  3 0.3018 0.2256 0.1662 0.0805 0.2259 
   NS_SS0823  3 0.0990 0.2196 0.1859 0.2243 0.2712 
   NS_SS0829  3 0.3993 0.0735 0.2700 0.1213 0.1358 
   NS_SS0844  3 0.0529 0.0785 0.1940 0.2575 0.4171 
   NS_SS1008  3 0.2888 0.3051 0.1424 0.0969 0.1669 
   NS_SS0881  3 0.2119 0.1796 0.1719 0.3167 0.1200 
   NS_SS0834  3 0.1092 0.4412 0.1421 0.1729 0.1347 
   NS_SS0744  3 0.1666 0.1261 0.1886 0.2213 0.2974 
   NS_SS0899  3 0.0986 0.2234 0.3996 0.1314 0.1470 
   NS_SS0804  3 0.0617 0.1737 0.3110 0.2179 0.2357 
   NS_SS0781  3 0.0848 0.2178 0.1667 0.3429 0.1878 
   NS_SS0822  3 0.2045 0.1975 0.2001 0.1428 0.2551 
   NS_SS1004  3 0.1242 0.1449 0.2057 0.2415 0.2837 
   NS_SS0746  3 0.1928 0.1730 0.1406 0.2491 0.2444 
   NS_SS0880  3 0.1272 0.2030 0.1578 0.2611 0.2510 
   NS_SS0879  3 0.1425 0.2703 0.2260 0.1624 0.1988 
   NS_SS0753  3 0.2594 0.0863 0.2809 0.1424 0.2310 
   NS_SS1007  3 0.1327 0.3050 0.0834 0.1950 0.2839 
   NS_SS0872  3 0.1060 0.2577 0.1630 0.2364 0.2369 
   NS_SS1005  3 0.1275 0.2112 0.1292 0.3001 0.2321 
   NS_SS0892  3 0.1833 0.2355 0.2275 0.1916 0.1621 
   NS_SS0898  3 0.2475 0.1696 0.2181 0.2123 0.1525 
   NS_SS0801  3 0.1574 0.1153 0.3734 0.1707 0.1833 
   NS_SS0827  3 0.2105 0.1267 0.2972 0.2304 0.1353 
   NS_SS0853  3 0.2290 0.1437 0.3835 0.1003 0.1434 
   NS_SS0780  3 0.1097 0.1913 0.2645 0.2458 0.1887 
   NS_SS0826  3 0.1908 0.0836 0.1362 0.4415 0.1480 
   NS_SS0818  3 0.0757 0.2571 0.2092 0.2367 0.2214 
   NS_SS0745  3 0.0858 0.5539 0.2140 0.0992 0.0471 
   NS_SS0849  3 0.1251 0.1203 0.4334 0.2208 0.1004 
   NS_SS0739  3 0.1626 0.2169 0.2239 0.2288 0.1678 
   NS_SS0799  3 0.2075 0.1741 0.1714 0.0811 0.3659 
   NS_SS0756  3 0.0802 0.1298 0.2364 0.3528 0.2008 
   NS_SS0802  3 0.2134 0.1679 0.0976 0.2783 0.2429 
   NS_SS0747  3 0.1530 0.1443 0.1618 0.2619 0.2790 
   NS_SS0835  3 0.3784 0.1176 0.0834 0.1921 0.2284 
   NS_SS0742  3 0.1088 0.1543 0.1981 0.2321 0.3068 
   NS_SS0760  3 0.3968 0.1432 0.1207 0.1600 0.1792 
   NS_SS0803  3 0.0640 0.1249 0.1275 0.1943 0.4892 
   NS_SS0828  3 0.1699 0.1573 0.3474 0.1501 0.1753 
   NS_SS0865  3 0.1599 0.0796 0.3004 0.2425 0.2176 
   NS_SS0759  3 0.0901 0.2845 0.2769 0.1704 0.1781 
   NS_SS0851  3 0.0973 0.1999 0.5162 0.1153 0.0713 
   NS_SS0874  3 0.1006 0.1749 0.1742 0.2480 0.3024 
   NS_SS0761  3 0.3491 0.0762 0.2327 0.1843 0.1576 
   NS_SS0842  3 0.2661 0.2176 0.1760 0.1714 0.1689 
   NS_SS0785  3 0.2247 0.1269 0.1940 0.1660 0.2884 
   NS_SS0860  3 0.4085 0.1099 0.1147 0.1694 0.1975 
   NS_SS0897  3 0.4628 0.1096 0.1835 0.1040 0.1401 
   NS_SS0841  3 0.0846 0.2628 0.3700 0.1515 0.1310 
   NS_SS0797  3 0.2512 0.0963 0.3319 0.1891 0.1314 
   NS_SS0830  3 0.1816 0.1385 0.2771 0.2294 0.1735 
   NS_SS1011  3 0.0941 0.1182 0.2339 0.3574 0.1964 
   NS_SS0883  3 0.1874 0.1044 0.3198 0.1207 0.2676 
   NS_SS0782  3 0.2153 0.3156 0.1181 0.1070 0.2440 
   NS_SS0831  3 0.3514 0.0954 0.3201 0.0946 0.1385 
   NS_SS0749  3 0.2061 0.1794 0.2804 0.1190 0.2151 
   NS_SS0854  3 0.1723 0.2273 0.1564 0.1024 0.3416 
   HI_SS0193  4 0.3001 0.2384 0.2071 0.1262 0.1283 
   HI_SS0194  4 0.1577 0.4243 0.0856 0.2129 0.1196 
   HI_SS0195  4 0.0732 0.2371 0.3655 0.2195 0.1047 
   HI_SS0196  4 0.2072 0.3339 0.1186 0.1183 0.2220 
   HI_SS0197  4 0.1160 0.1903 0.0796 0.4930 0.1211 
   HI_SS0198  4 0.2397 0.1400 0.2801 0.1593 0.1809 
   HI_SS0199  4 0.2276 0.2130 0.0995 0.0967 0.3633 
   HI_SS0201  4 0.3667 0.0516 0.2303 0.1556 0.1958 
   HI_SS0215  4 0.3358 0.0700 0.1826 0.2155 0.1961 
   HI_SS0218  4 0.4238 0.1547 0.1831 0.0618 0.1766 
   HI_SS0222  4 0.1834 0.2534 0.2207 0.1892 0.1534 
   HI_SS0230  4 0.1506 0.1690 0.2179 0.3540 0.1085 
   HI_SS0234  4 0.1396 0.2007 0.0720 0.2493 0.3385 
   HI_SS0240  4 0.1246 0.2813 0.1420 0.1049 0.3472 
   HI_SS0241  4 0.2895 0.1042 0.2024 0.1811 0.2228 
   HI_SS0242  4 0.2150 0.1277 0.2408 0.1818 0.2346 
   HI_SS0247  4 0.1618 0.1262 0.2082 0.3107 0.1932 
   HI_SS0248  4 0.3161 0.2337 0.0846 0.0807 0.2849 
   HI_SS0252  4 0.1245 0.2846 0.2465 0.1116 0.2327 
   HI_SS0254  4 0.2196 0.1316 0.1115 0.3470 0.1903 
   HI_SS0256  4 0.0377 0.2311 0.2048 0.2534 0.2730 
   HI_SS0257  4 0.3023 0.1025 0.0806 0.2267 0.2879 
   HI_SS0258  4 0.3406 0.1502 0.2028 0.1253 0.1811 
   HI_SS0259  4 0.1246 0.2818 0.1707 0.2687 0.1541 
   HI_SS0260  4 0.3143 0.2425 0.1003 0.1108 0.2322 
   HI_SS0261  4 0.2242 0.1976 0.0890 0.3152 0.1740 
   HI_SS0262  4 0.1251 0.1624 0.3160 0.1608 0.2358 
   HI_SS0264  4 0.1587 0.2815 0.1963 0.2624 0.1011 
   HI_SS0265  4 0.1267 0.1480 0.2743 0.2965 0.1545 
   HI_SS0268  4 0.2499 0.2254 0.1911 0.2395 0.0942 
   HI_SS0269  4 0.3739 0.0827 0.0613 0.1747 0.3074 
   HI_SS0273  4 0.2765 0.0985 0.1685 0.2416 0.2149 
   HI_SS0277  4 0.1157 0.0966 0.1374 0.4891 0.1612 
   HI_SS0280  4 0.1775 0.2429 0.3146 0.1321 0.1330 
   HI_SS0282  4 0.2452 0.1202 0.2131 0.1606 0.2609 
   HI_SS0286  4 0.2178 0.0985 0.2843 0.1658 0.2335 
   NS_SS1252  5 0.4706 0.1053 0.1392 0.1031 0.1819 
   NS_SS1261  5 0.1916 0.1564 0.1619 0.2496 0.2406 
   NS_SS1225  5 0.2398 0.0863 0.1515 0.2696 0.2528 
   NS_SS1266  5 0.0699 0.1552 0.2013 0.2539 0.3198 
   NS_SS1228  5 0.1250 0.1617 0.4114 0.1448 0.1571 
   NS_SS1255  5 0.1592 0.4885 0.0730 0.1103 0.1689 
   NS_SS1267  5 0.4929 0.0936 0.1440 0.1134 0.1560 
   NS_SS1238  5 0.2382 0.2230 0.1838 0.2702 0.0848 
   NS_SS1233  5 0.1169 0.1922 0.2447 0.2663 0.1798 
   NS_SS1277  5 0.3106 0.2888 0.1243 0.1060 0.1702 
   NS_SS1245  5 0.2431 0.1991 0.1116 0.2206 0.2257 
   NS_SS1240  5 0.4908 0.1094 0.0796 0.1617 0.1585 
   NS_SS1275  5 0.0651 0.1796 0.2516 0.3483 0.1554 
   NS_SS1235  5 0.1270 0.2548 0.0640 0.2273 0.3269 
   NS_SS1263  5 0.1089 0.3227 0.1617 0.1999 0.2068 
   NS_SS1251  5 0.1220 0.2074 0.1475 0.2909 0.2322 
   NS_SS1248  5 0.1763 0.1055 0.5162 0.1455 0.0565 
   NS_SS1244  5 0.1532 0.0785 0.1662 0.4018 0.2003 
   NS_SS1257  5 0.3214 0.1638 0.1909 0.1249 0.1989 
   NS_SS1242  5 0.1061 0.3747 0.1860 0.1878 0.1454 
   NS_SS1271  5 0.4223 0.0962 0.1293 0.1305 0.2216 
   NS_SS1265  5 0.3883 0.1438 0.1474 0.2239 0.0966 
   NS_SS1243  5 0.1317 0.2655 0.3827 0.0859 0.1344 
   NS_SS1273  5 0.0926 0.4210 0.1720 0.1850 0.1294 
   NS_SS1254  5 0.1075 0.1980 0.2139 0.2045 0.2760 
   NS_SS1224  5 0.0975 0.1648 0.3384 0.1742 0.2251 
   NS_SS1227  5 0.2742 0.1771 0.0909 0.2328 0.2250 
   NS_SS1274  5 0.2756 0.1819 0.1754 0.1449 0.2222 
   NS_SS1241  5 0.2380 0.1229 0.1759 0.2086 0.2546 
   NS_SS1256  5 0.2258 0.1473 0.0947 0.3253 0.2070 
   NS_SS1260  5 0.2981 0.1235 0.1226 0.1144 0.3414 
   NS_SS1262  5 0.2258 0.0831 0.2244 0.2336 0.2331 
   NS_SS1230  5 0.2605 0.2165 0.1835 0.1996 0.1399 
   NS_SS1270  5 0.1169 0.0987 0.3759 0.2535 0.1550 
   NS_SS1229  5 0.0897 0.2720 0.0559 0.2476 0.3348 
   NS_SS1246  5 0.3084 0.1734 0.0956 0.2088 0.2138 
   NS_SS1269  5 0.1476 0.2276 0.2425 0.1707 0.2116 
   NS_SS1239  5 0.0859 0.2194 0.2805 0.0909 0.3233 
   NS_SS1272  5 0.1341 0.1361 0.0969 0.5030 0.1299 
   NS_SS1268  5 0.1088 0.1303 0.4583 0.1401 0.1624 
   NS_SS1249  5 0.3963 0.1536 0.1077 0.0919 0.2506 
   HI_SS0559  6 0.1938 0.2007 0.3104 0.0986 0.1965 
   HI_SS0563  6 0.1672 0.1430 0.1695 0.2332 0.2871 
   HI_SS0564  6 0.1485 0.1840 0.2215 0.2449 0.2011 
   HI_SS0565  6 0.2389 0.1253 0.1283 0.3347 0.1729 
   HI_SS0569  6 0.2926 0.0592 0.1721 0.2742 0.2019 
   HI_SS0570  6 0.4107 0.1584 0.1504 0.1344 0.1461 
   HI_SS0572  6 0.0890 0.3457 0.1073 0.1434 0.3147 
   HI_SS0576  6 0.1191 0.2643 0.3237 0.1629 0.1301 
   HI_SS0579  6 0.2173 0.1155 0.1339 0.1812 0.3520 
   HI_SS0580  6 0.2903 0.2606 0.1560 0.0911 0.2020 
   HI_SS0581  6 0.0829 0.1821 0.3295 0.2869 0.1185 
   HI_SS0583  6 0.3469 0.2185 0.0856 0.1548 0.1942 
   HI_SS0586  6 0.4653 0.1206 0.1979 0.1282 0.0880 
   HI_SS0588  6 0.2658 0.1331 0.1965 0.1410 0.2637 
   HI_SS0595  6 0.2704 0.1704 0.0732 0.3427 0.1432 
   HI_SS0596  6 0.0921 0.4561 0.1180 0.0958 0.2381 
   HI_SS0597  6 0.1295 0.3511 0.0874 0.2538 0.1782 
   HI_SS0600  6 0.2055 0.1127 0.1335 0.2256 0.3226 
   HI_SS0601  6 0.1805 0.0552 0.2012 0.3149 0.2482 
   HI_SS0602  6 0.2922 0.1800 0.3187 0.1020 0.1071 
   HI_SS0604  6 0.1801 0.2082 0.2835 0.1513 0.1768 
   HI_SS0605  6 0.2190 0.1198 0.3504 0.0896 0.2213 
   HI_SS0608  6 0.1965 0.3427 0.2087 0.1588 0.0933 
   HI_SS0609  6 0.0988 0.2252 0.1181 0.3085 0.2494 
   HI_SS0611  6 0.3398 0.1087 0.3245 0.0942 0.1329 
   HI_SS0612  6 0.1464 0.1128 0.0648 0.2209 0.4551 
   HI_SS0613  6 0.1777 0.1249 0.4572 0.1120 0.1282 
   HI_SS0615  6 0.0714 0.3000 0.2336 0.1795 0.2154 
   HI_SS0001  6 0.2497 0.3046 0.0863 0.1640 0.1954 
   HI_SS0002  6 0.0871 0.2255 0.1775 0.2924 0.2175 
   HI_SS0004  6 0.3222 0.2630 0.1847 0.0967 0.1333 
   HI_SS0005  6 0.1430 0.1461 0.4385 0.1672 0.1053 
   HI_SS0006  6 0.2954 0.1132 0.0955 0.2654 0.2305 
   HI_SS0007  6 0.2954 0.1282 0.3926 0.0729 0.1108 
   HI_SS0008  6 0.1461 0.1247 0.2532 0.2915 0.1845 
   HI_SS0009  6 0.0949 0.2593 0.3510 0.0777 0.2171 
   HI_SS0010  6 0.2345 0.1338 0.2747 0.1947 0.1622 
   HI_SS0011  6 0.1333 0.1273 0.2114 0.3551 0.1729 
   HI_SS0012  6 0.0666 0.1376 0.1686 0.2661 0.3611 
   HI_SS0017  6 0.1383 0.4569 0.1307 0.1471 0.1271 
   HI_SS0021  6 0.3223 0.1696 0.1398 0.2602 0.1081 
   HI_SS0024  6 0.1205 0.2832 0.2179 0.2229 0.1555 
   HI_SS0025  6 0.1221 0.3757 0.2182 0.1131 0.1709 
   HI_SS0027  6 0.2561 0.1289 0.2667 0.1299 0.2183 
   HI_SS0028  6 0.0644 0.2259 0.3083 0.3266 0.0748 
   HI_SS0029  6 0.2191 0.3618 0.1148 0.1591 0.1452 
   HI_SS0030  6 0.1926 0.1579 0.2034 0.1737 0.2723 
   HI_SS0031  6 0.0999 0.1796 0.0822 0.2954 0.3428 
   HI_SS0034  6 0.3245 0.1366 0.1211 0.1456 0.2722 
   HI_SS0036  6 0.3935 0.1198 0.2080 0.1982 0.0805 
   HI_SS0037  6 0.3915 0.1268 0.2654 0.1123 0.1040 
   HI_SS0039  6 0.2890 0.1257 0.3327 0.1448 0.1078 
   HI_SS0041  6 0.1174 0.2626 0.3671 0.1352 0.1176 
   HI_SS0042  6 0.1045 0.2957 0.1983 0.2601 0.1414 
   HI_SS0043  6 0.4478 0.0700 0.1273 0.2277 0.1273 
   HI_SS0044  6 0.2568 0.3671 0.0891 0.0916 0.1954 
   HI_SS0047  6 0.1067 0.2502 0.2625 0.1633 0.2173 
   HI_SS0049  6 0.1443 0.3957 0.1543 0.1377 0.1679 
   HI_SS0051  6 0.1205 0.0848 0.4384 0.1521 0.2043 
   HI_SS0053  6 0.3457 0.1082 0.1085 0.2650 0.1727 
   HI_SS0054  6 0.3411 0.0623 0.2094 0.1953 0.1919 
   HI_SS0057  6 0.1626 0.2013 0.2989 0.2350 0.1022 
   HI_SS0058  6 0.3088 0.1814 0.1828 0.1299 0.1972 
   HI_SS0060  6 0.1332 0.0843 0.3277 0.2756 0.1792 
   HI_SS0087  6 0.2146 0.1364 0.1369 0.3116 0.2005 
   HI_SS0091  6 0.4015 0.0860 0.0632 0.2544 0.1950 
   HI_SS0095  6 0.1761 0.1155 0.2114 0.2082 0.2888 
   HI_SS0097  6 0.1064 0.0856 0.1577 0.2915 0.3588 
   HI_SS0099  6 0.1705 0.3885 0.1954 0.1309 0.1147 
   HI_SS0103  6 0.1516 0.2775 0.0990 0.2053 0.2667 
   HI_SS0105  6 0.1559 0.0940 0.2025 0.3504 0.1971 
   HI_SS0107  6 0.0790 0.3735 0.1075 0.1959 0.2442 
   HI_SS0108  6 0.5157 0.0953 0.1060 0.1197 0.1634 
   HI_SS0110  6 0.1998 0.1683 0.0772 0.3311 0.2236 
   HI_SS0111  6 0.1760 0.1504 0.1997 0.2468 0.2271 
   HI_SS0112  6 0.4829 0.1314 0.0897 0.1511 0.1449 
   HI_SS0113  6 0.0976 0.3723 0.1470 0.2515 0.1317 
   HI_SS0114  6 0.2843 0.0787 0.3182 0.1450 0.1738 
   HI_SS0115  6 0.1562 0.2474 0.1789 0.0817 0.3358 
   HI_SS0116  6 0.3283 0.3118 0.0678 0.1077 0.1844 
   HI_SS0117  6 0.2725 0.1101 0.0800 0.3553 0.1822 
   HI_SS0118  6 0.2757 0.1755 0.1134 0.2233 0.2120 
   HI_SS0119  6 0.2335 0.0728 0.1246 0.3170 0.2521 
   HI_SS0120  6 0.0982 0.4341 0.0849 0.2513 0.1315 
   HI_SS0121  6 0.0938 0.1133 0.2607 0.4334 0.0987 
   HI_SS0122  6 0.2023 0.1676 0.2139 0.2477 0.1685 
   HI_SS0123  6 0.1696 0.1712 0.1040 0.2973 0.2579 
   HI_SS0124  6 0.0772 0.4242 0.2021 0.1039 0.1925 
   HI_SS0125  6 0.0809 0.2678 0.2423 0.1752 0.2339 
   HI_SS0126  6 0.4041 0.2750 0.0906 0.1153 0.1150 
   HI_SS0127  6 0.1528 0.1066 0.4504 0.1483 0.1419 
   HI_SS0128  6 0.1561 0.2882 0.0994 0.2265 0.2299 
   HI_SS0129  6 0.3095 0.2085 0.1823 0.1459 0.1538 
   HI_SS0131  6 0.2684 0.0947 0.3248 0.1846 0.1275 
   HI_SS0132  6 0.1764 0.1403 0.1518 0.3269 0.2046 
   HI_SS0133  6 0.5178 0.1497 0.1244 0.0994 0.1087 
   HI_SS0134  6 0.1988 0.1549 0.1600 0.2242 0.2621 
   HI_SS0142  6 0.1222 0.0822 0.2003 0.2923 0.3030 
   HI_SS0145  6 0.2071 0.1696 0.1303 0.1761 0.3169 
   HI_SS0146  6 0.2438 0.1228 0.2259 0.1397 0.2679 
   HI_SS0147  6 0.1119 0.1258 0.4179 0.1829 0.1614 
   HI_SS0149  6 0.1887 0.1265 0.1028 0.4604 0.1215 
   HI_SS0150  6 0.1036 0.2444 0.3032 0.1942 0.1547 
   HI_SS0151  6 0.1707 0.2044 0.1961 0.0802 0.3486 
   NS_SS1451  6 0.0777 0.3124 0.2510 0.1417 0.2171 
   NS_SS1404  6 0.1485 0.1882 0.3981 0.1540 0.1112 
   NS_SS1432  6 0.0930 0.3664 0.1090 0.3213 0.1104 
   NS_SS1405  6 0.2146 0.3584 0.1396 0.1381 0.1494 
   NS_SS1431  6 0.0942 0.3389 0.1398 0.3047 0.1224 
   NS_SS1402  6 0.1988 0.1621 0.1008 0.2578 0.2805 
   NS_SS1450  6 0.3036 0.2627 0.1759 0.1089 0.1489 
   NS_SS1396  6 0.1823 0.2030 0.2195 0.2172 0.1780 
   NS_SS1393  6 0.2059 0.1676 0.2045 0.1526 0.2694 
   NS_SS1392  6 0.1183 0.3823 0.2211 0.0865 0.1917 
   NS_SS1445  6 0.3166 0.0974 0.2085 0.2396 0.1379 
   NS_SS1423  6 0.2168 0.1813 0.0825 0.2887 0.2308 
   NS_SS1421  6 0.2484 0.1574 0.1333 0.2902 0.1707 
   NS_SS1411  6 0.3236 0.1174 0.3834 0.0821 0.0935 
   NS_SS1453  6 0.2926 0.1217 0.1444 0.2840 0.1572 
   NS_SS1442  6 0.1788 0.1735 0.2008 0.1899 0.2570 
   NS_SS1422  6 0.1259 0.1611 0.1018 0.2154 0.3958 
   NS_SS1419  6 0.1241 0.1119 0.3305 0.2320 0.2014 
   NS_SS1427  6 0.4043 0.2182 0.0760 0.1061 0.1954 
   NS_SS1444  6 0.1318 0.2225 0.3574 0.1540 0.1342 
   NS_SS1455  6 0.0987 0.3573 0.0953 0.2320 0.2167 
   NS_SS1425  6 0.4259 0.0794 0.1424 0.1830 0.1693 
   NS_SS1400  6 0.3754 0.1461 0.1754 0.1564 0.1467 
   NS_SS1406  6 0.0672 0.1829 0.1239 0.4078 0.2182 
   NS_SS1417  6 0.2624 0.2097 0.1419 0.2358 0.1502 
   NS_SS1454  6 0.3147 0.1537 0.1703 0.2733 0.0880 
   NS_SS1412  6 0.2665 0.2201 0.2226 0.1404 0.1503 
   NS_SS1438  6 0.3416 0.0600 0.2355 0.1664 0.1965 
   NS_SS1416  6 0.1949 0.1966 0.1845 0.2433 0.1807 
   NS_SS1401  6 0.1877 0.1525 0.1222 0.3314 0.2062 
   NS_SS1424  6 0.2074 0.1314 0.1557 0.3113 0.1942 
   NS_SS1435  6 0.1667 0.3138 0.2142 0.1802 0.1251 
   NS_SS1447  6 0.1168 0.1752 0.3206 0.2192 0.1681 
   NS_SS1414  6 0.1313 0.2773 0.3262 0.1459 0.1193 
   NS_SS1449  6 0.1317 0.1717 0.1346 0.2187 0.3433 
   NS_SS1443  6 0.2745 0.1578 0.0756 0.1515 0.3407 
   NS_SS1434  6 0.1694 0.3758 0.0675 0.1002 0.2871 
   NS_SS1398  6 0.1498 0.3628 0.1939 0.1590 0.1344 
   NS_SS1426  6 0.3948 0.1206 0.1471 0.1673 0.1701 
   NS_SS1413  6 0.3218 0.2846 0.1137 0.1535 0.1264 
   NS_SS1395  6 0.2610 0.1077 0.1218 0.2306 0.2788 
   NS_SS1448  6 0.2582 0.2155 0.3460 0.0967 0.0835 
   NS_SS1446  6 0.2743 0.1228 0.1424 0.2043 0.2562 
   NS_SS1403  6 0.1176 0.1934 0.1474 0.3506 0.1909 
   NS_SS1415  6 0.3243 0.1741 0.2035 0.1430 0.1551 
   NS_SS1437  6 0.1498 0.1895 0.1859 0.3672 0.1076 
   NS_SS1439  6 0.1627 0.1212 0.1762 0.1961 0.3438 
   NS_SS1441  6 0.2729 0.2390 0.0984 0.1604 0.2293 
   NS_SS1420  6 0.0917 0.1493 0.5772 0.0660 0.1159 
   NS_SS1394  6 0.1090 0.2423 0.3325 0.1986 0.1176 
   NS_SS1391  6 0.2649 0.3534 0.0843 0.1380 0.1594 
   NS_SS1410  6 0.2515 0.1882 0.1246 0.2479 0.1879 
   NS_SS1408  6 0.1158 0.1310 0.2228 0.3062 0.2242 
   NS_SS1409  6 0.2322 0.3379 0.0700 0.1178 0.2420 
   HI_SS0617  7 0.2307 0.2260 0.1398 0.0931 0.3105 
   HI_SS0618  7 0.1287 0.2821 0.2113 0.1403 0.2377 
   HI_SS0619  7 0.2063 0.3506 0.1930 0.1204 0.1297 
   HI_SS0620  7 0.3722 0.0988 0.2624 0.0603 0.2063 
   HI_SS0621  7 0.1302 0.1958 0.2056 0.2186 0.2499 
   HI_SS0622  7 0.1782 0.1745 0.2476 0.2064 0.1932 
   HI_SS0626  7 0.1847 0.1272 0.4308 0.1741 0.0832 
   HI_SS0627  7 0.1269 0.2378 0.1283 0.3781 0.1290 
   HI_SS0628  7 0.3487 0.1976 0.1477 0.2157 0.0904 
   HI_SS0629  7 0.2286 0.1267 0.1981 0.2555 0.1912 
   HI_SS0630  7 0.2242 0.1780 0.2655 0.1133 0.2190 
   HI_SS0631  7 0.2329 0.1321 0.2932 0.1508 0.1910 
   HI_SS0632  7 0.1841 0.1395 0.3468 0.1813 0.1483 
   HI_SS0633  7 0.1461 0.4169 0.1154 0.0924 0.2292 
   HI_SS0634  7 0.1884 0.1459 0.2925 0.2184 0.1548 
   HI_SS0635  7 0.1134 0.2392 0.3199 0.1912 0.1364 
   HI_SS0637  7 0.1701 0.0724 0.3237 0.2577 0.1760 
   HI_SS0638  7 0.2180 0.2693 0.1815 0.1816 0.1496 
   HI_SS0639  7 0.0860 0.1823 0.3123 0.1700 0.2494 
   HI_SS0640  7 0.1490 0.1846 0.2244 0.2002 0.2418 
   HI_SS0641  7 0.2964 0.1182 0.3578 0.1145 0.1131 
   HI_SS0642  7 0.0934 0.1876 0.1043 0.4300 0.1846 
   HI_SS0645  7 0.0814 0.2930 0.4007 0.0939 0.1310 
   HI_SS0646  7 0.1459 0.2453 0.0905 0.1943 0.3240 
   HI_SS0647  7 0.1832 0.3412 0.1518 0.2106 0.1132 
   HI_SS0648  7 0.1866 0.2240 0.2191 0.1823 0.1880 
   HI_SS0649  7 0.1765 0.2198 0.1590 0.1715 0.2731 
   HI_SS0650  7 0.0981 0.3892 0.1225 0.1257 0.2645 
   HI_SS0651  7 0.1533 0.2243 0.1883 0.1623 0.2719 
   HI_SS0652  7 0.0956 0.2386 0.4887 0.0809 0.0962 
   NS_SS1371  7 0.1890 0.1495 0.0786 0.2355 0.3473 
   NS_SS1374  7 0.3318 0.1554 0.2049 0.2156 0.0922 
   NS_SS1337  7 0.1010 0.1706 0.3610 0.2401 0.1273 
   NS_SS1385  7 0.1360 0.2599 0.1287 0.1668 0.3086 
   NS_SS1388  7 0.2500 0.3639 0.1336 0.1586 0.0939 
   NS_SS1370  7 0.0724 0.0673 0.6057 0.1153 0.1392 
   NS_SS1389  7 0.1737 0.3844 0.2225 0.1337 0.0858 
   NS_SS1360  7 0.2336 0.1061 0.3021 0.1801 0.1781 
   NS_SS1330  7 0.0909 0.2060 0.2983 0.1549 0.2499 
   NS_SS1328  7 0.2904 0.3209 0.0686 0.1411 0.1790 
   NS_SS1384  7 0.1857 0.0871 0.2332 0.2311 0.2630 
   NS_SS1381  7 0.0695 0.4127 0.1083 0.1246 0.2849 
   NS_SS1375  7 0.1468 0.4383 0.1647 0.1231 0.1270 
   NS_SS1319  7 0.1697 0.1725 0.2088 0.2159 0.2331 
   NS_SS1326  7 0.4145 0.2677 0.0928 0.1133 0.1118 
   NS_SS1341  7 0.2587 0.0793 0.1283 0.3354 0.1982 
   NS_SS1383  7 0.1588 0.1031 0.2266 0.3644 0.1471 
   NS_SS1318  7 0.1513 0.1945 0.3324 0.1073 0.2145 
   NS_SS1348  7 0.3237 0.0747 0.1750 0.2124 0.2142 
   NS_SS1363  7 0.1271 0.1794 0.2709 0.2227 0.1998 
   NS_SS1335  7 0.2151 0.0743 0.2363 0.2705 0.2037 
   NS_SS1358  7 0.1960 0.0928 0.1506 0.2892 0.2714 
   NS_SS1342  7 0.2269 0.1011 0.0670 0.3683 0.2367 
   NS_SS1320  7 0.0479 0.5069 0.0827 0.1269 0.2356 
   NS_SS1355  7 0.1117 0.1787 0.2304 0.2420 0.2373 
   NS_SS1345  7 0.0632 0.1099 0.1977 0.2812 0.3480 
   NS_SS1324  7 0.2516 0.1334 0.1961 0.2056 0.2132 
   NS_SS1347  7 0.1265 0.1389 0.1466 0.2413 0.3467 
   NS_SS1321  7 0.2825 0.1138 0.1800 0.2622 0.1615 
   NS_SS1333  7 0.3191 0.1678 0.1224 0.2742 0.1165 
   NS_SS1364  7 0.2677 0.1112 0.1391 0.2806 0.2014 
   NS_SS1379  7 0.1497 0.2749 0.1575 0.1720 0.2459 
   NS_SS1332  7 0.4118 0.1835 0.1040 0.1998 0.1009 
   NS_SS1338  7 0.2647 0.0964 0.3058 0.1687 0.1645 
   NS_SS1368  7 0.3083 0.1582 0.0914 0.3020 0.1401 
   NS_SS1354  7 0.1538 0.1876 0.1668 0.2837 0.2081 
   NS_SS1365  7 0.1250 0.2491 0.2568 0.2101 0.1590 
   NS_SS1380  7 0.1031 0.1840 0.3085 0.2155 0.1889 
   NS_SS1329  7 0.2507 0.1278 0.0643 0.4013 0.1559 
   NS_SS1362  7 0.1831 0.1929 0.1364 0.2706 0.2170 
   NS_SS1327  7 0.5521 0.0998 0.1101 0.1119 0.1261 
   NS_SS1350  7 0.1737 0.2976 0.0802 0.0929 0.3556 
   NS_SS1387  7 0.1714 0.1826 0.3746 0.1402 0.1311 
   NS_SS1369  7 0.2997 0.1061 0.2069 0.1942 0.1931 
   NS_SS1331  7 0.2485 0.2574 0.2091 0.1990 0.0859 
   NS_SS1357  7 0.2035 0.3534 0.0625 0.1322 0.2484 
   NS_SS1386  7 0.4423 0.0879 0.0674 0.2875 0.1150 
   NS_SS1353  7 0.1711 0.3987 0.1022 0.1848 0.1432 
   NS_SS1323  7 0.0891 0.2269 0.1803 0.3171 0.1865 
   HI_SS0296  8 0.2615 0.1358 0.2855 0.0933 0.2240 
   HI_SS0297  8 0.1301 0.2854 0.1005 0.3264 0.1577 
   HI_SS0299  8 0.2023 0.1202 0.2471 0.2232 0.2071 
   HI_SS0300  8 0.1883 0.1468 0.2882 0.1379 0.2388 
   HI_SS0301  8 0.1377 0.0715 0.4221 0.2765 0.0922 
   HI_SS0302  8 0.2550 0.0913 0.3945 0.1151 0.1440 
   HI_SS0303  8 0.3580 0.2890 0.0867 0.1149 0.1514 
   HI_SS0304  8 0.2022 0.3495 0.2230 0.1436 0.0817 
   HI_SS0306  8 0.3613 0.1232 0.2860 0.1287 0.1007 
   HI_SS0307  8 0.1114 0.2337 0.2392 0.1889 0.2269 
   HI_SS0308  8 0.1161 0.1049 0.1989 0.2963 0.2838 
   HI_SS0309  8 0.1048 0.0852 0.2669 0.1940 0.3491 
   HI_SS0310  8 0.2132 0.3482 0.1796 0.1324 0.1266 
   HI_SS0311  8 0.1784 0.1259 0.3503 0.2094 0.1360 
   HI_SS0314  8 0.1732 0.4183 0.0976 0.1781 0.1328 
   HI_SS0316  8 0.2552 0.1935 0.1579 0.1879 0.2056 
   HI_SS0317  8 0.1453 0.1282 0.2409 0.3023 0.1833 
   HI_SS0318  8 0.3188 0.0885 0.1779 0.2534 0.1614 
   HI_SS0319  8 0.4436 0.1006 0.0784 0.1357 0.2417 
   HI_SS0320  8 0.1134 0.3583 0.1313 0.3167 0.0803 
   HI_SS0321  8 0.1887 0.1109 0.1263 0.2457 0.3285 
   HI_SS0323  8 0.3050 0.1476 0.2802 0.1045 0.1628 
   HI_SS0325  8 0.3264 0.1134 0.3131 0.1419 0.1052 
   HI_SS0327  8 0.1974 0.1568 0.0548 0.1500 0.4409 
   HI_SS0329  8 0.1646 0.2740 0.2566 0.1954 0.1095 
   HI_SS0333  8 0.2040 0.2154 0.1695 0.2160 0.1951 
   HI_SS0334  8 0.3040 0.0937 0.1688 0.2392 0.1944 
   HI_SS0335  8 0.0922 0.1292 0.2092 0.2593 0.3100 
   HI_SS0339  8 0.1234 0.1752 0.3053 0.2188 0.1774 
   HI_SS0343  8 0.0917 0.1771 0.1293 0.3098 0.2921 
   HI_SS0344  8 0.5170 0.0838 0.1004 0.1419 0.1570 
   HI_SS0345  8 0.2037 0.1484 0.2466 0.2664 0.1348 
   HI_SS0346  8 0.2504 0.1559 0.1761 0.3197 0.0980 
   HI_SS0350  8 0.0608 0.1891 0.2483 0.1968 0.3050 
   HI_SS0351  8 0.1504 0.1133 0.1363 0.3304 0.2697 
   HI_SS0352  8 0.1275 0.1722 0.1901 0.2856 0.2245 
   HI_SS0362  8 0.1605 0.1585 0.4233 0.1306 0.1272 
   HI_SS0363  8 0.2542 0.1388 0.1151 0.1234 0.3686 
   HI_SS0365  8 0.2652 0.1699 0.0899 0.1324 0.3426 
   HI_SS0366  8 0.4018 0.1077 0.1569 0.0970 0.2366 
   HI_SS0367  8 0.1057 0.3428 0.1537 0.2330 0.1648 
   HI_SS0369  8 0.0992 0.2564 0.2872 0.1743 0.1828 
   HI_SS0370  8 0.1230 0.2836 0.0778 0.1604 0.3553 
   HI_SS0371  8 0.3733 0.1511 0.2088 0.1542 0.1126 
   HI_SS0373  8 0.1859 0.2597 0.2355 0.1167 0.2022 
   HI_SS0374  8 0.1229 0.2783 0.1966 0.2211 0.1811 
   HI_SS0377  8 0.2115 0.0888 0.2186 0.2545 0.2267 
   HI_SS0379  8 0.5517 0.0747 0.0774 0.2059 0.0902 
   HI_SS0380  8 0.1419 0.2192 0.2056 0.2311 0.2022 
   HI_SS0381  8 0.0898 0.0987 0.2782 0.2924 0.2408 
   HI_SS0384  8 0.2692 0.3147 0.1337 0.1530 0.1294 
   HI_SS0385  8 0.3080 0.2885 0.2062 0.1329 0.0644 
