   NS_SS0963  1 0.1568 0.2595 0.1059 0.3094 0.1685 
   NS_SS0983  1 0.1030 0.3278 0.3390 0.1369 0.0934 
   NS_SS0719  1 0.2553 0.1248 0.2090 0.2604 0.1505 
   NS_SS1001  1 0.2469 0.2313 0.1046 0.0879 0.3293 
   NS_SS0936  1 0.0952 0.2052 0.1110 0.3026 0.2860 
   NS_SS0955  1 0.1403 0.3195 0.2241 0.2177 0.0984 
   NS_SS0944  1 0.1424 0.3439 0.1977 0.1179 0.1982 
   NS_SS0945  1 0.1571 0.2145 0.2124 0.1695 0.2466 
   NS_SS0922  1 0.2545 0.1042 0.1085 0.1917 0.3412 
   NS_SS0929  1 0.1337 0.2438 0.2666 0.2243 0.1315 
   NS_SS0956  1 0.4484 0.1499 0.0931 0.1253 0.1833 
   NS_SS0906  1 0.1390 0.3236 0.2078 0.1736 0.1561 
   NS_SS0721  1 0.3621 0.2289 0.1361 0.1584 0.1146 
   NS_SS0982  1 0.1968 0.2429 0.1205 0.2779 0.1619 
   NS_SS0923  1 0.2502 0.2065 0.1376 0.1978 0.2079 
   NS_SS0905  1 0.2461 0.2797 0.1831 0.1142 0.1769 
   NS_SS0925  1 0.1730 0.3226 0.0774 0.1548 0.2721 
   NS_SS0947  1 0.1387 0.2237 0.1333 0.2153 0.2891 
   NS_SS0926  1 0.1234 0.1321 0.3213 0.3613 0.0618 
   NS_SS0918  1 0.1761 0.4590 0.0710 0.1897 0.1042 
   NS_SS0966  1 0.1374 0.3169 0.1198 0.2416 0.1843 
   NS_SS0938  1 0.1142 0.0999 0.0933 0.4371 0.2555 
   NS_SS0917  1 0.1618 0.0893 0.3057 0.2526 0.1907 
   NS_SS0957  1 0.4032 0.1580 0.1583 0.1797 0.1006 
   NS_SS0987  1 0.4286 0.2271 0.1314 0.1393 0.0735 
   NS_SS0717  1 0.2880 0.2287 0.1077 0.0801 0.2955 
   NS_SS0986  1 0.2455 0.2798 0.1840 0.2070 0.0837 
   NS_SS0953  1 0.1709 0.3700 0.0908 0.0748 0.2934 
   NS_SS0907  1 0.0935 0.4019 0.1582 0.1802 0.1662 
   NS_SS0974  1 0.1047 0.2509 0.2102 0.1509 0.2833 
   NS_SS0989  1 0.0943 0.0763 0.3726 0.3063 0.1505 
   NS_SS0991  1 0.2109 0.4495 0.1764 0.0929 0.0704 
   NS_SS0994  1 0.0748 0.1096 0.5187 0.1085 0.1884 
   NS_SS0931  1 0.1818 0.2581 0.2714 0.2198 0.0690 
   NS_SS1000  1 0.1456 0.1975 0.1067 0.2144 0.3359 
   NS_SS0919  1 0.0876 0.2365 0.1784 0.4036 0.0940 
   NS_SS0949  1 0.1494 0.1261 0.3030 0.2264 0.1951 
   NS_SS0960  1 0.2418 0.2243 0.2655 0.1566 0.1118 
   NS_SS0716  1 0.5210 0.0788 0.0972 0.1062 0.1968 
   NS_SS0924  1 0.1782 0.2546 0.2277 0.2349 0.1047 
   NS_SS0935  1 0.2494 0.2228 0.3232 0.0823 0.1223 
   NS_SS0952  1 0.1090 0.2890 0.2845 0.1922 0.1253 
   NS_SS0962  1 0.2030 0.1423 0.1001 0.3684 0.1862 
   NS_SS0973  1 0.1288 0.3576 0.1334 0.1354 0.2448 
   NS_SS0722  1 0.1308 0.2422 0.0800 0.0693 0.4777 
   NS_SS0979  1 0.2881 0.2762 0.1038 0.2162 0.1157 
   NS_SS0993  1 0.1630 0.3366 0.0710 0.1742 0.2552 
   NS_SS0958  1 0.1736 0.1886 0.3095 0.1531 0.1752 
   NS_SS0988  1 0.1617 0.2099 0.1856 0.3597 0.0830 
   NS_SS1003  1 0.2407 0.1314 0.0601 0.4976 0.0701 
   NS_SS0976  1 0.1102 0.2626 0.2440 0.2877 0.0955 
   NS_SS0964  1 0.2998 0.1413 0.0894 0.0895 0.3800 
   NS_SS0939  1 0.4870 0.0573 0.0736 0.1520 0.2301 
   NS_SS0990  1 0.2483 0.0709 0.2509 0.2907 0.1392 
   NS_SS0984  1 0.2655 0.1363 0.0823 0.1974 0.3185 
   NS_SS0980  1 0.0931 0.2617 0.1126 0.1360 0.3966 
   NS_SS0978  1 0.1229 0.1617 0.1559 0.2210 0.3386 
   NS_SS0951  1 0.3095 0.3461 0.1935 0.0765 0.0745 
   NS_SS0913  1 0.3788 0.1775 0.1239 0.1073 0.2126 
   NS_SS1002  1 0.0683 0.1797 0.0713 0.5482 0.1325 
   NS_SS0948  1 0.1614 0.3364 0.1801 0.2229 0.0993 
   NS_SS0916  1 0.1696 0.0996 0.2469 0.2186 0.2653 
   NS_SS0995  1 0.2854 0.1388 0.1531 0.1618 0.2609 
   NS_SS0927  1 0.1201 0.1157 0.3001 0.2113 0.2528 
   NS_SS0992  1 0.0933 0.1032 0.2449 0.2484 0.3101 
   NS_SS0912  1 0.3344 0.2232 0.1802 0.1872 0.0750 
   NS_SS0981  1 0.2204 0.2581 0.0930 0.3377 0.0907 
   NS_SS0729  2 0.0546 0.1842 0.4009 0.1108 0.2495 
   NS_SS0967  2 0.1059 0.2651 0.0940 0.3443 0.1908 
   NS_SS0941  2 0.2047 0.1083 0.1436 0.2131 0.3303 
   NS_SS0768  2 0.2523 0.2605 0.1353 0.2053 0.1467 
   NS_SS0726  2 0.0666 0.1365 0.2811 0.2642 0.2516 
   NS_SS0763  2 0.1227 0.1776 0.3314 0.1566 0.2117 
   NS_SS0730  2 0.3155 0.1302 0.1197 0.2173 0.2171 
   NS_SS0774  2 0.1630 0.1829 0.0892 0.1721 0.3929 
   NS_SS0723  2 0.1974 0.2168 0.0646 0.2817 0.2395 
   NS_SS0940  2 0.2299 0.1098 0.2286 0.2012 0.2304 
   NS_SS0762  2 0.2794 0.1656 0.0678 0.0745 0.4128 
   NS_SS0766  2 0.3014 0.0885 0.2103 0.0966 0.3032 
   NS_SS0724  2 0.2680 0.3130 0.0965 0.1265 0.1960 
   NS_SS0769  2 0.2306 0.1311 0.1665 0.3167 0.1551 
   NS_SS0777  2 0.1870 0.3279 0.2207 0.1733 0.0911 
   NS_SS0734  2 0.3202 0.1556 0.2086 0.1248 0.1908 
   NS_SS0737  2 0.1654 0.0938 0.0834 0.1558 0.5016 
   NS_SS0732  2 0.4287 0.2620 0.0843 0.0993 0.1258 
   NS_SS0728  2 0.2338 0.1598 0.1539 0.1563 0.2962 
   NS_SS0735  2 0.1985 0.2603 0.0993 0.0755 0.3664 
   NS_SS0725  2 0.2059 0.1151 0.1185 0.2290 0.3315 
   NS_SS0788  2 0.1638 0.1009 0.1437 0.4376 0.1540 
   NS_SS0778  2 0.2291 0.1506 0.2156 0.3088 0.0960 
   NS_SS0792  2 0.2778 0.2059 0.2485 0.1141 0.1536 
   NS_SS0943  2 0.1497 0.3166 0.2964 0.1083 0.1290 
   NS_SS0791  2 0.2869 0.1216 0.2745 0.1017 0.2153 
   NS_SS0790  2 0.3791 0.2588 0.0479 0.1154 0.1989 
   NS_SS0731  2 0.4151 0.2105 0.0919 0.1178 0.1647 
   NS_SS0727  2 0.1036 0.0954 0.3360 0.0693 0.3956 
   NS_SS0779  2 0.2261 0.2703 0.1403 0.1901 0.1732 
   NS_SS0776  2 0.2058 0.1322 0.1593 0.1953 0.3074 
   NS_SS0775  2 0.3137 0.0993 0.0945 0.1240 0.3685 
   NS_SS0965  3 0.2765 0.2816 0.1090 0.2277 0.1052 
   NS_SS0754  3 0.2484 0.1891 0.2900 0.1431 0.1294 
   NS_SS0838  3 0.1442 0.2291 0.1763 0.2485 0.2019 
   NS_SS0839  3 0.2850 0.1415 0.0847 0.2419 0.2470 
   NS_SS0832  3 0.2286 0.3177 0.0552 0.1816 0.2168 
   NS_SS0820  3 0.2222 0.2186 0.0658 0.3401 0.1534 
   NS_SS0886  3 0.2673 0.1462 0.2618 0.1912 0.1335 
   NS_SS0748  3 0.1523 0.3619 0.1964 0.1846 0.1049 
   NS_SS0884  3 0.1723 0.2099 0.2031 0.1806 0.2341 
   NS_SS0752  3 0.1481 0.1881 0.1440 0.1757 0.3441 
   NS_SS0862  3 0.3742 0.2914 0.0742 0.1047 0.1555 
   NS_SS0787  3 0.1451 0.1324 0.5266 0.1089 0.0870 
   NS_SS0843  3 0.1785 0.2585 0.1635 0.1369 0.2626 
   NS_SS0856  3 0.1955 0.0817 0.1689 0.2029 0.3510 
   NS_SS0846  3 0.0581 0.2614 0.1981 0.2588 0.2236 
   NS_SS0825  3 0.1833 0.1537 0.1593 0.4241 0.0797 
   NS_SS0757  3 0.2244 0.3244 0.1937 0.1325 0.1250 
   NS_SS0876  3 0.1759 0.2386 0.1380 0.1369 0.3106 
   NS_SS0903  3 0.0917 0.2773 0.0741 0.1772 0.3797 
   NS_SS0875  3 0.3333 0.1531 0.1513 0.2149 0.1475 
   NS_SS0740  3 0.1730 0.3057 0.1449 0.1251 0.2513 
   NS_SS0811  3 0.4532 0.2440 0.0776 0.1005 0.1247 
   NS_SS0751  3 0.2240 0.1041 0.1347 0.2845 0.2527 
   NS_SS0891  3 0.2128 0.1268 0.1652 0.2409 0.2544 
   NS_SS0867  3 0.1316 0.3782 0.2020 0.1884 0.0998 
   NS_SS0890  3 0.1891 0.2438 0.1649 0.2032 0.1991 
   NS_SS0866  3 0.1043 0.1177 0.5115 0.1123 0.1542 
   NS_SS0755  3 0.2453 0.2442 0.1660 0.2053 0.1392 
   NS_SS0758  3 0.1275 0.2548 0.1611 0.1703 0.2864 
   NS_SS0840  3 0.2240 0.2262 0.0659 0.3119 0.1720 
   NS_SS0889  3 0.2385 0.1994 0.3534 0.1149 0.0939 
   NS_SS1010  3 0.1828 0.1558 0.1516 0.3708 0.1390 
   NS_SS0888  3 0.1656 0.0896 0.4476 0.0650 0.2323 
   NS_SS0837  3 0.3316 0.3221 0.0814 0.1230 0.1419 
   NS_SS0794  3 0.1661 0.1606 0.3469 0.0729 0.2535 
   NS_SS0823  3 0.0950 0.3594 0.0844 0.1562 0.3050 
   NS_SS0829  3 0.1662 0.3657 0.3313 0.0775 0.0594 
   NS_SS0844  3 0.0952 0.5110 0.0570 0.1418 0.1951 
   NS_SS1008  3 0.1957 0.1380 0.3016 0.0823 0.2823 
   NS_SS0881  3 0.1839 0.1055 0.2147 0.3855 0.1104 
   NS_SS0834  3 0.1167 0.1214 0.0966 0.2620 0.4033 
   NS_SS0744  3 0.1559 0.2127 0.1825 0.2530 0.1959 
   NS_SS0899  3 0.4292 0.2950 0.0669 0.0780 0.1309 
   NS_SS0804  3 0.2690 0.2698 0.0607 0.2229 0.1776 
   NS_SS0781  3 0.1703 0.2510 0.0666 0.3343 0.1778 
   NS_SS0822  3 0.1165 0.3375 0.1803 0.0935 0.2722 
   NS_SS1004  3 0.1514 0.3200 0.1235 0.1839 0.2212 
   NS_SS0746  3 0.0819 0.3937 0.1656 0.1695 0.1893 
   NS_SS0880  3 0.1633 0.2796 0.1153 0.2339 0.2078 
   NS_SS0879  3 0.2192 0.1954 0.1409 0.1362 0.3084 
   NS_SS0753  3 0.2302 0.3370 0.2355 0.0947 0.1026 
   NS_SS1007  3 0.1243 0.0774 0.1670 0.2801 0.3511 
   NS_SS0872  3 0.2077 0.1756 0.1207 0.2313 0.2647 
   NS_SS1005  3 0.1155 0.3187 0.0987 0.2488 0.2182 
   NS_SS0892  3 0.2290 0.2040 0.1767 0.1767 0.2136 
   NS_SS0898  3 0.2554 0.2026 0.2440 0.1619 0.1361 
   NS_SS0801  3 0.2279 0.3672 0.1437 0.1498 0.1115 
   NS_SS0827  3 0.4089 0.1582 0.1947 0.1715 0.0666 
   NS_SS0853  3 0.4407 0.1804 0.2141 0.0857 0.0792 
   NS_SS0780  3 0.2527 0.1780 0.1033 0.2896 0.1764 
   NS_SS0826  3 0.0956 0.2836 0.1143 0.4170 0.0895 
   NS_SS0818  3 0.2817 0.1515 0.0655 0.2414 0.2599 
   NS_SS0745  3 0.4419 0.0515 0.0634 0.1170 0.3261 
   NS_SS0849  3 0.4742 0.1983 0.0964 0.1700 0.0612 
   NS_SS0739  3 0.3383 0.0741 0.1662 0.2800 0.1414 
   NS_SS0799  3 0.1754 0.2315 0.2675 0.0676 0.2581 
   NS_SS0756  3 0.1685 0.3127 0.0787 0.2894 0.1507 
   NS_SS0802  3 0.0864 0.1420 0.2221 0.3290 0.2206 
   NS_SS0747  3 0.1072 0.3076 0.1481 0.2604 0.1766 
   NS_SS0835  3 0.0939 0.1114 0.4573 0.2040 0.1334 
   NS_SS0742  3 0.2001 0.2675 0.1181 0.2366 0.1776 
   NS_SS0760  3 0.1270 0.1914 0.3883 0.1412 0.1521 
   NS_SS0803  3 0.0810 0.4523 0.0644 0.0799 0.3224 
   NS_SS0828  3 0.3459 0.2149 0.1669 0.1374 0.1348 
   NS_SS0865  3 0.2226 0.1949 0.1861 0.3040 0.0924 
   NS_SS0759  3 0.2777 0.2099 0.0798 0.1576 0.2750 
   NS_SS0851  3 0.5562 0.1143 0.0867 0.1400 0.1028 
   NS_SS0874  3 0.1083 0.4356 0.0872 0.1275 0.2413 
   NS_SS0761  3 0.1676 0.2862 0.3299 0.1454 0.0711 
   NS_SS0842  3 0.1902 0.2123 0.2677 0.1503 0.1795 
   NS_SS0785  3 0.1589 0.2708 0.2510 0.1357 0.1836 
   NS_SS0860  3 0.0919 0.1584 0.4440 0.1784 0.1273 
   NS_SS0897  3 0.1906 0.1336 0.4715 0.0854 0.1189 
   NS_SS0841  3 0.3536 0.2447 0.0748 0.1357 0.1912 
   NS_SS0797  3 0.2756 0.1953 0.2436 0.2081 0.0774 
   NS_SS0830  3 0.2653 0.2046 0.1695 0.2434 0.1173 
   NS_SS1011  3 0.1414 0.1971 0.0751 0.4351 0.1514 
   NS_SS0883  3 0.3051 0.2460 0.2255 0.1149 0.1086 
   NS_SS0782  3 0.1534 0.1461 0.2505 0.0984 0.3516 
   NS_SS0831  3 0.2904 0.1926 0.3600 0.0799 0.0770 
   NS_SS0749  3 0.2986 0.1648 0.1998 0.1527 0.1841 
   NS_SS0854  3 0.1213 0.1755 0.2272 0.1107 0.3652 
   HI_SS0193  4 0.2259 0.1024 0.2985 0.1571 0.2160 
   HI_SS0194  4 0.1159 0.1233 0.0957 0.2810 0.3841 
   HI_SS0195  4 0.4293 0.0906 0.0603 0.2736 0.1461 
   HI_SS0196  4 0.1497 0.1685 0.2017 0.1154 0.3647 
   HI_SS0197  4 0.0721 0.0770 0.1077 0.6337 0.1095 
   HI_SS0198  4 0.3245 0.1648 0.2317 0.1545 0.1245 
   HI_SS0199  4 0.1151 0.1061 0.3395 0.0991 0.3403 
   HI_SS0201  4 0.1449 0.2373 0.3866 0.1685 0.0627 
   HI_SS0215  4 0.1521 0.2190 0.3786 0.1792 0.0711 
   HI_SS0218  4 0.2277 0.0673 0.4891 0.0673 0.1486 
   HI_SS0222  4 0.2716 0.1055 0.1783 0.2457 0.1989 
   HI_SS0230  4 0.2122 0.2082 0.1098 0.3793 0.0906 
   HI_SS0234  4 0.0674 0.1145 0.1730 0.3066 0.3385 
   HI_SS0240  4 0.1887 0.0889 0.1601 0.1342 0.4282 
   HI_SS0241  4 0.1372 0.1861 0.3658 0.1894 0.1216 
   HI_SS0242  4 0.1911 0.2598 0.2287 0.1466 0.1737 
   HI_SS0247  4 0.1676 0.4023 0.1180 0.1989 0.1132 
   HI_SS0248  4 0.0766 0.2212 0.3365 0.0545 0.3112 
   HI_SS0252  4 0.2054 0.2832 0.1077 0.0870 0.3168 
   HI_SS0254  4 0.1034 0.2300 0.1828 0.3548 0.1290 
   HI_SS0256  4 0.1813 0.2109 0.0381 0.2664 0.3033 
   HI_SS0257  4 0.0555 0.2311 0.3344 0.1994 0.1796 
   HI_SS0258  4 0.1788 0.2135 0.3449 0.1158 0.1470 
   HI_SS0259  4 0.1564 0.0838 0.1188 0.4083 0.2327 
   HI_SS0260  4 0.1611 0.1126 0.3816 0.1050 0.2398 
   HI_SS0261  4 0.0735 0.2079 0.2127 0.3214 0.1845 
   HI_SS0262  4 0.3460 0.1278 0.1599 0.1922 0.1740 
   HI_SS0264  4 0.2886 0.1780 0.1129 0.2959 0.1246 
   HI_SS0265  4 0.2681 0.1269 0.1180 0.3541 0.1329 
   HI_SS0268  4 0.2740 0.0727 0.2039 0.3154 0.1340 
   HI_SS0269  4 0.0574 0.1506 0.4550 0.1870 0.1499 
   HI_SS0273  4 0.1193 0.2189 0.3217 0.2086 0.1315 
   HI_SS0277  4 0.1253 0.1322 0.0921 0.5834 0.0671 
   HI_SS0280  4 0.4152 0.1083 0.1665 0.1486 0.1613 
   HI_SS0282  4 0.1417 0.3255 0.2212 0.1235 0.1881 
   HI_SS0286  4 0.2685 0.2091 0.2195 0.1823 0.1206 
   NS_SS1252  5 0.0962 0.2440 0.4762 0.0720 0.1115 
   NS_SS1261  5 0.1737 0.2275 0.1873 0.2481 0.1634 
   NS_SS1225  5 0.0866 0.3875 0.2364 0.1674 0.1221 
   NS_SS1266  5 0.1447 0.4211 0.0652 0.1569 0.2121 
   NS_SS1228  5 0.5195 0.1026 0.1307 0.1370 0.1102 
   NS_SS1255  5 0.1238 0.1238 0.1761 0.0770 0.4993 
   NS_SS1267  5 0.1466 0.0805 0.5414 0.1438 0.0876 
   NS_SS1238  5 0.2723 0.1304 0.1858 0.2898 0.1216 
   NS_SS1233  5 0.1388 0.5225 0.0815 0.1323 0.1249 
   NS_SS1277  5 0.2213 0.0721 0.3428 0.1001 0.2636 
   NS_SS1245  5 0.0879 0.3632 0.1714 0.1586 0.2189 
   NS_SS1240  5 0.0763 0.1311 0.5301 0.1477 0.1148 
   NS_SS1275  5 0.2253 0.1354 0.0606 0.4467 0.1320 
   NS_SS1235  5 0.0540 0.2019 0.1154 0.1857 0.4430 
   NS_SS1263  5 0.1323 0.3602 0.0720 0.1018 0.3338 
   NS_SS1251  5 0.1223 0.3546 0.1044 0.1945 0.2243 
   NS_SS1248  5 0.4593 0.2257 0.1345 0.1263 0.0542 
   NS_SS1244  5 0.1127 0.2078 0.1420 0.4506 0.0869 
   NS_SS1257  5 0.1626 0.1359 0.3784 0.1329 0.1902 
   NS_SS1242  5 0.2347 0.1866 0.1050 0.1600 0.3135 
   NS_SS1271  5 0.1548 0.0933 0.5060 0.1328 0.1132 
   NS_SS1265  5 0.1064 0.2048 0.3635 0.2058 0.1195 
   NS_SS1243  5 0.3369 0.2253 0.1234 0.0741 0.2403 
   NS_SS1273  5 0.2738 0.1453 0.0882 0.1889 0.3037 
   NS_SS1254  5 0.1819 0.4061 0.1046 0.1221 0.1853 
   NS_SS1224  5 0.3224 0.2755 0.0900 0.1305 0.1817 
   NS_SS1227  5 0.1027 0.1161 0.3158 0.2714 0.1940 
   NS_SS1274  5 0.2030 0.1875 0.2830 0.1222 0.2043 
   NS_SS1241  5 0.1636 0.2347 0.2696 0.1898 0.1423 
   NS_SS1256  5 0.0770 0.2813 0.2209 0.2865 0.1342 
   NS_SS1260  5 0.1160 0.1553 0.3929 0.1272 0.2086 
   NS_SS1262  5 0.1600 0.3132 0.2337 0.2015 0.0915 
   NS_SS1230  5 0.1965 0.1969 0.2562 0.1743 0.1761 
   NS_SS1270  5 0.2697 0.3947 0.0895 0.1635 0.0826 
   NS_SS1229  5 0.0501 0.1466 0.0892 0.2988 0.4153 
   NS_SS1246  5 0.0842 0.1040 0.2962 0.3021 0.2135 
   NS_SS1269  5 0.2587 0.2060 0.1541 0.1599 0.2212 
   NS_SS1239  5 0.3250 0.1239 0.1099 0.0993 0.3419 
   NS_SS1272  5 0.0905 0.1152 0.1081 0.5899 0.0963 
   NS_SS1268  5 0.4341 0.3030 0.0825 0.0769 0.1035 
   NS_SS1249  5 0.0888 0.1292 0.4856 0.0809 0.2154 
   HI_SS0559  6 0.2466 0.2236 0.1907 0.0750 0.2641 
   HI_SS0563  6 0.1587 0.2454 0.1804 0.2199 0.1955 
   HI_SS0564  6 0.1913 0.2351 0.1207 0.2794 0.1735 
   HI_SS0565  6 0.0986 0.1995 0.2095 0.3741 0.1182 
   HI_SS0569  6 0.1021 0.4520 0.2537 0.1366 0.0557 
   HI_SS0570  6 0.2086 0.1114 0.3852 0.1667 0.1281 
   HI_SS0572  6 0.1099 0.1707 0.0971 0.1689 0.4534 
   HI_SS0576  6 0.3964 0.1590 0.0925 0.1803 0.1719 
   HI_SS0579  6 0.0796 0.4418 0.1835 0.0835 0.2117 
   HI_SS0580  6 0.2136 0.1131 0.3407 0.0836 0.2490 
   HI_SS0581  6 0.2931 0.1227 0.0623 0.4108 0.1111 
   HI_SS0583  6 0.0818 0.1914 0.3872 0.1260 0.2137 
   HI_SS0586  6 0.2445 0.1329 0.4404 0.1149 0.0672 
   HI_SS0588  6 0.1268 0.3512 0.2609 0.0939 0.1671 
   HI_SS0595  6 0.0980 0.0897 0.2856 0.3968 0.1299 
   HI_SS0596  6 0.1887 0.1397 0.0918 0.0955 0.4844 
   HI_SS0597  6 0.1194 0.1822 0.1024 0.2813 0.3147 
   HI_SS0600  6 0.1758 0.1238 0.2881 0.2436 0.1687 
   HI_SS0601  6 0.1409 0.3583 0.1626 0.2537 0.0845 
   HI_SS0602  6 0.3479 0.1508 0.2830 0.0856 0.1328 
   HI_SS0604  6 0.1931 0.4058 0.1218 0.0900 0.1893 
   HI_SS0605  6 0.3018 0.2001 0.2301 0.0917 0.1764 
   HI_SS0608  6 0.3728 0.1299 0.1566 0.1403 0.2005 
   HI_SS0609  6 0.1264 0.3198 0.0990 0.2230 0.2318 
   HI_SS0611  6 0.2896 0.1708 0.3572 0.0840 0.0983 
   HI_SS0612  6 0.0527 0.3662 0.1804 0.1136 0.2872 
   HI_SS0613  6 0.4086 0.2314 0.1692 0.0950 0.0958 
   HI_SS0615  6 0.2529 0.1243 0.0732 0.2204 0.3292 
   HI_SS0001  6 0.1059 0.0830 0.2705 0.2442 0.2964 
   HI_SS0002  6 0.1183 0.2696 0.0803 0.2686 0.2633 
   HI_SS0004  6 0.1906 0.1324 0.3234 0.1164 0.2372 
   HI_SS0005  6 0.4589 0.1319 0.1342 0.1983 0.0766 
   HI_SS0006  6 0.0704 0.2704 0.2980 0.2075 0.1538 
   HI_SS0007  6 0.4270 0.1222 0.2737 0.0661 0.1110 
   HI_SS0008  6 0.2317 0.1991 0.1227 0.3218 0.1246 
   HI_SS0009  6 0.3454 0.1764 0.0918 0.0735 0.3129 
   HI_SS0010  6 0.3067 0.2020 0.2132 0.1771 0.1010 
   HI_SS0011  6 0.1617 0.3374 0.1084 0.2966 0.0959 
   HI_SS0012  6 0.1919 0.1504 0.0762 0.3543 0.2273 
   HI_SS0017  6 0.1467 0.1090 0.1214 0.1941 0.4288 
   HI_SS0021  6 0.1973 0.1178 0.3113 0.2686 0.1049 
   HI_SS0024  6 0.2996 0.0952 0.1043 0.2984 0.2026 
   HI_SS0025  6 0.2725 0.1899 0.1092 0.1046 0.3238 
   HI_SS0027  6 0.2091 0.3322 0.2415 0.0691 0.1481 
   HI_SS0028  6 0.3684 0.0885 0.0540 0.3925 0.0966 
   HI_SS0029  6 0.2812 0.0754 0.2054 0.1985 0.2396 
   HI_SS0030  6 0.1693 0.2103 0.2130 0.1926 0.2148 
   HI_SS0031  6 0.1002 0.1785 0.1422 0.3312 0.2480 
   HI_SS0034  6 0.0779 0.3051 0.3271 0.0911 0.1988 
   HI_SS0036  6 0.1907 0.0574 0.3792 0.2881 0.0846 
   HI_SS0037  6 0.2262 0.2019 0.3817 0.0968 0.0934 
   HI_SS0039  6 0.3669 0.1038 0.2890 0.1648 0.0755 
   HI_SS0041  6 0.4191 0.0967 0.0945 0.1819 0.2078 
   HI_SS0042  6 0.2290 0.1559 0.0907 0.3185 0.2059 
   HI_SS0043  6 0.1265 0.1537 0.4297 0.2204 0.0697 
   HI_SS0044  6 0.1839 0.0576 0.3133 0.1005 0.3446 
   HI_SS0047  6 0.1862 0.2514 0.1081 0.1645 0.2899 
   HI_SS0049  6 0.1716 0.2214 0.1256 0.1037 0.3777 
   HI_SS0051  6 0.2993 0.3554 0.1340 0.1064 0.1048 
   HI_SS0053  6 0.0889 0.1427 0.3754 0.2872 0.1059 
   HI_SS0054  6 0.1578 0.3925 0.2734 0.1080 0.0683 
   HI_SS0057  6 0.2903 0.2669 0.1044 0.2217 0.1168 
   HI_SS0058  6 0.1601 0.2416 0.3149 0.0952 0.1882 
   HI_SS0060  6 0.2350 0.2583 0.1136 0.2939 0.0993 
   HI_SS0087  6 0.0887 0.2548 0.1788 0.3099 0.1677 
   HI_SS0091  6 0.0591 0.1191 0.4502 0.2904 0.0812 
   HI_SS0095  6 0.1189 0.2143 0.2056 0.2741 0.1871 
   HI_SS0097  6 0.0862 0.4913 0.0945 0.1431 0.1849 
   HI_SS0099  6 0.3558 0.1099 0.1729 0.1335 0.2279 
   HI_SS0103  6 0.0934 0.1424 0.1447 0.2617 0.3578 
   HI_SS0105  6 0.1480 0.2167 0.1407 0.3995 0.0950 
   HI_SS0107  6 0.1071 0.1487 0.0633 0.2422 0.4388 
   HI_SS0108  6 0.0926 0.1841 0.5205 0.1029 0.0999 
   HI_SS0110  6 0.0953 0.0869 0.2281 0.4099 0.1799 
   HI_SS0111  6 0.2101 0.1221 0.1905 0.2893 0.1880 
   HI_SS0112  6 0.1474 0.1121 0.4583 0.1434 0.1388 
   HI_SS0113  6 0.1825 0.1665 0.0855 0.2966 0.2689 
   HI_SS0114  6 0.2135 0.3214 0.2733 0.1195 0.0723 
   HI_SS0115  6 0.2004 0.2021 0.1791 0.0588 0.3597 
   HI_SS0116  6 0.1300 0.1123 0.3532 0.0973 0.3071 
   HI_SS0117  6 0.0655 0.1991 0.2591 0.3775 0.0988 
   HI_SS0118  6 0.0986 0.2181 0.3275 0.1903 0.1655 
   HI_SS0119  6 0.1229 0.1901 0.2180 0.3740 0.0950 
   HI_SS0120  6 0.0893 0.0959 0.0680 0.3635 0.3834 
   HI_SS0121  6 0.2574 0.1742 0.0725 0.4433 0.0526 
   HI_SS0122  6 0.2243 0.1415 0.2097 0.2865 0.1379 
   HI_SS0123  6 0.0832 0.2140 0.1778 0.3143 0.2108 
   HI_SS0124  6 0.3089 0.0999 0.0737 0.1002 0.4174 
   HI_SS0125  6 0.3559 0.1194 0.0841 0.2264 0.2142 
   HI_SS0126  6 0.1368 0.0842 0.4436 0.1104 0.2250 
   HI_SS0127  6 0.3495 0.3552 0.1103 0.1037 0.0813 
   HI_SS0128  6 0.0948 0.1865 0.1510 0.2514 0.3163 
   HI_SS0129  6 0.1850 0.1203 0.3121 0.1751 0.2074 
   HI_SS0131  6 0.2509 0.3195 0.2280 0.1338 0.0678 
   HI_SS0132  6 0.2282 0.1616 0.1698 0.3460 0.0944 
   HI_SS0133  6 0.1372 0.1076 0.5146 0.1058 0.1349 
   HI_SS0134  6 0.1221 0.2467 0.2147 0.2066 0.2099 
   HI_SS0142  6 0.1332 0.3072 0.1300 0.2918 0.1379 
   HI_SS0145  6 0.0920 0.3069 0.2088 0.1059 0.2864 
   HI_SS0146  6 0.1974 0.2556 0.2820 0.0937 0.1712 
   HI_SS0147  6 0.3831 0.2242 0.1013 0.1701 0.1213 
   HI_SS0149  6 0.0860 0.1217 0.1733 0.5534 0.0656 
   HI_SS0150  6 0.3228 0.1855 0.0828 0.1882 0.2207 
   HI_SS0151  6 0.1798 0.1771 0.1967 0.0675 0.3790 
   NS_SS1451  6 0.3609 0.1101 0.0760 0.1753 0.2776 
   NS_SS1404  6 0.4313 0.1038 0.1538 0.1835 0.1275 
   NS_SS1432  6 0.2031 0.0607 0.0776 0.4107 0.2480 
   NS_SS1405  6 0.2305 0.1178 0.1987 0.1404 0.3126 
   NS_SS1431  6 0.1951 0.1187 0.0667 0.3931 0.2264 
   NS_SS1402  6 0.1116 0.1456 0.2246 0.3096 0.2086 
   NS_SS1450  6 0.1727 0.1376 0.2957 0.1373 0.2566 
   NS_SS1396  6 0.2614 0.1765 0.1607 0.2349 0.1666 
   NS_SS1393  6 0.1993 0.1646 0.2773 0.1557 0.2031 
   NS_SS1392  6 0.3168 0.0807 0.1223 0.1250 0.3552 
   NS_SS1445  6 0.1340 0.2666 0.2880 0.2333 0.0781 
   NS_SS1423  6 0.0847 0.1160 0.2432 0.3376 0.2186 
   NS_SS1421  6 0.1232 0.2095 0.1807 0.3450 0.1416 
   NS_SS1411  6 0.3560 0.2245 0.2631 0.0729 0.0835 
   NS_SS1453  6 0.1499 0.0929 0.2964 0.3645 0.0962 
   NS_SS1442  6 0.1407 0.4313 0.1257 0.1022 0.2002 
   NS_SS1422  6 0.0914 0.2814 0.1592 0.1596 0.3083 
   NS_SS1419  6 0.2513 0.4565 0.1112 0.0978 0.0833 
   NS_SS1427  6 0.0837 0.0660 0.4640 0.1339 0.2525 
   NS_SS1444  6 0.3259 0.2862 0.1125 0.0996 0.1758 
   NS_SS1455  6 0.1358 0.2660 0.0784 0.1837 0.3361 
   NS_SS1425  6 0.1279 0.2692 0.3976 0.1242 0.0812 
   NS_SS1400  6 0.1732 0.2976 0.3235 0.0983 0.1074 
   NS_SS1406  6 0.1017 0.2960 0.0566 0.3826 0.1631 
   NS_SS1417  6 0.1692 0.2338 0.2086 0.1949 0.1935 
   NS_SS1454  6 0.1760 0.1293 0.2689 0.3627 0.0631 
   NS_SS1412  6 0.2267 0.1372 0.2654 0.1602 0.2106 
   NS_SS1438  6 0.1748 0.3142 0.3287 0.1064 0.0759 
   NS_SS1416  6 0.2626 0.1713 0.1962 0.2165 0.1533 
   NS_SS1401  6 0.1079 0.1870 0.2054 0.3516 0.1481 
   NS_SS1424  6 0.1559 0.1278 0.2094 0.3669 0.1400 
   NS_SS1435  6 0.3180 0.0852 0.1496 0.2058 0.2413 
   NS_SS1447  6 0.2151 0.3978 0.0946 0.1431 0.1494 
   NS_SS1414  6 0.3519 0.2789 0.0877 0.1160 0.1655 
   NS_SS1449  6 0.1464 0.1318 0.1399 0.3200 0.2619 
   NS_SS1443  6 0.0623 0.1926 0.3457 0.1229 0.2765 
   NS_SS1434  6 0.0813 0.1414 0.2042 0.0949 0.4781 
   NS_SS1398  6 0.2561 0.1270 0.1416 0.1915 0.2837 
   NS_SS1426  6 0.1279 0.1635 0.3947 0.1573 0.1567 
   NS_SS1413  6 0.1007 0.1914 0.2848 0.1400 0.2830 
   NS_SS1395  6 0.0872 0.1731 0.3021 0.2678 0.1697 
   NS_SS1448  6 0.3402 0.1160 0.2417 0.1450 0.1570 
   NS_SS1446  6 0.1163 0.1611 0.3330 0.2314 0.1582 
   NS_SS1403  6 0.1473 0.0901 0.1202 0.4846 0.1578 
   NS_SS1415  6 0.1934 0.2002 0.3062 0.1377 0.1624 
   NS_SS1437  6 0.1883 0.1352 0.1213 0.4422 0.1130 
   NS_SS1439  6 0.1052 0.3186 0.1809 0.1678 0.2276 
   NS_SS1441  6 0.1051 0.1924 0.3157 0.1561 0.2306 
   NS_SS1420  6 0.6022 0.1240 0.0910 0.0618 0.1210 
   NS_SS1394  6 0.4102 0.1581 0.0837 0.2137 0.1343 
   NS_SS1391  6 0.0904 0.0923 0.2760 0.1588 0.3825 
   NS_SS1410  6 0.1352 0.1449 0.2671 0.2820 0.1708 
   NS_SS1408  6 0.1585 0.2229 0.1172 0.3612 0.1401 
   NS_SS1409  6 0.0944 0.1247 0.2474 0.1344 0.3991 
   HI_SS0617  7 0.1525 0.0955 0.3329 0.0992 0.3199 
   HI_SS0618  7 0.3209 0.1955 0.1193 0.1167 0.2476 
   HI_SS0619  7 0.2818 0.1136 0.2176 0.1185 0.2685 
   HI_SS0620  7 0.2556 0.1319 0.4158 0.0480 0.1488 
   HI_SS0621  7 0.1976 0.1868 0.1219 0.2575 0.2362 
   HI_SS0622  7 0.2120 0.2794 0.1791 0.1462 0.1833 
   HI_SS0626  7 0.4516 0.1346 0.1497 0.1811 0.0829 
   HI_SS0627  7 0.1613 0.1217 0.0960 0.4379 0.1831 
   HI_SS0628  7 0.1879 0.0973 0.3375 0.2621 0.1152 
   HI_SS0629  7 0.2356 0.1680 0.2207 0.2641 0.1117 
   HI_SS0630  7 0.2750 0.1852 0.2570 0.0966 0.1862 
   HI_SS0631  7 0.2617 0.1864 0.2347 0.1664 0.1508 
   HI_SS0632  7 0.3006 0.3250 0.1398 0.1391 0.0956 
   HI_SS0633  7 0.1556 0.1393 0.1573 0.0782 0.4697 
   HI_SS0634  7 0.2589 0.1338 0.1976 0.3012 0.1086 
   HI_SS0635  7 0.3272 0.2304 0.0976 0.1777 0.1671 
   HI_SS0637  7 0.1770 0.3474 0.1682 0.2107 0.0967 
   HI_SS0638  7 0.2290 0.1643 0.1914 0.1726 0.2427 
   HI_SS0639  7 0.2988 0.2026 0.1043 0.1954 0.1988 
   HI_SS0640  7 0.1563 0.3652 0.1286 0.1328 0.2171 
   HI_SS0641  7 0.3224 0.1955 0.3076 0.0989 0.0756 
   HI_SS0642  7 0.1449 0.1093 0.0798 0.5428 0.1231 
   HI_SS0645  7 0.5601 0.1393 0.0636 0.0746 0.1624 
   HI_SS0646  7 0.0879 0.1485 0.1855 0.2169 0.3612 
   HI_SS0647  7 0.1678 0.1612 0.1510 0.2697 0.2503 
   HI_SS0648  7 0.2371 0.2026 0.1649 0.1674 0.2280 
   HI_SS0649  7 0.1627 0.2355 0.2072 0.1478 0.2468 
   HI_SS0650  7 0.1468 0.1149 0.1190 0.1555 0.4638 
   HI_SS0651  7 0.1892 0.2072 0.1627 0.1603 0.2806 
   HI_SS0652  7 0.4633 0.1726 0.0845 0.0900 0.1896 
   NS_SS1371  7 0.0841 0.1173 0.2628 0.3110 0.2249 
   NS_SS1374  7 0.1938 0.0864 0.2996 0.3264 0.0938 
   NS_SS1337  7 0.3036 0.1205 0.0942 0.3410 0.1408 
   NS_SS1385  7 0.1120 0.1868 0.1655 0.1876 0.3480 
   NS_SS1388  7 0.2894 0.1089 0.2181 0.1812 0.2024 
   NS_SS1370  7 0.5600 0.1889 0.0724 0.1111 0.0676 
   NS_SS1389  7 0.3931 0.1115 0.1375 0.1590 0.1988 
   NS_SS1360  7 0.2241 0.3160 0.2266 0.1329 0.1004 
   NS_SS1330  7 0.2891 0.2129 0.0846 0.1381 0.2753 
   NS_SS1328  7 0.0741 0.1067 0.2865 0.1709 0.3617 
   NS_SS1384  7 0.1787 0.2682 0.1914 0.2536 0.1081 
   NS_SS1381  7 0.1234 0.1574 0.0662 0.1262 0.5268 
   NS_SS1375  7 0.3580 0.0590 0.1368 0.1363 0.3099 
   NS_SS1319  7 0.2145 0.1132 0.1842 0.3119 0.1762 
   NS_SS1326  7 0.1332 0.1114 0.4115 0.1265 0.2174 
   NS_SS1341  7 0.0757 0.2880 0.2268 0.3389 0.0706 
   NS_SS1383  7 0.1887 0.1162 0.1268 0.4856 0.0828 
   NS_SS1318  7 0.2596 0.2687 0.1592 0.0960 0.2166 
   NS_SS1348  7 0.1210 0.2074 0.3521 0.2066 0.1130 
   NS_SS1363  7 0.2772 0.2451 0.1134 0.1959 0.1684 
   NS_SS1335  7 0.1753 0.3311 0.2159 0.2016 0.0760 
   NS_SS1358  7 0.0812 0.3077 0.1999 0.2611 0.1502 
   NS_SS1342  7 0.0602 0.1564 0.2565 0.3993 0.1276 
   NS_SS1320  7 0.0910 0.1881 0.0448 0.1126 0.5635 
   NS_SS1355  7 0.1265 0.4473 0.0882 0.1324 0.2056 
   NS_SS1345  7 0.1073 0.5292 0.0671 0.0830 0.2134 
   NS_SS1324  7 0.1900 0.1845 0.2670 0.2148 0.1437 
   NS_SS1347  7 0.1570 0.2045 0.1416 0.2599 0.2369 
   NS_SS1321  7 0.1498 0.0897 0.3195 0.3427 0.0983 
   NS_SS1333  7 0.1983 0.0406 0.3242 0.3314 0.1055 
   NS_SS1364  7 0.0977 0.3989 0.1861 0.1998 0.1175 
   NS_SS1379  7 0.1487 0.2673 0.1128 0.1350 0.3362 
   NS_SS1332  7 0.1762 0.1221 0.4095 0.1921 0.1001 
   NS_SS1338  7 0.3017 0.2107 0.2134 0.1600 0.1142 
   NS_SS1368  7 0.0899 0.2109 0.3121 0.2832 0.1040 
   NS_SS1354  7 0.1534 0.2394 0.1508 0.2644 0.1920 
   NS_SS1365  7 0.2770 0.2160 0.1146 0.2102 0.1822 
   NS_SS1380  7 0.2191 0.3120 0.0953 0.2101 0.1636 
   NS_SS1329  7 0.0513 0.1704 0.2451 0.4180 0.1153 
   NS_SS1362  7 0.1123 0.1814 0.1812 0.2889 0.2361 
   NS_SS1327  7 0.1172 0.0818 0.5922 0.1123 0.0965 
   NS_SS1350  7 0.0947 0.0590 0.2755 0.1289 0.4419 
   NS_SS1387  7 0.4081 0.2193 0.1502 0.1124 0.1100 
   NS_SS1369  7 0.1645 0.3498 0.2733 0.1188 0.0936 
   NS_SS1331  7 0.3851 0.0804 0.2163 0.2114 0.1069 
   NS_SS1357  7 0.0586 0.0882 0.2501 0.1693 0.4337 
   NS_SS1386  7 0.0572 0.1493 0.4060 0.3231 0.0644 
   NS_SS1353  7 0.1401 0.1160 0.1780 0.2371 0.3288 
   NS_SS1323  7 0.1495 0.2221 0.0815 0.3394 0.2076 
   HI_SS0296  8 0.2798 0.2625 0.2468 0.0651 0.1459 
   HI_SS0297  8 0.1069 0.0783 0.1068 0.4470 0.2609 
   HI_SS0299  8 0.1497 0.3422 0.1776 0.1780 0.1524 
   HI_SS0300  8 0.1800 0.4609 0.1321 0.0841 0.1429 
   HI_SS0301  8 0.3576 0.2913 0.0871 0.2171 0.0470 
   HI_SS0302  8 0.3067 0.2917 0.2300 0.0835 0.0881 
   HI_SS0303  8 0.1126 0.1839 0.3377 0.0990 0.2668 
   HI_SS0304  8 0.3380 0.0865 0.1773 0.1825 0.2157 
   HI_SS0306  8 0.2468 0.2011 0.3347 0.1126 0.1047 
   HI_SS0307  8 0.2572 0.2184 0.1292 0.1955 0.1997 
   HI_SS0308  8 0.2641 0.2632 0.0898 0.2623 0.1205 
   HI_SS0309  8 0.1685 0.3653 0.1123 0.1795 0.1744 
   HI_SS0310  8 0.2319 0.2182 0.1653 0.1085 0.2762 
   HI_SS0311  8 0.3241 0.2431 0.1576 0.1750 0.1001 
   HI_SS0314  8 0.1677 0.0978 0.1887 0.2037 0.3420 
   HI_SS0316  8 0.1690 0.2206 0.2673 0.1752 0.1680 
   HI_SS0317  8 0.2550 0.1346 0.1325 0.3491 0.1287 
   HI_SS0318  8 0.1318 0.1626 0.3240 0.3037 0.0778 
   HI_SS0319  8 0.0723 0.2057 0.5106 0.0907 0.1208 
   HI_SS0320  8 0.2357 0.0612 0.0932 0.4607 0.1492 
   HI_SS0321  8 0.1328 0.1267 0.2193 0.3376 0.1836 
   HI_SS0323  8 0.2451 0.1532 0.3411 0.1077 0.1529 
   HI_SS0325  8 0.2810 0.2286 0.2831 0.1228 0.0845 
   HI_SS0327  8 0.0444 0.1547 0.3115 0.1733 0.3161 
   HI_SS0329  8 0.3081 0.1829 0.1354 0.2359 0.1377 
   HI_SS0333  8 0.1772 0.2102 0.2037 0.2261 0.1828 
   HI_SS0334  8 0.1273 0.2973 0.2748 0.1815 0.1191 
   HI_SS0335  8 0.1352 0.3420 0.0771 0.1902 0.2555 
   HI_SS0339  8 0.2064 0.4139 0.0973 0.1335 0.1488 
   HI_SS0343  8 0.0877 0.2661 0.0933 0.3129 0.2399 
   HI_SS0344  8 0.0953 0.1173 0.5344 0.1543 0.0987 
   HI_SS0345  8 0.2480 0.3023 0.1265 0.2249 0.0983 
   HI_SS0346  8 0.2108 0.1017 0.2116 0.3867 0.0892 
   HI_SS0350  8 0.1559 0.4830 0.0541 0.0768 0.2302 
   HI_SS0351  8 0.0999 0.3767 0.1277 0.2279 0.1678 
   HI_SS0352  8 0.1388 0.2289 0.1281 0.2933 0.2108 
   HI_SS0362  8 0.4584 0.1681 0.1540 0.1151 0.1044 
   HI_SS0363  8 0.0935 0.1874 0.3743 0.1181 0.2267 
   HI_SS0365  8 0.1143 0.1882 0.3191 0.1349 0.2435 
   HI_SS0366  8 0.1252 0.1433 0.4878 0.0971 0.1466 
   HI_SS0367  8 0.2027 0.2360 0.0983 0.2085 0.2545 
   HI_SS0369  8 0.2936 0.2251 0.1012 0.1783 0.2018 
   HI_SS0370  8 0.0672 0.1264 0.1463 0.2262 0.4339 
   HI_SS0371  8 0.2636 0.1633 0.3525 0.1308 0.0899 
   HI_SS0373  8 0.2741 0.1538 0.2108 0.1198 0.2415 
   HI_SS0374  8 0.1985 0.1933 0.1228 0.2130 0.2724 
   HI_SS0377  8 0.1366 0.4128 0.1819 0.1734 0.0953 
   HI_SS0379  8 0.0801 0.1224 0.5392 0.2032 0.0552 
   HI_SS0380  8 0.1761 0.2543 0.1339 0.2031 0.2327 
   HI_SS0381  8 0.2239 0.3245 0.0812 0.2340 0.1365 
   HI_SS0384  8 0.1542 0.0635 0.2905 0.2373 0.2544 
   HI_SS0385  8 0.3703 0.1180 0.2332 0.1359 0.1426 
