

----------------------------------------------------
STRUCTURE by Pritchard, Stephens and Donnelly (2000)
     and Falush, Stephens and Pritchard (2003)
       Code by Pritchard, Falush and Hubisz
             Version 2.3.4 (Jul 2012)
----------------------------------------------------



Command line arguments:   /home/genobiwan/Documents/Programs/Structure/structure -m parameter_job_k3_r2 
Input File:    /media/genobiwan/Storage/Projets/Mackerel_NWA_2021/data_job_k3_r2

Run parameters:
   557 individuals
   3930 loci
   3 populations assumed
   10000 Burn-in period
   100000 Reps


--------------------------------------------
Proportion of membership of each pre-defined
 population in each of the 3 clusters

Given    Inferred Clusters       Number of
 Pop       1      2      3      Individuals

  1:     0.310  0.358  0.332       67
  2:     0.277  0.332  0.392       32
  3:     0.307  0.374  0.319       92
  4:     0.362  0.305  0.333       36
  5:     0.349  0.332  0.318       41
  6:     0.351  0.322  0.327      158
  7:     0.332  0.335  0.333       79
  8:     0.354  0.341  0.305       52
--------------------------------------------

Allele-freq. divergence among pops (Net nucleotide distance),
computed using point estimates of P.

      1       2       3      
 1      -    0.0011  0.0011  
 2   0.0011     -    0.0009  
 3   0.0011  0.0009     -    

Average distances (expected heterozygosity) between individuals in same cluster:
cluster  1  : 0.3138 
cluster  2  : 0.3131 
cluster  3  : 0.3149 

--------------------------------------------
Estimated Ln Prob of Data   = -2069387.2
Mean value of ln likelihood = -2064759.5
Variance of ln likelihood   = 9255.5
Mean value of alpha         = 1.5026

Mean value of Fst_1         = 0.0119
Mean value of Fst_2         = 0.0117
Mean value of Fst_3         = 0.0116


Inferred ancestry of individuals:
        Label (%Miss) Pop:  Inferred clusters
  1 NS_SS0963    (4)    1 :  0.282 0.385 0.333 
  2 NS_SS0983    (1)    1 :  0.650 0.202 0.148 
  3 NS_SS0719    (8)    1 :  0.361 0.365 0.274 
  4 NS_SS1001    (8)    1 :  0.137 0.371 0.493 
  5 NS_SS0936    (4)    1 :  0.215 0.181 0.604 
  6 NS_SS0955    (5)    1 :  0.481 0.327 0.192 
  7 NS_SS0944    (3)    1 :  0.314 0.350 0.336 
  8 NS_SS0945    (3)    1 :  0.316 0.233 0.452 
  9 NS_SS0922    (2)    1 :  0.150 0.350 0.500 
 10 NS_SS0929    (7)    1 :  0.446 0.289 0.265 
 11 NS_SS0956    (2)    1 :  0.125 0.568 0.307 
 12 NS_SS0906    (3)    1 :  0.405 0.340 0.255 
 13 NS_SS0721    (6)    1 :  0.257 0.534 0.209 
 14 NS_SS0982    (4)    1 :  0.267 0.470 0.263 
 15 NS_SS0923    (5)    1 :  0.251 0.381 0.368 
 16 NS_SS0905    (6)    1 :  0.318 0.409 0.273 
 17 NS_SS0925    (3)    1 :  0.172 0.395 0.434 
 18 NS_SS0947    (5)    1 :  0.213 0.295 0.492 
 19 NS_SS0926    (2)    1 :  0.592 0.245 0.163 
 20 NS_SS0918    (6)    1 :  0.170 0.576 0.254 
 21 NS_SS0966    (4)    1 :  0.256 0.420 0.324 
 22 NS_SS0938    (2)    1 :  0.190 0.207 0.603 
 23 NS_SS0917    (2)    1 :  0.484 0.199 0.317 
 24 NS_SS0957   (11)    1 :  0.238 0.530 0.233 
 25 NS_SS0987    (1)    1 :  0.193 0.680 0.127 
 26 NS_SS0717    (4)    1 :  0.153 0.416 0.431 
 27 NS_SS0986    (2)    1 :  0.342 0.481 0.176 
 28 NS_SS0953    (4)    1 :  0.165 0.406 0.429 
 29 NS_SS0907    (3)    1 :  0.350 0.367 0.283 
 30 NS_SS0974    (6)    1 :  0.338 0.225 0.437 
 31 NS_SS0989    (1)    1 :  0.564 0.131 0.305 
 32 NS_SS0991    (2)    1 :  0.397 0.495 0.108 
 33 NS_SS0994    (2)    1 :  0.687 0.101 0.213 
 34 NS_SS0931    (6)    1 :  0.454 0.403 0.143 
 35 NS_SS1000    (5)    1 :  0.170 0.258 0.572 
 36 NS_SS0919    (1)    1 :  0.506 0.287 0.207 
 37 NS_SS0949    (3)    1 :  0.535 0.192 0.273 
 38 NS_SS0960   (10)    1 :  0.446 0.387 0.167 
 39 NS_SS0716    (2)    1 :  0.116 0.571 0.313 
 40 NS_SS0924    (8)    1 :  0.395 0.410 0.195 
 41 NS_SS0935    (1)    1 :  0.453 0.399 0.148 
 42 NS_SS0952   (13)    1 :  0.551 0.253 0.195 
 43 NS_SS0962   (10)    1 :  0.214 0.388 0.398 
 44 NS_SS0973    (5)    1 :  0.319 0.351 0.330 
 45 NS_SS0722    (1)    1 :  0.117 0.192 0.691 
 46 NS_SS0979   (13)    1 :  0.189 0.553 0.258 
 47 NS_SS0993    (2)    1 :  0.180 0.338 0.481 
 48 NS_SS0958    (1)    1 :  0.459 0.290 0.251 
 49 NS_SS0988    (4)    1 :  0.441 0.392 0.167 
 50 NS_SS1003    (2)    1 :  0.159 0.623 0.218 
 51 NS_SS0976    (0)    1 :  0.483 0.280 0.237 
 52 NS_SS0964   (10)    1 :  0.113 0.377 0.510 
 53 NS_SS0939    (4)    1 :  0.109 0.437 0.454 
 54 NS_SS0990    (6)    1 :  0.380 0.293 0.326 
 55 NS_SS0984    (2)    1 :  0.117 0.310 0.573 
 56 NS_SS0980    (9)    1 :  0.213 0.176 0.611 
 57 NS_SS0978    (4)    1 :  0.250 0.218 0.532 
 58 NS_SS0951   (17)    1 :  0.352 0.523 0.125 
 59 NS_SS0913    (3)    1 :  0.172 0.507 0.321 
 60 NS_SS1002    (1)    1 :  0.212 0.343 0.446 
 61 NS_SS0948    (1)    1 :  0.349 0.413 0.238 
 62 NS_SS0916    (4)    1 :  0.329 0.169 0.501 
 63 NS_SS0995    (1)    1 :  0.238 0.311 0.452 
 64 NS_SS0927    (6)    1 :  0.461 0.172 0.367 
 65 NS_SS0992    (5)    1 :  0.305 0.145 0.551 
 66 NS_SS0912    (1)    1 :  0.309 0.542 0.148 
 67 NS_SS0981    (1)    1 :  0.224 0.563 0.213 
 68 NS_SS0729    (5)    2 :  0.568 0.113 0.319 
 69 NS_SS0967   (14)    2 :  0.290 0.406 0.305 
 70 NS_SS0941    (7)    2 :  0.210 0.226 0.564 
 71 NS_SS0768   (12)    2 :  0.229 0.537 0.234 
 72 NS_SS0726    (4)    2 :  0.444 0.119 0.437 
 73 NS_SS0763    (4)    2 :  0.502 0.199 0.299 
 74 NS_SS0730    (6)    2 :  0.187 0.375 0.438 
 75 NS_SS0774    (1)    2 :  0.176 0.201 0.624 
 76 NS_SS0723    (3)    2 :  0.175 0.336 0.489 
 77 NS_SS0940    (9)    2 :  0.354 0.242 0.404 
 78 NS_SS0762    (1)    2 :  0.084 0.308 0.607 
 79 NS_SS0766   (11)    2 :  0.253 0.270 0.477 
 80 NS_SS0724    (1)    2 :  0.171 0.557 0.272 
 81 NS_SS0769    (3)    2 :  0.318 0.382 0.301 
 82 NS_SS0777    (2)    2 :  0.407 0.403 0.190 
 83 NS_SS0734    (6)    2 :  0.314 0.378 0.308 
 84 NS_SS0737    (3)    2 :  0.108 0.157 0.736 
 85 NS_SS0732    (5)    2 :  0.175 0.641 0.184 
 86 NS_SS0728    (5)    2 :  0.217 0.254 0.529 
 87 NS_SS0735    (9)    2 :  0.175 0.304 0.521 
 88 NS_SS0725    (1)    2 :  0.184 0.275 0.541 
 89 NS_SS0788    (2)    2 :  0.400 0.288 0.311 
 90 NS_SS0778    (2)    2 :  0.486 0.310 0.204 
 91 NS_SS0792    (6)    2 :  0.336 0.398 0.266 
 92 NS_SS0943   (11)    2 :  0.434 0.397 0.169 
 93 NS_SS0791    (2)    2 :  0.340 0.272 0.388 
 94 NS_SS0790    (5)    2 :  0.081 0.666 0.253 
 95 NS_SS0731    (6)    2 :  0.170 0.575 0.255 
 96 NS_SS0727    (6)    2 :  0.361 0.109 0.531 
 97 NS_SS0779   (12)    2 :  0.329 0.362 0.310 
 98 NS_SS0776    (3)    2 :  0.246 0.276 0.478 
 99 NS_SS0775    (5)    2 :  0.127 0.275 0.598 
100 NS_SS0965    (3)    3 :  0.214 0.572 0.214 
101 NS_SS0754   (13)    3 :  0.412 0.389 0.200 
102 NS_SS0838    (5)    3 :  0.362 0.266 0.372 
103 NS_SS0839    (3)    3 :  0.121 0.356 0.523 
104 NS_SS0832    (4)    3 :  0.102 0.530 0.368 
105 NS_SS0820    (4)    3 :  0.148 0.630 0.222 
106 NS_SS0886    (9)    3 :  0.401 0.355 0.244 
107 NS_SS0748    (5)    3 :  0.410 0.379 0.211 
108 NS_SS0884    (9)    3 :  0.346 0.292 0.362 
109 NS_SS0752    (3)    3 :  0.251 0.225 0.524 
110 NS_SS0862    (1)    3 :  0.125 0.644 0.231 
111 NS_SS0787    (9)    3 :  0.701 0.176 0.123 
112 NS_SS0843    (6)    3 :  0.299 0.366 0.335 
113 NS_SS0856    (4)    3 :  0.278 0.227 0.495 
114 NS_SS0846    (2)    3 :  0.435 0.206 0.359 
115 NS_SS0825    (1)    3 :  0.381 0.371 0.248 
116 NS_SS0757    (3)    3 :  0.394 0.376 0.230 
117 NS_SS0876    (3)    3 :  0.224 0.346 0.429 
118 NS_SS0903    (9)    3 :  0.188 0.235 0.576 
119 NS_SS0875    (7)    3 :  0.287 0.434 0.279 
120 NS_SS0740    (5)    3 :  0.292 0.344 0.363 
121 NS_SS0811    (5)    3 :  0.095 0.718 0.187 
122 NS_SS0751    (1)    3 :  0.240 0.283 0.478 
123 NS_SS0891    (6)    3 :  0.259 0.307 0.433 
124 NS_SS0867    (2)    3 :  0.424 0.380 0.196 
125 NS_SS0890    (6)    3 :  0.302 0.319 0.378 
126 NS_SS0866   (11)    3 :  0.634 0.148 0.217 
127 NS_SS0755    (4)    3 :  0.258 0.511 0.232 
128 NS_SS0758    (4)    3 :  0.273 0.237 0.490 
129 NS_SS0840    (2)    3 :  0.141 0.463 0.396 
130 NS_SS0889    (4)    3 :  0.470 0.383 0.147 
131 NS_SS1010    (1)    3 :  0.338 0.412 0.250 
132 NS_SS0888    (5)    3 :  0.515 0.168 0.317 
133 NS_SS0837    (3)    3 :  0.151 0.642 0.207 
134 NS_SS0794    (9)    3 :  0.371 0.201 0.428 
135 NS_SS0823    (4)    3 :  0.149 0.313 0.538 
136 NS_SS0829    (7)    3 :  0.583 0.316 0.101 
137 NS_SS0844    (5)    3 :  0.159 0.550 0.291 
138 NS_SS1008    (5)    3 :  0.371 0.234 0.395 
139 NS_SS0881    (3)    3 :  0.387 0.331 0.282 
140 NS_SS0834    (6)    3 :  0.158 0.196 0.646 
141 NS_SS0744   (10)    3 :  0.357 0.296 0.347 
142 NS_SS0899    (7)    3 :  0.123 0.674 0.203 
143 NS_SS0804    (4)    3 :  0.118 0.544 0.338 
144 NS_SS0781   (10)    3 :  0.163 0.419 0.417 
145 NS_SS0822    (6)    3 :  0.327 0.249 0.424 
146 NS_SS1004    (4)    3 :  0.269 0.410 0.321 
147 NS_SS0746    (5)    3 :  0.310 0.319 0.371 
148 NS_SS0880    (3)    3 :  0.261 0.324 0.415 
149 NS_SS0879    (4)    3 :  0.191 0.364 0.445 
150 NS_SS0753    (2)    3 :  0.406 0.436 0.158 
151 NS_SS1007    (2)    3 :  0.255 0.148 0.597 
152 NS_SS0872    (5)    3 :  0.204 0.341 0.456 
153 NS_SS1005    (7)    3 :  0.265 0.322 0.412 
154 NS_SS0892    (6)    3 :  0.308 0.344 0.348 
155 NS_SS0898    (0)    3 :  0.378 0.342 0.280 
156 NS_SS0801    (9)    3 :  0.265 0.559 0.176 
157 NS_SS0827    (8)    3 :  0.340 0.549 0.111 
158 NS_SS0853    (6)    3 :  0.266 0.598 0.137 
159 NS_SS0780    (2)    3 :  0.200 0.400 0.400 
160 NS_SS0826   (10)    3 :  0.389 0.438 0.173 
161 NS_SS0818    (5)    3 :  0.129 0.400 0.472 
162 NS_SS0745    (1)    3 :  0.088 0.432 0.480 
163 NS_SS0849    (3)    3 :  0.243 0.647 0.110 
164 NS_SS0739    (3)    3 :  0.311 0.357 0.332 
165 NS_SS0799    (1)    3 :  0.395 0.230 0.375 
166 NS_SS0756    (2)    3 :  0.145 0.574 0.281 
167 NS_SS0802    (2)    3 :  0.448 0.180 0.371 
168 NS_SS0747    (6)    3 :  0.324 0.313 0.363 
169 NS_SS0835    (1)    3 :  0.670 0.117 0.213 
170 NS_SS0742   (18)    3 :  0.298 0.340 0.361 
171 NS_SS0760    (9)    3 :  0.544 0.223 0.233 
172 NS_SS0803    (4)    3 :  0.141 0.326 0.533 
173 NS_SS0828   (13)    3 :  0.277 0.498 0.225 
174 NS_SS0865    (2)    3 :  0.340 0.469 0.191 
175 NS_SS0759    (4)    3 :  0.135 0.455 0.409 
176 NS_SS0851    (5)    3 :  0.132 0.662 0.207 
177 NS_SS0874   (16)    3 :  0.247 0.396 0.357 
178 NS_SS0761    (6)    3 :  0.501 0.351 0.148 
179 NS_SS0842   (25)    3 :  0.419 0.289 0.291 
180 NS_SS0785    (6)    3 :  0.389 0.319 0.292 
181 NS_SS0860   (11)    3 :  0.685 0.163 0.153 
182 NS_SS0897    (7)    3 :  0.640 0.200 0.159 
183 NS_SS0841   (14)    3 :  0.128 0.535 0.337 
184 NS_SS0797    (6)    3 :  0.383 0.468 0.149 
185 NS_SS0830   (10)    3 :  0.313 0.459 0.228 
186 NS_SS1011    (5)    3 :  0.206 0.473 0.322 
187 NS_SS0883    (5)    3 :  0.353 0.434 0.213 
188 NS_SS0782    (2)    3 :  0.254 0.203 0.543 
189 NS_SS0831    (5)    3 :  0.475 0.384 0.141 
190 NS_SS0749    (7)    3 :  0.296 0.361 0.343 
191 NS_SS0854    (2)    3 :  0.310 0.214 0.476 
192 HI_SS0193    (0)    4 :  0.381 0.262 0.358 
193 HI_SS0194    (0)    4 :  0.214 0.169 0.617 
194 HI_SS0195    (9)    4 :  0.131 0.564 0.304 
195 HI_SS0196    (6)    4 :  0.274 0.172 0.554 
196 HI_SS0197    (3)    4 :  0.325 0.208 0.466 
197 HI_SS0198    (1)    4 :  0.395 0.392 0.213 
198 HI_SS0199    (1)    4 :  0.354 0.144 0.502 
199 HI_SS0201    (4)    4 :  0.618 0.270 0.112 
200 HI_SS0215    (1)    4 :  0.595 0.286 0.119 
201 HI_SS0218    (1)    4 :  0.557 0.203 0.240 
202 HI_SS0222    (0)    4 :  0.245 0.363 0.392 
203 HI_SS0230    (1)    4 :  0.307 0.519 0.175 
204 HI_SS0234    (1)    4 :  0.280 0.135 0.586 
205 HI_SS0240    (1)    4 :  0.202 0.184 0.614 
206 HI_SS0241    (0)    4 :  0.542 0.256 0.202 
207 HI_SS0242    (0)    4 :  0.325 0.341 0.334 
208 HI_SS0247    (0)    4 :  0.313 0.456 0.231 
209 HI_SS0248    (1)    4 :  0.466 0.126 0.408 
210 HI_SS0252    (2)    4 :  0.166 0.319 0.515 
211 HI_SS0254    (1)    4 :  0.451 0.276 0.273 
212 HI_SS0256    (0)    4 :  0.071 0.466 0.463 
213 HI_SS0257    (0)    4 :  0.528 0.149 0.323 
214 HI_SS0258    (1)    4 :  0.457 0.329 0.214 
215 HI_SS0259    (1)    4 :  0.237 0.251 0.511 
216 HI_SS0260    (1)    4 :  0.497 0.167 0.336 
217 HI_SS0261    (2)    4 :  0.393 0.196 0.411 
218 HI_SS0262    (0)    4 :  0.237 0.452 0.311 
219 HI_SS0264    (1)    4 :  0.238 0.527 0.235 
220 HI_SS0265    (0)    4 :  0.291 0.449 0.260 
221 HI_SS0268    (1)    4 :  0.393 0.351 0.256 
222 HI_SS0269    (1)    4 :  0.695 0.097 0.207 
223 HI_SS0273    (0)    4 :  0.465 0.331 0.204 
224 HI_SS0277    (1)    4 :  0.351 0.394 0.255 
225 HI_SS0280    (0)    4 :  0.246 0.430 0.324 
226 HI_SS0282    (1)    4 :  0.413 0.312 0.275 
227 HI_SS0286    (1)    4 :  0.384 0.424 0.192 
228 NS_SS1252    (3)    5 :  0.654 0.161 0.185 
229 NS_SS1261    (1)    5 :  0.381 0.319 0.300 
230 NS_SS1225    (9)    5 :  0.477 0.332 0.191 
231 NS_SS1266    (1)    5 :  0.141 0.508 0.351 
232 NS_SS1228    (0)    5 :  0.197 0.560 0.243 
233 NS_SS1255    (2)    5 :  0.188 0.139 0.672 
234 NS_SS1267    (3)    5 :  0.703 0.159 0.137 
235 NS_SS1238    (6)    5 :  0.337 0.396 0.268 
236 NS_SS1233    (8)    5 :  0.192 0.622 0.185 
237 NS_SS1277    (3)    5 :  0.398 0.172 0.430 
238 NS_SS1245    (1)    5 :  0.414 0.221 0.365 
239 NS_SS1240    (4)    5 :  0.720 0.122 0.158 
240 NS_SS1275    (2)    5 :  0.128 0.443 0.429 
241 NS_SS1235    (1)    5 :  0.238 0.137 0.625 
242 NS_SS1263    (1)    5 :  0.180 0.341 0.479 
243 NS_SS1251    (1)    5 :  0.245 0.373 0.382 
244 NS_SS1248    (0)    5 :  0.190 0.697 0.113 
245 NS_SS1244    (0)    5 :  0.350 0.375 0.274 
246 NS_SS1257    (0)    5 :  0.481 0.256 0.263 
247 NS_SS1242    (2)    5 :  0.177 0.333 0.490 
248 NS_SS1271    (6)    5 :  0.666 0.145 0.188 
249 NS_SS1265    (1)    5 :  0.560 0.259 0.181 
250 NS_SS1243    (0)    5 :  0.169 0.474 0.357 
251 NS_SS1273    (1)    5 :  0.124 0.416 0.461 
252 NS_SS1254   (14)    5 :  0.193 0.441 0.365 
253 NS_SS1224    (1)    5 :  0.139 0.581 0.280 
254 NS_SS1227    (8)    5 :  0.582 0.139 0.280 
255 NS_SS1274    (8)    5 :  0.428 0.279 0.293 
256 NS_SS1241    (1)    5 :  0.449 0.273 0.278 
257 NS_SS1256    (3)    5 :  0.437 0.253 0.309 
258 NS_SS1260    (8)    5 :  0.545 0.187 0.268 
259 NS_SS1262    (0)    5 :  0.408 0.418 0.175 
260 NS_SS1230    (0)    5 :  0.366 0.339 0.296 
261 NS_SS1270    (2)    5 :  0.191 0.669 0.139 
262 NS_SS1229    (2)    5 :  0.188 0.096 0.715 
263 NS_SS1246    (5)    5 :  0.568 0.119 0.314 
264 NS_SS1269    (0)    5 :  0.234 0.412 0.354 
265 NS_SS1239    (1)    5 :  0.169 0.350 0.481 
266 NS_SS1272    (4)    5 :  0.407 0.341 0.252 
267 NS_SS1268    (1)    5 :  0.164 0.661 0.175 
268 NS_SS1249    (0)    5 :  0.539 0.106 0.354 
269 HI_SS0559    (0)    6 :  0.299 0.380 0.321 
270 HI_SS0563    (1)    6 :  0.335 0.352 0.313 
271 HI_SS0564    (0)    6 :  0.291 0.344 0.365 
272 HI_SS0565    (0)    6 :  0.524 0.237 0.239 
273 HI_SS0569    (0)    6 :  0.545 0.359 0.097 
274 HI_SS0570    (0)    6 :  0.569 0.207 0.224 
275 HI_SS0572    (1)    6 :  0.184 0.174 0.641 
276 HI_SS0576    (0)    6 :  0.170 0.514 0.316 
277 HI_SS0579    (1)    6 :  0.394 0.296 0.310 
278 HI_SS0580    (1)    6 :  0.380 0.225 0.395 
279 HI_SS0581    (0)    6 :  0.163 0.529 0.308 
280 HI_SS0583    (1)    6 :  0.540 0.149 0.310 
281 HI_SS0586    (1)    6 :  0.620 0.273 0.107 
282 HI_SS0588    (1)    6 :  0.426 0.316 0.258 
283 HI_SS0595    (4)    6 :  0.542 0.165 0.293 
284 HI_SS0596    (0)    6 :  0.126 0.174 0.700 
285 HI_SS0597    (1)    6 :  0.225 0.164 0.611 
286 HI_SS0600    (0)    6 :  0.451 0.260 0.288 
287 HI_SS0601    (1)    6 :  0.423 0.445 0.132 
288 HI_SS0602    (1)    6 :  0.408 0.393 0.199 
289 HI_SS0604    (0)    6 :  0.299 0.396 0.305 
290 HI_SS0605    (1)    6 :  0.345 0.362 0.292 
291 HI_SS0608    (0)    6 :  0.317 0.314 0.369 
292 HI_SS0609    (0)    6 :  0.205 0.357 0.438 
293 HI_SS0611    (5)    6 :  0.544 0.308 0.148 
294 HI_SS0612    (1)    6 :  0.300 0.202 0.498 
295 HI_SS0613    (1)    6 :  0.259 0.604 0.137 
296 HI_SS0615    (0)    6 :  0.121 0.327 0.551 
297 HI_SS0001    (1)    6 :  0.334 0.161 0.506 
298 HI_SS0002    (1)    6 :  0.209 0.392 0.399 
299 HI_SS0004    (0)    6 :  0.404 0.253 0.342 
300 HI_SS0005    (1)    6 :  0.191 0.651 0.157 
301 HI_SS0006    (1)    6 :  0.514 0.222 0.264 
302 HI_SS0007    (1)    6 :  0.344 0.473 0.183 
303 HI_SS0008    (0)    6 :  0.313 0.447 0.240 
304 HI_SS0009    (0)    6 :  0.127 0.430 0.443 
305 HI_SS0010    (1)    6 :  0.371 0.456 0.173 
306 HI_SS0011    (1)    6 :  0.247 0.555 0.198 
307 HI_SS0012    (0)    6 :  0.215 0.367 0.417 
308 HI_SS0017    (1)    6 :  0.159 0.187 0.655 
309 HI_SS0021    (1)    6 :  0.515 0.317 0.168 
310 HI_SS0024    (1)    6 :  0.211 0.373 0.415 
311 HI_SS0025    (1)    6 :  0.162 0.349 0.489 
312 HI_SS0027    (0)    6 :  0.422 0.368 0.211 
313 HI_SS0028    (0)    6 :  0.117 0.676 0.207 
314 HI_SS0029    (1)    6 :  0.312 0.270 0.419 
315 HI_SS0030    (2)    6 :  0.379 0.269 0.352 
316 HI_SS0031    (0)    6 :  0.320 0.240 0.440 
317 HI_SS0034    (0)    6 :  0.512 0.170 0.319 
318 HI_SS0036    (0)    6 :  0.581 0.242 0.177 
319 HI_SS0037    (1)    6 :  0.592 0.285 0.123 
320 HI_SS0039    (0)    6 :  0.371 0.479 0.150 
321 HI_SS0041    (1)    6 :  0.165 0.462 0.374 
322 HI_SS0042    (1)    6 :  0.172 0.356 0.472 
323 HI_SS0043    (1)    6 :  0.706 0.184 0.110 
324 HI_SS0044    (1)    6 :  0.329 0.135 0.536 
325 HI_SS0047    (1)    6 :  0.162 0.408 0.430 
326 HI_SS0049    (0)    6 :  0.188 0.254 0.559 
327 HI_SS0051    (1)    6 :  0.224 0.611 0.164 
328 HI_SS0053    (1)    6 :  0.620 0.156 0.224 
329 HI_SS0054    (4)    6 :  0.531 0.342 0.127 
330 HI_SS0057    (0)    6 :  0.235 0.508 0.257 
331 HI_SS0058    (0)    6 :  0.437 0.303 0.260 
332 HI_SS0060    (0)    6 :  0.272 0.535 0.193 
333 HI_SS0087    (1)    6 :  0.436 0.242 0.322 
334 HI_SS0091    (0)    6 :  0.728 0.105 0.167 
335 HI_SS0095    (1)    6 :  0.368 0.311 0.322 
336 HI_SS0097    (3)    6 :  0.299 0.399 0.302 
337 HI_SS0099    (0)    6 :  0.235 0.364 0.401 
338 HI_SS0103    (0)    6 :  0.283 0.186 0.530 
339 HI_SS0105    (1)    6 :  0.373 0.423 0.205 
340 HI_SS0107    (1)    6 :  0.131 0.152 0.717 
341 HI_SS0108    (1)    6 :  0.693 0.150 0.156 
342 HI_SS0110    (0)    6 :  0.387 0.156 0.458 
343 HI_SS0111    (1)    6 :  0.308 0.377 0.315 
344 HI_SS0112    (0)    6 :  0.681 0.136 0.184 
345 HI_SS0113    (1)    6 :  0.167 0.320 0.512 
346 HI_SS0114    (1)    6 :  0.466 0.394 0.140 
347 HI_SS0115    (1)    6 :  0.257 0.256 0.486 
348 HI_SS0116    (4)    6 :  0.499 0.100 0.401 
349 HI_SS0117    (0)    6 :  0.499 0.247 0.254 
350 HI_SS0118    (0)    6 :  0.524 0.201 0.276 
351 HI_SS0119    (1)    6 :  0.503 0.287 0.211 
352 HI_SS0120    (1)    6 :  0.154 0.181 0.665 
353 HI_SS0121    (1)    6 :  0.156 0.719 0.125 
354 HI_SS0122    (2)    6 :  0.361 0.389 0.251 
355 HI_SS0123    (0)    6 :  0.363 0.217 0.420 
356 HI_SS0124    (1)    6 :  0.108 0.305 0.587 
357 HI_SS0125    (1)    6 :  0.123 0.474 0.403 
358 HI_SS0126    (0)    6 :  0.510 0.146 0.344 
359 HI_SS0127    (0)    6 :  0.229 0.654 0.117 
360 HI_SS0128    (0)    6 :  0.251 0.195 0.554 
361 HI_SS0129    (1)    6 :  0.437 0.194 0.370 
362 HI_SS0131    (2)    6 :  0.410 0.485 0.106 
363 HI_SS0132    (0)    6 :  0.329 0.411 0.260 
364 HI_SS0133    (1)    6 :  0.692 0.142 0.166 
365 HI_SS0134    (1)    6 :  0.370 0.271 0.360 
366 HI_SS0142    (3)    6 :  0.292 0.456 0.253 
367 HI_SS0145    (0)    6 :  0.342 0.258 0.400 
368 HI_SS0146    (1)    6 :  0.429 0.340 0.232 
369 HI_SS0147    (1)    6 :  0.167 0.637 0.196 
370 HI_SS0149    (1)    6 :  0.439 0.336 0.225 
371 HI_SS0150    (2)    6 :  0.150 0.504 0.346 
372 HI_SS0151    (0)    6 :  0.279 0.204 0.517 
373 NS_SS1451    (1)    6 :  0.115 0.403 0.482 
374 NS_SS1404    (0)    6 :  0.206 0.562 0.232 
375 NS_SS1432    (2)    6 :  0.202 0.264 0.534 
376 NS_SS1405    (4)    6 :  0.249 0.278 0.473 
377 NS_SS1431   (10)    6 :  0.155 0.325 0.520 
378 NS_SS1402    (3)    6 :  0.455 0.194 0.351 
379 NS_SS1450    (3)    6 :  0.372 0.200 0.428 
380 NS_SS1396    (0)    6 :  0.327 0.373 0.300 
381 NS_SS1393    (5)    6 :  0.449 0.262 0.289 
382 NS_SS1392   (10)    6 :  0.159 0.286 0.554 
383 NS_SS1445    (0)    6 :  0.556 0.318 0.125 
384 NS_SS1423    (0)    6 :  0.423 0.169 0.408 
385 NS_SS1421    (9)    6 :  0.463 0.252 0.285 
386 NS_SS1411    (6)    6 :  0.389 0.434 0.176 
387 NS_SS1453    (5)    6 :  0.511 0.278 0.211 
388 NS_SS1442    (2)    6 :  0.310 0.411 0.280 
389 NS_SS1422    (1)    6 :  0.275 0.210 0.515 
390 NS_SS1419    (1)    6 :  0.228 0.589 0.182 
391 NS_SS1427    (0)    6 :  0.527 0.093 0.380 
392 NS_SS1444    (3)    6 :  0.197 0.566 0.237 
393 NS_SS1455    (0)    6 :  0.167 0.283 0.551 
394 NS_SS1425    (2)    6 :  0.678 0.206 0.116 
395 NS_SS1400    (0)    6 :  0.469 0.367 0.164 
396 NS_SS1406    (1)    6 :  0.206 0.433 0.361 
397 NS_SS1417    (6)    6 :  0.425 0.331 0.244 
398 NS_SS1454    (2)    6 :  0.468 0.343 0.189 
399 NS_SS1412    (1)    6 :  0.398 0.314 0.288 
400 NS_SS1438    (1)    6 :  0.575 0.310 0.115 
401 NS_SS1416    (4)    6 :  0.327 0.391 0.282 
402 NS_SS1401    (0)    6 :  0.443 0.239 0.318 
403 NS_SS1424    (6)    6 :  0.445 0.272 0.283 
404 NS_SS1435    (9)    6 :  0.252 0.352 0.396 
405 NS_SS1447    (4)    6 :  0.217 0.534 0.249 
406 NS_SS1414    (3)    6 :  0.175 0.569 0.256 
407 NS_SS1449   (14)    6 :  0.256 0.215 0.529 
408 NS_SS1443    (4)    6 :  0.482 0.109 0.409 
409 NS_SS1434    (1)    6 :  0.205 0.092 0.703 
410 NS_SS1398    (1)    6 :  0.211 0.300 0.489 
411 NS_SS1426    (1)    6 :  0.617 0.217 0.166 
412 NS_SS1413    (0)    6 :  0.471 0.188 0.341 
413 NS_SS1395    (1)    6 :  0.565 0.183 0.252 
414 NS_SS1448   (10)    6 :  0.296 0.408 0.296 
415 NS_SS1446    (0)    6 :  0.533 0.205 0.261 
416 NS_SS1403    (2)    6 :  0.319 0.295 0.386 
417 NS_SS1415    (0)    6 :  0.468 0.291 0.241 
418 NS_SS1437    (4)    6 :  0.299 0.373 0.328 
419 NS_SS1439    (2)    6 :  0.342 0.305 0.353 
420 NS_SS1441    (3)    6 :  0.439 0.172 0.389 
421 NS_SS1420    (2)    6 :  0.129 0.650 0.221 
422 NS_SS1394    (2)    6 :  0.184 0.548 0.268 
423 NS_SS1391    (7)    6 :  0.384 0.112 0.504 
424 NS_SS1410    (5)    6 :  0.437 0.228 0.335 
425 NS_SS1408    (1)    6 :  0.266 0.428 0.305 
426 NS_SS1409    (1)    6 :  0.344 0.110 0.546 
427 HI_SS0617    (1)    7 :  0.360 0.168 0.472 
428 HI_SS0618    (2)    7 :  0.211 0.379 0.410 
429 HI_SS0619    (0)    7 :  0.276 0.308 0.416 
430 HI_SS0620    (1)    7 :  0.533 0.270 0.197 
431 HI_SS0621    (3)    7 :  0.222 0.362 0.416 
432 HI_SS0622    (1)    7 :  0.266 0.428 0.306 
433 HI_SS0626    (0)    7 :  0.259 0.590 0.151 
434 HI_SS0627    (0)    7 :  0.274 0.282 0.444 
435 HI_SS0628    (3)    7 :  0.468 0.277 0.255 
436 HI_SS0629    (1)    7 :  0.438 0.387 0.175 
437 HI_SS0630    (1)    7 :  0.376 0.307 0.317 
438 HI_SS0631    (0)    7 :  0.369 0.406 0.226 
439 HI_SS0632    (0)    7 :  0.262 0.544 0.194 
440 HI_SS0633    (0)    7 :  0.171 0.182 0.647 
441 HI_SS0634    (1)    7 :  0.293 0.427 0.281 
442 HI_SS0635    (0)    7 :  0.186 0.526 0.288 
443 HI_SS0637    (1)    7 :  0.327 0.495 0.178 
444 HI_SS0638    (0)    7 :  0.286 0.321 0.393 
445 HI_SS0639    (1)    7 :  0.175 0.472 0.353 
446 HI_SS0640    (1)    7 :  0.275 0.391 0.334 
447 HI_SS0641    (1)    7 :  0.434 0.448 0.119 
448 HI_SS0642    (0)    7 :  0.276 0.308 0.415 
449 HI_SS0645    (0)    7 :  0.111 0.589 0.300 
450 HI_SS0646    (1)    7 :  0.260 0.158 0.582 
451 HI_SS0647    (1)    7 :  0.250 0.289 0.461 
452 HI_SS0648    (0)    7 :  0.271 0.399 0.330 
453 HI_SS0649    (1)    7 :  0.383 0.259 0.358 
454 HI_SS0650    (1)    7 :  0.167 0.168 0.665 
455 HI_SS0651    (1)    7 :  0.312 0.299 0.389 
456 HI_SS0652    (1)    7 :  0.144 0.558 0.298 
457 NS_SS1371    (3)    7 :  0.460 0.143 0.397 
458 NS_SS1374    (0)    7 :  0.486 0.305 0.210 
459 NS_SS1337    (3)    7 :  0.138 0.537 0.325 
460 NS_SS1385    (5)    7 :  0.284 0.211 0.505 
461 NS_SS1388    (0)    7 :  0.349 0.279 0.371 
462 NS_SS1370    (1)    7 :  0.107 0.774 0.119 
463 NS_SS1389    (3)    7 :  0.221 0.403 0.377 
464 NS_SS1360    (1)    7 :  0.410 0.445 0.145 
465 NS_SS1330    (0)    7 :  0.143 0.524 0.333 
466 NS_SS1328    (8)    7 :  0.366 0.100 0.533 
467 NS_SS1384    (1)    7 :  0.427 0.372 0.201 
468 NS_SS1381    (0)    7 :  0.103 0.170 0.726 
469 NS_SS1375    (1)    7 :  0.170 0.306 0.524 
470 NS_SS1319   (10)    7 :  0.281 0.342 0.377 
471 NS_SS1326    (2)    7 :  0.519 0.137 0.344 
472 NS_SS1341    (1)    7 :  0.533 0.309 0.159 
473 NS_SS1383    (1)    7 :  0.333 0.407 0.259 
474 NS_SS1318    (3)    7 :  0.216 0.477 0.307 
475 NS_SS1348    (2)    7 :  0.616 0.235 0.149 
476 NS_SS1363    (0)    7 :  0.200 0.485 0.314 
477 NS_SS1335    (4)    7 :  0.447 0.420 0.133 
478 NS_SS1358    (0)    7 :  0.452 0.293 0.255 
479 NS_SS1342    (1)    7 :  0.523 0.161 0.316 
480 NS_SS1320    (2)    7 :  0.072 0.143 0.785 
481 NS_SS1355    (1)    7 :  0.213 0.447 0.340 
482 NS_SS1345    (1)    7 :  0.153 0.468 0.379 
483 NS_SS1324    (0)    7 :  0.444 0.315 0.241 
484 NS_SS1347    (5)    7 :  0.370 0.275 0.355 
485 NS_SS1321    (4)    7 :  0.499 0.288 0.213 
486 NS_SS1333    (0)    7 :  0.555 0.204 0.241 
487 NS_SS1364    (1)    7 :  0.530 0.287 0.184 
488 NS_SS1379    (0)    7 :  0.267 0.276 0.457 
489 NS_SS1332    (0)    7 :  0.600 0.224 0.176 
490 NS_SS1338    (5)    7 :  0.472 0.392 0.135 
491 NS_SS1368    (6)    7 :  0.542 0.231 0.227 
492 NS_SS1354    (1)    7 :  0.322 0.389 0.289 
493 NS_SS1365    (0)    7 :  0.186 0.452 0.363 
494 NS_SS1380    (1)    7 :  0.176 0.579 0.244 
495 NS_SS1329    (8)    7 :  0.551 0.168 0.281 
496 NS_SS1362    (0)    7 :  0.329 0.275 0.396 
497 NS_SS1327    (2)    7 :  0.780 0.102 0.117 
498 NS_SS1350    (0)    7 :  0.289 0.085 0.625 
499 NS_SS1387    (2)    7 :  0.250 0.568 0.182 
500 NS_SS1369    (8)    7 :  0.474 0.318 0.208 
501 NS_SS1331    (1)    7 :  0.312 0.407 0.281 
502 NS_SS1357    (4)    7 :  0.282 0.086 0.632 
503 NS_SS1386    (1)    7 :  0.732 0.131 0.137 
504 NS_SS1353    (2)    7 :  0.229 0.175 0.596 
505 NS_SS1323    (0)    7 :  0.170 0.364 0.466 
506 HI_SS0296    (0)    8 :  0.377 0.352 0.272 
507 HI_SS0297    (0)    8 :  0.259 0.209 0.533 
508 HI_SS0299    (0)    8 :  0.401 0.351 0.248 
509 HI_SS0300    (0)    8 :  0.328 0.407 0.264 
510 HI_SS0301    (0)    8 :  0.233 0.673 0.094 
511 HI_SS0302    (0)    8 :  0.338 0.517 0.145 
512 HI_SS0303    (0)    8 :  0.504 0.135 0.360 
513 HI_SS0304    (0)    8 :  0.216 0.378 0.406 
514 HI_SS0306    (5)    8 :  0.471 0.345 0.184 
515 HI_SS0307    (1)    8 :  0.187 0.417 0.396 
516 HI_SS0308    (1)    8 :  0.268 0.499 0.233 
517 HI_SS0309    (0)    8 :  0.262 0.458 0.280 
518 HI_SS0310    (0)    8 :  0.264 0.346 0.390 
519 HI_SS0311    (3)    8 :  0.274 0.536 0.190 
520 HI_SS0314    (0)    8 :  0.259 0.193 0.549 
521 HI_SS0316    (1)    8 :  0.440 0.266 0.294 
522 HI_SS0317    (3)    8 :  0.310 0.436 0.254 
523 HI_SS0318    (1)    8 :  0.623 0.219 0.158 
524 HI_SS0319    (0)    8 :  0.700 0.111 0.190 
525 HI_SS0320    (3)    8 :  0.187 0.380 0.433 
526 HI_SS0321    (0)    8 :  0.483 0.193 0.324 
527 HI_SS0323    (1)    8 :  0.459 0.337 0.204 
528 HI_SS0325    (2)    8 :  0.383 0.454 0.163 
529 HI_SS0327    (1)    8 :  0.428 0.091 0.481 
530 HI_SS0329    (1)    8 :  0.234 0.454 0.313 
531 HI_SS0333    (1)    8 :  0.353 0.289 0.358 
532 HI_SS0334    (1)    8 :  0.594 0.240 0.166 
533 HI_SS0335    (1)    8 :  0.188 0.456 0.356 
534 HI_SS0339    (0)    8 :  0.203 0.519 0.278 
535 HI_SS0343    (2)    8 :  0.201 0.277 0.521 
536 HI_SS0344    (1)    8 :  0.744 0.108 0.148 
537 HI_SS0345    (3)    8 :  0.283 0.504 0.213 
538 HI_SS0346    (0)    8 :  0.443 0.307 0.250 
539 HI_SS0350    (1)    8 :  0.120 0.549 0.331 
540 HI_SS0351    (0)    8 :  0.400 0.339 0.261 
541 HI_SS0352    (3)    8 :  0.225 0.350 0.425 
542 HI_SS0362    (0)    8 :  0.236 0.558 0.205 
543 HI_SS0363    (1)    8 :  0.474 0.155 0.371 
544 HI_SS0365    (0)    8 :  0.490 0.151 0.359 
545 HI_SS0366    (0)    8 :  0.605 0.176 0.219 
546 HI_SS0367    (1)    8 :  0.182 0.387 0.432 
547 HI_SS0369    (1)    8 :  0.153 0.482 0.365 
548 HI_SS0370    (0)    8 :  0.260 0.109 0.631 
549 HI_SS0371    (4)    8 :  0.496 0.321 0.183 
550 HI_SS0373    (3)    8 :  0.278 0.322 0.400 
551 HI_SS0374    (0)    8 :  0.234 0.340 0.426 
552 HI_SS0377    (0)    8 :  0.407 0.421 0.172 
553 HI_SS0379    (1)    8 :  0.809 0.106 0.084 
554 HI_SS0380    (1)    8 :  0.239 0.356 0.405 
555 HI_SS0381    (2)    8 :  0.180 0.561 0.259 
556 HI_SS0384    (3)    8 :  0.403 0.180 0.417 
557 HI_SS0385    (1)    8 :  0.345 0.398 0.256 


Estimated Allele Frequencies in each cluster
First column gives estimated ancestral frequencies


Locus 1 : 
2 alleles
3.4% missing data
   1   (0.736) 0.738 0.719 0.758 
   2   (0.264) 0.262 0.281 0.242 

Locus 2 : 
2 alleles
4.3% missing data
   1   (0.886) 0.900 0.902 0.867 
   2   (0.114) 0.100 0.098 0.133 

Locus 3 : 
2 alleles
3.9% missing data
   1   (0.864) 0.868 0.870 0.864 
   2   (0.136) 0.132 0.130 0.136 

Locus 4 : 
2 alleles
2.7% missing data
   1   (0.889) 0.895 0.878 0.904 
   2   (0.111) 0.105 0.122 0.096 

Locus 5 : 
2 alleles
2.7% missing data
   1   (0.822) 0.818 0.834 0.822 
   2   (0.178) 0.182 0.166 0.178 

Locus 6 : 
2 alleles
3.2% missing data
   1   (0.792) 0.770 0.808 0.804 
   2   (0.208) 0.230 0.192 0.196 

Locus 7 : 
2 alleles
3.8% missing data
   1   (0.804) 0.797 0.796 0.828 
   2   (0.196) 0.203 0.204 0.172 

Locus 8 : 
2 alleles
4.8% missing data
   1   (0.705) 0.700 0.724 0.697 
   2   (0.295) 0.300 0.276 0.303 

Locus 9 : 
2 alleles
3.1% missing data
   1   (0.793) 0.773 0.812 0.799 
   2   (0.207) 0.227 0.188 0.201 

Locus 10 : 
2 alleles
4.7% missing data
   1   (0.891) 0.883 0.888 0.911 
   2   (0.109) 0.117 0.112 0.089 

Locus 11 : 
2 alleles
3.2% missing data
   1   (0.863) 0.843 0.868 0.886 
   2   (0.137) 0.157 0.132 0.114 

Locus 12 : 
2 alleles
4.8% missing data
   1   (0.731) 0.744 0.739 0.717 
   2   (0.269) 0.256 0.261 0.283 

Locus 13 : 
2 alleles
4.7% missing data
   1   (0.887) 0.883 0.890 0.900 
   2   (0.113) 0.117 0.110 0.100 

Locus 14 : 
2 alleles
3.9% missing data
   1   (0.877) 0.871 0.875 0.896 
   2   (0.123) 0.129 0.125 0.104 

Locus 15 : 
2 alleles
3.9% missing data
   1   (0.505) 0.515 0.511 0.490 
   2   (0.495) 0.485 0.489 0.510 

Locus 16 : 
2 alleles
4.3% missing data
   1   (0.607) 0.576 0.654 0.593 
   2   (0.393) 0.424 0.346 0.407 

Locus 17 : 
2 alleles
4.1% missing data
   1   (0.774) 0.772 0.792 0.766 
   2   (0.226) 0.228 0.208 0.234 

Locus 18 : 
2 alleles
2.3% missing data
   1   (0.895) 0.910 0.895 0.892 
   2   (0.105) 0.090 0.105 0.108 

Locus 19 : 
2 alleles
4.3% missing data
   1   (0.710) 0.696 0.739 0.702 
   2   (0.290) 0.304 0.261 0.298 

Locus 20 : 
2 alleles
3.2% missing data
   1   (0.884) 0.886 0.885 0.891 
   2   (0.116) 0.114 0.115 0.109 

Locus 21 : 
2 alleles
3.4% missing data
   1   (0.558) 0.511 0.591 0.571 
   2   (0.442) 0.489 0.409 0.429 

Locus 22 : 
2 alleles
4.8% missing data
   1   (0.855) 0.855 0.864 0.857 
   2   (0.145) 0.145 0.136 0.143 

Locus 23 : 
2 alleles
4.3% missing data
   1   (0.882) 0.891 0.897 0.869 
   2   (0.118) 0.109 0.103 0.131 

Locus 24 : 
2 alleles
3.2% missing data
   1   (0.542) 0.543 0.560 0.524 
   2   (0.458) 0.457 0.440 0.476 

Locus 25 : 
2 alleles
4.3% missing data
   2   (0.471) 0.471 0.457 0.486 
   1   (0.529) 0.529 0.543 0.514 

Locus 26 : 
2 alleles
4.3% missing data
   1   (0.841) 0.854 0.851 0.828 
   2   (0.159) 0.146 0.149 0.172 

Locus 27 : 
2 alleles
2.2% missing data
   1   (0.601) 0.617 0.607 0.583 
   2   (0.399) 0.383 0.393 0.417 

Locus 28 : 
2 alleles
4.1% missing data
   1   (0.863) 0.863 0.849 0.884 
   2   (0.137) 0.137 0.151 0.116 

Locus 29 : 
2 alleles
1.8% missing data
   1   (0.881) 0.887 0.882 0.886 
   2   (0.119) 0.113 0.118 0.114 

Locus 30 : 
2 alleles
4.5% missing data
   1   (0.868) 0.870 0.876 0.867 
   2   (0.132) 0.130 0.124 0.133 

Locus 31 : 
2 alleles
4.3% missing data
   1   (0.789) 0.792 0.784 0.800 
   2   (0.211) 0.208 0.216 0.200 

Locus 32 : 
2 alleles
2.0% missing data
   1   (0.736) 0.733 0.752 0.731 
   2   (0.264) 0.267 0.248 0.269 

Locus 33 : 
2 alleles
3.6% missing data
   1   (0.762) 0.741 0.755 0.796 
   2   (0.238) 0.259 0.245 0.204 

Locus 34 : 
2 alleles
3.6% missing data
   1   (0.812) 0.824 0.791 0.828 
   2   (0.188) 0.176 0.209 0.172 

Locus 35 : 
2 alleles
3.8% missing data
   1   (0.868) 0.889 0.852 0.874 
   2   (0.132) 0.111 0.148 0.126 

Locus 36 : 
2 alleles
2.9% missing data
   1   (0.757) 0.760 0.755 0.765 
   2   (0.243) 0.240 0.245 0.235 

Locus 37 : 
2 alleles
2.2% missing data
   1   (0.741) 0.734 0.752 0.744 
   2   (0.259) 0.266 0.248 0.256 

Locus 38 : 
2 alleles
1.4% missing data
   1   (0.870) 0.847 0.886 0.885 
   2   (0.130) 0.153 0.114 0.115 

Locus 39 : 
2 alleles
3.2% missing data
   1   (0.705) 0.735 0.685 0.699 
   2   (0.295) 0.265 0.315 0.301 

Locus 40 : 
2 alleles
3.8% missing data
   1   (0.572) 0.550 0.568 0.601 
   2   (0.428) 0.450 0.432 0.399 

Locus 41 : 
2 alleles
3.4% missing data
   1   (0.881) 0.880 0.898 0.876 
   2   (0.119) 0.120 0.102 0.124 

Locus 42 : 
2 alleles
4.5% missing data
   2   (0.234) 0.185 0.233 0.281 
   1   (0.766) 0.815 0.767 0.719 

Locus 43 : 
2 alleles
2.0% missing data
   1   (0.819) 0.821 0.818 0.828 
   2   (0.181) 0.179 0.182 0.172 

Locus 44 : 
2 alleles
4.7% missing data
   1   (0.583) 0.569 0.595 0.587 
   2   (0.417) 0.431 0.405 0.413 

Locus 45 : 
2 alleles
3.2% missing data
   1   (0.872) 0.869 0.887 0.869 
   2   (0.128) 0.131 0.113 0.131 

Locus 46 : 
2 alleles
2.3% missing data
   1   (0.778) 0.793 0.791 0.758 
   2   (0.222) 0.207 0.209 0.242 

Locus 47 : 
2 alleles
4.5% missing data
   1   (0.887) 0.898 0.894 0.879 
   2   (0.113) 0.102 0.106 0.121 

Locus 48 : 
2 alleles
4.5% missing data
   1   (0.815) 0.823 0.822 0.808 
   2   (0.185) 0.177 0.178 0.192 

Locus 49 : 
2 alleles
4.5% missing data
   1   (0.818) 0.822 0.837 0.802 
   2   (0.182) 0.178 0.163 0.198 

Locus 50 : 
2 alleles
3.4% missing data
   1   (0.657) 0.663 0.647 0.666 
   2   (0.343) 0.337 0.353 0.334 

Locus 51 : 
2 alleles
1.4% missing data
   1   (0.601) 0.614 0.592 0.599 
   2   (0.399) 0.386 0.408 0.401 

Locus 52 : 
2 alleles
4.1% missing data
   1   (0.658) 0.665 0.664 0.650 
   2   (0.342) 0.335 0.336 0.350 

Locus 53 : 
2 alleles
4.5% missing data
   1   (0.851) 0.840 0.848 0.873 
   2   (0.149) 0.160 0.152 0.127 

Locus 54 : 
2 alleles
3.8% missing data
   1   (0.865) 0.874 0.871 0.861 
   2   (0.135) 0.126 0.129 0.139 

Locus 55 : 
2 alleles
3.2% missing data
   1   (0.882) 0.885 0.906 0.865 
   2   (0.118) 0.115 0.094 0.135 

Locus 56 : 
2 alleles
3.2% missing data
   1   (0.797) 0.808 0.803 0.788 
   2   (0.203) 0.192 0.197 0.212 

Locus 57 : 
2 alleles
4.5% missing data
   1   (0.663) 0.685 0.644 0.664 
   2   (0.337) 0.315 0.356 0.336 

Locus 58 : 
2 alleles
4.1% missing data
   1   (0.839) 0.857 0.829 0.840 
   2   (0.161) 0.143 0.171 0.160 

Locus 59 : 
2 alleles
4.8% missing data
   1   (0.819) 0.846 0.806 0.814 
   2   (0.181) 0.154 0.194 0.186 

Locus 60 : 
2 alleles
2.5% missing data
   1   (0.860) 0.854 0.856 0.879 
   2   (0.140) 0.146 0.144 0.121 

Locus 61 : 
2 alleles
3.9% missing data
   1   (0.778) 0.768 0.790 0.784 
   2   (0.222) 0.232 0.210 0.216 

Locus 62 : 
2 alleles
2.0% missing data
   1   (0.841) 0.815 0.858 0.857 
   2   (0.159) 0.185 0.142 0.143 

Locus 63 : 
2 alleles
4.1% missing data
   1   (0.757) 0.746 0.771 0.762 
   2   (0.243) 0.254 0.229 0.238 

Locus 64 : 
2 alleles
3.2% missing data
   1   (0.872) 0.896 0.866 0.862 
   2   (0.128) 0.104 0.134 0.138 

Locus 65 : 
2 alleles
2.7% missing data
   1   (0.870) 0.875 0.860 0.884 
   2   (0.130) 0.125 0.140 0.116 

Locus 66 : 
2 alleles
2.0% missing data
   1   (0.592) 0.619 0.567 0.592 
   2   (0.408) 0.381 0.433 0.408 

Locus 67 : 
2 alleles
4.8% missing data
   1   (0.787) 0.769 0.808 0.789 
   2   (0.213) 0.231 0.192 0.211 

Locus 68 : 
2 alleles
4.5% missing data
   1   (0.727) 0.714 0.729 0.743 
   2   (0.273) 0.286 0.271 0.257 

Locus 69 : 
2 alleles
2.9% missing data
   1   (0.593) 0.604 0.566 0.610 
   2   (0.407) 0.396 0.434 0.390 

Locus 70 : 
2 alleles
4.8% missing data
   1   (0.664) 0.646 0.693 0.657 
   2   (0.336) 0.354 0.307 0.343 

Locus 71 : 
2 alleles
4.1% missing data
   1   (0.820) 0.851 0.813 0.804 
   2   (0.180) 0.149 0.187 0.196 

Locus 72 : 
2 alleles
3.1% missing data
   1   (0.880) 0.891 0.889 0.870 
   2   (0.120) 0.109 0.111 0.130 

Locus 73 : 
2 alleles
4.5% missing data
   1   (0.731) 0.747 0.699 0.753 
   2   (0.269) 0.253 0.301 0.247 

Locus 74 : 
2 alleles
4.3% missing data
   1   (0.670) 0.691 0.661 0.663 
   2   (0.330) 0.309 0.339 0.337 

Locus 75 : 
2 alleles
2.0% missing data
   1   (0.895) 0.887 0.915 0.891 
   2   (0.105) 0.113 0.085 0.109 

Locus 76 : 
2 alleles
4.8% missing data
   2   (0.206) 0.221 0.225 0.169 
   1   (0.794) 0.779 0.775 0.831 

Locus 77 : 
2 alleles
2.0% missing data
   2   (0.268) 0.272 0.293 0.234 
   1   (0.732) 0.728 0.707 0.766 

Locus 78 : 
2 alleles
3.4% missing data
   1   (0.815) 0.829 0.832 0.793 
   2   (0.185) 0.171 0.168 0.207 

Locus 79 : 
2 alleles
4.8% missing data
   2   (0.255) 0.242 0.272 0.243 
   1   (0.745) 0.758 0.728 0.757 

Locus 80 : 
2 alleles
3.6% missing data
   1   (0.690) 0.718 0.698 0.661 
   2   (0.310) 0.282 0.302 0.339 

Locus 81 : 
2 alleles
2.2% missing data
   1   (0.807) 0.815 0.806 0.810 
   2   (0.193) 0.185 0.194 0.190 

Locus 82 : 
2 alleles
3.4% missing data
   1   (0.754) 0.766 0.712 0.787 
   2   (0.246) 0.234 0.288 0.213 

Locus 83 : 
2 alleles
4.8% missing data
   1   (0.701) 0.733 0.674 0.702 
   2   (0.299) 0.267 0.326 0.298 

Locus 84 : 
2 alleles
4.5% missing data
   1   (0.786) 0.803 0.763 0.798 
   2   (0.214) 0.197 0.237 0.202 

Locus 85 : 
2 alleles
3.2% missing data
   1   (0.766) 0.782 0.793 0.727 
   2   (0.234) 0.218 0.207 0.273 

Locus 86 : 
2 alleles
3.6% missing data
   1   (0.733) 0.712 0.722 0.770 
   2   (0.267) 0.288 0.278 0.230 

Locus 87 : 
2 alleles
2.7% missing data
   1   (0.881) 0.885 0.900 0.866 
   2   (0.119) 0.115 0.100 0.134 

Locus 88 : 
2 alleles
4.3% missing data
   1   (0.744) 0.736 0.752 0.753 
   2   (0.256) 0.264 0.248 0.247 

Locus 89 : 
2 alleles
3.9% missing data
   1   (0.772) 0.784 0.747 0.793 
   2   (0.228) 0.216 0.253 0.207 

Locus 90 : 
2 alleles
1.6% missing data
   1   (0.820) 0.826 0.801 0.840 
   2   (0.180) 0.174 0.199 0.160 

Locus 91 : 
2 alleles
4.8% missing data
   1   (0.880) 0.893 0.869 0.888 
   2   (0.120) 0.107 0.131 0.112 

Locus 92 : 
2 alleles
2.9% missing data
   1   (0.615) 0.621 0.591 0.638 
   2   (0.385) 0.379 0.409 0.362 

Locus 93 : 
2 alleles
3.6% missing data
   1   (0.767) 0.785 0.780 0.744 
   2   (0.233) 0.215 0.220 0.256 

Locus 94 : 
2 alleles
3.4% missing data
   1   (0.893) 0.894 0.903 0.894 
   2   (0.107) 0.106 0.097 0.106 

Locus 95 : 
2 alleles
3.9% missing data
   1   (0.667) 0.652 0.687 0.666 
   2   (0.333) 0.348 0.313 0.334 

Locus 96 : 
2 alleles
3.1% missing data
   1   (0.764) 0.780 0.766 0.755 
   2   (0.236) 0.220 0.234 0.245 

Locus 97 : 
2 alleles
0.9% missing data
   1   (0.836) 0.850 0.815 0.853 
   2   (0.164) 0.150 0.185 0.147 

Locus 98 : 
2 alleles
4.8% missing data
   1   (0.879) 0.877 0.881 0.891 
   2   (0.121) 0.123 0.119 0.109 

Locus 99 : 
2 alleles
3.2% missing data
   2   (0.386) 0.435 0.354 0.367 
   1   (0.614) 0.565 0.646 0.633 

Locus 100 : 
2 alleles
4.7% missing data
   1   (0.815) 0.820 0.828 0.805 
   2   (0.185) 0.180 0.172 0.195 

Locus 101 : 
2 alleles
2.3% missing data
   1   (0.785) 0.779 0.784 0.801 
   2   (0.215) 0.221 0.216 0.199 

Locus 102 : 
2 alleles
1.4% missing data
   1   (0.869) 0.874 0.865 0.879 
   2   (0.131) 0.126 0.135 0.121 

Locus 103 : 
2 alleles
3.4% missing data
   1   (0.655) 0.643 0.644 0.681 
   2   (0.345) 0.357 0.356 0.319 

Locus 104 : 
