

----------------------------------------------------
STRUCTURE by Pritchard, Stephens and Donnelly (2000)
     and Falush, Stephens and Pritchard (2003)
       Code by Pritchard, Falush and Hubisz
             Version 2.3.4 (Jul 2012)
----------------------------------------------------



Command line arguments:   /home/genobiwan/Documents/Programs/Structure/structure -m parameter_job_k3_r1 
Input File:    /media/genobiwan/Storage/Projets/Mackerel_NWA_2021/data_job_k3_r1

Run parameters:
   557 individuals
   3930 loci
   3 populations assumed
   10000 Burn-in period
   100000 Reps


--------------------------------------------
Proportion of membership of each pre-defined
 population in each of the 3 clusters

Given    Inferred Clusters       Number of
 Pop       1      2      3      Individuals

  1:     0.301  0.362  0.336       67
  2:     0.282  0.328  0.391       32
  3:     0.304  0.373  0.323       92
  4:     0.365  0.306  0.329       36
  5:     0.345  0.332  0.322       41
  6:     0.345  0.325  0.329      158
  7:     0.327  0.334  0.339       79
  8:     0.345  0.344  0.311       52
--------------------------------------------

Allele-freq. divergence among pops (Net nucleotide distance),
computed using point estimates of P.

      1       2       3      
 1      -    0.0010  0.0010  
 2   0.0010     -    0.0005  
 3   0.0010  0.0005     -    

Average distances (expected heterozygosity) between individuals in same cluster:
cluster  1  : 0.3137 
cluster  2  : 0.3135 
cluster  3  : 0.3148 

--------------------------------------------
Estimated Ln Prob of Data   = -2070186.9
Mean value of ln likelihood = -2064772.3
Variance of ln likelihood   = 10829.2
Mean value of alpha         = 1.4235

Mean value of Fst_1         = 0.0124
Mean value of Fst_2         = 0.0107
Mean value of Fst_3         = 0.0106


Inferred ancestry of individuals:
        Label (%Miss) Pop:  Inferred clusters
  1 NS_SS0963    (4)    1 :  0.261 0.401 0.338 
  2 NS_SS0983    (1)    1 :  0.600 0.251 0.149 
  3 NS_SS0719    (8)    1 :  0.376 0.357 0.267 
  4 NS_SS1001    (8)    1 :  0.148 0.351 0.501 
  5 NS_SS0936    (4)    1 :  0.217 0.243 0.539 
  6 NS_SS0955    (5)    1 :  0.425 0.366 0.208 
  7 NS_SS0944    (3)    1 :  0.310 0.371 0.319 
  8 NS_SS0945    (3)    1 :  0.313 0.223 0.463 
  9 NS_SS0922    (2)    1 :  0.156 0.315 0.529 
 10 NS_SS0929    (7)    1 :  0.458 0.302 0.240 
 11 NS_SS0956    (2)    1 :  0.131 0.486 0.384 
 12 NS_SS0906    (3)    1 :  0.363 0.379 0.258 
 13 NS_SS0721    (6)    1 :  0.256 0.508 0.236 
 14 NS_SS0982    (4)    1 :  0.228 0.467 0.306 
 15 NS_SS0923    (5)    1 :  0.238 0.388 0.374 
 16 NS_SS0905    (6)    1 :  0.314 0.430 0.257 
 17 NS_SS0925    (3)    1 :  0.151 0.452 0.397 
 18 NS_SS0947    (5)    1 :  0.213 0.290 0.497 
 19 NS_SS0926    (2)    1 :  0.572 0.261 0.167 
 20 NS_SS0918    (6)    1 :  0.143 0.567 0.290 
 21 NS_SS0966    (4)    1 :  0.231 0.437 0.332 
 22 NS_SS0938    (2)    1 :  0.186 0.205 0.609 
 23 NS_SS0917    (2)    1 :  0.518 0.207 0.274 
 24 NS_SS0957   (11)    1 :  0.242 0.462 0.296 
 25 NS_SS0987    (1)    1 :  0.190 0.637 0.173 
 26 NS_SS0717    (4)    1 :  0.147 0.407 0.446 
 27 NS_SS0986    (2)    1 :  0.302 0.474 0.223 
 28 NS_SS0953    (4)    1 :  0.160 0.423 0.416 
 29 NS_SS0907    (3)    1 :  0.291 0.429 0.281 
 30 NS_SS0974    (6)    1 :  0.352 0.261 0.387 
 31 NS_SS0989    (1)    1 :  0.632 0.133 0.235 
 32 NS_SS0991    (2)    1 :  0.330 0.528 0.142 
 33 NS_SS0994    (2)    1 :  0.725 0.105 0.170 
 34 NS_SS0931    (6)    1 :  0.401 0.426 0.173 
 35 NS_SS1000    (5)    1 :  0.160 0.280 0.559 
 36 NS_SS0919    (1)    1 :  0.421 0.355 0.224 
 37 NS_SS0949    (3)    1 :  0.544 0.219 0.237 
 38 NS_SS0960   (10)    1 :  0.432 0.412 0.157 
 39 NS_SS0716    (2)    1 :  0.118 0.460 0.422 
 40 NS_SS0924    (8)    1 :  0.378 0.429 0.193 
 41 NS_SS0935    (1)    1 :  0.475 0.384 0.141 
 42 NS_SS0952   (13)    1 :  0.496 0.306 0.198 
 43 NS_SS0962   (10)    1 :  0.190 0.354 0.456 
 44 NS_SS0973    (5)    1 :  0.285 0.414 0.302 
 45 NS_SS0722    (1)    1 :  0.117 0.198 0.685 
 46 NS_SS0979   (13)    1 :  0.175 0.512 0.313 
 47 NS_SS0993    (2)    1 :  0.142 0.385 0.473 
 48 NS_SS0958    (1)    1 :  0.467 0.288 0.245 
 49 NS_SS0988    (4)    1 :  0.356 0.426 0.217 
 50 NS_SS1003    (2)    1 :  0.134 0.582 0.285 
 51 NS_SS0976    (0)    1 :  0.449 0.307 0.243 
 52 NS_SS0964   (10)    1 :  0.133 0.342 0.526 
 53 NS_SS0939    (4)    1 :  0.112 0.357 0.531 
 54 NS_SS0990    (6)    1 :  0.350 0.276 0.374 
 55 NS_SS0984    (2)    1 :  0.123 0.283 0.595 
 56 NS_SS0980    (9)    1 :  0.246 0.252 0.502 
 57 NS_SS0978    (4)    1 :  0.261 0.245 0.494 
 58 NS_SS0951   (17)    1 :  0.299 0.533 0.168 
 59 NS_SS0913    (3)    1 :  0.179 0.442 0.379 
 60 NS_SS1002    (1)    1 :  0.191 0.343 0.466 
 61 NS_SS0948    (1)    1 :  0.304 0.432 0.264 
 62 NS_SS0916    (4)    1 :  0.420 0.186 0.394 
 63 NS_SS0995    (1)    1 :  0.274 0.313 0.412 
 64 NS_SS0927    (6)    1 :  0.504 0.190 0.306 
 65 NS_SS0992    (5)    1 :  0.391 0.161 0.448 
 66 NS_SS0912    (1)    1 :  0.278 0.517 0.205 
 67 NS_SS0981    (1)    1 :  0.194 0.562 0.245 
 68 NS_SS0729    (5)    2 :  0.633 0.138 0.229 
 69 NS_SS0967   (14)    2 :  0.243 0.435 0.322 
 70 NS_SS0941    (7)    2 :  0.242 0.213 0.545 
 71 NS_SS0768   (12)    2 :  0.217 0.516 0.267 
 72 NS_SS0726    (4)    2 :  0.503 0.150 0.347 
 73 NS_SS0763    (4)    2 :  0.519 0.202 0.279 
 74 NS_SS0730    (6)    2 :  0.189 0.348 0.464 
 75 NS_SS0774    (1)    2 :  0.173 0.221 0.606 
 76 NS_SS0723    (3)    2 :  0.146 0.370 0.484 
 77 NS_SS0940    (9)    2 :  0.365 0.238 0.397 
 78 NS_SS0762    (1)    2 :  0.090 0.281 0.629 
 79 NS_SS0766   (11)    2 :  0.300 0.252 0.448 
 80 NS_SS0724    (1)    2 :  0.162 0.527 0.311 
 81 NS_SS0769    (3)    2 :  0.319 0.352 0.329 
 82 NS_SS0777    (2)    2 :  0.360 0.424 0.216 
 83 NS_SS0734    (6)    2 :  0.335 0.355 0.310 
 84 NS_SS0737    (3)    2 :  0.125 0.163 0.712 
 85 NS_SS0732    (5)    2 :  0.165 0.607 0.228 
 86 NS_SS0728    (5)    2 :  0.260 0.249 0.492 
 87 NS_SS0735    (9)    2 :  0.190 0.328 0.483 
 88 NS_SS0725    (1)    2 :  0.177 0.228 0.595 
 89 NS_SS0788    (2)    2 :  0.338 0.330 0.331 
 90 NS_SS0778    (2)    2 :  0.423 0.358 0.219 
 91 NS_SS0792    (6)    2 :  0.382 0.382 0.236 
 92 NS_SS0943   (11)    2 :  0.393 0.402 0.204 
 93 NS_SS0791    (2)    2 :  0.414 0.264 0.321 
 94 NS_SS0790    (5)    2 :  0.077 0.587 0.336 
 95 NS_SS0731    (6)    2 :  0.158 0.510 0.332 
 96 NS_SS0727    (6)    2 :  0.445 0.116 0.439 
 97 NS_SS0779   (12)    2 :  0.279 0.396 0.325 
 98 NS_SS0776    (3)    2 :  0.249 0.268 0.483 
 99 NS_SS0775    (5)    2 :  0.141 0.273 0.586 
100 NS_SS0965    (3)    3 :  0.202 0.569 0.229 
101 NS_SS0754   (13)    3 :  0.456 0.366 0.177 
102 NS_SS0838    (5)    3 :  0.344 0.261 0.396 
103 NS_SS0839    (3)    3 :  0.137 0.339 0.523 
104 NS_SS0832    (4)    3 :  0.084 0.524 0.392 
105 NS_SS0820    (4)    3 :  0.137 0.585 0.278 
106 NS_SS0886    (9)    3 :  0.417 0.334 0.249 
107 NS_SS0748    (5)    3 :  0.367 0.409 0.224 
108 NS_SS0884    (9)    3 :  0.354 0.312 0.335 
109 NS_SS0752    (3)    3 :  0.270 0.247 0.483 
110 NS_SS0862    (1)    3 :  0.129 0.614 0.257 
111 NS_SS0787    (9)    3 :  0.703 0.171 0.125 
112 NS_SS0843    (6)    3 :  0.291 0.379 0.330 
113 NS_SS0856    (4)    3 :  0.303 0.212 0.486 
114 NS_SS0846    (2)    3 :  0.388 0.283 0.330 
115 NS_SS0825    (1)    3 :  0.333 0.375 0.292 
116 NS_SS0757    (3)    3 :  0.354 0.406 0.241 
117 NS_SS0876    (3)    3 :  0.224 0.334 0.442 
118 NS_SS0903    (9)    3 :  0.185 0.306 0.509 
119 NS_SS0875    (7)    3 :  0.250 0.401 0.348 
120 NS_SS0740    (5)    3 :  0.274 0.359 0.367 
121 NS_SS0811    (5)    3 :  0.117 0.588 0.295 
122 NS_SS0751    (1)    3 :  0.245 0.280 0.475 
123 NS_SS0891    (6)    3 :  0.256 0.278 0.466 
124 NS_SS0867    (2)    3 :  0.353 0.436 0.211 
125 NS_SS0890    (6)    3 :  0.301 0.323 0.376 
126 NS_SS0866   (11)    3 :  0.675 0.149 0.176 
127 NS_SS0755    (4)    3 :  0.256 0.467 0.277 
128 NS_SS0758    (4)    3 :  0.301 0.277 0.421 
129 NS_SS0840    (2)    3 :  0.128 0.419 0.453 
130 NS_SS0889    (4)    3 :  0.481 0.344 0.175 
131 NS_SS1010    (1)    3 :  0.313 0.404 0.283 
132 NS_SS0888    (5)    3 :  0.631 0.157 0.213 
133 NS_SS0837    (3)    3 :  0.140 0.606 0.255 
134 NS_SS0794    (9)    3 :  0.470 0.207 0.323 
135 NS_SS0823    (4)    3 :  0.141 0.354 0.504 
136 NS_SS0829    (7)    3 :  0.529 0.357 0.115 
137 NS_SS0844    (5)    3 :  0.122 0.575 0.303 
138 NS_SS1008    (5)    3 :  0.410 0.223 0.367 
139 NS_SS0881    (3)    3 :  0.382 0.317 0.301 
140 NS_SS0834    (6)    3 :  0.147 0.195 0.658 
141 NS_SS0744   (10)    3 :  0.359 0.326 0.315 
142 NS_SS0899    (7)    3 :  0.110 0.584 0.307 
143 NS_SS0804    (4)    3 :  0.111 0.523 0.366 
144 NS_SS0781   (10)    3 :  0.137 0.416 0.447 
145 NS_SS0822    (6)    3 :  0.330 0.285 0.385 
146 NS_SS1004    (4)    3 :  0.230 0.451 0.319 
147 NS_SS0746    (5)    3 :  0.279 0.371 0.351 
148 NS_SS0880    (3)    3 :  0.219 0.343 0.439 
149 NS_SS0879    (4)    3 :  0.196 0.345 0.459 
150 NS_SS0753    (2)    3 :  0.385 0.463 0.153 
151 NS_SS1007    (2)    3 :  0.299 0.167 0.535 
152 NS_SS0872    (5)    3 :  0.201 0.344 0.455 
153 NS_SS1005    (7)    3 :  0.190 0.381 0.429 
154 NS_SS0892    (6)    3 :  0.307 0.342 0.352 
155 NS_SS0898    (0)    3 :  0.357 0.354 0.289 
156 NS_SS0801    (9)    3 :  0.245 0.548 0.208 
157 NS_SS0827    (8)    3 :  0.321 0.533 0.146 
158 NS_SS0853    (6)    3 :  0.295 0.520 0.185 
159 NS_SS0780    (2)    3 :  0.197 0.392 0.411 
160 NS_SS0826   (10)    3 :  0.283 0.472 0.245 
161 NS_SS0818    (5)    3 :  0.123 0.397 0.480 
162 NS_SS0745    (1)    3 :  0.082 0.365 0.554 
163 NS_SS0849    (3)    3 :  0.198 0.621 0.181 
164 NS_SS0739    (3)    3 :  0.332 0.315 0.353 
165 NS_SS0799    (1)    3 :  0.450 0.250 0.300 
166 NS_SS0756    (2)    3 :  0.128 0.568 0.304 
167 NS_SS0802    (2)    3 :  0.439 0.218 0.343 
168 NS_SS0747    (6)    3 :  0.324 0.354 0.322 
169 NS_SS0835    (1)    3 :  0.684 0.148 0.168 
170 NS_SS0742   (18)    3 :  0.274 0.379 0.347 
171 NS_SS0760    (9)    3 :  0.580 0.218 0.201 
172 NS_SS0803    (4)    3 :  0.140 0.426 0.434 
173 NS_SS0828   (13)    3 :  0.268 0.500 0.232 
174 NS_SS0865    (2)    3 :  0.327 0.448 0.225 
175 NS_SS0759    (4)    3 :  0.136 0.415 0.449 
176 NS_SS0851    (5)    3 :  0.117 0.552 0.331 
177 NS_SS0874   (16)    3 :  0.178 0.441 0.381 
178 NS_SS0761    (6)    3 :  0.495 0.357 0.149 
179 NS_SS0842   (25)    3 :  0.397 0.313 0.290 
180 NS_SS0785    (6)    3 :  0.411 0.338 0.251 
181 NS_SS0860   (11)    3 :  0.692 0.174 0.134 
182 NS_SS0897    (7)    3 :  0.646 0.193 0.161 
183 NS_SS0841   (14)    3 :  0.129 0.487 0.384 
184 NS_SS0797    (6)    3 :  0.365 0.453 0.183 
185 NS_SS0830   (10)    3 :  0.300 0.443 0.257 
186 NS_SS1011    (5)    3 :  0.176 0.464 0.360 
187 NS_SS0883    (5)    3 :  0.394 0.421 0.185 
188 NS_SS0782    (2)    3 :  0.315 0.210 0.474 
189 NS_SS0831    (5)    3 :  0.503 0.341 0.156 
190 NS_SS0749    (7)    3 :  0.335 0.346 0.319 
191 NS_SS0854    (2)    3 :  0.378 0.223 0.400 
192 HI_SS0193    (0)    4 :  0.421 0.240 0.339 
193 HI_SS0194    (0)    4 :  0.168 0.181 0.650 
194 HI_SS0195    (9)    4 :  0.115 0.491 0.394 
195 HI_SS0196    (6)    4 :  0.316 0.191 0.493 
196 HI_SS0197    (3)    4 :  0.308 0.237 0.455 
197 HI_SS0198    (1)    4 :  0.397 0.373 0.229 
198 HI_SS0199    (1)    4 :  0.491 0.149 0.359 
199 HI_SS0201    (4)    4 :  0.591 0.294 0.115 
200 HI_SS0215    (1)    4 :  0.596 0.290 0.114 
201 HI_SS0218    (1)    4 :  0.645 0.170 0.185 
202 HI_SS0222    (0)    4 :  0.279 0.311 0.410 
203 HI_SS0230    (1)    4 :  0.242 0.523 0.234 
204 HI_SS0234    (1)    4 :  0.332 0.166 0.502 
205 HI_SS0240    (1)    4 :  0.261 0.197 0.542 
206 HI_SS0241    (0)    4 :  0.540 0.254 0.206 
207 HI_SS0242    (0)    4 :  0.325 0.348 0.327 
208 HI_SS0247    (0)    4 :  0.231 0.483 0.287 
209 HI_SS0248    (1)    4 :  0.500 0.161 0.338 
210 HI_SS0252    (2)    4 :  0.182 0.313 0.505 
211 HI_SS0254    (1)    4 :  0.398 0.331 0.271 
212 HI_SS0256    (0)    4 :  0.073 0.436 0.491 
213 HI_SS0257    (0)    4 :  0.529 0.199 0.272 
214 HI_SS0258    (1)    4 :  0.477 0.327 0.197 
215 HI_SS0259    (1)    4 :  0.238 0.225 0.537 
216 HI_SS0260    (1)    4 :  0.548 0.166 0.286 
217 HI_SS0261    (2)    4 :  0.372 0.231 0.396 
218 HI_SS0262    (0)    4 :  0.270 0.413 0.317 
219 HI_SS0264    (1)    4 :  0.201 0.488 0.311 
220 HI_SS0265    (0)    4 :  0.261 0.430 0.308 
221 HI_SS0268    (1)    4 :  0.365 0.320 0.316 
222 HI_SS0269    (1)    4 :  0.711 0.122 0.167 
223 HI_SS0273    (0)    4 :  0.457 0.352 0.191 
224 HI_SS0277    (1)    4 :  0.290 0.431 0.279 
225 HI_SS0280    (0)    4 :  0.262 0.378 0.360 
226 HI_SS0282    (1)    4 :  0.374 0.364 0.262 
227 HI_SS0286    (1)    4 :  0.378 0.422 0.199 
228 NS_SS1252    (3)    5 :  0.698 0.159 0.144 
229 NS_SS1261    (1)    5 :  0.368 0.351 0.281 
230 NS_SS1225    (9)    5 :  0.408 0.388 0.204 
231 NS_SS1266    (1)    5 :  0.110 0.524 0.366 
232 NS_SS1228    (0)    5 :  0.213 0.468 0.319 
233 NS_SS1255    (2)    5 :  0.223 0.137 0.640 
234 NS_SS1267    (3)    5 :  0.762 0.137 0.102 
235 NS_SS1238    (6)    5 :  0.300 0.365 0.335 
236 NS_SS1233    (8)    5 :  0.138 0.597 0.265 
237 NS_SS1277    (3)    5 :  0.458 0.178 0.364 
238 NS_SS1245    (1)    5 :  0.324 0.295 0.381 
239 NS_SS1240    (4)    5 :  0.750 0.122 0.128 
240 NS_SS1275    (2)    5 :  0.119 0.388 0.493 
241 NS_SS1235    (1)    5 :  0.238 0.209 0.553 
242 NS_SS1263    (1)    5 :  0.144 0.348 0.508 
243 NS_SS1251    (1)    5 :  0.192 0.418 0.391 
244 NS_SS1248    (0)    5 :  0.175 0.640 0.185 
245 NS_SS1244    (0)    5 :  0.327 0.392 0.281 
246 NS_SS1257    (0)    5 :  0.529 0.248 0.224 
247 NS_SS1242    (2)    5 :  0.145 0.314 0.541 
248 NS_SS1271    (6)    5 :  0.713 0.147 0.140 
249 NS_SS1265    (1)    5 :  0.542 0.259 0.199 
250 NS_SS1243    (0)    5 :  0.186 0.431 0.383 
251 NS_SS1273    (1)    5 :  0.135 0.351 0.514 
252 NS_SS1254   (14)    5 :  0.186 0.442 0.372 
253 NS_SS1224    (1)    5 :  0.137 0.531 0.332 
254 NS_SS1227    (8)    5 :  0.573 0.172 0.254 
255 NS_SS1274    (8)    5 :  0.460 0.269 0.271 
256 NS_SS1241    (1)    5 :  0.417 0.300 0.283 
257 NS_SS1256    (3)    5 :  0.354 0.324 0.322 
258 NS_SS1260    (8)    5 :  0.594 0.192 0.214 
259 NS_SS1262    (0)    5 :  0.400 0.425 0.176 
260 NS_SS1230    (0)    5 :  0.369 0.351 0.279 
261 NS_SS1270    (2)    5 :  0.149 0.668 0.184 
262 NS_SS1229    (2)    5 :  0.233 0.160 0.608 
263 NS_SS1246    (5)    5 :  0.537 0.153 0.310 
264 NS_SS1269    (0)    5 :  0.259 0.364 0.378 
265 NS_SS1239    (1)    5 :  0.190 0.326 0.484 
266 NS_SS1272    (4)    5 :  0.330 0.375 0.295 
267 NS_SS1268    (1)    5 :  0.134 0.607 0.259 
268 NS_SS1249    (0)    5 :  0.632 0.109 0.260 
269 HI_SS0559    (0)    6 :  0.293 0.373 0.334 
270 HI_SS0563    (1)    6 :  0.307 0.380 0.312 
271 HI_SS0564    (0)    6 :  0.251 0.368 0.381 
272 HI_SS0565    (0)    6 :  0.445 0.301 0.254 
273 HI_SS0569    (0)    6 :  0.465 0.423 0.112 
274 HI_SS0570    (0)    6 :  0.585 0.197 0.217 
275 HI_SS0572    (1)    6 :  0.179 0.194 0.627 
276 HI_SS0576    (0)    6 :  0.171 0.463 0.366 
277 HI_SS0579    (1)    6 :  0.311 0.391 0.298 
278 HI_SS0580    (1)    6 :  0.435 0.209 0.355 
279 HI_SS0581    (0)    6 :  0.146 0.461 0.393 
280 HI_SS0583    (1)    6 :  0.576 0.153 0.271 
281 HI_SS0586    (1)    6 :  0.620 0.267 0.112 
282 HI_SS0588    (1)    6 :  0.411 0.343 0.246 
283 HI_SS0595    (4)    6 :  0.531 0.202 0.267 
284 HI_SS0596    (0)    6 :  0.139 0.188 0.673 
285 HI_SS0597    (1)    6 :  0.205 0.194 0.601 
286 HI_SS0600    (0)    6 :  0.482 0.269 0.249 
287 HI_SS0601    (1)    6 :  0.347 0.499 0.154 
288 HI_SS0602    (1)    6 :  0.423 0.365 0.212 
289 HI_SS0604    (0)    6 :  0.254 0.428 0.317 
290 HI_SS0605    (1)    6 :  0.367 0.356 0.277 
291 HI_SS0608    (0)    6 :  0.264 0.326 0.411 
292 HI_SS0609    (0)    6 :  0.166 0.381 0.454 
293 HI_SS0611    (5)    6 :  0.553 0.290 0.157 
294 HI_SS0612    (1)    6 :  0.317 0.282 0.401 
295 HI_SS0613    (1)    6 :  0.269 0.533 0.198 
296 HI_SS0615    (0)    6 :  0.125 0.316 0.559 
297 HI_SS0001    (1)    6 :  0.381 0.160 0.458 
298 HI_SS0002    (1)    6 :  0.170 0.428 0.402 
299 HI_SS0004    (0)    6 :  0.440 0.229 0.331 
300 HI_SS0005    (1)    6 :  0.203 0.580 0.216 
301 HI_SS0006    (1)    6 :  0.481 0.253 0.267 
302 HI_SS0007    (1)    6 :  0.369 0.421 0.209 
303 HI_SS0008    (0)    6 :  0.258 0.465 0.277 
304 HI_SS0009    (0)    6 :  0.137 0.425 0.439 
305 HI_SS0010    (1)    6 :  0.367 0.432 0.201 
306 HI_SS0011    (1)    6 :  0.179 0.534 0.287 
307 HI_SS0012    (0)    6 :  0.224 0.392 0.384 
308 HI_SS0017    (1)    6 :  0.161 0.171 0.668 
309 HI_SS0021    (1)    6 :  0.476 0.320 0.204 
310 HI_SS0024    (1)    6 :  0.201 0.326 0.473 
311 HI_SS0025    (1)    6 :  0.159 0.324 0.517 
312 HI_SS0027    (0)    6 :  0.406 0.394 0.199 
313 HI_SS0028    (0)    6 :  0.115 0.579 0.306 
314 HI_SS0029    (1)    6 :  0.329 0.246 0.425 
315 HI_SS0030    (2)    6 :  0.373 0.302 0.325 
316 HI_SS0031    (0)    6 :  0.330 0.300 0.370 
317 HI_SS0034    (0)    6 :  0.520 0.211 0.269 
318 HI_SS0036    (0)    6 :  0.573 0.233 0.195 
319 HI_SS0037    (1)    6 :  0.547 0.298 0.155 
320 HI_SS0039    (0)    6 :  0.411 0.410 0.179 
321 HI_SS0041    (1)    6 :  0.168 0.402 0.430 
322 HI_SS0042    (1)    6 :  0.159 0.341 0.499 
323 HI_SS0043    (1)    6 :  0.677 0.204 0.119 
324 HI_SS0044    (1)    6 :  0.390 0.145 0.465 
325 HI_SS0047    (1)    6 :  0.185 0.409 0.406 
326 HI_SS0049    (0)    6 :  0.174 0.261 0.565 
327 HI_SS0051    (1)    6 :  0.215 0.607 0.178 
328 HI_SS0053    (1)    6 :  0.627 0.172 0.201 
329 HI_SS0054    (4)    6 :  0.450 0.401 0.148 
330 HI_SS0057    (0)    6 :  0.194 0.496 0.310 
331 HI_SS0058    (0)    6 :  0.427 0.305 0.268 
332 HI_SS0060    (0)    6 :  0.216 0.553 0.231 
333 HI_SS0087    (1)    6 :  0.383 0.285 0.333 
334 HI_SS0091    (0)    6 :  0.724 0.126 0.150 
335 HI_SS0095    (1)    6 :  0.383 0.324 0.293 
336 HI_SS0097    (3)    6 :  0.224 0.488 0.288 
337 HI_SS0099    (0)    6 :  0.235 0.322 0.443 
338 HI_SS0103    (0)    6 :  0.298 0.218 0.484 
339 HI_SS0105    (1)    6 :  0.316 0.464 0.221 
340 HI_SS0107    (1)    6 :  0.126 0.154 0.720 
341 HI_SS0108    (1)    6 :  0.734 0.149 0.118 
342 HI_SS0110    (0)    6 :  0.437 0.188 0.375 
343 HI_SS0111    (1)    6 :  0.327 0.373 0.300 
344 HI_SS0112    (0)    6 :  0.686 0.152 0.162 
345 HI_SS0113    (1)    6 :  0.137 0.280 0.583 
346 HI_SS0114    (1)    6 :  0.458 0.403 0.139 
347 HI_SS0115    (1)    6 :  0.303 0.281 0.417 
348 HI_SS0116    (4)    6 :  0.552 0.121 0.327 
349 HI_SS0117    (0)    6 :  0.457 0.298 0.245 
350 HI_SS0118    (0)    6 :  0.538 0.213 0.249 
351 HI_SS0119    (1)    6 :  0.491 0.312 0.196 
352 HI_SS0120    (1)    6 :  0.137 0.154 0.709 
353 HI_SS0121    (1)    6 :  0.160 0.642 0.197 
354 HI_SS0122    (2)    6 :  0.367 0.360 0.274 
355 HI_SS0123    (0)    6 :  0.329 0.256 0.415 
356 HI_SS0124    (1)    6 :  0.112 0.288 0.601 
357 HI_SS0125    (1)    6 :  0.136 0.415 0.449 
358 HI_SS0126    (0)    6 :  0.571 0.141 0.288 
359 HI_SS0127    (0)    6 :  0.209 0.621 0.170 
360 HI_SS0128    (0)    6 :  0.259 0.224 0.517 
361 HI_SS0129    (1)    6 :  0.449 0.198 0.353 
362 HI_SS0131    (2)    6 :  0.347 0.516 0.136 
363 HI_SS0132    (0)    6 :  0.327 0.391 0.281 
364 HI_SS0133    (1)    6 :  0.697 0.150 0.153 
365 HI_SS0134    (1)    6 :  0.368 0.306 0.326 
366 HI_SS0142    (3)    6 :  0.285 0.478 0.238 
367 HI_SS0145    (0)    6 :  0.344 0.299 0.357 
368 HI_SS0146    (1)    6 :  0.412 0.366 0.222 
369 HI_SS0147    (1)    6 :  0.156 0.575 0.269 
370 HI_SS0149    (1)    6 :  0.371 0.349 0.280 
371 HI_SS0150    (2)    6 :  0.145 0.453 0.402 
372 HI_SS0151    (0)    6 :  0.322 0.236 0.442 
373 NS_SS1451    (1)    6 :  0.121 0.352 0.527 
374 NS_SS1404    (0)    6 :  0.219 0.477 0.304 
375 NS_SS1432    (2)    6 :  0.208 0.254 0.538 
376 NS_SS1405    (4)    6 :  0.264 0.265 0.471 
377 NS_SS1431   (10)    6 :  0.142 0.306 0.551 
378 NS_SS1402    (3)    6 :  0.450 0.223 0.327 
379 NS_SS1450    (3)    6 :  0.422 0.199 0.379 
380 NS_SS1396    (0)    6 :  0.301 0.373 0.325 
381 NS_SS1393    (5)    6 :  0.494 0.262 0.244 
382 NS_SS1392   (10)    6 :  0.172 0.277 0.551 
383 NS_SS1445    (0)    6 :  0.491 0.365 0.144 
384 NS_SS1423    (0)    6 :  0.444 0.198 0.358 
385 NS_SS1421    (9)    6 :  0.427 0.290 0.284 
386 NS_SS1411    (6)    6 :  0.393 0.406 0.200 
387 NS_SS1453    (5)    6 :  0.507 0.271 0.222 
388 NS_SS1442    (2)    6 :  0.249 0.452 0.299 
389 NS_SS1422    (1)    6 :  0.297 0.271 0.432 
390 NS_SS1419    (1)    6 :  0.195 0.564 0.242 
391 NS_SS1427    (0)    6 :  0.625 0.094 0.281 
392 NS_SS1444    (3)    6 :  0.178 0.520 0.301 
393 NS_SS1455    (0)    6 :  0.143 0.297 0.560 
394 NS_SS1425    (2)    6 :  0.626 0.257 0.117 
395 NS_SS1400    (0)    6 :  0.450 0.360 0.190 
396 NS_SS1406    (1)    6 :  0.152 0.440 0.408 
397 NS_SS1417    (6)    6 :  0.345 0.362 0.293 
398 NS_SS1454    (2)    6 :  0.460 0.317 0.223 
399 NS_SS1412    (1)    6 :  0.409 0.284 0.308 
400 NS_SS1438    (1)    6 :  0.540 0.344 0.116 
401 NS_SS1416    (4)    6 :  0.326 0.364 0.310 
402 NS_SS1401    (0)    6 :  0.401 0.278 0.321 
403 NS_SS1424    (6)    6 :  0.429 0.299 0.272 
404 NS_SS1435    (9)    6 :  0.266 0.331 0.403 
405 NS_SS1447    (4)    6 :  0.173 0.518 0.309 
406 NS_SS1414    (3)    6 :  0.136 0.520 0.344 
407 NS_SS1449   (14)    6 :  0.298 0.226 0.476 
408 NS_SS1443    (4)    6 :  0.524 0.158 0.319 
409 NS_SS1434    (1)    6 :  0.277 0.122 0.601 
410 NS_SS1398    (1)    6 :  0.222 0.276 0.501 
411 NS_SS1426    (1)    6 :  0.593 0.238 0.169 
412 NS_SS1413    (0)    6 :  0.434 0.208 0.358 
413 NS_SS1395    (1)    6 :  0.549 0.238 0.213 
414 NS_SS1448   (10)    6 :  0.314 0.360 0.326 
415 NS_SS1446    (0)    6 :  0.548 0.225 0.227 
416 NS_SS1403    (2)    6 :  0.334 0.286 0.380 
417 NS_SS1415    (0)    6 :  0.479 0.301 0.220 
418 NS_SS1437    (4)    6 :  0.255 0.380 0.364 
419 NS_SS1439    (2)    6 :  0.330 0.377 0.293 
420 NS_SS1441    (3)    6 :  0.503 0.191 0.306 
421 NS_SS1420    (2)    6 :  0.138 0.538 0.324 
422 NS_SS1394    (2)    6 :  0.161 0.487 0.353 
423 NS_SS1391    (7)    6 :  0.415 0.133 0.452 
424 NS_SS1410    (5)    6 :  0.454 0.240 0.306 
425 NS_SS1408    (1)    6 :  0.239 0.445 0.316 
426 NS_SS1409    (1)    6 :  0.397 0.141 0.462 
427 HI_SS0617    (1)    7 :  0.435 0.174 0.391 
428 HI_SS0618    (2)    7 :  0.200 0.378 0.422 
429 HI_SS0619    (0)    7 :  0.309 0.264 0.427 
430 HI_SS0620    (1)    7 :  0.575 0.262 0.163 
431 HI_SS0621    (3)    7 :  0.214 0.354 0.433 
432 HI_SS0622    (1)    7 :  0.253 0.405 0.342 
433 HI_SS0626    (0)    7 :  0.254 0.534 0.212 
434 HI_SS0627    (0)    7 :  0.237 0.310 0.453 
435 HI_SS0628    (3)    7 :  0.465 0.254 0.282 
436 HI_SS0629    (1)    7 :  0.408 0.390 0.201 
437 HI_SS0630    (1)    7 :  0.407 0.302 0.291 
438 HI_SS0631    (0)    7 :  0.367 0.392 0.241 
439 HI_SS0632    (0)    7 :  0.219 0.538 0.243 
440 HI_SS0633    (0)    7 :  0.211 0.185 0.603 
441 HI_SS0634    (1)    7 :  0.316 0.379 0.305 
442 HI_SS0635    (0)    7 :  0.178 0.491 0.331 
443 HI_SS0637    (1)    7 :  0.283 0.516 0.201 
444 HI_SS0638    (0)    7 :  0.278 0.304 0.419 
445 HI_SS0639    (1)    7 :  0.167 0.455 0.378 
446 HI_SS0640    (1)    7 :  0.239 0.434 0.327 
447 HI_SS0641    (1)    7 :  0.460 0.400 0.140 
448 HI_SS0642    (0)    7 :  0.240 0.312 0.448 
449 HI_SS0645    (0)    7 :  0.101 0.485 0.414 
450 HI_SS0646    (1)    7 :  0.308 0.199 0.494 
451 HI_SS0647    (1)    7 :  0.235 0.270 0.494 
452 HI_SS0648    (0)    7 :  0.271 0.401 0.328 
453 HI_SS0649    (1)    7 :  0.376 0.293 0.331 
454 HI_SS0650    (1)    7 :  0.188 0.178 0.634 
455 HI_SS0651    (1)    7 :  0.283 0.329 0.388 
456 HI_SS0652    (1)    7 :  0.144 0.484 0.372 
457 NS_SS1371    (3)    7 :  0.525 0.174 0.301 
458 NS_SS1374    (0)    7 :  0.484 0.286 0.230 
459 NS_SS1337    (3)    7 :  0.151 0.427 0.423 
460 NS_SS1385    (5)    7 :  0.302 0.238 0.460 
461 NS_SS1388    (0)    7 :  0.334 0.267 0.399 
462 NS_SS1370    (1)    7 :  0.138 0.679 0.183 
463 NS_SS1389    (3)    7 :  0.192 0.339 0.469 
464 NS_SS1360    (1)    7 :  0.374 0.468 0.158 
465 NS_SS1330    (0)    7 :  0.154 0.498 0.348 
466 NS_SS1328    (8)    7 :  0.407 0.133 0.461 
467 NS_SS1384    (1)    7 :  0.383 0.408 0.209 
468 NS_SS1381    (0)    7 :  0.120 0.178 0.701 
469 NS_SS1375    (1)    7 :  0.197 0.281 0.522 
470 NS_SS1319   (10)    7 :  0.340 0.316 0.343 
471 NS_SS1326    (2)    7 :  0.552 0.152 0.296 
472 NS_SS1341    (1)    7 :  0.470 0.343 0.187 
473 NS_SS1383    (1)    7 :  0.322 0.407 0.271 
474 NS_SS1318    (3)    7 :  0.244 0.441 0.315 
475 NS_SS1348    (2)    7 :  0.590 0.276 0.135 
476 NS_SS1363    (0)    7 :  0.188 0.495 0.317 
477 NS_SS1335    (4)    7 :  0.402 0.451 0.147 
478 NS_SS1358    (0)    7 :  0.421 0.339 0.240 
479 NS_SS1342    (1)    7 :  0.514 0.205 0.282 
480 NS_SS1320    (2)    7 :  0.068 0.170 0.762 
481 NS_SS1355    (1)    7 :  0.191 0.464 0.345 
482 NS_SS1345    (1)    7 :  0.103 0.511 0.386 
483 NS_SS1324    (0)    7 :  0.435 0.347 0.218 
484 NS_SS1347    (5)    7 :  0.345 0.335 0.320 
485 NS_SS1321    (4)    7 :  0.542 0.260 0.198 
486 NS_SS1333    (0)    7 :  0.558 0.196 0.246 
487 NS_SS1364    (1)    7 :  0.372 0.386 0.241 
488 NS_SS1379    (0)    7 :  0.242 0.301 0.457 
489 NS_SS1332    (0)    7 :  0.590 0.228 0.183 
490 NS_SS1338    (5)    7 :  0.429 0.429 0.143 
491 NS_SS1368    (6)    7 :  0.481 0.265 0.254 
492 NS_SS1354    (1)    7 :  0.292 0.396 0.312 
493 NS_SS1365    (0)    7 :  0.181 0.392 0.427 
494 NS_SS1380    (1)    7 :  0.161 0.484 0.354 
495 NS_SS1329    (8)    7 :  0.519 0.207 0.274 
496 NS_SS1362    (0)    7 :  0.343 0.301 0.356 
497 NS_SS1327    (2)    7 :  0.803 0.106 0.091 
498 NS_SS1350    (0)    7 :  0.401 0.098 0.501 
499 NS_SS1387    (2)    7 :  0.236 0.549 0.216 
500 NS_SS1369    (8)    7 :  0.430 0.327 0.243 
501 NS_SS1331    (1)    7 :  0.311 0.351 0.338 
502 NS_SS1357    (4)    7 :  0.327 0.102 0.571 
503 NS_SS1386    (1)    7 :  0.692 0.158 0.150 
504 NS_SS1353    (2)    7 :  0.232 0.178 0.590 
505 NS_SS1323    (0)    7 :  0.152 0.342 0.506 
506 HI_SS0296    (0)    8 :  0.413 0.330 0.257 
507 HI_SS0297    (0)    8 :  0.253 0.216 0.531 
508 HI_SS0299    (0)    8 :  0.353 0.385 0.262 
509 HI_SS0300    (0)    8 :  0.275 0.437 0.288 
510 HI_SS0301    (0)    8 :  0.192 0.660 0.148 
511 HI_SS0302    (0)    8 :  0.330 0.507 0.163 
512 HI_SS0303    (0)    8 :  0.489 0.168 0.343 
513 HI_SS0304    (0)    8 :  0.216 0.335 0.450 
514 HI_SS0306    (5)    8 :  0.454 0.345 0.202 
515 HI_SS0307    (1)    8 :  0.207 0.391 0.402 
516 HI_SS0308    (1)    8 :  0.232 0.536 0.233 
517 HI_SS0309    (0)    8 :  0.236 0.476 0.289 
518 HI_SS0310    (0)    8 :  0.233 0.329 0.437 
519 HI_SS0311    (3)    8 :  0.247 0.507 0.246 
520 HI_SS0314    (0)    8 :  0.258 0.200 0.542 
521 HI_SS0316    (1)    8 :  0.424 0.271 0.304 
522 HI_SS0317    (3)    8 :  0.278 0.440 0.282 
523 HI_SS0318    (1)    8 :  0.600 0.241 0.159 
524 HI_SS0319    (0)    8 :  0.737 0.128 0.135 
525 HI_SS0320    (3)    8 :  0.192 0.301 0.507 
526 HI_SS0321    (0)    8 :  0.486 0.239 0.275 
527 HI_SS0323    (1)    8 :  0.468 0.312 0.220 
528 HI_SS0325    (2)    8 :  0.379 0.432 0.189 
529 HI_SS0327    (1)    8 :  0.534 0.141 0.325 
530 HI_SS0329    (1)    8 :  0.208 0.394 0.398 
531 HI_SS0333    (1)    8 :  0.369 0.296 0.335 
532 HI_SS0334    (1)    8 :  0.516 0.303 0.181 
533 HI_SS0335    (1)    8 :  0.156 0.480 0.364 
534 HI_SS0339    (0)    8 :  0.160 0.518 0.322 
535 HI_SS0343    (2)    8 :  0.196 0.335 0.468 
536 HI_SS0344    (1)    8 :  0.748 0.127 0.124 
537 HI_SS0345    (3)    8 :  0.226 0.481 0.293 
538 HI_SS0346    (0)    8 :  0.396 0.320 0.283 
539 HI_SS0350    (1)    8 :  0.094 0.534 0.371 
540 HI_SS0351    (0)    8 :  0.276 0.409 0.315 
541 HI_SS0352    (3)    8 :  0.219 0.354 0.426 
542 HI_SS0362    (0)    8 :  0.236 0.508 0.256 
543 HI_SS0363    (1)    8 :  0.560 0.174 0.265 
544 HI_SS0365    (0)    8 :  0.526 0.181 0.293 
545 HI_SS0366    (0)    8 :  0.673 0.167 0.160 
546 HI_SS0367    (1)    8 :  0.180 0.355 0.464 
547 HI_SS0369    (1)    8 :  0.161 0.433 0.406 
548 HI_SS0370    (0)    8 :  0.323 0.140 0.537 
549 HI_SS0371    (4)    8 :  0.475 0.330 0.195 
550 HI_SS0373    (3)    8 :  0.297 0.324 0.379 
551 HI_SS0374    (0)    8 :  0.213 0.339 0.448 
552 HI_SS0377    (0)    8 :  0.336 0.476 0.188 
553 HI_SS0379    (1)    8 :  0.777 0.127 0.097 
554 HI_SS0380    (1)    8 :  0.220 0.352 0.428 
555 HI_SS0381    (2)    8 :  0.159 0.552 0.289 
556 HI_SS0384    (3)    8 :  0.445 0.179 0.376 
557 HI_SS0385    (1)    8 :  0.306 0.372 0.322 


Estimated Allele Frequencies in each cluster
First column gives estimated ancestral frequencies


Locus 1 : 
2 alleles
3.4% missing data
   1   (0.737) 0.738 0.723 0.755 
   2   (0.263) 0.262 0.277 0.245 

Locus 2 : 
2 alleles
4.3% missing data
   1   (0.887) 0.902 0.899 0.868 
   2   (0.113) 0.098 0.101 0.132 

Locus 3 : 
2 alleles
3.9% missing data
   1   (0.864) 0.868 0.870 0.863 
   2   (0.136) 0.132 0.130 0.137 

Locus 4 : 
2 alleles
2.7% missing data
   1   (0.889) 0.897 0.882 0.898 
   2   (0.111) 0.103 0.118 0.102 

Locus 5 : 
2 alleles
2.7% missing data
   1   (0.822) 0.817 0.831 0.826 
   2   (0.178) 0.183 0.169 0.174 

Locus 6 : 
2 alleles
3.2% missing data
   1   (0.792) 0.773 0.804 0.805 
   2   (0.208) 0.227 0.196 0.195 

Locus 7 : 
2 alleles
3.8% missing data
   1   (0.805) 0.801 0.795 0.825 
   2   (0.195) 0.199 0.205 0.175 

Locus 8 : 
2 alleles
4.8% missing data
   1   (0.705) 0.699 0.723 0.698 
   2   (0.295) 0.301 0.277 0.302 

Locus 9 : 
2 alleles
3.1% missing data
   1   (0.793) 0.768 0.807 0.809 
   2   (0.207) 0.232 0.193 0.191 

Locus 10 : 
2 alleles
4.7% missing data
   1   (0.891) 0.883 0.890 0.908 
   2   (0.109) 0.117 0.110 0.092 

Locus 11 : 
2 alleles
3.2% missing data
   1   (0.864) 0.846 0.868 0.883 
   2   (0.136) 0.154 0.132 0.117 

Locus 12 : 
2 alleles
4.8% missing data
   1   (0.730) 0.743 0.738 0.719 
   2   (0.270) 0.257 0.262 0.281 

Locus 13 : 
2 alleles
4.7% missing data
   1   (0.887) 0.884 0.890 0.898 
   2   (0.113) 0.116 0.110 0.102 

Locus 14 : 
2 alleles
3.9% missing data
   1   (0.878) 0.873 0.875 0.894 
   2   (0.122) 0.127 0.125 0.106 

Locus 15 : 
2 alleles
3.9% missing data
   1   (0.504) 0.515 0.507 0.494 
   2   (0.496) 0.485 0.493 0.506 

Locus 16 : 
2 alleles
4.3% missing data
   1   (0.608) 0.570 0.645 0.607 
   2   (0.392) 0.430 0.355 0.393 

Locus 17 : 
2 alleles
4.1% missing data
   1   (0.775) 0.769 0.791 0.769 
   2   (0.225) 0.231 0.209 0.231 

Locus 18 : 
2 alleles
2.3% missing data
   1   (0.895) 0.912 0.894 0.891 
   2   (0.105) 0.088 0.106 0.109 

Locus 19 : 
2 alleles
4.3% missing data
   1   (0.711) 0.699 0.730 0.707 
   2   (0.289) 0.301 0.270 0.293 

Locus 20 : 
2 alleles
3.2% missing data
   1   (0.883) 0.890 0.881 0.891 
   2   (0.117) 0.110 0.119 0.109 

Locus 21 : 
2 alleles
3.4% missing data
   1   (0.561) 0.507 0.588 0.576 
   2   (0.439) 0.493 0.412 0.424 

Locus 22 : 
2 alleles
4.8% missing data
   1   (0.856) 0.855 0.862 0.859 
   2   (0.144) 0.145 0.138 0.141 

Locus 23 : 
2 alleles
4.3% missing data
   1   (0.883) 0.888 0.896 0.873 
   2   (0.117) 0.112 0.104 0.127 

Locus 24 : 
2 alleles
3.2% missing data
   1   (0.541) 0.542 0.557 0.529 
   2   (0.459) 0.458 0.443 0.471 

Locus 25 : 
2 alleles
4.3% missing data
   2   (0.471) 0.480 0.457 0.477 
   1   (0.529) 0.520 0.543 0.523 

Locus 26 : 
2 alleles
4.3% missing data
   1   (0.841) 0.858 0.850 0.825 
   2   (0.159) 0.142 0.150 0.175 

Locus 27 : 
2 alleles
2.2% missing data
   1   (0.601) 0.621 0.603 0.583 
   2   (0.399) 0.379 0.397 0.417 

Locus 28 : 
2 alleles
4.1% missing data
   1   (0.862) 0.868 0.850 0.878 
   2   (0.138) 0.132 0.150 0.122 

Locus 29 : 
2 alleles
1.8% missing data
   1   (0.882) 0.886 0.884 0.884 
   2   (0.118) 0.114 0.116 0.116 

Locus 30 : 
2 alleles
4.5% missing data
   1   (0.868) 0.869 0.876 0.868 
   2   (0.132) 0.131 0.124 0.132 

Locus 31 : 
2 alleles
4.3% missing data
   1   (0.789) 0.800 0.785 0.792 
   2   (0.211) 0.200 0.215 0.208 

Locus 32 : 
2 alleles
2.0% missing data
   1   (0.735) 0.738 0.745 0.732 
   2   (0.265) 0.262 0.255 0.268 

Locus 33 : 
2 alleles
3.6% missing data
   1   (0.763) 0.741 0.756 0.795 
   2   (0.237) 0.259 0.244 0.205 

Locus 34 : 
2 alleles
3.6% missing data
   1   (0.812) 0.825 0.794 0.824 
   2   (0.188) 0.175 0.206 0.176 

Locus 35 : 
2 alleles
3.8% missing data
   1   (0.868) 0.891 0.855 0.870 
   2   (0.132) 0.109 0.145 0.130 

Locus 36 : 
2 alleles
2.9% missing data
   1   (0.758) 0.759 0.760 0.760 
   2   (0.242) 0.241 0.240 0.240 

Locus 37 : 
2 alleles
2.2% missing data
   1   (0.742) 0.736 0.752 0.742 
   2   (0.258) 0.264 0.248 0.258 

Locus 38 : 
2 alleles
1.4% missing data
   1   (0.872) 0.843 0.887 0.887 
   2   (0.128) 0.157 0.113 0.113 

Locus 39 : 
2 alleles
3.2% missing data
   1   (0.704) 0.736 0.690 0.693 
   2   (0.296) 0.264 0.310 0.307 

Locus 40 : 
2 alleles
3.8% missing data
   1   (0.573) 0.553 0.567 0.598 
   2   (0.427) 0.447 0.433 0.402 

Locus 41 : 
2 alleles
3.4% missing data
   1   (0.881) 0.878 0.896 0.879 
   2   (0.119) 0.122 0.104 0.121 

Locus 42 : 
2 alleles
4.5% missing data
   2   (0.237) 0.183 0.236 0.279 
   1   (0.763) 0.817 0.764 0.721 

Locus 43 : 
2 alleles
2.0% missing data
   1   (0.820) 0.818 0.820 0.830 
   2   (0.180) 0.182 0.180 0.170 

Locus 44 : 
2 alleles
4.7% missing data
   1   (0.584) 0.571 0.591 0.589 
   2   (0.416) 0.429 0.409 0.411 

Locus 45 : 
2 alleles
3.2% missing data
   1   (0.871) 0.871 0.882 0.872 
   2   (0.129) 0.129 0.118 0.128 

Locus 46 : 
2 alleles
2.3% missing data
   1   (0.779) 0.787 0.792 0.762 
   2   (0.221) 0.213 0.208 0.238 

Locus 47 : 
2 alleles
4.5% missing data
   1   (0.886) 0.893 0.894 0.883 
   2   (0.114) 0.107 0.106 0.117 

Locus 48 : 
2 alleles
4.5% missing data
   1   (0.816) 0.822 0.824 0.808 
   2   (0.184) 0.178 0.176 0.192 

Locus 49 : 
2 alleles
4.5% missing data
   1   (0.817) 0.823 0.830 0.809 
   2   (0.183) 0.177 0.170 0.191 

Locus 50 : 
2 alleles
3.4% missing data
   1   (0.659) 0.658 0.652 0.665 
   2   (0.341) 0.342 0.348 0.335 

Locus 51 : 
2 alleles
1.4% missing data
   1   (0.602) 0.609 0.599 0.598 
   2   (0.398) 0.391 0.401 0.402 

Locus 52 : 
2 alleles
4.1% missing data
   1   (0.659) 0.662 0.665 0.652 
   2   (0.341) 0.338 0.335 0.348 

Locus 53 : 
2 alleles
4.5% missing data
   1   (0.852) 0.839 0.848 0.873 
   2   (0.148) 0.161 0.152 0.127 

Locus 54 : 
2 alleles
3.8% missing data
   1   (0.864) 0.878 0.869 0.859 
   2   (0.136) 0.122 0.131 0.141 

Locus 55 : 
2 alleles
3.2% missing data
   1   (0.883) 0.881 0.903 0.872 
   2   (0.117) 0.119 0.097 0.128 

Locus 56 : 
2 alleles
3.2% missing data
   1   (0.799) 0.807 0.807 0.786 
   2   (0.201) 0.193 0.193 0.214 

Locus 57 : 
2 alleles
4.5% missing data
   1   (0.663) 0.683 0.652 0.657 
   2   (0.337) 0.317 0.348 0.343 

Locus 58 : 
2 alleles
4.1% missing data
   1   (0.841) 0.860 0.833 0.833 
   2   (0.159) 0.140 0.167 0.167 

Locus 59 : 
2 alleles
4.8% missing data
   1   (0.818) 0.850 0.809 0.808 
   2   (0.182) 0.150 0.191 0.192 

Locus 60 : 
2 alleles
2.5% missing data
   1   (0.860) 0.852 0.858 0.878 
   2   (0.140) 0.148 0.142 0.122 

Locus 61 : 
2 alleles
3.9% missing data
   1   (0.778) 0.774 0.786 0.782 
   2   (0.222) 0.226 0.214 0.218 

Locus 62 : 
2 alleles
2.0% missing data
   1   (0.842) 0.814 0.856 0.861 
   2   (0.158) 0.186 0.144 0.139 

Locus 63 : 
2 alleles
4.1% missing data
   1   (0.759) 0.748 0.771 0.759 
   2   (0.241) 0.252 0.229 0.241 

Locus 64 : 
2 alleles
3.2% missing data
   1   (0.872) 0.898 0.869 0.858 
   2   (0.128) 0.102 0.131 0.142 

Locus 65 : 
2 alleles
2.7% missing data
   1   (0.869) 0.876 0.862 0.882 
   2   (0.131) 0.124 0.138 0.118 

Locus 66 : 
2 alleles
2.0% missing data
   1   (0.592) 0.621 0.571 0.586 
   2   (0.408) 0.379 0.429 0.414 

Locus 67 : 
2 alleles
4.8% missing data
   1   (0.788) 0.764 0.805 0.798 
   2   (0.212) 0.236 0.195 0.202 

Locus 68 : 
2 alleles
4.5% missing data
   1   (0.729) 0.710 0.732 0.745 
   2   (0.271) 0.290 0.268 0.255 

Locus 69 : 
2 alleles
2.9% missing data
   1   (0.593) 0.598 0.573 0.609 
   2   (0.407) 0.402 0.427 0.391 

Locus 70 : 
2 alleles
4.8% missing data
   1   (0.665) 0.646 0.686 0.664 
   2   (0.335) 0.354 0.314 0.336 

Locus 71 : 
2 alleles
4.1% missing data
   1   (0.819) 0.852 0.814 0.803 
   2   (0.181) 0.148 0.186 0.197 

Locus 72 : 
2 alleles
3.1% missing data
   1   (0.879) 0.891 0.887 0.872 
   2   (0.121) 0.109 0.113 0.128 

Locus 73 : 
2 alleles
4.5% missing data
   1   (0.731) 0.751 0.705 0.742 
   2   (0.269) 0.249 0.295 0.258 

Locus 74 : 
2 alleles
4.3% missing data
   1   (0.671) 0.690 0.666 0.658 
   2   (0.329) 0.310 0.334 0.342 

Locus 75 : 
2 alleles
2.0% missing data
   1   (0.895) 0.885 0.912 0.895 
   2   (0.105) 0.115 0.088 0.105 

Locus 76 : 
2 alleles
4.8% missing data
   2   (0.206) 0.219 0.220 0.177 
   1   (0.794) 0.781 0.780 0.823 

Locus 77 : 
2 alleles
2.0% missing data
   2   (0.268) 0.268 0.286 0.246 
   1   (0.732) 0.732 0.714 0.754 

Locus 78 : 
2 alleles
3.4% missing data
   1   (0.814) 0.825 0.827 0.802 
   2   (0.186) 0.175 0.173 0.198 

Locus 79 : 
2 alleles
4.8% missing data
   2   (0.255) 0.243 0.271 0.242 
   1   (0.745) 0.757 0.729 0.758 

Locus 80 : 
2 alleles
3.6% missing data
   1   (0.690) 0.719 0.697 0.662 
   2   (0.310) 0.281 0.303 0.338 

Locus 81 : 
2 alleles
2.2% missing data
   1   (0.807) 0.812 0.808 0.810 
   2   (0.193) 0.188 0.192 0.190 

Locus 82 : 
2 alleles
3.4% missing data
   1   (0.752) 0.770 0.717 0.778 
   2   (0.248) 0.230 0.283 0.222 

Locus 83 : 
2 alleles
4.8% missing data
   1   (0.699) 0.740 0.673 0.697 
   2   (0.301) 0.260 0.327 0.303 

Locus 84 : 
2 alleles
4.5% missing data
   1   (0.785) 0.803 0.770 0.791 
   2   (0.215) 0.197 0.230 0.209 

Locus 85 : 
2 alleles
3.2% missing data
   1   (0.764) 0.781 0.784 0.738 
   2   (0.236) 0.219 0.216 0.262 

Locus 86 : 
2 alleles
3.6% missing data
   1   (0.734) 0.712 0.727 0.764 
   2   (0.266) 0.288 0.273 0.236 

Locus 87 : 
2 alleles
2.7% missing data
   1   (0.882) 0.882 0.899 0.871 
   2   (0.118) 0.118 0.101 0.129 

Locus 88 : 
2 alleles
4.3% missing data
   1   (0.745) 0.738 0.748 0.755 
   2   (0.255) 0.262 0.252 0.245 

Locus 89 : 
2 alleles
3.9% missing data
   1   (0.772) 0.785 0.752 0.786 
   2   (0.228) 0.215 0.248 0.214 

Locus 90 : 
2 alleles
1.6% missing data
   1   (0.820) 0.824 0.807 0.837 
   2   (0.180) 0.176 0.193 0.163 

Locus 91 : 
2 alleles
4.8% missing data
   1   (0.879) 0.894 0.869 0.887 
   2   (0.121) 0.106 0.131 0.113 

Locus 92 : 
2 alleles
2.9% missing data
   1   (0.615) 0.626 0.596 0.627 
   2   (0.385) 0.374 0.404 0.373 

Locus 93 : 
2 alleles
3.6% missing data
   1   (0.766) 0.785 0.773 0.751 
   2   (0.234) 0.215 0.227 0.249 

Locus 94 : 
2 alleles
3.4% missing data
   1   (0.893) 0.892 0.902 0.897 
   2   (0.107) 0.108 0.098 0.103 

Locus 95 : 
2 alleles
3.9% missing data
   1   (0.668) 0.651 0.686 0.669 
   2   (0.332) 0.349 0.314 0.331 

Locus 96 : 
2 alleles
3.1% missing data
   1   (0.765) 0.781 0.767 0.753 
   2   (0.235) 0.219 0.233 0.247 

Locus 97 : 
2 alleles
0.9% missing data
   1   (0.837) 0.852 0.817 0.849 
   2   (0.163) 0.148 0.183 0.151 

Locus 98 : 
2 alleles
4.8% missing data
   1   (0.881) 0.872 0.883 0.894 
   2   (0.119) 0.128 0.117 0.106 

Locus 99 : 
2 alleles
3.2% missing data
   2   (0.383) 0.429 0.356 0.371 
   1   (0.617) 0.571 0.644 0.629 

Locus 100 : 
2 alleles
4.7% missing data
   1   (0.814) 0.818 0.821 0.813 
   2   (0.186) 0.182 0.179 0.187 

Locus 101 : 
2 alleles
2.3% missing data
   1   (0.786) 0.779 0.788 0.797 
   2   (0.214) 0.221 0.212 0.203 

Locus 102 : 
2 alleles
1.4% missing data
   1   (0.869) 0.876 0.867 0.875 
   2   (0.131) 0.124 0.133 0.125 

Locus 103 : 
2 alleles
3.4% missing data
   1   (0.654) 0.649 0.644 0.674 
   2   (0.346) 0.351 0.356 0.326 

Locus 104 : 
