

----------------------------------------------------
STRUCTURE by Pritchard, Stephens and Donnelly (2000)
     and Falush, Stephens and Pritchard (2003)
       Code by Pritchard, Falush and Hubisz
             Version 2.3.4 (Jul 2012)
----------------------------------------------------



Command line arguments:   /home/genobiwan/Documents/Programs/Structure/structure -m parameter_job_k4_r3 
Input File:    /media/genobiwan/Storage/Projets/Mackerel_NWA_2021/data_job_k4_r3

Run parameters:
   557 individuals
   3930 loci
   4 populations assumed
   10000 Burn-in period
   100000 Reps


--------------------------------------------
Proportion of membership of each pre-defined
 population in each of the 4 clusters

Given    Inferred Clusters              Number of
 Pop       1      2      3      4      Individuals

  1:     0.228  0.259  0.273  0.240       67
  2:     0.209  0.264  0.223  0.303       32
  3:     0.229  0.270  0.274  0.227       92
  4:     0.271  0.231  0.249  0.250       36
  5:     0.263  0.232  0.270  0.234       41
  6:     0.261  0.247  0.244  0.249      158
  7:     0.248  0.255  0.245  0.252       79
  8:     0.265  0.255  0.254  0.225       52
--------------------------------------------

Allele-freq. divergence among pops (Net nucleotide distance),
computed using point estimates of P.

      1       2       3       4      
 1      -    0.0024  0.0021  0.0024  
 2   0.0024     -    0.0017  0.0022  
 3   0.0021  0.0017     -    0.0019  
 4   0.0024  0.0022  0.0019     -    

Average distances (expected heterozygosity) between individuals in same cluster:
cluster  1  : 0.3124 
cluster  2  : 0.3124 
cluster  3  : 0.3130 
cluster  4  : 0.3143 

--------------------------------------------
Estimated Ln Prob of Data   = -2069998.1
Mean value of ln likelihood = -2063308.0
Variance of ln likelihood   = 13380.2
Mean value of alpha         = 1.7361

Mean value of Fst_1         = 0.0244
Mean value of Fst_2         = 0.0225
Mean value of Fst_3         = 0.0197
Mean value of Fst_4         = 0.0234


Inferred ancestry of individuals:
        Label (%Miss) Pop:  Inferred clusters
  1 NS_SS0963    (4)    1 :  0.146 0.204 0.455 0.196 
  2 NS_SS0983    (1)    1 :  0.466 0.205 0.197 0.132 
  3 NS_SS0719    (8)    1 :  0.253 0.284 0.260 0.203 
  4 NS_SS1001    (8)    1 :  0.126 0.289 0.185 0.400 
  5 NS_SS0936    (4)    1 :  0.142 0.113 0.374 0.371 
  6 NS_SS0955    (5)    1 :  0.302 0.195 0.373 0.130 
  7 NS_SS0944    (3)    1 :  0.228 0.206 0.344 0.222 
  8 NS_SS0945    (3)    1 :  0.274 0.215 0.155 0.356 
  9 NS_SS0922    (2)    1 :  0.122 0.254 0.197 0.427 
 10 NS_SS0929    (7)    1 :  0.312 0.201 0.314 0.174 
 11 NS_SS0956    (2)    1 :  0.110 0.487 0.158 0.245 
 12 NS_SS0906    (3)    1 :  0.257 0.194 0.381 0.169 
 13 NS_SS0721    (6)    1 :  0.187 0.506 0.146 0.161 
 14 NS_SS0982    (4)    1 :  0.163 0.250 0.405 0.182 
 15 NS_SS0923    (5)    1 :  0.178 0.270 0.300 0.252 
 16 NS_SS0905    (6)    1 :  0.232 0.350 0.208 0.211 
 17 NS_SS0925    (3)    1 :  0.117 0.239 0.345 0.300 
 18 NS_SS0947    (5)    1 :  0.174 0.169 0.322 0.335 
 19 NS_SS0926    (2)    1 :  0.429 0.201 0.261 0.110 
 20 NS_SS0918    (6)    1 :  0.112 0.315 0.425 0.149 
 21 NS_SS0966    (4)    1 :  0.171 0.219 0.407 0.202 
 22 NS_SS0938    (2)    1 :  0.137 0.159 0.258 0.445 
 23 NS_SS0917    (2)    1 :  0.386 0.192 0.161 0.260 
 24 NS_SS0957   (11)    1 :  0.184 0.432 0.215 0.169 
 25 NS_SS0987    (1)    1 :  0.186 0.543 0.170 0.101 
 26 NS_SS0717    (4)    1 :  0.124 0.337 0.195 0.344 
 27 NS_SS0986    (2)    1 :  0.272 0.374 0.234 0.121 
 28 NS_SS0953    (4)    1 :  0.126 0.261 0.318 0.296 
 29 NS_SS0907    (3)    1 :  0.218 0.156 0.473 0.152 
 30 NS_SS0974    (6)    1 :  0.251 0.133 0.325 0.291 
 31 NS_SS0989    (1)    1 :  0.449 0.128 0.168 0.255 
 32 NS_SS0991    (2)    1 :  0.259 0.328 0.335 0.077 
 33 NS_SS0994    (2)    1 :  0.551 0.091 0.112 0.246 
 34 NS_SS0931    (6)    1 :  0.358 0.283 0.244 0.115 
 35 NS_SS1000    (5)    1 :  0.142 0.172 0.304 0.382 
 36 NS_SS0919    (1)    1 :  0.268 0.145 0.466 0.120 
 37 NS_SS0949    (3)    1 :  0.389 0.173 0.187 0.250 
 38 NS_SS0960   (10)    1 :  0.294 0.284 0.308 0.114 
 39 NS_SS0716    (2)    1 :  0.125 0.527 0.084 0.264 
 40 NS_SS0924    (8)    1 :  0.270 0.211 0.393 0.126 
 41 NS_SS0935    (1)    1 :  0.391 0.310 0.162 0.137 
 42 NS_SS0952   (13)    1 :  0.365 0.155 0.341 0.140 
 43 NS_SS0962   (10)    1 :  0.140 0.322 0.250 0.288 
 44 NS_SS0973    (5)    1 :  0.180 0.160 0.466 0.194 
 45 NS_SS0722    (1)    1 :  0.095 0.146 0.193 0.565 
 46 NS_SS0979   (13)    1 :  0.139 0.377 0.291 0.192 
 47 NS_SS0993    (2)    1 :  0.107 0.241 0.333 0.319 
 48 NS_SS0958    (1)    1 :  0.365 0.216 0.213 0.206 
 49 NS_SS0988    (4)    1 :  0.281 0.221 0.372 0.127 
 50 NS_SS1003    (2)    1 :  0.100 0.387 0.388 0.126 
 51 NS_SS0976    (0)    1 :  0.342 0.179 0.327 0.152 
 52 NS_SS0964   (10)    1 :  0.102 0.316 0.173 0.410 
 53 NS_SS0939    (4)    1 :  0.099 0.450 0.072 0.379 
 54 NS_SS0990    (6)    1 :  0.332 0.281 0.146 0.241 
 55 NS_SS0984    (2)    1 :  0.103 0.255 0.183 0.459 
 56 NS_SS0980    (9)    1 :  0.139 0.113 0.374 0.373 
 57 NS_SS0978    (4)    1 :  0.177 0.150 0.297 0.376 
 58 NS_SS0951   (17)    1 :  0.272 0.430 0.193 0.105 
 59 NS_SS0913    (3)    1 :  0.161 0.406 0.164 0.269 
 60 NS_SS1002    (1)    1 :  0.122 0.131 0.556 0.191 
 61 NS_SS0948    (1)    1 :  0.259 0.249 0.325 0.167 
 62 NS_SS0916    (4)    1 :  0.280 0.194 0.136 0.391 
 63 NS_SS0995    (1)    1 :  0.181 0.311 0.165 0.343 
 64 NS_SS0927    (6)    1 :  0.371 0.158 0.171 0.299 
 65 NS_SS0992    (5)    1 :  0.261 0.098 0.262 0.380 
 66 NS_SS0912    (1)    1 :  0.260 0.434 0.203 0.103 
 67 NS_SS0981    (1)    1 :  0.141 0.345 0.390 0.124 
 68 NS_SS0729    (5)    2 :  0.453 0.075 0.236 0.236 
 69 NS_SS0967   (14)    2 :  0.142 0.153 0.519 0.186 
 70 NS_SS0941    (7)    2 :  0.175 0.214 0.169 0.442 
 71 NS_SS0768   (12)    2 :  0.171 0.334 0.322 0.173 
 72 NS_SS0726    (4)    2 :  0.309 0.082 0.264 0.345 
 73 NS_SS0763    (4)    2 :  0.364 0.145 0.225 0.265 
 74 NS_SS0730    (6)    2 :  0.146 0.335 0.205 0.314 
 75 NS_SS0774    (1)    2 :  0.111 0.169 0.262 0.458 
 76 NS_SS0723    (3)    2 :  0.084 0.241 0.387 0.288 
 77 NS_SS0940    (9)    2 :  0.291 0.267 0.121 0.321 
 78 NS_SS0762    (1)    2 :  0.084 0.245 0.156 0.516 
 79 NS_SS0766   (11)    2 :  0.229 0.286 0.088 0.396 
 80 NS_SS0724    (1)    2 :  0.123 0.344 0.315 0.218 
 81 NS_SS0769    (3)    2 :  0.230 0.284 0.270 0.216 
 82 NS_SS0777    (2)    2 :  0.330 0.326 0.213 0.132 
 83 NS_SS0734    (6)    2 :  0.253 0.367 0.131 0.250 
 84 NS_SS0737    (3)    2 :  0.092 0.154 0.122 0.632 
 85 NS_SS0732    (5)    2 :  0.124 0.518 0.222 0.136 
 86 NS_SS0728    (5)    2 :  0.196 0.239 0.154 0.411 
 87 NS_SS0735    (9)    2 :  0.143 0.262 0.189 0.406 
 88 NS_SS0725    (1)    2 :  0.140 0.211 0.202 0.447 
 89 NS_SS0788    (2)    2 :  0.226 0.223 0.335 0.216 
 90 NS_SS0778    (2)    2 :  0.316 0.264 0.269 0.151 
 91 NS_SS0792    (6)    2 :  0.263 0.323 0.217 0.198 
 92 NS_SS0943   (11)    2 :  0.340 0.182 0.367 0.111 
 93 NS_SS0791    (2)    2 :  0.288 0.332 0.091 0.289 
 94 NS_SS0790    (5)    2 :  0.067 0.400 0.326 0.206 
 95 NS_SS0731    (6)    2 :  0.145 0.501 0.155 0.199 
 96 NS_SS0727    (6)    2 :  0.331 0.100 0.102 0.468 
 97 NS_SS0779   (12)    2 :  0.224 0.318 0.219 0.239 
 98 NS_SS0776    (3)    2 :  0.206 0.247 0.168 0.379 
 99 NS_SS0775    (5)    2 :  0.105 0.297 0.129 0.469 
100 NS_SS0965    (3)    3 :  0.146 0.400 0.326 0.129 
101 NS_SS0754   (13)    3 :  0.336 0.304 0.193 0.167 
102 NS_SS0838    (5)    3 :  0.259 0.202 0.270 0.269 
103 NS_SS0839    (3)    3 :  0.104 0.279 0.242 0.375 
104 NS_SS0832    (4)    3 :  0.069 0.311 0.418 0.202 
105 NS_SS0820    (4)    3 :  0.104 0.362 0.351 0.183 
106 NS_SS0886    (9)    3 :  0.313 0.310 0.193 0.185 
107 NS_SS0748    (5)    3 :  0.283 0.261 0.313 0.143 
108 NS_SS0884    (9)    3 :  0.224 0.202 0.306 0.267 
109 NS_SS0752    (3)    3 :  0.171 0.179 0.274 0.377 
110 NS_SS0862    (1)    3 :  0.100 0.494 0.244 0.162 
111 NS_SS0787    (9)    3 :  0.570 0.145 0.185 0.100 
112 NS_SS0843    (6)    3 :  0.216 0.258 0.268 0.257 
113 NS_SS0856    (4)    3 :  0.242 0.204 0.137 0.417 
114 NS_SS0846    (2)    3 :  0.235 0.091 0.458 0.215 
115 NS_SS0825    (1)    3 :  0.236 0.263 0.342 0.160 
116 NS_SS0757    (3)    3 :  0.278 0.310 0.252 0.160 
117 NS_SS0876    (3)    3 :  0.191 0.251 0.237 0.321 
118 NS_SS0903    (9)    3 :  0.102 0.123 0.397 0.378 
119 NS_SS0875    (7)    3 :  0.225 0.395 0.161 0.219 
120 NS_SS0740    (5)    3 :  0.194 0.231 0.288 0.287 
121 NS_SS0811    (5)    3 :  0.099 0.569 0.180 0.152 
122 NS_SS0751    (1)    3 :  0.193 0.285 0.173 0.349 
123 NS_SS0891    (6)    3 :  0.198 0.239 0.218 0.345 
124 NS_SS0867    (2)    3 :  0.226 0.167 0.504 0.102 
125 NS_SS0890    (6)    3 :  0.234 0.233 0.263 0.269 
126 NS_SS0866   (11)    3 :  0.555 0.142 0.128 0.175 
127 NS_SS0755    (4)    3 :  0.180 0.280 0.358 0.182 
128 NS_SS0758    (4)    3 :  0.219 0.194 0.225 0.361 
129 NS_SS0840    (2)    3 :  0.086 0.270 0.426 0.218 
130 NS_SS0889    (4)    3 :  0.405 0.305 0.173 0.116 
131 NS_SS1010    (1)    3 :  0.195 0.230 0.423 0.152 
132 NS_SS0888    (5)    3 :  0.464 0.151 0.122 0.264 
133 NS_SS0837    (3)    3 :  0.105 0.396 0.376 0.124 
134 NS_SS0794    (9)    3 :  0.371 0.197 0.124 0.307 
135 NS_SS0823    (4)    3 :  0.113 0.147 0.366 0.373 
136 NS_SS0829    (7)    3 :  0.439 0.275 0.210 0.076 
137 NS_SS0844    (5)    3 :  0.075 0.138 0.675 0.112 
138 NS_SS1008    (5)    3 :  0.341 0.199 0.137 0.323 
139 NS_SS0881    (3)    3 :  0.280 0.287 0.228 0.205 
140 NS_SS0834    (6)    3 :  0.121 0.161 0.192 0.526 
141 NS_SS0744   (10)    3 :  0.234 0.205 0.337 0.224 
142 NS_SS0899    (7)    3 :  0.096 0.533 0.214 0.157 
143 NS_SS0804    (4)    3 :  0.083 0.370 0.319 0.228 
144 NS_SS0781   (10)    3 :  0.107 0.246 0.402 0.245 
145 NS_SS0822    (6)    3 :  0.244 0.181 0.237 0.337 
146 NS_SS1004    (4)    3 :  0.157 0.221 0.449 0.173 
147 NS_SS0746    (5)    3 :  0.213 0.138 0.414 0.234 
148 NS_SS0880    (3)    3 :  0.149 0.205 0.391 0.255 
149 NS_SS0879    (4)    3 :  0.161 0.236 0.264 0.338 
150 NS_SS0753    (2)    3 :  0.310 0.318 0.261 0.111 
151 NS_SS1007    (2)    3 :  0.211 0.149 0.152 0.488 
152 NS_SS0872    (5)    3 :  0.145 0.230 0.313 0.312 
153 NS_SS1005    (7)    3 :  0.140 0.165 0.457 0.238 
154 NS_SS0892    (6)    3 :  0.231 0.275 0.225 0.270 
155 NS_SS0898    (0)    3 :  0.267 0.300 0.248 0.185 
156 NS_SS0801    (9)    3 :  0.198 0.383 0.275 0.144 
157 NS_SS0827    (8)    3 :  0.252 0.477 0.188 0.084 
158 NS_SS0853    (6)    3 :  0.277 0.478 0.146 0.099 
159 NS_SS0780    (2)    3 :  0.150 0.334 0.228 0.288 
160 NS_SS0826   (10)    3 :  0.195 0.168 0.544 0.094 
161 NS_SS0818    (5)    3 :  0.085 0.312 0.264 0.340 
162 NS_SS0745    (1)    3 :  0.079 0.427 0.068 0.425 
163 NS_SS0849    (3)    3 :  0.147 0.543 0.222 0.088 
164 NS_SS0739    (3)    3 :  0.246 0.360 0.155 0.239 
165 NS_SS0799    (1)    3 :  0.318 0.225 0.161 0.296 
166 NS_SS0756    (2)    3 :  0.097 0.261 0.502 0.141 
167 NS_SS0802    (2)    3 :  0.319 0.136 0.256 0.290 
168 NS_SS0747    (6)    3 :  0.216 0.172 0.394 0.218 
169 NS_SS0835    (1)    3 :  0.482 0.108 0.227 0.182 
170 NS_SS0742   (18)    3 :  0.184 0.267 0.302 0.248 
171 NS_SS0760    (9)    3 :  0.463 0.181 0.180 0.175 
172 NS_SS0803    (4)    3 :  0.097 0.140 0.503 0.259 
173 NS_SS0828   (13)    3 :  0.211 0.421 0.197 0.171 
174 NS_SS0865    (2)    3 :  0.231 0.312 0.343 0.113 
175 NS_SS0759    (4)    3 :  0.104 0.365 0.197 0.335 
176 NS_SS0851    (5)    3 :  0.114 0.574 0.175 0.137 
177 NS_SS0874   (16)    3 :  0.126 0.184 0.465 0.226 
178 NS_SS0761    (6)    3 :  0.394 0.246 0.257 0.103 
179 NS_SS0842   (25)    3 :  0.298 0.242 0.232 0.228 
180 NS_SS0785    (6)    3 :  0.298 0.202 0.310 0.190 
181 NS_SS0860   (11)    3 :  0.510 0.121 0.221 0.147 
182 NS_SS0897    (7)    3 :  0.524 0.220 0.124 0.133 
183 NS_SS0841   (14)    3 :  0.108 0.426 0.209 0.257 
184 NS_SS0797    (6)    3 :  0.299 0.335 0.265 0.101 
185 NS_SS0830   (10)    3 :  0.229 0.335 0.276 0.160 
186 NS_SS1011    (5)    3 :  0.114 0.203 0.515 0.169 
187 NS_SS0883    (5)    3 :  0.282 0.408 0.178 0.132 
188 NS_SS0782    (2)    3 :  0.253 0.170 0.149 0.427 
189 NS_SS0831    (5)    3 :  0.403 0.353 0.139 0.105 
190 NS_SS0749    (7)    3 :  0.245 0.367 0.138 0.250 
191 NS_SS0854    (2)    3 :  0.261 0.161 0.179 0.400 
192 HI_SS0193    (0)    4 :  0.320 0.240 0.133 0.308 
193 HI_SS0194    (0)    4 :  0.139 0.149 0.211 0.501 
194 HI_SS0195    (9)    4 :  0.089 0.509 0.185 0.218 
195 HI_SS0196    (6)    4 :  0.262 0.176 0.139 0.423 
196 HI_SS0197    (3)    4 :  0.192 0.151 0.362 0.294 
197 HI_SS0198    (1)    4 :  0.272 0.356 0.206 0.166 
198 HI_SS0199    (1)    4 :  0.350 0.120 0.145 0.385 
199 HI_SS0201    (4)    4 :  0.447 0.182 0.297 0.075 
200 HI_SS0215    (1)    4 :  0.438 0.197 0.277 0.088 
201 HI_SS0218    (1)    4 :  0.514 0.202 0.089 0.194 
202 HI_SS0222    (0)    4 :  0.224 0.339 0.133 0.304 
203 HI_SS0230    (1)    4 :  0.191 0.341 0.345 0.123 
204 HI_SS0234    (1)    4 :  0.225 0.085 0.256 0.434 
205 HI_SS0240    (1)    4 :  0.174 0.187 0.127 0.513 
206 HI_SS0241    (0)    4 :  0.399 0.172 0.265 0.163 
207 HI_SS0242    (0)    4 :  0.248 0.225 0.306 0.222 
208 HI_SS0247    (0)    4 :  0.169 0.262 0.441 0.128 
209 HI_SS0248    (1)    4 :  0.384 0.109 0.147 0.360 
210 HI_SS0252    (2)    4 :  0.137 0.263 0.205 0.395 
211 HI_SS0254    (1)    4 :  0.281 0.170 0.343 0.205 
212 HI_SS0256    (0)    4 :  0.049 0.200 0.443 0.308 
213 HI_SS0257    (0)    4 :  0.389 0.070 0.323 0.217 
214 HI_SS0258    (1)    4 :  0.396 0.237 0.183 0.184 
215 HI_SS0259    (1)    4 :  0.160 0.205 0.227 0.408 
216 HI_SS0260    (1)    4 :  0.417 0.159 0.150 0.274 
217 HI_SS0261    (2)    4 :  0.252 0.127 0.328 0.292 
218 HI_SS0262    (0)    4 :  0.178 0.365 0.233 0.223 
219 HI_SS0264    (1)    4 :  0.177 0.366 0.275 0.182 
220 HI_SS0265    (0)    4 :  0.176 0.348 0.292 0.183 
221 HI_SS0268    (1)    4 :  0.301 0.355 0.133 0.212 
222 HI_SS0269    (1)    4 :  0.528 0.074 0.216 0.182 
223 HI_SS0273    (0)    4 :  0.336 0.138 0.396 0.130 
224 HI_SS0277    (1)    4 :  0.161 0.211 0.498 0.130 
225 HI_SS0280    (0)    4 :  0.194 0.454 0.122 0.231 
226 HI_SS0282    (1)    4 :  0.291 0.208 0.319 0.181 
227 HI_SS0286    (1)    4 :  0.278 0.356 0.202 0.164 
228 NS_SS1252    (3)    5 :  0.569 0.147 0.140 0.145 
229 NS_SS1261    (1)    5 :  0.262 0.254 0.289 0.196 
230 NS_SS1225    (9)    5 :  0.296 0.144 0.459 0.101 
231 NS_SS1266    (1)    5 :  0.078 0.168 0.578 0.176 
232 NS_SS1228    (0)    5 :  0.150 0.544 0.139 0.168 
233 NS_SS1255    (2)    5 :  0.179 0.124 0.144 0.553 
234 NS_SS1267    (3)    5 :  0.622 0.163 0.086 0.128 
235 NS_SS1238    (6)    5 :  0.244 0.376 0.185 0.194 
236 NS_SS1233    (8)    5 :  0.117 0.271 0.490 0.122 
237 NS_SS1277    (3)    5 :  0.352 0.191 0.087 0.370 
238 NS_SS1245    (1)    5 :  0.275 0.141 0.316 0.268 
239 NS_SS1240    (4)    5 :  0.635 0.106 0.119 0.140 
240 NS_SS1275    (2)    5 :  0.092 0.289 0.368 0.251 
241 NS_SS1235    (1)    5 :  0.163 0.064 0.330 0.443 
242 NS_SS1263    (1)    5 :  0.115 0.217 0.296 0.372 
243 NS_SS1251    (1)    5 :  0.134 0.183 0.438 0.245 
244 NS_SS1248    (0)    5 :  0.171 0.643 0.108 0.079 
245 NS_SS1244    (0)    5 :  0.202 0.179 0.476 0.143 
246 NS_SS1257    (0)    5 :  0.426 0.191 0.154 0.230 
247 NS_SS1242    (2)    5 :  0.125 0.244 0.267 0.364 
248 NS_SS1271    (6)    5 :  0.550 0.151 0.141 0.158 
249 NS_SS1265    (1)    5 :  0.447 0.178 0.226 0.149 
250 NS_SS1243    (0)    5 :  0.152 0.438 0.124 0.287 
251 NS_SS1273    (1)    5 :  0.110 0.287 0.212 0.391 
252 NS_SS1254   (14)    5 :  0.143 0.252 0.381 0.223 
253 NS_SS1224    (1)    5 :  0.116 0.370 0.319 0.195 
254 NS_SS1227    (8)    5 :  0.404 0.127 0.201 0.268 
255 NS_SS1274    (8)    5 :  0.337 0.242 0.190 0.230 
256 NS_SS1241    (1)    5 :  0.288 0.175 0.379 0.158 
257 NS_SS1256    (3)    5 :  0.258 0.103 0.482 0.156 
258 NS_SS1260    (8)    5 :  0.441 0.129 0.212 0.218 
259 NS_SS1262    (0)    5 :  0.282 0.235 0.366 0.117 
260 NS_SS1230    (0)    5 :  0.301 0.238 0.251 0.210 
261 NS_SS1270    (2)    5 :  0.118 0.398 0.389 0.095 
262 NS_SS1229    (2)    5 :  0.112 0.063 0.285 0.540 
263 NS_SS1246    (5)    5 :  0.383 0.120 0.194 0.303 
264 NS_SS1269    (0)    5 :  0.187 0.302 0.230 0.282 
265 NS_SS1239    (1)    5 :  0.129 0.343 0.145 0.382 
266 NS_SS1272    (4)    5 :  0.198 0.161 0.482 0.159 
267 NS_SS1268    (1)    5 :  0.110 0.466 0.281 0.143 
268 NS_SS1249    (0)    5 :  0.519 0.101 0.125 0.255 
269 HI_SS0559    (0)    6 :  0.235 0.276 0.209 0.280 
270 HI_SS0563    (1)    6 :  0.218 0.247 0.344 0.191 
271 HI_SS0564    (0)    6 :  0.178 0.265 0.291 0.267 
272 HI_SS0565    (0)    6 :  0.293 0.159 0.381 0.166 
273 HI_SS0569    (0)    6 :  0.339 0.236 0.353 0.072 
274 HI_SS0570    (0)    6 :  0.444 0.235 0.106 0.214 
275 HI_SS0572    (1)    6 :  0.136 0.115 0.238 0.512 
276 HI_SS0576    (0)    6 :  0.131 0.453 0.167 0.250 
277 HI_SS0579    (1)    6 :  0.255 0.127 0.428 0.189 
278 HI_SS0580    (1)    6 :  0.350 0.199 0.132 0.319 
279 HI_SS0581    (0)    6 :  0.123 0.399 0.277 0.200 
280 HI_SS0583    (1)    6 :  0.440 0.116 0.175 0.269 
281 HI_SS0586    (1)    6 :  0.512 0.292 0.104 0.092 
282 HI_SS0588    (1)    6 :  0.343 0.199 0.272 0.185 
283 HI_SS0595    (4)    6 :  0.368 0.136 0.280 0.217 
284 HI_SS0596    (0)    6 :  0.107 0.166 0.132 0.595 
285 HI_SS0597    (1)    6 :  0.155 0.145 0.264 0.436 
286 HI_SS0600    (0)    6 :  0.334 0.212 0.236 0.218 
287 HI_SS0601    (1)    6 :  0.222 0.214 0.478 0.085 
288 HI_SS0602    (1)    6 :  0.343 0.388 0.096 0.173 
289 HI_SS0604    (0)    6 :  0.201 0.330 0.229 0.239 
290 HI_SS0605    (1)    6 :  0.286 0.340 0.149 0.225 
291 HI_SS0608    (0)    6 :  0.200 0.373 0.131 0.296 
292 HI_SS0609    (0)    6 :  0.124 0.160 0.475 0.241 
293 HI_SS0611    (5)    6 :  0.433 0.319 0.113 0.135 
294 HI_SS0612    (1)    6 :  0.192 0.070 0.495 0.243 
295 HI_SS0613    (1)    6 :  0.221 0.485 0.180 0.114 
296 HI_SS0615    (0)    6 :  0.096 0.303 0.166 0.435 
297 HI_SS0001    (1)    6 :  0.285 0.126 0.171 0.418 
298 HI_SS0002    (1)    6 :  0.110 0.186 0.451 0.253 
299 HI_SS0004    (0)    6 :  0.369 0.223 0.103 0.305 
300 HI_SS0005    (1)    6 :  0.179 0.525 0.174 0.121 
301 HI_SS0006    (1)    6 :  0.345 0.119 0.381 0.155 
302 HI_SS0007    (1)    6 :  0.303 0.485 0.085 0.128 
303 HI_SS0008    (0)    6 :  0.199 0.305 0.327 0.169 
304 HI_SS0009    (0)    6 :  0.111 0.404 0.127 0.358 
305 HI_SS0010    (1)    6 :  0.274 0.405 0.181 0.140 
306 HI_SS0011    (1)    6 :  0.131 0.243 0.525 0.100 
307 HI_SS0012    (0)    6 :  0.118 0.255 0.349 0.278 
308 HI_SS0017    (1)    6 :  0.139 0.156 0.121 0.584 
309 HI_SS0021    (1)    6 :  0.424 0.239 0.200 0.138 
310 HI_SS0024    (1)    6 :  0.156 0.344 0.190 0.309 
311 HI_SS0025    (1)    6 :  0.135 0.289 0.182 0.395 
312 HI_SS0027    (0)    6 :  0.329 0.293 0.212 0.166 
313 HI_SS0028    (0)    6 :  0.092 0.487 0.262 0.159 
314 HI_SS0029    (1)    6 :  0.272 0.268 0.117 0.344 
315 HI_SS0030    (2)    6 :  0.259 0.211 0.267 0.262 
316 HI_SS0031    (0)    6 :  0.158 0.123 0.432 0.286 
317 HI_SS0034    (0)    6 :  0.399 0.111 0.245 0.245 
318 HI_SS0036    (0)    6 :  0.481 0.274 0.100 0.145 
319 HI_SS0037    (1)    6 :  0.471 0.284 0.141 0.104 
320 HI_SS0039    (0)    6 :  0.326 0.410 0.154 0.110 
321 HI_SS0041    (1)    6 :  0.140 0.432 0.127 0.301 
322 HI_SS0042    (1)    6 :  0.134 0.277 0.247 0.343 
323 HI_SS0043    (1)    6 :  0.550 0.170 0.186 0.093 
324 HI_SS0044    (1)    6 :  0.319 0.160 0.081 0.440 
325 HI_SS0047    (1)    6 :  0.137 0.287 0.242 0.333 
326 HI_SS0049    (0)    6 :  0.154 0.188 0.196 0.462 
327 HI_SS0051    (1)    6 :  0.157 0.409 0.324 0.109 
328 HI_SS0053    (1)    6 :  0.446 0.119 0.250 0.185 
329 HI_SS0054    (4)    6 :  0.345 0.227 0.344 0.084 
330 HI_SS0057    (0)    6 :  0.158 0.458 0.212 0.172 
331 HI_SS0058    (0)    6 :  0.380 0.204 0.206 0.211 
332 HI_SS0060    (0)    6 :  0.179 0.401 0.289 0.130 
333 HI_SS0087    (1)    6 :  0.265 0.145 0.373 0.218 
334 HI_SS0091    (0)    6 :  0.516 0.082 0.278 0.123 
335 HI_SS0095    (1)    6 :  0.284 0.181 0.308 0.228 
336 HI_SS0097    (3)    6 :  0.147 0.160 0.548 0.145 
337 HI_SS0099    (0)    6 :  0.205 0.336 0.134 0.325 
338 HI_SS0103    (0)    6 :  0.200 0.126 0.277 0.397 
339 HI_SS0105    (1)    6 :  0.194 0.237 0.438 0.131 
340 HI_SS0107    (1)    6 :  0.098 0.135 0.205 0.562 
341 HI_SS0108    (1)    6 :  0.587 0.135 0.137 0.141 
342 HI_SS0110    (0)    6 :  0.263 0.111 0.319 0.306 
343 HI_SS0111    (1)    6 :  0.236 0.310 0.202 0.252 
344 HI_SS0112    (0)    6 :  0.548 0.166 0.123 0.163 
345 HI_SS0113    (1)    6 :  0.122 0.210 0.296 0.372 
346 HI_SS0114    (1)    6 :  0.372 0.347 0.182 0.099 
347 HI_SS0115    (1)    6 :  0.223 0.234 0.157 0.386 
348 HI_SS0116    (4)    6 :  0.403 0.112 0.099 0.387 
349 HI_SS0117    (0)    6 :  0.309 0.102 0.440 0.149 
350 HI_SS0118    (0)    6 :  0.382 0.134 0.285 0.199 
351 HI_SS0119    (1)    6 :  0.305 0.169 0.396 0.130 
352 HI_SS0120    (1)    6 :  0.113 0.114 0.223 0.551 
353 HI_SS0121    (1)    6 :  0.125 0.397 0.389 0.089 
354 HI_SS0122    (2)    6 :  0.256 0.278 0.278 0.188 
355 HI_SS0123    (0)    6 :  0.232 0.120 0.407 0.241 
356 HI_SS0124    (1)    6 :  0.090 0.297 0.131 0.482 
357 HI_SS0125    (1)    6 :  0.109 0.403 0.177 0.311 
358 HI_SS0126    (0)    6 :  0.450 0.121 0.122 0.307 
359 HI_SS0127    (0)    6 :  0.167 0.493 0.235 0.105 
360 HI_SS0128    (0)    6 :  0.180 0.128 0.279 0.413 
361 HI_SS0129    (1)    6 :  0.370 0.197 0.119 0.314 
362 HI_SS0131    (2)    6 :  0.285 0.355 0.284 0.076 
363 HI_SS0132    (0)    6 :  0.224 0.290 0.326 0.160 
364 HI_SS0133    (1)    6 :  0.561 0.162 0.114 0.163 
365 HI_SS0134    (1)    6 :  0.252 0.168 0.370 0.210 
366 HI_SS0142    (3)    6 :  0.195 0.213 0.454 0.138 
367 HI_SS0145    (0)    6 :  0.257 0.129 0.335 0.279 
368 HI_SS0146    (1)    6 :  0.295 0.241 0.282 0.182 
369 HI_SS0147    (1)    6 :  0.126 0.445 0.298 0.131 
370 HI_SS0149    (1)    6 :  0.228 0.141 0.521 0.111 
371 HI_SS0150    (2)    6 :  0.114 0.407 0.185 0.294 
372 HI_SS0151    (0)    6 :  0.227 0.219 0.139 0.416 
373 NS_SS1451    (1)    6 :  0.102 0.364 0.155 0.379 
374 NS_SS1404    (0)    6 :  0.185 0.454 0.183 0.179 
375 NS_SS1432    (2)    6 :  0.132 0.274 0.167 0.427 
376 NS_SS1405    (4)    6 :  0.238 0.222 0.162 0.378 
377 NS_SS1431   (10)    6 :  0.109 0.258 0.229 0.404 
378 NS_SS1402    (3)    6 :  0.261 0.126 0.355 0.257 
379 NS_SS1450    (3)    6 :  0.336 0.200 0.113 0.351 
380 NS_SS1396    (0)    6 :  0.223 0.328 0.250 0.199 
381 NS_SS1393    (5)    6 :  0.324 0.248 0.172 0.256 
382 NS_SS1392   (10)    6 :  0.150 0.292 0.080 0.478 
383 NS_SS1445    (0)    6 :  0.387 0.187 0.317 0.109 
384 NS_SS1423    (0)    6 :  0.299 0.120 0.258 0.324 
385 NS_SS1421    (9)    6 :  0.303 0.185 0.289 0.223 
386 NS_SS1411    (6)    6 :  0.330 0.449 0.092 0.129 
387 NS_SS1453    (5)    6 :  0.391 0.218 0.234 0.157 
388 NS_SS1442    (2)    6 :  0.206 0.255 0.325 0.214 
389 NS_SS1422    (1)    6 :  0.180 0.118 0.371 0.330 
390 NS_SS1419    (1)    6 :  0.162 0.381 0.340 0.116 
391 NS_SS1427    (0)    6 :  0.481 0.091 0.076 0.352 
392 NS_SS1444    (3)    6 :  0.158 0.400 0.231 0.212 
393 NS_SS1455    (0)    6 :  0.110 0.166 0.343 0.381 
394 NS_SS1425    (2)    6 :  0.497 0.198 0.205 0.100 
395 NS_SS1400    (0)    6 :  0.400 0.247 0.235 0.119 
396 NS_SS1406    (1)    6 :  0.090 0.164 0.565 0.181 
397 NS_SS1417    (6)    6 :  0.248 0.186 0.370 0.196 
398 NS_SS1454    (2)    6 :  0.362 0.255 0.252 0.130 
399 NS_SS1412    (1)    6 :  0.317 0.263 0.172 0.248 
400 NS_SS1438    (1)    6 :  0.427 0.251 0.227 0.094 
401 NS_SS1416    (4)    6 :  0.244 0.304 0.259 0.193 
402 NS_SS1401    (0)    6 :  0.294 0.154 0.313 0.239 
403 NS_SS1424    (6)    6 :  0.279 0.199 0.331 0.191 
404 NS_SS1435    (9)    6 :  0.202 0.366 0.102 0.330 
405 NS_SS1447    (4)    6 :  0.148 0.348 0.321 0.183 
406 NS_SS1414    (3)    6 :  0.131 0.399 0.246 0.224 
407 NS_SS1449   (14)    6 :  0.186 0.187 0.264 0.362 
408 NS_SS1443    (4)    6 :  0.368 0.076 0.241 0.315 
409 NS_SS1434    (1)    6 :  0.197 0.086 0.142 0.575 
410 NS_SS1398    (1)    6 :  0.186 0.281 0.130 0.403 
411 NS_SS1426    (1)    6 :  0.488 0.164 0.174 0.175 
412 NS_SS1413    (0)    6 :  0.352 0.126 0.210 0.312 
413 NS_SS1395    (1)    6 :  0.396 0.138 0.258 0.208 
414 NS_SS1448   (10)    6 :  0.285 0.395 0.100 0.220 
415 NS_SS1446    (0)    6 :  0.368 0.152 0.264 0.216 
416 NS_SS1403    (2)    6 :  0.205 0.251 0.265 0.279 
417 NS_SS1415    (0)    6 :  0.368 0.259 0.172 0.200 
418 NS_SS1437    (4)    6 :  0.202 0.295 0.291 0.211 
419 NS_SS1439    (2)    6 :  0.219 0.152 0.425 0.204 
420 NS_SS1441    (3)    6 :  0.343 0.128 0.219 0.310 
421 NS_SS1420    (2)    6 :  0.117 0.634 0.085 0.164 
422 NS_SS1394    (2)    6 :  0.136 0.491 0.167 0.206 
423 NS_SS1391    (7)    6 :  0.304 0.109 0.131 0.457 
424 NS_SS1410    (5)    6 :  0.344 0.198 0.209 0.249 
425 NS_SS1408    (1)    6 :  0.165 0.263 0.364 0.209 
426 NS_SS1409    (1)    6 :  0.280 0.098 0.153 0.470 
427 HI_SS0617    (1)    7 :  0.332 0.165 0.132 0.371 
428 HI_SS0618    (2)    7 :  0.176 0.366 0.166 0.292 
429 HI_SS0619    (0)    7 :  0.260 0.266 0.136 0.338 
430 HI_SS0620    (1)    7 :  0.449 0.275 0.108 0.168 
431 HI_SS0621    (3)    7 :  0.165 0.224 0.307 0.304 
432 HI_SS0622    (1)    7 :  0.207 0.234 0.352 0.208 
433 HI_SS0626    (0)    7 :  0.215 0.530 0.133 0.122 
434 HI_SS0627    (0)    7 :  0.171 0.252 0.263 0.314 
435 HI_SS0628    (3)    7 :  0.394 0.271 0.144 0.191 
436 HI_SS0629    (1)    7 :  0.327 0.267 0.277 0.129 
437 HI_SS0630    (1)    7 :  0.279 0.311 0.156 0.254 
438 HI_SS0631    (0)    7 :  0.288 0.374 0.157 0.181 
439 HI_SS0632    (0)    7 :  0.191 0.439 0.232 0.138 
440 HI_SS0633    (0)    7 :  0.179 0.137 0.145 0.540 
441 HI_SS0634    (1)    7 :  0.247 0.348 0.206 0.199 
442 HI_SS0635    (0)    7 :  0.141 0.393 0.232 0.234 
443 HI_SS0637    (1)    7 :  0.225 0.279 0.400 0.096 
444 HI_SS0638    (0)    7 :  0.224 0.273 0.200 0.304 
445 HI_SS0639    (1)    7 :  0.134 0.351 0.262 0.254 
446 HI_SS0640    (1)    7 :  0.165 0.263 0.310 0.262 
447 HI_SS0641    (1)    7 :  0.396 0.383 0.126 0.095 
448 HI_SS0642    (0)    7 :  0.131 0.230 0.371 0.268 
449 HI_SS0645    (0)    7 :  0.081 0.569 0.124 0.225 
450 HI_SS0646    (1)    7 :  0.187 0.102 0.303 0.408 
451 HI_SS0647    (1)    7 :  0.182 0.210 0.258 0.350 
452 HI_SS0648    (0)    7 :  0.212 0.286 0.245 0.257 
453 HI_SS0649    (1)    7 :  0.276 0.214 0.226 0.283 
454 HI_SS0650    (1)    7 :  0.142 0.163 0.131 0.564 
455 HI_SS0651    (1)    7 :  0.214 0.239 0.251 0.295 
456 HI_SS0652    (1)    7 :  0.119 0.491 0.136 0.254 
457 NS_SS1371    (3)    7 :  0.341 0.099 0.268 0.292 
458 NS_SS1374    (0)    7 :  0.400 0.251 0.155 0.194 
459 NS_SS1337    (3)    7 :  0.119 0.361 0.283 0.238 
460 NS_SS1385    (5)    7 :  0.181 0.128 0.277 0.414 
461 NS_SS1388    (0)    7 :  0.288 0.278 0.136 0.298 
462 NS_SS1370    (1)    7 :  0.096 0.688 0.128 0.088 
463 NS_SS1389    (3)    7 :  0.195 0.394 0.113 0.299 
464 NS_SS1360    (1)    7 :  0.304 0.339 0.235 0.122 
465 NS_SS1330    (0)    7 :  0.113 0.353 0.277 0.258 
466 NS_SS1328    (8)    7 :  0.316 0.091 0.146 0.446 
467 NS_SS1384    (1)    7 :  0.246 0.210 0.399 0.145 
468 NS_SS1381    (0)    7 :  0.092 0.156 0.182 0.570 
469 NS_SS1375    (1)    7 :  0.163 0.308 0.090 0.438 
470 NS_SS1319   (10)    7 :  0.247 0.258 0.221 0.274 
471 NS_SS1326    (2)    7 :  0.465 0.150 0.097 0.287 
472 NS_SS1341    (1)    7 :  0.358 0.148 0.375 0.119 
473 NS_SS1383    (1)    7 :  0.223 0.313 0.279 0.185 
474 NS_SS1318    (3)    7 :  0.231 0.341 0.197 0.232 
475 NS_SS1348    (2)    7 :  0.404 0.181 0.290 0.125 
476 NS_SS1363    (0)    7 :  0.154 0.335 0.321 0.189 
477 NS_SS1335    (4)    7 :  0.267 0.260 0.388 0.085 
478 NS_SS1358    (0)    7 :  0.254 0.141 0.452 0.154 
479 NS_SS1342    (1)    7 :  0.325 0.079 0.419 0.177 
480 NS_SS1320    (2)    7 :  0.059 0.103 0.233 0.604 
481 NS_SS1355    (1)    7 :  0.140 0.216 0.390 0.255 
482 NS_SS1345    (1)    7 :  0.080 0.157 0.604 0.159 
483 NS_SS1324    (0)    7 :  0.361 0.278 0.194 0.167 
484 NS_SS1347    (5)    7 :  0.204 0.203 0.337 0.256 
485 NS_SS1321    (4)    7 :  0.402 0.223 0.218 0.157 
486 NS_SS1333    (0)    7 :  0.425 0.218 0.144 0.213 
487 NS_SS1364    (1)    7 :  0.301 0.145 0.424 0.130 
488 NS_SS1379    (0)    7 :  0.193 0.227 0.223 0.357 
489 NS_SS1332    (0)    7 :  0.492 0.185 0.172 0.151 
490 NS_SS1338    (5)    7 :  0.313 0.406 0.158 0.123 
491 NS_SS1368    (6)    7 :  0.359 0.124 0.376 0.141 
492 NS_SS1354    (1)    7 :  0.196 0.190 0.431 0.182 
493 NS_SS1365    (0)    7 :  0.155 0.331 0.258 0.256 
494 NS_SS1380    (1)    7 :  0.142 0.268 0.424 0.166 
495 NS_SS1329    (8)    7 :  0.334 0.084 0.420 0.162 
496 NS_SS1362    (0)    7 :  0.226 0.153 0.307 0.314 
497 NS_SS1327    (2)    7 :  0.641 0.150 0.076 0.133 
498 NS_SS1350    (0)    7 :  0.287 0.080 0.094 0.539 
499 NS_SS1387    (2)    7 :  0.196 0.512 0.156 0.136 
500 NS_SS1369    (8)    7 :  0.307 0.214 0.352 0.127 
501 NS_SS1331    (1)    7 :  0.256 0.409 0.150 0.185 
502 NS_SS1357    (4)    7 :  0.252 0.072 0.118 0.558 
503 NS_SS1386    (1)    7 :  0.495 0.087 0.316 0.101 
504 NS_SS1353    (2)    7 :  0.193 0.159 0.174 0.474 
505 NS_SS1323    (0)    7 :  0.118 0.188 0.399 0.295 
506 HI_SS0296    (0)    8 :  0.310 0.375 0.116 0.198 
507 HI_SS0297    (0)    8 :  0.157 0.180 0.229 0.435 
508 HI_SS0299    (0)    8 :  0.240 0.254 0.328 0.177 
509 HI_SS0300    (0)    8 :  0.207 0.352 0.233 0.208 
510 HI_SS0301    (0)    8 :  0.157 0.539 0.238 0.066 
511 HI_SS0302    (0)    8 :  0.293 0.408 0.184 0.114 
512 HI_SS0303    (0)    8 :  0.394 0.135 0.162 0.309 
513 HI_SS0304    (0)    8 :  0.212 0.361 0.112 0.314 
514 HI_SS0306    (5)    8 :  0.373 0.311 0.171 0.145 
515 HI_SS0307    (1)    8 :  0.142 0.265 0.325 0.267 
516 HI_SS0308    (1)    8 :  0.153 0.361 0.344 0.142 
517 HI_SS0309    (0)    8 :  0.153 0.209 0.480 0.158 
518 HI_SS0310    (0)    8 :  0.227 0.263 0.189 0.321 
519 HI_SS0311    (3)    8 :  0.196 0.387 0.269 0.148 
520 HI_SS0314    (0)    8 :  0.214 0.164 0.180 0.442 
521 HI_SS0316    (1)    8 :  0.340 0.202 0.227 0.230 
522 HI_SS0317    (3)    8 :  0.188 0.350 0.274 0.188 
523 HI_SS0318    (1)    8 :  0.458 0.204 0.209 0.129 
524 HI_SS0319    (0)    8 :  0.532 0.096 0.215 0.157 
525 HI_SS0320    (3)    8 :  0.161 0.312 0.165 0.361 
526 HI_SS0321    (0)    8 :  0.342 0.189 0.219 0.250 
527 HI_SS0323    (1)    8 :  0.394 0.277 0.145 0.184 
528 HI_SS0325    (2)    8 :  0.355 0.340 0.184 0.121 
529 HI_SS0327    (1)    8 :  0.323 0.060 0.253 0.365 
530 HI_SS0329    (1)    8 :  0.182 0.405 0.180 0.233 
531 HI_SS0333    (1)    8 :  0.278 0.255 0.210 0.258 
532 HI_SS0334    (1)    8 :  0.383 0.197 0.275 0.145 
533 HI_SS0335    (1)    8 :  0.120 0.181 0.517 0.182 
534 HI_SS0339    (0)    8 :  0.146 0.330 0.331 0.193 
535 HI_SS0343    (2)    8 :  0.121 0.110 0.495 0.273 
536 HI_SS0344    (1)    8 :  0.632 0.105 0.131 0.132 
537 HI_SS0345    (3)    8 :  0.193 0.344 0.338 0.125 
538 HI_SS0346    (0)    8 :  0.310 0.319 0.191 0.181 
539 HI_SS0350    (1)    8 :  0.074 0.236 0.497 0.193 
540 HI_SS0351    (0)    8 :  0.157 0.120 0.579 0.144 
541 HI_SS0352    (3)    8 :  0.164 0.231 0.342 0.262 
542 HI_SS0362    (0)    8 :  0.178 0.521 0.147 0.154 
543 HI_SS0363    (1)    8 :  0.393 0.106 0.228 0.273 
544 HI_SS0365    (0)    8 :  0.371 0.134 0.227 0.267 
545 HI_SS0366    (0)    8 :  0.506 0.160 0.162 0.172 
546 HI_SS0367    (1)    8 :  0.143 0.229 0.318 0.311 
547 HI_SS0369    (1)    8 :  0.135 0.378 0.206 0.280 
548 HI_SS0370    (0)    8 :  0.194 0.085 0.199 0.522 
549 HI_SS0371    (4)    8 :  0.407 0.320 0.144 0.128 
550 HI_SS0373    (3)    8 :  0.237 0.285 0.158 0.321 
551 HI_SS0374    (0)    8 :  0.177 0.254 0.240 0.329 
552 HI_SS0377    (0)    8 :  0.211 0.164 0.530 0.095 
553 HI_SS0379    (1)    8 :  0.634 0.101 0.184 0.081 
554 HI_SS0380    (1)    8 :  0.173 0.230 0.320 0.277 
555 HI_SS0381    (2)    8 :  0.116 0.313 0.405 0.166 
556 HI_SS0384    (3)    8 :  0.348 0.151 0.125 0.376 
557 HI_SS0385    (1)    8 :  0.290 0.393 0.098 0.219 


Estimated Allele Frequencies in each cluster
First column gives estimated ancestral frequencies


Locus 1 : 
2 alleles
3.4% missing data
   1   (0.736) 0.727 0.708 0.753 0.765 
   2   (0.264) 0.273 0.292 0.247 0.235 

Locus 2 : 
2 alleles
4.3% missing data
   1   (0.885) 0.908 0.907 0.886 0.856 
   2   (0.115) 0.092 0.093 0.114 0.144 

Locus 3 : 
2 alleles
3.9% missing data
   1   (0.862) 0.866 0.857 0.885 0.860 
   2   (0.138) 0.134 0.143 0.115 0.140 

Locus 4 : 
2 alleles
2.7% missing data
   1   (0.886) 0.900 0.883 0.877 0.909 
   2   (0.114) 0.100 0.117 0.123 0.091 

Locus 5 : 
2 alleles
2.7% missing data
   1   (0.823) 0.805 0.831 0.850 0.813 
   2   (0.177) 0.195 0.169 0.150 0.187 

Locus 6 : 
2 alleles
3.2% missing data
   1   (0.791) 0.762 0.816 0.795 0.803 
   2   (0.209) 0.238 0.184 0.205 0.197 

Locus 7 : 
2 alleles
3.8% missing data
   1   (0.803) 0.789 0.789 0.810 0.841 
   2   (0.197) 0.211 0.211 0.190 0.159 

Locus 8 : 
2 alleles
4.8% missing data
   1   (0.704) 0.693 0.727 0.719 0.689 
   2   (0.296) 0.307 0.273 0.281 0.311 

Locus 9 : 
2 alleles
3.1% missing data
   1   (0.792) 0.755 0.812 0.806 0.806 
   2   (0.208) 0.245 0.188 0.194 0.194 

Locus 10 : 
2 alleles
4.7% missing data
   1   (0.889) 0.881 0.891 0.880 0.924 
   2   (0.111) 0.119 0.109 0.120 0.076 

Locus 11 : 
2 alleles
3.2% missing data
   1   (0.863) 0.827 0.855 0.892 0.888 
   2   (0.137) 0.173 0.145 0.108 0.112 

Locus 12 : 
2 alleles
4.8% missing data
   1   (0.730) 0.742 0.744 0.736 0.711 
   2   (0.270) 0.258 0.256 0.264 0.289 

Locus 13 : 
2 alleles
4.7% missing data
   1   (0.885) 0.879 0.886 0.891 0.907 
   2   (0.115) 0.121 0.114 0.109 0.093 

Locus 14 : 
2 alleles
3.9% missing data
   1   (0.875) 0.868 0.882 0.868 0.904 
   2   (0.125) 0.132 0.118 0.132 0.096 

Locus 15 : 
2 alleles
3.9% missing data
   1   (0.505) 0.529 0.510 0.496 0.487 
   2   (0.495) 0.471 0.490 0.504 0.513 

Locus 16 : 
2 alleles
4.3% missing data
   1   (0.607) 0.566 0.680 0.594 0.589 
   2   (0.393) 0.434 0.320 0.406 0.411 

Locus 17 : 
2 alleles
4.1% missing data
   1   (0.773) 0.762 0.794 0.787 0.763 
   2   (0.227) 0.238 0.206 0.213 0.237 

Locus 18 : 
2 alleles
2.3% missing data
   1   (0.893) 0.920 0.900 0.881 0.895 
   2   (0.107) 0.080 0.100 0.119 0.105 

Locus 19 : 
2 alleles
4.3% missing data
   1   (0.709) 0.696 0.739 0.716 0.699 
   2   (0.291) 0.304 0.261 0.284 0.301 

Locus 20 : 
2 alleles
3.2% missing data
   1   (0.884) 0.908 0.914 0.827 0.902 
   2   (0.116) 0.092 0.086 0.173 0.098 

Locus 21 : 
2 alleles
3.4% missing data
   1   (0.560) 0.474 0.561 0.625 0.569 
   2   (0.440) 0.526 0.439 0.375 0.431 

Locus 22 : 
2 alleles
4.8% missing data
   1   (0.853) 0.848 0.858 0.871 0.856 
   2   (0.147) 0.152 0.142 0.129 0.144 

Locus 23 : 
2 alleles
4.3% missing data
   1   (0.883) 0.891 0.886 0.917 0.847 
   2   (0.117) 0.109 0.114 0.083 0.153 

Locus 24 : 
2 alleles
3.2% missing data
   1   (0.542) 0.539 0.570 0.544 0.516 
   2   (0.458) 0.461 0.430 0.456 0.484 

Locus 25 : 
2 alleles
4.3% missing data
   2   (0.469) 0.489 0.468 0.429 0.498 
   1   (0.531) 0.511 0.532 0.571 0.502 

Locus 26 : 
2 alleles
4.3% missing data
   1   (0.839) 0.863 0.852 0.840 0.822 
   2   (0.161) 0.137 0.148 0.160 0.178 

Locus 27 : 
2 alleles
2.2% missing data
   1   (0.600) 0.636 0.609 0.588 0.576 
   2   (0.400) 0.364 0.391 0.412 0.424 

Locus 28 : 
2 alleles
4.1% missing data
   1   (0.861) 0.878 0.876 0.810 0.901 
   2   (0.139) 0.122 0.124 0.190 0.099 

Locus 29 : 
2 alleles
1.8% missing data
   1   (0.879) 0.884 0.871 0.899 0.885 
   2   (0.121) 0.116 0.129 0.101 0.115 

Locus 30 : 
2 alleles
4.5% missing data
   1   (0.865) 0.878 0.877 0.866 0.863 
   2   (0.135) 0.122 0.123 0.134 0.137 

Locus 31 : 
2 alleles
4.3% missing data
   1   (0.787) 0.801 0.804 0.749 0.816 
   2   (0.213) 0.199 0.196 0.251 0.184 

Locus 32 : 
2 alleles
2.0% missing data
   1   (0.734) 0.742 0.770 0.710 0.732 
   2   (0.266) 0.258 0.230 0.290 0.268 

Locus 33 : 
2 alleles
3.6% missing data
   1   (0.760) 0.737 0.772 0.737 0.812 
   2   (0.240) 0.263 0.228 0.263 0.188 

Locus 34 : 
2 alleles
3.6% missing data
   1   (0.810) 0.831 0.770 0.824 0.833 
   2   (0.190) 0.169 0.230 0.176 0.167 

Locus 35 : 
2 alleles
3.8% missing data
   1   (0.866) 0.900 0.853 0.854 0.879 
   2   (0.134) 0.100 0.147 0.146 0.121 

Locus 36 : 
2 alleles
2.9% missing data
   1   (0.757) 0.755 0.750 0.776 0.758 
   2   (0.243) 0.245 0.250 0.224 0.242 

Locus 37 : 
2 alleles
2.2% missing data
   1   (0.742) 0.723 0.733 0.774 0.742 
   2   (0.258) 0.277 0.267 0.226 0.258 

Locus 38 : 
2 alleles
1.4% missing data
   1   (0.871) 0.823 0.878 0.901 0.888 
   2   (0.129) 0.177 0.122 0.099 0.112 

Locus 39 : 
2 alleles
3.2% missing data
   1   (0.703) 0.752 0.678 0.700 0.697 
   2   (0.297) 0.248 0.322 0.300 0.303 

Locus 40 : 
2 alleles
3.8% missing data
   1   (0.572) 0.548 0.553 0.566 0.624 
   2   (0.428) 0.452 0.447 0.434 0.376 

Locus 41 : 
2 alleles
3.4% missing data
   1   (0.879) 0.884 0.914 0.863 0.879 
   2   (0.121) 0.116 0.086 0.137 0.121 

Locus 42 : 
2 alleles
4.5% missing data
   2   (0.234) 0.158 0.205 0.269 0.301 
   1   (0.766) 0.842 0.795 0.731 0.699 

Locus 43 : 
2 alleles
2.0% missing data
   1   (0.817) 0.816 0.820 0.818 0.836 
   2   (0.183) 0.184 0.180 0.182 0.164 

Locus 44 : 
2 alleles
4.7% missing data
   1   (0.582) 0.575 0.584 0.591 0.584 
   2   (0.418) 0.425 0.416 0.409 0.416 

Locus 45 : 
2 alleles
3.2% missing data
   1   (0.869) 0.877 0.899 0.846 0.878 
   2   (0.131) 0.123 0.101 0.154 0.122 

Locus 46 : 
2 alleles
2.3% missing data
   1   (0.779) 0.792 0.790 0.813 0.727 
   2   (0.221) 0.208 0.210 0.187 0.273 

Locus 47 : 
2 alleles
4.5% missing data
   1   (0.884) 0.894 0.896 0.895 0.875 
   2   (0.116) 0.106 0.104 0.105 0.125 

Locus 48 : 
2 alleles
4.5% missing data
   1   (0.815) 0.816 0.806 0.849 0.799 
   2   (0.185) 0.184 0.194 0.151 0.201 

Locus 49 : 
2 alleles
4.5% missing data
   1   (0.817) 0.835 0.862 0.782 0.805 
   2   (0.183) 0.165 0.138 0.218 0.195 

Locus 50 : 
2 alleles
3.4% missing data
   1   (0.657) 0.655 0.623 0.697 0.659 
   2   (0.343) 0.345 0.377 0.303 0.341 

Locus 51 : 
2 alleles
1.4% missing data
   1   (0.601) 0.608 0.581 0.631 0.586 
   2   (0.399) 0.392 0.419 0.369 0.414 

Locus 52 : 
2 alleles
4.1% missing data
   1   (0.657) 0.664 0.658 0.671 0.645 
   2   (0.343) 0.336 0.342 0.329 0.355 

Locus 53 : 
2 alleles
4.5% missing data
   1   (0.852) 0.821 0.835 0.879 0.879 
   2   (0.148) 0.179 0.165 0.121 0.121 

Locus 54 : 
2 alleles
3.8% missing data
   1   (0.862) 0.891 0.882 0.843 0.860 
   2   (0.138) 0.109 0.118 0.157 0.140 

Locus 55 : 
2 alleles
3.2% missing data
   1   (0.881) 0.888 0.903 0.903 0.846 
   2   (0.119) 0.112 0.097 0.097 0.154 

Locus 56 : 
2 alleles
3.2% missing data
   1   (0.797) 0.809 0.789 0.831 0.770 
   2   (0.203) 0.191 0.211 0.169 0.230 

Locus 57 : 
2 alleles
4.5% missing data
   1   (0.662) 0.684 0.631 0.683 0.659 
   2   (0.338) 0.316 0.369 0.317 0.341 

Locus 58 : 
2 alleles
4.1% missing data
   1   (0.840) 0.860 0.806 0.874 0.829 
   2   (0.160) 0.140 0.194 0.126 0.171 

Locus 59 : 
2 alleles
4.8% missing data
   1   (0.817) 0.861 0.815 0.797 0.815 
   2   (0.183) 0.139 0.185 0.203 0.185 

Locus 60 : 
2 alleles
2.5% missing data
   1   (0.859) 0.846 0.846 0.874 0.887 
   2   (0.141) 0.154 0.154 0.126 0.113 

Locus 61 : 
2 alleles
3.9% missing data
   1   (0.775) 0.776 0.803 0.758 0.786 
   2   (0.225) 0.224 0.197 0.242 0.214 

Locus 62 : 
2 alleles
2.0% missing data
   1   (0.841) 0.797 0.867 0.850 0.861 
   2   (0.159) 0.203 0.133 0.150 0.139 

Locus 63 : 
2 alleles
4.1% missing data
   1   (0.756) 0.741 0.760 0.780 0.757 
   2   (0.244) 0.259 0.240 0.220 0.243 

Locus 64 : 
2 alleles
3.2% missing data
   1   (0.872) 0.901 0.848 0.896 0.854 
