

----------------------------------------------------
STRUCTURE by Pritchard, Stephens and Donnelly (2000)
     and Falush, Stephens and Pritchard (2003)
       Code by Pritchard, Falush and Hubisz
             Version 2.3.4 (Jul 2012)
----------------------------------------------------



Command line arguments:   /home/genobiwan/Documents/Programs/Structure/structure -m parameter_job_k3_r3 
Input File:    /media/genobiwan/Storage/Projets/Mackerel_NWA_2021/data_job_k3_r3

Run parameters:
   557 individuals
   3930 loci
   3 populations assumed
   10000 Burn-in period
   100000 Reps


--------------------------------------------
Proportion of membership of each pre-defined
 population in each of the 3 clusters

Given    Inferred Clusters       Number of
 Pop       1      2      3      Individuals

  1:     0.363  0.302  0.335       67
  2:     0.322  0.283  0.395       32
  3:     0.378  0.306  0.316       92
  4:     0.301  0.366  0.333       36
  5:     0.340  0.349  0.311       41
  6:     0.324  0.347  0.329      158
  7:     0.335  0.329  0.337       79
  8:     0.349  0.345  0.305       52
--------------------------------------------

Allele-freq. divergence among pops (Net nucleotide distance),
computed using point estimates of P.

      1       2       3      
 1      -    0.0010  0.0006  
 2   0.0010     -    0.0010  
 3   0.0006  0.0010     -    

Average distances (expected heterozygosity) between individuals in same cluster:
cluster  1  : 0.3135 
cluster  2  : 0.3139 
cluster  3  : 0.3148 

--------------------------------------------
Estimated Ln Prob of Data   = -2069316.8
Mean value of ln likelihood = -2064765.8
Variance of ln likelihood   = 9101.9
Mean value of alpha         = 1.2309

Mean value of Fst_1         = 0.0094
Mean value of Fst_2         = 0.0110
Mean value of Fst_3         = 0.0097


Inferred ancestry of individuals:
        Label (%Miss) Pop:  Inferred clusters
  1 NS_SS0963    (4)    1 :  0.399 0.288 0.313 
  2 NS_SS0983    (1)    1 :  0.275 0.583 0.141 
  3 NS_SS0719    (8)    1 :  0.344 0.403 0.254 
  4 NS_SS1001    (8)    1 :  0.377 0.128 0.495 
  5 NS_SS0936    (4)    1 :  0.181 0.214 0.605 
  6 NS_SS0955    (5)    1 :  0.406 0.429 0.165 
  7 NS_SS0944    (3)    1 :  0.391 0.318 0.291 
  8 NS_SS0945    (3)    1 :  0.198 0.297 0.504 
  9 NS_SS0922    (2)    1 :  0.306 0.151 0.543 
 10 NS_SS0929    (7)    1 :  0.299 0.467 0.235 
 11 NS_SS0956    (2)    1 :  0.502 0.125 0.373 
 12 NS_SS0906    (3)    1 :  0.402 0.362 0.236 
 13 NS_SS0721    (6)    1 :  0.537 0.240 0.223 
 14 NS_SS0982    (4)    1 :  0.486 0.225 0.290 
 15 NS_SS0923    (5)    1 :  0.369 0.244 0.387 
 16 NS_SS0905    (6)    1 :  0.419 0.324 0.257 
 17 NS_SS0925    (3)    1 :  0.445 0.148 0.407 
 18 NS_SS0947    (5)    1 :  0.279 0.212 0.509 
 19 NS_SS0926    (2)    1 :  0.264 0.570 0.166 
 20 NS_SS0918    (6)    1 :  0.617 0.128 0.255 
 21 NS_SS0966    (4)    1 :  0.455 0.239 0.307 
 22 NS_SS0938    (2)    1 :  0.187 0.160 0.653 
 23 NS_SS0917    (2)    1 :  0.162 0.552 0.286 
 24 NS_SS0957   (11)    1 :  0.448 0.264 0.288 
 25 NS_SS0987    (1)    1 :  0.691 0.168 0.141 
 26 NS_SS0717    (4)    1 :  0.420 0.140 0.440 
 27 NS_SS0986    (2)    1 :  0.518 0.272 0.209 
 28 NS_SS0953    (4)    1 :  0.450 0.149 0.401 
 29 NS_SS0907    (3)    1 :  0.437 0.317 0.246 
 30 NS_SS0974    (6)    1 :  0.230 0.376 0.394 
 31 NS_SS0989    (1)    1 :  0.119 0.632 0.249 
 32 NS_SS0991    (2)    1 :  0.596 0.305 0.099 
 33 NS_SS0994    (2)    1 :  0.101 0.717 0.183 
 34 NS_SS0931    (6)    1 :  0.479 0.361 0.160 
 35 NS_SS1000    (5)    1 :  0.245 0.147 0.608 
 36 NS_SS0919    (1)    1 :  0.310 0.474 0.215 
 37 NS_SS0949    (3)    1 :  0.216 0.554 0.229 
 38 NS_SS0960   (10)    1 :  0.383 0.476 0.141 
 39 NS_SS0716    (2)    1 :  0.453 0.104 0.443 
 40 NS_SS0924    (8)    1 :  0.459 0.375 0.166 
 41 NS_SS0935    (1)    1 :  0.412 0.452 0.136 
 42 NS_SS0952   (13)    1 :  0.294 0.537 0.169 
 43 NS_SS0962   (10)    1 :  0.345 0.169 0.485 
 44 NS_SS0973    (5)    1 :  0.399 0.322 0.279 
 45 NS_SS0722    (1)    1 :  0.181 0.111 0.709 
 46 NS_SS0979   (13)    1 :  0.537 0.168 0.295 
 47 NS_SS0993    (2)    1 :  0.395 0.149 0.456 
 48 NS_SS0958    (1)    1 :  0.289 0.468 0.243 
 49 NS_SS0988    (4)    1 :  0.437 0.359 0.204 
 50 NS_SS1003    (2)    1 :  0.626 0.130 0.244 
 51 NS_SS0976    (0)    1 :  0.296 0.452 0.252 
 52 NS_SS0964   (10)    1 :  0.349 0.124 0.527 
 53 NS_SS0939    (4)    1 :  0.323 0.083 0.594 
 54 NS_SS0990    (6)    1 :  0.240 0.328 0.433 
 55 NS_SS0984    (2)    1 :  0.264 0.102 0.635 
 56 NS_SS0980    (9)    1 :  0.198 0.299 0.503 
 57 NS_SS0978    (4)    1 :  0.194 0.313 0.493 
 58 NS_SS0951   (17)    1 :  0.592 0.274 0.133 
 59 NS_SS0913    (3)    1 :  0.463 0.163 0.373 
 60 NS_SS1002    (1)    1 :  0.332 0.186 0.481 
 61 NS_SS0948    (1)    1 :  0.459 0.298 0.243 
 62 NS_SS0916    (4)    1 :  0.151 0.446 0.403 
 63 NS_SS0995    (1)    1 :  0.276 0.306 0.418 
 64 NS_SS0927    (6)    1 :  0.155 0.520 0.325 
 65 NS_SS0992    (5)    1 :  0.128 0.403 0.469 
 66 NS_SS0912    (1)    1 :  0.576 0.235 0.190 
 67 NS_SS0981    (1)    1 :  0.584 0.178 0.238 
 68 NS_SS0729    (5)    2 :  0.133 0.649 0.218 
 69 NS_SS0967   (14)    2 :  0.430 0.281 0.289 
 70 NS_SS0941    (7)    2 :  0.183 0.230 0.587 
 71 NS_SS0768   (12)    2 :  0.537 0.215 0.248 
 72 NS_SS0726    (4)    2 :  0.131 0.551 0.318 
 73 NS_SS0763    (4)    2 :  0.205 0.549 0.246 
 74 NS_SS0730    (6)    2 :  0.339 0.166 0.496 
 75 NS_SS0774    (1)    2 :  0.165 0.193 0.642 
 76 NS_SS0723    (3)    2 :  0.336 0.161 0.503 
 77 NS_SS0940    (9)    2 :  0.210 0.369 0.421 
 78 NS_SS0762    (1)    2 :  0.279 0.096 0.625 
 79 NS_SS0766   (11)    2 :  0.232 0.281 0.488 
 80 NS_SS0724    (1)    2 :  0.580 0.140 0.281 
 81 NS_SS0769    (3)    2 :  0.344 0.319 0.337 
 82 NS_SS0777    (2)    2 :  0.459 0.331 0.210 
 83 NS_SS0734    (6)    2 :  0.355 0.330 0.315 
 84 NS_SS0737    (3)    2 :  0.139 0.103 0.757 
 85 NS_SS0732    (5)    2 :  0.648 0.152 0.201 
 86 NS_SS0728    (5)    2 :  0.228 0.248 0.524 
 87 NS_SS0735    (9)    2 :  0.331 0.172 0.497 
 88 NS_SS0725    (1)    2 :  0.237 0.163 0.600 
 89 NS_SS0788    (2)    2 :  0.276 0.373 0.351 
 90 NS_SS0778    (2)    2 :  0.322 0.453 0.225 
 91 NS_SS0792    (6)    2 :  0.384 0.415 0.201 
 92 NS_SS0943   (11)    2 :  0.463 0.397 0.139 
 93 NS_SS0791    (2)    2 :  0.235 0.414 0.351 
 94 NS_SS0790    (5)    2 :  0.613 0.074 0.313 
 95 NS_SS0731    (6)    2 :  0.540 0.141 0.319 
 96 NS_SS0727    (6)    2 :  0.102 0.446 0.451 
 97 NS_SS0779   (12)    2 :  0.398 0.271 0.331 
 98 NS_SS0776    (3)    2 :  0.246 0.226 0.528 
 99 NS_SS0775    (5)    2 :  0.223 0.144 0.633 
100 NS_SS0965    (3)    3 :  0.590 0.194 0.216 
101 NS_SS0754   (13)    3 :  0.380 0.447 0.172 
102 NS_SS0838    (5)    3 :  0.258 0.329 0.413 
103 NS_SS0839    (3)    3 :  0.295 0.131 0.574 
104 NS_SS0832    (4)    3 :  0.555 0.082 0.363 
105 NS_SS0820    (4)    3 :  0.627 0.141 0.232 
106 NS_SS0886    (9)    3 :  0.349 0.411 0.239 
107 NS_SS0748    (5)    3 :  0.426 0.375 0.199 
108 NS_SS0884    (9)    3 :  0.288 0.384 0.328 
109 NS_SS0752    (3)    3 :  0.203 0.276 0.521 
110 NS_SS0862    (1)    3 :  0.670 0.120 0.210 
111 NS_SS0787    (9)    3 :  0.166 0.722 0.112 
112 NS_SS0843    (6)    3 :  0.391 0.302 0.308 
113 NS_SS0856    (4)    3 :  0.210 0.300 0.490 
114 NS_SS0846    (2)    3 :  0.252 0.452 0.296 
115 NS_SS0825    (1)    3 :  0.402 0.318 0.280 
116 NS_SS0757    (3)    3 :  0.414 0.357 0.228 
117 NS_SS0876    (3)    3 :  0.365 0.206 0.428 
118 NS_SS0903    (9)    3 :  0.257 0.218 0.525 
119 NS_SS0875    (7)    3 :  0.391 0.236 0.372 
120 NS_SS0740    (5)    3 :  0.370 0.286 0.344 
121 NS_SS0811    (5)    3 :  0.629 0.103 0.268 
122 NS_SS0751    (1)    3 :  0.242 0.239 0.519 
123 NS_SS0891    (6)    3 :  0.272 0.247 0.481 
124 NS_SS0867    (2)    3 :  0.466 0.366 0.168 
125 NS_SS0890    (6)    3 :  0.313 0.325 0.362 
126 NS_SS0866   (11)    3 :  0.133 0.705 0.162 
127 NS_SS0755    (4)    3 :  0.509 0.263 0.228 
128 NS_SS0758    (4)    3 :  0.265 0.306 0.429 
129 NS_SS0840    (2)    3 :  0.406 0.128 0.466 
130 NS_SS0889    (4)    3 :  0.391 0.463 0.147 
131 NS_SS1010    (1)    3 :  0.381 0.347 0.272 
132 NS_SS0888    (5)    3 :  0.152 0.647 0.201 
133 NS_SS0837    (3)    3 :  0.679 0.124 0.197 
134 NS_SS0794    (9)    3 :  0.169 0.488 0.343 
135 NS_SS0823    (4)    3 :  0.363 0.135 0.501 
136 NS_SS0829    (7)    3 :  0.396 0.512 0.092 
137 NS_SS0844    (5)    3 :  0.624 0.140 0.236 
138 NS_SS1008    (5)    3 :  0.212 0.393 0.395 
139 NS_SS0881    (3)    3 :  0.291 0.385 0.325 
140 NS_SS0834    (6)    3 :  0.166 0.135 0.700 
141 NS_SS0744   (10)    3 :  0.320 0.383 0.298 
142 NS_SS0899    (7)    3 :  0.621 0.100 0.280 
143 NS_SS0804    (4)    3 :  0.525 0.113 0.362 
144 NS_SS0781   (10)    3 :  0.403 0.134 0.462 
145 NS_SS0822    (6)    3 :  0.297 0.337 0.366 
146 NS_SS1004    (4)    3 :  0.473 0.243 0.284 
147 NS_SS0746    (5)    3 :  0.400 0.272 0.328 
148 NS_SS0880    (3)    3 :  0.304 0.248 0.448 
149 NS_SS0879    (4)    3 :  0.348 0.193 0.459 
150 NS_SS0753    (2)    3 :  0.492 0.377 0.131 
151 NS_SS1007    (2)    3 :  0.137 0.300 0.562 
152 NS_SS0872    (5)    3 :  0.329 0.216 0.455 
153 NS_SS1005    (7)    3 :  0.359 0.205 0.436 
154 NS_SS0892    (6)    3 :  0.354 0.299 0.347 
155 NS_SS0898    (0)    3 :  0.359 0.361 0.281 
156 NS_SS0801    (9)    3 :  0.591 0.214 0.194 
157 NS_SS0827    (8)    3 :  0.566 0.302 0.132 
158 NS_SS0853    (6)    3 :  0.574 0.269 0.157 
159 NS_SS0780    (2)    3 :  0.372 0.177 0.450 
160 NS_SS0826   (10)    3 :  0.519 0.283 0.198 
161 NS_SS0818    (5)    3 :  0.352 0.112 0.536 
162 NS_SS0745    (1)    3 :  0.307 0.066 0.627 
163 NS_SS0849    (3)    3 :  0.687 0.165 0.148 
164 NS_SS0739    (3)    3 :  0.296 0.325 0.379 
165 NS_SS0799    (1)    3 :  0.238 0.458 0.303 
166 NS_SS0756    (2)    3 :  0.630 0.111 0.259 
167 NS_SS0802    (2)    3 :  0.195 0.466 0.339 
168 NS_SS0747    (6)    3 :  0.337 0.333 0.330 
169 NS_SS0835    (1)    3 :  0.119 0.730 0.151 
170 NS_SS0742   (18)    3 :  0.345 0.299 0.356 
171 NS_SS0760    (9)    3 :  0.231 0.566 0.202 
172 NS_SS0803    (4)    3 :  0.427 0.155 0.418 
173 NS_SS0828   (13)    3 :  0.498 0.263 0.240 
174 NS_SS0865    (2)    3 :  0.446 0.374 0.180 
175 NS_SS0759    (4)    3 :  0.427 0.122 0.451 
176 NS_SS0851    (5)    3 :  0.598 0.104 0.298 
177 NS_SS0874   (16)    3 :  0.454 0.183 0.364 
178 NS_SS0761    (6)    3 :  0.388 0.480 0.132 
179 NS_SS0842   (25)    3 :  0.301 0.417 0.281 
180 NS_SS0785    (6)    3 :  0.334 0.421 0.245 
181 NS_SS0860   (11)    3 :  0.154 0.720 0.126 
182 NS_SS0897    (7)    3 :  0.197 0.648 0.155 
183 NS_SS0841   (14)    3 :  0.517 0.110 0.374 
184 NS_SS0797    (6)    3 :  0.505 0.356 0.139 
185 NS_SS0830   (10)    3 :  0.470 0.291 0.239 
186 NS_SS1011    (5)    3 :  0.491 0.179 0.329 
187 NS_SS0883    (5)    3 :  0.423 0.408 0.169 
188 NS_SS0782    (2)    3 :  0.204 0.307 0.489 
189 NS_SS0831    (5)    3 :  0.366 0.499 0.135 
190 NS_SS0749    (7)    3 :  0.329 0.328 0.342 
191 NS_SS0854    (2)    3 :  0.207 0.412 0.381 
192 HI_SS0193    (0)    4 :  0.245 0.416 0.339 
193 HI_SS0194    (0)    4 :  0.161 0.145 0.694 
194 HI_SS0195    (9)    4 :  0.497 0.096 0.408 
195 HI_SS0196    (6)    4 :  0.165 0.285 0.551 
196 HI_SS0197    (3)    4 :  0.180 0.294 0.526 
197 HI_SS0198    (1)    4 :  0.371 0.398 0.232 
198 HI_SS0199    (1)    4 :  0.131 0.494 0.375 
199 HI_SS0201    (4)    4 :  0.294 0.613 0.092 
200 HI_SS0215    (1)    4 :  0.290 0.608 0.102 
201 HI_SS0218    (1)    4 :  0.147 0.671 0.182 
202 HI_SS0222    (0)    4 :  0.304 0.241 0.455 
203 HI_SS0230    (1)    4 :  0.566 0.221 0.213 
204 HI_SS0234    (1)    4 :  0.142 0.318 0.539 
205 HI_SS0240    (1)    4 :  0.177 0.253 0.569 
206 HI_SS0241    (0)    4 :  0.255 0.564 0.180 
207 HI_SS0242    (0)    4 :  0.379 0.323 0.298 
208 HI_SS0247    (0)    4 :  0.511 0.228 0.261 
209 HI_SS0248    (1)    4 :  0.148 0.500 0.353 
210 HI_SS0252    (2)    4 :  0.327 0.167 0.506 
211 HI_SS0254    (1)    4 :  0.332 0.403 0.264 
212 HI_SS0256    (0)    4 :  0.435 0.070 0.495 
213 HI_SS0257    (0)    4 :  0.190 0.576 0.235 
214 HI_SS0258    (1)    4 :  0.354 0.466 0.181 
215 HI_SS0259    (1)    4 :  0.199 0.227 0.574 
216 HI_SS0260    (1)    4 :  0.136 0.560 0.303 
217 HI_SS0261    (2)    4 :  0.208 0.376 0.416 
218 HI_SS0262    (0)    4 :  0.447 0.279 0.273 
219 HI_SS0264    (1)    4 :  0.499 0.166 0.335 
220 HI_SS0265    (0)    4 :  0.429 0.265 0.306 
221 HI_SS0268    (1)    4 :  0.297 0.354 0.349 
222 HI_SS0269    (1)    4 :  0.098 0.765 0.137 
223 HI_SS0273    (0)    4 :  0.326 0.520 0.154 
224 HI_SS0277    (1)    4 :  0.414 0.311 0.276 
225 HI_SS0280    (0)    4 :  0.366 0.255 0.379 
226 HI_SS0282    (1)    4 :  0.378 0.376 0.247 
227 HI_SS0286    (1)    4 :  0.434 0.385 0.181 
228 NS_SS1252    (3)    5 :  0.176 0.684 0.140 
229 NS_SS1261    (1)    5 :  0.333 0.373 0.294 
230 NS_SS1225    (9)    5 :  0.395 0.433 0.172 
231 NS_SS1266    (1)    5 :  0.559 0.110 0.331 
232 NS_SS1228    (0)    5 :  0.502 0.213 0.285 
233 NS_SS1255    (2)    5 :  0.115 0.206 0.680 
234 NS_SS1267    (3)    5 :  0.123 0.775 0.102 
235 NS_SS1238    (6)    5 :  0.351 0.274 0.375 
236 NS_SS1233    (8)    5 :  0.657 0.144 0.199 
237 NS_SS1277    (3)    5 :  0.165 0.432 0.403 
238 NS_SS1245    (1)    5 :  0.307 0.318 0.375 
239 NS_SS1240    (4)    5 :  0.119 0.766 0.115 
240 NS_SS1275    (2)    5 :  0.392 0.127 0.481 
241 NS_SS1235    (1)    5 :  0.182 0.269 0.549 
242 NS_SS1263    (1)    5 :  0.359 0.134 0.507 
243 NS_SS1251    (1)    5 :  0.436 0.195 0.369 
244 NS_SS1248    (0)    5 :  0.724 0.135 0.142 
245 NS_SS1244    (0)    5 :  0.404 0.340 0.255 
246 NS_SS1257    (0)    5 :  0.256 0.531 0.213 
247 NS_SS1242    (2)    5 :  0.301 0.147 0.552 
248 NS_SS1271    (6)    5 :  0.139 0.721 0.140 
249 NS_SS1265    (1)    5 :  0.281 0.521 0.197 
250 NS_SS1243    (0)    5 :  0.467 0.162 0.370 
251 NS_SS1273    (1)    5 :  0.342 0.126 0.532 
252 NS_SS1254   (14)    5 :  0.462 0.194 0.344 
253 NS_SS1224    (1)    5 :  0.594 0.127 0.279 
254 NS_SS1227    (8)    5 :  0.134 0.628 0.238 
255 NS_SS1274    (8)    5 :  0.262 0.456 0.282 
256 NS_SS1241    (1)    5 :  0.286 0.466 0.247 
257 NS_SS1256    (3)    5 :  0.324 0.372 0.304 
258 NS_SS1260    (8)    5 :  0.150 0.656 0.193 
259 NS_SS1262    (0)    5 :  0.474 0.370 0.156 
260 NS_SS1230    (0)    5 :  0.343 0.370 0.287 
261 NS_SS1270    (2)    5 :  0.727 0.129 0.145 
262 NS_SS1229    (2)    5 :  0.098 0.248 0.654 
263 NS_SS1246    (5)    5 :  0.121 0.581 0.298 
264 NS_SS1269    (0)    5 :  0.374 0.259 0.367 
265 NS_SS1239    (1)    5 :  0.344 0.196 0.460 
266 NS_SS1272    (4)    5 :  0.359 0.358 0.283 
267 NS_SS1268    (1)    5 :  0.693 0.130 0.178 
268 NS_SS1249    (0)    5 :  0.109 0.650 0.241 
269 HI_SS0559    (0)    6 :  0.395 0.287 0.318 
270 HI_SS0563    (1)    6 :  0.400 0.316 0.284 
271 HI_SS0564    (0)    6 :  0.368 0.253 0.379 
272 HI_SS0565    (0)    6 :  0.265 0.490 0.245 
273 HI_SS0569    (0)    6 :  0.433 0.471 0.096 
274 HI_SS0570    (0)    6 :  0.182 0.603 0.215 
275 HI_SS0572    (1)    6 :  0.167 0.204 0.629 
276 HI_SS0576    (0)    6 :  0.470 0.155 0.375 
277 HI_SS0579    (1)    6 :  0.428 0.324 0.248 
278 HI_SS0580    (1)    6 :  0.185 0.448 0.367 
279 HI_SS0581    (0)    6 :  0.487 0.139 0.375 
280 HI_SS0583    (1)    6 :  0.134 0.580 0.286 
281 HI_SS0586    (1)    6 :  0.267 0.601 0.132 
282 HI_SS0588    (1)    6 :  0.389 0.400 0.211 
283 HI_SS0595    (4)    6 :  0.161 0.582 0.257 
284 HI_SS0596    (0)    6 :  0.170 0.136 0.694 
285 HI_SS0597    (1)    6 :  0.158 0.207 0.635 
286 HI_SS0600    (0)    6 :  0.239 0.538 0.223 
287 HI_SS0601    (1)    6 :  0.507 0.371 0.122 
288 HI_SS0602    (1)    6 :  0.382 0.403 0.215 
289 HI_SS0604    (0)    6 :  0.467 0.228 0.305 
290 HI_SS0605    (1)    6 :  0.391 0.346 0.262 
291 HI_SS0608    (0)    6 :  0.301 0.243 0.456 
292 HI_SS0609    (0)    6 :  0.373 0.171 0.456 
293 HI_SS0611    (5)    6 :  0.308 0.545 0.147 
294 HI_SS0612    (1)    6 :  0.244 0.402 0.354 
295 HI_SS0613    (1)    6 :  0.582 0.258 0.160 
296 HI_SS0615    (0)    6 :  0.311 0.109 0.580 
297 HI_SS0001    (1)    6 :  0.132 0.367 0.500 
298 HI_SS0002    (1)    6 :  0.435 0.187 0.378 
299 HI_SS0004    (0)    6 :  0.223 0.419 0.358 
300 HI_SS0005    (1)    6 :  0.604 0.190 0.206 
301 HI_SS0006    (1)    6 :  0.249 0.519 0.232 
302 HI_SS0007    (1)    6 :  0.458 0.346 0.196 
303 HI_SS0008    (0)    6 :  0.501 0.261 0.238 
304 HI_SS0009    (0)    6 :  0.435 0.122 0.443 
305 HI_SS0010    (1)    6 :  0.454 0.349 0.198 
306 HI_SS0011    (1)    6 :  0.603 0.179 0.219 
307 HI_SS0012    (0)    6 :  0.350 0.250 0.400 
308 HI_SS0017    (1)    6 :  0.172 0.130 0.698 
309 HI_SS0021    (1)    6 :  0.343 0.448 0.208 
310 HI_SS0024    (1)    6 :  0.318 0.182 0.500 
311 HI_SS0025    (1)    6 :  0.325 0.152 0.523 
312 HI_SS0027    (0)    6 :  0.435 0.378 0.188 
313 HI_SS0028    (0)    6 :  0.577 0.107 0.317 
314 HI_SS0029    (1)    6 :  0.213 0.298 0.489 
315 HI_SS0030    (2)    6 :  0.296 0.393 0.312 
316 HI_SS0031    (0)    6 :  0.246 0.395 0.359 
317 HI_SS0034    (0)    6 :  0.198 0.534 0.268 
318 HI_SS0036    (0)    6 :  0.216 0.589 0.195 
319 HI_SS0037    (1)    6 :  0.304 0.559 0.137 
320 HI_SS0039    (0)    6 :  0.425 0.416 0.159 
321 HI_SS0041    (1)    6 :  0.409 0.153 0.438 
322 HI_SS0042    (1)    6 :  0.328 0.156 0.516 
323 HI_SS0043    (1)    6 :  0.189 0.703 0.108 
324 HI_SS0044    (1)    6 :  0.110 0.386 0.504 
325 HI_SS0047    (1)    6 :  0.422 0.169 0.409 
326 HI_SS0049    (0)    6 :  0.235 0.163 0.602 
327 HI_SS0051    (1)    6 :  0.647 0.208 0.145 
328 HI_SS0053    (1)    6 :  0.157 0.651 0.192 
329 HI_SS0054    (4)    6 :  0.445 0.437 0.118 
330 HI_SS0057    (0)    6 :  0.514 0.176 0.310 
331 HI_SS0058    (0)    6 :  0.318 0.417 0.265 
332 HI_SS0060    (0)    6 :  0.596 0.215 0.189 
333 HI_SS0087    (1)    6 :  0.291 0.387 0.322 
334 HI_SS0091    (0)    6 :  0.097 0.768 0.135 
335 HI_SS0095    (1)    6 :  0.340 0.392 0.267 
336 HI_SS0097    (3)    6 :  0.517 0.241 0.241 
337 HI_SS0099    (0)    6 :  0.296 0.224 0.480 
338 HI_SS0103    (0)    6 :  0.183 0.305 0.512 
339 HI_SS0105    (1)    6 :  0.457 0.326 0.217 
340 HI_SS0107    (1)    6 :  0.142 0.117 0.741 
341 HI_SS0108    (1)    6 :  0.144 0.741 0.115 
342 HI_SS0110    (0)    6 :  0.128 0.481 0.391 
343 HI_SS0111    (1)    6 :  0.364 0.317 0.318 
344 HI_SS0112    (0)    6 :  0.142 0.694 0.164 
345 HI_SS0113    (1)    6 :  0.270 0.125 0.605 
346 HI_SS0114    (1)    6 :  0.442 0.437 0.121 
347 HI_SS0115    (1)    6 :  0.273 0.297 0.430 
348 HI_SS0116    (4)    6 :  0.093 0.538 0.369 
349 HI_SS0117    (0)    6 :  0.276 0.482 0.243 
350 HI_SS0118    (0)    6 :  0.196 0.576 0.228 
351 HI_SS0119    (1)    6 :  0.286 0.529 0.185 
352 HI_SS0120    (1)    6 :  0.137 0.125 0.738 
353 HI_SS0121    (1)    6 :  0.685 0.142 0.173 
354 HI_SS0122    (2)    6 :  0.368 0.371 0.261 
355 HI_SS0123    (0)    6 :  0.213 0.356 0.431 
356 HI_SS0124    (1)    6 :  0.257 0.104 0.639 
357 HI_SS0125    (1)    6 :  0.413 0.127 0.460 
358 HI_SS0126    (0)    6 :  0.113 0.588 0.299 
359 HI_SS0127    (0)    6 :  0.688 0.182 0.129 
360 HI_SS0128    (0)    6 :  0.220 0.260 0.521 
361 HI_SS0129    (1)    6 :  0.179 0.441 0.380 
362 HI_SS0131    (2)    6 :  0.601 0.300 0.099 
363 HI_SS0132    (0)    6 :  0.361 0.356 0.283 
364 HI_SS0133    (1)    6 :  0.130 0.723 0.147 
365 HI_SS0134    (1)    6 :  0.285 0.402 0.313 
366 HI_SS0142    (3)    6 :  0.491 0.299 0.210 
367 HI_SS0145    (0)    6 :  0.312 0.330 0.358 
368 HI_SS0146    (1)    6 :  0.362 0.454 0.184 
369 HI_SS0147    (1)    6 :  0.644 0.138 0.218 
370 HI_SS0149    (1)    6 :  0.337 0.395 0.268 
371 HI_SS0150    (2)    6 :  0.480 0.124 0.397 
372 HI_SS0151    (0)    6 :  0.234 0.336 0.430 
373 NS_SS1451    (1)    6 :  0.346 0.120 0.534 
374 NS_SS1404    (0)    6 :  0.509 0.208 0.282 
375 NS_SS1432    (2)    6 :  0.215 0.190 0.595 
376 NS_SS1405    (4)    6 :  0.256 0.245 0.499 
377 NS_SS1431   (10)    6 :  0.251 0.142 0.607 
378 NS_SS1402    (3)    6 :  0.195 0.474 0.331 
379 NS_SS1450    (3)    6 :  0.191 0.397 0.412 
380 NS_SS1396    (0)    6 :  0.376 0.285 0.339 
381 NS_SS1393    (5)    6 :  0.227 0.507 0.266 
382 NS_SS1392   (10)    6 :  0.253 0.153 0.595 
383 NS_SS1445    (0)    6 :  0.408 0.452 0.140 
384 NS_SS1423    (0)    6 :  0.160 0.481 0.359 
385 NS_SS1421    (9)    6 :  0.298 0.400 0.302 
386 NS_SS1411    (6)    6 :  0.434 0.373 0.193 
387 NS_SS1453    (5)    6 :  0.244 0.526 0.230 
388 NS_SS1442    (2)    6 :  0.488 0.232 0.280 
389 NS_SS1422    (1)    6 :  0.245 0.331 0.424 
390 NS_SS1419    (1)    6 :  0.625 0.180 0.194 
391 NS_SS1427    (0)    6 :  0.077 0.628 0.296 
392 NS_SS1444    (3)    6 :  0.575 0.164 0.261 
393 NS_SS1455    (0)    6 :  0.255 0.154 0.591 
394 NS_SS1425    (2)    6 :  0.258 0.638 0.104 
395 NS_SS1400    (0)    6 :  0.383 0.439 0.178 
396 NS_SS1406    (1)    6 :  0.448 0.158 0.394 
397 NS_SS1417    (6)    6 :  0.373 0.346 0.281 
398 NS_SS1454    (2)    6 :  0.305 0.447 0.248 
399 NS_SS1412    (1)    6 :  0.283 0.422 0.296 
400 NS_SS1438    (1)    6 :  0.377 0.517 0.105 
401 NS_SS1416    (4)    6 :  0.336 0.311 0.353 
402 NS_SS1401    (0)    6 :  0.256 0.429 0.314 
403 NS_SS1424    (6)    6 :  0.276 0.443 0.281 
404 NS_SS1435    (9)    6 :  0.308 0.257 0.435 
405 NS_SS1447    (4)    6 :  0.560 0.165 0.274 
406 NS_SS1414    (3)    6 :  0.543 0.129 0.328 
407 NS_SS1449   (14)    6 :  0.188 0.319 0.492 
408 NS_SS1443    (4)    6 :  0.126 0.578 0.296 
409 NS_SS1434    (1)    6 :  0.093 0.270 0.637 
410 NS_SS1398    (1)    6 :  0.253 0.203 0.544 
411 NS_SS1426    (1)    6 :  0.260 0.587 0.153 
412 NS_SS1413    (0)    6 :  0.211 0.448 0.341 
413 NS_SS1395    (1)    6 :  0.223 0.575 0.202 
414 NS_SS1448   (10)    6 :  0.393 0.280 0.328 
415 NS_SS1446    (0)    6 :  0.210 0.585 0.205 
416 NS_SS1403    (2)    6 :  0.245 0.335 0.419 
417 NS_SS1415    (0)    6 :  0.303 0.485 0.212 
418 NS_SS1437    (4)    6 :  0.387 0.246 0.368 
419 NS_SS1439    (2)    6 :  0.358 0.357 0.285 
420 NS_SS1441    (3)    6 :  0.157 0.512 0.331 
421 NS_SS1420    (2)    6 :  0.592 0.127 0.281 
422 NS_SS1394    (2)    6 :  0.489 0.144 0.366 
423 NS_SS1391    (7)    6 :  0.110 0.399 0.491 
424 NS_SS1410    (5)    6 :  0.217 0.460 0.323 
425 NS_SS1408    (1)    6 :  0.464 0.242 0.294 
426 NS_SS1409    (1)    6 :  0.100 0.370 0.530 
427 HI_SS0617    (1)    7 :  0.134 0.463 0.403 
428 HI_SS0618    (2)    7 :  0.356 0.183 0.461 
429 HI_SS0619    (0)    7 :  0.236 0.294 0.470 
430 HI_SS0620    (1)    7 :  0.292 0.555 0.154 
431 HI_SS0621    (3)    7 :  0.373 0.203 0.424 
432 HI_SS0622    (1)    7 :  0.453 0.236 0.310 
433 HI_SS0626    (0)    7 :  0.576 0.230 0.194 
434 HI_SS0627    (0)    7 :  0.274 0.243 0.483 
435 HI_SS0628    (3)    7 :  0.247 0.452 0.301 
436 HI_SS0629    (1)    7 :  0.396 0.421 0.183 
437 HI_SS0630    (1)    7 :  0.295 0.417 0.288 
438 HI_SS0631    (0)    7 :  0.423 0.377 0.200 
439 HI_SS0632    (0)    7 :  0.586 0.213 0.201 
440 HI_SS0633    (0)    7 :  0.175 0.189 0.636 
441 HI_SS0634    (1)    7 :  0.385 0.313 0.302 
442 HI_SS0635    (0)    7 :  0.527 0.163 0.310 
443 HI_SS0637    (1)    7 :  0.564 0.270 0.166 
444 HI_SS0638    (0)    7 :  0.316 0.258 0.426 
445 HI_SS0639    (1)    7 :  0.482 0.179 0.338 
446 HI_SS0640    (1)    7 :  0.456 0.230 0.314 
447 HI_SS0641    (1)    7 :  0.417 0.459 0.124 
448 HI_SS0642    (0)    7 :  0.280 0.254 0.465 
449 HI_SS0645    (0)    7 :  0.479 0.097 0.425 
450 HI_SS0646    (1)    7 :  0.151 0.340 0.508 
451 HI_SS0647    (1)    7 :  0.248 0.224 0.528 
452 HI_SS0648    (0)    7 :  0.404 0.257 0.339 
453 HI_SS0649    (1)    7 :  0.264 0.378 0.358 
454 HI_SS0650    (1)    7 :  0.141 0.184 0.675 
455 HI_SS0651    (1)    7 :  0.321 0.303 0.376 
456 HI_SS0652    (1)    7 :  0.514 0.133 0.353 
457 NS_SS1371    (3)    7 :  0.129 0.576 0.295 
458 NS_SS1374    (0)    7 :  0.260 0.489 0.250 
459 NS_SS1337    (3)    7 :  0.470 0.134 0.396 
460 NS_SS1385    (5)    7 :  0.201 0.339 0.460 
461 NS_SS1388    (0)    7 :  0.240 0.316 0.444 
462 NS_SS1370    (1)    7 :  0.759 0.113 0.129 
463 NS_SS1389    (3)    7 :  0.305 0.179 0.516 
464 NS_SS1360    (1)    7 :  0.490 0.353 0.157 
465 NS_SS1330    (0)    7 :  0.511 0.146 0.343 
466 NS_SS1328    (8)    7 :  0.111 0.403 0.485 
467 NS_SS1384    (1)    7 :  0.418 0.407 0.174 
468 NS_SS1381    (0)    7 :  0.151 0.108 0.741 
469 NS_SS1375    (1)    7 :  0.254 0.158 0.588 
470 NS_SS1319   (10)    7 :  0.318 0.331 0.352 
471 NS_SS1326    (2)    7 :  0.140 0.515 0.345 
472 NS_SS1341    (1)    7 :  0.332 0.509 0.159 
473 NS_SS1383    (1)    7 :  0.430 0.310 0.260 
474 NS_SS1318    (3)    7 :  0.475 0.241 0.285 
475 NS_SS1348    (2)    7 :  0.262 0.619 0.119 
476 NS_SS1363    (0)    7 :  0.508 0.176 0.316 
477 NS_SS1335    (4)    7 :  0.464 0.413 0.124 
478 NS_SS1358    (0)    7 :  0.356 0.441 0.203 
479 NS_SS1342    (1)    7 :  0.179 0.573 0.248 
480 NS_SS1320    (2)    7 :  0.129 0.068 0.803 
481 NS_SS1355    (1)    7 :  0.516 0.183 0.301 
482 NS_SS1345    (1)    7 :  0.584 0.109 0.307 
483 NS_SS1324    (0)    7 :  0.354 0.452 0.194 
484 NS_SS1347    (5)    7 :  0.302 0.392 0.305 
485 NS_SS1321    (4)    7 :  0.234 0.559 0.208 
486 NS_SS1333    (0)    7 :  0.173 0.601 0.227 
487 NS_SS1364    (1)    7 :  0.402 0.378 0.220 
488 NS_SS1379    (0)    7 :  0.283 0.229 0.488 
489 NS_SS1332    (0)    7 :  0.211 0.602 0.186 
490 NS_SS1338    (5)    7 :  0.437 0.424 0.139 
491 NS_SS1368    (6)    7 :  0.245 0.518 0.237 
492 NS_SS1354    (1)    7 :  0.400 0.314 0.286 
493 NS_SS1365    (0)    7 :  0.442 0.172 0.385 
494 NS_SS1380    (1)    7 :  0.555 0.139 0.306 
495 NS_SS1329    (8)    7 :  0.156 0.557 0.287 
496 NS_SS1362    (0)    7 :  0.291 0.343 0.367 
497 NS_SS1327    (2)    7 :  0.101 0.808 0.091 
498 NS_SS1350    (0)    7 :  0.079 0.430 0.491 
499 NS_SS1387    (2)    7 :  0.579 0.220 0.201 
500 NS_SS1369    (8)    7 :  0.359 0.452 0.189 
501 NS_SS1331    (1)    7 :  0.319 0.285 0.396 
502 NS_SS1357    (4)    7 :  0.093 0.292 0.615 
503 NS_SS1386    (1)    7 :  0.150 0.709 0.140 
504 NS_SS1353    (2)    7 :  0.136 0.221 0.643 
505 NS_SS1323    (0)    7 :  0.373 0.147 0.480 
506 HI_SS0296    (0)    8 :  0.356 0.389 0.255 
507 HI_SS0297    (0)    8 :  0.200 0.236 0.564 
508 HI_SS0299    (0)    8 :  0.426 0.357 0.217 
509 HI_SS0300    (0)    8 :  0.469 0.272 0.259 
510 HI_SS0301    (0)    8 :  0.725 0.159 0.116 
511 HI_SS0302    (0)    8 :  0.568 0.300 0.132 
512 HI_SS0303    (0)    8 :  0.133 0.495 0.373 
513 HI_SS0304    (0)    8 :  0.307 0.181 0.512 
514 HI_SS0306    (5)    8 :  0.366 0.446 0.187 
515 HI_SS0307    (1)    8 :  0.367 0.210 0.423 
516 HI_SS0308    (1)    8 :  0.517 0.246 0.236 
517 HI_SS0309    (0)    8 :  0.488 0.259 0.253 
518 HI_SS0310    (0)    8 :  0.347 0.211 0.443 
519 HI_SS0311    (3)    8 :  0.555 0.234 0.210 
520 HI_SS0314    (0)    8 :  0.172 0.242 0.586 
521 HI_SS0316    (1)    8 :  0.250 0.429 0.321 
522 HI_SS0317    (3)    8 :  0.432 0.294 0.275 
523 HI_SS0318    (1)    8 :  0.221 0.620 0.159 
524 HI_SS0319    (0)    8 :  0.131 0.746 0.122 
525 HI_SS0320    (3)    8 :  0.278 0.167 0.555 
526 HI_SS0321    (0)    8 :  0.208 0.515 0.277 
527 HI_SS0323    (1)    8 :  0.333 0.453 0.215 
528 HI_SS0325    (2)    8 :  0.491 0.347 0.162 
529 HI_SS0327    (1)    8 :  0.096 0.604 0.300 
530 HI_SS0329    (1)    8 :  0.408 0.196 0.396 
531 HI_SS0333    (1)    8 :  0.280 0.361 0.359 
532 HI_SS0334    (1)    8 :  0.281 0.541 0.177 
533 HI_SS0335    (1)    8 :  0.513 0.150 0.336 
534 HI_SS0339    (0)    8 :  0.563 0.147 0.290 
535 HI_SS0343    (2)    8 :  0.321 0.230 0.449 
536 HI_SS0344    (1)    8 :  0.119 0.762 0.119 
537 HI_SS0345    (3)    8 :  0.526 0.208 0.266 
538 HI_SS0346    (0)    8 :  0.290 0.400 0.310 
539 HI_SS0350    (1)    8 :  0.579 0.102 0.319 
540 HI_SS0351    (0)    8 :  0.437 0.307 0.257 
541 HI_SS0352    (3)    8 :  0.352 0.223 0.425 
542 HI_SS0362    (0)    8 :  0.529 0.236 0.235 
543 HI_SS0363    (1)    8 :  0.157 0.596 0.248 
544 HI_SS0365    (0)    8 :  0.144 0.558 0.297 
545 HI_SS0366    (0)    8 :  0.165 0.683 0.152 
546 HI_SS0367    (1)    8 :  0.348 0.182 0.470 
547 HI_SS0369    (1)    8 :  0.466 0.133 0.402 
548 HI_SS0370    (0)    8 :  0.116 0.329 0.554 
549 HI_SS0371    (4)    8 :  0.374 0.448 0.178 
550 HI_SS0373    (3)    8 :  0.325 0.312 0.363 
551 HI_SS0374    (0)    8 :  0.344 0.206 0.450 
552 HI_SS0377    (0)    8 :  0.493 0.360 0.147 
553 HI_SS0379    (1)    8 :  0.130 0.785 0.085 
554 HI_SS0380    (1)    8 :  0.350 0.221 0.429 
555 HI_SS0381    (2)    8 :  0.597 0.155 0.248 
556 HI_SS0384    (3)    8 :  0.159 0.437 0.404 
557 HI_SS0385    (1)    8 :  0.358 0.276 0.366 


Estimated Allele Frequencies in each cluster
First column gives estimated ancestral frequencies


Locus 1 : 
2 alleles
3.4% missing data
   1   (0.736) 0.719 0.741 0.756 
   2   (0.264) 0.281 0.259 0.244 

Locus 2 : 
2 alleles
4.3% missing data
   1   (0.887) 0.902 0.902 0.864 
   2   (0.113) 0.098 0.098 0.136 

Locus 3 : 
2 alleles
3.9% missing data
   1   (0.864) 0.872 0.870 0.861 
   2   (0.136) 0.128 0.130 0.139 

Locus 4 : 
2 alleles
2.7% missing data
   1   (0.889) 0.883 0.896 0.898 
   2   (0.111) 0.117 0.104 0.102 

Locus 5 : 
2 alleles
2.7% missing data
   1   (0.823) 0.832 0.818 0.825 
   2   (0.177) 0.168 0.182 0.175 

Locus 6 : 
2 alleles
3.2% missing data
   1   (0.793) 0.802 0.776 0.806 
   2   (0.207) 0.198 0.224 0.194 

Locus 7 : 
2 alleles
3.8% missing data
   1   (0.805) 0.795 0.803 0.823 
   2   (0.195) 0.205 0.197 0.177 

Locus 8 : 
2 alleles
4.8% missing data
   1   (0.705) 0.721 0.700 0.700 
   2   (0.295) 0.279 0.300 0.300 

Locus 9 : 
2 alleles
3.1% missing data
   1   (0.794) 0.804 0.769 0.812 
   2   (0.206) 0.196 0.231 0.188 

Locus 10 : 
2 alleles
4.7% missing data
   1   (0.891) 0.891 0.883 0.907 
   2   (0.109) 0.109 0.117 0.093 

Locus 11 : 
2 alleles
3.2% missing data
   1   (0.864) 0.869 0.848 0.880 
   2   (0.136) 0.131 0.152 0.120 

Locus 12 : 
2 alleles
4.8% missing data
   1   (0.731) 0.737 0.742 0.721 
   2   (0.269) 0.263 0.258 0.279 

Locus 13 : 
2 alleles
4.7% missing data
   1   (0.888) 0.888 0.884 0.900 
   2   (0.112) 0.112 0.116 0.100 

Locus 14 : 
2 alleles
3.9% missing data
   1   (0.878) 0.875 0.873 0.894 
   2   (0.122) 0.125 0.127 0.106 

Locus 15 : 
2 alleles
3.9% missing data
   1   (0.505) 0.508 0.514 0.495 
   2   (0.495) 0.492 0.486 0.505 

Locus 16 : 
2 alleles
4.3% missing data
   1   (0.609) 0.643 0.572 0.608 
   2   (0.391) 0.357 0.428 0.392 

Locus 17 : 
2 alleles
4.1% missing data
   1   (0.774) 0.790 0.774 0.765 
   2   (0.226) 0.210 0.226 0.235 

Locus 18 : 
2 alleles
2.3% missing data
   1   (0.895) 0.894 0.911 0.892 
   2   (0.105) 0.106 0.089 0.108 

Locus 19 : 
2 alleles
4.3% missing data
   1   (0.711) 0.732 0.700 0.705 
   2   (0.289) 0.268 0.300 0.295 

Locus 20 : 
2 alleles
3.2% missing data
   1   (0.884) 0.879 0.887 0.895 
   2   (0.116) 0.121 0.113 0.105 

Locus 21 : 
2 alleles
3.4% missing data
   1   (0.560) 0.593 0.511 0.567 
   2   (0.440) 0.407 0.489 0.433 

Locus 22 : 
2 alleles
4.8% missing data
   1   (0.855) 0.863 0.857 0.855 
   2   (0.145) 0.137 0.143 0.145 

Locus 23 : 
2 alleles
4.3% missing data
   1   (0.883) 0.897 0.889 0.870 
   2   (0.117) 0.103 0.111 0.130 

Locus 24 : 
2 alleles
3.2% missing data
   1   (0.542) 0.552 0.543 0.533 
   2   (0.458) 0.448 0.457 0.467 

Locus 25 : 
2 alleles
4.3% missing data
   2   (0.471) 0.455 0.479 0.480 
   1   (0.529) 0.545 0.521 0.520 

Locus 26 : 
2 alleles
4.3% missing data
   1   (0.842) 0.852 0.860 0.822 
   2   (0.158) 0.148 0.140 0.178 

Locus 27 : 
2 alleles
2.2% missing data
   1   (0.601) 0.608 0.619 0.580 
   2   (0.399) 0.392 0.381 0.420 

Locus 28 : 
2 alleles
4.1% missing data
   1   (0.863) 0.846 0.867 0.885 
   2   (0.137) 0.154 0.133 0.115 

Locus 29 : 
2 alleles
1.8% missing data
   1   (0.882) 0.884 0.887 0.884 
   2   (0.118) 0.116 0.113 0.116 

Locus 30 : 
2 alleles
4.5% missing data
   1   (0.868) 0.878 0.870 0.866 
   2   (0.132) 0.122 0.130 0.134 

Locus 31 : 
2 alleles
4.3% missing data
   1   (0.789) 0.783 0.800 0.794 
   2   (0.211) 0.217 0.200 0.206 

Locus 32 : 
2 alleles
2.0% missing data
   1   (0.736) 0.746 0.738 0.731 
   2   (0.264) 0.254 0.262 0.269 

Locus 33 : 
2 alleles
3.6% missing data
   1   (0.763) 0.753 0.742 0.798 
   2   (0.237) 0.247 0.258 0.202 

Locus 34 : 
2 alleles
3.6% missing data
   1   (0.812) 0.798 0.825 0.820 
   2   (0.188) 0.202 0.175 0.180 

Locus 35 : 
2 alleles
3.8% missing data
   1   (0.869) 0.853 0.890 0.872 
   2   (0.131) 0.147 0.110 0.128 

Locus 36 : 
2 alleles
2.9% missing data
   1   (0.758) 0.758 0.761 0.761 
   2   (0.242) 0.242 0.239 0.239 

Locus 37 : 
2 alleles
2.2% missing data
   1   (0.742) 0.753 0.740 0.738 
   2   (0.258) 0.247 0.260 0.262 

Locus 38 : 
2 alleles
1.4% missing data
   1   (0.872) 0.888 0.846 0.884 
   2   (0.128) 0.112 0.154 0.116 

Locus 39 : 
2 alleles
3.2% missing data
   1   (0.704) 0.693 0.734 0.692 
   2   (0.296) 0.307 0.266 0.308 

Locus 40 : 
2 alleles
3.8% missing data
   1   (0.573) 0.565 0.553 0.601 
   2   (0.427) 0.435 0.447 0.399 

Locus 41 : 
2 alleles
3.4% missing data
   1   (0.882) 0.896 0.878 0.880 
   2   (0.118) 0.104 0.122 0.120 

Locus 42 : 
2 alleles
4.5% missing data
   2   (0.236) 0.241 0.188 0.270 
   1   (0.764) 0.759 0.812 0.730 

Locus 43 : 
2 alleles
2.0% missing data
   1   (0.820) 0.818 0.818 0.831 
   2   (0.180) 0.182 0.182 0.169 

Locus 44 : 
2 alleles
4.7% missing data
   1   (0.584) 0.593 0.568 0.589 
   2   (0.416) 0.407 0.432 0.411 

Locus 45 : 
2 alleles
3.2% missing data
   1   (0.872) 0.884 0.869 0.872 
   2   (0.128) 0.116 0.131 0.128 

Locus 46 : 
2 alleles
2.3% missing data
   1   (0.779) 0.795 0.788 0.758 
   2   (0.221) 0.205 0.212 0.242 

Locus 47 : 
2 alleles
4.5% missing data
   1   (0.887) 0.893 0.894 0.883 
   2   (0.113) 0.107 0.106 0.117 

Locus 48 : 
2 alleles
4.5% missing data
   1   (0.816) 0.826 0.824 0.803 
   2   (0.184) 0.174 0.176 0.197 

Locus 49 : 
2 alleles
4.5% missing data
   1   (0.818) 0.829 0.821 0.813 
   2   (0.182) 0.171 0.179 0.187 

Locus 50 : 
2 alleles
3.4% missing data
   1   (0.658) 0.652 0.660 0.663 
   2   (0.342) 0.348 0.340 0.337 

Locus 51 : 
2 alleles
1.4% missing data
   1   (0.601) 0.599 0.606 0.600 
   2   (0.399) 0.401 0.394 0.400 

Locus 52 : 
2 alleles
4.1% missing data
   1   (0.659) 0.668 0.661 0.650 
   2   (0.341) 0.332 0.339 0.350 

Locus 53 : 
2 alleles
4.5% missing data
   1   (0.851) 0.845 0.844 0.871 
   2   (0.149) 0.155 0.156 0.129 

Locus 54 : 
2 alleles
3.8% missing data
   1   (0.865) 0.869 0.878 0.859 
   2   (0.135) 0.131 0.122 0.141 

Locus 55 : 
2 alleles
3.2% missing data
   1   (0.883) 0.905 0.880 0.870 
   2   (0.117) 0.095 0.120 0.130 

Locus 56 : 
2 alleles
3.2% missing data
   1   (0.798) 0.809 0.808 0.783 
   2   (0.202) 0.191 0.192 0.217 

Locus 57 : 
2 alleles
4.5% missing data
   1   (0.662) 0.655 0.683 0.654 
   2   (0.338) 0.345 0.317 0.346 

Locus 58 : 
2 alleles
4.1% missing data
   1   (0.840) 0.837 0.859 0.830 
   2   (0.160) 0.163 0.141 0.170 

Locus 59 : 
2 alleles
4.8% missing data
   1   (0.819) 0.807 0.850 0.809 
   2   (0.181) 0.193 0.150 0.191 

Locus 60 : 
2 alleles
2.5% missing data
   1   (0.861) 0.855 0.855 0.879 
   2   (0.139) 0.145 0.145 0.121 

Locus 61 : 
2 alleles
3.9% missing data
   1   (0.779) 0.784 0.777 0.782 
   2   (0.221) 0.216 0.223 0.218 

Locus 62 : 
2 alleles
2.0% missing data
   1   (0.842) 0.852 0.818 0.860 
   2   (0.158) 0.148 0.182 0.140 

Locus 63 : 
2 alleles
4.1% missing data
   1   (0.758) 0.772 0.752 0.755 
   2   (0.242) 0.228 0.248 0.245 

Locus 64 : 
2 alleles
3.2% missing data
   1   (0.872) 0.870 0.897 0.858 
   2   (0.128) 0.130 0.103 0.142 

Locus 65 : 
2 alleles
2.7% missing data
   1   (0.870) 0.858 0.877 0.884 
   2   (0.130) 0.142 0.123 0.116 

Locus 66 : 
2 alleles
2.0% missing data
   1   (0.591) 0.574 0.622 0.582 
   2   (0.409) 0.426 0.378 0.418 

Locus 67 : 
2 alleles
4.8% missing data
   1   (0.788) 0.804 0.763 0.800 
   2   (0.212) 0.196 0.237 0.200 

Locus 68 : 
2 alleles
4.5% missing data
   1   (0.728) 0.736 0.709 0.741 
   2   (0.272) 0.264 0.291 0.259 

Locus 69 : 
2 alleles
2.9% missing data
   1   (0.592) 0.570 0.602 0.609 
   2   (0.408) 0.430 0.398 0.391 

Locus 70 : 
2 alleles
4.8% missing data
   1   (0.665) 0.686 0.646 0.664 
   2   (0.335) 0.314 0.354 0.336 

Locus 71 : 
2 alleles
4.1% missing data
   1   (0.819) 0.812 0.849 0.806 
   2   (0.181) 0.188 0.151 0.194 

Locus 72 : 
2 alleles
3.1% missing data
   1   (0.880) 0.887 0.890 0.874 
   2   (0.120) 0.113 0.110 0.126 

Locus 73 : 
2 alleles
4.5% missing data
   1   (0.731) 0.705 0.752 0.741 
   2   (0.269) 0.295 0.248 0.259 

Locus 74 : 
2 alleles
4.3% missing data
   1   (0.670) 0.669 0.692 0.654 
   2   (0.330) 0.331 0.308 0.346 

Locus 75 : 
2 alleles
2.0% missing data
   1   (0.895) 0.911 0.888 0.893 
   2   (0.105) 0.089 0.112 0.107 

Locus 76 : 
2 alleles
4.8% missing data
   2   (0.206) 0.217 0.220 0.179 
   1   (0.794) 0.783 0.780 0.821 

Locus 77 : 
2 alleles
2.0% missing data
   2   (0.268) 0.291 0.266 0.243 
   1   (0.732) 0.709 0.734 0.757 

Locus 78 : 
2 alleles
3.4% missing data
   1   (0.815) 0.826 0.825 0.803 
   2   (0.185) 0.174 0.175 0.197 

Locus 79 : 
2 alleles
4.8% missing data
   2   (0.255) 0.271 0.245 0.240 
   1   (0.745) 0.729 0.755 0.760 

Locus 80 : 
2 alleles
3.6% missing data
   1   (0.690) 0.701 0.715 0.660 
   2   (0.310) 0.299 0.285 0.340 

Locus 81 : 
2 alleles
2.2% missing data
   1   (0.808) 0.809 0.814 0.809 
   2   (0.192) 0.191 0.186 0.191 

Locus 82 : 
2 alleles
3.4% missing data
   1   (0.753) 0.711 0.769 0.785 
   2   (0.247) 0.289 0.231 0.215 

Locus 83 : 
2 alleles
4.8% missing data
   1   (0.701) 0.670 0.740 0.699 
   2   (0.299) 0.330 0.260 0.301 

Locus 84 : 
2 alleles
4.5% missing data
   1   (0.785) 0.770 0.801 0.793 
   2   (0.215) 0.230 0.199 0.207 

Locus 85 : 
2 alleles
3.2% missing data
   1   (0.765) 0.784 0.780 0.739 
   2   (0.235) 0.216 0.220 0.261 

Locus 86 : 
2 alleles
3.6% missing data
   1   (0.734) 0.727 0.713 0.763 
   2   (0.266) 0.273 0.287 0.237 

Locus 87 : 
2 alleles
2.7% missing data
   1   (0.881) 0.901 0.883 0.868 
   2   (0.119) 0.099 0.117 0.132 

Locus 88 : 
2 alleles
4.3% missing data
   1   (0.745) 0.748 0.739 0.754 
   2   (0.255) 0.252 0.261 0.246 

Locus 89 : 
2 alleles
3.9% missing data
   1   (0.772) 0.750 0.785 0.788 
   2   (0.228) 0.250 0.215 0.212 

Locus 90 : 
2 alleles
1.6% missing data
   1   (0.820) 0.807 0.823 0.838 
   2   (0.180) 0.193 0.177 0.162 

Locus 91 : 
2 alleles
4.8% missing data
   1   (0.880) 0.869 0.891 0.890 
   2   (0.120) 0.131 0.109 0.110 

Locus 92 : 
2 alleles
2.9% missing data
   1   (0.615) 0.594 0.623 0.632 
   2   (0.385) 0.406 0.377 0.368 

Locus 93 : 
2 alleles
3.6% missing data
   1   (0.767) 0.773 0.783 0.753 
   2   (0.233) 0.227 0.217 0.247 

Locus 94 : 
2 alleles
3.4% missing data
   1   (0.894) 0.903 0.890 0.897 
   2   (0.106) 0.097 0.110 0.103 

Locus 95 : 
2 alleles
3.9% missing data
   1   (0.669) 0.689 0.651 0.666 
   2   (0.331) 0.311 0.349 0.334 

Locus 96 : 
2 alleles
3.1% missing data
   1   (0.765) 0.770 0.779 0.752 
   2   (0.235) 0.230 0.221 0.248 

Locus 97 : 
2 alleles
0.9% missing data
   1   (0.836) 0.818 0.853 0.847 
   2   (0.164) 0.182 0.147 0.153 

Locus 98 : 
2 alleles
4.8% missing data
   1   (0.880) 0.884 0.871 0.894 
   2   (0.120) 0.116 0.129 0.106 

Locus 99 : 
2 alleles
3.2% missing data
   2   (0.383) 0.352 0.426 0.379 
   1   (0.617) 0.648 0.574 0.621 

Locus 100 : 
2 alleles
4.7% missing data
   1   (0.815) 0.822 0.818 0.813 
   2   (0.185) 0.178 0.182 0.187 

Locus 101 : 
2 alleles
2.3% missing data
   1   (0.786) 0.788 0.781 0.795 
   2   (0.214) 0.212 0.219 0.205 

Locus 102 : 
2 alleles
1.4% missing data
   1   (0.869) 0.866 0.875 0.877 
   2   (0.131) 0.134 0.125 0.123 

Locus 103 : 
2 alleles
3.4% missing data
   1   (0.655) 0.641 0.652 0.675 
   2   (0.345) 0.359 0.348 0.325 

Locus 104 : 
