

----------------------------------------------------
STRUCTURE by Pritchard, Stephens and Donnelly (2000)
     and Falush, Stephens and Pritchard (2003)
       Code by Pritchard, Falush and Hubisz
             Version 2.3.4 (Jul 2012)
----------------------------------------------------



Command line arguments:   /home/genobiwan/Documents/Programs/Structure/structure -m parameter_job_k7_r2 
Input File:    /media/genobiwan/Storage/Projets/Mackerel_NWA_2021/data_job_k7_r2

Run parameters:
   557 individuals
   3930 loci
   7 populations assumed
   10000 Burn-in period
   100000 Reps


--------------------------------------------
Proportion of membership of each pre-defined
 population in each of the 7 clusters

Given    Inferred Clusters                                   Number of
 Pop       1      2      3      4      5      6      7      Individuals

  1:     0.140  0.138  0.134  0.140  0.153  0.162  0.133       67
  2:     0.170  0.154  0.112  0.132  0.138  0.121  0.173       32
  3:     0.134  0.161  0.133  0.123  0.148  0.162  0.140       92
  4:     0.124  0.134  0.147  0.161  0.154  0.125  0.155       36
  5:     0.130  0.139  0.149  0.144  0.120  0.177  0.141       41
  6:     0.140  0.140  0.152  0.148  0.149  0.134  0.137      158
  7:     0.146  0.144  0.141  0.143  0.153  0.139  0.135       79
  8:     0.129  0.143  0.155  0.143  0.142  0.155  0.133       52
--------------------------------------------

Allele-freq. divergence among pops (Net nucleotide distance),
computed using point estimates of P.

      1       2       3       4       5       6       7      
 1      -    0.0051  0.0064  0.0045  0.0046  0.0052  0.0054  
 2   0.0051     -    0.0052  0.0040  0.0034  0.0042  0.0053  
 3   0.0064  0.0052     -    0.0042  0.0037  0.0052  0.0051  
 4   0.0045  0.0040  0.0042     -    0.0025  0.0036  0.0045  
 5   0.0046  0.0034  0.0037  0.0025     -    0.0032  0.0039  
 6   0.0052  0.0042  0.0052  0.0036  0.0032     -    0.0047  
 7   0.0054  0.0053  0.0051  0.0045  0.0039  0.0047     -    

Average distances (expected heterozygosity) between individuals in same cluster:
cluster  1  : 0.3095 
cluster  2  : 0.3096 
cluster  3  : 0.3087 
cluster  4  : 0.3122 
cluster  5  : 0.3135 
cluster  6  : 0.3103 
cluster  7  : 0.3114 

--------------------------------------------
Estimated Ln Prob of Data   = -2095615.0
Mean value of ln likelihood = -2059545.8
Variance of ln likelihood   = 72138.4
Mean value of alpha         = 1.4694

Mean value of Fst_1         = 0.0613
Mean value of Fst_2         = 0.0508
Mean value of Fst_3         = 0.0580
Mean value of Fst_4         = 0.0493
Mean value of Fst_5         = 0.0435
Mean value of Fst_6         = 0.0496
Mean value of Fst_7         = 0.0566


Inferred ancestry of individuals:
        Label (%Miss) Pop:  Inferred clusters
  1 NS_SS0963    (4)    1 :  0.076 0.136 0.072 0.176 0.225 0.185 0.131 
  2 NS_SS0983    (1)    1 :  0.036 0.123 0.266 0.095 0.171 0.099 0.210 
  3 NS_SS0719    (8)    1 :  0.100 0.194 0.118 0.156 0.211 0.093 0.127 
  4 NS_SS1001    (8)    1 :  0.254 0.189 0.080 0.125 0.062 0.162 0.129 
  5 NS_SS0936    (4)    1 :  0.148 0.066 0.071 0.225 0.059 0.247 0.185 
  6 NS_SS0955    (5)    1 :  0.040 0.174 0.155 0.163 0.134 0.183 0.152 
  7 NS_SS0944    (3)    1 :  0.105 0.156 0.163 0.141 0.075 0.248 0.111 
  8 NS_SS0945    (3)    1 :  0.267 0.081 0.222 0.139 0.080 0.136 0.074 
  9 NS_SS0922    (2)    1 :  0.275 0.125 0.073 0.130 0.176 0.098 0.124 
 10 NS_SS0929    (7)    1 :  0.074 0.093 0.164 0.158 0.157 0.178 0.176 
 11 NS_SS0956    (2)    1 :  0.171 0.342 0.061 0.103 0.122 0.102 0.100 
 12 NS_SS0906    (3)    1 :  0.097 0.085 0.184 0.127 0.111 0.295 0.100 
 13 NS_SS0721    (6)    1 :  0.071 0.351 0.093 0.103 0.173 0.059 0.151 
 14 NS_SS0982    (4)    1 :  0.112 0.131 0.090 0.104 0.291 0.197 0.076 
 15 NS_SS0923    (5)    1 :  0.182 0.117 0.097 0.126 0.160 0.184 0.134 
 16 NS_SS0905    (6)    1 :  0.157 0.102 0.116 0.048 0.276 0.158 0.144 
 17 NS_SS0925    (3)    1 :  0.080 0.142 0.049 0.114 0.107 0.235 0.273 
 18 NS_SS0947    (5)    1 :  0.155 0.085 0.105 0.145 0.092 0.213 0.206 
 19 NS_SS0926    (2)    1 :  0.065 0.073 0.255 0.247 0.201 0.107 0.051 
 20 NS_SS0918    (6)    1 :  0.120 0.167 0.082 0.113 0.082 0.385 0.052 
 21 NS_SS0966    (4)    1 :  0.122 0.095 0.081 0.147 0.143 0.271 0.140 
 22 NS_SS0938    (2)    1 :  0.168 0.078 0.066 0.394 0.092 0.103 0.100 
 23 NS_SS0917    (2)    1 :  0.133 0.100 0.151 0.100 0.269 0.048 0.199 
 24 NS_SS0957   (11)    1 :  0.150 0.245 0.114 0.159 0.135 0.119 0.078 
 25 NS_SS0987    (1)    1 :  0.095 0.348 0.111 0.107 0.175 0.110 0.054 
 26 NS_SS0717    (4)    1 :  0.275 0.161 0.079 0.060 0.155 0.154 0.116 
 27 NS_SS0986    (2)    1 :  0.133 0.188 0.214 0.137 0.164 0.125 0.039 
 28 NS_SS0953    (4)    1 :  0.153 0.131 0.083 0.054 0.088 0.301 0.190 
 29 NS_SS0907    (3)    1 :  0.096 0.069 0.135 0.063 0.196 0.351 0.091 
 30 NS_SS0974    (6)    1 :  0.141 0.081 0.157 0.083 0.092 0.199 0.247 
 31 NS_SS0989    (1)    1 :  0.069 0.072 0.206 0.221 0.134 0.047 0.251 
 32 NS_SS0991    (2)    1 :  0.046 0.254 0.216 0.072 0.140 0.224 0.048 
 33 NS_SS0994    (2)    1 :  0.134 0.061 0.366 0.137 0.081 0.075 0.146 
 34 NS_SS0931    (6)    1 :  0.050 0.138 0.223 0.260 0.131 0.153 0.046 
 35 NS_SS1000    (5)    1 :  0.283 0.080 0.098 0.136 0.096 0.219 0.089 
 36 NS_SS0919    (1)    1 :  0.052 0.058 0.137 0.149 0.374 0.145 0.085 
 37 NS_SS0949    (3)    1 :  0.056 0.151 0.184 0.168 0.134 0.073 0.234 
 38 NS_SS0960   (10)    1 :  0.079 0.135 0.179 0.088 0.204 0.154 0.161 
 39 NS_SS0716    (2)    1 :  0.390 0.213 0.110 0.056 0.142 0.045 0.045 
 40 NS_SS0924    (8)    1 :  0.063 0.125 0.161 0.132 0.170 0.198 0.151 
 41 NS_SS0935    (1)    1 :  0.071 0.208 0.211 0.058 0.204 0.129 0.119 
 42 NS_SS0952   (13)    1 :  0.076 0.073 0.223 0.145 0.204 0.175 0.103 
 43 NS_SS0962   (10)    1 :  0.208 0.100 0.099 0.187 0.223 0.125 0.056 
 44 NS_SS0973    (5)    1 :  0.062 0.130 0.082 0.071 0.132 0.243 0.280 
 45 NS_SS0722    (1)    1 :  0.346 0.072 0.067 0.083 0.054 0.270 0.109 
 46 NS_SS0979   (13)    1 :  0.175 0.202 0.076 0.117 0.191 0.168 0.072 
 47 NS_SS0993    (2)    1 :  0.118 0.134 0.055 0.166 0.092 0.232 0.202 
 48 NS_SS0958    (1)    1 :  0.172 0.086 0.266 0.127 0.140 0.126 0.082 
 49 NS_SS0988    (4)    1 :  0.090 0.079 0.164 0.202 0.224 0.178 0.064 
 50 NS_SS1003    (2)    1 :  0.055 0.201 0.045 0.277 0.275 0.100 0.046 
 51 NS_SS0976    (0)    1 :  0.063 0.101 0.214 0.252 0.106 0.181 0.083 
 52 NS_SS0964   (10)    1 :  0.327 0.211 0.065 0.074 0.087 0.109 0.128 
 53 NS_SS0939    (4)    1 :  0.343 0.238 0.058 0.180 0.083 0.036 0.062 
 54 NS_SS0990    (6)    1 :  0.229 0.094 0.231 0.251 0.094 0.056 0.046 
 55 NS_SS0984    (2)    1 :  0.302 0.088 0.057 0.197 0.095 0.133 0.127 
 56 NS_SS0980    (9)    1 :  0.116 0.060 0.062 0.065 0.128 0.213 0.357 
 57 NS_SS0978    (4)    1 :  0.195 0.088 0.096 0.100 0.232 0.168 0.119 
 58 NS_SS0951   (17)    1 :  0.090 0.246 0.216 0.070 0.126 0.193 0.061 
 59 NS_SS0913    (3)    1 :  0.260 0.243 0.113 0.090 0.088 0.136 0.070 
 60 NS_SS1002    (1)    1 :  0.095 0.047 0.069 0.251 0.200 0.259 0.078 
 61 NS_SS0948    (1)    1 :  0.086 0.096 0.132 0.182 0.152 0.249 0.105 
 62 NS_SS0916    (4)    1 :  0.089 0.096 0.086 0.159 0.136 0.057 0.377 
 63 NS_SS0995    (1)    1 :  0.113 0.133 0.058 0.087 0.155 0.073 0.382 
 64 NS_SS0927    (6)    1 :  0.126 0.062 0.191 0.076 0.270 0.072 0.202 
 65 NS_SS0992    (5)    1 :  0.133 0.069 0.155 0.152 0.109 0.125 0.256 
 66 NS_SS0912    (1)    1 :  0.091 0.229 0.210 0.135 0.156 0.136 0.042 
 67 NS_SS0981    (1)    1 :  0.095 0.179 0.076 0.161 0.205 0.233 0.051 
 68 NS_SS0729    (5)    2 :  0.052 0.045 0.209 0.104 0.061 0.148 0.380 
 69 NS_SS0967   (14)    2 :  0.089 0.089 0.067 0.159 0.272 0.187 0.136 
 70 NS_SS0941    (7)    2 :  0.196 0.140 0.089 0.209 0.102 0.087 0.176 
 71 NS_SS0768   (12)    2 :  0.145 0.238 0.135 0.120 0.132 0.162 0.069 
 72 NS_SS0726    (4)    2 :  0.058 0.057 0.120 0.266 0.088 0.086 0.325 
 73 NS_SS0763    (4)    2 :  0.141 0.093 0.165 0.138 0.190 0.127 0.145 
 74 NS_SS0730    (6)    2 :  0.215 0.118 0.082 0.140 0.206 0.087 0.152 
 75 NS_SS0774    (1)    2 :  0.268 0.076 0.060 0.128 0.062 0.136 0.269 
 76 NS_SS0723    (3)    2 :  0.144 0.111 0.047 0.128 0.236 0.139 0.193 
 77 NS_SS0940    (9)    2 :  0.153 0.151 0.168 0.195 0.093 0.074 0.165 
 78 NS_SS0762    (1)    2 :  0.372 0.100 0.046 0.084 0.100 0.159 0.139 
 79 NS_SS0766   (11)    2 :  0.273 0.137 0.144 0.096 0.135 0.053 0.163 
 80 NS_SS0724    (1)    2 :  0.137 0.227 0.082 0.128 0.097 0.200 0.128 
 81 NS_SS0769    (3)    2 :  0.177 0.108 0.129 0.111 0.293 0.111 0.072 
 82 NS_SS0777    (2)    2 :  0.093 0.143 0.228 0.127 0.195 0.162 0.053 
 83 NS_SS0734    (6)    2 :  0.161 0.234 0.135 0.109 0.143 0.077 0.140 
 84 NS_SS0737    (3)    2 :  0.325 0.081 0.060 0.157 0.079 0.077 0.222 
 85 NS_SS0732    (5)    2 :  0.091 0.339 0.063 0.054 0.143 0.144 0.167 
 86 NS_SS0728    (5)    2 :  0.129 0.192 0.097 0.135 0.083 0.082 0.282 
 87 NS_SS0735    (9)    2 :  0.179 0.217 0.086 0.064 0.055 0.144 0.256 
 88 NS_SS0725    (1)    2 :  0.276 0.154 0.078 0.254 0.069 0.096 0.073 
 89 NS_SS0788    (2)    2 :  0.091 0.085 0.102 0.195 0.321 0.070 0.137 
 90 NS_SS0778    (2)    2 :  0.065 0.135 0.154 0.173 0.280 0.076 0.117 
 91 NS_SS0792    (6)    2 :  0.074 0.210 0.086 0.087 0.136 0.127 0.280 
 92 NS_SS0943   (11)    2 :  0.047 0.188 0.218 0.118 0.080 0.258 0.091 
 93 NS_SS0791    (2)    2 :  0.079 0.209 0.120 0.115 0.071 0.050 0.356 
 94 NS_SS0790    (5)    2 :  0.197 0.257 0.042 0.074 0.096 0.257 0.077 
 95 NS_SS0731    (6)    2 :  0.232 0.303 0.089 0.072 0.157 0.095 0.052 
 96 NS_SS0727    (6)    2 :  0.213 0.081 0.177 0.092 0.050 0.084 0.303 
 97 NS_SS0779   (12)    2 :  0.117 0.152 0.133 0.134 0.188 0.133 0.143 
 98 NS_SS0776    (3)    2 :  0.285 0.125 0.130 0.160 0.105 0.089 0.105 
 99 NS_SS0775    (5)    2 :  0.358 0.148 0.059 0.096 0.089 0.078 0.172 
100 NS_SS0965    (3)    3 :  0.070 0.266 0.085 0.131 0.198 0.151 0.100 
101 NS_SS0754   (13)    3 :  0.061 0.232 0.157 0.128 0.124 0.082 0.217 
102 NS_SS0838    (5)    3 :  0.162 0.103 0.169 0.204 0.087 0.143 0.133 
103 NS_SS0839    (3)    3 :  0.267 0.147 0.056 0.152 0.102 0.120 0.157 
104 NS_SS0832    (4)    3 :  0.155 0.172 0.046 0.108 0.151 0.297 0.070 
105 NS_SS0820    (4)    3 :  0.106 0.190 0.042 0.168 0.264 0.122 0.109 
106 NS_SS0886    (9)    3 :  0.103 0.195 0.183 0.135 0.152 0.087 0.144 
107 NS_SS0748    (5)    3 :  0.092 0.115 0.148 0.116 0.197 0.238 0.095 
108 NS_SS0884    (9)    3 :  0.118 0.143 0.112 0.125 0.131 0.157 0.213 
109 NS_SS0752    (3)    3 :  0.186 0.118 0.099 0.109 0.096 0.140 0.252 
110 NS_SS0862    (1)    3 :  0.060 0.376 0.043 0.068 0.118 0.142 0.192 
111 NS_SS0787    (9)    3 :  0.096 0.096 0.431 0.081 0.116 0.093 0.088 
112 NS_SS0843    (6)    3 :  0.109 0.173 0.096 0.071 0.205 0.152 0.194 
113 NS_SS0856    (4)    3 :  0.246 0.083 0.120 0.091 0.186 0.058 0.217 
114 NS_SS0846    (2)    3 :  0.087 0.053 0.126 0.113 0.189 0.251 0.180 
115 NS_SS0825    (1)    3 :  0.064 0.175 0.137 0.262 0.165 0.129 0.067 
116 NS_SS0757    (3)    3 :  0.080 0.232 0.169 0.105 0.135 0.186 0.092 
117 NS_SS0876    (3)    3 :  0.167 0.176 0.092 0.087 0.120 0.190 0.168 
118 NS_SS0903    (9)    3 :  0.110 0.064 0.042 0.070 0.098 0.196 0.420 
119 NS_SS0875    (7)    3 :  0.219 0.145 0.139 0.146 0.163 0.106 0.080 
120 NS_SS0740    (5)    3 :  0.139 0.192 0.107 0.094 0.137 0.191 0.140 
121 NS_SS0811    (5)    3 :  0.201 0.349 0.060 0.074 0.089 0.139 0.089 
122 NS_SS0751    (1)    3 :  0.259 0.097 0.122 0.152 0.178 0.078 0.114 
123 NS_SS0891    (6)    3 :  0.238 0.104 0.109 0.241 0.094 0.127 0.087 
124 NS_SS0867    (2)    3 :  0.037 0.143 0.126 0.101 0.204 0.304 0.086 
125 NS_SS0890    (6)    3 :  0.137 0.090 0.104 0.125 0.187 0.174 0.182 
126 NS_SS0866   (11)    3 :  0.090 0.113 0.357 0.105 0.074 0.084 0.177 
127 NS_SS0755    (4)    3 :  0.118 0.193 0.081 0.150 0.158 0.200 0.100 
128 NS_SS0758    (4)    3 :  0.143 0.107 0.114 0.099 0.142 0.128 0.268 
129 NS_SS0840    (2)    3 :  0.146 0.155 0.056 0.198 0.130 0.208 0.107 
130 NS_SS0889    (4)    3 :  0.079 0.244 0.286 0.098 0.072 0.135 0.085 
131 NS_SS1010    (1)    3 :  0.148 0.084 0.113 0.122 0.309 0.142 0.082 
132 NS_SS0888    (5)    3 :  0.104 0.137 0.223 0.068 0.071 0.063 0.334 
133 NS_SS0837    (3)    3 :  0.113 0.283 0.063 0.066 0.137 0.240 0.098 
134 NS_SS0794    (9)    3 :  0.189 0.135 0.228 0.064 0.094 0.089 0.202 
135 NS_SS0823    (4)    3 :  0.149 0.099 0.082 0.115 0.079 0.358 0.119 
136 NS_SS0829    (7)    3 :  0.053 0.231 0.349 0.085 0.072 0.147 0.062 
137 NS_SS0844    (5)    3 :  0.047 0.092 0.035 0.054 0.109 0.490 0.174 
138 NS_SS1008    (5)    3 :  0.246 0.102 0.240 0.075 0.084 0.110 0.143 
139 NS_SS0881    (3)    3 :  0.108 0.103 0.125 0.288 0.213 0.085 0.079 
140 NS_SS0834    (6)    3 :  0.327 0.090 0.074 0.226 0.078 0.107 0.098 
141 NS_SS0744   (10)    3 :  0.069 0.165 0.105 0.156 0.151 0.136 0.219 
142 NS_SS0899    (7)    3 :  0.209 0.275 0.091 0.076 0.080 0.207 0.063 
143 NS_SS0804    (4)    3 :  0.123 0.226 0.043 0.120 0.169 0.207 0.114 
144 NS_SS0781   (10)    3 :  0.170 0.091 0.066 0.179 0.190 0.237 0.068 
145 NS_SS0822    (6)    3 :  0.122 0.151 0.144 0.113 0.061 0.200 0.210 
146 NS_SS1004    (4)    3 :  0.097 0.136 0.075 0.122 0.192 0.267 0.112 
147 NS_SS0746    (5)    3 :  0.116 0.068 0.157 0.128 0.105 0.343 0.083 
148 NS_SS0880    (3)    3 :  0.135 0.143 0.079 0.214 0.076 0.232 0.122 
149 NS_SS0879    (4)    3 :  0.214 0.171 0.109 0.139 0.079 0.166 0.123 
150 NS_SS0753    (2)    3 :  0.071 0.212 0.180 0.077 0.134 0.180 0.145 
151 NS_SS1007    (2)    3 :  0.199 0.055 0.087 0.122 0.209 0.052 0.277 
152 NS_SS0872    (5)    3 :  0.196 0.089 0.067 0.113 0.181 0.185 0.169 
153 NS_SS1005    (7)    3 :  0.165 0.076 0.094 0.136 0.135 0.306 0.088 
154 NS_SS0892    (6)    3 :  0.154 0.145 0.156 0.109 0.176 0.163 0.096 
155 NS_SS0898    (0)    3 :  0.107 0.140 0.165 0.184 0.143 0.165 0.096 
156 NS_SS0801    (9)    3 :  0.120 0.230 0.138 0.078 0.174 0.186 0.073 
157 NS_SS0827    (8)    3 :  0.118 0.148 0.133 0.058 0.405 0.075 0.063 
158 NS_SS0853    (6)    3 :  0.164 0.227 0.197 0.049 0.168 0.099 0.096 
159 NS_SS0780    (2)    3 :  0.141 0.181 0.072 0.179 0.216 0.093 0.117 
160 NS_SS0826   (10)    3 :  0.051 0.088 0.129 0.346 0.123 0.220 0.043 
161 NS_SS0818    (5)    3 :  0.179 0.138 0.058 0.144 0.219 0.126 0.135 
162 NS_SS0745    (1)    3 :  0.493 0.179 0.069 0.123 0.062 0.043 0.030 
163 NS_SS0849    (3)    3 :  0.092 0.388 0.073 0.136 0.138 0.126 0.046 
164 NS_SS0739    (3)    3 :  0.130 0.159 0.115 0.163 0.199 0.049 0.185 
165 NS_SS0799    (1)    3 :  0.111 0.139 0.146 0.042 0.129 0.103 0.331 
166 NS_SS0756    (2)    3 :  0.090 0.118 0.062 0.143 0.182 0.340 0.065 
167 NS_SS0802    (2)    3 :  0.104 0.069 0.158 0.116 0.325 0.089 0.140 
168 NS_SS0747    (6)    3 :  0.096 0.097 0.113 0.120 0.198 0.226 0.151 
169 NS_SS0835    (1)    3 :  0.074 0.050 0.237 0.090 0.293 0.080 0.177 
170 NS_SS0742   (18)    3 :  0.089 0.145 0.058 0.134 0.188 0.157 0.229 
171 NS_SS0760    (9)    3 :  0.114 0.087 0.355 0.083 0.137 0.138 0.085 
172 NS_SS0803    (4)    3 :  0.067 0.082 0.037 0.054 0.058 0.396 0.305 
173 NS_SS0828   (13)    3 :  0.124 0.259 0.109 0.110 0.171 0.101 0.127 
174 NS_SS0865    (2)    3 :  0.050 0.242 0.102 0.149 0.220 0.143 0.094 
175 NS_SS0759    (4)    3 :  0.246 0.177 0.076 0.096 0.165 0.132 0.108 
176 NS_SS0851    (5)    3 :  0.180 0.404 0.062 0.163 0.080 0.071 0.041 
177 NS_SS0874   (16)    3 :  0.126 0.114 0.077 0.080 0.112 0.358 0.133 
178 NS_SS0761    (6)    3 :  0.051 0.177 0.266 0.134 0.110 0.175 0.087 
179 NS_SS0842   (25)    3 :  0.187 0.103 0.190 0.137 0.136 0.141 0.105 
180 NS_SS0785    (6)    3 :  0.087 0.141 0.145 0.091 0.147 0.199 0.190 
181 NS_SS0860   (11)    3 :  0.078 0.071 0.323 0.071 0.205 0.118 0.135 
182 NS_SS0897    (7)    3 :  0.087 0.177 0.363 0.080 0.082 0.092 0.120 
183 NS_SS0841   (14)    3 :  0.224 0.252 0.066 0.094 0.124 0.164 0.075 
184 NS_SS0797    (6)    3 :  0.067 0.219 0.178 0.193 0.154 0.120 0.069 
185 NS_SS0830   (10)    3 :  0.098 0.202 0.133 0.181 0.143 0.120 0.123 
186 NS_SS1011    (5)    3 :  0.068 0.142 0.066 0.245 0.220 0.178 0.081 
187 NS_SS0883    (5)    3 :  0.091 0.241 0.119 0.047 0.182 0.126 0.193 
188 NS_SS0782    (2)    3 :  0.216 0.100 0.147 0.076 0.072 0.127 0.261 
189 NS_SS0831    (5)    3 :  0.066 0.301 0.269 0.080 0.068 0.099 0.118 
190 NS_SS0749    (7)    3 :  0.116 0.254 0.131 0.117 0.098 0.073 0.211 
191 NS_SS0854    (2)    3 :  0.138 0.132 0.099 0.097 0.088 0.100 0.346 
192 HI_SS0193    (0)    4 :  0.119 0.199 0.175 0.250 0.048 0.071 0.139 
193 HI_SS0194    (0)    4 :  0.274 0.067 0.107 0.350 0.054 0.088 0.059 
194 HI_SS0195    (9)    4 :  0.158 0.305 0.051 0.216 0.123 0.060 0.088 
195 HI_SS0196    (6)    4 :  0.234 0.095 0.161 0.109 0.052 0.114 0.234 
196 HI_SS0197    (3)    4 :  0.081 0.046 0.079 0.345 0.320 0.071 0.058 
197 HI_SS0198    (1)    4 :  0.094 0.259 0.169 0.110 0.134 0.071 0.164 
198 HI_SS0199    (1)    4 :  0.127 0.089 0.128 0.075 0.105 0.084 0.392 
199 HI_SS0201    (4)    4 :  0.033 0.154 0.254 0.109 0.167 0.174 0.108 
200 HI_SS0215    (1)    4 :  0.055 0.117 0.260 0.087 0.245 0.130 0.106 
201 HI_SS0218    (1)    4 :  0.107 0.189 0.277 0.101 0.054 0.058 0.214 
202 HI_SS0222    (0)    4 :  0.180 0.181 0.115 0.154 0.141 0.056 0.173 
203 HI_SS0230    (1)    4 :  0.143 0.077 0.101 0.138 0.367 0.129 0.045 
204 HI_SS0234    (1)    4 :  0.094 0.041 0.076 0.193 0.135 0.132 0.330 
205 HI_SS0240    (1)    4 :  0.178 0.121 0.067 0.110 0.099 0.062 0.364 
206 HI_SS0241    (0)    4 :  0.068 0.112 0.199 0.178 0.200 0.112 0.131 
207 HI_SS0242    (0)    4 :  0.088 0.166 0.126 0.159 0.101 0.218 0.141 
208 HI_SS0247    (0)    4 :  0.084 0.112 0.115 0.169 0.065 0.394 0.060 
209 HI_SS0248    (1)    4 :  0.170 0.070 0.227 0.050 0.080 0.155 0.248 
210 HI_SS0252    (2)    4 :  0.181 0.217 0.086 0.113 0.049 0.179 0.175 
211 HI_SS0254    (1)    4 :  0.074 0.063 0.122 0.243 0.253 0.125 0.121 
212 HI_SS0256    (0)    4 :  0.197 0.114 0.027 0.122 0.214 0.213 0.113 
213 HI_SS0257    (0)    4 :  0.049 0.047 0.219 0.145 0.137 0.210 0.193 
214 HI_SS0258    (1)    4 :  0.114 0.123 0.270 0.087 0.130 0.134 0.141 
215 HI_SS0259    (1)    4 :  0.166 0.122 0.083 0.272 0.179 0.073 0.104 
216 HI_SS0260    (1)    4 :  0.191 0.083 0.250 0.066 0.128 0.075 0.206 
217 HI_SS0261    (2)    4 :  0.092 0.061 0.139 0.321 0.103 0.210 0.074 
218 HI_SS0262    (0)    4 :  0.124 0.233 0.075 0.104 0.181 0.088 0.194 
219 HI_SS0264    (1)    4 :  0.243 0.119 0.139 0.145 0.200 0.115 0.040 
220 HI_SS0265    (0)    4 :  0.096 0.183 0.077 0.193 0.282 0.092 0.076 
221 HI_SS0268    (1)    4 :  0.196 0.111 0.193 0.131 0.266 0.039 0.063 
222 HI_SS0269    (1)    4 :  0.044 0.047 0.219 0.169 0.125 0.100 0.295 
223 HI_SS0273    (0)    4 :  0.065 0.102 0.207 0.143 0.163 0.204 0.116 
224 HI_SS0277    (1)    4 :  0.047 0.083 0.068 0.331 0.229 0.135 0.108 
225 HI_SS0280    (0)    4 :  0.177 0.292 0.131 0.113 0.111 0.057 0.118 
226 HI_SS0282    (1)    4 :  0.071 0.194 0.167 0.088 0.082 0.220 0.178 
227 HI_SS0286    (1)    4 :  0.057 0.216 0.145 0.096 0.203 0.069 0.213 
228 NS_SS1252    (3)    5 :  0.078 0.099 0.360 0.061 0.081 0.136 0.185 
229 NS_SS1261    (1)    5 :  0.098 0.122 0.161 0.122 0.124 0.162 0.211 
230 NS_SS1225    (9)    5 :  0.059 0.086 0.160 0.102 0.163 0.342 0.089 
231 NS_SS1266    (1)    5 :  0.104 0.104 0.046 0.112 0.082 0.454 0.098 
232 NS_SS1228    (0)    5 :  0.111 0.353 0.066 0.119 0.109 0.087 0.154 
233 NS_SS1255    (2)    5 :  0.377 0.064 0.117 0.090 0.042 0.127 0.184 
234 NS_SS1267    (3)    5 :  0.055 0.118 0.359 0.100 0.163 0.047 0.157 
235 NS_SS1238    (6)    5 :  0.156 0.148 0.167 0.263 0.102 0.082 0.082 
236 NS_SS1233    (8)    5 :  0.194 0.100 0.077 0.093 0.083 0.421 0.034 
237 NS_SS1277    (3)    5 :  0.190 0.117 0.164 0.160 0.078 0.052 0.239 
238 NS_SS1245    (1)    5 :  0.114 0.069 0.180 0.167 0.084 0.285 0.101 
239 NS_SS1240    (4)    5 :  0.064 0.055 0.378 0.118 0.184 0.069 0.131 
240 NS_SS1275    (2)    5 :  0.095 0.160 0.041 0.391 0.120 0.123 0.069 
241 NS_SS1235    (1)    5 :  0.139 0.038 0.091 0.177 0.094 0.217 0.244 
242 NS_SS1263    (1)    5 :  0.252 0.115 0.068 0.097 0.055 0.316 0.096 
243 NS_SS1251    (1)    5 :  0.138 0.085 0.084 0.133 0.115 0.358 0.087 
244 NS_SS1248    (0)    5 :  0.092 0.432 0.137 0.130 0.109 0.066 0.034 
245 NS_SS1244    (0)    5 :  0.038 0.113 0.086 0.315 0.134 0.197 0.117 
246 NS_SS1257    (0)    5 :  0.111 0.127 0.252 0.103 0.116 0.115 0.175 
247 NS_SS1242    (2)    5 :  0.321 0.117 0.102 0.113 0.125 0.165 0.057 
248 NS_SS1271    (6)    5 :  0.050 0.108 0.262 0.151 0.115 0.060 0.254 
249 NS_SS1265    (1)    5 :  0.113 0.087 0.327 0.136 0.136 0.151 0.051 
250 NS_SS1243    (0)    5 :  0.221 0.315 0.110 0.066 0.091 0.086 0.111 
251 NS_SS1273    (1)    5 :  0.364 0.105 0.064 0.121 0.095 0.177 0.073 
252 NS_SS1254   (14)    5 :  0.156 0.097 0.077 0.083 0.118 0.379 0.090 
253 NS_SS1224    (1)    5 :  0.128 0.240 0.074 0.109 0.073 0.271 0.105 
254 NS_SS1227    (8)    5 :  0.099 0.049 0.129 0.134 0.400 0.066 0.123 
255 NS_SS1274    (8)    5 :  0.146 0.161 0.198 0.108 0.083 0.115 0.189 
256 NS_SS1241    (1)    5 :  0.073 0.120 0.152 0.162 0.121 0.204 0.168 
257 NS_SS1256    (3)    5 :  0.095 0.049 0.176 0.210 0.131 0.279 0.059 
258 NS_SS1260    (8)    5 :  0.087 0.087 0.222 0.072 0.119 0.099 0.315 
259 NS_SS1262    (0)    5 :  0.051 0.162 0.140 0.179 0.114 0.213 0.140 
260 NS_SS1230    (0)    5 :  0.174 0.143 0.197 0.111 0.112 0.189 0.075 
261 NS_SS1270    (2)    5 :  0.071 0.294 0.077 0.123 0.137 0.253 0.046 
262 NS_SS1229    (2)    5 :  0.123 0.046 0.065 0.208 0.112 0.136 0.311 
263 NS_SS1246    (5)    5 :  0.060 0.079 0.187 0.305 0.082 0.056 0.232 
264 NS_SS1269    (0)    5 :  0.169 0.176 0.098 0.096 0.163 0.160 0.139 
265 NS_SS1239    (1)    5 :  0.112 0.264 0.049 0.062 0.106 0.069 0.338 
266 NS_SS1272    (4)    5 :  0.071 0.063 0.072 0.311 0.311 0.116 0.057 
267 NS_SS1268    (1)    5 :  0.104 0.336 0.076 0.070 0.099 0.261 0.054 
268 NS_SS1249    (0)    5 :  0.077 0.086 0.268 0.123 0.049 0.099 0.298 
269 HI_SS0559    (0)    6 :  0.156 0.258 0.135 0.067 0.130 0.127 0.127 
270 HI_SS0563    (1)    6 :  0.073 0.127 0.106 0.153 0.128 0.152 0.260 
271 HI_SS0564    (0)    6 :  0.100 0.160 0.093 0.238 0.147 0.136 0.126 
272 HI_SS0565    (0)    6 :  0.076 0.070 0.177 0.145 0.337 0.117 0.078 
273 HI_SS0569    (0)    6 :  0.046 0.106 0.231 0.089 0.220 0.252 0.056 
274 HI_SS0570    (0)    6 :  0.094 0.167 0.253 0.177 0.115 0.053 0.141 
275 HI_SS0572    (1)    6 :  0.249 0.064 0.061 0.122 0.124 0.141 0.241 
276 HI_SS0576    (0)    6 :  0.187 0.266 0.073 0.138 0.133 0.091 0.112 
277 HI_SS0579    (1)    6 :  0.060 0.075 0.146 0.089 0.103 0.331 0.196 
278 HI_SS0580    (1)    6 :  0.205 0.113 0.207 0.086 0.101 0.090 0.199 
279 HI_SS0581    (0)    6 :  0.114 0.263 0.060 0.245 0.163 0.080 0.075 
280 HI_SS0583    (1)    6 :  0.160 0.050 0.284 0.070 0.174 0.144 0.116 
281 HI_SS0586    (1)    6 :  0.110 0.118 0.395 0.069 0.189 0.057 0.061 
282 HI_SS0588    (1)    6 :  0.093 0.096 0.185 0.067 0.218 0.209 0.133 
283 HI_SS0595    (4)    6 :  0.107 0.043 0.161 0.254 0.249 0.089 0.097 
284 HI_SS0596    (0)    6 :  0.355 0.067 0.052 0.099 0.084 0.154 0.190 
285 HI_SS0597    (1)    6 :  0.255 0.061 0.089 0.199 0.124 0.163 0.109 
286 HI_SS0600    (0)    6 :  0.061 0.110 0.113 0.151 0.208 0.078 0.279 
287 HI_SS0601    (1)    6 :  0.033 0.152 0.102 0.135 0.207 0.242 0.128 
288 HI_SS0602    (1)    6 :  0.148 0.200 0.252 0.051 0.213 0.071 0.066 
289 HI_SS0604    (0)    6 :  0.140 0.229 0.142 0.097 0.109 0.213 0.069 
290 HI_SS0605    (1)    6 :  0.071 0.327 0.159 0.088 0.084 0.091 0.180 
291 HI_SS0608    (0)    6 :  0.255 0.136 0.117 0.191 0.156 0.064 0.081 
292 HI_SS0609    (0)    6 :  0.162 0.054 0.078 0.112 0.151 0.338 0.105 
293 HI_SS0611    (5)    6 :  0.092 0.290 0.251 0.056 0.136 0.066 0.110 
294 HI_SS0612    (1)    6 :  0.062 0.036 0.096 0.077 0.067 0.397 0.264 
295 HI_SS0613    (1)    6 :  0.120 0.376 0.119 0.064 0.124 0.125 0.072 
296 HI_SS0615    (0)    6 :  0.200 0.180 0.052 0.130 0.145 0.092 0.202 
297 HI_SS0001    (1)    6 :  0.219 0.072 0.175 0.204 0.083 0.091 0.157 
298 HI_SS0002    (1)    6 :  0.182 0.069 0.059 0.101 0.266 0.245 0.079 
299 HI_SS0004    (0)    6 :  0.208 0.131 0.249 0.122 0.106 0.064 0.120 
300 HI_SS0005    (1)    6 :  0.117 0.358 0.103 0.118 0.168 0.070 0.067 
301 HI_SS0006    (1)    6 :  0.080 0.076 0.240 0.118 0.137 0.215 0.133 
302 HI_SS0007    (1)    6 :  0.096 0.366 0.166 0.118 0.054 0.051 0.149 
303 HI_SS0008    (0)    6 :  0.080 0.130 0.094 0.142 0.350 0.117 0.086 
304 HI_SS0009    (0)    6 :  0.210 0.235 0.067 0.083 0.112 0.093 0.200 
305 HI_SS0010    (1)    6 :  0.125 0.174 0.151 0.123 0.216 0.106 0.105 
306 HI_SS0011    (1)    6 :  0.082 0.114 0.099 0.239 0.101 0.334 0.032 
307 HI_SS0012    (0)    6 :  0.067 0.102 0.042 0.094 0.334 0.072 0.289 
308 HI_SS0017    (1)    6 :  0.302 0.106 0.074 0.265 0.052 0.101 0.100 
309 HI_SS0021    (1)    6 :  0.151 0.061 0.277 0.131 0.225 0.094 0.061 
310 HI_SS0024    (1)    6 :  0.181 0.175 0.070 0.227 0.125 0.060 0.161 
311 HI_SS0025    (1)    6 :  0.320 0.141 0.082 0.106 0.082 0.142 0.127 
312 HI_SS0027    (0)    6 :  0.087 0.214 0.205 0.062 0.108 0.199 0.125 
313 HI_SS0028    (0)    6 :  0.198 0.155 0.041 0.130 0.381 0.063 0.033 
314 HI_SS0029    (1)    6 :  0.280 0.086 0.166 0.151 0.079 0.054 0.184 
315 HI_SS0030    (2)    6 :  0.092 0.173 0.125 0.186 0.128 0.117 0.179 
316 HI_SS0031    (0)    6 :  0.102 0.047 0.054 0.135 0.343 0.109 0.210 
317 HI_SS0034    (0)    6 :  0.081 0.099 0.234 0.124 0.087 0.184 0.191 
318 HI_SS0036    (0)    6 :  0.061 0.156 0.294 0.244 0.126 0.031 0.089 
319 HI_SS0037    (1)    6 :  0.131 0.155 0.356 0.056 0.142 0.105 0.054 
320 HI_SS0039    (0)    6 :  0.108 0.271 0.211 0.131 0.133 0.069 0.077 
321 HI_SS0041    (1)    6 :  0.167 0.320 0.081 0.185 0.078 0.065 0.103 
322 HI_SS0042    (1)    6 :  0.190 0.114 0.072 0.244 0.124 0.159 0.096 
323 HI_SS0043    (1)    6 :  0.041 0.116 0.364 0.195 0.102 0.059 0.124 
324 HI_SS0044    (1)    6 :  0.310 0.068 0.183 0.090 0.086 0.055 0.207 
325 HI_SS0047    (1)    6 :  0.164 0.219 0.075 0.111 0.130 0.158 0.144 
326 HI_SS0049    (0)    6 :  0.314 0.084 0.124 0.116 0.099 0.195 0.068 
327 HI_SS0051    (1)    6 :  0.065 0.350 0.091 0.064 0.124 0.192 0.116 
328 HI_SS0053    (1)    6 :  0.057 0.088 0.240 0.261 0.160 0.101 0.092 
329 HI_SS0054    (4)    6 :  0.043 0.148 0.252 0.172 0.089 0.222 0.074 
330 HI_SS0057    (0)    6 :  0.134 0.255 0.105 0.249 0.085 0.118 0.054 
331 HI_SS0058    (0)    6 :  0.171 0.101 0.292 0.061 0.093 0.190 0.092 
332 HI_SS0060    (0)    6 :  0.050 0.198 0.090 0.214 0.234 0.108 0.107 
333 HI_SS0087    (1)    6 :  0.092 0.088 0.170 0.161 0.221 0.170 0.097 
334 HI_SS0091    (0)    6 :  0.052 0.049 0.325 0.171 0.169 0.115 0.119 
335 HI_SS0095    (1)    6 :  0.064 0.126 0.120 0.132 0.176 0.134 0.247 
336 HI_SS0097    (3)    6 :  0.055 0.085 0.069 0.068 0.132 0.381 0.209 
337 HI_SS0099    (0)    6 :  0.338 0.095 0.168 0.077 0.169 0.089 0.065 
338 HI_SS0103    (0)    6 :  0.193 0.086 0.118 0.143 0.124 0.115 0.221 
339 HI_SS0105    (1)    6 :  0.059 0.147 0.104 0.186 0.260 0.151 0.093 
340 HI_SS0107    (1)    6 :  0.217 0.086 0.047 0.267 0.071 0.124 0.187 
341 HI_SS0108    (1)    6 :  0.066 0.102 0.386 0.130 0.074 0.102 0.139 
342 HI_SS0110    (0)    6 :  0.083 0.050 0.142 0.280 0.148 0.102 0.195 
343 HI_SS0111    (1)    6 :  0.088 0.139 0.104 0.170 0.190 0.072 0.238 
344 HI_SS0112    (0)    6 :  0.078 0.084 0.373 0.139 0.093 0.073 0.160 
345 HI_SS0113    (1)    6 :  0.269 0.106 0.077 0.245 0.077 0.158 0.069 
346 HI_SS0114    (1)    6 :  0.065 0.210 0.237 0.095 0.181 0.122 0.091 
347 HI_SS0115    (1)    6 :  0.195 0.135 0.094 0.043 0.146 0.109 0.278 
348 HI_SS0116    (4)    6 :  0.258 0.042 0.257 0.080 0.097 0.065 0.200 
349 HI_SS0117    (0)    6 :  0.060 0.044 0.171 0.263 0.153 0.227 0.082 
350 HI_SS0118    (0)    6 :  0.134 0.070 0.201 0.116 0.150 0.183 0.146 
351 HI_SS0119    (1)    6 :  0.039 0.112 0.172 0.203 0.206 0.118 0.151 
352 HI_SS0120    (1)    6 :  0.280 0.051 0.057 0.360 0.067 0.095 0.090 
353 HI_SS0121    (1)    6 :  0.079 0.151 0.071 0.223 0.272 0.161 0.043 
354 HI_SS0122    (2)    6 :  0.115 0.153 0.128 0.195 0.183 0.087 0.140 
355 HI_SS0123    (0)    6 :  0.108 0.073 0.143 0.165 0.173 0.203 0.134 
356 HI_SS0124    (1)    6 :  0.349 0.150 0.054 0.091 0.103 0.094 0.158 
357 HI_SS0125    (1)    6 :  0.193 0.136 0.046 0.169 0.182 0.073 0.200 
358 HI_SS0126    (0)    6 :  0.216 0.069 0.281 0.132 0.082 0.082 0.138 
359 HI_SS0127    (0)    6 :  0.074 0.385 0.093 0.085 0.119 0.176 0.067 
360 HI_SS0128    (0)    6 :  0.171 0.063 0.094 0.226 0.112 0.166 0.169 
361 HI_SS0129    (1)    6 :  0.128 0.149 0.231 0.203 0.095 0.076 0.118 
362 HI_SS0131    (2)    6 :  0.068 0.196 0.204 0.093 0.241 0.144 0.054 
363 HI_SS0132    (0)    6 :  0.091 0.090 0.103 0.230 0.226 0.144 0.117 
364 HI_SS0133    (1)    6 :  0.077 0.115 0.334 0.198 0.069 0.066 0.141 
365 HI_SS0134    (1)    6 :  0.120 0.095 0.158 0.112 0.212 0.179 0.125 
366 HI_SS0142    (3)    6 :  0.055 0.112 0.069 0.125 0.276 0.185 0.178 
367 HI_SS0145    (0)    6 :  0.109 0.080 0.175 0.082 0.101 0.275 0.176 
368 HI_SS0146    (1)    6 :  0.086 0.137 0.162 0.077 0.139 0.201 0.199 
369 HI_SS0147    (1)    6 :  0.099 0.353 0.086 0.106 0.089 0.194 0.073 
370 HI_SS0149    (1)    6 :  0.063 0.057 0.147 0.382 0.129 0.175 0.046 
371 HI_SS0150    (2)    6 :  0.187 0.213 0.061 0.184 0.115 0.131 0.110 
372 HI_SS0151    (0)    6 :  0.107 0.196 0.081 0.059 0.075 0.098 0.384 
373 NS_SS1451    (1)    6 :  0.221 0.222 0.049 0.169 0.103 0.064 0.171 
374 NS_SS1404    (0)    6 :  0.162 0.318 0.095 0.142 0.113 0.092 0.078 
375 NS_SS1432    (2)    6 :  0.261 0.084 0.051 0.246 0.223 0.053 0.082 
376 NS_SS1405    (4)    6 :  0.333 0.081 0.161 0.088 0.102 0.097 0.138 
377 NS_SS1431   (10)    6 :  0.247 0.083 0.068 0.302 0.123 0.108 0.068 
378 NS_SS1402    (3)    6 :  0.095 0.073 0.124 0.169 0.178 0.135 0.226 
379 NS_SS1450    (3)    6 :  0.154 0.153 0.203 0.201 0.054 0.064 0.171 
380 NS_SS1396    (0)    6 :  0.137 0.173 0.160 0.110 0.160 0.131 0.129 
381 NS_SS1393    (5)    6 :  0.123 0.129 0.133 0.059 0.207 0.070 0.280 
382 NS_SS1392   (10)    6 :  0.245 0.175 0.074 0.139 0.079 0.048 0.240 
383 NS_SS1445    (0)    6 :  0.055 0.110 0.225 0.162 0.218 0.183 0.048 
384 NS_SS1423    (0)    6 :  0.106 0.050 0.114 0.222 0.206 0.098 0.204 
385 NS_SS1421    (9)    6 :  0.090 0.122 0.143 0.277 0.099 0.117 0.152 
386 NS_SS1411    (6)    6 :  0.099 0.330 0.275 0.073 0.092 0.057 0.074 
387 NS_SS1453    (5)    6 :  0.069 0.099 0.240 0.233 0.126 0.071 0.162 
388 NS_SS1442    (2)    6 :  0.135 0.106 0.144 0.068 0.150 0.257 0.139 
389 NS_SS1422    (1)    6 :  0.076 0.063 0.066 0.119 0.074 0.266 0.335 
390 NS_SS1419    (1)    6 :  0.093 0.198 0.107 0.093 0.067 0.385 0.057 
391 NS_SS1427    (0)    6 :  0.097 0.066 0.248 0.234 0.052 0.042 0.261 
392 NS_SS1444    (3)    6 :  0.196 0.198 0.079 0.095 0.181 0.181 0.069 
393 NS_SS1455    (0)    6 :  0.286 0.059 0.072 0.096 0.114 0.254 0.120 
394 NS_SS1425    (2)    6 :  0.055 0.118 0.329 0.087 0.169 0.135 0.107 
395 NS_SS1400    (0)    6 :  0.121 0.129 0.314 0.079 0.085 0.211 0.061 
396 NS_SS1406    (1)    6 :  0.119 0.061 0.050 0.165 0.150 0.373 0.082 
397 NS_SS1417    (6)    6 :  0.181 0.108 0.209 0.200 0.084 0.159 0.060 
398 NS_SS1454    (2)    6 :  0.120 0.106 0.306 0.239 0.094 0.097 0.039 
399 NS_SS1412    (1)    6 :  0.186 0.193 0.194 0.100 0.122 0.098 0.108 
400 NS_SS1438    (1)    6 :  0.038 0.174 0.248 0.086 0.165 0.170 0.118 
401 NS_SS1416    (4)    6 :  0.158 0.137 0.170 0.116 0.179 0.126 0.114 
402 NS_SS1401    (0)    6 :  0.094 0.073 0.137 0.203 0.222 0.131 0.139 
403 NS_SS1424    (6)    6 :  0.067 0.122 0.138 0.212 0.224 0.098 0.139 
404 NS_SS1435    (9)    6 :  0.226 0.123 0.096 0.134 0.263 0.044 0.113 
405 NS_SS1447    (4)    6 :  0.157 0.241 0.088 0.109 0.138 0.203 0.064 
406 NS_SS1414    (3)    6 :  0.256 0.200 0.112 0.104 0.112 0.175 0.040 
407 NS_SS1449   (14)    6 :  0.067 0.115 0.064 0.224 0.089 0.088 0.353 
408 NS_SS1443    (4)    6 :  0.081 0.056 0.165 0.101 0.127 0.184 0.286 
409 NS_SS1434    (1)    6 :  0.243 0.052 0.110 0.102 0.060 0.104 0.330 
410 NS_SS1398    (1)    6 :  0.305 0.111 0.116 0.131 0.138 0.086 0.114 
411 NS_SS1426    (1)    6 :  0.075 0.102 0.296 0.129 0.178 0.081 0.139 
412 NS_SS1413    (0)    6 :  0.208 0.077 0.225 0.176 0.089 0.154 0.071 
413 NS_SS1395    (1)    6 :  0.061 0.069 0.168 0.105 0.342 0.081 0.173 
414 NS_SS1448   (10)    6 :  0.150 0.302 0.155 0.215 0.058 0.060 0.060 
415 NS_SS1446    (0)    6 :  0.065 0.118 0.152 0.138 0.199 0.111 0.219 
416 NS_SS1403    (2)    6 :  0.118 0.086 0.070 0.167 0.377 0.071 0.111 
417 NS_SS1415    (0)    6 :  0.120 0.160 0.212 0.130 0.138 0.107 0.133 
418 NS_SS1437    (4)    6 :  0.115 0.105 0.101 0.283 0.228 0.110 0.059 
419 NS_SS1439    (2)    6 :  0.097 0.088 0.127 0.077 0.216 0.217 0.179 
420 NS_SS1441    (3)    6 :  0.181 0.055 0.202 0.099 0.148 0.158 0.157 
421 NS_SS1420    (2)    6 :  0.093 0.522 0.056 0.069 0.058 0.059 0.142 
422 NS_SS1394    (2)    6 :  0.199 0.234 0.079 0.133 0.229 0.066 0.060 
423 NS_SS1391    (7)    6 :  0.254 0.058 0.212 0.108 0.127 0.061 0.180 
424 NS_SS1410    (5)    6 :  0.105 0.083 0.179 0.195 0.145 0.118 0.175 
425 NS_SS1408    (1)    6 :  0.068 0.143 0.074 0.233 0.249 0.134 0.099 
426 NS_SS1409    (1)    6 :  0.257 0.047 0.178 0.096 0.087 0.108 0.227 
427 HI_SS0617    (1)    7 :  0.149 0.109 0.167 0.085 0.062 0.075 0.353 
428 HI_SS0618    (2)    7 :  0.193 0.155 0.087 0.094 0.122 0.109 0.240 
429 HI_SS0619    (0)    7 :  0.315 0.105 0.176 0.092 0.125 0.088 0.099 
430 HI_SS0620    (1)    7 :  0.055 0.277 0.248 0.066 0.054 0.060 0.241 
431 HI_SS0621    (3)    7 :  0.119 0.130 0.081 0.222 0.119 0.157 0.172 
432 HI_SS0622    (1)    7 :  0.119 0.163 0.117 0.164 0.066 0.291 0.081 
433 HI_SS0626    (0)    7 :  0.107 0.311 0.119 0.138 0.216 0.060 0.049 
434 HI_SS0627    (0)    7 :  0.154 0.086 0.085 0.236 0.273 0.078 0.089 
435 HI_SS0628    (3)    7 :  0.143 0.102 0.261 0.202 0.158 0.068 0.067 
436 HI_SS0629    (1)    7 :  0.090 0.110 0.175 0.124 0.234 0.148 0.119 
437 HI_SS0630    (1)    7 :  0.142 0.208 0.155 0.058 0.165 0.101 0.171 
438 HI_SS0631    (0)    7 :  0.073 0.218 0.148 0.144 0.134 0.083 0.200 
439 HI_SS0632    (0)    7 :  0.084 0.274 0.126 0.175 0.087 0.179 0.075 
440 HI_SS0633    (0)    7 :  0.347 0.057 0.119 0.056 0.081 0.125 0.214 
441 HI_SS0634    (1)    7 :  0.089 0.197 0.142 0.170 0.217 0.084 0.100 
442 HI_SS0635    (0)    7 :  0.198 0.167 0.080 0.116 0.226 0.153 0.059 
443 HI_SS0637    (1)    7 :  0.043 0.239 0.126 0.120 0.147 0.240 0.084 
444 HI_SS0638    (0)    7 :  0.191 0.157 0.165 0.153 0.091 0.137 0.107 
445 HI_SS0639    (1)    7 :  0.129 0.180 0.051 0.119 0.261 0.130 0.129 
446 HI_SS0640    (1)    7 :  0.118 0.123 0.087 0.077 0.232 0.269 0.095 
447 HI_SS0641    (1)    7 :  0.110 0.245 0.211 0.067 0.216 0.085 0.065 
448 HI_SS0642    (0)    7 :  0.097 0.077 0.055 0.315 0.271 0.076 0.109 
449 HI_SS0645    (0)    7 :  0.266 0.322 0.052 0.061 0.074 0.107 0.118 
450 HI_SS0646    (1)    7 :  0.166 0.068 0.095 0.147 0.120 0.149 0.254 
451 HI_SS0647    (1)    7 :  0.247 0.105 0.122 0.265 0.081 0.125 0.053 
452 HI_SS0648    (0)    7 :  0.169 0.142 0.136 0.141 0.138 0.167 0.107 
453 HI_SS0649    (1)    7 :  0.186 0.076 0.136 0.067 0.194 0.130 0.210 
454 HI_SS0650    (1)    7 :  0.266 0.104 0.075 0.117 0.103 0.070 0.265 
455 HI_SS0651    (1)    7 :  0.166 0.119 0.101 0.077 0.229 0.112 0.196 
456 HI_SS0652    (1)    7 :  0.189 0.423 0.059 0.103 0.090 0.072 0.065 
457 NS_SS1371    (3)    7 :  0.088 0.049 0.112 0.109 0.293 0.070 0.279 
458 NS_SS1374    (0)    7 :  0.091 0.158 0.226 0.252 0.152 0.054 0.066 
459 NS_SS1337    (3)    7 :  0.103 0.292 0.062 0.286 0.087 0.093 0.077 
460 NS_SS1385    (5)    7 :  0.180 0.086 0.081 0.100 0.178 0.165 0.210 
461 NS_SS1388    (0)    7 :  0.315 0.071 0.218 0.089 0.156 0.087 0.064 
462 NS_SS1370    (1)    7 :  0.045 0.553 0.044 0.070 0.066 0.068 0.155 
463 NS_SS1389    (3)    7 :  0.346 0.140 0.134 0.123 0.130 0.071 0.056 
464 NS_SS1360    (1)    7 :  0.076 0.201 0.171 0.070 0.259 0.136 0.087 
465 NS_SS1330    (0)    7 :  0.174 0.236 0.063 0.061 0.168 0.150 0.148 
466 NS_SS1328    (8)    7 :  0.182 0.048 0.188 0.236 0.078 0.092 0.176 
467 NS_SS1384    (1)    7 :  0.047 0.131 0.099 0.181 0.270 0.143 0.130 
468 NS_SS1381    (0)    7 :  0.307 0.082 0.052 0.082 0.064 0.143 0.270 
469 NS_SS1375    (1)    7 :  0.331 0.136 0.094 0.133 0.121 0.046 0.139 
470 NS_SS1319   (10)    7 :  0.110 0.123 0.111 0.196 0.193 0.083 0.185 
471 NS_SS1326    (2)    7 :  0.226 0.058 0.351 0.096 0.082 0.072 0.115 
472 NS_SS1341    (1)    7 :  0.051 0.083 0.193 0.204 0.230 0.143 0.096 
473 NS_SS1383    (1)    7 :  0.039 0.152 0.072 0.341 0.202 0.075 0.119 
474 NS_SS1318    (3)    7 :  0.155 0.234 0.099 0.077 0.110 0.153 0.172 
475 NS_SS1348    (2)    7 :  0.046 0.120 0.198 0.117 0.273 0.123 0.124 
476 NS_SS1363    (0)    7 :  0.137 0.191 0.092 0.119 0.114 0.223 0.125 
477 NS_SS1335    (4)    7 :  0.057 0.152 0.148 0.093 0.233 0.231 0.086 
478 NS_SS1358    (0)    7 :  0.045 0.095 0.135 0.170 0.147 0.248 0.160 
479 NS_SS1342    (1)    7 :  0.058 0.047 0.143 0.226 0.174 0.200 0.151 
480 NS_SS1320    (2)    7 :  0.413 0.048 0.033 0.105 0.051 0.190 0.159 
481 NS_SS1355    (1)    7 :  0.122 0.134 0.067 0.099 0.102 0.369 0.107 
482 NS_SS1345    (1)    7 :  0.069 0.108 0.052 0.098 0.068 0.520 0.086 
483 NS_SS1324    (0)    7 :  0.083 0.097 0.150 0.143 0.222 0.119 0.185 
484 NS_SS1347    (5)    7 :  0.079 0.108 0.079 0.113 0.196 0.123 0.301 
485 NS_SS1321    (4)    7 :  0.081 0.141 0.236 0.155 0.210 0.066 0.111 
486 NS_SS1333    (0)    7 :  0.100 0.069 0.218 0.226 0.251 0.035 0.101 
487 NS_SS1364    (1)    7 :  0.062 0.068 0.223 0.157 0.143 0.304 0.043 
488 NS_SS1379    (0)    7 :  0.183 0.144 0.126 0.106 0.112 0.140 0.190 
489 NS_SS1332    (0)    7 :  0.161 0.053 0.310 0.129 0.201 0.079 0.066 
490 NS_SS1338    (5)    7 :  0.061 0.226 0.200 0.086 0.222 0.061 0.144 
491 NS_SS1368    (6)    7 :  0.121 0.050 0.230 0.156 0.116 0.283 0.043 
492 NS_SS1354    (1)    7 :  0.160 0.096 0.113 0.115 0.198 0.215 0.103 
493 NS_SS1365    (0)    7 :  0.157 0.205 0.076 0.229 0.075 0.163 0.095 
494 NS_SS1380    (1)    7 :  0.168 0.167 0.089 0.123 0.090 0.307 0.056 
495 NS_SS1329    (8)    7 :  0.081 0.044 0.212 0.210 0.173 0.205 0.075 
496 NS_SS1362    (0)    7 :  0.114 0.086 0.128 0.150 0.216 0.165 0.142 
497 NS_SS1327    (2)    7 :  0.071 0.086 0.430 0.087 0.170 0.038 0.119 
498 NS_SS1350    (0)    7 :  0.182 0.061 0.121 0.103 0.149 0.044 0.340 
499 NS_SS1387    (2)    7 :  0.152 0.276 0.110 0.076 0.183 0.095 0.108 
500 NS_SS1369    (8)    7 :  0.057 0.171 0.200 0.159 0.046 0.266 0.100 
501 NS_SS1331    (1)    7 :  0.219 0.176 0.212 0.168 0.103 0.065 0.057 
502 NS_SS1357    (4)    7 :  0.173 0.043 0.107 0.220 0.056 0.085 0.316 
503 NS_SS1386    (1)    7 :  0.046 0.051 0.364 0.284 0.089 0.115 0.050 
504 NS_SS1353    (2)    7 :  0.318 0.065 0.133 0.180 0.115 0.096 0.094 
505 NS_SS1323    (0)    7 :  0.132 0.097 0.058 0.250 0.144 0.239 0.079 
506 HI_SS0296    (0)    8 :  0.065 0.315 0.157 0.077 0.050 0.110 0.227 
507 HI_SS0297    (0)    8 :  0.144 0.065 0.062 0.366 0.110 0.059 0.194 
508 HI_SS0299    (0)    8 :  0.065 0.214 0.117 0.211 0.097 0.164 0.131 
509 HI_SS0300    (0)    8 :  0.087 0.257 0.124 0.087 0.071 0.240 0.133 
510 HI_SS0301    (0)    8 :  0.055 0.311 0.106 0.122 0.246 0.126 0.034 
511 HI_SS0302    (0)    8 :  0.065 0.303 0.149 0.114 0.144 0.136 0.089 
512 HI_SS0303    (0)    8 :  0.244 0.058 0.337 0.066 0.115 0.094 0.087 
513 HI_SS0304    (0)    8 :  0.300 0.164 0.183 0.147 0.105 0.054 0.047 
514 HI_SS0306    (5)    8 :  0.092 0.263 0.242 0.178 0.070 0.096 0.060 
515 HI_SS0307    (1)    8 :  0.196 0.129 0.078 0.094 0.159 0.220 0.125 
516 HI_SS0308    (1)    8 :  0.082 0.096 0.085 0.081 0.321 0.161 0.173 
