   NS_SS0963  1 0.3993 0.2879 0.3127 
   NS_SS0983  1 0.2752 0.5834 0.1414 
   NS_SS0719  1 0.3436 0.4029 0.2535 
   NS_SS1001  1 0.3766 0.1281 0.4953 
   NS_SS0936  1 0.1815 0.2140 0.6045 
   NS_SS0955  1 0.4063 0.4286 0.1651 
   NS_SS0944  1 0.3910 0.3179 0.2911 
   NS_SS0945  1 0.1982 0.2975 0.5043 
   NS_SS0922  1 0.3060 0.1506 0.5433 
   NS_SS0929  1 0.2989 0.4666 0.2345 
   NS_SS0956  1 0.5024 0.1250 0.3726 
   NS_SS0906  1 0.4021 0.3617 0.2362 
   NS_SS0721  1 0.5369 0.2400 0.2231 
   NS_SS0982  1 0.4859 0.2245 0.2895 
   NS_SS0923  1 0.3688 0.2441 0.3872 
   NS_SS0905  1 0.4192 0.3239 0.2569 
   NS_SS0925  1 0.4450 0.1477 0.4073 
   NS_SS0947  1 0.2791 0.2115 0.5094 
   NS_SS0926  1 0.2638 0.5697 0.1665 
   NS_SS0918  1 0.6168 0.1284 0.2548 
   NS_SS0966  1 0.4546 0.2386 0.3068 
   NS_SS0938  1 0.1867 0.1599 0.6534 
   NS_SS0917  1 0.1617 0.5521 0.2862 
   NS_SS0957  1 0.4480 0.2641 0.2880 
   NS_SS0987  1 0.6911 0.1678 0.1411 
   NS_SS0717  1 0.4200 0.1399 0.4401 
   NS_SS0986  1 0.5184 0.2724 0.2092 
   NS_SS0953  1 0.4503 0.1488 0.4009 
   NS_SS0907  1 0.4372 0.3170 0.2458 
   NS_SS0974  1 0.2304 0.3760 0.3936 
   NS_SS0989  1 0.1191 0.6316 0.2493 
   NS_SS0991  1 0.5958 0.3054 0.0988 
   NS_SS0994  1 0.1010 0.7165 0.1825 
   NS_SS0931  1 0.4787 0.3614 0.1599 
   NS_SS1000  1 0.2453 0.1467 0.6080 
   NS_SS0919  1 0.3102 0.4744 0.2154 
   NS_SS0949  1 0.2163 0.5542 0.2295 
   NS_SS0960  1 0.3830 0.4764 0.1406 
   NS_SS0716  1 0.4533 0.1040 0.4427 
   NS_SS0924  1 0.4590 0.3754 0.1657 
   NS_SS0935  1 0.4120 0.4522 0.1357 
   NS_SS0952  1 0.2935 0.5374 0.1690 
   NS_SS0962  1 0.3454 0.1695 0.4851 
   NS_SS0973  1 0.3988 0.3220 0.2792 
   NS_SS0722  1 0.1808 0.1107 0.7085 
   NS_SS0979  1 0.5374 0.1681 0.2945 
   NS_SS0993  1 0.3948 0.1494 0.4558 
   NS_SS0958  1 0.2891 0.4678 0.2432 
   NS_SS0988  1 0.4372 0.3589 0.2039 
   NS_SS1003  1 0.6259 0.1300 0.2441 
   NS_SS0976  1 0.2960 0.4517 0.2523 
   NS_SS0964  1 0.3489 0.1244 0.5268 
   NS_SS0939  1 0.3227 0.0834 0.5939 
   NS_SS0990  1 0.2396 0.3276 0.4328 
   NS_SS0984  1 0.2636 0.1019 0.6346 
   NS_SS0980  1 0.1977 0.2990 0.5033 
   NS_SS0978  1 0.1944 0.3128 0.4928 
   NS_SS0951  1 0.5920 0.2745 0.1335 
   NS_SS0913  1 0.4635 0.1633 0.3732 
   NS_SS1002  1 0.3323 0.1864 0.4813 
   NS_SS0948  1 0.4592 0.2982 0.2425 
   NS_SS0916  1 0.1508 0.4464 0.4028 
   NS_SS0995  1 0.2760 0.3055 0.4184 
   NS_SS0927  1 0.1550 0.5195 0.3255 
   NS_SS0992  1 0.1279 0.4034 0.4687 
   NS_SS0912  1 0.5759 0.2345 0.1895 
   NS_SS0981  1 0.5838 0.1779 0.2383 
   NS_SS0729  2 0.1334 0.6489 0.2177 
   NS_SS0967  2 0.4305 0.2805 0.2890 
   NS_SS0941  2 0.1835 0.2299 0.5866 
   NS_SS0768  2 0.5367 0.2150 0.2482 
   NS_SS0726  2 0.1314 0.5511 0.3175 
   NS_SS0763  2 0.2046 0.5495 0.2459 
   NS_SS0730  2 0.3388 0.1657 0.4956 
   NS_SS0774  2 0.1649 0.1930 0.6421 
   NS_SS0723  2 0.3358 0.1611 0.5031 
   NS_SS0940  2 0.2097 0.3691 0.4212 
   NS_SS0762  2 0.2789 0.0960 0.6251 
   NS_SS0766  2 0.2315 0.2805 0.4880 
   NS_SS0724  2 0.5796 0.1397 0.2807 
   NS_SS0769  2 0.3435 0.3191 0.3373 
   NS_SS0777  2 0.4591 0.3307 0.2102 
   NS_SS0734  2 0.3549 0.3302 0.3149 
   NS_SS0737  2 0.1393 0.1032 0.7575 
   NS_SS0732  2 0.6477 0.1516 0.2007 
   NS_SS0728  2 0.2280 0.2479 0.5241 
   NS_SS0735  2 0.3310 0.1724 0.4966 
   NS_SS0725  2 0.2367 0.1635 0.5998 
   NS_SS0788  2 0.2759 0.3731 0.3510 
   NS_SS0778  2 0.3217 0.4534 0.2249 
   NS_SS0792  2 0.3838 0.4147 0.2015 
   NS_SS0943  2 0.4634 0.3971 0.1394 
   NS_SS0791  2 0.2354 0.4141 0.3505 
   NS_SS0790  2 0.6129 0.0737 0.3134 
   NS_SS0731  2 0.5400 0.1406 0.3194 
   NS_SS0727  2 0.1025 0.4461 0.4514 
   NS_SS0779  2 0.3985 0.2709 0.3306 
   NS_SS0776  2 0.2458 0.2258 0.5283 
   NS_SS0775  2 0.2230 0.1436 0.6334 
   NS_SS0965  3 0.5896 0.1940 0.2164 
   NS_SS0754  3 0.3802 0.4475 0.1723 
   NS_SS0838  3 0.2578 0.3290 0.4131 
   NS_SS0839  3 0.2950 0.1312 0.5739 
   NS_SS0832  3 0.5550 0.0819 0.3631 
   NS_SS0820  3 0.6270 0.1413 0.2318 
   NS_SS0886  3 0.3493 0.4114 0.2393 
   NS_SS0748  3 0.4261 0.3746 0.1993 
   NS_SS0884  3 0.2878 0.3838 0.3284 
   NS_SS0752  3 0.2025 0.2763 0.5212 
   NS_SS0862  3 0.6696 0.1200 0.2104 
   NS_SS0787  3 0.1664 0.7220 0.1116 
   NS_SS0843  3 0.3906 0.3016 0.3078 
   NS_SS0856  3 0.2104 0.2996 0.4901 
   NS_SS0846  3 0.2524 0.4518 0.2957 
   NS_SS0825  3 0.4022 0.3181 0.2797 
   NS_SS0757  3 0.4143 0.3574 0.2283 
   NS_SS0876  3 0.3654 0.2063 0.4283 
   NS_SS0903  3 0.2567 0.2180 0.5253 
   NS_SS0875  3 0.3914 0.2363 0.3723 
   NS_SS0740  3 0.3703 0.2860 0.3437 
   NS_SS0811  3 0.6286 0.1035 0.2680 
   NS_SS0751  3 0.2420 0.2392 0.5188 
   NS_SS0891  3 0.2717 0.2474 0.4809 
   NS_SS0867  3 0.4660 0.3656 0.1684 
   NS_SS0890  3 0.3129 0.3246 0.3625 
   NS_SS0866  3 0.1334 0.7047 0.1618 
   NS_SS0755  3 0.5090 0.2633 0.2277 
   NS_SS0758  3 0.2651 0.3063 0.4286 
   NS_SS0840  3 0.4058 0.1278 0.4665 
   NS_SS0889  3 0.3905 0.4628 0.1467 
   NS_SS1010  3 0.3808 0.3472 0.2720 
   NS_SS0888  3 0.1522 0.6471 0.2007 
   NS_SS0837  3 0.6789 0.1237 0.1974 
   NS_SS0794  3 0.1688 0.4883 0.3430 
   NS_SS0823  3 0.3633 0.1352 0.5015 
   NS_SS0829  3 0.3960 0.5118 0.0922 
   NS_SS0844  3 0.6239 0.1399 0.2362 
   NS_SS1008  3 0.2119 0.3931 0.3949 
   NS_SS0881  3 0.2907 0.3847 0.3247 
   NS_SS0834  3 0.1655 0.1348 0.6997 
   NS_SS0744  3 0.3196 0.3827 0.2978 
   NS_SS0899  3 0.6207 0.0997 0.2796 
   NS_SS0804  3 0.5250 0.1130 0.3620 
   NS_SS0781  3 0.4034 0.1344 0.4622 
   NS_SS0822  3 0.2969 0.3370 0.3661 
   NS_SS1004  3 0.4733 0.2430 0.2838 
   NS_SS0746  3 0.4000 0.2722 0.3278 
   NS_SS0880  3 0.3040 0.2481 0.4479 
   NS_SS0879  3 0.3476 0.1929 0.4594 
   NS_SS0753  3 0.4918 0.3769 0.1313 
   NS_SS1007  3 0.1374 0.3001 0.5625 
   NS_SS0872  3 0.3293 0.2158 0.4550 
   NS_SS1005  3 0.3593 0.2051 0.4356 
   NS_SS0892  3 0.3536 0.2993 0.3470 
   NS_SS0898  3 0.3586 0.3606 0.2809 
   NS_SS0801  3 0.5914 0.2143 0.1943 
   NS_SS0827  3 0.5661 0.3024 0.1315 
   NS_SS0853  3 0.5740 0.2686 0.1574 
   NS_SS0780  3 0.3724 0.1774 0.4502 
   NS_SS0826  3 0.5187 0.2834 0.1979 
   NS_SS0818  3 0.3521 0.1120 0.5359 
   NS_SS0745  3 0.3070 0.0661 0.6269 
   NS_SS0849  3 0.6868 0.1652 0.1480 
   NS_SS0739  3 0.2963 0.3250 0.3787 
   NS_SS0799  3 0.2382 0.4585 0.3033 
   NS_SS0756  3 0.6305 0.1107 0.2588 
   NS_SS0802  3 0.1948 0.4661 0.3391 
   NS_SS0747  3 0.3368 0.3327 0.3305 
   NS_SS0835  3 0.1188 0.7301 0.1510 
   NS_SS0742  3 0.3449 0.2987 0.3564 
   NS_SS0760  3 0.2311 0.5664 0.2025 
   NS_SS0803  3 0.4274 0.1549 0.4177 
   NS_SS0828  3 0.4976 0.2627 0.2397 
   NS_SS0865  3 0.4459 0.3742 0.1799 
   NS_SS0759  3 0.4274 0.1219 0.4507 
   NS_SS0851  3 0.5981 0.1036 0.2984 
   NS_SS0874  3 0.4538 0.1826 0.3637 
   NS_SS0761  3 0.3880 0.4797 0.1323 
   NS_SS0842  3 0.3014 0.4175 0.2811 
   NS_SS0785  3 0.3344 0.4205 0.2451 
   NS_SS0860  3 0.1543 0.7197 0.1260 
   NS_SS0897  3 0.1968 0.6478 0.1555 
   NS_SS0841  3 0.5166 0.1097 0.3737 
   NS_SS0797  3 0.5050 0.3559 0.1391 
   NS_SS0830  3 0.4700 0.2909 0.2391 
   NS_SS1011  3 0.4914 0.1792 0.3294 
   NS_SS0883  3 0.4226 0.4080 0.1694 
   NS_SS0782  3 0.2039 0.3066 0.4895 
   NS_SS0831  3 0.3657 0.4990 0.1353 
   NS_SS0749  3 0.3292 0.3283 0.3424 
   NS_SS0854  3 0.2070 0.4123 0.3807 
   HI_SS0193  4 0.2451 0.4163 0.3386 
   HI_SS0194  4 0.1614 0.1445 0.6940 
   HI_SS0195  4 0.4965 0.0959 0.4076 
   HI_SS0196  4 0.1648 0.2845 0.5506 
   HI_SS0197  4 0.1798 0.2938 0.5265 
   HI_SS0198  4 0.3705 0.3976 0.2319 
   HI_SS0199  4 0.1305 0.4945 0.3750 
   HI_SS0201  4 0.2944 0.6134 0.0922 
   HI_SS0215  4 0.2899 0.6083 0.1018 
   HI_SS0218  4 0.1472 0.6709 0.1820 
   HI_SS0222  4 0.3042 0.2408 0.4550 
   HI_SS0230  4 0.5659 0.2213 0.2128 
   HI_SS0234  4 0.1423 0.3183 0.5395 
   HI_SS0240  4 0.1771 0.2535 0.5694 
   HI_SS0241  4 0.2552 0.5644 0.1804 
   HI_SS0242  4 0.3791 0.3228 0.2981 
   HI_SS0247  4 0.5111 0.2276 0.2613 
   HI_SS0248  4 0.1478 0.4997 0.3525 
   HI_SS0252  4 0.3271 0.1671 0.5058 
   HI_SS0254  4 0.3322 0.4034 0.2644 
   HI_SS0256  4 0.4352 0.0701 0.4947 
   HI_SS0257  4 0.1896 0.5759 0.2345 
   HI_SS0258  4 0.3536 0.4657 0.1807 
   HI_SS0259  4 0.1986 0.2274 0.5740 
   HI_SS0260  4 0.1363 0.5603 0.3034 
   HI_SS0261  4 0.2081 0.3757 0.4162 
   HI_SS0262  4 0.4473 0.2795 0.2733 
   HI_SS0264  4 0.4989 0.1663 0.3348 
   HI_SS0265  4 0.4290 0.2650 0.3060 
   HI_SS0268  4 0.2968 0.3545 0.3487 
   HI_SS0269  4 0.0983 0.7650 0.1367 
   HI_SS0273  4 0.3258 0.5204 0.1537 
   HI_SS0277  4 0.4135 0.3108 0.2756 
   HI_SS0280  4 0.3663 0.2549 0.3788 
   HI_SS0282  4 0.3776 0.3757 0.2467 
   HI_SS0286  4 0.4339 0.3854 0.1807 
   NS_SS1252  5 0.1760 0.6835 0.1405 
   NS_SS1261  5 0.3329 0.3733 0.2938 
   NS_SS1225  5 0.3954 0.4329 0.1718 
   NS_SS1266  5 0.5591 0.1101 0.3308 
   NS_SS1228  5 0.5020 0.2133 0.2846 
   NS_SS1255  5 0.1146 0.2056 0.6798 
   NS_SS1267  5 0.1230 0.7755 0.1015 
   NS_SS1238  5 0.3511 0.2738 0.3752 
   NS_SS1233  5 0.6565 0.1443 0.1992 
   NS_SS1277  5 0.1654 0.4320 0.4026 
   NS_SS1245  5 0.3072 0.3176 0.3752 
   NS_SS1240  5 0.1187 0.7664 0.1149 
   NS_SS1275  5 0.3917 0.1271 0.4811 
   NS_SS1235  5 0.1821 0.2689 0.5490 
   NS_SS1263  5 0.3588 0.1340 0.5072 
   NS_SS1251  5 0.4359 0.1953 0.3688 
   NS_SS1248  5 0.7235 0.1347 0.1417 
   NS_SS1244  5 0.4043 0.3403 0.2554 
   NS_SS1257  5 0.2557 0.5309 0.2134 
   NS_SS1242  5 0.3013 0.1471 0.5516 
   NS_SS1271  5 0.1391 0.7209 0.1401 
   NS_SS1265  5 0.2812 0.5214 0.1974 
   NS_SS1243  5 0.4673 0.1623 0.3704 
   NS_SS1273  5 0.3417 0.1260 0.5323 
   NS_SS1254  5 0.4620 0.1936 0.3444 
   NS_SS1224  5 0.5940 0.1272 0.2789 
   NS_SS1227  5 0.1337 0.6284 0.2380 
   NS_SS1274  5 0.2615 0.4563 0.2822 
   NS_SS1241  5 0.2861 0.4665 0.2474 
   NS_SS1256  5 0.3244 0.3718 0.3038 
   NS_SS1260  5 0.1503 0.6564 0.1932 
   NS_SS1262  5 0.4744 0.3696 0.1560 
   NS_SS1230  5 0.3432 0.3699 0.2869 
   NS_SS1270  5 0.7269 0.1285 0.1445 
   NS_SS1229  5 0.0984 0.2480 0.6536 
   NS_SS1246  5 0.1207 0.5814 0.2978 
   NS_SS1269  5 0.3743 0.2591 0.3666 
   NS_SS1239  5 0.3440 0.1956 0.4604 
   NS_SS1272  5 0.3589 0.3584 0.2826 
   NS_SS1268  5 0.6926 0.1296 0.1777 
   NS_SS1249  5 0.1088 0.6503 0.2410 
   HI_SS0559  6 0.3950 0.2866 0.3184 
   HI_SS0563  6 0.3998 0.3165 0.2837 
   HI_SS0564  6 0.3678 0.2527 0.3795 
   HI_SS0565  6 0.2647 0.4904 0.2449 
   HI_SS0569  6 0.4328 0.4712 0.0960 
   HI_SS0570  6 0.1819 0.6027 0.2153 
   HI_SS0572  6 0.1673 0.2038 0.6289 
   HI_SS0576  6 0.4703 0.1550 0.3747 
   HI_SS0579  6 0.4277 0.3239 0.2484 
   HI_SS0580  6 0.1849 0.4481 0.3670 
   HI_SS0581  6 0.4866 0.1387 0.3747 
   HI_SS0583  6 0.1338 0.5800 0.2861 
   HI_SS0586  6 0.2671 0.6006 0.1322 
   HI_SS0588  6 0.3890 0.4000 0.2110 
   HI_SS0595  6 0.1615 0.5817 0.2568 
   HI_SS0596  6 0.1702 0.1362 0.6936 
   HI_SS0597  6 0.1576 0.2074 0.6350 
   HI_SS0600  6 0.2388 0.5377 0.2234 
   HI_SS0601  6 0.5068 0.3714 0.1218 
   HI_SS0602  6 0.3817 0.4031 0.2152 
   HI_SS0604  6 0.4675 0.2278 0.3047 
   HI_SS0605  6 0.3912 0.3464 0.2624 
   HI_SS0608  6 0.3012 0.2430 0.4558 
   HI_SS0609  6 0.3730 0.1713 0.4557 
   HI_SS0611  6 0.3084 0.5451 0.1465 
   HI_SS0612  6 0.2442 0.4022 0.3535 
   HI_SS0613  6 0.5819 0.2583 0.1599 
   HI_SS0615  6 0.3106 0.1092 0.5802 
   HI_SS0001  6 0.1321 0.3674 0.5005 
   HI_SS0002  6 0.4346 0.1874 0.3780 
   HI_SS0004  6 0.2230 0.4194 0.3577 
   HI_SS0005  6 0.6036 0.1902 0.2062 
   HI_SS0006  6 0.2490 0.5193 0.2318 
   HI_SS0007  6 0.4585 0.3460 0.1955 
   HI_SS0008  6 0.5009 0.2612 0.2379 
   HI_SS0009  6 0.4346 0.1220 0.4434 
   HI_SS0010  6 0.4537 0.3486 0.1977 
   HI_SS0011  6 0.6027 0.1786 0.2188 
   HI_SS0012  6 0.3500 0.2497 0.4003 
   HI_SS0017  6 0.1717 0.1305 0.6978 
   HI_SS0021  6 0.3431 0.4484 0.2085 
   HI_SS0024  6 0.3176 0.1822 0.5002 
   HI_SS0025  6 0.3250 0.1521 0.5229 
   HI_SS0027  6 0.4345 0.3776 0.1879 
   HI_SS0028  6 0.5767 0.1068 0.3165 
   HI_SS0029  6 0.2134 0.2975 0.4891 
   HI_SS0030  6 0.2957 0.3926 0.3116 
   HI_SS0031  6 0.2455 0.3952 0.3593 
   HI_SS0034  6 0.1980 0.5338 0.2681 
   HI_SS0036  6 0.2161 0.5886 0.1952 
   HI_SS0037  6 0.3041 0.5588 0.1371 
   HI_SS0039  6 0.4248 0.4160 0.1592 
   HI_SS0041  6 0.4094 0.1531 0.4376 
   HI_SS0042  6 0.3277 0.1562 0.5161 
   HI_SS0043  6 0.1893 0.7025 0.1082 
   HI_SS0044  6 0.1098 0.3859 0.5042 
   HI_SS0047  6 0.4217 0.1695 0.4089 
   HI_SS0049  6 0.2349 0.1628 0.6023 
   HI_SS0051  6 0.6469 0.2076 0.1455 
   HI_SS0053  6 0.1568 0.6509 0.1923 
   HI_SS0054  6 0.4448 0.4371 0.1181 
   HI_SS0057  6 0.5140 0.1761 0.3099 
   HI_SS0058  6 0.3184 0.4167 0.2648 
   HI_SS0060  6 0.5960 0.2153 0.1886 
   HI_SS0087  6 0.2910 0.3870 0.3220 
   HI_SS0091  6 0.0967 0.7682 0.1352 
   HI_SS0095  6 0.3404 0.3922 0.2674 
   HI_SS0097  6 0.5173 0.2412 0.2414 
   HI_SS0099  6 0.2957 0.2243 0.4801 
   HI_SS0103  6 0.1834 0.3047 0.5119 
   HI_SS0105  6 0.4573 0.3259 0.2167 
   HI_SS0107  6 0.1417 0.1174 0.7409 
   HI_SS0108  6 0.1438 0.7408 0.1155 
   HI_SS0110  6 0.1282 0.4808 0.3910 
   HI_SS0111  6 0.3645 0.3172 0.3183 
   HI_SS0112  6 0.1416 0.6941 0.1642 
   HI_SS0113  6 0.2699 0.1246 0.6054 
   HI_SS0114  6 0.4425 0.4365 0.1210 
   HI_SS0115  6 0.2731 0.2968 0.4300 
   HI_SS0116  6 0.0934 0.5377 0.3689 
   HI_SS0117  6 0.2755 0.4819 0.2425 
   HI_SS0118  6 0.1960 0.5758 0.2282 
   HI_SS0119  6 0.2860 0.5295 0.1845 
   HI_SS0120  6 0.1372 0.1250 0.7379 
   HI_SS0121  6 0.6854 0.1419 0.1727 
   HI_SS0122  6 0.3683 0.3708 0.2610 
   HI_SS0123  6 0.2128 0.3559 0.4313 
   HI_SS0124  6 0.2573 0.1038 0.6389 
   HI_SS0125  6 0.4131 0.1266 0.4604 
   HI_SS0126  6 0.1128 0.5878 0.2994 
   HI_SS0127  6 0.6882 0.1824 0.1294 
   HI_SS0128  6 0.2195 0.2595 0.5209 
   HI_SS0129  6 0.1793 0.4405 0.3802 
   HI_SS0131  6 0.6011 0.2998 0.0992 
   HI_SS0132  6 0.3608 0.3560 0.2832 
   HI_SS0133  6 0.1304 0.7229 0.1466 
   HI_SS0134  6 0.2853 0.4015 0.3132 
   HI_SS0142  6 0.4913 0.2992 0.2095 
   HI_SS0145  6 0.3123 0.3301 0.3577 
   HI_SS0146  6 0.3619 0.4543 0.1838 
   HI_SS0147  6 0.6444 0.1379 0.2177 
   HI_SS0149  6 0.3370 0.3951 0.2679 
   HI_SS0150  6 0.4799 0.1235 0.3966 
   HI_SS0151  6 0.2339 0.3365 0.4296 
   NS_SS1451  6 0.3463 0.1197 0.5341 
   NS_SS1404  6 0.5095 0.2082 0.2823 
   NS_SS1432  6 0.2149 0.1900 0.5952 
   NS_SS1405  6 0.2558 0.2454 0.4988 
   NS_SS1431  6 0.2509 0.1423 0.6068 
   NS_SS1402  6 0.1952 0.4741 0.3307 
   NS_SS1450  6 0.1915 0.3968 0.4117 
   NS_SS1396  6 0.3760 0.2848 0.3392 
   NS_SS1393  6 0.2274 0.5067 0.2658 
   NS_SS1392  6 0.2530 0.1525 0.5945 
   NS_SS1445  6 0.4083 0.4516 0.1401 
   NS_SS1423  6 0.1601 0.4813 0.3586 
   NS_SS1421  6 0.2981 0.4003 0.3016 
   NS_SS1411  6 0.4342 0.3730 0.1928 
   NS_SS1453  6 0.2443 0.5262 0.2295 
   NS_SS1442  6 0.4880 0.2323 0.2797 
   NS_SS1422  6 0.2454 0.3311 0.4235 
   NS_SS1419  6 0.6254 0.1803 0.1943 
   NS_SS1427  6 0.0765 0.6277 0.2958 
   NS_SS1444  6 0.5746 0.1644 0.2611 
   NS_SS1455  6 0.2545 0.1542 0.5913 
   NS_SS1425  6 0.2577 0.6382 0.1041 
   NS_SS1400  6 0.3827 0.4394 0.1779 
   NS_SS1406  6 0.4481 0.1584 0.3936 
   NS_SS1417  6 0.3731 0.3456 0.2813 
   NS_SS1454  6 0.3050 0.4467 0.2484 
   NS_SS1412  6 0.2829 0.4215 0.2956 
   NS_SS1438  6 0.3774 0.5171 0.1055 
   NS_SS1416  6 0.3362 0.3108 0.3530 
   NS_SS1401  6 0.2564 0.4293 0.3144 
   NS_SS1424  6 0.2761 0.4433 0.2805 
   NS_SS1435  6 0.3083 0.2567 0.4350 
   NS_SS1447  6 0.5602 0.1655 0.2743 
   NS_SS1414  6 0.5433 0.1291 0.3276 
   NS_SS1449  6 0.1884 0.3192 0.4924 
   NS_SS1443  6 0.1264 0.5777 0.2959 
   NS_SS1434  6 0.0932 0.2697 0.6371 
   NS_SS1398  6 0.2531 0.2027 0.5442 
   NS_SS1426  6 0.2603 0.5870 0.1527 
   NS_SS1413  6 0.2112 0.4477 0.3411 
   NS_SS1395  6 0.2235 0.5745 0.2020 
   NS_SS1448  6 0.3928 0.2795 0.3277 
   NS_SS1446  6 0.2102 0.5852 0.2046 
   NS_SS1403  6 0.2453 0.3353 0.4193 
   NS_SS1415  6 0.3034 0.4846 0.2120 
   NS_SS1437  6 0.3866 0.2456 0.3678 
   NS_SS1439  6 0.3584 0.3566 0.2850 
   NS_SS1441  6 0.1574 0.5116 0.3310 
   NS_SS1420  6 0.5921 0.1272 0.2807 
   NS_SS1394  6 0.4893 0.1443 0.3663 
   NS_SS1391  6 0.1102 0.3986 0.4912 
   NS_SS1410  6 0.2170 0.4599 0.3230 
   NS_SS1408  6 0.4638 0.2423 0.2938 
   NS_SS1409  6 0.1002 0.3696 0.5302 
   HI_SS0617  7 0.1343 0.4630 0.4027 
   HI_SS0618  7 0.3562 0.1829 0.4608 
   HI_SS0619  7 0.2358 0.2944 0.4697 
   HI_SS0620  7 0.2916 0.5547 0.1537 
   HI_SS0621  7 0.3731 0.2028 0.4241 
   HI_SS0622  7 0.4531 0.2365 0.3105 
   HI_SS0626  7 0.5761 0.2297 0.1942 
   HI_SS0627  7 0.2743 0.2426 0.4830 
   HI_SS0628  7 0.2466 0.4524 0.3010 
   HI_SS0629  7 0.3961 0.4213 0.1826 
   HI_SS0630  7 0.2952 0.4172 0.2876 
   HI_SS0631  7 0.4233 0.3770 0.1997 
   HI_SS0632  7 0.5863 0.2126 0.2010 
   HI_SS0633  7 0.1754 0.1887 0.6359 
   HI_SS0634  7 0.3848 0.3134 0.3017 
   HI_SS0635  7 0.5271 0.1631 0.3098 
   HI_SS0637  7 0.5637 0.2701 0.1662 
   HI_SS0638  7 0.3163 0.2580 0.4257 
   HI_SS0639  7 0.4824 0.1793 0.3383 
   HI_SS0640  7 0.4556 0.2304 0.3140 
   HI_SS0641  7 0.4170 0.4586 0.1244 
   HI_SS0642  7 0.2804 0.2545 0.4652 
   HI_SS0645  7 0.4785 0.0968 0.4247 
   HI_SS0646  7 0.1514 0.3405 0.5081 
   HI_SS0647  7 0.2480 0.2242 0.5278 
   HI_SS0648  7 0.4040 0.2572 0.3389 
   HI_SS0649  7 0.2639 0.3783 0.3579 
   HI_SS0650  7 0.1407 0.1844 0.6749 
   HI_SS0651  7 0.3207 0.3029 0.3764 
   HI_SS0652  7 0.5141 0.1326 0.3533 
   NS_SS1371  7 0.1290 0.5763 0.2947 
   NS_SS1374  7 0.2605 0.4892 0.2503 
   NS_SS1337  7 0.4700 0.1339 0.3961 
   NS_SS1385  7 0.2009 0.3390 0.4601 
   NS_SS1388  7 0.2401 0.3155 0.4444 
   NS_SS1370  7 0.7588 0.1126 0.1286 
   NS_SS1389  7 0.3050 0.1786 0.5164 
   NS_SS1360  7 0.4903 0.3527 0.1569 
   NS_SS1330  7 0.5112 0.1463 0.3425 
   NS_SS1328  7 0.1115 0.4031 0.4854 
   NS_SS1384  7 0.4181 0.4074 0.1744 
   NS_SS1381  7 0.1508 0.1083 0.7409 
   NS_SS1375  7 0.2542 0.1580 0.5877 
   NS_SS1319  7 0.3176 0.3305 0.3519 
   NS_SS1326  7 0.1404 0.5150 0.3445 
   NS_SS1341  7 0.3324 0.5088 0.1587 
   NS_SS1383  7 0.4303 0.3098 0.2599 
   NS_SS1318  7 0.4745 0.2406 0.2849 
   NS_SS1348  7 0.2621 0.6186 0.1192 
   NS_SS1363  7 0.5084 0.1757 0.3159 
   NS_SS1335  7 0.4637 0.4125 0.1238 
   NS_SS1358  7 0.3557 0.4413 0.2030 
   NS_SS1342  7 0.1789 0.5729 0.2481 
   NS_SS1320  7 0.1286 0.0682 0.8032 
   NS_SS1355  7 0.5164 0.1830 0.3006 
   NS_SS1345  7 0.5841 0.1087 0.3073 
   NS_SS1324  7 0.3541 0.4520 0.1939 
   NS_SS1347  7 0.3022 0.3925 0.3053 
   NS_SS1321  7 0.2336 0.5588 0.2077 
   NS_SS1333  7 0.1726 0.6006 0.2268 
   NS_SS1364  7 0.4018 0.3779 0.2203 
   NS_SS1379  7 0.2832 0.2289 0.4879 
   NS_SS1332  7 0.2114 0.6024 0.1862 
   NS_SS1338  7 0.4371 0.4241 0.1388 
   NS_SS1368  7 0.2451 0.5175 0.2374 
   NS_SS1354  7 0.4000 0.3139 0.2861 
   NS_SS1365  7 0.4425 0.1722 0.3853 
   NS_SS1380  7 0.5550 0.1392 0.3058 
   NS_SS1329  7 0.1564 0.5568 0.2868 
   NS_SS1362  7 0.2905 0.3429 0.3665 
   NS_SS1327  7 0.1007 0.8080 0.0914 
   NS_SS1350  7 0.0789 0.4300 0.4911 
   NS_SS1387  7 0.5789 0.2205 0.2006 
   NS_SS1369  7 0.3588 0.4517 0.1894 
   NS_SS1331  7 0.3194 0.2850 0.3956 
   NS_SS1357  7 0.0930 0.2920 0.6150 
   NS_SS1386  7 0.1502 0.7094 0.1404 
   NS_SS1353  7 0.1358 0.2212 0.6431 
   NS_SS1323  7 0.3729 0.1471 0.4800 
   HI_SS0296  8 0.3561 0.3885 0.2554 
   HI_SS0297  8 0.1998 0.2359 0.5643 
   HI_SS0299  8 0.4261 0.3570 0.2168 
   HI_SS0300  8 0.4691 0.2716 0.2593 
   HI_SS0301  8 0.7251 0.1588 0.1160 
   HI_SS0302  8 0.5683 0.2999 0.1319 
   HI_SS0303  8 0.1326 0.4945 0.3729 
   HI_SS0304  8 0.3068 0.1811 0.5121 
   HI_SS0306  8 0.3664 0.4465 0.1871 
   HI_SS0307  8 0.3674 0.2099 0.4227 
   HI_SS0308  8 0.5174 0.2463 0.2363 
   HI_SS0309  8 0.4878 0.2590 0.2532 
   HI_SS0310  8 0.3467 0.2108 0.4425 
   HI_SS0311  8 0.5553 0.2343 0.2104 
   HI_SS0314  8 0.1720 0.2420 0.5859 
   HI_SS0316  8 0.2499 0.4288 0.3213 
   HI_SS0317  8 0.4318 0.2936 0.2746 
   HI_SS0318  8 0.2208 0.6201 0.1591 
   HI_SS0319  8 0.1314 0.7463 0.1222 
   HI_SS0320  8 0.2782 0.1671 0.5547 
   HI_SS0321  8 0.2079 0.5148 0.2773 
   HI_SS0323  8 0.3326 0.4526 0.2148 
   HI_SS0325  8 0.4911 0.3470 0.1619 
   HI_SS0327  8 0.0962 0.6039 0.2999 
   HI_SS0329  8 0.4076 0.1959 0.3965 
   HI_SS0333  8 0.2803 0.3609 0.3588 
   HI_SS0334  8 0.2814 0.5412 0.1774 
   HI_SS0335  8 0.5133 0.1502 0.3365 
   HI_SS0339  8 0.5633 0.1470 0.2897 
   HI_SS0343  8 0.3209 0.2296 0.4495 
   HI_SS0344  8 0.1191 0.7620 0.1189 
   HI_SS0345  8 0.5264 0.2077 0.2658 
   HI_SS0346  8 0.2904 0.4000 0.3096 
   HI_SS0350  8 0.5792 0.1022 0.3186 
   HI_SS0351  8 0.4366 0.3069 0.2565 
   HI_SS0352  8 0.3516 0.2232 0.4252 
   HI_SS0362  8 0.5290 0.2365 0.2345 
   HI_SS0363  8 0.1565 0.5959 0.2475 
   HI_SS0365  8 0.1441 0.5584 0.2974 
   HI_SS0366  8 0.1650 0.6830 0.1520 
   HI_SS0367  8 0.3477 0.1821 0.4702 
   HI_SS0369  8 0.4656 0.1329 0.4015 
   HI_SS0370  8 0.1164 0.3292 0.5544 
   HI_SS0371  8 0.3745 0.4479 0.1776 
   HI_SS0373  8 0.3253 0.3122 0.3625 
   HI_SS0374  8 0.3439 0.2061 0.4500 
   HI_SS0377  8 0.4928 0.3602 0.1469 
   HI_SS0379  8 0.1300 0.7848 0.0852 
   HI_SS0380  8 0.3501 0.2213 0.4286 
   HI_SS0381  8 0.5969 0.1547 0.2484 
   HI_SS0384  8 0.1592 0.4368 0.4040 
   HI_SS0385  8 0.3580 0.2763 0.3657 
