   NS_SS0963  1 0.2605 0.4011 0.3383 
   NS_SS0983  1 0.6001 0.2514 0.1485 
   NS_SS0719  1 0.3759 0.3573 0.2668 
   NS_SS1001  1 0.1482 0.3511 0.5007 
   NS_SS0936  1 0.2174 0.2433 0.5392 
   NS_SS0955  1 0.4254 0.3664 0.2082 
   NS_SS0944  1 0.3100 0.3706 0.3193 
   NS_SS0945  1 0.3132 0.2234 0.4633 
   NS_SS0922  1 0.1562 0.3150 0.5288 
   NS_SS0929  1 0.4583 0.3020 0.2397 
   NS_SS0956  1 0.1306 0.4857 0.3838 
   NS_SS0906  1 0.3625 0.3793 0.2582 
   NS_SS0721  1 0.2564 0.5076 0.2360 
   NS_SS0982  1 0.2276 0.4668 0.3056 
   NS_SS0923  1 0.2385 0.3878 0.3738 
   NS_SS0905  1 0.3137 0.4296 0.2567 
   NS_SS0925  1 0.1509 0.4521 0.3970 
   NS_SS0947  1 0.2133 0.2902 0.4966 
   NS_SS0926  1 0.5718 0.2609 0.1673 
   NS_SS0918  1 0.1426 0.5672 0.2902 
   NS_SS0966  1 0.2310 0.4371 0.3318 
   NS_SS0938  1 0.1864 0.2050 0.6087 
   NS_SS0917  1 0.5183 0.2074 0.2743 
   NS_SS0957  1 0.2417 0.4625 0.2959 
   NS_SS0987  1 0.1897 0.6369 0.1734 
   NS_SS0717  1 0.1474 0.4069 0.4457 
   NS_SS0986  1 0.3025 0.4745 0.2230 
   NS_SS0953  1 0.1602 0.4233 0.4165 
   NS_SS0907  1 0.2908 0.4287 0.2805 
   NS_SS0974  1 0.3518 0.2615 0.3868 
   NS_SS0989  1 0.6320 0.1327 0.2353 
   NS_SS0991  1 0.3300 0.5277 0.1423 
   NS_SS0994  1 0.7248 0.1049 0.1703 
   NS_SS0931  1 0.4007 0.4262 0.1731 
   NS_SS1000  1 0.1601 0.2804 0.5595 
   NS_SS0919  1 0.4214 0.3547 0.2239 
   NS_SS0949  1 0.5437 0.2191 0.2372 
   NS_SS0960  1 0.4319 0.4116 0.1565 
   NS_SS0716  1 0.1185 0.4596 0.4219 
   NS_SS0924  1 0.3784 0.4285 0.1930 
   NS_SS0935  1 0.4750 0.3844 0.1406 
   NS_SS0952  1 0.4958 0.3059 0.1983 
   NS_SS0962  1 0.1897 0.3542 0.4561 
   NS_SS0973  1 0.2846 0.4136 0.3018 
   NS_SS0722  1 0.1169 0.1981 0.6850 
   NS_SS0979  1 0.1746 0.5120 0.3134 
   NS_SS0993  1 0.1424 0.3847 0.4729 
   NS_SS0958  1 0.4672 0.2881 0.2447 
   NS_SS0988  1 0.3564 0.4262 0.2174 
   NS_SS1003  1 0.1338 0.5815 0.2846 
   NS_SS0976  1 0.4494 0.3072 0.2434 
   NS_SS0964  1 0.1328 0.3416 0.5257 
   NS_SS0939  1 0.1117 0.3573 0.5310 
   NS_SS0990  1 0.3501 0.2757 0.3742 
   NS_SS0984  1 0.1226 0.2826 0.5948 
   NS_SS0980  1 0.2457 0.2523 0.5020 
   NS_SS0978  1 0.2614 0.2447 0.4939 
   NS_SS0951  1 0.2991 0.5332 0.1677 
   NS_SS0913  1 0.1794 0.4417 0.3789 
   NS_SS1002  1 0.1909 0.3434 0.4657 
   NS_SS0948  1 0.3043 0.4320 0.2637 
   NS_SS0916  1 0.4202 0.1858 0.3941 
   NS_SS0995  1 0.2743 0.3133 0.4125 
   NS_SS0927  1 0.5037 0.1903 0.3061 
   NS_SS0992  1 0.3910 0.1605 0.4485 
   NS_SS0912  1 0.2781 0.5168 0.2051 
   NS_SS0981  1 0.1935 0.5616 0.2448 
   NS_SS0729  2 0.6330 0.1376 0.2294 
   NS_SS0967  2 0.2430 0.4350 0.3220 
   NS_SS0941  2 0.2423 0.2132 0.5445 
   NS_SS0768  2 0.2166 0.5160 0.2674 
   NS_SS0726  2 0.5027 0.1498 0.3475 
   NS_SS0763  2 0.5188 0.2021 0.2791 
   NS_SS0730  2 0.1888 0.3476 0.4636 
   NS_SS0774  2 0.1732 0.2209 0.6058 
   NS_SS0723  2 0.1459 0.3697 0.4843 
   NS_SS0940  2 0.3655 0.2379 0.3966 
   NS_SS0762  2 0.0901 0.2809 0.6289 
   NS_SS0766  2 0.3004 0.2520 0.4476 
   NS_SS0724  2 0.1619 0.5271 0.3110 
   NS_SS0769  2 0.3189 0.3518 0.3293 
   NS_SS0777  2 0.3602 0.4243 0.2156 
   NS_SS0734  2 0.3352 0.3548 0.3100 
   NS_SS0737  2 0.1252 0.1631 0.7117 
   NS_SS0732  2 0.1649 0.6066 0.2284 
   NS_SS0728  2 0.2599 0.2486 0.4915 
   NS_SS0735  2 0.1895 0.3275 0.4829 
   NS_SS0725  2 0.1768 0.2282 0.5950 
   NS_SS0788  2 0.3385 0.3302 0.3313 
   NS_SS0778  2 0.4233 0.3575 0.2191 
   NS_SS0792  2 0.3821 0.3818 0.2361 
   NS_SS0943  2 0.3932 0.4023 0.2045 
   NS_SS0791  2 0.4143 0.2644 0.3214 
   NS_SS0790  2 0.0767 0.5871 0.3363 
   NS_SS0731  2 0.1581 0.5098 0.3320 
   NS_SS0727  2 0.4454 0.1158 0.4387 
   NS_SS0779  2 0.2791 0.3955 0.3254 
   NS_SS0776  2 0.2488 0.2685 0.4827 
   NS_SS0775  2 0.1411 0.2727 0.5862 
   NS_SS0965  3 0.2018 0.5691 0.2291 
   NS_SS0754  3 0.4564 0.3662 0.1774 
   NS_SS0838  3 0.3437 0.2607 0.3956 
   NS_SS0839  3 0.1375 0.3394 0.5231 
   NS_SS0832  3 0.0844 0.5237 0.3919 
   NS_SS0820  3 0.1368 0.5853 0.2779 
   NS_SS0886  3 0.4173 0.3336 0.2491 
   NS_SS0748  3 0.3670 0.4093 0.2237 
   NS_SS0884  3 0.3537 0.3116 0.3347 
   NS_SS0752  3 0.2701 0.2470 0.4829 
   NS_SS0862  3 0.1288 0.6141 0.2571 
   NS_SS0787  3 0.7032 0.1713 0.1254 
   NS_SS0843  3 0.2914 0.3786 0.3301 
   NS_SS0856  3 0.3028 0.2116 0.4856 
   NS_SS0846  3 0.3875 0.2830 0.3295 
   NS_SS0825  3 0.3331 0.3752 0.2917 
   NS_SS0757  3 0.3537 0.4056 0.2407 
   NS_SS0876  3 0.2237 0.3340 0.4423 
   NS_SS0903  3 0.1850 0.3059 0.5091 
   NS_SS0875  3 0.2504 0.4013 0.3484 
   NS_SS0740  3 0.2742 0.3592 0.3666 
   NS_SS0811  3 0.1174 0.5880 0.2946 
   NS_SS0751  3 0.2447 0.2803 0.4750 
   NS_SS0891  3 0.2562 0.2782 0.4656 
   NS_SS0867  3 0.3533 0.4357 0.2110 
   NS_SS0890  3 0.3007 0.3235 0.3758 
   NS_SS0866  3 0.6749 0.1487 0.1765 
   NS_SS0755  3 0.2560 0.4667 0.2773 
   NS_SS0758  3 0.3015 0.2775 0.4210 
   NS_SS0840  3 0.1276 0.4191 0.4534 
   NS_SS0889  3 0.4805 0.3441 0.1754 
   NS_SS1010  3 0.3134 0.4036 0.2830 
   NS_SS0888  3 0.6306 0.1566 0.2128 
   NS_SS0837  3 0.1397 0.6056 0.2547 
   NS_SS0794  3 0.4702 0.2065 0.3233 
   NS_SS0823  3 0.1413 0.3544 0.5042 
   NS_SS0829  3 0.5286 0.3566 0.1148 
   NS_SS0844  3 0.1220 0.5755 0.3025 
   NS_SS1008  3 0.4102 0.2231 0.3667 
   NS_SS0881  3 0.3820 0.3171 0.3008 
   NS_SS0834  3 0.1472 0.1950 0.6578 
   NS_SS0744  3 0.3591 0.3262 0.3147 
   NS_SS0899  3 0.1097 0.5836 0.3066 
   NS_SS0804  3 0.1107 0.5231 0.3662 
   NS_SS0781  3 0.1373 0.4162 0.4466 
   NS_SS0822  3 0.3300 0.2851 0.3849 
   NS_SS1004  3 0.2296 0.4510 0.3193 
   NS_SS0746  3 0.2785 0.3706 0.3509 
   NS_SS0880  3 0.2187 0.3428 0.4385 
   NS_SS0879  3 0.1960 0.3445 0.4595 
   NS_SS0753  3 0.3847 0.4627 0.1526 
   NS_SS1007  3 0.2985 0.1667 0.5348 
   NS_SS0872  3 0.2008 0.3439 0.4553 
   NS_SS1005  3 0.1903 0.3808 0.4289 
   NS_SS0892  3 0.3066 0.3416 0.3518 
   NS_SS0898  3 0.3569 0.3538 0.2893 
   NS_SS0801  3 0.2446 0.5478 0.2076 
   NS_SS0827  3 0.3210 0.5328 0.1462 
   NS_SS0853  3 0.2947 0.5202 0.1851 
   NS_SS0780  3 0.1969 0.3920 0.4111 
   NS_SS0826  3 0.2833 0.4716 0.2451 
   NS_SS0818  3 0.1235 0.3967 0.4798 
   NS_SS0745  3 0.0818 0.3646 0.5535 
   NS_SS0849  3 0.1983 0.6206 0.1811 
   NS_SS0739  3 0.3317 0.3155 0.3529 
   NS_SS0799  3 0.4500 0.2501 0.3000 
   NS_SS0756  3 0.1280 0.5683 0.3037 
   NS_SS0802  3 0.4387 0.2179 0.3434 
   NS_SS0747  3 0.3243 0.3535 0.3222 
   NS_SS0835  3 0.6840 0.1477 0.1683 
   NS_SS0742  3 0.2741 0.3791 0.3469 
   NS_SS0760  3 0.5802 0.2183 0.2014 
   NS_SS0803  3 0.1403 0.4259 0.4338 
   NS_SS0828  3 0.2676 0.5001 0.2322 
   NS_SS0865  3 0.3273 0.4479 0.2248 
   NS_SS0759  3 0.1364 0.4150 0.4486 
   NS_SS0851  3 0.1171 0.5517 0.3312 
   NS_SS0874  3 0.1778 0.4407 0.3815 
   NS_SS0761  3 0.4947 0.3566 0.1487 
   NS_SS0842  3 0.3967 0.3135 0.2898 
   NS_SS0785  3 0.4110 0.3380 0.2510 
   NS_SS0860  3 0.6919 0.1745 0.1337 
   NS_SS0897  3 0.6465 0.1928 0.1608 
   NS_SS0841  3 0.1290 0.4869 0.3841 
   NS_SS0797  3 0.3648 0.4526 0.1826 
   NS_SS0830  3 0.2996 0.4434 0.2569 
   NS_SS1011  3 0.1762 0.4636 0.3602 
   NS_SS0883  3 0.3941 0.4213 0.1846 
   NS_SS0782  3 0.3155 0.2104 0.4741 
   NS_SS0831  3 0.5028 0.3410 0.1562 
   NS_SS0749  3 0.3352 0.3459 0.3189 
   NS_SS0854  3 0.3775 0.2229 0.3996 
   HI_SS0193  4 0.4211 0.2401 0.3388 
   HI_SS0194  4 0.1682 0.1815 0.6503 
   HI_SS0195  4 0.1155 0.4906 0.3939 
   HI_SS0196  4 0.3160 0.1911 0.4929 
   HI_SS0197  4 0.3078 0.2368 0.4554 
   HI_SS0198  4 0.3972 0.3734 0.2294 
   HI_SS0199  4 0.4914 0.1494 0.3591 
   HI_SS0201  4 0.5907 0.2945 0.1148 
   HI_SS0215  4 0.5964 0.2899 0.1137 
   HI_SS0218  4 0.6446 0.1700 0.1854 
   HI_SS0222  4 0.2790 0.3105 0.4105 
   HI_SS0230  4 0.2423 0.5234 0.2343 
   HI_SS0234  4 0.3317 0.1660 0.5023 
   HI_SS0240  4 0.2613 0.1969 0.5418 
   HI_SS0241  4 0.5402 0.2539 0.2059 
   HI_SS0242  4 0.3245 0.3484 0.3271 
   HI_SS0247  4 0.2307 0.4826 0.2868 
   HI_SS0248  4 0.5002 0.1614 0.3384 
   HI_SS0252  4 0.1816 0.3135 0.5050 
   HI_SS0254  4 0.3981 0.3305 0.2714 
   HI_SS0256  4 0.0729 0.4356 0.4915 
   HI_SS0257  4 0.5292 0.1989 0.2720 
   HI_SS0258  4 0.4765 0.3266 0.1969 
   HI_SS0259  4 0.2385 0.2246 0.5370 
   HI_SS0260  4 0.5481 0.1659 0.2859 
   HI_SS0261  4 0.3722 0.2314 0.3964 
   HI_SS0262  4 0.2696 0.4134 0.3170 
   HI_SS0264  4 0.2014 0.4875 0.3111 
   HI_SS0265  4 0.2613 0.4302 0.3084 
   HI_SS0268  4 0.3645 0.3200 0.3155 
   HI_SS0269  4 0.7107 0.1221 0.1672 
   HI_SS0273  4 0.4572 0.3517 0.1912 
   HI_SS0277  4 0.2903 0.4312 0.2786 
   HI_SS0280  4 0.2619 0.3777 0.3604 
   HI_SS0282  4 0.3736 0.3645 0.2620 
   HI_SS0286  4 0.3783 0.4223 0.1994 
   NS_SS1252  5 0.6977 0.1587 0.1436 
   NS_SS1261  5 0.3680 0.3511 0.2809 
   NS_SS1225  5 0.4077 0.3882 0.2041 
   NS_SS1266  5 0.1101 0.5241 0.3658 
   NS_SS1228  5 0.2131 0.4678 0.3190 
   NS_SS1255  5 0.2230 0.1366 0.6404 
   NS_SS1267  5 0.7616 0.1367 0.1017 
   NS_SS1238  5 0.3003 0.3649 0.3348 
   NS_SS1233  5 0.1381 0.5971 0.2649 
   NS_SS1277  5 0.4585 0.1780 0.3636 
   NS_SS1245  5 0.3238 0.2952 0.3810 
   NS_SS1240  5 0.7496 0.1220 0.1284 
   NS_SS1275  5 0.1193 0.3880 0.4927 
   NS_SS1235  5 0.2376 0.2091 0.5533 
   NS_SS1263  5 0.1441 0.3476 0.5083 
   NS_SS1251  5 0.1915 0.4176 0.3909 
   NS_SS1248  5 0.1747 0.6400 0.1853 
   NS_SS1244  5 0.3269 0.3922 0.2809 
   NS_SS1257  5 0.5288 0.2476 0.2236 
   NS_SS1242  5 0.1448 0.3143 0.5409 
   NS_SS1271  5 0.7133 0.1467 0.1400 
   NS_SS1265  5 0.5425 0.2590 0.1986 
   NS_SS1243  5 0.1859 0.4307 0.3834 
   NS_SS1273  5 0.1349 0.3511 0.5140 
   NS_SS1254  5 0.1861 0.4422 0.3718 
   NS_SS1224  5 0.1365 0.5310 0.3325 
   NS_SS1227  5 0.5734 0.1725 0.2541 
   NS_SS1274  5 0.4600 0.2686 0.2713 
   NS_SS1241  5 0.4170 0.3003 0.2827 
   NS_SS1256  5 0.3541 0.3236 0.3223 
   NS_SS1260  5 0.5943 0.1921 0.2136 
   NS_SS1262  5 0.3998 0.4246 0.1757 
   NS_SS1230  5 0.3694 0.3512 0.2794 
   NS_SS1270  5 0.1487 0.6675 0.1838 
   NS_SS1229  5 0.2329 0.1596 0.6075 
   NS_SS1246  5 0.5370 0.1534 0.3097 
   NS_SS1269  5 0.2587 0.3637 0.3776 
   NS_SS1239  5 0.1900 0.3261 0.4839 
   NS_SS1272  5 0.3299 0.3746 0.2955 
   NS_SS1268  5 0.1341 0.6071 0.2588 
   NS_SS1249  5 0.6316 0.1087 0.2596 
   HI_SS0559  6 0.2929 0.3734 0.3337 
   HI_SS0563  6 0.3074 0.3802 0.3124 
   HI_SS0564  6 0.2507 0.3683 0.3810 
   HI_SS0565  6 0.4454 0.3005 0.2541 
   HI_SS0569  6 0.4647 0.4234 0.1119 
   HI_SS0570  6 0.5854 0.1973 0.2174 
   HI_SS0572  6 0.1790 0.1938 0.6272 
   HI_SS0576  6 0.1705 0.4632 0.3662 
   HI_SS0579  6 0.3106 0.3911 0.2983 
   HI_SS0580  6 0.4355 0.2093 0.3552 
   HI_SS0581  6 0.1461 0.4611 0.3927 
   HI_SS0583  6 0.5759 0.1529 0.2712 
   HI_SS0586  6 0.6204 0.2673 0.1122 
   HI_SS0588  6 0.4111 0.3431 0.2458 
   HI_SS0595  6 0.5308 0.2021 0.2671 
   HI_SS0596  6 0.1388 0.1884 0.6728 
   HI_SS0597  6 0.2054 0.1936 0.6011 
   HI_SS0600  6 0.4819 0.2687 0.2493 
   HI_SS0601  6 0.3465 0.4991 0.1543 
   HI_SS0602  6 0.4230 0.3645 0.2124 
   HI_SS0604  6 0.2543 0.4282 0.3175 
   HI_SS0605  6 0.3673 0.3555 0.2772 
   HI_SS0608  6 0.2635 0.3257 0.4108 
   HI_SS0609  6 0.1658 0.3807 0.4535 
   HI_SS0611  6 0.5534 0.2898 0.1569 
   HI_SS0612  6 0.3174 0.2819 0.4007 
   HI_SS0613  6 0.2694 0.5327 0.1978 
   HI_SS0615  6 0.1246 0.3160 0.5594 
   HI_SS0001  6 0.3814 0.1603 0.4584 
   HI_SS0002  6 0.1704 0.4281 0.4015 
   HI_SS0004  6 0.4399 0.2288 0.3314 
   HI_SS0005  6 0.2032 0.5804 0.2164 
   HI_SS0006  6 0.4805 0.2527 0.2668 
   HI_SS0007  6 0.3692 0.4213 0.2094 
   HI_SS0008  6 0.2578 0.4652 0.2770 
   HI_SS0009  6 0.1366 0.4248 0.4386 
   HI_SS0010  6 0.3670 0.4321 0.2009 
   HI_SS0011  6 0.1795 0.5338 0.2868 
   HI_SS0012  6 0.2242 0.3918 0.3840 
   HI_SS0017  6 0.1611 0.1713 0.6676 
   HI_SS0021  6 0.4763 0.3196 0.2042 
   HI_SS0024  6 0.2011 0.3263 0.4727 
   HI_SS0025  6 0.1588 0.3244 0.5168 
   HI_SS0027  6 0.4062 0.3943 0.1995 
   HI_SS0028  6 0.1152 0.5786 0.3062 
   HI_SS0029  6 0.3288 0.2462 0.4250 
   HI_SS0030  6 0.3733 0.3015 0.3252 
   HI_SS0031  6 0.3296 0.2999 0.3705 
   HI_SS0034  6 0.5198 0.2112 0.2690 
   HI_SS0036  6 0.5726 0.2329 0.1945 
   HI_SS0037  6 0.5470 0.2979 0.1551 
   HI_SS0039  6 0.4109 0.4101 0.1790 
   HI_SS0041  6 0.1681 0.4017 0.4302 
   HI_SS0042  6 0.1594 0.3411 0.4995 
   HI_SS0043  6 0.6770 0.2039 0.1190 
   HI_SS0044  6 0.3899 0.1454 0.4647 
   HI_SS0047  6 0.1847 0.4093 0.4060 
   HI_SS0049  6 0.1736 0.2612 0.5653 
   HI_SS0051  6 0.2152 0.6069 0.1779 
   HI_SS0053  6 0.6271 0.1716 0.2013 
   HI_SS0054  6 0.4504 0.4012 0.1484 
   HI_SS0057  6 0.1942 0.4955 0.3103 
   HI_SS0058  6 0.4273 0.3048 0.2679 
   HI_SS0060  6 0.2163 0.5528 0.2309 
   HI_SS0087  6 0.3828 0.2846 0.3326 
   HI_SS0091  6 0.7236 0.1262 0.1502 
   HI_SS0095  6 0.3828 0.3243 0.2929 
   HI_SS0097  6 0.2242 0.4878 0.2879 
   HI_SS0099  6 0.2349 0.3224 0.4427 
   HI_SS0103  6 0.2979 0.2182 0.4839 
   HI_SS0105  6 0.3159 0.4635 0.2205 
   HI_SS0107  6 0.1259 0.1542 0.7198 
   HI_SS0108  6 0.7335 0.1487 0.1178 
   HI_SS0110  6 0.4369 0.1876 0.3754 
   HI_SS0111  6 0.3268 0.3734 0.2998 
   HI_SS0112  6 0.6857 0.1524 0.1619 
   HI_SS0113  6 0.1370 0.2800 0.5830 
   HI_SS0114  6 0.4578 0.4031 0.1391 
   HI_SS0115  6 0.3029 0.2806 0.4166 
   HI_SS0116  6 0.5521 0.1211 0.3268 
   HI_SS0117  6 0.4571 0.2981 0.2448 
   HI_SS0118  6 0.5380 0.2134 0.2487 
   HI_SS0119  6 0.4915 0.3124 0.1961 
   HI_SS0120  6 0.1367 0.1543 0.7091 
   HI_SS0121  6 0.1602 0.6424 0.1974 
   HI_SS0122  6 0.3666 0.3598 0.2736 
   HI_SS0123  6 0.3288 0.2561 0.4151 
   HI_SS0124  6 0.1118 0.2875 0.6007 
   HI_SS0125  6 0.1356 0.4152 0.4492 
   HI_SS0126  6 0.5710 0.1406 0.2884 
   HI_SS0127  6 0.2088 0.6207 0.1705 
   HI_SS0128  6 0.2594 0.2236 0.5170 
   HI_SS0129  6 0.4495 0.1976 0.3529 
   HI_SS0131  6 0.3473 0.5164 0.1362 
   HI_SS0132  6 0.3274 0.3914 0.2812 
   HI_SS0133  6 0.6972 0.1502 0.1526 
   HI_SS0134  6 0.3682 0.3060 0.3257 
   HI_SS0142  6 0.2846 0.4776 0.2378 
   HI_SS0145  6 0.3442 0.2991 0.3567 
   HI_SS0146  6 0.4120 0.3660 0.2220 
   HI_SS0147  6 0.1564 0.5751 0.2686 
   HI_SS0149  6 0.3708 0.3490 0.2802 
   HI_SS0150  6 0.1448 0.4535 0.4017 
   HI_SS0151  6 0.3223 0.2360 0.4417 
   NS_SS1451  6 0.1209 0.3516 0.5275 
   NS_SS1404  6 0.2189 0.4767 0.3044 
   NS_SS1432  6 0.2081 0.2543 0.5376 
   NS_SS1405  6 0.2637 0.2654 0.4709 
   NS_SS1431  6 0.1424 0.3062 0.5514 
   NS_SS1402  6 0.4503 0.2227 0.3270 
   NS_SS1450  6 0.4219 0.1986 0.3794 
   NS_SS1396  6 0.3012 0.3733 0.3255 
   NS_SS1393  6 0.4939 0.2621 0.2440 
   NS_SS1392  6 0.1719 0.2766 0.5515 
   NS_SS1445  6 0.4912 0.3652 0.1436 
   NS_SS1423  6 0.4442 0.1979 0.3579 
   NS_SS1421  6 0.4266 0.2897 0.2837 
   NS_SS1411  6 0.3934 0.4062 0.2004 
   NS_SS1453  6 0.5069 0.2715 0.2216 
   NS_SS1442  6 0.2491 0.4521 0.2988 
   NS_SS1422  6 0.2973 0.2712 0.4315 
   NS_SS1419  6 0.1945 0.5639 0.2415 
   NS_SS1427  6 0.6250 0.0938 0.2812 
   NS_SS1444  6 0.1783 0.5205 0.3013 
   NS_SS1455  6 0.1425 0.2971 0.5603 
   NS_SS1425  6 0.6257 0.2571 0.1172 
   NS_SS1400  6 0.4502 0.3595 0.1903 
   NS_SS1406  6 0.1520 0.4404 0.4075 
   NS_SS1417  6 0.3454 0.3620 0.2926 
   NS_SS1454  6 0.4598 0.3171 0.2232 
   NS_SS1412  6 0.4088 0.2837 0.3075 
   NS_SS1438  6 0.5400 0.3444 0.1157 
   NS_SS1416  6 0.3260 0.3641 0.3099 
   NS_SS1401  6 0.4006 0.2780 0.3214 
   NS_SS1424  6 0.4293 0.2987 0.2720 
   NS_SS1435  6 0.2656 0.3310 0.4033 
   NS_SS1447  6 0.1726 0.5180 0.3094 
   NS_SS1414  6 0.1360 0.5200 0.3440 
   NS_SS1449  6 0.2984 0.2261 0.4756 
   NS_SS1443  6 0.5236 0.1579 0.3185 
   NS_SS1434  6 0.2771 0.1219 0.6009 
   NS_SS1398  6 0.2224 0.2763 0.5013 
   NS_SS1426  6 0.5929 0.2381 0.1690 
   NS_SS1413  6 0.4335 0.2083 0.3582 
   NS_SS1395  6 0.5493 0.2376 0.2131 
   NS_SS1448  6 0.3137 0.3604 0.3258 
   NS_SS1446  6 0.5485 0.2248 0.2268 
   NS_SS1403  6 0.3336 0.2863 0.3801 
   NS_SS1415  6 0.4792 0.3006 0.2202 
   NS_SS1437  6 0.2555 0.3804 0.3641 
   NS_SS1439  6 0.3300 0.3766 0.2934 
   NS_SS1441  6 0.5028 0.1908 0.3064 
   NS_SS1420  6 0.1382 0.5383 0.3235 
   NS_SS1394  6 0.1606 0.4869 0.3526 
   NS_SS1391  6 0.4152 0.1331 0.4517 
   NS_SS1410  6 0.4544 0.2396 0.3060 
   NS_SS1408  6 0.2389 0.4453 0.3158 
   NS_SS1409  6 0.3968 0.1414 0.4618 
   HI_SS0617  7 0.4351 0.1744 0.3905 
   HI_SS0618  7 0.2003 0.3780 0.4217 
   HI_SS0619  7 0.3090 0.2639 0.4271 
   HI_SS0620  7 0.5751 0.2615 0.1634 
   HI_SS0621  7 0.2138 0.3536 0.4325 
   HI_SS0622  7 0.2529 0.4048 0.3423 
   HI_SS0626  7 0.2539 0.5338 0.2123 
   HI_SS0627  7 0.2374 0.3100 0.4525 
   HI_SS0628  7 0.4646 0.2537 0.2817 
   HI_SS0629  7 0.4082 0.3904 0.2014 
   HI_SS0630  7 0.4070 0.3021 0.2909 
   HI_SS0631  7 0.3669 0.3918 0.2413 
   HI_SS0632  7 0.2193 0.5381 0.2426 
   HI_SS0633  7 0.2114 0.1852 0.6034 
   HI_SS0634  7 0.3164 0.3790 0.3046 
   HI_SS0635  7 0.1782 0.4909 0.3309 
   HI_SS0637  7 0.2828 0.5163 0.2009 
   HI_SS0638  7 0.2776 0.3037 0.4187 
   HI_SS0639  7 0.1673 0.4552 0.3775 
   HI_SS0640  7 0.2387 0.4340 0.3273 
   HI_SS0641  7 0.4601 0.3998 0.1401 
   HI_SS0642  7 0.2399 0.3124 0.4477 
   HI_SS0645  7 0.1011 0.4851 0.4138 
   HI_SS0646  7 0.3076 0.1988 0.4935 
   HI_SS0647  7 0.2355 0.2701 0.4944 
   HI_SS0648  7 0.2714 0.4011 0.3276 
   HI_SS0649  7 0.3759 0.2932 0.3309 
   HI_SS0650  7 0.1880 0.1779 0.6341 
   HI_SS0651  7 0.2829 0.3288 0.3883 
   HI_SS0652  7 0.1442 0.4841 0.3717 
   NS_SS1371  7 0.5247 0.1743 0.3010 
   NS_SS1374  7 0.4839 0.2863 0.2297 
   NS_SS1337  7 0.1505 0.4269 0.4226 
   NS_SS1385  7 0.3022 0.2382 0.4596 
   NS_SS1388  7 0.3344 0.2668 0.3988 
   NS_SS1370  7 0.1376 0.6791 0.1833 
   NS_SS1389  7 0.1919 0.3391 0.4690 
   NS_SS1360  7 0.3739 0.4677 0.1584 
   NS_SS1330  7 0.1543 0.4976 0.3482 
   NS_SS1328  7 0.4065 0.1325 0.4610 
   NS_SS1384  7 0.3826 0.4083 0.2092 
   NS_SS1381  7 0.1203 0.1782 0.7015 
   NS_SS1375  7 0.1969 0.2814 0.5217 
   NS_SS1319  7 0.3405 0.3162 0.3433 
   NS_SS1326  7 0.5521 0.1516 0.2963 
   NS_SS1341  7 0.4704 0.3429 0.1867 
   NS_SS1383  7 0.3217 0.4072 0.2711 
   NS_SS1318  7 0.2442 0.4407 0.3151 
   NS_SS1348  7 0.5898 0.2755 0.1347 
   NS_SS1363  7 0.1879 0.4949 0.3172 
   NS_SS1335  7 0.4015 0.4514 0.1470 
   NS_SS1358  7 0.4209 0.3391 0.2399 
   NS_SS1342  7 0.5139 0.2045 0.2816 
   NS_SS1320  7 0.0682 0.1696 0.7622 
   NS_SS1355  7 0.1911 0.4636 0.3453 
   NS_SS1345  7 0.1031 0.5108 0.3861 
   NS_SS1324  7 0.4353 0.3468 0.2180 
   NS_SS1347  7 0.3450 0.3346 0.3204 
   NS_SS1321  7 0.5423 0.2598 0.1979 
   NS_SS1333  7 0.5579 0.1960 0.2461 
   NS_SS1364  7 0.3724 0.3864 0.2412 
   NS_SS1379  7 0.2418 0.3008 0.4575 
   NS_SS1332  7 0.5898 0.2276 0.1825 
   NS_SS1338  7 0.4288 0.4286 0.1425 
   NS_SS1368  7 0.4811 0.2652 0.2537 
   NS_SS1354  7 0.2921 0.3960 0.3118 
   NS_SS1365  7 0.1814 0.3917 0.4269 
   NS_SS1380  7 0.1614 0.4843 0.3543 
   NS_SS1329  7 0.5191 0.2071 0.2737 
   NS_SS1362  7 0.3432 0.3012 0.3556 
   NS_SS1327  7 0.8027 0.1059 0.0914 
   NS_SS1350  7 0.4009 0.0977 0.5014 
   NS_SS1387  7 0.2356 0.5485 0.2159 
   NS_SS1369  7 0.4300 0.3267 0.2433 
   NS_SS1331  7 0.3112 0.3506 0.3382 
   NS_SS1357  7 0.3269 0.1022 0.5709 
   NS_SS1386  7 0.6923 0.1578 0.1500 
   NS_SS1353  7 0.2323 0.1781 0.5896 
   NS_SS1323  7 0.1517 0.3420 0.5063 
   HI_SS0296  8 0.4128 0.3305 0.2567 
   HI_SS0297  8 0.2531 0.2157 0.5312 
   HI_SS0299  8 0.3529 0.3851 0.2620 
   HI_SS0300  8 0.2746 0.4375 0.2879 
   HI_SS0301  8 0.1918 0.6601 0.1482 
   HI_SS0302  8 0.3300 0.5069 0.1631 
   HI_SS0303  8 0.4889 0.1677 0.3433 
   HI_SS0304  8 0.2157 0.3348 0.4495 
   HI_SS0306  8 0.4537 0.3446 0.2017 
   HI_SS0307  8 0.2069 0.3913 0.4018 
   HI_SS0308  8 0.2315 0.5357 0.2328 
   HI_SS0309  8 0.2359 0.4755 0.2886 
   HI_SS0310  8 0.2330 0.3295 0.4375 
   HI_SS0311  8 0.2469 0.5071 0.2461 
   HI_SS0314  8 0.2580 0.1997 0.5424 
   HI_SS0316  8 0.4244 0.2711 0.3045 
   HI_SS0317  8 0.2780 0.4399 0.2821 
   HI_SS0318  8 0.6003 0.2411 0.1586 
   HI_SS0319  8 0.7371 0.1280 0.1349 
   HI_SS0320  8 0.1922 0.3010 0.5068 
   HI_SS0321  8 0.4865 0.2390 0.2745 
   HI_SS0323  8 0.4675 0.3121 0.2204 
   HI_SS0325  8 0.3790 0.4318 0.1892 
   HI_SS0327  8 0.5338 0.1412 0.3250 
   HI_SS0329  8 0.2083 0.3937 0.3980 
   HI_SS0333  8 0.3689 0.2958 0.3353 
   HI_SS0334  8 0.5160 0.3031 0.1809 
   HI_SS0335  8 0.1559 0.4797 0.3645 
   HI_SS0339  8 0.1603 0.5178 0.3219 
   HI_SS0343  8 0.1961 0.3354 0.4684 
   HI_SS0344  8 0.7484 0.1271 0.1244 
   HI_SS0345  8 0.2260 0.4811 0.2929 
   HI_SS0346  8 0.3962 0.3204 0.2833 
   HI_SS0350  8 0.0942 0.5344 0.3714 
   HI_SS0351  8 0.2760 0.4085 0.3154 
   HI_SS0352  8 0.2192 0.3543 0.4264 
   HI_SS0362  8 0.2361 0.5082 0.2557 
   HI_SS0363  8 0.5602 0.1745 0.2653 
   HI_SS0365  8 0.5262 0.1810 0.2928 
   HI_SS0366  8 0.6726 0.1671 0.1603 
   HI_SS0367  8 0.1802 0.3553 0.4645 
   HI_SS0369  8 0.1610 0.4325 0.4065 
   HI_SS0370  8 0.3232 0.1397 0.5370 
   HI_SS0371  8 0.4745 0.3303 0.1952 
   HI_SS0373  8 0.2967 0.3239 0.3794 
   HI_SS0374  8 0.2127 0.3393 0.4480 
   HI_SS0377  8 0.3360 0.4756 0.1885 
   HI_SS0379  8 0.7765 0.1266 0.0968 
   HI_SS0380  8 0.2202 0.3519 0.4279 
   HI_SS0381  8 0.1592 0.5517 0.2891 
   HI_SS0384  8 0.4449 0.1791 0.3760 
   HI_SS0385  8 0.3061 0.3715 0.3223 
