

----------------------------------------------------
STRUCTURE by Pritchard, Stephens and Donnelly (2000)
     and Falush, Stephens and Pritchard (2003)
       Code by Pritchard, Falush and Hubisz
             Version 2.3.4 (Jul 2012)
----------------------------------------------------



Command line arguments:   /home/genobiwan/Documents/Programs/Structure/structure -m parameter_job_k5_r2 
Input File:    /media/genobiwan/Storage/Projets/Mackerel_NWA_2021/data_job_k5_r2

Run parameters:
   557 individuals
   3930 loci
   5 populations assumed
   10000 Burn-in period
   100000 Reps


--------------------------------------------
Proportion of membership of each pre-defined
 population in each of the 5 clusters

Given    Inferred Clusters                     Number of
 Pop       1      2      3      4      5      Individuals

  1:     0.203  0.222  0.177  0.208  0.190       67
  2:     0.228  0.181  0.170  0.177  0.243       32
  3:     0.213  0.226  0.184  0.189  0.189       92
  4:     0.186  0.171  0.224  0.229  0.191       36
  5:     0.185  0.219  0.217  0.186  0.193       41
  6:     0.196  0.193  0.209  0.208  0.194      158
  7:     0.207  0.191  0.197  0.207  0.198       79
  8:     0.198  0.220  0.212  0.194  0.176       52
--------------------------------------------

Allele-freq. divergence among pops (Net nucleotide distance),
computed using point estimates of P.

      1       2       3       4       5      
 1      -    0.0019  0.0031  0.0022  0.0026  
 2   0.0019     -    0.0026  0.0018  0.0023  
 3   0.0031  0.0026     -    0.0026  0.0032  
 4   0.0022  0.0018  0.0026     -    0.0024  
 5   0.0026  0.0023  0.0032  0.0024     -    

Average distances (expected heterozygosity) between individuals in same cluster:
cluster  1  : 0.3122 
cluster  2  : 0.3127 
cluster  3  : 0.3115 
cluster  4  : 0.3132 
cluster  5  : 0.3135 

--------------------------------------------
Estimated Ln Prob of Data   = -2076702.0
Mean value of ln likelihood = -2062012.8
Variance of ln likelihood   = 29378.4
Mean value of alpha         = 1.4244

Mean value of Fst_1         = 0.0277
Mean value of Fst_2         = 0.0247
Mean value of Fst_3         = 0.0317
Mean value of Fst_4         = 0.0244
Mean value of Fst_5         = 0.0322


Inferred ancestry of individuals:
        Label (%Miss) Pop:  Inferred clusters
  1 NS_SS0963    (4)    1 :  0.157 0.259 0.106 0.309 0.168 
  2 NS_SS0983    (1)    1 :  0.103 0.328 0.339 0.137 0.093 
  3 NS_SS0719    (8)    1 :  0.255 0.125 0.209 0.260 0.151 
  4 NS_SS1001    (8)    1 :  0.247 0.231 0.105 0.088 0.329 
  5 NS_SS0936    (4)    1 :  0.095 0.205 0.111 0.303 0.286 
  6 NS_SS0955    (5)    1 :  0.140 0.320 0.224 0.218 0.098 
  7 NS_SS0944    (3)    1 :  0.142 0.344 0.198 0.118 0.198 
  8 NS_SS0945    (3)    1 :  0.157 0.214 0.212 0.169 0.247 
  9 NS_SS0922    (2)    1 :  0.254 0.104 0.108 0.192 0.341 
 10 NS_SS0929    (7)    1 :  0.134 0.244 0.267 0.224 0.132 
 11 NS_SS0956    (2)    1 :  0.448 0.150 0.093 0.125 0.183 
 12 NS_SS0906    (3)    1 :  0.139 0.324 0.208 0.174 0.156 
 13 NS_SS0721    (6)    1 :  0.362 0.229 0.136 0.158 0.115 
 14 NS_SS0982    (4)    1 :  0.197 0.243 0.121 0.278 0.162 
 15 NS_SS0923    (5)    1 :  0.250 0.206 0.138 0.198 0.208 
 16 NS_SS0905    (6)    1 :  0.246 0.280 0.183 0.114 0.177 
 17 NS_SS0925    (3)    1 :  0.173 0.323 0.077 0.155 0.272 
 18 NS_SS0947    (5)    1 :  0.139 0.224 0.133 0.215 0.289 
 19 NS_SS0926    (2)    1 :  0.123 0.132 0.321 0.361 0.062 
 20 NS_SS0918    (6)    1 :  0.176 0.459 0.071 0.190 0.104 
 21 NS_SS0966    (4)    1 :  0.137 0.317 0.120 0.242 0.184 
 22 NS_SS0938    (2)    1 :  0.114 0.100 0.093 0.437 0.255 
 23 NS_SS0917    (2)    1 :  0.162 0.089 0.306 0.253 0.191 
 24 NS_SS0957   (11)    1 :  0.403 0.158 0.158 0.180 0.101 
 25 NS_SS0987    (1)    1 :  0.429 0.227 0.131 0.139 0.074 
 26 NS_SS0717    (4)    1 :  0.288 0.229 0.108 0.080 0.296 
 27 NS_SS0986    (2)    1 :  0.246 0.280 0.184 0.207 0.084 
 28 NS_SS0953    (4)    1 :  0.171 0.370 0.091 0.075 0.293 
 29 NS_SS0907    (3)    1 :  0.093 0.402 0.158 0.180 0.166 
 30 NS_SS0974    (6)    1 :  0.105 0.251 0.210 0.151 0.283 
 31 NS_SS0989    (1)    1 :  0.094 0.076 0.373 0.306 0.151 
 32 NS_SS0991    (2)    1 :  0.211 0.449 0.176 0.093 0.070 
 33 NS_SS0994    (2)    1 :  0.075 0.110 0.519 0.108 0.188 
 34 NS_SS0931    (6)    1 :  0.182 0.258 0.271 0.220 0.069 
 35 NS_SS1000    (5)    1 :  0.146 0.197 0.107 0.214 0.336 
 36 NS_SS0919    (1)    1 :  0.088 0.236 0.178 0.404 0.094 
 37 NS_SS0949    (3)    1 :  0.149 0.126 0.303 0.226 0.195 
 38 NS_SS0960   (10)    1 :  0.242 0.224 0.266 0.157 0.112 
 39 NS_SS0716    (2)    1 :  0.521 0.079 0.097 0.106 0.197 
 40 NS_SS0924    (8)    1 :  0.178 0.255 0.228 0.235 0.105 
 41 NS_SS0935    (1)    1 :  0.249 0.223 0.323 0.082 0.122 
 42 NS_SS0952   (13)    1 :  0.109 0.289 0.285 0.192 0.125 
 43 NS_SS0962   (10)    1 :  0.203 0.142 0.100 0.368 0.186 
 44 NS_SS0973    (5)    1 :  0.129 0.358 0.133 0.135 0.245 
 45 NS_SS0722    (1)    1 :  0.131 0.242 0.080 0.069 0.478 
 46 NS_SS0979   (13)    1 :  0.288 0.276 0.104 0.216 0.116 
 47 NS_SS0993    (2)    1 :  0.163 0.337 0.071 0.174 0.255 
 48 NS_SS0958    (1)    1 :  0.174 0.189 0.310 0.153 0.175 
 49 NS_SS0988    (4)    1 :  0.162 0.210 0.186 0.360 0.083 
 50 NS_SS1003    (2)    1 :  0.241 0.131 0.060 0.498 0.070 
 51 NS_SS0976    (0)    1 :  0.110 0.263 0.244 0.288 0.095 
 52 NS_SS0964   (10)    1 :  0.300 0.141 0.089 0.089 0.380 
 53 NS_SS0939    (4)    1 :  0.487 0.057 0.074 0.152 0.230 
 54 NS_SS0990    (6)    1 :  0.248 0.071 0.251 0.291 0.139 
 55 NS_SS0984    (2)    1 :  0.266 0.136 0.082 0.197 0.318 
 56 NS_SS0980    (9)    1 :  0.093 0.262 0.113 0.136 0.397 
 57 NS_SS0978    (4)    1 :  0.123 0.162 0.156 0.221 0.339 
 58 NS_SS0951   (17)    1 :  0.309 0.346 0.193 0.077 0.074 
 59 NS_SS0913    (3)    1 :  0.379 0.178 0.124 0.107 0.213 
 60 NS_SS1002    (1)    1 :  0.068 0.180 0.071 0.548 0.132 
 61 NS_SS0948    (1)    1 :  0.161 0.336 0.180 0.223 0.099 
 62 NS_SS0916    (4)    1 :  0.170 0.100 0.247 0.219 0.265 
 63 NS_SS0995    (1)    1 :  0.285 0.139 0.153 0.162 0.261 
 64 NS_SS0927    (6)    1 :  0.120 0.116 0.300 0.211 0.253 
 65 NS_SS0992    (5)    1 :  0.093 0.103 0.245 0.248 0.310 
 66 NS_SS0912    (1)    1 :  0.334 0.223 0.180 0.187 0.075 
 67 NS_SS0981    (1)    1 :  0.220 0.258 0.093 0.338 0.091 
 68 NS_SS0729    (5)    2 :  0.055 0.184 0.401 0.111 0.250 
 69 NS_SS0967   (14)    2 :  0.106 0.265 0.094 0.344 0.191 
 70 NS_SS0941    (7)    2 :  0.205 0.108 0.144 0.213 0.330 
 71 NS_SS0768   (12)    2 :  0.252 0.260 0.135 0.205 0.147 
 72 NS_SS0726    (4)    2 :  0.067 0.136 0.281 0.264 0.252 
 73 NS_SS0763    (4)    2 :  0.123 0.178 0.331 0.157 0.212 
 74 NS_SS0730    (6)    2 :  0.316 0.130 0.120 0.217 0.217 
 75 NS_SS0774    (1)    2 :  0.163 0.183 0.089 0.172 0.393 
 76 NS_SS0723    (3)    2 :  0.197 0.217 0.065 0.282 0.240 
 77 NS_SS0940    (9)    2 :  0.230 0.110 0.229 0.201 0.230 
 78 NS_SS0762    (1)    2 :  0.279 0.166 0.068 0.075 0.413 
 79 NS_SS0766   (11)    2 :  0.301 0.088 0.210 0.097 0.303 
 80 NS_SS0724    (1)    2 :  0.268 0.313 0.096 0.127 0.196 
 81 NS_SS0769    (3)    2 :  0.231 0.131 0.166 0.317 0.155 
 82 NS_SS0777    (2)    2 :  0.187 0.328 0.221 0.173 0.091 
 83 NS_SS0734    (6)    2 :  0.320 0.156 0.209 0.125 0.191 
 84 NS_SS0737    (3)    2 :  0.165 0.094 0.083 0.156 0.502 
 85 NS_SS0732    (5)    2 :  0.429 0.262 0.084 0.099 0.126 
 86 NS_SS0728    (5)    2 :  0.234 0.160 0.154 0.156 0.296 
 87 NS_SS0735    (9)    2 :  0.199 0.260 0.099 0.075 0.366 
 88 NS_SS0725    (1)    2 :  0.206 0.115 0.118 0.229 0.331 
 89 NS_SS0788    (2)    2 :  0.164 0.101 0.144 0.438 0.154 
 90 NS_SS0778    (2)    2 :  0.229 0.151 0.216 0.309 0.096 
 91 NS_SS0792    (6)    2 :  0.278 0.206 0.249 0.114 0.154 
 92 NS_SS0943   (11)    2 :  0.150 0.317 0.296 0.108 0.129 
 93 NS_SS0791    (2)    2 :  0.287 0.122 0.275 0.102 0.215 
 94 NS_SS0790    (5)    2 :  0.379 0.259 0.048 0.115 0.199 
 95 NS_SS0731    (6)    2 :  0.415 0.210 0.092 0.118 0.165 
 96 NS_SS0727    (6)    2 :  0.104 0.095 0.336 0.069 0.396 
 97 NS_SS0779   (12)    2 :  0.226 0.270 0.140 0.190 0.173 
 98 NS_SS0776    (3)    2 :  0.206 0.132 0.159 0.195 0.307 
 99 NS_SS0775    (5)    2 :  0.314 0.099 0.094 0.124 0.368 
100 NS_SS0965    (3)    3 :  0.276 0.282 0.109 0.228 0.105 
101 NS_SS0754   (13)    3 :  0.248 0.189 0.290 0.143 0.129 
102 NS_SS0838    (5)    3 :  0.144 0.229 0.176 0.249 0.202 
103 NS_SS0839    (3)    3 :  0.285 0.141 0.085 0.242 0.247 
104 NS_SS0832    (4)    3 :  0.229 0.318 0.055 0.182 0.217 
105 NS_SS0820    (4)    3 :  0.222 0.219 0.066 0.340 0.153 
106 NS_SS0886    (9)    3 :  0.267 0.146 0.262 0.191 0.133 
107 NS_SS0748    (5)    3 :  0.152 0.362 0.196 0.185 0.105 
108 NS_SS0884    (9)    3 :  0.172 0.210 0.203 0.181 0.234 
109 NS_SS0752    (3)    3 :  0.148 0.188 0.144 0.176 0.344 
110 NS_SS0862    (1)    3 :  0.374 0.291 0.074 0.105 0.156 
111 NS_SS0787    (9)    3 :  0.145 0.132 0.527 0.109 0.087 
112 NS_SS0843    (6)    3 :  0.179 0.258 0.163 0.137 0.263 
113 NS_SS0856    (4)    3 :  0.195 0.082 0.169 0.203 0.351 
114 NS_SS0846    (2)    3 :  0.058 0.261 0.198 0.259 0.224 
115 NS_SS0825    (1)    3 :  0.183 0.154 0.159 0.424 0.080 
116 NS_SS0757    (3)    3 :  0.224 0.324 0.194 0.133 0.125 
117 NS_SS0876    (3)    3 :  0.176 0.239 0.138 0.137 0.311 
118 NS_SS0903    (9)    3 :  0.092 0.277 0.074 0.177 0.380 
119 NS_SS0875    (7)    3 :  0.333 0.153 0.151 0.215 0.148 
120 NS_SS0740    (5)    3 :  0.173 0.306 0.145 0.125 0.251 
121 NS_SS0811    (5)    3 :  0.453 0.244 0.078 0.101 0.125 
122 NS_SS0751    (1)    3 :  0.224 0.104 0.135 0.284 0.253 
123 NS_SS0891    (6)    3 :  0.213 0.127 0.165 0.241 0.254 
124 NS_SS0867    (2)    3 :  0.132 0.378 0.202 0.188 0.100 
125 NS_SS0890    (6)    3 :  0.189 0.244 0.165 0.203 0.199 
126 NS_SS0866   (11)    3 :  0.104 0.118 0.511 0.112 0.154 
127 NS_SS0755    (4)    3 :  0.245 0.244 0.166 0.205 0.139 
128 NS_SS0758    (4)    3 :  0.127 0.255 0.161 0.170 0.286 
129 NS_SS0840    (2)    3 :  0.224 0.226 0.066 0.312 0.172 
130 NS_SS0889    (4)    3 :  0.238 0.199 0.353 0.115 0.094 
131 NS_SS1010    (1)    3 :  0.183 0.156 0.152 0.371 0.139 
132 NS_SS0888    (5)    3 :  0.166 0.090 0.448 0.065 0.232 
133 NS_SS0837    (3)    3 :  0.332 0.322 0.081 0.123 0.142 
134 NS_SS0794    (9)    3 :  0.166 0.161 0.347 0.073 0.253 
135 NS_SS0823    (4)    3 :  0.095 0.359 0.084 0.156 0.305 
136 NS_SS0829    (7)    3 :  0.166 0.366 0.331 0.077 0.059 
137 NS_SS0844    (5)    3 :  0.095 0.511 0.057 0.142 0.195 
138 NS_SS1008    (5)    3 :  0.196 0.138 0.302 0.082 0.282 
139 NS_SS0881    (3)    3 :  0.184 0.105 0.215 0.385 0.110 
140 NS_SS0834    (6)    3 :  0.117 0.121 0.097 0.262 0.403 
141 NS_SS0744   (10)    3 :  0.156 0.213 0.182 0.253 0.196 
142 NS_SS0899    (7)    3 :  0.429 0.295 0.067 0.078 0.131 
143 NS_SS0804    (4)    3 :  0.269 0.270 0.061 0.223 0.178 
144 NS_SS0781   (10)    3 :  0.170 0.251 0.067 0.334 0.178 
145 NS_SS0822    (6)    3 :  0.116 0.337 0.180 0.094 0.272 
146 NS_SS1004    (4)    3 :  0.151 0.320 0.124 0.184 0.221 
147 NS_SS0746    (5)    3 :  0.082 0.394 0.166 0.169 0.189 
148 NS_SS0880    (3)    3 :  0.163 0.280 0.115 0.234 0.208 
149 NS_SS0879    (4)    3 :  0.219 0.195 0.141 0.136 0.308 
150 NS_SS0753    (2)    3 :  0.230 0.337 0.235 0.095 0.103 
151 NS_SS1007    (2)    3 :  0.124 0.077 0.167 0.280 0.351 
152 NS_SS0872    (5)    3 :  0.208 0.176 0.121 0.231 0.265 
153 NS_SS1005    (7)    3 :  0.116 0.319 0.099 0.249 0.218 
154 NS_SS0892    (6)    3 :  0.229 0.204 0.177 0.177 0.214 
155 NS_SS0898    (0)    3 :  0.255 0.203 0.244 0.162 0.136 
156 NS_SS0801    (9)    3 :  0.228 0.367 0.144 0.150 0.112 
157 NS_SS0827    (8)    3 :  0.409 0.158 0.195 0.172 0.067 
158 NS_SS0853    (6)    3 :  0.441 0.180 0.214 0.086 0.079 
159 NS_SS0780    (2)    3 :  0.253 0.178 0.103 0.290 0.176 
160 NS_SS0826   (10)    3 :  0.096 0.284 0.114 0.417 0.089 
161 NS_SS0818    (5)    3 :  0.282 0.151 0.065 0.241 0.260 
162 NS_SS0745    (1)    3 :  0.442 0.052 0.063 0.117 0.326 
163 NS_SS0849    (3)    3 :  0.474 0.198 0.096 0.170 0.061 
164 NS_SS0739    (3)    3 :  0.338 0.074 0.166 0.280 0.141 
165 NS_SS0799    (1)    3 :  0.175 0.232 0.267 0.068 0.258 
166 NS_SS0756    (2)    3 :  0.168 0.313 0.079 0.289 0.151 
167 NS_SS0802    (2)    3 :  0.086 0.142 0.222 0.329 0.221 
168 NS_SS0747    (6)    3 :  0.107 0.308 0.148 0.260 0.177 
169 NS_SS0835    (1)    3 :  0.094 0.111 0.457 0.204 0.133 
170 NS_SS0742   (18)    3 :  0.200 0.268 0.118 0.237 0.178 
171 NS_SS0760    (9)    3 :  0.127 0.191 0.388 0.141 0.152 
172 NS_SS0803    (4)    3 :  0.081 0.452 0.064 0.080 0.322 
173 NS_SS0828   (13)    3 :  0.346 0.215 0.167 0.137 0.135 
174 NS_SS0865    (2)    3 :  0.223 0.195 0.186 0.304 0.092 
175 NS_SS0759    (4)    3 :  0.278 0.210 0.080 0.158 0.275 
176 NS_SS0851    (5)    3 :  0.556 0.114 0.087 0.140 0.103 
177 NS_SS0874   (16)    3 :  0.108 0.436 0.087 0.128 0.241 
178 NS_SS0761    (6)    3 :  0.168 0.286 0.330 0.145 0.071 
179 NS_SS0842   (25)    3 :  0.190 0.212 0.268 0.150 0.179 
180 NS_SS0785    (6)    3 :  0.159 0.271 0.251 0.136 0.184 
181 NS_SS0860   (11)    3 :  0.092 0.158 0.444 0.178 0.127 
182 NS_SS0897    (7)    3 :  0.191 0.134 0.471 0.085 0.119 
183 NS_SS0841   (14)    3 :  0.354 0.245 0.075 0.136 0.191 
184 NS_SS0797    (6)    3 :  0.276 0.195 0.244 0.208 0.077 
185 NS_SS0830   (10)    3 :  0.265 0.205 0.169 0.243 0.117 
186 NS_SS1011    (5)    3 :  0.141 0.197 0.075 0.435 0.151 
187 NS_SS0883    (5)    3 :  0.305 0.246 0.225 0.115 0.109 
188 NS_SS0782    (2)    3 :  0.153 0.146 0.250 0.098 0.352 
189 NS_SS0831    (5)    3 :  0.290 0.193 0.360 0.080 0.077 
190 NS_SS0749    (7)    3 :  0.299 0.165 0.200 0.153 0.184 
191 NS_SS0854    (2)    3 :  0.121 0.176 0.227 0.111 0.365 
192 HI_SS0193    (0)    4 :  0.226 0.102 0.299 0.157 0.216 
193 HI_SS0194    (0)    4 :  0.116 0.123 0.096 0.281 0.384 
194 HI_SS0195    (9)    4 :  0.429 0.091 0.060 0.274 0.146 
195 HI_SS0196    (6)    4 :  0.150 0.169 0.202 0.115 0.365 
196 HI_SS0197    (3)    4 :  0.072 0.077 0.108 0.634 0.109 
197 HI_SS0198    (1)    4 :  0.325 0.165 0.232 0.155 0.124 
198 HI_SS0199    (1)    4 :  0.115 0.106 0.340 0.099 0.340 
199 HI_SS0201    (4)    4 :  0.145 0.237 0.387 0.168 0.063 
200 HI_SS0215    (1)    4 :  0.152 0.219 0.379 0.179 0.071 
201 HI_SS0218    (1)    4 :  0.228 0.067 0.489 0.067 0.149 
202 HI_SS0222    (0)    4 :  0.272 0.105 0.178 0.246 0.199 
203 HI_SS0230    (1)    4 :  0.212 0.208 0.110 0.379 0.091 
204 HI_SS0234    (1)    4 :  0.067 0.114 0.173 0.307 0.339 
205 HI_SS0240    (1)    4 :  0.189 0.089 0.160 0.134 0.428 
206 HI_SS0241    (0)    4 :  0.137 0.186 0.366 0.189 0.122 
207 HI_SS0242    (0)    4 :  0.191 0.260 0.229 0.147 0.174 
208 HI_SS0247    (0)    4 :  0.168 0.402 0.118 0.199 0.113 
209 HI_SS0248    (1)    4 :  0.077 0.221 0.336 0.055 0.311 
210 HI_SS0252    (2)    4 :  0.205 0.283 0.108 0.087 0.317 
211 HI_SS0254    (1)    4 :  0.103 0.230 0.183 0.355 0.129 
212 HI_SS0256    (0)    4 :  0.181 0.211 0.038 0.266 0.303 
213 HI_SS0257    (0)    4 :  0.056 0.231 0.334 0.199 0.180 
214 HI_SS0258    (1)    4 :  0.179 0.214 0.345 0.116 0.147 
215 HI_SS0259    (1)    4 :  0.156 0.084 0.119 0.408 0.233 
216 HI_SS0260    (1)    4 :  0.161 0.113 0.382 0.105 0.240 
217 HI_SS0261    (2)    4 :  0.074 0.208 0.213 0.321 0.184 
218 HI_SS0262    (0)    4 :  0.346 0.128 0.160 0.192 0.174 
219 HI_SS0264    (1)    4 :  0.289 0.178 0.113 0.296 0.125 
220 HI_SS0265    (0)    4 :  0.268 0.127 0.118 0.354 0.133 
221 HI_SS0268    (1)    4 :  0.274 0.073 0.204 0.315 0.134 
222 HI_SS0269    (1)    4 :  0.057 0.151 0.455 0.187 0.150 
223 HI_SS0273    (0)    4 :  0.119 0.219 0.322 0.209 0.132 
224 HI_SS0277    (1)    4 :  0.125 0.132 0.092 0.583 0.067 
225 HI_SS0280    (0)    4 :  0.415 0.108 0.166 0.149 0.161 
226 HI_SS0282    (1)    4 :  0.142 0.325 0.221 0.124 0.188 
227 HI_SS0286    (1)    4 :  0.268 0.209 0.220 0.182 0.121 
228 NS_SS1252    (3)    5 :  0.096 0.244 0.476 0.072 0.112 
229 NS_SS1261    (1)    5 :  0.174 0.228 0.187 0.248 0.163 
230 NS_SS1225    (9)    5 :  0.087 0.387 0.236 0.167 0.122 
231 NS_SS1266    (1)    5 :  0.145 0.421 0.065 0.157 0.212 
232 NS_SS1228    (0)    5 :  0.520 0.103 0.131 0.137 0.110 
233 NS_SS1255    (2)    5 :  0.124 0.124 0.176 0.077 0.499 
234 NS_SS1267    (3)    5 :  0.147 0.080 0.541 0.144 0.088 
235 NS_SS1238    (6)    5 :  0.272 0.130 0.186 0.290 0.122 
236 NS_SS1233    (8)    5 :  0.139 0.522 0.081 0.132 0.125 
237 NS_SS1277    (3)    5 :  0.221 0.072 0.343 0.100 0.264 
238 NS_SS1245    (1)    5 :  0.088 0.363 0.171 0.159 0.219 
239 NS_SS1240    (4)    5 :  0.076 0.131 0.530 0.148 0.115 
240 NS_SS1275    (2)    5 :  0.225 0.135 0.061 0.447 0.132 
241 NS_SS1235    (1)    5 :  0.054 0.202 0.115 0.186 0.443 
242 NS_SS1263    (1)    5 :  0.132 0.360 0.072 0.102 0.334 
243 NS_SS1251    (1)    5 :  0.122 0.355 0.104 0.194 0.224 
244 NS_SS1248    (0)    5 :  0.459 0.226 0.134 0.126 0.054 
245 NS_SS1244    (0)    5 :  0.113 0.208 0.142 0.451 0.087 
246 NS_SS1257    (0)    5 :  0.163 0.136 0.378 0.133 0.190 
247 NS_SS1242    (2)    5 :  0.235 0.187 0.105 0.160 0.314 
248 NS_SS1271    (6)    5 :  0.155 0.093 0.506 0.133 0.113 
249 NS_SS1265    (1)    5 :  0.106 0.205 0.363 0.206 0.120 
250 NS_SS1243    (0)    5 :  0.337 0.225 0.123 0.074 0.240 
251 NS_SS1273    (1)    5 :  0.274 0.145 0.088 0.189 0.304 
252 NS_SS1254   (14)    5 :  0.182 0.406 0.105 0.122 0.185 
253 NS_SS1224    (1)    5 :  0.322 0.275 0.090 0.130 0.182 
254 NS_SS1227    (8)    5 :  0.103 0.116 0.316 0.271 0.194 
255 NS_SS1274    (8)    5 :  0.203 0.188 0.283 0.122 0.204 
256 NS_SS1241    (1)    5 :  0.164 0.235 0.270 0.190 0.142 
257 NS_SS1256    (3)    5 :  0.077 0.281 0.221 0.287 0.134 
258 NS_SS1260    (8)    5 :  0.116 0.155 0.393 0.127 0.209 
259 NS_SS1262    (0)    5 :  0.160 0.313 0.234 0.202 0.092 
260 NS_SS1230    (0)    5 :  0.197 0.197 0.256 0.174 0.176 
261 NS_SS1270    (2)    5 :  0.270 0.395 0.089 0.164 0.083 
262 NS_SS1229    (2)    5 :  0.050 0.147 0.089 0.299 0.415 
263 NS_SS1246    (5)    5 :  0.084 0.104 0.296 0.302 0.214 
264 NS_SS1269    (0)    5 :  0.259 0.206 0.154 0.160 0.221 
265 NS_SS1239    (1)    5 :  0.325 0.124 0.110 0.099 0.342 
266 NS_SS1272    (4)    5 :  0.091 0.115 0.108 0.590 0.096 
267 NS_SS1268    (1)    5 :  0.434 0.303 0.082 0.077 0.104 
268 NS_SS1249    (0)    5 :  0.089 0.129 0.486 0.081 0.215 
269 HI_SS0559    (0)    6 :  0.247 0.224 0.191 0.075 0.264 
270 HI_SS0563    (1)    6 :  0.159 0.245 0.180 0.220 0.196 
271 HI_SS0564    (0)    6 :  0.191 0.235 0.121 0.279 0.174 
272 HI_SS0565    (0)    6 :  0.099 0.200 0.210 0.374 0.118 
273 HI_SS0569    (0)    6 :  0.102 0.452 0.254 0.137 0.056 
274 HI_SS0570    (0)    6 :  0.209 0.111 0.385 0.167 0.128 
275 HI_SS0572    (1)    6 :  0.110 0.171 0.097 0.169 0.453 
276 HI_SS0576    (0)    6 :  0.396 0.159 0.092 0.180 0.172 
277 HI_SS0579    (1)    6 :  0.080 0.442 0.183 0.084 0.212 
278 HI_SS0580    (1)    6 :  0.214 0.113 0.341 0.084 0.249 
279 HI_SS0581    (0)    6 :  0.293 0.123 0.062 0.411 0.111 
280 HI_SS0583    (1)    6 :  0.082 0.191 0.387 0.126 0.214 
281 HI_SS0586    (1)    6 :  0.245 0.133 0.440 0.115 0.067 
282 HI_SS0588    (1)    6 :  0.127 0.351 0.261 0.094 0.167 
283 HI_SS0595    (4)    6 :  0.098 0.090 0.286 0.397 0.130 
284 HI_SS0596    (0)    6 :  0.189 0.140 0.092 0.095 0.484 
285 HI_SS0597    (1)    6 :  0.119 0.182 0.102 0.281 0.315 
286 HI_SS0600    (0)    6 :  0.176 0.124 0.288 0.244 0.169 
287 HI_SS0601    (1)    6 :  0.141 0.358 0.163 0.254 0.085 
288 HI_SS0602    (1)    6 :  0.348 0.151 0.283 0.086 0.133 
289 HI_SS0604    (0)    6 :  0.193 0.406 0.122 0.090 0.189 
290 HI_SS0605    (1)    6 :  0.302 0.200 0.230 0.092 0.176 
291 HI_SS0608    (0)    6 :  0.373 0.130 0.157 0.140 0.200 
292 HI_SS0609    (0)    6 :  0.126 0.320 0.099 0.223 0.232 
293 HI_SS0611    (5)    6 :  0.290 0.171 0.357 0.084 0.098 
294 HI_SS0612    (1)    6 :  0.053 0.366 0.180 0.114 0.287 
295 HI_SS0613    (1)    6 :  0.409 0.231 0.169 0.095 0.096 
296 HI_SS0615    (0)    6 :  0.253 0.124 0.073 0.220 0.329 
297 HI_SS0001    (1)    6 :  0.106 0.083 0.271 0.244 0.296 
298 HI_SS0002    (1)    6 :  0.118 0.270 0.080 0.269 0.263 
299 HI_SS0004    (0)    6 :  0.191 0.132 0.323 0.116 0.237 
300 HI_SS0005    (1)    6 :  0.459 0.132 0.134 0.198 0.077 
301 HI_SS0006    (1)    6 :  0.070 0.270 0.298 0.207 0.154 
302 HI_SS0007    (1)    6 :  0.427 0.122 0.274 0.066 0.111 
303 HI_SS0008    (0)    6 :  0.232 0.199 0.123 0.322 0.125 
304 HI_SS0009    (0)    6 :  0.345 0.176 0.092 0.073 0.313 
305 HI_SS0010    (1)    6 :  0.307 0.202 0.213 0.177 0.101 
306 HI_SS0011    (1)    6 :  0.162 0.337 0.108 0.297 0.096 
307 HI_SS0012    (0)    6 :  0.192 0.150 0.076 0.354 0.227 
308 HI_SS0017    (1)    6 :  0.147 0.109 0.121 0.194 0.429 
309 HI_SS0021    (1)    6 :  0.197 0.118 0.311 0.269 0.105 
310 HI_SS0024    (1)    6 :  0.300 0.095 0.104 0.298 0.203 
311 HI_SS0025    (1)    6 :  0.273 0.190 0.109 0.105 0.324 
312 HI_SS0027    (0)    6 :  0.209 0.332 0.241 0.069 0.148 
313 HI_SS0028    (0)    6 :  0.368 0.089 0.054 0.393 0.097 
314 HI_SS0029    (1)    6 :  0.281 0.075 0.205 0.198 0.240 
315 HI_SS0030    (2)    6 :  0.169 0.210 0.213 0.193 0.215 
316 HI_SS0031    (0)    6 :  0.100 0.178 0.142 0.331 0.248 
317 HI_SS0034    (0)    6 :  0.078 0.305 0.327 0.091 0.199 
318 HI_SS0036    (0)    6 :  0.191 0.057 0.379 0.288 0.085 
319 HI_SS0037    (1)    6 :  0.226 0.202 0.382 0.097 0.093 
320 HI_SS0039    (0)    6 :  0.367 0.104 0.289 0.165 0.076 
321 HI_SS0041    (1)    6 :  0.419 0.097 0.094 0.182 0.208 
322 HI_SS0042    (1)    6 :  0.229 0.156 0.091 0.318 0.206 
323 HI_SS0043    (1)    6 :  0.127 0.154 0.430 0.220 0.070 
324 HI_SS0044    (1)    6 :  0.184 0.058 0.313 0.101 0.345 
325 HI_SS0047    (1)    6 :  0.186 0.251 0.108 0.165 0.290 
326 HI_SS0049    (0)    6 :  0.172 0.221 0.126 0.104 0.378 
327 HI_SS0051    (1)    6 :  0.299 0.355 0.134 0.106 0.105 
328 HI_SS0053    (1)    6 :  0.089 0.143 0.375 0.287 0.106 
329 HI_SS0054    (4)    6 :  0.158 0.393 0.273 0.108 0.068 
330 HI_SS0057    (0)    6 :  0.290 0.267 0.104 0.222 0.117 
331 HI_SS0058    (0)    6 :  0.160 0.242 0.315 0.095 0.188 
332 HI_SS0060    (0)    6 :  0.235 0.258 0.114 0.294 0.099 
333 HI_SS0087    (1)    6 :  0.089 0.255 0.179 0.310 0.168 
334 HI_SS0091    (0)    6 :  0.059 0.119 0.450 0.290 0.081 
335 HI_SS0095    (1)    6 :  0.119 0.214 0.206 0.274 0.187 
336 HI_SS0097    (3)    6 :  0.086 0.491 0.095 0.143 0.185 
337 HI_SS0099    (0)    6 :  0.356 0.110 0.173 0.134 0.228 
338 HI_SS0103    (0)    6 :  0.093 0.142 0.145 0.262 0.358 
339 HI_SS0105    (1)    6 :  0.148 0.217 0.141 0.400 0.095 
340 HI_SS0107    (1)    6 :  0.107 0.149 0.063 0.242 0.439 
341 HI_SS0108    (1)    6 :  0.093 0.184 0.520 0.103 0.100 
342 HI_SS0110    (0)    6 :  0.095 0.087 0.228 0.410 0.180 
343 HI_SS0111    (1)    6 :  0.210 0.122 0.190 0.289 0.188 
344 HI_SS0112    (0)    6 :  0.147 0.112 0.458 0.143 0.139 
345 HI_SS0113    (1)    6 :  0.182 0.167 0.085 0.297 0.269 
346 HI_SS0114    (1)    6 :  0.214 0.321 0.273 0.119 0.072 
347 HI_SS0115    (1)    6 :  0.200 0.202 0.179 0.059 0.360 
348 HI_SS0116    (4)    6 :  0.130 0.112 0.353 0.097 0.307 
349 HI_SS0117    (0)    6 :  0.065 0.199 0.259 0.378 0.099 
350 HI_SS0118    (0)    6 :  0.099 0.218 0.328 0.190 0.165 
351 HI_SS0119    (1)    6 :  0.123 0.190 0.218 0.374 0.095 
352 HI_SS0120    (1)    6 :  0.089 0.096 0.068 0.363 0.383 
353 HI_SS0121    (1)    6 :  0.257 0.174 0.072 0.443 0.053 
354 HI_SS0122    (2)    6 :  0.224 0.142 0.210 0.287 0.138 
355 HI_SS0123    (0)    6 :  0.083 0.214 0.178 0.314 0.211 
356 HI_SS0124    (1)    6 :  0.309 0.100 0.074 0.100 0.417 
357 HI_SS0125    (1)    6 :  0.356 0.119 0.084 0.226 0.214 
358 HI_SS0126    (0)    6 :  0.137 0.084 0.444 0.110 0.225 
359 HI_SS0127    (0)    6 :  0.349 0.355 0.110 0.104 0.081 
360 HI_SS0128    (0)    6 :  0.095 0.187 0.151 0.251 0.316 
361 HI_SS0129    (1)    6 :  0.185 0.120 0.312 0.175 0.207 
362 HI_SS0131    (2)    6 :  0.251 0.320 0.228 0.134 0.068 
363 HI_SS0132    (0)    6 :  0.228 0.162 0.170 0.346 0.094 
364 HI_SS0133    (1)    6 :  0.137 0.108 0.515 0.106 0.135 
365 HI_SS0134    (1)    6 :  0.122 0.247 0.215 0.207 0.210 
366 HI_SS0142    (3)    6 :  0.133 0.307 0.130 0.292 0.138 
367 HI_SS0145    (0)    6 :  0.092 0.307 0.209 0.106 0.286 
368 HI_SS0146    (1)    6 :  0.197 0.256 0.282 0.094 0.171 
369 HI_SS0147    (1)    6 :  0.383 0.224 0.101 0.170 0.121 
370 HI_SS0149    (1)    6 :  0.086 0.122 0.173 0.553 0.066 
371 HI_SS0150    (2)    6 :  0.323 0.186 0.083 0.188 0.221 
372 HI_SS0151    (0)    6 :  0.180 0.177 0.197 0.067 0.379 
373 NS_SS1451    (1)    6 :  0.361 0.110 0.076 0.175 0.278 
374 NS_SS1404    (0)    6 :  0.431 0.104 0.154 0.184 0.127 
375 NS_SS1432    (2)    6 :  0.203 0.061 0.078 0.411 0.248 
376 NS_SS1405    (4)    6 :  0.231 0.118 0.199 0.140 0.313 
377 NS_SS1431   (10)    6 :  0.195 0.119 0.067 0.393 0.226 
378 NS_SS1402    (3)    6 :  0.112 0.146 0.225 0.310 0.209 
379 NS_SS1450    (3)    6 :  0.173 0.138 0.296 0.137 0.257 
380 NS_SS1396    (0)    6 :  0.261 0.176 0.161 0.235 0.167 
381 NS_SS1393    (5)    6 :  0.199 0.165 0.277 0.156 0.203 
382 NS_SS1392   (10)    6 :  0.317 0.081 0.122 0.125 0.355 
383 NS_SS1445    (0)    6 :  0.134 0.267 0.288 0.233 0.078 
384 NS_SS1423    (0)    6 :  0.085 0.116 0.243 0.338 0.219 
385 NS_SS1421    (9)    6 :  0.123 0.209 0.181 0.345 0.142 
386 NS_SS1411    (6)    6 :  0.356 0.224 0.263 0.073 0.083 
387 NS_SS1453    (5)    6 :  0.150 0.093 0.296 0.365 0.096 
388 NS_SS1442    (2)    6 :  0.141 0.431 0.126 0.102 0.200 
389 NS_SS1422    (1)    6 :  0.091 0.281 0.159 0.160 0.308 
390 NS_SS1419    (1)    6 :  0.251 0.456 0.111 0.098 0.083 
391 NS_SS1427    (0)    6 :  0.084 0.066 0.464 0.134 0.252 
392 NS_SS1444    (3)    6 :  0.326 0.286 0.113 0.100 0.176 
393 NS_SS1455    (0)    6 :  0.136 0.266 0.078 0.184 0.336 
394 NS_SS1425    (2)    6 :  0.128 0.269 0.398 0.124 0.081 
395 NS_SS1400    (0)    6 :  0.173 0.298 0.324 0.098 0.107 
396 NS_SS1406    (1)    6 :  0.102 0.296 0.057 0.383 0.163 
397 NS_SS1417    (6)    6 :  0.169 0.234 0.209 0.195 0.194 
398 NS_SS1454    (2)    6 :  0.176 0.129 0.269 0.363 0.063 
399 NS_SS1412    (1)    6 :  0.227 0.137 0.265 0.160 0.211 
400 NS_SS1438    (1)    6 :  0.175 0.314 0.329 0.106 0.076 
401 NS_SS1416    (4)    6 :  0.263 0.171 0.196 0.216 0.153 
402 NS_SS1401    (0)    6 :  0.108 0.187 0.205 0.352 0.148 
403 NS_SS1424    (6)    6 :  0.156 0.128 0.209 0.367 0.140 
404 NS_SS1435    (9)    6 :  0.318 0.085 0.150 0.206 0.241 
405 NS_SS1447    (4)    6 :  0.215 0.398 0.095 0.143 0.149 
406 NS_SS1414    (3)    6 :  0.352 0.279 0.088 0.116 0.165 
407 NS_SS1449   (14)    6 :  0.146 0.132 0.140 0.320 0.262 
408 NS_SS1443    (4)    6 :  0.062 0.193 0.346 0.123 0.277 
409 NS_SS1434    (1)    6 :  0.081 0.141 0.204 0.095 0.478 
410 NS_SS1398    (1)    6 :  0.256 0.127 0.142 0.192 0.284 
411 NS_SS1426    (1)    6 :  0.128 0.163 0.395 0.157 0.157 
412 NS_SS1413    (0)    6 :  0.101 0.191 0.285 0.140 0.283 
413 NS_SS1395    (1)    6 :  0.087 0.173 0.302 0.268 0.170 
414 NS_SS1448   (10)    6 :  0.340 0.116 0.242 0.145 0.157 
415 NS_SS1446    (0)    6 :  0.116 0.161 0.333 0.231 0.158 
416 NS_SS1403    (2)    6 :  0.147 0.090 0.120 0.485 0.158 
417 NS_SS1415    (0)    6 :  0.193 0.200 0.306 0.138 0.162 
418 NS_SS1437    (4)    6 :  0.188 0.135 0.121 0.442 0.113 
419 NS_SS1439    (2)    6 :  0.105 0.319 0.181 0.168 0.228 
420 NS_SS1441    (3)    6 :  0.105 0.192 0.316 0.156 0.231 
421 NS_SS1420    (2)    6 :  0.602 0.124 0.091 0.062 0.121 
422 NS_SS1394    (2)    6 :  0.410 0.158 0.084 0.214 0.134 
423 NS_SS1391    (7)    6 :  0.090 0.092 0.276 0.159 0.383 
424 NS_SS1410    (5)    6 :  0.135 0.145 0.267 0.282 0.171 
425 NS_SS1408    (1)    6 :  0.159 0.223 0.117 0.361 0.140 
426 NS_SS1409    (1)    6 :  0.094 0.125 0.247 0.134 0.399 
427 HI_SS0617    (1)    7 :  0.153 0.096 0.333 0.099 0.320 
428 HI_SS0618    (2)    7 :  0.321 0.196 0.119 0.117 0.248 
429 HI_SS0619    (0)    7 :  0.282 0.114 0.218 0.119 0.268 
430 HI_SS0620    (1)    7 :  0.256 0.132 0.416 0.048 0.149 
431 HI_SS0621    (3)    7 :  0.198 0.187 0.122 0.257 0.236 
432 HI_SS0622    (1)    7 :  0.212 0.279 0.179 0.146 0.183 
433 HI_SS0626    (0)    7 :  0.452 0.135 0.150 0.181 0.083 
434 HI_SS0627    (0)    7 :  0.161 0.122 0.096 0.438 0.183 
435 HI_SS0628    (3)    7 :  0.188 0.097 0.338 0.262 0.115 
436 HI_SS0629    (1)    7 :  0.236 0.168 0.221 0.264 0.112 
437 HI_SS0630    (1)    7 :  0.275 0.185 0.257 0.097 0.186 
438 HI_SS0631    (0)    7 :  0.262 0.186 0.235 0.166 0.151 
439 HI_SS0632    (0)    7 :  0.301 0.325 0.140 0.139 0.096 
440 HI_SS0633    (0)    7 :  0.156 0.139 0.157 0.078 0.470 
441 HI_SS0634    (1)    7 :  0.259 0.134 0.198 0.301 0.109 
442 HI_SS0635    (0)    7 :  0.327 0.230 0.098 0.178 0.167 
443 HI_SS0637    (1)    7 :  0.177 0.347 0.168 0.211 0.097 
444 HI_SS0638    (0)    7 :  0.229 0.164 0.191 0.173 0.243 
445 HI_SS0639    (1)    7 :  0.299 0.203 0.104 0.195 0.199 
446 HI_SS0640    (1)    7 :  0.156 0.365 0.129 0.133 0.217 
447 HI_SS0641    (1)    7 :  0.322 0.196 0.308 0.099 0.076 
448 HI_SS0642    (0)    7 :  0.145 0.109 0.080 0.543 0.123 
449 HI_SS0645    (0)    7 :  0.560 0.139 0.064 0.075 0.162 
450 HI_SS0646    (1)    7 :  0.088 0.149 0.186 0.217 0.361 
451 HI_SS0647    (1)    7 :  0.168 0.161 0.151 0.270 0.250 
452 HI_SS0648    (0)    7 :  0.237 0.203 0.165 0.167 0.228 
453 HI_SS0649    (1)    7 :  0.163 0.236 0.207 0.148 0.247 
454 HI_SS0650    (1)    7 :  0.147 0.115 0.119 0.156 0.464 
455 HI_SS0651    (1)    7 :  0.189 0.207 0.163 0.160 0.281 
456 HI_SS0652    (1)    7 :  0.463 0.173 0.084 0.090 0.190 
457 NS_SS1371    (3)    7 :  0.084 0.117 0.263 0.311 0.225 
458 NS_SS1374    (0)    7 :  0.194 0.086 0.300 0.326 0.094 
459 NS_SS1337    (3)    7 :  0.304 0.120 0.094 0.341 0.141 
460 NS_SS1385    (5)    7 :  0.112 0.187 0.166 0.188 0.348 
461 NS_SS1388    (0)    7 :  0.289 0.109 0.218 0.181 0.202 
462 NS_SS1370    (1)    7 :  0.560 0.189 0.072 0.111 0.068 
463 NS_SS1389    (3)    7 :  0.393 0.112 0.137 0.159 0.199 
464 NS_SS1360    (1)    7 :  0.224 0.316 0.227 0.133 0.100 
465 NS_SS1330    (0)    7 :  0.289 0.213 0.085 0.138 0.275 
466 NS_SS1328    (8)    7 :  0.074 0.107 0.286 0.171 0.362 
467 NS_SS1384    (1)    7 :  0.179 0.268 0.191 0.254 0.108 
468 NS_SS1381    (0)    7 :  0.123 0.157 0.066 0.126 0.527 
469 NS_SS1375    (1)    7 :  0.358 0.059 0.137 0.136 0.310 
470 NS_SS1319   (10)    7 :  0.214 0.113 0.184 0.312 0.176 
471 NS_SS1326    (2)    7 :  0.133 0.111 0.411 0.126 0.217 
472 NS_SS1341    (1)    7 :  0.076 0.288 0.227 0.339 0.071 
473 NS_SS1383    (1)    7 :  0.189 0.116 0.127 0.486 0.083 
474 NS_SS1318    (3)    7 :  0.260 0.269 0.159 0.096 0.217 
475 NS_SS1348    (2)    7 :  0.121 0.207 0.352 0.207 0.113 
476 NS_SS1363    (0)    7 :  0.277 0.245 0.113 0.196 0.168 
477 NS_SS1335    (4)    7 :  0.175 0.331 0.216 0.202 0.076 
478 NS_SS1358    (0)    7 :  0.081 0.308 0.200 0.261 0.150 
479 NS_SS1342    (1)    7 :  0.060 0.156 0.256 0.399 0.128 
480 NS_SS1320    (2)    7 :  0.091 0.188 0.045 0.113 0.563 
481 NS_SS1355    (1)    7 :  0.127 0.447 0.088 0.132 0.206 
482 NS_SS1345    (1)    7 :  0.107 0.529 0.067 0.083 0.213 
483 NS_SS1324    (0)    7 :  0.190 0.185 0.267 0.215 0.144 
484 NS_SS1347    (5)    7 :  0.157 0.205 0.142 0.260 0.237 
485 NS_SS1321    (4)    7 :  0.150 0.090 0.320 0.343 0.098 
486 NS_SS1333    (0)    7 :  0.198 0.041 0.324 0.331 0.105 
487 NS_SS1364    (1)    7 :  0.098 0.399 0.186 0.200 0.118 
488 NS_SS1379    (0)    7 :  0.149 0.267 0.113 0.135 0.336 
489 NS_SS1332    (0)    7 :  0.176 0.122 0.410 0.192 0.100 
490 NS_SS1338    (5)    7 :  0.302 0.211 0.213 0.160 0.114 
491 NS_SS1368    (6)    7 :  0.090 0.211 0.312 0.283 0.104 
492 NS_SS1354    (1)    7 :  0.153 0.239 0.151 0.264 0.192 
493 NS_SS1365    (0)    7 :  0.277 0.216 0.115 0.210 0.182 
494 NS_SS1380    (1)    7 :  0.219 0.312 0.095 0.210 0.164 
495 NS_SS1329    (8)    7 :  0.051 0.170 0.245 0.418 0.115 
496 NS_SS1362    (0)    7 :  0.112 0.181 0.181 0.289 0.236 
497 NS_SS1327    (2)    7 :  0.117 0.082 0.592 0.112 0.096 
498 NS_SS1350    (0)    7 :  0.095 0.059 0.276 0.129 0.442 
499 NS_SS1387    (2)    7 :  0.408 0.219 0.150 0.112 0.110 
500 NS_SS1369    (8)    7 :  0.165 0.350 0.273 0.119 0.094 
501 NS_SS1331    (1)    7 :  0.385 0.080 0.216 0.211 0.107 
502 NS_SS1357    (4)    7 :  0.059 0.088 0.250 0.169 0.434 
503 NS_SS1386    (1)    7 :  0.057 0.149 0.406 0.323 0.064 
504 NS_SS1353    (2)    7 :  0.140 0.116 0.178 0.237 0.329 
505 NS_SS1323    (0)    7 :  0.149 0.222 0.081 0.339 0.208 
506 HI_SS0296    (0)    8 :  0.280 0.262 0.247 0.065 0.146 
507 HI_SS0297    (0)    8 :  0.107 0.078 0.107 0.447 0.261 
508 HI_SS0299    (0)    8 :  0.150 0.342 0.178 0.178 0.152 
509 HI_SS0300    (0)    8 :  0.180 0.461 0.132 0.084 0.143 
510 HI_SS0301    (0)    8 :  0.358 0.291 0.087 0.217 0.047 
511 HI_SS0302    (0)    8 :  0.307 0.292 0.230 0.084 0.088 
512 HI_SS0303    (0)    8 :  0.113 0.184 0.338 0.099 0.267 
513 HI_SS0304    (0)    8 :  0.338 0.086 0.177 0.183 0.216 
514 HI_SS0306    (5)    8 :  0.247 0.201 0.335 0.113 0.105 
515 HI_SS0307    (1)    8 :  0.257 0.218 0.129 0.195 0.200 
516 HI_SS0308    (1)    8 :  0.264 0.263 0.090 0.262 0.121 
517 HI_SS0309    (0)    8 :  0.168 0.365 0.112 0.180 0.174 
518 HI_SS0310    (0)    8 :  0.232 0.218 0.165 0.108 0.276 
519 HI_SS0311    (3)    8 :  0.324 0.243 0.158 0.175 0.100 
520 HI_SS0314    (0)    8 :  0.168 0.098 0.189 0.204 0.342 
521 HI_SS0316    (1)    8 :  0.169 0.221 0.267 0.175 0.168 
522 HI_SS0317    (3)    8 :  0.255 0.135 0.133 0.349 0.129 
523 HI_SS0318    (1)    8 :  0.132 0.163 0.324 0.304 0.078 
524 HI_SS0319    (0)    8 :  0.072 0.206 0.511 0.091 0.121 
525 HI_SS0320    (3)    8 :  0.236 0.061 0.093 0.461 0.149 
526 HI_SS0321    (0)    8 :  0.133 0.127 0.219 0.338 0.184 
527 HI_SS0323    (1)    8 :  0.245 0.153 0.341 0.108 0.153 
528 HI_SS0325    (2)    8 :  0.281 0.229 0.283 0.123 0.085 
529 HI_SS0327    (1)    8 :  0.044 0.155 0.311 0.173 0.316 
530 HI_SS0329    (1)    8 :  0.308 0.183 0.135 0.236 0.138 
531 HI_SS0333    (1)    8 :  0.177 0.210 0.204 0.226 0.183 
532 HI_SS0334    (1)    8 :  0.127 0.297 0.275 0.181 0.119 
533 HI_SS0335    (1)    8 :  0.135 0.342 0.077 0.190 0.256 
534 HI_SS0339    (0)    8 :  0.206 0.414 0.097 0.134 0.149 
535 HI_SS0343    (2)    8 :  0.088 0.266 0.093 0.313 0.240 
536 HI_SS0344    (1)    8 :  0.095 0.117 0.534 0.154 0.099 
537 HI_SS0345    (3)    8 :  0.248 0.302 0.126 0.225 0.098 
538 HI_SS0346    (0)    8 :  0.211 0.102 0.212 0.387 0.089 
539 HI_SS0350    (1)    8 :  0.156 0.483 0.054 0.077 0.230 
540 HI_SS0351    (0)    8 :  0.100 0.377 0.128 0.228 0.168 
541 HI_SS0352    (3)    8 :  0.139 0.229 0.128 0.293 0.211 
542 HI_SS0362    (0)    8 :  0.458 0.168 0.154 0.115 0.104 
543 HI_SS0363    (1)    8 :  0.093 0.187 0.374 0.118 0.227 
544 HI_SS0365    (0)    8 :  0.114 0.188 0.319 0.135 0.243 
545 HI_SS0366    (0)    8 :  0.125 0.143 0.488 0.097 0.147 
546 HI_SS0367    (1)    8 :  0.203 0.236 0.098 0.208 0.254 
547 HI_SS0369    (1)    8 :  0.294 0.225 0.101 0.178 0.202 
548 HI_SS0370    (0)    8 :  0.067 0.126 0.146 0.226 0.434 
549 HI_SS0371    (4)    8 :  0.264 0.163 0.352 0.131 0.090 
550 HI_SS0373    (3)    8 :  0.274 0.154 0.211 0.120 0.241 
551 HI_SS0374    (0)    8 :  0.199 0.193 0.123 0.213 0.272 
552 HI_SS0377    (0)    8 :  0.137 0.413 0.182 0.173 0.095 
553 HI_SS0379    (1)    8 :  0.080 0.122 0.539 0.203 0.055 
554 HI_SS0380    (1)    8 :  0.176 0.254 0.134 0.203 0.233 
555 HI_SS0381    (2)    8 :  0.224 0.325 0.081 0.234 0.136 
556 HI_SS0384    (3)    8 :  0.154 0.064 0.291 0.237 0.254 
557 HI_SS0385    (1)    8 :  0.370 0.118 0.233 0.136 0.143 


Estimated Allele Frequencies in each cluster
First column gives estimated ancestral frequencies


Locus 1 : 
2 alleles
3.4% missing data
   1   (0.736) 0.713 0.703 0.726 0.787 0.764 
   2   (0.264) 0.287 0.297 0.274 0.213 0.236 

Locus 2 : 
2 alleles
4.3% missing data
   1   (0.885) 0.901 0.907 0.914 0.867 0.857 
   2   (0.115) 0.099 0.093 0.086 0.133 0.143 

Locus 3 : 
2 alleles
3.9% missing data
   1   (0.862) 0.859 0.880 0.868 0.871 0.858 
   2   (0.138) 0.141 0.120 0.132 0.129 0.142 

Locus 4 : 
2 alleles
2.7% missing data
   1   (0.887) 0.888 0.913 0.908 0.839 0.915 
   2   (0.113) 0.112 0.087 0.092 0.161 0.085 

Locus 5 : 
2 alleles
2.7% missing data
   1   (0.823) 0.834 0.819 0.807 0.866 0.798 
   2   (0.177) 0.166 0.181 0.193 0.134 0.202 

Locus 6 : 
2 alleles
3.2% missing data
   1   (0.791) 0.818 0.769 0.764 0.818 0.802 
   2   (0.209) 0.182 0.231 0.236 0.182 0.198 

Locus 7 : 
2 alleles
3.8% missing data
   1   (0.801) 0.791 0.804 0.795 0.805 0.841 
   2   (0.199) 0.209 0.196 0.205 0.195 0.159 

Locus 8 : 
2 alleles
4.8% missing data
   1   (0.705) 0.725 0.701 0.696 0.723 0.689 
   2   (0.295) 0.275 0.299 0.304 0.277 0.311 

Locus 9 : 
2 alleles
3.1% missing data
   1   (0.794) 0.818 0.794 0.735 0.828 0.798 
   2   (0.206) 0.182 0.206 0.265 0.172 0.202 

Locus 10 : 
2 alleles
4.7% missing data
   1   (0.887) 0.897 0.889 0.887 0.869 0.928 
   2   (0.113) 0.103 0.111 0.113 0.131 0.072 

Locus 11 : 
2 alleles
3.2% missing data
   1   (0.861) 0.861 0.887 0.837 0.850 0.895 
   2   (0.139) 0.139 0.113 0.163 0.150 0.105 

Locus 12 : 
2 alleles
4.8% missing data
   1   (0.730) 0.748 0.715 0.741 0.757 0.704 
   2   (0.270) 0.252 0.285 0.259 0.243 0.296 

Locus 13 : 
2 alleles
4.7% missing data
   1   (0.885) 0.883 0.876 0.875 0.915 0.904 
   2   (0.115) 0.117 0.124 0.125 0.085 0.096 

Locus 14 : 
2 alleles
3.9% missing data
   1   (0.874) 0.887 0.872 0.875 0.859 0.910 
   2   (0.126) 0.113 0.128 0.125 0.141 0.090 

Locus 15 : 
2 alleles
3.9% missing data
   1   (0.505) 0.510 0.509 0.528 0.507 0.473 
   2   (0.495) 0.490 0.491 0.472 0.493 0.527 

Locus 16 : 
2 alleles
4.3% missing data
   1   (0.608) 0.685 0.637 0.556 0.562 0.597 
   2   (0.392) 0.315 0.363 0.444 0.438 0.403 

Locus 17 : 
2 alleles
4.1% missing data
   1   (0.773) 0.783 0.800 0.757 0.772 0.769 
   2   (0.227) 0.217 0.200 0.243 0.228 0.231 

Locus 18 : 
2 alleles
2.3% missing data
   1   (0.892) 0.901 0.881 0.926 0.894 0.892 
   2   (0.108) 0.099 0.119 0.074 0.106 0.108 

Locus 19 : 
2 alleles
4.3% missing data
   1   (0.710) 0.749 0.727 0.698 0.692 0.696 
   2   (0.290) 0.251 0.273 0.302 0.308 0.304 

Locus 20 : 
2 alleles
3.2% missing data
   1   (0.883) 0.924 0.856 0.911 0.842 0.905 
   2   (0.117) 0.076 0.144 0.089 0.158 0.095 

Locus 21 : 
2 alleles
3.4% missing data
   1   (0.561) 0.555 0.622 0.458 0.561 0.591 
   2   (0.439) 0.445 0.378 0.542 0.439 0.409 

Locus 22 : 
2 alleles
4.8% missing data
   1   (0.853) 0.855 0.865 0.845 0.872 0.854 
   2   (0.147) 0.145 0.135 0.155 0.128 0.146 

Locus 23 : 
2 alleles
4.3% missing data
   1   (0.881) 0.876 0.904 0.889 0.900 0.857 
   2   (0.119) 0.124 0.096 0.111 0.100 0.143 

Locus 24 : 
2 alleles
3.2% missing data
   1   (0.544) 0.573 0.527 0.534 0.582 0.495 
   2   (0.456) 0.427 0.473 0.466 0.418 0.505 

Locus 25 : 
2 alleles
4.3% missing data
   2   (0.468) 0.475 0.453 0.507 0.415 0.507 
   1   (0.532) 0.525 0.547 0.493 0.585 0.493 

Locus 26 : 
2 alleles
4.3% missing data
   1   (0.839) 0.863 0.837 0.876 0.816 0.830 
   2   (0.161) 0.137 0.163 0.124 0.184 0.170 

Locus 27 : 
2 alleles
2.2% missing data
   1   (0.600) 0.615 0.595 0.642 0.583 0.578 
   2   (0.400) 0.385 0.405 0.358 0.417 0.422 

Locus 28 : 
2 alleles
4.1% missing data
   1   (0.859) 0.885 0.825 0.881 0.840 0.898 
   2   (0.141) 0.115 0.175 0.119 0.160 0.102 

Locus 29 : 
2 alleles
1.8% missing data
   1   (0.878) 0.868 0.893 0.881 0.892 0.890 
   2   (0.122) 0.132 0.107 0.119 0.108 0.110 

Locus 30 : 
2 alleles
4.5% missing data
   1   (0.866) 0.873 0.897 0.880 0.839 0.867 
   2   (0.134) 0.127 0.103 0.120 0.161 0.133 

Locus 31 : 
2 alleles
4.3% missing data
   1   (0.786) 0.814 0.750 0.805 0.774 0.819 
   2   (0.214) 0.186 0.250 0.195 0.226 0.181 

Locus 32 : 
2 alleles
