   NS_SS0963  1 0.1456 0.2042 0.4547 0.1955 
   NS_SS0983  1 0.4655 0.2053 0.1970 0.1322 
   NS_SS0719  1 0.2534 0.2836 0.2602 0.2028 
   NS_SS1001  1 0.1262 0.2894 0.1845 0.3999 
   NS_SS0936  1 0.1420 0.1128 0.3744 0.3709 
   NS_SS0955  1 0.3017 0.1954 0.3731 0.1298 
   NS_SS0944  1 0.2277 0.2063 0.3444 0.2216 
   NS_SS0945  1 0.2737 0.2150 0.1549 0.3563 
   NS_SS0922  1 0.1219 0.2543 0.1971 0.4266 
   NS_SS0929  1 0.3115 0.2005 0.3136 0.1743 
   NS_SS0956  1 0.1096 0.4871 0.1578 0.2454 
   NS_SS0906  1 0.2571 0.1937 0.3807 0.1686 
   NS_SS0721  1 0.1868 0.5063 0.1460 0.1609 
   NS_SS0982  1 0.1627 0.2501 0.4053 0.1818 
   NS_SS0923  1 0.1780 0.2702 0.2996 0.2522 
   NS_SS0905  1 0.2321 0.3496 0.2076 0.2106 
   NS_SS0925  1 0.1167 0.2385 0.3452 0.2996 
   NS_SS0947  1 0.1742 0.1686 0.3223 0.3348 
   NS_SS0926  1 0.4288 0.2006 0.2608 0.1099 
   NS_SS0918  1 0.1117 0.3148 0.4249 0.1486 
   NS_SS0966  1 0.1715 0.2193 0.4074 0.2017 
   NS_SS0938  1 0.1373 0.1593 0.2582 0.4453 
   NS_SS0917  1 0.3863 0.1923 0.1611 0.2602 
   NS_SS0957  1 0.1840 0.4316 0.2151 0.1693 
   NS_SS0987  1 0.1861 0.5431 0.1696 0.1013 
   NS_SS0717  1 0.1238 0.3373 0.1945 0.3444 
   NS_SS0986  1 0.2716 0.3736 0.2336 0.1212 
   NS_SS0953  1 0.1257 0.2609 0.3178 0.2956 
   NS_SS0907  1 0.2182 0.1564 0.4731 0.1523 
   NS_SS0974  1 0.2511 0.1326 0.3253 0.2910 
   NS_SS0989  1 0.4489 0.1278 0.1684 0.2549 
   NS_SS0991  1 0.2594 0.3282 0.3350 0.0774 
   NS_SS0994  1 0.5505 0.0912 0.1124 0.2459 
   NS_SS0931  1 0.3578 0.2834 0.2439 0.1149 
   NS_SS1000  1 0.1420 0.1723 0.3040 0.3817 
   NS_SS0919  1 0.2683 0.1453 0.4664 0.1200 
   NS_SS0949  1 0.3892 0.1733 0.1875 0.2500 
   NS_SS0960  1 0.2938 0.2841 0.3080 0.1140 
   NS_SS0716  1 0.1247 0.5268 0.0844 0.2641 
   NS_SS0924  1 0.2697 0.2113 0.3926 0.1264 
   NS_SS0935  1 0.3910 0.3097 0.1624 0.1370 
   NS_SS0952  1 0.3645 0.1552 0.3406 0.1397 
   NS_SS0962  1 0.1399 0.3219 0.2500 0.2882 
   NS_SS0973  1 0.1796 0.1603 0.4658 0.1943 
   NS_SS0722  1 0.0951 0.1464 0.1934 0.5651 
   NS_SS0979  1 0.1394 0.3772 0.2915 0.1918 
   NS_SS0993  1 0.1071 0.2409 0.3332 0.3188 
   NS_SS0958  1 0.3648 0.2164 0.2130 0.2059 
   NS_SS0988  1 0.2806 0.2211 0.3716 0.1268 
   NS_SS1003  1 0.0996 0.3870 0.3877 0.1257 
   NS_SS0976  1 0.3421 0.1793 0.3265 0.1521 
   NS_SS0964  1 0.1019 0.3158 0.1726 0.4097 
   NS_SS0939  1 0.0987 0.4504 0.0717 0.3792 
   NS_SS0990  1 0.3318 0.2811 0.1458 0.2412 
   NS_SS0984  1 0.1027 0.2546 0.1835 0.4592 
   NS_SS0980  1 0.1395 0.1134 0.3744 0.3728 
   NS_SS0978  1 0.1766 0.1504 0.2969 0.3761 
   NS_SS0951  1 0.2715 0.4302 0.1935 0.1048 
   NS_SS0913  1 0.1610 0.4060 0.1640 0.2691 
   NS_SS1002  1 0.1218 0.1309 0.5560 0.1913 
   NS_SS0948  1 0.2590 0.2487 0.3253 0.1670 
   NS_SS0916  1 0.2800 0.1936 0.1358 0.3906 
   NS_SS0995  1 0.1812 0.3111 0.1648 0.3429 
   NS_SS0927  1 0.3711 0.1584 0.1713 0.2991 
   NS_SS0992  1 0.2609 0.0980 0.2615 0.3796 
   NS_SS0912  1 0.2600 0.4339 0.2027 0.1034 
   NS_SS0981  1 0.1410 0.3450 0.3897 0.1243 
   NS_SS0729  2 0.4533 0.0750 0.2359 0.2358 
   NS_SS0967  2 0.1417 0.1528 0.5193 0.1862 
   NS_SS0941  2 0.1749 0.2137 0.1694 0.4420 
   NS_SS0768  2 0.1706 0.3345 0.3216 0.1733 
   NS_SS0726  2 0.3090 0.0820 0.2637 0.3453 
   NS_SS0763  2 0.3640 0.1455 0.2255 0.2651 
   NS_SS0730  2 0.1456 0.3354 0.2048 0.3142 
   NS_SS0774  2 0.1108 0.1691 0.2620 0.4581 
   NS_SS0723  2 0.0843 0.2408 0.3872 0.2878 
   NS_SS0940  2 0.2911 0.2673 0.1206 0.3210 
   NS_SS0762  2 0.0841 0.2446 0.1557 0.5157 
   NS_SS0766  2 0.2294 0.2862 0.0883 0.3961 
   NS_SS0724  2 0.1232 0.3439 0.3148 0.2181 
   NS_SS0769  2 0.2302 0.2842 0.2701 0.2155 
   NS_SS0777  2 0.3295 0.3260 0.2125 0.1319 
   NS_SS0734  2 0.2526 0.3667 0.1308 0.2498 
   NS_SS0737  2 0.0915 0.1541 0.1220 0.6323 
   NS_SS0732  2 0.1241 0.5176 0.2221 0.1362 
   NS_SS0728  2 0.1958 0.2389 0.1545 0.4108 
   NS_SS0735  2 0.1430 0.2620 0.1895 0.4055 
   NS_SS0725  2 0.1399 0.2114 0.2021 0.4466 
   NS_SS0788  2 0.2260 0.2230 0.3354 0.2156 
   NS_SS0778  2 0.3162 0.2638 0.2693 0.1508 
   NS_SS0792  2 0.2630 0.3227 0.2166 0.1977 
   NS_SS0943  2 0.3400 0.1823 0.3669 0.1107 
   NS_SS0791  2 0.2878 0.3323 0.0907 0.2893 
   NS_SS0790  2 0.0675 0.4000 0.3265 0.2061 
   NS_SS0731  2 0.1452 0.5011 0.1550 0.1986 
   NS_SS0727  2 0.3309 0.0995 0.1016 0.4680 
   NS_SS0779  2 0.2241 0.3177 0.2192 0.2390 
   NS_SS0776  2 0.2056 0.2469 0.1685 0.3790 
   NS_SS0775  2 0.1054 0.2970 0.1286 0.4690 
   NS_SS0965  3 0.1457 0.3997 0.3259 0.1288 
   NS_SS0754  3 0.3364 0.3039 0.1929 0.1669 
   NS_SS0838  3 0.2592 0.2015 0.2702 0.2691 
   NS_SS0839  3 0.1038 0.2788 0.2419 0.3755 
   NS_SS0832  3 0.0689 0.3111 0.4180 0.2020 
   NS_SS0820  3 0.1043 0.3622 0.3506 0.1829 
   NS_SS0886  3 0.3128 0.3095 0.1930 0.1846 
   NS_SS0748  3 0.2825 0.2609 0.3133 0.1432 
   NS_SS0884  3 0.2243 0.2021 0.3062 0.2674 
   NS_SS0752  3 0.1705 0.1792 0.2737 0.3765 
   NS_SS0862  3 0.0999 0.4935 0.2441 0.1625 
   NS_SS0787  3 0.5701 0.1452 0.1851 0.0996 
   NS_SS0843  3 0.2163 0.2583 0.2685 0.2569 
   NS_SS0856  3 0.2419 0.2039 0.1375 0.4167 
   NS_SS0846  3 0.2354 0.0914 0.4581 0.2151 
   NS_SS0825  3 0.2359 0.2628 0.3416 0.1597 
   NS_SS0757  3 0.2783 0.3098 0.2515 0.1604 
   NS_SS0876  3 0.1910 0.2506 0.2370 0.3214 
   NS_SS0903  3 0.1022 0.1229 0.3968 0.3781 
   NS_SS0875  3 0.2247 0.3953 0.1608 0.2192 
   NS_SS0740  3 0.1938 0.2312 0.2879 0.2871 
   NS_SS0811  3 0.0988 0.5692 0.1801 0.1520 
   NS_SS0751  3 0.1927 0.2848 0.1732 0.3493 
   NS_SS0891  3 0.1981 0.2393 0.2178 0.3448 
   NS_SS0867  3 0.2263 0.1674 0.5043 0.1020 
   NS_SS0890  3 0.2341 0.2334 0.2635 0.2691 
   NS_SS0866  3 0.5550 0.1421 0.1280 0.1749 
   NS_SS0755  3 0.1797 0.2799 0.3583 0.1821 
   NS_SS0758  3 0.2194 0.1943 0.2254 0.3609 
   NS_SS0840  3 0.0862 0.2696 0.4259 0.2184 
   NS_SS0889  3 0.4051 0.3051 0.1734 0.1165 
   NS_SS1010  3 0.1949 0.2301 0.4227 0.1522 
   NS_SS0888  3 0.4635 0.1511 0.1216 0.2638 
   NS_SS0837  3 0.1050 0.3957 0.3757 0.1237 
   NS_SS0794  3 0.3709 0.1974 0.1242 0.3074 
   NS_SS0823  3 0.1129 0.1475 0.3663 0.3732 
   NS_SS0829  3 0.4386 0.2748 0.2103 0.0763 
   NS_SS0844  3 0.0746 0.1380 0.6752 0.1122 
   NS_SS1008  3 0.3411 0.1989 0.1370 0.3230 
   NS_SS0881  3 0.2800 0.2868 0.2276 0.2055 
   NS_SS0834  3 0.1213 0.1605 0.1919 0.5263 
   NS_SS0744  3 0.2339 0.2051 0.3375 0.2235 
   NS_SS0899  3 0.0958 0.5332 0.2137 0.1573 
   NS_SS0804  3 0.0829 0.3702 0.3192 0.2277 
   NS_SS0781  3 0.1074 0.2457 0.4021 0.2448 
   NS_SS0822  3 0.2443 0.1815 0.2374 0.3367 
   NS_SS1004  3 0.1573 0.2206 0.4494 0.1727 
   NS_SS0746  3 0.2131 0.1384 0.4144 0.2341 
   NS_SS0880  3 0.1487 0.2048 0.3910 0.2555 
   NS_SS0879  3 0.1609 0.2364 0.2643 0.3384 
   NS_SS0753  3 0.3100 0.3180 0.2613 0.1108 
   NS_SS1007  3 0.2111 0.1487 0.1520 0.4881 
   NS_SS0872  3 0.1448 0.2303 0.3129 0.3120 
   NS_SS1005  3 0.1401 0.1651 0.4571 0.2376 
   NS_SS0892  3 0.2310 0.2746 0.2249 0.2695 
   NS_SS0898  3 0.2666 0.3004 0.2482 0.1849 
   NS_SS0801  3 0.1984 0.3827 0.2747 0.1443 
   NS_SS0827  3 0.2516 0.4765 0.1879 0.0840 
   NS_SS0853  3 0.2768 0.4783 0.1462 0.0987 
   NS_SS0780  3 0.1503 0.3344 0.2277 0.2876 
   NS_SS0826  3 0.1948 0.1678 0.5435 0.0939 
   NS_SS0818  3 0.0850 0.3117 0.2636 0.3397 
   NS_SS0745  3 0.0792 0.4271 0.0683 0.4254 
   NS_SS0849  3 0.1472 0.5428 0.2220 0.0880 
   NS_SS0739  3 0.2461 0.3605 0.1549 0.2385 
   NS_SS0799  3 0.3184 0.2254 0.1606 0.2956 
   NS_SS0756  3 0.0970 0.2605 0.5018 0.1406 
   NS_SS0802  3 0.3192 0.1356 0.2556 0.2896 
   NS_SS0747  3 0.2164 0.1721 0.3940 0.2175 
   NS_SS0835  3 0.4824 0.1084 0.2275 0.1818 
   NS_SS0742  3 0.1840 0.2666 0.3016 0.2478 
   NS_SS0760  3 0.4628 0.1813 0.1804 0.1755 
   NS_SS0803  3 0.0971 0.1405 0.5034 0.2589 
   NS_SS0828  3 0.2108 0.4213 0.1973 0.1706 
   NS_SS0865  3 0.2310 0.3124 0.3434 0.1132 
   NS_SS0759  3 0.1038 0.3647 0.1969 0.3346 
   NS_SS0851  3 0.1144 0.5741 0.1745 0.1369 
   NS_SS0874  3 0.1255 0.1841 0.4647 0.2256 
   NS_SS0761  3 0.3939 0.2458 0.2573 0.1029 
   NS_SS0842  3 0.2980 0.2422 0.2321 0.2277 
   NS_SS0785  3 0.2985 0.2017 0.3096 0.1902 
   NS_SS0860  3 0.5104 0.1213 0.2215 0.1469 
   NS_SS0897  3 0.5240 0.2196 0.1238 0.1326 
   NS_SS0841  3 0.1079 0.4256 0.2092 0.2573 
   NS_SS0797  3 0.2988 0.3348 0.2650 0.1014 
   NS_SS0830  3 0.2290 0.3350 0.2762 0.1598 
   NS_SS1011  3 0.1139 0.2025 0.5150 0.1686 
   NS_SS0883  3 0.2816 0.4085 0.1783 0.1317 
   NS_SS0782  3 0.2532 0.1702 0.1494 0.4273 
   NS_SS0831  3 0.4027 0.3533 0.1391 0.1049 
   NS_SS0749  3 0.2454 0.3667 0.1379 0.2500 
   NS_SS0854  3 0.2608 0.1612 0.1785 0.3995 
   HI_SS0193  4 0.3197 0.2400 0.1325 0.3078 
   HI_SS0194  4 0.1389 0.1493 0.2113 0.5006 
   HI_SS0195  4 0.0891 0.5088 0.1845 0.2176 
   HI_SS0196  4 0.2618 0.1763 0.1388 0.4231 
   HI_SS0197  4 0.1920 0.1511 0.3625 0.2944 
   HI_SS0198  4 0.2715 0.3559 0.2061 0.1664 
   HI_SS0199  4 0.3499 0.1197 0.1451 0.3853 
   HI_SS0201  4 0.4469 0.1816 0.2968 0.0747 
   HI_SS0215  4 0.4384 0.1965 0.2765 0.0885 
   HI_SS0218  4 0.5144 0.2023 0.0893 0.1940 
   HI_SS0222  4 0.2236 0.3391 0.1334 0.3040 
   HI_SS0230  4 0.1910 0.3413 0.3448 0.1230 
   HI_SS0234  4 0.2253 0.0850 0.2560 0.4338 
   HI_SS0240  4 0.1740 0.1865 0.1265 0.5129 
   HI_SS0241  4 0.3993 0.1722 0.2653 0.1632 
   HI_SS0242  4 0.2476 0.2250 0.3057 0.2216 
   HI_SS0247  4 0.1692 0.2618 0.4411 0.1279 
   HI_SS0248  4 0.3841 0.1087 0.1469 0.3603 
   HI_SS0252  4 0.1369 0.2632 0.2053 0.3946 
   HI_SS0254  4 0.2813 0.1703 0.3433 0.2052 
   HI_SS0256  4 0.0491 0.2000 0.4426 0.3083 
   HI_SS0257  4 0.3894 0.0703 0.3234 0.2169 
   HI_SS0258  4 0.3960 0.2372 0.1827 0.1840 
   HI_SS0259  4 0.1604 0.2051 0.2266 0.4079 
   HI_SS0260  4 0.4174 0.1585 0.1499 0.2742 
   HI_SS0261  4 0.2524 0.1271 0.3284 0.2921 
   HI_SS0262  4 0.1782 0.3654 0.2333 0.2231 
   HI_SS0264  4 0.1767 0.3663 0.2751 0.1818 
   HI_SS0265  4 0.1759 0.3485 0.2923 0.1833 
   HI_SS0268  4 0.3006 0.3546 0.1330 0.2118 
   HI_SS0269  4 0.5284 0.0738 0.2163 0.1815 
   HI_SS0273  4 0.3356 0.1381 0.3964 0.1299 
   HI_SS0277  4 0.1611 0.2113 0.4981 0.1296 
   HI_SS0280  4 0.1939 0.4536 0.1217 0.2308 
   HI_SS0282  4 0.2914 0.2082 0.3193 0.1811 
   HI_SS0286  4 0.2777 0.3565 0.2021 0.1637 
   NS_SS1252  5 0.5692 0.1465 0.1398 0.1445 
   NS_SS1261  5 0.2616 0.2537 0.2885 0.1962 
   NS_SS1225  5 0.2963 0.1438 0.4591 0.1008 
   NS_SS1266  5 0.0779 0.1676 0.5785 0.1761 
   NS_SS1228  5 0.1498 0.5436 0.1386 0.1679 
   NS_SS1255  5 0.1789 0.1238 0.1442 0.5531 
   NS_SS1267  5 0.6223 0.1634 0.0858 0.1285 
   NS_SS1238  5 0.2443 0.3764 0.1852 0.1941 
   NS_SS1233  5 0.1170 0.2709 0.4897 0.1224 
   NS_SS1277  5 0.3518 0.1913 0.0869 0.3700 
   NS_SS1245  5 0.2749 0.1410 0.3163 0.2678 
   NS_SS1240  5 0.6352 0.1060 0.1186 0.1402 
   NS_SS1275  5 0.0922 0.2889 0.3682 0.2507 
   NS_SS1235  5 0.1634 0.0636 0.3299 0.4432 
   NS_SS1263  5 0.1152 0.2168 0.2964 0.3716 
   NS_SS1251  5 0.1342 0.1830 0.4377 0.2451 
   NS_SS1248  5 0.1706 0.6428 0.1076 0.0790 
   NS_SS1244  5 0.2019 0.1792 0.4763 0.1427 
   NS_SS1257  5 0.4258 0.1909 0.1537 0.2296 
   NS_SS1242  5 0.1251 0.2437 0.2669 0.3643 
   NS_SS1271  5 0.5499 0.1510 0.1412 0.1579 
   NS_SS1265  5 0.4469 0.1782 0.2259 0.1490 
   NS_SS1243  5 0.1519 0.4377 0.1235 0.2869 
   NS_SS1273  5 0.1100 0.2866 0.2123 0.3911 
   NS_SS1254  5 0.1430 0.2525 0.3814 0.2231 
   NS_SS1224  5 0.1157 0.3698 0.3192 0.1952 
   NS_SS1227  5 0.4042 0.1269 0.2012 0.2677 
   NS_SS1274  5 0.3373 0.2420 0.1905 0.2302 
   NS_SS1241  5 0.2879 0.1751 0.3787 0.1583 
   NS_SS1256  5 0.2583 0.1029 0.4823 0.1564 
   NS_SS1260  5 0.4405 0.1289 0.2122 0.2184 
   NS_SS1262  5 0.2825 0.2346 0.3657 0.1172 
   NS_SS1230  5 0.3008 0.2378 0.2510 0.2104 
   NS_SS1270  5 0.1182 0.3978 0.3887 0.0953 
   NS_SS1229  5 0.1118 0.0629 0.2849 0.5405 
   NS_SS1246  5 0.3830 0.1201 0.1943 0.3026 
   NS_SS1269  5 0.1869 0.3016 0.2298 0.2817 
   NS_SS1239  5 0.1294 0.3432 0.1451 0.3822 
   NS_SS1272  5 0.1979 0.1609 0.4819 0.1593 
   NS_SS1268  5 0.1100 0.4664 0.2809 0.1427 
   NS_SS1249  5 0.5186 0.1007 0.1253 0.2554 
   HI_SS0559  6 0.2347 0.2758 0.2092 0.2802 
   HI_SS0563  6 0.2177 0.2466 0.3445 0.1913 
   HI_SS0564  6 0.1776 0.2649 0.2909 0.2666 
   HI_SS0565  6 0.2930 0.1595 0.3812 0.1664 
   HI_SS0569  6 0.3389 0.2362 0.3532 0.0717 
   HI_SS0570  6 0.4445 0.2353 0.1061 0.2142 
   HI_SS0572  6 0.1355 0.1145 0.2383 0.5116 
   HI_SS0576  6 0.1307 0.4531 0.1666 0.2495 
   HI_SS0579  6 0.2554 0.1274 0.4283 0.1888 
   HI_SS0580  6 0.3504 0.1985 0.1323 0.3188 
   HI_SS0581  6 0.1229 0.3994 0.2773 0.2004 
   HI_SS0583  6 0.4403 0.1156 0.1746 0.2694 
   HI_SS0586  6 0.5117 0.2925 0.1040 0.0918 
   HI_SS0588  6 0.3429 0.1993 0.2724 0.1854 
   HI_SS0595  6 0.3677 0.1358 0.2796 0.2169 
   HI_SS0596  6 0.1067 0.1657 0.1322 0.5954 
   HI_SS0597  6 0.1547 0.1450 0.2643 0.4360 
   HI_SS0600  6 0.3339 0.2119 0.2359 0.2183 
   HI_SS0601  6 0.2222 0.2144 0.4781 0.0854 
   HI_SS0602  6 0.3427 0.3879 0.0962 0.1732 
   HI_SS0604  6 0.2014 0.3302 0.2290 0.2394 
   HI_SS0605  6 0.2857 0.3401 0.1489 0.2254 
   HI_SS0608  6 0.2002 0.3729 0.1308 0.2961 
   HI_SS0609  6 0.1239 0.1600 0.4753 0.2408 
   HI_SS0611  6 0.4335 0.3192 0.1125 0.1349 
   HI_SS0612  6 0.1923 0.0699 0.4949 0.2429 
   HI_SS0613  6 0.2206 0.4848 0.1805 0.1140 
   HI_SS0615  6 0.0964 0.3029 0.1661 0.4346 
   HI_SS0001  6 0.2853 0.1256 0.1710 0.4180 
   HI_SS0002  6 0.1103 0.1858 0.4510 0.2529 
   HI_SS0004  6 0.3689 0.2233 0.1030 0.3048 
   HI_SS0005  6 0.1794 0.5254 0.1739 0.1213 
   HI_SS0006  6 0.3447 0.1189 0.3811 0.1554 
   HI_SS0007  6 0.3027 0.4848 0.0846 0.1279 
   HI_SS0008  6 0.1991 0.3053 0.3265 0.1691 
   HI_SS0009  6 0.1106 0.4042 0.1271 0.3582 
   HI_SS0010  6 0.2737 0.4054 0.1812 0.1397 
   HI_SS0011  6 0.1314 0.2431 0.5253 0.1002 
   HI_SS0012  6 0.1182 0.2546 0.3495 0.2777 
   HI_SS0017  6 0.1391 0.1559 0.1215 0.5836 
   HI_SS0021  6 0.4236 0.2388 0.1998 0.1378 
   HI_SS0024  6 0.1561 0.3445 0.1903 0.3091 
   HI_SS0025  6 0.1345 0.2888 0.1818 0.3949 
   HI_SS0027  6 0.3290 0.2925 0.2120 0.1665 
   HI_SS0028  6 0.0919 0.4873 0.2619 0.1589 
   HI_SS0029  6 0.2721 0.2678 0.1165 0.3436 
   HI_SS0030  6 0.2592 0.2109 0.2674 0.2624 
   HI_SS0031  6 0.1583 0.1233 0.4319 0.2864 
   HI_SS0034  6 0.3993 0.1112 0.2446 0.2449 
   HI_SS0036  6 0.4809 0.2735 0.1002 0.1454 
   HI_SS0037  6 0.4713 0.2842 0.1406 0.1038 
   HI_SS0039  6 0.3258 0.4100 0.1544 0.1099 
   HI_SS0041  6 0.1403 0.4318 0.1273 0.3006 
   HI_SS0042  6 0.1338 0.2767 0.2466 0.3429 
   HI_SS0043  6 0.5502 0.1704 0.1861 0.0933 
   HI_SS0044  6 0.3187 0.1600 0.0812 0.4401 
   HI_SS0047  6 0.1374 0.2873 0.2424 0.3329 
   HI_SS0049  6 0.1539 0.1884 0.1957 0.4620 
   HI_SS0051  6 0.1575 0.4094 0.3237 0.1095 
   HI_SS0053  6 0.4458 0.1192 0.2501 0.1849 
   HI_SS0054  6 0.3453 0.2270 0.3442 0.0836 
   HI_SS0057  6 0.1576 0.4584 0.2117 0.1723 
   HI_SS0058  6 0.3798 0.2037 0.2057 0.2107 
   HI_SS0060  6 0.1794 0.4011 0.2891 0.1305 
   HI_SS0087  6 0.2652 0.1445 0.3725 0.2177 
   HI_SS0091  6 0.5162 0.0824 0.2780 0.1234 
   HI_SS0095  6 0.2838 0.1806 0.3076 0.2280 
   HI_SS0097  6 0.1470 0.1605 0.5476 0.1449 
   HI_SS0099  6 0.2055 0.3364 0.1336 0.3246 
   HI_SS0103  6 0.2001 0.1259 0.2772 0.3967 
   HI_SS0105  6 0.1939 0.2371 0.4384 0.1306 
   HI_SS0107  6 0.0983 0.1348 0.2048 0.5621 
   HI_SS0108  6 0.5871 0.1349 0.1369 0.1411 
   HI_SS0110  6 0.2635 0.1112 0.3188 0.3064 
   HI_SS0111  6 0.2360 0.3101 0.2022 0.2517 
   HI_SS0112  6 0.5475 0.1657 0.1235 0.1634 
   HI_SS0113  6 0.1221 0.2100 0.2958 0.3721 
   HI_SS0114  6 0.3723 0.3467 0.1818 0.0992 
   HI_SS0115  6 0.2231 0.2340 0.1574 0.3856 
   HI_SS0116  6 0.4031 0.1116 0.0986 0.3867 
   HI_SS0117  6 0.3089 0.1016 0.4401 0.1494 
   HI_SS0118  6 0.3821 0.1337 0.2849 0.1993 
   HI_SS0119  6 0.3047 0.1691 0.3962 0.1299 
   HI_SS0120  6 0.1128 0.1141 0.2226 0.5506 
   HI_SS0121  6 0.1251 0.3969 0.3893 0.0887 
   HI_SS0122  6 0.2562 0.2776 0.2780 0.1882 
   HI_SS0123  6 0.2316 0.1198 0.4072 0.2413 
   HI_SS0124  6 0.0896 0.2971 0.1311 0.4823 
   HI_SS0125  6 0.1091 0.4026 0.1775 0.3108 
   HI_SS0126  6 0.4499 0.1211 0.1216 0.3074 
   HI_SS0127  6 0.1668 0.4934 0.2347 0.1050 
   HI_SS0128  6 0.1803 0.1276 0.2788 0.4133 
   HI_SS0129  6 0.3699 0.1968 0.1194 0.3140 
   HI_SS0131  6 0.2847 0.3552 0.2837 0.0765 
   HI_SS0132  6 0.2245 0.2904 0.3255 0.1596 
   HI_SS0133  6 0.5611 0.1616 0.1140 0.1633 
   HI_SS0134  6 0.2521 0.1680 0.3703 0.2096 
   HI_SS0142  6 0.1945 0.2133 0.4543 0.1379 
   HI_SS0145  6 0.2570 0.1290 0.3347 0.2793 
   HI_SS0146  6 0.2949 0.2411 0.2816 0.1824 
   HI_SS0147  6 0.1260 0.4449 0.2984 0.1307 
   HI_SS0149  6 0.2280 0.1407 0.5205 0.1109 
   HI_SS0150  6 0.1141 0.4072 0.1849 0.2939 
   HI_SS0151  6 0.2271 0.2186 0.1385 0.4157 
   NS_SS1451  6 0.1021 0.3638 0.1553 0.3789 
   NS_SS1404  6 0.1845 0.4541 0.1827 0.1787 
   NS_SS1432  6 0.1317 0.2742 0.1665 0.4275 
   NS_SS1405  6 0.2376 0.2219 0.1623 0.3782 
   NS_SS1431  6 0.1092 0.2579 0.2287 0.4042 
   NS_SS1402  6 0.2614 0.1263 0.3552 0.2571 
   NS_SS1450  6 0.3361 0.1998 0.1134 0.3508 
   NS_SS1396  6 0.2228 0.3281 0.2501 0.1990 
   NS_SS1393  6 0.3242 0.2479 0.1722 0.2557 
   NS_SS1392  6 0.1498 0.2916 0.0803 0.4783 
   NS_SS1445  6 0.3868 0.1875 0.3170 0.1088 
   NS_SS1423  6 0.2986 0.1197 0.2577 0.3240 
   NS_SS1421  6 0.3028 0.1854 0.2890 0.2228 
   NS_SS1411  6 0.3303 0.4486 0.0920 0.1291 
   NS_SS1453  6 0.3911 0.2180 0.2344 0.1565 
   NS_SS1442  6 0.2063 0.2546 0.3246 0.2145 
   NS_SS1422  6 0.1802 0.1183 0.3712 0.3302 
   NS_SS1419  6 0.1623 0.3814 0.3401 0.1162 
   NS_SS1427  6 0.4813 0.0911 0.0761 0.3515 
   NS_SS1444  6 0.1578 0.3996 0.2307 0.2119 
   NS_SS1455  6 0.1099 0.1659 0.3433 0.3809 
   NS_SS1425  6 0.4974 0.1975 0.2050 0.1000 
   NS_SS1400  6 0.3997 0.2465 0.2347 0.1191 
   NS_SS1406  6 0.0902 0.1640 0.5651 0.1807 
   NS_SS1417  6 0.2483 0.1858 0.3698 0.1961 
   NS_SS1454  6 0.3619 0.2554 0.2525 0.1302 
   NS_SS1412  6 0.3172 0.2632 0.1718 0.2478 
   NS_SS1438  6 0.4267 0.2513 0.2275 0.0945 
   NS_SS1416  6 0.2439 0.3041 0.2591 0.1930 
   NS_SS1401  6 0.2944 0.1536 0.3134 0.2386 
   NS_SS1424  6 0.2786 0.1990 0.3311 0.1913 
   NS_SS1435  6 0.2022 0.3657 0.1025 0.3295 
   NS_SS1447  6 0.1484 0.3476 0.3211 0.1830 
   NS_SS1414  6 0.1309 0.3986 0.2460 0.2244 
   NS_SS1449  6 0.1861 0.1874 0.2641 0.3624 
   NS_SS1443  6 0.3680 0.0763 0.2407 0.3151 
   NS_SS1434  6 0.1971 0.0865 0.1419 0.5746 
   NS_SS1398  6 0.1863 0.2809 0.1298 0.4030 
   NS_SS1426  6 0.4875 0.1638 0.1736 0.1750 
   NS_SS1413  6 0.3518 0.1255 0.2103 0.3123 
   NS_SS1395  6 0.3963 0.1377 0.2575 0.2085 
   NS_SS1448  6 0.2846 0.3955 0.1002 0.2197 
   NS_SS1446  6 0.3681 0.1516 0.2640 0.2163 
   NS_SS1403  6 0.2052 0.2508 0.2653 0.2788 
   NS_SS1415  6 0.3682 0.2593 0.1724 0.2002 
   NS_SS1437  6 0.2022 0.2950 0.2913 0.2115 
   NS_SS1439  6 0.2194 0.1521 0.4247 0.2038 
   NS_SS1441  6 0.3428 0.1284 0.2191 0.3097 
   NS_SS1420  6 0.1171 0.6336 0.0853 0.1640 
   NS_SS1394  6 0.1360 0.4907 0.1674 0.2059 
   NS_SS1391  6 0.3035 0.1093 0.1305 0.4567 
   NS_SS1410  6 0.3437 0.1984 0.2091 0.2488 
   NS_SS1408  6 0.1649 0.2628 0.3637 0.2086 
   NS_SS1409  6 0.2798 0.0976 0.1529 0.4696 
   HI_SS0617  7 0.3324 0.1645 0.1319 0.3712 
   HI_SS0618  7 0.1757 0.3659 0.1660 0.2924 
   HI_SS0619  7 0.2597 0.2658 0.1364 0.3381 
   HI_SS0620  7 0.4494 0.2746 0.1077 0.1683 
   HI_SS0621  7 0.1651 0.2241 0.3067 0.3041 
   HI_SS0622  7 0.2067 0.2335 0.3519 0.2078 
   HI_SS0626  7 0.2154 0.5303 0.1326 0.1218 
   HI_SS0627  7 0.1707 0.2518 0.2635 0.3140 
   HI_SS0628  7 0.3940 0.2714 0.1441 0.1905 
   HI_SS0629  7 0.3267 0.2674 0.2771 0.1287 
   HI_SS0630  7 0.2789 0.3107 0.1560 0.2544 
   HI_SS0631  7 0.2876 0.3744 0.1574 0.1806 
   HI_SS0632  7 0.1911 0.4391 0.2321 0.1377 
   HI_SS0633  7 0.1788 0.1365 0.1448 0.5399 
   HI_SS0634  7 0.2473 0.3479 0.2055 0.1992 
   HI_SS0635  7 0.1415 0.3927 0.2316 0.2342 
   HI_SS0637  7 0.2247 0.2792 0.4002 0.0959 
   HI_SS0638  7 0.2236 0.2728 0.1998 0.3037 
   HI_SS0639  7 0.1336 0.3511 0.2617 0.2537 
   HI_SS0640  7 0.1645 0.2633 0.3099 0.2623 
   HI_SS0641  7 0.3959 0.3832 0.1258 0.0951 
   HI_SS0642  7 0.1315 0.2298 0.3709 0.2678 
   HI_SS0645  7 0.0814 0.5691 0.1241 0.2254 
   HI_SS0646  7 0.1872 0.1025 0.3028 0.4075 
   HI_SS0647  7 0.1823 0.2100 0.2580 0.3497 
   HI_SS0648  7 0.2122 0.2860 0.2449 0.2569 
   HI_SS0649  7 0.2762 0.2142 0.2261 0.2835 
   HI_SS0650  7 0.1419 0.1626 0.1312 0.5643 
   HI_SS0651  7 0.2140 0.2392 0.2514 0.2953 
   HI_SS0652  7 0.1194 0.4905 0.1363 0.2537 
   NS_SS1371  7 0.3407 0.0990 0.2678 0.2924 
   NS_SS1374  7 0.4004 0.2510 0.1550 0.1936 
   NS_SS1337  7 0.1186 0.3607 0.2826 0.2381 
   NS_SS1385  7 0.1813 0.1276 0.2774 0.4136 
   NS_SS1388  7 0.2880 0.2778 0.1362 0.2980 
   NS_SS1370  7 0.0957 0.6885 0.1277 0.0882 
   NS_SS1389  7 0.1945 0.3936 0.1128 0.2992 
   NS_SS1360  7 0.3044 0.3388 0.2349 0.1220 
   NS_SS1330  7 0.1131 0.3525 0.2766 0.2578 
   NS_SS1328  7 0.3160 0.0915 0.1464 0.4461 
   NS_SS1384  7 0.2461 0.2097 0.3989 0.1453 
   NS_SS1381  7 0.0918 0.1560 0.1817 0.5704 
   NS_SS1375  7 0.1634 0.3081 0.0900 0.4385 
   NS_SS1319  7 0.2469 0.2585 0.2210 0.2736 
   NS_SS1326  7 0.4651 0.1501 0.0974 0.2874 
   NS_SS1341  7 0.3584 0.1479 0.3750 0.1186 
   NS_SS1383  7 0.2232 0.3127 0.2789 0.1852 
   NS_SS1318  7 0.2305 0.3410 0.1965 0.2320 
   NS_SS1348  7 0.4045 0.1806 0.2902 0.1248 
   NS_SS1363  7 0.1544 0.3355 0.3213 0.1888 
   NS_SS1335  7 0.2669 0.2604 0.3881 0.0847 
   NS_SS1358  7 0.2539 0.1406 0.4517 0.1538 
   NS_SS1342  7 0.3253 0.0790 0.4188 0.1769 
   NS_SS1320  7 0.0591 0.1033 0.2333 0.6043 
   NS_SS1355  7 0.1396 0.2159 0.3896 0.2549 
   NS_SS1345  7 0.0802 0.1572 0.6038 0.1588 
   NS_SS1324  7 0.3608 0.2781 0.1939 0.1672 
   NS_SS1347  7 0.2037 0.2028 0.3373 0.2562 
   NS_SS1321  7 0.4021 0.2233 0.2179 0.1567 
   NS_SS1333  7 0.4247 0.2185 0.1436 0.2132 
   NS_SS1364  7 0.3012 0.1450 0.4237 0.1301 
   NS_SS1379  7 0.1930 0.2274 0.2229 0.3567 
   NS_SS1332  7 0.4920 0.1852 0.1721 0.1508 
   NS_SS1338  7 0.3128 0.4065 0.1578 0.1230 
   NS_SS1368  7 0.3586 0.1244 0.3756 0.1414 
   NS_SS1354  7 0.1964 0.1905 0.4306 0.1825 
   NS_SS1365  7 0.1549 0.3310 0.2578 0.2563 
   NS_SS1380  7 0.1417 0.2683 0.4239 0.1660 
   NS_SS1329  7 0.3342 0.0844 0.4199 0.1616 
   NS_SS1362  7 0.2264 0.1525 0.3070 0.3141 
   NS_SS1327  7 0.6409 0.1500 0.0764 0.1326 
   NS_SS1350  7 0.2867 0.0800 0.0940 0.5392 
   NS_SS1387  7 0.1964 0.5116 0.1561 0.1360 
   NS_SS1369  7 0.3070 0.2138 0.3520 0.1273 
   NS_SS1331  7 0.2564 0.4089 0.1497 0.1850 
   NS_SS1357  7 0.2520 0.0720 0.1178 0.5582 
   NS_SS1386  7 0.4950 0.0874 0.3161 0.1015 
   NS_SS1353  7 0.1930 0.1592 0.1736 0.4742 
   NS_SS1323  7 0.1176 0.1883 0.3987 0.2954 
   HI_SS0296  8 0.3105 0.3747 0.1164 0.1984 
   HI_SS0297  8 0.1568 0.1796 0.2286 0.4350 
   HI_SS0299  8 0.2404 0.2545 0.3283 0.1768 
   HI_SS0300  8 0.2072 0.3520 0.2329 0.2079 
   HI_SS0301  8 0.1570 0.5393 0.2378 0.0658 
   HI_SS0302  8 0.2932 0.4082 0.1844 0.1142 
   HI_SS0303  8 0.3943 0.1346 0.1623 0.3088 
   HI_SS0304  8 0.2117 0.3614 0.1123 0.3145 
   HI_SS0306  8 0.3730 0.3107 0.1710 0.1453 
   HI_SS0307  8 0.1423 0.2655 0.3252 0.2670 
   HI_SS0308  8 0.1534 0.3608 0.3438 0.1421 
   HI_SS0309  8 0.1525 0.2089 0.4803 0.1582 
   HI_SS0310  8 0.2269 0.2629 0.1892 0.3210 
   HI_SS0311  8 0.1962 0.3870 0.2692 0.1476 
   HI_SS0314  8 0.2143 0.1636 0.1801 0.4421 
   HI_SS0316  8 0.3401 0.2023 0.2273 0.2303 
   HI_SS0317  8 0.1876 0.3497 0.2743 0.1884 
   HI_SS0318  8 0.4581 0.2042 0.2086 0.1291 
   HI_SS0319  8 0.5316 0.0961 0.2154 0.1569 
   HI_SS0320  8 0.1614 0.3123 0.1655 0.3609 
   HI_SS0321  8 0.3425 0.1888 0.2189 0.2499 
   HI_SS0323  8 0.3942 0.2773 0.1449 0.1837 
   HI_SS0325  8 0.3552 0.3398 0.1839 0.1211 
   HI_SS0327  8 0.3229 0.0596 0.2527 0.3648 
   HI_SS0329  8 0.1824 0.4046 0.1797 0.2333 
   HI_SS0333  8 0.2775 0.2549 0.2099 0.2577 
   HI_SS0334  8 0.3828 0.1968 0.2753 0.1452 
   HI_SS0335  8 0.1195 0.1807 0.5174 0.1824 
   HI_SS0339  8 0.1461 0.3301 0.3309 0.1929 
   HI_SS0343  8 0.1214 0.1099 0.4952 0.2735 
   HI_SS0344  8 0.6321 0.1046 0.1308 0.1325 
   HI_SS0345  8 0.1925 0.3437 0.3384 0.1254 
   HI_SS0346  8 0.3096 0.3193 0.1906 0.1805 
   HI_SS0350  8 0.0738 0.2365 0.4970 0.1927 
   HI_SS0351  8 0.1573 0.1201 0.5791 0.1435 
   HI_SS0352  8 0.1642 0.2310 0.3424 0.2624 
   HI_SS0362  8 0.1782 0.5208 0.1470 0.1541 
   HI_SS0363  8 0.3931 0.1060 0.2284 0.2725 
   HI_SS0365  8 0.3714 0.1344 0.2273 0.2668 
   HI_SS0366  8 0.5060 0.1603 0.1619 0.1719 
   HI_SS0367  8 0.1430 0.2286 0.3178 0.3106 
   HI_SS0369  8 0.1350 0.3782 0.2063 0.2805 
   HI_SS0370  8 0.1942 0.0853 0.1989 0.5216 
   HI_SS0371  8 0.4075 0.3200 0.1442 0.1283 
   HI_SS0373  8 0.2369 0.2845 0.1577 0.3209 
   HI_SS0374  8 0.1773 0.2539 0.2398 0.3290 
   HI_SS0377  8 0.2105 0.1644 0.5298 0.0953 
   HI_SS0379  8 0.6336 0.1015 0.1843 0.0806 
   HI_SS0380  8 0.1734 0.2296 0.3198 0.2772 
   HI_SS0381  8 0.1158 0.3130 0.4047 0.1665 
   HI_SS0384  8 0.3478 0.1512 0.1250 0.3760 
   HI_SS0385  8 0.2900 0.3928 0.0979 0.2192 
