   NS_SS0963  1 0.4611 0.1882 0.1596 0.1911 
   NS_SS0983  1 0.1591 0.1227 0.5060 0.2122 
   NS_SS0719  1 0.2658 0.2006 0.2492 0.2844 
   NS_SS1001  1 0.1382 0.4137 0.1203 0.3277 
   NS_SS0936  1 0.4027 0.3594 0.1318 0.1061 
   NS_SS0955  1 0.3661 0.1239 0.2902 0.2197 
   NS_SS0944  1 0.3152 0.2204 0.2449 0.2195 
   NS_SS0945  1 0.1594 0.3494 0.2867 0.2045 
   NS_SS0922  1 0.1999 0.4332 0.1129 0.2540 
   NS_SS0929  1 0.3060 0.1684 0.3230 0.2025 
   NS_SS0956  1 0.1565 0.2410 0.1072 0.4953 
   NS_SS0906  1 0.3539 0.1617 0.2884 0.1959 
   NS_SS0721  1 0.1550 0.1509 0.1895 0.5046 
   NS_SS0982  1 0.4364 0.1670 0.1586 0.2380 
   NS_SS0923  1 0.2834 0.2664 0.1692 0.2810 
   NS_SS0905  1 0.2016 0.2113 0.2432 0.3438 
   NS_SS0925  1 0.3323 0.2943 0.1121 0.2612 
   NS_SS0947  1 0.3333 0.3292 0.1684 0.1691 
   NS_SS0926  1 0.2774 0.1106 0.4320 0.1801 
   NS_SS0918  1 0.3806 0.1502 0.1101 0.3591 
   NS_SS0966  1 0.3912 0.2157 0.1711 0.2221 
   NS_SS0938  1 0.2811 0.4406 0.1365 0.1418 
   NS_SS0917  1 0.1919 0.2413 0.3864 0.1805 
   NS_SS0957  1 0.2382 0.1578 0.1810 0.4230 
   NS_SS0987  1 0.1378 0.0979 0.1753 0.5890 
   NS_SS0717  1 0.1647 0.3499 0.1308 0.3546 
   NS_SS0986  1 0.2388 0.1234 0.2686 0.3692 
   NS_SS0953  1 0.2702 0.3091 0.1300 0.2908 
   NS_SS0907  1 0.4600 0.1417 0.2362 0.1620 
   NS_SS0974  1 0.3158 0.3043 0.2481 0.1318 
   NS_SS0989  1 0.1865 0.2383 0.4550 0.1201 
   NS_SS0991  1 0.2609 0.0817 0.2871 0.3703 
   NS_SS0994  1 0.1084 0.2300 0.5690 0.0926 
   NS_SS0931  1 0.2357 0.1111 0.3625 0.2907 
   NS_SS1000  1 0.3074 0.3907 0.1420 0.1599 
   NS_SS0919  1 0.4644 0.1089 0.2950 0.1317 
   NS_SS0949  1 0.1942 0.2319 0.4084 0.1655 
   NS_SS0960  1 0.3038 0.1113 0.3017 0.2832 
   NS_SS0716  1 0.0946 0.2712 0.1083 0.5259 
   NS_SS0924  1 0.3816 0.1388 0.2685 0.2111 
   NS_SS0935  1 0.1395 0.1340 0.3956 0.3309 
   NS_SS0952  1 0.3354 0.1374 0.3664 0.1608 
   NS_SS0962  1 0.2924 0.2828 0.1539 0.2709 
   NS_SS0973  1 0.4386 0.1891 0.1981 0.1743 
   NS_SS0722  1 0.1723 0.5730 0.1030 0.1517 
   NS_SS0979  1 0.3082 0.1689 0.1389 0.3840 
   NS_SS0993  1 0.2967 0.3359 0.1203 0.2470 
   NS_SS0958  1 0.1986 0.2087 0.3714 0.2214 
   NS_SS0988  1 0.4149 0.1146 0.2632 0.2073 
   NS_SS1003  1 0.4384 0.1199 0.0958 0.3459 
   NS_SS0976  1 0.3200 0.1483 0.3583 0.1734 
   NS_SS0964  1 0.1590 0.4235 0.1103 0.3073 
   NS_SS0939  1 0.0721 0.3661 0.0932 0.4687 
   NS_SS0990  1 0.1789 0.2525 0.2979 0.2707 
   NS_SS0984  1 0.1751 0.4699 0.1091 0.2459 
   NS_SS0980  1 0.3718 0.3796 0.1427 0.1060 
   NS_SS0978  1 0.3114 0.3761 0.1838 0.1287 
   NS_SS0951  1 0.1590 0.0926 0.2811 0.4673 
   NS_SS0913  1 0.1632 0.2665 0.1493 0.4210 
   NS_SS1002  1 0.6423 0.1662 0.1031 0.0883 
   NS_SS0948  1 0.3135 0.1600 0.2341 0.2925 
   NS_SS0916  1 0.1555 0.3739 0.2797 0.1909 
   NS_SS0995  1 0.1736 0.3331 0.1782 0.3151 
   NS_SS0927  1 0.1807 0.3050 0.3775 0.1367 
   NS_SS0992  1 0.3186 0.3560 0.2419 0.0836 
   NS_SS0912  1 0.2068 0.1075 0.2542 0.4315 
   NS_SS0981  1 0.4306 0.1194 0.1359 0.3142 
   NS_SS0729  2 0.2345 0.2465 0.4480 0.0711 
   NS_SS0967  2 0.5530 0.1725 0.1350 0.1396 
   NS_SS0941  2 0.1684 0.4398 0.1750 0.2168 
   NS_SS0768  2 0.3230 0.1710 0.1658 0.3402 
   NS_SS0726  2 0.2614 0.3404 0.3081 0.0900 
   NS_SS0763  2 0.2078 0.2481 0.3942 0.1499 
   NS_SS0730  2 0.2109 0.3178 0.1470 0.3243 
   NS_SS0774  2 0.2739 0.4581 0.1137 0.1543 
   NS_SS0723  2 0.4010 0.2810 0.0921 0.2258 
   NS_SS0940  2 0.1194 0.3395 0.2960 0.2451 
   NS_SS0762  2 0.1371 0.5015 0.0783 0.2832 
   NS_SS0766  2 0.0816 0.4006 0.2227 0.2951 
   NS_SS0724  2 0.2898 0.2224 0.1308 0.3570 
   NS_SS0769  2 0.3289 0.2090 0.2230 0.2391 
   NS_SS0777  2 0.2105 0.1274 0.3337 0.3284 
   NS_SS0734  2 0.1315 0.2333 0.2551 0.3801 
   NS_SS0737  2 0.1236 0.6176 0.0952 0.1636 
   NS_SS0732  2 0.2146 0.1407 0.1211 0.5235 
   NS_SS0728  2 0.1576 0.3996 0.1827 0.2601 
   NS_SS0735  2 0.1607 0.4181 0.1386 0.2826 
   NS_SS0725  2 0.2038 0.4591 0.1319 0.2052 
   NS_SS0788  2 0.3823 0.1953 0.2284 0.1940 
   NS_SS0778  2 0.2922 0.1456 0.2976 0.2646 
   NS_SS0792  2 0.2182 0.1892 0.2397 0.3529 
   NS_SS0943  2 0.3507 0.1098 0.3447 0.1947 
   NS_SS0791  2 0.0833 0.2923 0.2905 0.3339 
   NS_SS0790  2 0.3152 0.2050 0.0648 0.4151 
   NS_SS0731  2 0.1451 0.2000 0.1491 0.5057 
   NS_SS0727  2 0.0905 0.4783 0.3292 0.1020 
   NS_SS0779  2 0.2195 0.2325 0.2340 0.3140 
   NS_SS0776  2 0.1833 0.4022 0.1967 0.2178 
   NS_SS0775  2 0.1249 0.4773 0.1097 0.2881 
   NS_SS0965  3 0.3417 0.1251 0.1468 0.3864 
   NS_SS0754  3 0.1972 0.1596 0.3215 0.3216 
   NS_SS0838  3 0.2919 0.2733 0.2609 0.1739 
   NS_SS0839  3 0.2760 0.3473 0.0980 0.2788 
   NS_SS0832  3 0.4072 0.2076 0.0790 0.3062 
   NS_SS0820  3 0.3901 0.1904 0.0940 0.3254 
   NS_SS0886  3 0.1954 0.1747 0.3208 0.3092 
   NS_SS0748  3 0.2998 0.1435 0.3049 0.2517 
   NS_SS0884  3 0.3130 0.2576 0.2274 0.2020 
   NS_SS0752  3 0.2733 0.3656 0.1917 0.1694 
   NS_SS0862  3 0.2169 0.1658 0.0990 0.5183 
   NS_SS0787  3 0.1675 0.0987 0.5956 0.1381 
   NS_SS0843  3 0.2590 0.2469 0.2351 0.2590 
   NS_SS0856  3 0.1715 0.4188 0.2266 0.1832 
   NS_SS0846  3 0.4391 0.2217 0.2528 0.0864 
   NS_SS0825  3 0.3849 0.1394 0.2288 0.2470 
   NS_SS0757  3 0.2307 0.1544 0.2881 0.3268 
   NS_SS0876  3 0.2381 0.3462 0.1772 0.2385 
   NS_SS0903  3 0.4072 0.3567 0.1051 0.1309 
   NS_SS0875  3 0.1650 0.2128 0.2189 0.4034 
   NS_SS0740  3 0.2409 0.2959 0.2066 0.2566 
   NS_SS0811  3 0.1673 0.1499 0.0854 0.5974 
   NS_SS0751  3 0.1798 0.3572 0.2027 0.2603 
   NS_SS0891  3 0.2221 0.3551 0.1971 0.2256 
   NS_SS0867  3 0.4681 0.0954 0.2565 0.1800 
   NS_SS0890  3 0.2760 0.2626 0.2245 0.2369 
   NS_SS0866  3 0.1380 0.1859 0.5311 0.1449 
   NS_SS0755  3 0.3609 0.1639 0.1756 0.2996 
   NS_SS0758  3 0.2157 0.3670 0.2193 0.1980 
   NS_SS0840  3 0.4658 0.1960 0.0855 0.2527 
   NS_SS0889  3 0.1619 0.1244 0.3920 0.3217 
   NS_SS1010  3 0.4883 0.1468 0.1878 0.1771 
   NS_SS0888  3 0.1206 0.2767 0.4414 0.1613 
   NS_SS0837  3 0.3675 0.1207 0.1146 0.3972 
   NS_SS0794  3 0.1293 0.3044 0.3713 0.1950 
   NS_SS0823  3 0.3775 0.3581 0.1086 0.1558 
   NS_SS0829  3 0.1679 0.0743 0.4422 0.3157 
   NS_SS0844  3 0.6329 0.1266 0.0751 0.1654 
   NS_SS1008  3 0.1250 0.3442 0.3326 0.1981 
   NS_SS0881  3 0.2635 0.1917 0.2904 0.2545 
   NS_SS0834  3 0.2021 0.5288 0.1317 0.1375 
   NS_SS0744  3 0.3487 0.2071 0.2349 0.2094 
   NS_SS0899  3 0.1715 0.1621 0.0993 0.5671 
   NS_SS0804  3 0.3232 0.2317 0.0818 0.3633 
   NS_SS0781  3 0.4234 0.2360 0.1024 0.2381 
   NS_SS0822  3 0.1990 0.3514 0.2455 0.2042 
   NS_SS1004  3 0.4573 0.1813 0.1612 0.2002 
   NS_SS0746  3 0.3994 0.2325 0.2274 0.1408 
   NS_SS0880  3 0.3778 0.2678 0.1512 0.2032 
   NS_SS0879  3 0.2637 0.3543 0.1564 0.2255 
   NS_SS0753  3 0.2353 0.1087 0.3079 0.3481 
   NS_SS1007  3 0.1732 0.4855 0.2154 0.1258 
   NS_SS0872  3 0.3270 0.3102 0.1490 0.2138 
   NS_SS1005  3 0.4729 0.2303 0.1461 0.1507 
   NS_SS0892  3 0.2124 0.2660 0.2446 0.2770 
   NS_SS0898  3 0.2277 0.1834 0.2713 0.3175 
   NS_SS0801  3 0.2439 0.1310 0.2140 0.4111 
   NS_SS0827  3 0.1810 0.0898 0.2690 0.4602 
   NS_SS0853  3 0.1575 0.1052 0.2430 0.4943 
   NS_SS0780  3 0.2386 0.2695 0.1524 0.3395 
   NS_SS0826  3 0.5786 0.0976 0.1756 0.1482 
   NS_SS0818  3 0.2619 0.3287 0.0881 0.3213 
   NS_SS0745  3 0.0873 0.4404 0.0738 0.3985 
   NS_SS0849  3 0.2016 0.0878 0.1563 0.5543 
   NS_SS0739  3 0.1801 0.2357 0.2317 0.3525 
   NS_SS0799  3 0.1346 0.2984 0.3106 0.2564 
   NS_SS0756  3 0.5208 0.1427 0.0951 0.2413 
   NS_SS0802  3 0.2678 0.2744 0.3304 0.1275 
   NS_SS0747  3 0.4164 0.1965 0.2104 0.1767 
   NS_SS0835  3 0.2061 0.1571 0.5176 0.1191 
   NS_SS0742  3 0.3080 0.2310 0.1759 0.2850 
   NS_SS0760  3 0.1837 0.1738 0.4669 0.1756 
   NS_SS0803  3 0.4791 0.2860 0.0967 0.1382 
   NS_SS0828  3 0.1597 0.1799 0.2176 0.4429 
   NS_SS0865  3 0.3767 0.1009 0.2302 0.2922 
   NS_SS0759  3 0.1923 0.3420 0.1130 0.3527 
   NS_SS0851  3 0.1705 0.1483 0.1139 0.5674 
   NS_SS0874  3 0.4352 0.2258 0.1354 0.2036 
   NS_SS0761  3 0.2334 0.0957 0.4001 0.2708 
   NS_SS0842  3 0.2158 0.2201 0.3181 0.2460 
   NS_SS0785  3 0.3030 0.1944 0.3006 0.2020 
   NS_SS0860  3 0.2276 0.1411 0.5194 0.1119 
   NS_SS0897  3 0.1183 0.1316 0.5262 0.2240 
   NS_SS0841  3 0.1984 0.2421 0.1022 0.4573 
   NS_SS0797  3 0.2440 0.1009 0.3103 0.3448 
   NS_SS0830  3 0.3035 0.1553 0.2092 0.3319 
   NS_SS1011  3 0.5550 0.1594 0.1107 0.1749 
   NS_SS0883  3 0.1598 0.1267 0.2678 0.4456 
   NS_SS0782  3 0.1446 0.4389 0.2398 0.1768 
   NS_SS0831  3 0.1147 0.0907 0.4083 0.3863 
   NS_SS0749  3 0.1318 0.2463 0.2468 0.3751 
   NS_SS0854  3 0.1788 0.4250 0.2267 0.1695 
   HI_SS0193  4 0.1235 0.3164 0.3209 0.2392 
   HI_SS0194  4 0.2103 0.5126 0.1521 0.1249 
   HI_SS0195  4 0.2254 0.2207 0.0873 0.4666 
   HI_SS0196  4 0.1590 0.4214 0.2482 0.1714 
   HI_SS0197  4 0.4637 0.2425 0.1814 0.1124 
   HI_SS0198  4 0.1729 0.1568 0.2833 0.3870 
   HI_SS0199  4 0.1486 0.3994 0.3278 0.1242 
   HI_SS0201  4 0.2700 0.0666 0.4686 0.1948 
   HI_SS0215  4 0.2730 0.0752 0.4490 0.2027 
   HI_SS0218  4 0.0871 0.1958 0.4905 0.2266 
   HI_SS0222  4 0.1472 0.2976 0.2403 0.3149 
   HI_SS0230  4 0.4120 0.1183 0.1936 0.2761 
   HI_SS0234  4 0.3075 0.4051 0.2068 0.0806 
   HI_SS0240  4 0.1187 0.5282 0.1766 0.1766 
   HI_SS0241  4 0.2648 0.1655 0.3891 0.1806 
   HI_SS0242  4 0.2803 0.2208 0.2452 0.2536 
   HI_SS0247  4 0.4284 0.1345 0.1846 0.2525 
   HI_SS0248  4 0.1157 0.3729 0.3953 0.1160 
   HI_SS0252  4 0.1635 0.4018 0.1393 0.2953 
   HI_SS0254  4 0.3414 0.1926 0.2932 0.1728 
   HI_SS0256  4 0.4763 0.2920 0.0465 0.1852 
   HI_SS0257  4 0.3150 0.2022 0.4038 0.0789 
   HI_SS0258  4 0.1590 0.1828 0.3973 0.2608 
   HI_SS0259  4 0.2514 0.3877 0.1723 0.1886 
   HI_SS0260  4 0.1547 0.2872 0.4276 0.1305 
   HI_SS0261  4 0.3230 0.2878 0.2850 0.1041 
   HI_SS0262  4 0.2393 0.2290 0.1782 0.3535 
   HI_SS0264  4 0.3020 0.1834 0.1719 0.3427 
   HI_SS0265  4 0.3201 0.1750 0.1933 0.3116 
   HI_SS0268  4 0.1664 0.2029 0.3102 0.3205 
   HI_SS0269  4 0.2298 0.1727 0.5216 0.0759 
   HI_SS0273  4 0.4119 0.1199 0.3219 0.1463 
   HI_SS0277  4 0.5682 0.1098 0.1521 0.1699 
   HI_SS0280  4 0.1297 0.2246 0.2074 0.4383 
   HI_SS0282  4 0.2576 0.1833 0.3287 0.2305 
   HI_SS0286  4 0.1970 0.1569 0.2914 0.3547 
   NS_SS1252  5 0.1253 0.1372 0.5544 0.1831 
   NS_SS1261  5 0.3010 0.1845 0.2607 0.2538 
   NS_SS1225  5 0.4255 0.1117 0.3087 0.1541 
   NS_SS1266  5 0.5634 0.1767 0.0714 0.1886 
   NS_SS1228  5 0.1252 0.1686 0.1486 0.5576 
   NS_SS1255  5 0.1340 0.5772 0.1721 0.1167 
   NS_SS1267  5 0.0884 0.1192 0.6169 0.1755 
   NS_SS1238  5 0.2022 0.1995 0.2576 0.3407 
   NS_SS1233  5 0.4310 0.1242 0.1073 0.3375 
   NS_SS1277  5 0.0776 0.3723 0.3545 0.1956 
   NS_SS1245  5 0.2821 0.2750 0.2943 0.1485 
   NS_SS1240  5 0.1241 0.1495 0.6250 0.1015 
   NS_SS1275  5 0.4248 0.2390 0.0845 0.2516 
   NS_SS1235  5 0.3182 0.4779 0.1373 0.0666 
   NS_SS1263  5 0.2619 0.3886 0.1210 0.2285 
   NS_SS1251  5 0.4220 0.2436 0.1407 0.1936 
   NS_SS1248  5 0.1078 0.0754 0.1679 0.6489 
   NS_SS1244  5 0.5093 0.1246 0.1981 0.1680 
   NS_SS1257  5 0.1458 0.2359 0.4125 0.2058 
   NS_SS1242  5 0.2534 0.3512 0.1363 0.2590 
   NS_SS1271  5 0.1307 0.1559 0.5555 0.1578 
   NS_SS1265  5 0.2412 0.1418 0.4469 0.1701 
   NS_SS1243  5 0.1001 0.2976 0.1509 0.4513 
   NS_SS1273  5 0.2291 0.3925 0.1024 0.2759 
   NS_SS1254  5 0.3692 0.2094 0.1474 0.2740 
   NS_SS1224  5 0.3207 0.1946 0.1168 0.3679 
   NS_SS1227  5 0.2094 0.2508 0.4245 0.1153 
   NS_SS1274  5 0.1825 0.2402 0.3412 0.2361 
   NS_SS1241  5 0.3889 0.1591 0.2787 0.1733 
   NS_SS1256  5 0.5027 0.1504 0.2476 0.0994 
   NS_SS1260  5 0.2134 0.2121 0.4367 0.1378 
   NS_SS1262  5 0.3861 0.1102 0.2648 0.2389 
   NS_SS1230  5 0.2941 0.1982 0.2774 0.2303 
   NS_SS1270  5 0.3739 0.0986 0.1307 0.3968 
   NS_SS1229  5 0.3087 0.5165 0.1126 0.0622 
   NS_SS1246  5 0.1800 0.3134 0.3943 0.1123 
   NS_SS1269  5 0.2460 0.2844 0.1791 0.2905 
   NS_SS1239  5 0.1339 0.3953 0.1284 0.3425 
   NS_SS1272  5 0.5420 0.1417 0.1835 0.1329 
   NS_SS1268  5 0.2205 0.1345 0.1203 0.5247 
   NS_SS1249  5 0.1217 0.2685 0.5066 0.1032 
   HI_SS0559  6 0.1645 0.2832 0.2440 0.3083 
   HI_SS0563  6 0.3319 0.2119 0.2172 0.2389 
   HI_SS0564  6 0.2502 0.2672 0.1927 0.2898 
   HI_SS0565  6 0.3604 0.1584 0.3292 0.1520 
   HI_SS0569  6 0.2973 0.0660 0.4042 0.2326 
   HI_SS0570  6 0.1117 0.1845 0.4607 0.2430 
   HI_SS0572  6 0.2224 0.5174 0.1535 0.1067 
   HI_SS0576  6 0.1412 0.2508 0.1190 0.4890 
   HI_SS0579  6 0.3523 0.2208 0.2727 0.1541 
   HI_SS0580  6 0.1294 0.3152 0.3432 0.2121 
   HI_SS0581  6 0.3349 0.2014 0.1142 0.3496 
   HI_SS0583  6 0.1599 0.2598 0.4730 0.1072 
   HI_SS0586  6 0.1019 0.0892 0.5110 0.2978 
   HI_SS0588  6 0.2519 0.1980 0.3350 0.2152 
   HI_SS0595  6 0.3092 0.1971 0.3836 0.1102 
   HI_SS0596  6 0.1212 0.6185 0.1053 0.1550 
   HI_SS0597  6 0.2754 0.4293 0.1664 0.1289 
   HI_SS0600  6 0.2793 0.2047 0.3247 0.1913 
   HI_SS0601  6 0.4734 0.0761 0.2396 0.2109 
   HI_SS0602  6 0.1066 0.1711 0.3275 0.3947 
   HI_SS0604  6 0.1754 0.2481 0.2266 0.3499 
   HI_SS0605  6 0.1313 0.2164 0.2704 0.3819 
   HI_SS0608  6 0.1245 0.2951 0.2040 0.3765 
   HI_SS0609  6 0.4686 0.2382 0.1375 0.1558 
   HI_SS0611  6 0.1064 0.1270 0.4210 0.3456 
   HI_SS0612  6 0.4728 0.2424 0.2046 0.0801 
   HI_SS0613  6 0.1809 0.1095 0.2024 0.5071 
   HI_SS0615  6 0.1832 0.4232 0.0977 0.2960 
   HI_SS0001  6 0.2016 0.4071 0.2819 0.1094 
   HI_SS0002  6 0.4616 0.2535 0.1162 0.1687 
   HI_SS0004  6 0.0954 0.3036 0.3667 0.2343 
   HI_SS0005  6 0.1848 0.1134 0.1630 0.5388 
   HI_SS0006  6 0.4001 0.1439 0.3417 0.1143 
   HI_SS0007  6 0.0802 0.1508 0.2833 0.4857 
   HI_SS0008  6 0.3545 0.1656 0.1943 0.2857 
   HI_SS0009  6 0.1001 0.3715 0.1065 0.4219 
   HI_SS0010  6 0.1976 0.1439 0.2743 0.3842 
   HI_SS0011  6 0.5326 0.1016 0.1346 0.2311 
   HI_SS0012  6 0.3959 0.2500 0.1238 0.2303 
   HI_SS0017  6 0.1223 0.5989 0.1327 0.1460 
   HI_SS0021  6 0.2349 0.1415 0.4091 0.2145 
   HI_SS0024  6 0.2034 0.3127 0.1558 0.3281 
   HI_SS0025  6 0.1621 0.4119 0.1347 0.2913 
   HI_SS0027  6 0.1572 0.1678 0.3428 0.3322 
   HI_SS0028  6 0.3130 0.1589 0.0886 0.4395 
   HI_SS0029  6 0.1403 0.3416 0.2510 0.2671 
   HI_SS0030  6 0.2598 0.2687 0.2660 0.2055 
   HI_SS0031  6 0.4503 0.2672 0.1664 0.1161 
   HI_SS0034  6 0.2294 0.2291 0.4119 0.1297 
   HI_SS0036  6 0.1180 0.1441 0.4848 0.2531 
   HI_SS0037  6 0.1494 0.0991 0.4681 0.2835 
   HI_SS0039  6 0.1737 0.1006 0.3188 0.4069 
   HI_SS0041  6 0.1281 0.3065 0.1320 0.4334 
   HI_SS0042  6 0.2845 0.3149 0.1250 0.2755 
   HI_SS0043  6 0.1995 0.0953 0.5288 0.1764 
   HI_SS0044  6 0.0940 0.4460 0.3151 0.1449 
   HI_SS0047  6 0.2534 0.3392 0.1370 0.2704 
   HI_SS0049  6 0.1737 0.4628 0.1643 0.1993 
   HI_SS0051  6 0.3030 0.1009 0.1633 0.4328 
   HI_SS0053  6 0.2243 0.1688 0.4917 0.1152 
   HI_SS0054  6 0.2848 0.0806 0.3770 0.2576 
   HI_SS0057  6 0.2080 0.1807 0.1590 0.4523 
   HI_SS0058  6 0.1981 0.2139 0.3764 0.2116 
   HI_SS0060  6 0.2829 0.1293 0.1869 0.4010 
   HI_SS0087  6 0.3518 0.2094 0.2898 0.1490 
   HI_SS0091  6 0.2909 0.1138 0.5207 0.0745 
   HI_SS0095  6 0.3299 0.2219 0.2740 0.1741 
   HI_SS0097  6 0.5319 0.1478 0.1519 0.1685 
   HI_SS0099  6 0.1311 0.3366 0.2169 0.3154 
   HI_SS0103  6 0.2899 0.3939 0.2051 0.1112 
   HI_SS0105  6 0.4710 0.1198 0.2044 0.2048 
   HI_SS0107  6 0.2232 0.5601 0.0921 0.1246 
   HI_SS0108  6 0.1349 0.1331 0.5932 0.1388 
   HI_SS0110  6 0.3759 0.2660 0.2622 0.0958 
   HI_SS0111  6 0.2310 0.2515 0.2346 0.2830 
   HI_SS0112  6 0.1214 0.1588 0.5622 0.1577 
   HI_SS0113  6 0.3289 0.3726 0.1122 0.1862 
   HI_SS0114  6 0.1607 0.0902 0.3609 0.3883 
   HI_SS0115  6 0.1362 0.3939 0.2249 0.2450 
   HI_SS0116  6 0.1024 0.3839 0.4075 0.1061 
   HI_SS0117  6 0.4688 0.1361 0.3056 0.0894 
   HI_SS0118  6 0.2915 0.1800 0.3841 0.1444 
   HI_SS0119  6 0.4316 0.1092 0.2929 0.1663 
   HI_SS0120  6 0.2432 0.5558 0.1054 0.0957 
   HI_SS0121  6 0.4767 0.0738 0.0993 0.3502 
   HI_SS0122  6 0.3097 0.1774 0.2532 0.2597 
   HI_SS0123  6 0.4426 0.2147 0.2369 0.1058 
   HI_SS0124  6 0.1202 0.5148 0.0925 0.2724 
   HI_SS0125  6 0.1640 0.3351 0.1057 0.3952 
   HI_SS0126  6 0.1226 0.3058 0.4476 0.1240 
   HI_SS0127  6 0.1981 0.1002 0.1755 0.5262 
   HI_SS0128  6 0.2774 0.4029 0.1945 0.1252 
   HI_SS0129  6 0.1162 0.2872 0.3853 0.2112 
   HI_SS0131  6 0.2583 0.0811 0.2805 0.3801 
   HI_SS0132  6 0.3582 0.1458 0.2186 0.2775 
   HI_SS0133  6 0.0930 0.1820 0.5669 0.1582 
   HI_SS0134  6 0.3642 0.2185 0.2582 0.1591 
   HI_SS0142  6 0.5075 0.1191 0.1784 0.1950 
   HI_SS0145  6 0.2979 0.2881 0.2767 0.1373 
   HI_SS0146  6 0.2458 0.1820 0.3087 0.2636 
   HI_SS0147  6 0.3393 0.1211 0.1117 0.4278 
   HI_SS0149  6 0.5730 0.1037 0.2102 0.1132 
   HI_SS0150  6 0.1820 0.3016 0.1217 0.3948 
   HI_SS0151  6 0.1123 0.4078 0.2380 0.2419 
   NS_SS1451  6 0.1490 0.3892 0.0923 0.3695 
   NS_SS1404  6 0.1897 0.1722 0.1712 0.4669 
   NS_SS1432  6 0.1983 0.4291 0.1396 0.2331 
   NS_SS1405  6 0.1763 0.3885 0.2228 0.2124 
   NS_SS1431  6 0.2823 0.3867 0.1163 0.2146 
   NS_SS1402  6 0.3694 0.2461 0.2614 0.1231 
   NS_SS1450  6 0.1083 0.3534 0.3277 0.2106 
   NS_SS1396  6 0.2802 0.2161 0.2235 0.2801 
   NS_SS1393  6 0.1699 0.2454 0.3413 0.2433 
   NS_SS1392  6 0.0818 0.4759 0.1406 0.3016 
   NS_SS1445  6 0.2853 0.1030 0.4121 0.1996 
   NS_SS1423  6 0.2950 0.3073 0.3022 0.0955 
   NS_SS1421  6 0.2964 0.2305 0.2856 0.1875 
   NS_SS1411  6 0.0857 0.1159 0.3229 0.4754 
   NS_SS1453  6 0.2638 0.1569 0.3893 0.1900 
   NS_SS1442  6 0.2641 0.2355 0.2173 0.2831 
   NS_SS1422  6 0.3482 0.3375 0.1847 0.1296 
   NS_SS1419  6 0.2993 0.1165 0.1602 0.4240 
   NS_SS1427  6 0.0712 0.3561 0.4825 0.0903 
   NS_SS1444  6 0.1988 0.2403 0.1611 0.3998 
   NS_SS1455  6 0.3358 0.3971 0.1117 0.1553 
   NS_SS1425  6 0.1843 0.0894 0.5202 0.2061 
   NS_SS1400  6 0.2290 0.1205 0.4017 0.2487 
   NS_SS1406  6 0.5832 0.1557 0.0914 0.1698 
   NS_SS1417  6 0.3548 0.2091 0.2484 0.1877 
   NS_SS1454  6 0.3037 0.1131 0.3415 0.2417 
   NS_SS1412  6 0.1795 0.2481 0.3178 0.2546 
   NS_SS1438  6 0.1944 0.0818 0.4630 0.2608 
   NS_SS1416  6 0.2689 0.1843 0.2526 0.2942 
   NS_SS1401  6 0.3581 0.2203 0.2840 0.1376 
   NS_SS1424  6 0.3684 0.1857 0.2741 0.1718 
   NS_SS1435  6 0.1172 0.3385 0.2075 0.3368 
   NS_SS1447  6 0.3073 0.1844 0.1578 0.3505 
   NS_SS1414  6 0.2200 0.2182 0.1308 0.4310 
   NS_SS1449  6 0.2663 0.3732 0.1806 0.1798 
   NS_SS1443  6 0.2273 0.3102 0.3835 0.0790 
   NS_SS1434  6 0.1234 0.5771 0.2065 0.0930 
   NS_SS1398  6 0.1361 0.4047 0.1715 0.2877 
   NS_SS1426  6 0.1728 0.1726 0.4814 0.1731 
   NS_SS1413  6 0.2032 0.3251 0.3424 0.1294 
   NS_SS1395  6 0.2729 0.1999 0.3922 0.1350 
   NS_SS1448  6 0.1035 0.2315 0.2703 0.3947 
   NS_SS1446  6 0.2558 0.2078 0.3910 0.1454 
   NS_SS1403  6 0.3102 0.2649 0.2124 0.2124 
   NS_SS1415  6 0.1633 0.2029 0.3650 0.2688 
   NS_SS1437  6 0.3290 0.2084 0.2004 0.2623 
   NS_SS1439  6 0.4339 0.1945 0.2243 0.1474 
   NS_SS1441  6 0.2353 0.2913 0.3491 0.1243 
   NS_SS1420  6 0.0660 0.1725 0.1015 0.6601 
   NS_SS1394  6 0.1813 0.2073 0.1332 0.4782 
   NS_SS1391  6 0.1360 0.4546 0.3152 0.0941 
   NS_SS1410  6 0.2397 0.2475 0.3420 0.1707 
   NS_SS1408  6 0.4007 0.1936 0.1617 0.2440 
   NS_SS1409  6 0.1595 0.4540 0.2982 0.0882 
   HI_SS0617  7 0.1298 0.3851 0.3171 0.1680 
   HI_SS0618  7 0.1531 0.3154 0.1660 0.3656 
   HI_SS0619  7 0.1489 0.3421 0.2382 0.2708 
   HI_SS0620  7 0.0977 0.1720 0.4425 0.2878 
   HI_SS0621  7 0.3040 0.3039 0.1576 0.2345 
   HI_SS0622  7 0.3445 0.2235 0.1952 0.2368 
   HI_SS0626  7 0.1302 0.1137 0.2142 0.5420 
   HI_SS0627  7 0.3032 0.3026 0.1796 0.2146 
   HI_SS0628  7 0.1569 0.1819 0.4084 0.2528 
   HI_SS0629  7 0.2836 0.1315 0.3199 0.2650 
   HI_SS0630  7 0.1441 0.2375 0.3129 0.3055 
   HI_SS0631  7 0.1551 0.1811 0.2901 0.3736 
   HI_SS0632  7 0.2029 0.1337 0.2016 0.4618 
   HI_SS0633  7 0.1310 0.5492 0.1740 0.1457 
   HI_SS0634  7 0.2324 0.1864 0.2421 0.3390 
   HI_SS0635  7 0.2322 0.2219 0.1350 0.4108 
   HI_SS0637  7 0.4080 0.0949 0.2250 0.2721 
   HI_SS0638  7 0.2076 0.3166 0.2205 0.2554 
   HI_SS0639  7 0.2546 0.2572 0.1482 0.3400 
   HI_SS0640  7 0.2396 0.2719 0.2072 0.2813 
   HI_SS0641  7 0.1205 0.0906 0.3665 0.4223 
   HI_SS0642  7 0.4153 0.2485 0.1425 0.1936 
   HI_SS0645  7 0.1061 0.2186 0.0867 0.5886 
   HI_SS0646  7 0.3082 0.4188 0.1820 0.0910 
   HI_SS0647  7 0.2677 0.3406 0.1892 0.2025 
   HI_SS0648  7 0.2331 0.2645 0.2235 0.2789 
   HI_SS0649  7 0.2179 0.2840 0.2713 0.2268 
   HI_SS0650  7 0.1407 0.5599 0.1484 0.1511 
   HI_SS0651  7 0.2639 0.2894 0.2145 0.2322 
   HI_SS0652  7 0.1027 0.2571 0.1172 0.5230 
   NS_SS1371  7 0.3166 0.2670 0.3275 0.0889 
   NS_SS1374  7 0.1756 0.1738 0.3982 0.2525 
   NS_SS1337  7 0.3354 0.2336 0.1003 0.3307 
   NS_SS1385  7 0.2713 0.3974 0.1978 0.1336 
   NS_SS1388  7 0.1505 0.2998 0.2823 0.2674 
   NS_SS1370  7 0.1469 0.0873 0.0901 0.6758 
   NS_SS1389  7 0.1200 0.2991 0.1771 0.4038 
   NS_SS1360  7 0.2132 0.1120 0.3030 0.3718 
   NS_SS1330  7 0.2760 0.2625 0.1138 0.3477 
   NS_SS1328  7 0.1506 0.4699 0.2971 0.0824 
   NS_SS1384  7 0.3749 0.1301 0.2627 0.2323 
   NS_SS1381  7 0.1731 0.6103 0.0865 0.1300 
   NS_SS1375  7 0.0907 0.4526 0.1565 0.3002 
   NS_SS1319  7 0.2596 0.2597 0.2304 0.2503 
   NS_SS1326  7 0.0991 0.2901 0.4692 0.1416 
   NS_SS1341  7 0.3825 0.1099 0.3508 0.1567 
   NS_SS1383  7 0.3054 0.1716 0.2270 0.2960 
   NS_SS1318  7 0.1777 0.2376 0.2088 0.3760 
   NS_SS1348  7 0.2643 0.1242 0.4455 0.1660 
   NS_SS1363  7 0.3477 0.1756 0.1364 0.3403 
   NS_SS1335  7 0.4003 0.0816 0.2664 0.2517 
   NS_SS1358  7 0.4429 0.1607 0.2674 0.1290 
   NS_SS1342  7 0.4682 0.1500 0.3117 0.0701 
   NS_SS1320  7 0.2186 0.6262 0.0585 0.0966 
   NS_SS1355  7 0.3491 0.2667 0.1520 0.2322 
   NS_SS1345  7 0.5214 0.1742 0.0928 0.2115 
   NS_SS1324  7 0.2093 0.1881 0.3515 0.2510 
   NS_SS1347  7 0.3731 0.2400 0.2114 0.1755 
   NS_SS1321  7 0.3084 0.1425 0.3771 0.1719 
   NS_SS1333  7 0.2009 0.2030 0.4160 0.1801 
   NS_SS1364  7 0.3690 0.1277 0.3483 0.1550 
   NS_SS1379  7 0.2021 0.3743 0.1976 0.2260 
   NS_SS1332  7 0.1976 0.1388 0.4900 0.1736 
   NS_SS1338  7 0.1508 0.1269 0.3182 0.4042 
   NS_SS1368  7 0.3884 0.1382 0.3665 0.1069 
   NS_SS1354  7 0.4589 0.1762 0.1936 0.1713 
   NS_SS1365  7 0.2532 0.2685 0.1465 0.3318 
   NS_SS1380  7 0.4606 0.1549 0.1233 0.2612 
   NS_SS1329  7 0.4973 0.1363 0.3014 0.0649 
   NS_SS1362  7 0.3290 0.3019 0.2298 0.1393 
   NS_SS1327  7 0.0714 0.1296 0.6662 0.1327 
   NS_SS1350  7 0.1013 0.5444 0.2790 0.0753 
   NS_SS1387  7 0.1349 0.1407 0.1941 0.5303 
   NS_SS1369  7 0.2813 0.1330 0.3198 0.2659 
   NS_SS1331  7 0.1630 0.1723 0.2759 0.3889 
   NS_SS1357  7 0.1091 0.5836 0.2386 0.0687 
   NS_SS1386  7 0.3046 0.0969 0.5217 0.0769 
   NS_SS1353  7 0.1942 0.4593 0.2076 0.1388 
   NS_SS1323  7 0.4171 0.2880 0.1115 0.1834 
   HI_SS0296  8 0.1030 0.1966 0.3038 0.3967 
   HI_SS0297  8 0.2351 0.4341 0.1648 0.1660 
   HI_SS0299  8 0.3236 0.1742 0.2489 0.2533 
   HI_SS0300  8 0.1756 0.1976 0.2289 0.3979 
   HI_SS0301  8 0.2327 0.0734 0.1704 0.5235 
   HI_SS0302  8 0.1509 0.1102 0.2938 0.4451 
   HI_SS0303  8 0.1461 0.3102 0.4198 0.1239 
   HI_SS0304  8 0.1239 0.3344 0.2059 0.3358 
   HI_SS0306  8 0.1504 0.1471 0.3704 0.3321 
   HI_SS0307  8 0.3394 0.2358 0.1509 0.2739 
   HI_SS0308  8 0.3452 0.1474 0.1584 0.3491 
   HI_SS0309  8 0.4634 0.1489 0.1427 0.2450 
   HI_SS0310  8 0.1698 0.3439 0.2389 0.2474 
   HI_SS0311  8 0.2470 0.1419 0.1979 0.4132 
   HI_SS0314  8 0.1852 0.4554 0.2171 0.1423 
   HI_SS0316  8 0.2330 0.2168 0.3438 0.2064 
   HI_SS0317  8 0.3189 0.1861 0.1935 0.3015 
   HI_SS0318  8 0.2201 0.1127 0.4545 0.2127 
   HI_SS0319  8 0.1724 0.1523 0.5723 0.1030 
   HI_SS0320  8 0.2282 0.3393 0.1548 0.2777 
   HI_SS0321  8 0.2646 0.2335 0.3265 0.1754 
   HI_SS0323  8 0.1317 0.1869 0.3817 0.2997 
   HI_SS0325  8 0.1765 0.1245 0.3231 0.3759 
   HI_SS0327  8 0.2501 0.3524 0.3356 0.0619 
   HI_SS0329  8 0.1833 0.2288 0.1933 0.3946 
   HI_SS0333  8 0.2180 0.2535 0.2766 0.2519 
   HI_SS0334  8 0.2547 0.1392 0.3987 0.2074 
   HI_SS0335  8 0.5036 0.2069 0.1162 0.1733 
   HI_SS0339  8 0.2875 0.1835 0.1481 0.3809 
   HI_SS0343  8 0.5025 0.2647 0.1232 0.1096 
   HI_SS0344  8 0.1232 0.1401 0.6213 0.1154 
   HI_SS0345  8 0.3246 0.1301 0.1964 0.3489 
   HI_SS0346  8 0.2339 0.1721 0.3242 0.2697 
   HI_SS0350  8 0.4576 0.1870 0.0758 0.2797 
   HI_SS0351  8 0.5392 0.1389 0.2003 0.1216 
   HI_SS0352  8 0.3910 0.2409 0.1591 0.2091 
   HI_SS0362  8 0.1429 0.1415 0.1801 0.5354 
   HI_SS0363  8 0.2324 0.2583 0.3987 0.1106 
   HI_SS0365  8 0.2379 0.2511 0.3769 0.1341 
   HI_SS0366  8 0.1611 0.1621 0.5086 0.1682 
   HI_SS0367  8 0.3476 0.3150 0.1337 0.2037 
   HI_SS0369  8 0.2196 0.2683 0.1255 0.3867 
   HI_SS0370  8 0.1888 0.5313 0.1880 0.0919 
   HI_SS0371  8 0.1305 0.1305 0.4011 0.3379 
   HI_SS0373  8 0.1532 0.3049 0.2429 0.2990 
   HI_SS0374  8 0.2554 0.3307 0.1734 0.2405 
   HI_SS0377  8 0.4843 0.0849 0.2216 0.2093 
   HI_SS0379  8 0.1805 0.0781 0.6339 0.1076 
   HI_SS0380  8 0.3150 0.2822 0.1711 0.2317 
   HI_SS0381  8 0.3883 0.1574 0.1168 0.3374 
   HI_SS0384  8 0.1332 0.3748 0.3341 0.1579 
   HI_SS0385  8 0.0938 0.2071 0.2995 0.3996 
