

----------------------------------------------------
STRUCTURE by Pritchard, Stephens and Donnelly (2000)
     and Falush, Stephens and Pritchard (2003)
       Code by Pritchard, Falush and Hubisz
             Version 2.3.4 (Jul 2012)
----------------------------------------------------



Command line arguments:   /home/genobiwan/Documents/Programs/Structure/structure -m parameter_job_k5_r3 
Input File:    /media/genobiwan/Storage/Projets/Mackerel_NWA_2021/data_job_k5_r3

Run parameters:
   557 individuals
   3930 loci
   5 populations assumed
   10000 Burn-in period
   100000 Reps


--------------------------------------------
Proportion of membership of each pre-defined
 population in each of the 5 clusters

Given    Inferred Clusters                     Number of
 Pop       1      2      3      4      5      Individuals

  1:     0.219  0.189  0.177  0.212  0.203       67
  2:     0.188  0.249  0.173  0.177  0.213       32
  3:     0.222  0.181  0.183  0.193  0.221       92
  4:     0.179  0.187  0.224  0.226  0.184       36
  5:     0.219  0.185  0.217  0.188  0.192       41
  6:     0.188  0.195  0.209  0.209  0.198      158
  7:     0.189  0.203  0.197  0.206  0.205       79
  8:     0.214  0.173  0.212  0.196  0.204       52
--------------------------------------------

Allele-freq. divergence among pops (Net nucleotide distance),
computed using point estimates of P.

      1       2       3       4       5      
 1      -    0.0028  0.0028  0.0018  0.0022  
 2   0.0028     -    0.0036  0.0028  0.0031  
 3   0.0028  0.0036     -    0.0026  0.0031  
 4   0.0018  0.0028  0.0026     -    0.0023  
 5   0.0022  0.0031  0.0031  0.0023     -    

Average distances (expected heterozygosity) between individuals in same cluster:
cluster  1  : 0.3128 
cluster  2  : 0.3128 
cluster  3  : 0.3118 
cluster  4  : 0.3133 
cluster  5  : 0.3116 

--------------------------------------------
Estimated Ln Prob of Data   = -2078473.9
Mean value of ln likelihood = -2062014.9
Variance of ln likelihood   = 32918.0
Mean value of alpha         = 1.4516

Mean value of Fst_1         = 0.0262
Mean value of Fst_2         = 0.0335
Mean value of Fst_3         = 0.0312
Mean value of Fst_4         = 0.0240
Mean value of Fst_5         = 0.0273


Inferred ancestry of individuals:
        Label (%Miss) Pop:  Inferred clusters
  1 NS_SS0963    (4)    1 :  0.270 0.123 0.100 0.329 0.178 
  2 NS_SS0983    (1)    1 :  0.240 0.067 0.358 0.173 0.162 
  3 NS_SS0719    (8)    1 :  0.150 0.147 0.179 0.285 0.240 
  4 NS_SS1001    (8)    1 :  0.191 0.372 0.112 0.076 0.249 
  5 NS_SS0936    (4)    1 :  0.289 0.278 0.112 0.241 0.080 
  6 NS_SS0955    (5)    1 :  0.262 0.081 0.235 0.190 0.232 
  7 NS_SS0944    (3)    1 :  0.312 0.173 0.219 0.111 0.186 
  8 NS_SS0945    (3)    1 :  0.166 0.354 0.222 0.135 0.122 
  9 NS_SS0922    (2)    1 :  0.143 0.381 0.107 0.167 0.203 
 10 NS_SS0929    (7)    1 :  0.270 0.106 0.259 0.232 0.133 
 11 NS_SS0956    (2)    1 :  0.131 0.221 0.096 0.092 0.459 
 12 NS_SS0906    (3)    1 :  0.343 0.119 0.210 0.171 0.157 
 13 NS_SS0721    (6)    1 :  0.115 0.115 0.141 0.184 0.446 
 14 NS_SS0982    (4)    1 :  0.230 0.141 0.103 0.300 0.226 
 15 NS_SS0923    (5)    1 :  0.234 0.238 0.137 0.196 0.194 
 16 NS_SS0905    (6)    1 :  0.293 0.171 0.174 0.145 0.216 
 17 NS_SS0925    (3)    1 :  0.400 0.175 0.089 0.136 0.200 
 18 NS_SS0947    (5)    1 :  0.296 0.265 0.133 0.184 0.123 
 19 NS_SS0926    (2)    1 :  0.129 0.073 0.325 0.347 0.126 
 20 NS_SS0918    (6)    1 :  0.365 0.134 0.076 0.213 0.213 
 21 NS_SS0966    (4)    1 :  0.328 0.160 0.116 0.260 0.136 
 22 NS_SS0938    (2)    1 :  0.110 0.295 0.105 0.385 0.106 
 23 NS_SS0917    (2)    1 :  0.121 0.172 0.297 0.268 0.142 
 24 NS_SS0957   (11)    1 :  0.178 0.142 0.157 0.156 0.368 
 25 NS_SS0987    (1)    1 :  0.137 0.091 0.138 0.140 0.494 
 26 NS_SS0717    (4)    1 :  0.199 0.334 0.110 0.096 0.261 
 27 NS_SS0986    (2)    1 :  0.161 0.116 0.188 0.226 0.308 
 28 NS_SS0953    (4)    1 :  0.387 0.250 0.107 0.089 0.167 
 29 NS_SS0907    (3)    1 :  0.439 0.099 0.151 0.184 0.126 
 30 NS_SS0974    (6)    1 :  0.317 0.241 0.194 0.160 0.088 
 31 NS_SS0989    (1)    1 :  0.102 0.134 0.392 0.266 0.107 
 32 NS_SS0991    (2)    1 :  0.321 0.061 0.197 0.094 0.327 
 33 NS_SS0994    (2)    1 :  0.105 0.186 0.517 0.103 0.089 
 34 NS_SS0931    (6)    1 :  0.184 0.076 0.268 0.246 0.225 
 35 NS_SS1000    (5)    1 :  0.233 0.368 0.106 0.189 0.104 
 36 NS_SS0919    (1)    1 :  0.240 0.068 0.173 0.432 0.087 
 37 NS_SS0949    (3)    1 :  0.137 0.135 0.295 0.262 0.171 
 38 NS_SS0960   (10)    1 :  0.272 0.088 0.241 0.169 0.230 
 39 NS_SS0716    (2)    1 :  0.059 0.334 0.092 0.126 0.388 
 40 NS_SS0924    (8)    1 :  0.254 0.089 0.200 0.252 0.205 
 41 NS_SS0935    (1)    1 :  0.201 0.101 0.321 0.095 0.281 
 42 NS_SS0952   (13)    1 :  0.302 0.099 0.271 0.201 0.127 
 43 NS_SS0962   (10)    1 :  0.120 0.219 0.082 0.397 0.182 
 44 NS_SS0973    (5)    1 :  0.461 0.118 0.136 0.137 0.147 
 45 NS_SS0722    (1)    1 :  0.258 0.499 0.082 0.074 0.086 
 46 NS_SS0979   (13)    1 :  0.194 0.157 0.098 0.249 0.302 
 47 NS_SS0993    (2)    1 :  0.332 0.236 0.079 0.169 0.184 
 48 NS_SS0958    (1)    1 :  0.159 0.188 0.321 0.170 0.163 
 49 NS_SS0988    (4)    1 :  0.200 0.088 0.155 0.415 0.142 
 50 NS_SS1003    (2)    1 :  0.126 0.069 0.055 0.465 0.286 
 51 NS_SS0976    (0)    1 :  0.224 0.093 0.270 0.267 0.145 
 52 NS_SS0964   (10)    1 :  0.129 0.402 0.094 0.079 0.295 
 53 NS_SS0939    (4)    1 :  0.049 0.391 0.072 0.147 0.341 
 54 NS_SS0990    (6)    1 :  0.073 0.250 0.223 0.269 0.185 
 55 NS_SS0984    (2)    1 :  0.149 0.397 0.091 0.196 0.167 
 56 NS_SS0980    (9)    1 :  0.425 0.260 0.118 0.119 0.078 
 57 NS_SS0978    (4)    1 :  0.249 0.292 0.140 0.219 0.100 
 58 NS_SS0951   (17)    1 :  0.218 0.082 0.202 0.099 0.399 
 59 NS_SS0913    (3)    1 :  0.148 0.255 0.138 0.111 0.348 
 60 NS_SS1002    (1)    1 :  0.193 0.106 0.071 0.565 0.066 
 61 NS_SS0948    (1)    1 :  0.273 0.108 0.197 0.245 0.178 
 62 NS_SS0916    (4)    1 :  0.184 0.213 0.253 0.216 0.134 
 63 NS_SS0995    (1)    1 :  0.207 0.215 0.152 0.213 0.213 
 64 NS_SS0927    (6)    1 :  0.154 0.196 0.277 0.271 0.102 
 65 NS_SS0992    (5)    1 :  0.171 0.260 0.238 0.247 0.083 
 66 NS_SS0912    (1)    1 :  0.133 0.089 0.179 0.230 0.369 
 67 NS_SS0981    (1)    1 :  0.221 0.091 0.090 0.359 0.240 
 68 NS_SS0729    (5)    2 :  0.280 0.126 0.432 0.108 0.053 
 69 NS_SS0967   (14)    2 :  0.300 0.137 0.094 0.358 0.111 
 70 NS_SS0941    (7)    2 :  0.141 0.353 0.156 0.170 0.181 
 71 NS_SS0768   (12)    2 :  0.187 0.155 0.126 0.183 0.349 
 72 NS_SS0726    (4)    2 :  0.189 0.179 0.293 0.267 0.072 
 73 NS_SS0763    (4)    2 :  0.199 0.195 0.325 0.146 0.136 
 74 NS_SS0730    (6)    2 :  0.143 0.275 0.104 0.277 0.200 
 75 NS_SS0774    (1)    2 :  0.262 0.405 0.095 0.149 0.089 
 76 NS_SS0723    (3)    2 :  0.277 0.222 0.065 0.280 0.155 
 77 NS_SS0940    (9)    2 :  0.101 0.260 0.244 0.206 0.189 
 78 NS_SS0762    (1)    2 :  0.200 0.478 0.073 0.077 0.171 
 79 NS_SS0766   (11)    2 :  0.094 0.362 0.207 0.105 0.233 
 80 NS_SS0724    (1)    2 :  0.272 0.177 0.106 0.095 0.350 
 81 NS_SS0769    (3)    2 :  0.135 0.190 0.148 0.338 0.190 
 82 NS_SS0777    (2)    2 :  0.208 0.095 0.227 0.235 0.234 
 83 NS_SS0734    (6)    2 :  0.138 0.200 0.208 0.135 0.319 
 84 NS_SS0737    (3)    2 :  0.125 0.545 0.083 0.122 0.126 
 85 NS_SS0732    (5)    2 :  0.236 0.124 0.093 0.117 0.429 
 86 NS_SS0728    (5)    2 :  0.162 0.301 0.182 0.128 0.228 
 87 NS_SS0735    (9)    2 :  0.230 0.340 0.114 0.075 0.242 
 88 NS_SS0725    (1)    2 :  0.115 0.435 0.120 0.155 0.175 
 89 NS_SS0788    (2)    2 :  0.163 0.134 0.124 0.439 0.140 
 90 NS_SS0778    (2)    2 :  0.175 0.089 0.188 0.365 0.183 
 91 NS_SS0792    (6)    2 :  0.232 0.119 0.243 0.107 0.299 
 92 NS_SS0943   (11)    2 :  0.309 0.079 0.288 0.095 0.229 
 93 NS_SS0791    (2)    2 :  0.131 0.185 0.289 0.113 0.283 
 94 NS_SS0790    (5)    2 :  0.273 0.209 0.047 0.108 0.364 
 95 NS_SS0731    (6)    2 :  0.133 0.215 0.090 0.127 0.435 
 96 NS_SS0727    (6)    2 :  0.122 0.378 0.346 0.063 0.091 
 97 NS_SS0779   (12)    2 :  0.220 0.181 0.153 0.229 0.217 
 98 NS_SS0776    (3)    2 :  0.125 0.371 0.160 0.186 0.158 
 99 NS_SS0775    (5)    2 :  0.126 0.452 0.106 0.121 0.195 
100 NS_SS0965    (3)    3 :  0.227 0.094 0.114 0.232 0.333 
101 NS_SS0754   (13)    3 :  0.139 0.094 0.310 0.139 0.318 
102 NS_SS0838    (5)    3 :  0.196 0.237 0.206 0.218 0.143 
103 NS_SS0839    (3)    3 :  0.155 0.345 0.086 0.210 0.204 
104 NS_SS0832    (4)    3 :  0.340 0.176 0.054 0.178 0.251 
105 NS_SS0820    (4)    3 :  0.163 0.157 0.061 0.317 0.302 
106 NS_SS0886    (9)    3 :  0.139 0.134 0.265 0.194 0.268 
107 NS_SS0748    (5)    3 :  0.298 0.105 0.200 0.220 0.178 
108 NS_SS0884    (9)    3 :  0.258 0.206 0.201 0.165 0.171 
109 NS_SS0752    (3)    3 :  0.241 0.310 0.148 0.167 0.135 
110 NS_SS0862    (1)    3 :  0.254 0.107 0.075 0.106 0.458 
111 NS_SS0787    (9)    3 :  0.141 0.093 0.485 0.139 0.142 
112 NS_SS0843    (6)    3 :  0.285 0.181 0.164 0.139 0.230 
113 NS_SS0856    (4)    3 :  0.087 0.335 0.172 0.262 0.144 
114 NS_SS0846    (2)    3 :  0.344 0.151 0.175 0.263 0.067 
115 NS_SS0825    (1)    3 :  0.142 0.091 0.143 0.385 0.239 
116 NS_SS0757    (3)    3 :  0.245 0.109 0.197 0.135 0.313 
117 NS_SS0876    (3)    3 :  0.197 0.272 0.146 0.159 0.226 
118 NS_SS0903    (9)    3 :  0.424 0.225 0.082 0.181 0.088 
119 NS_SS0875    (7)    3 :  0.125 0.225 0.152 0.275 0.222 
120 NS_SS0740    (5)    3 :  0.267 0.230 0.152 0.139 0.212 
121 NS_SS0811    (5)    3 :  0.160 0.191 0.087 0.097 0.465 
122 NS_SS0751    (1)    3 :  0.112 0.297 0.128 0.318 0.145 
123 NS_SS0891    (6)    3 :  0.147 0.311 0.167 0.188 0.186 
124 NS_SS0867    (2)    3 :  0.394 0.052 0.165 0.203 0.186 
125 NS_SS0890    (6)    3 :  0.266 0.187 0.161 0.231 0.155 
126 NS_SS0866   (11)    3 :  0.110 0.135 0.506 0.116 0.132 
127 NS_SS0755    (4)    3 :  0.245 0.155 0.152 0.189 0.259 
128 NS_SS0758    (4)    3 :  0.223 0.265 0.184 0.176 0.152 
129 NS_SS0840    (2)    3 :  0.272 0.205 0.068 0.245 0.210 
130 NS_SS0889    (4)    3 :  0.136 0.093 0.354 0.113 0.304 
131 NS_SS1010    (1)    3 :  0.187 0.139 0.139 0.381 0.155 
132 NS_SS0888    (5)    3 :  0.130 0.173 0.453 0.072 0.170 
133 NS_SS0837    (3)    3 :  0.297 0.109 0.077 0.139 0.378 
134 NS_SS0794    (9)    3 :  0.149 0.261 0.365 0.079 0.147 
135 NS_SS0823    (4)    3 :  0.344 0.259 0.089 0.182 0.127 
136 NS_SS0829    (7)    3 :  0.217 0.066 0.358 0.095 0.264 
137 NS_SS0844    (5)    3 :  0.587 0.078 0.058 0.158 0.119 
138 NS_SS1008    (5)    3 :  0.136 0.317 0.310 0.086 0.151 
139 NS_SS0881    (3)    3 :  0.102 0.135 0.194 0.409 0.160 
140 NS_SS0834    (6)    3 :  0.136 0.471 0.090 0.184 0.120 
141 NS_SS0744   (10)    3 :  0.238 0.129 0.178 0.252 0.202 
142 NS_SS0899    (7)    3 :  0.252 0.185 0.074 0.087 0.402 
143 NS_SS0804    (4)    3 :  0.267 0.187 0.056 0.205 0.285 
144 NS_SS0781   (10)    3 :  0.269 0.200 0.069 0.331 0.131 
145 NS_SS0822    (6)    3 :  0.300 0.263 0.206 0.079 0.152 
146 NS_SS1004    (4)    3 :  0.388 0.136 0.112 0.179 0.185 
147 NS_SS0746    (5)    3 :  0.379 0.160 0.177 0.172 0.112 
148 NS_SS0880    (3)    3 :  0.337 0.213 0.101 0.192 0.157 
149 NS_SS0879    (4)    3 :  0.221 0.317 0.143 0.119 0.200 
150 NS_SS0753    (2)    3 :  0.274 0.078 0.238 0.110 0.300 
151 NS_SS1007    (2)    3 :  0.106 0.353 0.150 0.307 0.083 
152 NS_SS0872    (5)    3 :  0.238 0.235 0.117 0.257 0.154 
153 NS_SS1005    (7)    3 :  0.373 0.211 0.086 0.215 0.115 
154 NS_SS0892    (6)    3 :  0.178 0.219 0.173 0.216 0.214 
155 NS_SS0898    (0)    3 :  0.231 0.135 0.236 0.167 0.232 
156 NS_SS0801    (9)    3 :  0.236 0.109 0.139 0.174 0.342 
157 NS_SS0827    (8)    3 :  0.159 0.085 0.172 0.240 0.344 
158 NS_SS0853    (6)    3 :  0.137 0.103 0.242 0.102 0.416 
159 NS_SS0780    (2)    3 :  0.173 0.208 0.109 0.278 0.232 
160 NS_SS0826   (10)    3 :  0.269 0.068 0.130 0.407 0.125 
161 NS_SS0818    (5)    3 :  0.172 0.268 0.068 0.275 0.217 
162 NS_SS0745    (1)    3 :  0.049 0.508 0.066 0.100 0.277 
163 NS_SS0849    (3)    3 :  0.150 0.087 0.083 0.174 0.506 
164 NS_SS0739    (3)    3 :  0.099 0.178 0.153 0.319 0.251 
165 NS_SS0799    (1)    3 :  0.242 0.213 0.271 0.088 0.186 
166 NS_SS0756    (2)    3 :  0.320 0.113 0.068 0.311 0.189 
167 NS_SS0802    (2)    3 :  0.165 0.171 0.195 0.383 0.085 
168 NS_SS0747    (6)    3 :  0.312 0.139 0.148 0.264 0.136 
169 NS_SS0835    (1)    3 :  0.161 0.119 0.419 0.216 0.085 
170 NS_SS0742   (18)    3 :  0.280 0.147 0.106 0.281 0.187 
171 NS_SS0760    (9)    3 :  0.182 0.139 0.402 0.148 0.129 
172 NS_SS0803    (4)    3 :  0.592 0.155 0.078 0.082 0.094 
173 NS_SS0828   (13)    3 :  0.183 0.150 0.166 0.133 0.368 
174 NS_SS0865    (2)    3 :  0.196 0.076 0.166 0.302 0.261 
175 NS_SS0759    (4)    3 :  0.181 0.301 0.075 0.180 0.263 
176 NS_SS0851    (5)    3 :  0.094 0.169 0.079 0.102 0.556 
177 NS_SS0874   (16)    3 :  0.469 0.201 0.081 0.114 0.135 
178 NS_SS0761    (6)    3 :  0.196 0.063 0.343 0.152 0.245 
179 NS_SS0842   (25)    3 :  0.210 0.196 0.259 0.151 0.185 
180 NS_SS0785    (6)    3 :  0.305 0.126 0.253 0.147 0.169 
181 NS_SS0860   (11)    3 :  0.189 0.108 0.432 0.170 0.101 
182 NS_SS0897    (7)    3 :  0.109 0.113 0.480 0.087 0.211 
183 NS_SS0841   (14)    3 :  0.177 0.254 0.078 0.131 0.360 
184 NS_SS0797    (6)    3 :  0.165 0.074 0.231 0.202 0.329 
185 NS_SS0830   (10)    3 :  0.166 0.118 0.175 0.254 0.286 
186 NS_SS1011    (5)    3 :  0.220 0.115 0.083 0.404 0.178 
187 NS_SS0883    (5)    3 :  0.227 0.087 0.221 0.127 0.337 
188 NS_SS0782    (2)    3 :  0.163 0.357 0.252 0.105 0.123 
189 NS_SS0831    (5)    3 :  0.131 0.080 0.358 0.078 0.353 
190 NS_SS0749    (7)    3 :  0.127 0.188 0.211 0.142 0.331 
191 NS_SS0854    (2)    3 :  0.195 0.297 0.233 0.119 0.156 
192 HI_SS0193    (0)    4 :  0.097 0.239 0.319 0.107 0.239 
193 HI_SS0194    (0)    4 :  0.139 0.486 0.112 0.174 0.089 
194 HI_SS0195    (9)    4 :  0.092 0.196 0.054 0.231 0.427 
195 HI_SS0196    (6)    4 :  0.159 0.363 0.221 0.114 0.143 
196 HI_SS0197    (3)    4 :  0.080 0.120 0.082 0.653 0.065 
197 HI_SS0198    (1)    4 :  0.157 0.129 0.225 0.148 0.342 
198 HI_SS0199    (1)    4 :  0.187 0.271 0.342 0.100 0.100 
199 HI_SS0201    (4)    4 :  0.238 0.048 0.366 0.149 0.200 
200 HI_SS0215    (1)    4 :  0.185 0.055 0.354 0.219 0.187 
201 HI_SS0218    (1)    4 :  0.098 0.134 0.504 0.060 0.204 
202 HI_SS0222    (0)    4 :  0.091 0.234 0.181 0.232 0.262 
203 HI_SS0230    (1)    4 :  0.178 0.104 0.112 0.414 0.191 
204 HI_SS0234    (1)    4 :  0.181 0.259 0.183 0.317 0.060 
205 HI_SS0240    (1)    4 :  0.142 0.398 0.172 0.140 0.147 
206 HI_SS0241    (0)    4 :  0.209 0.106 0.352 0.177 0.156 
207 HI_SS0242    (0)    4 :  0.258 0.135 0.234 0.146 0.227 
208 HI_SS0247    (0)    4 :  0.425 0.109 0.121 0.173 0.172 
209 HI_SS0248    (1)    4 :  0.232 0.270 0.353 0.063 0.082 
210 HI_SS0252    (2)    4 :  0.240 0.309 0.127 0.079 0.245 
211 HI_SS0254    (1)    4 :  0.184 0.107 0.172 0.425 0.112 
212 HI_SS0256    (0)    4 :  0.270 0.257 0.039 0.254 0.180 
213 HI_SS0257    (0)    4 :  0.293 0.112 0.343 0.192 0.060 
214 HI_SS0258    (1)    4 :  0.175 0.152 0.354 0.121 0.198 
215 HI_SS0259    (1)    4 :  0.101 0.299 0.112 0.344 0.144 
216 HI_SS0260    (1)    4 :  0.173 0.245 0.371 0.109 0.102 
217 HI_SS0261    (2)    4 :  0.222 0.197 0.202 0.299 0.080 
218 HI_SS0262    (0)    4 :  0.142 0.171 0.151 0.212 0.323 
219 HI_SS0264    (1)    4 :  0.134 0.203 0.117 0.315 0.232 
220 HI_SS0265    (0)    4 :  0.142 0.131 0.105 0.333 0.289 
221 HI_SS0268    (1)    4 :  0.060 0.201 0.200 0.339 0.200 
222 HI_SS0269    (1)    4 :  0.200 0.081 0.458 0.204 0.057 
223 HI_SS0273    (0)    4 :  0.252 0.094 0.302 0.226 0.126 
224 HI_SS0277    (1)    4 :  0.156 0.060 0.093 0.582 0.109 
225 HI_SS0280    (0)    4 :  0.097 0.216 0.162 0.161 0.364 
226 HI_SS0282    (1)    4 :  0.310 0.136 0.254 0.103 0.196 
227 HI_SS0286    (1)    4 :  0.158 0.101 0.216 0.206 0.319 
228 NS_SS1252    (3)    5 :  0.167 0.097 0.505 0.085 0.146 
229 NS_SS1261    (1)    5 :  0.232 0.130 0.164 0.298 0.176 
230 NS_SS1225    (9)    5 :  0.431 0.080 0.237 0.134 0.118 
231 NS_SS1266    (1)    5 :  0.505 0.138 0.062 0.130 0.165 
232 NS_SS1228    (0)    5 :  0.109 0.120 0.131 0.159 0.482 
233 NS_SS1255    (2)    5 :  0.150 0.522 0.161 0.090 0.078 
234 NS_SS1267    (3)    5 :  0.067 0.081 0.542 0.145 0.164 
235 NS_SS1238    (6)    5 :  0.112 0.167 0.188 0.271 0.262 
236 NS_SS1233    (8)    5 :  0.414 0.153 0.092 0.146 0.195 
237 NS_SS1277    (3)    5 :  0.093 0.307 0.349 0.097 0.154 
238 NS_SS1245    (1)    5 :  0.362 0.196 0.195 0.144 0.103 
239 NS_SS1240    (4)    5 :  0.092 0.094 0.516 0.222 0.076 
240 NS_SS1275    (2)    5 :  0.148 0.146 0.061 0.419 0.226 
241 NS_SS1235    (1)    5 :  0.287 0.355 0.124 0.178 0.056 
242 NS_SS1263    (1)    5 :  0.353 0.343 0.085 0.093 0.126 
243 NS_SS1251    (1)    5 :  0.365 0.194 0.109 0.211 0.121 
244 NS_SS1248    (0)    5 :  0.073 0.073 0.130 0.129 0.595 
245 NS_SS1244    (0)    5 :  0.239 0.069 0.152 0.411 0.130 
246 NS_SS1257    (0)    5 :  0.137 0.184 0.396 0.132 0.151 
247 NS_SS1242    (2)    5 :  0.183 0.374 0.096 0.186 0.161 
248 NS_SS1271    (6)    5 :  0.150 0.082 0.471 0.141 0.156 
249 NS_SS1265    (1)    5 :  0.146 0.127 0.375 0.217 0.135 
250 NS_SS1243    (0)    5 :  0.126 0.276 0.138 0.070 0.390 
251 NS_SS1273    (1)    5 :  0.150 0.397 0.081 0.198 0.175 
252 NS_SS1254   (14)    5 :  0.399 0.198 0.101 0.131 0.171 
253 NS_SS1224    (1)    5 :  0.286 0.163 0.094 0.134 0.323 
254 NS_SS1227    (8)    5 :  0.157 0.166 0.284 0.314 0.080 
255 NS_SS1274    (8)    5 :  0.176 0.203 0.305 0.112 0.203 
256 NS_SS1241    (1)    5 :  0.308 0.114 0.245 0.152 0.182 
257 NS_SS1256    (3)    5 :  0.330 0.127 0.198 0.259 0.085 
258 NS_SS1260    (8)    5 :  0.210 0.140 0.388 0.143 0.120 
259 NS_SS1262    (0)    5 :  0.270 0.065 0.241 0.220 0.204 
260 NS_SS1230    (0)    5 :  0.174 0.182 0.258 0.172 0.213 
261 NS_SS1270    (2)    5 :  0.282 0.079 0.084 0.161 0.394 
262 NS_SS1229    (2)    5 :  0.198 0.346 0.096 0.310 0.050 
263 NS_SS1246    (5)    5 :  0.138 0.200 0.301 0.277 0.083 
264 NS_SS1269    (0)    5 :  0.202 0.219 0.146 0.167 0.265 
265 NS_SS1239    (1)    5 :  0.175 0.296 0.107 0.106 0.316 
266 NS_SS1272    (4)    5 :  0.132 0.087 0.096 0.589 0.096 
267 NS_SS1268    (1)    5 :  0.273 0.109 0.088 0.073 0.458 
268 NS_SS1249    (0)    5 :  0.162 0.175 0.498 0.074 0.092 
269 HI_SS0559    (0)    6 :  0.208 0.229 0.193 0.068 0.302 
270 HI_SS0563    (1)    6 :  0.278 0.150 0.166 0.229 0.177 
271 HI_SS0564    (0)    6 :  0.203 0.191 0.133 0.245 0.227 
272 HI_SS0565    (0)    6 :  0.217 0.113 0.197 0.379 0.094 
273 HI_SS0569    (0)    6 :  0.386 0.052 0.248 0.153 0.161 
274 HI_SS0570    (0)    6 :  0.085 0.148 0.374 0.176 0.217 
275 HI_SS0572    (1)    6 :  0.243 0.413 0.105 0.159 0.080 
276 HI_SS0576    (0)    6 :  0.115 0.216 0.095 0.180 0.394 
277 HI_SS0579    (1)    6 :  0.486 0.116 0.196 0.089 0.114 
278 HI_SS0580    (1)    6 :  0.146 0.272 0.338 0.084 0.160 
279 HI_SS0581    (0)    6 :  0.088 0.138 0.067 0.396 0.312 
280 HI_SS0583    (1)    6 :  0.184 0.215 0.397 0.133 0.070 
281 HI_SS0586    (1)    6 :  0.081 0.085 0.443 0.143 0.247 
282 HI_SS0588    (1)    6 :  0.282 0.135 0.296 0.119 0.169 
283 HI_SS0595    (4)    6 :  0.133 0.135 0.255 0.402 0.076 
284 HI_SS0596    (0)    6 :  0.190 0.513 0.103 0.098 0.097 
285 HI_SS0597    (1)    6 :  0.191 0.348 0.116 0.252 0.093 
286 HI_SS0600    (0)    6 :  0.208 0.113 0.258 0.288 0.133 
287 HI_SS0601    (1)    6 :  0.345 0.046 0.143 0.277 0.188 
288 HI_SS0602    (1)    6 :  0.094 0.151 0.266 0.106 0.382 
289 HI_SS0604    (0)    6 :  0.262 0.216 0.149 0.090 0.283 
290 HI_SS0605    (1)    6 :  0.137 0.137 0.225 0.097 0.404 
291 HI_SS0608    (0)    6 :  0.121 0.301 0.163 0.133 0.282 
292 HI_SS0609    (0)    6 :  0.370 0.206 0.088 0.239 0.097 
293 HI_SS0611    (5)    6 :  0.097 0.101 0.356 0.099 0.347 
294 HI_SS0612    (1)    6 :  0.536 0.144 0.170 0.101 0.049 
295 HI_SS0613    (1)    6 :  0.147 0.102 0.163 0.102 0.486 
296 HI_SS0615    (0)    6 :  0.118 0.337 0.076 0.238 0.231 
297 HI_SS0001    (1)    6 :  0.113 0.330 0.275 0.198 0.084 
298 HI_SS0002    (1)    6 :  0.313 0.228 0.075 0.260 0.124 
299 HI_SS0004    (0)    6 :  0.096 0.286 0.324 0.093 0.201 
300 HI_SS0005    (1)    6 :  0.091 0.098 0.112 0.214 0.485 
301 HI_SS0006    (1)    6 :  0.295 0.096 0.295 0.219 0.095 
302 HI_SS0007    (1)    6 :  0.088 0.125 0.269 0.055 0.464 
303 HI_SS0008    (0)    6 :  0.169 0.111 0.115 0.370 0.236 
304 HI_SS0009    (0)    6 :  0.146 0.323 0.092 0.074 0.366 
305 HI_SS0010    (1)    6 :  0.174 0.115 0.219 0.221 0.271 
306 HI_SS0011    (1)    6 :  0.342 0.091 0.100 0.266 0.202 
307 HI_SS0012    (0)    6 :  0.219 0.142 0.073 0.418 0.148 
308 HI_SS0017    (1)    6 :  0.103 0.516 0.134 0.122 0.125 
309 HI_SS0021    (1)    6 :  0.108 0.129 0.283 0.350 0.130 
310 HI_SS0024    (1)    6 :  0.094 0.248 0.101 0.314 0.243 
311 HI_SS0025    (1)    6 :  0.181 0.391 0.107 0.074 0.247 
312 HI_SS0027    (0)    6 :  0.261 0.121 0.246 0.084 0.288 
313 HI_SS0028    (0)    6 :  0.090 0.151 0.048 0.404 0.307 
314 HI_SS0029    (1)    6 :  0.086 0.328 0.220 0.217 0.149 
315 HI_SS0030    (2)    6 :  0.201 0.193 0.203 0.192 0.212 
316 HI_SS0031    (0)    6 :  0.261 0.164 0.129 0.367 0.079 
317 HI_SS0034    (0)    6 :  0.289 0.148 0.356 0.098 0.108 
318 HI_SS0036    (0)    6 :  0.045 0.095 0.377 0.258 0.225 
319 HI_SS0037    (1)    6 :  0.132 0.124 0.378 0.104 0.261 
320 HI_SS0039    (0)    6 :  0.095 0.092 0.266 0.188 0.360 
321 HI_SS0041    (1)    6 :  0.082 0.250 0.103 0.158 0.407 
322 HI_SS0042    (1)    6 :  0.150 0.258 0.094 0.304 0.194 
323 HI_SS0043    (1)    6 :  0.102 0.065 0.438 0.245 0.149 
324 HI_SS0044    (1)    6 :  0.092 0.406 0.302 0.101 0.099 
325 HI_SS0047    (1)    6 :  0.204 0.265 0.113 0.170 0.249 
326 HI_SS0049    (0)    6 :  0.196 0.423 0.122 0.101 0.157 
327 HI_SS0051    (1)    6 :  0.255 0.074 0.114 0.106 0.452 
328 HI_SS0053    (1)    6 :  0.163 0.089 0.369 0.276 0.103 
329 HI_SS0054    (4)    6 :  0.324 0.056 0.271 0.113 0.236 
330 HI_SS0057    (0)    6 :  0.160 0.166 0.113 0.196 0.366 
331 HI_SS0058    (0)    6 :  0.218 0.195 0.313 0.096 0.178 
332 HI_SS0060    (0)    6 :  0.168 0.075 0.100 0.338 0.319 
333 HI_SS0087    (1)    6 :  0.243 0.141 0.193 0.310 0.114 
334 HI_SS0091    (0)    6 :  0.144 0.070 0.440 0.286 0.060 
335 HI_SS0095    (1)    6 :  0.214 0.127 0.217 0.291 0.151 
336 HI_SS0097    (3)    6 :  0.542 0.080 0.108 0.150 0.122 
337 HI_SS0099    (0)    6 :  0.119 0.349 0.174 0.150 0.209 
338 HI_SS0103    (0)    6 :  0.192 0.326 0.151 0.237 0.093 
339 HI_SS0105    (1)    6 :  0.219 0.082 0.131 0.394 0.174 
340 HI_SS0107    (1)    6 :  0.193 0.460 0.069 0.173 0.105 
341 HI_SS0108    (1)    6 :  0.134 0.087 0.543 0.107 0.128 
342 HI_SS0110    (0)    6 :  0.133 0.151 0.214 0.423 0.078 
343 HI_SS0111    (1)    6 :  0.120 0.155 0.180 0.350 0.194 
344 HI_SS0112    (0)    6 :  0.128 0.133 0.461 0.155 0.123 
345 HI_SS0113    (1)    6 :  0.153 0.345 0.084 0.276 0.141 
346 HI_SS0114    (1)    6 :  0.192 0.071 0.296 0.134 0.307 
347 HI_SS0115    (1)    6 :  0.223 0.321 0.204 0.068 0.183 
348 HI_SS0116    (4)    6 :  0.137 0.342 0.342 0.107 0.072 
349 HI_SS0117    (0)    6 :  0.259 0.093 0.262 0.323 0.064 
350 HI_SS0118    (0)    6 :  0.233 0.162 0.294 0.212 0.099 
351 HI_SS0119    (1)    6 :  0.219 0.055 0.209 0.395 0.122 
352 HI_SS0120    (1)    6 :  0.107 0.466 0.072 0.283 0.072 
353 HI_SS0121    (1)    6 :  0.141 0.058 0.070 0.480 0.250 
354 HI_SS0122    (2)    6 :  0.139 0.146 0.198 0.298 0.219 
355 HI_SS0123    (0)    6 :  0.296 0.169 0.179 0.273 0.083 
356 HI_SS0124    (1)    6 :  0.134 0.486 0.074 0.104 0.202 
357 HI_SS0125    (1)    6 :  0.153 0.258 0.081 0.264 0.245 
358 HI_SS0126    (0)    6 :  0.090 0.254 0.454 0.110 0.093 
359 HI_SS0127    (0)    6 :  0.217 0.086 0.132 0.109 0.457 
360 HI_SS0128    (0)    6 :  0.221 0.304 0.160 0.221 0.095 
361 HI_SS0129    (1)    6 :  0.104 0.206 0.335 0.167 0.188 
362 HI_SS0131    (2)    6 :  0.215 0.066 0.237 0.136 0.346 
363 HI_SS0132    (0)    6 :  0.221 0.102 0.175 0.352 0.150 
364 HI_SS0133    (1)    6 :  0.090 0.140 0.514 0.100 0.155 
365 HI_SS0134    (1)    6 :  0.282 0.167 0.225 0.181 0.144 
366 HI_SS0142    (3)    6 :  0.319 0.073 0.132 0.316 0.160 
367 HI_SS0145    (0)    6 :  0.346 0.190 0.228 0.123 0.114 
368 HI_SS0146    (1)    6 :  0.311 0.126 0.267 0.108 0.188 
369 HI_SS0147    (1)    6 :  0.191 0.108 0.096 0.151 0.454 
370 HI_SS0149    (1)    6 :  0.153 0.074 0.152 0.534 0.087 
371 HI_SS0150    (2)    6 :  0.160 0.254 0.090 0.183 0.313 
372 HI_SS0151    (0)    6 :  0.226 0.270 0.212 0.071 0.221 
373 NS_SS1451    (1)    6 :  0.121 0.339 0.078 0.199 0.262 
374 NS_SS1404    (0)    6 :  0.106 0.161 0.140 0.159 0.434 
375 NS_SS1432    (2)    6 :  0.057 0.324 0.072 0.437 0.110 
376 NS_SS1405    (4)    6 :  0.108 0.374 0.196 0.180 0.141 
377 NS_SS1431   (10)    6 :  0.124 0.330 0.085 0.338 0.123 
378 NS_SS1402    (3)    6 :  0.210 0.173 0.221 0.291 0.104 
379 NS_SS1450    (3)    6 :  0.097 0.283 0.325 0.100 0.195 
380 NS_SS1396    (0)    6 :  0.165 0.175 0.157 0.260 0.242 
381 NS_SS1393    (5)    6 :  0.170 0.179 0.293 0.167 0.190 
382 NS_SS1392   (10)    6 :  0.079 0.438 0.127 0.104 0.252 
383 NS_SS1445    (0)    6 :  0.199 0.074 0.293 0.239 0.195 
384 NS_SS1423    (0)    6 :  0.167 0.197 0.229 0.336 0.071 
385 NS_SS1421    (9)    6 :  0.178 0.158 0.202 0.290 0.172 
386 NS_SS1411    (6)    6 :  0.092 0.101 0.284 0.070 0.454 
387 NS_SS1453    (5)    6 :  0.111 0.097 0.287 0.356 0.148 
388 NS_SS1442    (2)    6 :  0.369 0.171 0.152 0.135 0.174 
389 NS_SS1422    (1)    6 :  0.399 0.198 0.168 0.147 0.088 
390 NS_SS1419    (1)    6 :  0.409 0.105 0.114 0.103 0.269 
391 NS_SS1427    (0)    6 :  0.070 0.249 0.474 0.130 0.076 
392 NS_SS1444    (3)    6 :  0.218 0.232 0.110 0.119 0.321 
393 NS_SS1455    (0)    6 :  0.314 0.334 0.082 0.171 0.100 
394 NS_SS1425    (2)    6 :  0.219 0.068 0.394 0.161 0.158 
395 NS_SS1400    (0)    6 :  0.224 0.126 0.344 0.115 0.191 
396 NS_SS1406    (1)    6 :  0.367 0.138 0.052 0.350 0.094 
397 NS_SS1417    (6)    6 :  0.225 0.200 0.214 0.186 0.175 
398 NS_SS1454    (2)    6 :  0.094 0.098 0.274 0.358 0.176 
399 NS_SS1412    (1)    6 :  0.128 0.211 0.275 0.159 0.227 
400 NS_SS1438    (1)    6 :  0.231 0.055 0.348 0.118 0.248 
401 NS_SS1416    (4)    6 :  0.207 0.175 0.192 0.223 0.203 
402 NS_SS1401    (0)    6 :  0.203 0.130 0.179 0.383 0.106 
403 NS_SS1424    (6)    6 :  0.156 0.104 0.187 0.381 0.172 
404 NS_SS1435    (9)    6 :  0.086 0.278 0.146 0.220 0.269 
405 NS_SS1447    (4)    6 :  0.272 0.171 0.088 0.169 0.301 
406 NS_SS1414    (3)    6 :  0.198 0.250 0.091 0.099 0.362 
407 NS_SS1449   (14)    6 :  0.201 0.211 0.164 0.281 0.143 
408 NS_SS1443    (4)    6 :  0.295 0.178 0.344 0.116 0.067 
409 NS_SS1434    (1)    6 :  0.183 0.450 0.214 0.081 0.072 
410 NS_SS1398    (1)    6 :  0.123 0.364 0.146 0.193 0.173 
411 NS_SS1426    (1)    6 :  0.135 0.126 0.391 0.189 0.158 
412 NS_SS1413    (0)    6 :  0.176 0.291 0.288 0.125 0.119 
413 NS_SS1395    (1)    6 :  0.195 0.112 0.288 0.298 0.107 
414 NS_SS1448   (10)    6 :  0.080 0.219 0.234 0.112 0.355 
415 NS_SS1446    (0)    6 :  0.187 0.132 0.312 0.242 0.127 
416 NS_SS1403    (2)    6 :  0.102 0.164 0.111 0.491 0.132 
417 NS_SS1415    (0)    6 :  0.152 0.153 0.313 0.147 0.235 
418 NS_SS1437    (4)    6 :  0.134 0.141 0.123 0.420 0.182 
419 NS_SS1439    (2)    6 :  0.372 0.132 0.174 0.187 0.135 
420 NS_SS1441    (3)    6 :  0.232 0.242 0.294 0.148 0.084 
421 NS_SS1420    (2)    6 :  0.084 0.147 0.093 0.047 0.629 
422 NS_SS1394    (2)    6 :  0.112 0.210 0.088 0.246 0.345 
423 NS_SS1391    (7)    6 :  0.093 0.403 0.267 0.152 0.086 
424 NS_SS1410    (5)    6 :  0.155 0.165 0.244 0.295 0.141 
425 NS_SS1408    (1)    6 :  0.216 0.128 0.116 0.328 0.211 
426 NS_SS1409    (1)    6 :  0.182 0.361 0.253 0.140 0.064 
427 HI_SS0617    (1)    7 :  0.145 0.286 0.312 0.109 0.147 
428 HI_SS0618    (2)    7 :  0.223 0.291 0.130 0.116 0.240 
429 HI_SS0619    (0)    7 :  0.114 0.336 0.216 0.133 0.201 
430 HI_SS0620    (1)    7 :  0.108 0.111 0.437 0.054 0.290 
431 HI_SS0621    (3)    7 :  0.207 0.211 0.131 0.250 0.201 
432 HI_SS0622    (1)    7 :  0.284 0.179 0.188 0.115 0.235 
433 HI_SS0626    (0)    7 :  0.087 0.091 0.144 0.212 0.466 
434 HI_SS0627    (0)    7 :  0.105 0.197 0.095 0.471 0.132 
435 HI_SS0628    (3)    7 :  0.080 0.161 0.332 0.248 0.179 
436 HI_SS0629    (1)    7 :  0.180 0.098 0.222 0.311 0.190 
437 HI_SS0630    (1)    7 :  0.183 0.183 0.263 0.106 0.266 
438 HI_SS0631    (0)    7 :  0.135 0.130 0.248 0.169 0.318 
439 HI_SS0632    (0)    7 :  0.237 0.117 0.132 0.126 0.388 
440 HI_SS0633    (0)    7 :  0.153 0.486 0.187 0.078 0.097 
441 HI_SS0634    (1)    7 :  0.108 0.121 0.192 0.318 0.261 
442 HI_SS0635    (0)    7 :  0.170 0.200 0.097 0.203 0.329 
443 HI_SS0637    (1)    7 :  0.256 0.059 0.150 0.234 0.302 
444 HI_SS0638    (0)    7 :  0.171 0.289 0.176 0.164 0.198 
445 HI_SS0639    (1)    7 :  0.216 0.194 0.101 0.215 0.274 
446 HI_SS0640    (1)    7 :  0.377 0.187 0.124 0.118 0.194 
447 HI_SS0641    (1)    7 :  0.107 0.088 0.312 0.120 0.373 
448 HI_SS0642    (0)    7 :  0.148 0.135 0.077 0.538 0.103 
449 HI_SS0645    (0)    7 :  0.145 0.281 0.068 0.083 0.422 
450 HI_SS0646    (1)    7 :  0.240 0.311 0.189 0.180 0.080 
451 HI_SS0647    (1)    7 :  0.148 0.322 0.160 0.203 0.166 
452 HI_SS0648    (0)    7 :  0.229 0.204 0.167 0.160 0.239 
453 HI_SS0649    (1)    7 :  0.249 0.231 0.198 0.174 0.148 
454 HI_SS0650    (1)    7 :  0.121 0.484 0.123 0.155 0.117 
455 HI_SS0651    (1)    7 :  0.258 0.244 0.153 0.176 0.169 
456 HI_SS0652    (1)    7 :  0.092 0.249 0.091 0.084 0.485 
457 NS_SS1371    (3)    7 :  0.184 0.161 0.253 0.329 0.073 
458 NS_SS1374    (0)    7 :  0.062 0.131 0.294 0.305 0.209 
459 NS_SS1337    (3)    7 :  0.091 0.165 0.090 0.272 0.382 
460 NS_SS1385    (5)    7 :  0.247 0.310 0.160 0.175 0.108 
461 NS_SS1388    (0)    7 :  0.098 0.322 0.223 0.202 0.155 
462 NS_SS1370    (1)    7 :  0.106 0.059 0.071 0.113 0.651 
463 NS_SS1389    (3)    7 :  0.089 0.339 0.144 0.155 0.272 
464 NS_SS1360    (1)    7 :  0.227 0.096 0.221 0.158 0.297 
465 NS_SS1330    (0)    7 :  0.245 0.219 0.090 0.125 0.320 
466 NS_SS1328    (8)    7 :  0.124 0.377 0.295 0.136 0.068 
467 NS_SS1384    (1)    7 :  0.306 0.079 0.193 0.216 0.205 
468 NS_SS1381    (0)    7 :  0.192 0.512 0.075 0.120 0.101 
469 NS_SS1375    (1)    7 :  0.073 0.426 0.140 0.147 0.214 
470 NS_SS1319   (10)    7 :  0.123 0.177 0.203 0.291 0.206 
471 NS_SS1326    (2)    7 :  0.086 0.273 0.403 0.140 0.097 
472 NS_SS1341    (1)    7 :  0.211 0.065 0.223 0.397 0.104 
473 NS_SS1383    (1)    7 :  0.104 0.071 0.123 0.492 0.210 
474 NS_SS1318    (3)    7 :  0.220 0.200 0.165 0.104 0.311 
475 NS_SS1348    (2)    7 :  0.236 0.074 0.330 0.188 0.172 
476 NS_SS1363    (0)    7 :  0.231 0.152 0.111 0.211 0.295 
477 NS_SS1335    (4)    7 :  0.334 0.059 0.199 0.194 0.215 
478 NS_SS1358    (0)    7 :  0.334 0.105 0.209 0.236 0.117 
479 NS_SS1342    (1)    7 :  0.219 0.093 0.242 0.390 0.056 
480 NS_SS1320    (2)    7 :  0.212 0.596 0.044 0.086 0.062 
481 NS_SS1355    (1)    7 :  0.384 0.190 0.107 0.125 0.194 
482 NS_SS1345    (1)    7 :  0.593 0.126 0.056 0.079 0.145 
483 NS_SS1324    (0)    7 :  0.200 0.133 0.263 0.221 0.183 
484 NS_SS1347    (5)    7 :  0.288 0.148 0.145 0.285 0.134 
485 NS_SS1321    (4)    7 :  0.094 0.097 0.313 0.337 0.159 
486 NS_SS1333    (0)    7 :  0.059 0.118 0.311 0.406 0.107 
487 NS_SS1364    (1)    7 :  0.416 0.113 0.196 0.153 0.121 
488 NS_SS1379    (0)    7 :  0.243 0.334 0.122 0.141 0.159 
489 NS_SS1332    (0)    7 :  0.114 0.138 0.399 0.237 0.112 
490 NS_SS1338    (5)    7 :  0.123 0.100 0.219 0.207 0.352 
491 NS_SS1368    (6)    7 :  0.235 0.112 0.286 0.287 0.080 
492 NS_SS1354    (1)    7 :  0.258 0.166 0.138 0.279 0.159 
493 NS_SS1365    (0)    7 :  0.191 0.234 0.121 0.175 0.279 
494 NS_SS1380    (1)    7 :  0.287 0.177 0.102 0.186 0.247 
495 NS_SS1329    (8)    7 :  0.186 0.101 0.233 0.425 0.055 
496 NS_SS1362    (0)    7 :  0.197 0.210 0.186 0.296 0.111 
497 NS_SS1327    (2)    7 :  0.074 0.102 0.589 0.115 0.121 
498 NS_SS1350    (0)    7 :  0.119 0.393 0.268 0.142 0.078 
499 NS_SS1387    (2)    7 :  0.167 0.139 0.148 0.141 0.404 
500 NS_SS1369    (8)    7 :  0.292 0.094 0.285 0.105 0.224 
501 NS_SS1331    (1)    7 :  0.082 0.171 0.213 0.241 0.293 
502 NS_SS1357    (4)    7 :  0.130 0.429 0.262 0.124 0.054 
503 NS_SS1386    (1)    7 :  0.173 0.061 0.414 0.289 0.064 
504 NS_SS1353    (2)    7 :  0.132 0.401 0.166 0.205 0.097 
505 NS_SS1323    (0)    7 :  0.260 0.213 0.084 0.285 0.158 
506 HI_SS0296    (0)    8 :  0.197 0.140 0.269 0.068 0.326 
507 HI_SS0297    (0)    8 :  0.091 0.289 0.115 0.402 0.103 
508 HI_SS0299    (0)    8 :  0.281 0.127 0.181 0.167 0.244 
509 HI_SS0300    (0)    8 :  0.336 0.147 0.154 0.079 0.284 
510 HI_SS0301    (0)    8 :  0.169 0.053 0.078 0.261 0.439 
511 HI_SS0302    (0)    8 :  0.195 0.085 0.237 0.081 0.402 
512 HI_SS0303    (0)    8 :  0.165 0.299 0.349 0.097 0.091 
513 HI_SS0304    (0)    8 :  0.063 0.343 0.182 0.157 0.255 
514 HI_SS0306    (5)    8 :  0.117 0.106 0.341 0.096 0.339 
515 HI_SS0307    (1)    8 :  0.246 0.209 0.132 0.199 0.214 
516 HI_SS0308    (1)    8 :  0.305 0.095 0.096 0.326 0.178 
517 HI_SS0309    (0)    8 :  0.413 0.091 0.116 0.171 0.210 
518 HI_SS0310    (0)    8 :  0.180 0.341 0.182 0.112 0.184 
519 HI_SS0311    (3)    8 :  0.212 0.091 0.144 0.173 0.380 
520 HI_SS0314    (0)    8 :  0.117 0.424 0.183 0.185 0.091 
521 HI_SS0316    (1)    8 :  0.231 0.191 0.262 0.174 0.142 
522 HI_SS0317    (3)    8 :  0.148 0.102 0.112 0.382 0.257 
523 HI_SS0318    (1)    8 :  0.144 0.072 0.305 0.318 0.160 
524 HI_SS0319    (0)    8 :  0.271 0.089 0.491 0.085 0.064 
525 HI_SS0320    (3)    8 :  0.054 0.262 0.096 0.481 0.108 
526 HI_SS0321    (0)    8 :  0.163 0.122 0.188 0.389 0.138 
527 HI_SS0323    (1)    8 :  0.128 0.158 0.327 0.118 0.269 
528 HI_SS0325    (2)    8 :  0.124 0.094 0.284 0.117 0.381 
529 HI_SS0327    (1)    8 :  0.303 0.175 0.322 0.159 0.042 
530 HI_SS0329    (1)    8 :  0.121 0.233 0.129 0.237 0.281 
531 HI_SS0333    (1)    8 :  0.183 0.199 0.188 0.268 0.163 
532 HI_SS0334    (1)    8 :  0.244 0.097 0.293 0.184 0.182 
533 HI_SS0335    (1)    8 :  0.423 0.150 0.084 0.181 0.163 
534 HI_SS0339    (0)    8 :  0.326 0.160 0.105 0.153 0.256 
535 HI_SS0343    (2)    8 :  0.348 0.180 0.105 0.269 0.098 
536 HI_SS0344    (1)    8 :  0.112 0.082 0.543 0.153 0.109 
537 HI_SS0345    (3)    8 :  0.237 0.125 0.140 0.224 0.274 
538 HI_SS0346    (0)    8 :  0.088 0.109 0.219 0.382 0.201 
539 HI_SS0350    (1)    8 :  0.502 0.186 0.057 0.083 0.173 
540 HI_SS0351    (0)    8 :  0.446 0.103 0.118 0.214 0.120 
541 HI_SS0352    (3)    8 :  0.271 0.175 0.128 0.265 0.160 
542 HI_SS0362    (0)    8 :  0.134 0.124 0.147 0.124 0.472 
543 HI_SS0363    (1)    8 :  0.271 0.156 0.367 0.117 0.090 
544 HI_SS0365    (0)    8 :  0.277 0.179 0.314 0.138 0.092 
545 HI_SS0366    (0)    8 :  0.169 0.107 0.461 0.095 0.169 
546 HI_SS0367    (1)    8 :  0.210 0.316 0.108 0.237 0.129 
547 HI_SS0369    (1)    8 :  0.218 0.238 0.111 0.148 0.285 
548 HI_SS0370    (0)    8 :  0.167 0.357 0.163 0.235 0.079 
549 HI_SS0371    (4)    8 :  0.127 0.104 0.331 0.161 0.277 
550 HI_SS0373    (3)    8 :  0.177 0.261 0.203 0.152 0.208 
551 HI_SS0374    (0)    8 :  0.198 0.284 0.112 0.236 0.170 
552 HI_SS0377    (0)    8 :  0.408 0.070 0.180 0.150 0.192 
553 HI_SS0379    (1)    8 :  0.116 0.061 0.537 0.197 0.089 
554 HI_SS0380    (1)    8 :  0.265 0.225 0.130 0.185 0.195 
555 HI_SS0381    (2)    8 :  0.326 0.099 0.079 0.262 0.235 
556 HI_SS0384    (3)    8 :  0.061 0.279 0.299 0.203 0.158 
557 HI_SS0385    (1)    8 :  0.077 0.256 0.234 0.150 0.283 


Estimated Allele Frequencies in each cluster
First column gives estimated ancestral frequencies


Locus 1 : 
2 alleles
3.4% missing data
   1   (0.737) 0.731 0.769 0.722 0.789 0.683 
   2   (0.263) 0.269 0.231 0.278 0.211 0.317 

Locus 2 : 
2 alleles
4.3% missing data
   1   (0.887) 0.908 0.837 0.913 0.878 0.910 
   2   (0.113) 0.092 0.163 0.087 0.122 0.090 

Locus 3 : 
2 alleles
3.9% missing data
   1   (0.861) 0.884 0.860 0.868 0.867 0.857 
   2   (0.139) 0.116 0.140 0.132 0.133 0.143 

Locus 4 : 
2 alleles
2.7% missing data
   1   (0.887) 0.914 0.908 0.912 0.836 0.894 
   2   (0.113) 0.086 0.092 0.088 0.164 0.106 

Locus 5 : 
2 alleles
2.7% missing data
   1   (0.823) 0.826 0.792 0.804 0.863 0.837 
   2   (0.177) 0.174 0.208 0.196 0.137 0.163 

Locus 6 : 
2 alleles
3.2% missing data
   1   (0.791) 0.776 0.809 0.757 0.816 0.813 
   2   (0.209) 0.224 0.191 0.243 0.184 0.187 

Locus 7 : 
2 alleles
3.8% missing data
   1   (0.801) 0.812 0.836 0.798 0.792 0.798 
   2   (0.199) 0.188 0.164 0.202 0.208 0.202 

Locus 8 : 
2 alleles
4.8% missing data
   1   (0.705) 0.699 0.692 0.687 0.729 0.727 
   2   (0.295) 0.301 0.308 0.313 0.271 0.273 

Locus 9 : 
2 alleles
3.1% missing data
   1   (0.792) 0.784 0.823 0.735 0.827 0.806 
   2   (0.208) 0.216 0.177 0.265 0.173 0.194 

Locus 10 : 
2 alleles
4.7% missing data
   1   (0.887) 0.891 0.932 0.890 0.862 0.895 
   2   (0.113) 0.109 0.068 0.110 0.138 0.105 

Locus 11 : 
2 alleles
3.2% missing data
   1   (0.861) 0.897 0.895 0.844 0.840 0.855 
   2   (0.139) 0.103 0.105 0.156 0.160 0.145 

Locus 12 : 
2 alleles
4.8% missing data
   1   (0.731) 0.721 0.701 0.739 0.765 0.739 
   2   (0.269) 0.279 0.299 0.261 0.235 0.261 

Locus 13 : 
2 alleles
4.7% missing data
   1   (0.886) 0.881 0.909 0.877 0.917 0.871 
   2   (0.114) 0.119 0.091 0.123 0.083 0.129 

Locus 14 : 
2 alleles
3.9% missing data
   1   (0.873) 0.872 0.914 0.876 0.859 0.883 
   2   (0.127) 0.128 0.086 0.124 0.141 0.117 

Locus 15 : 
2 alleles
3.9% missing data
   1   (0.505) 0.492 0.484 0.528 0.509 0.515 
   2   (0.495) 0.508 0.516 0.472 0.491 0.485 

Locus 16 : 
2 alleles
4.3% missing data
   1   (0.606) 0.616 0.625 0.552 0.563 0.683 
   2   (0.394) 0.384 0.375 0.448 0.437 0.317 

Locus 17 : 
2 alleles
4.1% missing data
   1   (0.774) 0.800 0.757 0.755 0.777 0.792 
   2   (0.226) 0.200 0.243 0.245 0.223 0.208 

Locus 18 : 
2 alleles
2.3% missing data
   1   (0.892) 0.881 0.892 0.926 0.895 0.902 
   2   (0.108) 0.119 0.108 0.074 0.105 0.098 

Locus 19 : 
2 alleles
4.3% missing data
   1   (0.709) 0.727 0.698 0.702 0.681 0.754 
   2   (0.291) 0.273 0.302 0.298 0.319 0.246 

Locus 20 : 
2 alleles
3.2% missing data
   1   (0.882) 0.843 0.923 0.911 0.852 0.909 
   2   (0.118) 0.157 0.077 0.089 0.148 0.091 

Locus 21 : 
2 alleles
3.4% missing data
   1   (0.560) 0.631 0.576 0.456 0.559 0.566 
   2   (0.440) 0.369 0.424 0.544 0.441 0.434 

Locus 22 : 
2 alleles
4.8% missing data
   1   (0.853) 0.870 0.846 0.847 0.871 0.856 
   2   (0.147) 0.130 0.154 0.153 0.129 0.144 

Locus 23 : 
2 alleles
4.3% missing data
   1   (0.883) 0.913 0.840 0.888 0.902 0.883 
   2   (0.117) 0.087 0.160 0.112 0.098 0.117 

Locus 24 : 
2 alleles
3.2% missing data
   1   (0.544) 0.516 0.514 0.531 0.587 0.564 
   2   (0.456) 0.484 0.486 0.469 0.413 0.436 

Locus 25 : 
2 alleles
4.3% missing data
   2   (0.468) 0.448 0.505 0.511 0.413 0.479 
   1   (0.532) 0.552 0.495 0.489 0.587 0.521 

Locus 26 : 
2 alleles
4.3% missing data
   1   (0.840) 0.842 0.810 0.871 0.830 0.868 
   2   (0.160) 0.158 0.190 0.129 0.170 0.132 

Locus 27 : 
2 alleles
2.2% missing data
   1   (0.600) 0.584 0.562 0.645 0.587 0.632 
   2   (0.400) 0.416 0.438 0.355 0.413 0.368 

Locus 28 : 
2 alleles
4.1% missing data
   1   (0.859) 0.826 0.911 0.886 0.834 0.875 
   2   (0.141) 0.174 0.089 0.114 0.166 0.125 

Locus 29 : 
2 alleles
1.8% missing data
   1   (0.878) 0.896 0.884 0.876 0.889 0.879 
   2   (0.122) 0.104 0.116 0.124 0.111 0.121 

Locus 30 : 
2 alleles
4.5% missing data
   1   (0.865) 0.889 0.860 0.880 0.843 0.884 
   2   (0.135) 0.111 0.140 0.120 0.157 0.116 

Locus 31 : 
2 alleles
4.3% missing data
   1   (0.787) 0.744 0.813 0.806 0.778 0.820 
   2   (0.213) 0.256 0.187 0.194 0.222 0.180 

Locus 32 : 
2 alleles
