

----------------------------------------------------
STRUCTURE by Pritchard, Stephens and Donnelly (2000)
     and Falush, Stephens and Pritchard (2003)
       Code by Pritchard, Falush and Hubisz
             Version 2.3.4 (Jul 2012)
----------------------------------------------------



Command line arguments:   /home/genobiwan/Documents/Programs/Structure/structure -m parameter_job_k6_r2 
Input File:    /media/genobiwan/Storage/Projets/Mackerel_NWA_2021/data_job_k6_r2

Run parameters:
   557 individuals
   3930 loci
   6 populations assumed
   10000 Burn-in period
   100000 Reps


--------------------------------------------
Proportion of membership of each pre-defined
 population in each of the 6 clusters

Given    Inferred Clusters                            Number of
 Pop       1      2      3      4      5      6      Individuals

  1:     0.154  0.154  0.176  0.190  0.154  0.171       67
  2:     0.177  0.135  0.180  0.145  0.210  0.152       32
  3:     0.181  0.154  0.165  0.183  0.155  0.162       92
  4:     0.160  0.181  0.140  0.147  0.176  0.195       36
  5:     0.161  0.178  0.142  0.198  0.168  0.153       41
  6:     0.163  0.176  0.163  0.156  0.165  0.177      158
  7:     0.167  0.166  0.170  0.163  0.163  0.173       79
  8:     0.168  0.181  0.161  0.182  0.147  0.161       52
--------------------------------------------

Allele-freq. divergence among pops (Net nucleotide distance),
computed using point estimates of P.

      1       2       3       4       5       6      
 1      -    0.0042  0.0037  0.0031  0.0044  0.0033  
 2   0.0042     -    0.0050  0.0042  0.0048  0.0038  
 3   0.0037  0.0050     -    0.0040  0.0047  0.0038  
 4   0.0031  0.0042  0.0040     -    0.0041  0.0029  
 5   0.0044  0.0048  0.0047  0.0041     -    0.0039  
 6   0.0033  0.0038  0.0038  0.0029  0.0039     -    

Average distances (expected heterozygosity) between individuals in same cluster:
cluster  1  : 0.3108 
cluster  2  : 0.3100 
cluster  3  : 0.3102 
cluster  4  : 0.3114 
cluster  5  : 0.3125 
cluster  6  : 0.3126 

--------------------------------------------
Estimated Ln Prob of Data   = -2083448.6
Mean value of ln likelihood = -2060700.9
Variance of ln likelihood   = 45495.4
Mean value of alpha         = 1.5454

Mean value of Fst_1         = 0.0393
Mean value of Fst_2         = 0.0461
Mean value of Fst_3         = 0.0466
Mean value of Fst_4         = 0.0383
Mean value of Fst_5         = 0.0471
Mean value of Fst_6         = 0.0358


Inferred ancestry of individuals:
        Label (%Miss) Pop:  Inferred clusters
  1 NS_SS0963    (4)    1 :  0.204 0.091 0.063 0.209 0.164 0.269 
  2 NS_SS0983    (1)    1 :  0.143 0.321 0.056 0.171 0.176 0.132 
  3 NS_SS0719    (8)    1 :  0.226 0.147 0.118 0.121 0.146 0.240 
  4 NS_SS1001    (8)    1 :  0.167 0.093 0.210 0.203 0.258 0.069 
  5 NS_SS0936    (4)    1 :  0.089 0.080 0.138 0.262 0.229 0.203 
  6 NS_SS0955    (5)    1 :  0.197 0.187 0.057 0.211 0.127 0.220 
  7 NS_SS0944    (3)    1 :  0.211 0.177 0.083 0.282 0.156 0.090 
  8 NS_SS0945    (3)    1 :  0.102 0.198 0.292 0.148 0.131 0.129 
  9 NS_SS0922    (2)    1 :  0.200 0.085 0.168 0.112 0.291 0.145 
 10 NS_SS0929    (7)    1 :  0.093 0.219 0.131 0.243 0.128 0.187 
 11 NS_SS0956    (2)    1 :  0.374 0.076 0.199 0.123 0.141 0.086 
 12 NS_SS0906    (3)    1 :  0.097 0.184 0.129 0.331 0.115 0.144 
 13 NS_SS0721    (6)    1 :  0.369 0.125 0.131 0.095 0.136 0.144 
 14 NS_SS0982    (4)    1 :  0.164 0.115 0.168 0.243 0.097 0.213 
 15 NS_SS0923    (5)    1 :  0.115 0.111 0.271 0.225 0.144 0.134 
 16 NS_SS0905    (6)    1 :  0.090 0.159 0.307 0.229 0.125 0.090 
 17 NS_SS0925    (3)    1 :  0.164 0.055 0.103 0.290 0.279 0.109 
 18 NS_SS0947    (5)    1 :  0.113 0.104 0.154 0.222 0.227 0.180 
 19 NS_SS0926    (2)    1 :  0.079 0.303 0.129 0.141 0.054 0.295 
 20 NS_SS0918    (6)    1 :  0.120 0.072 0.201 0.428 0.059 0.120 
 21 NS_SS0966    (4)    1 :  0.104 0.098 0.152 0.310 0.125 0.211 
 22 NS_SS0938    (2)    1 :  0.114 0.075 0.126 0.096 0.234 0.354 
 23 NS_SS0917    (2)    1 :  0.123 0.243 0.173 0.064 0.143 0.254 
 24 NS_SS0957   (11)    1 :  0.278 0.135 0.232 0.146 0.084 0.125 
 25 NS_SS0987    (1)    1 :  0.315 0.136 0.224 0.161 0.051 0.113 
 26 NS_SS0717    (4)    1 :  0.156 0.091 0.319 0.185 0.188 0.061 
 27 NS_SS0986    (2)    1 :  0.205 0.208 0.207 0.174 0.050 0.155 
 28 NS_SS0953    (4)    1 :  0.134 0.081 0.155 0.329 0.236 0.065 
 29 NS_SS0907    (3)    1 :  0.079 0.156 0.124 0.403 0.088 0.150 
 30 NS_SS0974    (6)    1 :  0.081 0.167 0.178 0.197 0.248 0.128 
 31 NS_SS0989    (1)    1 :  0.106 0.284 0.069 0.057 0.227 0.257 
 32 NS_SS0991    (2)    1 :  0.267 0.203 0.071 0.317 0.060 0.081 
 33 NS_SS0994    (2)    1 :  0.091 0.422 0.095 0.077 0.207 0.108 
 34 NS_SS0931    (6)    1 :  0.230 0.242 0.081 0.199 0.059 0.189 
 35 NS_SS1000    (5)    1 :  0.088 0.092 0.272 0.210 0.173 0.165 
 36 NS_SS0919    (1)    1 :  0.061 0.168 0.119 0.216 0.074 0.362 
 37 NS_SS0949    (3)    1 :  0.197 0.211 0.052 0.074 0.245 0.222 
 38 NS_SS0960   (10)    1 :  0.132 0.224 0.183 0.227 0.116 0.118 
 39 NS_SS0716    (2)    1 :  0.143 0.101 0.583 0.053 0.056 0.065 
 40 NS_SS0924    (8)    1 :  0.139 0.183 0.140 0.278 0.120 0.141 
 41 NS_SS0935    (1)    1 :  0.192 0.302 0.139 0.182 0.109 0.075 
 42 NS_SS0952   (13)    1 :  0.085 0.270 0.104 0.270 0.112 0.159 
 43 NS_SS0962   (10)    1 :  0.111 0.096 0.262 0.121 0.125 0.285 
 44 NS_SS0973    (5)    1 :  0.155 0.121 0.069 0.283 0.257 0.115 
 45 NS_SS0722    (1)    1 :  0.088 0.073 0.272 0.247 0.257 0.063 
 46 NS_SS0979   (13)    1 :  0.201 0.088 0.252 0.208 0.083 0.167 
 47 NS_SS0993    (2)    1 :  0.169 0.050 0.130 0.272 0.244 0.135 
 48 NS_SS0958    (1)    1 :  0.082 0.274 0.237 0.180 0.127 0.100 
 49 NS_SS0988    (4)    1 :  0.096 0.169 0.187 0.201 0.057 0.290 
 50 NS_SS1003    (2)    1 :  0.283 0.047 0.060 0.103 0.052 0.455 
 51 NS_SS0976    (0)    1 :  0.130 0.246 0.076 0.214 0.103 0.232 
 52 NS_SS0964   (10)    1 :  0.222 0.073 0.255 0.102 0.273 0.075 
 53 NS_SS0939    (4)    1 :  0.200 0.064 0.482 0.050 0.080 0.123 
 54 NS_SS0990    (6)    1 :  0.147 0.223 0.266 0.052 0.060 0.253 
 55 NS_SS0984    (2)    1 :  0.097 0.068 0.325 0.133 0.215 0.161 
 56 NS_SS0980    (9)    1 :  0.067 0.088 0.120 0.252 0.352 0.120 
 57 NS_SS0978    (4)    1 :  0.098 0.124 0.126 0.176 0.257 0.219 
 58 NS_SS0951   (17)    1 :  0.243 0.207 0.169 0.247 0.067 0.066 
 59 NS_SS0913    (3)    1 :  0.254 0.112 0.260 0.140 0.146 0.088 
 60 NS_SS1002    (1)    1 :  0.051 0.069 0.159 0.199 0.087 0.434 
 61 NS_SS0948    (1)    1 :  0.139 0.156 0.164 0.282 0.087 0.172 
 62 NS_SS0916    (4)    1 :  0.105 0.165 0.131 0.076 0.339 0.183 
 63 NS_SS0995    (1)    1 :  0.132 0.094 0.234 0.100 0.291 0.148 
 64 NS_SS0927    (6)    1 :  0.072 0.232 0.195 0.090 0.206 0.205 
 65 NS_SS0992    (5)    1 :  0.084 0.190 0.109 0.113 0.289 0.215 
 66 NS_SS0912    (1)    1 :  0.277 0.201 0.180 0.149 0.052 0.142 
 67 NS_SS0981    (1)    1 :  0.166 0.092 0.184 0.250 0.047 0.261 
 68 NS_SS0729    (5)    2 :  0.073 0.278 0.049 0.166 0.332 0.102 
 69 NS_SS0967   (14)    2 :  0.097 0.091 0.119 0.260 0.144 0.290 
 70 NS_SS0941    (7)    2 :  0.161 0.116 0.134 0.111 0.309 0.170 
 71 NS_SS0768   (12)    2 :  0.298 0.123 0.132 0.186 0.116 0.144 
 72 NS_SS0726    (4)    2 :  0.091 0.165 0.042 0.109 0.367 0.225 
 73 NS_SS0763    (4)    2 :  0.096 0.269 0.130 0.165 0.204 0.136 
 74 NS_SS0730    (6)    2 :  0.139 0.089 0.337 0.100 0.126 0.210 
 75 NS_SS0774    (1)    2 :  0.078 0.069 0.289 0.160 0.255 0.149 
 76 NS_SS0723    (3)    2 :  0.145 0.052 0.179 0.173 0.194 0.257 
 77 NS_SS0940    (9)    2 :  0.135 0.187 0.198 0.085 0.223 0.171 
 78 NS_SS0762    (1)    2 :  0.125 0.058 0.300 0.156 0.294 0.066 
 79 NS_SS0766   (11)    2 :  0.131 0.169 0.315 0.070 0.240 0.075 
 80 NS_SS0724    (1)    2 :  0.267 0.081 0.120 0.258 0.190 0.083 
 81 NS_SS0769    (3)    2 :  0.125 0.137 0.249 0.136 0.081 0.272 
 82 NS_SS0777    (2)    2 :  0.155 0.243 0.175 0.192 0.061 0.173 
 83 NS_SS0734    (6)    2 :  0.272 0.173 0.180 0.098 0.160 0.117 
 84 NS_SS0737    (3)    2 :  0.101 0.064 0.238 0.087 0.401 0.108 
 85 NS_SS0732    (5)    2 :  0.326 0.067 0.189 0.198 0.133 0.086 
 86 NS_SS0728    (5)    2 :  0.207 0.122 0.158 0.101 0.292 0.119 
 87 NS_SS0735    (9)    2 :  0.245 0.079 0.102 0.165 0.350 0.060 
 88 NS_SS0725    (1)    2 :  0.230 0.081 0.110 0.092 0.304 0.183 
 89 NS_SS0788    (2)    2 :  0.113 0.122 0.156 0.094 0.131 0.384 
 90 NS_SS0778    (2)    2 :  0.182 0.194 0.098 0.112 0.093 0.321 
 91 NS_SS0792    (6)    2 :  0.232 0.159 0.131 0.183 0.192 0.102 
 92 NS_SS0943   (11)    2 :  0.238 0.256 0.049 0.259 0.105 0.092 
 93 NS_SS0791    (2)    2 :  0.245 0.177 0.139 0.062 0.291 0.086 
 94 NS_SS0790    (5)    2 :  0.279 0.044 0.190 0.264 0.127 0.094 
 95 NS_SS0731    (6)    2 :  0.308 0.093 0.285 0.139 0.067 0.108 
 96 NS_SS0727    (6)    2 :  0.109 0.225 0.114 0.088 0.412 0.052 
 97 NS_SS0779   (12)    2 :  0.169 0.132 0.193 0.176 0.144 0.186 
 98 NS_SS0776    (3)    2 :  0.166 0.141 0.229 0.112 0.198 0.155 
 99 NS_SS0775    (5)    2 :  0.139 0.066 0.431 0.088 0.196 0.079 
100 NS_SS0965    (3)    3 :  0.302 0.102 0.112 0.197 0.086 0.201 
101 NS_SS0754   (13)    3 :  0.306 0.218 0.082 0.107 0.159 0.127 
102 NS_SS0838    (5)    3 :  0.119 0.144 0.220 0.166 0.154 0.198 
103 NS_SS0839    (3)    3 :  0.164 0.062 0.299 0.130 0.200 0.145 
104 NS_SS0832    (4)    3 :  0.206 0.046 0.184 0.310 0.111 0.143 
105 NS_SS0820    (4)    3 :  0.262 0.056 0.120 0.167 0.138 0.258 
106 NS_SS0886    (9)    3 :  0.232 0.215 0.159 0.107 0.127 0.159 
107 NS_SS0748    (5)    3 :  0.129 0.181 0.184 0.276 0.082 0.149 
108 NS_SS0884    (9)    3 :  0.164 0.149 0.124 0.183 0.223 0.155 
109 NS_SS0752    (3)    3 :  0.115 0.116 0.177 0.141 0.294 0.157 
110 NS_SS0862    (1)    3 :  0.383 0.060 0.100 0.195 0.163 0.098 
111 NS_SS0787    (9)    3 :  0.112 0.456 0.138 0.102 0.075 0.116 
112 NS_SS0843    (6)    3 :  0.199 0.132 0.103 0.192 0.239 0.135 
113 NS_SS0856    (4)    3 :  0.107 0.130 0.237 0.052 0.284 0.188 
114 NS_SS0846    (2)    3 :  0.064 0.158 0.067 0.280 0.209 0.222 
115 NS_SS0825    (1)    3 :  0.274 0.136 0.074 0.117 0.071 0.328 
116 NS_SS0757    (3)    3 :  0.263 0.203 0.124 0.185 0.095 0.130 
117 NS_SS0876    (3)    3 :  0.206 0.108 0.119 0.179 0.251 0.137 
118 NS_SS0903    (9)    3 :  0.073 0.051 0.130 0.236 0.360 0.149 
119 NS_SS0875    (7)    3 :  0.128 0.136 0.347 0.121 0.074 0.195 
120 NS_SS0740    (5)    3 :  0.183 0.126 0.124 0.231 0.229 0.107 
121 NS_SS0811    (5)    3 :  0.252 0.068 0.386 0.156 0.061 0.077 
122 NS_SS0751    (1)    3 :  0.086 0.124 0.291 0.087 0.163 0.249 
123 NS_SS0891    (6)    3 :  0.137 0.131 0.174 0.123 0.232 0.203 
124 NS_SS0867    (2)    3 :  0.200 0.163 0.051 0.316 0.084 0.186 
125 NS_SS0890    (6)    3 :  0.092 0.134 0.240 0.217 0.166 0.150 
126 NS_SS0866   (11)    3 :  0.153 0.403 0.079 0.080 0.169 0.116 
127 NS_SS0755    (4)    3 :  0.228 0.117 0.153 0.237 0.096 0.170 
128 NS_SS0758    (4)    3 :  0.131 0.129 0.129 0.153 0.313 0.144 
129 NS_SS0840    (2)    3 :  0.154 0.054 0.239 0.213 0.103 0.238 
130 NS_SS0889    (4)    3 :  0.281 0.298 0.098 0.129 0.095 0.099 
131 NS_SS1010    (1)    3 :  0.092 0.130 0.243 0.144 0.086 0.304 
132 NS_SS0888    (5)    3 :  0.176 0.311 0.095 0.066 0.287 0.065 
133 NS_SS0837    (3)    3 :  0.323 0.076 0.150 0.265 0.092 0.095 
134 NS_SS0794    (9)    3 :  0.136 0.310 0.185 0.099 0.208 0.062 
135 NS_SS0823    (4)    3 :  0.112 0.079 0.111 0.332 0.226 0.141 
136 NS_SS0829    (7)    3 :  0.211 0.340 0.110 0.212 0.050 0.077 
137 NS_SS0844    (5)    3 :  0.091 0.046 0.075 0.560 0.137 0.089 
138 NS_SS1008    (5)    3 :  0.105 0.257 0.253 0.117 0.189 0.078 
139 NS_SS0881    (3)    3 :  0.144 0.155 0.200 0.104 0.079 0.317 
140 NS_SS0834    (6)    3 :  0.135 0.078 0.140 0.107 0.347 0.194 
141 NS_SS0744   (10)    3 :  0.194 0.121 0.077 0.157 0.201 0.251 
142 NS_SS0899    (7)    3 :  0.249 0.074 0.281 0.251 0.071 0.074 
143 NS_SS0804    (4)    3 :  0.236 0.051 0.144 0.223 0.165 0.180 
144 NS_SS0781   (10)    3 :  0.095 0.067 0.215 0.242 0.096 0.286 
145 NS_SS0822    (6)    3 :  0.198 0.160 0.056 0.231 0.281 0.073 
146 NS_SS1004    (4)    3 :  0.178 0.105 0.096 0.330 0.135 0.156 
147 NS_SS0746    (5)    3 :  0.096 0.160 0.108 0.364 0.135 0.137 
148 NS_SS0880    (3)    3 :  0.171 0.093 0.127 0.278 0.161 0.169 
149 NS_SS0879    (4)    3 :  0.233 0.110 0.104 0.167 0.248 0.138 
150 NS_SS0753    (2)    3 :  0.198 0.229 0.134 0.246 0.092 0.102 
151 NS_SS1007    (2)    3 :  0.061 0.114 0.249 0.058 0.306 0.212 
152 NS_SS0872    (5)    3 :  0.109 0.087 0.259 0.186 0.173 0.186 
153 NS_SS1005    (7)    3 :  0.099 0.095 0.173 0.334 0.117 0.184 
154 NS_SS0892    (6)    3 :  0.155 0.158 0.212 0.166 0.151 0.159 
155 NS_SS0898    (0)    3 :  0.184 0.228 0.138 0.210 0.100 0.141 
156 NS_SS0801    (9)    3 :  0.262 0.146 0.171 0.216 0.078 0.127 
157 NS_SS0827    (8)    3 :  0.150 0.195 0.331 0.139 0.049 0.136 
158 NS_SS0853    (6)    3 :  0.152 0.188 0.407 0.126 0.062 0.065 
159 NS_SS0780    (2)    3 :  0.215 0.082 0.148 0.120 0.141 0.294 
160 NS_SS0826   (10)    3 :  0.180 0.113 0.056 0.250 0.065 0.337 
161 NS_SS0818    (5)    3 :  0.145 0.061 0.226 0.138 0.204 0.226 
162 NS_SS0745    (1)    3 :  0.226 0.062 0.428 0.051 0.155 0.078 
163 NS_SS0849    (3)    3 :  0.442 0.092 0.138 0.143 0.043 0.143 
164 NS_SS0739    (3)    3 :  0.203 0.119 0.238 0.060 0.143 0.236 
165 NS_SS0799    (1)    3 :  0.119 0.198 0.180 0.149 0.292 0.061 
166 NS_SS0756    (2)    3 :  0.130 0.066 0.151 0.324 0.079 0.251 
167 NS_SS0802    (2)    3 :  0.070 0.181 0.129 0.107 0.169 0.344 
168 NS_SS0747    (6)    3 :  0.097 0.132 0.140 0.254 0.142 0.235 
169 NS_SS0835    (1)    3 :  0.070 0.351 0.110 0.107 0.134 0.227 
170 NS_SS0742   (18)    3 :  0.173 0.084 0.140 0.187 0.184 0.234 
171 NS_SS0760    (9)    3 :  0.080 0.373 0.172 0.152 0.110 0.113 
172 NS_SS0803    (4)    3 :  0.099 0.052 0.064 0.435 0.291 0.058 
173 NS_SS0828   (13)    3 :  0.278 0.148 0.191 0.149 0.119 0.115 
174 NS_SS0865    (2)    3 :  0.274 0.137 0.068 0.148 0.067 0.306 
175 NS_SS0759    (4)    3 :  0.208 0.073 0.256 0.132 0.185 0.146 
176 NS_SS0851    (5)    3 :  0.488 0.082 0.164 0.099 0.058 0.111 
177 NS_SS0874   (16)    3 :  0.108 0.087 0.146 0.403 0.141 0.115 
178 NS_SS0761    (6)    3 :  0.192 0.313 0.078 0.209 0.080 0.128 
179 NS_SS0842   (25)    3 :  0.129 0.222 0.270 0.173 0.104 0.102 
180 NS_SS0785    (6)    3 :  0.161 0.184 0.131 0.231 0.160 0.133 
181 NS_SS0860   (11)    3 :  0.081 0.364 0.094 0.144 0.133 0.184 
182 NS_SS0897    (7)    3 :  0.186 0.424 0.107 0.090 0.118 0.075 
183 NS_SS0841   (14)    3 :  0.245 0.071 0.288 0.189 0.116 0.092 
184 NS_SS0797    (6)    3 :  0.251 0.231 0.122 0.173 0.066 0.157 
185 NS_SS0830   (10)    3 :  0.250 0.144 0.156 0.149 0.114 0.187 
186 NS_SS1011    (5)    3 :  0.189 0.064 0.072 0.163 0.125 0.387 
187 NS_SS0883    (5)    3 :  0.214 0.175 0.241 0.173 0.101 0.095 
188 NS_SS0782    (2)    3 :  0.121 0.162 0.186 0.124 0.326 0.082 
189 NS_SS0831    (5)    3 :  0.318 0.304 0.119 0.102 0.088 0.069 
190 NS_SS0749    (7)    3 :  0.291 0.140 0.152 0.089 0.199 0.129 
191 NS_SS0854    (2)    3 :  0.157 0.138 0.084 0.125 0.394 0.101 
192 HI_SS0193    (0)    4 :  0.291 0.201 0.061 0.061 0.278 0.108 
193 HI_SS0194    (0)    4 :  0.135 0.102 0.111 0.106 0.303 0.245 
194 HI_SS0195    (9)    4 :  0.365 0.050 0.205 0.065 0.103 0.212 
195 HI_SS0196    (6)    4 :  0.125 0.155 0.233 0.107 0.287 0.093 
196 HI_SS0197    (3)    4 :  0.052 0.091 0.113 0.069 0.082 0.593 
197 HI_SS0198    (1)    4 :  0.296 0.189 0.142 0.114 0.138 0.120 
198 HI_SS0199    (1)    4 :  0.092 0.229 0.130 0.096 0.367 0.086 
199 HI_SS0201    (4)    4 :  0.198 0.345 0.063 0.203 0.067 0.123 
200 HI_SS0215    (1)    4 :  0.132 0.342 0.116 0.182 0.064 0.165 
201 HI_SS0218    (1)    4 :  0.183 0.390 0.121 0.072 0.179 0.055 
202 HI_SS0222    (0)    4 :  0.229 0.133 0.193 0.067 0.172 0.207 
203 HI_SS0230    (1)    4 :  0.079 0.110 0.291 0.178 0.051 0.291 
204 HI_SS0234    (1)    4 :  0.065 0.113 0.077 0.129 0.355 0.261 
205 HI_SS0240    (1)    4 :  0.127 0.096 0.161 0.070 0.423 0.124 
206 HI_SS0241    (0)    4 :  0.138 0.302 0.095 0.185 0.126 0.154 
207 HI_SS0242    (0)    4 :  0.213 0.176 0.093 0.252 0.150 0.116 
208 HI_SS0247    (0)    4 :  0.127 0.118 0.116 0.416 0.070 0.153 
209 HI_SS0248    (1)    4 :  0.079 0.254 0.149 0.193 0.274 0.052 
210 HI_SS0252    (2)    4 :  0.215 0.094 0.107 0.184 0.333 0.066 
211 HI_SS0254    (1)    4 :  0.079 0.160 0.104 0.187 0.147 0.323 
212 HI_SS0256    (0)    4 :  0.134 0.031 0.170 0.223 0.214 0.228 
213 HI_SS0257    (0)    4 :  0.050 0.268 0.044 0.227 0.202 0.208 
214 HI_SS0258    (1)    4 :  0.143 0.295 0.149 0.172 0.145 0.096 
215 HI_SS0259    (1)    4 :  0.171 0.095 0.093 0.075 0.207 0.359 
216 HI_SS0260    (1)    4 :  0.088 0.304 0.252 0.101 0.172 0.083 
217 HI_SS0261    (2)    4 :  0.087 0.175 0.078 0.231 0.166 0.264 
218 HI_SS0262    (0)    4 :  0.282 0.111 0.175 0.096 0.173 0.162 
219 HI_SS0264    (1)    4 :  0.113 0.106 0.364 0.149 0.056 0.212 
220 HI_SS0265    (0)    4 :  0.265 0.095 0.106 0.114 0.091 0.330 
221 HI_SS0268    (1)    4 :  0.091 0.194 0.336 0.051 0.071 0.256 
222 HI_SS0269    (1)    4 :  0.071 0.334 0.043 0.129 0.225 0.198 
223 HI_SS0273    (0)    4 :  0.129 0.272 0.093 0.226 0.108 0.173 
224 HI_SS0277    (1)    4 :  0.125 0.078 0.080 0.137 0.074 0.506 
225 HI_SS0280    (0)    4 :  0.306 0.152 0.216 0.073 0.127 0.127 
226 HI_SS0282    (1)    4 :  0.211 0.199 0.070 0.231 0.184 0.105 
227 HI_SS0286    (1)    4 :  0.271 0.170 0.100 0.115 0.162 0.182 
228 NS_SS1252    (3)    5 :  0.127 0.430 0.094 0.139 0.145 0.065 
229 NS_SS1261    (1)    5 :  0.103 0.137 0.226 0.179 0.163 0.193 
230 NS_SS1225    (9)    5 :  0.083 0.217 0.077 0.409 0.094 0.120 
231 NS_SS1266    (1)    5 :  0.128 0.051 0.101 0.486 0.125 0.109 
232 NS_SS1228    (0)    5 :  0.350 0.094 0.239 0.088 0.118 0.112 
233 NS_SS1255    (2)    5 :  0.084 0.119 0.214 0.102 0.397 0.084 
234 NS_SS1267    (3)    5 :  0.140 0.453 0.106 0.066 0.125 0.110 
235 NS_SS1238    (6)    5 :  0.233 0.155 0.186 0.090 0.094 0.241 
236 NS_SS1233    (8)    5 :  0.114 0.083 0.192 0.479 0.049 0.083 
237 NS_SS1277    (3)    5 :  0.179 0.236 0.129 0.066 0.297 0.092 
238 NS_SS1245    (1)    5 :  0.091 0.180 0.101 0.344 0.154 0.129 
239 NS_SS1240    (4)    5 :  0.062 0.437 0.098 0.097 0.154 0.152 
240 NS_SS1275    (2)    5 :  0.228 0.047 0.095 0.127 0.109 0.394 
241 NS_SS1235    (1)    5 :  0.055 0.094 0.060 0.218 0.402 0.171 
242 NS_SS1263    (1)    5 :  0.104 0.068 0.206 0.312 0.225 0.084 
243 NS_SS1251    (1)    5 :  0.102 0.084 0.128 0.371 0.154 0.161 
244 NS_SS1248    (0)    5 :  0.468 0.149 0.163 0.087 0.040 0.093 
245 NS_SS1244    (0)    5 :  0.158 0.112 0.050 0.202 0.098 0.380 
246 NS_SS1257    (0)    5 :  0.142 0.290 0.115 0.130 0.212 0.111 
247 NS_SS1242    (2)    5 :  0.142 0.085 0.302 0.182 0.147 0.143 
248 NS_SS1271    (6)    5 :  0.164 0.399 0.072 0.084 0.155 0.126 
249 NS_SS1265    (1)    5 :  0.118 0.334 0.133 0.138 0.074 0.204 
250 NS_SS1243    (0)    5 :  0.305 0.114 0.209 0.107 0.192 0.073 
251 NS_SS1273    (1)    5 :  0.101 0.063 0.419 0.170 0.143 0.103 
252 NS_SS1254   (14)    5 :  0.085 0.089 0.226 0.410 0.105 0.085 
253 NS_SS1224    (1)    5 :  0.260 0.075 0.146 0.287 0.124 0.109 
254 NS_SS1227    (8)    5 :  0.062 0.258 0.196 0.105 0.127 0.251 
255 NS_SS1274    (8)    5 :  0.147 0.241 0.136 0.143 0.234 0.099 
256 NS_SS1241    (1)    5 :  0.166 0.211 0.087 0.270 0.145 0.121 
257 NS_SS1256    (3)    5 :  0.069 0.208 0.112 0.338 0.078 0.194 
258 NS_SS1260    (8)    5 :  0.099 0.299 0.132 0.126 0.236 0.108 
259 NS_SS1262    (0)    5 :  0.192 0.180 0.086 0.287 0.115 0.139 
260 NS_SS1230    (0)    5 :  0.154 0.234 0.200 0.181 0.108 0.123 
261 NS_SS1270    (2)    5 :  0.367 0.079 0.075 0.283 0.061 0.134 
262 NS_SS1229    (2)    5 :  0.053 0.058 0.057 0.118 0.433 0.280 
263 NS_SS1246    (5)    5 :  0.113 0.219 0.058 0.081 0.287 0.243 
264 NS_SS1269    (0)    5 :  0.179 0.126 0.204 0.169 0.180 0.142 
265 NS_SS1239    (1)    5 :  0.317 0.067 0.086 0.068 0.381 0.081 
266 NS_SS1272    (4)    5 :  0.086 0.084 0.086 0.161 0.080 0.503 
267 NS_SS1268    (1)    5 :  0.372 0.074 0.127 0.291 0.067 0.069 
268 NS_SS1249    (0)    5 :  0.105 0.375 0.075 0.112 0.257 0.077 
269 HI_SS0559    (0)    6 :  0.249 0.171 0.148 0.160 0.195 0.077 
270 HI_SS0563    (1)    6 :  0.148 0.132 0.123 0.209 0.209 0.178 
271 HI_SS0564    (0)    6 :  0.236 0.099 0.086 0.147 0.182 0.250 
272 HI_SS0565    (0)    6 :  0.083 0.198 0.138 0.155 0.083 0.343 
273 HI_SS0569    (0)    6 :  0.104 0.255 0.083 0.376 0.049 0.133 
274 HI_SS0570    (0)    6 :  0.201 0.305 0.115 0.059 0.156 0.163 
275 HI_SS0572    (1)    6 :  0.093 0.075 0.173 0.142 0.354 0.162 
276 HI_SS0576    (0)    6 :  0.266 0.077 0.259 0.112 0.143 0.144 
277 HI_SS0579    (1)    6 :  0.081 0.169 0.057 0.414 0.214 0.065 
278 HI_SS0580    (1)    6 :  0.120 0.260 0.246 0.110 0.190 0.075 
279 HI_SS0581    (0)    6 :  0.300 0.061 0.123 0.083 0.084 0.349 
280 HI_SS0583    (1)    6 :  0.048 0.338 0.208 0.157 0.142 0.107 
281 HI_SS0586    (1)    6 :  0.116 0.402 0.250 0.079 0.054 0.100 
282 HI_SS0588    (1)    6 :  0.132 0.246 0.116 0.270 0.155 0.080 
283 HI_SS0595    (4)    6 :  0.059 0.255 0.139 0.103 0.108 0.336 
284 HI_SS0596    (0)    6 :  0.091 0.062 0.311 0.128 0.341 0.068 
285 HI_SS0597    (1)    6 :  0.074 0.107 0.226 0.155 0.194 0.245 
286 HI_SS0600    (0)    6 :  0.157 0.189 0.074 0.107 0.229 0.244 
287 HI_SS0601    (1)    6 :  0.127 0.149 0.083 0.333 0.086 0.222 
288 HI_SS0602    (1)    6 :  0.161 0.295 0.293 0.087 0.089 0.075 
289 HI_SS0604    (0)    6 :  0.272 0.132 0.094 0.248 0.172 0.081 
290 HI_SS0605    (1)    6 :  0.383 0.188 0.072 0.101 0.165 0.090 
291 HI_SS0608    (0)    6 :  0.142 0.153 0.346 0.111 0.124 0.124 
292 HI_SS0609    (0)    6 :  0.064 0.095 0.188 0.354 0.127 0.172 
293 HI_SS0611    (5)    6 :  0.278 0.317 0.159 0.088 0.083 0.075 
294 HI_SS0612    (1)    6 :  0.049 0.126 0.063 0.405 0.255 0.102 
295 HI_SS0613    (1)    6 :  0.399 0.142 0.174 0.139 0.067 0.080 
296 HI_SS0615    (0)    6 :  0.176 0.061 0.254 0.088 0.266 0.155 
297 HI_SS0001    (1)    6 :  0.098 0.203 0.128 0.101 0.291 0.178 
298 HI_SS0002    (1)    6 :  0.092 0.074 0.183 0.282 0.167 0.202 
299 HI_SS0004    (0)    6 :  0.157 0.273 0.193 0.073 0.199 0.104 
300 HI_SS0005    (1)    6 :  0.340 0.120 0.233 0.095 0.064 0.149 
301 HI_SS0006    (1)    6 :  0.109 0.261 0.072 0.214 0.133 0.212 
302 HI_SS0007    (1)    6 :  0.474 0.192 0.075 0.060 0.147 0.051 
303 HI_SS0008    (0)    6 :  0.183 0.126 0.151 0.133 0.098 0.309 
304 HI_SS0009    (0)    6 :  0.278 0.071 0.207 0.116 0.265 0.064 
305 HI_SS0010    (1)    6 :  0.185 0.181 0.248 0.150 0.079 0.158 
306 HI_SS0011    (1)    6 :  0.141 0.081 0.136 0.361 0.050 0.230 
307 HI_SS0012    (0)    6 :  0.107 0.058 0.194 0.116 0.236 0.288 
308 HI_SS0017    (1)    6 :  0.172 0.077 0.147 0.107 0.350 0.147 
309 HI_SS0021    (1)    6 :  0.078 0.264 0.273 0.109 0.051 0.225 
310 HI_SS0024    (1)    6 :  0.210 0.077 0.220 0.073 0.175 0.246 
311 HI_SS0025    (1)    6 :  0.154 0.084 0.288 0.169 0.227 0.078 
312 HI_SS0027    (0)    6 :  0.190 0.245 0.125 0.242 0.131 0.067 
313 HI_SS0028    (0)    6 :  0.156 0.047 0.357 0.071 0.046 0.324 
314 HI_SS0029    (1)    6 :  0.069 0.173 0.421 0.057 0.147 0.133 
315 HI_SS0030    (2)    6 :  0.226 0.161 0.072 0.134 0.254 0.153 
316 HI_SS0031    (0)    6 :  0.073 0.097 0.150 0.189 0.212 0.278 
317 HI_SS0034    (0)    6 :  0.129 0.298 0.057 0.232 0.189 0.095 
318 HI_SS0036    (0)    6 :  0.183 0.324 0.109 0.040 0.093 0.250 
319 HI_SS0037    (1)    6 :  0.133 0.363 0.232 0.142 0.057 0.073 
320 HI_SS0039    (0)    6 :  0.270 0.246 0.217 0.074 0.059 0.133 
321 HI_SS0041    (1)    6 :  0.378 0.074 0.176 0.079 0.168 0.126 
322 HI_SS0042    (1)    6 :  0.129 0.077 0.257 0.168 0.122 0.247 
323 HI_SS0043    (1)    6 :  0.143 0.400 0.062 0.086 0.101 0.208 
324 HI_SS0044    (1)    6 :  0.073 0.232 0.320 0.055 0.238 0.083 
325 HI_SS0047    (1)    6 :  0.249 0.077 0.104 0.176 0.265 0.128 
326 HI_SS0049    (0)    6 :  0.118 0.117 0.215 0.218 0.242 0.090 
327 HI_SS0051    (1)    6 :  0.423 0.100 0.078 0.214 0.104 0.081 
328 HI_SS0053    (1)    6 :  0.108 0.321 0.064 0.126 0.128 0.253 
329 HI_SS0054    (4)    6 :  0.218 0.264 0.053 0.297 0.058 0.111 
330 HI_SS0057    (0)    6 :  0.336 0.103 0.126 0.137 0.100 0.198 
331 HI_SS0058    (0)    6 :  0.114 0.286 0.203 0.205 0.112 0.079 
332 HI_SS0060    (0)    6 :  0.268 0.113 0.097 0.165 0.096 0.260 
333 HI_SS0087    (1)    6 :  0.125 0.171 0.088 0.193 0.148 0.274 
334 HI_SS0091    (0)    6 :  0.071 0.389 0.046 0.095 0.110 0.289 
335 HI_SS0095    (1)    6 :  0.168 0.154 0.087 0.139 0.198 0.254 
336 HI_SS0097    (3)    6 :  0.093 0.078 0.092 0.477 0.158 0.103 
337 HI_SS0099    (0)    6 :  0.076 0.156 0.496 0.100 0.088 0.083 
338 HI_SS0103    (0)    6 :  0.128 0.112 0.114 0.105 0.305 0.235 
339 HI_SS0105    (1)    6 :  0.171 0.121 0.085 0.184 0.075 0.364 
340 HI_SS0107    (1)    6 :  0.133 0.051 0.101 0.120 0.380 0.216 
341 HI_SS0108    (1)    6 :  0.138 0.445 0.060 0.113 0.136 0.107 
342 HI_SS0110    (0)    6 :  0.068 0.151 0.094 0.090 0.224 0.374 
343 HI_SS0111    (1)    6 :  0.154 0.130 0.133 0.090 0.223 0.269 
344 HI_SS0112    (0)    6 :  0.107 0.412 0.115 0.090 0.141 0.136 
345 HI_SS0113    (1)    6 :  0.119 0.079 0.278 0.151 0.145 0.227 
346 HI_SS0114    (1)    6 :  0.217 0.303 0.126 0.170 0.075 0.108 
347 HI_SS0115    (1)    6 :  0.132 0.141 0.206 0.153 0.311 0.057 
348 HI_SS0116    (4)    6 :  0.045 0.279 0.281 0.088 0.222 0.086 
349 HI_SS0117    (0)    6 :  0.056 0.206 0.073 0.287 0.092 0.287 
350 HI_SS0118    (0)    6 :  0.077 0.266 0.171 0.190 0.115 0.181 
351 HI_SS0119    (1)    6 :  0.142 0.177 0.062 0.138 0.111 0.370 
352 HI_SS0120    (1)    6 :  0.107 0.053 0.093 0.085 0.360 0.304 
353 HI_SS0121    (1)    6 :  0.144 0.060 0.194 0.159 0.039 0.404 
354 HI_SS0122    (2)    6 :  0.210 0.145 0.139 0.120 0.113 0.273 
355 HI_SS0123    (0)    6 :  0.077 0.167 0.131 0.194 0.131 0.301 
356 HI_SS0124    (1)    6 :  0.147 0.058 0.322 0.095 0.288 0.090 
357 HI_SS0125    (1)    6 :  0.171 0.062 0.284 0.123 0.176 0.184 
358 HI_SS0126    (0)    6 :  0.079 0.360 0.218 0.080 0.163 0.099 
359 HI_SS0127    (0)    6 :  0.385 0.103 0.132 0.219 0.077 0.083 
360 HI_SS0128    (0)    6 :  0.083 0.125 0.142 0.196 0.287 0.166 
361 HI_SS0129    (1)    6 :  0.222 0.263 0.106 0.086 0.171 0.152 
362 HI_SS0131    (2)    6 :  0.176 0.240 0.176 0.257 0.048 0.103 
363 HI_SS0132    (0)    6 :  0.111 0.131 0.193 0.172 0.077 0.317 
364 HI_SS0133    (1)    6 :  0.145 0.440 0.070 0.073 0.163 0.110 
365 HI_SS0134    (1)    6 :  0.137 0.176 0.132 0.206 0.159 0.190 
366 HI_SS0142    (3)    6 :  0.157 0.111 0.094 0.224 0.121 0.294 
367 HI_SS0145    (0)    6 :  0.097 0.186 0.103 0.290 0.227 0.096 
368 HI_SS0146    (1)    6 :  0.191 0.193 0.112 0.243 0.181 0.079 
369 HI_SS0147    (1)    6 :  0.436 0.078 0.113 0.169 0.077 0.126 
370 HI_SS0149    (1)    6 :  0.085 0.140 0.097 0.164 0.047 0.467 
371 HI_SS0150    (2)    6 :  0.219 0.076 0.199 0.183 0.185 0.138 
372 HI_SS0151    (0)    6 :  0.221 0.132 0.064 0.101 0.422 0.061 
373 NS_SS1451    (1)    6 :  0.230 0.058 0.249 0.093 0.200 0.169 
374 NS_SS1404    (0)    6 :  0.388 0.118 0.189 0.090 0.083 0.133 
375 NS_SS1432    (2)    6 :  0.088 0.067 0.287 0.047 0.162 0.349 
376 NS_SS1405    (4)    6 :  0.087 0.145 0.413 0.090 0.168 0.098 
377 NS_SS1431   (10)    6 :  0.136 0.068 0.230 0.112 0.151 0.302 
378 NS_SS1402    (3)    6 :  0.108 0.154 0.117 0.154 0.209 0.258 
379 NS_SS1450    (3)    6 :  0.247 0.226 0.071 0.077 0.275 0.105 
380 NS_SS1396    (0)    6 :  0.150 0.135 0.274 0.150 0.126 0.166 
381 NS_SS1393    (5)    6 :  0.147 0.201 0.189 0.108 0.219 0.136 
382 NS_SS1392   (10)    6 :  0.232 0.086 0.200 0.058 0.338 0.086 
383 NS_SS1445    (0)    6 :  0.129 0.262 0.098 0.246 0.065 0.200 
384 NS_SS1423    (0)    6 :  0.069 0.161 0.090 0.093 0.269 0.317 
385 NS_SS1421    (9)    6 :  0.171 0.166 0.098 0.175 0.166 0.224 
386 NS_SS1411    (6)    6 :  0.392 0.251 0.128 0.089 0.073 0.066 
387 NS_SS1453    (5)    6 :  0.119 0.224 0.147 0.082 0.119 0.308 
388 NS_SS1442    (2)    6 :  0.112 0.126 0.171 0.346 0.155 0.090 
389 NS_SS1422    (1)    6 :  0.083 0.086 0.071 0.266 0.358 0.137 
390 NS_SS1419    (1)    6 :  0.157 0.107 0.181 0.425 0.057 0.074 
391 NS_SS1427    (0)    6 :  0.089 0.348 0.073 0.047 0.332 0.111 
392 NS_SS1444    (3)    6 :  0.203 0.096 0.273 0.248 0.098 0.081 
393 NS_SS1455    (0)    6 :  0.050 0.065 0.321 0.220 0.226 0.118 
394 NS_SS1425    (2)    6 :  0.162 0.381 0.079 0.184 0.079 0.115 
395 NS_SS1400    (0)    6 :  0.111 0.322 0.203 0.214 0.060 0.089 
396 NS_SS1406    (1)    6 :  0.059 0.055 0.191 0.329 0.085 0.281 
397 NS_SS1417    (6)    6 :  0.163 0.182 0.133 0.225 0.131 0.167 
398 NS_SS1454    (2)    6 :  0.125 0.272 0.196 0.101 0.045 0.260 
399 NS_SS1412    (1)    6 :  0.233 0.204 0.169 0.094 0.152 0.148 
400 NS_SS1438    (1)    6 :  0.209 0.319 0.062 0.198 0.102 0.109 
401 NS_SS1416    (4)    6 :  0.134 0.182 0.238 0.138 0.100 0.208 
402 NS_SS1401    (0)    6 :  0.088 0.167 0.145 0.155 0.132 0.312 
403 NS_SS1424    (6)    6 :  0.202 0.165 0.062 0.102 0.153 0.316 
404 NS_SS1435    (9)    6 :  0.183 0.134 0.255 0.070 0.197 0.161 
405 NS_SS1447    (4)    6 :  0.288 0.097 0.143 0.240 0.091 0.142 
406 NS_SS1414    (3)    6 :  0.212 0.092 0.304 0.237 0.068 0.088 
407 NS_SS1449   (14)    6 :  0.183 0.080 0.065 0.083 0.361 0.228 
408 NS_SS1443    (4)    6 :  0.065 0.280 0.054 0.181 0.317 0.103 
409 NS_SS1434    (1)    6 :  0.084 0.131 0.117 0.118 0.474 0.077 
410 NS_SS1398    (1)    6 :  0.118 0.121 0.336 0.097 0.166 0.162 
411 NS_SS1426    (1)    6 :  0.136 0.358 0.072 0.108 0.179 0.147 
412 NS_SS1413    (0)    6 :  0.112 0.253 0.124 0.194 0.193 0.124 
413 NS_SS1395    (1)    6 :  0.086 0.247 0.065 0.131 0.211 0.259 
414 NS_SS1448   (10)    6 :  0.373 0.206 0.143 0.083 0.102 0.093 
415 NS_SS1446    (0)    6 :  0.168 0.236 0.067 0.124 0.179 0.226 
416 NS_SS1403    (2)    6 :  0.075 0.093 0.197 0.072 0.136 0.427 
417 NS_SS1415    (0)    6 :  0.164 0.287 0.167 0.135 0.144 0.104 
418 NS_SS1437    (4)    6 :  0.122 0.123 0.188 0.142 0.078 0.347 
419 NS_SS1439    (2)    6 :  0.113 0.166 0.109 0.265 0.175 0.171 
420 NS_SS1441    (3)    6 :  0.057 0.260 0.193 0.185 0.188 0.117 
421 NS_SS1420    (2)    6 :  0.530 0.078 0.139 0.070 0.136 0.047 
422 NS_SS1394    (2)    6 :  0.244 0.081 0.339 0.094 0.073 0.168 
423 NS_SS1391    (7)    6 :  0.074 0.220 0.151 0.070 0.334 0.151 
424 NS_SS1410    (5)    6 :  0.101 0.213 0.168 0.123 0.159 0.235 
425 NS_SS1408    (1)    6 :  0.204 0.093 0.085 0.190 0.123 0.306 
426 NS_SS1409    (1)    6 :  0.063 0.198 0.196 0.109 0.312 0.122 
427 HI_SS0617    (1)    7 :  0.157 0.222 0.111 0.068 0.353 0.089 
428 HI_SS0618    (2)    7 :  0.145 0.102 0.329 0.145 0.190 0.090 
429 HI_SS0619    (0)    7 :  0.097 0.197 0.382 0.098 0.134 0.092 
430 HI_SS0620    (1)    7 :  0.340 0.301 0.050 0.072 0.196 0.041 
431 HI_SS0621    (3)    7 :  0.156 0.096 0.173 0.195 0.201 0.178 
432 HI_SS0622    (1)    7 :  0.206 0.151 0.139 0.285 0.113 0.106 
433 HI_SS0626    (0)    7 :  0.363 0.144 0.180 0.083 0.058 0.171 
434 HI_SS0627    (0)    7 :  0.111 0.079 0.158 0.085 0.150 0.417 
435 HI_SS0628    (3)    7 :  0.141 0.313 0.186 0.079 0.086 0.196 
436 HI_SS0629    (1)    7 :  0.113 0.194 0.210 0.187 0.093 0.204 
437 HI_SS0630    (1)    7 :  0.202 0.231 0.187 0.141 0.156 0.083 
438 HI_SS0631    (0)    7 :  0.247 0.185 0.137 0.117 0.193 0.121 
439 HI_SS0632    (0)    7 :  0.315 0.131 0.114 0.237 0.082 0.121 
440 HI_SS0633    (0)    7 :  0.059 0.128 0.341 0.106 0.300 0.067 
441 HI_SS0634    (1)    7 :  0.250 0.164 0.115 0.086 0.094 0.291 
442 HI_SS0635    (0)    7 :  0.170 0.099 0.298 0.187 0.099 0.147 
443 HI_SS0637    (1)    7 :  0.284 0.151 0.063 0.251 0.072 0.179 
444 HI_SS0638    (0)    7 :  0.186 0.161 0.164 0.148 0.190 0.151 
445 HI_SS0639    (1)    7 :  0.242 0.074 0.191 0.168 0.143 0.182 
446 HI_SS0640    (1)    7 :  0.138 0.121 0.114 0.342 0.175 0.110 
447 HI_SS0641    (1)    7 :  0.209 0.286 0.254 0.116 0.051 0.085 
448 HI_SS0642    (0)    7 :  0.108 0.061 0.122 0.086 0.120 0.503 
449 HI_SS0645    (0)    7 :  0.248 0.058 0.417 0.124 0.089 0.063 
450 HI_SS0646    (1)    7 :  0.105 0.125 0.085 0.168 0.358 0.159 
451 HI_SS0647    (1)    7 :  0.152 0.125 0.175 0.139 0.195 0.214 
452 HI_SS0648    (0)    7 :  0.191 0.137 0.162 0.202 0.172 0.136 
453 HI_SS0649    (1)    7 :  0.085 0.166 0.254 0.199 0.177 0.120 
454 HI_SS0650    (1)    7 :  0.134 0.078 0.152 0.087 0.422 0.128 
455 HI_SS0651    (1)    7 :  0.119 0.142 0.221 0.171 0.208 0.139 
456 HI_SS0652    (1)    7 :  0.439 0.073 0.166 0.111 0.129 0.081 
457 NS_SS1371    (3)    7 :  0.064 0.175 0.132 0.094 0.248 0.286 
458 NS_SS1374    (0)    7 :  0.235 0.235 0.102 0.057 0.083 0.289 
459 NS_SS1337    (3)    7 :  0.425 0.066 0.063 0.077 0.125 0.244 
460 NS_SS1385    (5)    7 :  0.116 0.103 0.145 0.177 0.280 0.180 
461 NS_SS1388    (0)    7 :  0.066 0.195 0.462 0.097 0.067 0.112 
462 NS_SS1370    (1)    7 :  0.602 0.050 0.088 0.085 0.096 0.080 
463 NS_SS1389    (3)    7 :  0.126 0.123 0.490 0.080 0.064 0.116 
464 NS_SS1360    (1)    7 :  0.204 0.226 0.167 0.204 0.081 0.118 
465 NS_SS1330    (0)    7 :  0.232 0.076 0.198 0.183 0.194 0.117 
466 NS_SS1328    (8)    7 :  0.093 0.232 0.070 0.100 0.346 0.159 
467 NS_SS1384    (1)    7 :  0.173 0.157 0.065 0.252 0.129 0.224 
468 NS_SS1381    (0)    7 :  0.119 0.055 0.158 0.134 0.449 0.085 
469 NS_SS1375    (1)    7 :  0.131 0.102 0.358 0.051 0.231 0.127 
470 NS_SS1319   (10)    7 :  0.153 0.161 0.167 0.098 0.154 0.267 
471 NS_SS1326    (2)    7 :  0.070 0.366 0.249 0.072 0.153 0.090 
472 NS_SS1341    (1)    7 :  0.106 0.213 0.061 0.189 0.079 0.352 
473 NS_SS1383    (1)    7 :  0.202 0.101 0.070 0.111 0.115 0.401 
474 NS_SS1318    (3)    7 :  0.274 0.128 0.157 0.162 0.195 0.084 
475 NS_SS1348    (2)    7 :  0.166 0.284 0.054 0.201 0.124 0.171 
476 NS_SS1363    (0)    7 :  0.250 0.107 0.173 0.202 0.106 0.161 
477 NS_SS1335    (4)    7 :  0.140 0.199 0.109 0.333 0.072 0.148 
478 NS_SS1358    (0)    7 :  0.131 0.163 0.036 0.247 0.187 0.236 
479 NS_SS1342    (1)    7 :  0.061 0.197 0.088 0.175 0.118 0.362 
480 NS_SS1320    (2)    7 :  0.054 0.036 0.298 0.218 0.315 0.079 
481 NS_SS1355    (1)    7 :  0.146 0.082 0.096 0.398 0.181 0.097 
482 NS_SS1345    (1)    7 :  0.116 0.054 0.058 0.566 0.136 0.070 
483 NS_SS1324    (0)    7 :  0.130 0.219 0.179 0.170 0.145 0.156 
484 NS_SS1347    (5)    7 :  0.129 0.106 0.149 0.162 0.238 0.216 
485 NS_SS1321    (4)    7 :  0.179 0.268 0.104 0.055 0.093 0.301 
486 NS_SS1333    (0)    7 :  0.091 0.266 0.198 0.042 0.087 0.316 
487 NS_SS1364    (1)    7 :  0.094 0.221 0.087 0.376 0.071 0.151 
488 NS_SS1379    (0)    7 :  0.144 0.118 0.159 0.151 0.285 0.143 
489 NS_SS1332    (0)    7 :  0.062 0.355 0.283 0.101 0.056 0.143 
490 NS_SS1338    (5)    7 :  0.271 0.188 0.125 0.102 0.140 0.174 
491 NS_SS1368    (6)    7 :  0.066 0.264 0.145 0.296 0.051 0.177 
492 NS_SS1354    (1)    7 :  0.123 0.138 0.193 0.237 0.104 0.205 
493 NS_SS1365    (0)    7 :  0.239 0.091 0.175 0.215 0.124 0.155 
494 NS_SS1380    (1)    7 :  0.170 0.080 0.214 0.333 0.072 0.131 
495 NS_SS1329    (8)    7 :  0.058 0.216 0.102 0.184 0.085 0.356 
496 NS_SS1362    (0)    7 :  0.095 0.148 0.081 0.194 0.262 0.219 
497 NS_SS1327    (2)    7 :  0.108 0.514 0.079 0.053 0.126 0.120 
498 NS_SS1350    (0)    7 :  0.084 0.197 0.094 0.054 0.455 0.116 
499 NS_SS1387    (2)    7 :  0.212 0.126 0.349 0.147 0.073 0.093 
500 NS_SS1369    (8)    7 :  0.216 0.255 0.079 0.288 0.074 0.088 
501 NS_SS1331    (1)    7 :  0.173 0.191 0.330 0.072 0.062 0.171 
502 NS_SS1357    (4)    7 :  0.060 0.147 0.087 0.089 0.469 0.150 
503 NS_SS1386    (1)    7 :  0.066 0.388 0.061 0.147 0.061 0.277 
504 NS_SS1353    (2)    7 :  0.102 0.143 0.229 0.102 0.233 0.190 
505 NS_SS1323    (0)    7 :  0.124 0.066 0.136 0.235 0.145 0.294 
506 HI_SS0296    (0)    8 :  0.310 0.201 0.119 0.132 0.179 0.059 
507 HI_SS0297    (0)    8 :  0.088 0.083 0.079 0.074 0.327 0.349 
508 HI_SS0299    (0)    8 :  0.279 0.148 0.048 0.219 0.171 0.135 
509 HI_SS0300    (0)    8 :  0.273 0.143 0.080 0.300 0.130 0.073 
510 HI_SS0301    (0)    8 :  0.378 0.110 0.121 0.163 0.037 0.191 
511 HI_SS0302    (0)    8 :  0.345 0.216 0.108 0.175 0.088 0.069 
512 HI_SS0303    (0)    8 :  0.078 0.334 0.218 0.119 0.165 0.086 
513 HI_SS0304    (0)    8 :  0.194 0.172 0.328 0.062 0.094 0.150 
514 HI_SS0306    (5)    8 :  0.346 0.285 0.068 0.112 0.102 0.087 
515 HI_SS0307    (1)    8 :  0.166 0.105 0.258 0.199 0.114 0.158 
516 HI_SS0308    (1)    8 :  0.084 0.088 0.256 0.245 0.123 0.202 
517 HI_SS0309    (0)    8 :  0.184 0.079 0.095 0.323 0.166 0.152 
518 HI_SS0310    (0)    8 :  0.127 0.161 0.291 0.174 0.162 0.085 
519 HI_SS0311    (3)    8 :  0.328 0.136 0.100 0.219 0.076 0.141 
520 HI_SS0314    (0)    8 :  0.057 0.154 0.366 0.103 0.186 0.134 
521 HI_SS0316    (1)    8 :  0.100 0.245 0.186 0.199 0.098 0.171 
522 HI_SS0317    (3)    8 :  0.229 0.104 0.108 0.105 0.148 0.306 
523 HI_SS0318    (1)    8 :  0.117 0.302 0.084 0.121 0.075 0.302 
524 HI_SS0319    (0)    8 :  0.050 0.423 0.080 0.230 0.143 0.073 
525 HI_SS0320    (3)    8 :  0.070 0.082 0.340 0.052 0.076 0.380 
526 HI_SS0321    (0)    8 :  0.119 0.161 0.083 0.079 0.239 0.319 
527 HI_SS0323    (1)    8 :  0.234 0.287 0.115 0.123 0.145 0.095 
528 HI_SS0325    (2)    8 :  0.411 0.210 0.075 0.128 0.082 0.094 
529 HI_SS0327    (1)    8 :  0.040 0.179 0.046 0.167 0.455 0.113 
530 HI_SS0329    (1)    8 :  0.221 0.116 0.253 0.126 0.078 0.206 
531 HI_SS0333    (1)    8 :  0.109 0.158 0.267 0.163 0.131 0.172 
532 HI_SS0334    (1)    8 :  0.193 0.253 0.057 0.184 0.128 0.185 
533 HI_SS0335    (1)    8 :  0.160 0.065 0.070 0.334 0.212 0.160 
534 HI_SS0339    (0)    8 :  0.158 0.105 0.178 0.365 0.089 0.105 
535 HI_SS0343    (2)    8 :  0.090 0.070 0.089 0.304 0.212 0.236 
536 HI_SS0344    (1)    8 :  0.121 0.448 0.060 0.082 0.133 0.157 
537 HI_SS0345    (3)    8 :  0.244 0.145 0.140 0.228 0.062 0.180 
538 HI_SS0346    (0)    8 :  0.219 0.175 0.091 0.067 0.091 0.357 
539 HI_SS0350    (1)    8 :  0.083 0.045 0.255 0.456 0.109 0.052 
540 HI_SS0351    (0)    8 :  0.122 0.104 0.065 0.385 0.118 0.206 
541 HI_SS0352    (3)    8 :  0.130 0.113 0.149 0.226 0.133 0.249 
542 HI_SS0362    (0)    8 :  0.329 0.139 0.264 0.111 0.070 0.087 
543 HI_SS0363    (1)    8 :  0.092 0.237 0.094 0.183 0.304 0.090 
544 HI_SS0365    (0)    8 :  0.058 0.265 0.197 0.150 0.222 0.108 
545 HI_SS0366    (0)    8 :  0.181 0.356 0.060 0.115 0.208 0.082 
546 HI_SS0367    (1)    8 :  0.093 0.089 0.335 0.223 0.110 0.149 
547 HI_SS0369    (1)    8 :  0.216 0.078 0.234 0.210 0.136 0.126 
548 HI_SS0370    (0)    8 :  0.072 0.110 0.070 0.113 0.459 0.175 
549 HI_SS0371    (4)    8 :  0.171 0.325 0.165 0.149 0.077 0.112 
550 HI_SS0373    (3)    8 :  0.116 0.180 0.341 0.142 0.132 0.088 
551 HI_SS0374    (0)    8 :  0.101 0.115 0.286 0.179 0.129 0.190 
552 HI_SS0377    (0)    8 :  0.194 0.166 0.060 0.392 0.053 0.136 
553 HI_SS0379    (1)    8 :  0.085 0.488 0.075 0.104 0.065 0.182 
554 HI_SS0380    (1)    8 :  0.147 0.112 0.188 0.244 0.141 0.168 
555 HI_SS0381    (2)    8 :  0.186 0.073 0.132 0.285 0.112 0.212 
556 HI_SS0384    (3)    8 :  0.136 0.221 0.135 0.053 0.270 0.186 
557 HI_SS0385    (1)    8 :  0.096 0.258 0.398 0.083 0.056 0.110 


Estimated Allele Frequencies in each cluster
First column gives estimated ancestral frequencies


Locus 1 : 
2 alleles
3.4% missing data
   1   (0.735) 0.688 0.716 0.753 0.712 0.763 0.798 
   2   (0.265) 0.312 0.284 0.247 0.288 0.237 0.202 

Locus 2 : 
2 alleles
4.3% missing data
   1   (0.882) 0.905 0.916 0.865 0.902 0.886 0.863 
   2   (0.118) 0.095 0.084 0.135 0.098 0.114 0.137 

Locus 3 : 
2 alleles
3.9% missing data
   1   (0.860) 0.864 0.869 0.852 0.892 0.854 0.871 
   2   (0.140) 0.136 0.131 0.148 0.108 0.146 0.129 

Locus 4 : 
2 alleles
2.7% missing data
   1   (0.885) 0.905 0.910 0.875 0.903 0.929 0.832 
