   NS_SS0963  1 0.2043 0.0907 0.0628 0.2086 0.1642 0.2694 
   NS_SS0983  1 0.1434 0.3211 0.0558 0.1715 0.1760 0.1323 
   NS_SS0719  1 0.2263 0.1474 0.1183 0.1211 0.1464 0.2405 
   NS_SS1001  1 0.1673 0.0927 0.2102 0.2029 0.2584 0.0685 
   NS_SS0936  1 0.0891 0.0803 0.1376 0.2617 0.2288 0.2026 
   NS_SS0955  1 0.1969 0.1871 0.0571 0.2114 0.1271 0.2204 
   NS_SS0944  1 0.2112 0.1775 0.0828 0.2818 0.1564 0.0903 
   NS_SS0945  1 0.1019 0.1981 0.2920 0.1477 0.1309 0.1295 
   NS_SS0922  1 0.1997 0.0849 0.1680 0.1115 0.2906 0.1454 
   NS_SS0929  1 0.0930 0.2185 0.1313 0.2427 0.1278 0.1868 
   NS_SS0956  1 0.3741 0.0763 0.1991 0.1227 0.1413 0.0865 
   NS_SS0906  1 0.0973 0.1836 0.1291 0.3313 0.1146 0.1441 
   NS_SS0721  1 0.3686 0.1251 0.1308 0.0948 0.1362 0.1444 
   NS_SS0982  1 0.1643 0.1146 0.1685 0.2426 0.0973 0.2127 
   NS_SS0923  1 0.1155 0.1106 0.2709 0.2248 0.1444 0.1339 
   NS_SS0905  1 0.0904 0.1589 0.3065 0.2292 0.1246 0.0903 
   NS_SS0925  1 0.1639 0.0551 0.1025 0.2897 0.2794 0.1093 
   NS_SS0947  1 0.1126 0.1039 0.1544 0.2222 0.2271 0.1798 
   NS_SS0926  1 0.0790 0.3031 0.1286 0.1411 0.0536 0.2947 
   NS_SS0918  1 0.1200 0.0722 0.2010 0.4282 0.0585 0.1200 
   NS_SS0966  1 0.1039 0.0979 0.1523 0.3095 0.1252 0.2111 
   NS_SS0938  1 0.1142 0.0755 0.1261 0.0958 0.2345 0.3540 
   NS_SS0917  1 0.1230 0.2426 0.1729 0.0639 0.1435 0.2543 
   NS_SS0957  1 0.2779 0.1352 0.2325 0.1458 0.0835 0.1251 
   NS_SS0987  1 0.3148 0.1357 0.2237 0.1614 0.0509 0.1134 
   NS_SS0717  1 0.1557 0.0908 0.3190 0.1850 0.1885 0.0610 
   NS_SS0986  1 0.2052 0.2085 0.2071 0.1741 0.0497 0.1555 
   NS_SS0953  1 0.1341 0.0813 0.1550 0.3289 0.2361 0.0647 
   NS_SS0907  1 0.0791 0.1559 0.1239 0.4028 0.0880 0.1504 
   NS_SS0974  1 0.0812 0.1674 0.1780 0.1974 0.2481 0.1280 
   NS_SS0989  1 0.1058 0.2835 0.0695 0.0568 0.2272 0.2572 
   NS_SS0991  1 0.2674 0.2028 0.0714 0.3172 0.0602 0.0810 
   NS_SS0994  1 0.0908 0.4219 0.0947 0.0773 0.2068 0.1085 
   NS_SS0931  1 0.2296 0.2424 0.0808 0.1989 0.0592 0.1890 
   NS_SS1000  1 0.0883 0.0917 0.2723 0.2096 0.1733 0.1647 
   NS_SS0919  1 0.0606 0.1681 0.1192 0.2164 0.0740 0.3617 
   NS_SS0949  1 0.1970 0.2109 0.0516 0.0741 0.2449 0.2215 
   NS_SS0960  1 0.1320 0.2242 0.1826 0.2269 0.1161 0.1182 
   NS_SS0716  1 0.1426 0.1006 0.5830 0.0527 0.0564 0.0647 
   NS_SS0924  1 0.1385 0.1825 0.1399 0.2777 0.1204 0.1410 
   NS_SS0935  1 0.1924 0.3021 0.1389 0.1822 0.1092 0.0753 
   NS_SS0952  1 0.0847 0.2702 0.1041 0.2697 0.1122 0.1590 
   NS_SS0962  1 0.1113 0.0963 0.2616 0.1207 0.1254 0.2849 
   NS_SS0973  1 0.1546 0.1208 0.0695 0.2828 0.2572 0.1152 
   NS_SS0722  1 0.0884 0.0725 0.2722 0.2469 0.2570 0.0630 
   NS_SS0979  1 0.2011 0.0885 0.2520 0.2084 0.0827 0.1673 
   NS_SS0993  1 0.1695 0.0501 0.1301 0.2718 0.2436 0.1349 
   NS_SS0958  1 0.0816 0.2745 0.2370 0.1801 0.1267 0.1001 
   NS_SS0988  1 0.0959 0.1687 0.1869 0.2012 0.0569 0.2904 
   NS_SS1003  1 0.2827 0.0474 0.0602 0.1026 0.0522 0.4549 
   NS_SS0976  1 0.1302 0.2458 0.0755 0.2136 0.1033 0.2316 
   NS_SS0964  1 0.2219 0.0732 0.2549 0.1021 0.2732 0.0748 
   NS_SS0939  1 0.2003 0.0641 0.4821 0.0504 0.0799 0.1231 
   NS_SS0990  1 0.1465 0.2227 0.2655 0.0523 0.0600 0.2529 
   NS_SS0984  1 0.0974 0.0683 0.3245 0.1332 0.2154 0.1612 
   NS_SS0980  1 0.0672 0.0878 0.1205 0.2521 0.3523 0.1201 
   NS_SS0978  1 0.0976 0.1236 0.1265 0.1761 0.2568 0.2194 
   NS_SS0951  1 0.2433 0.2074 0.1688 0.2472 0.0674 0.0659 
   NS_SS0913  1 0.2538 0.1123 0.2599 0.1400 0.1463 0.0877 
   NS_SS1002  1 0.0511 0.0695 0.1593 0.1995 0.0866 0.4340 
   NS_SS0948  1 0.1390 0.1556 0.1642 0.2825 0.0869 0.1719 
   NS_SS0916  1 0.1052 0.1652 0.1311 0.0761 0.3393 0.1831 
   NS_SS0995  1 0.1316 0.0942 0.2342 0.1002 0.2914 0.1483 
   NS_SS0927  1 0.0721 0.2317 0.1951 0.0899 0.2064 0.2048 
   NS_SS0992  1 0.0838 0.1902 0.1091 0.1131 0.2891 0.2147 
   NS_SS0912  1 0.2766 0.2009 0.1801 0.1491 0.0516 0.1417 
   NS_SS0981  1 0.1663 0.0918 0.1841 0.2504 0.0468 0.2606 
   NS_SS0729  2 0.0730 0.2779 0.0486 0.1665 0.3317 0.1024 
   NS_SS0967  2 0.0966 0.0905 0.1193 0.2598 0.1442 0.2895 
   NS_SS0941  2 0.1606 0.1155 0.1341 0.1107 0.3092 0.1699 
   NS_SS0768  2 0.2984 0.1229 0.1323 0.1855 0.1164 0.1445 
   NS_SS0726  2 0.0912 0.1649 0.0420 0.1094 0.3671 0.2254 
   NS_SS0763  2 0.0958 0.2693 0.1301 0.1652 0.2039 0.1357 
   NS_SS0730  2 0.1386 0.0891 0.3367 0.0998 0.1255 0.2103 
   NS_SS0774  2 0.0781 0.0692 0.2888 0.1597 0.2548 0.1493 
   NS_SS0723  2 0.1448 0.0519 0.1795 0.1730 0.1938 0.2570 
   NS_SS0940  2 0.1352 0.1870 0.1980 0.0854 0.2232 0.1712 
   NS_SS0762  2 0.1255 0.0583 0.3003 0.1563 0.2940 0.0656 
   NS_SS0766  2 0.1305 0.1687 0.3153 0.0703 0.2403 0.0749 
   NS_SS0724  2 0.2669 0.0809 0.1203 0.2582 0.1905 0.0831 
   NS_SS0769  2 0.1255 0.1370 0.2490 0.1360 0.0807 0.2718 
   NS_SS0777  2 0.1554 0.2427 0.1754 0.1921 0.0614 0.1729 
   NS_SS0734  2 0.2724 0.1730 0.1802 0.0982 0.1597 0.1165 
   NS_SS0737  2 0.1008 0.0643 0.2383 0.0871 0.4012 0.1083 
   NS_SS0732  2 0.3257 0.0671 0.1894 0.1983 0.1335 0.0860 
   NS_SS0728  2 0.2073 0.1219 0.1583 0.1013 0.2924 0.1189 
   NS_SS0735  2 0.2450 0.0786 0.1020 0.1646 0.3503 0.0596 
   NS_SS0725  2 0.2301 0.0810 0.1097 0.0921 0.3043 0.1829 
   NS_SS0788  2 0.1128 0.1217 0.1565 0.0938 0.1313 0.3839 
   NS_SS0778  2 0.1816 0.1939 0.0980 0.1125 0.0930 0.3210 
   NS_SS0792  2 0.2322 0.1590 0.1313 0.1834 0.1920 0.1022 
   NS_SS0943  2 0.2378 0.2560 0.0489 0.2594 0.1054 0.0925 
   NS_SS0791  2 0.2448 0.1770 0.1386 0.0623 0.2914 0.0859 
   NS_SS0790  2 0.2793 0.0444 0.1904 0.2643 0.1273 0.0944 
   NS_SS0731  2 0.3082 0.0929 0.2849 0.1391 0.0665 0.1083 
   NS_SS0727  2 0.1087 0.2252 0.1144 0.0880 0.4116 0.0521 
   NS_SS0779  2 0.1695 0.1317 0.1931 0.1761 0.1438 0.1858 
   NS_SS0776  2 0.1656 0.1408 0.2286 0.1119 0.1983 0.1548 
   NS_SS0775  2 0.1390 0.0662 0.4312 0.0883 0.1963 0.0790 
   NS_SS0965  3 0.3017 0.1023 0.1120 0.1974 0.0860 0.2005 
   NS_SS0754  3 0.3064 0.2177 0.0824 0.1075 0.1591 0.1269 
   NS_SS0838  3 0.1190 0.1438 0.2197 0.1658 0.1537 0.1980 
   NS_SS0839  3 0.1639 0.0623 0.2989 0.1297 0.2002 0.1450 
   NS_SS0832  3 0.2061 0.0463 0.1843 0.3096 0.1106 0.1431 
   NS_SS0820  3 0.2617 0.0565 0.1197 0.1668 0.1378 0.2577 
   NS_SS0886  3 0.2322 0.2151 0.1592 0.1072 0.1271 0.1592 
   NS_SS0748  3 0.1290 0.1811 0.1839 0.2756 0.0816 0.1488 
   NS_SS0884  3 0.1643 0.1494 0.1243 0.1833 0.2234 0.1553 
   NS_SS0752  3 0.1148 0.1159 0.1766 0.1409 0.2943 0.1575 
   NS_SS0862  3 0.3830 0.0604 0.0995 0.1954 0.1633 0.0984 
   NS_SS0787  3 0.1123 0.4559 0.1383 0.1025 0.0746 0.1164 
   NS_SS0843  3 0.1992 0.1321 0.1026 0.1918 0.2393 0.1348 
   NS_SS0856  3 0.1074 0.1302 0.2371 0.0523 0.2845 0.1885 
   NS_SS0846  3 0.0643 0.1576 0.0670 0.2798 0.2094 0.2220 
   NS_SS0825  3 0.2743 0.1363 0.0742 0.1171 0.0706 0.3275 
   NS_SS0757  3 0.2626 0.2034 0.1239 0.1854 0.0948 0.1298 
   NS_SS0876  3 0.2057 0.1081 0.1188 0.1790 0.2512 0.1372 
   NS_SS0903  3 0.0730 0.0511 0.1299 0.2361 0.3605 0.1495 
   NS_SS0875  3 0.1280 0.1357 0.3466 0.1209 0.0740 0.1949 
   NS_SS0740  3 0.1829 0.1258 0.1243 0.2310 0.2286 0.1074 
   NS_SS0811  3 0.2523 0.0683 0.3860 0.1561 0.0606 0.0767 
   NS_SS0751  3 0.0858 0.1236 0.2910 0.0871 0.1633 0.2493 
   NS_SS0891  3 0.1370 0.1313 0.1740 0.1230 0.2320 0.2029 
   NS_SS0867  3 0.2001 0.1631 0.0506 0.3161 0.0841 0.1860 
   NS_SS0890  3 0.0922 0.1343 0.2397 0.2174 0.1661 0.1503 
   NS_SS0866  3 0.1534 0.4028 0.0788 0.0801 0.1692 0.1157 
   NS_SS0755  3 0.2280 0.1166 0.1526 0.2372 0.0961 0.1696 
   NS_SS0758  3 0.1312 0.1291 0.1287 0.1533 0.3133 0.1445 
   NS_SS0840  3 0.1538 0.0540 0.2386 0.2127 0.1027 0.2382 
   NS_SS0889  3 0.2812 0.2978 0.0978 0.1294 0.0947 0.0991 
   NS_SS1010  3 0.0922 0.1304 0.2430 0.1439 0.0864 0.3040 
   NS_SS0888  3 0.1763 0.3110 0.0946 0.0663 0.2867 0.0650 
   NS_SS0837  3 0.3232 0.0757 0.1498 0.2650 0.0916 0.0946 
   NS_SS0794  3 0.1360 0.3099 0.1852 0.0990 0.2078 0.0620 
   NS_SS0823  3 0.1124 0.0789 0.1105 0.3319 0.2256 0.1406 
   NS_SS0829  3 0.2114 0.3400 0.1097 0.2116 0.0505 0.0768 
   NS_SS0844  3 0.0913 0.0464 0.0752 0.5602 0.1374 0.0895 
   NS_SS1008  3 0.1053 0.2573 0.2532 0.1169 0.1893 0.0780 
   NS_SS0881  3 0.1443 0.1555 0.2004 0.1043 0.0787 0.3169 
   NS_SS0834  3 0.1350 0.0775 0.1395 0.1072 0.3473 0.1935 
   NS_SS0744  3 0.1935 0.1210 0.0767 0.1573 0.2008 0.2507 
   NS_SS0899  3 0.2488 0.0740 0.2810 0.2507 0.0712 0.0743 
   NS_SS0804  3 0.2363 0.0510 0.1435 0.2235 0.1654 0.1803 
   NS_SS0781  3 0.0946 0.0674 0.2145 0.2421 0.0956 0.2857 
   NS_SS0822  3 0.1984 0.1603 0.0563 0.2305 0.2812 0.0733 
   NS_SS1004  3 0.1781 0.1053 0.0956 0.3295 0.1354 0.1561 
   NS_SS0746  3 0.0956 0.1601 0.1076 0.3643 0.1352 0.1372 
   NS_SS0880  3 0.1714 0.0933 0.1266 0.2784 0.1609 0.1694 
   NS_SS0879  3 0.2331 0.1105 0.1042 0.1667 0.2477 0.1378 
   NS_SS0753  3 0.1975 0.2290 0.1336 0.2455 0.0925 0.1018 
   NS_SS1007  3 0.0610 0.1136 0.2494 0.0580 0.3059 0.2122 
   NS_SS0872  3 0.1090 0.0868 0.2592 0.1860 0.1734 0.1856 
   NS_SS1005  3 0.0986 0.0946 0.1727 0.3337 0.1169 0.1836 
   NS_SS0892  3 0.1548 0.1576 0.2118 0.1665 0.1506 0.1587 
   NS_SS0898  3 0.1838 0.2275 0.1375 0.2100 0.1004 0.1408 
   NS_SS0801  3 0.2622 0.1455 0.1707 0.2164 0.0779 0.1273 
   NS_SS0827  3 0.1499 0.1951 0.3312 0.1392 0.0486 0.1358 
   NS_SS0853  3 0.1522 0.1876 0.4071 0.1263 0.0620 0.0648 
   NS_SS0780  3 0.2147 0.0824 0.1483 0.1202 0.1409 0.2936 
   NS_SS0826  3 0.1797 0.1129 0.0560 0.2499 0.0649 0.3366 
   NS_SS0818  3 0.1451 0.0610 0.2256 0.1385 0.2038 0.2260 
   NS_SS0745  3 0.2263 0.0619 0.4281 0.0505 0.1548 0.0784 
   NS_SS0849  3 0.4420 0.0916 0.1383 0.1428 0.0428 0.1425 
   NS_SS0739  3 0.2031 0.1194 0.2380 0.0603 0.1427 0.2365 
   NS_SS0799  3 0.1193 0.1977 0.1802 0.1493 0.2922 0.0613 
   NS_SS0756  3 0.1300 0.0660 0.1505 0.3235 0.0791 0.2509 
   NS_SS0802  3 0.0700 0.1815 0.1286 0.1074 0.1687 0.3437 
   NS_SS0747  3 0.0967 0.1316 0.1399 0.2543 0.1423 0.2353 
   NS_SS0835  3 0.0702 0.3509 0.1099 0.1072 0.1343 0.2275 
   NS_SS0742  3 0.1728 0.0836 0.1395 0.1869 0.1836 0.2336 
   NS_SS0760  3 0.0802 0.3731 0.1716 0.1521 0.1100 0.1129 
   NS_SS0803  3 0.0995 0.0522 0.0639 0.4352 0.2910 0.0583 
   NS_SS0828  3 0.2779 0.1482 0.1911 0.1493 0.1188 0.1146 
   NS_SS0865  3 0.2737 0.1375 0.0677 0.1485 0.0668 0.3059 
   NS_SS0759  3 0.2082 0.0729 0.2564 0.1323 0.1846 0.1456 
   NS_SS0851  3 0.4875 0.0815 0.1639 0.0987 0.0576 0.1107 
   NS_SS0874  3 0.1080 0.0866 0.1464 0.4034 0.1411 0.1145 
   NS_SS0761  3 0.1922 0.3129 0.0779 0.2089 0.0799 0.1282 
   NS_SS0842  3 0.1288 0.2220 0.2696 0.1733 0.1042 0.1020 
   NS_SS0785  3 0.1611 0.1840 0.1314 0.2307 0.1603 0.1325 
   NS_SS0860  3 0.0808 0.3642 0.0942 0.1442 0.1327 0.1839 
   NS_SS0897  3 0.1859 0.4238 0.1067 0.0903 0.1182 0.0750 
   NS_SS0841  3 0.2449 0.0706 0.2879 0.1886 0.1162 0.0918 
   NS_SS0797  3 0.2511 0.2311 0.1220 0.1730 0.0657 0.1571 
   NS_SS0830  3 0.2497 0.1441 0.1563 0.1492 0.1136 0.1871 
   NS_SS1011  3 0.1893 0.0644 0.0716 0.1632 0.1247 0.3869 
   NS_SS0883  3 0.2144 0.1753 0.2410 0.1728 0.1012 0.0953 
   NS_SS0782  3 0.1210 0.1615 0.1857 0.1236 0.3258 0.0823 
   NS_SS0831  3 0.3180 0.3035 0.1193 0.1024 0.0878 0.0689 
   NS_SS0749  3 0.2910 0.1397 0.1518 0.0890 0.1992 0.1293 
   NS_SS0854  3 0.1574 0.1382 0.0841 0.1251 0.3941 0.1010 
   HI_SS0193  4 0.2909 0.2011 0.0611 0.0614 0.2776 0.1079 
   HI_SS0194  4 0.1346 0.1017 0.1106 0.1056 0.3029 0.2447 
   HI_SS0195  4 0.3651 0.0500 0.2047 0.0654 0.1030 0.2117 
   HI_SS0196  4 0.1249 0.1545 0.2329 0.1075 0.2869 0.0933 
   HI_SS0197  4 0.0519 0.0914 0.1131 0.0691 0.0818 0.5926 
   HI_SS0198  4 0.2960 0.1895 0.1424 0.1143 0.1380 0.1198 
   HI_SS0199  4 0.0921 0.2294 0.1297 0.0958 0.3670 0.0860 
   HI_SS0201  4 0.1980 0.3451 0.0633 0.2031 0.0671 0.1234 
   HI_SS0215  4 0.1316 0.3415 0.1163 0.1818 0.0637 0.1651 
   HI_SS0218  4 0.1828 0.3899 0.1214 0.0721 0.1791 0.0547 
   HI_SS0222  4 0.2290 0.1328 0.1931 0.0668 0.1717 0.2066 
   HI_SS0230  4 0.0793 0.1098 0.2910 0.1775 0.0514 0.2909 
   HI_SS0234  4 0.0653 0.1125 0.0774 0.1288 0.3547 0.2613 
   HI_SS0240  4 0.1270 0.0958 0.1606 0.0697 0.4232 0.1236 
   HI_SS0241  4 0.1380 0.3022 0.0950 0.1854 0.1255 0.1539 
   HI_SS0242  4 0.2135 0.1759 0.0927 0.2519 0.1503 0.1158 
   HI_SS0247  4 0.1269 0.1183 0.1158 0.4158 0.0702 0.1530 
   HI_SS0248  4 0.0790 0.2537 0.1491 0.1925 0.2735 0.0521 
   HI_SS0252  4 0.2152 0.0945 0.1072 0.1843 0.3326 0.0662 
   HI_SS0254  4 0.0787 0.1602 0.1044 0.1868 0.1468 0.3231 
   HI_SS0256  4 0.1345 0.0306 0.1697 0.2234 0.2140 0.2278 
   HI_SS0257  4 0.0498 0.2684 0.0442 0.2267 0.2024 0.2085 
   HI_SS0258  4 0.1431 0.2951 0.1488 0.1720 0.1446 0.0964 
   HI_SS0259  4 0.1708 0.0951 0.0927 0.0754 0.2067 0.3592 
   HI_SS0260  4 0.0877 0.3040 0.2517 0.1013 0.1719 0.0834 
   HI_SS0261  4 0.0868 0.1749 0.0780 0.2308 0.1656 0.2639 
   HI_SS0262  4 0.2823 0.1110 0.1747 0.0963 0.1735 0.1622 
   HI_SS0264  4 0.1130 0.1059 0.3641 0.1486 0.0560 0.2124 
   HI_SS0265  4 0.2649 0.0947 0.1056 0.1135 0.0911 0.3302 
   HI_SS0268  4 0.0905 0.1943 0.3364 0.0512 0.0714 0.2562 
   HI_SS0269  4 0.0711 0.3339 0.0426 0.1294 0.2254 0.1977 
   HI_SS0273  4 0.1288 0.2720 0.0926 0.2259 0.1076 0.1731 
   HI_SS0277  4 0.1254 0.0775 0.0796 0.1374 0.0738 0.5063 
   HI_SS0280  4 0.3060 0.1516 0.2155 0.0733 0.1267 0.1269 
   HI_SS0282  4 0.2110 0.1992 0.0699 0.2313 0.1839 0.1048 
   HI_SS0286  4 0.2709 0.1701 0.1002 0.1150 0.1623 0.1815 
   NS_SS1252  5 0.1266 0.4302 0.0939 0.1394 0.1450 0.0649 
   NS_SS1261  5 0.1027 0.1372 0.2256 0.1789 0.1627 0.1929 
   NS_SS1225  5 0.0835 0.2167 0.0773 0.4087 0.0937 0.1201 
   NS_SS1266  5 0.1282 0.0511 0.1009 0.4857 0.1251 0.1091 
   NS_SS1228  5 0.3499 0.0942 0.2386 0.0876 0.1177 0.1120 
   NS_SS1255  5 0.0840 0.1191 0.2135 0.1019 0.3973 0.0841 
   NS_SS1267  5 0.1404 0.4529 0.1064 0.0655 0.1249 0.1100 
   NS_SS1238  5 0.2334 0.1555 0.1864 0.0900 0.0936 0.2411 
   NS_SS1233  5 0.1142 0.0828 0.1920 0.4793 0.0491 0.0826 
   NS_SS1277  5 0.1794 0.2364 0.1289 0.0660 0.2971 0.0921 
   NS_SS1245  5 0.0915 0.1796 0.1012 0.3443 0.1540 0.1295 
   NS_SS1240  5 0.0618 0.4372 0.0983 0.0971 0.1539 0.1516 
   NS_SS1275  5 0.2278 0.0471 0.0954 0.1268 0.1090 0.3941 
   NS_SS1235  5 0.0550 0.0942 0.0599 0.2180 0.4018 0.1711 
   NS_SS1263  5 0.1044 0.0680 0.2058 0.3125 0.2249 0.0844 
   NS_SS1251  5 0.1017 0.0839 0.1279 0.3712 0.1541 0.1612 
   NS_SS1248  5 0.4675 0.1492 0.1633 0.0866 0.0403 0.0931 
   NS_SS1244  5 0.1581 0.1121 0.0500 0.2024 0.0978 0.3796 
   NS_SS1257  5 0.1415 0.2896 0.1150 0.1302 0.2122 0.1115 
   NS_SS1242  5 0.1423 0.0849 0.3017 0.1815 0.1470 0.1426 
   NS_SS1271  5 0.1637 0.3992 0.0717 0.0840 0.1554 0.1260 
   NS_SS1265  5 0.1175 0.3342 0.1329 0.1376 0.0739 0.2040 
   NS_SS1243  5 0.3045 0.1142 0.2092 0.1067 0.1920 0.0735 
   NS_SS1273  5 0.1013 0.0626 0.4193 0.1702 0.1432 0.1034 
   NS_SS1254  5 0.0854 0.0892 0.2257 0.4097 0.1054 0.0846 
   NS_SS1224  5 0.2598 0.0748 0.1460 0.2866 0.1239 0.1089 
   NS_SS1227  5 0.0620 0.2583 0.1965 0.1047 0.1274 0.2512 
   NS_SS1274  5 0.1469 0.2407 0.1363 0.1431 0.2339 0.0991 
   NS_SS1241  5 0.1657 0.2113 0.0874 0.2702 0.1447 0.1207 
   NS_SS1256  5 0.0694 0.2085 0.1116 0.3381 0.0782 0.1943 
   NS_SS1260  5 0.0988 0.2992 0.1323 0.1258 0.2359 0.1080 
   NS_SS1262  5 0.1920 0.1801 0.0857 0.2873 0.1155 0.1394 
   NS_SS1230  5 0.1544 0.2338 0.1997 0.1812 0.1078 0.1231 
   NS_SS1270  5 0.3675 0.0794 0.0752 0.2826 0.0612 0.1340 
   NS_SS1229  5 0.0534 0.0583 0.0575 0.1176 0.4331 0.2801 
   NS_SS1246  5 0.1127 0.2187 0.0576 0.0814 0.2865 0.2431 
   NS_SS1269  5 0.1793 0.1256 0.2042 0.1688 0.1805 0.1415 
   NS_SS1239  5 0.3175 0.0666 0.0856 0.0681 0.3806 0.0815 
   NS_SS1272  5 0.0858 0.0842 0.0861 0.1607 0.0801 0.5031 
   NS_SS1268  5 0.3717 0.0742 0.1273 0.2914 0.0665 0.0689 
   NS_SS1249  5 0.1051 0.3747 0.0746 0.1116 0.2572 0.0768 
   HI_SS0559  6 0.2488 0.1711 0.1476 0.1598 0.1953 0.0774 
   HI_SS0563  6 0.1476 0.1319 0.1232 0.2093 0.2095 0.1785 
   HI_SS0564  6 0.2361 0.0985 0.0858 0.1471 0.1824 0.2499 
   HI_SS0565  6 0.0829 0.1984 0.1382 0.1551 0.0826 0.3428 
   HI_SS0569  6 0.1039 0.2553 0.0826 0.3761 0.0494 0.1327 
   HI_SS0570  6 0.2014 0.3047 0.1155 0.0593 0.1565 0.1627 
   HI_SS0572  6 0.0930 0.0752 0.1734 0.1425 0.3539 0.1621 
   HI_SS0576  6 0.2663 0.0766 0.2588 0.1116 0.1432 0.1435 
   HI_SS0579  6 0.0814 0.1693 0.0566 0.4136 0.2145 0.0646 
   HI_SS0580  6 0.1200 0.2604 0.2455 0.1099 0.1896 0.0746 
   HI_SS0581  6 0.2999 0.0608 0.1227 0.0826 0.0845 0.3495 
   HI_SS0583  6 0.0481 0.3379 0.2075 0.1567 0.1424 0.1073 
   HI_SS0586  6 0.1160 0.4017 0.2499 0.0785 0.0539 0.1001 
   HI_SS0588  6 0.1325 0.2464 0.1157 0.2697 0.1555 0.0803 
   HI_SS0595  6 0.0588 0.2551 0.1390 0.1029 0.1081 0.3361 
   HI_SS0596  6 0.0907 0.0625 0.3109 0.1277 0.3406 0.0675 
   HI_SS0597  6 0.0745 0.1067 0.2257 0.1545 0.1937 0.2449 
   HI_SS0600  6 0.1574 0.1891 0.0745 0.1069 0.2286 0.2435 
   HI_SS0601  6 0.1267 0.1495 0.0830 0.3329 0.0855 0.2224 
   HI_SS0602  6 0.1609 0.2949 0.2934 0.0867 0.0890 0.0751 
   HI_SS0604  6 0.2721 0.1324 0.0945 0.2480 0.1717 0.0815 
   HI_SS0605  6 0.3833 0.1883 0.0725 0.1011 0.1652 0.0896 
   HI_SS0608  6 0.1423 0.1529 0.3463 0.1107 0.1241 0.1238 
   HI_SS0609  6 0.0639 0.0946 0.1883 0.3538 0.1274 0.1720 
   HI_SS0611  6 0.2783 0.3170 0.1593 0.0877 0.0830 0.0747 
   HI_SS0612  6 0.0491 0.1260 0.0630 0.4046 0.2552 0.1023 
   HI_SS0613  6 0.3994 0.1418 0.1736 0.1388 0.0666 0.0798 
   HI_SS0615  6 0.1764 0.0606 0.2540 0.0882 0.2657 0.1552 
   HI_SS0001  6 0.0980 0.2034 0.1283 0.1012 0.2910 0.1781 
   HI_SS0002  6 0.0919 0.0740 0.1829 0.2819 0.1671 0.2022 
   HI_SS0004  6 0.1568 0.2732 0.1933 0.0731 0.1993 0.1044 
   HI_SS0005  6 0.3396 0.1205 0.2327 0.0946 0.0642 0.1485 
   HI_SS0006  6 0.1089 0.2608 0.0719 0.2141 0.1325 0.2118 
   HI_SS0007  6 0.4744 0.1920 0.0750 0.0604 0.1469 0.0514 
   HI_SS0008  6 0.1829 0.1256 0.1510 0.1330 0.0982 0.3093 
   HI_SS0009  6 0.2777 0.0706 0.2073 0.1156 0.2651 0.0637 
   HI_SS0010  6 0.1847 0.1810 0.2477 0.1499 0.0790 0.1575 
   HI_SS0011  6 0.1409 0.0813 0.1365 0.3606 0.0504 0.2302 
   HI_SS0012  6 0.1071 0.0575 0.1941 0.1165 0.2365 0.2884 
   HI_SS0017  6 0.1719 0.0772 0.1465 0.1072 0.3504 0.1468 
   HI_SS0021  6 0.0784 0.2640 0.2733 0.1086 0.0510 0.2247 
   HI_SS0024  6 0.2096 0.0768 0.2202 0.0731 0.1746 0.2457 
   HI_SS0025  6 0.1535 0.0843 0.2880 0.1685 0.2271 0.0785 
   HI_SS0027  6 0.1901 0.2449 0.1246 0.2423 0.1312 0.0669 
   HI_SS0028  6 0.1555 0.0469 0.3567 0.0715 0.0459 0.3236 
   HI_SS0029  6 0.0685 0.1730 0.4211 0.0574 0.1468 0.1333 
   HI_SS0030  6 0.2259 0.1609 0.0719 0.1343 0.2537 0.1534 
   HI_SS0031  6 0.0731 0.0974 0.1504 0.1893 0.2122 0.2777 
   HI_SS0034  6 0.1286 0.2980 0.0572 0.2320 0.1891 0.0951 
   HI_SS0036  6 0.1830 0.3244 0.1088 0.0402 0.0934 0.2502 
   HI_SS0037  6 0.1326 0.3632 0.2324 0.1416 0.0568 0.0733 
   HI_SS0039  6 0.2701 0.2463 0.2172 0.0741 0.0592 0.1330 
   HI_SS0041  6 0.3780 0.0737 0.1757 0.0794 0.1676 0.1256 
   HI_SS0042  6 0.1286 0.0771 0.2573 0.1682 0.1220 0.2468 
   HI_SS0043  6 0.1428 0.3999 0.0620 0.0858 0.1014 0.2080 
   HI_SS0044  6 0.0726 0.2323 0.3197 0.0546 0.2378 0.0829 
   HI_SS0047  6 0.2485 0.0774 0.1045 0.1764 0.2655 0.1278 
   HI_SS0049  6 0.1177 0.1175 0.2153 0.2177 0.2422 0.0896 
   HI_SS0051  6 0.4231 0.0998 0.0780 0.2143 0.1040 0.0808 
   HI_SS0053  6 0.1080 0.3212 0.0641 0.1258 0.1281 0.2528 
   HI_SS0054  6 0.2180 0.2637 0.0526 0.2969 0.0584 0.1105 
   HI_SS0057  6 0.3360 0.1030 0.1263 0.1368 0.1000 0.1980 
   HI_SS0058  6 0.1141 0.2865 0.2035 0.2048 0.1124 0.0788 
   HI_SS0060  6 0.2685 0.1131 0.0966 0.1650 0.0963 0.2604 
   HI_SS0087  6 0.1254 0.1711 0.0881 0.1929 0.1480 0.2745 
   HI_SS0091  6 0.0715 0.3887 0.0460 0.0948 0.1099 0.2891 
   HI_SS0095  6 0.1682 0.1537 0.0866 0.1395 0.1982 0.2538 
   HI_SS0097  6 0.0925 0.0779 0.0919 0.4765 0.1578 0.1033 
   HI_SS0099  6 0.0759 0.1562 0.4963 0.1005 0.0880 0.0831 
   HI_SS0103  6 0.1280 0.1118 0.1144 0.1053 0.3051 0.2355 
   HI_SS0105  6 0.1706 0.1205 0.0854 0.1839 0.0751 0.3645 
   HI_SS0107  6 0.1332 0.0508 0.1007 0.1199 0.3796 0.2157 
   HI_SS0108  6 0.1384 0.4452 0.0602 0.1129 0.1365 0.1069 
   HI_SS0110  6 0.0676 0.1512 0.0940 0.0896 0.2236 0.3739 
   HI_SS0111  6 0.1540 0.1302 0.1333 0.0902 0.2232 0.2691 
   HI_SS0112  6 0.1065 0.4124 0.1147 0.0896 0.1408 0.1359 
   HI_SS0113  6 0.1195 0.0795 0.2783 0.1511 0.1448 0.2269 
   HI_SS0114  6 0.2166 0.3035 0.1260 0.1704 0.0751 0.1084 
   HI_SS0115  6 0.1318 0.1405 0.2062 0.1534 0.3112 0.0568 
   HI_SS0116  6 0.0445 0.2789 0.2813 0.0880 0.2217 0.0855 
   HI_SS0117  6 0.0558 0.2056 0.0727 0.2872 0.0917 0.2870 
   HI_SS0118  6 0.0768 0.2657 0.1709 0.1902 0.1152 0.1812 
   HI_SS0119  6 0.1417 0.1774 0.0618 0.1381 0.1113 0.3696 
   HI_SS0120  6 0.1065 0.0526 0.0929 0.0846 0.3597 0.3036 
   HI_SS0121  6 0.1437 0.0597 0.1945 0.1590 0.0387 0.4044 
   HI_SS0122  6 0.2099 0.1454 0.1389 0.1198 0.1125 0.2734 
   HI_SS0123  6 0.0774 0.1666 0.1310 0.1938 0.1305 0.3006 
   HI_SS0124  6 0.1474 0.0576 0.3221 0.0947 0.2884 0.0898 
   HI_SS0125  6 0.1710 0.0616 0.2838 0.1231 0.1761 0.1842 
   HI_SS0126  6 0.0793 0.3602 0.2177 0.0804 0.1631 0.0993 
   HI_SS0127  6 0.3848 0.1035 0.1325 0.2192 0.0766 0.0834 
   HI_SS0128  6 0.0833 0.1248 0.1425 0.1957 0.2874 0.1663 
   HI_SS0129  6 0.2221 0.2625 0.1065 0.0861 0.1712 0.1517 
   HI_SS0131  6 0.1758 0.2399 0.1759 0.2568 0.0482 0.1034 
   HI_SS0132  6 0.1106 0.1307 0.1928 0.1720 0.0774 0.3166 
   HI_SS0133  6 0.1453 0.4396 0.0700 0.0726 0.1628 0.1096 
   HI_SS0134  6 0.1367 0.1762 0.1320 0.2063 0.1590 0.1897 
   HI_SS0142  6 0.1568 0.1113 0.0939 0.2236 0.1206 0.2938 
   HI_SS0145  6 0.0973 0.1862 0.1033 0.2904 0.2271 0.0957 
   HI_SS0146  6 0.1912 0.1934 0.1119 0.2435 0.1806 0.0794 
   HI_SS0147  6 0.4363 0.0776 0.1132 0.1694 0.0771 0.1264 
   HI_SS0149  6 0.0848 0.1405 0.0969 0.1638 0.0470 0.4670 
   HI_SS0150  6 0.2188 0.0760 0.1990 0.1833 0.1852 0.1377 
   HI_SS0151  6 0.2208 0.1323 0.0639 0.1008 0.4217 0.0606 
   NS_SS1451  6 0.2303 0.0578 0.2493 0.0928 0.2005 0.1693 
   NS_SS1404  6 0.3877 0.1179 0.1890 0.0895 0.0834 0.1325 
   NS_SS1432  6 0.0880 0.0671 0.2868 0.0470 0.1618 0.3493 
   NS_SS1405  6 0.0870 0.1445 0.4128 0.0899 0.1681 0.0977 
   NS_SS1431  6 0.1363 0.0681 0.2300 0.1123 0.1512 0.3020 
   NS_SS1402  6 0.1079 0.1536 0.1173 0.1543 0.2093 0.2576 
   NS_SS1450  6 0.2467 0.2255 0.0714 0.0769 0.2749 0.1046 
   NS_SS1396  6 0.1497 0.1349 0.2736 0.1502 0.1259 0.1658 
   NS_SS1393  6 0.1471 0.2011 0.1895 0.1080 0.2186 0.1358 
   NS_SS1392  6 0.2317 0.0858 0.2003 0.0577 0.3381 0.0864 
   NS_SS1445  6 0.1285 0.2617 0.0985 0.2462 0.0654 0.1997 
   NS_SS1423  6 0.0694 0.1613 0.0905 0.0930 0.2691 0.3167 
   NS_SS1421  6 0.1709 0.1663 0.0982 0.1749 0.1659 0.2237 
   NS_SS1411  6 0.3921 0.2514 0.1275 0.0895 0.0731 0.0664 
   NS_SS1453  6 0.1187 0.2242 0.1472 0.0824 0.1192 0.3082 
   NS_SS1442  6 0.1123 0.1261 0.1712 0.3463 0.1545 0.0896 
   NS_SS1422  6 0.0825 0.0858 0.0711 0.2658 0.3578 0.1369 
   NS_SS1419  6 0.1566 0.1075 0.1810 0.4246 0.0566 0.0736 
   NS_SS1427  6 0.0891 0.3478 0.0732 0.0468 0.3324 0.1107 
   NS_SS1444  6 0.2035 0.0959 0.2732 0.2478 0.0983 0.0813 
   NS_SS1455  6 0.0503 0.0653 0.3210 0.2197 0.2257 0.1180 
   NS_SS1425  6 0.1622 0.3809 0.0789 0.1842 0.0791 0.1148 
   NS_SS1400  6 0.1114 0.3219 0.2032 0.2143 0.0603 0.0889 
   NS_SS1406  6 0.0588 0.0552 0.1913 0.3287 0.0852 0.2808 
   NS_SS1417  6 0.1629 0.1819 0.1325 0.2251 0.1308 0.1668 
   NS_SS1454  6 0.1248 0.2724 0.1964 0.1008 0.0454 0.2603 
   NS_SS1412  6 0.2328 0.2042 0.1689 0.0942 0.1522 0.1477 
   NS_SS1438  6 0.2093 0.3193 0.0622 0.1980 0.1017 0.1094 
   NS_SS1416  6 0.1342 0.1816 0.2381 0.1377 0.1003 0.2082 
   NS_SS1401  6 0.0884 0.1673 0.1451 0.1549 0.1321 0.3122 
   NS_SS1424  6 0.2019 0.1650 0.0620 0.1023 0.1525 0.3163 
   NS_SS1435  6 0.1834 0.1337 0.2551 0.0696 0.1971 0.1611 
   NS_SS1447  6 0.2879 0.0972 0.1427 0.2395 0.0909 0.1418 
   NS_SS1414  6 0.2117 0.0923 0.3035 0.2367 0.0677 0.0881 
   NS_SS1449  6 0.1828 0.0800 0.0652 0.0830 0.3608 0.2282 
   NS_SS1443  6 0.0647 0.2804 0.0540 0.1814 0.3167 0.1028 
   NS_SS1434  6 0.0837 0.1307 0.1165 0.1182 0.4742 0.0766 
   NS_SS1398  6 0.1176 0.1207 0.3363 0.0970 0.1661 0.1623 
   NS_SS1426  6 0.1363 0.3576 0.0717 0.1083 0.1792 0.1468 
   NS_SS1413  6 0.1124 0.2532 0.1239 0.1937 0.1928 0.1241 
   NS_SS1395  6 0.0863 0.2470 0.0651 0.1307 0.2114 0.2595 
   NS_SS1448  6 0.3729 0.2060 0.1434 0.0832 0.1020 0.0926 
   NS_SS1446  6 0.1683 0.2360 0.0667 0.1235 0.1792 0.2262 
   NS_SS1403  6 0.0753 0.0926 0.1972 0.0717 0.1364 0.4268 
   NS_SS1415  6 0.1637 0.2867 0.1671 0.1345 0.1436 0.1043 
   NS_SS1437  6 0.1219 0.1230 0.1883 0.1418 0.0779 0.3472 
   NS_SS1439  6 0.1134 0.1664 0.1092 0.2653 0.1745 0.1712 
   NS_SS1441  6 0.0571 0.2604 0.1925 0.1853 0.1879 0.1168 
   NS_SS1420  6 0.5300 0.0781 0.1387 0.0704 0.1361 0.0467 
   NS_SS1394  6 0.2444 0.0813 0.3388 0.0943 0.0733 0.1680 
   NS_SS1391  6 0.0737 0.2195 0.1514 0.0698 0.3340 0.1515 
   NS_SS1410  6 0.1013 0.2132 0.1685 0.1229 0.1589 0.2351 
   NS_SS1408  6 0.2043 0.0925 0.0847 0.1904 0.1225 0.3056 
   NS_SS1409  6 0.0632 0.1977 0.1964 0.1089 0.3121 0.1217 
   HI_SS0617  7 0.1574 0.2224 0.1109 0.0675 0.3530 0.0887 
   HI_SS0618  7 0.1447 0.1016 0.3288 0.1445 0.1900 0.0904 
   HI_SS0619  7 0.0970 0.1973 0.3818 0.0984 0.1338 0.0917 
   HI_SS0620  7 0.3402 0.3010 0.0498 0.0724 0.1961 0.0405 
   HI_SS0621  7 0.1561 0.0962 0.1726 0.1953 0.2013 0.1785 
   HI_SS0622  7 0.2062 0.1507 0.1395 0.2850 0.1125 0.1061 
   HI_SS0626  7 0.3632 0.1441 0.1801 0.0833 0.0582 0.1711 
   HI_SS0627  7 0.1108 0.0792 0.1581 0.0848 0.1503 0.4167 
   HI_SS0628  7 0.1407 0.3130 0.1865 0.0787 0.0856 0.1955 
   HI_SS0629  7 0.1127 0.1944 0.2095 0.1872 0.0926 0.2035 
   HI_SS0630  7 0.2016 0.2311 0.1874 0.1415 0.1556 0.0828 
   HI_SS0631  7 0.2474 0.1854 0.1368 0.1165 0.1931 0.1208 
   HI_SS0632  7 0.3154 0.1306 0.1142 0.2370 0.0817 0.1210 
   HI_SS0633  7 0.0586 0.1284 0.3405 0.1056 0.2998 0.0671 
   HI_SS0634  7 0.2497 0.1644 0.1154 0.0857 0.0941 0.2907 
   HI_SS0635  7 0.1700 0.0994 0.2983 0.1867 0.0988 0.1468 
   HI_SS0637  7 0.2838 0.1510 0.0628 0.2512 0.0721 0.1791 
   HI_SS0638  7 0.1864 0.1615 0.1644 0.1476 0.1896 0.1505 
   HI_SS0639  7 0.2417 0.0744 0.1908 0.1680 0.1434 0.1818 
   HI_SS0640  7 0.1379 0.1212 0.1139 0.3417 0.1752 0.1102 
   HI_SS0641  7 0.2086 0.2859 0.2539 0.1159 0.0506 0.0850 
   HI_SS0642  7 0.1083 0.0609 0.1221 0.0858 0.1201 0.5028 
   HI_SS0645  7 0.2483 0.0581 0.4172 0.1239 0.0895 0.0631 
   HI_SS0646  7 0.1049 0.1250 0.0845 0.1685 0.3581 0.1590 
   HI_SS0647  7 0.1516 0.1246 0.1754 0.1389 0.1952 0.2143 
   HI_SS0648  7 0.1912 0.1370 0.1624 0.2017 0.1720 0.1357 
   HI_SS0649  7 0.0850 0.1656 0.2541 0.1985 0.1770 0.1197 
   HI_SS0650  7 0.1336 0.0776 0.1518 0.0871 0.4221 0.1278 
   HI_SS0651  7 0.1192 0.1418 0.2210 0.1709 0.2083 0.1388 
   HI_SS0652  7 0.4393 0.0734 0.1662 0.1109 0.1291 0.0812 
   NS_SS1371  7 0.0644 0.1752 0.1323 0.0937 0.2481 0.2862 
   NS_SS1374  7 0.2348 0.2348 0.1020 0.0569 0.0829 0.2887 
   NS_SS1337  7 0.4253 0.0664 0.0628 0.0765 0.1254 0.2435 
   NS_SS1385  7 0.1156 0.1033 0.1449 0.1767 0.2797 0.1798 
   NS_SS1388  7 0.0664 0.1949 0.4625 0.0966 0.0674 0.1123 
   NS_SS1370  7 0.6018 0.0500 0.0875 0.0845 0.0962 0.0800 
   NS_SS1389  7 0.1257 0.1232 0.4899 0.0805 0.0645 0.1163 
   NS_SS1360  7 0.2036 0.2263 0.1670 0.2042 0.0810 0.1180 
   NS_SS1330  7 0.2322 0.0756 0.1981 0.1830 0.1943 0.1167 
   NS_SS1328  7 0.0929 0.2323 0.0702 0.0997 0.3461 0.1587 
   NS_SS1384  7 0.1728 0.1570 0.0649 0.2515 0.1294 0.2244 
   NS_SS1381  7 0.1191 0.0546 0.1580 0.1343 0.4488 0.0852 
   NS_SS1375  7 0.1307 0.1016 0.3582 0.0513 0.2309 0.1273 
   NS_SS1319  7 0.1527 0.1614 0.1673 0.0978 0.1538 0.2670 
   NS_SS1326  7 0.0704 0.3659 0.2491 0.0724 0.1526 0.0896 
   NS_SS1341  7 0.1064 0.2126 0.0610 0.1888 0.0792 0.3520 
   NS_SS1383  7 0.2015 0.1011 0.0701 0.1114 0.1152 0.4006 
   NS_SS1318  7 0.2736 0.1279 0.1573 0.1623 0.1952 0.0837 
   NS_SS1348  7 0.1662 0.2842 0.0539 0.2008 0.1244 0.1706 
   NS_SS1363  7 0.2500 0.1069 0.1733 0.2024 0.1060 0.1613 
   NS_SS1335  7 0.1402 0.1990 0.1088 0.3326 0.0716 0.1479 
   NS_SS1358  7 0.1308 0.1635 0.0359 0.2465 0.1872 0.2360 
   NS_SS1342  7 0.0611 0.1970 0.0878 0.1747 0.1177 0.3618 
   NS_SS1320  7 0.0542 0.0358 0.2977 0.2181 0.3149 0.0793 
   NS_SS1355  7 0.1463 0.0822 0.0956 0.3978 0.1813 0.0968 
   NS_SS1345  7 0.1156 0.0540 0.0583 0.5658 0.1365 0.0699 
   NS_SS1324  7 0.1300 0.2192 0.1793 0.1700 0.1454 0.1560 
   NS_SS1347  7 0.1293 0.1059 0.1492 0.1615 0.2382 0.2159 
   NS_SS1321  7 0.1791 0.2683 0.1038 0.0547 0.0933 0.3008 
   NS_SS1333  7 0.0911 0.2660 0.1976 0.0421 0.0868 0.3164 
   NS_SS1364  7 0.0936 0.2211 0.0873 0.3757 0.0713 0.1509 
   NS_SS1379  7 0.1443 0.1178 0.1588 0.1507 0.2850 0.1434 
   NS_SS1332  7 0.0619 0.3550 0.2832 0.1011 0.0558 0.1429 
   NS_SS1338  7 0.2705 0.1878 0.1252 0.1020 0.1403 0.1743 
   NS_SS1368  7 0.0663 0.2639 0.1452 0.2962 0.0513 0.1772 
   NS_SS1354  7 0.1230 0.1382 0.1929 0.2367 0.1040 0.2052 
   NS_SS1365  7 0.2391 0.0914 0.1748 0.2150 0.1244 0.1553 
   NS_SS1380  7 0.1696 0.0803 0.2143 0.3331 0.0721 0.1307 
   NS_SS1329  7 0.0580 0.2161 0.1015 0.1836 0.0848 0.3560 
   NS_SS1362  7 0.0952 0.1485 0.0812 0.1940 0.2617 0.2194 
   NS_SS1327  7 0.1081 0.5140 0.0795 0.0527 0.1261 0.1197 
   NS_SS1350  7 0.0842 0.1972 0.0937 0.0536 0.4552 0.1160 
   NS_SS1387  7 0.2116 0.1259 0.3487 0.1473 0.0734 0.0932 
   NS_SS1369  7 0.2156 0.2546 0.0785 0.2884 0.0745 0.0885 
   NS_SS1331  7 0.1728 0.1914 0.3298 0.0725 0.0624 0.1711 
   NS_SS1357  7 0.0596 0.1467 0.0867 0.0885 0.4687 0.1498 
   NS_SS1386  7 0.0657 0.3878 0.0615 0.1473 0.0607 0.2771 
   NS_SS1353  7 0.1022 0.1427 0.2290 0.1023 0.2334 0.1904 
   NS_SS1323  7 0.1245 0.0659 0.1363 0.2348 0.1446 0.2941 
   HI_SS0296  8 0.3099 0.2012 0.1190 0.1321 0.1790 0.0588 
   HI_SS0297  8 0.0876 0.0831 0.0791 0.0743 0.3273 0.3486 
   HI_SS0299  8 0.2785 0.1482 0.0475 0.2192 0.1714 0.1351 
   HI_SS0300  8 0.2732 0.1428 0.0801 0.3005 0.1299 0.0735 
   HI_SS0301  8 0.3779 0.1099 0.1208 0.1635 0.0369 0.1910 
   HI_SS0302  8 0.3449 0.2156 0.1083 0.1746 0.0876 0.0689 
   HI_SS0303  8 0.0778 0.3342 0.2185 0.1186 0.1653 0.0858 
   HI_SS0304  8 0.1940 0.1717 0.3277 0.0622 0.0941 0.1502 
   HI_SS0306  8 0.3457 0.2852 0.0685 0.1119 0.1022 0.0866 
   HI_SS0307  8 0.1664 0.1052 0.2575 0.1987 0.1142 0.1580 
   HI_SS0308  8 0.0844 0.0885 0.2563 0.2455 0.1230 0.2024 
   HI_SS0309  8 0.1844 0.0793 0.0950 0.3231 0.1657 0.1525 
   HI_SS0310  8 0.1274 0.1606 0.2908 0.1745 0.1620 0.0848 
   HI_SS0311  8 0.3284 0.1357 0.1004 0.2185 0.0765 0.1406 
   HI_SS0314  8 0.0567 0.1539 0.3664 0.1033 0.1856 0.1341 
   HI_SS0316  8 0.1000 0.2452 0.1864 0.1990 0.0980 0.1714 
   HI_SS0317  8 0.2288 0.1043 0.1082 0.1052 0.1475 0.3060 
   HI_SS0318  8 0.1169 0.3023 0.0836 0.1208 0.0746 0.3017 
   HI_SS0319  8 0.0505 0.4225 0.0805 0.2303 0.1430 0.0733 
   HI_SS0320  8 0.0697 0.0817 0.3403 0.0521 0.0764 0.3797 
   HI_SS0321  8 0.1194 0.1606 0.0830 0.0789 0.2395 0.3185 
   HI_SS0323  8 0.2345 0.2867 0.1151 0.1234 0.1451 0.0953 
   HI_SS0325  8 0.4109 0.2098 0.0753 0.1278 0.0818 0.0944 
   HI_SS0327  8 0.0399 0.1790 0.0464 0.1667 0.4554 0.1126 
   HI_SS0329  8 0.2213 0.1155 0.2535 0.1265 0.0776 0.2056 
   HI_SS0333  8 0.1087 0.1580 0.2669 0.1628 0.1313 0.1723 
   HI_SS0334  8 0.1930 0.2532 0.0570 0.1837 0.1283 0.1848 
   HI_SS0335  8 0.1597 0.0647 0.0696 0.3338 0.2120 0.1602 
   HI_SS0339  8 0.1584 0.1053 0.1777 0.3647 0.0893 0.1046 
   HI_SS0343  8 0.0902 0.0696 0.0888 0.3036 0.2116 0.2361 
   HI_SS0344  8 0.1209 0.4475 0.0600 0.0824 0.1325 0.1566 
   HI_SS0345  8 0.2438 0.1452 0.1403 0.2282 0.0623 0.1801 
   HI_SS0346  8 0.2192 0.1752 0.0909 0.0669 0.0910 0.3567 
   HI_SS0350  8 0.0832 0.0452 0.2548 0.4559 0.1091 0.0517 
   HI_SS0351  8 0.1218 0.1043 0.0651 0.3850 0.1177 0.2062 
   HI_SS0352  8 0.1301 0.1134 0.1490 0.2260 0.1325 0.2489 
   HI_SS0362  8 0.3286 0.1387 0.2643 0.1108 0.0704 0.0873 
   HI_SS0363  8 0.0920 0.2375 0.0940 0.1831 0.3037 0.0898 
   HI_SS0365  8 0.0577 0.2646 0.1974 0.1498 0.2223 0.1082 
   HI_SS0366  8 0.1807 0.3557 0.0599 0.1146 0.2075 0.0816 
   HI_SS0367  8 0.0934 0.0888 0.3352 0.2231 0.1103 0.1493 
   HI_SS0369  8 0.2162 0.0781 0.2339 0.2097 0.1358 0.1264 
   HI_SS0370  8 0.0724 0.1096 0.0702 0.1134 0.4594 0.1751 
   HI_SS0371  8 0.1708 0.3251 0.1655 0.1493 0.0770 0.1124 
   HI_SS0373  8 0.1161 0.1801 0.3415 0.1415 0.1325 0.0884 
   HI_SS0374  8 0.1009 0.1154 0.2856 0.1786 0.1292 0.1903 
   HI_SS0377  8 0.1935 0.1656 0.0595 0.3921 0.0529 0.1363 
   HI_SS0379  8 0.0854 0.4882 0.0750 0.1045 0.0652 0.1817 
   HI_SS0380  8 0.1466 0.1123 0.1877 0.2444 0.1411 0.1679 
   HI_SS0381  8 0.1862 0.0731 0.1324 0.2852 0.1115 0.2116 
   HI_SS0384  8 0.1355 0.2211 0.1347 0.0532 0.2696 0.1859 
   HI_SS0385  8 0.0957 0.2578 0.3976 0.0828 0.0557 0.1104 
