   NS_SS0963  1 0.2705 0.1232 0.0998 0.3285 0.1779 
   NS_SS0983  1 0.2396 0.0673 0.3577 0.1732 0.1622 
   NS_SS0719  1 0.1496 0.1467 0.1789 0.2853 0.2395 
   NS_SS1001  1 0.1908 0.3722 0.1117 0.0761 0.2492 
   NS_SS0936  1 0.2892 0.2782 0.1116 0.2408 0.0801 
   NS_SS0955  1 0.2622 0.0809 0.2346 0.1904 0.2319 
   NS_SS0944  1 0.3117 0.1728 0.2185 0.1114 0.1856 
   NS_SS0945  1 0.1664 0.3539 0.2224 0.1355 0.1218 
   NS_SS0922  1 0.1430 0.3808 0.1066 0.1666 0.2030 
   NS_SS0929  1 0.2697 0.1061 0.2593 0.2322 0.1328 
   NS_SS0956  1 0.1314 0.2215 0.0965 0.0920 0.4587 
   NS_SS0906  1 0.3431 0.1186 0.2097 0.1714 0.1573 
   NS_SS0721  1 0.1145 0.1147 0.1412 0.1836 0.4459 
   NS_SS0982  1 0.2298 0.1407 0.1032 0.3001 0.2263 
   NS_SS0923  1 0.2339 0.2384 0.1374 0.1959 0.1944 
   NS_SS0905  1 0.2935 0.1711 0.1735 0.1454 0.2165 
   NS_SS0925  1 0.4005 0.1751 0.0890 0.1357 0.1998 
   NS_SS0947  1 0.2956 0.2647 0.1327 0.1842 0.1229 
   NS_SS0926  1 0.1285 0.0735 0.3248 0.3474 0.1257 
   NS_SS0918  1 0.3649 0.1335 0.0760 0.2129 0.2127 
   NS_SS0966  1 0.3285 0.1596 0.1159 0.2600 0.1360 
   NS_SS0938  1 0.1101 0.2950 0.1046 0.3847 0.1056 
   NS_SS0917  1 0.1205 0.1722 0.2973 0.2677 0.1423 
   NS_SS0957  1 0.1782 0.1415 0.1567 0.1557 0.3678 
   NS_SS0987  1 0.1370 0.0911 0.1379 0.1402 0.4938 
   NS_SS0717  1 0.1989 0.3342 0.1095 0.0963 0.2611 
   NS_SS0986  1 0.1610 0.1164 0.1883 0.2259 0.3083 
   NS_SS0953  1 0.3874 0.2503 0.1068 0.0885 0.1670 
   NS_SS0907  1 0.4388 0.0993 0.1512 0.1845 0.1261 
   NS_SS0974  1 0.3174 0.2408 0.1944 0.1597 0.0877 
   NS_SS0989  1 0.1017 0.1339 0.3918 0.2660 0.1067 
   NS_SS0991  1 0.3209 0.0608 0.1969 0.0941 0.3273 
   NS_SS0994  1 0.1052 0.1861 0.5166 0.1034 0.0888 
   NS_SS0931  1 0.1839 0.0763 0.2682 0.2462 0.2254 
   NS_SS1000  1 0.2325 0.3677 0.1064 0.1894 0.1040 
   NS_SS0919  1 0.2405 0.0681 0.1727 0.4315 0.0871 
   NS_SS0949  1 0.1369 0.1349 0.2950 0.2624 0.1708 
   NS_SS0960  1 0.2721 0.0881 0.2415 0.1688 0.2296 
   NS_SS0716  1 0.0593 0.3338 0.0923 0.1264 0.3882 
   NS_SS0924  1 0.2540 0.0890 0.2004 0.2520 0.2046 
   NS_SS0935  1 0.2010 0.1015 0.3207 0.0954 0.2814 
   NS_SS0952  1 0.3018 0.0990 0.2707 0.2012 0.1272 
   NS_SS0962  1 0.1195 0.2194 0.0817 0.3975 0.1819 
   NS_SS0973  1 0.4615 0.1182 0.1365 0.1371 0.1468 
   NS_SS0722  1 0.2578 0.4990 0.0824 0.0744 0.0864 
   NS_SS0979  1 0.1941 0.1573 0.0979 0.2486 0.3021 
   NS_SS0993  1 0.3319 0.2364 0.0791 0.1691 0.1835 
   NS_SS0958  1 0.1587 0.1879 0.3208 0.1699 0.1627 
   NS_SS0988  1 0.2002 0.0879 0.1552 0.4151 0.1415 
   NS_SS1003  1 0.1259 0.0687 0.0545 0.4647 0.2862 
   NS_SS0976  1 0.2245 0.0934 0.2705 0.2667 0.1450 
   NS_SS0964  1 0.1294 0.4017 0.0944 0.0792 0.2953 
   NS_SS0939  1 0.0491 0.3908 0.0725 0.1466 0.3410 
   NS_SS0990  1 0.0732 0.2495 0.2228 0.2693 0.1851 
   NS_SS0984  1 0.1487 0.3973 0.0908 0.1963 0.1668 
   NS_SS0980  1 0.4247 0.2602 0.1181 0.1187 0.0784 
   NS_SS0978  1 0.2493 0.2917 0.1399 0.2189 0.1001 
   NS_SS0951  1 0.2184 0.0819 0.2017 0.0991 0.3990 
   NS_SS0913  1 0.1483 0.2549 0.1378 0.1114 0.3476 
   NS_SS1002  1 0.1926 0.1058 0.0712 0.5646 0.0657 
   NS_SS0948  1 0.2727 0.1076 0.1968 0.2447 0.1783 
   NS_SS0916  1 0.1845 0.2133 0.2525 0.2159 0.1338 
   NS_SS0995  1 0.2074 0.2146 0.1525 0.2126 0.2129 
   NS_SS0927  1 0.1542 0.1964 0.2771 0.2707 0.1015 
   NS_SS0992  1 0.1714 0.2595 0.2385 0.2471 0.0835 
   NS_SS0912  1 0.1326 0.0890 0.1789 0.2304 0.3691 
   NS_SS0981  1 0.2207 0.0908 0.0896 0.3586 0.2404 
   NS_SS0729  2 0.2797 0.1264 0.4325 0.1084 0.0531 
   NS_SS0967  2 0.3001 0.1370 0.0936 0.3581 0.1112 
   NS_SS0941  2 0.1414 0.3527 0.1555 0.1696 0.1809 
   NS_SS0768  2 0.1866 0.1555 0.1262 0.1827 0.3490 
   NS_SS0726  2 0.1887 0.1787 0.2928 0.2674 0.0724 
   NS_SS0763  2 0.1987 0.1952 0.3245 0.1460 0.1356 
   NS_SS0730  2 0.1434 0.2750 0.1045 0.2771 0.2000 
   NS_SS0774  2 0.2617 0.4049 0.0951 0.1493 0.0890 
   NS_SS0723  2 0.2767 0.2222 0.0653 0.2804 0.1555 
   NS_SS0940  2 0.1005 0.2604 0.2439 0.2057 0.1895 
   NS_SS0762  2 0.2004 0.4785 0.0729 0.0770 0.1712 
   NS_SS0766  2 0.0938 0.3623 0.2066 0.1045 0.2328 
   NS_SS0724  2 0.2717 0.1775 0.1058 0.0952 0.3498 
   NS_SS0769  2 0.1350 0.1897 0.1475 0.3376 0.1901 
   NS_SS0777  2 0.2077 0.0950 0.2275 0.2354 0.2344 
   NS_SS0734  2 0.1383 0.2001 0.2079 0.1350 0.3187 
   NS_SS0737  2 0.1251 0.5449 0.0829 0.1216 0.1256 
   NS_SS0732  2 0.2358 0.1242 0.0934 0.1173 0.4292 
   NS_SS0728  2 0.1617 0.3006 0.1822 0.1280 0.2275 
   NS_SS0735  2 0.2299 0.3398 0.1136 0.0745 0.2422 
   NS_SS0725  2 0.1148 0.4350 0.1199 0.1549 0.1754 
   NS_SS0788  2 0.1633 0.1338 0.1242 0.4391 0.1396 
   NS_SS0778  2 0.1746 0.0888 0.1884 0.3648 0.1833 
   NS_SS0792  2 0.2324 0.1192 0.2429 0.1065 0.2989 
   NS_SS0943  2 0.3089 0.0789 0.2878 0.0951 0.2292 
   NS_SS0791  2 0.1311 0.1846 0.2886 0.1127 0.2830 
   NS_SS0790  2 0.2729 0.2092 0.0469 0.1075 0.3636 
   NS_SS0731  2 0.1332 0.2146 0.0903 0.1265 0.4353 
   NS_SS0727  2 0.1219 0.3779 0.3461 0.0626 0.0914 
   NS_SS0779  2 0.2201 0.1807 0.1532 0.2287 0.2173 
   NS_SS0776  2 0.1248 0.3713 0.1598 0.1863 0.1578 
   NS_SS0775  2 0.1261 0.4517 0.1062 0.1212 0.1948 
   NS_SS0965  3 0.2268 0.0942 0.1142 0.2319 0.3329 
   NS_SS0754  3 0.1388 0.0940 0.3098 0.1394 0.3179 
   NS_SS0838  3 0.1957 0.2374 0.2063 0.2175 0.1432 
   NS_SS0839  3 0.1549 0.3454 0.0862 0.2095 0.2040 
   NS_SS0832  3 0.3404 0.1760 0.0544 0.1780 0.2512 
   NS_SS0820  3 0.1632 0.1567 0.0612 0.3171 0.3017 
   NS_SS0886  3 0.1386 0.1339 0.2650 0.1941 0.2684 
   NS_SS0748  3 0.2976 0.1049 0.1995 0.2197 0.1783 
   NS_SS0884  3 0.2580 0.2057 0.2011 0.1646 0.1706 
   NS_SS0752  3 0.2411 0.3100 0.1475 0.1667 0.1347 
   NS_SS0862  3 0.2538 0.1071 0.0752 0.1059 0.4579 
   NS_SS0787  3 0.1411 0.0932 0.4848 0.1393 0.1416 
   NS_SS0843  3 0.2855 0.1814 0.1639 0.1391 0.2301 
   NS_SS0856  3 0.0873 0.3346 0.1719 0.2622 0.1440 
   NS_SS0846  3 0.3437 0.1511 0.1753 0.2628 0.0671 
   NS_SS0825  3 0.1416 0.0907 0.1434 0.3850 0.2393 
   NS_SS0757  3 0.2449 0.1095 0.1972 0.1351 0.3133 
   NS_SS0876  3 0.1975 0.2719 0.1458 0.1586 0.2262 
   NS_SS0903  3 0.4238 0.2246 0.0823 0.1808 0.0885 
   NS_SS0875  3 0.1250 0.2253 0.1519 0.2755 0.2223 
   NS_SS0740  3 0.2669 0.2300 0.1516 0.1391 0.2124 
   NS_SS0811  3 0.1595 0.1908 0.0874 0.0971 0.4652 
   NS_SS0751  3 0.1116 0.2972 0.1285 0.3177 0.1451 
   NS_SS0891  3 0.1468 0.3114 0.1668 0.1885 0.1865 
   NS_SS0867  3 0.3940 0.0524 0.1649 0.2030 0.1856 
   NS_SS0890  3 0.2661 0.1872 0.1609 0.2307 0.1551 
   NS_SS0866  3 0.1100 0.1352 0.5061 0.1164 0.1323 
   NS_SS0755  3 0.2446 0.1553 0.1520 0.1891 0.2589 
   NS_SS0758  3 0.2226 0.2649 0.1841 0.1764 0.1521 
   NS_SS0840  3 0.2724 0.2054 0.0677 0.2448 0.2098 
   NS_SS0889  3 0.1358 0.0931 0.3537 0.1129 0.3045 
   NS_SS1010  3 0.1869 0.1386 0.1386 0.3807 0.1551 
   NS_SS0888  3 0.1305 0.1734 0.4532 0.0725 0.1704 
   NS_SS0837  3 0.2971 0.1085 0.0767 0.1393 0.3784 
   NS_SS0794  3 0.1485 0.2612 0.3648 0.0790 0.1465 
   NS_SS0823  3 0.3436 0.2586 0.0892 0.1819 0.1267 
   NS_SS0829  3 0.2172 0.0660 0.3579 0.0950 0.2640 
   NS_SS0844  3 0.5869 0.0776 0.0579 0.1585 0.1191 
   NS_SS1008  3 0.1362 0.3174 0.3099 0.0860 0.1505 
   NS_SS0881  3 0.1017 0.1352 0.1943 0.4092 0.1596 
   NS_SS0834  3 0.1357 0.4709 0.0899 0.1838 0.1197 
   NS_SS0744  3 0.2385 0.1286 0.1780 0.2524 0.2025 
   NS_SS0899  3 0.2521 0.1847 0.0738 0.0873 0.4021 
   NS_SS0804  3 0.2666 0.1873 0.0555 0.2054 0.2852 
   NS_SS0781  3 0.2685 0.2000 0.0694 0.3314 0.1307 
   NS_SS0822  3 0.3004 0.2631 0.2057 0.0787 0.1521 
   NS_SS1004  3 0.3885 0.1356 0.1116 0.1792 0.1852 
   NS_SS0746  3 0.3792 0.1601 0.1768 0.1719 0.1121 
   NS_SS0880  3 0.3373 0.2134 0.1006 0.1920 0.1567 
   NS_SS0879  3 0.2210 0.3173 0.1431 0.1190 0.1996 
   NS_SS0753  3 0.2738 0.0780 0.2384 0.1099 0.2999 
   NS_SS1007  3 0.1062 0.3533 0.1503 0.3075 0.0828 
   NS_SS0872  3 0.2383 0.2345 0.1165 0.2566 0.1541 
   NS_SS1005  3 0.3730 0.2108 0.0856 0.2152 0.1155 
   NS_SS0892  3 0.1781 0.2193 0.1729 0.2160 0.2137 
   NS_SS0898  3 0.2309 0.1352 0.2355 0.1667 0.2316 
   NS_SS0801  3 0.2364 0.1088 0.1391 0.1740 0.3418 
   NS_SS0827  3 0.1593 0.0853 0.1717 0.2402 0.3435 
   NS_SS0853  3 0.1370 0.1030 0.2420 0.1023 0.4157 
   NS_SS0780  3 0.1728 0.2076 0.1094 0.2777 0.2324 
   NS_SS0826  3 0.2692 0.0684 0.1304 0.4070 0.1250 
   NS_SS0818  3 0.1723 0.2679 0.0676 0.2750 0.2172 
   NS_SS0745  3 0.0485 0.5084 0.0663 0.0996 0.2772 
   NS_SS0849  3 0.1496 0.0868 0.0835 0.1740 0.5061 
   NS_SS0739  3 0.0987 0.1779 0.1535 0.3187 0.2512 
   NS_SS0799  3 0.2417 0.2132 0.2713 0.0876 0.1862 
   NS_SS0756  3 0.3198 0.1131 0.0677 0.3107 0.1887 
   NS_SS0802  3 0.1653 0.1714 0.1952 0.3828 0.0853 
   NS_SS0747  3 0.3117 0.1394 0.1482 0.2645 0.1362 
   NS_SS0835  3 0.1613 0.1186 0.4191 0.2155 0.0854 
   NS_SS0742  3 0.2796 0.1471 0.1058 0.2806 0.1870 
   NS_SS0760  3 0.1817 0.1386 0.4023 0.1482 0.1292 
   NS_SS0803  3 0.5921 0.1546 0.0780 0.0818 0.0936 
   NS_SS0828  3 0.1829 0.1496 0.1658 0.1335 0.3681 
   NS_SS0865  3 0.1959 0.0756 0.1658 0.3018 0.2608 
   NS_SS0759  3 0.1807 0.3013 0.0754 0.1795 0.2631 
   NS_SS0851  3 0.0937 0.1687 0.0795 0.1017 0.5564 
   NS_SS0874  3 0.4690 0.2006 0.0808 0.1144 0.1352 
   NS_SS0761  3 0.1962 0.0633 0.3431 0.1520 0.2454 
   NS_SS0842  3 0.2095 0.1960 0.2585 0.1505 0.1854 
   NS_SS0785  3 0.3045 0.1258 0.2532 0.1469 0.1695 
   NS_SS0860  3 0.1885 0.1083 0.4322 0.1702 0.1008 
   NS_SS0897  3 0.1088 0.1134 0.4801 0.0871 0.2106 
   NS_SS0841  3 0.1767 0.2543 0.0779 0.1306 0.3605 
   NS_SS0797  3 0.1646 0.0743 0.2305 0.2017 0.3289 
   NS_SS0830  3 0.1662 0.1180 0.1750 0.2545 0.2864 
   NS_SS1011  3 0.2197 0.1151 0.0829 0.4045 0.1778 
   NS_SS0883  3 0.2275 0.0873 0.2210 0.1267 0.3374 
   NS_SS0782  3 0.1633 0.3569 0.2517 0.1046 0.1235 
   NS_SS0831  3 0.1309 0.0800 0.3580 0.0777 0.3534 
   NS_SS0749  3 0.1273 0.1880 0.2113 0.1419 0.3314 
   NS_SS0854  3 0.1949 0.2970 0.2327 0.1193 0.1561 
   HI_SS0193  4 0.0967 0.2388 0.3191 0.1068 0.2387 
   HI_SS0194  4 0.1390 0.4856 0.1125 0.1742 0.0887 
   HI_SS0195  4 0.0918 0.1958 0.0545 0.2311 0.4268 
   HI_SS0196  4 0.1591 0.3627 0.2208 0.1140 0.1434 
   HI_SS0197  4 0.0803 0.1198 0.0825 0.6528 0.0645 
   HI_SS0198  4 0.1567 0.1289 0.2247 0.1482 0.3415 
   HI_SS0199  4 0.1867 0.2709 0.3422 0.1004 0.0997 
   HI_SS0201  4 0.2375 0.0482 0.3656 0.1491 0.1996 
   HI_SS0215  4 0.1849 0.0549 0.3542 0.2188 0.1872 
   HI_SS0218  4 0.0977 0.1344 0.5036 0.0605 0.2039 
   HI_SS0222  4 0.0905 0.2336 0.1810 0.2324 0.2625 
   HI_SS0230  4 0.1785 0.1043 0.1124 0.4138 0.1909 
   HI_SS0234  4 0.1811 0.2589 0.1829 0.3169 0.0601 
   HI_SS0240  4 0.1424 0.3983 0.1724 0.1401 0.1467 
   HI_SS0241  4 0.2090 0.1060 0.3518 0.1769 0.1563 
   HI_SS0242  4 0.2583 0.1355 0.2339 0.1457 0.2266 
   HI_SS0247  4 0.4254 0.1094 0.1209 0.1726 0.1717 
   HI_SS0248  4 0.2321 0.2697 0.3531 0.0630 0.0821 
   HI_SS0252  4 0.2403 0.3089 0.1275 0.0787 0.2446 
   HI_SS0254  4 0.1841 0.1072 0.1718 0.4248 0.1120 
   HI_SS0256  4 0.2701 0.2570 0.0389 0.2543 0.1797 
   HI_SS0257  4 0.2929 0.1124 0.3426 0.1921 0.0600 
   HI_SS0258  4 0.1753 0.1517 0.3545 0.1208 0.1977 
   HI_SS0259  4 0.1012 0.2995 0.1121 0.3436 0.1436 
   HI_SS0260  4 0.1727 0.2453 0.3707 0.1094 0.1018 
   HI_SS0261  4 0.2224 0.1974 0.2016 0.2986 0.0800 
   HI_SS0262  4 0.1420 0.1711 0.1512 0.2123 0.3235 
   HI_SS0264  4 0.1335 0.2027 0.1170 0.3146 0.2322 
   HI_SS0265  4 0.1420 0.1308 0.1046 0.3334 0.2892 
   HI_SS0268  4 0.0604 0.2009 0.1998 0.3387 0.2003 
   HI_SS0269  4 0.2000 0.0809 0.4580 0.2041 0.0570 
   HI_SS0273  4 0.2522 0.0943 0.3016 0.2260 0.1259 
   HI_SS0277  4 0.1562 0.0601 0.0928 0.5822 0.1087 
   HI_SS0280  4 0.0972 0.2163 0.1617 0.1606 0.3643 
   HI_SS0282  4 0.3101 0.1360 0.2541 0.1033 0.1964 
   HI_SS0286  4 0.1578 0.1013 0.2161 0.2061 0.3187 
   NS_SS1252  5 0.1672 0.0967 0.5046 0.0854 0.1462 
   NS_SS1261  5 0.2323 0.1300 0.1639 0.2979 0.1759 
   NS_SS1225  5 0.4306 0.0803 0.2369 0.1341 0.1181 
   NS_SS1266  5 0.5049 0.1379 0.0615 0.1304 0.1653 
   NS_SS1228  5 0.1089 0.1202 0.1305 0.1588 0.4816 
   NS_SS1255  5 0.1500 0.5215 0.1608 0.0897 0.0779 
   NS_SS1267  5 0.0674 0.0811 0.5419 0.1455 0.1642 
   NS_SS1238  5 0.1120 0.1671 0.1878 0.2713 0.2618 
   NS_SS1233  5 0.4145 0.1526 0.0917 0.1464 0.1949 
   NS_SS1277  5 0.0935 0.3070 0.3489 0.0971 0.1536 
   NS_SS1245  5 0.3619 0.1963 0.1946 0.1440 0.1033 
   NS_SS1240  5 0.0921 0.0944 0.5159 0.2217 0.0758 
   NS_SS1275  5 0.1476 0.1460 0.0608 0.4190 0.2265 
   NS_SS1235  5 0.2867 0.3553 0.1243 0.1776 0.0561 
   NS_SS1263  5 0.3530 0.3429 0.0847 0.0932 0.1262 
   NS_SS1251  5 0.3650 0.1940 0.1090 0.2108 0.1213 
   NS_SS1248  5 0.0729 0.0728 0.1301 0.1290 0.5952 
   NS_SS1244  5 0.2387 0.0686 0.1522 0.4106 0.1299 
   NS_SS1257  5 0.1372 0.1844 0.3955 0.1315 0.1514 
   NS_SS1242  5 0.1834 0.3742 0.0956 0.1857 0.1611 
   NS_SS1271  5 0.1500 0.0819 0.4712 0.1413 0.1556 
   NS_SS1265  5 0.1456 0.1274 0.3750 0.2166 0.1354 
   NS_SS1243  5 0.1258 0.2764 0.1377 0.0703 0.3898 
   NS_SS1273  5 0.1496 0.3966 0.0809 0.1980 0.1750 
   NS_SS1254  5 0.3992 0.1982 0.1007 0.1310 0.1709 
   NS_SS1224  5 0.2856 0.1634 0.0936 0.1341 0.3233 
   NS_SS1227  5 0.1567 0.1656 0.2842 0.3138 0.0797 
   NS_SS1274  5 0.1764 0.2033 0.3047 0.1122 0.2034 
   NS_SS1241  5 0.3079 0.1136 0.2452 0.1517 0.1816 
   NS_SS1256  5 0.3295 0.1273 0.1983 0.2595 0.0854 
   NS_SS1260  5 0.2095 0.1398 0.3878 0.1428 0.1201 
   NS_SS1262  5 0.2701 0.0646 0.2413 0.2200 0.2041 
   NS_SS1230  5 0.1741 0.1822 0.2584 0.1720 0.2133 
   NS_SS1270  5 0.2819 0.0795 0.0836 0.1614 0.3936 
   NS_SS1229  5 0.1980 0.3464 0.0958 0.3095 0.0503 
   NS_SS1246  5 0.1385 0.2003 0.3009 0.2769 0.0834 
   NS_SS1269  5 0.2022 0.2195 0.1461 0.1669 0.2652 
   NS_SS1239  5 0.1754 0.2957 0.1067 0.1058 0.3164 
   NS_SS1272  5 0.1322 0.0871 0.0958 0.5891 0.0959 
   NS_SS1268  5 0.2727 0.1088 0.0877 0.0729 0.4578 
   NS_SS1249  5 0.1619 0.1747 0.4981 0.0736 0.0917 
   HI_SS0559  6 0.2075 0.2291 0.1930 0.0681 0.3022 
   HI_SS0563  6 0.2782 0.1500 0.1660 0.2290 0.1767 
   HI_SS0564  6 0.2032 0.1914 0.1332 0.2449 0.2273 
   HI_SS0565  6 0.2170 0.1131 0.1966 0.3790 0.0942 
   HI_SS0569  6 0.3859 0.0516 0.2483 0.1528 0.1615 
   HI_SS0570  6 0.0846 0.1481 0.3745 0.1757 0.2171 
   HI_SS0572  6 0.2429 0.4133 0.1049 0.1587 0.0802 
   HI_SS0576  6 0.1148 0.2159 0.0954 0.1798 0.3941 
   HI_SS0579  6 0.4863 0.1156 0.1955 0.0887 0.1138 
   HI_SS0580  6 0.1457 0.2719 0.3383 0.0839 0.1602 
   HI_SS0581  6 0.0879 0.1378 0.0668 0.3958 0.3117 
   HI_SS0583  6 0.1835 0.2155 0.3972 0.1333 0.0705 
   HI_SS0586  6 0.0814 0.0852 0.4426 0.1435 0.2474 
   HI_SS0588  6 0.2817 0.1346 0.2956 0.1187 0.1693 
   HI_SS0595  6 0.1330 0.1347 0.2551 0.4016 0.0756 
   HI_SS0596  6 0.1900 0.5127 0.1029 0.0975 0.0969 
   HI_SS0597  6 0.1912 0.3476 0.1160 0.2519 0.0932 
   HI_SS0600  6 0.2079 0.1135 0.2579 0.2881 0.1326 
   HI_SS0601  6 0.3453 0.0459 0.1432 0.2774 0.1881 
   HI_SS0602  6 0.0943 0.1515 0.2664 0.1063 0.3815 
   HI_SS0604  6 0.2623 0.2165 0.1487 0.0897 0.2828 
   HI_SS0605  6 0.1370 0.1368 0.2254 0.0974 0.4035 
   HI_SS0608  6 0.1214 0.3006 0.1629 0.1328 0.2823 
   HI_SS0609  6 0.3700 0.2056 0.0883 0.2390 0.0971 
   HI_SS0611  6 0.0974 0.1012 0.3563 0.0985 0.3466 
   HI_SS0612  6 0.5359 0.1443 0.1703 0.1009 0.0486 
   HI_SS0613  6 0.1467 0.1025 0.1627 0.1021 0.4861 
   HI_SS0615  6 0.1181 0.3368 0.0763 0.2376 0.2312 
   HI_SS0001  6 0.1125 0.3301 0.2753 0.1977 0.0844 
   HI_SS0002  6 0.3132 0.2280 0.0750 0.2595 0.1242 
   HI_SS0004  6 0.0961 0.2861 0.3243 0.0926 0.2009 
   HI_SS0005  6 0.0911 0.0979 0.1117 0.2139 0.4854 
   HI_SS0006  6 0.2951 0.0957 0.2954 0.2190 0.0948 
   HI_SS0007  6 0.0879 0.1246 0.2688 0.0547 0.4639 
   HI_SS0008  6 0.1688 0.1108 0.1146 0.3698 0.2361 
   HI_SS0009  6 0.1459 0.3226 0.0917 0.0741 0.3657 
   HI_SS0010  6 0.1739 0.1152 0.2190 0.2214 0.2705 
   HI_SS0011  6 0.3417 0.0909 0.0997 0.2660 0.2017 
   HI_SS0012  6 0.2187 0.1415 0.0729 0.4185 0.1484 
   HI_SS0017  6 0.1034 0.5158 0.1340 0.1221 0.1246 
   HI_SS0021  6 0.1077 0.1290 0.2825 0.3504 0.1303 
   HI_SS0024  6 0.0938 0.2481 0.1014 0.3138 0.2428 
   HI_SS0025  6 0.1809 0.3908 0.1075 0.0738 0.2470 
   HI_SS0027  6 0.2607 0.1209 0.2462 0.0844 0.2878 
   HI_SS0028  6 0.0896 0.1513 0.0483 0.4039 0.3070 
   HI_SS0029  6 0.0859 0.3275 0.2200 0.2175 0.1492 
   HI_SS0030  6 0.2010 0.1925 0.2029 0.1919 0.2116 
   HI_SS0031  6 0.2609 0.1641 0.1288 0.3673 0.0788 
   HI_SS0034  6 0.2892 0.1484 0.3561 0.0982 0.1082 
   HI_SS0036  6 0.0447 0.0947 0.3772 0.2585 0.2250 
   HI_SS0037  6 0.1323 0.1241 0.3784 0.1041 0.2611 
   HI_SS0039  6 0.0951 0.0915 0.2656 0.1875 0.3603 
   HI_SS0041  6 0.0825 0.2497 0.1031 0.1576 0.4071 
   HI_SS0042  6 0.1502 0.2581 0.0937 0.3042 0.1938 
   HI_SS0043  6 0.1021 0.0647 0.4384 0.2454 0.1493 
   HI_SS0044  6 0.0923 0.4058 0.3022 0.1007 0.0989 
   HI_SS0047  6 0.2039 0.2647 0.1128 0.1699 0.2487 
   HI_SS0049  6 0.1963 0.4234 0.1224 0.1008 0.1570 
   HI_SS0051  6 0.2546 0.0737 0.1144 0.1055 0.4518 
   HI_SS0053  6 0.1630 0.0894 0.3693 0.2757 0.1026 
   HI_SS0054  6 0.3239 0.0563 0.2707 0.1133 0.2358 
   HI_SS0057  6 0.1597 0.1657 0.1130 0.1959 0.3656 
   HI_SS0058  6 0.2177 0.1947 0.3134 0.0961 0.1782 
   HI_SS0060  6 0.1677 0.0747 0.1002 0.3381 0.3194 
   HI_SS0087  6 0.2425 0.1405 0.1926 0.3103 0.1140 
   HI_SS0091  6 0.1442 0.0699 0.4400 0.2861 0.0598 
   HI_SS0095  6 0.2139 0.1270 0.2167 0.2912 0.1513 
   HI_SS0097  6 0.5417 0.0796 0.1075 0.1495 0.1217 
   HI_SS0099  6 0.1188 0.3492 0.1736 0.1498 0.2085 
   HI_SS0103  6 0.1917 0.3261 0.1514 0.2374 0.0934 
   HI_SS0105  6 0.2187 0.0820 0.1308 0.3942 0.1742 
   HI_SS0107  6 0.1933 0.4601 0.0691 0.1726 0.1049 
   HI_SS0108  6 0.1344 0.0873 0.5426 0.1073 0.1283 
   HI_SS0110  6 0.1334 0.1511 0.2142 0.4228 0.0785 
   HI_SS0111  6 0.1204 0.1554 0.1804 0.3495 0.1942 
   HI_SS0112  6 0.1277 0.1330 0.4609 0.1549 0.1235 
   HI_SS0113  6 0.1534 0.3447 0.0844 0.2765 0.1411 
   HI_SS0114  6 0.1920 0.0712 0.2961 0.1342 0.3066 
   HI_SS0115  6 0.2234 0.3214 0.2045 0.0680 0.1827 
   HI_SS0116  6 0.1369 0.3421 0.3416 0.1075 0.0720 
   HI_SS0117  6 0.2591 0.0927 0.2615 0.3229 0.0637 
   HI_SS0118  6 0.2331 0.1624 0.2939 0.2120 0.0985 
   HI_SS0119  6 0.2192 0.0552 0.2089 0.3950 0.1217 
   HI_SS0120  6 0.1073 0.4658 0.0717 0.2829 0.0724 
   HI_SS0121  6 0.1411 0.0584 0.0699 0.4802 0.2504 
   HI_SS0122  6 0.1394 0.1463 0.1976 0.2976 0.2191 
   HI_SS0123  6 0.2963 0.1686 0.1785 0.2735 0.0831 
   HI_SS0124  6 0.1344 0.4856 0.0735 0.1041 0.2024 
   HI_SS0125  6 0.1527 0.2579 0.0811 0.2636 0.2445 
   HI_SS0126  6 0.0900 0.2535 0.4538 0.1101 0.0925 
   HI_SS0127  6 0.2165 0.0859 0.1323 0.1087 0.4566 
   HI_SS0128  6 0.2205 0.3043 0.1599 0.2208 0.0945 
   HI_SS0129  6 0.1040 0.2057 0.3349 0.1674 0.1880 
   HI_SS0131  6 0.2151 0.0664 0.2366 0.1356 0.3463 
   HI_SS0132  6 0.2207 0.1025 0.1750 0.3522 0.1497 
   HI_SS0133  6 0.0900 0.1404 0.5140 0.1002 0.1554 
   HI_SS0134  6 0.2824 0.1665 0.2254 0.1813 0.1445 
   HI_SS0142  6 0.3186 0.0731 0.1323 0.3156 0.1603 
   HI_SS0145  6 0.3459 0.1904 0.2276 0.1225 0.1136 
   HI_SS0146  6 0.3105 0.1262 0.2669 0.1083 0.1880 
   HI_SS0147  6 0.1909 0.1080 0.0962 0.1507 0.4542 
   HI_SS0149  6 0.1533 0.0736 0.1522 0.5338 0.0871 
   HI_SS0150  6 0.1601 0.2543 0.0902 0.1826 0.3127 
   HI_SS0151  6 0.2262 0.2702 0.2119 0.0708 0.2210 
   NS_SS1451  6 0.1209 0.3391 0.0784 0.1994 0.2623 
   NS_SS1404  6 0.1062 0.1605 0.1398 0.1593 0.4342 
   NS_SS1432  6 0.0575 0.3236 0.0723 0.4366 0.1100 
   NS_SS1405  6 0.1084 0.3741 0.1964 0.1799 0.1412 
   NS_SS1431  6 0.1245 0.3301 0.0846 0.3382 0.1226 
   NS_SS1402  6 0.2103 0.1734 0.2211 0.2909 0.1043 
   NS_SS1450  6 0.0969 0.2833 0.3251 0.0995 0.1952 
   NS_SS1396  6 0.1654 0.1753 0.1573 0.2604 0.2415 
   NS_SS1393  6 0.1699 0.1793 0.2933 0.1671 0.1904 
   NS_SS1392  6 0.0787 0.4385 0.1266 0.1038 0.2524 
   NS_SS1445  6 0.1985 0.0742 0.2925 0.2395 0.1952 
   NS_SS1423  6 0.1666 0.1970 0.2287 0.3364 0.0713 
   NS_SS1421  6 0.1779 0.1584 0.2020 0.2899 0.1718 
   NS_SS1411  6 0.0919 0.1009 0.2836 0.0697 0.4539 
   NS_SS1453  6 0.1110 0.0973 0.2873 0.3564 0.1480 
   NS_SS1442  6 0.3691 0.1709 0.1517 0.1346 0.1737 
   NS_SS1422  6 0.3986 0.1983 0.1680 0.1472 0.0878 
   NS_SS1419  6 0.4089 0.1053 0.1142 0.1029 0.2686 
   NS_SS1427  6 0.0704 0.2494 0.4741 0.1297 0.0764 
   NS_SS1444  6 0.2182 0.2321 0.1100 0.1186 0.3211 
   NS_SS1455  6 0.3141 0.3339 0.0817 0.1707 0.0996 
   NS_SS1425  6 0.2193 0.0683 0.3937 0.1612 0.1576 
   NS_SS1400  6 0.2240 0.1259 0.3435 0.1154 0.1912 
   NS_SS1406  6 0.3667 0.1378 0.0519 0.3501 0.0936 
   NS_SS1417  6 0.2247 0.2001 0.2135 0.1862 0.1755 
   NS_SS1454  6 0.0936 0.0983 0.2743 0.3582 0.1756 
   NS_SS1412  6 0.1275 0.2114 0.2754 0.1589 0.2267 
   NS_SS1438  6 0.2309 0.0549 0.3477 0.1184 0.2482 
   NS_SS1416  6 0.2068 0.1747 0.1921 0.2234 0.2029 
   NS_SS1401  6 0.2033 0.1296 0.1786 0.3826 0.1058 
   NS_SS1424  6 0.1559 0.1040 0.1868 0.3812 0.1721 
   NS_SS1435  6 0.0864 0.2783 0.1462 0.2204 0.2687 
   NS_SS1447  6 0.2718 0.1709 0.0875 0.1686 0.3011 
   NS_SS1414  6 0.1977 0.2502 0.0912 0.0993 0.3616 
   NS_SS1449  6 0.2009 0.2114 0.1638 0.2806 0.1433 
   NS_SS1443  6 0.2947 0.1782 0.3441 0.1159 0.0671 
   NS_SS1434  6 0.1831 0.4498 0.2144 0.0806 0.0720 
   NS_SS1398  6 0.1232 0.3642 0.1461 0.1933 0.1732 
   NS_SS1426  6 0.1351 0.1260 0.3912 0.1893 0.1584 
   NS_SS1413  6 0.1764 0.2910 0.2883 0.1251 0.1191 
   NS_SS1395  6 0.1946 0.1123 0.2878 0.2978 0.1075 
   NS_SS1448  6 0.0805 0.2186 0.2336 0.1125 0.3549 
   NS_SS1446  6 0.1869 0.1317 0.3122 0.2417 0.1275 
   NS_SS1403  6 0.1021 0.1640 0.1106 0.4912 0.1321 
   NS_SS1415  6 0.1517 0.1532 0.3134 0.1467 0.2351 
   NS_SS1437  6 0.1345 0.1406 0.1231 0.4199 0.1820 
   NS_SS1439  6 0.3724 0.1316 0.1744 0.1869 0.1346 
   NS_SS1441  6 0.2320 0.2416 0.2936 0.1484 0.0844 
   NS_SS1420  6 0.0839 0.1469 0.0931 0.0473 0.6288 
   NS_SS1394  6 0.1119 0.2099 0.0877 0.2456 0.3449 
   NS_SS1391  6 0.0927 0.4026 0.2672 0.1516 0.0859 
   NS_SS1410  6 0.1549 0.1654 0.2438 0.2947 0.1413 
   NS_SS1408  6 0.2163 0.1280 0.1160 0.3283 0.2113 
   NS_SS1409  6 0.1824 0.3614 0.2529 0.1396 0.0637 
   HI_SS0617  7 0.1449 0.2863 0.3124 0.1095 0.1469 
   HI_SS0618  7 0.2233 0.2908 0.1296 0.1163 0.2400 
   HI_SS0619  7 0.1140 0.3361 0.2165 0.1327 0.2008 
   HI_SS0620  7 0.1081 0.1112 0.4368 0.0542 0.2898 
   HI_SS0621  7 0.2072 0.2112 0.1310 0.2499 0.2007 
   HI_SS0622  7 0.2841 0.1789 0.1875 0.1147 0.2348 
   HI_SS0626  7 0.0865 0.0909 0.1441 0.2120 0.4664 
   HI_SS0627  7 0.1051 0.1968 0.0948 0.4712 0.1321 
   HI_SS0628  7 0.0802 0.1613 0.3318 0.2478 0.1789 
   HI_SS0629  7 0.1801 0.0978 0.2216 0.3108 0.1897 
   HI_SS0630  7 0.1830 0.1833 0.2625 0.1056 0.2657 
   HI_SS0631  7 0.1347 0.1300 0.2482 0.1691 0.3179 
   HI_SS0632  7 0.2370 0.1175 0.1319 0.1261 0.3875 
   HI_SS0633  7 0.1534 0.4856 0.1867 0.0777 0.0966 
   HI_SS0634  7 0.1078 0.1209 0.1917 0.3184 0.2612 
   HI_SS0635  7 0.1704 0.1996 0.0974 0.2032 0.3294 
   HI_SS0637  7 0.2563 0.0590 0.1497 0.2335 0.3015 
   HI_SS0638  7 0.1712 0.2895 0.1765 0.1644 0.1984 
   HI_SS0639  7 0.2162 0.1945 0.1006 0.2148 0.2739 
   HI_SS0640  7 0.3772 0.1866 0.1237 0.1181 0.1943 
   HI_SS0641  7 0.1070 0.0883 0.3121 0.1201 0.3726 
   HI_SS0642  7 0.1477 0.1347 0.0771 0.5378 0.1026 
   HI_SS0645  7 0.1450 0.2813 0.0680 0.0833 0.4225 
   HI_SS0646  7 0.2402 0.3115 0.1885 0.1802 0.0796 
   HI_SS0647  7 0.1477 0.3224 0.1603 0.2034 0.1663 
   HI_SS0648  7 0.2293 0.2041 0.1669 0.1602 0.2394 
   HI_SS0649  7 0.2494 0.2305 0.1984 0.1740 0.1476 
   HI_SS0650  7 0.1209 0.4836 0.1229 0.1554 0.1173 
   HI_SS0651  7 0.2579 0.2438 0.1528 0.1764 0.1692 
   HI_SS0652  7 0.0915 0.2490 0.0909 0.0835 0.4850 
   NS_SS1371  7 0.1841 0.1612 0.2525 0.3294 0.0727 
   NS_SS1374  7 0.0617 0.1313 0.2937 0.3047 0.2086 
   NS_SS1337  7 0.0912 0.1651 0.0896 0.2721 0.3820 
   NS_SS1385  7 0.2472 0.3102 0.1596 0.1747 0.1083 
   NS_SS1388  7 0.0975 0.3223 0.2226 0.2023 0.1553 
   NS_SS1370  7 0.1063 0.0593 0.0707 0.1128 0.6509 
   NS_SS1389  7 0.0888 0.3393 0.1443 0.1555 0.2721 
   NS_SS1360  7 0.2275 0.0963 0.2211 0.1585 0.2967 
   NS_SS1330  7 0.2455 0.2190 0.0904 0.1253 0.3199 
   NS_SS1328  7 0.1237 0.3771 0.2952 0.1357 0.0683 
   NS_SS1384  7 0.3061 0.0790 0.1932 0.2165 0.2052 
   NS_SS1381  7 0.1917 0.5117 0.0755 0.1205 0.1007 
   NS_SS1375  7 0.0729 0.4263 0.1402 0.1471 0.2136 
   NS_SS1319  7 0.1227 0.1775 0.2033 0.2905 0.2060 
   NS_SS1326  7 0.0859 0.2733 0.4034 0.1403 0.0972 
   NS_SS1341  7 0.2110 0.0646 0.2234 0.3966 0.1044 
   NS_SS1383  7 0.1043 0.0706 0.1233 0.4922 0.2096 
   NS_SS1318  7 0.2202 0.1997 0.1653 0.1039 0.3110 
   NS_SS1348  7 0.2362 0.0741 0.3297 0.1881 0.1720 
   NS_SS1363  7 0.2310 0.1520 0.1111 0.2113 0.2946 
   NS_SS1335  7 0.3337 0.0585 0.1987 0.1938 0.2153 
   NS_SS1358  7 0.3338 0.1046 0.2090 0.2360 0.1165 
   NS_SS1342  7 0.2190 0.0927 0.2418 0.3902 0.0564 
   NS_SS1320  7 0.2123 0.5958 0.0444 0.0859 0.0616 
   NS_SS1355  7 0.3837 0.1900 0.1073 0.1252 0.1938 
   NS_SS1345  7 0.5933 0.1260 0.0561 0.0794 0.1452 
   NS_SS1324  7 0.2005 0.1328 0.2631 0.2206 0.1830 
   NS_SS1347  7 0.2877 0.1482 0.1450 0.2850 0.1341 
   NS_SS1321  7 0.0944 0.0974 0.3128 0.3368 0.1586 
   NS_SS1333  7 0.0587 0.1175 0.3111 0.4057 0.1070 
   NS_SS1364  7 0.4163 0.1133 0.1961 0.1535 0.1209 
   NS_SS1379  7 0.2434 0.3343 0.1222 0.1409 0.1591 
   NS_SS1332  7 0.1144 0.1375 0.3994 0.2370 0.1118 
   NS_SS1338  7 0.1227 0.0996 0.2194 0.2068 0.3516 
   NS_SS1368  7 0.2351 0.1119 0.2863 0.2871 0.0796 
   NS_SS1354  7 0.2582 0.1657 0.1381 0.2788 0.1592 
   NS_SS1365  7 0.1912 0.2337 0.1210 0.1749 0.2793 
   NS_SS1380  7 0.2869 0.1772 0.1025 0.1864 0.2470 
   NS_SS1329  7 0.1858 0.1014 0.2326 0.4251 0.0552 
   NS_SS1362  7 0.1968 0.2099 0.1858 0.2963 0.1112 
   NS_SS1327  7 0.0735 0.1018 0.5890 0.1145 0.1212 
   NS_SS1350  7 0.1193 0.3929 0.2684 0.1416 0.0778 
   NS_SS1387  7 0.1673 0.1395 0.1483 0.1412 0.4037 
   NS_SS1369  7 0.2916 0.0943 0.2846 0.1053 0.2243 
   NS_SS1331  7 0.0818 0.1711 0.2134 0.2409 0.2928 
   NS_SS1357  7 0.1304 0.4295 0.2623 0.1241 0.0537 
   NS_SS1386  7 0.1727 0.0606 0.4135 0.2891 0.0640 
   NS_SS1353  7 0.1317 0.4006 0.1658 0.2054 0.0966 
   NS_SS1323  7 0.2598 0.2129 0.0842 0.2853 0.1579 
   HI_SS0296  8 0.1973 0.1396 0.2692 0.0682 0.3258 
   HI_SS0297  8 0.0912 0.2886 0.1154 0.4020 0.1028 
   HI_SS0299  8 0.2812 0.1274 0.1810 0.1667 0.2437 
   HI_SS0300  8 0.3359 0.1473 0.1540 0.0791 0.2837 
   HI_SS0301  8 0.1693 0.0529 0.0784 0.2608 0.4386 
   HI_SS0302  8 0.1953 0.0847 0.2367 0.0811 0.4022 
   HI_SS0303  8 0.1646 0.2985 0.3493 0.0967 0.0908 
   HI_SS0304  8 0.0629 0.3429 0.1816 0.1572 0.2553 
   HI_SS0306  8 0.1172 0.1065 0.3414 0.0958 0.3391 
   HI_SS0307  8 0.2459 0.2093 0.1319 0.1985 0.2143 
   HI_SS0308  8 0.3051 0.0947 0.0964 0.3258 0.1781 
   HI_SS0309  8 0.4127 0.0911 0.1157 0.1709 0.2096 
   HI_SS0310  8 0.1803 0.3412 0.1823 0.1121 0.1840 
   HI_SS0311  8 0.2116 0.0914 0.1437 0.1732 0.3801 
   HI_SS0314  8 0.1167 0.4239 0.1826 0.1853 0.0914 
   HI_SS0316  8 0.2312 0.1911 0.2616 0.1738 0.1423 
   HI_SS0317  8 0.1479 0.1016 0.1120 0.3819 0.2566 
   HI_SS0318  8 0.1442 0.0724 0.3050 0.3181 0.1603 
   HI_SS0319  8 0.2709 0.0885 0.4915 0.0847 0.0645 
   HI_SS0320  8 0.0537 0.2618 0.0959 0.4805 0.1080 
   HI_SS0321  8 0.1634 0.1218 0.1883 0.3887 0.1379 
   HI_SS0323  8 0.1280 0.1578 0.3269 0.1183 0.2691 
   HI_SS0325  8 0.1235 0.0938 0.2842 0.1170 0.3814 
   HI_SS0327  8 0.3027 0.1747 0.3215 0.1587 0.0423 
   HI_SS0329  8 0.1208 0.2328 0.1287 0.2367 0.2809 
   HI_SS0333  8 0.1831 0.1988 0.1878 0.2676 0.1627 
   HI_SS0334  8 0.2439 0.0970 0.2929 0.1840 0.1822 
   HI_SS0335  8 0.4226 0.1496 0.0839 0.1809 0.1630 
   HI_SS0339  8 0.3264 0.1595 0.1054 0.1528 0.2558 
   HI_SS0343  8 0.3485 0.1796 0.1046 0.2689 0.0984 
   HI_SS0344  8 0.1122 0.0818 0.5434 0.1532 0.1094 
   HI_SS0345  8 0.2368 0.1252 0.1401 0.2237 0.2743 
   HI_SS0346  8 0.0878 0.1094 0.2191 0.3822 0.2015 
   HI_SS0350  8 0.5016 0.1859 0.0566 0.0825 0.1734 
   HI_SS0351  8 0.4459 0.1025 0.1178 0.2135 0.1202 
   HI_SS0352  8 0.2705 0.1754 0.1282 0.2654 0.1604 
   HI_SS0362  8 0.1336 0.1237 0.1467 0.1236 0.4724 
   HI_SS0363  8 0.2705 0.1562 0.3667 0.1165 0.0899 
   HI_SS0365  8 0.2766 0.1786 0.3139 0.1385 0.0924 
   HI_SS0366  8 0.1687 0.1071 0.4608 0.0949 0.1685 
   HI_SS0367  8 0.2101 0.3164 0.1077 0.2371 0.1287 
   HI_SS0369  8 0.2181 0.2377 0.1110 0.1484 0.2848 
   HI_SS0370  8 0.1666 0.3573 0.1629 0.2346 0.0786 
   HI_SS0371  8 0.1271 0.1043 0.3308 0.1605 0.2772 
   HI_SS0373  8 0.1772 0.2605 0.2027 0.1520 0.2075 
   HI_SS0374  8 0.1980 0.2837 0.1125 0.2358 0.1701 
   HI_SS0377  8 0.4079 0.0698 0.1803 0.1504 0.1917 
   HI_SS0379  8 0.1159 0.0611 0.5367 0.1972 0.0890 
   HI_SS0380  8 0.2650 0.2254 0.1302 0.1847 0.1947 
   HI_SS0381  8 0.3258 0.0988 0.0787 0.2620 0.2347 
   HI_SS0384  8 0.0614 0.2790 0.2986 0.2029 0.1581 
   HI_SS0385  8 0.0774 0.2561 0.2340 0.1499 0.2826 
