

----------------------------------------------------
STRUCTURE by Pritchard, Stephens and Donnelly (2000)
     and Falush, Stephens and Pritchard (2003)
       Code by Pritchard, Falush and Hubisz
             Version 2.3.4 (Jul 2012)
----------------------------------------------------



Command line arguments:   /home/genobiwan/Documents/Programs/Structure/structure -m parameter_job_k5_r1 
Input File:    /media/genobiwan/Storage/Projets/Mackerel_NWA_2021/data_job_k5_r1

Run parameters:
   557 individuals
   3930 loci
   5 populations assumed
   100000 Burn-in period
   200000 Reps


--------------------------------------------
Proportion of membership of each pre-defined
 population in each of the 5 clusters

Given    Inferred Clusters                     Number of
 Pop       1      2      3      4      5      Individuals

  1:     0.217  0.182  0.205  0.207  0.189       67
  2:     0.184  0.170  0.223  0.180  0.244       32
  3:     0.222  0.187  0.215  0.189  0.187       92
  4:     0.177  0.216  0.184  0.227  0.195       36
  5:     0.221  0.212  0.186  0.188  0.193       41
  6:     0.190  0.211  0.195  0.208  0.196      158
  7:     0.194  0.198  0.205  0.205  0.198       79
  8:     0.216  0.215  0.198  0.196  0.176       52
--------------------------------------------

Allele-freq. divergence among pops (Net nucleotide distance),
computed using point estimates of P.

      1       2       3       4       5      
 1      -    0.0036  0.0030  0.0026  0.0033  
 2   0.0036     -    0.0040  0.0033  0.0041  
 3   0.0030  0.0040     -    0.0031  0.0037  
 4   0.0026  0.0033  0.0031     -    0.0033  
 5   0.0033  0.0041  0.0037  0.0033     -    

Average distances (expected heterozygosity) between individuals in same cluster:
cluster  1  : 0.3118 
cluster  2  : 0.3108 
cluster  3  : 0.3110 
cluster  4  : 0.3129 
cluster  5  : 0.3130 

--------------------------------------------
Estimated Ln Prob of Data   = -2070368.3
Mean value of ln likelihood = -2061914.8
Variance of ln likelihood   = 16906.9
Mean value of alpha         = 1.8338

Mean value of Fst_1         = 0.0324
Mean value of Fst_2         = 0.0385
Mean value of Fst_3         = 0.0366
Mean value of Fst_4         = 0.0302
Mean value of Fst_5         = 0.0398


Inferred ancestry of individuals:
        Label (%Miss) Pop:  Inferred clusters
  1 NS_SS0963    (4)    1 :  0.279 0.114 0.138 0.300 0.169 
  2 NS_SS0983    (1)    1 :  0.239 0.359 0.112 0.162 0.128 
  3 NS_SS0719    (8)    1 :  0.149 0.190 0.222 0.271 0.168 
  4 NS_SS1001    (8)    1 :  0.209 0.113 0.273 0.088 0.316 
  5 NS_SS0936    (4)    1 :  0.249 0.111 0.096 0.264 0.280 
  6 NS_SS0955    (5)    1 :  0.301 0.241 0.142 0.201 0.115 
  7 NS_SS0944    (3)    1 :  0.322 0.212 0.148 0.122 0.196 
  8 NS_SS0945    (3)    1 :  0.184 0.235 0.174 0.163 0.244 
  9 NS_SS0922    (2)    1 :  0.134 0.110 0.234 0.185 0.338 
 10 NS_SS0929    (7)    1 :  0.238 0.253 0.144 0.229 0.135 
 11 NS_SS0956    (2)    1 :  0.142 0.104 0.438 0.116 0.200 
 12 NS_SS0906    (3)    1 :  0.338 0.211 0.139 0.184 0.127 
 13 NS_SS0721    (6)    1 :  0.141 0.162 0.372 0.190 0.136 
 14 NS_SS0982    (4)    1 :  0.263 0.134 0.213 0.252 0.138 
 15 NS_SS0923    (5)    1 :  0.238 0.137 0.233 0.188 0.203 
 16 NS_SS0905    (6)    1 :  0.252 0.176 0.263 0.122 0.186 
 17 NS_SS0925    (3)    1 :  0.334 0.085 0.194 0.134 0.252 
 18 NS_SS0947    (5)    1 :  0.260 0.136 0.140 0.203 0.262 
 19 NS_SS0926    (2)    1 :  0.148 0.316 0.126 0.342 0.069 
 20 NS_SS0918    (6)    1 :  0.426 0.092 0.200 0.174 0.107 
 21 NS_SS0966    (4)    1 :  0.324 0.125 0.152 0.234 0.166 
 22 NS_SS0938    (2)    1 :  0.107 0.099 0.124 0.420 0.251 
 23 NS_SS0917    (2)    1 :  0.086 0.301 0.169 0.263 0.181 
 24 NS_SS0957   (11)    1 :  0.165 0.169 0.369 0.178 0.119 
 25 NS_SS0987    (1)    1 :  0.196 0.150 0.448 0.126 0.080 
 26 NS_SS0717    (4)    1 :  0.221 0.112 0.304 0.080 0.282 
 27 NS_SS0986    (2)    1 :  0.213 0.225 0.272 0.204 0.086 
 28 NS_SS0953    (4)    1 :  0.350 0.107 0.189 0.083 0.271 
 29 NS_SS0907    (3)    1 :  0.428 0.178 0.104 0.159 0.132 
 30 NS_SS0974    (6)    1 :  0.250 0.199 0.109 0.156 0.286 
 31 NS_SS0989    (1)    1 :  0.081 0.346 0.103 0.280 0.190 
 32 NS_SS0991    (2)    1 :  0.388 0.223 0.233 0.090 0.067 
 33 NS_SS0994    (2)    1 :  0.110 0.474 0.084 0.114 0.219 
 34 NS_SS0931    (6)    1 :  0.224 0.287 0.179 0.237 0.073 
 35 NS_SS1000    (5)    1 :  0.222 0.121 0.168 0.208 0.281 
 36 NS_SS0919    (1)    1 :  0.255 0.197 0.088 0.373 0.088 
 37 NS_SS0949    (3)    1 :  0.128 0.293 0.133 0.234 0.212 
 38 NS_SS0960   (10)    1 :  0.234 0.247 0.237 0.165 0.116 
 39 NS_SS0716    (2)    1 :  0.081 0.123 0.494 0.119 0.183 
 40 NS_SS0924    (8)    1 :  0.290 0.208 0.175 0.203 0.124 
 41 NS_SS0935    (1)    1 :  0.211 0.312 0.247 0.094 0.136 
 42 NS_SS0952   (13)    1 :  0.292 0.278 0.119 0.188 0.123 
 43 NS_SS0962   (10)    1 :  0.131 0.106 0.209 0.366 0.187 
 44 NS_SS0973    (5)    1 :  0.358 0.148 0.130 0.140 0.225 
 45 NS_SS0722    (1)    1 :  0.275 0.090 0.139 0.082 0.413 
 46 NS_SS0979   (13)    1 :  0.222 0.114 0.302 0.229 0.133 
 47 NS_SS0993    (2)    1 :  0.315 0.078 0.172 0.174 0.262 
 48 NS_SS0958    (1)    1 :  0.166 0.311 0.193 0.156 0.174 
 49 NS_SS0988    (4)    1 :  0.219 0.183 0.159 0.359 0.079 
 50 NS_SS1003    (2)    1 :  0.149 0.066 0.244 0.470 0.070 
 51 NS_SS0976    (0)    1 :  0.231 0.270 0.118 0.277 0.104 
 52 NS_SS0964   (10)    1 :  0.146 0.098 0.300 0.085 0.371 
 53 NS_SS0939    (4)    1 :  0.061 0.090 0.470 0.181 0.198 
 54 NS_SS0990    (6)    1 :  0.080 0.247 0.228 0.314 0.132 
 55 NS_SS0984    (2)    1 :  0.151 0.083 0.230 0.216 0.320 
 56 NS_SS0980    (9)    1 :  0.290 0.109 0.099 0.124 0.377 
 57 NS_SS0978    (4)    1 :  0.198 0.147 0.125 0.226 0.305 
 58 NS_SS0951   (17)    1 :  0.294 0.224 0.310 0.089 0.083 
 59 NS_SS0913    (3)    1 :  0.182 0.141 0.343 0.117 0.217 
 60 NS_SS1002    (1)    1 :  0.200 0.076 0.083 0.521 0.120 
 61 NS_SS0948    (1)    1 :  0.292 0.193 0.183 0.225 0.106 
 62 NS_SS0916    (4)    1 :  0.089 0.207 0.168 0.230 0.305 
 63 NS_SS0995    (1)    1 :  0.127 0.136 0.254 0.184 0.300 
 64 NS_SS0927    (6)    1 :  0.121 0.277 0.126 0.224 0.252 
 65 NS_SS0992    (5)    1 :  0.129 0.215 0.090 0.252 0.313 
 66 NS_SS0912    (1)    1 :  0.177 0.226 0.313 0.207 0.077 
 67 NS_SS0981    (1)    1 :  0.264 0.103 0.235 0.315 0.084 
 68 NS_SS0729    (5)    2 :  0.216 0.338 0.054 0.119 0.272 
 69 NS_SS0967   (14)    2 :  0.282 0.105 0.122 0.323 0.168 
 70 NS_SS0941    (7)    2 :  0.123 0.138 0.205 0.209 0.325 
 71 NS_SS0768   (12)    2 :  0.240 0.156 0.280 0.174 0.149 
 72 NS_SS0726    (4)    2 :  0.137 0.238 0.067 0.267 0.291 
 73 NS_SS0763    (4)    2 :  0.199 0.291 0.136 0.143 0.230 
 74 NS_SS0730    (6)    2 :  0.127 0.117 0.288 0.256 0.211 
 75 NS_SS0774    (1)    2 :  0.191 0.096 0.173 0.180 0.360 
 76 NS_SS0723    (3)    2 :  0.243 0.067 0.184 0.276 0.230 
 77 NS_SS0940    (9)    2 :  0.101 0.224 0.219 0.221 0.235 
 78 NS_SS0762    (1)    2 :  0.182 0.072 0.257 0.093 0.397 
 79 NS_SS0766   (11)    2 :  0.086 0.202 0.290 0.113 0.309 
 80 NS_SS0724    (1)    2 :  0.306 0.105 0.276 0.110 0.203 
 81 NS_SS0769    (3)    2 :  0.166 0.166 0.219 0.298 0.150 
 82 NS_SS0777    (2)    2 :  0.228 0.262 0.207 0.208 0.095 
 83 NS_SS0734    (6)    2 :  0.136 0.222 0.294 0.145 0.203 
 84 NS_SS0737    (3)    2 :  0.103 0.086 0.188 0.147 0.476 
 85 NS_SS0732    (5)    2 :  0.252 0.102 0.388 0.120 0.139 
 86 NS_SS0728    (5)    2 :  0.153 0.156 0.229 0.144 0.318 
 87 NS_SS0735    (9)    2 :  0.229 0.117 0.213 0.075 0.366 
 88 NS_SS0725    (1)    2 :  0.135 0.117 0.193 0.213 0.342 
 89 NS_SS0788    (2)    2 :  0.136 0.157 0.165 0.399 0.143 
 90 NS_SS0778    (2)    2 :  0.157 0.229 0.181 0.330 0.104 
 91 NS_SS0792    (6)    2 :  0.210 0.213 0.277 0.122 0.178 
 92 NS_SS0943   (11)    2 :  0.362 0.296 0.133 0.098 0.111 
 93 NS_SS0791    (2)    2 :  0.095 0.239 0.279 0.123 0.264 
 94 NS_SS0790    (5)    2 :  0.311 0.057 0.343 0.110 0.179 
 95 NS_SS0731    (6)    2 :  0.182 0.127 0.416 0.133 0.141 
 96 NS_SS0727    (6)    2 :  0.122 0.287 0.108 0.071 0.413 
 97 NS_SS0779   (12)    2 :  0.228 0.169 0.215 0.215 0.173 
 98 NS_SS0776    (3)    2 :  0.134 0.178 0.208 0.200 0.280 
 99 NS_SS0775    (5)    2 :  0.106 0.099 0.321 0.124 0.350 
100 NS_SS0965    (3)    3 :  0.256 0.130 0.278 0.222 0.114 
101 NS_SS0754   (13)    3 :  0.154 0.293 0.259 0.147 0.148 
102 NS_SS0838    (5)    3 :  0.212 0.196 0.158 0.236 0.198 
103 NS_SS0839    (3)    3 :  0.154 0.090 0.258 0.222 0.276 
104 NS_SS0832    (4)    3 :  0.363 0.063 0.239 0.179 0.155 
105 NS_SS0820    (4)    3 :  0.212 0.072 0.263 0.301 0.152 
106 NS_SS0886    (9)    3 :  0.142 0.259 0.249 0.198 0.151 
107 NS_SS0748    (5)    3 :  0.313 0.217 0.169 0.197 0.105 
108 NS_SS0884    (9)    3 :  0.231 0.190 0.169 0.179 0.230 
109 NS_SS0752    (3)    3 :  0.196 0.146 0.160 0.176 0.322 
110 NS_SS0862    (1)    3 :  0.253 0.087 0.378 0.120 0.163 
111 NS_SS0787    (9)    3 :  0.144 0.485 0.137 0.140 0.093 
112 NS_SS0843    (6)    3 :  0.261 0.155 0.200 0.143 0.241 
113 NS_SS0856    (4)    3 :  0.079 0.180 0.175 0.225 0.342 
114 NS_SS0846    (2)    3 :  0.308 0.180 0.064 0.241 0.208 
115 NS_SS0825    (1)    3 :  0.169 0.163 0.192 0.386 0.091 
116 NS_SS0757    (3)    3 :  0.268 0.228 0.238 0.145 0.121 
117 NS_SS0876    (3)    3 :  0.243 0.149 0.184 0.141 0.283 
118 NS_SS0903    (9)    3 :  0.288 0.080 0.100 0.170 0.361 
119 NS_SS0875    (7)    3 :  0.148 0.166 0.298 0.247 0.141 
120 NS_SS0740    (5)    3 :  0.283 0.159 0.184 0.132 0.242 
121 NS_SS0811    (5)    3 :  0.187 0.099 0.491 0.105 0.119 
122 NS_SS0751    (1)    3 :  0.105 0.133 0.208 0.317 0.238 
123 NS_SS0891    (6)    3 :  0.139 0.163 0.208 0.232 0.258 
124 NS_SS0867    (2)    3 :  0.407 0.197 0.123 0.187 0.086 
125 NS_SS0890    (6)    3 :  0.243 0.168 0.188 0.202 0.199 
126 NS_SS0866   (11)    3 :  0.102 0.460 0.126 0.141 0.171 
127 NS_SS0755    (4)    3 :  0.278 0.154 0.247 0.188 0.134 
128 NS_SS0758    (4)    3 :  0.208 0.177 0.143 0.164 0.307 
129 NS_SS0840    (2)    3 :  0.246 0.065 0.235 0.280 0.174 
130 NS_SS0889    (4)    3 :  0.178 0.347 0.242 0.125 0.109 
131 NS_SS1010    (1)    3 :  0.202 0.151 0.180 0.340 0.127 
132 NS_SS0888    (5)    3 :  0.092 0.406 0.157 0.073 0.273 
133 NS_SS0837    (3)    3 :  0.332 0.107 0.314 0.125 0.123 
134 NS_SS0794    (9)    3 :  0.126 0.348 0.176 0.080 0.270 
135 NS_SS0823    (4)    3 :  0.343 0.094 0.118 0.163 0.282 
136 NS_SS0829    (7)    3 :  0.273 0.374 0.189 0.097 0.067 
137 NS_SS0844    (5)    3 :  0.561 0.066 0.106 0.122 0.146 
138 NS_SS1008    (5)    3 :  0.135 0.294 0.197 0.091 0.283 
139 NS_SS0881    (3)    3 :  0.109 0.211 0.181 0.386 0.112 
140 NS_SS0834    (6)    3 :  0.155 0.096 0.137 0.222 0.390 
141 NS_SS0744   (10)    3 :  0.215 0.174 0.169 0.245 0.197 
142 NS_SS0899    (7)    3 :  0.270 0.088 0.420 0.097 0.126 
143 NS_SS0804    (4)    3 :  0.261 0.065 0.276 0.209 0.188 
144 NS_SS0781   (10)    3 :  0.270 0.079 0.162 0.320 0.169 
145 NS_SS0822    (6)    3 :  0.287 0.199 0.135 0.090 0.289 
146 NS_SS1004    (4)    3 :  0.344 0.132 0.166 0.190 0.168 
147 NS_SS0746    (5)    3 :  0.382 0.174 0.099 0.168 0.178 
148 NS_SS0880    (3)    3 :  0.307 0.116 0.161 0.217 0.199 
149 NS_SS0879    (4)    3 :  0.219 0.146 0.199 0.144 0.292 
150 NS_SS0753    (2)    3 :  0.284 0.259 0.242 0.106 0.108 
151 NS_SS1007    (2)    3 :  0.076 0.148 0.131 0.274 0.372 
152 NS_SS0872    (5)    3 :  0.201 0.120 0.200 0.229 0.250 
153 NS_SS1005    (7)    3 :  0.354 0.114 0.124 0.229 0.178 
154 NS_SS0892    (6)    3 :  0.196 0.182 0.223 0.190 0.209 
155 NS_SS0898    (0)    3 :  0.196 0.251 0.234 0.176 0.143 
156 NS_SS0801    (9)    3 :  0.316 0.172 0.255 0.143 0.114 
157 NS_SS0827    (8)    3 :  0.151 0.222 0.376 0.178 0.072 
158 NS_SS0853    (6)    3 :  0.156 0.231 0.434 0.087 0.092 
159 NS_SS0780    (2)    3 :  0.159 0.112 0.251 0.289 0.189 
160 NS_SS0826   (10)    3 :  0.304 0.139 0.096 0.390 0.072 
161 NS_SS0818    (5)    3 :  0.160 0.073 0.265 0.244 0.258 
162 NS_SS0745    (1)    3 :  0.060 0.082 0.423 0.134 0.300 
163 NS_SS0849    (3)    3 :  0.223 0.118 0.404 0.188 0.066 
164 NS_SS0739    (3)    3 :  0.080 0.166 0.279 0.299 0.177 
165 NS_SS0799    (1)    3 :  0.195 0.252 0.188 0.077 0.288 
166 NS_SS0756    (2)    3 :  0.354 0.083 0.180 0.269 0.114 
167 NS_SS0802    (2)    3 :  0.149 0.210 0.096 0.332 0.213 
168 NS_SS0747    (6)    3 :  0.291 0.160 0.132 0.245 0.171 
169 NS_SS0835    (1)    3 :  0.141 0.396 0.091 0.213 0.159 
170 NS_SS0742   (18)    3 :  0.243 0.125 0.186 0.264 0.183 
171 NS_SS0760    (9)    3 :  0.172 0.383 0.137 0.147 0.161 
172 NS_SS0803    (4)    3 :  0.482 0.080 0.094 0.073 0.272 
173 NS_SS0828   (13)    3 :  0.195 0.183 0.333 0.137 0.153 
174 NS_SS0865    (2)    3 :  0.203 0.180 0.224 0.309 0.084 
175 NS_SS0759    (4)    3 :  0.194 0.093 0.277 0.173 0.264 
176 NS_SS0851    (5)    3 :  0.147 0.109 0.497 0.139 0.108 
177 NS_SS0874   (16)    3 :  0.472 0.094 0.131 0.120 0.184 
178 NS_SS0761    (6)    3 :  0.232 0.342 0.186 0.156 0.084 
179 NS_SS0842   (25)    3 :  0.213 0.256 0.213 0.149 0.170 
180 NS_SS0785    (6)    3 :  0.279 0.241 0.164 0.142 0.175 
181 NS_SS0860   (11)    3 :  0.174 0.408 0.096 0.172 0.150 
182 NS_SS0897    (7)    3 :  0.115 0.458 0.201 0.100 0.126 
183 NS_SS0841   (14)    3 :  0.209 0.087 0.376 0.127 0.200 
184 NS_SS0797    (6)    3 :  0.196 0.252 0.277 0.196 0.080 
185 NS_SS0830   (10)    3 :  0.187 0.184 0.261 0.230 0.138 
186 NS_SS1011    (5)    3 :  0.250 0.095 0.147 0.375 0.132 
187 NS_SS0883    (5)    3 :  0.192 0.232 0.332 0.118 0.125 
188 NS_SS0782    (2)    3 :  0.152 0.221 0.158 0.106 0.363 
189 NS_SS0831    (5)    3 :  0.168 0.353 0.293 0.092 0.095 
190 NS_SS0749    (7)    3 :  0.122 0.202 0.299 0.167 0.210 
191 NS_SS0854    (2)    3 :  0.167 0.195 0.136 0.117 0.385 
192 HI_SS0193    (0)    4 :  0.103 0.284 0.202 0.151 0.260 
193 HI_SS0194    (0)    4 :  0.152 0.118 0.115 0.273 0.342 
194 HI_SS0195    (9)    4 :  0.103 0.071 0.407 0.267 0.151 
195 HI_SS0196    (6)    4 :  0.144 0.219 0.160 0.127 0.350 
196 HI_SS0197    (3)    4 :  0.081 0.105 0.078 0.633 0.102 
197 HI_SS0198    (1)    4 :  0.148 0.239 0.308 0.162 0.143 
198 HI_SS0199    (1)    4 :  0.121 0.280 0.119 0.111 0.369 
199 HI_SS0201    (4)    4 :  0.270 0.369 0.151 0.143 0.067 
200 HI_SS0215    (1)    4 :  0.210 0.365 0.162 0.190 0.074 
201 HI_SS0218    (1)    4 :  0.073 0.445 0.222 0.073 0.187 
202 HI_SS0222    (0)    4 :  0.087 0.185 0.279 0.238 0.211 
203 HI_SS0230    (1)    4 :  0.224 0.126 0.206 0.354 0.090 
204 HI_SS0234    (1)    4 :  0.151 0.155 0.066 0.292 0.336 
205 HI_SS0240    (1)    4 :  0.095 0.144 0.186 0.141 0.434 
206 HI_SS0241    (0)    4 :  0.193 0.332 0.153 0.186 0.136 
207 HI_SS0242    (0)    4 :  0.268 0.207 0.202 0.152 0.171 
208 HI_SS0247    (0)    4 :  0.420 0.134 0.159 0.192 0.095 
209 HI_SS0248    (1)    4 :  0.227 0.309 0.092 0.065 0.307 
210 HI_SS0252    (2)    4 :  0.253 0.121 0.206 0.094 0.326 
211 HI_SS0254    (1)    4 :  0.196 0.183 0.109 0.364 0.149 
212 HI_SS0256    (0)    4 :  0.261 0.042 0.207 0.237 0.253 
213 HI_SS0257    (0)    4 :  0.266 0.296 0.053 0.201 0.184 
214 HI_SS0258    (1)    4 :  0.194 0.333 0.194 0.113 0.166 
215 HI_SS0259    (1)    4 :  0.105 0.119 0.157 0.378 0.241 
216 HI_SS0260    (1)    4 :  0.126 0.350 0.158 0.119 0.246 
217 HI_SS0261    (2)    4 :  0.230 0.197 0.080 0.314 0.179 
218 HI_SS0262    (0)    4 :  0.143 0.146 0.328 0.195 0.188 
219 HI_SS0264    (1)    4 :  0.173 0.129 0.287 0.292 0.120 
220 HI_SS0265    (0)    4 :  0.149 0.125 0.247 0.349 0.130 
221 HI_SS0268    (1)    4 :  0.067 0.218 0.264 0.319 0.132 
222 HI_SS0269    (1)    4 :  0.153 0.405 0.055 0.212 0.174 
223 HI_SS0273    (0)    4 :  0.248 0.302 0.126 0.199 0.125 
224 HI_SS0277    (1)    4 :  0.158 0.096 0.113 0.559 0.074 
225 HI_SS0280    (0)    4 :  0.102 0.180 0.365 0.172 0.180 
226 HI_SS0282    (1)    4 :  0.327 0.232 0.147 0.121 0.172 
227 HI_SS0286    (1)    4 :  0.160 0.226 0.268 0.197 0.150 
228 NS_SS1252    (3)    5 :  0.183 0.472 0.115 0.085 0.145 
229 NS_SS1261    (1)    5 :  0.202 0.185 0.181 0.257 0.175 
230 NS_SS1225    (9)    5 :  0.410 0.233 0.102 0.150 0.105 
231 NS_SS1266    (1)    5 :  0.477 0.070 0.158 0.139 0.156 
232 NS_SS1228    (0)    5 :  0.112 0.125 0.466 0.158 0.139 
233 NS_SS1255    (2)    5 :  0.133 0.164 0.120 0.105 0.478 
234 NS_SS1267    (3)    5 :  0.082 0.507 0.161 0.137 0.114 
235 NS_SS1238    (6)    5 :  0.108 0.186 0.250 0.329 0.127 
236 NS_SS1233    (8)    5 :  0.476 0.102 0.182 0.133 0.106 
237 NS_SS1277    (3)    5 :  0.078 0.308 0.193 0.115 0.305 
238 NS_SS1245    (1)    5 :  0.354 0.198 0.098 0.159 0.191 
239 NS_SS1240    (4)    5 :  0.104 0.489 0.088 0.188 0.133 
240 NS_SS1275    (2)    5 :  0.157 0.064 0.224 0.416 0.138 
241 NS_SS1235    (1)    5 :  0.233 0.133 0.061 0.172 0.402 
242 NS_SS1263    (1)    5 :  0.360 0.089 0.154 0.108 0.289 
243 NS_SS1251    (1)    5 :  0.376 0.104 0.132 0.203 0.186 
244 NS_SS1248    (0)    5 :  0.130 0.183 0.481 0.147 0.059 
245 NS_SS1244    (0)    5 :  0.228 0.139 0.104 0.431 0.097 
246 NS_SS1257    (0)    5 :  0.155 0.348 0.150 0.132 0.215 
247 NS_SS1242    (2)    5 :  0.205 0.111 0.235 0.184 0.265 
248 NS_SS1271    (6)    5 :  0.113 0.456 0.142 0.150 0.139 
249 NS_SS1265    (1)    5 :  0.190 0.356 0.126 0.207 0.120 
250 NS_SS1243    (0)    5 :  0.164 0.144 0.363 0.077 0.252 
251 NS_SS1273    (1)    5 :  0.167 0.096 0.274 0.185 0.279 
252 NS_SS1254   (14)    5 :  0.423 0.111 0.183 0.110 0.172 
253 NS_SS1224    (1)    5 :  0.308 0.101 0.296 0.136 0.159 
254 NS_SS1227    (8)    5 :  0.123 0.287 0.101 0.294 0.195 
255 NS_SS1274    (8)    5 :  0.172 0.267 0.205 0.129 0.228 
256 NS_SS1241    (1)    5 :  0.272 0.251 0.160 0.172 0.145 
257 NS_SS1256    (3)    5 :  0.341 0.209 0.087 0.241 0.123 
258 NS_SS1260    (8)    5 :  0.171 0.355 0.115 0.129 0.230 
259 NS_SS1262    (0)    5 :  0.281 0.232 0.178 0.203 0.106 
260 NS_SS1230    (0)    5 :  0.191 0.261 0.206 0.163 0.179 
261 NS_SS1270    (2)    5 :  0.380 0.106 0.265 0.169 0.080 
262 NS_SS1229    (2)    5 :  0.152 0.086 0.053 0.292 0.417 
263 NS_SS1246    (5)    5 :  0.111 0.260 0.090 0.306 0.234 
264 NS_SS1269    (0)    5 :  0.194 0.162 0.248 0.165 0.232 
265 NS_SS1239    (1)    5 :  0.118 0.107 0.314 0.110 0.351 
266 NS_SS1272    (4)    5 :  0.163 0.111 0.094 0.539 0.093 
267 NS_SS1268    (1)    5 :  0.339 0.102 0.375 0.084 0.101 
268 NS_SS1249    (0)    5 :  0.135 0.434 0.094 0.089 0.248 
269 HI_SS0559    (0)    6 :  0.218 0.208 0.257 0.079 0.238 
270 HI_SS0563    (1)    6 :  0.244 0.164 0.175 0.226 0.191 
271 HI_SS0564    (0)    6 :  0.215 0.130 0.191 0.280 0.184 
272 HI_SS0565    (0)    6 :  0.225 0.222 0.115 0.327 0.112 
273 HI_SS0569    (0)    6 :  0.395 0.280 0.123 0.143 0.060 
274 HI_SS0570    (0)    6 :  0.091 0.370 0.200 0.185 0.155 
275 HI_SS0572    (1)    6 :  0.209 0.100 0.115 0.166 0.411 
276 HI_SS0576    (0)    6 :  0.130 0.107 0.381 0.197 0.184 
277 HI_SS0579    (1)    6 :  0.452 0.188 0.087 0.079 0.195 
278 HI_SS0580    (1)    6 :  0.130 0.301 0.218 0.092 0.259 
279 HI_SS0581    (0)    6 :  0.117 0.083 0.281 0.398 0.121 
280 HI_SS0583    (1)    6 :  0.190 0.359 0.103 0.128 0.220 
281 HI_SS0586    (1)    6 :  0.114 0.437 0.248 0.127 0.074 
282 HI_SS0588    (1)    6 :  0.294 0.279 0.147 0.108 0.173 
283 HI_SS0595    (4)    6 :  0.111 0.248 0.099 0.397 0.145 
284 HI_SS0596    (0)    6 :  0.168 0.098 0.170 0.101 0.462 
285 HI_SS0597    (1)    6 :  0.193 0.123 0.120 0.284 0.280 
286 HI_SS0600    (0)    6 :  0.132 0.253 0.151 0.279 0.185 
287 HI_SS0601    (1)    6 :  0.347 0.170 0.153 0.252 0.077 
288 HI_SS0602    (1)    6 :  0.120 0.307 0.328 0.099 0.145 
289 HI_SS0604    (0)    6 :  0.327 0.156 0.210 0.103 0.203 
290 HI_SS0605    (1)    6 :  0.174 0.245 0.294 0.103 0.184 
291 HI_SS0608    (0)    6 :  0.119 0.170 0.336 0.171 0.203 
292 HI_SS0609    (0)    6 :  0.364 0.106 0.125 0.203 0.202 
293 HI_SS0611    (5)    6 :  0.125 0.367 0.300 0.092 0.116 
294 HI_SS0612    (1)    6 :  0.411 0.164 0.054 0.115 0.257 
295 HI_SS0613    (1)    6 :  0.206 0.204 0.394 0.103 0.093 
296 HI_SS0615    (0)    6 :  0.111 0.076 0.255 0.232 0.325 
297 HI_SS0001    (1)    6 :  0.110 0.243 0.105 0.224 0.318 
298 HI_SS0002    (1)    6 :  0.299 0.086 0.153 0.240 0.222 
299 HI_SS0004    (0)    6 :  0.101 0.323 0.208 0.118 0.249 
300 HI_SS0005    (1)    6 :  0.109 0.154 0.444 0.202 0.091 
301 HI_SS0006    (1)    6 :  0.285 0.279 0.087 0.211 0.138 
302 HI_SS0007    (1)    6 :  0.099 0.291 0.391 0.072 0.147 
303 HI_SS0008    (0)    6 :  0.200 0.143 0.216 0.324 0.117 
304 HI_SS0009    (0)    6 :  0.173 0.094 0.345 0.075 0.313 
305 HI_SS0010    (1)    6 :  0.176 0.231 0.275 0.210 0.108 
306 HI_SS0011    (1)    6 :  0.362 0.108 0.170 0.280 0.079 
307 HI_SS0012    (0)    6 :  0.155 0.080 0.196 0.338 0.231 
308 HI_SS0017    (1)    6 :  0.122 0.123 0.163 0.178 0.414 
309 HI_SS0021    (1)    6 :  0.135 0.305 0.178 0.280 0.103 
310 HI_SS0024    (1)    6 :  0.092 0.105 0.282 0.313 0.208 
311 HI_SS0025    (1)    6 :  0.204 0.119 0.273 0.094 0.310 
312 HI_SS0027    (0)    6 :  0.284 0.257 0.219 0.080 0.160 
313 HI_SS0028    (0)    6 :  0.101 0.065 0.369 0.366 0.098 
314 HI_SS0029    (1)    6 :  0.077 0.212 0.265 0.213 0.234 
315 HI_SS0030    (2)    6 :  0.198 0.207 0.176 0.196 0.222 
316 HI_SS0031    (0)    6 :  0.191 0.124 0.109 0.334 0.242 
317 HI_SS0034    (0)    6 :  0.283 0.319 0.084 0.103 0.212 
318 HI_SS0036    (0)    6 :  0.053 0.360 0.205 0.288 0.094 
319 HI_SS0037    (1)    6 :  0.183 0.391 0.239 0.101 0.086 
320 HI_SS0039    (0)    6 :  0.104 0.290 0.348 0.176 0.081 
321 HI_SS0041    (1)    6 :  0.098 0.118 0.392 0.172 0.220 
322 HI_SS0042    (1)    6 :  0.179 0.097 0.219 0.297 0.208 
323 HI_SS0043    (1)    6 :  0.117 0.429 0.117 0.253 0.084 
324 HI_SS0044    (1)    6 :  0.066 0.281 0.172 0.126 0.355 
325 HI_SS0047    (1)    6 :  0.232 0.118 0.202 0.159 0.289 
326 HI_SS0049    (0)    6 :  0.231 0.138 0.173 0.106 0.351 
327 HI_SS0051    (1)    6 :  0.323 0.148 0.309 0.103 0.118 
328 HI_SS0053    (1)    6 :  0.144 0.352 0.089 0.292 0.123 
329 HI_SS0054    (4)    6 :  0.344 0.299 0.157 0.128 0.072 
330 HI_SS0057    (0)    6 :  0.195 0.132 0.299 0.245 0.129 
331 HI_SS0058    (0)    6 :  0.245 0.324 0.165 0.093 0.172 
332 HI_SS0060    (0)    6 :  0.192 0.145 0.252 0.307 0.104 
333 HI_SS0087    (1)    6 :  0.247 0.200 0.100 0.279 0.174 
334 HI_SS0091    (0)    6 :  0.140 0.405 0.059 0.289 0.108 
335 HI_SS0095    (1)    6 :  0.203 0.207 0.132 0.265 0.193 
336 HI_SS0097    (3)    6 :  0.494 0.108 0.105 0.144 0.149 
337 HI_SS0099    (0)    6 :  0.124 0.178 0.328 0.148 0.222 
338 HI_SS0103    (0)    6 :  0.161 0.154 0.103 0.246 0.336 
339 HI_SS0105    (1)    6 :  0.242 0.145 0.143 0.374 0.096 
340 HI_SS0107    (1)    6 :  0.176 0.073 0.120 0.227 0.405 
341 HI_SS0108    (1)    6 :  0.146 0.495 0.106 0.118 0.134 
342 HI_SS0110    (0)    6 :  0.102 0.195 0.083 0.408 0.211 
343 HI_SS0111    (1)    6 :  0.116 0.178 0.207 0.297 0.201 
344 HI_SS0112    (0)    6 :  0.105 0.443 0.133 0.163 0.155 
345 HI_SS0113    (1)    6 :  0.183 0.095 0.190 0.294 0.239 
346 HI_SS0114    (1)    6 :  0.231 0.308 0.245 0.128 0.089 
347 HI_SS0115    (1)    6 :  0.193 0.187 0.193 0.068 0.359 
348 HI_SS0116    (4)    6 :  0.115 0.335 0.112 0.115 0.324 
349 HI_SS0117    (0)    6 :  0.263 0.238 0.070 0.329 0.100 
350 HI_SS0118    (0)    6 :  0.230 0.303 0.110 0.193 0.164 
351 HI_SS0119    (1)    6 :  0.180 0.236 0.115 0.366 0.103 
352 HI_SS0120    (1)    6 :  0.109 0.077 0.087 0.356 0.372 
353 HI_SS0121    (1)    6 :  0.168 0.081 0.247 0.445 0.059 
354 HI_SS0122    (2)    6 :  0.138 0.214 0.212 0.292 0.145 
355 HI_SS0123    (0)    6 :  0.245 0.176 0.100 0.300 0.178 
356 HI_SS0124    (1)    6 :  0.121 0.079 0.287 0.113 0.400 
357 HI_SS0125    (1)    6 :  0.124 0.078 0.321 0.253 0.224 
358 HI_SS0126    (0)    6 :  0.099 0.396 0.129 0.131 0.245 
359 HI_SS0127    (0)    6 :  0.301 0.148 0.346 0.114 0.091 
360 HI_SS0128    (0)    6 :  0.195 0.146 0.110 0.238 0.310 
361 HI_SS0129    (1)    6 :  0.118 0.319 0.166 0.189 0.209 
362 HI_SS0131    (2)    6 :  0.260 0.262 0.280 0.131 0.067 
363 HI_SS0132    (0)    6 :  0.182 0.164 0.198 0.356 0.100 
364 HI_SS0133    (1)    6 :  0.099 0.479 0.137 0.129 0.156 
365 HI_SS0134    (1)    6 :  0.264 0.211 0.143 0.193 0.189 
366 HI_SS0142    (3)    6 :  0.290 0.149 0.148 0.289 0.124 
367 HI_SS0145    (0)    6 :  0.314 0.215 0.095 0.119 0.257 
368 HI_SS0146    (1)    6 :  0.273 0.249 0.182 0.105 0.191 
369 HI_SS0147    (1)    6 :  0.262 0.108 0.361 0.163 0.105 
370 HI_SS0149    (1)    6 :  0.164 0.160 0.090 0.519 0.066 
371 HI_SS0150    (2)    6 :  0.176 0.094 0.318 0.185 0.228 
372 HI_SS0151    (0)    6 :  0.163 0.195 0.181 0.072 0.389 
373 NS_SS1451    (1)    6 :  0.113 0.086 0.314 0.199 0.288 
374 NS_SS1404    (0)    6 :  0.132 0.175 0.395 0.173 0.125 
375 NS_SS1432    (2)    6 :  0.060 0.081 0.192 0.423 0.244 
376 NS_SS1405    (4)    6 :  0.130 0.207 0.222 0.149 0.293 
377 NS_SS1431   (10)    6 :  0.119 0.085 0.174 0.391 0.231 
378 NS_SS1402    (3)    6 :  0.183 0.210 0.120 0.278 0.207 
379 NS_SS1450    (3)    6 :  0.115 0.291 0.171 0.141 0.281 
380 NS_SS1396    (0)    6 :  0.181 0.176 0.251 0.233 0.160 
381 NS_SS1393    (5)    6 :  0.147 0.257 0.200 0.164 0.232 
382 NS_SS1392   (10)    6 :  0.079 0.128 0.282 0.143 0.368 
383 NS_SS1445    (0)    6 :  0.273 0.290 0.138 0.222 0.077 
384 NS_SS1423    (0)    6 :  0.123 0.212 0.085 0.336 0.245 
385 NS_SS1421    (9)    6 :  0.196 0.210 0.129 0.292 0.172 
386 NS_SS1411    (6)    6 :  0.121 0.318 0.381 0.082 0.098 
387 NS_SS1453    (5)    6 :  0.109 0.266 0.142 0.364 0.118 
388 NS_SS1442    (2)    6 :  0.391 0.151 0.154 0.116 0.188 
389 NS_SS1422    (1)    6 :  0.309 0.135 0.089 0.161 0.306 
390 NS_SS1419    (1)    6 :  0.414 0.126 0.264 0.108 0.088 
391 NS_SS1427    (0)    6 :  0.062 0.413 0.088 0.144 0.294 
392 NS_SS1444    (3)    6 :  0.285 0.132 0.311 0.096 0.176 
393 NS_SS1455    (0)    6 :  0.270 0.087 0.145 0.173 0.325 
394 NS_SS1425    (2)    6 :  0.230 0.404 0.124 0.144 0.097 
395 NS_SS1400    (0)    6 :  0.257 0.343 0.185 0.105 0.109 
396 NS_SS1406    (1)    6 :  0.355 0.065 0.120 0.333 0.127 
397 NS_SS1417    (6)    6 :  0.237 0.231 0.169 0.192 0.171 
398 NS_SS1454    (2)    6 :  0.124 0.283 0.180 0.343 0.071 
399 NS_SS1412    (1)    6 :  0.150 0.268 0.215 0.166 0.201 
400 NS_SS1438    (1)    6 :  0.277 0.353 0.174 0.111 0.085 
401 NS_SS1416    (4)    6 :  0.196 0.203 0.224 0.229 0.147 
402 NS_SS1401    (0)    6 :  0.182 0.198 0.111 0.356 0.152 
403 NS_SS1424    (6)    6 :  0.151 0.217 0.140 0.350 0.142 
404 NS_SS1435    (9)    6 :  0.082 0.160 0.294 0.212 0.252 
405 NS_SS1447    (4)    6 :  0.335 0.116 0.247 0.163 0.138 
406 NS_SS1414    (3)    6 :  0.280 0.109 0.353 0.109 0.149 
407 NS_SS1449   (14)    6 :  0.144 0.138 0.130 0.290 0.299 
408 NS_SS1443    (4)    6 :  0.222 0.295 0.064 0.122 0.298 
409 NS_SS1434    (1)    6 :  0.140 0.185 0.083 0.100 0.492 
410 NS_SS1398    (1)    6 :  0.126 0.151 0.234 0.207 0.282 
411 NS_SS1426    (1)    6 :  0.140 0.381 0.132 0.180 0.167 
412 NS_SS1413    (0)    6 :  0.200 0.296 0.105 0.147 0.252 
413 NS_SS1395    (1)    6 :  0.177 0.284 0.103 0.253 0.184 
414 NS_SS1448   (10)    6 :  0.106 0.266 0.344 0.135 0.149 
415 NS_SS1446    (0)    6 :  0.166 0.309 0.111 0.236 0.178 
416 NS_SS1403    (2)    6 :  0.100 0.119 0.157 0.449 0.176 
417 NS_SS1415    (0)    6 :  0.155 0.312 0.207 0.136 0.189 
418 NS_SS1437    (4)    6 :  0.144 0.142 0.193 0.410 0.112 
419 NS_SS1439    (2)    6 :  0.336 0.175 0.119 0.169 0.201 
420 NS_SS1441    (3)    6 :  0.199 0.283 0.105 0.158 0.254 
421 NS_SS1420    (2)    6 :  0.108 0.111 0.574 0.066 0.141 
422 NS_SS1394    (2)    6 :  0.129 0.112 0.390 0.233 0.136 
423 NS_SS1391    (7)    6 :  0.098 0.261 0.100 0.174 0.367 
424 NS_SS1410    (5)    6 :  0.143 0.242 0.152 0.289 0.174 
425 NS_SS1408    (1)    6 :  0.228 0.124 0.179 0.329 0.141 
426 NS_SS1409    (1)    6 :  0.133 0.238 0.090 0.147 0.392 
427 HI_SS0617    (1)    7 :  0.108 0.281 0.150 0.112 0.350 
428 HI_SS0618    (2)    7 :  0.177 0.131 0.313 0.138 0.241 
429 HI_SS0619    (0)    7 :  0.111 0.223 0.264 0.131 0.271 
430 HI_SS0620    (1)    7 :  0.131 0.407 0.225 0.058 0.178 
431 HI_SS0621    (3)    7 :  0.201 0.135 0.209 0.236 0.219 
432 HI_SS0622    (1)    7 :  0.309 0.195 0.205 0.129 0.162 
433 HI_SS0626    (0)    7 :  0.110 0.185 0.421 0.200 0.084 
434 HI_SS0627    (0)    7 :  0.111 0.111 0.160 0.430 0.189 
435 HI_SS0628    (3)    7 :  0.101 0.318 0.199 0.264 0.118 
436 HI_SS0629    (1)    7 :  0.194 0.236 0.212 0.249 0.108 
437 HI_SS0630    (1)    7 :  0.177 0.253 0.264 0.101 0.206 
438 HI_SS0631    (0)    7 :  0.142 0.235 0.278 0.174 0.171 
439 HI_SS0632    (0)    7 :  0.271 0.163 0.314 0.149 0.102 
440 HI_SS0633    (0)    7 :  0.151 0.163 0.162 0.084 0.440 
441 HI_SS0634    (1)    7 :  0.121 0.197 0.254 0.296 0.131 
442 HI_SS0635    (0)    7 :  0.215 0.111 0.329 0.174 0.171 
443 HI_SS0637    (1)    7 :  0.349 0.183 0.177 0.202 0.088 
444 HI_SS0638    (0)    7 :  0.169 0.197 0.209 0.180 0.245 
445 HI_SS0639    (1)    7 :  0.209 0.106 0.292 0.199 0.194 
446 HI_SS0640    (1)    7 :  0.379 0.129 0.163 0.112 0.217 
447 HI_SS0641    (1)    7 :  0.148 0.326 0.338 0.107 0.082 
448 HI_SS0642    (0)    7 :  0.113 0.079 0.141 0.538 0.130 
449 HI_SS0645    (0)    7 :  0.144 0.082 0.505 0.087 0.182 
450 HI_SS0646    (1)    7 :  0.184 0.163 0.096 0.191 0.368 
451 HI_SS0647    (1)    7 :  0.165 0.154 0.174 0.255 0.251 
452 HI_SS0648    (0)    7 :  0.219 0.176 0.230 0.164 0.212 
453 HI_SS0649    (1)    7 :  0.229 0.197 0.178 0.159 0.237 
454 HI_SS0650    (1)    7 :  0.116 0.112 0.141 0.167 0.464 
455 HI_SS0651    (1)    7 :  0.227 0.171 0.201 0.157 0.243 
456 HI_SS0652    (1)    7 :  0.140 0.110 0.445 0.112 0.193 
457 NS_SS1371    (3)    7 :  0.135 0.234 0.085 0.300 0.245 
458 NS_SS1374    (0)    7 :  0.086 0.310 0.187 0.308 0.109 
459 NS_SS1337    (3)    7 :  0.142 0.101 0.283 0.329 0.145 
460 NS_SS1385    (5)    7 :  0.216 0.151 0.127 0.186 0.320 
461 NS_SS1388    (0)    7 :  0.113 0.233 0.271 0.187 0.195 
462 NS_SS1370    (1)    7 :  0.145 0.085 0.535 0.142 0.092 
463 NS_SS1389    (3)    7 :  0.107 0.165 0.363 0.184 0.181 
464 NS_SS1360    (1)    7 :  0.256 0.248 0.247 0.138 0.112 
465 NS_SS1330    (0)    7 :  0.237 0.100 0.295 0.127 0.242 
466 NS_SS1328    (8)    7 :  0.122 0.265 0.073 0.179 0.360 
467 NS_SS1384    (1)    7 :  0.292 0.187 0.172 0.232 0.118 
468 NS_SS1381    (0)    7 :  0.173 0.078 0.135 0.113 0.501 
469 NS_SS1375    (1)    7 :  0.059 0.129 0.328 0.153 0.331 
470 NS_SS1319   (10)    7 :  0.115 0.187 0.206 0.305 0.187 
471 NS_SS1326    (2)    7 :  0.093 0.391 0.139 0.130 0.247 
472 NS_SS1341    (1)    7 :  0.232 0.249 0.084 0.352 0.084 
473 NS_SS1383    (1)    7 :  0.114 0.132 0.189 0.473 0.091 
474 NS_SS1318    (3)    7 :  0.225 0.185 0.281 0.100 0.210 
475 NS_SS1348    (2)    7 :  0.223 0.332 0.126 0.204 0.115 
476 NS_SS1363    (0)    7 :  0.237 0.127 0.286 0.199 0.150 
477 NS_SS1335    (4)    7 :  0.331 0.223 0.182 0.186 0.078 
478 NS_SS1358    (0)    7 :  0.322 0.181 0.089 0.242 0.166 
479 NS_SS1342    (1)    7 :  0.204 0.231 0.063 0.371 0.131 
480 NS_SS1320    (2)    7 :  0.234 0.049 0.116 0.114 0.487 
481 NS_SS1355    (1)    7 :  0.441 0.112 0.129 0.119 0.200 
482 NS_SS1345    (1)    7 :  0.588 0.069 0.109 0.084 0.150 
483 NS_SS1324    (0)    7 :  0.180 0.269 0.194 0.197 0.160 
484 NS_SS1347    (5)    7 :  0.227 0.141 0.149 0.247 0.236 
485 NS_SS1321    (4)    7 :  0.088 0.304 0.153 0.339 0.116 
486 NS_SS1333    (0)    7 :  0.051 0.294 0.174 0.368 0.113 
487 NS_SS1364    (1)    7 :  0.427 0.204 0.099 0.179 0.091 
488 NS_SS1379    (0)    7 :  0.236 0.140 0.158 0.154 0.312 
489 NS_SS1332    (0)    7 :  0.123 0.394 0.161 0.212 0.109 
490 NS_SS1338    (5)    7 :  0.153 0.240 0.293 0.181 0.133 
491 NS_SS1368    (6)    7 :  0.287 0.284 0.093 0.242 0.094 
492 NS_SS1354    (1)    7 :  0.280 0.159 0.160 0.240 0.161 
493 NS_SS1365    (0)    7 :  0.220 0.126 0.289 0.188 0.177 
494 NS_SS1380    (1)    7 :  0.360 0.111 0.236 0.169 0.124 
495 NS_SS1329    (8)    7 :  0.201 0.245 0.061 0.386 0.107 
496 NS_SS1362    (0)    7 :  0.195 0.176 0.114 0.261 0.254 
497 NS_SS1327    (2)    7 :  0.071 0.548 0.123 0.132 0.127 
498 NS_SS1350    (0)    7 :  0.066 0.244 0.099 0.137 0.454 
499 NS_SS1387    (2)    7 :  0.189 0.165 0.405 0.124 0.117 
500 NS_SS1369    (8)    7 :  0.340 0.276 0.154 0.128 0.102 
501 NS_SS1331    (1)    7 :  0.081 0.221 0.322 0.264 0.113 
502 NS_SS1357    (4)    7 :  0.102 0.203 0.064 0.168 0.463 
503 NS_SS1386    (1)    7 :  0.163 0.390 0.063 0.315 0.068 
504 NS_SS1353    (2)    7 :  0.122 0.167 0.143 0.264 0.305 
505 NS_SS1323    (0)    7 :  0.265 0.084 0.149 0.305 0.197 
506 HI_SS0296    (0)    8 :  0.173 0.270 0.296 0.082 0.180 
507 HI_SS0297    (0)    8 :  0.079 0.102 0.106 0.422 0.291 
508 HI_SS0299    (0)    8 :  0.317 0.181 0.155 0.181 0.165 
509 HI_SS0300    (0)    8 :  0.372 0.170 0.214 0.094 0.150 
510 HI_SS0301    (0)    8 :  0.231 0.123 0.362 0.234 0.051 
511 HI_SS0302    (0)    8 :  0.225 0.254 0.335 0.087 0.098 
512 HI_SS0303    (0)    8 :  0.158 0.354 0.118 0.108 0.262 
513 HI_SS0304    (0)    8 :  0.079 0.199 0.320 0.191 0.210 
514 HI_SS0306    (5)    8 :  0.156 0.338 0.258 0.121 0.126 
515 HI_SS0307    (1)    8 :  0.259 0.126 0.225 0.183 0.208 
516 HI_SS0308    (1)    8 :  0.260 0.108 0.221 0.278 0.134 
517 HI_SS0309    (0)    8 :  0.405 0.116 0.168 0.156 0.154 
518 HI_SS0310    (0)    8 :  0.207 0.194 0.226 0.121 0.252 
519 HI_SS0311    (3)    8 :  0.228 0.172 0.317 0.188 0.095 
520 HI_SS0314    (0)    8 :  0.119 0.190 0.169 0.208 0.315 
521 HI_SS0316    (1)    8 :  0.227 0.264 0.164 0.180 0.165 
522 HI_SS0317    (3)    8 :  0.131 0.131 0.242 0.359 0.137 
523 HI_SS0318    (1)    8 :  0.149 0.331 0.140 0.298 0.083 
524 HI_SS0319    (0)    8 :  0.243 0.436 0.077 0.094 0.150 
525 HI_SS0320    (3)    8 :  0.060 0.102 0.215 0.476 0.147 
526 HI_SS0321    (0)    8 :  0.117 0.216 0.126 0.330 0.212 
527 HI_SS0323    (1)    8 :  0.161 0.316 0.236 0.118 0.169 
528 HI_SS0325    (2)    8 :  0.180 0.318 0.262 0.136 0.104 
529 HI_SS0327    (1)    8 :  0.185 0.240 0.047 0.160 0.368 
530 HI_SS0329    (1)    8 :  0.145 0.146 0.310 0.261 0.139 
531 HI_SS0333    (1)    8 :  0.198 0.194 0.186 0.234 0.188 
532 HI_SS0334    (1)    8 :  0.257 0.294 0.133 0.192 0.125 
533 HI_SS0335    (1)    8 :  0.400 0.090 0.126 0.186 0.198 
534 HI_SS0339    (0)    8 :  0.394 0.123 0.220 0.131 0.131 
535 HI_SS0343    (2)    8 :  0.313 0.101 0.096 0.270 0.219 
536 HI_SS0344    (1)    8 :  0.110 0.510 0.096 0.161 0.122 
537 HI_SS0345    (3)    8 :  0.262 0.163 0.253 0.232 0.090 
538 HI_SS0346    (0)    8 :  0.093 0.213 0.184 0.407 0.102 
539 HI_SS0350    (1)    8 :  0.488 0.063 0.207 0.072 0.170 
540 HI_SS0351    (0)    8 :  0.456 0.125 0.085 0.216 0.117 
541 HI_SS0352    (3)    8 :  0.260 0.132 0.160 0.275 0.173 
542 HI_SS0362    (0)    8 :  0.160 0.174 0.425 0.118 0.123 
543 HI_SS0363    (1)    8 :  0.208 0.316 0.095 0.112 0.269 
544 HI_SS0365    (0)    8 :  0.203 0.291 0.129 0.133 0.244 
545 HI_SS0366    (0)    8 :  0.145 0.435 0.140 0.100 0.180 
546 HI_SS0367    (1)    8 :  0.254 0.115 0.188 0.208 0.236 
547 HI_SS0369    (1)    8 :  0.220 0.114 0.301 0.178 0.186 
548 HI_SS0370    (0)    8 :  0.128 0.148 0.071 0.209 0.444 
549 HI_SS0371    (4)    8 :  0.154 0.345 0.248 0.150 0.103 
550 HI_SS0373    (3)    8 :  0.162 0.203 0.268 0.128 0.239 
551 HI_SS0374    (0)    8 :  0.199 0.139 0.219 0.221 0.223 
552 HI_SS0377    (0)    8 :  0.424 0.191 0.140 0.170 0.075 
553 HI_SS0379    (1)    8 :  0.129 0.521 0.083 0.202 0.064 
554 HI_SS0380    (1)    8 :  0.272 0.144 0.193 0.190 0.202 
555 HI_SS0381    (2)    8 :  0.305 0.095 0.236 0.238 0.126 
556 HI_SS0384    (3)    8 :  0.069 0.262 0.161 0.228 0.280 
557 HI_SS0385    (1)    8 :  0.102 0.266 0.340 0.151 0.140 


Estimated Allele Frequencies in each cluster
First column gives estimated ancestral frequencies


Locus 1 : 
2 alleles
3.4% missing data
   1   (0.736) 0.710 0.718 0.697 0.799 0.768 
   2   (0.264) 0.290 0.282 0.303 0.201 0.232 

Locus 2 : 
2 alleles
4.3% missing data
   1   (0.883) 0.904 0.913 0.902 0.866 0.860 
   2   (0.117) 0.096 0.087 0.098 0.134 0.140 

Locus 3 : 
2 alleles
3.9% missing data
   1   (0.860) 0.889 0.864 0.857 0.868 0.858 
   2   (0.140) 0.111 0.136 0.143 0.132 0.142 

Locus 4 : 
2 alleles
2.7% missing data
   1   (0.885) 0.910 0.910 0.887 0.835 0.922 
   2   (0.115) 0.090 0.090 0.113 0.165 0.078 

Locus 5 : 
2 alleles
2.7% missing data
   1   (0.822) 0.831 0.793 0.829 0.871 0.800 
   2   (0.178) 0.169 0.207 0.171 0.129 0.200 

Locus 6 : 
2 alleles
3.2% missing data
   1   (0.789) 0.768 0.754 0.823 0.817 0.810 
   2   (0.211) 0.232 0.246 0.177 0.183 0.190 

Locus 7 : 
2 alleles
3.8% missing data
   1   (0.801) 0.808 0.787 0.788 0.805 0.848 
   2   (0.199) 0.192 0.213 0.212 0.195 0.152 

Locus 8 : 
2 alleles
4.8% missing data
   1   (0.704) 0.701 0.689 0.733 0.727 0.684 
   2   (0.296) 0.299 0.311 0.267 0.273 0.316 

Locus 9 : 
2 alleles
3.1% missing data
   1   (0.793) 0.793 0.735 0.819 0.836 0.790 
   2   (0.207) 0.207 0.265 0.181 0.164 0.210 

Locus 10 : 
2 alleles
4.7% missing data
   1   (0.886) 0.891 0.886 0.896 0.865 0.932 
   2   (0.114) 0.109 0.114 0.104 0.135 0.068 

Locus 11 : 
2 alleles
3.2% missing data
   1   (0.861) 0.900 0.826 0.861 0.844 0.899 
   2   (0.139) 0.100 0.174 0.139 0.156 0.101 

Locus 12 : 
2 alleles
4.8% missing data
   1   (0.729) 0.715 0.740 0.748 0.763 0.699 
   2   (0.271) 0.285 0.260 0.252 0.237 0.301 

Locus 13 : 
2 alleles
4.7% missing data
   1   (0.884) 0.876 0.871 0.882 0.917 0.908 
   2   (0.116) 0.124 0.129 0.118 0.083 0.092 

Locus 14 : 
2 alleles
3.9% missing data
   1   (0.872) 0.871 0.873 0.888 0.859 0.913 
   2   (0.128) 0.129 0.127 0.112 0.141 0.087 

Locus 15 : 
2 alleles
3.9% missing data
   1   (0.505) 0.509 0.538 0.506 0.511 0.463 
   2   (0.495) 0.491 0.462 0.494 0.489 0.537 

Locus 16 : 
2 alleles
4.3% missing data
   1   (0.606) 0.637 0.557 0.707 0.557 0.579 
   2   (0.394) 0.363 0.443 0.293 0.443 0.421 

Locus 17 : 
2 alleles
4.1% missing data
   1   (0.771) 0.804 0.750 0.797 0.761 0.769 
   2   (0.229) 0.196 0.250 0.203 0.239 0.231 

Locus 18 : 
2 alleles
2.3% missing data
   1   (0.891) 0.874 0.925 0.904 0.897 0.895 
   2   (0.109) 0.126 0.075 0.096 0.103 0.105 

Locus 19 : 
2 alleles
4.3% missing data
   1   (0.709) 0.730 0.689 0.760 0.688 0.696 
   2   (0.291) 0.270 0.311 0.240 0.312 0.304 

Locus 20 : 
2 alleles
3.2% missing data
   1   (0.882) 0.836 0.918 0.932 0.843 0.910 
   2   (0.118) 0.164 0.082 0.068 0.157 0.090 

Locus 21 : 
2 alleles
3.4% missing data
   1   (0.560) 0.652 0.446 0.563 0.547 0.581 
   2   (0.440) 0.348 0.554 0.437 0.453 0.419 

Locus 22 : 
2 alleles
4.8% missing data
   1   (0.852) 0.873 0.839 0.857 0.870 0.854 
   2   (0.148) 0.127 0.161 0.143 0.130 0.146 

Locus 23 : 
2 alleles
4.3% missing data
   1   (0.880) 0.911 0.888 0.877 0.899 0.851 
   2   (0.120) 0.089 0.112 0.123 0.101 0.149 

Locus 24 : 
2 alleles
3.2% missing data
   1   (0.544) 0.527 0.534 0.582 0.584 0.484 
   2   (0.456) 0.473 0.466 0.418 0.416 0.516 

Locus 25 : 
2 alleles
4.3% missing data
   2   (0.468) 0.442 0.509 0.478 0.413 0.515 
   1   (0.532) 0.558 0.491 0.522 0.587 0.485 

Locus 26 : 
2 alleles
4.3% missing data
   1   (0.837) 0.840 0.875 0.865 0.812 0.830 
   2   (0.163) 0.160 0.125 0.135 0.188 0.170 

Locus 27 : 
2 alleles
2.2% missing data
   1   (0.599) 0.591 0.651 0.616 0.580 0.573 
   2   (0.401) 0.409 0.349 0.384 0.420 0.427 

Locus 28 : 
2 alleles
4.1% missing data
   1   (0.859) 0.808 0.886 0.887 0.843 0.907 
   2   (0.141) 0.192 0.114 0.113 0.157 0.093 

Locus 29 : 
2 alleles
1.8% missing data
   1   (0.877) 0.901 0.880 0.865 0.887 0.891 
   2   (0.123) 0.099 0.120 0.135 0.113 0.109 

Locus 30 : 
2 alleles
4.5% missing data
   1   (0.864) 0.894 0.884 0.879 0.833 0.867 
   2   (0.136) 0.106 0.116 0.121 0.167 0.133 

Locus 31 : 
2 alleles
4.3% missing data
   1   (0.785) 0.732 0.806 0.818 0.773 0.833 
   2   (0.215) 0.268 0.194 0.182 0.227 0.167 

Locus 32 : 
2 alleles
