

----------------------------------------------------
STRUCTURE by Pritchard, Stephens and Donnelly (2000)
     and Falush, Stephens and Pritchard (2003)
       Code by Pritchard, Falush and Hubisz
             Version 2.3.4 (Jul 2012)
----------------------------------------------------



Command line arguments:   /home/genobiwan/Documents/Programs/Structure/structure -m parameter_job_k8_r6 
Input File:    /media/genobiwan/Storage/Projets/Mackerel_NWA_2021/data_job_k8_r6

Run parameters:
   557 individuals
   3930 loci
   8 populations assumed
   100000 Burn-in period
   200000 Reps


--------------------------------------------
Proportion of membership of each pre-defined
 population in each of the 8 clusters

Given    Inferred Clusters                                          Number of
 Pop       1      2      3      4      5      6      7      8      Individuals

  1:     0.110  0.122  0.112  0.136  0.131  0.119  0.137  0.134       67
  2:     0.104  0.150  0.150  0.132  0.107  0.137  0.103  0.117       32
  3:     0.115  0.127  0.112  0.124  0.117  0.137  0.139  0.129       92
  4:     0.142  0.133  0.123  0.108  0.148  0.128  0.112  0.106       36
  5:     0.137  0.118  0.126  0.107  0.115  0.127  0.156  0.113       41
  6:     0.132  0.122  0.127  0.123  0.132  0.121  0.115  0.128      158
  7:     0.126  0.119  0.124  0.129  0.131  0.127  0.122  0.123       79
  8:     0.134  0.118  0.111  0.123  0.119  0.124  0.131  0.141       52
--------------------------------------------

Allele-freq. divergence among pops (Net nucleotide distance),
computed using point estimates of P.

      1       2       3       4       5       6       7       8      
 1      -    0.0061  0.0068  0.0072  0.0059  0.0065  0.0068  0.0051  
 2   0.0061     -    0.0055  0.0063  0.0054  0.0059  0.0055  0.0052  
 3   0.0068  0.0055     -    0.0059  0.0052  0.0057  0.0057  0.0057  
 4   0.0072  0.0063  0.0059     -    0.0057  0.0054  0.0060  0.0053  
 5   0.0059  0.0054  0.0052  0.0057     -    0.0052  0.0048  0.0046  
 6   0.0065  0.0059  0.0057  0.0054  0.0052     -    0.0052  0.0045  
 7   0.0068  0.0055  0.0057  0.0060  0.0048  0.0052     -    0.0045  
 8   0.0051  0.0052  0.0057  0.0053  0.0046  0.0045  0.0045     -    

Average distances (expected heterozygosity) between individuals in same cluster:
cluster  1  : 0.3071 
cluster  2  : 0.3107 
cluster  3  : 0.3117 
cluster  4  : 0.3081 
cluster  5  : 0.3106 
cluster  6  : 0.3086 
cluster  7  : 0.3080 
cluster  8  : 0.3123 

--------------------------------------------
Estimated Ln Prob of Data   = -2072669.4
Mean value of ln likelihood = -2058300.9
Variance of ln likelihood   = 28737.0
Mean value of alpha         = 1.3921

Mean value of Fst_1         = 0.0710
Mean value of Fst_2         = 0.0658
Mean value of Fst_3         = 0.0633
Mean value of Fst_4         = 0.0682
Mean value of Fst_5         = 0.0590
Mean value of Fst_6         = 0.0597
Mean value of Fst_7         = 0.0626
Mean value of Fst_8         = 0.0580


Inferred ancestry of individuals:
        Label (%Miss) Pop:  Inferred clusters
  1 NS_SS0963    (4)    1 :  0.059 0.129 0.105 0.045 0.196 0.177 0.184 0.104 
  2 NS_SS0983    (1)    1 :  0.097 0.175 0.053 0.035 0.079 0.052 0.040 0.469 
  3 NS_SS0719    (8)    1 :  0.122 0.125 0.100 0.083 0.194 0.198 0.092 0.086 
  4 NS_SS1001    (8)    1 :  0.077 0.100 0.259 0.159 0.049 0.132 0.138 0.086 
  5 NS_SS0936    (4)    1 :  0.076 0.165 0.155 0.098 0.149 0.065 0.220 0.072 
  6 NS_SS0955    (5)    1 :  0.127 0.133 0.078 0.040 0.116 0.137 0.175 0.195 
  7 NS_SS0944    (3)    1 :  0.171 0.082 0.112 0.064 0.071 0.170 0.224 0.107 
  8 NS_SS0945    (3)    1 :  0.136 0.068 0.193 0.189 0.091 0.055 0.083 0.184 
  9 NS_SS0922    (2)    1 :  0.084 0.091 0.264 0.093 0.124 0.201 0.098 0.046 
 10 NS_SS0929    (7)    1 :  0.148 0.162 0.068 0.100 0.140 0.069 0.160 0.154 
 11 NS_SS0956    (2)    1 :  0.072 0.087 0.123 0.149 0.066 0.326 0.099 0.076 
 12 NS_SS0906    (3)    1 :  0.147 0.095 0.079 0.097 0.113 0.092 0.239 0.140 
 13 NS_SS0721    (6)    1 :  0.051 0.145 0.069 0.096 0.108 0.259 0.052 0.220 
 14 NS_SS0982    (4)    1 :  0.080 0.082 0.079 0.135 0.152 0.152 0.221 0.099 
 15 NS_SS0923    (5)    1 :  0.097 0.132 0.101 0.197 0.113 0.091 0.152 0.116 
 16 NS_SS0905    (6)    1 :  0.085 0.131 0.068 0.248 0.067 0.056 0.110 0.235 
 17 NS_SS0925    (3)    1 :  0.043 0.248 0.104 0.086 0.072 0.121 0.181 0.145 
 18 NS_SS0947    (5)    1 :  0.088 0.190 0.114 0.113 0.133 0.096 0.193 0.073 
 19 NS_SS0926    (2)    1 :  0.232 0.049 0.074 0.099 0.264 0.065 0.086 0.132 
 20 NS_SS0918    (6)    1 :  0.052 0.058 0.056 0.158 0.090 0.074 0.348 0.164 
 21 NS_SS0966    (4)    1 :  0.068 0.151 0.092 0.128 0.155 0.070 0.225 0.110 
 22 NS_SS0938    (2)    1 :  0.082 0.071 0.274 0.073 0.269 0.093 0.087 0.052 
 23 NS_SS0917    (2)    1 :  0.162 0.204 0.065 0.146 0.185 0.101 0.051 0.085 
 24 NS_SS0957   (11)    1 :  0.114 0.088 0.073 0.185 0.092 0.220 0.110 0.118 
 25 NS_SS0987    (1)    1 :  0.084 0.055 0.048 0.195 0.083 0.241 0.093 0.201 
 26 NS_SS0717    (4)    1 :  0.056 0.080 0.157 0.261 0.047 0.125 0.122 0.152 
 27 NS_SS0986    (2)    1 :  0.107 0.039 0.084 0.151 0.140 0.130 0.097 0.252 
 28 NS_SS0953    (4)    1 :  0.064 0.195 0.109 0.133 0.042 0.094 0.247 0.118 
 29 NS_SS0907    (3)    1 :  0.075 0.107 0.081 0.097 0.101 0.063 0.277 0.199 
 30 NS_SS0974    (6)    1 :  0.134 0.224 0.091 0.142 0.090 0.059 0.176 0.085 
 31 NS_SS0989    (1)    1 :  0.207 0.207 0.115 0.051 0.212 0.079 0.050 0.078 
 32 NS_SS0991    (2)    1 :  0.106 0.042 0.061 0.051 0.054 0.183 0.134 0.370 
 33 NS_SS0994    (2)    1 :  0.339 0.072 0.184 0.063 0.074 0.060 0.061 0.147 
 34 NS_SS0931    (6)    1 :  0.166 0.050 0.082 0.062 0.142 0.124 0.097 0.277 
 35 NS_SS1000    (5)    1 :  0.079 0.079 0.202 0.193 0.128 0.067 0.177 0.075 
 36 NS_SS0919    (1)    1 :  0.089 0.107 0.049 0.082 0.270 0.048 0.106 0.249 
 37 NS_SS0949    (3)    1 :  0.151 0.207 0.101 0.044 0.168 0.153 0.060 0.116 
 38 NS_SS0960   (10)    1 :  0.168 0.178 0.036 0.160 0.092 0.110 0.165 0.091 
 39 NS_SS0716    (2)    1 :  0.070 0.047 0.068 0.485 0.074 0.134 0.038 0.083 
 40 NS_SS0924    (8)    1 :  0.121 0.171 0.052 0.127 0.104 0.116 0.184 0.125 
 41 NS_SS0935    (1)    1 :  0.197 0.124 0.067 0.120 0.062 0.133 0.100 0.196 
 42 NS_SS0952   (13)    1 :  0.185 0.093 0.084 0.098 0.115 0.058 0.180 0.189 
 43 NS_SS0962   (10)    1 :  0.061 0.051 0.161 0.191 0.252 0.091 0.087 0.105 
 44 NS_SS0973    (5)    1 :  0.064 0.299 0.073 0.060 0.071 0.101 0.212 0.121 
 45 NS_SS0722    (1)    1 :  0.060 0.095 0.269 0.181 0.042 0.073 0.190 0.089 
 46 NS_SS0979   (13)    1 :  0.059 0.063 0.095 0.210 0.133 0.166 0.136 0.138 
 47 NS_SS0993    (2)    1 :  0.045 0.175 0.162 0.103 0.089 0.115 0.171 0.140 
 48 NS_SS0958    (1)    1 :  0.235 0.071 0.105 0.213 0.087 0.064 0.128 0.097 
 49 NS_SS0988    (4)    1 :  0.116 0.062 0.054 0.156 0.237 0.068 0.180 0.126 
 50 NS_SS1003    (2)    1 :  0.053 0.044 0.079 0.045 0.360 0.266 0.099 0.054 
 51 NS_SS0976    (0)    1 :  0.180 0.064 0.124 0.054 0.183 0.098 0.130 0.167 
 52 NS_SS0964   (10)    1 :  0.062 0.095 0.242 0.204 0.054 0.159 0.105 0.079 
 53 NS_SS0939    (4)    1 :  0.057 0.060 0.130 0.378 0.099 0.189 0.037 0.050 
 54 NS_SS0990    (6)    1 :  0.175 0.043 0.163 0.150 0.201 0.103 0.054 0.110 
 55 NS_SS0984    (2)    1 :  0.060 0.095 0.207 0.222 0.136 0.078 0.128 0.073 
 56 NS_SS0980    (9)    1 :  0.072 0.351 0.080 0.089 0.071 0.054 0.209 0.073 
 57 NS_SS0978    (4)    1 :  0.126 0.113 0.206 0.086 0.152 0.093 0.157 0.067 
 58 NS_SS0951   (17)    1 :  0.124 0.055 0.061 0.143 0.052 0.177 0.141 0.247 
 59 NS_SS0913    (3)    1 :  0.100 0.058 0.191 0.185 0.076 0.216 0.097 0.076 
 60 NS_SS1002    (1)    1 :  0.057 0.071 0.071 0.135 0.354 0.049 0.215 0.048 
 61 NS_SS0948    (1)    1 :  0.119 0.083 0.084 0.137 0.119 0.083 0.170 0.204 
 62 NS_SS0916    (4)    1 :  0.131 0.329 0.117 0.101 0.132 0.089 0.050 0.049 
 63 NS_SS0995    (1)    1 :  0.069 0.355 0.053 0.185 0.101 0.092 0.062 0.082 
 64 NS_SS0927    (6)    1 :  0.134 0.185 0.095 0.157 0.156 0.049 0.055 0.168 
 65 NS_SS0992    (5)    1 :  0.174 0.201 0.148 0.093 0.157 0.065 0.125 0.037 
 66 NS_SS0912    (1)    1 :  0.122 0.039 0.061 0.130 0.132 0.221 0.104 0.192 
 67 NS_SS0981    (1)    1 :  0.064 0.047 0.066 0.154 0.208 0.144 0.176 0.142 
 68 NS_SS0729    (5)    2 :  0.222 0.300 0.098 0.039 0.075 0.046 0.103 0.116 
 69 NS_SS0967   (14)    2 :  0.058 0.163 0.075 0.104 0.188 0.077 0.229 0.106 
 70 NS_SS0941    (7)    2 :  0.099 0.127 0.278 0.087 0.116 0.122 0.073 0.099 
 71 NS_SS0768   (12)    2 :  0.096 0.057 0.127 0.107 0.105 0.248 0.139 0.121 
 72 NS_SS0726    (4)    2 :  0.178 0.251 0.170 0.033 0.156 0.064 0.094 0.054 
 73 NS_SS0763    (4)    2 :  0.202 0.087 0.167 0.108 0.109 0.086 0.119 0.122 
 74 NS_SS0730    (6)    2 :  0.064 0.142 0.076 0.261 0.165 0.114 0.087 0.092 
 75 NS_SS0774    (1)    2 :  0.060 0.247 0.134 0.206 0.093 0.060 0.143 0.058 
 76 NS_SS0723    (3)    2 :  0.032 0.207 0.083 0.136 0.178 0.120 0.123 0.121 
 77 NS_SS0940    (9)    2 :  0.138 0.142 0.185 0.136 0.132 0.092 0.051 0.124 
 78 NS_SS0762    (1)    2 :  0.052 0.113 0.262 0.209 0.053 0.121 0.136 0.053 
 79 NS_SS0766   (11)    2 :  0.124 0.126 0.200 0.230 0.065 0.112 0.048 0.095 
 80 NS_SS0724    (1)    2 :  0.062 0.098 0.162 0.089 0.066 0.195 0.151 0.177 
 81 NS_SS0769    (3)    2 :  0.094 0.078 0.097 0.184 0.202 0.119 0.101 0.125 
 82 NS_SS0777    (2)    2 :  0.124 0.053 0.064 0.127 0.121 0.097 0.089 0.324 
 83 NS_SS0734    (6)    2 :  0.150 0.119 0.123 0.127 0.093 0.215 0.060 0.114 
 84 NS_SS0737    (3)    2 :  0.054 0.181 0.335 0.158 0.072 0.081 0.075 0.044 
 85 NS_SS0732    (5)    2 :  0.041 0.198 0.053 0.155 0.056 0.245 0.106 0.146 
 86 NS_SS0728    (5)    2 :  0.085 0.221 0.142 0.110 0.077 0.168 0.056 0.141 
 87 NS_SS0735    (9)    2 :  0.056 0.213 0.216 0.078 0.036 0.153 0.107 0.139 
 88 NS_SS0725    (1)    2 :  0.082 0.039 0.391 0.058 0.110 0.177 0.084 0.059 
 89 NS_SS0788    (2)    2 :  0.090 0.157 0.077 0.114 0.290 0.105 0.080 0.087 
 90 NS_SS0778    (2)    2 :  0.108 0.162 0.050 0.068 0.198 0.130 0.072 0.211 
 91 NS_SS0792    (6)    2 :  0.143 0.224 0.069 0.112 0.057 0.202 0.115 0.078 
 92 NS_SS0943   (11)    2 :  0.233 0.069 0.078 0.040 0.056 0.190 0.251 0.082 
 93 NS_SS0791    (2)    2 :  0.139 0.314 0.069 0.107 0.072 0.160 0.043 0.097 
 94 NS_SS0790    (5)    2 :  0.034 0.076 0.138 0.155 0.062 0.259 0.205 0.070 
 95 NS_SS0731    (6)    2 :  0.052 0.055 0.107 0.190 0.085 0.249 0.073 0.189 
 96 NS_SS0727    (6)    2 :  0.209 0.204 0.254 0.088 0.037 0.080 0.066 0.062 
 97 NS_SS0779   (12)    2 :  0.064 0.144 0.097 0.123 0.116 0.097 0.077 0.284 
 98 NS_SS0776    (3)    2 :  0.123 0.085 0.267 0.137 0.109 0.104 0.067 0.108 
 99 NS_SS0775    (5)    2 :  0.073 0.153 0.142 0.338 0.062 0.103 0.078 0.054 
100 NS_SS0965    (3)    3 :  0.064 0.103 0.056 0.098 0.136 0.220 0.139 0.184 
101 NS_SS0754   (13)    3 :  0.181 0.184 0.063 0.067 0.073 0.242 0.085 0.105 
102 NS_SS0838    (5)    3 :  0.097 0.123 0.158 0.153 0.119 0.071 0.096 0.183 
103 NS_SS0839    (3)    3 :  0.060 0.157 0.185 0.212 0.099 0.128 0.106 0.054 
104 NS_SS0832    (4)    3 :  0.036 0.079 0.112 0.127 0.115 0.162 0.258 0.110 
105 NS_SS0820    (4)    3 :  0.039 0.100 0.107 0.094 0.205 0.227 0.124 0.103 
106 NS_SS0886    (9)    3 :  0.160 0.136 0.074 0.117 0.128 0.166 0.081 0.137 
107 NS_SS0748    (5)    3 :  0.097 0.089 0.065 0.148 0.111 0.080 0.157 0.253 
108 NS_SS0884    (9)    3 :  0.129 0.203 0.113 0.096 0.091 0.129 0.144 0.095 
109 NS_SS0752    (3)    3 :  0.086 0.221 0.178 0.125 0.105 0.082 0.122 0.081 
110 NS_SS0862    (1)    3 :  0.037 0.192 0.053 0.073 0.071 0.306 0.138 0.130 
111 NS_SS0787    (9)    3 :  0.352 0.087 0.051 0.117 0.099 0.091 0.097 0.106 
112 NS_SS0843    (6)    3 :  0.069 0.164 0.145 0.079 0.086 0.148 0.103 0.206 
113 NS_SS0856    (4)    3 :  0.100 0.206 0.169 0.169 0.145 0.099 0.050 0.063 
114 NS_SS0846    (2)    3 :  0.115 0.158 0.127 0.056 0.164 0.052 0.215 0.112 
115 NS_SS0825    (1)    3 :  0.104 0.065 0.073 0.051 0.252 0.223 0.100 0.132 
116 NS_SS0757    (3)    3 :  0.106 0.096 0.087 0.106 0.076 0.160 0.130 0.240 
117 NS_SS0876    (3)    3 :  0.086 0.123 0.186 0.093 0.089 0.142 0.165 0.117 
118 NS_SS0903    (9)    3 :  0.038 0.399 0.068 0.089 0.087 0.053 0.207 0.058 
119 NS_SS0875    (7)    3 :  0.089 0.074 0.068 0.248 0.172 0.099 0.081 0.169 
120 NS_SS0740    (5)    3 :  0.077 0.111 0.175 0.094 0.069 0.117 0.133 0.223 
121 NS_SS0811    (5)    3 :  0.049 0.085 0.044 0.356 0.053 0.190 0.119 0.103 
122 NS_SS0751    (1)    3 :  0.085 0.098 0.185 0.187 0.197 0.069 0.066 0.112 
123 NS_SS0891    (6)    3 :  0.112 0.062 0.265 0.120 0.153 0.110 0.108 0.070 
124 NS_SS0867    (2)    3 :  0.128 0.087 0.047 0.039 0.125 0.184 0.254 0.135 
125 NS_SS0890    (6)    3 :  0.081 0.199 0.076 0.185 0.116 0.068 0.151 0.125 
126 NS_SS0866   (11)    3 :  0.367 0.089 0.105 0.071 0.090 0.104 0.081 0.092 
127 NS_SS0755    (4)    3 :  0.112 0.084 0.084 0.117 0.112 0.226 0.196 0.067 
128 NS_SS0758    (4)    3 :  0.072 0.198 0.181 0.084 0.090 0.069 0.091 0.216 
129 NS_SS0840    (2)    3 :  0.042 0.118 0.117 0.142 0.175 0.136 0.197 0.073 
130 NS_SS0889    (4)    3 :  0.261 0.070 0.079 0.078 0.073 0.223 0.110 0.105 
131 NS_SS1010    (1)    3 :  0.091 0.102 0.051 0.214 0.213 0.077 0.153 0.098 
132 NS_SS0888    (5)    3 :  0.316 0.232 0.080 0.082 0.039 0.141 0.064 0.046 
133 NS_SS0837    (3)    3 :  0.055 0.106 0.058 0.117 0.073 0.277 0.228 0.086 
134 NS_SS0794    (9)    3 :  0.242 0.141 0.121 0.162 0.046 0.091 0.080 0.117 
135 NS_SS0823    (4)    3 :  0.060 0.084 0.186 0.090 0.111 0.084 0.265 0.119 
136 NS_SS0829    (7)    3 :  0.193 0.061 0.045 0.097 0.057 0.122 0.130 0.295 
137 NS_SS0844    (5)    3 :  0.038 0.178 0.041 0.062 0.069 0.096 0.465 0.051 
138 NS_SS1008    (5)    3 :  0.218 0.089 0.163 0.194 0.060 0.083 0.104 0.088 
139 NS_SS0881    (3)    3 :  0.160 0.074 0.076 0.150 0.277 0.106 0.086 0.070 
140 NS_SS0834    (6)    3 :  0.062 0.058 0.432 0.078 0.133 0.098 0.072 0.067 
141 NS_SS0744   (10)    3 :  0.100 0.221 0.080 0.058 0.157 0.144 0.145 0.096 
142 NS_SS0899    (7)    3 :  0.051 0.064 0.124 0.202 0.054 0.189 0.156 0.159 
143 NS_SS0804    (4)    3 :  0.032 0.116 0.145 0.099 0.131 0.181 0.149 0.147 
144 NS_SS0781   (10)    3 :  0.038 0.076 0.116 0.148 0.201 0.058 0.183 0.180 
145 NS_SS0822    (6)    3 :  0.116 0.127 0.237 0.038 0.043 0.123 0.123 0.193 
146 NS_SS1004    (4)    3 :  0.081 0.127 0.108 0.078 0.116 0.124 0.242 0.124 
147 NS_SS0746    (5)    3 :  0.098 0.065 0.161 0.076 0.103 0.062 0.215 0.221 
148 NS_SS0880    (3)    3 :  0.078 0.133 0.164 0.076 0.126 0.138 0.220 0.065 
149 NS_SS0879    (4)    3 :  0.115 0.103 0.239 0.061 0.071 0.196 0.162 0.054 
150 NS_SS0753    (2)    3 :  0.157 0.118 0.049 0.114 0.060 0.120 0.159 0.222 
151 NS_SS1007    (2)    3 :  0.084 0.257 0.132 0.196 0.172 0.048 0.047 0.063 
152 NS_SS0872    (5)    3 :  0.079 0.166 0.124 0.191 0.132 0.089 0.146 0.072 
153 NS_SS1005    (7)    3 :  0.054 0.092 0.144 0.111 0.134 0.074 0.237 0.153 
154 NS_SS0892    (6)    3 :  0.095 0.073 0.159 0.154 0.116 0.115 0.099 0.189 
155 NS_SS0898    (0)    3 :  0.210 0.071 0.091 0.095 0.109 0.145 0.159 0.120 
156 NS_SS0801    (9)    3 :  0.078 0.073 0.081 0.126 0.093 0.166 0.129 0.255 
157 NS_SS0827    (8)    3 :  0.095 0.085 0.030 0.269 0.123 0.098 0.073 0.227 
158 NS_SS0853    (6)    3 :  0.115 0.100 0.041 0.365 0.050 0.112 0.090 0.127 
159 NS_SS0780    (2)    3 :  0.048 0.119 0.116 0.085 0.192 0.157 0.075 0.208 
160 NS_SS0826   (10)    3 :  0.112 0.039 0.094 0.036 0.252 0.097 0.234 0.138 
161 NS_SS0818    (5)    3 :  0.051 0.138 0.148 0.155 0.178 0.136 0.123 0.071 
162 NS_SS0745    (1)    3 :  0.057 0.027 0.345 0.230 0.072 0.188 0.041 0.039 
163 NS_SS0849    (3)    3 :  0.059 0.047 0.061 0.102 0.109 0.356 0.097 0.170 
164 NS_SS0739    (3)    3 :  0.100 0.184 0.070 0.164 0.184 0.160 0.045 0.093 
165 NS_SS0799    (1)    3 :  0.104 0.323 0.074 0.141 0.040 0.084 0.071 0.165 
166 NS_SS0756    (2)    3 :  0.061 0.071 0.072 0.123 0.180 0.107 0.305 0.080 
167 NS_SS0802    (2)    3 :  0.101 0.167 0.115 0.094 0.244 0.052 0.078 0.149 
168 NS_SS0747    (6)    3 :  0.076 0.153 0.088 0.102 0.150 0.065 0.200 0.167 
169 NS_SS0835    (1)    3 :  0.251 0.133 0.070 0.079 0.164 0.059 0.085 0.158 
170 NS_SS0742   (18)    3 :  0.050 0.241 0.070 0.094 0.152 0.121 0.107 0.165 
171 NS_SS0760    (9)    3 :  0.271 0.085 0.094 0.151 0.090 0.057 0.113 0.139 
172 NS_SS0803    (4)    3 :  0.040 0.307 0.071 0.050 0.042 0.065 0.357 0.068 
173 NS_SS0828   (13)    3 :  0.099 0.142 0.070 0.157 0.085 0.183 0.088 0.176 
174 NS_SS0865    (2)    3 :  0.115 0.108 0.046 0.050 0.208 0.245 0.142 0.086 
175 NS_SS0759    (4)    3 :  0.046 0.102 0.189 0.176 0.099 0.155 0.097 0.135 
176 NS_SS0851    (5)    3 :  0.062 0.036 0.134 0.098 0.074 0.456 0.084 0.056 
177 NS_SS0874   (16)    3 :  0.045 0.121 0.094 0.106 0.067 0.068 0.274 0.226 
178 NS_SS0761    (6)    3 :  0.210 0.068 0.056 0.060 0.104 0.129 0.172 0.201 
179 NS_SS0842   (25)    3 :  0.181 0.094 0.087 0.215 0.093 0.083 0.135 0.112 
180 NS_SS0785    (6)    3 :  0.139 0.186 0.072 0.103 0.080 0.118 0.170 0.131 
181 NS_SS0860   (11)    3 :  0.258 0.120 0.080 0.078 0.131 0.062 0.108 0.161 
182 NS_SS0897    (7)    3 :  0.322 0.093 0.070 0.096 0.063 0.148 0.078 0.129 
183 NS_SS0841   (14)    3 :  0.062 0.065 0.125 0.244 0.074 0.200 0.125 0.106 
184 NS_SS0797    (6)    3 :  0.184 0.063 0.058 0.095 0.135 0.221 0.130 0.115 
185 NS_SS0830   (10)    3 :  0.134 0.104 0.066 0.119 0.149 0.195 0.135 0.097 
186 NS_SS1011    (5)    3 :  0.061 0.094 0.122 0.051 0.260 0.150 0.196 0.066 
187 NS_SS0883    (5)    3 :  0.104 0.206 0.031 0.218 0.065 0.117 0.107 0.152 
188 NS_SS0782    (2)    3 :  0.145 0.171 0.181 0.144 0.072 0.095 0.116 0.075 
189 NS_SS0831    (5)    3 :  0.213 0.101 0.062 0.098 0.061 0.224 0.076 0.166 
190 NS_SS0749    (7)    3 :  0.123 0.181 0.107 0.114 0.093 0.210 0.062 0.110 
191 NS_SS0854    (2)    3 :  0.114 0.267 0.207 0.056 0.068 0.108 0.087 0.092 
192 HI_SS0193    (0)    4 :  0.208 0.077 0.272 0.037 0.075 0.208 0.058 0.066 
193 HI_SS0194    (0)    4 :  0.085 0.041 0.465 0.043 0.134 0.064 0.068 0.100 
194 HI_SS0195    (9)    4 :  0.041 0.101 0.141 0.135 0.158 0.274 0.055 0.094 
195 HI_SS0196    (6)    4 :  0.118 0.192 0.166 0.176 0.071 0.081 0.078 0.118 
196 HI_SS0197    (3)    4 :  0.061 0.068 0.096 0.082 0.480 0.047 0.066 0.101 
197 HI_SS0198    (1)    4 :  0.132 0.167 0.068 0.113 0.090 0.222 0.074 0.135 
198 HI_SS0199    (1)    4 :  0.190 0.308 0.111 0.102 0.067 0.078 0.096 0.048 
199 HI_SS0201    (4)    4 :  0.228 0.110 0.037 0.053 0.088 0.168 0.132 0.185 
200 HI_SS0215    (1)    4 :  0.206 0.099 0.036 0.094 0.140 0.104 0.116 0.205 
201 HI_SS0218    (1)    4 :  0.379 0.128 0.086 0.091 0.040 0.160 0.070 0.046 
202 HI_SS0222    (0)    4 :  0.089 0.132 0.137 0.131 0.174 0.188 0.043 0.105 
203 HI_SS0230    (1)    4 :  0.064 0.051 0.066 0.266 0.239 0.059 0.116 0.140 
204 HI_SS0234    (1)    4 :  0.072 0.278 0.139 0.057 0.199 0.049 0.122 0.084 
205 HI_SS0240    (1)    4 :  0.082 0.328 0.167 0.111 0.082 0.118 0.061 0.049 
206 HI_SS0241    (0)    4 :  0.227 0.125 0.078 0.100 0.095 0.129 0.121 0.124 
207 HI_SS0242    (0)    4 :  0.174 0.101 0.092 0.081 0.090 0.170 0.208 0.084 
208 HI_SS0247    (0)    4 :  0.101 0.053 0.112 0.087 0.116 0.114 0.271 0.145 
209 HI_SS0248    (1)    4 :  0.185 0.187 0.142 0.117 0.040 0.048 0.092 0.188 
210 HI_SS0252    (2)    4 :  0.058 0.140 0.283 0.072 0.046 0.156 0.113 0.132 
211 HI_SS0254    (1)    4 :  0.110 0.113 0.094 0.081 0.277 0.058 0.135 0.131 
212 HI_SS0256    (0)    4 :  0.027 0.117 0.177 0.137 0.128 0.124 0.247 0.044 
213 HI_SS0257    (0)    4 :  0.231 0.132 0.094 0.040 0.136 0.044 0.200 0.124 
214 HI_SS0258    (1)    4 :  0.241 0.113 0.104 0.121 0.067 0.105 0.123 0.125 
215 HI_SS0259    (1)    4 :  0.081 0.085 0.230 0.059 0.251 0.161 0.066 0.066 
216 HI_SS0260    (1)    4 :  0.235 0.193 0.079 0.217 0.060 0.066 0.066 0.086 
217 HI_SS0261    (2)    4 :  0.138 0.062 0.183 0.050 0.228 0.059 0.187 0.093 
218 HI_SS0262    (0)    4 :  0.100 0.185 0.066 0.150 0.110 0.245 0.096 0.047 
219 HI_SS0264    (1)    4 :  0.078 0.041 0.079 0.283 0.209 0.102 0.090 0.118 
220 HI_SS0265    (0)    4 :  0.074 0.082 0.083 0.080 0.261 0.239 0.091 0.089 
221 HI_SS0268    (1)    4 :  0.116 0.087 0.075 0.287 0.227 0.073 0.036 0.099 
222 HI_SS0269    (1)    4 :  0.281 0.246 0.071 0.036 0.134 0.050 0.095 0.086 
223 HI_SS0273    (0)    4 :  0.261 0.093 0.064 0.076 0.110 0.114 0.233 0.050 
224 HI_SS0277    (1)    4 :  0.071 0.110 0.050 0.063 0.386 0.123 0.131 0.067 
225 HI_SS0280    (0)    4 :  0.118 0.118 0.119 0.147 0.116 0.260 0.044 0.078 
226 HI_SS0282    (1)    4 :  0.159 0.137 0.102 0.058 0.074 0.162 0.179 0.128 
227 HI_SS0286    (1)    4 :  0.085 0.203 0.063 0.067 0.114 0.187 0.053 0.227 
228 NS_SS1252    (3)    5 :  0.293 0.119 0.067 0.078 0.053 0.072 0.117 0.202 
229 NS_SS1261    (1)    5 :  0.086 0.216 0.059 0.172 0.145 0.076 0.101 0.145 
230 NS_SS1225    (9)    5 :  0.150 0.082 0.081 0.068 0.108 0.060 0.327 0.125 
231 NS_SS1266    (1)    5 :  0.046 0.097 0.103 0.087 0.067 0.120 0.421 0.059 
232 NS_SS1228    (0)    5 :  0.099 0.122 0.063 0.184 0.101 0.306 0.077 0.047 
233 NS_SS1255    (2)    5 :  0.138 0.106 0.321 0.151 0.058 0.066 0.122 0.038 
234 NS_SS1267    (3)    5 :  0.328 0.107 0.058 0.093 0.092 0.116 0.041 0.164 
235 NS_SS1238    (6)    5 :  0.132 0.069 0.132 0.105 0.215 0.180 0.070 0.097 
236 NS_SS1233    (8)    5 :  0.060 0.029 0.094 0.145 0.071 0.068 0.390 0.143 
237 NS_SS1277    (3)    5 :  0.225 0.161 0.199 0.075 0.078 0.141 0.055 0.066 
238 NS_SS1245    (1)    5 :  0.105 0.078 0.195 0.063 0.094 0.054 0.157 0.253 
239 NS_SS1240    (4)    5 :  0.228 0.120 0.088 0.072 0.128 0.037 0.048 0.280 
240 NS_SS1275    (2)    5 :  0.055 0.070 0.130 0.070 0.264 0.224 0.145 0.043 
241 NS_SS1235    (1)    5 :  0.083 0.195 0.290 0.046 0.097 0.037 0.198 0.053 
242 NS_SS1263    (1)    5 :  0.052 0.070 0.238 0.156 0.053 0.070 0.237 0.125 
243 NS_SS1251    (1)    5 :  0.062 0.069 0.156 0.097 0.125 0.070 0.267 0.154 
244 NS_SS1248    (0)    5 :  0.104 0.035 0.062 0.137 0.102 0.367 0.070 0.123 
245 NS_SS1244    (0)    5 :  0.105 0.130 0.072 0.040 0.276 0.112 0.188 0.077 
246 NS_SS1257    (0)    5 :  0.248 0.139 0.134 0.094 0.081 0.111 0.082 0.112 
247 NS_SS1242    (2)    5 :  0.071 0.054 0.181 0.207 0.111 0.140 0.155 0.080 
248 NS_SS1271    (6)    5 :  0.300 0.226 0.043 0.056 0.087 0.133 0.065 0.089 
249 NS_SS1265    (1)    5 :  0.220 0.041 0.102 0.095 0.151 0.071 0.108 0.212 
250 NS_SS1243    (0)    5 :  0.071 0.078 0.183 0.150 0.049 0.225 0.059 0.184 
251 NS_SS1273    (1)    5 :  0.072 0.058 0.171 0.318 0.083 0.084 0.171 0.044 
252 NS_SS1254   (14)    5 :  0.065 0.091 0.094 0.217 0.055 0.062 0.310 0.106 
253 NS_SS1224    (1)    5 :  0.075 0.087 0.092 0.108 0.076 0.241 0.256 0.065 
254 NS_SS1227    (8)    5 :  0.152 0.140 0.082 0.161 0.193 0.046 0.052 0.174 
255 NS_SS1274    (8)    5 :  0.159 0.171 0.154 0.113 0.075 0.096 0.103 0.128 
256 NS_SS1241    (1)    5 :  0.196 0.150 0.089 0.068 0.076 0.161 0.196 0.065 
257 NS_SS1256    (3)    5 :  0.183 0.055 0.099 0.075 0.152 0.059 0.280 0.097 
258 NS_SS1260    (8)    5 :  0.208 0.290 0.054 0.113 0.071 0.074 0.102 0.087 
259 NS_SS1262    (0)    5 :  0.152 0.124 0.049 0.080 0.122 0.148 0.233 0.092 
260 NS_SS1230    (0)    5 :  0.210 0.058 0.133 0.157 0.093 0.100 0.170 0.078 
261 NS_SS1270    (2)    5 :  0.066 0.043 0.097 0.053 0.106 0.280 0.226 0.128 
262 NS_SS1229    (2)    5 :  0.044 0.227 0.266 0.045 0.171 0.037 0.091 0.118 
263 NS_SS1246    (5)    5 :  0.153 0.212 0.178 0.041 0.172 0.075 0.050 0.118 
264 NS_SS1269    (0)    5 :  0.102 0.126 0.128 0.140 0.104 0.166 0.150 0.084 
265 NS_SS1239    (1)    5 :  0.051 0.305 0.146 0.065 0.063 0.254 0.057 0.061 
266 NS_SS1272    (4)    5 :  0.068 0.060 0.107 0.058 0.404 0.071 0.137 0.093 
267 NS_SS1268    (1)    5 :  0.073 0.044 0.085 0.088 0.051 0.328 0.193 0.137 
268 NS_SS1249    (0)    5 :  0.329 0.199 0.090 0.063 0.049 0.077 0.112 0.081 
269 HI_SS0559    (0)    6 :  0.139 0.103 0.159 0.111 0.047 0.204 0.109 0.128 
270 HI_SS0563    (1)    6 :  0.087 0.258 0.061 0.089 0.149 0.093 0.170 0.093 
271 HI_SS0564    (0)    6 :  0.071 0.106 0.167 0.057 0.170 0.142 0.122 0.165 
272 HI_SS0565    (0)    6 :  0.107 0.087 0.069 0.107 0.220 0.057 0.109 0.243 
273 HI_SS0569    (0)    6 :  0.107 0.066 0.043 0.065 0.120 0.056 0.167 0.376 
274 HI_SS0570    (0)    6 :  0.224 0.120 0.149 0.075 0.128 0.125 0.040 0.140 
275 HI_SS0572    (1)    6 :  0.052 0.205 0.255 0.108 0.108 0.079 0.092 0.101 
276 HI_SS0576    (0)    6 :  0.070 0.094 0.132 0.201 0.123 0.210 0.087 0.082 
277 HI_SS0579    (1)    6 :  0.126 0.169 0.104 0.048 0.055 0.062 0.266 0.170 
278 HI_SS0580    (1)    6 :  0.221 0.143 0.111 0.196 0.050 0.104 0.088 0.087 
279 HI_SS0581    (0)    6 :  0.047 0.072 0.120 0.086 0.258 0.273 0.065 0.079 
280 HI_SS0583    (1)    6 :  0.158 0.082 0.116 0.161 0.079 0.029 0.081 0.293 
281 HI_SS0586    (1)    6 :  0.246 0.053 0.040 0.198 0.075 0.077 0.045 0.265 
282 HI_SS0588    (1)    6 :  0.123 0.118 0.087 0.097 0.055 0.071 0.154 0.293 
283 HI_SS0595    (4)    6 :  0.226 0.077 0.078 0.110 0.306 0.050 0.093 0.061 
284 HI_SS0596    (0)    6 :  0.066 0.143 0.293 0.212 0.049 0.068 0.107 0.062 
285 HI_SS0597    (1)    6 :  0.061 0.088 0.248 0.125 0.150 0.050 0.106 0.172 
286 HI_SS0600    (0)    6 :  0.145 0.294 0.069 0.058 0.156 0.127 0.086 0.065 
287 HI_SS0601    (1)    6 :  0.082 0.151 0.036 0.089 0.169 0.119 0.207 0.147 
288 HI_SS0602    (1)    6 :  0.161 0.057 0.096 0.222 0.059 0.111 0.048 0.246 
289 HI_SS0604    (0)    6 :  0.055 0.054 0.227 0.054 0.056 0.115 0.098 0.340 
290 HI_SS0605    (1)    6 :  0.109 0.164 0.072 0.055 0.056 0.284 0.068 0.192 
291 HI_SS0608    (0)    6 :  0.100 0.077 0.190 0.253 0.085 0.097 0.060 0.137 
292 HI_SS0609    (0)    6 :  0.077 0.094 0.100 0.150 0.136 0.056 0.288 0.098 
293 HI_SS0611    (5)    6 :  0.197 0.088 0.054 0.160 0.062 0.190 0.052 0.198 
294 HI_SS0612    (1)    6 :  0.127 0.242 0.060 0.049 0.064 0.035 0.371 0.052 
295 HI_SS0613    (1)    6 :  0.098 0.066 0.051 0.152 0.061 0.345 0.103 0.124 
296 HI_SS0615    (0)    6 :  0.046 0.187 0.173 0.194 0.140 0.127 0.068 0.063 
297 HI_SS0001    (1)    6 :  0.196 0.109 0.269 0.081 0.124 0.082 0.091 0.048 
298 HI_SS0002    (1)    6 :  0.054 0.073 0.167 0.136 0.154 0.068 0.235 0.114 
299 HI_SS0004    (0)    6 :  0.200 0.088 0.204 0.140 0.074 0.110 0.060 0.125 
300 HI_SS0005    (1)    6 :  0.096 0.070 0.056 0.185 0.148 0.289 0.084 0.071 
301 HI_SS0006    (1)    6 :  0.182 0.105 0.098 0.051 0.130 0.065 0.198 0.171 
302 HI_SS0007    (1)    6 :  0.209 0.120 0.101 0.065 0.037 0.352 0.045 0.071 
303 HI_SS0008    (0)    6 :  0.072 0.088 0.081 0.120 0.191 0.132 0.099 0.217 
304 HI_SS0009    (0)    6 :  0.055 0.164 0.171 0.153 0.045 0.222 0.077 0.112 
305 HI_SS0010    (1)    6 :  0.132 0.105 0.053 0.218 0.117 0.113 0.093 0.169 
306 HI_SS0011    (1)    6 :  0.098 0.030 0.077 0.103 0.184 0.120 0.318 0.070 
307 HI_SS0012    (0)    6 :  0.029 0.317 0.047 0.147 0.213 0.082 0.058 0.107 
308 HI_SS0017    (1)    6 :  0.082 0.056 0.450 0.078 0.084 0.111 0.072 0.068 
309 HI_SS0021    (1)    6 :  0.190 0.068 0.047 0.222 0.200 0.064 0.078 0.132 
310 HI_SS0024    (1)    6 :  0.069 0.155 0.110 0.158 0.211 0.181 0.063 0.053 
311 HI_SS0025    (1)    6 :  0.075 0.085 0.236 0.194 0.055 0.134 0.143 0.079 
312 HI_SS0027    (0)    6 :  0.138 0.122 0.080 0.109 0.051 0.111 0.159 0.229 
313 HI_SS0028    (0)    6 :  0.038 0.041 0.065 0.290 0.276 0.153 0.066 0.072 
314 HI_SS0029    (1)    6 :  0.161 0.162 0.071 0.339 0.119 0.050 0.052 0.046 
315 HI_SS0030    (2)    6 :  0.135 0.149 0.152 0.057 0.107 0.183 0.119 0.098 
316 HI_SS0031    (0)    6 :  0.073 0.238 0.074 0.121 0.190 0.057 0.158 0.089 
317 HI_SS0034    (0)    6 :  0.202 0.143 0.119 0.046 0.065 0.101 0.136 0.187 
318 HI_SS0036    (0)    6 :  0.286 0.073 0.074 0.084 0.223 0.155 0.032 0.072 
319 HI_SS0037    (1)    6 :  0.234 0.053 0.055 0.236 0.057 0.102 0.096 0.168 
320 HI_SS0039    (0)    6 :  0.249 0.063 0.044 0.176 0.108 0.229 0.076 0.056 
321 HI_SS0041    (1)    6 :  0.077 0.083 0.179 0.130 0.098 0.309 0.054 0.070 
322 HI_SS0042    (1)    6 :  0.065 0.086 0.151 0.173 0.200 0.110 0.132 0.083 
323 HI_SS0043    (1)    6 :  0.272 0.119 0.064 0.053 0.161 0.078 0.061 0.193 
324 HI_SS0044    (1)    6 :  0.226 0.175 0.157 0.231 0.064 0.054 0.048 0.045 
325 HI_SS0047    (1)    6 :  0.058 0.101 0.245 0.069 0.099 0.180 0.097 0.151 
326 HI_SS0049    (0)    6 :  0.086 0.049 0.325 0.140 0.057 0.079 0.129 0.136 
327 HI_SS0051    (1)    6 :  0.066 0.116 0.058 0.063 0.058 0.322 0.170 0.146 
328 HI_SS0053    (1)    6 :  0.233 0.082 0.118 0.044 0.191 0.082 0.081 0.168 
329 HI_SS0054    (4)    6 :  0.175 0.059 0.056 0.041 0.077 0.150 0.198 0.245 
330 HI_SS0057    (0)    6 :  0.084 0.050 0.186 0.083 0.138 0.191 0.106 0.162 
331 HI_SS0058    (0)    6 :  0.202 0.085 0.104 0.157 0.055 0.083 0.136 0.180 
332 HI_SS0060    (0)    6 :  0.082 0.111 0.051 0.083 0.219 0.182 0.132 0.141 
333 HI_SS0087    (1)    6 :  0.084 0.083 0.120 0.058 0.206 0.077 0.108 0.264 
334 HI_SS0091    (0)    6 :  0.295 0.095 0.082 0.040 0.198 0.056 0.104 0.129 
335 HI_SS0095    (1)    6 :  0.120 0.226 0.074 0.078 0.161 0.121 0.114 0.107 
336 HI_SS0097    (3)    6 :  0.055 0.206 0.052 0.082 0.078 0.062 0.304 0.160 
337 HI_SS0099    (0)    6 :  0.115 0.055 0.109 0.406 0.074 0.061 0.074 0.107 
338 HI_SS0103    (0)    6 :  0.086 0.183 0.242 0.066 0.146 0.093 0.098 0.085 
339 HI_SS0105    (1)    6 :  0.082 0.102 0.069 0.062 0.275 0.151 0.140 0.119 
340 HI_SS0107    (1)    6 :  0.041 0.146 0.358 0.053 0.134 0.100 0.094 0.075 
341 HI_SS0108    (1)    6 :  0.334 0.106 0.079 0.046 0.078 0.080 0.091 0.187 
342 HI_SS0110    (0)    6 :  0.151 0.160 0.143 0.077 0.273 0.058 0.085 0.052 
343 HI_SS0111    (1)    6 :  0.098 0.220 0.096 0.097 0.196 0.099 0.065 0.129 
344 HI_SS0112    (0)    6 :  0.310 0.151 0.080 0.087 0.127 0.073 0.057 0.116 
345 HI_SS0113    (1)    6 :  0.055 0.067 0.214 0.195 0.174 0.085 0.126 0.084 
346 HI_SS0114    (1)    6 :  0.157 0.091 0.045 0.106 0.090 0.123 0.100 0.288 
347 HI_SS0115    (1)    6 :  0.084 0.265 0.121 0.193 0.040 0.080 0.103 0.114 
348 HI_SS0116    (4)    6 :  0.182 0.175 0.159 0.200 0.063 0.032 0.049 0.141 
349 HI_SS0117    (0)    6 :  0.188 0.073 0.083 0.056 0.235 0.047 0.234 0.083 
350 HI_SS0118    (0)    6 :  0.202 0.107 0.080 0.126 0.154 0.061 0.158 0.112 
351 HI_SS0119    (1)    6 :  0.132 0.187 0.050 0.050 0.244 0.090 0.124 0.124 
352 HI_SS0120    (1)    6 :  0.047 0.056 0.456 0.037 0.203 0.075 0.077 0.049 
353 HI_SS0121    (1)    6 :  0.053 0.051 0.043 0.162 0.321 0.122 0.174 0.075 
354 HI_SS0122    (2)    6 :  0.154 0.125 0.068 0.120 0.192 0.159 0.123 0.059 
355 HI_SS0123    (0)    6 :  0.126 0.139 0.100 0.097 0.197 0.056 0.189 0.096 
356 HI_SS0124    (1)    6 :  0.062 0.151 0.232 0.232 0.060 0.126 0.084 0.053 
357 HI_SS0125    (1)    6 :  0.048 0.210 0.089 0.196 0.148 0.152 0.071 0.085 
358 HI_SS0126    (0)    6 :  0.355 0.076 0.138 0.158 0.085 0.064 0.089 0.036 
359 HI_SS0127    (0)    6 :  0.073 0.077 0.066 0.118 0.074 0.233 0.163 0.197 
360 HI_SS0128    (0)    6 :  0.119 0.123 0.233 0.096 0.130 0.065 0.162 0.073 
361 HI_SS0129    (1)    6 :  0.181 0.099 0.154 0.071 0.126 0.163 0.058 0.148 
362 HI_SS0131    (2)    6 :  0.185 0.050 0.046 0.172 0.088 0.145 0.191 0.122 
363 HI_SS0132    (0)    6 :  0.133 0.122 0.052 0.135 0.246 0.098 0.139 0.075 
364 HI_SS0133    (1)    6 :  0.393 0.082 0.151 0.044 0.081 0.106 0.075 0.069 
365 HI_SS0134    (1)    6 :  0.131 0.117 0.105 0.095 0.105 0.099 0.164 0.184 
366 HI_SS0142    (3)    6 :  0.074 0.194 0.052 0.079 0.189 0.104 0.183 0.126 
367 HI_SS0145    (0)    6 :  0.148 0.161 0.123 0.087 0.070 0.071 0.222 0.116 
368 HI_SS0146    (1)    6 :  0.194 0.178 0.072 0.105 0.053 0.149 0.175 0.075 
369 HI_SS0147    (1)    6 :  0.081 0.070 0.076 0.083 0.090 0.363 0.173 0.064 
370 HI_SS0149    (1)    6 :  0.177 0.040 0.064 0.074 0.337 0.061 0.213 0.034 
371 HI_SS0150    (2)    6 :  0.056 0.112 0.192 0.136 0.114 0.179 0.112 0.098 
372 HI_SS0151    (0)    6 :  0.095 0.297 0.182 0.053 0.045 0.152 0.064 0.112 
373 NS_SS1451    (1)    6 :  0.055 0.217 0.132 0.170 0.113 0.186 0.075 0.052 
374 NS_SS1404    (0)    6 :  0.113 0.071 0.086 0.142 0.100 0.329 0.103 0.057 
375 NS_SS1432    (2)    6 :  0.050 0.077 0.169 0.199 0.338 0.067 0.041 0.058 
376 NS_SS1405    (4)    6 :  0.144 0.121 0.098 0.327 0.077 0.065 0.101 0.068 
377 NS_SS1431   (10)    6 :  0.057 0.061 0.253 0.120 0.256 0.099 0.066 0.088 
378 NS_SS1402    (3)    6 :  0.124 0.216 0.096 0.088 0.143 0.085 0.134 0.113 
379 NS_SS1450    (3)    6 :  0.205 0.108 0.245 0.050 0.072 0.157 0.053 0.111 
380 NS_SS1396    (0)    6 :  0.100 0.126 0.068 0.232 0.126 0.121 0.101 0.125 
381 NS_SS1393    (5)    6 :  0.093 0.222 0.065 0.168 0.081 0.100 0.052 0.219 
382 NS_SS1392   (10)    6 :  0.061 0.198 0.255 0.121 0.071 0.181 0.041 0.070 
383 NS_SS1445    (0)    6 :  0.166 0.045 0.074 0.080 0.167 0.111 0.144 0.215 
384 NS_SS1423    (0)    6 :  0.128 0.181 0.167 0.066 0.243 0.050 0.091 0.074 
385 NS_SS1421    (9)    6 :  0.130 0.140 0.113 0.074 0.200 0.106 0.141 0.096 
386 NS_SS1411    (6)    6 :  0.117 0.064 0.076 0.101 0.048 0.243 0.043 0.307 
387 NS_SS1453    (5)    6 :  0.198 0.140 0.072 0.107 0.249 0.099 0.064 0.071 
388 NS_SS1442    (2)    6 :  0.058 0.110 0.108 0.115 0.066 0.062 0.135 0.346 
389 NS_SS1422    (1)    6 :  0.098 0.285 0.126 0.062 0.087 0.069 0.217 0.057 
390 NS_SS1419    (1)    6 :  0.071 0.065 0.060 0.149 0.057 0.117 0.280 0.201 
391 NS_SS1427    (0)    6 :  0.307 0.198 0.188 0.057 0.081 0.055 0.038 0.077 
392 NS_SS1444    (3)    6 :  0.073 0.065 0.104 0.223 0.073 0.145 0.158 0.159 
393 NS_SS1455    (0)    6 :  0.049 0.098 0.213 0.235 0.104 0.043 0.182 0.076 
394 NS_SS1425    (2)    6 :  0.244 0.102 0.068 0.060 0.085 0.090 0.098 0.254 
395 NS_SS1400    (0)    6 :  0.231 0.053 0.079 0.156 0.059 0.076 0.174 0.173 
396 NS_SS1406    (1)    6 :  0.039 0.078 0.078 0.164 0.233 0.045 0.274 0.089 
397 NS_SS1417    (6)    6 :  0.159 0.054 0.166 0.089 0.114 0.123 0.198 0.097 
398 NS_SS1454    (2)    6 :  0.216 0.036 0.066 0.144 0.216 0.116 0.081 0.125 
399 NS_SS1412    (1)    6 :  0.172 0.083 0.167 0.122 0.092 0.182 0.072 0.110 
400 NS_SS1438    (1)    6 :  0.141 0.127 0.061 0.051 0.077 0.135 0.100 0.307 
401 NS_SS1416    (4)    6 :  0.115 0.154 0.078 0.166 0.154 0.105 0.117 0.112 
402 NS_SS1401    (0)    6 :  0.113 0.162 0.070 0.131 0.234 0.067 0.125 0.096 
403 NS_SS1424    (6)    6 :  0.137 0.137 0.082 0.048 0.234 0.175 0.106 0.080 
404 NS_SS1435    (9)    6 :  0.094 0.099 0.209 0.158 0.148 0.138 0.036 0.118 
405 NS_SS1447    (4)    6 :  0.051 0.064 0.118 0.103 0.100 0.213 0.126 0.224 
406 NS_SS1414    (3)    6 :  0.068 0.033 0.149 0.229 0.066 0.177 0.168 0.110 
407 NS_SS1449   (14)    6 :  0.080 0.366 0.137 0.047 0.138 0.103 0.068 0.060 
408 NS_SS1443    (4)    6 :  0.216 0.203 0.166 0.047 0.072 0.048 0.134 0.115 
409 NS_SS1434    (1)    6 :  0.123 0.217 0.315 0.077 0.053 0.057 0.073 0.086 
410 NS_SS1398    (1)    6 :  0.107 0.094 0.163 0.241 0.130 0.088 0.073 0.104 
411 NS_SS1426    (1)    6 :  0.202 0.119 0.107 0.055 0.133 0.085 0.073 0.226 
412 NS_SS1413    (0)    6 :  0.237 0.047 0.261 0.084 0.078 0.080 0.138 0.076 
413 NS_SS1395    (1)    6 :  0.136 0.160 0.119 0.051 0.172 0.055 0.059 0.246 
414 NS_SS1448   (10)    6 :  0.218 0.058 0.176 0.091 0.074 0.261 0.060 0.062 
415 NS_SS1446    (0)    6 :  0.182 0.169 0.100 0.051 0.162 0.124 0.095 0.117 
416 NS_SS1403    (2)    6 :  0.053 0.112 0.111 0.160 0.327 0.060 0.051 0.125 
417 NS_SS1415    (0)    6 :  0.243 0.104 0.105 0.148 0.081 0.107 0.097 0.115 
418 NS_SS1437    (4)    6 :  0.101 0.054 0.092 0.145 0.288 0.107 0.110 0.104 
419 NS_SS1439    (2)    6 :  0.084 0.185 0.085 0.090 0.095 0.084 0.181 0.197 
420 NS_SS1441    (3)    6 :  0.172 0.132 0.156 0.157 0.081 0.042 0.131 0.128 
421 NS_SS1420    (2)    6 :  0.073 0.113 0.074 0.124 0.038 0.467 0.048 0.063 
422 NS_SS1394    (2)    6 :  0.050 0.062 0.090 0.262 0.133 0.169 0.057 0.177 
423 NS_SS1391    (7)    6 :  0.160 0.096 0.301 0.101 0.118 0.060 0.047 0.118 
424 NS_SS1410    (5)    6 :  0.133 0.173 0.107 0.144 0.173 0.065 0.098 0.109 
425 NS_SS1408    (1)    6 :  0.075 0.113 0.120 0.059 0.213 0.155 0.135 0.129 
426 NS_SS1409    (1)    6 :  0.146 0.179 0.220 0.121 0.094 0.052 0.091 0.097 
427 HI_SS0617    (1)    7 :  0.230 0.260 0.119 0.076 0.063 0.138 0.069 0.045 
428 HI_SS0618    (2)    7 :  0.047 0.230 0.113 0.233 0.067 0.081 0.073 0.156 
429 HI_SS0619    (0)    7 :  0.188 0.068 0.137 0.308 0.075 0.092 0.079 0.052 
430 HI_SS0620    (1)    7 :  0.257 0.200 0.067 0.043 0.031 0.255 0.052 0.096 
431 HI_SS0621    (3)    7 :  0.088 0.181 0.105 0.139 0.127 0.126 0.171 0.062 
432 HI_SS0622    (1)    7 :  0.171 0.065 0.095 0.104 0.071 0.177 0.269 0.049 
433 HI_SS0626    (0)    7 :  0.096 0.047 0.071 0.142 0.137 0.285 0.056 0.165 
434 HI_SS0627    (0)    7 :  0.046 0.067 0.165 0.094 0.308 0.079 0.057 0.185 
435 HI_SS0628    (3)    7 :  0.238 0.059 0.103 0.139 0.202 0.093 0.066 0.100 
436 HI_SS0629    (1)    7 :  0.152 0.123 0.053 0.174 0.149 0.091 0.138 0.120 
437 HI_SS0630    (1)    7 :  0.149 0.147 0.096 0.158 0.059 0.167 0.073 0.151 
438 HI_SS0631    (0)    7 :  0.155 0.172 0.074 0.119 0.100 0.186 0.071 0.123 
439 HI_SS0632    (0)    7 :  0.090 0.066 0.123 0.093 0.088 0.204 0.136 0.200 
440 HI_SS0633    (0)    7 :  0.107 0.156 0.161 0.294 0.048 0.048 0.105 0.082 
441 HI_SS0634    (1)    7 :  0.138 0.092 0.088 0.085 0.226 0.201 0.080 0.089 
442 HI_SS0635    (0)    7 :  0.053 0.058 0.108 0.244 0.118 0.125 0.138 0.155 
443 HI_SS0637    (1)    7 :  0.101 0.082 0.058 0.049 0.131 0.225 0.192 0.161 
444 HI_SS0638    (0)    7 :  0.135 0.094 0.215 0.102 0.105 0.138 0.120 0.090 
445 HI_SS0639    (1)    7 :  0.054 0.154 0.089 0.142 0.130 0.202 0.115 0.114 
446 HI_SS0640    (1)    7 :  0.066 0.079 0.164 0.076 0.097 0.087 0.157 0.275 
447 HI_SS0641    (1)    7 :  0.189 0.072 0.038 0.237 0.074 0.154 0.075 0.160 
448 HI_SS0642    (0)    7 :  0.047 0.124 0.118 0.076 0.381 0.103 0.071 0.080 
449 HI_SS0645    (0)    7 :  0.052 0.125 0.047 0.334 0.048 0.243 0.090 0.061 
450 HI_SS0646    (1)    7 :  0.121 0.185 0.214 0.065 0.113 0.082 0.151 0.067 
451 HI_SS0647    (1)    7 :  0.130 0.037 0.289 0.091 0.150 0.114 0.122 0.067 
452 HI_SS0648    (0)    7 :  0.126 0.090 0.158 0.126 0.112 0.143 0.136 0.109 
453 HI_SS0649    (1)    7 :  0.078 0.189 0.079 0.196 0.091 0.058 0.098 0.211 
454 HI_SS0650    (1)    7 :  0.054 0.205 0.312 0.082 0.087 0.089 0.047 0.124 
455 HI_SS0651    (1)    7 :  0.089 0.201 0.096 0.188 0.093 0.093 0.120 0.118 
456 HI_SS0652    (1)    7 :  0.058 0.050 0.171 0.107 0.054 0.373 0.063 0.123 
457 NS_SS1371    (3)    7 :  0.111 0.293 0.084 0.098 0.189 0.045 0.068 0.111 
458 NS_SS1374    (0)    7 :  0.230 0.055 0.084 0.073 0.233 0.194 0.050 0.082 
459 NS_SS1337    (3)    7 :  0.078 0.054 0.125 0.046 0.175 0.373 0.108 0.041 
460 NS_SS1385    (5)    7 :  0.085 0.165 0.192 0.105 0.109 0.104 0.130 0.110 
461 NS_SS1388    (0)    7 :  0.124 0.061 0.078 0.376 0.096 0.048 0.063 0.156 
462 NS_SS1370    (1)    7 :  0.038 0.158 0.033 0.076 0.071 0.479 0.072 0.073 
463 NS_SS1389    (3)    7 :  0.093 0.055 0.099 0.370 0.106 0.096 0.048 0.133 
464 NS_SS1360    (1)    7 :  0.111 0.097 0.060 0.139 0.088 0.114 0.106 0.287 
465 NS_SS1330    (0)    7 :  0.049 0.167 0.140 0.150 0.073 0.181 0.144 0.097 
466 NS_SS1328    (8)    7 :  0.230 0.103 0.303 0.042 0.104 0.057 0.097 0.064 
467 NS_SS1384    (1)    7 :  0.097 0.100 0.083 0.047 0.144 0.145 0.131 0.253 
468 NS_SS1381    (0)    7 :  0.036 0.217 0.325 0.096 0.069 0.086 0.104 0.066 
469 NS_SS1375    (1)    7 :  0.093 0.144 0.227 0.235 0.097 0.108 0.042 0.054 
470 NS_SS1319   (10)    7 :  0.128 0.185 0.081 0.122 0.181 0.119 0.100 0.085 
471 NS_SS1326    (2)    7 :  0.282 0.089 0.136 0.203 0.090 0.049 0.058 0.093 
472 NS_SS1341    (1)    7 :  0.114 0.091 0.081 0.043 0.220 0.063 0.102 0.287 
473 NS_SS1383    (1)    7 :  0.077 0.113 0.091 0.051 0.336 0.146 0.073 0.112 
