   NS_SS0963  1 0.1490 0.0921 0.0857 0.2428 0.1763 0.2541 
   NS_SS0983  1 0.4847 0.0471 0.1772 0.1024 0.0790 0.1096 
   NS_SS0719  1 0.1112 0.1259 0.1720 0.2112 0.2274 0.1522 
   NS_SS1001  1 0.1162 0.3196 0.1083 0.0799 0.2105 0.1655 
   NS_SS0936  1 0.0940 0.2056 0.1290 0.2348 0.0846 0.2519 
   NS_SS0955  1 0.2090 0.0624 0.1696 0.1587 0.1854 0.2149 
   NS_SS0944  1 0.1188 0.1280 0.1968 0.0950 0.1848 0.2766 
   NS_SS0945  1 0.2276 0.2942 0.1547 0.1305 0.0944 0.0986 
   NS_SS0922  1 0.0695 0.2928 0.1196 0.1637 0.1973 0.1572 
   NS_SS0929  1 0.1984 0.0843 0.2172 0.1840 0.1181 0.1980 
   NS_SS0956  1 0.1053 0.1913 0.1034 0.0983 0.3881 0.1135 
   NS_SS0906  1 0.1976 0.1009 0.1564 0.1580 0.1155 0.2716 
   NS_SS0721  1 0.2470 0.0876 0.0915 0.1382 0.3327 0.1029 
   NS_SS0982  1 0.1914 0.1233 0.0877 0.1968 0.1915 0.2093 
   NS_SS0923  1 0.1794 0.2187 0.1267 0.1502 0.1375 0.1875 
   NS_SS0905  1 0.3482 0.1642 0.1275 0.0839 0.1020 0.1742 
   NS_SS0925  1 0.1692 0.1269 0.0816 0.1192 0.1702 0.3329 
   NS_SS0947  1 0.0860 0.1884 0.1294 0.1822 0.1284 0.2856 
   NS_SS0926  1 0.1991 0.0738 0.2462 0.3063 0.0932 0.0814 
   NS_SS0918  1 0.2656 0.1272 0.0589 0.1590 0.1563 0.2329 
   NS_SS0966  1 0.1890 0.1519 0.0989 0.1992 0.1090 0.2521 
   NS_SS0938  1 0.0690 0.2179 0.1208 0.3907 0.1148 0.0868 
   NS_SS0917  1 0.1078 0.1555 0.2732 0.2127 0.1341 0.1168 
   NS_SS0957  1 0.1514 0.1281 0.1470 0.1401 0.2938 0.1397 
   NS_SS0987  1 0.2658 0.1075 0.0892 0.1046 0.3364 0.0965 
   NS_SS0717  1 0.2179 0.3077 0.0791 0.0675 0.1731 0.1547 
   NS_SS0986  1 0.2904 0.1252 0.1159 0.1667 0.2116 0.0902 
   NS_SS0953  1 0.1578 0.1894 0.0854 0.0634 0.1417 0.3623 
   NS_SS0907  1 0.2810 0.1001 0.1093 0.1119 0.0819 0.3158 
   NS_SS0974  1 0.1286 0.1774 0.1827 0.1272 0.0830 0.3011 
   NS_SS0989  1 0.0945 0.0938 0.3310 0.2735 0.1063 0.1010 
   NS_SS0991  1 0.4276 0.0565 0.0936 0.0690 0.1994 0.1539 
   NS_SS0994  1 0.1661 0.1622 0.4109 0.1043 0.0663 0.0902 
   NS_SS0931  1 0.3212 0.0721 0.1848 0.1810 0.1429 0.0981 
   NS_SS1000  1 0.1019 0.3132 0.1126 0.1737 0.0989 0.1997 
   NS_SS0919  1 0.2951 0.0675 0.1179 0.2790 0.0660 0.1745 
   NS_SS0949  1 0.1380 0.0932 0.2430 0.2021 0.1680 0.1557 
   NS_SS0960  1 0.1553 0.0748 0.2095 0.1206 0.1764 0.2632 
   NS_SS0716  1 0.1796 0.3600 0.0802 0.0974 0.2321 0.0506 
   NS_SS0924  1 0.2293 0.0738 0.1715 0.1685 0.1628 0.1941 
   NS_SS0935  1 0.2928 0.0922 0.2219 0.0694 0.1872 0.1366 
   NS_SS0952  1 0.2659 0.0895 0.2080 0.1409 0.0820 0.2137 
   NS_SS0962  1 0.1535 0.2119 0.0689 0.3354 0.1404 0.0898 
   NS_SS0973  1 0.1422 0.0801 0.1176 0.0976 0.1409 0.4217 
   NS_SS0722  1 0.1231 0.4209 0.0859 0.0683 0.0885 0.2132 
   NS_SS0979  1 0.2139 0.1595 0.0787 0.1884 0.2313 0.1282 
   NS_SS0993  1 0.1853 0.1817 0.0750 0.1507 0.1529 0.2544 
   NS_SS0958  1 0.1907 0.1752 0.2465 0.1492 0.1150 0.1235 
   NS_SS0988  1 0.2209 0.0843 0.1106 0.3110 0.1124 0.1608 
   NS_SS1003  1 0.0793 0.0594 0.0552 0.4150 0.2730 0.1181 
   NS_SS0976  1 0.1919 0.0704 0.2088 0.2682 0.1304 0.1303 
   NS_SS0964  1 0.1031 0.3623 0.0971 0.0706 0.2169 0.1500 
   NS_SS0939  1 0.0904 0.3647 0.0773 0.1592 0.2653 0.0431 
   NS_SS0990  1 0.1403 0.2185 0.1730 0.2718 0.1382 0.0582 
   NS_SS0984  1 0.1220 0.3433 0.0893 0.2022 0.1140 0.1292 
   NS_SS0980  1 0.0690 0.1622 0.1218 0.0855 0.0777 0.4837 
   NS_SS0978  1 0.0866 0.2360 0.1598 0.1565 0.1050 0.2561 
   NS_SS0951  1 0.3459 0.0841 0.1188 0.0692 0.2479 0.1341 
   NS_SS0913  1 0.1191 0.2594 0.1237 0.1117 0.2768 0.1093 
   NS_SS1002  1 0.0918 0.1000 0.0691 0.4804 0.0729 0.1858 
   NS_SS0948  1 0.2682 0.1096 0.1493 0.1911 0.1276 0.1541 
   NS_SS0916  1 0.0712 0.1497 0.2863 0.1936 0.1341 0.1651 
   NS_SS0995  1 0.1184 0.1799 0.1684 0.1492 0.1705 0.2135 
   NS_SS0927  1 0.2256 0.1663 0.2360 0.1728 0.0746 0.1247 
   NS_SS0992  1 0.0537 0.1678 0.2526 0.2140 0.0919 0.2201 
   NS_SS0912  1 0.2780 0.0873 0.1173 0.1699 0.2672 0.0804 
   NS_SS0981  1 0.2534 0.0997 0.0690 0.2493 0.1900 0.1386 
   NS_SS0729  2 0.1255 0.0838 0.3675 0.1069 0.0610 0.2553 
   NS_SS0967  2 0.1552 0.1150 0.0794 0.2523 0.1072 0.2908 
   NS_SS0941  2 0.1090 0.2613 0.1523 0.1783 0.1589 0.1402 
   NS_SS0768  2 0.1731 0.1382 0.1025 0.1501 0.2981 0.1380 
   NS_SS0726  2 0.0708 0.1023 0.2932 0.2407 0.0803 0.2127 
   NS_SS0763  2 0.1581 0.1842 0.2718 0.1227 0.1131 0.1501 
   NS_SS0730  2 0.1387 0.2334 0.1009 0.2277 0.1587 0.1405 
   NS_SS0774  2 0.0729 0.3006 0.1082 0.1474 0.0901 0.2809 
   NS_SS0723  2 0.1432 0.1669 0.0553 0.2127 0.1430 0.2790 
   NS_SS0940  2 0.1618 0.2116 0.2010 0.1882 0.1463 0.0910 
   NS_SS0762  2 0.0868 0.3965 0.0902 0.0726 0.1550 0.1990 
   NS_SS0766  2 0.1570 0.3089 0.1877 0.0963 0.1668 0.0834 
   NS_SS0724  2 0.2378 0.1621 0.0797 0.1015 0.2397 0.1793 
   NS_SS0769  2 0.1953 0.1850 0.1193 0.2226 0.1527 0.1250 
   NS_SS0777  2 0.4185 0.0942 0.1203 0.1477 0.1260 0.0933 
   NS_SS0734  2 0.1280 0.1708 0.2005 0.1230 0.2607 0.1171 
   NS_SS0737  2 0.0807 0.4297 0.1025 0.1220 0.1204 0.1447 
   NS_SS0732  2 0.2283 0.1093 0.0783 0.0809 0.3186 0.1846 
   NS_SS0728  2 0.1567 0.2161 0.1637 0.1280 0.2013 0.1342 
   NS_SS0735  2 0.1529 0.2538 0.1085 0.0634 0.2028 0.2187 
   NS_SS0725  2 0.0762 0.3240 0.1148 0.1875 0.2001 0.0974 
   NS_SS0788  2 0.1317 0.1003 0.1199 0.3273 0.1338 0.1869 
   NS_SS0778  2 0.2510 0.0744 0.1419 0.2241 0.1481 0.1606 
   NS_SS0792  2 0.1219 0.0933 0.2404 0.0883 0.2622 0.1940 
   NS_SS0943  2 0.1276 0.0633 0.2448 0.0773 0.2095 0.2775 
   NS_SS0791  2 0.1204 0.1213 0.2922 0.1079 0.2430 0.1153 
   NS_SS0790  2 0.1116 0.2024 0.0447 0.0832 0.3266 0.2314 
   NS_SS0731  2 0.2174 0.2169 0.0624 0.0997 0.3061 0.0975 
   NS_SS0727  2 0.0849 0.2870 0.3366 0.0589 0.0975 0.1351 
   NS_SS0779  2 0.3418 0.1471 0.0929 0.1535 0.1349 0.1299 
   NS_SS0776  2 0.1382 0.3087 0.1709 0.1530 0.1359 0.0933 
   NS_SS0775  2 0.0745 0.3876 0.1219 0.1050 0.1711 0.1399 
   NS_SS0965  3 0.2290 0.0810 0.0809 0.1760 0.2533 0.1798 
   NS_SS0754  3 0.1218 0.0770 0.2636 0.1128 0.2907 0.1340 
   NS_SS0838  3 0.2056 0.1918 0.1551 0.2037 0.1159 0.1280 
   NS_SS0839  3 0.0886 0.2681 0.1053 0.1842 0.1905 0.1632 
   NS_SS0832  3 0.1509 0.1701 0.0453 0.1387 0.1994 0.2955 
   NS_SS0820  3 0.1707 0.1284 0.0580 0.2414 0.2583 0.1432 
   NS_SS0886  3 0.1781 0.1193 0.2212 0.1587 0.2082 0.1147 
   NS_SS0748  3 0.3130 0.0921 0.1382 0.1518 0.1333 0.1716 
   NS_SS0884  3 0.1328 0.1494 0.1899 0.1333 0.1576 0.2370 
   NS_SS0752  3 0.0952 0.2333 0.1556 0.1515 0.1179 0.2465 
   NS_SS0862  3 0.1397 0.0841 0.0636 0.0916 0.3658 0.2551 
   NS_SS0787  3 0.1665 0.0923 0.3563 0.1194 0.1297 0.1357 
   NS_SS0843  3 0.2362 0.1445 0.1215 0.0980 0.1675 0.2323 
   NS_SS0856  3 0.1070 0.2915 0.1733 0.1852 0.1231 0.1198 
   NS_SS0846  3 0.1509 0.1221 0.1554 0.1996 0.0668 0.3052 
   NS_SS0825  3 0.1331 0.0694 0.1011 0.3474 0.2381 0.1110 
   NS_SS0757  3 0.2689 0.0893 0.1394 0.1092 0.2218 0.1715 
   NS_SS0876  3 0.1450 0.2288 0.1375 0.1149 0.1874 0.1864 
   NS_SS0903  3 0.0771 0.1478 0.0903 0.1270 0.0780 0.4799 
   NS_SS0875  3 0.2292 0.2183 0.1150 0.1964 0.1511 0.0900 
   NS_SS0740  3 0.2384 0.1936 0.1160 0.1019 0.1569 0.1932 
   NS_SS0811  3 0.1706 0.1997 0.0741 0.0936 0.3558 0.1062 
   NS_SS0751  3 0.1559 0.2609 0.1140 0.2660 0.1106 0.0925 
   NS_SS0891  3 0.0970 0.2615 0.1528 0.2161 0.1531 0.1195 
   NS_SS0867  3 0.1395 0.0461 0.1505 0.1356 0.1892 0.3390 
   NS_SS0890  3 0.2272 0.1632 0.1385 0.1544 0.1125 0.2041 
   NS_SS0866  3 0.0982 0.1053 0.4324 0.1186 0.1282 0.1173 
   NS_SS0755  3 0.0937 0.1317 0.1402 0.1435 0.2720 0.2189 
   NS_SS0758  3 0.2032 0.2060 0.1580 0.1460 0.1131 0.1737 
   NS_SS0840  3 0.1055 0.1694 0.0595 0.2464 0.1791 0.2399 
   NS_SS0889  3 0.1497 0.0838 0.2787 0.1080 0.2742 0.1057 
   NS_SS1010  3 0.1537 0.1369 0.1125 0.2700 0.1326 0.1943 
   NS_SS0888  3 0.0664 0.1209 0.4488 0.0587 0.1687 0.1363 
   NS_SS0837  3 0.1219 0.0978 0.0663 0.0941 0.3266 0.2932 
   NS_SS0794  3 0.1165 0.2128 0.3482 0.0646 0.1477 0.1102 
   NS_SS0823  3 0.1436 0.2249 0.0800 0.1558 0.1234 0.2723 
   NS_SS0829  3 0.3198 0.0629 0.1992 0.0800 0.2022 0.1360 
   NS_SS0844  3 0.1143 0.0618 0.0613 0.0967 0.1475 0.5183 
   NS_SS1008  3 0.1225 0.2784 0.2592 0.0889 0.1290 0.1220 
   NS_SS0881  3 0.1139 0.1231 0.2027 0.3339 0.1362 0.0902 
   NS_SS0834  3 0.0996 0.3696 0.0852 0.2204 0.1212 0.1040 
   NS_SS0744  3 0.1079 0.0888 0.1778 0.1965 0.1916 0.2374 
   NS_SS0899  3 0.2258 0.1937 0.0537 0.0760 0.2987 0.1521 
   NS_SS0804  3 0.1726 0.1602 0.0486 0.1682 0.2377 0.2127 
   NS_SS0781  3 0.2252 0.1848 0.0543 0.2524 0.0946 0.1887 
   NS_SS0822  3 0.1985 0.1962 0.1770 0.0724 0.1467 0.2092 
   NS_SS1004  3 0.1635 0.1179 0.1134 0.1302 0.1570 0.3179 
   NS_SS0746  3 0.2604 0.1549 0.1287 0.1401 0.0949 0.2210 
   NS_SS0880  3 0.0827 0.1550 0.1174 0.1797 0.1584 0.3069 
   NS_SS0879  3 0.0766 0.2427 0.1472 0.1069 0.2245 0.2021 
   NS_SS0753  3 0.2708 0.0782 0.1888 0.0811 0.1783 0.2027 
   NS_SS1007  3 0.1046 0.2800 0.1663 0.2432 0.0724 0.1335 
   NS_SS0872  3 0.1204 0.2186 0.1210 0.1908 0.1347 0.2145 
   NS_SS1005  3 0.1993 0.1809 0.0657 0.1766 0.0974 0.2802 
   NS_SS0892  3 0.2707 0.1980 0.1206 0.1472 0.1452 0.1183 
   NS_SS0898  3 0.1711 0.1260 0.2215 0.1402 0.1751 0.1661 
   NS_SS0801  3 0.2982 0.1039 0.0977 0.1169 0.2158 0.1675 
   NS_SS0827  3 0.3797 0.1071 0.1206 0.1209 0.1719 0.0998 
   NS_SS0853  3 0.2700 0.1342 0.1593 0.0775 0.2595 0.0996 
   NS_SS0780  3 0.1950 0.1675 0.0896 0.2164 0.1843 0.1471 
   NS_SS0826  3 0.1637 0.0621 0.1015 0.3623 0.1131 0.1973 
   NS_SS0818  3 0.1184 0.2264 0.0645 0.2157 0.1741 0.2010 
   NS_SS0745  3 0.0683 0.4707 0.0587 0.1202 0.2388 0.0433 
   NS_SS0849  3 0.2154 0.0853 0.0624 0.1394 0.3994 0.0981 
   NS_SS0739  3 0.1451 0.1544 0.1516 0.2453 0.2214 0.0822 
   NS_SS0799  3 0.2256 0.1443 0.2344 0.0602 0.1335 0.2021 
   NS_SS0756  3 0.1418 0.1123 0.0663 0.2276 0.1679 0.2841 
   NS_SS0802  3 0.2054 0.1447 0.1590 0.2593 0.0763 0.1554 
   NS_SS0747  3 0.1985 0.1158 0.1181 0.2063 0.1014 0.2599 
   NS_SS0835  3 0.1872 0.0917 0.3340 0.1544 0.0698 0.1630 
   NS_SS0742  3 0.2044 0.1215 0.1079 0.1989 0.1552 0.2122 
   NS_SS0760  3 0.1992 0.1292 0.2939 0.1321 0.1050 0.1406 
   NS_SS0803  3 0.1011 0.1056 0.0884 0.0638 0.1156 0.5256 
   NS_SS0828  3 0.2302 0.1425 0.1404 0.1106 0.2448 0.1314 
   NS_SS0865  3 0.0799 0.0574 0.1460 0.2060 0.2750 0.2357 
   NS_SS0759  3 0.1688 0.2706 0.0692 0.1398 0.1975 0.1541 
   NS_SS0851  3 0.0791 0.1537 0.0766 0.1006 0.5122 0.0779 
   NS_SS0874  3 0.2433 0.1591 0.0582 0.0859 0.0931 0.3603 
   NS_SS0761  3 0.2183 0.0539 0.2475 0.1490 0.1905 0.1407 
   NS_SS0842  3 0.1525 0.1982 0.2122 0.1233 0.1332 0.1806 
   NS_SS0785  3 0.1475 0.1065 0.2152 0.1052 0.1504 0.2752 
   NS_SS0860  3 0.1929 0.0945 0.3258 0.1267 0.0902 0.1699 
   NS_SS0897  3 0.1532 0.0992 0.3718 0.0861 0.1903 0.0995 
   NS_SS0841  3 0.1508 0.2346 0.0699 0.1028 0.2972 0.1447 
   NS_SS0797  3 0.1601 0.0655 0.1947 0.1711 0.2812 0.1274 
   NS_SS0830  3 0.1379 0.1080 0.1556 0.2116 0.2379 0.1491 
   NS_SS1011  3 0.0874 0.0831 0.0749 0.3321 0.1897 0.2328 
   NS_SS0883  3 0.2038 0.0856 0.1930 0.0887 0.2486 0.1803 
   NS_SS0782  3 0.0801 0.2640 0.2521 0.0935 0.1257 0.1845 
   NS_SS0831  3 0.1630 0.0728 0.2780 0.0783 0.3011 0.1067 
   NS_SS0749  3 0.1146 0.1469 0.2059 0.1357 0.2668 0.1301 
   NS_SS0854  3 0.1073 0.2182 0.2236 0.0911 0.1478 0.2121 
   HI_SS0193  4 0.0726 0.1778 0.2803 0.1392 0.2514 0.0787 
   HI_SS0194  4 0.1125 0.3460 0.1092 0.2424 0.0884 0.1016 
   HI_SS0195  4 0.1172 0.1852 0.0560 0.2209 0.3360 0.0847 
   HI_SS0196  4 0.1240 0.2925 0.1929 0.1116 0.1207 0.1584 
   HI_SS0197  4 0.0975 0.0980 0.0873 0.5732 0.0609 0.0831 
   HI_SS0198  4 0.1785 0.1007 0.1787 0.1351 0.2661 0.1410 
   HI_SS0199  4 0.0657 0.1821 0.3486 0.0919 0.1151 0.1966 
   HI_SS0201  4 0.2512 0.0420 0.2618 0.1056 0.1830 0.1564 
   HI_SS0215  4 0.2508 0.0555 0.2539 0.1592 0.1341 0.1465 
   HI_SS0218  4 0.0541 0.1181 0.4788 0.0568 0.2118 0.0804 
   HI_SS0222  4 0.0936 0.1971 0.1681 0.2189 0.2376 0.0846 
   HI_SS0230  4 0.3081 0.1288 0.0732 0.2829 0.1053 0.1017 
   HI_SS0234  4 0.1099 0.1675 0.1757 0.2769 0.0611 0.2090 
   HI_SS0240  4 0.0709 0.2694 0.2037 0.1220 0.1403 0.1937 
   HI_SS0241  4 0.1977 0.0861 0.2944 0.1394 0.1488 0.1335 
   HI_SS0242  4 0.1141 0.1079 0.2151 0.1268 0.2115 0.2246 
   HI_SS0247  4 0.2524 0.0992 0.0938 0.1735 0.1476 0.2335 
   HI_SS0248  4 0.2105 0.2200 0.2719 0.0514 0.0622 0.1841 
   HI_SS0252  4 0.1571 0.2445 0.1163 0.0764 0.2188 0.1869 
   HI_SS0254  4 0.1892 0.0934 0.1403 0.3306 0.0775 0.1690 
   HI_SS0256  4 0.0688 0.2085 0.0362 0.1914 0.1704 0.3246 
   HI_SS0257  4 0.1467 0.0775 0.2782 0.1824 0.0529 0.2623 
   HI_SS0258  4 0.1813 0.1285 0.2830 0.0981 0.1467 0.1623 
   HI_SS0259  4 0.0867 0.2121 0.1119 0.3218 0.1685 0.0989 
   HI_SS0260  4 0.1245 0.2129 0.3316 0.0893 0.0919 0.1499 
   HI_SS0261  4 0.1351 0.1448 0.1882 0.2811 0.0732 0.1776 
   HI_SS0262  4 0.0719 0.1276 0.1562 0.1421 0.3089 0.1933 
   HI_SS0264  4 0.2398 0.2138 0.0748 0.2496 0.1391 0.0829 
   HI_SS0265  4 0.1131 0.1115 0.0956 0.2832 0.2510 0.1456 
   HI_SS0268  4 0.2079 0.1845 0.1445 0.2693 0.1442 0.0496 
   HI_SS0269  4 0.0883 0.0562 0.4086 0.1652 0.0581 0.2236 
   HI_SS0273  4 0.0817 0.0786 0.2737 0.1603 0.1482 0.2574 
   HI_SS0277  4 0.0902 0.0542 0.0859 0.4837 0.1263 0.1596 
   HI_SS0280  4 0.0910 0.1935 0.1701 0.1343 0.3223 0.0888 
   HI_SS0282  4 0.1348 0.0954 0.2018 0.0913 0.1936 0.2830 
   HI_SS0286  4 0.2595 0.0769 0.1481 0.1435 0.2346 0.1374 
   NS_SS1252  5 0.2178 0.0932 0.3720 0.0756 0.1219 0.1195 
   NS_SS1261  5 0.2423 0.1156 0.1209 0.2246 0.1282 0.1683 
   NS_SS1225  5 0.2217 0.0707 0.1744 0.1436 0.1059 0.2838 
   NS_SS1266  5 0.1033 0.1222 0.0617 0.1128 0.1783 0.4217 
   NS_SS1228  5 0.0766 0.1134 0.1473 0.1363 0.4152 0.1112 
   NS_SS1255  5 0.0537 0.4173 0.1728 0.0831 0.0806 0.1924 
   NS_SS1267  5 0.2003 0.0692 0.4137 0.1205 0.1376 0.0586 
   NS_SS1238  5 0.1413 0.1385 0.1319 0.3032 0.2073 0.0778 
   NS_SS1233  5 0.2634 0.1776 0.0605 0.1201 0.1304 0.2480 
   NS_SS1277  5 0.0814 0.2224 0.3553 0.0988 0.1531 0.0889 
   NS_SS1245  5 0.2825 0.1742 0.1253 0.1325 0.0696 0.2159 
   NS_SS1240  5 0.3191 0.0853 0.3217 0.1441 0.0519 0.0777 
   NS_SS1275  5 0.0578 0.1094 0.0680 0.3718 0.2425 0.1505 
   NS_SS1235  5 0.0910 0.2430 0.1451 0.1675 0.0509 0.3024 
   NS_SS1263  5 0.1725 0.2918 0.0752 0.0968 0.1185 0.2452 
   NS_SS1251  5 0.1959 0.1788 0.0775 0.1644 0.0976 0.2858 
   NS_SS1248  5 0.1872 0.0830 0.0886 0.1303 0.4626 0.0483 
   NS_SS1244  5 0.0864 0.0524 0.1531 0.3674 0.1555 0.1853 
   NS_SS1257  5 0.1714 0.1589 0.3321 0.1031 0.1391 0.0955 
   NS_SS1242  5 0.1168 0.3210 0.0793 0.1428 0.1563 0.1838 
   NS_SS1271  5 0.1086 0.0680 0.3969 0.1214 0.1587 0.1464 
   NS_SS1265  5 0.2755 0.1200 0.2321 0.1785 0.1016 0.0923 
   NS_SS1243  5 0.2104 0.2527 0.1063 0.0666 0.2710 0.0931 
   NS_SS1273  5 0.0871 0.3644 0.0938 0.1561 0.1501 0.1484 
   NS_SS1254  5 0.2067 0.1880 0.0949 0.0855 0.1266 0.2983 
   NS_SS1224  5 0.0870 0.1432 0.0922 0.1132 0.2983 0.2662 
   NS_SS1227  5 0.2685 0.1371 0.2050 0.2070 0.0632 0.1191 
   NS_SS1274  5 0.1719 0.1595 0.2279 0.1120 0.1673 0.1615 
   NS_SS1241  5 0.1073 0.0864 0.2260 0.1257 0.1874 0.2672 
   NS_SS1256  5 0.1532 0.1059 0.1733 0.2221 0.0881 0.2575 
   NS_SS1260  5 0.1332 0.0952 0.3316 0.1013 0.1188 0.2200 
   NS_SS1262  5 0.1370 0.0625 0.1968 0.1855 0.1934 0.2247 
   NS_SS1230  5 0.1184 0.1813 0.2253 0.1460 0.1818 0.1471 
   NS_SS1270  5 0.1758 0.0805 0.0755 0.1408 0.3311 0.1963 
   NS_SS1229  5 0.1149 0.2302 0.0957 0.2939 0.0514 0.2139 
   NS_SS1246  5 0.1399 0.1135 0.2341 0.2797 0.0886 0.1442 
   NS_SS1269  5 0.1198 0.2009 0.1547 0.1344 0.2199 0.1703 
   NS_SS1239  5 0.0800 0.1947 0.1164 0.0914 0.3060 0.2114 
   NS_SS1272  5 0.1517 0.0808 0.0890 0.4583 0.0950 0.1251 
   NS_SS1268  5 0.1851 0.1105 0.0748 0.0621 0.3762 0.1913 
   NS_SS1249  5 0.0790 0.1136 0.4620 0.0696 0.1073 0.1686 
   HI_SS0559  6 0.1601 0.1986 0.1798 0.0605 0.2388 0.1622 
   HI_SS0563  6 0.1290 0.1061 0.1416 0.1900 0.1523 0.2811 
   HI_SS0564  6 0.1656 0.1311 0.1024 0.2413 0.1932 0.1665 
   HI_SS0565  6 0.2937 0.0964 0.1302 0.2481 0.0746 0.1570 
   HI_SS0569  6 0.4259 0.0463 0.1283 0.1148 0.0871 0.1976 
   HI_SS0570  6 0.1627 0.1249 0.3158 0.1530 0.1770 0.0666 
   HI_SS0572  6 0.1325 0.3165 0.1028 0.1313 0.0830 0.2339 
   HI_SS0576  6 0.1226 0.2028 0.0812 0.1901 0.3002 0.1031 
   HI_SS0579  6 0.2392 0.0946 0.1456 0.0720 0.0808 0.3678 
   HI_SS0580  6 0.1163 0.2368 0.2913 0.0768 0.1393 0.1395 
   HI_SS0581  6 0.1190 0.1056 0.0673 0.3474 0.2877 0.0730 
   HI_SS0583  6 0.3478 0.1906 0.2114 0.1015 0.0471 0.1017 
   HI_SS0586  6 0.3588 0.0996 0.2603 0.0973 0.1287 0.0553 
   HI_SS0588  6 0.3455 0.1213 0.1730 0.0740 0.1008 0.1853 
   HI_SS0595  6 0.1007 0.1201 0.2498 0.3338 0.0670 0.1286 
   HI_SS0596  6 0.0995 0.4317 0.1146 0.0809 0.0927 0.1806 
   HI_SS0597  6 0.1792 0.2831 0.1011 0.2227 0.0730 0.1408 
   HI_SS0600  6 0.0719 0.0812 0.2742 0.1936 0.1687 0.2105 
   HI_SS0601  6 0.2477 0.0379 0.0930 0.1966 0.1553 0.2694 
   HI_SS0602  6 0.3473 0.1657 0.1685 0.0746 0.1856 0.0582 
   HI_SS0604  6 0.3522 0.1848 0.0849 0.0772 0.1727 0.1282 
   HI_SS0605  6 0.1804 0.1023 0.1887 0.0735 0.3111 0.1439 
   HI_SS0608  6 0.2252 0.2824 0.1284 0.1315 0.1570 0.0755 
   HI_SS0609  6 0.1756 0.1939 0.0950 0.1660 0.0830 0.2866 
   HI_SS0611  6 0.2517 0.0978 0.2506 0.0756 0.2505 0.0737 
   HI_SS0612  6 0.0751 0.0870 0.1905 0.0860 0.0502 0.5112 
   HI_SS0613  6 0.1524 0.1118 0.1329 0.0809 0.3951 0.1269 
   HI_SS0615  6 0.0919 0.2775 0.0705 0.2154 0.2111 0.1336 
   HI_SS0001  6 0.0779 0.2444 0.2700 0.1839 0.1010 0.1228 
   HI_SS0002  6 0.1903 0.2030 0.0666 0.1930 0.0995 0.2477 
   HI_SS0004  6 0.1556 0.2359 0.2707 0.1057 0.1502 0.0818 
   HI_SS0005  6 0.1139 0.1077 0.1158 0.1878 0.3907 0.0839 
   HI_SS0006  6 0.1869 0.0879 0.2051 0.1755 0.0825 0.2621 
   HI_SS0007  6 0.0909 0.0977 0.2814 0.0567 0.3952 0.0782 
   HI_SS0008  6 0.2843 0.1041 0.0761 0.2347 0.1533 0.1476 
   HI_SS0009  6 0.1661 0.2573 0.0912 0.0634 0.2510 0.1711 
   HI_SS0010  6 0.2530 0.1180 0.1699 0.1597 0.1784 0.1211 
   HI_SS0011  6 0.1216 0.0884 0.0799 0.2799 0.1727 0.2575 
   HI_SS0012  6 0.1822 0.1258 0.0627 0.2667 0.1369 0.2258 
   HI_SS0017  6 0.0882 0.3898 0.1463 0.1620 0.1270 0.0867 
   HI_SS0021  6 0.2614 0.1467 0.1830 0.2392 0.0913 0.0785 
   HI_SS0024  6 0.0751 0.1979 0.1051 0.2793 0.2326 0.1101 
   HI_SS0025  6 0.1115 0.3444 0.1069 0.0827 0.1979 0.1566 
   HI_SS0027  6 0.2819 0.1140 0.1672 0.0649 0.1848 0.1872 
   HI_SS0028  6 0.1448 0.1782 0.0451 0.3273 0.2342 0.0704 
   HI_SS0029  6 0.0863 0.2807 0.2126 0.2037 0.1138 0.1028 
   HI_SS0030  6 0.0963 0.1265 0.1925 0.1631 0.2076 0.2141 
   HI_SS0031  6 0.1248 0.1434 0.1251 0.2443 0.0785 0.2840 
   HI_SS0034  6 0.1694 0.1072 0.2883 0.0790 0.1074 0.2486 
   HI_SS0036  6 0.1063 0.0755 0.3106 0.2748 0.1874 0.0453 
   HI_SS0037  6 0.3025 0.1146 0.2333 0.0760 0.1865 0.0871 
   HI_SS0039  6 0.0854 0.0889 0.2638 0.1448 0.3175 0.0996 
   HI_SS0041  6 0.1023 0.2106 0.1055 0.1549 0.3560 0.0708 
   HI_SS0042  6 0.1386 0.2290 0.0857 0.2659 0.1450 0.1359 
   HI_SS0043  6 0.2260 0.0528 0.3017 0.2163 0.1207 0.0825 
   HI_SS0044  6 0.0646 0.3379 0.3138 0.0949 0.0888 0.0999 
   HI_SS0047  6 0.1724 0.2240 0.1113 0.1336 0.2017 0.1571 
   HI_SS0049  6 0.2088 0.3617 0.1068 0.0882 0.1037 0.1308 
   HI_SS0051  6 0.1817 0.0716 0.0962 0.0745 0.3607 0.2153 
   HI_SS0053  6 0.1772 0.0709 0.2916 0.2390 0.1015 0.1198 
   HI_SS0054  6 0.2653 0.0472 0.1726 0.1097 0.1796 0.2256 
   HI_SS0057  6 0.1616 0.1456 0.0952 0.2142 0.2717 0.1117 
   HI_SS0058  6 0.2451 0.1808 0.2221 0.0788 0.1162 0.1571 
   HI_SS0060  6 0.1713 0.0624 0.0915 0.2678 0.2432 0.1637 
   HI_SS0087  6 0.2826 0.1222 0.1101 0.2300 0.0945 0.1607 
   HI_SS0091  6 0.1303 0.0603 0.3507 0.2451 0.0683 0.1452 
   HI_SS0095  6 0.1374 0.0936 0.1942 0.2236 0.1528 0.1984 
   HI_SS0097  6 0.2280 0.0725 0.0851 0.1178 0.0965 0.4001 
   HI_SS0099  6 0.2217 0.3341 0.1286 0.1121 0.1162 0.0873 
   HI_SS0103  6 0.0867 0.2402 0.1401 0.2013 0.1037 0.2280 
   HI_SS0105  6 0.1596 0.0659 0.1031 0.2969 0.1737 0.2008 
   HI_SS0107  6 0.0853 0.3231 0.0687 0.2003 0.1182 0.2044 
   HI_SS0108  6 0.1592 0.0739 0.4252 0.1044 0.1204 0.1169 
   HI_SS0110  6 0.0749 0.1074 0.2199 0.3678 0.0764 0.1536 
   HI_SS0111  6 0.1743 0.1284 0.1661 0.2571 0.1493 0.1248 
   HI_SS0112  6 0.1876 0.0992 0.3536 0.1458 0.1000 0.1137 
   HI_SS0113  6 0.1166 0.3024 0.0835 0.2623 0.1111 0.1241 
   HI_SS0114  6 0.2983 0.0695 0.1949 0.1072 0.1991 0.1311 
   HI_SS0115  6 0.1748 0.2559 0.1687 0.0502 0.1228 0.2277 
   HI_SS0116  6 0.2120 0.2945 0.2490 0.0861 0.0488 0.1097 
   HI_SS0117  6 0.1373 0.0767 0.2127 0.2948 0.0604 0.2181 
   HI_SS0118  6 0.1524 0.1443 0.2575 0.1581 0.0909 0.1968 
   HI_SS0119  6 0.1233 0.0498 0.1821 0.2853 0.1262 0.2333 
   HI_SS0120  6 0.0632 0.3347 0.0721 0.3374 0.0913 0.1012 
   HI_SS0121  6 0.1336 0.0673 0.0553 0.4236 0.2031 0.1171 
   HI_SS0122  6 0.0862 0.1215 0.1841 0.2505 0.2194 0.1384 
   HI_SS0123  6 0.1116 0.1280 0.1418 0.2489 0.0814 0.2883 
   HI_SS0124  6 0.1047 0.4045 0.0883 0.0994 0.1602 0.1430 
   HI_SS0125  6 0.1508 0.2143 0.0894 0.2079 0.1968 0.1409 
   HI_SS0126  6 0.0568 0.2150 0.4036 0.1190 0.0927 0.1128 
   HI_SS0127  6 0.2639 0.0901 0.0902 0.0940 0.3334 0.1284 
   HI_SS0128  6 0.1101 0.2390 0.1653 0.2211 0.0893 0.1754 
   HI_SS0129  6 0.1555 0.1566 0.2652 0.1564 0.1839 0.0825 
   HI_SS0131  6 0.2632 0.0729 0.1699 0.1218 0.2406 0.1316 
   HI_SS0132  6 0.1119 0.0870 0.1792 0.2865 0.1389 0.1964 
   HI_SS0133  6 0.0919 0.1110 0.4348 0.1182 0.1562 0.0879 
   HI_SS0134  6 0.1955 0.1351 0.1693 0.1346 0.1131 0.2524 
   HI_SS0142  6 0.1532 0.0649 0.1304 0.2193 0.1415 0.2908 
   HI_SS0145  6 0.1771 0.1566 0.1753 0.1018 0.0957 0.2935 
   HI_SS0146  6 0.1302 0.1035 0.2499 0.0741 0.1844 0.2580 
   HI_SS0147  6 0.0802 0.0993 0.0938 0.1256 0.4069 0.1941 
   HI_SS0149  6 0.0612 0.0656 0.1620 0.4736 0.0859 0.1516 
   HI_SS0150  6 0.1616 0.2307 0.0846 0.1655 0.2572 0.1003 
   HI_SS0151  6 0.1144 0.1987 0.2057 0.0582 0.1817 0.2412 
   NS_SS1451  6 0.0741 0.2636 0.0978 0.1708 0.2591 0.1347 
   NS_SS1404  6 0.0777 0.1486 0.1535 0.1339 0.3789 0.1074 
   NS_SS1432  6 0.0825 0.2976 0.0806 0.3831 0.0930 0.0633 
   NS_SS1405  6 0.1288 0.3435 0.1894 0.1224 0.1040 0.1118 
   NS_SS1431  6 0.1039 0.2514 0.0762 0.3366 0.1330 0.0989 
   NS_SS1402  6 0.1317 0.1316 0.1845 0.2179 0.1100 0.2243 
   NS_SS1450  6 0.0930 0.2007 0.3007 0.1105 0.1982 0.0969 
   NS_SS1396  6 0.2101 0.1521 0.1226 0.1960 0.1867 0.1324 
   NS_SS1393  6 0.2642 0.1601 0.2035 0.1135 0.1342 0.1244 
   NS_SS1392  6 0.0926 0.3192 0.1367 0.1196 0.2281 0.1037 
   NS_SS1445  6 0.3484 0.0714 0.1810 0.1858 0.1276 0.0857 
   NS_SS1423  6 0.1027 0.1536 0.2074 0.3205 0.0702 0.1456 
   NS_SS1421  6 0.1347 0.1108 0.1674 0.2896 0.1510 0.1465 
   NS_SS1411  6 0.2744 0.1026 0.1646 0.0643 0.3231 0.0710 
   NS_SS1453  6 0.1227 0.0783 0.2382 0.3311 0.1279 0.1018 
   NS_SS1442  6 0.4012 0.1590 0.0734 0.0811 0.0913 0.1940 
   NS_SS1422  6 0.0861 0.1250 0.1959 0.1324 0.0945 0.3662 
   NS_SS1419  6 0.2789 0.1095 0.0838 0.0912 0.2069 0.2297 
   NS_SS1427  6 0.0893 0.1828 0.4475 0.1379 0.0752 0.0674 
   NS_SS1444  6 0.2866 0.2174 0.0948 0.0863 0.1920 0.1230 
   NS_SS1455  6 0.1413 0.3180 0.0702 0.1657 0.0686 0.2363 
   NS_SS1425  6 0.3343 0.0542 0.2489 0.1092 0.1153 0.1380 
   NS_SS1400  6 0.2810 0.1352 0.2070 0.0921 0.1324 0.1524 
   NS_SS1406  6 0.1590 0.1388 0.0480 0.2887 0.0851 0.2804 
   NS_SS1417  6 0.1370 0.1839 0.1547 0.1743 0.1647 0.1854 
   NS_SS1454  6 0.1948 0.1008 0.1820 0.3107 0.1469 0.0647 
   NS_SS1412  6 0.1230 0.1788 0.2338 0.1271 0.2123 0.1248 
   NS_SS1438  6 0.3115 0.0500 0.2226 0.0809 0.1767 0.1583 
   NS_SS1416  6 0.1500 0.1577 0.1458 0.1835 0.1742 0.1888 
   NS_SS1401  6 0.1666 0.1074 0.1557 0.3157 0.0984 0.1562 
   NS_SS1424  6 0.0957 0.0740 0.1705 0.2917 0.1857 0.1824 
   NS_SS1435  6 0.1832 0.2516 0.1486 0.1735 0.1721 0.0710 
   NS_SS1447  6 0.2491 0.1554 0.0780 0.1176 0.2343 0.1656 
   NS_SS1414  6 0.1893 0.2497 0.0671 0.1022 0.2699 0.1219 
   NS_SS1449  6 0.0795 0.1067 0.1796 0.2408 0.1695 0.2239 
   NS_SS1443  6 0.1220 0.1393 0.3332 0.0961 0.0631 0.2464 
   NS_SS1434  6 0.0852 0.3263 0.2442 0.0798 0.0666 0.1980 
   NS_SS1398  6 0.1446 0.3094 0.1426 0.1785 0.1276 0.0973 
   NS_SS1426  6 0.2950 0.1059 0.2274 0.1519 0.1122 0.1076 
   NS_SS1413  6 0.1285 0.2581 0.2545 0.1193 0.1035 0.1360 
   NS_SS1395  6 0.2882 0.0960 0.2084 0.1991 0.0762 0.1322 
   NS_SS1448  6 0.0996 0.1759 0.2529 0.1066 0.3105 0.0546 
   NS_SS1446  6 0.1430 0.0983 0.2864 0.1861 0.1338 0.1523 
   NS_SS1403  6 0.1968 0.1526 0.0842 0.3769 0.0986 0.0909 
   NS_SS1415  6 0.1762 0.1528 0.2654 0.1168 0.1716 0.1173 
   NS_SS1437  6 0.1701 0.1217 0.1064 0.3592 0.1435 0.0990 
   NS_SS1439  6 0.2305 0.1088 0.1251 0.1199 0.1057 0.3100 
   NS_SS1441  6 0.1924 0.2093 0.2499 0.1208 0.0654 0.1620 
   NS_SS1420  6 0.0793 0.1279 0.1161 0.0532 0.5468 0.0766 
   NS_SS1394  6 0.2590 0.1933 0.0667 0.1684 0.2289 0.0837 
   NS_SS1391  6 0.1512 0.3181 0.2290 0.1451 0.0685 0.0882 
   NS_SS1410  6 0.1592 0.1408 0.2041 0.2494 0.1125 0.1340 
   NS_SS1408  6 0.1624 0.0954 0.1089 0.2715 0.1670 0.1947 
   NS_SS1409  6 0.1179 0.2974 0.2136 0.1184 0.0643 0.1884 
   HI_SS0617  7 0.0507 0.1820 0.3336 0.0861 0.1442 0.2033 
   HI_SS0618  7 0.2382 0.2544 0.0952 0.0978 0.1468 0.1676 
   HI_SS0619  7 0.1280 0.3141 0.2191 0.1197 0.1346 0.0845 
   HI_SS0620  7 0.1218 0.0739 0.3621 0.0447 0.2958 0.1018 
   HI_SS0621  7 0.1129 0.1538 0.1274 0.2238 0.1818 0.2003 
   HI_SS0622  7 0.0865 0.1471 0.1831 0.1246 0.2280 0.2306 
   HI_SS0626  7 0.2316 0.1061 0.1062 0.1566 0.3387 0.0607 
   HI_SS0627  7 0.1963 0.1746 0.0740 0.3692 0.1032 0.0826 
   HI_SS0628  7 0.1648 0.1257 0.2539 0.2445 0.1415 0.0697 
   HI_SS0629  7 0.2444 0.0952 0.1760 0.2126 0.1436 0.1282 
   HI_SS0630  7 0.1981 0.1617 0.2120 0.0825 0.2118 0.1340 
   HI_SS0631  7 0.1800 0.0996 0.2074 0.1501 0.2461 0.1168 
   HI_SS0632  7 0.2313 0.1040 0.1083 0.1236 0.2867 0.1462 
   HI_SS0633  7 0.1379 0.4098 0.1573 0.0729 0.0731 0.1490 
   HI_SS0634  7 0.1042 0.1006 0.1861 0.2443 0.2468 0.1180 
   HI_SS0635  7 0.2404 0.2115 0.0738 0.1426 0.2066 0.1251 
   HI_SS0637  7 0.1935 0.0612 0.1263 0.1607 0.2457 0.2127 
   HI_SS0638  7 0.1387 0.2316 0.1538 0.1581 0.1793 0.1385 
   HI_SS0639  7 0.1523 0.1724 0.0985 0.1516 0.2383 0.1869 
   HI_SS0640  7 0.3166 0.1796 0.0905 0.0938 0.1089 0.2107 
   HI_SS0641  7 0.2360 0.1067 0.2359 0.0788 0.2543 0.0883 
   HI_SS0642  7 0.0927 0.1030 0.0819 0.4525 0.1075 0.1625 
   HI_SS0645  7 0.1104 0.2603 0.0663 0.0701 0.3441 0.1488 
   HI_SS0646  7 0.0739 0.2206 0.2064 0.1532 0.0915 0.2543 
   HI_SS0647  7 0.1011 0.2625 0.1434 0.2275 0.1479 0.1176 
   HI_SS0648  7 0.1313 0.1903 0.1550 0.1317 0.1751 0.2165 
   HI_SS0649  7 0.3001 0.2063 0.1312 0.1112 0.0897 0.1616 
   HI_SS0650  7 0.1439 0.3668 0.1155 0.1399 0.1068 0.1271 
   HI_SS0651  7 0.1809 0.1988 0.1340 0.1086 0.1236 0.2540 
   HI_SS0652  7 0.1394 0.2103 0.0893 0.0703 0.4179 0.0728 
   NS_SS1371  7 0.1505 0.1327 0.2461 0.2204 0.0665 0.1838 
   NS_SS1374  7 0.1035 0.1068 0.2595 0.2680 0.2009 0.0613 
   NS_SS1337  7 0.0488 0.1001 0.0917 0.2679 0.3921 0.0995 
   NS_SS1385  7 0.1334 0.2285 0.1404 0.1440 0.1004 0.2532 
   NS_SS1388  7 0.2976 0.3059 0.1288 0.1330 0.0755 0.0593 
   NS_SS1370  7 0.0856 0.0459 0.0634 0.1095 0.5840 0.1118 
   NS_SS1389  7 0.2293 0.3224 0.0990 0.1409 0.1542 0.0542 
   NS_SS1360  7 0.3775 0.0893 0.1376 0.0973 0.1600 0.1382 
   NS_SS1330  7 0.1216 0.2075 0.0768 0.0946 0.2498 0.2497 
   NS_SS1328  7 0.0814 0.2743 0.2905 0.1568 0.0694 0.1276 
   NS_SS1384  7 0.2727 0.0651 0.1270 0.1745 0.1442 0.2165 
   NS_SS1381  7 0.0946 0.3950 0.0780 0.1005 0.1045 0.2274 
   NS_SS1375  7 0.0950 0.3784 0.1554 0.1363 0.1630 0.0718 
   NS_SS1319  7 0.1081 0.1327 0.1882 0.2571 0.1815 0.1324 
   NS_SS1326  7 0.1683 0.2349 0.3246 0.1275 0.0772 0.0676 
   NS_SS1341  7 0.2978 0.0552 0.1479 0.2884 0.0824 0.1283 
   NS_SS1383  7 0.1264 0.0555 0.1336 0.4127 0.1898 0.0821 
   NS_SS1318  7 0.1648 0.1770 0.1502 0.0762 0.2483 0.1836 
   NS_SS1348  7 0.2851 0.0632 0.2066 0.1523 0.1410 0.1518 
   NS_SS1363  7 0.0996 0.1493 0.1027 0.1682 0.2478 0.2323 
   NS_SS1335  7 0.2002 0.0594 0.1663 0.1508 0.1987 0.2246 
   NS_SS1358  7 0.1300 0.0745 0.1642 0.2089 0.1234 0.2990 
   NS_SS1342  7 0.0828 0.0697 0.2305 0.3296 0.0586 0.2288 
   NS_SS1320  7 0.0621 0.4810 0.0514 0.0950 0.0591 0.2514 
   NS_SS1355  7 0.2646 0.1789 0.0873 0.1041 0.1346 0.2305 
   NS_SS1345  7 0.1286 0.0947 0.0562 0.0706 0.1309 0.5189 
   NS_SS1324  7 0.2464 0.1135 0.2251 0.1542 0.1322 0.1286 
   NS_SS1347  7 0.1404 0.1139 0.1295 0.2037 0.1286 0.2839 
   NS_SS1321  7 0.0806 0.0769 0.2723 0.2906 0.1957 0.0840 
   NS_SS1333  7 0.0922 0.1131 0.2984 0.3321 0.1078 0.0563 
   NS_SS1364  7 0.4169 0.0942 0.0900 0.1310 0.0766 0.1913 
   NS_SS1379  7 0.2560 0.2395 0.0897 0.1108 0.1094 0.1947 
   NS_SS1332  7 0.2173 0.1470 0.3004 0.1733 0.0768 0.0854 
   NS_SS1338  7 0.3953 0.0875 0.1066 0.1118 0.1796 0.1192 
   NS_SS1368  7 0.1294 0.1232 0.2484 0.2341 0.0864 0.1785 
   NS_SS1354  7 0.1262 0.1575 0.1186 0.2001 0.1435 0.2542 
   NS_SS1365  7 0.1163 0.1992 0.1326 0.1632 0.2284 0.1602 
   NS_SS1380  7 0.1423 0.1664 0.0866 0.1419 0.2474 0.2153 
   NS_SS1329  7 0.1209 0.0898 0.1940 0.3540 0.0573 0.1841 
   NS_SS1362  7 0.2008 0.1711 0.1260 0.2347 0.0944 0.1728 
   NS_SS1327  7 0.2763 0.0873 0.3756 0.1096 0.1011 0.0501 
   NS_SS1350  7 0.0615 0.2763 0.3075 0.1113 0.0937 0.1497 
   NS_SS1387  7 0.3627 0.1613 0.1014 0.0967 0.1896 0.0882 
   NS_SS1369  7 0.1097 0.0756 0.2418 0.1263 0.2065 0.2401 
   NS_SS1331  7 0.1030 0.1709 0.1658 0.2293 0.2599 0.0711 
   NS_SS1357  7 0.0725 0.3083 0.2923 0.1622 0.0544 0.1104 
   NS_SS1386  7 0.1222 0.0587 0.3053 0.3028 0.0664 0.1447 
   NS_SS1353  7 0.1217 0.3191 0.1584 0.2005 0.0980 0.1023 
   NS_SS1323  7 0.0984 0.1833 0.0955 0.2721 0.1412 0.2095 
   HI_SS0296  8 0.1714 0.1057 0.2405 0.0681 0.2783 0.1360 
   HI_SS0297  8 0.0811 0.2065 0.1285 0.4035 0.0939 0.0866 
   HI_SS0299  8 0.2044 0.1015 0.1180 0.1475 0.2009 0.2277 
   HI_SS0300  8 0.3081 0.1201 0.1003 0.0681 0.2038 0.1995 
   HI_SS0301  8 0.3540 0.0527 0.0501 0.1801 0.2788 0.0844 
   HI_SS0302  8 0.2613 0.0800 0.1834 0.0682 0.2947 0.1124 
   HI_SS0303  8 0.2396 0.2642 0.2460 0.0808 0.0650 0.1045 
   HI_SS0304  8 0.1042 0.2899 0.1586 0.1696 0.2159 0.0617 
   HI_SS0306  8 0.1521 0.0977 0.2803 0.1016 0.2734 0.0950 
   HI_SS0307  8 0.1309 0.1946 0.1241 0.1444 0.1918 0.2143 
   HI_SS0308  8 0.2876 0.0826 0.0786 0.2016 0.1192 0.2305 
   HI_SS0309  8 0.1108 0.0666 0.1022 0.1100 0.2219 0.3886 
   HI_SS0310  8 0.2642 0.3011 0.1200 0.0961 0.1166 0.1020 
   HI_SS0311  8 0.1236 0.0863 0.1407 0.1747 0.3256 0.1491 
   HI_SS0314  8 0.0974 0.3728 0.1924 0.1637 0.0693 0.1043 
   HI_SS0316  8 0.2715 0.1633 0.1875 0.1424 0.1095 0.1259 
   HI_SS0317  8 0.1420 0.0821 0.1042 0.2894 0.2289 0.1535 
   HI_SS0318  8 0.3438 0.0612 0.1856 0.2351 0.1013 0.0729 
   HI_SS0319  8 0.2425 0.0764 0.3755 0.0790 0.0526 0.1739 
   HI_SS0320  8 0.0918 0.2479 0.0835 0.4115 0.1106 0.0548 
   HI_SS0321  8 0.2355 0.0798 0.1567 0.2646 0.1038 0.1597 
   HI_SS0323  8 0.2436 0.1250 0.2375 0.0881 0.2087 0.0971 
   HI_SS0325  8 0.1103 0.0806 0.2551 0.1059 0.3439 0.1042 
   HI_SS0327  8 0.0786 0.1248 0.3325 0.1297 0.0491 0.2854 
   HI_SS0329  8 0.1838 0.2035 0.1000 0.2123 0.2126 0.0878 
   HI_SS0333  8 0.2834 0.1727 0.1293 0.1840 0.1061 0.1244 
   HI_SS0334  8 0.2822 0.0802 0.1847 0.1491 0.1295 0.1743 
   HI_SS0335  8 0.1477 0.1108 0.0826 0.1553 0.1520 0.3515 
   HI_SS0339  8 0.3440 0.1526 0.0643 0.1118 0.1486 0.1787 
   HI_SS0343  8 0.0923 0.1354 0.1188 0.2444 0.0987 0.3103 
   HI_SS0344  8 0.1734 0.0666 0.4208 0.1324 0.1038 0.1029 
   HI_SS0345  8 0.1726 0.1080 0.0965 0.2189 0.2429 0.1610 
   HI_SS0346  8 0.1414 0.0816 0.1786 0.3456 0.1806 0.0722 
   HI_SS0350  8 0.1485 0.1761 0.0469 0.0626 0.1509 0.4150 
   HI_SS0351  8 0.2160 0.0862 0.0868 0.1705 0.1166 0.3239 
   HI_SS0352  8 0.1385 0.1420 0.1220 0.2237 0.1421 0.2318 
   HI_SS0362  8 0.1677 0.1306 0.1477 0.0929 0.3626 0.0984 
   HI_SS0363  8 0.1452 0.1116 0.3252 0.0934 0.0909 0.2337 
   HI_SS0365  8 0.1393 0.1453 0.2471 0.0940 0.0821 0.2922 
   HI_SS0366  8 0.0986 0.0752 0.3698 0.0857 0.1926 0.1781 
   HI_SS0367  8 0.1334 0.3055 0.1119 0.1761 0.1190 0.1541 
   HI_SS0369  8 0.2048 0.2044 0.0894 0.1398 0.2151 0.1466 
   HI_SS0370  8 0.1186 0.2571 0.1628 0.1998 0.0703 0.1914 
   HI_SS0371  8 0.2511 0.0990 0.2650 0.1305 0.1726 0.0817 
   HI_SS0373  8 0.1433 0.2543 0.1891 0.1037 0.1570 0.1526 
   HI_SS0374  8 0.1995 0.2517 0.0951 0.1776 0.1190 0.1572 
   HI_SS0377  8 0.1307 0.0624 0.1269 0.1407 0.1995 0.3397 
   HI_SS0379  8 0.2327 0.0585 0.3702 0.1879 0.0741 0.0765 
   HI_SS0380  8 0.1348 0.1995 0.1154 0.1657 0.1543 0.2303 
   HI_SS0381  8 0.2301 0.0903 0.0687 0.1841 0.1934 0.2335 
   HI_SS0384  8 0.0724 0.2298 0.2790 0.2213 0.1401 0.0574 
   HI_SS0385  8 0.2820 0.2641 0.1295 0.1323 0.1416 0.0505 
