   NS_SS0963  1 0.2847 0.3354 0.3798 
   NS_SS0983  1 0.6159 0.2006 0.1835 
   NS_SS0719  1 0.3776 0.3648 0.2576 
   NS_SS1001  1 0.1548 0.3862 0.4590 
   NS_SS0936  1 0.2255 0.1935 0.5810 
   NS_SS0955  1 0.4517 0.2968 0.2515 
   NS_SS0944  1 0.3198 0.3171 0.3632 
   NS_SS0945  1 0.3245 0.2467 0.4288 
   NS_SS0922  1 0.1530 0.3695 0.4774 
   NS_SS0929  1 0.4414 0.2888 0.2698 
   NS_SS0956  1 0.1383 0.5907 0.2710 
   NS_SS0906  1 0.3961 0.3082 0.2957 
   NS_SS0721  1 0.2580 0.5468 0.1953 
   NS_SS0982  1 0.2601 0.4374 0.3024 
   NS_SS0923  1 0.2609 0.3947 0.3444 
   NS_SS0905  1 0.3182 0.4001 0.2817 
   NS_SS0925  1 0.1503 0.3715 0.4782 
   NS_SS0947  1 0.2109 0.2666 0.5225 
   NS_SS0926  1 0.5972 0.2535 0.1493 
   NS_SS0918  1 0.1639 0.5365 0.2996 
   NS_SS0966  1 0.2622 0.3750 0.3628 
   NS_SS0938  1 0.2040 0.2344 0.5616 
   NS_SS0917  1 0.5053 0.2205 0.2742 
   NS_SS0957  1 0.2461 0.5372 0.2167 
   NS_SS0987  1 0.2112 0.6563 0.1325 
   NS_SS0717  1 0.1569 0.4233 0.4198 
   NS_SS0986  1 0.3366 0.4969 0.1666 
   NS_SS0953  1 0.1538 0.3516 0.4945 
   NS_SS0907  1 0.3304 0.3194 0.3502 
   NS_SS0974  1 0.3348 0.2100 0.4553 
   NS_SS0989  1 0.5753 0.1460 0.2788 
   NS_SS0991  1 0.3932 0.4557 0.1512 
   NS_SS0994  1 0.6749 0.1071 0.2180 
   NS_SS0931  1 0.4573 0.3863 0.1565 
   NS_SS1000  1 0.1869 0.2699 0.5432 
   NS_SS0919  1 0.4962 0.2585 0.2453 
   NS_SS0949  1 0.5380 0.1925 0.2695 
   NS_SS0960  1 0.4351 0.3765 0.1884 
   NS_SS0716  1 0.1353 0.6079 0.2569 
   NS_SS0924  1 0.4110 0.3680 0.2209 
   NS_SS0935  1 0.4609 0.3749 0.1643 
   NS_SS0952  1 0.5312 0.2416 0.2272 
   NS_SS0962  1 0.2134 0.4085 0.3781 
   NS_SS0973  1 0.3142 0.2991 0.3868 
   NS_SS0722  1 0.1162 0.1921 0.6918 
   NS_SS0979  1 0.1980 0.5442 0.2578 
   NS_SS0993  1 0.1683 0.3227 0.5090 
   NS_SS0958  1 0.4779 0.2839 0.2382 
   NS_SS0988  1 0.4265 0.3730 0.2005 
   NS_SS1003  1 0.1653 0.6097 0.2250 
   NS_SS0976  1 0.4701 0.2735 0.2563 
   NS_SS0964  1 0.1274 0.3969 0.4758 
   NS_SS0939  1 0.1300 0.5002 0.3698 
   NS_SS0990  1 0.3828 0.3300 0.2872 
   NS_SS0984  1 0.1285 0.3460 0.5255 
   NS_SS0980  1 0.1900 0.1611 0.6489 
   NS_SS0978  1 0.2582 0.2093 0.5325 
   NS_SS0951  1 0.3303 0.5251 0.1446 
   NS_SS0913  1 0.1823 0.5021 0.3155 
   NS_SS1002  1 0.2157 0.3103 0.4741 
   NS_SS0948  1 0.3476 0.3985 0.2539 
   NS_SS0916  1 0.3635 0.1980 0.4384 
   NS_SS0995  1 0.2396 0.3362 0.4242 
   NS_SS0927  1 0.4748 0.1729 0.3523 
   NS_SS0992  1 0.3365 0.1455 0.5180 
   NS_SS0912  1 0.3135 0.5467 0.1399 
   NS_SS0981  1 0.2330 0.5399 0.2271 
   NS_SS0729  2 0.5468 0.1030 0.3502 
   NS_SS0967  2 0.2830 0.3588 0.3582 
   NS_SS0941  2 0.2313 0.2502 0.5186 
   NS_SS0768  2 0.2321 0.4993 0.2685 
   NS_SS0726  2 0.4517 0.1178 0.4305 
   NS_SS0763  2 0.5028 0.1929 0.3043 
   NS_SS0730  2 0.1968 0.4130 0.3902 
   NS_SS0774  2 0.1657 0.2124 0.6219 
   NS_SS0723  2 0.1579 0.3405 0.5016 
   NS_SS0940  2 0.3749 0.2771 0.3480 
   NS_SS0762  2 0.0979 0.3406 0.5614 
   NS_SS0766  2 0.2844 0.3100 0.4057 
   NS_SS0724  2 0.1686 0.5202 0.3112 
   NS_SS0769  2 0.3381 0.3731 0.2887 
   NS_SS0777  2 0.4039 0.3926 0.2034 
   NS_SS0734  2 0.3276 0.3897 0.2827 
   NS_SS0737  2 0.1199 0.2054 0.6747 
   NS_SS0732  2 0.1745 0.6128 0.2128 
   NS_SS0728  2 0.2245 0.2750 0.5005 
   NS_SS0735  2 0.1729 0.3010 0.5261 
   NS_SS0725  2 0.1911 0.2866 0.5223 
   NS_SS0788  2 0.3807 0.2933 0.3259 
   NS_SS0778  2 0.4512 0.3316 0.2172 
   NS_SS0792  2 0.3439 0.3978 0.2584 
   NS_SS0943  2 0.4244 0.3382 0.2373 
   NS_SS0791  2 0.3596 0.3172 0.3233 
   NS_SS0790  2 0.0887 0.6075 0.3038 
   NS_SS0731  2 0.1783 0.5887 0.2330 
   NS_SS0727  2 0.3750 0.1201 0.5049 
   NS_SS0779  2 0.3181 0.3695 0.3124 
   NS_SS0776  2 0.2601 0.2947 0.4452 
   NS_SS0775  2 0.1365 0.3324 0.5312 
   NS_SS0965  3 0.2127 0.5469 0.2404 
   NS_SS0754  3 0.4124 0.3826 0.2051 
   NS_SS0838  3 0.3504 0.2642 0.3853 
   NS_SS0839  3 0.1303 0.3913 0.4785 
   NS_SS0832  3 0.1058 0.4823 0.4119 
   NS_SS0820  3 0.1642 0.6029 0.2328 
   NS_SS0886  3 0.4116 0.3604 0.2280 
   NS_SS0748  3 0.3982 0.3579 0.2440 
   NS_SS0884  3 0.3323 0.2919 0.3757 
   NS_SS0752  3 0.2524 0.2261 0.5215 
   NS_SS0862  3 0.1341 0.6148 0.2511 
   NS_SS0787  3 0.6805 0.1872 0.1323 
   NS_SS0843  3 0.2861 0.3324 0.3816 
   NS_SS0856  3 0.2857 0.2536 0.4606 
   NS_SS0846  3 0.4219 0.1694 0.4086 
   NS_SS0825  3 0.3699 0.3683 0.2619 
   NS_SS0757  3 0.3759 0.3649 0.2592 
   NS_SS0876  3 0.2248 0.3295 0.4456 
   NS_SS0903  3 0.1658 0.2036 0.6305 
   NS_SS0875  3 0.2775 0.4741 0.2484 
   NS_SS0740  3 0.2883 0.3250 0.3867 
   NS_SS0811  3 0.1122 0.7015 0.1864 
   NS_SS0751  3 0.2628 0.3211 0.4161 
   NS_SS0891  3 0.2642 0.3203 0.4155 
   NS_SS0867  3 0.3974 0.3217 0.2809 
   NS_SS0890  3 0.3182 0.3184 0.3635 
   NS_SS0866  3 0.6253 0.1524 0.2223 
   NS_SS0755  3 0.2806 0.4618 0.2576 
   NS_SS0758  3 0.2744 0.2408 0.4848 
   NS_SS0840  3 0.1423 0.4407 0.4170 
   NS_SS0889  3 0.4693 0.3763 0.1544 
   NS_SS1010  3 0.3364 0.3946 0.2690 
   NS_SS0888  3 0.5397 0.1783 0.2820 
   NS_SS0837  3 0.1625 0.5826 0.2548 
   NS_SS0794  3 0.4060 0.2194 0.3746 
   NS_SS0823  3 0.1487 0.2704 0.5809 
   NS_SS0829  3 0.5598 0.3233 0.1169 
   NS_SS0844  3 0.1514 0.4677 0.3810 
   NS_SS1008  3 0.3807 0.2471 0.3722 
   NS_SS0881  3 0.4117 0.3561 0.2322 
   NS_SS0834  3 0.1641 0.2157 0.6202 
   NS_SS0744  3 0.3535 0.2842 0.3623 
   NS_SS0899  3 0.1282 0.6584 0.2134 
   NS_SS0804  3 0.1306 0.5122 0.3572 
   NS_SS0781  3 0.1639 0.4014 0.4347 
   NS_SS0822  3 0.3120 0.2242 0.4638 
   NS_SS1004  3 0.2662 0.3624 0.3714 
   NS_SS0746  3 0.3055 0.2720 0.4225 
   NS_SS0880  3 0.2487 0.3038 0.4476 
   NS_SS0879  3 0.1967 0.3491 0.4542 
   NS_SS0753  3 0.4013 0.4163 0.1824 
   NS_SS1007  3 0.2883 0.1822 0.5296 
   NS_SS0872  3 0.2026 0.3451 0.4522 
   NS_SS1005  3 0.2441 0.2944 0.4615 
   NS_SS0892  3 0.3183 0.3319 0.3498 
   NS_SS0898  3 0.3726 0.3570 0.2704 
   NS_SS0801  3 0.2554 0.5241 0.2205 
   NS_SS0827  3 0.3384 0.5557 0.1060 
   NS_SS0853  3 0.2854 0.5811 0.1335 
   NS_SS0780  3 0.2051 0.4232 0.3717 
   NS_SS0826  3 0.3581 0.3889 0.2530 
   NS_SS0818  3 0.1286 0.4311 0.4403 
   NS_SS0745  3 0.1044 0.4968 0.3988 
   NS_SS0849  3 0.2288 0.6514 0.1198 
   NS_SS0739  3 0.3312 0.3862 0.2826 
   NS_SS0799  3 0.3910 0.2429 0.3661 
   NS_SS0756  3 0.1499 0.5142 0.3359 
   NS_SS0802  3 0.4422 0.1868 0.3710 
   NS_SS0747  3 0.3318 0.2772 0.3910 
   NS_SS0835  3 0.6604 0.1218 0.2178 
   NS_SS0742  3 0.2948 0.3402 0.3650 
   NS_SS0760  3 0.5464 0.2124 0.2412 
   NS_SS0803  3 0.1318 0.2591 0.6091 
   NS_SS0828  3 0.2811 0.5073 0.2115 
   NS_SS0865  3 0.3490 0.4386 0.2124 
   NS_SS0759  3 0.1469 0.4517 0.4014 
   NS_SS0851  3 0.1369 0.6939 0.1691 
   NS_SS0874  3 0.2099 0.3349 0.4552 
   NS_SS0761  3 0.4931 0.3480 0.1589 
   NS_SS0842  3 0.4147 0.2935 0.2918 
   NS_SS0785  3 0.4004 0.2868 0.3128 
   NS_SS0860  3 0.6633 0.1599 0.1768 
   NS_SS0897  3 0.6230 0.2120 0.1650 
   NS_SS0841  3 0.1354 0.5375 0.3271 
   NS_SS0797  3 0.3985 0.4488 0.1527 
   NS_SS0830  3 0.3121 0.4473 0.2406 
   NS_SS1011  3 0.1977 0.4298 0.3725 
   NS_SS0883  3 0.3607 0.4365 0.2028 
   NS_SS0782  3 0.2767 0.2190 0.5042 
   NS_SS0831  3 0.4768 0.3862 0.1370 
   NS_SS0749  3 0.3133 0.3804 0.3063 
   NS_SS0854  3 0.3158 0.2091 0.4751 
   HI_SS0193  4 0.3906 0.2746 0.3348 
   HI_SS0194  4 0.2108 0.2130 0.5762 
   HI_SS0195  4 0.1368 0.5884 0.2748 
   HI_SS0196  4 0.2803 0.1940 0.5257 
   HI_SS0197  4 0.3421 0.2285 0.4294 
   HI_SS0198  4 0.3807 0.4061 0.2132 
   HI_SS0199  4 0.3831 0.1592 0.4577 
   HI_SS0201  4 0.6084 0.2551 0.1365 
   HI_SS0215  4 0.5868 0.2744 0.1388 
   HI_SS0218  4 0.5787 0.2176 0.2036 
   HI_SS0222  4 0.2735 0.3929 0.3336 
   HI_SS0230  4 0.3005 0.5087 0.1909 
   HI_SS0234  4 0.2915 0.1212 0.5873 
   HI_SS0240  4 0.2224 0.2214 0.5562 
   HI_SS0241  4 0.5307 0.2558 0.2136 
   HI_SS0242  4 0.3307 0.3242 0.3451 
   HI_SS0247  4 0.2796 0.4116 0.3088 
   HI_SS0248  4 0.4511 0.1211 0.4278 
   HI_SS0252  4 0.1692 0.3196 0.5113 
   HI_SS0254  4 0.4457 0.2677 0.2866 
   HI_SS0256  4 0.0735 0.4115 0.5149 
   HI_SS0257  4 0.5230 0.1201 0.3569 
   HI_SS0258  4 0.4576 0.3164 0.2260 
   HI_SS0259  4 0.2490 0.2643 0.4867 
   HI_SS0260  4 0.5086 0.1733 0.3181 
   HI_SS0261  4 0.4146 0.1894 0.3960 
   HI_SS0262  4 0.2464 0.4570 0.2966 
   HI_SS0264  4 0.2425 0.5358 0.2217 
   HI_SS0265  4 0.2961 0.4529 0.2510 
   HI_SS0268  4 0.3861 0.4018 0.2121 
   HI_SS0269  4 0.6701 0.0941 0.2358 
   HI_SS0273  4 0.4717 0.2905 0.2379 
   HI_SS0277  4 0.3453 0.3882 0.2664 
   HI_SS0280  4 0.2664 0.4718 0.2618 
   HI_SS0282  4 0.3909 0.2869 0.3222 
   HI_SS0286  4 0.3863 0.4183 0.1954 
   NS_SS1252  5 0.6522 0.1710 0.1769 
   NS_SS1261  5 0.3705 0.3137 0.3158 
   NS_SS1225  5 0.4564 0.2938 0.2498 
   NS_SS1266  5 0.1382 0.4297 0.4321 
   NS_SS1228  5 0.1960 0.6031 0.2009 
   NS_SS1255  5 0.2055 0.1552 0.6393 
   NS_SS1267  5 0.7142 0.1594 0.1264 
   NS_SS1238  5 0.3369 0.4299 0.2332 
   NS_SS1233  5 0.1769 0.5796 0.2436 
   NS_SS1277  5 0.4257 0.2163 0.3580 
   NS_SS1245  5 0.3827 0.1896 0.4277 
   NS_SS1240  5 0.7346 0.1158 0.1496 
   NS_SS1275  5 0.1410 0.4383 0.4207 
   NS_SS1235  5 0.2373 0.1126 0.6502 
   NS_SS1263  5 0.1609 0.3080 0.5311 
   NS_SS1251  5 0.2387 0.3211 0.4402 
   NS_SS1248  5 0.1899 0.7210 0.0891 
   NS_SS1244  5 0.3593 0.3289 0.3118 
   NS_SS1257  5 0.5074 0.2453 0.2473 
   NS_SS1242  5 0.1746 0.3404 0.4850 
   NS_SS1271  5 0.6705 0.1585 0.1709 
   NS_SS1265  5 0.5441 0.2529 0.2031 
   NS_SS1243  5 0.1763 0.4889 0.3348 
   NS_SS1273  5 0.1401 0.4204 0.4395 
   NS_SS1254  5 0.1936 0.4036 0.4028 
   NS_SS1224  5 0.1524 0.5296 0.3180 
   NS_SS1227  5 0.5775 0.1469 0.2756 
   NS_SS1274  5 0.4211 0.2843 0.2946 
   NS_SS1241  5 0.4298 0.2584 0.3118 
   NS_SS1256  5 0.4149 0.2314 0.3537 
   NS_SS1260  5 0.5507 0.1830 0.2663 
   NS_SS1262  5 0.4065 0.3858 0.2077 
   NS_SS1230  5 0.3698 0.3254 0.3048 
   NS_SS1270  5 0.1863 0.6221 0.1916 
   NS_SS1229  5 0.1888 0.0969 0.7143 
   NS_SS1246  5 0.5574 0.1276 0.3150 
   NS_SS1269  5 0.2449 0.4137 0.3414 
   NS_SS1239  5 0.1752 0.3701 0.4547 
   NS_SS1272  5 0.3829 0.3302 0.2869 
   NS_SS1268  5 0.1579 0.6248 0.2173 
   NS_SS1249  5 0.5671 0.1150 0.3179 
   HI_SS0559  6 0.2855 0.3775 0.3370 
   HI_SS0563  6 0.3241 0.3541 0.3217 
   HI_SS0564  6 0.2925 0.3379 0.3696 
   HI_SS0565  6 0.4919 0.2348 0.2734 
   HI_SS0569  6 0.5364 0.3252 0.1384 
   HI_SS0570  6 0.5735 0.2281 0.1984 
   HI_SS0572  6 0.1833 0.1721 0.6446 
   HI_SS0576  6 0.1813 0.5490 0.2697 
   HI_SS0579  6 0.3779 0.2422 0.3799 
   HI_SS0580  6 0.3865 0.2547 0.3588 
   HI_SS0581  6 0.1748 0.5346 0.2906 
   HI_SS0583  6 0.5349 0.1416 0.3235 
   HI_SS0586  6 0.6066 0.2893 0.1042 
   HI_SS0588  6 0.4286 0.2815 0.2898 
   HI_SS0595  6 0.5527 0.1823 0.2649 
   HI_SS0596  6 0.1342 0.2105 0.6554 
   HI_SS0597  6 0.2127 0.1811 0.6062 
   HI_SS0600  6 0.4671 0.2562 0.2767 
   HI_SS0601  6 0.4146 0.3957 0.1897 
   HI_SS0602  6 0.4091 0.4123 0.1786 
   HI_SS0604  6 0.2825 0.3866 0.3309 
   HI_SS0605  6 0.3513 0.3599 0.2888 
   HI_SS0608  6 0.3042 0.3878 0.3079 
   HI_SS0609  6 0.1962 0.3176 0.4862 
   HI_SS0611  6 0.5239 0.3244 0.1518 
   HI_SS0612  6 0.2909 0.1567 0.5525 
   HI_SS0613  6 0.2771 0.5701 0.1528 
   HI_SS0615  6 0.1279 0.3512 0.5209 
   HI_SS0001  6 0.3581 0.1709 0.4710 
   HI_SS0002  6 0.2015 0.3658 0.4327 
   HI_SS0004  6 0.4218 0.2673 0.3109 
   HI_SS0005  6 0.2132 0.6473 0.1395 
   HI_SS0006  6 0.4709 0.1990 0.3301 
   HI_SS0007  6 0.3466 0.4911 0.1623 
   HI_SS0008  6 0.3075 0.4138 0.2787 
   HI_SS0009  6 0.1312 0.4471 0.4217 
   HI_SS0010  6 0.3610 0.4592 0.1799 
   HI_SS0011  6 0.2358 0.5072 0.2570 
   HI_SS0012  6 0.2086 0.3476 0.4438 
   HI_SS0017  6 0.1569 0.2143 0.6289 
   HI_SS0021  6 0.5169 0.3167 0.1665 
   HI_SS0024  6 0.2216 0.4108 0.3676 
   HI_SS0025  6 0.1648 0.3739 0.4613 
   HI_SS0027  6 0.3986 0.3571 0.2443 
   HI_SS0028  6 0.1307 0.6850 0.1843 
   HI_SS0029  6 0.3186 0.3145 0.3670 
   HI_SS0030  6 0.3819 0.2699 0.3481 
   HI_SS0031  6 0.3351 0.2325 0.4324 
   HI_SS0034  6 0.4966 0.1474 0.3560 
   HI_SS0036  6 0.5859 0.2683 0.1458 
   HI_SS0037  6 0.5707 0.3006 0.1287 
   HI_SS0039  6 0.3917 0.4796 0.1288 
   HI_SS0041  6 0.1783 0.4962 0.3255 
   HI_SS0042  6 0.1822 0.3712 0.4466 
   HI_SS0043  6 0.6843 0.1902 0.1255 
   HI_SS0044  6 0.3703 0.1737 0.4560 
   HI_SS0047  6 0.1817 0.3737 0.4446 
   HI_SS0049  6 0.1914 0.2699 0.5386 
   HI_SS0051  6 0.2306 0.5647 0.2047 
   HI_SS0053  6 0.6242 0.1534 0.2224 
   HI_SS0054  6 0.5116 0.3224 0.1660 
   HI_SS0057  6 0.2226 0.5385 0.2390 
   HI_SS0058  6 0.4199 0.2908 0.2893 
   HI_SS0060  6 0.2640 0.5289 0.2070 
   HI_SS0087  6 0.4127 0.2229 0.3645 
   HI_SS0091  6 0.7002 0.1050 0.1948 
   HI_SS0095  6 0.3723 0.2724 0.3553 
   HI_SS0097  6 0.2701 0.3471 0.3828 
   HI_SS0099  6 0.2450 0.4024 0.3526 
   HI_SS0103  6 0.2833 0.1792 0.5375 
   HI_SS0105  6 0.3630 0.4012 0.2358 
   HI_SS0107  6 0.1347 0.1546 0.7107 
   HI_SS0108  6 0.6934 0.1521 0.1545 
   HI_SS0110  6 0.4078 0.1626 0.4296 
   HI_SS0111  6 0.3130 0.3790 0.3081 
   HI_SS0112  6 0.6766 0.1537 0.1697 
   HI_SS0113  6 0.1682 0.3355 0.4964 
   HI_SS0114  6 0.4520 0.4015 0.1465 
   HI_SS0115  6 0.2553 0.2587 0.4860 
   HI_SS0116  6 0.5023 0.1232 0.3746 
   HI_SS0117  6 0.4927 0.2172 0.2901 
   HI_SS0118  6 0.5208 0.1936 0.2856 
   HI_SS0119  6 0.4889 0.2641 0.2470 
   HI_SS0120  6 0.1603 0.1880 0.6517 
   HI_SS0121  6 0.1630 0.6821 0.1549 
   HI_SS0122  6 0.3615 0.3892 0.2493 
   HI_SS0123  6 0.3292 0.2026 0.4682 
   HI_SS0124  6 0.1198 0.3432 0.5370 
   HI_SS0125  6 0.1437 0.4976 0.3587 
   HI_SS0126  6 0.5366 0.1589 0.3045 
   HI_SS0127  6 0.2292 0.6285 0.1423 
   HI_SS0128  6 0.2658 0.2002 0.5339 
   HI_SS0129  6 0.4483 0.2240 0.3277 
   HI_SS0131  6 0.3933 0.4921 0.1146 
   HI_SS0132  6 0.3313 0.4178 0.2509 
   HI_SS0133  6 0.6896 0.1584 0.1520 
   HI_SS0134  6 0.3676 0.2506 0.3819 
   HI_SS0142  6 0.3065 0.4077 0.2858 
   HI_SS0145  6 0.3185 0.2093 0.4722 
   HI_SS0146  6 0.4180 0.3158 0.2662 
   HI_SS0147  6 0.1660 0.5938 0.2403 
   HI_SS0149  6 0.4329 0.3245 0.2426 
   HI_SS0150  6 0.1580 0.5288 0.3132 
   HI_SS0151  6 0.2699 0.2050 0.5251 
   NS_SS1451  6 0.1309 0.4514 0.4177 
   NS_SS1404  6 0.2234 0.5705 0.2060 
   NS_SS1432  6 0.2312 0.3091 0.4597 
   NS_SS1405  6 0.2618 0.3118 0.4263 
   NS_SS1431  6 0.1728 0.3422 0.4850 
   NS_SS1402  6 0.4332 0.1901 0.3766 
   NS_SS1450  6 0.3921 0.2253 0.3826 
   NS_SS1396  6 0.3148 0.3901 0.2950 
   NS_SS1393  6 0.4382 0.2803 0.2815 
   NS_SS1392  6 0.1804 0.3494 0.4701 
   NS_SS1445  6 0.5407 0.3121 0.1472 
   NS_SS1423  6 0.4285 0.1764 0.3951 
   NS_SS1421  6 0.4314 0.2567 0.3119 
   NS_SS1411  6 0.3900 0.4526 0.1575 
   NS_SS1453  6 0.5131 0.2681 0.2188 
   NS_SS1442  6 0.2784 0.3829 0.3387 
   NS_SS1422  6 0.2699 0.1863 0.5438 
   NS_SS1419  6 0.2274 0.5505 0.2221 
   NS_SS1427  6 0.5751 0.1053 0.3196 
   NS_SS1444  6 0.2111 0.5468 0.2421 
   NS_SS1455  6 0.1600 0.2693 0.5707 
   NS_SS1425  6 0.6540 0.2067 0.1393 
   NS_SS1400  6 0.4599 0.3463 0.1938 
   NS_SS1406  6 0.1903 0.3785 0.4312 
   NS_SS1417  6 0.3962 0.3230 0.2808 
   NS_SS1454  6 0.4622 0.3646 0.1732 
   NS_SS1412  6 0.3991 0.3042 0.2967 
   NS_SS1438  6 0.5431 0.3150 0.1419 
   NS_SS1416  6 0.3224 0.3996 0.2780 
   NS_SS1401  6 0.4383 0.2375 0.3243 
   NS_SS1424  6 0.4259 0.2689 0.3052 
   NS_SS1435  6 0.2782 0.3869 0.3349 
   NS_SS1447  6 0.2117 0.4952 0.2932 
   NS_SS1414  6 0.1685 0.5791 0.2524 
   NS_SS1449  6 0.2594 0.2138 0.5268 
   NS_SS1443  6 0.4670 0.0998 0.4331 
   NS_SS1434  6 0.2227 0.1027 0.6746 
   NS_SS1398  6 0.2283 0.3412 0.4305 
   NS_SS1426  6 0.6090 0.2049 0.1862 
   NS_SS1413  6 0.4478 0.1940 0.3582 
   NS_SS1395  6 0.5352 0.1837 0.2810 
   NS_SS1448  6 0.3146 0.4388 0.2465 
   NS_SS1446  6 0.5349 0.1933 0.2718 
   NS_SS1403  6 0.3214 0.2987 0.3799 
   NS_SS1415  6 0.4703 0.2888 0.2409 
   NS_SS1437  6 0.2988 0.3962 0.3051 
   NS_SS1439  6 0.3240 0.2732 0.4028 
   NS_SS1441  6 0.4643 0.1793 0.3564 
   NS_SS1420  6 0.1331 0.6835 0.1834 
   NS_SS1394  6 0.1908 0.5755 0.2337 
   NS_SS1391  6 0.3916 0.1323 0.4761 
   NS_SS1410  6 0.4406 0.2366 0.3228 
   NS_SS1408  6 0.2655 0.4054 0.3291 
   NS_SS1409  6 0.3526 0.1247 0.5227 
   HI_SS0617  7 0.3787 0.1791 0.4421 
   HI_SS0618  7 0.2096 0.3955 0.3949 
   HI_SS0619  7 0.2994 0.3301 0.3705 
   HI_SS0620  7 0.5283 0.2792 0.1925 
   HI_SS0621  7 0.2265 0.3534 0.4200 
   HI_SS0622  7 0.2578 0.4054 0.3368 
   HI_SS0626  7 0.2689 0.5997 0.1314 
   HI_SS0627  7 0.2795 0.2995 0.4210 
   HI_SS0628  7 0.4774 0.3126 0.2099 
   HI_SS0629  7 0.4300 0.3813 0.1887 
   HI_SS0630  7 0.3761 0.3189 0.3049 
   HI_SS0631  7 0.3734 0.4197 0.2069 
   HI_SS0632  7 0.2723 0.5100 0.2177 
   HI_SS0633  7 0.1863 0.2040 0.6096 
   HI_SS0634  7 0.3175 0.4111 0.2714 
   HI_SS0635  7 0.1986 0.5311 0.2702 
   HI_SS0637  7 0.3298 0.4479 0.2223 
   HI_SS0638  7 0.2889 0.3370 0.3741 
   HI_SS0639  7 0.1950 0.4591 0.3458 
   HI_SS0640  7 0.2662 0.3624 0.3714 
   HI_SS0641  7 0.4486 0.4388 0.1126 
   HI_SS0642  7 0.2677 0.3238 0.4085 
   HI_SS0645  7 0.1129 0.6114 0.2757 
   HI_SS0646  7 0.2709 0.1687 0.5605 
   HI_SS0647  7 0.2562 0.3088 0.4351 
   HI_SS0648  7 0.2776 0.3857 0.3367 
   HI_SS0649  7 0.3694 0.2693 0.3614 
   HI_SS0650  7 0.1668 0.1929 0.6403 
   HI_SS0651  7 0.3030 0.2983 0.3987 
   HI_SS0652  7 0.1614 0.5810 0.2576 
   NS_SS1371  7 0.4831 0.1497 0.3672 
   NS_SS1374  7 0.5115 0.3122 0.1763 
   NS_SS1337  7 0.1569 0.5262 0.3169 
   NS_SS1385  7 0.2791 0.1919 0.5291 
   NS_SS1388  7 0.3497 0.3331 0.3172 
   NS_SS1370  7 0.1160 0.7616 0.1224 
   NS_SS1389  7 0.2224 0.4550 0.3226 
   NS_SS1360  7 0.3894 0.4363 0.1743 
   NS_SS1330  7 0.1509 0.4913 0.3578 
   NS_SS1328  7 0.3887 0.1164 0.4949 
   NS_SS1384  7 0.4193 0.3358 0.2449 
   NS_SS1381  7 0.1083 0.1787 0.7130 
   NS_SS1375  7 0.2028 0.3790 0.4182 
   NS_SS1319  7 0.3143 0.3499 0.3358 
   NS_SS1326  7 0.5358 0.1700 0.2942 
   NS_SS1341  7 0.5176 0.2719 0.2104 
   NS_SS1383  7 0.3569 0.4166 0.2265 
   NS_SS1318  7 0.2350 0.4347 0.3302 
   NS_SS1348  7 0.6079 0.2171 0.1749 
   NS_SS1363  7 0.2100 0.4552 0.3348 
   NS_SS1335  7 0.4195 0.4083 0.1722 
   NS_SS1358  7 0.4437 0.2479 0.3084 
   NS_SS1342  7 0.5099 0.1524 0.3377 
   NS_SS1320  7 0.0729 0.1652 0.7619 
   NS_SS1355  7 0.2178 0.3778 0.4044 
   NS_SS1345  7 0.1407 0.3771 0.4822 
   NS_SS1324  7 0.4592 0.3140 0.2268 
   NS_SS1347  7 0.3544 0.2697 0.3759 
   NS_SS1321  7 0.5095 0.2850 0.2055 
   NS_SS1333  7 0.5725 0.2299 0.1976 
   NS_SS1364  7 0.4787 0.2429 0.2783 
   NS_SS1379  7 0.2531 0.2643 0.4825 
   NS_SS1332  7 0.5907 0.2490 0.1603 
   NS_SS1338  7 0.4494 0.4008 0.1498 
   NS_SS1368  7 0.5396 0.2119 0.2485 
   NS_SS1354  7 0.3178 0.3436 0.3386 
   NS_SS1365  7 0.2044 0.4516 0.3440 
   NS_SS1380  7 0.1741 0.5177 0.3082 
   NS_SS1329  7 0.5143 0.1521 0.3336 
   NS_SS1362  7 0.3317 0.2508 0.4175 
   NS_SS1327  7 0.7627 0.1206 0.1167 
   NS_SS1350  7 0.3163 0.1025 0.5812 
   NS_SS1387  7 0.2590 0.5718 0.1692 
   NS_SS1369  7 0.4485 0.3049 0.2466 
   NS_SS1331  7 0.3191 0.4624 0.2185 
   NS_SS1357  7 0.2953 0.1078 0.5969 
   NS_SS1386  7 0.7240 0.1281 0.1480 
   NS_SS1353  7 0.2464 0.2076 0.5460 
   NS_SS1323  7 0.1741 0.3433 0.4826 
   HI_SS0296  8 0.3854 0.3541 0.2604 
   HI_SS0297  8 0.2616 0.2579 0.4805 
   HI_SS0299  8 0.3706 0.3410 0.2884 
   HI_SS0300  8 0.2984 0.3946 0.3070 
   HI_SS0301  8 0.2358 0.6556 0.1087 
   HI_SS0302  8 0.3529 0.4944 0.1527 
   HI_SS0303  8 0.4772 0.1467 0.3761 
   HI_SS0304  8 0.2279 0.4335 0.3386 
   HI_SS0306  8 0.4662 0.3556 0.1782 
   HI_SS0307  8 0.2005 0.3952 0.4043 
   HI_SS0308  8 0.2665 0.4843 0.2492 
   HI_SS0309  8 0.2495 0.3913 0.3592 
   HI_SS0310  8 0.2647 0.3603 0.3751 
   HI_SS0311  8 0.2702 0.5330 0.1968 
   HI_SS0314  8 0.2771 0.2285 0.4943 
   HI_SS0316  8 0.4286 0.2756 0.2957 
   HI_SS0317  8 0.3189 0.4313 0.2498 
   HI_SS0318  8 0.6168 0.2252 0.1580 
   HI_SS0319  8 0.6915 0.1143 0.1942 
   HI_SS0320  8 0.2241 0.4126 0.3633 
   HI_SS0321  8 0.4689 0.2025 0.3286 
   HI_SS0323  8 0.4625 0.3390 0.1985 
   HI_SS0325  8 0.3884 0.4579 0.1538 
   HI_SS0327  8 0.4433 0.0849 0.4718 
   HI_SS0329  8 0.2434 0.4795 0.2771 
   HI_SS0333  8 0.3585 0.3049 0.3366 
   HI_SS0334  8 0.5442 0.2344 0.2215 
   HI_SS0335  8 0.1758 0.3825 0.4417 
   HI_SS0339  8 0.1951 0.4863 0.3186 
   HI_SS0343  8 0.2124 0.2395 0.5481 
   HI_SS0344  8 0.7375 0.1145 0.1480 
   HI_SS0345  8 0.2753 0.4911 0.2335 
   HI_SS0346  8 0.4285 0.3616 0.2099 
   HI_SS0350  8 0.1151 0.4659 0.4190 
   HI_SS0351  8 0.3537 0.2929 0.3534 
   HI_SS0352  8 0.2201 0.3319 0.4480 
   HI_SS0362  8 0.2361 0.5914 0.1726 
   HI_SS0363  8 0.4929 0.1500 0.3571 
   HI_SS0365  8 0.4639 0.1526 0.3835 
   HI_SS0366  8 0.6106 0.1772 0.2122 
   HI_SS0367  8 0.2000 0.3800 0.4200 
   HI_SS0369  8 0.1598 0.4815 0.3587 
   HI_SS0370  8 0.2712 0.1180 0.6109 
   HI_SS0371  8 0.4870 0.3545 0.1585 
   HI_SS0373  8 0.2915 0.3346 0.3739 
   HI_SS0374  8 0.2392 0.3394 0.4213 
   HI_SS0377  8 0.4002 0.3700 0.2298 
   HI_SS0379  8 0.7816 0.1156 0.1027 
   HI_SS0380  8 0.2358 0.3437 0.4204 
   HI_SS0381  8 0.1863 0.5081 0.3056 
   HI_SS0384  8 0.4330 0.2167 0.3503 
   HI_SS0385  8 0.3453 0.4518 0.2029 
