

----------------------------------------------------
STRUCTURE by Pritchard, Stephens and Donnelly (2000)
     and Falush, Stephens and Pritchard (2003)
       Code by Pritchard, Falush and Hubisz
             Version 2.3.4 (Jul 2012)
----------------------------------------------------



Command line arguments:   /home/genobiwan/Documents/Programs/Structure/structure -m parameter_job_k6_r6 
Input File:    /media/genobiwan/Storage/Projets/Mackerel_NWA_2021/data_job_k6_r6

Run parameters:
   557 individuals
   3930 loci
   6 populations assumed
   100000 Burn-in period
   200000 Reps


--------------------------------------------
Proportion of membership of each pre-defined
 population in each of the 6 clusters

Given    Inferred Clusters                            Number of
 Pop       1      2      3      4      5      6      Individuals

  1:     0.183  0.161  0.146  0.173  0.160  0.178       67
  2:     0.155  0.202  0.155  0.145  0.177  0.166       32
  3:     0.166  0.154  0.155  0.154  0.183  0.188       92
  4:     0.143  0.150  0.194  0.192  0.161  0.160       36
  5:     0.156  0.154  0.180  0.161  0.168  0.181       41
  6:     0.170  0.164  0.173  0.175  0.161  0.157      158
  7:     0.167  0.171  0.165  0.171  0.167  0.159       79
  8:     0.186  0.148  0.171  0.163  0.164  0.168       52
--------------------------------------------

Allele-freq. divergence among pops (Net nucleotide distance),
computed using point estimates of P.

      1       2       3       4       5       6      
 1      -    0.0049  0.0042  0.0033  0.0031  0.0030  
 2   0.0049     -    0.0059  0.0047  0.0048  0.0046  
 3   0.0042  0.0059     -    0.0046  0.0051  0.0047  
 4   0.0033  0.0047  0.0046     -    0.0038  0.0033  
 5   0.0031  0.0048  0.0051  0.0038     -    0.0037  
 6   0.0030  0.0046  0.0047  0.0033  0.0037     -    

Average distances (expected heterozygosity) between individuals in same cluster:
cluster  1  : 0.3128 
cluster  2  : 0.3106 
cluster  3  : 0.3098 
cluster  4  : 0.3117 
cluster  5  : 0.3098 
cluster  6  : 0.3116 

--------------------------------------------
Estimated Ln Prob of Data   = -2070729.0
Mean value of ln likelihood = -2060685.3
Variance of ln likelihood   = 20087.5
Mean value of alpha         = 1.6981

Mean value of Fst_1         = 0.0411
Mean value of Fst_2         = 0.0532
Mean value of Fst_3         = 0.0515
Mean value of Fst_4         = 0.0407
Mean value of Fst_5         = 0.0442
Mean value of Fst_6         = 0.0426


Inferred ancestry of individuals:
        Label (%Miss) Pop:  Inferred clusters
  1 NS_SS0963    (4)    1 :  0.149 0.092 0.086 0.243 0.176 0.254 
  2 NS_SS0983    (1)    1 :  0.485 0.047 0.177 0.102 0.079 0.110 
  3 NS_SS0719    (8)    1 :  0.111 0.126 0.172 0.211 0.227 0.152 
  4 NS_SS1001    (8)    1 :  0.116 0.320 0.108 0.080 0.210 0.166 
  5 NS_SS0936    (4)    1 :  0.094 0.206 0.129 0.235 0.085 0.252 
  6 NS_SS0955    (5)    1 :  0.209 0.062 0.170 0.159 0.185 0.215 
  7 NS_SS0944    (3)    1 :  0.119 0.128 0.197 0.095 0.185 0.277 
  8 NS_SS0945    (3)    1 :  0.228 0.294 0.155 0.130 0.094 0.099 
  9 NS_SS0922    (2)    1 :  0.069 0.293 0.120 0.164 0.197 0.157 
 10 NS_SS0929    (7)    1 :  0.198 0.084 0.217 0.184 0.118 0.198 
 11 NS_SS0956    (2)    1 :  0.105 0.191 0.103 0.098 0.388 0.114 
 12 NS_SS0906    (3)    1 :  0.198 0.101 0.156 0.158 0.116 0.272 
 13 NS_SS0721    (6)    1 :  0.247 0.088 0.092 0.138 0.333 0.103 
 14 NS_SS0982    (4)    1 :  0.191 0.123 0.088 0.197 0.192 0.209 
 15 NS_SS0923    (5)    1 :  0.179 0.219 0.127 0.150 0.138 0.187 
 16 NS_SS0905    (6)    1 :  0.348 0.164 0.127 0.084 0.102 0.174 
 17 NS_SS0925    (3)    1 :  0.169 0.127 0.082 0.119 0.170 0.333 
 18 NS_SS0947    (5)    1 :  0.086 0.188 0.129 0.182 0.128 0.286 
 19 NS_SS0926    (2)    1 :  0.199 0.074 0.246 0.306 0.093 0.081 
 20 NS_SS0918    (6)    1 :  0.266 0.127 0.059 0.159 0.156 0.233 
 21 NS_SS0966    (4)    1 :  0.189 0.152 0.099 0.199 0.109 0.252 
 22 NS_SS0938    (2)    1 :  0.069 0.218 0.121 0.391 0.115 0.087 
 23 NS_SS0917    (2)    1 :  0.108 0.156 0.273 0.213 0.134 0.117 
 24 NS_SS0957   (11)    1 :  0.151 0.128 0.147 0.140 0.294 0.140 
 25 NS_SS0987    (1)    1 :  0.266 0.108 0.089 0.105 0.336 0.097 
 26 NS_SS0717    (4)    1 :  0.218 0.308 0.079 0.068 0.173 0.155 
 27 NS_SS0986    (2)    1 :  0.290 0.125 0.116 0.167 0.212 0.090 
 28 NS_SS0953    (4)    1 :  0.158 0.189 0.085 0.063 0.142 0.362 
 29 NS_SS0907    (3)    1 :  0.281 0.100 0.109 0.112 0.082 0.316 
 30 NS_SS0974    (6)    1 :  0.129 0.177 0.183 0.127 0.083 0.301 
 31 NS_SS0989    (1)    1 :  0.094 0.094 0.331 0.274 0.106 0.101 
 32 NS_SS0991    (2)    1 :  0.428 0.056 0.094 0.069 0.199 0.154 
 33 NS_SS0994    (2)    1 :  0.166 0.162 0.411 0.104 0.066 0.090 
 34 NS_SS0931    (6)    1 :  0.321 0.072 0.185 0.181 0.143 0.098 
 35 NS_SS1000    (5)    1 :  0.102 0.313 0.113 0.174 0.099 0.200 
 36 NS_SS0919    (1)    1 :  0.295 0.068 0.118 0.279 0.066 0.174 
 37 NS_SS0949    (3)    1 :  0.138 0.093 0.243 0.202 0.168 0.156 
 38 NS_SS0960   (10)    1 :  0.155 0.075 0.210 0.121 0.176 0.263 
 39 NS_SS0716    (2)    1 :  0.180 0.360 0.080 0.097 0.232 0.051 
 40 NS_SS0924    (8)    1 :  0.229 0.074 0.171 0.168 0.163 0.194 
 41 NS_SS0935    (1)    1 :  0.293 0.092 0.222 0.069 0.187 0.137 
 42 NS_SS0952   (13)    1 :  0.266 0.090 0.208 0.141 0.082 0.214 
 43 NS_SS0962   (10)    1 :  0.153 0.212 0.069 0.335 0.140 0.090 
 44 NS_SS0973    (5)    1 :  0.142 0.080 0.118 0.098 0.141 0.422 
 45 NS_SS0722    (1)    1 :  0.123 0.421 0.086 0.068 0.088 0.213 
 46 NS_SS0979   (13)    1 :  0.214 0.160 0.079 0.188 0.231 0.128 
 47 NS_SS0993    (2)    1 :  0.185 0.182 0.075 0.151 0.153 0.254 
 48 NS_SS0958    (1)    1 :  0.191 0.175 0.246 0.149 0.115 0.124 
 49 NS_SS0988    (4)    1 :  0.221 0.084 0.111 0.311 0.112 0.161 
 50 NS_SS1003    (2)    1 :  0.079 0.059 0.055 0.415 0.273 0.118 
 51 NS_SS0976    (0)    1 :  0.192 0.070 0.209 0.268 0.130 0.130 
 52 NS_SS0964   (10)    1 :  0.103 0.362 0.097 0.071 0.217 0.150 
 53 NS_SS0939    (4)    1 :  0.090 0.365 0.077 0.159 0.265 0.043 
 54 NS_SS0990    (6)    1 :  0.140 0.219 0.173 0.272 0.138 0.058 
 55 NS_SS0984    (2)    1 :  0.122 0.343 0.089 0.202 0.114 0.129 
 56 NS_SS0980    (9)    1 :  0.069 0.162 0.122 0.086 0.078 0.484 
 57 NS_SS0978    (4)    1 :  0.087 0.236 0.160 0.156 0.105 0.256 
 58 NS_SS0951   (17)    1 :  0.346 0.084 0.119 0.069 0.248 0.134 
 59 NS_SS0913    (3)    1 :  0.119 0.259 0.124 0.112 0.277 0.109 
 60 NS_SS1002    (1)    1 :  0.092 0.100 0.069 0.480 0.073 0.186 
 61 NS_SS0948    (1)    1 :  0.268 0.110 0.149 0.191 0.128 0.154 
 62 NS_SS0916    (4)    1 :  0.071 0.150 0.286 0.194 0.134 0.165 
 63 NS_SS0995    (1)    1 :  0.118 0.180 0.168 0.149 0.171 0.214 
 64 NS_SS0927    (6)    1 :  0.226 0.166 0.236 0.173 0.075 0.125 
 65 NS_SS0992    (5)    1 :  0.054 0.168 0.253 0.214 0.092 0.220 
 66 NS_SS0912    (1)    1 :  0.278 0.087 0.117 0.170 0.267 0.080 
 67 NS_SS0981    (1)    1 :  0.253 0.100 0.069 0.249 0.190 0.139 
 68 NS_SS0729    (5)    2 :  0.126 0.084 0.367 0.107 0.061 0.255 
 69 NS_SS0967   (14)    2 :  0.155 0.115 0.079 0.252 0.107 0.291 
 70 NS_SS0941    (7)    2 :  0.109 0.261 0.152 0.178 0.159 0.140 
 71 NS_SS0768   (12)    2 :  0.173 0.138 0.102 0.150 0.298 0.138 
 72 NS_SS0726    (4)    2 :  0.071 0.102 0.293 0.241 0.080 0.213 
 73 NS_SS0763    (4)    2 :  0.158 0.184 0.272 0.123 0.113 0.150 
 74 NS_SS0730    (6)    2 :  0.139 0.233 0.101 0.228 0.159 0.141 
 75 NS_SS0774    (1)    2 :  0.073 0.301 0.108 0.147 0.090 0.281 
 76 NS_SS0723    (3)    2 :  0.143 0.167 0.055 0.213 0.143 0.279 
 77 NS_SS0940    (9)    2 :  0.162 0.212 0.201 0.188 0.146 0.091 
 78 NS_SS0762    (1)    2 :  0.087 0.396 0.090 0.073 0.155 0.199 
 79 NS_SS0766   (11)    2 :  0.157 0.309 0.188 0.096 0.167 0.083 
 80 NS_SS0724    (1)    2 :  0.238 0.162 0.080 0.101 0.240 0.179 
 81 NS_SS0769    (3)    2 :  0.195 0.185 0.119 0.223 0.153 0.125 
 82 NS_SS0777    (2)    2 :  0.418 0.094 0.120 0.148 0.126 0.093 
 83 NS_SS0734    (6)    2 :  0.128 0.171 0.200 0.123 0.261 0.117 
 84 NS_SS0737    (3)    2 :  0.081 0.430 0.103 0.122 0.120 0.145 
 85 NS_SS0732    (5)    2 :  0.228 0.109 0.078 0.081 0.319 0.185 
 86 NS_SS0728    (5)    2 :  0.157 0.216 0.164 0.128 0.201 0.134 
 87 NS_SS0735    (9)    2 :  0.153 0.254 0.109 0.063 0.203 0.219 
 88 NS_SS0725    (1)    2 :  0.076 0.324 0.115 0.188 0.200 0.097 
 89 NS_SS0788    (2)    2 :  0.132 0.100 0.120 0.327 0.134 0.187 
 90 NS_SS0778    (2)    2 :  0.251 0.074 0.142 0.224 0.148 0.161 
 91 NS_SS0792    (6)    2 :  0.122 0.093 0.240 0.088 0.262 0.194 
 92 NS_SS0943   (11)    2 :  0.128 0.063 0.245 0.077 0.209 0.278 
 93 NS_SS0791    (2)    2 :  0.120 0.121 0.292 0.108 0.243 0.115 
 94 NS_SS0790    (5)    2 :  0.112 0.202 0.045 0.083 0.327 0.231 
 95 NS_SS0731    (6)    2 :  0.217 0.217 0.062 0.100 0.306 0.098 
 96 NS_SS0727    (6)    2 :  0.085 0.287 0.337 0.059 0.098 0.135 
 97 NS_SS0779   (12)    2 :  0.342 0.147 0.093 0.153 0.135 0.130 
 98 NS_SS0776    (3)    2 :  0.138 0.309 0.171 0.153 0.136 0.093 
 99 NS_SS0775    (5)    2 :  0.074 0.388 0.122 0.105 0.171 0.140 
100 NS_SS0965    (3)    3 :  0.229 0.081 0.081 0.176 0.253 0.180 
101 NS_SS0754   (13)    3 :  0.122 0.077 0.264 0.113 0.291 0.134 
102 NS_SS0838    (5)    3 :  0.206 0.192 0.155 0.204 0.116 0.128 
103 NS_SS0839    (3)    3 :  0.089 0.268 0.105 0.184 0.191 0.163 
104 NS_SS0832    (4)    3 :  0.151 0.170 0.045 0.139 0.199 0.296 
105 NS_SS0820    (4)    3 :  0.171 0.128 0.058 0.241 0.258 0.143 
106 NS_SS0886    (9)    3 :  0.178 0.119 0.221 0.159 0.208 0.115 
107 NS_SS0748    (5)    3 :  0.313 0.092 0.138 0.152 0.133 0.172 
108 NS_SS0884    (9)    3 :  0.133 0.149 0.190 0.133 0.158 0.237 
109 NS_SS0752    (3)    3 :  0.095 0.233 0.156 0.152 0.118 0.247 
110 NS_SS0862    (1)    3 :  0.140 0.084 0.064 0.092 0.366 0.255 
111 NS_SS0787    (9)    3 :  0.166 0.092 0.356 0.119 0.130 0.136 
112 NS_SS0843    (6)    3 :  0.236 0.145 0.121 0.098 0.167 0.232 
113 NS_SS0856    (4)    3 :  0.107 0.292 0.173 0.185 0.123 0.120 
114 NS_SS0846    (2)    3 :  0.151 0.122 0.155 0.200 0.067 0.305 
115 NS_SS0825    (1)    3 :  0.133 0.069 0.101 0.347 0.238 0.111 
116 NS_SS0757    (3)    3 :  0.269 0.089 0.139 0.109 0.222 0.171 
117 NS_SS0876    (3)    3 :  0.145 0.229 0.138 0.115 0.187 0.186 
118 NS_SS0903    (9)    3 :  0.077 0.148 0.090 0.127 0.078 0.480 
119 NS_SS0875    (7)    3 :  0.229 0.218 0.115 0.196 0.151 0.090 
120 NS_SS0740    (5)    3 :  0.238 0.194 0.116 0.102 0.157 0.193 
121 NS_SS0811    (5)    3 :  0.171 0.200 0.074 0.094 0.356 0.106 
122 NS_SS0751    (1)    3 :  0.156 0.261 0.114 0.266 0.111 0.093 
123 NS_SS0891    (6)    3 :  0.097 0.262 0.153 0.216 0.153 0.120 
124 NS_SS0867    (2)    3 :  0.140 0.046 0.151 0.136 0.189 0.339 
125 NS_SS0890    (6)    3 :  0.227 0.163 0.138 0.154 0.112 0.204 
126 NS_SS0866   (11)    3 :  0.098 0.105 0.432 0.119 0.128 0.117 
127 NS_SS0755    (4)    3 :  0.094 0.132 0.140 0.144 0.272 0.219 
128 NS_SS0758    (4)    3 :  0.203 0.206 0.158 0.146 0.113 0.174 
129 NS_SS0840    (2)    3 :  0.106 0.169 0.060 0.246 0.179 0.240 
130 NS_SS0889    (4)    3 :  0.150 0.084 0.279 0.108 0.274 0.106 
131 NS_SS1010    (1)    3 :  0.154 0.137 0.112 0.270 0.133 0.194 
132 NS_SS0888    (5)    3 :  0.066 0.121 0.449 0.059 0.169 0.136 
133 NS_SS0837    (3)    3 :  0.122 0.098 0.066 0.094 0.327 0.293 
134 NS_SS0794    (9)    3 :  0.117 0.213 0.348 0.065 0.148 0.110 
135 NS_SS0823    (4)    3 :  0.144 0.225 0.080 0.156 0.123 0.272 
136 NS_SS0829    (7)    3 :  0.320 0.063 0.199 0.080 0.202 0.136 
137 NS_SS0844    (5)    3 :  0.114 0.062 0.061 0.097 0.147 0.518 
138 NS_SS1008    (5)    3 :  0.123 0.278 0.259 0.089 0.129 0.122 
139 NS_SS0881    (3)    3 :  0.114 0.123 0.203 0.334 0.136 0.090 
140 NS_SS0834    (6)    3 :  0.100 0.370 0.085 0.220 0.121 0.104 
141 NS_SS0744   (10)    3 :  0.108 0.089 0.178 0.196 0.192 0.237 
142 NS_SS0899    (7)    3 :  0.226 0.194 0.054 0.076 0.299 0.152 
143 NS_SS0804    (4)    3 :  0.173 0.160 0.049 0.168 0.238 0.213 
144 NS_SS0781   (10)    3 :  0.225 0.185 0.054 0.252 0.095 0.189 
145 NS_SS0822    (6)    3 :  0.198 0.196 0.177 0.072 0.147 0.209 
146 NS_SS1004    (4)    3 :  0.164 0.118 0.113 0.130 0.157 0.318 
147 NS_SS0746    (5)    3 :  0.260 0.155 0.129 0.140 0.095 0.221 
148 NS_SS0880    (3)    3 :  0.083 0.155 0.117 0.180 0.158 0.307 
149 NS_SS0879    (4)    3 :  0.077 0.243 0.147 0.107 0.224 0.202 
150 NS_SS0753    (2)    3 :  0.271 0.078 0.189 0.081 0.178 0.203 
151 NS_SS1007    (2)    3 :  0.105 0.280 0.166 0.243 0.072 0.134 
152 NS_SS0872    (5)    3 :  0.120 0.219 0.121 0.191 0.135 0.215 
153 NS_SS1005    (7)    3 :  0.199 0.181 0.066 0.177 0.097 0.280 
154 NS_SS0892    (6)    3 :  0.271 0.198 0.121 0.147 0.145 0.118 
155 NS_SS0898    (0)    3 :  0.171 0.126 0.221 0.140 0.175 0.166 
156 NS_SS0801    (9)    3 :  0.298 0.104 0.098 0.117 0.216 0.167 
157 NS_SS0827    (8)    3 :  0.380 0.107 0.121 0.121 0.172 0.100 
158 NS_SS0853    (6)    3 :  0.270 0.134 0.159 0.077 0.260 0.100 
159 NS_SS0780    (2)    3 :  0.195 0.168 0.090 0.216 0.184 0.147 
160 NS_SS0826   (10)    3 :  0.164 0.062 0.101 0.362 0.113 0.197 
161 NS_SS0818    (5)    3 :  0.118 0.226 0.064 0.216 0.174 0.201 
162 NS_SS0745    (1)    3 :  0.068 0.471 0.059 0.120 0.239 0.043 
163 NS_SS0849    (3)    3 :  0.215 0.085 0.062 0.139 0.399 0.098 
164 NS_SS0739    (3)    3 :  0.145 0.154 0.152 0.245 0.221 0.082 
165 NS_SS0799    (1)    3 :  0.226 0.144 0.234 0.060 0.133 0.202 
166 NS_SS0756    (2)    3 :  0.142 0.112 0.066 0.228 0.168 0.284 
167 NS_SS0802    (2)    3 :  0.205 0.145 0.159 0.259 0.076 0.155 
168 NS_SS0747    (6)    3 :  0.198 0.116 0.118 0.206 0.101 0.260 
169 NS_SS0835    (1)    3 :  0.187 0.092 0.334 0.154 0.070 0.163 
170 NS_SS0742   (18)    3 :  0.204 0.121 0.108 0.199 0.155 0.212 
171 NS_SS0760    (9)    3 :  0.199 0.129 0.294 0.132 0.105 0.141 
172 NS_SS0803    (4)    3 :  0.101 0.106 0.088 0.064 0.116 0.526 
173 NS_SS0828   (13)    3 :  0.230 0.143 0.140 0.111 0.245 0.131 
174 NS_SS0865    (2)    3 :  0.080 0.057 0.146 0.206 0.275 0.236 
175 NS_SS0759    (4)    3 :  0.169 0.271 0.069 0.140 0.197 0.154 
176 NS_SS0851    (5)    3 :  0.079 0.154 0.077 0.101 0.512 0.078 
177 NS_SS0874   (16)    3 :  0.243 0.159 0.058 0.086 0.093 0.360 
178 NS_SS0761    (6)    3 :  0.218 0.054 0.248 0.149 0.191 0.141 
179 NS_SS0842   (25)    3 :  0.152 0.198 0.212 0.123 0.133 0.181 
180 NS_SS0785    (6)    3 :  0.148 0.107 0.215 0.105 0.150 0.275 
181 NS_SS0860   (11)    3 :  0.193 0.094 0.326 0.127 0.090 0.170 
182 NS_SS0897    (7)    3 :  0.153 0.099 0.372 0.086 0.190 0.099 
183 NS_SS0841   (14)    3 :  0.151 0.235 0.070 0.103 0.297 0.145 
184 NS_SS0797    (6)    3 :  0.160 0.066 0.195 0.171 0.281 0.127 
185 NS_SS0830   (10)    3 :  0.138 0.108 0.156 0.212 0.238 0.149 
186 NS_SS1011    (5)    3 :  0.087 0.083 0.075 0.332 0.190 0.233 
187 NS_SS0883    (5)    3 :  0.204 0.086 0.193 0.089 0.249 0.180 
188 NS_SS0782    (2)    3 :  0.080 0.264 0.252 0.094 0.126 0.185 
189 NS_SS0831    (5)    3 :  0.163 0.073 0.278 0.078 0.301 0.107 
190 NS_SS0749    (7)    3 :  0.115 0.147 0.206 0.136 0.267 0.130 
191 NS_SS0854    (2)    3 :  0.107 0.218 0.224 0.091 0.148 0.212 
192 HI_SS0193    (0)    4 :  0.073 0.178 0.280 0.139 0.251 0.079 
193 HI_SS0194    (0)    4 :  0.112 0.346 0.109 0.242 0.088 0.102 
194 HI_SS0195    (9)    4 :  0.117 0.185 0.056 0.221 0.336 0.085 
195 HI_SS0196    (6)    4 :  0.124 0.293 0.193 0.112 0.121 0.158 
196 HI_SS0197    (3)    4 :  0.097 0.098 0.087 0.573 0.061 0.083 
197 HI_SS0198    (1)    4 :  0.178 0.101 0.179 0.135 0.266 0.141 
198 HI_SS0199    (1)    4 :  0.066 0.182 0.349 0.092 0.115 0.197 
199 HI_SS0201    (4)    4 :  0.251 0.042 0.262 0.106 0.183 0.156 
200 HI_SS0215    (1)    4 :  0.251 0.056 0.254 0.159 0.134 0.147 
201 HI_SS0218    (1)    4 :  0.054 0.118 0.479 0.057 0.212 0.080 
202 HI_SS0222    (0)    4 :  0.094 0.197 0.168 0.219 0.238 0.085 
203 HI_SS0230    (1)    4 :  0.308 0.129 0.073 0.283 0.105 0.102 
204 HI_SS0234    (1)    4 :  0.110 0.167 0.176 0.277 0.061 0.209 
205 HI_SS0240    (1)    4 :  0.071 0.269 0.204 0.122 0.140 0.194 
206 HI_SS0241    (0)    4 :  0.198 0.086 0.294 0.139 0.149 0.134 
207 HI_SS0242    (0)    4 :  0.114 0.108 0.215 0.127 0.212 0.225 
208 HI_SS0247    (0)    4 :  0.252 0.099 0.094 0.173 0.148 0.233 
209 HI_SS0248    (1)    4 :  0.210 0.220 0.272 0.051 0.062 0.184 
210 HI_SS0252    (2)    4 :  0.157 0.244 0.116 0.076 0.219 0.187 
211 HI_SS0254    (1)    4 :  0.189 0.093 0.140 0.331 0.077 0.169 
212 HI_SS0256    (0)    4 :  0.069 0.209 0.036 0.191 0.170 0.325 
213 HI_SS0257    (0)    4 :  0.147 0.077 0.278 0.182 0.053 0.262 
214 HI_SS0258    (1)    4 :  0.181 0.129 0.283 0.098 0.147 0.162 
215 HI_SS0259    (1)    4 :  0.087 0.212 0.112 0.322 0.168 0.099 
216 HI_SS0260    (1)    4 :  0.124 0.213 0.332 0.089 0.092 0.150 
217 HI_SS0261    (2)    4 :  0.135 0.145 0.188 0.281 0.073 0.178 
218 HI_SS0262    (0)    4 :  0.072 0.128 0.156 0.142 0.309 0.193 
219 HI_SS0264    (1)    4 :  0.240 0.214 0.075 0.250 0.139 0.083 
220 HI_SS0265    (0)    4 :  0.113 0.111 0.096 0.283 0.251 0.146 
221 HI_SS0268    (1)    4 :  0.208 0.185 0.144 0.269 0.144 0.050 
222 HI_SS0269    (1)    4 :  0.088 0.056 0.409 0.165 0.058 0.224 
223 HI_SS0273    (0)    4 :  0.082 0.079 0.274 0.160 0.148 0.257 
224 HI_SS0277    (1)    4 :  0.090 0.054 0.086 0.484 0.126 0.160 
225 HI_SS0280    (0)    4 :  0.091 0.194 0.170 0.134 0.322 0.089 
226 HI_SS0282    (1)    4 :  0.135 0.095 0.202 0.091 0.194 0.283 
227 HI_SS0286    (1)    4 :  0.259 0.077 0.148 0.143 0.235 0.137 
228 NS_SS1252    (3)    5 :  0.218 0.093 0.372 0.076 0.122 0.120 
229 NS_SS1261    (1)    5 :  0.242 0.116 0.121 0.225 0.128 0.168 
230 NS_SS1225    (9)    5 :  0.222 0.071 0.174 0.144 0.106 0.284 
231 NS_SS1266    (1)    5 :  0.103 0.122 0.062 0.113 0.178 0.422 
232 NS_SS1228    (0)    5 :  0.077 0.113 0.147 0.136 0.415 0.111 
233 NS_SS1255    (2)    5 :  0.054 0.417 0.173 0.083 0.081 0.192 
234 NS_SS1267    (3)    5 :  0.200 0.069 0.414 0.121 0.138 0.059 
235 NS_SS1238    (6)    5 :  0.141 0.139 0.132 0.303 0.207 0.078 
236 NS_SS1233    (8)    5 :  0.263 0.178 0.060 0.120 0.130 0.248 
237 NS_SS1277    (3)    5 :  0.081 0.222 0.355 0.099 0.153 0.089 
238 NS_SS1245    (1)    5 :  0.282 0.174 0.125 0.133 0.070 0.216 
239 NS_SS1240    (4)    5 :  0.319 0.085 0.322 0.144 0.052 0.078 
240 NS_SS1275    (2)    5 :  0.058 0.109 0.068 0.372 0.242 0.151 
241 NS_SS1235    (1)    5 :  0.091 0.243 0.145 0.167 0.051 0.302 
242 NS_SS1263    (1)    5 :  0.172 0.292 0.075 0.097 0.119 0.245 
243 NS_SS1251    (1)    5 :  0.196 0.179 0.077 0.164 0.098 0.286 
244 NS_SS1248    (0)    5 :  0.187 0.083 0.089 0.130 0.463 0.048 
245 NS_SS1244    (0)    5 :  0.086 0.052 0.153 0.367 0.155 0.185 
246 NS_SS1257    (0)    5 :  0.171 0.159 0.332 0.103 0.139 0.095 
247 NS_SS1242    (2)    5 :  0.117 0.321 0.079 0.143 0.156 0.184 
248 NS_SS1271    (6)    5 :  0.109 0.068 0.397 0.121 0.159 0.146 
249 NS_SS1265    (1)    5 :  0.276 0.120 0.232 0.178 0.102 0.092 
250 NS_SS1243    (0)    5 :  0.210 0.253 0.106 0.067 0.271 0.093 
251 NS_SS1273    (1)    5 :  0.087 0.364 0.094 0.156 0.150 0.148 
252 NS_SS1254   (14)    5 :  0.207 0.188 0.095 0.085 0.127 0.298 
253 NS_SS1224    (1)    5 :  0.087 0.143 0.092 0.113 0.298 0.266 
254 NS_SS1227    (8)    5 :  0.269 0.137 0.205 0.207 0.063 0.119 
255 NS_SS1274    (8)    5 :  0.172 0.159 0.228 0.112 0.167 0.162 
256 NS_SS1241    (1)    5 :  0.107 0.086 0.226 0.126 0.187 0.267 
257 NS_SS1256    (3)    5 :  0.153 0.106 0.173 0.222 0.088 0.257 
258 NS_SS1260    (8)    5 :  0.133 0.095 0.332 0.101 0.119 0.220 
259 NS_SS1262    (0)    5 :  0.137 0.063 0.197 0.186 0.193 0.225 
260 NS_SS1230    (0)    5 :  0.118 0.181 0.225 0.146 0.182 0.147 
261 NS_SS1270    (2)    5 :  0.176 0.080 0.076 0.141 0.331 0.196 
262 NS_SS1229    (2)    5 :  0.115 0.230 0.096 0.294 0.051 0.214 
263 NS_SS1246    (5)    5 :  0.140 0.113 0.234 0.280 0.089 0.144 
264 NS_SS1269    (0)    5 :  0.120 0.201 0.155 0.134 0.220 0.170 
265 NS_SS1239    (1)    5 :  0.080 0.195 0.116 0.091 0.306 0.211 
266 NS_SS1272    (4)    5 :  0.152 0.081 0.089 0.458 0.095 0.125 
267 NS_SS1268    (1)    5 :  0.185 0.110 0.075 0.062 0.376 0.191 
268 NS_SS1249    (0)    5 :  0.079 0.114 0.462 0.070 0.107 0.169 
269 HI_SS0559    (0)    6 :  0.160 0.199 0.180 0.060 0.239 0.162 
270 HI_SS0563    (1)    6 :  0.129 0.106 0.142 0.190 0.152 0.281 
271 HI_SS0564    (0)    6 :  0.166 0.131 0.102 0.241 0.193 0.166 
272 HI_SS0565    (0)    6 :  0.294 0.096 0.130 0.248 0.075 0.157 
273 HI_SS0569    (0)    6 :  0.426 0.046 0.128 0.115 0.087 0.198 
274 HI_SS0570    (0)    6 :  0.163 0.125 0.316 0.153 0.177 0.067 
275 HI_SS0572    (1)    6 :  0.132 0.317 0.103 0.131 0.083 0.234 
276 HI_SS0576    (0)    6 :  0.123 0.203 0.081 0.190 0.300 0.103 
277 HI_SS0579    (1)    6 :  0.239 0.095 0.146 0.072 0.081 0.368 
278 HI_SS0580    (1)    6 :  0.116 0.237 0.291 0.077 0.139 0.139 
279 HI_SS0581    (0)    6 :  0.119 0.106 0.067 0.347 0.288 0.073 
280 HI_SS0583    (1)    6 :  0.348 0.191 0.211 0.102 0.047 0.102 
281 HI_SS0586    (1)    6 :  0.359 0.100 0.260 0.097 0.129 0.055 
282 HI_SS0588    (1)    6 :  0.346 0.121 0.173 0.074 0.101 0.185 
283 HI_SS0595    (4)    6 :  0.101 0.120 0.250 0.334 0.067 0.129 
284 HI_SS0596    (0)    6 :  0.099 0.432 0.115 0.081 0.093 0.181 
285 HI_SS0597    (1)    6 :  0.179 0.283 0.101 0.223 0.073 0.141 
286 HI_SS0600    (0)    6 :  0.072 0.081 0.274 0.194 0.169 0.211 
287 HI_SS0601    (1)    6 :  0.248 0.038 0.093 0.197 0.155 0.269 
288 HI_SS0602    (1)    6 :  0.347 0.166 0.169 0.075 0.186 0.058 
289 HI_SS0604    (0)    6 :  0.352 0.185 0.085 0.077 0.173 0.128 
290 HI_SS0605    (1)    6 :  0.180 0.102 0.189 0.074 0.311 0.144 
291 HI_SS0608    (0)    6 :  0.225 0.282 0.128 0.131 0.157 0.076 
292 HI_SS0609    (0)    6 :  0.176 0.194 0.095 0.166 0.083 0.287 
293 HI_SS0611    (5)    6 :  0.252 0.098 0.251 0.076 0.251 0.074 
294 HI_SS0612    (1)    6 :  0.075 0.087 0.190 0.086 0.050 0.511 
295 HI_SS0613    (1)    6 :  0.152 0.112 0.133 0.081 0.395 0.127 
296 HI_SS0615    (0)    6 :  0.092 0.278 0.071 0.215 0.211 0.134 
297 HI_SS0001    (1)    6 :  0.078 0.244 0.270 0.184 0.101 0.123 
298 HI_SS0002    (1)    6 :  0.190 0.203 0.067 0.193 0.100 0.248 
299 HI_SS0004    (0)    6 :  0.156 0.236 0.271 0.106 0.150 0.082 
300 HI_SS0005    (1)    6 :  0.114 0.108 0.116 0.188 0.391 0.084 
301 HI_SS0006    (1)    6 :  0.187 0.088 0.205 0.175 0.083 0.262 
302 HI_SS0007    (1)    6 :  0.091 0.098 0.281 0.057 0.395 0.078 
303 HI_SS0008    (0)    6 :  0.284 0.104 0.076 0.235 0.153 0.148 
304 HI_SS0009    (0)    6 :  0.166 0.257 0.091 0.063 0.251 0.171 
305 HI_SS0010    (1)    6 :  0.253 0.118 0.170 0.160 0.178 0.121 
306 HI_SS0011    (1)    6 :  0.122 0.088 0.080 0.280 0.173 0.257 
307 HI_SS0012    (0)    6 :  0.182 0.126 0.063 0.267 0.137 0.226 
308 HI_SS0017    (1)    6 :  0.088 0.390 0.146 0.162 0.127 0.087 
309 HI_SS0021    (1)    6 :  0.261 0.147 0.183 0.239 0.091 0.078 
310 HI_SS0024    (1)    6 :  0.075 0.198 0.105 0.279 0.233 0.110 
311 HI_SS0025    (1)    6 :  0.111 0.344 0.107 0.083 0.198 0.157 
312 HI_SS0027    (0)    6 :  0.282 0.114 0.167 0.065 0.185 0.187 
313 HI_SS0028    (0)    6 :  0.145 0.178 0.045 0.327 0.234 0.070 
314 HI_SS0029    (1)    6 :  0.086 0.281 0.213 0.204 0.114 0.103 
315 HI_SS0030    (2)    6 :  0.096 0.127 0.192 0.163 0.208 0.214 
316 HI_SS0031    (0)    6 :  0.125 0.143 0.125 0.244 0.079 0.284 
317 HI_SS0034    (0)    6 :  0.169 0.107 0.288 0.079 0.107 0.249 
318 HI_SS0036    (0)    6 :  0.106 0.076 0.311 0.275 0.187 0.045 
319 HI_SS0037    (1)    6 :  0.303 0.115 0.233 0.076 0.186 0.087 
320 HI_SS0039    (0)    6 :  0.085 0.089 0.264 0.145 0.318 0.100 
321 HI_SS0041    (1)    6 :  0.102 0.211 0.105 0.155 0.356 0.071 
322 HI_SS0042    (1)    6 :  0.139 0.229 0.086 0.266 0.145 0.136 
323 HI_SS0043    (1)    6 :  0.226 0.053 0.302 0.216 0.121 0.083 
324 HI_SS0044    (1)    6 :  0.065 0.338 0.314 0.095 0.089 0.100 
325 HI_SS0047    (1)    6 :  0.172 0.224 0.111 0.134 0.202 0.157 
326 HI_SS0049    (0)    6 :  0.209 0.362 0.107 0.088 0.104 0.131 
327 HI_SS0051    (1)    6 :  0.182 0.072 0.096 0.075 0.361 0.215 
328 HI_SS0053    (1)    6 :  0.177 0.071 0.292 0.239 0.102 0.120 
329 HI_SS0054    (4)    6 :  0.265 0.047 0.173 0.110 0.180 0.226 
330 HI_SS0057    (0)    6 :  0.162 0.146 0.095 0.214 0.272 0.112 
331 HI_SS0058    (0)    6 :  0.245 0.181 0.222 0.079 0.116 0.157 
332 HI_SS0060    (0)    6 :  0.171 0.062 0.092 0.268 0.243 0.164 
333 HI_SS0087    (1)    6 :  0.283 0.122 0.110 0.230 0.094 0.161 
334 HI_SS0091    (0)    6 :  0.130 0.060 0.351 0.245 0.068 0.145 
335 HI_SS0095    (1)    6 :  0.137 0.094 0.194 0.224 0.153 0.198 
336 HI_SS0097    (3)    6 :  0.228 0.072 0.085 0.118 0.097 0.400 
337 HI_SS0099    (0)    6 :  0.222 0.334 0.129 0.112 0.116 0.087 
338 HI_SS0103    (0)    6 :  0.087 0.240 0.140 0.201 0.104 0.228 
339 HI_SS0105    (1)    6 :  0.160 0.066 0.103 0.297 0.174 0.201 
340 HI_SS0107    (1)    6 :  0.085 0.323 0.069 0.200 0.118 0.204 
341 HI_SS0108    (1)    6 :  0.159 0.074 0.425 0.104 0.120 0.117 
342 HI_SS0110    (0)    6 :  0.075 0.107 0.220 0.368 0.076 0.154 
343 HI_SS0111    (1)    6 :  0.174 0.128 0.166 0.257 0.149 0.125 
344 HI_SS0112    (0)    6 :  0.188 0.099 0.354 0.146 0.100 0.114 
345 HI_SS0113    (1)    6 :  0.117 0.302 0.084 0.262 0.111 0.124 
346 HI_SS0114    (1)    6 :  0.298 0.069 0.195 0.107 0.199 0.131 
347 HI_SS0115    (1)    6 :  0.175 0.256 0.169 0.050 0.123 0.228 
348 HI_SS0116    (4)    6 :  0.212 0.295 0.249 0.086 0.049 0.110 
349 HI_SS0117    (0)    6 :  0.137 0.077 0.213 0.295 0.060 0.218 
350 HI_SS0118    (0)    6 :  0.152 0.144 0.258 0.158 0.091 0.197 
351 HI_SS0119    (1)    6 :  0.123 0.050 0.182 0.285 0.126 0.233 
352 HI_SS0120    (1)    6 :  0.063 0.335 0.072 0.337 0.091 0.101 
353 HI_SS0121    (1)    6 :  0.134 0.067 0.055 0.424 0.203 0.117 
354 HI_SS0122    (2)    6 :  0.086 0.121 0.184 0.251 0.219 0.138 
355 HI_SS0123    (0)    6 :  0.112 0.128 0.142 0.249 0.081 0.288 
356 HI_SS0124    (1)    6 :  0.105 0.404 0.088 0.099 0.160 0.143 
357 HI_SS0125    (1)    6 :  0.151 0.214 0.089 0.208 0.197 0.141 
358 HI_SS0126    (0)    6 :  0.057 0.215 0.404 0.119 0.093 0.113 
359 HI_SS0127    (0)    6 :  0.264 0.090 0.090 0.094 0.333 0.128 
360 HI_SS0128    (0)    6 :  0.110 0.239 0.165 0.221 0.089 0.175 
361 HI_SS0129    (1)    6 :  0.156 0.157 0.265 0.156 0.184 0.082 
362 HI_SS0131    (2)    6 :  0.263 0.073 0.170 0.122 0.241 0.132 
363 HI_SS0132    (0)    6 :  0.112 0.087 0.179 0.287 0.139 0.196 
364 HI_SS0133    (1)    6 :  0.092 0.111 0.435 0.118 0.156 0.088 
365 HI_SS0134    (1)    6 :  0.196 0.135 0.169 0.135 0.113 0.252 
366 HI_SS0142    (3)    6 :  0.153 0.065 0.130 0.219 0.141 0.291 
367 HI_SS0145    (0)    6 :  0.177 0.157 0.175 0.102 0.096 0.293 
368 HI_SS0146    (1)    6 :  0.130 0.103 0.250 0.074 0.184 0.258 
369 HI_SS0147    (1)    6 :  0.080 0.099 0.094 0.126 0.407 0.194 
370 HI_SS0149    (1)    6 :  0.061 0.066 0.162 0.474 0.086 0.152 
371 HI_SS0150    (2)    6 :  0.162 0.231 0.085 0.166 0.257 0.100 
372 HI_SS0151    (0)    6 :  0.114 0.199 0.206 0.058 0.182 0.241 
373 NS_SS1451    (1)    6 :  0.074 0.264 0.098 0.171 0.259 0.135 
374 NS_SS1404    (0)    6 :  0.078 0.149 0.153 0.134 0.379 0.107 
375 NS_SS1432    (2)    6 :  0.082 0.298 0.081 0.383 0.093 0.063 
376 NS_SS1405    (4)    6 :  0.129 0.344 0.189 0.122 0.104 0.112 
377 NS_SS1431   (10)    6 :  0.104 0.251 0.076 0.337 0.133 0.099 
378 NS_SS1402    (3)    6 :  0.132 0.132 0.184 0.218 0.110 0.224 
379 NS_SS1450    (3)    6 :  0.093 0.201 0.301 0.110 0.198 0.097 
380 NS_SS1396    (0)    6 :  0.210 0.152 0.123 0.196 0.187 0.132 
381 NS_SS1393    (5)    6 :  0.264 0.160 0.203 0.114 0.134 0.124 
382 NS_SS1392   (10)    6 :  0.093 0.319 0.137 0.120 0.228 0.104 
383 NS_SS1445    (0)    6 :  0.348 0.071 0.181 0.186 0.128 0.086 
384 NS_SS1423    (0)    6 :  0.103 0.154 0.207 0.321 0.070 0.146 
385 NS_SS1421    (9)    6 :  0.135 0.111 0.167 0.290 0.151 0.146 
386 NS_SS1411    (6)    6 :  0.274 0.103 0.165 0.064 0.323 0.071 
387 NS_SS1453    (5)    6 :  0.123 0.078 0.238 0.331 0.128 0.102 
388 NS_SS1442    (2)    6 :  0.401 0.159 0.073 0.081 0.091 0.194 
389 NS_SS1422    (1)    6 :  0.086 0.125 0.196 0.132 0.095 0.366 
390 NS_SS1419    (1)    6 :  0.279 0.109 0.084 0.091 0.207 0.230 
391 NS_SS1427    (0)    6 :  0.089 0.183 0.447 0.138 0.075 0.067 
392 NS_SS1444    (3)    6 :  0.287 0.217 0.095 0.086 0.192 0.123 
393 NS_SS1455    (0)    6 :  0.141 0.318 0.070 0.166 0.069 0.236 
394 NS_SS1425    (2)    6 :  0.334 0.054 0.249 0.109 0.115 0.138 
395 NS_SS1400    (0)    6 :  0.281 0.135 0.207 0.092 0.132 0.152 
396 NS_SS1406    (1)    6 :  0.159 0.139 0.048 0.289 0.085 0.280 
397 NS_SS1417    (6)    6 :  0.137 0.184 0.155 0.174 0.165 0.185 
398 NS_SS1454    (2)    6 :  0.195 0.101 0.182 0.311 0.147 0.065 
399 NS_SS1412    (1)    6 :  0.123 0.179 0.234 0.127 0.212 0.125 
400 NS_SS1438    (1)    6 :  0.311 0.050 0.223 0.081 0.177 0.158 
401 NS_SS1416    (4)    6 :  0.150 0.158 0.146 0.184 0.174 0.189 
402 NS_SS1401    (0)    6 :  0.167 0.107 0.156 0.316 0.098 0.156 
403 NS_SS1424    (6)    6 :  0.096 0.074 0.171 0.292 0.186 0.182 
404 NS_SS1435    (9)    6 :  0.183 0.252 0.149 0.173 0.172 0.071 
405 NS_SS1447    (4)    6 :  0.249 0.155 0.078 0.118 0.234 0.166 
406 NS_SS1414    (3)    6 :  0.189 0.250 0.067 0.102 0.270 0.122 
407 NS_SS1449   (14)    6 :  0.079 0.107 0.180 0.241 0.170 0.224 
408 NS_SS1443    (4)    6 :  0.122 0.139 0.333 0.096 0.063 0.246 
409 NS_SS1434    (1)    6 :  0.085 0.326 0.244 0.080 0.067 0.198 
410 NS_SS1398    (1)    6 :  0.145 0.309 0.143 0.179 0.128 0.097 
411 NS_SS1426    (1)    6 :  0.295 0.106 0.227 0.152 0.112 0.108 
412 NS_SS1413    (0)    6 :  0.128 0.258 0.255 0.119 0.104 0.136 
413 NS_SS1395    (1)    6 :  0.288 0.096 0.208 0.199 0.076 0.132 
414 NS_SS1448   (10)    6 :  0.100 0.176 0.253 0.107 0.310 0.055 
415 NS_SS1446    (0)    6 :  0.143 0.098 0.286 0.186 0.134 0.152 
416 NS_SS1403    (2)    6 :  0.197 0.153 0.084 0.377 0.099 0.091 
417 NS_SS1415    (0)    6 :  0.176 0.153 0.265 0.117 0.172 0.117 
418 NS_SS1437    (4)    6 :  0.170 0.122 0.106 0.359 0.143 0.099 
419 NS_SS1439    (2)    6 :  0.230 0.109 0.125 0.120 0.106 0.310 
420 NS_SS1441    (3)    6 :  0.192 0.209 0.250 0.121 0.065 0.162 
421 NS_SS1420    (2)    6 :  0.079 0.128 0.116 0.053 0.547 0.077 
422 NS_SS1394    (2)    6 :  0.259 0.193 0.067 0.168 0.229 0.084 
423 NS_SS1391    (7)    6 :  0.151 0.318 0.229 0.145 0.068 0.088 
424 NS_SS1410    (5)    6 :  0.159 0.141 0.204 0.249 0.112 0.134 
425 NS_SS1408    (1)    6 :  0.162 0.095 0.109 0.272 0.167 0.195 
426 NS_SS1409    (1)    6 :  0.118 0.297 0.214 0.118 0.064 0.188 
427 HI_SS0617    (1)    7 :  0.051 0.182 0.334 0.086 0.144 0.203 
428 HI_SS0618    (2)    7 :  0.238 0.254 0.095 0.098 0.147 0.168 
429 HI_SS0619    (0)    7 :  0.128 0.314 0.219 0.120 0.135 0.085 
430 HI_SS0620    (1)    7 :  0.122 0.074 0.362 0.045 0.296 0.102 
431 HI_SS0621    (3)    7 :  0.113 0.154 0.127 0.224 0.182 0.200 
432 HI_SS0622    (1)    7 :  0.087 0.147 0.183 0.125 0.228 0.231 
433 HI_SS0626    (0)    7 :  0.232 0.106 0.106 0.157 0.339 0.061 
434 HI_SS0627    (0)    7 :  0.196 0.175 0.074 0.369 0.103 0.083 
435 HI_SS0628    (3)    7 :  0.165 0.126 0.254 0.244 0.141 0.070 
436 HI_SS0629    (1)    7 :  0.244 0.095 0.176 0.213 0.144 0.128 
437 HI_SS0630    (1)    7 :  0.198 0.162 0.212 0.083 0.212 0.134 
438 HI_SS0631    (0)    7 :  0.180 0.100 0.207 0.150 0.246 0.117 
439 HI_SS0632    (0)    7 :  0.231 0.104 0.108 0.124 0.287 0.146 
440 HI_SS0633    (0)    7 :  0.138 0.410 0.157 0.073 0.073 0.149 
441 HI_SS0634    (1)    7 :  0.104 0.101 0.186 0.244 0.247 0.118 
442 HI_SS0635    (0)    7 :  0.240 0.212 0.074 0.143 0.207 0.125 
443 HI_SS0637    (1)    7 :  0.193 0.061 0.126 0.161 0.246 0.213 
444 HI_SS0638    (0)    7 :  0.139 0.232 0.154 0.158 0.179 0.139 
445 HI_SS0639    (1)    7 :  0.152 0.172 0.099 0.152 0.238 0.187 
446 HI_SS0640    (1)    7 :  0.317 0.180 0.090 0.094 0.109 0.211 
447 HI_SS0641    (1)    7 :  0.236 0.107 0.236 0.079 0.254 0.088 
448 HI_SS0642    (0)    7 :  0.093 0.103 0.082 0.453 0.107 0.162 
449 HI_SS0645    (0)    7 :  0.110 0.260 0.066 0.070 0.344 0.149 
450 HI_SS0646    (1)    7 :  0.074 0.221 0.206 0.153 0.092 0.254 
451 HI_SS0647    (1)    7 :  0.101 0.263 0.143 0.228 0.148 0.118 
452 HI_SS0648    (0)    7 :  0.131 0.190 0.155 0.132 0.175 0.217 
453 HI_SS0649    (1)    7 :  0.300 0.206 0.131 0.111 0.090 0.162 
454 HI_SS0650    (1)    7 :  0.144 0.367 0.116 0.140 0.107 0.127 
455 HI_SS0651    (1)    7 :  0.181 0.199 0.134 0.109 0.124 0.254 
456 HI_SS0652    (1)    7 :  0.139 0.210 0.089 0.070 0.418 0.073 
457 NS_SS1371    (3)    7 :  0.151 0.133 0.246 0.220 0.066 0.184 
458 NS_SS1374    (0)    7 :  0.103 0.107 0.260 0.268 0.201 0.061 
459 NS_SS1337    (3)    7 :  0.049 0.100 0.092 0.268 0.392 0.099 
460 NS_SS1385    (5)    7 :  0.133 0.229 0.140 0.144 0.100 0.253 
461 NS_SS1388    (0)    7 :  0.298 0.306 0.129 0.133 0.075 0.059 
462 NS_SS1370    (1)    7 :  0.086 0.046 0.063 0.109 0.584 0.112 
463 NS_SS1389    (3)    7 :  0.229 0.322 0.099 0.141 0.154 0.054 
464 NS_SS1360    (1)    7 :  0.378 0.089 0.138 0.097 0.160 0.138 
465 NS_SS1330    (0)    7 :  0.122 0.208 0.077 0.095 0.250 0.250 
466 NS_SS1328    (8)    7 :  0.081 0.274 0.290 0.157 0.069 0.128 
467 NS_SS1384    (1)    7 :  0.273 0.065 0.127 0.175 0.144 0.217 
468 NS_SS1381    (0)    7 :  0.095 0.395 0.078 0.100 0.104 0.227 
469 NS_SS1375    (1)    7 :  0.095 0.378 0.155 0.136 0.163 0.072 
470 NS_SS1319   (10)    7 :  0.108 0.133 0.188 0.257 0.182 0.132 
471 NS_SS1326    (2)    7 :  0.168 0.235 0.325 0.127 0.077 0.068 
472 NS_SS1341    (1)    7 :  0.298 0.055 0.148 0.288 0.082 0.128 
473 NS_SS1383    (1)    7 :  0.126 0.055 0.134 0.413 0.190 0.082 
474 NS_SS1318    (3)    7 :  0.165 0.177 0.150 0.076 0.248 0.184 
475 NS_SS1348    (2)    7 :  0.285 0.063 0.207 0.152 0.141 0.152 
476 NS_SS1363    (0)    7 :  0.100 0.149 0.103 0.168 0.248 0.232 
477 NS_SS1335    (4)    7 :  0.200 0.059 0.166 0.151 0.199 0.225 
478 NS_SS1358    (0)    7 :  0.130 0.075 0.164 0.209 0.123 0.299 
479 NS_SS1342    (1)    7 :  0.083 0.070 0.231 0.330 0.059 0.229 
480 NS_SS1320    (2)    7 :  0.062 0.481 0.051 0.095 0.059 0.251 
481 NS_SS1355    (1)    7 :  0.265 0.179 0.087 0.104 0.135 0.231 
482 NS_SS1345    (1)    7 :  0.129 0.095 0.056 0.071 0.131 0.519 
483 NS_SS1324    (0)    7 :  0.246 0.114 0.225 0.154 0.132 0.129 
484 NS_SS1347    (5)    7 :  0.140 0.114 0.129 0.204 0.129 0.284 
485 NS_SS1321    (4)    7 :  0.081 0.077 0.272 0.291 0.196 0.084 
486 NS_SS1333    (0)    7 :  0.092 0.113 0.298 0.332 0.108 0.056 
487 NS_SS1364    (1)    7 :  0.417 0.094 0.090 0.131 0.077 0.191 
488 NS_SS1379    (0)    7 :  0.256 0.240 0.090 0.111 0.109 0.195 
489 NS_SS1332    (0)    7 :  0.217 0.147 0.300 0.173 0.077 0.085 
490 NS_SS1338    (5)    7 :  0.395 0.088 0.107 0.112 0.180 0.119 
491 NS_SS1368    (6)    7 :  0.129 0.123 0.248 0.234 0.086 0.178 
492 NS_SS1354    (1)    7 :  0.126 0.158 0.119 0.200 0.143 0.254 
493 NS_SS1365    (0)    7 :  0.116 0.199 0.133 0.163 0.228 0.160 
494 NS_SS1380    (1)    7 :  0.142 0.166 0.087 0.142 0.247 0.215 
495 NS_SS1329    (8)    7 :  0.121 0.090 0.194 0.354 0.057 0.184 
496 NS_SS1362    (0)    7 :  0.201 0.171 0.126 0.235 0.094 0.173 
497 NS_SS1327    (2)    7 :  0.276 0.087 0.376 0.110 0.101 0.050 
498 NS_SS1350    (0)    7 :  0.062 0.276 0.307 0.111 0.094 0.150 
499 NS_SS1387    (2)    7 :  0.363 0.161 0.101 0.097 0.190 0.088 
500 NS_SS1369    (8)    7 :  0.110 0.076 0.242 0.126 0.206 0.240 
501 NS_SS1331    (1)    7 :  0.103 0.171 0.166 0.229 0.260 0.071 
502 NS_SS1357    (4)    7 :  0.072 0.308 0.292 0.162 0.054 0.110 
503 NS_SS1386    (1)    7 :  0.122 0.059 0.305 0.303 0.066 0.145 
504 NS_SS1353    (2)    7 :  0.122 0.319 0.158 0.201 0.098 0.102 
505 NS_SS1323    (0)    7 :  0.098 0.183 0.096 0.272 0.141 0.210 
506 HI_SS0296    (0)    8 :  0.171 0.106 0.240 0.068 0.278 0.136 
507 HI_SS0297    (0)    8 :  0.081 0.206 0.128 0.403 0.094 0.087 
508 HI_SS0299    (0)    8 :  0.204 0.101 0.118 0.147 0.201 0.228 
509 HI_SS0300    (0)    8 :  0.308 0.120 0.100 0.068 0.204 0.200 
510 HI_SS0301    (0)    8 :  0.354 0.053 0.050 0.180 0.279 0.084 
511 HI_SS0302    (0)    8 :  0.261 0.080 0.183 0.068 0.295 0.112 
512 HI_SS0303    (0)    8 :  0.240 0.264 0.246 0.081 0.065 0.104 
513 HI_SS0304    (0)    8 :  0.104 0.290 0.159 0.170 0.216 0.062 
514 HI_SS0306    (5)    8 :  0.152 0.098 0.280 0.102 0.273 0.095 
515 HI_SS0307    (1)    8 :  0.131 0.195 0.124 0.144 0.192 0.214 
516 HI_SS0308    (1)    8 :  0.288 0.083 0.079 0.202 0.119 0.231 
517 HI_SS0309    (0)    8 :  0.111 0.067 0.102 0.110 0.222 0.389 
518 HI_SS0310    (0)    8 :  0.264 0.301 0.120 0.096 0.117 0.102 
519 HI_SS0311    (3)    8 :  0.124 0.086 0.141 0.175 0.326 0.149 
520 HI_SS0314    (0)    8 :  0.097 0.373 0.192 0.164 0.069 0.104 
521 HI_SS0316    (1)    8 :  0.272 0.163 0.188 0.142 0.109 0.126 
522 HI_SS0317    (3)    8 :  0.142 0.082 0.104 0.289 0.229 0.153 
523 HI_SS0318    (1)    8 :  0.344 0.061 0.186 0.235 0.101 0.073 
524 HI_SS0319    (0)    8 :  0.243 0.076 0.376 0.079 0.053 0.174 
525 HI_SS0320    (3)    8 :  0.092 0.248 0.083 0.411 0.111 0.055 
526 HI_SS0321    (0)    8 :  0.236 0.080 0.157 0.265 0.104 0.160 
527 HI_SS0323    (1)    8 :  0.244 0.125 0.237 0.088 0.209 0.097 
528 HI_SS0325    (2)    8 :  0.110 0.081 0.255 0.106 0.344 0.104 
529 HI_SS0327    (1)    8 :  0.079 0.125 0.333 0.130 0.049 0.285 
530 HI_SS0329    (1)    8 :  0.184 0.204 0.100 0.212 0.213 0.088 
531 HI_SS0333    (1)    8 :  0.283 0.173 0.129 0.184 0.106 0.124 
532 HI_SS0334    (1)    8 :  0.282 0.080 0.185 0.149 0.130 0.174 
533 HI_SS0335    (1)    8 :  0.148 0.111 0.083 0.155 0.152 0.351 
534 HI_SS0339    (0)    8 :  0.344 0.153 0.064 0.112 0.149 0.179 
535 HI_SS0343    (2)    8 :  0.092 0.135 0.119 0.244 0.099 0.310 
536 HI_SS0344    (1)    8 :  0.173 0.067 0.421 0.132 0.104 0.103 
537 HI_SS0345    (3)    8 :  0.173 0.108 0.097 0.219 0.243 0.161 
538 HI_SS0346    (0)    8 :  0.141 0.082 0.179 0.346 0.181 0.072 
539 HI_SS0350    (1)    8 :  0.149 0.176 0.047 0.063 0.151 0.415 
540 HI_SS0351    (0)    8 :  0.216 0.086 0.087 0.171 0.117 0.324 
541 HI_SS0352    (3)    8 :  0.139 0.142 0.122 0.224 0.142 0.232 
542 HI_SS0362    (0)    8 :  0.168 0.131 0.148 0.093 0.363 0.098 
543 HI_SS0363    (1)    8 :  0.145 0.112 0.325 0.093 0.091 0.234 
544 HI_SS0365    (0)    8 :  0.139 0.145 0.247 0.094 0.082 0.292 
545 HI_SS0366    (0)    8 :  0.099 0.075 0.370 0.086 0.193 0.178 
546 HI_SS0367    (1)    8 :  0.133 0.305 0.112 0.176 0.119 0.154 
547 HI_SS0369    (1)    8 :  0.205 0.204 0.089 0.140 0.215 0.147 
548 HI_SS0370    (0)    8 :  0.119 0.257 0.163 0.200 0.070 0.191 
549 HI_SS0371    (4)    8 :  0.251 0.099 0.265 0.131 0.173 0.082 
550 HI_SS0373    (3)    8 :  0.143 0.254 0.189 0.104 0.157 0.153 
551 HI_SS0374    (0)    8 :  0.200 0.252 0.095 0.178 0.119 0.157 
552 HI_SS0377    (0)    8 :  0.131 0.062 0.127 0.141 0.200 0.340 
553 HI_SS0379    (1)    8 :  0.233 0.059 0.370 0.188 0.074 0.077 
554 HI_SS0380    (1)    8 :  0.135 0.199 0.115 0.166 0.154 0.230 
555 HI_SS0381    (2)    8 :  0.230 0.090 0.069 0.184 0.193 0.233 
556 HI_SS0384    (3)    8 :  0.072 0.230 0.279 0.221 0.140 0.057 
557 HI_SS0385    (1)    8 :  0.282 0.264 0.129 0.132 0.142 0.050 


Estimated Allele Frequencies in each cluster
First column gives estimated ancestral frequencies


Locus 1 : 
2 alleles
3.4% missing data
   1   (0.734) 0.694 0.770 0.731 0.802 0.682 0.751 
   2   (0.266) 0.306 0.230 0.269 0.198 0.318 0.249 

Locus 2 : 
2 alleles
4.3% missing data
   1   (0.886) 0.928 0.820 0.916 0.857 0.911 0.905 
   2   (0.114) 0.072 0.180 0.084 0.143 0.089 0.095 

Locus 3 : 
2 alleles
3.9% missing data
   1   (0.858) 0.858 0.859 0.879 0.867 0.858 0.882 
   2   (0.142) 0.142 0.141 0.121 0.133 0.142 0.118 

Locus 4 : 
2 alleles
2.7% missing data
   1   (0.885) 0.894 0.904 0.920 0.824 0.891 0.921 
