   NS_SS0963  1 0.3419 0.2842 0.3739 
   NS_SS0983  1 0.1620 0.6013 0.2366 
   NS_SS0719  1 0.2760 0.3852 0.3388 
   NS_SS1001  1 0.4715 0.1460 0.3825 
   NS_SS0936  1 0.5772 0.2257 0.1970 
   NS_SS0955  1 0.2122 0.4352 0.3527 
   NS_SS0944  1 0.3218 0.3145 0.3637 
   NS_SS0945  1 0.4432 0.3191 0.2377 
   NS_SS0922  1 0.5254 0.1495 0.3251 
   NS_SS0929  1 0.2659 0.4420 0.2921 
   NS_SS0956  1 0.3158 0.1357 0.5485 
   NS_SS0906  1 0.2671 0.3850 0.3479 
   NS_SS0721  1 0.2113 0.2512 0.5375 
   NS_SS0982  1 0.2909 0.2571 0.4519 
   NS_SS0923  1 0.3560 0.2632 0.3808 
   NS_SS0905  1 0.2756 0.3150 0.4095 
   NS_SS0925  1 0.4211 0.1624 0.4164 
   NS_SS0947  1 0.4976 0.2176 0.2848 
   NS_SS0926  1 0.1649 0.5826 0.2525 
   NS_SS0918  1 0.2540 0.1621 0.5839 
   NS_SS0966  1 0.3349 0.2572 0.4078 
   NS_SS0938  1 0.6001 0.1900 0.2099 
   NS_SS0917  1 0.3196 0.4860 0.1944 
   NS_SS0957  1 0.2413 0.2456 0.5131 
   NS_SS0987  1 0.1357 0.2066 0.6577 
   NS_SS0717  1 0.4132 0.1609 0.4259 
   NS_SS0986  1 0.1836 0.3311 0.4853 
   NS_SS0953  1 0.4330 0.1674 0.3996 
   NS_SS0907  1 0.2919 0.3340 0.3741 
   NS_SS0974  1 0.4253 0.3505 0.2243 
   NS_SS0989  1 0.2886 0.5751 0.1363 
   NS_SS0991  1 0.1163 0.3683 0.5154 
   NS_SS0994  1 0.2096 0.6842 0.1062 
   NS_SS0931  1 0.1548 0.4325 0.4128 
   NS_SS1000  1 0.5721 0.1751 0.2528 
   NS_SS0919  1 0.2349 0.4908 0.2744 
   NS_SS0949  1 0.2661 0.5382 0.1957 
   NS_SS0960  1 0.1676 0.4411 0.3914 
   NS_SS0716  1 0.3280 0.1254 0.5466 
   NS_SS0924  1 0.2017 0.4076 0.3906 
   NS_SS0935  1 0.1534 0.4546 0.3920 
   NS_SS0952  1 0.1924 0.5404 0.2672 
   NS_SS0962  1 0.4047 0.2133 0.3820 
   NS_SS0973  1 0.3339 0.3122 0.3539 
   NS_SS0722  1 0.6776 0.1241 0.1983 
   NS_SS0979  1 0.2635 0.1906 0.5459 
   NS_SS0993  1 0.4793 0.1730 0.3476 
   NS_SS0958  1 0.2410 0.4631 0.2959 
   NS_SS0988  1 0.1967 0.4118 0.3915 
   NS_SS1003  1 0.2561 0.1603 0.5836 
   NS_SS0976  1 0.2350 0.4772 0.2878 
   NS_SS0964  1 0.4851 0.1337 0.3813 
   NS_SS0939  1 0.4609 0.1190 0.4201 
   NS_SS0990  1 0.3501 0.3667 0.2833 
   NS_SS0984  1 0.5779 0.1318 0.2903 
   NS_SS0980  1 0.5802 0.2358 0.1839 
   NS_SS0978  1 0.5137 0.2718 0.2145 
   NS_SS0951  1 0.1316 0.3177 0.5507 
   NS_SS0913  1 0.3257 0.1842 0.4901 
   NS_SS1002  1 0.4553 0.2083 0.3364 
   NS_SS0948  1 0.2439 0.3326 0.4235 
   NS_SS0916  1 0.4658 0.3601 0.1741 
   NS_SS0995  1 0.4332 0.2577 0.3091 
   NS_SS0927  1 0.3610 0.4703 0.1687 
   NS_SS0992  1 0.5216 0.3404 0.1380 
   NS_SS0912  1 0.1582 0.3078 0.5340 
   NS_SS0981  1 0.2246 0.2201 0.5553 
   NS_SS0729  2 0.3133 0.5704 0.1163 
   NS_SS0967  2 0.3205 0.2909 0.3886 
   NS_SS0941  2 0.5433 0.2300 0.2266 
   NS_SS0768  2 0.2424 0.2292 0.5284 
   NS_SS0726  2 0.4127 0.4635 0.1239 
   NS_SS0763  2 0.2934 0.5003 0.2062 
   NS_SS0730  2 0.4429 0.1973 0.3598 
   NS_SS0774  2 0.6126 0.1741 0.2133 
   NS_SS0723  2 0.4949 0.1701 0.3350 
   NS_SS0940  2 0.3965 0.3610 0.2425 
   NS_SS0762  2 0.6011 0.0974 0.3016 
   NS_SS0766  2 0.4565 0.2757 0.2678 
   NS_SS0724  2 0.2732 0.1689 0.5579 
   NS_SS0769  2 0.3137 0.3319 0.3544 
   NS_SS0777  2 0.1991 0.3959 0.4049 
   NS_SS0734  2 0.3014 0.3329 0.3657 
   NS_SS0737  2 0.7164 0.1130 0.1706 
   NS_SS0732  2 0.2090 0.1732 0.6178 
   NS_SS0728  2 0.5135 0.2299 0.2566 
   NS_SS0735  2 0.5073 0.1761 0.3166 
   NS_SS0725  2 0.5435 0.1799 0.2766 
   NS_SS0788  2 0.3361 0.3841 0.2798 
   NS_SS0778  2 0.2307 0.4506 0.3187 
   NS_SS0792  2 0.2516 0.3427 0.4057 
   NS_SS0943  2 0.1817 0.4239 0.3943 
   NS_SS0791  2 0.3473 0.3771 0.2756 
   NS_SS0790  2 0.2794 0.0877 0.6328 
   NS_SS0731  2 0.2494 0.1715 0.5790 
   NS_SS0727  2 0.5006 0.3825 0.1169 
   NS_SS0779  2 0.3190 0.3105 0.3704 
   NS_SS0776  2 0.4753 0.2504 0.2743 
   NS_SS0775  2 0.5662 0.1422 0.2916 
   NS_SS0965  3 0.2227 0.2228 0.5545 
   NS_SS0754  3 0.1923 0.4131 0.3946 
   NS_SS0838  3 0.3860 0.3485 0.2655 
   NS_SS0839  3 0.5163 0.1327 0.3509 
   NS_SS0832  3 0.3777 0.1095 0.5127 
   NS_SS0820  3 0.2360 0.1565 0.6075 
   NS_SS0886  3 0.2458 0.4080 0.3462 
   NS_SS0748  3 0.2107 0.3878 0.4015 
   NS_SS0884  3 0.3590 0.3434 0.2976 
   NS_SS0752  3 0.5080 0.2634 0.2286 
   NS_SS0862  3 0.2377 0.1288 0.6335 
   NS_SS0787  3 0.1283 0.6860 0.1858 
   NS_SS0843  3 0.3392 0.3010 0.3598 
   NS_SS0856  3 0.4953 0.2856 0.2191 
   NS_SS0846  3 0.3661 0.4277 0.2063 
   NS_SS0825  3 0.2654 0.3624 0.3722 
   NS_SS0757  3 0.2418 0.3675 0.3908 
   NS_SS0876  3 0.4406 0.2238 0.3357 
   NS_SS0903  3 0.5796 0.1833 0.2371 
   NS_SS0875  3 0.2999 0.2788 0.4213 
   NS_SS0740  3 0.3683 0.2804 0.3513 
   NS_SS0811  3 0.2026 0.1103 0.6871 
   NS_SS0751  3 0.4648 0.2588 0.2765 
   NS_SS0891  3 0.4329 0.2629 0.3042 
   NS_SS0867  3 0.2140 0.4000 0.3860 
   NS_SS0890  3 0.3795 0.3125 0.3080 
   NS_SS0866  3 0.2045 0.6395 0.1559 
   NS_SS0755  3 0.2552 0.2593 0.4855 
   NS_SS0758  3 0.4722 0.2751 0.2527 
   NS_SS0840  3 0.4239 0.1392 0.4369 
   NS_SS0889  3 0.1557 0.4682 0.3760 
   NS_SS1010  3 0.2686 0.3322 0.3992 
   NS_SS0888  3 0.2823 0.5479 0.1698 
   NS_SS0837  3 0.2201 0.1624 0.6175 
   NS_SS0794  3 0.3666 0.4161 0.2174 
   NS_SS0823  3 0.5332 0.1539 0.3129 
   NS_SS0829  3 0.1004 0.5316 0.3681 
   NS_SS0844  3 0.2969 0.1544 0.5487 
   NS_SS1008  3 0.3824 0.3789 0.2387 
   NS_SS0881  3 0.2911 0.4058 0.3031 
   NS_SS0834  3 0.6310 0.1628 0.2062 
   NS_SS0744  3 0.3516 0.3608 0.2877 
   NS_SS0899  3 0.2246 0.1219 0.6536 
   NS_SS0804  3 0.3642 0.1191 0.5167 
   NS_SS0781  3 0.4277 0.1660 0.4062 
   NS_SS0822  3 0.4115 0.3208 0.2677 
   NS_SS1004  3 0.3294 0.2685 0.4021 
   NS_SS0746  3 0.3733 0.3066 0.3201 
   NS_SS0880  3 0.4477 0.2555 0.2968 
   NS_SS0879  3 0.4504 0.2039 0.3458 
   NS_SS0753  3 0.1559 0.3966 0.4476 
   NS_SS1007  3 0.5772 0.2824 0.1404 
   NS_SS0872  3 0.4606 0.2009 0.3385 
   NS_SS1005  3 0.4290 0.2461 0.3249 
   NS_SS0892  3 0.3539 0.3162 0.3300 
   NS_SS0898  3 0.2700 0.3748 0.3552 
   NS_SS0801  3 0.1926 0.2567 0.5507 
   NS_SS0827  3 0.1171 0.3332 0.5497 
   NS_SS0853  3 0.1437 0.2648 0.5914 
   NS_SS0780  3 0.4036 0.2091 0.3873 
   NS_SS0826  3 0.2150 0.3596 0.4254 
   NS_SS0818  3 0.4799 0.1294 0.3907 
   NS_SS0745  3 0.4940 0.0986 0.4074 
   NS_SS0849  3 0.1257 0.2290 0.6453 
   NS_SS0739  3 0.3340 0.3264 0.3397 
   NS_SS0799  3 0.3527 0.3992 0.2482 
   NS_SS0756  3 0.3042 0.1460 0.5498 
   NS_SS0802  3 0.3828 0.4456 0.1717 
   NS_SS0747  3 0.3597 0.3321 0.3081 
   NS_SS0835  3 0.2102 0.6675 0.1223 
   NS_SS0742  3 0.3650 0.2924 0.3426 
   NS_SS0760  3 0.2310 0.5420 0.2270 
   NS_SS0803  3 0.5250 0.1450 0.3301 
   NS_SS0828  3 0.2256 0.2857 0.4888 
   NS_SS0865  3 0.2183 0.3436 0.4380 
   NS_SS0759  3 0.4216 0.1455 0.4329 
   NS_SS0851  3 0.2128 0.1359 0.6513 
   NS_SS0874  3 0.3700 0.2263 0.4038 
   NS_SS0761  3 0.1500 0.4807 0.3693 
   NS_SS0842  3 0.2821 0.4114 0.3065 
   NS_SS0785  3 0.2913 0.3930 0.3157 
   NS_SS0860  3 0.1720 0.6585 0.1695 
   NS_SS0897  3 0.1691 0.6172 0.2137 
   NS_SS0841  3 0.3365 0.1339 0.5296 
   NS_SS0797  3 0.1543 0.3925 0.4532 
   NS_SS0830  3 0.2422 0.3094 0.4484 
   NS_SS1011  3 0.3542 0.2000 0.4458 
   NS_SS0883  3 0.1996 0.3656 0.4348 
   NS_SS0782  3 0.5130 0.2744 0.2126 
   NS_SS0831  3 0.1366 0.4723 0.3911 
   NS_SS0749  3 0.3260 0.3128 0.3612 
   NS_SS0854  3 0.4561 0.3305 0.2134 
   HI_SS0193  4 0.3401 0.3961 0.2637 
   HI_SS0194  4 0.6250 0.1964 0.1785 
   HI_SS0195  4 0.3217 0.1273 0.5509 
   HI_SS0196  4 0.5383 0.2716 0.1901 
   HI_SS0197  4 0.4740 0.3220 0.2041 
   HI_SS0198  4 0.2198 0.3861 0.3941 
   HI_SS0199  4 0.4506 0.3995 0.1499 
   HI_SS0201  4 0.1199 0.6060 0.2741 
   HI_SS0215  4 0.1254 0.5828 0.2918 
   HI_SS0218  4 0.2144 0.5877 0.1980 
   HI_SS0222  4 0.3832 0.2646 0.3523 
   HI_SS0230  4 0.1985 0.2780 0.5235 
   HI_SS0234  4 0.5693 0.3064 0.1243 
   HI_SS0240  4 0.6000 0.2189 0.1811 
   HI_SS0241  4 0.2117 0.5318 0.2565 
   HI_SS0242  4 0.3242 0.3270 0.3488 
   HI_SS0247  4 0.2565 0.2751 0.4683 
   HI_SS0248  4 0.3954 0.4641 0.1405 
   HI_SS0252  4 0.5035 0.1699 0.3266 
   HI_SS0254  4 0.2916 0.4306 0.2778 
   HI_SS0256  4 0.4856 0.0765 0.4379 
   HI_SS0257  4 0.3151 0.5325 0.1524 
   HI_SS0258  4 0.2147 0.4596 0.3257 
   HI_SS0259  4 0.5412 0.2352 0.2236 
   HI_SS0260  4 0.3320 0.5086 0.1595 
   HI_SS0261  4 0.4056 0.4043 0.1901 
   HI_SS0262  4 0.3108 0.2510 0.4381 
   HI_SS0264  4 0.2685 0.2320 0.4995 
   HI_SS0265  4 0.2733 0.2895 0.4372 
   HI_SS0268  4 0.2693 0.3811 0.3496 
   HI_SS0269  4 0.2052 0.6933 0.1015 
   HI_SS0273  4 0.2072 0.4793 0.3136 
   HI_SS0277  4 0.2821 0.3364 0.3815 
   HI_SS0280  4 0.3372 0.2530 0.4098 
   HI_SS0282  4 0.2801 0.3934 0.3265 
   HI_SS0286  4 0.1990 0.3789 0.4222 
   NS_SS1252  5 0.1674 0.6553 0.1773 
   NS_SS1261  5 0.2961 0.3665 0.3374 
   NS_SS1225  5 0.1955 0.4544 0.3502 
   NS_SS1266  5 0.3544 0.1410 0.5046 
   NS_SS1228  5 0.2473 0.2002 0.5525 
   NS_SS1255  5 0.6573 0.1966 0.1461 
   NS_SS1267  5 0.1334 0.7123 0.1543 
   NS_SS1238  5 0.2762 0.3365 0.3873 
   NS_SS1233  5 0.1938 0.1703 0.6359 
   NS_SS1277  5 0.3956 0.4227 0.1817 
   NS_SS1245  5 0.3832 0.3781 0.2387 
   NS_SS1240  5 0.1580 0.7226 0.1194 
   NS_SS1275  5 0.4451 0.1412 0.4137 
   NS_SS1235  5 0.6219 0.2369 0.1412 
   NS_SS1263  5 0.4791 0.1609 0.3601 
   NS_SS1251  5 0.3964 0.2286 0.3750 
   NS_SS1248  5 0.1180 0.1839 0.6981 
   NS_SS1244  5 0.2878 0.3586 0.3535 
   NS_SS1257  5 0.2564 0.4962 0.2474 
   NS_SS1242  5 0.5075 0.1699 0.3225 
   NS_SS1271  5 0.1785 0.6675 0.1539 
   NS_SS1265  5 0.1951 0.5363 0.2686 
   NS_SS1243  5 0.3498 0.1742 0.4761 
   NS_SS1273  5 0.4725 0.1399 0.3877 
   NS_SS1254  5 0.3510 0.1987 0.4504 
   NS_SS1224  5 0.3049 0.1446 0.5505 
   NS_SS1227  5 0.2903 0.5704 0.1393 
   NS_SS1274  5 0.2948 0.4171 0.2881 
   NS_SS1241  5 0.2855 0.4394 0.2751 
   NS_SS1256  5 0.3168 0.4232 0.2600 
   NS_SS1260  5 0.2570 0.5548 0.1882 
   NS_SS1262  5 0.1805 0.3979 0.4216 
   NS_SS1230  5 0.2838 0.3702 0.3460 
   NS_SS1270  5 0.1477 0.1857 0.6667 
   NS_SS1229  5 0.6846 0.2145 0.1008 
   NS_SS1246  5 0.3356 0.5387 0.1257 
   NS_SS1269  5 0.3589 0.2462 0.3949 
   NS_SS1239  5 0.4854 0.1747 0.3399 
   NS_SS1272  5 0.2744 0.3904 0.3352 
   NS_SS1268  5 0.2024 0.1562 0.6413 
   NS_SS1249  5 0.3173 0.5686 0.1141 
   HI_SS0559  6 0.3269 0.2901 0.3830 
   HI_SS0563  6 0.3259 0.3161 0.3581 
   HI_SS0564  6 0.3782 0.2773 0.3445 
   HI_SS0565  6 0.2648 0.4908 0.2444 
   HI_SS0569  6 0.1062 0.5200 0.3738 
   HI_SS0570  6 0.2248 0.5603 0.2149 
   HI_SS0572  6 0.6447 0.1893 0.1660 
   HI_SS0576  6 0.3171 0.1799 0.5030 
   HI_SS0579  6 0.3154 0.3754 0.3092 
   HI_SS0580  6 0.3624 0.4083 0.2293 
   HI_SS0581  6 0.3353 0.1607 0.5040 
   HI_SS0583  6 0.3054 0.5470 0.1476 
   HI_SS0586  6 0.1049 0.6219 0.2732 
   HI_SS0588  6 0.2481 0.4133 0.3386 
   HI_SS0595  6 0.2761 0.5571 0.1668 
   HI_SS0596  6 0.6748 0.1365 0.1887 
   HI_SS0597  6 0.6092 0.2131 0.1777 
   HI_SS0600  6 0.2862 0.4651 0.2487 
   HI_SS0601  6 0.1521 0.4058 0.4421 
   HI_SS0602  6 0.1945 0.4097 0.3958 
   HI_SS0604  6 0.3051 0.2704 0.4246 
   HI_SS0605  6 0.2981 0.3431 0.3588 
   HI_SS0608  6 0.3707 0.2827 0.3466 
   HI_SS0609  6 0.4611 0.1978 0.3411 
   HI_SS0611  6 0.1509 0.5141 0.3349 
   HI_SS0612  6 0.4771 0.3231 0.1997 
   HI_SS0613  6 0.1556 0.2616 0.5828 
   HI_SS0615  6 0.5616 0.1242 0.3142 
   HI_SS0001  6 0.4862 0.3551 0.1587 
   HI_SS0002  6 0.4014 0.1967 0.4019 
   HI_SS0004  6 0.3387 0.4192 0.2421 
   HI_SS0005  6 0.1655 0.2066 0.6280 
   HI_SS0006  6 0.2757 0.5006 0.2237 
   HI_SS0007  6 0.1720 0.3533 0.4747 
   HI_SS0008  6 0.2739 0.2992 0.4269 
   HI_SS0009  6 0.4226 0.1364 0.4410 
   HI_SS0010  6 0.1824 0.3554 0.4621 
   HI_SS0011  6 0.2313 0.2328 0.5358 
   HI_SS0012  6 0.4328 0.2186 0.3486 
   HI_SS0017  6 0.6516 0.1561 0.1923 
   HI_SS0021  6 0.1895 0.4968 0.3137 
   HI_SS0024  6 0.4355 0.2057 0.3588 
   HI_SS0025  6 0.4750 0.1619 0.3631 
   HI_SS0027  6 0.2129 0.3967 0.3904 
   HI_SS0028  6 0.2364 0.1252 0.6384 
   HI_SS0029  6 0.4228 0.3155 0.2617 
   HI_SS0030  6 0.3434 0.3851 0.2715 
   HI_SS0031  6 0.4235 0.3398 0.2367 
   HI_SS0034  6 0.3122 0.5215 0.1663 
   HI_SS0036  6 0.1772 0.5802 0.2426 
   HI_SS0037  6 0.1321 0.5394 0.3285 
   HI_SS0039  6 0.1470 0.4060 0.4471 
   HI_SS0041  6 0.3823 0.1728 0.4448 
   HI_SS0042  6 0.4770 0.1853 0.3377 
   HI_SS0043  6 0.1210 0.6771 0.2019 
   HI_SS0044  6 0.4890 0.3657 0.1453 
   HI_SS0047  6 0.4224 0.1773 0.4003 
   HI_SS0049  6 0.5434 0.1868 0.2698 
   HI_SS0051  6 0.1707 0.2185 0.6108 
   HI_SS0053  6 0.2197 0.6218 0.1585 
   HI_SS0054  6 0.1397 0.4953 0.3650 
   HI_SS0057  6 0.2551 0.2214 0.5235 
   HI_SS0058  6 0.2691 0.4215 0.3094 
   HI_SS0060  6 0.2087 0.2593 0.5320 
   HI_SS0087  6 0.3332 0.4142 0.2526 
   HI_SS0091  6 0.1812 0.7089 0.1099 
   HI_SS0095  6 0.3415 0.3681 0.2904 
   HI_SS0097  6 0.2921 0.2745 0.4333 
   HI_SS0099  6 0.4001 0.2371 0.3627 
   HI_SS0103  6 0.5240 0.2866 0.1893 
   HI_SS0105  6 0.2333 0.3525 0.4142 
   HI_SS0107  6 0.7267 0.1268 0.1465 
   HI_SS0108  6 0.1472 0.6990 0.1538 
   HI_SS0110  6 0.4265 0.4250 0.1485 
   HI_SS0111  6 0.3273 0.3157 0.3570 
   HI_SS0112  6 0.1846 0.6695 0.1459 
   HI_SS0113  6 0.5339 0.1605 0.3056 
   HI_SS0114  6 0.1381 0.4512 0.4107 
   HI_SS0115  6 0.4620 0.2620 0.2760 
   HI_SS0116  6 0.3819 0.5015 0.1166 
   HI_SS0117  6 0.2645 0.5000 0.2355 
   HI_SS0118  6 0.2650 0.5300 0.2050 
   HI_SS0119  6 0.2237 0.4942 0.2821 
   HI_SS0120  6 0.6807 0.1512 0.1682 
   HI_SS0121  6 0.1577 0.1658 0.6764 
   HI_SS0122  6 0.2594 0.3578 0.3828 
   HI_SS0123  6 0.4536 0.3422 0.2042 
   HI_SS0124  6 0.5740 0.1154 0.3106 
   HI_SS0125  6 0.4178 0.1437 0.4385 
   HI_SS0126  6 0.3136 0.5392 0.1471 
   HI_SS0127  6 0.1366 0.2216 0.6418 
   HI_SS0128  6 0.5412 0.2589 0.1999 
   HI_SS0129  6 0.3546 0.4420 0.2034 
   HI_SS0131  6 0.1091 0.3704 0.5205 
   HI_SS0132  6 0.2755 0.3364 0.3881 
   HI_SS0133  6 0.1649 0.6871 0.1480 
   HI_SS0134  6 0.3441 0.3842 0.2717 
   HI_SS0142  6 0.2605 0.3033 0.4362 
   HI_SS0145  6 0.4096 0.3344 0.2560 
   HI_SS0146  6 0.2452 0.4192 0.3357 
   HI_SS0147  6 0.2184 0.1628 0.6188 
   HI_SS0149  6 0.2572 0.4322 0.3106 
   HI_SS0150  6 0.3474 0.1553 0.4974 
   HI_SS0151  6 0.4899 0.2945 0.2156 
   NS_SS1451  6 0.4913 0.1271 0.3816 
   NS_SS1404  6 0.2379 0.2181 0.5440 
   NS_SS1432  6 0.5368 0.2111 0.2521 
   NS_SS1405  6 0.4578 0.2578 0.2843 
   NS_SS1431  6 0.5435 0.1659 0.2906 
   NS_SS1402  6 0.3585 0.4436 0.1979 
   NS_SS1450  6 0.4038 0.3924 0.2038 
   NS_SS1396  6 0.3036 0.3118 0.3846 
   NS_SS1393  6 0.2709 0.4500 0.2792 
   NS_SS1392  6 0.5474 0.1740 0.2785 
   NS_SS1445  6 0.1410 0.5149 0.3441 
   NS_SS1423  6 0.3882 0.4433 0.1685 
   NS_SS1421  6 0.2961 0.4338 0.2701 
   NS_SS1411  6 0.1657 0.3784 0.4559 
   NS_SS1453  6 0.2280 0.5087 0.2633 
   NS_SS1442  6 0.2925 0.2821 0.4253 
   NS_SS1422  6 0.4930 0.2928 0.2142 
   NS_SS1419  6 0.1885 0.2154 0.5961 
   NS_SS1427  6 0.3390 0.5713 0.0897 
   NS_SS1444  6 0.2489 0.2074 0.5437 
   NS_SS1455  6 0.5552 0.1602 0.2847 
   NS_SS1425  6 0.1199 0.6262 0.2539 
   NS_SS1400  6 0.1728 0.4545 0.3727 
   NS_SS1406  6 0.3883 0.1918 0.4199 
   NS_SS1417  6 0.2572 0.3886 0.3542 
   NS_SS1454  6 0.2049 0.4544 0.3407 
   NS_SS1412  6 0.2987 0.3956 0.3057 
   NS_SS1438  6 0.1215 0.5426 0.3359 
   NS_SS1416  6 0.3059 0.3202 0.3738 
   NS_SS1401  6 0.3200 0.4271 0.2529 
   NS_SS1424  6 0.3055 0.4246 0.2699 
   NS_SS1435  6 0.3906 0.2767 0.3327 
   NS_SS1447  6 0.2645 0.2041 0.5313 
   NS_SS1414  6 0.2705 0.1640 0.5655 
   NS_SS1449  6 0.5256 0.2659 0.2085 
   NS_SS1443  6 0.3938 0.4928 0.1134 
   NS_SS1434  6 0.6514 0.2434 0.1052 
   NS_SS1398  6 0.4713 0.2186 0.3102 
   NS_SS1426  6 0.1825 0.5961 0.2214 
   NS_SS1413  6 0.3508 0.4502 0.1990 
   NS_SS1395  6 0.2636 0.5415 0.1949 
   NS_SS1448  6 0.2862 0.3179 0.3959 
   NS_SS1446  6 0.2657 0.5251 0.2092 
   NS_SS1403  6 0.3928 0.3298 0.2774 
   NS_SS1415  6 0.2358 0.4610 0.3032 
   NS_SS1437  6 0.3418 0.2936 0.3646 
   NS_SS1439  6 0.3436 0.3424 0.3139 
   NS_SS1441  6 0.3588 0.4636 0.1776 
   NS_SS1420  6 0.2322 0.1309 0.6369 
   NS_SS1394  6 0.2947 0.1795 0.5258 
   NS_SS1391  6 0.5005 0.3734 0.1260 
   NS_SS1410  6 0.3248 0.4360 0.2392 
   NS_SS1408  6 0.3205 0.2710 0.4085 
   NS_SS1409  6 0.5318 0.3590 0.1092 
   HI_SS0617  7 0.4516 0.3793 0.1691 
   HI_SS0618  7 0.4237 0.2027 0.3736 
   HI_SS0619  7 0.4126 0.2869 0.3005 
   HI_SS0620  7 0.1948 0.5235 0.2817 
   HI_SS0621  7 0.4322 0.2212 0.3466 
   HI_SS0622  7 0.3215 0.2649 0.4136 
   HI_SS0626  7 0.1559 0.2636 0.5805 
   HI_SS0627  7 0.4518 0.2695 0.2786 
   HI_SS0628  7 0.2544 0.4730 0.2725 
   HI_SS0629  7 0.1870 0.4351 0.3779 
   HI_SS0630  7 0.2958 0.3891 0.3151 
   HI_SS0631  7 0.2217 0.3695 0.4088 
   HI_SS0632  7 0.2000 0.2545 0.5455 
   HI_SS0633  7 0.6079 0.1842 0.2078 
   HI_SS0634  7 0.2943 0.3125 0.3932 
   HI_SS0635  7 0.2934 0.1942 0.5124 
   HI_SS0637  7 0.1909 0.3225 0.4866 
   HI_SS0638  7 0.4056 0.2805 0.3139 
   HI_SS0639  7 0.3647 0.1889 0.4464 
   HI_SS0640  7 0.3272 0.2793 0.3936 
   HI_SS0641  7 0.1185 0.4539 0.4277 
   HI_SS0642  7 0.4402 0.2708 0.2890 
   HI_SS0645  7 0.3281 0.1078 0.5641 
   HI_SS0646  7 0.5354 0.2938 0.1708 
   HI_SS0647  7 0.4532 0.2555 0.2913 
   HI_SS0648  7 0.3363 0.2797 0.3841 
   HI_SS0649  7 0.3581 0.3630 0.2789 
   HI_SS0650  7 0.6561 0.1760 0.1679 
   HI_SS0651  7 0.3992 0.3010 0.2999 
   HI_SS0652  7 0.3003 0.1502 0.5495 
   NS_SS1371  7 0.3671 0.4919 0.1410 
   NS_SS1374  7 0.2231 0.4873 0.2896 
   NS_SS1337  7 0.3550 0.1544 0.4906 
   NS_SS1385  7 0.5065 0.2924 0.2011 
   NS_SS1388  7 0.3641 0.3352 0.3007 
   NS_SS1370  7 0.1215 0.1129 0.7656 
   NS_SS1389  7 0.3944 0.2133 0.3923 
   NS_SS1360  7 0.1631 0.3884 0.4485 
   NS_SS1330  7 0.3425 0.1545 0.5030 
   NS_SS1328  7 0.5048 0.3840 0.1111 
   NS_SS1384  7 0.2196 0.4155 0.3648 
   NS_SS1381  7 0.7243 0.1124 0.1633 
   NS_SS1375  7 0.5075 0.1949 0.2975 
   NS_SS1319  7 0.3682 0.3104 0.3214 
   NS_SS1326  7 0.3283 0.5191 0.1526 
   NS_SS1341  7 0.1877 0.5125 0.2998 
   NS_SS1383  7 0.2640 0.3423 0.3937 
   NS_SS1318  7 0.3063 0.2408 0.4529 
   NS_SS1348  7 0.1598 0.5864 0.2538 
   NS_SS1363  7 0.3328 0.2068 0.4604 
   NS_SS1335  7 0.1433 0.4126 0.4441 
   NS_SS1358  7 0.2721 0.4307 0.2973 
   NS_SS1342  7 0.3180 0.5247 0.1573 
   NS_SS1320  7 0.7620 0.0753 0.1627 
   NS_SS1355  7 0.3535 0.2096 0.4369 
   NS_SS1345  7 0.3868 0.1424 0.4707 
   NS_SS1324  7 0.2282 0.4504 0.3214 
   NS_SS1347  7 0.3593 0.3614 0.2793 
   NS_SS1321  7 0.2220 0.5051 0.2729 
   NS_SS1333  7 0.2388 0.5729 0.1884 
   NS_SS1364  7 0.2233 0.4759 0.3008 
   NS_SS1379  7 0.4645 0.2494 0.2861 
   NS_SS1332  7 0.1733 0.5940 0.2328 
   NS_SS1338  7 0.1460 0.4408 0.4132 
   NS_SS1368  7 0.2487 0.5331 0.2182 
   NS_SS1354  7 0.2995 0.3109 0.3896 
   NS_SS1365  7 0.3665 0.1959 0.4377 
   NS_SS1380  7 0.2850 0.1756 0.5393 
   NS_SS1329  7 0.2977 0.5407 0.1616 
   NS_SS1362  7 0.4009 0.3369 0.2622 
   NS_SS1327  7 0.1195 0.7640 0.1164 
   NS_SS1350  7 0.5873 0.3224 0.0903 
   NS_SS1387  7 0.1802 0.2438 0.5759 
   NS_SS1369  7 0.2138 0.4445 0.3416 
   NS_SS1331  7 0.2764 0.3207 0.4029 
   NS_SS1357  7 0.6235 0.2827 0.0938 
   NS_SS1386  7 0.1508 0.7186 0.1306 
   NS_SS1353  7 0.5862 0.2371 0.1766 
   NS_SS1323  7 0.4815 0.1732 0.3452 
   HI_SS0296  8 0.2639 0.3796 0.3565 
   HI_SS0297  8 0.5368 0.2555 0.2077 
   HI_SS0299  8 0.2446 0.3719 0.3836 
   HI_SS0300  8 0.2604 0.3004 0.4392 
   HI_SS0301  8 0.1129 0.2248 0.6623 
   HI_SS0302  8 0.1428 0.3322 0.5250 
   HI_SS0303  8 0.3696 0.4799 0.1505 
   HI_SS0304  8 0.4130 0.2234 0.3636 
   HI_SS0306  8 0.1782 0.4581 0.3636 
   HI_SS0307  8 0.4087 0.2095 0.3818 
   HI_SS0308  8 0.2469 0.2690 0.4841 
   HI_SS0309  8 0.2933 0.2587 0.4480 
   HI_SS0310  8 0.3962 0.2593 0.3445 
   HI_SS0311  8 0.1982 0.2781 0.5237 
   HI_SS0314  8 0.5382 0.2650 0.1969 
   HI_SS0316  8 0.3070 0.4348 0.2583 
   HI_SS0317  8 0.2716 0.3072 0.4213 
   HI_SS0318  8 0.1657 0.6094 0.2249 
   HI_SS0319  8 0.1803 0.7030 0.1167 
   HI_SS0320  8 0.4601 0.2087 0.3312 
   HI_SS0321  8 0.3270 0.4758 0.1972 
   HI_SS0323  8 0.2119 0.4575 0.3306 
   HI_SS0325  8 0.1535 0.3808 0.4657 
   HI_SS0327  8 0.4315 0.4754 0.0930 
   HI_SS0329  8 0.3207 0.2355 0.4437 
   HI_SS0333  8 0.3434 0.3495 0.3071 
   HI_SS0334  8 0.1834 0.5454 0.2712 
   HI_SS0335  8 0.3778 0.1813 0.4410 
   HI_SS0339  8 0.2883 0.1938 0.5179 
   HI_SS0343  8 0.5063 0.2202 0.2735 
   HI_SS0344  8 0.1503 0.7382 0.1115 
   HI_SS0345  8 0.2412 0.2648 0.4939 
   HI_SS0346  8 0.2543 0.4297 0.3161 
   HI_SS0350  8 0.3318 0.1234 0.5448 
   HI_SS0351  8 0.2886 0.3617 0.3497 
   HI_SS0352  8 0.4245 0.2238 0.3517 
   HI_SS0362  8 0.2017 0.2422 0.5561 
   HI_SS0363  8 0.3419 0.5055 0.1526 
   HI_SS0365  8 0.3559 0.4850 0.1591 
   HI_SS0366  8 0.1987 0.6196 0.1817 
   HI_SS0367  8 0.4294 0.1961 0.3744 
   HI_SS0369  8 0.3748 0.1574 0.4677 
   HI_SS0370  8 0.6088 0.2740 0.1172 
   HI_SS0371  8 0.1774 0.4811 0.3415 
   HI_SS0373  8 0.3857 0.2959 0.3184 
   HI_SS0374  8 0.4309 0.2359 0.3332 
   HI_SS0377  8 0.1813 0.3764 0.4423 
   HI_SS0379  8 0.0990 0.7756 0.1255 
   HI_SS0380  8 0.4228 0.2385 0.3388 
   HI_SS0381  8 0.2690 0.1846 0.5465 
   HI_SS0384  8 0.3925 0.4189 0.1886 
   HI_SS0385  8 0.2651 0.3332 0.4017 
