   NS_SS0963  1 0.1660 0.2862 0.2926 0.1126 0.1426 
   NS_SS0983  1 0.1341 0.2336 0.1555 0.3659 0.1109 
   NS_SS0719  1 0.1674 0.1542 0.2640 0.1858 0.2285 
   NS_SS1001  1 0.3016 0.2156 0.0872 0.1233 0.2722 
   NS_SS0936  1 0.2805 0.2392 0.2679 0.1098 0.1026 
   NS_SS0955  1 0.1245 0.2969 0.1765 0.2521 0.1500 
   NS_SS0944  1 0.1974 0.3161 0.1168 0.2170 0.1527 
   NS_SS0945  1 0.2255 0.1766 0.1787 0.2343 0.1849 
   NS_SS0922  1 0.3208 0.1427 0.2254 0.0986 0.2125 
   NS_SS0929  1 0.1449 0.2419 0.2231 0.2492 0.1408 
   NS_SS0956  1 0.1937 0.1593 0.1212 0.1024 0.4234 
   NS_SS0906  1 0.1281 0.3323 0.1849 0.2149 0.1399 
   NS_SS0721  1 0.1382 0.1335 0.1927 0.1733 0.3623 
   NS_SS0982  1 0.1402 0.2655 0.2539 0.1306 0.2098 
   NS_SS0923  1 0.2050 0.2354 0.1861 0.1449 0.2285 
   NS_SS0905  1 0.1831 0.2725 0.1209 0.1780 0.2455 
   NS_SS0925  1 0.2627 0.3151 0.1436 0.0935 0.1850 
   NS_SS0947  1 0.2525 0.2565 0.2090 0.1331 0.1488 
   NS_SS0926  1 0.0733 0.1515 0.3370 0.3139 0.1243 
   NS_SS0918  1 0.1053 0.4275 0.1544 0.1047 0.2081 
   NS_SS0966  1 0.1620 0.3233 0.2232 0.1350 0.1565 
   NS_SS0938  1 0.2620 0.1111 0.3969 0.1058 0.1242 
   NS_SS0917  1 0.1950 0.0837 0.2551 0.2838 0.1824 
   NS_SS0957  1 0.1192 0.1708 0.1811 0.1622 0.3665 
   NS_SS0987  1 0.0755 0.1890 0.1278 0.1746 0.4332 
   NS_SS0717  1 0.2706 0.2315 0.0882 0.1116 0.2982 
   NS_SS0986  1 0.0807 0.2144 0.2127 0.2331 0.2591 
   NS_SS0953  1 0.2567 0.3536 0.0816 0.1169 0.1912 
   NS_SS0907  1 0.1366 0.4169 0.1663 0.1739 0.1063 
   NS_SS0974  1 0.2823 0.2493 0.1555 0.1923 0.1206 
   NS_SS0989  1 0.2088 0.0788 0.2881 0.3241 0.1002 
   NS_SS0991  1 0.0698 0.3809 0.0874 0.2368 0.2252 
   NS_SS0994  1 0.2226 0.1137 0.1165 0.4658 0.0813 
   NS_SS0931  1 0.0738 0.2334 0.2110 0.3151 0.1667 
   NS_SS1000  1 0.2565 0.2281 0.2014 0.1311 0.1829 
   NS_SS0919  1 0.0935 0.2521 0.3670 0.1969 0.0905 
   NS_SS0949  1 0.2257 0.1244 0.2267 0.2825 0.1406 
   NS_SS0960  1 0.1250 0.2416 0.1659 0.2435 0.2240 
   NS_SS0716  1 0.1710 0.0796 0.1285 0.1230 0.4979 
   NS_SS0924  1 0.1287 0.2842 0.2003 0.2100 0.1768 
   NS_SS0935  1 0.1417 0.2065 0.0901 0.3132 0.2485 
   NS_SS0952  1 0.1251 0.3010 0.1848 0.2770 0.1121 
   NS_SS0962  1 0.1817 0.1306 0.3817 0.1119 0.1942 
   NS_SS0973  1 0.2300 0.3482 0.1351 0.1480 0.1387 
   NS_SS0722  1 0.4005 0.2859 0.0815 0.0827 0.1495 
   NS_SS0979  1 0.1336 0.2381 0.2307 0.1185 0.2790 
   NS_SS0993  1 0.2559 0.3202 0.1631 0.0835 0.1773 
   NS_SS0958  1 0.1717 0.1709 0.1620 0.3097 0.1858 
   NS_SS0988  1 0.0805 0.2172 0.3555 0.1932 0.1535 
   NS_SS1003  1 0.0728 0.1601 0.4671 0.0717 0.2283 
   NS_SS0976  1 0.1052 0.2231 0.2774 0.2774 0.1168 
   NS_SS0964  1 0.3441 0.1504 0.0970 0.1059 0.3026 
   NS_SS0939  1 0.2010 0.0637 0.1713 0.0933 0.4708 
   NS_SS0990  1 0.1253 0.0841 0.3094 0.2487 0.2326 
   NS_SS0984  1 0.3031 0.1584 0.2204 0.0877 0.2303 
   NS_SS0980  1 0.3717 0.2926 0.1217 0.1092 0.1048 
   NS_SS0978  1 0.2980 0.2075 0.2239 0.1427 0.1279 
   NS_SS0951  1 0.0835 0.3015 0.0926 0.2303 0.2922 
   NS_SS0913  1 0.2184 0.1751 0.1303 0.1390 0.3371 
   NS_SS1002  1 0.1133 0.1967 0.5220 0.0844 0.0835 
   NS_SS0948  1 0.1158 0.2975 0.2031 0.2084 0.1752 
   NS_SS0916  1 0.3291 0.0926 0.2148 0.1941 0.1694 
   NS_SS0995  1 0.3038 0.1293 0.1805 0.1302 0.2562 
   NS_SS0927  1 0.2656 0.1199 0.2292 0.2591 0.1263 
   NS_SS0992  1 0.3191 0.1343 0.2484 0.2007 0.0975 
   NS_SS0912  1 0.0775 0.1654 0.2189 0.2363 0.3020 
   NS_SS0981  1 0.0864 0.2721 0.2969 0.1138 0.2308 
   NS_SS0729  2 0.2799 0.2044 0.1248 0.3332 0.0577 
   NS_SS0967  2 0.1697 0.2932 0.3172 0.1008 0.1192 
   NS_SS0941  2 0.3231 0.1298 0.2018 0.1379 0.2073 
   NS_SS0768  2 0.1484 0.2236 0.1977 0.1586 0.2717 
   NS_SS0726  2 0.3101 0.1419 0.2407 0.2413 0.0659 
   NS_SS0763  2 0.2326 0.2035 0.1529 0.2784 0.1326 
   NS_SS0730  2 0.2166 0.1313 0.2565 0.1200 0.2756 
   NS_SS0774  2 0.3462 0.1890 0.1741 0.0966 0.1941 
   NS_SS0723  2 0.2352 0.2335 0.2682 0.0723 0.1907 
   NS_SS0940  2 0.2372 0.1019 0.2062 0.2242 0.2306 
   NS_SS0762  2 0.3907 0.1999 0.0913 0.0720 0.2462 
   NS_SS0766  2 0.3102 0.0924 0.1138 0.1976 0.2860 
   NS_SS0724  2 0.1930 0.3029 0.1154 0.1208 0.2678 
   NS_SS0769  2 0.1454 0.1673 0.2980 0.1649 0.2244 
   NS_SS0777  2 0.0931 0.2257 0.2060 0.2758 0.1995 
   NS_SS0734  2 0.2029 0.1367 0.1543 0.2150 0.2911 
   NS_SS0737  2 0.4663 0.1044 0.1592 0.0874 0.1826 
   NS_SS0732  2 0.1399 0.2489 0.1188 0.1072 0.3852 
   NS_SS0728  2 0.3270 0.1467 0.1346 0.1569 0.2348 
   NS_SS0735  2 0.3466 0.2221 0.0785 0.1257 0.2272 
   NS_SS0725  2 0.3259 0.1452 0.2184 0.1216 0.1889 
   NS_SS0788  2 0.1541 0.1309 0.3996 0.1485 0.1669 
   NS_SS0778  2 0.1133 0.1578 0.3140 0.2180 0.1969 
   NS_SS0792  2 0.2000 0.2066 0.1163 0.2037 0.2734 
   NS_SS0943  2 0.1106 0.3463 0.1042 0.2919 0.1470 
   NS_SS0791  2 0.2756 0.0899 0.1292 0.2426 0.2627 
   NS_SS0790  2 0.1647 0.3145 0.1144 0.0583 0.3482 
   NS_SS0731  2 0.1331 0.1797 0.1434 0.1365 0.4074 
   NS_SS0727  2 0.4267 0.1191 0.0678 0.2720 0.1145 
   NS_SS0779  2 0.1761 0.2192 0.2074 0.1821 0.2151 
   NS_SS0776  2 0.2724 0.1320 0.1893 0.1871 0.2191 
   NS_SS0775  2 0.3444 0.1108 0.1305 0.0970 0.3173 
   NS_SS0965  3 0.1182 0.2512 0.2201 0.1369 0.2736 
   NS_SS0754  3 0.1641 0.1390 0.1489 0.2912 0.2569 
   NS_SS0838  3 0.1970 0.2000 0.2326 0.2038 0.1666 
   NS_SS0839  3 0.2628 0.1626 0.2182 0.0876 0.2688 
   NS_SS0832  3 0.1437 0.3654 0.1804 0.0685 0.2420 
   NS_SS0820  3 0.1582 0.2010 0.3132 0.0830 0.2446 
   NS_SS0886  3 0.1477 0.1414 0.1997 0.2612 0.2499 
   NS_SS0748  3 0.0976 0.3153 0.1991 0.2244 0.1636 
   NS_SS0884  3 0.2321 0.2302 0.1724 0.1818 0.1835 
   NS_SS0752  3 0.3193 0.1819 0.1858 0.1500 0.1631 
   NS_SS0862  3 0.1671 0.2551 0.1150 0.0938 0.3689 
   NS_SS0787  3 0.0935 0.1440 0.1373 0.4712 0.1539 
   NS_SS0843  3 0.2428 0.2573 0.1422 0.1605 0.1972 
   NS_SS0856  3 0.3448 0.0790 0.2419 0.1644 0.1698 
   NS_SS0846  3 0.2107 0.3145 0.2271 0.1800 0.0677 
   NS_SS0825  3 0.1017 0.1604 0.3772 0.1695 0.1911 
   NS_SS0757  3 0.1253 0.2571 0.1436 0.2229 0.2512 
   NS_SS0876  3 0.2829 0.2163 0.1453 0.1549 0.2005 
   NS_SS0903  3 0.3500 0.2938 0.1734 0.0824 0.1004 
   NS_SS0875  3 0.1397 0.1467 0.2434 0.1718 0.2984 
   NS_SS0740  3 0.2450 0.2779 0.1255 0.1580 0.1935 
   NS_SS0811  3 0.1150 0.1899 0.1040 0.1009 0.4902 
   NS_SS0751  3 0.2307 0.1154 0.3109 0.1370 0.2060 
   NS_SS0891  3 0.2544 0.1458 0.2246 0.1672 0.2079 
   NS_SS0867  3 0.0919 0.3964 0.1907 0.1963 0.1247 
   NS_SS0890  3 0.2058 0.2445 0.1971 0.1616 0.1910 
   NS_SS0866  3 0.1787 0.1072 0.1456 0.4386 0.1299 
   NS_SS0755  3 0.1337 0.2857 0.1763 0.1553 0.2491 
   NS_SS0758  3 0.3000 0.2107 0.1648 0.1809 0.1436 
   NS_SS0840  3 0.1565 0.2476 0.2821 0.0696 0.2442 
   NS_SS0889  3 0.1124 0.1669 0.1333 0.3471 0.2403 
   NS_SS1010  3 0.1282 0.2017 0.3304 0.1510 0.1887 
   NS_SS0888  3 0.2947 0.0936 0.0828 0.3634 0.1655 
   NS_SS0837  3 0.1192 0.3279 0.1371 0.1056 0.3102 
   NS_SS0794  3 0.2779 0.1247 0.0834 0.3360 0.1780 
   NS_SS0823  3 0.2705 0.3310 0.1751 0.1011 0.1222 
   NS_SS0829  3 0.0640 0.2516 0.0928 0.3962 0.1954 
   NS_SS0844  3 0.1380 0.5647 0.1221 0.0667 0.1084 
   NS_SS1008  3 0.2669 0.1449 0.0939 0.2945 0.1998 
   NS_SS0881  3 0.1201 0.1191 0.3771 0.2091 0.1745 
   NS_SS0834  3 0.3708 0.1476 0.2381 0.1001 0.1434 
   NS_SS0744  3 0.2017 0.2039 0.2469 0.1774 0.1701 
   NS_SS0899  3 0.1213 0.2677 0.1015 0.0985 0.4110 
   NS_SS0804  3 0.1779 0.2596 0.2093 0.0688 0.2844 
   NS_SS0781  3 0.1680 0.2704 0.3033 0.0845 0.1738 
   NS_SS0822  3 0.2896 0.2965 0.0869 0.2002 0.1269 
   NS_SS1004  3 0.1623 0.3523 0.1796 0.1356 0.1702 
   NS_SS0746  3 0.1757 0.3706 0.1654 0.1897 0.0986 
   NS_SS0880  3 0.1901 0.3160 0.2056 0.1177 0.1705 
   NS_SS0879  3 0.2733 0.2227 0.1368 0.1540 0.2132 
   NS_SS0753  3 0.1120 0.2690 0.1118 0.2723 0.2349 
   NS_SS1007  3 0.3665 0.0804 0.2799 0.1394 0.1338 
   NS_SS0872  3 0.2420 0.2074 0.2432 0.1171 0.1903 
   NS_SS1005  3 0.1718 0.3393 0.2330 0.1166 0.1394 
   NS_SS0892  3 0.2077 0.1978 0.1846 0.1893 0.2206 
   NS_SS0898  3 0.1508 0.2179 0.1749 0.2519 0.2045 
   NS_SS0801  3 0.1080 0.2979 0.1531 0.1787 0.2622 
   NS_SS0827  3 0.0720 0.1713 0.1841 0.2234 0.3493 
   NS_SS0853  3 0.0932 0.1455 0.0949 0.2345 0.4319 
   NS_SS0780  3 0.1866 0.1617 0.2738 0.1279 0.2500 
   NS_SS0826  3 0.0735 0.2888 0.3855 0.1614 0.0907 
   NS_SS0818  3 0.2504 0.1704 0.2443 0.0768 0.2581 
   NS_SS0745  3 0.2800 0.0648 0.1514 0.0844 0.4194 
   NS_SS0849  3 0.0658 0.2076 0.1863 0.1303 0.4099 
   NS_SS0739  3 0.1726 0.0850 0.3090 0.1552 0.2782 
   NS_SS0799  3 0.2947 0.1923 0.0729 0.2500 0.1900 
   NS_SS0756  3 0.1103 0.3488 0.2746 0.0876 0.1786 
   NS_SS0802  3 0.2220 0.1535 0.3156 0.2078 0.1011 
   NS_SS0747  3 0.1730 0.2878 0.2410 0.1641 0.1341 
   NS_SS0835  3 0.1731 0.1448 0.2125 0.3772 0.0924 
   NS_SS0742  3 0.1954 0.2396 0.2508 0.1222 0.1919 
   NS_SS0760  3 0.1554 0.1747 0.1554 0.3755 0.1390 
   NS_SS0803  3 0.2753 0.4688 0.0747 0.0853 0.0960 
   NS_SS0828  3 0.1470 0.1836 0.1480 0.1962 0.3253 
   NS_SS0865  3 0.0899 0.2049 0.3033 0.1780 0.2239 
   NS_SS0759  3 0.2481 0.1917 0.1835 0.0993 0.2774 
   NS_SS0851  3 0.0958 0.1446 0.1528 0.1102 0.4966 
   NS_SS0874  3 0.1770 0.4427 0.1217 0.1015 0.1572 
   NS_SS0761  3 0.0879 0.2332 0.1651 0.3432 0.1706 
   NS_SS0842  3 0.1753 0.2094 0.1561 0.2599 0.1993 
   NS_SS0785  3 0.1751 0.2755 0.1392 0.2359 0.1743 
   NS_SS0860  3 0.1492 0.1840 0.1835 0.3831 0.1002 
   NS_SS0897  3 0.1331 0.1197 0.0973 0.4488 0.2011 
   NS_SS0841  3 0.1938 0.2079 0.1342 0.0893 0.3748 
   NS_SS0797  3 0.0845 0.2053 0.2007 0.2488 0.2607 
   NS_SS0830  3 0.1415 0.1828 0.2482 0.1847 0.2429 
   NS_SS1011  3 0.1345 0.2341 0.3780 0.0984 0.1550 
   NS_SS0883  3 0.1366 0.2021 0.1145 0.2269 0.3199 
   NS_SS0782  3 0.3455 0.1514 0.1152 0.2258 0.1622 
   NS_SS0831  3 0.0945 0.1528 0.1050 0.3521 0.2956 
   NS_SS0749  3 0.2066 0.1215 0.1637 0.2122 0.2960 
   NS_SS0854  3 0.3940 0.1632 0.1125 0.1948 0.1355 
   HI_SS0193  4 0.2631 0.0974 0.1514 0.2824 0.2057 
   HI_SS0194  4 0.3339 0.1482 0.2623 0.1319 0.1236 
   HI_SS0195  4 0.1553 0.1010 0.2531 0.0783 0.4124 
   HI_SS0196  4 0.3441 0.1330 0.1292 0.2172 0.1765 
   HI_SS0197  4 0.1119 0.0895 0.6018 0.1202 0.0767 
   HI_SS0198  4 0.1447 0.1481 0.1749 0.2310 0.3013 
   HI_SS0199  4 0.3742 0.1255 0.1109 0.2573 0.1321 
   HI_SS0201  4 0.0781 0.2731 0.1362 0.3563 0.1562 
   HI_SS0215  4 0.0798 0.2029 0.2075 0.3573 0.1525 
   HI_SS0218  4 0.2003 0.0857 0.0765 0.4152 0.2223 
   HI_SS0222  4 0.2010 0.0901 0.2616 0.1830 0.2643 
   HI_SS0230  4 0.0889 0.2089 0.3663 0.1382 0.1977 
   HI_SS0234  4 0.3428 0.1440 0.2838 0.1566 0.0728 
   HI_SS0240  4 0.4342 0.1007 0.1366 0.1363 0.1923 
   HI_SS0241  4 0.1601 0.2117 0.1685 0.3102 0.1494 
   HI_SS0242  4 0.1762 0.2720 0.1452 0.2096 0.1970 
   HI_SS0247  4 0.0943 0.4090 0.1977 0.1384 0.1605 
   HI_SS0248  4 0.3138 0.2210 0.0679 0.3015 0.0958 
   HI_SS0252  4 0.3222 0.2485 0.0904 0.1261 0.2127 
   HI_SS0254  4 0.1494 0.2101 0.3444 0.2047 0.0915 
   HI_SS0256  4 0.2549 0.2563 0.2353 0.0425 0.2110 
   HI_SS0257  4 0.1963 0.2644 0.1888 0.2958 0.0547 
   HI_SS0258  4 0.1649 0.1995 0.1185 0.3308 0.1863 
   HI_SS0259  4 0.2481 0.1066 0.3576 0.1144 0.1733 
   HI_SS0260  4 0.2549 0.1295 0.1231 0.3261 0.1664 
   HI_SS0261  4 0.1692 0.2455 0.2978 0.2089 0.0785 
   HI_SS0262  4 0.1975 0.1411 0.2029 0.1420 0.3165 
   HI_SS0264  4 0.1057 0.1643 0.3162 0.1416 0.2723 
   HI_SS0265  4 0.1318 0.1551 0.3349 0.1274 0.2508 
   HI_SS0268  4 0.1289 0.0692 0.3117 0.2135 0.2767 
   HI_SS0269  4 0.1889 0.1521 0.2147 0.3859 0.0583 
   HI_SS0273  4 0.1399 0.2455 0.2119 0.2773 0.1254 
   HI_SS0277  4 0.0846 0.1690 0.5356 0.0982 0.1126 
   HI_SS0280  4 0.1747 0.1002 0.1732 0.1786 0.3733 
   HI_SS0282  4 0.1716 0.3145 0.1216 0.2403 0.1520 
   HI_SS0286  4 0.1615 0.1543 0.1951 0.2328 0.2563 
   NS_SS1252  5 0.1519 0.1720 0.0899 0.4682 0.1180 
   NS_SS1261  5 0.1820 0.1930 0.2554 0.1863 0.1834 
   NS_SS1225  5 0.1085 0.3929 0.1552 0.2436 0.0998 
   NS_SS1266  5 0.1496 0.4847 0.1402 0.0680 0.1575 
   NS_SS1228  5 0.1422 0.1142 0.1711 0.1238 0.4488 
   NS_SS1255  5 0.4690 0.1322 0.1055 0.1645 0.1287 
   NS_SS1267  5 0.1246 0.0805 0.1526 0.4821 0.1603 
   NS_SS1238  5 0.1171 0.1159 0.3232 0.2008 0.2430 
   NS_SS1233  5 0.0869 0.5022 0.1277 0.1106 0.1727 
   NS_SS1277  5 0.3069 0.0876 0.1205 0.3045 0.1806 
   NS_SS1245  5 0.1902 0.3495 0.1491 0.2145 0.0967 
   NS_SS1240  5 0.1383 0.1121 0.1986 0.4695 0.0815 
   NS_SS1275  5 0.1476 0.1602 0.4052 0.0703 0.2168 
   NS_SS1235  5 0.4021 0.2396 0.1668 0.1280 0.0635 
   NS_SS1263  5 0.2802 0.3440 0.1081 0.1014 0.1663 
   NS_SS1251  5 0.1827 0.3766 0.1976 0.1125 0.1307 
   NS_SS1248  5 0.0609 0.1102 0.1539 0.2019 0.4731 
   NS_SS1244  5 0.1077 0.2278 0.3851 0.1580 0.1215 
   NS_SS1257  5 0.2209 0.1571 0.1362 0.3310 0.1548 
   NS_SS1242  5 0.2511 0.2162 0.1831 0.1118 0.2378 
   NS_SS1271  5 0.1579 0.1106 0.1493 0.4357 0.1465 
   NS_SS1265  5 0.1138 0.1809 0.2169 0.3606 0.1278 
   NS_SS1243  5 0.2339 0.1569 0.0873 0.1624 0.3595 
   NS_SS1273  5 0.2635 0.1848 0.1910 0.0910 0.2696 
   NS_SS1254  5 0.1652 0.4127 0.1122 0.1166 0.1933 
   NS_SS1224  5 0.1514 0.3105 0.1386 0.1065 0.2930 
   NS_SS1227  5 0.2120 0.1331 0.2841 0.2650 0.1058 
   NS_SS1274  5 0.2285 0.1616 0.1340 0.2656 0.2103 
   NS_SS1241  5 0.1677 0.2798 0.1599 0.2368 0.1558 
   NS_SS1256  5 0.1203 0.3556 0.2435 0.2006 0.0800 
   NS_SS1260  5 0.2365 0.1635 0.1287 0.3417 0.1296 
   NS_SS1262  5 0.1134 0.2872 0.1886 0.2425 0.1683 
   NS_SS1230  5 0.1759 0.1866 0.1752 0.2494 0.2130 
   NS_SS1270  5 0.0776 0.3700 0.1761 0.1211 0.2552 
   NS_SS1229  5 0.4269 0.1404 0.2880 0.0905 0.0543 
   NS_SS1246  5 0.2494 0.1049 0.2820 0.2681 0.0955 
   NS_SS1269  5 0.2257 0.1981 0.1815 0.1491 0.2456 
   NS_SS1239  5 0.3671 0.1171 0.1086 0.1005 0.3068 
   NS_SS1272  5 0.0928 0.1759 0.5306 0.1132 0.0875 
   NS_SS1268  5 0.0960 0.3516 0.0911 0.0982 0.3632 
   NS_SS1249  5 0.2667 0.1335 0.0874 0.4141 0.0983 
   HI_SS0559  6 0.2341 0.2075 0.0833 0.2031 0.2721 
   HI_SS0563  6 0.1851 0.2423 0.2142 0.1814 0.1771 
   HI_SS0564  6 0.1783 0.2261 0.2667 0.1428 0.1861 
   HI_SS0565  6 0.1227 0.2234 0.3181 0.2203 0.1155 
   HI_SS0569  6 0.0575 0.4038 0.1411 0.2847 0.1128 
   HI_SS0570  6 0.1555 0.0873 0.1827 0.3711 0.2034 
   HI_SS0572  6 0.4191 0.2062 0.1606 0.0966 0.1175 
   HI_SS0576  6 0.1809 0.1285 0.2108 0.1084 0.3715 
   HI_SS0579  6 0.1961 0.4327 0.0849 0.2015 0.0848 
   HI_SS0580  6 0.2655 0.1319 0.0986 0.2872 0.2167 
   HI_SS0581  6 0.1307 0.1116 0.3924 0.0922 0.2732 
   HI_SS0583  6 0.2257 0.1979 0.1324 0.3393 0.1047 
   HI_SS0586  6 0.0795 0.1105 0.1216 0.4450 0.2434 
   HI_SS0588  6 0.1775 0.2915 0.1049 0.2884 0.1376 
   HI_SS0595  6 0.1511 0.1223 0.3952 0.2345 0.0968 
   HI_SS0596  6 0.4600 0.1782 0.0948 0.0920 0.1750 
   HI_SS0597  6 0.2729 0.1882 0.2799 0.1268 0.1323 
   HI_SS0600  6 0.2042 0.1405 0.2528 0.2415 0.1611 
   HI_SS0601  6 0.0891 0.3290 0.2344 0.1883 0.1592 
   HI_SS0602  6 0.1472 0.1178 0.1046 0.2957 0.3348 
   HI_SS0604  6 0.1958 0.3174 0.0993 0.1862 0.2013 
   HI_SS0605  6 0.1879 0.1728 0.0985 0.2475 0.2932 
   HI_SS0608  6 0.2129 0.1234 0.1551 0.1818 0.3268 
   HI_SS0609  6 0.1925 0.3611 0.2193 0.0971 0.1300 
   HI_SS0611  6 0.1171 0.1280 0.1006 0.3523 0.3020 
   HI_SS0612  6 0.2551 0.4199 0.1165 0.1528 0.0557 
   HI_SS0613  6 0.0924 0.1970 0.1094 0.1934 0.4078 
   HI_SS0615  6 0.3269 0.1148 0.2200 0.0774 0.2608 
   HI_SS0001  6 0.3105 0.1211 0.2223 0.2344 0.1117 
   HI_SS0002  6 0.2142 0.3092 0.2386 0.0941 0.1440 
   HI_SS0004  6 0.2420 0.0957 0.1307 0.3203 0.2113 
   HI_SS0005  6 0.0914 0.1066 0.2200 0.1538 0.4281 
   HI_SS0006  6 0.1404 0.2705 0.2176 0.2815 0.0899 
   HI_SS0007  6 0.1527 0.1014 0.0687 0.3016 0.3757 
   HI_SS0008  6 0.1302 0.2015 0.3021 0.1483 0.2178 
   HI_SS0009  6 0.3120 0.1663 0.0740 0.1044 0.3433 
   HI_SS0010  6 0.1087 0.1714 0.1987 0.2414 0.2798 
   HI_SS0011  6 0.0707 0.3752 0.2674 0.1187 0.1680 
   HI_SS0012  6 0.2399 0.1460 0.3387 0.0772 0.1982 
   HI_SS0017  6 0.3983 0.1296 0.1737 0.1277 0.1707 
   HI_SS0021  6 0.1035 0.1329 0.2760 0.3070 0.1806 
   HI_SS0024  6 0.2091 0.1000 0.3029 0.1095 0.2786 
   HI_SS0025  6 0.3030 0.1973 0.1025 0.1221 0.2752 
   HI_SS0027  6 0.1586 0.2726 0.0832 0.2610 0.2246 
   HI_SS0028  6 0.0928 0.1049 0.3818 0.0619 0.3586 
   HI_SS0029  6 0.2373 0.0718 0.2223 0.2078 0.2609 
   HI_SS0030  6 0.2372 0.1996 0.1801 0.2077 0.1754 
   HI_SS0031  6 0.2502 0.2038 0.3129 0.1318 0.1014 
   HI_SS0034  6 0.2093 0.2706 0.1039 0.3267 0.0895 
   HI_SS0036  6 0.1057 0.0521 0.2884 0.3594 0.1944 
   HI_SS0037  6 0.0954 0.1705 0.0987 0.3816 0.2538 
   HI_SS0039  6 0.0906 0.1177 0.1753 0.2763 0.3402 
   HI_SS0041  6 0.2173 0.0914 0.1838 0.1181 0.3894 
   HI_SS0042  6 0.2045 0.1809 0.2972 0.1005 0.2169 
   HI_SS0043  6 0.0901 0.1117 0.2264 0.4413 0.1305 
   HI_SS0044  6 0.3604 0.0730 0.1193 0.2642 0.1831 
   HI_SS0047  6 0.2728 0.2337 0.1725 0.1280 0.1930 
   HI_SS0049  6 0.3418 0.2312 0.1133 0.1379 0.1758 
   HI_SS0051  6 0.1136 0.3078 0.1156 0.1531 0.3099 
   HI_SS0053  6 0.1364 0.1538 0.2795 0.3397 0.0906 
   HI_SS0054  6 0.0750 0.3339 0.1332 0.3145 0.1434 
   HI_SS0057  6 0.1287 0.1943 0.2329 0.1579 0.2862 
   HI_SS0058  6 0.1720 0.2277 0.1022 0.3202 0.1779 
   HI_SS0060  6 0.1107 0.2065 0.2886 0.1591 0.2351 
   HI_SS0087  6 0.1677 0.2391 0.2782 0.2140 0.1009 
   HI_SS0091  6 0.1186 0.1398 0.2902 0.3816 0.0698 
   HI_SS0095  6 0.2054 0.2005 0.2550 0.2053 0.1338 
   HI_SS0097  6 0.1520 0.4777 0.1473 0.1186 0.1043 
   HI_SS0099  6 0.2152 0.1382 0.1568 0.1709 0.3189 
   HI_SS0103  6 0.3268 0.1550 0.2411 0.1614 0.1157 
   HI_SS0105  6 0.0950 0.2350 0.3611 0.1544 0.1544 
   HI_SS0107  6 0.4080 0.1826 0.2040 0.0762 0.1292 
   HI_SS0108  6 0.1333 0.1417 0.1294 0.4876 0.1079 
   HI_SS0110  6 0.2205 0.1002 0.4104 0.1813 0.0876 
   HI_SS0111  6 0.2115 0.1064 0.2942 0.1823 0.2057 
   HI_SS0112  6 0.1632 0.1076 0.1619 0.4313 0.1361 
   HI_SS0113  6 0.2291 0.1781 0.2886 0.1019 0.2023 
   HI_SS0114  6 0.0868 0.2245 0.1340 0.3180 0.2368 
   HI_SS0115  6 0.3540 0.1879 0.0692 0.1881 0.2009 
   HI_SS0116  6 0.3271 0.1190 0.1127 0.3218 0.1194 
   HI_SS0117  6 0.1056 0.2588 0.3220 0.2457 0.0679 
   HI_SS0118  6 0.1587 0.2233 0.2124 0.2892 0.1164 
   HI_SS0119  6 0.1083 0.1769 0.3582 0.2393 0.1173 
   HI_SS0120  6 0.3551 0.1199 0.3492 0.0784 0.0974 
   HI_SS0121  6 0.0571 0.1665 0.4554 0.0847 0.2362 
   HI_SS0122  6 0.1496 0.1373 0.2973 0.2025 0.2132 
   HI_SS0123  6 0.1789 0.2358 0.3007 0.1726 0.1120 
   HI_SS0124  6 0.3941 0.1189 0.1106 0.0769 0.2994 
   HI_SS0125  6 0.2229 0.1496 0.2496 0.0818 0.2961 
   HI_SS0126  6 0.2465 0.1089 0.1409 0.3671 0.1365 
   HI_SS0127  6 0.0877 0.2862 0.1153 0.1611 0.3497 
   HI_SS0128  6 0.3059 0.2083 0.2194 0.1578 0.1086 
   HI_SS0129  6 0.2140 0.1147 0.1917 0.3119 0.1677 
   HI_SS0131  6 0.0670 0.2659 0.1323 0.2741 0.2606 
   HI_SS0132  6 0.1107 0.1928 0.3428 0.1632 0.1905 
   HI_SS0133  6 0.1678 0.0990 0.1157 0.4729 0.1446 
   HI_SS0134  6 0.1913 0.2669 0.1911 0.2104 0.1403 
   HI_SS0142  6 0.1283 0.2778 0.2786 0.1586 0.1568 
   HI_SS0145  6 0.2524 0.3021 0.1230 0.2200 0.1025 
   HI_SS0146  6 0.1970 0.2832 0.0970 0.2402 0.1825 
   HI_SS0147  6 0.1071 0.2412 0.1633 0.1182 0.3702 
   HI_SS0149  6 0.0760 0.1639 0.4917 0.1660 0.1024 
   HI_SS0150  6 0.2149 0.1864 0.1910 0.1059 0.3017 
   HI_SS0151  6 0.3933 0.1617 0.0774 0.1957 0.1719 
   NS_SS1451  6 0.2882 0.1221 0.1811 0.0886 0.3200 
   NS_SS1404  6 0.1251 0.1329 0.1758 0.1688 0.3975 
   NS_SS1432  6 0.2366 0.0633 0.4232 0.0863 0.1905 
   NS_SS1405  6 0.2781 0.1274 0.1565 0.2015 0.2366 
   NS_SS1431  6 0.2099 0.1366 0.3887 0.0880 0.1768 
   NS_SS1402  6 0.2263 0.1821 0.2658 0.1979 0.1278 
   NS_SS1450  6 0.2802 0.1100 0.1334 0.2969 0.1795 
   NS_SS1396  6 0.1624 0.1745 0.2429 0.1663 0.2538 
   NS_SS1393  6 0.2394 0.1445 0.1622 0.2509 0.2030 
   NS_SS1392  6 0.3603 0.0802 0.1429 0.1267 0.2898 
   NS_SS1445  6 0.0833 0.2516 0.2325 0.2979 0.1348 
   NS_SS1423  6 0.2614 0.1239 0.3165 0.2109 0.0872 
   NS_SS1421  6 0.1703 0.1829 0.2882 0.2229 0.1357 
   NS_SS1411  6 0.1078 0.1165 0.0908 0.3253 0.3596 
   NS_SS1453  6 0.1226 0.1054 0.3525 0.2736 0.1459 
   NS_SS1442  6 0.1828 0.3691 0.1279 0.1641 0.1560 
   NS_SS1422  6 0.3093 0.2948 0.1588 0.1386 0.0985 
   NS_SS1419  6 0.0874 0.4106 0.1017 0.1392 0.2611 
   NS_SS1427  6 0.3137 0.0605 0.1340 0.4018 0.0900 
   NS_SS1444  6 0.1600 0.2960 0.1090 0.1295 0.3055 
   NS_SS1455  6 0.2953 0.2724 0.1911 0.0898 0.1514 
   NS_SS1425  6 0.1002 0.2288 0.1463 0.4088 0.1158 
   NS_SS1400  6 0.1027 0.2496 0.1177 0.3379 0.1921 
   NS_SS1406  6 0.1248 0.3392 0.3380 0.0688 0.1293 
   NS_SS1417  6 0.1654 0.2363 0.1987 0.2355 0.1641 
   NS_SS1454  6 0.0728 0.1215 0.3488 0.2720 0.1849 
   NS_SS1412  6 0.2040 0.1395 0.1660 0.2617 0.2288 
   NS_SS1438  6 0.0934 0.2564 0.1168 0.3643 0.1691 
   NS_SS1416  6 0.1387 0.1908 0.2357 0.1924 0.2425 
   NS_SS1401  6 0.1653 0.1778 0.3426 0.1957 0.1186 
   NS_SS1424  6 0.1519 0.1389 0.3683 0.1971 0.1438 
   NS_SS1435  6 0.2490 0.0892 0.2302 0.1651 0.2664 
   NS_SS1447  6 0.1311 0.3249 0.1644 0.1265 0.2531 
   NS_SS1414  6 0.1374 0.2647 0.1225 0.1212 0.3541 
   NS_SS1449  6 0.3209 0.1234 0.2739 0.1409 0.1409 
   NS_SS1443  6 0.3072 0.2246 0.1186 0.2846 0.0651 
   NS_SS1434  6 0.4811 0.1457 0.1031 0.1819 0.0882 
   NS_SS1398  6 0.2793 0.1270 0.2068 0.1530 0.2339 
   NS_SS1426  6 0.1681 0.1413 0.1734 0.3903 0.1269 
   NS_SS1413  6 0.2487 0.1996 0.1486 0.2910 0.1121 
   NS_SS1395  6 0.2027 0.1710 0.2409 0.2879 0.0975 
   NS_SS1448  6 0.1538 0.1092 0.1304 0.2708 0.3357 
   NS_SS1446  6 0.1873 0.1653 0.2300 0.2995 0.1179 
   NS_SS1403  6 0.1735 0.0986 0.4469 0.1174 0.1635 
   NS_SS1415  6 0.1853 0.1656 0.1378 0.3071 0.2043 
   NS_SS1437  6 0.1215 0.1590 0.3913 0.1420 0.1862 
   NS_SS1439  6 0.2133 0.3190 0.1613 0.1801 0.1262 
   NS_SS1441  6 0.2586 0.2057 0.1562 0.2702 0.1094 
   NS_SS1420  6 0.1498 0.1061 0.0717 0.1083 0.5641 
   NS_SS1394  6 0.1281 0.1300 0.2320 0.1157 0.3943 
   NS_SS1391  6 0.3802 0.0937 0.1725 0.2481 0.1054 
   NS_SS1410  6 0.1859 0.1411 0.2800 0.2449 0.1481 
   NS_SS1408  6 0.1377 0.2234 0.3276 0.1346 0.1767 
   NS_SS1409  6 0.3840 0.1308 0.1594 0.2244 0.1014 
   HI_SS0617  7 0.3497 0.1009 0.1196 0.2630 0.1668 
   HI_SS0618  7 0.2217 0.1818 0.1318 0.1457 0.3190 
   HI_SS0619  7 0.2677 0.1145 0.1429 0.2099 0.2651 
   HI_SS0620  7 0.1991 0.1154 0.0586 0.3960 0.2308 
   HI_SS0621  7 0.2216 0.2016 0.2330 0.1373 0.2065 
   HI_SS0622  7 0.1576 0.3040 0.1406 0.1857 0.2121 
   HI_SS0626  7 0.0920 0.1099 0.2110 0.1831 0.4041 
   HI_SS0627  7 0.1893 0.1186 0.4251 0.1133 0.1538 
   HI_SS0628  7 0.1151 0.0979 0.2855 0.3222 0.1794 
   HI_SS0629  7 0.1155 0.1911 0.2671 0.2231 0.2032 
   HI_SS0630  7 0.2197 0.1702 0.1100 0.2394 0.2607 
   HI_SS0631  7 0.1817 0.1450 0.1679 0.2457 0.2598 
   HI_SS0632  7 0.1021 0.2643 0.1490 0.1818 0.3027 
   HI_SS0633  7 0.4346 0.1517 0.0896 0.1617 0.1623 
   HI_SS0634  7 0.1274 0.1214 0.3015 0.1935 0.2562 
   HI_SS0635  7 0.1629 0.2205 0.1845 0.1172 0.3149 
   HI_SS0637  7 0.0842 0.3225 0.2248 0.1878 0.1806 
   HI_SS0638  7 0.2394 0.1678 0.1914 0.1919 0.2095 
   HI_SS0639  7 0.1936 0.2241 0.1896 0.1108 0.2820 
   HI_SS0640  7 0.2103 0.3650 0.1199 0.1443 0.1605 
   HI_SS0641  7 0.0843 0.1404 0.1164 0.3253 0.3337 
   HI_SS0642  7 0.1407 0.1237 0.5102 0.0859 0.1394 
   HI_SS0645  7 0.1761 0.1538 0.0894 0.0787 0.5019 
   HI_SS0646  7 0.3693 0.1831 0.1857 0.1666 0.0953 
   HI_SS0647  7 0.2433 0.1752 0.2574 0.1578 0.1662 
   HI_SS0648  7 0.2055 0.2239 0.1672 0.1826 0.2208 
   HI_SS0649  7 0.2400 0.2314 0.1624 0.1885 0.1778 
   HI_SS0650  7 0.4473 0.1163 0.1749 0.1136 0.1479 
   HI_SS0651  7 0.2520 0.2141 0.1517 0.1711 0.2112 
   HI_SS0652  7 0.1897 0.1520 0.1064 0.1102 0.4417 
   NS_SS1371  7 0.2651 0.1345 0.2870 0.2223 0.0911 
   NS_SS1374  7 0.1111 0.0853 0.3101 0.3040 0.1895 
   NS_SS1337  7 0.1547 0.1324 0.3239 0.1012 0.2878 
   NS_SS1385  7 0.3149 0.2253 0.1861 0.1433 0.1303 
   NS_SS1388  7 0.1910 0.1139 0.1980 0.2259 0.2712 
   NS_SS1370  7 0.0978 0.1371 0.1409 0.0963 0.5280 
   NS_SS1389  7 0.1776 0.1085 0.1932 0.1563 0.3643 
   NS_SS1360  7 0.1137 0.2482 0.1485 0.2537 0.2358 
   NS_SS1330  7 0.2329 0.2227 0.1354 0.0993 0.3097 
   NS_SS1328  7 0.3607 0.1244 0.1707 0.2695 0.0747 
   NS_SS1384  7 0.1318 0.3014 0.2174 0.1936 0.1558 
   NS_SS1381  7 0.4682 0.1686 0.1305 0.0819 0.1508 
   NS_SS1375  7 0.3125 0.0658 0.1622 0.1365 0.3230 
   NS_SS1319  7 0.1901 0.1193 0.2883 0.1852 0.2171 
   NS_SS1326  7 0.2398 0.0943 0.1436 0.3880 0.1342 
   NS_SS1341  7 0.0877 0.2336 0.3369 0.2533 0.0886 
   NS_SS1383  7 0.0956 0.1278 0.4426 0.1604 0.1736 
   NS_SS1318  7 0.2059 0.2170 0.0993 0.1922 0.2857 
   NS_SS1348  7 0.1296 0.2173 0.2033 0.3226 0.1272 
   NS_SS1363  7 0.1524 0.2197 0.2109 0.1342 0.2828 
   NS_SS1335  7 0.0853 0.3122 0.1930 0.2332 0.1763 
   NS_SS1358  7 0.1567 0.3237 0.2298 0.2006 0.0892 
   NS_SS1342  7 0.1415 0.2033 0.3640 0.2235 0.0677 
   NS_SS1320  7 0.4731 0.2417 0.1189 0.0501 0.1162 
   NS_SS1355  7 0.2067 0.4177 0.1194 0.1159 0.1403 
   NS_SS1345  7 0.1379 0.5818 0.0887 0.0781 0.1136 
   NS_SS1324  7 0.1677 0.1799 0.2005 0.2668 0.1851 
   NS_SS1347  7 0.2495 0.2123 0.2312 0.1508 0.1563 
   NS_SS1321  7 0.1198 0.0885 0.3584 0.2774 0.1558 
   NS_SS1333  7 0.1312 0.0538 0.3736 0.2758 0.1655 
   NS_SS1364  7 0.0879 0.4163 0.1721 0.2260 0.0977 
   NS_SS1379  7 0.3042 0.2244 0.1454 0.1541 0.1719 
   NS_SS1332  7 0.1072 0.1227 0.2211 0.3833 0.1657 
   NS_SS1338  7 0.1345 0.1441 0.1712 0.2629 0.2873 
   NS_SS1368  7 0.0886 0.2866 0.2627 0.2703 0.0919 
   NS_SS1354  7 0.1498 0.2730 0.2576 0.1569 0.1626 
   NS_SS1365  7 0.1724 0.2205 0.1935 0.1321 0.2815 
   NS_SS1380  7 0.1207 0.3373 0.1793 0.1124 0.2503 
   NS_SS1329  7 0.1142 0.1936 0.3968 0.2321 0.0632 
   NS_SS1362  7 0.2510 0.1925 0.2737 0.1705 0.1122 
   NS_SS1327  7 0.1340 0.0706 0.1364 0.5301 0.1290 
   NS_SS1350  7 0.4681 0.0664 0.1471 0.2194 0.0989 
   NS_SS1387  7 0.1140 0.1934 0.1224 0.1736 0.3965 
   NS_SS1369  7 0.1092 0.3360 0.1170 0.2751 0.1628 
   NS_SS1331  7 0.1073 0.0888 0.2638 0.2111 0.3289 
   NS_SS1357  7 0.4558 0.1062 0.1579 0.2125 0.0676 
   NS_SS1386  7 0.0720 0.1650 0.3011 0.3972 0.0647 
   NS_SS1353  7 0.3020 0.1263 0.2680 0.1564 0.1473 
   NS_SS1323  7 0.2016 0.2731 0.2845 0.0884 0.1524 
   HI_SS0296  8 0.1767 0.1768 0.0786 0.2752 0.2927 
   HI_SS0297  8 0.2858 0.0846 0.4178 0.1080 0.1037 
   HI_SS0299  8 0.1630 0.2950 0.1786 0.2027 0.1607 
   HI_SS0300  8 0.1521 0.3659 0.0915 0.1813 0.2092 
   HI_SS0301  8 0.0520 0.2288 0.2426 0.1414 0.3352 
   HI_SS0302  8 0.1018 0.2222 0.0914 0.2651 0.3196 
   HI_SS0303  8 0.2596 0.1687 0.1141 0.3358 0.1217 
   HI_SS0304  8 0.2039 0.0821 0.1935 0.1993 0.3213 
   HI_SS0306  8 0.1277 0.1619 0.1275 0.3488 0.2342 
   HI_SS0307  8 0.1928 0.2599 0.1988 0.1146 0.2339 
   HI_SS0308  8 0.1365 0.2682 0.2614 0.1176 0.2162 
   HI_SS0309  8 0.1680 0.3698 0.1444 0.1234 0.1944 
   HI_SS0310  8 0.2301 0.2064 0.1323 0.2081 0.2231 
   HI_SS0311  8 0.1009 0.2326 0.1915 0.1801 0.2949 
   HI_SS0314  8 0.3203 0.1222 0.2030 0.1840 0.1705 
   HI_SS0316  8 0.1648 0.2336 0.1822 0.2532 0.1662 
   HI_SS0317  8 0.1428 0.1285 0.3702 0.1305 0.2280 
   HI_SS0318  8 0.0884 0.1513 0.2938 0.3222 0.1443 
   HI_SS0319  8 0.1555 0.2588 0.1021 0.4120 0.0717 
   HI_SS0320  8 0.1463 0.0664 0.4763 0.0972 0.2138 
   HI_SS0321  8 0.2284 0.1101 0.3303 0.2057 0.1255 
   HI_SS0323  8 0.1757 0.1529 0.1233 0.3106 0.2374 
   HI_SS0325  8 0.1009 0.1855 0.1349 0.3269 0.2519 
   HI_SS0327  8 0.3836 0.1862 0.1537 0.2254 0.0510 
   HI_SS0329  8 0.1317 0.1539 0.2491 0.1570 0.3084 
   HI_SS0333  8 0.1891 0.1926 0.2208 0.2045 0.1930 
   HI_SS0334  8 0.1271 0.2428 0.1875 0.3045 0.1381 
   HI_SS0335  8 0.2031 0.3731 0.1829 0.1011 0.1398 
   HI_SS0339  8 0.1336 0.3787 0.1374 0.1263 0.2239 
   HI_SS0343  8 0.2303 0.3175 0.2611 0.0974 0.0937 
   HI_SS0344  8 0.1365 0.1065 0.1547 0.5018 0.1006 
   HI_SS0345  8 0.0853 0.2512 0.2232 0.1883 0.2520 
   HI_SS0346  8 0.1042 0.0898 0.3964 0.2241 0.1855 
   HI_SS0350  8 0.1767 0.4684 0.0702 0.0645 0.2201 
   HI_SS0351  8 0.1289 0.4423 0.1998 0.1332 0.0958 
   HI_SS0352  8 0.1727 0.2510 0.2785 0.1292 0.1686 
   HI_SS0362  8 0.1274 0.1666 0.1283 0.1653 0.4123 
   HI_SS0363  8 0.2842 0.2142 0.1085 0.2965 0.0967 
   HI_SS0365  8 0.2559 0.2035 0.1320 0.2729 0.1358 
   HI_SS0366  8 0.1852 0.1451 0.1083 0.4172 0.1442 
   HI_SS0367  8 0.2181 0.2474 0.2143 0.1083 0.2119 
   HI_SS0369  8 0.1795 0.2343 0.1783 0.1147 0.2932 
   HI_SS0370  8 0.4435 0.1264 0.2160 0.1436 0.0706 
   HI_SS0371  8 0.1012 0.1688 0.1519 0.3533 0.2249 
   HI_SS0373  8 0.2519 0.1796 0.1237 0.1906 0.2541 
   HI_SS0374  8 0.2232 0.1983 0.2252 0.1374 0.2159 
   HI_SS0377  8 0.0803 0.4253 0.1648 0.1956 0.1341 
   HI_SS0379  8 0.0757 0.1193 0.2095 0.5110 0.0845 
   HI_SS0380  8 0.1939 0.2775 0.1945 0.1404 0.1937 
   HI_SS0381  8 0.1288 0.3117 0.2424 0.0952 0.2219 
   HI_SS0384  8 0.2816 0.0727 0.2442 0.2484 0.1530 
   HI_SS0385  8 0.1291 0.1056 0.1737 0.2665 0.3252 
