   NS_SS0963  1 0.2732 0.2680 0.4588 
   NS_SS0983  1 0.1424 0.6567 0.2009 
   NS_SS0719  1 0.4142 0.3667 0.2191 
   NS_SS1001  1 0.4384 0.1493 0.4123 
   NS_SS0936  1 0.1717 0.1918 0.6365 
   NS_SS0955  1 0.1813 0.4835 0.3352 
   NS_SS0944  1 0.2538 0.3087 0.4376 
   NS_SS0945  1 0.2693 0.3345 0.3962 
   NS_SS0922  1 0.4865 0.1397 0.3739 
   NS_SS0929  1 0.2621 0.4655 0.2724 
   NS_SS0956  1 0.6876 0.1238 0.1886 
   NS_SS0906  1 0.2590 0.3963 0.3447 
   NS_SS0721  1 0.5842 0.2540 0.1618 
   NS_SS0982  1 0.4022 0.2700 0.3278 
   NS_SS0923  1 0.4480 0.2365 0.3155 
   NS_SS0905  1 0.4266 0.3313 0.2421 
   NS_SS0925  1 0.2882 0.1394 0.5725 
   NS_SS0947  1 0.2400 0.1849 0.5751 
   NS_SS0926  1 0.2752 0.5836 0.1412 
   NS_SS0918  1 0.4611 0.1533 0.3856 
   NS_SS0966  1 0.2924 0.2446 0.4630 
   NS_SS0938  1 0.2665 0.1595 0.5740 
   NS_SS0917  1 0.2471 0.5456 0.2073 
   NS_SS0957  1 0.6120 0.2021 0.1860 
   NS_SS0987  1 0.7043 0.1773 0.1184 
   NS_SS0717  1 0.4573 0.1545 0.3883 
   NS_SS0986  1 0.5037 0.3333 0.1631 
   NS_SS0953  1 0.2574 0.1361 0.6065 
   NS_SS0907  1 0.1914 0.3420 0.4666 
   NS_SS0974  1 0.1642 0.3188 0.5170 
   NS_SS0989  1 0.1309 0.6389 0.2302 
   NS_SS0991  1 0.3445 0.4172 0.2383 
   NS_SS0994  1 0.0896 0.7370 0.1734 
   NS_SS0931  1 0.4029 0.4214 0.1757 
   NS_SS1000  1 0.2548 0.1570 0.5882 
   NS_SS0919  1 0.2020 0.4897 0.3083 
   NS_SS0949  1 0.1703 0.5627 0.2670 
   NS_SS0960  1 0.3692 0.4532 0.1776 
   NS_SS0716  1 0.7632 0.1017 0.1352 
   NS_SS0924  1 0.2804 0.4639 0.2557 
   NS_SS0935  1 0.3298 0.5145 0.1558 
   NS_SS0952  1 0.1683 0.5477 0.2840 
   NS_SS0962  1 0.4558 0.1793 0.3648 
   NS_SS0973  1 0.1922 0.3168 0.4910 
   NS_SS0722  1 0.1970 0.1054 0.6976 
   NS_SS0979  1 0.5375 0.1831 0.2795 
   NS_SS0993  1 0.2709 0.1354 0.5937 
   NS_SS0958  1 0.2774 0.5028 0.2197 
   NS_SS0988  1 0.3735 0.3968 0.2297 
   NS_SS1003  1 0.6623 0.1244 0.2132 
   NS_SS0976  1 0.2074 0.4720 0.3206 
   NS_SS0964  1 0.4258 0.1239 0.4504 
   NS_SS0939  1 0.7350 0.0999 0.1651 
   NS_SS0990  1 0.4653 0.3417 0.1931 
   NS_SS0984  1 0.4504 0.1164 0.4331 
   NS_SS0980  1 0.1181 0.1783 0.7036 
   NS_SS0978  1 0.2092 0.2480 0.5427 
   NS_SS0951  1 0.4915 0.3414 0.1671 
   NS_SS0913  1 0.5645 0.1771 0.2584 
   NS_SS1002  1 0.2527 0.1779 0.5694 
   NS_SS0948  1 0.3819 0.3354 0.2827 
   NS_SS0916  1 0.2641 0.3950 0.3409 
   NS_SS0995  1 0.4286 0.2436 0.3277 
   NS_SS0927  1 0.1675 0.5293 0.3032 
   NS_SS0992  1 0.1376 0.3750 0.4874 
   NS_SS0912  1 0.5879 0.2819 0.1302 
   NS_SS0981  1 0.5401 0.1931 0.2668 
   NS_SS0729  2 0.0710 0.5779 0.3511 
   NS_SS0967  2 0.2675 0.2927 0.4398 
   NS_SS0941  2 0.3139 0.2408 0.4453 
   NS_SS0768  2 0.4136 0.2393 0.3472 
   NS_SS0726  2 0.0997 0.4635 0.4368 
   NS_SS0763  2 0.1574 0.5475 0.2950 
   NS_SS0730  2 0.5217 0.1813 0.2971 
   NS_SS0774  2 0.2284 0.1401 0.6315 
   NS_SS0723  2 0.3475 0.1387 0.5139 
   NS_SS0940  2 0.3626 0.3752 0.2623 
   NS_SS0762  2 0.4486 0.0905 0.4609 
   NS_SS0766  2 0.4246 0.2967 0.2787 
   NS_SS0724  2 0.4644 0.1640 0.3716 
   NS_SS0769  2 0.3971 0.3502 0.2527 
   NS_SS0777  2 0.3829 0.3852 0.2319 
   NS_SS0734  2 0.4603 0.3289 0.2108 
   NS_SS0737  2 0.2742 0.1343 0.5915 
   NS_SS0732  2 0.6397 0.1618 0.1984 
   NS_SS0728  2 0.2895 0.2683 0.4423 
   NS_SS0735  2 0.2568 0.1727 0.5705 
   NS_SS0725  2 0.3089 0.1596 0.5315 
   NS_SS0788  2 0.3260 0.3570 0.3171 
   NS_SS0778  2 0.3587 0.4500 0.1913 
   NS_SS0792  2 0.3872 0.3840 0.2289 
   NS_SS0943  2 0.2233 0.4475 0.3293 
   NS_SS0791  2 0.3895 0.3695 0.2411 
   NS_SS0790  2 0.5307 0.0765 0.3928 
   NS_SS0731  2 0.6251 0.1560 0.2189 
   NS_SS0727  2 0.1185 0.4250 0.4565 
   NS_SS0779  2 0.3826 0.3037 0.3137 
   NS_SS0776  2 0.3392 0.2331 0.4277 
   NS_SS0775  2 0.4620 0.1402 0.3977 
   NS_SS0965  3 0.5137 0.2158 0.2706 
   NS_SS0754  3 0.3591 0.4614 0.1795 
   NS_SS0838  3 0.2411 0.3289 0.4300 
   NS_SS0839  3 0.4639 0.1234 0.4126 
   NS_SS0832  3 0.4409 0.0899 0.4692 
   NS_SS0820  3 0.5859 0.1659 0.2482 
   NS_SS0886  3 0.3772 0.4296 0.1932 
   NS_SS0748  3 0.3140 0.3834 0.3026 
   NS_SS0884  3 0.2546 0.3416 0.4038 
   NS_SS0752  3 0.2041 0.2414 0.5545 
   NS_SS0862  3 0.6241 0.1241 0.2519 
   NS_SS0787  3 0.1439 0.7344 0.1217 
   NS_SS0843  3 0.2725 0.2851 0.4424 
   NS_SS0856  3 0.3102 0.3043 0.3855 
   NS_SS0846  3 0.1066 0.4070 0.4865 
   NS_SS0825  3 0.3861 0.3512 0.2627 
   NS_SS0757  3 0.3007 0.4128 0.2865 
   NS_SS0876  3 0.2568 0.2241 0.5191 
   NS_SS0903  3 0.1641 0.1598 0.6761 
   NS_SS0875  3 0.5959 0.2288 0.1753 
   NS_SS0740  3 0.2535 0.2992 0.4473 
   NS_SS0811  3 0.7315 0.1058 0.1627 
   NS_SS0751  3 0.4245 0.2464 0.3291 
   NS_SS0891  3 0.3614 0.2435 0.3951 
   NS_SS0867  3 0.2296 0.3973 0.3731 
   NS_SS0890  3 0.3196 0.3317 0.3487 
   NS_SS0866  3 0.1554 0.6555 0.1891 
   NS_SS0755  3 0.4539 0.2866 0.2596 
   NS_SS0758  3 0.2077 0.2795 0.5128 
   NS_SS0840  3 0.4594 0.1175 0.4231 
   NS_SS0889  3 0.3529 0.4960 0.1512 
   NS_SS1010  3 0.3703 0.3327 0.2970 
   NS_SS0888  3 0.1673 0.5912 0.2416 
   NS_SS0837  3 0.5347 0.1440 0.3213 
   NS_SS0794  3 0.1991 0.4694 0.3315 
   NS_SS0823  3 0.1827 0.1391 0.6782 
   NS_SS0829  3 0.2345 0.6307 0.1348 
   NS_SS0844  3 0.2491 0.1592 0.5916 
   NS_SS1008  3 0.2525 0.4171 0.3304 
   NS_SS0881  3 0.4679 0.3629 0.1692 
   NS_SS0834  3 0.2065 0.1512 0.6424 
   NS_SS0744  3 0.2583 0.3564 0.3853 
   NS_SS0899  3 0.6812 0.1067 0.2122 
   NS_SS0804  3 0.5163 0.1076 0.3761 
   NS_SS0781  3 0.3943 0.1341 0.4715 
   NS_SS0822  3 0.1867 0.3040 0.5093 
   NS_SS1004  3 0.2927 0.2636 0.4437 
   NS_SS0746  3 0.1837 0.3035 0.5128 
   NS_SS0880  3 0.2881 0.2061 0.5058 
   NS_SS0879  3 0.3461 0.1857 0.4682 
   NS_SS0753  3 0.3371 0.4457 0.2173 
   NS_SS1007  3 0.2568 0.3370 0.4062 
   NS_SS0872  3 0.3470 0.1752 0.4778 
   NS_SS1005  3 0.2284 0.2310 0.5406 
   NS_SS0892  3 0.3559 0.3223 0.3217 
   NS_SS0898  3 0.4269 0.3333 0.2397 
   NS_SS0801  3 0.4510 0.2672 0.2818 
   NS_SS0827  3 0.5934 0.3117 0.0950 
   NS_SS0853  3 0.6202 0.2701 0.1097 
   NS_SS0780  3 0.5090 0.1866 0.3044 
   NS_SS0826  3 0.3019 0.2997 0.3983 
   NS_SS0818  3 0.5095 0.1122 0.3782 
   NS_SS0745  3 0.7121 0.0756 0.2123 
   NS_SS0849  3 0.6720 0.1957 0.1322 
   NS_SS0739  3 0.5294 0.2796 0.1910 
   NS_SS0799  3 0.2068 0.4548 0.3383 
   NS_SS0756  3 0.4449 0.1218 0.4333 
   NS_SS0802  3 0.1684 0.4604 0.3712 
   NS_SS0747  3 0.2148 0.3445 0.4406 
   NS_SS0835  3 0.1166 0.7096 0.1738 
   NS_SS0742  3 0.3494 0.2650 0.3856 
   NS_SS0760  3 0.1808 0.5812 0.2380 
   NS_SS0803  3 0.1368 0.1122 0.7510 
   NS_SS0828  3 0.5460 0.2774 0.1766 
   NS_SS0865  3 0.4456 0.3283 0.2261 
   NS_SS0759  3 0.5223 0.1283 0.3494 
   NS_SS0851  3 0.7668 0.1050 0.1282 
   NS_SS0874  3 0.1972 0.1869 0.6159 
   NS_SS0761  3 0.2687 0.5519 0.1795 
   NS_SS0842  3 0.3129 0.4262 0.2608 
   NS_SS0785  3 0.2523 0.4153 0.3324 
   NS_SS0860  3 0.1168 0.7240 0.1592 
   NS_SS0897  3 0.1903 0.6583 0.1514 
   NS_SS0841  3 0.5910 0.1170 0.2919 
   NS_SS0797  3 0.4656 0.3798 0.1545 
   NS_SS0830  3 0.4813 0.2694 0.2493 
   NS_SS1011  3 0.3349 0.1703 0.4948 
   NS_SS0883  3 0.4470 0.3721 0.1810 
   NS_SS0782  3 0.2287 0.3226 0.4487 
   NS_SS0831  3 0.3644 0.5023 0.1333 
   NS_SS0749  3 0.4442 0.3310 0.2248 
   NS_SS0854  3 0.1667 0.3604 0.4729 
   HI_SS0193  4 0.3180 0.3743 0.3076 
   HI_SS0194  4 0.2257 0.1689 0.6054 
   HI_SS0195  4 0.6792 0.1118 0.2090 
   HI_SS0196  4 0.1956 0.2956 0.5088 
   HI_SS0197  4 0.2535 0.3299 0.4166 
   HI_SS0198  4 0.4261 0.3847 0.1892 
   HI_SS0199  4 0.1656 0.4535 0.3809 
   HI_SS0201  4 0.1794 0.6593 0.1613 
   HI_SS0215  4 0.1883 0.6633 0.1484 
   HI_SS0218  4 0.2272 0.6282 0.1446 
   HI_SS0222  4 0.5078 0.2561 0.2361 
   HI_SS0230  4 0.5046 0.2768 0.2186 
   HI_SS0234  4 0.1061 0.3191 0.5748 
   HI_SS0240  4 0.3023 0.2628 0.4349 
   HI_SS0241  4 0.2039 0.6057 0.1904 
   HI_SS0242  4 0.3047 0.3210 0.3743 
   HI_SS0247  4 0.3084 0.2272 0.4644 
   HI_SS0248  4 0.1025 0.4623 0.4352 
   HI_SS0252  4 0.2613 0.1708 0.5679 
   HI_SS0254  4 0.2391 0.4613 0.2995 
   HI_SS0256  4 0.3536 0.0642 0.5821 
   HI_SS0257  4 0.0701 0.5216 0.4083 
   HI_SS0258  4 0.2814 0.5241 0.1945 
   HI_SS0259  4 0.3242 0.2373 0.4385 
   HI_SS0260  4 0.1839 0.5428 0.2733 
   HI_SS0261  4 0.1846 0.4018 0.4136 
   HI_SS0262  4 0.5335 0.2225 0.2440 
   HI_SS0264  4 0.6146 0.1963 0.1891 
   HI_SS0265  4 0.4970 0.2721 0.2310 
   HI_SS0268  4 0.4677 0.3951 0.1372 
   HI_SS0269  4 0.0796 0.6846 0.2358 
   HI_SS0273  4 0.2369 0.4853 0.2777 
   HI_SS0277  4 0.4092 0.2903 0.3005 
   HI_SS0280  4 0.5967 0.2317 0.1716 
   HI_SS0282  4 0.2018 0.3856 0.4127 
   HI_SS0286  4 0.4161 0.4116 0.1723 
   NS_SS1252  5 0.1198 0.7263 0.1539 
   NS_SS1261  5 0.2680 0.3738 0.3582 
   NS_SS1225  5 0.1631 0.4602 0.3767 
   NS_SS1266  5 0.3172 0.1234 0.5594 
   NS_SS1228  5 0.7210 0.1467 0.1322 
   NS_SS1255  5 0.1716 0.1895 0.6389 
   NS_SS1267  5 0.1337 0.7689 0.0975 
   NS_SS1238  5 0.5325 0.2759 0.1916 
   NS_SS1233  5 0.4651 0.1558 0.3791 
   NS_SS1277  5 0.2931 0.4420 0.2649 
   NS_SS1245  5 0.1409 0.3420 0.5172 
   NS_SS1240  5 0.0950 0.7695 0.1355 
   NS_SS1275  5 0.4839 0.1093 0.4068 
   NS_SS1235  5 0.0740 0.1837 0.7423 
   NS_SS1263  5 0.2302 0.1268 0.6430 
   NS_SS1251  5 0.2555 0.1997 0.5448 
   NS_SS1248  5 0.7638 0.1575 0.0787 
   NS_SS1244  5 0.2814 0.3301 0.3885 
   NS_SS1257  5 0.2419 0.5360 0.2221 
   NS_SS1242  5 0.3744 0.1435 0.4821 
   NS_SS1271  5 0.1461 0.7047 0.1492 
   NS_SS1265  5 0.1867 0.5923 0.2210 
   NS_SS1243  5 0.5164 0.1806 0.3031 
   NS_SS1273  5 0.5419 0.1191 0.3390 
   NS_SS1254  5 0.3244 0.1770 0.4986 
   NS_SS1224  5 0.5430 0.1324 0.3246 
   NS_SS1227  5 0.1542 0.6387 0.2071 
   NS_SS1274  5 0.2407 0.4526 0.3067 
   NS_SS1241  5 0.1994 0.4304 0.3702 
   NS_SS1256  5 0.1664 0.3748 0.4588 
   NS_SS1260  5 0.1393 0.6114 0.2494 
   NS_SS1262  5 0.2980 0.4531 0.2489 
   NS_SS1230  5 0.2950 0.3755 0.3296 
   NS_SS1270  5 0.5402 0.1758 0.2840 
   NS_SS1229  5 0.0727 0.1772 0.7501 
   NS_SS1246  5 0.1325 0.5537 0.3138 
   NS_SS1269  5 0.4372 0.2636 0.2992 
   NS_SS1239  5 0.4335 0.1704 0.3961 
   NS_SS1272  5 0.2855 0.3442 0.3704 
   NS_SS1268  5 0.6393 0.1328 0.2278 
   NS_SS1249  5 0.0996 0.5931 0.3073 
   HI_SS0559  6 0.3471 0.3160 0.3369 
   HI_SS0563  6 0.3282 0.3120 0.3598 
   HI_SS0564  6 0.3531 0.2682 0.3787 
   HI_SS0565  6 0.2022 0.4893 0.3085 
   HI_SS0569  6 0.2232 0.5827 0.1941 
   HI_SS0570  6 0.2410 0.5933 0.1657 
   HI_SS0572  6 0.1486 0.1810 0.6704 
   HI_SS0576  6 0.6419 0.1588 0.1993 
   HI_SS0579  6 0.1287 0.3579 0.5133 
   HI_SS0580  6 0.2757 0.4394 0.2848 
   HI_SS0581  6 0.6039 0.1476 0.2485 
   HI_SS0583  6 0.1141 0.5868 0.2990 
   HI_SS0586  6 0.2751 0.6427 0.0821 
   HI_SS0588  6 0.1968 0.4835 0.3197 
   HI_SS0595  6 0.2130 0.5651 0.2218 
   HI_SS0596  6 0.2634 0.1295 0.6071 
   HI_SS0597  6 0.1743 0.1795 0.6463 
   HI_SS0600  6 0.2931 0.4586 0.2483 
   HI_SS0601  6 0.2544 0.4534 0.2922 
   HI_SS0602  6 0.4263 0.4403 0.1334 
   HI_SS0604  6 0.3092 0.2892 0.4017 
   HI_SS0605  6 0.3868 0.3647 0.2485 
   HI_SS0608  6 0.5233 0.2854 0.1912 
   HI_SS0609  6 0.2369 0.1553 0.6078 
   HI_SS0611  6 0.2849 0.5833 0.1318 
   HI_SS0612  6 0.0943 0.2377 0.6680 
   HI_SS0613  6 0.5920 0.2574 0.1506 
   HI_SS0615  6 0.4371 0.1263 0.4366 
   HI_SS0001  6 0.1758 0.3881 0.4361 
   HI_SS0002  6 0.2995 0.1822 0.5184 
   HI_SS0004  6 0.3044 0.4748 0.2209 
   HI_SS0005  6 0.7281 0.1777 0.0942 
   HI_SS0006  6 0.1270 0.4484 0.4246 
   HI_SS0007  6 0.5645 0.3024 0.1331 
   HI_SS0008  6 0.4353 0.2841 0.2806 
   HI_SS0009  6 0.5182 0.1272 0.3546 
   HI_SS0010  6 0.4989 0.3465 0.1546 
   HI_SS0011  6 0.4442 0.1940 0.3618 
   HI_SS0012  6 0.3413 0.2072 0.4515 
   HI_SS0017  6 0.2588 0.1457 0.5955 
   HI_SS0021  6 0.3551 0.4973 0.1477 
   HI_SS0024  6 0.5160 0.1743 0.3097 
   HI_SS0025  6 0.4173 0.1531 0.4296 
   HI_SS0027  6 0.2936 0.4507 0.2557 
   HI_SS0028  6 0.7726 0.0973 0.1300 
   HI_SS0029  6 0.4453 0.3043 0.2504 
   HI_SS0030  6 0.2734 0.3842 0.3423 
   HI_SS0031  6 0.2352 0.3582 0.4066 
   HI_SS0034  6 0.1026 0.5146 0.3828 
   HI_SS0036  6 0.3223 0.5802 0.0975 
   HI_SS0037  6 0.2306 0.6459 0.1234 
   HI_SS0039  6 0.5584 0.3397 0.1019 
   HI_SS0041  6 0.6081 0.1500 0.2419 
   HI_SS0042  6 0.4267 0.1607 0.4126 
   HI_SS0043  6 0.1517 0.7191 0.1292 
   HI_SS0044  6 0.2447 0.3984 0.3569 
   HI_SS0047  6 0.3464 0.1789 0.4747 
   HI_SS0049  6 0.2502 0.1888 0.5611 
   HI_SS0051  6 0.4997 0.2551 0.2452 
   HI_SS0053  6 0.1350 0.6335 0.2316 
   HI_SS0054  6 0.2500 0.5114 0.2385 
   HI_SS0057  6 0.5701 0.1901 0.2398 
   HI_SS0058  6 0.2263 0.4560 0.3177 
   HI_SS0060  6 0.5401 0.2298 0.2301 
   HI_SS0087  6 0.1604 0.3852 0.4543 
   HI_SS0091  6 0.0843 0.7052 0.2105 
   HI_SS0095  6 0.2249 0.3918 0.3833 
   HI_SS0097  6 0.1825 0.2597 0.5578 
   HI_SS0099  6 0.5257 0.2422 0.2321 
   HI_SS0103  6 0.1563 0.2500 0.5937 
   HI_SS0105  6 0.3306 0.3680 0.3013 
   HI_SS0107  6 0.1529 0.1006 0.7466 
   HI_SS0108  6 0.1168 0.7488 0.1344 
   HI_SS0110  6 0.1607 0.4076 0.4317 
   HI_SS0111  6 0.4310 0.3050 0.2640 
   HI_SS0112  6 0.1472 0.7027 0.1501 
   HI_SS0113  6 0.3643 0.1460 0.4898 
   HI_SS0114  6 0.3505 0.4961 0.1533 
   HI_SS0115  6 0.2381 0.2876 0.4743 
   HI_SS0116  6 0.1372 0.5680 0.2948 
   HI_SS0117  6 0.1643 0.4686 0.3671 
   HI_SS0118  6 0.1579 0.5290 0.3131 
   HI_SS0119  6 0.2259 0.4921 0.2820 
   HI_SS0120  6 0.1911 0.1332 0.6757 
   HI_SS0121  6 0.6939 0.1304 0.1757 
   HI_SS0122  6 0.4108 0.3536 0.2357 
   HI_SS0123  6 0.1702 0.3079 0.5219 
   HI_SS0124  6 0.4479 0.1055 0.4465 
   HI_SS0125  6 0.6623 0.1164 0.2213 
   HI_SS0126  6 0.1818 0.5843 0.2339 
   HI_SS0127  6 0.6015 0.2289 0.1697 
   HI_SS0128  6 0.1905 0.2504 0.5591 
   HI_SS0129  6 0.2415 0.4762 0.2823 
   HI_SS0131  6 0.4217 0.4301 0.1482 
   HI_SS0132  6 0.4984 0.2823 0.2193 
   HI_SS0133  6 0.1663 0.6983 0.1354 
   HI_SS0134  6 0.2038 0.3734 0.4228 
   HI_SS0142  6 0.3443 0.3117 0.3440 
   HI_SS0145  6 0.1297 0.3196 0.5508 
   HI_SS0146  6 0.2986 0.4185 0.2829 
   HI_SS0147  6 0.6083 0.1384 0.2533 
   HI_SS0149  6 0.3258 0.3721 0.3020 
   HI_SS0150  6 0.6078 0.1428 0.2494 
   HI_SS0151  6 0.1763 0.2878 0.5360 
   NS_SS1451  6 0.5855 0.1079 0.3067 
   NS_SS1404  6 0.6506 0.1824 0.1670 
   NS_SS1432  6 0.4599 0.1884 0.3517 
   NS_SS1405  6 0.3909 0.2539 0.3552 
   NS_SS1431  6 0.4607 0.1417 0.3976 
   NS_SS1402  6 0.1634 0.4398 0.3968 
   NS_SS1450  6 0.2630 0.3976 0.3394 
   NS_SS1396  6 0.4062 0.3057 0.2881 
   NS_SS1393  6 0.2844 0.4992 0.2164 
   NS_SS1392  6 0.5086 0.1833 0.3081 
   NS_SS1445  6 0.2268 0.6073 0.1659 
   NS_SS1423  6 0.1557 0.4279 0.4164 
   NS_SS1421  6 0.2144 0.4301 0.3555 
   NS_SS1411  6 0.4928 0.3870 0.1203 
   NS_SS1453  6 0.2803 0.5117 0.2080 
   NS_SS1442  6 0.2994 0.2669 0.4337 
   NS_SS1422  6 0.1280 0.2127 0.6593 
   NS_SS1419  6 0.5006 0.2058 0.2936 
   NS_SS1427  6 0.1177 0.6224 0.2599 
   NS_SS1444  6 0.5527 0.2047 0.2426 
   NS_SS1455  6 0.2331 0.1264 0.6405 
   NS_SS1425  6 0.1490 0.6805 0.1705 
   NS_SS1400  6 0.2756 0.4869 0.2375 
   NS_SS1406  6 0.2713 0.1528 0.5759 
   NS_SS1417  6 0.2765 0.3711 0.3524 
   NS_SS1454  6 0.3828 0.4533 0.1639 
   NS_SS1412  6 0.3167 0.3948 0.2884 
   NS_SS1438  6 0.2144 0.6198 0.1658 
   NS_SS1416  6 0.4336 0.3031 0.2633 
   NS_SS1401  6 0.1904 0.4623 0.3474 
   NS_SS1424  6 0.2775 0.4080 0.3145 
   NS_SS1435  6 0.5480 0.2395 0.2125 
   NS_SS1447  6 0.4062 0.1952 0.3986 
   NS_SS1414  6 0.5669 0.1569 0.2763 
   NS_SS1449  6 0.2014 0.2299 0.5686 
   NS_SS1443  6 0.0747 0.4821 0.4432 
   NS_SS1434  6 0.0989 0.2317 0.6694 
   NS_SS1398  6 0.4460 0.2142 0.3398 
   NS_SS1426  6 0.1647 0.6573 0.1780 
   NS_SS1413  6 0.1554 0.4775 0.3672 
   NS_SS1395  6 0.1409 0.5703 0.2888 
   NS_SS1448  6 0.5346 0.2850 0.1804 
   NS_SS1446  6 0.1552 0.5711 0.2737 
   NS_SS1403  6 0.3290 0.3303 0.3407 
   NS_SS1415  6 0.2764 0.4931 0.2304 
   NS_SS1437  6 0.4627 0.2556 0.2816 
   NS_SS1439  6 0.1644 0.3485 0.4872 
   NS_SS1441  6 0.1592 0.5325 0.3083 
   NS_SS1420  6 0.7769 0.1019 0.1213 
   NS_SS1394  6 0.6760 0.1587 0.1652 
   NS_SS1391  6 0.1240 0.4491 0.4269 
   NS_SS1410  6 0.2342 0.4613 0.3045 
   NS_SS1408  6 0.4305 0.2594 0.3101 
   NS_SS1409  6 0.1270 0.4065 0.4664 
   HI_SS0617  7 0.2034 0.3901 0.4065 
   HI_SS0618  7 0.4874 0.1975 0.3150 
   HI_SS0619  7 0.3812 0.3248 0.2940 
   HI_SS0620  7 0.2417 0.5811 0.1773 
   HI_SS0621  7 0.3789 0.2173 0.4038 
   HI_SS0622  7 0.3657 0.2439 0.3904 
   HI_SS0626  7 0.6778 0.2265 0.0957 
   HI_SS0627  7 0.3407 0.2425 0.4168 
   HI_SS0628  7 0.3807 0.4720 0.1474 
   HI_SS0629  7 0.3714 0.4361 0.1926 
   HI_SS0630  7 0.3107 0.4332 0.2560 
   HI_SS0631  7 0.4440 0.3718 0.1842 
   HI_SS0632  7 0.5354 0.2265 0.2381 
   HI_SS0633  7 0.2040 0.2033 0.5927 
   HI_SS0634  7 0.5007 0.2876 0.2117 
   HI_SS0635  7 0.6114 0.1740 0.2146 
   HI_SS0637  7 0.3521 0.3428 0.3051 
   HI_SS0638  7 0.3790 0.2643 0.3567 
   HI_SS0639  7 0.5295 0.1708 0.2997 
   HI_SS0640  7 0.3124 0.2642 0.4234 
   HI_SS0641  7 0.4128 0.5012 0.0860 
   HI_SS0642  7 0.4254 0.2006 0.3740 
   HI_SS0645  7 0.7531 0.0830 0.1640 
   HI_SS0646  7 0.1492 0.2928 0.5580 
   HI_SS0647  7 0.2999 0.2433 0.4569 
   HI_SS0648  7 0.4242 0.2541 0.3217 
   HI_SS0649  7 0.2318 0.3949 0.3732 
   HI_SS0650  7 0.2138 0.1959 0.5903 
   HI_SS0651  7 0.2967 0.2996 0.4037 
   HI_SS0652  7 0.6767 0.1415 0.1818 
   NS_SS1371  7 0.1266 0.5514 0.3220 
   NS_SS1374  7 0.3847 0.4929 0.1224 
   NS_SS1337  7 0.5789 0.1342 0.2869 
   NS_SS1385  7 0.1637 0.2928 0.5435 
   NS_SS1388  7 0.3929 0.3593 0.2478 
   NS_SS1370  7 0.8015 0.0986 0.0999 
   NS_SS1389  7 0.6031 0.1833 0.2137 
   NS_SS1360  7 0.3613 0.4485 0.1902 
   NS_SS1330  7 0.4944 0.1442 0.3615 
   NS_SS1328  7 0.1348 0.4067 0.4584 
   NS_SS1384  7 0.3017 0.4327 0.2656 
   NS_SS1381  7 0.1594 0.1088 0.7318 
   NS_SS1375  7 0.5774 0.1755 0.2471 
   NS_SS1319  7 0.4044 0.3533 0.2423 
   NS_SS1326  7 0.1794 0.5966 0.2240 
   NS_SS1341  7 0.1739 0.5492 0.2770 
   NS_SS1383  7 0.4702 0.3318 0.1980 
   NS_SS1318  7 0.4088 0.2393 0.3519 
   NS_SS1348  7 0.1429 0.6754 0.1817 
   NS_SS1363  7 0.4495 0.1865 0.3640 
   NS_SS1335  7 0.3209 0.4647 0.2144 
   NS_SS1358  7 0.1485 0.4408 0.4107 
   NS_SS1342  7 0.1103 0.4901 0.3996 
   NS_SS1320  7 0.1640 0.0712 0.7648 
   NS_SS1355  7 0.2503 0.1920 0.5577 
   NS_SS1345  7 0.2145 0.1006 0.6849 
   NS_SS1324  7 0.3104 0.4773 0.2124 
   NS_SS1347  7 0.2350 0.3556 0.4094 
   NS_SS1321  7 0.2838 0.5473 0.1689 
   NS_SS1333  7 0.3357 0.5350 0.1293 
   NS_SS1364  7 0.1614 0.4546 0.3839 
   NS_SS1379  7 0.2330 0.2249 0.5421 
   NS_SS1332  7 0.2480 0.6288 0.1232 
   NS_SS1338  7 0.3916 0.4623 0.1462 
   NS_SS1368  7 0.1834 0.5306 0.2860 
   NS_SS1354  7 0.2811 0.3132 0.4057 
   NS_SS1365  7 0.5130 0.1657 0.3212 
   NS_SS1380  7 0.4125 0.1667 0.4208 
   NS_SS1329  7 0.1075 0.4764 0.4161 
   NS_SS1362  7 0.2068 0.3418 0.4513 
   NS_SS1327  7 0.1050 0.8118 0.0832 
   NS_SS1350  7 0.1143 0.4283 0.4573 
   NS_SS1387  7 0.6237 0.2314 0.1448 
   NS_SS1369  7 0.2569 0.4435 0.2996 
   NS_SS1331  7 0.6061 0.2735 0.1204 
   NS_SS1357  7 0.1082 0.3398 0.5521 
   NS_SS1386  7 0.0989 0.7260 0.1750 
   NS_SS1353  7 0.2434 0.2507 0.5059 
   NS_SS1323  7 0.3285 0.1420 0.5294 
   HI_SS0296  8 0.3607 0.4028 0.2364 
   HI_SS0297  8 0.3180 0.2469 0.4351 
   HI_SS0299  8 0.2635 0.3767 0.3598 
   HI_SS0300  8 0.3394 0.2947 0.3658 
   HI_SS0301  8 0.6698 0.1904 0.1397 
   HI_SS0302  8 0.4733 0.3680 0.1587 
   HI_SS0303  8 0.1316 0.5079 0.3605 
   HI_SS0304  8 0.5692 0.2065 0.2243 
   HI_SS0306  8 0.3794 0.4654 0.1552 
   HI_SS0307  8 0.4414 0.1932 0.3653 
   HI_SS0308  8 0.4858 0.2529 0.2613 
   HI_SS0309  8 0.2684 0.2329 0.4988 
   HI_SS0310  8 0.3964 0.2481 0.3555 
   HI_SS0311  8 0.5470 0.2451 0.2079 
   HI_SS0314  8 0.2827 0.2712 0.4461 
   HI_SS0316  8 0.2479 0.4708 0.2813 
   HI_SS0317  8 0.5043 0.2839 0.2118 
   HI_SS0318  8 0.2024 0.6544 0.1432 
   HI_SS0319  8 0.0931 0.7441 0.1628 
   HI_SS0320  8 0.6056 0.1908 0.2036 
   HI_SS0321  8 0.1951 0.5068 0.2981 
   HI_SS0323  8 0.3486 0.4957 0.1557 
   HI_SS0325  8 0.4605 0.3772 0.1623 
   HI_SS0327  8 0.0642 0.4602 0.4756 
   HI_SS0329  8 0.5825 0.2065 0.2110 
   HI_SS0333  8 0.3250 0.3864 0.2886 
   HI_SS0334  8 0.1632 0.5680 0.2688 
   HI_SS0335  8 0.2531 0.1537 0.5932 
   HI_SS0339  8 0.3839 0.1778 0.4383 
   HI_SS0343  8 0.1701 0.1649 0.6650 
   HI_SS0344  8 0.0975 0.7721 0.1304 
   HI_SS0345  8 0.4442 0.2316 0.3242 
   HI_SS0346  8 0.4283 0.3838 0.1879 
   HI_SS0350  8 0.3233 0.1039 0.5727 
   HI_SS0351  8 0.1701 0.2986 0.5313 
   HI_SS0352  8 0.2997 0.1859 0.5144 
   HI_SS0362  8 0.6549 0.2196 0.1255 
   HI_SS0363  8 0.1215 0.5315 0.3470 
   HI_SS0365  8 0.1387 0.5045 0.3569 
   HI_SS0366  8 0.1271 0.6807 0.1922 
   HI_SS0367  8 0.3561 0.1799 0.4640 
   HI_SS0369  8 0.5548 0.1486 0.2965 
   HI_SS0370  8 0.0996 0.3182 0.5823 
   HI_SS0371  8 0.4124 0.4499 0.1377 
   HI_SS0373  8 0.4352 0.2999 0.2649 
   HI_SS0374  8 0.3901 0.2269 0.3830 
   HI_SS0377  8 0.2705 0.4067 0.3229 
   HI_SS0379  8 0.0863 0.8112 0.1025 
   HI_SS0380  8 0.3339 0.2125 0.4536 
   HI_SS0381  8 0.4519 0.1499 0.3982 
   HI_SS0384  8 0.2685 0.4726 0.2589 
   HI_SS0385  8 0.5866 0.2996 0.1138 
