

----------------------------------------------------
STRUCTURE by Pritchard, Stephens and Donnelly (2000)
     and Falush, Stephens and Pritchard (2003)
       Code by Pritchard, Falush and Hubisz
             Version 2.3.4 (Jul 2012)
----------------------------------------------------



Command line arguments:   /home/genobiwan/Documents/Programs/Structure/structure -m parameter_job_k5_r9 
Input File:    /media/genobiwan/Storage/Projets/Mackerel_NWA_2021/data_job_k5_r9

Run parameters:
   557 individuals
   3930 loci
   5 populations assumed
   100000 Burn-in period
   200000 Reps


--------------------------------------------
Proportion of membership of each pre-defined
 population in each of the 5 clusters

Given    Inferred Clusters                     Number of
 Pop       1      2      3      4      5      Individuals

  1:     0.206  0.183  0.205  0.189  0.217       67
  2:     0.180  0.168  0.221  0.245  0.185       32
  3:     0.189  0.187  0.216  0.187  0.221       92
  4:     0.223  0.213  0.185  0.198  0.179       36
  5:     0.184  0.211  0.188  0.195  0.222       41
  6:     0.207  0.209  0.196  0.198  0.189      158
  7:     0.206  0.198  0.206  0.198  0.192       79
  8:     0.196  0.214  0.198  0.178  0.214       52
--------------------------------------------

Allele-freq. divergence among pops (Net nucleotide distance),
computed using point estimates of P.

      1       2       3       4       5      
 1      -    0.0037  0.0033  0.0036  0.0029  
 2   0.0037     -    0.0044  0.0045  0.0039  
 3   0.0033  0.0044     -    0.0041  0.0033  
 4   0.0036  0.0045  0.0041     -    0.0038  
 5   0.0029  0.0039  0.0033  0.0038     -    

Average distances (expected heterozygosity) between individuals in same cluster:
cluster  1  : 0.3126 
cluster  2  : 0.3104 
cluster  3  : 0.3108 
cluster  4  : 0.3130 
cluster  5  : 0.3112 

--------------------------------------------
Estimated Ln Prob of Data   = -2070156.6
Mean value of ln likelihood = -2061912.1
Variance of ln likelihood   = 16489.0
Mean value of alpha         = 2.0004

Mean value of Fst_1         = 0.0335
Mean value of Fst_2         = 0.0418
Mean value of Fst_3         = 0.0389
Mean value of Fst_4         = 0.0417
Mean value of Fst_5         = 0.0359


Inferred ancestry of individuals:
        Label (%Miss) Pop:  Inferred clusters
  1 NS_SS0963    (4)    1 :  0.303 0.114 0.139 0.170 0.274 
  2 NS_SS0983    (1)    1 :  0.164 0.373 0.108 0.145 0.210 
  3 NS_SS0719    (8)    1 :  0.276 0.184 0.228 0.166 0.147 
  4 NS_SS1001    (8)    1 :  0.091 0.120 0.276 0.306 0.207 
  5 NS_SS0936    (4)    1 :  0.272 0.114 0.101 0.273 0.240 
  6 NS_SS0955    (5)    1 :  0.179 0.249 0.136 0.124 0.312 
  7 NS_SS0944    (3)    1 :  0.121 0.216 0.149 0.197 0.317 
  8 NS_SS0945    (3)    1 :  0.170 0.233 0.185 0.233 0.179 
  9 NS_SS0922    (2)    1 :  0.216 0.102 0.222 0.322 0.138 
 10 NS_SS0929    (7)    1 :  0.217 0.253 0.140 0.145 0.245 
 11 NS_SS0956    (2)    1 :  0.127 0.097 0.431 0.194 0.151 
 12 NS_SS0906    (3)    1 :  0.175 0.227 0.139 0.128 0.331 
 13 NS_SS0721    (6)    1 :  0.190 0.170 0.360 0.138 0.142 
 14 NS_SS0982    (4)    1 :  0.246 0.135 0.216 0.140 0.263 
 15 NS_SS0923    (5)    1 :  0.190 0.140 0.229 0.204 0.237 
 16 NS_SS0905    (6)    1 :  0.119 0.185 0.261 0.187 0.247 
 17 NS_SS0925    (3)    1 :  0.135 0.084 0.186 0.266 0.328 
 18 NS_SS0947    (5)    1 :  0.198 0.133 0.149 0.257 0.262 
 19 NS_SS0926    (2)    1 :  0.331 0.316 0.129 0.075 0.149 
 20 NS_SS0918    (6)    1 :  0.172 0.102 0.208 0.107 0.411 
 21 NS_SS0966    (4)    1 :  0.233 0.132 0.153 0.164 0.318 
 22 NS_SS0938    (2)    1 :  0.404 0.102 0.119 0.264 0.112 
 23 NS_SS0917    (2)    1 :  0.244 0.279 0.185 0.206 0.086 
 24 NS_SS0957   (11)    1 :  0.184 0.157 0.368 0.115 0.176 
 25 NS_SS0987    (1)    1 :  0.126 0.163 0.433 0.074 0.204 
 26 NS_SS0717    (4)    1 :  0.082 0.123 0.301 0.279 0.215 
 27 NS_SS0986    (2)    1 :  0.216 0.230 0.261 0.081 0.212 
 28 NS_SS0953    (4)    1 :  0.078 0.109 0.182 0.258 0.373 
 29 NS_SS0907    (3)    1 :  0.169 0.172 0.103 0.129 0.427 
 30 NS_SS0974    (6)    1 :  0.157 0.190 0.119 0.282 0.253 
 31 NS_SS0989    (1)    1 :  0.284 0.319 0.103 0.210 0.084 
 32 NS_SS0991    (2)    1 :  0.093 0.253 0.218 0.068 0.367 
 33 NS_SS0994    (2)    1 :  0.110 0.462 0.081 0.230 0.117 
 34 NS_SS0931    (6)    1 :  0.227 0.299 0.171 0.071 0.231 
 35 NS_SS1000    (5)    1 :  0.212 0.128 0.177 0.257 0.227 
 36 NS_SS0919    (1)    1 :  0.368 0.200 0.091 0.092 0.249 
 37 NS_SS0949    (3)    1 :  0.213 0.288 0.144 0.224 0.131 
 38 NS_SS0960   (10)    1 :  0.163 0.249 0.232 0.125 0.231 
 39 NS_SS0716    (2)    1 :  0.129 0.124 0.497 0.165 0.085 
 40 NS_SS0924    (8)    1 :  0.196 0.214 0.175 0.135 0.280 
 41 NS_SS0935    (1)    1 :  0.086 0.312 0.246 0.135 0.221 
 42 NS_SS0952   (13)    1 :  0.180 0.285 0.118 0.132 0.285 
 43 NS_SS0962   (10)    1 :  0.363 0.118 0.203 0.182 0.134 
 44 NS_SS0973    (5)    1 :  0.138 0.143 0.145 0.231 0.342 
 45 NS_SS0722    (1)    1 :  0.091 0.089 0.145 0.396 0.279 
 46 NS_SS0979   (13)    1 :  0.226 0.116 0.296 0.130 0.232 
 47 NS_SS0993    (2)    1 :  0.174 0.087 0.173 0.263 0.302 
 48 NS_SS0958    (1)    1 :  0.155 0.309 0.195 0.176 0.164 
 49 NS_SS0988    (4)    1 :  0.338 0.201 0.163 0.074 0.225 
 50 NS_SS1003    (2)    1 :  0.460 0.070 0.246 0.071 0.153 
 51 NS_SS0976    (0)    1 :  0.277 0.270 0.120 0.113 0.221 
 52 NS_SS0964   (10)    1 :  0.095 0.098 0.316 0.344 0.147 
 53 NS_SS0939    (4)    1 :  0.180 0.091 0.480 0.188 0.062 
 54 NS_SS0990    (6)    1 :  0.324 0.242 0.229 0.124 0.080 
 55 NS_SS0984    (2)    1 :  0.226 0.088 0.224 0.309 0.154 
 56 NS_SS0980    (9)    1 :  0.130 0.106 0.098 0.380 0.286 
 57 NS_SS0978    (4)    1 :  0.232 0.135 0.126 0.301 0.205 
 58 NS_SS0951   (17)    1 :  0.087 0.228 0.299 0.082 0.303 
 59 NS_SS0913    (3)    1 :  0.125 0.134 0.347 0.217 0.176 
 60 NS_SS1002    (1)    1 :  0.518 0.084 0.087 0.115 0.196 
 61 NS_SS0948    (1)    1 :  0.207 0.206 0.179 0.116 0.291 
 62 NS_SS0916    (4)    1 :  0.224 0.186 0.174 0.330 0.086 
 63 NS_SS0995    (1)    1 :  0.177 0.134 0.253 0.317 0.120 
 64 NS_SS0927    (6)    1 :  0.221 0.268 0.127 0.263 0.121 
 65 NS_SS0992    (5)    1 :  0.247 0.196 0.101 0.320 0.135 
 66 NS_SS0912    (1)    1 :  0.208 0.232 0.305 0.077 0.178 
 67 NS_SS0981    (1)    1 :  0.301 0.111 0.230 0.083 0.275 
 68 NS_SS0729    (5)    2 :  0.115 0.331 0.056 0.283 0.215 
 69 NS_SS0967   (14)    2 :  0.305 0.111 0.123 0.171 0.290 
 70 NS_SS0941    (7)    2 :  0.206 0.137 0.205 0.327 0.126 
 71 NS_SS0768   (12)    2 :  0.186 0.151 0.270 0.140 0.253 
 72 NS_SS0726    (4)    2 :  0.252 0.233 0.066 0.312 0.138 
 73 NS_SS0763    (4)    2 :  0.153 0.276 0.141 0.238 0.191 
 74 NS_SS0730    (6)    2 :  0.256 0.120 0.274 0.215 0.136 
 75 NS_SS0774    (1)    2 :  0.185 0.095 0.182 0.342 0.196 
 76 NS_SS0723    (3)    2 :  0.275 0.074 0.186 0.228 0.236 
 77 NS_SS0940    (9)    2 :  0.206 0.223 0.226 0.243 0.102 
 78 NS_SS0762    (1)    2 :  0.099 0.070 0.258 0.380 0.193 
 79 NS_SS0766   (11)    2 :  0.116 0.194 0.289 0.314 0.087 
 80 NS_SS0724    (1)    2 :  0.115 0.116 0.263 0.198 0.308 
 81 NS_SS0769    (3)    2 :  0.282 0.175 0.222 0.147 0.174 
 82 NS_SS0777    (2)    2 :  0.207 0.270 0.200 0.092 0.231 
 83 NS_SS0734    (6)    2 :  0.153 0.216 0.294 0.205 0.132 
 84 NS_SS0737    (3)    2 :  0.160 0.089 0.183 0.471 0.098 
 85 NS_SS0732    (5)    2 :  0.116 0.104 0.376 0.151 0.252 
 86 NS_SS0728    (5)    2 :  0.140 0.155 0.229 0.328 0.149 
 87 NS_SS0735    (9)    2 :  0.078 0.124 0.210 0.364 0.223 
 88 NS_SS0725    (1)    2 :  0.216 0.115 0.195 0.333 0.140 
 89 NS_SS0788    (2)    2 :  0.401 0.156 0.169 0.145 0.130 
 90 NS_SS0778    (2)    2 :  0.332 0.229 0.177 0.108 0.155 
 91 NS_SS0792    (6)    2 :  0.119 0.202 0.267 0.207 0.206 
 92 NS_SS0943   (11)    2 :  0.097 0.288 0.132 0.109 0.374 
 93 NS_SS0791    (2)    2 :  0.128 0.221 0.273 0.291 0.087 
 94 NS_SS0790    (5)    2 :  0.110 0.056 0.346 0.164 0.324 
 95 NS_SS0731    (6)    2 :  0.131 0.133 0.413 0.133 0.190 
 96 NS_SS0727    (6)    2 :  0.070 0.267 0.113 0.434 0.116 
 97 NS_SS0779   (12)    2 :  0.216 0.177 0.210 0.176 0.222 
 98 NS_SS0776    (3)    2 :  0.211 0.179 0.207 0.267 0.137 
 99 NS_SS0775    (5)    2 :  0.132 0.097 0.325 0.338 0.108 
100 NS_SS0965    (3)    3 :  0.219 0.139 0.270 0.119 0.254 
101 NS_SS0754   (13)    3 :  0.146 0.280 0.246 0.165 0.164 
102 NS_SS0838    (5)    3 :  0.228 0.197 0.168 0.197 0.209 
103 NS_SS0839    (3)    3 :  0.218 0.082 0.272 0.269 0.158 
104 NS_SS0832    (4)    3 :  0.197 0.066 0.244 0.148 0.344 
105 NS_SS0820    (4)    3 :  0.305 0.078 0.248 0.156 0.212 
106 NS_SS0886    (9)    3 :  0.202 0.254 0.253 0.150 0.140 
107 NS_SS0748    (5)    3 :  0.190 0.227 0.175 0.098 0.309 
108 NS_SS0884    (9)    3 :  0.175 0.182 0.176 0.237 0.229 
109 NS_SS0752    (3)    3 :  0.185 0.139 0.169 0.312 0.195 
110 NS_SS0862    (1)    3 :  0.119 0.089 0.371 0.166 0.255 
111 NS_SS0787    (9)    3 :  0.138 0.474 0.144 0.096 0.147 
112 NS_SS0843    (6)    3 :  0.135 0.161 0.201 0.245 0.258 
113 NS_SS0856    (4)    3 :  0.226 0.177 0.175 0.344 0.078 
114 NS_SS0846    (2)    3 :  0.247 0.190 0.068 0.214 0.282 
115 NS_SS0825    (1)    3 :  0.371 0.181 0.198 0.099 0.151 
116 NS_SS0757    (3)    3 :  0.145 0.219 0.244 0.125 0.267 
117 NS_SS0876    (3)    3 :  0.145 0.149 0.192 0.284 0.230 
118 NS_SS0903    (9)    3 :  0.169 0.081 0.108 0.346 0.297 
119 NS_SS0875    (7)    3 :  0.243 0.175 0.291 0.138 0.153 
120 NS_SS0740    (5)    3 :  0.129 0.156 0.184 0.246 0.284 
121 NS_SS0811    (5)    3 :  0.112 0.096 0.491 0.117 0.184 
122 NS_SS0751    (1)    3 :  0.294 0.142 0.211 0.241 0.111 
123 NS_SS0891    (6)    3 :  0.230 0.161 0.213 0.246 0.149 
124 NS_SS0867    (2)    3 :  0.179 0.204 0.128 0.094 0.394 
125 NS_SS0890    (6)    3 :  0.201 0.166 0.202 0.201 0.230 
126 NS_SS0866   (11)    3 :  0.140 0.439 0.127 0.184 0.110 
127 NS_SS0755    (4)    3 :  0.188 0.149 0.252 0.137 0.274 
128 NS_SS0758    (4)    3 :  0.165 0.177 0.148 0.318 0.193 
129 NS_SS0840    (2)    3 :  0.278 0.072 0.243 0.159 0.248 
130 NS_SS0889    (4)    3 :  0.129 0.344 0.250 0.113 0.164 
131 NS_SS1010    (1)    3 :  0.330 0.156 0.183 0.127 0.204 
132 NS_SS0888    (5)    3 :  0.080 0.355 0.165 0.300 0.100 
133 NS_SS0837    (3)    3 :  0.128 0.105 0.319 0.115 0.333 
134 NS_SS0794    (9)    3 :  0.082 0.318 0.193 0.278 0.129 
135 NS_SS0823    (4)    3 :  0.170 0.093 0.121 0.267 0.349 
136 NS_SS0829    (7)    3 :  0.091 0.390 0.191 0.068 0.260 
137 NS_SS0844    (5)    3 :  0.113 0.063 0.109 0.139 0.576 
138 NS_SS1008    (5)    3 :  0.094 0.294 0.199 0.270 0.143 
139 NS_SS0881    (3)    3 :  0.388 0.206 0.178 0.113 0.115 
140 NS_SS0834    (6)    3 :  0.236 0.102 0.140 0.381 0.141 
141 NS_SS0744   (10)    3 :  0.243 0.174 0.164 0.206 0.212 
142 NS_SS0899    (7)    3 :  0.100 0.095 0.413 0.117 0.276 
143 NS_SS0804    (4)    3 :  0.212 0.071 0.277 0.183 0.257 
144 NS_SS0781   (10)    3 :  0.321 0.085 0.164 0.160 0.270 
145 NS_SS0822    (6)    3 :  0.091 0.208 0.143 0.293 0.265 
146 NS_SS1004    (4)    3 :  0.193 0.136 0.173 0.165 0.333 
147 NS_SS0746    (5)    3 :  0.164 0.191 0.095 0.182 0.369 
148 NS_SS0880    (3)    3 :  0.225 0.119 0.166 0.186 0.305 
149 NS_SS0879    (4)    3 :  0.144 0.147 0.201 0.280 0.228 
150 NS_SS0753    (2)    3 :  0.105 0.255 0.235 0.108 0.297 
151 NS_SS1007    (2)    3 :  0.265 0.143 0.135 0.380 0.077 
152 NS_SS0872    (5)    3 :  0.232 0.116 0.212 0.242 0.197 
153 NS_SS1005    (7)    3 :  0.235 0.120 0.136 0.171 0.339 
154 NS_SS0892    (6)    3 :  0.192 0.194 0.222 0.204 0.189 
155 NS_SS0898    (0)    3 :  0.182 0.249 0.223 0.144 0.202 
156 NS_SS0801    (9)    3 :  0.146 0.172 0.256 0.112 0.315 
157 NS_SS0827    (8)    3 :  0.173 0.226 0.370 0.070 0.161 
158 NS_SS0853    (6)    3 :  0.097 0.229 0.424 0.085 0.164 
159 NS_SS0780    (2)    3 :  0.298 0.113 0.233 0.185 0.171 
160 NS_SS0826   (10)    3 :  0.386 0.161 0.086 0.069 0.298 
161 NS_SS0818    (5)    3 :  0.259 0.075 0.253 0.248 0.165 
162 NS_SS0745    (1)    3 :  0.146 0.088 0.430 0.274 0.062 
163 NS_SS0849    (3)    3 :  0.192 0.129 0.399 0.062 0.218 
164 NS_SS0739    (3)    3 :  0.299 0.156 0.287 0.175 0.083 
165 NS_SS0799    (1)    3 :  0.076 0.237 0.193 0.305 0.190 
166 NS_SS0756    (2)    3 :  0.270 0.088 0.176 0.106 0.360 
167 NS_SS0802    (2)    3 :  0.314 0.212 0.100 0.222 0.152 
168 NS_SS0747    (6)    3 :  0.238 0.163 0.135 0.175 0.288 
169 NS_SS0835    (1)    3 :  0.197 0.388 0.099 0.163 0.154 
170 NS_SS0742   (18)    3 :  0.254 0.123 0.187 0.196 0.239 
171 NS_SS0760    (9)    3 :  0.144 0.382 0.141 0.160 0.173 
172 NS_SS0803    (4)    3 :  0.081 0.075 0.096 0.287 0.460 
173 NS_SS0828   (13)    3 :  0.153 0.195 0.320 0.145 0.187 
174 NS_SS0865    (2)    3 :  0.300 0.176 0.227 0.089 0.209 
175 NS_SS0759    (4)    3 :  0.181 0.092 0.278 0.256 0.192 
176 NS_SS0851    (5)    3 :  0.151 0.114 0.489 0.093 0.153 
177 NS_SS0874   (16)    3 :  0.120 0.101 0.136 0.170 0.474 
178 NS_SS0761    (6)    3 :  0.157 0.342 0.174 0.088 0.238 
179 NS_SS0842   (25)    3 :  0.151 0.273 0.212 0.170 0.194 
180 NS_SS0785    (6)    3 :  0.142 0.237 0.164 0.179 0.277 
181 NS_SS0860   (11)    3 :  0.171 0.389 0.105 0.150 0.186 
182 NS_SS0897    (7)    3 :  0.101 0.445 0.204 0.133 0.118 
183 NS_SS0841   (14)    3 :  0.137 0.086 0.370 0.187 0.220 
184 NS_SS0797    (6)    3 :  0.204 0.250 0.272 0.085 0.189 
185 NS_SS0830   (10)    3 :  0.243 0.179 0.249 0.138 0.190 
186 NS_SS1011    (5)    3 :  0.378 0.095 0.147 0.134 0.246 
187 NS_SS0883    (5)    3 :  0.110 0.220 0.346 0.137 0.187 
188 NS_SS0782    (2)    3 :  0.115 0.211 0.165 0.357 0.153 
189 NS_SS0831    (5)    3 :  0.100 0.337 0.310 0.093 0.159 
190 NS_SS0749    (7)    3 :  0.166 0.203 0.292 0.216 0.123 
191 NS_SS0854    (2)    3 :  0.109 0.184 0.131 0.402 0.174 
192 HI_SS0193    (0)    4 :  0.156 0.270 0.206 0.261 0.108 
193 HI_SS0194    (0)    4 :  0.274 0.129 0.119 0.322 0.157 
194 HI_SS0195    (9)    4 :  0.263 0.076 0.402 0.148 0.110 
195 HI_SS0196    (6)    4 :  0.130 0.200 0.173 0.349 0.149 
196 HI_SS0197    (3)    4 :  0.599 0.113 0.082 0.111 0.094 
197 HI_SS0198    (1)    4 :  0.169 0.230 0.301 0.149 0.151 
198 HI_SS0199    (1)    4 :  0.112 0.252 0.132 0.381 0.123 
199 HI_SS0201    (4)    4 :  0.138 0.374 0.156 0.078 0.254 
200 HI_SS0215    (1)    4 :  0.192 0.360 0.159 0.083 0.207 
201 HI_SS0218    (1)    4 :  0.077 0.407 0.234 0.201 0.082 
202 HI_SS0222    (0)    4 :  0.235 0.176 0.275 0.218 0.097 
203 HI_SS0230    (1)    4 :  0.342 0.140 0.209 0.088 0.222 
204 HI_SS0234    (1)    4 :  0.268 0.155 0.071 0.358 0.148 
205 HI_SS0240    (1)    4 :  0.138 0.133 0.187 0.442 0.100 
206 HI_SS0241    (0)    4 :  0.185 0.313 0.148 0.143 0.211 
207 HI_SS0242    (0)    4 :  0.153 0.204 0.203 0.175 0.265 
208 HI_SS0247    (0)    4 :  0.188 0.144 0.165 0.087 0.417 
209 HI_SS0248    (1)    4 :  0.067 0.308 0.098 0.316 0.210 
210 HI_SS0252    (2)    4 :  0.096 0.117 0.209 0.343 0.236 
211 HI_SS0254    (1)    4 :  0.351 0.208 0.101 0.153 0.187 
212 HI_SS0256    (0)    4 :  0.229 0.041 0.205 0.244 0.280 
213 HI_SS0257    (0)    4 :  0.185 0.298 0.053 0.195 0.269 
214 HI_SS0258    (1)    4 :  0.117 0.331 0.181 0.165 0.206 
215 HI_SS0259    (1)    4 :  0.370 0.118 0.166 0.241 0.105 
216 HI_SS0260    (1)    4 :  0.119 0.335 0.166 0.249 0.131 
217 HI_SS0261    (2)    4 :  0.315 0.200 0.079 0.174 0.232 
218 HI_SS0262    (0)    4 :  0.193 0.140 0.322 0.200 0.145 
219 HI_SS0264    (1)    4 :  0.301 0.144 0.269 0.102 0.184 
220 HI_SS0265    (0)    4 :  0.320 0.140 0.253 0.127 0.160 
221 HI_SS0268    (1)    4 :  0.310 0.220 0.276 0.123 0.071 
222 HI_SS0269    (1)    4 :  0.207 0.388 0.057 0.193 0.156 
223 HI_SS0273    (0)    4 :  0.200 0.280 0.130 0.131 0.259 
224 HI_SS0277    (1)    4 :  0.542 0.101 0.117 0.082 0.158 
225 HI_SS0280    (0)    4 :  0.189 0.174 0.363 0.174 0.100 
226 HI_SS0282    (1)    4 :  0.124 0.228 0.148 0.172 0.327 
227 HI_SS0286    (1)    4 :  0.189 0.237 0.260 0.164 0.151 
228 NS_SS1252    (3)    5 :  0.090 0.461 0.126 0.158 0.165 
229 NS_SS1261    (1)    5 :  0.234 0.186 0.191 0.185 0.204 
230 NS_SS1225    (9)    5 :  0.145 0.233 0.099 0.106 0.418 
231 NS_SS1266    (1)    5 :  0.140 0.069 0.168 0.153 0.470 
232 NS_SS1228    (0)    5 :  0.168 0.121 0.456 0.140 0.116 
233 NS_SS1255    (2)    5 :  0.101 0.160 0.127 0.469 0.143 
234 NS_SS1267    (3)    5 :  0.137 0.489 0.169 0.123 0.083 
235 NS_SS1238    (6)    5 :  0.302 0.207 0.257 0.117 0.117 
236 NS_SS1233    (8)    5 :  0.134 0.112 0.188 0.090 0.476 
237 NS_SS1277    (3)    5 :  0.123 0.299 0.186 0.311 0.080 
238 NS_SS1245    (1)    5 :  0.156 0.212 0.103 0.187 0.341 
239 NS_SS1240    (4)    5 :  0.176 0.473 0.085 0.154 0.112 
240 NS_SS1275    (2)    5 :  0.415 0.067 0.217 0.136 0.166 
241 NS_SS1235    (1)    5 :  0.163 0.129 0.061 0.397 0.249 
242 NS_SS1263    (1)    5 :  0.106 0.095 0.164 0.280 0.355 
243 NS_SS1251    (1)    5 :  0.200 0.117 0.128 0.183 0.372 
244 NS_SS1248    (0)    5 :  0.152 0.199 0.470 0.060 0.120 
245 NS_SS1244    (0)    5 :  0.405 0.150 0.111 0.106 0.228 
246 NS_SS1257    (0)    5 :  0.135 0.322 0.156 0.235 0.152 
247 NS_SS1242    (2)    5 :  0.187 0.116 0.244 0.243 0.209 
248 NS_SS1271    (6)    5 :  0.143 0.445 0.138 0.163 0.110 
249 NS_SS1265    (1)    5 :  0.213 0.362 0.129 0.112 0.184 
250 NS_SS1243    (0)    5 :  0.089 0.153 0.353 0.243 0.161 
251 NS_SS1273    (1)    5 :  0.185 0.097 0.278 0.265 0.175 
252 NS_SS1254   (14)    5 :  0.108 0.111 0.188 0.182 0.411 
253 NS_SS1224    (1)    5 :  0.142 0.102 0.285 0.154 0.317 
254 NS_SS1227    (8)    5 :  0.270 0.299 0.102 0.203 0.126 
255 NS_SS1274    (8)    5 :  0.129 0.255 0.201 0.232 0.182 
256 NS_SS1241    (1)    5 :  0.160 0.244 0.164 0.164 0.269 
257 NS_SS1256    (3)    5 :  0.245 0.212 0.088 0.119 0.336 
258 NS_SS1260    (8)    5 :  0.122 0.326 0.129 0.245 0.179 
259 NS_SS1262    (0)    5 :  0.197 0.230 0.169 0.117 0.286 
260 NS_SS1230    (0)    5 :  0.168 0.248 0.218 0.171 0.195 
261 NS_SS1270    (2)    5 :  0.169 0.121 0.258 0.081 0.371 
262 NS_SS1229    (2)    5 :  0.280 0.089 0.058 0.421 0.151 
263 NS_SS1246    (5)    5 :  0.283 0.274 0.092 0.248 0.102 
264 NS_SS1269    (0)    5 :  0.171 0.144 0.261 0.226 0.197 
265 NS_SS1239    (1)    5 :  0.108 0.097 0.305 0.369 0.122 
266 NS_SS1272    (4)    5 :  0.520 0.121 0.096 0.091 0.173 
267 NS_SS1268    (1)    5 :  0.089 0.103 0.367 0.092 0.350 
268 NS_SS1249    (0)    5 :  0.089 0.409 0.105 0.266 0.132 
269 HI_SS0559    (0)    6 :  0.084 0.197 0.260 0.225 0.234 
270 HI_SS0563    (1)    6 :  0.222 0.175 0.175 0.193 0.234 
271 HI_SS0564    (0)    6 :  0.265 0.139 0.191 0.184 0.221 
272 HI_SS0565    (0)    6 :  0.320 0.232 0.117 0.115 0.216 
273 HI_SS0569    (0)    6 :  0.152 0.290 0.117 0.060 0.381 
274 HI_SS0570    (0)    6 :  0.180 0.358 0.202 0.167 0.093 
275 HI_SS0572    (1)    6 :  0.168 0.095 0.117 0.413 0.206 
276 HI_SS0576    (0)    6 :  0.192 0.107 0.384 0.187 0.129 
277 HI_SS0579    (1)    6 :  0.081 0.206 0.085 0.194 0.435 
278 HI_SS0580    (1)    6 :  0.096 0.277 0.219 0.270 0.137 
279 HI_SS0581    (0)    6 :  0.403 0.087 0.273 0.125 0.112 
280 HI_SS0583    (1)    6 :  0.128 0.349 0.114 0.229 0.179 
281 HI_SS0586    (1)    6 :  0.123 0.441 0.244 0.076 0.117 
282 HI_SS0588    (1)    6 :  0.106 0.281 0.146 0.182 0.284 
283 HI_SS0595    (4)    6 :  0.390 0.249 0.101 0.146 0.114 
284 HI_SS0596    (0)    6 :  0.101 0.095 0.175 0.459 0.171 
285 HI_SS0597    (1)    6 :  0.280 0.128 0.127 0.280 0.186 
286 HI_SS0600    (0)    6 :  0.278 0.225 0.153 0.207 0.137 
287 HI_SS0601    (1)    6 :  0.226 0.184 0.146 0.087 0.356 
288 HI_SS0602    (1)    6 :  0.105 0.293 0.339 0.147 0.116 
289 HI_SS0604    (0)    6 :  0.096 0.178 0.209 0.206 0.311 
290 HI_SS0605    (1)    6 :  0.112 0.245 0.283 0.197 0.162 
291 HI_SS0608    (0)    6 :  0.159 0.188 0.323 0.202 0.127 
292 HI_SS0609    (0)    6 :  0.227 0.098 0.127 0.198 0.350 
293 HI_SS0611    (5)    6 :  0.090 0.349 0.304 0.124 0.133 
294 HI_SS0612    (1)    6 :  0.121 0.151 0.055 0.262 0.411 
295 HI_SS0613    (1)    6 :  0.105 0.183 0.406 0.089 0.217 
296 HI_SS0615    (0)    6 :  0.223 0.076 0.261 0.332 0.108 
297 HI_SS0001    (1)    6 :  0.228 0.219 0.113 0.319 0.121 
298 HI_SS0002    (1)    6 :  0.230 0.096 0.157 0.211 0.305 
299 HI_SS0004    (0)    6 :  0.130 0.316 0.211 0.241 0.102 
300 HI_SS0005    (1)    6 :  0.218 0.142 0.441 0.092 0.108 
301 HI_SS0006    (1)    6 :  0.211 0.281 0.085 0.147 0.276 
302 HI_SS0007    (1)    6 :  0.075 0.282 0.391 0.151 0.102 
303 HI_SS0008    (0)    6 :  0.302 0.154 0.212 0.123 0.210 
304 HI_SS0009    (0)    6 :  0.080 0.099 0.338 0.317 0.167 
305 HI_SS0010    (1)    6 :  0.200 0.231 0.275 0.110 0.183 
306 HI_SS0011    (1)    6 :  0.264 0.114 0.172 0.067 0.382 
307 HI_SS0012    (0)    6 :  0.332 0.079 0.196 0.250 0.144 
308 HI_SS0017    (1)    6 :  0.186 0.125 0.165 0.402 0.121 
309 HI_SS0021    (1)    6 :  0.272 0.317 0.177 0.097 0.137 
310 HI_SS0024    (1)    6 :  0.306 0.111 0.287 0.207 0.089 
311 HI_SS0025    (1)    6 :  0.099 0.111 0.279 0.305 0.206 
312 HI_SS0027    (0)    6 :  0.087 0.258 0.216 0.157 0.282 
313 HI_SS0028    (0)    6 :  0.361 0.067 0.372 0.091 0.108 
314 HI_SS0029    (1)    6 :  0.217 0.210 0.271 0.231 0.072 
315 HI_SS0030    (2)    6 :  0.179 0.209 0.174 0.238 0.200 
316 HI_SS0031    (0)    6 :  0.304 0.135 0.113 0.250 0.198 
317 HI_SS0034    (0)    6 :  0.105 0.322 0.090 0.213 0.270 
318 HI_SS0036    (0)    6 :  0.293 0.354 0.197 0.106 0.051 
319 HI_SS0037    (1)    6 :  0.097 0.384 0.242 0.088 0.189 
320 HI_SS0039    (0)    6 :  0.179 0.271 0.354 0.085 0.111 
321 HI_SS0041    (1)    6 :  0.186 0.109 0.382 0.223 0.101 
322 HI_SS0042    (1)    6 :  0.305 0.101 0.222 0.202 0.170 
323 HI_SS0043    (1)    6 :  0.238 0.427 0.126 0.092 0.116 
324 HI_SS0044    (1)    6 :  0.119 0.270 0.187 0.359 0.065 
325 HI_SS0047    (1)    6 :  0.165 0.118 0.203 0.282 0.233 
326 HI_SS0049    (0)    6 :  0.115 0.139 0.171 0.334 0.240 
327 HI_SS0051    (1)    6 :  0.105 0.143 0.310 0.119 0.323 
328 HI_SS0053    (1)    6 :  0.293 0.328 0.096 0.129 0.154 
329 HI_SS0054    (4)    6 :  0.125 0.319 0.147 0.071 0.338 
330 HI_SS0057    (0)    6 :  0.249 0.144 0.287 0.126 0.194 
331 HI_SS0058    (0)    6 :  0.101 0.314 0.178 0.167 0.240 
332 HI_SS0060    (0)    6 :  0.303 0.154 0.245 0.107 0.191 
333 HI_SS0087    (1)    6 :  0.287 0.215 0.103 0.169 0.226 
334 HI_SS0091    (0)    6 :  0.286 0.388 0.068 0.119 0.139 
335 HI_SS0095    (1)    6 :  0.245 0.204 0.140 0.209 0.202 
336 HI_SS0097    (3)    6 :  0.139 0.112 0.108 0.158 0.483 
337 HI_SS0099    (0)    6 :  0.153 0.179 0.331 0.211 0.126 
338 HI_SS0103    (0)    6 :  0.228 0.159 0.116 0.335 0.162 
339 HI_SS0105    (1)    6 :  0.353 0.150 0.142 0.101 0.254 
340 HI_SS0107    (1)    6 :  0.208 0.076 0.122 0.406 0.188 
341 HI_SS0108    (1)    6 :  0.125 0.487 0.102 0.138 0.148 
342 HI_SS0110    (0)    6 :  0.420 0.179 0.085 0.216 0.100 
343 HI_SS0111    (1)    6 :  0.296 0.172 0.193 0.226 0.113 
344 HI_SS0112    (0)    6 :  0.162 0.435 0.136 0.162 0.105 
345 HI_SS0113    (1)    6 :  0.298 0.106 0.189 0.219 0.188 
346 HI_SS0114    (1)    6 :  0.138 0.312 0.242 0.095 0.213 
347 HI_SS0115    (1)    6 :  0.069 0.172 0.197 0.367 0.194 
348 HI_SS0116    (4)    6 :  0.105 0.333 0.114 0.329 0.119 
349 HI_SS0117    (0)    6 :  0.323 0.238 0.067 0.108 0.264 
350 HI_SS0118    (0)    6 :  0.206 0.287 0.116 0.161 0.230 
351 HI_SS0119    (1)    6 :  0.356 0.230 0.108 0.103 0.204 
352 HI_SS0120    (1)    6 :  0.343 0.077 0.099 0.362 0.119 
353 HI_SS0121    (1)    6 :  0.434 0.081 0.234 0.055 0.196 
354 HI_SS0122    (2)    6 :  0.298 0.200 0.211 0.150 0.141 
355 HI_SS0123    (0)    6 :  0.301 0.175 0.103 0.180 0.241 
356 HI_SS0124    (1)    6 :  0.120 0.084 0.289 0.382 0.125 
357 HI_SS0125    (1)    6 :  0.261 0.083 0.302 0.230 0.125 
358 HI_SS0126    (0)    6 :  0.140 0.370 0.142 0.248 0.099 
359 HI_SS0127    (0)    6 :  0.113 0.150 0.346 0.092 0.299 
360 HI_SS0128    (0)    6 :  0.227 0.155 0.114 0.314 0.190 
361 HI_SS0129    (1)    6 :  0.205 0.308 0.171 0.208 0.107 
362 HI_SS0131    (2)    6 :  0.123 0.277 0.273 0.066 0.261 
363 HI_SS0132    (0)    6 :  0.372 0.158 0.185 0.102 0.183 
364 HI_SS0133    (1)    6 :  0.120 0.472 0.142 0.165 0.101 
365 HI_SS0134    (1)    6 :  0.190 0.215 0.147 0.189 0.258 
366 HI_SS0142    (3)    6 :  0.275 0.148 0.157 0.127 0.293 
367 HI_SS0145    (0)    6 :  0.124 0.216 0.097 0.251 0.312 
368 HI_SS0146    (1)    6 :  0.102 0.253 0.186 0.206 0.254 
369 HI_SS0147    (1)    6 :  0.158 0.117 0.368 0.111 0.245 
370 HI_SS0149    (1)    6 :  0.507 0.170 0.091 0.064 0.168 
371 HI_SS0150    (2)    6 :  0.195 0.097 0.305 0.225 0.178 
372 HI_SS0151    (0)    6 :  0.079 0.179 0.175 0.401 0.165 
373 NS_SS1451    (1)    6 :  0.207 0.084 0.312 0.279 0.118 
374 NS_SS1404    (0)    6 :  0.166 0.165 0.396 0.125 0.147 
375 NS_SS1432    (2)    6 :  0.429 0.088 0.177 0.244 0.062 
376 NS_SS1405    (4)    6 :  0.158 0.203 0.221 0.283 0.135 
377 NS_SS1431   (10)    6 :  0.398 0.085 0.180 0.208 0.129 
378 NS_SS1402    (3)    6 :  0.271 0.199 0.123 0.218 0.189 
379 NS_SS1450    (3)    6 :  0.140 0.287 0.173 0.286 0.113 
380 NS_SS1396    (0)    6 :  0.228 0.176 0.261 0.166 0.170 
381 NS_SS1393    (5)    6 :  0.150 0.250 0.201 0.255 0.143 
382 NS_SS1392   (10)    6 :  0.135 0.124 0.295 0.364 0.082 
383 NS_SS1445    (0)    6 :  0.227 0.301 0.138 0.083 0.252 
384 NS_SS1423    (0)    6 :  0.306 0.207 0.088 0.267 0.133 
385 NS_SS1421    (9)    6 :  0.297 0.208 0.135 0.171 0.189 
386 NS_SS1411    (6)    6 :  0.086 0.317 0.373 0.105 0.118 
387 NS_SS1453    (5)    6 :  0.345 0.276 0.146 0.122 0.112 
388 NS_SS1442    (2)    6 :  0.120 0.169 0.162 0.186 0.363 
389 NS_SS1422    (1)    6 :  0.160 0.130 0.092 0.309 0.310 
390 NS_SS1419    (1)    6 :  0.115 0.138 0.258 0.088 0.402 
391 NS_SS1427    (0)    6 :  0.138 0.393 0.088 0.321 0.060 
392 NS_SS1444    (3)    6 :  0.110 0.131 0.324 0.164 0.271 
393 NS_SS1455    (0)    6 :  0.182 0.088 0.155 0.307 0.268 
394 NS_SS1425    (2)    6 :  0.138 0.412 0.133 0.096 0.222 
395 NS_SS1400    (0)    6 :  0.105 0.340 0.188 0.100 0.267 
396 NS_SS1406    (1)    6 :  0.332 0.068 0.131 0.121 0.348 
397 NS_SS1417    (6)    6 :  0.200 0.236 0.154 0.162 0.248 
398 NS_SS1454    (2)    6 :  0.369 0.271 0.177 0.069 0.115 
399 NS_SS1412    (1)    6 :  0.174 0.252 0.225 0.194 0.155 
400 NS_SS1438    (1)    6 :  0.109 0.350 0.171 0.091 0.278 
401 NS_SS1416    (4)    6 :  0.231 0.193 0.235 0.137 0.204 
402 NS_SS1401    (0)    6 :  0.327 0.193 0.120 0.166 0.194 
403 NS_SS1424    (6)    6 :  0.354 0.211 0.143 0.142 0.150 
404 NS_SS1435    (9)    6 :  0.222 0.163 0.285 0.247 0.083 
405 NS_SS1447    (4)    6 :  0.165 0.120 0.255 0.131 0.329 
406 NS_SS1414    (3)    6 :  0.115 0.121 0.356 0.129 0.280 
407 NS_SS1449   (14)    6 :  0.287 0.129 0.130 0.321 0.133 
408 NS_SS1443    (4)    6 :  0.122 0.288 0.068 0.310 0.212 
409 NS_SS1434    (1)    6 :  0.101 0.181 0.091 0.493 0.134 
410 NS_SS1398    (1)    6 :  0.208 0.151 0.244 0.271 0.125 
411 NS_SS1426    (1)    6 :  0.174 0.392 0.130 0.167 0.137 
412 NS_SS1413    (0)    6 :  0.133 0.299 0.109 0.247 0.212 
413 NS_SS1395    (1)    6 :  0.251 0.283 0.100 0.204 0.162 
414 NS_SS1448   (10)    6 :  0.145 0.259 0.345 0.153 0.098 
415 NS_SS1446    (0)    6 :  0.234 0.295 0.112 0.195 0.163 
416 NS_SS1403    (2)    6 :  0.419 0.127 0.175 0.183 0.096 
417 NS_SS1415    (0)    6 :  0.129 0.313 0.210 0.190 0.158 
418 NS_SS1437    (4)    6 :  0.406 0.147 0.187 0.115 0.146 
419 NS_SS1439    (2)    6 :  0.160 0.174 0.120 0.211 0.335 
420 NS_SS1441    (3)    6 :  0.157 0.274 0.112 0.259 0.198 
421 NS_SS1420    (2)    6 :  0.069 0.106 0.563 0.153 0.110 
422 NS_SS1394    (2)    6 :  0.236 0.121 0.381 0.129 0.133 
423 NS_SS1391    (7)    6 :  0.160 0.256 0.107 0.377 0.099 
424 NS_SS1410    (5)    6 :  0.254 0.246 0.157 0.196 0.147 
425 NS_SS1408    (1)    6 :  0.335 0.132 0.177 0.136 0.219 
426 NS_SS1409    (1)    6 :  0.154 0.227 0.093 0.388 0.137 
427 HI_SS0617    (1)    7 :  0.119 0.253 0.166 0.359 0.103 
428 HI_SS0618    (2)    7 :  0.139 0.135 0.306 0.239 0.182 
429 HI_SS0619    (0)    7 :  0.143 0.209 0.276 0.260 0.113 
430 HI_SS0620    (1)    7 :  0.060 0.389 0.226 0.197 0.128 
431 HI_SS0621    (3)    7 :  0.235 0.135 0.211 0.219 0.200 
432 HI_SS0622    (1)    7 :  0.146 0.182 0.214 0.152 0.306 
433 HI_SS0626    (0)    7 :  0.213 0.182 0.408 0.086 0.112 
434 HI_SS0627    (0)    7 :  0.428 0.113 0.156 0.188 0.115 
435 HI_SS0628    (3)    7 :  0.282 0.307 0.202 0.113 0.096 
436 HI_SS0629    (1)    7 :  0.252 0.233 0.216 0.114 0.185 
437 HI_SS0630    (1)    7 :  0.100 0.246 0.274 0.218 0.163 
438 HI_SS0631    (0)    7 :  0.160 0.247 0.276 0.183 0.134 
439 HI_SS0632    (0)    7 :  0.149 0.176 0.306 0.106 0.263 
440 HI_SS0633    (0)    7 :  0.088 0.150 0.169 0.435 0.158 
441 HI_SS0634    (1)    7 :  0.314 0.193 0.247 0.128 0.117 
442 HI_SS0635    (0)    7 :  0.190 0.116 0.323 0.164 0.208 
443 HI_SS0637    (1)    7 :  0.216 0.187 0.188 0.087 0.322 
444 HI_SS0638    (0)    7 :  0.187 0.196 0.212 0.234 0.170 
445 HI_SS0639    (1)    7 :  0.209 0.107 0.278 0.200 0.206 
446 HI_SS0640    (1)    7 :  0.128 0.149 0.165 0.207 0.350 
447 HI_SS0641    (1)    7 :  0.103 0.315 0.347 0.081 0.154 
448 HI_SS0642    (0)    7 :  0.530 0.083 0.130 0.134 0.123 
449 HI_SS0645    (0)    7 :  0.095 0.080 0.504 0.162 0.159 
450 HI_SS0646    (1)    7 :  0.193 0.155 0.094 0.379 0.180 
451 HI_SS0647    (1)    7 :  0.252 0.159 0.172 0.237 0.180 
452 HI_SS0648    (0)    7 :  0.162 0.183 0.223 0.207 0.225 
453 HI_SS0649    (1)    7 :  0.151 0.193 0.181 0.253 0.223 
454 HI_SS0650    (1)    7 :  0.171 0.109 0.144 0.464 0.113 
455 HI_SS0651    (1)    7 :  0.158 0.169 0.202 0.243 0.229 
456 HI_SS0652    (1)    7 :  0.104 0.109 0.438 0.195 0.154 
457 NS_SS1371    (3)    7 :  0.288 0.215 0.086 0.265 0.146 
458 NS_SS1374    (0)    7 :  0.315 0.303 0.189 0.107 0.086 
459 NS_SS1337    (3)    7 :  0.324 0.099 0.275 0.155 0.147 
460 NS_SS1385    (5)    7 :  0.175 0.152 0.137 0.316 0.220 
461 NS_SS1388    (0)    7 :  0.191 0.231 0.276 0.185 0.117 
462 NS_SS1370    (1)    7 :  0.132 0.089 0.536 0.103 0.140 
463 NS_SS1389    (3)    7 :  0.189 0.160 0.378 0.168 0.105 
464 NS_SS1360    (1)    7 :  0.137 0.254 0.235 0.111 0.263 
465 NS_SS1330    (0)    7 :  0.127 0.098 0.299 0.232 0.244 
466 NS_SS1328    (8)    7 :  0.184 0.265 0.069 0.359 0.123 
467 NS_SS1384    (1)    7 :  0.231 0.197 0.163 0.124 0.286 
468 NS_SS1381    (0)    7 :  0.132 0.078 0.142 0.488 0.159 
469 NS_SS1375    (1)    7 :  0.165 0.128 0.328 0.315 0.065 
470 NS_SS1319   (10)    7 :  0.306 0.180 0.203 0.191 0.120 
471 NS_SS1326    (2)    7 :  0.149 0.387 0.140 0.236 0.088 
472 NS_SS1341    (1)    7 :  0.327 0.258 0.086 0.086 0.244 
473 NS_SS1383    (1)    7 :  0.433 0.157 0.183 0.107 0.120 
474 NS_SS1318    (3)    7 :  0.103 0.176 0.292 0.212 0.217 
475 NS_SS1348    (2)    7 :  0.181 0.336 0.129 0.134 0.220 
476 NS_SS1363    (0)    7 :  0.207 0.138 0.282 0.150 0.224 
477 NS_SS1335    (4)    7 :  0.191 0.220 0.185 0.085 0.319 
478 NS_SS1358    (0)    7 :  0.237 0.196 0.085 0.166 0.317 
479 NS_SS1342    (1)    7 :  0.352 0.232 0.065 0.138 0.213 
480 NS_SS1320    (2)    7 :  0.120 0.050 0.120 0.473 0.236 
481 NS_SS1355    (1)    7 :  0.123 0.109 0.132 0.212 0.424 
482 NS_SS1345    (1)    7 :  0.090 0.075 0.112 0.140 0.582 
483 NS_SS1324    (0)    7 :  0.190 0.267 0.190 0.173 0.180 
484 NS_SS1347    (5)    7 :  0.236 0.146 0.159 0.248 0.211 
485 NS_SS1321    (4)    7 :  0.358 0.279 0.152 0.121 0.090 
486 NS_SS1333    (0)    7 :  0.364 0.285 0.168 0.131 0.052 
487 NS_SS1364    (1)    7 :  0.163 0.242 0.097 0.086 0.412 
488 NS_SS1379    (0)    7 :  0.153 0.146 0.167 0.298 0.236 
489 NS_SS1332    (0)    7 :  0.210 0.394 0.168 0.102 0.125 
490 NS_SS1338    (5)    7 :  0.172 0.259 0.270 0.142 0.157 
491 NS_SS1368    (6)    7 :  0.251 0.286 0.104 0.093 0.266 
492 NS_SS1354    (1)    7 :  0.231 0.166 0.169 0.152 0.281 
493 NS_SS1365    (0)    7 :  0.201 0.127 0.278 0.173 0.221 
494 NS_SS1380    (1)    7 :  0.173 0.105 0.246 0.114 0.362 
495 NS_SS1329    (8)    7 :  0.380 0.249 0.067 0.110 0.194 
496 NS_SS1362    (0)    7 :  0.250 0.182 0.112 0.254 0.201 
497 NS_SS1327    (2)    7 :  0.131 0.538 0.129 0.136 0.066 
498 NS_SS1350    (0)    7 :  0.150 0.221 0.098 0.464 0.067 
499 NS_SS1387    (2)    7 :  0.130 0.169 0.395 0.114 0.193 
500 NS_SS1369    (8)    7 :  0.132 0.279 0.169 0.110 0.310 
501 NS_SS1331    (1)    7 :  0.277 0.207 0.332 0.100 0.084 
502 NS_SS1357    (4)    7 :  0.158 0.202 0.069 0.470 0.101 
503 NS_SS1386    (1)    7 :  0.295 0.402 0.063 0.073 0.167 
504 NS_SS1353    (2)    7 :  0.266 0.164 0.151 0.296 0.124 
505 NS_SS1323    (0)    7 :  0.288 0.087 0.154 0.199 0.271 
506 HI_SS0296    (0)    8 :  0.080 0.264 0.296 0.183 0.177 
507 HI_SS0297    (0)    8 :  0.412 0.105 0.111 0.294 0.078 
508 HI_SS0299    (0)    8 :  0.181 0.195 0.152 0.173 0.299 
509 HI_SS0300    (0)    8 :  0.096 0.178 0.210 0.151 0.364 
510 HI_SS0301    (0)    8 :  0.248 0.140 0.341 0.049 0.221 
511 HI_SS0302    (0)    8 :  0.093 0.253 0.322 0.106 0.226 
512 HI_SS0303    (0)    8 :  0.117 0.346 0.125 0.259 0.152 
513 HI_SS0304    (0)    8 :  0.204 0.202 0.313 0.193 0.089 
514 HI_SS0306    (5)    8 :  0.129 0.348 0.243 0.127 0.153 
515 HI_SS0307    (1)    8 :  0.203 0.120 0.249 0.194 0.235 
516 HI_SS0308    (1)    8 :  0.255 0.113 0.232 0.139 0.261 
517 HI_SS0309    (0)    8 :  0.145 0.117 0.188 0.163 0.388 
518 HI_SS0310    (0)    8 :  0.127 0.199 0.223 0.231 0.220 
519 HI_SS0311    (3)    8 :  0.189 0.174 0.299 0.104 0.233 
520 HI_SS0314    (0)    8 :  0.202 0.190 0.173 0.306 0.128 
521 HI_SS0316    (1)    8 :  0.187 0.256 0.165 0.161 0.231 
522 HI_SS0317    (3)    8 :  0.353 0.136 0.230 0.144 0.137 
523 HI_SS0318    (1)    8 :  0.307 0.329 0.141 0.088 0.134 
524 HI_SS0319    (0)    8 :  0.096 0.426 0.077 0.164 0.236 
525 HI_SS0320    (3)    8 :  0.478 0.105 0.215 0.137 0.065 
526 HI_SS0321    (0)    8 :  0.316 0.207 0.127 0.240 0.110 
527 HI_SS0323    (1)    8 :  0.116 0.316 0.241 0.179 0.148 
528 HI_SS0325    (2)    8 :  0.137 0.305 0.259 0.101 0.198 
529 HI_SS0327    (1)    8 :  0.143 0.223 0.054 0.407 0.174 
530 HI_SS0329    (1)    8 :  0.258 0.157 0.309 0.130 0.146 
531 HI_SS0333    (1)    8 :  0.221 0.212 0.196 0.190 0.181 
532 HI_SS0334    (1)    8 :  0.182 0.303 0.127 0.127 0.262 
533 HI_SS0335    (1)    8 :  0.174 0.099 0.131 0.199 0.398 
534 HI_SS0339    (0)    8 :  0.131 0.121 0.235 0.135 0.377 
535 HI_SS0343    (2)    8 :  0.265 0.100 0.101 0.234 0.299 
536 HI_SS0344    (1)    8 :  0.156 0.504 0.096 0.126 0.118 
537 HI_SS0345    (3)    8 :  0.231 0.174 0.239 0.081 0.275 
538 HI_SS0346    (0)    8 :  0.396 0.221 0.182 0.106 0.095 
539 HI_SS0350    (1)    8 :  0.070 0.061 0.221 0.162 0.486 
540 HI_SS0351    (0)    8 :  0.198 0.140 0.090 0.119 0.453 
541 HI_SS0352    (3)    8 :  0.278 0.128 0.168 0.176 0.250 
542 HI_SS0362    (0)    8 :  0.123 0.174 0.424 0.123 0.155 
543 HI_SS0363    (1)    8 :  0.119 0.282 0.100 0.300 0.198 
544 HI_SS0365    (0)    8 :  0.134 0.272 0.134 0.256 0.203 
545 HI_SS0366    (0)    8 :  0.102 0.404 0.144 0.200 0.151 
546 HI_SS0367    (1)    8 :  0.212 0.107 0.209 0.225 0.247 
547 HI_SS0369    (1)    8 :  0.175 0.109 0.297 0.183 0.235 
548 HI_SS0370    (0)    8 :  0.208 0.140 0.078 0.448 0.127 
549 HI_SS0371    (4)    8 :  0.163 0.347 0.232 0.107 0.150 
550 HI_SS0373    (3)    8 :  0.127 0.195 0.274 0.239 0.165 
551 HI_SS0374    (0)    8 :  0.221 0.144 0.212 0.211 0.211 
552 HI_SS0377    (0)    8 :  0.176 0.195 0.129 0.081 0.420 
553 HI_SS0379    (1)    8 :  0.205 0.512 0.085 0.072 0.126 
554 HI_SS0380    (1)    8 :  0.187 0.141 0.199 0.200 0.273 
555 HI_SS0381    (2)    8 :  0.234 0.095 0.231 0.132 0.308 
556 HI_SS0384    (3)    8 :  0.234 0.245 0.161 0.287 0.073 
557 HI_SS0385    (1)    8 :  0.173 0.274 0.325 0.121 0.107 


Estimated Allele Frequencies in each cluster
First column gives estimated ancestral frequencies


Locus 1 : 
2 alleles
3.4% missing data
   1   (0.736) 0.802 0.716 0.696 0.766 0.712 
   2   (0.264) 0.198 0.284 0.304 0.234 0.288 

Locus 2 : 
2 alleles
4.3% missing data
   1   (0.882) 0.856 0.916 0.900 0.869 0.906 
   2   (0.118) 0.144 0.084 0.100 0.131 0.094 

Locus 3 : 
2 alleles
3.9% missing data
   1   (0.860) 0.867 0.865 0.857 0.854 0.893 
   2   (0.140) 0.133 0.135 0.143 0.146 0.107 

Locus 4 : 
2 alleles
2.7% missing data
   1   (0.885) 0.831 0.910 0.888 0.925 0.909 
   2   (0.115) 0.169 0.090 0.112 0.075 0.091 

Locus 5 : 
2 alleles
2.7% missing data
   1   (0.822) 0.870 0.795 0.829 0.804 0.827 
   2   (0.178) 0.130 0.205 0.171 0.196 0.173 

Locus 6 : 
2 alleles
3.2% missing data
   1   (0.789) 0.819 0.751 0.826 0.807 0.768 
   2   (0.211) 0.181 0.249 0.174 0.193 0.232 

Locus 7 : 
2 alleles
3.8% missing data
   1   (0.801) 0.807 0.780 0.791 0.854 0.804 
   2   (0.199) 0.193 0.220 0.209 0.146 0.196 

Locus 8 : 
2 alleles
4.8% missing data
   1   (0.703) 0.726 0.694 0.729 0.681 0.703 
   2   (0.297) 0.274 0.306 0.271 0.319 0.297 

Locus 9 : 
2 alleles
3.1% missing data
   1   (0.792) 0.835 0.736 0.822 0.784 0.796 
   2   (0.208) 0.165 0.264 0.178 0.216 0.204 

Locus 10 : 
2 alleles
4.7% missing data
   1   (0.886) 0.865 0.887 0.897 0.932 0.890 
   2   (0.114) 0.135 0.113 0.103 0.068 0.110 

Locus 11 : 
2 alleles
3.2% missing data
   1   (0.860) 0.845 0.822 0.859 0.902 0.901 
   2   (0.140) 0.155 0.178 0.141 0.098 0.099 

Locus 12 : 
2 alleles
4.8% missing data
   1   (0.729) 0.759 0.742 0.745 0.700 0.720 
   2   (0.271) 0.241 0.258 0.255 0.300 0.280 

Locus 13 : 
2 alleles
4.7% missing data
   1   (0.884) 0.919 0.872 0.880 0.907 0.876 
   2   (0.116) 0.081 0.128 0.120 0.093 0.124 

Locus 14 : 
2 alleles
3.9% missing data
   1   (0.872) 0.858 0.873 0.887 0.912 0.872 
   2   (0.128) 0.142 0.127 0.113 0.088 0.128 

Locus 15 : 
2 alleles
3.9% missing data
   1   (0.505) 0.509 0.536 0.511 0.462 0.508 
   2   (0.495) 0.491 0.464 0.489 0.538 0.492 

Locus 16 : 
2 alleles
4.3% missing data
   1   (0.607) 0.554 0.559 0.712 0.571 0.641 
   2   (0.393) 0.446 0.441 0.288 0.429 0.359 

Locus 17 : 
2 alleles
4.1% missing data
   1   (0.771) 0.762 0.752 0.795 0.765 0.807 
   2   (0.229) 0.238 0.248 0.205 0.235 0.193 

Locus 18 : 
2 alleles
2.3% missing data
   1   (0.890) 0.895 0.926 0.904 0.896 0.874 
   2   (0.110) 0.105 0.074 0.096 0.104 0.126 

Locus 19 : 
2 alleles
4.3% missing data
   1   (0.708) 0.681 0.689 0.760 0.699 0.733 
   2   (0.292) 0.319 0.311 0.240 0.301 0.267 

Locus 20 : 
2 alleles
3.2% missing data
   1   (0.882) 0.842 0.919 0.934 0.910 0.833 
   2   (0.118) 0.158 0.081 0.066 0.090 0.167 

Locus 21 : 
2 alleles
3.4% missing data
   1   (0.560) 0.540 0.449 0.561 0.576 0.662 
   2   (0.440) 0.460 0.551 0.439 0.424 0.338 

Locus 22 : 
2 alleles
4.8% missing data
   1   (0.851) 0.871 0.839 0.854 0.853 0.875 
   2   (0.149) 0.129 0.161 0.146 0.147 0.125 

Locus 23 : 
2 alleles
4.3% missing data
   1   (0.879) 0.899 0.889 0.875 0.850 0.913 
   2   (0.121) 0.101 0.111 0.125 0.150 0.087 

Locus 24 : 
2 alleles
3.2% missing data
   1   (0.544) 0.589 0.532 0.583 0.480 0.526 
   2   (0.456) 0.411 0.468 0.417 0.520 0.474 

Locus 25 : 
2 alleles
4.3% missing data
   2   (0.468) 0.409 0.506 0.478 0.520 0.443 
   1   (0.532) 0.591 0.494 0.522 0.480 0.557 

Locus 26 : 
2 alleles
4.3% missing data
   1   (0.837) 0.806 0.874 0.864 0.835 0.843 
   2   (0.163) 0.194 0.126 0.136 0.165 0.157 

Locus 27 : 
2 alleles
2.2% missing data
   1   (0.599) 0.581 0.650 0.612 0.581 0.588 
   2   (0.401) 0.419 0.350 0.388 0.419 0.412 

Locus 28 : 
2 alleles
4.1% missing data
   1   (0.859) 0.842 0.888 0.892 0.906 0.801 
   2   (0.141) 0.158 0.112 0.108 0.094 0.199 

Locus 29 : 
2 alleles
1.8% missing data
   1   (0.876) 0.886 0.880 0.868 0.891 0.899 
   2   (0.124) 0.114 0.120 0.132 0.109 0.101 

Locus 30 : 
2 alleles
4.5% missing data
   1   (0.864) 0.829 0.885 0.880 0.870 0.893 
   2   (0.136) 0.171 0.115 0.120 0.130 0.107 

Locus 31 : 
2 alleles
4.3% missing data
   1   (0.785) 0.771 0.804 0.820 0.840 0.728 
   2   (0.215) 0.229 0.196 0.180 0.160 0.272 

Locus 32 : 
2 alleles
