

----------------------------------------------------
STRUCTURE by Pritchard, Stephens and Donnelly (2000)
     and Falush, Stephens and Pritchard (2003)
       Code by Pritchard, Falush and Hubisz
             Version 2.3.4 (Jul 2012)
----------------------------------------------------



Command line arguments:   /home/genobiwan/Documents/Programs/Structure/structure -m parameter_job_k3_r1 
Input File:    /media/genobiwan/Storage/Projets/Mackerel_NWA_2021/data_job_k3_r1

Run parameters:
   557 individuals
   3930 loci
   3 populations assumed
   100000 Burn-in period
   200000 Reps


--------------------------------------------
Proportion of membership of each pre-defined
 population in each of the 3 clusters

Given    Inferred Clusters       Number of
 Pop       1      2      3      Individuals

  1:     0.361  0.336  0.304       67
  2:     0.319  0.393  0.288       32
  3:     0.374  0.320  0.306       92
  4:     0.299  0.328  0.373       36
  5:     0.350  0.299  0.351       41
  6:     0.320  0.330  0.350      158
  7:     0.326  0.342  0.332       79
  8:     0.341  0.311  0.349       52
--------------------------------------------

Allele-freq. divergence among pops (Net nucleotide distance),
computed using point estimates of P.

      1       2       3      
 1      -    0.0006  0.0009  
 2   0.0006     -    0.0009  
 3   0.0009  0.0009     -    

Average distances (expected heterozygosity) between individuals in same cluster:
cluster  1  : 0.3134 
cluster  2  : 0.3147 
cluster  3  : 0.3141 

--------------------------------------------
Estimated Ln Prob of Data   = -2069275.2
Mean value of ln likelihood = -2064765.6
Variance of ln likelihood   = 9019.2
Mean value of alpha         = 1.3092

Mean value of Fst_1         = 0.0105
Mean value of Fst_2         = 0.0105
Mean value of Fst_3         = 0.0105


Inferred ancestry of individuals:
        Label (%Miss) Pop:  Inferred clusters
  1 NS_SS0963    (4)    1 :  0.464 0.271 0.265 
  2 NS_SS0983    (1)    1 :  0.275 0.120 0.604 
  3 NS_SS0719    (8)    1 :  0.283 0.323 0.394 
  4 NS_SS1001    (8)    1 :  0.355 0.504 0.142 
  5 NS_SS0936    (4)    1 :  0.324 0.459 0.217 
  6 NS_SS0955    (5)    1 :  0.436 0.137 0.427 
  7 NS_SS0944    (3)    1 :  0.450 0.241 0.308 
  8 NS_SS0945    (3)    1 :  0.239 0.464 0.296 
  9 NS_SS0922    (2)    1 :  0.256 0.596 0.149 
 10 NS_SS0929    (7)    1 :  0.319 0.233 0.448 
 11 NS_SS0956    (2)    1 :  0.394 0.478 0.128 
 12 NS_SS0906    (3)    1 :  0.425 0.224 0.350 
 13 NS_SS0721    (6)    1 :  0.416 0.345 0.239 
 14 NS_SS0982    (4)    1 :  0.466 0.300 0.234 
 15 NS_SS0923    (5)    1 :  0.343 0.415 0.241 
 16 NS_SS0905    (6)    1 :  0.375 0.305 0.320 
 17 NS_SS0925    (3)    1 :  0.519 0.310 0.171 
 18 NS_SS0947    (5)    1 :  0.368 0.414 0.218 
 19 NS_SS0926    (2)    1 :  0.225 0.207 0.568 
 20 NS_SS0918    (6)    1 :  0.622 0.260 0.118 
 21 NS_SS0966    (4)    1 :  0.501 0.261 0.237 
 22 NS_SS0938    (2)    1 :  0.242 0.568 0.191 
 23 NS_SS0917    (2)    1 :  0.131 0.299 0.570 
 24 NS_SS0957   (11)    1 :  0.373 0.398 0.229 
 25 NS_SS0987    (1)    1 :  0.529 0.307 0.164 
 26 NS_SS0717    (4)    1 :  0.401 0.452 0.147 
 27 NS_SS0986    (2)    1 :  0.433 0.295 0.273 
 28 NS_SS0953    (4)    1 :  0.535 0.315 0.150 
 29 NS_SS0907    (3)    1 :  0.517 0.169 0.314 
 30 NS_SS0974    (6)    1 :  0.330 0.289 0.380 
 31 NS_SS0989    (1)    1 :  0.124 0.214 0.662 
 32 NS_SS0991    (2)    1 :  0.583 0.127 0.290 
 33 NS_SS0994    (2)    1 :  0.105 0.165 0.730 
 34 NS_SS0931    (6)    1 :  0.396 0.231 0.373 
 35 NS_SS1000    (5)    1 :  0.343 0.496 0.161 
 36 NS_SS0919    (1)    1 :  0.365 0.186 0.450 
 37 NS_SS0949    (3)    1 :  0.204 0.205 0.590 
 38 NS_SS0960   (10)    1 :  0.358 0.193 0.448 
 39 NS_SS0716    (2)    1 :  0.312 0.580 0.108 
 40 NS_SS0924    (8)    1 :  0.440 0.175 0.385 
 41 NS_SS0935    (1)    1 :  0.350 0.171 0.479 
 42 NS_SS0952   (13)    1 :  0.334 0.149 0.517 
 43 NS_SS0962   (10)    1 :  0.332 0.483 0.186 
 44 NS_SS0973    (5)    1 :  0.491 0.180 0.329 
 45 NS_SS0722    (1)    1 :  0.299 0.579 0.122 
 46 NS_SS0979   (13)    1 :  0.482 0.344 0.174 
 47 NS_SS0993    (2)    1 :  0.470 0.373 0.157 
 48 NS_SS0958    (1)    1 :  0.263 0.268 0.469 
 49 NS_SS0988    (4)    1 :  0.411 0.244 0.345 
 50 NS_SS1003    (2)    1 :  0.504 0.360 0.136 
 51 NS_SS0976    (0)    1 :  0.361 0.200 0.439 
 52 NS_SS0964   (10)    1 :  0.352 0.519 0.128 
 53 NS_SS0939    (4)    1 :  0.173 0.732 0.095 
 54 NS_SS0990    (6)    1 :  0.171 0.501 0.328 
 55 NS_SS0984    (2)    1 :  0.226 0.658 0.116 
 56 NS_SS0980    (9)    1 :  0.359 0.386 0.255 
 57 NS_SS0978    (4)    1 :  0.284 0.418 0.298 
 58 NS_SS0951   (17)    1 :  0.511 0.223 0.266 
 59 NS_SS0913    (3)    1 :  0.401 0.422 0.177 
 60 NS_SS1002    (1)    1 :  0.453 0.354 0.193 
 61 NS_SS0948    (1)    1 :  0.441 0.252 0.307 
 62 NS_SS0916    (4)    1 :  0.135 0.404 0.461 
 63 NS_SS0995    (1)    1 :  0.240 0.456 0.304 
 64 NS_SS0927    (6)    1 :  0.167 0.300 0.533 
 65 NS_SS0992    (5)    1 :  0.206 0.378 0.416 
 66 NS_SS0912    (1)    1 :  0.445 0.306 0.248 
 67 NS_SS0981    (1)    1 :  0.525 0.295 0.180 
 68 NS_SS0729    (5)    2 :  0.185 0.138 0.677 
 69 NS_SS0967   (14)    2 :  0.490 0.249 0.261 
 70 NS_SS0941    (7)    2 :  0.207 0.535 0.258 
 71 NS_SS0768   (12)    2 :  0.530 0.270 0.200 
 72 NS_SS0726    (4)    2 :  0.191 0.252 0.557 
 73 NS_SS0763    (4)    2 :  0.227 0.215 0.558 
 74 NS_SS0730    (6)    2 :  0.282 0.537 0.181 
 75 NS_SS0774    (1)    2 :  0.285 0.542 0.172 
 76 NS_SS0723    (3)    2 :  0.388 0.458 0.155 
 77 NS_SS0940    (9)    2 :  0.171 0.449 0.380 
 78 NS_SS0762    (1)    2 :  0.260 0.645 0.094 
 79 NS_SS0766   (11)    2 :  0.164 0.536 0.300 
 80 NS_SS0724    (1)    2 :  0.570 0.282 0.148 
 81 NS_SS0769    (3)    2 :  0.311 0.363 0.325 
 82 NS_SS0777    (2)    2 :  0.422 0.243 0.335 
 83 NS_SS0734    (6)    2 :  0.275 0.389 0.336 
 84 NS_SS0737    (3)    2 :  0.180 0.694 0.126 
 85 NS_SS0732    (5)    2 :  0.542 0.298 0.160 
 86 NS_SS0728    (5)    2 :  0.254 0.486 0.260 
 87 NS_SS0735    (9)    2 :  0.399 0.414 0.186 
 88 NS_SS0725    (1)    2 :  0.276 0.553 0.172 
 89 NS_SS0788    (2)    2 :  0.284 0.348 0.368 
 90 NS_SS0778    (2)    2 :  0.281 0.291 0.428 
 91 NS_SS0792    (6)    2 :  0.349 0.247 0.404 
 92 NS_SS0943   (11)    2 :  0.488 0.116 0.395 
 93 NS_SS0791    (2)    2 :  0.181 0.395 0.423 
 94 NS_SS0790    (5)    2 :  0.598 0.326 0.076 
 95 NS_SS0731    (6)    2 :  0.443 0.410 0.146 
 96 NS_SS0727    (6)    2 :  0.146 0.370 0.485 
 97 NS_SS0779   (12)    2 :  0.373 0.352 0.275 
 98 NS_SS0776    (3)    2 :  0.257 0.509 0.234 
 99 NS_SS0775    (5)    2 :  0.187 0.671 0.142 
100 NS_SS0965    (3)    3 :  0.554 0.267 0.180 
101 NS_SS0754   (13)    3 :  0.327 0.216 0.457 
102 NS_SS0838    (5)    3 :  0.308 0.349 0.343 
103 NS_SS0839    (3)    3 :  0.298 0.566 0.137 
104 NS_SS0832    (4)    3 :  0.562 0.353 0.084 
105 NS_SS0820    (4)    3 :  0.540 0.320 0.140 
106 NS_SS0886    (9)    3 :  0.286 0.297 0.417 
107 NS_SS0748    (5)    3 :  0.445 0.214 0.340 
108 NS_SS0884    (9)    3 :  0.335 0.297 0.368 
109 NS_SS0752    (3)    3 :  0.306 0.410 0.284 
110 NS_SS0862    (1)    3 :  0.565 0.310 0.126 
111 NS_SS0787    (9)    3 :  0.172 0.127 0.700 
112 NS_SS0843    (6)    3 :  0.438 0.245 0.316 
113 NS_SS0856    (4)    3 :  0.180 0.494 0.326 
114 NS_SS0846    (2)    3 :  0.360 0.203 0.438 
115 NS_SS0825    (1)    3 :  0.375 0.297 0.328 
116 NS_SS0757    (3)    3 :  0.420 0.236 0.344 
117 NS_SS0876    (3)    3 :  0.392 0.363 0.245 
118 NS_SS0903    (9)    3 :  0.409 0.394 0.197 
119 NS_SS0875    (7)    3 :  0.295 0.473 0.232 
120 NS_SS0740    (5)    3 :  0.420 0.285 0.295 
121 NS_SS0811    (5)    3 :  0.503 0.393 0.104 
122 NS_SS0751    (1)    3 :  0.201 0.548 0.251 
123 NS_SS0891    (6)    3 :  0.269 0.468 0.263 
124 NS_SS0867    (2)    3 :  0.544 0.135 0.321 
125 NS_SS0890    (6)    3 :  0.307 0.373 0.320 
126 NS_SS0866   (11)    3 :  0.142 0.168 0.690 
127 NS_SS0755    (4)    3 :  0.461 0.283 0.256 
128 NS_SS0758    (4)    3 :  0.322 0.361 0.316 
129 NS_SS0840    (2)    3 :  0.450 0.423 0.127 
130 NS_SS0889    (4)    3 :  0.335 0.208 0.458 
131 NS_SS1010    (1)    3 :  0.414 0.266 0.320 
132 NS_SS0888    (5)    3 :  0.140 0.203 0.657 
133 NS_SS0837    (3)    3 :  0.614 0.254 0.132 
134 NS_SS0794    (9)    3 :  0.192 0.314 0.494 
135 NS_SS0823    (4)    3 :  0.499 0.364 0.137 
136 NS_SS0829    (7)    3 :  0.390 0.120 0.490 
137 NS_SS0844    (5)    3 :  0.731 0.132 0.137 
138 NS_SS1008    (5)    3 :  0.218 0.377 0.405 
139 NS_SS0881    (3)    3 :  0.219 0.398 0.383 
140 NS_SS0834    (6)    3 :  0.274 0.570 0.155 
141 NS_SS0744   (10)    3 :  0.337 0.276 0.387 
142 NS_SS0899    (7)    3 :  0.528 0.374 0.098 
143 NS_SS0804    (4)    3 :  0.515 0.374 0.111 
144 NS_SS0781   (10)    3 :  0.445 0.418 0.137 
145 NS_SS0822    (6)    3 :  0.379 0.297 0.324 
146 NS_SS1004    (4)    3 :  0.512 0.253 0.235 
147 NS_SS0746    (5)    3 :  0.478 0.252 0.271 
148 NS_SS0880    (3)    3 :  0.389 0.382 0.229 
149 NS_SS0879    (4)    3 :  0.366 0.443 0.192 
150 NS_SS0753    (2)    3 :  0.471 0.158 0.370 
151 NS_SS1007    (2)    3 :  0.140 0.536 0.324 
152 NS_SS0872    (5)    3 :  0.363 0.428 0.209 
153 NS_SS1005    (7)    3 :  0.465 0.341 0.194 
154 NS_SS0892    (6)    3 :  0.323 0.363 0.314 
155 NS_SS0898    (0)    3 :  0.309 0.346 0.344 
156 NS_SS0801    (9)    3 :  0.561 0.229 0.210 
157 NS_SS0827    (8)    3 :  0.428 0.275 0.297 
158 NS_SS0853    (6)    3 :  0.430 0.282 0.288 
159 NS_SS0780    (2)    3 :  0.312 0.507 0.181 
160 NS_SS0826   (10)    3 :  0.579 0.163 0.257 
161 NS_SS0818    (5)    3 :  0.338 0.552 0.109 
162 NS_SS0745    (1)    3 :  0.165 0.763 0.071 
163 NS_SS0849    (3)    3 :  0.541 0.295 0.163 
164 NS_SS0739    (3)    3 :  0.202 0.463 0.334 
165 NS_SS0799    (1)    3 :  0.253 0.264 0.483 
166 NS_SS0756    (2)    3 :  0.641 0.253 0.106 
167 NS_SS0802    (2)    3 :  0.234 0.302 0.464 
168 NS_SS0747    (6)    3 :  0.387 0.263 0.350 
169 NS_SS0835    (1)    3 :  0.137 0.156 0.708 
170 NS_SS0742   (18)    3 :  0.363 0.336 0.302 
171 NS_SS0760    (9)    3 :  0.236 0.186 0.578 
172 NS_SS0803    (4)    3 :  0.582 0.273 0.145 
173 NS_SS0828   (13)    3 :  0.410 0.342 0.249 
174 NS_SS0865    (2)    3 :  0.399 0.241 0.360 
175 NS_SS0759    (4)    3 :  0.367 0.503 0.129 
176 NS_SS0851    (5)    3 :  0.448 0.447 0.106 
177 NS_SS0874   (16)    3 :  0.596 0.232 0.172 
178 NS_SS0761    (6)    3 :  0.364 0.153 0.483 
179 NS_SS0842   (25)    3 :  0.300 0.311 0.389 
180 NS_SS0785    (6)    3 :  0.366 0.226 0.408 
181 NS_SS0860   (11)    3 :  0.167 0.120 0.713 
182 NS_SS0897    (7)    3 :  0.182 0.169 0.649 
183 NS_SS0841   (14)    3 :  0.446 0.443 0.111 
184 NS_SS0797    (6)    3 :  0.404 0.228 0.368 
185 NS_SS0830   (10)    3 :  0.415 0.299 0.287 
186 NS_SS1011    (5)    3 :  0.554 0.277 0.170 
187 NS_SS0883    (5)    3 :  0.340 0.238 0.422 
188 NS_SS0782    (2)    3 :  0.223 0.460 0.317 
189 NS_SS0831    (5)    3 :  0.311 0.195 0.494 
190 NS_SS0749    (7)    3 :  0.261 0.395 0.343 
191 NS_SS0854    (2)    3 :  0.257 0.302 0.441 
192 HI_SS0193    (0)    4 :  0.222 0.346 0.432 
193 HI_SS0194    (0)    4 :  0.237 0.608 0.155 
194 HI_SS0195    (9)    4 :  0.378 0.516 0.106 
195 HI_SS0196    (6)    4 :  0.211 0.453 0.335 
196 HI_SS0197    (3)    4 :  0.226 0.461 0.313 
197 HI_SS0198    (1)    4 :  0.317 0.294 0.389 
198 HI_SS0199    (1)    4 :  0.152 0.331 0.517 
199 HI_SS0201    (4)    4 :  0.301 0.100 0.599 
200 HI_SS0215    (1)    4 :  0.290 0.117 0.593 
201 HI_SS0218    (1)    4 :  0.117 0.216 0.668 
202 HI_SS0222    (0)    4 :  0.231 0.501 0.267 
203 HI_SS0230    (1)    4 :  0.470 0.295 0.235 
204 HI_SS0234    (1)    4 :  0.241 0.396 0.362 
205 HI_SS0240    (1)    4 :  0.159 0.559 0.282 
206 HI_SS0241    (0)    4 :  0.240 0.179 0.581 
207 HI_SS0242    (0)    4 :  0.394 0.286 0.320 
208 HI_SS0247    (0)    4 :  0.587 0.218 0.195 
209 HI_SS0248    (1)    4 :  0.215 0.265 0.520 
210 HI_SS0252    (2)    4 :  0.403 0.419 0.178 
211 HI_SS0254    (1)    4 :  0.331 0.254 0.415 
212 HI_SS0256    (0)    4 :  0.530 0.397 0.073 
213 HI_SS0257    (0)    4 :  0.247 0.164 0.589 
214 HI_SS0258    (1)    4 :  0.313 0.209 0.478 
215 HI_SS0259    (1)    4 :  0.210 0.560 0.230 
216 HI_SS0260    (1)    4 :  0.148 0.284 0.568 
217 HI_SS0261    (2)    4 :  0.276 0.347 0.377 
218 HI_SS0262    (0)    4 :  0.351 0.377 0.271 
219 HI_SS0264    (1)    4 :  0.408 0.416 0.176 
220 HI_SS0265    (0)    4 :  0.385 0.358 0.257 
221 HI_SS0268    (1)    4 :  0.221 0.409 0.370 
222 HI_SS0269    (1)    4 :  0.129 0.105 0.766 
223 HI_SS0273    (0)    4 :  0.364 0.157 0.479 
224 HI_SS0277    (1)    4 :  0.406 0.299 0.295 
225 HI_SS0280    (0)    4 :  0.255 0.490 0.255 
226 HI_SS0282    (1)    4 :  0.433 0.182 0.385 
227 HI_SS0286    (1)    4 :  0.369 0.248 0.383 
228 NS_SS1252    (3)    5 :  0.180 0.129 0.691 
229 NS_SS1261    (1)    5 :  0.378 0.249 0.373 
230 NS_SS1225    (9)    5 :  0.470 0.106 0.424 
231 NS_SS1266    (1)    5 :  0.654 0.231 0.114 
232 NS_SS1228    (0)    5 :  0.357 0.435 0.208 
233 NS_SS1255    (2)    5 :  0.207 0.569 0.224 
234 NS_SS1267    (3)    5 :  0.115 0.116 0.769 
235 NS_SS1238    (6)    5 :  0.292 0.438 0.271 
236 NS_SS1233    (8)    5 :  0.675 0.211 0.114 
237 NS_SS1277    (3)    5 :  0.118 0.438 0.444 
238 NS_SS1245    (1)    5 :  0.389 0.279 0.332 
239 NS_SS1240    (4)    5 :  0.118 0.118 0.764 
240 NS_SS1275    (2)    5 :  0.374 0.491 0.135 
241 NS_SS1235    (1)    5 :  0.330 0.399 0.271 
242 NS_SS1263    (1)    5 :  0.476 0.386 0.138 
243 NS_SS1251    (1)    5 :  0.512 0.290 0.198 
244 NS_SS1248    (0)    5 :  0.531 0.334 0.135 
245 NS_SS1244    (0)    5 :  0.442 0.227 0.331 
246 NS_SS1257    (0)    5 :  0.230 0.220 0.550 
247 NS_SS1242    (2)    5 :  0.332 0.520 0.148 
248 NS_SS1271    (6)    5 :  0.124 0.157 0.720 
249 NS_SS1265    (1)    5 :  0.300 0.185 0.514 
250 NS_SS1243    (0)    5 :  0.392 0.439 0.169 
251 NS_SS1273    (1)    5 :  0.300 0.581 0.119 
252 NS_SS1254   (14)    5 :  0.540 0.276 0.184 
253 NS_SS1224    (1)    5 :  0.524 0.342 0.134 
254 NS_SS1227    (8)    5 :  0.147 0.241 0.613 
255 NS_SS1274    (8)    5 :  0.269 0.253 0.478 
256 NS_SS1241    (1)    5 :  0.345 0.192 0.464 
257 NS_SS1256    (3)    5 :  0.409 0.237 0.354 
258 NS_SS1260    (8)    5 :  0.189 0.166 0.645 
259 NS_SS1262    (0)    5 :  0.454 0.145 0.400 
260 NS_SS1230    (0)    5 :  0.350 0.273 0.377 
261 NS_SS1270    (2)    5 :  0.678 0.203 0.119 
262 NS_SS1229    (2)    5 :  0.276 0.472 0.252 
263 NS_SS1246    (5)    5 :  0.151 0.263 0.586 
264 NS_SS1269    (0)    5 :  0.341 0.400 0.259 
265 NS_SS1239    (1)    5 :  0.291 0.492 0.217 
266 NS_SS1272    (4)    5 :  0.396 0.255 0.349 
267 NS_SS1268    (1)    5 :  0.576 0.301 0.123 
268 NS_SS1249    (0)    5 :  0.127 0.203 0.670 
269 HI_SS0559    (0)    6 :  0.383 0.322 0.295 
270 HI_SS0563    (1)    6 :  0.406 0.287 0.307 
271 HI_SS0564    (0)    6 :  0.372 0.388 0.241 
272 HI_SS0565    (0)    6 :  0.312 0.234 0.454 
273 HI_SS0569    (0)    6 :  0.449 0.107 0.444 
274 HI_SS0570    (0)    6 :  0.149 0.237 0.614 
275 HI_SS0572    (1)    6 :  0.287 0.491 0.221 
276 HI_SS0576    (0)    6 :  0.347 0.496 0.157 
277 HI_SS0579    (1)    6 :  0.498 0.163 0.339 
278 HI_SS0580    (1)    6 :  0.180 0.362 0.458 
279 HI_SS0581    (0)    6 :  0.386 0.457 0.157 
280 HI_SS0583    (1)    6 :  0.196 0.216 0.587 
281 HI_SS0586    (1)    6 :  0.215 0.179 0.606 
282 HI_SS0588    (1)    6 :  0.387 0.176 0.437 
283 HI_SS0595    (4)    6 :  0.165 0.274 0.561 
284 HI_SS0596    (0)    6 :  0.238 0.619 0.143 
285 HI_SS0597    (1)    6 :  0.273 0.516 0.212 
286 HI_SS0600    (0)    6 :  0.208 0.258 0.534 
287 HI_SS0601    (1)    6 :  0.534 0.113 0.353 
288 HI_SS0602    (1)    6 :  0.292 0.285 0.423 
289 HI_SS0604    (0)    6 :  0.474 0.277 0.249 
290 HI_SS0605    (1)    6 :  0.315 0.332 0.353 
291 HI_SS0608    (0)    6 :  0.215 0.540 0.245 
292 HI_SS0609    (0)    6 :  0.483 0.340 0.176 
293 HI_SS0611    (5)    6 :  0.264 0.179 0.557 
294 HI_SS0612    (1)    6 :  0.406 0.248 0.346 
295 HI_SS0613    (1)    6 :  0.453 0.273 0.274 
296 HI_SS0615    (0)    6 :  0.276 0.596 0.127 
297 HI_SS0001    (1)    6 :  0.177 0.430 0.393 
298 HI_SS0002    (1)    6 :  0.511 0.312 0.177 
299 HI_SS0004    (0)    6 :  0.182 0.379 0.439 
300 HI_SS0005    (1)    6 :  0.437 0.361 0.202 
301 HI_SS0006    (1)    6 :  0.355 0.154 0.491 
302 HI_SS0007    (1)    6 :  0.338 0.319 0.343 
303 HI_SS0008    (0)    6 :  0.440 0.289 0.270 
304 HI_SS0009    (0)    6 :  0.366 0.508 0.126 
305 HI_SS0010    (1)    6 :  0.356 0.281 0.363 
306 HI_SS0011    (1)    6 :  0.606 0.231 0.163 
307 HI_SS0012    (0)    6 :  0.406 0.350 0.244 
308 HI_SS0017    (1)    6 :  0.197 0.645 0.157 
309 HI_SS0021    (1)    6 :  0.273 0.257 0.470 
310 HI_SS0024    (1)    6 :  0.239 0.557 0.204 
311 HI_SS0025    (1)    6 :  0.319 0.533 0.148 
312 HI_SS0027    (0)    6 :  0.410 0.198 0.393 
313 HI_SS0028    (0)    6 :  0.448 0.444 0.108 
314 HI_SS0029    (1)    6 :  0.145 0.550 0.305 
315 HI_SS0030    (2)    6 :  0.307 0.296 0.397 
316 HI_SS0031    (0)    6 :  0.300 0.330 0.370 
317 HI_SS0034    (0)    6 :  0.257 0.210 0.533 
318 HI_SS0036    (0)    6 :  0.158 0.257 0.586 
319 HI_SS0037    (1)    6 :  0.274 0.157 0.569 
320 HI_SS0039    (0)    6 :  0.302 0.288 0.411 
321 HI_SS0041    (1)    6 :  0.308 0.530 0.163 
322 HI_SS0042    (1)    6 :  0.306 0.529 0.165 
323 HI_SS0043    (1)    6 :  0.179 0.120 0.702 
324 HI_SS0044    (1)    6 :  0.099 0.506 0.394 
325 HI_SS0047    (1)    6 :  0.446 0.368 0.186 
326 HI_SS0049    (0)    6 :  0.328 0.493 0.179 
327 HI_SS0051    (1)    6 :  0.608 0.191 0.200 
328 HI_SS0053    (1)    6 :  0.177 0.171 0.652 
329 HI_SS0054    (4)    6 :  0.440 0.137 0.423 
330 HI_SS0057    (0)    6 :  0.432 0.389 0.179 
331 HI_SS0058    (0)    6 :  0.341 0.228 0.431 
332 HI_SS0060    (0)    6 :  0.492 0.296 0.212 
333 HI_SS0087    (1)    6 :  0.369 0.236 0.396 
334 HI_SS0091    (0)    6 :  0.137 0.114 0.748 
335 HI_SS0095    (1)    6 :  0.369 0.224 0.408 
336 HI_SS0097    (3)    6 :  0.630 0.142 0.228 
337 HI_SS0099    (0)    6 :  0.229 0.550 0.221 
338 HI_SS0103    (0)    6 :  0.289 0.389 0.323 
339 HI_SS0105    (1)    6 :  0.475 0.213 0.311 
340 HI_SS0107    (1)    6 :  0.280 0.582 0.138 
341 HI_SS0108    (1)    6 :  0.151 0.119 0.730 
342 HI_SS0110    (0)    6 :  0.201 0.321 0.479 
343 HI_SS0111    (1)    6 :  0.307 0.364 0.329 
344 HI_SS0112    (0)    6 :  0.127 0.179 0.694 
345 HI_SS0113    (1)    6 :  0.310 0.549 0.142 
346 HI_SS0114    (1)    6 :  0.387 0.170 0.443 
347 HI_SS0115    (1)    6 :  0.302 0.378 0.321 
348 HI_SS0116    (4)    6 :  0.122 0.331 0.548 
349 HI_SS0117    (0)    6 :  0.332 0.187 0.481 
350 HI_SS0118    (0)    6 :  0.253 0.196 0.551 
351 HI_SS0119    (1)    6 :  0.322 0.171 0.507 
352 HI_SS0120    (1)    6 :  0.238 0.608 0.154 
353 HI_SS0121    (1)    6 :  0.566 0.287 0.148 
354 HI_SS0122    (2)    6 :  0.321 0.310 0.369 
355 HI_SS0123    (0)    6 :  0.324 0.333 0.343 
356 HI_SS0124    (1)    6 :  0.238 0.647 0.115 
357 HI_SS0125    (1)    6 :  0.278 0.594 0.128 
358 HI_SS0126    (0)    6 :  0.118 0.290 0.592 
359 HI_SS0127    (0)    6 :  0.569 0.238 0.193 
360 HI_SS0128    (0)    6 :  0.281 0.432 0.288 
361 HI_SS0129    (1)    6 :  0.163 0.377 0.461 
362 HI_SS0131    (2)    6 :  0.506 0.178 0.316 
363 HI_SS0132    (0)    6 :  0.313 0.352 0.335 
364 HI_SS0133    (1)    6 :  0.115 0.167 0.718 
365 HI_SS0134    (1)    6 :  0.351 0.274 0.375 
366 HI_SS0142    (3)    6 :  0.498 0.200 0.302 
367 HI_SS0145    (0)    6 :  0.404 0.260 0.336 
368 HI_SS0146    (1)    6 :  0.357 0.205 0.439 
369 HI_SS0147    (1)    6 :  0.561 0.302 0.137 
370 HI_SS0149    (1)    6 :  0.350 0.267 0.382 
371 HI_SS0150    (2)    6 :  0.388 0.475 0.137 
372 HI_SS0151    (0)    6 :  0.282 0.355 0.363 
373 NS_SS1451    (1)    6 :  0.258 0.626 0.116 
374 NS_SS1404    (0)    6 :  0.395 0.399 0.206 
375 NS_SS1432    (2)    6 :  0.158 0.654 0.188 
376 NS_SS1405    (4)    6 :  0.232 0.527 0.241 
377 NS_SS1431   (10)    6 :  0.240 0.613 0.147 
378 NS_SS1402    (3)    6 :  0.254 0.270 0.476 
379 NS_SS1450    (3)    6 :  0.178 0.418 0.404 
380 NS_SS1396    (0)    6 :  0.365 0.346 0.290 
381 NS_SS1393    (5)    6 :  0.226 0.264 0.509 
382 NS_SS1392   (10)    6 :  0.164 0.659 0.177 
383 NS_SS1445    (0)    6 :  0.367 0.160 0.473 
384 NS_SS1423    (0)    6 :  0.211 0.269 0.519 
385 NS_SS1421    (9)    6 :  0.330 0.263 0.407 
386 NS_SS1411    (6)    6 :  0.335 0.286 0.379 
387 NS_SS1453    (5)    6 :  0.241 0.232 0.528 
388 NS_SS1442    (2)    6 :  0.537 0.234 0.229 
389 NS_SS1422    (1)    6 :  0.369 0.295 0.337 
390 NS_SS1419    (1)    6 :  0.604 0.221 0.174 
391 NS_SS1427    (0)    6 :  0.078 0.275 0.646 
392 NS_SS1444    (3)    6 :  0.489 0.342 0.169 
393 NS_SS1455    (0)    6 :  0.401 0.450 0.150 
394 NS_SS1425    (2)    6 :  0.259 0.105 0.636 
395 NS_SS1400    (0)    6 :  0.402 0.181 0.417 
396 NS_SS1406    (1)    6 :  0.568 0.281 0.151 
397 NS_SS1417    (6)    6 :  0.408 0.272 0.320 
398 NS_SS1454    (2)    6 :  0.286 0.271 0.443 
399 NS_SS1412    (1)    6 :  0.267 0.313 0.420 
400 NS_SS1438    (1)    6 :  0.345 0.114 0.541 
401 NS_SS1416    (4)    6 :  0.315 0.378 0.307 
402 NS_SS1401    (0)    6 :  0.295 0.263 0.442 
403 NS_SS1424    (6)    6 :  0.306 0.274 0.420 
404 NS_SS1435    (9)    6 :  0.210 0.530 0.260 
405 NS_SS1447    (4)    6 :  0.577 0.266 0.157 
406 NS_SS1414    (3)    6 :  0.499 0.384 0.117 
407 NS_SS1449   (14)    6 :  0.284 0.390 0.327 
408 NS_SS1443    (4)    6 :  0.201 0.214 0.585 
409 NS_SS1434    (1)    6 :  0.206 0.484 0.310 
410 NS_SS1398    (1)    6 :  0.211 0.575 0.214 
411 NS_SS1426    (1)    6 :  0.234 0.161 0.604 
412 NS_SS1413    (0)    6 :  0.252 0.302 0.445 
413 NS_SS1395    (1)    6 :  0.249 0.158 0.593 
414 NS_SS1448   (10)    6 :  0.268 0.450 0.282 
415 NS_SS1446    (0)    6 :  0.240 0.193 0.567 
416 NS_SS1403    (2)    6 :  0.275 0.386 0.338 
417 NS_SS1415    (0)    6 :  0.293 0.239 0.468 
418 NS_SS1437    (4)    6 :  0.342 0.411 0.247 
419 NS_SS1439    (2)    6 :  0.460 0.188 0.352 
420 NS_SS1441    (3)    6 :  0.191 0.292 0.517 
421 NS_SS1420    (2)    6 :  0.436 0.439 0.124 
422 NS_SS1394    (2)    6 :  0.376 0.475 0.149 
423 NS_SS1391    (7)    6 :  0.150 0.387 0.463 
424 NS_SS1410    (5)    6 :  0.227 0.294 0.479 
425 NS_SS1408    (1)    6 :  0.423 0.337 0.241 
426 NS_SS1409    (1)    6 :  0.170 0.434 0.396 
427 HI_SS0617    (1)    7 :  0.160 0.365 0.475 
428 HI_SS0618    (2)    7 :  0.302 0.506 0.192 
429 HI_SS0619    (0)    7 :  0.219 0.472 0.309 
430 HI_SS0620    (1)    7 :  0.244 0.183 0.572 
431 HI_SS0621    (3)    7 :  0.364 0.419 0.218 
432 HI_SS0622    (1)    7 :  0.460 0.313 0.226 
433 HI_SS0626    (0)    7 :  0.409 0.343 0.249 
434 HI_SS0627    (0)    7 :  0.285 0.468 0.247 
435 HI_SS0628    (3)    7 :  0.189 0.370 0.440 
436 HI_SS0629    (1)    7 :  0.345 0.224 0.432 
437 HI_SS0630    (1)    7 :  0.280 0.312 0.407 
438 HI_SS0631    (0)    7 :  0.333 0.284 0.383 
439 HI_SS0632    (0)    7 :  0.503 0.294 0.204 
440 HI_SS0633    (0)    7 :  0.237 0.537 0.226 
441 HI_SS0634    (1)    7 :  0.300 0.388 0.311 
442 HI_SS0635    (0)    7 :  0.414 0.421 0.164 
443 HI_SS0637    (1)    7 :  0.559 0.176 0.265 
444 HI_SS0638    (0)    7 :  0.291 0.454 0.254 
445 HI_SS0639    (1)    7 :  0.405 0.411 0.184 
446 HI_SS0640    (1)    7 :  0.478 0.281 0.241 
447 HI_SS0641    (1)    7 :  0.330 0.206 0.464 
448 HI_SS0642    (0)    7 :  0.271 0.480 0.249 
449 HI_SS0645    (0)    7 :  0.349 0.555 0.096 
450 HI_SS0646    (1)    7 :  0.258 0.395 0.348 
451 HI_SS0647    (1)    7 :  0.304 0.463 0.232 
452 HI_SS0648    (0)    7 :  0.370 0.373 0.257 
453 HI_SS0649    (1)    7 :  0.299 0.308 0.393 
454 HI_SS0650    (1)    7 :  0.212 0.569 0.220 
455 HI_SS0651    (1)    7 :  0.327 0.354 0.319 
456 HI_SS0652    (1)    7 :  0.369 0.491 0.140 
457 NS_SS1371    (3)    7 :  0.179 0.237 0.584 
458 NS_SS1374    (0)    7 :  0.202 0.318 0.480 
459 NS_SS1337    (3)    7 :  0.420 0.438 0.142 
460 NS_SS1385    (5)    7 :  0.296 0.360 0.344 
461 NS_SS1388    (0)    7 :  0.192 0.494 0.314 
462 NS_SS1370    (1)    7 :  0.569 0.311 0.120 
463 NS_SS1389    (3)    7 :  0.230 0.590 0.179 
464 NS_SS1360    (1)    7 :  0.453 0.189 0.358 
465 NS_SS1330    (0)    7 :  0.487 0.365 0.148 
466 NS_SS1328    (8)    7 :  0.156 0.435 0.409 
467 NS_SS1384    (1)    7 :  0.406 0.181 0.414 
468 NS_SS1381    (0)    7 :  0.281 0.598 0.121 
469 NS_SS1375    (1)    7 :  0.134 0.698 0.168 
470 NS_SS1319   (10)    7 :  0.249 0.409 0.343 
471 NS_SS1326    (2)    7 :  0.124 0.352 0.524 
472 NS_SS1341    (1)    7 :  0.358 0.127 0.515 
473 NS_SS1383    (1)    7 :  0.330 0.348 0.322 
474 NS_SS1318    (3)    7 :  0.442 0.307 0.252 
475 NS_SS1348    (2)    7 :  0.277 0.114 0.609 
476 NS_SS1363    (0)    7 :  0.469 0.352 0.179 
477 NS_SS1335    (4)    7 :  0.477 0.138 0.384 
478 NS_SS1358    (0)    7 :  0.434 0.151 0.416 
479 NS_SS1342    (1)    7 :  0.256 0.181 0.563 
480 NS_SS1320    (2)    7 :  0.293 0.636 0.071 
481 NS_SS1355    (1)    7 :  0.591 0.224 0.186 
482 NS_SS1345    (1)    7 :  0.696 0.197 0.107 
483 NS_SS1324    (0)    7 :  0.298 0.238 0.464 
484 NS_SS1347    (5)    7 :  0.342 0.258 0.399 
485 NS_SS1321    (4)    7 :  0.213 0.227 0.560 
486 NS_SS1333    (0)    7 :  0.105 0.301 0.594 
487 NS_SS1364    (1)    7 :  0.471 0.166 0.363 
488 NS_SS1379    (0)    7 :  0.368 0.397 0.235 
489 NS_SS1332    (0)    7 :  0.185 0.219 0.595 
490 NS_SS1338    (5)    7 :  0.362 0.225 0.413 
491 NS_SS1368    (6)    7 :  0.309 0.214 0.477 
492 NS_SS1354    (1)    7 :  0.457 0.257 0.285 
493 NS_SS1365    (0)    7 :  0.370 0.456 0.174 
494 NS_SS1380    (1)    7 :  0.572 0.272 0.156 
495 NS_SS1329    (8)    7 :  0.288 0.180 0.532 
496 NS_SS1362    (0)    7 :  0.357 0.294 0.350 
497 NS_SS1327    (2)    7 :  0.086 0.115 0.799 
498 NS_SS1350    (0)    7 :  0.099 0.438 0.463 
499 NS_SS1387    (2)    7 :  0.443 0.332 0.225 
500 NS_SS1369    (8)    7 :  0.385 0.188 0.427 
501 NS_SS1331    (1)    7 :  0.220 0.483 0.297 
502 NS_SS1357    (4)    7 :  0.155 0.503 0.341 
503 NS_SS1386    (1)    7 :  0.175 0.120 0.704 
504 NS_SS1353    (2)    7 :  0.193 0.558 0.249 
505 NS_SS1323    (0)    7 :  0.415 0.420 0.164 
506 HI_SS0296    (0)    8 :  0.301 0.280 0.419 
507 HI_SS0297    (0)    8 :  0.212 0.539 0.250 
508 HI_SS0299    (0)    8 :  0.454 0.194 0.353 
509 HI_SS0300    (0)    8 :  0.486 0.263 0.250 
510 HI_SS0301    (0)    8 :  0.581 0.261 0.158 
511 HI_SS0302    (0)    8 :  0.463 0.215 0.321 
512 HI_SS0303    (0)    8 :  0.195 0.311 0.494 
513 HI_SS0304    (0)    8 :  0.218 0.595 0.187 
514 HI_SS0306    (5)    8 :  0.310 0.254 0.436 
515 HI_SS0307    (1)    8 :  0.392 0.411 0.197 
516 HI_SS0308    (1)    8 :  0.471 0.288 0.241 
517 HI_SS0309    (0)    8 :  0.579 0.177 0.245 
518 HI_SS0310    (0)    8 :  0.331 0.459 0.211 
519 HI_SS0311    (3)    8 :  0.465 0.302 0.233 
520 HI_SS0314    (0)    8 :  0.191 0.551 0.258 
521 HI_SS0316    (1)    8 :  0.262 0.290 0.448 
522 HI_SS0317    (3)    8 :  0.353 0.358 0.289 
523 HI_SS0318    (1)    8 :  0.207 0.164 0.628 
524 HI_SS0319    (0)    8 :  0.144 0.111 0.745 
525 HI_SS0320    (3)    8 :  0.164 0.654 0.182 
526 HI_SS0321    (0)    8 :  0.207 0.251 0.541 
527 HI_SS0323    (1)    8 :  0.274 0.258 0.467 
528 HI_SS0325    (2)    8 :  0.411 0.231 0.359 
529 HI_SS0327    (1)    8 :  0.169 0.199 0.632 
530 HI_SS0329    (1)    8 :  0.306 0.496 0.198 
531 HI_SS0333    (1)    8 :  0.275 0.345 0.381 
532 HI_SS0334    (1)    8 :  0.332 0.139 0.529 
533 HI_SS0335    (1)    8 :  0.609 0.235 0.156 
534 HI_SS0339    (0)    8 :  0.580 0.275 0.145 
535 HI_SS0343    (2)    8 :  0.460 0.322 0.218 
536 HI_SS0344    (1)    8 :  0.116 0.119 0.765 
537 HI_SS0345    (3)    8 :  0.503 0.292 0.205 
538 HI_SS0346    (0)    8 :  0.233 0.371 0.396 
539 HI_SS0350    (1)    8 :  0.673 0.232 0.095 
540 HI_SS0351    (0)    8 :  0.526 0.171 0.304 
541 HI_SS0352    (3)    8 :  0.421 0.358 0.220 
542 HI_SS0362    (0)    8 :  0.403 0.373 0.225 
543 HI_SS0363    (1)    8 :  0.187 0.183 0.630 
544 HI_SS0365    (0)    8 :  0.207 0.241 0.552 
545 HI_SS0366    (0)    8 :  0.171 0.127 0.701 
546 HI_SS0367    (1)    8 :  0.395 0.422 0.183 
547 HI_SS0369    (1)    8 :  0.390 0.464 0.146 
548 HI_SS0370    (0)    8 :  0.210 0.426 0.364 
549 HI_SS0371    (4)    8 :  0.270 0.291 0.439 
550 HI_SS0373    (3)    8 :  0.251 0.439 0.310 
551 HI_SS0374    (0)    8 :  0.334 0.452 0.214 
552 HI_SS0377    (0)    8 :  0.531 0.142 0.327 
553 HI_SS0379    (1)    8 :  0.129 0.084 0.787 
554 HI_SS0380    (1)    8 :  0.391 0.392 0.217 
555 HI_SS0381    (2)    8 :  0.585 0.255 0.160 
556 HI_SS0384    (3)    8 :  0.122 0.420 0.459 
557 HI_SS0385    (1)    8 :  0.258 0.472 0.270 


Estimated Allele Frequencies in each cluster
First column gives estimated ancestral frequencies


Locus 1 : 
2 alleles
3.4% missing data
   1   (0.737) 0.721 0.754 0.741 
   2   (0.263) 0.279 0.246 0.259 

Locus 2 : 
2 alleles
4.3% missing data
   1   (0.887) 0.898 0.868 0.902 
   2   (0.113) 0.102 0.132 0.098 

Locus 3 : 
2 alleles
3.9% missing data
   1   (0.864) 0.871 0.861 0.869 
   2   (0.136) 0.129 0.139 0.131 

Locus 4 : 
2 alleles
2.7% missing data
   1   (0.889) 0.888 0.894 0.895 
   2   (0.111) 0.112 0.106 0.105 

Locus 5 : 
2 alleles
2.7% missing data
   1   (0.822) 0.832 0.825 0.818 
   2   (0.178) 0.168 0.175 0.182 

Locus 6 : 
2 alleles
3.2% missing data
   1   (0.792) 0.799 0.810 0.774 
   2   (0.208) 0.201 0.190 0.226 

Locus 7 : 
2 alleles
3.8% missing data
   1   (0.805) 0.801 0.817 0.803 
   2   (0.195) 0.199 0.183 0.197 

Locus 8 : 
2 alleles
4.8% missing data
   1   (0.705) 0.718 0.703 0.700 
   2   (0.295) 0.282 0.297 0.300 

Locus 9 : 
2 alleles
3.1% missing data
   1   (0.793) 0.804 0.811 0.769 
   2   (0.207) 0.196 0.189 0.231 

Locus 10 : 
2 alleles
4.7% missing data
   1   (0.891) 0.891 0.907 0.883 
   2   (0.109) 0.109 0.093 0.117 

Locus 11 : 
2 alleles
3.2% missing data
   1   (0.863) 0.874 0.875 0.848 
   2   (0.137) 0.126 0.125 0.152 

Locus 12 : 
2 alleles
4.8% missing data
   1   (0.731) 0.733 0.725 0.742 
   2   (0.269) 0.267 0.275 0.258 

Locus 13 : 
2 alleles
4.7% missing data
   1   (0.887) 0.889 0.898 0.885 
   2   (0.113) 0.111 0.102 0.115 

Locus 14 : 
2 alleles
3.9% missing data
   1   (0.877) 0.877 0.892 0.873 
   2   (0.123) 0.123 0.108 0.127 

Locus 15 : 
2 alleles
3.9% missing data
   1   (0.505) 0.507 0.496 0.514 
   2   (0.495) 0.493 0.504 0.486 

Locus 16 : 
2 alleles
4.3% missing data
   1   (0.606) 0.634 0.617 0.571 
   2   (0.394) 0.366 0.383 0.429 

Locus 17 : 
2 alleles
4.1% missing data
   1   (0.774) 0.790 0.769 0.770 
   2   (0.226) 0.210 0.231 0.230 

Locus 18 : 
2 alleles
2.3% missing data
   1   (0.896) 0.889 0.896 0.912 
   2   (0.104) 0.111 0.104 0.088 

Locus 19 : 
2 alleles
4.3% missing data
   1   (0.710) 0.727 0.710 0.700 
   2   (0.290) 0.273 0.290 0.300 

Locus 20 : 
2 alleles
3.2% missing data
   1   (0.884) 0.870 0.903 0.888 
   2   (0.116) 0.130 0.097 0.112 

Locus 21 : 
2 alleles
3.4% missing data
   1   (0.557) 0.604 0.557 0.512 
   2   (0.443) 0.396 0.443 0.488 

Locus 22 : 
2 alleles
4.8% missing data
   1   (0.855) 0.865 0.855 0.856 
   2   (0.145) 0.135 0.145 0.144 

Locus 23 : 
2 alleles
4.3% missing data
   1   (0.883) 0.901 0.868 0.887 
   2   (0.117) 0.099 0.132 0.113 

Locus 24 : 
2 alleles
3.2% missing data
   1   (0.542) 0.545 0.542 0.541 
   2   (0.458) 0.455 0.458 0.459 

Locus 25 : 
2 alleles
4.3% missing data
   2   (0.471) 0.455 0.477 0.482 
   1   (0.529) 0.545 0.523 0.518 

Locus 26 : 
2 alleles
4.3% missing data
   1   (0.842) 0.847 0.827 0.859 
   2   (0.158) 0.153 0.173 0.141 

Locus 27 : 
2 alleles
2.2% missing data
   1   (0.601) 0.603 0.582 0.622 
   2   (0.399) 0.397 0.418 0.378 

Locus 28 : 
2 alleles
4.1% missing data
   1   (0.863) 0.845 0.885 0.867 
   2   (0.137) 0.155 0.115 0.133 

Locus 29 : 
2 alleles
1.8% missing data
   1   (0.881) 0.890 0.877 0.887 
   2   (0.119) 0.110 0.123 0.113 

Locus 30 : 
2 alleles
4.5% missing data
   1   (0.868) 0.877 0.866 0.870 
   2   (0.132) 0.123 0.134 0.130 

Locus 31 : 
2 alleles
4.3% missing data
   1   (0.789) 0.780 0.796 0.800 
   2   (0.211) 0.220 0.204 0.200 

Locus 32 : 
2 alleles
2.0% missing data
   1   (0.736) 0.737 0.741 0.737 
   2   (0.264) 0.263 0.259 0.263 

Locus 33 : 
2 alleles
3.6% missing data
   1   (0.763) 0.753 0.796 0.744 
   2   (0.237) 0.247 0.204 0.256 

Locus 34 : 
2 alleles
3.6% missing data
   1   (0.812) 0.810 0.809 0.824 
   2   (0.188) 0.190 0.191 0.176 

Locus 35 : 
2 alleles
3.8% missing data
   1   (0.869) 0.856 0.869 0.890 
   2   (0.131) 0.144 0.131 0.110 

Locus 36 : 
2 alleles
2.9% missing data
   1   (0.758) 0.760 0.760 0.760 
   2   (0.242) 0.240 0.240 0.240 

Locus 37 : 
2 alleles
2.2% missing data
   1   (0.741) 0.762 0.729 0.740 
   2   (0.259) 0.238 0.271 0.260 

Locus 38 : 
2 alleles
1.4% missing data
   1   (0.871) 0.891 0.881 0.847 
   2   (0.129) 0.109 0.119 0.153 

Locus 39 : 
2 alleles
3.2% missing data
   1   (0.705) 0.697 0.689 0.734 
   2   (0.295) 0.303 0.311 0.266 

Locus 40 : 
2 alleles
3.8% missing data
   1   (0.572) 0.567 0.596 0.555 
   2   (0.428) 0.433 0.404 0.445 

Locus 41 : 
2 alleles
3.4% missing data
   1   (0.881) 0.891 0.883 0.879 
   2   (0.119) 0.109 0.117 0.121 

Locus 42 : 
2 alleles
4.5% missing data
   2   (0.234) 0.256 0.254 0.189 
   1   (0.766) 0.744 0.746 0.811 

Locus 43 : 
2 alleles
2.0% missing data
   1   (0.820) 0.819 0.831 0.818 
   2   (0.180) 0.181 0.169 0.182 

Locus 44 : 
2 alleles
4.7% missing data
   1   (0.583) 0.594 0.586 0.570 
   2   (0.417) 0.406 0.414 0.430 

Locus 45 : 
2 alleles
3.2% missing data
   1   (0.872) 0.877 0.878 0.870 
   2   (0.128) 0.123 0.122 0.130 

Locus 46 : 
2 alleles
2.3% missing data
   1   (0.779) 0.801 0.754 0.786 
   2   (0.221) 0.199 0.246 0.214 

Locus 47 : 
2 alleles
4.5% missing data
   1   (0.887) 0.893 0.885 0.892 
   2   (0.113) 0.107 0.115 0.108 

Locus 48 : 
2 alleles
4.5% missing data
   1   (0.815) 0.831 0.800 0.823 
   2   (0.185) 0.169 0.200 0.177 

Locus 49 : 
2 alleles
4.5% missing data
   1   (0.818) 0.817 0.825 0.820 
   2   (0.182) 0.183 0.175 0.180 

Locus 50 : 
2 alleles
3.4% missing data
   1   (0.658) 0.666 0.652 0.658 
   2   (0.342) 0.334 0.348 0.342 

Locus 51 : 
2 alleles
1.4% missing data
   1   (0.601) 0.611 0.587 0.607 
   2   (0.399) 0.389 0.413 0.393 

Locus 52 : 
2 alleles
4.1% missing data
   1   (0.658) 0.671 0.648 0.660 
   2   (0.342) 0.329 0.352 0.340 

Locus 53 : 
2 alleles
4.5% missing data
   1   (0.851) 0.849 0.866 0.846 
   2   (0.149) 0.151 0.134 0.154 

Locus 54 : 
2 alleles
3.8% missing data
   1   (0.865) 0.865 0.864 0.878 
   2   (0.135) 0.135 0.136 0.122 

Locus 55 : 
2 alleles
3.2% missing data
   1   (0.883) 0.907 0.869 0.880 
   2   (0.117) 0.093 0.131 0.120 

Locus 56 : 
2 alleles
3.2% missing data
   1   (0.798) 0.819 0.775 0.805 
   2   (0.202) 0.181 0.225 0.195 

Locus 57 : 
2 alleles
4.5% missing data
   1   (0.663) 0.658 0.650 0.684 
   2   (0.337) 0.342 0.350 0.316 

Locus 58 : 
2 alleles
4.1% missing data
   1   (0.840) 0.851 0.817 0.858 
   2   (0.160) 0.149 0.183 0.142 

Locus 59 : 
2 alleles
4.8% missing data
   1   (0.820) 0.808 0.809 0.849 
   2   (0.180) 0.192 0.191 0.151 

Locus 60 : 
2 alleles
2.5% missing data
   1   (0.860) 0.859 0.875 0.855 
   2   (0.140) 0.141 0.125 0.145 

Locus 61 : 
2 alleles
3.9% missing data
   1   (0.778) 0.779 0.788 0.775 
   2   (0.222) 0.221 0.212 0.225 

Locus 62 : 
2 alleles
2.0% missing data
   1   (0.841) 0.853 0.862 0.817 
   2   (0.159) 0.147 0.138 0.183 

Locus 63 : 
2 alleles
4.1% missing data
   1   (0.757) 0.780 0.749 0.750 
   2   (0.243) 0.220 0.251 0.250 

Locus 64 : 
2 alleles
3.2% missing data
   1   (0.873) 0.875 0.852 0.898 
   2   (0.127) 0.125 0.148 0.102 

Locus 65 : 
2 alleles
2.7% missing data
   1   (0.871) 0.853 0.887 0.879 
   2   (0.129) 0.147 0.113 0.121 

Locus 66 : 
2 alleles
2.0% missing data
   1   (0.592) 0.581 0.573 0.623 
   2   (0.408) 0.419 0.427 0.377 

Locus 67 : 
2 alleles
4.8% missing data
   1   (0.787) 0.801 0.803 0.763 
   2   (0.213) 0.199 0.197 0.237 

Locus 68 : 
2 alleles
4.5% missing data
   1   (0.727) 0.742 0.734 0.710 
   2   (0.273) 0.258 0.266 0.290 

Locus 69 : 
2 alleles
2.9% missing data
   1   (0.593) 0.580 0.600 0.600 
   2   (0.407) 0.420 0.400 0.400 

Locus 70 : 
2 alleles
4.8% missing data
   1   (0.664) 0.687 0.664 0.645 
   2   (0.336) 0.313 0.336 0.355 

Locus 71 : 
2 alleles
4.1% missing data
   1   (0.820) 0.811 0.808 0.848 
   2   (0.180) 0.189 0.192 0.152 

Locus 72 : 
2 alleles
3.1% missing data
   1   (0.880) 0.883 0.876 0.890 
   2   (0.120) 0.117 0.124 0.110 

Locus 73 : 
2 alleles
4.5% missing data
   1   (0.731) 0.713 0.734 0.752 
   2   (0.269) 0.287 0.266 0.248 

Locus 74 : 
2 alleles
4.3% missing data
   1   (0.670) 0.677 0.647 0.690 
   2   (0.330) 0.323 0.353 0.310 

Locus 75 : 
2 alleles
2.0% missing data
   1   (0.894) 0.912 0.896 0.885 
   2   (0.106) 0.088 0.104 0.115 

Locus 76 : 
2 alleles
4.8% missing data
   2   (0.207) 0.210 0.187 0.219 
   1   (0.793) 0.790 0.813 0.781 

Locus 77 : 
2 alleles
2.0% missing data
   2   (0.268) 0.285 0.249 0.266 
   1   (0.732) 0.715 0.751 0.734 

Locus 78 : 
2 alleles
3.4% missing data
   1   (0.815) 0.815 0.815 0.825 
   2   (0.185) 0.185 0.185 0.175 

Locus 79 : 
2 alleles
4.8% missing data
   2   (0.254) 0.266 0.247 0.244 
   1   (0.746) 0.734 0.753 0.756 

Locus 80 : 
2 alleles
3.6% missing data
   1   (0.691) 0.696 0.664 0.716 
   2   (0.309) 0.304 0.336 0.284 

Locus 81 : 
2 alleles
2.2% missing data
   1   (0.808) 0.811 0.809 0.811 
   2   (0.192) 0.189 0.191 0.189 

Locus 82 : 
2 alleles
3.4% missing data
   1   (0.755) 0.707 0.787 0.771 
   2   (0.245) 0.293 0.213 0.229 

Locus 83 : 
2 alleles
4.8% missing data
   1   (0.702) 0.664 0.702 0.742 
   2   (0.298) 0.336 0.298 0.258 

Locus 84 : 
2 alleles
4.5% missing data
   1   (0.786) 0.775 0.788 0.801 
   2   (0.214) 0.225 0.212 0.199 

Locus 85 : 
2 alleles
3.2% missing data
   1   (0.765) 0.775 0.749 0.778 
   2   (0.235) 0.225 0.251 0.222 

Locus 86 : 
2 alleles
3.6% missing data
   1   (0.733) 0.735 0.754 0.714 
   2   (0.267) 0.265 0.246 0.286 

Locus 87 : 
2 alleles
2.7% missing data
   1   (0.881) 0.904 0.868 0.879 
   2   (0.119) 0.096 0.132 0.121 

Locus 88 : 
2 alleles
4.3% missing data
   1   (0.745) 0.751 0.751 0.739 
   2   (0.255) 0.249 0.249 0.261 

Locus 89 : 
2 alleles
3.9% missing data
   1   (0.773) 0.753 0.786 0.785 
   2   (0.227) 0.247 0.214 0.215 

Locus 90 : 
2 alleles
1.6% missing data
   1   (0.820) 0.814 0.830 0.824 
   2   (0.180) 0.186 0.170 0.176 

Locus 91 : 
2 alleles
4.8% missing data
   1   (0.881) 0.861 0.896 0.893 
   2   (0.119) 0.139 0.104 0.107 

Locus 92 : 
2 alleles
2.9% missing data
   1   (0.616) 0.603 0.620 0.626 
   2   (0.384) 0.397 0.380 0.374 

Locus 93 : 
2 alleles
3.6% missing data
   1   (0.767) 0.773 0.754 0.781 
   2   (0.233) 0.227 0.246 0.219 

Locus 94 : 
2 alleles
3.4% missing data
   1   (0.893) 0.898 0.903 0.890 
   2   (0.107) 0.102 0.097 0.110 

Locus 95 : 
2 alleles
3.9% missing data
   1   (0.667) 0.688 0.666 0.652 
   2   (0.333) 0.312 0.334 0.348 

Locus 96 : 
2 alleles
3.1% missing data
   1   (0.765) 0.774 0.750 0.777 
   2   (0.235) 0.226 0.250 0.223 

Locus 97 : 
2 alleles
0.9% missing data
   1   (0.837) 0.826 0.838 0.853 
   2   (0.163) 0.174 0.162 0.147 

Locus 98 : 
2 alleles
4.8% missing data
   1   (0.880) 0.887 0.892 0.871 
   2   (0.120) 0.113 0.108 0.129 

Locus 99 : 
2 alleles
3.2% missing data
   2   (0.386) 0.350 0.380 0.426 
   1   (0.614) 0.650 0.620 0.574 

Locus 100 : 
2 alleles
4.7% missing data
   1   (0.815) 0.821 0.816 0.816 
   2   (0.185) 0.179 0.184 0.184 

Locus 101 : 
2 alleles
2.3% missing data
   1   (0.786) 0.787 0.794 0.783 
   2   (0.214) 0.213 0.206 0.217 

Locus 102 : 
2 alleles
1.4% missing data
   1   (0.869) 0.864 0.878 0.875 
   2   (0.131) 0.136 0.122 0.125 

Locus 103 : 
2 alleles
3.4% missing data
   1   (0.655) 0.639 0.675 0.653 
   2   (0.345) 0.361 0.325 0.347 

Locus 104 : 
