   NS_SS0963  1 0.2676 0.4755 0.2569 
   NS_SS0983  1 0.1332 0.2260 0.6407 
   NS_SS0719  1 0.3841 0.2702 0.3456 
   NS_SS1001  1 0.4575 0.3808 0.1617 
   NS_SS0936  1 0.1821 0.6150 0.2029 
   NS_SS0955  1 0.1805 0.3520 0.4675 
   NS_SS0944  1 0.2505 0.3949 0.3546 
   NS_SS0945  1 0.3062 0.3249 0.3689 
   NS_SS0922  1 0.4753 0.3960 0.1286 
   NS_SS0929  1 0.2563 0.3146 0.4291 
   NS_SS0956  1 0.6598 0.2009 0.1393 
   NS_SS0906  1 0.2620 0.3399 0.3981 
   NS_SS0721  1 0.5183 0.1829 0.2988 
   NS_SS0982  1 0.3979 0.3464 0.2557 
   NS_SS0923  1 0.4375 0.3233 0.2393 
   NS_SS0905  1 0.4262 0.2608 0.3130 
   NS_SS0925  1 0.2889 0.5672 0.1439 
   NS_SS0947  1 0.2700 0.5447 0.1853 
   NS_SS0926  1 0.2672 0.1578 0.5750 
   NS_SS0918  1 0.4681 0.3265 0.2054 
   NS_SS0966  1 0.3101 0.4303 0.2596 
   NS_SS0938  1 0.3024 0.5293 0.1683 
   NS_SS0917  1 0.2638 0.2990 0.4372 
   NS_SS0957  1 0.5835 0.1906 0.2260 
   NS_SS0987  1 0.6526 0.1078 0.2397 
   NS_SS0717  1 0.4654 0.3668 0.1678 
   NS_SS0986  1 0.4657 0.1550 0.3793 
   NS_SS0953  1 0.2789 0.5463 0.1748 
   NS_SS0907  1 0.1958 0.4692 0.3350 
   NS_SS0974  1 0.1921 0.5144 0.2935 
   NS_SS0989  1 0.1497 0.3088 0.5416 
   NS_SS0991  1 0.3127 0.1847 0.5026 
   NS_SS0994  1 0.1029 0.2001 0.6969 
   NS_SS0931  1 0.3305 0.1527 0.5168 
   NS_SS1000  1 0.2921 0.5358 0.1721 
   NS_SS0919  1 0.2150 0.3403 0.4448 
   NS_SS0949  1 0.1626 0.3051 0.5323 
   NS_SS0960  1 0.3463 0.2228 0.4308 
   NS_SS0716  1 0.7619 0.1185 0.1196 
   NS_SS0924  1 0.2910 0.3025 0.4064 
   NS_SS0935  1 0.3155 0.1772 0.5073 
   NS_SS0952  1 0.1761 0.2908 0.5331 
   NS_SS0962  1 0.4675 0.3418 0.1907 
   NS_SS0973  1 0.1900 0.5316 0.2783 
   NS_SS0722  1 0.2539 0.6324 0.1136 
   NS_SS0979  1 0.5259 0.2719 0.2022 
   NS_SS0993  1 0.2899 0.5529 0.1572 
   NS_SS0958  1 0.2938 0.2046 0.5016 
   NS_SS0988  1 0.3550 0.2134 0.4316 
   NS_SS1003  1 0.5941 0.2603 0.1456 
   NS_SS0976  1 0.2219 0.2858 0.4922 
   NS_SS0964  1 0.4600 0.4146 0.1254 
   NS_SS0939  1 0.7488 0.1303 0.1209 
   NS_SS0990  1 0.4496 0.1694 0.3810 
   NS_SS0984  1 0.4800 0.3957 0.1243 
   NS_SS0980  1 0.1299 0.7273 0.1428 
   NS_SS0978  1 0.2276 0.5667 0.2057 
   NS_SS0951  1 0.4436 0.1432 0.4132 
   NS_SS0913  1 0.5526 0.2576 0.1899 
   NS_SS1002  1 0.2864 0.5462 0.1674 
   NS_SS0948  1 0.3562 0.2683 0.3754 
   NS_SS0916  1 0.2717 0.4353 0.2930 
   NS_SS0995  1 0.4086 0.3924 0.1990 
   NS_SS0927  1 0.1940 0.3677 0.4383 
   NS_SS0992  1 0.1583 0.5589 0.2828 
   NS_SS0912  1 0.5225 0.1217 0.3559 
   NS_SS0981  1 0.5186 0.2553 0.2261 
   NS_SS0729  2 0.0759 0.4443 0.4797 
   NS_SS0967  2 0.2716 0.4691 0.2593 
   NS_SS0941  2 0.3220 0.4582 0.2198 
   NS_SS0768  2 0.4239 0.3157 0.2604 
   NS_SS0726  2 0.1075 0.5096 0.3829 
   NS_SS0763  2 0.1913 0.3434 0.4654 
   NS_SS0730  2 0.5173 0.2972 0.1855 
   NS_SS0774  2 0.2792 0.5841 0.1367 
   NS_SS0723  2 0.3445 0.5198 0.1357 
   NS_SS0940  2 0.3627 0.2711 0.3662 
   NS_SS0762  2 0.4637 0.4463 0.0900 
   NS_SS0766  2 0.4320 0.2879 0.2801 
   NS_SS0724  2 0.4466 0.3506 0.2027 
   NS_SS0769  2 0.3979 0.2925 0.3096 
   NS_SS0777  2 0.3711 0.1950 0.4339 
   NS_SS0734  2 0.4375 0.2343 0.3282 
   NS_SS0737  2 0.3028 0.5790 0.1183 
   NS_SS0732  2 0.5811 0.2294 0.1895 
   NS_SS0728  2 0.3148 0.4494 0.2358 
   NS_SS0735  2 0.2629 0.5503 0.1868 
   NS_SS0725  2 0.3438 0.4690 0.1871 
   NS_SS0788  2 0.3100 0.3557 0.3344 
   NS_SS0778  2 0.3278 0.2248 0.4474 
   NS_SS0792  2 0.3751 0.2930 0.3319 
   NS_SS0943  2 0.2032 0.3192 0.4776 
   NS_SS0791  2 0.3953 0.2795 0.3251 
   NS_SS0790  2 0.5702 0.3395 0.0903 
   NS_SS0731  2 0.6013 0.2002 0.1986 
   NS_SS0727  2 0.1431 0.4863 0.3706 
   NS_SS0779  2 0.3632 0.2977 0.3391 
   NS_SS0776  2 0.3580 0.3712 0.2708 
   NS_SS0775  2 0.5071 0.3661 0.1269 
   NS_SS0965  3 0.4715 0.2849 0.2437 
   NS_SS0754  3 0.3330 0.2276 0.4394 
   NS_SS0838  3 0.2735 0.3981 0.3284 
   NS_SS0839  3 0.4729 0.4083 0.1188 
   NS_SS0832  3 0.4411 0.4570 0.1018 
   NS_SS0820  3 0.5554 0.2709 0.1737 
   NS_SS0886  3 0.3671 0.2140 0.4189 
   NS_SS0748  3 0.3014 0.2729 0.4257 
   NS_SS0884  3 0.2557 0.4288 0.3156 
   NS_SS0752  3 0.2276 0.5456 0.2268 
   NS_SS0862  3 0.5734 0.2773 0.1492 
   NS_SS0787  3 0.1636 0.1327 0.7037 
   NS_SS0843  3 0.2754 0.4645 0.2601 
   NS_SS0856  3 0.3380 0.4113 0.2506 
   NS_SS0846  3 0.1188 0.5351 0.3461 
   NS_SS0825  3 0.3533 0.2772 0.3696 
   NS_SS0757  3 0.2910 0.2827 0.4263 
   NS_SS0876  3 0.2904 0.4902 0.2193 
   NS_SS0903  3 0.1638 0.7095 0.1267 
   NS_SS0875  3 0.5631 0.1553 0.2816 
   NS_SS0740  3 0.2657 0.4449 0.2894 
   NS_SS0811  3 0.7302 0.1505 0.1194 
   NS_SS0751  3 0.4469 0.3145 0.2386 
   NS_SS0891  3 0.3812 0.3676 0.2512 
   NS_SS0867  3 0.2095 0.3986 0.3919 
   NS_SS0890  3 0.3292 0.3750 0.2958 
   NS_SS0866  3 0.1721 0.2121 0.6158 
   NS_SS0755  3 0.4447 0.2839 0.2715 
   NS_SS0758  3 0.2239 0.5155 0.2606 
   NS_SS0840  3 0.4694 0.4098 0.1208 
   NS_SS0889  3 0.3390 0.1477 0.5133 
   NS_SS1010  3 0.3786 0.3161 0.3053 
   NS_SS0888  3 0.1812 0.3133 0.5054 
   NS_SS0837  3 0.5249 0.3077 0.1674 
   NS_SS0794  3 0.2300 0.3398 0.4302 
   NS_SS0823  3 0.2253 0.6256 0.1491 
   NS_SS0829  3 0.2145 0.1133 0.6722 
   NS_SS0844  3 0.2510 0.6039 0.1451 
   NS_SS1008  3 0.2861 0.3164 0.3975 
   NS_SS0881  3 0.4288 0.1950 0.3763 
   NS_SS0834  3 0.2601 0.5768 0.1631 
   NS_SS0744  3 0.2428 0.4361 0.3211 
   NS_SS0899  3 0.6719 0.1779 0.1502 
   NS_SS0804  3 0.4930 0.3878 0.1191 
   NS_SS0781  3 0.3997 0.4452 0.1551 
   NS_SS0822  3 0.1894 0.4771 0.3335 
   NS_SS1004  3 0.2826 0.4699 0.2475 
   NS_SS0746  3 0.1957 0.4810 0.3233 
   NS_SS0880  3 0.2850 0.4858 0.2292 
   NS_SS0879  3 0.3482 0.4428 0.2090 
   NS_SS0753  3 0.3197 0.2127 0.4676 
   NS_SS1007  3 0.2599 0.4855 0.2546 
   NS_SS0872  3 0.3622 0.4719 0.1660 
   NS_SS1005  3 0.2405 0.5111 0.2485 
   NS_SS0892  3 0.3561 0.3199 0.3240 
   NS_SS0898  3 0.3867 0.2446 0.3687 
   NS_SS0801  3 0.4386 0.2533 0.3082 
   NS_SS0827  3 0.5526 0.0971 0.3503 
   NS_SS0853  3 0.6037 0.1222 0.2741 
   NS_SS0780  3 0.4639 0.3268 0.2093 
   NS_SS0826  3 0.2513 0.3430 0.4057 
   NS_SS0818  3 0.4986 0.3760 0.1253 
   NS_SS0745  3 0.7398 0.1632 0.0970 
   NS_SS0849  3 0.6151 0.1132 0.2717 
   NS_SS0739  3 0.5098 0.2137 0.2765 
   NS_SS0799  3 0.2277 0.3855 0.3868 
   NS_SS0756  3 0.4384 0.4133 0.1483 
   NS_SS0802  3 0.1759 0.4219 0.4022 
   NS_SS0747  3 0.2187 0.4732 0.3081 
   NS_SS0835  3 0.1195 0.2548 0.6256 
   NS_SS0742  3 0.3293 0.4081 0.2627 
   NS_SS0760  3 0.2021 0.2377 0.5602 
   NS_SS0803  3 0.1431 0.7555 0.1015 
   NS_SS0828  3 0.4886 0.1852 0.3263 
   NS_SS0865  3 0.4113 0.2865 0.3022 
   NS_SS0759  3 0.5158 0.3399 0.1443 
   NS_SS0851  3 0.7289 0.1258 0.1453 
   NS_SS0874  3 0.2180 0.5580 0.2240 
   NS_SS0761  3 0.2671 0.1781 0.5548 
   NS_SS0842  3 0.3152 0.2555 0.4294 
   NS_SS0785  3 0.2487 0.3633 0.3880 
   NS_SS0860  3 0.1377 0.2078 0.6544 
   NS_SS0897  3 0.1975 0.1552 0.6473 
   NS_SS0841  3 0.5863 0.2711 0.1425 
   NS_SS0797  3 0.4373 0.1580 0.4047 
   NS_SS0830  3 0.4452 0.2481 0.3067 
   NS_SS1011  3 0.3411 0.4761 0.1827 
   NS_SS0883  3 0.4391 0.2211 0.3398 
   NS_SS0782  3 0.2560 0.4648 0.2792 
   NS_SS0831  3 0.3554 0.1344 0.5102 
   NS_SS0749  3 0.4104 0.2710 0.3186 
   NS_SS0854  3 0.1709 0.5362 0.2929 
   HI_SS0193  4 0.3034 0.3042 0.3924 
   HI_SS0194  4 0.2442 0.5173 0.2385 
   HI_SS0195  4 0.6478 0.2163 0.1360 
   HI_SS0196  4 0.2281 0.4816 0.2903 
   HI_SS0197  4 0.2637 0.4463 0.2900 
   HI_SS0198  4 0.3952 0.2080 0.3968 
   HI_SS0199  4 0.1793 0.4871 0.3336 
   HI_SS0201  4 0.1883 0.1867 0.6250 
   HI_SS0215  4 0.2017 0.1874 0.6109 
   HI_SS0218  4 0.2629 0.1765 0.5606 
   HI_SS0222  4 0.4830 0.2683 0.2487 
   HI_SS0230  4 0.5159 0.1983 0.2858 
   HI_SS0234  4 0.1123 0.6357 0.2520 
   HI_SS0240  4 0.3015 0.5022 0.1963 
   HI_SS0241  4 0.2186 0.2522 0.5291 
   HI_SS0242  4 0.3105 0.3660 0.3235 
   HI_SS0247  4 0.3441 0.3584 0.2975 
   HI_SS0248  4 0.1177 0.4292 0.4531 
   HI_SS0252  4 0.2850 0.5365 0.1785 
   HI_SS0254  4 0.2299 0.3313 0.4389 
   HI_SS0256  4 0.3613 0.5705 0.0682 
   HI_SS0257  4 0.0855 0.4415 0.4730 
   HI_SS0258  4 0.2811 0.2071 0.5118 
   HI_SS0259  4 0.3515 0.4270 0.2214 
   HI_SS0260  4 0.2164 0.3119 0.4717 
   HI_SS0261  4 0.1818 0.4154 0.4028 
   HI_SS0262  4 0.5073 0.2909 0.2018 
   HI_SS0264  4 0.5830 0.1677 0.2493 
   HI_SS0265  4 0.4598 0.2707 0.2695 
   HI_SS0268  4 0.4605 0.1465 0.3930 
   HI_SS0269  4 0.0793 0.3190 0.6017 
   HI_SS0273  4 0.2446 0.3006 0.4548 
   HI_SS0277  4 0.3732 0.3260 0.3008 
   HI_SS0280  4 0.5644 0.1905 0.2451 
   HI_SS0282  4 0.2017 0.3796 0.4187 
   HI_SS0286  4 0.3640 0.2120 0.4240 
   NS_SS1252  5 0.1309 0.1782 0.6909 
   NS_SS1261  5 0.3007 0.3453 0.3540 
   NS_SS1225  5 0.1679 0.3676 0.4645 
   NS_SS1266  5 0.3223 0.5422 0.1356 
   NS_SS1228  5 0.6876 0.1517 0.1607 
   NS_SS1255  5 0.2118 0.5922 0.1960 
   NS_SS1267  5 0.1613 0.1325 0.7062 
   NS_SS1238  5 0.4791 0.1609 0.3599 
   NS_SS1233  5 0.4907 0.2827 0.2266 
   NS_SS1277  5 0.2936 0.2745 0.4319 
   NS_SS1245  5 0.1555 0.4519 0.3926 
   NS_SS1240  5 0.1070 0.1674 0.7255 
   NS_SS1275  5 0.4690 0.4163 0.1147 
   NS_SS1235  5 0.0875 0.7285 0.1839 
   NS_SS1263  5 0.2933 0.5298 0.1768 
   NS_SS1251  5 0.2722 0.5044 0.2234 
   NS_SS1248  5 0.6862 0.0721 0.2417 
   NS_SS1244  5 0.2644 0.4059 0.3297 
   NS_SS1257  5 0.2484 0.2490 0.5027 
   NS_SS1242  5 0.4304 0.4020 0.1676 
   NS_SS1271  5 0.1608 0.1861 0.6530 
   NS_SS1265  5 0.2059 0.1944 0.5998 
   NS_SS1243  5 0.5208 0.2777 0.2015 
   NS_SS1273  5 0.5685 0.3024 0.1291 
   NS_SS1254  5 0.3427 0.4701 0.1872 
   NS_SS1224  5 0.5127 0.3434 0.1439 
   NS_SS1227  5 0.1663 0.2846 0.5491 
   NS_SS1274  5 0.2716 0.2987 0.4298 
   NS_SS1241  5 0.2052 0.4031 0.3917 
   NS_SS1256  5 0.1833 0.4258 0.3909 
   NS_SS1260  5 0.1627 0.3329 0.5044 
   NS_SS1262  5 0.2763 0.2857 0.4380 
   NS_SS1230  5 0.3107 0.3101 0.3792 
   NS_SS1270  5 0.4837 0.2571 0.2592 
   NS_SS1229  5 0.0822 0.7706 0.1472 
   NS_SS1246  5 0.1327 0.3122 0.5551 
   NS_SS1269  5 0.4330 0.3266 0.2404 
   NS_SS1239  5 0.3953 0.4542 0.1504 
   NS_SS1272  5 0.2844 0.3812 0.3344 
   NS_SS1268  5 0.5976 0.2226 0.1798 
   NS_SS1249  5 0.1153 0.3410 0.5437 
   HI_SS0559  6 0.3489 0.3365 0.3146 
   HI_SS0563  6 0.3081 0.3799 0.3119 
   HI_SS0564  6 0.3310 0.3528 0.3162 
   HI_SS0565  6 0.2085 0.3040 0.4875 
   HI_SS0569  6 0.2068 0.1849 0.6084 
   HI_SS0570  6 0.2246 0.1979 0.5775 
   HI_SS0572  6 0.1809 0.6623 0.1568 
   HI_SS0576  6 0.6207 0.1945 0.1848 
   HI_SS0579  6 0.1313 0.4831 0.3856 
   HI_SS0580  6 0.3074 0.3037 0.3889 
   HI_SS0581  6 0.5667 0.2706 0.1627 
   HI_SS0583  6 0.1564 0.3287 0.5149 
   HI_SS0586  6 0.2740 0.0856 0.6404 
   HI_SS0588  6 0.2037 0.3378 0.4585 
   HI_SS0595  6 0.2249 0.2883 0.4868 
   HI_SS0596  6 0.3002 0.5722 0.1276 
   HI_SS0597  6 0.2125 0.5803 0.2071 
   HI_SS0600  6 0.2684 0.3447 0.3869 
   HI_SS0601  6 0.2550 0.3009 0.4440 
   HI_SS0602  6 0.4357 0.1379 0.4263 
   HI_SS0604  6 0.2955 0.3601 0.3444 
   HI_SS0605  6 0.3460 0.2736 0.3804 
   HI_SS0608  6 0.4866 0.1837 0.3297 
   HI_SS0609  6 0.2800 0.5499 0.1701 
   HI_SS0611  6 0.2958 0.1478 0.5564 
   HI_SS0612  6 0.1041 0.6826 0.2132 
   HI_SS0613  6 0.5514 0.1620 0.2866 
   HI_SS0615  6 0.4378 0.4502 0.1120 
   HI_SS0001  6 0.2146 0.4364 0.3490 
   HI_SS0002  6 0.3194 0.4999 0.1807 
   HI_SS0004  6 0.2984 0.2308 0.4708 
   HI_SS0005  6 0.6997 0.1048 0.1956 
   HI_SS0006  6 0.1329 0.4222 0.4449 
   HI_SS0007  6 0.4877 0.1344 0.3779 
   HI_SS0008  6 0.3971 0.3082 0.2947 
   HI_SS0009  6 0.5089 0.3448 0.1463 
   HI_SS0010  6 0.4561 0.1718 0.3721 
   HI_SS0011  6 0.4294 0.3234 0.2472 
   HI_SS0012  6 0.3361 0.5080 0.1560 
   HI_SS0017  6 0.2907 0.5441 0.1652 
   HI_SS0021  6 0.3476 0.1431 0.5093 
   HI_SS0024  6 0.5156 0.2930 0.1914 
   HI_SS0025  6 0.4535 0.3770 0.1695 
   HI_SS0027  6 0.2815 0.2581 0.4604 
   HI_SS0028  6 0.7467 0.1382 0.1151 
   HI_SS0029  6 0.4608 0.2350 0.3043 
   HI_SS0030  6 0.2518 0.3920 0.3563 
   HI_SS0031  6 0.2312 0.5101 0.2588 
   HI_SS0034  6 0.1133 0.3842 0.5025 
   HI_SS0036  6 0.3289 0.1054 0.5656 
   HI_SS0037  6 0.2589 0.1227 0.6185 
   HI_SS0039  6 0.5232 0.1165 0.3603 
   HI_SS0041  6 0.5902 0.2282 0.1815 
   HI_SS0042  6 0.4432 0.3843 0.1724 
   HI_SS0043  6 0.1483 0.1398 0.7119 
   HI_SS0044  6 0.2819 0.3842 0.3339 
   HI_SS0047  6 0.3326 0.4917 0.1758 
   HI_SS0049  6 0.3087 0.4845 0.2068 
   HI_SS0051  6 0.4429 0.2797 0.2774 
   HI_SS0053  6 0.1460 0.2620 0.5920 
   HI_SS0054  6 0.2185 0.1955 0.5860 
   HI_SS0057  6 0.5029 0.2164 0.2807 
   HI_SS0058  6 0.2400 0.3017 0.4584 
   HI_SS0060  6 0.4708 0.2362 0.2930 
   HI_SS0087  6 0.1665 0.4368 0.3967 
   HI_SS0091  6 0.0968 0.2506 0.6527 
   HI_SS0095  6 0.2302 0.4304 0.3394 
   HI_SS0097  6 0.1745 0.5505 0.2750 
   HI_SS0099  6 0.5617 0.2185 0.2198 
   HI_SS0103  6 0.1692 0.5928 0.2381 
   HI_SS0105  6 0.3117 0.3286 0.3597 
   HI_SS0107  6 0.1825 0.7053 0.1122 
   HI_SS0108  6 0.1173 0.1476 0.7351 
   HI_SS0110  6 0.1749 0.4916 0.3334 
   HI_SS0111  6 0.3991 0.3054 0.2955 
   HI_SS0112  6 0.1596 0.1527 0.6876 
   HI_SS0113  6 0.3945 0.4371 0.1684 
   HI_SS0114  6 0.3288 0.1689 0.5023 
   HI_SS0115  6 0.2623 0.4775 0.2602 
   HI_SS0116  6 0.1619 0.3071 0.5310 
   HI_SS0117  6 0.1644 0.3764 0.4592 
   HI_SS0118  6 0.1862 0.3483 0.4655 
   HI_SS0119  6 0.2050 0.3339 0.4611 
   HI_SS0120  6 0.2318 0.6290 0.1391 
   HI_SS0121  6 0.6497 0.1779 0.1724 
   HI_SS0122  6 0.3902 0.2627 0.3471 
   HI_SS0123  6 0.1999 0.5240 0.2761 
   HI_SS0124  6 0.4953 0.3862 0.1184 
   HI_SS0125  6 0.6207 0.2547 0.1245 
   HI_SS0126  6 0.2079 0.2532 0.5390 
   HI_SS0127  6 0.5320 0.1673 0.3007 
   HI_SS0128  6 0.2194 0.5530 0.2277 
   HI_SS0129  6 0.2505 0.2822 0.4674 
   HI_SS0131  6 0.3969 0.1317 0.4714 
   HI_SS0132  6 0.4605 0.2477 0.2918 
   HI_SS0133  6 0.1608 0.1357 0.7035 
   HI_SS0134  6 0.2234 0.4372 0.3394 
   HI_SS0142  6 0.3178 0.4167 0.2655 
   HI_SS0145  6 0.1558 0.5264 0.3178 
   HI_SS0146  6 0.2783 0.3240 0.3976 
   HI_SS0147  6 0.5485 0.2741 0.1775 
   HI_SS0149  6 0.3325 0.2963 0.3712 
   HI_SS0150  6 0.5757 0.2679 0.1564 
   HI_SS0151  6 0.1897 0.5662 0.2441 
   NS_SS1451  6 0.5649 0.3139 0.1212 
   NS_SS1404  6 0.6053 0.1791 0.2157 
   NS_SS1432  6 0.4666 0.3399 0.1934 
   NS_SS1405  6 0.3986 0.3199 0.2815 
   NS_SS1431  6 0.4508 0.3829 0.1663 
   NS_SS1402  6 0.1823 0.4509 0.3668 
   NS_SS1450  6 0.2617 0.3222 0.4161 
   NS_SS1396  6 0.4093 0.2769 0.3138 
   NS_SS1393  6 0.2838 0.2913 0.4249 
   NS_SS1392  6 0.4819 0.3320 0.1861 
   NS_SS1445  6 0.2365 0.1615 0.6020 
   NS_SS1423  6 0.1630 0.4732 0.3638 
   NS_SS1421  6 0.2254 0.3133 0.4613 
   NS_SS1411  6 0.4225 0.1254 0.4521 
   NS_SS1453  6 0.2819 0.2337 0.4844 
   NS_SS1442  6 0.2915 0.3750 0.3335 
   NS_SS1422  6 0.1449 0.6608 0.1943 
   NS_SS1419  6 0.4853 0.2496 0.2651 
   NS_SS1427  6 0.1263 0.2783 0.5954 
   NS_SS1444  6 0.5416 0.2268 0.2316 
   NS_SS1455  6 0.2926 0.5671 0.1402 
   NS_SS1425  6 0.1485 0.1566 0.6949 
   NS_SS1400  6 0.2882 0.1785 0.5333 
   NS_SS1406  6 0.3076 0.5300 0.1624 
   NS_SS1417  6 0.2692 0.2929 0.4379 
   NS_SS1454  6 0.3803 0.1465 0.4732 
   NS_SS1412  6 0.3187 0.2937 0.3876 
   NS_SS1438  6 0.2089 0.1829 0.6082 
   NS_SS1416  6 0.4227 0.2716 0.3057 
   NS_SS1401  6 0.2156 0.3661 0.4183 
   NS_SS1424  6 0.2539 0.3448 0.4012 
   NS_SS1435  6 0.5178 0.2338 0.2484 
   NS_SS1447  6 0.4125 0.3473 0.2402 
   NS_SS1414  6 0.5580 0.2292 0.2129 
   NS_SS1449  6 0.2004 0.5981 0.2015 
   NS_SS1443  6 0.0861 0.4997 0.4141 
   NS_SS1434  6 0.1156 0.6719 0.2125 
   NS_SS1398  6 0.4592 0.3071 0.2337 
   NS_SS1426  6 0.1596 0.1872 0.6532 
   NS_SS1413  6 0.1681 0.3246 0.5073 
   NS_SS1395  6 0.1423 0.3791 0.4787 
   NS_SS1448  6 0.5062 0.1609 0.3330 
   NS_SS1446  6 0.1622 0.3514 0.4864 
   NS_SS1403  6 0.3435 0.3834 0.2731 
   NS_SS1415  6 0.2730 0.2259 0.5011 
   NS_SS1437  6 0.4394 0.2820 0.2787 
   NS_SS1439  6 0.1698 0.5388 0.2914 
   NS_SS1441  6 0.1878 0.3481 0.4641 
   NS_SS1420  6 0.7348 0.1360 0.1292 
   NS_SS1394  6 0.6375 0.1734 0.1891 
   NS_SS1391  6 0.1493 0.4479 0.4029 
   NS_SS1410  6 0.2648 0.3224 0.4128 
   NS_SS1408  6 0.3845 0.3635 0.2519 
   NS_SS1409  6 0.1433 0.4936 0.3632 
   HI_SS0617  7 0.2272 0.4509 0.3220 
   HI_SS0618  7 0.4745 0.3105 0.2149 
   HI_SS0619  7 0.4338 0.2668 0.2994 
   HI_SS0620  7 0.2310 0.1874 0.5815 
   HI_SS0621  7 0.3779 0.4040 0.2180 
   HI_SS0622  7 0.3712 0.3574 0.2714 
   HI_SS0626  7 0.6075 0.1043 0.2882 
   HI_SS0627  7 0.3445 0.3966 0.2588 
   HI_SS0628  7 0.3807 0.1461 0.4732 
   HI_SS0629  7 0.3749 0.2061 0.4189 
   HI_SS0630  7 0.3448 0.2719 0.3833 
   HI_SS0631  7 0.4196 0.2004 0.3800 
   HI_SS0632  7 0.4923 0.2002 0.3075 
   HI_SS0633  7 0.2644 0.5500 0.1856 
   HI_SS0634  7 0.4733 0.2448 0.2819 
   HI_SS0635  7 0.5808 0.2250 0.1942 
   HI_SS0637  7 0.3344 0.3166 0.3490 
   HI_SS0638  7 0.3710 0.3110 0.3180 
   HI_SS0639  7 0.4887 0.3458 0.1656 
   HI_SS0640  7 0.3018 0.4219 0.2763 
   HI_SS0641  7 0.4187 0.0920 0.4894 
   HI_SS0642  7 0.4065 0.3975 0.1960 
   HI_SS0645  7 0.7375 0.1508 0.1117 
   HI_SS0646  7 0.1520 0.6147 0.2333 
   HI_SS0647  7 0.3347 0.3910 0.2743 
   HI_SS0648  7 0.4069 0.3336 0.2595 
   HI_SS0649  7 0.2649 0.3800 0.3551 
   HI_SS0650  7 0.2307 0.5969 0.1723 
   HI_SS0651  7 0.2849 0.4418 0.2733 
   HI_SS0652  7 0.6430 0.1853 0.1717 
   NS_SS1371  7 0.1395 0.4594 0.4011 
   NS_SS1374  7 0.3399 0.1425 0.5176 
   NS_SS1337  7 0.5366 0.3141 0.1493 
   NS_SS1385  7 0.1751 0.5910 0.2339 
   NS_SS1388  7 0.4595 0.1948 0.3458 
   NS_SS1370  7 0.7361 0.1280 0.1359 
   NS_SS1389  7 0.6042 0.1734 0.2224 
   NS_SS1360  7 0.3470 0.1934 0.4596 
   NS_SS1330  7 0.4610 0.3907 0.1484 
   NS_SS1328  7 0.1336 0.4589 0.4076 
   NS_SS1384  7 0.2644 0.3337 0.4019 
   NS_SS1381  7 0.2003 0.6933 0.1064 
   NS_SS1375  7 0.5736 0.2453 0.1810 
   NS_SS1319  7 0.4006 0.3057 0.2937 
   NS_SS1326  7 0.2117 0.2002 0.5881 
   NS_SS1341  7 0.1825 0.2897 0.5278 
   NS_SS1383  7 0.4237 0.2478 0.3284 
   NS_SS1318  7 0.4074 0.3514 0.2411 
   NS_SS1348  7 0.1502 0.2347 0.6151 
   NS_SS1363  7 0.4454 0.3368 0.2178 
   NS_SS1335  7 0.2983 0.2429 0.4587 
   NS_SS1358  7 0.1590 0.4257 0.4152 
   NS_SS1342  7 0.1239 0.4547 0.4214 
   NS_SS1320  7 0.2354 0.6902 0.0745 
   NS_SS1355  7 0.2676 0.5087 0.2237 
   NS_SS1345  7 0.2200 0.6419 0.1381 
   NS_SS1324  7 0.3066 0.2343 0.4592 
   NS_SS1347  7 0.2379 0.4578 0.3044 
   NS_SS1321  7 0.2870 0.2350 0.4780 
   NS_SS1333  7 0.3399 0.1722 0.4879 
   NS_SS1364  7 0.1639 0.3103 0.5258 
   NS_SS1379  7 0.2520 0.4725 0.2755 
   NS_SS1332  7 0.2620 0.1323 0.6056 
   NS_SS1338  7 0.3397 0.1581 0.5021 
   NS_SS1368  7 0.2108 0.2748 0.5144 
   NS_SS1354  7 0.3015 0.3941 0.3044 
   NS_SS1365  7 0.4958 0.3161 0.1881 
   NS_SS1380  7 0.4391 0.3796 0.1812 
   NS_SS1329  7 0.1244 0.4289 0.4467 
   NS_SS1362  7 0.2115 0.4818 0.3067 
   NS_SS1327  7 0.1187 0.1022 0.7790 
   NS_SS1350  7 0.1343 0.5635 0.3021 
   NS_SS1387  7 0.5790 0.1435 0.2775 
   NS_SS1369  7 0.2547 0.2703 0.4751 
   NS_SS1331  7 0.5768 0.1245 0.2987 
   NS_SS1357  7 0.1261 0.5803 0.2936 
   NS_SS1386  7 0.1081 0.1694 0.7225 
   NS_SS1353  7 0.2646 0.4916 0.2438 
   NS_SS1323  7 0.3322 0.5276 0.1402 
   HI_SS0296  8 0.3375 0.2405 0.4220 
   HI_SS0297  8 0.3204 0.4337 0.2459 
   HI_SS0299  8 0.2434 0.3608 0.3958 
   HI_SS0300  8 0.3286 0.3059 0.3654 
   HI_SS0301  8 0.5961 0.1273 0.2766 
   HI_SS0302  8 0.4267 0.1502 0.4231 
   HI_SS0303  8 0.1582 0.3234 0.5184 
   HI_SS0304  8 0.5540 0.1885 0.2575 
   HI_SS0306  8 0.3227 0.1494 0.5279 
   HI_SS0307  8 0.4424 0.3869 0.1707 
   HI_SS0308  8 0.4659 0.2736 0.2605 
   HI_SS0309  8 0.2820 0.5001 0.2179 
   HI_SS0310  8 0.3884 0.3114 0.3002 
   HI_SS0311  8 0.5089 0.2029 0.2882 
   HI_SS0314  8 0.3246 0.4092 0.2662 
   HI_SS0316  8 0.2754 0.2858 0.4388 
   HI_SS0317  8 0.4536 0.2498 0.2966 
   HI_SS0318  8 0.2099 0.1699 0.6202 
   HI_SS0319  8 0.1046 0.2164 0.6790 
   HI_SS0320  8 0.6085 0.2040 0.1875 
   HI_SS0321  8 0.1925 0.3925 0.4150 
   HI_SS0323  8 0.3531 0.1754 0.4716 
   HI_SS0325  8 0.3779 0.1554 0.4667 
   HI_SS0327  8 0.0712 0.6144 0.3144 
   HI_SS0329  8 0.5568 0.1942 0.2490 
   HI_SS0333  8 0.3202 0.3068 0.3730 
   HI_SS0334  8 0.1582 0.2535 0.5884 
   HI_SS0335  8 0.2462 0.5796 0.1742 
   HI_SS0339  8 0.4016 0.3623 0.2361 
   HI_SS0343  8 0.1832 0.6655 0.1513 
   HI_SS0344  8 0.0982 0.1520 0.7499 
   HI_SS0345  8 0.4364 0.2503 0.3132 
   HI_SS0346  8 0.3900 0.1911 0.4189 
   HI_SS0350  8 0.3803 0.4989 0.1208 
   HI_SS0351  8 0.1774 0.5017 0.3208 
   HI_SS0352  8 0.3270 0.4864 0.1866 
   HI_SS0362  8 0.6236 0.1325 0.2439 
   HI_SS0363  8 0.1417 0.4310 0.4274 
   HI_SS0365  8 0.1691 0.4096 0.4213 
   HI_SS0366  8 0.1452 0.2549 0.5999 
   HI_SS0367  8 0.4108 0.4086 0.1806 
   HI_SS0369  8 0.5315 0.3046 0.1639 
   HI_SS0370  8 0.1166 0.6541 0.2293 
   HI_SS0371  8 0.3718 0.1372 0.4909 
   HI_SS0373  8 0.4443 0.2775 0.2782 
   HI_SS0374  8 0.3989 0.3791 0.2220 
   HI_SS0377  8 0.2551 0.3009 0.4440 
   HI_SS0379  8 0.0970 0.1137 0.7893 
   HI_SS0380  8 0.3485 0.4319 0.2196 
   HI_SS0381  8 0.4269 0.3953 0.1778 
   HI_SS0384  8 0.3032 0.2827 0.4141 
   HI_SS0385  8 0.5219 0.1042 0.3739 
