

----------------------------------------------------
STRUCTURE by Pritchard, Stephens and Donnelly (2000)
     and Falush, Stephens and Pritchard (2003)
       Code by Pritchard, Falush and Hubisz
             Version 2.3.4 (Jul 2012)
----------------------------------------------------



Command line arguments:   /home/genobiwan/Documents/Programs/Structure/structure -m parameter_job_k3_r8 
Input File:    /media/genobiwan/Storage/Projets/Mackerel_NWA_2021/data_job_k3_r8

Run parameters:
   557 individuals
   3930 loci
   3 populations assumed
   100000 Burn-in period
   200000 Reps


--------------------------------------------
Proportion of membership of each pre-defined
 population in each of the 3 clusters

Given    Inferred Clusters       Number of
 Pop       1      2      3      Individuals

  1:     0.313  0.353  0.335       67
  2:     0.280  0.336  0.384       32
  3:     0.308  0.365  0.328       92
  4:     0.364  0.306  0.329       36
  5:     0.349  0.323  0.328       41
  6:     0.350  0.323  0.327      158
  7:     0.335  0.334  0.332       79
  8:     0.353  0.339  0.308       52
--------------------------------------------

Allele-freq. divergence among pops (Net nucleotide distance),
computed using point estimates of P.

      1       2       3      
 1      -    0.0014  0.0012  
 2   0.0014     -    0.0011  
 3   0.0012  0.0011     -    

Average distances (expected heterozygosity) between individuals in same cluster:
cluster  1  : 0.3137 
cluster  2  : 0.3129 
cluster  3  : 0.3148 

--------------------------------------------
Estimated Ln Prob of Data   = -2069823.4
Mean value of ln likelihood = -2064741.9
Variance of ln likelihood   = 10163.1
Mean value of alpha         = 1.7553

Mean value of Fst_1         = 0.0133
Mean value of Fst_2         = 0.0140
Mean value of Fst_3         = 0.0131


Inferred ancestry of individuals:
        Label (%Miss) Pop:  Inferred clusters
  1 NS_SS0963    (4)    1 :  0.285 0.335 0.380 
  2 NS_SS0983    (1)    1 :  0.616 0.201 0.183 
  3 NS_SS0719    (8)    1 :  0.378 0.365 0.258 
  4 NS_SS1001    (8)    1 :  0.155 0.386 0.459 
  5 NS_SS0936    (4)    1 :  0.225 0.193 0.581 
  6 NS_SS0955    (5)    1 :  0.452 0.297 0.252 
  7 NS_SS0944    (3)    1 :  0.320 0.317 0.363 
  8 NS_SS0945    (3)    1 :  0.324 0.247 0.429 
  9 NS_SS0922    (2)    1 :  0.153 0.370 0.477 
 10 NS_SS0929    (7)    1 :  0.441 0.289 0.270 
 11 NS_SS0956    (2)    1 :  0.138 0.591 0.271 
 12 NS_SS0906    (3)    1 :  0.396 0.308 0.296 
 13 NS_SS0721    (6)    1 :  0.258 0.547 0.195 
 14 NS_SS0982    (4)    1 :  0.260 0.437 0.302 
 15 NS_SS0923    (5)    1 :  0.261 0.395 0.344 
 16 NS_SS0905    (6)    1 :  0.318 0.400 0.282 
 17 NS_SS0925    (3)    1 :  0.150 0.371 0.478 
 18 NS_SS0947    (5)    1 :  0.211 0.267 0.523 
 19 NS_SS0926    (2)    1 :  0.597 0.253 0.149 
 20 NS_SS0918    (6)    1 :  0.164 0.537 0.300 
 21 NS_SS0966    (4)    1 :  0.262 0.375 0.363 
 22 NS_SS0938    (2)    1 :  0.204 0.234 0.562 
 23 NS_SS0917    (2)    1 :  0.505 0.221 0.274 
 24 NS_SS0957   (11)    1 :  0.246 0.537 0.217 
 25 NS_SS0987    (1)    1 :  0.211 0.656 0.132 
 26 NS_SS0717    (4)    1 :  0.157 0.423 0.420 
 27 NS_SS0986    (2)    1 :  0.337 0.497 0.167 
 28 NS_SS0953    (4)    1 :  0.154 0.352 0.495 
 29 NS_SS0907    (3)    1 :  0.330 0.319 0.350 
 30 NS_SS0974    (6)    1 :  0.335 0.210 0.455 
 31 NS_SS0989    (1)    1 :  0.575 0.146 0.279 
 32 NS_SS0991    (2)    1 :  0.393 0.456 0.151 
 33 NS_SS0994    (2)    1 :  0.675 0.107 0.218 
 34 NS_SS0931    (6)    1 :  0.457 0.386 0.156 
 35 NS_SS1000    (5)    1 :  0.187 0.270 0.543 
 36 NS_SS0919    (1)    1 :  0.496 0.258 0.245 
 37 NS_SS0949    (3)    1 :  0.538 0.193 0.270 
 38 NS_SS0960   (10)    1 :  0.435 0.377 0.188 
 39 NS_SS0716    (2)    1 :  0.135 0.608 0.257 
 40 NS_SS0924    (8)    1 :  0.411 0.368 0.221 
 41 NS_SS0935    (1)    1 :  0.461 0.375 0.164 
 42 NS_SS0952   (13)    1 :  0.531 0.242 0.227 
 43 NS_SS0962   (10)    1 :  0.213 0.408 0.378 
 44 NS_SS0973    (5)    1 :  0.314 0.299 0.387 
 45 NS_SS0722    (1)    1 :  0.116 0.192 0.692 
 46 NS_SS0979   (13)    1 :  0.198 0.544 0.258 
 47 NS_SS0993    (2)    1 :  0.168 0.323 0.509 
 48 NS_SS0958    (1)    1 :  0.478 0.284 0.238 
 49 NS_SS0988    (4)    1 :  0.426 0.373 0.200 
 50 NS_SS1003    (2)    1 :  0.165 0.610 0.225 
 51 NS_SS0976    (0)    1 :  0.470 0.274 0.256 
 52 NS_SS0964   (10)    1 :  0.127 0.397 0.476 
 53 NS_SS0939    (4)    1 :  0.130 0.500 0.370 
 54 NS_SS0990    (6)    1 :  0.383 0.330 0.287 
 55 NS_SS0984    (2)    1 :  0.129 0.346 0.525 
 56 NS_SS0980    (9)    1 :  0.190 0.161 0.649 
 57 NS_SS0978    (4)    1 :  0.258 0.209 0.532 
 58 NS_SS0951   (17)    1 :  0.330 0.525 0.145 
 59 NS_SS0913    (3)    1 :  0.182 0.502 0.316 
 60 NS_SS1002    (1)    1 :  0.216 0.310 0.474 
 61 NS_SS0948    (1)    1 :  0.348 0.399 0.254 
 62 NS_SS0916    (4)    1 :  0.364 0.198 0.438 
 63 NS_SS0995    (1)    1 :  0.240 0.336 0.424 
 64 NS_SS0927    (6)    1 :  0.475 0.173 0.352 
 65 NS_SS0992    (5)    1 :  0.337 0.146 0.518 
 66 NS_SS0912    (1)    1 :  0.313 0.547 0.140 
 67 NS_SS0981    (1)    1 :  0.233 0.540 0.227 
 68 NS_SS0729    (5)    2 :  0.547 0.103 0.350 
 69 NS_SS0967   (14)    2 :  0.283 0.359 0.358 
 70 NS_SS0941    (7)    2 :  0.231 0.250 0.519 
 71 NS_SS0768   (12)    2 :  0.232 0.499 0.269 
 72 NS_SS0726    (4)    2 :  0.452 0.118 0.430 
 73 NS_SS0763    (4)    2 :  0.503 0.193 0.304 
 74 NS_SS0730    (6)    2 :  0.197 0.413 0.390 
 75 NS_SS0774    (1)    2 :  0.166 0.212 0.622 
 76 NS_SS0723    (3)    2 :  0.158 0.341 0.502 
 77 NS_SS0940    (9)    2 :  0.375 0.277 0.348 
 78 NS_SS0762    (1)    2 :  0.098 0.341 0.561 
 79 NS_SS0766   (11)    2 :  0.284 0.310 0.406 
 80 NS_SS0724    (1)    2 :  0.169 0.520 0.311 
 81 NS_SS0769    (3)    2 :  0.338 0.373 0.289 
 82 NS_SS0777    (2)    2 :  0.404 0.393 0.203 
 83 NS_SS0734    (6)    2 :  0.328 0.390 0.283 
 84 NS_SS0737    (3)    2 :  0.120 0.205 0.675 
 85 NS_SS0732    (5)    2 :  0.174 0.613 0.213 
 86 NS_SS0728    (5)    2 :  0.224 0.275 0.500 
 87 NS_SS0735    (9)    2 :  0.173 0.301 0.526 
 88 NS_SS0725    (1)    2 :  0.191 0.287 0.522 
 89 NS_SS0788    (2)    2 :  0.381 0.293 0.326 
 90 NS_SS0778    (2)    2 :  0.451 0.332 0.217 
 91 NS_SS0792    (6)    2 :  0.344 0.398 0.258 
 92 NS_SS0943   (11)    2 :  0.424 0.338 0.237 
 93 NS_SS0791    (2)    2 :  0.360 0.317 0.323 
 94 NS_SS0790    (5)    2 :  0.089 0.607 0.304 
 95 NS_SS0731    (6)    2 :  0.178 0.589 0.233 
 96 NS_SS0727    (6)    2 :  0.375 0.120 0.505 
 97 NS_SS0779   (12)    2 :  0.318 0.369 0.312 
 98 NS_SS0776    (3)    2 :  0.260 0.295 0.445 
 99 NS_SS0775    (5)    2 :  0.136 0.332 0.531 
100 NS_SS0965    (3)    3 :  0.213 0.547 0.240 
101 NS_SS0754   (13)    3 :  0.412 0.383 0.205 
102 NS_SS0838    (5)    3 :  0.350 0.264 0.385 
103 NS_SS0839    (3)    3 :  0.130 0.391 0.478 
104 NS_SS0832    (4)    3 :  0.106 0.482 0.412 
105 NS_SS0820    (4)    3 :  0.164 0.603 0.233 
106 NS_SS0886    (9)    3 :  0.412 0.360 0.228 
107 NS_SS0748    (5)    3 :  0.398 0.358 0.244 
108 NS_SS0884    (9)    3 :  0.332 0.292 0.376 
109 NS_SS0752    (3)    3 :  0.252 0.226 0.522 
110 NS_SS0862    (1)    3 :  0.134 0.615 0.251 
111 NS_SS0787    (9)    3 :  0.680 0.187 0.132 
112 NS_SS0843    (6)    3 :  0.286 0.332 0.382 
113 NS_SS0856    (4)    3 :  0.286 0.254 0.461 
114 NS_SS0846    (2)    3 :  0.422 0.169 0.409 
115 NS_SS0825    (1)    3 :  0.370 0.368 0.262 
116 NS_SS0757    (3)    3 :  0.376 0.365 0.259 
117 NS_SS0876    (3)    3 :  0.225 0.330 0.446 
118 NS_SS0903    (9)    3 :  0.166 0.204 0.631 
119 NS_SS0875    (7)    3 :  0.277 0.474 0.248 
120 NS_SS0740    (5)    3 :  0.288 0.325 0.387 
121 NS_SS0811    (5)    3 :  0.112 0.701 0.186 
122 NS_SS0751    (1)    3 :  0.263 0.321 0.416 
123 NS_SS0891    (6)    3 :  0.264 0.320 0.415 
124 NS_SS0867    (2)    3 :  0.397 0.322 0.281 
125 NS_SS0890    (6)    3 :  0.318 0.318 0.363 
126 NS_SS0866   (11)    3 :  0.625 0.152 0.222 
127 NS_SS0755    (4)    3 :  0.281 0.462 0.258 
128 NS_SS0758    (4)    3 :  0.274 0.241 0.485 
129 NS_SS0840    (2)    3 :  0.142 0.441 0.417 
130 NS_SS0889    (4)    3 :  0.469 0.376 0.154 
131 NS_SS1010    (1)    3 :  0.336 0.395 0.269 
132 NS_SS0888    (5)    3 :  0.540 0.178 0.282 
133 NS_SS0837    (3)    3 :  0.163 0.583 0.255 
134 NS_SS0794    (9)    3 :  0.406 0.219 0.375 
135 NS_SS0823    (4)    3 :  0.149 0.270 0.581 
136 NS_SS0829    (7)    3 :  0.560 0.323 0.117 
137 NS_SS0844    (5)    3 :  0.151 0.468 0.381 
138 NS_SS1008    (5)    3 :  0.381 0.247 0.372 
139 NS_SS0881    (3)    3 :  0.412 0.356 0.232 
140 NS_SS0834    (6)    3 :  0.164 0.216 0.620 
141 NS_SS0744   (10)    3 :  0.353 0.284 0.362 
142 NS_SS0899    (7)    3 :  0.128 0.658 0.213 
143 NS_SS0804    (4)    3 :  0.131 0.512 0.357 
144 NS_SS0781   (10)    3 :  0.164 0.401 0.435 
145 NS_SS0822    (6)    3 :  0.312 0.224 0.464 
146 NS_SS1004    (4)    3 :  0.266 0.362 0.371 
147 NS_SS0746    (5)    3 :  0.306 0.272 0.422 
148 NS_SS0880    (3)    3 :  0.249 0.304 0.448 
149 NS_SS0879    (4)    3 :  0.197 0.349 0.454 
150 NS_SS0753    (2)    3 :  0.401 0.416 0.182 
151 NS_SS1007    (2)    3 :  0.288 0.182 0.530 
152 NS_SS0872    (5)    3 :  0.203 0.345 0.452 
153 NS_SS1005    (7)    3 :  0.244 0.294 0.462 
154 NS_SS0892    (6)    3 :  0.318 0.332 0.350 
155 NS_SS0898    (0)    3 :  0.373 0.357 0.270 
156 NS_SS0801    (9)    3 :  0.255 0.524 0.220 
157 NS_SS0827    (8)    3 :  0.338 0.556 0.106 
158 NS_SS0853    (6)    3 :  0.285 0.581 0.134 
159 NS_SS0780    (2)    3 :  0.205 0.423 0.372 
160 NS_SS0826   (10)    3 :  0.358 0.389 0.253 
161 NS_SS0818    (5)    3 :  0.129 0.431 0.440 
162 NS_SS0745    (1)    3 :  0.104 0.497 0.399 
163 NS_SS0849    (3)    3 :  0.229 0.651 0.120 
164 NS_SS0739    (3)    3 :  0.331 0.386 0.283 
165 NS_SS0799    (1)    3 :  0.391 0.243 0.366 
166 NS_SS0756    (2)    3 :  0.150 0.514 0.336 
167 NS_SS0802    (2)    3 :  0.442 0.187 0.371 
168 NS_SS0747    (6)    3 :  0.332 0.277 0.391 
169 NS_SS0835    (1)    3 :  0.660 0.122 0.218 
170 NS_SS0742   (18)    3 :  0.295 0.340 0.365 
171 NS_SS0760    (9)    3 :  0.546 0.212 0.241 
172 NS_SS0803    (4)    3 :  0.132 0.259 0.609 
173 NS_SS0828   (13)    3 :  0.281 0.507 0.212 
174 NS_SS0865    (2)    3 :  0.349 0.439 0.212 
175 NS_SS0759    (4)    3 :  0.147 0.452 0.401 
176 NS_SS0851    (5)    3 :  0.137 0.694 0.169 
177 NS_SS0874   (16)    3 :  0.210 0.335 0.455 
178 NS_SS0761    (6)    3 :  0.493 0.348 0.159 
179 NS_SS0842   (25)    3 :  0.415 0.293 0.292 
180 NS_SS0785    (6)    3 :  0.400 0.287 0.313 
181 NS_SS0860   (11)    3 :  0.663 0.160 0.177 
182 NS_SS0897    (7)    3 :  0.623 0.212 0.165 
183 NS_SS0841   (14)    3 :  0.135 0.537 0.327 
184 NS_SS0797    (6)    3 :  0.399 0.449 0.153 
185 NS_SS0830   (10)    3 :  0.312 0.447 0.241 
186 NS_SS1011    (5)    3 :  0.198 0.430 0.373 
187 NS_SS0883    (5)    3 :  0.361 0.437 0.203 
188 NS_SS0782    (2)    3 :  0.277 0.219 0.504 
189 NS_SS0831    (5)    3 :  0.477 0.386 0.137 
190 NS_SS0749    (7)    3 :  0.313 0.380 0.306 
191 NS_SS0854    (2)    3 :  0.316 0.209 0.475 
192 HI_SS0193    (0)    4 :  0.391 0.275 0.335 
193 HI_SS0194    (0)    4 :  0.211 0.213 0.576 
194 HI_SS0195    (9)    4 :  0.137 0.588 0.275 
195 HI_SS0196    (6)    4 :  0.280 0.194 0.526 
196 HI_SS0197    (3)    4 :  0.342 0.228 0.429 
197 HI_SS0198    (1)    4 :  0.381 0.406 0.213 
198 HI_SS0199    (1)    4 :  0.383 0.159 0.458 
199 HI_SS0201    (4)    4 :  0.608 0.255 0.136 
200 HI_SS0215    (1)    4 :  0.587 0.274 0.139 
201 HI_SS0218    (1)    4 :  0.579 0.218 0.204 
202 HI_SS0222    (0)    4 :  0.273 0.393 0.334 
203 HI_SS0230    (1)    4 :  0.300 0.509 0.191 
204 HI_SS0234    (1)    4 :  0.291 0.121 0.587 
205 HI_SS0240    (1)    4 :  0.222 0.221 0.556 
206 HI_SS0241    (0)    4 :  0.531 0.256 0.214 
207 HI_SS0242    (0)    4 :  0.331 0.324 0.345 
208 HI_SS0247    (0)    4 :  0.280 0.412 0.309 
209 HI_SS0248    (1)    4 :  0.451 0.121 0.428 
210 HI_SS0252    (2)    4 :  0.169 0.320 0.511 
211 HI_SS0254    (1)    4 :  0.446 0.268 0.287 
212 HI_SS0256    (0)    4 :  0.074 0.412 0.515 
213 HI_SS0257    (0)    4 :  0.523 0.120 0.357 
214 HI_SS0258    (1)    4 :  0.458 0.316 0.226 
215 HI_SS0259    (1)    4 :  0.249 0.264 0.487 
216 HI_SS0260    (1)    4 :  0.509 0.173 0.318 
217 HI_SS0261    (2)    4 :  0.415 0.189 0.396 
218 HI_SS0262    (0)    4 :  0.246 0.457 0.297 
219 HI_SS0264    (1)    4 :  0.242 0.536 0.222 
220 HI_SS0265    (0)    4 :  0.296 0.453 0.251 
221 HI_SS0268    (1)    4 :  0.386 0.402 0.212 
222 HI_SS0269    (1)    4 :  0.670 0.094 0.236 
223 HI_SS0273    (0)    4 :  0.472 0.290 0.238 
224 HI_SS0277    (1)    4 :  0.345 0.388 0.266 
225 HI_SS0280    (0)    4 :  0.266 0.472 0.262 
226 HI_SS0282    (1)    4 :  0.391 0.287 0.322 
227 HI_SS0286    (1)    4 :  0.386 0.418 0.195 
228 NS_SS1252    (3)    5 :  0.652 0.171 0.177 
229 NS_SS1261    (1)    5 :  0.371 0.314 0.316 
230 NS_SS1225    (9)    5 :  0.456 0.294 0.250 
231 NS_SS1266    (1)    5 :  0.138 0.430 0.432 
232 NS_SS1228    (0)    5 :  0.196 0.603 0.201 
233 NS_SS1255    (2)    5 :  0.205 0.155 0.639 
234 NS_SS1267    (3)    5 :  0.714 0.159 0.126 
235 NS_SS1238    (6)    5 :  0.337 0.430 0.233 
236 NS_SS1233    (8)    5 :  0.177 0.580 0.244 
237 NS_SS1277    (3)    5 :  0.426 0.216 0.358 
238 NS_SS1245    (1)    5 :  0.383 0.190 0.428 
239 NS_SS1240    (4)    5 :  0.735 0.116 0.150 
240 NS_SS1275    (2)    5 :  0.141 0.438 0.421 
241 NS_SS1235    (1)    5 :  0.237 0.113 0.650 
242 NS_SS1263    (1)    5 :  0.161 0.308 0.531 
243 NS_SS1251    (1)    5 :  0.239 0.321 0.440 
244 NS_SS1248    (0)    5 :  0.190 0.721 0.089 
245 NS_SS1244    (0)    5 :  0.359 0.329 0.312 
246 NS_SS1257    (0)    5 :  0.507 0.245 0.247 
247 NS_SS1242    (2)    5 :  0.175 0.340 0.485 
248 NS_SS1271    (6)    5 :  0.671 0.159 0.171 
249 NS_SS1265    (1)    5 :  0.544 0.253 0.203 
250 NS_SS1243    (0)    5 :  0.176 0.489 0.335 
251 NS_SS1273    (1)    5 :  0.140 0.420 0.439 
252 NS_SS1254   (14)    5 :  0.194 0.404 0.403 
253 NS_SS1224    (1)    5 :  0.152 0.530 0.318 
254 NS_SS1227    (8)    5 :  0.577 0.147 0.276 
255 NS_SS1274    (8)    5 :  0.421 0.284 0.295 
256 NS_SS1241    (1)    5 :  0.430 0.258 0.312 
257 NS_SS1256    (3)    5 :  0.415 0.231 0.354 
258 NS_SS1260    (8)    5 :  0.551 0.183 0.266 
259 NS_SS1262    (0)    5 :  0.407 0.386 0.208 
260 NS_SS1230    (0)    5 :  0.370 0.325 0.305 
261 NS_SS1270    (2)    5 :  0.186 0.622 0.192 
262 NS_SS1229    (2)    5 :  0.189 0.097 0.714 
263 NS_SS1246    (5)    5 :  0.557 0.128 0.315 
264 NS_SS1269    (0)    5 :  0.245 0.414 0.341 
265 NS_SS1239    (1)    5 :  0.175 0.370 0.455 
266 NS_SS1272    (4)    5 :  0.383 0.330 0.287 
267 NS_SS1268    (1)    5 :  0.158 0.625 0.217 
268 NS_SS1249    (0)    5 :  0.567 0.115 0.318 
269 HI_SS0559    (0)    6 :  0.285 0.377 0.337 
270 HI_SS0563    (1)    6 :  0.324 0.354 0.322 
271 HI_SS0564    (0)    6 :  0.293 0.338 0.370 
272 HI_SS0565    (0)    6 :  0.492 0.235 0.273 
273 HI_SS0569    (0)    6 :  0.536 0.325 0.138 
274 HI_SS0570    (0)    6 :  0.574 0.228 0.198 
275 HI_SS0572    (1)    6 :  0.183 0.172 0.645 
276 HI_SS0576    (0)    6 :  0.181 0.549 0.270 
277 HI_SS0579    (1)    6 :  0.378 0.242 0.380 
278 HI_SS0580    (1)    6 :  0.387 0.255 0.359 
279 HI_SS0581    (0)    6 :  0.175 0.535 0.291 
280 HI_SS0583    (1)    6 :  0.535 0.142 0.323 
281 HI_SS0586    (1)    6 :  0.607 0.289 0.104 
282 HI_SS0588    (1)    6 :  0.429 0.282 0.290 
283 HI_SS0595    (4)    6 :  0.553 0.182 0.265 
284 HI_SS0596    (0)    6 :  0.134 0.210 0.655 
285 HI_SS0597    (1)    6 :  0.213 0.181 0.606 
286 HI_SS0600    (0)    6 :  0.467 0.256 0.277 
287 HI_SS0601    (1)    6 :  0.415 0.396 0.190 
288 HI_SS0602    (1)    6 :  0.409 0.412 0.179 
289 HI_SS0604    (0)    6 :  0.283 0.387 0.331 
290 HI_SS0605    (1)    6 :  0.351 0.360 0.289 
291 HI_SS0608    (0)    6 :  0.304 0.388 0.308 
292 HI_SS0609    (0)    6 :  0.196 0.318 0.486 
293 HI_SS0611    (5)    6 :  0.524 0.324 0.152 
294 HI_SS0612    (1)    6 :  0.291 0.157 0.552 
295 HI_SS0613    (1)    6 :  0.277 0.570 0.153 
296 HI_SS0615    (0)    6 :  0.128 0.351 0.521 
297 HI_SS0001    (1)    6 :  0.358 0.171 0.471 
298 HI_SS0002    (1)    6 :  0.202 0.366 0.433 
299 HI_SS0004    (0)    6 :  0.422 0.267 0.311 
300 HI_SS0005    (1)    6 :  0.213 0.647 0.139 
301 HI_SS0006    (1)    6 :  0.471 0.199 0.330 
302 HI_SS0007    (1)    6 :  0.347 0.491 0.162 
303 HI_SS0008    (0)    6 :  0.308 0.414 0.279 
304 HI_SS0009    (0)    6 :  0.131 0.447 0.422 
305 HI_SS0010    (1)    6 :  0.361 0.459 0.180 
306 HI_SS0011    (1)    6 :  0.236 0.507 0.257 
307 HI_SS0012    (0)    6 :  0.209 0.348 0.444 
308 HI_SS0017    (1)    6 :  0.157 0.214 0.629 
309 HI_SS0021    (1)    6 :  0.517 0.317 0.166 
310 HI_SS0024    (1)    6 :  0.222 0.411 0.368 
311 HI_SS0025    (1)    6 :  0.165 0.374 0.461 
312 HI_SS0027    (0)    6 :  0.399 0.357 0.244 
313 HI_SS0028    (0)    6 :  0.131 0.685 0.184 
314 HI_SS0029    (1)    6 :  0.319 0.314 0.367 
315 HI_SS0030    (2)    6 :  0.382 0.270 0.348 
316 HI_SS0031    (0)    6 :  0.335 0.233 0.432 
317 HI_SS0034    (0)    6 :  0.497 0.147 0.356 
318 HI_SS0036    (0)    6 :  0.586 0.268 0.146 
319 HI_SS0037    (1)    6 :  0.571 0.301 0.129 
320 HI_SS0039    (0)    6 :  0.392 0.480 0.129 
321 HI_SS0041    (1)    6 :  0.178 0.496 0.326 
322 HI_SS0042    (1)    6 :  0.182 0.371 0.447 
323 HI_SS0043    (1)    6 :  0.684 0.190 0.125 
324 HI_SS0044    (1)    6 :  0.370 0.174 0.456 
325 HI_SS0047    (1)    6 :  0.182 0.374 0.445 
326 HI_SS0049    (0)    6 :  0.191 0.270 0.539 
327 HI_SS0051    (1)    6 :  0.231 0.565 0.205 
328 HI_SS0053    (1)    6 :  0.624 0.153 0.222 
329 HI_SS0054    (4)    6 :  0.512 0.322 0.166 
330 HI_SS0057    (0)    6 :  0.223 0.538 0.239 
331 HI_SS0058    (0)    6 :  0.420 0.291 0.289 
332 HI_SS0060    (0)    6 :  0.264 0.529 0.207 
333 HI_SS0087    (1)    6 :  0.413 0.223 0.364 
334 HI_SS0091    (0)    6 :  0.700 0.105 0.195 
335 HI_SS0095    (1)    6 :  0.372 0.272 0.355 
336 HI_SS0097    (3)    6 :  0.270 0.347 0.383 
337 HI_SS0099    (0)    6 :  0.245 0.402 0.353 
338 HI_SS0103    (0)    6 :  0.283 0.179 0.537 
339 HI_SS0105    (1)    6 :  0.363 0.401 0.236 
340 HI_SS0107    (1)    6 :  0.135 0.155 0.711 
341 HI_SS0108    (1)    6 :  0.693 0.152 0.155 
342 HI_SS0110    (0)    6 :  0.408 0.163 0.430 
343 HI_SS0111    (1)    6 :  0.313 0.379 0.308 
344 HI_SS0112    (0)    6 :  0.677 0.154 0.170 
345 HI_SS0113    (1)    6 :  0.168 0.335 0.496 
346 HI_SS0114    (1)    6 :  0.452 0.401 0.146 
347 HI_SS0115    (1)    6 :  0.255 0.259 0.486 
348 HI_SS0116    (4)    6 :  0.502 0.123 0.375 
349 HI_SS0117    (0)    6 :  0.493 0.217 0.290 
350 HI_SS0118    (0)    6 :  0.521 0.194 0.286 
351 HI_SS0119    (1)    6 :  0.489 0.264 0.247 
352 HI_SS0120    (1)    6 :  0.160 0.188 0.652 
353 HI_SS0121    (1)    6 :  0.163 0.682 0.155 
354 HI_SS0122    (2)    6 :  0.362 0.389 0.249 
355 HI_SS0123    (0)    6 :  0.329 0.203 0.468 
356 HI_SS0124    (1)    6 :  0.120 0.343 0.537 
357 HI_SS0125    (1)    6 :  0.144 0.498 0.359 
358 HI_SS0126    (0)    6 :  0.537 0.159 0.305 
359 HI_SS0127    (0)    6 :  0.229 0.629 0.142 
360 HI_SS0128    (0)    6 :  0.266 0.200 0.534 
361 HI_SS0129    (1)    6 :  0.448 0.224 0.328 
362 HI_SS0131    (2)    6 :  0.393 0.492 0.115 
363 HI_SS0132    (0)    6 :  0.331 0.418 0.251 
364 HI_SS0133    (1)    6 :  0.690 0.158 0.152 
365 HI_SS0134    (1)    6 :  0.368 0.251 0.382 
366 HI_SS0142    (3)    6 :  0.306 0.408 0.286 
367 HI_SS0145    (0)    6 :  0.318 0.209 0.472 
368 HI_SS0146    (1)    6 :  0.418 0.316 0.266 
369 HI_SS0147    (1)    6 :  0.166 0.594 0.240 
370 HI_SS0149    (1)    6 :  0.433 0.324 0.243 
371 HI_SS0150    (2)    6 :  0.158 0.529 0.313 
372 HI_SS0151    (0)    6 :  0.270 0.205 0.525 
373 NS_SS1451    (1)    6 :  0.131 0.451 0.418 
374 NS_SS1404    (0)    6 :  0.223 0.571 0.206 
375 NS_SS1432    (2)    6 :  0.231 0.309 0.460 
376 NS_SS1405    (4)    6 :  0.262 0.312 0.426 
377 NS_SS1431   (10)    6 :  0.173 0.342 0.485 
378 NS_SS1402    (3)    6 :  0.433 0.190 0.377 
379 NS_SS1450    (3)    6 :  0.392 0.225 0.383 
380 NS_SS1396    (0)    6 :  0.315 0.390 0.295 
381 NS_SS1393    (5)    6 :  0.438 0.280 0.282 
382 NS_SS1392   (10)    6 :  0.180 0.349 0.470 
383 NS_SS1445    (0)    6 :  0.541 0.312 0.147 
384 NS_SS1423    (0)    6 :  0.429 0.176 0.395 
385 NS_SS1421    (9)    6 :  0.431 0.257 0.312 
386 NS_SS1411    (6)    6 :  0.390 0.453 0.157 
387 NS_SS1453    (5)    6 :  0.513 0.268 0.219 
388 NS_SS1442    (2)    6 :  0.278 0.383 0.339 
389 NS_SS1422    (1)    6 :  0.270 0.186 0.544 
390 NS_SS1419    (1)    6 :  0.227 0.551 0.222 
391 NS_SS1427    (0)    6 :  0.575 0.105 0.320 
392 NS_SS1444    (3)    6 :  0.211 0.547 0.242 
393 NS_SS1455    (0)    6 :  0.160 0.269 0.571 
394 NS_SS1425    (2)    6 :  0.654 0.207 0.139 
395 NS_SS1400    (0)    6 :  0.460 0.346 0.194 
396 NS_SS1406    (1)    6 :  0.190 0.378 0.431 
397 NS_SS1417    (6)    6 :  0.396 0.323 0.281 
398 NS_SS1454    (2)    6 :  0.462 0.365 0.173 
399 NS_SS1412    (1)    6 :  0.399 0.304 0.297 
400 NS_SS1438    (1)    6 :  0.543 0.315 0.142 
401 NS_SS1416    (4)    6 :  0.322 0.400 0.278 
402 NS_SS1401    (0)    6 :  0.438 0.237 0.324 
403 NS_SS1424    (6)    6 :  0.426 0.269 0.305 
404 NS_SS1435    (9)    6 :  0.278 0.387 0.335 
405 NS_SS1447    (4)    6 :  0.212 0.495 0.293 
406 NS_SS1414    (3)    6 :  0.168 0.579 0.252 
407 NS_SS1449   (14)    6 :  0.259 0.214 0.527 
408 NS_SS1443    (4)    6 :  0.467 0.100 0.433 
409 NS_SS1434    (1)    6 :  0.223 0.103 0.675 
410 NS_SS1398    (1)    6 :  0.228 0.341 0.430 
411 NS_SS1426    (1)    6 :  0.609 0.205 0.186 
412 NS_SS1413    (0)    6 :  0.448 0.194 0.358 
413 NS_SS1395    (1)    6 :  0.535 0.184 0.281 
414 NS_SS1448   (10)    6 :  0.315 0.439 0.247 
415 NS_SS1446    (0)    6 :  0.535 0.193 0.272 
416 NS_SS1403    (2)    6 :  0.321 0.299 0.380 
417 NS_SS1415    (0)    6 :  0.470 0.289 0.241 
418 NS_SS1437    (4)    6 :  0.299 0.396 0.305 
419 NS_SS1439    (2)    6 :  0.324 0.273 0.403 
420 NS_SS1441    (3)    6 :  0.464 0.179 0.356 
421 NS_SS1420    (2)    6 :  0.133 0.684 0.183 
422 NS_SS1394    (2)    6 :  0.191 0.575 0.234 
423 NS_SS1391    (7)    6 :  0.392 0.132 0.476 
424 NS_SS1410    (5)    6 :  0.441 0.237 0.323 
425 NS_SS1408    (1)    6 :  0.265 0.405 0.329 
426 NS_SS1409    (1)    6 :  0.353 0.125 0.523 
427 HI_SS0617    (1)    7 :  0.379 0.179 0.442 
428 HI_SS0618    (2)    7 :  0.210 0.396 0.395 
429 HI_SS0619    (0)    7 :  0.299 0.330 0.370 
430 HI_SS0620    (1)    7 :  0.528 0.279 0.192 
431 HI_SS0621    (3)    7 :  0.227 0.353 0.420 
432 HI_SS0622    (1)    7 :  0.258 0.405 0.337 
433 HI_SS0626    (0)    7 :  0.269 0.600 0.131 
434 HI_SS0627    (0)    7 :  0.280 0.299 0.421 
435 HI_SS0628    (3)    7 :  0.477 0.313 0.210 
436 HI_SS0629    (1)    7 :  0.430 0.381 0.189 
437 HI_SS0630    (1)    7 :  0.376 0.319 0.305 
438 HI_SS0631    (0)    7 :  0.373 0.420 0.207 
439 HI_SS0632    (0)    7 :  0.272 0.510 0.218 
440 HI_SS0633    (0)    7 :  0.186 0.204 0.610 
441 HI_SS0634    (1)    7 :  0.318 0.411 0.271 
442 HI_SS0635    (0)    7 :  0.199 0.531 0.270 
443 HI_SS0637    (1)    7 :  0.330 0.448 0.222 
444 HI_SS0638    (0)    7 :  0.289 0.337 0.374 
445 HI_SS0639    (1)    7 :  0.195 0.459 0.346 
446 HI_SS0640    (1)    7 :  0.266 0.362 0.371 
447 HI_SS0641    (1)    7 :  0.449 0.439 0.113 
448 HI_SS0642    (0)    7 :  0.268 0.324 0.409 
449 HI_SS0645    (0)    7 :  0.113 0.611 0.276 
450 HI_SS0646    (1)    7 :  0.271 0.169 0.560 
451 HI_SS0647    (1)    7 :  0.256 0.309 0.435 
452 HI_SS0648    (0)    7 :  0.278 0.386 0.337 
453 HI_SS0649    (1)    7 :  0.369 0.269 0.361 
454 HI_SS0650    (1)    7 :  0.167 0.193 0.640 
455 HI_SS0651    (1)    7 :  0.303 0.298 0.399 
456 HI_SS0652    (1)    7 :  0.161 0.581 0.258 
457 NS_SS1371    (3)    7 :  0.483 0.150 0.367 
458 NS_SS1374    (0)    7 :  0.511 0.312 0.176 
459 NS_SS1337    (3)    7 :  0.157 0.526 0.317 
460 NS_SS1385    (5)    7 :  0.279 0.192 0.529 
461 NS_SS1388    (0)    7 :  0.350 0.333 0.317 
462 NS_SS1370    (1)    7 :  0.116 0.762 0.122 
463 NS_SS1389    (3)    7 :  0.222 0.455 0.323 
464 NS_SS1360    (1)    7 :  0.389 0.436 0.174 
465 NS_SS1330    (0)    7 :  0.151 0.491 0.358 
466 NS_SS1328    (8)    7 :  0.389 0.116 0.495 
467 NS_SS1384    (1)    7 :  0.419 0.336 0.245 
468 NS_SS1381    (0)    7 :  0.108 0.179 0.713 
469 NS_SS1375    (1)    7 :  0.203 0.379 0.418 
470 NS_SS1319   (10)    7 :  0.314 0.350 0.336 
471 NS_SS1326    (2)    7 :  0.536 0.170 0.294 
472 NS_SS1341    (1)    7 :  0.518 0.272 0.210 
473 NS_SS1383    (1)    7 :  0.357 0.417 0.226 
474 NS_SS1318    (3)    7 :  0.235 0.435 0.330 
475 NS_SS1348    (2)    7 :  0.608 0.217 0.175 
476 NS_SS1363    (0)    7 :  0.210 0.455 0.335 
477 NS_SS1335    (4)    7 :  0.420 0.408 0.172 
478 NS_SS1358    (0)    7 :  0.444 0.248 0.308 
479 NS_SS1342    (1)    7 :  0.510 0.152 0.338 
480 NS_SS1320    (2)    7 :  0.073 0.165 0.762 
481 NS_SS1355    (1)    7 :  0.218 0.378 0.404 
482 NS_SS1345    (1)    7 :  0.141 0.377 0.482 
483 NS_SS1324    (0)    7 :  0.459 0.314 0.227 
484 NS_SS1347    (5)    7 :  0.354 0.270 0.376 
485 NS_SS1321    (4)    7 :  0.509 0.285 0.206 
486 NS_SS1333    (0)    7 :  0.573 0.230 0.198 
487 NS_SS1364    (1)    7 :  0.479 0.243 0.278 
488 NS_SS1379    (0)    7 :  0.253 0.264 0.483 
489 NS_SS1332    (0)    7 :  0.591 0.249 0.160 
490 NS_SS1338    (5)    7 :  0.449 0.401 0.150 
491 NS_SS1368    (6)    7 :  0.540 0.212 0.249 
492 NS_SS1354    (1)    7 :  0.318 0.344 0.339 
493 NS_SS1365    (0)    7 :  0.204 0.452 0.344 
494 NS_SS1380    (1)    7 :  0.174 0.518 0.308 
495 NS_SS1329    (8)    7 :  0.514 0.152 0.334 
496 NS_SS1362    (0)    7 :  0.332 0.251 0.417 
497 NS_SS1327    (2)    7 :  0.763 0.121 0.117 
498 NS_SS1350    (0)    7 :  0.316 0.103 0.581 
499 NS_SS1387    (2)    7 :  0.259 0.572 0.169 
500 NS_SS1369    (8)    7 :  0.449 0.305 0.247 
501 NS_SS1331    (1)    7 :  0.319 0.462 0.218 
502 NS_SS1357    (4)    7 :  0.295 0.108 0.597 
503 NS_SS1386    (1)    7 :  0.724 0.128 0.148 
504 NS_SS1353    (2)    7 :  0.246 0.208 0.546 
505 NS_SS1323    (0)    7 :  0.174 0.343 0.483 
506 HI_SS0296    (0)    8 :  0.385 0.354 0.260 
507 HI_SS0297    (0)    8 :  0.262 0.258 0.481 
508 HI_SS0299    (0)    8 :  0.371 0.341 0.288 
509 HI_SS0300    (0)    8 :  0.298 0.395 0.307 
510 HI_SS0301    (0)    8 :  0.236 0.656 0.109 
511 HI_SS0302    (0)    8 :  0.353 0.494 0.153 
512 HI_SS0303    (0)    8 :  0.477 0.147 0.376 
513 HI_SS0304    (0)    8 :  0.228 0.434 0.339 
514 HI_SS0306    (5)    8 :  0.466 0.356 0.178 
515 HI_SS0307    (1)    8 :  0.200 0.395 0.404 
516 HI_SS0308    (1)    8 :  0.266 0.484 0.249 
517 HI_SS0309    (0)    8 :  0.249 0.391 0.359 
518 HI_SS0310    (0)    8 :  0.265 0.360 0.375 
519 HI_SS0311    (3)    8 :  0.270 0.533 0.197 
520 HI_SS0314    (0)    8 :  0.277 0.229 0.494 
521 HI_SS0316    (1)    8 :  0.429 0.276 0.296 
522 HI_SS0317    (3)    8 :  0.319 0.431 0.250 
523 HI_SS0318    (1)    8 :  0.617 0.225 0.158 
524 HI_SS0319    (0)    8 :  0.691 0.114 0.194 
525 HI_SS0320    (3)    8 :  0.224 0.413 0.363 
526 HI_SS0321    (0)    8 :  0.469 0.203 0.329 
527 HI_SS0323    (1)    8 :  0.462 0.339 0.199 
528 HI_SS0325    (2)    8 :  0.388 0.458 0.154 
529 HI_SS0327    (1)    8 :  0.443 0.085 0.472 
530 HI_SS0329    (1)    8 :  0.243 0.480 0.277 
531 HI_SS0333    (1)    8 :  0.358 0.305 0.337 
532 HI_SS0334    (1)    8 :  0.544 0.234 0.221 
533 HI_SS0335    (1)    8 :  0.176 0.383 0.442 
534 HI_SS0339    (0)    8 :  0.195 0.486 0.319 
535 HI_SS0343    (2)    8 :  0.212 0.240 0.548 
536 HI_SS0344    (1)    8 :  0.738 0.114 0.148 
537 HI_SS0345    (3)    8 :  0.275 0.491 0.234 
538 HI_SS0346    (0)    8 :  0.429 0.362 0.210 
539 HI_SS0350    (1)    8 :  0.115 0.466 0.419 
540 HI_SS0351    (0)    8 :  0.354 0.293 0.353 
541 HI_SS0352    (3)    8 :  0.220 0.332 0.448 
542 HI_SS0362    (0)    8 :  0.236 0.591 0.173 
543 HI_SS0363    (1)    8 :  0.493 0.150 0.357 
544 HI_SS0365    (0)    8 :  0.464 0.153 0.383 
545 HI_SS0366    (0)    8 :  0.611 0.177 0.212 
546 HI_SS0367    (1)    8 :  0.200 0.380 0.420 
547 HI_SS0369    (1)    8 :  0.160 0.482 0.359 
548 HI_SS0370    (0)    8 :  0.271 0.118 0.611 
549 HI_SS0371    (4)    8 :  0.487 0.354 0.158 
550 HI_SS0373    (3)    8 :  0.292 0.335 0.374 
551 HI_SS0374    (0)    8 :  0.239 0.339 0.421 
552 HI_SS0377    (0)    8 :  0.400 0.370 0.230 
553 HI_SS0379    (1)    8 :  0.782 0.116 0.103 
554 HI_SS0380    (1)    8 :  0.236 0.344 0.420 
555 HI_SS0381    (2)    8 :  0.186 0.508 0.306 
556 HI_SS0384    (3)    8 :  0.433 0.217 0.350 
557 HI_SS0385    (1)    8 :  0.345 0.452 0.203 


Estimated Allele Frequencies in each cluster
First column gives estimated ancestral frequencies


Locus 1 : 
2 alleles
3.4% missing data
   1   (0.736) 0.739 0.720 0.757 
   2   (0.264) 0.261 0.280 0.243 

Locus 2 : 
2 alleles
4.3% missing data
   1   (0.886) 0.900 0.900 0.868 
   2   (0.114) 0.100 0.100 0.132 

Locus 3 : 
2 alleles
3.9% missing data
   1   (0.863) 0.870 0.868 0.864 
   2   (0.137) 0.130 0.132 0.136 

Locus 4 : 
2 alleles
2.7% missing data
   1   (0.889) 0.894 0.875 0.908 
   2   (0.111) 0.106 0.125 0.092 

Locus 5 : 
2 alleles
2.7% missing data
   1   (0.821) 0.818 0.834 0.823 
   2   (0.179) 0.182 0.166 0.177 

Locus 6 : 
2 alleles
3.2% missing data
   1   (0.791) 0.770 0.813 0.800 
   2   (0.209) 0.230 0.187 0.200 

Locus 7 : 
2 alleles
3.8% missing data
   1   (0.805) 0.796 0.795 0.831 
   2   (0.195) 0.204 0.205 0.169 

Locus 8 : 
2 alleles
4.8% missing data
   1   (0.704) 0.698 0.727 0.696 
   2   (0.296) 0.302 0.273 0.304 

Locus 9 : 
2 alleles
3.1% missing data
   1   (0.791) 0.770 0.815 0.799 
   2   (0.209) 0.230 0.185 0.201 

Locus 10 : 
2 alleles
4.7% missing data
   1   (0.890) 0.880 0.891 0.910 
   2   (0.110) 0.120 0.109 0.090 

Locus 11 : 
2 alleles
3.2% missing data
   1   (0.863) 0.841 0.867 0.890 
   2   (0.137) 0.159 0.133 0.110 

Locus 12 : 
2 alleles
4.8% missing data
   1   (0.730) 0.743 0.740 0.717 
   2   (0.270) 0.257 0.260 0.283 

Locus 13 : 
2 alleles
4.7% missing data
   1   (0.886) 0.884 0.890 0.899 
   2   (0.114) 0.116 0.110 0.101 

Locus 14 : 
2 alleles
3.9% missing data
   1   (0.876) 0.871 0.877 0.894 
   2   (0.124) 0.129 0.123 0.106 

Locus 15 : 
2 alleles
3.9% missing data
   1   (0.505) 0.519 0.510 0.488 
   2   (0.495) 0.481 0.490 0.512 

Locus 16 : 
2 alleles
4.3% missing data
   1   (0.606) 0.572 0.660 0.590 
   2   (0.394) 0.428 0.340 0.410 

Locus 17 : 
2 alleles
4.1% missing data
   1   (0.773) 0.769 0.792 0.768 
   2   (0.227) 0.231 0.208 0.232 

Locus 18 : 
2 alleles
2.3% missing data
   1   (0.895) 0.913 0.896 0.888 
   2   (0.105) 0.087 0.104 0.112 

Locus 19 : 
2 alleles
4.3% missing data
   1   (0.710) 0.696 0.738 0.704 
   2   (0.290) 0.304 0.262 0.296 

Locus 20 : 
2 alleles
3.2% missing data
   1   (0.883) 0.886 0.893 0.882 
   2   (0.117) 0.114 0.107 0.118 

Locus 21 : 
2 alleles
3.4% missing data
   1   (0.557) 0.505 0.582 0.585 
   2   (0.443) 0.495 0.418 0.415 

Locus 22 : 
2 alleles
4.8% missing data
   1   (0.855) 0.852 0.861 0.862 
   2   (0.145) 0.148 0.139 0.138 

Locus 23 : 
2 alleles
4.3% missing data
   1   (0.881) 0.888 0.894 0.875 
   2   (0.119) 0.112 0.106 0.125 

Locus 24 : 
2 alleles
3.2% missing data
   1   (0.541) 0.544 0.564 0.519 
   2   (0.459) 0.456 0.436 0.481 

Locus 25 : 
2 alleles
4.3% missing data
   2   (0.471) 0.473 0.459 0.482 
   1   (0.529) 0.527 0.541 0.518 

Locus 26 : 
2 alleles
4.3% missing data
   1   (0.841) 0.856 0.849 0.828 
   2   (0.159) 0.144 0.151 0.172 

Locus 27 : 
2 alleles
2.2% missing data
   1   (0.601) 0.622 0.604 0.581 
   2   (0.399) 0.378 0.396 0.419 

Locus 28 : 
2 alleles
4.1% missing data
   1   (0.862) 0.864 0.854 0.879 
   2   (0.138) 0.136 0.146 0.121 

Locus 29 : 
2 alleles
1.8% missing data
   1   (0.881) 0.887 0.878 0.890 
   2   (0.119) 0.113 0.122 0.110 

Locus 30 : 
2 alleles
4.5% missing data
   1   (0.867) 0.871 0.875 0.868 
   2   (0.133) 0.129 0.125 0.132 

Locus 31 : 
2 alleles
4.3% missing data
   1   (0.789) 0.795 0.788 0.793 
   2   (0.211) 0.205 0.212 0.207 

Locus 32 : 
2 alleles
2.0% missing data
   1   (0.735) 0.735 0.756 0.725 
   2   (0.265) 0.265 0.244 0.275 

Locus 33 : 
2 alleles
3.6% missing data
   1   (0.762) 0.740 0.761 0.792 
   2   (0.238) 0.260 0.239 0.208 

Locus 34 : 
2 alleles
3.6% missing data
   1   (0.812) 0.823 0.786 0.834 
   2   (0.188) 0.177 0.214 0.166 

Locus 35 : 
2 alleles
3.8% missing data
   1   (0.868) 0.889 0.852 0.874 
   2   (0.132) 0.111 0.148 0.126 

Locus 36 : 
2 alleles
2.9% missing data
   1   (0.757) 0.760 0.754 0.766 
   2   (0.243) 0.240 0.246 0.234 

Locus 37 : 
2 alleles
2.2% missing data
   1   (0.741) 0.733 0.746 0.752 
   2   (0.259) 0.267 0.254 0.248 

Locus 38 : 
2 alleles
1.4% missing data
   1   (0.870) 0.844 0.885 0.889 
   2   (0.130) 0.156 0.115 0.111 

Locus 39 : 
2 alleles
3.2% missing data
   1   (0.705) 0.739 0.680 0.701 
   2   (0.295) 0.261 0.320 0.299 

Locus 40 : 
2 alleles
3.8% missing data
   1   (0.572) 0.551 0.570 0.596 
   2   (0.428) 0.449 0.430 0.404 

Locus 41 : 
2 alleles
3.4% missing data
   1   (0.880) 0.880 0.900 0.875 
   2   (0.120) 0.120 0.100 0.125 

Locus 42 : 
2 alleles
4.5% missing data
   2   (0.234) 0.180 0.227 0.292 
   1   (0.766) 0.820 0.773 0.708 

Locus 43 : 
2 alleles
2.0% missing data
   1   (0.819) 0.819 0.820 0.829 
   2   (0.181) 0.181 0.180 0.171 

Locus 44 : 
2 alleles
4.7% missing data
   1   (0.583) 0.571 0.592 0.588 
   2   (0.417) 0.429 0.408 0.412 

Locus 45 : 
2 alleles
3.2% missing data
   1   (0.871) 0.870 0.891 0.864 
   2   (0.129) 0.130 0.109 0.136 

Locus 46 : 
2 alleles
2.3% missing data
   1   (0.778) 0.791 0.786 0.765 
   2   (0.222) 0.209 0.214 0.235 

Locus 47 : 
2 alleles
4.5% missing data
   1   (0.886) 0.896 0.894 0.880 
   2   (0.114) 0.104 0.106 0.120 

Locus 48 : 
2 alleles
4.5% missing data
   1   (0.814) 0.823 0.816 0.815 
   2   (0.186) 0.177 0.184 0.185 

Locus 49 : 
2 alleles
4.5% missing data
   1   (0.817) 0.825 0.844 0.792 
   2   (0.183) 0.175 0.156 0.208 

Locus 50 : 
2 alleles
3.4% missing data
   1   (0.657) 0.660 0.639 0.677 
   2   (0.343) 0.340 0.361 0.323 

Locus 51 : 
2 alleles
1.4% missing data
   1   (0.601) 0.614 0.588 0.603 
   2   (0.399) 0.386 0.412 0.397 

Locus 52 : 
2 alleles
4.1% missing data
   1   (0.658) 0.663 0.661 0.655 
   2   (0.342) 0.337 0.339 0.345 

Locus 53 : 
2 alleles
4.5% missing data
   1   (0.851) 0.837 0.848 0.876 
   2   (0.149) 0.163 0.152 0.124 

Locus 54 : 
2 alleles
3.8% missing data
   1   (0.864) 0.876 0.872 0.857 
   2   (0.136) 0.124 0.128 0.143 

Locus 55 : 
2 alleles
3.2% missing data
   1   (0.881) 0.883 0.902 0.870 
   2   (0.119) 0.117 0.098 0.130 

Locus 56 : 
2 alleles
3.2% missing data
   1   (0.797) 0.805 0.797 0.797 
   2   (0.203) 0.195 0.203 0.203 

Locus 57 : 
2 alleles
4.5% missing data
   1   (0.663) 0.686 0.639 0.668 
   2   (0.337) 0.314 0.361 0.332 

Locus 58 : 
2 alleles
4.1% missing data
   1   (0.840) 0.856 0.819 0.851 
   2   (0.160) 0.144 0.181 0.149 

Locus 59 : 
2 alleles
4.8% missing data
   1   (0.819) 0.848 0.806 0.812 
   2   (0.181) 0.152 0.194 0.188 

Locus 60 : 
2 alleles
2.5% missing data
   1   (0.859) 0.853 0.856 0.880 
   2   (0.141) 0.147 0.144 0.120 

Locus 61 : 
2 alleles
3.9% missing data
   1   (0.777) 0.768 0.792 0.782 
   2   (0.223) 0.232 0.208 0.218 

Locus 62 : 
2 alleles
2.0% missing data
   1   (0.841) 0.812 0.862 0.857 
   2   (0.159) 0.188 0.138 0.143 

Locus 63 : 
2 alleles
4.1% missing data
   1   (0.757) 0.745 0.766 0.769 
   2   (0.243) 0.255 0.234 0.231 

Locus 64 : 
2 alleles
3.2% missing data
   1   (0.872) 0.897 0.860 0.867 
   2   (0.128) 0.103 0.140 0.133 

Locus 65 : 
2 alleles
2.7% missing data
   1   (0.869) 0.875 0.863 0.880 
   2   (0.131) 0.125 0.137 0.120 

Locus 66 : 
2 alleles
2.0% missing data
   1   (0.592) 0.620 0.560 0.598 
   2   (0.408) 0.380 0.440 0.402 

Locus 67 : 
2 alleles
4.8% missing data
   1   (0.785) 0.767 0.811 0.788 
   2   (0.215) 0.233 0.189 0.212 

Locus 68 : 
2 alleles
4.5% missing data
   1   (0.727) 0.712 0.724 0.750 
   2   (0.273) 0.288 0.276 0.250 

Locus 69 : 
2 alleles
2.9% missing data
   1   (0.593) 0.601 0.565 0.614 
   2   (0.407) 0.399 0.435 0.386 

Locus 70 : 
2 alleles
4.8% missing data
   1   (0.664) 0.644 0.693 0.660 
   2   (0.336) 0.356 0.307 0.340 

Locus 71 : 
2 alleles
4.1% missing data
   1   (0.820) 0.855 0.814 0.799 
   2   (0.180) 0.145 0.186 0.201 

Locus 72 : 
2 alleles
3.1% missing data
   1   (0.879) 0.890 0.891 0.869 
   2   (0.121) 0.110 0.109 0.131 

Locus 73 : 
2 alleles
4.5% missing data
   1   (0.732) 0.748 0.693 0.757 
   2   (0.268) 0.252 0.307 0.243 

Locus 74 : 
2 alleles
4.3% missing data
   1   (0.670) 0.692 0.651 0.671 
   2   (0.330) 0.308 0.349 0.329 

Locus 75 : 
2 alleles
2.0% missing data
   1   (0.893) 0.884 0.915 0.893 
   2   (0.107) 0.116 0.085 0.107 

Locus 76 : 
2 alleles
4.8% missing data
   2   (0.206) 0.221 0.228 0.166 
   1   (0.794) 0.779 0.772 0.834 

Locus 77 : 
2 alleles
2.0% missing data
   2   (0.268) 0.272 0.294 0.235 
   1   (0.732) 0.728 0.706 0.765 

Locus 78 : 
2 alleles
3.4% missing data
   1   (0.815) 0.830 0.838 0.786 
   2   (0.185) 0.170 0.162 0.214 

Locus 79 : 
2 alleles
4.8% missing data
   2   (0.255) 0.242 0.273 0.241 
   1   (0.745) 0.758 0.727 0.759 

Locus 80 : 
2 alleles
3.6% missing data
   1   (0.690) 0.723 0.695 0.659 
   2   (0.310) 0.277 0.305 0.341 

Locus 81 : 
2 alleles
2.2% missing data
   1   (0.806) 0.814 0.805 0.812 
   2   (0.194) 0.186 0.195 0.188 

Locus 82 : 
2 alleles
3.4% missing data
   1   (0.753) 0.769 0.720 0.774 
   2   (0.247) 0.231 0.280 0.226 

Locus 83 : 
2 alleles
4.8% missing data
   1   (0.701) 0.736 0.677 0.695 
   2   (0.299) 0.264 0.323 0.305 

Locus 84 : 
2 alleles
4.5% missing data
   1   (0.786) 0.805 0.761 0.799 
   2   (0.214) 0.195 0.239 0.201 

Locus 85 : 
2 alleles
3.2% missing data
   1   (0.765) 0.784 0.794 0.724 
   2   (0.235) 0.216 0.206 0.276 

Locus 86 : 
2 alleles
3.6% missing data
   1   (0.733) 0.709 0.721 0.774 
   2   (0.267) 0.291 0.279 0.226 

Locus 87 : 
2 alleles
2.7% missing data
   1   (0.880) 0.885 0.898 0.869 
   2   (0.120) 0.115 0.102 0.131 

Locus 88 : 
2 alleles
4.3% missing data
   1   (0.744) 0.734 0.752 0.756 
   2   (0.256) 0.266 0.248 0.244 

Locus 89 : 
2 alleles
3.9% missing data
   1   (0.772) 0.782 0.748 0.793 
   2   (0.228) 0.218 0.252 0.207 

Locus 90 : 
2 alleles
1.6% missing data
   1   (0.820) 0.824 0.800 0.843 
   2   (0.180) 0.176 0.200 0.157 

Locus 91 : 
2 alleles
4.8% missing data
   1   (0.879) 0.895 0.874 0.881 
   2   (0.121) 0.105 0.126 0.119 

Locus 92 : 
2 alleles
2.9% missing data
   1   (0.616) 0.621 0.588 0.640 
   2   (0.384) 0.379 0.412 0.360 

Locus 93 : 
2 alleles
3.6% missing data
   1   (0.766) 0.786 0.777 0.745 
   2   (0.234) 0.214 0.223 0.255 

Locus 94 : 
2 alleles
3.4% missing data
   1   (0.892) 0.892 0.905 0.893 
   2   (0.108) 0.108 0.095 0.107 

Locus 95 : 
2 alleles
3.9% missing data
   1   (0.667) 0.651 0.689 0.667 
   2   (0.333) 0.349 0.311 0.333 

Locus 96 : 
2 alleles
3.1% missing data
   1   (0.764) 0.780 0.763 0.758 
   2   (0.236) 0.220 0.237 0.242 

Locus 97 : 
2 alleles
0.9% missing data
   1   (0.837) 0.850 0.811 0.856 
   2   (0.163) 0.150 0.189 0.144 

Locus 98 : 
2 alleles
4.8% missing data
   1   (0.879) 0.876 0.881 0.893 
   2   (0.121) 0.124 0.119 0.107 

Locus 99 : 
2 alleles
3.2% missing data
   2   (0.386) 0.438 0.358 0.360 
   1   (0.614) 0.562 0.642 0.640 

Locus 100 : 
2 alleles
4.7% missing data
   1   (0.814) 0.820 0.830 0.802 
   2   (0.186) 0.180 0.170 0.198 

Locus 101 : 
2 alleles
2.3% missing data
   1   (0.785) 0.780 0.784 0.801 
   2   (0.215) 0.220 0.216 0.199 

Locus 102 : 
2 alleles
1.4% missing data
   1   (0.868) 0.873 0.867 0.878 
   2   (0.132) 0.127 0.133 0.122 

Locus 103 : 
2 alleles
3.4% missing data
   1   (0.655) 0.645 0.646 0.677 
   2   (0.345) 0.355 0.354 0.323 

Locus 104 : 
