

----------------------------------------------------
STRUCTURE by Pritchard, Stephens and Donnelly (2000)
     and Falush, Stephens and Pritchard (2003)
       Code by Pritchard, Falush and Hubisz
             Version 2.3.4 (Jul 2012)
----------------------------------------------------



Command line arguments:   /home/genobiwan/Documents/Programs/Structure/structure -m parameter_job_k7_r1 
Input File:    /media/genobiwan/Storage/Projets/Mackerel_NWA_2021/data_job_k7_r1

Run parameters:
   557 individuals
   3930 loci
   7 populations assumed
   100000 Burn-in period
   200000 Reps


--------------------------------------------
Proportion of membership of each pre-defined
 population in each of the 7 clusters

Given    Inferred Clusters                                   Number of
 Pop       1      2      3      4      5      6      7      Individuals

  1:     0.147  0.143  0.156  0.136  0.155  0.129  0.134       67
  2:     0.128  0.170  0.122  0.170  0.141  0.116  0.153       32
  3:     0.133  0.134  0.158  0.141  0.141  0.134  0.160       92
  4:     0.165  0.128  0.125  0.155  0.134  0.153  0.139       36
  5:     0.139  0.135  0.172  0.140  0.121  0.151  0.142       41
  6:     0.151  0.142  0.133  0.139  0.144  0.151  0.140      158
  7:     0.147  0.147  0.135  0.136  0.154  0.140  0.141       79
  8:     0.139  0.131  0.154  0.134  0.150  0.152  0.141       52
--------------------------------------------

Allele-freq. divergence among pops (Net nucleotide distance),
computed using point estimates of P.

      1       2       3       4       5       6       7      
 1      -    0.0059  0.0048  0.0055  0.0043  0.0059  0.0050  
 2   0.0059     -    0.0063  0.0063  0.0057  0.0076  0.0059  
 3   0.0048  0.0063     -    0.0056  0.0043  0.0064  0.0049  
 4   0.0055  0.0063  0.0056     -    0.0049  0.0061  0.0059  
 5   0.0043  0.0057  0.0043  0.0049     -    0.0051  0.0041  
 6   0.0059  0.0076  0.0064  0.0061  0.0051     -    0.0061  
 7   0.0050  0.0059  0.0049  0.0059  0.0041  0.0061     -    

Average distances (expected heterozygosity) between individuals in same cluster:
cluster  1  : 0.3106 
cluster  2  : 0.3089 
cluster  3  : 0.3086 
cluster  4  : 0.3113 
cluster  5  : 0.3134 
cluster  6  : 0.3067 
cluster  7  : 0.3091 

--------------------------------------------
Estimated Ln Prob of Data   = -2070394.2
Mean value of ln likelihood = -2059432.6
Variance of ln likelihood   = 21923.2
Mean value of alpha         = 1.6697

Mean value of Fst_1         = 0.0546
Mean value of Fst_2         = 0.0670
Mean value of Fst_3         = 0.0585
Mean value of Fst_4         = 0.0623
Mean value of Fst_5         = 0.0507
Mean value of Fst_6         = 0.0675
Mean value of Fst_7         = 0.0553


Inferred ancestry of individuals:
        Label (%Miss) Pop:  Inferred clusters
  1 NS_SS0963    (4)    1 :  0.221 0.070 0.185 0.146 0.161 0.066 0.151 
  2 NS_SS0983    (1)    1 :  0.083 0.038 0.100 0.201 0.305 0.174 0.098 
  3 NS_SS0719    (8)    1 :  0.175 0.103 0.093 0.157 0.160 0.120 0.192 
  4 NS_SS1001    (8)    1 :  0.084 0.274 0.170 0.130 0.076 0.102 0.164 
  5 NS_SS0936    (4)    1 :  0.220 0.161 0.217 0.179 0.051 0.097 0.075 
  6 NS_SS0955    (5)    1 :  0.135 0.047 0.206 0.156 0.138 0.156 0.163 
  7 NS_SS0944    (3)    1 :  0.088 0.112 0.268 0.104 0.070 0.196 0.161 
  8 NS_SS0945    (3)    1 :  0.138 0.260 0.140 0.069 0.103 0.204 0.087 
  9 NS_SS0922    (2)    1 :  0.154 0.268 0.098 0.136 0.114 0.077 0.154 
 10 NS_SS0929    (7)    1 :  0.160 0.075 0.182 0.169 0.141 0.171 0.103 
 11 NS_SS0956    (2)    1 :  0.092 0.179 0.101 0.103 0.123 0.068 0.334 
 12 NS_SS0906    (3)    1 :  0.132 0.097 0.266 0.104 0.130 0.176 0.095 
 13 NS_SS0721    (6)    1 :  0.128 0.072 0.066 0.146 0.198 0.087 0.303 
 14 NS_SS0982    (4)    1 :  0.137 0.117 0.186 0.093 0.232 0.081 0.154 
 15 NS_SS0923    (5)    1 :  0.129 0.187 0.161 0.136 0.185 0.094 0.107 
 16 NS_SS0905    (6)    1 :  0.053 0.151 0.148 0.129 0.356 0.089 0.075 
 17 NS_SS0925    (3)    1 :  0.099 0.092 0.223 0.272 0.119 0.053 0.142 
 18 NS_SS0947    (5)    1 :  0.166 0.155 0.208 0.199 0.061 0.105 0.107 
 19 NS_SS0926    (2)    1 :  0.262 0.070 0.110 0.057 0.154 0.268 0.079 
 20 NS_SS0918    (6)    1 :  0.131 0.130 0.380 0.058 0.116 0.073 0.112 
 21 NS_SS0966    (4)    1 :  0.161 0.131 0.241 0.148 0.153 0.074 0.092 
 22 NS_SS0938    (2)    1 :  0.383 0.177 0.087 0.121 0.059 0.080 0.094 
 23 NS_SS0917    (2)    1 :  0.142 0.135 0.050 0.234 0.146 0.180 0.112 
 24 NS_SS0957   (11)    1 :  0.137 0.145 0.121 0.092 0.148 0.110 0.246 
 25 NS_SS0987    (1)    1 :  0.089 0.103 0.107 0.058 0.266 0.097 0.279 
 26 NS_SS0717    (4)    1 :  0.049 0.264 0.151 0.109 0.217 0.070 0.140 
 27 NS_SS0986    (2)    1 :  0.151 0.118 0.135 0.045 0.185 0.173 0.192 
 28 NS_SS0953    (4)    1 :  0.048 0.160 0.291 0.182 0.109 0.084 0.127 
 29 NS_SS0907    (3)    1 :  0.089 0.094 0.295 0.122 0.215 0.110 0.075 
 30 NS_SS0974    (6)    1 :  0.095 0.157 0.198 0.231 0.076 0.169 0.075 
 31 NS_SS0989    (1)    1 :  0.236 0.067 0.054 0.227 0.103 0.216 0.097 
 32 NS_SS0991    (2)    1 :  0.059 0.055 0.232 0.050 0.247 0.162 0.194 
 33 NS_SS0994    (2)    1 :  0.088 0.151 0.087 0.102 0.117 0.388 0.067 
 34 NS_SS0931    (6)    1 :  0.185 0.064 0.141 0.058 0.223 0.204 0.125 
 35 NS_SS1000    (5)    1 :  0.148 0.278 0.196 0.099 0.077 0.118 0.084 
 36 NS_SS0919    (1)    1 :  0.201 0.058 0.135 0.116 0.325 0.110 0.055 
 37 NS_SS0949    (3)    1 :  0.152 0.068 0.072 0.231 0.112 0.200 0.164 
 38 NS_SS0960   (10)    1 :  0.091 0.077 0.166 0.171 0.181 0.173 0.141 
 39 NS_SS0716    (2)    1 :  0.069 0.361 0.046 0.049 0.202 0.091 0.184 
 40 NS_SS0924    (8)    1 :  0.113 0.060 0.157 0.188 0.253 0.108 0.122 
 41 NS_SS0935    (1)    1 :  0.054 0.081 0.116 0.120 0.297 0.190 0.142 
 42 NS_SS0952   (13)    1 :  0.122 0.082 0.190 0.110 0.234 0.196 0.066 
 43 NS_SS0962   (10)    1 :  0.292 0.199 0.101 0.062 0.141 0.093 0.112 
 44 NS_SS0973    (5)    1 :  0.078 0.063 0.231 0.289 0.124 0.090 0.125 
 45 NS_SS0722    (1)    1 :  0.067 0.359 0.229 0.124 0.065 0.071 0.084 
 46 NS_SS0979   (13)    1 :  0.156 0.165 0.154 0.077 0.175 0.078 0.194 
 47 NS_SS0993    (2)    1 :  0.126 0.142 0.224 0.200 0.121 0.059 0.129 
 48 NS_SS0958    (1)    1 :  0.110 0.168 0.137 0.087 0.147 0.258 0.093 
 49 NS_SS0988    (4)    1 :  0.237 0.089 0.178 0.066 0.215 0.135 0.080 
 50 NS_SS1003    (2)    1 :  0.381 0.058 0.112 0.056 0.121 0.053 0.220 
 51 NS_SS0976    (0)    1 :  0.268 0.064 0.176 0.077 0.095 0.204 0.117 
 52 NS_SS0964   (10)    1 :  0.067 0.320 0.108 0.123 0.122 0.069 0.191 
 53 NS_SS0939    (4)    1 :  0.157 0.350 0.042 0.069 0.093 0.067 0.223 
 54 NS_SS0990    (6)    1 :  0.266 0.217 0.062 0.051 0.095 0.196 0.113 
 55 NS_SS0984    (2)    1 :  0.175 0.301 0.131 0.132 0.123 0.063 0.076 
 56 NS_SS0980    (9)    1 :  0.075 0.134 0.223 0.338 0.093 0.073 0.065 
 57 NS_SS0978    (4)    1 :  0.149 0.208 0.172 0.139 0.120 0.115 0.096 
 58 NS_SS0951   (17)    1 :  0.055 0.090 0.205 0.054 0.221 0.169 0.206 
 59 NS_SS0913    (3)    1 :  0.095 0.242 0.125 0.075 0.111 0.112 0.240 
 60 NS_SS1002    (1)    1 :  0.411 0.087 0.196 0.088 0.093 0.067 0.059 
 61 NS_SS0948    (1)    1 :  0.139 0.110 0.228 0.102 0.186 0.137 0.098 
 62 NS_SS0916    (4)    1 :  0.153 0.096 0.063 0.365 0.101 0.119 0.102 
 63 NS_SS0995    (1)    1 :  0.103 0.123 0.081 0.347 0.155 0.069 0.121 
 64 NS_SS0927    (6)    1 :  0.111 0.122 0.064 0.209 0.271 0.161 0.063 
 65 NS_SS0992    (5)    1 :  0.199 0.124 0.110 0.265 0.065 0.155 0.083 
 66 NS_SS0912    (1)    1 :  0.141 0.087 0.123 0.045 0.206 0.172 0.226 
 67 NS_SS0981    (1)    1 :  0.215 0.101 0.199 0.055 0.208 0.067 0.155 
 68 NS_SS0729    (5)    2 :  0.090 0.055 0.140 0.325 0.079 0.256 0.054 
 69 NS_SS0967   (14)    2 :  0.203 0.098 0.192 0.170 0.174 0.068 0.095 
 70 NS_SS0941    (7)    2 :  0.173 0.215 0.085 0.170 0.117 0.102 0.138 
 71 NS_SS0768   (12)    2 :  0.132 0.125 0.149 0.070 0.124 0.114 0.285 
 72 NS_SS0726    (4)    2 :  0.208 0.068 0.099 0.327 0.070 0.159 0.070 
 73 NS_SS0763    (4)    2 :  0.102 0.153 0.134 0.140 0.185 0.188 0.098 
 74 NS_SS0730    (6)    2 :  0.170 0.202 0.089 0.156 0.187 0.080 0.116 
 75 NS_SS0774    (1)    2 :  0.140 0.257 0.162 0.249 0.059 0.062 0.071 
 76 NS_SS0723    (3)    2 :  0.176 0.143 0.146 0.211 0.159 0.042 0.123 
 77 NS_SS0940    (9)    2 :  0.175 0.174 0.072 0.171 0.112 0.162 0.135 
 78 NS_SS0762    (1)    2 :  0.068 0.364 0.147 0.140 0.109 0.054 0.118 
 79 NS_SS0766   (11)    2 :  0.081 0.270 0.056 0.151 0.182 0.130 0.130 
 80 NS_SS0724    (1)    2 :  0.088 0.133 0.192 0.128 0.177 0.078 0.204 
 81 NS_SS0769    (3)    2 :  0.159 0.168 0.101 0.090 0.266 0.095 0.121 
 82 NS_SS0777    (2)    2 :  0.135 0.093 0.138 0.060 0.274 0.181 0.119 
 83 NS_SS0734    (6)    2 :  0.103 0.150 0.085 0.130 0.124 0.172 0.237 
 84 NS_SS0737    (3)    2 :  0.131 0.331 0.084 0.226 0.063 0.065 0.100 
 85 NS_SS0732    (5)    2 :  0.064 0.091 0.141 0.166 0.227 0.052 0.260 
 86 NS_SS0728    (5)    2 :  0.124 0.145 0.087 0.256 0.107 0.098 0.183 
 87 NS_SS0735    (9)    2 :  0.056 0.193 0.152 0.236 0.084 0.079 0.200 
 88 NS_SS0725    (1)    2 :  0.213 0.273 0.108 0.072 0.058 0.095 0.180 
 89 NS_SS0788    (2)    2 :  0.257 0.085 0.080 0.170 0.211 0.102 0.096 
 90 NS_SS0778    (2)    2 :  0.204 0.063 0.085 0.151 0.268 0.115 0.114 
 91 NS_SS0792    (6)    2 :  0.073 0.075 0.131 0.256 0.130 0.115 0.221 
 92 NS_SS0943   (11)    2 :  0.073 0.056 0.268 0.085 0.083 0.256 0.178 
 93 NS_SS0791    (2)    2 :  0.095 0.082 0.060 0.321 0.086 0.142 0.214 
 94 NS_SS0790    (5)    2 :  0.081 0.193 0.220 0.079 0.115 0.038 0.275 
 95 NS_SS0731    (6)    2 :  0.083 0.210 0.098 0.055 0.189 0.075 0.289 
 96 NS_SS0727    (6)    2 :  0.051 0.231 0.085 0.280 0.061 0.206 0.085 
 97 NS_SS0779   (12)    2 :  0.134 0.122 0.125 0.144 0.248 0.100 0.128 
 98 NS_SS0776    (3)    2 :  0.151 0.274 0.091 0.102 0.105 0.147 0.130 
 99 NS_SS0775    (5)    2 :  0.098 0.339 0.093 0.167 0.086 0.073 0.144 
100 NS_SS0965    (3)    3 :  0.160 0.070 0.144 0.105 0.221 0.072 0.228 
101 NS_SS0754   (13)    3 :  0.100 0.059 0.083 0.208 0.106 0.179 0.265 
102 NS_SS0838    (5)    3 :  0.186 0.165 0.144 0.141 0.098 0.150 0.116 
103 NS_SS0839    (3)    3 :  0.174 0.233 0.121 0.161 0.082 0.063 0.166 
104 NS_SS0832    (4)    3 :  0.134 0.151 0.258 0.093 0.152 0.050 0.162 
105 NS_SS0820    (4)    3 :  0.214 0.100 0.112 0.122 0.190 0.046 0.215 
106 NS_SS0886    (9)    3 :  0.147 0.102 0.093 0.142 0.167 0.166 0.184 
107 NS_SS0748    (5)    3 :  0.127 0.085 0.223 0.093 0.212 0.139 0.121 
108 NS_SS0884    (9)    3 :  0.123 0.120 0.156 0.206 0.132 0.132 0.132 
109 NS_SS0752    (3)    3 :  0.135 0.193 0.133 0.219 0.092 0.112 0.116 
110 NS_SS0862    (1)    3 :  0.082 0.070 0.160 0.189 0.116 0.050 0.333 
111 NS_SS0787    (9)    3 :  0.102 0.094 0.104 0.086 0.124 0.388 0.102 
112 NS_SS0843    (6)    3 :  0.079 0.109 0.146 0.190 0.238 0.084 0.153 
113 NS_SS0856    (4)    3 :  0.134 0.238 0.050 0.238 0.115 0.120 0.104 
114 NS_SS0846    (2)    3 :  0.155 0.094 0.242 0.185 0.125 0.140 0.059 
115 NS_SS0825    (1)    3 :  0.309 0.062 0.107 0.079 0.100 0.121 0.221 
116 NS_SS0757    (3)    3 :  0.107 0.079 0.176 0.098 0.178 0.152 0.211 
117 NS_SS0876    (3)    3 :  0.102 0.182 0.167 0.156 0.117 0.102 0.175 
118 NS_SS0903    (9)    3 :  0.105 0.102 0.229 0.378 0.069 0.052 0.064 
119 NS_SS0875    (7)    3 :  0.164 0.217 0.106 0.078 0.185 0.119 0.131 
120 NS_SS0740    (5)    3 :  0.079 0.159 0.170 0.147 0.201 0.091 0.154 
121 NS_SS0811    (5)    3 :  0.077 0.200 0.133 0.086 0.129 0.062 0.312 
122 NS_SS0751    (1)    3 :  0.209 0.242 0.081 0.107 0.154 0.113 0.093 
123 NS_SS0891    (6)    3 :  0.210 0.235 0.122 0.091 0.082 0.128 0.132 
124 NS_SS0867    (2)    3 :  0.119 0.039 0.291 0.103 0.135 0.145 0.167 
125 NS_SS0890    (6)    3 :  0.115 0.131 0.165 0.203 0.206 0.092 0.089 
126 NS_SS0866   (11)    3 :  0.118 0.098 0.096 0.116 0.062 0.382 0.127 
127 NS_SS0755    (4)    3 :  0.127 0.119 0.196 0.128 0.117 0.092 0.222 
128 NS_SS0758    (4)    3 :  0.116 0.150 0.148 0.242 0.138 0.106 0.100 
129 NS_SS0840    (2)    3 :  0.239 0.156 0.209 0.109 0.089 0.052 0.146 
130 NS_SS0889    (4)    3 :  0.093 0.085 0.126 0.077 0.081 0.289 0.249 
131 NS_SS1010    (1)    3 :  0.191 0.137 0.139 0.106 0.228 0.102 0.095 
132 NS_SS0888    (5)    3 :  0.051 0.101 0.066 0.291 0.069 0.268 0.154 
133 NS_SS0837    (3)    3 :  0.082 0.099 0.213 0.108 0.143 0.066 0.288 
134 NS_SS0794    (9)    3 :  0.052 0.184 0.097 0.165 0.085 0.277 0.140 
135 NS_SS0823    (4)    3 :  0.137 0.169 0.306 0.120 0.078 0.084 0.105 
136 NS_SS0829    (7)    3 :  0.067 0.057 0.204 0.059 0.103 0.309 0.201 
137 NS_SS0844    (5)    3 :  0.064 0.054 0.442 0.193 0.105 0.038 0.103 
138 NS_SS1008    (5)    3 :  0.074 0.246 0.113 0.124 0.099 0.239 0.104 
139 NS_SS0881    (3)    3 :  0.279 0.117 0.084 0.089 0.146 0.168 0.117 
140 NS_SS0834    (6)    3 :  0.224 0.298 0.120 0.096 0.065 0.079 0.118 
141 NS_SS0744   (10)    3 :  0.177 0.069 0.144 0.226 0.087 0.120 0.176 
142 NS_SS0899    (7)    3 :  0.076 0.202 0.212 0.058 0.136 0.075 0.240 
143 NS_SS0804    (4)    3 :  0.143 0.134 0.170 0.130 0.176 0.041 0.207 
144 NS_SS0781   (10)    3 :  0.226 0.171 0.215 0.080 0.173 0.051 0.084 
145 NS_SS0822    (6)    3 :  0.069 0.149 0.217 0.174 0.079 0.160 0.152 
146 NS_SS1004    (4)    3 :  0.119 0.102 0.238 0.134 0.187 0.081 0.139 
147 NS_SS0746    (5)    3 :  0.120 0.128 0.288 0.091 0.122 0.164 0.088 
148 NS_SS0880    (3)    3 :  0.188 0.146 0.236 0.130 0.060 0.089 0.150 
149 NS_SS0879    (4)    3 :  0.104 0.211 0.175 0.119 0.065 0.135 0.192 
150 NS_SS0753    (2)    3 :  0.069 0.068 0.183 0.112 0.229 0.188 0.150 
151 NS_SS1007    (2)    3 :  0.160 0.198 0.054 0.295 0.138 0.097 0.058 
152 NS_SS0872    (5)    3 :  0.145 0.190 0.152 0.183 0.144 0.080 0.105 
153 NS_SS1005    (7)    3 :  0.165 0.168 0.271 0.100 0.124 0.089 0.083 
154 NS_SS0892    (6)    3 :  0.126 0.169 0.131 0.093 0.230 0.120 0.132 
155 NS_SS0898    (0)    3 :  0.123 0.124 0.164 0.099 0.154 0.191 0.144 
156 NS_SS0801    (9)    3 :  0.096 0.100 0.178 0.076 0.225 0.117 0.208 
157 NS_SS0827    (8)    3 :  0.075 0.111 0.075 0.063 0.482 0.098 0.095 
158 NS_SS0853    (6)    3 :  0.054 0.147 0.093 0.107 0.283 0.131 0.185 
159 NS_SS0780    (2)    3 :  0.204 0.149 0.106 0.126 0.175 0.070 0.170 
160 NS_SS0826   (10)    3 :  0.311 0.055 0.237 0.052 0.097 0.143 0.104 
161 NS_SS0818    (5)    3 :  0.181 0.199 0.133 0.145 0.156 0.060 0.125 
162 NS_SS0745    (1)    3 :  0.121 0.469 0.045 0.031 0.068 0.076 0.191 
163 NS_SS0849    (3)    3 :  0.127 0.089 0.128 0.048 0.171 0.075 0.362 
164 NS_SS0739    (3)    3 :  0.204 0.119 0.053 0.177 0.181 0.090 0.173 
165 NS_SS0799    (1)    3 :  0.043 0.114 0.106 0.314 0.174 0.138 0.111 
166 NS_SS0756    (2)    3 :  0.198 0.101 0.297 0.078 0.135 0.067 0.124 
167 NS_SS0802    (2)    3 :  0.189 0.112 0.090 0.175 0.223 0.145 0.067 
168 NS_SS0747    (6)    3 :  0.168 0.101 0.211 0.160 0.165 0.100 0.095 
169 NS_SS0835    (1)    3 :  0.108 0.082 0.090 0.163 0.252 0.248 0.058 
170 NS_SS0742   (18)    3 :  0.154 0.094 0.155 0.237 0.151 0.060 0.149 
171 NS_SS0760    (9)    3 :  0.106 0.119 0.141 0.095 0.134 0.319 0.086 
172 NS_SS0803    (4)    3 :  0.048 0.072 0.372 0.314 0.063 0.045 0.086 
173 NS_SS0828   (13)    3 :  0.096 0.126 0.102 0.134 0.231 0.112 0.198 
174 NS_SS0865    (2)    3 :  0.201 0.052 0.151 0.119 0.082 0.127 0.269 
175 NS_SS0759    (4)    3 :  0.116 0.231 0.141 0.119 0.139 0.075 0.180 
176 NS_SS0851    (5)    3 :  0.122 0.155 0.084 0.041 0.079 0.074 0.445 
177 NS_SS0874   (16)    3 :  0.088 0.141 0.327 0.125 0.157 0.070 0.092 
178 NS_SS0761    (6)    3 :  0.140 0.048 0.177 0.090 0.133 0.238 0.174 
179 NS_SS0842   (25)    3 :  0.098 0.180 0.166 0.120 0.110 0.217 0.108 
180 NS_SS0785    (6)    3 :  0.087 0.096 0.189 0.202 0.131 0.155 0.139 
181 NS_SS0860   (11)    3 :  0.093 0.084 0.127 0.136 0.185 0.298 0.077 
182 NS_SS0897    (7)    3 :  0.068 0.094 0.096 0.109 0.100 0.351 0.182 
183 NS_SS0841   (14)    3 :  0.097 0.228 0.148 0.072 0.124 0.073 0.258 
184 NS_SS0797    (6)    3 :  0.157 0.065 0.122 0.082 0.172 0.174 0.227 
185 NS_SS0830   (10)    3 :  0.166 0.101 0.131 0.112 0.142 0.147 0.201 
186 NS_SS1011    (5)    3 :  0.321 0.068 0.183 0.107 0.086 0.072 0.163 
187 NS_SS0883    (5)    3 :  0.063 0.078 0.123 0.201 0.184 0.137 0.215 
188 NS_SS0782    (2)    3 :  0.086 0.210 0.119 0.232 0.069 0.171 0.114 
189 NS_SS0831    (5)    3 :  0.074 0.070 0.110 0.104 0.088 0.258 0.297 
190 NS_SS0749    (7)    3 :  0.117 0.114 0.076 0.196 0.101 0.149 0.247 
191 NS_SS0854    (2)    3 :  0.078 0.150 0.097 0.325 0.097 0.113 0.140 
192 HI_SS0193    (0)    4 :  0.143 0.149 0.070 0.129 0.057 0.232 0.220 
193 HI_SS0194    (0)    4 :  0.258 0.289 0.109 0.064 0.059 0.139 0.082 
194 HI_SS0195    (9)    4 :  0.210 0.157 0.062 0.101 0.132 0.045 0.292 
195 HI_SS0196    (6)    4 :  0.101 0.230 0.108 0.210 0.062 0.171 0.118 
196 HI_SS0197    (3)    4 :  0.500 0.090 0.067 0.085 0.123 0.080 0.055 
197 HI_SS0198    (1)    4 :  0.115 0.090 0.085 0.167 0.159 0.140 0.244 
198 HI_SS0199    (1)    4 :  0.071 0.145 0.087 0.345 0.083 0.172 0.096 
199 HI_SS0201    (4)    4 :  0.081 0.037 0.162 0.123 0.219 0.222 0.156 
200 HI_SS0215    (1)    4 :  0.119 0.054 0.124 0.112 0.260 0.209 0.122 
201 HI_SS0218    (1)    4 :  0.060 0.117 0.063 0.178 0.063 0.331 0.188 
202 HI_SS0222    (0)    4 :  0.177 0.168 0.054 0.151 0.102 0.136 0.212 
203 HI_SS0230    (1)    4 :  0.211 0.121 0.124 0.049 0.340 0.077 0.077 
204 HI_SS0234    (1)    4 :  0.200 0.093 0.111 0.338 0.118 0.084 0.055 
205 HI_SS0240    (1)    4 :  0.095 0.196 0.066 0.361 0.085 0.078 0.120 
206 HI_SS0241    (0)    4 :  0.126 0.077 0.116 0.161 0.212 0.189 0.119 
207 HI_SS0242    (0)    4 :  0.114 0.090 0.222 0.145 0.099 0.155 0.176 
208 HI_SS0247    (0)    4 :  0.180 0.093 0.352 0.054 0.090 0.109 0.122 
209 HI_SS0248    (1)    4 :  0.042 0.181 0.151 0.203 0.129 0.234 0.060 
210 HI_SS0252    (2)    4 :  0.085 0.205 0.176 0.172 0.064 0.091 0.206 
211 HI_SS0254    (1)    4 :  0.236 0.078 0.133 0.148 0.210 0.131 0.065 
212 HI_SS0256    (0)    4 :  0.164 0.190 0.201 0.148 0.139 0.028 0.129 
213 HI_SS0257    (0)    4 :  0.146 0.058 0.216 0.189 0.110 0.231 0.050 
214 HI_SS0258    (1)    4 :  0.084 0.113 0.133 0.120 0.175 0.256 0.118 
215 HI_SS0259    (1)    4 :  0.316 0.172 0.074 0.124 0.082 0.088 0.143 
216 HI_SS0260    (1)    4 :  0.073 0.204 0.081 0.190 0.123 0.245 0.085 
217 HI_SS0261    (2)    4 :  0.255 0.114 0.204 0.095 0.095 0.169 0.068 
218 HI_SS0262    (0)    4 :  0.112 0.118 0.087 0.210 0.128 0.088 0.255 
219 HI_SS0264    (1)    4 :  0.194 0.225 0.116 0.043 0.195 0.111 0.115 
220 HI_SS0265    (0)    4 :  0.211 0.099 0.090 0.110 0.193 0.087 0.210 
221 HI_SS0268    (1)    4 :  0.215 0.176 0.041 0.080 0.246 0.135 0.108 
222 HI_SS0269    (1)    4 :  0.145 0.045 0.107 0.285 0.082 0.277 0.059 
223 HI_SS0273    (0)    4 :  0.142 0.075 0.204 0.117 0.102 0.244 0.116 
224 HI_SS0277    (1)    4 :  0.413 0.048 0.131 0.122 0.106 0.078 0.103 
225 HI_SS0280    (0)    4 :  0.132 0.180 0.058 0.114 0.088 0.146 0.283 
226 HI_SS0282    (1)    4 :  0.089 0.078 0.231 0.140 0.087 0.197 0.177 
227 HI_SS0286    (1)    4 :  0.117 0.053 0.074 0.216 0.216 0.113 0.210 
228 NS_SS1252    (3)    5 :  0.054 0.083 0.155 0.149 0.116 0.343 0.101 
229 NS_SS1261    (1)    5 :  0.166 0.101 0.149 0.212 0.129 0.125 0.118 
230 NS_SS1225    (9)    5 :  0.109 0.063 0.342 0.090 0.166 0.159 0.072 
231 NS_SS1266    (1)    5 :  0.100 0.109 0.406 0.121 0.087 0.046 0.130 
232 NS_SS1228    (0)    5 :  0.125 0.119 0.089 0.139 0.089 0.091 0.348 
233 NS_SS1255    (2)    5 :  0.079 0.380 0.127 0.130 0.038 0.166 0.079 
234 NS_SS1267    (3)    5 :  0.094 0.058 0.052 0.147 0.222 0.301 0.125 
235 NS_SS1238    (6)    5 :  0.274 0.127 0.090 0.074 0.086 0.186 0.164 
236 NS_SS1233    (8)    5 :  0.116 0.177 0.412 0.034 0.091 0.080 0.091 
237 NS_SS1277    (3)    5 :  0.095 0.192 0.059 0.213 0.098 0.210 0.132 
238 NS_SS1245    (1)    5 :  0.137 0.139 0.251 0.109 0.133 0.161 0.071 
239 NS_SS1240    (4)    5 :  0.121 0.067 0.065 0.143 0.274 0.280 0.050 
240 NS_SS1275    (2)    5 :  0.363 0.098 0.125 0.103 0.057 0.049 0.205 
241 NS_SS1235    (1)    5 :  0.146 0.167 0.197 0.262 0.083 0.102 0.043 
242 NS_SS1263    (1)    5 :  0.086 0.269 0.317 0.081 0.079 0.075 0.093 
243 NS_SS1251    (1)    5 :  0.147 0.162 0.308 0.083 0.145 0.072 0.084 
244 NS_SS1248    (0)    5 :  0.119 0.091 0.081 0.038 0.124 0.143 0.405 
245 NS_SS1244    (0)    5 :  0.342 0.042 0.176 0.135 0.060 0.110 0.134 
246 NS_SS1257    (0)    5 :  0.084 0.123 0.108 0.167 0.158 0.234 0.126 
247 NS_SS1242    (2)    5 :  0.135 0.308 0.164 0.071 0.098 0.095 0.129 
248 NS_SS1271    (6)    5 :  0.095 0.051 0.070 0.242 0.103 0.298 0.142 
249 NS_SS1265    (1)    5 :  0.156 0.109 0.143 0.055 0.169 0.281 0.088 
250 NS_SS1243    (0)    5 :  0.065 0.234 0.097 0.096 0.137 0.101 0.269 
251 NS_SS1273    (1)    5 :  0.126 0.351 0.167 0.074 0.094 0.077 0.111 
252 NS_SS1254   (14)    5 :  0.073 0.172 0.347 0.097 0.125 0.086 0.099 
253 NS_SS1224    (1)    5 :  0.096 0.133 0.261 0.117 0.081 0.078 0.233 
254 NS_SS1227    (8)    5 :  0.132 0.102 0.067 0.158 0.343 0.148 0.050 
255 NS_SS1274    (8)    5 :  0.117 0.135 0.129 0.184 0.110 0.184 0.142 
256 NS_SS1241    (1)    5 :  0.112 0.078 0.186 0.185 0.104 0.169 0.165 
257 NS_SS1256    (3)    5 :  0.183 0.102 0.283 0.070 0.123 0.178 0.062 
258 NS_SS1260    (8)    5 :  0.077 0.079 0.110 0.300 0.106 0.228 0.100 
259 NS_SS1262    (0)    5 :  0.139 0.054 0.212 0.148 0.130 0.146 0.171 
260 NS_SS1230    (0)    5 :  0.119 0.178 0.159 0.074 0.110 0.219 0.141 
261 NS_SS1270    (2)    5 :  0.124 0.075 0.244 0.053 0.141 0.078 0.285 
262 NS_SS1229    (2)    5 :  0.250 0.149 0.122 0.301 0.060 0.067 0.051 
263 NS_SS1246    (5)    5 :  0.260 0.079 0.071 0.240 0.070 0.192 0.087 
264 NS_SS1269    (0)    5 :  0.121 0.172 0.147 0.136 0.136 0.106 0.182 
265 NS_SS1239    (1)    5 :  0.065 0.125 0.066 0.335 0.092 0.055 0.262 
266 NS_SS1272    (4)    5 :  0.387 0.072 0.130 0.074 0.187 0.074 0.077 
267 NS_SS1268    (1)    5 :  0.057 0.107 0.248 0.047 0.162 0.074 0.304 
268 NS_SS1249    (0)    5 :  0.064 0.085 0.120 0.251 0.046 0.324 0.109 
269 HI_SS0559    (0)    6 :  0.054 0.179 0.130 0.121 0.156 0.150 0.211 
270 HI_SS0563    (1)    6 :  0.157 0.077 0.185 0.250 0.100 0.107 0.124 
271 HI_SS0564    (0)    6 :  0.231 0.097 0.166 0.129 0.121 0.099 0.158 
272 HI_SS0565    (0)    6 :  0.192 0.086 0.137 0.089 0.281 0.152 0.064 
273 HI_SS0569    (0)    6 :  0.086 0.046 0.252 0.068 0.285 0.184 0.079 
274 HI_SS0570    (0)    6 :  0.133 0.104 0.054 0.141 0.120 0.270 0.178 
275 HI_SS0572    (1)    6 :  0.114 0.245 0.134 0.259 0.104 0.066 0.079 
276 HI_SS0576    (0)    6 :  0.155 0.185 0.101 0.103 0.123 0.083 0.251 
277 HI_SS0579    (1)    6 :  0.057 0.070 0.312 0.193 0.159 0.141 0.068 
278 HI_SS0580    (1)    6 :  0.069 0.207 0.099 0.170 0.136 0.200 0.119 
279 HI_SS0581    (0)    6 :  0.319 0.095 0.074 0.092 0.089 0.061 0.270 
280 HI_SS0583    (1)    6 :  0.079 0.173 0.141 0.119 0.252 0.192 0.044 
281 HI_SS0586    (1)    6 :  0.070 0.096 0.063 0.060 0.328 0.285 0.097 
282 HI_SS0588    (1)    6 :  0.058 0.097 0.167 0.147 0.310 0.134 0.087 
283 HI_SS0595    (4)    6 :  0.286 0.110 0.090 0.107 0.178 0.177 0.052 
284 HI_SS0596    (0)    6 :  0.065 0.362 0.135 0.196 0.103 0.069 0.071 
285 HI_SS0597    (1)    6 :  0.216 0.237 0.146 0.110 0.130 0.094 0.068 
286 HI_SS0600    (0)    6 :  0.152 0.061 0.082 0.308 0.123 0.131 0.145 
287 HI_SS0601    (1)    6 :  0.154 0.036 0.207 0.157 0.226 0.088 0.131 
288 HI_SS0602    (1)    6 :  0.052 0.148 0.059 0.066 0.373 0.168 0.134 
289 HI_SS0604    (0)    6 :  0.070 0.159 0.201 0.072 0.176 0.117 0.205 
290 HI_SS0605    (1)    6 :  0.064 0.073 0.088 0.199 0.120 0.144 0.311 
291 HI_SS0608    (0)    6 :  0.111 0.264 0.077 0.083 0.230 0.124 0.111 
292 HI_SS0609    (0)    6 :  0.139 0.171 0.292 0.106 0.157 0.082 0.054 
293 HI_SS0611    (5)    6 :  0.062 0.099 0.073 0.096 0.201 0.212 0.256 
294 HI_SS0612    (1)    6 :  0.079 0.068 0.374 0.257 0.055 0.126 0.042 
295 HI_SS0613    (1)    6 :  0.070 0.113 0.114 0.073 0.142 0.105 0.383 
296 HI_SS0615    (0)    6 :  0.178 0.206 0.080 0.211 0.108 0.053 0.164 
297 HI_SS0001    (1)    6 :  0.206 0.200 0.095 0.155 0.067 0.190 0.088 
298 HI_SS0002    (1)    6 :  0.133 0.179 0.241 0.094 0.221 0.059 0.073 
299 HI_SS0004    (0)    6 :  0.105 0.197 0.072 0.115 0.108 0.262 0.142 
300 HI_SS0005    (1)    6 :  0.158 0.115 0.068 0.082 0.165 0.095 0.317 
301 HI_SS0006    (1)    6 :  0.160 0.082 0.227 0.116 0.119 0.213 0.082 
302 HI_SS0007    (1)    6 :  0.054 0.092 0.062 0.131 0.074 0.214 0.373 
303 HI_SS0008    (0)    6 :  0.155 0.084 0.105 0.103 0.367 0.072 0.113 
304 HI_SS0009    (0)    6 :  0.049 0.203 0.097 0.188 0.180 0.069 0.214 
305 HI_SS0010    (1)    6 :  0.121 0.119 0.104 0.105 0.270 0.143 0.138 
306 HI_SS0011    (1)    6 :  0.249 0.087 0.315 0.039 0.073 0.109 0.129 
307 HI_SS0012    (0)    6 :  0.159 0.074 0.068 0.304 0.256 0.038 0.100 
308 HI_SS0017    (1)    6 :  0.177 0.324 0.099 0.117 0.057 0.104 0.122 
309 HI_SS0021    (1)    6 :  0.161 0.138 0.082 0.070 0.274 0.214 0.062 
310 HI_SS0024    (1)    6 :  0.243 0.168 0.068 0.171 0.071 0.077 0.201 
311 HI_SS0025    (1)    6 :  0.068 0.302 0.164 0.114 0.082 0.098 0.172 
312 HI_SS0027    (0)    6 :  0.053 0.098 0.202 0.117 0.185 0.183 0.161 
313 HI_SS0028    (0)    6 :  0.233 0.179 0.061 0.043 0.287 0.040 0.156 
314 HI_SS0029    (1)    6 :  0.166 0.269 0.056 0.170 0.072 0.186 0.080 
315 HI_SS0030    (2)    6 :  0.132 0.102 0.132 0.208 0.094 0.145 0.186 
316 HI_SS0031    (0)    6 :  0.163 0.107 0.120 0.256 0.236 0.064 0.054 
317 HI_SS0034    (0)    6 :  0.082 0.089 0.205 0.167 0.074 0.259 0.123 
318 HI_SS0036    (0)    6 :  0.254 0.068 0.032 0.092 0.112 0.279 0.163 
319 HI_SS0037    (1)    6 :  0.062 0.122 0.120 0.065 0.175 0.287 0.169 
320 HI_SS0039    (0)    6 :  0.137 0.104 0.071 0.075 0.119 0.228 0.266 
321 HI_SS0041    (1)    6 :  0.155 0.167 0.064 0.106 0.095 0.091 0.322 
322 HI_SS0042    (1)    6 :  0.254 0.197 0.144 0.098 0.115 0.070 0.122 
323 HI_SS0043    (1)    6 :  0.193 0.045 0.081 0.129 0.138 0.308 0.105 
324 HI_SS0044    (1)    6 :  0.077 0.297 0.053 0.205 0.072 0.216 0.080 
325 HI_SS0047    (1)    6 :  0.121 0.180 0.128 0.130 0.144 0.082 0.215 
326 HI_SS0049    (0)    6 :  0.082 0.318 0.172 0.073 0.149 0.117 0.088 
327 HI_SS0051    (1)    6 :  0.065 0.057 0.182 0.120 0.149 0.087 0.339 
328 HI_SS0053    (1)    6 :  0.237 0.063 0.110 0.114 0.127 0.252 0.097 
329 HI_SS0054    (4)    6 :  0.100 0.045 0.247 0.072 0.144 0.241 0.151 
330 HI_SS0057    (0)    6 :  0.210 0.141 0.144 0.051 0.078 0.128 0.248 
331 HI_SS0058    (0)    6 :  0.067 0.171 0.158 0.092 0.157 0.251 0.103 
332 HI_SS0060    (0)    6 :  0.205 0.051 0.125 0.133 0.186 0.104 0.196 
333 HI_SS0087    (1)    6 :  0.213 0.102 0.160 0.111 0.190 0.129 0.094 
334 HI_SS0091    (0)    6 :  0.218 0.056 0.122 0.121 0.117 0.303 0.062 
335 HI_SS0095    (1)    6 :  0.170 0.065 0.127 0.251 0.122 0.123 0.141 
336 HI_SS0097    (3)    6 :  0.088 0.053 0.355 0.198 0.151 0.070 0.085 
337 HI_SS0099    (0)    6 :  0.085 0.324 0.084 0.072 0.236 0.115 0.083 
338 HI_SS0103    (0)    6 :  0.178 0.187 0.115 0.221 0.069 0.117 0.112 
339 HI_SS0105    (1)    6 :  0.265 0.062 0.155 0.103 0.146 0.108 0.160 
340 HI_SS0107    (1)    6 :  0.189 0.242 0.136 0.211 0.051 0.061 0.110 
341 HI_SS0108    (1)    6 :  0.098 0.064 0.113 0.125 0.083 0.397 0.120 
342 HI_SS0110    (0)    6 :  0.346 0.090 0.077 0.199 0.077 0.139 0.071 
343 HI_SS0111    (1)    6 :  0.201 0.093 0.069 0.231 0.185 0.102 0.120 
344 HI_SS0112    (0)    6 :  0.133 0.084 0.073 0.144 0.136 0.353 0.078 
345 HI_SS0113    (1)    6 :  0.237 0.272 0.147 0.080 0.070 0.084 0.109 
346 HI_SS0114    (1)    6 :  0.098 0.067 0.139 0.102 0.225 0.195 0.175 
347 HI_SS0115    (1)    6 :  0.038 0.194 0.116 0.265 0.184 0.095 0.106 
348 HI_SS0116    (4)    6 :  0.068 0.254 0.071 0.177 0.141 0.246 0.042 
349 HI_SS0117    (0)    6 :  0.262 0.069 0.215 0.086 0.141 0.175 0.051 
350 HI_SS0118    (0)    6 :  0.136 0.137 0.185 0.135 0.101 0.222 0.084 
351 HI_SS0119    (1)    6 :  0.257 0.046 0.126 0.171 0.093 0.179 0.128 
352 HI_SS0120    (1)    6 :  0.346 0.267 0.092 0.111 0.040 0.061 0.084 
353 HI_SS0121    (1)    6 :  0.359 0.071 0.137 0.050 0.178 0.061 0.144 
354 HI_SS0122    (2)    6 :  0.224 0.108 0.102 0.147 0.084 0.154 0.180 
355 HI_SS0123    (0)    6 :  0.236 0.120 0.199 0.141 0.096 0.138 0.070 
356 HI_SS0124    (1)    6 :  0.081 0.347 0.088 0.160 0.141 0.060 0.123 
357 HI_SS0125    (1)    6 :  0.163 0.167 0.076 0.217 0.188 0.049 0.140 
358 HI_SS0126    (0)    6 :  0.111 0.212 0.097 0.108 0.062 0.333 0.079 
359 HI_SS0127    (0)    6 :  0.080 0.086 0.182 0.073 0.201 0.088 0.291 
360 HI_SS0128    (0)    6 :  0.182 0.190 0.168 0.183 0.082 0.126 0.069 
361 HI_SS0129    (1)    6 :  0.166 0.123 0.072 0.141 0.099 0.213 0.187 
362 HI_SS0131    (2)    6 :  0.081 0.073 0.181 0.061 0.215 0.214 0.174 
363 HI_SS0132    (0)    6 :  0.257 0.091 0.146 0.126 0.137 0.129 0.115 
364 HI_SS0133    (1)    6 :  0.105 0.101 0.082 0.104 0.060 0.422 0.126 
365 HI_SS0134    (1)    6 :  0.120 0.119 0.180 0.133 0.185 0.157 0.106 
366 HI_SS0142    (3)    6 :  0.174 0.057 0.171 0.209 0.182 0.083 0.124 
367 HI_SS0145    (0)    6 :  0.085 0.129 0.235 0.172 0.127 0.175 0.077 
368 HI_SS0146    (1)    6 :  0.059 0.092 0.190 0.200 0.143 0.180 0.136 
369 HI_SS0147    (1)    6 :  0.108 0.091 0.182 0.082 0.062 0.092 0.383 
370 HI_SS0149    (1)    6 :  0.432 0.070 0.164 0.055 0.051 0.160 0.067 
371 HI_SS0150    (2)    6 :  0.159 0.198 0.129 0.122 0.132 0.061 0.200 
372 HI_SS0151    (0)    6 :  0.053 0.126 0.099 0.336 0.090 0.103 0.193 
373 NS_SS1451    (1)    6 :  0.149 0.221 0.083 0.203 0.080 0.058 0.206 
374 NS_SS1404    (0)    6 :  0.121 0.155 0.091 0.089 0.092 0.116 0.335 
375 NS_SS1432    (2)    6 :  0.320 0.263 0.048 0.099 0.119 0.063 0.089 
376 NS_SS1405    (4)    6 :  0.087 0.307 0.101 0.128 0.125 0.172 0.080 
377 NS_SS1431   (10)    6 :  0.346 0.225 0.094 0.079 0.070 0.082 0.105 
378 NS_SS1402    (3)    6 :  0.175 0.103 0.130 0.241 0.150 0.114 0.088 
379 NS_SS1450    (3)    6 :  0.131 0.159 0.073 0.142 0.056 0.253 0.187 
380 NS_SS1396    (0)    6 :  0.157 0.139 0.122 0.134 0.173 0.122 0.153 
381 NS_SS1393    (5)    6 :  0.074 0.124 0.071 0.250 0.255 0.106 0.120 
382 NS_SS1392   (10)    6 :  0.102 0.243 0.051 0.232 0.086 0.091 0.194 
383 NS_SS1445    (0)    6 :  0.164 0.063 0.165 0.058 0.240 0.205 0.103 
384 NS_SS1423    (0)    6 :  0.234 0.115 0.089 0.227 0.137 0.140 0.058 
385 NS_SS1421    (9)    6 :  0.261 0.092 0.151 0.135 0.070 0.167 0.123 
386 NS_SS1411    (6)    6 :  0.057 0.098 0.070 0.072 0.143 0.237 0.324 
387 NS_SS1453    (5)    6 :  0.284 0.066 0.070 0.155 0.111 0.208 0.105 
388 NS_SS1442    (2)    6 :  0.077 0.142 0.217 0.130 0.234 0.112 0.087 
389 NS_SS1422    (1)    6 :  0.114 0.092 0.248 0.309 0.067 0.094 0.075 
390 NS_SS1419    (1)    6 :  0.089 0.111 0.352 0.065 0.100 0.099 0.183 
391 NS_SS1427    (0)    6 :  0.128 0.136 0.045 0.259 0.070 0.289 0.073 
392 NS_SS1444    (3)    6 :  0.063 0.193 0.166 0.076 0.281 0.074 0.147 
393 NS_SS1455    (0)    6 :  0.141 0.287 0.237 0.106 0.102 0.074 0.054 
394 NS_SS1425    (2)    6 :  0.089 0.057 0.153 0.102 0.181 0.306 0.112 
395 NS_SS1400    (0)    6 :  0.076 0.132 0.212 0.051 0.128 0.297 0.104 
396 NS_SS1406    (1)    6 :  0.262 0.133 0.308 0.084 0.105 0.047 0.061 
397 NS_SS1417    (6)    6 :  0.151 0.170 0.201 0.069 0.072 0.204 0.133 
398 NS_SS1454    (2)    6 :  0.301 0.108 0.093 0.040 0.100 0.237 0.120 
399 NS_SS1412    (1)    6 :  0.114 0.170 0.098 0.108 0.102 0.202 0.207 
400 NS_SS1438    (1)    6 :  0.068 0.042 0.165 0.120 0.201 0.226 0.178 
401 NS_SS1416    (4)    6 :  0.163 0.154 0.138 0.121 0.123 0.158 0.143 
402 NS_SS1401    (0)    6 :  0.244 0.093 0.134 0.169 0.145 0.128 0.088 
403 NS_SS1424    (6)    6 :  0.252 0.066 0.101 0.149 0.104 0.166 0.162 
404 NS_SS1435    (9)    6 :  0.130 0.202 0.045 0.111 0.281 0.101 0.129 
405 NS_SS1447    (4)    6 :  0.118 0.149 0.200 0.078 0.134 0.080 0.241 
406 NS_SS1414    (3)    6 :  0.090 0.248 0.209 0.044 0.116 0.099 0.193 
407 NS_SS1449   (14)    6 :  0.223 0.064 0.079 0.361 0.053 0.081 0.137 
408 NS_SS1443    (4)    6 :  0.086 0.106 0.174 0.245 0.129 0.202 0.059 
409 NS_SS1434    (1)    6 :  0.070 0.258 0.107 0.290 0.064 0.146 0.065 
410 NS_SS1398    (1)    6 :  0.166 0.282 0.090 0.105 0.129 0.120 0.109 
411 NS_SS1426    (1)    6 :  0.116 0.080 0.083 0.141 0.252 0.240 0.088 
412 NS_SS1413    (0)    6 :  0.099 0.224 0.162 0.070 0.075 0.279 0.091 
413 NS_SS1395    (1)    6 :  0.137 0.068 0.079 0.186 0.306 0.158 0.066 
414 NS_SS1448   (10)    6 :  0.129 0.155 0.070 0.069 0.071 0.207 0.299 
415 NS_SS1446    (0)    6 :  0.156 0.070 0.110 0.213 0.115 0.187 0.149 
416 NS_SS1403    (2)    6 :  0.295 0.118 0.061 0.129 0.245 0.072 0.080 
417 NS_SS1415    (0)    6 :  0.097 0.133 0.115 0.116 0.161 0.239 0.140 
418 NS_SS1437    (4)    6 :  0.298 0.121 0.112 0.068 0.180 0.108 0.113 
419 NS_SS1439    (2)    6 :  0.092 0.096 0.195 0.205 0.222 0.092 0.098 
420 NS_SS1441    (3)    6 :  0.099 0.191 0.146 0.144 0.168 0.194 0.057 
421 NS_SS1420    (2)    6 :  0.055 0.111 0.064 0.131 0.073 0.066 0.501 
422 NS_SS1394    (2)    6 :  0.139 0.189 0.064 0.064 0.292 0.067 0.185 
423 NS_SS1391    (7)    6 :  0.115 0.257 0.067 0.153 0.123 0.215 0.069 
424 NS_SS1410    (5)    6 :  0.217 0.107 0.108 0.185 0.114 0.165 0.105 
425 NS_SS1408    (1)    6 :  0.263 0.074 0.143 0.132 0.155 0.084 0.150 
426 NS_SS1409    (1)    6 :  0.108 0.256 0.111 0.193 0.089 0.184 0.059 
427 HI_SS0617    (1)    7 :  0.083 0.141 0.074 0.304 0.058 0.207 0.134 
428 HI_SS0618    (2)    7 :  0.093 0.208 0.104 0.199 0.209 0.067 0.120 
429 HI_SS0619    (0)    7 :  0.104 0.296 0.090 0.088 0.135 0.180 0.106 
430 HI_SS0620    (1)    7 :  0.039 0.057 0.062 0.218 0.086 0.267 0.271 
431 HI_SS0621    (3)    7 :  0.174 0.125 0.154 0.201 0.125 0.088 0.133 
432 HI_SS0622    (1)    7 :  0.106 0.134 0.262 0.090 0.072 0.162 0.175 
433 HI_SS0626    (0)    7 :  0.135 0.103 0.060 0.052 0.268 0.101 0.280 
434 HI_SS0627    (0)    7 :  0.321 0.148 0.073 0.099 0.187 0.071 0.102 
435 HI_SS0628    (3)    7 :  0.229 0.123 0.074 0.068 0.146 0.249 0.112 
436 HI_SS0629    (1)    7 :  0.150 0.086 0.126 0.127 0.300 0.126 0.086 
437 HI_SS0630    (1)    7 :  0.065 0.138 0.105 0.153 0.190 0.166 0.184 
438 HI_SS0631    (0)    7 :  0.116 0.079 0.085 0.189 0.153 0.165 0.212 
439 HI_SS0632    (0)    7 :  0.141 0.086 0.191 0.070 0.126 0.140 0.246 
440 HI_SS0633    (0)    7 :  0.061 0.343 0.118 0.185 0.090 0.141 0.062 
441 HI_SS0634    (1)    7 :  0.235 0.086 0.087 0.105 0.117 0.158 0.211 
442 HI_SS0635    (0)    7 :  0.107 0.187 0.148 0.065 0.279 0.065 0.149 
443 HI_SS0637    (1)    7 :  0.141 0.047 0.208 0.092 0.143 0.128 0.241 
444 HI_SS0638    (0)    7 :  0.138 0.207 0.135 0.102 0.099 0.179 0.139 
445 HI_SS0639    (1)    7 :  0.115 0.135 0.123 0.175 0.214 0.052 0.186 
446 HI_SS0640    (1)    7 :  0.071 0.140 0.220 0.092 0.307 0.082 0.089 
447 HI_SS0641    (1)    7 :  0.059 0.113 0.080 0.072 0.264 0.196 0.215 
448 HI_SS0642    (0)    7 :  0.417 0.098 0.084 0.131 0.109 0.061 0.099 
449 HI_SS0645    (0)    7 :  0.066 0.256 0.125 0.111 0.091 0.062 0.289 
450 HI_SS0646    (1)    7 :  0.133 0.181 0.151 0.252 0.090 0.114 0.080 
451 HI_SS0647    (1)    7 :  0.225 0.242 0.135 0.050 0.075 0.150 0.123 
452 HI_SS0648    (0)    7 :  0.119 0.173 0.152 0.098 0.166 0.145 0.146 
453 HI_SS0649    (1)    7 :  0.080 0.172 0.135 0.201 0.241 0.095 0.075 
454 HI_SS0650    (1)    7 :  0.123 0.273 0.067 0.250 0.118 0.065 0.105 
455 HI_SS0651    (1)    7 :  0.083 0.161 0.118 0.207 0.238 0.090 0.103 
456 HI_SS0652    (1)    7 :  0.079 0.195 0.077 0.061 0.125 0.070 0.393 
457 NS_SS1371    (3)    7 :  0.154 0.090 0.072 0.313 0.217 0.100 0.053 
458 NS_SS1374    (0)    7 :  0.242 0.091 0.056 0.071 0.105 0.251 0.184 
459 NS_SS1337    (3)    7 :  0.269 0.091 0.092 0.082 0.045 0.074 0.347 
460 NS_SS1385    (5)    7 :  0.118 0.188 0.137 0.212 0.146 0.092 0.105 
461 NS_SS1388    (0)    7 :  0.109 0.290 0.085 0.071 0.239 0.143 0.063 
462 NS_SS1370    (1)    7 :  0.089 0.040 0.078 0.143 0.064 0.048 0.538 
463 NS_SS1389    (3)    7 :  0.122 0.312 0.067 0.065 0.191 0.113 0.131 
464 NS_SS1360    (1)    7 :  0.086 0.085 0.129 0.088 0.343 0.134 0.135 
465 NS_SS1330    (0)    7 :  0.079 0.180 0.143 0.161 0.151 0.067 0.220 
466 NS_SS1328    (8)    7 :  0.144 0.219 0.104 0.150 0.064 0.261 0.058 
467 NS_SS1384    (1)    7 :  0.135 0.052 0.143 0.144 0.337 0.078 0.111 
468 NS_SS1381    (0)    7 :  0.091 0.311 0.135 0.252 0.065 0.055 0.092 
469 NS_SS1375    (1)    7 :  0.116 0.334 0.045 0.152 0.127 0.105 0.121 
470 NS_SS1319   (10)    7 :  0.212 0.111 0.078 0.215 0.137 0.109 0.139 
471 NS_SS1326    (2)    7 :  0.113 0.217 0.080 0.105 0.094 0.330 0.061 
472 NS_SS1341    (1)    7 :  0.250 0.050 0.141 0.111 0.187 0.170 0.090 
473 NS_SS1383    (1)    7 :  0.359 0.043 0.076 0.127 0.160 0.083 0.152 
474 NS_SS1318    (3)    7 :  0.068 0.151 0.138 0.170 0.148 0.105 0.220 
475 NS_SS1348    (2)    7 :  0.119 0.049 0.117 0.143 0.267 0.177 0.129 
476 NS_SS1363    (0)    7 :  0.140 0.134 0.189 0.132 0.091 0.103 0.210 
477 NS_SS1335    (4)    7 :  0.122 0.062 0.220 0.105 0.196 0.153 0.142 
478 NS_SS1358    (0)    7 :  0.204 0.055 0.259 0.147 0.088 0.141 0.106 
479 NS_SS1342    (1)    7 :  0.279 0.065 0.187 0.142 0.093 0.176 0.058 
480 NS_SS1320    (2)    7 :  0.092 0.417 0.216 0.140 0.047 0.040 0.048 
481 NS_SS1355    (1)    7 :  0.092 0.140 0.321 0.105 0.143 0.067 0.132 
482 NS_SS1345    (1)    7 :  0.070 0.085 0.500 0.108 0.077 0.054 0.106 
483 NS_SS1324    (0)    7 :  0.102 0.080 0.112 0.196 0.256 0.159 0.095 
484 NS_SS1347    (5)    7 :  0.132 0.090 0.123 0.313 0.150 0.082 0.110 
485 NS_SS1321    (4)    7 :  0.267 0.070 0.061 0.121 0.095 0.214 0.172 
486 NS_SS1333    (0)    7 :  0.239 0.111 0.038 0.117 0.203 0.210 0.081 
487 NS_SS1364    (1)    7 :  0.116 0.081 0.294 0.044 0.230 0.171 0.064 
488 NS_SS1379    (0)    7 :  0.122 0.183 0.150 0.178 0.137 0.109 0.122 
489 NS_SS1332    (0)    7 :  0.118 0.152 0.084 0.075 0.227 0.286 0.058 
490 NS_SS1338    (5)    7 :  0.082 0.067 0.069 0.138 0.344 0.142 0.158 
491 NS_SS1368    (6)    7 :  0.185 0.119 0.255 0.052 0.094 0.233 0.061 
492 NS_SS1354    (1)    7 :  0.158 0.151 0.217 0.109 0.131 0.119 0.115 
493 NS_SS1365    (0)    7 :  0.160 0.176 0.158 0.116 0.086 0.095 0.208 
494 NS_SS1380    (1)    7 :  0.129 0.165 0.248 0.074 0.106 0.076 0.202 
495 NS_SS1329    (8)    7 :  0.293 0.089 0.191 0.078 0.081 0.218 0.051 
496 NS_SS1362    (0)    7 :  0.174 0.126 0.134 0.147 0.265 0.088 0.065 
497 NS_SS1327    (2)    7 :  0.096 0.078 0.041 0.107 0.233 0.361 0.085 
498 NS_SS1350    (0)    7 :  0.094 0.182 0.044 0.358 0.093 0.141 0.088 
499 NS_SS1387    (2)    7 :  0.077 0.158 0.097 0.095 0.337 0.086 0.150 
500 NS_SS1369    (8)    7 :  0.106 0.059 0.304 0.080 0.042 0.240 0.168 
501 NS_SS1331    (1)    7 :  0.223 0.192 0.066 0.057 0.078 0.193 0.191 
502 NS_SS1357    (4)    7 :  0.155 0.207 0.089 0.274 0.055 0.171 0.048 
503 NS_SS1386    (1)    7 :  0.262 0.050 0.148 0.060 0.076 0.352 0.053 
504 NS_SS1353    (2)    7 :  0.204 0.293 0.093 0.097 0.096 0.134 0.083 
505 NS_SS1323    (0)    7 :  0.250 0.161 0.209 0.089 0.107 0.074 0.110 
506 HI_SS0296    (0)    8 :  0.056 0.087 0.129 0.183 0.076 0.198 0.271 
507 HI_SS0297    (0)    8 :  0.368 0.153 0.066 0.186 0.081 0.077 0.069 
508 HI_SS0299    (0)    8 :  0.152 0.074 0.204 0.125 0.111 0.116 0.218 
509 HI_SS0300    (0)    8 :  0.072 0.101 0.269 0.109 0.116 0.126 0.206 
510 HI_SS0301    (0)    8 :  0.149 0.054 0.120 0.042 0.310 0.064 0.261 
511 HI_SS0302    (0)    8 :  0.060 0.069 0.141 0.097 0.207 0.173 0.253 
512 HI_SS0303    (0)    8 :  0.070 0.244 0.116 0.077 0.137 0.299 0.058 
513 HI_SS0304    (0)    8 :  0.163 0.281 0.059 0.051 0.077 0.199 0.170 
514 HI_SS0306    (5)    8 :  0.100 0.094 0.108 0.065 0.093 0.281 0.259 
515 HI_SS0307    (1)    8 :  0.124 0.179 0.189 0.110 0.165 0.082 0.151 
516 HI_SS0308    (1)    8 :  0.128 0.072 0.141 0.191 0.333 0.062 0.073 
