

----------------------------------------------------
STRUCTURE by Pritchard, Stephens and Donnelly (2000)
     and Falush, Stephens and Pritchard (2003)
       Code by Pritchard, Falush and Hubisz
             Version 2.3.4 (Jul 2012)
----------------------------------------------------



Command line arguments:   /home/genobiwan/Documents/Programs/Structure/structure -m parameter_job_k5_r2 
Input File:    /media/genobiwan/Storage/Projets/Mackerel_NWA_2021/data_job_k5_r2

Run parameters:
   557 individuals
   3930 loci
   5 populations assumed
   100000 Burn-in period
   200000 Reps


--------------------------------------------
Proportion of membership of each pre-defined
 population in each of the 5 clusters

Given    Inferred Clusters                     Number of
 Pop       1      2      3      4      5      Individuals

  1:     0.188  0.219  0.206  0.184  0.203       67
  2:     0.244  0.183  0.180  0.170  0.223       32
  3:     0.186  0.221  0.190  0.188  0.215       92
  4:     0.198  0.177  0.225  0.214  0.185       36
  5:     0.194  0.222  0.187  0.212  0.185       41
  6:     0.197  0.188  0.207  0.211  0.196      158
  7:     0.198  0.192  0.207  0.199  0.205       79
  8:     0.178  0.215  0.196  0.215  0.196       52
--------------------------------------------

Allele-freq. divergence among pops (Net nucleotide distance),
computed using point estimates of P.

      1       2       3       4       5      
 1      -    0.0037  0.0036  0.0043  0.0040  
 2   0.0037     -    0.0029  0.0038  0.0033  
 3   0.0036  0.0029     -    0.0036  0.0033  
 4   0.0043  0.0038  0.0036     -    0.0042  
 5   0.0040  0.0033  0.0033  0.0042     -    

Average distances (expected heterozygosity) between individuals in same cluster:
cluster  1  : 0.3130 
cluster  2  : 0.3115 
cluster  3  : 0.3124 
cluster  4  : 0.3107 
cluster  5  : 0.3108 

--------------------------------------------
Estimated Ln Prob of Data   = -2070039.5
Mean value of ln likelihood = -2061914.9
Variance of ln likelihood   = 16249.3
Mean value of alpha         = 1.9942

Mean value of Fst_1         = 0.0422
Mean value of Fst_2         = 0.0355
Mean value of Fst_3         = 0.0337
Mean value of Fst_4         = 0.0408
Mean value of Fst_5         = 0.0390


Inferred ancestry of individuals:
        Label (%Miss) Pop:  Inferred clusters
  1 NS_SS0963    (4)    1 :  0.166 0.286 0.293 0.113 0.143 
  2 NS_SS0983    (1)    1 :  0.134 0.234 0.155 0.366 0.111 
  3 NS_SS0719    (8)    1 :  0.167 0.154 0.264 0.186 0.228 
  4 NS_SS1001    (8)    1 :  0.302 0.216 0.087 0.123 0.272 
  5 NS_SS0936    (4)    1 :  0.280 0.239 0.268 0.110 0.103 
  6 NS_SS0955    (5)    1 :  0.125 0.297 0.177 0.252 0.150 
  7 NS_SS0944    (3)    1 :  0.197 0.316 0.117 0.217 0.153 
  8 NS_SS0945    (3)    1 :  0.225 0.177 0.179 0.234 0.185 
  9 NS_SS0922    (2)    1 :  0.321 0.143 0.225 0.099 0.213 
 10 NS_SS0929    (7)    1 :  0.145 0.242 0.223 0.249 0.141 
 11 NS_SS0956    (2)    1 :  0.194 0.159 0.121 0.102 0.423 
 12 NS_SS0906    (3)    1 :  0.128 0.332 0.185 0.215 0.140 
 13 NS_SS0721    (6)    1 :  0.138 0.134 0.193 0.173 0.362 
 14 NS_SS0982    (4)    1 :  0.140 0.266 0.254 0.131 0.210 
 15 NS_SS0923    (5)    1 :  0.205 0.235 0.186 0.145 0.228 
 16 NS_SS0905    (6)    1 :  0.183 0.272 0.121 0.178 0.245 
 17 NS_SS0925    (3)    1 :  0.263 0.315 0.144 0.094 0.185 
 18 NS_SS0947    (5)    1 :  0.253 0.257 0.209 0.133 0.149 
 19 NS_SS0926    (2)    1 :  0.073 0.152 0.337 0.314 0.124 
 20 NS_SS0918    (6)    1 :  0.105 0.428 0.154 0.105 0.208 
 21 NS_SS0966    (4)    1 :  0.162 0.323 0.223 0.135 0.157 
 22 NS_SS0938    (2)    1 :  0.262 0.111 0.397 0.106 0.124 
 23 NS_SS0917    (2)    1 :  0.195 0.084 0.255 0.284 0.182 
 24 NS_SS0957   (11)    1 :  0.119 0.171 0.181 0.162 0.367 
 25 NS_SS0987    (1)    1 :  0.075 0.189 0.128 0.175 0.433 
 26 NS_SS0717    (4)    1 :  0.271 0.231 0.088 0.112 0.298 
 27 NS_SS0986    (2)    1 :  0.081 0.214 0.213 0.233 0.259 
 28 NS_SS0953    (4)    1 :  0.257 0.354 0.082 0.117 0.191 
 29 NS_SS0907    (3)    1 :  0.137 0.417 0.166 0.174 0.106 
 30 NS_SS0974    (6)    1 :  0.282 0.249 0.155 0.192 0.121 
 31 NS_SS0989    (1)    1 :  0.209 0.079 0.288 0.324 0.100 
 32 NS_SS0991    (2)    1 :  0.070 0.381 0.087 0.237 0.225 
 33 NS_SS0994    (2)    1 :  0.223 0.114 0.117 0.466 0.081 
 34 NS_SS0931    (6)    1 :  0.074 0.233 0.211 0.315 0.167 
 35 NS_SS1000    (5)    1 :  0.257 0.228 0.201 0.131 0.183 
 36 NS_SS0919    (1)    1 :  0.093 0.252 0.367 0.197 0.090 
 37 NS_SS0949    (3)    1 :  0.226 0.124 0.227 0.282 0.141 
 38 NS_SS0960   (10)    1 :  0.125 0.242 0.166 0.244 0.224 
 39 NS_SS0716    (2)    1 :  0.171 0.080 0.129 0.123 0.498 
 40 NS_SS0924    (8)    1 :  0.129 0.284 0.200 0.210 0.177 
 41 NS_SS0935    (1)    1 :  0.142 0.206 0.090 0.313 0.248 
 42 NS_SS0952   (13)    1 :  0.125 0.301 0.185 0.277 0.112 
 43 NS_SS0962   (10)    1 :  0.182 0.131 0.382 0.112 0.194 
 44 NS_SS0973    (5)    1 :  0.230 0.348 0.135 0.148 0.139 
 45 NS_SS0722    (1)    1 :  0.400 0.286 0.081 0.083 0.149 
 46 NS_SS0979   (13)    1 :  0.134 0.238 0.231 0.118 0.279 
 47 NS_SS0993    (2)    1 :  0.256 0.320 0.163 0.084 0.177 
 48 NS_SS0958    (1)    1 :  0.172 0.171 0.162 0.310 0.186 
 49 NS_SS0988    (4)    1 :  0.080 0.217 0.355 0.193 0.154 
 50 NS_SS1003    (2)    1 :  0.073 0.160 0.467 0.072 0.228 
 51 NS_SS0976    (0)    1 :  0.105 0.223 0.277 0.277 0.117 
 52 NS_SS0964   (10)    1 :  0.344 0.150 0.097 0.106 0.303 
 53 NS_SS0939    (4)    1 :  0.201 0.064 0.171 0.093 0.471 
 54 NS_SS0990    (6)    1 :  0.125 0.084 0.309 0.249 0.233 
 55 NS_SS0984    (2)    1 :  0.303 0.158 0.220 0.088 0.230 
 56 NS_SS0980    (9)    1 :  0.372 0.293 0.122 0.109 0.105 
 57 NS_SS0978    (4)    1 :  0.298 0.207 0.224 0.143 0.128 
 58 NS_SS0951   (17)    1 :  0.083 0.301 0.093 0.230 0.292 
 59 NS_SS0913    (3)    1 :  0.218 0.175 0.130 0.139 0.337 
 60 NS_SS1002    (1)    1 :  0.113 0.197 0.522 0.084 0.084 
 61 NS_SS0948    (1)    1 :  0.116 0.298 0.203 0.208 0.175 
 62 NS_SS0916    (4)    1 :  0.329 0.093 0.215 0.194 0.169 
 63 NS_SS0995    (1)    1 :  0.304 0.129 0.181 0.130 0.256 
 64 NS_SS0927    (6)    1 :  0.266 0.120 0.229 0.259 0.126 
 65 NS_SS0992    (5)    1 :  0.319 0.134 0.248 0.201 0.097 
 66 NS_SS0912    (1)    1 :  0.077 0.165 0.219 0.236 0.302 
 67 NS_SS0981    (1)    1 :  0.086 0.272 0.297 0.114 0.231 
 68 NS_SS0729    (5)    2 :  0.280 0.204 0.125 0.333 0.058 
 69 NS_SS0967   (14)    2 :  0.170 0.293 0.317 0.101 0.119 
 70 NS_SS0941    (7)    2 :  0.323 0.130 0.202 0.138 0.207 
 71 NS_SS0768   (12)    2 :  0.148 0.224 0.198 0.159 0.272 
 72 NS_SS0726    (4)    2 :  0.310 0.142 0.241 0.241 0.066 
 73 NS_SS0763    (4)    2 :  0.233 0.204 0.153 0.278 0.133 
 74 NS_SS0730    (6)    2 :  0.217 0.131 0.257 0.120 0.276 
 75 NS_SS0774    (1)    2 :  0.346 0.189 0.174 0.097 0.194 
 76 NS_SS0723    (3)    2 :  0.235 0.234 0.268 0.072 0.191 
 77 NS_SS0940    (9)    2 :  0.237 0.102 0.206 0.224 0.231 
 78 NS_SS0762    (1)    2 :  0.391 0.200 0.091 0.072 0.246 
 79 NS_SS0766   (11)    2 :  0.310 0.092 0.114 0.198 0.286 
 80 NS_SS0724    (1)    2 :  0.193 0.303 0.115 0.121 0.268 
 81 NS_SS0769    (3)    2 :  0.145 0.167 0.298 0.165 0.224 
 82 NS_SS0777    (2)    2 :  0.093 0.226 0.206 0.276 0.199 
 83 NS_SS0734    (6)    2 :  0.203 0.137 0.154 0.215 0.291 
 84 NS_SS0737    (3)    2 :  0.466 0.104 0.159 0.087 0.183 
 85 NS_SS0732    (5)    2 :  0.140 0.249 0.119 0.107 0.385 
 86 NS_SS0728    (5)    2 :  0.327 0.147 0.135 0.157 0.235 
 87 NS_SS0735    (9)    2 :  0.347 0.222 0.078 0.126 0.227 
 88 NS_SS0725    (1)    2 :  0.326 0.145 0.218 0.122 0.189 
 89 NS_SS0788    (2)    2 :  0.154 0.131 0.400 0.149 0.167 
 90 NS_SS0778    (2)    2 :  0.113 0.158 0.314 0.218 0.197 
 91 NS_SS0792    (6)    2 :  0.200 0.207 0.116 0.204 0.273 
 92 NS_SS0943   (11)    2 :  0.111 0.346 0.104 0.292 0.147 
 93 NS_SS0791    (2)    2 :  0.276 0.090 0.129 0.243 0.263 
 94 NS_SS0790    (5)    2 :  0.165 0.315 0.114 0.058 0.348 
 95 NS_SS0731    (6)    2 :  0.133 0.180 0.143 0.136 0.407 
 96 NS_SS0727    (6)    2 :  0.427 0.119 0.068 0.272 0.114 
 97 NS_SS0779   (12)    2 :  0.176 0.219 0.207 0.182 0.215 
 98 NS_SS0776    (3)    2 :  0.272 0.132 0.189 0.187 0.219 
 99 NS_SS0775    (5)    2 :  0.344 0.111 0.130 0.097 0.317 
100 NS_SS0965    (3)    3 :  0.118 0.251 0.220 0.137 0.274 
101 NS_SS0754   (13)    3 :  0.164 0.139 0.149 0.291 0.257 
102 NS_SS0838    (5)    3 :  0.197 0.200 0.233 0.204 0.167 
103 NS_SS0839    (3)    3 :  0.263 0.163 0.218 0.088 0.269 
104 NS_SS0832    (4)    3 :  0.144 0.365 0.180 0.068 0.242 
105 NS_SS0820    (4)    3 :  0.158 0.201 0.313 0.083 0.245 
106 NS_SS0886    (9)    3 :  0.148 0.141 0.200 0.261 0.250 
107 NS_SS0748    (5)    3 :  0.098 0.315 0.199 0.224 0.164 
108 NS_SS0884    (9)    3 :  0.232 0.230 0.172 0.182 0.184 
109 NS_SS0752    (3)    3 :  0.319 0.182 0.186 0.150 0.163 
110 NS_SS0862    (1)    3 :  0.167 0.255 0.115 0.094 0.369 
111 NS_SS0787    (9)    3 :  0.094 0.144 0.137 0.471 0.154 
112 NS_SS0843    (6)    3 :  0.243 0.257 0.142 0.160 0.197 
113 NS_SS0856    (4)    3 :  0.345 0.079 0.242 0.164 0.170 
114 NS_SS0846    (2)    3 :  0.211 0.315 0.227 0.180 0.068 
115 NS_SS0825    (1)    3 :  0.102 0.160 0.377 0.170 0.191 
116 NS_SS0757    (3)    3 :  0.125 0.257 0.144 0.223 0.251 
117 NS_SS0876    (3)    3 :  0.283 0.216 0.145 0.155 0.201 
118 NS_SS0903    (9)    3 :  0.350 0.294 0.173 0.082 0.100 
119 NS_SS0875    (7)    3 :  0.140 0.147 0.243 0.172 0.298 
120 NS_SS0740    (5)    3 :  0.245 0.278 0.125 0.158 0.194 
121 NS_SS0811    (5)    3 :  0.115 0.190 0.104 0.101 0.490 
122 NS_SS0751    (1)    3 :  0.231 0.115 0.311 0.137 0.206 
123 NS_SS0891    (6)    3 :  0.254 0.146 0.225 0.167 0.208 
124 NS_SS0867    (2)    3 :  0.092 0.396 0.191 0.196 0.125 
125 NS_SS0890    (6)    3 :  0.206 0.244 0.197 0.162 0.191 
126 NS_SS0866   (11)    3 :  0.179 0.107 0.146 0.439 0.130 
127 NS_SS0755    (4)    3 :  0.134 0.286 0.176 0.155 0.249 
128 NS_SS0758    (4)    3 :  0.300 0.211 0.165 0.181 0.144 
129 NS_SS0840    (2)    3 :  0.157 0.248 0.282 0.070 0.244 
130 NS_SS0889    (4)    3 :  0.112 0.167 0.133 0.347 0.240 
131 NS_SS1010    (1)    3 :  0.128 0.202 0.330 0.151 0.189 
132 NS_SS0888    (5)    3 :  0.295 0.094 0.083 0.363 0.166 
133 NS_SS0837    (3)    3 :  0.119 0.328 0.137 0.106 0.310 
134 NS_SS0794    (9)    3 :  0.278 0.125 0.083 0.336 0.178 
135 NS_SS0823    (4)    3 :  0.271 0.331 0.175 0.101 0.122 
136 NS_SS0829    (7)    3 :  0.064 0.252 0.093 0.396 0.195 
137 NS_SS0844    (5)    3 :  0.138 0.565 0.122 0.067 0.108 
138 NS_SS1008    (5)    3 :  0.267 0.145 0.094 0.294 0.200 
139 NS_SS0881    (3)    3 :  0.120 0.119 0.377 0.209 0.175 
140 NS_SS0834    (6)    3 :  0.371 0.148 0.238 0.100 0.143 
141 NS_SS0744   (10)    3 :  0.202 0.204 0.247 0.177 0.170 
142 NS_SS0899    (7)    3 :  0.121 0.268 0.102 0.099 0.411 
143 NS_SS0804    (4)    3 :  0.178 0.260 0.209 0.069 0.284 
144 NS_SS0781   (10)    3 :  0.168 0.270 0.303 0.084 0.174 
145 NS_SS0822    (6)    3 :  0.290 0.296 0.087 0.200 0.127 
146 NS_SS1004    (4)    3 :  0.162 0.352 0.180 0.136 0.170 
147 NS_SS0746    (5)    3 :  0.176 0.371 0.165 0.190 0.099 
148 NS_SS0880    (3)    3 :  0.190 0.316 0.206 0.118 0.171 
149 NS_SS0879    (4)    3 :  0.273 0.223 0.137 0.154 0.213 
150 NS_SS0753    (2)    3 :  0.112 0.269 0.112 0.272 0.235 
151 NS_SS1007    (2)    3 :  0.367 0.080 0.280 0.139 0.134 
152 NS_SS0872    (5)    3 :  0.242 0.207 0.243 0.117 0.190 
153 NS_SS1005    (7)    3 :  0.172 0.339 0.233 0.117 0.139 
154 NS_SS0892    (6)    3 :  0.208 0.198 0.185 0.189 0.221 
155 NS_SS0898    (0)    3 :  0.151 0.218 0.175 0.252 0.204 
156 NS_SS0801    (9)    3 :  0.108 0.298 0.153 0.179 0.262 
157 NS_SS0827    (8)    3 :  0.072 0.171 0.184 0.223 0.349 
158 NS_SS0853    (6)    3 :  0.093 0.146 0.095 0.234 0.432 
159 NS_SS0780    (2)    3 :  0.187 0.162 0.274 0.128 0.250 
160 NS_SS0826   (10)    3 :  0.074 0.289 0.386 0.161 0.091 
161 NS_SS0818    (5)    3 :  0.250 0.170 0.244 0.077 0.258 
162 NS_SS0745    (1)    3 :  0.280 0.065 0.151 0.084 0.419 
163 NS_SS0849    (3)    3 :  0.066 0.208 0.186 0.130 0.410 
164 NS_SS0739    (3)    3 :  0.173 0.085 0.309 0.155 0.278 
165 NS_SS0799    (1)    3 :  0.295 0.192 0.073 0.250 0.190 
166 NS_SS0756    (2)    3 :  0.110 0.349 0.275 0.088 0.179 
167 NS_SS0802    (2)    3 :  0.222 0.154 0.316 0.208 0.101 
168 NS_SS0747    (6)    3 :  0.173 0.288 0.241 0.164 0.134 
169 NS_SS0835    (1)    3 :  0.173 0.145 0.213 0.377 0.092 
170 NS_SS0742   (18)    3 :  0.195 0.240 0.251 0.122 0.192 
171 NS_SS0760    (9)    3 :  0.155 0.175 0.155 0.376 0.139 
172 NS_SS0803    (4)    3 :  0.275 0.469 0.075 0.085 0.096 
173 NS_SS0828   (13)    3 :  0.147 0.184 0.148 0.196 0.325 
174 NS_SS0865    (2)    3 :  0.090 0.205 0.303 0.178 0.224 
175 NS_SS0759    (4)    3 :  0.248 0.192 0.183 0.099 0.277 
176 NS_SS0851    (5)    3 :  0.096 0.145 0.153 0.110 0.497 
177 NS_SS0874   (16)    3 :  0.177 0.443 0.122 0.101 0.157 
178 NS_SS0761    (6)    3 :  0.088 0.233 0.165 0.343 0.171 
179 NS_SS0842   (25)    3 :  0.175 0.209 0.156 0.260 0.199 
180 NS_SS0785    (6)    3 :  0.175 0.276 0.139 0.236 0.174 
181 NS_SS0860   (11)    3 :  0.149 0.184 0.184 0.383 0.100 
182 NS_SS0897    (7)    3 :  0.133 0.120 0.097 0.449 0.201 
183 NS_SS0841   (14)    3 :  0.194 0.208 0.134 0.089 0.375 
184 NS_SS0797    (6)    3 :  0.084 0.205 0.201 0.249 0.261 
185 NS_SS0830   (10)    3 :  0.141 0.183 0.248 0.185 0.243 
186 NS_SS1011    (5)    3 :  0.135 0.234 0.378 0.098 0.155 
187 NS_SS0883    (5)    3 :  0.137 0.202 0.114 0.227 0.320 
188 NS_SS0782    (2)    3 :  0.345 0.151 0.115 0.226 0.162 
189 NS_SS0831    (5)    3 :  0.095 0.153 0.105 0.352 0.296 
190 NS_SS0749    (7)    3 :  0.207 0.122 0.164 0.212 0.296 
191 NS_SS0854    (2)    3 :  0.394 0.163 0.112 0.195 0.136 
192 HI_SS0193    (0)    4 :  0.263 0.097 0.151 0.282 0.206 
193 HI_SS0194    (0)    4 :  0.334 0.148 0.262 0.132 0.124 
194 HI_SS0195    (9)    4 :  0.155 0.101 0.253 0.078 0.412 
195 HI_SS0196    (6)    4 :  0.344 0.133 0.129 0.217 0.176 
196 HI_SS0197    (3)    4 :  0.112 0.089 0.602 0.120 0.077 
197 HI_SS0198    (1)    4 :  0.145 0.148 0.175 0.231 0.301 
198 HI_SS0199    (1)    4 :  0.374 0.126 0.111 0.257 0.132 
199 HI_SS0201    (4)    4 :  0.078 0.273 0.136 0.356 0.156 
200 HI_SS0215    (1)    4 :  0.080 0.203 0.208 0.357 0.152 
201 HI_SS0218    (1)    4 :  0.200 0.086 0.076 0.415 0.222 
202 HI_SS0222    (0)    4 :  0.201 0.090 0.262 0.183 0.264 
203 HI_SS0230    (1)    4 :  0.089 0.209 0.366 0.138 0.198 
204 HI_SS0234    (1)    4 :  0.343 0.144 0.284 0.157 0.073 
205 HI_SS0240    (1)    4 :  0.434 0.101 0.137 0.136 0.192 
206 HI_SS0241    (0)    4 :  0.160 0.212 0.169 0.310 0.149 
207 HI_SS0242    (0)    4 :  0.176 0.272 0.145 0.210 0.197 
208 HI_SS0247    (0)    4 :  0.094 0.409 0.198 0.138 0.161 
209 HI_SS0248    (1)    4 :  0.314 0.221 0.068 0.302 0.096 
210 HI_SS0252    (2)    4 :  0.322 0.248 0.090 0.126 0.213 
211 HI_SS0254    (1)    4 :  0.149 0.210 0.344 0.205 0.091 
212 HI_SS0256    (0)    4 :  0.255 0.256 0.235 0.043 0.211 
213 HI_SS0257    (0)    4 :  0.196 0.264 0.189 0.296 0.055 
214 HI_SS0258    (1)    4 :  0.165 0.200 0.118 0.331 0.186 
215 HI_SS0259    (1)    4 :  0.248 0.107 0.358 0.114 0.173 
216 HI_SS0260    (1)    4 :  0.255 0.130 0.123 0.326 0.166 
217 HI_SS0261    (2)    4 :  0.169 0.245 0.298 0.209 0.079 
218 HI_SS0262    (0)    4 :  0.197 0.141 0.203 0.142 0.317 
219 HI_SS0264    (1)    4 :  0.106 0.164 0.316 0.142 0.272 
220 HI_SS0265    (0)    4 :  0.132 0.155 0.335 0.127 0.251 
221 HI_SS0268    (1)    4 :  0.129 0.069 0.312 0.213 0.277 
222 HI_SS0269    (1)    4 :  0.189 0.152 0.215 0.386 0.058 
223 HI_SS0273    (0)    4 :  0.140 0.245 0.212 0.277 0.125 
224 HI_SS0277    (1)    4 :  0.085 0.169 0.536 0.098 0.113 
225 HI_SS0280    (0)    4 :  0.175 0.100 0.173 0.179 0.373 
226 HI_SS0282    (1)    4 :  0.172 0.314 0.122 0.240 0.152 
227 HI_SS0286    (1)    4 :  0.161 0.154 0.195 0.233 0.256 
228 NS_SS1252    (3)    5 :  0.152 0.172 0.090 0.468 0.118 
229 NS_SS1261    (1)    5 :  0.182 0.193 0.255 0.186 0.183 
230 NS_SS1225    (9)    5 :  0.108 0.393 0.155 0.244 0.100 
231 NS_SS1266    (1)    5 :  0.150 0.485 0.140 0.068 0.157 
232 NS_SS1228    (0)    5 :  0.142 0.114 0.171 0.124 0.449 
233 NS_SS1255    (2)    5 :  0.469 0.132 0.106 0.165 0.129 
234 NS_SS1267    (3)    5 :  0.125 0.080 0.153 0.482 0.160 
235 NS_SS1238    (6)    5 :  0.117 0.116 0.323 0.201 0.243 
236 NS_SS1233    (8)    5 :  0.087 0.502 0.128 0.111 0.173 
237 NS_SS1277    (3)    5 :  0.307 0.088 0.120 0.305 0.181 
238 NS_SS1245    (1)    5 :  0.190 0.350 0.149 0.215 0.097 
239 NS_SS1240    (4)    5 :  0.138 0.112 0.199 0.469 0.082 
240 NS_SS1275    (2)    5 :  0.148 0.160 0.405 0.070 0.217 
241 NS_SS1235    (1)    5 :  0.402 0.240 0.167 0.128 0.064 
242 NS_SS1263    (1)    5 :  0.280 0.344 0.108 0.101 0.166 
243 NS_SS1251    (1)    5 :  0.183 0.377 0.198 0.113 0.131 
244 NS_SS1248    (0)    5 :  0.061 0.110 0.154 0.202 0.473 
245 NS_SS1244    (0)    5 :  0.108 0.228 0.385 0.158 0.121 
246 NS_SS1257    (0)    5 :  0.221 0.157 0.136 0.331 0.155 
247 NS_SS1242    (2)    5 :  0.251 0.216 0.183 0.112 0.238 
248 NS_SS1271    (6)    5 :  0.158 0.111 0.149 0.436 0.146 
249 NS_SS1265    (1)    5 :  0.114 0.181 0.217 0.361 0.128 
250 NS_SS1243    (0)    5 :  0.234 0.157 0.087 0.162 0.359 
251 NS_SS1273    (1)    5 :  0.263 0.185 0.191 0.091 0.270 
252 NS_SS1254   (14)    5 :  0.165 0.413 0.112 0.117 0.193 
253 NS_SS1224    (1)    5 :  0.151 0.311 0.139 0.106 0.293 
254 NS_SS1227    (8)    5 :  0.212 0.133 0.284 0.265 0.106 
255 NS_SS1274    (8)    5 :  0.228 0.162 0.134 0.266 0.210 
256 NS_SS1241    (1)    5 :  0.168 0.280 0.160 0.237 0.156 
257 NS_SS1256    (3)    5 :  0.120 0.356 0.243 0.201 0.080 
258 NS_SS1260    (8)    5 :  0.236 0.163 0.129 0.342 0.130 
259 NS_SS1262    (0)    5 :  0.113 0.287 0.189 0.243 0.168 
260 NS_SS1230    (0)    5 :  0.176 0.187 0.175 0.249 0.213 
261 NS_SS1270    (2)    5 :  0.078 0.370 0.176 0.121 0.255 
262 NS_SS1229    (2)    5 :  0.427 0.140 0.288 0.090 0.054 
263 NS_SS1246    (5)    5 :  0.249 0.105 0.282 0.268 0.096 
264 NS_SS1269    (0)    5 :  0.226 0.198 0.181 0.149 0.246 
265 NS_SS1239    (1)    5 :  0.367 0.117 0.109 0.100 0.307 
266 NS_SS1272    (4)    5 :  0.093 0.176 0.531 0.113 0.087 
267 NS_SS1268    (1)    5 :  0.096 0.352 0.091 0.098 0.363 
268 NS_SS1249    (0)    5 :  0.267 0.133 0.087 0.414 0.098 
269 HI_SS0559    (0)    6 :  0.234 0.208 0.083 0.203 0.272 
270 HI_SS0563    (1)    6 :  0.185 0.242 0.214 0.181 0.177 
271 HI_SS0564    (0)    6 :  0.178 0.226 0.267 0.143 0.186 
272 HI_SS0565    (0)    6 :  0.123 0.223 0.318 0.220 0.115 
273 HI_SS0569    (0)    6 :  0.058 0.404 0.141 0.285 0.113 
274 HI_SS0570    (0)    6 :  0.155 0.087 0.183 0.371 0.203 
275 HI_SS0572    (1)    6 :  0.419 0.206 0.161 0.097 0.117 
276 HI_SS0576    (0)    6 :  0.181 0.128 0.211 0.108 0.371 
277 HI_SS0579    (1)    6 :  0.196 0.433 0.085 0.201 0.085 
278 HI_SS0580    (1)    6 :  0.266 0.132 0.099 0.287 0.217 
279 HI_SS0581    (0)    6 :  0.131 0.112 0.392 0.092 0.273 
280 HI_SS0583    (1)    6 :  0.226 0.198 0.132 0.339 0.105 
281 HI_SS0586    (1)    6 :  0.079 0.111 0.122 0.445 0.243 
282 HI_SS0588    (1)    6 :  0.178 0.291 0.105 0.288 0.138 
283 HI_SS0595    (4)    6 :  0.151 0.122 0.395 0.235 0.097 
284 HI_SS0596    (0)    6 :  0.460 0.178 0.095 0.092 0.175 
285 HI_SS0597    (1)    6 :  0.273 0.188 0.280 0.127 0.132 
286 HI_SS0600    (0)    6 :  0.204 0.141 0.253 0.241 0.161 
287 HI_SS0601    (1)    6 :  0.089 0.329 0.234 0.188 0.159 
288 HI_SS0602    (1)    6 :  0.147 0.118 0.105 0.296 0.335 
289 HI_SS0604    (0)    6 :  0.196 0.317 0.099 0.186 0.201 
290 HI_SS0605    (1)    6 :  0.188 0.173 0.099 0.248 0.293 
291 HI_SS0608    (0)    6 :  0.213 0.123 0.155 0.182 0.327 
292 HI_SS0609    (0)    6 :  0.193 0.361 0.219 0.097 0.130 
293 HI_SS0611    (5)    6 :  0.117 0.128 0.101 0.352 0.302 
294 HI_SS0612    (1)    6 :  0.255 0.420 0.116 0.153 0.056 
295 HI_SS0613    (1)    6 :  0.092 0.197 0.109 0.193 0.408 
296 HI_SS0615    (0)    6 :  0.327 0.115 0.220 0.077 0.261 
297 HI_SS0001    (1)    6 :  0.310 0.121 0.222 0.234 0.112 
298 HI_SS0002    (1)    6 :  0.214 0.309 0.239 0.094 0.144 
299 HI_SS0004    (0)    6 :  0.242 0.096 0.131 0.320 0.211 
300 HI_SS0005    (1)    6 :  0.091 0.107 0.220 0.154 0.428 
301 HI_SS0006    (1)    6 :  0.140 0.271 0.218 0.281 0.090 
302 HI_SS0007    (1)    6 :  0.153 0.101 0.069 0.302 0.376 
303 HI_SS0008    (0)    6 :  0.130 0.202 0.302 0.148 0.218 
304 HI_SS0009    (0)    6 :  0.312 0.166 0.074 0.104 0.343 
305 HI_SS0010    (1)    6 :  0.109 0.171 0.199 0.241 0.280 
306 HI_SS0011    (1)    6 :  0.071 0.375 0.267 0.119 0.168 
307 HI_SS0012    (0)    6 :  0.240 0.146 0.339 0.077 0.198 
308 HI_SS0017    (1)    6 :  0.398 0.130 0.174 0.128 0.171 
309 HI_SS0021    (1)    6 :  0.104 0.133 0.276 0.307 0.181 
310 HI_SS0024    (1)    6 :  0.209 0.100 0.303 0.109 0.279 
311 HI_SS0025    (1)    6 :  0.303 0.197 0.102 0.122 0.275 
312 HI_SS0027    (0)    6 :  0.159 0.273 0.083 0.261 0.225 
313 HI_SS0028    (0)    6 :  0.093 0.105 0.382 0.062 0.359 
314 HI_SS0029    (1)    6 :  0.237 0.072 0.222 0.208 0.261 
315 HI_SS0030    (2)    6 :  0.237 0.200 0.180 0.208 0.175 
316 HI_SS0031    (0)    6 :  0.250 0.204 0.313 0.132 0.101 
317 HI_SS0034    (0)    6 :  0.209 0.271 0.104 0.327 0.089 
318 HI_SS0036    (0)    6 :  0.106 0.052 0.288 0.359 0.194 
319 HI_SS0037    (1)    6 :  0.095 0.170 0.099 0.382 0.254 
320 HI_SS0039    (0)    6 :  0.091 0.118 0.175 0.276 0.340 
321 HI_SS0041    (1)    6 :  0.217 0.091 0.184 0.118 0.389 
322 HI_SS0042    (1)    6 :  0.205 0.181 0.297 0.100 0.217 
323 HI_SS0043    (1)    6 :  0.090 0.112 0.226 0.441 0.131 
324 HI_SS0044    (1)    6 :  0.360 0.073 0.119 0.264 0.183 
325 HI_SS0047    (1)    6 :  0.273 0.234 0.172 0.128 0.193 
326 HI_SS0049    (0)    6 :  0.342 0.231 0.113 0.138 0.176 
327 HI_SS0051    (1)    6 :  0.114 0.308 0.116 0.153 0.310 
328 HI_SS0053    (1)    6 :  0.136 0.154 0.280 0.340 0.091 
329 HI_SS0054    (4)    6 :  0.075 0.334 0.133 0.315 0.143 
330 HI_SS0057    (0)    6 :  0.129 0.194 0.233 0.158 0.286 
331 HI_SS0058    (0)    6 :  0.172 0.228 0.102 0.320 0.178 
332 HI_SS0060    (0)    6 :  0.111 0.207 0.289 0.159 0.235 
333 HI_SS0087    (1)    6 :  0.168 0.239 0.278 0.214 0.101 
334 HI_SS0091    (0)    6 :  0.119 0.140 0.290 0.382 0.070 
335 HI_SS0095    (1)    6 :  0.205 0.200 0.255 0.205 0.134 
336 HI_SS0097    (3)    6 :  0.152 0.478 0.147 0.119 0.104 
337 HI_SS0099    (0)    6 :  0.215 0.138 0.157 0.171 0.319 
338 HI_SS0103    (0)    6 :  0.327 0.155 0.241 0.161 0.116 
339 HI_SS0105    (1)    6 :  0.095 0.235 0.361 0.154 0.154 
340 HI_SS0107    (1)    6 :  0.408 0.183 0.204 0.076 0.129 
341 HI_SS0108    (1)    6 :  0.133 0.142 0.129 0.488 0.108 
342 HI_SS0110    (0)    6 :  0.220 0.100 0.410 0.181 0.088 
343 HI_SS0111    (1)    6 :  0.211 0.106 0.294 0.182 0.206 
344 HI_SS0112    (0)    6 :  0.163 0.108 0.162 0.431 0.136 
345 HI_SS0113    (1)    6 :  0.229 0.178 0.289 0.102 0.202 
346 HI_SS0114    (1)    6 :  0.087 0.224 0.134 0.318 0.237 
347 HI_SS0115    (1)    6 :  0.354 0.188 0.069 0.188 0.201 
348 HI_SS0116    (4)    6 :  0.327 0.119 0.113 0.322 0.119 
349 HI_SS0117    (0)    6 :  0.106 0.259 0.322 0.246 0.068 
350 HI_SS0118    (0)    6 :  0.159 0.223 0.212 0.289 0.116 
351 HI_SS0119    (1)    6 :  0.108 0.177 0.358 0.239 0.117 
352 HI_SS0120    (1)    6 :  0.355 0.120 0.349 0.078 0.097 
353 HI_SS0121    (1)    6 :  0.057 0.167 0.455 0.085 0.236 
354 HI_SS0122    (2)    6 :  0.150 0.137 0.297 0.202 0.213 
355 HI_SS0123    (0)    6 :  0.179 0.236 0.301 0.173 0.112 
356 HI_SS0124    (1)    6 :  0.394 0.119 0.111 0.077 0.299 
357 HI_SS0125    (1)    6 :  0.223 0.150 0.250 0.082 0.296 
358 HI_SS0126    (0)    6 :  0.246 0.109 0.141 0.367 0.137 
359 HI_SS0127    (0)    6 :  0.088 0.286 0.115 0.161 0.350 
360 HI_SS0128    (0)    6 :  0.306 0.208 0.219 0.158 0.109 
361 HI_SS0129    (1)    6 :  0.214 0.115 0.192 0.312 0.168 
362 HI_SS0131    (2)    6 :  0.067 0.266 0.132 0.274 0.261 
363 HI_SS0132    (0)    6 :  0.111 0.193 0.343 0.163 0.191 
364 HI_SS0133    (1)    6 :  0.168 0.099 0.116 0.473 0.145 
365 HI_SS0134    (1)    6 :  0.191 0.267 0.191 0.210 0.140 
366 HI_SS0142    (3)    6 :  0.128 0.278 0.279 0.159 0.157 
367 HI_SS0145    (0)    6 :  0.252 0.302 0.123 0.220 0.102 
368 HI_SS0146    (1)    6 :  0.197 0.283 0.097 0.240 0.183 
369 HI_SS0147    (1)    6 :  0.107 0.241 0.163 0.118 0.370 
370 HI_SS0149    (1)    6 :  0.076 0.164 0.492 0.166 0.102 
371 HI_SS0150    (2)    6 :  0.215 0.186 0.191 0.106 0.302 
372 HI_SS0151    (0)    6 :  0.393 0.162 0.077 0.196 0.172 
373 NS_SS1451    (1)    6 :  0.288 0.122 0.181 0.089 0.320 
374 NS_SS1404    (0)    6 :  0.125 0.133 0.176 0.169 0.397 
375 NS_SS1432    (2)    6 :  0.237 0.063 0.423 0.086 0.191 
376 NS_SS1405    (4)    6 :  0.278 0.127 0.156 0.201 0.237 
377 NS_SS1431   (10)    6 :  0.210 0.137 0.389 0.088 0.177 
378 NS_SS1402    (3)    6 :  0.226 0.182 0.266 0.198 0.128 
379 NS_SS1450    (3)    6 :  0.280 0.110 0.133 0.297 0.179 
380 NS_SS1396    (0)    6 :  0.162 0.175 0.243 0.166 0.254 
381 NS_SS1393    (5)    6 :  0.239 0.144 0.162 0.251 0.203 
382 NS_SS1392   (10)    6 :  0.360 0.080 0.143 0.127 0.290 
383 NS_SS1445    (0)    6 :  0.083 0.252 0.232 0.298 0.135 
384 NS_SS1423    (0)    6 :  0.261 0.124 0.317 0.211 0.087 
385 NS_SS1421    (9)    6 :  0.170 0.183 0.288 0.223 0.136 
386 NS_SS1411    (6)    6 :  0.108 0.117 0.091 0.325 0.360 
387 NS_SS1453    (5)    6 :  0.123 0.105 0.353 0.274 0.146 
388 NS_SS1442    (2)    6 :  0.183 0.369 0.128 0.164 0.156 
389 NS_SS1422    (1)    6 :  0.309 0.295 0.159 0.139 0.099 
390 NS_SS1419    (1)    6 :  0.087 0.411 0.102 0.139 0.261 
391 NS_SS1427    (0)    6 :  0.314 0.061 0.134 0.402 0.090 
392 NS_SS1444    (3)    6 :  0.160 0.296 0.109 0.130 0.305 
393 NS_SS1455    (0)    6 :  0.295 0.272 0.191 0.090 0.151 
394 NS_SS1425    (2)    6 :  0.100 0.229 0.146 0.409 0.116 
395 NS_SS1400    (0)    6 :  0.103 0.250 0.118 0.338 0.192 
396 NS_SS1406    (1)    6 :  0.125 0.339 0.338 0.069 0.129 
397 NS_SS1417    (6)    6 :  0.165 0.236 0.199 0.236 0.164 
398 NS_SS1454    (2)    6 :  0.073 0.122 0.349 0.272 0.185 
399 NS_SS1412    (1)    6 :  0.204 0.140 0.166 0.262 0.229 
400 NS_SS1438    (1)    6 :  0.093 0.256 0.117 0.364 0.169 
401 NS_SS1416    (4)    6 :  0.139 0.191 0.236 0.192 0.242 
402 NS_SS1401    (0)    6 :  0.165 0.178 0.343 0.196 0.119 
403 NS_SS1424    (6)    6 :  0.152 0.139 0.368 0.197 0.144 
404 NS_SS1435    (9)    6 :  0.249 0.089 0.230 0.165 0.266 
405 NS_SS1447    (4)    6 :  0.131 0.325 0.164 0.126 0.253 
406 NS_SS1414    (3)    6 :  0.137 0.265 0.123 0.121 0.354 
407 NS_SS1449   (14)    6 :  0.321 0.123 0.274 0.141 0.141 
408 NS_SS1443    (4)    6 :  0.307 0.225 0.119 0.285 0.065 
409 NS_SS1434    (1)    6 :  0.481 0.146 0.103 0.182 0.088 
410 NS_SS1398    (1)    6 :  0.279 0.127 0.207 0.153 0.234 
411 NS_SS1426    (1)    6 :  0.168 0.141 0.173 0.390 0.127 
412 NS_SS1413    (0)    6 :  0.249 0.200 0.149 0.291 0.112 
413 NS_SS1395    (1)    6 :  0.203 0.171 0.241 0.288 0.098 
414 NS_SS1448   (10)    6 :  0.154 0.109 0.130 0.271 0.336 
415 NS_SS1446    (0)    6 :  0.187 0.165 0.230 0.299 0.118 
416 NS_SS1403    (2)    6 :  0.173 0.099 0.447 0.117 0.164 
417 NS_SS1415    (0)    6 :  0.185 0.166 0.138 0.307 0.204 
418 NS_SS1437    (4)    6 :  0.122 0.159 0.391 0.142 0.186 
419 NS_SS1439    (2)    6 :  0.213 0.319 0.161 0.180 0.126 
420 NS_SS1441    (3)    6 :  0.259 0.206 0.156 0.270 0.109 
421 NS_SS1420    (2)    6 :  0.150 0.106 0.072 0.108 0.564 
422 NS_SS1394    (2)    6 :  0.128 0.130 0.232 0.116 0.394 
423 NS_SS1391    (7)    6 :  0.380 0.094 0.172 0.248 0.105 
424 NS_SS1410    (5)    6 :  0.186 0.141 0.280 0.245 0.148 
425 NS_SS1408    (1)    6 :  0.138 0.223 0.328 0.135 0.177 
426 NS_SS1409    (1)    6 :  0.384 0.131 0.159 0.224 0.101 
427 HI_SS0617    (1)    7 :  0.350 0.101 0.120 0.263 0.167 
428 HI_SS0618    (2)    7 :  0.222 0.182 0.132 0.146 0.319 
429 HI_SS0619    (0)    7 :  0.268 0.114 0.143 0.210 0.265 
430 HI_SS0620    (1)    7 :  0.199 0.115 0.059 0.396 0.231 
431 HI_SS0621    (3)    7 :  0.222 0.202 0.233 0.137 0.206 
432 HI_SS0622    (1)    7 :  0.158 0.304 0.141 0.186 0.212 
433 HI_SS0626    (0)    7 :  0.092 0.110 0.211 0.183 0.404 
434 HI_SS0627    (0)    7 :  0.189 0.119 0.425 0.113 0.154 
435 HI_SS0628    (3)    7 :  0.115 0.098 0.285 0.322 0.179 
436 HI_SS0629    (1)    7 :  0.115 0.191 0.267 0.223 0.203 
437 HI_SS0630    (1)    7 :  0.220 0.170 0.110 0.239 0.261 
438 HI_SS0631    (0)    7 :  0.182 0.145 0.168 0.246 0.260 
439 HI_SS0632    (0)    7 :  0.102 0.264 0.149 0.182 0.303 
440 HI_SS0633    (0)    7 :  0.435 0.152 0.090 0.162 0.162 
441 HI_SS0634    (1)    7 :  0.127 0.121 0.301 0.194 0.256 
442 HI_SS0635    (0)    7 :  0.163 0.220 0.185 0.117 0.315 
443 HI_SS0637    (1)    7 :  0.084 0.322 0.225 0.188 0.181 
444 HI_SS0638    (0)    7 :  0.239 0.168 0.191 0.192 0.209 
445 HI_SS0639    (1)    7 :  0.194 0.224 0.190 0.111 0.282 
446 HI_SS0640    (1)    7 :  0.210 0.365 0.120 0.144 0.161 
447 HI_SS0641    (1)    7 :  0.084 0.140 0.116 0.325 0.334 
448 HI_SS0642    (0)    7 :  0.141 0.124 0.510 0.086 0.139 
449 HI_SS0645    (0)    7 :  0.176 0.154 0.089 0.079 0.502 
450 HI_SS0646    (1)    7 :  0.369 0.183 0.186 0.167 0.095 
451 HI_SS0647    (1)    7 :  0.243 0.175 0.257 0.158 0.166 
452 HI_SS0648    (0)    7 :  0.205 0.224 0.167 0.183 0.221 
453 HI_SS0649    (1)    7 :  0.240 0.231 0.162 0.188 0.178 
454 HI_SS0650    (1)    7 :  0.447 0.116 0.175 0.114 0.148 
455 HI_SS0651    (1)    7 :  0.252 0.214 0.152 0.171 0.211 
456 HI_SS0652    (1)    7 :  0.190 0.152 0.106 0.110 0.442 
457 NS_SS1371    (3)    7 :  0.265 0.135 0.287 0.222 0.091 
458 NS_SS1374    (0)    7 :  0.111 0.085 0.310 0.304 0.190 
459 NS_SS1337    (3)    7 :  0.155 0.132 0.324 0.101 0.288 
460 NS_SS1385    (5)    7 :  0.315 0.225 0.186 0.143 0.130 
461 NS_SS1388    (0)    7 :  0.191 0.114 0.198 0.226 0.271 
462 NS_SS1370    (1)    7 :  0.098 0.137 0.141 0.096 0.528 
463 NS_SS1389    (3)    7 :  0.178 0.109 0.193 0.156 0.364 
464 NS_SS1360    (1)    7 :  0.114 0.248 0.149 0.254 0.236 
465 NS_SS1330    (0)    7 :  0.233 0.223 0.135 0.099 0.310 
466 NS_SS1328    (8)    7 :  0.361 0.124 0.171 0.269 0.075 
467 NS_SS1384    (1)    7 :  0.132 0.301 0.217 0.194 0.156 
468 NS_SS1381    (0)    7 :  0.468 0.169 0.130 0.082 0.151 
469 NS_SS1375    (1)    7 :  0.312 0.066 0.162 0.137 0.323 
470 NS_SS1319   (10)    7 :  0.190 0.119 0.288 0.185 0.217 
471 NS_SS1326    (2)    7 :  0.240 0.094 0.144 0.388 0.134 
472 NS_SS1341    (1)    7 :  0.088 0.234 0.337 0.253 0.089 
473 NS_SS1383    (1)    7 :  0.096 0.128 0.443 0.160 0.174 
474 NS_SS1318    (3)    7 :  0.206 0.217 0.099 0.192 0.286 
475 NS_SS1348    (2)    7 :  0.130 0.217 0.203 0.323 0.127 
476 NS_SS1363    (0)    7 :  0.152 0.220 0.211 0.134 0.283 
477 NS_SS1335    (4)    7 :  0.085 0.312 0.193 0.233 0.176 
478 NS_SS1358    (0)    7 :  0.157 0.324 0.230 0.201 0.089 
479 NS_SS1342    (1)    7 :  0.141 0.203 0.364 0.224 0.068 
480 NS_SS1320    (2)    7 :  0.473 0.242 0.119 0.050 0.116 
481 NS_SS1355    (1)    7 :  0.207 0.418 0.119 0.116 0.140 
482 NS_SS1345    (1)    7 :  0.138 0.582 0.089 0.078 0.114 
483 NS_SS1324    (0)    7 :  0.168 0.180 0.200 0.267 0.185 
484 NS_SS1347    (5)    7 :  0.249 0.212 0.231 0.151 0.156 
485 NS_SS1321    (4)    7 :  0.120 0.089 0.358 0.277 0.156 
486 NS_SS1333    (0)    7 :  0.131 0.054 0.374 0.276 0.166 
487 NS_SS1364    (1)    7 :  0.088 0.416 0.172 0.226 0.098 
488 NS_SS1379    (0)    7 :  0.304 0.224 0.145 0.154 0.172 
489 NS_SS1332    (0)    7 :  0.107 0.123 0.221 0.383 0.166 
490 NS_SS1338    (5)    7 :  0.134 0.144 0.171 0.263 0.287 
491 NS_SS1368    (6)    7 :  0.089 0.287 0.263 0.270 0.092 
492 NS_SS1354    (1)    7 :  0.150 0.273 0.258 0.157 0.163 
493 NS_SS1365    (0)    7 :  0.172 0.220 0.194 0.132 0.282 
494 NS_SS1380    (1)    7 :  0.121 0.337 0.179 0.112 0.250 
495 NS_SS1329    (8)    7 :  0.114 0.194 0.397 0.232 0.063 
496 NS_SS1362    (0)    7 :  0.251 0.193 0.274 0.171 0.112 
497 NS_SS1327    (2)    7 :  0.134 0.071 0.136 0.530 0.129 
498 NS_SS1350    (0)    7 :  0.468 0.066 0.147 0.219 0.099 
499 NS_SS1387    (2)    7 :  0.114 0.193 0.122 0.174 0.397 
500 NS_SS1369    (8)    7 :  0.109 0.336 0.117 0.275 0.163 
501 NS_SS1331    (1)    7 :  0.107 0.089 0.264 0.211 0.329 
502 NS_SS1357    (4)    7 :  0.456 0.106 0.158 0.212 0.068 
503 NS_SS1386    (1)    7 :  0.072 0.165 0.301 0.397 0.065 
504 NS_SS1353    (2)    7 :  0.302 0.126 0.268 0.156 0.147 
505 NS_SS1323    (0)    7 :  0.202 0.273 0.284 0.088 0.152 
506 HI_SS0296    (0)    8 :  0.177 0.177 0.079 0.275 0.293 
507 HI_SS0297    (0)    8 :  0.286 0.085 0.418 0.108 0.104 
508 HI_SS0299    (0)    8 :  0.163 0.295 0.179 0.203 0.161 
509 HI_SS0300    (0)    8 :  0.152 0.366 0.092 0.181 0.209 
510 HI_SS0301    (0)    8 :  0.052 0.229 0.243 0.141 0.335 
511 HI_SS0302    (0)    8 :  0.102 0.222 0.091 0.265 0.320 
512 HI_SS0303    (0)    8 :  0.260 0.169 0.114 0.336 0.122 
513 HI_SS0304    (0)    8 :  0.204 0.082 0.194 0.199 0.321 
514 HI_SS0306    (5)    8 :  0.128 0.162 0.127 0.349 0.234 
515 HI_SS0307    (1)    8 :  0.193 0.260 0.199 0.115 0.234 
516 HI_SS0308    (1)    8 :  0.137 0.268 0.261 0.118 0.216 
517 HI_SS0309    (0)    8 :  0.168 0.370 0.144 0.123 0.194 
518 HI_SS0310    (0)    8 :  0.230 0.206 0.132 0.208 0.223 
519 HI_SS0311    (3)    8 :  0.101 0.233 0.192 0.180 0.295 
520 HI_SS0314    (0)    8 :  0.320 0.122 0.203 0.184 0.170 
521 HI_SS0316    (1)    8 :  0.165 0.234 0.182 0.253 0.166 
522 HI_SS0317    (3)    8 :  0.143 0.128 0.370 0.131 0.228 
523 HI_SS0318    (1)    8 :  0.088 0.151 0.294 0.322 0.144 
524 HI_SS0319    (0)    8 :  0.155 0.259 0.102 0.412 0.072 
525 HI_SS0320    (3)    8 :  0.146 0.066 0.476 0.097 0.214 
526 HI_SS0321    (0)    8 :  0.228 0.110 0.330 0.206 0.126 
527 HI_SS0323    (1)    8 :  0.176 0.153 0.123 0.311 0.237 
528 HI_SS0325    (2)    8 :  0.101 0.185 0.135 0.327 0.252 
529 HI_SS0327    (1)    8 :  0.384 0.186 0.154 0.225 0.051 
530 HI_SS0329    (1)    8 :  0.132 0.154 0.249 0.157 0.308 
531 HI_SS0333    (1)    8 :  0.189 0.193 0.221 0.204 0.193 
532 HI_SS0334    (1)    8 :  0.127 0.243 0.188 0.304 0.138 
533 HI_SS0335    (1)    8 :  0.203 0.373 0.183 0.101 0.140 
534 HI_SS0339    (0)    8 :  0.134 0.379 0.137 0.126 0.224 
535 HI_SS0343    (2)    8 :  0.230 0.317 0.261 0.097 0.094 
536 HI_SS0344    (1)    8 :  0.136 0.106 0.155 0.502 0.101 
537 HI_SS0345    (3)    8 :  0.085 0.251 0.223 0.188 0.252 
538 HI_SS0346    (0)    8 :  0.104 0.090 0.396 0.224 0.185 
539 HI_SS0350    (1)    8 :  0.177 0.468 0.070 0.065 0.220 
540 HI_SS0351    (0)    8 :  0.129 0.442 0.200 0.133 0.096 
541 HI_SS0352    (3)    8 :  0.173 0.251 0.278 0.129 0.169 
542 HI_SS0362    (0)    8 :  0.127 0.167 0.128 0.165 0.412 
543 HI_SS0363    (1)    8 :  0.284 0.214 0.108 0.296 0.097 
544 HI_SS0365    (0)    8 :  0.256 0.203 0.132 0.273 0.136 
545 HI_SS0366    (0)    8 :  0.185 0.145 0.108 0.417 0.144 
546 HI_SS0367    (1)    8 :  0.218 0.247 0.214 0.108 0.212 
547 HI_SS0369    (1)    8 :  0.180 0.234 0.178 0.115 0.293 
548 HI_SS0370    (0)    8 :  0.443 0.126 0.216 0.144 0.071 
549 HI_SS0371    (4)    8 :  0.101 0.169 0.152 0.353 0.225 
550 HI_SS0373    (3)    8 :  0.252 0.180 0.124 0.191 0.254 
551 HI_SS0374    (0)    8 :  0.223 0.198 0.225 0.137 0.216 
552 HI_SS0377    (0)    8 :  0.080 0.425 0.165 0.196 0.134 
553 HI_SS0379    (1)    8 :  0.076 0.119 0.210 0.511 0.084 
554 HI_SS0380    (1)    8 :  0.194 0.278 0.195 0.140 0.194 
555 HI_SS0381    (2)    8 :  0.129 0.312 0.242 0.095 0.222 
556 HI_SS0384    (3)    8 :  0.282 0.073 0.244 0.248 0.153 
557 HI_SS0385    (1)    8 :  0.129 0.106 0.174 0.266 0.325 


Estimated Allele Frequencies in each cluster
First column gives estimated ancestral frequencies


Locus 1 : 
2 alleles
3.4% missing data
   1   (0.736) 0.769 0.714 0.801 0.714 0.694 
   2   (0.264) 0.231 0.286 0.199 0.286 0.306 

Locus 2 : 
2 alleles
4.3% missing data
   1   (0.882) 0.868 0.908 0.856 0.914 0.900 
   2   (0.118) 0.132 0.092 0.144 0.086 0.100 

Locus 3 : 
2 alleles
3.9% missing data
   1   (0.860) 0.854 0.895 0.866 0.864 0.856 
   2   (0.140) 0.146 0.105 0.134 0.136 0.144 

Locus 4 : 
2 alleles
2.7% missing data
   1   (0.886) 0.924 0.912 0.827 0.911 0.890 
   2   (0.114) 0.076 0.088 0.173 0.089 0.110 

Locus 5 : 
2 alleles
2.7% missing data
   1   (0.822) 0.800 0.830 0.870 0.793 0.830 
   2   (0.178) 0.200 0.170 0.130 0.207 0.170 

Locus 6 : 
2 alleles
3.2% missing data
   1   (0.789) 0.808 0.768 0.821 0.755 0.820 
   2   (0.211) 0.192 0.232 0.179 0.245 0.180 

Locus 7 : 
2 alleles
3.8% missing data
   1   (0.800) 0.850 0.809 0.803 0.781 0.793 
   2   (0.200) 0.150 0.191 0.197 0.219 0.207 

Locus 8 : 
2 alleles
4.8% missing data
   1   (0.703) 0.684 0.697 0.725 0.691 0.735 
   2   (0.297) 0.316 0.303 0.275 0.309 0.265 

Locus 9 : 
2 alleles
3.1% missing data
   1   (0.792) 0.785 0.791 0.839 0.733 0.825 
   2   (0.208) 0.215 0.209 0.161 0.267 0.175 

Locus 10 : 
2 alleles
4.7% missing data
   1   (0.886) 0.932 0.889 0.864 0.886 0.899 
   2   (0.114) 0.068 0.111 0.136 0.114 0.101 

Locus 11 : 
2 alleles
3.2% missing data
   1   (0.861) 0.902 0.903 0.841 0.824 0.860 
   2   (0.139) 0.098 0.097 0.159 0.176 0.140 

Locus 12 : 
2 alleles
4.8% missing data
   1   (0.729) 0.699 0.712 0.769 0.742 0.744 
   2   (0.271) 0.301 0.288 0.231 0.258 0.256 

Locus 13 : 
2 alleles
4.7% missing data
   1   (0.884) 0.908 0.874 0.920 0.871 0.881 
   2   (0.116) 0.092 0.126 0.080 0.129 0.119 

Locus 14 : 
2 alleles
3.9% missing data
   1   (0.871) 0.911 0.871 0.857 0.874 0.889 
   2   (0.129) 0.089 0.129 0.143 0.126 0.111 

Locus 15 : 
2 alleles
3.9% missing data
   1   (0.506) 0.462 0.507 0.512 0.537 0.509 
   2   (0.494) 0.538 0.493 0.488 0.463 0.491 

Locus 16 : 
2 alleles
4.3% missing data
   1   (0.607) 0.571 0.635 0.562 0.559 0.710 
   2   (0.393) 0.429 0.365 0.438 0.441 0.290 

Locus 17 : 
2 alleles
4.1% missing data
   1   (0.771) 0.767 0.808 0.758 0.752 0.797 
   2   (0.229) 0.233 0.192 0.242 0.248 0.203 

Locus 18 : 
2 alleles
2.3% missing data
   1   (0.890) 0.895 0.875 0.896 0.925 0.903 
   2   (0.110) 0.105 0.125 0.104 0.075 0.097 

Locus 19 : 
2 alleles
4.3% missing data
   1   (0.708) 0.700 0.729 0.682 0.688 0.763 
   2   (0.292) 0.300 0.271 0.318 0.312 0.237 

Locus 20 : 
2 alleles
3.2% missing data
   1   (0.883) 0.911 0.834 0.841 0.918 0.933 
   2   (0.117) 0.089 0.166 0.159 0.082 0.067 

Locus 21 : 
2 alleles
3.4% missing data
   1   (0.559) 0.579 0.652 0.544 0.445 0.567 
   2   (0.441) 0.421 0.348 0.456 0.555 0.433 

Locus 22 : 
2 alleles
4.8% missing data
   1   (0.851) 0.854 0.872 0.873 0.838 0.855 
   2   (0.149) 0.146 0.128 0.127 0.162 0.145 

Locus 23 : 
2 alleles
4.3% missing data
   1   (0.879) 0.848 0.912 0.900 0.888 0.877 
   2   (0.121) 0.152 0.088 0.100 0.112 0.123 

Locus 24 : 
2 alleles
3.2% missing data
   1   (0.544) 0.480 0.522 0.594 0.530 0.586 
   2   (0.456) 0.520 0.478 0.406 0.470 0.414 

Locus 25 : 
2 alleles
4.3% missing data
   2   (0.468) 0.520 0.440 0.403 0.508 0.485 
   1   (0.532) 0.480 0.560 0.597 0.492 0.515 

Locus 26 : 
2 alleles
4.3% missing data
   1   (0.837) 0.836 0.841 0.808 0.873 0.863 
   2   (0.163) 0.164 0.159 0.192 0.127 0.137 

Locus 27 : 
2 alleles
2.2% missing data
   1   (0.599) 0.580 0.585 0.576 0.656 0.614 
   2   (0.401) 0.420 0.415 0.424 0.344 0.386 

Locus 28 : 
2 alleles
4.1% missing data
   1   (0.859) 0.906 0.800 0.845 0.888 0.891 
   2   (0.141) 0.094 0.200 0.155 0.112 0.109 

Locus 29 : 
2 alleles
1.8% missing data
   1   (0.876) 0.890 0.898 0.888 0.877 0.870 
   2   (0.124) 0.110 0.102 0.112 0.123 0.130 

Locus 30 : 
2 alleles
4.5% missing data
   1   (0.864) 0.870 0.896 0.829 0.884 0.878 
   2   (0.136) 0.130 0.104 0.171 0.116 0.122 

Locus 31 : 
2 alleles
4.3% missing data
   1   (0.785) 0.840 0.726 0.773 0.802 0.821 
   2   (0.215) 0.160 0.274 0.227 0.198 0.179 

Locus 32 : 
2 alleles
