   NS_SS0963  1 0.4447 0.2030 0.1535 0.1988 
   NS_SS0983  1 0.1889 0.1765 0.4896 0.1450 
   NS_SS0719  1 0.2586 0.2878 0.2473 0.2063 
   NS_SS1001  1 0.1550 0.3160 0.1340 0.3950 
   NS_SS0936  1 0.3715 0.1169 0.1424 0.3692 
   NS_SS0955  1 0.3559 0.1995 0.3131 0.1316 
   NS_SS0944  1 0.3249 0.2111 0.2438 0.2201 
   NS_SS0945  1 0.1615 0.2038 0.2927 0.3420 
   NS_SS0922  1 0.2009 0.2677 0.1203 0.4111 
   NS_SS0929  1 0.3004 0.1949 0.3192 0.1855 
   NS_SS0956  1 0.1510 0.4821 0.1181 0.2489 
   NS_SS0906  1 0.3678 0.1950 0.2728 0.1644 
   NS_SS0721  1 0.1616 0.4653 0.2064 0.1667 
   NS_SS0982  1 0.3973 0.2577 0.1675 0.1775 
   NS_SS0923  1 0.2790 0.2792 0.1766 0.2652 
   NS_SS0905  1 0.2179 0.3334 0.2433 0.2054 
   NS_SS0925  1 0.3528 0.2544 0.1103 0.2825 
   NS_SS0947  1 0.3381 0.1875 0.1659 0.3084 
   NS_SS0926  1 0.2499 0.1935 0.4373 0.1192 
   NS_SS0918  1 0.3998 0.3226 0.1294 0.1483 
   NS_SS0966  1 0.3973 0.2252 0.1721 0.2054 
   NS_SS0938  1 0.2535 0.1642 0.1389 0.4433 
   NS_SS0917  1 0.1741 0.1952 0.3642 0.2665 
   NS_SS0957  1 0.2150 0.4236 0.1960 0.1653 
   NS_SS0987  1 0.1580 0.5458 0.1985 0.0978 
   NS_SS0717  1 0.1874 0.3378 0.1369 0.3379 
   NS_SS0986  1 0.2093 0.3609 0.2986 0.1312 
   NS_SS0953  1 0.3222 0.2628 0.1380 0.2770 
   NS_SS0907  1 0.4671 0.1594 0.2239 0.1496 
   NS_SS0974  1 0.3444 0.1336 0.2356 0.2865 
   NS_SS0989  1 0.1736 0.1305 0.4321 0.2637 
   NS_SS0991  1 0.2857 0.3302 0.3023 0.0818 
   NS_SS0994  1 0.1193 0.0924 0.5445 0.2439 
   NS_SS0931  1 0.2139 0.2925 0.3763 0.1173 
   NS_SS1000  1 0.3115 0.1857 0.1510 0.3518 
   NS_SS0919  1 0.4633 0.1432 0.2788 0.1147 
   NS_SS0949  1 0.1935 0.1691 0.3911 0.2463 
   NS_SS0960  1 0.3049 0.2794 0.2945 0.1212 
   NS_SS0716  1 0.0882 0.5227 0.1335 0.2556 
   NS_SS0924  1 0.3678 0.2177 0.2692 0.1452 
   NS_SS0935  1 0.1615 0.3177 0.3801 0.1407 
   NS_SS0952  1 0.3436 0.1571 0.3593 0.1399 
   NS_SS0962  1 0.2752 0.2848 0.1591 0.2810 
   NS_SS0973  1 0.4387 0.1708 0.1869 0.2035 
   NS_SS0722  1 0.2086 0.1542 0.1093 0.5279 
   NS_SS0979  1 0.2947 0.3844 0.1484 0.1725 
   NS_SS0993  1 0.3291 0.2393 0.1106 0.3210 
   NS_SS0958  1 0.1968 0.2179 0.3654 0.2199 
   NS_SS0988  1 0.3852 0.2223 0.2781 0.1143 
   NS_SS1003  1 0.3843 0.4053 0.0960 0.1144 
   NS_SS0976  1 0.3020 0.1827 0.3517 0.1636 
   NS_SS0964  1 0.1768 0.3148 0.1063 0.4021 
   NS_SS0939  1 0.0767 0.4597 0.0988 0.3649 
   NS_SS0990  1 0.1559 0.2821 0.3196 0.2425 
   NS_SS0984  1 0.1900 0.2547 0.1053 0.4500 
   NS_SS0980  1 0.3908 0.1181 0.1287 0.3624 
   NS_SS0978  1 0.3155 0.1520 0.1714 0.3612 
   NS_SS0951  1 0.1863 0.4225 0.2883 0.1029 
   NS_SS0913  1 0.1614 0.4079 0.1532 0.2775 
   NS_SS1002  1 0.5604 0.1269 0.1233 0.1895 
   NS_SS0948  1 0.3055 0.2706 0.2582 0.1656 
   NS_SS0916  1 0.1496 0.1886 0.2520 0.4098 
   NS_SS0995  1 0.1777 0.3048 0.1728 0.3447 
   NS_SS0927  1 0.1802 0.1533 0.3520 0.3145 
   NS_SS0992  1 0.2829 0.1035 0.2250 0.3887 
   NS_SS0912  1 0.1958 0.4253 0.2694 0.1095 
   NS_SS0981  1 0.3841 0.3373 0.1480 0.1306 
   NS_SS0729  2 0.2557 0.0723 0.4211 0.2510 
   NS_SS0967  2 0.5095 0.1611 0.1462 0.1833 
   NS_SS0941  2 0.1686 0.2166 0.1775 0.4373 
   NS_SS0768  2 0.3024 0.3475 0.1847 0.1653 
   NS_SS0726  2 0.2648 0.0869 0.2875 0.3608 
   NS_SS0763  2 0.2298 0.1468 0.3579 0.2655 
   NS_SS0730  2 0.2029 0.3307 0.1537 0.3127 
   NS_SS0774  2 0.2954 0.1628 0.1133 0.4284 
   NS_SS0723  2 0.3866 0.2300 0.0909 0.2925 
   NS_SS0940  2 0.1152 0.2627 0.2858 0.3362 
   NS_SS0762  2 0.1549 0.2746 0.0817 0.4889 
   NS_SS0766  2 0.0898 0.2814 0.2326 0.3962 
   NS_SS0724  2 0.2983 0.3580 0.1414 0.2023 
   NS_SS0769  2 0.2953 0.2723 0.2267 0.2057 
   NS_SS0777  2 0.2163 0.3082 0.3386 0.1369 
   NS_SS0734  2 0.1311 0.3580 0.2618 0.2492 
   NS_SS0737  2 0.1235 0.1631 0.0963 0.6170 
   NS_SS0732  2 0.2296 0.4945 0.1271 0.1488 
   NS_SS0728  2 0.1501 0.2396 0.1895 0.4208 
   NS_SS0735  2 0.1893 0.2566 0.1513 0.4028 
   NS_SS0725  2 0.2008 0.2186 0.1436 0.4370 
   NS_SS0788  2 0.3576 0.2186 0.2207 0.2031 
   NS_SS0778  2 0.2704 0.2544 0.3195 0.1557 
   NS_SS0792  2 0.2108 0.3203 0.2569 0.2121 
   NS_SS0943  2 0.3691 0.1986 0.3238 0.1084 
   NS_SS0791  2 0.0889 0.3035 0.2868 0.3208 
   NS_SS0790  2 0.3170 0.4349 0.0661 0.1820 
   NS_SS0731  2 0.1591 0.4869 0.1633 0.1907 
   NS_SS0727  2 0.1057 0.1024 0.3101 0.4818 
   NS_SS0779  2 0.2231 0.2996 0.2413 0.2360 
   NS_SS0776  2 0.1770 0.2454 0.2054 0.3723 
   NS_SS0775  2 0.1323 0.2857 0.1168 0.4652 
   NS_SS0965  3 0.3345 0.3710 0.1586 0.1358 
   NS_SS0754  3 0.1851 0.3065 0.3308 0.1776 
   NS_SS0838  3 0.2781 0.1926 0.2560 0.2732 
   NS_SS0839  3 0.2462 0.2905 0.1019 0.3614 
   NS_SS0832  3 0.4036 0.3130 0.0798 0.2036 
   NS_SS0820  3 0.3358 0.3720 0.1087 0.1835 
   NS_SS0886  3 0.1917 0.3082 0.3127 0.1873 
   NS_SS0748  3 0.3064 0.2476 0.3025 0.1435 
   NS_SS0884  3 0.3064 0.2024 0.2268 0.2643 
   NS_SS0752  3 0.2846 0.1671 0.1803 0.3680 
   NS_SS0862  3 0.2276 0.4925 0.1129 0.1669 
   NS_SS0787  3 0.1783 0.1427 0.5693 0.1097 
   NS_SS0843  3 0.2933 0.2577 0.2099 0.2391 
   NS_SS0856  3 0.1467 0.2027 0.2259 0.4247 
   NS_SS0846  3 0.4457 0.0874 0.2475 0.2194 
   NS_SS0825  3 0.3472 0.2531 0.2444 0.1553 
   NS_SS0757  3 0.2441 0.3100 0.2902 0.1557 
   NS_SS0876  3 0.2442 0.2406 0.1780 0.3372 
   NS_SS0903  3 0.4171 0.1301 0.1061 0.3468 
   NS_SS0875  3 0.1650 0.3823 0.2326 0.2202 
   NS_SS0740  3 0.2768 0.2409 0.1977 0.2845 
   NS_SS0811  3 0.1697 0.5623 0.1072 0.1609 
   NS_SS0751  3 0.1772 0.2660 0.2022 0.3546 
   NS_SS0891  3 0.2158 0.2475 0.1984 0.3383 
   NS_SS0867  3 0.4715 0.1869 0.2406 0.1010 
   NS_SS0890  3 0.2631 0.2360 0.2157 0.2853 
   NS_SS0866  3 0.1361 0.1425 0.5202 0.2012 
   NS_SS0755  3 0.3357 0.3072 0.1770 0.1801 
   NS_SS0758  3 0.2195 0.1887 0.2269 0.3650 
   NS_SS0840  3 0.4306 0.2666 0.0891 0.2136 
   NS_SS0889  3 0.1746 0.3057 0.3948 0.1249 
   NS_SS1010  3 0.4308 0.2178 0.1978 0.1536 
   NS_SS0888  3 0.1243 0.1617 0.4198 0.2942 
   NS_SS0837  3 0.3757 0.3842 0.1154 0.1247 
   NS_SS0794  3 0.1221 0.1953 0.3600 0.3226 
   NS_SS0823  3 0.3688 0.1685 0.1194 0.3434 
   NS_SS0829  3 0.1859 0.2703 0.4644 0.0794 
   NS_SS0844  3 0.6416 0.1564 0.0792 0.1228 
   NS_SS1008  3 0.1419 0.2015 0.3243 0.3323 
   NS_SS0881  3 0.2268 0.2843 0.2843 0.2046 
   NS_SS0834  3 0.2076 0.1641 0.1241 0.5043 
   NS_SS0744  3 0.3286 0.2133 0.2257 0.2325 
   NS_SS0899  3 0.2028 0.5263 0.1157 0.1552 
   NS_SS0804  3 0.3202 0.3662 0.0856 0.2280 
   NS_SS0781  3 0.3988 0.2451 0.1171 0.2390 
   NS_SS0822  3 0.2313 0.1887 0.2459 0.3341 
   NS_SS1004  3 0.4322 0.2128 0.1669 0.1880 
   NS_SS0746  3 0.3927 0.1455 0.2304 0.2314 
   NS_SS0880  3 0.4033 0.1993 0.1515 0.2459 
   NS_SS0879  3 0.2565 0.2509 0.1611 0.3315 
   NS_SS0753  3 0.2545 0.3155 0.3143 0.1157 
   NS_SS1007  3 0.1603 0.1428 0.1967 0.5002 
   NS_SS0872  3 0.3240 0.2346 0.1444 0.2969 
   NS_SS1005  3 0.4582 0.1650 0.1565 0.2202 
   NS_SS0892  3 0.2153 0.2731 0.2415 0.2700 
   NS_SS0898  3 0.2257 0.2955 0.2809 0.1979 
   NS_SS0801  3 0.2655 0.3782 0.2187 0.1376 
   NS_SS0827  3 0.1889 0.4417 0.2811 0.0884 
   NS_SS0853  3 0.1491 0.4719 0.2726 0.1064 
   NS_SS0780  3 0.2305 0.3398 0.1543 0.2754 
   NS_SS0826  3 0.5427 0.1632 0.1995 0.0947 
   NS_SS0818  3 0.2460 0.3351 0.0931 0.3257 
   NS_SS0745  3 0.0760 0.4250 0.0902 0.4088 
   NS_SS0849  3 0.2217 0.5208 0.1624 0.0951 
   NS_SS0739  3 0.1590 0.3465 0.2265 0.2680 
   NS_SS0799  3 0.1523 0.2162 0.3121 0.3194 
   NS_SS0756  3 0.4844 0.2768 0.1044 0.1344 
   NS_SS0802  3 0.2674 0.1398 0.3051 0.2878 
   NS_SS0747  3 0.3950 0.1734 0.2188 0.2128 
   NS_SS0835  3 0.2300 0.1079 0.4856 0.1765 
   NS_SS0742  3 0.2918 0.2756 0.1807 0.2519 
   NS_SS0760  3 0.1824 0.1724 0.4626 0.1827 
   NS_SS0803  3 0.4851 0.1401 0.0993 0.2754 
   NS_SS0828  3 0.1742 0.4168 0.2243 0.1847 
   NS_SS0865  3 0.3561 0.3013 0.2306 0.1120 
   NS_SS0759  3 0.2086 0.3548 0.1158 0.3209 
   NS_SS0851  3 0.1782 0.5691 0.1155 0.1372 
   NS_SS0874  3 0.4656 0.1915 0.1371 0.2058 
   NS_SS0761  3 0.2417 0.2423 0.4068 0.1092 
   NS_SS0842  3 0.2345 0.2317 0.3065 0.2273 
   NS_SS0785  3 0.3029 0.2097 0.2918 0.1956 
   NS_SS0860  3 0.2316 0.1206 0.4976 0.1501 
   NS_SS0897  3 0.1251 0.2156 0.5110 0.1483 
   NS_SS0841  3 0.2151 0.4286 0.1074 0.2490 
   NS_SS0797  3 0.2364 0.3420 0.3095 0.1121 
   NS_SS0830  3 0.2847 0.3341 0.2229 0.1584 
   NS_SS1011  3 0.5026 0.2104 0.1204 0.1666 
   NS_SS0883  3 0.1922 0.3827 0.2813 0.1439 
   NS_SS0782  3 0.1580 0.1713 0.2445 0.4262 
   NS_SS0831  3 0.1355 0.3544 0.4038 0.1064 
   NS_SS0749  3 0.1407 0.3479 0.2424 0.2689 
   NS_SS0854  3 0.1862 0.1668 0.2380 0.4090 
   HI_SS0193  4 0.1269 0.2510 0.3125 0.3095 
   HI_SS0194  4 0.2140 0.1521 0.1503 0.4836 
   HI_SS0195  4 0.1905 0.4878 0.1026 0.2191 
   HI_SS0196  4 0.1554 0.1670 0.2501 0.4275 
   HI_SS0197  4 0.3862 0.1386 0.1990 0.2762 
   HI_SS0198  4 0.1818 0.3507 0.2931 0.1743 
   HI_SS0199  4 0.1511 0.1350 0.3066 0.4074 
   HI_SS0201  4 0.2898 0.1871 0.4416 0.0815 
   HI_SS0215  4 0.2742 0.1842 0.4536 0.0880 
   HI_SS0218  4 0.0933 0.2075 0.4676 0.2316 
   HI_SS0222  4 0.1428 0.3363 0.2236 0.2973 
   HI_SS0230  4 0.3369 0.3228 0.2057 0.1347 
   HI_SS0234  4 0.2827 0.0896 0.1988 0.4289 
   HI_SS0240  4 0.1209 0.1886 0.1699 0.5206 
   HI_SS0241  4 0.2503 0.1875 0.3840 0.1782 
   HI_SS0242  4 0.2935 0.2415 0.2416 0.2235 
   HI_SS0247  4 0.4331 0.2570 0.1750 0.1349 
   HI_SS0248  4 0.1453 0.1087 0.3866 0.3594 
   HI_SS0252  4 0.1896 0.2595 0.1552 0.3958 
   HI_SS0254  4 0.3384 0.1733 0.2846 0.2037 
   HI_SS0256  4 0.4552 0.2281 0.0479 0.2688 
   HI_SS0257  4 0.3282 0.0790 0.3802 0.2125 
   HI_SS0258  4 0.1740 0.2392 0.3920 0.1948 
   HI_SS0259  4 0.2190 0.2253 0.1594 0.3963 
   HI_SS0260  4 0.1677 0.1553 0.3943 0.2828 
   HI_SS0261  4 0.3339 0.1200 0.2682 0.2779 
   HI_SS0262  4 0.2307 0.3693 0.1747 0.2253 
   HI_SS0264  4 0.2603 0.3798 0.1853 0.1746 
   HI_SS0265  4 0.3043 0.3437 0.1766 0.1754 
   HI_SS0268  4 0.1450 0.3424 0.3100 0.2026 
   HI_SS0269  4 0.2462 0.0762 0.4886 0.1889 
   HI_SS0273  4 0.4004 0.1539 0.3094 0.1363 
   HI_SS0277  4 0.4930 0.2138 0.1573 0.1360 
   HI_SS0280  4 0.1269 0.4353 0.2029 0.2348 
   HI_SS0282  4 0.3192 0.2103 0.2938 0.1767 
   HI_SS0286  4 0.2000 0.3350 0.2900 0.1750 
   NS_SS1252  5 0.1373 0.1493 0.5526 0.1607 
   NS_SS1261  5 0.2861 0.2367 0.2673 0.2099 
   NS_SS1225  5 0.4493 0.1460 0.2954 0.1093 
   NS_SS1266  5 0.5389 0.1993 0.0840 0.1778 
   NS_SS1228  5 0.1416 0.5343 0.1477 0.1764 
   NS_SS1255  5 0.1576 0.1286 0.1738 0.5400 
   NS_SS1267  5 0.0951 0.1768 0.5884 0.1397 
   NS_SS1238  5 0.1900 0.3520 0.2662 0.1919 
   NS_SS1233  5 0.4338 0.2994 0.1366 0.1302 
   NS_SS1277  5 0.0859 0.1914 0.3413 0.3813 
   NS_SS1245  5 0.3219 0.1365 0.2820 0.2596 
   NS_SS1240  5 0.1236 0.1085 0.6040 0.1638 
   NS_SS1275  5 0.3670 0.2889 0.0890 0.2551 
   NS_SS1235  5 0.3290 0.0724 0.1624 0.4363 
   NS_SS1263  5 0.3043 0.2165 0.1277 0.3515 
   NS_SS1251  5 0.4345 0.1864 0.1507 0.2283 
   NS_SS1248  5 0.1002 0.6229 0.1978 0.0791 
   NS_SS1244  5 0.4526 0.1861 0.2065 0.1547 
   NS_SS1257  5 0.1522 0.2035 0.3941 0.2502 
   NS_SS1242  5 0.2643 0.2559 0.1330 0.3467 
   NS_SS1271  5 0.1384 0.1536 0.5306 0.1775 
   NS_SS1265  5 0.2287 0.1732 0.4509 0.1473 
   NS_SS1243  5 0.1102 0.4263 0.1657 0.2978 
   NS_SS1273  5 0.2233 0.2847 0.1131 0.3788 
   NS_SS1254  5 0.3799 0.2556 0.1472 0.2173 
   NS_SS1224  5 0.3215 0.3812 0.1220 0.1754 
   NS_SS1227  5 0.2085 0.1301 0.3938 0.2676 
   NS_SS1274  5 0.1852 0.2359 0.3262 0.2528 
   NS_SS1241  5 0.3849 0.1759 0.2751 0.1641 
   NS_SS1256  5 0.4788 0.1127 0.2535 0.1550 
   NS_SS1260  5 0.2164 0.1388 0.4109 0.2338 
   NS_SS1262  5 0.3769 0.2255 0.2763 0.1213 
   NS_SS1230  5 0.2720 0.2277 0.2882 0.2122 
   NS_SS1270  5 0.3670 0.3961 0.1435 0.0934 
   NS_SS1229  5 0.2988 0.0658 0.1229 0.5125 
   NS_SS1246  5 0.1943 0.1143 0.3808 0.3106 
   NS_SS1269  5 0.2284 0.3000 0.1883 0.2833 
   NS_SS1239  5 0.1422 0.3452 0.1264 0.3863 
   NS_SS1272  5 0.4857 0.1623 0.2032 0.1488 
   NS_SS1268  5 0.2691 0.4851 0.1277 0.1182 
   NS_SS1249  5 0.1357 0.0962 0.4785 0.2896 
   HI_SS0559  6 0.1950 0.2974 0.2466 0.2609 
   HI_SS0563  6 0.3253 0.2417 0.2242 0.2089 
   HI_SS0564  6 0.2743 0.2675 0.1911 0.2671 
   HI_SS0565  6 0.3714 0.1534 0.3130 0.1621 
   HI_SS0569  6 0.3384 0.2024 0.3878 0.0714 
   HI_SS0570  6 0.1101 0.2368 0.4404 0.2127 
   HI_SS0572  6 0.2572 0.1247 0.1349 0.4833 
   HI_SS0576  6 0.1441 0.4516 0.1464 0.2578 
   HI_SS0579  6 0.4015 0.1327 0.2700 0.1958 
   HI_SS0580  6 0.1349 0.2108 0.3370 0.3174 
   HI_SS0581  6 0.2765 0.3883 0.1177 0.2175 
   HI_SS0583  6 0.1818 0.1140 0.4411 0.2631 
   HI_SS0586  6 0.1139 0.2751 0.5146 0.0964 
   HI_SS0588  6 0.2593 0.1950 0.3439 0.2018 
   HI_SS0595  6 0.2884 0.1373 0.3544 0.2199 
   HI_SS0596  6 0.1501 0.1738 0.1098 0.5663 
   HI_SS0597  6 0.2766 0.1344 0.1654 0.4236 
   HI_SS0600  6 0.2537 0.2060 0.3047 0.2355 
   HI_SS0601  6 0.4561 0.2170 0.2434 0.0835 
   HI_SS0602  6 0.1002 0.3740 0.3558 0.1699 
   HI_SS0604  6 0.2131 0.3013 0.2356 0.2501 
   HI_SS0605  6 0.1428 0.3390 0.2932 0.2249 
   HI_SS0608  6 0.1238 0.3545 0.2183 0.3034 
   HI_SS0609  6 0.4641 0.1667 0.1299 0.2393 
   HI_SS0611  6 0.1107 0.3286 0.4215 0.1392 
   HI_SS0612  6 0.4857 0.0753 0.1834 0.2555 
   HI_SS0613  6 0.1870 0.4844 0.2180 0.1106 
   HI_SS0615  6 0.1653 0.3080 0.0922 0.4346 
   HI_SS0001  6 0.1829 0.1204 0.2793 0.4174 
   HI_SS0002  6 0.4438 0.1934 0.1172 0.2456 
   HI_SS0004  6 0.0975 0.2352 0.3665 0.3008 
   HI_SS0005  6 0.1630 0.5176 0.1869 0.1325 
   HI_SS0006  6 0.3953 0.1109 0.3368 0.1570 
   HI_SS0007  6 0.0870 0.4642 0.3029 0.1459 
   HI_SS0008  6 0.3353 0.3062 0.1909 0.1676 
   HI_SS0009  6 0.1253 0.4012 0.1092 0.3643 
   HI_SS0010  6 0.1885 0.3817 0.2952 0.1346 
   HI_SS0011  6 0.5111 0.2422 0.1470 0.0997 
   HI_SS0012  6 0.3487 0.2606 0.1223 0.2684 
   HI_SS0017  6 0.1314 0.1753 0.1372 0.5561 
   HI_SS0021  6 0.2140 0.2376 0.4048 0.1436 
   HI_SS0024  6 0.1895 0.3435 0.1558 0.3113 
   HI_SS0025  6 0.1818 0.2849 0.1425 0.3908 
   HI_SS0027  6 0.1970 0.2852 0.3412 0.1767 
   HI_SS0028  6 0.2665 0.4840 0.0924 0.1570 
   HI_SS0029  6 0.1259 0.2670 0.2629 0.3442 
   HI_SS0030  6 0.2702 0.2147 0.2466 0.2686 
   HI_SS0031  6 0.3983 0.1330 0.1721 0.2965 
   HI_SS0034  6 0.2390 0.1111 0.3985 0.2514 
   HI_SS0036  6 0.1013 0.2686 0.4720 0.1581 
   HI_SS0037  6 0.1473 0.2696 0.4721 0.1111 
   HI_SS0039  6 0.1671 0.4062 0.3152 0.1115 
   HI_SS0041  6 0.1173 0.4394 0.1375 0.3057 
   HI_SS0042  6 0.2520 0.2782 0.1335 0.3363 
   HI_SS0043  6 0.1946 0.1689 0.5311 0.1054 
   HI_SS0044  6 0.0966 0.1552 0.3023 0.4460 
   HI_SS0047  6 0.2372 0.2818 0.1487 0.3323 
   HI_SS0049  6 0.2012 0.2082 0.1562 0.4343 
   HI_SS0051  6 0.3026 0.4136 0.1763 0.1075 
   HI_SS0053  6 0.2488 0.1231 0.4510 0.1771 
   HI_SS0054  6 0.3218 0.2229 0.3681 0.0873 
   HI_SS0057  6 0.2194 0.4226 0.1661 0.1919 
   HI_SS0058  6 0.2223 0.2108 0.3705 0.1963 
   HI_SS0060  6 0.2780 0.4008 0.1868 0.1344 
   HI_SS0087  6 0.3579 0.1456 0.2865 0.2099 
   HI_SS0091  6 0.2741 0.0852 0.5009 0.1398 
   HI_SS0095  6 0.3121 0.1854 0.2656 0.2369 
   HI_SS0097  6 0.5372 0.1637 0.1521 0.1469 
   HI_SS0099  6 0.1472 0.3282 0.2071 0.3175 
   HI_SS0103  6 0.2983 0.1307 0.1935 0.3776 
   HI_SS0105  6 0.4184 0.2389 0.2155 0.1271 
   HI_SS0107  6 0.2439 0.1370 0.0968 0.5223 
   HI_SS0108  6 0.1364 0.1309 0.5820 0.1507 
   HI_SS0110  6 0.3321 0.1099 0.2496 0.3084 
   HI_SS0111  6 0.2144 0.2863 0.2318 0.2675 
   HI_SS0112  6 0.1255 0.1533 0.5385 0.1827 
   HI_SS0113  6 0.2953 0.2213 0.1208 0.3627 
   HI_SS0114  6 0.1758 0.3307 0.3900 0.1035 
   HI_SS0115  6 0.1500 0.2335 0.2198 0.3967 
   HI_SS0116  6 0.1153 0.1104 0.3990 0.3753 
   HI_SS0117  6 0.4482 0.1008 0.3072 0.1438 
   HI_SS0118  6 0.3015 0.1369 0.3700 0.1916 
   HI_SS0119  6 0.3839 0.1814 0.3097 0.1250 
   HI_SS0120  6 0.2513 0.1202 0.1045 0.5239 
   HI_SS0121  6 0.4114 0.3929 0.1149 0.0808 
   HI_SS0122  6 0.2746 0.2711 0.2554 0.1988 
   HI_SS0123  6 0.4295 0.1308 0.2211 0.2186 
   HI_SS0124  6 0.1374 0.2932 0.0942 0.4752 
   HI_SS0125  6 0.1677 0.3920 0.1092 0.3311 
   HI_SS0126  6 0.1304 0.1297 0.4324 0.3075 
   HI_SS0127  6 0.2259 0.4743 0.1957 0.1041 
   HI_SS0128  6 0.2742 0.1351 0.1877 0.4030 
   HI_SS0129  6 0.1209 0.1970 0.3770 0.3050 
   HI_SS0131  6 0.2378 0.3564 0.3244 0.0813 
   HI_SS0132  6 0.3332 0.2821 0.2179 0.1668 
   HI_SS0133  6 0.1117 0.1540 0.5509 0.1834 
   HI_SS0134  6 0.3690 0.1633 0.2514 0.2164 
   HI_SS0142  6 0.4469 0.2242 0.1932 0.1357 
   HI_SS0145  6 0.3199 0.1367 0.2652 0.2783 
   HI_SS0146  6 0.2652 0.2463 0.3000 0.1885 
   HI_SS0147  6 0.3168 0.4371 0.1233 0.1228 
   HI_SS0149  6 0.4959 0.1552 0.2262 0.1228 
   HI_SS0150  6 0.1823 0.3952 0.1234 0.2991 
   HI_SS0151  6 0.1345 0.2157 0.2300 0.4198 
   NS_SS1451  6 0.1482 0.3641 0.0998 0.3879 
   NS_SS1404  6 0.1803 0.4659 0.1905 0.1632 
   NS_SS1432  6 0.1660 0.2639 0.1468 0.4233 
   NS_SS1405  6 0.1678 0.2324 0.2281 0.3717 
   NS_SS1431  6 0.2595 0.2473 0.1161 0.3770 
   NS_SS1402  6 0.3437 0.1307 0.2673 0.2583 
   NS_SS1450  6 0.1168 0.2020 0.3315 0.3497 
   NS_SS1396  6 0.2516 0.3008 0.2333 0.2143 
   NS_SS1393  6 0.1802 0.2393 0.3212 0.2593 
   NS_SS1392  6 0.0800 0.2971 0.1444 0.4785 
   NS_SS1445  6 0.2781 0.2020 0.4017 0.1182 
   NS_SS1423  6 0.2777 0.1265 0.2907 0.3050 
   NS_SS1421  6 0.2873 0.1794 0.2980 0.2353 
   NS_SS1411  6 0.0892 0.4208 0.3590 0.1310 
   NS_SS1453  6 0.2581 0.2144 0.3673 0.1602 
   NS_SS1442  6 0.3144 0.2409 0.2303 0.2144 
   NS_SS1422  6 0.3598 0.1245 0.1759 0.3398 
   NS_SS1419  6 0.3305 0.3830 0.1714 0.1151 
   NS_SS1427  6 0.0694 0.0950 0.4514 0.3843 
   NS_SS1444  6 0.2268 0.3946 0.1642 0.2144 
   NS_SS1455  6 0.3566 0.1663 0.1146 0.3625 
   NS_SS1425  6 0.2065 0.1851 0.5107 0.0978 
   NS_SS1400  6 0.2462 0.2404 0.3936 0.1198 
   NS_SS1406  6 0.5566 0.1799 0.0973 0.1663 
   NS_SS1417  6 0.3467 0.1906 0.2697 0.1930 
   NS_SS1454  6 0.2440 0.2633 0.3631 0.1296 
   NS_SS1412  6 0.1930 0.2542 0.3110 0.2418 
   NS_SS1438  6 0.2134 0.2524 0.4405 0.0936 
   NS_SS1416  6 0.2659 0.3014 0.2465 0.1862 
   NS_SS1401  6 0.3203 0.1531 0.2868 0.2399 
   NS_SS1424  6 0.3352 0.1909 0.2712 0.2027 
   NS_SS1435  6 0.1145 0.3426 0.2080 0.3349 
   NS_SS1447  6 0.3156 0.3485 0.1616 0.1743 
   NS_SS1414  6 0.2253 0.4287 0.1448 0.2012 
   NS_SS1449  6 0.2475 0.1907 0.1779 0.3839 
   NS_SS1443  6 0.2569 0.0834 0.3456 0.3141 
   NS_SS1434  6 0.1515 0.0884 0.1974 0.5626 
   NS_SS1398  6 0.1427 0.2901 0.1906 0.3766 
   NS_SS1426  6 0.1821 0.1635 0.4759 0.1786 
   NS_SS1413  6 0.2182 0.1301 0.3449 0.3069 
   NS_SS1395  6 0.2686 0.1368 0.3779 0.2167 
   NS_SS1448  6 0.1031 0.3906 0.2745 0.2318 
   NS_SS1446  6 0.2485 0.1503 0.3823 0.2189 
   NS_SS1403  6 0.2749 0.2440 0.2121 0.2690 
   NS_SS1415  6 0.1656 0.2532 0.3687 0.2125 
   NS_SS1437  6 0.3020 0.2895 0.1991 0.2094 
   NS_SS1439  6 0.4177 0.1463 0.2313 0.2047 
   NS_SS1441  6 0.2267 0.1272 0.3374 0.3087 
   NS_SS1420  6 0.0789 0.6353 0.1172 0.1687 
   NS_SS1394  6 0.1725 0.4828 0.1427 0.2019 
   NS_SS1391  6 0.1405 0.1070 0.3117 0.4408 
   NS_SS1410  6 0.2204 0.1859 0.3345 0.2592 
   NS_SS1408  6 0.3624 0.2522 0.1731 0.2123 
   NS_SS1409  6 0.1692 0.0993 0.2790 0.4525 
   HI_SS0617  7 0.1457 0.1742 0.2971 0.3830 
   HI_SS0618  7 0.1682 0.3505 0.1757 0.3056 
   HI_SS0619  7 0.1449 0.2749 0.2411 0.3391 
   HI_SS0620  7 0.1080 0.2589 0.4442 0.1890 
   HI_SS0621  7 0.3001 0.2382 0.1603 0.3014 
   HI_SS0622  7 0.3400 0.2564 0.2009 0.2028 
   HI_SS0626  7 0.1291 0.5190 0.2319 0.1199 
   HI_SS0627  7 0.2693 0.2438 0.1777 0.3091 
   HI_SS0628  7 0.1434 0.2529 0.3986 0.2051 
   HI_SS0629  7 0.2901 0.2577 0.3124 0.1398 
   HI_SS0630  7 0.1558 0.2881 0.2937 0.2624 
   HI_SS0631  7 0.1591 0.3566 0.2914 0.1929 
   HI_SS0632  7 0.2134 0.4294 0.2119 0.1453 
   HI_SS0633  7 0.1480 0.1527 0.1787 0.5205 
   HI_SS0634  7 0.2032 0.3472 0.2414 0.2082 
   HI_SS0635  7 0.2218 0.4039 0.1533 0.2210 
   HI_SS0637  7 0.3828 0.2760 0.2351 0.1060 
   HI_SS0638  7 0.2085 0.2555 0.2314 0.3046 
   HI_SS0639  7 0.2541 0.3651 0.1339 0.2469 
   HI_SS0640  7 0.2971 0.2562 0.1945 0.2522 
   HI_SS0641  7 0.1214 0.3906 0.3844 0.1036 
   HI_SS0642  7 0.3774 0.2290 0.1365 0.2571 
   HI_SS0645  7 0.1309 0.5687 0.0947 0.2058 
   HI_SS0646  7 0.3142 0.1100 0.1802 0.3956 
   HI_SS0647  7 0.2564 0.2119 0.1955 0.3362 
   HI_SS0648  7 0.2436 0.2995 0.2084 0.2485 
   HI_SS0649  7 0.2387 0.1992 0.2750 0.2871 
   HI_SS0650  7 0.1374 0.1592 0.1401 0.5633 
   HI_SS0651  7 0.2811 0.2368 0.2038 0.2783 
   HI_SS0652  7 0.1203 0.4972 0.1200 0.2624 
   NS_SS1371  7 0.2936 0.0997 0.3051 0.3016 
   NS_SS1374  7 0.1532 0.2740 0.3912 0.1816 
   NS_SS1337  7 0.2736 0.3728 0.1236 0.2300 
   NS_SS1385  7 0.3056 0.1377 0.1937 0.3630 
   NS_SS1388  7 0.1406 0.2712 0.2976 0.2905 
   NS_SS1370  7 0.1390 0.6696 0.0964 0.0949 
   NS_SS1389  7 0.1211 0.3849 0.2032 0.2908 
   NS_SS1360  7 0.2190 0.3394 0.3176 0.1240 
   NS_SS1330  7 0.2770 0.3507 0.1240 0.2483 
   NS_SS1328  7 0.1619 0.0930 0.2951 0.4500 
   NS_SS1384  7 0.3739 0.2179 0.2666 0.1416 
   NS_SS1381  7 0.1900 0.1562 0.0905 0.5633 
   NS_SS1375  7 0.0880 0.3210 0.1555 0.4355 
   NS_SS1319  7 0.2197 0.2620 0.2382 0.2802 
   NS_SS1326  7 0.0969 0.1394 0.4431 0.3205 
   NS_SS1341  7 0.3559 0.1572 0.3652 0.1217 
   NS_SS1383  7 0.2579 0.3147 0.2373 0.1902 
   NS_SS1318  7 0.1966 0.3560 0.2099 0.2375 
   NS_SS1348  7 0.2645 0.1658 0.4309 0.1388 
   NS_SS1363  7 0.3185 0.3246 0.1570 0.1999 
   NS_SS1335  7 0.3808 0.2461 0.2838 0.0893 
   NS_SS1358  7 0.4336 0.1432 0.2561 0.1671 
   NS_SS1342  7 0.4433 0.0850 0.3012 0.1706 
   NS_SS1320  7 0.2378 0.1123 0.0594 0.5904 
   NS_SS1355  7 0.3765 0.2179 0.1537 0.2520 
   NS_SS1345  7 0.5771 0.1682 0.0900 0.1647 
   NS_SS1324  7 0.2017 0.2590 0.3479 0.1913 
   NS_SS1347  7 0.3615 0.1844 0.2033 0.2507 
   NS_SS1321  7 0.2470 0.2199 0.3657 0.1674 
   NS_SS1333  7 0.1755 0.2109 0.3945 0.2191 
   NS_SS1364  7 0.4083 0.1543 0.3200 0.1174 
   NS_SS1379  7 0.2277 0.2271 0.1953 0.3499 
   NS_SS1332  7 0.1849 0.1724 0.4853 0.1574 
   NS_SS1338  7 0.1580 0.3835 0.3287 0.1298 
   NS_SS1368  7 0.3747 0.1276 0.3575 0.1402 
   NS_SS1354  7 0.4183 0.1975 0.2015 0.1827 
   NS_SS1365  7 0.2568 0.3293 0.1545 0.2594 
   NS_SS1380  7 0.4296 0.2807 0.1269 0.1628 
   NS_SS1329  7 0.4546 0.0857 0.3057 0.1541 
   NS_SS1362  7 0.3137 0.1558 0.2296 0.3009 
   NS_SS1327  7 0.0747 0.1356 0.6416 0.1481 
   NS_SS1350  7 0.1053 0.0869 0.2611 0.5466 
   NS_SS1387  7 0.1565 0.4881 0.2117 0.1436 
   NS_SS1369  7 0.3063 0.2233 0.3279 0.1425 
   NS_SS1331  7 0.1493 0.3987 0.2704 0.1816 
   NS_SS1357  7 0.1189 0.0770 0.2358 0.5683 
   NS_SS1386  7 0.3085 0.0904 0.4922 0.1089 
   NS_SS1353  7 0.2039 0.1541 0.1996 0.4424 
   NS_SS1323  7 0.4105 0.2012 0.1114 0.2770 
   HI_SS0296  8 0.1179 0.3516 0.3163 0.2142 
   HI_SS0297  8 0.2182 0.1780 0.1641 0.4398 
   HI_SS0299  8 0.3167 0.2389 0.2620 0.1823 
   HI_SS0300  8 0.2213 0.3376 0.2345 0.2067 
   HI_SS0301  8 0.2393 0.5063 0.1869 0.0675 
   HI_SS0302  8 0.1644 0.4210 0.2988 0.1157 
   HI_SS0303  8 0.1635 0.1238 0.4035 0.3092 
   HI_SS0304  8 0.1163 0.3696 0.2127 0.3014 
   HI_SS0306  8 0.1471 0.3185 0.3817 0.1527 
   HI_SS0307  8 0.3253 0.2673 0.1475 0.2599 
   HI_SS0308  8 0.3365 0.3449 0.1691 0.1495 
   HI_SS0309  8 0.4715 0.2281 0.1534 0.1469 
   HI_SS0310  8 0.1817 0.2742 0.2376 0.3065 
   HI_SS0311  8 0.2451 0.4025 0.2058 0.1466 
   HI_SS0314  8 0.1910 0.1644 0.2186 0.4260 
   HI_SS0316  8 0.2438 0.2077 0.3315 0.2171 
   HI_SS0317  8 0.2866 0.3221 0.2015 0.1898 
   HI_SS0318  8 0.2073 0.2095 0.4473 0.1359 
   HI_SS0319  8 0.2002 0.0909 0.5395 0.1694 
   HI_SS0320  8 0.1781 0.3181 0.1638 0.3400 
   HI_SS0321  8 0.2358 0.1730 0.3223 0.2689 
   HI_SS0323  8 0.1436 0.2673 0.3787 0.2103 
   HI_SS0325  8 0.1757 0.3510 0.3474 0.1259 
   HI_SS0327  8 0.2671 0.0625 0.2911 0.3792 
   HI_SS0329  8 0.1848 0.3790 0.2007 0.2355 
   HI_SS0333  8 0.2075 0.2480 0.2823 0.2623 
   HI_SS0334  8 0.2829 0.1924 0.3793 0.1455 
   HI_SS0335  8 0.4948 0.1867 0.1183 0.2002 
   HI_SS0339  8 0.3109 0.3450 0.1568 0.1874 
   HI_SS0343  8 0.4811 0.1265 0.1206 0.2717 
   HI_SS0344  8 0.1328 0.1209 0.5998 0.1464 
   HI_SS0345  8 0.3213 0.3406 0.2112 0.1269 
   HI_SS0346  8 0.2191 0.2948 0.3042 0.1819 
   HI_SS0350  8 0.4816 0.2556 0.0788 0.1840 
   HI_SS0351  8 0.5595 0.1284 0.1823 0.1299 
   HI_SS0352  8 0.3698 0.2279 0.1636 0.2386 
   HI_SS0362  8 0.1589 0.5005 0.1861 0.1544 
   HI_SS0363  8 0.2254 0.1190 0.3683 0.2874 
   HI_SS0365  8 0.2536 0.1344 0.3532 0.2589 
   HI_SS0366  8 0.1696 0.1587 0.4925 0.1792 
   HI_SS0367  8 0.3116 0.2390 0.1365 0.3129 
   HI_SS0369  8 0.2140 0.3810 0.1388 0.2662 
   HI_SS0370  8 0.1894 0.0931 0.1899 0.5276 
   HI_SS0371  8 0.1344 0.3080 0.4115 0.1462 
   HI_SS0373  8 0.1601 0.2873 0.2347 0.3179 
   HI_SS0374  8 0.2621 0.2532 0.1716 0.3131 
   HI_SS0377  8 0.4708 0.1945 0.2318 0.1029 
   HI_SS0379  8 0.1897 0.0996 0.6253 0.0854 
   HI_SS0380  8 0.3231 0.2459 0.1723 0.2587 
   HI_SS0381  8 0.3821 0.3318 0.1302 0.1558 
   HI_SS0384  8 0.1148 0.1653 0.3253 0.3946 
   HI_SS0385  8 0.1020 0.3888 0.3135 0.1957 
