   NS_SS0963  1 0.1915 0.1534 0.4605 0.1947 
   NS_SS0983  1 0.1225 0.4705 0.2004 0.2067 
   NS_SS0719  1 0.1994 0.2558 0.2627 0.2822 
   NS_SS1001  1 0.4208 0.1220 0.1557 0.3016 
   NS_SS0936  1 0.3670 0.1385 0.3784 0.1160 
   NS_SS0955  1 0.1234 0.3000 0.3546 0.2220 
   NS_SS0944  1 0.2179 0.2370 0.3341 0.2110 
   NS_SS0945  1 0.3640 0.2735 0.1599 0.2026 
   NS_SS0922  1 0.4260 0.1255 0.1975 0.2510 
   NS_SS0929  1 0.1679 0.3196 0.3112 0.2013 
   NS_SS0956  1 0.2477 0.1128 0.1556 0.4840 
   NS_SS0906  1 0.1559 0.2672 0.3757 0.2012 
   NS_SS0721  1 0.1564 0.1897 0.1572 0.4967 
   NS_SS0982  1 0.1791 0.1656 0.3959 0.2594 
   NS_SS0923  1 0.2677 0.1841 0.2763 0.2718 
   NS_SS0905  1 0.2024 0.2329 0.2266 0.3382 
   NS_SS0925  1 0.2677 0.1117 0.3668 0.2539 
   NS_SS0947  1 0.3253 0.1657 0.3440 0.1649 
   NS_SS0926  1 0.1194 0.4331 0.2600 0.1875 
   NS_SS0918  1 0.1538 0.1122 0.3865 0.3476 
   NS_SS0966  1 0.2091 0.1629 0.4054 0.2226 
   NS_SS0938  1 0.4566 0.1443 0.2483 0.1508 
   NS_SS0917  1 0.2487 0.3965 0.1688 0.1860 
   NS_SS0957  1 0.1602 0.1995 0.2153 0.4250 
   NS_SS0987  1 0.0994 0.1680 0.1608 0.5718 
   NS_SS0717  1 0.3470 0.1271 0.1799 0.3460 
   NS_SS0986  1 0.1327 0.2727 0.2151 0.3794 
   NS_SS0953  1 0.2787 0.1244 0.3374 0.2594 
   NS_SS0907  1 0.1398 0.2197 0.4741 0.1664 
   NS_SS0974  1 0.2866 0.2493 0.3326 0.1315 
   NS_SS0989  1 0.2467 0.4596 0.1733 0.1205 
   NS_SS0991  1 0.0753 0.2598 0.2973 0.3677 
   NS_SS0994  1 0.2351 0.5669 0.1103 0.0877 
   NS_SS0931  1 0.1131 0.3512 0.2325 0.3031 
   NS_SS1000  1 0.3903 0.1404 0.3009 0.1685 
   NS_SS0919  1 0.1118 0.2752 0.4676 0.1454 
   NS_SS0949  1 0.2295 0.3940 0.2013 0.1752 
   NS_SS0960  1 0.1103 0.2998 0.3096 0.2803 
   NS_SS0716  1 0.2770 0.1228 0.0871 0.5131 
   NS_SS0924  1 0.1376 0.2710 0.3603 0.2311 
   NS_SS0935  1 0.1325 0.3781 0.1588 0.3307 
   NS_SS0952  1 0.1312 0.3582 0.3462 0.1644 
   NS_SS0962  1 0.2928 0.1563 0.2621 0.2888 
   NS_SS0973  1 0.1799 0.1887 0.4576 0.1738 
   NS_SS0722  1 0.5514 0.1023 0.2074 0.1388 
   NS_SS0979  1 0.1933 0.1413 0.2796 0.3858 
   NS_SS0993  1 0.3231 0.1050 0.3282 0.2437 
   NS_SS0958  1 0.2121 0.3724 0.1970 0.2184 
   NS_SS0988  1 0.1183 0.2619 0.3947 0.2251 
   NS_SS1003  1 0.1239 0.1002 0.3861 0.3897 
   NS_SS0976  1 0.1579 0.3455 0.3022 0.1944 
   NS_SS0964  1 0.4144 0.1085 0.1610 0.3161 
   NS_SS0939  1 0.3925 0.0984 0.0730 0.4362 
   NS_SS0990  1 0.2672 0.3134 0.1479 0.2715 
   NS_SS0984  1 0.4703 0.1053 0.1804 0.2440 
   NS_SS0980  1 0.3285 0.1401 0.4161 0.1152 
   NS_SS0978  1 0.3564 0.1786 0.3282 0.1368 
   NS_SS0951  1 0.1024 0.2521 0.1852 0.4604 
   NS_SS0913  1 0.2896 0.1541 0.1545 0.4017 
   NS_SS1002  1 0.1926 0.1218 0.5645 0.1210 
   NS_SS0948  1 0.1691 0.2498 0.3060 0.2751 
   NS_SS0916  1 0.3680 0.2953 0.1577 0.1790 
   NS_SS0995  1 0.3167 0.1923 0.1921 0.2989 
   NS_SS0927  1 0.2970 0.3716 0.1786 0.1527 
   NS_SS0992  1 0.3660 0.2634 0.2751 0.0955 
   NS_SS0912  1 0.1137 0.2483 0.1944 0.4436 
   NS_SS0981  1 0.1284 0.1385 0.3901 0.3430 
   NS_SS0729  2 0.2231 0.4497 0.2548 0.0725 
   NS_SS0967  2 0.1833 0.1455 0.5178 0.1534 
   NS_SS0941  2 0.4453 0.1825 0.1637 0.2085 
   NS_SS0768  2 0.1753 0.1762 0.2975 0.3509 
   NS_SS0726  2 0.3272 0.3135 0.2710 0.0883 
   NS_SS0763  2 0.2591 0.3755 0.2188 0.1466 
   NS_SS0730  2 0.3199 0.1529 0.2123 0.3150 
   NS_SS0774  2 0.4217 0.1176 0.3041 0.1566 
   NS_SS0723  2 0.2751 0.0920 0.4071 0.2258 
   NS_SS0940  2 0.3368 0.2922 0.1216 0.2495 
   NS_SS0762  2 0.5163 0.0825 0.1557 0.2455 
   NS_SS0766  2 0.4007 0.2353 0.0881 0.2759 
   NS_SS0724  2 0.2154 0.1277 0.2896 0.3673 
   NS_SS0769  2 0.2268 0.2284 0.2848 0.2600 
   NS_SS0777  2 0.1325 0.3165 0.2177 0.3332 
   NS_SS0734  2 0.2437 0.2586 0.1363 0.3614 
   NS_SS0737  2 0.6350 0.0994 0.1138 0.1518 
   NS_SS0732  2 0.1365 0.1221 0.2258 0.5156 
   NS_SS0728  2 0.4010 0.1979 0.1535 0.2477 
   NS_SS0735  2 0.4000 0.1442 0.1905 0.2654 
   NS_SS0725  2 0.4739 0.1282 0.1963 0.2016 
   NS_SS0788  2 0.1969 0.2205 0.3719 0.2107 
   NS_SS0778  2 0.1446 0.3097 0.2770 0.2687 
   NS_SS0792  2 0.1976 0.2753 0.2017 0.3254 
   NS_SS0943  2 0.1106 0.3220 0.3601 0.2073 
   NS_SS0791  2 0.2809 0.3168 0.0888 0.3135 
   NS_SS0790  2 0.2016 0.0659 0.3144 0.4181 
   NS_SS0731  2 0.2002 0.1427 0.1551 0.5020 
   NS_SS0727  2 0.4589 0.3418 0.1007 0.0986 
   NS_SS0779  2 0.2348 0.2207 0.2282 0.3162 
   NS_SS0776  2 0.3986 0.2024 0.1681 0.2309 
   NS_SS0775  2 0.4815 0.1137 0.1250 0.2798 
   NS_SS0965  3 0.1262 0.1472 0.3298 0.3968 
   NS_SS0754  3 0.1557 0.3471 0.1784 0.3188 
   NS_SS0838  3 0.2838 0.2624 0.2599 0.1939 
   NS_SS0839  3 0.3856 0.1051 0.2357 0.2736 
   NS_SS0832  3 0.2031 0.0733 0.4081 0.3154 
   NS_SS0820  3 0.2047 0.1066 0.3184 0.3703 
   NS_SS0886  3 0.1794 0.3189 0.1962 0.3056 
   NS_SS0748  3 0.1352 0.2813 0.3144 0.2692 
   NS_SS0884  3 0.2531 0.2390 0.3129 0.1949 
   NS_SS0752  3 0.3707 0.1826 0.2804 0.1663 
   NS_SS0862  3 0.1520 0.1032 0.2394 0.5055 
   NS_SS0787  3 0.1006 0.5823 0.1711 0.1461 
   NS_SS0843  3 0.2354 0.2113 0.2992 0.2541 
   NS_SS0856  3 0.4283 0.2434 0.1439 0.1845 
   NS_SS0846  3 0.2108 0.2367 0.4618 0.0907 
   NS_SS0825  3 0.1515 0.2371 0.3442 0.2672 
   NS_SS0757  3 0.1549 0.2725 0.2470 0.3255 
   NS_SS0876  3 0.3347 0.1873 0.2365 0.2416 
   NS_SS0903  3 0.3225 0.1058 0.4492 0.1225 
   NS_SS0875  3 0.2259 0.2174 0.1618 0.3950 
   NS_SS0740  3 0.2778 0.1937 0.2849 0.2435 
   NS_SS0811  3 0.1678 0.1023 0.1621 0.5679 
   NS_SS0751  3 0.3604 0.1990 0.1723 0.2683 
   NS_SS0891  3 0.3581 0.2016 0.2105 0.2299 
   NS_SS0867  3 0.0898 0.2327 0.4940 0.1834 
   NS_SS0890  3 0.2687 0.2170 0.2771 0.2372 
   NS_SS0866  3 0.1828 0.5492 0.1263 0.1417 
   NS_SS0755  3 0.1768 0.1868 0.3525 0.2839 
   NS_SS0758  3 0.3460 0.2290 0.2250 0.2000 
   NS_SS0840  3 0.2298 0.0900 0.4243 0.2559 
   NS_SS0889  3 0.1231 0.3952 0.1668 0.3149 
   NS_SS1010  3 0.1584 0.1976 0.4374 0.2066 
   NS_SS0888  3 0.2552 0.4760 0.1167 0.1521 
   NS_SS0837  3 0.1241 0.1105 0.3792 0.3862 
   NS_SS0794  3 0.3037 0.3834 0.1170 0.1959 
   NS_SS0823  3 0.3578 0.1137 0.3577 0.1707 
   NS_SS0829  3 0.0776 0.4289 0.1949 0.2986 
   NS_SS0844  3 0.1105 0.0810 0.6484 0.1601 
   NS_SS1008  3 0.3384 0.3420 0.1279 0.1917 
   NS_SS0881  3 0.2060 0.2875 0.2295 0.2771 
   NS_SS0834  3 0.5427 0.1241 0.1878 0.1454 
   NS_SS0744  3 0.2153 0.2295 0.3397 0.2155 
   NS_SS0899  3 0.1640 0.0984 0.1974 0.5403 
   NS_SS0804  3 0.2295 0.0804 0.3253 0.3648 
   NS_SS0781  3 0.2464 0.1067 0.4012 0.2458 
   NS_SS0822  3 0.3326 0.2369 0.2374 0.1932 
   NS_SS1004  3 0.1804 0.1590 0.4498 0.2108 
   NS_SS0746  3 0.2332 0.2150 0.4013 0.1504 
   NS_SS0880  3 0.2536 0.1480 0.4036 0.1947 
   NS_SS0879  3 0.3507 0.1536 0.2570 0.2387 
   NS_SS0753  3 0.1064 0.3005 0.2482 0.3449 
   NS_SS1007  3 0.4929 0.2086 0.1570 0.1415 
   NS_SS0872  3 0.3061 0.1541 0.3159 0.2238 
   NS_SS1005  3 0.2380 0.1384 0.4647 0.1589 
   NS_SS0892  3 0.2729 0.2281 0.2219 0.2771 
   NS_SS0898  3 0.1790 0.2821 0.2383 0.3006 
   NS_SS0801  3 0.1297 0.1904 0.2700 0.4099 
   NS_SS0827  3 0.0894 0.2670 0.1873 0.4564 
   NS_SS0853  3 0.1083 0.2655 0.1548 0.4714 
   NS_SS0780  3 0.2731 0.1495 0.2376 0.3398 
   NS_SS0826  3 0.0932 0.1820 0.5494 0.1755 
   NS_SS0818  3 0.3358 0.0891 0.2456 0.3295 
   NS_SS0745  3 0.4672 0.0819 0.0720 0.3789 
   NS_SS0849  3 0.0947 0.1497 0.2125 0.5431 
   NS_SS0739  3 0.2501 0.2400 0.1626 0.3473 
   NS_SS0799  3 0.2888 0.3238 0.1543 0.2331 
   NS_SS0756  3 0.1399 0.0975 0.4994 0.2633 
   NS_SS0802  3 0.2751 0.3132 0.2731 0.1386 
   NS_SS0747  3 0.2038 0.2158 0.3996 0.1808 
   NS_SS0835  3 0.1582 0.4974 0.2323 0.1120 
   NS_SS0742  3 0.2350 0.1815 0.3100 0.2735 
   NS_SS0760  3 0.1817 0.4689 0.1763 0.1730 
   NS_SS0803  3 0.2472 0.0960 0.5128 0.1440 
   NS_SS0828  3 0.1820 0.2124 0.1801 0.4255 
   NS_SS0865  3 0.1042 0.2346 0.3523 0.3088 
   NS_SS0759  3 0.3400 0.1076 0.2027 0.3496 
   NS_SS0851  3 0.1695 0.1108 0.1525 0.5672 
   NS_SS0874  3 0.2030 0.1200 0.4776 0.1993 
   NS_SS0761  3 0.0997 0.3998 0.2331 0.2673 
   NS_SS0842  3 0.2233 0.2979 0.2328 0.2459 
   NS_SS0785  3 0.1849 0.2952 0.3171 0.2028 
   NS_SS0860  3 0.1404 0.5117 0.2218 0.1260 
   NS_SS0897  3 0.1314 0.5279 0.1227 0.2179 
   NS_SS0841  3 0.2629 0.1015 0.2023 0.4333 
   NS_SS0797  3 0.1043 0.3096 0.2395 0.3467 
   NS_SS0830  3 0.1593 0.2174 0.2869 0.3363 
   NS_SS1011  3 0.1606 0.1181 0.5051 0.2161 
   NS_SS0883  3 0.1283 0.2920 0.1808 0.3989 
   NS_SS0782  3 0.4157 0.2578 0.1596 0.1669 
   NS_SS0831  3 0.0997 0.3958 0.1406 0.3639 
   NS_SS0749  3 0.2534 0.2481 0.1362 0.3624 
   NS_SS0854  3 0.3917 0.2582 0.1806 0.1695 
   HI_SS0193  4 0.3192 0.3258 0.1255 0.2296 
   HI_SS0194  4 0.5257 0.1388 0.2000 0.1355 
   HI_SS0195  4 0.2454 0.0898 0.1849 0.4799 
   HI_SS0196  4 0.4243 0.2536 0.1466 0.1756 
   HI_SS0197  4 0.2840 0.1918 0.3913 0.1329 
   HI_SS0198  4 0.1621 0.2944 0.1921 0.3514 
   HI_SS0199  4 0.3694 0.3659 0.1465 0.1182 
   HI_SS0201  4 0.0735 0.4370 0.2906 0.1989 
   HI_SS0215  4 0.0820 0.4502 0.2640 0.2038 
   HI_SS0218  4 0.1936 0.5167 0.0868 0.2028 
   HI_SS0222  4 0.3094 0.2360 0.1363 0.3183 
   HI_SS0230  4 0.1434 0.1935 0.3388 0.3242 
   HI_SS0234  4 0.4174 0.2161 0.2817 0.0848 
   HI_SS0240  4 0.5035 0.1953 0.1277 0.1735 
   HI_SS0241  4 0.1637 0.4075 0.2516 0.1773 
   HI_SS0242  4 0.2101 0.2498 0.2932 0.2469 
   HI_SS0247  4 0.1374 0.1644 0.4425 0.2557 
   HI_SS0248  4 0.3378 0.3994 0.1458 0.1170 
   HI_SS0252  4 0.3951 0.1453 0.1952 0.2643 
   HI_SS0254  4 0.1958 0.2737 0.3514 0.1791 
   HI_SS0256  4 0.3007 0.0508 0.4419 0.2067 
   HI_SS0257  4 0.1914 0.3932 0.3346 0.0808 
   HI_SS0258  4 0.1819 0.3951 0.1753 0.2478 
   HI_SS0259  4 0.4086 0.1675 0.2209 0.2030 
   HI_SS0260  4 0.2738 0.4267 0.1562 0.1433 
   HI_SS0261  4 0.2745 0.2678 0.3391 0.1186 
   HI_SS0262  4 0.2170 0.1878 0.2337 0.3615 
   HI_SS0264  4 0.2007 0.1675 0.2596 0.3722 
   HI_SS0265  4 0.1843 0.1765 0.3096 0.3297 
   HI_SS0268  4 0.2178 0.3097 0.1366 0.3359 
   HI_SS0269  4 0.1581 0.5342 0.2371 0.0707 
   HI_SS0273  4 0.1222 0.3308 0.3926 0.1544 
   HI_SS0277  4 0.1322 0.1522 0.5009 0.2147 
   HI_SS0280  4 0.2472 0.1978 0.1266 0.4284 
   HI_SS0282  4 0.1703 0.2856 0.3256 0.2185 
   HI_SS0286  4 0.1508 0.2847 0.2010 0.3635 
   NS_SS1252  5 0.1404 0.5653 0.1327 0.1616 
   NS_SS1261  5 0.1978 0.2666 0.2818 0.2538 
   NS_SS1225  5 0.1048 0.3040 0.4383 0.1529 
   NS_SS1266  5 0.1796 0.0801 0.5446 0.1957 
   NS_SS1228  5 0.1717 0.1591 0.1364 0.5328 
   NS_SS1255  5 0.5571 0.1866 0.1498 0.1064 
   NS_SS1267  5 0.1233 0.6199 0.0890 0.1678 
   NS_SS1238  5 0.2081 0.2568 0.1793 0.3558 
   NS_SS1233  5 0.1313 0.1097 0.4383 0.3207 
   NS_SS1277  5 0.3603 0.3736 0.0848 0.1814 
   NS_SS1245  5 0.2730 0.2540 0.3317 0.1413 
   NS_SS1240  5 0.1429 0.6250 0.1269 0.1052 
   NS_SS1275  5 0.2589 0.0868 0.3716 0.2827 
   NS_SS1235  5 0.4536 0.1503 0.3247 0.0714 
   NS_SS1263  5 0.3632 0.1117 0.3034 0.2218 
   NS_SS1251  5 0.2362 0.1318 0.4514 0.1806 
   NS_SS1248  5 0.0817 0.1713 0.0973 0.6496 
   NS_SS1244  5 0.1462 0.2093 0.4618 0.1828 
   NS_SS1257  5 0.2343 0.4213 0.1421 0.2024 
   NS_SS1242  5 0.3713 0.1310 0.2652 0.2325 
   NS_SS1271  5 0.1475 0.5589 0.1383 0.1552 
   NS_SS1265  5 0.1456 0.4484 0.2182 0.1878 
   NS_SS1243  5 0.2941 0.1524 0.1157 0.4378 
   NS_SS1273  5 0.3998 0.1110 0.2185 0.2707 
   NS_SS1254  5 0.2169 0.1432 0.3858 0.2541 
   NS_SS1224  5 0.1922 0.1132 0.3327 0.3620 
   NS_SS1227  5 0.2471 0.4144 0.2163 0.1223 
   NS_SS1274  5 0.2357 0.3362 0.1848 0.2433 
   NS_SS1241  5 0.1602 0.2901 0.3771 0.1726 
   NS_SS1256  5 0.1507 0.2552 0.4895 0.1047 
   NS_SS1260  5 0.1873 0.4554 0.2196 0.1376 
   NS_SS1262  5 0.1073 0.2892 0.3570 0.2465 
   NS_SS1230  5 0.2070 0.2972 0.2581 0.2377 
   NS_SS1270  5 0.1013 0.1214 0.3660 0.4113 
   NS_SS1229  5 0.4997 0.1328 0.2998 0.0676 
   NS_SS1246  5 0.3051 0.3781 0.2066 0.1102 
   NS_SS1269  5 0.2843 0.1968 0.2249 0.2940 
   NS_SS1239  5 0.3790 0.1372 0.1470 0.3368 
   NS_SS1272  5 0.1582 0.1926 0.4845 0.1647 
   NS_SS1268  5 0.1238 0.1111 0.2733 0.4918 
   NS_SS1249  5 0.2436 0.5133 0.1386 0.1045 
   HI_SS0559  6 0.2664 0.2398 0.1884 0.3054 
   HI_SS0563  6 0.1941 0.2226 0.3466 0.2367 
   HI_SS0564  6 0.2639 0.1798 0.2743 0.2820 
   HI_SS0565  6 0.1574 0.2902 0.3887 0.1637 
   HI_SS0569  6 0.0632 0.3500 0.3536 0.2332 
   HI_SS0570  6 0.1977 0.4646 0.1068 0.2309 
   HI_SS0572  6 0.5011 0.1331 0.2514 0.1144 
   HI_SS0576  6 0.2587 0.1319 0.1425 0.4669 
   HI_SS0579  6 0.1884 0.2374 0.4275 0.1468 
   HI_SS0580  6 0.3067 0.3649 0.1302 0.1982 
   HI_SS0581  6 0.2212 0.1165 0.2736 0.3887 
   HI_SS0583  6 0.2528 0.4707 0.1698 0.1067 
   HI_SS0586  6 0.0936 0.5081 0.1056 0.2926 
   HI_SS0588  6 0.1777 0.3533 0.2572 0.2118 
   HI_SS0595  6 0.2081 0.3641 0.3023 0.1256 
   HI_SS0596  6 0.5896 0.1109 0.1389 0.1606 
   HI_SS0597  6 0.4266 0.1529 0.2772 0.1433 
   HI_SS0600  6 0.2017 0.3361 0.2635 0.1987 
   HI_SS0601  6 0.0773 0.2250 0.4649 0.2327 
   HI_SS0602  6 0.1740 0.3461 0.0937 0.3862 
   HI_SS0604  6 0.2480 0.2067 0.2064 0.3390 
   HI_SS0605  6 0.2089 0.2823 0.1494 0.3593 
   HI_SS0608  6 0.3161 0.2002 0.1294 0.3543 
   HI_SS0609  6 0.2416 0.1221 0.4786 0.1577 
   HI_SS0611  6 0.1253 0.4289 0.1021 0.3437 
   HI_SS0612  6 0.2150 0.1996 0.5096 0.0758 
   HI_SS0613  6 0.1146 0.2109 0.1816 0.4928 
   HI_SS0615  6 0.4436 0.0980 0.1654 0.2930 
   HI_SS0001  6 0.4140 0.2998 0.1719 0.1143 
   HI_SS0002  6 0.2611 0.1127 0.4421 0.1841 
   HI_SS0004  6 0.3080 0.3702 0.0930 0.2288 
   HI_SS0005  6 0.1276 0.1817 0.1530 0.5376 
   HI_SS0006  6 0.1405 0.3421 0.3987 0.1187 
   HI_SS0007  6 0.1352 0.3001 0.0881 0.4766 
   HI_SS0008  6 0.1651 0.1832 0.3443 0.3074 
   HI_SS0009  6 0.3633 0.1094 0.1244 0.4029 
   HI_SS0010  6 0.1400 0.2840 0.1797 0.3962 
   HI_SS0011  6 0.1095 0.1353 0.5034 0.2518 
   HI_SS0012  6 0.2552 0.1258 0.3796 0.2395 
   HI_SS0017  6 0.5879 0.1418 0.1182 0.1521 
   HI_SS0021  6 0.1511 0.4014 0.2124 0.2350 
   HI_SS0024  6 0.3111 0.1516 0.2001 0.3373 
   HI_SS0025  6 0.4084 0.1289 0.1778 0.2848 
   HI_SS0027  6 0.1623 0.3211 0.1981 0.3185 
   HI_SS0028  6 0.1752 0.0901 0.2656 0.4691 
   HI_SS0029  6 0.3430 0.2746 0.1278 0.2545 
   HI_SS0030  6 0.2606 0.2582 0.2650 0.2161 
   HI_SS0031  6 0.2646 0.1814 0.4287 0.1252 
   HI_SS0034  6 0.2180 0.3928 0.2651 0.1241 
   HI_SS0036  6 0.1528 0.4794 0.0967 0.2711 
   HI_SS0037  6 0.1086 0.4649 0.1512 0.2753 
   HI_SS0039  6 0.1088 0.3255 0.1546 0.4111 
   HI_SS0041  6 0.3113 0.1424 0.1275 0.4188 
   HI_SS0042  6 0.3439 0.1315 0.2467 0.2779 
   HI_SS0043  6 0.0966 0.5369 0.1823 0.1843 
   HI_SS0044  6 0.4321 0.3337 0.0932 0.1409 
   HI_SS0047  6 0.3411 0.1397 0.2330 0.2862 
   HI_SS0049  6 0.4703 0.1538 0.1834 0.1925 
   HI_SS0051  6 0.1029 0.1656 0.3033 0.4282 
   HI_SS0053  6 0.1729 0.4613 0.2397 0.1260 
   HI_SS0054  6 0.0766 0.3459 0.3234 0.2541 
   HI_SS0057  6 0.1948 0.1486 0.2087 0.4479 
   HI_SS0058  6 0.2086 0.3715 0.2057 0.2142 
   HI_SS0060  6 0.1311 0.1670 0.2830 0.4190 
   HI_SS0087  6 0.2100 0.2727 0.3690 0.1483 
   HI_SS0091  6 0.1247 0.5286 0.2707 0.0761 
   HI_SS0095  6 0.2186 0.2811 0.3109 0.1894 
   HI_SS0097  6 0.1290 0.1478 0.5431 0.1802 
   HI_SS0099  6 0.3439 0.2108 0.1364 0.3088 
   HI_SS0103  6 0.3863 0.1944 0.2998 0.1195 
   HI_SS0105  6 0.1262 0.2029 0.4331 0.2378 
   HI_SS0107  6 0.5504 0.0904 0.2313 0.1280 
   HI_SS0108  6 0.1295 0.6009 0.1270 0.1426 
   HI_SS0110  6 0.2910 0.2801 0.3178 0.1112 
   HI_SS0111  6 0.2406 0.2488 0.2155 0.2951 
   HI_SS0112  6 0.1581 0.5461 0.1381 0.1576 
   HI_SS0113  6 0.3927 0.1129 0.2818 0.2126 
   HI_SS0114  6 0.0952 0.3702 0.1790 0.3556 
   HI_SS0115  6 0.3747 0.2302 0.1637 0.2314 
   HI_SS0116  6 0.3801 0.4074 0.1082 0.1043 
   HI_SS0117  6 0.1390 0.3032 0.4611 0.0967 
   HI_SS0118  6 0.1831 0.3861 0.2970 0.1338 
   HI_SS0119  6 0.1157 0.3006 0.4011 0.1827 
   HI_SS0120  6 0.5610 0.1026 0.2273 0.1092 
   HI_SS0121  6 0.0864 0.1189 0.3984 0.3964 
   HI_SS0122  6 0.1924 0.2769 0.2614 0.2693 
   HI_SS0123  6 0.2192 0.2295 0.4344 0.1169 
   HI_SS0124  6 0.4947 0.0969 0.1244 0.2840 
   HI_SS0125  6 0.3407 0.1093 0.1706 0.3794 
   HI_SS0126  6 0.2926 0.4718 0.1147 0.1209 
   HI_SS0127  6 0.1022 0.1749 0.2101 0.5129 
   HI_SS0128  6 0.4135 0.1850 0.2757 0.1259 
   HI_SS0129  6 0.2852 0.3782 0.1230 0.2136 
   HI_SS0131  6 0.0807 0.3009 0.2529 0.3655 
   HI_SS0132  6 0.1548 0.2235 0.3482 0.2736 
   HI_SS0133  6 0.1701 0.5690 0.1075 0.1534 
   HI_SS0134  6 0.2105 0.2564 0.3623 0.1708 
   HI_SS0142  6 0.1246 0.1994 0.4569 0.2190 
   HI_SS0145  6 0.2765 0.2657 0.3206 0.1372 
   HI_SS0146  6 0.1808 0.3108 0.2670 0.2415 
   HI_SS0147  6 0.1305 0.1186 0.3078 0.4431 
   HI_SS0149  6 0.1240 0.2336 0.4934 0.1491 
   HI_SS0150  6 0.3060 0.1197 0.1788 0.3955 
   HI_SS0151  6 0.3889 0.2445 0.1428 0.2238 
   NS_SS1451  6 0.3823 0.1006 0.1522 0.3649 
   NS_SS1404  6 0.1766 0.1898 0.1743 0.4593 
   NS_SS1432  6 0.4305 0.1396 0.1776 0.2523 
   NS_SS1405  6 0.3905 0.2309 0.1503 0.2283 
   NS_SS1431  6 0.3981 0.1136 0.2504 0.2379 
   NS_SS1402  6 0.2448 0.2811 0.3490 0.1252 
   NS_SS1450  6 0.3501 0.3295 0.1176 0.2027 
   NS_SS1396  6 0.2146 0.2342 0.2416 0.3097 
   NS_SS1393  6 0.2345 0.3302 0.1743 0.2610 
   NS_SS1392  6 0.4927 0.1530 0.0841 0.2702 
   NS_SS1445  6 0.1157 0.4014 0.2668 0.2162 
   NS_SS1423  6 0.2988 0.3075 0.2795 0.1142 
   NS_SS1421  6 0.2150 0.2968 0.2981 0.1902 
   NS_SS1411  6 0.1183 0.3301 0.0930 0.4586 
   NS_SS1453  6 0.1656 0.3757 0.2470 0.2117 
   NS_SS1442  6 0.2037 0.2033 0.3182 0.2748 
   NS_SS1422  6 0.3113 0.1813 0.3858 0.1216 
   NS_SS1419  6 0.1180 0.1530 0.3413 0.3876 
   NS_SS1427  6 0.3481 0.4893 0.0699 0.0927 
   NS_SS1444  6 0.2201 0.1546 0.2273 0.3981 
   NS_SS1455  6 0.3872 0.1115 0.3452 0.1560 
   NS_SS1425  6 0.0961 0.4967 0.2076 0.1995 
   NS_SS1400  6 0.1266 0.3798 0.2388 0.2547 
   NS_SS1406  6 0.1829 0.0897 0.5553 0.1721 
   NS_SS1417  6 0.2067 0.2460 0.3470 0.2002 
   NS_SS1454  6 0.1343 0.3636 0.2434 0.2587 
   NS_SS1412  6 0.2414 0.3189 0.1843 0.2553 
   NS_SS1438  6 0.0867 0.4259 0.2277 0.2598 
   NS_SS1416  6 0.1899 0.2443 0.2823 0.2836 
   NS_SS1401  6 0.2206 0.2948 0.3236 0.1610 
   NS_SS1424  6 0.1793 0.2775 0.3477 0.1955 
   NS_SS1435  6 0.3421 0.2128 0.1132 0.3319 
   NS_SS1447  6 0.1794 0.1469 0.3173 0.3564 
   NS_SS1414  6 0.2279 0.1281 0.2196 0.4244 
   NS_SS1449  6 0.3654 0.1949 0.2558 0.1839 
   NS_SS1443  6 0.2872 0.3785 0.2537 0.0806 
   NS_SS1434  6 0.5555 0.2008 0.1534 0.0902 
   NS_SS1398  6 0.4002 0.1855 0.1352 0.2790 
   NS_SS1426  6 0.1736 0.4724 0.1808 0.1731 
   NS_SS1413  6 0.3271 0.3394 0.2012 0.1323 
   NS_SS1395  6 0.1982 0.4039 0.2554 0.1425 
   NS_SS1448  6 0.2384 0.2748 0.1003 0.3864 
   NS_SS1446  6 0.2011 0.4044 0.2470 0.1476 
   NS_SS1403  6 0.2750 0.2179 0.2766 0.2305 
   NS_SS1415  6 0.2008 0.3695 0.1640 0.2657 
   NS_SS1437  6 0.2175 0.1916 0.3145 0.2764 
   NS_SS1439  6 0.1867 0.2210 0.4385 0.1538 
   NS_SS1441  6 0.2949 0.3565 0.2273 0.1213 
   NS_SS1420  6 0.1769 0.1106 0.0856 0.6269 
   NS_SS1394  6 0.2233 0.1314 0.1739 0.4714 
   NS_SS1391  6 0.4539 0.3146 0.1301 0.1013 
   NS_SS1410  6 0.2506 0.3506 0.2197 0.1791 
   NS_SS1408  6 0.1927 0.1732 0.3739 0.2602 
   NS_SS1409  6 0.4436 0.3002 0.1624 0.0938 
   HI_SS0617  7 0.3613 0.3378 0.1455 0.1555 
   HI_SS0618  7 0.3201 0.1620 0.1778 0.3401 
   HI_SS0619  7 0.3575 0.2596 0.1324 0.2506 
   HI_SS0620  7 0.1619 0.4575 0.0998 0.2809 
   HI_SS0621  7 0.3015 0.1629 0.2987 0.2368 
   HI_SS0622  7 0.2065 0.2087 0.3410 0.2438 
   HI_SS0626  7 0.1274 0.2221 0.1264 0.5242 
   HI_SS0627  7 0.3127 0.1785 0.2714 0.2375 
   HI_SS0628  7 0.1988 0.4111 0.1476 0.2426 
   HI_SS0629  7 0.1352 0.3193 0.2741 0.2714 
   HI_SS0630  7 0.2392 0.3102 0.1514 0.2991 
   HI_SS0631  7 0.1723 0.3002 0.1596 0.3680 
   HI_SS0632  7 0.1438 0.1902 0.2219 0.4441 
   HI_SS0633  7 0.5305 0.1833 0.1422 0.1441 
   HI_SS0634  7 0.2000 0.2519 0.2030 0.3451 
   HI_SS0635  7 0.2348 0.1359 0.2267 0.4026 
   HI_SS0637  7 0.0991 0.2218 0.3841 0.2949 
   HI_SS0638  7 0.3165 0.2264 0.2030 0.2542 
   HI_SS0639  7 0.2542 0.1353 0.2622 0.3483 
   HI_SS0640  7 0.2554 0.1750 0.3097 0.2599 
   HI_SS0641  7 0.0958 0.3850 0.1239 0.3953 
   HI_SS0642  7 0.2616 0.1348 0.3864 0.2172 
   HI_SS0645  7 0.2323 0.0876 0.1347 0.5454 
   HI_SS0646  7 0.4025 0.1971 0.2968 0.1036 
   HI_SS0647  7 0.3654 0.1828 0.2443 0.2075 
   HI_SS0648  7 0.2571 0.2030 0.2498 0.2901 
   HI_SS0649  7 0.2760 0.2761 0.2395 0.2084 
   HI_SS0650  7 0.5644 0.1478 0.1366 0.1512 
   HI_SS0651  7 0.2717 0.2171 0.2854 0.2258 
   HI_SS0652  7 0.2675 0.1127 0.1188 0.5010 
   NS_SS1371  7 0.2579 0.3438 0.2968 0.1015 
   NS_SS1374  7 0.1910 0.3937 0.1550 0.2604 
   NS_SS1337  7 0.2505 0.1219 0.2671 0.3605 
   NS_SS1385  7 0.3669 0.2062 0.2982 0.1287 
   NS_SS1388  7 0.3110 0.2896 0.1402 0.2592 
   NS_SS1370  7 0.0855 0.0955 0.1284 0.6905 
   NS_SS1389  7 0.3195 0.1854 0.1132 0.3820 
   NS_SS1360  7 0.1179 0.2974 0.2185 0.3662 
   NS_SS1330  7 0.2584 0.1150 0.2775 0.3490 
   NS_SS1328  7 0.4499 0.3076 0.1591 0.0834 
   NS_SS1384  7 0.1340 0.2439 0.4012 0.2209 
   NS_SS1381  7 0.5892 0.0942 0.1740 0.1427 
   NS_SS1375  7 0.4622 0.1639 0.0894 0.2844 
   NS_SS1319  7 0.2650 0.2545 0.2204 0.2600 
   NS_SS1326  7 0.3100 0.4491 0.0985 0.1424 
   NS_SS1341  7 0.1231 0.3462 0.3619 0.1688 
   NS_SS1383  7 0.1834 0.2280 0.2770 0.3116 
   NS_SS1318  7 0.2389 0.2140 0.1885 0.3586 
   NS_SS1348  7 0.1193 0.4327 0.2771 0.1709 
   NS_SS1363  7 0.1880 0.1465 0.3266 0.3388 
   NS_SS1335  7 0.0821 0.2819 0.3816 0.2543 
   NS_SS1358  7 0.1552 0.2628 0.4466 0.1354 
   NS_SS1342  7 0.1620 0.3261 0.4269 0.0851 
   NS_SS1320  7 0.6227 0.0554 0.2178 0.1041 
   NS_SS1355  7 0.2476 0.1424 0.3697 0.2403 
   NS_SS1345  7 0.1485 0.0809 0.5967 0.1738 
   NS_SS1324  7 0.1748 0.3441 0.2211 0.2601 
   NS_SS1347  7 0.2198 0.2076 0.3863 0.1863 
   NS_SS1321  7 0.1538 0.4158 0.2212 0.2092 
   NS_SS1333  7 0.2149 0.4344 0.1651 0.1856 
   NS_SS1364  7 0.1292 0.2758 0.4358 0.1592 
   NS_SS1379  7 0.3637 0.1745 0.2361 0.2257 
   NS_SS1332  7 0.1503 0.4808 0.1893 0.1796 
   NS_SS1338  7 0.1257 0.2921 0.1667 0.4154 
   NS_SS1368  7 0.1460 0.3627 0.3759 0.1154 
   NS_SS1354  7 0.1817 0.2022 0.4246 0.1915 
   NS_SS1365  7 0.2649 0.1522 0.2537 0.3291 
   NS_SS1380  7 0.1755 0.1209 0.4224 0.2812 
   NS_SS1329  7 0.1528 0.3266 0.4377 0.0829 
   NS_SS1362  7 0.2919 0.2264 0.3241 0.1577 
   NS_SS1327  7 0.1236 0.6696 0.0743 0.1325 
   NS_SS1350  7 0.5333 0.2869 0.0977 0.0820 
   NS_SS1387  7 0.1474 0.1921 0.1491 0.5114 
   NS_SS1369  7 0.1297 0.3206 0.3157 0.2340 
   NS_SS1331  7 0.1973 0.2733 0.1397 0.3897 
   NS_SS1357  7 0.5543 0.2559 0.1161 0.0738 
   NS_SS1386  7 0.0967 0.5094 0.3076 0.0863 
   NS_SS1353  7 0.4620 0.2020 0.1905 0.1456 
   NS_SS1323  7 0.3083 0.1137 0.3902 0.1878 
   HI_SS0296  8 0.1926 0.3186 0.1262 0.3626 
   HI_SS0297  8 0.4452 0.1654 0.2142 0.1752 
   HI_SS0299  8 0.1761 0.2389 0.3278 0.2572 
   HI_SS0300  8 0.1895 0.2107 0.2351 0.3647 
   HI_SS0301  8 0.0686 0.1480 0.2543 0.5291 
   HI_SS0302  8 0.1123 0.2872 0.1638 0.4368 
   HI_SS0303  8 0.3115 0.4009 0.1630 0.1246 
   HI_SS0304  8 0.3496 0.2000 0.1055 0.3449 
   HI_SS0306  8 0.1464 0.3638 0.1565 0.3334 
   HI_SS0307  8 0.2592 0.1563 0.3189 0.2656 
   HI_SS0308  8 0.1431 0.1575 0.3617 0.3376 
   HI_SS0309  8 0.1316 0.1434 0.4904 0.2346 
   HI_SS0310  8 0.3490 0.2156 0.1815 0.2539 
   HI_SS0311  8 0.1452 0.2008 0.2399 0.4141 
   HI_SS0314  8 0.4535 0.2157 0.1802 0.1507 
   HI_SS0316  8 0.2254 0.3347 0.2382 0.2017 
   HI_SS0317  8 0.1755 0.1954 0.2938 0.3353 
   HI_SS0318  8 0.1273 0.4460 0.2131 0.2135 
   HI_SS0319  8 0.1339 0.5660 0.2121 0.0880 
   HI_SS0320  8 0.3780 0.1604 0.1699 0.2917 
   HI_SS0321  8 0.2298 0.3394 0.2507 0.1801 
   HI_SS0323  8 0.1946 0.3812 0.1457 0.2784 
   HI_SS0325  8 0.1242 0.3334 0.1662 0.3762 
   HI_SS0327  8 0.3296 0.3427 0.2698 0.0580 
   HI_SS0329  8 0.2448 0.1830 0.1846 0.3876 
   HI_SS0333  8 0.2552 0.2766 0.2174 0.2508 
   HI_SS0334  8 0.1305 0.3706 0.2893 0.2097 
   HI_SS0335  8 0.2029 0.1093 0.4990 0.1888 
   HI_SS0339  8 0.1891 0.1385 0.3153 0.3572 
   HI_SS0343  8 0.2641 0.1178 0.5036 0.1144 
   HI_SS0344  8 0.1365 0.6171 0.1304 0.1160 
   HI_SS0345  8 0.1384 0.1835 0.3312 0.3468 
   HI_SS0346  8 0.1707 0.3082 0.2193 0.3018 
   HI_SS0350  8 0.1858 0.0738 0.4866 0.2538 
   HI_SS0351  8 0.1374 0.1636 0.5613 0.1378 
   HI_SS0352  8 0.2342 0.1671 0.3670 0.2317 
   HI_SS0362  8 0.1527 0.1888 0.1471 0.5114 
   HI_SS0363  8 0.2534 0.4018 0.2328 0.1120 
   HI_SS0365  8 0.2482 0.3678 0.2563 0.1277 
   HI_SS0366  8 0.1575 0.5136 0.1682 0.1607 
   HI_SS0367  8 0.3367 0.1400 0.3041 0.2192 
   HI_SS0369  8 0.2780 0.1292 0.2031 0.3897 
   HI_SS0370  8 0.5127 0.2089 0.1933 0.0851 
   HI_SS0371  8 0.1397 0.4002 0.1420 0.3181 
   HI_SS0373  8 0.3182 0.2467 0.1677 0.2674 
   HI_SS0374  8 0.3312 0.1753 0.2504 0.2431 
   HI_SS0377  8 0.0971 0.2054 0.4873 0.2101 
   HI_SS0379  8 0.0796 0.6391 0.1822 0.0992 
   HI_SS0380  8 0.2805 0.1707 0.3215 0.2273 
   HI_SS0381  8 0.1501 0.1175 0.3922 0.3402 
   HI_SS0384  8 0.3811 0.3456 0.1156 0.1576 
   HI_SS0385  8 0.2248 0.2912 0.0974 0.3867 
