   NS_SS0963  1 0.4532 0.2662 0.2807 
   NS_SS0983  1 0.1938 0.6684 0.1379 
   NS_SS0719  1 0.2371 0.3584 0.4045 
   NS_SS1001  1 0.4307 0.1469 0.4224 
   NS_SS0936  1 0.6403 0.1916 0.1681 
   NS_SS0955  1 0.3176 0.4823 0.2001 
   NS_SS0944  1 0.4367 0.3105 0.2527 
   NS_SS0945  1 0.3944 0.3296 0.2759 
   NS_SS0922  1 0.4077 0.1317 0.4606 
   NS_SS0929  1 0.2833 0.4491 0.2676 
   NS_SS0956  1 0.2159 0.1255 0.6586 
   NS_SS0906  1 0.3317 0.4054 0.2629 
   NS_SS0721  1 0.1690 0.2632 0.5678 
   NS_SS0982  1 0.3222 0.2718 0.4060 
   NS_SS0923  1 0.3272 0.2396 0.4332 
   NS_SS0905  1 0.2523 0.3189 0.4289 
   NS_SS0925  1 0.5718 0.1372 0.2910 
   NS_SS0947  1 0.5687 0.1769 0.2544 
   NS_SS0926  1 0.1370 0.5909 0.2722 
   NS_SS0918  1 0.3470 0.1772 0.4758 
   NS_SS0966  1 0.4333 0.2588 0.3079 
   NS_SS0938  1 0.5703 0.1657 0.2640 
   NS_SS0917  1 0.2645 0.4819 0.2536 
   NS_SS0957  1 0.1807 0.2198 0.5994 
   NS_SS0987  1 0.1030 0.2000 0.6970 
   NS_SS0717  1 0.3976 0.1591 0.4433 
   NS_SS0986  1 0.1546 0.3525 0.4929 
   NS_SS0953  1 0.5619 0.1517 0.2865 
   NS_SS0907  1 0.4296 0.3493 0.2211 
   NS_SS0974  1 0.5037 0.3173 0.1790 
   NS_SS0989  1 0.2771 0.5868 0.1361 
   NS_SS0991  1 0.1986 0.4503 0.3511 
   NS_SS0994  1 0.1964 0.7034 0.1002 
   NS_SS0931  1 0.1487 0.4718 0.3795 
   NS_SS1000  1 0.5852 0.1616 0.2532 
   NS_SS0919  1 0.2934 0.4893 0.2173 
   NS_SS0949  1 0.2755 0.5628 0.1618 
   NS_SS0960  1 0.1751 0.4583 0.3666 
   NS_SS0716  1 0.1228 0.1119 0.7652 
   NS_SS0924  1 0.2727 0.4352 0.2921 
   NS_SS0935  1 0.1648 0.4966 0.3385 
   NS_SS0952  1 0.2696 0.5562 0.1742 
   NS_SS0962  1 0.3462 0.1982 0.4555 
   NS_SS0973  1 0.4734 0.3160 0.2106 
   NS_SS0722  1 0.7048 0.1015 0.1937 
   NS_SS0979  1 0.2634 0.1908 0.5457 
   NS_SS0993  1 0.5833 0.1526 0.2641 
   NS_SS0958  1 0.2103 0.5047 0.2850 
   NS_SS0988  1 0.1927 0.4428 0.3645 
   NS_SS1003  1 0.2120 0.1371 0.6509 
   NS_SS0976  1 0.2991 0.4831 0.2178 
   NS_SS0964  1 0.4681 0.1098 0.4221 
   NS_SS0939  1 0.1677 0.1137 0.7186 
   NS_SS0990  1 0.1770 0.3797 0.4433 
   NS_SS0984  1 0.4466 0.1187 0.4347 
   NS_SS0980  1 0.7176 0.1634 0.1190 
   NS_SS0978  1 0.5640 0.2186 0.2174 
   NS_SS0951  1 0.1383 0.3748 0.4869 
   NS_SS0913  1 0.2724 0.1694 0.5582 
   NS_SS1002  1 0.5311 0.1852 0.2837 
   NS_SS0948  1 0.2747 0.3592 0.3661 
   NS_SS0916  1 0.4193 0.3326 0.2481 
   NS_SS0995  1 0.3837 0.2126 0.4037 
   NS_SS0927  1 0.3405 0.4767 0.1828 
   NS_SS0992  1 0.5434 0.3141 0.1425 
   NS_SS0912  1 0.1180 0.3153 0.5667 
   NS_SS0981  1 0.2376 0.2180 0.5444 
   NS_SS0729  2 0.4065 0.5201 0.0734 
   NS_SS0967  2 0.4292 0.2882 0.2826 
   NS_SS0941  2 0.4776 0.2240 0.2984 
   NS_SS0768  2 0.2960 0.2414 0.4626 
   NS_SS0726  2 0.4802 0.4168 0.1029 
   NS_SS0763  2 0.3233 0.5066 0.1701 
   NS_SS0730  2 0.3127 0.1831 0.5042 
   NS_SS0774  2 0.6268 0.1407 0.2325 
   NS_SS0723  2 0.5300 0.1357 0.3343 
   NS_SS0940  2 0.2838 0.3637 0.3525 
   NS_SS0762  2 0.4938 0.0845 0.4218 
   NS_SS0766  2 0.3221 0.2729 0.4050 
   NS_SS0724  2 0.3593 0.1706 0.4702 
   NS_SS0769  2 0.2658 0.3303 0.4039 
   NS_SS0777  2 0.2032 0.4104 0.3864 
   NS_SS0734  2 0.2278 0.3126 0.4597 
   NS_SS0737  2 0.6361 0.1164 0.2475 
   NS_SS0732  2 0.2011 0.1674 0.6315 
   NS_SS0728  2 0.4853 0.2209 0.2938 
   NS_SS0735  2 0.5884 0.1575 0.2541 
   NS_SS0725  2 0.5256 0.1731 0.3013 
   NS_SS0788  2 0.3161 0.3768 0.3071 
   NS_SS0778  2 0.1918 0.4628 0.3454 
   NS_SS0792  2 0.2610 0.3541 0.3849 
   NS_SS0943  2 0.3182 0.4559 0.2258 
   NS_SS0791  2 0.2878 0.3208 0.3914 
   NS_SS0790  2 0.3366 0.0788 0.5846 
   NS_SS0731  2 0.1934 0.1816 0.6251 
   NS_SS0727  2 0.5234 0.3654 0.1112 
   NS_SS0779  2 0.3061 0.3182 0.3757 
   NS_SS0776  2 0.4107 0.2540 0.3353 
   NS_SS0775  2 0.4262 0.1254 0.4484 
   NS_SS0965  3 0.2743 0.2182 0.5075 
   NS_SS0754  3 0.2047 0.4411 0.3542 
   NS_SS0838  3 0.4136 0.3340 0.2524 
   NS_SS0839  3 0.4142 0.1205 0.4654 
   NS_SS0832  3 0.4490 0.0980 0.4531 
   NS_SS0820  3 0.2500 0.1666 0.5834 
   NS_SS0886  3 0.2159 0.4057 0.3784 
   NS_SS0748  3 0.2702 0.4117 0.3182 
   NS_SS0884  3 0.4133 0.3275 0.2592 
   NS_SS0752  3 0.5554 0.2333 0.2113 
   NS_SS0862  3 0.2423 0.1299 0.6277 
   NS_SS0787  3 0.1142 0.7317 0.1541 
   NS_SS0843  3 0.4465 0.2742 0.2793 
   NS_SS0856  3 0.4087 0.2790 0.3122 
   NS_SS0846  3 0.4764 0.4086 0.1150 
   NS_SS0825  3 0.2444 0.3780 0.3776 
   NS_SS0757  3 0.2707 0.4155 0.3138 
   NS_SS0876  3 0.5221 0.2033 0.2746 
   NS_SS0903  3 0.6784 0.1514 0.1702 
   NS_SS0875  3 0.1733 0.2530 0.5737 
   NS_SS0740  3 0.4527 0.2809 0.2664 
   NS_SS0811  3 0.1579 0.1054 0.7366 
   NS_SS0751  3 0.3227 0.2470 0.4303 
   NS_SS0891  3 0.3916 0.2543 0.3542 
   NS_SS0867  3 0.3506 0.4132 0.2361 
   NS_SS0890  3 0.3760 0.3021 0.3219 
   NS_SS0866  3 0.2038 0.6369 0.1592 
   NS_SS0755  3 0.2699 0.2743 0.4558 
   NS_SS0758  3 0.5448 0.2497 0.2054 
   NS_SS0840  3 0.4075 0.1222 0.4703 
   NS_SS0889  3 0.1503 0.4872 0.3625 
   NS_SS1010  3 0.2772 0.3443 0.3785 
   NS_SS0888  3 0.3119 0.5140 0.1741 
   NS_SS0837  3 0.2958 0.1582 0.5460 
   NS_SS0794  3 0.3792 0.4056 0.2151 
   NS_SS0823  3 0.6589 0.1350 0.2061 
   NS_SS0829  3 0.1163 0.6410 0.2427 
   NS_SS0844  3 0.5610 0.1502 0.2888 
   NS_SS1008  3 0.3520 0.3844 0.2637 
   NS_SS0881  3 0.1844 0.3791 0.4365 
   NS_SS0834  3 0.6344 0.1540 0.2117 
   NS_SS0744  3 0.4112 0.3272 0.2617 
   NS_SS0899  3 0.1733 0.1207 0.7060 
   NS_SS0804  3 0.3637 0.1135 0.5229 
   NS_SS0781  3 0.4539 0.1453 0.4008 
   NS_SS0822  3 0.5036 0.3137 0.1827 
   NS_SS1004  3 0.4403 0.2721 0.2876 
   NS_SS0746  3 0.4933 0.3101 0.1966 
   NS_SS0880  3 0.4723 0.2408 0.2869 
   NS_SS0879  3 0.4728 0.1863 0.3409 
   NS_SS0753  3 0.2037 0.4367 0.3596 
   NS_SS1007  3 0.4705 0.2894 0.2401 
   NS_SS0872  3 0.4822 0.1745 0.3433 
   NS_SS1005  3 0.5082 0.2555 0.2363 
   NS_SS0892  3 0.3233 0.3124 0.3643 
   NS_SS0898  3 0.2458 0.3559 0.3983 
   NS_SS0801  3 0.2485 0.2742 0.4773 
   NS_SS0827  3 0.0851 0.3504 0.5645 
   NS_SS0853  3 0.1102 0.2611 0.6287 
   NS_SS0780  3 0.3154 0.1897 0.4949 
   NS_SS0826  3 0.3273 0.3786 0.2941 
   NS_SS0818  3 0.3729 0.1168 0.5104 
   NS_SS0745  3 0.1915 0.0864 0.7222 
   NS_SS0849  3 0.1047 0.2363 0.6590 
   NS_SS0739  3 0.2099 0.2767 0.5134 
   NS_SS0799  3 0.3800 0.3989 0.2210 
   NS_SS0756  3 0.4047 0.1375 0.4579 
   NS_SS0802  3 0.3915 0.4410 0.1675 
   NS_SS0747  3 0.4487 0.3192 0.2321 
   NS_SS0835  3 0.2037 0.6813 0.1151 
   NS_SS0742  3 0.3774 0.2633 0.3593 
   NS_SS0760  3 0.2306 0.5677 0.2018 
   NS_SS0803  3 0.7574 0.0984 0.1442 
   NS_SS0828  3 0.1824 0.2923 0.5253 
   NS_SS0865  3 0.2227 0.3252 0.4522 
   NS_SS0759  3 0.3505 0.1369 0.5126 
   NS_SS0851  3 0.1217 0.1263 0.7520 
   NS_SS0874  3 0.5680 0.2091 0.2229 
   NS_SS0761  3 0.1674 0.5449 0.2877 
   NS_SS0842  3 0.2499 0.4460 0.3040 
   NS_SS0785  3 0.3494 0.3918 0.2588 
   NS_SS0860  3 0.1714 0.6927 0.1359 
   NS_SS0897  3 0.1601 0.6379 0.2020 
   NS_SS0841  3 0.2914 0.1237 0.5848 
   NS_SS0797  3 0.1498 0.3996 0.4506 
   NS_SS0830  3 0.2446 0.2911 0.4643 
   NS_SS1011  3 0.4630 0.1821 0.3549 
   NS_SS0883  3 0.2032 0.3471 0.4497 
   NS_SS0782  3 0.5061 0.2603 0.2336 
   NS_SS0831  3 0.1336 0.4925 0.3739 
   NS_SS0749  3 0.2683 0.3011 0.4306 
   NS_SS0854  3 0.5257 0.3009 0.1734 
   HI_SS0193  4 0.3252 0.3677 0.3071 
   HI_SS0194  4 0.5987 0.2001 0.2012 
   HI_SS0195  4 0.2020 0.1235 0.6745 
   HI_SS0196  4 0.5437 0.2594 0.1969 
   HI_SS0197  4 0.4079 0.3261 0.2660 
   HI_SS0198  4 0.1891 0.3937 0.4172 
   HI_SS0199  4 0.4778 0.3595 0.1628 
   HI_SS0201  4 0.1635 0.6482 0.1883 
   HI_SS0215  4 0.1539 0.6383 0.2078 
   HI_SS0218  4 0.1961 0.5660 0.2379 
   HI_SS0222  4 0.2667 0.2345 0.4988 
   HI_SS0230  4 0.1818 0.2952 0.5230 
   HI_SS0234  4 0.6258 0.2713 0.1029 
   HI_SS0240  4 0.5087 0.2073 0.2840 
   HI_SS0241  4 0.2258 0.5562 0.2180 
   HI_SS0242  4 0.3841 0.3136 0.3023 
   HI_SS0247  4 0.3854 0.2779 0.3367 
   HI_SS0248  4 0.4547 0.4409 0.1043 
   HI_SS0252  4 0.5648 0.1619 0.2733 
   HI_SS0254  4 0.2981 0.4694 0.2325 
   HI_SS0256  4 0.5654 0.0686 0.3660 
   HI_SS0257  4 0.4239 0.4906 0.0855 
   HI_SS0258  4 0.2099 0.5039 0.2861 
   HI_SS0259  4 0.4485 0.2230 0.3286 
   HI_SS0260  4 0.3004 0.5118 0.1878 
   HI_SS0261  4 0.4203 0.4029 0.1769 
   HI_SS0262  4 0.2762 0.2055 0.5183 
   HI_SS0264  4 0.1581 0.2248 0.6171 
   HI_SS0265  4 0.2274 0.2893 0.4834 
   HI_SS0268  4 0.1410 0.4086 0.4504 
   HI_SS0269  4 0.2609 0.6624 0.0767 
   HI_SS0273  4 0.2670 0.4785 0.2544 
   HI_SS0277  4 0.2797 0.3179 0.4024 
   HI_SS0280  4 0.1929 0.2243 0.5828 
   HI_SS0282  4 0.4011 0.3892 0.2097 
   HI_SS0286  4 0.1879 0.4105 0.4016 
   NS_SS1252  5 0.1839 0.6911 0.1250 
   NS_SS1261  5 0.3242 0.3801 0.2957 
   NS_SS1225  5 0.3504 0.4727 0.1770 
   NS_SS1266  5 0.5389 0.1310 0.3301 
   NS_SS1228  5 0.1470 0.1525 0.7005 
   NS_SS1255  5 0.6473 0.1780 0.1747 
   NS_SS1267  5 0.1222 0.7289 0.1490 
   NS_SS1238  5 0.1696 0.3370 0.4934 
   NS_SS1233  5 0.3200 0.1835 0.4964 
   NS_SS1277  5 0.3073 0.4261 0.2666 
   NS_SS1245  5 0.4807 0.3746 0.1447 
   NS_SS1240  5 0.1474 0.7508 0.1018 
   NS_SS1275  5 0.4213 0.1115 0.4672 
   NS_SS1235  5 0.7411 0.1810 0.0779 
   NS_SS1263  5 0.5871 0.1569 0.2560 
   NS_SS1251  5 0.5109 0.2196 0.2696 
   NS_SS1248  5 0.0688 0.1962 0.7350 
   NS_SS1244  5 0.3775 0.3385 0.2840 
   NS_SS1257  5 0.2518 0.5120 0.2362 
   NS_SS1242  5 0.4483 0.1637 0.3880 
   NS_SS1271  5 0.1659 0.6864 0.1477 
   NS_SS1265  5 0.2092 0.5847 0.2060 
   NS_SS1243  5 0.3033 0.1722 0.5245 
   NS_SS1273  5 0.3366 0.1286 0.5347 
   NS_SS1254  5 0.4826 0.1812 0.3362 
   NS_SS1224  5 0.3281 0.1292 0.5427 
   NS_SS1227  5 0.2438 0.6061 0.1501 
   NS_SS1274  5 0.3021 0.4290 0.2689 
   NS_SS1241  5 0.3666 0.4284 0.2051 
   NS_SS1256  5 0.4194 0.4075 0.1731 
   NS_SS1260  5 0.2855 0.5566 0.1579 
   NS_SS1262  5 0.2622 0.4368 0.3011 
   NS_SS1230  5 0.3170 0.3714 0.3115 
   NS_SS1270  5 0.2388 0.2176 0.5436 
   NS_SS1229  5 0.7636 0.1622 0.0741 
   NS_SS1246  5 0.2855 0.5954 0.1191 
   NS_SS1269  5 0.3232 0.2450 0.4318 
   NS_SS1239  5 0.4389 0.1495 0.4116 
   NS_SS1272  5 0.3214 0.3911 0.2875 
   NS_SS1268  5 0.2101 0.1496 0.6403 
   NS_SS1249  5 0.3546 0.5441 0.1013 
   HI_SS0559  6 0.3608 0.2998 0.3394 
   HI_SS0563  6 0.3662 0.3209 0.3129 
   HI_SS0564  6 0.3690 0.2867 0.3443 
   HI_SS0565  6 0.2758 0.5195 0.2047 
   HI_SS0569  6 0.1501 0.6202 0.2297 
   HI_SS0570  6 0.1849 0.5785 0.2365 
   HI_SS0572  6 0.6832 0.1632 0.1536 
   HI_SS0576  6 0.2052 0.1664 0.6284 
   HI_SS0579  6 0.4980 0.3664 0.1356 
   HI_SS0580  6 0.3356 0.3831 0.2813 
   HI_SS0581  6 0.2463 0.1555 0.5982 
   HI_SS0583  6 0.3203 0.5503 0.1294 
   HI_SS0586  6 0.0815 0.6418 0.2766 
   HI_SS0588  6 0.3368 0.4574 0.2058 
   HI_SS0595  6 0.2520 0.5511 0.1968 
   HI_SS0596  6 0.6237 0.1268 0.2495 
   HI_SS0597  6 0.6259 0.2017 0.1724 
   HI_SS0600  6 0.2831 0.4397 0.2772 
   HI_SS0601  6 0.2526 0.4689 0.2785 
   HI_SS0602  6 0.1411 0.4214 0.4375 
   HI_SS0604  6 0.3808 0.2989 0.3203 
   HI_SS0605  6 0.2905 0.3447 0.3648 
   HI_SS0608  6 0.1992 0.3264 0.4744 
   HI_SS0609  6 0.5695 0.1673 0.2632 
   HI_SS0611  6 0.1383 0.5623 0.2993 
   HI_SS0612  6 0.6775 0.2163 0.1062 
   HI_SS0613  6 0.1467 0.2538 0.5994 
   HI_SS0615  6 0.4716 0.1109 0.4175 
   HI_SS0001  6 0.4661 0.3511 0.1828 
   HI_SS0002  6 0.5046 0.1861 0.3093 
   HI_SS0004  6 0.2563 0.4487 0.2950 
   HI_SS0005  6 0.0983 0.1808 0.7209 
   HI_SS0006  6 0.4022 0.4603 0.1375 
   HI_SS0007  6 0.1388 0.3283 0.5329 
   HI_SS0008  6 0.2654 0.2992 0.4354 
   HI_SS0009  6 0.3861 0.1202 0.4938 
   HI_SS0010  6 0.1562 0.3722 0.4716 
   HI_SS0011  6 0.3158 0.2274 0.4567 
   HI_SS0012  6 0.4615 0.1927 0.3458 
   HI_SS0017  6 0.6101 0.1456 0.2443 
   HI_SS0021  6 0.1368 0.5260 0.3372 
   HI_SS0024  6 0.2977 0.1868 0.5156 
   HI_SS0025  6 0.4351 0.1537 0.4112 
   HI_SS0027  6 0.2604 0.4455 0.2941 
   HI_SS0028  6 0.1247 0.1114 0.7639 
   HI_SS0029  6 0.2632 0.3103 0.4265 
   HI_SS0030  6 0.3628 0.3777 0.2595 
   HI_SS0031  6 0.4539 0.3160 0.2301 
   HI_SS0034  6 0.3934 0.4975 0.1090 
   HI_SS0036  6 0.1058 0.5926 0.3016 
   HI_SS0037  6 0.1182 0.6254 0.2565 
   HI_SS0039  6 0.1046 0.3577 0.5378 
   HI_SS0041  6 0.2453 0.1570 0.5976 
   HI_SS0042  6 0.4184 0.1610 0.4206 
   HI_SS0043  6 0.1206 0.7239 0.1555 
   HI_SS0044  6 0.4055 0.3571 0.2374 
   HI_SS0047  6 0.4877 0.1590 0.3533 
   HI_SS0049  6 0.5583 0.1847 0.2570 
   HI_SS0051  6 0.2355 0.2498 0.5146 
   HI_SS0053  6 0.2316 0.6364 0.1320 
   HI_SS0054  6 0.1973 0.5582 0.2446 
   HI_SS0057  6 0.2148 0.2281 0.5572 
   HI_SS0058  6 0.3156 0.4391 0.2454 
   HI_SS0060  6 0.2194 0.2651 0.5155 
   HI_SS0087  6 0.4367 0.3975 0.1658 
   HI_SS0091  6 0.2003 0.7079 0.0918 
   HI_SS0095  6 0.4202 0.3502 0.2296 
   HI_SS0097  6 0.5290 0.2758 0.1953 
   HI_SS0099  6 0.2414 0.2474 0.5112 
   HI_SS0103  6 0.5759 0.2585 0.1656 
   HI_SS0105  6 0.2704 0.3831 0.3465 
   HI_SS0107  6 0.7388 0.1108 0.1504 
   HI_SS0108  6 0.1421 0.7386 0.1193 
   HI_SS0110  6 0.4628 0.3763 0.1610 
   HI_SS0111  6 0.2776 0.3002 0.4223 
   HI_SS0112  6 0.1511 0.6965 0.1524 
   HI_SS0113  6 0.4859 0.1479 0.3662 
   HI_SS0114  6 0.1549 0.4809 0.3642 
   HI_SS0115  6 0.5145 0.2484 0.2371 
   HI_SS0116  6 0.3073 0.5511 0.1416 
   HI_SS0117  6 0.3498 0.4849 0.1653 
   HI_SS0118  6 0.3212 0.4992 0.1796 
   HI_SS0119  6 0.2646 0.4953 0.2402 
   HI_SS0120  6 0.6743 0.1399 0.1858 
   HI_SS0121  6 0.1429 0.1543 0.7027 
   HI_SS0122  6 0.2456 0.3540 0.4004 
   HI_SS0123  6 0.5040 0.3090 0.1870 
   HI_SS0124  6 0.4462 0.1108 0.4430 
   HI_SS0125  6 0.2574 0.1177 0.6249 
   HI_SS0126  6 0.2689 0.5522 0.1789 
   HI_SS0127  6 0.1598 0.2482 0.5921 
   HI_SS0128  6 0.5857 0.2275 0.1868 
   HI_SS0129  6 0.3092 0.4570 0.2338 
   HI_SS0131  6 0.1279 0.4556 0.4165 
   HI_SS0132  6 0.2275 0.2965 0.4760 
   HI_SS0133  6 0.1390 0.7085 0.1525 
   HI_SS0134  6 0.4178 0.3578 0.2244 
   HI_SS0142  6 0.3565 0.2905 0.3530 
   HI_SS0145  6 0.5535 0.3045 0.1420 
   HI_SS0146  6 0.2948 0.4175 0.2878 
   HI_SS0147  6 0.2473 0.1508 0.6019 
   HI_SS0149  6 0.2642 0.4006 0.3352 
   HI_SS0150  6 0.2705 0.1403 0.5892 
   HI_SS0151  6 0.5771 0.2484 0.1745 
   NS_SS1451  6 0.3353 0.1108 0.5539 
   NS_SS1404  6 0.1687 0.1917 0.6396 
   NS_SS1432  6 0.3518 0.2063 0.4419 
   NS_SS1405  6 0.3706 0.2539 0.3755 
   NS_SS1431  6 0.3881 0.1592 0.4527 
   NS_SS1402  6 0.4169 0.4164 0.1667 
   NS_SS1450  6 0.3754 0.3781 0.2465 
   NS_SS1396  6 0.2711 0.3264 0.4025 
   NS_SS1393  6 0.2703 0.4553 0.2745 
   NS_SS1392  6 0.3598 0.1699 0.4703 
   NS_SS1445  6 0.1564 0.6078 0.2358 
   NS_SS1423  6 0.4434 0.3947 0.1620 
   NS_SS1421  6 0.3275 0.4571 0.2154 
   NS_SS1411  6 0.1146 0.4018 0.4835 
   NS_SS1453  6 0.2075 0.5055 0.2871 
   NS_SS1442  6 0.3965 0.3032 0.3003 
   NS_SS1422  6 0.6574 0.2007 0.1419 
   NS_SS1419  6 0.2564 0.2370 0.5065 
   NS_SS1427  6 0.3109 0.5800 0.1091 
   NS_SS1444  6 0.2510 0.2163 0.5327 
   NS_SS1455  6 0.5912 0.1411 0.2678 
   NS_SS1425  6 0.1429 0.7024 0.1547 
   NS_SS1400  6 0.1961 0.5046 0.2994 
   NS_SS1406  6 0.5130 0.1738 0.3131 
   NS_SS1417  6 0.2997 0.4339 0.2664 
   NS_SS1454  6 0.1444 0.4671 0.3886 
   NS_SS1412  6 0.2815 0.3958 0.3227 
   NS_SS1438  6 0.1567 0.6117 0.2316 
   NS_SS1416  6 0.2495 0.3118 0.4387 
   NS_SS1401  6 0.3320 0.4653 0.2027 
   NS_SS1424  6 0.2965 0.4296 0.2739 
   NS_SS1435  6 0.2460 0.2488 0.5051 
   NS_SS1447  6 0.3585 0.2172 0.4243 
   NS_SS1414  6 0.2615 0.1745 0.5640 
   NS_SS1449  6 0.5986 0.2099 0.1915 
   NS_SS1443  6 0.4888 0.4315 0.0797 
   NS_SS1434  6 0.7132 0.1954 0.0914 
   NS_SS1398  6 0.3440 0.2163 0.4397 
   NS_SS1426  6 0.1786 0.6629 0.1586 
   NS_SS1413  6 0.3418 0.5011 0.1571 
   NS_SS1395  6 0.3206 0.5340 0.1454 
   NS_SS1448  6 0.2028 0.2941 0.5031 
   NS_SS1446  6 0.3098 0.5266 0.1636 
   NS_SS1403  6 0.3379 0.3206 0.3414 
   NS_SS1415  6 0.2242 0.4912 0.2846 
   NS_SS1437  6 0.2730 0.2885 0.4384 
   NS_SS1439  6 0.5105 0.3092 0.1803 
   NS_SS1441  6 0.3487 0.4862 0.1651 
   NS_SS1420  6 0.1355 0.1099 0.7546 
   NS_SS1394  6 0.1641 0.1776 0.6583 
   NS_SS1391  6 0.4780 0.3975 0.1245 
   NS_SS1410  6 0.3036 0.4522 0.2441 
   NS_SS1408  6 0.3387 0.2515 0.4098 
   NS_SS1409  6 0.4960 0.3749 0.1291 
   HI_SS0617  7 0.4628 0.3381 0.1991 
   HI_SS0618  7 0.3251 0.2032 0.4718 
   HI_SS0619  7 0.3131 0.2913 0.3956 
   HI_SS0620  7 0.1906 0.5661 0.2433 
   HI_SS0621  7 0.4227 0.2170 0.3603 
   HI_SS0622  7 0.3867 0.2463 0.3671 
   HI_SS0626  7 0.0988 0.2560 0.6453 
   HI_SS0627  7 0.3928 0.2659 0.3413 
   HI_SS0628  7 0.1588 0.4738 0.3674 
   HI_SS0629  7 0.1874 0.4478 0.3647 
   HI_SS0630  7 0.2822 0.3928 0.3250 
   HI_SS0631  7 0.1927 0.3669 0.4404 
   HI_SS0632  7 0.2061 0.2669 0.5271 
   HI_SS0633  7 0.6414 0.1663 0.1923 
   HI_SS0634  7 0.2318 0.2642 0.5040 
   HI_SS0635  7 0.2257 0.1798 0.5946 
   HI_SS0637  7 0.2934 0.3442 0.3624 
   HI_SS0638  7 0.3435 0.2801 0.3764 
   HI_SS0639  7 0.3357 0.1672 0.4970 
   HI_SS0640  7 0.4126 0.2740 0.3134 
   HI_SS0641  7 0.0935 0.4647 0.4418 
   HI_SS0642  7 0.3589 0.2336 0.4075 
   HI_SS0645  7 0.1567 0.0901 0.7531 
   HI_SS0646  7 0.6173 0.2440 0.1387 
   HI_SS0647  7 0.4307 0.2580 0.3113 
   HI_SS0648  7 0.3200 0.2498 0.4302 
   HI_SS0649  7 0.3783 0.3767 0.2450 
   HI_SS0650  7 0.6343 0.1624 0.2033 
   HI_SS0651  7 0.4238 0.2874 0.2888 
   HI_SS0652  7 0.1943 0.1388 0.6669 
   NS_SS1371  7 0.4072 0.4648 0.1280 
   NS_SS1374  7 0.1366 0.5000 0.3634 
   NS_SS1337  7 0.2923 0.1386 0.5691 
   NS_SS1385  7 0.5648 0.2668 0.1684 
   NS_SS1388  7 0.2377 0.3509 0.4114 
   NS_SS1370  7 0.1103 0.1053 0.7844 
   NS_SS1389  7 0.2044 0.2016 0.5941 
   NS_SS1360  7 0.1804 0.4317 0.3879 
   NS_SS1330  7 0.3624 0.1418 0.4958 
   NS_SS1328  7 0.5017 0.3809 0.1174 
   NS_SS1384  7 0.2807 0.4403 0.2790 
   NS_SS1381  7 0.7431 0.0969 0.1600 
   NS_SS1375  7 0.2785 0.1690 0.5524 
   NS_SS1319  7 0.2911 0.3073 0.4016 
   NS_SS1326  7 0.2338 0.5838 0.1824 
   NS_SS1341  7 0.2444 0.5521 0.2035 
   NS_SS1383  7 0.2182 0.3347 0.4472 
   NS_SS1318  7 0.3583 0.2195 0.4221 
   NS_SS1348  7 0.1778 0.6663 0.1559 
   NS_SS1363  7 0.3506 0.1919 0.4575 
   NS_SS1335  7 0.1989 0.4788 0.3223 
   NS_SS1358  7 0.3854 0.4476 0.1670 
   NS_SS1342  7 0.4013 0.4770 0.1217 
   NS_SS1320  7 0.7609 0.0660 0.1731 
   NS_SS1355  7 0.5245 0.2100 0.2655 
   NS_SS1345  7 0.6434 0.1260 0.2306 
   NS_SS1324  7 0.2311 0.4511 0.3178 
   NS_SS1347  7 0.4194 0.3451 0.2355 
   NS_SS1321  7 0.1960 0.5118 0.2922 
   NS_SS1333  7 0.1510 0.5358 0.3132 
   NS_SS1364  7 0.3307 0.5039 0.1654 
   NS_SS1379  7 0.5008 0.2559 0.2433 
   NS_SS1332  7 0.1340 0.6253 0.2407 
   NS_SS1338  7 0.1309 0.4788 0.3903 
   NS_SS1368  7 0.2561 0.5527 0.1912 
   NS_SS1354  7 0.3732 0.3236 0.3032 
   NS_SS1365  7 0.3313 0.1749 0.4938 
   NS_SS1380  7 0.3988 0.1559 0.4454 
   NS_SS1329  7 0.3896 0.4941 0.1163 
   NS_SS1362  7 0.4657 0.3175 0.2168 
   NS_SS1327  7 0.0914 0.7968 0.1118 
   NS_SS1350  7 0.5629 0.3226 0.1145 
   NS_SS1387  7 0.1404 0.2500 0.6096 
   NS_SS1369  7 0.2885 0.4554 0.2561 
   NS_SS1331  7 0.1263 0.2910 0.5827 
   NS_SS1357  7 0.6077 0.2908 0.1014 
   NS_SS1386  7 0.1534 0.7474 0.0992 
   NS_SS1353  7 0.5117 0.2512 0.2371 
   NS_SS1323  7 0.5294 0.1469 0.3237 
   HI_SS0296  8 0.2464 0.3840 0.3696 
   HI_SS0297  8 0.4477 0.2526 0.2998 
   HI_SS0299  8 0.3426 0.4024 0.2550 
   HI_SS0300  8 0.3344 0.3194 0.3462 
   HI_SS0301  8 0.1063 0.2348 0.6589 
   HI_SS0302  8 0.1510 0.3735 0.4755 
   HI_SS0303  8 0.3476 0.5173 0.1351 
   HI_SS0304  8 0.2192 0.2193 0.5615 
   HI_SS0306  8 0.1576 0.4921 0.3504 
   HI_SS0307  8 0.3909 0.1736 0.4354 
   HI_SS0308  8 0.2368 0.2693 0.4940 
   HI_SS0309  8 0.4709 0.2315 0.2977 
   HI_SS0310  8 0.3546 0.2695 0.3759 
   HI_SS0311  8 0.1957 0.2747 0.5295 
   HI_SS0314  8 0.4518 0.2715 0.2767 
   HI_SS0316  8 0.2820 0.4508 0.2671 
   HI_SS0317  8 0.2047 0.3029 0.4925 
   HI_SS0318  8 0.1425 0.6427 0.2148 
   HI_SS0319  8 0.1916 0.7137 0.0947 
   HI_SS0320  8 0.2165 0.1883 0.5953 
   HI_SS0321  8 0.3404 0.4702 0.1894 
   HI_SS0323  8 0.1817 0.4762 0.3421 
   HI_SS0325  8 0.1618 0.3952 0.4430 
   HI_SS0327  8 0.5631 0.3749 0.0620 
   HI_SS0329  8 0.2001 0.2374 0.5625 
   HI_SS0333  8 0.3003 0.3745 0.3252 
   HI_SS0334  8 0.2354 0.5875 0.1771 
   HI_SS0335  8 0.5615 0.1698 0.2687 
   HI_SS0339  8 0.3978 0.1971 0.4052 
   HI_SS0343  8 0.6673 0.1580 0.1747 
   HI_SS0344  8 0.1470 0.7534 0.0996 
   HI_SS0345  8 0.2670 0.2685 0.4646 
   HI_SS0346  8 0.1749 0.4142 0.4109 
   HI_SS0350  8 0.5309 0.1112 0.3579 
   HI_SS0351  8 0.4723 0.3422 0.1855 
   HI_SS0352  8 0.4954 0.1857 0.3190 
   HI_SS0362  8 0.1371 0.2230 0.6399 
   HI_SS0363  8 0.4150 0.4596 0.1254 
   HI_SS0365  8 0.3792 0.4706 0.1502 
   HI_SS0366  8 0.2289 0.6245 0.1466 
   HI_SS0367  8 0.4566 0.1698 0.3736 
   HI_SS0369  8 0.2895 0.1497 0.5608 
   HI_SS0370  8 0.6415 0.2594 0.0991 
   HI_SS0371  8 0.1416 0.4820 0.3764 
   HI_SS0373  8 0.2901 0.2893 0.4206 
   HI_SS0374  8 0.3955 0.2360 0.3685 
   HI_SS0377  8 0.2689 0.4519 0.2791 
   HI_SS0379  8 0.0956 0.8160 0.0884 
   HI_SS0380  8 0.4477 0.2084 0.3438 
   HI_SS0381  8 0.3621 0.1687 0.4691 
   HI_SS0384  8 0.3053 0.4331 0.2615 
   HI_SS0385  8 0.1122 0.3370 0.5508 
