   NS_SS0963  1 0.2627 0.0938 0.1709 0.2224 0.1601 0.0901 
   NS_SS0983  1 0.1205 0.0499 0.2418 0.1695 0.1370 0.2813 
   NS_SS0719  1 0.2296 0.1202 0.1766 0.1173 0.2134 0.1428 
   NS_SS1001  1 0.0728 0.2981 0.1408 0.1987 0.1815 0.1081 
   NS_SS0936  1 0.2172 0.1906 0.2035 0.2241 0.0716 0.0930 
   NS_SS0955  1 0.1524 0.0600 0.1783 0.2358 0.1813 0.1922 
   NS_SS0944  1 0.1066 0.1392 0.1324 0.2734 0.1551 0.1933 
   NS_SS0945  1 0.1282 0.3024 0.0888 0.1549 0.0956 0.2301 
   NS_SS0922  1 0.1729 0.2990 0.1536 0.1208 0.1620 0.0917 
   NS_SS0929  1 0.1874 0.0896 0.2046 0.2110 0.1154 0.1920 
   NS_SS0956  1 0.1052 0.2011 0.1297 0.1275 0.3543 0.0822 
   NS_SS0906  1 0.1502 0.1106 0.1212 0.2968 0.1175 0.2037 
   NS_SS0721  1 0.1546 0.0867 0.1827 0.0935 0.3710 0.1115 
   NS_SS0982  1 0.2022 0.1315 0.1229 0.2280 0.2041 0.1113 
   NS_SS0923  1 0.1645 0.2052 0.1712 0.1957 0.1511 0.1123 
   NS_SS0905  1 0.0906 0.1588 0.2048 0.2206 0.1869 0.1382 
   NS_SS0925  1 0.1117 0.1056 0.2907 0.2492 0.1803 0.0625 
   NS_SS0947  1 0.1670 0.1817 0.2131 0.2280 0.0976 0.1126 
   NS_SS0926  1 0.2922 0.0896 0.0722 0.1485 0.0917 0.3058 
   NS_SS0918  1 0.1366 0.1372 0.0736 0.3958 0.1626 0.0943 
   NS_SS0966  1 0.1928 0.1476 0.1597 0.2737 0.1211 0.1051 
   NS_SS0938  1 0.3606 0.2254 0.1208 0.1110 0.0929 0.0893 
   NS_SS0917  1 0.1930 0.1450 0.2744 0.0623 0.1374 0.1879 
   NS_SS0957  1 0.1478 0.1596 0.1296 0.1487 0.2816 0.1327 
   NS_SS0987  1 0.1069 0.1228 0.0739 0.1588 0.3812 0.1564 
   NS_SS0717  1 0.0694 0.2887 0.1290 0.2029 0.2031 0.1071 
   NS_SS0986  1 0.1738 0.1521 0.0610 0.1844 0.2119 0.2168 
   NS_SS0953  1 0.0650 0.1772 0.2061 0.3042 0.1499 0.0977 
   NS_SS0907  1 0.1287 0.1041 0.1526 0.3640 0.1117 0.1389 
   NS_SS0974  1 0.1272 0.1702 0.2562 0.2087 0.0840 0.1537 
   NS_SS0989  1 0.2580 0.0900 0.2601 0.0575 0.0981 0.2363 
   NS_SS0991  1 0.0812 0.0670 0.0652 0.3005 0.2541 0.2320 
   NS_SS0994  1 0.1011 0.1803 0.1193 0.0996 0.0804 0.4193 
   NS_SS0931  1 0.1939 0.0828 0.0669 0.2067 0.1602 0.2896 
   NS_SS1000  1 0.1607 0.3176 0.0963 0.2153 0.0843 0.1258 
   NS_SS0919  1 0.3243 0.0694 0.1525 0.1997 0.0896 0.1644 
   NS_SS0949  1 0.1850 0.0819 0.2373 0.0877 0.1649 0.2433 
   NS_SS0960  1 0.1410 0.0817 0.2175 0.1722 0.1923 0.1953 
   NS_SS0716  1 0.0929 0.3870 0.0589 0.0643 0.2693 0.1277 
   NS_SS0924  1 0.1581 0.0737 0.2009 0.2351 0.1648 0.1674 
   NS_SS0935  1 0.0744 0.0865 0.1735 0.1614 0.2468 0.2574 
   NS_SS0952  1 0.1667 0.0963 0.1478 0.2423 0.1011 0.2458 
   NS_SS0962  1 0.3228 0.2268 0.0711 0.1131 0.1547 0.1115 
   NS_SS0973  1 0.1097 0.0739 0.3318 0.2386 0.1481 0.0979 
   NS_SS0722  1 0.0614 0.3830 0.1369 0.2729 0.0748 0.0710 
   NS_SS0979  1 0.1779 0.1817 0.0995 0.2004 0.2430 0.0973 
   NS_SS0993  1 0.1370 0.1596 0.2047 0.2784 0.1521 0.0682 
   NS_SS0958  1 0.1367 0.1820 0.1031 0.1566 0.1278 0.2939 
   NS_SS0988  1 0.2909 0.1000 0.0780 0.1998 0.1260 0.2054 
   NS_SS1003  1 0.4315 0.0714 0.0662 0.1274 0.2380 0.0654 
   NS_SS0976  1 0.2495 0.0877 0.1043 0.1955 0.1260 0.2371 
   NS_SS0964  1 0.0850 0.3408 0.1513 0.1177 0.2276 0.0776 
   NS_SS0939  1 0.1331 0.3688 0.0883 0.0485 0.2807 0.0807 
   NS_SS0990  1 0.2293 0.2665 0.0602 0.0688 0.1231 0.2521 
   NS_SS0984  1 0.1660 0.3421 0.1375 0.1585 0.1159 0.0801 
   NS_SS0980  1 0.1088 0.1384 0.3955 0.2074 0.0770 0.0729 
   NS_SS0978  1 0.2039 0.2294 0.1864 0.1708 0.1070 0.1026 
   NS_SS0951  1 0.0762 0.0993 0.0748 0.2465 0.2810 0.2222 
   NS_SS0913  1 0.1026 0.2692 0.0923 0.1505 0.2609 0.1244 
   NS_SS1002  1 0.4581 0.1074 0.0960 0.1976 0.0684 0.0726 
   NS_SS0948  1 0.1608 0.1218 0.1220 0.2855 0.1307 0.1792 
   NS_SS0916  1 0.1710 0.1080 0.4070 0.0682 0.1332 0.1126 
   NS_SS0995  1 0.1338 0.1284 0.4030 0.0947 0.1647 0.0754 
   NS_SS0927  1 0.1786 0.1458 0.2651 0.0973 0.1013 0.2118 
   NS_SS0992  1 0.2268 0.1483 0.2964 0.1076 0.0789 0.1421 
   NS_SS0912  1 0.1618 0.1161 0.0598 0.1559 0.2645 0.2419 
   NS_SS0981  1 0.2622 0.1130 0.0699 0.2528 0.2020 0.1002 
   NS_SS0729  2 0.1052 0.0689 0.3726 0.1634 0.0537 0.2362 
   NS_SS0967  2 0.2793 0.1142 0.1899 0.2266 0.1094 0.0807 
   NS_SS0941  2 0.1791 0.2535 0.1919 0.1051 0.1567 0.1137 
   NS_SS0768  2 0.1646 0.1497 0.0834 0.1766 0.2880 0.1376 
   NS_SS0726  2 0.2173 0.0876 0.3453 0.1120 0.0704 0.1674 
   NS_SS0763  2 0.1363 0.1773 0.1754 0.1712 0.1241 0.2157 
   NS_SS0730  2 0.2070 0.2332 0.1732 0.1097 0.1700 0.1070 
   NS_SS0774  2 0.1357 0.2932 0.2700 0.1484 0.0778 0.0749 
   NS_SS0723  2 0.2309 0.1668 0.2368 0.1645 0.1439 0.0572 
   NS_SS0940  2 0.1740 0.1926 0.1938 0.0872 0.1652 0.1870 
   NS_SS0762  2 0.0708 0.3897 0.1753 0.1699 0.1381 0.0562 
   NS_SS0766  2 0.0853 0.2942 0.1944 0.0762 0.1816 0.1683 
   NS_SS0724  2 0.1099 0.1515 0.1327 0.2451 0.2549 0.1059 
   NS_SS0769  2 0.2436 0.1886 0.1149 0.1360 0.1698 0.1470 
   NS_SS0777  2 0.1624 0.1171 0.0767 0.2130 0.1751 0.2556 
   NS_SS0734  2 0.1165 0.1793 0.1653 0.1054 0.2563 0.1771 
   NS_SS0737  2 0.1165 0.3735 0.2495 0.0869 0.1044 0.0693 
   NS_SS0732  2 0.0881 0.0987 0.2138 0.1687 0.3596 0.0712 
   NS_SS0728  2 0.1119 0.1768 0.2985 0.1101 0.1904 0.1123 
   NS_SS0735  2 0.0618 0.2143 0.2564 0.1769 0.1962 0.0945 
   NS_SS0725  2 0.1964 0.3393 0.0792 0.1144 0.1584 0.1124 
   NS_SS0788  2 0.3465 0.1080 0.1796 0.0894 0.1393 0.1373 
   NS_SS0778  2 0.2594 0.0812 0.1908 0.1148 0.1709 0.1830 
   NS_SS0792  2 0.0878 0.0846 0.3055 0.1620 0.2429 0.1173 
   NS_SS0943  2 0.0921 0.0660 0.1046 0.2925 0.1805 0.2643 
   NS_SS0791  2 0.0892 0.0986 0.3822 0.0666 0.2304 0.1330 
   NS_SS0790  2 0.0985 0.2124 0.0940 0.2511 0.2962 0.0478 
   NS_SS0731  2 0.1037 0.2354 0.0735 0.1455 0.3222 0.1197 
   NS_SS0727  2 0.0525 0.2592 0.2840 0.1030 0.0798 0.2215 
   NS_SS0779  2 0.1602 0.1476 0.1769 0.1871 0.1790 0.1491 
   NS_SS0776  2 0.1640 0.3110 0.1212 0.1048 0.1422 0.1569 
   NS_SS0775  2 0.1022 0.3697 0.1991 0.0931 0.1643 0.0717 
   NS_SS0965  3 0.2034 0.0860 0.1262 0.1964 0.2776 0.1103 
   NS_SS0754  3 0.1197 0.0772 0.2364 0.1061 0.2672 0.1934 
   NS_SS0838  3 0.1904 0.2013 0.1614 0.1704 0.1182 0.1583 
   NS_SS0839  3 0.1751 0.2600 0.1886 0.1305 0.1815 0.0643 
   NS_SS0832  3 0.1476 0.1692 0.1053 0.3122 0.2067 0.0591 
   NS_SS0820  3 0.2651 0.1195 0.1383 0.1564 0.2609 0.0598 
   NS_SS0886  3 0.1610 0.1201 0.1770 0.1134 0.2250 0.2034 
   NS_SS0748  3 0.1555 0.1083 0.1221 0.2802 0.1524 0.1816 
   NS_SS0884  3 0.1495 0.1363 0.2465 0.1692 0.1580 0.1406 
   NS_SS0752  3 0.1568 0.2124 0.2585 0.1370 0.1287 0.1064 
   NS_SS0862  3 0.0960 0.0772 0.2178 0.1776 0.3712 0.0603 
   NS_SS0787  3 0.1207 0.0980 0.1164 0.1124 0.1239 0.4287 
   NS_SS0843  3 0.1284 0.1394 0.2159 0.1966 0.1976 0.1219 
   NS_SS0856  3 0.1742 0.2566 0.2601 0.0594 0.1148 0.1349 
   NS_SS0846  3 0.2029 0.1087 0.1995 0.2729 0.0638 0.1522 
   NS_SS0825  3 0.3369 0.0913 0.0861 0.1270 0.1933 0.1654 
   NS_SS0757  3 0.1171 0.1023 0.1254 0.2128 0.2569 0.1855 
   NS_SS0876  3 0.1208 0.2000 0.1756 0.2001 0.1939 0.1095 
   NS_SS0903  3 0.1342 0.1169 0.4257 0.1990 0.0767 0.0474 
   NS_SS0875  3 0.1988 0.2387 0.0977 0.1346 0.1706 0.1596 
   NS_SS0740  3 0.1142 0.1737 0.1779 0.2265 0.1854 0.1223 
   NS_SS0811  3 0.0935 0.2130 0.1097 0.1576 0.3527 0.0734 
   NS_SS0751  3 0.2469 0.2707 0.1316 0.0968 0.1255 0.1285 
   NS_SS0891  3 0.1997 0.2742 0.1045 0.1384 0.1442 0.1391 
   NS_SS0867  3 0.1651 0.0502 0.1348 0.3173 0.1765 0.1561 
   NS_SS0890  3 0.1491 0.1519 0.2412 0.2075 0.1299 0.1205 
   NS_SS0866  3 0.1238 0.1238 0.1677 0.1005 0.1133 0.3710 
   NS_SS0755  3 0.1555 0.1379 0.1459 0.2307 0.2243 0.1057 
   NS_SS0758  3 0.1299 0.1718 0.2758 0.1773 0.1288 0.1164 
   NS_SS0840  3 0.2496 0.1815 0.1320 0.2113 0.1660 0.0596 
   NS_SS0889  3 0.1042 0.1076 0.0973 0.1393 0.2347 0.3168 
   NS_SS1010  3 0.3013 0.1492 0.1289 0.1553 0.1385 0.1269 
   NS_SS0888  3 0.0675 0.1106 0.3571 0.0761 0.1482 0.2406 
   NS_SS0837  3 0.1068 0.1123 0.1396 0.2428 0.3157 0.0829 
   NS_SS0794  3 0.0718 0.2037 0.2274 0.1088 0.1436 0.2447 
   NS_SS0823  3 0.1471 0.2023 0.1358 0.3208 0.1088 0.0854 
   NS_SS0829  3 0.0796 0.0666 0.0932 0.2123 0.2135 0.3348 
   NS_SS0844  3 0.1013 0.0575 0.2076 0.4733 0.1150 0.0453 
   NS_SS1008  3 0.0762 0.2688 0.1457 0.1330 0.1235 0.2528 
   NS_SS0881  3 0.3183 0.1430 0.1144 0.1087 0.1371 0.1785 
   NS_SS0834  3 0.2079 0.3634 0.0978 0.1261 0.1072 0.0977 
   NS_SS0744  3 0.2032 0.0837 0.2652 0.1599 0.1675 0.1204 
   NS_SS0899  3 0.0815 0.2194 0.0786 0.2258 0.3074 0.0873 
   NS_SS0804  3 0.1752 0.1513 0.1459 0.2138 0.2607 0.0531 
   NS_SS0781  3 0.2648 0.1969 0.1013 0.2491 0.1184 0.0695 
   NS_SS0822  3 0.0816 0.1671 0.2124 0.2406 0.1426 0.1557 
   NS_SS1004  3 0.1645 0.1148 0.1671 0.2859 0.1671 0.1007 
   NS_SS0746  3 0.1448 0.1515 0.1025 0.3413 0.0833 0.1766 
   NS_SS0880  3 0.1758 0.1788 0.1480 0.2503 0.1473 0.0999 
   NS_SS0879  3 0.1182 0.2442 0.1408 0.1859 0.1797 0.1312 
   NS_SS0753  3 0.0865 0.0761 0.1610 0.2186 0.2476 0.2102 
   NS_SS1007  3 0.2163 0.2118 0.3130 0.0651 0.0809 0.1128 
   NS_SS0872  3 0.1960 0.2128 0.1995 0.1723 0.1323 0.0870 
   NS_SS1005  3 0.1937 0.1892 0.1152 0.2941 0.0942 0.1137 
   NS_SS0892  3 0.1542 0.1947 0.1246 0.1776 0.1734 0.1756 
   NS_SS0898  3 0.1508 0.1435 0.1231 0.1905 0.1698 0.2224 
   NS_SS0801  3 0.1208 0.1284 0.1002 0.2408 0.2641 0.1456 
   NS_SS0827  3 0.1509 0.1263 0.1211 0.1413 0.2812 0.1792 
   NS_SS0853  3 0.0701 0.1534 0.1409 0.1350 0.3090 0.1916 
   NS_SS0780  3 0.2367 0.1672 0.1647 0.1281 0.2148 0.0884 
   NS_SS0826  3 0.3535 0.0769 0.0569 0.2459 0.1037 0.1630 
   NS_SS0818  3 0.2223 0.2192 0.1633 0.1416 0.1820 0.0715 
   NS_SS0745  3 0.1078 0.5012 0.0374 0.0533 0.2146 0.0856 
   NS_SS0849  3 0.1570 0.1108 0.0582 0.1482 0.4108 0.1151 
   NS_SS0739  3 0.2384 0.1488 0.2138 0.0665 0.2131 0.1196 
   NS_SS0799  3 0.0581 0.1207 0.3890 0.1394 0.1502 0.1426 
   NS_SS0756  3 0.2418 0.1094 0.0919 0.3146 0.1655 0.0768 
   NS_SS0802  3 0.2720 0.1293 0.2043 0.1190 0.0826 0.1928 
   NS_SS0747  3 0.2015 0.1207 0.1978 0.2294 0.1306 0.1200 
   NS_SS0835  3 0.1760 0.0963 0.2106 0.1154 0.0870 0.3147 
   NS_SS0742  3 0.1926 0.1125 0.2688 0.1841 0.1660 0.0760 
   NS_SS0760  3 0.1279 0.1326 0.1368 0.1518 0.1161 0.3349 
   NS_SS0803  3 0.0609 0.0840 0.3272 0.3916 0.0844 0.0519 
   NS_SS0828  3 0.1116 0.1414 0.1819 0.1280 0.2961 0.1409 
   NS_SS0865  3 0.2686 0.0655 0.1451 0.1485 0.2497 0.1226 
   NS_SS0759  3 0.1442 0.2565 0.1380 0.1552 0.2240 0.0820 
   NS_SS0851  3 0.1198 0.1935 0.0495 0.1056 0.4424 0.0892 
   NS_SS0874  3 0.1108 0.1636 0.1489 0.3643 0.1215 0.0909 
   NS_SS0761  3 0.1414 0.0651 0.1188 0.1944 0.1951 0.2853 
   NS_SS0842  3 0.1157 0.2024 0.1318 0.1766 0.1338 0.2397 
   NS_SS0785  3 0.1148 0.1098 0.2301 0.2185 0.1469 0.1799 
   NS_SS0860  3 0.1516 0.0996 0.1741 0.1395 0.0996 0.3356 
   NS_SS0897  3 0.0847 0.1030 0.1444 0.1000 0.1797 0.3881 
   NS_SS0841  3 0.1179 0.2527 0.0885 0.1692 0.2876 0.0840 
   NS_SS0797  3 0.1687 0.0792 0.1020 0.1710 0.2708 0.2083 
   NS_SS0830  3 0.2067 0.1228 0.1304 0.1508 0.2345 0.1547 
   NS_SS1011  3 0.3491 0.0880 0.1258 0.1906 0.1738 0.0726 
   NS_SS0883  3 0.0875 0.0866 0.2627 0.1515 0.2813 0.1303 
   NS_SS0782  3 0.0939 0.2493 0.2414 0.1320 0.1039 0.1795 
   NS_SS0831  3 0.0864 0.0859 0.1375 0.1228 0.2868 0.2806 
   NS_SS0749  3 0.1246 0.1344 0.2385 0.0922 0.2667 0.1437 
   NS_SS0854  3 0.0996 0.1807 0.3480 0.1208 0.1332 0.1177 
   HI_SS0193  4 0.1382 0.1876 0.1330 0.0910 0.2088 0.2414 
   HI_SS0194  4 0.2188 0.3551 0.0729 0.1314 0.0788 0.1430 
   HI_SS0195  4 0.2213 0.1918 0.1064 0.0766 0.3388 0.0650 
   HI_SS0196  4 0.0990 0.2677 0.2389 0.1140 0.1107 0.1697 
   HI_SS0197  4 0.5430 0.1177 0.0920 0.0832 0.0672 0.0968 
   HI_SS0198  4 0.1317 0.1038 0.1917 0.0998 0.2881 0.1848 
   HI_SS0199  4 0.0857 0.1531 0.4203 0.0986 0.0958 0.1465 
   HI_SS0201  4 0.1177 0.0452 0.1466 0.2121 0.1843 0.2942 
   HI_SS0215  4 0.1772 0.0628 0.1445 0.1728 0.1579 0.2847 
   HI_SS0218  4 0.0653 0.1310 0.2477 0.0700 0.1814 0.3045 
   HI_SS0222  4 0.2101 0.1954 0.1643 0.0742 0.2138 0.1423 
   HI_SS0230  4 0.3080 0.1423 0.0698 0.1819 0.1666 0.1315 
   HI_SS0234  4 0.2316 0.1291 0.3248 0.1384 0.0609 0.1152 
   HI_SS0240  4 0.1054 0.2083 0.3961 0.0752 0.1331 0.0820 
   HI_SS0241  4 0.1519 0.0883 0.2201 0.1710 0.1477 0.2209 
   HI_SS0242  4 0.1278 0.1145 0.1662 0.2451 0.1783 0.1680 
   HI_SS0247  4 0.1699 0.1171 0.0698 0.3770 0.1270 0.1391 
   HI_SS0248  4 0.0503 0.1924 0.2403 0.1908 0.0702 0.2561 
   HI_SS0252  4 0.0768 0.2343 0.1994 0.2097 0.1855 0.0944 
   HI_SS0254  4 0.2905 0.0979 0.1454 0.1811 0.0944 0.1907 
   HI_SS0256  4 0.2196 0.2094 0.1441 0.2204 0.1724 0.0341 
   HI_SS0257  4 0.1748 0.0714 0.2051 0.2381 0.0607 0.2498 
   HI_SS0258  4 0.0889 0.1383 0.1455 0.1680 0.1644 0.2950 
   HI_SS0259  4 0.3214 0.2082 0.1407 0.0882 0.1412 0.1003 
   HI_SS0260  4 0.0885 0.2099 0.2509 0.0961 0.0985 0.2560 
   HI_SS0261  4 0.2661 0.1474 0.1026 0.2295 0.0680 0.1864 
   HI_SS0262  4 0.1640 0.1375 0.2273 0.0940 0.2845 0.0927 
   HI_SS0264  4 0.2430 0.2365 0.0549 0.1431 0.1648 0.1576 
   HI_SS0265  4 0.2946 0.1239 0.1126 0.1189 0.2327 0.1173 
   HI_SS0268  4 0.2555 0.1989 0.1059 0.0536 0.1835 0.2026 
   HI_SS0269  4 0.1868 0.0539 0.3042 0.1126 0.0598 0.2826 
   HI_SS0273  4 0.1901 0.0861 0.1584 0.1982 0.1321 0.2351 
   HI_SS0277  4 0.4752 0.0596 0.1242 0.1278 0.1254 0.0878 
   HI_SS0280  4 0.1453 0.1939 0.1682 0.0691 0.2932 0.1303 
   HI_SS0282  4 0.0970 0.1023 0.1786 0.2396 0.1782 0.2042 
   HI_SS0286  4 0.1426 0.0688 0.2445 0.1061 0.2681 0.1699 
   NS_SS1252  5 0.0675 0.0925 0.1880 0.1558 0.1208 0.3755 
   NS_SS1261  5 0.1933 0.1066 0.2282 0.1656 0.1466 0.1598 
   NS_SS1225  5 0.1413 0.0734 0.1238 0.3592 0.1071 0.1952 
   NS_SS1266  5 0.1142 0.1298 0.1361 0.4269 0.1363 0.0567 
   NS_SS1228  5 0.1388 0.1233 0.1809 0.0999 0.3714 0.0857 
   NS_SS1255  5 0.0933 0.4171 0.1497 0.1221 0.0755 0.1424 
   NS_SS1267  5 0.1133 0.0758 0.1809 0.0660 0.1623 0.4017 
   NS_SS1238  5 0.2582 0.1708 0.0869 0.0967 0.1838 0.2036 
   NS_SS1233  5 0.1069 0.2003 0.0439 0.4392 0.1150 0.0947 
   NS_SS1277  5 0.0914 0.2276 0.2194 0.0740 0.1361 0.2514 
   NS_SS1245  5 0.1249 0.1661 0.1119 0.3098 0.0770 0.2102 
   NS_SS1240  5 0.1537 0.0913 0.1725 0.0999 0.0741 0.4084 
   NS_SS1275  5 0.3683 0.1406 0.1030 0.1418 0.1927 0.0535 
   NS_SS1235  5 0.1548 0.2001 0.2526 0.2277 0.0512 0.1135 
   NS_SS1263  5 0.0949 0.2976 0.0956 0.3080 0.1162 0.0877 
   NS_SS1251  5 0.1740 0.1786 0.0938 0.3489 0.1028 0.1019 
   NS_SS1248  5 0.1170 0.1029 0.0475 0.0952 0.4545 0.1828 
   NS_SS1244  5 0.3548 0.0570 0.1611 0.1907 0.1317 0.1047 
   NS_SS1257  5 0.1048 0.1422 0.2078 0.1373 0.1455 0.2623 
   NS_SS1242  5 0.1471 0.3441 0.0756 0.1769 0.1425 0.1139 
   NS_SS1271  5 0.1107 0.0645 0.2674 0.0864 0.1327 0.3383 
   NS_SS1265  5 0.1775 0.1433 0.0607 0.1642 0.1026 0.3517 
   NS_SS1243  5 0.0694 0.2433 0.1273 0.1248 0.3166 0.1186 
   NS_SS1273  5 0.1459 0.3696 0.0966 0.1698 0.1329 0.0851 
   NS_SS1254  5 0.0951 0.1818 0.1296 0.3911 0.1130 0.0894 
   NS_SS1224  5 0.1189 0.1471 0.1345 0.2717 0.2400 0.0878 
   NS_SS1227  5 0.2161 0.1333 0.2275 0.1050 0.0785 0.2396 
   NS_SS1274  5 0.1115 0.1558 0.2227 0.1316 0.1785 0.1999 
   NS_SS1241  5 0.1420 0.0921 0.2029 0.2170 0.1500 0.1960 
   NS_SS1256  5 0.2046 0.1369 0.0830 0.3048 0.0665 0.2042 
   NS_SS1260  5 0.0983 0.0930 0.3639 0.1173 0.1124 0.2151 
   NS_SS1262  5 0.1707 0.0657 0.1750 0.2382 0.1783 0.1721 
   NS_SS1230  5 0.1419 0.2014 0.0973 0.1663 0.1727 0.2204 
   NS_SS1270  5 0.1467 0.0854 0.0628 0.2904 0.3080 0.1069 
   NS_SS1229  5 0.2768 0.1688 0.3080 0.1263 0.0526 0.0675 
   NS_SS1246  5 0.2379 0.1074 0.2523 0.0800 0.0921 0.2303 
   NS_SS1269  5 0.1420 0.1882 0.1862 0.1620 0.2178 0.1038 
   NS_SS1239  5 0.0833 0.1420 0.3542 0.0814 0.2776 0.0616 
   NS_SS1272  5 0.4765 0.0959 0.0815 0.1434 0.0912 0.1115 
   NS_SS1268  5 0.0687 0.1334 0.0688 0.2930 0.3401 0.0959 
   NS_SS1249  5 0.0777 0.1124 0.2867 0.1251 0.0826 0.3154 
   HI_SS0559  6 0.0661 0.1926 0.1601 0.1694 0.2537 0.1581 
   HI_SS0563  6 0.1763 0.0929 0.2618 0.1926 0.1408 0.1355 
   HI_SS0564  6 0.2310 0.1296 0.1511 0.1738 0.1953 0.1192 
   HI_SS0565  6 0.2739 0.1092 0.1167 0.1816 0.0998 0.2187 
   HI_SS0569  6 0.1338 0.0570 0.0854 0.3370 0.1264 0.2603 
   HI_SS0570  6 0.1521 0.1274 0.1603 0.0684 0.1884 0.3033 
   HI_SS0572  6 0.1446 0.2712 0.2743 0.1585 0.0792 0.0722 
   HI_SS0576  6 0.1647 0.2161 0.1187 0.1054 0.3026 0.0925 
   HI_SS0579  6 0.0700 0.0797 0.1988 0.3723 0.0882 0.1910 
   HI_SS0580  6 0.0805 0.2376 0.1999 0.1140 0.1334 0.2346 
   HI_SS0581  6 0.3438 0.1231 0.1057 0.0940 0.2600 0.0734 
   HI_SS0583  6 0.1089 0.1970 0.1589 0.1874 0.0620 0.2857 
   HI_SS0586  6 0.1035 0.1186 0.0819 0.0952 0.1833 0.4175 
   HI_SS0588  6 0.0836 0.1226 0.1864 0.2496 0.1382 0.2196 
   HI_SS0595  6 0.3466 0.1353 0.1347 0.0963 0.0720 0.2151 
   HI_SS0596  6 0.0729 0.3968 0.2009 0.1649 0.0863 0.0781 
   HI_SS0597  6 0.2234 0.2859 0.1288 0.1738 0.0771 0.1111 
   HI_SS0600  6 0.2085 0.0726 0.3517 0.0919 0.1458 0.1295 
   HI_SS0601  6 0.2109 0.0414 0.1633 0.2523 0.1914 0.1408 
   HI_SS0602  6 0.0869 0.1621 0.1136 0.0978 0.2838 0.2558 
   HI_SS0604  6 0.0819 0.1877 0.0868 0.2740 0.2204 0.1493 
   HI_SS0605  6 0.0741 0.0943 0.2264 0.1218 0.3042 0.1792 
   HI_SS0608  6 0.1199 0.2972 0.1049 0.1008 0.1992 0.1781 
   HI_SS0609  6 0.1785 0.1919 0.1202 0.3298 0.0808 0.0989 
   HI_SS0611  6 0.0779 0.1080 0.1305 0.0970 0.2996 0.2870 
   HI_SS0612  6 0.0979 0.0817 0.3079 0.3613 0.0452 0.1060 
   HI_SS0613  6 0.0875 0.1337 0.0973 0.1515 0.3963 0.1336 
   HI_SS0615  6 0.1784 0.2289 0.2315 0.0945 0.2057 0.0610 
   HI_SS0001  6 0.1948 0.2509 0.1670 0.1017 0.0818 0.2036 
   HI_SS0002  6 0.2115 0.2108 0.1171 0.2661 0.1139 0.0806 
   HI_SS0004  6 0.0961 0.2283 0.1458 0.0855 0.1609 0.2834 
   HI_SS0005  6 0.1763 0.1237 0.0985 0.0823 0.3970 0.1222 
   HI_SS0006  6 0.2073 0.1020 0.1364 0.2234 0.0820 0.2489 
   HI_SS0007  6 0.0573 0.1164 0.1472 0.0738 0.3640 0.2412 
   HI_SS0008  6 0.2593 0.1136 0.1281 0.1596 0.2037 0.1358 
   HI_SS0009  6 0.0613 0.2443 0.2032 0.1348 0.2659 0.0906 
   HI_SS0010  6 0.1630 0.1282 0.1362 0.1443 0.2442 0.1840 
   HI_SS0011  6 0.2473 0.1117 0.0463 0.3429 0.1467 0.1051 
   HI_SS0012  6 0.2660 0.0829 0.3426 0.0914 0.1686 0.0484 
   HI_SS0017  6 0.1469 0.3867 0.1077 0.1228 0.1140 0.1218 
   HI_SS0021  6 0.2161 0.1629 0.0784 0.1258 0.1095 0.3074 
   HI_SS0024  6 0.2518 0.2110 0.1705 0.0734 0.1986 0.0947 
   HI_SS0025  6 0.0859 0.3380 0.1248 0.1740 0.1717 0.1057 
   HI_SS0027  6 0.0667 0.1050 0.1626 0.2318 0.2276 0.2064 
   HI_SS0028  6 0.3314 0.2061 0.0533 0.0859 0.2626 0.0607 
   HI_SS0029  6 0.1537 0.2992 0.1830 0.0604 0.1037 0.2000 
   HI_SS0030  6 0.1531 0.1135 0.2291 0.1599 0.1901 0.1542 
   HI_SS0031  6 0.2578 0.1164 0.3080 0.1506 0.0802 0.0870 
   HI_SS0034  6 0.0860 0.1089 0.2056 0.2390 0.0918 0.2687 
   HI_SS0036  6 0.2488 0.0936 0.0995 0.0422 0.1846 0.3312 
   HI_SS0037  6 0.0803 0.1335 0.0845 0.1463 0.2087 0.3467 
   HI_SS0039  6 0.1615 0.1179 0.0994 0.0860 0.2912 0.2440 
   HI_SS0041  6 0.1490 0.1979 0.1265 0.0817 0.3489 0.0961 
   HI_SS0042  6 0.2460 0.2454 0.1090 0.1687 0.1402 0.0907 
   HI_SS0043  6 0.2097 0.0563 0.1473 0.0831 0.1441 0.3596 
   HI_SS0044  6 0.0835 0.3239 0.2396 0.0583 0.0775 0.2172 
   HI_SS0047  6 0.1490 0.2000 0.1577 0.1870 0.2208 0.0855 
   HI_SS0049  6 0.0894 0.3597 0.0830 0.2211 0.1158 0.1311 
   HI_SS0051  6 0.0905 0.0688 0.1487 0.2206 0.3654 0.1060 
   HI_SS0053  6 0.2560 0.0760 0.1499 0.1312 0.1095 0.2774 
   HI_SS0054  6 0.1091 0.0577 0.0881 0.2758 0.1686 0.3008 
   HI_SS0057  6 0.1998 0.1722 0.0675 0.1534 0.2708 0.1364 
   HI_SS0058  6 0.0768 0.1894 0.1229 0.2066 0.1249 0.2795 
   HI_SS0060  6 0.2383 0.0645 0.1446 0.1576 0.2644 0.1306 
   HI_SS0087  6 0.2566 0.1217 0.1257 0.2083 0.1033 0.1845 
   HI_SS0091  6 0.2616 0.0678 0.1650 0.1235 0.0667 0.3153 
   HI_SS0095  6 0.2007 0.0787 0.2821 0.1519 0.1441 0.1426 
   HI_SS0097  6 0.1169 0.0593 0.2360 0.3922 0.1102 0.0854 
   HI_SS0099  6 0.1117 0.3518 0.0957 0.1263 0.1480 0.1663 
   HI_SS0103  6 0.2107 0.2183 0.2182 0.1285 0.0947 0.1296 
   HI_SS0105  6 0.3181 0.0720 0.1288 0.1743 0.1840 0.1228 
   HI_SS0107  6 0.1879 0.3006 0.1947 0.1575 0.0889 0.0703 
   HI_SS0108  6 0.1092 0.0771 0.1564 0.1265 0.1160 0.4148 
   HI_SS0110  6 0.3777 0.1062 0.2137 0.0834 0.0802 0.1389 
   HI_SS0111  6 0.2494 0.1066 0.2534 0.0870 0.1734 0.1302 
   HI_SS0112  6 0.1353 0.1026 0.1730 0.0865 0.1052 0.3975 
   HI_SS0113  6 0.2352 0.3090 0.0843 0.1693 0.1062 0.0961 
   HI_SS0114  6 0.1089 0.0844 0.1447 0.1814 0.2406 0.2399 
   HI_SS0115  6 0.0519 0.2186 0.3086 0.1367 0.1590 0.1252 
   HI_SS0116  6 0.0831 0.2743 0.2065 0.0913 0.0611 0.2837 
   HI_SS0117  6 0.2925 0.0857 0.0995 0.2384 0.0626 0.2213 
   HI_SS0118  6 0.1755 0.1589 0.1699 0.1922 0.0840 0.2195 
   HI_SS0119  6 0.3157 0.0545 0.2056 0.1257 0.1321 0.1665 
   HI_SS0120  6 0.3113 0.3426 0.1006 0.1054 0.0685 0.0716 
   HI_SS0121  6 0.4114 0.0864 0.0607 0.1597 0.2058 0.0760 
   HI_SS0122  6 0.2590 0.1231 0.1733 0.1101 0.1878 0.1466 
   HI_SS0123  6 0.2544 0.1414 0.1711 0.1967 0.0773 0.1591 
   HI_SS0124  6 0.0924 0.3690 0.1792 0.1011 0.1859 0.0724 
   HI_SS0125  6 0.1890 0.2000 0.2405 0.1184 0.1884 0.0636 
   HI_SS0126  6 0.1149 0.2364 0.1391 0.0983 0.0857 0.3256 
   HI_SS0127  6 0.0934 0.0947 0.0931 0.2370 0.3533 0.1285 
   HI_SS0128  6 0.1879 0.2166 0.1978 0.1998 0.0718 0.1262 
   HI_SS0129  6 0.1546 0.1679 0.1569 0.0969 0.1591 0.2647 
   HI_SS0131  6 0.1064 0.0816 0.0790 0.2271 0.2565 0.2494 
   HI_SS0132  6 0.3014 0.1057 0.1630 0.1682 0.1301 0.1316 
   HI_SS0133  6 0.1048 0.1305 0.1322 0.0879 0.1272 0.4173 
   HI_SS0134  6 0.1673 0.1398 0.1776 0.2124 0.1314 0.1715 
   HI_SS0142  6 0.2343 0.0639 0.2434 0.2041 0.1591 0.0953 
   HI_SS0145  6 0.1005 0.1380 0.2116 0.2708 0.0961 0.1830 
   HI_SS0146  6 0.0797 0.0984 0.2289 0.2313 0.1689 0.1927 
   HI_SS0147  6 0.1393 0.1121 0.0972 0.1950 0.3607 0.0956 
   HI_SS0149  6 0.4597 0.0895 0.0621 0.1503 0.0755 0.1629 
   HI_SS0150  6 0.1552 0.2156 0.1413 0.1620 0.2484 0.0775 
   HI_SS0151  6 0.0605 0.1478 0.3608 0.1170 0.1923 0.1215 
   NS_SS1451  6 0.1523 0.2469 0.2374 0.0886 0.2111 0.0638 
   NS_SS1404  6 0.1399 0.1747 0.0972 0.1108 0.3410 0.1364 
   NS_SS1432  6 0.3651 0.3003 0.0953 0.0552 0.1094 0.0748 
   NS_SS1405  6 0.1133 0.3311 0.1469 0.1108 0.1011 0.1968 
   NS_SS1431  6 0.3315 0.2742 0.0924 0.1171 0.1057 0.0791 
   NS_SS1402  6 0.2379 0.1236 0.2632 0.1338 0.0999 0.1417 
   NS_SS1450  6 0.1153 0.2126 0.1798 0.0899 0.1614 0.2411 
   NS_SS1396  6 0.1828 0.1557 0.1591 0.1509 0.2010 0.1505 
   NS_SS1393  6 0.1249 0.1343 0.3083 0.0932 0.1879 0.1515 
   NS_SS1392  6 0.0995 0.2759 0.2550 0.0662 0.2020 0.1015 
   NS_SS1445  6 0.1754 0.0771 0.0767 0.2451 0.1409 0.2847 
   NS_SS1423  6 0.2889 0.1467 0.2270 0.1057 0.0725 0.1593 
   NS_SS1421  6 0.2412 0.1289 0.1569 0.1568 0.1328 0.1833 
   NS_SS1411  6 0.0670 0.1109 0.0964 0.0940 0.3363 0.2954 
   NS_SS1453  6 0.2952 0.0836 0.1687 0.0852 0.1243 0.2429 
   NS_SS1442  6 0.0970 0.1608 0.1445 0.3148 0.1237 0.1592 
   NS_SS1422  6 0.1285 0.1092 0.3330 0.2627 0.0802 0.0864 
   NS_SS1419  6 0.0886 0.1156 0.0845 0.3843 0.2164 0.1107 
   NS_SS1427  6 0.1112 0.1566 0.2772 0.0582 0.0689 0.3279 
   NS_SS1444  6 0.0850 0.2153 0.0959 0.2527 0.2322 0.1190 
   NS_SS1455  6 0.1584 0.3132 0.1242 0.2506 0.0708 0.0828 
   NS_SS1425  6 0.1191 0.0646 0.1296 0.1764 0.1550 0.3553 
   NS_SS1400  6 0.0855 0.1435 0.0668 0.2312 0.1416 0.3314 
   NS_SS1406  6 0.3076 0.1505 0.0936 0.3060 0.0883 0.0541 
   NS_SS1417  6 0.1756 0.1939 0.0794 0.1859 0.1317 0.2334 
   NS_SS1454  6 0.3076 0.1274 0.0535 0.1014 0.1368 0.2732 
   NS_SS1412  6 0.1421 0.2005 0.1353 0.1132 0.2021 0.2068 
   NS_SS1438  6 0.0975 0.0505 0.1490 0.2162 0.2067 0.2801 
   NS_SS1416  6 0.1947 0.1750 0.1545 0.1475 0.1557 0.1727 
   NS_SS1401  6 0.2903 0.1098 0.1799 0.1498 0.1086 0.1615 
   NS_SS1424  6 0.3007 0.0929 0.1742 0.1054 0.1576 0.1691 
   NS_SS1435  6 0.1724 0.2454 0.1545 0.0725 0.2088 0.1465 
   NS_SS1447  6 0.1410 0.1734 0.0896 0.2615 0.2355 0.0990 
   NS_SS1414  6 0.0926 0.2737 0.0496 0.2322 0.2205 0.1313 
   NS_SS1449  6 0.2237 0.0895 0.4014 0.0857 0.1190 0.0807 
   NS_SS1443  6 0.1091 0.1182 0.3152 0.1840 0.0684 0.2051 
   NS_SS1434  6 0.0832 0.2944 0.3074 0.1147 0.0619 0.1384 
   NS_SS1398  6 0.1575 0.3129 0.1315 0.1129 0.1432 0.1421 
   NS_SS1426  6 0.1408 0.0995 0.1592 0.1162 0.1326 0.3517 
   NS_SS1413  6 0.1139 0.2527 0.0772 0.1824 0.0878 0.2859 
   NS_SS1395  6 0.2147 0.0813 0.2457 0.1390 0.1072 0.2120 
   NS_SS1448  6 0.1068 0.1911 0.0874 0.0963 0.2965 0.2217 
   NS_SS1446  6 0.1938 0.0893 0.2450 0.1350 0.1319 0.2050 
   NS_SS1403  6 0.3870 0.1434 0.1551 0.0845 0.1377 0.0924 
   NS_SS1415  6 0.1145 0.1454 0.1413 0.1384 0.1922 0.2681 
   NS_SS1437  6 0.3276 0.1514 0.0817 0.1454 0.1464 0.1475 
   NS_SS1439  6 0.1442 0.1143 0.2469 0.2504 0.1140 0.1302 
   NS_SS1441  6 0.1173 0.2066 0.1979 0.1802 0.0795 0.2186 
   NS_SS1420  6 0.0568 0.1290 0.1542 0.0821 0.5053 0.0725 
   NS_SS1394  6 0.1848 0.2161 0.0952 0.1007 0.3011 0.1021 
   NS_SS1391  6 0.1392 0.3021 0.1661 0.0799 0.0695 0.2432 
   NS_SS1410  6 0.2273 0.1309 0.2009 0.1348 0.1098 0.1963 
   NS_SS1408  6 0.2743 0.0894 0.1683 0.1885 0.1836 0.0959 
   NS_SS1409  6 0.1209 0.2746 0.2293 0.1134 0.0611 0.2007 
   HI_SS0617  7 0.0926 0.1668 0.3369 0.0852 0.1219 0.1966 
   HI_SS0618  7 0.1016 0.2284 0.2284 0.1400 0.1971 0.1045 
   HI_SS0619  7 0.1137 0.3199 0.1300 0.1003 0.1481 0.1881 
   HI_SS0620  7 0.0440 0.0718 0.2652 0.0830 0.2537 0.2823 
   HI_SS0621  7 0.1869 0.1533 0.2089 0.1758 0.1616 0.1135 
   HI_SS0622  7 0.1123 0.1629 0.1113 0.2890 0.1668 0.1578 
   HI_SS0626  7 0.1687 0.1193 0.0767 0.0984 0.3804 0.1566 
   HI_SS0627  7 0.3864 0.1799 0.1061 0.0957 0.1299 0.1020 
   HI_SS0628  7 0.2328 0.1600 0.0858 0.0880 0.1352 0.2984 
   HI_SS0629  7 0.2071 0.1028 0.1556 0.1805 0.1604 0.1935 
   HI_SS0630  7 0.0892 0.1519 0.2025 0.1335 0.2331 0.1897 
   HI_SS0631  7 0.1243 0.0943 0.2190 0.1144 0.2483 0.1997 
   HI_SS0632  7 0.1252 0.1082 0.0855 0.2301 0.2825 0.1685 
   HI_SS0633  7 0.0707 0.3691 0.2178 0.1309 0.0775 0.1339 
   HI_SS0634  7 0.2648 0.1099 0.1301 0.0992 0.2370 0.1590 
   HI_SS0635  7 0.1671 0.2104 0.0877 0.2036 0.2239 0.1073 
   HI_SS0637  7 0.1773 0.0630 0.1054 0.2544 0.2452 0.1547 
   HI_SS0638  7 0.1527 0.2372 0.1152 0.1468 0.1571 0.1909 
   HI_SS0639  7 0.1579 0.1527 0.2090 0.1723 0.2355 0.0726 
   HI_SS0640  7 0.1030 0.1589 0.1269 0.3329 0.1521 0.1262 
   HI_SS0641  7 0.0882 0.1295 0.1034 0.1112 0.3073 0.2605 
   HI_SS0642  7 0.4654 0.1228 0.1544 0.0888 0.0991 0.0695 
   HI_SS0645  7 0.0704 0.2672 0.1321 0.1193 0.3418 0.0692 
   HI_SS0646  7 0.1837 0.2013 0.2661 0.1487 0.0794 0.1208 
   HI_SS0647  7 0.2202 0.2932 0.0646 0.1437 0.1337 0.1445 
   HI_SS0648  7 0.1464 0.1932 0.1244 0.1807 0.1922 0.1631 
   HI_SS0649  7 0.1208 0.1962 0.2437 0.1820 0.1145 0.1428 
   HI_SS0650  7 0.1391 0.3058 0.2742 0.0923 0.1078 0.0808 
   HI_SS0651  7 0.1176 0.1858 0.2475 0.1578 0.1542 0.1370 
   HI_SS0652  7 0.0832 0.2264 0.0820 0.1158 0.4082 0.0844 
   NS_SS1371  7 0.2377 0.1046 0.3615 0.0974 0.0718 0.1269 
   NS_SS1374  7 0.2687 0.1170 0.0848 0.0639 0.1872 0.2784 
   NS_SS1337  7 0.2888 0.1256 0.1028 0.1042 0.3004 0.0782 
   NS_SS1385  7 0.1491 0.2107 0.2494 0.1797 0.1096 0.1016 
   NS_SS1388  7 0.1439 0.3248 0.0851 0.1081 0.1089 0.2292 
   NS_SS1370  7 0.1053 0.0487 0.1616 0.0836 0.5461 0.0546 
   NS_SS1389  7 0.1384 0.3570 0.0722 0.0901 0.1691 0.1732 
   NS_SS1360  7 0.1193 0.0962 0.1313 0.1968 0.2535 0.2028 
   NS_SS1330  7 0.1097 0.1869 0.1872 0.1756 0.2654 0.0753 
   NS_SS1328  7 0.1445 0.2635 0.1658 0.1103 0.0600 0.2559 
   NS_SS1384  7 0.2070 0.0683 0.1782 0.2234 0.1768 0.1463 
   NS_SS1381  7 0.1023 0.3388 0.2538 0.1517 0.0898 0.0636 
   NS_SS1375  7 0.1283 0.3636 0.1698 0.0542 0.1658 0.1183 
   NS_SS1319  7 0.2361 0.1314 0.2359 0.0951 0.1707 0.1308 
   NS_SS1326  7 0.1036 0.2378 0.1351 0.0845 0.0757 0.3633 
   NS_SS1341  7 0.2995 0.0636 0.1313 0.1959 0.1003 0.2093 
   NS_SS1383  7 0.3790 0.0636 0.1437 0.0981 0.1975 0.1180 
   NS_SS1318  7 0.0856 0.1800 0.1856 0.1788 0.2406 0.1294 
   NS_SS1348  7 0.1672 0.0618 0.1783 0.1699 0.1568 0.2660 
   NS_SS1363  7 0.1685 0.1617 0.1364 0.1936 0.2272 0.1126 
   NS_SS1335  7 0.1618 0.0681 0.1432 0.2573 0.1942 0.1754 
   NS_SS1358  7 0.2152 0.0760 0.1732 0.2680 0.1132 0.1544 
   NS_SS1342  7 0.3286 0.0780 0.1739 0.1888 0.0579 0.1728 
   NS_SS1320  7 0.0838 0.4593 0.1476 0.2123 0.0532 0.0438 
   NS_SS1355  7 0.1048 0.1626 0.1199 0.3874 0.1377 0.0877 
   NS_SS1345  7 0.0750 0.0991 0.1235 0.5203 0.1168 0.0653 
   NS_SS1324  7 0.1439 0.1018 0.2307 0.1570 0.1491 0.2174 
   NS_SS1347  7 0.1896 0.0957 0.3360 0.1405 0.1419 0.0963 
   NS_SS1321  7 0.3092 0.0885 0.1626 0.0629 0.1635 0.2134 
   NS_SS1333  7 0.3249 0.1277 0.1264 0.0455 0.1154 0.2601 
   NS_SS1364  7 0.1258 0.1117 0.0538 0.3738 0.0821 0.2527 
   NS_SS1379  7 0.1221 0.2178 0.2108 0.1757 0.1486 0.1250 
   NS_SS1332  7 0.1594 0.1766 0.0983 0.1112 0.0910 0.3635 
   NS_SS1338  7 0.1362 0.0832 0.1638 0.0921 0.3009 0.2239 
   NS_SS1368  7 0.1987 0.1363 0.0585 0.2796 0.0614 0.2656 
   NS_SS1354  7 0.2054 0.1669 0.1323 0.2206 0.1305 0.1443 
   NS_SS1365  7 0.1614 0.2105 0.1237 0.2019 0.1966 0.1059 
   NS_SS1380  7 0.1432 0.1863 0.0827 0.3088 0.1873 0.0918 
   NS_SS1329  7 0.3475 0.1062 0.0902 0.1789 0.0564 0.2208 
   NS_SS1362  7 0.2336 0.1620 0.1543 0.1738 0.1088 0.1675 
   NS_SS1327  7 0.1129 0.0951 0.1458 0.0588 0.1160 0.4715 
   NS_SS1350  7 0.1130 0.2145 0.3992 0.0555 0.0793 0.1386 
   NS_SS1387  7 0.1007 0.1706 0.1300 0.1501 0.3036 0.1450 
   NS_SS1369  7 0.1055 0.0867 0.1145 0.3024 0.1530 0.2380 
   NS_SS1331  7 0.2271 0.2123 0.0828 0.0740 0.2137 0.1902 
   NS_SS1357  7 0.1244 0.2604 0.2911 0.1085 0.0493 0.1663 
   NS_SS1386  7 0.2821 0.0639 0.0708 0.1432 0.0580 0.3820 
   NS_SS1353  7 0.1967 0.3328 0.1227 0.1112 0.0888 0.1478 
   NS_SS1323  7 0.2692 0.1918 0.0918 0.2541 0.1150 0.0781 
   HI_SS0296  8 0.0608 0.0946 0.2497 0.1353 0.2815 0.1781 
   HI_SS0297  8 0.3538 0.1994 0.1852 0.0759 0.0896 0.0961 
   HI_SS0299  8 0.1608 0.1021 0.1505 0.2338 0.2018 0.1510 
   HI_SS0300  8 0.0709 0.1196 0.1457 0.2914 0.2264 0.1460 
   HI_SS0301  8 0.2054 0.0704 0.0484 0.1939 0.3480 0.1338 
   HI_SS0302  8 0.0733 0.0837 0.1122 0.1870 0.3297 0.2141 
   HI_SS0303  8 0.0905 0.2739 0.1025 0.1248 0.0769 0.3313 
   HI_SS0304  8 0.1586 0.3136 0.0628 0.0653 0.1977 0.2020 
   HI_SS0306  8 0.1059 0.1194 0.0773 0.1285 0.2521 0.3169 
   HI_SS0307  8 0.1646 0.1993 0.1493 0.2239 0.1775 0.0853 
   HI_SS0308  8 0.1932 0.0848 0.2442 0.2096 0.1725 0.0958 
   HI_SS0309  8 0.1278 0.0605 0.2733 0.2640 0.2007 0.0738 
   HI_SS0310  8 0.0969 0.3083 0.0847 0.1816 0.1267 0.2019 
   HI_SS0311  8 0.1677 0.1106 0.0826 0.1983 0.2947 0.1461 
   HI_SS0314  8 0.1434 0.3655 0.1231 0.1143 0.0724 0.1813 
   HI_SS0316  8 0.1430 0.1918 0.1277 0.2071 0.1098 0.2206 
   HI_SS0317  8 0.2975 0.0850 0.1678 0.1030 0.2311 0.1157 
   HI_SS0318  8 0.2529 0.0630 0.1628 0.1171 0.1508 0.2534 
   HI_SS0319  8 0.0745 0.0863 0.2134 0.2318 0.0577 0.3363 
   HI_SS0320  8 0.3913 0.2803 0.0688 0.0531 0.1107 0.0959 
   HI_SS0321  8 0.2474 0.0638 0.3389 0.0789 0.1255 0.1455 
   HI_SS0323  8 0.0907 0.1231 0.1845 0.1211 0.2170 0.2637 
   HI_SS0325  8 0.1152 0.1002 0.0778 0.1460 0.2897 0.2711 
   HI_SS0327  8 0.1257 0.0867 0.4656 0.1425 0.0511 0.1283 
   HI_SS0329  8 0.2037 0.2399 0.0823 0.1263 0.2078 0.1402 
   HI_SS0333  8 0.1719 0.1691 0.1856 0.1700 0.1350 0.1684 
   HI_SS0334  8 0.1662 0.0851 0.1440 0.1803 0.1796 0.2447 
   HI_SS0335  8 0.1544 0.1070 0.1915 0.3140 0.1528 0.0804 
   HI_SS0339  8 0.1108 0.1654 0.0709 0.3523 0.1783 0.1223 
   HI_SS0343  8 0.2391 0.1285 0.1864 0.2858 0.0827 0.0775 
   HI_SS0344  8 0.1304 0.0703 0.1635 0.0948 0.1079 0.4331 
   HI_SS0345  8 0.1963 0.1379 0.0601 0.2186 0.2105 0.1766 
   HI_SS0346  8 0.3539 0.0969 0.0992 0.0691 0.1850 0.1958 
   HI_SS0350  8 0.0666 0.1791 0.1529 0.4045 0.1452 0.0516 
   HI_SS0351  8 0.1946 0.0893 0.1275 0.3678 0.1045 0.1164 
   HI_SS0352  8 0.2327 0.1405 0.1697 0.2294 0.1314 0.0963 
   HI_SS0362  8 0.1032 0.1349 0.1392 0.1215 0.3712 0.1301 
   HI_SS0363  8 0.0958 0.0872 0.3915 0.1680 0.0842 0.1734 
   HI_SS0365  8 0.1065 0.1403 0.3058 0.1514 0.0849 0.2111 
   HI_SS0366  8 0.0847 0.0781 0.2522 0.1107 0.1544 0.3200 
   HI_SS0367  8 0.1703 0.3048 0.1185 0.2170 0.1042 0.0851 
   HI_SS0369  8 0.1264 0.2205 0.1246 0.2167 0.2221 0.0898 
   HI_SS0370  8 0.1785 0.1829 0.3678 0.1072 0.0676 0.0959 
   HI_SS0371  8 0.1219 0.1194 0.1013 0.1602 0.1686 0.3287 
   HI_SS0373  8 0.1013 0.2394 0.1809 0.1511 0.1658 0.1614 
   HI_SS0374  8 0.1765 0.2558 0.1296 0.1814 0.1430 0.1137 
   HI_SS0377  8 0.1566 0.0683 0.0830 0.3542 0.1680 0.1700 
   HI_SS0379  8 0.1972 0.0680 0.0780 0.1067 0.0780 0.4722 
   HI_SS0380  8 0.1648 0.1954 0.1278 0.2347 0.1469 0.1304 
   HI_SS0381  8 0.2029 0.0928 0.1566 0.2545 0.2138 0.0793 
   HI_SS0384  8 0.1976 0.2231 0.1763 0.0619 0.1280 0.2131 
   HI_SS0385  8 0.1266 0.2921 0.0390 0.0936 0.1485 0.3001 
