

----------------------------------------------------
STRUCTURE by Pritchard, Stephens and Donnelly (2000)
     and Falush, Stephens and Pritchard (2003)
       Code by Pritchard, Falush and Hubisz
             Version 2.3.4 (Jul 2012)
----------------------------------------------------



Command line arguments:   /home/genobiwan/Documents/Programs/Structure/structure -m parameter_job_k7_r2 
Input File:    /media/genobiwan/Storage/Projets/Mackerel_NWA_2021/data_job_k7_r2

Run parameters:
   557 individuals
   3930 loci
   7 populations assumed
   100000 Burn-in period
   200000 Reps


--------------------------------------------
Proportion of membership of each pre-defined
 population in each of the 7 clusters

Given    Inferred Clusters                                   Number of
 Pop       1      2      3      4      5      6      7      Individuals

  1:     0.134  0.154  0.137  0.156  0.145  0.130  0.143       67
  2:     0.174  0.139  0.156  0.123  0.129  0.113  0.167       32
  3:     0.140  0.139  0.161  0.159  0.131  0.135  0.135       92
  4:     0.159  0.138  0.140  0.125  0.163  0.149  0.127       36
  5:     0.140  0.125  0.141  0.169  0.138  0.151  0.136       41
  6:     0.140  0.146  0.140  0.132  0.149  0.151  0.142      158
  7:     0.137  0.154  0.143  0.135  0.144  0.138  0.148       79
  8:     0.135  0.151  0.142  0.153  0.136  0.151  0.132       52
--------------------------------------------

Allele-freq. divergence among pops (Net nucleotide distance),
computed using point estimates of P.

      1       2       3       4       5       6       7      
 1      -    0.0051  0.0061  0.0059  0.0056  0.0065  0.0064  
 2   0.0051     -    0.0044  0.0046  0.0043  0.0053  0.0059  
 3   0.0061  0.0044     -    0.0051  0.0051  0.0064  0.0059  
 4   0.0059  0.0046  0.0051     -    0.0050  0.0067  0.0064  
 5   0.0056  0.0043  0.0051  0.0050     -    0.0061  0.0060  
 6   0.0065  0.0053  0.0064  0.0067  0.0061     -    0.0079  
 7   0.0064  0.0059  0.0059  0.0064  0.0060  0.0079     -    

Average distances (expected heterozygosity) between individuals in same cluster:
cluster  1  : 0.3115 
cluster  2  : 0.3134 
cluster  3  : 0.3090 
cluster  4  : 0.3083 
cluster  5  : 0.3108 
cluster  6  : 0.3059 
cluster  7  : 0.3086 

--------------------------------------------
Estimated Ln Prob of Data   = -2071676.6
Mean value of ln likelihood = -2059436.8
Variance of ln likelihood   = 24479.6
Mean value of alpha         = 1.7377

Mean value of Fst_1         = 0.0640
Mean value of Fst_2         = 0.0508
Mean value of Fst_3         = 0.0569
Mean value of Fst_4         = 0.0613
Mean value of Fst_5         = 0.0566
Mean value of Fst_6         = 0.0716
Mean value of Fst_7         = 0.0692


Inferred ancestry of individuals:
        Label (%Miss) Pop:  Inferred clusters
  1 NS_SS0963    (4)    1 :  0.135 0.149 0.153 0.185 0.241 0.067 0.070 
  2 NS_SS0983    (1)    1 :  0.202 0.296 0.089 0.109 0.084 0.180 0.039 
  3 NS_SS0719    (8)    1 :  0.148 0.177 0.198 0.093 0.165 0.116 0.104 
  4 NS_SS1001    (8)    1 :  0.133 0.079 0.167 0.163 0.083 0.102 0.273 
  5 NS_SS0936    (4)    1 :  0.180 0.052 0.074 0.222 0.219 0.093 0.160 
  6 NS_SS0955    (5)    1 :  0.152 0.129 0.154 0.199 0.162 0.158 0.046 
  7 NS_SS0944    (3)    1 :  0.099 0.067 0.159 0.264 0.093 0.205 0.113 
  8 NS_SS0945    (3)    1 :  0.074 0.083 0.080 0.146 0.139 0.221 0.257 
  9 NS_SS0922    (2)    1 :  0.140 0.122 0.165 0.099 0.139 0.074 0.261 
 10 NS_SS0929    (7)    1 :  0.177 0.142 0.099 0.189 0.151 0.166 0.076 
 11 NS_SS0956    (2)    1 :  0.104 0.125 0.329 0.111 0.089 0.066 0.176 
 12 NS_SS0906    (3)    1 :  0.101 0.128 0.095 0.259 0.136 0.180 0.101 
 13 NS_SS0721    (6)    1 :  0.150 0.182 0.316 0.070 0.113 0.095 0.074 
 14 NS_SS0982    (4)    1 :  0.090 0.262 0.158 0.181 0.125 0.073 0.111 
 15 NS_SS0923    (5)    1 :  0.149 0.179 0.115 0.157 0.126 0.088 0.186 
 16 NS_SS0905    (6)    1 :  0.136 0.344 0.083 0.153 0.050 0.080 0.154 
 17 NS_SS0925    (3)    1 :  0.254 0.119 0.151 0.224 0.104 0.058 0.090 
 18 NS_SS0947    (5)    1 :  0.197 0.057 0.107 0.214 0.154 0.115 0.156 
 19 NS_SS0926    (2)    1 :  0.053 0.179 0.075 0.110 0.246 0.261 0.076 
 20 NS_SS0918    (6)    1 :  0.061 0.100 0.127 0.373 0.126 0.078 0.135 
 21 NS_SS0966    (4)    1 :  0.145 0.145 0.089 0.242 0.163 0.083 0.133 
 22 NS_SS0938    (2)    1 :  0.124 0.061 0.100 0.089 0.384 0.074 0.168 
 23 NS_SS0917    (2)    1 :  0.211 0.174 0.124 0.050 0.133 0.170 0.139 
 24 NS_SS0957   (11)    1 :  0.087 0.138 0.245 0.130 0.159 0.105 0.135 
 25 NS_SS0987    (1)    1 :  0.056 0.250 0.289 0.114 0.083 0.101 0.108 
 26 NS_SS0717    (4)    1 :  0.112 0.209 0.146 0.151 0.048 0.070 0.264 
 27 NS_SS0986    (2)    1 :  0.047 0.193 0.186 0.134 0.135 0.179 0.127 
 28 NS_SS0953    (4)    1 :  0.178 0.091 0.122 0.300 0.056 0.088 0.165 
 29 NS_SS0907    (3)    1 :  0.110 0.204 0.074 0.296 0.088 0.120 0.108 
 30 NS_SS0974    (6)    1 :  0.214 0.071 0.075 0.198 0.107 0.171 0.163 
 31 NS_SS0989    (1)    1 :  0.226 0.110 0.091 0.055 0.234 0.214 0.071 
 32 NS_SS0991    (2)    1 :  0.052 0.228 0.198 0.218 0.061 0.184 0.058 
 33 NS_SS0994    (2)    1 :  0.111 0.122 0.063 0.080 0.096 0.377 0.151 
 34 NS_SS0931    (6)    1 :  0.066 0.204 0.130 0.143 0.174 0.217 0.066 
 35 NS_SS1000    (5)    1 :  0.097 0.077 0.087 0.189 0.137 0.125 0.288 
 36 NS_SS0919    (1)    1 :  0.111 0.339 0.058 0.130 0.188 0.115 0.059 
 37 NS_SS0949    (3)    1 :  0.216 0.130 0.154 0.077 0.145 0.207 0.071 
 38 NS_SS0960   (10)    1 :  0.163 0.197 0.137 0.170 0.088 0.169 0.076 
 39 NS_SS0716    (2)    1 :  0.051 0.190 0.184 0.049 0.063 0.098 0.365 
 40 NS_SS0924    (8)    1 :  0.185 0.249 0.133 0.146 0.111 0.114 0.062 
 41 NS_SS0935    (1)    1 :  0.127 0.277 0.162 0.113 0.054 0.186 0.082 
 42 NS_SS0952   (13)    1 :  0.100 0.250 0.067 0.187 0.121 0.194 0.082 
 43 NS_SS0962   (10)    1 :  0.060 0.143 0.119 0.107 0.271 0.093 0.208 
 44 NS_SS0973    (5)    1 :  0.265 0.125 0.127 0.234 0.085 0.096 0.068 
 45 NS_SS0722    (1)    1 :  0.122 0.064 0.084 0.236 0.069 0.071 0.354 
 46 NS_SS0979   (13)    1 :  0.075 0.177 0.206 0.154 0.144 0.086 0.160 
 47 NS_SS0993    (2)    1 :  0.192 0.120 0.132 0.216 0.141 0.061 0.137 
 48 NS_SS0958    (1)    1 :  0.092 0.161 0.093 0.131 0.106 0.257 0.160 
 49 NS_SS0988    (4)    1 :  0.068 0.225 0.078 0.180 0.220 0.137 0.092 
 50 NS_SS1003    (2)    1 :  0.050 0.125 0.244 0.108 0.363 0.055 0.054 
 51 NS_SS0976    (0)    1 :  0.090 0.091 0.123 0.171 0.254 0.211 0.061 
 52 NS_SS0964   (10)    1 :  0.130 0.116 0.198 0.101 0.070 0.070 0.316 
 53 NS_SS0939    (4)    1 :  0.073 0.089 0.239 0.042 0.150 0.072 0.335 
 54 NS_SS0990    (6)    1 :  0.050 0.086 0.102 0.061 0.286 0.203 0.212 
 55 NS_SS0984    (2)    1 :  0.135 0.118 0.088 0.131 0.173 0.065 0.291 
 56 NS_SS0980    (9)    1 :  0.325 0.093 0.068 0.247 0.081 0.066 0.120 
 57 NS_SS0978    (4)    1 :  0.142 0.131 0.092 0.170 0.150 0.112 0.203 
 58 NS_SS0951   (17)    1 :  0.059 0.206 0.207 0.187 0.058 0.182 0.101 
 59 NS_SS0913    (3)    1 :  0.075 0.107 0.239 0.119 0.102 0.111 0.246 
 60 NS_SS1002    (1)    1 :  0.079 0.103 0.059 0.211 0.391 0.064 0.094 
 61 NS_SS0948    (1)    1 :  0.100 0.178 0.107 0.232 0.144 0.138 0.101 
 62 NS_SS0916    (4)    1 :  0.350 0.102 0.112 0.067 0.177 0.105 0.087 
 63 NS_SS0995    (1)    1 :  0.348 0.145 0.125 0.088 0.103 0.068 0.123 
 64 NS_SS0927    (6)    1 :  0.200 0.277 0.065 0.074 0.114 0.150 0.121 
 65 NS_SS0992    (5)    1 :  0.269 0.071 0.080 0.115 0.192 0.145 0.128 
 66 NS_SS0912    (1)    1 :  0.046 0.189 0.233 0.119 0.118 0.192 0.103 
 67 NS_SS0981    (1)    1 :  0.056 0.207 0.157 0.197 0.200 0.072 0.111 
 68 NS_SS0729    (5)    2 :  0.335 0.076 0.056 0.138 0.091 0.251 0.053 
 69 NS_SS0967   (14)    2 :  0.153 0.190 0.095 0.203 0.190 0.069 0.099 
 70 NS_SS0941    (7)    2 :  0.175 0.126 0.137 0.086 0.180 0.090 0.205 
 71 NS_SS0768   (12)    2 :  0.067 0.128 0.260 0.154 0.141 0.120 0.129 
 72 NS_SS0726    (4)    2 :  0.320 0.079 0.070 0.098 0.220 0.145 0.067 
 73 NS_SS0763    (4)    2 :  0.150 0.209 0.103 0.124 0.099 0.163 0.152 
 74 NS_SS0730    (6)    2 :  0.160 0.177 0.130 0.095 0.154 0.080 0.203 
 75 NS_SS0774    (1)    2 :  0.236 0.055 0.075 0.177 0.146 0.064 0.246 
 76 NS_SS0723    (3)    2 :  0.206 0.156 0.123 0.150 0.183 0.041 0.139 
 77 NS_SS0940    (9)    2 :  0.181 0.103 0.136 0.070 0.173 0.165 0.171 
 78 NS_SS0762    (1)    2 :  0.164 0.104 0.123 0.146 0.064 0.049 0.351 
 79 NS_SS0766   (11)    2 :  0.168 0.182 0.137 0.055 0.077 0.123 0.257 
 80 NS_SS0724    (1)    2 :  0.135 0.149 0.212 0.194 0.100 0.083 0.127 
 81 NS_SS0769    (3)    2 :  0.084 0.277 0.120 0.100 0.149 0.094 0.175 
 82 NS_SS0777    (2)    2 :  0.060 0.246 0.128 0.147 0.127 0.191 0.101 
 83 NS_SS0734    (6)    2 :  0.134 0.123 0.234 0.090 0.101 0.165 0.153 
 84 NS_SS0737    (3)    2 :  0.240 0.066 0.108 0.079 0.132 0.062 0.313 
 85 NS_SS0732    (5)    2 :  0.172 0.196 0.275 0.145 0.064 0.057 0.092 
 86 NS_SS0728    (5)    2 :  0.267 0.103 0.184 0.087 0.128 0.093 0.139 
 87 NS_SS0735    (9)    2 :  0.240 0.072 0.195 0.160 0.057 0.088 0.188 
 88 NS_SS0725    (1)    2 :  0.081 0.060 0.171 0.100 0.227 0.101 0.260 
 89 NS_SS0788    (2)    2 :  0.146 0.232 0.105 0.079 0.243 0.109 0.086 
 90 NS_SS0778    (2)    2 :  0.146 0.260 0.123 0.086 0.202 0.116 0.068 
 91 NS_SS0792    (6)    2 :  0.256 0.132 0.222 0.142 0.079 0.096 0.073 
 92 NS_SS0943   (11)    2 :  0.091 0.089 0.193 0.241 0.082 0.249 0.054 
 93 NS_SS0791    (2)    2 :  0.347 0.076 0.209 0.061 0.104 0.124 0.080 
 94 NS_SS0790    (5)    2 :  0.075 0.094 0.279 0.229 0.086 0.044 0.194 
 95 NS_SS0731    (6)    2 :  0.057 0.196 0.280 0.102 0.075 0.076 0.213 
 96 NS_SS0727    (6)    2 :  0.289 0.065 0.095 0.081 0.058 0.188 0.223 
 97 NS_SS0779   (12)    2 :  0.148 0.227 0.134 0.127 0.139 0.103 0.124 
 98 NS_SS0776    (3)    2 :  0.115 0.099 0.129 0.085 0.157 0.153 0.263 
 99 NS_SS0775    (5)    2 :  0.176 0.086 0.148 0.096 0.093 0.068 0.334 
100 NS_SS0965    (3)    3 :  0.105 0.204 0.230 0.160 0.149 0.078 0.075 
101 NS_SS0754   (13)    3 :  0.202 0.109 0.261 0.083 0.105 0.177 0.063 
102 NS_SS0838    (5)    3 :  0.137 0.096 0.106 0.130 0.206 0.160 0.164 
103 NS_SS0839    (3)    3 :  0.172 0.080 0.159 0.120 0.178 0.068 0.223 
104 NS_SS0832    (4)    3 :  0.091 0.140 0.179 0.257 0.122 0.051 0.160 
105 NS_SS0820    (4)    3 :  0.118 0.195 0.222 0.112 0.191 0.051 0.110 
106 NS_SS0886    (9)    3 :  0.156 0.153 0.192 0.093 0.134 0.168 0.104 
107 NS_SS0748    (5)    3 :  0.097 0.222 0.120 0.220 0.115 0.138 0.089 
108 NS_SS0884    (9)    3 :  0.198 0.129 0.137 0.156 0.137 0.128 0.114 
109 NS_SS0752    (3)    3 :  0.221 0.090 0.105 0.136 0.145 0.115 0.189 
110 NS_SS0862    (1)    3 :  0.178 0.105 0.338 0.180 0.079 0.053 0.068 
111 NS_SS0787    (9)    3 :  0.087 0.127 0.106 0.102 0.101 0.382 0.095 
112 NS_SS0843    (6)    3 :  0.172 0.250 0.155 0.140 0.083 0.083 0.118 
113 NS_SS0856    (4)    3 :  0.228 0.133 0.105 0.052 0.130 0.117 0.234 
114 NS_SS0846    (2)    3 :  0.169 0.150 0.060 0.238 0.148 0.136 0.099 
115 NS_SS0825    (1)    3 :  0.070 0.107 0.206 0.125 0.286 0.137 0.069 
116 NS_SS0757    (3)    3 :  0.093 0.162 0.210 0.173 0.115 0.160 0.087 
117 NS_SS0876    (3)    3 :  0.161 0.112 0.183 0.162 0.096 0.104 0.181 
118 NS_SS0903    (9)    3 :  0.365 0.073 0.066 0.241 0.097 0.053 0.106 
119 NS_SS0875    (7)    3 :  0.087 0.166 0.125 0.112 0.157 0.130 0.223 
120 NS_SS0740    (5)    3 :  0.142 0.189 0.152 0.180 0.088 0.095 0.155 
121 NS_SS0811    (5)    3 :  0.091 0.107 0.316 0.137 0.081 0.064 0.202 
122 NS_SS0751    (1)    3 :  0.110 0.168 0.089 0.083 0.202 0.113 0.235 
123 NS_SS0891    (6)    3 :  0.094 0.087 0.130 0.118 0.217 0.127 0.226 
124 NS_SS0867    (2)    3 :  0.092 0.156 0.161 0.293 0.112 0.142 0.044 
125 NS_SS0890    (6)    3 :  0.191 0.221 0.094 0.155 0.118 0.086 0.134 
126 NS_SS0866   (11)    3 :  0.128 0.062 0.121 0.108 0.121 0.356 0.103 
127 NS_SS0755    (4)    3 :  0.116 0.129 0.227 0.187 0.133 0.087 0.121 
128 NS_SS0758    (4)    3 :  0.252 0.123 0.110 0.146 0.116 0.111 0.142 
129 NS_SS0840    (2)    3 :  0.114 0.086 0.152 0.202 0.237 0.056 0.154 
130 NS_SS0889    (4)    3 :  0.080 0.079 0.238 0.128 0.094 0.293 0.089 
131 NS_SS1010    (1)    3 :  0.093 0.240 0.095 0.137 0.190 0.103 0.142 
132 NS_SS0888    (5)    3 :  0.304 0.074 0.154 0.065 0.063 0.243 0.097 
133 NS_SS0837    (3)    3 :  0.099 0.152 0.284 0.213 0.077 0.067 0.108 
134 NS_SS0794    (9)    3 :  0.184 0.083 0.134 0.099 0.059 0.266 0.175 
135 NS_SS0823    (4)    3 :  0.119 0.068 0.103 0.306 0.136 0.094 0.174 
136 NS_SS0829    (7)    3 :  0.062 0.083 0.187 0.203 0.069 0.337 0.060 
137 NS_SS0844    (5)    3 :  0.184 0.108 0.112 0.438 0.066 0.038 0.055 
138 NS_SS1008    (5)    3 :  0.135 0.097 0.108 0.109 0.073 0.237 0.241 
139 NS_SS0881    (3)    3 :  0.090 0.156 0.128 0.093 0.238 0.172 0.121 
140 NS_SS0834    (6)    3 :  0.102 0.066 0.114 0.114 0.236 0.083 0.285 
141 NS_SS0744   (10)    3 :  0.226 0.092 0.170 0.145 0.185 0.113 0.069 
142 NS_SS0899    (7)    3 :  0.058 0.113 0.238 0.218 0.081 0.080 0.212 
143 NS_SS0804    (4)    3 :  0.126 0.160 0.217 0.179 0.145 0.040 0.133 
144 NS_SS0781   (10)    3 :  0.084 0.160 0.086 0.212 0.229 0.057 0.172 
145 NS_SS0822    (6)    3 :  0.175 0.070 0.149 0.216 0.077 0.173 0.141 
146 NS_SS1004    (4)    3 :  0.127 0.207 0.144 0.236 0.109 0.075 0.101 
147 NS_SS0746    (5)    3 :  0.084 0.127 0.084 0.278 0.109 0.180 0.139 
148 NS_SS0880    (3)    3 :  0.119 0.057 0.157 0.245 0.193 0.099 0.130 
149 NS_SS0879    (4)    3 :  0.128 0.061 0.190 0.175 0.111 0.138 0.197 
150 NS_SS0753    (2)    3 :  0.123 0.191 0.161 0.186 0.077 0.189 0.072 
151 NS_SS1007    (2)    3 :  0.278 0.166 0.063 0.052 0.151 0.092 0.197 
152 NS_SS0872    (5)    3 :  0.178 0.146 0.114 0.156 0.139 0.078 0.190 
153 NS_SS1005    (7)    3 :  0.094 0.137 0.087 0.272 0.151 0.095 0.163 
154 NS_SS0892    (6)    3 :  0.108 0.218 0.135 0.124 0.125 0.123 0.166 
155 NS_SS0898    (0)    3 :  0.107 0.163 0.145 0.169 0.125 0.175 0.116 
156 NS_SS0801    (9)    3 :  0.083 0.181 0.218 0.170 0.096 0.134 0.117 
157 NS_SS0827    (8)    3 :  0.068 0.483 0.112 0.075 0.065 0.089 0.109 
158 NS_SS0853    (6)    3 :  0.117 0.243 0.198 0.103 0.055 0.139 0.145 
159 NS_SS0780    (2)    3 :  0.145 0.159 0.181 0.104 0.201 0.069 0.140 
160 NS_SS0826   (10)    3 :  0.047 0.093 0.102 0.231 0.296 0.169 0.062 
161 NS_SS0818    (5)    3 :  0.146 0.143 0.142 0.139 0.180 0.061 0.188 
162 NS_SS0745    (1)    3 :  0.033 0.069 0.197 0.044 0.112 0.080 0.465 
163 NS_SS0849    (3)    3 :  0.047 0.165 0.357 0.128 0.128 0.084 0.091 
164 NS_SS0739    (3)    3 :  0.181 0.166 0.170 0.056 0.214 0.085 0.128 
165 NS_SS0799    (1)    3 :  0.311 0.170 0.115 0.112 0.048 0.131 0.114 
166 NS_SS0756    (2)    3 :  0.080 0.139 0.124 0.298 0.179 0.071 0.108 
167 NS_SS0802    (2)    3 :  0.165 0.236 0.067 0.095 0.177 0.141 0.118 
168 NS_SS0747    (6)    3 :  0.163 0.167 0.099 0.200 0.155 0.108 0.108 
169 NS_SS0835    (1)    3 :  0.159 0.277 0.058 0.095 0.107 0.223 0.081 
170 NS_SS0742   (18)    3 :  0.216 0.136 0.146 0.168 0.175 0.063 0.097 
171 NS_SS0760    (9)    3 :  0.097 0.134 0.086 0.141 0.100 0.314 0.127 
172 NS_SS0803    (4)    3 :  0.302 0.066 0.081 0.378 0.052 0.050 0.071 
173 NS_SS0828   (13)    3 :  0.150 0.207 0.212 0.102 0.092 0.114 0.123 
174 NS_SS0865    (2)    3 :  0.107 0.099 0.264 0.152 0.192 0.129 0.057 
175 NS_SS0759    (4)    3 :  0.121 0.132 0.190 0.132 0.110 0.082 0.232 
176 NS_SS0851    (5)    3 :  0.044 0.080 0.438 0.083 0.117 0.080 0.157 
177 NS_SS0874   (16)    3 :  0.125 0.128 0.094 0.337 0.096 0.076 0.144 
178 NS_SS0761    (6)    3 :  0.097 0.134 0.162 0.180 0.135 0.239 0.052 
179 NS_SS0842   (25)    3 :  0.105 0.128 0.110 0.168 0.085 0.222 0.182 
180 NS_SS0785    (6)    3 :  0.197 0.130 0.144 0.195 0.088 0.150 0.096 
181 NS_SS0860   (11)    3 :  0.121 0.194 0.071 0.135 0.097 0.294 0.088 
182 NS_SS0897    (7)    3 :  0.135 0.095 0.171 0.095 0.073 0.342 0.089 
183 NS_SS0841   (14)    3 :  0.070 0.120 0.253 0.159 0.091 0.075 0.232 
184 NS_SS0797    (6)    3 :  0.085 0.172 0.234 0.126 0.141 0.174 0.068 
185 NS_SS0830   (10)    3 :  0.114 0.132 0.210 0.127 0.159 0.156 0.102 
186 NS_SS1011    (5)    3 :  0.105 0.086 0.173 0.179 0.304 0.081 0.072 
187 NS_SS0883    (5)    3 :  0.190 0.188 0.219 0.124 0.057 0.135 0.086 
188 NS_SS0782    (2)    3 :  0.244 0.065 0.107 0.128 0.076 0.158 0.222 
189 NS_SS0831    (5)    3 :  0.112 0.078 0.282 0.115 0.077 0.265 0.072 
190 NS_SS0749    (7)    3 :  0.206 0.095 0.236 0.079 0.119 0.152 0.113 
191 NS_SS0854    (2)    3 :  0.308 0.100 0.135 0.104 0.081 0.116 0.155 
192 HI_SS0193    (0)    4 :  0.127 0.057 0.216 0.070 0.168 0.225 0.137 
193 HI_SS0194    (0)    4 :  0.074 0.061 0.084 0.098 0.272 0.144 0.268 
194 HI_SS0195    (9)    4 :  0.096 0.126 0.285 0.059 0.235 0.049 0.150 
195 HI_SS0196    (6)    4 :  0.202 0.062 0.105 0.104 0.097 0.186 0.243 
196 HI_SS0197    (3)    4 :  0.081 0.139 0.053 0.074 0.484 0.076 0.092 
197 HI_SS0198    (1)    4 :  0.166 0.153 0.238 0.091 0.122 0.144 0.085 
198 HI_SS0199    (1)    4 :  0.360 0.082 0.095 0.100 0.074 0.156 0.134 
199 HI_SS0201    (4)    4 :  0.115 0.219 0.157 0.158 0.087 0.223 0.041 
200 HI_SS0215    (1)    4 :  0.116 0.268 0.111 0.133 0.114 0.201 0.056 
201 HI_SS0218    (1)    4 :  0.218 0.065 0.186 0.066 0.063 0.294 0.108 
202 HI_SS0222    (0)    4 :  0.169 0.098 0.221 0.058 0.149 0.134 0.169 
203 HI_SS0230    (1)    4 :  0.053 0.358 0.078 0.116 0.180 0.082 0.133 
204 HI_SS0234    (1)    4 :  0.340 0.128 0.061 0.113 0.181 0.080 0.096 
205 HI_SS0240    (1)    4 :  0.370 0.089 0.130 0.065 0.090 0.071 0.184 
206 HI_SS0241    (0)    4 :  0.165 0.218 0.123 0.116 0.138 0.167 0.074 
207 HI_SS0242    (0)    4 :  0.161 0.107 0.174 0.215 0.115 0.138 0.089 
208 HI_SS0247    (0)    4 :  0.061 0.078 0.118 0.340 0.206 0.108 0.088 
209 HI_SS0248    (1)    4 :  0.214 0.111 0.064 0.152 0.046 0.229 0.185 
210 HI_SS0252    (2)    4 :  0.173 0.063 0.195 0.185 0.097 0.094 0.192 
211 HI_SS0254    (1)    4 :  0.142 0.242 0.066 0.134 0.206 0.127 0.082 
212 HI_SS0256    (0)    4 :  0.135 0.137 0.144 0.199 0.167 0.028 0.190 
213 HI_SS0257    (0)    4 :  0.190 0.106 0.046 0.214 0.174 0.212 0.059 
214 HI_SS0258    (1)    4 :  0.128 0.169 0.123 0.125 0.079 0.256 0.119 
215 HI_SS0259    (1)    4 :  0.130 0.088 0.152 0.073 0.310 0.079 0.168 
216 HI_SS0260    (1)    4 :  0.198 0.131 0.085 0.081 0.072 0.233 0.200 
217 HI_SS0261    (2)    4 :  0.100 0.106 0.067 0.200 0.244 0.166 0.116 
218 HI_SS0262    (0)    4 :  0.209 0.127 0.253 0.090 0.118 0.083 0.120 
219 HI_SS0264    (1)    4 :  0.051 0.198 0.121 0.108 0.179 0.121 0.222 
220 HI_SS0265    (0)    4 :  0.093 0.225 0.209 0.098 0.188 0.085 0.101 
221 HI_SS0268    (1)    4 :  0.081 0.251 0.116 0.044 0.186 0.144 0.178 
222 HI_SS0269    (1)    4 :  0.278 0.088 0.061 0.110 0.153 0.264 0.046 
223 HI_SS0273    (0)    4 :  0.114 0.100 0.117 0.209 0.144 0.234 0.081 
224 HI_SS0277    (1)    4 :  0.121 0.122 0.112 0.129 0.394 0.075 0.048 
225 HI_SS0280    (0)    4 :  0.135 0.086 0.277 0.061 0.128 0.145 0.168 
226 HI_SS0282    (1)    4 :  0.143 0.081 0.174 0.226 0.087 0.205 0.084 
227 HI_SS0286    (1)    4 :  0.214 0.215 0.216 0.073 0.107 0.122 0.052 
228 NS_SS1252    (3)    5 :  0.164 0.114 0.106 0.151 0.054 0.333 0.078 
229 NS_SS1261    (1)    5 :  0.192 0.128 0.107 0.150 0.187 0.132 0.105 
230 NS_SS1225    (9)    5 :  0.092 0.170 0.081 0.315 0.115 0.163 0.063 
231 NS_SS1266    (1)    5 :  0.107 0.092 0.133 0.400 0.103 0.050 0.114 
232 NS_SS1228    (0)    5 :  0.151 0.088 0.337 0.091 0.129 0.083 0.121 
233 NS_SS1255    (2)    5 :  0.127 0.037 0.069 0.140 0.082 0.173 0.372 
234 NS_SS1267    (3)    5 :  0.153 0.228 0.119 0.049 0.091 0.294 0.065 
235 NS_SS1238    (6)    5 :  0.074 0.096 0.156 0.085 0.252 0.201 0.136 
236 NS_SS1233    (8)    5 :  0.035 0.094 0.097 0.401 0.098 0.085 0.189 
237 NS_SS1277    (3)    5 :  0.240 0.104 0.130 0.059 0.090 0.195 0.181 
238 NS_SS1245    (1)    5 :  0.105 0.134 0.069 0.242 0.129 0.178 0.143 
239 NS_SS1240    (4)    5 :  0.159 0.258 0.053 0.070 0.113 0.276 0.072 
240 NS_SS1275    (2)    5 :  0.095 0.058 0.208 0.125 0.371 0.046 0.097 
241 NS_SS1235    (1)    5 :  0.255 0.087 0.046 0.194 0.145 0.106 0.167 
242 NS_SS1263    (1)    5 :  0.080 0.070 0.097 0.309 0.101 0.082 0.261 
243 NS_SS1251    (1)    5 :  0.087 0.140 0.084 0.318 0.134 0.074 0.163 
244 NS_SS1248    (0)    5 :  0.041 0.119 0.408 0.077 0.102 0.161 0.092 
245 NS_SS1244    (0)    5 :  0.137 0.060 0.131 0.181 0.341 0.108 0.042 
246 NS_SS1257    (0)    5 :  0.191 0.151 0.136 0.099 0.078 0.228 0.117 
247 NS_SS1242    (2)    5 :  0.064 0.105 0.135 0.167 0.123 0.099 0.306 
248 NS_SS1271    (6)    5 :  0.244 0.118 0.135 0.074 0.100 0.277 0.052 
249 NS_SS1265    (1)    5 :  0.055 0.157 0.092 0.142 0.146 0.286 0.122 
250 NS_SS1243    (0)    5 :  0.106 0.112 0.281 0.101 0.067 0.109 0.223 
251 NS_SS1273    (1)    5 :  0.081 0.101 0.114 0.165 0.118 0.073 0.347 
252 NS_SS1254   (14)    5 :  0.090 0.123 0.101 0.346 0.081 0.085 0.174 
253 NS_SS1224    (1)    5 :  0.115 0.082 0.235 0.255 0.100 0.077 0.136 
254 NS_SS1227    (8)    5 :  0.140 0.404 0.051 0.061 0.113 0.127 0.104 
255 NS_SS1274    (8)    5 :  0.197 0.100 0.143 0.117 0.120 0.182 0.142 
256 NS_SS1241    (1)    5 :  0.166 0.131 0.150 0.188 0.119 0.168 0.077 
257 NS_SS1256    (3)    5 :  0.069 0.140 0.065 0.263 0.184 0.172 0.107 
258 NS_SS1260    (8)    5 :  0.307 0.105 0.103 0.107 0.081 0.219 0.078 
259 NS_SS1262    (0)    5 :  0.150 0.139 0.163 0.211 0.124 0.157 0.056 
260 NS_SS1230    (0)    5 :  0.077 0.113 0.137 0.152 0.124 0.211 0.187 
261 NS_SS1270    (2)    5 :  0.048 0.143 0.276 0.237 0.133 0.090 0.074 
262 NS_SS1229    (2)    5 :  0.278 0.063 0.046 0.125 0.275 0.068 0.145 
263 NS_SS1246    (5)    5 :  0.228 0.075 0.080 0.069 0.262 0.208 0.078 
264 NS_SS1269    (0)    5 :  0.135 0.148 0.182 0.144 0.119 0.097 0.175 
265 NS_SS1239    (1)    5 :  0.315 0.096 0.266 0.072 0.074 0.054 0.124 
266 NS_SS1272    (4)    5 :  0.063 0.231 0.072 0.132 0.358 0.071 0.074 
267 NS_SS1268    (1)    5 :  0.051 0.147 0.301 0.242 0.059 0.084 0.116 
268 NS_SS1249    (0)    5 :  0.262 0.048 0.104 0.123 0.068 0.308 0.087 
269 HI_SS0559    (0)    6 :  0.132 0.145 0.226 0.122 0.060 0.147 0.168 
270 HI_SS0563    (1)    6 :  0.242 0.115 0.123 0.192 0.142 0.107 0.079 
271 HI_SS0564    (0)    6 :  0.136 0.108 0.163 0.152 0.236 0.106 0.100 
272 HI_SS0565    (0)    6 :  0.083 0.300 0.070 0.128 0.189 0.148 0.082 
273 HI_SS0569    (0)    6 :  0.057 0.293 0.075 0.260 0.085 0.182 0.048 
274 HI_SS0570    (0)    6 :  0.141 0.129 0.154 0.057 0.150 0.266 0.103 
275 HI_SS0572    (1)    6 :  0.251 0.122 0.075 0.122 0.122 0.062 0.246 
276 HI_SS0576    (0)    6 :  0.105 0.120 0.256 0.101 0.147 0.079 0.192 
277 HI_SS0579    (1)    6 :  0.195 0.160 0.072 0.294 0.060 0.145 0.073 
278 HI_SS0580    (1)    6 :  0.186 0.129 0.122 0.097 0.073 0.187 0.206 
279 HI_SS0581    (0)    6 :  0.092 0.088 0.277 0.072 0.314 0.065 0.092 
280 HI_SS0583    (1)    6 :  0.122 0.255 0.046 0.136 0.089 0.179 0.174 
281 HI_SS0586    (1)    6 :  0.073 0.302 0.100 0.067 0.080 0.277 0.100 
282 HI_SS0588    (1)    6 :  0.150 0.315 0.089 0.158 0.058 0.128 0.102 
283 HI_SS0595    (4)    6 :  0.113 0.213 0.050 0.089 0.261 0.159 0.115 
284 HI_SS0596    (0)    6 :  0.183 0.102 0.070 0.141 0.068 0.068 0.367 
285 HI_SS0597    (1)    6 :  0.109 0.125 0.063 0.147 0.232 0.088 0.236 
286 HI_SS0600    (0)    6 :  0.294 0.131 0.130 0.090 0.173 0.120 0.062 
287 HI_SS0601    (1)    6 :  0.147 0.232 0.136 0.198 0.156 0.094 0.037 
288 HI_SS0602    (1)    6 :  0.075 0.358 0.140 0.054 0.055 0.167 0.151 
289 HI_SS0604    (0)    6 :  0.076 0.172 0.197 0.200 0.071 0.125 0.159 
290 HI_SS0605    (1)    6 :  0.210 0.103 0.306 0.090 0.067 0.146 0.078 
291 HI_SS0608    (0)    6 :  0.084 0.248 0.115 0.077 0.116 0.115 0.246 
292 HI_SS0609    (0)    6 :  0.102 0.144 0.062 0.288 0.150 0.081 0.173 
293 HI_SS0611    (5)    6 :  0.101 0.200 0.243 0.068 0.062 0.224 0.102 
294 HI_SS0612    (1)    6 :  0.256 0.059 0.045 0.374 0.083 0.114 0.069 
295 HI_SS0613    (1)    6 :  0.069 0.123 0.367 0.124 0.072 0.120 0.124 
296 HI_SS0615    (0)    6 :  0.215 0.110 0.176 0.081 0.158 0.053 0.206 
297 HI_SS0001    (1)    6 :  0.173 0.070 0.089 0.087 0.204 0.179 0.199 
298 HI_SS0002    (1)    6 :  0.091 0.241 0.082 0.232 0.115 0.058 0.182 
299 HI_SS0004    (0)    6 :  0.119 0.113 0.144 0.074 0.096 0.259 0.193 
300 HI_SS0005    (1)    6 :  0.086 0.159 0.340 0.069 0.135 0.094 0.117 
301 HI_SS0006    (1)    6 :  0.113 0.120 0.079 0.229 0.166 0.211 0.082 
302 HI_SS0007    (1)    6 :  0.138 0.069 0.366 0.063 0.058 0.222 0.086 
303 HI_SS0008    (0)    6 :  0.092 0.373 0.114 0.108 0.156 0.067 0.091 
304 HI_SS0009    (0)    6 :  0.185 0.169 0.219 0.097 0.055 0.072 0.203 
305 HI_SS0010    (1)    6 :  0.103 0.254 0.143 0.116 0.111 0.149 0.123 
306 HI_SS0011    (1)    6 :  0.037 0.076 0.131 0.304 0.235 0.114 0.102 
307 HI_SS0012    (0)    6 :  0.288 0.263 0.106 0.076 0.155 0.036 0.076 
308 HI_SS0017    (1)    6 :  0.124 0.059 0.133 0.102 0.181 0.099 0.302 
309 HI_SS0021    (1)    6 :  0.071 0.281 0.066 0.085 0.128 0.221 0.148 
310 HI_SS0024    (1)    6 :  0.166 0.078 0.198 0.073 0.221 0.085 0.178 
311 HI_SS0025    (1)    6 :  0.118 0.088 0.161 0.156 0.077 0.102 0.298 
312 HI_SS0027    (0)    6 :  0.132 0.171 0.168 0.187 0.055 0.184 0.102 
313 HI_SS0028    (0)    6 :  0.041 0.313 0.161 0.063 0.193 0.038 0.191 
314 HI_SS0029    (1)    6 :  0.170 0.084 0.086 0.061 0.144 0.180 0.274 
315 HI_SS0030    (2)    6 :  0.203 0.109 0.192 0.128 0.137 0.139 0.091 
316 HI_SS0031    (0)    6 :  0.233 0.277 0.057 0.126 0.152 0.055 0.099 
317 HI_SS0034    (0)    6 :  0.168 0.089 0.116 0.203 0.077 0.255 0.093 
318 HI_SS0036    (0)    6 :  0.097 0.125 0.174 0.032 0.228 0.274 0.070 
319 HI_SS0037    (1)    6 :  0.066 0.174 0.158 0.116 0.062 0.297 0.127 
320 HI_SS0039    (0)    6 :  0.080 0.115 0.274 0.072 0.131 0.224 0.103 
321 HI_SS0041    (1)    6 :  0.110 0.089 0.324 0.065 0.155 0.094 0.164 
322 HI_SS0042    (1)    6 :  0.105 0.111 0.126 0.136 0.239 0.076 0.208 
323 HI_SS0043    (1)    6 :  0.133 0.131 0.103 0.077 0.198 0.314 0.044 
324 HI_SS0044    (1)    6 :  0.207 0.081 0.072 0.056 0.085 0.202 0.297 
325 HI_SS0047    (1)    6 :  0.139 0.133 0.205 0.132 0.121 0.091 0.180 
326 HI_SS0049    (0)    6 :  0.081 0.133 0.090 0.168 0.092 0.125 0.309 
327 HI_SS0051    (1)    6 :  0.105 0.148 0.326 0.193 0.063 0.103 0.061 
328 HI_SS0053    (1)    6 :  0.126 0.135 0.093 0.104 0.243 0.235 0.064 
329 HI_SS0054    (4)    6 :  0.073 0.143 0.154 0.228 0.104 0.250 0.047 
330 HI_SS0057    (0)    6 :  0.056 0.074 0.230 0.141 0.226 0.143 0.132 
331 HI_SS0058    (0)    6 :  0.100 0.124 0.106 0.165 0.065 0.264 0.176 
332 HI_SS0060    (0)    6 :  0.126 0.203 0.199 0.123 0.182 0.109 0.057 
333 HI_SS0087    (1)    6 :  0.109 0.189 0.091 0.172 0.197 0.138 0.106 
334 HI_SS0091    (0)    6 :  0.128 0.128 0.061 0.118 0.241 0.270 0.055 
335 HI_SS0095    (1)    6 :  0.244 0.125 0.143 0.125 0.160 0.133 0.071 
336 HI_SS0097    (3)    6 :  0.185 0.146 0.090 0.355 0.085 0.083 0.055 
337 HI_SS0099    (0)    6 :  0.075 0.240 0.090 0.081 0.085 0.108 0.321 
338 HI_SS0103    (0)    6 :  0.211 0.070 0.105 0.119 0.182 0.123 0.190 
339 HI_SS0105    (1)    6 :  0.092 0.157 0.162 0.155 0.258 0.114 0.062 
340 HI_SS0107    (1)    6 :  0.197 0.059 0.104 0.141 0.202 0.059 0.239 
341 HI_SS0108    (1)    6 :  0.139 0.077 0.103 0.118 0.101 0.397 0.065 
342 HI_SS0110    (0)    6 :  0.195 0.081 0.065 0.083 0.358 0.136 0.082 
343 HI_SS0111    (1)    6 :  0.242 0.163 0.136 0.074 0.197 0.102 0.087 
344 HI_SS0112    (0)    6 :  0.155 0.129 0.084 0.073 0.119 0.348 0.092 
345 HI_SS0113    (1)    6 :  0.083 0.079 0.107 0.140 0.228 0.089 0.272 
346 HI_SS0114    (1)    6 :  0.116 0.213 0.185 0.138 0.085 0.195 0.069 
347 HI_SS0115    (1)    6 :  0.283 0.176 0.110 0.115 0.038 0.088 0.190 
348 HI_SS0116    (4)    6 :  0.175 0.137 0.044 0.075 0.069 0.244 0.255 
349 HI_SS0117    (0)    6 :  0.092 0.141 0.049 0.212 0.252 0.185 0.069 
350 HI_SS0118    (0)    6 :  0.135 0.118 0.076 0.188 0.135 0.206 0.141 
351 HI_SS0119    (1)    6 :  0.159 0.081 0.122 0.139 0.263 0.189 0.047 
352 HI_SS0120    (1)    6 :  0.109 0.048 0.074 0.090 0.354 0.064 0.261 
353 HI_SS0121    (1)    6 :  0.050 0.157 0.149 0.149 0.349 0.066 0.080 
354 HI_SS0122    (2)    6 :  0.138 0.085 0.180 0.105 0.229 0.157 0.107 
355 HI_SS0123    (0)    6 :  0.132 0.092 0.074 0.205 0.234 0.143 0.121 
356 HI_SS0124    (1)    6 :  0.163 0.126 0.129 0.098 0.090 0.060 0.335 
357 HI_SS0125    (1)    6 :  0.224 0.170 0.151 0.081 0.160 0.047 0.167 
358 HI_SS0126    (0)    6 :  0.119 0.066 0.078 0.096 0.117 0.312 0.211 
359 HI_SS0127    (0)    6 :  0.082 0.178 0.305 0.172 0.076 0.100 0.087 
360 HI_SS0128    (0)    6 :  0.177 0.107 0.074 0.167 0.179 0.113 0.184 
361 HI_SS0129    (1)    6 :  0.152 0.093 0.180 0.075 0.155 0.221 0.125 
362 HI_SS0131    (2)    6 :  0.062 0.247 0.181 0.163 0.069 0.205 0.073 
363 HI_SS0132    (0)    6 :  0.128 0.133 0.116 0.161 0.253 0.115 0.094 
364 HI_SS0133    (1)    6 :  0.107 0.076 0.111 0.083 0.111 0.414 0.097 
365 HI_SS0134    (1)    6 :  0.137 0.169 0.111 0.181 0.136 0.146 0.120 
366 HI_SS0142    (3)    6 :  0.195 0.195 0.132 0.179 0.162 0.083 0.055 
367 HI_SS0145    (0)    6 :  0.172 0.121 0.085 0.228 0.088 0.181 0.124 
368 HI_SS0146    (1)    6 :  0.179 0.145 0.147 0.202 0.061 0.172 0.095 
369 HI_SS0147    (1)    6 :  0.074 0.065 0.361 0.183 0.114 0.103 0.099 
370 HI_SS0149    (1)    6 :  0.051 0.056 0.073 0.153 0.435 0.161 0.070 
371 HI_SS0150    (2)    6 :  0.138 0.118 0.210 0.126 0.154 0.067 0.187 
372 HI_SS0151    (0)    6 :  0.340 0.092 0.184 0.098 0.055 0.106 0.126 
373 NS_SS1451    (1)    6 :  0.203 0.070 0.213 0.084 0.157 0.060 0.213 
374 NS_SS1404    (0)    6 :  0.083 0.088 0.334 0.096 0.121 0.119 0.159 
375 NS_SS1432    (2)    6 :  0.105 0.133 0.091 0.051 0.306 0.058 0.255 
376 NS_SS1405    (4)    6 :  0.140 0.117 0.084 0.095 0.079 0.173 0.312 
377 NS_SS1431   (10)    6 :  0.073 0.074 0.102 0.099 0.342 0.087 0.223 
378 NS_SS1402    (3)    6 :  0.233 0.148 0.086 0.132 0.190 0.109 0.102 
379 NS_SS1450    (3)    6 :  0.173 0.044 0.182 0.075 0.125 0.249 0.153 
380 NS_SS1396    (0)    6 :  0.132 0.165 0.161 0.128 0.145 0.127 0.143 
381 NS_SS1393    (5)    6 :  0.259 0.247 0.118 0.076 0.080 0.107 0.112 
382 NS_SS1392   (10)    6 :  0.233 0.098 0.191 0.054 0.106 0.086 0.232 
383 NS_SS1445    (0)    6 :  0.060 0.258 0.117 0.141 0.153 0.206 0.066 
384 NS_SS1423    (0)    6 :  0.200 0.142 0.055 0.098 0.251 0.134 0.119 
385 NS_SS1421    (9)    6 :  0.141 0.080 0.120 0.147 0.234 0.182 0.095 
386 NS_SS1411    (6)    6 :  0.068 0.133 0.303 0.074 0.056 0.260 0.105 
387 NS_SS1453    (5)    6 :  0.154 0.114 0.115 0.071 0.270 0.205 0.072 
388 NS_SS1442    (2)    6 :  0.123 0.200 0.088 0.227 0.071 0.138 0.152 
389 NS_SS1422    (1)    6 :  0.313 0.065 0.075 0.251 0.125 0.080 0.090 
390 NS_SS1419    (1)    6 :  0.065 0.088 0.171 0.348 0.092 0.124 0.113 
391 NS_SS1427    (0)    6 :  0.302 0.067 0.074 0.050 0.130 0.262 0.115 
392 NS_SS1444    (3)    6 :  0.078 0.277 0.162 0.167 0.057 0.074 0.185 
393 NS_SS1455    (0)    6 :  0.099 0.100 0.055 0.241 0.139 0.079 0.287 
394 NS_SS1425    (2)    6 :  0.095 0.192 0.108 0.144 0.094 0.311 0.056 
395 NS_SS1400    (0)    6 :  0.056 0.110 0.112 0.200 0.076 0.308 0.139 
396 NS_SS1406    (1)    6 :  0.083 0.110 0.066 0.306 0.247 0.047 0.140 
397 NS_SS1417    (6)    6 :  0.070 0.080 0.125 0.188 0.159 0.213 0.165 
398 NS_SS1454    (2)    6 :  0.044 0.088 0.114 0.087 0.295 0.251 0.120 
399 NS_SS1412    (1)    6 :  0.104 0.104 0.202 0.097 0.122 0.202 0.170 
400 NS_SS1438    (1)    6 :  0.124 0.203 0.172 0.157 0.068 0.233 0.042 
401 NS_SS1416    (4)    6 :  0.114 0.117 0.141 0.141 0.168 0.161 0.158 
402 NS_SS1401    (0)    6 :  0.138 0.180 0.085 0.135 0.242 0.124 0.096 
403 NS_SS1424    (6)    6 :  0.133 0.121 0.154 0.115 0.243 0.166 0.068 
404 NS_SS1435    (9)    6 :  0.111 0.307 0.131 0.044 0.117 0.092 0.198 
405 NS_SS1447    (4)    6 :  0.072 0.125 0.238 0.195 0.121 0.097 0.152 
406 NS_SS1414    (3)    6 :  0.044 0.123 0.207 0.191 0.088 0.101 0.246 
407 NS_SS1449   (14)    6 :  0.345 0.051 0.128 0.087 0.245 0.080 0.064 
408 NS_SS1443    (4)    6 :  0.263 0.133 0.054 0.165 0.100 0.189 0.096 
409 NS_SS1434    (1)    6 :  0.294 0.071 0.062 0.116 0.072 0.141 0.245 
410 NS_SS1398    (1)    6 :  0.113 0.123 0.110 0.095 0.142 0.128 0.288 
411 NS_SS1426    (1)    6 :  0.143 0.257 0.100 0.081 0.103 0.236 0.081 
412 NS_SS1413    (0)    6 :  0.064 0.084 0.088 0.151 0.100 0.285 0.227 
413 NS_SS1395    (1)    6 :  0.187 0.314 0.072 0.076 0.130 0.155 0.067 
414 NS_SS1448   (10)    6 :  0.087 0.071 0.305 0.066 0.120 0.201 0.150 
415 NS_SS1446    (0)    6 :  0.214 0.125 0.133 0.114 0.169 0.177 0.069 
416 NS_SS1403    (2)    6 :  0.105 0.275 0.084 0.070 0.277 0.070 0.118 
417 NS_SS1415    (0)    6 :  0.117 0.167 0.141 0.114 0.100 0.232 0.129 
418 NS_SS1437    (4)    6 :  0.069 0.206 0.115 0.118 0.270 0.105 0.117 
419 NS_SS1439    (2)    6 :  0.196 0.222 0.099 0.190 0.100 0.097 0.097 
420 NS_SS1441    (3)    6 :  0.155 0.170 0.059 0.150 0.094 0.185 0.187 
421 NS_SS1420    (2)    6 :  0.146 0.068 0.488 0.070 0.054 0.070 0.104 
422 NS_SS1394    (2)    6 :  0.070 0.275 0.200 0.069 0.125 0.073 0.187 
423 NS_SS1391    (7)    6 :  0.149 0.141 0.065 0.063 0.111 0.207 0.264 
424 NS_SS1410    (5)    6 :  0.178 0.119 0.096 0.118 0.219 0.155 0.114 
425 NS_SS1408    (1)    6 :  0.132 0.175 0.157 0.134 0.239 0.087 0.076 
426 NS_SS1409    (1)    6 :  0.194 0.090 0.059 0.117 0.110 0.186 0.244 
427 HI_SS0617    (1)    7 :  0.304 0.053 0.134 0.079 0.096 0.195 0.139 
428 HI_SS0618    (2)    7 :  0.218 0.180 0.135 0.109 0.090 0.073 0.195 
429 HI_SS0619    (0)    7 :  0.103 0.136 0.110 0.086 0.099 0.176 0.290 
430 HI_SS0620    (1)    7 :  0.238 0.079 0.265 0.060 0.040 0.263 0.055 
431 HI_SS0621    (3)    7 :  0.196 0.127 0.148 0.153 0.164 0.088 0.124 
432 HI_SS0622    (1)    7 :  0.093 0.068 0.183 0.256 0.108 0.158 0.134 
433 HI_SS0626    (0)    7 :  0.058 0.254 0.305 0.060 0.119 0.103 0.101 
434 HI_SS0627    (0)    7 :  0.097 0.184 0.098 0.081 0.321 0.070 0.148 
435 HI_SS0628    (3)    7 :  0.081 0.163 0.109 0.071 0.203 0.242 0.130 
436 HI_SS0629    (1)    7 :  0.130 0.300 0.100 0.123 0.132 0.124 0.092 
437 HI_SS0630    (1)    7 :  0.152 0.186 0.193 0.103 0.068 0.162 0.136 
438 HI_SS0631    (0)    7 :  0.186 0.155 0.215 0.094 0.101 0.167 0.081 
439 HI_SS0632    (0)    7 :  0.074 0.122 0.234 0.190 0.144 0.145 0.092 
440 HI_SS0633    (0)    7 :  0.197 0.081 0.067 0.116 0.061 0.138 0.340 
441 HI_SS0634    (1)    7 :  0.109 0.104 0.207 0.092 0.235 0.158 0.096 
442 HI_SS0635    (0)    7 :  0.065 0.270 0.153 0.153 0.102 0.064 0.192 
443 HI_SS0637    (1)    7 :  0.090 0.141 0.244 0.205 0.135 0.133 0.051 
444 HI_SS0638    (0)    7 :  0.105 0.089 0.147 0.127 0.138 0.185 0.209 
445 HI_SS0639    (1)    7 :  0.175 0.217 0.197 0.124 0.110 0.048 0.129 
446 HI_SS0640    (1)    7 :  0.091 0.299 0.097 0.220 0.069 0.079 0.145 
447 HI_SS0641    (1)    7 :  0.074 0.251 0.219 0.084 0.059 0.191 0.123 
448 HI_SS0642    (0)    7 :  0.125 0.122 0.101 0.087 0.410 0.060 0.095 
449 HI_SS0645    (0)    7 :  0.107 0.080 0.277 0.136 0.074 0.067 0.260 
450 HI_SS0646    (1)    7 :  0.259 0.094 0.082 0.154 0.136 0.109 0.165 
451 HI_SS0647    (1)    7 :  0.059 0.081 0.120 0.127 0.225 0.149 0.238 
452 HI_SS0648    (0)    7 :  0.103 0.154 0.152 0.159 0.103 0.154 0.176 
453 HI_SS0649    (1)    7 :  0.197 0.239 0.082 0.133 0.082 0.088 0.178 
454 HI_SS0650    (1)    7 :  0.263 0.105 0.104 0.068 0.128 0.067 0.265 
455 HI_SS0651    (1)    7 :  0.200 0.255 0.098 0.116 0.080 0.086 0.165 
456 HI_SS0652    (1)    7 :  0.073 0.113 0.396 0.080 0.073 0.072 0.193 
457 NS_SS1371    (3)    7 :  0.301 0.239 0.052 0.069 0.156 0.090 0.094 
458 NS_SS1374    (0)    7 :  0.072 0.105 0.187 0.055 0.224 0.259 0.098 
459 NS_SS1337    (3)    7 :  0.081 0.046 0.331 0.095 0.280 0.073 0.094 
460 NS_SS1385    (5)    7 :  0.177 0.169 0.098 0.147 0.124 0.091 0.195 
461 NS_SS1388    (0)    7 :  0.077 0.234 0.072 0.081 0.105 0.139 0.293 
462 NS_SS1370    (1)    7 :  0.137 0.061 0.527 0.087 0.092 0.051 0.045 
463 NS_SS1389    (3)    7 :  0.065 0.178 0.135 0.064 0.119 0.123 0.315 
464 NS_SS1360    (1)    7 :  0.097 0.330 0.141 0.127 0.075 0.139 0.090 
465 NS_SS1330    (0)    7 :  0.141 0.143 0.229 0.150 0.075 0.074 0.189 
466 NS_SS1328    (8)    7 :  0.155 0.065 0.061 0.120 0.149 0.249 0.201 
467 NS_SS1384    (1)    7 :  0.141 0.351 0.113 0.137 0.138 0.070 0.050 
468 NS_SS1381    (0)    7 :  0.260 0.060 0.100 0.142 0.084 0.055 0.299 
469 NS_SS1375    (1)    7 :  0.169 0.122 0.130 0.049 0.121 0.095 0.314 
470 NS_SS1319   (10)    7 :  0.222 0.129 0.140 0.079 0.220 0.104 0.106 
471 NS_SS1326    (2)    7 :  0.134 0.100 0.065 0.071 0.096 0.323 0.213 
472 NS_SS1341    (1)    7 :  0.096 0.179 0.086 0.145 0.265 0.176 0.053 
473 NS_SS1383    (1)    7 :  0.133 0.178 0.158 0.078 0.329 0.079 0.046 
474 NS_SS1318    (3)    7 :  0.167 0.145 0.225 0.143 0.068 0.099 0.153 
475 NS_SS1348    (2)    7 :  0.129 0.305 0.120 0.122 0.110 0.162 0.051 
476 NS_SS1363    (0)    7 :  0.122 0.088 0.215 0.194 0.127 0.108 0.147 
477 NS_SS1335    (4)    7 :  0.090 0.213 0.141 0.224 0.122 0.150 0.059 
478 NS_SS1358    (0)    7 :  0.145 0.091 0.106 0.250 0.211 0.139 0.058 
479 NS_SS1342    (1)    7 :  0.152 0.103 0.056 0.185 0.273 0.159 0.073 
480 NS_SS1320    (2)    7 :  0.148 0.047 0.055 0.203 0.084 0.044 0.419 
481 NS_SS1355    (1)    7 :  0.104 0.136 0.138 0.315 0.095 0.069 0.144 
482 NS_SS1345    (1)    7 :  0.110 0.085 0.105 0.488 0.073 0.053 0.086 
483 NS_SS1324    (0)    7 :  0.193 0.264 0.096 0.111 0.096 0.151 0.088 
484 NS_SS1347    (5)    7 :  0.289 0.173 0.117 0.119 0.125 0.082 0.094 
485 NS_SS1321    (4)    7 :  0.119 0.102 0.164 0.064 0.260 0.216 0.075 
486 NS_SS1333    (0)    7 :  0.119 0.216 0.081 0.039 0.249 0.187 0.108 
487 NS_SS1364    (1)    7 :  0.043 0.236 0.059 0.275 0.106 0.188 0.093 
488 NS_SS1379    (0)    7 :  0.181 0.118 0.112 0.150 0.127 0.123 0.188 
489 NS_SS1332    (0)    7 :  0.072 0.246 0.057 0.082 0.111 0.280 0.152 
490 NS_SS1338    (5)    7 :  0.124 0.323 0.162 0.072 0.091 0.154 0.074 
491 NS_SS1368    (6)    7 :  0.053 0.107 0.066 0.251 0.166 0.233 0.124 
492 NS_SS1354    (1)    7 :  0.103 0.150 0.113 0.205 0.156 0.118 0.154 
493 NS_SS1365    (0)    7 :  0.116 0.090 0.206 0.163 0.155 0.092 0.177 
494 NS_SS1380    (1)    7 :  0.073 0.099 0.210 0.238 0.124 0.087 0.169 
495 NS_SS1329    (8)    7 :  0.070 0.089 0.051 0.200 0.279 0.220 0.091 
496 NS_SS1362    (0)    7 :  0.149 0.255 0.076 0.138 0.161 0.090 0.132 
497 NS_SS1327    (2)    7 :  0.124 0.234 0.084 0.041 0.098 0.342 0.076 
498 NS_SS1350    (0)    7 :  0.374 0.101 0.089 0.050 0.092 0.118 0.176 
499 NS_SS1387    (2)    7 :  0.103 0.306 0.172 0.096 0.085 0.088 0.150 
500 NS_SS1369    (8)    7 :  0.086 0.045 0.158 0.303 0.109 0.233 0.066 
501 NS_SS1331    (1)    7 :  0.062 0.070 0.190 0.068 0.217 0.203 0.191 
502 NS_SS1357    (4)    7 :  0.300 0.058 0.047 0.089 0.163 0.145 0.199 
503 NS_SS1386    (1)    7 :  0.060 0.083 0.051 0.146 0.262 0.345 0.053 
504 NS_SS1353    (2)    7 :  0.104 0.106 0.085 0.093 0.196 0.132 0.285 
505 NS_SS1323    (0)    7 :  0.083 0.120 0.104 0.207 0.260 0.069 0.156 
506 HI_SS0296    (0)    8 :  0.202 0.064 0.252 0.134 0.060 0.206 0.081 
507 HI_SS0297    (0)    8 :  0.196 0.097 0.078 0.070 0.343 0.070 0.146 
508 HI_SS0299    (0)    8 :  0.130 0.124 0.201 0.201 0.145 0.120 0.078 
509 HI_SS0300    (0)    8 :  0.111 0.102 0.205 0.266 0.078 0.135 0.104 
510 HI_SS0301    (0)    8 :  0.038 0.301 0.265 0.125 0.138 0.076 0.058 
511 HI_SS0302    (0)    8 :  0.100 0.204 0.262 0.131 0.060 0.172 0.072 
512 HI_SS0303    (0)    8 :  0.082 0.150 0.059 0.103 0.078 0.286 0.241 
513 HI_SS0304    (0)    8 :  0.054 0.077 0.169 0.062 0.148 0.208 0.283 
514 HI_SS0306    (5)    8 :  0.068 0.097 0.251 0.116 0.100 0.277 0.091 
515 HI_SS0307    (1)    8 :  0.117 0.157 0.158 0.190 0.122 0.074 0.181 
516 HI_SS0308    (1)    8 :  0.185 0.319 0.088 0.145 0.107 0.073 0.084 
