

----------------------------------------------------
STRUCTURE by Pritchard, Stephens and Donnelly (2000)
     and Falush, Stephens and Pritchard (2003)
       Code by Pritchard, Falush and Hubisz
             Version 2.3.4 (Jul 2012)
----------------------------------------------------



Command line arguments:   /home/genobiwan/Documents/Programs/Structure/structure -m parameter_job_k5_r3 
Input File:    /media/genobiwan/Storage/Projets/Mackerel_NWA_2021/data_job_k5_r3

Run parameters:
   557 individuals
   3930 loci
   5 populations assumed
   100000 Burn-in period
   200000 Reps


--------------------------------------------
Proportion of membership of each pre-defined
 population in each of the 5 clusters

Given    Inferred Clusters                     Number of
 Pop       1      2      3      4      5      Individuals

  1:     0.182  0.203  0.206  0.220  0.189       67
  2:     0.168  0.225  0.180  0.182  0.245       32
  3:     0.187  0.215  0.190  0.221  0.186       92
  4:     0.214  0.187  0.226  0.177  0.196       36
  5:     0.211  0.186  0.184  0.226  0.193       41
  6:     0.210  0.197  0.207  0.189  0.197      158
  7:     0.197  0.206  0.206  0.192  0.198       79
  8:     0.214  0.198  0.194  0.217  0.177       52
--------------------------------------------

Allele-freq. divergence among pops (Net nucleotide distance),
computed using point estimates of P.

      1       2       3       4       5      
 1      -    0.0040  0.0033  0.0036  0.0041  
 2   0.0040     -    0.0030  0.0030  0.0038  
 3   0.0033  0.0030     -    0.0026  0.0033  
 4   0.0036  0.0030  0.0026     -    0.0035  
 5   0.0041  0.0038  0.0033  0.0035     -    

Average distances (expected heterozygosity) between individuals in same cluster:
cluster  1  : 0.3108 
cluster  2  : 0.3111 
cluster  3  : 0.3128 
cluster  4  : 0.3116 
cluster  5  : 0.3130 

--------------------------------------------
Estimated Ln Prob of Data   = -2069896.0
Mean value of ln likelihood = -2061920.7
Variance of ln likelihood   = 15950.6
Mean value of alpha         = 1.8351

Mean value of Fst_1         = 0.0386
Mean value of Fst_2         = 0.0356
Mean value of Fst_3         = 0.0311
Mean value of Fst_4         = 0.0326
Mean value of Fst_5         = 0.0396


Inferred ancestry of individuals:
        Label (%Miss) Pop:  Inferred clusters
  1 NS_SS0963    (4)    1 :  0.112 0.149 0.296 0.291 0.151 
  2 NS_SS0983    (1)    1 :  0.372 0.106 0.166 0.225 0.132 
  3 NS_SS0719    (8)    1 :  0.186 0.230 0.281 0.138 0.165 
  4 NS_SS1001    (8)    1 :  0.116 0.268 0.082 0.219 0.315 
  5 NS_SS0936    (4)    1 :  0.105 0.096 0.259 0.267 0.273 
  6 NS_SS0955    (5)    1 :  0.253 0.148 0.178 0.306 0.114 
  7 NS_SS0944    (3)    1 :  0.208 0.154 0.121 0.331 0.186 
  8 NS_SS0945    (3)    1 :  0.234 0.166 0.159 0.193 0.248 
  9 NS_SS0922    (2)    1 :  0.098 0.234 0.209 0.135 0.324 
 10 NS_SS0929    (7)    1 :  0.259 0.146 0.220 0.241 0.133 
 11 NS_SS0956    (2)    1 :  0.099 0.441 0.116 0.153 0.192 
 12 NS_SS0906    (3)    1 :  0.214 0.142 0.174 0.340 0.130 
 13 NS_SS0721    (6)    1 :  0.172 0.366 0.194 0.133 0.136 
 14 NS_SS0982    (4)    1 :  0.127 0.217 0.263 0.266 0.128 
 15 NS_SS0923    (5)    1 :  0.140 0.227 0.190 0.241 0.203 
 16 NS_SS0905    (6)    1 :  0.178 0.246 0.142 0.253 0.181 
 17 NS_SS0925    (3)    1 :  0.085 0.187 0.137 0.329 0.262 
 18 NS_SS0947    (5)    1 :  0.136 0.143 0.201 0.260 0.261 
 19 NS_SS0926    (2)    1 :  0.325 0.125 0.330 0.149 0.070 
 20 NS_SS0918    (6)    1 :  0.096 0.192 0.159 0.454 0.099 
 21 NS_SS0966    (4)    1 :  0.129 0.152 0.235 0.318 0.167 
 22 NS_SS0938    (2)    1 :  0.104 0.124 0.384 0.126 0.262 
 23 NS_SS0917    (2)    1 :  0.280 0.174 0.275 0.081 0.191 
 24 NS_SS0957   (11)    1 :  0.158 0.381 0.170 0.177 0.114 
 25 NS_SS0987    (1)    1 :  0.167 0.439 0.132 0.187 0.076 
 26 NS_SS0717    (4)    1 :  0.111 0.297 0.089 0.220 0.283 
 27 NS_SS0986    (2)    1 :  0.232 0.265 0.214 0.211 0.078 
 28 NS_SS0953    (4)    1 :  0.108 0.179 0.079 0.375 0.260 
 29 NS_SS0907    (3)    1 :  0.176 0.099 0.168 0.426 0.131 
 30 NS_SS0974    (6)    1 :  0.189 0.106 0.164 0.251 0.291 
 31 NS_SS0989    (1)    1 :  0.341 0.104 0.275 0.079 0.201 
 32 NS_SS0991    (2)    1 :  0.234 0.221 0.090 0.389 0.066 
 33 NS_SS0994    (2)    1 :  0.464 0.082 0.111 0.108 0.235 
 34 NS_SS0931    (6)    1 :  0.305 0.182 0.206 0.235 0.072 
 35 NS_SS1000    (5)    1 :  0.119 0.166 0.195 0.241 0.278 
 36 NS_SS0919    (1)    1 :  0.194 0.085 0.388 0.244 0.088 
 37 NS_SS0949    (3)    1 :  0.294 0.148 0.226 0.118 0.214 
 38 NS_SS0960   (10)    1 :  0.245 0.232 0.183 0.220 0.119 
 39 NS_SS0716    (2)    1 :  0.115 0.486 0.128 0.079 0.191 
 40 NS_SS0924    (8)    1 :  0.220 0.180 0.207 0.272 0.121 
 41 NS_SS0935    (1)    1 :  0.321 0.248 0.098 0.200 0.133 
 42 NS_SS0952   (13)    1 :  0.284 0.111 0.193 0.292 0.120 
 43 NS_SS0962   (10)    1 :  0.107 0.201 0.370 0.134 0.188 
 44 NS_SS0973    (5)    1 :  0.146 0.132 0.145 0.356 0.221 
 45 NS_SS0722    (1)    1 :  0.078 0.136 0.082 0.287 0.418 
 46 NS_SS0979   (13)    1 :  0.113 0.285 0.242 0.233 0.128 
 47 NS_SS0993    (2)    1 :  0.079 0.172 0.167 0.318 0.264 
 48 NS_SS0958    (1)    1 :  0.301 0.181 0.159 0.181 0.178 
 49 NS_SS0988    (4)    1 :  0.194 0.149 0.347 0.230 0.079 
 50 NS_SS1003    (2)    1 :  0.066 0.257 0.451 0.154 0.071 
 51 NS_SS0976    (0)    1 :  0.287 0.121 0.250 0.241 0.103 
 52 NS_SS0964   (10)    1 :  0.099 0.294 0.089 0.152 0.366 
 53 NS_SS0939    (4)    1 :  0.089 0.456 0.170 0.063 0.222 
 54 NS_SS0990    (6)    1 :  0.252 0.239 0.287 0.084 0.137 
 55 NS_SS0984    (2)    1 :  0.091 0.223 0.205 0.165 0.316 
 56 NS_SS0980    (9)    1 :  0.104 0.093 0.140 0.290 0.372 
 57 NS_SS0978    (4)    1 :  0.137 0.122 0.241 0.199 0.300 
 58 NS_SS0951   (17)    1 :  0.222 0.310 0.092 0.292 0.083 
 59 NS_SS0913    (3)    1 :  0.131 0.357 0.126 0.166 0.220 
 60 NS_SS1002    (1)    1 :  0.075 0.081 0.509 0.227 0.107 
 61 NS_SS0948    (1)    1 :  0.200 0.170 0.204 0.313 0.113 
 62 NS_SS0916    (4)    1 :  0.196 0.164 0.233 0.090 0.317 
 63 NS_SS0995    (1)    1 :  0.130 0.250 0.203 0.116 0.301 
 64 NS_SS0927    (6)    1 :  0.257 0.121 0.257 0.110 0.254 
 65 NS_SS0992    (5)    1 :  0.201 0.102 0.247 0.132 0.317 
 66 NS_SS0912    (1)    1 :  0.230 0.314 0.202 0.172 0.082 
 67 NS_SS0981    (1)    1 :  0.110 0.237 0.291 0.280 0.082 
 68 NS_SS0729    (5)    2 :  0.346 0.058 0.119 0.208 0.269 
 69 NS_SS0967   (14)    2 :  0.111 0.118 0.329 0.281 0.162 
 70 NS_SS0941    (7)    2 :  0.143 0.209 0.194 0.127 0.327 
 71 NS_SS0768   (12)    2 :  0.151 0.295 0.181 0.231 0.141 
 72 NS_SS0726    (4)    2 :  0.235 0.068 0.253 0.137 0.307 
 73 NS_SS0763    (4)    2 :  0.286 0.131 0.157 0.189 0.237 
 74 NS_SS0730    (6)    2 :  0.120 0.268 0.271 0.131 0.210 
 75 NS_SS0774    (1)    2 :  0.089 0.167 0.181 0.215 0.349 
 76 NS_SS0723    (3)    2 :  0.068 0.196 0.278 0.232 0.225 
 77 NS_SS0940    (9)    2 :  0.226 0.223 0.207 0.098 0.246 
 78 NS_SS0762    (1)    2 :  0.069 0.253 0.097 0.186 0.395 
 79 NS_SS0766   (11)    2 :  0.198 0.286 0.113 0.087 0.315 
 80 NS_SS0724    (1)    2 :  0.112 0.275 0.107 0.306 0.201 
 81 NS_SS0769    (3)    2 :  0.163 0.218 0.308 0.165 0.146 
 82 NS_SS0777    (2)    2 :  0.266 0.196 0.204 0.246 0.088 
 83 NS_SS0734    (6)    2 :  0.207 0.306 0.155 0.131 0.201 
 84 NS_SS0737    (3)    2 :  0.082 0.184 0.142 0.112 0.480 
 85 NS_SS0732    (5)    2 :  0.103 0.403 0.121 0.238 0.135 
 86 NS_SS0728    (5)    2 :  0.158 0.232 0.138 0.151 0.322 
 87 NS_SS0735    (9)    2 :  0.120 0.218 0.072 0.226 0.364 
 88 NS_SS0725    (1)    2 :  0.124 0.195 0.194 0.144 0.344 
 89 NS_SS0788    (2)    2 :  0.151 0.164 0.416 0.125 0.144 
 90 NS_SS0778    (2)    2 :  0.226 0.190 0.326 0.156 0.102 
 91 NS_SS0792    (6)    2 :  0.212 0.285 0.126 0.194 0.183 
 92 NS_SS0943   (11)    2 :  0.293 0.140 0.099 0.359 0.110 
 93 NS_SS0791    (2)    2 :  0.237 0.279 0.128 0.086 0.270 
 94 NS_SS0790    (5)    2 :  0.056 0.365 0.112 0.302 0.165 
 95 NS_SS0731    (6)    2 :  0.120 0.424 0.131 0.174 0.151 
 96 NS_SS0727    (6)    2 :  0.277 0.107 0.066 0.119 0.432 
 97 NS_SS0779   (12)    2 :  0.172 0.216 0.209 0.229 0.173 
 98 NS_SS0776    (3)    2 :  0.175 0.214 0.188 0.138 0.285 
 99 NS_SS0775    (5)    2 :  0.088 0.311 0.128 0.113 0.360 
100 NS_SS0965    (3)    3 :  0.135 0.283 0.215 0.258 0.108 
101 NS_SS0754   (13)    3 :  0.287 0.264 0.150 0.146 0.154 
102 NS_SS0838    (5)    3 :  0.202 0.161 0.222 0.213 0.202 
103 NS_SS0839    (3)    3 :  0.083 0.273 0.214 0.163 0.267 
104 NS_SS0832    (4)    3 :  0.063 0.241 0.182 0.366 0.148 
105 NS_SS0820    (4)    3 :  0.079 0.256 0.308 0.200 0.157 
106 NS_SS0886    (9)    3 :  0.259 0.251 0.201 0.139 0.149 
107 NS_SS0748    (5)    3 :  0.223 0.164 0.199 0.318 0.096 
108 NS_SS0884    (9)    3 :  0.183 0.180 0.177 0.231 0.228 
109 NS_SS0752    (3)    3 :  0.141 0.160 0.182 0.197 0.321 
110 NS_SS0862    (1)    3 :  0.093 0.381 0.123 0.248 0.155 
111 NS_SS0787    (9)    3 :  0.477 0.135 0.145 0.141 0.102 
112 NS_SS0843    (6)    3 :  0.161 0.199 0.146 0.250 0.245 
113 NS_SS0856    (4)    3 :  0.166 0.165 0.249 0.071 0.349 
114 NS_SS0846    (2)    3 :  0.183 0.063 0.244 0.301 0.209 
115 NS_SS0825    (1)    3 :  0.171 0.198 0.367 0.169 0.095 
116 NS_SS0757    (3)    3 :  0.231 0.243 0.138 0.260 0.127 
117 NS_SS0876    (3)    3 :  0.148 0.186 0.143 0.233 0.290 
118 NS_SS0903    (9)    3 :  0.079 0.095 0.178 0.298 0.350 
119 NS_SS0875    (7)    3 :  0.168 0.285 0.251 0.146 0.150 
120 NS_SS0740    (5)    3 :  0.164 0.188 0.130 0.275 0.244 
121 NS_SS0811    (5)    3 :  0.099 0.486 0.096 0.202 0.116 
122 NS_SS0751    (1)    3 :  0.132 0.208 0.314 0.107 0.239 
123 NS_SS0891    (6)    3 :  0.161 0.213 0.219 0.140 0.267 
124 NS_SS0867    (2)    3 :  0.194 0.132 0.188 0.404 0.083 
125 NS_SS0890    (6)    3 :  0.166 0.184 0.220 0.229 0.201 
126 NS_SS0866   (11)    3 :  0.445 0.116 0.135 0.111 0.192 
127 NS_SS0755    (4)    3 :  0.155 0.255 0.191 0.263 0.135 
128 NS_SS0758    (4)    3 :  0.174 0.134 0.163 0.213 0.316 
129 NS_SS0840    (2)    3 :  0.066 0.230 0.265 0.272 0.166 
130 NS_SS0889    (4)    3 :  0.352 0.248 0.119 0.174 0.108 
131 NS_SS1010    (1)    3 :  0.154 0.175 0.358 0.189 0.123 
132 NS_SS0888    (5)    3 :  0.377 0.153 0.081 0.095 0.294 
133 NS_SS0837    (3)    3 :  0.105 0.331 0.132 0.322 0.110 
134 NS_SS0794    (9)    3 :  0.334 0.175 0.086 0.122 0.283 
135 NS_SS0823    (4)    3 :  0.091 0.115 0.166 0.357 0.271 
136 NS_SS0829    (7)    3 :  0.387 0.189 0.090 0.269 0.066 
137 NS_SS0844    (5)    3 :  0.065 0.112 0.122 0.568 0.133 
138 NS_SS1008    (5)    3 :  0.299 0.192 0.089 0.141 0.279 
139 NS_SS0881    (3)    3 :  0.209 0.183 0.383 0.108 0.116 
140 NS_SS0834    (6)    3 :  0.092 0.146 0.210 0.146 0.406 
141 NS_SS0744   (10)    3 :  0.174 0.166 0.254 0.209 0.196 
142 NS_SS0899    (7)    3 :  0.089 0.416 0.094 0.277 0.124 
143 NS_SS0804    (4)    3 :  0.069 0.271 0.211 0.265 0.184 
144 NS_SS0781   (10)    3 :  0.081 0.165 0.309 0.277 0.168 
145 NS_SS0822    (6)    3 :  0.205 0.130 0.087 0.293 0.284 
146 NS_SS1004    (4)    3 :  0.130 0.165 0.198 0.347 0.160 
147 NS_SS0746    (5)    3 :  0.187 0.093 0.161 0.385 0.175 
148 NS_SS0880    (3)    3 :  0.116 0.170 0.209 0.320 0.184 
149 NS_SS0879    (4)    3 :  0.147 0.219 0.133 0.218 0.284 
150 NS_SS0753    (2)    3 :  0.260 0.236 0.109 0.288 0.108 
151 NS_SS1007    (2)    3 :  0.136 0.113 0.298 0.077 0.376 
152 NS_SS0872    (5)    3 :  0.117 0.200 0.241 0.206 0.236 
153 NS_SS1005    (7)    3 :  0.111 0.127 0.230 0.362 0.170 
154 NS_SS0892    (6)    3 :  0.185 0.219 0.198 0.193 0.204 
155 NS_SS0898    (0)    3 :  0.249 0.235 0.173 0.208 0.134 
156 NS_SS0801    (9)    3 :  0.173 0.267 0.146 0.303 0.111 
157 NS_SS0827    (8)    3 :  0.216 0.350 0.201 0.157 0.076 
158 NS_SS0853    (6)    3 :  0.239 0.432 0.092 0.151 0.086 
159 NS_SS0780    (2)    3 :  0.123 0.252 0.291 0.153 0.181 
160 NS_SS0826   (10)    3 :  0.151 0.095 0.370 0.313 0.070 
161 NS_SS0818    (5)    3 :  0.073 0.259 0.248 0.169 0.250 
162 NS_SS0745    (1)    3 :  0.080 0.418 0.130 0.070 0.302 
163 NS_SS0849    (3)    3 :  0.119 0.422 0.176 0.220 0.063 
164 NS_SS0739    (3)    3 :  0.158 0.284 0.311 0.080 0.167 
165 NS_SS0799    (1)    3 :  0.251 0.184 0.084 0.188 0.293 
166 NS_SS0756    (2)    3 :  0.088 0.181 0.258 0.365 0.107 
167 NS_SS0802    (2)    3 :  0.206 0.091 0.349 0.136 0.218 
168 NS_SS0747    (6)    3 :  0.160 0.132 0.253 0.287 0.168 
169 NS_SS0835    (1)    3 :  0.385 0.091 0.232 0.132 0.160 
170 NS_SS0742   (18)    3 :  0.116 0.190 0.264 0.239 0.191 
171 NS_SS0760    (9)    3 :  0.394 0.130 0.142 0.175 0.159 
172 NS_SS0803    (4)    3 :  0.074 0.097 0.078 0.476 0.274 
173 NS_SS0828   (13)    3 :  0.190 0.340 0.139 0.187 0.143 
174 NS_SS0865    (2)    3 :  0.176 0.235 0.316 0.189 0.083 
175 NS_SS0759    (4)    3 :  0.088 0.273 0.187 0.190 0.261 
176 NS_SS0851    (5)    3 :  0.112 0.531 0.124 0.139 0.095 
177 NS_SS0874   (16)    3 :  0.102 0.135 0.120 0.469 0.175 
178 NS_SS0761    (6)    3 :  0.346 0.184 0.152 0.238 0.081 
179 NS_SS0842   (25)    3 :  0.260 0.206 0.161 0.199 0.173 
180 NS_SS0785    (6)    3 :  0.239 0.163 0.149 0.276 0.172 
181 NS_SS0860   (11)    3 :  0.392 0.097 0.192 0.173 0.146 
182 NS_SS0897    (7)    3 :  0.456 0.198 0.097 0.114 0.135 
183 NS_SS0841   (14)    3 :  0.091 0.371 0.139 0.212 0.187 
184 NS_SS0797    (6)    3 :  0.261 0.277 0.198 0.185 0.080 
185 NS_SS0830   (10)    3 :  0.180 0.255 0.242 0.191 0.133 
186 NS_SS1011    (5)    3 :  0.094 0.159 0.364 0.250 0.132 
187 NS_SS0883    (5)    3 :  0.222 0.326 0.134 0.189 0.130 
188 NS_SS0782    (2)    3 :  0.215 0.157 0.108 0.152 0.368 
189 NS_SS0831    (5)    3 :  0.354 0.309 0.090 0.153 0.093 
190 NS_SS0749    (7)    3 :  0.201 0.302 0.168 0.122 0.207 
191 NS_SS0854    (2)    3 :  0.201 0.138 0.116 0.145 0.399 
192 HI_SS0193    (0)    4 :  0.283 0.223 0.126 0.105 0.264 
193 HI_SS0194    (0)    4 :  0.125 0.126 0.237 0.159 0.353 
194 HI_SS0195    (9)    4 :  0.073 0.425 0.243 0.104 0.155 
195 HI_SS0196    (6)    4 :  0.204 0.160 0.128 0.144 0.364 
196 HI_SS0197    (3)    4 :  0.105 0.073 0.618 0.089 0.114 
197 HI_SS0198    (1)    4 :  0.231 0.313 0.164 0.147 0.146 
198 HI_SS0199    (1)    4 :  0.265 0.122 0.118 0.120 0.375 
199 HI_SS0201    (4)    4 :  0.373 0.166 0.137 0.255 0.069 
200 HI_SS0215    (1)    4 :  0.362 0.151 0.216 0.199 0.072 
201 HI_SS0218    (1)    4 :  0.430 0.219 0.077 0.081 0.193 
202 HI_SS0222    (0)    4 :  0.182 0.280 0.234 0.087 0.217 
203 HI_SS0230    (1)    4 :  0.134 0.202 0.353 0.222 0.089 
204 HI_SS0234    (1)    4 :  0.156 0.067 0.298 0.142 0.337 
205 HI_SS0240    (1)    4 :  0.140 0.183 0.146 0.094 0.437 
206 HI_SS0241    (0)    4 :  0.326 0.154 0.193 0.186 0.141 
207 HI_SS0242    (0)    4 :  0.210 0.192 0.147 0.276 0.175 
208 HI_SS0247    (0)    4 :  0.138 0.166 0.168 0.442 0.087 
209 HI_SS0248    (1)    4 :  0.299 0.087 0.065 0.225 0.324 
210 HI_SS0252    (2)    4 :  0.116 0.227 0.080 0.248 0.330 
211 HI_SS0254    (1)    4 :  0.190 0.096 0.378 0.193 0.143 
212 HI_SS0256    (0)    4 :  0.041 0.204 0.249 0.258 0.248 
213 HI_SS0257    (0)    4 :  0.300 0.052 0.200 0.267 0.181 
214 HI_SS0258    (1)    4 :  0.331 0.187 0.124 0.200 0.158 
215 HI_SS0259    (1)    4 :  0.123 0.176 0.359 0.105 0.236 
216 HI_SS0260    (1)    4 :  0.335 0.152 0.135 0.119 0.258 
217 HI_SS0261    (2)    4 :  0.207 0.082 0.303 0.232 0.175 
218 HI_SS0262    (0)    4 :  0.139 0.329 0.210 0.132 0.190 
219 HI_SS0264    (1)    4 :  0.130 0.274 0.292 0.190 0.114 
220 HI_SS0265    (0)    4 :  0.125 0.256 0.353 0.141 0.124 
221 HI_SS0268    (1)    4 :  0.210 0.261 0.338 0.069 0.122 
222 HI_SS0269    (1)    4 :  0.392 0.059 0.234 0.136 0.179 
223 HI_SS0273    (0)    4 :  0.283 0.124 0.215 0.254 0.125 
224 HI_SS0277    (1)    4 :  0.100 0.117 0.535 0.172 0.077 
225 HI_SS0280    (0)    4 :  0.174 0.389 0.168 0.095 0.175 
226 HI_SS0282    (1)    4 :  0.237 0.152 0.114 0.327 0.170 
227 HI_SS0286    (1)    4 :  0.234 0.272 0.198 0.146 0.151 
228 NS_SS1252    (3)    5 :  0.465 0.116 0.091 0.181 0.146 
229 NS_SS1261    (1)    5 :  0.183 0.172 0.248 0.212 0.185 
230 NS_SS1225    (9)    5 :  0.233 0.099 0.150 0.419 0.100 
231 NS_SS1266    (1)    5 :  0.070 0.160 0.138 0.487 0.146 
232 NS_SS1228    (0)    5 :  0.125 0.466 0.165 0.111 0.133 
233 NS_SS1255    (2)    5 :  0.150 0.121 0.102 0.138 0.489 
234 NS_SS1267    (3)    5 :  0.503 0.164 0.145 0.074 0.114 
235 NS_SS1238    (6)    5 :  0.199 0.256 0.295 0.124 0.125 
236 NS_SS1233    (8)    5 :  0.101 0.170 0.113 0.530 0.086 
237 NS_SS1277    (3)    5 :  0.306 0.197 0.112 0.079 0.306 
238 NS_SS1245    (1)    5 :  0.210 0.091 0.144 0.361 0.194 
239 NS_SS1240    (4)    5 :  0.489 0.072 0.188 0.107 0.144 
240 NS_SS1275    (2)    5 :  0.068 0.230 0.406 0.164 0.132 
241 NS_SS1235    (1)    5 :  0.131 0.059 0.166 0.241 0.402 
242 NS_SS1263    (1)    5 :  0.092 0.151 0.097 0.372 0.287 
243 NS_SS1251    (1)    5 :  0.109 0.122 0.197 0.386 0.186 
244 NS_SS1248    (0)    5 :  0.183 0.497 0.146 0.118 0.057 
245 NS_SS1244    (0)    5 :  0.156 0.117 0.391 0.240 0.096 
246 NS_SS1257    (0)    5 :  0.340 0.146 0.143 0.147 0.224 
247 NS_SS1242    (2)    5 :  0.113 0.231 0.183 0.213 0.259 
248 NS_SS1271    (6)    5 :  0.448 0.154 0.147 0.106 0.146 
249 NS_SS1265    (1)    5 :  0.359 0.126 0.200 0.200 0.116 
250 NS_SS1243    (0)    5 :  0.148 0.359 0.085 0.165 0.244 
251 NS_SS1273    (1)    5 :  0.081 0.261 0.192 0.189 0.277 
252 NS_SS1254   (14)    5 :  0.116 0.180 0.117 0.421 0.166 
253 NS_SS1224    (1)    5 :  0.100 0.302 0.133 0.311 0.154 
254 NS_SS1227    (8)    5 :  0.275 0.097 0.320 0.117 0.191 
255 NS_SS1274    (8)    5 :  0.282 0.205 0.118 0.168 0.227 
256 NS_SS1241    (1)    5 :  0.246 0.169 0.164 0.270 0.151 
257 NS_SS1256    (3)    5 :  0.204 0.085 0.228 0.363 0.119 
258 NS_SS1260    (8)    5 :  0.341 0.123 0.139 0.161 0.236 
259 NS_SS1262    (0)    5 :  0.237 0.165 0.197 0.295 0.106 
260 NS_SS1230    (0)    5 :  0.253 0.201 0.163 0.201 0.181 
261 NS_SS1270    (2)    5 :  0.117 0.280 0.162 0.366 0.075 
262 NS_SS1229    (2)    5 :  0.086 0.055 0.283 0.150 0.427 
263 NS_SS1246    (5)    5 :  0.263 0.090 0.279 0.106 0.261 
264 NS_SS1269    (0)    5 :  0.147 0.252 0.178 0.201 0.221 
265 NS_SS1239    (1)    5 :  0.095 0.320 0.111 0.110 0.364 
266 NS_SS1272    (4)    5 :  0.115 0.089 0.539 0.166 0.092 
267 NS_SS1268    (1)    5 :  0.095 0.377 0.086 0.349 0.093 
268 NS_SS1249    (0)    5 :  0.432 0.096 0.086 0.131 0.255 
269 HI_SS0559    (0)    6 :  0.203 0.264 0.080 0.219 0.233 
270 HI_SS0563    (1)    6 :  0.170 0.175 0.217 0.248 0.191 
271 HI_SS0564    (0)    6 :  0.143 0.194 0.250 0.231 0.182 
272 HI_SS0565    (0)    6 :  0.226 0.106 0.343 0.212 0.113 
273 HI_SS0569    (0)    6 :  0.284 0.116 0.155 0.390 0.054 
274 HI_SS0570    (0)    6 :  0.366 0.212 0.176 0.082 0.164 
275 HI_SS0572    (1)    6 :  0.100 0.113 0.171 0.186 0.431 
276 HI_SS0576    (0)    6 :  0.110 0.377 0.191 0.135 0.188 
277 HI_SS0579    (1)    6 :  0.193 0.086 0.083 0.448 0.190 
278 HI_SS0580    (1)    6 :  0.294 0.216 0.094 0.129 0.267 
279 HI_SS0581    (0)    6 :  0.080 0.284 0.397 0.113 0.126 
280 HI_SS0583    (1)    6 :  0.357 0.091 0.132 0.195 0.225 
281 HI_SS0586    (1)    6 :  0.451 0.244 0.120 0.109 0.076 
282 HI_SS0588    (1)    6 :  0.287 0.142 0.110 0.292 0.169 
283 HI_SS0595    (4)    6 :  0.247 0.094 0.405 0.116 0.138 
284 HI_SS0596    (0)    6 :  0.088 0.160 0.100 0.174 0.478 
285 HI_SS0597    (1)    6 :  0.119 0.117 0.265 0.207 0.293 
286 HI_SS0600    (0)    6 :  0.237 0.162 0.287 0.120 0.193 
287 HI_SS0601    (1)    6 :  0.177 0.162 0.247 0.332 0.082 
288 HI_SS0602    (1)    6 :  0.303 0.340 0.104 0.109 0.145 
289 HI_SS0604    (0)    6 :  0.172 0.214 0.092 0.315 0.207 
290 HI_SS0605    (1)    6 :  0.247 0.306 0.105 0.152 0.190 
291 HI_SS0608    (0)    6 :  0.176 0.333 0.160 0.120 0.212 
292 HI_SS0609    (0)    6 :  0.095 0.116 0.213 0.385 0.192 
293 HI_SS0611    (5)    6 :  0.365 0.302 0.097 0.117 0.120 
294 HI_SS0612    (1)    6 :  0.148 0.053 0.118 0.436 0.245 
295 HI_SS0613    (1)    6 :  0.186 0.438 0.103 0.186 0.088 
296 HI_SS0615    (0)    6 :  0.074 0.253 0.224 0.119 0.331 
297 HI_SS0001    (1)    6 :  0.232 0.111 0.214 0.120 0.323 
298 HI_SS0002    (1)    6 :  0.088 0.137 0.242 0.318 0.214 
299 HI_SS0004    (0)    6 :  0.316 0.213 0.121 0.099 0.251 
300 HI_SS0005    (1)    6 :  0.149 0.438 0.217 0.107 0.088 
301 HI_SS0006    (1)    6 :  0.279 0.084 0.206 0.297 0.133 
302 HI_SS0007    (1)    6 :  0.278 0.413 0.065 0.097 0.146 
303 HI_SS0008    (0)    6 :  0.145 0.214 0.324 0.199 0.118 
304 HI_SS0009    (0)    6 :  0.095 0.358 0.080 0.151 0.316 
305 HI_SS0010    (1)    6 :  0.226 0.282 0.211 0.173 0.109 
306 HI_SS0011    (1)    6 :  0.109 0.168 0.261 0.397 0.066 
307 HI_SS0012    (0)    6 :  0.075 0.190 0.362 0.135 0.238 
308 HI_SS0017    (1)    6 :  0.127 0.168 0.159 0.128 0.417 
309 HI_SS0021    (1)    6 :  0.310 0.166 0.292 0.131 0.101 
310 HI_SS0024    (1)    6 :  0.107 0.290 0.295 0.092 0.216 
311 HI_SS0025    (1)    6 :  0.116 0.265 0.098 0.205 0.316 
312 HI_SS0027    (0)    6 :  0.269 0.216 0.086 0.275 0.154 
313 HI_SS0028    (0)    6 :  0.062 0.372 0.375 0.096 0.095 
314 HI_SS0029    (1)    6 :  0.205 0.250 0.226 0.073 0.246 
315 HI_SS0030    (2)    6 :  0.207 0.184 0.191 0.184 0.234 
316 HI_SS0031    (0)    6 :  0.119 0.099 0.352 0.198 0.232 
317 HI_SS0034    (0)    6 :  0.328 0.091 0.104 0.283 0.194 
318 HI_SS0036    (0)    6 :  0.359 0.207 0.280 0.051 0.102 
319 HI_SS0037    (1)    6 :  0.394 0.253 0.100 0.169 0.084 
320 HI_SS0039    (0)    6 :  0.284 0.364 0.164 0.105 0.083 
321 HI_SS0041    (1)    6 :  0.109 0.401 0.168 0.103 0.219 
322 HI_SS0042    (1)    6 :  0.103 0.223 0.290 0.180 0.203 
323 HI_SS0043    (1)    6 :  0.445 0.127 0.230 0.110 0.088 
324 HI_SS0044    (1)    6 :  0.263 0.172 0.128 0.067 0.371 
325 HI_SS0047    (1)    6 :  0.118 0.213 0.164 0.222 0.283 
326 HI_SS0049    (0)    6 :  0.134 0.166 0.111 0.242 0.347 
327 HI_SS0051    (1)    6 :  0.147 0.328 0.109 0.303 0.113 
328 HI_SS0053    (1)    6 :  0.351 0.090 0.276 0.156 0.126 
329 HI_SS0054    (4)    6 :  0.313 0.155 0.120 0.343 0.069 
330 HI_SS0057    (0)    6 :  0.147 0.310 0.220 0.195 0.129 
331 HI_SS0058    (0)    6 :  0.327 0.173 0.101 0.222 0.177 
332 HI_SS0060    (0)    6 :  0.153 0.256 0.305 0.185 0.102 
333 HI_SS0087    (1)    6 :  0.211 0.098 0.275 0.246 0.169 
334 HI_SS0091    (0)    6 :  0.404 0.067 0.276 0.150 0.102 
335 HI_SS0095    (1)    6 :  0.208 0.132 0.261 0.199 0.200 
336 HI_SS0097    (3)    6 :  0.103 0.101 0.150 0.500 0.145 
337 HI_SS0099    (0)    6 :  0.172 0.299 0.164 0.135 0.230 
338 HI_SS0103    (0)    6 :  0.150 0.109 0.232 0.165 0.343 
339 HI_SS0105    (1)    6 :  0.148 0.154 0.363 0.240 0.095 
340 HI_SS0107    (1)    6 :  0.075 0.130 0.190 0.184 0.422 
341 HI_SS0108    (1)    6 :  0.498 0.106 0.119 0.148 0.129 
342 HI_SS0110    (0)    6 :  0.190 0.091 0.410 0.107 0.202 
343 HI_SS0111    (1)    6 :  0.171 0.203 0.306 0.111 0.209 
344 HI_SS0112    (0)    6 :  0.441 0.133 0.161 0.113 0.152 
345 HI_SS0113    (1)    6 :  0.099 0.188 0.274 0.197 0.243 
346 HI_SS0114    (1)    6 :  0.323 0.236 0.133 0.221 0.087 
347 HI_SS0115    (1)    6 :  0.186 0.192 0.074 0.193 0.356 
348 HI_SS0116    (4)    6 :  0.327 0.110 0.113 0.115 0.335 
349 HI_SS0117    (0)    6 :  0.243 0.071 0.320 0.261 0.104 
350 HI_SS0118    (0)    6 :  0.296 0.107 0.207 0.222 0.168 
351 HI_SS0119    (1)    6 :  0.230 0.116 0.372 0.184 0.098 
352 HI_SS0120    (1)    6 :  0.079 0.092 0.317 0.127 0.385 
353 HI_SS0121    (1)    6 :  0.081 0.240 0.438 0.185 0.056 
354 HI_SS0122    (2)    6 :  0.198 0.216 0.305 0.141 0.140 
355 HI_SS0123    (0)    6 :  0.178 0.096 0.300 0.250 0.175 
356 HI_SS0124    (1)    6 :  0.078 0.288 0.118 0.118 0.398 
357 HI_SS0125    (1)    6 :  0.080 0.313 0.258 0.126 0.222 
358 HI_SS0126    (0)    6 :  0.373 0.136 0.135 0.109 0.246 
359 HI_SS0127    (0)    6 :  0.153 0.357 0.111 0.288 0.090 
360 HI_SS0128    (0)    6 :  0.151 0.104 0.215 0.212 0.318 
361 HI_SS0129    (1)    6 :  0.315 0.179 0.191 0.107 0.208 
362 HI_SS0131    (2)    6 :  0.271 0.275 0.126 0.262 0.066 
363 HI_SS0132    (0)    6 :  0.163 0.190 0.357 0.191 0.099 
364 HI_SS0133    (1)    6 :  0.470 0.137 0.122 0.101 0.170 
365 HI_SS0134    (1)    6 :  0.213 0.143 0.190 0.263 0.191 
366 HI_SS0142    (3)    6 :  0.146 0.154 0.294 0.287 0.118 
367 HI_SS0145    (0)    6 :  0.219 0.094 0.121 0.324 0.241 
368 HI_SS0146    (1)    6 :  0.239 0.182 0.114 0.270 0.196 
369 HI_SS0147    (1)    6 :  0.109 0.393 0.148 0.248 0.101 
370 HI_SS0149    (1)    6 :  0.166 0.097 0.490 0.177 0.070 
371 HI_SS0150    (2)    6 :  0.096 0.318 0.191 0.168 0.227 
372 HI_SS0151    (0)    6 :  0.181 0.193 0.079 0.151 0.395 
373 NS_SS1451    (1)    6 :  0.083 0.321 0.201 0.114 0.282 
374 NS_SS1404    (0)    6 :  0.167 0.415 0.168 0.127 0.124 
375 NS_SS1432    (2)    6 :  0.078 0.180 0.433 0.061 0.247 
376 NS_SS1405    (4)    6 :  0.200 0.209 0.153 0.135 0.303 
377 NS_SS1431   (10)    6 :  0.082 0.184 0.380 0.128 0.226 
378 NS_SS1402    (3)    6 :  0.209 0.119 0.279 0.187 0.206 
379 NS_SS1450    (3)    6 :  0.293 0.185 0.127 0.113 0.282 
380 NS_SS1396    (0)    6 :  0.169 0.244 0.240 0.182 0.165 
381 NS_SS1393    (5)    6 :  0.244 0.200 0.186 0.132 0.238 
382 NS_SS1392   (10)    6 :  0.126 0.296 0.129 0.074 0.375 
383 NS_SS1445    (0)    6 :  0.303 0.131 0.216 0.268 0.082 
384 NS_SS1423    (0)    6 :  0.205 0.090 0.322 0.124 0.259 
385 NS_SS1421    (9)    6 :  0.212 0.130 0.281 0.205 0.172 
386 NS_SS1411    (6)    6 :  0.321 0.373 0.084 0.114 0.108 
387 NS_SS1453    (5)    6 :  0.273 0.151 0.346 0.108 0.122 
388 NS_SS1442    (2)    6 :  0.157 0.148 0.123 0.384 0.188 
389 NS_SS1422    (1)    6 :  0.139 0.097 0.153 0.307 0.303 
390 NS_SS1419    (1)    6 :  0.133 0.270 0.097 0.417 0.082 
391 NS_SS1427    (0)    6 :  0.415 0.088 0.129 0.059 0.309 
392 NS_SS1444    (3)    6 :  0.125 0.321 0.112 0.275 0.167 
393 NS_SS1455    (0)    6 :  0.084 0.125 0.177 0.296 0.317 
394 NS_SS1425    (2)    6 :  0.406 0.124 0.147 0.226 0.097 
395 NS_SS1400    (0)    6 :  0.345 0.171 0.103 0.275 0.106 
396 NS_SS1406    (1)    6 :  0.067 0.117 0.321 0.370 0.126 
397 NS_SS1417    (6)    6 :  0.233 0.167 0.179 0.252 0.169 
398 NS_SS1454    (2)    6 :  0.285 0.187 0.333 0.124 0.072 
399 NS_SS1412    (1)    6 :  0.252 0.229 0.178 0.139 0.202 
400 NS_SS1438    (1)    6 :  0.366 0.180 0.111 0.257 0.086 
401 NS_SS1416    (4)    6 :  0.206 0.236 0.228 0.195 0.135 
402 NS_SS1401    (0)    6 :  0.193 0.115 0.364 0.172 0.156 
403 NS_SS1424    (6)    6 :  0.208 0.156 0.355 0.148 0.133 
404 NS_SS1435    (9)    6 :  0.152 0.296 0.224 0.075 0.254 
405 NS_SS1447    (4)    6 :  0.118 0.260 0.154 0.336 0.133 
406 NS_SS1414    (3)    6 :  0.117 0.353 0.108 0.281 0.142 
407 NS_SS1449   (14)    6 :  0.140 0.143 0.268 0.135 0.313 
408 NS_SS1443    (4)    6 :  0.296 0.063 0.122 0.223 0.296 
409 NS_SS1434    (1)    6 :  0.170 0.087 0.103 0.144 0.498 
410 NS_SS1398    (1)    6 :  0.151 0.234 0.213 0.123 0.278 
411 NS_SS1426    (1)    6 :  0.393 0.127 0.174 0.140 0.166 
412 NS_SS1413    (0)    6 :  0.283 0.105 0.138 0.213 0.260 
413 NS_SS1395    (1)    6 :  0.276 0.094 0.274 0.164 0.192 
414 NS_SS1448   (10)    6 :  0.262 0.356 0.123 0.109 0.149 
415 NS_SS1446    (0)    6 :  0.286 0.120 0.237 0.167 0.190 
416 NS_SS1403    (2)    6 :  0.121 0.148 0.457 0.100 0.174 
417 NS_SS1415    (0)    6 :  0.312 0.205 0.133 0.170 0.180 
418 NS_SS1437    (4)    6 :  0.139 0.199 0.396 0.149 0.118 
419 NS_SS1439    (2)    6 :  0.180 0.121 0.170 0.331 0.197 
420 NS_SS1441    (3)    6 :  0.280 0.103 0.160 0.204 0.253 
421 NS_SS1420    (2)    6 :  0.108 0.589 0.063 0.104 0.137 
422 NS_SS1394    (2)    6 :  0.110 0.385 0.246 0.125 0.134 
423 NS_SS1391    (7)    6 :  0.251 0.101 0.167 0.090 0.391 
424 NS_SS1410    (5)    6 :  0.238 0.147 0.272 0.147 0.196 
425 NS_SS1408    (1)    6 :  0.124 0.188 0.330 0.220 0.138 
426 NS_SS1409    (1)    6 :  0.220 0.091 0.160 0.137 0.392 
427 HI_SS0617    (1)    7 :  0.263 0.158 0.127 0.102 0.351 
428 HI_SS0618    (2)    7 :  0.138 0.305 0.129 0.182 0.247 
429 HI_SS0619    (0)    7 :  0.209 0.258 0.144 0.116 0.272 
430 HI_SS0620    (1)    7 :  0.397 0.246 0.058 0.112 0.186 
431 HI_SS0621    (3)    7 :  0.136 0.204 0.236 0.204 0.220 
432 HI_SS0622    (1)    7 :  0.181 0.214 0.133 0.323 0.148 
433 HI_SS0626    (0)    7 :  0.176 0.417 0.215 0.106 0.086 
434 HI_SS0627    (0)    7 :  0.108 0.156 0.430 0.113 0.194 
435 HI_SS0628    (3)    7 :  0.321 0.202 0.262 0.101 0.114 
436 HI_SS0629    (1)    7 :  0.230 0.200 0.277 0.188 0.104 
437 HI_SS0630    (1)    7 :  0.244 0.268 0.110 0.166 0.211 
438 HI_SS0631    (0)    7 :  0.231 0.280 0.169 0.141 0.179 
439 HI_SS0632    (0)    7 :  0.166 0.325 0.133 0.268 0.108 
440 HI_SS0633    (0)    7 :  0.152 0.147 0.091 0.152 0.457 
441 HI_SS0634    (1)    7 :  0.192 0.251 0.317 0.117 0.123 
442 HI_SS0635    (0)    7 :  0.112 0.318 0.189 0.211 0.170 
443 HI_SS0637    (1)    7 :  0.183 0.201 0.210 0.323 0.084 
444 HI_SS0638    (0)    7 :  0.199 0.212 0.174 0.176 0.239 
445 HI_SS0639    (1)    7 :  0.104 0.285 0.211 0.201 0.198 
446 HI_SS0640    (1)    7 :  0.137 0.161 0.126 0.371 0.205 
447 HI_SS0641    (1)    7 :  0.327 0.340 0.123 0.132 0.078 
448 HI_SS0642    (0)    7 :  0.083 0.142 0.519 0.125 0.130 
449 HI_SS0645    (0)    7 :  0.074 0.511 0.091 0.148 0.177 
450 HI_SS0646    (1)    7 :  0.159 0.094 0.199 0.182 0.365 
451 HI_SS0647    (1)    7 :  0.160 0.182 0.226 0.193 0.239 
452 HI_SS0648    (0)    7 :  0.168 0.238 0.172 0.216 0.206 
453 HI_SS0649    (1)    7 :  0.197 0.163 0.169 0.224 0.247 
454 HI_SS0650    (1)    7 :  0.104 0.143 0.175 0.113 0.464 
455 HI_SS0651    (1)    7 :  0.165 0.211 0.164 0.206 0.255 
456 HI_SS0652    (1)    7 :  0.111 0.464 0.104 0.135 0.187 
457 NS_SS1371    (3)    7 :  0.222 0.084 0.313 0.128 0.253 
458 NS_SS1374    (0)    7 :  0.304 0.203 0.311 0.074 0.108 
459 NS_SS1337    (3)    7 :  0.100 0.319 0.296 0.135 0.150 
460 NS_SS1385    (5)    7 :  0.149 0.127 0.189 0.209 0.326 
461 NS_SS1388    (0)    7 :  0.234 0.250 0.195 0.125 0.195 
462 NS_SS1370    (1)    7 :  0.094 0.559 0.125 0.135 0.087 
463 NS_SS1389    (3)    7 :  0.161 0.362 0.181 0.104 0.192 
464 NS_SS1360    (1)    7 :  0.255 0.240 0.139 0.262 0.103 
465 NS_SS1330    (0)    7 :  0.097 0.301 0.135 0.228 0.239 
466 NS_SS1328    (8)    7 :  0.263 0.073 0.170 0.123 0.370 
467 NS_SS1384    (1)    7 :  0.204 0.162 0.236 0.278 0.120 
468 NS_SS1381    (0)    7 :  0.076 0.135 0.121 0.180 0.487 
469 NS_SS1375    (1)    7 :  0.122 0.319 0.165 0.066 0.328 
470 NS_SS1319   (10)    7 :  0.192 0.215 0.293 0.117 0.184 
471 NS_SS1326    (2)    7 :  0.388 0.123 0.145 0.097 0.246 
472 NS_SS1341    (1)    7 :  0.253 0.087 0.347 0.230 0.083 
473 NS_SS1383    (1)    7 :  0.149 0.189 0.445 0.120 0.097 
474 NS_SS1318    (3)    7 :  0.190 0.285 0.098 0.215 0.213 
475 NS_SS1348    (2)    7 :  0.339 0.125 0.202 0.211 0.123 
476 NS_SS1363    (0)    7 :  0.128 0.281 0.203 0.239 0.149 
477 NS_SS1335    (4)    7 :  0.232 0.188 0.191 0.314 0.075 
478 NS_SS1358    (0)    7 :  0.196 0.086 0.224 0.335 0.158 
479 NS_SS1342    (1)    7 :  0.232 0.065 0.358 0.210 0.135 
480 NS_SS1320    (2)    7 :  0.046 0.104 0.120 0.246 0.483 
481 NS_SS1355    (1)    7 :  0.113 0.129 0.115 0.434 0.209 
482 NS_SS1345    (1)    7 :  0.071 0.108 0.078 0.603 0.141 
483 NS_SS1324    (0)    7 :  0.267 0.184 0.202 0.177 0.170 
484 NS_SS1347    (5)    7 :  0.135 0.148 0.267 0.212 0.237 
485 NS_SS1321    (4)    7 :  0.285 0.165 0.357 0.082 0.111 
486 NS_SS1333    (0)    7 :  0.279 0.162 0.388 0.050 0.120 
487 NS_SS1364    (1)    7 :  0.234 0.095 0.155 0.425 0.091 
488 NS_SS1379    (0)    7 :  0.139 0.159 0.152 0.234 0.315 
489 NS_SS1332    (0)    7 :  0.390 0.148 0.232 0.119 0.111 
490 NS_SS1338    (5)    7 :  0.253 0.293 0.179 0.140 0.135 
491 NS_SS1368    (6)    7 :  0.282 0.094 0.232 0.302 0.090 
492 NS_SS1354    (1)    7 :  0.154 0.162 0.249 0.285 0.150 
493 NS_SS1365    (0)    7 :  0.126 0.282 0.190 0.214 0.187 
494 NS_SS1380    (1)    7 :  0.116 0.245 0.167 0.351 0.121 
495 NS_SS1329    (8)    7 :  0.237 0.055 0.383 0.218 0.107 
496 NS_SS1362    (0)    7 :  0.182 0.111 0.267 0.198 0.242 
497 NS_SS1327    (2)    7 :  0.551 0.121 0.128 0.064 0.135 
498 NS_SS1350    (0)    7 :  0.218 0.092 0.167 0.059 0.463 
499 NS_SS1387    (2)    7 :  0.162 0.393 0.137 0.188 0.120 
500 NS_SS1369    (8)    7 :  0.283 0.158 0.119 0.343 0.097 
501 NS_SS1331    (1)    7 :  0.210 0.338 0.255 0.087 0.111 
502 NS_SS1357    (4)    7 :  0.201 0.064 0.156 0.104 0.474 
503 NS_SS1386    (1)    7 :  0.406 0.067 0.288 0.173 0.067 
504 NS_SS1353    (2)    7 :  0.155 0.146 0.260 0.121 0.318 
505 NS_SS1323    (0)    7 :  0.084 0.157 0.287 0.272 0.200 
506 HI_SS0296    (0)    8 :  0.269 0.298 0.072 0.181 0.180 
507 HI_SS0297    (0)    8 :  0.110 0.113 0.387 0.093 0.297 
508 HI_SS0299    (0)    8 :  0.202 0.167 0.170 0.296 0.165 
509 HI_SS0300    (0)    8 :  0.171 0.211 0.089 0.379 0.150 
510 HI_SS0301    (0)    8 :  0.133 0.357 0.239 0.220 0.052 
511 HI_SS0302    (0)    8 :  0.260 0.327 0.087 0.225 0.101 
512 HI_SS0303    (0)    8 :  0.344 0.110 0.108 0.171 0.267 
513 HI_SS0304    (0)    8 :  0.193 0.323 0.190 0.082 0.211 
514 HI_SS0306    (5)    8 :  0.345 0.260 0.119 0.155 0.122 
515 HI_SS0307    (1)    8 :  0.118 0.235 0.196 0.262 0.190 
516 HI_SS0308    (1)    8 :  0.110 0.216 0.289 0.258 0.129 
517 HI_SS0309    (0)    8 :  0.121 0.186 0.150 0.388 0.156 
518 HI_SS0310    (0)    8 :  0.195 0.213 0.126 0.220 0.246 
519 HI_SS0311    (3)    8 :  0.174 0.324 0.166 0.239 0.097 
520 HI_SS0314    (0)    8 :  0.187 0.154 0.199 0.133 0.327 
521 HI_SS0316    (1)    8 :  0.266 0.165 0.187 0.220 0.161 
522 HI_SS0317    (3)    8 :  0.131 0.243 0.362 0.132 0.132 
523 HI_SS0318    (1)    8 :  0.329 0.140 0.308 0.137 0.086 
524 HI_SS0319    (0)    8 :  0.429 0.072 0.102 0.253 0.144 
525 HI_SS0320    (3)    8 :  0.099 0.209 0.479 0.062 0.150 
526 HI_SS0321    (0)    8 :  0.210 0.121 0.347 0.102 0.220 
527 HI_SS0323    (1)    8 :  0.320 0.238 0.118 0.149 0.175 
528 HI_SS0325    (2)    8 :  0.316 0.279 0.122 0.187 0.096 
529 HI_SS0327    (1)    8 :  0.221 0.050 0.171 0.174 0.384 
530 HI_SS0329    (1)    8 :  0.148 0.309 0.252 0.151 0.139 
531 HI_SS0333    (1)    8 :  0.202 0.184 0.235 0.184 0.195 
532 HI_SS0334    (1)    8 :  0.298 0.138 0.186 0.255 0.123 
533 HI_SS0335    (1)    8 :  0.091 0.141 0.173 0.390 0.204 
534 HI_SS0339    (0)    8 :  0.120 0.228 0.126 0.395 0.130 
535 HI_SS0343    (2)    8 :  0.097 0.101 0.254 0.324 0.225 
536 HI_SS0344    (1)    8 :  0.518 0.098 0.151 0.109 0.123 
537 HI_SS0345    (3)    8 :  0.180 0.252 0.203 0.279 0.085 
538 HI_SS0346    (0)    8 :  0.215 0.201 0.384 0.094 0.105 
539 HI_SS0350    (1)    8 :  0.061 0.197 0.067 0.504 0.171 
540 HI_SS0351    (0)    8 :  0.135 0.094 0.198 0.454 0.119 
541 HI_SS0352    (3)    8 :  0.132 0.168 0.268 0.265 0.168 
542 HI_SS0362    (0)    8 :  0.164 0.428 0.129 0.164 0.116 
543 HI_SS0363    (1)    8 :  0.308 0.094 0.120 0.192 0.287 
544 HI_SS0365    (0)    8 :  0.288 0.120 0.143 0.206 0.244 
545 HI_SS0366    (0)    8 :  0.420 0.144 0.106 0.140 0.190 
546 HI_SS0367    (1)    8 :  0.106 0.201 0.208 0.252 0.233 
547 HI_SS0369    (1)    8 :  0.109 0.305 0.166 0.237 0.184 
548 HI_SS0370    (0)    8 :  0.151 0.073 0.221 0.116 0.439 
549 HI_SS0371    (4)    8 :  0.347 0.243 0.149 0.156 0.105 
550 HI_SS0373    (3)    8 :  0.190 0.251 0.149 0.163 0.246 
551 HI_SS0374    (0)    8 :  0.127 0.200 0.243 0.203 0.227 
552 HI_SS0377    (0)    8 :  0.194 0.136 0.167 0.425 0.078 
553 HI_SS0379    (1)    8 :  0.528 0.084 0.194 0.129 0.066 
554 HI_SS0380    (1)    8 :  0.146 0.196 0.181 0.278 0.200 
555 HI_SS0381    (2)    8 :  0.096 0.226 0.241 0.321 0.117 
556 HI_SS0384    (3)    8 :  0.254 0.152 0.232 0.072 0.290 
557 HI_SS0385    (1)    8 :  0.277 0.326 0.160 0.103 0.134 


Estimated Allele Frequencies in each cluster
First column gives estimated ancestral frequencies


Locus 1 : 
2 alleles
3.4% missing data
   1   (0.736) 0.716 0.698 0.801 0.714 0.763 
   2   (0.264) 0.284 0.302 0.199 0.286 0.237 

Locus 2 : 
2 alleles
4.3% missing data
   1   (0.883) 0.913 0.901 0.867 0.903 0.863 
   2   (0.117) 0.087 0.099 0.133 0.097 0.137 

Locus 3 : 
2 alleles
3.9% missing data
   1   (0.860) 0.864 0.860 0.869 0.889 0.853 
   2   (0.140) 0.136 0.140 0.131 0.111 0.147 

Locus 4 : 
2 alleles
2.7% missing data
   1   (0.886) 0.910 0.887 0.830 0.913 0.923 
   2   (0.114) 0.090 0.113 0.170 0.087 0.077 

Locus 5 : 
2 alleles
2.7% missing data
   1   (0.822) 0.795 0.833 0.866 0.830 0.799 
   2   (0.178) 0.205 0.167 0.134 0.170 0.201 

Locus 6 : 
2 alleles
3.2% missing data
   1   (0.789) 0.754 0.822 0.819 0.770 0.807 
   2   (0.211) 0.246 0.178 0.181 0.230 0.193 

Locus 7 : 
2 alleles
3.8% missing data
   1   (0.800) 0.786 0.793 0.800 0.807 0.851 
   2   (0.200) 0.214 0.207 0.200 0.193 0.149 

Locus 8 : 
2 alleles
4.8% missing data
   1   (0.704) 0.687 0.733 0.727 0.699 0.688 
   2   (0.296) 0.313 0.267 0.273 0.301 0.312 

Locus 9 : 
2 alleles
3.1% missing data
   1   (0.792) 0.738 0.819 0.833 0.795 0.788 
   2   (0.208) 0.262 0.181 0.167 0.205 0.212 

Locus 10 : 
2 alleles
4.7% missing data
   1   (0.886) 0.885 0.898 0.865 0.889 0.932 
   2   (0.114) 0.115 0.102 0.135 0.111 0.068 

Locus 11 : 
2 alleles
3.2% missing data
   1   (0.861) 0.825 0.859 0.844 0.902 0.900 
   2   (0.139) 0.175 0.141 0.156 0.098 0.100 

Locus 12 : 
2 alleles
4.8% missing data
   1   (0.730) 0.737 0.748 0.760 0.720 0.700 
   2   (0.270) 0.263 0.252 0.240 0.280 0.300 

Locus 13 : 
2 alleles
4.7% missing data
   1   (0.884) 0.871 0.879 0.919 0.877 0.908 
   2   (0.116) 0.129 0.121 0.081 0.123 0.092 

Locus 14 : 
2 alleles
3.9% missing data
   1   (0.872) 0.873 0.888 0.856 0.873 0.913 
   2   (0.128) 0.127 0.112 0.144 0.127 0.087 

Locus 15 : 
2 alleles
3.9% missing data
   1   (0.505) 0.537 0.510 0.506 0.509 0.465 
   2   (0.495) 0.463 0.490 0.494 0.491 0.535 

Locus 16 : 
2 alleles
4.3% missing data
   1   (0.607) 0.557 0.708 0.555 0.637 0.579 
   2   (0.393) 0.443 0.292 0.445 0.363 0.421 

Locus 17 : 
2 alleles
4.1% missing data
   1   (0.772) 0.749 0.793 0.768 0.805 0.765 
   2   (0.228) 0.251 0.207 0.232 0.195 0.235 

Locus 18 : 
2 alleles
2.3% missing data
   1   (0.891) 0.924 0.901 0.898 0.877 0.894 
   2   (0.109) 0.076 0.099 0.102 0.123 0.106 

Locus 19 : 
2 alleles
4.3% missing data
   1   (0.709) 0.693 0.761 0.680 0.732 0.695 
   2   (0.291) 0.307 0.239 0.320 0.268 0.305 

Locus 20 : 
2 alleles
3.2% missing data
   1   (0.882) 0.917 0.929 0.845 0.836 0.911 
   2   (0.118) 0.083 0.071 0.155 0.164 0.089 

Locus 21 : 
2 alleles
3.4% missing data
   1   (0.559) 0.448 0.559 0.546 0.650 0.583 
   2   (0.441) 0.552 0.441 0.454 0.350 0.417 

Locus 22 : 
2 alleles
4.8% missing data
   1   (0.852) 0.838 0.854 0.875 0.872 0.852 
   2   (0.148) 0.162 0.146 0.125 0.128 0.148 

Locus 23 : 
2 alleles
4.3% missing data
   1   (0.880) 0.886 0.879 0.898 0.914 0.850 
   2   (0.120) 0.114 0.121 0.102 0.086 0.150 

Locus 24 : 
2 alleles
3.2% missing data
   1   (0.544) 0.532 0.579 0.593 0.527 0.481 
   2   (0.456) 0.468 0.421 0.407 0.473 0.519 

Locus 25 : 
2 alleles
4.3% missing data
   2   (0.468) 0.504 0.480 0.410 0.442 0.520 
   1   (0.532) 0.496 0.520 0.590 0.558 0.480 

Locus 26 : 
2 alleles
4.3% missing data
   1   (0.837) 0.871 0.863 0.820 0.834 0.832 
   2   (0.163) 0.129 0.137 0.180 0.166 0.168 

Locus 27 : 
2 alleles
2.2% missing data
   1   (0.599) 0.648 0.620 0.581 0.582 0.581 
   2   (0.401) 0.352 0.380 0.419 0.418 0.419 

Locus 28 : 
2 alleles
4.1% missing data
   1   (0.859) 0.888 0.887 0.842 0.808 0.906 
   2   (0.141) 0.112 0.113 0.158 0.192 0.094 

Locus 29 : 
2 alleles
1.8% missing data
   1   (0.877) 0.878 0.868 0.887 0.898 0.892 
   2   (0.123) 0.122 0.132 0.113 0.102 0.108 

Locus 30 : 
2 alleles
4.5% missing data
   1   (0.864) 0.885 0.881 0.833 0.891 0.867 
   2   (0.136) 0.115 0.119 0.167 0.109 0.133 

Locus 31 : 
2 alleles
4.3% missing data
   1   (0.786) 0.803 0.817 0.780 0.726 0.838 
   2   (0.214) 0.197 0.183 0.220 0.274 0.162 

Locus 32 : 
2 alleles
