   NS_SS0963  1 0.1844 0.1524 0.4434 0.2199 
   NS_SS0983  1 0.1481 0.4956 0.1782 0.1781 
   NS_SS0719  1 0.3024 0.2514 0.2274 0.2188 
   NS_SS1001  1 0.3159 0.1339 0.1829 0.3673 
   NS_SS0936  1 0.1323 0.1422 0.3487 0.3767 
   NS_SS0955  1 0.1531 0.3146 0.3750 0.1573 
   NS_SS0944  1 0.1787 0.2546 0.3390 0.2276 
   NS_SS0945  1 0.2318 0.2991 0.1730 0.2961 
   NS_SS0922  1 0.2996 0.1215 0.1867 0.3922 
   NS_SS0929  1 0.1894 0.3134 0.2989 0.1982 
   NS_SS0956  1 0.4804 0.1196 0.1749 0.2250 
   NS_SS0906  1 0.1887 0.2752 0.3628 0.1732 
   NS_SS0721  1 0.4459 0.2155 0.1658 0.1728 
   NS_SS0982  1 0.2695 0.1654 0.3848 0.1802 
   NS_SS0923  1 0.3003 0.1796 0.2758 0.2443 
   NS_SS0905  1 0.3328 0.2376 0.2131 0.2165 
   NS_SS0925  1 0.2243 0.1131 0.3312 0.3314 
   NS_SS0947  1 0.1872 0.1640 0.3363 0.3124 
   NS_SS0926  1 0.2028 0.4369 0.2439 0.1163 
   NS_SS0918  1 0.2907 0.1343 0.4401 0.1349 
   NS_SS0966  1 0.2120 0.1810 0.3956 0.2113 
   NS_SS0938  1 0.1901 0.1367 0.2359 0.4374 
   NS_SS0917  1 0.2230 0.3577 0.1446 0.2748 
   NS_SS0957  1 0.4241 0.1981 0.2256 0.1522 
   NS_SS0987  1 0.5224 0.2068 0.1821 0.0887 
   NS_SS0717  1 0.3584 0.1412 0.1992 0.3012 
   NS_SS0986  1 0.3525 0.3056 0.2389 0.1031 
   NS_SS0953  1 0.2303 0.1390 0.3343 0.2964 
   NS_SS0907  1 0.1410 0.2236 0.4757 0.1596 
   NS_SS0974  1 0.1347 0.2268 0.3249 0.3135 
   NS_SS0989  1 0.1256 0.4156 0.1491 0.3098 
   NS_SS0991  1 0.2585 0.3189 0.3429 0.0797 
   NS_SS0994  1 0.0995 0.5411 0.1210 0.2385 
   NS_SS0931  1 0.2503 0.4009 0.2455 0.1033 
   NS_SS1000  1 0.2008 0.1549 0.3200 0.3243 
   NS_SS0919  1 0.1539 0.2941 0.4097 0.1423 
   NS_SS0949  1 0.1643 0.3881 0.1714 0.2762 
   NS_SS0960  1 0.2746 0.3032 0.2853 0.1369 
   NS_SS0716  1 0.5827 0.1385 0.0990 0.1799 
   NS_SS0924  1 0.2069 0.2724 0.3609 0.1599 
   NS_SS0935  1 0.2851 0.3754 0.1832 0.1564 
   NS_SS0952  1 0.1430 0.3691 0.3386 0.1492 
   NS_SS0962  1 0.3211 0.1701 0.2489 0.2600 
   NS_SS0973  1 0.1465 0.1844 0.4252 0.2439 
   NS_SS0722  1 0.1786 0.1079 0.2328 0.4806 
   NS_SS0979  1 0.3640 0.1489 0.3205 0.1667 
   NS_SS0993  1 0.2291 0.1127 0.3235 0.3347 
   NS_SS0958  1 0.2228 0.3691 0.2009 0.2072 
   NS_SS0988  1 0.2394 0.2889 0.3556 0.1161 
   NS_SS1003  1 0.3876 0.1040 0.3879 0.1205 
   NS_SS0976  1 0.1618 0.3512 0.3196 0.1675 
   NS_SS0964  1 0.3287 0.1164 0.1956 0.3593 
   NS_SS0939  1 0.5492 0.1071 0.0752 0.2685 
   NS_SS0990  1 0.3260 0.3262 0.1465 0.2013 
   NS_SS0984  1 0.3070 0.1065 0.1863 0.4003 
   NS_SS0980  1 0.1207 0.1286 0.3228 0.4279 
   NS_SS0978  1 0.1661 0.1770 0.2761 0.3807 
   NS_SS0951  1 0.3710 0.3013 0.2300 0.0977 
   NS_SS0913  1 0.4108 0.1555 0.1836 0.2500 
   NS_SS1002  1 0.1444 0.1280 0.5130 0.2146 
   NS_SS0948  1 0.2464 0.2643 0.3251 0.1642 
   NS_SS0916  1 0.2066 0.2299 0.1215 0.4420 
   NS_SS0995  1 0.3249 0.1646 0.1518 0.3586 
   NS_SS0927  1 0.1738 0.3413 0.1569 0.3280 
   NS_SS0992  1 0.1175 0.2190 0.2443 0.4192 
   NS_SS0912  1 0.4085 0.2809 0.2113 0.0992 
   NS_SS0981  1 0.3230 0.1552 0.4035 0.1183 
   NS_SS0729  2 0.0685 0.3831 0.2381 0.3103 
   NS_SS0967  2 0.1599 0.1517 0.4836 0.2048 
   NS_SS0941  2 0.2447 0.1707 0.1532 0.4314 
   NS_SS0768  2 0.3137 0.1886 0.3216 0.1761 
   NS_SS0726  2 0.0829 0.2691 0.2249 0.4231 
   NS_SS0763  2 0.1559 0.3396 0.2320 0.2724 
   NS_SS0730  2 0.3759 0.1575 0.1891 0.2775 
   NS_SS0774  2 0.1937 0.1182 0.2602 0.4279 
   NS_SS0723  2 0.2616 0.1014 0.3386 0.2984 
   NS_SS0940  2 0.2887 0.2817 0.1078 0.3218 
   NS_SS0762  2 0.3037 0.0834 0.1687 0.4442 
   NS_SS0766  2 0.3258 0.2241 0.0877 0.3624 
   NS_SS0724  2 0.3051 0.1449 0.3438 0.2062 
   NS_SS0769  2 0.2969 0.2318 0.2703 0.2010 
   NS_SS0777  2 0.2813 0.3423 0.2473 0.1291 
   NS_SS0734  2 0.3569 0.2680 0.1327 0.2424 
   NS_SS0737  2 0.2141 0.0931 0.1179 0.5749 
   NS_SS0732  2 0.4625 0.1392 0.2412 0.1572 
   NS_SS0728  2 0.2523 0.1837 0.1544 0.4097 
   NS_SS0735  2 0.2408 0.1488 0.1975 0.4129 
   NS_SS0725  2 0.2238 0.1494 0.2165 0.4103 
   NS_SS0788  2 0.2550 0.2351 0.2890 0.2209 
   NS_SS0778  2 0.2736 0.3351 0.2319 0.1594 
   NS_SS0792  2 0.3075 0.2375 0.2170 0.2379 
   NS_SS0943  2 0.1524 0.3251 0.4005 0.1220 
   NS_SS0791  2 0.3159 0.2708 0.0888 0.3245 
   NS_SS0790  2 0.3914 0.0695 0.3549 0.1842 
   NS_SS0731  2 0.5011 0.1624 0.1793 0.1571 
   NS_SS0727  2 0.1155 0.2875 0.1060 0.4909 
   NS_SS0779  2 0.2882 0.2471 0.2341 0.2306 
   NS_SS0776  2 0.2614 0.2079 0.1851 0.3457 
   NS_SS0775  2 0.3556 0.1120 0.1188 0.4136 
   NS_SS0965  3 0.3466 0.1676 0.3424 0.1434 
   NS_SS0754  3 0.2792 0.3252 0.1972 0.1985 
   NS_SS0838  3 0.1995 0.2479 0.2933 0.2593 
   NS_SS0839  3 0.3117 0.0955 0.2421 0.3507 
   NS_SS0832  3 0.3166 0.0804 0.4203 0.1827 
   NS_SS0820  3 0.3412 0.1108 0.3618 0.1862 
   NS_SS0886  3 0.3105 0.3150 0.1862 0.1883 
   NS_SS0748  3 0.2238 0.2992 0.3329 0.1441 
   NS_SS0884  3 0.2018 0.2233 0.2939 0.2811 
   NS_SS0752  3 0.1887 0.1709 0.2487 0.3917 
   NS_SS0862  3 0.4451 0.1135 0.2570 0.1843 
   NS_SS0787  3 0.1621 0.5513 0.1764 0.1101 
   NS_SS0843  3 0.2285 0.2054 0.2928 0.2733 
   NS_SS0856  3 0.2373 0.2187 0.1331 0.4109 
   NS_SS0846  3 0.0883 0.2447 0.4123 0.2547 
   NS_SS0825  3 0.2599 0.2587 0.3195 0.1618 
   NS_SS0757  3 0.2796 0.2857 0.2652 0.1696 
   NS_SS0876  3 0.2323 0.1912 0.2579 0.3186 
   NS_SS0903  3 0.1255 0.1035 0.3487 0.4224 
   NS_SS0875  3 0.4153 0.2436 0.1663 0.1748 
   NS_SS0740  3 0.2137 0.2101 0.2896 0.2866 
   NS_SS0811  3 0.5485 0.1064 0.2116 0.1335 
   NS_SS0751  3 0.3056 0.2021 0.1604 0.3319 
   NS_SS0891  3 0.2609 0.2023 0.2138 0.3231 
   NS_SS0867  3 0.1657 0.2532 0.4609 0.1202 
   NS_SS0890  3 0.2531 0.2170 0.2537 0.2762 
   NS_SS0866  3 0.1494 0.4999 0.1272 0.2234 
   NS_SS0755  3 0.2937 0.1815 0.3560 0.1689 
   NS_SS0758  3 0.1847 0.2156 0.2256 0.3741 
   NS_SS0840  3 0.2830 0.0886 0.4209 0.2076 
   NS_SS0889  3 0.2791 0.3927 0.1956 0.1326 
   NS_SS1010  3 0.2344 0.2065 0.4008 0.1584 
   NS_SS0888  3 0.1687 0.3806 0.1233 0.3274 
   NS_SS0837  3 0.3598 0.1205 0.3972 0.1225 
   NS_SS0794  3 0.2114 0.3505 0.1246 0.3135 
   NS_SS0823  3 0.1497 0.1208 0.3837 0.3458 
   NS_SS0829  3 0.2183 0.4787 0.2268 0.0761 
   NS_SS0844  3 0.1235 0.0779 0.6495 0.1491 
   NS_SS1008  3 0.2187 0.3200 0.1518 0.3095 
   NS_SS0881  3 0.3050 0.2885 0.2183 0.1881 
   NS_SS0834  3 0.1776 0.1257 0.2119 0.4847 
   NS_SS0744  3 0.2001 0.2241 0.3079 0.2679 
   NS_SS0899  3 0.4935 0.1240 0.2400 0.1425 
   NS_SS0804  3 0.3548 0.0890 0.3227 0.2336 
   NS_SS0781  3 0.2566 0.1218 0.3921 0.2295 
   NS_SS0822  3 0.1544 0.2390 0.2508 0.3558 
   NS_SS1004  3 0.2073 0.1679 0.4263 0.1985 
   NS_SS0746  3 0.1270 0.2264 0.4156 0.2309 
   NS_SS0880  3 0.1933 0.1591 0.3942 0.2533 
   NS_SS0879  3 0.2417 0.1610 0.2787 0.3186 
   NS_SS0753  3 0.2716 0.3221 0.2735 0.1327 
   NS_SS1007  3 0.1773 0.1889 0.1323 0.5015 
   NS_SS0872  3 0.2717 0.1422 0.2962 0.2899 
   NS_SS1005  3 0.1732 0.1648 0.4382 0.2237 
   NS_SS0892  3 0.2711 0.2409 0.2248 0.2632 
   NS_SS0898  3 0.2907 0.2917 0.2230 0.1946 
   NS_SS0801  3 0.3279 0.2205 0.3173 0.1342 
   NS_SS0827  3 0.4557 0.2861 0.1768 0.0814 
   NS_SS0853  3 0.4765 0.2485 0.1751 0.0999 
   NS_SS0780  3 0.3447 0.1667 0.2259 0.2627 
   NS_SS0826  3 0.1268 0.2172 0.5596 0.0963 
   NS_SS0818  3 0.3598 0.0983 0.2305 0.3114 
   NS_SS0745  3 0.5105 0.0930 0.0790 0.3174 
   NS_SS0849  3 0.4827 0.1878 0.2475 0.0820 
   NS_SS0739  3 0.3871 0.2220 0.1407 0.2502 
   NS_SS0799  3 0.2062 0.2840 0.1566 0.3531 
   NS_SS0756  3 0.2669 0.1082 0.4881 0.1368 
   NS_SS0802  3 0.1474 0.3096 0.2339 0.3092 
   NS_SS0747  3 0.1623 0.2175 0.3847 0.2355 
   NS_SS0835  3 0.1181 0.4746 0.1936 0.2137 
   NS_SS0742  3 0.2639 0.1823 0.2876 0.2662 
   NS_SS0760  3 0.1721 0.4480 0.1901 0.1899 
   NS_SS0803  3 0.1187 0.0920 0.4722 0.3172 
   NS_SS0828  3 0.4124 0.2423 0.1767 0.1687 
   NS_SS0865  3 0.2904 0.2321 0.3543 0.1231 
   NS_SS0759  3 0.3674 0.1176 0.2110 0.3040 
   NS_SS0851  3 0.5692 0.1272 0.1849 0.1187 
   NS_SS0874  3 0.1622 0.1482 0.4801 0.2096 
   NS_SS0761  3 0.2098 0.4047 0.2620 0.1235 
   NS_SS0842  3 0.2434 0.3287 0.2195 0.2084 
   NS_SS0785  3 0.1993 0.2885 0.2998 0.2123 
   NS_SS0860  3 0.1231 0.4883 0.2215 0.1672 
   NS_SS0897  3 0.2118 0.5117 0.1263 0.1503 
   NS_SS0841  3 0.4257 0.1128 0.2391 0.2224 
   NS_SS0797  3 0.3238 0.3189 0.2516 0.1057 
   NS_SS0830  3 0.3193 0.2212 0.2937 0.1658 
   NS_SS1011  3 0.2085 0.1246 0.4909 0.1760 
   NS_SS0883  3 0.3768 0.2761 0.1913 0.1558 
   NS_SS0782  3 0.1951 0.2384 0.1550 0.4114 
   NS_SS0831  3 0.3358 0.4007 0.1508 0.1127 
   NS_SS0749  3 0.3466 0.2433 0.1357 0.2744 
   NS_SS0854  3 0.1429 0.2202 0.1932 0.4437 
   HI_SS0193  4 0.2330 0.3135 0.1281 0.3254 
   HI_SS0194  4 0.1595 0.1715 0.2217 0.4474 
   HI_SS0195  4 0.4981 0.1078 0.1978 0.1963 
   HI_SS0196  4 0.1861 0.2458 0.1518 0.4163 
   HI_SS0197  4 0.1758 0.2117 0.3270 0.2855 
   HI_SS0198  4 0.3388 0.2970 0.1856 0.1786 
   HI_SS0199  4 0.1453 0.2696 0.1407 0.4444 
   HI_SS0201  4 0.1605 0.4548 0.2983 0.0864 
   HI_SS0215  4 0.1814 0.4516 0.2589 0.1080 
   HI_SS0218  4 0.2200 0.4485 0.0917 0.2397 
   HI_SS0222  4 0.3582 0.2218 0.1379 0.2821 
   HI_SS0230  4 0.3359 0.2090 0.3362 0.1189 
   HI_SS0234  4 0.0940 0.1903 0.2384 0.4773 
   HI_SS0240  4 0.2160 0.1552 0.1097 0.5191 
   HI_SS0241  4 0.1757 0.3705 0.2561 0.1977 
   HI_SS0242  4 0.2302 0.2473 0.2929 0.2297 
   HI_SS0247  4 0.2253 0.1906 0.4510 0.1332 
   HI_SS0248  4 0.1137 0.3674 0.1531 0.3658 
   HI_SS0252  4 0.2399 0.1431 0.2074 0.4096 
   HI_SS0254  4 0.1592 0.2993 0.3116 0.2299 
   HI_SS0256  4 0.2410 0.0518 0.4247 0.2825 
   HI_SS0257  4 0.0689 0.3689 0.3079 0.2544 
   HI_SS0258  4 0.2288 0.3874 0.1879 0.1958 
   HI_SS0259  4 0.2444 0.1730 0.1914 0.3912 
   HI_SS0260  4 0.1886 0.3775 0.1550 0.2790 
   HI_SS0261  4 0.1251 0.2757 0.3225 0.2766 
   HI_SS0262  4 0.3890 0.1674 0.2077 0.2360 
   HI_SS0264  4 0.3811 0.1866 0.2878 0.1445 
   HI_SS0265  4 0.3483 0.1913 0.2792 0.1813 
   HI_SS0268  4 0.3724 0.3176 0.1296 0.1804 
   HI_SS0269  4 0.0767 0.4783 0.2010 0.2440 
   HI_SS0273  4 0.1512 0.3114 0.3859 0.1515 
   HI_SS0277  4 0.2321 0.1686 0.4370 0.1623 
   HI_SS0280  4 0.4510 0.2081 0.1273 0.2136 
   HI_SS0282  4 0.1745 0.2955 0.3228 0.2072 
   HI_SS0286  4 0.3265 0.2992 0.1858 0.1884 
   NS_SS1252  5 0.1404 0.5378 0.1473 0.1746 
   NS_SS1261  5 0.2395 0.2501 0.2832 0.2272 
   NS_SS1225  5 0.1142 0.2875 0.4753 0.1231 
   NS_SS1266  5 0.1717 0.0847 0.5693 0.1742 
   NS_SS1228  5 0.5430 0.1418 0.1373 0.1778 
   NS_SS1255  5 0.1452 0.1745 0.1529 0.5274 
   NS_SS1267  5 0.1823 0.5685 0.0885 0.1607 
   NS_SS1238  5 0.3669 0.2724 0.1872 0.1734 
   NS_SS1233  5 0.2432 0.1308 0.5229 0.1031 
   NS_SS1277  5 0.2101 0.3259 0.0855 0.3785 
   NS_SS1245  5 0.1317 0.2890 0.3153 0.2639 
   NS_SS1240  5 0.1054 0.5900 0.1188 0.1858 
   NS_SS1275  5 0.3124 0.0915 0.3470 0.2490 
   NS_SS1235  5 0.0695 0.1492 0.3063 0.4749 
   NS_SS1263  5 0.1972 0.1325 0.3325 0.3378 
   NS_SS1251  5 0.1761 0.1548 0.4248 0.2442 
   NS_SS1248  5 0.5877 0.2151 0.1230 0.0742 
   NS_SS1244  5 0.1685 0.2097 0.4464 0.1754 
   NS_SS1257  5 0.1914 0.3909 0.1594 0.2583 
   NS_SS1242  5 0.2949 0.1392 0.2743 0.2916 
   NS_SS1271  5 0.1640 0.5126 0.1262 0.1971 
   NS_SS1265  5 0.1604 0.4562 0.2396 0.1438 
   NS_SS1243  5 0.4079 0.1746 0.1389 0.2785 
   NS_SS1273  5 0.3355 0.1124 0.2350 0.3171 
   NS_SS1254  5 0.2248 0.1492 0.4094 0.2166 
   NS_SS1224  5 0.3450 0.1196 0.3546 0.1809 
   NS_SS1227  5 0.1461 0.4034 0.1726 0.2780 
   NS_SS1274  5 0.2229 0.3217 0.1917 0.2637 
   NS_SS1241  5 0.1749 0.2821 0.3521 0.1909 
   NS_SS1256  5 0.1149 0.2618 0.4718 0.1515 
   NS_SS1260  5 0.1434 0.3774 0.2166 0.2626 
   NS_SS1262  5 0.1981 0.2850 0.3825 0.1344 
   NS_SS1230  5 0.2375 0.2824 0.2749 0.2053 
   NS_SS1270  5 0.3273 0.1526 0.4248 0.0953 
   NS_SS1229  5 0.0720 0.1153 0.2442 0.5684 
   NS_SS1246  5 0.1216 0.3772 0.1576 0.3436 
   NS_SS1269  5 0.3059 0.1823 0.2408 0.2710 
   NS_SS1239  5 0.3317 0.1216 0.1408 0.4059 
   NS_SS1272  5 0.1682 0.2063 0.4531 0.1725 
   NS_SS1268  5 0.4201 0.1377 0.3252 0.1170 
   NS_SS1249  5 0.0993 0.4501 0.1291 0.3215 
   HI_SS0559  6 0.2804 0.2375 0.2222 0.2598 
   HI_SS0563  6 0.2356 0.2289 0.3038 0.2317 
   HI_SS0564  6 0.2544 0.2044 0.2764 0.2649 
   HI_SS0565  6 0.1631 0.3309 0.3372 0.1689 
   HI_SS0569  6 0.1675 0.3985 0.3558 0.0782 
   HI_SS0570  6 0.2203 0.4466 0.1076 0.2255 
   HI_SS0572  6 0.1332 0.1329 0.2493 0.4846 
   HI_SS0576  6 0.4742 0.1389 0.1615 0.2254 
   HI_SS0579  6 0.1060 0.2630 0.4104 0.2206 
   HI_SS0580  6 0.2475 0.3260 0.1280 0.2985 
   HI_SS0581  6 0.3897 0.1219 0.2772 0.2112 
   HI_SS0583  6 0.1214 0.4238 0.1938 0.2610 
   HI_SS0586  6 0.2857 0.5189 0.1128 0.0826 
   HI_SS0588  6 0.1655 0.3490 0.2763 0.2092 
   HI_SS0595  6 0.1576 0.3679 0.2332 0.2413 
   HI_SS0596  6 0.2027 0.1117 0.1565 0.5290 
   HI_SS0597  6 0.1670 0.1652 0.2566 0.4113 
   HI_SS0600  6 0.2216 0.2928 0.2090 0.2766 
   HI_SS0601  6 0.1931 0.2482 0.4535 0.1052 
   HI_SS0602  6 0.3798 0.3513 0.1120 0.1568 
   HI_SS0604  6 0.2487 0.2492 0.2630 0.2391 
   HI_SS0605  6 0.3212 0.2973 0.1550 0.2265 
   HI_SS0608  6 0.3779 0.2331 0.1256 0.2633 
   HI_SS0609  6 0.1777 0.1340 0.4555 0.2328 
   HI_SS0611  6 0.3029 0.4261 0.1249 0.1462 
   HI_SS0612  6 0.0704 0.1741 0.4584 0.2971 
   HI_SS0613  6 0.4567 0.2167 0.2251 0.1015 
   HI_SS0615  6 0.3330 0.0945 0.1554 0.4171 
   HI_SS0001  6 0.1459 0.2640 0.1786 0.4115 
   HI_SS0002  6 0.1930 0.1228 0.4394 0.2447 
   HI_SS0004  6 0.2435 0.3648 0.1083 0.2833 
   HI_SS0005  6 0.5319 0.1780 0.1703 0.1199 
   HI_SS0006  6 0.1057 0.3368 0.3827 0.1748 
   HI_SS0007  6 0.4228 0.3231 0.1000 0.1541 
   HI_SS0008  6 0.2965 0.2161 0.3102 0.1772 
   HI_SS0009  6 0.4115 0.1192 0.1221 0.3471 
   HI_SS0010  6 0.3643 0.2960 0.2043 0.1355 
   HI_SS0011  6 0.2214 0.1420 0.5411 0.0954 
   HI_SS0012  6 0.2725 0.1141 0.2940 0.3194 
   HI_SS0017  6 0.1964 0.1434 0.1375 0.5227 
   HI_SS0021  6 0.2630 0.4089 0.2040 0.1241 
   HI_SS0024  6 0.3810 0.1586 0.1754 0.2850 
   HI_SS0025  6 0.3210 0.1373 0.1999 0.3418 
   HI_SS0027  6 0.2630 0.3393 0.2147 0.1830 
   HI_SS0028  6 0.5137 0.0926 0.2646 0.1290 
   HI_SS0029  6 0.3400 0.2534 0.1098 0.2968 
   HI_SS0030  6 0.1987 0.2465 0.2563 0.2985 
   HI_SS0031  6 0.1511 0.1702 0.3477 0.3310 
   HI_SS0034  6 0.1052 0.3849 0.2300 0.2799 
   HI_SS0036  6 0.2852 0.4594 0.0949 0.1605 
   HI_SS0037  6 0.2476 0.4760 0.1749 0.1015 
   HI_SS0039  6 0.4165 0.3031 0.1730 0.1075 
   HI_SS0041  6 0.4574 0.1397 0.1338 0.2691 
   HI_SS0042  6 0.3141 0.1413 0.2436 0.3010 
   HI_SS0043  6 0.1637 0.5341 0.1804 0.1218 
   HI_SS0044  6 0.1975 0.2934 0.0856 0.4235 
   HI_SS0047  6 0.2486 0.1444 0.2677 0.3393 
   HI_SS0049  6 0.2097 0.1678 0.2235 0.3990 
   HI_SS0051  6 0.3410 0.1925 0.3452 0.1212 
   HI_SS0053  6 0.1220 0.4349 0.2291 0.2140 
   HI_SS0054  6 0.1883 0.3878 0.3353 0.0886 
   HI_SS0057  6 0.3859 0.1903 0.2470 0.1767 
   HI_SS0058  6 0.2008 0.3646 0.2457 0.1889 
   HI_SS0060  6 0.3594 0.2128 0.2805 0.1472 
   HI_SS0087  6 0.1350 0.2942 0.3466 0.2243 
   HI_SS0091  6 0.0898 0.4965 0.2362 0.1775 
   HI_SS0095  6 0.1743 0.2598 0.3014 0.2645 
   HI_SS0097  6 0.1355 0.1597 0.5213 0.1835 
   HI_SS0099  6 0.3905 0.2031 0.1436 0.2627 
   HI_SS0103  6 0.1323 0.1947 0.2740 0.3990 
   HI_SS0105  6 0.2099 0.2237 0.4152 0.1512 
   HI_SS0107  6 0.1498 0.1007 0.2253 0.5242 
   HI_SS0108  6 0.1168 0.5728 0.1447 0.1656 
   HI_SS0110  6 0.1308 0.2442 0.2737 0.3513 
   HI_SS0111  6 0.2971 0.2246 0.1964 0.2818 
   HI_SS0112  6 0.1640 0.5378 0.1169 0.1813 
   HI_SS0113  6 0.2454 0.1294 0.3036 0.3216 
   HI_SS0114  6 0.3026 0.3910 0.1980 0.1084 
   HI_SS0115  6 0.2246 0.2089 0.1692 0.3973 
   HI_SS0116  6 0.1408 0.3879 0.1120 0.3593 
   HI_SS0117  6 0.0973 0.3088 0.4258 0.1681 
   HI_SS0118  6 0.1457 0.3660 0.2927 0.1956 
   HI_SS0119  6 0.1624 0.3141 0.3599 0.1636 
   HI_SS0120  6 0.1326 0.1074 0.2506 0.5094 
   HI_SS0121  6 0.3684 0.1187 0.4317 0.0813 
   HI_SS0122  6 0.2765 0.2589 0.2700 0.1946 
   HI_SS0123  6 0.1371 0.2255 0.3934 0.2441 
   HI_SS0124  6 0.3454 0.0921 0.1313 0.4312 
   HI_SS0125  6 0.4381 0.1039 0.1665 0.2914 
   HI_SS0126  6 0.1538 0.4174 0.1319 0.2969 
   HI_SS0127  6 0.4016 0.1983 0.2972 0.1029 
   HI_SS0128  6 0.1454 0.1816 0.2622 0.4109 
   HI_SS0129  6 0.2059 0.3772 0.1256 0.2913 
   HI_SS0131  6 0.3266 0.3197 0.2749 0.0789 
   HI_SS0132  6 0.2996 0.2295 0.3071 0.1638 
   HI_SS0133  6 0.1603 0.5412 0.1134 0.1850 
   HI_SS0134  6 0.1629 0.2569 0.3498 0.2304 
   HI_SS0142  6 0.2116 0.1874 0.4418 0.1592 
   HI_SS0145  6 0.1202 0.2535 0.3269 0.2995 
   HI_SS0146  6 0.2214 0.2924 0.2763 0.2099 
   HI_SS0147  6 0.4205 0.1262 0.3291 0.1243 
   HI_SS0149  6 0.1636 0.2316 0.4778 0.1271 
   HI_SS0150  6 0.3962 0.1232 0.2077 0.2728 
   HI_SS0151  6 0.2024 0.2068 0.1281 0.4626 
   NS_SS1451  6 0.3894 0.0985 0.1561 0.3560 
   NS_SS1404  6 0.4540 0.1939 0.2009 0.1512 
   NS_SS1432  6 0.3260 0.1464 0.1422 0.3854 
   NS_SS1405  6 0.2907 0.2328 0.1616 0.3149 
   NS_SS1431  6 0.2746 0.1266 0.2468 0.3520 
   NS_SS1402  6 0.1390 0.2682 0.2960 0.2967 
   NS_SS1450  6 0.1959 0.3251 0.1221 0.3570 
   NS_SS1396  6 0.3236 0.2294 0.2465 0.2005 
   NS_SS1393  6 0.2500 0.3033 0.1642 0.2824 
   NS_SS1392  6 0.3292 0.1442 0.0828 0.4438 
   NS_SS1445  6 0.1847 0.3967 0.3059 0.1127 
   NS_SS1423  6 0.1208 0.2837 0.2528 0.3427 
   NS_SS1421  6 0.1729 0.3030 0.2804 0.2437 
   NS_SS1411  6 0.3976 0.3833 0.1014 0.1177 
   NS_SS1453  6 0.2279 0.3677 0.2201 0.1843 
   NS_SS1442  6 0.2255 0.2334 0.3380 0.2031 
   NS_SS1422  6 0.1180 0.1612 0.3251 0.3957 
   NS_SS1419  6 0.3285 0.1741 0.3815 0.1158 
   NS_SS1427  6 0.1054 0.4351 0.0681 0.3914 
   NS_SS1444  6 0.3862 0.1691 0.2728 0.1718 
   NS_SS1455  6 0.1887 0.1120 0.3496 0.3497 
   NS_SS1425  6 0.1540 0.5251 0.2102 0.1106 
   NS_SS1400  6 0.2193 0.3952 0.2747 0.1108 
   NS_SS1406  6 0.1792 0.0951 0.5419 0.1838 
   NS_SS1417  6 0.1896 0.2732 0.3518 0.1854 
   NS_SS1454  6 0.2608 0.3640 0.2647 0.1105 
   NS_SS1412  6 0.2532 0.3070 0.1918 0.2480 
   NS_SS1438  6 0.2048 0.4543 0.2325 0.1084 
   NS_SS1416  6 0.3136 0.2534 0.2623 0.1708 
   NS_SS1401  6 0.1679 0.2855 0.2940 0.2526 
   NS_SS1424  6 0.2019 0.2860 0.2788 0.2333 
   NS_SS1435  6 0.3731 0.2104 0.1078 0.3087 
   NS_SS1447  6 0.3033 0.1734 0.3598 0.1635 
   NS_SS1414  6 0.4047 0.1511 0.2929 0.1513 
   NS_SS1449  6 0.1797 0.1645 0.2047 0.4511 
   NS_SS1443  6 0.0794 0.3320 0.2196 0.3690 
   NS_SS1434  6 0.1001 0.1868 0.1382 0.5749 
   NS_SS1398  6 0.3192 0.1939 0.1453 0.3415 
   NS_SS1426  6 0.1488 0.4857 0.1751 0.1904 
   NS_SS1413  6 0.1265 0.3505 0.2254 0.2977 
   NS_SS1395  6 0.1352 0.3723 0.2432 0.2493 
   NS_SS1448  6 0.4013 0.2841 0.1204 0.1941 
   NS_SS1446  6 0.1451 0.3644 0.2410 0.2494 
   NS_SS1403  6 0.2722 0.2033 0.2335 0.2910 
   NS_SS1415  6 0.2330 0.3684 0.1752 0.2233 
   NS_SS1437  6 0.2979 0.2147 0.2814 0.2059 
   NS_SS1439  6 0.1385 0.2132 0.4141 0.2342 
   NS_SS1441  6 0.1343 0.3292 0.2179 0.3186 
   NS_SS1420  6 0.6213 0.1163 0.0934 0.1690 
   NS_SS1394  6 0.4971 0.1562 0.1811 0.1656 
   NS_SS1391  6 0.1174 0.2982 0.1258 0.4586 
   NS_SS1410  6 0.2008 0.3257 0.2079 0.2656 
   NS_SS1408  6 0.2526 0.1777 0.3544 0.2154 
   NS_SS1409  6 0.1159 0.2716 0.1505 0.4620 
   HI_SS0617  7 0.1790 0.2840 0.1278 0.4091 
   HI_SS0618  7 0.3724 0.1767 0.1697 0.2812 
   HI_SS0619  7 0.3117 0.2372 0.1481 0.3030 
   HI_SS0620  7 0.2428 0.4324 0.1151 0.2096 
   HI_SS0621  7 0.2523 0.1606 0.2839 0.3032 
   HI_SS0622  7 0.2391 0.1957 0.3683 0.1970 
   HI_SS0626  7 0.5005 0.2435 0.1461 0.1100 
   HI_SS0627  7 0.2663 0.1954 0.2366 0.3017 
   HI_SS0628  7 0.2767 0.4092 0.1358 0.1784 
   HI_SS0629  7 0.2811 0.3018 0.2668 0.1503 
   HI_SS0630  7 0.3048 0.2958 0.1480 0.2515 
   HI_SS0631  7 0.3403 0.2896 0.1669 0.2033 
   HI_SS0632  7 0.3867 0.2319 0.2443 0.1371 
   HI_SS0633  7 0.1896 0.1644 0.1639 0.4822 
   HI_SS0634  7 0.3558 0.2506 0.1897 0.2039 
   HI_SS0635  7 0.4098 0.1627 0.2322 0.1953 
   HI_SS0637  7 0.2456 0.2547 0.3830 0.1168 
   HI_SS0638  7 0.2698 0.2354 0.2090 0.2858 
   HI_SS0639  7 0.3638 0.1385 0.2538 0.2439 
   HI_SS0640  7 0.2273 0.1998 0.3157 0.2572 
   HI_SS0641  7 0.3810 0.3888 0.1402 0.0900 
   HI_SS0642  7 0.2606 0.1400 0.3090 0.2904 
   HI_SS0645  7 0.5833 0.0963 0.1396 0.1808 
   HI_SS0646  7 0.1144 0.1800 0.2714 0.4342 
   HI_SS0647  7 0.2183 0.1936 0.2730 0.3151 
   HI_SS0648  7 0.2966 0.2202 0.2390 0.2442 
   HI_SS0649  7 0.2216 0.2510 0.2454 0.2819 
   HI_SS0650  7 0.1762 0.1354 0.1436 0.5448 
   HI_SS0651  7 0.2507 0.2173 0.2512 0.2808 
   HI_SS0652  7 0.4865 0.1324 0.1545 0.2266 
   NS_SS1371  7 0.1134 0.2906 0.2434 0.3526 
   NS_SS1374  7 0.2728 0.4023 0.1490 0.1759 
   NS_SS1337  7 0.3571 0.1217 0.2983 0.2229 
   NS_SS1385  7 0.1463 0.1914 0.2731 0.3892 
   NS_SS1388  7 0.3351 0.2943 0.1501 0.2204 
   NS_SS1370  7 0.6235 0.1079 0.1627 0.1059 
   NS_SS1389  7 0.4545 0.2037 0.1307 0.2110 
   NS_SS1360  7 0.3017 0.3206 0.2510 0.1267 
   NS_SS1330  7 0.3432 0.1178 0.2921 0.2468 
   NS_SS1328  7 0.0930 0.3106 0.1440 0.4524 
   NS_SS1384  7 0.1916 0.2734 0.3664 0.1686 
   NS_SS1381  7 0.1745 0.0909 0.1766 0.5580 
   NS_SS1375  7 0.3841 0.1528 0.0835 0.3797 
   NS_SS1319  7 0.2741 0.2304 0.2140 0.2815 
   NS_SS1326  7 0.1686 0.4497 0.0988 0.2829 
   NS_SS1341  7 0.1283 0.3535 0.3735 0.1447 
   NS_SS1383  7 0.3155 0.2339 0.2302 0.2205 
   NS_SS1318  7 0.3325 0.2107 0.2163 0.2405 
   NS_SS1348  7 0.1471 0.4237 0.2649 0.1643 
   NS_SS1363  7 0.3450 0.1654 0.2999 0.1897 
   NS_SS1335  7 0.2240 0.2918 0.3796 0.1045 
   NS_SS1358  7 0.1138 0.2586 0.4268 0.2008 
   NS_SS1342  7 0.0920 0.2983 0.3980 0.2118 
   NS_SS1320  7 0.1327 0.0618 0.2642 0.5413 
   NS_SS1355  7 0.1750 0.1432 0.4345 0.2474 
   NS_SS1345  7 0.1346 0.0961 0.5990 0.1703 
   NS_SS1324  7 0.2508 0.3504 0.1987 0.2001 
   NS_SS1347  7 0.1921 0.2053 0.3111 0.2915 
   NS_SS1321  7 0.2324 0.3701 0.2116 0.1859 
   NS_SS1333  7 0.2583 0.3896 0.1275 0.2246 
   NS_SS1364  7 0.1307 0.3517 0.3978 0.1198 
   NS_SS1379  7 0.1983 0.2000 0.2429 0.3588 
   NS_SS1332  7 0.2046 0.4784 0.1840 0.1330 
   NS_SS1338  7 0.3386 0.3559 0.1649 0.1405 
   NS_SS1368  7 0.1389 0.3585 0.3633 0.1393 
   NS_SS1354  7 0.1995 0.2079 0.4072 0.1854 
   NS_SS1365  7 0.3385 0.1525 0.2796 0.2295 
   NS_SS1380  7 0.2704 0.1223 0.4648 0.1425 
   NS_SS1329  7 0.0867 0.3121 0.4279 0.1733 
   NS_SS1362  7 0.1525 0.2268 0.2969 0.3237 
   NS_SS1327  7 0.1401 0.6376 0.0700 0.1523 
   NS_SS1350  7 0.1062 0.2348 0.0849 0.5741 
   NS_SS1387  7 0.4794 0.2161 0.1754 0.1291 
   NS_SS1369  7 0.1879 0.3345 0.3316 0.1460 
   NS_SS1331  7 0.4430 0.2608 0.1399 0.1564 
   NS_SS1357  7 0.0876 0.2226 0.1197 0.5702 
   NS_SS1386  7 0.0915 0.5147 0.2850 0.1088 
   NS_SS1353  7 0.1891 0.1979 0.1893 0.4237 
   NS_SS1323  7 0.2029 0.1145 0.4020 0.2806 
   HI_SS0296  8 0.3113 0.3162 0.1412 0.2313 
   HI_SS0297  8 0.2081 0.1712 0.1767 0.4440 
   HI_SS0299  8 0.1922 0.2746 0.3370 0.1962 
   HI_SS0300  8 0.2813 0.2457 0.2672 0.2058 
   HI_SS0301  8 0.4486 0.2058 0.2778 0.0679 
   HI_SS0302  8 0.3594 0.3153 0.2079 0.1174 
   HI_SS0303  8 0.1397 0.4082 0.1649 0.2872 
   HI_SS0304  8 0.3984 0.2286 0.1243 0.2487 
   HI_SS0306  8 0.2820 0.4003 0.1697 0.1480 
   HI_SS0307  8 0.3004 0.1422 0.3068 0.2505 
   HI_SS0308  8 0.3461 0.1795 0.3067 0.1677 
   HI_SS0309  8 0.2095 0.1466 0.4565 0.1874 
   HI_SS0310  8 0.2860 0.2413 0.2012 0.2714 
   HI_SS0311  8 0.3744 0.2095 0.2753 0.1408 
   HI_SS0314  8 0.2058 0.2197 0.1825 0.3920 
   HI_SS0316  8 0.2108 0.3224 0.2545 0.2124 
   HI_SS0317  8 0.3436 0.2133 0.2426 0.2005 
   HI_SS0318  8 0.1968 0.4506 0.2074 0.1452 
   HI_SS0319  8 0.0947 0.5240 0.1977 0.1836 
   HI_SS0320  8 0.3956 0.1613 0.1567 0.2865 
   HI_SS0321  8 0.1781 0.3172 0.1920 0.3127 
   HI_SS0323  8 0.2843 0.3700 0.1521 0.1936 
   HI_SS0325  8 0.2932 0.3617 0.2174 0.1278 
   HI_SS0327  8 0.0578 0.2596 0.2185 0.4641 
   HI_SS0329  8 0.3949 0.2136 0.1989 0.1925 
   HI_SS0333  8 0.2636 0.2782 0.2046 0.2536 
   HI_SS0334  8 0.1545 0.4009 0.2740 0.1706 
   HI_SS0335  8 0.1594 0.1134 0.4982 0.2290 
   HI_SS0339  8 0.3020 0.1673 0.3649 0.1658 
   HI_SS0343  8 0.1212 0.1166 0.4502 0.3120 
   HI_SS0344  8 0.1019 0.5909 0.1329 0.1743 
   HI_SS0345  8 0.3059 0.2284 0.3513 0.1144 
   HI_SS0346  8 0.3008 0.3230 0.2001 0.1761 
   HI_SS0350  8 0.2247 0.0793 0.5186 0.1774 
   HI_SS0351  8 0.1152 0.1819 0.5621 0.1407 
   HI_SS0352  8 0.2308 0.1689 0.3519 0.2484 
   HI_SS0362  8 0.5010 0.1992 0.1638 0.1361 
   HI_SS0363  8 0.1098 0.3297 0.2255 0.3350 
   HI_SS0365  8 0.1489 0.3319 0.2062 0.3130 
   HI_SS0366  8 0.1480 0.4703 0.1715 0.2102 
   HI_SS0367  8 0.2584 0.1334 0.3374 0.2708 
   HI_SS0369  8 0.3694 0.1382 0.2459 0.2465 
   HI_SS0370  8 0.0918 0.1898 0.1583 0.5601 
   HI_SS0371  8 0.3107 0.4135 0.1451 0.1307 
   HI_SS0373  8 0.3142 0.2344 0.1614 0.2900 
   HI_SS0374  8 0.2807 0.1830 0.2485 0.2879 
   HI_SS0377  8 0.1529 0.2332 0.5092 0.1047 
   HI_SS0379  8 0.0963 0.6218 0.1906 0.0913 
   HI_SS0380  8 0.2477 0.1789 0.3280 0.2453 
   HI_SS0381  8 0.2980 0.1310 0.3956 0.1754 
   HI_SS0384  8 0.2051 0.3034 0.1145 0.3770 
   HI_SS0385  8 0.4137 0.3361 0.1085 0.1417 
