

----------------------------------------------------
STRUCTURE by Pritchard, Stephens and Donnelly (2000)
     and Falush, Stephens and Pritchard (2003)
       Code by Pritchard, Falush and Hubisz
             Version 2.3.4 (Jul 2012)
----------------------------------------------------



Command line arguments:   /home/genobiwan/Documents/Programs/Structure/structure -m parameter_job_k5_r5 
Input File:    /media/genobiwan/Storage/Projets/Mackerel_NWA_2021/data_job_k5_r5

Run parameters:
   557 individuals
   3930 loci
   5 populations assumed
   100000 Burn-in period
   200000 Reps


--------------------------------------------
Proportion of membership of each pre-defined
 population in each of the 5 clusters

Given    Inferred Clusters                     Number of
 Pop       1      2      3      4      5      Individuals

  1:     0.182  0.205  0.220  0.205  0.188       67
  2:     0.170  0.179  0.186  0.218  0.246       32
  3:     0.188  0.188  0.222  0.216  0.186       92
  4:     0.216  0.227  0.179  0.184  0.195       36
  5:     0.212  0.187  0.225  0.185  0.191       41
  6:     0.210  0.207  0.190  0.196  0.197      158
  7:     0.198  0.207  0.192  0.203  0.200       79
  8:     0.214  0.197  0.215  0.197  0.177       52
--------------------------------------------

Allele-freq. divergence among pops (Net nucleotide distance),
computed using point estimates of P.

      1       2       3       4       5      
 1      -    0.0034  0.0037  0.0040  0.0041  
 2   0.0034     -    0.0026  0.0031  0.0034  
 3   0.0037  0.0026     -    0.0029  0.0034  
 4   0.0040  0.0031  0.0029     -    0.0036  
 5   0.0041  0.0034  0.0034  0.0036     -    

Average distances (expected heterozygosity) between individuals in same cluster:
cluster  1  : 0.3108 
cluster  2  : 0.3126 
cluster  3  : 0.3118 
cluster  4  : 0.3110 
cluster  5  : 0.3131 

--------------------------------------------
Estimated Ln Prob of Data   = -2070900.9
Mean value of ln likelihood = -2061923.5
Variance of ln likelihood   = 17954.8
Mean value of alpha         = 1.9131

Mean value of Fst_1         = 0.0398
Mean value of Fst_2         = 0.0323
Mean value of Fst_3         = 0.0337
Mean value of Fst_4         = 0.0375
Mean value of Fst_5         = 0.0409


Inferred ancestry of individuals:
        Label (%Miss) Pop:  Inferred clusters
  1 NS_SS0963    (4)    1 :  0.111 0.292 0.291 0.152 0.154 
  2 NS_SS0983    (1)    1 :  0.370 0.158 0.213 0.137 0.122 
  3 NS_SS0719    (8)    1 :  0.189 0.270 0.148 0.230 0.162 
  4 NS_SS1001    (8)    1 :  0.122 0.088 0.224 0.253 0.312 
  5 NS_SS0936    (4)    1 :  0.108 0.261 0.263 0.104 0.265 
  6 NS_SS0955    (5)    1 :  0.235 0.202 0.296 0.159 0.107 
  7 NS_SS0944    (3)    1 :  0.208 0.125 0.328 0.160 0.178 
  8 NS_SS0945    (3)    1 :  0.234 0.157 0.179 0.175 0.255 
  9 NS_SS0922    (2)    1 :  0.101 0.200 0.143 0.215 0.340 
 10 NS_SS0929    (7)    1 :  0.255 0.220 0.245 0.143 0.137 
 11 NS_SS0956    (2)    1 :  0.100 0.116 0.157 0.412 0.216 
 12 NS_SS0906    (3)    1 :  0.223 0.177 0.329 0.146 0.125 
 13 NS_SS0721    (6)    1 :  0.164 0.177 0.137 0.389 0.133 
 14 NS_SS0982    (4)    1 :  0.126 0.246 0.270 0.207 0.151 
 15 NS_SS0923    (5)    1 :  0.140 0.193 0.238 0.219 0.210 
 16 NS_SS0905    (6)    1 :  0.180 0.130 0.247 0.255 0.189 
 17 NS_SS0925    (3)    1 :  0.089 0.149 0.336 0.197 0.229 
 18 NS_SS0947    (5)    1 :  0.135 0.203 0.262 0.144 0.256 
 19 NS_SS0926    (2)    1 :  0.319 0.336 0.144 0.128 0.073 
 20 NS_SS0918    (6)    1 :  0.098 0.152 0.414 0.221 0.115 
 21 NS_SS0966    (4)    1 :  0.133 0.228 0.323 0.155 0.161 
 22 NS_SS0938    (2)    1 :  0.105 0.397 0.119 0.117 0.262 
 23 NS_SS0917    (2)    1 :  0.285 0.283 0.085 0.155 0.192 
 24 NS_SS0957   (11)    1 :  0.165 0.176 0.188 0.344 0.127 
 25 NS_SS0987    (1)    1 :  0.158 0.130 0.189 0.439 0.083 
 26 NS_SS0717    (4)    1 :  0.116 0.081 0.227 0.288 0.288 
 27 NS_SS0986    (2)    1 :  0.237 0.199 0.202 0.266 0.096 
 28 NS_SS0953    (4)    1 :  0.112 0.078 0.378 0.186 0.245 
 29 NS_SS0907    (3)    1 :  0.172 0.173 0.413 0.116 0.126 
 30 NS_SS0974    (6)    1 :  0.193 0.175 0.264 0.106 0.262 
 31 NS_SS0989    (1)    1 :  0.336 0.295 0.081 0.108 0.181 
 32 NS_SS0991    (2)    1 :  0.232 0.093 0.357 0.252 0.067 
 33 NS_SS0994    (2)    1 :  0.459 0.126 0.114 0.087 0.214 
 34 NS_SS0931    (6)    1 :  0.293 0.222 0.215 0.195 0.075 
 35 NS_SS1000    (5)    1 :  0.128 0.192 0.237 0.160 0.282 
 36 NS_SS0919    (1)    1 :  0.200 0.371 0.241 0.100 0.087 
 37 NS_SS0949    (3)    1 :  0.289 0.255 0.125 0.144 0.187 
 38 NS_SS0960   (10)    1 :  0.246 0.165 0.244 0.231 0.114 
 39 NS_SS0716    (2)    1 :  0.121 0.114 0.082 0.455 0.228 
 40 NS_SS0924    (8)    1 :  0.209 0.199 0.275 0.192 0.125 
 41 NS_SS0935    (1)    1 :  0.318 0.097 0.202 0.257 0.127 
 42 NS_SS0952   (13)    1 :  0.282 0.197 0.289 0.115 0.117 
 43 NS_SS0962   (10)    1 :  0.108 0.355 0.140 0.205 0.193 
 44 NS_SS0973    (5)    1 :  0.149 0.154 0.357 0.144 0.197 
 45 NS_SS0722    (1)    1 :  0.089 0.080 0.283 0.136 0.412 
 46 NS_SS0979   (13)    1 :  0.120 0.215 0.230 0.288 0.147 
 47 NS_SS0993    (2)    1 :  0.087 0.169 0.327 0.183 0.234 
 48 NS_SS0958    (1)    1 :  0.305 0.156 0.174 0.180 0.185 
 49 NS_SS0988    (4)    1 :  0.183 0.357 0.216 0.163 0.082 
 50 NS_SS1003    (2)    1 :  0.068 0.455 0.150 0.259 0.068 
 51 NS_SS0976    (0)    1 :  0.272 0.262 0.228 0.133 0.105 
 52 NS_SS0964   (10)    1 :  0.100 0.092 0.151 0.297 0.361 
 53 NS_SS0939    (4)    1 :  0.088 0.173 0.061 0.414 0.265 
 54 NS_SS0990    (6)    1 :  0.235 0.301 0.080 0.222 0.162 
 55 NS_SS0984    (2)    1 :  0.087 0.203 0.167 0.213 0.329 
 56 NS_SS0980    (9)    1 :  0.106 0.123 0.332 0.099 0.341 
 57 NS_SS0978    (4)    1 :  0.138 0.221 0.214 0.124 0.304 
 58 NS_SS0951   (17)    1 :  0.225 0.088 0.274 0.329 0.083 
 59 NS_SS0913    (3)    1 :  0.141 0.124 0.168 0.341 0.226 
 60 NS_SS1002    (1)    1 :  0.083 0.497 0.215 0.088 0.117 
 61 NS_SS0948    (1)    1 :  0.199 0.213 0.296 0.173 0.119 
 62 NS_SS0916    (4)    1 :  0.201 0.231 0.105 0.156 0.306 
 63 NS_SS0995    (1)    1 :  0.132 0.195 0.134 0.256 0.283 
 64 NS_SS0927    (6)    1 :  0.268 0.234 0.118 0.126 0.254 
 65 NS_SS0992    (5)    1 :  0.214 0.251 0.142 0.095 0.298 
 66 NS_SS0912    (1)    1 :  0.221 0.194 0.168 0.330 0.086 
 67 NS_SS0981    (1)    1 :  0.109 0.278 0.278 0.240 0.094 
 68 NS_SS0729    (5)    2 :  0.354 0.128 0.226 0.059 0.233 
 69 NS_SS0967   (14)    2 :  0.099 0.332 0.299 0.117 0.153 
 70 NS_SS0941    (7)    2 :  0.141 0.207 0.132 0.191 0.328 
 71 NS_SS0768   (12)    2 :  0.151 0.187 0.227 0.290 0.145 
 72 NS_SS0726    (4)    2 :  0.235 0.266 0.161 0.070 0.268 
 73 NS_SS0763    (4)    2 :  0.287 0.159 0.200 0.128 0.227 
 74 NS_SS0730    (6)    2 :  0.119 0.246 0.137 0.267 0.231 
 75 NS_SS0774    (1)    2 :  0.092 0.172 0.213 0.168 0.356 
 76 NS_SS0723    (3)    2 :  0.069 0.275 0.241 0.189 0.226 
 77 NS_SS0940    (9)    2 :  0.228 0.210 0.099 0.217 0.247 
 78 NS_SS0762    (1)    2 :  0.073 0.090 0.197 0.228 0.412 
 79 NS_SS0766   (11)    2 :  0.203 0.106 0.091 0.266 0.333 
 80 NS_SS0724    (1)    2 :  0.116 0.115 0.301 0.278 0.190 
 81 NS_SS0769    (3)    2 :  0.163 0.298 0.158 0.216 0.166 
 82 NS_SS0777    (2)    2 :  0.265 0.200 0.228 0.207 0.100 
 83 NS_SS0734    (6)    2 :  0.222 0.146 0.131 0.295 0.206 
 84 NS_SS0737    (3)    2 :  0.092 0.137 0.113 0.159 0.498 
 85 NS_SS0732    (5)    2 :  0.101 0.117 0.240 0.402 0.140 
 86 NS_SS0728    (5)    2 :  0.161 0.141 0.153 0.222 0.322 
 87 NS_SS0735    (9)    2 :  0.127 0.074 0.233 0.222 0.344 
 88 NS_SS0725    (1)    2 :  0.121 0.205 0.148 0.183 0.344 
 89 NS_SS0788    (2)    2 :  0.149 0.408 0.135 0.168 0.140 
 90 NS_SS0778    (2)    2 :  0.212 0.325 0.165 0.191 0.107 
 91 NS_SS0792    (6)    2 :  0.208 0.130 0.208 0.274 0.180 
 92 NS_SS0943   (11)    2 :  0.288 0.110 0.343 0.159 0.099 
 93 NS_SS0791    (2)    2 :  0.256 0.118 0.099 0.262 0.264 
 94 NS_SS0790    (5)    2 :  0.056 0.116 0.298 0.351 0.179 
 95 NS_SS0731    (6)    2 :  0.122 0.138 0.174 0.402 0.164 
 96 NS_SS0727    (6)    2 :  0.287 0.072 0.126 0.099 0.417 
 97 NS_SS0779   (12)    2 :  0.170 0.210 0.219 0.221 0.181 
 98 NS_SS0776    (3)    2 :  0.183 0.186 0.131 0.198 0.303 
 99 NS_SS0775    (5)    2 :  0.097 0.120 0.122 0.283 0.377 
100 NS_SS0965    (3)    3 :  0.131 0.205 0.256 0.298 0.111 
101 NS_SS0754   (13)    3 :  0.293 0.147 0.143 0.265 0.152 
102 NS_SS0838    (5)    3 :  0.203 0.231 0.201 0.165 0.200 
103 NS_SS0839    (3)    3 :  0.087 0.214 0.165 0.238 0.296 
104 NS_SS0832    (4)    3 :  0.066 0.162 0.357 0.255 0.160 
105 NS_SS0820    (4)    3 :  0.079 0.312 0.200 0.253 0.157 
106 NS_SS0886    (9)    3 :  0.260 0.196 0.136 0.259 0.150 
107 NS_SS0748    (5)    3 :  0.221 0.192 0.311 0.168 0.108 
108 NS_SS0884    (9)    3 :  0.185 0.172 0.247 0.173 0.224 
109 NS_SS0752    (3)    3 :  0.149 0.183 0.204 0.160 0.305 
110 NS_SS0862    (1)    3 :  0.092 0.117 0.263 0.376 0.152 
111 NS_SS0787    (9)    3 :  0.469 0.146 0.142 0.143 0.101 
112 NS_SS0843    (6)    3 :  0.166 0.147 0.260 0.202 0.224 
113 NS_SS0856    (4)    3 :  0.171 0.245 0.081 0.160 0.343 
114 NS_SS0846    (2)    3 :  0.181 0.232 0.328 0.068 0.191 
115 NS_SS0825    (1)    3 :  0.164 0.376 0.160 0.203 0.096 
116 NS_SS0757    (3)    3 :  0.229 0.146 0.247 0.254 0.125 
117 NS_SS0876    (3)    3 :  0.151 0.152 0.228 0.195 0.274 
118 NS_SS0903    (9)    3 :  0.088 0.179 0.318 0.100 0.315 
119 NS_SS0875    (7)    3 :  0.162 0.248 0.136 0.285 0.169 
120 NS_SS0740    (5)    3 :  0.163 0.132 0.281 0.187 0.238 
121 NS_SS0811    (5)    3 :  0.092 0.107 0.188 0.472 0.140 
122 NS_SS0751    (1)    3 :  0.132 0.304 0.107 0.198 0.259 
123 NS_SS0891    (6)    3 :  0.164 0.228 0.146 0.202 0.260 
124 NS_SS0867    (2)    3 :  0.191 0.185 0.404 0.136 0.084 
125 NS_SS0890    (6)    3 :  0.170 0.202 0.235 0.189 0.204 
126 NS_SS0866   (11)    3 :  0.440 0.144 0.120 0.122 0.173 
127 NS_SS0755    (4)    3 :  0.155 0.195 0.271 0.239 0.140 
128 NS_SS0758    (4)    3 :  0.183 0.158 0.205 0.150 0.304 
129 NS_SS0840    (2)    3 :  0.069 0.280 0.255 0.227 0.169 
130 NS_SS0889    (4)    3 :  0.340 0.129 0.167 0.255 0.109 
131 NS_SS1010    (1)    3 :  0.149 0.334 0.205 0.180 0.132 
132 NS_SS0888    (5)    3 :  0.396 0.079 0.106 0.154 0.264 
133 NS_SS0837    (3)    3 :  0.104 0.130 0.323 0.323 0.120 
134 NS_SS0794    (9)    3 :  0.338 0.081 0.128 0.179 0.273 
135 NS_SS0823    (4)    3 :  0.096 0.163 0.357 0.122 0.262 
136 NS_SS0829    (7)    3 :  0.385 0.092 0.246 0.211 0.066 
137 NS_SS0844    (5)    3 :  0.061 0.131 0.572 0.114 0.121 
138 NS_SS1008    (5)    3 :  0.297 0.094 0.147 0.178 0.284 
139 NS_SS0881    (3)    3 :  0.203 0.372 0.114 0.185 0.126 
140 NS_SS0834    (6)    3 :  0.099 0.216 0.146 0.148 0.391 
141 NS_SS0744   (10)    3 :  0.178 0.249 0.219 0.174 0.180 
142 NS_SS0899    (7)    3 :  0.096 0.090 0.255 0.419 0.141 
143 NS_SS0804    (4)    3 :  0.066 0.194 0.275 0.282 0.182 
144 NS_SS0781   (10)    3 :  0.084 0.300 0.273 0.172 0.171 
145 NS_SS0822    (6)    3 :  0.205 0.091 0.288 0.138 0.278 
146 NS_SS1004    (4)    3 :  0.137 0.180 0.357 0.169 0.158 
147 NS_SS0746    (5)    3 :  0.184 0.167 0.372 0.103 0.173 
148 NS_SS0880    (3)    3 :  0.117 0.192 0.326 0.168 0.196 
149 NS_SS0879    (4)    3 :  0.149 0.137 0.228 0.209 0.277 
150 NS_SS0753    (2)    3 :  0.259 0.114 0.278 0.242 0.107 
151 NS_SS1007    (2)    3 :  0.141 0.283 0.083 0.117 0.377 
152 NS_SS0872    (5)    3 :  0.120 0.236 0.210 0.191 0.243 
153 NS_SS1005    (7)    3 :  0.113 0.227 0.354 0.130 0.176 
154 NS_SS0892    (6)    3 :  0.188 0.184 0.196 0.217 0.215 
155 NS_SS0898    (0)    3 :  0.249 0.167 0.212 0.229 0.143 
156 NS_SS0801    (9)    3 :  0.168 0.142 0.291 0.287 0.113 
157 NS_SS0827    (8)    3 :  0.212 0.175 0.160 0.368 0.084 
158 NS_SS0853    (6)    3 :  0.229 0.096 0.150 0.421 0.104 
159 NS_SS0780    (2)    3 :  0.116 0.270 0.170 0.250 0.194 
160 NS_SS0826   (10)    3 :  0.152 0.397 0.279 0.102 0.070 
161 NS_SS0818    (5)    3 :  0.073 0.244 0.182 0.241 0.259 
162 NS_SS0745    (1)    3 :  0.082 0.130 0.062 0.380 0.347 
163 NS_SS0849    (3)    3 :  0.123 0.187 0.192 0.427 0.072 
164 NS_SS0739    (3)    3 :  0.155 0.314 0.082 0.267 0.183 
165 NS_SS0799    (1)    3 :  0.259 0.085 0.191 0.185 0.280 
166 NS_SS0756    (2)    3 :  0.088 0.262 0.353 0.189 0.108 
167 NS_SS0802    (2)    3 :  0.198 0.350 0.154 0.099 0.200 
168 NS_SS0747    (6)    3 :  0.166 0.248 0.284 0.137 0.164 
169 NS_SS0835    (1)    3 :  0.373 0.226 0.143 0.097 0.161 
170 NS_SS0742   (18)    3 :  0.115 0.271 0.238 0.188 0.188 
171 NS_SS0760    (9)    3 :  0.384 0.159 0.158 0.140 0.159 
172 NS_SS0803    (4)    3 :  0.083 0.078 0.500 0.099 0.241 
173 NS_SS0828   (13)    3 :  0.189 0.137 0.183 0.342 0.150 
174 NS_SS0865    (2)    3 :  0.177 0.300 0.204 0.228 0.090 
175 NS_SS0759    (4)    3 :  0.097 0.166 0.183 0.285 0.268 
176 NS_SS0851    (5)    3 :  0.112 0.132 0.146 0.491 0.120 
177 NS_SS0874   (16)    3 :  0.099 0.130 0.454 0.147 0.170 
178 NS_SS0761    (6)    3 :  0.340 0.159 0.226 0.194 0.081 
179 NS_SS0842   (25)    3 :  0.262 0.157 0.200 0.204 0.177 
180 NS_SS0785    (6)    3 :  0.242 0.145 0.282 0.166 0.166 
181 NS_SS0860   (11)    3 :  0.392 0.193 0.173 0.099 0.143 
182 NS_SS0897    (7)    3 :  0.452 0.099 0.118 0.193 0.138 
183 NS_SS0841   (14)    3 :  0.092 0.126 0.221 0.348 0.213 
184 NS_SS0797    (6)    3 :  0.253 0.191 0.193 0.278 0.085 
185 NS_SS0830   (10)    3 :  0.185 0.236 0.188 0.260 0.130 
186 NS_SS1011    (5)    3 :  0.094 0.355 0.253 0.171 0.127 
187 NS_SS0883    (5)    3 :  0.233 0.119 0.197 0.319 0.132 
188 NS_SS0782    (2)    3 :  0.232 0.109 0.155 0.149 0.355 
189 NS_SS0831    (5)    3 :  0.364 0.092 0.148 0.306 0.089 
190 NS_SS0749    (7)    3 :  0.215 0.158 0.121 0.301 0.206 
191 NS_SS0854    (2)    3 :  0.194 0.126 0.176 0.139 0.364 
192 HI_SS0193    (0)    4 :  0.291 0.147 0.108 0.209 0.245 
193 HI_SS0194    (0)    4 :  0.132 0.254 0.148 0.117 0.349 
194 HI_SS0195    (9)    4 :  0.077 0.254 0.106 0.404 0.160 
195 HI_SS0196    (6)    4 :  0.222 0.128 0.141 0.159 0.350 
196 HI_SS0197    (3)    4 :  0.105 0.606 0.091 0.078 0.120 
197 HI_SS0198    (1)    4 :  0.241 0.169 0.144 0.303 0.142 
198 HI_SS0199    (1)    4 :  0.283 0.115 0.137 0.113 0.352 
199 HI_SS0201    (4)    4 :  0.366 0.147 0.256 0.165 0.066 
200 HI_SS0215    (1)    4 :  0.349 0.200 0.211 0.161 0.079 
201 HI_SS0218    (1)    4 :  0.436 0.076 0.085 0.205 0.198 
202 HI_SS0222    (0)    4 :  0.190 0.236 0.086 0.267 0.221 
203 HI_SS0230    (1)    4 :  0.135 0.361 0.200 0.209 0.095 
204 HI_SS0234    (1)    4 :  0.159 0.300 0.158 0.069 0.313 
205 HI_SS0240    (1)    4 :  0.154 0.138 0.105 0.176 0.428 
206 HI_SS0241    (0)    4 :  0.314 0.187 0.206 0.150 0.143 
207 HI_SS0242    (0)    4 :  0.211 0.155 0.271 0.198 0.165 
208 HI_SS0247    (0)    4 :  0.133 0.179 0.416 0.174 0.099 
209 HI_SS0248    (1)    4 :  0.318 0.065 0.220 0.093 0.306 
210 HI_SS0252    (2)    4 :  0.125 0.084 0.249 0.217 0.325 
211 HI_SS0254    (1)    4 :  0.194 0.357 0.196 0.110 0.143 
212 HI_SS0256    (0)    4 :  0.041 0.241 0.274 0.202 0.242 
213 HI_SS0257    (0)    4 :  0.297 0.213 0.271 0.057 0.162 
214 HI_SS0258    (1)    4 :  0.333 0.120 0.200 0.187 0.161 
215 HI_SS0259    (1)    4 :  0.113 0.360 0.110 0.169 0.248 
216 HI_SS0260    (1)    4 :  0.333 0.125 0.139 0.147 0.256 
217 HI_SS0261    (2)    4 :  0.204 0.299 0.239 0.083 0.175 
218 HI_SS0262    (0)    4 :  0.142 0.205 0.152 0.313 0.189 
219 HI_SS0264    (1)    4 :  0.130 0.296 0.168 0.266 0.141 
220 HI_SS0265    (0)    4 :  0.123 0.347 0.151 0.254 0.125 
221 HI_SS0268    (1)    4 :  0.212 0.305 0.065 0.266 0.151 
222 HI_SS0269    (1)    4 :  0.388 0.235 0.157 0.057 0.162 
223 HI_SS0273    (0)    4 :  0.285 0.217 0.252 0.120 0.127 
224 HI_SS0277    (1)    4 :  0.091 0.549 0.166 0.118 0.075 
225 HI_SS0280    (0)    4 :  0.182 0.167 0.102 0.359 0.191 
226 HI_SS0282    (1)    4 :  0.242 0.116 0.314 0.171 0.157 
227 HI_SS0286    (1)    4 :  0.225 0.200 0.149 0.278 0.148 
228 NS_SS1252    (3)    5 :  0.468 0.087 0.172 0.121 0.151 
229 NS_SS1261    (1)    5 :  0.175 0.258 0.204 0.188 0.174 
230 NS_SS1225    (9)    5 :  0.234 0.148 0.410 0.112 0.096 
231 NS_SS1266    (1)    5 :  0.070 0.139 0.482 0.153 0.156 
232 NS_SS1228    (0)    5 :  0.132 0.167 0.119 0.443 0.139 
233 NS_SS1255    (2)    5 :  0.160 0.104 0.142 0.124 0.470 
234 NS_SS1267    (3)    5 :  0.488 0.145 0.086 0.159 0.122 
235 NS_SS1238    (6)    5 :  0.203 0.300 0.110 0.254 0.132 
236 NS_SS1233    (8)    5 :  0.107 0.126 0.486 0.175 0.106 
237 NS_SS1277    (3)    5 :  0.317 0.112 0.085 0.168 0.318 
238 NS_SS1245    (1)    5 :  0.210 0.157 0.344 0.106 0.184 
239 NS_SS1240    (4)    5 :  0.475 0.195 0.110 0.082 0.137 
240 NS_SS1275    (2)    5 :  0.064 0.410 0.175 0.220 0.131 
241 NS_SS1235    (1)    5 :  0.133 0.178 0.255 0.061 0.373 
242 NS_SS1263    (1)    5 :  0.097 0.105 0.352 0.159 0.288 
243 NS_SS1251    (1)    5 :  0.110 0.195 0.380 0.131 0.184 
244 NS_SS1248    (0)    5 :  0.190 0.136 0.114 0.489 0.071 
245 NS_SS1244    (0)    5 :  0.151 0.390 0.247 0.117 0.095 
246 NS_SS1257    (0)    5 :  0.341 0.134 0.151 0.156 0.218 
247 NS_SS1242    (2)    5 :  0.106 0.183 0.217 0.215 0.279 
248 NS_SS1271    (6)    5 :  0.444 0.157 0.117 0.147 0.135 
249 NS_SS1265    (1)    5 :  0.354 0.210 0.181 0.137 0.118 
250 NS_SS1243    (0)    5 :  0.153 0.087 0.158 0.346 0.257 
251 NS_SS1273    (1)    5 :  0.090 0.172 0.188 0.238 0.312 
252 NS_SS1254   (14)    5 :  0.111 0.115 0.427 0.177 0.170 
253 NS_SS1224    (1)    5 :  0.104 0.140 0.309 0.290 0.157 
254 NS_SS1227    (8)    5 :  0.273 0.312 0.127 0.097 0.192 
255 NS_SS1274    (8)    5 :  0.278 0.126 0.173 0.205 0.218 
256 NS_SS1241    (1)    5 :  0.238 0.166 0.288 0.165 0.142 
257 NS_SS1256    (3)    5 :  0.205 0.240 0.345 0.085 0.124 
258 NS_SS1260    (8)    5 :  0.345 0.138 0.179 0.121 0.218 
259 NS_SS1262    (0)    5 :  0.235 0.191 0.296 0.177 0.101 
260 NS_SS1230    (0)    5 :  0.261 0.166 0.195 0.198 0.180 
261 NS_SS1270    (2)    5 :  0.114 0.168 0.345 0.299 0.075 
262 NS_SS1229    (2)    5 :  0.091 0.307 0.160 0.058 0.384 
263 NS_SS1246    (5)    5 :  0.267 0.300 0.115 0.097 0.222 
264 NS_SS1269    (0)    5 :  0.156 0.173 0.199 0.240 0.232 
265 NS_SS1239    (1)    5 :  0.105 0.117 0.129 0.307 0.342 
266 NS_SS1272    (4)    5 :  0.110 0.536 0.169 0.094 0.091 
267 NS_SS1268    (1)    5 :  0.108 0.088 0.320 0.379 0.106 
268 NS_SS1249    (0)    5 :  0.435 0.091 0.147 0.094 0.233 
269 HI_SS0559    (0)    6 :  0.216 0.080 0.219 0.249 0.234 
270 HI_SS0563    (1)    6 :  0.170 0.212 0.254 0.182 0.181 
271 HI_SS0564    (0)    6 :  0.142 0.264 0.208 0.206 0.179 
272 HI_SS0565    (0)    6 :  0.214 0.333 0.220 0.118 0.115 
273 HI_SS0569    (0)    6 :  0.274 0.141 0.381 0.145 0.059 
274 HI_SS0570    (0)    6 :  0.372 0.188 0.084 0.202 0.154 
275 HI_SS0572    (1)    6 :  0.105 0.178 0.205 0.105 0.407 
276 HI_SS0576    (0)    6 :  0.110 0.204 0.127 0.361 0.199 
277 HI_SS0579    (1)    6 :  0.198 0.088 0.439 0.097 0.177 
278 HI_SS0580    (1)    6 :  0.290 0.099 0.141 0.203 0.266 
279 HI_SS0581    (0)    6 :  0.083 0.393 0.117 0.275 0.131 
280 HI_SS0583    (1)    6 :  0.347 0.131 0.197 0.097 0.229 
281 HI_SS0586    (1)    6 :  0.431 0.127 0.107 0.251 0.084 
282 HI_SS0588    (1)    6 :  0.279 0.107 0.296 0.146 0.172 
283 HI_SS0595    (4)    6 :  0.237 0.400 0.125 0.096 0.141 
284 HI_SS0596    (0)    6 :  0.092 0.103 0.182 0.153 0.469 
285 HI_SS0597    (1)    6 :  0.128 0.266 0.202 0.120 0.284 
286 HI_SS0600    (0)    6 :  0.240 0.278 0.141 0.153 0.187 
287 HI_SS0601    (1)    6 :  0.172 0.240 0.339 0.176 0.073 
288 HI_SS0602    (1)    6 :  0.302 0.104 0.108 0.332 0.154 
289 HI_SS0604    (0)    6 :  0.172 0.095 0.303 0.226 0.203 
290 HI_SS0605    (1)    6 :  0.247 0.106 0.158 0.301 0.187 
291 HI_SS0608    (0)    6 :  0.175 0.161 0.117 0.316 0.231 
292 HI_SS0609    (0)    6 :  0.097 0.209 0.372 0.128 0.194 
293 HI_SS0611    (5)    6 :  0.363 0.104 0.120 0.293 0.120 
294 HI_SS0612    (1)    6 :  0.160 0.115 0.443 0.056 0.226 
295 HI_SS0613    (1)    6 :  0.192 0.107 0.198 0.407 0.096 
296 HI_SS0615    (0)    6 :  0.081 0.217 0.116 0.248 0.337 
297 HI_SS0001    (1)    6 :  0.241 0.210 0.126 0.103 0.319 
298 HI_SS0002    (1)    6 :  0.091 0.241 0.305 0.145 0.218 
299 HI_SS0004    (0)    6 :  0.327 0.117 0.096 0.203 0.257 
300 HI_SS0005    (1)    6 :  0.156 0.207 0.112 0.422 0.103 
301 HI_SS0006    (1)    6 :  0.269 0.224 0.285 0.092 0.130 
302 HI_SS0007    (1)    6 :  0.288 0.069 0.101 0.402 0.140 
303 HI_SS0008    (0)    6 :  0.138 0.330 0.197 0.219 0.117 
304 HI_SS0009    (0)    6 :  0.098 0.078 0.171 0.344 0.308 
305 HI_SS0010    (1)    6 :  0.230 0.204 0.173 0.281 0.112 
306 HI_SS0011    (1)    6 :  0.107 0.277 0.366 0.175 0.075 
307 HI_SS0012    (0)    6 :  0.079 0.338 0.165 0.195 0.223 
308 HI_SS0017    (1)    6 :  0.131 0.170 0.127 0.153 0.420 
309 HI_SS0021    (1)    6 :  0.294 0.281 0.126 0.183 0.117 
310 HI_SS0024    (1)    6 :  0.109 0.299 0.099 0.269 0.225 
311 HI_SS0025    (1)    6 :  0.117 0.104 0.197 0.258 0.324 
312 HI_SS0027    (0)    6 :  0.268 0.080 0.269 0.228 0.155 
313 HI_SS0028    (0)    6 :  0.065 0.366 0.106 0.351 0.112 
314 HI_SS0029    (1)    6 :  0.207 0.219 0.079 0.237 0.259 
315 HI_SS0030    (2)    6 :  0.204 0.191 0.201 0.184 0.220 
316 HI_SS0031    (0)    6 :  0.123 0.327 0.222 0.102 0.226 
317 HI_SS0034    (0)    6 :  0.337 0.102 0.283 0.095 0.183 
318 HI_SS0036    (0)    6 :  0.355 0.268 0.055 0.215 0.107 
319 HI_SS0037    (1)    6 :  0.377 0.102 0.171 0.246 0.104 
320 HI_SS0039    (0)    6 :  0.275 0.173 0.110 0.346 0.095 
321 HI_SS0041    (1)    6 :  0.118 0.173 0.098 0.380 0.231 
322 HI_SS0042    (1)    6 :  0.099 0.301 0.175 0.218 0.207 
323 HI_SS0043    (1)    6 :  0.429 0.251 0.109 0.129 0.083 
324 HI_SS0044    (1)    6 :  0.277 0.114 0.075 0.162 0.372 
325 HI_SS0047    (1)    6 :  0.127 0.161 0.224 0.213 0.275 
326 HI_SS0049    (0)    6 :  0.141 0.106 0.228 0.166 0.358 
327 HI_SS0051    (1)    6 :  0.147 0.121 0.293 0.337 0.102 
328 HI_SS0053    (1)    6 :  0.345 0.287 0.152 0.097 0.119 
329 HI_SS0054    (4)    6 :  0.309 0.125 0.330 0.167 0.069 
330 HI_SS0057    (0)    6 :  0.142 0.227 0.173 0.324 0.134 
331 HI_SS0058    (0)    6 :  0.319 0.098 0.227 0.180 0.176 
332 HI_SS0060    (0)    6 :  0.149 0.292 0.199 0.263 0.097 
333 HI_SS0087    (1)    6 :  0.200 0.283 0.246 0.110 0.161 
334 HI_SS0091    (0)    6 :  0.391 0.288 0.146 0.068 0.107 
335 HI_SS0095    (1)    6 :  0.211 0.264 0.209 0.139 0.177 
336 HI_SS0097    (3)    6 :  0.118 0.143 0.489 0.121 0.130 
337 HI_SS0099    (0)    6 :  0.173 0.143 0.132 0.283 0.269 
338 HI_SS0103    (0)    6 :  0.148 0.247 0.171 0.109 0.325 
339 HI_SS0105    (1)    6 :  0.145 0.358 0.237 0.163 0.097 
340 HI_SS0107    (1)    6 :  0.071 0.226 0.184 0.118 0.401 
341 HI_SS0108    (1)    6 :  0.498 0.131 0.135 0.109 0.127 
342 HI_SS0110    (0)    6 :  0.189 0.410 0.120 0.089 0.192 
343 HI_SS0111    (1)    6 :  0.175 0.290 0.114 0.215 0.205 
344 HI_SS0112    (0)    6 :  0.444 0.162 0.107 0.141 0.146 
345 HI_SS0113    (1)    6 :  0.098 0.287 0.178 0.179 0.258 
346 HI_SS0114    (1)    6 :  0.307 0.131 0.214 0.257 0.091 
347 HI_SS0115    (1)    6 :  0.183 0.070 0.211 0.184 0.352 
348 HI_SS0116    (4)    6 :  0.326 0.121 0.115 0.114 0.324 
349 HI_SS0117    (0)    6 :  0.242 0.319 0.269 0.071 0.099 
350 HI_SS0118    (0)    6 :  0.291 0.212 0.223 0.109 0.164 
351 HI_SS0119    (1)    6 :  0.229 0.363 0.188 0.128 0.093 
352 HI_SS0120    (1)    6 :  0.075 0.349 0.119 0.087 0.370 
353 HI_SS0121    (1)    6 :  0.075 0.447 0.161 0.260 0.057 
354 HI_SS0122    (2)    6 :  0.201 0.299 0.139 0.213 0.148 
355 HI_SS0123    (0)    6 :  0.173 0.298 0.260 0.098 0.171 
356 HI_SS0124    (1)    6 :  0.079 0.118 0.122 0.277 0.404 
357 HI_SS0125    (1)    6 :  0.081 0.256 0.137 0.287 0.239 
358 HI_SS0126    (0)    6 :  0.390 0.137 0.102 0.122 0.249 
359 HI_SS0127    (0)    6 :  0.159 0.110 0.273 0.369 0.089 
360 HI_SS0128    (0)    6 :  0.152 0.227 0.218 0.105 0.298 
361 HI_SS0129    (1)    6 :  0.318 0.181 0.115 0.168 0.218 
362 HI_SS0131    (2)    6 :  0.276 0.127 0.249 0.278 0.071 
363 HI_SS0132    (0)    6 :  0.165 0.353 0.197 0.183 0.103 
364 HI_SS0133    (1)    6 :  0.481 0.121 0.106 0.138 0.154 
365 HI_SS0134    (1)    6 :  0.210 0.193 0.271 0.141 0.185 
366 HI_SS0142    (3)    6 :  0.147 0.291 0.291 0.154 0.117 
367 HI_SS0145    (0)    6 :  0.221 0.119 0.325 0.101 0.233 
368 HI_SS0146    (1)    6 :  0.243 0.101 0.289 0.185 0.182 
369 HI_SS0147    (1)    6 :  0.116 0.160 0.234 0.386 0.105 
370 HI_SS0149    (1)    6 :  0.153 0.495 0.183 0.092 0.077 
371 HI_SS0150    (2)    6 :  0.098 0.172 0.177 0.307 0.245 
372 HI_SS0151    (0)    6 :  0.204 0.075 0.176 0.186 0.359 
373 NS_SS1451    (1)    6 :  0.084 0.195 0.128 0.293 0.300 
374 NS_SS1404    (0)    6 :  0.159 0.183 0.130 0.389 0.138 
375 NS_SS1432    (2)    6 :  0.083 0.408 0.064 0.175 0.271 
376 NS_SS1405    (4)    6 :  0.200 0.153 0.133 0.200 0.314 
377 NS_SS1431   (10)    6 :  0.086 0.370 0.131 0.176 0.236 
378 NS_SS1402    (3)    6 :  0.192 0.289 0.194 0.117 0.208 
379 NS_SS1450    (3)    6 :  0.298 0.132 0.112 0.174 0.284 
380 NS_SS1396    (0)    6 :  0.171 0.227 0.183 0.245 0.175 
381 NS_SS1393    (5)    6 :  0.251 0.164 0.143 0.200 0.241 
382 NS_SS1392   (10)    6 :  0.134 0.133 0.082 0.272 0.379 
383 NS_SS1445    (0)    6 :  0.295 0.220 0.246 0.151 0.088 
384 NS_SS1423    (0)    6 :  0.205 0.342 0.133 0.090 0.228 
385 NS_SS1421    (9)    6 :  0.222 0.275 0.197 0.140 0.166 
386 NS_SS1411    (6)    6 :  0.321 0.085 0.109 0.378 0.106 
387 NS_SS1453    (5)    6 :  0.265 0.355 0.105 0.159 0.116 
388 NS_SS1442    (2)    6 :  0.167 0.126 0.359 0.167 0.182 
389 NS_SS1422    (1)    6 :  0.146 0.164 0.324 0.094 0.272 
390 NS_SS1419    (1)    6 :  0.129 0.100 0.406 0.272 0.093 
391 NS_SS1427    (0)    6 :  0.407 0.147 0.067 0.080 0.299 
392 NS_SS1444    (3)    6 :  0.126 0.106 0.272 0.316 0.180 
393 NS_SS1455    (0)    6 :  0.090 0.183 0.279 0.135 0.313 
394 NS_SS1425    (2)    6 :  0.410 0.153 0.199 0.145 0.093 
395 NS_SS1400    (0)    6 :  0.337 0.104 0.252 0.196 0.111 
396 NS_SS1406    (1)    6 :  0.065 0.320 0.357 0.126 0.131 
397 NS_SS1417    (6)    6 :  0.222 0.187 0.243 0.171 0.176 
398 NS_SS1454    (2)    6 :  0.272 0.342 0.120 0.180 0.086 
399 NS_SS1412    (1)    6 :  0.265 0.175 0.136 0.223 0.201 
400 NS_SS1438    (1)    6 :  0.352 0.124 0.238 0.204 0.082 
401 NS_SS1416    (4)    6 :  0.195 0.241 0.185 0.227 0.151 
402 NS_SS1401    (0)    6 :  0.189 0.361 0.175 0.121 0.154 
403 NS_SS1424    (6)    6 :  0.197 0.367 0.152 0.153 0.131 
404 NS_SS1435    (9)    6 :  0.166 0.212 0.083 0.275 0.264 
405 NS_SS1447    (4)    6 :  0.122 0.163 0.314 0.264 0.137 
406 NS_SS1414    (3)    6 :  0.115 0.106 0.262 0.348 0.169 
407 NS_SS1449   (14)    6 :  0.146 0.287 0.146 0.146 0.274 
408 NS_SS1443    (4)    6 :  0.297 0.128 0.235 0.066 0.274 
409 NS_SS1434    (1)    6 :  0.189 0.100 0.157 0.088 0.467 
410 NS_SS1398    (1)    6 :  0.155 0.199 0.124 0.222 0.301 
411 NS_SS1426    (1)    6 :  0.376 0.183 0.144 0.135 0.162 
412 NS_SS1413    (0)    6 :  0.296 0.148 0.194 0.106 0.256 
413 NS_SS1395    (1)    6 :  0.285 0.271 0.166 0.099 0.178 
414 NS_SS1448   (10)    6 :  0.272 0.119 0.103 0.333 0.173 
415 NS_SS1446    (0)    6 :  0.300 0.237 0.172 0.118 0.174 
416 NS_SS1403    (2)    6 :  0.118 0.441 0.108 0.159 0.174 
417 NS_SS1415    (0)    6 :  0.317 0.128 0.157 0.211 0.187 
418 NS_SS1437    (4)    6 :  0.134 0.398 0.159 0.186 0.124 
419 NS_SS1439    (2)    6 :  0.175 0.173 0.337 0.127 0.188 
420 NS_SS1441    (3)    6 :  0.274 0.155 0.212 0.100 0.259 
421 NS_SS1420    (2)    6 :  0.111 0.067 0.116 0.556 0.150 
422 NS_SS1394    (2)    6 :  0.108 0.224 0.128 0.374 0.166 
423 NS_SS1391    (7)    6 :  0.257 0.181 0.100 0.100 0.362 
424 NS_SS1410    (5)    6 :  0.246 0.287 0.142 0.147 0.178 
425 NS_SS1408    (1)    6 :  0.137 0.316 0.225 0.181 0.140 
426 NS_SS1409    (1)    6 :  0.231 0.155 0.139 0.097 0.378 
427 HI_SS0617    (1)    7 :  0.270 0.127 0.111 0.155 0.336 
428 HI_SS0618    (2)    7 :  0.139 0.124 0.185 0.295 0.258 
429 HI_SS0619    (0)    7 :  0.217 0.135 0.119 0.237 0.291 
430 HI_SS0620    (1)    7 :  0.398 0.062 0.125 0.239 0.177 
431 HI_SS0621    (3)    7 :  0.139 0.243 0.213 0.189 0.215 
432 HI_SS0622    (1)    7 :  0.188 0.135 0.317 0.200 0.160 
433 HI_SS0626    (0)    7 :  0.181 0.205 0.106 0.413 0.096 
434 HI_SS0627    (0)    7 :  0.105 0.434 0.109 0.162 0.189 
435 HI_SS0628    (3)    7 :  0.324 0.262 0.098 0.191 0.126 
436 HI_SS0629    (1)    7 :  0.221 0.272 0.186 0.207 0.114 
437 HI_SS0630    (1)    7 :  0.255 0.102 0.171 0.264 0.208 
438 HI_SS0631    (0)    7 :  0.243 0.170 0.138 0.284 0.164 
439 HI_SS0632    (0)    7 :  0.177 0.145 0.249 0.323 0.106 
440 HI_SS0633    (0)    7 :  0.161 0.088 0.150 0.150 0.451 
441 HI_SS0634    (1)    7 :  0.190 0.302 0.124 0.253 0.131 
442 HI_SS0635    (0)    7 :  0.118 0.183 0.205 0.310 0.183 
443 HI_SS0637    (1)    7 :  0.184 0.210 0.308 0.214 0.084 
444 HI_SS0638    (0)    7 :  0.197 0.173 0.167 0.214 0.249 
445 HI_SS0639    (1)    7 :  0.106 0.197 0.218 0.275 0.203 
446 HI_SS0640    (1)    7 :  0.141 0.123 0.353 0.178 0.205 
447 HI_SS0641    (1)    7 :  0.318 0.119 0.130 0.343 0.090 
448 HI_SS0642    (0)    7 :  0.080 0.526 0.134 0.131 0.129 
449 HI_SS0645    (0)    7 :  0.074 0.086 0.150 0.484 0.205 
450 HI_SS0646    (1)    7 :  0.161 0.200 0.201 0.092 0.345 
451 HI_SS0647    (1)    7 :  0.163 0.232 0.178 0.170 0.256 
452 HI_SS0648    (0)    7 :  0.179 0.167 0.221 0.229 0.204 
453 HI_SS0649    (1)    7 :  0.194 0.160 0.223 0.168 0.254 
454 HI_SS0650    (1)    7 :  0.113 0.169 0.121 0.145 0.453 
455 HI_SS0651    (1)    7 :  0.168 0.158 0.227 0.205 0.242 
456 HI_SS0652    (1)    7 :  0.107 0.101 0.147 0.427 0.217 
457 NS_SS1371    (3)    7 :  0.226 0.317 0.145 0.082 0.230 
458 NS_SS1374    (0)    7 :  0.297 0.315 0.079 0.187 0.123 
459 NS_SS1337    (3)    7 :  0.102 0.315 0.149 0.283 0.151 
460 NS_SS1385    (5)    7 :  0.153 0.193 0.230 0.125 0.300 
461 NS_SS1388    (0)    7 :  0.222 0.194 0.113 0.239 0.232 
462 NS_SS1370    (1)    7 :  0.098 0.129 0.135 0.550 0.087 
463 NS_SS1389    (3)    7 :  0.160 0.187 0.100 0.331 0.223 
464 NS_SS1360    (1)    7 :  0.252 0.148 0.241 0.254 0.105 
465 NS_SS1330    (0)    7 :  0.102 0.131 0.233 0.297 0.236 
466 NS_SS1328    (8)    7 :  0.266 0.178 0.126 0.073 0.357 
467 NS_SS1384    (1)    7 :  0.190 0.238 0.293 0.163 0.116 
468 NS_SS1381    (0)    7 :  0.080 0.117 0.186 0.139 0.478 
469 NS_SS1375    (1)    7 :  0.131 0.161 0.064 0.288 0.356 
470 NS_SS1319   (10)    7 :  0.188 0.305 0.122 0.197 0.189 
471 NS_SS1326    (2)    7 :  0.396 0.124 0.089 0.128 0.262 
472 NS_SS1341    (1)    7 :  0.233 0.363 0.221 0.099 0.084 
473 NS_SS1383    (1)    7 :  0.148 0.440 0.125 0.194 0.093 
474 NS_SS1318    (3)    7 :  0.181 0.112 0.221 0.278 0.208 
475 NS_SS1348    (2)    7 :  0.324 0.204 0.220 0.136 0.116 
476 NS_SS1363    (0)    7 :  0.130 0.201 0.227 0.295 0.148 
477 NS_SS1335    (4)    7 :  0.230 0.185 0.320 0.188 0.077 
478 NS_SS1358    (0)    7 :  0.197 0.229 0.331 0.098 0.145 
479 NS_SS1342    (1)    7 :  0.222 0.378 0.215 0.064 0.120 
480 NS_SS1320    (2)    7 :  0.049 0.111 0.242 0.101 0.496 
481 NS_SS1355    (1)    7 :  0.114 0.124 0.413 0.149 0.201 
482 NS_SS1345    (1)    7 :  0.073 0.089 0.595 0.117 0.126 
483 NS_SS1324    (0)    7 :  0.266 0.202 0.176 0.202 0.154 
484 NS_SS1347    (5)    7 :  0.144 0.258 0.227 0.154 0.217 
485 NS_SS1321    (4)    7 :  0.289 0.347 0.087 0.154 0.123 
486 NS_SS1333    (0)    7 :  0.272 0.397 0.051 0.151 0.129 
487 NS_SS1364    (1)    7 :  0.229 0.170 0.405 0.107 0.089 
488 NS_SS1379    (0)    7 :  0.144 0.154 0.222 0.171 0.310 
489 NS_SS1332    (0)    7 :  0.388 0.218 0.123 0.152 0.120 
490 NS_SS1338    (5)    7 :  0.239 0.178 0.140 0.315 0.128 
491 NS_SS1368    (6)    7 :  0.285 0.239 0.275 0.098 0.103 
492 NS_SS1354    (1)    7 :  0.159 0.253 0.272 0.163 0.153 
493 NS_SS1365    (0)    7 :  0.135 0.190 0.222 0.266 0.187 
494 NS_SS1380    (1)    7 :  0.113 0.166 0.352 0.232 0.137 
495 NS_SS1329    (8)    7 :  0.222 0.397 0.213 0.062 0.106 
496 NS_SS1362    (0)    7 :  0.165 0.271 0.212 0.117 0.236 
497 NS_SS1327    (2)    7 :  0.535 0.130 0.069 0.131 0.135 
498 NS_SS1350    (0)    7 :  0.234 0.155 0.075 0.086 0.450 
499 NS_SS1387    (2)    7 :  0.160 0.131 0.177 0.397 0.135 
500 NS_SS1369    (8)    7 :  0.283 0.127 0.325 0.166 0.099 
501 NS_SS1331    (1)    7 :  0.227 0.232 0.084 0.323 0.134 
502 NS_SS1357    (4)    7 :  0.213 0.156 0.111 0.063 0.457 
503 NS_SS1386    (1)    7 :  0.385 0.314 0.163 0.067 0.071 
504 NS_SS1353    (2)    7 :  0.166 0.241 0.124 0.143 0.326 
505 NS_SS1323    (0)    7 :  0.083 0.297 0.279 0.149 0.191 
506 HI_SS0296    (0)    8 :  0.285 0.075 0.175 0.296 0.168 
507 HI_SS0297    (0)    8 :  0.114 0.394 0.092 0.113 0.287 
508 HI_SS0299    (0)    8 :  0.188 0.182 0.297 0.180 0.154 
509 HI_SS0300    (0)    8 :  0.179 0.093 0.353 0.227 0.149 
510 HI_SS0301    (0)    8 :  0.127 0.228 0.212 0.380 0.053 
511 HI_SS0302    (0)    8 :  0.260 0.093 0.220 0.328 0.100 
512 HI_SS0303    (0)    8 :  0.345 0.114 0.160 0.116 0.265 
513 HI_SS0304    (0)    8 :  0.195 0.186 0.082 0.294 0.243 
514 HI_SS0306    (5)    8 :  0.346 0.115 0.157 0.256 0.126 
515 HI_SS0307    (1)    8 :  0.126 0.195 0.257 0.220 0.202 
516 HI_SS0308    (1)    8 :  0.114 0.259 0.265 0.236 0.125 
517 HI_SS0309    (0)    8 :  0.123 0.161 0.396 0.185 0.136 
518 HI_SS0310    (0)    8 :  0.196 0.126 0.208 0.208 0.261 
519 HI_SS0311    (3)    8 :  0.172 0.181 0.231 0.309 0.107 
520 HI_SS0314    (0)    8 :  0.184 0.203 0.129 0.148 0.337 
521 HI_SS0316    (1)    8 :  0.254 0.193 0.232 0.154 0.168 
522 HI_SS0317    (3)    8 :  0.129 0.360 0.130 0.244 0.137 
523 HI_SS0318    (1)    8 :  0.324 0.312 0.130 0.141 0.093 
524 HI_SS0319    (0)    8 :  0.431 0.091 0.257 0.076 0.146 
525 HI_SS0320    (3)    8 :  0.092 0.477 0.062 0.192 0.177 
526 HI_SS0321    (0)    8 :  0.204 0.350 0.118 0.133 0.196 
527 HI_SS0323    (1)    8 :  0.305 0.125 0.152 0.240 0.179 
528 HI_SS0325    (2)    8 :  0.320 0.131 0.182 0.271 0.096 
529 HI_SS0327    (1)    8 :  0.246 0.173 0.201 0.052 0.328 
530 HI_SS0329    (1)    8 :  0.149 0.240 0.142 0.306 0.164 
531 HI_SS0333    (1)    8 :  0.204 0.218 0.194 0.193 0.192 
532 HI_SS0334    (1)    8 :  0.294 0.202 0.229 0.156 0.119 
533 HI_SS0335    (1)    8 :  0.099 0.191 0.388 0.143 0.179 
534 HI_SS0339    (0)    8 :  0.123 0.127 0.372 0.242 0.135 
535 HI_SS0343    (2)    8 :  0.096 0.273 0.324 0.096 0.212 
536 HI_SS0344    (1)    8 :  0.499 0.171 0.120 0.098 0.112 
537 HI_SS0345    (3)    8 :  0.171 0.219 0.260 0.253 0.097 
538 HI_SS0346    (0)    8 :  0.221 0.382 0.091 0.198 0.109 
539 HI_SS0350    (1)    8 :  0.062 0.074 0.490 0.199 0.175 
540 HI_SS0351    (0)    8 :  0.131 0.220 0.436 0.099 0.113 
541 HI_SS0352    (3)    8 :  0.129 0.274 0.261 0.161 0.175 
542 HI_SS0362    (0)    8 :  0.173 0.125 0.146 0.423 0.132 
543 HI_SS0363    (1)    8 :  0.310 0.123 0.221 0.090 0.256 
544 HI_SS0365    (0)    8 :  0.286 0.137 0.217 0.126 0.234 
545 HI_SS0366    (0)    8 :  0.422 0.109 0.151 0.147 0.172 
546 HI_SS0367    (1)    8 :  0.114 0.204 0.243 0.187 0.253 
547 HI_SS0369    (1)    8 :  0.107 0.171 0.229 0.292 0.200 
548 HI_SS0370    (0)    8 :  0.149 0.221 0.144 0.070 0.416 
549 HI_SS0371    (4)    8 :  0.349 0.147 0.160 0.233 0.112 
550 HI_SS0373    (3)    8 :  0.198 0.136 0.172 0.238 0.256 
551 HI_SS0374    (0)    8 :  0.135 0.226 0.202 0.201 0.237 
552 HI_SS0377    (0)    8 :  0.193 0.167 0.417 0.147 0.076 
553 HI_SS0379    (1)    8 :  0.513 0.211 0.120 0.085 0.071 
554 HI_SS0380    (1)    8 :  0.141 0.195 0.271 0.188 0.205 
555 HI_SS0381    (2)    8 :  0.094 0.244 0.307 0.233 0.121 
556 HI_SS0384    (3)    8 :  0.261 0.244 0.071 0.137 0.288 
557 HI_SS0385    (1)    8 :  0.258 0.158 0.103 0.314 0.167 


Estimated Allele Frequencies in each cluster
First column gives estimated ancestral frequencies


Locus 1 : 
2 alleles
3.4% missing data
   1   (0.736) 0.713 0.803 0.714 0.698 0.764 
   2   (0.264) 0.287 0.197 0.286 0.302 0.236 

Locus 2 : 
2 alleles
4.3% missing data
   1   (0.883) 0.914 0.868 0.902 0.903 0.858 
   2   (0.117) 0.086 0.132 0.098 0.097 0.142 

Locus 3 : 
2 alleles
3.9% missing data
   1   (0.860) 0.863 0.869 0.892 0.856 0.855 
   2   (0.140) 0.137 0.131 0.108 0.144 0.145 

Locus 4 : 
2 alleles
2.7% missing data
   1   (0.886) 0.911 0.831 0.912 0.890 0.919 
   2   (0.114) 0.089 0.169 0.088 0.110 0.081 

Locus 5 : 
2 alleles
2.7% missing data
   1   (0.822) 0.796 0.870 0.832 0.830 0.796 
   2   (0.178) 0.204 0.130 0.168 0.170 0.204 

Locus 6 : 
2 alleles
3.2% missing data
   1   (0.789) 0.754 0.816 0.772 0.822 0.808 
   2   (0.211) 0.246 0.184 0.228 0.178 0.192 

Locus 7 : 
2 alleles
3.8% missing data
   1   (0.801) 0.785 0.803 0.814 0.788 0.846 
   2   (0.199) 0.215 0.197 0.186 0.212 0.154 

Locus 8 : 
2 alleles
4.8% missing data
   1   (0.703) 0.686 0.728 0.700 0.732 0.688 
   2   (0.297) 0.314 0.272 0.300 0.268 0.312 

Locus 9 : 
2 alleles
3.1% missing data
   1   (0.792) 0.733 0.833 0.791 0.821 0.797 
   2   (0.208) 0.267 0.167 0.209 0.179 0.203 

Locus 10 : 
2 alleles
4.7% missing data
   1   (0.886) 0.889 0.861 0.891 0.897 0.932 
   2   (0.114) 0.111 0.139 0.109 0.103 0.068 

Locus 11 : 
2 alleles
3.2% missing data
   1   (0.861) 0.828 0.839 0.904 0.857 0.901 
   2   (0.139) 0.172 0.161 0.096 0.143 0.099 

Locus 12 : 
2 alleles
4.8% missing data
   1   (0.729) 0.739 0.767 0.714 0.746 0.700 
   2   (0.271) 0.261 0.233 0.286 0.254 0.300 

Locus 13 : 
2 alleles
4.7% missing data
   1   (0.884) 0.871 0.920 0.875 0.881 0.907 
   2   (0.116) 0.129 0.080 0.125 0.119 0.093 

Locus 14 : 
2 alleles
3.9% missing data
   1   (0.872) 0.875 0.856 0.871 0.889 0.912 
   2   (0.128) 0.125 0.144 0.129 0.111 0.088 

Locus 15 : 
2 alleles
3.9% missing data
   1   (0.505) 0.538 0.505 0.507 0.511 0.466 
   2   (0.495) 0.462 0.495 0.493 0.489 0.534 

Locus 16 : 
2 alleles
4.3% missing data
   1   (0.606) 0.561 0.555 0.629 0.707 0.586 
   2   (0.394) 0.439 0.445 0.371 0.293 0.414 

Locus 17 : 
2 alleles
4.1% missing data
   1   (0.771) 0.750 0.767 0.808 0.792 0.764 
   2   (0.229) 0.250 0.233 0.192 0.208 0.236 

Locus 18 : 
2 alleles
2.3% missing data
   1   (0.890) 0.925 0.896 0.874 0.902 0.898 
   2   (0.110) 0.075 0.104 0.126 0.098 0.102 

Locus 19 : 
2 alleles
4.3% missing data
   1   (0.708) 0.694 0.684 0.729 0.756 0.698 
   2   (0.292) 0.306 0.316 0.271 0.244 0.302 

Locus 20 : 
2 alleles
3.2% missing data
   1   (0.883) 0.918 0.844 0.832 0.928 0.918 
   2   (0.117) 0.082 0.156 0.168 0.072 0.082 

Locus 21 : 
2 alleles
3.4% missing data
   1   (0.560) 0.447 0.546 0.653 0.568 0.574 
   2   (0.440) 0.553 0.454 0.347 0.432 0.426 

Locus 22 : 
2 alleles
4.8% missing data
   1   (0.852) 0.837 0.873 0.874 0.858 0.849 
   2   (0.148) 0.163 0.127 0.126 0.142 0.151 

Locus 23 : 
2 alleles
4.3% missing data
   1   (0.880) 0.886 0.900 0.913 0.883 0.845 
   2   (0.120) 0.114 0.100 0.087 0.117 0.155 

Locus 24 : 
2 alleles
3.2% missing data
   1   (0.543) 0.527 0.592 0.524 0.576 0.493 
   2   (0.457) 0.473 0.408 0.476 0.424 0.507 

Locus 25 : 
2 alleles
4.3% missing data
   2   (0.468) 0.512 0.408 0.444 0.475 0.517 
   1   (0.532) 0.488 0.592 0.556 0.525 0.483 

Locus 26 : 
2 alleles
4.3% missing data
   1   (0.837) 0.874 0.814 0.840 0.863 0.830 
   2   (0.163) 0.126 0.186 0.160 0.137 0.170 

Locus 27 : 
2 alleles
2.2% missing data
   1   (0.599) 0.646 0.586 0.586 0.618 0.575 
   2   (0.401) 0.354 0.414 0.414 0.382 0.425 

Locus 28 : 
2 alleles
4.1% missing data
   1   (0.859) 0.889 0.844 0.803 0.887 0.909 
   2   (0.141) 0.111 0.156 0.197 0.113 0.091 

Locus 29 : 
2 alleles
1.8% missing data
   1   (0.876) 0.879 0.888 0.898 0.870 0.888 
   2   (0.124) 0.121 0.112 0.102 0.130 0.112 

Locus 30 : 
2 alleles
4.5% missing data
   1   (0.864) 0.886 0.831 0.894 0.879 0.867 
   2   (0.136) 0.114 0.169 0.106 0.121 0.133 

Locus 31 : 
2 alleles
4.3% missing data
   1   (0.785) 0.803 0.777 0.733 0.816 0.833 
   2   (0.215) 0.197 0.223 0.267 0.184 0.167 

Locus 32 : 
2 alleles
