   NS_SS0963  1 0.1493 0.1730 0.2187 0.4590 
   NS_SS0983  1 0.4466 0.1054 0.2305 0.2175 
   NS_SS0719  1 0.2576 0.1979 0.2779 0.2666 
   NS_SS1001  1 0.1259 0.4324 0.2954 0.1463 
   NS_SS0936  1 0.1444 0.3523 0.1042 0.3991 
   NS_SS0955  1 0.2933 0.1160 0.2450 0.3457 
   NS_SS0944  1 0.2384 0.2084 0.2411 0.3121 
   NS_SS0945  1 0.2637 0.3889 0.1901 0.1573 
   NS_SS0922  1 0.1379 0.4267 0.2373 0.1982 
   NS_SS0929  1 0.3122 0.1624 0.1983 0.3272 
   NS_SS0956  1 0.1118 0.2727 0.4717 0.1438 
   NS_SS0906  1 0.2544 0.1607 0.2185 0.3664 
   NS_SS0721  1 0.1830 0.1572 0.5031 0.1567 
   NS_SS0982  1 0.1478 0.1844 0.2730 0.3948 
   NS_SS0923  1 0.1769 0.2803 0.2577 0.2851 
   NS_SS0905  1 0.2372 0.2140 0.3249 0.2240 
   NS_SS0925  1 0.1143 0.2502 0.2605 0.3751 
   NS_SS0947  1 0.1745 0.3288 0.1656 0.3311 
   NS_SS0926  1 0.4182 0.1207 0.1907 0.2705 
   NS_SS0918  1 0.1063 0.1616 0.3510 0.3811 
   NS_SS0966  1 0.1712 0.2127 0.2178 0.3983 
   NS_SS0938  1 0.1480 0.4442 0.1378 0.2700 
   NS_SS0917  1 0.4041 0.2574 0.1676 0.1709 
   NS_SS0957  1 0.2016 0.1881 0.3918 0.2185 
   NS_SS0987  1 0.1638 0.1167 0.5701 0.1494 
   NS_SS0717  1 0.1275 0.3651 0.3349 0.1725 
   NS_SS0986  1 0.2404 0.1455 0.3977 0.2164 
   NS_SS0953  1 0.1291 0.2866 0.2657 0.3186 
   NS_SS0907  1 0.2078 0.1481 0.1705 0.4736 
   NS_SS0974  1 0.2465 0.2814 0.1243 0.3478 
   NS_SS0989  1 0.4764 0.2144 0.1226 0.1865 
   NS_SS0991  1 0.2171 0.0730 0.4126 0.2973 
   NS_SS0994  1 0.5736 0.2064 0.1059 0.1141 
   NS_SS0931  1 0.3291 0.1133 0.3258 0.2318 
   NS_SS1000  1 0.1411 0.4085 0.1460 0.3043 
   NS_SS0919  1 0.2483 0.1057 0.1494 0.4966 
   NS_SS0949  1 0.3910 0.2062 0.1947 0.2081 
   NS_SS0960  1 0.2995 0.1063 0.2803 0.3139 
   NS_SS0716  1 0.1204 0.3455 0.4501 0.0840 
   NS_SS0924  1 0.2742 0.1250 0.2474 0.3534 
   NS_SS0935  1 0.3755 0.1275 0.3407 0.1563 
   NS_SS0952  1 0.3502 0.1253 0.1812 0.3433 
   NS_SS0962  1 0.1387 0.3099 0.2687 0.2826 
   NS_SS0973  1 0.1909 0.1668 0.1793 0.4630 
   NS_SS0722  1 0.1072 0.5872 0.1283 0.1773 
   NS_SS0979  1 0.1367 0.1989 0.3826 0.2817 
   NS_SS0993  1 0.1072 0.3038 0.2470 0.3420 
   NS_SS0958  1 0.3635 0.2154 0.2242 0.1969 
   NS_SS0988  1 0.2470 0.1264 0.2265 0.4001 
   NS_SS1003  1 0.0924 0.1213 0.3851 0.4012 
   NS_SS0976  1 0.3182 0.1437 0.2068 0.3312 
   NS_SS0964  1 0.1141 0.4321 0.2892 0.1646 
   NS_SS0939  1 0.0932 0.4656 0.3721 0.0691 
   NS_SS0990  1 0.2975 0.3091 0.2440 0.1494 
   NS_SS0984  1 0.1058 0.4909 0.2215 0.1817 
   NS_SS0980  1 0.1549 0.3192 0.1028 0.4231 
   NS_SS0978  1 0.1854 0.3541 0.1297 0.3308 
   NS_SS0951  1 0.2290 0.1089 0.4958 0.1663 
   NS_SS0913  1 0.1564 0.3023 0.3932 0.1482 
   NS_SS1002  1 0.1179 0.1961 0.1132 0.5728 
   NS_SS0948  1 0.2394 0.1681 0.2772 0.3152 
   NS_SS0916  1 0.3309 0.3427 0.1637 0.1626 
   NS_SS0995  1 0.2193 0.3191 0.2672 0.1945 
   NS_SS0927  1 0.3826 0.2786 0.1474 0.1914 
   NS_SS0992  1 0.2731 0.3481 0.0936 0.2853 
   NS_SS0912  1 0.2282 0.1267 0.4530 0.1921 
   NS_SS0981  1 0.1265 0.1303 0.3528 0.3904 
   NS_SS0729  2 0.4864 0.1786 0.0746 0.2604 
   NS_SS0967  2 0.1440 0.1761 0.1588 0.5211 
   NS_SS0941  2 0.1881 0.4410 0.1923 0.1786 
   NS_SS0768  2 0.1646 0.1786 0.3798 0.2770 
   NS_SS0726  2 0.3541 0.2705 0.0914 0.2840 
   NS_SS0763  2 0.3862 0.2476 0.1471 0.2191 
   NS_SS0730  2 0.1568 0.3439 0.2976 0.2016 
   NS_SS0774  2 0.1249 0.4496 0.1329 0.2926 
   NS_SS0723  2 0.0897 0.2866 0.2166 0.4071 
   NS_SS0940  2 0.2923 0.3419 0.2404 0.1253 
   NS_SS0762  2 0.0862 0.5459 0.2260 0.1419 
   NS_SS0766  2 0.2501 0.4166 0.2440 0.0893 
   NS_SS0724  2 0.1245 0.2099 0.3906 0.2751 
   NS_SS0769  2 0.2332 0.2302 0.2580 0.2786 
   NS_SS0777  2 0.2808 0.1516 0.3453 0.2224 
   NS_SS0734  2 0.2665 0.2496 0.3539 0.1300 
   NS_SS0737  2 0.1012 0.6372 0.1459 0.1156 
   NS_SS0732  2 0.1213 0.1496 0.5152 0.2139 
   NS_SS0728  2 0.2088 0.3914 0.2413 0.1585 
   NS_SS0735  2 0.1464 0.3945 0.2776 0.1816 
   NS_SS0725  2 0.1371 0.4699 0.1934 0.1997 
   NS_SS0788  2 0.2156 0.1986 0.1971 0.3887 
   NS_SS0778  2 0.2939 0.1489 0.2708 0.2865 
   NS_SS0792  2 0.2955 0.1683 0.3374 0.1988 
   NS_SS0943  2 0.3091 0.1014 0.2496 0.3399 
   NS_SS0791  2 0.3414 0.2656 0.3025 0.0905 
   NS_SS0790  2 0.0636 0.2350 0.4156 0.2859 
   NS_SS0731  2 0.1336 0.2407 0.4822 0.1435 
   NS_SS0727  2 0.3704 0.4346 0.0952 0.0998 
   NS_SS0779  2 0.1987 0.2458 0.3175 0.2380 
   NS_SS0776  2 0.1924 0.4190 0.2203 0.1683 
   NS_SS0775  2 0.1240 0.5164 0.2365 0.1232 
   NS_SS0965  3 0.1392 0.1223 0.4159 0.3226 
   NS_SS0754  3 0.3455 0.1455 0.3407 0.1683 
   NS_SS0838  3 0.2496 0.2836 0.1819 0.2849 
   NS_SS0839  3 0.1079 0.3909 0.2591 0.2421 
   NS_SS0832  3 0.0656 0.2250 0.2962 0.4131 
   NS_SS0820  3 0.1012 0.1850 0.3877 0.3261 
   NS_SS0886  3 0.3209 0.1800 0.3099 0.1892 
   NS_SS0748  3 0.2695 0.1492 0.2605 0.3208 
   NS_SS0884  3 0.2402 0.2441 0.1983 0.3174 
   NS_SS0752  3 0.1821 0.3619 0.1558 0.3002 
   NS_SS0862  3 0.1023 0.1574 0.5184 0.2219 
   NS_SS0787  3 0.5698 0.1019 0.1544 0.1740 
   NS_SS0843  3 0.2147 0.2187 0.2600 0.3065 
   NS_SS0856  3 0.2541 0.4255 0.1678 0.1525 
   NS_SS0846  3 0.2375 0.1972 0.0877 0.4776 
   NS_SS0825  3 0.2244 0.1505 0.2656 0.3594 
   NS_SS0757  3 0.2439 0.1619 0.3435 0.2507 
   NS_SS0876  3 0.1834 0.3337 0.2489 0.2341 
   NS_SS0903  3 0.1156 0.3103 0.1154 0.4587 
   NS_SS0875  3 0.2131 0.2614 0.3557 0.1697 
   NS_SS0740  3 0.1895 0.2739 0.2641 0.2726 
   NS_SS0811  3 0.0998 0.2023 0.5505 0.1475 
   NS_SS0751  3 0.1948 0.3843 0.2301 0.1908 
   NS_SS0891  3 0.2050 0.3671 0.2135 0.2144 
   NS_SS0867  3 0.2176 0.0821 0.2132 0.4871 
   NS_SS0890  3 0.2285 0.2746 0.2310 0.2658 
   NS_SS0866  3 0.5610 0.1698 0.1377 0.1315 
   NS_SS0755  3 0.1916 0.1894 0.3056 0.3134 
   NS_SS0758  3 0.2274 0.3372 0.2070 0.2284 
   NS_SS0840  3 0.0827 0.2403 0.2416 0.4353 
   NS_SS0889  3 0.3877 0.1177 0.3353 0.1593 
   NS_SS1010  3 0.1951 0.1622 0.2100 0.4327 
   NS_SS0888  3 0.5002 0.2249 0.1615 0.1134 
   NS_SS0837  3 0.1083 0.1390 0.4016 0.3511 
   NS_SS0794  3 0.4016 0.2952 0.1974 0.1058 
   NS_SS0823  3 0.1140 0.3568 0.1745 0.3547 
   NS_SS0829  3 0.3857 0.0778 0.3464 0.1901 
   NS_SS0844  3 0.0862 0.1151 0.1742 0.6245 
   NS_SS1008  3 0.3403 0.3535 0.1767 0.1295 
   NS_SS0881  3 0.2982 0.2101 0.2565 0.2353 
   NS_SS0834  3 0.1265 0.5337 0.1465 0.1933 
   NS_SS0744  3 0.2507 0.1971 0.2173 0.3349 
   NS_SS0899  3 0.0915 0.1997 0.5211 0.1877 
   NS_SS0804  3 0.0798 0.2354 0.3509 0.3340 
   NS_SS0781  3 0.0965 0.2647 0.2261 0.4127 
   NS_SS0822  3 0.2360 0.3139 0.2154 0.2346 
   NS_SS1004  3 0.1566 0.1817 0.2098 0.4520 
   NS_SS0746  3 0.2064 0.2216 0.1583 0.4137 
   NS_SS0880  3 0.1454 0.2614 0.1836 0.4096 
   NS_SS0879  3 0.1644 0.3499 0.2348 0.2509 
   NS_SS0753  3 0.2906 0.1074 0.3657 0.2363 
   NS_SS1007  3 0.2252 0.4764 0.1255 0.1730 
   NS_SS0872  3 0.1535 0.3197 0.2023 0.3245 
   NS_SS1005  3 0.1214 0.2491 0.1482 0.4813 
   NS_SS0892  3 0.2335 0.2743 0.2723 0.2199 
   NS_SS0898  3 0.2756 0.1882 0.2961 0.2401 
   NS_SS0801  3 0.1833 0.1375 0.4366 0.2426 
   NS_SS0827  3 0.2510 0.0969 0.4480 0.2041 
   NS_SS0853  3 0.2580 0.1314 0.4674 0.1432 
   NS_SS0780  3 0.1474 0.2700 0.3287 0.2539 
   NS_SS0826  3 0.1722 0.0927 0.1805 0.5546 
   NS_SS0818  3 0.0893 0.3422 0.3094 0.2592 
   NS_SS0745  3 0.0788 0.5275 0.3184 0.0754 
   NS_SS0849  3 0.1357 0.1034 0.5509 0.2101 
   NS_SS0739  3 0.2426 0.2643 0.3279 0.1653 
   NS_SS0799  3 0.3355 0.2740 0.2277 0.1628 
   NS_SS0756  3 0.0927 0.1465 0.2692 0.4916 
   NS_SS0802  3 0.3084 0.2665 0.1309 0.2942 
   NS_SS0747  3 0.1999 0.2066 0.1884 0.4052 
   NS_SS0835  3 0.5118 0.1492 0.1033 0.2358 
   NS_SS0742  3 0.1876 0.2328 0.2649 0.3147 
   NS_SS0760  3 0.4494 0.1822 0.1840 0.1844 
   NS_SS0803  3 0.1101 0.2374 0.1510 0.5015 
   NS_SS0828  3 0.2023 0.1817 0.4378 0.1782 
   NS_SS0865  3 0.2306 0.1051 0.2989 0.3654 
   NS_SS0759  3 0.1018 0.3567 0.3433 0.1981 
   NS_SS0851  3 0.1048 0.1896 0.5590 0.1466 
   NS_SS0874  3 0.1213 0.2146 0.1981 0.4661 
   NS_SS0761  3 0.3863 0.0980 0.2881 0.2276 
   NS_SS0842  3 0.2995 0.2365 0.2358 0.2283 
   NS_SS0785  3 0.3055 0.1731 0.2063 0.3152 
   NS_SS0860  3 0.5120 0.1297 0.1210 0.2373 
   NS_SS0897  3 0.5187 0.1390 0.2276 0.1147 
   NS_SS0841  3 0.0984 0.2865 0.4097 0.2054 
   NS_SS0797  3 0.3000 0.1023 0.3693 0.2284 
   NS_SS0830  3 0.2220 0.1561 0.3498 0.2721 
   NS_SS1011  3 0.1085 0.1566 0.2213 0.5136 
   NS_SS0883  3 0.2879 0.1361 0.3932 0.1828 
   NS_SS0782  3 0.2881 0.4027 0.1580 0.1512 
   NS_SS0831  3 0.3979 0.0943 0.3798 0.1280 
   NS_SS0749  3 0.2574 0.2460 0.3621 0.1345 
   NS_SS0854  3 0.2891 0.3624 0.1716 0.1769 
   HI_SS0193  4 0.3400 0.2909 0.2434 0.1256 
   HI_SS0194  4 0.1349 0.5196 0.1276 0.2178 
   HI_SS0195  4 0.0895 0.2534 0.4659 0.1911 
   HI_SS0196  4 0.2571 0.4357 0.1625 0.1448 
   HI_SS0197  4 0.1921 0.2716 0.1201 0.4162 
   HI_SS0198  4 0.2784 0.1628 0.3673 0.1914 
   HI_SS0199  4 0.3929 0.3392 0.1138 0.1541 
   HI_SS0201  4 0.4281 0.0673 0.2229 0.2817 
   HI_SS0215  4 0.4382 0.0816 0.2166 0.2636 
   HI_SS0218  4 0.5395 0.1955 0.1833 0.0818 
   HI_SS0222  4 0.2329 0.3066 0.3123 0.1481 
   HI_SS0230  4 0.1736 0.1489 0.3288 0.3487 
   HI_SS0234  4 0.2452 0.3781 0.0872 0.2895 
   HI_SS0240  4 0.2183 0.4844 0.1692 0.1281 
   HI_SS0241  4 0.4086 0.1576 0.1984 0.2354 
   HI_SS0242  4 0.2589 0.1975 0.2567 0.2870 
   HI_SS0247  4 0.1584 0.1340 0.2575 0.4501 
   HI_SS0248  4 0.4020 0.3265 0.1193 0.1523 
   HI_SS0252  4 0.1462 0.3918 0.2711 0.1909 
   HI_SS0254  4 0.2842 0.1776 0.1741 0.3641 
   HI_SS0256  4 0.0486 0.2952 0.2078 0.4483 
   HI_SS0257  4 0.4093 0.1732 0.0877 0.3299 
   HI_SS0258  4 0.3961 0.1836 0.2587 0.1616 
   HI_SS0259  4 0.1642 0.4056 0.1948 0.2354 
   HI_SS0260  4 0.4377 0.2880 0.1190 0.1553 
   HI_SS0261  4 0.2681 0.2699 0.1207 0.3413 
   HI_SS0262  4 0.2008 0.2166 0.3522 0.2304 
   HI_SS0264  4 0.1504 0.2296 0.3562 0.2638 
   HI_SS0265  4 0.1782 0.1719 0.3309 0.3189 
   HI_SS0268  4 0.3002 0.2368 0.3188 0.1443 
   HI_SS0269  4 0.5442 0.1262 0.0751 0.2545 
   HI_SS0273  4 0.3378 0.1208 0.1579 0.3835 
   HI_SS0277  4 0.1524 0.1205 0.2040 0.5231 
   HI_SS0280  4 0.2008 0.2597 0.4147 0.1248 
   HI_SS0282  4 0.2810 0.1607 0.2414 0.3169 
   HI_SS0286  4 0.2879 0.1387 0.3739 0.1995 
   NS_SS1252  5 0.5553 0.1384 0.1845 0.1218 
   NS_SS1261  5 0.2632 0.1983 0.2313 0.3072 
   NS_SS1225  5 0.2986 0.0989 0.1680 0.4345 
   NS_SS1266  5 0.0775 0.1848 0.2045 0.5333 
   NS_SS1228  5 0.1744 0.1854 0.5017 0.1385 
   NS_SS1255  5 0.1878 0.5678 0.0965 0.1479 
   NS_SS1267  5 0.6215 0.1130 0.1771 0.0885 
   NS_SS1238  5 0.2317 0.2148 0.3515 0.2020 
   NS_SS1233  5 0.1038 0.1581 0.3280 0.4102 
   NS_SS1277  5 0.3950 0.3496 0.1707 0.0847 
   NS_SS1245  5 0.2407 0.2644 0.1557 0.3391 
   NS_SS1240  5 0.6260 0.1302 0.1142 0.1296 
   NS_SS1275  5 0.0931 0.2611 0.2661 0.3798 
   NS_SS1235  5 0.1703 0.4147 0.0704 0.3446 
   NS_SS1263  5 0.1153 0.3790 0.2080 0.2977 
   NS_SS1251  5 0.1340 0.2508 0.1818 0.4334 
   NS_SS1248  5 0.1473 0.0935 0.6652 0.0940 
   NS_SS1244  5 0.2078 0.1225 0.1836 0.4861 
   NS_SS1257  5 0.4308 0.2243 0.2057 0.1393 
   NS_SS1242  5 0.1177 0.4165 0.2202 0.2456 
   NS_SS1271  5 0.5592 0.1347 0.1660 0.1401 
   NS_SS1265  5 0.4214 0.1553 0.1881 0.2351 
   NS_SS1243  5 0.1531 0.3079 0.4307 0.1083 
   NS_SS1273  5 0.1100 0.4602 0.2172 0.2126 
   NS_SS1254  5 0.1451 0.2333 0.2579 0.3638 
   NS_SS1224  5 0.1202 0.2033 0.3697 0.3068 
   NS_SS1227  5 0.4098 0.2383 0.1170 0.2350 
   NS_SS1274  5 0.3396 0.2392 0.2372 0.1840 
   NS_SS1241  5 0.3023 0.1525 0.1822 0.3630 
   NS_SS1256  5 0.2498 0.1585 0.1122 0.4796 
   NS_SS1260  5 0.4549 0.1820 0.1435 0.2196 
   NS_SS1262  5 0.2964 0.1034 0.2644 0.3358 
   NS_SS1230  5 0.2846 0.2240 0.2367 0.2547 
   NS_SS1270  5 0.1140 0.0968 0.4447 0.3444 
   NS_SS1229  5 0.1339 0.4572 0.0676 0.3413 
   NS_SS1246  5 0.3809 0.2755 0.1190 0.2245 
   NS_SS1269  5 0.1945 0.2939 0.2858 0.2258 
   NS_SS1239  5 0.1507 0.3688 0.3315 0.1490 
   NS_SS1272  5 0.1900 0.1415 0.1535 0.5150 
   NS_SS1268  5 0.1095 0.1421 0.5042 0.2442 
   NS_SS1249  5 0.5341 0.2340 0.1011 0.1309 
   HI_SS0559  6 0.2231 0.2702 0.3234 0.1834 
   HI_SS0563  6 0.2271 0.1917 0.2409 0.3404 
   HI_SS0564  6 0.1688 0.2578 0.2982 0.2753 
   HI_SS0565  6 0.2768 0.1573 0.1565 0.4093 
   HI_SS0569  6 0.3290 0.0651 0.2457 0.3602 
   HI_SS0570  6 0.4551 0.1923 0.2412 0.1115 
   HI_SS0572  6 0.1341 0.4961 0.1093 0.2606 
   HI_SS0576  6 0.1285 0.2872 0.4412 0.1432 
   HI_SS0579  6 0.2428 0.1793 0.1688 0.4091 
   HI_SS0580  6 0.3763 0.3192 0.1813 0.1232 
   HI_SS0581  6 0.1120 0.2281 0.3831 0.2769 
   HI_SS0583  6 0.4438 0.2574 0.1012 0.1977 
   HI_SS0586  6 0.4865 0.0999 0.3117 0.1019 
   HI_SS0588  6 0.3396 0.1845 0.2306 0.2454 
   HI_SS0595  6 0.3731 0.2010 0.1165 0.3095 
   HI_SS0596  6 0.1168 0.6131 0.1371 0.1329 
   HI_SS0597  6 0.1475 0.4369 0.1209 0.2947 
   HI_SS0600  6 0.3583 0.1881 0.1895 0.2641 
   HI_SS0601  6 0.2211 0.0732 0.2488 0.4569 
   HI_SS0602  6 0.3142 0.1863 0.4024 0.0971 
   HI_SS0604  6 0.1918 0.2471 0.3588 0.2022 
   HI_SS0605  6 0.2779 0.2007 0.3850 0.1364 
   HI_SS0608  6 0.1917 0.3476 0.3286 0.1322 
   HI_SS0609  6 0.1296 0.2537 0.1472 0.4695 
   HI_SS0611  6 0.4132 0.1269 0.3571 0.1028 
   HI_SS0612  6 0.2220 0.1954 0.0713 0.5113 
   HI_SS0613  6 0.2051 0.1236 0.5095 0.1619 
   HI_SS0615  6 0.1020 0.4583 0.2739 0.1659 
   HI_SS0001  6 0.3195 0.3994 0.1093 0.1718 
   HI_SS0002  6 0.1059 0.2556 0.1780 0.4605 
   HI_SS0004  6 0.3725 0.3109 0.2263 0.0903 
   HI_SS0005  6 0.1781 0.1410 0.5240 0.1569 
   HI_SS0006  6 0.3362 0.1283 0.1205 0.4150 
   HI_SS0007  6 0.3080 0.1352 0.4733 0.0834 
   HI_SS0008  6 0.1736 0.1674 0.3115 0.3475 
   HI_SS0009  6 0.1093 0.3653 0.4122 0.1132 
   HI_SS0010  6 0.2746 0.1505 0.3919 0.1830 
   HI_SS0011  6 0.1224 0.1199 0.2490 0.5087 
   HI_SS0012  6 0.1263 0.2392 0.2363 0.3982 
   HI_SS0017  6 0.1434 0.5917 0.1432 0.1217 
   HI_SS0021  6 0.3955 0.1671 0.2222 0.2152 
   HI_SS0024  6 0.1600 0.3367 0.3096 0.1937 
   HI_SS0025  6 0.1360 0.4336 0.2697 0.1607 
   HI_SS0027  6 0.3080 0.1541 0.3411 0.1968 
   HI_SS0028  6 0.0876 0.1922 0.4333 0.2870 
   HI_SS0029  6 0.2734 0.3938 0.2050 0.1278 
   HI_SS0030  6 0.2623 0.2378 0.2360 0.2640 
   HI_SS0031  6 0.1963 0.2466 0.1122 0.4449 
   HI_SS0034  6 0.4041 0.1965 0.1355 0.2639 
   HI_SS0036  6 0.4727 0.1509 0.2757 0.1008 
   HI_SS0037  6 0.4371 0.1291 0.3027 0.1310 
   HI_SS0039  6 0.3305 0.1192 0.4032 0.1471 
   HI_SS0041  6 0.1327 0.3194 0.4276 0.1203 
   HI_SS0042  6 0.1316 0.3529 0.2621 0.2534 
   HI_SS0043  6 0.5114 0.0893 0.2137 0.1857 
   HI_SS0044  6 0.3375 0.4645 0.1069 0.0911 
   HI_SS0047  6 0.1437 0.3244 0.2903 0.2417 
   HI_SS0049  6 0.1443 0.4750 0.2021 0.1787 
   HI_SS0051  6 0.1606 0.1012 0.4710 0.2671 
   HI_SS0053  6 0.4462 0.1539 0.1289 0.2709 
   HI_SS0054  6 0.3261 0.0769 0.2858 0.3111 
   HI_SS0057  6 0.1459 0.2022 0.4516 0.2004 
   HI_SS0058  6 0.3668 0.2130 0.2261 0.1941 
   HI_SS0060  6 0.1630 0.1243 0.4379 0.2749 
   HI_SS0087  6 0.2452 0.1944 0.1708 0.3896 
   HI_SS0091  6 0.5190 0.1131 0.0845 0.2834 
   HI_SS0095  6 0.2935 0.1908 0.2009 0.3148 
   HI_SS0097  6 0.1421 0.1275 0.1881 0.5423 
   HI_SS0099  6 0.2064 0.3923 0.2685 0.1328 
   HI_SS0103  6 0.2002 0.3684 0.1112 0.3203 
   HI_SS0105  6 0.1974 0.1173 0.2521 0.4333 
   HI_SS0107  6 0.0896 0.5493 0.1160 0.2451 
   HI_SS0108  6 0.5946 0.1181 0.1514 0.1359 
   HI_SS0110  6 0.2912 0.2496 0.1039 0.3553 
   HI_SS0111  6 0.2504 0.2276 0.2902 0.2318 
   HI_SS0112  6 0.5415 0.1590 0.1587 0.1408 
   HI_SS0113  6 0.1158 0.4177 0.1872 0.2793 
   HI_SS0114  6 0.3552 0.0964 0.3792 0.1691 
   HI_SS0115  6 0.2414 0.3769 0.2348 0.1469 
   HI_SS0116  6 0.4001 0.3823 0.0965 0.1211 
   HI_SS0117  6 0.3129 0.1297 0.0982 0.4592 
   HI_SS0118  6 0.3783 0.1882 0.1294 0.3041 
   HI_SS0119  6 0.2957 0.1077 0.1737 0.4229 
   HI_SS0120  6 0.1100 0.5504 0.0980 0.2416 
   HI_SS0121  6 0.1099 0.0917 0.3705 0.4279 
   HI_SS0122  6 0.2742 0.2002 0.2679 0.2577 
   HI_SS0123  6 0.2114 0.2298 0.1106 0.4482 
   HI_SS0124  6 0.1011 0.5199 0.2451 0.1340 
   HI_SS0125  6 0.1268 0.3469 0.3573 0.1690 
   HI_SS0126  6 0.4825 0.2891 0.1104 0.1180 
   HI_SS0127  6 0.1665 0.1101 0.5324 0.1910 
   HI_SS0128  6 0.2068 0.3855 0.1228 0.2849 
   HI_SS0129  6 0.3745 0.2909 0.2113 0.1232 
   HI_SS0131  6 0.2749 0.0881 0.4080 0.2290 
   HI_SS0132  6 0.2316 0.1673 0.2436 0.3575 
   HI_SS0133  6 0.5639 0.1614 0.1621 0.1126 
   HI_SS0134  6 0.2533 0.2006 0.1656 0.3805 
   HI_SS0142  6 0.1880 0.1179 0.2195 0.4745 
   HI_SS0145  6 0.2613 0.2718 0.1483 0.3186 
   HI_SS0146  6 0.3266 0.1573 0.2462 0.2698 
   HI_SS0147  6 0.1191 0.1339 0.4576 0.2894 
   HI_SS0149  6 0.2250 0.1213 0.1332 0.5205 
   HI_SS0150  6 0.1225 0.3212 0.3806 0.1757 
   HI_SS0151  6 0.2567 0.3557 0.2421 0.1455 
   NS_SS1451  6 0.1078 0.4182 0.3226 0.1514 
   NS_SS1404  6 0.1911 0.1990 0.4457 0.1642 
   NS_SS1432  6 0.1429 0.4653 0.2162 0.1756 
   NS_SS1405  6 0.2274 0.4102 0.2189 0.1436 
   NS_SS1431  6 0.1108 0.4228 0.1953 0.2711 
   NS_SS1402  6 0.2798 0.2328 0.1258 0.3615 
   NS_SS1450  6 0.3437 0.3361 0.2079 0.1122 
   NS_SS1396  6 0.2139 0.2253 0.3020 0.2587 
   NS_SS1393  6 0.3450 0.2301 0.2516 0.1733 
   NS_SS1392  6 0.1612 0.4924 0.2638 0.0826 
   NS_SS1445  6 0.3752 0.1119 0.2501 0.2628 
   NS_SS1423  6 0.3258 0.2703 0.1090 0.2949 
   NS_SS1421  6 0.2757 0.2104 0.2121 0.3019 
   NS_SS1411  6 0.3078 0.1252 0.4822 0.0849 
   NS_SS1453  6 0.3828 0.1492 0.2039 0.2641 
   NS_SS1442  6 0.1844 0.2168 0.2787 0.3201 
   NS_SS1422  6 0.2055 0.2827 0.1218 0.3900 
   NS_SS1419  6 0.1445 0.1227 0.4056 0.3272 
   NS_SS1427  6 0.5234 0.3137 0.0895 0.0733 
   NS_SS1444  6 0.1578 0.2425 0.3990 0.2007 
   NS_SS1455  6 0.1027 0.3941 0.1371 0.3661 
   NS_SS1425  6 0.4636 0.0867 0.2249 0.2248 
   NS_SS1400  6 0.3611 0.1302 0.2657 0.2430 
   NS_SS1406  6 0.0824 0.1831 0.1570 0.5775 
   NS_SS1417  6 0.2295 0.2143 0.2192 0.3371 
   NS_SS1454  6 0.3392 0.1499 0.2607 0.2501 
   NS_SS1412  6 0.3172 0.2494 0.2452 0.1882 
   NS_SS1438  6 0.4179 0.0748 0.2896 0.2176 
   NS_SS1416  6 0.2415 0.2041 0.2688 0.2855 
   NS_SS1401  6 0.2889 0.2230 0.1511 0.3370 
   NS_SS1424  6 0.2652 0.1693 0.1985 0.3670 
   NS_SS1435  6 0.2193 0.3413 0.3183 0.1211 
   NS_SS1447  6 0.1264 0.1895 0.3734 0.3108 
   NS_SS1414  6 0.1127 0.2559 0.4226 0.2088 
   NS_SS1449  6 0.2077 0.3264 0.1870 0.2789 
   NS_SS1443  6 0.3993 0.2553 0.0806 0.2647 
   NS_SS1434  6 0.2356 0.5198 0.0855 0.1590 
   NS_SS1398  6 0.1874 0.4253 0.2555 0.1318 
   NS_SS1426  6 0.4571 0.1550 0.1962 0.1916 
   NS_SS1413  6 0.3239 0.3317 0.1385 0.2059 
   NS_SS1395  6 0.3911 0.1676 0.1460 0.2953 
   NS_SS1448  6 0.2770 0.2464 0.3804 0.0962 
   NS_SS1446  6 0.4166 0.1762 0.1566 0.2506 
   NS_SS1403  6 0.2095 0.2675 0.2058 0.3173 
   NS_SS1415  6 0.3686 0.1917 0.2693 0.1705 
   NS_SS1437  6 0.1856 0.2300 0.2627 0.3217 
   NS_SS1439  6 0.2292 0.1770 0.1642 0.4296 
   NS_SS1441  6 0.3635 0.2937 0.1169 0.2259 
   NS_SS1420  6 0.1112 0.1876 0.6264 0.0748 
   NS_SS1394  6 0.1208 0.2441 0.4634 0.1716 
   NS_SS1391  6 0.3236 0.4413 0.1026 0.1325 
   NS_SS1410  6 0.3573 0.2331 0.1720 0.2376 
   NS_SS1408  6 0.1634 0.1839 0.2649 0.3879 
   NS_SS1409  6 0.2999 0.4359 0.0894 0.1748 
   HI_SS0617  7 0.3670 0.3385 0.1524 0.1421 
   HI_SS0618  7 0.1656 0.3331 0.3276 0.1737 
   HI_SS0619  7 0.2494 0.3921 0.2329 0.1255 
   HI_SS0620  7 0.4562 0.1483 0.2952 0.1003 
   HI_SS0621  7 0.1683 0.3022 0.2222 0.3074 
   HI_SS0622  7 0.2014 0.2296 0.2387 0.3303 
   HI_SS0626  7 0.2020 0.1323 0.5357 0.1300 
   HI_SS0627  7 0.1657 0.3144 0.2268 0.2931 
   HI_SS0628  7 0.3960 0.2088 0.2489 0.1463 
   HI_SS0629  7 0.3157 0.1314 0.2674 0.2856 
   HI_SS0630  7 0.3057 0.2313 0.3063 0.1567 
   HI_SS0631  7 0.2957 0.1652 0.3737 0.1654 
   HI_SS0632  7 0.1840 0.1439 0.4575 0.2146 
   HI_SS0633  7 0.1816 0.5514 0.1290 0.1380 
   HI_SS0634  7 0.2554 0.1957 0.3474 0.2015 
   HI_SS0635  7 0.1354 0.2532 0.3922 0.2191 
   HI_SS0637  7 0.2083 0.0924 0.3202 0.3791 
   HI_SS0638  7 0.2109 0.3317 0.2454 0.2121 
   HI_SS0639  7 0.1447 0.2655 0.3473 0.2425 
   HI_SS0640  7 0.1645 0.2448 0.2727 0.3180 
   HI_SS0641  7 0.3823 0.1056 0.3972 0.1148 
   HI_SS0642  7 0.1340 0.2506 0.1878 0.4276 
   HI_SS0645  7 0.0840 0.2807 0.5043 0.1310 
   HI_SS0646  7 0.2217 0.3659 0.1005 0.3119 
   HI_SS0647  7 0.1815 0.3657 0.2155 0.2373 
   HI_SS0648  7 0.2035 0.2521 0.2935 0.2508 
   HI_SS0649  7 0.2725 0.2854 0.2053 0.2368 
   HI_SS0650  7 0.1582 0.5498 0.1508 0.1412 
   HI_SS0651  7 0.2091 0.2760 0.2374 0.2775 
   HI_SS0652  7 0.1111 0.2780 0.5033 0.1076 
   NS_SS1371  7 0.3609 0.2437 0.0918 0.3036 
   NS_SS1374  7 0.3798 0.1956 0.2720 0.1526 
   NS_SS1337  7 0.1209 0.2380 0.3870 0.2540 
   NS_SS1385  7 0.2061 0.3557 0.1248 0.3135 
   NS_SS1388  7 0.2751 0.3588 0.2245 0.1415 
   NS_SS1370  7 0.1003 0.0827 0.6877 0.1292 
   NS_SS1389  7 0.1746 0.3799 0.3308 0.1147 
   NS_SS1360  7 0.2759 0.1183 0.3939 0.2119 
   NS_SS1330  7 0.1190 0.2631 0.3375 0.2804 
   NS_SS1328  7 0.3290 0.4307 0.0874 0.1529 
   NS_SS1384  7 0.2430 0.1203 0.2503 0.3864 
   NS_SS1381  7 0.0932 0.5686 0.1412 0.1970 
   NS_SS1375  7 0.1615 0.4906 0.2512 0.0967 
   NS_SS1319  7 0.2667 0.2632 0.2465 0.2236 
   NS_SS1326  7 0.4499 0.3198 0.1356 0.0948 
   NS_SS1341  7 0.3411 0.1140 0.1790 0.3659 
   NS_SS1383  7 0.2349 0.1664 0.3207 0.2780 
   NS_SS1318  7 0.2183 0.2332 0.3560 0.1925 
   NS_SS1348  7 0.4152 0.1106 0.1884 0.2858 
   NS_SS1363  7 0.1484 0.2021 0.3334 0.3161 
   NS_SS1335  7 0.2601 0.0799 0.2796 0.3805 
   NS_SS1358  7 0.2581 0.1345 0.1615 0.4458 
   NS_SS1342  7 0.3396 0.1324 0.0781 0.4500 
   NS_SS1320  7 0.0594 0.6459 0.0928 0.2019 
   NS_SS1355  7 0.1379 0.2556 0.2538 0.3527 
   NS_SS1345  7 0.0820 0.1426 0.1948 0.5806 
   NS_SS1324  7 0.3594 0.1742 0.2526 0.2138 
   NS_SS1347  7 0.2113 0.2146 0.1819 0.3923 
   NS_SS1321  7 0.4055 0.1494 0.2080 0.2371 
   NS_SS1333  7 0.4494 0.2098 0.1726 0.1682 
   NS_SS1364  7 0.2371 0.1331 0.1835 0.4462 
   NS_SS1379  7 0.1587 0.3645 0.2314 0.2454 
   NS_SS1332  7 0.4797 0.1705 0.1691 0.1807 
   NS_SS1338  7 0.2655 0.1180 0.4499 0.1667 
   NS_SS1368  7 0.3397 0.1544 0.1078 0.3980 
   NS_SS1354  7 0.1978 0.1940 0.1843 0.4239 
   NS_SS1365  7 0.1504 0.2808 0.3145 0.2543 
   NS_SS1380  7 0.1253 0.1933 0.2924 0.3891 
   NS_SS1329  7 0.3040 0.1439 0.0797 0.4725 
   NS_SS1362  7 0.2438 0.2741 0.1646 0.3175 
   NS_SS1327  7 0.6494 0.1130 0.1558 0.0818 
   NS_SS1350  7 0.3346 0.4872 0.0821 0.0961 
   NS_SS1387  7 0.1910 0.1608 0.5009 0.1473 
   NS_SS1369  7 0.3034 0.1306 0.2602 0.3059 
   NS_SS1331  7 0.2568 0.2243 0.3616 0.1573 
   NS_SS1357  7 0.2769 0.5280 0.0727 0.1224 
   NS_SS1386  7 0.4879 0.0993 0.1005 0.3124 
   NS_SS1353  7 0.2092 0.4686 0.1262 0.1960 
   NS_SS1323  7 0.1153 0.2984 0.1781 0.4082 
   HI_SS0296  8 0.3127 0.1932 0.3756 0.1185 
   HI_SS0297  8 0.1850 0.4107 0.1635 0.2408 
   HI_SS0299  8 0.2313 0.1606 0.2889 0.3191 
   HI_SS0300  8 0.1864 0.1946 0.3975 0.2215 
   HI_SS0301  8 0.1321 0.0777 0.5496 0.2407 
   HI_SS0302  8 0.2744 0.1084 0.4643 0.1529 
   HI_SS0303  8 0.3846 0.3259 0.1220 0.1675 
   HI_SS0304  8 0.1933 0.3714 0.3297 0.1057 
   HI_SS0306  8 0.3589 0.1391 0.3559 0.1462 
   HI_SS0307  8 0.1568 0.2716 0.2410 0.3306 
   HI_SS0308  8 0.1502 0.1403 0.3222 0.3874 
   HI_SS0309  8 0.1430 0.1306 0.2509 0.4754 
   HI_SS0310  8 0.2085 0.3608 0.2536 0.1771 
   HI_SS0311  8 0.1939 0.1502 0.4166 0.2392 
   HI_SS0314  8 0.2108 0.4719 0.1286 0.1886 
   HI_SS0316  8 0.3246 0.2465 0.1922 0.2367 
   HI_SS0317  8 0.1929 0.1704 0.3340 0.3026 
   HI_SS0318  8 0.4219 0.1242 0.2218 0.2321 
   HI_SS0319  8 0.5626 0.1319 0.0966 0.2089 
   HI_SS0320  8 0.1615 0.4109 0.2355 0.1920 
   HI_SS0321  8 0.3468 0.2070 0.1870 0.2592 
   HI_SS0323  8 0.3797 0.1922 0.2929 0.1352 
   HI_SS0325  8 0.3296 0.1174 0.3997 0.1533 
   HI_SS0327  8 0.3904 0.2652 0.0534 0.2910 
   HI_SS0329  8 0.1785 0.2889 0.3475 0.1851 
   HI_SS0333  8 0.2701 0.2658 0.2433 0.2207 
   HI_SS0334  8 0.3452 0.1277 0.2368 0.2903 
   HI_SS0335  8 0.1169 0.1831 0.1985 0.5015 
   HI_SS0339  8 0.1301 0.2091 0.3663 0.2944 
   HI_SS0343  8 0.1317 0.2425 0.1150 0.5108 
   HI_SS0344  8 0.6076 0.1230 0.1265 0.1429 
   HI_SS0345  8 0.1610 0.1570 0.3602 0.3217 
   HI_SS0346  8 0.2926 0.1728 0.2946 0.2399 
   HI_SS0350  8 0.0720 0.2130 0.2572 0.4577 
   HI_SS0351  8 0.1575 0.1243 0.1444 0.5738 
   HI_SS0352  8 0.1702 0.2428 0.2098 0.3771 
   HI_SS0362  8 0.1756 0.1669 0.5085 0.1490 
   HI_SS0363  8 0.4520 0.2175 0.1073 0.2231 
   HI_SS0365  8 0.3579 0.2468 0.1206 0.2746 
   HI_SS0366  8 0.5326 0.1413 0.1702 0.1559 
   HI_SS0367  8 0.1470 0.3608 0.2061 0.2861 
   HI_SS0369  8 0.1367 0.2959 0.3517 0.2157 
   HI_SS0370  8 0.2279 0.4782 0.0890 0.2049 
   HI_SS0371  8 0.3984 0.1403 0.3209 0.1404 
   HI_SS0373  8 0.2522 0.3485 0.2433 0.1560 
   HI_SS0374  8 0.1648 0.3507 0.2361 0.2485 
   HI_SS0377  8 0.2014 0.0972 0.2388 0.4626 
   HI_SS0379  8 0.6008 0.0787 0.1102 0.2103 
   HI_SS0380  8 0.1740 0.2781 0.2385 0.3094 
   HI_SS0381  8 0.1164 0.1440 0.3296 0.4101 
   HI_SS0384  8 0.3580 0.3638 0.1568 0.1214 
   HI_SS0385  8 0.2564 0.2676 0.3800 0.0960 
