

----------------------------------------------------
STRUCTURE by Pritchard, Stephens and Donnelly (2000)
     and Falush, Stephens and Pritchard (2003)
       Code by Pritchard, Falush and Hubisz
             Version 2.3.4 (Jul 2012)
----------------------------------------------------



Command line arguments:   /home/genobiwan/Documents/Programs/Structure/structure -m parameter_job_k6_r7 
Input File:    /media/genobiwan/Storage/Projets/Mackerel_NWA_2021/data_job_k6_r7

Run parameters:
   557 individuals
   3930 loci
   6 populations assumed
   100000 Burn-in period
   200000 Reps


--------------------------------------------
Proportion of membership of each pre-defined
 population in each of the 6 clusters

Given    Inferred Clusters                            Number of
 Pop       1      2      3      4      5      6      Individuals

  1:     0.177  0.158  0.169  0.159  0.154  0.183       67
  2:     0.178  0.135  0.152  0.182  0.204  0.148       32
  3:     0.164  0.156  0.158  0.183  0.157  0.182       92
  4:     0.145  0.173  0.191  0.162  0.179  0.151       36
  5:     0.148  0.175  0.160  0.161  0.166  0.189       41
  6:     0.164  0.177  0.174  0.164  0.164  0.157      158
  7:     0.171  0.166  0.171  0.168  0.163  0.162       79
  8:     0.163  0.180  0.163  0.168  0.150  0.177       52
--------------------------------------------

Allele-freq. divergence among pops (Net nucleotide distance),
computed using point estimates of P.

      1       2       3       4       5       6      
 1      -    0.0063  0.0049  0.0046  0.0057  0.0050  
 2   0.0063     -    0.0052  0.0054  0.0061  0.0055  
 3   0.0049  0.0052     -    0.0043  0.0052  0.0041  
 4   0.0046  0.0054  0.0043     -    0.0056  0.0041  
 5   0.0057  0.0061  0.0052  0.0056     -    0.0053  
 6   0.0050  0.0055  0.0041  0.0041  0.0053     -    

Average distances (expected heterozygosity) between individuals in same cluster:
cluster  1  : 0.3094 
cluster  2  : 0.3083 
cluster  3  : 0.3115 
cluster  4  : 0.3102 
cluster  5  : 0.3119 
cluster  6  : 0.3104 

--------------------------------------------
Estimated Ln Prob of Data   = -2070486.1
Mean value of ln likelihood = -2060616.3
Variance of ln likelihood   = 19739.6
Mean value of alpha         = 1.9916

Mean value of Fst_1         = 0.0569
Mean value of Fst_2         = 0.0582
Mean value of Fst_3         = 0.0472
Mean value of Fst_4         = 0.0489
Mean value of Fst_5         = 0.0578
Mean value of Fst_6         = 0.0497


Inferred ancestry of individuals:
        Label (%Miss) Pop:  Inferred clusters
  1 NS_SS0963    (4)    1 :  0.071 0.093 0.275 0.198 0.156 0.208 
  2 NS_SS0983    (1)    1 :  0.061 0.311 0.132 0.150 0.178 0.168 
  3 NS_SS0719    (8)    1 :  0.128 0.156 0.206 0.215 0.166 0.129 
  4 NS_SS1001    (8)    1 :  0.206 0.107 0.084 0.184 0.230 0.188 
  5 NS_SS0936    (4)    1 :  0.156 0.091 0.230 0.091 0.214 0.219 
  6 NS_SS0955    (5)    1 :  0.059 0.195 0.175 0.217 0.152 0.201 
  7 NS_SS0944    (3)    1 :  0.105 0.181 0.108 0.192 0.150 0.265 
  8 NS_SS0945    (3)    1 :  0.274 0.211 0.151 0.105 0.111 0.149 
  9 NS_SS0922    (2)    1 :  0.174 0.079 0.173 0.191 0.255 0.127 
 10 NS_SS0929    (7)    1 :  0.128 0.213 0.179 0.111 0.157 0.212 
 11 NS_SS0956    (2)    1 :  0.184 0.076 0.104 0.360 0.146 0.129 
 12 NS_SS0906    (3)    1 :  0.134 0.204 0.152 0.102 0.113 0.294 
 13 NS_SS0721    (6)    1 :  0.122 0.133 0.145 0.361 0.138 0.101 
 14 NS_SS0982    (4)    1 :  0.184 0.120 0.182 0.182 0.114 0.218 
 15 NS_SS0923    (5)    1 :  0.248 0.114 0.153 0.132 0.155 0.198 
 16 NS_SS0905    (6)    1 :  0.290 0.159 0.078 0.109 0.144 0.220 
 17 NS_SS0925    (3)    1 :  0.116 0.064 0.123 0.177 0.255 0.263 
 18 NS_SS0947    (5)    1 :  0.150 0.113 0.177 0.121 0.210 0.229 
 19 NS_SS0926    (2)    1 :  0.126 0.308 0.275 0.089 0.060 0.142 
 20 NS_SS0918    (6)    1 :  0.199 0.090 0.137 0.151 0.068 0.354 
 21 NS_SS0966    (4)    1 :  0.167 0.114 0.197 0.109 0.135 0.277 
 22 NS_SS0938    (2)    1 :  0.129 0.077 0.375 0.119 0.204 0.096 
 23 NS_SS0917    (2)    1 :  0.187 0.229 0.192 0.137 0.183 0.070 
 24 NS_SS0957   (11)    1 :  0.216 0.124 0.163 0.261 0.091 0.144 
 25 NS_SS0987    (1)    1 :  0.202 0.151 0.099 0.330 0.059 0.159 
 26 NS_SS0717    (4)    1 :  0.299 0.101 0.064 0.166 0.168 0.202 
 27 NS_SS0986    (2)    1 :  0.188 0.222 0.173 0.202 0.054 0.161 
 28 NS_SS0953    (4)    1 :  0.173 0.103 0.069 0.149 0.199 0.308 
 29 NS_SS0907    (3)    1 :  0.154 0.163 0.119 0.090 0.109 0.366 
 30 NS_SS0974    (6)    1 :  0.195 0.164 0.124 0.083 0.221 0.213 
 31 NS_SS0989    (1)    1 :  0.079 0.251 0.260 0.108 0.234 0.066 
 32 NS_SS0991    (2)    1 :  0.076 0.235 0.082 0.257 0.065 0.284 
 33 NS_SS0994    (2)    1 :  0.114 0.400 0.105 0.082 0.196 0.103 
 34 NS_SS0931    (6)    1 :  0.085 0.273 0.208 0.176 0.063 0.195 
 35 NS_SS1000    (5)    1 :  0.269 0.112 0.162 0.099 0.151 0.208 
 36 NS_SS0919    (1)    1 :  0.121 0.194 0.280 0.080 0.095 0.230 
 37 NS_SS0949    (3)    1 :  0.069 0.244 0.185 0.177 0.236 0.087 
 38 NS_SS0960   (10)    1 :  0.174 0.221 0.124 0.151 0.128 0.201 
 39 NS_SS0716    (2)    1 :  0.512 0.112 0.083 0.174 0.061 0.058 
 40 NS_SS0924    (8)    1 :  0.127 0.181 0.147 0.160 0.156 0.230 
 41 NS_SS0935    (1)    1 :  0.135 0.282 0.071 0.188 0.139 0.186 
 42 NS_SS0952   (13)    1 :  0.128 0.256 0.164 0.091 0.126 0.235 
 43 NS_SS0962   (10)    1 :  0.246 0.103 0.309 0.117 0.105 0.121 
 44 NS_SS0973    (5)    1 :  0.090 0.124 0.113 0.157 0.246 0.270 
 45 NS_SS0722    (1)    1 :  0.288 0.073 0.069 0.100 0.219 0.251 
 46 NS_SS0979   (13)    1 :  0.256 0.103 0.170 0.203 0.090 0.178 
 47 NS_SS0993    (2)    1 :  0.147 0.066 0.148 0.170 0.212 0.258 
 48 NS_SS0958    (1)    1 :  0.228 0.278 0.118 0.099 0.128 0.148 
 49 NS_SS0988    (4)    1 :  0.180 0.197 0.261 0.092 0.064 0.206 
 50 NS_SS1003    (2)    1 :  0.067 0.066 0.399 0.271 0.066 0.131 
 51 NS_SS0976    (0)    1 :  0.078 0.231 0.267 0.147 0.103 0.174 
 52 NS_SS0964   (10)    1 :  0.269 0.079 0.081 0.210 0.234 0.127 
 53 NS_SS0939    (4)    1 :  0.430 0.073 0.124 0.237 0.085 0.050 
 54 NS_SS0990    (6)    1 :  0.238 0.215 0.284 0.132 0.065 0.066 
 55 NS_SS0984    (2)    1 :  0.299 0.079 0.176 0.114 0.188 0.144 
 56 NS_SS0980    (9)    1 :  0.152 0.085 0.099 0.081 0.336 0.249 
 57 NS_SS0978    (4)    1 :  0.163 0.113 0.195 0.111 0.236 0.182 
 58 NS_SS0951   (17)    1 :  0.173 0.221 0.069 0.235 0.069 0.233 
 59 NS_SS0913    (3)    1 :  0.245 0.113 0.104 0.241 0.142 0.155 
 60 NS_SS1002    (1)    1 :  0.160 0.077 0.420 0.061 0.089 0.193 
 61 NS_SS0948    (1)    1 :  0.165 0.172 0.167 0.137 0.108 0.252 
 62 NS_SS0916    (4)    1 :  0.126 0.130 0.177 0.138 0.350 0.079 
 63 NS_SS0995    (1)    1 :  0.226 0.095 0.126 0.143 0.292 0.117 
 64 NS_SS0927    (6)    1 :  0.195 0.223 0.164 0.086 0.229 0.103 
 65 NS_SS0992    (5)    1 :  0.138 0.149 0.207 0.089 0.292 0.126 
 66 NS_SS0912    (1)    1 :  0.171 0.216 0.158 0.247 0.057 0.150 
 67 NS_SS0981    (1)    1 :  0.190 0.103 0.231 0.188 0.066 0.223 
 68 NS_SS0729    (5)    2 :  0.061 0.260 0.108 0.063 0.335 0.173 
 69 NS_SS0967   (14)    2 :  0.134 0.101 0.263 0.108 0.158 0.237 
 70 NS_SS0941    (7)    2 :  0.151 0.108 0.185 0.167 0.277 0.112 
 71 NS_SS0768   (12)    2 :  0.140 0.138 0.170 0.267 0.105 0.181 
 72 NS_SS0726    (4)    2 :  0.055 0.161 0.222 0.099 0.353 0.111 
 73 NS_SS0763    (4)    2 :  0.137 0.232 0.129 0.116 0.217 0.169 
 74 NS_SS0730    (6)    2 :  0.297 0.100 0.190 0.156 0.145 0.112 
 75 NS_SS0774    (1)    2 :  0.272 0.071 0.167 0.090 0.249 0.151 
 76 NS_SS0723    (3)    2 :  0.179 0.062 0.224 0.159 0.193 0.183 
 77 NS_SS0940    (9)    2 :  0.184 0.178 0.175 0.160 0.213 0.090 
 78 NS_SS0762    (1)    2 :  0.294 0.052 0.074 0.144 0.255 0.180 
 79 NS_SS0766   (11)    2 :  0.281 0.161 0.089 0.156 0.234 0.078 
 80 NS_SS0724    (1)    2 :  0.121 0.102 0.113 0.235 0.171 0.259 
 81 NS_SS0769    (3)    2 :  0.237 0.155 0.209 0.145 0.102 0.152 
 82 NS_SS0777    (2)    2 :  0.179 0.248 0.163 0.173 0.068 0.169 
 83 NS_SS0734    (6)    2 :  0.169 0.166 0.125 0.267 0.168 0.104 
 84 NS_SS0737    (3)    2 :  0.227 0.069 0.135 0.132 0.354 0.083 
 85 NS_SS0732    (5)    2 :  0.170 0.077 0.086 0.333 0.144 0.191 
 86 NS_SS0728    (5)    2 :  0.159 0.107 0.126 0.216 0.287 0.105 
 87 NS_SS0735    (9)    2 :  0.129 0.091 0.069 0.236 0.301 0.174 
 88 NS_SS0725    (1)    2 :  0.134 0.094 0.229 0.214 0.220 0.109 
 89 NS_SS0788    (2)    2 :  0.153 0.146 0.336 0.124 0.139 0.102 
 90 NS_SS0778    (2)    2 :  0.115 0.188 0.272 0.197 0.116 0.113 
 91 NS_SS0792    (6)    2 :  0.128 0.140 0.087 0.250 0.233 0.162 
 92 NS_SS0943   (11)    2 :  0.061 0.234 0.097 0.206 0.115 0.287 
 93 NS_SS0791    (2)    2 :  0.124 0.141 0.099 0.265 0.306 0.066 
 94 NS_SS0790    (5)    2 :  0.196 0.051 0.113 0.263 0.109 0.267 
 95 NS_SS0731    (6)    2 :  0.263 0.116 0.110 0.292 0.076 0.143 
 96 NS_SS0727    (6)    2 :  0.144 0.200 0.061 0.109 0.385 0.101 
 97 NS_SS0779   (12)    2 :  0.176 0.151 0.173 0.184 0.147 0.169 
 98 NS_SS0776    (3)    2 :  0.243 0.143 0.179 0.156 0.169 0.110 
 99 NS_SS0775    (5)    2 :  0.394 0.070 0.095 0.151 0.197 0.093 
100 NS_SS0965    (3)    3 :  0.121 0.111 0.181 0.286 0.101 0.200 
101 NS_SS0754   (13)    3 :  0.088 0.203 0.115 0.286 0.192 0.116 
102 NS_SS0838    (5)    3 :  0.206 0.162 0.222 0.121 0.140 0.149 
103 NS_SS0839    (3)    3 :  0.262 0.063 0.183 0.170 0.194 0.129 
104 NS_SS0832    (4)    3 :  0.187 0.057 0.141 0.198 0.101 0.317 
105 NS_SS0820    (4)    3 :  0.133 0.071 0.245 0.241 0.138 0.171 
106 NS_SS0886    (9)    3 :  0.147 0.208 0.163 0.219 0.145 0.119 
107 NS_SS0748    (5)    3 :  0.175 0.195 0.149 0.135 0.091 0.254 
108 NS_SS0884    (9)    3 :  0.135 0.146 0.160 0.166 0.215 0.178 
109 NS_SS0752    (3)    3 :  0.191 0.117 0.162 0.119 0.258 0.154 
110 NS_SS0862    (1)    3 :  0.093 0.069 0.096 0.370 0.176 0.195 
111 NS_SS0787    (9)    3 :  0.141 0.422 0.121 0.114 0.082 0.120 
112 NS_SS0843    (6)    3 :  0.134 0.131 0.122 0.181 0.222 0.210 
113 NS_SS0856    (4)    3 :  0.237 0.140 0.174 0.116 0.271 0.062 
114 NS_SS0846    (2)    3 :  0.084 0.178 0.192 0.072 0.208 0.266 
115 NS_SS0825    (1)    3 :  0.077 0.159 0.329 0.231 0.080 0.124 
116 NS_SS0757    (3)    3 :  0.136 0.196 0.127 0.240 0.104 0.198 
117 NS_SS0876    (3)    3 :  0.143 0.112 0.119 0.208 0.226 0.193 
118 NS_SS0903    (9)    3 :  0.137 0.064 0.134 0.077 0.335 0.253 
119 NS_SS0875    (7)    3 :  0.301 0.150 0.196 0.144 0.084 0.125 
120 NS_SS0740    (5)    3 :  0.139 0.127 0.111 0.189 0.203 0.231 
121 NS_SS0811    (5)    3 :  0.345 0.071 0.083 0.281 0.073 0.147 
122 NS_SS0751    (1)    3 :  0.262 0.125 0.243 0.113 0.160 0.097 
123 NS_SS0891    (6)    3 :  0.189 0.134 0.228 0.130 0.191 0.128 
124 NS_SS0867    (2)    3 :  0.059 0.172 0.157 0.206 0.091 0.315 
125 NS_SS0890    (6)    3 :  0.230 0.140 0.146 0.106 0.180 0.198 
126 NS_SS0866   (11)    3 :  0.103 0.348 0.130 0.152 0.179 0.088 
127 NS_SS0755    (4)    3 :  0.154 0.119 0.145 0.236 0.122 0.225 
128 NS_SS0758    (4)    3 :  0.128 0.138 0.142 0.137 0.287 0.168 
129 NS_SS0840    (2)    3 :  0.198 0.060 0.259 0.165 0.114 0.203 
130 NS_SS0889    (4)    3 :  0.108 0.290 0.110 0.265 0.097 0.130 
131 NS_SS1010    (1)    3 :  0.236 0.142 0.260 0.104 0.089 0.171 
132 NS_SS0888    (5)    3 :  0.118 0.237 0.065 0.189 0.316 0.074 
133 NS_SS0837    (3)    3 :  0.156 0.092 0.109 0.297 0.097 0.249 
134 NS_SS0794    (9)    3 :  0.208 0.254 0.068 0.141 0.220 0.109 
135 NS_SS0823    (4)    3 :  0.136 0.086 0.156 0.116 0.199 0.307 
136 NS_SS0829    (7)    3 :  0.110 0.355 0.084 0.205 0.061 0.186 
137 NS_SS0844    (5)    3 :  0.082 0.053 0.091 0.112 0.160 0.501 
138 NS_SS1008    (5)    3 :  0.238 0.236 0.084 0.124 0.187 0.132 
139 NS_SS0881    (3)    3 :  0.190 0.171 0.290 0.153 0.091 0.104 
140 NS_SS0834    (6)    3 :  0.156 0.088 0.244 0.129 0.258 0.125 
141 NS_SS0744   (10)    3 :  0.084 0.128 0.204 0.208 0.220 0.156 
142 NS_SS0899    (7)    3 :  0.265 0.088 0.095 0.247 0.071 0.234 
143 NS_SS0804    (4)    3 :  0.148 0.061 0.169 0.243 0.158 0.221 
144 NS_SS0781   (10)    3 :  0.222 0.074 0.267 0.110 0.101 0.226 
145 NS_SS0822    (6)    3 :  0.078 0.161 0.090 0.196 0.266 0.210 
146 NS_SS1004    (4)    3 :  0.117 0.112 0.157 0.171 0.137 0.305 
147 NS_SS0746    (5)    3 :  0.126 0.177 0.136 0.100 0.134 0.328 
148 NS_SS0880    (3)    3 :  0.122 0.097 0.199 0.181 0.154 0.247 
149 NS_SS0879    (4)    3 :  0.121 0.118 0.135 0.222 0.213 0.191 
150 NS_SS0753    (2)    3 :  0.145 0.220 0.089 0.206 0.114 0.226 
151 NS_SS1007    (2)    3 :  0.229 0.118 0.189 0.077 0.318 0.068 
152 NS_SS0872    (5)    3 :  0.252 0.093 0.186 0.110 0.173 0.185 
153 NS_SS1005    (7)    3 :  0.174 0.117 0.198 0.100 0.109 0.303 
154 NS_SS0892    (6)    3 :  0.196 0.166 0.146 0.173 0.157 0.163 
155 NS_SS0898    (0)    3 :  0.138 0.207 0.148 0.193 0.122 0.192 
156 NS_SS0801    (9)    3 :  0.171 0.153 0.124 0.251 0.085 0.215 
157 NS_SS0827    (8)    3 :  0.291 0.207 0.122 0.171 0.061 0.148 
158 NS_SS0853    (6)    3 :  0.331 0.199 0.069 0.183 0.076 0.140 
159 NS_SS0780    (2)    3 :  0.146 0.089 0.242 0.237 0.158 0.128 
160 NS_SS0826   (10)    3 :  0.067 0.147 0.356 0.126 0.063 0.243 
161 NS_SS0818    (5)    3 :  0.208 0.066 0.211 0.181 0.186 0.148 
162 NS_SS0745    (1)    3 :  0.407 0.081 0.127 0.210 0.118 0.057 
163 NS_SS0849    (3)    3 :  0.133 0.103 0.179 0.389 0.046 0.149 
164 NS_SS0739    (3)    3 :  0.202 0.124 0.255 0.203 0.152 0.064 
165 NS_SS0799    (1)    3 :  0.173 0.178 0.059 0.156 0.297 0.137 
166 NS_SS0756    (2)    3 :  0.149 0.082 0.217 0.143 0.082 0.328 
167 NS_SS0802    (2)    3 :  0.143 0.198 0.252 0.090 0.192 0.124 
168 NS_SS0747    (6)    3 :  0.145 0.139 0.195 0.121 0.163 0.236 
169 NS_SS0835    (1)    3 :  0.115 0.331 0.157 0.083 0.182 0.131 
170 NS_SS0742   (18)    3 :  0.134 0.091 0.216 0.188 0.181 0.189 
171 NS_SS0760    (9)    3 :  0.175 0.345 0.113 0.092 0.122 0.153 
172 NS_SS0803    (4)    3 :  0.080 0.059 0.063 0.110 0.281 0.407 
173 NS_SS0828   (13)    3 :  0.182 0.153 0.120 0.263 0.127 0.155 
174 NS_SS0865    (2)    3 :  0.075 0.145 0.238 0.284 0.093 0.166 
175 NS_SS0759    (4)    3 :  0.251 0.088 0.137 0.201 0.171 0.152 
176 NS_SS0851    (5)    3 :  0.157 0.085 0.141 0.456 0.059 0.102 
177 NS_SS0874   (16)    3 :  0.165 0.097 0.119 0.116 0.133 0.370 
178 NS_SS0761    (6)    3 :  0.075 0.290 0.146 0.196 0.097 0.195 
179 NS_SS0842   (25)    3 :  0.261 0.235 0.108 0.116 0.117 0.163 
180 NS_SS0785    (6)    3 :  0.135 0.183 0.112 0.161 0.179 0.230 
181 NS_SS0860   (11)    3 :  0.114 0.356 0.133 0.088 0.152 0.157 
182 NS_SS0897    (7)    3 :  0.114 0.372 0.087 0.197 0.132 0.098 
183 NS_SS0841   (14)    3 :  0.277 0.079 0.113 0.266 0.105 0.159 
184 NS_SS0797    (6)    3 :  0.121 0.213 0.161 0.264 0.081 0.159 
185 NS_SS0830   (10)    3 :  0.162 0.149 0.189 0.231 0.120 0.148 
186 NS_SS1011    (5)    3 :  0.074 0.078 0.346 0.194 0.121 0.187 
187 NS_SS0883    (5)    3 :  0.244 0.162 0.081 0.214 0.134 0.164 
188 NS_SS0782    (2)    3 :  0.186 0.158 0.089 0.125 0.297 0.146 
189 NS_SS0831    (5)    3 :  0.117 0.284 0.086 0.283 0.103 0.127 
190 NS_SS0749    (7)    3 :  0.148 0.149 0.131 0.273 0.203 0.096 
191 NS_SS0854    (2)    3 :  0.097 0.134 0.100 0.155 0.387 0.127 
192 HI_SS0193    (0)    4 :  0.074 0.196 0.162 0.243 0.240 0.085 
193 HI_SS0194    (0)    4 :  0.134 0.109 0.297 0.136 0.206 0.118 
194 HI_SS0195    (9)    4 :  0.187 0.061 0.252 0.314 0.107 0.079 
195 HI_SS0196    (6)    4 :  0.246 0.159 0.118 0.118 0.251 0.109 
196 HI_SS0197    (3)    4 :  0.125 0.105 0.521 0.070 0.101 0.079 
197 HI_SS0198    (1)    4 :  0.137 0.175 0.153 0.275 0.148 0.112 
198 HI_SS0199    (1)    4 :  0.143 0.180 0.082 0.107 0.375 0.112 
199 HI_SS0201    (4)    4 :  0.066 0.321 0.109 0.194 0.091 0.219 
200 HI_SS0215    (1)    4 :  0.110 0.308 0.159 0.144 0.089 0.190 
201 HI_SS0218    (1)    4 :  0.120 0.302 0.070 0.196 0.239 0.073 
202 HI_SS0222    (0)    4 :  0.187 0.146 0.193 0.214 0.182 0.078 
203 HI_SS0230    (1)    4 :  0.272 0.131 0.264 0.093 0.060 0.180 
204 HI_SS0234    (1)    4 :  0.088 0.107 0.227 0.075 0.361 0.141 
205 HI_SS0240    (1)    4 :  0.153 0.087 0.110 0.152 0.409 0.089 
206 HI_SS0241    (0)    4 :  0.121 0.241 0.156 0.157 0.167 0.159 
207 HI_SS0242    (0)    4 :  0.108 0.159 0.124 0.209 0.170 0.229 
208 HI_SS0247    (0)    4 :  0.120 0.125 0.193 0.141 0.071 0.351 
209 HI_SS0248    (1)    4 :  0.173 0.250 0.053 0.080 0.258 0.186 
210 HI_SS0252    (2)    4 :  0.114 0.093 0.089 0.234 0.269 0.201 
211 HI_SS0254    (1)    4 :  0.116 0.189 0.257 0.090 0.155 0.194 
212 HI_SS0256    (0)    4 :  0.185 0.036 0.218 0.132 0.192 0.238 
213 HI_SS0257    (0)    4 :  0.059 0.241 0.185 0.062 0.213 0.240 
214 HI_SS0258    (1)    4 :  0.138 0.274 0.096 0.150 0.162 0.180 
215 HI_SS0259    (1)    4 :  0.118 0.097 0.326 0.181 0.188 0.090 
216 HI_SS0260    (1)    4 :  0.256 0.262 0.094 0.092 0.190 0.106 
217 HI_SS0261    (2)    4 :  0.096 0.176 0.251 0.093 0.158 0.227 
218 HI_SS0262    (0)    4 :  0.186 0.106 0.151 0.269 0.177 0.110 
219 HI_SS0264    (1)    4 :  0.315 0.136 0.223 0.131 0.058 0.137 
220 HI_SS0265    (0)    4 :  0.134 0.117 0.254 0.240 0.112 0.142 
221 HI_SS0268    (1)    4 :  0.290 0.208 0.243 0.117 0.087 0.056 
222 HI_SS0269    (1)    4 :  0.054 0.303 0.189 0.069 0.253 0.132 
223 HI_SS0273    (0)    4 :  0.107 0.242 0.177 0.128 0.122 0.224 
224 HI_SS0277    (1)    4 :  0.082 0.088 0.465 0.130 0.091 0.144 
225 HI_SS0280    (0)    4 :  0.208 0.132 0.145 0.314 0.125 0.076 
226 HI_SS0282    (1)    4 :  0.089 0.192 0.101 0.211 0.164 0.243 
227 HI_SS0286    (1)    4 :  0.096 0.181 0.154 0.270 0.192 0.106 
228 NS_SS1252    (3)    5 :  0.102 0.385 0.069 0.133 0.170 0.141 
229 NS_SS1261    (1)    5 :  0.205 0.166 0.190 0.111 0.169 0.159 
230 NS_SS1225    (9)    5 :  0.093 0.210 0.138 0.095 0.109 0.355 
231 NS_SS1266    (1)    5 :  0.120 0.057 0.132 0.137 0.128 0.425 
232 NS_SS1228    (0)    5 :  0.210 0.088 0.138 0.327 0.133 0.104 
233 NS_SS1255    (2)    5 :  0.258 0.131 0.100 0.085 0.295 0.130 
234 NS_SS1267    (3)    5 :  0.108 0.405 0.107 0.151 0.158 0.071 
235 NS_SS1238    (6)    5 :  0.162 0.188 0.281 0.191 0.088 0.090 
236 NS_SS1233    (8)    5 :  0.206 0.097 0.128 0.123 0.055 0.391 
237 NS_SS1277    (3)    5 :  0.139 0.212 0.101 0.172 0.296 0.079 
238 NS_SS1245    (1)    5 :  0.117 0.199 0.153 0.093 0.147 0.290 
239 NS_SS1240    (4)    5 :  0.100 0.395 0.162 0.075 0.169 0.100 
240 NS_SS1275    (2)    5 :  0.110 0.050 0.377 0.217 0.117 0.130 
241 NS_SS1235    (1)    5 :  0.082 0.107 0.170 0.056 0.348 0.238 
242 NS_SS1263    (1)    5 :  0.232 0.081 0.109 0.109 0.168 0.301 
243 NS_SS1251    (1)    5 :  0.138 0.098 0.174 0.105 0.137 0.348 
244 NS_SS1248    (0)    5 :  0.152 0.179 0.115 0.429 0.046 0.080 
245 NS_SS1244    (0)    5 :  0.054 0.110 0.358 0.165 0.117 0.196 
246 NS_SS1257    (0)    5 :  0.121 0.254 0.102 0.160 0.222 0.142 
247 NS_SS1242    (2)    5 :  0.298 0.104 0.158 0.159 0.110 0.171 
248 NS_SS1271    (6)    5 :  0.088 0.348 0.115 0.172 0.186 0.090 
249 NS_SS1265    (1)    5 :  0.136 0.328 0.182 0.119 0.079 0.155 
250 NS_SS1243    (0)    5 :  0.209 0.113 0.075 0.310 0.174 0.117 
251 NS_SS1273    (1)    5 :  0.393 0.077 0.126 0.108 0.142 0.154 
252 NS_SS1254   (14)    5 :  0.233 0.100 0.092 0.102 0.113 0.361 
253 NS_SS1224    (1)    5 :  0.152 0.083 0.115 0.243 0.122 0.286 
254 NS_SS1227    (8)    5 :  0.201 0.262 0.181 0.069 0.180 0.107 
255 NS_SS1274    (8)    5 :  0.149 0.207 0.131 0.147 0.218 0.147 
256 NS_SS1241    (1)    5 :  0.105 0.198 0.149 0.170 0.166 0.212 
257 NS_SS1256    (3)    5 :  0.125 0.196 0.214 0.079 0.084 0.302 
258 NS_SS1260    (8)    5 :  0.136 0.259 0.097 0.111 0.267 0.129 
259 NS_SS1262    (0)    5 :  0.081 0.174 0.162 0.193 0.133 0.257 
260 NS_SS1230    (0)    5 :  0.217 0.211 0.144 0.147 0.112 0.168 
261 NS_SS1270    (2)    5 :  0.083 0.104 0.148 0.304 0.063 0.298 
262 NS_SS1229    (2)    5 :  0.080 0.075 0.282 0.062 0.376 0.125 
263 NS_SS1246    (5)    5 :  0.070 0.229 0.251 0.112 0.257 0.081 
264 NS_SS1269    (0)    5 :  0.191 0.120 0.147 0.194 0.179 0.169 
265 NS_SS1239    (1)    5 :  0.099 0.071 0.088 0.306 0.347 0.091 
266 NS_SS1272    (4)    5 :  0.094 0.122 0.459 0.089 0.085 0.153 
267 NS_SS1268    (1)    5 :  0.143 0.085 0.072 0.348 0.068 0.284 
268 NS_SS1249    (0)    5 :  0.092 0.315 0.076 0.116 0.280 0.121 
269 HI_SS0559    (0)    6 :  0.163 0.150 0.070 0.254 0.183 0.181 
270 HI_SS0563    (1)    6 :  0.113 0.151 0.171 0.147 0.215 0.203 
271 HI_SS0564    (0)    6 :  0.092 0.112 0.242 0.219 0.165 0.170 
272 HI_SS0565    (0)    6 :  0.159 0.215 0.250 0.098 0.092 0.187 
273 HI_SS0569    (0)    6 :  0.084 0.289 0.120 0.103 0.060 0.345 
274 HI_SS0570    (0)    6 :  0.113 0.298 0.167 0.189 0.163 0.070 
275 HI_SS0572    (1)    6 :  0.196 0.078 0.152 0.092 0.313 0.169 
276 HI_SS0576    (0)    6 :  0.228 0.085 0.165 0.274 0.144 0.104 
277 HI_SS0579    (1)    6 :  0.070 0.179 0.071 0.093 0.198 0.389 
278 HI_SS0580    (1)    6 :  0.248 0.219 0.080 0.127 0.211 0.115 
279 HI_SS0581    (0)    6 :  0.124 0.069 0.344 0.278 0.100 0.086 
280 HI_SS0583    (1)    6 :  0.217 0.305 0.108 0.058 0.151 0.161 
281 HI_SS0586    (1)    6 :  0.218 0.394 0.100 0.140 0.064 0.085 
282 HI_SS0588    (1)    6 :  0.139 0.219 0.085 0.133 0.185 0.239 
283 HI_SS0595    (4)    6 :  0.159 0.218 0.313 0.069 0.131 0.110 
284 HI_SS0596    (0)    6 :  0.325 0.072 0.074 0.090 0.285 0.155 
285 HI_SS0597    (1)    6 :  0.228 0.105 0.261 0.085 0.156 0.164 
286 HI_SS0600    (0)    6 :  0.084 0.172 0.226 0.157 0.249 0.112 
287 HI_SS0601    (1)    6 :  0.090 0.159 0.197 0.159 0.109 0.287 
288 HI_SS0602    (1)    6 :  0.261 0.274 0.081 0.185 0.104 0.095 
289 HI_SS0604    (0)    6 :  0.103 0.145 0.085 0.258 0.158 0.251 
290 HI_SS0605    (1)    6 :  0.083 0.164 0.080 0.380 0.193 0.100 
291 HI_SS0608    (0)    6 :  0.319 0.165 0.129 0.161 0.124 0.102 
292 HI_SS0609    (0)    6 :  0.198 0.094 0.185 0.072 0.119 0.331 
293 HI_SS0611    (5)    6 :  0.173 0.278 0.075 0.269 0.107 0.097 
294 HI_SS0612    (1)    6 :  0.079 0.119 0.103 0.053 0.262 0.384 
295 HI_SS0613    (1)    6 :  0.176 0.153 0.090 0.372 0.069 0.140 
296 HI_SS0615    (0)    6 :  0.222 0.064 0.173 0.198 0.252 0.091 
297 HI_SS0001    (1)    6 :  0.142 0.180 0.205 0.102 0.266 0.106 
298 HI_SS0002    (1)    6 :  0.193 0.091 0.180 0.100 0.154 0.283 
299 HI_SS0004    (0)    6 :  0.184 0.264 0.111 0.167 0.188 0.085 
300 HI_SS0005    (1)    6 :  0.204 0.123 0.163 0.338 0.081 0.091 
301 HI_SS0006    (1)    6 :  0.088 0.247 0.202 0.100 0.137 0.226 
302 HI_SS0007    (1)    6 :  0.094 0.211 0.062 0.414 0.147 0.072 
303 HI_SS0008    (0)    6 :  0.174 0.141 0.247 0.166 0.114 0.158 
304 HI_SS0009    (0)    6 :  0.217 0.080 0.064 0.268 0.244 0.127 
305 HI_SS0010    (1)    6 :  0.228 0.201 0.152 0.175 0.090 0.153 
306 HI_SS0011    (1)    6 :  0.128 0.101 0.260 0.137 0.049 0.325 
307 HI_SS0012    (0)    6 :  0.187 0.067 0.241 0.134 0.245 0.126 
308 HI_SS0017    (1)    6 :  0.166 0.091 0.178 0.163 0.283 0.118 
309 HI_SS0021    (1)    6 :  0.245 0.287 0.195 0.082 0.070 0.120 
310 HI_SS0024    (1)    6 :  0.204 0.094 0.250 0.206 0.169 0.078 
311 HI_SS0025    (1)    6 :  0.279 0.100 0.095 0.163 0.194 0.168 
312 HI_SS0027    (0)    6 :  0.125 0.218 0.067 0.215 0.148 0.227 
313 HI_SS0028    (0)    6 :  0.327 0.066 0.281 0.175 0.055 0.096 
314 HI_SS0029    (1)    6 :  0.373 0.181 0.151 0.081 0.154 0.060 
315 HI_SS0030    (2)    6 :  0.083 0.155 0.149 0.226 0.237 0.150 
316 HI_SS0031    (0)    6 :  0.161 0.107 0.218 0.078 0.251 0.185 
317 HI_SS0034    (0)    6 :  0.075 0.267 0.091 0.146 0.203 0.218 
318 HI_SS0036    (0)    6 :  0.110 0.300 0.240 0.201 0.107 0.042 
319 HI_SS0037    (1)    6 :  0.235 0.337 0.073 0.157 0.062 0.135 
320 HI_SS0039    (0)    6 :  0.204 0.229 0.142 0.256 0.078 0.092 
321 HI_SS0041    (1)    6 :  0.182 0.089 0.160 0.342 0.149 0.079 
322 HI_SS0042    (1)    6 :  0.232 0.087 0.259 0.151 0.125 0.146 
323 HI_SS0043    (1)    6 :  0.068 0.366 0.232 0.140 0.117 0.078 
324 HI_SS0044    (1)    6 :  0.307 0.213 0.093 0.082 0.245 0.061 
325 HI_SS0047    (1)    6 :  0.117 0.095 0.146 0.227 0.226 0.190 
326 HI_SS0049    (0)    6 :  0.255 0.123 0.101 0.116 0.204 0.202 
327 HI_SS0051    (1)    6 :  0.084 0.132 0.092 0.347 0.107 0.239 
328 HI_SS0053    (1)    6 :  0.077 0.277 0.256 0.119 0.144 0.128 
329 HI_SS0054    (4)    6 :  0.061 0.285 0.118 0.184 0.074 0.278 
330 HI_SS0057    (0)    6 :  0.134 0.129 0.227 0.284 0.090 0.137 
331 HI_SS0058    (0)    6 :  0.208 0.279 0.082 0.115 0.120 0.196 
332 HI_SS0060    (0)    6 :  0.097 0.130 0.228 0.264 0.120 0.161 
333 HI_SS0087    (1)    6 :  0.101 0.194 0.250 0.116 0.139 0.200 
334 HI_SS0091    (0)    6 :  0.064 0.329 0.279 0.079 0.132 0.117 
335 HI_SS0095    (1)    6 :  0.095 0.155 0.195 0.172 0.227 0.156 
336 HI_SS0097    (3)    6 :  0.097 0.105 0.110 0.101 0.155 0.432 
337 HI_SS0099    (0)    6 :  0.463 0.147 0.101 0.094 0.094 0.101 
338 HI_SS0103    (0)    6 :  0.128 0.125 0.219 0.129 0.270 0.127 
339 HI_SS0105    (1)    6 :  0.092 0.143 0.304 0.177 0.093 0.191 
340 HI_SS0107    (1)    6 :  0.140 0.061 0.212 0.135 0.309 0.142 
341 HI_SS0108    (1)    6 :  0.067 0.412 0.116 0.133 0.153 0.119 
342 HI_SS0110    (0)    6 :  0.104 0.132 0.377 0.076 0.216 0.096 
343 HI_SS0111    (1)    6 :  0.122 0.131 0.246 0.171 0.237 0.092 
344 HI_SS0112    (0)    6 :  0.118 0.379 0.149 0.111 0.149 0.093 
345 HI_SS0113    (1)    6 :  0.272 0.090 0.254 0.119 0.119 0.146 
346 HI_SS0114    (1)    6 :  0.124 0.264 0.113 0.240 0.094 0.166 
347 HI_SS0115    (1)    6 :  0.210 0.128 0.056 0.147 0.307 0.152 
348 HI_SS0116    (4)    6 :  0.274 0.290 0.077 0.048 0.213 0.098 
349 HI_SS0117    (0)    6 :  0.084 0.212 0.282 0.060 0.109 0.253 
350 HI_SS0118    (0)    6 :  0.177 0.250 0.162 0.090 0.127 0.194 
351 HI_SS0119    (1)    6 :  0.071 0.197 0.306 0.141 0.140 0.145 
352 HI_SS0120    (1)    6 :  0.118 0.061 0.359 0.100 0.269 0.092 
353 HI_SS0121    (1)    6 :  0.177 0.079 0.393 0.132 0.046 0.173 
354 HI_SS0122    (2)    6 :  0.142 0.164 0.256 0.194 0.129 0.114 
355 HI_SS0123    (0)    6 :  0.143 0.160 0.262 0.090 0.138 0.207 
356 HI_SS0124    (1)    6 :  0.327 0.067 0.101 0.157 0.240 0.108 
357 HI_SS0125    (1)    6 :  0.247 0.064 0.176 0.186 0.205 0.122 
358 HI_SS0126    (0)    6 :  0.212 0.312 0.115 0.086 0.185 0.091 
359 HI_SS0127    (0)    6 :  0.126 0.127 0.089 0.352 0.085 0.220 
360 HI_SS0128    (0)    6 :  0.156 0.125 0.191 0.091 0.263 0.174 
361 HI_SS0129    (1)    6 :  0.108 0.228 0.170 0.229 0.177 0.087 
362 HI_SS0131    (2)    6 :  0.160 0.256 0.101 0.201 0.061 0.221 
363 HI_SS0132    (0)    6 :  0.167 0.134 0.294 0.129 0.098 0.177 
364 HI_SS0133    (1)    6 :  0.077 0.399 0.117 0.158 0.168 0.081 
365 HI_SS0134    (1)    6 :  0.146 0.175 0.161 0.144 0.163 0.211 
366 HI_SS0142    (3)    6 :  0.102 0.123 0.214 0.166 0.156 0.238 
367 HI_SS0145    (0)    6 :  0.123 0.185 0.101 0.110 0.206 0.275 
368 HI_SS0146    (1)    6 :  0.114 0.194 0.080 0.183 0.188 0.241 
369 HI_SS0147    (1)    6 :  0.114 0.098 0.146 0.357 0.086 0.199 
370 HI_SS0149    (1)    6 :  0.110 0.143 0.458 0.085 0.057 0.146 
371 HI_SS0150    (2)    6 :  0.175 0.080 0.172 0.228 0.182 0.163 
372 HI_SS0151    (0)    6 :  0.081 0.123 0.062 0.229 0.390 0.115 
373 NS_SS1451    (1)    6 :  0.228 0.063 0.167 0.252 0.196 0.096 
374 NS_SS1404    (0)    6 :  0.186 0.130 0.142 0.335 0.092 0.116 
375 NS_SS1432    (2)    6 :  0.272 0.072 0.331 0.108 0.163 0.055 
376 NS_SS1405    (4)    6 :  0.371 0.161 0.102 0.095 0.162 0.109 
377 NS_SS1431   (10)    6 :  0.219 0.078 0.344 0.118 0.126 0.114 
378 NS_SS1402    (3)    6 :  0.123 0.159 0.242 0.116 0.215 0.147 
379 NS_SS1450    (3)    6 :  0.093 0.211 0.129 0.234 0.249 0.084 
380 NS_SS1396    (0)    6 :  0.256 0.156 0.168 0.158 0.120 0.143 
381 NS_SS1393    (5)    6 :  0.192 0.184 0.112 0.158 0.246 0.108 
382 NS_SS1392   (10)    6 :  0.200 0.099 0.109 0.223 0.304 0.066 
383 NS_SS1445    (0)    6 :  0.097 0.273 0.185 0.151 0.077 0.218 
384 NS_SS1423    (0)    6 :  0.100 0.162 0.294 0.075 0.256 0.113 
385 NS_SS1421    (9)    6 :  0.104 0.181 0.270 0.162 0.163 0.121 
386 NS_SS1411    (6)    6 :  0.135 0.290 0.072 0.328 0.081 0.093 
387 NS_SS1453    (5)    6 :  0.133 0.226 0.295 0.125 0.134 0.088 
388 NS_SS1442    (2)    6 :  0.169 0.167 0.105 0.114 0.143 0.301 
389 NS_SS1422    (1)    6 :  0.083 0.083 0.146 0.089 0.326 0.274 
390 NS_SS1419    (1)    6 :  0.173 0.128 0.094 0.196 0.065 0.345 
391 NS_SS1427    (0)    6 :  0.089 0.291 0.125 0.101 0.339 0.056 
392 NS_SS1444    (3)    6 :  0.259 0.121 0.080 0.200 0.100 0.239 
393 NS_SS1455    (0)    6 :  0.299 0.084 0.147 0.058 0.168 0.244 
394 NS_SS1425    (2)    6 :  0.086 0.379 0.126 0.139 0.095 0.175 
395 NS_SS1400    (0)    6 :  0.195 0.318 0.088 0.116 0.068 0.214 
396 NS_SS1406    (1)    6 :  0.190 0.059 0.288 0.069 0.083 0.311 
397 NS_SS1417    (6)    6 :  0.129 0.208 0.196 0.151 0.120 0.196 
398 NS_SS1454    (2)    6 :  0.174 0.261 0.310 0.123 0.046 0.087 
399 NS_SS1412    (1)    6 :  0.181 0.206 0.147 0.208 0.147 0.110 
400 NS_SS1438    (1)    6 :  0.062 0.315 0.107 0.198 0.107 0.212 
401 NS_SS1416    (4)    6 :  0.212 0.182 0.203 0.144 0.098 0.162 
402 NS_SS1401    (0)    6 :  0.159 0.172 0.286 0.089 0.141 0.152 
403 NS_SS1424    (6)    6 :  0.087 0.179 0.288 0.185 0.145 0.115 
404 NS_SS1435    (9)    6 :  0.235 0.141 0.163 0.187 0.200 0.074 
405 NS_SS1447    (4)    6 :  0.159 0.108 0.147 0.262 0.087 0.237 
406 NS_SS1414    (3)    6 :  0.278 0.113 0.106 0.214 0.069 0.220 
407 NS_SS1449   (14)    6 :  0.077 0.090 0.248 0.156 0.327 0.101 
408 NS_SS1443    (4)    6 :  0.067 0.215 0.111 0.078 0.326 0.204 
409 NS_SS1434    (1)    6 :  0.164 0.128 0.088 0.088 0.410 0.121 
410 NS_SS1398    (1)    6 :  0.310 0.130 0.166 0.132 0.155 0.107 
411 NS_SS1426    (1)    6 :  0.079 0.342 0.143 0.146 0.176 0.115 
412 NS_SS1413    (0)    6 :  0.146 0.265 0.129 0.106 0.178 0.176 
413 NS_SS1395    (1)    6 :  0.078 0.238 0.209 0.105 0.227 0.144 
414 NS_SS1448   (10)    6 :  0.139 0.188 0.119 0.367 0.105 0.081 
415 NS_SS1446    (0)    6 :  0.075 0.218 0.191 0.169 0.213 0.135 
416 NS_SS1403    (2)    6 :  0.193 0.122 0.336 0.103 0.159 0.087 
417 NS_SS1415    (0)    6 :  0.162 0.264 0.113 0.171 0.152 0.138 
418 NS_SS1437    (4)    6 :  0.187 0.137 0.311 0.141 0.093 0.130 
419 NS_SS1439    (2)    6 :  0.128 0.146 0.147 0.120 0.195 0.264 
420 NS_SS1441    (3)    6 :  0.206 0.220 0.117 0.068 0.207 0.182 
421 NS_SS1420    (2)    6 :  0.136 0.071 0.060 0.518 0.141 0.075 
422 NS_SS1394    (2)    6 :  0.296 0.102 0.172 0.248 0.076 0.106 
423 NS_SS1391    (7)    6 :  0.182 0.222 0.143 0.083 0.294 0.076 
424 NS_SS1410    (5)    6 :  0.179 0.210 0.216 0.100 0.166 0.129 
425 NS_SS1408    (1)    6 :  0.089 0.107 0.265 0.205 0.148 0.186 
426 NS_SS1409    (1)    6 :  0.206 0.193 0.116 0.073 0.287 0.124 
427 HI_SS0617    (1)    7 :  0.130 0.189 0.102 0.163 0.330 0.086 
428 HI_SS0618    (2)    7 :  0.281 0.107 0.113 0.165 0.187 0.146 
429 HI_SS0619    (0)    7 :  0.363 0.171 0.107 0.117 0.147 0.095 
430 HI_SS0620    (1)    7 :  0.063 0.270 0.049 0.324 0.214 0.080 
431 HI_SS0621    (3)    7 :  0.165 0.103 0.194 0.167 0.197 0.174 
432 HI_SS0622    (1)    7 :  0.154 0.145 0.117 0.201 0.111 0.271 
433 HI_SS0626    (0)    7 :  0.179 0.147 0.169 0.343 0.071 0.092 
434 HI_SS0627    (0)    7 :  0.166 0.099 0.383 0.118 0.134 0.100 
435 HI_SS0628    (3)    7 :  0.168 0.277 0.233 0.141 0.095 0.086 
436 HI_SS0629    (1)    7 :  0.200 0.198 0.195 0.118 0.112 0.177 
437 HI_SS0630    (1)    7 :  0.191 0.200 0.083 0.220 0.171 0.136 
438 HI_SS0631    (0)    7 :  0.134 0.203 0.120 0.245 0.189 0.109 
439 HI_SS0632    (0)    7 :  0.119 0.158 0.145 0.276 0.082 0.220 
440 HI_SS0633    (0)    7 :  0.347 0.130 0.067 0.068 0.260 0.128 
441 HI_SS0634    (1)    7 :  0.112 0.157 0.262 0.254 0.112 0.104 
442 HI_SS0635    (0)    7 :  0.264 0.113 0.145 0.179 0.107 0.193 
443 HI_SS0637    (1)    7 :  0.067 0.153 0.172 0.272 0.083 0.254 
444 HI_SS0638    (0)    7 :  0.171 0.168 0.163 0.176 0.175 0.147 
445 HI_SS0639    (1)    7 :  0.178 0.081 0.140 0.255 0.166 0.180 
446 HI_SS0640    (1)    7 :  0.129 0.142 0.095 0.136 0.164 0.334 
447 HI_SS0641    (1)    7 :  0.244 0.275 0.075 0.224 0.064 0.119 
448 HI_SS0642    (0)    7 :  0.123 0.068 0.464 0.114 0.134 0.097 
449 HI_SS0645    (0)    7 :  0.369 0.071 0.070 0.271 0.091 0.127 
450 HI_SS0646    (1)    7 :  0.106 0.117 0.168 0.101 0.345 0.164 
451 HI_SS0647    (1)    7 :  0.171 0.127 0.253 0.153 0.164 0.133 
452 HI_SS0648    (0)    7 :  0.173 0.155 0.134 0.172 0.160 0.206 
453 HI_SS0649    (1)    7 :  0.249 0.155 0.119 0.103 0.193 0.181 
454 HI_SS0650    (1)    7 :  0.159 0.083 0.156 0.139 0.367 0.096 
455 HI_SS0651    (1)    7 :  0.227 0.141 0.117 0.126 0.210 0.179 
456 HI_SS0652    (1)    7 :  0.166 0.081 0.084 0.433 0.126 0.109 
457 NS_SS1371    (3)    7 :  0.138 0.168 0.216 0.073 0.295 0.110 
458 NS_SS1374    (0)    7 :  0.105 0.255 0.252 0.226 0.097 0.067 
459 NS_SS1337    (3)    7 :  0.080 0.068 0.285 0.353 0.124 0.091 
460 NS_SS1385    (5)    7 :  0.178 0.118 0.146 0.113 0.248 0.197 
461 NS_SS1388    (0)    7 :  0.417 0.204 0.127 0.079 0.082 0.091 
462 NS_SS1370    (1)    7 :  0.089 0.064 0.109 0.538 0.106 0.095 
463 NS_SS1389    (3)    7 :  0.424 0.145 0.140 0.135 0.072 0.083 
464 NS_SS1360    (1)    7 :  0.166 0.220 0.116 0.199 0.095 0.203 
465 NS_SS1330    (0)    7 :  0.192 0.092 0.111 0.216 0.182 0.207 
466 NS_SS1328    (8)    7 :  0.094 0.225 0.158 0.094 0.308 0.121 
467 NS_SS1384    (1)    7 :  0.066 0.161 0.199 0.179 0.153 0.242 
468 NS_SS1381    (0)    7 :  0.192 0.065 0.104 0.117 0.367 0.155 
469 NS_SS1375    (1)    7 :  0.315 0.110 0.137 0.162 0.214 0.062 
470 NS_SS1319   (10)    7 :  0.161 0.138 0.235 0.164 0.192 0.109 
471 NS_SS1326    (2)    7 :  0.240 0.327 0.106 0.086 0.164 0.077 
472 NS_SS1341    (1)    7 :  0.076 0.232 0.312 0.109 0.096 0.175 
473 NS_SS1383    (1)    7 :  0.062 0.118 0.365 0.207 0.140 0.107 
474 NS_SS1318    (3)    7 :  0.175 0.137 0.087 0.244 0.184 0.173 
475 NS_SS1348    (2)    7 :  0.059 0.291 0.155 0.161 0.150 0.184 
476 NS_SS1363    (0)    7 :  0.186 0.107 0.169 0.235 0.109 0.194 
477 NS_SS1335    (4)    7 :  0.116 0.212 0.150 0.153 0.088 0.280 
478 NS_SS1358    (0)    7 :  0.039 0.160 0.219 0.144 0.180 0.257 
479 NS_SS1342    (1)    7 :  0.097 0.193 0.303 0.061 0.146 0.200 
480 NS_SS1320    (2)    7 :  0.318 0.039 0.103 0.065 0.273 0.202 
481 NS_SS1355    (1)    7 :  0.118 0.096 0.115 0.146 0.168 0.357 
482 NS_SS1345    (1)    7 :  0.070 0.064 0.084 0.134 0.124 0.524 
483 NS_SS1324    (0)    7 :  0.173 0.229 0.138 0.125 0.167 0.169 
484 NS_SS1347    (5)    7 :  0.165 0.118 0.169 0.134 0.249 0.165 
485 NS_SS1321    (4)    7 :  0.118 0.229 0.290 0.177 0.118 0.069 
486 NS_SS1333    (0)    7 :  0.201 0.240 0.292 0.101 0.119 0.047 
487 NS_SS1364    (1)    7 :  0.102 0.250 0.151 0.088 0.063 0.347 
488 NS_SS1379    (0)    7 :  0.181 0.136 0.144 0.156 0.223 0.159 
489 NS_SS1332    (0)    7 :  0.267 0.347 0.141 0.068 0.070 0.107 
490 NS_SS1338    (5)    7 :  0.127 0.234 0.144 0.256 0.134 0.104 
491 NS_SS1368    (6)    7 :  0.153 0.259 0.183 0.066 0.061 0.277 
492 NS_SS1354    (1)    7 :  0.200 0.152 0.190 0.116 0.107 0.235 
493 NS_SS1365    (0)    7 :  0.186 0.097 0.166 0.236 0.133 0.182 
494 NS_SS1380    (1)    7 :  0.213 0.092 0.148 0.184 0.080 0.282 
495 NS_SS1329    (8)    7 :  0.119 0.218 0.335 0.060 0.086 0.181 
496 NS_SS1362    (0)    7 :  0.097 0.154 0.217 0.107 0.233 0.192 
497 NS_SS1327    (2)    7 :  0.087 0.472 0.121 0.112 0.148 0.059 
498 NS_SS1350    (0)    7 :  0.114 0.150 0.110 0.114 0.448 0.063 
499 NS_SS1387    (2)    7 :  0.302 0.137 0.099 0.227 0.088 0.147 
500 NS_SS1369    (8)    7 :  0.082 0.235 0.129 0.212 0.096 0.246 
501 NS_SS1331    (1)    7 :  0.277 0.189 0.214 0.180 0.067 0.073 
502 NS_SS1357    (4)    7 :  0.103 0.139 0.158 0.069 0.428 0.103 
503 NS_SS1386    (1)    7 :  0.071 0.359 0.289 0.072 0.072 0.137 
504 NS_SS1353    (2)    7 :  0.245 0.139 0.214 0.094 0.200 0.109 
505 NS_SS1323    (0)    7 :  0.148 0.074 0.270 0.122 0.141 0.245 
506 HI_SS0296    (0)    8 :  0.116 0.207 0.067 0.290 0.182 0.137 
507 HI_SS0297    (0)    8 :  0.080 0.086 0.380 0.106 0.279 0.069 
508 HI_SS0299    (0)    8 :  0.057 0.161 0.161 0.239 0.169 0.213 
509 HI_SS0300    (0)    8 :  0.099 0.161 0.087 0.258 0.129 0.267 
510 HI_SS0301    (0)    8 :  0.113 0.137 0.196 0.332 0.041 0.181 
511 HI_SS0302    (0)    8 :  0.114 0.209 0.073 0.321 0.106 0.177 
512 HI_SS0303    (0)    8 :  0.253 0.301 0.093 0.078 0.152 0.124 
513 HI_SS0304    (0)    8 :  0.304 0.183 0.167 0.191 0.087 0.068 
514 HI_SS0306    (5)    8 :  0.080 0.278 0.104 0.315 0.107 0.117 
515 HI_SS0307    (1)    8 :  0.245 0.092 0.144 0.168 0.124 0.227 
516 HI_SS0308    (1)    8 :  0.233 0.108 0.174 0.107 0.139 0.238 
517 HI_SS0309    (0)    8 :  0.098 0.090 0.123 0.210 0.178 0.301 
518 HI_SS0310    (0)    8 :  0.282 0.183 0.103 0.118 0.129 0.185 
519 HI_SS0311    (3)    8 :  0.109 0.137 0.172 0.303 0.086 0.192 
520 HI_SS0314    (0)    8 :  0.357 0.164 0.138 0.064 0.164 0.114 
521 HI_SS0316    (1)    8 :  0.229 0.229 0.141 0.101 0.114 0.187 
522 HI_SS0317    (3)    8 :  0.114 0.126 0.289 0.210 0.151 0.110 
523 HI_SS0318    (1)    8 :  0.079 0.292 0.270 0.153 0.101 0.104 
524 HI_SS0319    (0)    8 :  0.094 0.349 0.082 0.065 0.195 0.215 
525 HI_SS0320    (3)    8 :  0.317 0.092 0.360 0.093 0.079 0.058 
526 HI_SS0321    (0)    8 :  0.095 0.171 0.242 0.140 0.270 0.083 
527 HI_SS0323    (1)    8 :  0.126 0.255 0.092 0.242 0.172 0.114 
528 HI_SS0325    (2)    8 :  0.081 0.235 0.115 0.338 0.097 0.135 
529 HI_SS0327    (1)    8 :  0.056 0.149 0.122 0.049 0.447 0.176 
530 HI_SS0329    (1)    8 :  0.235 0.132 0.212 0.228 0.078 0.116 
531 HI_SS0333    (1)    8 :  0.251 0.184 0.148 0.121 0.149 0.148 
532 HI_SS0334    (1)    8 :  0.072 0.251 0.185 0.175 0.130 0.188 
533 HI_SS0335    (1)    8 :  0.086 0.073 0.165 0.160 0.196 0.321 
534 HI_SS0339    (0)    8 :  0.176 0.117 0.113 0.181 0.088 0.326 
535 HI_SS0343    (2)    8 :  0.106 0.075 0.239 0.095 0.201 0.284 
536 HI_SS0344    (1)    8 :  0.064 0.409 0.147 0.128 0.161 0.091 
537 HI_SS0345    (3)    8 :  0.143 0.165 0.214 0.218 0.054 0.205 
538 HI_SS0346    (0)    8 :  0.096 0.189 0.353 0.198 0.093 0.071 
539 HI_SS0350    (1)    8 :  0.287 0.053 0.059 0.098 0.108 0.396 
540 HI_SS0351    (0)    8 :  0.073 0.129 0.216 0.119 0.114 0.349 
541 HI_SS0352    (3)    8 :  0.165 0.105 0.228 0.141 0.138 0.223 
542 HI_SS0362    (0)    8 :  0.246 0.136 0.090 0.323 0.091 0.115 
543 HI_SS0363    (1)    8 :  0.112 0.202 0.084 0.102 0.323 0.177 
544 HI_SS0365    (0)    8 :  0.213 0.228 0.095 0.071 0.232 0.161 
545 HI_SS0366    (0)    8 :  0.073 0.320 0.089 0.182 0.218 0.119 
546 HI_SS0367    (1)    8 :  0.323 0.093 0.167 0.101 0.116 0.199 
547 HI_SS0369    (1)    8 :  0.227 0.095 0.138 0.200 0.129 0.211 
548 HI_SS0370    (0)    8 :  0.081 0.108 0.186 0.089 0.429 0.107 
549 HI_SS0371    (4)    8 :  0.150 0.297 0.133 0.179 0.093 0.148 
550 HI_SS0373    (3)    8 :  0.325 0.171 0.079 0.127 0.141 0.156 
551 HI_SS0374    (0)    8 :  0.291 0.131 0.161 0.116 0.121 0.181 
552 HI_SS0377    (0)    8 :  0.070 0.169 0.154 0.185 0.071 0.351 
553 HI_SS0379    (1)    8 :  0.079 0.461 0.206 0.077 0.072 0.104 
554 HI_SS0380    (1)    8 :  0.182 0.124 0.162 0.149 0.136 0.245 
555 HI_SS0381    (2)    8 :  0.133 0.085 0.207 0.197 0.115 0.261 
556 HI_SS0384    (3)    8 :  0.134 0.195 0.205 0.142 0.259 0.065 
557 HI_SS0385    (1)    8 :  0.339 0.264 0.134 0.121 0.057 0.085 


Estimated Allele Frequencies in each cluster
First column gives estimated ancestral frequencies


Locus 1 : 
2 alleles
3.4% missing data
   1   (0.734) 0.758 0.720 0.811 0.657 0.763 0.722 
   2   (0.266) 0.242 0.280 0.189 0.343 0.237 0.278 

Locus 2 : 
2 alleles
4.3% missing data
   1   (0.880) 0.858 0.918 0.847 0.908 0.899 0.905 
   2   (0.120) 0.142 0.082 0.153 0.092 0.101 0.095 

Locus 3 : 
2 alleles
3.9% missing data
   1   (0.857) 0.854 0.863 0.866 0.867 0.854 0.897 
   2   (0.143) 0.146 0.137 0.134 0.133 0.146 0.103 

Locus 4 : 
2 alleles
2.7% missing data
   1   (0.885) 0.878 0.909 0.819 0.907 0.931 0.910 
