

----------------------------------------------------
STRUCTURE by Pritchard, Stephens and Donnelly (2000)
     and Falush, Stephens and Pritchard (2003)
       Code by Pritchard, Falush and Hubisz
             Version 2.3.4 (Jul 2012)
----------------------------------------------------



Command line arguments:   /home/genobiwan/Documents/Programs/Structure/structure -m parameter_job_k6_r3 
Input File:    /media/genobiwan/Storage/Projets/Mackerel_NWA_2021/data_job_k6_r3

Run parameters:
   557 individuals
   3930 loci
   6 populations assumed
   100000 Burn-in period
   200000 Reps


--------------------------------------------
Proportion of membership of each pre-defined
 population in each of the 6 clusters

Given    Inferred Clusters                            Number of
 Pop       1      2      3      4      5      6      Individuals

  1:     0.172  0.162  0.160  0.185  0.165  0.156       67
  2:     0.148  0.195  0.197  0.146  0.178  0.136       32
  3:     0.159  0.154  0.168  0.181  0.185  0.152       92
  4:     0.191  0.149  0.179  0.147  0.159  0.174       36
  5:     0.157  0.156  0.162  0.191  0.158  0.176       41
  6:     0.174  0.165  0.162  0.157  0.164  0.177      158
  7:     0.172  0.171  0.159  0.162  0.169  0.167       79
  8:     0.162  0.152  0.160  0.179  0.167  0.180       52
--------------------------------------------

Allele-freq. divergence among pops (Net nucleotide distance),
computed using point estimates of P.

      1       2       3       4       5       6      
 1      -    0.0049  0.0043  0.0038  0.0042  0.0048  
 2   0.0049     -    0.0052  0.0051  0.0050  0.0064  
 3   0.0043  0.0052     -    0.0044  0.0049  0.0050  
 4   0.0038  0.0051  0.0044     -    0.0039  0.0052  
 5   0.0042  0.0050  0.0049  0.0039     -    0.0052  
 6   0.0048  0.0064  0.0050  0.0052  0.0052     -    

Average distances (expected heterozygosity) between individuals in same cluster:
cluster  1  : 0.3117 
cluster  2  : 0.3101 
cluster  3  : 0.3123 
cluster  4  : 0.3106 
cluster  5  : 0.3100 
cluster  6  : 0.3087 

--------------------------------------------
Estimated Ln Prob of Data   = -2070691.3
Mean value of ln likelihood = -2060621.6
Variance of ln likelihood   = 20139.4
Mean value of alpha         = 1.8532

Mean value of Fst_1         = 0.0439
Mean value of Fst_2         = 0.0559
Mean value of Fst_3         = 0.0502
Mean value of Fst_4         = 0.0469
Mean value of Fst_5         = 0.0475
Mean value of Fst_6         = 0.0550


Inferred ancestry of individuals:
        Label (%Miss) Pop:  Inferred clusters
  1 NS_SS0963    (4)    1 :  0.263 0.094 0.171 0.222 0.160 0.090 
  2 NS_SS0983    (1)    1 :  0.121 0.050 0.242 0.169 0.137 0.281 
  3 NS_SS0719    (8)    1 :  0.230 0.120 0.177 0.117 0.213 0.143 
  4 NS_SS1001    (8)    1 :  0.073 0.298 0.141 0.199 0.181 0.108 
  5 NS_SS0936    (4)    1 :  0.217 0.191 0.203 0.224 0.072 0.093 
  6 NS_SS0955    (5)    1 :  0.152 0.060 0.178 0.236 0.181 0.192 
  7 NS_SS0944    (3)    1 :  0.107 0.139 0.132 0.273 0.155 0.193 
  8 NS_SS0945    (3)    1 :  0.128 0.302 0.089 0.155 0.096 0.230 
  9 NS_SS0922    (2)    1 :  0.173 0.299 0.154 0.121 0.162 0.092 
 10 NS_SS0929    (7)    1 :  0.187 0.090 0.205 0.211 0.115 0.192 
 11 NS_SS0956    (2)    1 :  0.105 0.201 0.130 0.127 0.354 0.082 
 12 NS_SS0906    (3)    1 :  0.150 0.111 0.121 0.297 0.118 0.204 
 13 NS_SS0721    (6)    1 :  0.155 0.087 0.183 0.093 0.371 0.112 
 14 NS_SS0982    (4)    1 :  0.202 0.131 0.123 0.228 0.204 0.111 
 15 NS_SS0923    (5)    1 :  0.165 0.205 0.171 0.196 0.151 0.112 
 16 NS_SS0905    (6)    1 :  0.091 0.159 0.205 0.221 0.187 0.138 
 17 NS_SS0925    (3)    1 :  0.112 0.106 0.291 0.249 0.180 0.063 
 18 NS_SS0947    (5)    1 :  0.167 0.182 0.213 0.228 0.098 0.113 
 19 NS_SS0926    (2)    1 :  0.292 0.090 0.072 0.148 0.092 0.306 
 20 NS_SS0918    (6)    1 :  0.137 0.137 0.074 0.396 0.163 0.094 
 21 NS_SS0966    (4)    1 :  0.193 0.148 0.160 0.274 0.121 0.105 
 22 NS_SS0938    (2)    1 :  0.361 0.225 0.121 0.111 0.093 0.089 
 23 NS_SS0917    (2)    1 :  0.193 0.145 0.274 0.062 0.137 0.188 
 24 NS_SS0957   (11)    1 :  0.148 0.160 0.130 0.149 0.282 0.133 
 25 NS_SS0987    (1)    1 :  0.107 0.123 0.074 0.159 0.381 0.156 
 26 NS_SS0717    (4)    1 :  0.069 0.289 0.129 0.203 0.203 0.107 
 27 NS_SS0986    (2)    1 :  0.174 0.152 0.061 0.184 0.212 0.217 
 28 NS_SS0953    (4)    1 :  0.065 0.177 0.206 0.304 0.150 0.098 
 29 NS_SS0907    (3)    1 :  0.129 0.104 0.153 0.364 0.112 0.139 
 30 NS_SS0974    (6)    1 :  0.127 0.170 0.256 0.209 0.084 0.154 
 31 NS_SS0989    (1)    1 :  0.258 0.090 0.260 0.057 0.098 0.236 
 32 NS_SS0991    (2)    1 :  0.081 0.067 0.065 0.301 0.254 0.232 
 33 NS_SS0994    (2)    1 :  0.101 0.180 0.119 0.100 0.080 0.419 
 34 NS_SS0931    (6)    1 :  0.194 0.083 0.067 0.207 0.160 0.290 
 35 NS_SS1000    (5)    1 :  0.161 0.318 0.096 0.215 0.084 0.126 
 36 NS_SS0919    (1)    1 :  0.324 0.069 0.153 0.200 0.090 0.164 
 37 NS_SS0949    (3)    1 :  0.185 0.082 0.237 0.088 0.165 0.243 
 38 NS_SS0960   (10)    1 :  0.141 0.082 0.218 0.172 0.192 0.195 
 39 NS_SS0716    (2)    1 :  0.093 0.387 0.059 0.064 0.269 0.128 
 40 NS_SS0924    (8)    1 :  0.158 0.074 0.201 0.235 0.165 0.167 
 41 NS_SS0935    (1)    1 :  0.074 0.087 0.174 0.161 0.247 0.257 
 42 NS_SS0952   (13)    1 :  0.167 0.096 0.148 0.242 0.101 0.246 
 43 NS_SS0962   (10)    1 :  0.323 0.227 0.071 0.113 0.155 0.112 
 44 NS_SS0973    (5)    1 :  0.110 0.074 0.332 0.239 0.148 0.098 
 45 NS_SS0722    (1)    1 :  0.061 0.383 0.137 0.273 0.075 0.071 
 46 NS_SS0979   (13)    1 :  0.178 0.182 0.100 0.200 0.243 0.097 
 47 NS_SS0993    (2)    1 :  0.137 0.160 0.205 0.278 0.152 0.068 
 48 NS_SS0958    (1)    1 :  0.137 0.182 0.103 0.157 0.128 0.294 
 49 NS_SS0988    (4)    1 :  0.291 0.100 0.078 0.200 0.126 0.205 
 50 NS_SS1003    (2)    1 :  0.432 0.071 0.066 0.127 0.238 0.065 
 51 NS_SS0976    (0)    1 :  0.250 0.088 0.104 0.195 0.126 0.237 
 52 NS_SS0964   (10)    1 :  0.085 0.341 0.151 0.118 0.228 0.078 
 53 NS_SS0939    (4)    1 :  0.133 0.369 0.088 0.049 0.281 0.081 
 54 NS_SS0990    (6)    1 :  0.229 0.267 0.060 0.069 0.123 0.252 
 55 NS_SS0984    (2)    1 :  0.166 0.342 0.137 0.159 0.116 0.080 
 56 NS_SS0980    (9)    1 :  0.109 0.138 0.396 0.207 0.077 0.073 
 57 NS_SS0978    (4)    1 :  0.204 0.229 0.186 0.171 0.107 0.103 
 58 NS_SS0951   (17)    1 :  0.076 0.099 0.075 0.246 0.281 0.222 
 59 NS_SS0913    (3)    1 :  0.103 0.269 0.092 0.151 0.261 0.124 
 60 NS_SS1002    (1)    1 :  0.458 0.107 0.096 0.198 0.068 0.073 
 61 NS_SS0948    (1)    1 :  0.161 0.122 0.122 0.286 0.131 0.179 
 62 NS_SS0916    (4)    1 :  0.171 0.108 0.407 0.068 0.133 0.113 
 63 NS_SS0995    (1)    1 :  0.134 0.128 0.403 0.095 0.165 0.075 
 64 NS_SS0927    (6)    1 :  0.179 0.146 0.265 0.097 0.101 0.212 
 65 NS_SS0992    (5)    1 :  0.227 0.148 0.296 0.108 0.079 0.142 
 66 NS_SS0912    (1)    1 :  0.162 0.116 0.060 0.156 0.264 0.242 
 67 NS_SS0981    (1)    1 :  0.262 0.113 0.070 0.253 0.202 0.100 
 68 NS_SS0729    (5)    2 :  0.105 0.069 0.373 0.163 0.054 0.236 
 69 NS_SS0967   (14)    2 :  0.279 0.114 0.190 0.227 0.109 0.081 
 70 NS_SS0941    (7)    2 :  0.179 0.254 0.192 0.105 0.157 0.114 
 71 NS_SS0768   (12)    2 :  0.165 0.150 0.083 0.177 0.288 0.138 
 72 NS_SS0726    (4)    2 :  0.217 0.088 0.345 0.112 0.070 0.167 
 73 NS_SS0763    (4)    2 :  0.136 0.177 0.175 0.171 0.124 0.216 
 74 NS_SS0730    (6)    2 :  0.207 0.233 0.173 0.110 0.170 0.107 
 75 NS_SS0774    (1)    2 :  0.136 0.293 0.270 0.148 0.078 0.075 
 76 NS_SS0723    (3)    2 :  0.231 0.167 0.237 0.164 0.144 0.057 
 77 NS_SS0940    (9)    2 :  0.174 0.193 0.194 0.087 0.165 0.187 
 78 NS_SS0762    (1)    2 :  0.071 0.390 0.175 0.170 0.138 0.056 
 79 NS_SS0766   (11)    2 :  0.085 0.294 0.194 0.076 0.182 0.168 
 80 NS_SS0724    (1)    2 :  0.110 0.151 0.133 0.245 0.255 0.106 
 81 NS_SS0769    (3)    2 :  0.244 0.189 0.115 0.136 0.170 0.147 
 82 NS_SS0777    (2)    2 :  0.162 0.117 0.077 0.213 0.175 0.256 
 83 NS_SS0734    (6)    2 :  0.116 0.179 0.165 0.105 0.256 0.177 
 84 NS_SS0737    (3)    2 :  0.116 0.373 0.249 0.087 0.104 0.069 
 85 NS_SS0732    (5)    2 :  0.088 0.099 0.214 0.169 0.360 0.071 
 86 NS_SS0728    (5)    2 :  0.112 0.177 0.299 0.110 0.190 0.112 
 87 NS_SS0735    (9)    2 :  0.062 0.214 0.256 0.177 0.196 0.095 
 88 NS_SS0725    (1)    2 :  0.196 0.339 0.079 0.114 0.158 0.112 
 89 NS_SS0788    (2)    2 :  0.346 0.108 0.180 0.089 0.139 0.137 
 90 NS_SS0778    (2)    2 :  0.259 0.081 0.191 0.115 0.171 0.183 
 91 NS_SS0792    (6)    2 :  0.088 0.085 0.305 0.162 0.243 0.117 
 92 NS_SS0943   (11)    2 :  0.092 0.066 0.105 0.293 0.180 0.264 
 93 NS_SS0791    (2)    2 :  0.089 0.099 0.382 0.067 0.230 0.133 
 94 NS_SS0790    (5)    2 :  0.098 0.212 0.094 0.251 0.296 0.048 
 95 NS_SS0731    (6)    2 :  0.104 0.235 0.074 0.146 0.322 0.120 
 96 NS_SS0727    (6)    2 :  0.053 0.259 0.284 0.103 0.080 0.221 
 97 NS_SS0779   (12)    2 :  0.160 0.148 0.177 0.187 0.179 0.149 
 98 NS_SS0776    (3)    2 :  0.164 0.311 0.121 0.105 0.142 0.157 
 99 NS_SS0775    (5)    2 :  0.102 0.370 0.199 0.093 0.164 0.072 
100 NS_SS0965    (3)    3 :  0.203 0.086 0.126 0.196 0.278 0.110 
101 NS_SS0754   (13)    3 :  0.120 0.077 0.236 0.106 0.267 0.193 
102 NS_SS0838    (5)    3 :  0.190 0.201 0.161 0.170 0.118 0.158 
103 NS_SS0839    (3)    3 :  0.175 0.260 0.189 0.131 0.181 0.064 
104 NS_SS0832    (4)    3 :  0.148 0.169 0.105 0.312 0.207 0.059 
105 NS_SS0820    (4)    3 :  0.265 0.119 0.138 0.156 0.261 0.060 
106 NS_SS0886    (9)    3 :  0.161 0.120 0.177 0.113 0.225 0.203 
107 NS_SS0748    (5)    3 :  0.155 0.108 0.122 0.280 0.152 0.182 
108 NS_SS0884    (9)    3 :  0.149 0.136 0.246 0.169 0.158 0.141 
109 NS_SS0752    (3)    3 :  0.157 0.212 0.259 0.137 0.129 0.106 
110 NS_SS0862    (1)    3 :  0.096 0.077 0.218 0.178 0.371 0.060 
111 NS_SS0787    (9)    3 :  0.121 0.098 0.116 0.112 0.124 0.429 
112 NS_SS0843    (6)    3 :  0.128 0.139 0.216 0.197 0.198 0.122 
113 NS_SS0856    (4)    3 :  0.174 0.257 0.260 0.059 0.115 0.135 
114 NS_SS0846    (2)    3 :  0.203 0.109 0.199 0.273 0.064 0.152 
115 NS_SS0825    (1)    3 :  0.337 0.091 0.086 0.127 0.193 0.165 
116 NS_SS0757    (3)    3 :  0.117 0.102 0.125 0.213 0.257 0.185 
117 NS_SS0876    (3)    3 :  0.121 0.200 0.176 0.200 0.194 0.110 
118 NS_SS0903    (9)    3 :  0.134 0.117 0.426 0.199 0.077 0.047 
119 NS_SS0875    (7)    3 :  0.199 0.239 0.098 0.135 0.171 0.160 
120 NS_SS0740    (5)    3 :  0.114 0.174 0.178 0.227 0.185 0.122 
121 NS_SS0811    (5)    3 :  0.093 0.213 0.110 0.158 0.353 0.073 
122 NS_SS0751    (1)    3 :  0.247 0.271 0.132 0.097 0.126 0.128 
123 NS_SS0891    (6)    3 :  0.200 0.274 0.104 0.138 0.144 0.139 
124 NS_SS0867    (2)    3 :  0.165 0.050 0.135 0.317 0.176 0.156 
125 NS_SS0890    (6)    3 :  0.149 0.152 0.241 0.207 0.130 0.120 
126 NS_SS0866   (11)    3 :  0.124 0.124 0.168 0.101 0.113 0.371 
127 NS_SS0755    (4)    3 :  0.156 0.138 0.146 0.231 0.224 0.106 
128 NS_SS0758    (4)    3 :  0.130 0.172 0.276 0.177 0.129 0.116 
129 NS_SS0840    (2)    3 :  0.250 0.181 0.132 0.211 0.166 0.060 
130 NS_SS0889    (4)    3 :  0.104 0.108 0.097 0.139 0.235 0.317 
131 NS_SS1010    (1)    3 :  0.301 0.149 0.129 0.155 0.138 0.127 
132 NS_SS0888    (5)    3 :  0.067 0.111 0.357 0.076 0.148 0.241 
133 NS_SS0837    (3)    3 :  0.107 0.112 0.140 0.243 0.316 0.083 
134 NS_SS0794    (9)    3 :  0.072 0.204 0.227 0.109 0.144 0.245 
135 NS_SS0823    (4)    3 :  0.147 0.202 0.136 0.321 0.109 0.085 
136 NS_SS0829    (7)    3 :  0.080 0.067 0.093 0.212 0.214 0.335 
137 NS_SS0844    (5)    3 :  0.101 0.057 0.208 0.473 0.115 0.045 
138 NS_SS1008    (5)    3 :  0.076 0.269 0.146 0.133 0.123 0.253 
139 NS_SS0881    (3)    3 :  0.318 0.143 0.114 0.109 0.137 0.178 
140 NS_SS0834    (6)    3 :  0.208 0.363 0.098 0.126 0.107 0.098 
141 NS_SS0744   (10)    3 :  0.203 0.084 0.265 0.160 0.168 0.120 
142 NS_SS0899    (7)    3 :  0.082 0.219 0.079 0.226 0.307 0.087 
143 NS_SS0804    (4)    3 :  0.175 0.151 0.146 0.214 0.261 0.053 
144 NS_SS0781   (10)    3 :  0.265 0.197 0.101 0.249 0.118 0.070 
145 NS_SS0822    (6)    3 :  0.082 0.167 0.212 0.241 0.143 0.156 
146 NS_SS1004    (4)    3 :  0.164 0.115 0.167 0.286 0.167 0.101 
147 NS_SS0746    (5)    3 :  0.145 0.151 0.102 0.341 0.083 0.177 
148 NS_SS0880    (3)    3 :  0.176 0.179 0.148 0.250 0.147 0.100 
149 NS_SS0879    (4)    3 :  0.118 0.244 0.141 0.186 0.180 0.131 
150 NS_SS0753    (2)    3 :  0.087 0.076 0.161 0.219 0.248 0.210 
151 NS_SS1007    (2)    3 :  0.216 0.212 0.313 0.065 0.081 0.113 
152 NS_SS0872    (5)    3 :  0.196 0.213 0.199 0.172 0.132 0.087 
153 NS_SS1005    (7)    3 :  0.194 0.189 0.115 0.294 0.094 0.114 
154 NS_SS0892    (6)    3 :  0.154 0.195 0.125 0.178 0.173 0.176 
155 NS_SS0898    (0)    3 :  0.151 0.144 0.123 0.190 0.170 0.222 
156 NS_SS0801    (9)    3 :  0.121 0.128 0.100 0.241 0.264 0.146 
157 NS_SS0827    (8)    3 :  0.151 0.126 0.121 0.141 0.281 0.179 
158 NS_SS0853    (6)    3 :  0.070 0.153 0.141 0.135 0.309 0.192 
159 NS_SS0780    (2)    3 :  0.237 0.167 0.165 0.128 0.215 0.088 
160 NS_SS0826   (10)    3 :  0.354 0.077 0.057 0.246 0.104 0.163 
161 NS_SS0818    (5)    3 :  0.222 0.219 0.163 0.142 0.182 0.072 
162 NS_SS0745    (1)    3 :  0.108 0.501 0.037 0.053 0.215 0.086 
163 NS_SS0849    (3)    3 :  0.157 0.111 0.058 0.148 0.411 0.115 
164 NS_SS0739    (3)    3 :  0.238 0.149 0.214 0.066 0.213 0.120 
165 NS_SS0799    (1)    3 :  0.058 0.121 0.389 0.139 0.150 0.143 
166 NS_SS0756    (2)    3 :  0.242 0.109 0.092 0.315 0.165 0.077 
167 NS_SS0802    (2)    3 :  0.272 0.129 0.204 0.119 0.083 0.193 
168 NS_SS0747    (6)    3 :  0.202 0.121 0.198 0.229 0.131 0.120 
169 NS_SS0835    (1)    3 :  0.176 0.096 0.211 0.115 0.087 0.315 
170 NS_SS0742   (18)    3 :  0.193 0.113 0.269 0.184 0.166 0.076 
171 NS_SS0760    (9)    3 :  0.128 0.133 0.137 0.152 0.116 0.335 
172 NS_SS0803    (4)    3 :  0.061 0.084 0.327 0.392 0.084 0.052 
173 NS_SS0828   (13)    3 :  0.112 0.141 0.182 0.128 0.296 0.141 
174 NS_SS0865    (2)    3 :  0.269 0.065 0.145 0.149 0.250 0.123 
175 NS_SS0759    (4)    3 :  0.144 0.257 0.138 0.155 0.224 0.082 
176 NS_SS0851    (5)    3 :  0.120 0.193 0.050 0.106 0.442 0.089 
177 NS_SS0874   (16)    3 :  0.111 0.164 0.149 0.364 0.121 0.091 
178 NS_SS0761    (6)    3 :  0.141 0.065 0.119 0.194 0.195 0.285 
179 NS_SS0842   (25)    3 :  0.116 0.202 0.132 0.177 0.134 0.240 
180 NS_SS0785    (6)    3 :  0.115 0.110 0.230 0.219 0.147 0.180 
181 NS_SS0860   (11)    3 :  0.152 0.100 0.174 0.140 0.100 0.336 
182 NS_SS0897    (7)    3 :  0.085 0.103 0.144 0.100 0.180 0.388 
183 NS_SS0841   (14)    3 :  0.118 0.253 0.089 0.169 0.288 0.084 
184 NS_SS0797    (6)    3 :  0.169 0.079 0.102 0.171 0.271 0.208 
185 NS_SS0830   (10)    3 :  0.207 0.123 0.130 0.151 0.235 0.155 
186 NS_SS1011    (5)    3 :  0.349 0.088 0.126 0.191 0.174 0.073 
187 NS_SS0883    (5)    3 :  0.088 0.087 0.263 0.152 0.281 0.130 
188 NS_SS0782    (2)    3 :  0.094 0.249 0.241 0.132 0.104 0.180 
189 NS_SS0831    (5)    3 :  0.086 0.086 0.138 0.123 0.287 0.281 
190 NS_SS0749    (7)    3 :  0.125 0.134 0.238 0.092 0.267 0.144 
191 NS_SS0854    (2)    3 :  0.100 0.181 0.348 0.121 0.133 0.118 
192 HI_SS0193    (0)    4 :  0.138 0.188 0.133 0.091 0.209 0.241 
193 HI_SS0194    (0)    4 :  0.219 0.355 0.073 0.131 0.079 0.143 
194 HI_SS0195    (9)    4 :  0.221 0.192 0.106 0.077 0.339 0.065 
195 HI_SS0196    (6)    4 :  0.099 0.268 0.239 0.114 0.111 0.170 
196 HI_SS0197    (3)    4 :  0.543 0.118 0.092 0.083 0.067 0.097 
197 HI_SS0198    (1)    4 :  0.132 0.104 0.192 0.100 0.288 0.185 
198 HI_SS0199    (1)    4 :  0.086 0.153 0.420 0.099 0.096 0.147 
199 HI_SS0201    (4)    4 :  0.118 0.045 0.147 0.212 0.184 0.294 
200 HI_SS0215    (1)    4 :  0.177 0.063 0.144 0.173 0.158 0.285 
201 HI_SS0218    (1)    4 :  0.065 0.131 0.248 0.070 0.181 0.304 
202 HI_SS0222    (0)    4 :  0.210 0.195 0.164 0.074 0.214 0.142 
203 HI_SS0230    (1)    4 :  0.308 0.142 0.070 0.182 0.167 0.131 
204 HI_SS0234    (1)    4 :  0.232 0.129 0.325 0.138 0.061 0.115 
205 HI_SS0240    (1)    4 :  0.105 0.208 0.396 0.075 0.133 0.082 
206 HI_SS0241    (0)    4 :  0.152 0.088 0.220 0.171 0.148 0.221 
207 HI_SS0242    (0)    4 :  0.128 0.114 0.166 0.245 0.178 0.168 
208 HI_SS0247    (0)    4 :  0.170 0.117 0.070 0.377 0.127 0.139 
209 HI_SS0248    (1)    4 :  0.050 0.192 0.240 0.191 0.070 0.256 
210 HI_SS0252    (2)    4 :  0.077 0.234 0.199 0.210 0.186 0.094 
211 HI_SS0254    (1)    4 :  0.290 0.098 0.145 0.181 0.094 0.191 
212 HI_SS0256    (0)    4 :  0.220 0.209 0.144 0.220 0.172 0.034 
213 HI_SS0257    (0)    4 :  0.175 0.071 0.205 0.238 0.061 0.250 
214 HI_SS0258    (1)    4 :  0.089 0.138 0.146 0.168 0.164 0.295 
215 HI_SS0259    (1)    4 :  0.321 0.208 0.141 0.088 0.141 0.100 
216 HI_SS0260    (1)    4 :  0.089 0.210 0.251 0.096 0.098 0.256 
217 HI_SS0261    (2)    4 :  0.266 0.147 0.103 0.230 0.068 0.186 
218 HI_SS0262    (0)    4 :  0.164 0.138 0.227 0.094 0.284 0.093 
219 HI_SS0264    (1)    4 :  0.243 0.236 0.055 0.143 0.165 0.158 
220 HI_SS0265    (0)    4 :  0.295 0.124 0.113 0.119 0.233 0.117 
221 HI_SS0268    (1)    4 :  0.256 0.199 0.106 0.054 0.183 0.203 
222 HI_SS0269    (1)    4 :  0.187 0.054 0.304 0.113 0.060 0.283 
223 HI_SS0273    (0)    4 :  0.190 0.086 0.158 0.198 0.132 0.235 
224 HI_SS0277    (1)    4 :  0.475 0.060 0.124 0.128 0.125 0.088 
225 HI_SS0280    (0)    4 :  0.145 0.194 0.168 0.069 0.293 0.130 
226 HI_SS0282    (1)    4 :  0.097 0.102 0.179 0.240 0.178 0.204 
227 HI_SS0286    (1)    4 :  0.143 0.069 0.244 0.106 0.268 0.170 
228 NS_SS1252    (3)    5 :  0.067 0.092 0.188 0.156 0.121 0.376 
229 NS_SS1261    (1)    5 :  0.193 0.107 0.228 0.166 0.147 0.160 
230 NS_SS1225    (9)    5 :  0.141 0.073 0.124 0.359 0.107 0.195 
231 NS_SS1266    (1)    5 :  0.114 0.130 0.136 0.427 0.136 0.057 
232 NS_SS1228    (0)    5 :  0.139 0.123 0.181 0.100 0.371 0.086 
233 NS_SS1255    (2)    5 :  0.093 0.417 0.150 0.122 0.076 0.142 
234 NS_SS1267    (3)    5 :  0.113 0.076 0.181 0.066 0.162 0.402 
235 NS_SS1238    (6)    5 :  0.258 0.171 0.087 0.097 0.184 0.204 
236 NS_SS1233    (8)    5 :  0.107 0.200 0.044 0.439 0.115 0.095 
237 NS_SS1277    (3)    5 :  0.091 0.228 0.219 0.074 0.136 0.251 
238 NS_SS1245    (1)    5 :  0.125 0.166 0.112 0.310 0.077 0.210 
239 NS_SS1240    (4)    5 :  0.154 0.091 0.172 0.100 0.074 0.408 
240 NS_SS1275    (2)    5 :  0.368 0.141 0.103 0.142 0.193 0.054 
241 NS_SS1235    (1)    5 :  0.155 0.200 0.253 0.228 0.051 0.114 
242 NS_SS1263    (1)    5 :  0.095 0.298 0.096 0.308 0.116 0.088 
243 NS_SS1251    (1)    5 :  0.174 0.179 0.094 0.349 0.103 0.102 
244 NS_SS1248    (0)    5 :  0.117 0.103 0.048 0.095 0.454 0.183 
245 NS_SS1244    (0)    5 :  0.355 0.057 0.161 0.191 0.132 0.105 
246 NS_SS1257    (0)    5 :  0.105 0.142 0.208 0.137 0.145 0.262 
247 NS_SS1242    (2)    5 :  0.147 0.344 0.076 0.177 0.142 0.114 
248 NS_SS1271    (6)    5 :  0.111 0.064 0.267 0.086 0.133 0.338 
249 NS_SS1265    (1)    5 :  0.177 0.143 0.061 0.164 0.103 0.352 
250 NS_SS1243    (0)    5 :  0.069 0.243 0.127 0.125 0.317 0.119 
251 NS_SS1273    (1)    5 :  0.146 0.370 0.097 0.170 0.133 0.085 
252 NS_SS1254   (14)    5 :  0.095 0.182 0.130 0.391 0.113 0.089 
253 NS_SS1224    (1)    5 :  0.119 0.147 0.135 0.272 0.240 0.088 
254 NS_SS1227    (8)    5 :  0.216 0.133 0.227 0.105 0.079 0.240 
255 NS_SS1274    (8)    5 :  0.112 0.156 0.223 0.132 0.178 0.200 
256 NS_SS1241    (1)    5 :  0.142 0.092 0.203 0.217 0.150 0.196 
257 NS_SS1256    (3)    5 :  0.205 0.137 0.083 0.305 0.067 0.204 
258 NS_SS1260    (8)    5 :  0.098 0.093 0.364 0.117 0.112 0.215 
259 NS_SS1262    (0)    5 :  0.171 0.066 0.175 0.238 0.178 0.172 
260 NS_SS1230    (0)    5 :  0.142 0.201 0.097 0.166 0.173 0.220 
261 NS_SS1270    (2)    5 :  0.147 0.085 0.063 0.290 0.308 0.107 
262 NS_SS1229    (2)    5 :  0.277 0.169 0.308 0.126 0.053 0.067 
263 NS_SS1246    (5)    5 :  0.238 0.107 0.252 0.080 0.092 0.230 
264 NS_SS1269    (0)    5 :  0.142 0.188 0.186 0.162 0.218 0.104 
265 NS_SS1239    (1)    5 :  0.083 0.142 0.354 0.081 0.278 0.062 
266 NS_SS1272    (4)    5 :  0.476 0.096 0.081 0.143 0.091 0.111 
267 NS_SS1268    (1)    5 :  0.069 0.133 0.069 0.293 0.340 0.096 
268 NS_SS1249    (0)    5 :  0.078 0.112 0.287 0.125 0.083 0.315 
269 HI_SS0559    (0)    6 :  0.066 0.193 0.160 0.169 0.254 0.158 
270 HI_SS0563    (1)    6 :  0.176 0.093 0.262 0.193 0.141 0.136 
271 HI_SS0564    (0)    6 :  0.231 0.130 0.151 0.174 0.195 0.119 
272 HI_SS0565    (0)    6 :  0.274 0.109 0.117 0.182 0.100 0.219 
273 HI_SS0569    (0)    6 :  0.134 0.057 0.085 0.337 0.126 0.260 
274 HI_SS0570    (0)    6 :  0.152 0.127 0.160 0.068 0.188 0.303 
275 HI_SS0572    (1)    6 :  0.145 0.271 0.274 0.158 0.079 0.072 
276 HI_SS0576    (0)    6 :  0.165 0.216 0.119 0.105 0.303 0.092 
277 HI_SS0579    (1)    6 :  0.070 0.080 0.199 0.372 0.088 0.191 
278 HI_SS0580    (1)    6 :  0.081 0.238 0.200 0.114 0.133 0.235 
279 HI_SS0581    (0)    6 :  0.344 0.123 0.106 0.094 0.260 0.073 
280 HI_SS0583    (1)    6 :  0.109 0.197 0.159 0.187 0.062 0.286 
281 HI_SS0586    (1)    6 :  0.103 0.119 0.082 0.095 0.183 0.417 
282 HI_SS0588    (1)    6 :  0.084 0.123 0.186 0.250 0.138 0.220 
283 HI_SS0595    (4)    6 :  0.347 0.135 0.135 0.096 0.072 0.215 
284 HI_SS0596    (0)    6 :  0.073 0.397 0.201 0.165 0.086 0.078 
285 HI_SS0597    (1)    6 :  0.223 0.286 0.129 0.174 0.077 0.111 
286 HI_SS0600    (0)    6 :  0.209 0.073 0.352 0.092 0.146 0.130 
287 HI_SS0601    (1)    6 :  0.211 0.041 0.163 0.252 0.191 0.141 
288 HI_SS0602    (1)    6 :  0.087 0.162 0.114 0.098 0.284 0.256 
289 HI_SS0604    (0)    6 :  0.082 0.188 0.087 0.274 0.220 0.149 
290 HI_SS0605    (1)    6 :  0.074 0.094 0.226 0.122 0.304 0.179 
291 HI_SS0608    (0)    6 :  0.120 0.297 0.105 0.101 0.199 0.178 
292 HI_SS0609    (0)    6 :  0.178 0.192 0.120 0.330 0.081 0.099 
293 HI_SS0611    (5)    6 :  0.078 0.108 0.130 0.097 0.300 0.287 
294 HI_SS0612    (1)    6 :  0.098 0.082 0.308 0.361 0.045 0.106 
295 HI_SS0613    (1)    6 :  0.087 0.134 0.097 0.152 0.396 0.134 
296 HI_SS0615    (0)    6 :  0.178 0.229 0.232 0.095 0.206 0.061 
297 HI_SS0001    (1)    6 :  0.195 0.251 0.167 0.102 0.082 0.204 
298 HI_SS0002    (1)    6 :  0.211 0.211 0.117 0.266 0.114 0.081 
299 HI_SS0004    (0)    6 :  0.096 0.228 0.146 0.085 0.161 0.283 
300 HI_SS0005    (1)    6 :  0.176 0.124 0.099 0.082 0.397 0.122 
301 HI_SS0006    (1)    6 :  0.207 0.102 0.136 0.223 0.082 0.249 
302 HI_SS0007    (1)    6 :  0.057 0.116 0.147 0.074 0.364 0.241 
303 HI_SS0008    (0)    6 :  0.259 0.114 0.128 0.160 0.204 0.136 
304 HI_SS0009    (0)    6 :  0.061 0.244 0.203 0.135 0.266 0.091 
305 HI_SS0010    (1)    6 :  0.163 0.128 0.136 0.144 0.244 0.184 
306 HI_SS0011    (1)    6 :  0.247 0.112 0.046 0.343 0.147 0.105 
307 HI_SS0012    (0)    6 :  0.266 0.083 0.343 0.091 0.169 0.048 
308 HI_SS0017    (1)    6 :  0.147 0.387 0.108 0.123 0.114 0.122 
309 HI_SS0021    (1)    6 :  0.216 0.163 0.078 0.126 0.110 0.307 
310 HI_SS0024    (1)    6 :  0.252 0.211 0.170 0.073 0.199 0.095 
311 HI_SS0025    (1)    6 :  0.086 0.338 0.125 0.174 0.172 0.106 
312 HI_SS0027    (0)    6 :  0.067 0.105 0.163 0.232 0.228 0.206 
313 HI_SS0028    (0)    6 :  0.331 0.206 0.053 0.086 0.263 0.061 
314 HI_SS0029    (1)    6 :  0.154 0.299 0.183 0.060 0.104 0.200 
315 HI_SS0030    (2)    6 :  0.153 0.113 0.229 0.160 0.190 0.154 
316 HI_SS0031    (0)    6 :  0.258 0.116 0.308 0.151 0.080 0.087 
317 HI_SS0034    (0)    6 :  0.086 0.109 0.206 0.239 0.092 0.269 
318 HI_SS0036    (0)    6 :  0.249 0.094 0.100 0.042 0.185 0.331 
319 HI_SS0037    (1)    6 :  0.080 0.134 0.085 0.146 0.209 0.347 
320 HI_SS0039    (0)    6 :  0.162 0.118 0.099 0.086 0.291 0.244 
321 HI_SS0041    (1)    6 :  0.149 0.198 0.126 0.082 0.349 0.096 
322 HI_SS0042    (1)    6 :  0.246 0.245 0.109 0.169 0.140 0.091 
323 HI_SS0043    (1)    6 :  0.210 0.056 0.147 0.083 0.144 0.360 
324 HI_SS0044    (1)    6 :  0.083 0.324 0.240 0.058 0.078 0.217 
325 HI_SS0047    (1)    6 :  0.149 0.200 0.158 0.187 0.221 0.085 
326 HI_SS0049    (0)    6 :  0.089 0.360 0.083 0.221 0.116 0.131 
327 HI_SS0051    (1)    6 :  0.090 0.069 0.149 0.221 0.365 0.106 
328 HI_SS0053    (1)    6 :  0.256 0.076 0.150 0.131 0.110 0.277 
329 HI_SS0054    (4)    6 :  0.109 0.058 0.088 0.276 0.169 0.301 
330 HI_SS0057    (0)    6 :  0.200 0.172 0.067 0.153 0.271 0.136 
331 HI_SS0058    (0)    6 :  0.077 0.189 0.123 0.207 0.125 0.280 
332 HI_SS0060    (0)    6 :  0.238 0.064 0.145 0.158 0.264 0.131 
333 HI_SS0087    (1)    6 :  0.257 0.122 0.126 0.208 0.103 0.184 
334 HI_SS0091    (0)    6 :  0.262 0.068 0.165 0.124 0.067 0.315 
335 HI_SS0095    (1)    6 :  0.201 0.079 0.282 0.152 0.144 0.143 
336 HI_SS0097    (3)    6 :  0.117 0.059 0.236 0.392 0.110 0.085 
337 HI_SS0099    (0)    6 :  0.112 0.352 0.096 0.126 0.148 0.166 
338 HI_SS0103    (0)    6 :  0.211 0.218 0.218 0.128 0.095 0.130 
339 HI_SS0105    (1)    6 :  0.318 0.072 0.129 0.174 0.184 0.123 
340 HI_SS0107    (1)    6 :  0.188 0.301 0.195 0.158 0.089 0.070 
341 HI_SS0108    (1)    6 :  0.109 0.077 0.156 0.126 0.116 0.415 
342 HI_SS0110    (0)    6 :  0.378 0.106 0.214 0.083 0.080 0.139 
343 HI_SS0111    (1)    6 :  0.249 0.107 0.253 0.087 0.173 0.130 
344 HI_SS0112    (0)    6 :  0.135 0.103 0.173 0.086 0.105 0.397 
345 HI_SS0113    (1)    6 :  0.235 0.309 0.084 0.169 0.106 0.096 
346 HI_SS0114    (1)    6 :  0.109 0.084 0.145 0.181 0.241 0.240 
347 HI_SS0115    (1)    6 :  0.052 0.219 0.309 0.137 0.159 0.125 
348 HI_SS0116    (4)    6 :  0.083 0.274 0.207 0.091 0.061 0.284 
349 HI_SS0117    (0)    6 :  0.292 0.086 0.099 0.238 0.063 0.221 
350 HI_SS0118    (0)    6 :  0.175 0.159 0.170 0.192 0.084 0.220 
351 HI_SS0119    (1)    6 :  0.316 0.055 0.206 0.126 0.132 0.166 
352 HI_SS0120    (1)    6 :  0.311 0.343 0.101 0.105 0.069 0.072 
353 HI_SS0121    (1)    6 :  0.411 0.086 0.061 0.160 0.206 0.076 
354 HI_SS0122    (2)    6 :  0.259 0.123 0.173 0.110 0.188 0.147 
355 HI_SS0123    (0)    6 :  0.254 0.141 0.171 0.197 0.077 0.159 
356 HI_SS0124    (1)    6 :  0.092 0.369 0.179 0.101 0.186 0.072 
357 HI_SS0125    (1)    6 :  0.189 0.200 0.241 0.118 0.188 0.064 
358 HI_SS0126    (0)    6 :  0.115 0.236 0.139 0.098 0.086 0.326 
359 HI_SS0127    (0)    6 :  0.093 0.095 0.093 0.237 0.353 0.129 
360 HI_SS0128    (0)    6 :  0.188 0.217 0.198 0.200 0.072 0.126 
361 HI_SS0129    (1)    6 :  0.155 0.168 0.157 0.097 0.159 0.265 
362 HI_SS0131    (2)    6 :  0.106 0.082 0.079 0.227 0.257 0.249 
363 HI_SS0132    (0)    6 :  0.301 0.106 0.163 0.168 0.130 0.132 
364 HI_SS0133    (1)    6 :  0.105 0.130 0.132 0.088 0.127 0.417 
365 HI_SS0134    (1)    6 :  0.167 0.140 0.178 0.212 0.131 0.171 
366 HI_SS0142    (3)    6 :  0.234 0.064 0.243 0.204 0.159 0.095 
367 HI_SS0145    (0)    6 :  0.101 0.138 0.212 0.271 0.096 0.183 
368 HI_SS0146    (1)    6 :  0.080 0.098 0.229 0.231 0.169 0.193 
369 HI_SS0147    (1)    6 :  0.139 0.112 0.097 0.195 0.361 0.096 
370 HI_SS0149    (1)    6 :  0.460 0.090 0.062 0.150 0.075 0.163 
371 HI_SS0150    (2)    6 :  0.155 0.216 0.141 0.162 0.248 0.078 
372 HI_SS0151    (0)    6 :  0.061 0.148 0.361 0.117 0.192 0.121 
373 NS_SS1451    (1)    6 :  0.152 0.247 0.237 0.089 0.211 0.064 
374 NS_SS1404    (0)    6 :  0.140 0.175 0.097 0.111 0.341 0.136 
375 NS_SS1432    (2)    6 :  0.365 0.300 0.095 0.055 0.109 0.075 
376 NS_SS1405    (4)    6 :  0.113 0.331 0.147 0.111 0.101 0.197 
377 NS_SS1431   (10)    6 :  0.331 0.274 0.092 0.117 0.106 0.079 
378 NS_SS1402    (3)    6 :  0.238 0.124 0.263 0.134 0.100 0.142 
379 NS_SS1450    (3)    6 :  0.115 0.213 0.180 0.090 0.161 0.241 
380 NS_SS1396    (0)    6 :  0.183 0.156 0.159 0.151 0.201 0.151 
381 NS_SS1393    (5)    6 :  0.125 0.134 0.308 0.093 0.188 0.151 
382 NS_SS1392   (10)    6 :  0.099 0.276 0.255 0.066 0.202 0.102 
383 NS_SS1445    (0)    6 :  0.175 0.077 0.077 0.245 0.141 0.285 
384 NS_SS1423    (0)    6 :  0.289 0.147 0.227 0.106 0.073 0.159 
385 NS_SS1421    (9)    6 :  0.241 0.129 0.157 0.157 0.133 0.183 
386 NS_SS1411    (6)    6 :  0.067 0.111 0.096 0.094 0.336 0.295 
387 NS_SS1453    (5)    6 :  0.295 0.084 0.169 0.085 0.124 0.243 
388 NS_SS1442    (2)    6 :  0.097 0.161 0.144 0.315 0.124 0.159 
389 NS_SS1422    (1)    6 :  0.128 0.109 0.333 0.263 0.080 0.086 
390 NS_SS1419    (1)    6 :  0.089 0.116 0.084 0.384 0.216 0.111 
391 NS_SS1427    (0)    6 :  0.111 0.157 0.277 0.058 0.069 0.328 
392 NS_SS1444    (3)    6 :  0.085 0.215 0.096 0.253 0.232 0.119 
393 NS_SS1455    (0)    6 :  0.158 0.313 0.124 0.251 0.071 0.083 
394 NS_SS1425    (2)    6 :  0.119 0.065 0.130 0.176 0.155 0.355 
395 NS_SS1400    (0)    6 :  0.085 0.143 0.067 0.231 0.142 0.331 
396 NS_SS1406    (1)    6 :  0.308 0.150 0.094 0.306 0.088 0.054 
397 NS_SS1417    (6)    6 :  0.176 0.194 0.079 0.186 0.132 0.233 
398 NS_SS1454    (2)    6 :  0.308 0.127 0.054 0.101 0.137 0.273 
399 NS_SS1412    (1)    6 :  0.142 0.201 0.135 0.113 0.202 0.207 
400 NS_SS1438    (1)    6 :  0.098 0.050 0.149 0.216 0.207 0.280 
401 NS_SS1416    (4)    6 :  0.195 0.175 0.154 0.148 0.156 0.173 
402 NS_SS1401    (0)    6 :  0.290 0.110 0.180 0.150 0.109 0.162 
403 NS_SS1424    (6)    6 :  0.301 0.093 0.174 0.105 0.158 0.169 
404 NS_SS1435    (9)    6 :  0.172 0.245 0.154 0.072 0.209 0.146 
405 NS_SS1447    (4)    6 :  0.141 0.173 0.090 0.261 0.236 0.099 
406 NS_SS1414    (3)    6 :  0.093 0.274 0.050 0.232 0.221 0.131 
407 NS_SS1449   (14)    6 :  0.224 0.089 0.401 0.086 0.119 0.081 
408 NS_SS1443    (4)    6 :  0.109 0.118 0.315 0.184 0.068 0.205 
409 NS_SS1434    (1)    6 :  0.083 0.294 0.307 0.115 0.062 0.138 
410 NS_SS1398    (1)    6 :  0.157 0.313 0.131 0.113 0.143 0.142 
411 NS_SS1426    (1)    6 :  0.141 0.099 0.159 0.116 0.133 0.352 
412 NS_SS1413    (0)    6 :  0.114 0.253 0.077 0.182 0.088 0.286 
413 NS_SS1395    (1)    6 :  0.215 0.081 0.246 0.139 0.107 0.212 
414 NS_SS1448   (10)    6 :  0.107 0.191 0.087 0.096 0.297 0.222 
415 NS_SS1446    (0)    6 :  0.194 0.089 0.245 0.135 0.132 0.205 
416 NS_SS1403    (2)    6 :  0.387 0.143 0.155 0.085 0.138 0.092 
417 NS_SS1415    (0)    6 :  0.114 0.145 0.141 0.138 0.192 0.268 
418 NS_SS1437    (4)    6 :  0.328 0.151 0.082 0.145 0.146 0.147 
419 NS_SS1439    (2)    6 :  0.144 0.114 0.247 0.250 0.114 0.130 
420 NS_SS1441    (3)    6 :  0.117 0.207 0.198 0.180 0.079 0.219 
421 NS_SS1420    (2)    6 :  0.057 0.129 0.154 0.082 0.505 0.073 
422 NS_SS1394    (2)    6 :  0.185 0.216 0.095 0.101 0.301 0.102 
423 NS_SS1391    (7)    6 :  0.139 0.302 0.166 0.080 0.069 0.243 
424 NS_SS1410    (5)    6 :  0.227 0.131 0.201 0.135 0.110 0.196 
425 NS_SS1408    (1)    6 :  0.274 0.089 0.168 0.188 0.184 0.096 
426 NS_SS1409    (1)    6 :  0.121 0.275 0.229 0.113 0.061 0.201 
427 HI_SS0617    (1)    7 :  0.093 0.167 0.337 0.085 0.122 0.197 
428 HI_SS0618    (2)    7 :  0.102 0.228 0.228 0.140 0.197 0.105 
429 HI_SS0619    (0)    7 :  0.114 0.320 0.130 0.100 0.148 0.188 
430 HI_SS0620    (1)    7 :  0.044 0.072 0.265 0.083 0.254 0.282 
431 HI_SS0621    (3)    7 :  0.187 0.153 0.209 0.176 0.162 0.114 
432 HI_SS0622    (1)    7 :  0.112 0.163 0.111 0.289 0.167 0.158 
433 HI_SS0626    (0)    7 :  0.169 0.119 0.077 0.098 0.380 0.157 
434 HI_SS0627    (0)    7 :  0.386 0.180 0.106 0.096 0.130 0.102 
435 HI_SS0628    (3)    7 :  0.233 0.160 0.086 0.088 0.135 0.298 
436 HI_SS0629    (1)    7 :  0.207 0.103 0.156 0.180 0.160 0.194 
437 HI_SS0630    (1)    7 :  0.089 0.152 0.203 0.134 0.233 0.190 
438 HI_SS0631    (0)    7 :  0.124 0.094 0.219 0.114 0.248 0.200 
439 HI_SS0632    (0)    7 :  0.125 0.108 0.086 0.230 0.282 0.168 
440 HI_SS0633    (0)    7 :  0.071 0.369 0.218 0.131 0.078 0.134 
441 HI_SS0634    (1)    7 :  0.265 0.110 0.130 0.099 0.237 0.159 
442 HI_SS0635    (0)    7 :  0.167 0.210 0.088 0.204 0.224 0.107 
443 HI_SS0637    (1)    7 :  0.177 0.063 0.105 0.254 0.245 0.155 
444 HI_SS0638    (0)    7 :  0.153 0.237 0.115 0.147 0.157 0.191 
445 HI_SS0639    (1)    7 :  0.158 0.153 0.209 0.172 0.236 0.073 
446 HI_SS0640    (1)    7 :  0.103 0.159 0.127 0.333 0.152 0.126 
447 HI_SS0641    (1)    7 :  0.088 0.129 0.103 0.111 0.307 0.261 
448 HI_SS0642    (0)    7 :  0.465 0.123 0.154 0.089 0.099 0.070 
449 HI_SS0645    (0)    7 :  0.070 0.267 0.132 0.119 0.342 0.069 
450 HI_SS0646    (1)    7 :  0.184 0.201 0.266 0.149 0.079 0.121 
451 HI_SS0647    (1)    7 :  0.220 0.293 0.065 0.144 0.134 0.145 
452 HI_SS0648    (0)    7 :  0.146 0.193 0.124 0.181 0.192 0.163 
453 HI_SS0649    (1)    7 :  0.121 0.196 0.244 0.182 0.115 0.143 
454 HI_SS0650    (1)    7 :  0.139 0.306 0.274 0.092 0.108 0.081 
455 HI_SS0651    (1)    7 :  0.118 0.186 0.248 0.158 0.154 0.137 
456 HI_SS0652    (1)    7 :  0.083 0.226 0.082 0.116 0.408 0.084 
457 NS_SS1371    (3)    7 :  0.238 0.105 0.361 0.097 0.072 0.127 
458 NS_SS1374    (0)    7 :  0.269 0.117 0.085 0.064 0.187 0.278 
459 NS_SS1337    (3)    7 :  0.289 0.126 0.103 0.104 0.300 0.078 
460 NS_SS1385    (5)    7 :  0.149 0.211 0.249 0.180 0.110 0.102 
461 NS_SS1388    (0)    7 :  0.144 0.325 0.085 0.108 0.109 0.229 
462 NS_SS1370    (1)    7 :  0.105 0.049 0.162 0.084 0.546 0.055 
463 NS_SS1389    (3)    7 :  0.138 0.357 0.072 0.090 0.169 0.173 
464 NS_SS1360    (1)    7 :  0.119 0.096 0.131 0.197 0.254 0.203 
465 NS_SS1330    (0)    7 :  0.110 0.187 0.187 0.176 0.265 0.075 
466 NS_SS1328    (8)    7 :  0.144 0.263 0.166 0.110 0.060 0.256 
467 NS_SS1384    (1)    7 :  0.207 0.068 0.178 0.223 0.177 0.146 
468 NS_SS1381    (0)    7 :  0.102 0.339 0.254 0.152 0.090 0.064 
469 NS_SS1375    (1)    7 :  0.128 0.364 0.170 0.054 0.166 0.118 
470 NS_SS1319   (10)    7 :  0.236 0.131 0.236 0.095 0.171 0.131 
471 NS_SS1326    (2)    7 :  0.104 0.238 0.135 0.084 0.076 0.363 
472 NS_SS1341    (1)    7 :  0.299 0.064 0.131 0.196 0.100 0.209 
473 NS_SS1383    (1)    7 :  0.379 0.064 0.144 0.098 0.198 0.118 
474 NS_SS1318    (3)    7 :  0.086 0.180 0.186 0.179 0.241 0.129 
475 NS_SS1348    (2)    7 :  0.167 0.062 0.178 0.170 0.157 0.266 
476 NS_SS1363    (0)    7 :  0.168 0.162 0.136 0.194 0.227 0.113 
477 NS_SS1335    (4)    7 :  0.162 0.068 0.143 0.257 0.194 0.175 
478 NS_SS1358    (0)    7 :  0.215 0.076 0.173 0.268 0.113 0.154 
479 NS_SS1342    (1)    7 :  0.329 0.078 0.174 0.189 0.058 0.173 
480 NS_SS1320    (2)    7 :  0.084 0.459 0.148 0.212 0.053 0.044 
481 NS_SS1355    (1)    7 :  0.105 0.163 0.120 0.387 0.138 0.088 
482 NS_SS1345    (1)    7 :  0.075 0.099 0.123 0.520 0.117 0.065 
483 NS_SS1324    (0)    7 :  0.144 0.102 0.231 0.157 0.149 0.217 
484 NS_SS1347    (5)    7 :  0.190 0.096 0.336 0.140 0.142 0.096 
485 NS_SS1321    (4)    7 :  0.309 0.088 0.163 0.063 0.163 0.213 
486 NS_SS1333    (0)    7 :  0.325 0.128 0.126 0.046 0.115 0.260 
487 NS_SS1364    (1)    7 :  0.126 0.112 0.054 0.374 0.082 0.253 
488 NS_SS1379    (0)    7 :  0.122 0.218 0.211 0.176 0.149 0.125 
489 NS_SS1332    (0)    7 :  0.159 0.177 0.098 0.111 0.091 0.363 
490 NS_SS1338    (5)    7 :  0.136 0.083 0.164 0.092 0.301 0.224 
491 NS_SS1368    (6)    7 :  0.199 0.136 0.059 0.280 0.061 0.266 
492 NS_SS1354    (1)    7 :  0.205 0.167 0.132 0.221 0.131 0.144 
493 NS_SS1365    (0)    7 :  0.161 0.211 0.124 0.202 0.197 0.106 
494 NS_SS1380    (1)    7 :  0.143 0.186 0.083 0.309 0.187 0.092 
495 NS_SS1329    (8)    7 :  0.348 0.106 0.090 0.179 0.056 0.221 
496 NS_SS1362    (0)    7 :  0.234 0.162 0.154 0.174 0.109 0.168 
497 NS_SS1327    (2)    7 :  0.113 0.095 0.146 0.059 0.116 0.471 
498 NS_SS1350    (0)    7 :  0.113 0.215 0.399 0.055 0.079 0.139 
499 NS_SS1387    (2)    7 :  0.101 0.171 0.130 0.150 0.304 0.145 
500 NS_SS1369    (8)    7 :  0.105 0.087 0.114 0.302 0.153 0.238 
501 NS_SS1331    (1)    7 :  0.227 0.212 0.083 0.074 0.214 0.190 
502 NS_SS1357    (4)    7 :  0.124 0.260 0.291 0.109 0.049 0.166 
503 NS_SS1386    (1)    7 :  0.282 0.064 0.071 0.143 0.058 0.382 
504 NS_SS1353    (2)    7 :  0.197 0.333 0.123 0.111 0.089 0.148 
505 NS_SS1323    (0)    7 :  0.269 0.192 0.092 0.254 0.115 0.078 
506 HI_SS0296    (0)    8 :  0.061 0.095 0.250 0.135 0.281 0.178 
507 HI_SS0297    (0)    8 :  0.354 0.199 0.185 0.076 0.090 0.096 
508 HI_SS0299    (0)    8 :  0.161 0.102 0.151 0.234 0.202 0.151 
509 HI_SS0300    (0)    8 :  0.071 0.120 0.146 0.291 0.226 0.146 
510 HI_SS0301    (0)    8 :  0.205 0.070 0.048 0.194 0.348 0.134 
511 HI_SS0302    (0)    8 :  0.073 0.084 0.112 0.187 0.330 0.214 
512 HI_SS0303    (0)    8 :  0.091 0.274 0.102 0.125 0.077 0.331 
513 HI_SS0304    (0)    8 :  0.159 0.314 0.063 0.065 0.198 0.202 
514 HI_SS0306    (5)    8 :  0.106 0.119 0.077 0.128 0.252 0.317 
515 HI_SS0307    (1)    8 :  0.165 0.199 0.149 0.224 0.177 0.085 
516 HI_SS0308    (1)    8 :  0.193 0.085 0.244 0.210 0.172 0.096 
517 HI_SS0309    (0)    8 :  0.128 0.060 0.273 0.264 0.201 0.074 
518 HI_SS0310    (0)    8 :  0.097 0.308 0.085 0.182 0.127 0.202 
519 HI_SS0311    (3)    8 :  0.168 0.111 0.083 0.198 0.295 0.146 
520 HI_SS0314    (0)    8 :  0.143 0.366 0.123 0.114 0.072 0.181 
521 HI_SS0316    (1)    8 :  0.143 0.192 0.128 0.207 0.110 0.221 
522 HI_SS0317    (3)    8 :  0.297 0.085 0.168 0.103 0.231 0.116 
523 HI_SS0318    (1)    8 :  0.253 0.063 0.163 0.117 0.151 0.253 
524 HI_SS0319    (0)    8 :  0.075 0.086 0.213 0.232 0.058 0.336 
525 HI_SS0320    (3)    8 :  0.391 0.280 0.069 0.053 0.111 0.096 
526 HI_SS0321    (0)    8 :  0.247 0.064 0.339 0.079 0.125 0.145 
527 HI_SS0323    (1)    8 :  0.091 0.123 0.184 0.121 0.217 0.264 
528 HI_SS0325    (2)    8 :  0.115 0.100 0.078 0.146 0.290 0.271 
529 HI_SS0327    (1)    8 :  0.126 0.087 0.466 0.143 0.051 0.128 
530 HI_SS0329    (1)    8 :  0.204 0.240 0.082 0.126 0.208 0.140 
531 HI_SS0333    (1)    8 :  0.172 0.169 0.186 0.170 0.135 0.168 
532 HI_SS0334    (1)    8 :  0.166 0.085 0.144 0.180 0.180 0.245 
533 HI_SS0335    (1)    8 :  0.154 0.107 0.191 0.314 0.153 0.080 
534 HI_SS0339    (0)    8 :  0.111 0.165 0.071 0.352 0.178 0.122 
535 HI_SS0343    (2)    8 :  0.239 0.128 0.186 0.286 0.083 0.077 
536 HI_SS0344    (1)    8 :  0.130 0.070 0.163 0.095 0.108 0.433 
537 HI_SS0345    (3)    8 :  0.196 0.138 0.060 0.219 0.211 0.177 
538 HI_SS0346    (0)    8 :  0.354 0.097 0.099 0.069 0.185 0.196 
539 HI_SS0350    (1)    8 :  0.067 0.179 0.153 0.404 0.145 0.052 
540 HI_SS0351    (0)    8 :  0.195 0.089 0.127 0.368 0.104 0.116 
541 HI_SS0352    (3)    8 :  0.233 0.140 0.170 0.229 0.131 0.096 
542 HI_SS0362    (0)    8 :  0.103 0.135 0.139 0.122 0.371 0.130 
543 HI_SS0363    (1)    8 :  0.096 0.087 0.392 0.168 0.084 0.173 
544 HI_SS0365    (0)    8 :  0.107 0.140 0.306 0.151 0.085 0.211 
545 HI_SS0366    (0)    8 :  0.085 0.078 0.252 0.111 0.154 0.320 
546 HI_SS0367    (1)    8 :  0.170 0.305 0.118 0.217 0.104 0.085 
547 HI_SS0369    (1)    8 :  0.126 0.220 0.125 0.217 0.222 0.090 
548 HI_SS0370    (0)    8 :  0.179 0.183 0.368 0.107 0.068 0.096 
549 HI_SS0371    (4)    8 :  0.122 0.119 0.101 0.160 0.169 0.329 
550 HI_SS0373    (3)    8 :  0.101 0.239 0.181 0.151 0.166 0.161 
551 HI_SS0374    (0)    8 :  0.176 0.256 0.130 0.181 0.143 0.114 
552 HI_SS0377    (0)    8 :  0.157 0.068 0.083 0.354 0.168 0.170 
553 HI_SS0379    (1)    8 :  0.197 0.068 0.078 0.107 0.078 0.472 
554 HI_SS0380    (1)    8 :  0.165 0.195 0.128 0.235 0.147 0.130 
555 HI_SS0381    (2)    8 :  0.203 0.093 0.157 0.255 0.214 0.079 
556 HI_SS0384    (3)    8 :  0.198 0.223 0.176 0.062 0.128 0.213 
557 HI_SS0385    (1)    8 :  0.127 0.292 0.039 0.094 0.149 0.300 


Estimated Allele Frequencies in each cluster
First column gives estimated ancestral frequencies


Locus 1 : 
2 alleles
3.4% missing data
   1   (0.735) 0.810 0.773 0.757 0.712 0.666 0.715 
   2   (0.265) 0.190 0.227 0.243 0.288 0.334 0.285 

Locus 2 : 
2 alleles
4.3% missing data
   1   (0.885) 0.860 0.810 0.926 0.907 0.919 0.914 
   2   (0.115) 0.140 0.190 0.074 0.093 0.081 0.086 

Locus 3 : 
2 alleles
3.9% missing data
   1   (0.858) 0.871 0.870 0.837 0.898 0.858 0.868 
   2   (0.142) 0.129 0.130 0.163 0.102 0.142 0.132 

Locus 4 : 
2 alleles
2.7% missing data
   1   (0.885) 0.813 0.901 0.924 0.915 0.893 0.909 
