

----------------------------------------------------
STRUCTURE by Pritchard, Stephens and Donnelly (2000)
     and Falush, Stephens and Pritchard (2003)
       Code by Pritchard, Falush and Hubisz
             Version 2.3.4 (Jul 2012)
----------------------------------------------------



Command line arguments:   /home/genobiwan/Documents/Programs/Structure/structure -m parameter_job_k4_r5 
Input File:    /media/genobiwan/Storage/Projets/Mackerel_NWA_2021/data_job_k4_r5

Run parameters:
   557 individuals
   3930 loci
   4 populations assumed
   100000 Burn-in period
   200000 Reps


--------------------------------------------
Proportion of membership of each pre-defined
 population in each of the 4 clusters

Given    Inferred Clusters              Number of
 Pop       1      2      3      4      Individuals

  1:     0.239  0.272  0.229  0.260       67
  2:     0.300  0.227  0.212  0.261       32
  3:     0.229  0.270  0.230  0.271       92
  4:     0.248  0.253  0.271  0.227       36
  5:     0.236  0.265  0.261  0.237       41
  6:     0.247  0.246  0.261  0.246      158
  7:     0.252  0.246  0.249  0.253       79
  8:     0.226  0.253  0.264  0.257       52
--------------------------------------------

Allele-freq. divergence among pops (Net nucleotide distance),
computed using point estimates of P.

      1       2       3       4      
 1      -    0.0020  0.0026  0.0023  
 2   0.0020     -    0.0022  0.0018  
 3   0.0026  0.0022     -    0.0026  
 4   0.0023  0.0018  0.0026     -    

Average distances (expected heterozygosity) between individuals in same cluster:
cluster  1  : 0.3141 
cluster  2  : 0.3133 
cluster  3  : 0.3123 
cluster  4  : 0.3119 

--------------------------------------------
Estimated Ln Prob of Data   = -2069557.3
Mean value of ln likelihood = -2063296.3
Variance of ln likelihood   = 12521.9
Mean value of alpha         = 1.8684

Mean value of Fst_1         = 0.0257
Mean value of Fst_2         = 0.0203
Mean value of Fst_3         = 0.0261
Mean value of Fst_4         = 0.0243


Inferred ancestry of individuals:
        Label (%Miss) Pop:  Inferred clusters
  1 NS_SS0963    (4)    1 :  0.183 0.462 0.150 0.205 
  2 NS_SS0983    (1)    1 :  0.125 0.210 0.464 0.201 
  3 NS_SS0719    (8)    1 :  0.203 0.280 0.242 0.275 
  4 NS_SS1001    (8)    1 :  0.416 0.137 0.131 0.316 
  5 NS_SS0936    (4)    1 :  0.364 0.379 0.146 0.111 
  6 NS_SS0955    (5)    1 :  0.119 0.335 0.318 0.228 
  7 NS_SS0944    (3)    1 :  0.219 0.315 0.241 0.225 
  8 NS_SS0945    (3)    1 :  0.354 0.161 0.286 0.199 
  9 NS_SS0922    (2)    1 :  0.429 0.194 0.127 0.251 
 10 NS_SS0929    (7)    1 :  0.176 0.303 0.316 0.205 
 11 NS_SS0956    (2)    1 :  0.263 0.148 0.115 0.474 
 12 NS_SS0906    (3)    1 :  0.164 0.348 0.277 0.212 
 13 NS_SS0721    (6)    1 :  0.161 0.162 0.201 0.476 
 14 NS_SS0982    (4)    1 :  0.181 0.394 0.161 0.263 
 15 NS_SS0923    (5)    1 :  0.269 0.280 0.178 0.273 
 16 NS_SS0905    (6)    1 :  0.213 0.224 0.232 0.332 
 17 NS_SS0925    (3)    1 :  0.274 0.348 0.112 0.266 
 18 NS_SS0947    (5)    1 :  0.320 0.334 0.170 0.176 
 19 NS_SS0926    (2)    1 :  0.123 0.271 0.424 0.181 
 20 NS_SS0918    (6)    1 :  0.151 0.365 0.119 0.365 
 21 NS_SS0966    (4)    1 :  0.207 0.399 0.165 0.229 
 22 NS_SS0938    (2)    1 :  0.427 0.276 0.147 0.149 
 23 NS_SS0917    (2)    1 :  0.252 0.189 0.377 0.183 
 24 NS_SS0957   (11)    1 :  0.170 0.220 0.197 0.413 
 25 NS_SS0987    (1)    1 :  0.109 0.152 0.183 0.556 
 26 NS_SS0717    (4)    1 :  0.344 0.173 0.139 0.343 
 27 NS_SS0986    (2)    1 :  0.145 0.212 0.271 0.372 
 28 NS_SS0953    (4)    1 :  0.283 0.300 0.134 0.283 
 29 NS_SS0907    (3)    1 :  0.159 0.440 0.226 0.175 
 30 NS_SS0974    (6)    1 :  0.279 0.348 0.237 0.137 
 31 NS_SS0989    (1)    1 :  0.237 0.197 0.443 0.123 
 32 NS_SS0991    (2)    1 :  0.085 0.275 0.265 0.374 
 33 NS_SS0994    (2)    1 :  0.229 0.115 0.557 0.099 
 34 NS_SS0931    (6)    1 :  0.116 0.216 0.365 0.303 
 35 NS_SS1000    (5)    1 :  0.385 0.291 0.150 0.174 
 36 NS_SS0919    (1)    1 :  0.111 0.487 0.259 0.143 
 37 NS_SS0949    (3)    1 :  0.230 0.209 0.387 0.174 
 38 NS_SS0960   (10)    1 :  0.118 0.308 0.287 0.287 
 39 NS_SS0716    (2)    1 :  0.284 0.091 0.130 0.495 
 40 NS_SS0924    (8)    1 :  0.140 0.348 0.274 0.239 
 41 NS_SS0935    (1)    1 :  0.144 0.156 0.370 0.330 
 42 NS_SS0952   (13)    1 :  0.134 0.341 0.356 0.169 
 43 NS_SS0962   (10)    1 :  0.284 0.285 0.150 0.281 
 44 NS_SS0973    (5)    1 :  0.192 0.447 0.180 0.181 
 45 NS_SS0722    (1)    1 :  0.554 0.185 0.113 0.148 
 46 NS_SS0979   (13)    1 :  0.187 0.284 0.143 0.385 
 47 NS_SS0993    (2)    1 :  0.313 0.336 0.110 0.240 
 48 NS_SS0958    (1)    1 :  0.216 0.196 0.368 0.221 
 49 NS_SS0988    (4)    1 :  0.124 0.389 0.267 0.221 
 50 NS_SS1003    (2)    1 :  0.123 0.412 0.096 0.369 
 51 NS_SS0976    (0)    1 :  0.162 0.296 0.344 0.198 
 52 NS_SS0964   (10)    1 :  0.408 0.166 0.112 0.314 
 53 NS_SS0939    (4)    1 :  0.390 0.077 0.111 0.421 
 54 NS_SS0990    (6)    1 :  0.272 0.159 0.316 0.253 
 55 NS_SS0984    (2)    1 :  0.459 0.182 0.112 0.247 
 56 NS_SS0980    (9)    1 :  0.342 0.403 0.138 0.117 
 57 NS_SS0978    (4)    1 :  0.360 0.324 0.171 0.145 
 58 NS_SS0951   (17)    1 :  0.103 0.169 0.279 0.449 
 59 NS_SS0913    (3)    1 :  0.289 0.156 0.161 0.393 
 60 NS_SS1002    (1)    1 :  0.185 0.574 0.118 0.123 
 61 NS_SS0948    (1)    1 :  0.170 0.307 0.252 0.271 
 62 NS_SS0916    (4)    1 :  0.375 0.178 0.271 0.175 
 63 NS_SS0995    (1)    1 :  0.326 0.197 0.187 0.290 
 64 NS_SS0927    (6)    1 :  0.298 0.202 0.351 0.149 
 65 NS_SS0992    (5)    1 :  0.353 0.296 0.250 0.101 
 66 NS_SS0912    (1)    1 :  0.123 0.191 0.258 0.428 
 67 NS_SS0981    (1)    1 :  0.134 0.393 0.139 0.334 
 68 NS_SS0729    (5)    2 :  0.231 0.262 0.433 0.074 
 69 NS_SS0967   (14)    2 :  0.188 0.503 0.139 0.170 
 70 NS_SS0941    (7)    2 :  0.433 0.176 0.182 0.210 
 71 NS_SS0768   (12)    2 :  0.182 0.270 0.178 0.370 
 72 NS_SS0726    (4)    2 :  0.315 0.291 0.302 0.092 
 73 NS_SS0763    (4)    2 :  0.252 0.228 0.366 0.154 
 74 NS_SS0730    (6)    2 :  0.320 0.217 0.154 0.309 
 75 NS_SS0774    (1)    2 :  0.424 0.293 0.119 0.164 
 76 NS_SS0723    (3)    2 :  0.277 0.405 0.092 0.225 
 77 NS_SS0940    (9)    2 :  0.332 0.128 0.291 0.249 
 78 NS_SS0762    (1)    2 :  0.510 0.147 0.086 0.256 
 79 NS_SS0766   (11)    2 :  0.397 0.090 0.236 0.278 
 80 NS_SS0724    (1)    2 :  0.217 0.280 0.131 0.373 
 81 NS_SS0769    (3)    2 :  0.215 0.298 0.224 0.263 
 82 NS_SS0777    (2)    2 :  0.137 0.225 0.314 0.325 
 83 NS_SS0734    (6)    2 :  0.252 0.139 0.264 0.345 
 84 NS_SS0737    (3)    2 :  0.611 0.122 0.103 0.164 
 85 NS_SS0732    (5)    2 :  0.140 0.224 0.127 0.509 
 86 NS_SS0728    (5)    2 :  0.398 0.171 0.197 0.234 
 87 NS_SS0735    (9)    2 :  0.398 0.187 0.155 0.260 
 88 NS_SS0725    (1)    2 :  0.443 0.203 0.149 0.205 
 89 NS_SS0788    (2)    2 :  0.194 0.385 0.223 0.199 
 90 NS_SS0778    (2)    2 :  0.152 0.291 0.304 0.252 
 91 NS_SS0792    (6)    2 :  0.197 0.218 0.262 0.323 
 92 NS_SS0943   (11)    2 :  0.112 0.333 0.339 0.216 
 93 NS_SS0791    (2)    2 :  0.297 0.100 0.306 0.298 
 94 NS_SS0790    (5)    2 :  0.219 0.285 0.066 0.429 
 95 NS_SS0731    (6)    2 :  0.220 0.149 0.156 0.474 
 96 NS_SS0727    (6)    2 :  0.459 0.107 0.330 0.104 
 97 NS_SS0779   (12)    2 :  0.233 0.238 0.226 0.302 
 98 NS_SS0776    (3)    2 :  0.386 0.179 0.203 0.232 
 99 NS_SS0775    (5)    2 :  0.469 0.129 0.119 0.283 
100 NS_SS0965    (3)    3 :  0.130 0.327 0.151 0.391 
101 NS_SS0754   (13)    3 :  0.165 0.179 0.339 0.316 
102 NS_SS0838    (5)    3 :  0.281 0.282 0.242 0.195 
103 NS_SS0839    (3)    3 :  0.372 0.254 0.105 0.269 
104 NS_SS0832    (4)    3 :  0.213 0.391 0.078 0.318 
105 NS_SS0820    (4)    3 :  0.194 0.329 0.098 0.378 
106 NS_SS0886    (9)    3 :  0.186 0.194 0.322 0.298 
107 NS_SS0748    (5)    3 :  0.150 0.310 0.280 0.259 
108 NS_SS0884    (9)    3 :  0.252 0.309 0.231 0.207 
109 NS_SS0752    (3)    3 :  0.353 0.301 0.183 0.162 
110 NS_SS0862    (1)    3 :  0.164 0.224 0.109 0.503 
111 NS_SS0787    (9)    3 :  0.109 0.176 0.555 0.159 
112 NS_SS0843    (6)    3 :  0.236 0.298 0.207 0.259 
113 NS_SS0856    (4)    3 :  0.419 0.161 0.234 0.185 
114 NS_SS0846    (2)    3 :  0.211 0.470 0.225 0.094 
115 NS_SS0825    (1)    3 :  0.157 0.359 0.231 0.253 
116 NS_SS0757    (3)    3 :  0.162 0.234 0.285 0.319 
117 NS_SS0876    (3)    3 :  0.339 0.233 0.188 0.240 
118 NS_SS0903    (9)    3 :  0.332 0.435 0.106 0.126 
119 NS_SS0875    (7)    3 :  0.233 0.173 0.224 0.370 
120 NS_SS0740    (5)    3 :  0.276 0.276 0.202 0.246 
121 NS_SS0811    (5)    3 :  0.182 0.153 0.105 0.560 
122 NS_SS0751    (1)    3 :  0.367 0.191 0.194 0.248 
123 NS_SS0891    (6)    3 :  0.353 0.213 0.203 0.231 
124 NS_SS0867    (2)    3 :  0.094 0.471 0.243 0.193 
125 NS_SS0890    (6)    3 :  0.269 0.269 0.228 0.234 
126 NS_SS0866   (11)    3 :  0.181 0.139 0.534 0.146 
127 NS_SS0755    (4)    3 :  0.187 0.321 0.184 0.308 
128 NS_SS0758    (4)    3 :  0.345 0.230 0.221 0.204 
129 NS_SS0840    (2)    3 :  0.226 0.430 0.087 0.257 
130 NS_SS0889    (4)    3 :  0.124 0.167 0.394 0.315 
131 NS_SS1010    (1)    3 :  0.157 0.439 0.186 0.218 
132 NS_SS0888    (5)    3 :  0.269 0.121 0.450 0.160 
133 NS_SS0837    (3)    3 :  0.136 0.352 0.114 0.398 
134 NS_SS0794    (9)    3 :  0.306 0.111 0.384 0.200 
135 NS_SS0823    (4)    3 :  0.348 0.352 0.118 0.182 
136 NS_SS0829    (7)    3 :  0.080 0.177 0.443 0.300 
137 NS_SS0844    (5)    3 :  0.125 0.612 0.080 0.183 
138 NS_SS1008    (5)    3 :  0.336 0.130 0.338 0.195 
139 NS_SS0881    (3)    3 :  0.211 0.245 0.281 0.263 
140 NS_SS0834    (6)    3 :  0.505 0.212 0.130 0.153 
141 NS_SS0744   (10)    3 :  0.226 0.324 0.237 0.213 
142 NS_SS0899    (7)    3 :  0.170 0.189 0.107 0.534 
143 NS_SS0804    (4)    3 :  0.228 0.321 0.086 0.364 
144 NS_SS0781   (10)    3 :  0.250 0.394 0.108 0.248 
145 NS_SS0822    (6)    3 :  0.330 0.232 0.241 0.196 
146 NS_SS1004    (4)    3 :  0.188 0.430 0.160 0.222 
147 NS_SS0746    (5)    3 :  0.231 0.381 0.229 0.159 
148 NS_SS0880    (3)    3 :  0.258 0.402 0.144 0.195 
149 NS_SS0879    (4)    3 :  0.344 0.247 0.165 0.244 
150 NS_SS0753    (2)    3 :  0.113 0.233 0.322 0.332 
151 NS_SS1007    (2)    3 :  0.472 0.182 0.206 0.140 
152 NS_SS0872    (5)    3 :  0.308 0.323 0.149 0.220 
153 NS_SS1005    (7)    3 :  0.237 0.457 0.138 0.168 
154 NS_SS0892    (6)    3 :  0.267 0.232 0.231 0.271 
155 NS_SS0898    (0)    3 :  0.194 0.232 0.281 0.294 
156 NS_SS0801    (9)    3 :  0.146 0.236 0.210 0.408 
157 NS_SS0827    (8)    3 :  0.097 0.191 0.265 0.447 
158 NS_SS0853    (6)    3 :  0.123 0.140 0.257 0.481 
159 NS_SS0780    (2)    3 :  0.275 0.233 0.153 0.339 
160 NS_SS0826   (10)    3 :  0.096 0.549 0.178 0.177 
161 NS_SS0818    (5)    3 :  0.324 0.259 0.089 0.327 
162 NS_SS0745    (1)    3 :  0.458 0.073 0.086 0.384 
163 NS_SS0849    (3)    3 :  0.100 0.209 0.157 0.535 
164 NS_SS0739    (3)    3 :  0.262 0.175 0.239 0.324 
165 NS_SS0799    (1)    3 :  0.285 0.168 0.315 0.231 
166 NS_SS0756    (2)    3 :  0.147 0.470 0.103 0.280 
167 NS_SS0802    (2)    3 :  0.279 0.280 0.309 0.132 
168 NS_SS0747    (6)    3 :  0.214 0.400 0.206 0.180 
169 NS_SS0835    (1)    3 :  0.168 0.240 0.488 0.103 
170 NS_SS0742   (18)    3 :  0.241 0.317 0.181 0.262 
171 NS_SS0760    (9)    3 :  0.190 0.177 0.447 0.186 
172 NS_SS0803    (4)    3 :  0.274 0.465 0.104 0.157 
173 NS_SS0828   (13)    3 :  0.184 0.176 0.217 0.422 
174 NS_SS0865    (2)    3 :  0.114 0.371 0.213 0.302 
175 NS_SS0759    (4)    3 :  0.339 0.201 0.110 0.350 
176 NS_SS0851    (5)    3 :  0.177 0.147 0.120 0.557 
177 NS_SS0874   (16)    3 :  0.205 0.441 0.138 0.216 
178 NS_SS0761    (6)    3 :  0.105 0.222 0.399 0.274 
179 NS_SS0842   (25)    3 :  0.224 0.235 0.308 0.233 
180 NS_SS0785    (6)    3 :  0.198 0.295 0.298 0.209 
181 NS_SS0860   (11)    3 :  0.142 0.224 0.507 0.127 
182 NS_SS0897    (7)    3 :  0.143 0.125 0.513 0.219 
183 NS_SS0841   (14)    3 :  0.268 0.196 0.106 0.430 
184 NS_SS0797    (6)    3 :  0.115 0.240 0.303 0.343 
185 NS_SS0830   (10)    3 :  0.165 0.284 0.221 0.331 
186 NS_SS1011    (5)    3 :  0.161 0.510 0.114 0.215 
187 NS_SS0883    (5)    3 :  0.148 0.185 0.278 0.389 
188 NS_SS0782    (2)    3 :  0.419 0.148 0.265 0.168 
189 NS_SS0831    (5)    3 :  0.109 0.130 0.405 0.356 
190 NS_SS0749    (7)    3 :  0.261 0.144 0.252 0.343 
191 NS_SS0854    (2)    3 :  0.394 0.187 0.248 0.172 
192 HI_SS0193    (0)    4 :  0.313 0.126 0.322 0.239 
193 HI_SS0194    (0)    4 :  0.501 0.214 0.150 0.135 
194 HI_SS0195    (9)    4 :  0.242 0.202 0.098 0.459 
195 HI_SS0196    (6)    4 :  0.422 0.151 0.258 0.169 
196 HI_SS0197    (3)    4 :  0.257 0.424 0.192 0.127 
197 HI_SS0198    (1)    4 :  0.168 0.191 0.285 0.356 
198 HI_SS0199    (1)    4 :  0.379 0.159 0.343 0.119 
199 HI_SS0201    (4)    4 :  0.077 0.290 0.430 0.202 
200 HI_SS0215    (1)    4 :  0.087 0.264 0.443 0.206 
201 HI_SS0218    (1)    4 :  0.224 0.093 0.483 0.200 
202 HI_SS0222    (0)    4 :  0.307 0.144 0.242 0.307 
203 HI_SS0230    (1)    4 :  0.138 0.344 0.192 0.326 
204 HI_SS0234    (1)    4 :  0.400 0.291 0.221 0.087 
205 HI_SS0240    (1)    4 :  0.507 0.134 0.187 0.171 
206 HI_SS0241    (0)    4 :  0.178 0.243 0.391 0.188 
207 HI_SS0242    (0)    4 :  0.225 0.267 0.262 0.246 
208 HI_SS0247    (0)    4 :  0.137 0.423 0.174 0.266 
209 HI_SS0248    (1)    4 :  0.343 0.147 0.394 0.116 
210 HI_SS0252    (2)    4 :  0.389 0.190 0.147 0.274 
211 HI_SS0254    (1)    4 :  0.182 0.372 0.279 0.167 
212 HI_SS0256    (0)    4 :  0.286 0.436 0.050 0.228 
213 HI_SS0257    (0)    4 :  0.193 0.328 0.389 0.090 
214 HI_SS0258    (1)    4 :  0.192 0.160 0.392 0.256 
215 HI_SS0259    (1)    4 :  0.389 0.239 0.168 0.204 
216 HI_SS0260    (1)    4 :  0.286 0.165 0.404 0.146 
217 HI_SS0261    (2)    4 :  0.271 0.340 0.274 0.116 
218 HI_SS0262    (0)    4 :  0.226 0.238 0.182 0.353 
219 HI_SS0264    (1)    4 :  0.201 0.261 0.175 0.363 
220 HI_SS0265    (0)    4 :  0.185 0.321 0.174 0.320 
221 HI_SS0268    (1)    4 :  0.218 0.160 0.299 0.323 
222 HI_SS0269    (1)    4 :  0.169 0.254 0.502 0.076 
223 HI_SS0273    (0)    4 :  0.131 0.387 0.317 0.165 
224 HI_SS0277    (1)    4 :  0.129 0.514 0.154 0.203 
225 HI_SS0280    (0)    4 :  0.243 0.138 0.206 0.413 
226 HI_SS0282    (1)    4 :  0.175 0.306 0.297 0.222 
227 HI_SS0286    (1)    4 :  0.163 0.203 0.291 0.343 
228 NS_SS1252    (3)    5 :  0.148 0.129 0.556 0.167 
229 NS_SS1261    (1)    5 :  0.200 0.305 0.251 0.245 
230 NS_SS1225    (9)    5 :  0.109 0.434 0.282 0.174 
231 NS_SS1266    (1)    5 :  0.192 0.505 0.081 0.221 
232 NS_SS1228    (0)    5 :  0.183 0.150 0.160 0.508 
233 NS_SS1255    (2)    5 :  0.546 0.154 0.179 0.120 
234 NS_SS1267    (3)    5 :  0.133 0.100 0.598 0.169 
235 NS_SS1238    (6)    5 :  0.207 0.198 0.252 0.343 
236 NS_SS1233    (8)    5 :  0.145 0.390 0.124 0.342 
237 NS_SS1277    (3)    5 :  0.367 0.088 0.370 0.174 
238 NS_SS1245    (1)    5 :  0.268 0.307 0.278 0.147 
239 NS_SS1240    (4)    5 :  0.160 0.132 0.605 0.103 
240 NS_SS1275    (2)    5 :  0.248 0.388 0.090 0.274 
241 NS_SS1235    (1)    5 :  0.434 0.328 0.166 0.072 
242 NS_SS1263    (1)    5 :  0.358 0.283 0.124 0.234 
243 NS_SS1251    (1)    5 :  0.233 0.436 0.146 0.184 
244 NS_SS1248    (0)    5 :  0.090 0.093 0.180 0.636 
245 NS_SS1244    (0)    5 :  0.144 0.469 0.202 0.185 
246 NS_SS1257    (0)    5 :  0.243 0.141 0.414 0.202 
247 NS_SS1242    (2)    5 :  0.363 0.255 0.128 0.254 
248 NS_SS1271    (6)    5 :  0.151 0.151 0.546 0.151 
249 NS_SS1265    (1)    5 :  0.158 0.208 0.441 0.194 
250 NS_SS1243    (0)    5 :  0.297 0.104 0.166 0.433 
251 NS_SS1273    (1)    5 :  0.407 0.213 0.109 0.270 
252 NS_SS1254   (14)    5 :  0.223 0.351 0.149 0.277 
253 NS_SS1224    (1)    5 :  0.203 0.302 0.119 0.376 
254 NS_SS1227    (8)    5 :  0.253 0.229 0.391 0.127 
255 NS_SS1274    (8)    5 :  0.244 0.186 0.327 0.244 
256 NS_SS1241    (1)    5 :  0.162 0.375 0.280 0.183 
257 NS_SS1256    (3)    5 :  0.171 0.460 0.256 0.114 
258 NS_SS1260    (8)    5 :  0.211 0.225 0.419 0.145 
259 NS_SS1262    (0)    5 :  0.118 0.351 0.274 0.256 
260 NS_SS1230    (0)    5 :  0.221 0.257 0.291 0.232 
261 NS_SS1270    (2)    5 :  0.106 0.339 0.136 0.419 
262 NS_SS1229    (2)    5 :  0.481 0.327 0.126 0.066 
263 NS_SS1246    (5)    5 :  0.285 0.226 0.372 0.117 
264 NS_SS1269    (0)    5 :  0.293 0.224 0.189 0.294 
265 NS_SS1239    (1)    5 :  0.370 0.159 0.136 0.334 
266 NS_SS1272    (4)    5 :  0.147 0.512 0.186 0.155 
267 NS_SS1268    (1)    5 :  0.146 0.252 0.117 0.486 
268 NS_SS1249    (0)    5 :  0.269 0.139 0.487 0.105 
269 HI_SS0559    (0)    6 :  0.268 0.186 0.241 0.305 
270 HI_SS0563    (1)    6 :  0.196 0.332 0.226 0.246 
271 HI_SS0564    (0)    6 :  0.258 0.273 0.192 0.278 
272 HI_SS0565    (0)    6 :  0.157 0.399 0.293 0.151 
273 HI_SS0569    (0)    6 :  0.074 0.326 0.353 0.247 
274 HI_SS0570    (0)    6 :  0.207 0.121 0.460 0.211 
275 HI_SS0572    (1)    6 :  0.485 0.263 0.134 0.118 
276 HI_SS0576    (0)    6 :  0.273 0.145 0.139 0.443 
277 HI_SS0579    (1)    6 :  0.198 0.379 0.266 0.158 
278 HI_SS0580    (1)    6 :  0.309 0.134 0.358 0.199 
279 HI_SS0581    (0)    6 :  0.216 0.301 0.115 0.368 
280 HI_SS0583    (1)    6 :  0.267 0.176 0.439 0.119 
281 HI_SS0586    (1)    6 :  0.096 0.112 0.502 0.290 
282 HI_SS0588    (1)    6 :  0.199 0.247 0.338 0.217 
283 HI_SS0595    (4)    6 :  0.212 0.307 0.355 0.126 
284 HI_SS0596    (0)    6 :  0.574 0.148 0.118 0.160 
285 HI_SS0597    (1)    6 :  0.418 0.283 0.166 0.132 
286 HI_SS0600    (0)    6 :  0.214 0.281 0.313 0.192 
287 HI_SS0601    (1)    6 :  0.078 0.450 0.235 0.237 
288 HI_SS0602    (1)    6 :  0.180 0.103 0.339 0.378 
289 HI_SS0604    (0)    6 :  0.250 0.202 0.220 0.328 
290 HI_SS0605    (1)    6 :  0.223 0.139 0.296 0.342 
291 HI_SS0608    (0)    6 :  0.302 0.129 0.221 0.348 
292 HI_SS0609    (0)    6 :  0.247 0.459 0.128 0.166 
293 HI_SS0611    (5)    6 :  0.132 0.111 0.425 0.332 
294 HI_SS0612    (1)    6 :  0.235 0.484 0.199 0.082 
295 HI_SS0613    (1)    6 :  0.122 0.174 0.215 0.489 
296 HI_SS0615    (0)    6 :  0.434 0.183 0.103 0.280 
297 HI_SS0001    (1)    6 :  0.400 0.184 0.292 0.124 
298 HI_SS0002    (1)    6 :  0.260 0.432 0.113 0.195 
299 HI_SS0004    (0)    6 :  0.314 0.093 0.374 0.219 
300 HI_SS0005    (1)    6 :  0.141 0.163 0.182 0.514 
301 HI_SS0006    (1)    6 :  0.140 0.410 0.326 0.125 
302 HI_SS0007    (1)    6 :  0.156 0.086 0.306 0.452 
303 HI_SS0008    (0)    6 :  0.169 0.350 0.188 0.293 
304 HI_SS0009    (0)    6 :  0.358 0.121 0.120 0.400 
305 HI_SS0010    (1)    6 :  0.142 0.195 0.284 0.379 
306 HI_SS0011    (1)    6 :  0.121 0.489 0.131 0.259 
307 HI_SS0012    (0)    6 :  0.243 0.399 0.114 0.243 
308 HI_SS0017    (1)    6 :  0.571 0.126 0.142 0.161 
309 HI_SS0021    (1)    6 :  0.150 0.223 0.401 0.226 
310 HI_SS0024    (1)    6 :  0.317 0.208 0.155 0.320 
311 HI_SS0025    (1)    6 :  0.401 0.164 0.144 0.291 
312 HI_SS0027    (0)    6 :  0.168 0.192 0.322 0.318 
313 HI_SS0028    (0)    6 :  0.180 0.274 0.086 0.460 
314 HI_SS0029    (1)    6 :  0.343 0.136 0.277 0.244 
315 HI_SS0030    (2)    6 :  0.257 0.266 0.257 0.220 
316 HI_SS0031    (0)    6 :  0.278 0.432 0.167 0.124 
317 HI_SS0034    (0)    6 :  0.238 0.229 0.407 0.126 
318 HI_SS0036    (0)    6 :  0.159 0.118 0.465 0.258 
319 HI_SS0037    (1)    6 :  0.111 0.143 0.455 0.291 
320 HI_SS0039    (0)    6 :  0.116 0.163 0.322 0.399 
321 HI_SS0041    (1)    6 :  0.315 0.125 0.143 0.417 
322 HI_SS0042    (1)    6 :  0.339 0.257 0.133 0.271 
323 HI_SS0043    (1)    6 :  0.098 0.195 0.516 0.191 
324 HI_SS0044    (1)    6 :  0.447 0.101 0.312 0.140 
325 HI_SS0047    (1)    6 :  0.341 0.235 0.142 0.281 
326 HI_SS0049    (0)    6 :  0.450 0.178 0.166 0.206 
327 HI_SS0051    (1)    6 :  0.113 0.263 0.178 0.445 
328 HI_SS0053    (1)    6 :  0.175 0.264 0.436 0.125 
329 HI_SS0054    (4)    6 :  0.083 0.312 0.349 0.256 
330 HI_SS0057    (0)    6 :  0.191 0.207 0.167 0.435 
331 HI_SS0058    (0)    6 :  0.209 0.204 0.368 0.219 
332 HI_SS0060    (0)    6 :  0.136 0.287 0.180 0.398 
333 HI_SS0087    (1)    6 :  0.209 0.369 0.266 0.156 
334 HI_SS0091    (0)    6 :  0.124 0.297 0.494 0.084 
335 HI_SS0095    (1)    6 :  0.227 0.307 0.281 0.185 
336 HI_SS0097    (3)    6 :  0.144 0.507 0.156 0.193 
337 HI_SS0099    (0)    6 :  0.338 0.144 0.217 0.301 
338 HI_SS0103    (0)    6 :  0.375 0.310 0.194 0.121 
339 HI_SS0105    (1)    6 :  0.129 0.425 0.203 0.243 
340 HI_SS0107    (1)    6 :  0.526 0.252 0.094 0.128 
341 HI_SS0108    (1)    6 :  0.144 0.141 0.580 0.136 
342 HI_SS0110    (0)    6 :  0.271 0.359 0.260 0.110 
343 HI_SS0111    (1)    6 :  0.248 0.233 0.234 0.285 
344 HI_SS0112    (0)    6 :  0.165 0.136 0.538 0.160 
345 HI_SS0113    (1)    6 :  0.374 0.295 0.125 0.206 
346 HI_SS0114    (1)    6 :  0.105 0.169 0.368 0.357 
347 HI_SS0115    (1)    6 :  0.381 0.155 0.225 0.239 
348 HI_SS0116    (4)    6 :  0.366 0.123 0.400 0.111 
349 HI_SS0117    (0)    6 :  0.141 0.454 0.305 0.101 
350 HI_SS0118    (0)    6 :  0.188 0.300 0.372 0.139 
351 HI_SS0119    (1)    6 :  0.116 0.419 0.286 0.180 
352 HI_SS0120    (1)    6 :  0.534 0.244 0.113 0.109 
353 HI_SS0121    (1)    6 :  0.092 0.409 0.111 0.388 
354 HI_SS0122    (2)    6 :  0.201 0.273 0.253 0.274 
355 HI_SS0123    (0)    6 :  0.225 0.433 0.221 0.122 
356 HI_SS0124    (1)    6 :  0.474 0.137 0.098 0.291 
357 HI_SS0125    (1)    6 :  0.339 0.177 0.106 0.378 
358 HI_SS0126    (0)    6 :  0.297 0.126 0.449 0.128 
359 HI_SS0127    (0)    6 :  0.113 0.204 0.183 0.500 
360 HI_SS0128    (0)    6 :  0.390 0.282 0.193 0.135 
361 HI_SS0129    (1)    6 :  0.301 0.125 0.376 0.198 
362 HI_SS0131    (2)    6 :  0.088 0.226 0.304 0.382 
363 HI_SS0132    (0)    6 :  0.166 0.354 0.218 0.262 
364 HI_SS0133    (1)    6 :  0.180 0.122 0.544 0.155 
365 HI_SS0134    (1)    6 :  0.221 0.359 0.254 0.167 
366 HI_SS0142    (3)    6 :  0.128 0.462 0.182 0.229 
367 HI_SS0145    (0)    6 :  0.270 0.312 0.264 0.154 
368 HI_SS0146    (1)    6 :  0.182 0.269 0.296 0.252 
369 HI_SS0147    (1)    6 :  0.136 0.300 0.125 0.439 
370 HI_SS0149    (1)    6 :  0.122 0.518 0.216 0.144 
371 HI_SS0150    (2)    6 :  0.309 0.180 0.119 0.392 
372 HI_SS0151    (0)    6 :  0.394 0.146 0.234 0.227 
373 NS_SS1451    (1)    6 :  0.386 0.162 0.098 0.354 
374 NS_SS1404    (0)    6 :  0.185 0.174 0.191 0.449 
375 NS_SS1432    (2)    6 :  0.416 0.203 0.144 0.237 
376 NS_SS1405    (4)    6 :  0.377 0.156 0.239 0.228 
377 NS_SS1431   (10)    6 :  0.388 0.269 0.113 0.230 
378 NS_SS1402    (3)    6 :  0.246 0.357 0.265 0.132 
379 NS_SS1450    (3)    6 :  0.348 0.110 0.341 0.202 
380 NS_SS1396    (0)    6 :  0.223 0.255 0.223 0.299 
381 NS_SS1393    (5)    6 :  0.243 0.186 0.319 0.251 
382 NS_SS1392   (10)    6 :  0.493 0.086 0.152 0.268 
383 NS_SS1445    (0)    6 :  0.117 0.258 0.397 0.228 
384 NS_SS1423    (0)    6 :  0.284 0.314 0.292 0.110 
385 NS_SS1421    (9)    6 :  0.220 0.298 0.291 0.191 
386 NS_SS1411    (6)    6 :  0.129 0.088 0.339 0.444 
387 NS_SS1453    (5)    6 :  0.157 0.275 0.366 0.202 
388 NS_SS1442    (2)    6 :  0.223 0.293 0.209 0.276 
389 NS_SS1422    (1)    6 :  0.313 0.372 0.187 0.128 
390 NS_SS1419    (1)    6 :  0.128 0.300 0.155 0.417 
391 NS_SS1427    (0)    6 :  0.353 0.074 0.480 0.093 
392 NS_SS1444    (3)    6 :  0.230 0.205 0.170 0.396 
393 NS_SS1455    (0)    6 :  0.370 0.359 0.111 0.161 
394 NS_SS1425    (2)    6 :  0.098 0.214 0.487 0.201 
395 NS_SS1400    (0)    6 :  0.130 0.215 0.396 0.260 
396 NS_SS1406    (1)    6 :  0.174 0.560 0.090 0.177 
397 NS_SS1417    (6)    6 :  0.207 0.323 0.259 0.211 
398 NS_SS1454    (2)    6 :  0.133 0.259 0.342 0.267 
399 NS_SS1412    (1)    6 :  0.246 0.190 0.320 0.244 
400 NS_SS1438    (1)    6 :  0.095 0.202 0.437 0.266 
401 NS_SS1416    (4)    6 :  0.191 0.269 0.252 0.288 
402 NS_SS1401    (0)    6 :  0.224 0.340 0.276 0.160 
403 NS_SS1424    (6)    6 :  0.182 0.345 0.280 0.194 
404 NS_SS1435    (9)    6 :  0.344 0.128 0.210 0.319 
405 NS_SS1447    (4)    6 :  0.189 0.290 0.156 0.365 
406 NS_SS1414    (3)    6 :  0.220 0.198 0.141 0.441 
407 NS_SS1449   (14)    6 :  0.342 0.286 0.188 0.184 
408 NS_SS1443    (4)    6 :  0.295 0.256 0.360 0.089 
409 NS_SS1434    (1)    6 :  0.536 0.161 0.213 0.091 
410 NS_SS1398    (1)    6 :  0.395 0.136 0.189 0.279 
411 NS_SS1426    (1)    6 :  0.167 0.193 0.469 0.170 
412 NS_SS1413    (0)    6 :  0.316 0.202 0.344 0.139 
413 NS_SS1395    (1)    6 :  0.199 0.294 0.364 0.143 
414 NS_SS1448   (10)    6 :  0.250 0.097 0.283 0.371 
415 NS_SS1446    (0)    6 :  0.207 0.260 0.379 0.154 
416 NS_SS1403    (2)    6 :  0.259 0.323 0.199 0.219 
417 NS_SS1415    (0)    6 :  0.197 0.169 0.370 0.264 
418 NS_SS1437    (4)    6 :  0.220 0.323 0.195 0.262 
419 NS_SS1439    (2)    6 :  0.202 0.409 0.221 0.168 
420 NS_SS1441    (3)    6 :  0.301 0.217 0.349 0.132 
421 NS_SS1420    (2)    6 :  0.185 0.081 0.120 0.614 
422 NS_SS1394    (2)    6 :  0.214 0.184 0.134 0.468 
423 NS_SS1391    (7)    6 :  0.444 0.138 0.314 0.104 
424 NS_SS1410    (5)    6 :  0.253 0.232 0.339 0.175 
425 NS_SS1408    (1)    6 :  0.208 0.357 0.168 0.267 
426 NS_SS1409    (1)    6 :  0.438 0.173 0.289 0.099 
427 HI_SS0617    (1)    7 :  0.363 0.151 0.327 0.159 
428 HI_SS0618    (2)    7 :  0.310 0.173 0.174 0.343 
429 HI_SS0619    (0)    7 :  0.353 0.140 0.254 0.253 
430 HI_SS0620    (1)    7 :  0.170 0.102 0.451 0.277 
431 HI_SS0621    (3)    7 :  0.291 0.301 0.168 0.240 
432 HI_SS0622    (1)    7 :  0.222 0.315 0.211 0.252 
433 HI_SS0626    (0)    7 :  0.134 0.138 0.221 0.507 
434 HI_SS0627    (0)    7 :  0.299 0.301 0.174 0.227 
435 HI_SS0628    (3)    7 :  0.211 0.147 0.401 0.242 
436 HI_SS0629    (1)    7 :  0.136 0.302 0.295 0.267 
437 HI_SS0630    (1)    7 :  0.243 0.157 0.306 0.295 
438 HI_SS0631    (0)    7 :  0.184 0.165 0.289 0.362 
439 HI_SS0632    (0)    7 :  0.150 0.198 0.214 0.439 
440 HI_SS0633    (0)    7 :  0.518 0.142 0.188 0.152 
441 HI_SS0634    (1)    7 :  0.203 0.211 0.255 0.332 
442 HI_SS0635    (0)    7 :  0.236 0.219 0.151 0.395 
443 HI_SS0637    (1)    7 :  0.108 0.352 0.239 0.301 
444 HI_SS0638    (0)    7 :  0.308 0.205 0.232 0.255 
445 HI_SS0639    (1)    7 :  0.255 0.258 0.137 0.350 
446 HI_SS0640    (1)    7 :  0.248 0.296 0.188 0.269 
447 HI_SS0641    (1)    7 :  0.109 0.110 0.391 0.390 
448 HI_SS0642    (0)    7 :  0.249 0.421 0.131 0.200 
449 HI_SS0645    (0)    7 :  0.232 0.139 0.089 0.540 
450 HI_SS0646    (1)    7 :  0.391 0.307 0.195 0.106 
451 HI_SS0647    (1)    7 :  0.342 0.246 0.194 0.218 
452 HI_SS0648    (0)    7 :  0.257 0.241 0.211 0.290 
453 HI_SS0649    (1)    7 :  0.279 0.238 0.270 0.213 
454 HI_SS0650    (1)    7 :  0.545 0.149 0.145 0.160 
455 HI_SS0651    (1)    7 :  0.275 0.277 0.214 0.234 
456 HI_SS0652    (1)    7 :  0.268 0.109 0.126 0.497 
457 NS_SS1371    (3)    7 :  0.268 0.314 0.319 0.099 
458 NS_SS1374    (0)    7 :  0.187 0.167 0.386 0.260 
459 NS_SS1337    (3)    7 :  0.238 0.281 0.118 0.363 
460 NS_SS1385    (5)    7 :  0.366 0.304 0.197 0.133 
461 NS_SS1388    (0)    7 :  0.312 0.146 0.284 0.259 
462 NS_SS1370    (1)    7 :  0.099 0.139 0.096 0.666 
463 NS_SS1389    (3)    7 :  0.320 0.125 0.193 0.362 
464 NS_SS1360    (1)    7 :  0.122 0.211 0.309 0.359 
465 NS_SS1330    (0)    7 :  0.266 0.262 0.116 0.356 
466 NS_SS1328    (8)    7 :  0.432 0.159 0.322 0.086 
467 NS_SS1384    (1)    7 :  0.141 0.388 0.245 0.227 
468 NS_SS1381    (0)    7 :  0.558 0.197 0.095 0.150 
469 NS_SS1375    (1)    7 :  0.454 0.096 0.166 0.284 
470 NS_SS1319   (10)    7 :  0.274 0.229 0.242 0.256 
471 NS_SS1326    (2)    7 :  0.300 0.101 0.464 0.135 
472 NS_SS1341    (1)    7 :  0.125 0.363 0.338 0.173 
473 NS_SS1383    (1)    7 :  0.182 0.284 0.232 0.302 
474 NS_SS1318    (3)    7 :  0.241 0.177 0.213 0.369 
475 NS_SS1348    (2)    7 :  0.129 0.284 0.412 0.175 
476 NS_SS1363    (0)    7 :  0.199 0.298 0.162 0.341 
477 NS_SS1335    (4)    7 :  0.088 0.362 0.273 0.277 
478 NS_SS1358    (0)    7 :  0.160 0.432 0.257 0.151 
479 NS_SS1342    (1)    7 :  0.157 0.451 0.306 0.086 
480 NS_SS1320    (2)    7 :  0.616 0.212 0.058 0.113 
481 NS_SS1355    (1)    7 :  0.258 0.343 0.150 0.249 
482 NS_SS1345    (1)    7 :  0.173 0.529 0.093 0.204 
483 NS_SS1324    (0)    7 :  0.187 0.207 0.351 0.255 
484 NS_SS1347    (5)    7 :  0.224 0.390 0.202 0.184 
485 NS_SS1321    (4)    7 :  0.159 0.255 0.374 0.211 
486 NS_SS1333    (0)    7 :  0.213 0.207 0.398 0.182 
487 NS_SS1364    (1)    7 :  0.133 0.397 0.308 0.163 
488 NS_SS1379    (0)    7 :  0.351 0.239 0.179 0.231 
489 NS_SS1332    (0)    7 :  0.162 0.188 0.476 0.174 
490 NS_SS1338    (5)    7 :  0.125 0.179 0.296 0.401 
491 NS_SS1368    (6)    7 :  0.151 0.365 0.362 0.122 
492 NS_SS1354    (1)    7 :  0.193 0.410 0.197 0.200 
493 NS_SS1365    (0)    7 :  0.275 0.252 0.150 0.323 
494 NS_SS1380    (1)    7 :  0.178 0.393 0.129 0.299 
495 NS_SS1329    (8)    7 :  0.151 0.466 0.297 0.085 
496 NS_SS1362    (0)    7 :  0.287 0.327 0.224 0.162 
497 NS_SS1327    (2)    7 :  0.135 0.085 0.641 0.140 
498 NS_SS1350    (0)    7 :  0.525 0.110 0.279 0.086 
499 NS_SS1387    (2)    7 :  0.151 0.154 0.209 0.485 
500 NS_SS1369    (8)    7 :  0.142 0.287 0.330 0.242 
501 NS_SS1331    (1)    7 :  0.203 0.155 0.268 0.374 
502 NS_SS1357    (4)    7 :  0.543 0.127 0.259 0.071 
503 NS_SS1386    (1)    7 :  0.100 0.310 0.498 0.092 
504 NS_SS1353    (2)    7 :  0.457 0.199 0.202 0.141 
505 NS_SS1323    (0)    7 :  0.296 0.395 0.117 0.192 
506 HI_SS0296    (0)    8 :  0.205 0.121 0.320 0.355 
507 HI_SS0297    (0)    8 :  0.412 0.247 0.173 0.168 
508 HI_SS0299    (0)    8 :  0.184 0.314 0.246 0.256 
509 HI_SS0300    (0)    8 :  0.202 0.213 0.222 0.363 
510 HI_SS0301    (0)    8 :  0.074 0.252 0.166 0.507 
511 HI_SS0302    (0)    8 :  0.115 0.156 0.306 0.423 
512 HI_SS0303    (0)    8 :  0.301 0.175 0.392 0.132 
513 HI_SS0304    (0)    8 :  0.328 0.116 0.212 0.344 
514 HI_SS0306    (5)    8 :  0.158 0.142 0.381 0.319 
515 HI_SS0307    (1)    8 :  0.260 0.317 0.153 0.270 
516 HI_SS0308    (1)    8 :  0.143 0.359 0.158 0.340 
517 HI_SS0309    (0)    8 :  0.147 0.454 0.147 0.252 
518 HI_SS0310    (0)    8 :  0.331 0.174 0.234 0.261 
519 HI_SS0311    (3)    8 :  0.149 0.239 0.195 0.416 
520 HI_SS0314    (0)    8 :  0.435 0.185 0.226 0.154 
521 HI_SS0316    (1)    8 :  0.224 0.239 0.332 0.205 
522 HI_SS0317    (3)    8 :  0.179 0.302 0.193 0.327 
523 HI_SS0318    (1)    8 :  0.136 0.232 0.422 0.210 
524 HI_SS0319    (0)    8 :  0.159 0.201 0.539 0.101 
525 HI_SS0320    (3)    8 :  0.362 0.201 0.157 0.280 
526 HI_SS0321    (0)    8 :  0.239 0.274 0.323 0.164 
527 HI_SS0323    (1)    8 :  0.202 0.138 0.379 0.280 
528 HI_SS0325    (2)    8 :  0.132 0.164 0.343 0.361 
529 HI_SS0327    (1)    8 :  0.348 0.290 0.299 0.063 
530 HI_SS0329    (1)    8 :  0.257 0.187 0.182 0.373 
531 HI_SS0333    (1)    8 :  0.257 0.224 0.272 0.247 
532 HI_SS0334    (1)    8 :  0.133 0.285 0.372 0.210 
533 HI_SS0335    (1)    8 :  0.203 0.477 0.120 0.199 
534 HI_SS0339    (0)    8 :  0.201 0.294 0.153 0.352 
535 HI_SS0343    (2)    8 :  0.258 0.497 0.125 0.121 
536 HI_SS0344    (1)    8 :  0.147 0.142 0.591 0.120 
537 HI_SS0345    (3)    8 :  0.142 0.306 0.198 0.354 
538 HI_SS0346    (0)    8 :  0.189 0.243 0.298 0.270 
539 HI_SS0350    (1)    8 :  0.196 0.435 0.082 0.287 
540 HI_SS0351    (0)    8 :  0.140 0.535 0.177 0.149 
541 HI_SS0352    (3)    8 :  0.242 0.363 0.168 0.227 
542 HI_SS0362    (0)    8 :  0.156 0.145 0.197 0.501 
543 HI_SS0363    (1)    8 :  0.265 0.244 0.379 0.112 
544 HI_SS0365    (0)    8 :  0.248 0.272 0.347 0.133 
545 HI_SS0366    (0)    8 :  0.172 0.168 0.496 0.164 
546 HI_SS0367    (1)    8 :  0.325 0.307 0.140 0.228 
547 HI_SS0369    (1)    8 :  0.286 0.201 0.135 0.378 
548 HI_SS0370    (0)    8 :  0.504 0.208 0.201 0.087 
549 HI_SS0371    (4)    8 :  0.146 0.138 0.412 0.304 
550 HI_SS0373    (3)    8 :  0.320 0.165 0.242 0.272 
551 HI_SS0374    (0)    8 :  0.312 0.249 0.180 0.259 
552 HI_SS0377    (0)    8 :  0.103 0.459 0.214 0.225 
553 HI_SS0379    (1)    8 :  0.079 0.201 0.612 0.108 
554 HI_SS0380    (1)    8 :  0.274 0.308 0.180 0.238 
555 HI_SS0381    (2)    8 :  0.157 0.381 0.120 0.342 
556 HI_SS0384    (3)    8 :  0.380 0.124 0.338 0.158 
557 HI_SS0385    (1)    8 :  0.223 0.098 0.300 0.379 


Estimated Allele Frequencies in each cluster
First column gives estimated ancestral frequencies


Locus 1 : 
2 alleles
3.4% missing data
   1   (0.737) 0.764 0.765 0.726 0.698 
   2   (0.263) 0.236 0.235 0.274 0.302 

Locus 2 : 
2 alleles
4.3% missing data
   1   (0.885) 0.852 0.888 0.908 0.909 
   2   (0.115) 0.148 0.112 0.092 0.091 

Locus 3 : 
2 alleles
3.9% missing data
   1   (0.862) 0.861 0.883 0.866 0.859 
   2   (0.138) 0.139 0.117 0.134 0.141 

Locus 4 : 
2 alleles
2.7% missing data
   1   (0.885) 0.908 0.876 0.901 0.884 
   2   (0.115) 0.092 0.124 0.099 0.116 

Locus 5 : 
2 alleles
2.7% missing data
   1   (0.822) 0.811 0.854 0.806 0.828 
   2   (0.178) 0.189 0.146 0.194 0.172 

Locus 6 : 
2 alleles
3.2% missing data
   1   (0.790) 0.804 0.798 0.760 0.814 
   2   (0.210) 0.196 0.202 0.240 0.186 

Locus 7 : 
2 alleles
3.8% missing data
   1   (0.802) 0.841 0.807 0.791 0.789 
   2   (0.198) 0.159 0.193 0.209 0.211 

Locus 8 : 
2 alleles
4.8% missing data
   1   (0.705) 0.684 0.723 0.692 0.728 
   2   (0.295) 0.316 0.277 0.308 0.272 

Locus 9 : 
2 alleles
3.1% missing data
   1   (0.792) 0.807 0.806 0.751 0.814 
   2   (0.208) 0.193 0.194 0.249 0.186 

Locus 10 : 
2 alleles
4.7% missing data
   1   (0.888) 0.924 0.877 0.883 0.892 
   2   (0.112) 0.076 0.123 0.117 0.108 

Locus 11 : 
2 alleles
3.2% missing data
   1   (0.863) 0.890 0.888 0.829 0.856 
   2   (0.137) 0.110 0.112 0.171 0.144 

Locus 12 : 
2 alleles
4.8% missing data
   1   (0.730) 0.707 0.740 0.743 0.742 
   2   (0.270) 0.293 0.260 0.257 0.258 

Locus 13 : 
2 alleles
4.7% missing data
   1   (0.885) 0.907 0.895 0.879 0.881 
   2   (0.115) 0.093 0.105 0.121 0.119 

Locus 14 : 
2 alleles
3.9% missing data
   1   (0.874) 0.904 0.868 0.871 0.880 
   2   (0.126) 0.096 0.132 0.129 0.120 

Locus 15 : 
2 alleles
3.9% missing data
   1   (0.505) 0.484 0.497 0.527 0.514 
   2   (0.495) 0.516 0.503 0.473 0.486 

Locus 16 : 
2 alleles
4.3% missing data
   1   (0.606) 0.597 0.586 0.565 0.682 
   2   (0.394) 0.403 0.414 0.435 0.318 

Locus 17 : 
2 alleles
4.1% missing data
   1   (0.773) 0.760 0.788 0.757 0.801 
   2   (0.227) 0.240 0.212 0.243 0.199 

Locus 18 : 
2 alleles
2.3% missing data
   1   (0.892) 0.896 0.880 0.921 0.899 
   2   (0.108) 0.104 0.120 0.079 0.101 

Locus 19 : 
2 alleles
4.3% missing data
   1   (0.709) 0.704 0.709 0.690 0.747 
   2   (0.291) 0.296 0.291 0.310 0.253 

Locus 20 : 
2 alleles
3.2% missing data
   1   (0.883) 0.906 0.828 0.907 0.911 
   2   (0.117) 0.094 0.172 0.093 0.089 

Locus 21 : 
2 alleles
3.4% missing data
   1   (0.561) 0.564 0.620 0.472 0.574 
   2   (0.439) 0.436 0.380 0.528 0.426 

Locus 22 : 
2 alleles
4.8% missing data
   1   (0.854) 0.852 0.875 0.849 0.857 
   2   (0.146) 0.148 0.125 0.151 0.143 

Locus 23 : 
2 alleles
4.3% missing data
   1   (0.883) 0.847 0.917 0.888 0.889 
   2   (0.117) 0.153 0.083 0.112 0.111 

Locus 24 : 
2 alleles
3.2% missing data
   1   (0.543) 0.516 0.545 0.539 0.569 
   2   (0.457) 0.484 0.455 0.461 0.431 

Locus 25 : 
2 alleles
4.3% missing data
   2   (0.469) 0.499 0.428 0.489 0.469 
   1   (0.531) 0.501 0.572 0.511 0.531 

Locus 26 : 
2 alleles
4.3% missing data
   1   (0.839) 0.819 0.838 0.865 0.856 
   2   (0.161) 0.181 0.162 0.135 0.144 

Locus 27 : 
2 alleles
2.2% missing data
   1   (0.600) 0.574 0.584 0.639 0.612 
   2   (0.400) 0.426 0.416 0.361 0.388 

Locus 28 : 
2 alleles
4.1% missing data
   1   (0.860) 0.901 0.814 0.880 0.869 
   2   (0.140) 0.099 0.186 0.120 0.131 

Locus 29 : 
2 alleles
1.8% missing data
   1   (0.879) 0.883 0.901 0.883 0.872 
   2   (0.121) 0.117 0.099 0.117 0.128 

Locus 30 : 
2 alleles
4.5% missing data
   1   (0.865) 0.863 0.860 0.880 0.882 
   2   (0.135) 0.137 0.140 0.120 0.118 

Locus 31 : 
2 alleles
4.3% missing data
   1   (0.786) 0.814 0.751 0.802 0.803 
   2   (0.214) 0.186 0.249 0.198 0.197 

Locus 32 : 
2 alleles
2.0% missing data
   1   (0.733) 0.741 0.700 0.744 0.770 
   2   (0.267) 0.259 0.300 0.256 0.230 

Locus 33 : 
2 alleles
3.6% missing data
   1   (0.760) 0.817 0.736 0.737 0.768 
   2   (0.240) 0.183 0.264 0.263 0.232 

Locus 34 : 
2 alleles
3.6% missing data
   1   (0.809) 0.831 0.813 0.834 0.779 
   2   (0.191) 0.169 0.187 0.166 0.221 

Locus 35 : 
2 alleles
3.8% missing data
   1   (0.865) 0.881 0.853 0.900 0.852 
   2   (0.135) 0.119 0.147 0.100 0.148 

Locus 36 : 
2 alleles
2.9% missing data
   1   (0.757) 0.757 0.781 0.754 0.748 
   2   (0.243) 0.243 0.219 0.246 0.252 

Locus 37 : 
2 alleles
2.2% missing data
   1   (0.742) 0.740 0.777 0.719 0.738 
   2   (0.258) 0.260 0.223 0.281 0.262 

Locus 38 : 
2 alleles
1.4% missing data
   1   (0.871) 0.889 0.900 0.822 0.880 
   2   (0.129) 0.111 0.100 0.178 0.120 

Locus 39 : 
2 alleles
3.2% missing data
   1   (0.703) 0.696 0.702 0.751 0.677 
   2   (0.297) 0.304 0.298 0.249 0.323 

Locus 40 : 
2 alleles
3.8% missing data
   1   (0.571) 0.625 0.562 0.550 0.555 
   2   (0.429) 0.375 0.438 0.450 0.445 

Locus 41 : 
2 alleles
3.4% missing data
   1   (0.879) 0.881 0.861 0.884 0.915 
   2   (0.121) 0.119 0.139 0.116 0.085 

Locus 42 : 
2 alleles
4.5% missing data
   2   (0.234) 0.301 0.260 0.158 0.215 
   1   (0.766) 0.699 0.740 0.842 0.785 

Locus 43 : 
2 alleles
2.0% missing data
   1   (0.817) 0.836 0.818 0.814 0.822 
   2   (0.183) 0.164 0.182 0.186 0.178 

Locus 44 : 
2 alleles
4.7% missing data
   1   (0.583) 0.590 0.589 0.569 0.586 
   2   (0.417) 0.410 0.411 0.431 0.414 

Locus 45 : 
2 alleles
3.2% missing data
   1   (0.869) 0.881 0.838 0.878 0.904 
   2   (0.131) 0.119 0.162 0.122 0.096 

Locus 46 : 
2 alleles
2.3% missing data
   1   (0.779) 0.724 0.811 0.794 0.793 
   2   (0.221) 0.276 0.189 0.206 0.207 

Locus 47 : 
2 alleles
4.5% missing data
   1   (0.885) 0.873 0.900 0.893 0.894 
   2   (0.115) 0.127 0.100 0.107 0.106 

Locus 48 : 
2 alleles
4.5% missing data
   1   (0.815) 0.798 0.848 0.814 0.810 
   2   (0.185) 0.202 0.152 0.186 0.190 

Locus 49 : 
2 alleles
4.5% missing data
   1   (0.816) 0.805 0.778 0.837 0.863 
   2   (0.184) 0.195 0.222 0.163 0.137 

Locus 50 : 
2 alleles
3.4% missing data
   1   (0.658) 0.654 0.701 0.655 0.624 
   2   (0.342) 0.346 0.299 0.345 0.376 

Locus 51 : 
2 alleles
1.4% missing data
   1   (0.602) 0.583 0.633 0.608 0.582 
   2   (0.398) 0.417 0.367 0.392 0.418 

Locus 52 : 
2 alleles
4.1% missing data
   1   (0.657) 0.645 0.667 0.665 0.661 
   2   (0.343) 0.355 0.333 0.335 0.339 

Locus 53 : 
2 alleles
4.5% missing data
   1   (0.852) 0.882 0.884 0.818 0.831 
   2   (0.148) 0.118 0.116 0.182 0.169 

Locus 54 : 
2 alleles
3.8% missing data
   1   (0.862) 0.862 0.844 0.888 0.880 
   2   (0.138) 0.138 0.156 0.112 0.120 

Locus 55 : 
2 alleles
3.2% missing data
   1   (0.881) 0.847 0.894 0.888 0.911 
   2   (0.119) 0.153 0.106 0.112 0.089 

Locus 56 : 
2 alleles
3.2% missing data
   1   (0.797) 0.765 0.828 0.811 0.795 
   2   (0.203) 0.235 0.172 0.189 0.205 

Locus 57 : 
2 alleles
4.5% missing data
   1   (0.663) 0.661 0.683 0.682 0.631 
   2   (0.337) 0.339 0.317 0.318 0.369 

Locus 58 : 
2 alleles
4.1% missing data
   1   (0.840) 0.819 0.878 0.859 0.812 
   2   (0.160) 0.181 0.122 0.141 0.188 

Locus 59 : 
2 alleles
4.8% missing data
   1   (0.816) 0.811 0.799 0.862 0.817 
   2   (0.184) 0.189 0.201 0.138 0.183 

Locus 60 : 
2 alleles
2.5% missing data
   1   (0.858) 0.887 0.875 0.844 0.845 
   2   (0.142) 0.113 0.125 0.156 0.155 

Locus 61 : 
2 alleles
3.9% missing data
   1   (0.775) 0.782 0.759 0.775 0.807 
   2   (0.225) 0.218 0.241 0.225 0.193 

Locus 62 : 
2 alleles
2.0% missing data
   1   (0.840) 0.862 0.850 0.796 0.867 
   2   (0.160) 0.138 0.150 0.204 0.133 

Locus 63 : 
2 alleles
4.1% missing data
   1   (0.756) 0.756 0.771 0.742 0.769 
   2   (0.244) 0.244 0.229 0.258 0.231 

Locus 64 : 
2 alleles
3.2% missing data
   1   (0.872) 0.850 0.899 0.899 0.851 
