

----------------------------------------------------
STRUCTURE by Pritchard, Stephens and Donnelly (2000)
     and Falush, Stephens and Pritchard (2003)
       Code by Pritchard, Falush and Hubisz
             Version 2.3.4 (Jul 2012)
----------------------------------------------------



Command line arguments:   /home/genobiwan/Documents/Programs/Structure/structure -m parameter_job_k4_r6 
Input File:    /media/genobiwan/Storage/Projets/Mackerel_NWA_2021/data_job_k4_r6

Run parameters:
   557 individuals
   3930 loci
   4 populations assumed
   100000 Burn-in period
   200000 Reps


--------------------------------------------
Proportion of membership of each pre-defined
 population in each of the 4 clusters

Given    Inferred Clusters              Number of
 Pop       1      2      3      4      Individuals

  1:     0.225  0.241  0.259  0.275       67
  2:     0.215  0.304  0.258  0.223       32
  3:     0.229  0.228  0.270  0.273       92
  4:     0.277  0.242  0.228  0.253       36
  5:     0.265  0.233  0.235  0.268       41
  6:     0.260  0.246  0.246  0.248      158
  7:     0.247  0.252  0.253  0.248       79
  8:     0.262  0.225  0.257  0.256       52
--------------------------------------------

Allele-freq. divergence among pops (Net nucleotide distance),
computed using point estimates of P.

      1       2       3       4      
 1      -    0.0026  0.0025  0.0021  
 2   0.0026     -    0.0022  0.0020  
 3   0.0025  0.0022     -    0.0017  
 4   0.0021  0.0020  0.0017     -    

Average distances (expected heterozygosity) between individuals in same cluster:
cluster  1  : 0.3125 
cluster  2  : 0.3141 
cluster  3  : 0.3120 
cluster  4  : 0.3132 

--------------------------------------------
Estimated Ln Prob of Data   = -2069940.1
Mean value of ln likelihood = -2063299.4
Variance of ln likelihood   = 13281.4
Mean value of alpha         = 1.7416

Mean value of Fst_1         = 0.0247
Mean value of Fst_2         = 0.0238
Mean value of Fst_3         = 0.0227
Mean value of Fst_4         = 0.0193


Inferred ancestry of individuals:
        Label (%Miss) Pop:  Inferred clusters
  1 NS_SS0963    (4)    1 :  0.149 0.173 0.219 0.459 
  2 NS_SS0983    (1)    1 :  0.447 0.105 0.231 0.217 
  3 NS_SS0719    (8)    1 :  0.258 0.198 0.278 0.267 
  4 NS_SS1001    (8)    1 :  0.126 0.432 0.295 0.146 
  5 NS_SS0936    (4)    1 :  0.144 0.352 0.104 0.399 
  6 NS_SS0955    (5)    1 :  0.293 0.116 0.245 0.346 
  7 NS_SS0944    (3)    1 :  0.238 0.208 0.241 0.312 
  8 NS_SS0945    (3)    1 :  0.264 0.389 0.190 0.157 
  9 NS_SS0922    (2)    1 :  0.138 0.427 0.237 0.198 
 10 NS_SS0929    (7)    1 :  0.312 0.162 0.198 0.327 
 11 NS_SS0956    (2)    1 :  0.112 0.273 0.472 0.144 
 12 NS_SS0906    (3)    1 :  0.254 0.161 0.219 0.366 
 13 NS_SS0721    (6)    1 :  0.183 0.157 0.503 0.157 
 14 NS_SS0982    (4)    1 :  0.148 0.184 0.273 0.395 
 15 NS_SS0923    (5)    1 :  0.177 0.280 0.258 0.285 
 16 NS_SS0905    (6)    1 :  0.237 0.214 0.325 0.224 
 17 NS_SS0925    (3)    1 :  0.114 0.250 0.260 0.375 
 18 NS_SS0947    (5)    1 :  0.174 0.329 0.166 0.331 
 19 NS_SS0926    (2)    1 :  0.418 0.121 0.191 0.271 
 20 NS_SS0918    (6)    1 :  0.106 0.162 0.351 0.381 
 21 NS_SS0966    (4)    1 :  0.171 0.213 0.218 0.398 
 22 NS_SS0938    (2)    1 :  0.148 0.444 0.138 0.270 
 23 NS_SS0917    (2)    1 :  0.404 0.257 0.168 0.171 
 24 NS_SS0957   (11)    1 :  0.202 0.188 0.392 0.219 
 25 NS_SS0987    (1)    1 :  0.164 0.117 0.570 0.149 
 26 NS_SS0717    (4)    1 :  0.128 0.365 0.335 0.172 
 27 NS_SS0986    (2)    1 :  0.240 0.146 0.398 0.216 
 28 NS_SS0953    (4)    1 :  0.129 0.287 0.266 0.319 
 29 NS_SS0907    (3)    1 :  0.208 0.148 0.171 0.474 
 30 NS_SS0974    (6)    1 :  0.246 0.281 0.124 0.348 
 31 NS_SS0989    (1)    1 :  0.476 0.214 0.123 0.187 
 32 NS_SS0991    (2)    1 :  0.217 0.073 0.413 0.297 
 33 NS_SS0994    (2)    1 :  0.574 0.206 0.106 0.114 
 34 NS_SS0931    (6)    1 :  0.329 0.113 0.326 0.232 
 35 NS_SS1000    (5)    1 :  0.141 0.409 0.146 0.304 
 36 NS_SS0919    (1)    1 :  0.248 0.106 0.149 0.497 
 37 NS_SS0949    (3)    1 :  0.391 0.206 0.195 0.208 
 38 NS_SS0960   (10)    1 :  0.299 0.106 0.280 0.314 
 39 NS_SS0716    (2)    1 :  0.120 0.345 0.450 0.084 
 40 NS_SS0924    (8)    1 :  0.274 0.125 0.247 0.353 
 41 NS_SS0935    (1)    1 :  0.376 0.127 0.341 0.156 
 42 NS_SS0952   (13)    1 :  0.350 0.125 0.181 0.343 
 43 NS_SS0962   (10)    1 :  0.139 0.310 0.269 0.283 
 44 NS_SS0973    (5)    1 :  0.191 0.167 0.179 0.463 
 45 NS_SS0722    (1)    1 :  0.107 0.587 0.128 0.177 
 46 NS_SS0979   (13)    1 :  0.137 0.199 0.383 0.282 
 47 NS_SS0993    (2)    1 :  0.107 0.304 0.247 0.342 
 48 NS_SS0958    (1)    1 :  0.364 0.215 0.224 0.197 
 49 NS_SS0988    (4)    1 :  0.247 0.126 0.227 0.400 
 50 NS_SS1003    (2)    1 :  0.092 0.121 0.385 0.401 
 51 NS_SS0976    (0)    1 :  0.318 0.144 0.207 0.331 
 52 NS_SS0964   (10)    1 :  0.114 0.432 0.289 0.165 
 53 NS_SS0939    (4)    1 :  0.093 0.466 0.372 0.069 
 54 NS_SS0990    (6)    1 :  0.297 0.309 0.244 0.149 
 55 NS_SS0984    (2)    1 :  0.106 0.491 0.222 0.182 
 56 NS_SS0980    (9)    1 :  0.155 0.319 0.103 0.423 
 57 NS_SS0978    (4)    1 :  0.185 0.354 0.130 0.331 
 58 NS_SS0951   (17)    1 :  0.229 0.109 0.496 0.166 
 59 NS_SS0913    (3)    1 :  0.156 0.302 0.393 0.148 
 60 NS_SS1002    (1)    1 :  0.118 0.196 0.113 0.573 
 61 NS_SS0948    (1)    1 :  0.239 0.168 0.277 0.315 
 62 NS_SS0916    (4)    1 :  0.331 0.343 0.164 0.163 
 63 NS_SS0995    (1)    1 :  0.219 0.319 0.267 0.195 
 64 NS_SS0927    (6)    1 :  0.383 0.279 0.147 0.191 
 65 NS_SS0992    (5)    1 :  0.273 0.348 0.094 0.285 
 66 NS_SS0912    (1)    1 :  0.228 0.127 0.453 0.192 
 67 NS_SS0981    (1)    1 :  0.126 0.130 0.353 0.390 
 68 NS_SS0729    (5)    2 :  0.486 0.179 0.075 0.260 
 69 NS_SS0967   (14)    2 :  0.144 0.176 0.159 0.521 
 70 NS_SS0941    (7)    2 :  0.188 0.441 0.192 0.179 
 71 NS_SS0768   (12)    2 :  0.165 0.179 0.380 0.277 
 72 NS_SS0726    (4)    2 :  0.354 0.270 0.091 0.284 
 73 NS_SS0763    (4)    2 :  0.386 0.248 0.147 0.219 
 74 NS_SS0730    (6)    2 :  0.157 0.344 0.298 0.202 
 75 NS_SS0774    (1)    2 :  0.125 0.450 0.133 0.293 
 76 NS_SS0723    (3)    2 :  0.090 0.287 0.217 0.407 
 77 NS_SS0940    (9)    2 :  0.292 0.342 0.240 0.125 
 78 NS_SS0762    (1)    2 :  0.086 0.546 0.226 0.142 
 79 NS_SS0766   (11)    2 :  0.250 0.417 0.244 0.089 
 80 NS_SS0724    (1)    2 :  0.125 0.210 0.391 0.275 
 81 NS_SS0769    (3)    2 :  0.233 0.230 0.258 0.279 
 82 NS_SS0777    (2)    2 :  0.281 0.152 0.345 0.222 
 83 NS_SS0734    (6)    2 :  0.267 0.250 0.354 0.130 
 84 NS_SS0737    (3)    2 :  0.101 0.637 0.146 0.116 
 85 NS_SS0732    (5)    2 :  0.121 0.150 0.515 0.214 
 86 NS_SS0728    (5)    2 :  0.209 0.391 0.241 0.159 
 87 NS_SS0735    (9)    2 :  0.146 0.394 0.278 0.182 
 88 NS_SS0725    (1)    2 :  0.137 0.470 0.193 0.200 
 89 NS_SS0788    (2)    2 :  0.216 0.199 0.197 0.389 
 90 NS_SS0778    (2)    2 :  0.294 0.149 0.271 0.286 
 91 NS_SS0792    (6)    2 :  0.295 0.168 0.337 0.199 
 92 NS_SS0943   (11)    2 :  0.309 0.101 0.250 0.340 
 93 NS_SS0791    (2)    2 :  0.341 0.266 0.303 0.091 
 94 NS_SS0790    (5)    2 :  0.064 0.235 0.416 0.286 
 95 NS_SS0731    (6)    2 :  0.134 0.241 0.482 0.144 
 96 NS_SS0727    (6)    2 :  0.370 0.435 0.095 0.100 
 97 NS_SS0779   (12)    2 :  0.199 0.246 0.317 0.238 
 98 NS_SS0776    (3)    2 :  0.192 0.419 0.220 0.168 
 99 NS_SS0775    (5)    2 :  0.124 0.516 0.236 0.123 
100 NS_SS0965    (3)    3 :  0.139 0.122 0.416 0.323 
101 NS_SS0754   (13)    3 :  0.346 0.145 0.341 0.168 
102 NS_SS0838    (5)    3 :  0.250 0.284 0.182 0.285 
103 NS_SS0839    (3)    3 :  0.108 0.391 0.259 0.242 
104 NS_SS0832    (4)    3 :  0.066 0.225 0.296 0.413 
105 NS_SS0820    (4)    3 :  0.101 0.185 0.388 0.326 
106 NS_SS0886    (9)    3 :  0.321 0.180 0.310 0.189 
107 NS_SS0748    (5)    3 :  0.269 0.149 0.261 0.321 
108 NS_SS0884    (9)    3 :  0.240 0.244 0.198 0.317 
109 NS_SS0752    (3)    3 :  0.182 0.362 0.156 0.300 
110 NS_SS0862    (1)    3 :  0.102 0.157 0.518 0.222 
111 NS_SS0787    (9)    3 :  0.570 0.102 0.154 0.174 
112 NS_SS0843    (6)    3 :  0.215 0.219 0.260 0.307 
113 NS_SS0856    (4)    3 :  0.254 0.426 0.168 0.153 
114 NS_SS0846    (2)    3 :  0.237 0.197 0.088 0.478 
115 NS_SS0825    (1)    3 :  0.224 0.151 0.266 0.359 
116 NS_SS0757    (3)    3 :  0.244 0.162 0.343 0.251 
117 NS_SS0876    (3)    3 :  0.183 0.334 0.249 0.234 
118 NS_SS0903    (9)    3 :  0.116 0.310 0.115 0.459 
119 NS_SS0875    (7)    3 :  0.213 0.261 0.356 0.170 
120 NS_SS0740    (5)    3 :  0.190 0.274 0.264 0.273 
121 NS_SS0811    (5)    3 :  0.100 0.202 0.550 0.147 
122 NS_SS0751    (1)    3 :  0.195 0.384 0.230 0.191 
123 NS_SS0891    (6)    3 :  0.205 0.367 0.214 0.214 
124 NS_SS0867    (2)    3 :  0.218 0.082 0.213 0.487 
125 NS_SS0890    (6)    3 :  0.229 0.275 0.231 0.266 
126 NS_SS0866   (11)    3 :  0.561 0.170 0.138 0.132 
127 NS_SS0755    (4)    3 :  0.192 0.189 0.306 0.313 
128 NS_SS0758    (4)    3 :  0.227 0.337 0.207 0.228 
129 NS_SS0840    (2)    3 :  0.083 0.240 0.242 0.435 
130 NS_SS0889    (4)    3 :  0.388 0.118 0.335 0.159 
131 NS_SS1010    (1)    3 :  0.195 0.162 0.210 0.433 
132 NS_SS0888    (5)    3 :  0.500 0.225 0.161 0.113 
133 NS_SS0837    (3)    3 :  0.108 0.139 0.402 0.351 
134 NS_SS0794    (9)    3 :  0.402 0.295 0.197 0.106 
135 NS_SS0823    (4)    3 :  0.114 0.357 0.175 0.355 
136 NS_SS0829    (7)    3 :  0.386 0.078 0.346 0.190 
137 NS_SS0844    (5)    3 :  0.086 0.115 0.174 0.625 
138 NS_SS1008    (5)    3 :  0.340 0.354 0.177 0.130 
139 NS_SS0881    (3)    3 :  0.298 0.210 0.256 0.235 
140 NS_SS0834    (6)    3 :  0.127 0.534 0.146 0.193 
141 NS_SS0744   (10)    3 :  0.251 0.197 0.217 0.335 
142 NS_SS0899    (7)    3 :  0.091 0.200 0.521 0.188 
143 NS_SS0804    (4)    3 :  0.080 0.235 0.351 0.334 
144 NS_SS0781   (10)    3 :  0.096 0.265 0.226 0.413 
145 NS_SS0822    (6)    3 :  0.236 0.314 0.215 0.235 
146 NS_SS1004    (4)    3 :  0.157 0.182 0.210 0.452 
147 NS_SS0746    (5)    3 :  0.206 0.222 0.158 0.414 
148 NS_SS0880    (3)    3 :  0.145 0.261 0.184 0.410 
149 NS_SS0879    (4)    3 :  0.164 0.350 0.235 0.251 
150 NS_SS0753    (2)    3 :  0.291 0.107 0.366 0.236 
151 NS_SS1007    (2)    3 :  0.225 0.476 0.125 0.173 
152 NS_SS0872    (5)    3 :  0.153 0.320 0.202 0.324 
153 NS_SS1005    (7)    3 :  0.121 0.249 0.148 0.481 
154 NS_SS0892    (6)    3 :  0.233 0.274 0.272 0.220 
155 NS_SS0898    (0)    3 :  0.276 0.188 0.296 0.240 
156 NS_SS0801    (9)    3 :  0.183 0.138 0.437 0.243 
157 NS_SS0827    (8)    3 :  0.251 0.097 0.448 0.204 
158 NS_SS0853    (6)    3 :  0.258 0.131 0.467 0.143 
159 NS_SS0780    (2)    3 :  0.147 0.270 0.329 0.254 
160 NS_SS0826   (10)    3 :  0.172 0.093 0.180 0.555 
161 NS_SS0818    (5)    3 :  0.089 0.342 0.309 0.259 
162 NS_SS0745    (1)    3 :  0.079 0.527 0.318 0.075 
163 NS_SS0849    (3)    3 :  0.136 0.103 0.551 0.210 
164 NS_SS0739    (3)    3 :  0.243 0.264 0.328 0.165 
165 NS_SS0799    (1)    3 :  0.336 0.274 0.228 0.163 
166 NS_SS0756    (2)    3 :  0.093 0.147 0.269 0.492 
167 NS_SS0802    (2)    3 :  0.308 0.267 0.131 0.294 
168 NS_SS0747    (6)    3 :  0.200 0.207 0.188 0.405 
169 NS_SS0835    (1)    3 :  0.512 0.149 0.103 0.236 
170 NS_SS0742   (18)    3 :  0.188 0.233 0.265 0.315 
171 NS_SS0760    (9)    3 :  0.449 0.182 0.184 0.184 
172 NS_SS0803    (4)    3 :  0.110 0.237 0.151 0.502 
173 NS_SS0828   (13)    3 :  0.202 0.182 0.438 0.178 
174 NS_SS0865    (2)    3 :  0.231 0.105 0.299 0.365 
175 NS_SS0759    (4)    3 :  0.102 0.357 0.343 0.198 
176 NS_SS0851    (5)    3 :  0.105 0.190 0.559 0.147 
177 NS_SS0874   (16)    3 :  0.121 0.215 0.198 0.466 
178 NS_SS0761    (6)    3 :  0.386 0.098 0.288 0.228 
179 NS_SS0842   (25)    3 :  0.299 0.236 0.236 0.228 
180 NS_SS0785    (6)    3 :  0.305 0.173 0.206 0.315 
181 NS_SS0860   (11)    3 :  0.512 0.130 0.121 0.237 
182 NS_SS0897    (7)    3 :  0.519 0.139 0.228 0.115 
183 NS_SS0841   (14)    3 :  0.098 0.286 0.410 0.205 
184 NS_SS0797    (6)    3 :  0.300 0.102 0.369 0.228 
185 NS_SS0830   (10)    3 :  0.222 0.156 0.350 0.272 
186 NS_SS1011    (5)    3 :  0.109 0.157 0.221 0.514 
187 NS_SS0883    (5)    3 :  0.288 0.136 0.393 0.183 
188 NS_SS0782    (2)    3 :  0.288 0.403 0.158 0.151 
189 NS_SS0831    (5)    3 :  0.398 0.094 0.380 0.128 
190 NS_SS0749    (7)    3 :  0.257 0.246 0.362 0.135 
191 NS_SS0854    (2)    3 :  0.289 0.362 0.172 0.177 
192 HI_SS0193    (0)    4 :  0.340 0.291 0.243 0.126 
193 HI_SS0194    (0)    4 :  0.135 0.520 0.128 0.218 
194 HI_SS0195    (9)    4 :  0.090 0.253 0.466 0.191 
195 HI_SS0196    (6)    4 :  0.257 0.436 0.162 0.145 
196 HI_SS0197    (3)    4 :  0.192 0.272 0.120 0.416 
197 HI_SS0198    (1)    4 :  0.278 0.163 0.367 0.191 
198 HI_SS0199    (1)    4 :  0.393 0.339 0.114 0.154 
199 HI_SS0201    (4)    4 :  0.428 0.067 0.223 0.282 
200 HI_SS0215    (1)    4 :  0.438 0.082 0.217 0.264 
201 HI_SS0218    (1)    4 :  0.539 0.195 0.183 0.082 
202 HI_SS0222    (0)    4 :  0.233 0.307 0.312 0.148 
203 HI_SS0230    (1)    4 :  0.174 0.149 0.329 0.349 
204 HI_SS0234    (1)    4 :  0.245 0.378 0.087 0.290 
205 HI_SS0240    (1)    4 :  0.218 0.484 0.169 0.128 
206 HI_SS0241    (0)    4 :  0.409 0.158 0.198 0.235 
207 HI_SS0242    (0)    4 :  0.259 0.197 0.257 0.287 
208 HI_SS0247    (0)    4 :  0.158 0.134 0.258 0.450 
209 HI_SS0248    (1)    4 :  0.402 0.326 0.119 0.152 
210 HI_SS0252    (2)    4 :  0.146 0.392 0.271 0.191 
211 HI_SS0254    (1)    4 :  0.284 0.178 0.174 0.364 
212 HI_SS0256    (0)    4 :  0.049 0.295 0.208 0.448 
213 HI_SS0257    (0)    4 :  0.409 0.173 0.088 0.330 
214 HI_SS0258    (1)    4 :  0.396 0.184 0.259 0.162 
215 HI_SS0259    (1)    4 :  0.164 0.406 0.195 0.235 
216 HI_SS0260    (1)    4 :  0.438 0.288 0.119 0.155 
217 HI_SS0261    (2)    4 :  0.268 0.270 0.121 0.341 
218 HI_SS0262    (0)    4 :  0.201 0.217 0.352 0.230 
219 HI_SS0264    (1)    4 :  0.150 0.230 0.356 0.264 
220 HI_SS0265    (0)    4 :  0.178 0.172 0.331 0.319 
221 HI_SS0268    (1)    4 :  0.300 0.237 0.319 0.144 
222 HI_SS0269    (1)    4 :  0.544 0.126 0.075 0.255 
223 HI_SS0273    (0)    4 :  0.338 0.121 0.158 0.383 
224 HI_SS0277    (1)    4 :  0.152 0.121 0.204 0.523 
225 HI_SS0280    (0)    4 :  0.201 0.260 0.415 0.125 
226 HI_SS0282    (1)    4 :  0.281 0.161 0.241 0.317 
227 HI_SS0286    (1)    4 :  0.288 0.139 0.374 0.200 
228 NS_SS1252    (3)    5 :  0.555 0.138 0.184 0.122 
229 NS_SS1261    (1)    5 :  0.263 0.198 0.231 0.307 
230 NS_SS1225    (9)    5 :  0.299 0.099 0.168 0.435 
231 NS_SS1266    (1)    5 :  0.077 0.185 0.204 0.533 
232 NS_SS1228    (0)    5 :  0.174 0.185 0.502 0.138 
233 NS_SS1255    (2)    5 :  0.188 0.568 0.097 0.148 
234 NS_SS1267    (3)    5 :  0.621 0.113 0.177 0.089 
235 NS_SS1238    (6)    5 :  0.232 0.215 0.351 0.202 
236 NS_SS1233    (8)    5 :  0.104 0.158 0.328 0.410 
237 NS_SS1277    (3)    5 :  0.395 0.350 0.171 0.085 
238 NS_SS1245    (1)    5 :  0.241 0.264 0.156 0.339 
239 NS_SS1240    (4)    5 :  0.626 0.130 0.114 0.130 
240 NS_SS1275    (2)    5 :  0.093 0.261 0.266 0.380 
241 NS_SS1235    (1)    5 :  0.170 0.415 0.070 0.345 
242 NS_SS1263    (1)    5 :  0.115 0.379 0.208 0.298 
243 NS_SS1251    (1)    5 :  0.134 0.251 0.182 0.433 
244 NS_SS1248    (0)    5 :  0.147 0.093 0.665 0.094 
245 NS_SS1244    (0)    5 :  0.208 0.122 0.184 0.486 
246 NS_SS1257    (0)    5 :  0.431 0.224 0.206 0.139 
247 NS_SS1242    (2)    5 :  0.118 0.417 0.220 0.246 
248 NS_SS1271    (6)    5 :  0.559 0.135 0.166 0.140 
249 NS_SS1265    (1)    5 :  0.421 0.155 0.188 0.235 
250 NS_SS1243    (0)    5 :  0.153 0.308 0.431 0.108 
251 NS_SS1273    (1)    5 :  0.110 0.460 0.217 0.213 
252 NS_SS1254   (14)    5 :  0.145 0.233 0.258 0.364 
253 NS_SS1224    (1)    5 :  0.120 0.203 0.370 0.307 
254 NS_SS1227    (8)    5 :  0.410 0.238 0.117 0.235 
255 NS_SS1274    (8)    5 :  0.340 0.239 0.237 0.184 
256 NS_SS1241    (1)    5 :  0.302 0.153 0.182 0.363 
257 NS_SS1256    (3)    5 :  0.250 0.158 0.112 0.480 
258 NS_SS1260    (8)    5 :  0.455 0.182 0.144 0.220 
259 NS_SS1262    (0)    5 :  0.296 0.103 0.264 0.336 
260 NS_SS1230    (0)    5 :  0.285 0.224 0.237 0.255 
261 NS_SS1270    (2)    5 :  0.114 0.097 0.445 0.344 
262 NS_SS1229    (2)    5 :  0.134 0.457 0.068 0.341 
263 NS_SS1246    (5)    5 :  0.381 0.276 0.119 0.225 
264 NS_SS1269    (0)    5 :  0.194 0.294 0.286 0.226 
265 NS_SS1239    (1)    5 :  0.151 0.369 0.332 0.149 
266 NS_SS1272    (4)    5 :  0.190 0.142 0.153 0.515 
267 NS_SS1268    (1)    5 :  0.109 0.142 0.504 0.244 
268 NS_SS1249    (0)    5 :  0.534 0.234 0.101 0.131 
269 HI_SS0559    (0)    6 :  0.223 0.270 0.323 0.183 
270 HI_SS0563    (1)    6 :  0.227 0.192 0.241 0.340 
271 HI_SS0564    (0)    6 :  0.169 0.258 0.298 0.275 
272 HI_SS0565    (0)    6 :  0.277 0.157 0.157 0.409 
273 HI_SS0569    (0)    6 :  0.329 0.065 0.246 0.360 
274 HI_SS0570    (0)    6 :  0.455 0.192 0.241 0.111 
275 HI_SS0572    (1)    6 :  0.134 0.496 0.109 0.261 
276 HI_SS0576    (0)    6 :  0.129 0.287 0.441 0.143 
277 HI_SS0579    (1)    6 :  0.243 0.179 0.169 0.409 
278 HI_SS0580    (1)    6 :  0.376 0.319 0.181 0.123 
279 HI_SS0581    (0)    6 :  0.112 0.228 0.383 0.277 
280 HI_SS0583    (1)    6 :  0.444 0.257 0.101 0.198 
281 HI_SS0586    (1)    6 :  0.487 0.100 0.312 0.102 
282 HI_SS0588    (1)    6 :  0.340 0.184 0.231 0.245 
283 HI_SS0595    (4)    6 :  0.373 0.201 0.116 0.310 
284 HI_SS0596    (0)    6 :  0.117 0.613 0.137 0.133 
285 HI_SS0597    (1)    6 :  0.147 0.437 0.121 0.295 
286 HI_SS0600    (0)    6 :  0.358 0.188 0.190 0.264 
287 HI_SS0601    (1)    6 :  0.221 0.073 0.249 0.457 
288 HI_SS0602    (1)    6 :  0.314 0.186 0.402 0.097 
289 HI_SS0604    (0)    6 :  0.192 0.247 0.359 0.202 
290 HI_SS0605    (1)    6 :  0.278 0.201 0.385 0.136 
291 HI_SS0608    (0)    6 :  0.192 0.348 0.329 0.132 
292 HI_SS0609    (0)    6 :  0.130 0.254 0.147 0.469 
293 HI_SS0611    (5)    6 :  0.413 0.127 0.357 0.103 
294 HI_SS0612    (1)    6 :  0.222 0.195 0.071 0.511 
295 HI_SS0613    (1)    6 :  0.205 0.124 0.509 0.162 
296 HI_SS0615    (0)    6 :  0.102 0.458 0.274 0.166 
297 HI_SS0001    (1)    6 :  0.320 0.399 0.109 0.172 
298 HI_SS0002    (1)    6 :  0.106 0.256 0.178 0.461 
299 HI_SS0004    (0)    6 :  0.372 0.311 0.226 0.090 
300 HI_SS0005    (1)    6 :  0.178 0.141 0.524 0.157 
301 HI_SS0006    (1)    6 :  0.336 0.128 0.121 0.415 
302 HI_SS0007    (1)    6 :  0.308 0.135 0.473 0.083 
303 HI_SS0008    (0)    6 :  0.174 0.167 0.311 0.348 
304 HI_SS0009    (0)    6 :  0.109 0.365 0.412 0.113 
305 HI_SS0010    (1)    6 :  0.275 0.150 0.392 0.183 
306 HI_SS0011    (1)    6 :  0.122 0.120 0.249 0.509 
307 HI_SS0012    (0)    6 :  0.126 0.239 0.236 0.398 
308 HI_SS0017    (1)    6 :  0.143 0.592 0.143 0.122 
309 HI_SS0021    (1)    6 :  0.396 0.167 0.222 0.215 
310 HI_SS0024    (1)    6 :  0.160 0.337 0.310 0.194 
311 HI_SS0025    (1)    6 :  0.136 0.434 0.270 0.161 
312 HI_SS0027    (0)    6 :  0.308 0.154 0.341 0.197 
313 HI_SS0028    (0)    6 :  0.088 0.192 0.433 0.287 
314 HI_SS0029    (1)    6 :  0.273 0.394 0.205 0.128 
315 HI_SS0030    (2)    6 :  0.262 0.238 0.236 0.264 
316 HI_SS0031    (0)    6 :  0.196 0.247 0.112 0.445 
317 HI_SS0034    (0)    6 :  0.404 0.196 0.136 0.264 
318 HI_SS0036    (0)    6 :  0.473 0.151 0.276 0.101 
319 HI_SS0037    (1)    6 :  0.437 0.129 0.303 0.131 
320 HI_SS0039    (0)    6 :  0.330 0.119 0.403 0.147 
321 HI_SS0041    (1)    6 :  0.133 0.319 0.428 0.120 
322 HI_SS0042    (1)    6 :  0.132 0.353 0.262 0.253 
323 HI_SS0043    (1)    6 :  0.511 0.089 0.214 0.186 
324 HI_SS0044    (1)    6 :  0.337 0.465 0.107 0.091 
325 HI_SS0047    (1)    6 :  0.144 0.324 0.290 0.242 
326 HI_SS0049    (0)    6 :  0.144 0.475 0.202 0.179 
327 HI_SS0051    (1)    6 :  0.161 0.101 0.471 0.267 
328 HI_SS0053    (1)    6 :  0.446 0.154 0.129 0.271 
329 HI_SS0054    (4)    6 :  0.326 0.077 0.286 0.311 
330 HI_SS0057    (0)    6 :  0.146 0.202 0.452 0.200 
331 HI_SS0058    (0)    6 :  0.367 0.213 0.226 0.194 
332 HI_SS0060    (0)    6 :  0.163 0.124 0.438 0.275 
333 HI_SS0087    (1)    6 :  0.245 0.194 0.171 0.390 
334 HI_SS0091    (0)    6 :  0.519 0.113 0.085 0.283 
335 HI_SS0095    (1)    6 :  0.294 0.191 0.201 0.315 
336 HI_SS0097    (3)    6 :  0.142 0.128 0.188 0.542 
337 HI_SS0099    (0)    6 :  0.206 0.392 0.268 0.133 
338 HI_SS0103    (0)    6 :  0.200 0.368 0.111 0.320 
339 HI_SS0105    (1)    6 :  0.197 0.117 0.252 0.433 
340 HI_SS0107    (1)    6 :  0.090 0.549 0.116 0.245 
341 HI_SS0108    (1)    6 :  0.595 0.118 0.151 0.136 
342 HI_SS0110    (0)    6 :  0.291 0.250 0.104 0.355 
343 HI_SS0111    (1)    6 :  0.250 0.228 0.290 0.232 
344 HI_SS0112    (0)    6 :  0.542 0.159 0.159 0.141 
345 HI_SS0113    (1)    6 :  0.116 0.418 0.187 0.279 
346 HI_SS0114    (1)    6 :  0.355 0.096 0.379 0.169 
347 HI_SS0115    (1)    6 :  0.241 0.377 0.235 0.147 
348 HI_SS0116    (4)    6 :  0.400 0.382 0.096 0.121 
349 HI_SS0117    (0)    6 :  0.313 0.130 0.098 0.459 
350 HI_SS0118    (0)    6 :  0.378 0.188 0.129 0.304 
351 HI_SS0119    (1)    6 :  0.296 0.108 0.174 0.423 
352 HI_SS0120    (1)    6 :  0.110 0.550 0.098 0.242 
353 HI_SS0121    (1)    6 :  0.110 0.092 0.370 0.428 
354 HI_SS0122    (2)    6 :  0.274 0.200 0.268 0.258 
355 HI_SS0123    (0)    6 :  0.211 0.230 0.111 0.448 
356 HI_SS0124    (1)    6 :  0.101 0.520 0.245 0.134 
357 HI_SS0125    (1)    6 :  0.127 0.347 0.357 0.169 
358 HI_SS0126    (0)    6 :  0.483 0.289 0.110 0.118 
359 HI_SS0127    (0)    6 :  0.167 0.110 0.532 0.191 
360 HI_SS0128    (0)    6 :  0.207 0.385 0.123 0.285 
361 HI_SS0129    (1)    6 :  0.374 0.291 0.211 0.123 
362 HI_SS0131    (2)    6 :  0.275 0.088 0.408 0.229 
363 HI_SS0132    (0)    6 :  0.232 0.167 0.244 0.357 
364 HI_SS0133    (1)    6 :  0.564 0.161 0.162 0.113 
365 HI_SS0134    (1)    6 :  0.253 0.201 0.166 0.380 
366 HI_SS0142    (3)    6 :  0.188 0.118 0.219 0.475 
367 HI_SS0145    (0)    6 :  0.261 0.272 0.148 0.319 
368 HI_SS0146    (1)    6 :  0.327 0.157 0.246 0.270 
369 HI_SS0147    (1)    6 :  0.119 0.134 0.458 0.289 
370 HI_SS0149    (1)    6 :  0.225 0.121 0.133 0.520 
371 HI_SS0150    (2)    6 :  0.123 0.321 0.381 0.176 
372 HI_SS0151    (0)    6 :  0.257 0.356 0.242 0.145 
373 NS_SS1451    (1)    6 :  0.108 0.418 0.323 0.151 
374 NS_SS1404    (0)    6 :  0.191 0.199 0.446 0.164 
375 NS_SS1432    (2)    6 :  0.143 0.465 0.216 0.176 
376 NS_SS1405    (4)    6 :  0.227 0.410 0.219 0.144 
377 NS_SS1431   (10)    6 :  0.111 0.423 0.195 0.271 
378 NS_SS1402    (3)    6 :  0.280 0.233 0.126 0.362 
379 NS_SS1450    (3)    6 :  0.344 0.336 0.208 0.112 
380 NS_SS1396    (0)    6 :  0.214 0.225 0.302 0.259 
381 NS_SS1393    (5)    6 :  0.345 0.230 0.252 0.173 
382 NS_SS1392   (10)    6 :  0.161 0.492 0.264 0.083 
383 NS_SS1445    (0)    6 :  0.375 0.112 0.250 0.263 
384 NS_SS1423    (0)    6 :  0.326 0.270 0.109 0.295 
385 NS_SS1421    (9)    6 :  0.276 0.210 0.212 0.302 
386 NS_SS1411    (6)    6 :  0.308 0.125 0.482 0.085 
387 NS_SS1453    (5)    6 :  0.383 0.149 0.204 0.264 
388 NS_SS1442    (2)    6 :  0.184 0.217 0.279 0.320 
389 NS_SS1422    (1)    6 :  0.205 0.283 0.122 0.390 
390 NS_SS1419    (1)    6 :  0.145 0.123 0.406 0.327 
391 NS_SS1427    (0)    6 :  0.523 0.314 0.089 0.073 
392 NS_SS1444    (3)    6 :  0.158 0.242 0.399 0.201 
393 NS_SS1455    (0)    6 :  0.103 0.394 0.137 0.366 
394 NS_SS1425    (2)    6 :  0.464 0.087 0.225 0.225 
395 NS_SS1400    (0)    6 :  0.361 0.130 0.266 0.243 
396 NS_SS1406    (1)    6 :  0.082 0.183 0.157 0.577 
397 NS_SS1417    (6)    6 :  0.229 0.214 0.219 0.337 
398 NS_SS1454    (2)    6 :  0.339 0.150 0.261 0.250 
399 NS_SS1412    (1)    6 :  0.317 0.249 0.245 0.188 
400 NS_SS1438    (1)    6 :  0.418 0.075 0.290 0.218 
401 NS_SS1416    (4)    6 :  0.242 0.204 0.269 0.285 
402 NS_SS1401    (0)    6 :  0.289 0.223 0.151 0.337 
403 NS_SS1424    (6)    6 :  0.265 0.169 0.198 0.367 
404 NS_SS1435    (9)    6 :  0.219 0.341 0.318 0.121 
405 NS_SS1447    (4)    6 :  0.126 0.190 0.373 0.311 
406 NS_SS1414    (3)    6 :  0.113 0.256 0.423 0.209 
407 NS_SS1449   (14)    6 :  0.208 0.326 0.187 0.279 
408 NS_SS1443    (4)    6 :  0.399 0.255 0.081 0.265 
409 NS_SS1434    (1)    6 :  0.236 0.520 0.086 0.159 
410 NS_SS1398    (1)    6 :  0.187 0.425 0.256 0.132 
411 NS_SS1426    (1)    6 :  0.457 0.155 0.196 0.192 
412 NS_SS1413    (0)    6 :  0.324 0.332 0.139 0.206 
413 NS_SS1395    (1)    6 :  0.391 0.168 0.146 0.295 
414 NS_SS1448   (10)    6 :  0.277 0.246 0.380 0.096 
415 NS_SS1446    (0)    6 :  0.417 0.176 0.157 0.251 
416 NS_SS1403    (2)    6 :  0.210 0.267 0.206 0.317 
417 NS_SS1415    (0)    6 :  0.369 0.192 0.269 0.170 
418 NS_SS1437    (4)    6 :  0.186 0.230 0.263 0.322 
419 NS_SS1439    (2)    6 :  0.229 0.177 0.164 0.430 
420 NS_SS1441    (3)    6 :  0.364 0.294 0.117 0.226 
421 NS_SS1420    (2)    6 :  0.111 0.188 0.626 0.075 
422 NS_SS1394    (2)    6 :  0.121 0.244 0.463 0.172 
423 NS_SS1391    (7)    6 :  0.324 0.441 0.103 0.133 
424 NS_SS1410    (5)    6 :  0.357 0.233 0.172 0.238 
425 NS_SS1408    (1)    6 :  0.163 0.184 0.265 0.388 
426 NS_SS1409    (1)    6 :  0.300 0.436 0.089 0.175 
427 HI_SS0617    (1)    7 :  0.367 0.338 0.152 0.142 
428 HI_SS0618    (2)    7 :  0.166 0.333 0.328 0.174 
429 HI_SS0619    (0)    7 :  0.249 0.392 0.233 0.126 
430 HI_SS0620    (1)    7 :  0.456 0.148 0.295 0.100 
431 HI_SS0621    (3)    7 :  0.168 0.302 0.222 0.307 
432 HI_SS0622    (1)    7 :  0.201 0.230 0.239 0.330 
433 HI_SS0626    (0)    7 :  0.202 0.132 0.536 0.130 
434 HI_SS0627    (0)    7 :  0.166 0.314 0.227 0.293 
435 HI_SS0628    (3)    7 :  0.396 0.209 0.249 0.146 
436 HI_SS0629    (1)    7 :  0.316 0.131 0.267 0.286 
437 HI_SS0630    (1)    7 :  0.306 0.231 0.306 0.157 
438 HI_SS0631    (0)    7 :  0.296 0.165 0.374 0.165 
439 HI_SS0632    (0)    7 :  0.184 0.144 0.458 0.215 
440 HI_SS0633    (0)    7 :  0.182 0.551 0.129 0.138 
441 HI_SS0634    (1)    7 :  0.255 0.196 0.347 0.201 
442 HI_SS0635    (0)    7 :  0.135 0.253 0.392 0.219 
443 HI_SS0637    (1)    7 :  0.208 0.092 0.320 0.379 
444 HI_SS0638    (0)    7 :  0.211 0.332 0.245 0.212 
445 HI_SS0639    (1)    7 :  0.145 0.266 0.347 0.243 
446 HI_SS0640    (1)    7 :  0.164 0.245 0.273 0.318 
447 HI_SS0641    (1)    7 :  0.382 0.106 0.397 0.115 
448 HI_SS0642    (0)    7 :  0.134 0.251 0.188 0.428 
449 HI_SS0645    (0)    7 :  0.084 0.281 0.504 0.131 
450 HI_SS0646    (1)    7 :  0.222 0.366 0.100 0.312 
451 HI_SS0647    (1)    7 :  0.181 0.366 0.216 0.237 
452 HI_SS0648    (0)    7 :  0.204 0.252 0.294 0.251 
453 HI_SS0649    (1)    7 :  0.273 0.285 0.205 0.237 
454 HI_SS0650    (1)    7 :  0.158 0.550 0.151 0.141 
455 HI_SS0651    (1)    7 :  0.209 0.276 0.237 0.277 
456 HI_SS0652    (1)    7 :  0.111 0.278 0.503 0.108 
457 NS_SS1371    (3)    7 :  0.361 0.244 0.092 0.304 
458 NS_SS1374    (0)    7 :  0.380 0.196 0.272 0.153 
459 NS_SS1337    (3)    7 :  0.121 0.238 0.387 0.254 
460 NS_SS1385    (5)    7 :  0.206 0.356 0.125 0.314 
461 NS_SS1388    (0)    7 :  0.275 0.359 0.225 0.142 
462 NS_SS1370    (1)    7 :  0.100 0.083 0.688 0.129 
463 NS_SS1389    (3)    7 :  0.175 0.380 0.331 0.115 
464 NS_SS1360    (1)    7 :  0.276 0.118 0.394 0.212 
465 NS_SS1330    (0)    7 :  0.119 0.263 0.338 0.280 
466 NS_SS1328    (8)    7 :  0.329 0.431 0.087 0.153 
467 NS_SS1384    (1)    7 :  0.243 0.120 0.250 0.386 
468 NS_SS1381    (0)    7 :  0.093 0.569 0.141 0.197 
469 NS_SS1375    (1)    7 :  0.161 0.491 0.251 0.097 
470 NS_SS1319   (10)    7 :  0.267 0.263 0.247 0.224 
471 NS_SS1326    (2)    7 :  0.450 0.320 0.136 0.095 
472 NS_SS1341    (1)    7 :  0.341 0.114 0.179 0.366 
473 NS_SS1383    (1)    7 :  0.235 0.166 0.321 0.278 
474 NS_SS1318    (3)    7 :  0.218 0.233 0.356 0.193 
475 NS_SS1348    (2)    7 :  0.415 0.111 0.188 0.286 
476 NS_SS1363    (0)    7 :  0.148 0.202 0.333 0.316 
477 NS_SS1335    (4)    7 :  0.260 0.080 0.280 0.380 
478 NS_SS1358    (0)    7 :  0.258 0.134 0.162 0.446 
479 NS_SS1342    (1)    7 :  0.340 0.132 0.078 0.450 
480 NS_SS1320    (2)    7 :  0.059 0.646 0.093 0.202 
481 NS_SS1355    (1)    7 :  0.138 0.256 0.254 0.353 
482 NS_SS1345    (1)    7 :  0.082 0.143 0.195 0.581 
483 NS_SS1324    (0)    7 :  0.359 0.174 0.253 0.214 
484 NS_SS1347    (5)    7 :  0.211 0.215 0.182 0.392 
485 NS_SS1321    (4)    7 :  0.406 0.149 0.208 0.237 
486 NS_SS1333    (0)    7 :  0.449 0.210 0.173 0.168 
487 NS_SS1364    (1)    7 :  0.237 0.133 0.184 0.446 
488 NS_SS1379    (0)    7 :  0.159 0.364 0.231 0.245 
489 NS_SS1332    (0)    7 :  0.480 0.171 0.169 0.181 
490 NS_SS1338    (5)    7 :  0.265 0.118 0.450 0.167 
491 NS_SS1368    (6)    7 :  0.340 0.154 0.108 0.398 
492 NS_SS1354    (1)    7 :  0.198 0.194 0.184 0.424 
493 NS_SS1365    (0)    7 :  0.150 0.281 0.315 0.254 
494 NS_SS1380    (1)    7 :  0.125 0.193 0.292 0.389 
495 NS_SS1329    (8)    7 :  0.304 0.144 0.080 0.472 
496 NS_SS1362    (0)    7 :  0.244 0.274 0.165 0.318 
497 NS_SS1327    (2)    7 :  0.649 0.113 0.156 0.082 
498 NS_SS1350    (0)    7 :  0.335 0.487 0.082 0.096 
499 NS_SS1387    (2)    7 :  0.191 0.161 0.501 0.147 
500 NS_SS1369    (8)    7 :  0.303 0.131 0.260 0.306 
501 NS_SS1331    (1)    7 :  0.257 0.224 0.362 0.157 
502 NS_SS1357    (4)    7 :  0.277 0.528 0.073 0.122 
503 NS_SS1386    (1)    7 :  0.488 0.099 0.100 0.312 
504 NS_SS1353    (2)    7 :  0.209 0.469 0.126 0.196 
505 NS_SS1323    (0)    7 :  0.115 0.298 0.178 0.408 
506 HI_SS0296    (0)    8 :  0.313 0.193 0.376 0.119 
507 HI_SS0297    (0)    8 :  0.185 0.411 0.164 0.241 
508 HI_SS0299    (0)    8 :  0.231 0.161 0.289 0.319 
509 HI_SS0300    (0)    8 :  0.186 0.195 0.397 0.222 
510 HI_SS0301    (0)    8 :  0.132 0.078 0.550 0.241 
511 HI_SS0302    (0)    8 :  0.274 0.108 0.464 0.153 
512 HI_SS0303    (0)    8 :  0.385 0.326 0.122 0.168 
513 HI_SS0304    (0)    8 :  0.193 0.371 0.330 0.106 
514 HI_SS0306    (5)    8 :  0.359 0.139 0.356 0.146 
515 HI_SS0307    (1)    8 :  0.157 0.272 0.241 0.331 
516 HI_SS0308    (1)    8 :  0.150 0.140 0.322 0.387 
517 HI_SS0309    (0)    8 :  0.143 0.131 0.251 0.475 
518 HI_SS0310    (0)    8 :  0.208 0.361 0.254 0.177 
519 HI_SS0311    (3)    8 :  0.194 0.150 0.417 0.239 
520 HI_SS0314    (0)    8 :  0.211 0.472 0.129 0.189 
521 HI_SS0316    (1)    8 :  0.325 0.247 0.192 0.237 
522 HI_SS0317    (3)    8 :  0.193 0.170 0.334 0.303 
523 HI_SS0318    (1)    8 :  0.422 0.124 0.222 0.232 
524 HI_SS0319    (0)    8 :  0.563 0.132 0.097 0.209 
525 HI_SS0320    (3)    8 :  0.162 0.411 0.236 0.192 
526 HI_SS0321    (0)    8 :  0.347 0.207 0.187 0.259 
527 HI_SS0323    (1)    8 :  0.380 0.192 0.293 0.135 
528 HI_SS0325    (2)    8 :  0.330 0.117 0.400 0.153 
529 HI_SS0327    (1)    8 :  0.390 0.265 0.053 0.291 
530 HI_SS0329    (1)    8 :  0.178 0.289 0.347 0.185 
531 HI_SS0333    (1)    8 :  0.270 0.266 0.243 0.221 
532 HI_SS0334    (1)    8 :  0.345 0.128 0.237 0.290 
533 HI_SS0335    (1)    8 :  0.117 0.183 0.198 0.501 
534 HI_SS0339    (0)    8 :  0.130 0.209 0.366 0.294 
535 HI_SS0343    (2)    8 :  0.132 0.242 0.115 0.511 
536 HI_SS0344    (1)    8 :  0.608 0.123 0.126 0.143 
537 HI_SS0345    (3)    8 :  0.161 0.157 0.360 0.322 
538 HI_SS0346    (0)    8 :  0.293 0.173 0.295 0.240 
539 HI_SS0350    (1)    8 :  0.072 0.213 0.257 0.458 
540 HI_SS0351    (0)    8 :  0.158 0.124 0.144 0.574 
541 HI_SS0352    (3)    8 :  0.170 0.243 0.210 0.377 
542 HI_SS0362    (0)    8 :  0.176 0.167 0.509 0.149 
543 HI_SS0363    (1)    8 :  0.452 0.217 0.107 0.223 
544 HI_SS0365    (0)    8 :  0.358 0.247 0.121 0.275 
545 HI_SS0366    (0)    8 :  0.533 0.141 0.170 0.156 
546 HI_SS0367    (1)    8 :  0.147 0.361 0.206 0.286 
547 HI_SS0369    (1)    8 :  0.137 0.296 0.352 0.216 
548 HI_SS0370    (0)    8 :  0.228 0.478 0.089 0.205 
549 HI_SS0371    (4)    8 :  0.398 0.140 0.321 0.140 
550 HI_SS0373    (3)    8 :  0.252 0.349 0.243 0.156 
551 HI_SS0374    (0)    8 :  0.165 0.351 0.236 0.248 
552 HI_SS0377    (0)    8 :  0.201 0.097 0.239 0.463 
553 HI_SS0379    (1)    8 :  0.601 0.079 0.110 0.210 
554 HI_SS0380    (1)    8 :  0.174 0.278 0.238 0.309 
555 HI_SS0381    (2)    8 :  0.116 0.144 0.330 0.410 
556 HI_SS0384    (3)    8 :  0.358 0.364 0.157 0.121 
557 HI_SS0385    (1)    8 :  0.256 0.268 0.380 0.096 


Estimated Allele Frequencies in each cluster
First column gives estimated ancestral frequencies


Locus 1 : 
2 alleles
3.4% missing data
   1   (0.736) 0.733 0.765 0.695 0.761 
   2   (0.264) 0.267 0.235 0.305 0.239 

Locus 2 : 
2 alleles
4.3% missing data
   1   (0.885) 0.912 0.849 0.912 0.884 
   2   (0.115) 0.088 0.151 0.088 0.116 

Locus 3 : 
2 alleles
3.9% missing data
   1   (0.862) 0.870 0.859 0.858 0.882 
   2   (0.138) 0.130 0.141 0.142 0.118 

Locus 4 : 
2 alleles
2.7% missing data
   1   (0.886) 0.900 0.905 0.884 0.880 
   2   (0.114) 0.100 0.095 0.116 0.120 

Locus 5 : 
2 alleles
2.7% missing data
   1   (0.822) 0.809 0.809 0.829 0.851 
   2   (0.178) 0.191 0.191 0.171 0.149 

Locus 6 : 
2 alleles
3.2% missing data
   1   (0.791) 0.764 0.803 0.811 0.799 
   2   (0.209) 0.236 0.197 0.189 0.201 

Locus 7 : 
2 alleles
3.8% missing data
   1   (0.803) 0.797 0.837 0.788 0.808 
   2   (0.197) 0.203 0.163 0.212 0.192 

Locus 8 : 
2 alleles
4.8% missing data
   1   (0.705) 0.691 0.689 0.728 0.720 
   2   (0.295) 0.309 0.311 0.272 0.280 

Locus 9 : 
2 alleles
3.1% missing data
   1   (0.792) 0.748 0.816 0.809 0.806 
   2   (0.208) 0.252 0.184 0.191 0.194 

Locus 10 : 
2 alleles
4.7% missing data
   1   (0.888) 0.882 0.923 0.891 0.879 
   2   (0.112) 0.118 0.077 0.109 0.121 

Locus 11 : 
2 alleles
3.2% missing data
   1   (0.863) 0.833 0.890 0.853 0.887 
   2   (0.137) 0.167 0.110 0.147 0.113 

Locus 12 : 
2 alleles
4.8% missing data
   1   (0.729) 0.744 0.709 0.740 0.739 
   2   (0.271) 0.256 0.291 0.260 0.261 

Locus 13 : 
2 alleles
4.7% missing data
   1   (0.885) 0.882 0.907 0.881 0.893 
   2   (0.115) 0.118 0.093 0.119 0.107 

Locus 14 : 
2 alleles
3.9% missing data
   1   (0.875) 0.870 0.905 0.880 0.867 
   2   (0.125) 0.130 0.095 0.120 0.133 

Locus 15 : 
2 alleles
3.9% missing data
   1   (0.505) 0.525 0.490 0.512 0.495 
   2   (0.495) 0.475 0.510 0.488 0.505 

Locus 16 : 
2 alleles
4.3% missing data
   1   (0.607) 0.558 0.607 0.677 0.588 
   2   (0.393) 0.442 0.393 0.323 0.412 

Locus 17 : 
2 alleles
4.1% missing data
   1   (0.773) 0.762 0.758 0.799 0.786 
   2   (0.227) 0.238 0.242 0.201 0.214 

Locus 18 : 
2 alleles
2.3% missing data
   1   (0.893) 0.921 0.894 0.898 0.882 
   2   (0.107) 0.079 0.106 0.102 0.118 

Locus 19 : 
2 alleles
4.3% missing data
   1   (0.710) 0.694 0.702 0.743 0.710 
   2   (0.290) 0.306 0.298 0.257 0.290 

Locus 20 : 
2 alleles
3.2% missing data
   1   (0.883) 0.905 0.911 0.908 0.829 
   2   (0.117) 0.095 0.089 0.092 0.171 

Locus 21 : 
2 alleles
3.4% missing data
   1   (0.561) 0.472 0.567 0.571 0.619 
   2   (0.439) 0.528 0.433 0.429 0.381 

Locus 22 : 
2 alleles
4.8% missing data
   1   (0.854) 0.850 0.852 0.858 0.873 
   2   (0.146) 0.150 0.148 0.142 0.127 

Locus 23 : 
2 alleles
4.3% missing data
   1   (0.883) 0.890 0.846 0.888 0.917 
   2   (0.117) 0.110 0.154 0.112 0.083 

Locus 24 : 
2 alleles
3.2% missing data
   1   (0.542) 0.538 0.521 0.567 0.543 
   2   (0.458) 0.462 0.479 0.433 0.457 

Locus 25 : 
2 alleles
4.3% missing data
   2   (0.469) 0.491 0.498 0.467 0.430 
   1   (0.531) 0.509 0.502 0.533 0.570 

Locus 26 : 
2 alleles
4.3% missing data
   1   (0.839) 0.870 0.815 0.857 0.835 
   2   (0.161) 0.130 0.185 0.143 0.165 

Locus 27 : 
2 alleles
2.2% missing data
   1   (0.600) 0.639 0.570 0.619 0.581 
   2   (0.400) 0.361 0.430 0.381 0.419 

Locus 28 : 
2 alleles
4.1% missing data
   1   (0.860) 0.876 0.901 0.869 0.819 
   2   (0.140) 0.124 0.099 0.131 0.181 

Locus 29 : 
2 alleles
1.8% missing data
   1   (0.880) 0.883 0.881 0.874 0.901 
   2   (0.120) 0.117 0.119 0.126 0.099 

Locus 30 : 
2 alleles
4.5% missing data
   1   (0.865) 0.876 0.864 0.884 0.860 
   2   (0.135) 0.124 0.136 0.116 0.140 

Locus 31 : 
2 alleles
4.3% missing data
   1   (0.787) 0.805 0.811 0.809 0.746 
   2   (0.213) 0.195 0.189 0.191 0.254 

Locus 32 : 
2 alleles
2.0% missing data
   1   (0.734) 0.749 0.736 0.769 0.701 
   2   (0.266) 0.251 0.264 0.231 0.299 

Locus 33 : 
2 alleles
3.6% missing data
   1   (0.761) 0.734 0.819 0.768 0.737 
   2   (0.239) 0.266 0.181 0.232 0.263 

Locus 34 : 
2 alleles
3.6% missing data
   1   (0.810) 0.831 0.831 0.779 0.817 
   2   (0.190) 0.169 0.169 0.221 0.183 

Locus 35 : 
2 alleles
3.8% missing data
   1   (0.866) 0.899 0.880 0.854 0.854 
   2   (0.134) 0.101 0.120 0.146 0.146 

Locus 36 : 
2 alleles
2.9% missing data
   1   (0.757) 0.755 0.757 0.745 0.782 
   2   (0.243) 0.245 0.243 0.255 0.218 

Locus 37 : 
2 alleles
2.2% missing data
   1   (0.742) 0.729 0.733 0.735 0.776 
   2   (0.258) 0.271 0.267 0.265 0.224 

Locus 38 : 
2 alleles
1.4% missing data
   1   (0.871) 0.823 0.890 0.879 0.900 
   2   (0.129) 0.177 0.110 0.121 0.100 

Locus 39 : 
2 alleles
3.2% missing data
   1   (0.703) 0.751 0.690 0.685 0.700 
   2   (0.297) 0.249 0.310 0.315 0.300 

Locus 40 : 
2 alleles
3.8% missing data
   1   (0.571) 0.552 0.626 0.551 0.563 
   2   (0.429) 0.448 0.374 0.449 0.437 

Locus 41 : 
2 alleles
3.4% missing data
   1   (0.879) 0.879 0.883 0.914 0.863 
   2   (0.121) 0.121 0.117 0.086 0.137 

Locus 42 : 
2 alleles
4.5% missing data
   2   (0.235) 0.160 0.298 0.212 0.263 
   1   (0.765) 0.840 0.702 0.788 0.737 

Locus 43 : 
2 alleles
2.0% missing data
   1   (0.817) 0.813 0.841 0.818 0.819 
   2   (0.183) 0.187 0.159 0.182 0.181 

Locus 44 : 
2 alleles
4.7% missing data
   1   (0.583) 0.568 0.589 0.591 0.587 
   2   (0.417) 0.432 0.411 0.409 0.413 

Locus 45 : 
2 alleles
3.2% missing data
   1   (0.870) 0.876 0.883 0.904 0.838 
   2   (0.130) 0.124 0.117 0.096 0.162 

Locus 46 : 
2 alleles
2.3% missing data
   1   (0.779) 0.790 0.723 0.796 0.812 
   2   (0.221) 0.210 0.277 0.204 0.188 

Locus 47 : 
2 alleles
4.5% missing data
   1   (0.885) 0.891 0.872 0.896 0.900 
   2   (0.115) 0.109 0.128 0.104 0.100 

Locus 48 : 
2 alleles
4.5% missing data
   1   (0.815) 0.819 0.792 0.813 0.847 
   2   (0.185) 0.181 0.208 0.187 0.153 

Locus 49 : 
2 alleles
4.5% missing data
   1   (0.816) 0.833 0.811 0.861 0.778 
   2   (0.184) 0.167 0.189 0.139 0.222 

Locus 50 : 
2 alleles
3.4% missing data
   1   (0.658) 0.652 0.652 0.628 0.702 
   2   (0.342) 0.348 0.348 0.372 0.298 

Locus 51 : 
2 alleles
1.4% missing data
   1   (0.602) 0.600 0.583 0.586 0.637 
   2   (0.398) 0.400 0.417 0.414 0.363 

Locus 52 : 
2 alleles
4.1% missing data
   1   (0.657) 0.658 0.649 0.661 0.670 
   2   (0.343) 0.342 0.351 0.339 0.330 

Locus 53 : 
2 alleles
4.5% missing data
   1   (0.852) 0.826 0.880 0.827 0.882 
   2   (0.148) 0.174 0.120 0.173 0.118 

Locus 54 : 
2 alleles
3.8% missing data
   1   (0.862) 0.890 0.858 0.883 0.844 
   2   (0.138) 0.110 0.142 0.117 0.156 

Locus 55 : 
2 alleles
3.2% missing data
   1   (0.881) 0.881 0.854 0.909 0.896 
   2   (0.119) 0.119 0.146 0.091 0.104 

Locus 56 : 
2 alleles
3.2% missing data
   1   (0.797) 0.807 0.765 0.796 0.830 
   2   (0.203) 0.193 0.235 0.204 0.170 

Locus 57 : 
2 alleles
4.5% missing data
   1   (0.663) 0.687 0.647 0.640 0.682 
   2   (0.337) 0.313 0.353 0.360 0.318 

Locus 58 : 
2 alleles
4.1% missing data
   1   (0.840) 0.861 0.813 0.817 0.877 
   2   (0.160) 0.139 0.187 0.183 0.123 

Locus 59 : 
2 alleles
4.8% missing data
   1   (0.816) 0.862 0.808 0.820 0.799 
   2   (0.184) 0.138 0.192 0.180 0.201 

Locus 60 : 
2 alleles
2.5% missing data
   1   (0.859) 0.846 0.890 0.840 0.876 
   2   (0.141) 0.154 0.110 0.160 0.124 

Locus 61 : 
2 alleles
3.9% missing data
   1   (0.775) 0.779 0.781 0.803 0.760 
   2   (0.225) 0.221 0.219 0.197 0.240 

Locus 62 : 
2 alleles
2.0% missing data
   1   (0.841) 0.796 0.867 0.863 0.849 
   2   (0.159) 0.204 0.133 0.137 0.151 

Locus 63 : 
2 alleles
4.1% missing data
   1   (0.757) 0.744 0.754 0.767 0.772 
   2   (0.243) 0.256 0.246 0.233 0.228 

Locus 64 : 
2 alleles
3.2% missing data
   1   (0.872) 0.904 0.844 0.853 0.899 
