

----------------------------------------------------
STRUCTURE by Pritchard, Stephens and Donnelly (2000)
     and Falush, Stephens and Pritchard (2003)
       Code by Pritchard, Falush and Hubisz
             Version 2.3.4 (Jul 2012)
----------------------------------------------------



Command line arguments:   /home/genobiwan/Documents/Programs/Structure/structure -m parameter_job_k3_r4 
Input File:    /media/genobiwan/Storage/Projets/Mackerel_NWA_2021/data_job_k3_r4

Run parameters:
   557 individuals
   3930 loci
   3 populations assumed
   100000 Burn-in period
   200000 Reps


--------------------------------------------
Proportion of membership of each pre-defined
 population in each of the 3 clusters

Given    Inferred Clusters       Number of
 Pop       1      2      3      Individuals

  1:     0.352  0.309  0.339       67
  2:     0.352  0.283  0.365       32
  3:     0.355  0.308  0.336       92
  4:     0.310  0.369  0.321       36
  5:     0.305  0.347  0.348       41
  6:     0.325  0.351  0.324      158
  7:     0.339  0.336  0.325       79
  8:     0.338  0.351  0.311       52
--------------------------------------------

Allele-freq. divergence among pops (Net nucleotide distance),
computed using point estimates of P.

      1       2       3      
 1      -    0.0010  0.0008  
 2   0.0010     -    0.0008  
 3   0.0008  0.0008     -    

Average distances (expected heterozygosity) between individuals in same cluster:
cluster  1  : 0.3135 
cluster  2  : 0.3140 
cluster  3  : 0.3146 

--------------------------------------------
Estimated Ln Prob of Data   = -2070047.5
Mean value of ln likelihood = -2064784.6
Variance of ln likelihood   = 10525.7
Mean value of alpha         = 1.2236

Mean value of Fst_1         = 0.0103
Mean value of Fst_2         = 0.0098
Mean value of Fst_3         = 0.0096


Inferred ancestry of individuals:
        Label (%Miss) Pop:  Inferred clusters
  1 NS_SS0963    (4)    1 :  0.273 0.268 0.459 
  2 NS_SS0983    (1)    1 :  0.142 0.657 0.201 
  3 NS_SS0719    (8)    1 :  0.414 0.367 0.219 
  4 NS_SS1001    (8)    1 :  0.438 0.149 0.412 
  5 NS_SS0936    (4)    1 :  0.172 0.192 0.637 
  6 NS_SS0955    (5)    1 :  0.181 0.483 0.335 
  7 NS_SS0944    (3)    1 :  0.254 0.309 0.438 
  8 NS_SS0945    (3)    1 :  0.269 0.334 0.396 
  9 NS_SS0922    (2)    1 :  0.486 0.140 0.374 
 10 NS_SS0929    (7)    1 :  0.262 0.466 0.272 
 11 NS_SS0956    (2)    1 :  0.688 0.124 0.189 
 12 NS_SS0906    (3)    1 :  0.259 0.396 0.345 
 13 NS_SS0721    (6)    1 :  0.584 0.254 0.162 
 14 NS_SS0982    (4)    1 :  0.402 0.270 0.328 
 15 NS_SS0923    (5)    1 :  0.448 0.237 0.316 
 16 NS_SS0905    (6)    1 :  0.427 0.331 0.242 
 17 NS_SS0925    (3)    1 :  0.288 0.139 0.572 
 18 NS_SS0947    (5)    1 :  0.240 0.185 0.575 
 19 NS_SS0926    (2)    1 :  0.275 0.584 0.141 
 20 NS_SS0918    (6)    1 :  0.461 0.153 0.386 
 21 NS_SS0966    (4)    1 :  0.292 0.245 0.463 
 22 NS_SS0938    (2)    1 :  0.266 0.160 0.574 
 23 NS_SS0917    (2)    1 :  0.247 0.546 0.207 
 24 NS_SS0957   (11)    1 :  0.612 0.202 0.186 
 25 NS_SS0987    (1)    1 :  0.704 0.177 0.118 
 26 NS_SS0717    (4)    1 :  0.457 0.154 0.388 
 27 NS_SS0986    (2)    1 :  0.504 0.333 0.163 
 28 NS_SS0953    (4)    1 :  0.257 0.136 0.607 
 29 NS_SS0907    (3)    1 :  0.191 0.342 0.467 
 30 NS_SS0974    (6)    1 :  0.164 0.319 0.517 
 31 NS_SS0989    (1)    1 :  0.131 0.639 0.230 
 32 NS_SS0991    (2)    1 :  0.344 0.417 0.238 
 33 NS_SS0994    (2)    1 :  0.090 0.737 0.173 
 34 NS_SS0931    (6)    1 :  0.403 0.421 0.176 
 35 NS_SS1000    (5)    1 :  0.255 0.157 0.588 
 36 NS_SS0919    (1)    1 :  0.202 0.490 0.308 
 37 NS_SS0949    (3)    1 :  0.170 0.563 0.267 
 38 NS_SS0960   (10)    1 :  0.369 0.453 0.178 
 39 NS_SS0716    (2)    1 :  0.763 0.102 0.135 
 40 NS_SS0924    (8)    1 :  0.280 0.464 0.256 
 41 NS_SS0935    (1)    1 :  0.330 0.514 0.156 
 42 NS_SS0952   (13)    1 :  0.168 0.548 0.284 
 43 NS_SS0962   (10)    1 :  0.456 0.179 0.365 
 44 NS_SS0973    (5)    1 :  0.192 0.317 0.491 
 45 NS_SS0722    (1)    1 :  0.197 0.105 0.698 
 46 NS_SS0979   (13)    1 :  0.537 0.183 0.279 
 47 NS_SS0993    (2)    1 :  0.271 0.135 0.594 
 48 NS_SS0958    (1)    1 :  0.277 0.503 0.220 
 49 NS_SS0988    (4)    1 :  0.373 0.397 0.230 
 50 NS_SS1003    (2)    1 :  0.662 0.124 0.213 
 51 NS_SS0976    (0)    1 :  0.207 0.472 0.321 
 52 NS_SS0964   (10)    1 :  0.426 0.124 0.450 
 53 NS_SS0939    (4)    1 :  0.735 0.100 0.165 
 54 NS_SS0990    (6)    1 :  0.465 0.342 0.193 
 55 NS_SS0984    (2)    1 :  0.450 0.116 0.433 
 56 NS_SS0980    (9)    1 :  0.118 0.178 0.704 
 57 NS_SS0978    (4)    1 :  0.209 0.248 0.543 
 58 NS_SS0951   (17)    1 :  0.491 0.341 0.167 
 59 NS_SS0913    (3)    1 :  0.565 0.177 0.258 
 60 NS_SS1002    (1)    1 :  0.253 0.178 0.569 
 61 NS_SS0948    (1)    1 :  0.382 0.335 0.283 
 62 NS_SS0916    (4)    1 :  0.264 0.395 0.341 
 63 NS_SS0995    (1)    1 :  0.429 0.244 0.328 
 64 NS_SS0927    (6)    1 :  0.167 0.529 0.303 
 65 NS_SS0992    (5)    1 :  0.138 0.375 0.487 
 66 NS_SS0912    (1)    1 :  0.588 0.282 0.130 
 67 NS_SS0981    (1)    1 :  0.540 0.193 0.267 
 68 NS_SS0729    (5)    2 :  0.071 0.578 0.351 
 69 NS_SS0967   (14)    2 :  0.267 0.293 0.440 
 70 NS_SS0941    (7)    2 :  0.314 0.241 0.445 
 71 NS_SS0768   (12)    2 :  0.414 0.239 0.347 
 72 NS_SS0726    (4)    2 :  0.100 0.463 0.437 
 73 NS_SS0763    (4)    2 :  0.157 0.548 0.295 
 74 NS_SS0730    (6)    2 :  0.522 0.181 0.297 
 75 NS_SS0774    (1)    2 :  0.228 0.140 0.631 
 76 NS_SS0723    (3)    2 :  0.347 0.139 0.514 
 77 NS_SS0940    (9)    2 :  0.363 0.375 0.262 
 78 NS_SS0762    (1)    2 :  0.449 0.090 0.461 
 79 NS_SS0766   (11)    2 :  0.425 0.297 0.279 
 80 NS_SS0724    (1)    2 :  0.464 0.164 0.372 
 81 NS_SS0769    (3)    2 :  0.397 0.350 0.253 
 82 NS_SS0777    (2)    2 :  0.383 0.385 0.232 
 83 NS_SS0734    (6)    2 :  0.460 0.329 0.211 
 84 NS_SS0737    (3)    2 :  0.274 0.134 0.591 
 85 NS_SS0732    (5)    2 :  0.640 0.162 0.198 
 86 NS_SS0728    (5)    2 :  0.289 0.268 0.442 
 87 NS_SS0735    (9)    2 :  0.257 0.173 0.571 
 88 NS_SS0725    (1)    2 :  0.309 0.160 0.531 
 89 NS_SS0788    (2)    2 :  0.326 0.357 0.317 
 90 NS_SS0778    (2)    2 :  0.359 0.450 0.191 
 91 NS_SS0792    (6)    2 :  0.387 0.384 0.229 
 92 NS_SS0943   (11)    2 :  0.223 0.447 0.329 
 93 NS_SS0791    (2)    2 :  0.389 0.369 0.241 
 94 NS_SS0790    (5)    2 :  0.531 0.077 0.393 
 95 NS_SS0731    (6)    2 :  0.625 0.156 0.219 
 96 NS_SS0727    (6)    2 :  0.118 0.425 0.457 
 97 NS_SS0779   (12)    2 :  0.383 0.304 0.314 
 98 NS_SS0776    (3)    2 :  0.339 0.233 0.428 
 99 NS_SS0775    (5)    2 :  0.462 0.140 0.398 
100 NS_SS0965    (3)    3 :  0.514 0.216 0.271 
101 NS_SS0754   (13)    3 :  0.359 0.461 0.179 
102 NS_SS0838    (5)    3 :  0.241 0.329 0.430 
103 NS_SS0839    (3)    3 :  0.464 0.123 0.413 
104 NS_SS0832    (4)    3 :  0.441 0.090 0.469 
105 NS_SS0820    (4)    3 :  0.586 0.166 0.248 
106 NS_SS0886    (9)    3 :  0.377 0.430 0.193 
107 NS_SS0748    (5)    3 :  0.314 0.383 0.303 
108 NS_SS0884    (9)    3 :  0.255 0.342 0.404 
109 NS_SS0752    (3)    3 :  0.204 0.241 0.554 
110 NS_SS0862    (1)    3 :  0.624 0.124 0.252 
111 NS_SS0787    (9)    3 :  0.144 0.734 0.122 
112 NS_SS0843    (6)    3 :  0.272 0.285 0.442 
113 NS_SS0856    (4)    3 :  0.310 0.304 0.386 
114 NS_SS0846    (2)    3 :  0.107 0.407 0.486 
115 NS_SS0825    (1)    3 :  0.386 0.351 0.263 
116 NS_SS0757    (3)    3 :  0.301 0.413 0.287 
117 NS_SS0876    (3)    3 :  0.257 0.224 0.519 
118 NS_SS0903    (9)    3 :  0.164 0.160 0.676 
119 NS_SS0875    (7)    3 :  0.596 0.229 0.175 
120 NS_SS0740    (5)    3 :  0.253 0.299 0.447 
121 NS_SS0811    (5)    3 :  0.731 0.106 0.163 
122 NS_SS0751    (1)    3 :  0.425 0.246 0.329 
123 NS_SS0891    (6)    3 :  0.361 0.243 0.395 
124 NS_SS0867    (2)    3 :  0.230 0.397 0.373 
125 NS_SS0890    (6)    3 :  0.320 0.332 0.349 
126 NS_SS0866   (11)    3 :  0.155 0.655 0.189 
127 NS_SS0755    (4)    3 :  0.454 0.287 0.260 
128 NS_SS0758    (4)    3 :  0.208 0.279 0.513 
129 NS_SS0840    (2)    3 :  0.459 0.118 0.423 
130 NS_SS0889    (4)    3 :  0.353 0.496 0.151 
131 NS_SS1010    (1)    3 :  0.370 0.333 0.297 
132 NS_SS0888    (5)    3 :  0.167 0.591 0.242 
133 NS_SS0837    (3)    3 :  0.535 0.144 0.321 
134 NS_SS0794    (9)    3 :  0.199 0.469 0.331 
135 NS_SS0823    (4)    3 :  0.183 0.139 0.678 
136 NS_SS0829    (7)    3 :  0.234 0.631 0.135 
137 NS_SS0844    (5)    3 :  0.249 0.159 0.592 
138 NS_SS1008    (5)    3 :  0.253 0.417 0.330 
139 NS_SS0881    (3)    3 :  0.468 0.363 0.169 
140 NS_SS0834    (6)    3 :  0.206 0.151 0.642 
141 NS_SS0744   (10)    3 :  0.258 0.356 0.385 
142 NS_SS0899    (7)    3 :  0.681 0.107 0.212 
143 NS_SS0804    (4)    3 :  0.516 0.108 0.376 
144 NS_SS0781   (10)    3 :  0.394 0.134 0.472 
145 NS_SS0822    (6)    3 :  0.187 0.304 0.509 
146 NS_SS1004    (4)    3 :  0.293 0.264 0.444 
147 NS_SS0746    (5)    3 :  0.184 0.304 0.513 
148 NS_SS0880    (3)    3 :  0.288 0.206 0.506 
149 NS_SS0879    (4)    3 :  0.346 0.186 0.468 
150 NS_SS0753    (2)    3 :  0.337 0.446 0.217 
151 NS_SS1007    (2)    3 :  0.257 0.337 0.406 
152 NS_SS0872    (5)    3 :  0.347 0.175 0.478 
153 NS_SS1005    (7)    3 :  0.228 0.231 0.541 
154 NS_SS0892    (6)    3 :  0.356 0.322 0.322 
155 NS_SS0898    (0)    3 :  0.427 0.333 0.240 
156 NS_SS0801    (9)    3 :  0.451 0.267 0.282 
157 NS_SS0827    (8)    3 :  0.593 0.312 0.095 
158 NS_SS0853    (6)    3 :  0.620 0.270 0.110 
159 NS_SS0780    (2)    3 :  0.509 0.187 0.304 
160 NS_SS0826   (10)    3 :  0.302 0.300 0.398 
161 NS_SS0818    (5)    3 :  0.510 0.112 0.378 
162 NS_SS0745    (1)    3 :  0.712 0.076 0.212 
163 NS_SS0849    (3)    3 :  0.672 0.196 0.132 
164 NS_SS0739    (3)    3 :  0.529 0.280 0.191 
165 NS_SS0799    (1)    3 :  0.207 0.455 0.338 
166 NS_SS0756    (2)    3 :  0.445 0.122 0.433 
167 NS_SS0802    (2)    3 :  0.168 0.460 0.371 
168 NS_SS0747    (6)    3 :  0.215 0.345 0.441 
169 NS_SS0835    (1)    3 :  0.117 0.710 0.174 
170 NS_SS0742   (18)    3 :  0.349 0.265 0.386 
171 NS_SS0760    (9)    3 :  0.181 0.581 0.238 
172 NS_SS0803    (4)    3 :  0.137 0.112 0.751 
173 NS_SS0828   (13)    3 :  0.546 0.277 0.177 
174 NS_SS0865    (2)    3 :  0.446 0.328 0.226 
175 NS_SS0759    (4)    3 :  0.522 0.128 0.349 
176 NS_SS0851    (5)    3 :  0.767 0.105 0.128 
177 NS_SS0874   (16)    3 :  0.197 0.187 0.616 
178 NS_SS0761    (6)    3 :  0.269 0.552 0.179 
179 NS_SS0842   (25)    3 :  0.313 0.426 0.261 
180 NS_SS0785    (6)    3 :  0.252 0.415 0.332 
181 NS_SS0860   (11)    3 :  0.117 0.724 0.159 
182 NS_SS0897    (7)    3 :  0.190 0.658 0.151 
183 NS_SS0841   (14)    3 :  0.591 0.117 0.292 
184 NS_SS0797    (6)    3 :  0.466 0.380 0.155 
185 NS_SS0830   (10)    3 :  0.481 0.269 0.249 
186 NS_SS1011    (5)    3 :  0.335 0.170 0.495 
187 NS_SS0883    (5)    3 :  0.447 0.372 0.181 
188 NS_SS0782    (2)    3 :  0.229 0.323 0.449 
189 NS_SS0831    (5)    3 :  0.364 0.502 0.133 
190 NS_SS0749    (7)    3 :  0.444 0.331 0.225 
191 NS_SS0854    (2)    3 :  0.167 0.360 0.473 
192 HI_SS0193    (0)    4 :  0.318 0.374 0.308 
193 HI_SS0194    (0)    4 :  0.226 0.169 0.605 
194 HI_SS0195    (9)    4 :  0.679 0.112 0.209 
195 HI_SS0196    (6)    4 :  0.196 0.296 0.509 
196 HI_SS0197    (3)    4 :  0.254 0.330 0.417 
197 HI_SS0198    (1)    4 :  0.426 0.385 0.189 
198 HI_SS0199    (1)    4 :  0.166 0.453 0.381 
199 HI_SS0201    (4)    4 :  0.179 0.659 0.161 
200 HI_SS0215    (1)    4 :  0.188 0.663 0.148 
201 HI_SS0218    (1)    4 :  0.227 0.628 0.145 
202 HI_SS0222    (0)    4 :  0.508 0.256 0.236 
203 HI_SS0230    (1)    4 :  0.505 0.277 0.219 
204 HI_SS0234    (1)    4 :  0.106 0.319 0.575 
205 HI_SS0240    (1)    4 :  0.302 0.263 0.435 
206 HI_SS0241    (0)    4 :  0.204 0.606 0.190 
207 HI_SS0242    (0)    4 :  0.305 0.321 0.374 
208 HI_SS0247    (0)    4 :  0.308 0.227 0.464 
209 HI_SS0248    (1)    4 :  0.103 0.462 0.435 
210 HI_SS0252    (2)    4 :  0.261 0.171 0.568 
211 HI_SS0254    (1)    4 :  0.239 0.461 0.300 
212 HI_SS0256    (0)    4 :  0.354 0.064 0.582 
213 HI_SS0257    (0)    4 :  0.070 0.522 0.408 
214 HI_SS0258    (1)    4 :  0.281 0.524 0.194 
215 HI_SS0259    (1)    4 :  0.324 0.237 0.439 
216 HI_SS0260    (1)    4 :  0.184 0.543 0.273 
217 HI_SS0261    (2)    4 :  0.185 0.402 0.414 
218 HI_SS0262    (0)    4 :  0.533 0.222 0.244 
219 HI_SS0264    (1)    4 :  0.615 0.196 0.189 
220 HI_SS0265    (0)    4 :  0.497 0.272 0.231 
221 HI_SS0268    (1)    4 :  0.468 0.395 0.137 
222 HI_SS0269    (1)    4 :  0.080 0.685 0.236 
223 HI_SS0273    (0)    4 :  0.237 0.485 0.278 
224 HI_SS0277    (1)    4 :  0.409 0.290 0.301 
225 HI_SS0280    (0)    4 :  0.597 0.232 0.172 
226 HI_SS0282    (1)    4 :  0.202 0.386 0.413 
227 HI_SS0286    (1)    4 :  0.416 0.412 0.172 
228 NS_SS1252    (3)    5 :  0.120 0.726 0.154 
229 NS_SS1261    (1)    5 :  0.268 0.374 0.358 
230 NS_SS1225    (9)    5 :  0.163 0.460 0.377 
231 NS_SS1266    (1)    5 :  0.317 0.123 0.559 
232 NS_SS1228    (0)    5 :  0.721 0.147 0.132 
233 NS_SS1255    (2)    5 :  0.172 0.190 0.639 
234 NS_SS1267    (3)    5 :  0.134 0.769 0.097 
235 NS_SS1238    (6)    5 :  0.533 0.276 0.192 
236 NS_SS1233    (8)    5 :  0.465 0.156 0.379 
237 NS_SS1277    (3)    5 :  0.293 0.442 0.265 
238 NS_SS1245    (1)    5 :  0.141 0.342 0.517 
239 NS_SS1240    (4)    5 :  0.095 0.770 0.135 
240 NS_SS1275    (2)    5 :  0.484 0.109 0.407 
241 NS_SS1235    (1)    5 :  0.074 0.184 0.742 
242 NS_SS1263    (1)    5 :  0.230 0.127 0.643 
243 NS_SS1251    (1)    5 :  0.256 0.200 0.545 
244 NS_SS1248    (0)    5 :  0.764 0.158 0.079 
245 NS_SS1244    (0)    5 :  0.281 0.330 0.388 
246 NS_SS1257    (0)    5 :  0.242 0.536 0.222 
247 NS_SS1242    (2)    5 :  0.374 0.144 0.482 
248 NS_SS1271    (6)    5 :  0.146 0.705 0.149 
249 NS_SS1265    (1)    5 :  0.187 0.592 0.221 
250 NS_SS1243    (0)    5 :  0.516 0.181 0.303 
251 NS_SS1273    (1)    5 :  0.542 0.119 0.339 
252 NS_SS1254   (14)    5 :  0.324 0.177 0.499 
253 NS_SS1224    (1)    5 :  0.543 0.132 0.325 
254 NS_SS1227    (8)    5 :  0.154 0.639 0.207 
255 NS_SS1274    (8)    5 :  0.241 0.453 0.307 
256 NS_SS1241    (1)    5 :  0.199 0.430 0.370 
257 NS_SS1256    (3)    5 :  0.166 0.375 0.459 
258 NS_SS1260    (8)    5 :  0.139 0.611 0.249 
259 NS_SS1262    (0)    5 :  0.298 0.453 0.249 
260 NS_SS1230    (0)    5 :  0.295 0.375 0.330 
261 NS_SS1270    (2)    5 :  0.540 0.176 0.284 
262 NS_SS1229    (2)    5 :  0.073 0.177 0.750 
263 NS_SS1246    (5)    5 :  0.133 0.554 0.314 
264 NS_SS1269    (0)    5 :  0.437 0.264 0.299 
265 NS_SS1239    (1)    5 :  0.433 0.170 0.396 
266 NS_SS1272    (4)    5 :  0.285 0.344 0.370 
267 NS_SS1268    (1)    5 :  0.639 0.133 0.228 
268 NS_SS1249    (0)    5 :  0.100 0.593 0.307 
269 HI_SS0559    (0)    6 :  0.347 0.316 0.337 
270 HI_SS0563    (1)    6 :  0.328 0.312 0.360 
271 HI_SS0564    (0)    6 :  0.353 0.268 0.379 
272 HI_SS0565    (0)    6 :  0.202 0.489 0.309 
273 HI_SS0569    (0)    6 :  0.223 0.583 0.194 
274 HI_SS0570    (0)    6 :  0.241 0.593 0.166 
275 HI_SS0572    (1)    6 :  0.149 0.181 0.670 
276 HI_SS0576    (0)    6 :  0.642 0.159 0.199 
277 HI_SS0579    (1)    6 :  0.129 0.358 0.513 
278 HI_SS0580    (1)    6 :  0.276 0.439 0.285 
279 HI_SS0581    (0)    6 :  0.604 0.148 0.249 
280 HI_SS0583    (1)    6 :  0.114 0.587 0.299 
281 HI_SS0586    (1)    6 :  0.275 0.643 0.082 
282 HI_SS0588    (1)    6 :  0.197 0.484 0.320 
283 HI_SS0595    (4)    6 :  0.213 0.565 0.222 
284 HI_SS0596    (0)    6 :  0.263 0.129 0.607 
285 HI_SS0597    (1)    6 :  0.174 0.179 0.646 
286 HI_SS0600    (0)    6 :  0.293 0.459 0.248 
287 HI_SS0601    (1)    6 :  0.254 0.453 0.292 
288 HI_SS0602    (1)    6 :  0.426 0.440 0.133 
289 HI_SS0604    (0)    6 :  0.309 0.289 0.402 
290 HI_SS0605    (1)    6 :  0.387 0.365 0.249 
291 HI_SS0608    (0)    6 :  0.523 0.285 0.191 
292 HI_SS0609    (0)    6 :  0.237 0.155 0.608 
293 HI_SS0611    (5)    6 :  0.285 0.583 0.132 
294 HI_SS0612    (1)    6 :  0.094 0.238 0.668 
295 HI_SS0613    (1)    6 :  0.592 0.257 0.151 
296 HI_SS0615    (0)    6 :  0.437 0.126 0.437 
297 HI_SS0001    (1)    6 :  0.176 0.388 0.436 
298 HI_SS0002    (1)    6 :  0.299 0.182 0.518 
299 HI_SS0004    (0)    6 :  0.304 0.475 0.221 
300 HI_SS0005    (1)    6 :  0.728 0.178 0.094 
301 HI_SS0006    (1)    6 :  0.127 0.448 0.425 
302 HI_SS0007    (1)    6 :  0.565 0.302 0.133 
303 HI_SS0008    (0)    6 :  0.435 0.284 0.281 
304 HI_SS0009    (0)    6 :  0.518 0.127 0.355 
305 HI_SS0010    (1)    6 :  0.499 0.346 0.155 
306 HI_SS0011    (1)    6 :  0.444 0.194 0.362 
307 HI_SS0012    (0)    6 :  0.341 0.207 0.452 
308 HI_SS0017    (1)    6 :  0.259 0.146 0.595 
309 HI_SS0021    (1)    6 :  0.355 0.497 0.148 
310 HI_SS0024    (1)    6 :  0.516 0.174 0.310 
311 HI_SS0025    (1)    6 :  0.417 0.153 0.430 
312 HI_SS0027    (0)    6 :  0.294 0.451 0.256 
313 HI_SS0028    (0)    6 :  0.773 0.097 0.130 
314 HI_SS0029    (1)    6 :  0.445 0.304 0.250 
315 HI_SS0030    (2)    6 :  0.273 0.384 0.342 
316 HI_SS0031    (0)    6 :  0.235 0.358 0.407 
317 HI_SS0034    (0)    6 :  0.103 0.515 0.383 
318 HI_SS0036    (0)    6 :  0.322 0.580 0.098 
319 HI_SS0037    (1)    6 :  0.231 0.646 0.123 
320 HI_SS0039    (0)    6 :  0.558 0.340 0.102 
321 HI_SS0041    (1)    6 :  0.608 0.150 0.242 
322 HI_SS0042    (1)    6 :  0.427 0.161 0.413 
323 HI_SS0043    (1)    6 :  0.152 0.719 0.129 
324 HI_SS0044    (1)    6 :  0.245 0.398 0.357 
325 HI_SS0047    (1)    6 :  0.346 0.179 0.475 
326 HI_SS0049    (0)    6 :  0.250 0.189 0.561 
327 HI_SS0051    (1)    6 :  0.500 0.255 0.245 
328 HI_SS0053    (1)    6 :  0.135 0.633 0.232 
329 HI_SS0054    (4)    6 :  0.250 0.511 0.239 
330 HI_SS0057    (0)    6 :  0.570 0.190 0.240 
331 HI_SS0058    (0)    6 :  0.226 0.456 0.318 
332 HI_SS0060    (0)    6 :  0.540 0.230 0.230 
333 HI_SS0087    (1)    6 :  0.160 0.385 0.454 
334 HI_SS0091    (0)    6 :  0.084 0.705 0.210 
335 HI_SS0095    (1)    6 :  0.225 0.392 0.383 
336 HI_SS0097    (3)    6 :  0.182 0.260 0.558 
337 HI_SS0099    (0)    6 :  0.526 0.242 0.232 
338 HI_SS0103    (0)    6 :  0.156 0.250 0.594 
339 HI_SS0105    (1)    6 :  0.331 0.368 0.301 
340 HI_SS0107    (1)    6 :  0.153 0.101 0.747 
341 HI_SS0108    (1)    6 :  0.117 0.749 0.134 
342 HI_SS0110    (0)    6 :  0.161 0.408 0.432 
343 HI_SS0111    (1)    6 :  0.431 0.305 0.264 
344 HI_SS0112    (0)    6 :  0.147 0.703 0.150 
345 HI_SS0113    (1)    6 :  0.364 0.146 0.490 
346 HI_SS0114    (1)    6 :  0.351 0.496 0.153 
347 HI_SS0115    (1)    6 :  0.238 0.288 0.474 
348 HI_SS0116    (4)    6 :  0.137 0.568 0.295 
349 HI_SS0117    (0)    6 :  0.164 0.469 0.367 
350 HI_SS0118    (0)    6 :  0.158 0.529 0.313 
351 HI_SS0119    (1)    6 :  0.226 0.492 0.282 
352 HI_SS0120    (1)    6 :  0.191 0.133 0.676 
353 HI_SS0121    (1)    6 :  0.694 0.130 0.176 
354 HI_SS0122    (2)    6 :  0.411 0.354 0.236 
355 HI_SS0123    (0)    6 :  0.170 0.308 0.522 
356 HI_SS0124    (1)    6 :  0.448 0.106 0.447 
357 HI_SS0125    (1)    6 :  0.662 0.116 0.221 
358 HI_SS0126    (0)    6 :  0.182 0.584 0.234 
359 HI_SS0127    (0)    6 :  0.601 0.229 0.170 
360 HI_SS0128    (0)    6 :  0.191 0.250 0.559 
361 HI_SS0129    (1)    6 :  0.241 0.476 0.282 
362 HI_SS0131    (2)    6 :  0.422 0.430 0.148 
363 HI_SS0132    (0)    6 :  0.498 0.282 0.219 
364 HI_SS0133    (1)    6 :  0.166 0.698 0.135 
365 HI_SS0134    (1)    6 :  0.204 0.373 0.423 
366 HI_SS0142    (3)    6 :  0.344 0.312 0.344 
367 HI_SS0145    (0)    6 :  0.130 0.320 0.551 
368 HI_SS0146    (1)    6 :  0.299 0.418 0.283 
369 HI_SS0147    (1)    6 :  0.608 0.138 0.253 
370 HI_SS0149    (1)    6 :  0.326 0.372 0.302 
371 HI_SS0150    (2)    6 :  0.608 0.143 0.249 
372 HI_SS0151    (0)    6 :  0.176 0.288 0.536 
373 NS_SS1451    (1)    6 :  0.585 0.108 0.307 
374 NS_SS1404    (0)    6 :  0.651 0.182 0.167 
375 NS_SS1432    (2)    6 :  0.460 0.188 0.352 
376 NS_SS1405    (4)    6 :  0.391 0.254 0.355 
377 NS_SS1431   (10)    6 :  0.461 0.142 0.398 
378 NS_SS1402    (3)    6 :  0.163 0.440 0.397 
379 NS_SS1450    (3)    6 :  0.263 0.398 0.339 
380 NS_SS1396    (0)    6 :  0.406 0.306 0.288 
381 NS_SS1393    (5)    6 :  0.284 0.499 0.216 
382 NS_SS1392   (10)    6 :  0.509 0.183 0.308 
383 NS_SS1445    (0)    6 :  0.227 0.607 0.166 
384 NS_SS1423    (0)    6 :  0.156 0.428 0.416 
385 NS_SS1421    (9)    6 :  0.214 0.430 0.355 
386 NS_SS1411    (6)    6 :  0.493 0.387 0.120 
387 NS_SS1453    (5)    6 :  0.280 0.512 0.208 
388 NS_SS1442    (2)    6 :  0.299 0.267 0.434 
389 NS_SS1422    (1)    6 :  0.128 0.213 0.659 
390 NS_SS1419    (1)    6 :  0.501 0.206 0.294 
391 NS_SS1427    (0)    6 :  0.118 0.622 0.260 
392 NS_SS1444    (3)    6 :  0.553 0.205 0.243 
393 NS_SS1455    (0)    6 :  0.233 0.126 0.641 
394 NS_SS1425    (2)    6 :  0.149 0.680 0.170 
395 NS_SS1400    (0)    6 :  0.276 0.487 0.237 
396 NS_SS1406    (1)    6 :  0.271 0.153 0.576 
397 NS_SS1417    (6)    6 :  0.276 0.371 0.352 
398 NS_SS1454    (2)    6 :  0.383 0.453 0.164 
399 NS_SS1412    (1)    6 :  0.317 0.395 0.288 
400 NS_SS1438    (1)    6 :  0.214 0.620 0.166 
401 NS_SS1416    (4)    6 :  0.434 0.303 0.263 
402 NS_SS1401    (0)    6 :  0.190 0.462 0.347 
403 NS_SS1424    (6)    6 :  0.277 0.408 0.315 
404 NS_SS1435    (9)    6 :  0.548 0.239 0.212 
405 NS_SS1447    (4)    6 :  0.406 0.195 0.399 
406 NS_SS1414    (3)    6 :  0.567 0.157 0.276 
407 NS_SS1449   (14)    6 :  0.201 0.230 0.569 
408 NS_SS1443    (4)    6 :  0.075 0.482 0.443 
409 NS_SS1434    (1)    6 :  0.099 0.232 0.669 
410 NS_SS1398    (1)    6 :  0.446 0.214 0.340 
411 NS_SS1426    (1)    6 :  0.165 0.657 0.178 
412 NS_SS1413    (0)    6 :  0.155 0.477 0.367 
413 NS_SS1395    (1)    6 :  0.141 0.570 0.289 
414 NS_SS1448   (10)    6 :  0.535 0.285 0.180 
415 NS_SS1446    (0)    6 :  0.155 0.571 0.274 
416 NS_SS1403    (2)    6 :  0.329 0.330 0.341 
417 NS_SS1415    (0)    6 :  0.276 0.493 0.230 
418 NS_SS1437    (4)    6 :  0.463 0.256 0.282 
419 NS_SS1439    (2)    6 :  0.164 0.348 0.487 
420 NS_SS1441    (3)    6 :  0.159 0.533 0.308 
421 NS_SS1420    (2)    6 :  0.777 0.102 0.121 
422 NS_SS1394    (2)    6 :  0.676 0.159 0.165 
423 NS_SS1391    (7)    6 :  0.124 0.449 0.427 
424 NS_SS1410    (5)    6 :  0.234 0.461 0.304 
425 NS_SS1408    (1)    6 :  0.431 0.259 0.310 
426 NS_SS1409    (1)    6 :  0.127 0.407 0.466 
427 HI_SS0617    (1)    7 :  0.203 0.390 0.406 
428 HI_SS0618    (2)    7 :  0.487 0.198 0.315 
429 HI_SS0619    (0)    7 :  0.381 0.325 0.294 
430 HI_SS0620    (1)    7 :  0.242 0.581 0.177 
431 HI_SS0621    (3)    7 :  0.379 0.217 0.404 
432 HI_SS0622    (1)    7 :  0.366 0.244 0.390 
433 HI_SS0626    (0)    7 :  0.678 0.226 0.096 
434 HI_SS0627    (0)    7 :  0.341 0.243 0.417 
435 HI_SS0628    (3)    7 :  0.381 0.472 0.147 
436 HI_SS0629    (1)    7 :  0.371 0.436 0.193 
437 HI_SS0630    (1)    7 :  0.311 0.433 0.256 
438 HI_SS0631    (0)    7 :  0.444 0.372 0.184 
439 HI_SS0632    (0)    7 :  0.535 0.226 0.238 
440 HI_SS0633    (0)    7 :  0.204 0.203 0.593 
441 HI_SS0634    (1)    7 :  0.501 0.288 0.212 
442 HI_SS0635    (0)    7 :  0.611 0.174 0.215 
443 HI_SS0637    (1)    7 :  0.352 0.343 0.305 
444 HI_SS0638    (0)    7 :  0.379 0.264 0.357 
445 HI_SS0639    (1)    7 :  0.530 0.171 0.300 
446 HI_SS0640    (1)    7 :  0.312 0.264 0.423 
447 HI_SS0641    (1)    7 :  0.413 0.501 0.086 
448 HI_SS0642    (0)    7 :  0.425 0.201 0.374 
449 HI_SS0645    (0)    7 :  0.753 0.083 0.164 
450 HI_SS0646    (1)    7 :  0.149 0.293 0.558 
451 HI_SS0647    (1)    7 :  0.300 0.243 0.457 
452 HI_SS0648    (0)    7 :  0.424 0.254 0.322 
453 HI_SS0649    (1)    7 :  0.232 0.395 0.373 
454 HI_SS0650    (1)    7 :  0.214 0.196 0.590 
455 HI_SS0651    (1)    7 :  0.297 0.300 0.404 
456 HI_SS0652    (1)    7 :  0.677 0.141 0.182 
457 NS_SS1371    (3)    7 :  0.127 0.551 0.322 
458 NS_SS1374    (0)    7 :  0.385 0.493 0.122 
459 NS_SS1337    (3)    7 :  0.579 0.134 0.287 
460 NS_SS1385    (5)    7 :  0.164 0.293 0.543 
461 NS_SS1388    (0)    7 :  0.393 0.359 0.248 
462 NS_SS1370    (1)    7 :  0.802 0.099 0.100 
463 NS_SS1389    (3)    7 :  0.603 0.183 0.214 
464 NS_SS1360    (1)    7 :  0.361 0.448 0.190 
465 NS_SS1330    (0)    7 :  0.494 0.144 0.361 
466 NS_SS1328    (8)    7 :  0.135 0.407 0.458 
467 NS_SS1384    (1)    7 :  0.302 0.433 0.266 
468 NS_SS1381    (0)    7 :  0.159 0.109 0.732 
469 NS_SS1375    (1)    7 :  0.577 0.176 0.247 
470 NS_SS1319   (10)    7 :  0.404 0.353 0.242 
471 NS_SS1326    (2)    7 :  0.179 0.597 0.224 
472 NS_SS1341    (1)    7 :  0.174 0.549 0.277 
473 NS_SS1383    (1)    7 :  0.470 0.332 0.198 
474 NS_SS1318    (3)    7 :  0.409 0.239 0.352 
475 NS_SS1348    (2)    7 :  0.143 0.675 0.182 
476 NS_SS1363    (0)    7 :  0.449 0.186 0.364 
477 NS_SS1335    (4)    7 :  0.321 0.465 0.214 
478 NS_SS1358    (0)    7 :  0.148 0.441 0.411 
479 NS_SS1342    (1)    7 :  0.110 0.490 0.400 
480 NS_SS1320    (2)    7 :  0.164 0.071 0.765 
481 NS_SS1355    (1)    7 :  0.250 0.192 0.558 
482 NS_SS1345    (1)    7 :  0.214 0.101 0.685 
483 NS_SS1324    (0)    7 :  0.310 0.477 0.212 
484 NS_SS1347    (5)    7 :  0.235 0.356 0.409 
485 NS_SS1321    (4)    7 :  0.284 0.547 0.169 
486 NS_SS1333    (0)    7 :  0.336 0.535 0.129 
487 NS_SS1364    (1)    7 :  0.161 0.455 0.384 
488 NS_SS1379    (0)    7 :  0.233 0.225 0.542 
489 NS_SS1332    (0)    7 :  0.248 0.629 0.123 
490 NS_SS1338    (5)    7 :  0.392 0.462 0.146 
491 NS_SS1368    (6)    7 :  0.183 0.531 0.286 
492 NS_SS1354    (1)    7 :  0.281 0.313 0.406 
493 NS_SS1365    (0)    7 :  0.513 0.166 0.321 
494 NS_SS1380    (1)    7 :  0.413 0.167 0.421 
495 NS_SS1329    (8)    7 :  0.108 0.476 0.416 
496 NS_SS1362    (0)    7 :  0.207 0.342 0.451 
497 NS_SS1327    (2)    7 :  0.105 0.812 0.083 
498 NS_SS1350    (0)    7 :  0.114 0.428 0.457 
499 NS_SS1387    (2)    7 :  0.624 0.231 0.145 
500 NS_SS1369    (8)    7 :  0.257 0.444 0.300 
501 NS_SS1331    (1)    7 :  0.606 0.274 0.120 
502 NS_SS1357    (4)    7 :  0.108 0.340 0.552 
503 NS_SS1386    (1)    7 :  0.099 0.726 0.175 
504 NS_SS1353    (2)    7 :  0.243 0.251 0.506 
505 NS_SS1323    (0)    7 :  0.329 0.142 0.529 
506 HI_SS0296    (0)    8 :  0.361 0.403 0.236 
507 HI_SS0297    (0)    8 :  0.318 0.247 0.435 
508 HI_SS0299    (0)    8 :  0.264 0.377 0.360 
509 HI_SS0300    (0)    8 :  0.339 0.295 0.366 
510 HI_SS0301    (0)    8 :  0.670 0.190 0.140 
511 HI_SS0302    (0)    8 :  0.473 0.368 0.159 
512 HI_SS0303    (0)    8 :  0.132 0.508 0.361 
513 HI_SS0304    (0)    8 :  0.569 0.206 0.224 
514 HI_SS0306    (5)    8 :  0.379 0.465 0.155 
515 HI_SS0307    (1)    8 :  0.441 0.193 0.365 
516 HI_SS0308    (1)    8 :  0.486 0.253 0.261 
517 HI_SS0309    (0)    8 :  0.268 0.233 0.499 
518 HI_SS0310    (0)    8 :  0.396 0.248 0.355 
519 HI_SS0311    (3)    8 :  0.547 0.245 0.208 
520 HI_SS0314    (0)    8 :  0.283 0.271 0.446 
521 HI_SS0316    (1)    8 :  0.248 0.471 0.281 
522 HI_SS0317    (3)    8 :  0.504 0.284 0.212 
523 HI_SS0318    (1)    8 :  0.202 0.654 0.143 
524 HI_SS0319    (0)    8 :  0.093 0.744 0.163 
525 HI_SS0320    (3)    8 :  0.606 0.191 0.204 
526 HI_SS0321    (0)    8 :  0.195 0.507 0.298 
527 HI_SS0323    (1)    8 :  0.349 0.496 0.156 
528 HI_SS0325    (2)    8 :  0.460 0.377 0.162 
529 HI_SS0327    (1)    8 :  0.064 0.460 0.476 
530 HI_SS0329    (1)    8 :  0.582 0.207 0.211 
531 HI_SS0333    (1)    8 :  0.325 0.386 0.289 
532 HI_SS0334    (1)    8 :  0.163 0.568 0.269 
533 HI_SS0335    (1)    8 :  0.253 0.154 0.593 
534 HI_SS0339    (0)    8 :  0.384 0.178 0.438 
535 HI_SS0343    (2)    8 :  0.170 0.165 0.665 
536 HI_SS0344    (1)    8 :  0.097 0.772 0.130 
537 HI_SS0345    (3)    8 :  0.444 0.232 0.324 
538 HI_SS0346    (0)    8 :  0.428 0.384 0.188 
539 HI_SS0350    (1)    8 :  0.323 0.104 0.573 
540 HI_SS0351    (0)    8 :  0.170 0.299 0.531 
541 HI_SS0352    (3)    8 :  0.300 0.186 0.514 
542 HI_SS0362    (0)    8 :  0.655 0.220 0.126 
543 HI_SS0363    (1)    8 :  0.122 0.532 0.347 
544 HI_SS0365    (0)    8 :  0.139 0.504 0.357 
545 HI_SS0366    (0)    8 :  0.127 0.681 0.192 
546 HI_SS0367    (1)    8 :  0.356 0.180 0.464 
547 HI_SS0369    (1)    8 :  0.555 0.149 0.297 
548 HI_SS0370    (0)    8 :  0.100 0.318 0.582 
549 HI_SS0371    (4)    8 :  0.412 0.450 0.138 
550 HI_SS0373    (3)    8 :  0.435 0.300 0.265 
551 HI_SS0374    (0)    8 :  0.390 0.227 0.383 
552 HI_SS0377    (0)    8 :  0.270 0.407 0.323 
553 HI_SS0379    (1)    8 :  0.086 0.811 0.103 
554 HI_SS0380    (1)    8 :  0.334 0.212 0.454 
555 HI_SS0381    (2)    8 :  0.452 0.150 0.398 
556 HI_SS0384    (3)    8 :  0.269 0.473 0.259 
557 HI_SS0385    (1)    8 :  0.587 0.300 0.114 


Estimated Allele Frequencies in each cluster
First column gives estimated ancestral frequencies


Locus 1 : 
2 alleles
3.4% missing data
   1   (0.737) 0.731 0.735 0.748 
   2   (0.263) 0.269 0.265 0.252 

Locus 2 : 
2 alleles
4.3% missing data
   1   (0.886) 0.895 0.900 0.874 
   2   (0.114) 0.105 0.100 0.126 

Locus 3 : 
2 alleles
3.9% missing data
   1   (0.864) 0.867 0.869 0.866 
   2   (0.136) 0.133 0.131 0.134 

Locus 4 : 
2 alleles
2.7% missing data
   1   (0.890) 0.879 0.893 0.905 
   2   (0.110) 0.121 0.107 0.095 

Locus 5 : 
2 alleles
2.7% missing data
   1   (0.823) 0.834 0.816 0.825 
   2   (0.177) 0.166 0.184 0.175 

Locus 6 : 
2 alleles
3.2% missing data
   1   (0.792) 0.816 0.771 0.797 
   2   (0.208) 0.184 0.229 0.203 

Locus 7 : 
2 alleles
3.8% missing data
   1   (0.805) 0.797 0.799 0.826 
   2   (0.195) 0.203 0.201 0.174 

Locus 8 : 
2 alleles
4.8% missing data
   1   (0.705) 0.723 0.700 0.697 
   2   (0.295) 0.277 0.300 0.303 

Locus 9 : 
2 alleles
3.1% missing data
   1   (0.793) 0.812 0.777 0.795 
   2   (0.207) 0.188 0.223 0.205 

Locus 10 : 
2 alleles
4.7% missing data
   1   (0.891) 0.893 0.883 0.905 
   2   (0.109) 0.107 0.117 0.095 

Locus 11 : 
2 alleles
3.2% missing data
   1   (0.864) 0.864 0.845 0.888 
   2   (0.136) 0.136 0.155 0.112 

Locus 12 : 
2 alleles
4.8% missing data
   1   (0.731) 0.742 0.739 0.719 
   2   (0.269) 0.258 0.261 0.281 

Locus 13 : 
2 alleles
4.7% missing data
   1   (0.888) 0.892 0.883 0.897 
   2   (0.112) 0.108 0.117 0.103 

Locus 14 : 
2 alleles
3.9% missing data
   1   (0.878) 0.878 0.872 0.891 
   2   (0.122) 0.122 0.128 0.109 

Locus 15 : 
2 alleles
3.9% missing data
   1   (0.505) 0.508 0.514 0.494 
   2   (0.495) 0.492 0.486 0.506 

Locus 16 : 
2 alleles
4.3% missing data
   1   (0.607) 0.650 0.577 0.596 
   2   (0.393) 0.350 0.423 0.404 

Locus 17 : 
2 alleles
4.1% missing data
   1   (0.774) 0.787 0.770 0.773 
   2   (0.226) 0.213 0.230 0.227 

Locus 18 : 
2 alleles
2.3% missing data
   1   (0.896) 0.900 0.912 0.886 
   2   (0.104) 0.100 0.088 0.114 

Locus 19 : 
2 alleles
4.3% missing data
   1   (0.711) 0.732 0.699 0.706 
   2   (0.289) 0.268 0.301 0.294 

Locus 20 : 
2 alleles
3.2% missing data
   1   (0.884) 0.901 0.888 0.873 
   2   (0.116) 0.099 0.112 0.127 

Locus 21 : 
2 alleles
3.4% missing data
   1   (0.558) 0.562 0.517 0.594 
   2   (0.442) 0.438 0.483 0.406 

Locus 22 : 
2 alleles
4.8% missing data
   1   (0.855) 0.859 0.854 0.863 
   2   (0.145) 0.141 0.146 0.137 

Locus 23 : 
2 alleles
4.3% missing data
   1   (0.883) 0.886 0.884 0.887 
   2   (0.117) 0.114 0.116 0.113 

Locus 24 : 
2 alleles
3.2% missing data
   1   (0.542) 0.565 0.544 0.519 
   2   (0.458) 0.435 0.456 0.481 

Locus 25 : 
2 alleles
4.3% missing data
   2   (0.471) 0.461 0.478 0.474 
   1   (0.529) 0.539 0.522 0.526 

Locus 26 : 
2 alleles
4.3% missing data
   1   (0.842) 0.846 0.858 0.830 
   2   (0.158) 0.154 0.142 0.170 

Locus 27 : 
2 alleles
2.2% missing data
   1   (0.602) 0.599 0.620 0.589 
   2   (0.398) 0.401 0.380 0.411 

Locus 28 : 
2 alleles
4.1% missing data
   1   (0.863) 0.866 0.866 0.865 
   2   (0.137) 0.134 0.134 0.135 

Locus 29 : 
2 alleles
1.8% missing data
   1   (0.882) 0.874 0.886 0.894 
   2   (0.118) 0.126 0.114 0.106 

Locus 30 : 
2 alleles
4.5% missing data
   1   (0.868) 0.872 0.873 0.869 
   2   (0.132) 0.128 0.127 0.131 

Locus 31 : 
2 alleles
4.3% missing data
   1   (0.789) 0.792 0.798 0.787 
   2   (0.211) 0.208 0.202 0.213 

Locus 32 : 
2 alleles
2.0% missing data
   1   (0.736) 0.757 0.736 0.723 
   2   (0.264) 0.243 0.264 0.277 

Locus 33 : 
2 alleles
3.6% missing data
   1   (0.762) 0.768 0.744 0.780 
   2   (0.238) 0.232 0.256 0.220 

Locus 34 : 
2 alleles
3.6% missing data
   1   (0.813) 0.786 0.823 0.835 
   2   (0.187) 0.214 0.177 0.165 

Locus 35 : 
2 alleles
3.8% missing data
   1   (0.869) 0.855 0.888 0.871 
   2   (0.131) 0.145 0.112 0.129 

Locus 36 : 
2 alleles
2.9% missing data
   1   (0.758) 0.756 0.762 0.762 
   2   (0.242) 0.244 0.238 0.238 

Locus 37 : 
2 alleles
2.2% missing data
   1   (0.742) 0.735 0.737 0.759 
   2   (0.258) 0.265 0.263 0.241 

Locus 38 : 
2 alleles
1.4% missing data
   1   (0.871) 0.880 0.849 0.890 
   2   (0.129) 0.120 0.151 0.110 

Locus 39 : 
2 alleles
3.2% missing data
   1   (0.705) 0.681 0.730 0.708 
   2   (0.295) 0.319 0.270 0.292 

Locus 40 : 
2 alleles
3.8% missing data
   1   (0.572) 0.574 0.556 0.588 
   2   (0.428) 0.426 0.444 0.412 

Locus 41 : 
2 alleles
3.4% missing data
   1   (0.881) 0.897 0.881 0.876 
   2   (0.119) 0.103 0.119 0.124 

Locus 42 : 
2 alleles
4.5% missing data
   2   (0.233) 0.220 0.188 0.291 
   1   (0.767) 0.780 0.812 0.709 

Locus 43 : 
2 alleles
2.0% missing data
   1   (0.820) 0.822 0.820 0.826 
   2   (0.180) 0.178 0.180 0.174 

Locus 44 : 
2 alleles
4.7% missing data
   1   (0.583) 0.587 0.575 0.589 
   2   (0.417) 0.413 0.425 0.411 

Locus 45 : 
2 alleles
3.2% missing data
   1   (0.872) 0.888 0.873 0.863 
   2   (0.128) 0.112 0.127 0.137 

Locus 46 : 
2 alleles
2.3% missing data
   1   (0.779) 0.775 0.786 0.780 
   2   (0.221) 0.225 0.214 0.220 

Locus 47 : 
2 alleles
4.5% missing data
   1   (0.887) 0.893 0.892 0.885 
   2   (0.113) 0.107 0.108 0.115 

Locus 48 : 
2 alleles
4.5% missing data
   1   (0.816) 0.809 0.823 0.822 
   2   (0.184) 0.191 0.177 0.178 

Locus 49 : 
2 alleles
4.5% missing data
   1   (0.818) 0.848 0.825 0.790 
   2   (0.182) 0.152 0.175 0.210 

Locus 50 : 
2 alleles
3.4% missing data
   1   (0.658) 0.637 0.655 0.684 
   2   (0.342) 0.363 0.345 0.316 

Locus 51 : 
2 alleles
1.4% missing data
   1   (0.602) 0.580 0.612 0.614 
   2   (0.398) 0.420 0.388 0.386 

Locus 52 : 
2 alleles
4.1% missing data
   1   (0.658) 0.652 0.665 0.661 
   2   (0.342) 0.348 0.335 0.339 

Locus 53 : 
2 alleles
4.5% missing data
   1   (0.851) 0.851 0.843 0.867 
   2   (0.149) 0.149 0.157 0.133 

Locus 54 : 
2 alleles
3.8% missing data
   1   (0.865) 0.873 0.876 0.856 
   2   (0.135) 0.127 0.124 0.144 

Locus 55 : 
2 alleles
3.2% missing data
   1   (0.882) 0.890 0.883 0.882 
   2   (0.118) 0.110 0.117 0.118 

Locus 56 : 
2 alleles
3.2% missing data
   1   (0.798) 0.784 0.807 0.808 
   2   (0.202) 0.216 0.193 0.192 

Locus 57 : 
2 alleles
4.5% missing data
   1   (0.663) 0.642 0.681 0.669 
   2   (0.337) 0.358 0.319 0.331 

Locus 58 : 
2 alleles
4.1% missing data
   1   (0.842) 0.809 0.856 0.862 
   2   (0.158) 0.191 0.144 0.138 

Locus 59 : 
2 alleles
4.8% missing data
   1   (0.820) 0.810 0.844 0.812 
   2   (0.180) 0.190 0.156 0.188 

Locus 60 : 
2 alleles
2.5% missing data
   1   (0.860) 0.860 0.854 0.875 
   2   (0.140) 0.140 0.146 0.125 

Locus 61 : 
2 alleles
3.9% missing data
   1   (0.778) 0.797 0.772 0.774 
   2   (0.222) 0.203 0.228 0.226 

Locus 62 : 
2 alleles
2.0% missing data
   1   (0.842) 0.861 0.817 0.854 
   2   (0.158) 0.139 0.183 0.146 

Locus 63 : 
2 alleles
4.1% missing data
   1   (0.758) 0.754 0.752 0.774 
   2   (0.242) 0.246 0.248 0.226 

Locus 64 : 
2 alleles
3.2% missing data
   1   (0.873) 0.858 0.896 0.871 
   2   (0.127) 0.142 0.104 0.129 

Locus 65 : 
2 alleles
2.7% missing data
   1   (0.870) 0.875 0.874 0.870 
   2   (0.130) 0.125 0.126 0.130 

Locus 66 : 
2 alleles
2.0% missing data
   1   (0.593) 0.560 0.616 0.601 
   2   (0.407) 0.440 0.384 0.399 

Locus 67 : 
2 alleles
4.8% missing data
   1   (0.786) 0.808 0.772 0.787 
   2   (0.214) 0.192 0.228 0.213 

Locus 68 : 
2 alleles
4.5% missing data
   1   (0.728) 0.719 0.718 0.750 
   2   (0.272) 0.281 0.282 0.250 

Locus 69 : 
2 alleles
2.9% missing data
   1   (0.593) 0.571 0.597 0.612 
   2   (0.407) 0.429 0.403 0.388 

Locus 70 : 
2 alleles
4.8% missing data
   1   (0.664) 0.685 0.649 0.663 
   2   (0.336) 0.315 0.351 0.337 

Locus 71 : 
2 alleles
4.1% missing data
   1   (0.820) 0.815 0.850 0.802 
   2   (0.180) 0.185 0.150 0.198 

Locus 72 : 
2 alleles
3.1% missing data
   1   (0.880) 0.888 0.890 0.872 
   2   (0.120) 0.112 0.110 0.128 

Locus 73 : 
2 alleles
4.5% missing data
   1   (0.732) 0.702 0.747 0.749 
   2   (0.268) 0.298 0.253 0.251 

Locus 74 : 
2 alleles
4.3% missing data
   1   (0.671) 0.645 0.691 0.678 
   2   (0.329) 0.355 0.309 0.322 

Locus 75 : 
2 alleles
2.0% missing data
   1   (0.895) 0.912 0.885 0.896 
   2   (0.105) 0.088 0.115 0.104 

Locus 76 : 
2 alleles
4.8% missing data
   2   (0.206) 0.221 0.221 0.173 
   1   (0.794) 0.779 0.779 0.827 

Locus 77 : 
2 alleles
2.0% missing data
   2   (0.268) 0.284 0.272 0.245 
   1   (0.732) 0.716 0.728 0.755 

Locus 78 : 
2 alleles
3.4% missing data
   1   (0.816) 0.839 0.826 0.790 
   2   (0.184) 0.161 0.174 0.210 

Locus 79 : 
2 alleles
4.8% missing data
   2   (0.254) 0.267 0.245 0.245 
   1   (0.746) 0.733 0.755 0.755 

Locus 80 : 
2 alleles
3.6% missing data
   1   (0.691) 0.689 0.719 0.669 
   2   (0.309) 0.311 0.281 0.331 

Locus 81 : 
2 alleles
2.2% missing data
   1   (0.808) 0.804 0.813 0.815 
   2   (0.192) 0.196 0.187 0.185 

Locus 82 : 
2 alleles
3.4% missing data
   1   (0.752) 0.743 0.766 0.754 
   2   (0.248) 0.257 0.234 0.246 

Locus 83 : 
2 alleles
4.8% missing data
   1   (0.701) 0.690 0.730 0.687 
   2   (0.299) 0.310 0.270 0.313 

Locus 84 : 
2 alleles
4.5% missing data
   1   (0.786) 0.764 0.804 0.796 
   2   (0.214) 0.236 0.196 0.204 

Locus 85 : 
2 alleles
3.2% missing data
   1   (0.766) 0.790 0.780 0.733 
   2   (0.234) 0.210 0.220 0.267 

Locus 86 : 
2 alleles
3.6% missing data
   1   (0.734) 0.722 0.715 0.767 
   2   (0.266) 0.278 0.285 0.233 

Locus 87 : 
2 alleles
2.7% missing data
   1   (0.881) 0.887 0.885 0.880 
   2   (0.119) 0.113 0.115 0.120 

Locus 88 : 
2 alleles
4.3% missing data
   1   (0.745) 0.750 0.738 0.753 
   2   (0.255) 0.250 0.262 0.247 

Locus 89 : 
2 alleles
3.9% missing data
   1   (0.772) 0.759 0.779 0.785 
   2   (0.228) 0.241 0.221 0.215 

Locus 90 : 
2 alleles
1.6% missing data
   1   (0.820) 0.804 0.826 0.837 
   2   (0.180) 0.196 0.174 0.163 

Locus 91 : 
2 alleles
4.8% missing data
   1   (0.880) 0.884 0.894 0.872 
   2   (0.120) 0.116 0.106 0.128 

Locus 92 : 
2 alleles
2.9% missing data
   1   (0.616) 0.590 0.622 0.637 
   2   (0.384) 0.410 0.378 0.363 

Locus 93 : 
2 alleles
3.6% missing data
   1   (0.767) 0.771 0.785 0.752 
   2   (0.233) 0.229 0.215 0.248 

Locus 94 : 
2 alleles
3.4% missing data
   1   (0.893) 0.908 0.892 0.891 
   2   (0.107) 0.092 0.108 0.109 

Locus 95 : 
2 alleles
3.9% missing data
   1   (0.667) 0.680 0.657 0.669 
   2   (0.333) 0.320 0.343 0.331 

Locus 96 : 
2 alleles
3.1% missing data
   1   (0.765) 0.754 0.782 0.766 
   2   (0.235) 0.246 0.218 0.234 

Locus 97 : 
2 alleles
0.9% missing data
   1   (0.838) 0.813 0.849 0.855 
   2   (0.162) 0.187 0.151 0.145 

Locus 98 : 
2 alleles
4.8% missing data
   1   (0.880) 0.882 0.874 0.893 
   2   (0.120) 0.118 0.126 0.107 

Locus 99 : 
2 alleles
3.2% missing data
   2   (0.386) 0.370 0.427 0.358 
   1   (0.614) 0.630 0.573 0.642 

Locus 100 : 
2 alleles
4.7% missing data
   1   (0.815) 0.827 0.821 0.805 
   2   (0.185) 0.173 0.179 0.195 

Locus 101 : 
2 alleles
2.3% missing data
   1   (0.785) 0.785 0.780 0.798 
   2   (0.215) 0.215 0.220 0.202 

Locus 102 : 
2 alleles
1.4% missing data
   1   (0.869) 0.873 0.874 0.871 
   2   (0.131) 0.127 0.126 0.129 

Locus 103 : 
2 alleles
3.4% missing data
   1   (0.655) 0.657 0.651 0.659 
   2   (0.345) 0.343 0.349 0.341 

Locus 104 : 
