

----------------------------------------------------
STRUCTURE by Pritchard, Stephens and Donnelly (2000)
     and Falush, Stephens and Pritchard (2003)
       Code by Pritchard, Falush and Hubisz
             Version 2.3.4 (Jul 2012)
----------------------------------------------------



Command line arguments:   /home/genobiwan/Documents/Programs/Structure/structure -m parameter_job_k5_r7 
Input File:    /media/genobiwan/Storage/Projets/Mackerel_NWA_2021/data_job_k5_r7

Run parameters:
   557 individuals
   3930 loci
   5 populations assumed
   100000 Burn-in period
   200000 Reps


--------------------------------------------
Proportion of membership of each pre-defined
 population in each of the 5 clusters

Given    Inferred Clusters                     Number of
 Pop       1      2      3      4      5      Individuals

  1:     0.193  0.186  0.214  0.203  0.205       67
  2:     0.234  0.166  0.177  0.209  0.214       32
  3:     0.184  0.183  0.203  0.211  0.219       92
  4:     0.189  0.213  0.213  0.201  0.185       36
  5:     0.188  0.208  0.209  0.205  0.190       41
  6:     0.198  0.211  0.201  0.194  0.196      158
  7:     0.202  0.200  0.203  0.193  0.202       79
  8:     0.181  0.217  0.200  0.201  0.201       52
--------------------------------------------

Allele-freq. divergence among pops (Net nucleotide distance),
computed using point estimates of P.

      1       2       3       4       5      
 1      -    0.0043  0.0029  0.0024  0.0034  
 2   0.0043     -    0.0031  0.0025  0.0037  
 3   0.0029  0.0031     -    0.0014  0.0028  
 4   0.0024  0.0025  0.0014     -    0.0026  
 5   0.0034  0.0037  0.0028  0.0026     -    

Average distances (expected heterozygosity) between individuals in same cluster:
cluster  1  : 0.3125 
cluster  2  : 0.3110 
cluster  3  : 0.3127 
cluster  4  : 0.3143 
cluster  5  : 0.3109 

--------------------------------------------
Estimated Ln Prob of Data   = -2070827.6
Mean value of ln likelihood = -2061952.8
Variance of ln likelihood   = 17749.6
Mean value of alpha         = 1.9237

Mean value of Fst_1         = 0.0412
Mean value of Fst_2         = 0.0391
Mean value of Fst_3         = 0.0329
Mean value of Fst_4         = 0.0344
Mean value of Fst_5         = 0.0366


Inferred ancestry of individuals:
        Label (%Miss) Pop:  Inferred clusters
  1 NS_SS0963    (4)    1 :  0.140 0.124 0.329 0.228 0.180 
  2 NS_SS0983    (1)    1 :  0.075 0.354 0.138 0.255 0.178 
  3 NS_SS0719    (8)    1 :  0.158 0.182 0.228 0.201 0.232 
  4 NS_SS1001    (8)    1 :  0.333 0.115 0.119 0.176 0.257 
  5 NS_SS0936    (4)    1 :  0.269 0.117 0.290 0.239 0.085 
  6 NS_SS0955    (5)    1 :  0.079 0.233 0.237 0.247 0.204 
  7 NS_SS0944    (3)    1 :  0.167 0.214 0.200 0.236 0.183 
  8 NS_SS0945    (3)    1 :  0.320 0.250 0.154 0.140 0.137 
  9 NS_SS0922    (2)    1 :  0.355 0.106 0.184 0.161 0.194 
 10 NS_SS0929    (7)    1 :  0.129 0.237 0.232 0.253 0.149 
 11 NS_SS0956    (2)    1 :  0.223 0.099 0.137 0.134 0.406 
 12 NS_SS0906    (3)    1 :  0.134 0.239 0.242 0.229 0.157 
 13 NS_SS0721    (6)    1 :  0.120 0.155 0.145 0.169 0.410 
 14 NS_SS0982    (4)    1 :  0.156 0.127 0.291 0.198 0.228 
 15 NS_SS0923    (5)    1 :  0.237 0.149 0.204 0.214 0.197 
 16 NS_SS0905    (6)    1 :  0.176 0.170 0.143 0.249 0.261 
 17 NS_SS0925    (3)    1 :  0.165 0.087 0.192 0.340 0.216 
 18 NS_SS0947    (5)    1 :  0.235 0.139 0.235 0.264 0.127 
 19 NS_SS0926    (2)    1 :  0.111 0.353 0.297 0.112 0.126 
 20 NS_SS0918    (6)    1 :  0.141 0.102 0.285 0.218 0.254 
 21 NS_SS0966    (4)    1 :  0.169 0.134 0.280 0.251 0.167 
 22 NS_SS0938    (2)    1 :  0.304 0.113 0.337 0.139 0.107 
 23 NS_SS0917    (2)    1 :  0.181 0.243 0.181 0.244 0.151 
 24 NS_SS0957   (11)    1 :  0.172 0.167 0.191 0.146 0.324 
 25 NS_SS0987    (1)    1 :  0.117 0.167 0.139 0.125 0.452 
 26 NS_SS0717    (4)    1 :  0.297 0.112 0.126 0.187 0.277 
 27 NS_SS0986    (2)    1 :  0.149 0.247 0.197 0.130 0.277 
 28 NS_SS0953    (4)    1 :  0.208 0.110 0.166 0.295 0.220 
 29 NS_SS0907    (3)    1 :  0.118 0.180 0.262 0.299 0.140 
 30 NS_SS0974    (6)    1 :  0.213 0.187 0.202 0.291 0.106 
 31 NS_SS0989    (1)    1 :  0.147 0.313 0.219 0.209 0.111 
 32 NS_SS0991    (2)    1 :  0.069 0.266 0.161 0.198 0.307 
 33 NS_SS0994    (2)    1 :  0.196 0.466 0.108 0.147 0.083 
 34 NS_SS0931    (6)    1 :  0.104 0.333 0.212 0.140 0.211 
 35 NS_SS1000    (5)    1 :  0.343 0.145 0.215 0.178 0.119 
 36 NS_SS0919    (1)    1 :  0.093 0.211 0.343 0.236 0.118 
 37 NS_SS0949    (3)    1 :  0.142 0.301 0.183 0.214 0.160 
 38 NS_SS0960   (10)    1 :  0.098 0.229 0.189 0.246 0.237 
 39 NS_SS0716    (2)    1 :  0.341 0.126 0.097 0.075 0.361 
 40 NS_SS0924    (8)    1 :  0.095 0.218 0.227 0.256 0.204 
 41 NS_SS0935    (1)    1 :  0.107 0.300 0.103 0.208 0.282 
 42 NS_SS0952   (13)    1 :  0.111 0.292 0.229 0.231 0.137 
 43 NS_SS0962   (10)    1 :  0.250 0.135 0.304 0.112 0.198 
 44 NS_SS0973    (5)    1 :  0.134 0.130 0.205 0.370 0.161 
 45 NS_SS0722    (1)    1 :  0.447 0.082 0.133 0.222 0.115 
 46 NS_SS0979   (13)    1 :  0.175 0.117 0.243 0.170 0.296 
 47 NS_SS0993    (2)    1 :  0.215 0.093 0.221 0.273 0.198 
 48 NS_SS0958    (1)    1 :  0.198 0.331 0.163 0.142 0.167 
 49 NS_SS0988    (4)    1 :  0.116 0.238 0.343 0.143 0.160 
 50 NS_SS1003    (2)    1 :  0.105 0.083 0.424 0.107 0.282 
 51 NS_SS0976    (0)    1 :  0.116 0.284 0.280 0.170 0.150 
 52 NS_SS0964   (10)    1 :  0.362 0.100 0.124 0.152 0.262 
 53 NS_SS0939    (4)    1 :  0.375 0.097 0.117 0.080 0.330 
 54 NS_SS0990    (6)    1 :  0.279 0.271 0.218 0.077 0.156 
 55 NS_SS0984    (2)    1 :  0.390 0.101 0.194 0.153 0.163 
 56 NS_SS0980    (9)    1 :  0.214 0.092 0.193 0.411 0.089 
 57 NS_SS0978    (4)    1 :  0.280 0.130 0.241 0.229 0.118 
 58 NS_SS0951   (17)    1 :  0.103 0.243 0.128 0.166 0.360 
 59 NS_SS0913    (3)    1 :  0.266 0.135 0.139 0.133 0.327 
 60 NS_SS1002    (1)    1 :  0.144 0.088 0.524 0.159 0.084 
 61 NS_SS0948    (1)    1 :  0.139 0.206 0.255 0.204 0.196 
 62 NS_SS0916    (4)    1 :  0.207 0.163 0.162 0.307 0.161 
 63 NS_SS0995    (1)    1 :  0.205 0.118 0.142 0.307 0.229 
 64 NS_SS0927    (6)    1 :  0.192 0.264 0.173 0.246 0.125 
 65 NS_SS0992    (5)    1 :  0.238 0.186 0.235 0.254 0.086 
 66 NS_SS0912    (1)    1 :  0.127 0.263 0.190 0.114 0.306 
 67 NS_SS0981    (1)    1 :  0.140 0.122 0.328 0.157 0.253 
 68 NS_SS0729    (5)    2 :  0.129 0.313 0.143 0.349 0.066 
 69 NS_SS0967   (14)    2 :  0.138 0.109 0.365 0.253 0.136 
 70 NS_SS0941    (7)    2 :  0.313 0.142 0.175 0.185 0.185 
 71 NS_SS0768   (12)    2 :  0.160 0.147 0.228 0.157 0.307 
 72 NS_SS0726    (4)    2 :  0.170 0.224 0.230 0.299 0.076 
 73 NS_SS0763    (4)    2 :  0.197 0.262 0.177 0.216 0.147 
 74 NS_SS0730    (6)    2 :  0.262 0.130 0.205 0.171 0.231 
 75 NS_SS0774    (1)    2 :  0.342 0.096 0.195 0.250 0.117 
 76 NS_SS0723    (3)    2 :  0.222 0.073 0.267 0.268 0.170 
 77 NS_SS0940    (9)    2 :  0.242 0.230 0.151 0.172 0.205 
 78 NS_SS0762    (1)    2 :  0.434 0.070 0.112 0.193 0.191 
 79 NS_SS0766   (11)    2 :  0.324 0.194 0.091 0.166 0.225 
 80 NS_SS0724    (1)    2 :  0.179 0.128 0.186 0.207 0.301 
 81 NS_SS0769    (3)    2 :  0.202 0.183 0.260 0.162 0.194 
 82 NS_SS0777    (2)    2 :  0.121 0.292 0.196 0.156 0.234 
 83 NS_SS0734    (6)    2 :  0.206 0.195 0.120 0.178 0.300 
 84 NS_SS0737    (3)    2 :  0.469 0.084 0.120 0.200 0.128 
 85 NS_SS0732    (5)    2 :  0.116 0.095 0.140 0.223 0.426 
 86 NS_SS0728    (5)    2 :  0.248 0.147 0.135 0.254 0.217 
 87 NS_SS0735    (9)    2 :  0.276 0.114 0.108 0.260 0.242 
 88 NS_SS0725    (1)    2 :  0.382 0.127 0.214 0.103 0.174 
 89 NS_SS0788    (2)    2 :  0.152 0.177 0.322 0.191 0.157 
 90 NS_SS0778    (2)    2 :  0.118 0.237 0.242 0.203 0.199 
 91 NS_SS0792    (6)    2 :  0.126 0.156 0.137 0.286 0.295 
 92 NS_SS0943   (11)    2 :  0.084 0.290 0.201 0.223 0.203 
 93 NS_SS0791    (2)    2 :  0.178 0.198 0.087 0.274 0.263 
 94 NS_SS0790    (5)    2 :  0.207 0.055 0.200 0.178 0.360 
 95 NS_SS0731    (6)    2 :  0.228 0.126 0.131 0.127 0.388 
 96 NS_SS0727    (6)    2 :  0.323 0.248 0.077 0.253 0.099 
 97 NS_SS0779   (12)    2 :  0.180 0.193 0.185 0.213 0.230 
 98 NS_SS0776    (3)    2 :  0.346 0.186 0.163 0.133 0.172 
 99 NS_SS0775    (5)    2 :  0.410 0.088 0.109 0.173 0.221 
100 NS_SS0965    (3)    3 :  0.106 0.135 0.245 0.195 0.319 
101 NS_SS0754   (13)    3 :  0.116 0.245 0.143 0.217 0.279 
102 NS_SS0838    (5)    3 :  0.226 0.210 0.225 0.196 0.143 
103 NS_SS0839    (3)    3 :  0.312 0.085 0.205 0.185 0.213 
104 NS_SS0832    (4)    3 :  0.190 0.072 0.259 0.226 0.254 
105 NS_SS0820    (4)    3 :  0.163 0.080 0.289 0.180 0.289 
106 NS_SS0886    (9)    3 :  0.146 0.250 0.174 0.176 0.253 
107 NS_SS0748    (5)    3 :  0.132 0.227 0.219 0.224 0.197 
108 NS_SS0884    (9)    3 :  0.182 0.173 0.211 0.254 0.181 
109 NS_SS0752    (3)    3 :  0.274 0.135 0.200 0.247 0.144 
110 NS_SS0862    (1)    3 :  0.110 0.076 0.140 0.248 0.426 
111 NS_SS0787    (9)    3 :  0.108 0.471 0.140 0.142 0.139 
112 NS_SS0843    (6)    3 :  0.177 0.154 0.172 0.274 0.223 
113 NS_SS0856    (4)    3 :  0.313 0.178 0.163 0.208 0.138 
114 NS_SS0846    (2)    3 :  0.159 0.188 0.295 0.277 0.081 
115 NS_SS0825    (1)    3 :  0.122 0.191 0.341 0.138 0.208 
116 NS_SS0757    (3)    3 :  0.123 0.222 0.171 0.197 0.287 
117 NS_SS0876    (3)    3 :  0.247 0.136 0.170 0.231 0.216 
118 NS_SS0903    (9)    3 :  0.204 0.078 0.213 0.409 0.096 
119 NS_SS0875    (7)    3 :  0.246 0.194 0.186 0.128 0.245 
120 NS_SS0740    (5)    3 :  0.205 0.147 0.178 0.247 0.223 
121 NS_SS0811    (5)    3 :  0.184 0.084 0.131 0.156 0.445 
122 NS_SS0751    (1)    3 :  0.307 0.166 0.215 0.144 0.169 
123 NS_SS0891    (6)    3 :  0.304 0.178 0.213 0.138 0.168 
124 NS_SS0867    (2)    3 :  0.070 0.177 0.284 0.286 0.183 
125 NS_SS0890    (6)    3 :  0.205 0.158 0.208 0.261 0.169 
126 NS_SS0866   (11)    3 :  0.149 0.409 0.140 0.172 0.131 
127 NS_SS0755    (4)    3 :  0.156 0.132 0.235 0.222 0.255 
128 NS_SS0758    (4)    3 :  0.231 0.151 0.175 0.275 0.169 
129 NS_SS0840    (2)    3 :  0.204 0.080 0.320 0.188 0.208 
130 NS_SS0889    (4)    3 :  0.118 0.352 0.133 0.137 0.260 
131 NS_SS1010    (1)    3 :  0.156 0.151 0.343 0.186 0.163 
132 NS_SS0888    (5)    3 :  0.177 0.320 0.081 0.270 0.152 
133 NS_SS0837    (3)    3 :  0.122 0.101 0.205 0.234 0.338 
134 NS_SS0794    (9)    3 :  0.247 0.268 0.091 0.229 0.166 
135 NS_SS0823    (4)    3 :  0.240 0.097 0.265 0.250 0.149 
136 NS_SS0829    (7)    3 :  0.075 0.375 0.121 0.166 0.264 
137 NS_SS0844    (5)    3 :  0.086 0.060 0.324 0.379 0.151 
138 NS_SS1008    (5)    3 :  0.283 0.289 0.112 0.160 0.156 
139 NS_SS0881    (3)    3 :  0.192 0.231 0.277 0.130 0.169 
140 NS_SS0834    (6)    3 :  0.429 0.109 0.209 0.129 0.125 
141 NS_SS0744   (10)    3 :  0.137 0.168 0.235 0.276 0.185 
142 NS_SS0899    (7)    3 :  0.203 0.099 0.145 0.153 0.401 
143 NS_SS0804    (4)    3 :  0.180 0.069 0.237 0.208 0.305 
144 NS_SS0781   (10)    3 :  0.217 0.095 0.327 0.194 0.168 
145 NS_SS0822    (6)    3 :  0.228 0.193 0.151 0.260 0.169 
146 NS_SS1004    (4)    3 :  0.142 0.135 0.260 0.270 0.193 
147 NS_SS0746    (5)    3 :  0.177 0.208 0.249 0.243 0.123 
148 NS_SS0880    (3)    3 :  0.207 0.129 0.267 0.229 0.169 
149 NS_SS0879    (4)    3 :  0.288 0.152 0.186 0.180 0.194 
150 NS_SS0753    (2)    3 :  0.093 0.248 0.154 0.222 0.283 
151 NS_SS1007    (2)    3 :  0.292 0.148 0.194 0.257 0.109 
152 NS_SS0872    (5)    3 :  0.251 0.111 0.243 0.230 0.165 
153 NS_SS1005    (7)    3 :  0.209 0.138 0.295 0.231 0.127 
154 NS_SS0892    (6)    3 :  0.218 0.198 0.185 0.184 0.216 
155 NS_SS0898    (0)    3 :  0.169 0.242 0.200 0.175 0.214 
156 NS_SS0801    (9)    3 :  0.131 0.168 0.171 0.208 0.323 
157 NS_SS0827    (8)    3 :  0.112 0.216 0.158 0.149 0.365 
158 NS_SS0853    (6)    3 :  0.121 0.225 0.111 0.156 0.386 
159 NS_SS0780    (2)    3 :  0.211 0.130 0.222 0.185 0.252 
160 NS_SS0826   (10)    3 :  0.090 0.197 0.430 0.168 0.114 
161 NS_SS0818    (5)    3 :  0.265 0.084 0.236 0.180 0.236 
162 NS_SS0745    (1)    3 :  0.489 0.094 0.101 0.051 0.264 
163 NS_SS0849    (3)    3 :  0.113 0.137 0.182 0.122 0.446 
164 NS_SS0739    (3)    3 :  0.204 0.164 0.212 0.176 0.244 
165 NS_SS0799    (1)    3 :  0.180 0.194 0.084 0.344 0.198 
166 NS_SS0756    (2)    3 :  0.134 0.090 0.358 0.208 0.210 
167 NS_SS0802    (2)    3 :  0.186 0.232 0.240 0.236 0.107 
168 NS_SS0747    (6)    3 :  0.149 0.156 0.276 0.271 0.148 
169 NS_SS0835    (1)    3 :  0.120 0.367 0.193 0.223 0.097 
170 NS_SS0742   (18)    3 :  0.158 0.115 0.230 0.288 0.209 
171 NS_SS0760    (9)    3 :  0.145 0.379 0.156 0.174 0.145 
172 NS_SS0803    (4)    3 :  0.156 0.065 0.216 0.438 0.125 
173 NS_SS0828   (13)    3 :  0.165 0.178 0.131 0.180 0.346 
174 NS_SS0865    (2)    3 :  0.084 0.155 0.289 0.215 0.256 
175 NS_SS0759    (4)    3 :  0.293 0.106 0.170 0.172 0.260 
176 NS_SS0851    (5)    3 :  0.203 0.107 0.142 0.092 0.455 
177 NS_SS0874   (16)    3 :  0.173 0.103 0.243 0.312 0.169 
178 NS_SS0761    (6)    3 :  0.076 0.320 0.192 0.181 0.230 
179 NS_SS0842   (25)    3 :  0.211 0.258 0.163 0.187 0.181 
180 NS_SS0785    (6)    3 :  0.135 0.227 0.180 0.283 0.175 
181 NS_SS0860   (11)    3 :  0.118 0.380 0.171 0.216 0.115 
182 NS_SS0897    (7)    3 :  0.114 0.429 0.100 0.162 0.194 
183 NS_SS0841   (14)    3 :  0.257 0.096 0.159 0.144 0.345 
184 NS_SS0797    (6)    3 :  0.098 0.250 0.193 0.154 0.305 
185 NS_SS0830   (10)    3 :  0.143 0.185 0.237 0.174 0.260 
186 NS_SS1011    (5)    3 :  0.126 0.092 0.405 0.191 0.186 
187 NS_SS0883    (5)    3 :  0.108 0.182 0.109 0.271 0.330 
188 NS_SS0782    (2)    3 :  0.300 0.204 0.122 0.237 0.137 
189 NS_SS0831    (5)    3 :  0.094 0.316 0.109 0.160 0.321 
190 NS_SS0749    (7)    3 :  0.184 0.193 0.130 0.205 0.288 
191 NS_SS0854    (2)    3 :  0.253 0.163 0.121 0.313 0.150 
192 HI_SS0193    (0)    4 :  0.240 0.269 0.137 0.133 0.221 
193 HI_SS0194    (0)    4 :  0.413 0.174 0.215 0.108 0.090 
194 HI_SS0195    (9)    4 :  0.221 0.086 0.211 0.100 0.381 
195 HI_SS0196    (6)    4 :  0.332 0.209 0.117 0.214 0.128 
196 HI_SS0197    (3)    4 :  0.185 0.132 0.468 0.132 0.083 
197 HI_SS0198    (1)    4 :  0.127 0.232 0.156 0.178 0.308 
198 HI_SS0199    (1)    4 :  0.245 0.205 0.117 0.320 0.113 
199 HI_SS0201    (4)    4 :  0.061 0.352 0.183 0.205 0.199 
200 HI_SS0215    (1)    4 :  0.077 0.321 0.207 0.202 0.192 
201 HI_SS0218    (1)    4 :  0.161 0.366 0.080 0.196 0.197 
202 HI_SS0222    (0)    4 :  0.238 0.181 0.179 0.162 0.240 
203 HI_SS0230    (1)    4 :  0.149 0.173 0.316 0.142 0.221 
204 HI_SS0234    (1)    4 :  0.224 0.153 0.255 0.298 0.070 
205 HI_SS0240    (1)    4 :  0.313 0.127 0.103 0.298 0.159 
206 HI_SS0241    (0)    4 :  0.120 0.281 0.198 0.235 0.165 
207 HI_SS0242    (0)    4 :  0.148 0.199 0.206 0.234 0.213 
208 HI_SS0247    (0)    4 :  0.131 0.171 0.298 0.218 0.183 
209 HI_SS0248    (1)    4 :  0.250 0.296 0.084 0.275 0.096 
210 HI_SS0252    (2)    4 :  0.285 0.113 0.128 0.231 0.243 
211 HI_SS0254    (1)    4 :  0.131 0.241 0.305 0.201 0.121 
212 HI_SS0256    (0)    4 :  0.228 0.043 0.316 0.225 0.188 
213 HI_SS0257    (0)    4 :  0.110 0.288 0.242 0.287 0.074 
214 HI_SS0258    (1)    4 :  0.148 0.333 0.129 0.189 0.201 
215 HI_SS0259    (1)    4 :  0.280 0.128 0.282 0.157 0.153 
216 HI_SS0260    (1)    4 :  0.241 0.299 0.113 0.230 0.117 
217 HI_SS0261    (2)    4 :  0.212 0.235 0.297 0.172 0.084 
218 HI_SS0262    (0)    4 :  0.167 0.123 0.177 0.225 0.307 
219 HI_SS0264    (1)    4 :  0.235 0.187 0.252 0.105 0.221 
220 HI_SS0265    (0)    4 :  0.159 0.144 0.284 0.156 0.258 
221 HI_SS0268    (1)    4 :  0.207 0.250 0.201 0.108 0.234 
222 HI_SS0269    (1)    4 :  0.099 0.352 0.188 0.296 0.065 
223 HI_SS0273    (0)    4 :  0.107 0.260 0.277 0.219 0.136 
224 HI_SS0277    (1)    4 :  0.094 0.128 0.474 0.162 0.141 
225 HI_SS0280    (0)    4 :  0.219 0.157 0.130 0.144 0.349 
226 HI_SS0282    (1)    4 :  0.130 0.228 0.175 0.266 0.200 
227 HI_SS0286    (1)    4 :  0.109 0.219 0.153 0.224 0.294 
228 NS_SS1252    (3)    5 :  0.114 0.423 0.104 0.212 0.148 
229 NS_SS1261    (1)    5 :  0.144 0.196 0.238 0.237 0.186 
230 NS_SS1225    (9)    5 :  0.098 0.230 0.277 0.266 0.130 
231 NS_SS1266    (1)    5 :  0.142 0.074 0.321 0.295 0.169 
232 NS_SS1228    (0)    5 :  0.147 0.114 0.142 0.155 0.442 
233 NS_SS1255    (2)    5 :  0.465 0.151 0.129 0.163 0.092 
234 NS_SS1267    (3)    5 :  0.093 0.455 0.120 0.164 0.168 
235 NS_SS1238    (6)    5 :  0.205 0.245 0.233 0.099 0.218 
236 NS_SS1233    (8)    5 :  0.185 0.117 0.286 0.210 0.202 
237 NS_SS1277    (3)    5 :  0.281 0.300 0.095 0.170 0.154 
238 NS_SS1245    (1)    5 :  0.199 0.240 0.200 0.242 0.118 
239 NS_SS1240    (4)    5 :  0.108 0.481 0.141 0.177 0.093 
240 NS_SS1275    (2)    5 :  0.189 0.075 0.381 0.155 0.200 
241 NS_SS1235    (1)    5 :  0.281 0.136 0.222 0.293 0.068 
242 NS_SS1263    (1)    5 :  0.320 0.103 0.185 0.221 0.171 
243 NS_SS1251    (1)    5 :  0.199 0.126 0.292 0.237 0.147 
244 NS_SS1248    (0)    5 :  0.109 0.184 0.121 0.075 0.511 
245 NS_SS1244    (0)    5 :  0.084 0.152 0.399 0.216 0.149 
246 NS_SS1257    (0)    5 :  0.181 0.307 0.126 0.200 0.187 
247 NS_SS1242    (2)    5 :  0.334 0.130 0.208 0.149 0.179 
248 NS_SS1271    (6)    5 :  0.104 0.405 0.118 0.228 0.145 
249 NS_SS1265    (1)    5 :  0.152 0.377 0.210 0.124 0.137 
250 NS_SS1243    (0)    5 :  0.257 0.133 0.088 0.142 0.380 
251 NS_SS1273    (1)    5 :  0.385 0.096 0.203 0.136 0.180 
252 NS_SS1254   (14)    5 :  0.194 0.103 0.233 0.281 0.188 
253 NS_SS1224    (1)    5 :  0.173 0.100 0.216 0.217 0.293 
254 NS_SS1227    (8)    5 :  0.179 0.292 0.201 0.234 0.095 
255 NS_SS1274    (8)    5 :  0.188 0.255 0.141 0.211 0.205 
256 NS_SS1241    (1)    5 :  0.119 0.228 0.235 0.259 0.159 
257 NS_SS1256    (3)    5 :  0.154 0.227 0.330 0.204 0.084 
258 NS_SS1260    (8)    5 :  0.140 0.279 0.135 0.324 0.122 
259 NS_SS1262    (0)    5 :  0.089 0.218 0.249 0.229 0.215 
260 NS_SS1230    (0)    5 :  0.201 0.235 0.205 0.159 0.200 
261 NS_SS1270    (2)    5 :  0.102 0.119 0.247 0.185 0.348 
262 NS_SS1229    (2)    5 :  0.283 0.096 0.278 0.284 0.059 
263 NS_SS1246    (5)    5 :  0.183 0.292 0.211 0.214 0.101 
264 NS_SS1269    (0)    5 :  0.227 0.138 0.197 0.193 0.246 
265 NS_SS1239    (1)    5 :  0.237 0.084 0.101 0.280 0.297 
266 NS_SS1272    (4)    5 :  0.134 0.145 0.472 0.139 0.110 
267 NS_SS1268    (1)    5 :  0.134 0.109 0.167 0.184 0.407 
268 NS_SS1249    (0)    5 :  0.179 0.369 0.097 0.262 0.093 
269 HI_SS0559    (0)    6 :  0.214 0.191 0.111 0.199 0.285 
270 HI_SS0563    (1)    6 :  0.141 0.174 0.233 0.264 0.189 
271 HI_SS0564    (0)    6 :  0.180 0.164 0.251 0.181 0.224 
272 HI_SS0565    (0)    6 :  0.133 0.239 0.312 0.188 0.128 
273 HI_SS0569    (0)    6 :  0.065 0.312 0.200 0.239 0.185 
274 HI_SS0570    (0)    6 :  0.158 0.352 0.134 0.152 0.204 
275 HI_SS0572    (1)    6 :  0.353 0.098 0.165 0.286 0.097 
276 HI_SS0576    (0)    6 :  0.240 0.114 0.163 0.132 0.351 
277 HI_SS0579    (1)    6 :  0.132 0.223 0.186 0.339 0.120 
278 HI_SS0580    (1)    6 :  0.265 0.267 0.100 0.203 0.165 
279 HI_SS0581    (0)    6 :  0.165 0.101 0.320 0.129 0.285 
280 HI_SS0583    (1)    6 :  0.217 0.336 0.147 0.204 0.096 
281 HI_SS0586    (1)    6 :  0.109 0.455 0.107 0.096 0.232 
282 HI_SS0588    (1)    6 :  0.139 0.258 0.153 0.267 0.182 
283 HI_SS0595    (4)    6 :  0.175 0.264 0.308 0.165 0.088 
284 HI_SS0596    (0)    6 :  0.459 0.091 0.109 0.219 0.122 
285 HI_SS0597    (1)    6 :  0.333 0.131 0.252 0.180 0.104 
286 HI_SS0600    (0)    6 :  0.136 0.199 0.213 0.295 0.157 
287 HI_SS0601    (1)    6 :  0.056 0.181 0.286 0.260 0.217 
288 HI_SS0602    (1)    6 :  0.168 0.287 0.088 0.126 0.331 
289 HI_SS0604    (0)    6 :  0.206 0.181 0.130 0.201 0.283 
290 HI_SS0605    (1)    6 :  0.140 0.226 0.092 0.217 0.326 
291 HI_SS0608    (0)    6 :  0.301 0.201 0.122 0.108 0.268 
292 HI_SS0609    (0)    6 :  0.210 0.109 0.319 0.242 0.120 
293 HI_SS0611    (5)    6 :  0.117 0.308 0.093 0.147 0.335 
294 HI_SS0612    (1)    6 :  0.145 0.136 0.252 0.405 0.062 
295 HI_SS0613    (1)    6 :  0.127 0.158 0.134 0.157 0.424 
296 HI_SS0615    (0)    6 :  0.299 0.073 0.185 0.205 0.239 
297 HI_SS0001    (1)    6 :  0.309 0.232 0.200 0.166 0.094 
298 HI_SS0002    (1)    6 :  0.227 0.094 0.315 0.216 0.148 
299 HI_SS0004    (0)    6 :  0.258 0.325 0.092 0.144 0.181 
300 HI_SS0005    (1)    6 :  0.139 0.140 0.174 0.114 0.433 
301 HI_SS0006    (1)    6 :  0.118 0.277 0.284 0.225 0.095 
302 HI_SS0007    (1)    6 :  0.139 0.272 0.072 0.125 0.393 
303 HI_SS0008    (0)    6 :  0.136 0.168 0.283 0.183 0.230 
304 HI_SS0009    (0)    6 :  0.285 0.102 0.079 0.208 0.326 
305 HI_SS0010    (1)    6 :  0.141 0.226 0.168 0.166 0.298 
306 HI_SS0011    (1)    6 :  0.122 0.135 0.375 0.188 0.180 
307 HI_SS0012    (0)    6 :  0.142 0.073 0.273 0.308 0.203 
308 HI_SS0017    (1)    6 :  0.444 0.134 0.156 0.136 0.130 
309 HI_SS0021    (1)    6 :  0.161 0.349 0.221 0.120 0.149 
310 HI_SS0024    (1)    6 :  0.260 0.127 0.236 0.149 0.228 
311 HI_SS0025    (1)    6 :  0.365 0.116 0.128 0.176 0.216 
312 HI_SS0027    (0)    6 :  0.125 0.245 0.116 0.238 0.275 
313 HI_SS0028    (0)    6 :  0.212 0.078 0.308 0.085 0.317 
314 HI_SS0029    (1)    6 :  0.311 0.230 0.157 0.147 0.154 
315 HI_SS0030    (2)    6 :  0.169 0.191 0.192 0.247 0.201 
316 HI_SS0031    (0)    6 :  0.180 0.116 0.303 0.301 0.100 
317 HI_SS0034    (0)    6 :  0.153 0.317 0.136 0.285 0.110 
318 HI_SS0036    (0)    6 :  0.127 0.387 0.181 0.098 0.207 
319 HI_SS0037    (1)    6 :  0.118 0.388 0.105 0.134 0.255 
320 HI_SS0039    (0)    6 :  0.120 0.269 0.167 0.119 0.325 
321 HI_SS0041    (1)    6 :  0.251 0.120 0.142 0.123 0.364 
322 HI_SS0042    (1)    6 :  0.285 0.111 0.260 0.153 0.191 
323 HI_SS0043    (1)    6 :  0.074 0.435 0.193 0.142 0.156 
324 HI_SS0044    (1)    6 :  0.374 0.246 0.089 0.184 0.108 
325 HI_SS0047    (1)    6 :  0.252 0.106 0.184 0.217 0.241 
326 HI_SS0049    (0)    6 :  0.392 0.155 0.142 0.163 0.148 
327 HI_SS0051    (1)    6 :  0.089 0.124 0.166 0.225 0.396 
328 HI_SS0053    (1)    6 :  0.115 0.343 0.244 0.186 0.111 
329 HI_SS0054    (4)    6 :  0.067 0.341 0.186 0.211 0.195 
330 HI_SS0057    (0)    6 :  0.195 0.161 0.219 0.116 0.310 
331 HI_SS0058    (0)    6 :  0.196 0.310 0.135 0.194 0.165 
332 HI_SS0060    (0)    6 :  0.101 0.156 0.256 0.181 0.306 
333 HI_SS0087    (1)    6 :  0.153 0.227 0.293 0.203 0.125 
334 HI_SS0091    (0)    6 :  0.087 0.372 0.266 0.198 0.076 
335 HI_SS0095    (1)    6 :  0.128 0.186 0.234 0.283 0.169 
336 HI_SS0097    (3)    6 :  0.097 0.114 0.270 0.359 0.160 
337 HI_SS0099    (0)    6 :  0.342 0.181 0.130 0.129 0.218 
338 HI_SS0103    (0)    6 :  0.282 0.157 0.230 0.231 0.100 
339 HI_SS0105    (1)    6 :  0.100 0.158 0.336 0.196 0.210 
340 HI_SS0107    (1)    6 :  0.386 0.083 0.204 0.220 0.108 
341 HI_SS0108    (1)    6 :  0.102 0.474 0.121 0.171 0.133 
342 HI_SS0110    (0)    6 :  0.169 0.196 0.346 0.207 0.083 
343 HI_SS0111    (1)    6 :  0.164 0.178 0.233 0.209 0.216 
344 HI_SS0112    (0)    6 :  0.136 0.455 0.127 0.158 0.124 
345 HI_SS0113    (1)    6 :  0.331 0.113 0.274 0.138 0.143 
346 HI_SS0114    (1)    6 :  0.084 0.281 0.133 0.198 0.304 
347 HI_SS0115    (1)    6 :  0.266 0.155 0.084 0.307 0.189 
348 HI_SS0116    (4)    6 :  0.300 0.330 0.091 0.196 0.083 
349 HI_SS0117    (0)    6 :  0.115 0.265 0.356 0.189 0.076 
350 HI_SS0118    (0)    6 :  0.171 0.257 0.224 0.240 0.108 
351 HI_SS0119    (1)    6 :  0.080 0.235 0.318 0.229 0.138 
352 HI_SS0120    (1)    6 :  0.422 0.098 0.291 0.120 0.070 
353 HI_SS0121    (1)    6 :  0.100 0.099 0.438 0.116 0.247 
354 HI_SS0122    (2)    6 :  0.159 0.185 0.266 0.181 0.210 
355 HI_SS0123    (0)    6 :  0.174 0.181 0.326 0.222 0.097 
356 HI_SS0124    (1)    6 :  0.417 0.084 0.113 0.161 0.225 
357 HI_SS0125    (1)    6 :  0.263 0.087 0.192 0.208 0.250 
358 HI_SS0126    (0)    6 :  0.264 0.363 0.128 0.142 0.103 
359 HI_SS0127    (0)    6 :  0.106 0.151 0.151 0.174 0.418 
360 HI_SS0128    (0)    6 :  0.284 0.155 0.241 0.222 0.097 
361 HI_SS0129    (1)    6 :  0.213 0.303 0.145 0.167 0.172 
362 HI_SS0131    (2)    6 :  0.080 0.272 0.166 0.154 0.327 
363 HI_SS0132    (0)    6 :  0.136 0.167 0.322 0.201 0.175 
364 HI_SS0133    (1)    6 :  0.151 0.469 0.111 0.126 0.143 
365 HI_SS0134    (1)    6 :  0.167 0.204 0.237 0.241 0.151 
366 HI_SS0142    (3)    6 :  0.091 0.130 0.296 0.298 0.185 
367 HI_SS0145    (0)    6 :  0.181 0.222 0.193 0.285 0.119 
368 HI_SS0146    (1)    6 :  0.132 0.227 0.156 0.275 0.210 
369 HI_SS0147    (1)    6 :  0.125 0.109 0.215 0.169 0.383 
370 HI_SS0149    (1)    6 :  0.115 0.201 0.491 0.107 0.086 
371 HI_SS0150    (2)    6 :  0.261 0.103 0.177 0.160 0.299 
372 HI_SS0151    (0)    6 :  0.236 0.150 0.079 0.323 0.212 
373 NS_SS1451    (1)    6 :  0.318 0.082 0.152 0.188 0.260 
374 NS_SS1404    (0)    6 :  0.183 0.161 0.168 0.120 0.369 
375 NS_SS1432    (2)    6 :  0.347 0.106 0.280 0.116 0.151 
376 NS_SS1405    (4)    6 :  0.343 0.204 0.142 0.154 0.157 
377 NS_SS1431   (10)    6 :  0.323 0.102 0.312 0.120 0.143 
378 NS_SS1402    (3)    6 :  0.163 0.190 0.279 0.256 0.112 
379 NS_SS1450    (3)    6 :  0.265 0.289 0.110 0.166 0.171 
380 NS_SS1396    (0)    6 :  0.182 0.189 0.219 0.174 0.236 
381 NS_SS1393    (5)    6 :  0.171 0.208 0.137 0.272 0.212 
382 NS_SS1392   (10)    6 :  0.367 0.131 0.095 0.173 0.234 
383 NS_SS1445    (0)    6 :  0.097 0.336 0.241 0.151 0.175 
384 NS_SS1423    (0)    6 :  0.197 0.206 0.282 0.225 0.091 
385 NS_SS1421    (9)    6 :  0.171 0.228 0.264 0.180 0.157 
386 NS_SS1411    (6)    6 :  0.120 0.309 0.077 0.117 0.377 
387 NS_SS1453    (5)    6 :  0.118 0.300 0.267 0.163 0.153 
388 NS_SS1442    (2)    6 :  0.181 0.191 0.175 0.267 0.187 
389 NS_SS1422    (1)    6 :  0.189 0.126 0.215 0.367 0.104 
390 NS_SS1419    (1)    6 :  0.118 0.143 0.207 0.227 0.305 
391 NS_SS1427    (0)    6 :  0.235 0.385 0.104 0.195 0.081 
392 NS_SS1444    (3)    6 :  0.228 0.135 0.149 0.177 0.310 
393 NS_SS1455    (0)    6 :  0.335 0.098 0.243 0.209 0.115 
394 NS_SS1425    (2)    6 :  0.071 0.408 0.151 0.196 0.174 
395 NS_SS1400    (0)    6 :  0.132 0.360 0.159 0.161 0.188 
396 NS_SS1406    (1)    6 :  0.172 0.077 0.409 0.216 0.127 
397 NS_SS1417    (6)    6 :  0.197 0.256 0.246 0.148 0.153 
398 NS_SS1454    (2)    6 :  0.137 0.311 0.300 0.085 0.167 
399 NS_SS1412    (1)    6 :  0.222 0.247 0.154 0.165 0.212 
400 NS_SS1438    (1)    6 :  0.067 0.335 0.135 0.217 0.246 
401 NS_SS1416    (4)    6 :  0.186 0.201 0.218 0.183 0.211 
402 NS_SS1401    (0)    6 :  0.158 0.204 0.294 0.217 0.127 
403 NS_SS1424    (6)    6 :  0.126 0.235 0.296 0.179 0.163 
404 NS_SS1435    (9)    6 :  0.303 0.169 0.147 0.141 0.240 
405 NS_SS1447    (4)    6 :  0.180 0.124 0.200 0.208 0.289 
406 NS_SS1414    (3)    6 :  0.257 0.140 0.160 0.136 0.307 
407 NS_SS1449   (14)    6 :  0.177 0.121 0.235 0.318 0.149 
408 NS_SS1443    (4)    6 :  0.177 0.253 0.164 0.324 0.081 
409 NS_SS1434    (1)    6 :  0.381 0.162 0.112 0.267 0.077 
410 NS_SS1398    (1)    6 :  0.354 0.164 0.154 0.144 0.185 
411 NS_SS1426    (1)    6 :  0.131 0.397 0.157 0.166 0.150 
412 NS_SS1413    (0)    6 :  0.273 0.311 0.162 0.149 0.106 
413 NS_SS1395    (1)    6 :  0.127 0.266 0.209 0.270 0.129 
414 NS_SS1448   (10)    6 :  0.227 0.250 0.110 0.098 0.316 
415 NS_SS1446    (0)    6 :  0.137 0.255 0.214 0.254 0.139 
416 NS_SS1403    (2)    6 :  0.184 0.133 0.339 0.173 0.172 
417 NS_SS1415    (0)    6 :  0.163 0.303 0.136 0.167 0.230 
418 NS_SS1437    (4)    6 :  0.190 0.178 0.321 0.124 0.187 
419 NS_SS1439    (2)    6 :  0.139 0.164 0.219 0.333 0.145 
420 NS_SS1441    (3)    6 :  0.242 0.265 0.165 0.225 0.104 
421 NS_SS1420    (2)    6 :  0.156 0.096 0.065 0.123 0.560 
422 NS_SS1394    (2)    6 :  0.220 0.127 0.183 0.117 0.355 
423 NS_SS1391    (7)    6 :  0.354 0.262 0.134 0.166 0.083 
424 NS_SS1410    (5)    6 :  0.182 0.253 0.221 0.207 0.138 
425 NS_SS1408    (1)    6 :  0.133 0.135 0.299 0.222 0.211 
426 NS_SS1409    (1)    6 :  0.338 0.237 0.132 0.215 0.078 
427 HI_SS0617    (1)    7 :  0.247 0.229 0.113 0.270 0.142 
428 HI_SS0618    (2)    7 :  0.252 0.140 0.125 0.209 0.275 
429 HI_SS0619    (0)    7 :  0.329 0.204 0.131 0.141 0.193 
430 HI_SS0620    (1)    7 :  0.115 0.341 0.065 0.214 0.265 
431 HI_SS0621    (3)    7 :  0.207 0.146 0.237 0.220 0.191 
432 HI_SS0622    (1)    7 :  0.190 0.184 0.223 0.200 0.203 
433 HI_SS0626    (0)    7 :  0.130 0.192 0.158 0.104 0.416 
434 HI_SS0627    (0)    7 :  0.223 0.144 0.326 0.138 0.168 
435 HI_SS0628    (3)    7 :  0.192 0.331 0.193 0.110 0.174 
436 HI_SS0629    (1)    7 :  0.118 0.237 0.247 0.191 0.208 
437 HI_SS0630    (1)    7 :  0.180 0.219 0.107 0.211 0.282 
438 HI_SS0631    (0)    7 :  0.140 0.235 0.149 0.191 0.285 
439 HI_SS0632    (0)    7 :  0.129 0.192 0.169 0.165 0.345 
440 HI_SS0633    (0)    7 :  0.417 0.146 0.108 0.219 0.110 
441 HI_SS0634    (1)    7 :  0.148 0.189 0.242 0.153 0.268 
442 HI_SS0635    (0)    7 :  0.227 0.123 0.198 0.151 0.300 
443 HI_SS0637    (1)    7 :  0.080 0.183 0.251 0.216 0.270 
444 HI_SS0638    (0)    7 :  0.263 0.222 0.184 0.145 0.186 
445 HI_SS0639    (1)    7 :  0.191 0.096 0.188 0.246 0.279 
446 HI_SS0640    (1)    7 :  0.196 0.152 0.186 0.252 0.215 
447 HI_SS0641    (1)    7 :  0.114 0.288 0.099 0.149 0.350 
448 HI_SS0642    (0)    7 :  0.188 0.107 0.403 0.175 0.127 
449 HI_SS0645    (0)    7 :  0.259 0.077 0.105 0.142 0.418 
450 HI_SS0646    (1)    7 :  0.268 0.154 0.220 0.270 0.087 
451 HI_SS0647    (1)    7 :  0.312 0.178 0.245 0.111 0.154 
452 HI_SS0648    (0)    7 :  0.228 0.191 0.178 0.186 0.216 
453 HI_SS0649    (1)    7 :  0.225 0.177 0.153 0.281 0.164 
454 HI_SS0650    (1)    7 :  0.391 0.106 0.143 0.230 0.130 
455 HI_SS0651    (1)    7 :  0.223 0.162 0.161 0.266 0.189 
456 HI_SS0652    (1)    7 :  0.233 0.102 0.093 0.126 0.445 
457 NS_SS1371    (3)    7 :  0.167 0.192 0.231 0.323 0.087 
458 NS_SS1374    (0)    7 :  0.157 0.316 0.222 0.102 0.203 
459 NS_SS1337    (3)    7 :  0.178 0.101 0.308 0.118 0.295 
460 NS_SS1385    (5)    7 :  0.261 0.130 0.204 0.281 0.124 
461 NS_SS1388    (0)    7 :  0.308 0.260 0.154 0.113 0.165 
462 NS_SS1370    (1)    7 :  0.069 0.069 0.119 0.149 0.594 
463 NS_SS1389    (3)    7 :  0.343 0.185 0.144 0.087 0.241 
464 NS_SS1360    (1)    7 :  0.100 0.240 0.159 0.197 0.304 
465 NS_SS1330    (0)    7 :  0.215 0.096 0.169 0.221 0.299 
466 NS_SS1328    (8)    7 :  0.329 0.276 0.159 0.170 0.067 
467 NS_SS1384    (1)    7 :  0.102 0.196 0.253 0.252 0.197 
468 NS_SS1381    (0)    7 :  0.410 0.077 0.147 0.247 0.119 
469 NS_SS1375    (1)    7 :  0.401 0.145 0.116 0.125 0.214 
470 NS_SS1319   (10)    7 :  0.180 0.178 0.233 0.212 0.197 
471 NS_SS1326    (2)    7 :  0.251 0.400 0.109 0.130 0.110 
472 NS_SS1341    (1)    7 :  0.081 0.265 0.324 0.208 0.122 
473 NS_SS1383    (1)    7 :  0.108 0.173 0.337 0.162 0.219 
474 NS_SS1318    (3)    7 :  0.198 0.152 0.124 0.235 0.291 
475 NS_SS1348    (2)    7 :  0.088 0.315 0.205 0.221 0.171 
476 NS_SS1363    (0)    7 :  0.176 0.138 0.232 0.194 0.259 
477 NS_SS1335    (4)    7 :  0.080 0.211 0.242 0.234 0.233 
478 NS_SS1358    (0)    7 :  0.110 0.196 0.301 0.259 0.133 
479 NS_SS1342    (1)    7 :  0.116 0.222 0.366 0.226 0.069 
480 NS_SS1320    (2)    7 :  0.512 0.055 0.158 0.196 0.079 
481 NS_SS1355    (1)    7 :  0.192 0.110 0.236 0.265 0.198 
482 NS_SS1345    (1)    7 :  0.125 0.075 0.292 0.348 0.161 
483 NS_SS1324    (0)    7 :  0.136 0.267 0.172 0.230 0.195 
484 NS_SS1347    (5)    7 :  0.156 0.138 0.216 0.330 0.160 
485 NS_SS1321    (4)    7 :  0.110 0.274 0.278 0.163 0.175 
486 NS_SS1333    (0)    7 :  0.158 0.311 0.250 0.143 0.138 
487 NS_SS1364    (1)    7 :  0.120 0.298 0.238 0.218 0.127 
488 NS_SS1379    (0)    7 :  0.271 0.161 0.158 0.229 0.181 
489 NS_SS1332    (0)    7 :  0.169 0.408 0.180 0.117 0.126 
490 NS_SS1338    (5)    7 :  0.101 0.257 0.137 0.164 0.341 
491 NS_SS1368    (6)    7 :  0.152 0.297 0.304 0.160 0.087 
492 NS_SS1354    (1)    7 :  0.178 0.163 0.290 0.209 0.160 
493 NS_SS1365    (0)    7 :  0.246 0.129 0.208 0.179 0.239 
494 NS_SS1380    (1)    7 :  0.185 0.113 0.275 0.216 0.210 
495 NS_SS1329    (8)    7 :  0.122 0.255 0.412 0.149 0.061 
496 NS_SS1362    (0)    7 :  0.202 0.189 0.269 0.210 0.130 
497 NS_SS1327    (2)    7 :  0.105 0.530 0.092 0.143 0.130 
498 NS_SS1350    (0)    7 :  0.312 0.186 0.109 0.313 0.080 
499 NS_SS1387    (2)    7 :  0.157 0.173 0.127 0.155 0.389 
500 NS_SS1369    (8)    7 :  0.109 0.268 0.220 0.209 0.193 
501 NS_SS1331    (1)    7 :  0.224 0.229 0.193 0.092 0.262 
502 NS_SS1357    (4)    7 :  0.377 0.195 0.137 0.230 0.061 
503 NS_SS1386    (1)    7 :  0.079 0.448 0.289 0.116 0.069 
504 NS_SS1353    (2)    7 :  0.378 0.176 0.205 0.137 0.104 
505 NS_SS1323    (0)    7 :  0.239 0.094 0.348 0.178 0.141 
506 HI_SS0296    (0)    8 :  0.137 0.228 0.085 0.222 0.329 
507 HI_SS0297    (0)    8 :  0.284 0.142 0.303 0.155 0.116 
508 HI_SS0299    (0)    8 :  0.132 0.193 0.215 0.229 0.231 
509 HI_SS0300    (0)    8 :  0.153 0.175 0.136 0.252 0.284 
510 HI_SS0301    (0)    8 :  0.076 0.167 0.231 0.121 0.405 
511 HI_SS0302    (0)    8 :  0.097 0.247 0.112 0.163 0.380 
512 HI_SS0303    (0)    8 :  0.277 0.359 0.118 0.144 0.102 
513 HI_SS0304    (0)    8 :  0.313 0.220 0.143 0.081 0.243 
514 HI_SS0306    (5)    8 :  0.142 0.344 0.130 0.116 0.269 
515 HI_SS0307    (1)    8 :  0.227 0.110 0.236 0.218 0.209 
516 HI_SS0308    (1)    8 :  0.115 0.134 0.234 0.273 0.244 
517 HI_SS0309    (0)    8 :  0.100 0.095 0.236 0.346 0.224 
518 HI_SS0310    (0)    8 :  0.309 0.229 0.136 0.143 0.184 
519 HI_SS0311    (3)    8 :  0.128 0.177 0.211 0.155 0.329 
520 HI_SS0314    (0)    8 :  0.387 0.189 0.183 0.135 0.106 
521 HI_SS0316    (1)    8 :  0.200 0.268 0.188 0.194 0.150 
522 HI_SS0317    (3)    8 :  0.138 0.159 0.281 0.169 0.253 
523 HI_SS0318    (1)    8 :  0.089 0.322 0.234 0.179 0.176 
524 HI_SS0319    (0)    8 :  0.117 0.415 0.133 0.251 0.084 
525 HI_SS0320    (3)    8 :  0.311 0.133 0.318 0.084 0.154 
526 HI_SS0321    (0)    8 :  0.125 0.208 0.226 0.299 0.142 
527 HI_SS0323    (1)    8 :  0.157 0.310 0.111 0.183 0.238 
528 HI_SS0325    (2)    8 :  0.123 0.308 0.145 0.137 0.287 
529 HI_SS0327    (1)    8 :  0.180 0.194 0.165 0.404 0.056 
530 HI_SS0329    (1)    8 :  0.252 0.170 0.208 0.114 0.256 
531 HI_SS0333    (1)    8 :  0.202 0.210 0.191 0.207 0.190 
532 HI_SS0334    (1)    8 :  0.104 0.310 0.193 0.199 0.195 
533 HI_SS0335    (1)    8 :  0.150 0.104 0.287 0.291 0.168 
534 HI_SS0339    (0)    8 :  0.182 0.135 0.211 0.210 0.263 
535 HI_SS0343    (2)    8 :  0.172 0.100 0.358 0.272 0.098 
536 HI_SS0344    (1)    8 :  0.094 0.508 0.122 0.165 0.111 
537 HI_SS0345    (3)    8 :  0.136 0.198 0.255 0.154 0.258 
538 HI_SS0346    (0)    8 :  0.156 0.249 0.277 0.118 0.199 
539 HI_SS0350    (1)    8 :  0.180 0.063 0.232 0.314 0.210 
540 HI_SS0351    (0)    8 :  0.118 0.153 0.328 0.280 0.122 
541 HI_SS0352    (3)    8 :  0.192 0.124 0.294 0.228 0.161 
542 HI_SS0362    (0)    8 :  0.151 0.152 0.125 0.146 0.426 
543 HI_SS0363    (1)    8 :  0.153 0.243 0.139 0.364 0.101 
544 HI_SS0365    (0)    8 :  0.180 0.259 0.149 0.302 0.109 
545 HI_SS0366    (0)    8 :  0.116 0.378 0.118 0.239 0.149 
546 HI_SS0367    (1)    8 :  0.310 0.107 0.243 0.187 0.154 
547 HI_SS0369    (1)    8 :  0.239 0.115 0.188 0.188 0.270 
548 HI_SS0370    (0)    8 :  0.304 0.129 0.182 0.307 0.078 
549 HI_SS0371    (4)    8 :  0.141 0.365 0.143 0.129 0.221 
550 HI_SS0373    (3)    8 :  0.256 0.183 0.123 0.211 0.226 
551 HI_SS0374    (0)    8 :  0.279 0.141 0.209 0.183 0.187 
552 HI_SS0377    (0)    8 :  0.085 0.199 0.305 0.232 0.180 
553 HI_SS0379    (1)    8 :  0.072 0.537 0.191 0.110 0.090 
554 HI_SS0380    (1)    8 :  0.216 0.152 0.228 0.214 0.190 
555 HI_SS0381    (2)    8 :  0.115 0.098 0.279 0.237 0.272 
556 HI_SS0384    (3)    8 :  0.289 0.263 0.174 0.142 0.132 
557 HI_SS0385    (1)    8 :  0.257 0.310 0.129 0.069 0.235 


Estimated Allele Frequencies in each cluster
First column gives estimated ancestral frequencies


Locus 1 : 
2 alleles
3.4% missing data
   1   (0.736) 0.774 0.723 0.783 0.738 0.675 
   2   (0.264) 0.226 0.277 0.217 0.262 0.325 

Locus 2 : 
2 alleles
4.3% missing data
   1   (0.886) 0.829 0.912 0.873 0.914 0.917 
   2   (0.114) 0.171 0.088 0.127 0.086 0.083 

Locus 3 : 
2 alleles
3.9% missing data
   1   (0.860) 0.865 0.866 0.880 0.867 0.857 
   2   (0.140) 0.135 0.134 0.120 0.133 0.143 

Locus 4 : 
2 alleles
2.7% missing data
   1   (0.885) 0.903 0.904 0.851 0.913 0.891 
   2   (0.115) 0.097 0.096 0.149 0.087 0.109 

Locus 5 : 
2 alleles
2.7% missing data
   1   (0.821) 0.797 0.803 0.865 0.825 0.833 
   2   (0.179) 0.203 0.197 0.135 0.175 0.167 

Locus 6 : 
2 alleles
3.2% missing data
   1   (0.788) 0.820 0.759 0.810 0.776 0.806 
   2   (0.212) 0.180 0.241 0.190 0.224 0.194 

Locus 7 : 
2 alleles
3.8% missing data
   1   (0.801) 0.838 0.772 0.810 0.821 0.795 
   2   (0.199) 0.162 0.228 0.190 0.179 0.205 

Locus 8 : 
2 alleles
4.8% missing data
   1   (0.703) 0.693 0.692 0.724 0.696 0.728 
   2   (0.297) 0.307 0.308 0.276 0.304 0.272 

Locus 9 : 
2 alleles
3.1% missing data
   1   (0.791) 0.826 0.752 0.824 0.762 0.811 
   2   (0.209) 0.174 0.248 0.176 0.238 0.189 

Locus 10 : 
2 alleles
4.7% missing data
   1   (0.886) 0.930 0.885 0.871 0.894 0.890 
   2   (0.114) 0.070 0.115 0.129 0.106 0.110 

Locus 11 : 
2 alleles
3.2% missing data
   1   (0.861) 0.897 0.823 0.879 0.879 0.851 
   2   (0.139) 0.103 0.177 0.121 0.121 0.149 

Locus 12 : 
2 alleles
4.8% missing data
   1   (0.729) 0.702 0.744 0.750 0.724 0.744 
   2   (0.271) 0.298 0.256 0.250 0.276 0.256 

Locus 13 : 
2 alleles
4.7% missing data
   1   (0.883) 0.913 0.881 0.908 0.882 0.871 
   2   (0.117) 0.087 0.119 0.092 0.118 0.129 

Locus 14 : 
2 alleles
3.9% missing data
   1   (0.872) 0.911 0.873 0.862 0.876 0.881 
   2   (0.128) 0.089 0.127 0.138 0.124 0.119 

Locus 15 : 
2 alleles
3.9% missing data
   1   (0.505) 0.492 0.539 0.510 0.478 0.509 
   2   (0.495) 0.508 0.461 0.490 0.522 0.491 

Locus 16 : 
2 alleles
4.3% missing data
   1   (0.606) 0.641 0.565 0.572 0.570 0.690 
   2   (0.394) 0.359 0.435 0.428 0.430 0.310 

Locus 17 : 
2 alleles
4.1% missing data
   1   (0.772) 0.755 0.751 0.776 0.797 0.802 
   2   (0.228) 0.245 0.249 0.224 0.203 0.198 

Locus 18 : 
2 alleles
2.3% missing data
   1   (0.891) 0.893 0.923 0.886 0.888 0.905 
   2   (0.109) 0.107 0.077 0.114 0.112 0.095 

Locus 19 : 
2 alleles
4.3% missing data
   1   (0.708) 0.694 0.690 0.703 0.717 0.758 
   2   (0.292) 0.306 0.310 0.297 0.283 0.242 

Locus 20 : 
2 alleles
3.2% missing data
   1   (0.883) 0.922 0.914 0.824 0.866 0.914 
   2   (0.117) 0.078 0.086 0.176 0.134 0.086 

Locus 21 : 
2 alleles
3.4% missing data
   1   (0.559) 0.561 0.454 0.601 0.596 0.574 
   2   (0.441) 0.439 0.546 0.399 0.404 0.426 

Locus 22 : 
2 alleles
4.8% missing data
   1   (0.851) 0.844 0.840 0.876 0.869 0.862 
   2   (0.149) 0.156 0.160 0.124 0.131 0.138 

Locus 23 : 
2 alleles
4.3% missing data
   1   (0.880) 0.839 0.890 0.913 0.900 0.883 
   2   (0.120) 0.161 0.110 0.087 0.100 0.117 

Locus 24 : 
2 alleles
3.2% missing data
   1   (0.543) 0.522 0.542 0.568 0.511 0.569 
   2   (0.457) 0.478 0.458 0.432 0.489 0.431 

Locus 25 : 
2 alleles
4.3% missing data
   2   (0.470) 0.500 0.488 0.411 0.480 0.478 
   1   (0.530) 0.500 0.512 0.589 0.520 0.522 

Locus 26 : 
2 alleles
4.3% missing data
   1   (0.840) 0.800 0.860 0.821 0.867 0.874 
   2   (0.160) 0.200 0.140 0.179 0.133 0.126 

Locus 27 : 
2 alleles
2.2% missing data
   1   (0.600) 0.557 0.642 0.583 0.604 0.626 
   2   (0.400) 0.443 0.358 0.417 0.396 0.374 

Locus 28 : 
2 alleles
4.1% missing data
   1   (0.860) 0.912 0.889 0.813 0.842 0.875 
   2   (0.140) 0.088 0.111 0.187 0.158 0.125 

Locus 29 : 
2 alleles
1.8% missing data
   1   (0.877) 0.881 0.881 0.894 0.892 0.875 
   2   (0.123) 0.119 0.119 0.106 0.108 0.125 

Locus 30 : 
2 alleles
4.5% missing data
   1   (0.864) 0.860 0.876 0.844 0.890 0.887 
   2   (0.136) 0.140 0.124 0.156 0.110 0.113 

Locus 31 : 
2 alleles
4.3% missing data
   1   (0.787) 0.805 0.792 0.748 0.790 0.827 
   2   (0.213) 0.195 0.208 0.252 0.210 0.173 

Locus 32 : 
2 alleles
