

----------------------------------------------------
STRUCTURE by Pritchard, Stephens and Donnelly (2000)
     and Falush, Stephens and Pritchard (2003)
       Code by Pritchard, Falush and Hubisz
             Version 2.3.4 (Jul 2012)
----------------------------------------------------



Command line arguments:   /home/genobiwan/Documents/Programs/Structure/structure -m parameter_job_k8_r8 
Input File:    /media/genobiwan/Storage/Projets/Mackerel_NWA_2021/data_job_k8_r8

Run parameters:
   557 individuals
   3930 loci
   8 populations assumed
   100000 Burn-in period
   200000 Reps


--------------------------------------------
Proportion of membership of each pre-defined
 population in each of the 8 clusters

Given    Inferred Clusters                                          Number of
 Pop       1      2      3      4      5      6      7      8      Individuals

  1:     0.129  0.137  0.112  0.117  0.118  0.128  0.133  0.126       67
  2:     0.144  0.110  0.102  0.155  0.138  0.112  0.119  0.120       32
  3:     0.122  0.133  0.119  0.122  0.141  0.137  0.122  0.107       92
  4:     0.108  0.104  0.137  0.134  0.123  0.128  0.126  0.140       36
  5:     0.119  0.133  0.135  0.124  0.124  0.137  0.106  0.122       41
  6:     0.124  0.121  0.134  0.123  0.122  0.122  0.127  0.128      158
  7:     0.129  0.117  0.123  0.120  0.125  0.123  0.134  0.127       79
  8:     0.117  0.141  0.133  0.115  0.121  0.120  0.128  0.125       52
--------------------------------------------

Allele-freq. divergence among pops (Net nucleotide distance),
computed using point estimates of P.

      1       2       3       4       5       6       7       8      
 1      -    0.0058  0.0082  0.0067  0.0061  0.0059  0.0058  0.0063  
 2   0.0058     -    0.0057  0.0058  0.0044  0.0027  0.0036  0.0052  
 3   0.0082  0.0057     -    0.0071  0.0070  0.0062  0.0057  0.0067  
 4   0.0067  0.0058  0.0071     -    0.0069  0.0054  0.0057  0.0066  
 5   0.0061  0.0044  0.0070  0.0069     -    0.0045  0.0048  0.0055  
 6   0.0059  0.0027  0.0062  0.0054  0.0045     -    0.0036  0.0042  
 7   0.0058  0.0036  0.0057  0.0057  0.0048  0.0036     -    0.0052  
 8   0.0063  0.0052  0.0067  0.0066  0.0055  0.0042  0.0052     -    

Average distances (expected heterozygosity) between individuals in same cluster:
cluster  1  : 0.3079 
cluster  2  : 0.3113 
cluster  3  : 0.3058 
cluster  4  : 0.3103 
cluster  5  : 0.3089 
cluster  6  : 0.3103 
cluster  7  : 0.3131 
cluster  8  : 0.3096 

--------------------------------------------
Estimated Ln Prob of Data   = -2072620.2
Mean value of ln likelihood = -2058284.0
Variance of ln likelihood   = 28672.5
Mean value of alpha         = 1.5412

Mean value of Fst_1         = 0.0775
Mean value of Fst_2         = 0.0646
Mean value of Fst_3         = 0.0782
Mean value of Fst_4         = 0.0767
Mean value of Fst_5         = 0.0643
Mean value of Fst_6         = 0.0656
Mean value of Fst_7         = 0.0597
Mean value of Fst_8         = 0.0724


Inferred ancestry of individuals:
        Label (%Miss) Pop:  Inferred clusters
  1 NS_SS0963    (4)    1 :  0.063 0.095 0.064 0.126 0.152 0.238 0.135 0.127 
  2 NS_SS0983    (1)    1 :  0.032 0.314 0.128 0.174 0.072 0.049 0.167 0.065 
  3 NS_SS0719    (8)    1 :  0.087 0.077 0.114 0.113 0.172 0.127 0.183 0.127 
  4 NS_SS1001    (8)    1 :  0.211 0.127 0.078 0.144 0.142 0.080 0.056 0.162 
  5 NS_SS0936    (4)    1 :  0.120 0.144 0.076 0.164 0.059 0.167 0.048 0.222 
  6 NS_SS0955    (5)    1 :  0.036 0.165 0.144 0.134 0.148 0.157 0.096 0.119 
  7 NS_SS0944    (3)    1 :  0.107 0.186 0.173 0.087 0.139 0.164 0.063 0.081 
  8 NS_SS0945    (3)    1 :  0.225 0.193 0.161 0.076 0.062 0.069 0.061 0.152 
  9 NS_SS0922    (2)    1 :  0.193 0.060 0.071 0.136 0.141 0.121 0.136 0.142 
 10 NS_SS0929    (7)    1 :  0.070 0.176 0.149 0.139 0.077 0.118 0.116 0.155 
 11 NS_SS0956    (2)    1 :  0.148 0.081 0.060 0.098 0.286 0.087 0.109 0.129 
 12 NS_SS0906    (3)    1 :  0.093 0.195 0.160 0.086 0.087 0.169 0.110 0.101 
 13 NS_SS0721    (6)    1 :  0.068 0.137 0.069 0.127 0.274 0.079 0.131 0.116 
 14 NS_SS0982    (4)    1 :  0.098 0.089 0.069 0.066 0.128 0.218 0.237 0.094 
 15 NS_SS0923    (5)    1 :  0.168 0.140 0.083 0.113 0.095 0.106 0.162 0.133 
 16 NS_SS0905    (6)    1 :  0.165 0.182 0.074 0.106 0.068 0.078 0.292 0.036 
 17 NS_SS0925    (3)    1 :  0.077 0.184 0.043 0.233 0.123 0.130 0.091 0.118 
 18 NS_SS0947    (5)    1 :  0.137 0.136 0.101 0.180 0.086 0.158 0.057 0.144 
 19 NS_SS0926    (2)    1 :  0.065 0.122 0.227 0.041 0.062 0.098 0.175 0.210 
 20 NS_SS0918    (6)    1 :  0.112 0.312 0.059 0.051 0.097 0.167 0.061 0.140 
 21 NS_SS0966    (4)    1 :  0.127 0.174 0.070 0.133 0.083 0.180 0.126 0.108 
 22 NS_SS0938    (2)    1 :  0.107 0.075 0.065 0.124 0.067 0.125 0.063 0.373 
 23 NS_SS0917    (2)    1 :  0.125 0.053 0.158 0.140 0.106 0.106 0.225 0.087 
 24 NS_SS0957   (11)    1 :  0.141 0.117 0.095 0.067 0.203 0.105 0.122 0.149 
 25 NS_SS0987    (1)    1 :  0.099 0.141 0.083 0.050 0.251 0.070 0.175 0.130 
 26 NS_SS0717    (4)    1 :  0.252 0.157 0.060 0.104 0.136 0.082 0.158 0.049 
 27 NS_SS0986    (2)    1 :  0.117 0.198 0.132 0.038 0.150 0.095 0.128 0.143 
 28 NS_SS0953    (4)    1 :  0.159 0.221 0.073 0.182 0.117 0.137 0.069 0.042 
 29 NS_SS0907    (3)    1 :  0.097 0.205 0.095 0.084 0.071 0.208 0.184 0.056 
 30 NS_SS0974    (6)    1 :  0.158 0.123 0.156 0.189 0.068 0.178 0.071 0.056 
 31 NS_SS0989    (1)    1 :  0.064 0.056 0.204 0.213 0.085 0.114 0.104 0.160 
 32 NS_SS0991    (2)    1 :  0.046 0.293 0.131 0.046 0.183 0.098 0.149 0.053 
 33 NS_SS0994    (2)    1 :  0.140 0.096 0.367 0.107 0.065 0.067 0.085 0.073 
 34 NS_SS0931    (6)    1 :  0.044 0.219 0.157 0.043 0.094 0.071 0.122 0.250 
 35 NS_SS1000    (5)    1 :  0.251 0.114 0.099 0.100 0.077 0.159 0.077 0.123 
 36 NS_SS0919    (1)    1 :  0.053 0.172 0.094 0.073 0.045 0.137 0.316 0.111 
 37 NS_SS0949    (3)    1 :  0.052 0.065 0.171 0.203 0.155 0.116 0.137 0.101 
 38 NS_SS0960   (10)    1 :  0.092 0.112 0.160 0.120 0.123 0.135 0.201 0.057 
 39 NS_SS0716    (2)    1 :  0.382 0.059 0.084 0.040 0.176 0.049 0.148 0.062 
 40 NS_SS0924    (8)    1 :  0.059 0.098 0.114 0.145 0.110 0.180 0.182 0.111 
 41 NS_SS0935    (1)    1 :  0.075 0.113 0.173 0.099 0.162 0.075 0.254 0.049 
 42 NS_SS0952   (13)    1 :  0.080 0.162 0.168 0.078 0.063 0.155 0.218 0.076 
 43 NS_SS0962   (10)    1 :  0.193 0.111 0.072 0.057 0.093 0.154 0.135 0.185 
 44 NS_SS0973    (5)    1 :  0.059 0.128 0.081 0.228 0.124 0.202 0.128 0.049 
 45 NS_SS0722    (1)    1 :  0.309 0.186 0.059 0.125 0.063 0.106 0.049 0.103 
 46 NS_SS0979   (13)    1 :  0.170 0.146 0.069 0.061 0.171 0.152 0.138 0.092 
 47 NS_SS0993    (2)    1 :  0.121 0.201 0.047 0.187 0.120 0.116 0.089 0.120 
 48 NS_SS0958    (1)    1 :  0.161 0.115 0.229 0.075 0.075 0.110 0.143 0.093 
 49 NS_SS0988    (4)    1 :  0.085 0.127 0.123 0.055 0.072 0.185 0.188 0.165 
 50 NS_SS1003    (2)    1 :  0.042 0.064 0.051 0.042 0.201 0.194 0.178 0.228 
 51 NS_SS0976    (0)    1 :  0.049 0.185 0.161 0.070 0.087 0.102 0.077 0.269 
 52 NS_SS0964   (10)    1 :  0.288 0.067 0.067 0.125 0.173 0.127 0.095 0.058 
 53 NS_SS0939    (4)    1 :  0.288 0.048 0.051 0.059 0.167 0.039 0.070 0.277 
 54 NS_SS0990    (6)    1 :  0.189 0.077 0.186 0.044 0.087 0.106 0.070 0.240 
 55 NS_SS0984    (2)    1 :  0.250 0.105 0.052 0.123 0.069 0.088 0.099 0.214 
 56 NS_SS0980    (9)    1 :  0.127 0.147 0.062 0.306 0.058 0.146 0.103 0.051 
 57 NS_SS0978    (4)    1 :  0.162 0.082 0.101 0.122 0.079 0.200 0.178 0.076 
 58 NS_SS0951   (17)    1 :  0.104 0.210 0.150 0.048 0.208 0.096 0.128 0.056 
 59 NS_SS0913    (3)    1 :  0.231 0.090 0.109 0.077 0.233 0.096 0.094 0.070 
 60 NS_SS1002    (1)    1 :  0.095 0.109 0.057 0.070 0.046 0.311 0.105 0.206 
 61 NS_SS0948    (1)    1 :  0.087 0.252 0.105 0.083 0.083 0.094 0.134 0.162 
 62 NS_SS0916    (4)    1 :  0.071 0.054 0.101 0.313 0.085 0.081 0.145 0.149 
 63 NS_SS0995    (1)    1 :  0.137 0.088 0.066 0.298 0.111 0.077 0.147 0.075 
 64 NS_SS0927    (6)    1 :  0.122 0.087 0.135 0.159 0.054 0.119 0.263 0.061 
 65 NS_SS0992    (5)    1 :  0.112 0.053 0.148 0.222 0.070 0.195 0.073 0.126 
 66 NS_SS0912    (1)    1 :  0.093 0.143 0.137 0.042 0.205 0.106 0.137 0.135 
 67 NS_SS0981    (1)    1 :  0.096 0.173 0.062 0.047 0.139 0.154 0.170 0.160 
 68 NS_SS0729    (5)    2 :  0.050 0.122 0.243 0.293 0.051 0.117 0.061 0.060 
 69 NS_SS0967   (14)    2 :  0.083 0.106 0.056 0.125 0.075 0.265 0.188 0.103 
 70 NS_SS0941    (7)    2 :  0.146 0.083 0.085 0.179 0.109 0.099 0.093 0.206 
 71 NS_SS0768   (12)    2 :  0.120 0.106 0.098 0.066 0.240 0.192 0.089 0.089 
 72 NS_SS0726    (4)    2 :  0.050 0.061 0.152 0.285 0.059 0.135 0.083 0.176 
 73 NS_SS0763    (4)    2 :  0.132 0.101 0.171 0.118 0.088 0.112 0.203 0.075 
 74 NS_SS0730    (6)    2 :  0.198 0.093 0.073 0.126 0.113 0.097 0.160 0.141 
 75 NS_SS0774    (1)    2 :  0.233 0.121 0.057 0.227 0.065 0.128 0.047 0.121 
 76 NS_SS0723    (3)    2 :  0.126 0.128 0.035 0.182 0.108 0.142 0.152 0.128 
 77 NS_SS0940    (9)    2 :  0.124 0.102 0.136 0.154 0.101 0.060 0.091 0.231 
 78 NS_SS0762    (1)    2 :  0.309 0.097 0.049 0.153 0.108 0.085 0.107 0.092 
 79 NS_SS0766   (11)    2 :  0.226 0.071 0.112 0.153 0.118 0.046 0.159 0.115 
 80 NS_SS0724    (1)    2 :  0.118 0.175 0.064 0.126 0.183 0.142 0.103 0.088 
 81 NS_SS0769    (3)    2 :  0.154 0.070 0.098 0.069 0.118 0.152 0.253 0.085 
 82 NS_SS0777    (2)    2 :  0.090 0.246 0.143 0.047 0.103 0.070 0.176 0.126 
 83 NS_SS0734    (6)    2 :  0.141 0.097 0.150 0.119 0.210 0.077 0.115 0.091 
 84 NS_SS0737    (3)    2 :  0.236 0.060 0.049 0.235 0.080 0.071 0.061 0.207 
 85 NS_SS0732    (5)    2 :  0.091 0.124 0.049 0.148 0.284 0.109 0.142 0.054 
 86 NS_SS0728    (5)    2 :  0.104 0.119 0.078 0.240 0.161 0.064 0.076 0.158 
 87 NS_SS0735    (9)    2 :  0.151 0.159 0.068 0.241 0.185 0.085 0.055 0.057 
 88 NS_SS0725    (1)    2 :  0.200 0.072 0.086 0.104 0.162 0.132 0.046 0.199 
 89 NS_SS0788    (2)    2 :  0.080 0.057 0.088 0.117 0.086 0.166 0.250 0.155 
 90 NS_SS0778    (2)    2 :  0.058 0.121 0.102 0.115 0.108 0.113 0.219 0.162 
 91 NS_SS0792    (6)    2 :  0.071 0.103 0.113 0.204 0.193 0.117 0.123 0.076 
 92 NS_SS0943   (11)    2 :  0.044 0.117 0.237 0.074 0.179 0.209 0.073 0.066 
 93 NS_SS0791    (2)    2 :  0.068 0.092 0.116 0.284 0.154 0.042 0.069 0.175 
 94 NS_SS0790    (5)    2 :  0.175 0.118 0.037 0.076 0.281 0.187 0.077 0.050 
 95 NS_SS0731    (6)    2 :  0.208 0.137 0.062 0.051 0.265 0.073 0.133 0.070 
 96 NS_SS0727    (6)    2 :  0.178 0.076 0.197 0.268 0.090 0.063 0.059 0.070 
 97 NS_SS0779   (12)    2 :  0.102 0.214 0.073 0.126 0.110 0.073 0.164 0.137 
 98 NS_SS0776    (3)    2 :  0.228 0.097 0.129 0.110 0.112 0.097 0.093 0.134 
 99 NS_SS0775    (5)    2 :  0.310 0.079 0.062 0.139 0.113 0.073 0.082 0.141 
100 NS_SS0965    (3)    3 :  0.069 0.151 0.062 0.097 0.203 0.135 0.153 0.129 
101 NS_SS0754   (13)    3 :  0.055 0.080 0.173 0.166 0.225 0.108 0.093 0.099 
102 NS_SS0838    (5)    3 :  0.150 0.163 0.128 0.109 0.078 0.136 0.070 0.166 
103 NS_SS0839    (3)    3 :  0.200 0.077 0.059 0.156 0.145 0.150 0.069 0.144 
104 NS_SS0832    (4)    3 :  0.144 0.157 0.039 0.076 0.161 0.208 0.113 0.101 
105 NS_SS0820    (4)    3 :  0.085 0.084 0.040 0.099 0.169 0.184 0.183 0.157 
106 NS_SS0886    (9)    3 :  0.094 0.108 0.152 0.126 0.168 0.098 0.136 0.118 
107 NS_SS0748    (5)    3 :  0.083 0.249 0.100 0.075 0.092 0.106 0.172 0.123 
108 NS_SS0884    (9)    3 :  0.104 0.107 0.122 0.172 0.135 0.150 0.112 0.098 
109 NS_SS0752    (3)    3 :  0.164 0.091 0.100 0.209 0.100 0.156 0.082 0.098 
110 NS_SS0862    (1)    3 :  0.060 0.146 0.045 0.173 0.309 0.111 0.086 0.071 
111 NS_SS0787    (9)    3 :  0.104 0.073 0.375 0.066 0.089 0.116 0.112 0.064 
112 NS_SS0843    (6)    3 :  0.108 0.141 0.075 0.158 0.156 0.115 0.200 0.047 
113 NS_SS0856    (4)    3 :  0.224 0.046 0.118 0.191 0.087 0.110 0.155 0.069 
114 NS_SS0846    (2)    3 :  0.081 0.153 0.127 0.159 0.052 0.199 0.150 0.079 
115 NS_SS0825    (1)    3 :  0.050 0.119 0.112 0.059 0.163 0.185 0.088 0.224 
116 NS_SS0757    (3)    3 :  0.081 0.191 0.123 0.080 0.185 0.122 0.121 0.098 
117 NS_SS0876    (3)    3 :  0.151 0.118 0.088 0.157 0.168 0.132 0.105 0.079 
118 NS_SS0903    (9)    3 :  0.101 0.144 0.044 0.343 0.054 0.174 0.071 0.070 
119 NS_SS0875    (7)    3 :  0.200 0.167 0.102 0.065 0.095 0.083 0.137 0.151 
120 NS_SS0740    (5)    3 :  0.133 0.197 0.077 0.122 0.140 0.108 0.156 0.067 
121 NS_SS0811    (5)    3 :  0.210 0.127 0.055 0.072 0.280 0.092 0.088 0.076 
122 NS_SS0751    (1)    3 :  0.201 0.107 0.085 0.104 0.073 0.102 0.159 0.168 
123 NS_SS0891    (6)    3 :  0.189 0.091 0.117 0.101 0.105 0.119 0.078 0.201 
124 NS_SS0867    (2)    3 :  0.035 0.158 0.127 0.081 0.166 0.212 0.137 0.083 
125 NS_SS0890    (6)    3 :  0.124 0.137 0.078 0.151 0.079 0.104 0.218 0.109 
126 NS_SS0866   (11)    3 :  0.081 0.108 0.350 0.107 0.095 0.096 0.056 0.107 
127 NS_SS0755    (4)    3 :  0.106 0.100 0.095 0.084 0.194 0.180 0.132 0.109 
128 NS_SS0758    (4)    3 :  0.116 0.214 0.082 0.232 0.083 0.091 0.094 0.087 
129 NS_SS0840    (2)    3 :  0.140 0.122 0.049 0.097 0.128 0.224 0.073 0.167 
130 NS_SS0889    (4)    3 :  0.073 0.101 0.276 0.068 0.222 0.120 0.062 0.079 
131 NS_SS1010    (1)    3 :  0.144 0.080 0.091 0.068 0.092 0.231 0.225 0.069 
132 NS_SS0888    (5)    3 :  0.095 0.046 0.272 0.240 0.141 0.084 0.071 0.051 
133 NS_SS0837    (3)    3 :  0.103 0.101 0.060 0.079 0.265 0.217 0.126 0.049 
134 NS_SS0794    (9)    3 :  0.184 0.108 0.228 0.142 0.112 0.078 0.086 0.061 
135 NS_SS0823    (4)    3 :  0.132 0.205 0.069 0.131 0.097 0.200 0.060 0.106 
136 NS_SS0829    (7)    3 :  0.060 0.277 0.252 0.051 0.156 0.085 0.056 0.062 
137 NS_SS0844    (5)    3 :  0.052 0.183 0.035 0.150 0.102 0.340 0.101 0.036 
138 NS_SS1008    (5)    3 :  0.225 0.084 0.226 0.123 0.106 0.096 0.079 0.062 
139 NS_SS0881    (3)    3 :  0.106 0.069 0.139 0.066 0.089 0.104 0.173 0.253 
140 NS_SS0834    (6)    3 :  0.227 0.091 0.070 0.128 0.095 0.138 0.065 0.185 
141 NS_SS0744   (10)    3 :  0.059 0.105 0.107 0.196 0.147 0.163 0.083 0.140 
142 NS_SS0899    (7)    3 :  0.205 0.215 0.065 0.053 0.211 0.109 0.077 0.066 
143 NS_SS0804    (4)    3 :  0.112 0.171 0.034 0.121 0.180 0.134 0.136 0.111 
144 NS_SS0781   (10)    3 :  0.162 0.216 0.043 0.073 0.068 0.162 0.126 0.150 
145 NS_SS0822    (6)    3 :  0.100 0.240 0.137 0.175 0.115 0.098 0.050 0.085 
146 NS_SS1004    (4)    3 :  0.088 0.132 0.070 0.101 0.114 0.217 0.192 0.084 
147 NS_SS0746    (5)    3 :  0.117 0.239 0.125 0.087 0.069 0.170 0.095 0.099 
148 NS_SS0880    (3)    3 :  0.114 0.146 0.086 0.118 0.135 0.183 0.050 0.169 
149 NS_SS0879    (4)    3 :  0.159 0.090 0.124 0.138 0.180 0.154 0.058 0.096 
150 NS_SS0753    (2)    3 :  0.079 0.180 0.171 0.101 0.143 0.119 0.146 0.061 
151 NS_SS1007    (2)    3 :  0.167 0.048 0.088 0.243 0.052 0.101 0.179 0.123 
152 NS_SS0872    (5)    3 :  0.176 0.107 0.069 0.142 0.096 0.163 0.156 0.093 
153 NS_SS1005    (7)    3 :  0.141 0.197 0.068 0.087 0.071 0.207 0.109 0.120 
154 NS_SS0892    (6)    3 :  0.134 0.157 0.104 0.088 0.122 0.096 0.189 0.110 
155 NS_SS0898    (0)    3 :  0.089 0.162 0.148 0.075 0.111 0.102 0.137 0.174 
156 NS_SS0801    (9)    3 :  0.112 0.186 0.105 0.071 0.196 0.133 0.120 0.077 
157 NS_SS0827    (8)    3 :  0.134 0.101 0.089 0.052 0.110 0.064 0.401 0.049 
158 NS_SS0853    (6)    3 :  0.188 0.101 0.123 0.087 0.187 0.085 0.187 0.042 
159 NS_SS0780    (2)    3 :  0.107 0.159 0.053 0.116 0.140 0.078 0.134 0.213 
160 NS_SS0826   (10)    3 :  0.046 0.164 0.126 0.041 0.086 0.281 0.071 0.185 
161 NS_SS0818    (5)    3 :  0.167 0.103 0.055 0.144 0.122 0.120 0.128 0.160 
162 NS_SS0745    (1)    3 :  0.407 0.043 0.066 0.044 0.168 0.052 0.059 0.161 
163 NS_SS0849    (3)    3 :  0.082 0.118 0.065 0.041 0.359 0.106 0.120 0.110 
164 NS_SS0739    (3)    3 :  0.122 0.068 0.085 0.137 0.147 0.098 0.167 0.175 
165 NS_SS0799    (1)    3 :  0.113 0.134 0.122 0.280 0.113 0.063 0.135 0.040 
166 NS_SS0756    (2)    3 :  0.089 0.176 0.058 0.065 0.119 0.236 0.121 0.135 
167 NS_SS0802    (2)    3 :  0.100 0.086 0.122 0.131 0.061 0.137 0.258 0.106 
168 NS_SS0747    (6)    3 :  0.096 0.152 0.084 0.130 0.086 0.196 0.158 0.097 
169 NS_SS0835    (1)    3 :  0.070 0.079 0.230 0.128 0.060 0.120 0.261 0.054 
170 NS_SS0742   (18)    3 :  0.091 0.173 0.056 0.191 0.129 0.130 0.123 0.107 
171 NS_SS0760    (9)    3 :  0.121 0.131 0.276 0.085 0.070 0.106 0.141 0.071 
172 NS_SS0803    (4)    3 :  0.066 0.207 0.040 0.286 0.087 0.209 0.053 0.051 
173 NS_SS0828   (13)    3 :  0.109 0.129 0.089 0.115 0.185 0.072 0.167 0.134 
174 NS_SS0865    (2)    3 :  0.052 0.100 0.118 0.076 0.222 0.202 0.131 0.100 
175 NS_SS0759    (4)    3 :  0.205 0.142 0.059 0.114 0.155 0.109 0.125 0.091 
176 NS_SS0851    (5)    3 :  0.124 0.055 0.068 0.039 0.396 0.099 0.058 0.161 
177 NS_SS0874   (16)    3 :  0.127 0.262 0.059 0.115 0.089 0.200 0.090 0.059 
178 NS_SS0761    (6)    3 :  0.045 0.193 0.209 0.077 0.139 0.117 0.094 0.125 
179 NS_SS0842   (25)    3 :  0.176 0.142 0.188 0.093 0.088 0.103 0.120 0.091 
180 NS_SS0785    (6)    3 :  0.096 0.141 0.144 0.165 0.129 0.146 0.114 0.065 
181 NS_SS0860   (11)    3 :  0.069 0.101 0.280 0.103 0.072 0.160 0.166 0.050 
182 NS_SS0897    (7)    3 :  0.086 0.111 0.314 0.096 0.157 0.075 0.079 0.082 
183 NS_SS0841   (14)    3 :  0.205 0.130 0.060 0.068 0.225 0.108 0.093 0.111 
184 NS_SS0797    (6)    3 :  0.062 0.104 0.161 0.057 0.176 0.113 0.149 0.179 
185 NS_SS0830   (10)    3 :  0.108 0.104 0.139 0.091 0.174 0.157 0.117 0.109 
186 NS_SS1011    (5)    3 :  0.057 0.082 0.067 0.094 0.146 0.271 0.092 0.191 
187 NS_SS0883    (5)    3 :  0.112 0.152 0.121 0.131 0.175 0.078 0.182 0.049 
188 NS_SS0782    (2)    3 :  0.196 0.087 0.152 0.227 0.105 0.093 0.059 0.080 
189 NS_SS0831    (5)    3 :  0.071 0.144 0.236 0.088 0.252 0.073 0.063 0.072 
190 NS_SS0749    (7)    3 :  0.104 0.087 0.124 0.183 0.214 0.071 0.085 0.133 
191 NS_SS0854    (2)    3 :  0.129 0.086 0.118 0.288 0.129 0.121 0.084 0.046 
192 HI_SS0193    (0)    4 :  0.097 0.063 0.208 0.138 0.195 0.072 0.047 0.181 
193 HI_SS0194    (0)    4 :  0.170 0.105 0.089 0.095 0.063 0.090 0.047 0.341 
194 HI_SS0195    (9)    4 :  0.127 0.065 0.040 0.091 0.256 0.115 0.109 0.198 
195 HI_SS0196    (6)    4 :  0.229 0.112 0.140 0.197 0.091 0.099 0.046 0.085 
196 HI_SS0197    (3)    4 :  0.070 0.084 0.061 0.067 0.043 0.181 0.148 0.348 
197 HI_SS0198    (1)    4 :  0.081 0.100 0.126 0.141 0.229 0.104 0.123 0.096 
198 HI_SS0199    (1)    4 :  0.116 0.068 0.167 0.304 0.078 0.086 0.103 0.078 
199 HI_SS0201    (4)    4 :  0.034 0.134 0.205 0.086 0.159 0.121 0.197 0.065 
200 HI_SS0215    (1)    4 :  0.060 0.141 0.200 0.078 0.115 0.133 0.211 0.063 
201 HI_SS0218    (1)    4 :  0.097 0.054 0.310 0.150 0.165 0.073 0.059 0.093 
202 HI_SS0222    (0)    4 :  0.148 0.068 0.104 0.156 0.173 0.071 0.096 0.185 
203 HI_SS0230    (1)    4 :  0.138 0.097 0.064 0.043 0.071 0.145 0.316 0.126 
204 HI_SS0234    (1)    4 :  0.066 0.080 0.068 0.313 0.050 0.133 0.102 0.187 
205 HI_SS0240    (1)    4 :  0.139 0.051 0.072 0.330 0.104 0.067 0.101 0.136 
206 HI_SS0241    (0)    4 :  0.066 0.100 0.165 0.107 0.091 0.125 0.197 0.149 
207 HI_SS0242    (0)    4 :  0.074 0.156 0.135 0.118 0.150 0.137 0.090 0.139 
208 HI_SS0247    (0)    4 :  0.072 0.287 0.093 0.054 0.099 0.159 0.065 0.172 
209 HI_SS0248    (1)    4 :  0.163 0.188 0.201 0.192 0.061 0.066 0.088 0.040 
210 HI_SS0252    (2)    4 :  0.149 0.172 0.072 0.190 0.185 0.092 0.047 0.095 
211 HI_SS0254    (1)    4 :  0.069 0.104 0.116 0.131 0.056 0.152 0.229 0.144 
212 HI_SS0256    (0)    4 :  0.164 0.070 0.026 0.112 0.124 0.320 0.121 0.063 
213 HI_SS0257    (0)    4 :  0.053 0.165 0.211 0.156 0.045 0.167 0.100 0.104 
214 HI_SS0258    (1)    4 :  0.098 0.105 0.250 0.120 0.115 0.106 0.120 0.087 
215 HI_SS0259    (1)    4 :  0.107 0.060 0.069 0.109 0.120 0.123 0.110 0.302 
216 HI_SS0260    (1)    4 :  0.201 0.075 0.235 0.144 0.079 0.084 0.122 0.059 
217 HI_SS0261    (2)    4 :  0.071 0.138 0.138 0.086 0.051 0.148 0.089 0.280 
218 HI_SS0262    (0)    4 :  0.117 0.055 0.092 0.151 0.231 0.131 0.149 0.074 
219 HI_SS0264    (1)    4 :  0.223 0.105 0.105 0.038 0.111 0.126 0.155 0.137 
220 HI_SS0265    (0)    4 :  0.084 0.066 0.076 0.068 0.179 0.146 0.231 0.149 
221 HI_SS0268    (1)    4 :  0.165 0.060 0.111 0.062 0.096 0.084 0.255 0.166 
222 HI_SS0269    (1)    4 :  0.044 0.097 0.265 0.224 0.047 0.147 0.100 0.076 
223 HI_SS0273    (0)    4 :  0.070 0.086 0.237 0.073 0.092 0.263 0.112 0.068 
224 HI_SS0277    (1)    4 :  0.043 0.081 0.069 0.092 0.082 0.223 0.120 0.291 
225 HI_SS0280    (0)    4 :  0.166 0.068 0.131 0.105 0.255 0.073 0.097 0.105 
226 HI_SS0282    (1)    4 :  0.071 0.145 0.185 0.138 0.175 0.151 0.070 0.066 
227 HI_SS0286    (1)    4 :  0.050 0.134 0.108 0.181 0.178 0.080 0.162 0.106 
228 NS_SS1252    (3)    5 :  0.079 0.178 0.307 0.131 0.088 0.079 0.075 0.062 
229 NS_SS1261    (1)    5 :  0.118 0.166 0.109 0.173 0.097 0.136 0.102 0.099 
230 NS_SS1225    (9)    5 :  0.057 0.193 0.148 0.077 0.072 0.224 0.161 0.068 
231 NS_SS1266    (1)    5 :  0.098 0.185 0.044 0.097 0.108 0.321 0.074 0.073 
232 NS_SS1228    (0)    5 :  0.132 0.074 0.084 0.116 0.293 0.096 0.087 0.116 
233 NS_SS1255    (2)    5 :  0.334 0.082 0.156 0.163 0.067 0.100 0.035 0.063 
234 NS_SS1267    (3)    5 :  0.052 0.072 0.296 0.119 0.117 0.055 0.192 0.096 
235 NS_SS1238    (6)    5 :  0.110 0.101 0.154 0.070 0.124 0.094 0.069 0.278 
236 NS_SS1233    (8)    5 :  0.168 0.311 0.062 0.031 0.079 0.173 0.061 0.114 
237 NS_SS1277    (3)    5 :  0.134 0.053 0.186 0.232 0.112 0.048 0.073 0.161 
238 NS_SS1245    (1)    5 :  0.109 0.269 0.125 0.097 0.062 0.105 0.092 0.140 
239 NS_SS1240    (4)    5 :  0.057 0.147 0.258 0.139 0.044 0.070 0.190 0.094 
240 NS_SS1275    (2)    5 :  0.085 0.075 0.041 0.072 0.146 0.199 0.056 0.326 
241 NS_SS1235    (1)    5 :  0.117 0.109 0.088 0.256 0.040 0.191 0.084 0.115 
242 NS_SS1263    (1)    5 :  0.242 0.248 0.066 0.095 0.085 0.131 0.051 0.083 
243 NS_SS1251    (1)    5 :  0.133 0.258 0.066 0.090 0.076 0.165 0.106 0.105 
244 NS_SS1248    (0)    5 :  0.077 0.101 0.107 0.032 0.344 0.057 0.082 0.200 
245 NS_SS1244    (0)    5 :  0.031 0.122 0.090 0.110 0.093 0.186 0.072 0.296 
246 NS_SS1257    (0)    5 :  0.099 0.110 0.232 0.153 0.123 0.075 0.125 0.082 
247 NS_SS1242    (2)    5 :  0.278 0.107 0.078 0.060 0.125 0.149 0.100 0.103 
248 NS_SS1271    (6)    5 :  0.046 0.069 0.264 0.195 0.099 0.061 0.126 0.141 
249 NS_SS1265    (1)    5 :  0.103 0.164 0.249 0.053 0.087 0.113 0.110 0.122 
250 NS_SS1243    (0)    5 :  0.205 0.144 0.084 0.109 0.256 0.062 0.079 0.061 
251 NS_SS1273    (1)    5 :  0.311 0.092 0.071 0.066 0.080 0.139 0.085 0.155 
252 NS_SS1254   (14)    5 :  0.179 0.233 0.075 0.083 0.094 0.164 0.104 0.068 
253 NS_SS1224    (1)    5 :  0.130 0.141 0.079 0.094 0.225 0.181 0.070 0.079 
254 NS_SS1227    (8)    5 :  0.094 0.073 0.122 0.098 0.042 0.075 0.407 0.089 
255 NS_SS1274    (8)    5 :  0.126 0.115 0.164 0.183 0.139 0.097 0.072 0.103 
256 NS_SS1241    (1)    5 :  0.071 0.102 0.164 0.129 0.137 0.203 0.121 0.074 
257 NS_SS1256    (3)    5 :  0.091 0.159 0.143 0.057 0.051 0.228 0.115 0.156 
258 NS_SS1260    (8)    5 :  0.083 0.095 0.213 0.231 0.089 0.107 0.116 0.067 
259 NS_SS1262    (0)    5 :  0.055 0.122 0.153 0.127 0.146 0.208 0.104 0.085 
260 NS_SS1230    (0)    5 :  0.173 0.091 0.197 0.068 0.122 0.166 0.106 0.077 
261 NS_SS1270    (2)    5 :  0.065 0.143 0.069 0.049 0.270 0.209 0.102 0.093 
262 NS_SS1229    (2)    5 :  0.101 0.127 0.052 0.277 0.040 0.189 0.058 0.156 
263 NS_SS1246    (5)    5 :  0.052 0.111 0.170 0.204 0.058 0.079 0.063 0.262 
264 NS_SS1269    (0)    5 :  0.154 0.089 0.088 0.124 0.156 0.164 0.133 0.093 
265 NS_SS1239    (1)    5 :  0.095 0.055 0.056 0.294 0.249 0.074 0.111 0.065 
266 NS_SS1272    (4)    5 :  0.063 0.082 0.065 0.058 0.061 0.230 0.214 0.227 
267 NS_SS1268    (1)    5 :  0.101 0.180 0.073 0.046 0.303 0.141 0.108 0.048 
268 NS_SS1249    (0)    5 :  0.071 0.115 0.290 0.230 0.074 0.074 0.046 0.100 
269 HI_SS0559    (0)    6 :  0.150 0.107 0.138 0.121 0.200 0.098 0.116 0.071 
270 HI_SS0563    (1)    6 :  0.071 0.142 0.095 0.233 0.098 0.128 0.094 0.138 
271 HI_SS0564    (0)    6 :  0.067 0.164 0.075 0.125 0.125 0.111 0.092 0.240 
272 HI_SS0565    (0)    6 :  0.083 0.174 0.122 0.064 0.054 0.132 0.245 0.126 
273 HI_SS0569    (0)    6 :  0.045 0.321 0.137 0.045 0.069 0.091 0.223 0.070 
274 HI_SS0570    (0)    6 :  0.086 0.089 0.240 0.124 0.157 0.067 0.115 0.123 
275 HI_SS0572    (1)    6 :  0.222 0.102 0.057 0.226 0.073 0.122 0.117 0.082 
276 HI_SS0576    (0)    6 :  0.158 0.089 0.065 0.100 0.213 0.087 0.105 0.182 
277 HI_SS0579    (1)    6 :  0.063 0.217 0.121 0.189 0.073 0.157 0.125 0.055 
278 HI_SS0580    (1)    6 :  0.198 0.086 0.188 0.153 0.111 0.077 0.109 0.079 
279 HI_SS0581    (0)    6 :  0.085 0.070 0.055 0.068 0.235 0.197 0.092 0.198 
280 HI_SS0583    (1)    6 :  0.161 0.231 0.163 0.104 0.037 0.071 0.172 0.061 
281 HI_SS0586    (1)    6 :  0.112 0.143 0.265 0.057 0.109 0.054 0.201 0.059 
282 HI_SS0588    (1)    6 :  0.091 0.197 0.113 0.126 0.081 0.107 0.227 0.058 
283 HI_SS0595    (4)    6 :  0.095 0.060 0.148 0.079 0.043 0.122 0.249 0.204 
284 HI_SS0596    (0)    6 :  0.329 0.098 0.070 0.196 0.073 0.083 0.086 0.066 
285 HI_SS0597    (1)    6 :  0.204 0.181 0.067 0.109 0.050 0.130 0.081 0.178 
286 HI_SS0600    (0)    6 :  0.054 0.067 0.119 0.234 0.100 0.137 0.186 0.104 
287 HI_SS0601    (1)    6 :  0.039 0.143 0.083 0.114 0.137 0.208 0.190 0.085 
288 HI_SS0602    (1)    6 :  0.146 0.109 0.155 0.062 0.146 0.050 0.285 0.047 
289 HI_SS0604    (0)    6 :  0.119 0.293 0.080 0.084 0.168 0.069 0.096 0.091 
290 HI_SS0605    (1)    6 :  0.061 0.132 0.120 0.180 0.263 0.064 0.076 0.103 
291 HI_SS0608    (0)    6 :  0.221 0.096 0.091 0.080 0.111 0.055 0.179 0.167 
292 HI_SS0609    (0)    6 :  0.163 0.181 0.074 0.092 0.061 0.230 0.125 0.075 
293 HI_SS0611    (5)    6 :  0.097 0.113 0.215 0.086 0.237 0.066 0.135 0.050 
294 HI_SS0612    (1)    6 :  0.066 0.200 0.120 0.221 0.038 0.224 0.072 0.059 
295 HI_SS0613    (1)    6 :  0.119 0.096 0.112 0.052 0.360 0.111 0.104 0.047 
296 HI_SS0615    (0)    6 :  0.168 0.064 0.045 0.188 0.147 0.089 0.143 0.156 
297 HI_SS0001    (1)    6 :  0.143 0.055 0.177 0.162 0.074 0.140 0.055 0.194 
298 HI_SS0002    (1)    6 :  0.152 0.138 0.049 0.085 0.070 0.212 0.228 0.065 
299 HI_SS0004    (0)    6 :  0.155 0.086 0.215 0.113 0.123 0.063 0.100 0.144 
300 HI_SS0005    (1)    6 :  0.102 0.051 0.089 0.054 0.280 0.108 0.158 0.157 
301 HI_SS0006    (1)    6 :  0.076 0.179 0.192 0.103 0.068 0.218 0.091 0.072 
302 HI_SS0007    (1)    6 :  0.080 0.064 0.210 0.128 0.348 0.048 0.051 0.071 
303 HI_SS0008    (0)    6 :  0.076 0.114 0.061 0.073 0.115 0.148 0.326 0.086 
304 HI_SS0009    (0)    6 :  0.171 0.100 0.059 0.191 0.204 0.057 0.120 0.099 
305 HI_SS0010    (1)    6 :  0.127 0.136 0.136 0.079 0.125 0.099 0.216 0.081 
306 HI_SS0011    (1)    6 :  0.082 0.180 0.104 0.029 0.103 0.240 0.069 0.194 
307 HI_SS0012    (0)    6 :  0.087 0.084 0.029 0.242 0.088 0.145 0.264 0.062 
308 HI_SS0017    (1)    6 :  0.213 0.090 0.080 0.138 0.101 0.068 0.054 0.255 
309 HI_SS0021    (1)    6 :  0.153 0.074 0.209 0.057 0.064 0.119 0.231 0.093 
310 HI_SS0024    (1)    6 :  0.157 0.064 0.074 0.149 0.162 0.096 0.080 0.217 
311 HI_SS0025    (1)    6 :  0.271 0.113 0.089 0.119 0.130 0.109 0.072 0.097 
312 HI_SS0027    (0)    6 :  0.088 0.201 0.156 0.112 0.163 0.082 0.124 0.073 
313 HI_SS0028    (0)    6 :  0.180 0.042 0.037 0.035 0.156 0.119 0.304 0.127 
314 HI_SS0029    (1)    6 :  0.254 0.056 0.164 0.144 0.070 0.064 0.072 0.176 
315 HI_SS0030    (2)    6 :  0.074 0.083 0.133 0.168 0.162 0.141 0.108 0.130 
316 HI_SS0031    (0)    6 :  0.086 0.085 0.053 0.168 0.042 0.159 0.305 0.102 
317 HI_SS0034    (0)    6 :  0.068 0.208 0.195 0.154 0.088 0.092 0.070 0.126 
318 HI_SS0036    (0)    6 :  0.056 0.041 0.258 0.076 0.118 0.064 0.112 0.275 
319 HI_SS0037    (1)    6 :  0.150 0.129 0.250 0.049 0.146 0.089 0.142 0.045 
320 HI_SS0039    (0)    6 :  0.109 0.050 0.231 0.054 0.232 0.123 0.101 0.100 
321 HI_SS0041    (1)    6 :  0.135 0.062 0.073 0.095 0.282 0.078 0.072 0.204 
322 HI_SS0042    (1)    6 :  0.170 0.107 0.068 0.092 0.107 0.127 0.090 0.239 
323 HI_SS0043    (1)    6 :  0.038 0.127 0.278 0.106 0.090 0.101 0.111 0.148 
324 HI_SS0044    (1)    6 :  0.278 0.055 0.209 0.176 0.060 0.053 0.084 0.085 
325 HI_SS0047    (1)    6 :  0.150 0.119 0.070 0.136 0.204 0.139 0.102 0.080 
326 HI_SS0049    (0)    6 :  0.262 0.160 0.098 0.092 0.076 0.106 0.093 0.113 
327 HI_SS0051    (1)    6 :  0.059 0.125 0.085 0.092 0.324 0.163 0.112 0.040 
328 HI_SS0053    (1)    6 :  0.048 0.126 0.216 0.091 0.070 0.111 0.141 0.199 
329 HI_SS0054    (4)    6 :  0.037 0.226 0.204 0.060 0.123 0.145 0.094 0.111 
330 HI_SS0057    (0)    6 :  0.118 0.158 0.108 0.050 0.200 0.115 0.057 0.194 
331 HI_SS0058    (0)    6 :  0.167 0.154 0.231 0.084 0.099 0.123 0.092 0.050 
332 HI_SS0060    (0)    6 :  0.047 0.116 0.079 0.096 0.145 0.110 0.202 0.204 
333 HI_SS0087    (1)    6 :  0.084 0.229 0.100 0.103 0.075 0.146 0.148 0.115 
334 HI_SS0091    (0)    6 :  0.045 0.104 0.270 0.102 0.053 0.170 0.131 0.125 
335 HI_SS0095    (1)    6 :  0.063 0.091 0.120 0.203 0.125 0.143 0.136 0.119 
336 HI_SS0097    (3)    6 :  0.053 0.263 0.059 0.162 0.077 0.206 0.117 0.062 
337 HI_SS0099    (0)    6 :  0.328 0.103 0.115 0.056 0.070 0.067 0.175 0.087 
338 HI_SS0103    (0)    6 :  0.162 0.082 0.115 0.198 0.103 0.181 0.065 0.093 
339 HI_SS0105    (1)    6 :  0.061 0.103 0.093 0.082 0.151 0.204 0.163 0.143 
340 HI_SS0107    (1)    6 :  0.164 0.099 0.043 0.208 0.088 0.117 0.050 0.230 
341 HI_SS0108    (1)    6 :  0.058 0.151 0.357 0.114 0.087 0.095 0.060 0.079 
342 HI_SS0110    (0)    6 :  0.083 0.058 0.141 0.169 0.052 0.213 0.079 0.206 
343 HI_SS0111    (1)    6 :  0.073 0.111 0.090 0.209 0.106 0.122 0.144 0.144 
344 HI_SS0112    (0)    6 :  0.071 0.091 0.298 0.133 0.075 0.055 0.121 0.155 
345 HI_SS0113    (1)    6 :  0.233 0.108 0.065 0.076 0.086 0.150 0.064 0.217 
346 HI_SS0114    (1)    6 :  0.068 0.214 0.157 0.082 0.137 0.073 0.159 0.110 
347 HI_SS0115    (1)    6 :  0.176 0.100 0.086 0.246 0.109 0.069 0.166 0.048 
348 HI_SS0116    (4)    6 :  0.239 0.114 0.218 0.174 0.040 0.059 0.099 0.057 
349 HI_SS0117    (0)    6 :  0.058 0.137 0.179 0.077 0.044 0.216 0.124 0.165 
350 HI_SS0118    (0)    6 :  0.140 0.157 0.192 0.099 0.067 0.132 0.132 0.080 
351 HI_SS0119    (1)    6 :  0.042 0.110 0.163 0.134 0.099 0.243 0.086 0.122 
352 HI_SS0120    (1)    6 :  0.181 0.063 0.056 0.139 0.065 0.143 0.042 0.311 
353 HI_SS0121    (1)    6 :  0.084 0.095 0.067 0.038 0.135 0.279 0.145 0.158 
354 HI_SS0122    (2)    6 :  0.100 0.070 0.147 0.105 0.139 0.179 0.110 0.149 
355 HI_SS0123    (0)    6 :  0.112 0.124 0.131 0.116 0.065 0.211 0.106 0.135 
356 HI_SS0124    (1)    6 :  0.295 0.067 0.055 0.164 0.120 0.095 0.113 0.090 
357 HI_SS0125    (1)    6 :  0.139 0.086 0.041 0.182 0.111 0.071 0.147 0.222 
358 HI_SS0126    (0)    6 :  0.192 0.060 0.328 0.102 0.072 0.096 0.070 0.081 
359 HI_SS0127    (0)    6 :  0.075 0.160 0.078 0.066 0.291 0.111 0.141 0.078 
360 HI_SS0128    (0)    6 :  0.140 0.127 0.094 0.159 0.051 0.127 0.100 0.201 
361 HI_SS0129    (1)    6 :  0.089 0.116 0.176 0.119 0.145 0.063 0.074 0.218 
362 HI_SS0131    (2)    6 :  0.069 0.135 0.167 0.047 0.133 0.136 0.211 0.103 
363 HI_SS0132    (0)    6 :  0.095 0.128 0.116 0.096 0.091 0.139 0.158 0.176 
364 HI_SS0133    (1)    6 :  0.076 0.073 0.382 0.102 0.098 0.058 0.063 0.147 
365 HI_SS0134    (1)    6 :  0.106 0.163 0.136 0.114 0.096 0.173 0.132 0.080 
366 HI_SS0142    (3)    6 :  0.053 0.122 0.070 0.144 0.101 0.198 0.208 0.103 
367 HI_SS0145    (0)    6 :  0.112 0.148 0.159 0.171 0.080 0.167 0.093 0.069 
368 HI_SS0146    (1)    6 :  0.096 0.128 0.176 0.152 0.138 0.119 0.147 0.043 
369 HI_SS0147    (1)    6 :  0.091 0.086 0.090 0.064 0.356 0.187 0.058 0.069 
370 HI_SS0149    (1)    6 :  0.052 0.078 0.147 0.035 0.048 0.272 0.062 0.306 
371 HI_SS0150    (2)    6 :  0.141 0.127 0.055 0.121 0.166 0.086 0.107 0.197 
372 HI_SS0151    (0)    6 :  0.097 0.098 0.089 0.330 0.176 0.061 0.083 0.066 
373 NS_SS1451    (1)    6 :  0.179 0.071 0.053 0.172 0.179 0.089 0.077 0.179 
374 NS_SS1404    (0)    6 :  0.141 0.060 0.114 0.069 0.306 0.118 0.085 0.108 
375 NS_SS1432    (2)    6 :  0.217 0.059 0.050 0.100 0.074 0.093 0.157 0.252 
376 NS_SS1405    (4)    6 :  0.303 0.077 0.161 0.123 0.075 0.091 0.093 0.077 
377 NS_SS1431   (10)    6 :  0.190 0.117 0.070 0.074 0.081 0.150 0.070 0.248 
378 NS_SS1402    (3)    6 :  0.083 0.096 0.107 0.196 0.080 0.164 0.146 0.129 
379 NS_SS1450    (3)    6 :  0.091 0.093 0.201 0.156 0.135 0.051 0.041 0.232 
380 NS_SS1396    (0)    6 :  0.142 0.118 0.109 0.102 0.136 0.139 0.142 0.112 
381 NS_SS1393    (5)    6 :  0.122 0.138 0.101 0.205 0.111 0.081 0.191 0.052 
382 NS_SS1392   (10)    6 :  0.164 0.056 0.072 0.227 0.161 0.047 0.087 0.186 
383 NS_SS1445    (0)    6 :  0.054 0.140 0.179 0.050 0.103 0.122 0.190 0.163 
384 NS_SS1423    (0)    6 :  0.099 0.078 0.129 0.191 0.053 0.149 0.181 0.119 
385 NS_SS1421    (9)    6 :  0.078 0.124 0.138 0.129 0.089 0.112 0.063 0.268 
386 NS_SS1411    (6)    6 :  0.097 0.201 0.182 0.065 0.248 0.048 0.085 0.073 
387 NS_SS1453    (5)    6 :  0.073 0.065 0.203 0.126 0.096 0.127 0.110 0.199 
388 NS_SS1442    (2)    6 :  0.127 0.304 0.090 0.115 0.074 0.113 0.117 0.061 
389 NS_SS1422    (1)    6 :  0.076 0.149 0.083 0.296 0.072 0.163 0.059 0.102 
390 NS_SS1419    (1)    6 :  0.107 0.322 0.087 0.057 0.137 0.131 0.059 0.100 
391 NS_SS1427    (0)    6 :  0.069 0.068 0.229 0.249 0.046 0.032 0.060 0.248 
392 NS_SS1444    (3)    6 :  0.183 0.135 0.068 0.069 0.154 0.100 0.216 0.076 
393 NS_SS1455    (0)    6 :  0.289 0.169 0.067 0.111 0.052 0.159 0.086 0.067 
394 NS_SS1425    (2)    6 :  0.057 0.207 0.247 0.072 0.092 0.094 0.171 0.059 
395 NS_SS1400    (0)    6 :  0.135 0.170 0.267 0.050 0.104 0.136 0.074 0.064 
396 NS_SS1406    (1)    6 :  0.124 0.204 0.040 0.073 0.054 0.224 0.109 0.171 
397 NS_SS1417    (6)    6 :  0.136 0.122 0.168 0.071 0.104 0.223 0.059 0.118 
398 NS_SS1454    (2)    6 :  0.116 0.109 0.226 0.035 0.099 0.153 0.070 0.191 
399 NS_SS1412    (1)    6 :  0.167 0.085 0.192 0.080 0.178 0.128 0.099 0.071 
400 NS_SS1438    (1)    6 :  0.039 0.211 0.185 0.112 0.159 0.093 0.143 0.058 
401 NS_SS1416    (4)    6 :  0.162 0.104 0.139 0.113 0.136 0.130 0.114 0.103 
402 NS_SS1401    (0)    6 :  0.091 0.105 0.109 0.113 0.068 0.170 0.185 0.159 
403 NS_SS1424    (6)    6 :  0.057 0.067 0.144 0.122 0.129 0.221 0.104 0.156 
404 NS_SS1435    (9)    6 :  0.157 0.058 0.081 0.107 0.111 0.060 0.288 0.138 
405 NS_SS1447    (4)    6 :  0.132 0.225 0.068 0.062 0.206 0.115 0.095 0.096 
406 NS_SS1414    (3)    6 :  0.215 0.139 0.079 0.042 0.188 0.122 0.092 0.123 
407 NS_SS1449   (14)    6 :  0.055 0.079 0.076 0.327 0.106 0.116 0.060 0.180 
408 NS_SS1443    (4)    6 :  0.080 0.134 0.181 0.237 0.055 0.115 0.137 0.061 
409 NS_SS1434    (1)    6 :  0.202 0.113 0.122 0.299 0.058 0.085 0.052 0.070 
410 NS_SS1398    (1)    6 :  0.242 0.108 0.104 0.095 0.080 0.080 0.106 0.185 
411 NS_SS1426    (1)    6 :  0.059 0.110 0.213 0.132 0.088 0.087 0.205 0.104 
412 NS_SS1413    (0)    6 :  0.178 0.104 0.255 0.074 0.072 0.141 0.073 0.103 
413 NS_SS1395    (1)    6 :  0.055 0.121 0.143 0.159 0.060 0.098 0.292 0.073 
414 NS_SS1448   (10)    6 :  0.098 0.066 0.172 0.064 0.236 0.048 0.062 0.255 
415 NS_SS1446    (0)    6 :  0.056 0.096 0.174 0.172 0.120 0.125 0.135 0.122 
416 NS_SS1403    (2)    6 :  0.107 0.085 0.062 0.108 0.074 0.134 0.259 0.171 
417 NS_SS1415    (0)    6 :  0.114 0.114 0.218 0.109 0.123 0.092 0.135 0.095 
418 NS_SS1437    (4)    6 :  0.092 0.110 0.088 0.056 0.097 0.102 0.202 0.253 
419 NS_SS1439    (2)    6 :  0.095 0.138 0.088 0.163 0.096 0.204 0.167 0.048 
420 NS_SS1441    (3)    6 :  0.163 0.139 0.160 0.133 0.047 0.104 0.151 0.103 
421 NS_SS1420    (2)    6 :  0.099 0.071 0.064 0.123 0.446 0.041 0.053 0.104 
422 NS_SS1394    (2)    6 :  0.178 0.093 0.056 0.057 0.188 0.064 0.232 0.131 
423 NS_SS1391    (7)    6 :  0.207 0.070 0.187 0.154 0.064 0.090 0.137 0.091 
424 NS_SS1410    (5)    6 :  0.105 0.112 0.138 0.157 0.071 0.114 0.107 0.196 
425 NS_SS1408    (1)    6 :  0.054 0.122 0.069 0.102 0.113 0.134 0.164 0.243 
426 NS_SS1409    (1)    6 :  0.216 0.085 0.158 0.203 0.050 0.124 0.075 0.088 
427 HI_SS0617    (1)    7 :  0.129 0.055 0.206 0.274 0.118 0.087 0.055 0.075 
428 HI_SS0618    (2)    7 :  0.178 0.136 0.061 0.209 0.121 0.063 0.115 0.118 
429 HI_SS0619    (0)    7 :  0.299 0.057 0.168 0.078 0.104 0.100 0.117 0.078 
430 HI_SS0620    (1)    7 :  0.047 0.069 0.251 0.199 0.260 0.057 0.063 0.053 
431 HI_SS0621    (3)    7 :  0.105 0.087 0.076 0.175 0.108 0.154 0.098 0.198 
432 HI_SS0622    (1)    7 :  0.107 0.130 0.150 0.071 0.144 0.180 0.069 0.148 
433 HI_SS0626    (0)    7 :  0.097 0.095 0.088 0.044 0.245 0.077 0.216 0.138 
434 HI_SS0627    (0)    7 :  0.125 0.135 0.055 0.092 0.082 0.164 0.157 0.190 
435 HI_SS0628    (3)    7 :  0.104 0.080 0.212 0.060 0.085 0.063 0.143 0.252 
436 HI_SS0629    (1)    7 :  0.091 0.096 0.137 0.091 0.091 0.163 0.239 0.091 
437 HI_SS0630    (1)    7 :  0.134 0.116 0.145 0.147 0.176 0.069 0.154 0.058 
438 HI_SS0631    (0)    7 :  0.073 0.118 0.149 0.163 0.164 0.069 0.137 0.127 
439 HI_SS0632    (0)    7 :  0.077 0.238 0.098 0.063 0.182 0.076 0.084 0.182 
440 HI_SS0633    (0)    7 :  0.324 0.112 0.119 0.180 0.056 0.085 0.068 0.056 
441 HI_SS0634    (1)    7 :  0.077 0.076 0.142 0.089 0.189 0.144 0.105 0.177 
442 HI_SS0635    (0)    7 :  0.178 0.145 0.050 0.059 0.131 0.103 0.229 0.104 
443 HI_SS0637    (1)    7 :  0.043 0.142 0.109 0.070 0.219 0.180 0.114 0.121 
444 HI_SS0638    (0)    7 :  0.158 0.101 0.152 0.109 0.126 0.128 0.072 0.154 
445 HI_SS0639    (1)    7 :  0.113 0.097 0.047 0.121 0.169 0.098 0.237 0.118 
446 HI_SS0640    (1)    7 :  0.110 0.244 0.067 0.094 0.082 0.087 0.248 0.068 
447 HI_SS0641    (1)    7 :  0.125 0.099 0.181 0.052 0.194 0.070 0.218 0.062 
448 HI_SS0642    (0)    7 :  0.081 0.078 0.056 0.105 0.074 0.170 0.147 0.291 
449 HI_SS0645    (0)    7 :  0.268 0.119 0.061 0.091 0.266 0.074 0.066 0.055 
450 HI_SS0646    (1)    7 :  0.124 0.089 0.103 0.241 0.069 0.163 0.095 0.114 
451 HI_SS0647    (1)    7 :  0.176 0.085 0.128 0.067 0.102 0.142 0.069 0.230 
452 HI_SS0648    (0)    7 :  0.149 0.113 0.129 0.102 0.133 0.111 0.143 0.119 
453 HI_SS0649    (1)    7 :  0.183 0.182 0.083 0.167 0.062 0.085 0.177 0.061 
454 HI_SS0650    (1)    7 :  0.215 0.098 0.063 0.250 0.096 0.088 0.093 0.096 
455 HI_SS0651    (1)    7 :  0.163 0.085 0.080 0.165 0.102 0.108 0.241 0.056 
456 HI_SS0652    (1)    7 :  0.150 0.092 0.061 0.066 0.359 0.061 0.085 0.126 
457 NS_SS1371    (3)    7 :  0.080 0.067 0.097 0.233 0.049 0.147 0.260 0.067 
458 NS_SS1374    (0)    7 :  0.066 0.052 0.234 0.056 0.160 0.095 0.108 0.230 
459 NS_SS1337    (3)    7 :  0.065 0.049 0.070 0.076 0.275 0.206 0.042 0.216 
460 NS_SS1385    (5)    7 :  0.181 0.096 0.093 0.167 0.093 0.164 0.143 0.063 
461 NS_SS1388    (0)    7 :  0.284 0.128 0.116 0.063 0.062 0.062 0.186 0.099 
462 NS_SS1370    (1)    7 :  0.047 0.074 0.047 0.129 0.491 0.089 0.053 0.070 
463 NS_SS1389    (3)    7 :  0.298 0.115 0.101 0.053 0.111 0.056 0.131 0.135 
464 NS_SS1360    (1)    7 :  0.084 0.173 0.115 0.079 0.141 0.093 0.244 0.072 
465 NS_SS1330    (0)    7 :  0.171 0.083 0.060 0.143 0.206 0.170 0.123 0.044 
466 NS_SS1328    (8)    7 :  0.114 0.083 0.209 0.168 0.049 0.084 0.074 0.220 
467 NS_SS1384    (1)    7 :  0.045 0.137 0.072 0.122 0.103 0.134 0.287 0.100 
468 NS_SS1381    (0)    7 :  0.243 0.104 0.044 0.270 0.087 0.113 0.055 0.084 
469 NS_SS1375    (1)    7 :  0.264 0.044 0.092 0.144 0.110 0.057 0.123 0.168 
470 NS_SS1319   (10)    7 :  0.090 0.072 0.105 0.178 0.115 0.132 0.132 0.177 
471 NS_SS1326    (2)    7 :  0.195 0.087 0.280 0.110 0.054 0.060 0.082 0.132 
472 NS_SS1341    (1)    7 :  0.045 0.212 0.145 0.077 0.070 0.179 0.143 0.129 
473 NS_SS1383    (1)    7 :  0.030 0.084 0.062 0.108 0.126 0.081 0.152 0.357 
