   NS_SS0963  1 0.2881 0.1321 0.1185 0.2942 0.1671 
   NS_SS0983  1 0.1715 0.0877 0.3631 0.2140 0.1637 
   NS_SS0719  1 0.2607 0.1583 0.1946 0.1518 0.2345 
   NS_SS1001  1 0.0910 0.3288 0.1172 0.2025 0.2605 
   NS_SS0936  1 0.2689 0.2647 0.1156 0.2658 0.0851 
   NS_SS0955  1 0.1908 0.0845 0.2414 0.2674 0.2159 
   NS_SS0944  1 0.1190 0.1750 0.2051 0.3201 0.1809 
   NS_SS0945  1 0.1608 0.3001 0.2211 0.1640 0.1541 
   NS_SS0922  1 0.2044 0.3366 0.1104 0.1582 0.1904 
   NS_SS0929  1 0.2234 0.1192 0.2627 0.2467 0.1480 
   NS_SS0956  1 0.1242 0.2226 0.1020 0.1337 0.4174 
   NS_SS0906  1 0.1753 0.1209 0.2066 0.3490 0.1482 
   NS_SS0721  1 0.1929 0.1240 0.1457 0.1192 0.4182 
   NS_SS0982  1 0.2522 0.1474 0.1218 0.2570 0.2217 
   NS_SS0923  1 0.1925 0.2338 0.1400 0.2338 0.1999 
   NS_SS0905  1 0.1191 0.1943 0.1916 0.2572 0.2378 
   NS_SS0925  1 0.1443 0.1998 0.0897 0.3560 0.2102 
   NS_SS0947  1 0.2013 0.2513 0.1393 0.2824 0.1257 
   NS_SS0926  1 0.3381 0.0763 0.3074 0.1389 0.1394 
   NS_SS0918  1 0.1743 0.1267 0.0825 0.3783 0.2383 
   NS_SS0966  1 0.2267 0.1745 0.1322 0.3165 0.1501 
   NS_SS0938  1 0.4136 0.2633 0.1068 0.1131 0.1032 
   NS_SS0917  1 0.2565 0.1918 0.3071 0.0995 0.1451 
   NS_SS0957  1 0.1877 0.1399 0.1695 0.1689 0.3340 
   NS_SS0987  1 0.1304 0.1011 0.1363 0.1668 0.4654 
   NS_SS0717  1 0.0861 0.3186 0.1124 0.2149 0.2680 
   NS_SS0986  1 0.2167 0.1128 0.1988 0.1784 0.2934 
   NS_SS0953  1 0.0764 0.2458 0.1072 0.3872 0.1833 
   NS_SS0907  1 0.1570 0.1122 0.1713 0.4405 0.1190 
   NS_SS0974  1 0.1564 0.2516 0.2142 0.2817 0.0961 
   NS_SS0989  1 0.2927 0.1498 0.3561 0.0874 0.1140 
   NS_SS0991  1 0.0923 0.0677 0.2037 0.3261 0.3103 
   NS_SS0994  1 0.1116 0.2003 0.4758 0.1209 0.0914 
   NS_SS0931  1 0.2359 0.0774 0.2681 0.2078 0.2107 
   NS_SS1000  1 0.1845 0.3232 0.1238 0.2470 0.1215 
   NS_SS0919  1 0.3618 0.0816 0.1981 0.2579 0.1006 
   NS_SS0949  1 0.2401 0.1610 0.3000 0.1266 0.1722 
   NS_SS0960  1 0.1615 0.1085 0.2424 0.2496 0.2380 
   NS_SS0716  1 0.1176 0.3226 0.1127 0.0720 0.3752 
   NS_SS0924  1 0.2055 0.1038 0.2181 0.2719 0.2007 
   NS_SS0935  1 0.0916 0.1163 0.3132 0.1987 0.2801 
   NS_SS0952  1 0.1886 0.1104 0.2806 0.2926 0.1277 
   NS_SS0962  1 0.3829 0.2105 0.1013 0.1246 0.1808 
   NS_SS0973  1 0.1295 0.1537 0.1637 0.3972 0.1558 
   NS_SS0722  1 0.0797 0.4490 0.0873 0.2871 0.0970 
   NS_SS0979  1 0.2283 0.1548 0.1134 0.2108 0.2926 
   NS_SS0993  1 0.1753 0.2367 0.0854 0.3192 0.1833 
   NS_SS0958  1 0.1681 0.2004 0.2900 0.1592 0.1823 
   NS_SS0988  1 0.3555 0.0902 0.1778 0.2209 0.1556 
   NS_SS1003  1 0.4586 0.0673 0.0660 0.1418 0.2663 
   NS_SS0976  1 0.2859 0.0975 0.2566 0.2135 0.1465 
   NS_SS0964  1 0.0909 0.3902 0.1052 0.1460 0.2677 
   NS_SS0939  1 0.1673 0.3402 0.0795 0.0547 0.3584 
   NS_SS0990  1 0.2940 0.2123 0.2309 0.0788 0.1840 
   NS_SS0984  1 0.2195 0.3613 0.0909 0.1690 0.1593 
   NS_SS0980  1 0.1157 0.2985 0.1296 0.3699 0.0863 
   NS_SS0978  1 0.2001 0.3002 0.1573 0.2324 0.1101 
   NS_SS0951  1 0.0919 0.0913 0.2039 0.2532 0.3597 
   NS_SS0913  1 0.1224 0.2546 0.1314 0.1620 0.3295 
   NS_SS1002  1 0.5147 0.1043 0.0839 0.2225 0.0746 
   NS_SS0948  1 0.2223 0.1192 0.1869 0.2810 0.1906 
   NS_SS0916  1 0.2349 0.2553 0.2440 0.1155 0.1503 
   NS_SS0995  1 0.1969 0.2635 0.1579 0.1619 0.2197 
   NS_SS0927  1 0.2221 0.2385 0.2910 0.1312 0.1172 
   NS_SS0992  1 0.2406 0.2733 0.2278 0.1723 0.0860 
   NS_SS0912  1 0.2205 0.0979 0.1935 0.1518 0.3363 
   NS_SS0981  1 0.2974 0.1012 0.1020 0.2508 0.2485 
   NS_SS0729  2 0.1242 0.1548 0.3946 0.2636 0.0627 
   NS_SS0967  2 0.3266 0.1485 0.1046 0.2961 0.1241 
   NS_SS0941  2 0.2137 0.3176 0.1543 0.1330 0.1814 
   NS_SS0768  2 0.1801 0.1527 0.1333 0.2147 0.3192 
   NS_SS0726  2 0.2729 0.2082 0.2765 0.1647 0.0777 
   NS_SS0763  2 0.1498 0.2078 0.3099 0.1915 0.1409 
   NS_SS0730  2 0.2595 0.2556 0.1202 0.1384 0.2263 
   NS_SS0774  2 0.1669 0.3802 0.1073 0.2303 0.1154 
   NS_SS0723  2 0.2735 0.2203 0.0712 0.2705 0.1644 
   NS_SS0940  2 0.2210 0.2413 0.2290 0.1010 0.2078 
   NS_SS0762  2 0.0967 0.4332 0.0811 0.2070 0.1820 
   NS_SS0766  2 0.1170 0.3447 0.2104 0.0915 0.2364 
   NS_SS0724  2 0.1226 0.1885 0.1080 0.2752 0.3057 
   NS_SS0769  2 0.2792 0.1914 0.1693 0.1617 0.1985 
   NS_SS0777  2 0.2127 0.1045 0.2345 0.2166 0.2317 
   NS_SS0734  2 0.1408 0.2087 0.2174 0.1353 0.2978 
   NS_SS0737  2 0.1530 0.4982 0.0894 0.1133 0.1460 
   NS_SS0732  2 0.1159 0.1391 0.1022 0.2209 0.4219 
   NS_SS0728  2 0.1470 0.3009 0.1672 0.1535 0.2314 
   NS_SS0735  2 0.0788 0.3331 0.1241 0.2231 0.2410 
   NS_SS0725  2 0.2135 0.3625 0.1259 0.1220 0.1760 
   NS_SS0788  2 0.4057 0.1389 0.1506 0.1519 0.1530 
   NS_SS0778  2 0.3290 0.1004 0.2190 0.1587 0.1929 
   NS_SS0792  2 0.1175 0.1461 0.2305 0.2095 0.2964 
   NS_SS0943  2 0.0968 0.0840 0.2760 0.3503 0.1928 
   NS_SS0791  2 0.1357 0.2192 0.2627 0.0958 0.2866 
   NS_SS0790  2 0.1070 0.2029 0.0575 0.2982 0.3344 
   NS_SS0731  2 0.1308 0.2004 0.1110 0.1615 0.3963 
   NS_SS0727  2 0.0669 0.3903 0.3184 0.1283 0.0961 
   NS_SS0779  2 0.2215 0.1770 0.1589 0.2123 0.2304 
   NS_SS0776  2 0.1863 0.3333 0.1728 0.1326 0.1750 
   NS_SS0775  2 0.1296 0.4197 0.1042 0.1221 0.2244 
   NS_SS0965  3 0.2185 0.1046 0.1194 0.2421 0.3153 
   NS_SS0754  3 0.1464 0.1235 0.2864 0.1488 0.2949 
   NS_SS0838  3 0.2412 0.2205 0.1924 0.1879 0.1580 
   NS_SS0839  3 0.2180 0.2987 0.0884 0.1694 0.2256 
   NS_SS0832  3 0.1637 0.1711 0.0606 0.3705 0.2341 
   NS_SS0820  3 0.3181 0.1515 0.0726 0.1888 0.2691 
   NS_SS0886  3 0.1939 0.1484 0.2613 0.1391 0.2574 
   NS_SS0748  3 0.2031 0.1004 0.2079 0.3073 0.1813 
   NS_SS0884  3 0.1751 0.2081 0.1994 0.2373 0.1801 
   NS_SS0752  3 0.1787 0.3031 0.1527 0.2189 0.1466 
   NS_SS0862  3 0.1241 0.1257 0.0845 0.2494 0.4163 
   NS_SS0787  3 0.1413 0.1020 0.4597 0.1483 0.1487 
   NS_SS0843  3 0.1355 0.2011 0.1771 0.2737 0.2126 
   NS_SS0856  3 0.2417 0.3498 0.1873 0.0834 0.1379 
   NS_SS0846  3 0.2358 0.1661 0.1911 0.3367 0.0703 
   NS_SS0825  3 0.3838 0.0959 0.1554 0.1426 0.2223 
   NS_SS0757  3 0.1415 0.1174 0.2095 0.2501 0.2815 
   NS_SS0876  3 0.1431 0.2819 0.1507 0.2160 0.2083 
   NS_SS0903  3 0.1746 0.2640 0.0943 0.3752 0.0918 
   NS_SS0875  3 0.2378 0.2146 0.1605 0.1417 0.2454 
   NS_SS0740  3 0.1261 0.2350 0.1605 0.2708 0.2076 
   NS_SS0811  3 0.1074 0.1820 0.0869 0.1692 0.4545 
   NS_SS0751  3 0.3119 0.2780 0.1382 0.1062 0.1658 
   NS_SS0891  3 0.2411 0.2805 0.1630 0.1410 0.1744 
   NS_SS0867  3 0.1705 0.0639 0.1909 0.4033 0.1714 
   NS_SS0890  3 0.2007 0.2074 0.1771 0.2464 0.1683 
   NS_SS0866  3 0.1426 0.1619 0.4564 0.1161 0.1231 
   NS_SS0755  3 0.1768 0.1534 0.1532 0.2754 0.2412 
   NS_SS0758  3 0.1660 0.2703 0.1856 0.2179 0.1601 
   NS_SS0840  3 0.2777 0.1817 0.0660 0.2632 0.2116 
   NS_SS0889  3 0.1294 0.1091 0.3317 0.1529 0.2769 
   NS_SS1010  3 0.3250 0.1514 0.1504 0.2094 0.1637 
   NS_SS0888  3 0.0814 0.2297 0.4184 0.1063 0.1641 
   NS_SS0837  3 0.1237 0.1119 0.0969 0.3301 0.3374 
   NS_SS0794  3 0.0793 0.2757 0.3477 0.1298 0.1675 
   NS_SS0823  3 0.1608 0.2583 0.0950 0.3561 0.1299 
   NS_SS0829  3 0.0898 0.0686 0.3365 0.2183 0.2868 
   NS_SS0844  3 0.1193 0.0903 0.0685 0.6008 0.1211 
   NS_SS1008  3 0.0938 0.3027 0.2906 0.1481 0.1647 
   NS_SS0881  3 0.3832 0.1384 0.1912 0.1154 0.1717 
   NS_SS0834  3 0.2180 0.4138 0.0993 0.1378 0.1310 
   NS_SS0744  3 0.2458 0.1513 0.1865 0.2273 0.1892 
   NS_SS0899  3 0.0957 0.1679 0.0832 0.2418 0.4114 
   NS_SS0804  3 0.2164 0.1788 0.0692 0.2536 0.2820 
   NS_SS0781  3 0.3167 0.1900 0.0803 0.2620 0.1510 
   NS_SS0822  3 0.0891 0.2557 0.2014 0.2901 0.1637 
   NS_SS1004  3 0.1831 0.1438 0.1324 0.3590 0.1817 
   NS_SS0746  3 0.1655 0.1717 0.1823 0.3714 0.1090 
   NS_SS0880  3 0.2096 0.1902 0.1209 0.3119 0.1673 
   NS_SS0879  3 0.1362 0.2884 0.1514 0.2269 0.1971 
   NS_SS0753  3 0.1014 0.0961 0.2427 0.2793 0.2805 
   NS_SS1007  3 0.2958 0.3585 0.1630 0.0861 0.0965 
   NS_SS0872  3 0.2312 0.2558 0.1252 0.2284 0.1594 
   NS_SS1005  3 0.2158 0.1906 0.1090 0.3599 0.1246 
   NS_SS0892  3 0.1921 0.2133 0.1833 0.1919 0.2195 
   NS_SS0898  3 0.1719 0.1468 0.2441 0.2162 0.2210 
   NS_SS0801  3 0.1431 0.1174 0.1500 0.2834 0.3061 
   NS_SS0827  3 0.1775 0.1006 0.2146 0.1516 0.3557 
   NS_SS0853  3 0.0982 0.1149 0.2404 0.1448 0.4017 
   NS_SS0780  3 0.2912 0.1949 0.1137 0.1598 0.2404 
   NS_SS0826  3 0.3957 0.0690 0.1333 0.2825 0.1195 
   NS_SS0818  3 0.2452 0.2630 0.0721 0.1880 0.2316 
   NS_SS0745  3 0.1390 0.4325 0.0728 0.0577 0.2979 
   NS_SS0849  3 0.1811 0.0830 0.1094 0.1645 0.4620 
   NS_SS0739  3 0.3078 0.1932 0.1661 0.0830 0.2500 
   NS_SS0799  3 0.0799 0.2404 0.2678 0.2130 0.1989 
   NS_SS0756  3 0.2596 0.1128 0.0825 0.3533 0.1918 
   NS_SS0802  3 0.3264 0.1944 0.2263 0.1610 0.0919 
   NS_SS0747  3 0.2458 0.1495 0.1616 0.3010 0.1421 
   NS_SS0835  3 0.1968 0.1313 0.4187 0.1589 0.0943 
   NS_SS0742  3 0.2615 0.1679 0.1244 0.2474 0.1988 
   NS_SS0760  3 0.1418 0.1606 0.3653 0.1798 0.1525 
   NS_SS0803  3 0.0770 0.1830 0.0900 0.5433 0.1067 
   NS_SS0828  3 0.1405 0.1617 0.1757 0.1706 0.3514 
   NS_SS0865  3 0.2888 0.0807 0.1797 0.2096 0.2413 
   NS_SS0759  3 0.1765 0.2874 0.0864 0.1887 0.2610 
   NS_SS0851  3 0.1348 0.1498 0.0968 0.1158 0.5029 
   NS_SS0874  3 0.1177 0.1833 0.0992 0.4597 0.1401 
   NS_SS0761  3 0.1574 0.0674 0.3287 0.2167 0.2298 
   NS_SS0842  3 0.1439 0.2080 0.2525 0.2135 0.1821 
   NS_SS0785  3 0.1332 0.1493 0.2511 0.2944 0.1720 
   NS_SS0860  3 0.1707 0.1244 0.4124 0.1844 0.1081 
   NS_SS0897  3 0.0952 0.1284 0.4414 0.1194 0.2156 
   NS_SS0841  3 0.1281 0.2498 0.0783 0.1870 0.3568 
   NS_SS0797  3 0.2078 0.0799 0.2297 0.1752 0.3075 
   NS_SS0830  3 0.2385 0.1363 0.1757 0.1862 0.2633 
   NS_SS1011  3 0.3643 0.1184 0.0887 0.2487 0.1799 
   NS_SS0883  3 0.1101 0.1201 0.2332 0.2045 0.3321 
   NS_SS0782  3 0.1058 0.3427 0.2459 0.1692 0.1364 
   NS_SS0831  3 0.0953 0.0883 0.3388 0.1413 0.3364 
   NS_SS0749  3 0.1616 0.1976 0.2047 0.1275 0.3085 
   NS_SS0854  3 0.1145 0.3240 0.2302 0.1804 0.1509 
   HI_SS0193  4 0.1540 0.2263 0.2857 0.0951 0.2389 
   HI_SS0194  4 0.2602 0.3727 0.1078 0.1499 0.1094 
   HI_SS0195  4 0.2567 0.1915 0.0696 0.0901 0.3920 
   HI_SS0196  4 0.1275 0.3619 0.2156 0.1588 0.1363 
   HI_SS0197  4 0.6135 0.1136 0.1089 0.0910 0.0729 
   HI_SS0198  4 0.1763 0.1390 0.2168 0.1433 0.3246 
   HI_SS0199  4 0.1087 0.3121 0.3182 0.1523 0.1086 
   HI_SS0201  4 0.1355 0.0591 0.3622 0.2361 0.2071 
   HI_SS0215  4 0.1936 0.0681 0.3540 0.2053 0.1789 
   HI_SS0218  4 0.0759 0.1752 0.4471 0.0873 0.2145 
   HI_SS0222  4 0.2485 0.2216 0.1888 0.0949 0.2462 
   HI_SS0230  4 0.3643 0.1151 0.1254 0.1858 0.2095 
   HI_SS0234  4 0.2918 0.2736 0.1760 0.1915 0.0671 
   HI_SS0240  4 0.1490 0.4045 0.1656 0.1208 0.1601 
   HI_SS0241  4 0.1841 0.1263 0.3321 0.1913 0.1663 
   HI_SS0242  4 0.1503 0.1517 0.2168 0.2690 0.2123 
   HI_SS0247  4 0.1945 0.1057 0.1270 0.3969 0.1759 
   HI_SS0248  4 0.0648 0.2863 0.3234 0.2380 0.0875 
   HI_SS0252  4 0.0913 0.3002 0.1286 0.2364 0.2435 
   HI_SS0254  4 0.3634 0.1151 0.1996 0.2032 0.1187 
   HI_SS0256  4 0.2355 0.2453 0.0445 0.2979 0.1769 
   HI_SS0257  4 0.1975 0.1251 0.3174 0.2971 0.0628 
   HI_SS0258  4 0.1130 0.1555 0.3273 0.1990 0.2052 
   HI_SS0259  4 0.3609 0.2545 0.1207 0.1091 0.1547 
   HI_SS0260  4 0.1173 0.2641 0.3634 0.1453 0.1099 
   HI_SS0261  4 0.3003 0.1707 0.2107 0.2312 0.0871 
   HI_SS0262  4 0.1917 0.1875 0.1549 0.1588 0.3071 
   HI_SS0264  4 0.3059 0.1818 0.1174 0.1592 0.2356 
   HI_SS0265  4 0.3299 0.1374 0.1260 0.1588 0.2478 
   HI_SS0268  4 0.3144 0.1845 0.1953 0.0588 0.2470 
   HI_SS0269  4 0.2165 0.1145 0.4272 0.1808 0.0610 
   HI_SS0273  4 0.1970 0.1174 0.2922 0.2617 0.1317 
   HI_SS0277  4 0.5488 0.0677 0.0968 0.1626 0.1240 
   HI_SS0280  4 0.1681 0.2096 0.1660 0.0945 0.3619 
   HI_SS0282  4 0.1082 0.1453 0.2401 0.3212 0.1852 
   HI_SS0286  4 0.2009 0.1152 0.2206 0.1489 0.3143 
   NS_SS1252  5 0.0891 0.1219 0.4704 0.1705 0.1481 
   NS_SS1261  5 0.2600 0.1566 0.1877 0.2044 0.1914 
   NS_SS1225  5 0.1470 0.0847 0.2375 0.4059 0.1250 
   NS_SS1266  5 0.1375 0.1428 0.0694 0.4990 0.1513 
   NS_SS1228  5 0.1752 0.1463 0.1271 0.1115 0.4398 
   NS_SS1255  5 0.1010 0.4942 0.1684 0.1460 0.0904 
   NS_SS1267  5 0.1501 0.0978 0.5036 0.0740 0.1745 
   NS_SS1238  5 0.3212 0.1455 0.1654 0.1103 0.2576 
   NS_SS1233  5 0.1440 0.1251 0.0898 0.4438 0.1973 
   NS_SS1277  5 0.1197 0.2941 0.3358 0.0884 0.1620 
   NS_SS1245  5 0.1575 0.1858 0.2026 0.3437 0.1105 
   NS_SS1240  5 0.2007 0.1175 0.4926 0.1036 0.0856 
   NS_SS1275  5 0.4293 0.1425 0.0635 0.1684 0.1963 
   NS_SS1235  5 0.1747 0.3383 0.1425 0.2828 0.0617 
   NS_SS1263  5 0.0997 0.3131 0.0932 0.3451 0.1489 
   NS_SS1251  5 0.1956 0.1892 0.1075 0.3799 0.1278 
   NS_SS1248  5 0.1430 0.0743 0.1394 0.0900 0.5532 
   NS_SS1244  5 0.4020 0.0759 0.1467 0.2288 0.1466 
   NS_SS1257  5 0.1277 0.2091 0.3514 0.1417 0.1701 
   NS_SS1242  5 0.1813 0.3264 0.0972 0.2157 0.1794 
   NS_SS1271  5 0.1554 0.1104 0.4622 0.1233 0.1487 
   NS_SS1265  5 0.2176 0.1251 0.3407 0.1702 0.1464 
   NS_SS1243  5 0.0855 0.2661 0.1438 0.1380 0.3665 
   NS_SS1273  5 0.1875 0.3623 0.0932 0.1758 0.1813 
   NS_SS1254  5 0.1143 0.1891 0.1211 0.3993 0.1762 
   NS_SS1224  5 0.1434 0.1703 0.0997 0.2998 0.2868 
   NS_SS1227  5 0.2804 0.1838 0.3037 0.1367 0.0953 
   NS_SS1274  5 0.1308 0.2031 0.2832 0.1622 0.2206 
   NS_SS1241  5 0.1647 0.1251 0.2500 0.2866 0.1737 
   NS_SS1256  5 0.2266 0.1293 0.2033 0.3506 0.0902 
   NS_SS1260  5 0.1322 0.1721 0.3762 0.1905 0.1290 
   NS_SS1262  5 0.1961 0.0846 0.2328 0.2801 0.2065 
   NS_SS1230  5 0.1643 0.1993 0.2492 0.1793 0.2080 
   NS_SS1270  5 0.1591 0.0777 0.0994 0.3265 0.3374 
   NS_SS1229  5 0.3078 0.3401 0.1019 0.1934 0.0569 
   NS_SS1246  5 0.3085 0.1905 0.2731 0.1217 0.1062 
   NS_SS1269  5 0.1707 0.2349 0.1553 0.1864 0.2527 
   NS_SS1239  5 0.1129 0.3141 0.1228 0.1413 0.3089 
   NS_SS1272  5 0.5293 0.0911 0.1237 0.1587 0.0971 
   NS_SS1268  5 0.0805 0.1203 0.0963 0.3128 0.3901 
   NS_SS1249  5 0.0860 0.2131 0.4482 0.1598 0.0929 
   HI_SS0559  6 0.0749 0.2345 0.1984 0.2164 0.2757 
   HI_SS0563  6 0.2151 0.1559 0.1777 0.2566 0.1948 
   HI_SS0564  6 0.2695 0.1634 0.1303 0.2062 0.2306 
   HI_SS0565  6 0.3222 0.1189 0.2177 0.2189 0.1223 
   HI_SS0569  6 0.1473 0.0546 0.2696 0.3614 0.1671 
   HI_SS0570  6 0.1764 0.1480 0.3612 0.0841 0.2303 
   HI_SS0572  6 0.1593 0.4055 0.1134 0.2325 0.0894 
   HI_SS0576  6 0.2035 0.2123 0.0943 0.1205 0.3694 
   HI_SS0579  6 0.0807 0.1419 0.2026 0.4675 0.1072 
   HI_SS0580  6 0.0970 0.2828 0.3082 0.1444 0.1675 
   HI_SS0581  6 0.4050 0.1339 0.0778 0.0974 0.2860 
   HI_SS0583  6 0.1263 0.2313 0.3665 0.1913 0.0846 
   HI_SS0586  6 0.1330 0.0965 0.4177 0.1028 0.2500 
   HI_SS0588  6 0.1059 0.1507 0.2878 0.2845 0.1711 
   HI_SS0595  6 0.3840 0.1453 0.2580 0.1298 0.0829 
   HI_SS0596  6 0.0945 0.4995 0.1031 0.1870 0.1159 
   HI_SS0597  6 0.2658 0.3106 0.1252 0.2009 0.0975 
   HI_SS0600  6 0.2709 0.1504 0.2706 0.1595 0.1486 
   HI_SS0601  6 0.2358 0.0593 0.1636 0.3371 0.2041 
   HI_SS0602  6 0.0973 0.1735 0.2805 0.1017 0.3470 
   HI_SS0604  6 0.0998 0.2014 0.1514 0.2747 0.2727 
   HI_SS0605  6 0.1020 0.1615 0.2362 0.1657 0.3346 
   HI_SS0608  6 0.1568 0.2697 0.1698 0.1098 0.2939 
   HI_SS0609  6 0.2075 0.2066 0.1091 0.3795 0.0973 
   HI_SS0611  6 0.0951 0.1239 0.3399 0.1112 0.3299 
   HI_SS0612  6 0.1073 0.1752 0.1786 0.4842 0.0547 
   HI_SS0613  6 0.1060 0.1169 0.1743 0.1793 0.4235 
   HI_SS0615  6 0.2161 0.3377 0.0836 0.1196 0.2430 
   HI_SS0001  6 0.2211 0.3093 0.2550 0.1172 0.0975 
   HI_SS0002  6 0.2321 0.2204 0.0979 0.3135 0.1361 
   HI_SS0004  6 0.1225 0.2665 0.3135 0.0952 0.2023 
   HI_SS0005  6 0.2116 0.1124 0.1313 0.1012 0.4435 
   HI_SS0006  6 0.2099 0.1151 0.2827 0.3028 0.0897 
   HI_SS0007  6 0.0700 0.1346 0.2786 0.0888 0.4281 
   HI_SS0008  6 0.3113 0.1236 0.1371 0.2062 0.2218 
   HI_SS0009  6 0.0794 0.3181 0.0977 0.1680 0.3368 
   HI_SS0010  6 0.2100 0.1223 0.2197 0.1697 0.2783 
   HI_SS0011  6 0.2788 0.0806 0.0921 0.3670 0.1815 
   HI_SS0012  6 0.3513 0.1943 0.0846 0.1819 0.1880 
   HI_SS0017  6 0.1753 0.4361 0.1329 0.1177 0.1381 
   HI_SS0021  6 0.2740 0.1435 0.3032 0.1291 0.1503 
   HI_SS0024  6 0.3138 0.2364 0.1149 0.0935 0.2414 
   HI_SS0025  6 0.0958 0.3681 0.1172 0.1963 0.2227 
   HI_SS0027  6 0.0812 0.1417 0.2479 0.2527 0.2765 
   HI_SS0028  6 0.3752 0.1559 0.0606 0.0999 0.3084 
   HI_SS0029  6 0.2256 0.2999 0.2154 0.0815 0.1776 
   HI_SS0030  6 0.1903 0.1834 0.2107 0.2108 0.2048 
   HI_SS0031  6 0.3205 0.1992 0.1447 0.2410 0.0946 
   HI_SS0034  6 0.1032 0.1656 0.3256 0.3026 0.1031 
   HI_SS0036  6 0.3044 0.1000 0.3314 0.0508 0.2133 
   HI_SS0037  6 0.1028 0.1173 0.3563 0.1482 0.2755 
   HI_SS0039  6 0.1830 0.0974 0.2717 0.1141 0.3338 
   HI_SS0041  6 0.1718 0.2524 0.1046 0.0859 0.3852 
   HI_SS0042  6 0.3004 0.2419 0.0944 0.1749 0.1884 
   HI_SS0043  6 0.2494 0.0696 0.4062 0.1035 0.1713 
   HI_SS0044  6 0.1147 0.4061 0.2919 0.0772 0.1100 
   HI_SS0047  6 0.1557 0.2641 0.1230 0.2261 0.2311 
   HI_SS0049  6 0.1122 0.3849 0.1327 0.2190 0.1511 
   HI_SS0051  6 0.1042 0.0924 0.1356 0.2848 0.3830 
   HI_SS0053  6 0.2964 0.1056 0.3417 0.1562 0.1001 
   HI_SS0054  6 0.1243 0.0601 0.2805 0.3308 0.2044 
   HI_SS0057  6 0.2253 0.1485 0.1169 0.1621 0.3472 
   HI_SS0058  6 0.0987 0.2033 0.3076 0.2310 0.1595 
   HI_SS0060  6 0.3020 0.0876 0.1182 0.1821 0.3101 
   HI_SS0087  6 0.2873 0.1530 0.1920 0.2475 0.1202 
   HI_SS0091  6 0.2820 0.0824 0.4090 0.1584 0.0681 
   HI_SS0095  6 0.2601 0.1483 0.2233 0.2157 0.1526 
   HI_SS0097  6 0.1414 0.1019 0.1170 0.5107 0.1290 
   HI_SS0099  6 0.1460 0.3248 0.1796 0.1309 0.2186 
   HI_SS0103  6 0.2403 0.3150 0.1614 0.1810 0.1022 
   HI_SS0105  6 0.3522 0.0862 0.1379 0.2335 0.1901 
   HI_SS0107  6 0.2160 0.4004 0.0757 0.1968 0.1111 
   HI_SS0108  6 0.1259 0.1086 0.4843 0.1468 0.1344 
   HI_SS0110  6 0.4181 0.1660 0.2116 0.1264 0.0779 
   HI_SS0111  6 0.3018 0.1946 0.1846 0.1155 0.2035 
   HI_SS0112  6 0.1672 0.1428 0.4265 0.1122 0.1512 
   HI_SS0113  6 0.2888 0.2969 0.0953 0.1707 0.1483 
   HI_SS0114  6 0.1303 0.0817 0.2921 0.2052 0.2907 
   HI_SS0115  6 0.0716 0.3362 0.2009 0.2117 0.1796 
   HI_SS0116  6 0.1089 0.3350 0.3363 0.1298 0.0899 
   HI_SS0117  6 0.3279 0.0913 0.2469 0.2657 0.0681 
   HI_SS0118  6 0.1910 0.1658 0.3025 0.2300 0.1107 
   HI_SS0119  6 0.3522 0.0762 0.2260 0.2077 0.1380 
   HI_SS0120  6 0.3542 0.3775 0.0785 0.1125 0.0773 
   HI_SS0121  6 0.4586 0.0651 0.0779 0.1688 0.2296 
   HI_SS0122  6 0.3057 0.1530 0.1902 0.1383 0.2128 
   HI_SS0123  6 0.2850 0.1650 0.1822 0.2740 0.0938 
   HI_SS0124  6 0.1087 0.4590 0.0854 0.1247 0.2222 
   HI_SS0125  6 0.2739 0.2542 0.0834 0.1358 0.2528 
   HI_SS0126  6 0.1287 0.2567 0.3992 0.1082 0.1072 
   HI_SS0127  6 0.1132 0.0919 0.1393 0.2364 0.4192 
   HI_SS0128  6 0.2421 0.2866 0.1604 0.2183 0.0926 
   HI_SS0129  6 0.2021 0.2015 0.3016 0.1097 0.1851 
   HI_SS0131  6 0.1255 0.0770 0.2286 0.2282 0.3406 
   HI_SS0132  6 0.3639 0.1095 0.1677 0.2057 0.1532 
   HI_SS0133  6 0.1249 0.1421 0.4644 0.0999 0.1687 
   HI_SS0134  6 0.1868 0.1715 0.2148 0.2764 0.1504 
   HI_SS0142  6 0.2829 0.0933 0.1512 0.3108 0.1618 
   HI_SS0145  6 0.1191 0.2098 0.2149 0.3474 0.1088 
   HI_SS0146  6 0.0952 0.1501 0.2648 0.2882 0.2017 
   HI_SS0147  6 0.1472 0.1130 0.1010 0.2375 0.4013 
   HI_SS0149  6 0.5137 0.0725 0.1554 0.1725 0.0860 
   HI_SS0150  6 0.1975 0.2441 0.0942 0.1558 0.3083 
   HI_SS0151  6 0.0734 0.3130 0.2064 0.1911 0.2162 
   NS_SS1451  6 0.1988 0.3307 0.0843 0.1167 0.2694 
   NS_SS1404  6 0.1702 0.1585 0.1654 0.1269 0.3790 
   NS_SS1432  6 0.4138 0.3022 0.0848 0.0684 0.1308 
   NS_SS1405  6 0.1394 0.3672 0.1975 0.1345 0.1614 
   NS_SS1431  6 0.3861 0.2616 0.0873 0.1273 0.1377 
   NS_SS1402  6 0.2865 0.1862 0.2110 0.2008 0.1156 
   NS_SS1450  6 0.1406 0.2612 0.2943 0.1113 0.1925 
   NS_SS1396  6 0.2301 0.1891 0.1584 0.1634 0.2589 
   NS_SS1393  6 0.1676 0.2072 0.2742 0.1513 0.1998 
   NS_SS1392  6 0.1358 0.3834 0.1396 0.0812 0.2601 
   NS_SS1445  6 0.2383 0.0796 0.2804 0.2195 0.1822 
   NS_SS1423  6 0.3373 0.2113 0.2332 0.1370 0.0811 
   NS_SS1421  6 0.3010 0.1621 0.1815 0.1790 0.1764 
   NS_SS1411  6 0.0872 0.1127 0.2799 0.1058 0.4144 
   NS_SS1453  6 0.3680 0.1041 0.2711 0.1046 0.1522 
   NS_SS1442  6 0.1251 0.1805 0.1559 0.3633 0.1752 
   NS_SS1422  6 0.1588 0.2262 0.1582 0.3617 0.0952 
   NS_SS1419  6 0.1112 0.1012 0.1196 0.3829 0.2851 
   NS_SS1427  6 0.1542 0.2629 0.4265 0.0648 0.0917 
   NS_SS1444  6 0.1062 0.2197 0.1271 0.2472 0.2998 
   NS_SS1455  6 0.1735 0.3328 0.0972 0.2880 0.1084 
   NS_SS1425  6 0.1430 0.0753 0.3902 0.2088 0.1827 
   NS_SS1400  6 0.1063 0.1269 0.3194 0.2357 0.2117 
   NS_SS1406  6 0.3243 0.1414 0.0657 0.3570 0.1116 
   NS_SS1417  6 0.1902 0.1915 0.1973 0.2452 0.1759 
   NS_SS1454  6 0.3687 0.0931 0.2452 0.1052 0.1878 
   NS_SS1412  6 0.1617 0.2065 0.2677 0.1453 0.2188 
   NS_SS1438  6 0.1122 0.0687 0.3390 0.2576 0.2226 
   NS_SS1416  6 0.2260 0.1689 0.2028 0.1984 0.2038 
   NS_SS1401  6 0.3448 0.1529 0.1959 0.1873 0.1192 
   NS_SS1424  6 0.3482 0.1129 0.2055 0.1686 0.1647 
   NS_SS1435  6 0.2259 0.2737 0.1649 0.0816 0.2539 
   NS_SS1447  6 0.1599 0.1595 0.1135 0.2939 0.2731 
   NS_SS1414  6 0.1092 0.2073 0.0984 0.2379 0.3473 
   NS_SS1449  6 0.3035 0.2209 0.1638 0.1623 0.1494 
   NS_SS1443  6 0.1130 0.2180 0.3431 0.2544 0.0714 
   NS_SS1434  6 0.0993 0.4454 0.2122 0.1675 0.0755 
   NS_SS1398  6 0.2054 0.3293 0.1465 0.1232 0.1955 
   NS_SS1426  6 0.1879 0.1393 0.3733 0.1401 0.1595 
   NS_SS1413  6 0.1320 0.2721 0.2870 0.1953 0.1136 
   NS_SS1395  6 0.2727 0.1430 0.2941 0.1748 0.1154 
   NS_SS1448  6 0.1317 0.1939 0.2326 0.0896 0.3523 
   NS_SS1446  6 0.2296 0.1493 0.3108 0.1690 0.1414 
   NS_SS1403  6 0.4372 0.1705 0.1277 0.1062 0.1585 
   NS_SS1415  6 0.1321 0.1791 0.2971 0.1643 0.2274 
   NS_SS1437  6 0.3984 0.1378 0.1365 0.1475 0.1798 
   NS_SS1439  6 0.1560 0.1616 0.1936 0.3581 0.1307 
   NS_SS1441  6 0.1517 0.2478 0.2923 0.2093 0.0990 
   NS_SS1420  6 0.0696 0.1641 0.1032 0.0942 0.5689 
   NS_SS1394  6 0.2380 0.1923 0.1003 0.1174 0.3520 
   NS_SS1391  6 0.1698 0.3684 0.2747 0.0995 0.0877 
   NS_SS1410  6 0.2868 0.1729 0.2476 0.1500 0.1426 
   NS_SS1408  6 0.3219 0.1216 0.1205 0.2281 0.2079 
   NS_SS1409  6 0.1388 0.3695 0.2467 0.1656 0.0794 
   HI_SS0617  7 0.1211 0.3077 0.2993 0.1359 0.1361 
   HI_SS0618  7 0.1260 0.2721 0.1356 0.1907 0.2756 
   HI_SS0619  7 0.1316 0.3334 0.2225 0.1078 0.2047 
   HI_SS0620  7 0.0576 0.1472 0.3898 0.1134 0.2920 
   HI_SS0621  7 0.2516 0.2098 0.1341 0.2138 0.1907 
   HI_SS0622  7 0.1391 0.1764 0.1767 0.3100 0.1978 
   HI_SS0626  7 0.2115 0.1093 0.1648 0.0970 0.4174 
   HI_SS0627  7 0.4312 0.2033 0.1065 0.1150 0.1439 
   HI_SS0628  7 0.2844 0.1346 0.3020 0.0936 0.1854 
   HI_SS0629  7 0.2724 0.1120 0.2309 0.1866 0.1981 
   HI_SS0630  7 0.0984 0.2033 0.2549 0.1692 0.2742 
   HI_SS0631  7 0.1753 0.1535 0.2393 0.1333 0.2986 
   HI_SS0632  7 0.1545 0.1060 0.1512 0.2316 0.3568 
   HI_SS0633  7 0.0861 0.4673 0.1798 0.1611 0.1057 
   HI_SS0634  7 0.2963 0.1280 0.1873 0.1245 0.2639 
   HI_SS0635  7 0.1832 0.2025 0.1094 0.2059 0.2990 
   HI_SS0637  7 0.2064 0.0757 0.1646 0.2950 0.2583 
   HI_SS0638  7 0.1751 0.2612 0.1864 0.1699 0.2074 
   HI_SS0639  7 0.1910 0.2064 0.1142 0.2177 0.2708 
   HI_SS0640  7 0.1237 0.1920 0.1451 0.3546 0.1846 
   HI_SS0641  7 0.1045 0.1065 0.3147 0.1221 0.3522 
   HI_SS0642  7 0.5324 0.1268 0.0831 0.1383 0.1194 
   HI_SS0645  7 0.0887 0.2547 0.0773 0.1502 0.4292 
   HI_SS0646  7 0.1978 0.3122 0.1862 0.2173 0.0865 
   HI_SS0647  7 0.2554 0.2697 0.1391 0.1597 0.1761 
   HI_SS0648  7 0.1628 0.2086 0.1772 0.2371 0.2143 
   HI_SS0649  7 0.1553 0.2508 0.2119 0.2246 0.1575 
   HI_SS0650  7 0.1773 0.4463 0.1296 0.1130 0.1339 
   HI_SS0651  7 0.1524 0.2425 0.1761 0.2378 0.1913 
   HI_SS0652  7 0.0997 0.2328 0.1016 0.1156 0.4502 
   NS_SS1371  7 0.2919 0.1968 0.2751 0.1531 0.0831 
   NS_SS1374  7 0.3185 0.1164 0.2786 0.0786 0.2079 
   NS_SS1337  7 0.3284 0.1471 0.0921 0.1190 0.3134 
   NS_SS1385  7 0.1717 0.2821 0.1748 0.2540 0.1175 
   NS_SS1388  7 0.2005 0.2978 0.2198 0.1061 0.1757 
   NS_SS1370  7 0.1282 0.0728 0.0807 0.1192 0.5992 
   NS_SS1389  7 0.1946 0.2969 0.1454 0.0929 0.2703 
   NS_SS1360  7 0.1370 0.1070 0.2324 0.2302 0.2934 
   NS_SS1330  7 0.1209 0.2384 0.1003 0.2435 0.2969 
   NS_SS1328  7 0.1777 0.3413 0.2782 0.1282 0.0745 
   NS_SS1384  7 0.2279 0.0970 0.1918 0.2945 0.1888 
   NS_SS1381  7 0.1187 0.4739 0.0840 0.2015 0.1219 
   NS_SS1375  7 0.1688 0.3941 0.1399 0.0644 0.2328 
   NS_SS1319  7 0.3092 0.1819 0.1916 0.1236 0.1937 
   NS_SS1326  7 0.1408 0.2709 0.3808 0.0911 0.1164 
   NS_SS1341  7 0.3601 0.0731 0.2403 0.2147 0.1119 
   NS_SS1383  7 0.4619 0.0733 0.1374 0.1088 0.2186 
   NS_SS1318  7 0.1018 0.2098 0.1871 0.2225 0.2789 
   NS_SS1348  7 0.1906 0.0937 0.3402 0.2100 0.1654 
   NS_SS1363  7 0.1960 0.1736 0.1251 0.2399 0.2653 
   NS_SS1335  7 0.1776 0.0697 0.2253 0.2959 0.2315 
   NS_SS1358  7 0.2358 0.1133 0.1958 0.3287 0.1264 
   NS_SS1342  7 0.3507 0.1070 0.2481 0.2323 0.0619 
   NS_SS1320  7 0.1018 0.5272 0.0499 0.2504 0.0707 
   NS_SS1355  7 0.1325 0.1989 0.1121 0.3957 0.1607 
   NS_SS1345  7 0.0829 0.1164 0.0699 0.5980 0.1327 
   NS_SS1324  7 0.1972 0.1453 0.2824 0.1755 0.1996 
   NS_SS1347  7 0.2535 0.1897 0.1575 0.2485 0.1508 
   NS_SS1321  7 0.3500 0.1075 0.2911 0.0858 0.1656 
   NS_SS1333  7 0.3812 0.1398 0.2998 0.0568 0.1225 
   NS_SS1364  7 0.1755 0.0920 0.1989 0.4055 0.1282 
   NS_SS1379  7 0.1556 0.3133 0.1358 0.2173 0.1780 
   NS_SS1332  7 0.2120 0.1479 0.3930 0.1224 0.1246 
   NS_SS1338  7 0.1731 0.1213 0.2179 0.1295 0.3581 
   NS_SS1368  7 0.2357 0.1156 0.2900 0.2740 0.0848 
   NS_SS1354  7 0.2345 0.1727 0.1607 0.2790 0.1531 
   NS_SS1365  7 0.1982 0.2160 0.1286 0.2104 0.2468 
   NS_SS1380  7 0.1730 0.1592 0.1074 0.3297 0.2308 
   NS_SS1329  7 0.3803 0.1023 0.2384 0.2142 0.0647 
   NS_SS1362  7 0.2690 0.2124 0.1881 0.2093 0.1212 
   NS_SS1327  7 0.1265 0.1178 0.5382 0.0660 0.1515 
   NS_SS1350  7 0.1526 0.4056 0.2795 0.0791 0.0832 
   NS_SS1387  7 0.1271 0.1561 0.1611 0.1636 0.3922 
   NS_SS1369  7 0.1227 0.0948 0.2579 0.3231 0.2015 
   NS_SS1331  7 0.2633 0.1532 0.2076 0.0891 0.2867 
   NS_SS1357  7 0.1678 0.4242 0.2349 0.1083 0.0648 
   NS_SS1386  7 0.3174 0.0651 0.3721 0.1697 0.0757 
   NS_SS1353  7 0.2398 0.3403 0.1791 0.1276 0.1131 
   NS_SS1323  7 0.2979 0.2070 0.0932 0.2579 0.1439 
   HI_SS0296  8 0.0827 0.1555 0.2648 0.1711 0.3259 
   HI_SS0297  8 0.4288 0.2623 0.1143 0.0791 0.1154 
   HI_SS0299  8 0.1884 0.1305 0.1735 0.2851 0.2225 
   HI_SS0300  8 0.0894 0.1449 0.1580 0.3298 0.2779 
   HI_SS0301  8 0.2455 0.0597 0.1092 0.1869 0.3988 
   HI_SS0302  8 0.0899 0.0960 0.2392 0.1943 0.3807 
   HI_SS0303  8 0.1088 0.2903 0.3361 0.1588 0.1060 
   HI_SS0304  8 0.1905 0.2876 0.1756 0.0724 0.2738 
   HI_SS0306  8 0.1272 0.1202 0.3152 0.1332 0.3042 
   HI_SS0307  8 0.1838 0.2114 0.1316 0.2769 0.1963 
   HI_SS0308  8 0.2650 0.1183 0.1133 0.2798 0.2236 
   HI_SS0309  8 0.1442 0.1144 0.1210 0.4050 0.2154 
   HI_SS0310  8 0.1318 0.3020 0.1864 0.1965 0.1832 
   HI_SS0311  8 0.1882 0.1049 0.1570 0.2081 0.3417 
   HI_SS0314  8 0.1905 0.3879 0.1922 0.1260 0.1033 
   HI_SS0316  8 0.1765 0.1792 0.2701 0.2341 0.1402 
   HI_SS0317  8 0.3596 0.1189 0.1375 0.1397 0.2443 
   HI_SS0318  8 0.3096 0.0790 0.3161 0.1234 0.1720 
   HI_SS0319  8 0.0906 0.1145 0.4515 0.2634 0.0801 
   HI_SS0320  8 0.4834 0.2133 0.1001 0.0608 0.1423 
   HI_SS0321  8 0.3472 0.1631 0.2243 0.1244 0.1410 
   HI_SS0323  8 0.1238 0.1701 0.3090 0.1410 0.2561 
   HI_SS0325  8 0.1339 0.1043 0.2784 0.1559 0.3275 
   HI_SS0327  8 0.1640 0.2396 0.3030 0.2409 0.0526 
   HI_SS0329  8 0.2597 0.1972 0.1404 0.1303 0.2723 
   HI_SS0333  8 0.2339 0.2045 0.2008 0.1810 0.1799 
   HI_SS0334  8 0.1915 0.1047 0.2845 0.2403 0.1789 
   HI_SS0335  8 0.1904 0.1580 0.0956 0.4115 0.1445 
   HI_SS0339  8 0.1338 0.1580 0.1100 0.3517 0.2465 
   HI_SS0343  8 0.2584 0.1858 0.1097 0.3526 0.0935 
   HI_SS0344  8 0.1624 0.1062 0.5003 0.1141 0.1170 
   HI_SS0345  8 0.2339 0.1044 0.1398 0.2513 0.2706 
   HI_SS0346  8 0.4011 0.1064 0.2119 0.0851 0.1955 
   HI_SS0350  8 0.0674 0.1933 0.0586 0.4958 0.1849 
   HI_SS0351  8 0.2100 0.1011 0.1356 0.4365 0.1168 
   HI_SS0352  8 0.2798 0.1642 0.1352 0.2723 0.1485 
   HI_SS0362  8 0.1186 0.1490 0.1609 0.1393 0.4322 
   HI_SS0363  8 0.1236 0.1895 0.3590 0.2332 0.0948 
   HI_SS0365  8 0.1317 0.2076 0.2975 0.2531 0.1101 
   HI_SS0366  8 0.1030 0.1302 0.4326 0.1626 0.1717 
   HI_SS0367  8 0.2020 0.3061 0.1164 0.2332 0.1424 
   HI_SS0369  8 0.1759 0.2093 0.1125 0.2236 0.2786 
   HI_SS0370  8 0.2302 0.3717 0.1714 0.1484 0.0784 
   HI_SS0371  8 0.1648 0.1154 0.3253 0.1432 0.2513 
   HI_SS0373  8 0.1243 0.2782 0.2033 0.1834 0.2108 
   HI_SS0374  8 0.2215 0.2694 0.1320 0.2013 0.1757 
   HI_SS0377  8 0.1663 0.0744 0.1728 0.4136 0.1729 
   HI_SS0379  8 0.2102 0.0641 0.5118 0.1172 0.0967 
   HI_SS0380  8 0.1829 0.2126 0.1441 0.2803 0.1801 
   HI_SS0381  8 0.2318 0.1144 0.0928 0.3157 0.2452 
   HI_SS0384  8 0.2413 0.2777 0.2735 0.0675 0.1400 
   HI_SS0385  8 0.1703 0.2122 0.2319 0.0921 0.2936 
