

----------------------------------------------------
STRUCTURE by Pritchard, Stephens and Donnelly (2000)
     and Falush, Stephens and Pritchard (2003)
       Code by Pritchard, Falush and Hubisz
             Version 2.3.4 (Jul 2012)
----------------------------------------------------



Command line arguments:   /home/genobiwan/Documents/Programs/Structure/structure -m parameter_job_k7_r6 
Input File:    /media/genobiwan/Storage/Projets/Mackerel_NWA_2021/data_job_k7_r6

Run parameters:
   557 individuals
   3930 loci
   7 populations assumed
   100000 Burn-in period
   200000 Reps


--------------------------------------------
Proportion of membership of each pre-defined
 population in each of the 7 clusters

Given    Inferred Clusters                                   Number of
 Pop       1      2      3      4      5      6      7      Individuals

  1:     0.146  0.156  0.136  0.144  0.131  0.133  0.154       67
  2:     0.132  0.122  0.154  0.163  0.114  0.175  0.140       32
  3:     0.132  0.158  0.161  0.136  0.134  0.139  0.140       92
  4:     0.166  0.126  0.138  0.125  0.151  0.155  0.140       36
  5:     0.139  0.170  0.141  0.134  0.152  0.141  0.122       41
  6:     0.150  0.133  0.139  0.140  0.152  0.140  0.146      158
  7:     0.147  0.137  0.142  0.145  0.139  0.137  0.154       79
  8:     0.138  0.153  0.142  0.133  0.153  0.134  0.148       52
--------------------------------------------

Allele-freq. divergence among pops (Net nucleotide distance),
computed using point estimates of P.

      1       2       3       4       5       6       7      
 1      -    0.0048  0.0050  0.0057  0.0060  0.0055  0.0042  
 2   0.0048     -    0.0050  0.0061  0.0066  0.0057  0.0045  
 3   0.0050  0.0050     -    0.0056  0.0063  0.0060  0.0043  
 4   0.0057  0.0061  0.0056     -    0.0076  0.0059  0.0054  
 5   0.0060  0.0066  0.0063  0.0076     -    0.0064  0.0052  
 6   0.0055  0.0057  0.0060  0.0059  0.0064     -    0.0050  
 7   0.0042  0.0045  0.0043  0.0054  0.0052  0.0050     -    

Average distances (expected heterozygosity) between individuals in same cluster:
cluster  1  : 0.3109 
cluster  2  : 0.3087 
cluster  3  : 0.3090 
cluster  4  : 0.3088 
cluster  5  : 0.3062 
cluster  6  : 0.3115 
cluster  7  : 0.3134 

--------------------------------------------
Estimated Ln Prob of Data   = -2070879.2
Mean value of ln likelihood = -2059433.4
Variance of ln likelihood   = 22891.5
Mean value of alpha         = 1.7192

Mean value of Fst_1         = 0.0559
Mean value of Fst_2         = 0.0596
Mean value of Fst_3         = 0.0573
Mean value of Fst_4         = 0.0691
Mean value of Fst_5         = 0.0700
Mean value of Fst_6         = 0.0643
Mean value of Fst_7         = 0.0508


Inferred ancestry of individuals:
        Label (%Miss) Pop:  Inferred clusters
  1 NS_SS0963    (4)    1 :  0.232 0.174 0.155 0.068 0.068 0.137 0.166 
  2 NS_SS0983    (1)    1 :  0.086 0.098 0.105 0.042 0.197 0.197 0.276 
  3 NS_SS0719    (8)    1 :  0.175 0.100 0.189 0.104 0.114 0.139 0.179 
  4 NS_SS1001    (8)    1 :  0.083 0.158 0.169 0.257 0.099 0.155 0.078 
  5 NS_SS0936    (4)    1 :  0.219 0.225 0.073 0.152 0.097 0.184 0.050 
  6 NS_SS0955    (5)    1 :  0.149 0.195 0.168 0.043 0.157 0.151 0.136 
  7 NS_SS0944    (3)    1 :  0.091 0.244 0.164 0.112 0.206 0.104 0.079 
  8 NS_SS0945    (3)    1 :  0.143 0.142 0.087 0.253 0.219 0.078 0.080 
  9 NS_SS0922    (2)    1 :  0.156 0.102 0.157 0.238 0.069 0.152 0.127 
 10 NS_SS0929    (7)    1 :  0.150 0.188 0.097 0.083 0.174 0.167 0.141 
 11 NS_SS0956    (2)    1 :  0.094 0.100 0.314 0.181 0.068 0.109 0.133 
 12 NS_SS0906    (3)    1 :  0.128 0.266 0.100 0.105 0.183 0.099 0.119 
 13 NS_SS0721    (6)    1 :  0.117 0.073 0.312 0.080 0.094 0.143 0.181 
 14 NS_SS0982    (4)    1 :  0.135 0.176 0.145 0.114 0.081 0.085 0.265 
 15 NS_SS0923    (5)    1 :  0.125 0.166 0.109 0.191 0.092 0.141 0.176 
 16 NS_SS0905    (6)    1 :  0.051 0.146 0.087 0.169 0.085 0.122 0.340 
 17 NS_SS0925    (3)    1 :  0.102 0.237 0.142 0.086 0.056 0.257 0.119 
 18 NS_SS0947    (5)    1 :  0.167 0.214 0.105 0.153 0.111 0.189 0.062 
 19 NS_SS0926    (2)    1 :  0.247 0.108 0.079 0.081 0.267 0.055 0.164 
 20 NS_SS0918    (6)    1 :  0.122 0.364 0.134 0.145 0.081 0.062 0.092 
 21 NS_SS0966    (4)    1 :  0.158 0.250 0.093 0.133 0.081 0.143 0.142 
 22 NS_SS0938    (2)    1 :  0.371 0.095 0.097 0.150 0.079 0.144 0.063 
 23 NS_SS0917    (2)    1 :  0.145 0.054 0.118 0.142 0.163 0.187 0.191 
 24 NS_SS0957   (11)    1 :  0.149 0.126 0.224 0.154 0.108 0.087 0.152 
 25 NS_SS0987    (1)    1 :  0.083 0.110 0.278 0.122 0.104 0.054 0.250 
 26 NS_SS0717    (4)    1 :  0.050 0.142 0.153 0.259 0.073 0.114 0.209 
 27 NS_SS0986    (2)    1 :  0.143 0.132 0.183 0.141 0.180 0.044 0.178 
 28 NS_SS0953    (4)    1 :  0.053 0.283 0.137 0.153 0.093 0.191 0.091 
 29 NS_SS0907    (3)    1 :  0.100 0.309 0.081 0.101 0.114 0.100 0.196 
 30 NS_SS0974    (6)    1 :  0.102 0.199 0.078 0.164 0.166 0.214 0.077 
 31 NS_SS0989    (1)    1 :  0.245 0.056 0.092 0.068 0.208 0.218 0.113 
 32 NS_SS0991    (2)    1 :  0.062 0.217 0.207 0.054 0.181 0.050 0.228 
 33 NS_SS0994    (2)    1 :  0.098 0.077 0.065 0.142 0.384 0.115 0.117 
 34 NS_SS0931    (6)    1 :  0.186 0.146 0.132 0.063 0.224 0.056 0.192 
 35 NS_SS1000    (5)    1 :  0.145 0.199 0.089 0.275 0.122 0.097 0.073 
 36 NS_SS0919    (1)    1 :  0.193 0.146 0.054 0.059 0.113 0.098 0.336 
 37 NS_SS0949    (3)    1 :  0.147 0.073 0.160 0.061 0.206 0.218 0.134 
 38 NS_SS0960   (10)    1 :  0.092 0.166 0.130 0.095 0.169 0.151 0.196 
 39 NS_SS0716    (2)    1 :  0.066 0.045 0.175 0.380 0.093 0.048 0.193 
 40 NS_SS0924    (8)    1 :  0.107 0.176 0.122 0.065 0.118 0.167 0.245 
 41 NS_SS0935    (1)    1 :  0.053 0.111 0.141 0.084 0.181 0.122 0.307 
 42 NS_SS0952   (13)    1 :  0.124 0.194 0.067 0.088 0.194 0.097 0.237 
 43 NS_SS0962   (10)    1 :  0.267 0.104 0.119 0.208 0.096 0.068 0.138 
 44 NS_SS0973    (5)    1 :  0.087 0.213 0.129 0.065 0.093 0.266 0.147 
 45 NS_SS0722    (1)    1 :  0.074 0.233 0.083 0.333 0.075 0.138 0.065 
 46 NS_SS0979   (13)    1 :  0.145 0.148 0.199 0.175 0.084 0.077 0.173 
 47 NS_SS0993    (2)    1 :  0.133 0.232 0.139 0.126 0.061 0.203 0.106 
 48 NS_SS0958    (1)    1 :  0.102 0.128 0.090 0.175 0.263 0.089 0.152 
 49 NS_SS0988    (4)    1 :  0.225 0.180 0.080 0.097 0.143 0.062 0.214 
 50 NS_SS1003    (2)    1 :  0.356 0.107 0.231 0.059 0.053 0.052 0.142 
 51 NS_SS0976    (0)    1 :  0.247 0.175 0.117 0.062 0.214 0.091 0.094 
 52 NS_SS0964   (10)    1 :  0.075 0.110 0.179 0.307 0.067 0.138 0.124 
 53 NS_SS0939    (4)    1 :  0.161 0.043 0.214 0.342 0.069 0.078 0.093 
 54 NS_SS0990    (6)    1 :  0.273 0.060 0.112 0.214 0.201 0.050 0.090 
 55 NS_SS0984    (2)    1 :  0.173 0.133 0.080 0.287 0.062 0.142 0.124 
 56 NS_SS0980    (9)    1 :  0.078 0.237 0.073 0.130 0.064 0.321 0.096 
 57 NS_SS0978    (4)    1 :  0.161 0.162 0.094 0.193 0.107 0.147 0.137 
 58 NS_SS0951   (17)    1 :  0.061 0.195 0.216 0.107 0.178 0.060 0.183 
 59 NS_SS0913    (3)    1 :  0.095 0.125 0.236 0.241 0.108 0.088 0.106 
 60 NS_SS1002    (1)    1 :  0.402 0.203 0.059 0.097 0.067 0.082 0.090 
 61 NS_SS0948    (1)    1 :  0.144 0.223 0.106 0.113 0.149 0.097 0.167 
 62 NS_SS0916    (4)    1 :  0.162 0.061 0.111 0.096 0.102 0.353 0.116 
 63 NS_SS0995    (1)    1 :  0.105 0.079 0.130 0.136 0.066 0.328 0.155 
 64 NS_SS0927    (6)    1 :  0.112 0.071 0.063 0.121 0.151 0.200 0.281 
 65 NS_SS0992    (5)    1 :  0.201 0.121 0.081 0.122 0.146 0.259 0.070 
 66 NS_SS0912    (1)    1 :  0.126 0.121 0.227 0.105 0.189 0.045 0.186 
 67 NS_SS0981    (1)    1 :  0.202 0.204 0.160 0.110 0.074 0.053 0.198 
 68 NS_SS0729    (5)    2 :  0.093 0.142 0.055 0.054 0.248 0.325 0.083 
 69 NS_SS0967   (14)    2 :  0.198 0.187 0.090 0.100 0.067 0.150 0.208 
 70 NS_SS0941    (7)    2 :  0.187 0.088 0.132 0.185 0.097 0.190 0.121 
 71 NS_SS0768   (12)    2 :  0.126 0.159 0.271 0.130 0.124 0.073 0.117 
 72 NS_SS0726    (4)    2 :  0.209 0.103 0.071 0.062 0.152 0.328 0.075 
 73 NS_SS0763    (4)    2 :  0.106 0.130 0.094 0.142 0.170 0.144 0.215 
 74 NS_SS0730    (6)    2 :  0.164 0.090 0.132 0.208 0.079 0.141 0.186 
 75 NS_SS0774    (1)    2 :  0.149 0.158 0.074 0.255 0.063 0.243 0.059 
 76 NS_SS0723    (3)    2 :  0.184 0.143 0.120 0.139 0.042 0.207 0.165 
 77 NS_SS0940    (9)    2 :  0.178 0.074 0.139 0.162 0.164 0.181 0.102 
 78 NS_SS0762    (1)    2 :  0.073 0.141 0.119 0.338 0.049 0.169 0.112 
 79 NS_SS0766   (11)    2 :  0.078 0.052 0.134 0.256 0.117 0.174 0.189 
 80 NS_SS0724    (1)    2 :  0.093 0.201 0.195 0.125 0.085 0.135 0.166 
 81 NS_SS0769    (3)    2 :  0.150 0.109 0.123 0.170 0.099 0.076 0.272 
 82 NS_SS0777    (2)    2 :  0.136 0.140 0.126 0.106 0.195 0.060 0.237 
 83 NS_SS0734    (6)    2 :  0.102 0.085 0.237 0.157 0.156 0.138 0.125 
 84 NS_SS0737    (3)    2 :  0.138 0.079 0.097 0.299 0.063 0.257 0.066 
 85 NS_SS0732    (5)    2 :  0.063 0.141 0.282 0.099 0.057 0.163 0.194 
 86 NS_SS0728    (5)    2 :  0.127 0.082 0.184 0.140 0.097 0.266 0.103 
 87 NS_SS0735    (9)    2 :  0.054 0.147 0.211 0.170 0.086 0.252 0.080 
 88 NS_SS0725    (1)    2 :  0.225 0.110 0.174 0.235 0.097 0.104 0.054 
 89 NS_SS0788    (2)    2 :  0.263 0.085 0.096 0.089 0.096 0.140 0.231 
 90 NS_SS0778    (2)    2 :  0.213 0.083 0.118 0.069 0.114 0.134 0.268 
 91 NS_SS0792    (6)    2 :  0.078 0.134 0.213 0.083 0.107 0.251 0.133 
 92 NS_SS0943   (11)    2 :  0.081 0.255 0.182 0.053 0.254 0.092 0.083 
 93 NS_SS0791    (2)    2 :  0.101 0.059 0.209 0.088 0.132 0.330 0.080 
 94 NS_SS0790    (5)    2 :  0.093 0.227 0.268 0.190 0.040 0.086 0.096 
 95 NS_SS0731    (6)    2 :  0.090 0.099 0.269 0.216 0.083 0.057 0.185 
 96 NS_SS0727    (6)    2 :  0.056 0.086 0.091 0.196 0.199 0.303 0.069 
 97 NS_SS0779   (12)    2 :  0.145 0.125 0.135 0.123 0.104 0.145 0.224 
 98 NS_SS0776    (3)    2 :  0.166 0.088 0.132 0.246 0.150 0.122 0.095 
 99 NS_SS0775    (5)    2 :  0.092 0.084 0.144 0.345 0.069 0.177 0.088 
100 NS_SS0965    (3)    3 :  0.156 0.154 0.228 0.075 0.078 0.101 0.208 
101 NS_SS0754   (13)    3 :  0.102 0.083 0.249 0.065 0.182 0.200 0.119 
102 NS_SS0838    (5)    3 :  0.180 0.148 0.110 0.168 0.159 0.140 0.094 
103 NS_SS0839    (3)    3 :  0.170 0.122 0.166 0.241 0.063 0.161 0.077 
104 NS_SS0832    (4)    3 :  0.133 0.263 0.172 0.155 0.049 0.090 0.137 
105 NS_SS0820    (4)    3 :  0.208 0.114 0.199 0.100 0.050 0.122 0.205 
106 NS_SS0886    (9)    3 :  0.142 0.093 0.189 0.103 0.164 0.142 0.167 
107 NS_SS0748    (5)    3 :  0.120 0.219 0.117 0.098 0.144 0.092 0.210 
108 NS_SS0884    (9)    3 :  0.130 0.159 0.136 0.121 0.121 0.200 0.134 
109 NS_SS0752    (3)    3 :  0.136 0.140 0.107 0.185 0.113 0.229 0.090 
110 NS_SS0862    (1)    3 :  0.080 0.157 0.340 0.074 0.053 0.180 0.116 
111 NS_SS0787    (9)    3 :  0.097 0.098 0.102 0.101 0.382 0.082 0.137 
112 NS_SS0843    (6)    3 :  0.090 0.148 0.150 0.110 0.085 0.176 0.242 
113 NS_SS0856    (4)    3 :  0.134 0.050 0.106 0.234 0.118 0.223 0.135 
114 NS_SS0846    (2)    3 :  0.148 0.233 0.062 0.097 0.142 0.177 0.140 
115 NS_SS0825    (1)    3 :  0.287 0.118 0.217 0.067 0.134 0.075 0.103 
116 NS_SS0757    (3)    3 :  0.113 0.170 0.208 0.087 0.162 0.097 0.163 
117 NS_SS0876    (3)    3 :  0.097 0.182 0.183 0.161 0.103 0.164 0.109 
118 NS_SS0903    (9)    3 :  0.103 0.208 0.065 0.123 0.051 0.370 0.080 
119 NS_SS0875    (7)    3 :  0.169 0.105 0.126 0.226 0.127 0.080 0.166 
120 NS_SS0740    (5)    3 :  0.089 0.176 0.158 0.135 0.097 0.149 0.196 
121 NS_SS0811    (5)    3 :  0.080 0.126 0.306 0.222 0.066 0.084 0.116 
122 NS_SS0751    (1)    3 :  0.192 0.081 0.093 0.246 0.111 0.119 0.160 
123 NS_SS0891    (6)    3 :  0.217 0.119 0.122 0.218 0.129 0.110 0.085 
124 NS_SS0867    (2)    3 :  0.116 0.285 0.173 0.041 0.140 0.087 0.158 
125 NS_SS0890    (6)    3 :  0.121 0.155 0.091 0.141 0.089 0.185 0.219 
126 NS_SS0866   (11)    3 :  0.120 0.096 0.126 0.102 0.364 0.137 0.055 
127 NS_SS0755    (4)    3 :  0.134 0.181 0.222 0.120 0.094 0.108 0.141 
128 NS_SS0758    (4)    3 :  0.118 0.137 0.121 0.137 0.110 0.250 0.126 
129 NS_SS0840    (2)    3 :  0.230 0.197 0.155 0.162 0.056 0.108 0.092 
130 NS_SS0889    (4)    3 :  0.089 0.123 0.249 0.087 0.293 0.085 0.073 
131 NS_SS1010    (1)    3 :  0.184 0.139 0.100 0.146 0.095 0.089 0.247 
132 NS_SS0888    (5)    3 :  0.056 0.062 0.150 0.097 0.252 0.300 0.083 
133 NS_SS0837    (3)    3 :  0.078 0.203 0.287 0.110 0.069 0.096 0.157 
134 NS_SS0794    (9)    3 :  0.058 0.092 0.130 0.181 0.260 0.179 0.100 
135 NS_SS0823    (4)    3 :  0.135 0.307 0.112 0.153 0.082 0.139 0.072 
136 NS_SS0829    (7)    3 :  0.064 0.188 0.209 0.063 0.332 0.059 0.085 
137 NS_SS0844    (5)    3 :  0.061 0.458 0.106 0.055 0.040 0.175 0.105 
138 NS_SS1008    (5)    3 :  0.070 0.109 0.110 0.239 0.238 0.136 0.098 
139 NS_SS0881    (3)    3 :  0.257 0.094 0.115 0.131 0.161 0.083 0.159 
140 NS_SS0834    (6)    3 :  0.228 0.120 0.122 0.255 0.085 0.122 0.069 
141 NS_SS0744   (10)    3 :  0.181 0.150 0.178 0.068 0.116 0.221 0.087 
142 NS_SS0899    (7)    3 :  0.077 0.204 0.249 0.217 0.082 0.066 0.106 
143 NS_SS0804    (4)    3 :  0.139 0.180 0.214 0.129 0.043 0.131 0.165 
144 NS_SS0781   (10)    3 :  0.233 0.215 0.086 0.169 0.057 0.082 0.157 
145 NS_SS0822    (6)    3 :  0.069 0.202 0.159 0.130 0.172 0.194 0.074 
146 NS_SS1004    (4)    3 :  0.128 0.240 0.128 0.100 0.082 0.125 0.196 
147 NS_SS0746    (5)    3 :  0.117 0.290 0.083 0.127 0.169 0.099 0.115 
148 NS_SS0880    (3)    3 :  0.181 0.244 0.151 0.141 0.094 0.131 0.058 
149 NS_SS0879    (4)    3 :  0.110 0.184 0.190 0.180 0.137 0.136 0.063 
150 NS_SS0753    (2)    3 :  0.075 0.181 0.156 0.078 0.187 0.118 0.205 
151 NS_SS1007    (2)    3 :  0.151 0.057 0.061 0.203 0.089 0.275 0.164 
152 NS_SS0872    (5)    3 :  0.156 0.157 0.105 0.192 0.076 0.164 0.149 
153 NS_SS1005    (7)    3 :  0.163 0.277 0.087 0.163 0.092 0.089 0.129 
154 NS_SS0892    (6)    3 :  0.119 0.133 0.139 0.170 0.124 0.105 0.210 
155 NS_SS0898    (0)    3 :  0.131 0.165 0.146 0.122 0.190 0.098 0.148 
156 NS_SS0801    (9)    3 :  0.092 0.180 0.219 0.117 0.125 0.080 0.187 
157 NS_SS0827    (8)    3 :  0.070 0.077 0.099 0.127 0.089 0.057 0.481 
158 NS_SS0853    (6)    3 :  0.051 0.101 0.182 0.176 0.128 0.100 0.262 
159 NS_SS0780    (2)    3 :  0.210 0.106 0.173 0.140 0.070 0.135 0.166 
160 NS_SS0826   (10)    3 :  0.300 0.243 0.111 0.056 0.157 0.045 0.088 
161 NS_SS0818    (5)    3 :  0.190 0.127 0.136 0.196 0.059 0.153 0.139 
162 NS_SS0745    (1)    3 :  0.123 0.045 0.182 0.458 0.079 0.045 0.068 
163 NS_SS0849    (3)    3 :  0.128 0.128 0.367 0.096 0.083 0.045 0.152 
164 NS_SS0739    (3)    3 :  0.204 0.052 0.174 0.133 0.090 0.173 0.174 
165 NS_SS0799    (1)    3 :  0.048 0.097 0.122 0.114 0.132 0.311 0.175 
166 NS_SS0756    (2)    3 :  0.182 0.304 0.130 0.103 0.068 0.077 0.136 
167 NS_SS0802    (2)    3 :  0.194 0.101 0.066 0.108 0.142 0.158 0.232 
168 NS_SS0747    (6)    3 :  0.164 0.196 0.098 0.107 0.107 0.155 0.173 
169 NS_SS0835    (1)    3 :  0.121 0.088 0.058 0.079 0.222 0.156 0.277 
170 NS_SS0742   (18)    3 :  0.166 0.164 0.156 0.097 0.065 0.217 0.134 
171 NS_SS0760    (9)    3 :  0.101 0.137 0.091 0.129 0.314 0.095 0.135 
172 NS_SS0803    (4)    3 :  0.051 0.376 0.092 0.069 0.048 0.301 0.063 
173 NS_SS0828   (13)    3 :  0.090 0.102 0.200 0.125 0.111 0.139 0.234 
174 NS_SS0865    (2)    3 :  0.208 0.148 0.257 0.058 0.128 0.099 0.101 
175 NS_SS0759    (4)    3 :  0.110 0.138 0.188 0.228 0.079 0.125 0.130 
176 NS_SS0851    (5)    3 :  0.123 0.090 0.432 0.150 0.080 0.045 0.082 
177 NS_SS0874   (16)    3 :  0.098 0.344 0.099 0.131 0.070 0.122 0.136 
178 NS_SS0761    (6)    3 :  0.134 0.164 0.175 0.054 0.240 0.095 0.137 
179 NS_SS0842   (25)    3 :  0.090 0.153 0.105 0.200 0.220 0.114 0.118 
180 NS_SS0785    (6)    3 :  0.090 0.194 0.139 0.095 0.162 0.189 0.131 
181 NS_SS0860   (11)    3 :  0.102 0.128 0.081 0.085 0.287 0.133 0.184 
182 NS_SS0897    (7)    3 :  0.074 0.088 0.175 0.094 0.350 0.122 0.096 
183 NS_SS0841   (14)    3 :  0.090 0.160 0.239 0.242 0.073 0.077 0.118 
184 NS_SS0797    (6)    3 :  0.144 0.122 0.224 0.075 0.181 0.081 0.172 
185 NS_SS0830   (10)    3 :  0.164 0.137 0.197 0.111 0.147 0.106 0.138 
186 NS_SS1011    (5)    3 :  0.310 0.188 0.173 0.065 0.068 0.102 0.094 
187 NS_SS0883    (5)    3 :  0.059 0.121 0.214 0.112 0.132 0.176 0.185 
188 NS_SS0782    (2)    3 :  0.085 0.127 0.118 0.202 0.162 0.241 0.065 
189 NS_SS0831    (5)    3 :  0.079 0.107 0.294 0.078 0.259 0.102 0.081 
190 NS_SS0749    (7)    3 :  0.111 0.077 0.245 0.119 0.151 0.200 0.097 
191 NS_SS0854    (2)    3 :  0.077 0.105 0.135 0.139 0.115 0.324 0.105 
192 HI_SS0193    (0)    4 :  0.160 0.079 0.205 0.120 0.228 0.154 0.055 
193 HI_SS0194    (0)    4 :  0.279 0.111 0.084 0.230 0.139 0.097 0.059 
194 HI_SS0195    (9)    4 :  0.226 0.063 0.269 0.153 0.051 0.103 0.135 
195 HI_SS0196    (6)    4 :  0.098 0.104 0.104 0.236 0.180 0.218 0.059 
196 HI_SS0197    (3)    4 :  0.489 0.074 0.055 0.094 0.077 0.076 0.134 
197 HI_SS0198    (1)    4 :  0.121 0.082 0.251 0.095 0.142 0.158 0.151 
198 HI_SS0199    (1)    4 :  0.073 0.088 0.093 0.140 0.155 0.346 0.104 
199 HI_SS0201    (4)    4 :  0.082 0.164 0.159 0.040 0.227 0.106 0.222 
200 HI_SS0215    (1)    4 :  0.121 0.135 0.124 0.064 0.201 0.096 0.259 
201 HI_SS0218    (1)    4 :  0.066 0.063 0.175 0.122 0.306 0.197 0.070 
202 HI_SS0222    (0)    4 :  0.167 0.059 0.203 0.174 0.136 0.160 0.101 
203 HI_SS0230    (1)    4 :  0.192 0.126 0.079 0.139 0.078 0.047 0.339 
204 HI_SS0234    (1)    4 :  0.197 0.116 0.053 0.089 0.089 0.326 0.130 
205 HI_SS0240    (1)    4 :  0.098 0.062 0.114 0.181 0.076 0.363 0.107 
206 HI_SS0241    (0)    4 :  0.137 0.120 0.108 0.078 0.171 0.149 0.239 
207 HI_SS0242    (0)    4 :  0.122 0.209 0.176 0.091 0.143 0.145 0.113 
208 HI_SS0247    (0)    4 :  0.191 0.355 0.120 0.087 0.114 0.064 0.071 
209 HI_SS0248    (1)    4 :  0.045 0.154 0.067 0.171 0.239 0.216 0.108 
210 HI_SS0252    (2)    4 :  0.087 0.180 0.214 0.169 0.091 0.200 0.059 
211 HI_SS0254    (1)    4 :  0.216 0.141 0.067 0.083 0.139 0.134 0.221 
212 HI_SS0256    (0)    4 :  0.176 0.200 0.125 0.176 0.030 0.137 0.156 
213 HI_SS0257    (0)    4 :  0.162 0.217 0.052 0.055 0.218 0.185 0.111 
214 HI_SS0258    (1)    4 :  0.079 0.118 0.128 0.117 0.254 0.132 0.171 
215 HI_SS0259    (1)    4 :  0.315 0.078 0.150 0.151 0.080 0.133 0.094 
216 HI_SS0260    (1)    4 :  0.079 0.080 0.083 0.199 0.232 0.183 0.142 
217 HI_SS0261    (2)    4 :  0.249 0.206 0.064 0.107 0.171 0.103 0.101 
218 HI_SS0262    (0)    4 :  0.124 0.083 0.253 0.124 0.086 0.190 0.140 
219 HI_SS0264    (1)    4 :  0.178 0.115 0.118 0.236 0.120 0.046 0.186 
220 HI_SS0265    (0)    4 :  0.210 0.098 0.197 0.094 0.086 0.085 0.230 
221 HI_SS0268    (1)    4 :  0.192 0.043 0.112 0.184 0.143 0.074 0.252 
222 HI_SS0269    (1)    4 :  0.157 0.110 0.058 0.049 0.276 0.262 0.087 
223 HI_SS0273    (0)    4 :  0.138 0.204 0.122 0.082 0.232 0.105 0.117 
224 HI_SS0277    (1)    4 :  0.400 0.134 0.108 0.054 0.078 0.113 0.114 
225 HI_SS0280    (0)    4 :  0.132 0.057 0.284 0.175 0.143 0.114 0.094 
226 HI_SS0282    (1)    4 :  0.092 0.221 0.190 0.076 0.199 0.142 0.079 
227 HI_SS0286    (1)    4 :  0.111 0.072 0.210 0.056 0.121 0.204 0.226 
228 NS_SS1252    (3)    5 :  0.058 0.141 0.107 0.088 0.341 0.156 0.108 
229 NS_SS1261    (1)    5 :  0.165 0.149 0.120 0.120 0.133 0.194 0.120 
230 NS_SS1225    (9)    5 :  0.104 0.328 0.072 0.064 0.160 0.091 0.181 
231 NS_SS1266    (1)    5 :  0.105 0.403 0.127 0.117 0.051 0.108 0.090 
232 NS_SS1228    (0)    5 :  0.126 0.083 0.329 0.143 0.084 0.142 0.093 
233 NS_SS1255    (2)    5 :  0.086 0.124 0.077 0.345 0.168 0.163 0.037 
234 NS_SS1267    (3)    5 :  0.088 0.048 0.123 0.063 0.299 0.147 0.232 
235 NS_SS1238    (6)    5 :  0.250 0.080 0.163 0.144 0.199 0.079 0.085 
236 NS_SS1233    (8)    5 :  0.099 0.394 0.098 0.200 0.089 0.036 0.085 
237 NS_SS1277    (3)    5 :  0.099 0.058 0.126 0.178 0.201 0.241 0.097 
238 NS_SS1245    (1)    5 :  0.133 0.259 0.076 0.129 0.171 0.116 0.116 
239 NS_SS1240    (4)    5 :  0.125 0.068 0.052 0.065 0.289 0.153 0.249 
240 NS_SS1275    (2)    5 :  0.387 0.128 0.183 0.099 0.050 0.091 0.061 
241 NS_SS1235    (1)    5 :  0.151 0.214 0.043 0.134 0.103 0.265 0.088 
242 NS_SS1263    (1)    5 :  0.089 0.309 0.100 0.250 0.084 0.104 0.064 
243 NS_SS1251    (1)    5 :  0.139 0.313 0.088 0.157 0.077 0.093 0.134 
244 NS_SS1248    (0)    5 :  0.110 0.071 0.409 0.104 0.150 0.042 0.114 
245 NS_SS1244    (0)    5 :  0.330 0.191 0.132 0.043 0.107 0.132 0.063 
246 NS_SS1257    (0)    5 :  0.084 0.107 0.136 0.112 0.232 0.177 0.152 
247 NS_SS1242    (2)    5 :  0.136 0.165 0.145 0.296 0.093 0.069 0.096 
248 NS_SS1271    (6)    5 :  0.103 0.068 0.127 0.056 0.290 0.232 0.124 
249 NS_SS1265    (1)    5 :  0.152 0.148 0.095 0.116 0.292 0.057 0.141 
250 NS_SS1243    (0)    5 :  0.065 0.097 0.277 0.224 0.102 0.118 0.117 
251 NS_SS1273    (1)    5 :  0.119 0.152 0.107 0.363 0.076 0.089 0.094 
252 NS_SS1254   (14)    5 :  0.077 0.354 0.096 0.175 0.085 0.093 0.121 
253 NS_SS1224    (1)    5 :  0.104 0.255 0.231 0.137 0.084 0.107 0.083 
254 NS_SS1227    (8)    5 :  0.117 0.065 0.050 0.103 0.135 0.138 0.391 
255 NS_SS1274    (8)    5 :  0.109 0.123 0.149 0.135 0.179 0.199 0.107 
256 NS_SS1241    (1)    5 :  0.120 0.188 0.157 0.082 0.168 0.165 0.120 
257 NS_SS1256    (3)    5 :  0.194 0.273 0.055 0.103 0.176 0.069 0.131 
258 NS_SS1260    (8)    5 :  0.081 0.111 0.098 0.086 0.214 0.283 0.128 
259 NS_SS1262    (0)    5 :  0.129 0.214 0.163 0.057 0.163 0.133 0.140 
260 NS_SS1230    (0)    5 :  0.126 0.157 0.133 0.185 0.208 0.074 0.117 
261 NS_SS1270    (2)    5 :  0.127 0.246 0.280 0.067 0.088 0.051 0.140 
262 NS_SS1229    (2)    5 :  0.268 0.120 0.046 0.128 0.068 0.305 0.065 
263 NS_SS1246    (5)    5 :  0.258 0.067 0.082 0.075 0.214 0.235 0.069 
264 NS_SS1269    (0)    5 :  0.116 0.148 0.175 0.172 0.096 0.142 0.151 
265 NS_SS1239    (1)    5 :  0.067 0.071 0.266 0.111 0.053 0.323 0.109 
266 NS_SS1272    (4)    5 :  0.378 0.136 0.067 0.071 0.072 0.067 0.209 
267 NS_SS1268    (1)    5 :  0.060 0.243 0.311 0.113 0.077 0.050 0.147 
268 NS_SS1249    (0)    5 :  0.067 0.121 0.095 0.088 0.321 0.260 0.046 
269 HI_SS0559    (0)    6 :  0.054 0.131 0.198 0.166 0.144 0.138 0.169 
270 HI_SS0563    (1)    6 :  0.146 0.175 0.128 0.083 0.116 0.244 0.108 
271 HI_SS0564    (0)    6 :  0.218 0.162 0.170 0.092 0.104 0.135 0.119 
272 HI_SS0565    (0)    6 :  0.190 0.133 0.071 0.091 0.147 0.081 0.287 
273 HI_SS0569    (0)    6 :  0.085 0.265 0.078 0.051 0.188 0.058 0.274 
274 HI_SS0570    (0)    6 :  0.142 0.053 0.168 0.099 0.261 0.147 0.130 
275 HI_SS0572    (1)    6 :  0.126 0.134 0.077 0.224 0.065 0.255 0.118 
276 HI_SS0576    (0)    6 :  0.148 0.096 0.237 0.202 0.078 0.115 0.125 
277 HI_SS0579    (1)    6 :  0.057 0.309 0.071 0.063 0.146 0.192 0.163 
278 HI_SS0580    (1)    6 :  0.074 0.091 0.112 0.209 0.194 0.176 0.143 
279 HI_SS0581    (0)    6 :  0.314 0.077 0.261 0.104 0.069 0.084 0.091 
280 HI_SS0583    (1)    6 :  0.085 0.140 0.048 0.169 0.191 0.118 0.249 
281 HI_SS0586    (1)    6 :  0.074 0.059 0.102 0.112 0.285 0.063 0.305 
282 HI_SS0588    (1)    6 :  0.057 0.154 0.085 0.098 0.137 0.144 0.325 
283 HI_SS0595    (4)    6 :  0.273 0.095 0.051 0.110 0.161 0.102 0.208 
284 HI_SS0596    (0)    6 :  0.067 0.135 0.074 0.349 0.069 0.206 0.100 
285 HI_SS0597    (1)    6 :  0.242 0.146 0.066 0.224 0.090 0.119 0.113 
286 HI_SS0600    (0)    6 :  0.175 0.085 0.131 0.066 0.116 0.279 0.149 
287 HI_SS0601    (1)    6 :  0.156 0.207 0.133 0.041 0.099 0.138 0.226 
288 HI_SS0602    (1)    6 :  0.053 0.056 0.133 0.154 0.165 0.070 0.369 
289 HI_SS0604    (0)    6 :  0.075 0.203 0.198 0.144 0.135 0.091 0.154 
290 HI_SS0605    (1)    6 :  0.072 0.089 0.305 0.074 0.152 0.198 0.111 
291 HI_SS0608    (0)    6 :  0.114 0.073 0.118 0.258 0.124 0.095 0.217 
292 HI_SS0609    (0)    6 :  0.155 0.295 0.064 0.166 0.080 0.100 0.139 
293 HI_SS0611    (5)    6 :  0.063 0.072 0.248 0.103 0.222 0.100 0.193 
294 HI_SS0612    (1)    6 :  0.085 0.364 0.044 0.071 0.119 0.254 0.064 
295 HI_SS0613    (1)    6 :  0.067 0.120 0.370 0.129 0.111 0.071 0.131 
296 HI_SS0615    (0)    6 :  0.150 0.079 0.189 0.197 0.050 0.213 0.122 
297 HI_SS0001    (1)    6 :  0.209 0.098 0.084 0.180 0.182 0.178 0.069 
298 HI_SS0002    (1)    6 :  0.125 0.231 0.080 0.170 0.059 0.098 0.237 
299 HI_SS0004    (0)    6 :  0.107 0.075 0.138 0.191 0.251 0.122 0.117 
300 HI_SS0005    (1)    6 :  0.140 0.071 0.318 0.130 0.096 0.074 0.171 
301 HI_SS0006    (1)    6 :  0.178 0.216 0.081 0.079 0.210 0.118 0.119 
302 HI_SS0007    (1)    6 :  0.058 0.063 0.370 0.095 0.219 0.131 0.065 
303 HI_SS0008    (0)    6 :  0.165 0.101 0.117 0.092 0.075 0.083 0.367 
304 HI_SS0009    (0)    6 :  0.054 0.099 0.207 0.196 0.068 0.205 0.171 
305 HI_SS0010    (1)    6 :  0.114 0.112 0.147 0.135 0.149 0.095 0.248 
306 HI_SS0011    (1)    6 :  0.234 0.310 0.127 0.101 0.114 0.039 0.075 
307 HI_SS0012    (0)    6 :  0.166 0.077 0.098 0.084 0.035 0.264 0.276 
308 HI_SS0017    (1)    6 :  0.183 0.107 0.130 0.271 0.102 0.145 0.061 
309 HI_SS0021    (1)    6 :  0.137 0.090 0.066 0.150 0.216 0.066 0.275 
310 HI_SS0024    (1)    6 :  0.233 0.068 0.198 0.178 0.084 0.163 0.076 
311 HI_SS0025    (1)    6 :  0.081 0.151 0.163 0.294 0.100 0.130 0.081 
312 HI_SS0027    (0)    6 :  0.054 0.203 0.162 0.101 0.182 0.127 0.171 
313 HI_SS0028    (0)    6 :  0.198 0.065 0.151 0.196 0.039 0.041 0.311 
314 HI_SS0029    (1)    6 :  0.155 0.050 0.086 0.286 0.178 0.165 0.080 
315 HI_SS0030    (2)    6 :  0.137 0.127 0.186 0.091 0.144 0.201 0.114 
316 HI_SS0031    (0)    6 :  0.156 0.121 0.057 0.098 0.059 0.220 0.288 
317 HI_SS0034    (0)    6 :  0.081 0.200 0.114 0.085 0.259 0.180 0.082 
318 HI_SS0036    (0)    6 :  0.237 0.033 0.153 0.075 0.279 0.100 0.123 
319 HI_SS0037    (1)    6 :  0.061 0.121 0.158 0.145 0.302 0.063 0.150 
320 HI_SS0039    (0)    6 :  0.134 0.067 0.255 0.125 0.219 0.074 0.127 
321 HI_SS0041    (1)    6 :  0.153 0.067 0.318 0.163 0.092 0.121 0.086 
322 HI_SS0042    (1)    6 :  0.244 0.149 0.121 0.196 0.074 0.102 0.114 
323 HI_SS0043    (1)    6 :  0.198 0.076 0.106 0.047 0.316 0.125 0.132 
324 HI_SS0044    (1)    6 :  0.078 0.054 0.071 0.301 0.211 0.209 0.076 
325 HI_SS0047    (1)    6 :  0.124 0.140 0.211 0.160 0.084 0.146 0.135 
326 HI_SS0049    (0)    6 :  0.095 0.184 0.084 0.285 0.128 0.098 0.128 
327 HI_SS0051    (1)    6 :  0.062 0.188 0.339 0.062 0.101 0.104 0.143 
328 HI_SS0053    (1)    6 :  0.237 0.108 0.093 0.059 0.245 0.124 0.133 
329 HI_SS0054    (4)    6 :  0.096 0.235 0.157 0.049 0.257 0.072 0.134 
330 HI_SS0057    (0)    6 :  0.209 0.136 0.250 0.135 0.142 0.061 0.068 
331 HI_SS0058    (0)    6 :  0.063 0.177 0.104 0.167 0.259 0.095 0.136 
332 HI_SS0060    (0)    6 :  0.188 0.127 0.203 0.058 0.108 0.118 0.199 
333 HI_SS0087    (1)    6 :  0.200 0.176 0.095 0.095 0.144 0.111 0.179 
334 HI_SS0091    (0)    6 :  0.235 0.125 0.067 0.051 0.279 0.124 0.119 
335 HI_SS0095    (1)    6 :  0.156 0.130 0.143 0.061 0.123 0.229 0.157 
336 HI_SS0097    (3)    6 :  0.085 0.359 0.094 0.056 0.078 0.184 0.143 
337 HI_SS0099    (0)    6 :  0.085 0.077 0.076 0.342 0.117 0.072 0.229 
338 HI_SS0103    (0)    6 :  0.177 0.119 0.113 0.180 0.124 0.216 0.070 
339 HI_SS0105    (1)    6 :  0.258 0.156 0.164 0.065 0.110 0.092 0.155 
340 HI_SS0107    (1)    6 :  0.215 0.146 0.102 0.200 0.058 0.226 0.053 
341 HI_SS0108    (1)    6 :  0.099 0.106 0.127 0.069 0.393 0.131 0.076 
342 HI_SS0110    (0)    6 :  0.358 0.087 0.063 0.086 0.135 0.191 0.078 
343 HI_SS0111    (1)    6 :  0.204 0.074 0.132 0.090 0.105 0.230 0.164 
344 HI_SS0112    (0)    6 :  0.125 0.074 0.085 0.086 0.348 0.152 0.131 
345 HI_SS0113    (1)    6 :  0.240 0.143 0.109 0.263 0.088 0.081 0.076 
346 HI_SS0114    (1)    6 :  0.091 0.134 0.186 0.076 0.194 0.103 0.217 
347 HI_SS0115    (1)    6 :  0.039 0.113 0.109 0.184 0.090 0.263 0.202 
348 HI_SS0116    (4)    6 :  0.069 0.073 0.042 0.255 0.243 0.189 0.129 
349 HI_SS0117    (0)    6 :  0.255 0.217 0.050 0.068 0.184 0.083 0.143 
350 HI_SS0118    (0)    6 :  0.148 0.185 0.085 0.138 0.206 0.121 0.117 
351 HI_SS0119    (1)    6 :  0.263 0.127 0.128 0.046 0.188 0.158 0.089 
352 HI_SS0120    (1)    6 :  0.349 0.096 0.080 0.228 0.069 0.132 0.046 
353 HI_SS0121    (1)    6 :  0.340 0.149 0.145 0.090 0.063 0.044 0.168 
354 HI_SS0122    (2)    6 :  0.226 0.105 0.177 0.107 0.155 0.135 0.095 
355 HI_SS0123    (0)    6 :  0.237 0.201 0.077 0.117 0.143 0.130 0.096 
356 HI_SS0124    (1)    6 :  0.086 0.088 0.129 0.326 0.059 0.180 0.132 
357 HI_SS0125    (1)    6 :  0.161 0.076 0.136 0.186 0.046 0.214 0.180 
358 HI_SS0126    (0)    6 :  0.114 0.086 0.082 0.215 0.310 0.120 0.073 
359 HI_SS0127    (0)    6 :  0.076 0.182 0.301 0.089 0.094 0.073 0.185 
360 HI_SS0128    (0)    6 :  0.189 0.167 0.071 0.170 0.116 0.190 0.098 
361 HI_SS0129    (1)    6 :  0.168 0.074 0.177 0.123 0.221 0.149 0.088 
362 HI_SS0131    (2)    6 :  0.070 0.163 0.169 0.088 0.211 0.057 0.242 
363 HI_SS0132    (0)    6 :  0.265 0.155 0.110 0.105 0.120 0.116 0.130 
364 HI_SS0133    (1)    6 :  0.108 0.076 0.123 0.090 0.413 0.121 0.069 
365 HI_SS0134    (1)    6 :  0.129 0.184 0.107 0.121 0.152 0.134 0.173 
366 HI_SS0142    (3)    6 :  0.175 0.176 0.121 0.057 0.080 0.176 0.214 
367 HI_SS0145    (0)    6 :  0.091 0.244 0.081 0.110 0.176 0.175 0.121 
368 HI_SS0146    (1)    6 :  0.053 0.201 0.148 0.104 0.173 0.181 0.141 
369 HI_SS0147    (1)    6 :  0.127 0.168 0.377 0.094 0.098 0.074 0.061 
370 HI_SS0149    (1)    6 :  0.416 0.167 0.069 0.074 0.165 0.052 0.057 
371 HI_SS0150    (2)    6 :  0.152 0.130 0.204 0.187 0.064 0.133 0.130 
372 HI_SS0151    (0)    6 :  0.057 0.096 0.190 0.113 0.103 0.352 0.089 
373 NS_SS1451    (1)    6 :  0.159 0.081 0.204 0.215 0.060 0.203 0.078 
374 NS_SS1404    (0)    6 :  0.124 0.097 0.324 0.161 0.117 0.080 0.097 
375 NS_SS1432    (2)    6 :  0.303 0.052 0.087 0.257 0.060 0.110 0.131 
376 NS_SS1405    (4)    6 :  0.089 0.103 0.082 0.308 0.169 0.132 0.116 
377 NS_SS1431   (10)    6 :  0.342 0.105 0.105 0.218 0.083 0.081 0.066 
378 NS_SS1402    (3)    6 :  0.189 0.135 0.090 0.097 0.112 0.230 0.147 
379 NS_SS1450    (3)    6 :  0.130 0.076 0.184 0.139 0.246 0.176 0.049 
380 NS_SS1396    (0)    6 :  0.147 0.128 0.159 0.158 0.125 0.121 0.163 
381 NS_SS1393    (5)    6 :  0.086 0.067 0.118 0.123 0.105 0.233 0.268 
382 NS_SS1392   (10)    6 :  0.104 0.048 0.182 0.228 0.084 0.248 0.106 
383 NS_SS1445    (0)    6 :  0.152 0.166 0.107 0.066 0.207 0.061 0.241 
384 NS_SS1423    (0)    6 :  0.230 0.091 0.055 0.110 0.139 0.202 0.173 
385 NS_SS1421    (9)    6 :  0.227 0.147 0.135 0.091 0.178 0.151 0.071 
386 NS_SS1411    (6)    6 :  0.066 0.069 0.301 0.107 0.266 0.069 0.122 
387 NS_SS1453    (5)    6 :  0.263 0.078 0.111 0.076 0.214 0.150 0.108 
388 NS_SS1442    (2)    6 :  0.076 0.237 0.091 0.142 0.135 0.127 0.192 
389 NS_SS1422    (1)    6 :  0.120 0.249 0.078 0.084 0.083 0.322 0.064 
390 NS_SS1419    (1)    6 :  0.085 0.332 0.204 0.117 0.114 0.064 0.084 
391 NS_SS1427    (0)    6 :  0.133 0.047 0.065 0.111 0.281 0.292 0.070 
392 NS_SS1444    (3)    6 :  0.063 0.175 0.151 0.183 0.074 0.075 0.279 
393 NS_SS1455    (0)    6 :  0.126 0.236 0.057 0.290 0.074 0.112 0.104 
394 NS_SS1425    (2)    6 :  0.090 0.148 0.121 0.061 0.314 0.093 0.171 
395 NS_SS1400    (0)    6 :  0.083 0.206 0.108 0.144 0.306 0.053 0.101 
396 NS_SS1406    (1)    6 :  0.245 0.309 0.064 0.138 0.046 0.085 0.113 
397 NS_SS1417    (6)    6 :  0.155 0.190 0.125 0.158 0.218 0.080 0.074 
398 NS_SS1454    (2)    6 :  0.303 0.088 0.120 0.123 0.243 0.040 0.084 
399 NS_SS1412    (1)    6 :  0.127 0.097 0.203 0.164 0.194 0.106 0.108 
400 NS_SS1438    (1)    6 :  0.076 0.146 0.174 0.045 0.243 0.118 0.197 
401 NS_SS1416    (4)    6 :  0.164 0.142 0.144 0.164 0.149 0.117 0.121 
402 NS_SS1401    (0)    6 :  0.232 0.127 0.082 0.096 0.127 0.149 0.186 
403 NS_SS1424    (6)    6 :  0.247 0.110 0.159 0.069 0.160 0.140 0.115 
404 NS_SS1435    (9)    6 :  0.123 0.050 0.118 0.194 0.093 0.120 0.303 
405 NS_SS1447    (4)    6 :  0.121 0.205 0.244 0.141 0.090 0.075 0.123 
406 NS_SS1414    (3)    6 :  0.085 0.203 0.199 0.243 0.097 0.049 0.126 
407 NS_SS1449   (14)    6 :  0.227 0.084 0.142 0.060 0.076 0.358 0.053 
408 NS_SS1443    (4)    6 :  0.096 0.168 0.059 0.089 0.184 0.258 0.146 
409 NS_SS1434    (1)    6 :  0.080 0.103 0.069 0.227 0.146 0.312 0.064 
410 NS_SS1398    (1)    6 :  0.151 0.093 0.113 0.281 0.120 0.116 0.125 
411 NS_SS1426    (1)    6 :  0.105 0.078 0.090 0.079 0.248 0.145 0.255 
412 NS_SS1413    (0)    6 :  0.102 0.167 0.085 0.201 0.281 0.085 0.078 
413 NS_SS1395    (1)    6 :  0.132 0.087 0.066 0.060 0.153 0.183 0.318 
414 NS_SS1448   (10)    6 :  0.137 0.069 0.292 0.140 0.204 0.084 0.073 
415 NS_SS1446    (0)    6 :  0.159 0.113 0.141 0.070 0.189 0.206 0.122 
416 NS_SS1403    (2)    6 :  0.274 0.066 0.084 0.128 0.069 0.115 0.264 
417 NS_SS1415    (0)    6 :  0.093 0.113 0.142 0.138 0.233 0.125 0.157 
418 NS_SS1437    (4)    6 :  0.285 0.121 0.115 0.120 0.109 0.071 0.180 
419 NS_SS1439    (2)    6 :  0.102 0.202 0.093 0.090 0.095 0.188 0.229 
420 NS_SS1441    (3)    6 :  0.098 0.146 0.058 0.184 0.183 0.151 0.180 
421 NS_SS1420    (2)    6 :  0.055 0.064 0.482 0.111 0.071 0.145 0.071 
422 NS_SS1394    (2)    6 :  0.136 0.064 0.198 0.195 0.070 0.066 0.271 
423 NS_SS1391    (7)    6 :  0.119 0.063 0.064 0.225 0.207 0.173 0.150 
424 NS_SS1410    (5)    6 :  0.207 0.113 0.097 0.122 0.166 0.183 0.111 
425 NS_SS1408    (1)    6 :  0.247 0.144 0.151 0.076 0.084 0.123 0.176 
426 NS_SS1409    (1)    6 :  0.111 0.115 0.060 0.232 0.179 0.214 0.090 
427 HI_SS0617    (1)    7 :  0.088 0.082 0.136 0.137 0.194 0.308 0.056 
428 HI_SS0618    (2)    7 :  0.091 0.102 0.139 0.208 0.073 0.213 0.175 
429 HI_SS0619    (0)    7 :  0.103 0.088 0.097 0.301 0.172 0.097 0.141 
430 HI_SS0620    (1)    7 :  0.040 0.062 0.275 0.052 0.264 0.227 0.081 
431 HI_SS0621    (3)    7 :  0.168 0.161 0.129 0.126 0.093 0.192 0.132 
432 HI_SS0622    (1)    7 :  0.110 0.271 0.171 0.129 0.160 0.088 0.071 
433 HI_SS0626    (0)    7 :  0.130 0.065 0.271 0.110 0.102 0.052 0.271 
434 HI_SS0627    (0)    7 :  0.337 0.077 0.098 0.138 0.072 0.107 0.171 
435 HI_SS0628    (3)    7 :  0.217 0.071 0.109 0.135 0.244 0.071 0.152 
436 HI_SS0629    (1)    7 :  0.138 0.129 0.094 0.105 0.130 0.114 0.291 
437 HI_SS0630    (1)    7 :  0.066 0.102 0.193 0.142 0.160 0.149 0.187 
438 HI_SS0631    (0)    7 :  0.103 0.086 0.216 0.089 0.176 0.184 0.147 
439 HI_SS0632    (0)    7 :  0.136 0.190 0.253 0.092 0.150 0.072 0.107 
440 HI_SS0633    (0)    7 :  0.062 0.120 0.063 0.326 0.135 0.207 0.086 
441 HI_SS0634    (1)    7 :  0.243 0.085 0.223 0.090 0.151 0.108 0.101 
442 HI_SS0635    (0)    7 :  0.101 0.152 0.140 0.204 0.064 0.067 0.272 
443 HI_SS0637    (1)    7 :  0.140 0.219 0.239 0.051 0.137 0.087 0.128 
444 HI_SS0638    (0)    7 :  0.149 0.129 0.153 0.192 0.179 0.114 0.084 
445 HI_SS0639    (1)    7 :  0.106 0.124 0.201 0.131 0.051 0.158 0.230 
446 HI_SS0640    (1)    7 :  0.068 0.232 0.088 0.125 0.079 0.107 0.301 
447 HI_SS0641    (1)    7 :  0.057 0.080 0.208 0.128 0.190 0.065 0.273 
448 HI_SS0642    (0)    7 :  0.417 0.086 0.094 0.093 0.060 0.130 0.120 
449 HI_SS0645    (0)    7 :  0.063 0.120 0.293 0.278 0.062 0.104 0.079 
450 HI_SS0646    (1)    7 :  0.144 0.149 0.077 0.150 0.110 0.266 0.104 
451 HI_SS0647    (1)    7 :  0.227 0.129 0.123 0.224 0.145 0.074 0.078 
452 HI_SS0648    (0)    7 :  0.116 0.158 0.134 0.166 0.150 0.114 0.163 
453 HI_SS0649    (1)    7 :  0.084 0.138 0.077 0.183 0.099 0.192 0.227 
454 HI_SS0650    (1)    7 :  0.135 0.073 0.108 0.235 0.068 0.267 0.114 
455 HI_SS0651    (1)    7 :  0.084 0.121 0.097 0.156 0.085 0.188 0.270 
456 HI_SS0652    (1)    7 :  0.073 0.088 0.387 0.184 0.073 0.077 0.118 
457 NS_SS1371    (3)    7 :  0.160 0.071 0.054 0.082 0.086 0.285 0.262 
458 NS_SS1374    (0)    7 :  0.240 0.059 0.185 0.094 0.253 0.065 0.103 
459 NS_SS1337    (3)    7 :  0.279 0.092 0.323 0.096 0.075 0.087 0.049 
460 NS_SS1385    (5)    7 :  0.126 0.144 0.101 0.179 0.093 0.189 0.167 
461 NS_SS1388    (0)    7 :  0.108 0.085 0.069 0.300 0.145 0.074 0.220 
462 NS_SS1370    (1)    7 :  0.091 0.075 0.536 0.051 0.053 0.132 0.062 
463 NS_SS1389    (3)    7 :  0.125 0.067 0.126 0.322 0.120 0.061 0.178 
464 NS_SS1360    (1)    7 :  0.078 0.127 0.148 0.089 0.140 0.090 0.327 
465 NS_SS1330    (0)    7 :  0.079 0.156 0.204 0.182 0.065 0.157 0.158 
466 NS_SS1328    (8)    7 :  0.158 0.113 0.060 0.177 0.247 0.180 0.066 
467 NS_SS1384    (1)    7 :  0.155 0.143 0.099 0.052 0.079 0.129 0.344 
468 NS_SS1381    (0)    7 :  0.092 0.151 0.104 0.263 0.055 0.276 0.058 
469 NS_SS1375    (1)    7 :  0.119 0.047 0.120 0.317 0.100 0.164 0.133 
470 NS_SS1319   (10)    7 :  0.214 0.079 0.138 0.112 0.107 0.195 0.155 
471 NS_SS1326    (2)    7 :  0.098 0.068 0.063 0.222 0.325 0.125 0.100 
472 NS_SS1341    (1)    7 :  0.260 0.143 0.092 0.050 0.182 0.097 0.177 
473 NS_SS1383    (1)    7 :  0.334 0.080 0.157 0.047 0.083 0.138 0.161 
474 NS_SS1318    (3)    7 :  0.074 0.145 0.218 0.147 0.103 0.170 0.143 
475 NS_SS1348    (2)    7 :  0.113 0.122 0.124 0.048 0.176 0.124 0.294 
476 NS_SS1363    (0)    7 :  0.139 0.192 0.211 0.148 0.104 0.122 0.084 
477 NS_SS1335    (4)    7 :  0.108 0.227 0.145 0.063 0.151 0.089 0.218 
478 NS_SS1358    (0)    7 :  0.190 0.245 0.121 0.053 0.140 0.159 0.092 
479 NS_SS1342    (1)    7 :  0.279 0.191 0.055 0.067 0.168 0.139 0.101 
480 NS_SS1320    (2)    7 :  0.098 0.212 0.052 0.380 0.042 0.170 0.046 
481 NS_SS1355    (1)    7 :  0.093 0.331 0.134 0.126 0.072 0.120 0.123 
482 NS_SS1345    (1)    7 :  0.070 0.497 0.110 0.079 0.054 0.113 0.076 
483 NS_SS1324    (0)    7 :  0.101 0.114 0.101 0.089 0.159 0.180 0.256 
484 NS_SS1347    (5)    7 :  0.135 0.120 0.109 0.101 0.082 0.285 0.168 
485 NS_SS1321    (4)    7 :  0.255 0.056 0.184 0.076 0.211 0.111 0.107 
486 NS_SS1333    (0)    7 :  0.248 0.037 0.078 0.112 0.201 0.103 0.220 
487 NS_SS1364    (1)    7 :  0.114 0.300 0.061 0.074 0.192 0.050 0.210 
488 NS_SS1379    (0)    7 :  0.121 0.152 0.125 0.177 0.117 0.192 0.116 
489 NS_SS1332    (0)    7 :  0.118 0.081 0.054 0.165 0.286 0.065 0.231 
490 NS_SS1338    (5)    7 :  0.089 0.073 0.174 0.076 0.148 0.137 0.303 
491 NS_SS1368    (6)    7 :  0.174 0.259 0.066 0.124 0.232 0.053 0.092 
492 NS_SS1354    (1)    7 :  0.157 0.212 0.114 0.154 0.115 0.103 0.146 
493 NS_SS1365    (0)    7 :  0.165 0.171 0.188 0.173 0.100 0.113 0.091 
494 NS_SS1380    (1)    7 :  0.126 0.271 0.188 0.164 0.088 0.065 0.099 
495 NS_SS1329    (8)    7 :  0.282 0.214 0.049 0.088 0.215 0.069 0.082 
496 NS_SS1362    (0)    7 :  0.164 0.140 0.074 0.117 0.092 0.155 0.259 
497 NS_SS1327    (2)    7 :  0.096 0.039 0.089 0.070 0.356 0.118 0.231 
498 NS_SS1350    (0)    7 :  0.106 0.049 0.084 0.158 0.124 0.362 0.116 
499 NS_SS1387    (2)    7 :  0.073 0.096 0.169 0.175 0.089 0.097 0.301 
500 NS_SS1369    (8)    7 :  0.102 0.277 0.180 0.071 0.231 0.093 0.046 
501 NS_SS1331    (1)    7 :  0.214 0.066 0.185 0.209 0.192 0.061 0.072 
502 NS_SS1357    (4)    7 :  0.162 0.089 0.046 0.171 0.152 0.321 0.059 
503 NS_SS1386    (1)    7 :  0.251 0.139 0.055 0.055 0.356 0.059 0.084 
504 NS_SS1353    (2)    7 :  0.209 0.100 0.080 0.276 0.133 0.110 0.093 
505 NS_SS1323    (0)    7 :  0.251 0.224 0.101 0.148 0.071 0.089 0.117 
506 HI_SS0296    (0)    8 :  0.058 0.112 0.269 0.086 0.210 0.201 0.065 
507 HI_SS0297    (0)    8 :  0.339 0.067 0.081 0.141 0.072 0.211 0.090 
508 HI_SS0299    (0)    8 :  0.145 0.192 0.204 0.071 0.123 0.144 0.121 
509 HI_SS0300    (0)    8 :  0.070 0.241 0.230 0.105 0.138 0.119 0.097 
510 HI_SS0301    (0)    8 :  0.143 0.117 0.268 0.065 0.077 0.037 0.293 
511 HI_SS0302    (0)    8 :  0.062 0.136 0.250 0.072 0.178 0.098 0.203 
512 HI_SS0303    (0)    8 :  0.075 0.105 0.061 0.242 0.296 0.091 0.131 
513 HI_SS0304    (0)    8 :  0.151 0.061 0.180 0.278 0.202 0.058 0.070 
514 HI_SS0306    (5)    8 :  0.100 0.105 0.257 0.091 0.289 0.070 0.087 
515 HI_SS0307    (1)    8 :  0.128 0.206 0.154 0.187 0.072 0.107 0.146 
516 HI_SS0308    (1)    8 :  0.106 0.154 0.085 0.096 0.066 0.174 0.318 
