

----------------------------------------------------
STRUCTURE by Pritchard, Stephens and Donnelly (2000)
     and Falush, Stephens and Pritchard (2003)
       Code by Pritchard, Falush and Hubisz
             Version 2.3.4 (Jul 2012)
----------------------------------------------------



Command line arguments:   /home/genobiwan/Documents/Programs/Structure/structure -m parameter_job_k3_r6 
Input File:    /media/genobiwan/Storage/Projets/Mackerel_NWA_2021/data_job_k3_r6

Run parameters:
   557 individuals
   3930 loci
   3 populations assumed
   100000 Burn-in period
   200000 Reps


--------------------------------------------
Proportion of membership of each pre-defined
 population in each of the 3 clusters

Given    Inferred Clusters       Number of
 Pop       1      2      3      Individuals

  1:     0.366  0.332  0.302       67
  2:     0.317  0.395  0.289       32
  3:     0.384  0.311  0.305       92
  4:     0.298  0.331  0.371       36
  5:     0.348  0.301  0.351       41
  6:     0.323  0.328  0.349      158
  7:     0.331  0.339  0.330       79
  8:     0.350  0.303  0.347       52
--------------------------------------------

Allele-freq. divergence among pops (Net nucleotide distance),
computed using point estimates of P.

      1       2       3      
 1      -    0.0010  0.0011  
 2   0.0010     -    0.0012  
 3   0.0011  0.0012     -    

Average distances (expected heterozygosity) between individuals in same cluster:
cluster  1  : 0.3131 
cluster  2  : 0.3145 
cluster  3  : 0.3140 

--------------------------------------------
Estimated Ln Prob of Data   = -2069363.9
Mean value of ln likelihood = -2064756.5
Variance of ln likelihood   = 9214.9
Mean value of alpha         = 1.4748

Mean value of Fst_1         = 0.0108
Mean value of Fst_2         = 0.0120
Mean value of Fst_3         = 0.0119


Inferred ancestry of individuals:
        Label (%Miss) Pop:  Inferred clusters
  1 NS_SS0963    (4)    1 :  0.448 0.279 0.272 
  2 NS_SS0983    (1)    1 :  0.318 0.108 0.574 
  3 NS_SS0719    (8)    1 :  0.318 0.277 0.405 
  4 NS_SS1001    (8)    1 :  0.353 0.500 0.147 
  5 NS_SS0936    (4)    1 :  0.215 0.550 0.235 
  6 NS_SS0955    (5)    1 :  0.468 0.131 0.401 
  7 NS_SS0944    (3)    1 :  0.462 0.244 0.294 
  8 NS_SS0945    (3)    1 :  0.200 0.508 0.292 
  9 NS_SS0922    (2)    1 :  0.239 0.596 0.165 
 10 NS_SS0929    (7)    1 :  0.325 0.226 0.450 
 11 NS_SS0956    (2)    1 :  0.461 0.407 0.132 
 12 NS_SS0906    (3)    1 :  0.434 0.226 0.340 
 13 NS_SS0721    (6)    1 :  0.520 0.244 0.235 
 14 NS_SS0982    (4)    1 :  0.495 0.288 0.217 
 15 NS_SS0923    (5)    1 :  0.348 0.395 0.257 
 16 NS_SS0905    (6)    1 :  0.431 0.256 0.313 
 17 NS_SS0925    (3)    1 :  0.507 0.314 0.179 
 18 NS_SS0947    (5)    1 :  0.296 0.474 0.230 
 19 NS_SS0926    (2)    1 :  0.255 0.194 0.551 
 20 NS_SS0918    (6)    1 :  0.655 0.225 0.120 
 21 NS_SS0966    (4)    1 :  0.495 0.276 0.229 
 22 NS_SS0938    (2)    1 :  0.163 0.644 0.194 
 23 NS_SS0917    (2)    1 :  0.147 0.313 0.540 
 24 NS_SS0957   (11)    1 :  0.417 0.322 0.260 
 25 NS_SS0987    (1)    1 :  0.661 0.174 0.165 
 26 NS_SS0717    (4)    1 :  0.417 0.439 0.144 
 27 NS_SS0986    (2)    1 :  0.494 0.245 0.261 
 28 NS_SS0953    (4)    1 :  0.504 0.332 0.164 
 29 NS_SS0907    (3)    1 :  0.503 0.189 0.308 
 30 NS_SS0974    (6)    1 :  0.278 0.330 0.392 
 31 NS_SS0989    (1)    1 :  0.122 0.238 0.640 
 32 NS_SS0991    (2)    1 :  0.671 0.083 0.246 
 33 NS_SS0994    (2)    1 :  0.105 0.189 0.705 
 34 NS_SS0931    (6)    1 :  0.481 0.172 0.347 
 35 NS_SS1000    (5)    1 :  0.240 0.602 0.157 
 36 NS_SS0919    (1)    1 :  0.341 0.199 0.460 
 37 NS_SS0949    (3)    1 :  0.221 0.221 0.558 
 38 NS_SS0960   (10)    1 :  0.403 0.151 0.446 
 39 NS_SS0716    (2)    1 :  0.334 0.547 0.119 
 40 NS_SS0924    (8)    1 :  0.474 0.151 0.375 
 41 NS_SS0935    (1)    1 :  0.424 0.126 0.450 
 42 NS_SS0952   (13)    1 :  0.335 0.154 0.512 
 43 NS_SS0962   (10)    1 :  0.297 0.513 0.190 
 44 NS_SS0973    (5)    1 :  0.480 0.183 0.337 
 45 NS_SS0722    (1)    1 :  0.180 0.692 0.128 
 46 NS_SS0979   (13)    1 :  0.537 0.296 0.167 
 47 NS_SS0993    (2)    1 :  0.423 0.408 0.170 
 48 NS_SS0958    (1)    1 :  0.290 0.275 0.436 
 49 NS_SS0988    (4)    1 :  0.440 0.231 0.329 
 50 NS_SS1003    (2)    1 :  0.584 0.284 0.131 
 51 NS_SS0976    (0)    1 :  0.336 0.221 0.443 
 52 NS_SS0964   (10)    1 :  0.332 0.524 0.143 
 53 NS_SS0939    (4)    1 :  0.165 0.743 0.092 
 54 NS_SS0990    (6)    1 :  0.168 0.503 0.329 
 55 NS_SS0984    (2)    1 :  0.202 0.676 0.122 
 56 NS_SS0980    (9)    1 :  0.243 0.433 0.323 
 57 NS_SS0978    (4)    1 :  0.210 0.473 0.318 
 58 NS_SS0951   (17)    1 :  0.625 0.130 0.246 
 59 NS_SS0913    (3)    1 :  0.435 0.384 0.181 
 60 NS_SS1002    (1)    1 :  0.341 0.457 0.201 
 61 NS_SS0948    (1)    1 :  0.489 0.226 0.285 
 62 NS_SS0916    (4)    1 :  0.121 0.408 0.472 
 63 NS_SS0995    (1)    1 :  0.260 0.412 0.328 
 64 NS_SS0927    (6)    1 :  0.154 0.324 0.522 
 65 NS_SS0992    (5)    1 :  0.131 0.445 0.423 
 66 NS_SS0912    (1)    1 :  0.559 0.206 0.236 
 67 NS_SS0981    (1)    1 :  0.555 0.262 0.184 
 68 NS_SS0729    (5)    2 :  0.157 0.159 0.684 
 69 NS_SS0967   (14)    2 :  0.477 0.267 0.256 
 70 NS_SS0941    (7)    2 :  0.167 0.574 0.259 
 71 NS_SS0768   (12)    2 :  0.576 0.238 0.186 
 72 NS_SS0726    (4)    2 :  0.148 0.282 0.569 
 73 NS_SS0763    (4)    2 :  0.213 0.236 0.552 
 74 NS_SS0730    (6)    2 :  0.272 0.545 0.184 
 75 NS_SS0774    (1)    2 :  0.173 0.630 0.196 
 76 NS_SS0723    (3)    2 :  0.341 0.490 0.169 
 77 NS_SS0940    (9)    2 :  0.174 0.456 0.370 
 78 NS_SS0762    (1)    2 :  0.252 0.651 0.098 
 79 NS_SS0766   (11)    2 :  0.175 0.532 0.293 
 80 NS_SS0724    (1)    2 :  0.622 0.239 0.138 
 81 NS_SS0769    (3)    2 :  0.321 0.370 0.309 
 82 NS_SS0777    (2)    2 :  0.451 0.219 0.329 
 83 NS_SS0734    (6)    2 :  0.319 0.342 0.339 
 84 NS_SS0737    (3)    2 :  0.113 0.769 0.119 
 85 NS_SS0732    (5)    2 :  0.636 0.194 0.170 
 86 NS_SS0728    (5)    2 :  0.229 0.509 0.262 
 87 NS_SS0735    (9)    2 :  0.372 0.434 0.194 
 88 NS_SS0725    (1)    2 :  0.216 0.603 0.181 
 89 NS_SS0788    (2)    2 :  0.258 0.372 0.370 
 90 NS_SS0778    (2)    2 :  0.308 0.267 0.425 
 91 NS_SS0792    (6)    2 :  0.404 0.185 0.411 
 92 NS_SS0943   (11)    2 :  0.524 0.106 0.369 
 93 NS_SS0791    (2)    2 :  0.195 0.354 0.451 
 94 NS_SS0790    (5)    2 :  0.652 0.273 0.075 
 95 NS_SS0731    (6)    2 :  0.513 0.346 0.142 
 96 NS_SS0727    (6)    2 :  0.109 0.408 0.483 
 97 NS_SS0779   (12)    2 :  0.390 0.341 0.268 
 98 NS_SS0776    (3)    2 :  0.220 0.551 0.228 
 99 NS_SS0775    (5)    2 :  0.153 0.687 0.161 
100 NS_SS0965    (3)    3 :  0.608 0.206 0.186 
101 NS_SS0754   (13)    3 :  0.397 0.176 0.427 
102 NS_SS0838    (5)    3 :  0.256 0.394 0.350 
103 NS_SS0839    (3)    3 :  0.266 0.591 0.143 
104 NS_SS0832    (4)    3 :  0.561 0.349 0.090 
105 NS_SS0820    (4)    3 :  0.632 0.241 0.127 
106 NS_SS0886    (9)    3 :  0.330 0.264 0.406 
107 NS_SS0748    (5)    3 :  0.469 0.198 0.333 
108 NS_SS0884    (9)    3 :  0.328 0.304 0.368 
109 NS_SS0752    (3)    3 :  0.227 0.473 0.301 
110 NS_SS0862    (1)    3 :  0.669 0.206 0.124 
111 NS_SS0787    (9)    3 :  0.188 0.128 0.685 
112 NS_SS0843    (6)    3 :  0.415 0.252 0.333 
113 NS_SS0856    (4)    3 :  0.152 0.535 0.313 
114 NS_SS0846    (2)    3 :  0.298 0.249 0.453 
115 NS_SS0825    (1)    3 :  0.391 0.289 0.320 
116 NS_SS0757    (3)    3 :  0.453 0.209 0.339 
117 NS_SS0876    (3)    3 :  0.381 0.383 0.236 
118 NS_SS0903    (9)    3 :  0.317 0.456 0.227 
119 NS_SS0875    (7)    3 :  0.327 0.428 0.244 
120 NS_SS0740    (5)    3 :  0.415 0.293 0.292 
121 NS_SS0811    (5)    3 :  0.605 0.285 0.110 
122 NS_SS0751    (1)    3 :  0.176 0.579 0.246 
123 NS_SS0891    (6)    3 :  0.245 0.501 0.254 
124 NS_SS0867    (2)    3 :  0.529 0.129 0.342 
125 NS_SS0890    (6)    3 :  0.317 0.366 0.317 
126 NS_SS0866   (11)    3 :  0.132 0.168 0.701 
127 NS_SS0755    (4)    3 :  0.512 0.240 0.248 
128 NS_SS0758    (4)    3 :  0.297 0.381 0.321 
129 NS_SS0840    (2)    3 :  0.398 0.468 0.135 
130 NS_SS0889    (4)    3 :  0.397 0.156 0.447 
131 NS_SS1010    (1)    3 :  0.400 0.278 0.322 
132 NS_SS0888    (5)    3 :  0.141 0.202 0.657 
133 NS_SS0837    (3)    3 :  0.674 0.197 0.129 
134 NS_SS0794    (9)    3 :  0.194 0.316 0.490 
135 NS_SS0823    (4)    3 :  0.424 0.427 0.149 
136 NS_SS0829    (7)    3 :  0.457 0.101 0.442 
137 NS_SS0844    (5)    3 :  0.748 0.121 0.131 
138 NS_SS1008    (5)    3 :  0.203 0.399 0.399 
139 NS_SS0881    (3)    3 :  0.241 0.372 0.387 
140 NS_SS0834    (6)    3 :  0.171 0.677 0.152 
141 NS_SS0744   (10)    3 :  0.329 0.282 0.389 
142 NS_SS0899    (7)    3 :  0.631 0.276 0.094 
143 NS_SS0804    (4)    3 :  0.553 0.330 0.118 
144 NS_SS0781   (10)    3 :  0.413 0.447 0.140 
145 NS_SS0822    (6)    3 :  0.350 0.323 0.327 
146 NS_SS1004    (4)    3 :  0.500 0.257 0.242 
147 NS_SS0746    (5)    3 :  0.452 0.280 0.268 
148 NS_SS0880    (3)    3 :  0.312 0.440 0.247 
149 NS_SS0879    (4)    3 :  0.355 0.448 0.196 
150 NS_SS0753    (2)    3 :  0.525 0.120 0.355 
151 NS_SS1007    (2)    3 :  0.099 0.591 0.310 
152 NS_SS0872    (5)    3 :  0.318 0.453 0.229 
153 NS_SS1005    (7)    3 :  0.408 0.400 0.192 
154 NS_SS0892    (6)    3 :  0.330 0.362 0.308 
155 NS_SS0898    (0)    3 :  0.335 0.303 0.362 
156 NS_SS0801    (9)    3 :  0.610 0.186 0.204 
157 NS_SS0827    (8)    3 :  0.541 0.153 0.305 
158 NS_SS0853    (6)    3 :  0.530 0.182 0.288 
159 NS_SS0780    (2)    3 :  0.322 0.487 0.191 
160 NS_SS0826   (10)    3 :  0.585 0.171 0.243 
161 NS_SS0818    (5)    3 :  0.319 0.563 0.118 
162 NS_SS0745    (1)    3 :  0.175 0.749 0.077 
163 NS_SS0849    (3)    3 :  0.661 0.174 0.165 
164 NS_SS0739    (3)    3 :  0.226 0.418 0.356 
165 NS_SS0799    (1)    3 :  0.263 0.259 0.478 
166 NS_SS0756    (2)    3 :  0.645 0.240 0.115 
167 NS_SS0802    (2)    3 :  0.199 0.339 0.462 
168 NS_SS0747    (6)    3 :  0.379 0.286 0.335 
169 NS_SS0835    (1)    3 :  0.139 0.165 0.695 
170 NS_SS0742   (18)    3 :  0.367 0.320 0.313 
171 NS_SS0760    (9)    3 :  0.246 0.195 0.560 
172 NS_SS0803    (4)    3 :  0.538 0.280 0.182 
173 NS_SS0828   (13)    3 :  0.499 0.256 0.245 
174 NS_SS0865    (2)    3 :  0.443 0.196 0.361 
175 NS_SS0759    (4)    3 :  0.373 0.496 0.131 
176 NS_SS0851    (5)    3 :  0.539 0.347 0.114 
177 NS_SS0874   (16)    3 :  0.550 0.272 0.178 
178 NS_SS0761    (6)    3 :  0.428 0.123 0.449 
179 NS_SS0842   (25)    3 :  0.298 0.323 0.379 
180 NS_SS0785    (6)    3 :  0.357 0.227 0.416 
181 NS_SS0860   (11)    3 :  0.184 0.129 0.687 
182 NS_SS0897    (7)    3 :  0.199 0.165 0.635 
183 NS_SS0841   (14)    3 :  0.471 0.408 0.121 
184 NS_SS0797    (6)    3 :  0.477 0.167 0.356 
185 NS_SS0830   (10)    3 :  0.438 0.262 0.300 
186 NS_SS1011    (5)    3 :  0.513 0.304 0.183 
187 NS_SS0883    (5)    3 :  0.414 0.172 0.414 
188 NS_SS0782    (2)    3 :  0.189 0.481 0.330 
189 NS_SS0831    (5)    3 :  0.375 0.140 0.484 
190 NS_SS0749    (7)    3 :  0.308 0.358 0.334 
191 NS_SS0854    (2)    3 :  0.238 0.326 0.436 
192 HI_SS0193    (0)    4 :  0.228 0.331 0.441 
193 HI_SS0194    (0)    4 :  0.155 0.696 0.149 
194 HI_SS0195    (9)    4 :  0.416 0.476 0.108 
195 HI_SS0196    (6)    4 :  0.164 0.519 0.317 
196 HI_SS0197    (3)    4 :  0.164 0.541 0.294 
197 HI_SS0198    (1)    4 :  0.365 0.242 0.393 
198 HI_SS0199    (1)    4 :  0.123 0.350 0.527 
199 HI_SS0201    (4)    4 :  0.348 0.084 0.568 
200 HI_SS0215    (1)    4 :  0.332 0.098 0.570 
201 HI_SS0218    (1)    4 :  0.126 0.195 0.679 
202 HI_SS0222    (0)    4 :  0.238 0.493 0.269 
203 HI_SS0230    (1)    4 :  0.521 0.245 0.234 
204 HI_SS0234    (1)    4 :  0.164 0.489 0.347 
205 HI_SS0240    (1)    4 :  0.138 0.579 0.283 
206 HI_SS0241    (0)    4 :  0.274 0.181 0.544 
207 HI_SS0242    (0)    4 :  0.385 0.281 0.334 
208 HI_SS0247    (0)    4 :  0.565 0.221 0.214 
209 HI_SS0248    (1)    4 :  0.170 0.297 0.533 
210 HI_SS0252    (2)    4 :  0.377 0.427 0.197 
211 HI_SS0254    (1)    4 :  0.350 0.259 0.391 
212 HI_SS0256    (0)    4 :  0.492 0.427 0.081 
213 HI_SS0257    (0)    4 :  0.226 0.183 0.591 
214 HI_SS0258    (1)    4 :  0.366 0.190 0.444 
215 HI_SS0259    (1)    4 :  0.158 0.593 0.249 
216 HI_SS0260    (1)    4 :  0.126 0.316 0.558 
217 HI_SS0261    (2)    4 :  0.223 0.402 0.374 
218 HI_SS0262    (0)    4 :  0.391 0.311 0.297 
219 HI_SS0264    (1)    4 :  0.443 0.393 0.164 
220 HI_SS0265    (0)    4 :  0.416 0.330 0.254 
221 HI_SS0268    (1)    4 :  0.241 0.399 0.360 
222 HI_SS0269    (1)    4 :  0.113 0.120 0.767 
223 HI_SS0273    (0)    4 :  0.367 0.150 0.483 
224 HI_SS0277    (1)    4 :  0.408 0.297 0.295 
225 HI_SS0280    (0)    4 :  0.289 0.442 0.269 
226 HI_SS0282    (1)    4 :  0.424 0.182 0.394 
227 HI_SS0286    (1)    4 :  0.444 0.190 0.367 
228 NS_SS1252    (3)    5 :  0.201 0.122 0.677 
229 NS_SS1261    (1)    5 :  0.361 0.256 0.383 
230 NS_SS1225    (9)    5 :  0.477 0.112 0.412 
231 NS_SS1266    (1)    5 :  0.638 0.247 0.115 
232 NS_SS1228    (0)    5 :  0.434 0.327 0.239 
233 NS_SS1255    (2)    5 :  0.115 0.671 0.215 
234 NS_SS1267    (3)    5 :  0.127 0.113 0.760 
235 NS_SS1238    (6)    5 :  0.326 0.409 0.265 
236 NS_SS1233    (8)    5 :  0.699 0.186 0.116 
237 NS_SS1277    (3)    5 :  0.121 0.424 0.455 
238 NS_SS1245    (1)    5 :  0.332 0.335 0.332 
239 NS_SS1240    (4)    5 :  0.125 0.120 0.755 
240 NS_SS1275    (2)    5 :  0.353 0.504 0.143 
241 NS_SS1235    (1)    5 :  0.217 0.492 0.291 
242 NS_SS1263    (1)    5 :  0.401 0.447 0.152 
243 NS_SS1251    (1)    5 :  0.486 0.322 0.191 
244 NS_SS1248    (0)    5 :  0.687 0.177 0.136 
245 NS_SS1244    (0)    5 :  0.416 0.235 0.349 
246 NS_SS1257    (0)    5 :  0.249 0.217 0.533 
247 NS_SS1242    (2)    5 :  0.268 0.586 0.146 
248 NS_SS1271    (6)    5 :  0.135 0.150 0.715 
249 NS_SS1265    (1)    5 :  0.318 0.183 0.499 
250 NS_SS1243    (0)    5 :  0.429 0.398 0.173 
251 NS_SS1273    (1)    5 :  0.273 0.601 0.126 
252 NS_SS1254   (14)    5 :  0.514 0.286 0.201 
253 NS_SS1224    (1)    5 :  0.571 0.282 0.147 
254 NS_SS1227    (8)    5 :  0.137 0.275 0.588 
255 NS_SS1274    (8)    5 :  0.278 0.256 0.466 
256 NS_SS1241    (1)    5 :  0.328 0.197 0.475 
257 NS_SS1256    (3)    5 :  0.345 0.280 0.375 
258 NS_SS1260    (8)    5 :  0.187 0.173 0.641 
259 NS_SS1262    (0)    5 :  0.521 0.123 0.356 
260 NS_SS1230    (0)    5 :  0.344 0.280 0.377 
261 NS_SS1270    (2)    5 :  0.768 0.117 0.114 
262 NS_SS1229    (2)    5 :  0.136 0.580 0.283 
263 NS_SS1246    (5)    5 :  0.128 0.317 0.555 
264 NS_SS1269    (0)    5 :  0.353 0.390 0.256 
265 NS_SS1239    (1)    5 :  0.320 0.449 0.230 
266 NS_SS1272    (4)    5 :  0.360 0.290 0.350 
267 NS_SS1268    (1)    5 :  0.668 0.198 0.134 
268 NS_SS1249    (0)    5 :  0.111 0.217 0.671 
269 HI_SS0559    (0)    6 :  0.396 0.323 0.282 
270 HI_SS0563    (1)    6 :  0.416 0.275 0.309 
271 HI_SS0564    (0)    6 :  0.374 0.388 0.237 
272 HI_SS0565    (0)    6 :  0.290 0.252 0.458 
273 HI_SS0569    (0)    6 :  0.512 0.080 0.408 
274 HI_SS0570    (0)    6 :  0.183 0.221 0.596 
275 HI_SS0572    (1)    6 :  0.187 0.595 0.218 
276 HI_SS0576    (0)    6 :  0.425 0.410 0.165 
277 HI_SS0579    (1)    6 :  0.493 0.169 0.339 
278 HI_SS0580    (1)    6 :  0.172 0.364 0.463 
279 HI_SS0581    (0)    6 :  0.413 0.433 0.154 
280 HI_SS0583    (1)    6 :  0.148 0.260 0.592 
281 HI_SS0586    (1)    6 :  0.257 0.144 0.599 
282 HI_SS0588    (1)    6 :  0.431 0.176 0.393 
283 HI_SS0595    (4)    6 :  0.149 0.290 0.561 
284 HI_SS0596    (0)    6 :  0.160 0.690 0.150 
285 HI_SS0597    (1)    6 :  0.165 0.614 0.221 
286 HI_SS0600    (0)    6 :  0.221 0.232 0.547 
287 HI_SS0601    (1)    6 :  0.572 0.092 0.336 
288 HI_SS0602    (1)    6 :  0.353 0.240 0.407 
289 HI_SS0604    (0)    6 :  0.513 0.264 0.223 
290 HI_SS0605    (1)    6 :  0.367 0.283 0.349 
291 HI_SS0608    (0)    6 :  0.258 0.503 0.239 
292 HI_SS0609    (0)    6 :  0.427 0.382 0.191 
293 HI_SS0611    (5)    6 :  0.316 0.146 0.539 
294 HI_SS0612    (1)    6 :  0.329 0.263 0.408 
295 HI_SS0613    (1)    6 :  0.554 0.182 0.265 
296 HI_SS0615    (0)    6 :  0.270 0.599 0.131 
297 HI_SS0001    (1)    6 :  0.124 0.479 0.397 
298 HI_SS0002    (1)    6 :  0.481 0.341 0.179 
299 HI_SS0004    (0)    6 :  0.201 0.386 0.413 
300 HI_SS0005    (1)    6 :  0.541 0.245 0.214 
301 HI_SS0006    (1)    6 :  0.300 0.178 0.522 
302 HI_SS0007    (1)    6 :  0.422 0.208 0.369 
303 HI_SS0008    (0)    6 :  0.482 0.258 0.260 
304 HI_SS0009    (0)    6 :  0.418 0.456 0.126 
305 HI_SS0010    (1)    6 :  0.437 0.211 0.352 
306 HI_SS0011    (1)    6 :  0.606 0.229 0.165 
307 HI_SS0012    (0)    6 :  0.368 0.363 0.269 
308 HI_SS0017    (1)    6 :  0.136 0.712 0.152 
309 HI_SS0021    (1)    6 :  0.301 0.243 0.456 
310 HI_SS0024    (1)    6 :  0.241 0.543 0.216 
311 HI_SS0025    (1)    6 :  0.309 0.532 0.159 
312 HI_SS0027    (0)    6 :  0.446 0.171 0.382 
313 HI_SS0028    (0)    6 :  0.517 0.367 0.116 
314 HI_SS0029    (1)    6 :  0.137 0.553 0.310 
315 HI_SS0030    (2)    6 :  0.300 0.296 0.404 
316 HI_SS0031    (0)    6 :  0.268 0.364 0.368 
317 HI_SS0034    (0)    6 :  0.219 0.241 0.540 
318 HI_SS0036    (0)    6 :  0.166 0.252 0.582 
319 HI_SS0037    (1)    6 :  0.314 0.152 0.534 
320 HI_SS0039    (0)    6 :  0.376 0.191 0.433 
321 HI_SS0041    (1)    6 :  0.344 0.490 0.167 
322 HI_SS0042    (1)    6 :  0.287 0.548 0.165 
323 HI_SS0043    (1)    6 :  0.222 0.109 0.669 
324 HI_SS0044    (1)    6 :  0.073 0.518 0.409 
325 HI_SS0047    (1)    6 :  0.453 0.364 0.182 
326 HI_SS0049    (0)    6 :  0.262 0.564 0.175 
327 HI_SS0051    (1)    6 :  0.700 0.119 0.181 
328 HI_SS0053    (1)    6 :  0.162 0.189 0.649 
329 HI_SS0054    (4)    6 :  0.492 0.104 0.404 
330 HI_SS0057    (0)    6 :  0.507 0.324 0.169 
331 HI_SS0058    (0)    6 :  0.358 0.238 0.405 
332 HI_SS0060    (0)    6 :  0.592 0.204 0.204 
333 HI_SS0087    (1)    6 :  0.335 0.268 0.397 
334 HI_SS0091    (0)    6 :  0.116 0.123 0.760 
335 HI_SS0095    (1)    6 :  0.363 0.232 0.404 
336 HI_SS0097    (3)    6 :  0.639 0.140 0.220 
337 HI_SS0099    (0)    6 :  0.224 0.548 0.228 
338 HI_SS0103    (0)    6 :  0.204 0.471 0.325 
339 HI_SS0105    (1)    6 :  0.484 0.214 0.302 
340 HI_SS0107    (1)    6 :  0.159 0.693 0.148 
341 HI_SS0108    (1)    6 :  0.173 0.118 0.709 
342 HI_SS0110    (0)    6 :  0.132 0.371 0.497 
343 HI_SS0111    (1)    6 :  0.335 0.329 0.336 
344 HI_SS0112    (0)    6 :  0.146 0.181 0.673 
345 HI_SS0113    (1)    6 :  0.244 0.621 0.135 
346 HI_SS0114    (1)    6 :  0.454 0.120 0.426 
347 HI_SS0115    (1)    6 :  0.288 0.387 0.325 
348 HI_SS0116    (4)    6 :  0.101 0.389 0.509 
349 HI_SS0117    (0)    6 :  0.309 0.219 0.472 
350 HI_SS0118    (0)    6 :  0.210 0.222 0.568 
351 HI_SS0119    (1)    6 :  0.320 0.173 0.507 
352 HI_SS0120    (1)    6 :  0.138 0.717 0.145 
353 HI_SS0121    (1)    6 :  0.665 0.185 0.149 
354 HI_SS0122    (2)    6 :  0.350 0.282 0.368 
355 HI_SS0123    (0)    6 :  0.227 0.408 0.365 
356 HI_SS0124    (1)    6 :  0.206 0.677 0.117 
357 HI_SS0125    (1)    6 :  0.324 0.537 0.139 
358 HI_SS0126    (0)    6 :  0.102 0.321 0.577 
359 HI_SS0127    (0)    6 :  0.683 0.130 0.188 
360 HI_SS0128    (0)    6 :  0.222 0.480 0.298 
361 HI_SS0129    (1)    6 :  0.161 0.386 0.453 
362 HI_SS0131    (2)    6 :  0.619 0.112 0.270 
363 HI_SS0132    (0)    6 :  0.343 0.306 0.351 
364 HI_SS0133    (1)    6 :  0.140 0.162 0.698 
365 HI_SS0134    (1)    6 :  0.318 0.295 0.388 
366 HI_SS0142    (3)    6 :  0.521 0.174 0.305 
367 HI_SS0145    (0)    6 :  0.358 0.290 0.351 
368 HI_SS0146    (1)    6 :  0.385 0.162 0.453 
369 HI_SS0147    (1)    6 :  0.638 0.220 0.142 
370 HI_SS0149    (1)    6 :  0.307 0.296 0.397 
371 HI_SS0150    (2)    6 :  0.433 0.424 0.143 
372 HI_SS0151    (0)    6 :  0.251 0.363 0.386 
373 NS_SS1451    (1)    6 :  0.279 0.585 0.136 
374 NS_SS1404    (0)    6 :  0.467 0.320 0.213 
375 NS_SS1432    (2)    6 :  0.129 0.686 0.184 
376 NS_SS1405    (4)    6 :  0.207 0.550 0.243 
377 NS_SS1431   (10)    6 :  0.202 0.649 0.149 
378 NS_SS1402    (3)    6 :  0.209 0.303 0.488 
379 NS_SS1450    (3)    6 :  0.169 0.424 0.408 
380 NS_SS1396    (0)    6 :  0.352 0.349 0.299 
381 NS_SS1393    (5)    6 :  0.239 0.242 0.519 
382 NS_SS1392   (10)    6 :  0.174 0.657 0.169 
383 NS_SS1445    (0)    6 :  0.424 0.139 0.437 
384 NS_SS1423    (0)    6 :  0.170 0.319 0.511 
385 NS_SS1421    (9)    6 :  0.296 0.297 0.407 
386 NS_SS1411    (6)    6 :  0.421 0.218 0.361 
387 NS_SS1453    (5)    6 :  0.238 0.239 0.523 
388 NS_SS1442    (2)    6 :  0.549 0.227 0.224 
389 NS_SS1422    (1)    6 :  0.307 0.324 0.369 
390 NS_SS1419    (1)    6 :  0.672 0.163 0.165 
391 NS_SS1427    (0)    6 :  0.073 0.295 0.632 
392 NS_SS1444    (3)    6 :  0.555 0.279 0.166 
393 NS_SS1455    (0)    6 :  0.296 0.543 0.161 
394 NS_SS1425    (2)    6 :  0.302 0.097 0.601 
395 NS_SS1400    (0)    6 :  0.422 0.170 0.408 
396 NS_SS1406    (1)    6 :  0.494 0.340 0.166 
397 NS_SS1417    (6)    6 :  0.412 0.287 0.302 
398 NS_SS1454    (2)    6 :  0.291 0.269 0.440 
399 NS_SS1412    (1)    6 :  0.256 0.319 0.425 
400 NS_SS1438    (1)    6 :  0.416 0.082 0.502 
401 NS_SS1416    (4)    6 :  0.322 0.354 0.324 
402 NS_SS1401    (0)    6 :  0.271 0.305 0.424 
403 NS_SS1424    (6)    6 :  0.286 0.293 0.421 
404 NS_SS1435    (9)    6 :  0.225 0.499 0.276 
405 NS_SS1447    (4)    6 :  0.585 0.261 0.154 
406 NS_SS1414    (3)    6 :  0.531 0.357 0.112 
407 NS_SS1449   (14)    6 :  0.232 0.407 0.361 
408 NS_SS1443    (4)    6 :  0.145 0.238 0.616 
409 NS_SS1434    (1)    6 :  0.119 0.573 0.308 
410 NS_SS1398    (1)    6 :  0.200 0.581 0.219 
411 NS_SS1426    (1)    6 :  0.272 0.159 0.569 
412 NS_SS1413    (0)    6 :  0.226 0.362 0.411 
413 NS_SS1395    (1)    6 :  0.238 0.169 0.592 
414 NS_SS1448   (10)    6 :  0.310 0.390 0.300 
415 NS_SS1446    (0)    6 :  0.234 0.201 0.565 
416 NS_SS1403    (2)    6 :  0.238 0.413 0.349 
417 NS_SS1415    (0)    6 :  0.306 0.225 0.469 
418 NS_SS1437    (4)    6 :  0.328 0.418 0.254 
419 NS_SS1439    (2)    6 :  0.427 0.209 0.364 
420 NS_SS1441    (3)    6 :  0.176 0.331 0.492 
421 NS_SS1420    (2)    6 :  0.543 0.316 0.141 
422 NS_SS1394    (2)    6 :  0.423 0.424 0.152 
423 NS_SS1391    (7)    6 :  0.110 0.467 0.423 
424 NS_SS1410    (5)    6 :  0.220 0.315 0.465 
425 NS_SS1408    (1)    6 :  0.433 0.324 0.243 
426 NS_SS1409    (1)    6 :  0.106 0.515 0.379 
427 HI_SS0617    (1)    7 :  0.136 0.380 0.483 
428 HI_SS0618    (2)    7 :  0.317 0.484 0.199 
429 HI_SS0619    (0)    7 :  0.213 0.485 0.303 
430 HI_SS0620    (1)    7 :  0.301 0.153 0.545 
431 HI_SS0621    (3)    7 :  0.358 0.427 0.215 
432 HI_SS0622    (1)    7 :  0.455 0.308 0.237 
433 HI_SS0626    (0)    7 :  0.526 0.230 0.245 
434 HI_SS0627    (0)    7 :  0.245 0.499 0.256 
435 HI_SS0628    (3)    7 :  0.196 0.353 0.452 
436 HI_SS0629    (1)    7 :  0.392 0.189 0.419 
437 HI_SS0630    (1)    7 :  0.296 0.295 0.409 
438 HI_SS0631    (0)    7 :  0.409 0.215 0.376 
439 HI_SS0632    (0)    7 :  0.580 0.214 0.206 
440 HI_SS0633    (0)    7 :  0.183 0.594 0.222 
441 HI_SS0634    (1)    7 :  0.328 0.340 0.332 
442 HI_SS0635    (0)    7 :  0.489 0.341 0.170 
443 HI_SS0637    (1)    7 :  0.585 0.151 0.264 
444 HI_SS0638    (0)    7 :  0.297 0.453 0.250 
445 HI_SS0639    (1)    7 :  0.443 0.360 0.197 
446 HI_SS0640    (1)    7 :  0.501 0.260 0.239 
447 HI_SS0641    (1)    7 :  0.406 0.147 0.446 
448 HI_SS0642    (0)    7 :  0.224 0.509 0.267 
449 HI_SS0645    (0)    7 :  0.413 0.477 0.111 
450 HI_SS0646    (1)    7 :  0.178 0.461 0.362 
451 HI_SS0647    (1)    7 :  0.259 0.518 0.223 
452 HI_SS0648    (0)    7 :  0.385 0.348 0.267 
453 HI_SS0649    (1)    7 :  0.297 0.316 0.386 
454 HI_SS0650    (1)    7 :  0.133 0.657 0.210 
455 HI_SS0651    (1)    7 :  0.312 0.364 0.325 
456 HI_SS0652    (1)    7 :  0.437 0.418 0.145 
457 NS_SS1371    (3)    7 :  0.150 0.269 0.581 
458 NS_SS1374    (0)    7 :  0.242 0.294 0.464 
459 NS_SS1337    (3)    7 :  0.433 0.418 0.149 
460 NS_SS1385    (5)    7 :  0.233 0.429 0.338 
461 NS_SS1388    (0)    7 :  0.181 0.511 0.308 
462 NS_SS1370    (1)    7 :  0.729 0.139 0.131 
463 NS_SS1389    (3)    7 :  0.245 0.576 0.179 
464 NS_SS1360    (1)    7 :  0.522 0.145 0.333 
465 NS_SS1330    (0)    7 :  0.515 0.330 0.155 
466 NS_SS1328    (8)    7 :  0.117 0.508 0.375 
467 NS_SS1384    (1)    7 :  0.451 0.155 0.394 
468 NS_SS1381    (0)    7 :  0.170 0.702 0.129 
469 NS_SS1375    (1)    7 :  0.138 0.686 0.175 
470 NS_SS1319   (10)    7 :  0.270 0.400 0.329 
471 NS_SS1326    (2)    7 :  0.118 0.382 0.500 
472 NS_SS1341    (1)    7 :  0.390 0.133 0.477 
473 NS_SS1383    (1)    7 :  0.385 0.291 0.324 
474 NS_SS1318    (3)    7 :  0.482 0.254 0.264 
475 NS_SS1348    (2)    7 :  0.317 0.105 0.578 
476 NS_SS1363    (0)    7 :  0.506 0.314 0.180 
477 NS_SS1335    (4)    7 :  0.510 0.106 0.384 
478 NS_SS1358    (0)    7 :  0.422 0.153 0.425 
479 NS_SS1342    (1)    7 :  0.203 0.216 0.580 
480 NS_SS1320    (2)    7 :  0.136 0.792 0.072 
481 NS_SS1355    (1)    7 :  0.590 0.223 0.187 
482 NS_SS1345    (1)    7 :  0.669 0.210 0.122 
483 NS_SS1324    (0)    7 :  0.355 0.202 0.443 
484 NS_SS1347    (5)    7 :  0.321 0.272 0.406 
485 NS_SS1321    (4)    7 :  0.221 0.224 0.555 
486 NS_SS1333    (0)    7 :  0.109 0.296 0.594 
487 NS_SS1364    (1)    7 :  0.456 0.194 0.350 
488 NS_SS1379    (0)    7 :  0.324 0.445 0.230 
489 NS_SS1332    (0)    7 :  0.204 0.221 0.574 
490 NS_SS1338    (5)    7 :  0.458 0.142 0.400 
491 NS_SS1368    (6)    7 :  0.258 0.253 0.490 
492 NS_SS1354    (1)    7 :  0.436 0.276 0.288 
493 NS_SS1365    (0)    7 :  0.390 0.422 0.189 
494 NS_SS1380    (1)    7 :  0.576 0.270 0.154 
495 NS_SS1329    (8)    7 :  0.204 0.243 0.553 
496 NS_SS1362    (0)    7 :  0.321 0.326 0.353 
497 NS_SS1327    (2)    7 :  0.104 0.115 0.781 
498 NS_SS1350    (0)    7 :  0.069 0.504 0.427 
499 NS_SS1387    (2)    7 :  0.541 0.232 0.227 
500 NS_SS1369    (8)    7 :  0.389 0.173 0.438 
501 NS_SS1331    (1)    7 :  0.240 0.448 0.312 
502 NS_SS1357    (4)    7 :  0.092 0.568 0.340 
503 NS_SS1386    (1)    7 :  0.173 0.147 0.680 
504 NS_SS1353    (2)    7 :  0.118 0.640 0.242 
505 NS_SS1323    (0)    7 :  0.362 0.463 0.174 
506 HI_SS0296    (0)    8 :  0.364 0.244 0.392 
507 HI_SS0297    (0)    8 :  0.165 0.585 0.250 
508 HI_SS0299    (0)    8 :  0.482 0.183 0.335 
509 HI_SS0300    (0)    8 :  0.532 0.222 0.247 
510 HI_SS0301    (0)    8 :  0.709 0.137 0.153 
511 HI_SS0302    (0)    8 :  0.576 0.140 0.284 
512 HI_SS0303    (0)    8 :  0.148 0.366 0.486 
513 HI_SS0304    (0)    8 :  0.212 0.604 0.184 
514 HI_SS0306    (5)    8 :  0.378 0.199 0.423 
515 HI_SS0307    (1)    8 :  0.366 0.418 0.216 
516 HI_SS0308    (1)    8 :  0.552 0.216 0.232 
517 HI_SS0309    (0)    8 :  0.562 0.175 0.264 
518 HI_SS0310    (0)    8 :  0.319 0.477 0.204 
519 HI_SS0311    (3)    8 :  0.526 0.235 0.239 
520 HI_SS0314    (0)    8 :  0.141 0.604 0.255 
521 HI_SS0316    (1)    8 :  0.253 0.324 0.423 
522 HI_SS0317    (3)    8 :  0.398 0.319 0.284 
523 HI_SS0318    (1)    8 :  0.229 0.162 0.608 
524 HI_SS0319    (0)    8 :  0.139 0.123 0.738 
525 HI_SS0320    (3)    8 :  0.160 0.662 0.179 
526 HI_SS0321    (0)    8 :  0.213 0.249 0.538 
527 HI_SS0323    (1)    8 :  0.325 0.219 0.455 
528 HI_SS0325    (2)    8 :  0.488 0.171 0.341 
529 HI_SS0327    (1)    8 :  0.117 0.216 0.667 
530 HI_SS0329    (1)    8 :  0.337 0.465 0.197 
531 HI_SS0333    (1)    8 :  0.279 0.367 0.354 
532 HI_SS0334    (1)    8 :  0.341 0.147 0.512 
533 HI_SS0335    (1)    8 :  0.585 0.259 0.156 
534 HI_SS0339    (0)    8 :  0.610 0.242 0.147 
535 HI_SS0343    (2)    8 :  0.371 0.374 0.255 
536 HI_SS0344    (1)    8 :  0.124 0.120 0.756 
537 HI_SS0345    (3)    8 :  0.546 0.258 0.196 
538 HI_SS0346    (0)    8 :  0.241 0.350 0.409 
539 HI_SS0350    (1)    8 :  0.643 0.250 0.106 
540 HI_SS0351    (0)    8 :  0.483 0.203 0.314 
541 HI_SS0352    (3)    8 :  0.373 0.389 0.239 
542 HI_SS0362    (0)    8 :  0.483 0.274 0.244 
543 HI_SS0363    (1)    8 :  0.174 0.190 0.635 
544 HI_SS0365    (0)    8 :  0.161 0.270 0.569 
545 HI_SS0366    (0)    8 :  0.188 0.123 0.689 
546 HI_SS0367    (1)    8 :  0.345 0.469 0.186 
547 HI_SS0369    (1)    8 :  0.432 0.419 0.148 
548 HI_SS0370    (0)    8 :  0.129 0.519 0.352 
549 HI_SS0371    (4)    8 :  0.323 0.217 0.459 
550 HI_SS0373    (3)    8 :  0.257 0.423 0.320 
551 HI_SS0374    (0)    8 :  0.307 0.478 0.215 
552 HI_SS0377    (0)    8 :  0.569 0.134 0.297 
553 HI_SS0379    (1)    8 :  0.135 0.090 0.776 
554 HI_SS0380    (1)    8 :  0.361 0.410 0.229 
555 HI_SS0381    (2)    8 :  0.627 0.212 0.161 
556 HI_SS0384    (3)    8 :  0.115 0.446 0.439 
557 HI_SS0385    (1)    8 :  0.297 0.434 0.269 


Estimated Allele Frequencies in each cluster
First column gives estimated ancestral frequencies


Locus 1 : 
2 alleles
3.4% missing data
   1   (0.736) 0.712 0.763 0.741 
   2   (0.264) 0.288 0.237 0.259 

Locus 2 : 
2 alleles
4.3% missing data
   1   (0.888) 0.908 0.857 0.904 
   2   (0.112) 0.092 0.143 0.096 

Locus 3 : 
2 alleles
3.9% missing data
   1   (0.864) 0.874 0.859 0.868 
   2   (0.136) 0.126 0.141 0.132 

Locus 4 : 
2 alleles
2.7% missing data
   1   (0.888) 0.886 0.894 0.897 
   2   (0.112) 0.114 0.106 0.103 

Locus 5 : 
2 alleles
2.7% missing data
   1   (0.822) 0.832 0.824 0.819 
   2   (0.178) 0.168 0.176 0.181 

Locus 6 : 
2 alleles
3.2% missing data
   1   (0.792) 0.799 0.809 0.775 
   2   (0.208) 0.201 0.191 0.225 

Locus 7 : 
2 alleles
3.8% missing data
   1   (0.804) 0.794 0.822 0.805 
   2   (0.196) 0.206 0.178 0.195 

Locus 8 : 
2 alleles
4.8% missing data
   1   (0.705) 0.723 0.701 0.697 
   2   (0.295) 0.277 0.299 0.303 

Locus 9 : 
2 alleles
3.1% missing data
   1   (0.793) 0.804 0.817 0.764 
   2   (0.207) 0.196 0.183 0.236 

Locus 10 : 
2 alleles
4.7% missing data
   1   (0.890) 0.888 0.910 0.883 
   2   (0.110) 0.112 0.090 0.117 

Locus 11 : 
2 alleles
3.2% missing data
   1   (0.863) 0.871 0.877 0.848 
   2   (0.137) 0.129 0.123 0.152 

Locus 12 : 
2 alleles
4.8% missing data
   1   (0.731) 0.734 0.723 0.743 
   2   (0.269) 0.266 0.277 0.257 

Locus 13 : 
2 alleles
4.7% missing data
   1   (0.887) 0.886 0.901 0.886 
   2   (0.113) 0.114 0.099 0.114 

Locus 14 : 
2 alleles
3.9% missing data
   1   (0.877) 0.875 0.895 0.872 
   2   (0.123) 0.125 0.105 0.128 

Locus 15 : 
2 alleles
3.9% missing data
   1   (0.506) 0.508 0.494 0.515 
   2   (0.494) 0.492 0.506 0.485 

Locus 16 : 
2 alleles
4.3% missing data
   1   (0.608) 0.642 0.611 0.570 
   2   (0.392) 0.358 0.389 0.430 

Locus 17 : 
2 alleles
4.1% missing data
   1   (0.774) 0.793 0.765 0.771 
   2   (0.226) 0.207 0.235 0.229 

Locus 18 : 
2 alleles
2.3% missing data
   1   (0.895) 0.890 0.895 0.912 
   2   (0.105) 0.110 0.105 0.088 

Locus 19 : 
2 alleles
4.3% missing data
   1   (0.711) 0.734 0.703 0.700 
   2   (0.289) 0.266 0.297 0.300 

Locus 20 : 
2 alleles
3.2% missing data
   1   (0.883) 0.871 0.902 0.888 
   2   (0.117) 0.129 0.098 0.112 

Locus 21 : 
2 alleles
3.4% missing data
   1   (0.559) 0.606 0.560 0.506 
   2   (0.441) 0.394 0.440 0.494 

Locus 22 : 
2 alleles
4.8% missing data
   1   (0.855) 0.865 0.854 0.856 
   2   (0.145) 0.135 0.146 0.144 

Locus 23 : 
2 alleles
4.3% missing data
   1   (0.883) 0.903 0.864 0.890 
   2   (0.117) 0.097 0.136 0.110 

Locus 24 : 
2 alleles
3.2% missing data
   1   (0.542) 0.548 0.538 0.542 
   2   (0.458) 0.452 0.462 0.458 

Locus 25 : 
2 alleles
4.3% missing data
   2   (0.471) 0.452 0.480 0.482 
   1   (0.529) 0.548 0.520 0.518 

Locus 26 : 
2 alleles
4.3% missing data
   1   (0.842) 0.855 0.819 0.859 
   2   (0.158) 0.145 0.181 0.141 

Locus 27 : 
2 alleles
2.2% missing data
   1   (0.602) 0.611 0.574 0.622 
   2   (0.398) 0.389 0.426 0.378 

Locus 28 : 
2 alleles
4.1% missing data
   1   (0.863) 0.840 0.891 0.868 
   2   (0.137) 0.160 0.109 0.132 

Locus 29 : 
2 alleles
1.8% missing data
   1   (0.881) 0.888 0.879 0.887 
   2   (0.119) 0.112 0.121 0.113 

Locus 30 : 
2 alleles
4.5% missing data
   1   (0.868) 0.882 0.863 0.868 
   2   (0.132) 0.118 0.137 0.132 

Locus 31 : 
2 alleles
4.3% missing data
   1   (0.789) 0.781 0.794 0.800 
   2   (0.211) 0.219 0.206 0.200 

Locus 32 : 
2 alleles
2.0% missing data
   1   (0.736) 0.740 0.735 0.740 
   2   (0.264) 0.260 0.265 0.260 

Locus 33 : 
2 alleles
3.6% missing data
   1   (0.763) 0.748 0.805 0.741 
   2   (0.237) 0.252 0.195 0.259 

Locus 34 : 
2 alleles
3.6% missing data
   1   (0.811) 0.804 0.814 0.825 
   2   (0.189) 0.196 0.186 0.175 

Locus 35 : 
2 alleles
3.8% missing data
   1   (0.868) 0.852 0.872 0.891 
   2   (0.132) 0.148 0.128 0.109 

Locus 36 : 
2 alleles
2.9% missing data
   1   (0.757) 0.759 0.761 0.759 
   2   (0.243) 0.241 0.239 0.241 

Locus 37 : 
2 alleles
2.2% missing data
   1   (0.742) 0.762 0.727 0.741 
   2   (0.258) 0.238 0.273 0.259 

Locus 38 : 
2 alleles
1.4% missing data
   1   (0.871) 0.890 0.885 0.844 
   2   (0.129) 0.110 0.115 0.156 

Locus 39 : 
2 alleles
3.2% missing data
   1   (0.705) 0.696 0.688 0.736 
   2   (0.295) 0.304 0.312 0.264 

Locus 40 : 
2 alleles
3.8% missing data
   1   (0.571) 0.562 0.605 0.552 
   2   (0.429) 0.438 0.395 0.448 

Locus 41 : 
2 alleles
3.4% missing data
   1   (0.881) 0.897 0.879 0.878 
   2   (0.119) 0.103 0.121 0.122 

Locus 42 : 
2 alleles
4.5% missing data
   2   (0.234) 0.251 0.264 0.185 
   1   (0.766) 0.749 0.736 0.815 

Locus 43 : 
2 alleles
2.0% missing data
   1   (0.819) 0.817 0.833 0.817 
   2   (0.181) 0.183 0.167 0.183 

Locus 44 : 
2 alleles
4.7% missing data
   1   (0.583) 0.595 0.588 0.567 
   2   (0.417) 0.405 0.412 0.433 

Locus 45 : 
2 alleles
3.2% missing data
   1   (0.871) 0.882 0.875 0.867 
   2   (0.129) 0.118 0.125 0.133 

Locus 46 : 
2 alleles
2.3% missing data
   1   (0.779) 0.806 0.747 0.789 
   2   (0.221) 0.194 0.253 0.211 

Locus 47 : 
2 alleles
4.5% missing data
   1   (0.887) 0.896 0.882 0.892 
   2   (0.113) 0.104 0.118 0.108 

Locus 48 : 
2 alleles
4.5% missing data
   1   (0.816) 0.834 0.796 0.823 
   2   (0.184) 0.166 0.204 0.177 

Locus 49 : 
2 alleles
4.5% missing data
   1   (0.817) 0.824 0.819 0.819 
   2   (0.183) 0.176 0.181 0.181 

Locus 50 : 
2 alleles
3.4% missing data
   1   (0.657) 0.658 0.658 0.660 
   2   (0.343) 0.342 0.342 0.340 

Locus 51 : 
2 alleles
1.4% missing data
   1   (0.601) 0.606 0.593 0.605 
   2   (0.399) 0.394 0.407 0.395 

Locus 52 : 
2 alleles
4.1% missing data
   1   (0.658) 0.673 0.647 0.659 
   2   (0.342) 0.327 0.353 0.341 

Locus 53 : 
2 alleles
4.5% missing data
   1   (0.850) 0.841 0.875 0.845 
   2   (0.150) 0.159 0.125 0.155 

Locus 54 : 
2 alleles
3.8% missing data
   1   (0.865) 0.867 0.860 0.878 
   2   (0.135) 0.133 0.140 0.122 

Locus 55 : 
2 alleles
3.2% missing data
   1   (0.883) 0.911 0.865 0.880 
   2   (0.117) 0.089 0.135 0.120 

Locus 56 : 
2 alleles
3.2% missing data
   1   (0.798) 0.820 0.773 0.806 
   2   (0.202) 0.180 0.227 0.194 

Locus 57 : 
2 alleles
4.5% missing data
   1   (0.662) 0.658 0.647 0.687 
   2   (0.338) 0.342 0.353 0.313 

Locus 58 : 
2 alleles
4.1% missing data
   1   (0.840) 0.848 0.818 0.860 
   2   (0.160) 0.152 0.182 0.140 

Locus 59 : 
2 alleles
4.8% missing data
   1   (0.819) 0.808 0.807 0.851 
   2   (0.181) 0.192 0.193 0.149 

Locus 60 : 
2 alleles
2.5% missing data
   1   (0.860) 0.854 0.882 0.854 
   2   (0.140) 0.146 0.118 0.146 

Locus 61 : 
2 alleles
3.9% missing data
   1   (0.778) 0.781 0.783 0.778 
   2   (0.222) 0.219 0.217 0.222 

Locus 62 : 
2 alleles
2.0% missing data
   1   (0.842) 0.851 0.865 0.815 
   2   (0.158) 0.149 0.135 0.185 

Locus 63 : 
2 alleles
4.1% missing data
   1   (0.758) 0.781 0.748 0.750 
   2   (0.242) 0.219 0.252 0.250 

Locus 64 : 
2 alleles
3.2% missing data
   1   (0.873) 0.875 0.850 0.900 
   2   (0.127) 0.125 0.150 0.100 

Locus 65 : 
2 alleles
2.7% missing data
   1   (0.870) 0.850 0.890 0.880 
   2   (0.130) 0.150 0.110 0.120 

Locus 66 : 
2 alleles
2.0% missing data
   1   (0.591) 0.576 0.576 0.625 
   2   (0.409) 0.424 0.424 0.375 

Locus 67 : 
2 alleles
4.8% missing data
   1   (0.787) 0.803 0.806 0.758 
   2   (0.213) 0.197 0.194 0.242 

Locus 68 : 
2 alleles
4.5% missing data
   1   (0.727) 0.742 0.738 0.706 
   2   (0.273) 0.258 0.262 0.294 

Locus 69 : 
2 alleles
2.9% missing data
   1   (0.592) 0.568 0.609 0.603 
   2   (0.408) 0.432 0.391 0.397 

Locus 70 : 
2 alleles
4.8% missing data
   1   (0.665) 0.690 0.662 0.644 
   2   (0.335) 0.310 0.338 0.356 

Locus 71 : 
2 alleles
4.1% missing data
   1   (0.820) 0.814 0.806 0.848 
   2   (0.180) 0.186 0.194 0.152 

Locus 72 : 
2 alleles
3.1% missing data
   1   (0.880) 0.888 0.871 0.891 
   2   (0.120) 0.112 0.129 0.109 

Locus 73 : 
2 alleles
4.5% missing data
   1   (0.730) 0.702 0.742 0.754 
   2   (0.270) 0.298 0.258 0.246 

Locus 74 : 
2 alleles
4.3% missing data
   1   (0.670) 0.678 0.646 0.690 
   2   (0.330) 0.322 0.354 0.310 

Locus 75 : 
2 alleles
2.0% missing data
   1   (0.895) 0.915 0.891 0.886 
   2   (0.105) 0.085 0.109 0.114 

Locus 76 : 
2 alleles
4.8% missing data
   2   (0.208) 0.219 0.177 0.219 
   1   (0.792) 0.781 0.823 0.781 

Locus 77 : 
2 alleles
2.0% missing data
   2   (0.270) 0.295 0.241 0.264 
   1   (0.730) 0.705 0.759 0.736 

Locus 78 : 
2 alleles
3.4% missing data
   1   (0.815) 0.823 0.807 0.824 
   2   (0.185) 0.177 0.193 0.176 

Locus 79 : 
2 alleles
4.8% missing data
   2   (0.255) 0.273 0.239 0.244 
   1   (0.745) 0.727 0.761 0.756 

Locus 80 : 
2 alleles
3.6% missing data
   1   (0.691) 0.705 0.655 0.716 
   2   (0.309) 0.295 0.345 0.284 

Locus 81 : 
2 alleles
2.2% missing data
   1   (0.807) 0.809 0.809 0.813 
   2   (0.193) 0.191 0.191 0.187 

Locus 82 : 
2 alleles
3.4% missing data
   1   (0.754) 0.695 0.799 0.773 
   2   (0.246) 0.305 0.201 0.227 

Locus 83 : 
2 alleles
4.8% missing data
   1   (0.701) 0.660 0.704 0.746 
   2   (0.299) 0.340 0.296 0.254 

Locus 84 : 
2 alleles
4.5% missing data
   1   (0.785) 0.769 0.795 0.801 
   2   (0.215) 0.231 0.205 0.199 

Locus 85 : 
2 alleles
3.2% missing data
   1   (0.766) 0.785 0.739 0.778 
   2   (0.234) 0.215 0.261 0.222 

Locus 86 : 
2 alleles
3.6% missing data
   1   (0.732) 0.729 0.762 0.712 
   2   (0.268) 0.271 0.238 0.288 

Locus 87 : 
2 alleles
2.7% missing data
   1   (0.882) 0.908 0.864 0.879 
   2   (0.118) 0.092 0.136 0.121 

Locus 88 : 
2 alleles
4.3% missing data
   1   (0.745) 0.748 0.754 0.740 
   2   (0.255) 0.252 0.246 0.260 

Locus 89 : 
2 alleles
3.9% missing data
   1   (0.772) 0.744 0.792 0.788 
   2   (0.228) 0.256 0.208 0.212 

Locus 90 : 
2 alleles
1.6% missing data
   1   (0.819) 0.807 0.840 0.821 
   2   (0.181) 0.193 0.160 0.179 

Locus 91 : 
2 alleles
4.8% missing data
   1   (0.880) 0.860 0.899 0.891 
   2   (0.120) 0.140 0.101 0.109 

Locus 92 : 
2 alleles
2.9% missing data
   1   (0.615) 0.594 0.627 0.629 
   2   (0.385) 0.406 0.373 0.371 

Locus 93 : 
2 alleles
3.6% missing data
   1   (0.767) 0.776 0.750 0.782 
   2   (0.233) 0.224 0.250 0.218 

Locus 94 : 
2 alleles
3.4% missing data
   1   (0.893) 0.899 0.902 0.890 
   2   (0.107) 0.101 0.098 0.110 

Locus 95 : 
2 alleles
3.9% missing data
   1   (0.668) 0.696 0.663 0.646 
   2   (0.332) 0.304 0.337 0.354 

Locus 96 : 
2 alleles
3.1% missing data
   1   (0.765) 0.776 0.748 0.777 
   2   (0.235) 0.224 0.252 0.223 

Locus 97 : 
2 alleles
0.9% missing data
   1   (0.836) 0.818 0.845 0.854 
   2   (0.164) 0.182 0.155 0.146 

Locus 98 : 
2 alleles
4.8% missing data
   1   (0.880) 0.883 0.897 0.869 
   2   (0.120) 0.117 0.103 0.131 

Locus 99 : 
2 alleles
3.2% missing data
   2   (0.385) 0.346 0.388 0.423 
   1   (0.615) 0.654 0.612 0.577 

Locus 100 : 
2 alleles
4.7% missing data
   1   (0.814) 0.823 0.816 0.814 
   2   (0.186) 0.177 0.184 0.186 

Locus 101 : 
2 alleles
2.3% missing data
   1   (0.785) 0.785 0.798 0.781 
   2   (0.215) 0.215 0.202 0.219 

Locus 102 : 
2 alleles
1.4% missing data
   1   (0.869) 0.863 0.878 0.877 
   2   (0.131) 0.137 0.122 0.123 

Locus 103 : 
2 alleles
3.4% missing data
   1   (0.654) 0.633 0.683 0.652 
   2   (0.346) 0.367 0.317 0.348 

Locus 104 : 
