

----------------------------------------------------
STRUCTURE by Pritchard, Stephens and Donnelly (2000)
     and Falush, Stephens and Pritchard (2003)
       Code by Pritchard, Falush and Hubisz
             Version 2.3.4 (Jul 2012)
----------------------------------------------------



Command line arguments:   /home/genobiwan/Documents/Programs/Structure/structure -m parameter_job_k7_r4 
Input File:    /media/genobiwan/Storage/Projets/Mackerel_NWA_2021/data_job_k7_r4

Run parameters:
   557 individuals
   3930 loci
   7 populations assumed
   100000 Burn-in period
   200000 Reps


--------------------------------------------
Proportion of membership of each pre-defined
 population in each of the 7 clusters

Given    Inferred Clusters                                   Number of
 Pop       1      2      3      4      5      6      7      Individuals

  1:     0.158  0.136  0.130  0.145  0.154  0.140  0.137       67
  2:     0.121  0.175  0.113  0.127  0.140  0.168  0.156       32
  3:     0.159  0.142  0.134  0.132  0.138  0.134  0.161       92
  4:     0.124  0.155  0.153  0.163  0.137  0.128  0.139       36
  5:     0.170  0.139  0.151  0.139  0.121  0.134  0.145       41
  6:     0.133  0.140  0.151  0.149  0.145  0.142  0.141      158
  7:     0.137  0.136  0.139  0.145  0.154  0.147  0.143       79
  8:     0.152  0.135  0.153  0.136  0.148  0.131  0.144       52
--------------------------------------------

Allele-freq. divergence among pops (Net nucleotide distance),
computed using point estimates of P.

      1       2       3       4       5       6       7      
 1      -    0.0055  0.0064  0.0048  0.0044  0.0063  0.0048  
 2   0.0055     -    0.0061  0.0054  0.0050  0.0062  0.0057  
 3   0.0064  0.0061     -    0.0060  0.0052  0.0077  0.0062  
 4   0.0048  0.0054  0.0060     -    0.0044  0.0060  0.0050  
 5   0.0044  0.0050  0.0052  0.0044     -    0.0059  0.0042  
 6   0.0063  0.0062  0.0077  0.0060  0.0059     -    0.0059  
 7   0.0048  0.0057  0.0062  0.0050  0.0042  0.0059     -    

Average distances (expected heterozygosity) between individuals in same cluster:
cluster  1  : 0.3088 
cluster  2  : 0.3115 
cluster  3  : 0.3069 
cluster  4  : 0.3106 
cluster  5  : 0.3128 
cluster  6  : 0.3087 
cluster  7  : 0.3092 

--------------------------------------------
Estimated Ln Prob of Data   = -2070739.2
Mean value of ln likelihood = -2059441.3
Variance of ln likelihood   = 22595.8
Mean value of alpha         = 1.6737

Mean value of Fst_1         = 0.0583
Mean value of Fst_2         = 0.0610
Mean value of Fst_3         = 0.0670
Mean value of Fst_4         = 0.0556
Mean value of Fst_5         = 0.0517
Mean value of Fst_6         = 0.0679
Mean value of Fst_7         = 0.0548


Inferred ancestry of individuals:
        Label (%Miss) Pop:  Inferred clusters
  1 NS_SS0963    (4)    1 :  0.174 0.148 0.065 0.238 0.145 0.071 0.160 
  2 NS_SS0983    (1)    1 :  0.112 0.212 0.196 0.093 0.252 0.039 0.097 
  3 NS_SS0719    (8)    1 :  0.095 0.142 0.125 0.173 0.159 0.109 0.196 
  4 NS_SS1001    (8)    1 :  0.182 0.128 0.094 0.076 0.076 0.274 0.170 
  5 NS_SS0936    (4)    1 :  0.209 0.180 0.096 0.224 0.051 0.161 0.079 
  6 NS_SS0955    (5)    1 :  0.190 0.162 0.149 0.158 0.125 0.048 0.168 
  7 NS_SS0944    (3)    1 :  0.256 0.098 0.200 0.095 0.069 0.114 0.168 
  8 NS_SS0945    (3)    1 :  0.150 0.072 0.216 0.129 0.090 0.258 0.085 
  9 NS_SS0922    (2)    1 :  0.100 0.127 0.072 0.146 0.125 0.277 0.153 
 10 NS_SS0929    (7)    1 :  0.188 0.173 0.180 0.148 0.146 0.073 0.091 
 11 NS_SS0956    (2)    1 :  0.112 0.106 0.065 0.086 0.122 0.170 0.339 
 12 NS_SS0906    (3)    1 :  0.276 0.107 0.176 0.127 0.130 0.095 0.090 
 13 NS_SS0721    (6)    1 :  0.069 0.157 0.093 0.114 0.181 0.069 0.317 
 14 NS_SS0982    (4)    1 :  0.178 0.097 0.077 0.134 0.251 0.110 0.153 
 15 NS_SS0923    (5)    1 :  0.164 0.141 0.092 0.128 0.186 0.180 0.110 
 16 NS_SS0905    (6)    1 :  0.155 0.134 0.088 0.051 0.354 0.141 0.077 
 17 NS_SS0925    (3)    1 :  0.219 0.286 0.056 0.097 0.115 0.085 0.142 
 18 NS_SS0947    (5)    1 :  0.209 0.196 0.109 0.161 0.060 0.155 0.111 
 19 NS_SS0926    (2)    1 :  0.121 0.053 0.263 0.245 0.171 0.072 0.075 
 20 NS_SS0918    (6)    1 :  0.374 0.068 0.075 0.134 0.100 0.117 0.134 
 21 NS_SS0966    (4)    1 :  0.250 0.148 0.079 0.162 0.146 0.131 0.083 
 22 NS_SS0938    (2)    1 :  0.094 0.114 0.081 0.377 0.059 0.171 0.105 
 23 NS_SS0917    (2)    1 :  0.050 0.223 0.177 0.139 0.155 0.139 0.116 
 24 NS_SS0957   (11)    1 :  0.119 0.091 0.110 0.143 0.149 0.128 0.261 
 25 NS_SS0987    (1)    1 :  0.115 0.059 0.093 0.077 0.270 0.100 0.286 
 26 NS_SS0717    (4)    1 :  0.162 0.110 0.066 0.047 0.211 0.258 0.145 
 27 NS_SS0986    (2)    1 :  0.153 0.044 0.174 0.134 0.186 0.125 0.185 
 28 NS_SS0953    (4)    1 :  0.284 0.188 0.089 0.051 0.102 0.160 0.127 
 29 NS_SS0907    (3)    1 :  0.300 0.117 0.122 0.090 0.205 0.094 0.073 
 30 NS_SS0974    (6)    1 :  0.189 0.227 0.171 0.103 0.073 0.160 0.078 
 31 NS_SS0989    (1)    1 :  0.055 0.229 0.215 0.234 0.111 0.072 0.085 
 32 NS_SS0991    (2)    1 :  0.239 0.054 0.172 0.066 0.213 0.057 0.200 
 33 NS_SS0994    (2)    1 :  0.079 0.099 0.395 0.087 0.111 0.167 0.062 
 34 NS_SS0931    (6)    1 :  0.160 0.064 0.217 0.174 0.204 0.061 0.120 
 35 NS_SS1000    (5)    1 :  0.196 0.092 0.118 0.146 0.081 0.288 0.080 
 36 NS_SS0919    (1)    1 :  0.145 0.117 0.123 0.194 0.310 0.057 0.054 
 37 NS_SS0949    (3)    1 :  0.072 0.231 0.212 0.145 0.121 0.071 0.148 
 38 NS_SS0960   (10)    1 :  0.167 0.172 0.169 0.092 0.188 0.072 0.139 
 39 NS_SS0716    (2)    1 :  0.050 0.048 0.085 0.062 0.231 0.350 0.174 
 40 NS_SS0924    (8)    1 :  0.172 0.182 0.105 0.111 0.245 0.058 0.126 
 41 NS_SS0935    (1)    1 :  0.112 0.126 0.190 0.052 0.296 0.076 0.149 
 42 NS_SS0952   (13)    1 :  0.190 0.111 0.194 0.127 0.230 0.080 0.068 
 43 NS_SS0962   (10)    1 :  0.102 0.059 0.091 0.277 0.155 0.200 0.117 
 44 NS_SS0973    (5)    1 :  0.211 0.286 0.099 0.083 0.118 0.062 0.142 
 45 NS_SS0722    (1)    1 :  0.242 0.121 0.071 0.065 0.057 0.359 0.084 
 46 NS_SS0979   (13)    1 :  0.156 0.083 0.084 0.143 0.180 0.158 0.197 
 47 NS_SS0993    (2)    1 :  0.226 0.202 0.056 0.134 0.114 0.133 0.135 
 48 NS_SS0958    (1)    1 :  0.139 0.086 0.249 0.097 0.177 0.162 0.090 
 49 NS_SS0988    (4)    1 :  0.176 0.069 0.127 0.221 0.247 0.079 0.081 
 50 NS_SS1003    (2)    1 :  0.108 0.055 0.052 0.379 0.118 0.055 0.234 
 51 NS_SS0976    (0)    1 :  0.170 0.088 0.211 0.252 0.099 0.061 0.120 
 52 NS_SS0964   (10)    1 :  0.102 0.125 0.066 0.074 0.112 0.320 0.202 
 53 NS_SS0939    (4)    1 :  0.042 0.075 0.068 0.134 0.115 0.332 0.233 
 54 NS_SS0990    (6)    1 :  0.061 0.050 0.200 0.272 0.090 0.211 0.116 
 55 NS_SS0984    (2)    1 :  0.136 0.126 0.063 0.161 0.129 0.291 0.094 
 56 NS_SS0980    (9)    1 :  0.224 0.347 0.071 0.082 0.083 0.126 0.068 
 57 NS_SS0978    (4)    1 :  0.167 0.137 0.122 0.159 0.106 0.215 0.095 
 58 NS_SS0951   (17)    1 :  0.207 0.067 0.161 0.056 0.210 0.086 0.212 
 59 NS_SS0913    (3)    1 :  0.125 0.072 0.107 0.094 0.116 0.235 0.252 
 60 NS_SS1002    (1)    1 :  0.199 0.075 0.066 0.407 0.105 0.091 0.057 
 61 NS_SS0948    (1)    1 :  0.237 0.100 0.135 0.148 0.178 0.093 0.108 
 62 NS_SS0916    (4)    1 :  0.063 0.361 0.106 0.163 0.109 0.091 0.107 
 63 NS_SS0995    (1)    1 :  0.076 0.357 0.065 0.096 0.163 0.115 0.128 
 64 NS_SS0927    (6)    1 :  0.069 0.204 0.163 0.117 0.266 0.120 0.061 
 65 NS_SS0992    (5)    1 :  0.112 0.250 0.158 0.207 0.060 0.132 0.080 
 66 NS_SS0912    (1)    1 :  0.131 0.047 0.182 0.119 0.205 0.091 0.226 
 67 NS_SS0981    (1)    1 :  0.203 0.054 0.073 0.208 0.200 0.098 0.164 
 68 NS_SS0729    (5)    2 :  0.137 0.333 0.256 0.094 0.071 0.058 0.051 
 69 NS_SS0967   (14)    2 :  0.194 0.163 0.071 0.201 0.190 0.096 0.085 
 70 NS_SS0941    (7)    2 :  0.086 0.168 0.100 0.178 0.114 0.218 0.136 
 71 NS_SS0768   (12)    2 :  0.156 0.068 0.113 0.136 0.133 0.138 0.257 
 72 NS_SS0726    (4)    2 :  0.086 0.331 0.156 0.210 0.070 0.069 0.078 
 73 NS_SS0763    (4)    2 :  0.130 0.136 0.181 0.108 0.195 0.155 0.096 
 74 NS_SS0730    (6)    2 :  0.088 0.154 0.079 0.156 0.200 0.198 0.126 
 75 NS_SS0774    (1)    2 :  0.150 0.256 0.062 0.150 0.058 0.242 0.082 
 76 NS_SS0723    (3)    2 :  0.138 0.226 0.042 0.184 0.152 0.136 0.122 
 77 NS_SS0940    (9)    2 :  0.072 0.174 0.168 0.158 0.113 0.175 0.140 
 78 NS_SS0762    (1)    2 :  0.148 0.145 0.051 0.065 0.112 0.353 0.126 
 79 NS_SS0766   (11)    2 :  0.057 0.158 0.124 0.073 0.188 0.261 0.138 
 80 NS_SS0724    (1)    2 :  0.191 0.130 0.075 0.097 0.169 0.130 0.208 
 81 NS_SS0769    (3)    2 :  0.107 0.091 0.096 0.156 0.264 0.165 0.122 
 82 NS_SS0777    (2)    2 :  0.154 0.064 0.180 0.133 0.248 0.090 0.131 
 83 NS_SS0734    (6)    2 :  0.088 0.134 0.165 0.096 0.126 0.153 0.238 
 84 NS_SS0737    (3)    2 :  0.087 0.233 0.059 0.121 0.068 0.327 0.105 
 85 NS_SS0732    (5)    2 :  0.124 0.190 0.051 0.066 0.221 0.078 0.271 
 86 NS_SS0728    (5)    2 :  0.087 0.254 0.098 0.121 0.093 0.144 0.203 
 87 NS_SS0735    (9)    2 :  0.151 0.245 0.078 0.055 0.072 0.195 0.204 
 88 NS_SS0725    (1)    2 :  0.095 0.069 0.098 0.226 0.053 0.280 0.179 
 89 NS_SS0788    (2)    2 :  0.075 0.162 0.101 0.250 0.225 0.088 0.099 
 90 NS_SS0778    (2)    2 :  0.082 0.158 0.124 0.201 0.243 0.061 0.131 
 91 NS_SS0792    (6)    2 :  0.151 0.255 0.100 0.075 0.130 0.072 0.218 
 92 NS_SS0943   (11)    2 :  0.250 0.093 0.250 0.087 0.078 0.059 0.181 
 93 NS_SS0791    (2)    2 :  0.055 0.344 0.127 0.086 0.087 0.074 0.227 
 94 NS_SS0790    (5)    2 :  0.218 0.077 0.039 0.093 0.116 0.188 0.269 
 95 NS_SS0731    (6)    2 :  0.113 0.058 0.073 0.080 0.192 0.210 0.275 
 96 NS_SS0727    (6)    2 :  0.087 0.279 0.202 0.051 0.055 0.238 0.088 
 97 NS_SS0779   (12)    2 :  0.128 0.158 0.101 0.130 0.227 0.117 0.139 
 98 NS_SS0776    (3)    2 :  0.089 0.113 0.142 0.154 0.106 0.267 0.129 
 99 NS_SS0775    (5)    2 :  0.097 0.171 0.068 0.084 0.096 0.336 0.147 
100 NS_SS0965    (3)    3 :  0.152 0.103 0.078 0.157 0.209 0.067 0.234 
101 NS_SS0754   (13)    3 :  0.081 0.211 0.178 0.098 0.106 0.063 0.262 
102 NS_SS0838    (5)    3 :  0.134 0.151 0.145 0.196 0.094 0.166 0.114 
103 NS_SS0839    (3)    3 :  0.120 0.170 0.062 0.168 0.085 0.230 0.165 
104 NS_SS0832    (4)    3 :  0.274 0.096 0.051 0.131 0.133 0.146 0.170 
105 NS_SS0820    (4)    3 :  0.121 0.118 0.047 0.203 0.204 0.104 0.204 
106 NS_SS0886    (9)    3 :  0.094 0.147 0.174 0.133 0.158 0.098 0.196 
107 NS_SS0748    (5)    3 :  0.225 0.098 0.137 0.117 0.221 0.082 0.119 
108 NS_SS0884    (9)    3 :  0.154 0.214 0.125 0.133 0.123 0.117 0.134 
109 NS_SS0752    (3)    3 :  0.121 0.230 0.118 0.144 0.083 0.188 0.115 
110 NS_SS0862    (1)    3 :  0.164 0.189 0.051 0.076 0.110 0.067 0.344 
111 NS_SS0787    (9)    3 :  0.102 0.088 0.388 0.099 0.130 0.096 0.098 
112 NS_SS0843    (6)    3 :  0.151 0.183 0.091 0.090 0.217 0.118 0.151 
113 NS_SS0856    (4)    3 :  0.050 0.220 0.119 0.133 0.136 0.236 0.106 
114 NS_SS0846    (2)    3 :  0.237 0.186 0.142 0.152 0.119 0.105 0.059 
115 NS_SS0825    (1)    3 :  0.122 0.074 0.129 0.300 0.094 0.065 0.216 
116 NS_SS0757    (3)    3 :  0.177 0.103 0.159 0.110 0.163 0.079 0.209 
117 NS_SS0876    (3)    3 :  0.168 0.158 0.108 0.101 0.108 0.183 0.175 
118 NS_SS0903    (9)    3 :  0.204 0.391 0.052 0.101 0.074 0.108 0.070 
119 NS_SS0875    (7)    3 :  0.110 0.079 0.126 0.154 0.187 0.219 0.126 
120 NS_SS0740    (5)    3 :  0.176 0.146 0.102 0.088 0.174 0.163 0.150 
121 NS_SS0811    (5)    3 :  0.143 0.098 0.060 0.082 0.135 0.180 0.302 
122 NS_SS0751    (1)    3 :  0.077 0.111 0.109 0.185 0.176 0.248 0.094 
123 NS_SS0891    (6)    3 :  0.112 0.087 0.132 0.216 0.089 0.236 0.127 
124 NS_SS0867    (2)    3 :  0.298 0.102 0.142 0.128 0.121 0.042 0.168 
125 NS_SS0890    (6)    3 :  0.166 0.204 0.092 0.114 0.212 0.131 0.082 
126 NS_SS0866   (11)    3 :  0.089 0.119 0.378 0.121 0.057 0.104 0.132 
127 NS_SS0755    (4)    3 :  0.191 0.110 0.098 0.133 0.120 0.121 0.226 
128 NS_SS0758    (4)    3 :  0.154 0.250 0.109 0.113 0.113 0.154 0.107 
129 NS_SS0840    (2)    3 :  0.205 0.114 0.053 0.226 0.090 0.153 0.159 
130 NS_SS0889    (4)    3 :  0.124 0.085 0.288 0.090 0.076 0.083 0.254 
131 NS_SS1010    (1)    3 :  0.137 0.112 0.103 0.189 0.237 0.134 0.088 
132 NS_SS0888    (5)    3 :  0.059 0.299 0.261 0.053 0.068 0.090 0.171 
133 NS_SS0837    (3)    3 :  0.216 0.102 0.068 0.083 0.155 0.096 0.281 
134 NS_SS0794    (9)    3 :  0.100 0.156 0.272 0.058 0.089 0.183 0.142 
135 NS_SS0823    (4)    3 :  0.318 0.111 0.085 0.145 0.072 0.168 0.101 
136 NS_SS0829    (7)    3 :  0.210 0.061 0.321 0.063 0.087 0.059 0.198 
137 NS_SS0844    (5)    3 :  0.450 0.195 0.040 0.065 0.097 0.052 0.100 
138 NS_SS1008    (5)    3 :  0.112 0.126 0.234 0.069 0.095 0.247 0.116 
139 NS_SS0881    (3)    3 :  0.090 0.090 0.157 0.248 0.170 0.123 0.123 
140 NS_SS0834    (6)    3 :  0.107 0.084 0.081 0.236 0.067 0.315 0.109 
141 NS_SS0744   (10)    3 :  0.151 0.222 0.118 0.184 0.076 0.067 0.182 
142 NS_SS0899    (7)    3 :  0.208 0.062 0.076 0.076 0.123 0.203 0.251 
143 NS_SS0804    (4)    3 :  0.177 0.129 0.043 0.145 0.161 0.131 0.214 
144 NS_SS0781   (10)    3 :  0.213 0.087 0.055 0.231 0.157 0.168 0.087 
145 NS_SS0822    (6)    3 :  0.199 0.180 0.170 0.079 0.067 0.150 0.155 
146 NS_SS1004    (4)    3 :  0.252 0.130 0.077 0.124 0.183 0.102 0.132 
147 NS_SS0746    (5)    3 :  0.303 0.087 0.164 0.120 0.107 0.135 0.083 
148 NS_SS0880    (3)    3 :  0.231 0.139 0.091 0.184 0.056 0.133 0.166 
149 NS_SS0879    (4)    3 :  0.170 0.125 0.130 0.116 0.063 0.206 0.191 
150 NS_SS0753    (2)    3 :  0.184 0.119 0.184 0.068 0.221 0.065 0.158 
151 NS_SS1007    (2)    3 :  0.054 0.286 0.093 0.149 0.156 0.198 0.063 
152 NS_SS0872    (5)    3 :  0.163 0.176 0.077 0.146 0.146 0.189 0.103 
153 NS_SS1005    (7)    3 :  0.285 0.096 0.091 0.164 0.119 0.163 0.081 
154 NS_SS0892    (6)    3 :  0.139 0.093 0.132 0.118 0.205 0.170 0.143 
155 NS_SS0898    (0)    3 :  0.170 0.086 0.189 0.135 0.151 0.115 0.155 
156 NS_SS0801    (9)    3 :  0.179 0.085 0.122 0.089 0.202 0.110 0.212 
157 NS_SS0827    (8)    3 :  0.078 0.072 0.085 0.066 0.499 0.096 0.103 
158 NS_SS0853    (6)    3 :  0.107 0.116 0.122 0.053 0.294 0.126 0.181 
159 NS_SS0780    (2)    3 :  0.104 0.144 0.075 0.209 0.146 0.142 0.180 
160 NS_SS0826   (10)    3 :  0.218 0.048 0.147 0.317 0.102 0.062 0.106 
161 NS_SS0818    (5)    3 :  0.135 0.147 0.059 0.182 0.153 0.195 0.130 
162 NS_SS0745    (1)    3 :  0.045 0.031 0.076 0.107 0.080 0.468 0.193 
163 NS_SS0849    (3)    3 :  0.128 0.052 0.079 0.124 0.166 0.088 0.363 
164 NS_SS0739    (3)    3 :  0.051 0.186 0.090 0.201 0.177 0.124 0.172 
165 NS_SS0799    (1)    3 :  0.106 0.336 0.126 0.046 0.160 0.108 0.117 
166 NS_SS0756    (2)    3 :  0.302 0.079 0.066 0.190 0.142 0.099 0.123 
167 NS_SS0802    (2)    3 :  0.095 0.175 0.147 0.184 0.223 0.113 0.063 
168 NS_SS0747    (6)    3 :  0.195 0.174 0.108 0.160 0.163 0.106 0.093 
169 NS_SS0835    (1)    3 :  0.092 0.157 0.246 0.111 0.249 0.087 0.057 
170 NS_SS0742   (18)    3 :  0.159 0.241 0.062 0.164 0.126 0.093 0.154 
171 NS_SS0760    (9)    3 :  0.135 0.097 0.315 0.099 0.148 0.114 0.091 
172 NS_SS0803    (4)    3 :  0.383 0.308 0.046 0.052 0.058 0.068 0.084 
173 NS_SS0828   (13)    3 :  0.108 0.140 0.108 0.090 0.232 0.117 0.206 
174 NS_SS0865    (2)    3 :  0.146 0.113 0.133 0.207 0.083 0.055 0.264 
175 NS_SS0759    (4)    3 :  0.135 0.117 0.078 0.107 0.141 0.236 0.186 
176 NS_SS0851    (5)    3 :  0.087 0.043 0.073 0.126 0.073 0.160 0.437 
177 NS_SS0874   (16)    3 :  0.328 0.135 0.070 0.102 0.134 0.141 0.089 
178 NS_SS0761    (6)    3 :  0.181 0.086 0.245 0.140 0.126 0.050 0.172 
179 NS_SS0842   (25)    3 :  0.171 0.115 0.212 0.085 0.130 0.176 0.110 
180 NS_SS0785    (6)    3 :  0.198 0.199 0.165 0.090 0.120 0.092 0.137 
181 NS_SS0860   (11)    3 :  0.124 0.132 0.309 0.098 0.174 0.089 0.075 
182 NS_SS0897    (7)    3 :  0.088 0.115 0.358 0.071 0.093 0.094 0.182 
183 NS_SS0841   (14)    3 :  0.159 0.077 0.068 0.092 0.135 0.225 0.244 
184 NS_SS0797    (6)    3 :  0.141 0.080 0.172 0.141 0.179 0.061 0.226 
185 NS_SS0830   (10)    3 :  0.123 0.114 0.142 0.157 0.150 0.101 0.214 
186 NS_SS1011    (5)    3 :  0.180 0.107 0.071 0.315 0.083 0.072 0.172 
187 NS_SS0883    (5)    3 :  0.128 0.211 0.131 0.059 0.185 0.076 0.210 
188 NS_SS0782    (2)    3 :  0.131 0.214 0.166 0.080 0.062 0.226 0.121 
189 NS_SS0831    (5)    3 :  0.108 0.098 0.273 0.078 0.079 0.070 0.295 
190 NS_SS0749    (7)    3 :  0.076 0.208 0.148 0.111 0.096 0.119 0.243 
191 NS_SS0854    (2)    3 :  0.099 0.318 0.114 0.082 0.094 0.160 0.134 
192 HI_SS0193    (0)    4 :  0.071 0.119 0.227 0.154 0.059 0.152 0.217 
193 HI_SS0194    (0)    4 :  0.103 0.067 0.135 0.268 0.054 0.293 0.080 
194 HI_SS0195    (9)    4 :  0.060 0.097 0.047 0.231 0.137 0.149 0.279 
195 HI_SS0196    (6)    4 :  0.104 0.213 0.179 0.094 0.060 0.243 0.108 
196 HI_SS0197    (3)    4 :  0.070 0.083 0.081 0.496 0.128 0.090 0.052 
197 HI_SS0198    (1)    4 :  0.080 0.169 0.142 0.120 0.158 0.083 0.248 
198 HI_SS0199    (1)    4 :  0.100 0.338 0.168 0.073 0.081 0.148 0.092 
199 HI_SS0201    (4)    4 :  0.167 0.117 0.231 0.088 0.197 0.037 0.163 
200 HI_SS0215    (1)    4 :  0.141 0.108 0.219 0.118 0.249 0.053 0.111 
201 HI_SS0218    (1)    4 :  0.069 0.176 0.321 0.059 0.061 0.114 0.201 
202 HI_SS0222    (0)    4 :  0.061 0.154 0.139 0.160 0.108 0.180 0.198 
203 HI_SS0230    (1)    4 :  0.116 0.053 0.069 0.183 0.386 0.122 0.071 
204 HI_SS0234    (1)    4 :  0.114 0.330 0.088 0.198 0.114 0.104 0.052 
205 HI_SS0240    (1)    4 :  0.067 0.365 0.078 0.086 0.088 0.196 0.120 
206 HI_SS0241    (0)    4 :  0.119 0.156 0.185 0.136 0.214 0.069 0.122 
207 HI_SS0242    (0)    4 :  0.213 0.140 0.147 0.118 0.103 0.088 0.191 
208 HI_SS0247    (0)    4 :  0.338 0.060 0.108 0.194 0.085 0.084 0.131 
209 HI_SS0248    (1)    4 :  0.160 0.213 0.238 0.042 0.098 0.183 0.065 
210 HI_SS0252    (2)    4 :  0.185 0.170 0.092 0.093 0.057 0.195 0.208 
211 HI_SS0254    (1)    4 :  0.141 0.145 0.128 0.207 0.231 0.081 0.068 
212 HI_SS0256    (0)    4 :  0.184 0.147 0.029 0.180 0.145 0.190 0.125 
213 HI_SS0257    (0)    4 :  0.219 0.176 0.230 0.170 0.100 0.060 0.046 
214 HI_SS0258    (1)    4 :  0.137 0.124 0.252 0.074 0.177 0.120 0.115 
215 HI_SS0259    (1)    4 :  0.069 0.120 0.086 0.308 0.086 0.175 0.156 
216 HI_SS0260    (1)    4 :  0.079 0.198 0.246 0.077 0.129 0.188 0.083 
217 HI_SS0261    (2)    4 :  0.203 0.097 0.172 0.244 0.095 0.119 0.070 
218 HI_SS0262    (0)    4 :  0.088 0.204 0.083 0.114 0.137 0.127 0.247 
219 HI_SS0264    (1)    4 :  0.106 0.048 0.106 0.173 0.227 0.222 0.117 
220 HI_SS0265    (0)    4 :  0.093 0.093 0.087 0.209 0.207 0.102 0.208 
221 HI_SS0268    (1)    4 :  0.045 0.080 0.135 0.183 0.285 0.165 0.107 
222 HI_SS0269    (1)    4 :  0.101 0.277 0.283 0.160 0.076 0.049 0.054 
223 HI_SS0273    (0)    4 :  0.196 0.113 0.238 0.150 0.103 0.081 0.119 
224 HI_SS0277    (1)    4 :  0.124 0.129 0.072 0.395 0.124 0.046 0.111 
225 HI_SS0280    (0)    4 :  0.060 0.122 0.140 0.129 0.092 0.169 0.288 
226 HI_SS0282    (1)    4 :  0.213 0.156 0.205 0.085 0.079 0.080 0.182 
227 HI_SS0286    (1)    4 :  0.075 0.220 0.123 0.103 0.213 0.054 0.212 
228 NS_SS1252    (3)    5 :  0.146 0.164 0.340 0.055 0.107 0.081 0.108 
229 NS_SS1261    (1)    5 :  0.153 0.217 0.124 0.169 0.138 0.092 0.108 
230 NS_SS1225    (9)    5 :  0.312 0.095 0.158 0.119 0.175 0.063 0.078 
231 NS_SS1266    (1)    5 :  0.404 0.116 0.048 0.107 0.090 0.104 0.131 
232 NS_SS1228    (0)    5 :  0.087 0.142 0.085 0.120 0.094 0.104 0.368 
233 NS_SS1255    (2)    5 :  0.117 0.122 0.171 0.085 0.036 0.390 0.079 
234 NS_SS1267    (3)    5 :  0.051 0.146 0.306 0.091 0.223 0.057 0.125 
235 NS_SS1238    (6)    5 :  0.082 0.078 0.184 0.251 0.103 0.137 0.166 
236 NS_SS1233    (8)    5 :  0.402 0.036 0.081 0.105 0.086 0.182 0.109 
237 NS_SS1277    (3)    5 :  0.061 0.218 0.207 0.086 0.102 0.190 0.135 
238 NS_SS1245    (1)    5 :  0.264 0.101 0.167 0.129 0.121 0.145 0.073 
239 NS_SS1240    (4)    5 :  0.075 0.144 0.301 0.117 0.242 0.075 0.048 
240 NS_SS1275    (2)    5 :  0.114 0.091 0.045 0.384 0.061 0.091 0.214 
241 NS_SS1235    (1)    5 :  0.195 0.251 0.100 0.158 0.081 0.174 0.041 
242 NS_SS1263    (1)    5 :  0.293 0.084 0.076 0.093 0.080 0.273 0.102 
243 NS_SS1251    (1)    5 :  0.319 0.083 0.076 0.145 0.140 0.154 0.082 
244 NS_SS1248    (0)    5 :  0.073 0.038 0.137 0.097 0.157 0.085 0.413 
245 NS_SS1244    (0)    5 :  0.173 0.141 0.111 0.338 0.061 0.040 0.136 
246 NS_SS1257    (0)    5 :  0.115 0.176 0.234 0.078 0.143 0.122 0.132 
247 NS_SS1242    (2)    5 :  0.162 0.062 0.097 0.128 0.099 0.307 0.144 
248 NS_SS1271    (6)    5 :  0.070 0.238 0.297 0.098 0.108 0.051 0.138 
249 NS_SS1265    (1)    5 :  0.143 0.053 0.285 0.154 0.157 0.121 0.086 
250 NS_SS1243    (0)    5 :  0.101 0.093 0.103 0.069 0.122 0.227 0.286 
251 NS_SS1273    (1)    5 :  0.160 0.083 0.073 0.114 0.105 0.341 0.123 
252 NS_SS1254   (14)    5 :  0.365 0.102 0.079 0.078 0.123 0.154 0.099 
253 NS_SS1224    (1)    5 :  0.256 0.107 0.077 0.102 0.076 0.134 0.249 
254 NS_SS1227    (8)    5 :  0.067 0.141 0.146 0.119 0.372 0.104 0.049 
255 NS_SS1274    (8)    5 :  0.113 0.199 0.183 0.107 0.114 0.142 0.141 
256 NS_SS1241    (1)    5 :  0.190 0.178 0.161 0.129 0.105 0.074 0.163 
257 NS_SS1256    (3)    5 :  0.290 0.067 0.162 0.195 0.124 0.099 0.064 
258 NS_SS1260    (8)    5 :  0.106 0.302 0.231 0.073 0.097 0.078 0.114 
259 NS_SS1262    (0)    5 :  0.226 0.151 0.149 0.128 0.133 0.052 0.161 
260 NS_SS1230    (0)    5 :  0.150 0.074 0.214 0.122 0.117 0.176 0.147 
261 NS_SS1270    (2)    5 :  0.242 0.055 0.078 0.131 0.152 0.068 0.273 
262 NS_SS1229    (2)    5 :  0.111 0.287 0.071 0.273 0.051 0.158 0.050 
263 NS_SS1246    (5)    5 :  0.067 0.238 0.212 0.247 0.070 0.080 0.085 
264 NS_SS1269    (0)    5 :  0.152 0.141 0.094 0.116 0.138 0.174 0.185 
265 NS_SS1239    (1)    5 :  0.069 0.324 0.054 0.075 0.094 0.129 0.255 
266 NS_SS1272    (4)    5 :  0.120 0.071 0.077 0.387 0.198 0.071 0.077 
267 NS_SS1268    (1)    5 :  0.256 0.052 0.076 0.058 0.135 0.105 0.317 
268 NS_SS1249    (0)    5 :  0.132 0.229 0.332 0.073 0.045 0.090 0.098 
269 HI_SS0559    (0)    6 :  0.125 0.127 0.154 0.053 0.145 0.172 0.223 
270 HI_SS0563    (1)    6 :  0.182 0.247 0.104 0.148 0.112 0.080 0.127 
271 HI_SS0564    (0)    6 :  0.154 0.140 0.100 0.231 0.104 0.099 0.172 
272 HI_SS0565    (0)    6 :  0.135 0.091 0.157 0.191 0.268 0.091 0.067 
273 HI_SS0569    (0)    6 :  0.274 0.068 0.187 0.083 0.272 0.046 0.070 
274 HI_SS0570    (0)    6 :  0.057 0.139 0.273 0.134 0.130 0.112 0.154 
275 HI_SS0572    (1)    6 :  0.119 0.249 0.070 0.125 0.098 0.259 0.080 
276 HI_SS0576    (0)    6 :  0.098 0.111 0.075 0.138 0.137 0.184 0.258 
277 HI_SS0579    (1)    6 :  0.315 0.194 0.137 0.060 0.149 0.076 0.068 
278 HI_SS0580    (1)    6 :  0.095 0.169 0.207 0.069 0.134 0.209 0.116 
279 HI_SS0581    (0)    6 :  0.071 0.087 0.061 0.317 0.086 0.094 0.285 
280 HI_SS0583    (1)    6 :  0.151 0.120 0.199 0.089 0.223 0.173 0.044 
281 HI_SS0586    (1)    6 :  0.063 0.069 0.293 0.071 0.310 0.094 0.100 
282 HI_SS0588    (1)    6 :  0.179 0.141 0.140 0.058 0.303 0.098 0.081 
283 HI_SS0595    (4)    6 :  0.084 0.099 0.178 0.269 0.208 0.111 0.051 
284 HI_SS0596    (0)    6 :  0.134 0.192 0.069 0.063 0.100 0.367 0.075 
285 HI_SS0597    (1)    6 :  0.154 0.108 0.090 0.226 0.111 0.246 0.066 
286 HI_SS0600    (0)    6 :  0.086 0.309 0.128 0.168 0.121 0.059 0.129 
287 HI_SS0601    (1)    6 :  0.197 0.162 0.089 0.145 0.249 0.033 0.127 
288 HI_SS0602    (1)    6 :  0.060 0.067 0.169 0.052 0.374 0.137 0.140 
289 HI_SS0604    (0)    6 :  0.225 0.076 0.118 0.073 0.148 0.162 0.199 
290 HI_SS0605    (1)    6 :  0.094 0.204 0.149 0.065 0.087 0.072 0.327 
291 HI_SS0608    (0)    6 :  0.073 0.086 0.109 0.109 0.256 0.242 0.125 
292 HI_SS0609    (0)    6 :  0.290 0.095 0.086 0.160 0.145 0.163 0.061 
293 HI_SS0611    (5)    6 :  0.071 0.110 0.226 0.058 0.206 0.091 0.238 
294 HI_SS0612    (1)    6 :  0.370 0.255 0.122 0.085 0.053 0.071 0.045 
295 HI_SS0613    (1)    6 :  0.127 0.076 0.113 0.071 0.130 0.118 0.365 
296 HI_SS0615    (0)    6 :  0.080 0.212 0.050 0.159 0.122 0.201 0.177 
297 HI_SS0001    (1)    6 :  0.088 0.154 0.194 0.197 0.067 0.210 0.092 
298 HI_SS0002    (1)    6 :  0.238 0.091 0.056 0.131 0.227 0.185 0.072 
299 HI_SS0004    (0)    6 :  0.068 0.113 0.260 0.092 0.123 0.203 0.142 
300 HI_SS0005    (1)    6 :  0.070 0.079 0.096 0.136 0.169 0.110 0.339 
301 HI_SS0006    (1)    6 :  0.221 0.117 0.216 0.179 0.102 0.084 0.081 
302 HI_SS0007    (1)    6 :  0.066 0.135 0.208 0.056 0.079 0.091 0.365 
303 HI_SS0008    (0)    6 :  0.101 0.095 0.070 0.173 0.360 0.088 0.114 
304 HI_SS0009    (0)    6 :  0.096 0.196 0.064 0.049 0.185 0.201 0.209 
305 HI_SS0010    (1)    6 :  0.105 0.117 0.135 0.104 0.286 0.115 0.138 
306 HI_SS0011    (1)    6 :  0.312 0.038 0.097 0.243 0.078 0.091 0.140 
307 HI_SS0012    (0)    6 :  0.074 0.304 0.036 0.160 0.262 0.068 0.097 
308 HI_SS0017    (1)    6 :  0.105 0.109 0.104 0.181 0.056 0.328 0.118 
309 HI_SS0021    (1)    6 :  0.087 0.069 0.211 0.146 0.289 0.134 0.065 
310 HI_SS0024    (1)    6 :  0.068 0.164 0.081 0.223 0.078 0.171 0.215 
311 HI_SS0025    (1)    6 :  0.155 0.109 0.097 0.078 0.086 0.310 0.166 
312 HI_SS0027    (0)    6 :  0.198 0.131 0.184 0.052 0.169 0.093 0.171 
313 HI_SS0028    (0)    6 :  0.058 0.043 0.037 0.204 0.330 0.182 0.144 
314 HI_SS0029    (1)    6 :  0.058 0.173 0.171 0.146 0.099 0.262 0.091 
315 HI_SS0030    (2)    6 :  0.122 0.210 0.142 0.136 0.097 0.099 0.193 
316 HI_SS0031    (0)    6 :  0.126 0.241 0.061 0.166 0.246 0.104 0.056 
317 HI_SS0034    (0)    6 :  0.214 0.164 0.263 0.076 0.067 0.096 0.120 
318 HI_SS0036    (0)    6 :  0.031 0.095 0.272 0.223 0.133 0.075 0.170 
319 HI_SS0037    (1)    6 :  0.125 0.061 0.293 0.061 0.180 0.120 0.160 
320 HI_SS0039    (0)    6 :  0.074 0.077 0.222 0.131 0.127 0.098 0.270 
321 HI_SS0041    (1)    6 :  0.061 0.104 0.093 0.141 0.103 0.170 0.328 
322 HI_SS0042    (1)    6 :  0.153 0.097 0.073 0.236 0.123 0.198 0.118 
323 HI_SS0043    (1)    6 :  0.065 0.137 0.305 0.197 0.133 0.045 0.118 
324 HI_SS0044    (1)    6 :  0.055 0.199 0.220 0.082 0.077 0.296 0.071 
325 HI_SS0047    (1)    6 :  0.149 0.130 0.082 0.122 0.125 0.193 0.199 
326 HI_SS0049    (0)    6 :  0.173 0.072 0.122 0.091 0.144 0.307 0.091 
327 HI_SS0051    (1)    6 :  0.189 0.110 0.102 0.068 0.137 0.064 0.331 
328 HI_SS0053    (1)    6 :  0.099 0.123 0.265 0.241 0.107 0.064 0.100 
329 HI_SS0054    (4)    6 :  0.236 0.078 0.245 0.103 0.138 0.043 0.157 
330 HI_SS0057    (0)    6 :  0.125 0.061 0.127 0.214 0.077 0.134 0.262 
331 HI_SS0058    (0)    6 :  0.162 0.094 0.264 0.066 0.143 0.170 0.100 
332 HI_SS0060    (0)    6 :  0.128 0.125 0.094 0.185 0.212 0.051 0.206 
333 HI_SS0087    (1)    6 :  0.171 0.106 0.151 0.214 0.161 0.104 0.094 
334 HI_SS0091    (0)    6 :  0.117 0.118 0.293 0.248 0.107 0.052 0.065 
335 HI_SS0095    (1)    6 :  0.130 0.245 0.130 0.163 0.127 0.069 0.136 
336 HI_SS0097    (3)    6 :  0.348 0.211 0.072 0.084 0.154 0.051 0.080 
337 HI_SS0099    (0)    6 :  0.085 0.073 0.113 0.083 0.253 0.306 0.087 
338 HI_SS0103    (0)    6 :  0.108 0.221 0.122 0.181 0.062 0.205 0.101 
339 HI_SS0105    (1)    6 :  0.152 0.104 0.110 0.266 0.149 0.061 0.157 
340 HI_SS0107    (1)    6 :  0.123 0.207 0.056 0.210 0.051 0.251 0.101 
341 HI_SS0108    (1)    6 :  0.117 0.126 0.401 0.094 0.080 0.069 0.113 
342 HI_SS0110    (0)    6 :  0.081 0.200 0.140 0.352 0.080 0.083 0.065 
343 HI_SS0111    (1)    6 :  0.069 0.246 0.101 0.200 0.175 0.087 0.121 
344 HI_SS0112    (0)    6 :  0.075 0.151 0.350 0.113 0.147 0.082 0.082 
345 HI_SS0113    (1)    6 :  0.134 0.074 0.089 0.240 0.074 0.275 0.114 
346 HI_SS0114    (1)    6 :  0.151 0.108 0.194 0.085 0.214 0.068 0.180 
347 HI_SS0115    (1)    6 :  0.109 0.273 0.092 0.035 0.194 0.194 0.103 
348 HI_SS0116    (4)    6 :  0.075 0.183 0.250 0.065 0.137 0.249 0.040 
349 HI_SS0117    (0)    6 :  0.219 0.086 0.186 0.259 0.133 0.068 0.049 
350 HI_SS0118    (0)    6 :  0.182 0.125 0.221 0.143 0.101 0.143 0.085 
351 HI_SS0119    (1)    6 :  0.117 0.179 0.186 0.260 0.085 0.047 0.127 
352 HI_SS0120    (1)    6 :  0.082 0.105 0.062 0.352 0.040 0.282 0.077 
353 HI_SS0121    (1)    6 :  0.142 0.051 0.059 0.344 0.195 0.071 0.138 
354 HI_SS0122    (2)    6 :  0.091 0.141 0.151 0.234 0.093 0.109 0.180 
355 HI_SS0123    (0)    6 :  0.186 0.135 0.151 0.246 0.089 0.114 0.079 
356 HI_SS0124    (1)    6 :  0.084 0.155 0.060 0.091 0.133 0.335 0.142 
357 HI_SS0125    (1)    6 :  0.089 0.207 0.046 0.155 0.194 0.164 0.144 
358 HI_SS0126    (0)    6 :  0.093 0.105 0.320 0.108 0.068 0.221 0.084 
359 HI_SS0127    (0)    6 :  0.172 0.083 0.090 0.072 0.192 0.079 0.312 
360 HI_SS0128    (0)    6 :  0.172 0.177 0.110 0.185 0.093 0.192 0.070 
361 HI_SS0129    (1)    6 :  0.080 0.133 0.237 0.157 0.080 0.128 0.184 
362 HI_SS0131    (2)    6 :  0.185 0.061 0.189 0.068 0.270 0.067 0.160 
363 HI_SS0132    (0)    6 :  0.146 0.128 0.127 0.249 0.146 0.082 0.121 
364 HI_SS0133    (1)    6 :  0.076 0.104 0.408 0.103 0.066 0.103 0.140 
365 HI_SS0134    (1)    6 :  0.189 0.140 0.159 0.139 0.145 0.116 0.112 
366 HI_SS0142    (3)    6 :  0.175 0.204 0.078 0.180 0.187 0.053 0.123 
367 HI_SS0145    (0)    6 :  0.233 0.175 0.180 0.084 0.117 0.129 0.081 
368 HI_SS0146    (1)    6 :  0.202 0.194 0.173 0.057 0.138 0.087 0.149 
369 HI_SS0147    (1)    6 :  0.176 0.084 0.096 0.122 0.065 0.092 0.366 
370 HI_SS0149    (1)    6 :  0.140 0.055 0.161 0.442 0.057 0.065 0.079 
371 HI_SS0150    (2)    6 :  0.127 0.133 0.063 0.146 0.143 0.183 0.204 
372 HI_SS0151    (0)    6 :  0.093 0.339 0.112 0.052 0.086 0.135 0.183 
373 NS_SS1451    (1)    6 :  0.075 0.214 0.056 0.147 0.072 0.211 0.225 
374 NS_SS1404    (0)    6 :  0.092 0.087 0.118 0.123 0.094 0.158 0.328 
375 NS_SS1432    (2)    6 :  0.051 0.103 0.059 0.294 0.141 0.259 0.094 
376 NS_SS1405    (4)    6 :  0.104 0.130 0.165 0.075 0.134 0.312 0.080 
377 NS_SS1431   (10)    6 :  0.106 0.075 0.086 0.327 0.069 0.231 0.106 
378 NS_SS1402    (3)    6 :  0.121 0.246 0.109 0.192 0.136 0.106 0.091 
379 NS_SS1450    (3)    6 :  0.071 0.151 0.253 0.113 0.048 0.167 0.196 
380 NS_SS1396    (0)    6 :  0.131 0.139 0.121 0.141 0.177 0.128 0.164 
381 NS_SS1393    (5)    6 :  0.072 0.271 0.118 0.073 0.238 0.114 0.115 
382 NS_SS1392   (10)    6 :  0.053 0.225 0.089 0.096 0.104 0.247 0.186 
383 NS_SS1445    (0)    6 :  0.170 0.058 0.208 0.146 0.238 0.062 0.117 
384 NS_SS1423    (0)    6 :  0.084 0.209 0.141 0.244 0.141 0.130 0.052 
385 NS_SS1421    (9)    6 :  0.139 0.156 0.161 0.223 0.082 0.097 0.141 
386 NS_SS1411    (6)    6 :  0.075 0.076 0.257 0.057 0.140 0.105 0.291 
387 NS_SS1453    (5)    6 :  0.069 0.159 0.203 0.277 0.116 0.064 0.112 
388 NS_SS1442    (2)    6 :  0.244 0.131 0.120 0.073 0.206 0.140 0.085 
389 NS_SS1422    (1)    6 :  0.241 0.326 0.078 0.120 0.065 0.091 0.080 
390 NS_SS1419    (1)    6 :  0.354 0.069 0.100 0.092 0.093 0.100 0.193 
391 NS_SS1427    (0)    6 :  0.051 0.271 0.289 0.123 0.064 0.130 0.071 
392 NS_SS1444    (3)    6 :  0.172 0.077 0.070 0.056 0.295 0.181 0.148 
393 NS_SS1455    (0)    6 :  0.232 0.110 0.072 0.129 0.112 0.288 0.057 
394 NS_SS1425    (2)    6 :  0.149 0.101 0.308 0.084 0.191 0.055 0.112 
395 NS_SS1400    (0)    6 :  0.210 0.056 0.298 0.072 0.124 0.134 0.106 
396 NS_SS1406    (1)    6 :  0.302 0.089 0.048 0.255 0.111 0.131 0.064 
397 NS_SS1417    (6)    6 :  0.180 0.072 0.197 0.164 0.081 0.169 0.136 
398 NS_SS1454    (2)    6 :  0.090 0.042 0.241 0.290 0.094 0.109 0.133 
399 NS_SS1412    (1)    6 :  0.099 0.105 0.208 0.123 0.091 0.182 0.192 
400 NS_SS1438    (1)    6 :  0.170 0.130 0.237 0.069 0.187 0.043 0.163 
401 NS_SS1416    (4)    6 :  0.140 0.131 0.156 0.162 0.114 0.152 0.145 
402 NS_SS1401    (0)    6 :  0.131 0.161 0.129 0.241 0.169 0.089 0.080 
403 NS_SS1424    (6)    6 :  0.102 0.142 0.164 0.241 0.115 0.071 0.165 
404 NS_SS1435    (9)    6 :  0.047 0.107 0.097 0.120 0.309 0.205 0.116 
405 NS_SS1447    (4)    6 :  0.217 0.073 0.090 0.122 0.120 0.151 0.228 
406 NS_SS1414    (3)    6 :  0.209 0.045 0.086 0.089 0.125 0.236 0.209 
407 NS_SS1449   (14)    6 :  0.071 0.369 0.076 0.245 0.052 0.062 0.125 
408 NS_SS1443    (4)    6 :  0.172 0.246 0.205 0.093 0.119 0.101 0.064 
409 NS_SS1434    (1)    6 :  0.109 0.277 0.147 0.076 0.065 0.261 0.065 
410 NS_SS1398    (1)    6 :  0.090 0.108 0.126 0.143 0.136 0.280 0.117 
411 NS_SS1426    (1)    6 :  0.086 0.146 0.250 0.104 0.237 0.084 0.093 
412 NS_SS1413    (0)    6 :  0.158 0.065 0.277 0.103 0.078 0.233 0.086 
413 NS_SS1395    (1)    6 :  0.086 0.203 0.154 0.137 0.284 0.069 0.067 
414 NS_SS1448   (10)    6 :  0.070 0.078 0.198 0.120 0.072 0.148 0.313 
415 NS_SS1446    (0)    6 :  0.114 0.203 0.185 0.169 0.115 0.076 0.139 
416 NS_SS1403    (2)    6 :  0.063 0.123 0.068 0.284 0.254 0.122 0.086 
417 NS_SS1415    (0)    6 :  0.115 0.120 0.224 0.092 0.175 0.127 0.147 
418 NS_SS1437    (4)    6 :  0.123 0.071 0.101 0.273 0.202 0.112 0.118 
419 NS_SS1439    (2)    6 :  0.205 0.203 0.099 0.109 0.200 0.095 0.089 
420 NS_SS1441    (3)    6 :  0.160 0.139 0.195 0.091 0.172 0.185 0.058 
421 NS_SS1420    (2)    6 :  0.066 0.128 0.064 0.056 0.077 0.101 0.508 
422 NS_SS1394    (2)    6 :  0.060 0.075 0.066 0.126 0.298 0.181 0.194 
423 NS_SS1391    (7)    6 :  0.061 0.143 0.220 0.117 0.125 0.275 0.060 
424 NS_SS1410    (5)    6 :  0.111 0.175 0.165 0.204 0.132 0.114 0.098 
425 NS_SS1408    (1)    6 :  0.146 0.149 0.083 0.237 0.151 0.077 0.156 
426 NS_SS1409    (1)    6 :  0.112 0.192 0.195 0.104 0.086 0.253 0.058 
427 HI_SS0617    (1)    7 :  0.070 0.300 0.201 0.085 0.053 0.147 0.144 
428 HI_SS0618    (2)    7 :  0.114 0.224 0.068 0.082 0.195 0.193 0.124 
429 HI_SS0619    (0)    7 :  0.086 0.089 0.174 0.096 0.158 0.282 0.115 
430 HI_SS0620    (1)    7 :  0.060 0.228 0.261 0.039 0.077 0.053 0.281 
431 HI_SS0621    (3)    7 :  0.147 0.209 0.083 0.160 0.142 0.124 0.136 
432 HI_SS0622    (1)    7 :  0.250 0.089 0.161 0.105 0.078 0.126 0.191 
433 HI_SS0626    (0)    7 :  0.067 0.055 0.103 0.126 0.271 0.093 0.284 
434 HI_SS0627    (0)    7 :  0.082 0.096 0.074 0.328 0.182 0.155 0.084 
435 HI_SS0628    (3)    7 :  0.073 0.065 0.245 0.202 0.169 0.131 0.115 
436 HI_SS0629    (1)    7 :  0.125 0.130 0.123 0.137 0.301 0.084 0.101 
437 HI_SS0630    (1)    7 :  0.104 0.147 0.166 0.063 0.183 0.136 0.200 
438 HI_SS0631    (0)    7 :  0.091 0.191 0.158 0.099 0.174 0.077 0.209 
439 HI_SS0632    (0)    7 :  0.197 0.073 0.135 0.139 0.121 0.090 0.246 
440 HI_SS0633    (0)    7 :  0.125 0.185 0.142 0.058 0.087 0.339 0.064 
441 HI_SS0634    (1)    7 :  0.096 0.099 0.155 0.242 0.109 0.087 0.213 
442 HI_SS0635    (0)    7 :  0.168 0.066 0.063 0.100 0.281 0.189 0.132 
443 HI_SS0637    (1)    7 :  0.224 0.090 0.134 0.144 0.130 0.049 0.230 
444 HI_SS0638    (0)    7 :  0.123 0.105 0.174 0.140 0.102 0.209 0.147 
445 HI_SS0639    (1)    7 :  0.135 0.169 0.052 0.108 0.204 0.128 0.204 
446 HI_SS0640    (1)    7 :  0.236 0.094 0.085 0.067 0.281 0.146 0.091 
447 HI_SS0641    (1)    7 :  0.083 0.069 0.198 0.056 0.282 0.103 0.209 
448 HI_SS0642    (0)    7 :  0.075 0.136 0.063 0.409 0.124 0.095 0.099 
449 HI_SS0645    (0)    7 :  0.114 0.112 0.061 0.064 0.092 0.250 0.306 
450 HI_SS0646    (1)    7 :  0.149 0.247 0.118 0.137 0.084 0.182 0.083 
451 HI_SS0647    (1)    7 :  0.127 0.056 0.136 0.227 0.079 0.247 0.129 
452 HI_SS0648    (0)    7 :  0.157 0.112 0.148 0.105 0.162 0.178 0.138 
453 HI_SS0649    (1)    7 :  0.140 0.211 0.099 0.081 0.224 0.167 0.077 
454 HI_SS0650    (1)    7 :  0.070 0.249 0.069 0.127 0.100 0.278 0.107 
455 HI_SS0651    (1)    7 :  0.118 0.203 0.086 0.077 0.261 0.163 0.092 
456 HI_SS0652    (1)    7 :  0.086 0.067 0.073 0.072 0.100 0.193 0.408 
457 NS_SS1371    (3)    7 :  0.075 0.323 0.101 0.159 0.198 0.091 0.052 
458 NS_SS1374    (0)    7 :  0.059 0.072 0.260 0.235 0.105 0.092 0.178 
459 NS_SS1337    (3)    7 :  0.085 0.080 0.070 0.274 0.048 0.097 0.346 
460 NS_SS1385    (5)    7 :  0.153 0.195 0.099 0.124 0.140 0.197 0.091 
461 NS_SS1388    (0)    7 :  0.088 0.073 0.148 0.103 0.240 0.277 0.071 
462 NS_SS1370    (1)    7 :  0.083 0.146 0.049 0.086 0.072 0.039 0.526 
463 NS_SS1389    (3)    7 :  0.072 0.065 0.107 0.119 0.200 0.305 0.133 
464 NS_SS1360    (1)    7 :  0.131 0.095 0.132 0.080 0.341 0.080 0.140 
465 NS_SS1330    (0)    7 :  0.150 0.163 0.068 0.079 0.155 0.187 0.199 
466 NS_SS1328    (8)    7 :  0.108 0.139 0.255 0.155 0.059 0.220 0.063 
467 NS_SS1384    (1)    7 :  0.145 0.137 0.080 0.157 0.307 0.055 0.119 
468 NS_SS1381    (0)    7 :  0.146 0.243 0.052 0.091 0.058 0.317 0.093 
469 NS_SS1375    (1)    7 :  0.049 0.152 0.102 0.112 0.136 0.323 0.126 
470 NS_SS1319   (10)    7 :  0.085 0.202 0.109 0.207 0.141 0.110 0.146 
471 NS_SS1326    (2)    7 :  0.078 0.109 0.333 0.093 0.113 0.210 0.063 
472 NS_SS1341    (1)    7 :  0.139 0.112 0.179 0.269 0.167 0.052 0.081 
473 NS_SS1383    (1)    7 :  0.084 0.131 0.083 0.332 0.167 0.044 0.157 
474 NS_SS1318    (3)    7 :  0.148 0.167 0.106 0.071 0.138 0.159 0.210 
475 NS_SS1348    (2)    7 :  0.122 0.133 0.190 0.122 0.264 0.051 0.118 
476 NS_SS1363    (0)    7 :  0.194 0.131 0.098 0.144 0.093 0.135 0.205 
477 NS_SS1335    (4)    7 :  0.225 0.111 0.144 0.116 0.212 0.055 0.138 
478 NS_SS1358    (0)    7 :  0.247 0.154 0.143 0.203 0.076 0.059 0.118 
479 NS_SS1342    (1)    7 :  0.179 0.144 0.171 0.285 0.093 0.070 0.057 
480 NS_SS1320    (2)    7 :  0.205 0.141 0.040 0.085 0.050 0.423 0.055 
481 NS_SS1355    (1)    7 :  0.331 0.110 0.070 0.092 0.124 0.144 0.130 
482 NS_SS1345    (1)    7 :  0.496 0.105 0.054 0.073 0.073 0.084 0.114 
483 NS_SS1324    (0)    7 :  0.116 0.184 0.149 0.090 0.290 0.082 0.089 
484 NS_SS1347    (5)    7 :  0.119 0.318 0.084 0.125 0.156 0.087 0.111 
485 NS_SS1321    (4)    7 :  0.058 0.119 0.221 0.261 0.095 0.073 0.172 
486 NS_SS1333    (0)    7 :  0.035 0.105 0.198 0.249 0.232 0.103 0.077 
487 NS_SS1364    (1)    7 :  0.298 0.047 0.184 0.116 0.211 0.082 0.062 
488 NS_SS1379    (0)    7 :  0.142 0.197 0.117 0.123 0.112 0.186 0.122 
489 NS_SS1332    (0)    7 :  0.087 0.071 0.284 0.108 0.250 0.143 0.056 
490 NS_SS1338    (5)    7 :  0.067 0.153 0.132 0.089 0.329 0.068 0.161 
491 NS_SS1368    (6)    7 :  0.275 0.046 0.240 0.161 0.092 0.122 0.063 
492 NS_SS1354    (1)    7 :  0.212 0.106 0.110 0.157 0.157 0.148 0.111 
493 NS_SS1365    (0)    7 :  0.171 0.107 0.101 0.158 0.090 0.176 0.197 
494 NS_SS1380    (1)    7 :  0.258 0.072 0.084 0.132 0.107 0.157 0.190 
495 NS_SS1329    (8)    7 :  0.181 0.086 0.204 0.300 0.084 0.093 0.052 
496 NS_SS1362    (0)    7 :  0.125 0.144 0.093 0.166 0.265 0.133 0.073 
497 NS_SS1327    (2)    7 :  0.043 0.110 0.365 0.097 0.221 0.079 0.085 
498 NS_SS1350    (0)    7 :  0.049 0.341 0.142 0.097 0.089 0.194 0.089 
499 NS_SS1387    (2)    7 :  0.100 0.113 0.081 0.074 0.324 0.137 0.170 
500 NS_SS1369    (8)    7 :  0.280 0.083 0.233 0.113 0.040 0.063 0.190 
501 NS_SS1331    (1)    7 :  0.066 0.061 0.198 0.203 0.081 0.176 0.215 
502 NS_SS1357    (4)    7 :  0.088 0.267 0.164 0.159 0.055 0.219 0.049 
503 NS_SS1386    (1)    7 :  0.147 0.058 0.353 0.262 0.075 0.051 0.055 
504 NS_SS1353    (2)    7 :  0.092 0.095 0.145 0.196 0.090 0.300 0.083 
505 NS_SS1323    (0)    7 :  0.219 0.079 0.069 0.269 0.106 0.154 0.104 
506 HI_SS0296    (0)    8 :  0.121 0.195 0.212 0.053 0.072 0.079 0.269 
507 HI_SS0297    (0)    8 :  0.060 0.200 0.065 0.339 0.094 0.161 0.081 
508 HI_SS0299    (0)    8 :  0.196 0.136 0.118 0.143 0.124 0.084 0.200 
509 HI_SS0300    (0)    8 :  0.258 0.120 0.134 0.075 0.084 0.103 0.227 
510 HI_SS0301    (0)    8 :  0.129 0.038 0.074 0.145 0.297 0.057 0.260 
511 HI_SS0302    (0)    8 :  0.137 0.100 0.164 0.060 0.214 0.068 0.257 
512 HI_SS0303    (0)    8 :  0.108 0.082 0.297 0.073 0.133 0.238 0.068 
513 HI_SS0304    (0)    8 :  0.061 0.049 0.202 0.151 0.080 0.283 0.174 
514 HI_SS0306    (5)    8 :  0.102 0.062 0.289 0.097 0.085 0.095 0.270 
515 HI_SS0307    (1)    8 :  0.200 0.115 0.081 0.121 0.138 0.174 0.172 
516 HI_SS0308    (1)    8 :  0.142 0.202 0.058 0.094 0.365 0.067 0.072 
