   NS_SS0963  1 0.1723 0.2100 0.1542 0.4635 
   NS_SS0983  1 0.1065 0.2546 0.4588 0.1801 
   NS_SS0719  1 0.2004 0.2730 0.2518 0.2748 
   NS_SS1001  1 0.4150 0.3092 0.1318 0.1440 
   NS_SS0936  1 0.3617 0.1127 0.1494 0.3762 
   NS_SS0955  1 0.1093 0.2383 0.3044 0.3480 
   NS_SS0944  1 0.2108 0.2331 0.2456 0.3105 
   NS_SS0945  1 0.3812 0.1984 0.2699 0.1505 
   NS_SS0922  1 0.4391 0.2195 0.1322 0.2092 
   NS_SS0929  1 0.1639 0.2035 0.3251 0.3074 
   NS_SS0956  1 0.2547 0.4829 0.1146 0.1478 
   NS_SS0906  1 0.1564 0.2219 0.2631 0.3586 
   NS_SS0721  1 0.1473 0.5195 0.1777 0.1555 
   NS_SS0982  1 0.1838 0.2502 0.1483 0.4177 
   NS_SS0923  1 0.2734 0.2669 0.1861 0.2736 
   NS_SS0905  1 0.2134 0.3604 0.2252 0.2010 
   NS_SS0925  1 0.2521 0.2787 0.1115 0.3577 
   NS_SS0947  1 0.3210 0.1664 0.1707 0.3419 
   NS_SS0926  1 0.1160 0.1782 0.4294 0.2765 
   NS_SS0918  1 0.1585 0.3586 0.1003 0.3825 
   NS_SS0966  1 0.2134 0.2199 0.1629 0.4038 
   NS_SS0938  1 0.4284 0.1451 0.1532 0.2733 
   NS_SS0917  1 0.2524 0.1760 0.3885 0.1830 
   NS_SS0957  1 0.1740 0.4103 0.1976 0.2182 
   NS_SS0987  1 0.1130 0.5706 0.1703 0.1462 
   NS_SS0717  1 0.3563 0.3472 0.1275 0.1690 
   NS_SS0986  1 0.1482 0.3823 0.2557 0.2138 
   NS_SS0953  1 0.2907 0.2952 0.1288 0.2853 
   NS_SS0907  1 0.1496 0.1761 0.2047 0.4696 
   NS_SS0974  1 0.2867 0.1282 0.2416 0.3436 
   NS_SS0989  1 0.2134 0.1223 0.4798 0.1845 
   NS_SS0991  1 0.0751 0.4122 0.2410 0.2716 
   NS_SS0994  1 0.2225 0.0989 0.5648 0.1139 
   NS_SS0931  1 0.1053 0.3149 0.3526 0.2272 
   NS_SS1000  1 0.4091 0.1497 0.1428 0.2984 
   NS_SS0919  1 0.1135 0.1460 0.2506 0.4899 
   NS_SS0949  1 0.1968 0.1847 0.4036 0.2148 
   NS_SS0960  1 0.1114 0.2811 0.2901 0.3175 
   NS_SS0716  1 0.3349 0.4636 0.1157 0.0858 
   NS_SS0924  1 0.1196 0.2245 0.2678 0.3881 
   NS_SS0935  1 0.1267 0.3402 0.3803 0.1529 
   NS_SS0952  1 0.1278 0.1755 0.3475 0.3492 
   NS_SS0962  1 0.3105 0.2639 0.1406 0.2850 
   NS_SS0973  1 0.1710 0.1825 0.1823 0.4642 
   NS_SS0722  1 0.5693 0.1400 0.1082 0.1825 
   NS_SS0979  1 0.1902 0.3859 0.1307 0.2933 
   NS_SS0993  1 0.3023 0.2529 0.1139 0.3309 
   NS_SS0958  1 0.2195 0.2195 0.3591 0.2019 
   NS_SS0988  1 0.1215 0.2208 0.2508 0.4069 
   NS_SS1003  1 0.1254 0.3681 0.0930 0.4135 
   NS_SS0976  1 0.1483 0.1950 0.3409 0.3158 
   NS_SS0964  1 0.4268 0.2944 0.1131 0.1658 
   NS_SS0939  1 0.4303 0.3981 0.0968 0.0748 
   NS_SS0990  1 0.3011 0.2449 0.3098 0.1441 
   NS_SS0984  1 0.4835 0.2248 0.1099 0.1818 
   NS_SS0980  1 0.3419 0.1125 0.1522 0.3934 
   NS_SS0978  1 0.3678 0.1330 0.1789 0.3202 
   NS_SS0951  1 0.1048 0.4794 0.2472 0.1686 
   NS_SS0913  1 0.3008 0.4002 0.1561 0.1429 
   NS_SS1002  1 0.1781 0.1030 0.1114 0.6076 
   NS_SS0948  1 0.1602 0.2905 0.2454 0.3039 
   NS_SS0916  1 0.3503 0.1793 0.3118 0.1585 
   NS_SS0995  1 0.3210 0.2980 0.1982 0.1828 
   NS_SS0927  1 0.2917 0.1482 0.3701 0.1900 
   NS_SS0992  1 0.3528 0.0862 0.2727 0.2883 
   NS_SS0912  1 0.1197 0.4519 0.2388 0.1897 
   NS_SS0981  1 0.1328 0.3431 0.1322 0.3918 
   NS_SS0729  2 0.1984 0.0763 0.4693 0.2560 
   NS_SS0967  2 0.1771 0.1460 0.1403 0.5366 
   NS_SS0941  2 0.4329 0.2077 0.1910 0.1685 
   NS_SS0768  2 0.1822 0.3540 0.1670 0.2968 
   NS_SS0726  2 0.2735 0.0873 0.3434 0.2958 
   NS_SS0763  2 0.2499 0.1454 0.3705 0.2342 
   NS_SS0730  2 0.3369 0.3023 0.1526 0.2083 
   NS_SS0774  2 0.4563 0.1480 0.1191 0.2765 
   NS_SS0723  2 0.2781 0.2209 0.0928 0.4082 
   NS_SS0940  2 0.3251 0.2512 0.3004 0.1233 
   NS_SS0762  2 0.5328 0.2318 0.0858 0.1495 
   NS_SS0766  2 0.4071 0.2683 0.2385 0.0862 
   NS_SS0724  2 0.2182 0.3650 0.1298 0.2870 
   NS_SS0769  2 0.2304 0.2520 0.2187 0.2989 
   NS_SS0777  2 0.1339 0.3555 0.3066 0.2040 
   NS_SS0734  2 0.2552 0.3624 0.2601 0.1222 
   NS_SS0737  2 0.6276 0.1501 0.1025 0.1198 
   NS_SS0732  2 0.1404 0.5257 0.1172 0.2168 
   NS_SS0728  2 0.3925 0.2522 0.2106 0.1447 
   NS_SS0735  2 0.3907 0.2895 0.1518 0.1680 
   NS_SS0725  2 0.4622 0.1945 0.1446 0.1986 
   NS_SS0788  2 0.2021 0.1961 0.2136 0.3882 
   NS_SS0778  2 0.1428 0.2752 0.3058 0.2761 
   NS_SS0792  2 0.1768 0.3355 0.2904 0.1973 
   NS_SS0943  2 0.1002 0.2196 0.3217 0.3585 
   NS_SS0791  2 0.2577 0.3320 0.3257 0.0847 
   NS_SS0790  2 0.2233 0.4041 0.0632 0.3094 
   NS_SS0731  2 0.2255 0.4815 0.1439 0.1491 
   NS_SS0727  2 0.4358 0.1018 0.3670 0.0954 
   NS_SS0779  2 0.2311 0.3327 0.2168 0.2193 
   NS_SS0776  2 0.4060 0.2236 0.1999 0.1706 
   NS_SS0775  2 0.5082 0.2471 0.1221 0.1225 
   NS_SS0965  3 0.1268 0.3993 0.1453 0.3286 
   NS_SS0754  3 0.1487 0.3198 0.3495 0.1820 
   NS_SS0838  3 0.2914 0.1850 0.2515 0.2721 
   NS_SS0839  3 0.4000 0.2470 0.1088 0.2442 
   NS_SS0832  3 0.2182 0.3085 0.0685 0.4049 
   NS_SS0820  3 0.1885 0.3477 0.0979 0.3658 
   NS_SS0886  3 0.1752 0.3160 0.3208 0.1881 
   NS_SS0748  3 0.1431 0.2699 0.2726 0.3144 
   NS_SS0884  3 0.2437 0.2031 0.2440 0.3091 
   NS_SS0752  3 0.3595 0.1624 0.1885 0.2895 
   NS_SS0862  3 0.1530 0.5257 0.1036 0.2177 
   NS_SS0787  3 0.1044 0.1540 0.5648 0.1767 
   NS_SS0843  3 0.2246 0.2675 0.2158 0.2921 
   NS_SS0856  3 0.4280 0.1697 0.2436 0.1587 
   NS_SS0846  3 0.2017 0.0923 0.2380 0.4679 
   NS_SS0825  3 0.1521 0.2650 0.2354 0.3476 
   NS_SS0757  3 0.1586 0.3479 0.2589 0.2346 
   NS_SS0876  3 0.3310 0.2469 0.1866 0.2355 
   NS_SS0903  3 0.3194 0.1341 0.1111 0.4354 
   NS_SS0875  3 0.2592 0.3674 0.2105 0.1629 
   NS_SS0740  3 0.2652 0.2611 0.2009 0.2728 
   NS_SS0811  3 0.1796 0.5615 0.0971 0.1618 
   NS_SS0751  3 0.3801 0.2496 0.1908 0.1794 
   NS_SS0891  3 0.3545 0.2133 0.2093 0.2229 
   NS_SS0867  3 0.0839 0.2102 0.2259 0.4799 
   NS_SS0890  3 0.2618 0.2402 0.2213 0.2766 
   NS_SS0866  3 0.1708 0.1411 0.5550 0.1331 
   NS_SS0755  3 0.1816 0.2776 0.1895 0.3513 
   NS_SS0758  3 0.3416 0.2102 0.2335 0.2147 
   NS_SS0840  3 0.2489 0.2303 0.0878 0.4330 
   NS_SS0889  3 0.1170 0.3257 0.3937 0.1635 
   NS_SS1010  3 0.1636 0.1852 0.1866 0.4645 
   NS_SS0888  3 0.2319 0.1568 0.4916 0.1197 
   NS_SS0837  3 0.1287 0.3924 0.1020 0.3768 
   NS_SS0794  3 0.3101 0.1908 0.3869 0.1122 
   NS_SS0823  3 0.3614 0.1713 0.1149 0.3523 
   NS_SS0829  3 0.0791 0.3450 0.4097 0.1662 
   NS_SS0844  3 0.1098 0.1523 0.0824 0.6555 
   NS_SS1008  3 0.3537 0.1735 0.3423 0.1305 
   NS_SS0881  3 0.2166 0.2579 0.2819 0.2436 
   NS_SS0834  3 0.5454 0.1400 0.1242 0.1904 
   NS_SS0744  3 0.2044 0.2187 0.2427 0.3342 
   NS_SS0899  3 0.1918 0.5317 0.0911 0.1853 
   NS_SS0804  3 0.2288 0.3735 0.0798 0.3179 
   NS_SS0781  3 0.2659 0.2433 0.0965 0.3944 
   NS_SS0822  3 0.3219 0.2141 0.2429 0.2211 
   NS_SS1004  3 0.1745 0.2159 0.1563 0.4533 
   NS_SS0746  3 0.2291 0.1613 0.2132 0.3965 
   NS_SS0880  3 0.2740 0.1872 0.1489 0.3899 
   NS_SS0879  3 0.3557 0.2217 0.1638 0.2587 
   NS_SS0753  3 0.1033 0.3681 0.2953 0.2334 
   NS_SS1007  3 0.4891 0.1207 0.2184 0.1717 
   NS_SS0872  3 0.3098 0.2104 0.1495 0.3303 
   NS_SS1005  3 0.2527 0.1572 0.1266 0.4635 
   NS_SS0892  3 0.2661 0.2810 0.2368 0.2162 
   NS_SS0898  3 0.1831 0.3006 0.2848 0.2315 
   NS_SS0801  3 0.1444 0.4305 0.1842 0.2410 
   NS_SS0827  3 0.0949 0.4656 0.2406 0.1989 
   NS_SS0853  3 0.1234 0.4708 0.2551 0.1507 
   NS_SS0780  3 0.2820 0.3455 0.1465 0.2260 
   NS_SS0826  3 0.0960 0.1704 0.1835 0.5501 
   NS_SS0818  3 0.3432 0.3208 0.0892 0.2468 
   NS_SS0745  3 0.5064 0.3460 0.0785 0.0690 
   NS_SS0849  3 0.1004 0.5650 0.1333 0.2014 
   NS_SS0739  3 0.2554 0.3441 0.2407 0.1598 
   NS_SS0799  3 0.2750 0.2449 0.3245 0.1555 
   NS_SS0756  3 0.1436 0.2625 0.0908 0.5031 
   NS_SS0802  3 0.2687 0.1338 0.3064 0.2911 
   NS_SS0747  3 0.2064 0.1757 0.2091 0.4088 
   NS_SS0835  3 0.1538 0.1150 0.5065 0.2247 
   NS_SS0742  3 0.2349 0.2872 0.1806 0.2973 
   NS_SS0760  3 0.1858 0.1788 0.4510 0.1843 
   NS_SS0803  3 0.2524 0.1491 0.1089 0.4895 
   NS_SS0828  3 0.1784 0.4434 0.2057 0.1725 
   NS_SS0865  3 0.1056 0.2993 0.2268 0.3683 
   NS_SS0759  3 0.3578 0.3447 0.1002 0.1972 
   NS_SS0851  3 0.1905 0.5480 0.1024 0.1590 
   NS_SS0874  3 0.2235 0.2084 0.1246 0.4436 
   NS_SS0761  3 0.0953 0.2877 0.3898 0.2271 
   NS_SS0842  3 0.2414 0.2272 0.3067 0.2248 
   NS_SS0785  3 0.1790 0.2096 0.3096 0.3018 
   NS_SS0860  3 0.1392 0.1234 0.5044 0.2330 
   NS_SS0897  3 0.1332 0.2274 0.5209 0.1185 
   NS_SS0841  3 0.2843 0.4276 0.0985 0.1896 
   NS_SS0797  3 0.1040 0.3514 0.3026 0.2420 
   NS_SS0830  3 0.1560 0.3374 0.2138 0.2928 
   NS_SS1011  3 0.1626 0.1958 0.1093 0.5323 
   NS_SS0883  3 0.1330 0.4107 0.2770 0.1793 
   NS_SS0782  3 0.4162 0.1620 0.2799 0.1419 
   NS_SS0831  3 0.0994 0.3772 0.4030 0.1204 
   NS_SS0749  3 0.2446 0.3694 0.2515 0.1345 
   NS_SS0854  3 0.3757 0.1726 0.2696 0.1821 
   HI_SS0193  4 0.2876 0.2451 0.3376 0.1297 
   HI_SS0194  4 0.5224 0.1346 0.1398 0.2033 
   HI_SS0195  4 0.2473 0.4684 0.0912 0.1931 
   HI_SS0196  4 0.4265 0.1665 0.2633 0.1437 
   HI_SS0197  4 0.2684 0.1187 0.1923 0.4206 
   HI_SS0198  4 0.1572 0.3656 0.2882 0.1890 
   HI_SS0199  4 0.3500 0.1134 0.3789 0.1577 
   HI_SS0201  4 0.0684 0.2077 0.4328 0.2911 
   HI_SS0215  4 0.0835 0.2104 0.4432 0.2629 
   HI_SS0218  4 0.1850 0.1948 0.5322 0.0880 
   HI_SS0222  4 0.3072 0.3041 0.2398 0.1489 
   HI_SS0230  4 0.1403 0.3183 0.1765 0.3648 
   HI_SS0234  4 0.3782 0.0828 0.2427 0.2963 
   HI_SS0240  4 0.4931 0.1734 0.2051 0.1284 
   HI_SS0241  4 0.1549 0.1857 0.3998 0.2596 
   HI_SS0242  4 0.2017 0.2530 0.2613 0.2840 
   HI_SS0247  4 0.1404 0.2780 0.1571 0.4246 
   HI_SS0248  4 0.3404 0.1206 0.4072 0.1319 
   HI_SS0252  4 0.3931 0.2878 0.1465 0.1727 
   HI_SS0254  4 0.1779 0.1710 0.2843 0.3668 
   HI_SS0256  4 0.2884 0.1914 0.0489 0.4712 
   HI_SS0257  4 0.1735 0.0852 0.4039 0.3373 
   HI_SS0258  4 0.1793 0.2600 0.3881 0.1726 
   HI_SS0259  4 0.4053 0.1946 0.1658 0.2343 
   HI_SS0260  4 0.2778 0.1334 0.4228 0.1660 
   HI_SS0261  4 0.2629 0.1227 0.2711 0.3432 
   HI_SS0262  4 0.2175 0.3493 0.1954 0.2378 
   HI_SS0264  4 0.2219 0.3521 0.1596 0.2663 
   HI_SS0265  4 0.1821 0.3178 0.1709 0.3293 
   HI_SS0268  4 0.2416 0.3220 0.2859 0.1505 
   HI_SS0269  4 0.1266 0.0730 0.5416 0.2588 
   HI_SS0273  4 0.1212 0.1447 0.3298 0.4043 
   HI_SS0277  4 0.1211 0.1994 0.1488 0.5307 
   HI_SS0280  4 0.2567 0.4176 0.1990 0.1268 
   HI_SS0282  4 0.1668 0.2459 0.2827 0.3046 
   HI_SS0286  4 0.1427 0.3815 0.2760 0.1998 
   NS_SS1252  5 0.1349 0.1787 0.5569 0.1295 
   NS_SS1261  5 0.1888 0.2565 0.2606 0.2940 
   NS_SS1225  5 0.1004 0.1620 0.2785 0.4591 
   NS_SS1266  5 0.1831 0.1892 0.0806 0.5472 
   NS_SS1228  5 0.1687 0.5252 0.1599 0.1462 
   NS_SS1255  5 0.5613 0.1075 0.1850 0.1461 
   NS_SS1267  5 0.1127 0.1731 0.6261 0.0882 
   NS_SS1238  5 0.2205 0.3474 0.2379 0.1942 
   NS_SS1233  5 0.1528 0.3280 0.1058 0.4134 
   NS_SS1277  5 0.3383 0.1729 0.4047 0.0841 
   NS_SS1245  5 0.2682 0.1611 0.2683 0.3024 
   NS_SS1240  5 0.1339 0.1132 0.6270 0.1260 
   NS_SS1275  5 0.2517 0.2554 0.0929 0.4000 
   NS_SS1235  5 0.4071 0.0758 0.1695 0.3477 
   NS_SS1263  5 0.3743 0.2383 0.1135 0.2739 
   NS_SS1251  5 0.2397 0.1917 0.1420 0.4266 
   NS_SS1248  5 0.0901 0.6564 0.1515 0.1020 
   NS_SS1244  5 0.1302 0.1761 0.2017 0.4919 
   NS_SS1257  5 0.2336 0.2159 0.4121 0.1384 
   NS_SS1242  5 0.4010 0.2151 0.1250 0.2590 
   NS_SS1271  5 0.1293 0.1582 0.5734 0.1391 
   NS_SS1265  5 0.1574 0.1978 0.4248 0.2200 
   NS_SS1243  5 0.3062 0.4453 0.1522 0.0962 
   NS_SS1273  5 0.4249 0.2371 0.1111 0.2269 
   NS_SS1254  5 0.2347 0.2668 0.1389 0.3595 
   NS_SS1224  5 0.2010 0.3600 0.1183 0.3207 
   NS_SS1227  5 0.2483 0.1234 0.4090 0.2193 
   NS_SS1274  5 0.2314 0.2556 0.3327 0.1803 
   NS_SS1241  5 0.1490 0.1709 0.2988 0.3813 
   NS_SS1256  5 0.1646 0.1074 0.2512 0.4768 
   NS_SS1260  5 0.1906 0.1396 0.4432 0.2266 
   NS_SS1262  5 0.1003 0.2523 0.2810 0.3664 
   NS_SS1230  5 0.2215 0.2282 0.2874 0.2628 
   NS_SS1270  5 0.0977 0.4275 0.1154 0.3594 
   NS_SS1229  5 0.4645 0.0689 0.1427 0.3239 
   NS_SS1246  5 0.2753 0.1205 0.3980 0.2062 
   NS_SS1269  5 0.2914 0.2820 0.1909 0.2357 
   NS_SS1239  5 0.3584 0.3416 0.1511 0.1489 
   NS_SS1272  5 0.1411 0.1466 0.1861 0.5262 
   NS_SS1268  5 0.1367 0.5179 0.1136 0.2318 
   NS_SS1249  5 0.2339 0.0972 0.5375 0.1314 
   HI_SS0559  6 0.2670 0.3153 0.2337 0.1839 
   HI_SS0563  6 0.1826 0.2479 0.2272 0.3423 
   HI_SS0564  6 0.2516 0.3077 0.1740 0.2667 
   HI_SS0565  6 0.1539 0.1593 0.2941 0.3928 
   HI_SS0569  6 0.0661 0.2666 0.3325 0.3349 
   HI_SS0570  6 0.1847 0.2407 0.4629 0.1117 
   HI_SS0572  6 0.4956 0.1072 0.1417 0.2555 
   HI_SS0576  6 0.2669 0.4652 0.1307 0.1373 
   HI_SS0579  6 0.1760 0.1651 0.2592 0.3998 
   HI_SS0580  6 0.3105 0.1881 0.3772 0.1242 
   HI_SS0581  6 0.2292 0.3693 0.1108 0.2908 
   HI_SS0583  6 0.2642 0.1196 0.4524 0.1638 
   HI_SS0586  6 0.0958 0.3068 0.4958 0.1016 
   HI_SS0588  6 0.1821 0.2298 0.3514 0.2367 
   HI_SS0595  6 0.1999 0.1186 0.3705 0.3110 
   HI_SS0596  6 0.5912 0.1446 0.1250 0.1393 
   HI_SS0597  6 0.4451 0.1359 0.1636 0.2554 
   HI_SS0600  6 0.1819 0.1979 0.3500 0.2702 
   HI_SS0601  6 0.0653 0.2389 0.2100 0.4857 
   HI_SS0602  6 0.1792 0.3957 0.3253 0.0998 
   HI_SS0604  6 0.2484 0.3686 0.2008 0.1822 
   HI_SS0605  6 0.2054 0.3754 0.2901 0.1291 
   HI_SS0608  6 0.3259 0.3516 0.2024 0.1202 
   HI_SS0609  6 0.2612 0.1541 0.1279 0.4569 
   HI_SS0611  6 0.1233 0.3547 0.4155 0.1065 
   HI_SS0612  6 0.2174 0.0778 0.2075 0.4973 
   HI_SS0613  6 0.1194 0.4923 0.2120 0.1763 
   HI_SS0615  6 0.4447 0.2858 0.0999 0.1697 
   HI_SS0001  6 0.4084 0.1086 0.3082 0.1748 
   HI_SS0002  6 0.2622 0.1757 0.1106 0.4515 
   HI_SS0004  6 0.3122 0.2351 0.3584 0.0944 
   HI_SS0005  6 0.1333 0.5263 0.1657 0.1747 
   HI_SS0006  6 0.1333 0.1155 0.3431 0.4081 
   HI_SS0007  6 0.1330 0.4720 0.3171 0.0779 
   HI_SS0008  6 0.1575 0.3187 0.1793 0.3445 
   HI_SS0009  6 0.3548 0.4173 0.1161 0.1119 
   HI_SS0010  6 0.1421 0.3938 0.2734 0.1906 
   HI_SS0011  6 0.1152 0.2388 0.1256 0.5204 
   HI_SS0012  6 0.2379 0.2353 0.1271 0.3997 
   HI_SS0017  6 0.5741 0.1573 0.1458 0.1228 
   HI_SS0021  6 0.1636 0.2141 0.3930 0.2293 
   HI_SS0024  6 0.3284 0.3090 0.1608 0.2018 
   HI_SS0025  6 0.4241 0.2739 0.1368 0.1653 
   HI_SS0027  6 0.1575 0.3502 0.3067 0.1857 
   HI_SS0028  6 0.1969 0.4183 0.0839 0.3009 
   HI_SS0029  6 0.3694 0.2237 0.2794 0.1274 
   HI_SS0030  6 0.2390 0.2165 0.2614 0.2831 
   HI_SS0031  6 0.2533 0.1161 0.1838 0.4468 
   HI_SS0034  6 0.2247 0.1316 0.4036 0.2401 
   HI_SS0036  6 0.1441 0.2586 0.4878 0.1095 
   HI_SS0037  6 0.1184 0.2935 0.4418 0.1463 
   HI_SS0039  6 0.1124 0.3774 0.3404 0.1698 
   HI_SS0041  6 0.2976 0.4304 0.1417 0.1303 
   HI_SS0042  6 0.3542 0.2648 0.1341 0.2469 
   HI_SS0043  6 0.0852 0.1983 0.5249 0.1915 
   HI_SS0044  6 0.4540 0.1193 0.3438 0.0830 
   HI_SS0047  6 0.3285 0.2860 0.1486 0.2368 
   HI_SS0049  6 0.4694 0.2030 0.1498 0.1778 
   HI_SS0051  6 0.1049 0.4605 0.1616 0.2731 
   HI_SS0053  6 0.1525 0.1272 0.4618 0.2585 
   HI_SS0054  6 0.0774 0.2746 0.3427 0.3053 
   HI_SS0057  6 0.2035 0.4546 0.1449 0.1970 
   HI_SS0058  6 0.2233 0.2172 0.3612 0.1983 
   HI_SS0060  6 0.1260 0.4136 0.1562 0.3042 
   HI_SS0087  6 0.1986 0.1632 0.2625 0.3757 
   HI_SS0091  6 0.1156 0.0847 0.5131 0.2867 
   HI_SS0095  6 0.2002 0.1983 0.2817 0.3197 
   HI_SS0097  6 0.1249 0.1983 0.1413 0.5355 
   HI_SS0099  6 0.3686 0.2916 0.2074 0.1324 
   HI_SS0103  6 0.3751 0.1159 0.2065 0.3025 
   HI_SS0105  6 0.1203 0.2489 0.1963 0.4345 
   HI_SS0107  6 0.5402 0.1251 0.1008 0.2339 
   HI_SS0108  6 0.1273 0.1497 0.5972 0.1258 
   HI_SS0110  6 0.2444 0.0972 0.2863 0.3720 
   HI_SS0111  6 0.2319 0.2908 0.2437 0.2336 
   HI_SS0112  6 0.1558 0.1740 0.5430 0.1272 
   HI_SS0113  6 0.4022 0.1924 0.1173 0.2881 
   HI_SS0114  6 0.1026 0.3830 0.3565 0.1578 
   HI_SS0115  6 0.3685 0.2420 0.2397 0.1498 
   HI_SS0116  6 0.3683 0.1050 0.4150 0.1117 
   HI_SS0117  6 0.1289 0.0961 0.3195 0.4555 
   HI_SS0118  6 0.1855 0.1308 0.3783 0.3054 
   HI_SS0119  6 0.1074 0.1693 0.2987 0.4247 
   HI_SS0120  6 0.5482 0.0973 0.1086 0.2459 
   HI_SS0121  6 0.0918 0.3529 0.1019 0.4534 
   HI_SS0122  6 0.1993 0.2521 0.2585 0.2902 
   HI_SS0123  6 0.2393 0.1132 0.2212 0.4262 
   HI_SS0124  6 0.5086 0.2658 0.0962 0.1294 
   HI_SS0125  6 0.3422 0.3729 0.1138 0.1711 
   HI_SS0126  6 0.2956 0.1113 0.4758 0.1173 
   HI_SS0127  6 0.1094 0.5298 0.1573 0.2035 
   HI_SS0128  6 0.3894 0.1225 0.2056 0.2825 
   HI_SS0129  6 0.2863 0.2016 0.3927 0.1194 
   HI_SS0131  6 0.0830 0.3851 0.2773 0.2546 
   HI_SS0132  6 0.1561 0.2572 0.2343 0.3524 
   HI_SS0133  6 0.1566 0.1698 0.5628 0.1108 
   HI_SS0134  6 0.2067 0.1794 0.2533 0.3605 
   HI_SS0142  6 0.1229 0.2118 0.1901 0.4751 
   HI_SS0145  6 0.2638 0.1465 0.2663 0.3233 
   HI_SS0146  6 0.1702 0.2549 0.3112 0.2637 
   HI_SS0147  6 0.1316 0.4450 0.1186 0.3049 
   HI_SS0149  6 0.1191 0.1215 0.2173 0.5421 
   HI_SS0150  6 0.3081 0.3886 0.1191 0.1842 
   HI_SS0151  6 0.3677 0.2417 0.2607 0.1299 
   NS_SS1451  6 0.4106 0.3374 0.1013 0.1507 
   NS_SS1404  6 0.1858 0.4422 0.1915 0.1805 
   NS_SS1432  6 0.4494 0.2221 0.1460 0.1825 
   NS_SS1405  6 0.4103 0.2083 0.2269 0.1544 
   NS_SS1431  6 0.4271 0.2090 0.1145 0.2495 
   NS_SS1402  6 0.2271 0.1218 0.2904 0.3607 
   NS_SS1450  6 0.3433 0.2084 0.3438 0.1045 
   NS_SS1396  6 0.2219 0.3003 0.2158 0.2620 
   NS_SS1393  6 0.2331 0.2591 0.3360 0.1717 
   NS_SS1392  6 0.4810 0.2744 0.1619 0.0827 
   NS_SS1445  6 0.1119 0.2346 0.3693 0.2841 
   NS_SS1423  6 0.2704 0.1056 0.3171 0.3070 
   NS_SS1421  6 0.2119 0.2075 0.2838 0.2968 
   NS_SS1411  6 0.1258 0.4664 0.3235 0.0843 
   NS_SS1453  6 0.1449 0.2012 0.3851 0.2688 
   NS_SS1442  6 0.2198 0.2997 0.1935 0.2871 
   NS_SS1422  6 0.2727 0.1299 0.2025 0.3950 
   NS_SS1419  6 0.1317 0.4226 0.1397 0.3060 
   NS_SS1427  6 0.3026 0.0908 0.5341 0.0725 
   NS_SS1444  6 0.2376 0.3974 0.1490 0.2160 
   NS_SS1455  6 0.3984 0.1527 0.1039 0.3450 
   NS_SS1425  6 0.0885 0.2347 0.4706 0.2062 
   NS_SS1400  6 0.1307 0.2603 0.3715 0.2375 
   NS_SS1406  6 0.1822 0.1656 0.0867 0.5656 
   NS_SS1417  6 0.2177 0.1903 0.2478 0.3442 
   NS_SS1454  6 0.1454 0.2444 0.3523 0.2578 
   NS_SS1412  6 0.2444 0.2488 0.3198 0.1869 
   NS_SS1438  6 0.0799 0.2925 0.4195 0.2081 
   NS_SS1416  6 0.2097 0.2813 0.2357 0.2733 
   NS_SS1401  6 0.2155 0.1525 0.2846 0.3474 
   NS_SS1424  6 0.1692 0.1909 0.2724 0.3676 
   NS_SS1435  6 0.3603 0.3126 0.2146 0.1124 
   NS_SS1447  6 0.1960 0.3700 0.1415 0.2924 
   NS_SS1414  6 0.2573 0.4025 0.1244 0.2159 
   NS_SS1449  6 0.3170 0.1952 0.2159 0.2719 
   NS_SS1443  6 0.2771 0.0886 0.3809 0.2534 
   NS_SS1434  6 0.5183 0.0928 0.2365 0.1523 
   NS_SS1398  6 0.4253 0.2648 0.1732 0.1367 
   NS_SS1426  6 0.1526 0.1948 0.4668 0.1858 
   NS_SS1413  6 0.3220 0.1331 0.3386 0.2063 
   NS_SS1395  6 0.1832 0.1498 0.3863 0.2808 
   NS_SS1448  6 0.2420 0.3840 0.2774 0.0966 
   NS_SS1446  6 0.1857 0.1627 0.3982 0.2534 
   NS_SS1403  6 0.2649 0.2235 0.2002 0.3113 
   NS_SS1415  6 0.1938 0.2716 0.3650 0.1696 
   NS_SS1437  6 0.2254 0.2655 0.1914 0.3178 
   NS_SS1439  6 0.1895 0.1622 0.2254 0.4229 
   NS_SS1441  6 0.2962 0.1247 0.3581 0.2211 
   NS_SS1420  6 0.1653 0.6506 0.1101 0.0740 
   NS_SS1394  6 0.2315 0.4650 0.1185 0.1850 
   NS_SS1391  6 0.4430 0.0973 0.3336 0.1261 
   NS_SS1410  6 0.2332 0.1735 0.3651 0.2282 
   NS_SS1408  6 0.1866 0.2574 0.1661 0.3900 
   NS_SS1409  6 0.4616 0.0920 0.2914 0.1550 
   HI_SS0617  7 0.3476 0.1538 0.3602 0.1383 
   HI_SS0618  7 0.3205 0.3578 0.1651 0.1566 
   HI_SS0619  7 0.3797 0.2281 0.2534 0.1387 
   HI_SS0620  7 0.1421 0.3059 0.4550 0.0970 
   HI_SS0621  7 0.2943 0.2264 0.1647 0.3146 
   HI_SS0622  7 0.2233 0.2374 0.2017 0.3376 
   HI_SS0626  7 0.1246 0.5372 0.2067 0.1315 
   HI_SS0627  7 0.3082 0.2370 0.1759 0.2790 
   HI_SS0628  7 0.2136 0.2364 0.3980 0.1519 
   HI_SS0629  7 0.1348 0.2632 0.2988 0.3032 
   HI_SS0630  7 0.2482 0.3111 0.2961 0.1446 
   HI_SS0631  7 0.1677 0.3755 0.2916 0.1652 
   HI_SS0632  7 0.1399 0.4758 0.1896 0.1947 
   HI_SS0633  7 0.5339 0.1315 0.1922 0.1424 
   HI_SS0634  7 0.1973 0.3462 0.2495 0.2069 
   HI_SS0635  7 0.2413 0.3909 0.1400 0.2279 
   HI_SS0637  7 0.0978 0.3092 0.2106 0.3824 
   HI_SS0638  7 0.3270 0.2483 0.2184 0.2062 
   HI_SS0639  7 0.2573 0.3489 0.1419 0.2520 
   HI_SS0640  7 0.2450 0.2883 0.1778 0.2888 
   HI_SS0641  7 0.1015 0.4199 0.3613 0.1174 
   HI_SS0642  7 0.2515 0.1827 0.1400 0.4258 
   HI_SS0645  7 0.2615 0.5450 0.0803 0.1132 
   HI_SS0646  7 0.3741 0.1007 0.2170 0.3081 
   HI_SS0647  7 0.3664 0.1987 0.1849 0.2500 
   HI_SS0648  7 0.2548 0.2790 0.2126 0.2536 
   HI_SS0649  7 0.2866 0.2225 0.2717 0.2192 
   HI_SS0650  7 0.5651 0.1510 0.1513 0.1326 
   HI_SS0651  7 0.2819 0.2192 0.2094 0.2895 
   HI_SS0652  7 0.2721 0.5073 0.1126 0.1080 
   NS_SS1371  7 0.2468 0.0954 0.3448 0.3130 
   NS_SS1374  7 0.1833 0.2584 0.3973 0.1610 
   NS_SS1337  7 0.2427 0.3469 0.1248 0.2856 
   NS_SS1385  7 0.3594 0.1263 0.2029 0.3113 
   NS_SS1388  7 0.3441 0.2332 0.2841 0.1386 
   NS_SS1370  7 0.0853 0.6929 0.0959 0.1259 
   NS_SS1389  7 0.3586 0.3416 0.1875 0.1123 
   NS_SS1360  7 0.1144 0.3967 0.2736 0.2154 
   NS_SS1330  7 0.2588 0.3441 0.1119 0.2852 
   NS_SS1328  7 0.4270 0.0892 0.3267 0.1571 
   NS_SS1384  7 0.1207 0.2297 0.2578 0.3918 
   NS_SS1381  7 0.5728 0.1370 0.0968 0.1934 
   NS_SS1375  7 0.4672 0.2705 0.1687 0.0937 
   NS_SS1319  7 0.2683 0.2508 0.2536 0.2273 
   NS_SS1326  7 0.3119 0.1371 0.4590 0.0920 
   NS_SS1341  7 0.1185 0.1773 0.3420 0.3622 
   NS_SS1383  7 0.1581 0.3192 0.2398 0.2829 
   NS_SS1318  7 0.2311 0.3584 0.2187 0.1918 
   NS_SS1348  7 0.1064 0.1861 0.4298 0.2777 
   NS_SS1363  7 0.1957 0.3403 0.1459 0.3182 
   NS_SS1335  7 0.0839 0.2817 0.2469 0.3875 
   NS_SS1358  7 0.1452 0.1598 0.2561 0.4389 
   NS_SS1342  7 0.1474 0.0771 0.3242 0.4513 
   NS_SS1320  7 0.6519 0.0879 0.0596 0.2006 
   NS_SS1355  7 0.2537 0.2535 0.1468 0.3461 
   NS_SS1345  7 0.1483 0.1906 0.0813 0.5798 
   NS_SS1324  7 0.1715 0.2596 0.3539 0.2150 
   NS_SS1347  7 0.2096 0.1856 0.2068 0.3980 
   NS_SS1321  7 0.1525 0.1987 0.3919 0.2569 
   NS_SS1333  7 0.2050 0.1682 0.4421 0.1848 
   NS_SS1364  7 0.1290 0.1872 0.2762 0.4076 
   NS_SS1379  7 0.3626 0.2483 0.1739 0.2152 
   NS_SS1332  7 0.1639 0.1581 0.4865 0.1915 
   NS_SS1338  7 0.1179 0.4401 0.2858 0.1561 
   NS_SS1368  7 0.1468 0.1112 0.3476 0.3945 
   NS_SS1354  7 0.1946 0.1865 0.1870 0.4318 
   NS_SS1365  7 0.2710 0.3113 0.1554 0.2623 
   NS_SS1380  7 0.1912 0.2549 0.1189 0.4350 
   NS_SS1329  7 0.1458 0.0766 0.3028 0.4748 
   NS_SS1362  7 0.2771 0.1583 0.2398 0.3249 
   NS_SS1327  7 0.1233 0.1567 0.6442 0.0758 
   NS_SS1350  7 0.5037 0.0757 0.3149 0.1058 
   NS_SS1387  7 0.1465 0.5211 0.1861 0.1464 
   NS_SS1369  7 0.1297 0.2543 0.3203 0.2957 
   NS_SS1331  7 0.2209 0.3669 0.2568 0.1554 
   NS_SS1357  7 0.5267 0.0781 0.2808 0.1143 
   NS_SS1386  7 0.1004 0.0936 0.4915 0.3145 
   NS_SS1353  7 0.4674 0.1368 0.2057 0.1902 
   NS_SS1323  7 0.2872 0.1806 0.1161 0.4161 
   HI_SS0296  8 0.1804 0.3988 0.3104 0.1103 
   HI_SS0297  8 0.4069 0.1824 0.1767 0.2340 
   HI_SS0299  8 0.1659 0.2709 0.2536 0.3096 
   HI_SS0300  8 0.1909 0.4241 0.2011 0.1839 
   HI_SS0301  8 0.0695 0.5481 0.1488 0.2336 
   HI_SS0302  8 0.1075 0.4610 0.2754 0.1561 
   HI_SS0303  8 0.3307 0.1312 0.3867 0.1514 
   HI_SS0304  8 0.3710 0.3288 0.1966 0.1036 
   HI_SS0306  8 0.1378 0.3451 0.3755 0.1416 
   HI_SS0307  8 0.2675 0.2604 0.1489 0.3233 
   HI_SS0308  8 0.1447 0.3490 0.1406 0.3657 
   HI_SS0309  8 0.1286 0.2419 0.1455 0.4840 
   HI_SS0310  8 0.3526 0.2546 0.2199 0.1729 
   HI_SS0311  8 0.1440 0.4171 0.1945 0.2444 
   HI_SS0314  8 0.4661 0.1294 0.2172 0.1873 
   HI_SS0316  8 0.2314 0.2045 0.3315 0.2325 
   HI_SS0317  8 0.1780 0.3250 0.1940 0.3029 
   HI_SS0318  8 0.1230 0.2310 0.4367 0.2093 
   HI_SS0319  8 0.1369 0.1031 0.5678 0.1923 
   HI_SS0320  8 0.3938 0.2471 0.1630 0.1961 
   HI_SS0321  8 0.2077 0.1896 0.3406 0.2621 
   HI_SS0323  8 0.1912 0.2889 0.3803 0.1395 
   HI_SS0325  8 0.1194 0.3816 0.3342 0.1648 
   HI_SS0327  8 0.2883 0.0607 0.3632 0.2877 
   HI_SS0329  8 0.2732 0.3630 0.1805 0.1833 
   HI_SS0333  8 0.2614 0.2525 0.2729 0.2131 
   HI_SS0334  8 0.1241 0.2417 0.3629 0.2714 
   HI_SS0335  8 0.1985 0.1872 0.1135 0.5008 
   HI_SS0339  8 0.2024 0.3825 0.1388 0.2762 
   HI_SS0343  8 0.2463 0.1167 0.1317 0.5053 
   HI_SS0344  8 0.1220 0.1183 0.6238 0.1359 
   HI_SS0345  8 0.1435 0.3647 0.1737 0.3181 
   HI_SS0346  8 0.1789 0.2868 0.3089 0.2255 
   HI_SS0350  8 0.2048 0.2595 0.0751 0.4606 
   HI_SS0351  8 0.1295 0.1408 0.1584 0.5714 
   HI_SS0352  8 0.2437 0.2191 0.1689 0.3683 
   HI_SS0362  8 0.1604 0.5039 0.1836 0.1521 
   HI_SS0363  8 0.2212 0.1119 0.4201 0.2468 
   HI_SS0365  8 0.2384 0.1325 0.3695 0.2597 
   HI_SS0366  8 0.1469 0.1596 0.5260 0.1675 
   HI_SS0367  8 0.3600 0.1952 0.1345 0.3104 
   HI_SS0369  8 0.2941 0.3846 0.1261 0.1952 
   HI_SS0370  8 0.4793 0.0924 0.2292 0.1991 
   HI_SS0371  8 0.1290 0.3268 0.4066 0.1376 
   HI_SS0373  8 0.3343 0.2596 0.2425 0.1636 
   HI_SS0374  8 0.3428 0.2350 0.1639 0.2583 
   HI_SS0377  8 0.0956 0.2163 0.2052 0.4829 
   HI_SS0379  8 0.0767 0.1056 0.6109 0.2069 
   HI_SS0380  8 0.2747 0.2332 0.1750 0.3171 
   HI_SS0381  8 0.1467 0.3407 0.1147 0.3979 
   HI_SS0384  8 0.3692 0.1495 0.3630 0.1183 
   HI_SS0385  8 0.2537 0.3757 0.2790 0.0916 
