   NS_SS0963  1 0.1596 0.2020 0.4480 0.1904 
   NS_SS0983  1 0.4726 0.2057 0.1836 0.1381 
   NS_SS0719  1 0.2483 0.2671 0.2806 0.2040 
   NS_SS1001  1 0.1368 0.3231 0.1387 0.4013 
   NS_SS0936  1 0.1524 0.1189 0.3688 0.3599 
   NS_SS0955  1 0.2972 0.2332 0.3419 0.1277 
   NS_SS0944  1 0.2444 0.2235 0.3046 0.2274 
   NS_SS0945  1 0.2714 0.2111 0.1701 0.3474 
   NS_SS0922  1 0.1302 0.2429 0.2080 0.4189 
   NS_SS0929  1 0.3156 0.2069 0.3047 0.1728 
   NS_SS0956  1 0.1174 0.4732 0.1547 0.2547 
   NS_SS0906  1 0.2758 0.2118 0.3359 0.1765 
   NS_SS0721  1 0.1989 0.4719 0.1680 0.1612 
   NS_SS0982  1 0.1763 0.2632 0.3839 0.1767 
   NS_SS0923  1 0.1899 0.2703 0.2756 0.2642 
   NS_SS0905  1 0.2386 0.3395 0.2011 0.2208 
   NS_SS0925  1 0.1195 0.2869 0.3055 0.2881 
   NS_SS0947  1 0.1681 0.1727 0.3246 0.3345 
   NS_SS0926  1 0.4271 0.1857 0.2738 0.1135 
   NS_SS0918  1 0.1161 0.3679 0.3591 0.1569 
   NS_SS0966  1 0.1683 0.2316 0.3868 0.2134 
   NS_SS0938  1 0.1557 0.1559 0.2840 0.4044 
   NS_SS0917  1 0.3695 0.1821 0.2029 0.2454 
   NS_SS0957  1 0.2037 0.4158 0.2227 0.1577 
   NS_SS0987  1 0.1904 0.5490 0.1560 0.1046 
   NS_SS0717  1 0.1365 0.3455 0.1710 0.3471 
   NS_SS0986  1 0.2811 0.3590 0.2294 0.1306 
   NS_SS0953  1 0.1354 0.2836 0.2769 0.3041 
   NS_SS0907  1 0.2159 0.1807 0.4324 0.1710 
   NS_SS0974  1 0.2343 0.1386 0.3214 0.3058 
   NS_SS0989  1 0.4293 0.1249 0.2125 0.2333 
   NS_SS0991  1 0.2777 0.3774 0.2624 0.0825 
   NS_SS0994  1 0.5431 0.0980 0.1188 0.2401 
   NS_SS0931  1 0.3636 0.2972 0.2263 0.1129 
   NS_SS1000  1 0.1504 0.1707 0.2909 0.3880 
   NS_SS0919  1 0.2734 0.1401 0.4699 0.1166 
   NS_SS0949  1 0.3800 0.1744 0.2180 0.2277 
   NS_SS0960  1 0.2897 0.2854 0.2996 0.1253 
   NS_SS0716  1 0.1334 0.4852 0.1007 0.2807 
   NS_SS0924  1 0.2752 0.2289 0.3558 0.1401 
   NS_SS0935  1 0.3743 0.3215 0.1593 0.1450 
   NS_SS0952  1 0.3619 0.1668 0.3341 0.1372 
   NS_SS0962  1 0.1589 0.2742 0.2854 0.2815 
   NS_SS0973  1 0.1925 0.1805 0.4168 0.2102 
   NS_SS0722  1 0.1158 0.1528 0.1768 0.5546 
   NS_SS0979  1 0.1418 0.3840 0.2856 0.1887 
   NS_SS0993  1 0.1189 0.2539 0.3121 0.3151 
   NS_SS0958  1 0.3585 0.2293 0.2001 0.2121 
   NS_SS0988  1 0.2708 0.2237 0.3833 0.1222 
   NS_SS1003  1 0.1022 0.3568 0.4253 0.1157 
   NS_SS0976  1 0.3439 0.1983 0.3099 0.1479 
   NS_SS0964  1 0.1112 0.3082 0.1718 0.4088 
   NS_SS0939  1 0.1115 0.4373 0.0830 0.3682 
   NS_SS0990  1 0.3170 0.2492 0.1875 0.2463 
   NS_SS0984  1 0.1198 0.2469 0.1916 0.4417 
   NS_SS0980  1 0.1508 0.1186 0.3647 0.3659 
   NS_SS0978  1 0.1843 0.1427 0.3148 0.3582 
   NS_SS0951  1 0.2716 0.4442 0.1754 0.1089 
   NS_SS0913  1 0.1648 0.4021 0.1560 0.2771 
   NS_SS1002  1 0.1212 0.1178 0.5800 0.1810 
   NS_SS0948  1 0.2635 0.2792 0.2986 0.1587 
   NS_SS0916  1 0.2769 0.1817 0.1699 0.3715 
   NS_SS0995  1 0.1947 0.2816 0.1837 0.3400 
   NS_SS0927  1 0.3505 0.1512 0.1972 0.3011 
   NS_SS0992  1 0.2564 0.0903 0.2945 0.3588 
   NS_SS0912  1 0.2597 0.4156 0.2126 0.1122 
   NS_SS0981  1 0.1431 0.3355 0.3906 0.1308 
   NS_SS0729  2 0.4278 0.0786 0.2413 0.2524 
   NS_SS0967  2 0.1420 0.1621 0.5097 0.1862 
   NS_SS0941  2 0.1877 0.2144 0.1812 0.4168 
   NS_SS0768  2 0.1667 0.3552 0.2985 0.1795 
   NS_SS0726  2 0.3119 0.0912 0.2799 0.3170 
   NS_SS0763  2 0.3630 0.1544 0.2255 0.2571 
   NS_SS0730  2 0.1583 0.3037 0.2209 0.3170 
   NS_SS0774  2 0.1211 0.1591 0.2782 0.4415 
   NS_SS0723  2 0.0983 0.2286 0.3906 0.2825 
   NS_SS0940  2 0.2905 0.2540 0.1308 0.3246 
   NS_SS0762  2 0.0886 0.2517 0.1468 0.5129 
   NS_SS0766  2 0.2360 0.2762 0.0954 0.3925 
   NS_SS0724  2 0.1397 0.3521 0.2818 0.2264 
   NS_SS0769  2 0.2239 0.2515 0.3134 0.2112 
   NS_SS0777  2 0.3364 0.3094 0.2143 0.1399 
   NS_SS0734  2 0.2610 0.3510 0.1374 0.2506 
   NS_SS0737  2 0.1024 0.1630 0.1275 0.6072 
   NS_SS0732  2 0.1280 0.5053 0.2054 0.1612 
   NS_SS0728  2 0.1985 0.2440 0.1616 0.3958 
   NS_SS0735  2 0.1531 0.2722 0.1684 0.4063 
   NS_SS0725  2 0.1439 0.2104 0.2132 0.4325 
   NS_SS0788  2 0.2239 0.1976 0.3816 0.1970 
   NS_SS0778  2 0.3088 0.2444 0.2953 0.1515 
   NS_SS0792  2 0.2645 0.3263 0.2080 0.2012 
   NS_SS0943  2 0.3287 0.2150 0.3371 0.1192 
   NS_SS0791  2 0.3086 0.3149 0.0885 0.2881 
   NS_SS0790  2 0.0699 0.4361 0.2834 0.2107 
   NS_SS0731  2 0.1569 0.4806 0.1554 0.2070 
   NS_SS0727  2 0.3262 0.1095 0.1040 0.4603 
   NS_SS0779  2 0.2335 0.3035 0.2253 0.2376 
   NS_SS0776  2 0.2042 0.2277 0.1832 0.3849 
   NS_SS0775  2 0.1243 0.2800 0.1333 0.4625 
   NS_SS0965  3 0.1577 0.3826 0.3239 0.1358 
   NS_SS0754  3 0.3371 0.3073 0.1896 0.1660 
   NS_SS0838  3 0.2503 0.1969 0.2831 0.2697 
   NS_SS0839  3 0.1038 0.2744 0.2509 0.3709 
   NS_SS0832  3 0.0816 0.3163 0.3867 0.2155 
   NS_SS0820  3 0.1014 0.3552 0.3612 0.1822 
   NS_SS0886  3 0.3166 0.2988 0.2013 0.1833 
   NS_SS0748  3 0.2977 0.2680 0.2904 0.1438 
   NS_SS0884  3 0.2241 0.2131 0.3020 0.2607 
   NS_SS0752  3 0.1876 0.1747 0.2691 0.3686 
   NS_SS0862  3 0.1107 0.4923 0.2217 0.1753 
   NS_SS0787  3 0.5440 0.1604 0.1786 0.1169 
   NS_SS0843  3 0.2144 0.2522 0.2807 0.2527 
   NS_SS0856  3 0.2273 0.1811 0.1769 0.4147 
   NS_SS0846  3 0.2401 0.0949 0.4420 0.2230 
   NS_SS0825  3 0.2401 0.2427 0.3689 0.1483 
   NS_SS0757  3 0.2793 0.3235 0.2350 0.1622 
   NS_SS0876  3 0.1858 0.2435 0.2417 0.3290 
   NS_SS0903  3 0.1086 0.1352 0.3824 0.3738 
   NS_SS0875  3 0.2264 0.3675 0.1727 0.2334 
   NS_SS0740  3 0.2013 0.2529 0.2605 0.2852 
   NS_SS0811  3 0.1091 0.5517 0.1612 0.1780 
   NS_SS0751  3 0.1975 0.2544 0.1973 0.3508 
   NS_SS0891  3 0.2081 0.2325 0.2225 0.3369 
   NS_SS0867  3 0.2544 0.2037 0.4373 0.1045 
   NS_SS0890  3 0.2247 0.2406 0.2658 0.2689 
   NS_SS0866  3 0.5331 0.1463 0.1371 0.1835 
   NS_SS0755  3 0.1892 0.2900 0.3373 0.1835 
   NS_SS0758  3 0.2254 0.2012 0.2208 0.3526 
   NS_SS0840  3 0.0915 0.2403 0.4379 0.2303 
   NS_SS0889  3 0.3881 0.3125 0.1675 0.1318 
   NS_SS1010  3 0.1855 0.2080 0.4502 0.1563 
   NS_SS0888  3 0.4421 0.1582 0.1214 0.2782 
   NS_SS0837  3 0.1248 0.3841 0.3489 0.1422 
   NS_SS0794  3 0.3711 0.2024 0.1221 0.3044 
   NS_SS0823  3 0.1204 0.1809 0.3459 0.3527 
   NS_SS0829  3 0.4331 0.3045 0.1832 0.0792 
   NS_SS0844  3 0.0885 0.1911 0.5754 0.1450 
   NS_SS1008  3 0.3307 0.1892 0.1365 0.3436 
   NS_SS0881  3 0.2860 0.2547 0.2615 0.1978 
   NS_SS0834  3 0.1269 0.1553 0.2161 0.5017 
   NS_SS0744  3 0.2335 0.2110 0.3296 0.2259 
   NS_SS0899  3 0.1057 0.5248 0.1859 0.1836 
   NS_SS0804  3 0.0878 0.3660 0.3209 0.2252 
   NS_SS0781  3 0.1132 0.2380 0.4053 0.2436 
   NS_SS0822  3 0.2434 0.2005 0.2181 0.3380 
   NS_SS1004  3 0.1714 0.2181 0.4112 0.1993 
   NS_SS0746  3 0.2347 0.1595 0.3701 0.2357 
   NS_SS0880  3 0.1558 0.2029 0.3814 0.2599 
   NS_SS0879  3 0.1707 0.2455 0.2505 0.3333 
   NS_SS0753  3 0.3162 0.3251 0.2418 0.1169 
   NS_SS1007  3 0.2086 0.1366 0.1843 0.4705 
   NS_SS0872  3 0.1549 0.2238 0.3167 0.3046 
   NS_SS1005  3 0.1499 0.1708 0.4366 0.2428 
   NS_SS0892  3 0.2462 0.2602 0.2261 0.2676 
   NS_SS0898  3 0.3021 0.2858 0.2200 0.1921 
   NS_SS0801  3 0.2039 0.3828 0.2672 0.1461 
   NS_SS0827  3 0.2597 0.4539 0.1924 0.0940 
   NS_SS0853  3 0.2481 0.4720 0.1592 0.1207 
   NS_SS0780  3 0.1551 0.3255 0.2516 0.2678 
   NS_SS0826  3 0.1959 0.1642 0.5424 0.0975 
   NS_SS0818  3 0.0909 0.3174 0.2676 0.3240 
   NS_SS0745  3 0.0922 0.3847 0.0878 0.4352 
   NS_SS0849  3 0.1565 0.5309 0.2178 0.0948 
   NS_SS0739  3 0.2354 0.3243 0.1837 0.2566 
   NS_SS0799  3 0.3051 0.2428 0.1420 0.3100 
   NS_SS0756  3 0.1040 0.2775 0.4733 0.1453 
   NS_SS0802  3 0.2982 0.1341 0.2978 0.2698 
   NS_SS0747  3 0.2130 0.1848 0.3884 0.2139 
   NS_SS0835  3 0.4823 0.1077 0.2372 0.1728 
   NS_SS0742  3 0.1825 0.2719 0.2982 0.2474 
   NS_SS0760  3 0.4438 0.1860 0.1800 0.1902 
   NS_SS0803  3 0.1084 0.1672 0.4275 0.2969 
   NS_SS0828  3 0.2235 0.4168 0.1747 0.1850 
   NS_SS0865  3 0.2234 0.2847 0.3752 0.1168 
   NS_SS0759  3 0.1162 0.3317 0.2119 0.3403 
   NS_SS0851  3 0.1209 0.5580 0.1656 0.1555 
   NS_SS0874  3 0.1405 0.2146 0.4211 0.2238 
   NS_SS0761  3 0.4043 0.2681 0.2218 0.1058 
   NS_SS0842  3 0.3074 0.2407 0.2245 0.2273 
   NS_SS0785  3 0.3001 0.2083 0.2910 0.2006 
   NS_SS0860  3 0.4873 0.1253 0.2428 0.1447 
   NS_SS0897  3 0.5082 0.2167 0.1231 0.1521 
   NS_SS0841  3 0.1062 0.4290 0.1964 0.2685 
   NS_SS0797  3 0.3141 0.3326 0.2423 0.1110 
   NS_SS0830  3 0.2230 0.3187 0.2941 0.1642 
   NS_SS1011  3 0.1126 0.2140 0.5058 0.1676 
   NS_SS0883  3 0.2822 0.3916 0.1797 0.1465 
   NS_SS0782  3 0.2609 0.1671 0.1515 0.4205 
   NS_SS0831  3 0.3987 0.3523 0.1372 0.1118 
   NS_SS0749  3 0.2484 0.3477 0.1473 0.2565 
   NS_SS0854  3 0.2454 0.1693 0.1925 0.3928 
   HI_SS0193  4 0.3212 0.2503 0.1345 0.2940 
   HI_SS0194  4 0.1598 0.1376 0.2271 0.4755 
   HI_SS0195  4 0.1032 0.4516 0.2193 0.2259 
   HI_SS0196  4 0.2465 0.1654 0.1585 0.4296 
   HI_SS0197  4 0.1985 0.1257 0.4458 0.2299 
   HI_SS0198  4 0.2815 0.3508 0.1952 0.1725 
   HI_SS0199  4 0.3360 0.1213 0.1524 0.3903 
   HI_SS0201  4 0.4328 0.2071 0.2804 0.0797 
   HI_SS0215  4 0.4430 0.1975 0.2695 0.0899 
   HI_SS0218  4 0.4913 0.1984 0.0942 0.2162 
   HI_SS0222  4 0.2307 0.3038 0.1617 0.3038 
   HI_SS0230  4 0.1933 0.3202 0.3505 0.1360 
   HI_SS0234  4 0.2153 0.0913 0.2853 0.4082 
   HI_SS0240  4 0.1861 0.1817 0.1291 0.5031 
   HI_SS0241  4 0.3923 0.1886 0.2504 0.1687 
   HI_SS0242  4 0.2602 0.2453 0.2718 0.2227 
   HI_SS0247  4 0.1809 0.2860 0.3919 0.1412 
   HI_SS0248  4 0.3833 0.1181 0.1301 0.3685 
   HI_SS0252  4 0.1493 0.2822 0.1760 0.3924 
   HI_SS0254  4 0.2914 0.1643 0.3511 0.1932 
   HI_SS0256  4 0.0516 0.2097 0.4477 0.2910 
   HI_SS0257  4 0.3876 0.0856 0.3167 0.2101 
   HI_SS0258  4 0.3838 0.2533 0.1691 0.1938 
   HI_SS0259  4 0.1706 0.2041 0.2511 0.3742 
   HI_SS0260  4 0.4009 0.1449 0.1662 0.2879 
   HI_SS0261  4 0.2872 0.1182 0.3298 0.2648 
   HI_SS0262  4 0.1844 0.3483 0.2432 0.2241 
   HI_SS0264  4 0.1785 0.3434 0.2866 0.1915 
   HI_SS0265  4 0.1874 0.3069 0.3239 0.1819 
   HI_SS0268  4 0.2845 0.3332 0.1734 0.2089 
   HI_SS0269  4 0.5024 0.0763 0.2525 0.1687 
   HI_SS0273  4 0.3233 0.1515 0.3940 0.1312 
   HI_SS0277  4 0.1672 0.1949 0.5149 0.1229 
   HI_SS0280  4 0.2096 0.4004 0.1436 0.2464 
   HI_SS0282  4 0.2959 0.2252 0.2894 0.1896 
   HI_SS0286  4 0.2777 0.3547 0.2088 0.1588 
   NS_SS1252  5 0.5512 0.1654 0.1331 0.1502 
   NS_SS1261  5 0.2506 0.2602 0.2843 0.2049 
   NS_SS1225  5 0.2973 0.1667 0.4216 0.1144 
   NS_SS1266  5 0.0898 0.2092 0.4995 0.2015 
   NS_SS1228  5 0.1576 0.5098 0.1555 0.1770 
   NS_SS1255  5 0.1794 0.1209 0.1524 0.5474 
   NS_SS1267  5 0.5898 0.1684 0.1074 0.1343 
   NS_SS1238  5 0.2593 0.3431 0.2002 0.1974 
   NS_SS1233  5 0.1281 0.3345 0.3838 0.1537 
   NS_SS1277  5 0.3661 0.1791 0.0903 0.3645 
   NS_SS1245  5 0.2845 0.1545 0.2814 0.2795 
   NS_SS1240  5 0.5873 0.1124 0.1464 0.1538 
   NS_SS1275  5 0.0949 0.2687 0.4085 0.2279 
   NS_SS1235  5 0.1563 0.0760 0.3181 0.4497 
   NS_SS1263  5 0.1250 0.2449 0.2645 0.3656 
   NS_SS1251  5 0.1547 0.1914 0.4054 0.2485 
   NS_SS1248  5 0.1898 0.6244 0.1007 0.0851 
   NS_SS1244  5 0.2005 0.1931 0.4650 0.1414 
   NS_SS1257  5 0.3998 0.2075 0.1496 0.2431 
   NS_SS1242  5 0.1368 0.2427 0.2499 0.3707 
   NS_SS1271  5 0.5415 0.1590 0.1448 0.1548 
   NS_SS1265  5 0.4312 0.1918 0.2225 0.1544 
   NS_SS1243  5 0.1637 0.4332 0.1084 0.2946 
   NS_SS1273  5 0.1231 0.2631 0.2223 0.3915 
   NS_SS1254  5 0.1491 0.2775 0.3416 0.2318 
   NS_SS1224  5 0.1273 0.3581 0.3044 0.2102 
   NS_SS1227  5 0.4013 0.1220 0.2330 0.2437 
   NS_SS1274  5 0.3211 0.2577 0.1781 0.2432 
   NS_SS1241  5 0.2923 0.1813 0.3628 0.1635 
   NS_SS1256  5 0.2748 0.1070 0.4610 0.1572 
   NS_SS1260  5 0.4034 0.1459 0.2305 0.2201 
   NS_SS1262  5 0.2858 0.2457 0.3492 0.1193 
   NS_SS1230  5 0.2884 0.2384 0.2596 0.2136 
   NS_SS1270  5 0.1354 0.4149 0.3459 0.1038 
   NS_SS1229  5 0.1338 0.0703 0.3192 0.4767 
   NS_SS1246  5 0.3744 0.1209 0.2210 0.2837 
   NS_SS1269  5 0.1933 0.2950 0.2307 0.2810 
   NS_SS1239  5 0.1367 0.3255 0.1465 0.3913 
   NS_SS1272  5 0.1890 0.1505 0.5243 0.1362 
   NS_SS1268  5 0.1283 0.4751 0.2478 0.1488 
   NS_SS1249  5 0.4928 0.1069 0.1350 0.2653 
   HI_SS0559  6 0.2377 0.3042 0.1799 0.2783 
   HI_SS0563  6 0.2270 0.2488 0.3233 0.2010 
   HI_SS0564  6 0.1965 0.2793 0.2716 0.2527 
   HI_SS0565  6 0.2976 0.1567 0.3902 0.1555 
   HI_SS0569  6 0.3723 0.2474 0.3062 0.0741 
   HI_SS0570  6 0.4441 0.2322 0.1194 0.2044 
   HI_SS0572  6 0.1313 0.1195 0.2484 0.5007 
   HI_SS0576  6 0.1463 0.4450 0.1532 0.2555 
   HI_SS0579  6 0.2682 0.1606 0.3517 0.2195 
   HI_SS0580  6 0.3548 0.2029 0.1294 0.3129 
   HI_SS0581  6 0.1158 0.3495 0.3229 0.2119 
   HI_SS0583  6 0.4368 0.1227 0.1804 0.2600 
   HI_SS0586  6 0.5040 0.2863 0.1175 0.0923 
   HI_SS0588  6 0.3501 0.2095 0.2395 0.2010 
   HI_SS0595  6 0.3609 0.1221 0.3155 0.2015 
   HI_SS0596  6 0.1226 0.1636 0.1331 0.5807 
   HI_SS0597  6 0.1662 0.1425 0.2905 0.4008 
   HI_SS0600  6 0.3138 0.1941 0.2747 0.2174 
   HI_SS0601  6 0.2250 0.2481 0.4397 0.0871 
   HI_SS0602  6 0.3427 0.3646 0.1115 0.1812 
   HI_SS0604  6 0.2230 0.3322 0.1932 0.2517 
   HI_SS0605  6 0.2910 0.3394 0.1425 0.2271 
   HI_SS0608  6 0.2222 0.3562 0.1262 0.2954 
   HI_SS0609  6 0.1330 0.1653 0.4401 0.2617 
   HI_SS0611  6 0.4188 0.3333 0.1123 0.1356 
   HI_SS0612  6 0.2130 0.0830 0.4486 0.2554 
   HI_SS0613  6 0.2130 0.4633 0.1992 0.1246 
   HI_SS0615  6 0.1033 0.2932 0.1784 0.4251 
   HI_SS0001  6 0.2854 0.1168 0.2066 0.3912 
   HI_SS0002  6 0.1275 0.1949 0.4274 0.2502 
   HI_SS0004  6 0.3577 0.2360 0.1050 0.3014 
   HI_SS0005  6 0.1847 0.5082 0.1794 0.1278 
   HI_SS0006  6 0.3426 0.1231 0.3844 0.1499 
   HI_SS0007  6 0.3081 0.4489 0.0861 0.1569 
   HI_SS0008  6 0.2013 0.2796 0.3517 0.1673 
   HI_SS0009  6 0.1168 0.4084 0.1138 0.3611 
   HI_SS0010  6 0.2743 0.3723 0.2031 0.1503 
   HI_SS0011  6 0.1441 0.2561 0.4860 0.1138 
   HI_SS0012  6 0.1194 0.2341 0.3814 0.2652 
   HI_SS0017  6 0.1441 0.1716 0.1289 0.5554 
   HI_SS0021  6 0.3870 0.2219 0.2358 0.1554 
   HI_SS0024  6 0.1586 0.3173 0.2168 0.3074 
   HI_SS0025  6 0.1436 0.2879 0.1712 0.3973 
   HI_SS0027  6 0.3218 0.3247 0.1722 0.1813 
   HI_SS0028  6 0.0948 0.4459 0.3006 0.1587 
   HI_SS0029  6 0.2703 0.2410 0.1442 0.3446 
   HI_SS0030  6 0.2545 0.2116 0.2744 0.2595 
   HI_SS0031  6 0.1814 0.1227 0.4319 0.2641 
   HI_SS0034  6 0.4110 0.1310 0.2209 0.2372 
   HI_SS0036  6 0.4530 0.2581 0.1366 0.1522 
   HI_SS0037  6 0.4381 0.2872 0.1557 0.1191 
   HI_SS0039  6 0.3273 0.3789 0.1823 0.1115 
   HI_SS0041  6 0.1463 0.4143 0.1335 0.3058 
   HI_SS0042  6 0.1402 0.2768 0.2643 0.3187 
   HI_SS0043  6 0.5029 0.1926 0.2002 0.1043 
   HI_SS0044  6 0.3169 0.1379 0.1010 0.4441 
   HI_SS0047  6 0.1455 0.2735 0.2455 0.3355 
   HI_SS0049  6 0.1691 0.2033 0.1792 0.4484 
   HI_SS0051  6 0.1763 0.4230 0.2857 0.1150 
   HI_SS0053  6 0.4447 0.1275 0.2583 0.1695 
   HI_SS0054  6 0.3670 0.2453 0.3007 0.0870 
   HI_SS0057  6 0.1752 0.4283 0.2228 0.1737 
   HI_SS0058  6 0.3587 0.2109 0.2118 0.2185 
   HI_SS0060  6 0.1882 0.3939 0.2861 0.1318 
   HI_SS0087  6 0.2728 0.1548 0.3639 0.2085 
   HI_SS0091  6 0.5051 0.0863 0.2815 0.1270 
   HI_SS0095  6 0.2722 0.1823 0.3213 0.2243 
   HI_SS0097  6 0.1593 0.2022 0.4818 0.1568 
   HI_SS0099  6 0.2126 0.3091 0.1475 0.3308 
   HI_SS0103  6 0.1895 0.1194 0.3039 0.3872 
   HI_SS0105  6 0.1988 0.2328 0.4423 0.1261 
   HI_SS0107  6 0.1023 0.1314 0.2399 0.5264 
   HI_SS0108  6 0.5840 0.1467 0.1314 0.1378 
   HI_SS0110  6 0.2653 0.1137 0.3651 0.2559 
   HI_SS0111  6 0.2334 0.2848 0.2330 0.2487 
   HI_SS0112  6 0.5294 0.1634 0.1364 0.1708 
   HI_SS0113  6 0.1270 0.2068 0.3022 0.3641 
   HI_SS0114  6 0.3672 0.3549 0.1729 0.1050 
   HI_SS0115  6 0.2248 0.2451 0.1378 0.3924 
   HI_SS0116  6 0.3941 0.1141 0.1164 0.3753 
   HI_SS0117  6 0.3025 0.0944 0.4619 0.1412 
   HI_SS0118  6 0.3680 0.1388 0.2947 0.1985 
   HI_SS0119  6 0.2894 0.1747 0.4193 0.1166 
   HI_SS0120  6 0.1068 0.1067 0.2771 0.5094 
   HI_SS0121  6 0.1126 0.3624 0.4369 0.0881 
   HI_SS0122  6 0.2520 0.2619 0.2935 0.1926 
   HI_SS0123  6 0.2266 0.1182 0.4188 0.2364 
   HI_SS0124  6 0.1030 0.2762 0.1330 0.4878 
   HI_SS0125  6 0.1172 0.3610 0.1920 0.3298 
   HI_SS0126  6 0.4576 0.1260 0.1240 0.2924 
   HI_SS0127  6 0.1864 0.4949 0.2079 0.1109 
   HI_SS0128  6 0.2094 0.1338 0.2705 0.3863 
   HI_SS0129  6 0.3817 0.1958 0.1326 0.2899 
   HI_SS0131  6 0.3040 0.3869 0.2259 0.0833 
   HI_SS0132  6 0.2267 0.2532 0.3566 0.1636 
   HI_SS0133  6 0.5466 0.1638 0.1177 0.1719 
   HI_SS0134  6 0.2551 0.1691 0.3653 0.2106 
   HI_SS0142  6 0.1922 0.2174 0.4595 0.1310 
   HI_SS0145  6 0.2756 0.1484 0.2828 0.2932 
   HI_SS0146  6 0.3020 0.2612 0.2388 0.1980 
   HI_SS0147  6 0.1271 0.4304 0.3033 0.1393 
   HI_SS0149  6 0.2231 0.1343 0.5265 0.1161 
   HI_SS0150  6 0.1255 0.3865 0.1905 0.2975 
   HI_SS0151  6 0.2400 0.2261 0.1239 0.4100 
   NS_SS1451  6 0.1017 0.3546 0.1632 0.3805 
   NS_SS1404  6 0.1966 0.4355 0.1885 0.1793 
   NS_SS1432  6 0.1531 0.2293 0.2154 0.4022 
   NS_SS1405  6 0.2285 0.2272 0.1546 0.3897 
   NS_SS1431  6 0.1225 0.2186 0.2840 0.3749 
   NS_SS1402  6 0.2637 0.1307 0.3564 0.2492 
   NS_SS1450  6 0.3338 0.2003 0.1168 0.3491 
   NS_SS1396  6 0.2353 0.3042 0.2486 0.2119 
   NS_SS1393  6 0.3161 0.2508 0.1893 0.2437 
   NS_SS1392  6 0.1539 0.2893 0.0924 0.4644 
   NS_SS1445  6 0.3869 0.2323 0.2690 0.1118 
   NS_SS1423  6 0.2950 0.1147 0.3028 0.2875 
   NS_SS1421  6 0.2795 0.2022 0.2982 0.2201 
   NS_SS1411  6 0.3379 0.4398 0.0911 0.1312 
   NS_SS1453  6 0.3657 0.2019 0.2745 0.1579 
   NS_SS1442  6 0.2108 0.2769 0.2817 0.2305 
   NS_SS1422  6 0.1887 0.1415 0.3322 0.3376 
   NS_SS1419  6 0.1636 0.4222 0.2833 0.1309 
   NS_SS1427  6 0.4854 0.0948 0.0826 0.3371 
   NS_SS1444  6 0.1675 0.3947 0.2000 0.2378 
   NS_SS1455  6 0.1118 0.1741 0.3264 0.3876 
   NS_SS1425  6 0.4816 0.2094 0.2083 0.1008 
   NS_SS1400  6 0.3713 0.2629 0.2308 0.1350 
   NS_SS1406  6 0.0947 0.1789 0.5325 0.1940 
   NS_SS1417  6 0.2521 0.2071 0.3347 0.2060 
   NS_SS1454  6 0.3403 0.2319 0.2972 0.1305 
   NS_SS1412  6 0.3080 0.2426 0.1946 0.2547 
   NS_SS1438  6 0.4271 0.2755 0.2073 0.0901 
   NS_SS1416  6 0.2434 0.2874 0.2728 0.1963 
   NS_SS1401  6 0.2766 0.1651 0.3341 0.2242 
   NS_SS1424  6 0.2768 0.1918 0.3574 0.1740 
   NS_SS1435  6 0.2221 0.3142 0.1358 0.3279 
   NS_SS1447  6 0.1472 0.3546 0.2998 0.1984 
   NS_SS1414  6 0.1463 0.4214 0.2117 0.2206 
   NS_SS1449  6 0.1831 0.1918 0.2667 0.3583 
   NS_SS1443  6 0.3663 0.0931 0.2394 0.3011 
   NS_SS1434  6 0.2140 0.0951 0.1552 0.5358 
   NS_SS1398  6 0.1891 0.2726 0.1514 0.3870 
   NS_SS1426  6 0.4678 0.1760 0.1853 0.1708 
   NS_SS1413  6 0.3413 0.1352 0.2117 0.3118 
   NS_SS1395  6 0.3730 0.1366 0.2880 0.2024 
   NS_SS1448  6 0.2887 0.3779 0.1069 0.2264 
   NS_SS1446  6 0.3783 0.1571 0.2583 0.2062 
   NS_SS1403  6 0.1982 0.2225 0.3237 0.2556 
   NS_SS1415  6 0.3690 0.2624 0.1632 0.2054 
   NS_SS1437  6 0.2058 0.2698 0.3245 0.1999 
   NS_SS1439  6 0.2228 0.1570 0.4092 0.2110 
   NS_SS1441  6 0.3459 0.1289 0.2282 0.2970 
   NS_SS1420  6 0.1221 0.6304 0.0756 0.1719 
   NS_SS1394  6 0.1388 0.4531 0.1956 0.2125 
   NS_SS1391  6 0.3154 0.1065 0.1489 0.4292 
   NS_SS1410  6 0.3304 0.1926 0.2373 0.2398 
   NS_SS1408  6 0.1712 0.2614 0.3768 0.1906 
   NS_SS1409  6 0.2850 0.0972 0.1732 0.4446 
   HI_SS0617  7 0.3189 0.1616 0.1450 0.3745 
   HI_SS0618  7 0.1749 0.3443 0.1600 0.3208 
   HI_SS0619  7 0.2479 0.2493 0.1508 0.3519 
   HI_SS0620  7 0.4327 0.2843 0.0995 0.1836 
   HI_SS0621  7 0.1692 0.2426 0.2950 0.2932 
   HI_SS0622  7 0.2138 0.2501 0.3138 0.2223 
   HI_SS0626  7 0.2317 0.4942 0.1492 0.1249 
   HI_SS0627  7 0.1771 0.2257 0.3067 0.2906 
   HI_SS0628  7 0.4068 0.2359 0.1660 0.1914 
   HI_SS0629  7 0.3024 0.2549 0.3031 0.1396 
   HI_SS0630  7 0.2947 0.3086 0.1502 0.2464 
   HI_SS0631  7 0.2987 0.3477 0.1643 0.1893 
   HI_SS0632  7 0.2153 0.4355 0.2000 0.1492 
   HI_SS0633  7 0.1789 0.1534 0.1503 0.5174 
   HI_SS0634  7 0.2453 0.3231 0.2326 0.1989 
   HI_SS0635  7 0.1501 0.3913 0.2292 0.2294 
   HI_SS0637  7 0.2319 0.2943 0.3637 0.1101 
   HI_SS0638  7 0.2327 0.2478 0.2053 0.3143 
   HI_SS0639  7 0.1439 0.3354 0.2578 0.2629 
   HI_SS0640  7 0.1931 0.2778 0.2670 0.2622 
   HI_SS0641  7 0.3741 0.3891 0.1273 0.1095 
   HI_SS0642  7 0.1413 0.1939 0.4258 0.2389 
   HI_SS0645  7 0.0902 0.5407 0.1249 0.2441 
   HI_SS0646  7 0.2008 0.1044 0.3069 0.3879 
   HI_SS0647  7 0.1960 0.2109 0.2555 0.3375 
   HI_SS0648  7 0.2153 0.2812 0.2443 0.2591 
   HI_SS0649  7 0.2600 0.2205 0.2315 0.2879 
   HI_SS0650  7 0.1490 0.1574 0.1498 0.5438 
   HI_SS0651  7 0.2090 0.2305 0.2703 0.2903 
   HI_SS0652  7 0.1282 0.4890 0.1186 0.2642 
   NS_SS1371  7 0.3076 0.0990 0.3308 0.2627 
   NS_SS1374  7 0.3845 0.2445 0.1888 0.1822 
   NS_SS1337  7 0.1219 0.3426 0.3217 0.2138 
   NS_SS1385  7 0.1947 0.1407 0.2959 0.3686 
   NS_SS1388  7 0.2844 0.2542 0.1578 0.3036 
   NS_SS1370  7 0.0957 0.6719 0.1382 0.0942 
   NS_SS1389  7 0.1961 0.3685 0.1260 0.3094 
   NS_SS1360  7 0.3071 0.3594 0.2105 0.1230 
   NS_SS1330  7 0.1136 0.3545 0.2618 0.2701 
   NS_SS1328  7 0.3287 0.0874 0.1542 0.4297 
   NS_SS1384  7 0.2603 0.2110 0.3904 0.1383 
   NS_SS1381  7 0.0917 0.1505 0.1855 0.5724 
   NS_SS1375  7 0.1697 0.2883 0.1005 0.4415 
   NS_SS1319  7 0.2437 0.2360 0.2598 0.2605 
   NS_SS1326  7 0.4433 0.1472 0.1028 0.3067 
   NS_SS1341  7 0.3314 0.1645 0.3830 0.1211 
   NS_SS1383  7 0.2320 0.3007 0.3034 0.1638 
   NS_SS1318  7 0.2112 0.3574 0.1856 0.2458 
   NS_SS1348  7 0.4184 0.1835 0.2708 0.1273 
   NS_SS1363  7 0.1630 0.3348 0.3086 0.1936 
   NS_SS1335  7 0.2739 0.2816 0.3486 0.0959 
   NS_SS1358  7 0.2503 0.1523 0.4310 0.1664 
   NS_SS1342  7 0.3053 0.0816 0.4580 0.1552 
   NS_SS1320  7 0.0617 0.1117 0.2108 0.6159 
   NS_SS1355  7 0.1625 0.2432 0.3355 0.2588 
   NS_SS1345  7 0.1023 0.2149 0.4962 0.1866 
   NS_SS1324  7 0.3402 0.2588 0.2102 0.1908 
   NS_SS1347  7 0.2030 0.1825 0.3586 0.2560 
   NS_SS1321  7 0.3631 0.1953 0.2804 0.1613 
   NS_SS1333  7 0.4098 0.1724 0.2166 0.2012 
   NS_SS1364  7 0.3105 0.1763 0.3767 0.1364 
   NS_SS1379  7 0.1786 0.2328 0.2232 0.3654 
   NS_SS1332  7 0.4717 0.1770 0.1994 0.1519 
   NS_SS1338  7 0.3063 0.3930 0.1671 0.1336 
   NS_SS1368  7 0.3577 0.1274 0.3689 0.1460 
   NS_SS1354  7 0.1999 0.1958 0.4205 0.1838 
   NS_SS1365  7 0.1633 0.3175 0.2512 0.2680 
   NS_SS1380  7 0.1235 0.2847 0.4110 0.1807 
   NS_SS1329  7 0.3009 0.0854 0.4676 0.1462 
   NS_SS1362  7 0.2301 0.1578 0.3279 0.2843 
   NS_SS1327  7 0.6405 0.1387 0.0901 0.1307 
   NS_SS1350  7 0.2759 0.0839 0.1204 0.5198 
   NS_SS1387  7 0.2042 0.4859 0.1518 0.1582 
   NS_SS1369  7 0.3377 0.2467 0.2744 0.1412 
   NS_SS1331  7 0.2665 0.3694 0.1692 0.1949 
   NS_SS1357  7 0.2540 0.0776 0.1228 0.5455 
   NS_SS1386  7 0.4925 0.0935 0.3185 0.0955 
   NS_SS1353  7 0.2063 0.1464 0.2118 0.4355 
   NS_SS1323  7 0.1215 0.1938 0.3953 0.2894 
   HI_SS0296  8 0.3110 0.3647 0.1132 0.2111 
   HI_SS0297  8 0.1791 0.1801 0.2478 0.3930 
   HI_SS0299  8 0.2604 0.2489 0.3142 0.1764 
   HI_SS0300  8 0.2326 0.3653 0.2003 0.2018 
   HI_SS0301  8 0.1786 0.4941 0.2528 0.0745 
   HI_SS0302  8 0.2935 0.4288 0.1600 0.1177 
   HI_SS0303  8 0.3976 0.1307 0.1601 0.3116 
   HI_SS0304  8 0.2071 0.3359 0.1369 0.3201 
   HI_SS0306  8 0.3792 0.3216 0.1461 0.1531 
   HI_SS0307  8 0.1592 0.2608 0.3151 0.2649 
   HI_SS0308  8 0.1541 0.3483 0.3334 0.1642 
   HI_SS0309  8 0.1494 0.2501 0.4413 0.1592 
   HI_SS0310  8 0.2356 0.2558 0.1728 0.3359 
   HI_SS0311  8 0.2157 0.4042 0.2411 0.1390 
   HI_SS0314  8 0.2193 0.1576 0.1938 0.4293 
   HI_SS0316  8 0.3308 0.2049 0.2353 0.2290 
   HI_SS0317  8 0.2017 0.3140 0.3079 0.1764 
   HI_SS0318  8 0.4266 0.2090 0.2381 0.1264 
   HI_SS0319  8 0.5524 0.0987 0.1928 0.1561 
   HI_SS0320  8 0.1634 0.2714 0.2411 0.3241 
   HI_SS0321  8 0.3233 0.1684 0.2692 0.2391 
   HI_SS0323  8 0.3767 0.2848 0.1361 0.2023 
   HI_SS0325  8 0.3381 0.3556 0.1795 0.1267 
   HI_SS0327  8 0.3217 0.0653 0.2665 0.3464 
   HI_SS0329  8 0.1991 0.3695 0.2003 0.2311 
   HI_SS0333  8 0.2682 0.2509 0.2287 0.2523 
   HI_SS0334  8 0.3704 0.2139 0.2717 0.1440 
   HI_SS0335  8 0.1213 0.1925 0.4676 0.2186 
   HI_SS0339  8 0.1518 0.3623 0.2828 0.2032 
   HI_SS0343  8 0.1347 0.1239 0.4686 0.2727 
   HI_SS0344  8 0.5946 0.1210 0.1477 0.1367 
   HI_SS0345  8 0.1935 0.3464 0.3174 0.1427 
   HI_SS0346  8 0.3021 0.2743 0.2527 0.1709 
   HI_SS0350  8 0.0804 0.2867 0.4155 0.2174 
   HI_SS0351  8 0.1761 0.1529 0.5259 0.1451 
   HI_SS0352  8 0.1743 0.2233 0.3572 0.2452 
   HI_SS0362  8 0.1940 0.4955 0.1565 0.1540 
   HI_SS0363  8 0.3811 0.1190 0.2210 0.2789 
   HI_SS0365  8 0.3503 0.1367 0.2523 0.2608 
   HI_SS0366  8 0.4954 0.1585 0.1712 0.1749 
   HI_SS0367  8 0.1385 0.2270 0.3104 0.3241 
   HI_SS0369  8 0.1361 0.3772 0.2069 0.2798 
   HI_SS0370  8 0.2043 0.0943 0.2087 0.4927 
   HI_SS0371  8 0.4104 0.3123 0.1363 0.1410 
   HI_SS0373  8 0.2432 0.2695 0.1617 0.3256 
   HI_SS0374  8 0.1805 0.2506 0.2510 0.3180 
   HI_SS0377  8 0.2319 0.2061 0.4584 0.1037 
   HI_SS0379  8 0.6003 0.1103 0.2067 0.0827 
   HI_SS0380  8 0.1808 0.2405 0.3055 0.2732 
   HI_SS0381  8 0.1259 0.3451 0.3696 0.1594 
   HI_SS0384  8 0.3436 0.1595 0.1354 0.3616 
   HI_SS0385  8 0.2966 0.3801 0.1099 0.2135 
