

----------------------------------------------------
STRUCTURE by Pritchard, Stephens and Donnelly (2000)
     and Falush, Stephens and Pritchard (2003)
       Code by Pritchard, Falush and Hubisz
             Version 2.3.4 (Jul 2012)
----------------------------------------------------



Command line arguments:   /home/genobiwan/Documents/Programs/Structure/structure -m parameter_job_k4_r4 
Input File:    /media/genobiwan/Storage/Projets/Mackerel_NWA_2021/data_job_k4_r4

Run parameters:
   557 individuals
   3930 loci
   4 populations assumed
   100000 Burn-in period
   200000 Reps


--------------------------------------------
Proportion of membership of each pre-defined
 population in each of the 4 clusters

Given    Inferred Clusters              Number of
 Pop       1      2      3      4      Individuals

  1:     0.275  0.260  0.236  0.229       67
  2:     0.221  0.265  0.303  0.210       32
  3:     0.273  0.270  0.228  0.229       92
  4:     0.248  0.230  0.251  0.272       36
  5:     0.269  0.233  0.234  0.264       41
  6:     0.244  0.245  0.247  0.264      158
  7:     0.246  0.255  0.250  0.249       79
  8:     0.252  0.256  0.224  0.268       52
--------------------------------------------

Allele-freq. divergence among pops (Net nucleotide distance),
computed using point estimates of P.

      1       2       3       4      
 1      -    0.0017  0.0019  0.0020  
 2   0.0017     -    0.0022  0.0024  
 3   0.0019  0.0022     -    0.0024  
 4   0.0020  0.0024  0.0024     -    

Average distances (expected heterozygosity) between individuals in same cluster:
cluster  1  : 0.3131 
cluster  2  : 0.3123 
cluster  3  : 0.3142 
cluster  4  : 0.3125 

--------------------------------------------
Estimated Ln Prob of Data   = -2069844.7
Mean value of ln likelihood = -2063310.4
Variance of ln likelihood   = 13068.5
Mean value of alpha         = 1.7218

Mean value of Fst_1         = 0.0192
Mean value of Fst_2         = 0.0224
Mean value of Fst_3         = 0.0238
Mean value of Fst_4         = 0.0239


Inferred ancestry of individuals:
        Label (%Miss) Pop:  Inferred clusters
  1 NS_SS0963    (4)    1 :  0.444 0.194 0.194 0.168 
  2 NS_SS0983    (1)    1 :  0.192 0.194 0.141 0.473 
  3 NS_SS0719    (8)    1 :  0.258 0.289 0.203 0.250 
  4 NS_SS1001    (8)    1 :  0.165 0.311 0.399 0.125 
  5 NS_SS0936    (4)    1 :  0.373 0.114 0.373 0.141 
  6 NS_SS0955    (5)    1 :  0.359 0.206 0.125 0.310 
  7 NS_SS0944    (3)    1 :  0.331 0.202 0.222 0.245 
  8 NS_SS0945    (3)    1 :  0.154 0.203 0.358 0.285 
  9 NS_SS0922    (2)    1 :  0.201 0.262 0.412 0.126 
 10 NS_SS0929    (7)    1 :  0.318 0.197 0.174 0.311 
 11 NS_SS0956    (2)    1 :  0.160 0.489 0.240 0.110 
 12 NS_SS0906    (3)    1 :  0.367 0.195 0.161 0.277 
 13 NS_SS0721    (6)    1 :  0.151 0.488 0.160 0.200 
 14 NS_SS0982    (4)    1 :  0.420 0.251 0.168 0.161 
 15 NS_SS0923    (5)    1 :  0.285 0.283 0.249 0.183 
 16 NS_SS0905    (6)    1 :  0.213 0.358 0.201 0.229 
 17 NS_SS0925    (3)    1 :  0.341 0.251 0.296 0.113 
 18 NS_SS0947    (5)    1 :  0.340 0.161 0.333 0.166 
 19 NS_SS0926    (2)    1 :  0.264 0.194 0.109 0.432 
 20 NS_SS0918    (6)    1 :  0.409 0.330 0.146 0.116 
 21 NS_SS0966    (4)    1 :  0.412 0.220 0.203 0.165 
 22 NS_SS0938    (2)    1 :  0.255 0.152 0.453 0.140 
 23 NS_SS0917    (2)    1 :  0.182 0.195 0.256 0.367 
 24 NS_SS0957   (11)    1 :  0.221 0.426 0.157 0.196 
 25 NS_SS0987    (1)    1 :  0.168 0.568 0.097 0.168 
 26 NS_SS0717    (4)    1 :  0.187 0.347 0.335 0.131 
 27 NS_SS0986    (2)    1 :  0.236 0.362 0.127 0.275 
 28 NS_SS0953    (4)    1 :  0.322 0.266 0.281 0.131 
 29 NS_SS0907    (3)    1 :  0.469 0.159 0.153 0.219 
 30 NS_SS0974    (6)    1 :  0.347 0.125 0.288 0.240 
 31 NS_SS0989    (1)    1 :  0.170 0.124 0.248 0.458 
 32 NS_SS0991    (2)    1 :  0.296 0.344 0.078 0.282 
 33 NS_SS0994    (2)    1 :  0.110 0.085 0.244 0.560 
 34 NS_SS0931    (6)    1 :  0.229 0.293 0.115 0.364 
 35 NS_SS1000    (5)    1 :  0.314 0.170 0.371 0.145 
 36 NS_SS0919    (1)    1 :  0.465 0.142 0.114 0.279 
 37 NS_SS0949    (3)    1 :  0.191 0.172 0.237 0.400 
 38 NS_SS0960   (10)    1 :  0.308 0.292 0.109 0.291 
 39 NS_SS0716    (2)    1 :  0.089 0.541 0.247 0.122 
 40 NS_SS0924    (8)    1 :  0.388 0.215 0.131 0.266 
 41 NS_SS0935    (1)    1 :  0.164 0.331 0.133 0.372 
 42 NS_SS0952   (13)    1 :  0.335 0.160 0.134 0.371 
 43 NS_SS0962   (10)    1 :  0.274 0.291 0.274 0.160 
 44 NS_SS0973    (5)    1 :  0.441 0.172 0.202 0.185 
 45 NS_SS0722    (1)    1 :  0.198 0.146 0.553 0.103 
 46 NS_SS0979   (13)    1 :  0.298 0.383 0.174 0.145 
 47 NS_SS0993    (2)    1 :  0.336 0.240 0.313 0.111 
 48 NS_SS0958    (1)    1 :  0.206 0.219 0.200 0.375 
 49 NS_SS0988    (4)    1 :  0.397 0.221 0.111 0.272 
 50 NS_SS1003    (2)    1 :  0.414 0.379 0.114 0.093 
 51 NS_SS0976    (0)    1 :  0.314 0.175 0.161 0.350 
 52 NS_SS0964   (10)    1 :  0.176 0.306 0.411 0.107 
 53 NS_SS0939    (4)    1 :  0.075 0.472 0.355 0.097 
 54 NS_SS0990    (6)    1 :  0.150 0.275 0.246 0.329 
 55 NS_SS0984    (2)    1 :  0.193 0.255 0.445 0.107 
 56 NS_SS0980    (9)    1 :  0.379 0.112 0.365 0.144 
 57 NS_SS0978    (4)    1 :  0.316 0.145 0.368 0.170 
 58 NS_SS0951   (17)    1 :  0.186 0.442 0.098 0.274 
 59 NS_SS0913    (3)    1 :  0.161 0.403 0.278 0.158 
 60 NS_SS1002    (1)    1 :  0.579 0.117 0.186 0.118 
 61 NS_SS0948    (1)    1 :  0.321 0.270 0.158 0.251 
 62 NS_SS0916    (4)    1 :  0.147 0.203 0.392 0.258 
 63 NS_SS0995    (1)    1 :  0.179 0.314 0.332 0.176 
 64 NS_SS0927    (6)    1 :  0.183 0.154 0.294 0.369 
 65 NS_SS0992    (5)    1 :  0.278 0.097 0.380 0.245 
 66 NS_SS0912    (1)    1 :  0.197 0.426 0.110 0.267 
 67 NS_SS0981    (1)    1 :  0.406 0.343 0.118 0.133 
 68 NS_SS0729    (5)    2 :  0.242 0.072 0.248 0.437 
 69 NS_SS0967   (14)    2 :  0.525 0.149 0.181 0.145 
 70 NS_SS0941    (7)    2 :  0.157 0.219 0.442 0.181 
 71 NS_SS0768   (12)    2 :  0.296 0.353 0.178 0.173 
 72 NS_SS0726    (4)    2 :  0.255 0.084 0.345 0.316 
 73 NS_SS0763    (4)    2 :  0.232 0.151 0.258 0.359 
 74 NS_SS0730    (6)    2 :  0.201 0.329 0.312 0.158 
 75 NS_SS0774    (1)    2 :  0.270 0.163 0.448 0.119 
 76 NS_SS0723    (3)    2 :  0.375 0.240 0.285 0.099 
 77 NS_SS0940    (9)    2 :  0.121 0.269 0.326 0.284 
 78 NS_SS0762    (1)    2 :  0.154 0.269 0.500 0.077 
 79 NS_SS0766   (11)    2 :  0.088 0.298 0.391 0.223 
 80 NS_SS0724    (1)    2 :  0.299 0.349 0.217 0.136 
 81 NS_SS0769    (3)    2 :  0.283 0.272 0.213 0.233 
 82 NS_SS0777    (2)    2 :  0.235 0.307 0.132 0.325 
 83 NS_SS0734    (6)    2 :  0.130 0.371 0.245 0.254 
 84 NS_SS0737    (3)    2 :  0.116 0.166 0.628 0.090 
 85 NS_SS0732    (5)    2 :  0.220 0.513 0.140 0.126 
 86 NS_SS0728    (5)    2 :  0.149 0.248 0.411 0.192 
 87 NS_SS0735    (9)    2 :  0.181 0.260 0.419 0.141 
 88 NS_SS0725    (1)    2 :  0.198 0.203 0.458 0.141 
 89 NS_SS0788    (2)    2 :  0.349 0.221 0.202 0.228 
 90 NS_SS0778    (2)    2 :  0.261 0.266 0.146 0.327 
 91 NS_SS0792    (6)    2 :  0.211 0.347 0.192 0.250 
 92 NS_SS0943   (11)    2 :  0.367 0.191 0.109 0.333 
 93 NS_SS0791    (2)    2 :  0.088 0.317 0.307 0.288 
 94 NS_SS0790    (5)    2 :  0.306 0.425 0.203 0.066 
 95 NS_SS0731    (6)    2 :  0.153 0.500 0.195 0.153 
 96 NS_SS0727    (6)    2 :  0.098 0.100 0.473 0.329 
 97 NS_SS0779   (12)    2 :  0.229 0.304 0.233 0.234 
 98 NS_SS0776    (3)    2 :  0.175 0.226 0.397 0.202 
 99 NS_SS0775    (5)    2 :  0.122 0.306 0.460 0.111 
100 NS_SS0965    (3)    3 :  0.330 0.379 0.131 0.160 
101 NS_SS0754   (13)    3 :  0.182 0.309 0.171 0.339 
102 NS_SS0838    (5)    3 :  0.286 0.174 0.288 0.251 
103 NS_SS0839    (3)    3 :  0.244 0.288 0.372 0.097 
104 NS_SS0832    (4)    3 :  0.414 0.311 0.202 0.073 
105 NS_SS0820    (4)    3 :  0.349 0.359 0.187 0.104 
106 NS_SS0886    (9)    3 :  0.188 0.310 0.184 0.318 
107 NS_SS0748    (5)    3 :  0.318 0.259 0.139 0.284 
108 NS_SS0884    (9)    3 :  0.304 0.203 0.260 0.232 
109 NS_SS0752    (3)    3 :  0.271 0.173 0.382 0.174 
110 NS_SS0862    (1)    3 :  0.228 0.499 0.171 0.102 
111 NS_SS0787    (9)    3 :  0.162 0.143 0.108 0.586 
112 NS_SS0843    (6)    3 :  0.280 0.253 0.253 0.213 
113 NS_SS0856    (4)    3 :  0.162 0.195 0.413 0.229 
114 NS_SS0846    (2)    3 :  0.450 0.089 0.224 0.237 
115 NS_SS0825    (1)    3 :  0.346 0.252 0.153 0.249 
116 NS_SS0757    (3)    3 :  0.243 0.312 0.161 0.283 
117 NS_SS0876    (3)    3 :  0.246 0.232 0.342 0.180 
118 NS_SS0903    (9)    3 :  0.405 0.127 0.368 0.100 
119 NS_SS0875    (7)    3 :  0.166 0.399 0.209 0.227 
120 NS_SS0740    (5)    3 :  0.292 0.236 0.276 0.196 
121 NS_SS0811    (5)    3 :  0.177 0.573 0.152 0.098 
122 NS_SS0751    (1)    3 :  0.179 0.268 0.356 0.197 
123 NS_SS0891    (6)    3 :  0.206 0.239 0.350 0.205 
124 NS_SS0867    (2)    3 :  0.479 0.189 0.102 0.231 
125 NS_SS0890    (6)    3 :  0.278 0.246 0.259 0.217 
126 NS_SS0866   (11)    3 :  0.129 0.144 0.192 0.535 
127 NS_SS0755    (4)    3 :  0.354 0.297 0.171 0.178 
128 NS_SS0758    (4)    3 :  0.217 0.194 0.369 0.220 
129 NS_SS0840    (2)    3 :  0.433 0.253 0.226 0.088 
130 NS_SS0889    (4)    3 :  0.172 0.305 0.120 0.402 
131 NS_SS1010    (1)    3 :  0.434 0.223 0.143 0.200 
132 NS_SS0888    (5)    3 :  0.117 0.159 0.279 0.445 
133 NS_SS0837    (3)    3 :  0.380 0.388 0.126 0.106 
134 NS_SS0794    (9)    3 :  0.117 0.203 0.308 0.372 
135 NS_SS0823    (4)    3 :  0.370 0.158 0.355 0.117 
136 NS_SS0829    (7)    3 :  0.188 0.287 0.076 0.449 
137 NS_SS0844    (5)    3 :  0.643 0.155 0.123 0.079 
138 NS_SS1008    (5)    3 :  0.143 0.198 0.327 0.333 
139 NS_SS0881    (3)    3 :  0.236 0.279 0.197 0.288 
140 NS_SS0834    (6)    3 :  0.189 0.154 0.534 0.123 
141 NS_SS0744   (10)    3 :  0.329 0.210 0.230 0.231 
142 NS_SS0899    (7)    3 :  0.202 0.532 0.162 0.105 
143 NS_SS0804    (4)    3 :  0.321 0.370 0.227 0.081 
144 NS_SS0781   (10)    3 :  0.404 0.249 0.238 0.109 
145 NS_SS0822    (6)    3 :  0.234 0.186 0.349 0.230 
146 NS_SS1004    (4)    3 :  0.452 0.208 0.180 0.160 
147 NS_SS0746    (5)    3 :  0.409 0.139 0.233 0.219 
148 NS_SS0880    (3)    3 :  0.399 0.183 0.263 0.156 
149 NS_SS0879    (4)    3 :  0.252 0.242 0.346 0.161 
150 NS_SS0753    (2)    3 :  0.252 0.323 0.114 0.311 
151 NS_SS1007    (2)    3 :  0.174 0.140 0.487 0.199 
152 NS_SS0872    (5)    3 :  0.324 0.227 0.305 0.144 
153 NS_SS1005    (7)    3 :  0.460 0.161 0.234 0.146 
154 NS_SS0892    (6)    3 :  0.227 0.274 0.263 0.236 
155 NS_SS0898    (0)    3 :  0.231 0.301 0.182 0.285 
156 NS_SS0801    (9)    3 :  0.269 0.372 0.147 0.213 
157 NS_SS0827    (8)    3 :  0.183 0.475 0.081 0.262 
158 NS_SS0853    (6)    3 :  0.157 0.492 0.101 0.250 
159 NS_SS0780    (2)    3 :  0.234 0.333 0.277 0.156 
160 NS_SS0826   (10)    3 :  0.558 0.148 0.093 0.201 
161 NS_SS0818    (5)    3 :  0.241 0.341 0.326 0.092 
162 NS_SS0745    (1)    3 :  0.075 0.412 0.427 0.085 
163 NS_SS0849    (3)    3 :  0.212 0.539 0.090 0.159 
164 NS_SS0739    (3)    3 :  0.157 0.365 0.246 0.232 
165 NS_SS0799    (1)    3 :  0.153 0.232 0.302 0.313 
166 NS_SS0756    (2)    3 :  0.505 0.268 0.137 0.090 
167 NS_SS0802    (2)    3 :  0.269 0.133 0.281 0.318 
168 NS_SS0747    (6)    3 :  0.400 0.172 0.215 0.213 
169 NS_SS0835    (1)    3 :  0.213 0.113 0.170 0.504 
170 NS_SS0742   (18)    3 :  0.304 0.273 0.246 0.177 
171 NS_SS0760    (9)    3 :  0.185 0.168 0.187 0.460 
172 NS_SS0803    (4)    3 :  0.480 0.141 0.287 0.093 
173 NS_SS0828   (13)    3 :  0.171 0.429 0.176 0.224 
174 NS_SS0865    (2)    3 :  0.373 0.295 0.112 0.220 
175 NS_SS0759    (4)    3 :  0.203 0.351 0.342 0.104 
176 NS_SS0851    (5)    3 :  0.152 0.584 0.150 0.114 
177 NS_SS0874   (16)    3 :  0.460 0.192 0.219 0.129 
178 NS_SS0761    (6)    3 :  0.236 0.254 0.105 0.405 
179 NS_SS0842   (25)    3 :  0.228 0.244 0.221 0.307 
180 NS_SS0785    (6)    3 :  0.305 0.203 0.193 0.299 
181 NS_SS0860   (11)    3 :  0.227 0.128 0.147 0.498 
182 NS_SS0897    (7)    3 :  0.122 0.216 0.141 0.520 
183 NS_SS0841   (14)    3 :  0.207 0.448 0.245 0.100 
184 NS_SS0797    (6)    3 :  0.250 0.343 0.103 0.304 
185 NS_SS0830   (10)    3 :  0.291 0.326 0.159 0.224 
186 NS_SS1011    (5)    3 :  0.523 0.197 0.170 0.111 
187 NS_SS0883    (5)    3 :  0.183 0.413 0.135 0.270 
188 NS_SS0782    (2)    3 :  0.149 0.168 0.436 0.247 
189 NS_SS0831    (5)    3 :  0.133 0.360 0.105 0.402 
190 NS_SS0749    (7)    3 :  0.133 0.353 0.267 0.247 
191 NS_SS0854    (2)    3 :  0.179 0.158 0.410 0.253 
192 HI_SS0193    (0)    4 :  0.118 0.239 0.320 0.323 
193 HI_SS0194    (0)    4 :  0.196 0.131 0.516 0.157 
194 HI_SS0195    (9)    4 :  0.185 0.493 0.227 0.095 
195 HI_SS0196    (6)    4 :  0.141 0.167 0.436 0.256 
196 HI_SS0197    (3)    4 :  0.384 0.134 0.270 0.212 
197 HI_SS0198    (1)    4 :  0.181 0.359 0.163 0.297 
198 HI_SS0199    (1)    4 :  0.148 0.133 0.406 0.313 
199 HI_SS0201    (4)    4 :  0.298 0.184 0.075 0.443 
200 HI_SS0215    (1)    4 :  0.255 0.201 0.084 0.460 
201 HI_SS0218    (1)    4 :  0.092 0.200 0.209 0.498 
202 HI_SS0222    (0)    4 :  0.137 0.332 0.315 0.216 
203 HI_SS0230    (1)    4 :  0.345 0.339 0.125 0.192 
204 HI_SS0234    (1)    4 :  0.275 0.085 0.425 0.215 
205 HI_SS0240    (1)    4 :  0.126 0.175 0.533 0.166 
206 HI_SS0241    (0)    4 :  0.261 0.183 0.167 0.389 
207 HI_SS0242    (0)    4 :  0.299 0.248 0.213 0.240 
208 HI_SS0247    (0)    4 :  0.430 0.259 0.134 0.178 
209 HI_SS0248    (1)    4 :  0.140 0.109 0.358 0.392 
210 HI_SS0252    (2)    4 :  0.184 0.267 0.406 0.143 
211 HI_SS0254    (1)    4 :  0.350 0.159 0.199 0.292 
212 HI_SS0256    (0)    4 :  0.445 0.215 0.288 0.052 
213 HI_SS0257    (0)    4 :  0.317 0.079 0.216 0.389 
214 HI_SS0258    (1)    4 :  0.174 0.248 0.187 0.392 
215 HI_SS0259    (1)    4 :  0.221 0.203 0.413 0.164 
216 HI_SS0260    (1)    4 :  0.156 0.155 0.282 0.407 
217 HI_SS0261    (2)    4 :  0.346 0.114 0.280 0.261 
218 HI_SS0262    (0)    4 :  0.229 0.372 0.220 0.179 
219 HI_SS0264    (1)    4 :  0.278 0.371 0.175 0.176 
220 HI_SS0265    (0)    4 :  0.316 0.329 0.173 0.183 
221 HI_SS0268    (1)    4 :  0.135 0.355 0.195 0.314 
222 HI_SS0269    (1)    4 :  0.232 0.075 0.176 0.518 
223 HI_SS0273    (0)    4 :  0.404 0.143 0.130 0.323 
224 HI_SS0277    (1)    4 :  0.495 0.212 0.130 0.164 
225 HI_SS0280    (0)    4 :  0.129 0.441 0.232 0.198 
226 HI_SS0282    (1)    4 :  0.308 0.206 0.187 0.299 
227 HI_SS0286    (1)    4 :  0.183 0.357 0.167 0.292 
228 NS_SS1252    (3)    5 :  0.133 0.153 0.146 0.568 
229 NS_SS1261    (1)    5 :  0.285 0.247 0.197 0.271 
230 NS_SS1225    (9)    5 :  0.438 0.142 0.115 0.304 
231 NS_SS1266    (1)    5 :  0.557 0.188 0.177 0.078 
232 NS_SS1228    (0)    5 :  0.141 0.547 0.164 0.148 
233 NS_SS1255    (2)    5 :  0.142 0.125 0.566 0.167 
234 NS_SS1267    (3)    5 :  0.092 0.178 0.126 0.604 
235 NS_SS1238    (6)    5 :  0.176 0.356 0.197 0.270 
236 NS_SS1233    (8)    5 :  0.463 0.285 0.129 0.123 
237 NS_SS1277    (3)    5 :  0.077 0.196 0.369 0.357 
238 NS_SS1245    (1)    5 :  0.317 0.140 0.266 0.277 
239 NS_SS1240    (4)    5 :  0.121 0.104 0.149 0.626 
240 NS_SS1275    (2)    5 :  0.386 0.272 0.254 0.088 
241 NS_SS1235    (1)    5 :  0.308 0.071 0.461 0.160 
242 NS_SS1263    (1)    5 :  0.286 0.224 0.370 0.119 
243 NS_SS1251    (1)    5 :  0.438 0.181 0.238 0.142 
244 NS_SS1248    (0)    5 :  0.106 0.638 0.080 0.177 
245 NS_SS1244    (0)    5 :  0.473 0.173 0.153 0.200 
246 NS_SS1257    (0)    5 :  0.146 0.209 0.238 0.406 
247 NS_SS1242    (2)    5 :  0.265 0.249 0.353 0.133 
248 NS_SS1271    (6)    5 :  0.134 0.160 0.152 0.553 
249 NS_SS1265    (1)    5 :  0.218 0.177 0.154 0.451 
250 NS_SS1243    (0)    5 :  0.115 0.438 0.295 0.152 
251 NS_SS1273    (1)    5 :  0.251 0.268 0.373 0.109 
252 NS_SS1254   (14)    5 :  0.390 0.260 0.213 0.137 
253 NS_SS1224    (1)    5 :  0.338 0.370 0.181 0.111 
254 NS_SS1227    (8)    5 :  0.214 0.129 0.242 0.415 
255 NS_SS1274    (8)    5 :  0.177 0.242 0.248 0.333 
256 NS_SS1241    (1)    5 :  0.374 0.169 0.162 0.295 
257 NS_SS1256    (3)    5 :  0.483 0.100 0.154 0.263 
258 NS_SS1260    (8)    5 :  0.227 0.142 0.214 0.417 
259 NS_SS1262    (0)    5 :  0.369 0.226 0.111 0.293 
260 NS_SS1230    (0)    5 :  0.268 0.237 0.214 0.281 
261 NS_SS1270    (2)    5 :  0.376 0.396 0.096 0.133 
262 NS_SS1229    (2)    5 :  0.279 0.066 0.524 0.131 
263 NS_SS1246    (5)    5 :  0.187 0.115 0.306 0.392 
264 NS_SS1269    (0)    5 :  0.242 0.296 0.279 0.184 
265 NS_SS1239    (1)    5 :  0.142 0.341 0.388 0.129 
266 NS_SS1272    (4)    5 :  0.494 0.157 0.142 0.207 
267 NS_SS1268    (1)    5 :  0.258 0.492 0.129 0.122 
268 NS_SS1249    (0)    5 :  0.133 0.098 0.274 0.495 
269 HI_SS0559    (0)    6 :  0.197 0.298 0.276 0.229 
270 HI_SS0563    (1)    6 :  0.337 0.244 0.201 0.218 
271 HI_SS0564    (0)    6 :  0.272 0.267 0.273 0.188 
272 HI_SS0565    (0)    6 :  0.382 0.157 0.158 0.303 
273 HI_SS0569    (0)    6 :  0.332 0.224 0.067 0.377 
274 HI_SS0570    (0)    6 :  0.107 0.243 0.202 0.448 
275 HI_SS0572    (1)    6 :  0.243 0.122 0.509 0.126 
276 HI_SS0576    (0)    6 :  0.147 0.470 0.253 0.130 
277 HI_SS0579    (1)    6 :  0.404 0.133 0.206 0.258 
278 HI_SS0580    (1)    6 :  0.127 0.211 0.303 0.359 
279 HI_SS0581    (0)    6 :  0.307 0.377 0.205 0.112 
280 HI_SS0583    (1)    6 :  0.180 0.116 0.257 0.447 
281 HI_SS0586    (1)    6 :  0.101 0.291 0.089 0.519 
282 HI_SS0588    (1)    6 :  0.262 0.198 0.188 0.353 
283 HI_SS0595    (4)    6 :  0.292 0.133 0.208 0.367 
284 HI_SS0596    (0)    6 :  0.138 0.172 0.578 0.111 
285 HI_SS0597    (1)    6 :  0.266 0.143 0.426 0.166 
286 HI_SS0600    (0)    6 :  0.249 0.211 0.218 0.322 
287 HI_SS0601    (1)    6 :  0.454 0.229 0.078 0.238 
288 HI_SS0602    (1)    6 :  0.101 0.382 0.166 0.351 
289 HI_SS0604    (0)    6 :  0.217 0.306 0.257 0.220 
290 HI_SS0605    (1)    6 :  0.153 0.338 0.221 0.287 
291 HI_SS0608    (0)    6 :  0.118 0.382 0.288 0.212 
292 HI_SS0609    (0)    6 :  0.468 0.162 0.241 0.130 
293 HI_SS0611    (5)    6 :  0.108 0.337 0.127 0.428 
294 HI_SS0612    (1)    6 :  0.489 0.075 0.245 0.191 
295 HI_SS0613    (1)    6 :  0.184 0.502 0.108 0.206 
296 HI_SS0615    (0)    6 :  0.177 0.305 0.423 0.094 
297 HI_SS0001    (1)    6 :  0.177 0.118 0.416 0.289 
298 HI_SS0002    (1)    6 :  0.457 0.188 0.244 0.111 
299 HI_SS0004    (0)    6 :  0.093 0.229 0.311 0.367 
300 HI_SS0005    (1)    6 :  0.174 0.535 0.122 0.168 
301 HI_SS0006    (1)    6 :  0.386 0.111 0.152 0.351 
302 HI_SS0007    (1)    6 :  0.088 0.461 0.143 0.308 
303 HI_SS0008    (0)    6 :  0.338 0.304 0.161 0.197 
304 HI_SS0009    (0)    6 :  0.115 0.409 0.362 0.114 
305 HI_SS0010    (1)    6 :  0.181 0.407 0.132 0.280 
306 HI_SS0011    (1)    6 :  0.531 0.230 0.106 0.134 
307 HI_SS0012    (0)    6 :  0.356 0.252 0.267 0.125 
308 HI_SS0017    (1)    6 :  0.129 0.161 0.577 0.133 
309 HI_SS0021    (1)    6 :  0.223 0.237 0.133 0.406 
310 HI_SS0024    (1)    6 :  0.194 0.343 0.307 0.157 
311 HI_SS0025    (1)    6 :  0.174 0.292 0.402 0.132 
312 HI_SS0027    (0)    6 :  0.193 0.308 0.173 0.327 
313 HI_SS0028    (0)    6 :  0.272 0.490 0.148 0.090 
314 HI_SS0029    (1)    6 :  0.126 0.273 0.332 0.269 
315 HI_SS0030    (2)    6 :  0.273 0.201 0.270 0.255 
316 HI_SS0031    (0)    6 :  0.433 0.127 0.266 0.174 
317 HI_SS0034    (0)    6 :  0.239 0.109 0.241 0.410 
318 HI_SS0036    (0)    6 :  0.107 0.261 0.144 0.488 
319 HI_SS0037    (1)    6 :  0.132 0.286 0.103 0.479 
320 HI_SS0039    (0)    6 :  0.164 0.417 0.104 0.314 
321 HI_SS0041    (1)    6 :  0.119 0.444 0.303 0.134 
322 HI_SS0042    (1)    6 :  0.247 0.279 0.333 0.141 
323 HI_SS0043    (1)    6 :  0.177 0.165 0.103 0.554 
324 HI_SS0044    (1)    6 :  0.088 0.157 0.435 0.320 
325 HI_SS0047    (1)    6 :  0.246 0.277 0.337 0.140 
326 HI_SS0049    (0)    6 :  0.183 0.198 0.449 0.169 
327 HI_SS0051    (1)    6 :  0.294 0.418 0.122 0.166 
328 HI_SS0053    (1)    6 :  0.248 0.121 0.181 0.451 
329 HI_SS0054    (4)    6 :  0.312 0.222 0.084 0.382 
330 HI_SS0057    (0)    6 :  0.224 0.419 0.190 0.167 
331 HI_SS0058    (0)    6 :  0.209 0.211 0.207 0.373 
332 HI_SS0060    (0)    6 :  0.308 0.383 0.129 0.181 
333 HI_SS0087    (1)    6 :  0.361 0.143 0.213 0.283 
334 HI_SS0091    (0)    6 :  0.263 0.076 0.135 0.527 
335 HI_SS0095    (1)    6 :  0.326 0.180 0.232 0.262 
336 HI_SS0097    (3)    6 :  0.528 0.171 0.153 0.148 
337 HI_SS0099    (0)    6 :  0.141 0.337 0.310 0.213 
338 HI_SS0103    (0)    6 :  0.289 0.118 0.404 0.190 
339 HI_SS0105    (1)    6 :  0.433 0.226 0.133 0.208 
340 HI_SS0107    (1)    6 :  0.220 0.123 0.561 0.096 
341 HI_SS0108    (1)    6 :  0.127 0.131 0.141 0.601 
342 HI_SS0110    (0)    6 :  0.334 0.108 0.279 0.279 
343 HI_SS0111    (1)    6 :  0.220 0.292 0.256 0.232 
344 HI_SS0112    (0)    6 :  0.118 0.162 0.164 0.556 
345 HI_SS0113    (1)    6 :  0.303 0.203 0.374 0.120 
346 HI_SS0114    (1)    6 :  0.175 0.343 0.102 0.380 
347 HI_SS0115    (1)    6 :  0.156 0.234 0.391 0.219 
348 HI_SS0116    (4)    6 :  0.106 0.119 0.354 0.420 
349 HI_SS0117    (0)    6 :  0.454 0.091 0.133 0.322 
350 HI_SS0118    (0)    6 :  0.298 0.136 0.198 0.368 
351 HI_SS0119    (1)    6 :  0.391 0.173 0.121 0.315 
352 HI_SS0120    (1)    6 :  0.228 0.101 0.558 0.114 
353 HI_SS0121    (1)    6 :  0.416 0.386 0.080 0.118 
354 HI_SS0122    (2)    6 :  0.269 0.273 0.191 0.267 
355 HI_SS0123    (0)    6 :  0.426 0.118 0.233 0.223 
356 HI_SS0124    (1)    6 :  0.128 0.303 0.480 0.090 
357 HI_SS0125    (1)    6 :  0.177 0.397 0.316 0.110 
358 HI_SS0126    (0)    6 :  0.125 0.133 0.293 0.450 
359 HI_SS0127    (0)    6 :  0.230 0.485 0.106 0.179 
360 HI_SS0128    (0)    6 :  0.281 0.125 0.406 0.188 
361 HI_SS0129    (1)    6 :  0.117 0.194 0.295 0.393 
362 HI_SS0131    (2)    6 :  0.246 0.376 0.075 0.304 
363 HI_SS0132    (0)    6 :  0.343 0.289 0.151 0.217 
364 HI_SS0133    (1)    6 :  0.105 0.160 0.183 0.552 
365 HI_SS0134    (1)    6 :  0.373 0.160 0.210 0.256 
366 HI_SS0142    (3)    6 :  0.467 0.210 0.132 0.191 
367 HI_SS0145    (0)    6 :  0.313 0.135 0.282 0.270 
368 HI_SS0146    (1)    6 :  0.262 0.251 0.184 0.304 
369 HI_SS0147    (1)    6 :  0.322 0.433 0.126 0.119 
370 HI_SS0149    (1)    6 :  0.521 0.131 0.113 0.235 
371 HI_SS0150    (2)    6 :  0.191 0.391 0.303 0.115 
372 HI_SS0151    (0)    6 :  0.135 0.218 0.426 0.221 
373 NS_SS1451    (1)    6 :  0.153 0.361 0.389 0.096 
374 NS_SS1404    (0)    6 :  0.185 0.458 0.165 0.192 
375 NS_SS1432    (2)    6 :  0.177 0.268 0.411 0.144 
376 NS_SS1405    (4)    6 :  0.161 0.239 0.369 0.231 
377 NS_SS1431   (10)    6 :  0.256 0.244 0.380 0.120 
378 NS_SS1402    (3)    6 :  0.347 0.131 0.250 0.272 
379 NS_SS1450    (3)    6 :  0.109 0.192 0.370 0.329 
380 NS_SS1396    (0)    6 :  0.259 0.308 0.207 0.226 
381 NS_SS1393    (5)    6 :  0.158 0.257 0.253 0.333 
382 NS_SS1392   (10)    6 :  0.081 0.295 0.483 0.140 
383 NS_SS1445    (0)    6 :  0.289 0.205 0.109 0.397 
384 NS_SS1423    (0)    6 :  0.269 0.115 0.309 0.307 
385 NS_SS1421    (9)    6 :  0.294 0.178 0.232 0.296 
386 NS_SS1411    (6)    6 :  0.091 0.432 0.130 0.347 
387 NS_SS1453    (5)    6 :  0.254 0.203 0.162 0.380 
388 NS_SS1442    (2)    6 :  0.309 0.255 0.218 0.219 
389 NS_SS1422    (1)    6 :  0.347 0.128 0.350 0.174 
390 NS_SS1419    (1)    6 :  0.349 0.385 0.115 0.151 
391 NS_SS1427    (0)    6 :  0.074 0.091 0.367 0.468 
392 NS_SS1444    (3)    6 :  0.229 0.399 0.216 0.156 
393 NS_SS1455    (0)    6 :  0.350 0.166 0.374 0.110 
394 NS_SS1425    (2)    6 :  0.199 0.185 0.098 0.518 
395 NS_SS1400    (0)    6 :  0.248 0.240 0.120 0.392 
396 NS_SS1406    (1)    6 :  0.565 0.168 0.176 0.091 
397 NS_SS1417    (6)    6 :  0.328 0.200 0.207 0.265 
398 NS_SS1454    (2)    6 :  0.262 0.246 0.120 0.372 
399 NS_SS1412    (1)    6 :  0.186 0.246 0.244 0.324 
400 NS_SS1438    (1)    6 :  0.209 0.265 0.094 0.432 
401 NS_SS1416    (4)    6 :  0.253 0.304 0.188 0.255 
402 NS_SS1401    (0)    6 :  0.325 0.156 0.219 0.300 
403 NS_SS1424    (6)    6 :  0.321 0.189 0.195 0.295 
404 NS_SS1435    (9)    6 :  0.110 0.353 0.326 0.211 
405 NS_SS1447    (4)    6 :  0.315 0.341 0.187 0.157 
406 NS_SS1414    (3)    6 :  0.229 0.423 0.207 0.140 
407 NS_SS1449   (14)    6 :  0.244 0.186 0.390 0.180 
408 NS_SS1443    (4)    6 :  0.246 0.082 0.311 0.362 
409 NS_SS1434    (1)    6 :  0.145 0.086 0.568 0.201 
410 NS_SS1398    (1)    6 :  0.133 0.286 0.390 0.191 
411 NS_SS1426    (1)    6 :  0.185 0.165 0.169 0.481 
412 NS_SS1413    (0)    6 :  0.200 0.126 0.319 0.356 
413 NS_SS1395    (1)    6 :  0.267 0.137 0.210 0.386 
414 NS_SS1448   (10)    6 :  0.109 0.387 0.231 0.273 
415 NS_SS1446    (0)    6 :  0.249 0.151 0.222 0.378 
416 NS_SS1403    (2)    6 :  0.290 0.245 0.267 0.198 
417 NS_SS1415    (0)    6 :  0.166 0.263 0.197 0.374 
418 NS_SS1437    (4)    6 :  0.320 0.281 0.203 0.197 
419 NS_SS1439    (2)    6 :  0.414 0.143 0.205 0.238 
420 NS_SS1441    (3)    6 :  0.222 0.125 0.301 0.352 
421 NS_SS1420    (2)    6 :  0.085 0.643 0.169 0.102 
422 NS_SS1394    (2)    6 :  0.181 0.475 0.206 0.138 
423 NS_SS1391    (7)    6 :  0.124 0.100 0.455 0.322 
424 NS_SS1410    (5)    6 :  0.218 0.186 0.257 0.340 
425 NS_SS1408    (1)    6 :  0.394 0.240 0.202 0.165 
426 NS_SS1409    (1)    6 :  0.155 0.095 0.456 0.293 
427 HI_SS0617    (1)    7 :  0.133 0.163 0.387 0.317 
428 HI_SS0618    (2)    7 :  0.163 0.375 0.304 0.159 
429 HI_SS0619    (0)    7 :  0.139 0.269 0.334 0.258 
430 HI_SS0620    (1)    7 :  0.098 0.264 0.186 0.452 
431 HI_SS0621    (3)    7 :  0.302 0.236 0.299 0.162 
432 HI_SS0622    (1)    7 :  0.354 0.237 0.210 0.199 
433 HI_SS0626    (0)    7 :  0.135 0.529 0.112 0.224 
434 HI_SS0627    (0)    7 :  0.257 0.248 0.309 0.186 
435 HI_SS0628    (3)    7 :  0.147 0.255 0.194 0.404 
436 HI_SS0629    (1)    7 :  0.290 0.269 0.128 0.313 
437 HI_SS0630    (1)    7 :  0.152 0.309 0.238 0.301 
438 HI_SS0631    (0)    7 :  0.168 0.370 0.183 0.278 
439 HI_SS0632    (0)    7 :  0.219 0.446 0.141 0.195 
440 HI_SS0633    (0)    7 :  0.139 0.159 0.527 0.175 
441 HI_SS0634    (1)    7 :  0.205 0.350 0.204 0.241 
442 HI_SS0635    (0)    7 :  0.234 0.417 0.210 0.139 
443 HI_SS0637    (1)    7 :  0.387 0.280 0.106 0.227 
444 HI_SS0638    (0)    7 :  0.206 0.255 0.308 0.230 
445 HI_SS0639    (1)    7 :  0.266 0.355 0.256 0.122 
446 HI_SS0640    (1)    7 :  0.302 0.270 0.252 0.176 
447 HI_SS0641    (1)    7 :  0.128 0.410 0.089 0.373 
448 HI_SS0642    (0)    7 :  0.390 0.219 0.254 0.138 
449 HI_SS0645    (0)    7 :  0.124 0.584 0.209 0.084 
450 HI_SS0646    (1)    7 :  0.294 0.103 0.405 0.198 
451 HI_SS0647    (1)    7 :  0.250 0.207 0.351 0.193 
452 HI_SS0648    (0)    7 :  0.248 0.298 0.251 0.203 
453 HI_SS0649    (1)    7 :  0.227 0.216 0.281 0.277 
454 HI_SS0650    (1)    7 :  0.136 0.150 0.569 0.145 
455 HI_SS0651    (1)    7 :  0.267 0.237 0.280 0.215 
456 HI_SS0652    (1)    7 :  0.121 0.510 0.257 0.111 
457 NS_SS1371    (3)    7 :  0.295 0.100 0.280 0.326 
458 NS_SS1374    (0)    7 :  0.159 0.264 0.181 0.396 
459 NS_SS1337    (3)    7 :  0.290 0.348 0.241 0.120 
460 NS_SS1385    (5)    7 :  0.290 0.135 0.385 0.190 
461 NS_SS1388    (0)    7 :  0.146 0.278 0.276 0.299 
462 NS_SS1370    (1)    7 :  0.141 0.676 0.084 0.098 
463 NS_SS1389    (3)    7 :  0.114 0.406 0.284 0.196 
464 NS_SS1360    (1)    7 :  0.211 0.358 0.121 0.310 
465 NS_SS1330    (0)    7 :  0.275 0.350 0.263 0.113 
466 NS_SS1328    (8)    7 :  0.147 0.085 0.470 0.299 
467 NS_SS1384    (1)    7 :  0.380 0.221 0.134 0.265 
468 NS_SS1381    (0)    7 :  0.192 0.136 0.589 0.083 
469 NS_SS1375    (1)    7 :  0.091 0.322 0.436 0.152 
470 NS_SS1319   (10)    7 :  0.235 0.254 0.272 0.239 
471 NS_SS1326    (2)    7 :  0.098 0.142 0.293 0.466 
472 NS_SS1341    (1)    7 :  0.370 0.143 0.116 0.371 
473 NS_SS1383    (1)    7 :  0.275 0.317 0.183 0.225 
474 NS_SS1318    (3)    7 :  0.201 0.352 0.241 0.205 
475 NS_SS1348    (2)    7 :  0.271 0.171 0.130 0.428 
476 NS_SS1363    (0)    7 :  0.322 0.338 0.186 0.155 
477 NS_SS1335    (4)    7 :  0.376 0.264 0.086 0.273 
478 NS_SS1358    (0)    7 :  0.444 0.133 0.168 0.255 
479 NS_SS1342    (1)    7 :  0.438 0.083 0.165 0.313 
480 NS_SS1320    (2)    7 :  0.236 0.099 0.608 0.056 
481 NS_SS1355    (1)    7 :  0.388 0.226 0.246 0.140 
482 NS_SS1345    (1)    7 :  0.575 0.170 0.171 0.083 
483 NS_SS1324    (0)    7 :  0.209 0.268 0.182 0.341 
484 NS_SS1347    (5)    7 :  0.361 0.192 0.239 0.208 
485 NS_SS1321    (4)    7 :  0.237 0.205 0.150 0.407 
486 NS_SS1333    (0)    7 :  0.175 0.202 0.193 0.430 
487 NS_SS1364    (1)    7 :  0.403 0.154 0.133 0.311 
488 NS_SS1379    (0)    7 :  0.222 0.218 0.370 0.190 
489 NS_SS1332    (0)    7 :  0.186 0.184 0.137 0.493 
490 NS_SS1338    (5)    7 :  0.151 0.410 0.128 0.312 
491 NS_SS1368    (6)    7 :  0.385 0.121 0.132 0.361 
492 NS_SS1354    (1)    7 :  0.424 0.194 0.177 0.205 
493 NS_SS1365    (0)    7 :  0.271 0.326 0.259 0.144 
494 NS_SS1380    (1)    7 :  0.447 0.260 0.165 0.128 
495 NS_SS1329    (8)    7 :  0.449 0.082 0.148 0.321 
496 NS_SS1362    (0)    7 :  0.308 0.149 0.303 0.240 
497 NS_SS1327    (2)    7 :  0.073 0.133 0.130 0.664 
498 NS_SS1350    (0)    7 :  0.108 0.086 0.547 0.259 
499 NS_SS1387    (2)    7 :  0.151 0.514 0.137 0.197 
500 NS_SS1369    (8)    7 :  0.314 0.223 0.131 0.332 
501 NS_SS1331    (1)    7 :  0.140 0.407 0.178 0.275 
502 NS_SS1357    (4)    7 :  0.118 0.070 0.581 0.231 
503 NS_SS1386    (1)    7 :  0.293 0.083 0.103 0.521 
504 NS_SS1353    (2)    7 :  0.189 0.150 0.458 0.203 
505 NS_SS1323    (0)    7 :  0.415 0.189 0.286 0.110 
506 HI_SS0296    (0)    8 :  0.123 0.368 0.211 0.298 
507 HI_SS0297    (0)    8 :  0.210 0.170 0.448 0.172 
508 HI_SS0299    (0)    8 :  0.315 0.244 0.189 0.252 
509 HI_SS0300    (0)    8 :  0.223 0.348 0.208 0.220 
510 HI_SS0301    (0)    8 :  0.247 0.511 0.068 0.174 
511 HI_SS0302    (0)    8 :  0.173 0.431 0.117 0.280 
512 HI_SS0303    (0)    8 :  0.153 0.124 0.305 0.418 
513 HI_SS0304    (0)    8 :  0.118 0.359 0.319 0.203 
514 HI_SS0306    (5)    8 :  0.151 0.320 0.147 0.382 
515 HI_SS0307    (1)    8 :  0.322 0.277 0.255 0.146 
516 HI_SS0308    (1)    8 :  0.337 0.365 0.139 0.159 
517 HI_SS0309    (0)    8 :  0.487 0.225 0.149 0.139 
518 HI_SS0310    (0)    8 :  0.182 0.269 0.332 0.218 
519 HI_SS0311    (3)    8 :  0.256 0.398 0.141 0.205 
520 HI_SS0314    (0)    8 :  0.192 0.164 0.438 0.206 
521 HI_SS0316    (1)    8 :  0.239 0.198 0.210 0.353 
522 HI_SS0317    (3)    8 :  0.275 0.331 0.186 0.208 
523 HI_SS0318    (1)    8 :  0.212 0.204 0.127 0.458 
524 HI_SS0319    (0)    8 :  0.185 0.098 0.164 0.552 
525 HI_SS0320    (3)    8 :  0.193 0.317 0.325 0.166 
526 HI_SS0321    (0)    8 :  0.235 0.173 0.249 0.342 
527 HI_SS0323    (1)    8 :  0.139 0.275 0.199 0.386 
528 HI_SS0325    (2)    8 :  0.180 0.344 0.132 0.344 
529 HI_SS0327    (1)    8 :  0.260 0.062 0.364 0.314 
530 HI_SS0329    (1)    8 :  0.193 0.375 0.239 0.193 
531 HI_SS0333    (1)    8 :  0.215 0.254 0.256 0.275 
532 HI_SS0334    (1)    8 :  0.262 0.198 0.146 0.395 
533 HI_SS0335    (1)    8 :  0.485 0.181 0.216 0.118 
534 HI_SS0339    (0)    8 :  0.313 0.342 0.188 0.157 
535 HI_SS0343    (2)    8 :  0.490 0.114 0.273 0.123 
536 HI_SS0344    (1)    8 :  0.137 0.107 0.140 0.616 
537 HI_SS0345    (3)    8 :  0.329 0.339 0.130 0.201 
538 HI_SS0346    (0)    8 :  0.210 0.295 0.181 0.314 
539 HI_SS0350    (1)    8 :  0.472 0.260 0.190 0.078 
540 HI_SS0351    (0)    8 :  0.544 0.129 0.142 0.185 
541 HI_SS0352    (3)    8 :  0.364 0.230 0.245 0.161 
542 HI_SS0362    (0)    8 :  0.151 0.515 0.140 0.193 
543 HI_SS0363    (1)    8 :  0.230 0.111 0.277 0.383 
544 HI_SS0365    (0)    8 :  0.240 0.140 0.253 0.368 
545 HI_SS0366    (0)    8 :  0.158 0.155 0.173 0.513 
546 HI_SS0367    (1)    8 :  0.319 0.230 0.313 0.138 
547 HI_SS0369    (1)    8 :  0.210 0.386 0.278 0.126 
548 HI_SS0370    (0)    8 :  0.191 0.082 0.527 0.200 
549 HI_SS0371    (4)    8 :  0.139 0.321 0.137 0.403 
550 HI_SS0373    (3)    8 :  0.165 0.299 0.304 0.231 
551 HI_SS0374    (0)    8 :  0.258 0.247 0.319 0.176 
552 HI_SS0377    (0)    8 :  0.494 0.191 0.091 0.224 
553 HI_SS0379    (1)    8 :  0.177 0.098 0.080 0.645 
554 HI_SS0380    (1)    8 :  0.318 0.235 0.274 0.173 
555 HI_SS0381    (2)    8 :  0.395 0.330 0.155 0.119 
556 HI_SS0384    (3)    8 :  0.121 0.171 0.375 0.333 
557 HI_SS0385    (1)    8 :  0.100 0.390 0.189 0.321 


Estimated Allele Frequencies in each cluster
First column gives estimated ancestral frequencies


Locus 1 : 
2 alleles
3.4% missing data
   1   (0.736) 0.757 0.704 0.764 0.729 
   2   (0.264) 0.243 0.296 0.236 0.271 

Locus 2 : 
2 alleles
4.3% missing data
   1   (0.885) 0.885 0.907 0.856 0.909 
   2   (0.115) 0.115 0.093 0.144 0.091 

Locus 3 : 
2 alleles
3.9% missing data
   1   (0.863) 0.885 0.858 0.859 0.867 
   2   (0.137) 0.115 0.142 0.141 0.133 

Locus 4 : 
2 alleles
2.7% missing data
   1   (0.886) 0.877 0.883 0.911 0.898 
   2   (0.114) 0.123 0.117 0.089 0.102 

Locus 5 : 
2 alleles
2.7% missing data
   1   (0.822) 0.849 0.831 0.811 0.808 
   2   (0.178) 0.151 0.169 0.189 0.192 

Locus 6 : 
2 alleles
3.2% missing data
   1   (0.791) 0.799 0.817 0.802 0.760 
   2   (0.209) 0.201 0.183 0.198 0.240 

Locus 7 : 
2 alleles
3.8% missing data
   1   (0.803) 0.808 0.788 0.842 0.792 
   2   (0.197) 0.192 0.212 0.158 0.208 

Locus 8 : 
2 alleles
4.8% missing data
   1   (0.705) 0.721 0.726 0.686 0.694 
   2   (0.295) 0.279 0.274 0.314 0.306 

Locus 9 : 
2 alleles
3.1% missing data
   1   (0.791) 0.805 0.811 0.804 0.760 
   2   (0.209) 0.195 0.189 0.196 0.240 

Locus 10 : 
2 alleles
4.7% missing data
   1   (0.888) 0.879 0.892 0.924 0.881 
   2   (0.112) 0.121 0.108 0.076 0.119 

Locus 11 : 
2 alleles
3.2% missing data
   1   (0.863) 0.888 0.858 0.889 0.828 
   2   (0.137) 0.112 0.142 0.111 0.172 

Locus 12 : 
2 alleles
4.8% missing data
   1   (0.730) 0.737 0.746 0.707 0.743 
   2   (0.270) 0.263 0.254 0.293 0.257 

Locus 13 : 
2 alleles
4.7% missing data
   1   (0.885) 0.892 0.885 0.906 0.880 
   2   (0.115) 0.108 0.115 0.094 0.120 

Locus 14 : 
2 alleles
3.9% missing data
   1   (0.875) 0.867 0.879 0.906 0.871 
   2   (0.125) 0.133 0.121 0.094 0.129 

Locus 15 : 
2 alleles
3.9% missing data
   1   (0.505) 0.499 0.510 0.482 0.531 
   2   (0.495) 0.501 0.490 0.518 0.469 

Locus 16 : 
2 alleles
4.3% missing data
   1   (0.607) 0.595 0.681 0.588 0.566 
   2   (0.393) 0.405 0.319 0.412 0.434 

Locus 17 : 
2 alleles
4.1% missing data
   1   (0.773) 0.788 0.798 0.760 0.759 
   2   (0.227) 0.212 0.202 0.240 0.241 

Locus 18 : 
2 alleles
2.3% missing data
   1   (0.893) 0.883 0.901 0.895 0.918 
   2   (0.107) 0.117 0.099 0.105 0.082 

Locus 19 : 
2 alleles
4.3% missing data
   1   (0.710) 0.714 0.742 0.703 0.690 
   2   (0.290) 0.286 0.258 0.297 0.310 

Locus 20 : 
2 alleles
3.2% missing data
   1   (0.883) 0.831 0.914 0.903 0.903 
   2   (0.117) 0.169 0.086 0.097 0.097 

Locus 21 : 
2 alleles
3.4% missing data
   1   (0.561) 0.624 0.565 0.567 0.473 
   2   (0.439) 0.376 0.435 0.433 0.527 

Locus 22 : 
2 alleles
4.8% missing data
   1   (0.854) 0.873 0.858 0.853 0.850 
   2   (0.146) 0.127 0.142 0.147 0.150 

Locus 23 : 
2 alleles
4.3% missing data
   1   (0.883) 0.916 0.886 0.850 0.889 
   2   (0.117) 0.084 0.114 0.150 0.111 

Locus 24 : 
2 alleles
3.2% missing data
   1   (0.543) 0.545 0.571 0.510 0.543 
   2   (0.457) 0.455 0.429 0.490 0.457 

Locus 25 : 
2 alleles
4.3% missing data
   2   (0.470) 0.429 0.469 0.501 0.486 
   1   (0.530) 0.571 0.531 0.499 0.514 

Locus 26 : 
2 alleles
4.3% missing data
   1   (0.840) 0.839 0.855 0.821 0.862 
   2   (0.160) 0.161 0.145 0.179 0.138 

Locus 27 : 
2 alleles
2.2% missing data
   1   (0.600) 0.590 0.609 0.576 0.634 
   2   (0.400) 0.410 0.391 0.424 0.366 

Locus 28 : 
2 alleles
4.1% missing data
   1   (0.861) 0.811 0.876 0.901 0.878 
   2   (0.139) 0.189 0.124 0.099 0.122 

Locus 29 : 
2 alleles
1.8% missing data
   1   (0.879) 0.899 0.872 0.885 0.883 
   2   (0.121) 0.101 0.128 0.115 0.117 

Locus 30 : 
2 alleles
4.5% missing data
   1   (0.865) 0.865 0.881 0.862 0.876 
   2   (0.135) 0.135 0.119 0.138 0.124 

Locus 31 : 
2 alleles
4.3% missing data
   1   (0.787) 0.748 0.806 0.816 0.799 
   2   (0.213) 0.252 0.194 0.184 0.201 

Locus 32 : 
2 alleles
2.0% missing data
   1   (0.734) 0.709 0.768 0.737 0.740 
   2   (0.266) 0.291 0.232 0.263 0.260 

Locus 33 : 
2 alleles
3.6% missing data
   1   (0.760) 0.737 0.769 0.814 0.738 
   2   (0.240) 0.263 0.231 0.186 0.262 

Locus 34 : 
2 alleles
3.6% missing data
   1   (0.810) 0.818 0.774 0.834 0.832 
   2   (0.190) 0.182 0.226 0.166 0.168 

Locus 35 : 
2 alleles
3.8% missing data
   1   (0.866) 0.852 0.854 0.882 0.899 
   2   (0.134) 0.148 0.146 0.118 0.101 

Locus 36 : 
2 alleles
2.9% missing data
   1   (0.757) 0.776 0.750 0.755 0.758 
   2   (0.243) 0.224 0.250 0.245 0.242 

Locus 37 : 
2 alleles
2.2% missing data
   1   (0.742) 0.776 0.733 0.744 0.721 
   2   (0.258) 0.224 0.267 0.256 0.279 

Locus 38 : 
2 alleles
1.4% missing data
   1   (0.870) 0.900 0.877 0.886 0.829 
   2   (0.130) 0.100 0.123 0.114 0.171 

Locus 39 : 
2 alleles
3.2% missing data
   1   (0.703) 0.699 0.677 0.700 0.750 
   2   (0.297) 0.301 0.323 0.300 0.250 

Locus 40 : 
2 alleles
3.8% missing data
   1   (0.571) 0.565 0.558 0.623 0.546 
   2   (0.429) 0.435 0.442 0.377 0.454 

Locus 41 : 
2 alleles
3.4% missing data
   1   (0.879) 0.862 0.914 0.881 0.882 
   2   (0.121) 0.138 0.086 0.119 0.118 

Locus 42 : 
2 alleles
4.5% missing data
   2   (0.234) 0.262 0.211 0.302 0.159 
   1   (0.766) 0.738 0.789 0.698 0.841 

Locus 43 : 
2 alleles
2.0% missing data
   1   (0.817) 0.817 0.821 0.834 0.818 
   2   (0.183) 0.183 0.179 0.166 0.182 

Locus 44 : 
2 alleles
4.7% missing data
   1   (0.583) 0.595 0.583 0.587 0.570 
   2   (0.417) 0.405 0.417 0.413 0.430 

Locus 45 : 
2 alleles
3.2% missing data
   1   (0.869) 0.845 0.900 0.880 0.876 
   2   (0.131) 0.155 0.100 0.120 0.124 

Locus 46 : 
2 alleles
2.3% missing data
   1   (0.779) 0.808 0.788 0.731 0.794 
   2   (0.221) 0.192 0.212 0.269 0.206 

Locus 47 : 
2 alleles
4.5% missing data
   1   (0.884) 0.897 0.892 0.876 0.895 
   2   (0.116) 0.103 0.108 0.124 0.105 

Locus 48 : 
2 alleles
4.5% missing data
   1   (0.815) 0.847 0.806 0.804 0.814 
   2   (0.185) 0.153 0.194 0.196 0.186 

Locus 49 : 
2 alleles
4.5% missing data
   1   (0.816) 0.781 0.863 0.803 0.837 
   2   (0.184) 0.219 0.137 0.197 0.163 

Locus 50 : 
2 alleles
3.4% missing data
   1   (0.658) 0.696 0.622 0.659 0.657 
   2   (0.342) 0.304 0.378 0.341 0.343 

Locus 51 : 
2 alleles
1.4% missing data
   1   (0.601) 0.631 0.580 0.587 0.610 
   2   (0.399) 0.369 0.420 0.413 0.390 

Locus 52 : 
2 alleles
4.1% missing data
   1   (0.658) 0.668 0.660 0.644 0.666 
   2   (0.342) 0.332 0.340 0.356 0.334 

Locus 53 : 
2 alleles
4.5% missing data
   1   (0.852) 0.882 0.835 0.878 0.820 
   2   (0.148) 0.118 0.165 0.122 0.180 

Locus 54 : 
2 alleles
3.8% missing data
   1   (0.862) 0.846 0.881 0.862 0.887 
   2   (0.138) 0.154 0.119 0.138 0.113 

Locus 55 : 
2 alleles
3.2% missing data
   1   (0.881) 0.900 0.905 0.847 0.887 
   2   (0.119) 0.100 0.095 0.153 0.113 

Locus 56 : 
2 alleles
3.2% missing data
   1   (0.797) 0.828 0.790 0.770 0.810 
   2   (0.203) 0.172 0.210 0.230 0.190 

Locus 57 : 
2 alleles
4.5% missing data
   1   (0.663) 0.682 0.628 0.663 0.683 
   2   (0.337) 0.318 0.372 0.337 0.317 

Locus 58 : 
2 alleles
4.1% missing data
   1   (0.840) 0.872 0.805 0.831 0.860 
   2   (0.160) 0.128 0.195 0.169 0.140 

Locus 59 : 
2 alleles
4.8% missing data
   1   (0.817) 0.797 0.818 0.814 0.859 
   2   (0.183) 0.203 0.182 0.186 0.141 

Locus 60 : 
2 alleles
2.5% missing data
   1   (0.858) 0.874 0.848 0.885 0.845 
   2   (0.142) 0.126 0.152 0.115 0.155 

Locus 61 : 
2 alleles
3.9% missing data
   1   (0.776) 0.760 0.807 0.784 0.773 
   2   (0.224) 0.240 0.193 0.216 0.227 

Locus 62 : 
2 alleles
2.0% missing data
   1   (0.841) 0.850 0.867 0.861 0.797 
   2   (0.159) 0.150 0.133 0.139 0.203 

Locus 63 : 
2 alleles
4.1% missing data
   1   (0.756) 0.779 0.762 0.756 0.741 
   2   (0.244) 0.221 0.238 0.244 0.259 

Locus 64 : 
2 alleles
3.2% missing data
   1   (0.872) 0.896 0.847 0.854 0.901 
