

----------------------------------------------------
STRUCTURE by Pritchard, Stephens and Donnelly (2000)
     and Falush, Stephens and Pritchard (2003)
       Code by Pritchard, Falush and Hubisz
             Version 2.3.4 (Jul 2012)
----------------------------------------------------



Command line arguments:   /home/genobiwan/Documents/Programs/Structure/structure -m parameter_job_k5_r6 
Input File:    /media/genobiwan/Storage/Projets/Mackerel_NWA_2021/data_job_k5_r6

Run parameters:
   557 individuals
   3930 loci
   5 populations assumed
   100000 Burn-in period
   200000 Reps


--------------------------------------------
Proportion of membership of each pre-defined
 population in each of the 5 clusters

Given    Inferred Clusters                     Number of
 Pop       1      2      3      4      5      Individuals

  1:     0.196  0.216  0.193  0.189  0.206       67
  2:     0.229  0.171  0.228  0.159  0.213       32
  3:     0.183  0.213  0.199  0.183  0.221       92
  4:     0.190  0.199  0.216  0.210  0.185       36
  5:     0.183  0.226  0.193  0.208  0.190       41
  6:     0.199  0.196  0.197  0.212  0.196      158
  7:     0.205  0.197  0.194  0.200  0.204       79
  8:     0.186  0.202  0.191  0.216  0.204       52
--------------------------------------------

Allele-freq. divergence among pops (Net nucleotide distance),
computed using point estimates of P.

      1       2       3       4       5      
 1      -    0.0036  0.0037  0.0048  0.0038  
 2   0.0036     -    0.0029  0.0036  0.0028  
 3   0.0037  0.0029     -    0.0036  0.0036  
 4   0.0048  0.0036  0.0036     -    0.0040  
 5   0.0038  0.0028  0.0036  0.0040     -    

Average distances (expected heterozygosity) between individuals in same cluster:
cluster  1  : 0.3116 
cluster  2  : 0.3119 
cluster  3  : 0.3138 
cluster  4  : 0.3099 
cluster  5  : 0.3111 

--------------------------------------------
Estimated Ln Prob of Data   = -2070409.6
Mean value of ln likelihood = -2061967.0
Variance of ln likelihood   = 16885.3
Mean value of alpha         = 2.0108

Mean value of Fst_1         = 0.0423
Mean value of Fst_2         = 0.0340
Mean value of Fst_3         = 0.0363
Mean value of Fst_4         = 0.0425
Mean value of Fst_5         = 0.0365


Inferred ancestry of individuals:
        Label (%Miss) Pop:  Inferred clusters
  1 NS_SS0963    (4)    1 :  0.131 0.323 0.213 0.122 0.211 
  2 NS_SS0983    (1)    1 :  0.057 0.123 0.295 0.331 0.194 
  3 NS_SS0719    (8)    1 :  0.155 0.184 0.240 0.180 0.241 
  4 NS_SS1001    (8)    1 :  0.327 0.141 0.164 0.120 0.249 
  5 NS_SS0936    (4)    1 :  0.258 0.324 0.222 0.114 0.082 
  6 NS_SS0955    (5)    1 :  0.069 0.266 0.213 0.219 0.233 
  7 NS_SS0944    (3)    1 :  0.151 0.255 0.161 0.230 0.204 
  8 NS_SS0945    (3)    1 :  0.352 0.149 0.104 0.270 0.124 
  9 NS_SS0922    (2)    1 :  0.366 0.150 0.182 0.110 0.191 
 10 NS_SS0929    (7)    1 :  0.134 0.240 0.238 0.234 0.153 
 11 NS_SS0956    (2)    1 :  0.247 0.134 0.138 0.091 0.390 
 12 NS_SS0906    (3)    1 :  0.144 0.278 0.151 0.266 0.162 
 13 NS_SS0721    (6)    1 :  0.115 0.118 0.194 0.148 0.425 
 14 NS_SS0982    (4)    1 :  0.163 0.317 0.159 0.133 0.229 
 15 NS_SS0923    (5)    1 :  0.248 0.213 0.209 0.139 0.191 
 16 NS_SS0905    (6)    1 :  0.176 0.154 0.247 0.167 0.255 
 17 NS_SS0925    (3)    1 :  0.125 0.221 0.342 0.083 0.228 
 18 NS_SS0947    (5)    1 :  0.224 0.267 0.248 0.134 0.126 
 19 NS_SS0926    (2)    1 :  0.135 0.252 0.104 0.385 0.124 
 20 NS_SS0918    (6)    1 :  0.156 0.376 0.094 0.107 0.268 
 21 NS_SS0966    (4)    1 :  0.170 0.326 0.197 0.129 0.177 
 22 NS_SS0938    (2)    1 :  0.335 0.260 0.169 0.122 0.114 
 23 NS_SS0917    (2)    1 :  0.179 0.117 0.348 0.218 0.138 
 24 NS_SS0957   (11)    1 :  0.208 0.187 0.153 0.150 0.302 
 25 NS_SS0987    (1)    1 :  0.132 0.133 0.087 0.178 0.470 
 26 NS_SS0717    (4)    1 :  0.294 0.158 0.164 0.119 0.264 
 27 NS_SS0986    (2)    1 :  0.181 0.205 0.076 0.276 0.262 
 28 NS_SS0953    (4)    1 :  0.189 0.231 0.241 0.118 0.221 
 29 NS_SS0907    (3)    1 :  0.117 0.335 0.211 0.172 0.165 
 30 NS_SS0974    (6)    1 :  0.188 0.228 0.298 0.178 0.108 
 31 NS_SS0989    (1)    1 :  0.148 0.148 0.291 0.303 0.110 
 32 NS_SS0991    (2)    1 :  0.068 0.216 0.089 0.278 0.349 
 33 NS_SS0994    (2)    1 :  0.188 0.101 0.147 0.479 0.085 
 34 NS_SS0931    (6)    1 :  0.117 0.199 0.099 0.350 0.235 
 35 NS_SS1000    (5)    1 :  0.361 0.267 0.118 0.153 0.101 
 36 NS_SS0919    (1)    1 :  0.103 0.315 0.242 0.211 0.130 
 37 NS_SS0949    (3)    1 :  0.107 0.141 0.282 0.309 0.162 
 38 NS_SS0960   (10)    1 :  0.092 0.206 0.248 0.228 0.226 
 39 NS_SS0716    (2)    1 :  0.411 0.081 0.069 0.140 0.298 
 40 NS_SS0924    (8)    1 :  0.089 0.266 0.237 0.199 0.209 
 41 NS_SS0935    (1)    1 :  0.100 0.122 0.194 0.276 0.308 
 42 NS_SS0952   (13)    1 :  0.110 0.268 0.184 0.293 0.145 
 43 NS_SS0962   (10)    1 :  0.285 0.260 0.108 0.161 0.186 
 44 NS_SS0973    (5)    1 :  0.083 0.249 0.365 0.115 0.188 
 45 NS_SS0722    (1)    1 :  0.435 0.173 0.183 0.090 0.120 
 46 NS_SS0979   (13)    1 :  0.204 0.241 0.128 0.121 0.306 
 47 NS_SS0993    (2)    1 :  0.188 0.254 0.248 0.094 0.216 
 48 NS_SS0958    (1)    1 :  0.205 0.182 0.127 0.340 0.146 
 49 NS_SS0988    (4)    1 :  0.152 0.319 0.098 0.282 0.149 
 50 NS_SS1003    (2)    1 :  0.126 0.349 0.109 0.089 0.327 
 51 NS_SS0976    (0)    1 :  0.136 0.284 0.131 0.290 0.159 
 52 NS_SS0964   (10)    1 :  0.349 0.149 0.164 0.084 0.254 
 53 NS_SS0939    (4)    1 :  0.462 0.070 0.089 0.101 0.279 
 54 NS_SS0990    (6)    1 :  0.346 0.150 0.077 0.297 0.130 
 55 NS_SS0984    (2)    1 :  0.414 0.170 0.158 0.111 0.148 
 56 NS_SS0980    (9)    1 :  0.147 0.226 0.438 0.087 0.101 
 57 NS_SS0978    (4)    1 :  0.266 0.232 0.248 0.127 0.128 
 58 NS_SS0951   (17)    1 :  0.116 0.147 0.093 0.274 0.370 
 59 NS_SS0913    (3)    1 :  0.290 0.141 0.113 0.147 0.308 
 60 NS_SS1002    (1)    1 :  0.173 0.504 0.133 0.103 0.088 
 61 NS_SS0948    (1)    1 :  0.156 0.270 0.153 0.216 0.205 
 62 NS_SS0916    (4)    1 :  0.154 0.095 0.479 0.125 0.148 
 63 NS_SS0995    (1)    1 :  0.168 0.105 0.426 0.099 0.201 
 64 NS_SS0927    (6)    1 :  0.173 0.133 0.331 0.241 0.122 
 65 NS_SS0992    (5)    1 :  0.207 0.221 0.313 0.172 0.087 
 66 NS_SS0912    (1)    1 :  0.144 0.188 0.074 0.291 0.304 
 67 NS_SS0981    (1)    1 :  0.160 0.343 0.097 0.134 0.267 
 68 NS_SS0729    (5)    2 :  0.083 0.167 0.401 0.280 0.069 
 69 NS_SS0967   (14)    2 :  0.133 0.381 0.239 0.107 0.140 
 70 NS_SS0941    (7)    2 :  0.322 0.141 0.232 0.132 0.173 
 71 NS_SS0768   (12)    2 :  0.171 0.248 0.102 0.163 0.315 
 72 NS_SS0726    (4)    2 :  0.121 0.182 0.408 0.196 0.093 
 73 NS_SS0763    (4)    2 :  0.183 0.185 0.249 0.231 0.152 
 74 NS_SS0730    (6)    2 :  0.294 0.169 0.197 0.133 0.206 
 75 NS_SS0774    (1)    2 :  0.324 0.210 0.280 0.087 0.099 
 76 NS_SS0723    (3)    2 :  0.214 0.240 0.292 0.069 0.185 
 77 NS_SS0940    (9)    2 :  0.259 0.101 0.224 0.227 0.188 
 78 NS_SS0762    (1)    2 :  0.436 0.118 0.188 0.065 0.193 
 79 NS_SS0766   (11)    2 :  0.335 0.072 0.223 0.175 0.195 
 80 NS_SS0724    (1)    2 :  0.168 0.234 0.156 0.124 0.318 
 81 NS_SS0769    (3)    2 :  0.231 0.222 0.162 0.183 0.202 
 82 NS_SS0777    (2)    2 :  0.145 0.194 0.106 0.301 0.254 
 83 NS_SS0734    (6)    2 :  0.204 0.098 0.200 0.207 0.290 
 84 NS_SS0737    (3)    2 :  0.433 0.109 0.261 0.080 0.117 
 85 NS_SS0732    (5)    2 :  0.106 0.149 0.221 0.086 0.438 
 86 NS_SS0728    (5)    2 :  0.224 0.121 0.301 0.133 0.221 
 87 NS_SS0735    (9)    2 :  0.230 0.138 0.274 0.109 0.249 
 88 NS_SS0725    (1)    2 :  0.394 0.191 0.099 0.137 0.179 
 89 NS_SS0788    (2)    2 :  0.170 0.243 0.240 0.191 0.157 
 90 NS_SS0778    (2)    2 :  0.125 0.170 0.245 0.236 0.223 
 91 NS_SS0792    (6)    2 :  0.104 0.138 0.334 0.129 0.295 
 92 NS_SS0943   (11)    2 :  0.073 0.275 0.127 0.287 0.238 
 93 NS_SS0791    (2)    2 :  0.124 0.071 0.418 0.151 0.237 
 94 NS_SS0790    (5)    2 :  0.230 0.262 0.101 0.058 0.349 
 95 NS_SS0731    (6)    2 :  0.260 0.123 0.106 0.145 0.365 
 96 NS_SS0727    (6)    2 :  0.269 0.085 0.332 0.215 0.099 
 97 NS_SS0779   (12)    2 :  0.182 0.174 0.213 0.192 0.239 
 98 NS_SS0776    (3)    2 :  0.360 0.148 0.145 0.184 0.164 
 99 NS_SS0775    (5)    2 :  0.413 0.102 0.220 0.083 0.182 
100 NS_SS0965    (3)    3 :  0.106 0.260 0.149 0.135 0.350 
101 NS_SS0754   (13)    3 :  0.098 0.139 0.261 0.219 0.282 
102 NS_SS0838    (5)    3 :  0.241 0.243 0.194 0.200 0.122 
103 NS_SS0839    (3)    3 :  0.327 0.202 0.207 0.077 0.188 
104 NS_SS0832    (4)    3 :  0.204 0.310 0.134 0.073 0.279 
105 NS_SS0820    (4)    3 :  0.166 0.261 0.171 0.083 0.318 
106 NS_SS0886    (9)    3 :  0.151 0.154 0.203 0.239 0.253 
107 NS_SS0748    (5)    3 :  0.140 0.255 0.175 0.233 0.196 
108 NS_SS0884    (9)    3 :  0.162 0.223 0.267 0.165 0.184 
109 NS_SS0752    (3)    3 :  0.250 0.194 0.276 0.136 0.144 
110 NS_SS0862    (1)    3 :  0.091 0.152 0.233 0.076 0.448 
111 NS_SS0787    (9)    3 :  0.114 0.137 0.136 0.480 0.133 
112 NS_SS0843    (6)    3 :  0.146 0.191 0.274 0.141 0.248 
113 NS_SS0856    (4)    3 :  0.294 0.113 0.300 0.168 0.125 
114 NS_SS0846    (2)    3 :  0.127 0.330 0.259 0.195 0.090 
115 NS_SS0825    (1)    3 :  0.137 0.294 0.110 0.237 0.222 
116 NS_SS0757    (3)    3 :  0.125 0.186 0.155 0.228 0.306 
117 NS_SS0876    (3)    3 :  0.221 0.213 0.218 0.128 0.220 
118 NS_SS0903    (9)    3 :  0.141 0.225 0.460 0.071 0.103 
119 NS_SS0875    (7)    3 :  0.293 0.152 0.122 0.216 0.218 
120 NS_SS0740    (5)    3 :  0.189 0.206 0.225 0.139 0.241 
121 NS_SS0811    (5)    3 :  0.221 0.175 0.119 0.078 0.407 
122 NS_SS0751    (1)    3 :  0.345 0.158 0.177 0.171 0.149 
123 NS_SS0891    (6)    3 :  0.335 0.203 0.133 0.180 0.149 
124 NS_SS0867    (2)    3 :  0.066 0.330 0.175 0.195 0.235 
125 NS_SS0890    (6)    3 :  0.193 0.197 0.296 0.149 0.166 
126 NS_SS0866   (11)    3 :  0.142 0.126 0.190 0.407 0.136 
127 NS_SS0755    (4)    3 :  0.171 0.233 0.187 0.129 0.281 
128 NS_SS0758    (4)    3 :  0.184 0.178 0.338 0.134 0.167 
129 NS_SS0840    (2)    3 :  0.229 0.362 0.140 0.080 0.189 
130 NS_SS0889    (4)    3 :  0.124 0.154 0.105 0.360 0.257 
131 NS_SS1010    (1)    3 :  0.172 0.347 0.168 0.162 0.152 
132 NS_SS0888    (5)    3 :  0.123 0.090 0.371 0.257 0.159 
133 NS_SS0837    (3)    3 :  0.120 0.277 0.149 0.105 0.350 
134 NS_SS0794    (9)    3 :  0.213 0.099 0.275 0.248 0.165 
135 NS_SS0823    (4)    3 :  0.230 0.343 0.165 0.102 0.160 
136 NS_SS0829    (7)    3 :  0.081 0.160 0.093 0.407 0.259 
137 NS_SS0844    (5)    3 :  0.066 0.469 0.243 0.053 0.169 
138 NS_SS1008    (5)    3 :  0.281 0.123 0.165 0.282 0.149 
139 NS_SS0881    (3)    3 :  0.228 0.202 0.141 0.257 0.173 
140 NS_SS0834    (6)    3 :  0.433 0.196 0.133 0.116 0.123 
141 NS_SS0744   (10)    3 :  0.113 0.232 0.305 0.156 0.193 
142 NS_SS0899    (7)    3 :  0.242 0.181 0.087 0.111 0.378 
143 NS_SS0804    (4)    3 :  0.183 0.239 0.183 0.067 0.328 
144 NS_SS0781   (10)    3 :  0.249 0.343 0.137 0.095 0.177 
145 NS_SS0822    (6)    3 :  0.184 0.182 0.249 0.191 0.194 
146 NS_SS1004    (4)    3 :  0.135 0.333 0.201 0.122 0.208 
147 NS_SS0746    (5)    3 :  0.180 0.326 0.136 0.223 0.135 
148 NS_SS0880    (3)    3 :  0.210 0.315 0.167 0.135 0.174 
149 NS_SS0879    (4)    3 :  0.279 0.217 0.147 0.150 0.207 
150 NS_SS0753    (2)    3 :  0.090 0.183 0.177 0.249 0.301 
151 NS_SS1007    (2)    3 :  0.274 0.110 0.382 0.142 0.093 
152 NS_SS0872    (5)    3 :  0.239 0.249 0.247 0.107 0.158 
153 NS_SS1005    (7)    3 :  0.223 0.365 0.139 0.150 0.123 
154 NS_SS0892    (6)    3 :  0.223 0.194 0.164 0.199 0.220 
155 NS_SS0898    (0)    3 :  0.183 0.193 0.145 0.257 0.222 
156 NS_SS0801    (9)    3 :  0.142 0.196 0.128 0.190 0.344 
157 NS_SS0827    (8)    3 :  0.140 0.139 0.151 0.219 0.351 
158 NS_SS0853    (6)    3 :  0.149 0.143 0.156 0.208 0.345 
159 NS_SS0780    (2)    3 :  0.230 0.176 0.207 0.111 0.276 
160 NS_SS0826   (10)    3 :  0.102 0.467 0.071 0.237 0.123 
161 NS_SS0818    (5)    3 :  0.265 0.198 0.190 0.094 0.252 
162 NS_SS0745    (1)    3 :  0.576 0.075 0.045 0.108 0.197 
163 NS_SS0849    (3)    3 :  0.142 0.171 0.071 0.163 0.453 
164 NS_SS0739    (3)    3 :  0.218 0.128 0.266 0.154 0.235 
165 NS_SS0799    (1)    3 :  0.125 0.094 0.431 0.153 0.196 
166 NS_SS0756    (2)    3 :  0.142 0.425 0.107 0.099 0.227 
167 NS_SS0802    (2)    3 :  0.164 0.187 0.296 0.238 0.115 
168 NS_SS0747    (6)    3 :  0.145 0.299 0.248 0.153 0.155 
169 NS_SS0835    (1)    3 :  0.119 0.159 0.269 0.347 0.106 
170 NS_SS0742   (18)    3 :  0.142 0.191 0.336 0.102 0.228 
171 NS_SS0760    (9)    3 :  0.147 0.173 0.167 0.382 0.132 
172 NS_SS0803    (4)    3 :  0.097 0.327 0.371 0.062 0.142 
173 NS_SS0828   (13)    3 :  0.174 0.126 0.180 0.177 0.343 
174 NS_SS0865    (2)    3 :  0.092 0.246 0.224 0.151 0.288 
175 NS_SS0759    (4)    3 :  0.309 0.160 0.164 0.109 0.259 
176 NS_SS0851    (5)    3 :  0.235 0.143 0.063 0.101 0.458 
177 NS_SS0874   (16)    3 :  0.183 0.346 0.174 0.113 0.184 
178 NS_SS0761    (6)    3 :  0.082 0.222 0.139 0.322 0.234 
179 NS_SS0842   (25)    3 :  0.227 0.163 0.157 0.296 0.158 
180 NS_SS0785    (6)    3 :  0.127 0.213 0.253 0.215 0.192 
181 NS_SS0860   (11)    3 :  0.111 0.168 0.217 0.382 0.122 
182 NS_SS0897    (7)    3 :  0.112 0.114 0.166 0.418 0.190 
183 NS_SS0841   (14)    3 :  0.271 0.182 0.100 0.106 0.340 
184 NS_SS0797    (6)    3 :  0.112 0.199 0.126 0.256 0.307 
185 NS_SS0830   (10)    3 :  0.148 0.233 0.156 0.205 0.258 
186 NS_SS1011    (5)    3 :  0.130 0.420 0.146 0.099 0.204 
187 NS_SS0883    (5)    3 :  0.093 0.127 0.311 0.156 0.313 
188 NS_SS0782    (2)    3 :  0.279 0.126 0.269 0.195 0.131 
189 NS_SS0831    (5)    3 :  0.102 0.119 0.156 0.312 0.311 
190 NS_SS0749    (7)    3 :  0.172 0.103 0.257 0.187 0.281 
191 NS_SS0854    (2)    3 :  0.186 0.130 0.397 0.135 0.153 
192 HI_SS0193    (0)    4 :  0.236 0.124 0.157 0.275 0.208 
193 HI_SS0194    (0)    4 :  0.447 0.187 0.081 0.197 0.088 
194 HI_SS0195    (9)    4 :  0.262 0.176 0.118 0.098 0.346 
195 HI_SS0196    (6)    4 :  0.303 0.121 0.247 0.210 0.120 
196 HI_SS0197    (3)    4 :  0.243 0.333 0.174 0.159 0.091 
197 HI_SS0198    (1)    4 :  0.128 0.135 0.211 0.220 0.306 
198 HI_SS0199    (1)    4 :  0.184 0.107 0.449 0.154 0.106 
199 HI_SS0201    (4)    4 :  0.056 0.222 0.184 0.322 0.216 
200 HI_SS0215    (1)    4 :  0.071 0.225 0.191 0.314 0.199 
201 HI_SS0218    (1)    4 :  0.163 0.085 0.249 0.325 0.178 
202 HI_SS0222    (0)    4 :  0.269 0.117 0.211 0.187 0.216 
203 HI_SS0230    (1)    4 :  0.195 0.283 0.105 0.197 0.220 
204 HI_SS0234    (1)    4 :  0.178 0.217 0.394 0.134 0.077 
205 HI_SS0240    (1)    4 :  0.253 0.087 0.418 0.097 0.145 
206 HI_SS0241    (0)    4 :  0.119 0.202 0.253 0.242 0.184 
207 HI_SS0242    (0)    4 :  0.133 0.237 0.203 0.195 0.232 
208 HI_SS0247    (0)    4 :  0.148 0.385 0.088 0.181 0.197 
209 HI_SS0248    (1)    4 :  0.195 0.110 0.302 0.289 0.104 
210 HI_SS0252    (2)    4 :  0.249 0.154 0.232 0.111 0.255 
211 HI_SS0254    (1)    4 :  0.128 0.261 0.213 0.271 0.127 
212 HI_SS0256    (0)    4 :  0.235 0.356 0.168 0.043 0.198 
213 HI_SS0257    (0)    4 :  0.090 0.274 0.273 0.282 0.081 
214 HI_SS0258    (1)    4 :  0.147 0.138 0.177 0.328 0.211 
215 HI_SS0259    (1)    4 :  0.318 0.190 0.199 0.129 0.164 
216 HI_SS0260    (1)    4 :  0.228 0.118 0.279 0.272 0.102 
217 HI_SS0261    (2)    4 :  0.231 0.280 0.141 0.248 0.100 
218 HI_SS0262    (0)    4 :  0.160 0.152 0.270 0.115 0.304 
219 HI_SS0264    (1)    4 :  0.301 0.225 0.074 0.205 0.195 
220 HI_SS0265    (0)    4 :  0.186 0.217 0.165 0.161 0.271 
221 HI_SS0268    (1)    4 :  0.251 0.144 0.142 0.260 0.203 
222 HI_SS0269    (1)    4 :  0.071 0.151 0.385 0.326 0.068 
223 HI_SS0273    (0)    4 :  0.098 0.314 0.187 0.254 0.147 
224 HI_SS0277    (1)    4 :  0.119 0.384 0.190 0.148 0.159 
225 HI_SS0280    (0)    4 :  0.243 0.101 0.168 0.166 0.322 
226 HI_SS0282    (1)    4 :  0.113 0.222 0.189 0.241 0.235 
227 HI_SS0286    (1)    4 :  0.094 0.124 0.281 0.205 0.297 
228 NS_SS1252    (3)    5 :  0.107 0.117 0.215 0.410 0.151 
229 NS_SS1261    (1)    5 :  0.130 0.235 0.269 0.207 0.158 
230 NS_SS1225    (9)    5 :  0.086 0.395 0.160 0.225 0.134 
231 NS_SS1266    (1)    5 :  0.149 0.460 0.152 0.071 0.168 
232 NS_SS1228    (0)    5 :  0.157 0.128 0.199 0.111 0.406 
233 NS_SS1255    (2)    5 :  0.459 0.138 0.157 0.163 0.083 
234 NS_SS1267    (3)    5 :  0.091 0.085 0.225 0.429 0.171 
235 NS_SS1238    (6)    5 :  0.249 0.173 0.097 0.290 0.191 
236 NS_SS1233    (8)    5 :  0.197 0.422 0.056 0.121 0.204 
237 NS_SS1277    (3)    5 :  0.267 0.068 0.233 0.280 0.151 
238 NS_SS1245    (1)    5 :  0.197 0.248 0.160 0.272 0.123 
239 NS_SS1240    (4)    5 :  0.107 0.111 0.231 0.451 0.100 
240 NS_SS1275    (2)    5 :  0.211 0.333 0.160 0.071 0.225 
241 NS_SS1235    (1)    5 :  0.224 0.279 0.295 0.133 0.069 
242 NS_SS1263    (1)    5 :  0.324 0.270 0.127 0.115 0.164 
243 NS_SS1251    (1)    5 :  0.213 0.358 0.130 0.137 0.162 
244 NS_SS1248    (0)    5 :  0.123 0.105 0.055 0.217 0.500 
245 NS_SS1244    (0)    5 :  0.086 0.378 0.215 0.144 0.177 
246 NS_SS1257    (0)    5 :  0.154 0.127 0.252 0.276 0.191 
247 NS_SS1242    (2)    5 :  0.367 0.221 0.100 0.137 0.174 
248 NS_SS1271    (6)    5 :  0.083 0.090 0.303 0.382 0.143 
249 NS_SS1265    (1)    5 :  0.161 0.214 0.086 0.399 0.141 
250 NS_SS1243    (0)    5 :  0.254 0.096 0.147 0.123 0.380 
251 NS_SS1273    (1)    5 :  0.423 0.218 0.112 0.105 0.142 
252 NS_SS1254   (14)    5 :  0.187 0.338 0.168 0.109 0.197 
253 NS_SS1224    (1)    5 :  0.177 0.263 0.152 0.102 0.307 
254 NS_SS1227    (8)    5 :  0.179 0.136 0.306 0.280 0.099 
255 NS_SS1274    (8)    5 :  0.189 0.158 0.234 0.235 0.184 
256 NS_SS1241    (1)    5 :  0.107 0.292 0.235 0.212 0.154 
257 NS_SS1256    (3)    5 :  0.155 0.408 0.104 0.251 0.082 
258 NS_SS1260    (8)    5 :  0.102 0.134 0.421 0.221 0.123 
259 NS_SS1262    (0)    5 :  0.079 0.299 0.192 0.211 0.219 
260 NS_SS1230    (0)    5 :  0.206 0.252 0.113 0.249 0.180 
261 NS_SS1270    (2)    5 :  0.101 0.304 0.079 0.134 0.381 
262 NS_SS1229    (2)    5 :  0.236 0.244 0.360 0.098 0.062 
263 NS_SS1246    (5)    5 :  0.164 0.135 0.295 0.305 0.101 
264 NS_SS1269    (0)    5 :  0.217 0.215 0.204 0.136 0.228 
265 NS_SS1239    (1)    5 :  0.168 0.089 0.389 0.067 0.286 
266 NS_SS1272    (4)    5 :  0.148 0.414 0.147 0.168 0.123 
267 NS_SS1268    (1)    5 :  0.150 0.211 0.078 0.119 0.442 
268 NS_SS1249    (0)    5 :  0.132 0.120 0.306 0.345 0.097 
269 HI_SS0559    (0)    6 :  0.200 0.140 0.183 0.184 0.293 
270 HI_SS0563    (1)    6 :  0.124 0.244 0.285 0.173 0.173 
271 HI_SS0564    (0)    6 :  0.187 0.220 0.178 0.170 0.245 
272 HI_SS0565    (0)    6 :  0.143 0.280 0.176 0.258 0.143 
273 HI_SS0569    (0)    6 :  0.071 0.257 0.134 0.326 0.213 
274 HI_SS0570    (0)    6 :  0.159 0.098 0.211 0.351 0.181 
275 HI_SS0572    (1)    6 :  0.317 0.166 0.337 0.084 0.096 
276 HI_SS0576    (0)    6 :  0.263 0.139 0.142 0.122 0.334 
277 HI_SS0579    (1)    6 :  0.097 0.282 0.253 0.224 0.143 
278 HI_SS0580    (1)    6 :  0.257 0.112 0.234 0.243 0.153 
279 HI_SS0581    (0)    6 :  0.197 0.262 0.151 0.103 0.287 
280 HI_SS0583    (1)    6 :  0.210 0.172 0.225 0.296 0.097 
281 HI_SS0586    (1)    6 :  0.124 0.102 0.100 0.454 0.220 
282 HI_SS0588    (1)    6 :  0.131 0.204 0.243 0.233 0.190 
283 HI_SS0595    (4)    6 :  0.198 0.228 0.190 0.296 0.088 
284 HI_SS0596    (0)    6 :  0.441 0.117 0.233 0.096 0.114 
285 HI_SS0597    (1)    6 :  0.343 0.240 0.183 0.138 0.096 
286 HI_SS0600    (0)    6 :  0.098 0.155 0.425 0.159 0.163 
287 HI_SS0601    (1)    6 :  0.057 0.311 0.212 0.180 0.240 
288 HI_SS0602    (1)    6 :  0.185 0.091 0.136 0.286 0.302 
289 HI_SS0604    (0)    6 :  0.195 0.176 0.126 0.191 0.312 
290 HI_SS0605    (1)    6 :  0.113 0.096 0.239 0.212 0.340 
291 HI_SS0608    (0)    6 :  0.344 0.101 0.109 0.217 0.229 
292 HI_SS0609    (0)    6 :  0.208 0.404 0.151 0.117 0.120 
293 HI_SS0611    (5)    6 :  0.118 0.088 0.164 0.305 0.326 
294 HI_SS0612    (1)    6 :  0.103 0.354 0.346 0.126 0.070 
295 HI_SS0613    (1)    6 :  0.142 0.152 0.118 0.155 0.433 
296 HI_SS0615    (0)    6 :  0.282 0.141 0.266 0.070 0.241 
297 HI_SS0001    (1)    6 :  0.310 0.171 0.199 0.229 0.091 
298 HI_SS0002    (1)    6 :  0.227 0.361 0.154 0.098 0.159 
299 HI_SS0004    (0)    6 :  0.273 0.085 0.151 0.308 0.183 
300 HI_SS0005    (1)    6 :  0.166 0.145 0.126 0.143 0.420 
301 HI_SS0006    (1)    6 :  0.107 0.333 0.170 0.286 0.105 
302 HI_SS0007    (1)    6 :  0.123 0.073 0.143 0.276 0.385 
303 HI_SS0008    (0)    6 :  0.155 0.247 0.170 0.177 0.251 
304 HI_SS0009    (0)    6 :  0.258 0.079 0.223 0.100 0.339 
305 HI_SS0010    (1)    6 :  0.153 0.152 0.174 0.221 0.300 
306 HI_SS0011    (1)    6 :  0.151 0.451 0.064 0.155 0.179 
307 HI_SS0012    (0)    6 :  0.106 0.196 0.438 0.064 0.195 
308 HI_SS0017    (1)    6 :  0.458 0.138 0.133 0.135 0.136 
309 HI_SS0021    (1)    6 :  0.193 0.191 0.112 0.370 0.135 
310 HI_SS0024    (1)    6 :  0.283 0.170 0.211 0.127 0.209 
311 HI_SS0025    (1)    6 :  0.375 0.159 0.150 0.124 0.192 
312 HI_SS0027    (0)    6 :  0.114 0.152 0.196 0.245 0.292 
313 HI_SS0028    (0)    6 :  0.276 0.240 0.085 0.083 0.315 
314 HI_SS0029    (1)    6 :  0.352 0.105 0.195 0.235 0.112 
315 HI_SS0030    (2)    6 :  0.140 0.179 0.291 0.181 0.209 
316 HI_SS0031    (0)    6 :  0.153 0.269 0.377 0.108 0.093 
317 HI_SS0034    (0)    6 :  0.134 0.173 0.250 0.320 0.122 
318 HI_SS0036    (0)    6 :  0.151 0.096 0.133 0.407 0.212 
319 HI_SS0037    (1)    6 :  0.138 0.132 0.098 0.397 0.235 
320 HI_SS0039    (0)    6 :  0.151 0.135 0.119 0.287 0.308 
321 HI_SS0041    (1)    6 :  0.264 0.110 0.141 0.128 0.357 
322 HI_SS0042    (1)    6 :  0.323 0.225 0.137 0.128 0.187 
323 HI_SS0043    (1)    6 :  0.074 0.159 0.183 0.421 0.163 
324 HI_SS0044    (1)    6 :  0.357 0.076 0.261 0.227 0.079 
325 HI_SS0047    (1)    6 :  0.223 0.194 0.204 0.114 0.264 
326 HI_SS0049    (0)    6 :  0.393 0.173 0.115 0.160 0.159 
327 HI_SS0051    (1)    6 :  0.079 0.210 0.155 0.134 0.422 
328 HI_SS0053    (1)    6 :  0.117 0.196 0.228 0.330 0.128 
329 HI_SS0054    (4)    6 :  0.071 0.246 0.110 0.363 0.211 
330 HI_SS0057    (0)    6 :  0.218 0.202 0.083 0.190 0.307 
331 HI_SS0058    (0)    6 :  0.208 0.177 0.135 0.323 0.157 
332 HI_SS0060    (0)    6 :  0.091 0.227 0.180 0.176 0.326 
333 HI_SS0087    (1)    6 :  0.146 0.292 0.179 0.238 0.145 
334 HI_SS0091    (0)    6 :  0.096 0.248 0.215 0.364 0.077 
335 HI_SS0095    (1)    6 :  0.103 0.207 0.332 0.172 0.186 
336 HI_SS0097    (3)    6 :  0.070 0.367 0.278 0.113 0.172 
337 HI_SS0099    (0)    6 :  0.395 0.120 0.124 0.180 0.181 
338 HI_SS0103    (0)    6 :  0.249 0.214 0.275 0.159 0.103 
339 HI_SS0105    (1)    6 :  0.112 0.321 0.178 0.174 0.214 
340 HI_SS0107    (1)    6 :  0.356 0.203 0.238 0.089 0.114 
341 HI_SS0108    (1)    6 :  0.092 0.126 0.180 0.482 0.119 
342 HI_SS0110    (0)    6 :  0.166 0.272 0.280 0.196 0.086 
343 HI_SS0111    (1)    6 :  0.145 0.170 0.297 0.167 0.220 
344 HI_SS0112    (0)    6 :  0.127 0.106 0.186 0.460 0.121 
345 HI_SS0113    (1)    6 :  0.375 0.275 0.102 0.123 0.125 
346 HI_SS0114    (1)    6 :  0.093 0.136 0.171 0.282 0.318 
347 HI_SS0115    (1)    6 :  0.214 0.099 0.363 0.126 0.198 
348 HI_SS0116    (4)    6 :  0.293 0.082 0.218 0.334 0.074 
349 HI_SS0117    (0)    6 :  0.122 0.394 0.133 0.269 0.081 
350 HI_SS0118    (0)    6 :  0.170 0.243 0.226 0.253 0.108 
351 HI_SS0119    (1)    6 :  0.076 0.279 0.260 0.235 0.149 
352 HI_SS0120    (1)    6 :  0.442 0.241 0.140 0.100 0.077 
353 HI_SS0121    (1)    6 :  0.128 0.428 0.083 0.115 0.246 
354 HI_SS0122    (2)    6 :  0.169 0.237 0.213 0.176 0.204 
355 HI_SS0123    (0)    6 :  0.173 0.338 0.200 0.187 0.101 
356 HI_SS0124    (1)    6 :  0.410 0.121 0.192 0.081 0.196 
357 HI_SS0125    (1)    6 :  0.275 0.130 0.282 0.080 0.233 
358 HI_SS0126    (0)    6 :  0.267 0.118 0.159 0.364 0.092 
359 HI_SS0127    (0)    6 :  0.113 0.182 0.114 0.149 0.442 
360 HI_SS0128    (0)    6 :  0.264 0.250 0.235 0.153 0.098 
361 HI_SS0129    (1)    6 :  0.207 0.108 0.201 0.296 0.188 
362 HI_SS0131    (2)    6 :  0.089 0.213 0.097 0.292 0.309 
363 HI_SS0132    (0)    6 :  0.163 0.267 0.215 0.177 0.178 
364 HI_SS0133    (1)    6 :  0.143 0.104 0.142 0.478 0.135 
365 HI_SS0134    (1)    6 :  0.154 0.277 0.211 0.194 0.165 
366 HI_SS0142    (3)    6 :  0.083 0.301 0.304 0.111 0.201 
367 HI_SS0145    (0)    6 :  0.153 0.256 0.236 0.220 0.135 
368 HI_SS0146    (1)    6 :  0.099 0.178 0.277 0.214 0.232 
369 HI_SS0147    (1)    6 :  0.132 0.254 0.110 0.118 0.385 
370 HI_SS0149    (1)    6 :  0.148 0.456 0.086 0.223 0.086 
371 HI_SS0150    (2)    6 :  0.257 0.176 0.168 0.105 0.294 
372 HI_SS0151    (0)    6 :  0.148 0.081 0.419 0.128 0.225 
373 NS_SS1451    (1)    6 :  0.300 0.117 0.250 0.076 0.257 
374 NS_SS1404    (0)    6 :  0.216 0.151 0.116 0.158 0.358 
375 NS_SS1432    (2)    6 :  0.403 0.161 0.172 0.122 0.142 
376 NS_SS1405    (4)    6 :  0.356 0.139 0.159 0.214 0.131 
377 NS_SS1431   (10)    6 :  0.393 0.223 0.125 0.121 0.137 
378 NS_SS1402    (3)    6 :  0.155 0.248 0.316 0.168 0.114 
379 NS_SS1450    (3)    6 :  0.260 0.095 0.189 0.273 0.184 
380 NS_SS1396    (0)    6 :  0.189 0.217 0.179 0.195 0.220 
381 NS_SS1393    (5)    6 :  0.150 0.110 0.367 0.164 0.208 
382 NS_SS1392   (10)    6 :  0.368 0.066 0.243 0.122 0.201 
383 NS_SS1445    (0)    6 :  0.113 0.248 0.102 0.338 0.200 
384 NS_SS1423    (0)    6 :  0.182 0.233 0.299 0.194 0.092 
385 NS_SS1421    (9)    6 :  0.153 0.253 0.183 0.258 0.153 
386 NS_SS1411    (6)    6 :  0.130 0.074 0.099 0.333 0.364 
387 NS_SS1453    (5)    6 :  0.128 0.208 0.206 0.314 0.144 
388 NS_SS1442    (2)    6 :  0.175 0.220 0.198 0.207 0.201 
389 NS_SS1422    (1)    6 :  0.139 0.250 0.387 0.111 0.112 
390 NS_SS1419    (1)    6 :  0.139 0.293 0.110 0.147 0.311 
391 NS_SS1427    (0)    6 :  0.200 0.070 0.307 0.342 0.081 
392 NS_SS1444    (3)    6 :  0.238 0.182 0.115 0.135 0.329 
393 NS_SS1455    (0)    6 :  0.333 0.293 0.164 0.111 0.098 
394 NS_SS1425    (2)    6 :  0.076 0.168 0.166 0.417 0.172 
395 NS_SS1400    (0)    6 :  0.147 0.217 0.078 0.378 0.181 
396 NS_SS1406    (1)    6 :  0.198 0.457 0.139 0.080 0.125 
397 NS_SS1417    (6)    6 :  0.205 0.286 0.090 0.282 0.136 
398 NS_SS1454    (2)    6 :  0.189 0.247 0.071 0.340 0.153 
399 NS_SS1412    (1)    6 :  0.224 0.151 0.173 0.242 0.211 
400 NS_SS1438    (1)    6 :  0.061 0.161 0.186 0.343 0.249 
401 NS_SS1416    (4)    6 :  0.220 0.206 0.175 0.213 0.187 
402 NS_SS1401    (0)    6 :  0.160 0.254 0.253 0.204 0.129 
403 NS_SS1424    (6)    6 :  0.137 0.243 0.198 0.256 0.166 
404 NS_SS1435    (9)    6 :  0.307 0.098 0.191 0.184 0.220 
405 NS_SS1447    (4)    6 :  0.189 0.233 0.132 0.136 0.310 
406 NS_SS1414    (3)    6 :  0.297 0.217 0.062 0.156 0.269 
407 NS_SS1449   (14)    6 :  0.135 0.177 0.442 0.101 0.145 
408 NS_SS1443    (4)    6 :  0.125 0.197 0.367 0.222 0.089 
409 NS_SS1434    (1)    6 :  0.311 0.115 0.343 0.154 0.076 
410 NS_SS1398    (1)    6 :  0.377 0.118 0.159 0.163 0.183 
411 NS_SS1426    (1)    6 :  0.109 0.140 0.195 0.396 0.160 
412 NS_SS1413    (0)    6 :  0.277 0.178 0.097 0.339 0.108 
413 NS_SS1395    (1)    6 :  0.091 0.180 0.340 0.246 0.143 
414 NS_SS1448   (10)    6 :  0.236 0.101 0.093 0.244 0.326 
415 NS_SS1446    (0)    6 :  0.117 0.177 0.313 0.235 0.158 
416 NS_SS1403    (2)    6 :  0.206 0.220 0.258 0.140 0.177 
417 NS_SS1415    (0)    6 :  0.155 0.147 0.165 0.313 0.218 
418 NS_SS1437    (4)    6 :  0.232 0.266 0.111 0.203 0.189 
419 NS_SS1439    (2)    6 :  0.114 0.278 0.297 0.149 0.162 
420 NS_SS1441    (3)    6 :  0.239 0.178 0.241 0.241 0.101 
421 NS_SS1420    (2)    6 :  0.159 0.064 0.143 0.089 0.545 
422 NS_SS1394    (2)    6 :  0.260 0.137 0.119 0.139 0.344 
423 NS_SS1391    (7)    6 :  0.344 0.107 0.198 0.274 0.076 
424 NS_SS1410    (5)    6 :  0.186 0.194 0.246 0.251 0.122 
425 NS_SS1408    (1)    6 :  0.145 0.271 0.223 0.135 0.227 
426 NS_SS1409    (1)    6 :  0.327 0.125 0.233 0.239 0.075 
427 HI_SS0617    (1)    7 :  0.191 0.099 0.373 0.207 0.131 
428 HI_SS0618    (2)    7 :  0.266 0.120 0.238 0.130 0.246 
429 HI_SS0619    (0)    7 :  0.356 0.126 0.141 0.208 0.169 
430 HI_SS0620    (1)    7 :  0.082 0.073 0.258 0.304 0.283 
431 HI_SS0621    (3)    7 :  0.199 0.238 0.238 0.133 0.193 
432 HI_SS0622    (1)    7 :  0.199 0.289 0.120 0.182 0.210 
433 HI_SS0626    (0)    7 :  0.158 0.120 0.100 0.195 0.427 
434 HI_SS0627    (0)    7 :  0.253 0.239 0.176 0.163 0.169 
435 HI_SS0628    (3)    7 :  0.239 0.137 0.113 0.355 0.156 
436 HI_SS0629    (1)    7 :  0.133 0.227 0.201 0.233 0.205 
437 HI_SS0630    (1)    7 :  0.164 0.111 0.237 0.218 0.270 
438 HI_SS0631    (0)    7 :  0.117 0.138 0.237 0.239 0.269 
439 HI_SS0632    (0)    7 :  0.139 0.187 0.107 0.216 0.352 
440 HI_SS0633    (0)    7 :  0.384 0.120 0.249 0.142 0.104 
441 HI_SS0634    (1)    7 :  0.164 0.164 0.185 0.195 0.291 
442 HI_SS0635    (0)    7 :  0.251 0.192 0.125 0.132 0.300 
443 HI_SS0637    (1)    7 :  0.082 0.269 0.138 0.198 0.313 
444 HI_SS0638    (0)    7 :  0.283 0.183 0.125 0.230 0.179 
445 HI_SS0639    (1)    7 :  0.181 0.168 0.266 0.082 0.302 
446 HI_SS0640    (1)    7 :  0.181 0.224 0.182 0.157 0.256 
447 HI_SS0641    (1)    7 :  0.139 0.107 0.130 0.283 0.341 
448 HI_SS0642    (0)    7 :  0.235 0.274 0.236 0.120 0.134 
449 HI_SS0645    (0)    7 :  0.288 0.106 0.135 0.081 0.391 
450 HI_SS0646    (1)    7 :  0.233 0.221 0.319 0.127 0.099 
451 HI_SS0647    (1)    7 :  0.341 0.241 0.082 0.187 0.149 
452 HI_SS0648    (0)    7 :  0.228 0.168 0.158 0.210 0.235 
453 HI_SS0649    (1)    7 :  0.209 0.157 0.316 0.161 0.157 
454 HI_SS0650    (1)    7 :  0.341 0.119 0.324 0.095 0.121 
455 HI_SS0651    (1)    7 :  0.212 0.162 0.295 0.152 0.179 
456 HI_SS0652    (1)    7 :  0.252 0.097 0.107 0.094 0.450 
457 NS_SS1371    (3)    7 :  0.134 0.180 0.456 0.145 0.084 
458 NS_SS1374    (0)    7 :  0.183 0.136 0.117 0.344 0.220 
459 NS_SS1337    (3)    7 :  0.205 0.261 0.117 0.103 0.315 
460 NS_SS1385    (5)    7 :  0.244 0.200 0.302 0.123 0.132 
461 NS_SS1388    (0)    7 :  0.366 0.134 0.108 0.259 0.134 
462 NS_SS1370    (1)    7 :  0.067 0.116 0.164 0.073 0.579 
463 NS_SS1389    (3)    7 :  0.414 0.109 0.091 0.195 0.190 
464 NS_SS1360    (1)    7 :  0.107 0.171 0.164 0.232 0.327 
465 NS_SS1330    (0)    7 :  0.196 0.202 0.206 0.094 0.301 
466 NS_SS1328    (8)    7 :  0.319 0.138 0.176 0.295 0.072 
467 NS_SS1384    (1)    7 :  0.094 0.245 0.244 0.179 0.238 
468 NS_SS1381    (0)    7 :  0.378 0.157 0.278 0.074 0.114 
469 NS_SS1375    (1)    7 :  0.424 0.079 0.179 0.143 0.175 
470 NS_SS1319   (10)    7 :  0.196 0.183 0.265 0.162 0.194 
471 NS_SS1326    (2)    7 :  0.265 0.095 0.147 0.410 0.083 
472 NS_SS1341    (1)    7 :  0.090 0.290 0.210 0.265 0.145 
473 NS_SS1383    (1)    7 :  0.119 0.226 0.220 0.171 0.264 
474 NS_SS1318    (3)    7 :  0.181 0.142 0.229 0.133 0.316 
475 NS_SS1348    (2)    7 :  0.072 0.191 0.246 0.301 0.190 
476 NS_SS1363    (0)    7 :  0.188 0.256 0.151 0.145 0.259 
477 NS_SS1335    (4)    7 :  0.079 0.288 0.180 0.212 0.242 
478 NS_SS1358    (0)    7 :  0.087 0.342 0.210 0.198 0.163 
479 NS_SS1342    (1)    7 :  0.112 0.373 0.215 0.228 0.072 
480 NS_SS1320    (2)    7 :  0.509 0.205 0.166 0.055 0.066 
481 NS_SS1355    (1)    7 :  0.173 0.314 0.170 0.110 0.232 
482 NS_SS1345    (1)    7 :  0.110 0.454 0.157 0.078 0.201 
483 NS_SS1324    (0)    7 :  0.130 0.164 0.266 0.259 0.181 
484 NS_SS1347    (5)    7 :  0.116 0.200 0.405 0.126 0.154 
485 NS_SS1321    (4)    7 :  0.128 0.215 0.208 0.272 0.177 
486 NS_SS1333    (0)    7 :  0.200 0.156 0.205 0.318 0.122 
487 NS_SS1364    (1)    7 :  0.139 0.305 0.075 0.343 0.137 
488 NS_SS1379    (0)    7 :  0.238 0.165 0.241 0.167 0.189 
489 NS_SS1332    (0)    7 :  0.199 0.166 0.114 0.417 0.103 
490 NS_SS1338    (5)    7 :  0.089 0.106 0.177 0.280 0.347 
491 NS_SS1368    (6)    7 :  0.179 0.325 0.086 0.324 0.087 
492 NS_SS1354    (1)    7 :  0.190 0.327 0.156 0.177 0.149 
493 NS_SS1365    (0)    7 :  0.260 0.219 0.150 0.129 0.241 
494 NS_SS1380    (1)    7 :  0.202 0.379 0.102 0.112 0.206 
495 NS_SS1329    (8)    7 :  0.133 0.409 0.115 0.279 0.064 
496 NS_SS1362    (0)    7 :  0.196 0.255 0.206 0.195 0.148 
497 NS_SS1327    (2)    7 :  0.113 0.067 0.187 0.510 0.123 
498 NS_SS1350    (0)    7 :  0.243 0.075 0.461 0.140 0.081 
499 NS_SS1387    (2)    7 :  0.168 0.127 0.160 0.154 0.391 
500 NS_SS1369    (8)    7 :  0.108 0.274 0.135 0.279 0.204 
501 NS_SS1331    (1)    7 :  0.288 0.134 0.099 0.256 0.222 
502 NS_SS1357    (4)    7 :  0.319 0.121 0.321 0.177 0.063 
503 NS_SS1386    (1)    7 :  0.091 0.286 0.094 0.456 0.073 
504 NS_SS1353    (2)    7 :  0.416 0.164 0.154 0.176 0.090 
505 NS_SS1323    (0)    7 :  0.252 0.366 0.130 0.097 0.155 
506 HI_SS0296    (0)    8 :  0.117 0.099 0.246 0.224 0.313 
507 HI_SS0297    (0)    8 :  0.299 0.204 0.229 0.153 0.115 
508 HI_SS0299    (0)    8 :  0.120 0.243 0.181 0.210 0.244 
509 HI_SS0300    (0)    8 :  0.137 0.165 0.181 0.189 0.327 
510 HI_SS0301    (0)    8 :  0.091 0.225 0.064 0.187 0.434 
511 HI_SS0302    (0)    8 :  0.093 0.147 0.135 0.239 0.387 
512 HI_SS0303    (0)    8 :  0.275 0.133 0.132 0.363 0.097 
513 HI_SS0304    (0)    8 :  0.375 0.111 0.073 0.239 0.203 
514 HI_SS0306    (5)    8 :  0.133 0.137 0.089 0.360 0.282 
515 HI_SS0307    (1)    8 :  0.242 0.247 0.187 0.104 0.220 
516 HI_SS0308    (1)    8 :  0.111 0.214 0.284 0.143 0.248 
517 HI_SS0309    (0)    8 :  0.076 0.289 0.307 0.084 0.244 
518 HI_SS0310    (0)    8 :  0.340 0.149 0.105 0.235 0.170 
519 HI_SS0311    (3)    8 :  0.139 0.230 0.103 0.182 0.346 
520 HI_SS0314    (0)    8 :  0.411 0.163 0.142 0.200 0.084 
521 HI_SS0316    (1)    8 :  0.228 0.201 0.166 0.254 0.152 
522 HI_SS0317    (3)    8 :  0.151 0.209 0.209 0.179 0.252 
523 HI_SS0318    (1)    8 :  0.099 0.178 0.226 0.307 0.190 
524 HI_SS0319    (0)    8 :  0.105 0.175 0.247 0.382 0.091 
525 HI_SS0320    (3)    8 :  0.442 0.163 0.103 0.151 0.142 
526 HI_SS0321    (0)    8 :  0.088 0.136 0.437 0.189 0.149 
527 HI_SS0323    (1)    8 :  0.157 0.110 0.199 0.278 0.257 
528 HI_SS0325    (2)    8 :  0.132 0.170 0.088 0.323 0.287 
529 HI_SS0327    (1)    8 :  0.096 0.156 0.548 0.138 0.061 
530 HI_SS0329    (1)    8 :  0.295 0.182 0.105 0.178 0.240 
531 HI_SS0333    (1)    8 :  0.214 0.178 0.225 0.208 0.176 
532 HI_SS0334    (1)    8 :  0.104 0.199 0.182 0.308 0.208 
533 HI_SS0335    (1)    8 :  0.128 0.361 0.212 0.104 0.195 
534 HI_SS0339    (0)    8 :  0.200 0.268 0.101 0.142 0.289 
535 HI_SS0343    (2)    8 :  0.167 0.404 0.224 0.097 0.108 
536 HI_SS0344    (1)    8 :  0.088 0.125 0.190 0.486 0.110 
537 HI_SS0345    (3)    8 :  0.167 0.292 0.071 0.229 0.241 
538 HI_SS0346    (0)    8 :  0.195 0.184 0.131 0.283 0.207 
539 HI_SS0350    (1)    8 :  0.185 0.363 0.168 0.063 0.221 
540 HI_SS0351    (0)    8 :  0.106 0.432 0.172 0.150 0.139 
541 HI_SS0352    (3)    8 :  0.189 0.317 0.201 0.120 0.174 
542 HI_SS0362    (0)    8 :  0.164 0.120 0.148 0.153 0.415 
543 HI_SS0363    (1)    8 :  0.098 0.154 0.464 0.178 0.107 
544 HI_SS0365    (0)    8 :  0.157 0.147 0.342 0.249 0.105 
545 HI_SS0366    (0)    8 :  0.089 0.127 0.277 0.348 0.159 
546 HI_SS0367    (1)    8 :  0.339 0.281 0.136 0.104 0.141 
547 HI_SS0369    (1)    8 :  0.279 0.198 0.142 0.112 0.269 
548 HI_SS0370    (0)    8 :  0.226 0.136 0.436 0.117 0.085 
549 HI_SS0371    (4)    8 :  0.146 0.139 0.117 0.372 0.226 
550 HI_SS0373    (3)    8 :  0.261 0.121 0.222 0.185 0.211 
551 HI_SS0374    (0)    8 :  0.291 0.201 0.171 0.140 0.196 
552 HI_SS0377    (0)    8 :  0.090 0.392 0.101 0.206 0.212 
553 HI_SS0379    (1)    8 :  0.080 0.194 0.105 0.538 0.082 
554 HI_SS0380    (1)    8 :  0.231 0.256 0.165 0.155 0.194 
555 HI_SS0381    (2)    8 :  0.107 0.289 0.206 0.099 0.299 
556 HI_SS0384    (3)    8 :  0.300 0.112 0.207 0.255 0.127 
557 HI_SS0385    (1)    8 :  0.325 0.094 0.049 0.343 0.189 


Estimated Allele Frequencies in each cluster
First column gives estimated ancestral frequencies


Locus 1 : 
2 alleles
3.4% missing data
   1   (0.735) 0.780 0.766 0.755 0.727 0.666 
   2   (0.265) 0.220 0.234 0.245 0.273 0.334 

Locus 2 : 
2 alleles
4.3% missing data
   1   (0.887) 0.815 0.877 0.923 0.911 0.922 
   2   (0.113) 0.185 0.123 0.077 0.089 0.078 

Locus 3 : 
2 alleles
3.9% missing data
   1   (0.859) 0.870 0.887 0.846 0.866 0.866 
   2   (0.141) 0.130 0.113 0.154 0.134 0.134 

Locus 4 : 
2 alleles
2.7% missing data
   1   (0.883) 0.891 0.865 0.910 0.903 0.892 
   2   (0.117) 0.109 0.135 0.090 0.097 0.108 

Locus 5 : 
2 alleles
2.7% missing data
   1   (0.821) 0.799 0.861 0.826 0.804 0.833 
   2   (0.179) 0.201 0.139 0.174 0.196 0.167 

Locus 6 : 
2 alleles
3.2% missing data
   1   (0.788) 0.819 0.801 0.787 0.761 0.804 
   2   (0.212) 0.181 0.199 0.213 0.239 0.196 

Locus 7 : 
2 alleles
3.8% missing data
   1   (0.801) 0.832 0.809 0.830 0.763 0.802 
   2   (0.199) 0.168 0.191 0.170 0.237 0.198 

Locus 8 : 
2 alleles
4.8% missing data
   1   (0.703) 0.702 0.719 0.689 0.699 0.725 
   2   (0.297) 0.298 0.281 0.311 0.301 0.275 

Locus 9 : 
2 alleles
3.1% missing data
   1   (0.790) 0.847 0.814 0.741 0.765 0.807 
   2   (0.210) 0.153 0.186 0.259 0.235 0.193 

Locus 10 : 
2 alleles
4.7% missing data
   1   (0.885) 0.926 0.877 0.892 0.884 0.890 
   2   (0.115) 0.074 0.123 0.108 0.116 0.110 

Locus 11 : 
2 alleles
3.2% missing data
   1   (0.861) 0.897 0.901 0.864 0.817 0.851 
   2   (0.139) 0.103 0.099 0.136 0.183 0.149 

Locus 12 : 
2 alleles
4.8% missing data
   1   (0.728) 0.713 0.731 0.731 0.751 0.740 
   2   (0.272) 0.287 0.269 0.269 0.249 0.260 

Locus 13 : 
2 alleles
4.7% missing data
   1   (0.883) 0.917 0.898 0.893 0.883 0.864 
   2   (0.117) 0.083 0.102 0.107 0.117 0.136 

Locus 14 : 
2 alleles
3.9% missing data
   1   (0.871) 0.907 0.870 0.873 0.877 0.876 
   2   (0.129) 0.093 0.130 0.127 0.123 0.124 

Locus 15 : 
2 alleles
3.9% missing data
   1   (0.505) 0.502 0.517 0.456 0.543 0.509 
   2   (0.495) 0.498 0.483 0.544 0.457 0.491 

Locus 16 : 
2 alleles
4.3% missing data
   1   (0.606) 0.666 0.595 0.524 0.573 0.681 
   2   (0.394) 0.334 0.405 0.476 0.427 0.319 

Locus 17 : 
2 alleles
4.1% missing data
   1   (0.773) 0.745 0.780 0.799 0.749 0.808 
   2   (0.227) 0.255 0.220 0.201 0.251 0.192 

Locus 18 : 
2 alleles
2.3% missing data
   1   (0.890) 0.894 0.880 0.893 0.919 0.907 
   2   (0.110) 0.106 0.120 0.107 0.081 0.093 

Locus 19 : 
2 alleles
4.3% missing data
   1   (0.709) 0.697 0.723 0.704 0.681 0.755 
   2   (0.291) 0.303 0.277 0.296 0.319 0.245 

Locus 20 : 
2 alleles
3.2% missing data
   1   (0.881) 0.928 0.816 0.882 0.912 0.900 
   2   (0.119) 0.072 0.184 0.118 0.088 0.100 

Locus 21 : 
2 alleles
3.4% missing data
   1   (0.561) 0.554 0.640 0.556 0.452 0.584 
   2   (0.439) 0.446 0.360 0.444 0.548 0.416 

Locus 22 : 
2 alleles
4.8% missing data
   1   (0.851) 0.842 0.877 0.864 0.840 0.868 
   2   (0.149) 0.158 0.123 0.136 0.160 0.132 

Locus 23 : 
2 alleles
4.3% missing data
   1   (0.881) 0.832 0.925 0.892 0.889 0.887 
   2   (0.119) 0.168 0.075 0.108 0.111 0.113 

Locus 24 : 
2 alleles
3.2% missing data
   1   (0.542) 0.550 0.548 0.503 0.545 0.566 
   2   (0.458) 0.450 0.452 0.497 0.455 0.434 

Locus 25 : 
2 alleles
4.3% missing data
   2   (0.470) 0.491 0.415 0.498 0.474 0.478 
   1   (0.530) 0.509 0.585 0.502 0.526 0.522 

Locus 26 : 
2 alleles
4.3% missing data
   1   (0.841) 0.780 0.826 0.886 0.854 0.876 
   2   (0.159) 0.220 0.174 0.114 0.146 0.124 

Locus 27 : 
2 alleles
2.2% missing data
   1   (0.600) 0.547 0.586 0.613 0.632 0.633 
   2   (0.400) 0.453 0.414 0.387 0.368 0.367 

Locus 28 : 
2 alleles
4.1% missing data
   1   (0.860) 0.917 0.790 0.861 0.896 0.869 
   2   (0.140) 0.083 0.210 0.139 0.104 0.131 

Locus 29 : 
2 alleles
1.8% missing data
   1   (0.876) 0.876 0.898 0.888 0.884 0.877 
   2   (0.124) 0.124 0.102 0.112 0.116 0.123 

Locus 30 : 
2 alleles
4.5% missing data
   1   (0.864) 0.850 0.855 0.886 0.874 0.890 
   2   (0.136) 0.150 0.145 0.114 0.126 0.110 

Locus 31 : 
2 alleles
4.3% missing data
   1   (0.787) 0.792 0.722 0.836 0.785 0.827 
   2   (0.213) 0.208 0.278 0.164 0.215 0.173 

Locus 32 : 
2 alleles
