   NS_SS0963  1 0.4484 0.2792 0.2724 
   NS_SS0983  1 0.3176 0.1082 0.5742 
   NS_SS0719  1 0.3184 0.2770 0.4046 
   NS_SS1001  1 0.3527 0.5003 0.1470 
   NS_SS0936  1 0.2147 0.5498 0.2355 
   NS_SS0955  1 0.4682 0.1309 0.4009 
   NS_SS0944  1 0.4619 0.2437 0.2944 
   NS_SS0945  1 0.2002 0.5076 0.2922 
   NS_SS0922  1 0.2386 0.5964 0.1649 
   NS_SS0929  1 0.3245 0.2259 0.4496 
   NS_SS0956  1 0.4612 0.4066 0.1323 
   NS_SS0906  1 0.4337 0.2264 0.3399 
   NS_SS0721  1 0.5204 0.2444 0.2352 
   NS_SS0982  1 0.4951 0.2875 0.2173 
   NS_SS0923  1 0.3475 0.3952 0.2573 
   NS_SS0905  1 0.4309 0.2557 0.3134 
   NS_SS0925  1 0.5069 0.3138 0.1793 
   NS_SS0947  1 0.2964 0.4735 0.2300 
   NS_SS0926  1 0.2549 0.1942 0.5509 
   NS_SS0918  1 0.6550 0.2253 0.1197 
   NS_SS0966  1 0.4949 0.2763 0.2288 
   NS_SS0938  1 0.1626 0.6437 0.1937 
   NS_SS0917  1 0.1472 0.3130 0.5398 
   NS_SS0957  1 0.4174 0.3223 0.2603 
   NS_SS0987  1 0.6614 0.1737 0.1649 
   NS_SS0717  1 0.4168 0.4389 0.1443 
   NS_SS0986  1 0.4938 0.2452 0.2610 
   NS_SS0953  1 0.5041 0.3318 0.1641 
   NS_SS0907  1 0.5028 0.1891 0.3081 
   NS_SS0974  1 0.2779 0.3303 0.3918 
   NS_SS0989  1 0.1224 0.2377 0.6399 
   NS_SS0991  1 0.6714 0.0827 0.2459 
   NS_SS0994  1 0.1052 0.1895 0.7054 
   NS_SS0931  1 0.4808 0.1717 0.3474 
   NS_SS1000  1 0.2404 0.6021 0.1575 
   NS_SS0919  1 0.3412 0.1992 0.4597 
   NS_SS0949  1 0.2206 0.2213 0.5581 
   NS_SS0960  1 0.4030 0.1506 0.4464 
   NS_SS0716  1 0.3336 0.5472 0.1192 
   NS_SS0924  1 0.4742 0.1507 0.3750 
   NS_SS0935  1 0.4236 0.1264 0.4501 
   NS_SS0952  1 0.3346 0.1537 0.5117 
   NS_SS0962  1 0.2967 0.5132 0.1901 
   NS_SS0973  1 0.4803 0.1825 0.3372 
   NS_SS0722  1 0.1799 0.6923 0.1278 
   NS_SS0979  1 0.5367 0.2961 0.1673 
   NS_SS0993  1 0.4227 0.4076 0.1697 
   NS_SS0958  1 0.2897 0.2746 0.4358 
   NS_SS0988  1 0.4399 0.2315 0.3286 
   NS_SS1003  1 0.5845 0.2841 0.1314 
   NS_SS0976  1 0.3358 0.2211 0.4432 
   NS_SS0964  1 0.3325 0.5241 0.1434 
   NS_SS0939  1 0.1651 0.7428 0.0921 
   NS_SS0990  1 0.1681 0.5034 0.3285 
   NS_SS0984  1 0.2019 0.6762 0.1219 
   NS_SS0980  1 0.2433 0.4334 0.3233 
   NS_SS0978  1 0.2096 0.4728 0.3176 
   NS_SS0951  1 0.6246 0.1296 0.2458 
   NS_SS0913  1 0.4348 0.3844 0.1807 
   NS_SS1002  1 0.3414 0.4573 0.2012 
   NS_SS0948  1 0.4887 0.2261 0.2852 
   NS_SS0916  1 0.1206 0.4078 0.4716 
   NS_SS0995  1 0.2599 0.4118 0.3283 
   NS_SS0927  1 0.1540 0.3240 0.5220 
   NS_SS0992  1 0.1314 0.4451 0.4235 
   NS_SS0912  1 0.5585 0.2059 0.2356 
   NS_SS0981  1 0.5547 0.2618 0.1835 
   NS_SS0729  2 0.1570 0.1594 0.6836 
   NS_SS0967  2 0.4769 0.2670 0.2560 
   NS_SS0941  2 0.1674 0.5741 0.2585 
   NS_SS0768  2 0.5760 0.2380 0.1860 
   NS_SS0726  2 0.1482 0.2824 0.5694 
   NS_SS0763  2 0.2126 0.2358 0.5516 
   NS_SS0730  2 0.2718 0.5445 0.1837 
   NS_SS0774  2 0.1734 0.6304 0.1962 
   NS_SS0723  2 0.3405 0.4901 0.1694 
   NS_SS0940  2 0.1742 0.4556 0.3702 
   NS_SS0762  2 0.2518 0.6505 0.0976 
   NS_SS0766  2 0.1745 0.5322 0.2932 
   NS_SS0724  2 0.6222 0.2394 0.1384 
   NS_SS0769  2 0.3212 0.3698 0.3090 
   NS_SS0777  2 0.4514 0.2193 0.3293 
   NS_SS0734  2 0.3194 0.3416 0.3390 
   NS_SS0737  2 0.1129 0.7685 0.1186 
   NS_SS0732  2 0.6359 0.1939 0.1702 
   NS_SS0728  2 0.2289 0.5092 0.2619 
   NS_SS0735  2 0.3718 0.4342 0.1940 
   NS_SS0725  2 0.2161 0.6031 0.1809 
   NS_SS0788  2 0.2578 0.3719 0.3703 
   NS_SS0778  2 0.3078 0.2669 0.4253 
   NS_SS0792  2 0.4041 0.1850 0.4109 
   NS_SS0943  2 0.5244 0.1065 0.3691 
   NS_SS0791  2 0.1946 0.3541 0.4512 
   NS_SS0790  2 0.6522 0.2729 0.0749 
   NS_SS0731  2 0.5126 0.3457 0.1417 
   NS_SS0727  2 0.1090 0.4081 0.4829 
   NS_SS0779  2 0.3904 0.3414 0.2682 
   NS_SS0776  2 0.2202 0.5514 0.2284 
   NS_SS0775  2 0.1526 0.6869 0.1606 
   NS_SS0965  3 0.6078 0.2063 0.1859 
   NS_SS0754  3 0.3972 0.1763 0.4265 
   NS_SS0838  3 0.2559 0.3936 0.3505 
   NS_SS0839  3 0.2659 0.5913 0.1428 
   NS_SS0832  3 0.5609 0.3493 0.0898 
   NS_SS0820  3 0.6323 0.2409 0.1268 
   NS_SS0886  3 0.3298 0.2638 0.4065 
   NS_SS0748  3 0.4693 0.1980 0.3327 
   NS_SS0884  3 0.3277 0.3040 0.3683 
   NS_SS0752  3 0.2266 0.4726 0.3007 
   NS_SS0862  3 0.6692 0.2065 0.1243 
   NS_SS0787  3 0.1875 0.1277 0.6848 
   NS_SS0843  3 0.4151 0.2516 0.3333 
   NS_SS0856  3 0.1524 0.5346 0.3131 
   NS_SS0846  3 0.2979 0.2487 0.4535 
   NS_SS0825  3 0.3909 0.2888 0.3203 
   NS_SS0757  3 0.4529 0.2085 0.3386 
   NS_SS0876  3 0.3810 0.3832 0.2358 
   NS_SS0903  3 0.3166 0.4559 0.2275 
   NS_SS0875  3 0.3275 0.4284 0.2441 
   NS_SS0740  3 0.4154 0.2926 0.2919 
   NS_SS0811  3 0.6046 0.2855 0.1099 
   NS_SS0751  3 0.1758 0.5787 0.2456 
   NS_SS0891  3 0.2446 0.5009 0.2545 
   NS_SS0867  3 0.5290 0.1286 0.3425 
   NS_SS0890  3 0.3173 0.3660 0.3167 
   NS_SS0866  3 0.1318 0.1677 0.7006 
   NS_SS0755  3 0.5122 0.2395 0.2483 
   NS_SS0758  3 0.2973 0.3814 0.3214 
   NS_SS0840  3 0.3978 0.4676 0.1346 
   NS_SS0889  3 0.3970 0.1556 0.4474 
   NS_SS1010  3 0.3997 0.2783 0.3221 
   NS_SS0888  3 0.1414 0.2018 0.6568 
   NS_SS0837  3 0.6740 0.1969 0.1291 
   NS_SS0794  3 0.1937 0.3163 0.4900 
   NS_SS0823  3 0.4237 0.4272 0.1491 
   NS_SS0829  3 0.4573 0.1008 0.4419 
   NS_SS0844  3 0.7478 0.1211 0.1310 
   NS_SS1008  3 0.2025 0.3986 0.3988 
   NS_SS0881  3 0.2413 0.3719 0.3869 
   NS_SS0834  3 0.1707 0.6773 0.1520 
   NS_SS0744  3 0.3286 0.2824 0.3890 
   NS_SS0899  3 0.6306 0.2755 0.0938 
   NS_SS0804  3 0.5527 0.3298 0.1176 
   NS_SS0781  3 0.4133 0.4470 0.1397 
   NS_SS0822  3 0.3499 0.3235 0.3266 
   NS_SS1004  3 0.5004 0.2572 0.2424 
   NS_SS0746  3 0.4522 0.2803 0.2675 
   NS_SS0880  3 0.3121 0.4405 0.2474 
   NS_SS0879  3 0.3554 0.4484 0.1962 
   NS_SS0753  3 0.5248 0.1199 0.3552 
   NS_SS1007  3 0.0986 0.5913 0.3100 
   NS_SS0872  3 0.3183 0.4531 0.2286 
   NS_SS1005  3 0.4079 0.3996 0.1925 
   NS_SS0892  3 0.3298 0.3625 0.3077 
   NS_SS0898  3 0.3352 0.3029 0.3619 
   NS_SS0801  3 0.6100 0.1862 0.2038 
   NS_SS0827  3 0.5414 0.1535 0.3051 
   NS_SS0853  3 0.5299 0.1818 0.2884 
   NS_SS0780  3 0.3219 0.4867 0.1915 
   NS_SS0826  3 0.5852 0.1714 0.2434 
   NS_SS0818  3 0.3194 0.5630 0.1176 
   NS_SS0745  3 0.1747 0.7487 0.0767 
   NS_SS0849  3 0.6609 0.1743 0.1648 
   NS_SS0739  3 0.2256 0.4184 0.3560 
   NS_SS0799  3 0.2626 0.2589 0.4785 
   NS_SS0756  3 0.6447 0.2398 0.1155 
   NS_SS0802  3 0.1993 0.3388 0.4619 
   NS_SS0747  3 0.3793 0.2860 0.3347 
   NS_SS0835  3 0.1395 0.1654 0.6951 
   NS_SS0742  3 0.3671 0.3204 0.3125 
   NS_SS0760  3 0.2457 0.1948 0.5595 
   NS_SS0803  3 0.5381 0.2803 0.1817 
   NS_SS0828  3 0.4987 0.2561 0.2453 
   NS_SS0865  3 0.4430 0.1956 0.3614 
   NS_SS0759  3 0.3729 0.4959 0.1312 
   NS_SS0851  3 0.5385 0.3474 0.1141 
   NS_SS0874  3 0.5501 0.2718 0.1781 
   NS_SS0761  3 0.4279 0.1228 0.4494 
   NS_SS0842  3 0.2981 0.3232 0.3787 
   NS_SS0785  3 0.3573 0.2268 0.4159 
   NS_SS0860  3 0.1838 0.1293 0.6869 
   NS_SS0897  3 0.1993 0.1652 0.6355 
   NS_SS0841  3 0.4714 0.4078 0.1208 
   NS_SS0797  3 0.4770 0.1666 0.3564 
   NS_SS0830  3 0.4379 0.2624 0.2997 
   NS_SS1011  3 0.5133 0.3040 0.1827 
   NS_SS0883  3 0.4143 0.1716 0.4141 
   NS_SS0782  3 0.1890 0.4813 0.3297 
   NS_SS0831  3 0.3755 0.1401 0.4844 
   NS_SS0749  3 0.3082 0.3577 0.3342 
   NS_SS0854  3 0.2384 0.3257 0.4359 
   HI_SS0193  4 0.2285 0.3306 0.4409 
   HI_SS0194  4 0.1549 0.6957 0.1495 
   HI_SS0195  4 0.4155 0.4760 0.1085 
   HI_SS0196  4 0.1643 0.5188 0.3169 
   HI_SS0197  4 0.1644 0.5412 0.2943 
   HI_SS0198  4 0.3648 0.2421 0.3932 
   HI_SS0199  4 0.1227 0.3500 0.5273 
   HI_SS0201  4 0.3483 0.0838 0.5679 
   HI_SS0215  4 0.3318 0.0984 0.5699 
   HI_SS0218  4 0.1259 0.1949 0.6792 
   HI_SS0222  4 0.2380 0.4926 0.2694 
   HI_SS0230  4 0.5206 0.2450 0.2344 
   HI_SS0234  4 0.1644 0.4889 0.3468 
   HI_SS0240  4 0.1378 0.5789 0.2833 
   HI_SS0241  4 0.2745 0.1814 0.5442 
   HI_SS0242  4 0.3852 0.2806 0.3342 
   HI_SS0247  4 0.5651 0.2210 0.2138 
   HI_SS0248  4 0.1700 0.2969 0.5330 
   HI_SS0252  4 0.3767 0.4267 0.1966 
   HI_SS0254  4 0.3500 0.2586 0.3914 
   HI_SS0256  4 0.4920 0.4270 0.0810 
   HI_SS0257  4 0.2260 0.1827 0.5913 
   HI_SS0258  4 0.3663 0.1900 0.4437 
   HI_SS0259  4 0.1583 0.5930 0.2487 
   HI_SS0260  4 0.1261 0.3157 0.5582 
   HI_SS0261  4 0.2233 0.4024 0.3744 
   HI_SS0262  4 0.3914 0.3113 0.2972 
   HI_SS0264  4 0.4425 0.3930 0.1645 
   HI_SS0265  4 0.4163 0.3301 0.2536 
   HI_SS0268  4 0.2407 0.3993 0.3600 
   HI_SS0269  4 0.1129 0.1203 0.7668 
   HI_SS0273  4 0.3667 0.1500 0.4833 
   HI_SS0277  4 0.4078 0.2973 0.2948 
   HI_SS0280  4 0.2890 0.4416 0.2694 
   HI_SS0282  4 0.4244 0.1817 0.3939 
   HI_SS0286  4 0.4436 0.1896 0.3668 
   NS_SS1252  5 0.2006 0.1223 0.6770 
   NS_SS1261  5 0.3610 0.2556 0.3835 
   NS_SS1225  5 0.4766 0.1116 0.4118 
   NS_SS1266  5 0.6379 0.2468 0.1153 
   NS_SS1228  5 0.4339 0.3269 0.2392 
   NS_SS1255  5 0.1146 0.6708 0.2145 
   NS_SS1267  5 0.1274 0.1125 0.7601 
   NS_SS1238  5 0.3256 0.4094 0.2650 
   NS_SS1233  5 0.6985 0.1859 0.1156 
   NS_SS1277  5 0.1209 0.4241 0.4550 
   NS_SS1245  5 0.3324 0.3352 0.3324 
   NS_SS1240  5 0.1248 0.1197 0.7555 
   NS_SS1275  5 0.3527 0.5040 0.1433 
   NS_SS1235  5 0.2168 0.4921 0.2911 
   NS_SS1263  5 0.4009 0.4473 0.1519 
   NS_SS1251  5 0.4863 0.3224 0.1913 
   NS_SS1248  5 0.6875 0.1769 0.1356 
   NS_SS1244  5 0.4160 0.2351 0.3489 
   NS_SS1257  5 0.2495 0.2173 0.5332 
   NS_SS1242  5 0.2682 0.5862 0.1457 
   NS_SS1271  5 0.1355 0.1497 0.7148 
   NS_SS1265  5 0.3179 0.1834 0.4987 
   NS_SS1243  5 0.4292 0.3977 0.1731 
   NS_SS1273  5 0.2730 0.6010 0.1260 
   NS_SS1254  5 0.5138 0.2856 0.2005 
   NS_SS1224  5 0.5712 0.2821 0.1467 
   NS_SS1227  5 0.1371 0.2751 0.5878 
   NS_SS1274  5 0.2776 0.2560 0.4664 
   NS_SS1241  5 0.3279 0.1970 0.4751 
   NS_SS1256  5 0.3449 0.2800 0.3752 
   NS_SS1260  5 0.1866 0.1728 0.6406 
   NS_SS1262  5 0.5208 0.1229 0.3564 
   NS_SS1230  5 0.3436 0.2796 0.3768 
   NS_SS1270  5 0.7684 0.1173 0.1142 
   NS_SS1229  5 0.1363 0.5803 0.2835 
   NS_SS1246  5 0.1279 0.3171 0.5550 
   NS_SS1269  5 0.3532 0.3905 0.2563 
   NS_SS1239  5 0.3202 0.4494 0.2304 
   NS_SS1272  5 0.3600 0.2904 0.3496 
   NS_SS1268  5 0.6683 0.1977 0.1340 
   NS_SS1249  5 0.1113 0.2175 0.6713 
   HI_SS0559  6 0.3956 0.3226 0.2818 
   HI_SS0563  6 0.4156 0.2750 0.3094 
   HI_SS0564  6 0.3744 0.3883 0.2373 
   HI_SS0565  6 0.2904 0.2517 0.4579 
   HI_SS0569  6 0.5116 0.0802 0.4082 
   HI_SS0570  6 0.1831 0.2208 0.5961 
   HI_SS0572  6 0.1869 0.5948 0.2183 
   HI_SS0576  6 0.4255 0.4098 0.1647 
   HI_SS0579  6 0.4926 0.1686 0.3387 
   HI_SS0580  6 0.1725 0.3642 0.4634 
   HI_SS0581  6 0.4131 0.4326 0.1543 
   HI_SS0583  6 0.1478 0.2599 0.5923 
   HI_SS0586  6 0.2571 0.1441 0.5988 
   HI_SS0588  6 0.4309 0.1756 0.3935 
   HI_SS0595  6 0.1492 0.2902 0.5606 
   HI_SS0596  6 0.1599 0.6905 0.1496 
   HI_SS0597  6 0.1652 0.6136 0.2211 
   HI_SS0600  6 0.2210 0.2319 0.5471 
   HI_SS0601  6 0.5719 0.0920 0.3361 
   HI_SS0602  6 0.3530 0.2396 0.4074 
   HI_SS0604  6 0.5129 0.2637 0.2234 
   HI_SS0605  6 0.3675 0.2834 0.3491 
   HI_SS0608  6 0.2583 0.5029 0.2388 
   HI_SS0609  6 0.4270 0.3821 0.1909 
   HI_SS0611  6 0.3155 0.1458 0.5387 
   HI_SS0612  6 0.3285 0.2632 0.4083 
   HI_SS0613  6 0.5535 0.1816 0.2649 
   HI_SS0615  6 0.2698 0.5990 0.1312 
   HI_SS0001  6 0.1244 0.4788 0.3968 
   HI_SS0002  6 0.4809 0.3406 0.1785 
   HI_SS0004  6 0.2005 0.3862 0.4133 
   HI_SS0005  6 0.5406 0.2450 0.2144 
   HI_SS0006  6 0.3003 0.1782 0.5216 
   HI_SS0007  6 0.4224 0.2083 0.3694 
   HI_SS0008  6 0.4819 0.2581 0.2600 
   HI_SS0009  6 0.4178 0.4564 0.1258 
   HI_SS0010  6 0.4372 0.2112 0.3515 
   HI_SS0011  6 0.6061 0.2293 0.1647 
   HI_SS0012  6 0.3680 0.3632 0.2688 
   HI_SS0017  6 0.1358 0.7124 0.1518 
   HI_SS0021  6 0.3015 0.2429 0.4556 
   HI_SS0024  6 0.2413 0.5430 0.2157 
   HI_SS0025  6 0.3095 0.5318 0.1587 
   HI_SS0027  6 0.4463 0.1714 0.3823 
   HI_SS0028  6 0.5167 0.3674 0.1159 
   HI_SS0029  6 0.1371 0.5527 0.3102 
   HI_SS0030  6 0.2999 0.2957 0.4044 
   HI_SS0031  6 0.2679 0.3637 0.3685 
   HI_SS0034  6 0.2194 0.2405 0.5401 
   HI_SS0036  6 0.1659 0.2522 0.5818 
   HI_SS0037  6 0.3141 0.1520 0.5339 
   HI_SS0039  6 0.3759 0.1908 0.4333 
   HI_SS0041  6 0.3438 0.4895 0.1667 
   HI_SS0042  6 0.2873 0.5478 0.1649 
   HI_SS0043  6 0.2218 0.1093 0.6689 
   HI_SS0044  6 0.0731 0.5179 0.4089 
   HI_SS0047  6 0.4532 0.3644 0.1824 
   HI_SS0049  6 0.2619 0.5636 0.1746 
   HI_SS0051  6 0.7005 0.1188 0.1807 
   HI_SS0053  6 0.1619 0.1891 0.6490 
   HI_SS0054  6 0.4917 0.1039 0.4044 
   HI_SS0057  6 0.5072 0.3238 0.1690 
   HI_SS0058  6 0.3576 0.2379 0.4045 
   HI_SS0060  6 0.5923 0.2039 0.2038 
   HI_SS0087  6 0.3347 0.2682 0.3971 
   HI_SS0091  6 0.1162 0.1235 0.7603 
   HI_SS0095  6 0.3633 0.2322 0.4045 
   HI_SS0097  6 0.6394 0.1402 0.2204 
   HI_SS0099  6 0.2242 0.5482 0.2275 
   HI_SS0103  6 0.2038 0.4712 0.3250 
   HI_SS0105  6 0.4840 0.2142 0.3018 
   HI_SS0107  6 0.1586 0.6935 0.1479 
   HI_SS0108  6 0.1725 0.1184 0.7091 
   HI_SS0110  6 0.1317 0.3708 0.4975 
   HI_SS0111  6 0.3352 0.3289 0.3359 
   HI_SS0112  6 0.1459 0.1808 0.6733 
   HI_SS0113  6 0.2441 0.6213 0.1345 
   HI_SS0114  6 0.4536 0.1204 0.4260 
   HI_SS0115  6 0.2883 0.3868 0.3249 
   HI_SS0116  6 0.1013 0.3892 0.5094 
   HI_SS0117  6 0.3092 0.2190 0.4718 
   HI_SS0118  6 0.2099 0.2223 0.5678 
   HI_SS0119  6 0.3205 0.1726 0.5069 
   HI_SS0120  6 0.1385 0.7170 0.1445 
   HI_SS0121  6 0.6654 0.1855 0.1491 
   HI_SS0122  6 0.3501 0.2823 0.3677 
   HI_SS0123  6 0.2269 0.4083 0.3648 
   HI_SS0124  6 0.2057 0.6774 0.1169 
   HI_SS0125  6 0.3237 0.5371 0.1392 
   HI_SS0126  6 0.1024 0.3210 0.5766 
   HI_SS0127  6 0.6826 0.1298 0.1877 
   HI_SS0128  6 0.2217 0.4799 0.2984 
   HI_SS0129  6 0.1612 0.3857 0.4531 
   HI_SS0131  6 0.6186 0.1116 0.2698 
   HI_SS0132  6 0.3429 0.3059 0.3512 
   HI_SS0133  6 0.1399 0.1624 0.6977 
   HI_SS0134  6 0.3175 0.2948 0.3877 
   HI_SS0142  6 0.5209 0.1745 0.3046 
   HI_SS0145  6 0.3583 0.2903 0.3514 
   HI_SS0146  6 0.3853 0.1616 0.4532 
   HI_SS0147  6 0.6384 0.2199 0.1417 
   HI_SS0149  6 0.3071 0.2955 0.3974 
   HI_SS0150  6 0.4335 0.4237 0.1428 
   HI_SS0151  6 0.2506 0.3630 0.3864 
   NS_SS1451  6 0.2793 0.5848 0.1359 
   NS_SS1404  6 0.4669 0.3202 0.2129 
   NS_SS1432  6 0.1294 0.6865 0.1841 
   NS_SS1405  6 0.2068 0.5503 0.2429 
   NS_SS1431  6 0.2024 0.6490 0.1486 
   NS_SS1402  6 0.2089 0.3030 0.4881 
   NS_SS1450  6 0.1686 0.4239 0.4076 
   NS_SS1396  6 0.3520 0.3491 0.2989 
   NS_SS1393  6 0.2394 0.2420 0.5186 
   NS_SS1392  6 0.1741 0.6568 0.1691 
   NS_SS1445  6 0.4244 0.1386 0.4370 
   NS_SS1423  6 0.1701 0.3189 0.5110 
   NS_SS1421  6 0.2958 0.2972 0.4070 
   NS_SS1411  6 0.4213 0.2179 0.3608 
   NS_SS1453  6 0.2378 0.2390 0.5232 
   NS_SS1442  6 0.5495 0.2267 0.2238 
   NS_SS1422  6 0.3068 0.3240 0.3692 
   NS_SS1419  6 0.6720 0.1633 0.1647 
   NS_SS1427  6 0.0733 0.2951 0.6316 
   NS_SS1444  6 0.5547 0.2790 0.1663 
   NS_SS1455  6 0.2965 0.5429 0.1607 
   NS_SS1425  6 0.3018 0.0974 0.6008 
   NS_SS1400  6 0.4224 0.1699 0.4076 
   NS_SS1406  6 0.4936 0.3401 0.1663 
   NS_SS1417  6 0.4117 0.2866 0.3018 
   NS_SS1454  6 0.2909 0.2695 0.4396 
   NS_SS1412  6 0.2560 0.3189 0.4251 
   NS_SS1438  6 0.4158 0.0822 0.5020 
   NS_SS1416  6 0.3219 0.3537 0.3244 
   NS_SS1401  6 0.2706 0.3055 0.4239 
   NS_SS1424  6 0.2859 0.2934 0.4207 
   NS_SS1435  6 0.2250 0.4990 0.2760 
   NS_SS1447  6 0.5848 0.2609 0.1543 
   NS_SS1414  6 0.5310 0.3567 0.1123 
   NS_SS1449  6 0.2319 0.4075 0.3606 
   NS_SS1443  6 0.1454 0.2384 0.6161 
   NS_SS1434  6 0.1186 0.5731 0.3083 
   NS_SS1398  6 0.2000 0.5815 0.2185 
   NS_SS1426  6 0.2720 0.1588 0.5692 
   NS_SS1413  6 0.2264 0.3621 0.4115 
   NS_SS1395  6 0.2381 0.1695 0.5924 
   NS_SS1448  6 0.3105 0.3900 0.2995 
   NS_SS1446  6 0.2340 0.2006 0.5654 
   NS_SS1403  6 0.2380 0.4131 0.3489 
   NS_SS1415  6 0.3059 0.2250 0.4691 
   NS_SS1437  6 0.3283 0.4181 0.2536 
   NS_SS1439  6 0.4274 0.2087 0.3638 
   NS_SS1441  6 0.1765 0.3310 0.4925 
   NS_SS1420  6 0.5428 0.3164 0.1407 
   NS_SS1394  6 0.4233 0.4243 0.1524 
   NS_SS1391  6 0.1100 0.4672 0.4228 
   NS_SS1410  6 0.2198 0.3149 0.4653 
   NS_SS1408  6 0.4329 0.3244 0.2427 
   NS_SS1409  6 0.1057 0.5154 0.3789 
   HI_SS0617  7 0.1364 0.3802 0.4833 
   HI_SS0618  7 0.3175 0.4840 0.1985 
   HI_SS0619  7 0.2126 0.4847 0.3027 
   HI_SS0620  7 0.3015 0.1533 0.5452 
   HI_SS0621  7 0.3584 0.4266 0.2150 
   HI_SS0622  7 0.4552 0.3083 0.2365 
   HI_SS0626  7 0.5258 0.2297 0.2445 
   HI_SS0627  7 0.2450 0.4988 0.2562 
   HI_SS0628  7 0.1957 0.3527 0.4516 
   HI_SS0629  7 0.3920 0.1887 0.4194 
   HI_SS0630  7 0.2964 0.2946 0.4090 
   HI_SS0631  7 0.4088 0.2152 0.3760 
   HI_SS0632  7 0.5798 0.2141 0.2060 
   HI_SS0633  7 0.1833 0.5944 0.2223 
   HI_SS0634  7 0.3281 0.3396 0.3322 
   HI_SS0635  7 0.4890 0.3414 0.1696 
   HI_SS0637  7 0.5849 0.1515 0.2637 
   HI_SS0638  7 0.2971 0.4529 0.2500 
   HI_SS0639  7 0.4430 0.3605 0.1965 
   HI_SS0640  7 0.5012 0.2597 0.2390 
   HI_SS0641  7 0.4062 0.1475 0.4463 
   HI_SS0642  7 0.2244 0.5091 0.2665 
   HI_SS0645  7 0.4126 0.4765 0.1109 
   HI_SS0646  7 0.1776 0.4607 0.3617 
   HI_SS0647  7 0.2591 0.5182 0.2228 
   HI_SS0648  7 0.3845 0.3484 0.2670 
   HI_SS0649  7 0.2974 0.3163 0.3863 
   HI_SS0650  7 0.1326 0.6571 0.2102 
   HI_SS0651  7 0.3117 0.3637 0.3245 
   HI_SS0652  7 0.4372 0.4175 0.1453 
   NS_SS1371  7 0.1504 0.2689 0.5807 
   NS_SS1374  7 0.2418 0.2943 0.4639 
   NS_SS1337  7 0.4328 0.4181 0.1491 
   NS_SS1385  7 0.2326 0.4295 0.3380 
   NS_SS1388  7 0.1813 0.5111 0.3076 
   NS_SS1370  7 0.7295 0.1391 0.1314 
   NS_SS1389  7 0.2449 0.5757 0.1794 
   NS_SS1360  7 0.5218 0.1452 0.3330 
   NS_SS1330  7 0.5152 0.3300 0.1548 
   NS_SS1328  7 0.1173 0.5079 0.3748 
   NS_SS1384  7 0.4511 0.1553 0.3936 
   NS_SS1381  7 0.1697 0.7018 0.1285 
   NS_SS1375  7 0.1383 0.6864 0.1753 
   NS_SS1319  7 0.2705 0.4002 0.3293 
   NS_SS1326  7 0.1178 0.3822 0.5000 
   NS_SS1341  7 0.3901 0.1328 0.4772 
   NS_SS1383  7 0.3846 0.2913 0.3241 
   NS_SS1318  7 0.4820 0.2539 0.2641 
   NS_SS1348  7 0.3174 0.1050 0.5776 
   NS_SS1363  7 0.5060 0.3141 0.1799 
   NS_SS1335  7 0.5100 0.1059 0.3841 
   NS_SS1358  7 0.4220 0.1533 0.4247 
   NS_SS1342  7 0.2035 0.2163 0.5802 
   NS_SS1320  7 0.1357 0.7921 0.0723 
   NS_SS1355  7 0.5896 0.2230 0.1874 
   NS_SS1345  7 0.6687 0.2097 0.1216 
   NS_SS1324  7 0.3548 0.2024 0.4428 
   NS_SS1347  7 0.3212 0.2724 0.4064 
   NS_SS1321  7 0.2212 0.2237 0.5551 
   NS_SS1333  7 0.1093 0.2963 0.5944 
   NS_SS1364  7 0.4562 0.1937 0.3501 
   NS_SS1379  7 0.3244 0.4452 0.2304 
   NS_SS1332  7 0.2043 0.2214 0.5743 
   NS_SS1338  7 0.4581 0.1421 0.3998 
   NS_SS1368  7 0.2575 0.2530 0.4895 
   NS_SS1354  7 0.4361 0.2757 0.2882 
   NS_SS1365  7 0.3897 0.4216 0.1888 
   NS_SS1380  7 0.5762 0.2700 0.1538 
   NS_SS1329  7 0.2036 0.2431 0.5532 
   NS_SS1362  7 0.3205 0.3264 0.3531 
   NS_SS1327  7 0.1044 0.1149 0.7807 
   NS_SS1350  7 0.0691 0.5041 0.4268 
   NS_SS1387  7 0.5412 0.2317 0.2272 
   NS_SS1369  7 0.3889 0.1731 0.4380 
   NS_SS1331  7 0.2399 0.4480 0.3121 
   NS_SS1357  7 0.0923 0.5682 0.3396 
   NS_SS1386  7 0.1728 0.1469 0.6803 
   NS_SS1353  7 0.1184 0.6397 0.2419 
   NS_SS1323  7 0.3625 0.4635 0.1740 
   HI_SS0296  8 0.3640 0.2440 0.3920 
   HI_SS0297  8 0.1653 0.5851 0.2496 
   HI_SS0299  8 0.4823 0.1828 0.3349 
   HI_SS0300  8 0.5316 0.2216 0.2467 
   HI_SS0301  8 0.7095 0.1375 0.1531 
   HI_SS0302  8 0.5760 0.1401 0.2839 
   HI_SS0303  8 0.1480 0.3656 0.4864 
   HI_SS0304  8 0.2123 0.6037 0.1840 
   HI_SS0306  8 0.3780 0.1994 0.4226 
   HI_SS0307  8 0.3658 0.4179 0.2164 
   HI_SS0308  8 0.5522 0.2161 0.2317 
   HI_SS0309  8 0.5617 0.1747 0.2636 
   HI_SS0310  8 0.3190 0.4768 0.2042 
   HI_SS0311  8 0.5262 0.2351 0.2388 
   HI_SS0314  8 0.1409 0.6039 0.2553 
   HI_SS0316  8 0.2526 0.3241 0.4233 
   HI_SS0317  8 0.3976 0.3187 0.2837 
   HI_SS0318  8 0.2295 0.1621 0.6085 
   HI_SS0319  8 0.1394 0.1226 0.7380 
   HI_SS0320  8 0.1598 0.6616 0.1786 
   HI_SS0321  8 0.2129 0.2491 0.5380 
   HI_SS0323  8 0.3254 0.2195 0.4551 
   HI_SS0325  8 0.4884 0.1708 0.3408 
   HI_SS0327  8 0.1167 0.2159 0.6674 
   HI_SS0329  8 0.3374 0.4652 0.1974 
   HI_SS0333  8 0.2793 0.3667 0.3540 
   HI_SS0334  8 0.3413 0.1469 0.5119 
   HI_SS0335  8 0.5848 0.2591 0.1561 
   HI_SS0339  8 0.6101 0.2425 0.1474 
   HI_SS0343  8 0.3712 0.3743 0.2545 
   HI_SS0344  8 0.1242 0.1199 0.7559 
   HI_SS0345  8 0.5463 0.2581 0.1956 
   HI_SS0346  8 0.2410 0.3498 0.4092 
   HI_SS0350  8 0.6431 0.2505 0.1065 
   HI_SS0351  8 0.4832 0.2030 0.3138 
   HI_SS0352  8 0.3729 0.3886 0.2385 
   HI_SS0362  8 0.4826 0.2737 0.2436 
   HI_SS0363  8 0.1743 0.1903 0.6353 
   HI_SS0365  8 0.1607 0.2699 0.5694 
   HI_SS0366  8 0.1883 0.1230 0.6887 
   HI_SS0367  8 0.3453 0.4686 0.1860 
   HI_SS0369  8 0.4323 0.4192 0.1485 
   HI_SS0370  8 0.1286 0.5193 0.3521 
   HI_SS0371  8 0.3234 0.2173 0.4593 
   HI_SS0373  8 0.2568 0.4228 0.3203 
   HI_SS0374  8 0.3070 0.4777 0.2153 
   HI_SS0377  8 0.5693 0.1337 0.2971 
   HI_SS0379  8 0.1345 0.0897 0.7758 
   HI_SS0380  8 0.3605 0.4103 0.2292 
   HI_SS0381  8 0.6274 0.2120 0.1606 
   HI_SS0384  8 0.1148 0.4458 0.4394 
   HI_SS0385  8 0.2974 0.4339 0.2686 
