   NS_SS0963  1 0.4438 0.1938 0.1941 0.1683 
   NS_SS0983  1 0.1920 0.1938 0.1407 0.4735 
   NS_SS0719  1 0.2576 0.2887 0.2033 0.2504 
   NS_SS1001  1 0.1646 0.3110 0.3992 0.1252 
   NS_SS0936  1 0.3726 0.1140 0.3727 0.1407 
   NS_SS0955  1 0.3586 0.2059 0.1252 0.3103 
   NS_SS0944  1 0.3309 0.2024 0.2216 0.2451 
   NS_SS0945  1 0.1543 0.2030 0.3579 0.2848 
   NS_SS0922  1 0.2012 0.2617 0.4115 0.1256 
   NS_SS0929  1 0.3179 0.1972 0.1737 0.3112 
   NS_SS0956  1 0.1601 0.4891 0.2404 0.1103 
   NS_SS0906  1 0.3672 0.1952 0.1606 0.2770 
   NS_SS0721  1 0.1511 0.4883 0.1601 0.2004 
   NS_SS0982  1 0.4203 0.2506 0.1684 0.1607 
   NS_SS0923  1 0.2847 0.2831 0.2488 0.1834 
   NS_SS0905  1 0.2128 0.3575 0.2008 0.2288 
   NS_SS0925  1 0.3407 0.2509 0.2957 0.1127 
   NS_SS0947  1 0.3399 0.1608 0.3329 0.1664 
   NS_SS0926  1 0.2641 0.1943 0.1092 0.4325 
   NS_SS0918  1 0.4085 0.3296 0.1455 0.1164 
   NS_SS0966  1 0.4123 0.2196 0.2028 0.1653 
   NS_SS0938  1 0.2554 0.1519 0.4531 0.1397 
   NS_SS0917  1 0.1816 0.1953 0.2559 0.3672 
   NS_SS0957  1 0.2210 0.4259 0.1566 0.1965 
   NS_SS0987  1 0.1678 0.5675 0.0967 0.1679 
   NS_SS0717  1 0.1866 0.3473 0.3348 0.1313 
   NS_SS0986  1 0.2358 0.3620 0.1270 0.2752 
   NS_SS0953  1 0.3222 0.2656 0.2815 0.1308 
   NS_SS0907  1 0.4690 0.1587 0.1528 0.2195 
   NS_SS0974  1 0.3466 0.1251 0.2878 0.2405 
   NS_SS0989  1 0.1701 0.1235 0.2479 0.4585 
   NS_SS0991  1 0.2965 0.3440 0.0779 0.2817 
   NS_SS0994  1 0.1104 0.0855 0.2440 0.5601 
   NS_SS0931  1 0.2286 0.2930 0.1149 0.3635 
   NS_SS1000  1 0.3141 0.1703 0.3709 0.1447 
   NS_SS0919  1 0.4653 0.1425 0.1136 0.2786 
   NS_SS0949  1 0.1907 0.1719 0.2373 0.4001 
   NS_SS0960  1 0.3082 0.2921 0.1089 0.2908 
   NS_SS0716  1 0.0891 0.5412 0.2475 0.1222 
   NS_SS0924  1 0.3879 0.2147 0.1312 0.2663 
   NS_SS0935  1 0.1640 0.3309 0.1328 0.3722 
   NS_SS0952  1 0.3350 0.1604 0.1339 0.3707 
   NS_SS0962  1 0.2745 0.2909 0.2744 0.1603 
   NS_SS0973  1 0.4412 0.1723 0.2018 0.1847 
   NS_SS0722  1 0.1981 0.1460 0.5528 0.1030 
   NS_SS0979  1 0.2984 0.3830 0.1740 0.1447 
   NS_SS0993  1 0.3364 0.2400 0.3130 0.1106 
   NS_SS0958  1 0.2058 0.2189 0.1999 0.3755 
   NS_SS0988  1 0.3966 0.2205 0.1109 0.2720 
   NS_SS1003  1 0.4141 0.3786 0.1144 0.0929 
   NS_SS0976  1 0.3142 0.1747 0.1610 0.3501 
   NS_SS0964  1 0.1761 0.3062 0.4106 0.1071 
   NS_SS0939  1 0.0753 0.4724 0.3551 0.0972 
   NS_SS0990  1 0.1500 0.2751 0.2457 0.3291 
   NS_SS0984  1 0.1929 0.2553 0.4451 0.1067 
   NS_SS0980  1 0.3786 0.1116 0.3653 0.1445 
   NS_SS0978  1 0.3165 0.1451 0.3681 0.1702 
   NS_SS0951  1 0.1864 0.4424 0.0976 0.2736 
   NS_SS0913  1 0.1613 0.4026 0.2780 0.1581 
   NS_SS1002  1 0.5788 0.1172 0.1864 0.1176 
   NS_SS0948  1 0.3212 0.2696 0.1584 0.2509 
   NS_SS0916  1 0.1474 0.2027 0.3922 0.2577 
   NS_SS0995  1 0.1788 0.3142 0.3315 0.1755 
   NS_SS0927  1 0.1833 0.1536 0.2941 0.3691 
   NS_SS0992  1 0.2779 0.0974 0.3796 0.2451 
   NS_SS0912  1 0.1971 0.4262 0.1098 0.2669 
   NS_SS0981  1 0.4061 0.3426 0.1181 0.1331 
   NS_SS0729  2 0.2417 0.0724 0.2485 0.4373 
   NS_SS0967  2 0.5250 0.1494 0.1808 0.1448 
   NS_SS0941  2 0.1567 0.2195 0.4424 0.1814 
   NS_SS0768  2 0.2963 0.3529 0.1776 0.1733 
   NS_SS0726  2 0.2551 0.0837 0.3452 0.3160 
   NS_SS0763  2 0.2318 0.1509 0.2582 0.3591 
   NS_SS0730  2 0.2015 0.3288 0.3119 0.1578 
   NS_SS0774  2 0.2700 0.1626 0.4481 0.1192 
   NS_SS0723  2 0.3753 0.2404 0.2853 0.0990 
   NS_SS0940  2 0.1213 0.2688 0.3263 0.2836 
   NS_SS0762  2 0.1541 0.2686 0.4998 0.0774 
   NS_SS0766  2 0.0884 0.2975 0.3907 0.2233 
   NS_SS0724  2 0.2986 0.3490 0.2169 0.1356 
   NS_SS0769  2 0.2828 0.2716 0.2127 0.2329 
   NS_SS0777  2 0.2352 0.3072 0.1324 0.3253 
   NS_SS0734  2 0.1298 0.3711 0.2446 0.2545 
   NS_SS0737  2 0.1157 0.1658 0.6285 0.0900 
   NS_SS0732  2 0.2205 0.5132 0.1400 0.1264 
   NS_SS0728  2 0.1489 0.2475 0.4114 0.1922 
   NS_SS0735  2 0.1806 0.2602 0.4185 0.1407 
   NS_SS0725  2 0.1978 0.2030 0.4579 0.1412 
   NS_SS0788  2 0.3490 0.2213 0.2020 0.2277 
   NS_SS0778  2 0.2606 0.2660 0.1462 0.3272 
   NS_SS0792  2 0.2108 0.3467 0.1923 0.2502 
   NS_SS0943  2 0.3668 0.1913 0.1088 0.3331 
   NS_SS0791  2 0.0876 0.3169 0.3072 0.2883 
   NS_SS0790  2 0.3060 0.4252 0.2028 0.0660 
   NS_SS0731  2 0.1529 0.4998 0.1947 0.1526 
   NS_SS0727  2 0.0985 0.0997 0.4727 0.3291 
   NS_SS0779  2 0.2287 0.3042 0.2328 0.2343 
   NS_SS0776  2 0.1750 0.2265 0.3970 0.2016 
   NS_SS0775  2 0.1220 0.3064 0.4603 0.1113 
   NS_SS0965  3 0.3298 0.3790 0.1311 0.1601 
   NS_SS0754  3 0.1824 0.3086 0.1705 0.3385 
   NS_SS0838  3 0.2864 0.1741 0.2881 0.2515 
   NS_SS0839  3 0.2436 0.2880 0.3715 0.0969 
   NS_SS0832  3 0.4139 0.3110 0.2018 0.0734 
   NS_SS0820  3 0.3492 0.3594 0.1872 0.1041 
   NS_SS0886  3 0.1881 0.3101 0.1838 0.3180 
   NS_SS0748  3 0.3179 0.2590 0.1388 0.2843 
   NS_SS0884  3 0.3042 0.2034 0.2599 0.2324 
   NS_SS0752  3 0.2711 0.1732 0.3817 0.1739 
   NS_SS0862  3 0.2282 0.4986 0.1711 0.1021 
   NS_SS0787  3 0.1622 0.1435 0.1083 0.5860 
   NS_SS0843  3 0.2803 0.2534 0.2533 0.2129 
   NS_SS0856  3 0.1623 0.1952 0.4133 0.2292 
   NS_SS0846  3 0.4505 0.0888 0.2238 0.2369 
   NS_SS0825  3 0.3460 0.2522 0.1530 0.2487 
   NS_SS0757  3 0.2433 0.3119 0.1614 0.2835 
   NS_SS0876  3 0.2461 0.2318 0.3423 0.1797 
   NS_SS0903  3 0.4051 0.1269 0.3676 0.1004 
   NS_SS0875  3 0.1658 0.3992 0.2085 0.2265 
   NS_SS0740  3 0.2923 0.2356 0.2763 0.1958 
   NS_SS0811  3 0.1774 0.5730 0.1520 0.0976 
   NS_SS0751  3 0.1792 0.2680 0.3560 0.1968 
   NS_SS0891  3 0.2060 0.2391 0.3501 0.2048 
   NS_SS0867  3 0.4790 0.1887 0.1016 0.2307 
   NS_SS0890  3 0.2782 0.2455 0.2591 0.2172 
   NS_SS0866  3 0.1285 0.1439 0.1923 0.5352 
   NS_SS0755  3 0.3542 0.2973 0.1706 0.1779 
   NS_SS0758  3 0.2171 0.1937 0.3693 0.2199 
   NS_SS0840  3 0.4331 0.2528 0.2264 0.0878 
   NS_SS0889  3 0.1725 0.3051 0.1204 0.4021 
   NS_SS1010  3 0.4341 0.2229 0.1435 0.1995 
   NS_SS0888  3 0.1168 0.1593 0.2786 0.4453 
   NS_SS0837  3 0.3799 0.3882 0.1257 0.1062 
   NS_SS0794  3 0.1167 0.2034 0.3081 0.3718 
   NS_SS0823  3 0.3702 0.1581 0.3547 0.1170 
   NS_SS0829  3 0.1879 0.2867 0.0762 0.4492 
   NS_SS0844  3 0.6429 0.1555 0.1225 0.0791 
   NS_SS1008  3 0.1426 0.1975 0.3269 0.3330 
   NS_SS0881  3 0.2364 0.2788 0.1967 0.2881 
   NS_SS0834  3 0.1886 0.1543 0.5340 0.1232 
   NS_SS0744  3 0.3291 0.2099 0.2302 0.2308 
   NS_SS0899  3 0.2018 0.5319 0.1618 0.1045 
   NS_SS0804  3 0.3214 0.3703 0.2270 0.0814 
   NS_SS0781  3 0.4039 0.2485 0.2384 0.1092 
   NS_SS0822  3 0.2343 0.1865 0.3491 0.2301 
   NS_SS1004  3 0.4525 0.2077 0.1800 0.1598 
   NS_SS0746  3 0.4088 0.1395 0.2330 0.2186 
   NS_SS0880  3 0.3985 0.1826 0.2629 0.1560 
   NS_SS0879  3 0.2518 0.2416 0.3458 0.1608 
   NS_SS0753  3 0.2517 0.3230 0.1141 0.3112 
   NS_SS1007  3 0.1744 0.1399 0.4867 0.1989 
   NS_SS0872  3 0.3238 0.2270 0.3052 0.1440 
   NS_SS1005  3 0.4595 0.1609 0.2337 0.1459 
   NS_SS0892  3 0.2272 0.2737 0.2628 0.2363 
   NS_SS0898  3 0.2315 0.3009 0.1822 0.2854 
   NS_SS0801  3 0.2691 0.3715 0.1467 0.2127 
   NS_SS0827  3 0.1827 0.4750 0.0805 0.2618 
   NS_SS0853  3 0.1568 0.4922 0.1008 0.2502 
   NS_SS0780  3 0.2344 0.3328 0.2766 0.1562 
   NS_SS0826  3 0.5575 0.1481 0.0930 0.2014 
   NS_SS0818  3 0.2410 0.3407 0.3262 0.0921 
   NS_SS0745  3 0.0755 0.4125 0.4268 0.0853 
   NS_SS0849  3 0.2116 0.5390 0.0902 0.1591 
   NS_SS0739  3 0.1570 0.3651 0.2459 0.2320 
   NS_SS0799  3 0.1530 0.2317 0.3021 0.3133 
   NS_SS0756  3 0.5054 0.2677 0.1368 0.0901 
   NS_SS0802  3 0.2687 0.1329 0.2807 0.3177 
   NS_SS0747  3 0.4004 0.1723 0.2146 0.2127 
   NS_SS0835  3 0.2128 0.1129 0.1704 0.5039 
   NS_SS0742  3 0.3038 0.2733 0.2462 0.1767 
   NS_SS0760  3 0.1851 0.1680 0.1866 0.4603 
   NS_SS0803  3 0.4796 0.1406 0.2867 0.0931 
   NS_SS0828  3 0.1711 0.4287 0.1759 0.2242 
   NS_SS0865  3 0.3726 0.2952 0.1119 0.2203 
   NS_SS0759  3 0.2032 0.3508 0.3420 0.1039 
   NS_SS0851  3 0.1521 0.5845 0.1497 0.1137 
   NS_SS0874  3 0.4600 0.1917 0.2190 0.1292 
   NS_SS0761  3 0.2358 0.2544 0.1048 0.4050 
   NS_SS0842  3 0.2281 0.2444 0.2210 0.3066 
   NS_SS0785  3 0.3047 0.2028 0.1934 0.2991 
   NS_SS0860  3 0.2269 0.1275 0.1474 0.4982 
   NS_SS0897  3 0.1220 0.2162 0.1414 0.5204 
   NS_SS0841  3 0.2071 0.4476 0.2453 0.1001 
   NS_SS0797  3 0.2502 0.3432 0.1027 0.3040 
   NS_SS0830  3 0.2907 0.3261 0.1590 0.2242 
   NS_SS1011  3 0.5227 0.1971 0.1697 0.1105 
   NS_SS0883  3 0.1826 0.4131 0.1347 0.2696 
   NS_SS0782  3 0.1491 0.1679 0.4361 0.2469 
   NS_SS0831  3 0.1333 0.3597 0.1046 0.4024 
   NS_SS0749  3 0.1330 0.3528 0.2671 0.2471 
   NS_SS0854  3 0.1792 0.1576 0.4098 0.2534 
   HI_SS0193  4 0.1180 0.2388 0.3203 0.3229 
   HI_SS0194  4 0.1957 0.1311 0.5164 0.1568 
   HI_SS0195  4 0.1850 0.4932 0.2267 0.0951 
   HI_SS0196  4 0.1409 0.1666 0.4362 0.2563 
   HI_SS0197  4 0.3842 0.1342 0.2699 0.2116 
   HI_SS0198  4 0.1805 0.3588 0.1632 0.2974 
   HI_SS0199  4 0.1482 0.1329 0.4057 0.3132 
   HI_SS0201  4 0.2983 0.1839 0.0751 0.4427 
   HI_SS0215  4 0.2549 0.2014 0.0836 0.4601 
   HI_SS0218  4 0.0921 0.2002 0.2092 0.4985 
   HI_SS0222  4 0.1367 0.3323 0.3147 0.2163 
   HI_SS0230  4 0.3446 0.3389 0.1249 0.1915 
   HI_SS0234  4 0.2751 0.0849 0.4249 0.2150 
   HI_SS0240  4 0.1259 0.1751 0.5325 0.1665 
   HI_SS0241  4 0.2615 0.1834 0.1665 0.3886 
   HI_SS0242  4 0.2994 0.2477 0.2131 0.2398 
   HI_SS0247  4 0.4303 0.2586 0.1335 0.1776 
   HI_SS0248  4 0.1404 0.1092 0.3583 0.3921 
   HI_SS0252  4 0.1843 0.2675 0.4057 0.1425 
   HI_SS0254  4 0.3500 0.1590 0.1986 0.2925 
   HI_SS0256  4 0.4451 0.2155 0.2877 0.0517 
   HI_SS0257  4 0.3170 0.0787 0.2157 0.3886 
   HI_SS0258  4 0.1743 0.2476 0.1866 0.3915 
   HI_SS0259  4 0.2206 0.2028 0.4129 0.1637 
   HI_SS0260  4 0.1564 0.1554 0.2817 0.4065 
   HI_SS0261  4 0.3460 0.1135 0.2797 0.2608 
   HI_SS0262  4 0.2293 0.3723 0.2197 0.1787 
   HI_SS0264  4 0.2784 0.3708 0.1748 0.1759 
   HI_SS0265  4 0.3157 0.3285 0.1727 0.1830 
   HI_SS0268  4 0.1353 0.3554 0.1951 0.3142 
   HI_SS0269  4 0.2315 0.0753 0.1756 0.5175 
   HI_SS0273  4 0.4037 0.1434 0.1301 0.3228 
   HI_SS0277  4 0.4946 0.2116 0.1296 0.1642 
   HI_SS0280  4 0.1288 0.4413 0.2316 0.1983 
   HI_SS0282  4 0.3080 0.2059 0.1872 0.2989 
   HI_SS0286  4 0.1834 0.3575 0.1670 0.2922 
   NS_SS1252  5 0.1334 0.1527 0.1461 0.5678 
   NS_SS1261  5 0.2854 0.2469 0.1970 0.2706 
   NS_SS1225  5 0.4382 0.1424 0.1154 0.3041 
   NS_SS1266  5 0.5567 0.1882 0.1771 0.0780 
   NS_SS1228  5 0.1413 0.5468 0.1641 0.1477 
   NS_SS1255  5 0.1425 0.1253 0.5655 0.1667 
   NS_SS1267  5 0.0922 0.1780 0.1262 0.6036 
   NS_SS1238  5 0.1760 0.3565 0.1972 0.2703 
   NS_SS1233  5 0.4628 0.2850 0.1292 0.1230 
   NS_SS1277  5 0.0774 0.1961 0.3691 0.3574 
   NS_SS1245  5 0.3174 0.1398 0.2660 0.2768 
   NS_SS1240  5 0.1208 0.1044 0.1488 0.6259 
   NS_SS1275  5 0.3859 0.2720 0.2540 0.0881 
   NS_SS1235  5 0.3082 0.0714 0.4607 0.1596 
   NS_SS1263  5 0.2859 0.2242 0.3704 0.1194 
   NS_SS1251  5 0.4383 0.1814 0.2384 0.1420 
   NS_SS1248  5 0.1055 0.6380 0.0797 0.1767 
   NS_SS1244  5 0.4733 0.1733 0.1532 0.2003 
   NS_SS1257  5 0.1463 0.2093 0.2383 0.4062 
   NS_SS1242  5 0.2654 0.2486 0.3534 0.1326 
   NS_SS1271  5 0.1342 0.1600 0.1524 0.5534 
   NS_SS1265  5 0.2177 0.1768 0.1545 0.4509 
   NS_SS1243  5 0.1150 0.4381 0.2946 0.1524 
   NS_SS1273  5 0.2507 0.2676 0.3726 0.1090 
   NS_SS1254  5 0.3902 0.2601 0.2127 0.1370 
   NS_SS1224  5 0.3376 0.3701 0.1810 0.1113 
   NS_SS1227  5 0.2144 0.1290 0.2416 0.4150 
   NS_SS1274  5 0.1770 0.2419 0.2484 0.3327 
   NS_SS1241  5 0.3736 0.1695 0.1619 0.2950 
   NS_SS1256  5 0.4828 0.0999 0.1540 0.2633 
   NS_SS1260  5 0.2268 0.1422 0.2141 0.4169 
   NS_SS1262  5 0.3695 0.2261 0.1113 0.2931 
   NS_SS1230  5 0.2679 0.2375 0.2136 0.2810 
   NS_SS1270  5 0.3760 0.3957 0.0958 0.1325 
   NS_SS1229  5 0.2785 0.0664 0.5243 0.1308 
   NS_SS1246  5 0.1873 0.1145 0.3059 0.3923 
   NS_SS1269  5 0.2420 0.2957 0.2787 0.1836 
   NS_SS1239  5 0.1423 0.3410 0.3880 0.1286 
   NS_SS1272  5 0.4939 0.1571 0.1424 0.2066 
   NS_SS1268  5 0.2577 0.4919 0.1287 0.1217 
   NS_SS1249  5 0.1329 0.0984 0.2739 0.4948 
   HI_SS0559  6 0.1968 0.2982 0.2757 0.2293 
   HI_SS0563  6 0.3367 0.2440 0.2010 0.2184 
   HI_SS0564  6 0.2723 0.2669 0.2731 0.1877 
   HI_SS0565  6 0.3824 0.1565 0.1583 0.3028 
   HI_SS0569  6 0.3319 0.2242 0.0668 0.3772 
   HI_SS0570  6 0.1066 0.2434 0.2017 0.4482 
   HI_SS0572  6 0.2433 0.1216 0.5087 0.1265 
   HI_SS0576  6 0.1472 0.4699 0.2533 0.1295 
   HI_SS0579  6 0.4036 0.1328 0.2058 0.2578 
   HI_SS0580  6 0.1270 0.2113 0.3032 0.3586 
   HI_SS0581  6 0.3065 0.3766 0.2049 0.1120 
   HI_SS0583  6 0.1803 0.1164 0.2565 0.4468 
   HI_SS0586  6 0.1010 0.2910 0.0892 0.5189 
   HI_SS0588  6 0.2620 0.1980 0.1875 0.3525 
   HI_SS0595  6 0.2920 0.1331 0.2084 0.3665 
   HI_SS0596  6 0.1383 0.1723 0.5782 0.1112 
   HI_SS0597  6 0.2663 0.1425 0.4255 0.1657 
   HI_SS0600  6 0.2489 0.2106 0.2184 0.3220 
   HI_SS0601  6 0.4543 0.2292 0.0781 0.2384 
   HI_SS0602  6 0.1009 0.3816 0.1661 0.3514 
   HI_SS0604  6 0.2169 0.3061 0.2573 0.2197 
   HI_SS0605  6 0.1529 0.3384 0.2214 0.2873 
   HI_SS0608  6 0.1179 0.3817 0.2884 0.2120 
   HI_SS0609  6 0.4677 0.1618 0.2409 0.1296 
   HI_SS0611  6 0.1079 0.3374 0.1270 0.4278 
   HI_SS0612  6 0.4887 0.0749 0.2454 0.1909 
   HI_SS0613  6 0.1837 0.5021 0.1084 0.2058 
   HI_SS0615  6 0.1773 0.3054 0.4235 0.0938 
   HI_SS0001  6 0.1771 0.1176 0.4163 0.2890 
   HI_SS0002  6 0.4574 0.1877 0.2436 0.1113 
   HI_SS0004  6 0.0934 0.2287 0.3106 0.3673 
   HI_SS0005  6 0.1744 0.5353 0.1220 0.1684 
   HI_SS0006  6 0.3859 0.1108 0.1521 0.3512 
   HI_SS0007  6 0.0883 0.4608 0.1432 0.3077 
   HI_SS0008  6 0.3381 0.3039 0.1613 0.1967 
   HI_SS0009  6 0.1145 0.4095 0.3625 0.1135 
   HI_SS0010  6 0.1811 0.4069 0.1320 0.2799 
   HI_SS0011  6 0.5311 0.2299 0.1055 0.1335 
   HI_SS0012  6 0.3562 0.2515 0.2673 0.1249 
   HI_SS0017  6 0.1287 0.1613 0.5773 0.1327 
   HI_SS0021  6 0.2234 0.2374 0.1334 0.4058 
   HI_SS0024  6 0.1935 0.3426 0.3070 0.1569 
   HI_SS0025  6 0.1737 0.2924 0.4021 0.1318 
   HI_SS0027  6 0.1931 0.3077 0.1725 0.3267 
   HI_SS0028  6 0.2719 0.4902 0.1481 0.0898 
   HI_SS0029  6 0.1265 0.2726 0.3317 0.2692 
   HI_SS0030  6 0.2732 0.2015 0.2705 0.2549 
   HI_SS0031  6 0.4332 0.1269 0.2655 0.1744 
   HI_SS0034  6 0.2393 0.1095 0.2413 0.4099 
   HI_SS0036  6 0.1065 0.2610 0.1441 0.4884 
   HI_SS0037  6 0.1321 0.2858 0.1028 0.4793 
   HI_SS0039  6 0.1644 0.4174 0.1039 0.3143 
   HI_SS0041  6 0.1193 0.4436 0.3029 0.1342 
   HI_SS0042  6 0.2469 0.2788 0.3331 0.1412 
   HI_SS0043  6 0.1774 0.1653 0.1030 0.5543 
   HI_SS0044  6 0.0882 0.1567 0.4355 0.3196 
   HI_SS0047  6 0.2463 0.2768 0.3373 0.1397 
   HI_SS0049  6 0.1834 0.1983 0.4493 0.1689 
   HI_SS0051  6 0.2941 0.4182 0.1219 0.1659 
   HI_SS0053  6 0.2476 0.1208 0.1806 0.4510 
   HI_SS0054  6 0.3120 0.2219 0.0840 0.3821 
   HI_SS0057  6 0.2244 0.4187 0.1901 0.1668 
   HI_SS0058  6 0.2092 0.2108 0.2073 0.3727 
   HI_SS0060  6 0.3078 0.3830 0.1286 0.1806 
   HI_SS0087  6 0.3612 0.1429 0.2134 0.2825 
   HI_SS0091  6 0.2625 0.0759 0.1346 0.5270 
   HI_SS0095  6 0.3260 0.1801 0.2323 0.2616 
   HI_SS0097  6 0.5279 0.1710 0.1535 0.1476 
   HI_SS0099  6 0.1407 0.3369 0.3097 0.2126 
   HI_SS0103  6 0.2891 0.1178 0.4035 0.1896 
   HI_SS0105  6 0.4334 0.2264 0.1327 0.2076 
   HI_SS0107  6 0.2197 0.1234 0.5609 0.0960 
   HI_SS0108  6 0.1272 0.1307 0.1412 0.6009 
   HI_SS0110  6 0.3340 0.1083 0.2792 0.2785 
   HI_SS0111  6 0.2197 0.2923 0.2563 0.2318 
   HI_SS0112  6 0.1180 0.1623 0.1637 0.5559 
   HI_SS0113  6 0.3029 0.2031 0.3737 0.1202 
   HI_SS0114  6 0.1747 0.3431 0.1021 0.3800 
   HI_SS0115  6 0.1559 0.2337 0.3910 0.2194 
   HI_SS0116  6 0.1064 0.1194 0.3539 0.4203 
   HI_SS0117  6 0.4540 0.0909 0.1330 0.3221 
   HI_SS0118  6 0.2978 0.1364 0.1983 0.3676 
   HI_SS0119  6 0.3906 0.1730 0.1211 0.3153 
   HI_SS0120  6 0.2276 0.1009 0.5577 0.1138 
   HI_SS0121  6 0.4163 0.3861 0.0796 0.1180 
   HI_SS0122  6 0.2694 0.2728 0.1907 0.2672 
   HI_SS0123  6 0.4264 0.1180 0.2327 0.2229 
   HI_SS0124  6 0.1275 0.3027 0.4800 0.0899 
   HI_SS0125  6 0.1774 0.3966 0.3160 0.1099 
   HI_SS0126  6 0.1248 0.1326 0.2928 0.4497 
   HI_SS0127  6 0.2296 0.4854 0.1063 0.1787 
   HI_SS0128  6 0.2807 0.1251 0.4060 0.1882 
   HI_SS0129  6 0.1173 0.1945 0.2953 0.3929 
   HI_SS0131  6 0.2455 0.3758 0.0746 0.3040 
   HI_SS0132  6 0.3431 0.2886 0.1514 0.2169 
   HI_SS0133  6 0.1047 0.1604 0.1827 0.5522 
   HI_SS0134  6 0.3733 0.1603 0.2102 0.2562 
   HI_SS0142  6 0.4671 0.2098 0.1323 0.1908 
   HI_SS0145  6 0.3126 0.1351 0.2823 0.2699 
   HI_SS0146  6 0.2618 0.2506 0.1838 0.3038 
   HI_SS0147  6 0.3215 0.4329 0.1262 0.1194 
   HI_SS0149  6 0.5207 0.1313 0.1131 0.2349 
   HI_SS0150  6 0.1914 0.3906 0.3035 0.1146 
   HI_SS0151  6 0.1348 0.2180 0.4258 0.2214 
   NS_SS1451  6 0.1531 0.3615 0.3890 0.0965 
   NS_SS1404  6 0.1848 0.4581 0.1652 0.1919 
   NS_SS1432  6 0.1768 0.2685 0.4107 0.1441 
   NS_SS1405  6 0.1608 0.2389 0.3691 0.2312 
   NS_SS1431  6 0.2559 0.2437 0.3801 0.1202 
   NS_SS1402  6 0.3465 0.1312 0.2500 0.2723 
   NS_SS1450  6 0.1088 0.1918 0.3699 0.3295 
   NS_SS1396  6 0.2589 0.3082 0.2074 0.2256 
   NS_SS1393  6 0.1579 0.2567 0.2528 0.3326 
   NS_SS1392  6 0.0814 0.2949 0.4834 0.1404 
   NS_SS1445  6 0.2891 0.2054 0.1090 0.3965 
   NS_SS1423  6 0.2691 0.1151 0.3093 0.3066 
   NS_SS1421  6 0.2942 0.1782 0.2316 0.2960 
   NS_SS1411  6 0.0912 0.4320 0.1297 0.3471 
   NS_SS1453  6 0.2540 0.2032 0.1624 0.3804 
   NS_SS1442  6 0.3088 0.2548 0.2176 0.2188 
   NS_SS1422  6 0.3470 0.1283 0.3502 0.1745 
   NS_SS1419  6 0.3488 0.3849 0.1151 0.1511 
   NS_SS1427  6 0.0736 0.0914 0.3672 0.4677 
   NS_SS1444  6 0.2295 0.3990 0.2155 0.1560 
   NS_SS1455  6 0.3495 0.1662 0.3738 0.1104 
   NS_SS1425  6 0.1990 0.1846 0.0983 0.5181 
   NS_SS1400  6 0.2484 0.2396 0.1202 0.3918 
   NS_SS1406  6 0.5649 0.1682 0.1762 0.0907 
   NS_SS1417  6 0.3279 0.1998 0.2072 0.2652 
   NS_SS1454  6 0.2619 0.2460 0.1202 0.3719 
   NS_SS1412  6 0.1865 0.2460 0.2439 0.3236 
   NS_SS1438  6 0.2085 0.2652 0.0939 0.4323 
   NS_SS1416  6 0.2530 0.3043 0.1879 0.2548 
   NS_SS1401  6 0.3252 0.1558 0.2190 0.3000 
   NS_SS1424  6 0.3210 0.1887 0.1948 0.2954 
   NS_SS1435  6 0.1102 0.3530 0.3262 0.2106 
   NS_SS1447  6 0.3155 0.3410 0.1867 0.1568 
   NS_SS1414  6 0.2292 0.4230 0.2074 0.1404 
   NS_SS1449  6 0.2440 0.1859 0.3899 0.1801 
   NS_SS1443  6 0.2457 0.0819 0.3105 0.3619 
   NS_SS1434  6 0.1448 0.0861 0.5679 0.2012 
   NS_SS1398  6 0.1333 0.2860 0.3900 0.1908 
   NS_SS1426  6 0.1849 0.1650 0.1691 0.4811 
   NS_SS1413  6 0.1997 0.1256 0.3187 0.3559 
   NS_SS1395  6 0.2672 0.1367 0.2097 0.3863 
   NS_SS1448  6 0.1088 0.3872 0.2309 0.2731 
   NS_SS1446  6 0.2492 0.1508 0.2217 0.3782 
   NS_SS1403  6 0.2904 0.2453 0.2665 0.1977 
   NS_SS1415  6 0.1658 0.2632 0.1968 0.3741 
   NS_SS1437  6 0.3199 0.2806 0.2030 0.1966 
   NS_SS1439  6 0.4139 0.1434 0.2048 0.2379 
   NS_SS1441  6 0.2219 0.1251 0.3007 0.3524 
   NS_SS1420  6 0.0850 0.6433 0.1695 0.1023 
   NS_SS1394  6 0.1815 0.4748 0.2062 0.1375 
   NS_SS1391  6 0.1240 0.0997 0.4547 0.3216 
   NS_SS1410  6 0.2180 0.1858 0.2565 0.3397 
   NS_SS1408  6 0.3935 0.2395 0.2021 0.1649 
   NS_SS1409  6 0.1553 0.0955 0.4558 0.2934 
   HI_SS0617  7 0.1326 0.1635 0.3871 0.3169 
   HI_SS0618  7 0.1629 0.3745 0.3035 0.1590 
   HI_SS0619  7 0.1394 0.2690 0.3336 0.2580 
   HI_SS0620  7 0.0982 0.2638 0.1858 0.4522 
   HI_SS0621  7 0.3023 0.2361 0.2994 0.1622 
   HI_SS0622  7 0.3543 0.2370 0.2098 0.1988 
   HI_SS0626  7 0.1348 0.5289 0.1120 0.2243 
   HI_SS0627  7 0.2573 0.2483 0.3086 0.1859 
   HI_SS0628  7 0.1471 0.2553 0.1935 0.4041 
   HI_SS0629  7 0.2905 0.2689 0.1276 0.3131 
   HI_SS0630  7 0.1523 0.3085 0.2382 0.3010 
   HI_SS0631  7 0.1683 0.3701 0.1834 0.2782 
   HI_SS0632  7 0.2188 0.4456 0.1408 0.1947 
   HI_SS0633  7 0.1394 0.1585 0.5269 0.1752 
   HI_SS0634  7 0.2052 0.3502 0.2041 0.2405 
   HI_SS0635  7 0.2341 0.4171 0.2096 0.1392 
   HI_SS0637  7 0.3871 0.2797 0.1060 0.2272 
   HI_SS0638  7 0.2063 0.2551 0.3082 0.2303 
   HI_SS0639  7 0.2664 0.3553 0.2560 0.1223 
   HI_SS0640  7 0.3022 0.2697 0.2525 0.1756 
   HI_SS0641  7 0.1282 0.4101 0.0888 0.3729 
   HI_SS0642  7 0.3895 0.2189 0.2537 0.1380 
   HI_SS0645  7 0.1236 0.5838 0.2089 0.0837 
   HI_SS0646  7 0.2936 0.1031 0.4050 0.1983 
   HI_SS0647  7 0.2497 0.2066 0.3510 0.1927 
   HI_SS0648  7 0.2479 0.2980 0.2508 0.2033 
   HI_SS0649  7 0.2265 0.2155 0.2812 0.2768 
   HI_SS0650  7 0.1358 0.1502 0.5693 0.1448 
   HI_SS0651  7 0.2668 0.2374 0.2804 0.2154 
   HI_SS0652  7 0.1213 0.5102 0.2575 0.1110 
   NS_SS1371  7 0.2947 0.1001 0.2795 0.3257 
   NS_SS1374  7 0.1592 0.2644 0.1807 0.3958 
   NS_SS1337  7 0.2902 0.3479 0.2414 0.1205 
   NS_SS1385  7 0.2902 0.1351 0.3850 0.1897 
   NS_SS1388  7 0.1462 0.2780 0.2765 0.2993 
   NS_SS1370  7 0.1414 0.6762 0.0844 0.0980 
   NS_SS1389  7 0.1144 0.4061 0.2837 0.1958 
   NS_SS1360  7 0.2110 0.3585 0.1207 0.3098 
   NS_SS1330  7 0.2748 0.3496 0.2626 0.1130 
   NS_SS1328  7 0.1467 0.0849 0.4699 0.2985 
   NS_SS1384  7 0.3798 0.2212 0.1343 0.2647 
   NS_SS1381  7 0.1915 0.1364 0.5892 0.0828 
   NS_SS1375  7 0.0909 0.3217 0.4357 0.1517 
   NS_SS1319  7 0.2353 0.2540 0.2719 0.2388 
   NS_SS1326  7 0.0983 0.1424 0.2933 0.4659 
   NS_SS1341  7 0.3697 0.1434 0.1156 0.3713 
   NS_SS1383  7 0.2754 0.3172 0.1828 0.2246 
   NS_SS1318  7 0.2013 0.3523 0.2414 0.2050 
   NS_SS1348  7 0.2707 0.1710 0.1303 0.4280 
   NS_SS1363  7 0.3218 0.3375 0.1857 0.1550 
   NS_SS1335  7 0.3763 0.2643 0.0865 0.2729 
   NS_SS1358  7 0.4437 0.1334 0.1676 0.2553 
   NS_SS1342  7 0.4385 0.0831 0.1652 0.3132 
   NS_SS1320  7 0.2360 0.0993 0.6084 0.0563 
   NS_SS1355  7 0.3882 0.2257 0.2460 0.1401 
   NS_SS1345  7 0.5750 0.1701 0.1714 0.0835 
   NS_SS1324  7 0.2090 0.2681 0.1819 0.3411 
   NS_SS1347  7 0.3607 0.1924 0.2392 0.2077 
   NS_SS1321  7 0.2374 0.2054 0.1503 0.4069 
   NS_SS1333  7 0.1752 0.2020 0.1930 0.4299 
   NS_SS1364  7 0.4026 0.1537 0.1331 0.3105 
   NS_SS1379  7 0.2216 0.2183 0.3704 0.1897 
   NS_SS1332  7 0.1862 0.1837 0.1366 0.4935 
   NS_SS1338  7 0.1512 0.4096 0.1277 0.3115 
   NS_SS1368  7 0.3854 0.1214 0.1325 0.3607 
   NS_SS1354  7 0.4238 0.1942 0.1773 0.2047 
   NS_SS1365  7 0.2706 0.3259 0.2591 0.1444 
   NS_SS1380  7 0.4474 0.2596 0.1648 0.1282 
   NS_SS1329  7 0.4487 0.0820 0.1484 0.3209 
   NS_SS1362  7 0.3081 0.1487 0.3028 0.2404 
   NS_SS1327  7 0.0728 0.1331 0.1302 0.6638 
   NS_SS1350  7 0.1081 0.0863 0.5466 0.2590 
   NS_SS1387  7 0.1513 0.5141 0.1372 0.1974 
   NS_SS1369  7 0.3138 0.2227 0.1310 0.3324 
   NS_SS1331  7 0.1401 0.4071 0.1776 0.2753 
   NS_SS1357  7 0.1181 0.0700 0.5812 0.2307 
   NS_SS1386  7 0.2928 0.0827 0.1030 0.5215 
   NS_SS1353  7 0.1891 0.1496 0.4581 0.2032 
   NS_SS1323  7 0.4153 0.1886 0.2856 0.1104 
   HI_SS0296  8 0.1229 0.3681 0.2113 0.2976 
   HI_SS0297  8 0.2101 0.1705 0.4476 0.1719 
   HI_SS0299  8 0.3153 0.2437 0.1890 0.2520 
   HI_SS0300  8 0.2233 0.3480 0.2084 0.2203 
   HI_SS0301  8 0.2472 0.5108 0.0678 0.1741 
   HI_SS0302  8 0.1727 0.4310 0.1166 0.2797 
   HI_SS0303  8 0.1532 0.1239 0.3049 0.4181 
   HI_SS0304  8 0.1183 0.3594 0.3193 0.2030 
   HI_SS0306  8 0.1506 0.3203 0.1470 0.3821 
   HI_SS0307  8 0.3219 0.2774 0.2551 0.1456 
   HI_SS0308  8 0.3368 0.3650 0.1392 0.1590 
   HI_SS0309  8 0.4869 0.2253 0.1488 0.1390 
   HI_SS0310  8 0.1816 0.2689 0.3316 0.2179 
   HI_SS0311  8 0.2557 0.3983 0.1414 0.2045 
   HI_SS0314  8 0.1920 0.1641 0.4383 0.2055 
   HI_SS0316  8 0.2386 0.1980 0.2105 0.3529 
   HI_SS0317  8 0.2746 0.3315 0.1860 0.2080 
   HI_SS0318  8 0.2117 0.2040 0.1267 0.4577 
   HI_SS0319  8 0.1854 0.0979 0.1644 0.5522 
   HI_SS0320  8 0.1929 0.3166 0.3248 0.1658 
   HI_SS0321  8 0.2355 0.1734 0.2490 0.3421 
   HI_SS0323  8 0.1394 0.2750 0.1992 0.3863 
   HI_SS0325  8 0.1799 0.3444 0.1322 0.3435 
   HI_SS0327  8 0.2599 0.0622 0.3641 0.3138 
   HI_SS0329  8 0.1925 0.3748 0.2394 0.1933 
   HI_SS0333  8 0.2153 0.2538 0.2562 0.2747 
   HI_SS0334  8 0.2620 0.1976 0.1457 0.3947 
   HI_SS0335  8 0.4851 0.1807 0.2161 0.1181 
   HI_SS0339  8 0.3132 0.3417 0.1883 0.1569 
   HI_SS0343  8 0.4902 0.1143 0.2729 0.1226 
   HI_SS0344  8 0.1370 0.1066 0.1404 0.6161 
   HI_SS0345  8 0.3293 0.3393 0.1303 0.2011 
   HI_SS0346  8 0.2102 0.2948 0.1812 0.3137 
   HI_SS0350  8 0.4721 0.2604 0.1895 0.0780 
   HI_SS0351  8 0.5436 0.1287 0.1424 0.1853 
   HI_SS0352  8 0.3637 0.2300 0.2455 0.1608 
   HI_SS0362  8 0.1510 0.5153 0.1405 0.1933 
   HI_SS0363  8 0.2299 0.1107 0.2766 0.3827 
   HI_SS0365  8 0.2400 0.1398 0.2525 0.3677 
   HI_SS0366  8 0.1583 0.1550 0.1732 0.5135 
   HI_SS0367  8 0.3186 0.2303 0.3134 0.1376 
   HI_SS0369  8 0.2096 0.3861 0.2784 0.1259 
   HI_SS0370  8 0.1907 0.0823 0.5266 0.2004 
   HI_SS0371  8 0.1386 0.3210 0.1371 0.4033 
   HI_SS0373  8 0.1654 0.2990 0.3043 0.2313 
   HI_SS0374  8 0.2581 0.2473 0.3187 0.1758 
   HI_SS0377  8 0.4944 0.1914 0.0907 0.2236 
   HI_SS0379  8 0.1768 0.0980 0.0799 0.6453 
   HI_SS0380  8 0.3179 0.2355 0.2737 0.1729 
   HI_SS0381  8 0.3952 0.3304 0.1554 0.1191 
   HI_SS0384  8 0.1209 0.1713 0.3748 0.3331 
   HI_SS0385  8 0.1000 0.3901 0.1890 0.3209 
