   NS_SS0963  1 0.1512 0.1818 0.1809 0.4861 
   NS_SS0983  1 0.4933 0.1116 0.2127 0.1824 
   NS_SS0719  1 0.2541 0.1975 0.2858 0.2626 
   NS_SS1001  1 0.1160 0.4358 0.3002 0.1480 
   NS_SS0936  1 0.1406 0.3621 0.1075 0.3898 
   NS_SS0955  1 0.2995 0.1189 0.2094 0.3721 
   NS_SS0944  1 0.2335 0.2150 0.2197 0.3318 
   NS_SS0945  1 0.2709 0.3792 0.2020 0.1479 
   NS_SS0922  1 0.1243 0.4367 0.2456 0.1933 
   NS_SS0929  1 0.3178 0.1641 0.1961 0.3220 
   NS_SS0956  1 0.1070 0.2567 0.4931 0.1432 
   NS_SS0906  1 0.2754 0.1550 0.2004 0.3692 
   NS_SS0721  1 0.1870 0.1484 0.5149 0.1498 
   NS_SS0982  1 0.1605 0.1750 0.2554 0.4091 
   NS_SS0923  1 0.1762 0.2630 0.2706 0.2902 
   NS_SS0905  1 0.2351 0.1992 0.3470 0.2187 
   NS_SS0925  1 0.1066 0.2631 0.2653 0.3650 
   NS_SS0947  1 0.1600 0.3207 0.1638 0.3555 
   NS_SS0926  1 0.4389 0.1195 0.1884 0.2532 
   NS_SS0918  1 0.1088 0.1531 0.3537 0.3845 
   NS_SS0966  1 0.1634 0.2127 0.2100 0.4138 
   NS_SS0938  1 0.1401 0.4618 0.1314 0.2667 
   NS_SS0917  1 0.3864 0.2566 0.1893 0.1678 
   NS_SS0957  1 0.1935 0.1659 0.4218 0.2188 
   NS_SS0987  1 0.1689 0.0970 0.5883 0.1458 
   NS_SS0717  1 0.1244 0.3535 0.3504 0.1717 
   NS_SS0986  1 0.2692 0.1327 0.3785 0.2195 
   NS_SS0953  1 0.1218 0.2810 0.2710 0.3262 
   NS_SS0907  1 0.2169 0.1382 0.1646 0.4803 
   NS_SS0974  1 0.2362 0.2877 0.1250 0.3511 
   NS_SS0989  1 0.4811 0.2332 0.1239 0.1618 
   NS_SS0991  1 0.2590 0.0725 0.3614 0.3072 
   NS_SS0994  1 0.5695 0.2289 0.0900 0.1115 
   NS_SS0931  1 0.3547 0.1098 0.3083 0.2272 
   NS_SS1000  1 0.1308 0.4063 0.1500 0.3129 
   NS_SS0919  1 0.2665 0.1076 0.1366 0.4892 
   NS_SS0949  1 0.4034 0.2283 0.1786 0.1896 
   NS_SS0960  1 0.2955 0.1083 0.2839 0.3122 
   NS_SS0716  1 0.1112 0.2941 0.5126 0.0822 
   NS_SS0924  1 0.2700 0.1360 0.2139 0.3801 
   NS_SS0935  1 0.3770 0.1292 0.3391 0.1547 
   NS_SS0952  1 0.3602 0.1245 0.1567 0.3585 
   NS_SS0962  1 0.1511 0.2966 0.2764 0.2758 
   NS_SS0973  1 0.1804 0.1728 0.1697 0.4771 
   NS_SS0722  1 0.0979 0.5857 0.1386 0.1778 
   NS_SS0979  1 0.1297 0.1790 0.3990 0.2924 
   NS_SS0993  1 0.0992 0.3243 0.2354 0.3411 
   NS_SS0958  1 0.3756 0.2116 0.2158 0.1970 
   NS_SS0988  1 0.2687 0.1163 0.2159 0.3991 
   NS_SS1003  1 0.0866 0.1174 0.3677 0.4283 
   NS_SS0976  1 0.3448 0.1537 0.1844 0.3170 
   NS_SS0964  1 0.1043 0.4286 0.2968 0.1704 
   NS_SS0939  1 0.0858 0.4148 0.4313 0.0681 
   NS_SS0990  1 0.3212 0.2858 0.2483 0.1447 
   NS_SS0984  1 0.1033 0.4923 0.2350 0.1695 
   NS_SS0980  1 0.1424 0.3321 0.1031 0.4224 
   NS_SS0978  1 0.1763 0.3596 0.1393 0.3248 
   NS_SS0951  1 0.2635 0.1009 0.4732 0.1624 
   NS_SS0913  1 0.1509 0.2861 0.4124 0.1505 
   NS_SS1002  1 0.1224 0.1773 0.1040 0.5963 
   NS_SS0948  1 0.2587 0.1556 0.2817 0.3040 
   NS_SS0916  1 0.2870 0.3740 0.1778 0.1612 
   NS_SS0995  1 0.1848 0.3260 0.3154 0.1738 
   NS_SS0927  1 0.3759 0.2953 0.1464 0.1824 
   NS_SS0992  1 0.2615 0.3653 0.0849 0.2883 
   NS_SS0912  1 0.2462 0.1084 0.4592 0.1861 
   NS_SS0981  1 0.1342 0.1255 0.3288 0.4115 
   NS_SS0729  2 0.4646 0.2073 0.0719 0.2562 
   NS_SS0967  2 0.1333 0.1777 0.1555 0.5334 
   NS_SS0941  2 0.1788 0.4555 0.1989 0.1668 
   NS_SS0768  2 0.1668 0.1739 0.3684 0.2909 
   NS_SS0726  2 0.3289 0.3262 0.0775 0.2674 
   NS_SS0763  2 0.3825 0.2553 0.1412 0.2210 
   NS_SS0730  2 0.1558 0.3261 0.3114 0.2067 
   NS_SS0774  2 0.1130 0.4543 0.1397 0.2930 
   NS_SS0723  2 0.0925 0.2787 0.2120 0.4168 
   NS_SS0940  2 0.2857 0.3478 0.2489 0.1176 
   NS_SS0762  2 0.0766 0.5227 0.2562 0.1445 
   NS_SS0766  2 0.2254 0.4150 0.2723 0.0873 
   NS_SS0724  2 0.1257 0.2064 0.3710 0.2968 
   NS_SS0769  2 0.2310 0.2182 0.2599 0.2908 
   NS_SS0777  2 0.3202 0.1338 0.3191 0.2269 
   NS_SS0734  2 0.2537 0.2504 0.3735 0.1224 
   NS_SS0737  2 0.0926 0.6532 0.1395 0.1147 
   NS_SS0732  2 0.1210 0.1324 0.5330 0.2137 
   NS_SS0728  2 0.1926 0.4140 0.2398 0.1537 
   NS_SS0735  2 0.1443 0.4210 0.2637 0.1710 
   NS_SS0725  2 0.1268 0.4853 0.1939 0.1940 
   NS_SS0788  2 0.2257 0.1961 0.2067 0.3715 
   NS_SS0778  2 0.3135 0.1408 0.2637 0.2819 
   NS_SS0792  2 0.2723 0.1785 0.3412 0.2080 
   NS_SS0943  2 0.3151 0.1007 0.2041 0.3801 
   NS_SS0791  2 0.3069 0.2871 0.3191 0.0869 
   NS_SS0790  2 0.0619 0.2087 0.4295 0.2999 
   NS_SS0731  2 0.1323 0.2235 0.5037 0.1405 
   NS_SS0727  2 0.3301 0.4831 0.0920 0.0948 
   NS_SS0779  2 0.2195 0.2375 0.3092 0.2339 
   NS_SS0776  2 0.1917 0.4165 0.2179 0.1738 
   NS_SS0775  2 0.1090 0.4897 0.2803 0.1210 
   NS_SS0965  3 0.1489 0.1205 0.3835 0.3472 
   NS_SS0754  3 0.3346 0.1537 0.3290 0.1828 
   NS_SS0838  3 0.2386 0.3005 0.1771 0.2838 
   NS_SS0839  3 0.0942 0.3930 0.2626 0.2502 
   NS_SS0832  3 0.0700 0.2090 0.2941 0.4269 
   NS_SS0820  3 0.0985 0.1828 0.3769 0.3418 
   NS_SS0886  3 0.3245 0.1735 0.3133 0.1887 
   NS_SS0748  3 0.2863 0.1376 0.2563 0.3198 
   NS_SS0884  3 0.2344 0.2485 0.1952 0.3218 
   NS_SS0752  3 0.1779 0.3752 0.1644 0.2824 
   NS_SS0862  3 0.1000 0.1522 0.5157 0.2322 
   NS_SS0787  3 0.5811 0.1008 0.1504 0.1677 
   NS_SS0843  3 0.2119 0.2324 0.2605 0.2952 
   NS_SS0856  3 0.2349 0.4391 0.1818 0.1441 
   NS_SS0846  3 0.2375 0.1988 0.0828 0.4809 
   NS_SS0825  3 0.2301 0.1434 0.2687 0.3578 
   NS_SS0757  3 0.2717 0.1543 0.3365 0.2375 
   NS_SS0876  3 0.1787 0.3384 0.2368 0.2461 
   NS_SS0903  3 0.0988 0.3295 0.1222 0.4495 
   NS_SS0875  3 0.2160 0.2335 0.3955 0.1550 
   NS_SS0740  3 0.2005 0.2832 0.2396 0.2766 
   NS_SS0811  3 0.0937 0.1626 0.5812 0.1625 
   NS_SS0751  3 0.1926 0.3855 0.2449 0.1770 
   NS_SS0891  3 0.1966 0.3654 0.2293 0.2087 
   NS_SS0867  3 0.2353 0.0818 0.1858 0.4971 
   NS_SS0890  3 0.2236 0.2752 0.2297 0.2715 
   NS_SS0866  3 0.5578 0.1765 0.1496 0.1161 
   NS_SS0755  3 0.1782 0.1792 0.2829 0.3598 
   NS_SS0758  3 0.2242 0.3535 0.1966 0.2257 
   NS_SS0840  3 0.0802 0.2210 0.2350 0.4637 
   NS_SS0889  3 0.4068 0.1170 0.3174 0.1589 
   NS_SS1010  3 0.1892 0.1428 0.2071 0.4609 
   NS_SS0888  3 0.4803 0.2509 0.1543 0.1146 
   NS_SS0837  3 0.1061 0.1205 0.3748 0.3986 
   NS_SS0794  3 0.3735 0.3047 0.2056 0.1162 
   NS_SS0823  3 0.1116 0.3576 0.1523 0.3785 
   NS_SS0829  3 0.4320 0.0743 0.3146 0.1791 
   NS_SS0844  3 0.0792 0.1142 0.1500 0.6567 
   NS_SS1008  3 0.3388 0.3431 0.1867 0.1314 
   NS_SS0881  3 0.2929 0.2023 0.2747 0.2301 
   NS_SS0834  3 0.1231 0.5506 0.1363 0.1900 
   NS_SS0744  3 0.2327 0.2119 0.2121 0.3433 
   NS_SS0899  3 0.0981 0.1649 0.5606 0.1763 
   NS_SS0804  3 0.0785 0.2261 0.3600 0.3354 
   NS_SS0781  3 0.1068 0.2398 0.2327 0.4207 
   NS_SS0822  3 0.2419 0.3308 0.1942 0.2331 
   NS_SS1004  3 0.1491 0.1723 0.2110 0.4677 
   NS_SS0746  3 0.2162 0.2251 0.1427 0.4161 
   NS_SS0880  3 0.1409 0.2666 0.1796 0.4129 
   NS_SS0879  3 0.1544 0.3521 0.2351 0.2585 
   NS_SS0753  3 0.3057 0.1026 0.3367 0.2550 
   NS_SS1007  3 0.2077 0.5114 0.1208 0.1601 
   NS_SS0872  3 0.1490 0.3094 0.2182 0.3234 
   NS_SS1005  3 0.1295 0.2380 0.1534 0.4791 
   NS_SS0892  3 0.2313 0.2722 0.2686 0.2279 
   NS_SS0898  3 0.2859 0.1769 0.3045 0.2327 
   NS_SS0801  3 0.1940 0.1343 0.4056 0.2660 
   NS_SS0827  3 0.2524 0.0870 0.4681 0.1926 
   NS_SS0853  3 0.2500 0.1109 0.4940 0.1451 
   NS_SS0780  3 0.1459 0.2749 0.3340 0.2452 
   NS_SS0826  3 0.1760 0.0894 0.1602 0.5745 
   NS_SS0818  3 0.0832 0.3313 0.3180 0.2675 
   NS_SS0745  3 0.0737 0.4845 0.3723 0.0694 
   NS_SS0849  3 0.1497 0.0897 0.5669 0.1937 
   NS_SS0739  3 0.2446 0.2514 0.3509 0.1531 
   NS_SS0799  3 0.3249 0.2884 0.2390 0.1476 
   NS_SS0756  3 0.0915 0.1350 0.2582 0.5153 
   NS_SS0802  3 0.3074 0.2897 0.1268 0.2761 
   NS_SS0747  3 0.2083 0.2023 0.1709 0.4186 
   NS_SS0835  3 0.5281 0.1504 0.1051 0.2164 
   NS_SS0742  3 0.1834 0.2368 0.2721 0.3076 
   NS_SS0760  3 0.4644 0.1756 0.1788 0.1812 
   NS_SS0803  3 0.0968 0.2507 0.1342 0.5183 
   NS_SS0828  3 0.2096 0.1713 0.4439 0.1751 
   NS_SS0865  3 0.2184 0.0995 0.3100 0.3721 
   NS_SS0759  3 0.1027 0.3470 0.3503 0.2000 
   NS_SS0851  3 0.0979 0.1613 0.5887 0.1521 
   NS_SS0874  3 0.1311 0.2052 0.1962 0.4675 
   NS_SS0761  3 0.4096 0.0961 0.2632 0.2311 
   NS_SS0842  3 0.3078 0.2273 0.2416 0.2234 
   NS_SS0785  3 0.3012 0.1783 0.2005 0.3199 
   NS_SS0860  3 0.5177 0.1351 0.1222 0.2250 
   NS_SS0897  3 0.5210 0.1335 0.2213 0.1242 
   NS_SS0841  3 0.0986 0.2587 0.4382 0.2045 
   NS_SS0797  3 0.3057 0.1038 0.3418 0.2487 
   NS_SS0830  3 0.2158 0.1500 0.3464 0.2878 
   NS_SS1011  3 0.1004 0.1598 0.1944 0.5455 
   NS_SS0883  3 0.2791 0.1265 0.4213 0.1731 
   NS_SS0782  3 0.2593 0.4317 0.1641 0.1448 
   NS_SS0831  3 0.3971 0.0941 0.3826 0.1263 
   NS_SS0749  3 0.2440 0.2546 0.3670 0.1344 
   NS_SS0854  3 0.2590 0.3956 0.1714 0.1740 
   HI_SS0193  4 0.3251 0.3165 0.2344 0.1241 
   HI_SS0194  4 0.1356 0.5400 0.1213 0.2031 
   HI_SS0195  4 0.0885 0.2491 0.4684 0.1940 
   HI_SS0196  4 0.2503 0.4418 0.1679 0.1400 
   HI_SS0197  4 0.2005 0.2640 0.1249 0.4106 
   HI_SS0198  4 0.2917 0.1603 0.3660 0.1820 
   HI_SS0199  4 0.3617 0.3684 0.1208 0.1491 
   HI_SS0201  4 0.4444 0.0702 0.1949 0.2905 
   HI_SS0215  4 0.4648 0.0754 0.2009 0.2589 
   HI_SS0218  4 0.5144 0.1979 0.1992 0.0884 
   HI_SS0222  4 0.2239 0.3118 0.3307 0.1337 
   HI_SS0230  4 0.1848 0.1312 0.3325 0.3515 
   HI_SS0234  4 0.2280 0.4048 0.0799 0.2873 
   HI_SS0240  4 0.1763 0.5337 0.1697 0.1203 
   HI_SS0241  4 0.4101 0.1562 0.1870 0.2468 
   HI_SS0242  4 0.2526 0.2122 0.2376 0.2976 
   HI_SS0247  4 0.1691 0.1326 0.2450 0.4534 
   HI_SS0248  4 0.3921 0.3547 0.1157 0.1375 
   HI_SS0252  4 0.1431 0.4109 0.2656 0.1804 
   HI_SS0254  4 0.2849 0.1922 0.1618 0.3611 
   HI_SS0256  4 0.0474 0.2736 0.2021 0.4769 
   HI_SS0257  4 0.4222 0.1822 0.0745 0.3211 
   HI_SS0258  4 0.3970 0.1843 0.2483 0.1704 
   HI_SS0259  4 0.1608 0.4258 0.1956 0.2177 
   HI_SS0260  4 0.4239 0.2877 0.1335 0.1549 
   HI_SS0261  4 0.2703 0.2781 0.1100 0.3416 
   HI_SS0262  4 0.1740 0.2241 0.3652 0.2367 
   HI_SS0264  4 0.1579 0.2098 0.3610 0.2713 
   HI_SS0265  4 0.1804 0.1743 0.3327 0.3126 
   HI_SS0268  4 0.2995 0.2234 0.3405 0.1365 
   HI_SS0269  4 0.5482 0.1405 0.0714 0.2399 
   HI_SS0273  4 0.3273 0.1229 0.1407 0.4090 
   HI_SS0277  4 0.1542 0.1266 0.1962 0.5230 
   HI_SS0280  4 0.1962 0.2458 0.4330 0.1250 
   HI_SS0282  4 0.2956 0.1681 0.2171 0.3192 
   HI_SS0286  4 0.2796 0.1529 0.3635 0.2039 
   NS_SS1252  5 0.5819 0.1330 0.1668 0.1184 
   NS_SS1261  5 0.2705 0.1941 0.2415 0.2938 
   NS_SS1225  5 0.2993 0.1006 0.1442 0.4559 
   NS_SS1266  5 0.0776 0.1765 0.1812 0.5647 
   NS_SS1228  5 0.1476 0.1658 0.5576 0.1291 
   NS_SS1255  5 0.1759 0.5770 0.1142 0.1329 
   NS_SS1267  5 0.6267 0.1201 0.1670 0.0862 
   NS_SS1238  5 0.2414 0.2102 0.3694 0.1790 
   NS_SS1233  5 0.1090 0.1362 0.3066 0.4482 
   NS_SS1277  5 0.3788 0.3700 0.1748 0.0764 
   NS_SS1245  5 0.2594 0.2771 0.1397 0.3238 
   NS_SS1240  5 0.6318 0.1411 0.1028 0.1243 
   NS_SS1275  5 0.0900 0.2519 0.2662 0.3920 
   NS_SS1235  5 0.1502 0.4603 0.0642 0.3253 
   NS_SS1263  5 0.1169 0.3803 0.2193 0.2836 
   NS_SS1251  5 0.1386 0.2425 0.1794 0.4395 
   NS_SS1248  5 0.1638 0.0787 0.6678 0.0897 
   NS_SS1244  5 0.1999 0.1355 0.1683 0.4964 
   NS_SS1257  5 0.4260 0.2376 0.2018 0.1346 
   NS_SS1242  5 0.1196 0.3945 0.2293 0.2566 
   NS_SS1271  5 0.5716 0.1407 0.1522 0.1354 
   NS_SS1265  5 0.4601 0.1487 0.1871 0.2041 
   NS_SS1243  5 0.1489 0.3077 0.4387 0.1047 
   NS_SS1273  5 0.1040 0.4186 0.2536 0.2238 
   NS_SS1254  5 0.1405 0.2166 0.2631 0.3799 
   NS_SS1224  5 0.1061 0.1823 0.3844 0.3273 
   NS_SS1227  5 0.4210 0.2404 0.1247 0.2139 
   NS_SS1274  5 0.3393 0.2329 0.2429 0.1849 
   NS_SS1241  5 0.2918 0.1578 0.1622 0.3882 
   NS_SS1256  5 0.2544 0.1498 0.0935 0.5023 
   NS_SS1260  5 0.4376 0.1982 0.1407 0.2235 
   NS_SS1262  5 0.2789 0.1025 0.2395 0.3790 
   NS_SS1230  5 0.2951 0.2087 0.2349 0.2614 
   NS_SS1270  5 0.1179 0.0951 0.4264 0.3606 
   NS_SS1229  5 0.1288 0.5021 0.0623 0.3069 
   NS_SS1246  5 0.3886 0.3101 0.1139 0.1875 
   NS_SS1269  5 0.1905 0.2849 0.2991 0.2255 
   NS_SS1239  5 0.1231 0.3899 0.3425 0.1446 
   NS_SS1272  5 0.2037 0.1398 0.1532 0.5033 
   NS_SS1268  5 0.1132 0.1300 0.5204 0.2365 
   NS_SS1249  5 0.5163 0.2482 0.1016 0.1340 
   HI_SS0559  6 0.2338 0.2680 0.3047 0.1935 
   HI_SS0563  6 0.2174 0.1971 0.2403 0.3452 
   HI_SS0564  6 0.1823 0.2721 0.2719 0.2738 
   HI_SS0565  6 0.2967 0.1533 0.1543 0.3957 
   HI_SS0569  6 0.3632 0.0649 0.2261 0.3458 
   HI_SS0570  6 0.4512 0.2132 0.2364 0.0992 
   HI_SS0572  6 0.1326 0.5135 0.1028 0.2510 
   HI_SS0576  6 0.1272 0.2592 0.4778 0.1358 
   HI_SS0579  6 0.2652 0.1850 0.1374 0.4124 
   HI_SS0580  6 0.3698 0.3081 0.1969 0.1252 
   HI_SS0581  6 0.1007 0.2212 0.3846 0.2936 
   HI_SS0583  6 0.4689 0.2498 0.1069 0.1744 
   HI_SS0586  6 0.5252 0.0916 0.2839 0.0993 
   HI_SS0588  6 0.3501 0.1820 0.2019 0.2659 
   HI_SS0595  6 0.3935 0.2007 0.1217 0.2842 
   HI_SS0596  6 0.1086 0.6068 0.1588 0.1257 
   HI_SS0597  6 0.1498 0.4467 0.1233 0.2802 
   HI_SS0600  6 0.3416 0.1984 0.1970 0.2631 
   HI_SS0601  6 0.2233 0.0702 0.2274 0.4791 
   HI_SS0602  6 0.3414 0.1679 0.3956 0.0952 
   HI_SS0604  6 0.2047 0.2530 0.3416 0.2006 
   HI_SS0605  6 0.2816 0.2203 0.3638 0.1344 
   HI_SS0608  6 0.2039 0.3215 0.3585 0.1161 
   HI_SS0609  6 0.1234 0.2422 0.1482 0.4861 
   HI_SS0611  6 0.4244 0.1233 0.3525 0.0998 
   HI_SS0612  6 0.1925 0.2053 0.0669 0.5353 
   HI_SS0613  6 0.2085 0.1112 0.5073 0.1730 
   HI_SS0615  6 0.0913 0.4419 0.2979 0.1688 
   HI_SS0001  6 0.2896 0.4283 0.1066 0.1755 
   HI_SS0002  6 0.1034 0.2480 0.1771 0.4715 
   HI_SS0004  6 0.3653 0.3124 0.2320 0.0902 
   HI_SS0005  6 0.1692 0.1249 0.5451 0.1608 
   HI_SS0006  6 0.3511 0.1317 0.1080 0.4092 
   HI_SS0007  6 0.2964 0.1386 0.4883 0.0767 
   HI_SS0008  6 0.1817 0.1627 0.3039 0.3518 
   HI_SS0009  6 0.1032 0.3660 0.4181 0.1126 
   HI_SS0010  6 0.2814 0.1360 0.4048 0.1778 
   HI_SS0011  6 0.1199 0.1080 0.2316 0.5405 
   HI_SS0012  6 0.1217 0.2359 0.2532 0.3893 
   HI_SS0017  6 0.1244 0.6107 0.1460 0.1189 
   HI_SS0021  6 0.4103 0.1488 0.2262 0.2147 
   HI_SS0024  6 0.1496 0.3282 0.3269 0.1953 
   HI_SS0025  6 0.1242 0.4184 0.2920 0.1655 
   HI_SS0027  6 0.3185 0.1625 0.3263 0.1927 
   HI_SS0028  6 0.0889 0.1616 0.4697 0.2798 
   HI_SS0029  6 0.2654 0.3667 0.2515 0.1165 
   HI_SS0030  6 0.2598 0.2631 0.2083 0.2688 
   HI_SS0031  6 0.1773 0.2619 0.1125 0.4483 
   HI_SS0034  6 0.4093 0.2234 0.1146 0.2526 
   HI_SS0036  6 0.4827 0.1425 0.2681 0.1066 
   HI_SS0037  6 0.4714 0.1036 0.2917 0.1334 
   HI_SS0039  6 0.3141 0.1021 0.4216 0.1623 
   HI_SS0041  6 0.1305 0.3064 0.4469 0.1162 
   HI_SS0042  6 0.1284 0.3535 0.2697 0.2484 
   HI_SS0043  6 0.5433 0.0920 0.1854 0.1794 
   HI_SS0044  6 0.3285 0.4493 0.1365 0.0857 
   HI_SS0047  6 0.1341 0.3384 0.2918 0.2357 
   HI_SS0049  6 0.1494 0.4721 0.1959 0.1826 
   HI_SS0051  6 0.1632 0.1036 0.4468 0.2863 
   HI_SS0053  6 0.4687 0.1632 0.1182 0.2499 
   HI_SS0054  6 0.3501 0.0781 0.2376 0.3342 
   HI_SS0057  6 0.1506 0.1904 0.4581 0.2009 
   HI_SS0058  6 0.3633 0.2098 0.2161 0.2108 
   HI_SS0060  6 0.1640 0.1273 0.4105 0.2982 
   HI_SS0087  6 0.2740 0.2036 0.1455 0.3769 
   HI_SS0091  6 0.5382 0.1152 0.0767 0.2699 
   HI_SS0095  6 0.2677 0.2123 0.1824 0.3376 
   HI_SS0097  6 0.1467 0.1277 0.1782 0.5473 
   HI_SS0099  6 0.2112 0.3437 0.3104 0.1346 
   HI_SS0103  6 0.1956 0.3978 0.1108 0.2959 
   HI_SS0105  6 0.1978 0.1261 0.2260 0.4501 
   HI_SS0107  6 0.0875 0.5631 0.1197 0.2297 
   HI_SS0108  6 0.6140 0.1261 0.1341 0.1257 
   HI_SS0110  6 0.2819 0.2735 0.0925 0.3522 
   HI_SS0111  6 0.2430 0.2417 0.2901 0.2252 
   HI_SS0112  6 0.5482 0.1592 0.1629 0.1296 
   HI_SS0113  6 0.1124 0.4082 0.1839 0.2956 
   HI_SS0114  6 0.3604 0.0956 0.3786 0.1654 
   HI_SS0115  6 0.2183 0.3919 0.2363 0.1535 
   HI_SS0116  6 0.4161 0.3740 0.1036 0.1062 
   HI_SS0117  6 0.3127 0.1365 0.0896 0.4612 
   HI_SS0118  6 0.3909 0.1781 0.1312 0.2998 
   HI_SS0119  6 0.2892 0.1059 0.1733 0.4317 
   HI_SS0120  6 0.1031 0.5749 0.0929 0.2292 
   HI_SS0121  6 0.1113 0.0784 0.3854 0.4249 
   HI_SS0122  6 0.2676 0.1932 0.2669 0.2723 
   HI_SS0123  6 0.2193 0.2207 0.1051 0.4549 
   HI_SS0124  6 0.0937 0.5120 0.2640 0.1304 
   HI_SS0125  6 0.1026 0.3432 0.3787 0.1754 
   HI_SS0126  6 0.4669 0.2973 0.1188 0.1171 
   HI_SS0127  6 0.1661 0.1057 0.5245 0.2037 
   HI_SS0128  6 0.1859 0.4150 0.1207 0.2784 
   HI_SS0129  6 0.3876 0.3009 0.1978 0.1137 
   HI_SS0131  6 0.2852 0.0793 0.3924 0.2430 
   HI_SS0132  6 0.2261 0.1542 0.2739 0.3458 
   HI_SS0133  6 0.5717 0.1669 0.1556 0.1058 
   HI_SS0134  6 0.2514 0.1965 0.1588 0.3932 
   HI_SS0142  6 0.1802 0.1111 0.1999 0.5088 
   HI_SS0145  6 0.2700 0.2643 0.1330 0.3327 
   HI_SS0146  6 0.3118 0.1755 0.2511 0.2616 
   HI_SS0147  6 0.1130 0.1216 0.4532 0.3122 
   HI_SS0149  6 0.2293 0.1122 0.1176 0.5409 
   HI_SS0150  6 0.1143 0.3092 0.3967 0.1798 
   HI_SS0151  6 0.2255 0.4049 0.2321 0.1374 
   NS_SS1451  6 0.0933 0.4040 0.3598 0.1428 
   NS_SS1404  6 0.1836 0.1790 0.4720 0.1655 
   NS_SS1432  6 0.1465 0.4550 0.2285 0.1700 
   NS_SS1405  6 0.2206 0.4044 0.2225 0.1525 
   NS_SS1431  6 0.1104 0.4107 0.2263 0.2526 
   NS_SS1402  6 0.2846 0.2326 0.1230 0.3598 
   NS_SS1450  6 0.3248 0.3656 0.1998 0.1098 
   NS_SS1396  6 0.2209 0.2140 0.3077 0.2575 
   NS_SS1393  6 0.3372 0.2344 0.2573 0.1712 
   NS_SS1392  6 0.1425 0.5110 0.2703 0.0763 
   NS_SS1445  6 0.3982 0.1111 0.2130 0.2776 
   NS_SS1423  6 0.3160 0.2929 0.1050 0.2861 
   NS_SS1421  6 0.2834 0.2268 0.1949 0.2949 
   NS_SS1411  6 0.3189 0.1164 0.4855 0.0792 
   NS_SS1453  6 0.3941 0.1518 0.2002 0.2539 
   NS_SS1442  6 0.2030 0.2206 0.2733 0.3031 
   NS_SS1422  6 0.1847 0.3156 0.1186 0.3810 
   NS_SS1419  6 0.1508 0.1117 0.4107 0.3268 
   NS_SS1427  6 0.4956 0.3584 0.0830 0.0629 
   NS_SS1444  6 0.1540 0.2232 0.4088 0.2140 
   NS_SS1455  6 0.1088 0.3848 0.1529 0.3534 
   NS_SS1425  6 0.5028 0.0875 0.2210 0.1887 
   NS_SS1400  6 0.3855 0.1195 0.2524 0.2425 
   NS_SS1406  6 0.0828 0.1708 0.1566 0.5898 
   NS_SS1417  6 0.2500 0.2100 0.1993 0.3407 
   NS_SS1454  6 0.3579 0.1282 0.2529 0.2609 
   NS_SS1412  6 0.3209 0.2432 0.2561 0.1798 
   NS_SS1438  6 0.4254 0.0831 0.2845 0.2071 
   NS_SS1416  6 0.2509 0.1953 0.2849 0.2688 
   NS_SS1401  6 0.2879 0.2246 0.1500 0.3375 
   NS_SS1424  6 0.2834 0.1777 0.1940 0.3449 
   NS_SS1435  6 0.2021 0.3526 0.3325 0.1128 
   NS_SS1447  6 0.1354 0.1877 0.3616 0.3153 
   NS_SS1414  6 0.1222 0.2381 0.4227 0.2171 
   NS_SS1449  6 0.1866 0.3620 0.1862 0.2652 
   NS_SS1443  6 0.3831 0.2811 0.0780 0.2577 
   NS_SS1434  6 0.2111 0.5664 0.0838 0.1387 
   NS_SS1398  6 0.1801 0.4173 0.2749 0.1277 
   NS_SS1426  6 0.4855 0.1665 0.1706 0.1773 
   NS_SS1413  6 0.3367 0.3359 0.1310 0.1964 
   NS_SS1395  6 0.3890 0.1841 0.1357 0.2911 
   NS_SS1448  6 0.2663 0.2463 0.3885 0.0990 
   NS_SS1446  6 0.4015 0.1984 0.1495 0.2506 
   NS_SS1403  6 0.2081 0.2617 0.2338 0.2964 
   NS_SS1415  6 0.3702 0.1944 0.2739 0.1615 
   NS_SS1437  6 0.1909 0.2160 0.2740 0.3191 
   NS_SS1439  6 0.2169 0.1830 0.1425 0.4576 
   NS_SS1441  6 0.3612 0.2941 0.1218 0.2229 
   NS_SS1420  6 0.0967 0.1662 0.6680 0.0691 
   NS_SS1394  6 0.1259 0.2224 0.4797 0.1720 
   NS_SS1391  6 0.3152 0.4684 0.0917 0.1247 
   NS_SS1410  6 0.3502 0.2538 0.1775 0.2185 
   NS_SS1408  6 0.1581 0.1934 0.2590 0.3895 
   NS_SS1409  6 0.2985 0.4557 0.0896 0.1561 
   HI_SS0617  7 0.3461 0.3655 0.1537 0.1348 
   HI_SS0618  7 0.1585 0.3203 0.3595 0.1617 
   HI_SS0619  7 0.2510 0.3580 0.2581 0.1329 
   HI_SS0620  7 0.4640 0.1597 0.2829 0.0934 
   HI_SS0621  7 0.1617 0.3082 0.2278 0.3022 
   HI_SS0622  7 0.1989 0.2067 0.2465 0.3479 
   HI_SS0626  7 0.2104 0.1205 0.5502 0.1189 
   HI_SS0627  7 0.1806 0.3136 0.2309 0.2750 
   HI_SS0628  7 0.4124 0.1978 0.2483 0.1415 
   HI_SS0629  7 0.3229 0.1336 0.2683 0.2752 
   HI_SS0630  7 0.3078 0.2376 0.3018 0.1528 
   HI_SS0631  7 0.2895 0.1783 0.3805 0.1517 
   HI_SS0632  7 0.1904 0.1477 0.4585 0.2035 
   HI_SS0633  7 0.1740 0.5427 0.1510 0.1323 
   HI_SS0634  7 0.2503 0.2005 0.3455 0.2037 
   HI_SS0635  7 0.1395 0.2318 0.4152 0.2135 
   HI_SS0637  7 0.2259 0.0987 0.3008 0.3746 
   HI_SS0638  7 0.2187 0.3267 0.2479 0.2067 
   HI_SS0639  7 0.1334 0.2632 0.3477 0.2558 
   HI_SS0640  7 0.1793 0.2551 0.2627 0.3028 
   HI_SS0641  7 0.3811 0.0925 0.4116 0.1148 
   HI_SS0642  7 0.1295 0.2617 0.1907 0.4181 
   HI_SS0645  7 0.0810 0.2329 0.5688 0.1173 
   HI_SS0646  7 0.1946 0.3918 0.0921 0.3215 
   HI_SS0647  7 0.1791 0.3625 0.1963 0.2621 
   HI_SS0648  7 0.2075 0.2505 0.2872 0.2548 
   HI_SS0649  7 0.2750 0.2728 0.2236 0.2286 
   HI_SS0650  7 0.1457 0.5772 0.1461 0.1310 
   HI_SS0651  7 0.2119 0.2845 0.2330 0.2706 
   HI_SS0652  7 0.1070 0.2671 0.5191 0.1067 
   NS_SS1371  7 0.3433 0.2630 0.0937 0.3000 
   NS_SS1374  7 0.3980 0.1864 0.2696 0.1461 
   NS_SS1337  7 0.1156 0.2391 0.3578 0.2875 
   NS_SS1385  7 0.1973 0.3797 0.1290 0.2940 
   NS_SS1388  7 0.2858 0.3301 0.2458 0.1383 
   NS_SS1370  7 0.0868 0.0816 0.6960 0.1356 
   NS_SS1389  7 0.1813 0.3305 0.3841 0.1042 
   NS_SS1360  7 0.2960 0.1101 0.3807 0.2132 
   NS_SS1330  7 0.1065 0.2630 0.3480 0.2825 
   NS_SS1328  7 0.3098 0.4684 0.0782 0.1436 
   NS_SS1384  7 0.2554 0.1214 0.2272 0.3960 
   NS_SS1381  7 0.0797 0.5959 0.1350 0.1894 
   NS_SS1375  7 0.1471 0.4798 0.2864 0.0867 
   NS_SS1319  7 0.2426 0.2736 0.2384 0.2454 
   NS_SS1326  7 0.4683 0.3103 0.1332 0.0882 
   NS_SS1341  7 0.3567 0.1155 0.1622 0.3656 
   NS_SS1383  7 0.2316 0.1827 0.3124 0.2733 
   NS_SS1318  7 0.1974 0.2452 0.3662 0.1912 
   NS_SS1348  7 0.4418 0.1136 0.1748 0.2699 
   NS_SS1363  7 0.1507 0.1865 0.3362 0.3266 
   NS_SS1335  7 0.2693 0.0791 0.2612 0.3904 
   NS_SS1358  7 0.2629 0.1496 0.1279 0.4596 
   NS_SS1342  7 0.3231 0.1533 0.0792 0.4444 
   NS_SS1320  7 0.0518 0.6358 0.0938 0.2186 
   NS_SS1355  7 0.1454 0.2589 0.2271 0.3686 
   NS_SS1345  7 0.0752 0.1504 0.1681 0.6062 
   NS_SS1324  7 0.3535 0.1753 0.2675 0.2038 
   NS_SS1347  7 0.2119 0.2258 0.1761 0.3862 
   NS_SS1321  7 0.4078 0.1468 0.2011 0.2443 
   NS_SS1333  7 0.4438 0.2164 0.1743 0.1655 
   NS_SS1364  7 0.2919 0.1306 0.1561 0.4214 
   NS_SS1379  7 0.1741 0.3748 0.2279 0.2232 
   NS_SS1332  7 0.4929 0.1555 0.1720 0.1796 
   NS_SS1338  7 0.3029 0.1213 0.4174 0.1584 
   NS_SS1368  7 0.3623 0.1440 0.1079 0.3858 
   NS_SS1354  7 0.1964 0.1804 0.1854 0.4377 
   NS_SS1365  7 0.1425 0.2789 0.3224 0.2561 
   NS_SS1380  7 0.1197 0.1790 0.2729 0.4285 
   NS_SS1329  7 0.3221 0.1481 0.0786 0.4512 
   NS_SS1362  7 0.2403 0.2898 0.1455 0.3244 
   NS_SS1327  7 0.6630 0.1245 0.1373 0.0753 
   NS_SS1350  7 0.2921 0.5435 0.0751 0.0894 
   NS_SS1387  7 0.1937 0.1452 0.5160 0.1452 
   NS_SS1369  7 0.3343 0.1261 0.2361 0.3035 
   NS_SS1331  7 0.2662 0.2000 0.3877 0.1461 
   NS_SS1357  7 0.2490 0.5723 0.0659 0.1129 
   NS_SS1386  7 0.5105 0.0944 0.0835 0.3116 
   NS_SS1353  7 0.2038 0.4789 0.1347 0.1827 
   NS_SS1323  7 0.1054 0.3070 0.1784 0.4091 
   HI_SS0296  8 0.3057 0.1959 0.3918 0.1065 
   HI_SS0297  8 0.1726 0.4510 0.1664 0.2100 
   HI_SS0299  8 0.2366 0.1670 0.2597 0.3367 
   HI_SS0300  8 0.2116 0.1965 0.3872 0.2047 
   HI_SS0301  8 0.1546 0.0664 0.5303 0.2487 
   HI_SS0302  8 0.2768 0.1085 0.4494 0.1654 
   HI_SS0303  8 0.4032 0.3186 0.1214 0.1569 
   HI_SS0304  8 0.1908 0.3520 0.3451 0.1122 
   HI_SS0306  8 0.3836 0.1393 0.3428 0.1343 
   HI_SS0307  8 0.1467 0.2502 0.2782 0.3250 
   HI_SS0308  8 0.1506 0.1318 0.3602 0.3574 
   HI_SS0309  8 0.1400 0.1251 0.2369 0.4980 
   HI_SS0310  8 0.2171 0.3561 0.2496 0.1772 
   HI_SS0311  8 0.1904 0.1424 0.4127 0.2544 
   HI_SS0314  8 0.2127 0.4759 0.1414 0.1699 
   HI_SS0316  8 0.3404 0.2247 0.2011 0.2338 
   HI_SS0317  8 0.2015 0.1842 0.3330 0.2813 
   HI_SS0318  8 0.4581 0.1255 0.2062 0.2102 
   HI_SS0319  8 0.5757 0.1322 0.0893 0.2027 
   HI_SS0320  8 0.1601 0.3943 0.2705 0.1751 
   HI_SS0321  8 0.3430 0.2268 0.1857 0.2445 
   HI_SS0323  8 0.3930 0.1870 0.2930 0.1270 
   HI_SS0325  8 0.3326 0.1226 0.3801 0.1647 
   HI_SS0327  8 0.3484 0.3241 0.0575 0.2701 
   HI_SS0329  8 0.1763 0.2676 0.3745 0.1816 
   HI_SS0333  8 0.2767 0.2523 0.2635 0.2074 
   HI_SS0334  8 0.3820 0.1300 0.2149 0.2730 
   HI_SS0335  8 0.1098 0.1922 0.1749 0.5231 
   HI_SS0339  8 0.1426 0.1951 0.3548 0.3075 
   HI_SS0343  8 0.1207 0.2572 0.1079 0.5143 
   HI_SS0344  8 0.6189 0.1331 0.1114 0.1366 
   HI_SS0345  8 0.1753 0.1444 0.3461 0.3342 
   HI_SS0346  8 0.3076 0.1838 0.2928 0.2158 
   HI_SS0350  8 0.0724 0.1772 0.2564 0.4940 
   HI_SS0351  8 0.1678 0.1325 0.1286 0.5711 
   HI_SS0352  8 0.1632 0.2259 0.2256 0.3852 
   HI_SS0362  8 0.1796 0.1485 0.5277 0.1442 
   HI_SS0363  8 0.4087 0.2464 0.1083 0.2367 
   HI_SS0365  8 0.3738 0.2350 0.1318 0.2593 
   HI_SS0366  8 0.5306 0.1522 0.1619 0.1553 
   HI_SS0367  8 0.1293 0.3520 0.2078 0.3109 
   HI_SS0369  8 0.1283 0.2798 0.3923 0.1996 
   HI_SS0370  8 0.2124 0.5160 0.0822 0.1894 
   HI_SS0371  8 0.4009 0.1417 0.3278 0.1296 
   HI_SS0373  8 0.2401 0.3163 0.2867 0.1568 
   HI_SS0374  8 0.1685 0.3298 0.2468 0.2549 
   HI_SS0377  8 0.2135 0.0887 0.2018 0.4960 
   HI_SS0379  8 0.6446 0.0727 0.0991 0.1836 
   HI_SS0380  8 0.1612 0.2850 0.2335 0.3203 
   HI_SS0381  8 0.1146 0.1428 0.3361 0.4065 
   HI_SS0384  8 0.3345 0.3970 0.1606 0.1079 
   HI_SS0385  8 0.2877 0.2289 0.3916 0.0919 
