   NS_SS0963  1 0.1459 0.0645 0.2272 0.1830 0.1521 0.1620 0.0652 
   NS_SS0983  1 0.1867 0.0392 0.0867 0.0925 0.3441 0.0927 0.1580 
   NS_SS0719  1 0.1389 0.1090 0.1691 0.0975 0.1681 0.1909 0.1264 
   NS_SS1001  1 0.1623 0.2538 0.0799 0.1636 0.0712 0.1684 0.1008 
   NS_SS0936  1 0.1820 0.1524 0.2181 0.2164 0.0536 0.0777 0.0998 
   NS_SS0955  1 0.1511 0.0461 0.1435 0.1818 0.1510 0.1666 0.1599 
   NS_SS0944  1 0.1037 0.1075 0.0928 0.2582 0.0791 0.1631 0.1956 
   NS_SS0945  1 0.0842 0.2573 0.1359 0.1412 0.0907 0.0817 0.2089 
   NS_SS0922  1 0.1675 0.2245 0.1478 0.1045 0.1114 0.1679 0.0763 
   NS_SS0929  1 0.1529 0.0895 0.1536 0.1845 0.1449 0.0979 0.1767 
   NS_SS0956  1 0.1092 0.1770 0.0845 0.1078 0.1153 0.3329 0.0733 
   NS_SS0906  1 0.0968 0.0973 0.1364 0.2666 0.1374 0.0958 0.1697 
   NS_SS0721  1 0.1378 0.0858 0.1119 0.0678 0.2086 0.2969 0.0913 
   NS_SS0982  1 0.0855 0.1324 0.1309 0.1859 0.2393 0.1445 0.0815 
   NS_SS0923  1 0.1366 0.1941 0.1301 0.1620 0.1714 0.1076 0.0983 
   NS_SS0905  1 0.1224 0.1765 0.0520 0.1530 0.3308 0.0790 0.0864 
   NS_SS0925  1 0.2623 0.0865 0.1066 0.2042 0.1338 0.1539 0.0526 
   NS_SS0947  1 0.1948 0.1481 0.1624 0.2171 0.0644 0.0992 0.1140 
   NS_SS0926  1 0.0537 0.0825 0.2494 0.1131 0.1578 0.0824 0.2612 
   NS_SS0918  1 0.0610 0.1479 0.1275 0.3558 0.1132 0.1260 0.0686 
   NS_SS0966  1 0.1400 0.1366 0.1619 0.2344 0.1524 0.0922 0.0824 
   NS_SS0938  1 0.1400 0.1487 0.3914 0.0823 0.0614 0.0943 0.0818 
   NS_SS0917  1 0.1935 0.1447 0.1380 0.0556 0.1617 0.1186 0.1879 
   NS_SS0957  1 0.0765 0.1548 0.1406 0.1240 0.1398 0.2442 0.1200 
   NS_SS0987  1 0.0572 0.1244 0.0833 0.1081 0.2524 0.2854 0.0892 
   NS_SS0717  1 0.1250 0.2655 0.0497 0.1400 0.2148 0.1383 0.0667 
   NS_SS0986  1 0.0452 0.1419 0.1521 0.1256 0.1981 0.1772 0.1599 
   NS_SS0953  1 0.1940 0.1566 0.0526 0.2843 0.1007 0.1301 0.0818 
   NS_SS0907  1 0.1074 0.1070 0.0835 0.3011 0.2079 0.0746 0.1185 
   NS_SS0974  1 0.2128 0.1655 0.0959 0.2109 0.0707 0.0765 0.1677 
   NS_SS0989  1 0.2251 0.0717 0.2257 0.0577 0.1081 0.0934 0.2184 
   NS_SS0991  1 0.0524 0.0576 0.0646 0.2158 0.2603 0.1946 0.1546 
   NS_SS0994  1 0.1278 0.1279 0.0907 0.0846 0.1218 0.0669 0.3802 
   NS_SS0931  1 0.0556 0.0628 0.1983 0.1347 0.2251 0.1318 0.1919 
   NS_SS1000  1 0.1127 0.2723 0.1505 0.1875 0.0773 0.0796 0.1201 
   NS_SS0919  1 0.0914 0.0686 0.1893 0.1374 0.3463 0.0516 0.1154 
   NS_SS0949  1 0.2306 0.0632 0.1429 0.0732 0.1311 0.1670 0.1920 
   NS_SS0960  1 0.1442 0.0998 0.0868 0.1810 0.1700 0.1386 0.1795 
   NS_SS0716  1 0.0505 0.4094 0.0655 0.0483 0.1712 0.1656 0.0895 
   NS_SS0924  1 0.1609 0.0805 0.1142 0.1579 0.2505 0.1184 0.1176 
   NS_SS0935  1 0.1146 0.0899 0.0542 0.1210 0.2783 0.1555 0.1865 
   NS_SS0952  1 0.0955 0.0908 0.1200 0.1946 0.2401 0.0702 0.1888 
   NS_SS0962  1 0.0806 0.2067 0.2712 0.1038 0.1408 0.1120 0.0849 
   NS_SS0973  1 0.2595 0.0653 0.0800 0.2380 0.1265 0.1342 0.0965 
   NS_SS0722  1 0.1546 0.3281 0.0663 0.2279 0.0697 0.0812 0.0723 
   NS_SS0979  1 0.0761 0.1797 0.1426 0.1547 0.1724 0.1909 0.0836 
   NS_SS0993  1 0.2010 0.1285 0.1340 0.2156 0.1349 0.1306 0.0554 
   NS_SS0958  1 0.0908 0.1799 0.1086 0.1420 0.1359 0.0872 0.2557 
   NS_SS0988  1 0.0671 0.1101 0.2258 0.1806 0.2118 0.0813 0.1234 
   NS_SS1003  1 0.0575 0.0547 0.3689 0.1093 0.1202 0.2344 0.0551 
   NS_SS0976  1 0.0880 0.0632 0.2596 0.1616 0.1028 0.1146 0.2102 
   NS_SS0964  1 0.1598 0.2937 0.0657 0.1049 0.1125 0.1917 0.0718 
   NS_SS0939  1 0.0722 0.3647 0.1504 0.0423 0.0930 0.2090 0.0683 
   NS_SS0990  1 0.0511 0.2136 0.2712 0.0593 0.0911 0.1094 0.2043 
   NS_SS0984  1 0.1452 0.2834 0.1670 0.1268 0.1351 0.0802 0.0624 
   NS_SS0980  1 0.3201 0.1275 0.0695 0.2492 0.0973 0.0645 0.0721 
   NS_SS0978  1 0.1576 0.1832 0.1365 0.1848 0.1114 0.0937 0.1329 
   NS_SS0951  1 0.0596 0.1167 0.0605 0.1933 0.2023 0.2153 0.1521 
   NS_SS0913  1 0.0917 0.2344 0.0967 0.1211 0.1069 0.2395 0.1097 
   NS_SS1002  1 0.0813 0.1021 0.3956 0.2131 0.0817 0.0556 0.0706 
   NS_SS0948  1 0.0915 0.1113 0.1595 0.2074 0.1921 0.1073 0.1309 
   NS_SS0916  1 0.3337 0.0936 0.1682 0.0669 0.0954 0.1102 0.1321 
   NS_SS0995  1 0.3209 0.1427 0.0959 0.0878 0.1527 0.1243 0.0757 
   NS_SS0927  1 0.2001 0.1339 0.1067 0.0713 0.2685 0.0606 0.1589 
   NS_SS0992  1 0.2415 0.1339 0.1907 0.1236 0.0598 0.0798 0.1706 
   NS_SS0912  1 0.0454 0.1122 0.1360 0.1196 0.1998 0.2200 0.1671 
   NS_SS0981  1 0.0531 0.1231 0.2073 0.1929 0.1944 0.1539 0.0754 
   NS_SS0729  2 0.3180 0.0528 0.0949 0.1409 0.0884 0.0538 0.2512 
   NS_SS0967  2 0.1549 0.1030 0.1894 0.2092 0.1782 0.0964 0.0690 
   NS_SS0941  2 0.2008 0.1779 0.1758 0.0867 0.1233 0.1397 0.0957 
   NS_SS0768  2 0.0768 0.1266 0.1315 0.1604 0.1209 0.2683 0.1155 
   NS_SS0726  2 0.3159 0.0604 0.2073 0.0957 0.0760 0.0744 0.1703 
   NS_SS0763  2 0.1510 0.1426 0.0967 0.1229 0.2000 0.1004 0.1864 
   NS_SS0730  2 0.1432 0.2285 0.1645 0.0917 0.1738 0.1196 0.0788 
   NS_SS0774  2 0.2413 0.2493 0.1376 0.1712 0.0571 0.0754 0.0682 
   NS_SS0723  2 0.2025 0.1434 0.1762 0.1515 0.1670 0.1190 0.0405 
   NS_SS0940  2 0.1869 0.1634 0.1739 0.0671 0.1106 0.1353 0.1629 
   NS_SS0762  2 0.1751 0.3298 0.0680 0.1440 0.1016 0.1265 0.0550 
   NS_SS0766  2 0.1744 0.2595 0.0807 0.0550 0.1742 0.1303 0.1260 
   NS_SS0724  2 0.1418 0.1251 0.1019 0.1819 0.1775 0.1933 0.0785 
   NS_SS0769  2 0.0880 0.1829 0.1521 0.1104 0.2543 0.1083 0.1039 
   NS_SS0777  2 0.0544 0.1104 0.1319 0.1365 0.2714 0.1200 0.1753 
   NS_SS0734  2 0.1304 0.1498 0.1028 0.0886 0.1195 0.2416 0.1673 
   NS_SS0737  2 0.2676 0.2932 0.1358 0.0797 0.0638 0.0983 0.0617 
   NS_SS0732  2 0.1613 0.1018 0.0643 0.1480 0.1960 0.2756 0.0530 
   NS_SS0728  2 0.2511 0.1355 0.1304 0.0883 0.1145 0.1843 0.0960 
   NS_SS0735  2 0.2613 0.1686 0.0542 0.1406 0.0939 0.2004 0.0809 
   NS_SS0725  2 0.1262 0.2191 0.2186 0.0932 0.0596 0.1908 0.0925 
   NS_SS0788  2 0.1462 0.0977 0.2458 0.0861 0.2277 0.1009 0.0957 
   NS_SS0778  2 0.1327 0.0706 0.1941 0.0809 0.2761 0.1338 0.1118 
   NS_SS0792  2 0.2281 0.0861 0.0795 0.1392 0.1243 0.2194 0.1233 
   NS_SS0943  2 0.0900 0.0516 0.0810 0.2557 0.0767 0.1953 0.2497 
   NS_SS0791  2 0.3028 0.0940 0.1006 0.0604 0.0818 0.2016 0.1588 
   NS_SS0790  2 0.0937 0.1805 0.0823 0.2318 0.0971 0.2744 0.0403 
   NS_SS0731  2 0.0660 0.2135 0.0842 0.1025 0.1970 0.2663 0.0705 
   NS_SS0727  2 0.2945 0.1968 0.0552 0.0838 0.0687 0.0924 0.2086 
   NS_SS0779  2 0.1428 0.1290 0.1377 0.1201 0.2511 0.1280 0.0912 
   NS_SS0776  2 0.1245 0.2427 0.1623 0.0887 0.1049 0.1266 0.1503 
   NS_SS0775  2 0.1629 0.3579 0.0926 0.0908 0.0847 0.1362 0.0749 
   NS_SS0965  3 0.0990 0.0794 0.1569 0.1580 0.2191 0.2139 0.0736 
   NS_SS0754  3 0.1861 0.0679 0.1011 0.0829 0.1128 0.2532 0.1959 
   NS_SS0838  3 0.1363 0.1778 0.1978 0.1323 0.1097 0.1046 0.1415 
   NS_SS0839  3 0.1666 0.2382 0.1709 0.1152 0.0811 0.1589 0.0692 
   NS_SS0832  3 0.0927 0.1631 0.1323 0.2642 0.1315 0.1672 0.0490 
   NS_SS0820  3 0.1318 0.1018 0.2065 0.1258 0.1741 0.2084 0.0514 
   NS_SS0886  3 0.1395 0.1101 0.1341 0.0895 0.1659 0.1876 0.1733 
   NS_SS0748  3 0.0867 0.1061 0.1157 0.2119 0.2420 0.1097 0.1278 
   NS_SS0884  3 0.2005 0.1113 0.1243 0.1595 0.1270 0.1452 0.1322 
   NS_SS0752  3 0.2346 0.1836 0.1231 0.1468 0.0906 0.1098 0.1116 
   NS_SS0862  3 0.1773 0.0725 0.0774 0.1637 0.1242 0.3324 0.0525 
   NS_SS0787  3 0.0776 0.1013 0.0914 0.1154 0.1300 0.1025 0.3819 
   NS_SS0843  3 0.1869 0.1078 0.0801 0.1456 0.2402 0.1564 0.0829 
   NS_SS0856  3 0.2331 0.2323 0.1307 0.0530 0.1236 0.1017 0.1257 
   NS_SS0846  3 0.1859 0.0889 0.1466 0.2399 0.1363 0.0659 0.1365 
   NS_SS0825  3 0.0698 0.0647 0.2971 0.1091 0.1152 0.2196 0.1246 
   NS_SS0757  3 0.0961 0.0953 0.1005 0.1702 0.1841 0.2048 0.1490 
   NS_SS0876  3 0.1769 0.1645 0.0963 0.1590 0.1152 0.1780 0.1102 
   NS_SS0903  3 0.3617 0.1057 0.0915 0.2448 0.0712 0.0714 0.0537 
   NS_SS0875  3 0.0762 0.2357 0.1717 0.1031 0.1693 0.1267 0.1173 
   NS_SS0740  3 0.1557 0.1449 0.0870 0.1604 0.2129 0.1461 0.0931 
   NS_SS0811  3 0.0799 0.2505 0.0858 0.1286 0.1108 0.2810 0.0635 
   NS_SS0751  3 0.1257 0.2305 0.1942 0.0852 0.1602 0.0996 0.1044 
   NS_SS0891  3 0.1227 0.1957 0.2221 0.1164 0.0884 0.1284 0.1263 
   NS_SS0867  3 0.0827 0.0410 0.1102 0.2953 0.1483 0.1795 0.1430 
   NS_SS0890  3 0.1813 0.1514 0.1167 0.1566 0.2086 0.0919 0.0934 
   NS_SS0866  3 0.1214 0.0914 0.1118 0.1017 0.0645 0.1300 0.3793 
   NS_SS0755  3 0.1080 0.1264 0.1281 0.1928 0.1147 0.2211 0.1089 
   NS_SS0758  3 0.2483 0.1302 0.1181 0.1390 0.1518 0.1030 0.1096 
   NS_SS0840  3 0.1063 0.1555 0.2421 0.2169 0.0804 0.1482 0.0506 
   NS_SS0889  3 0.0824 0.0884 0.0934 0.1257 0.0813 0.2485 0.2803 
   NS_SS1010  3 0.0893 0.1603 0.1919 0.1411 0.2159 0.0998 0.1017 
   NS_SS0888  3 0.2641 0.0999 0.0553 0.0638 0.0710 0.1563 0.2895 
   NS_SS0837  3 0.0994 0.1157 0.0786 0.2226 0.1390 0.2760 0.0685 
   NS_SS0794  3 0.1541 0.1899 0.0587 0.1020 0.0895 0.1239 0.2819 
   NS_SS0823  3 0.1395 0.1599 0.1403 0.2904 0.0769 0.1092 0.0838 
   NS_SS0829  3 0.0579 0.0752 0.0709 0.1886 0.1049 0.1907 0.3118 
   NS_SS0844  3 0.1766 0.0561 0.0656 0.4504 0.0965 0.1146 0.0401 
   NS_SS1008  3 0.1393 0.2348 0.0715 0.1144 0.0966 0.1063 0.2371 
   NS_SS0881  3 0.0795 0.1459 0.2584 0.0851 0.1481 0.1114 0.1716 
   NS_SS0834  3 0.1572 0.2334 0.2298 0.1107 0.0737 0.1176 0.0777 
   NS_SS0744  3 0.2086 0.0728 0.1813 0.1408 0.0885 0.1783 0.1298 
   NS_SS0899  3 0.0647 0.2052 0.0808 0.2110 0.1139 0.2517 0.0727 
   NS_SS0804  3 0.1374 0.1245 0.1385 0.1789 0.1751 0.2056 0.0400 
   NS_SS0781  3 0.0834 0.1734 0.2286 0.2057 0.1721 0.0820 0.0548 
   NS_SS0822  3 0.2044 0.1179 0.0687 0.2034 0.0928 0.1486 0.1642 
   NS_SS1004  3 0.1248 0.0992 0.1164 0.2546 0.1854 0.1311 0.0885 
   NS_SS0746  3 0.0994 0.1278 0.1228 0.2680 0.1381 0.0812 0.1628 
   NS_SS0880  3 0.1320 0.1295 0.1729 0.2513 0.0648 0.1550 0.0945 
   NS_SS0879  3 0.1453 0.1686 0.1080 0.1829 0.0612 0.1964 0.1376 
   NS_SS0753  3 0.1029 0.0871 0.0708 0.1860 0.2068 0.1526 0.1938 
   NS_SS1007  3 0.2899 0.2101 0.1442 0.0545 0.1483 0.0592 0.0938 
   NS_SS0872  3 0.1649 0.2032 0.1499 0.1623 0.1353 0.1041 0.0801 
   NS_SS1005  3 0.1032 0.1598 0.1613 0.2726 0.1370 0.0862 0.0798 
   NS_SS0892  3 0.1100 0.1663 0.1242 0.1243 0.2115 0.1409 0.1229 
   NS_SS0898  3 0.0882 0.1137 0.1358 0.1791 0.1388 0.1550 0.1894 
   NS_SS0801  3 0.0772 0.1239 0.0924 0.1625 0.2161 0.2122 0.1157 
   NS_SS0827  3 0.0588 0.1407 0.0624 0.0854 0.4504 0.1061 0.0962 
   NS_SS0853  3 0.0918 0.2019 0.0579 0.0956 0.2453 0.1752 0.1323 
   NS_SS0780  3 0.1363 0.1340 0.1993 0.0986 0.1908 0.1690 0.0719 
   NS_SS0826  3 0.0513 0.0560 0.3206 0.2207 0.0972 0.1123 0.1419 
   NS_SS0818  3 0.1527 0.1798 0.1860 0.1453 0.1373 0.1408 0.0582 
   NS_SS0745  3 0.0626 0.4289 0.1231 0.0495 0.0621 0.1963 0.0776 
   NS_SS0849  3 0.0463 0.1011 0.1188 0.1248 0.1611 0.3766 0.0714 
   NS_SS0739  3 0.1565 0.1461 0.2066 0.0544 0.1528 0.1824 0.1013 
   NS_SS0799  3 0.2958 0.1244 0.0440 0.1103 0.1673 0.1168 0.1414 
   NS_SS0756  3 0.0749 0.1118 0.1910 0.3030 0.1153 0.1360 0.0680 
   NS_SS0802  3 0.1729 0.1152 0.1766 0.0965 0.2355 0.0644 0.1389 
   NS_SS0747  3 0.1565 0.1117 0.1549 0.2009 0.1732 0.0939 0.1090 
   NS_SS0835  3 0.1557 0.0827 0.0987 0.0979 0.2546 0.0595 0.2509 
   NS_SS0742  3 0.2074 0.1034 0.1587 0.1526 0.1519 0.1562 0.0699 
   NS_SS0760  3 0.1017 0.1388 0.0988 0.1332 0.1294 0.0825 0.3155 
   NS_SS0803  3 0.2914 0.0724 0.0509 0.3715 0.0718 0.0901 0.0520 
   NS_SS0828  3 0.1217 0.1319 0.0986 0.1083 0.2150 0.2113 0.1132 
   NS_SS0865  3 0.0994 0.0624 0.1830 0.1635 0.0888 0.2557 0.1471 
   NS_SS0759  3 0.1407 0.2291 0.1049 0.1360 0.1376 0.1764 0.0754 
   NS_SS0851  3 0.0470 0.1453 0.1301 0.0907 0.0730 0.4364 0.0775 
   NS_SS0874  3 0.1294 0.1397 0.0847 0.3242 0.1629 0.0950 0.0640 
   NS_SS0761  3 0.0837 0.0536 0.1441 0.1734 0.1401 0.1645 0.2405 
   NS_SS0842  3 0.1083 0.2054 0.0894 0.1582 0.1172 0.1061 0.2153 
   NS_SS0785  3 0.1759 0.1064 0.0875 0.1956 0.1329 0.1429 0.1588 
   NS_SS0860  3 0.1288 0.0881 0.0873 0.1398 0.1745 0.0829 0.2987 
   NS_SS0897  3 0.1045 0.0998 0.0776 0.0923 0.0976 0.1776 0.3506 
   NS_SS0841  3 0.0810 0.2442 0.0880 0.1551 0.1167 0.2427 0.0723 
   NS_SS0797  3 0.0696 0.0835 0.1530 0.1354 0.1639 0.2142 0.1804 
   NS_SS0830  3 0.1095 0.1137 0.1622 0.1371 0.1269 0.2000 0.1506 
   NS_SS1011  3 0.1132 0.0682 0.3065 0.1848 0.0866 0.1643 0.0765 
   NS_SS0883  3 0.1587 0.1334 0.0585 0.1232 0.1797 0.1946 0.1519 
   NS_SS0782  3 0.2288 0.2101 0.0857 0.1258 0.0668 0.1085 0.1744 
   NS_SS0831  3 0.0970 0.0852 0.0752 0.1066 0.0885 0.2796 0.2678 
   NS_SS0749  3 0.1913 0.1229 0.1142 0.0800 0.1032 0.2357 0.1528 
   NS_SS0854  3 0.3268 0.1271 0.0781 0.1033 0.1040 0.1388 0.1220 
   HI_SS0193  4 0.1509 0.1096 0.1657 0.0678 0.0584 0.2249 0.2226 
   HI_SS0194  4 0.1128 0.2095 0.2967 0.0997 0.0635 0.0952 0.1226 
   HI_SS0195  4 0.0988 0.1531 0.2381 0.0605 0.1193 0.2824 0.0478 
   HI_SS0196  4 0.2161 0.2332 0.1043 0.1014 0.0665 0.1059 0.1727 
   HI_SS0197  4 0.0788 0.0931 0.4936 0.0700 0.1319 0.0510 0.0816 
   HI_SS0198  4 0.1553 0.0973 0.1212 0.0862 0.1545 0.2471 0.1383 
   HI_SS0199  4 0.3282 0.1345 0.0702 0.1077 0.0805 0.0890 0.1899 
   HI_SS0201  4 0.0972 0.0427 0.0806 0.1696 0.2287 0.1575 0.2237 
   HI_SS0215  4 0.0904 0.0677 0.1203 0.1347 0.2534 0.1216 0.2118 
   HI_SS0218  4 0.1607 0.1109 0.0637 0.0716 0.0612 0.1922 0.3397 
   HI_SS0222  4 0.1672 0.1711 0.1698 0.0587 0.1055 0.1950 0.1328 
   HI_SS0230  4 0.0553 0.1644 0.2002 0.1225 0.2963 0.0792 0.0821 
   HI_SS0234  4 0.3312 0.0867 0.1977 0.1106 0.1266 0.0574 0.0897 
   HI_SS0240  4 0.3659 0.1698 0.1027 0.0690 0.0941 0.1158 0.0826 
   HI_SS0241  4 0.1309 0.0814 0.1315 0.1261 0.2062 0.1229 0.2010 
   HI_SS0242  4 0.1362 0.0924 0.1192 0.2089 0.1080 0.1833 0.1519 
   HI_SS0247  4 0.0620 0.0961 0.1967 0.3333 0.0819 0.1269 0.1031 
   HI_SS0248  4 0.2191 0.1744 0.0423 0.1381 0.1384 0.0672 0.2206 
   HI_SS0252  4 0.2061 0.1671 0.0922 0.1637 0.0753 0.2051 0.0906 
   HI_SS0254  4 0.1404 0.0824 0.2183 0.1364 0.2272 0.0696 0.1256 
   HI_SS0256  4 0.1634 0.1700 0.1699 0.2104 0.1270 0.1305 0.0289 
   HI_SS0257  4 0.1778 0.0537 0.1629 0.2115 0.1107 0.0505 0.2327 
   HI_SS0258  4 0.1273 0.1145 0.0795 0.1385 0.1603 0.1290 0.2509 
   HI_SS0259  4 0.1402 0.1488 0.3002 0.0794 0.0909 0.1475 0.0930 
   HI_SS0260  4 0.1746 0.2072 0.0725 0.0869 0.1276 0.0821 0.2491 
   HI_SS0261  4 0.1032 0.1044 0.2506 0.1967 0.1050 0.0691 0.1710 
   HI_SS0262  4 0.1762 0.1370 0.1134 0.1067 0.1163 0.2485 0.1019 
   HI_SS0264  4 0.0512 0.2384 0.1953 0.1102 0.1808 0.1152 0.1089 
   HI_SS0265  4 0.0951 0.1011 0.2035 0.1016 0.2113 0.2036 0.0839 
   HI_SS0268  4 0.0754 0.2029 0.2028 0.0429 0.2464 0.1004 0.1291 
   HI_SS0269  4 0.2540 0.0464 0.1473 0.1119 0.0873 0.0654 0.2876 
   HI_SS0273  4 0.0962 0.0844 0.1355 0.2192 0.0892 0.1244 0.2510 
   HI_SS0277  4 0.1114 0.0572 0.4074 0.1295 0.1039 0.1140 0.0765 
   HI_SS0280  4 0.1149 0.1812 0.1269 0.0631 0.0864 0.2713 0.1563 
   HI_SS0282  4 0.1476 0.0795 0.0816 0.2305 0.0867 0.1793 0.1948 
   HI_SS0286  4 0.1980 0.0580 0.1157 0.0693 0.2332 0.2101 0.1158 
   NS_SS1252  5 0.1451 0.0844 0.0578 0.1348 0.1355 0.1025 0.3399 
   NS_SS1261  5 0.1879 0.1306 0.1817 0.1495 0.1213 0.1077 0.1213 
   NS_SS1225  5 0.0946 0.0644 0.1083 0.3190 0.1699 0.0789 0.1649 
   NS_SS1266  5 0.1123 0.1112 0.1020 0.4035 0.0870 0.1342 0.0497 
   NS_SS1228  5 0.1298 0.1460 0.1264 0.0871 0.0835 0.3336 0.0936 
   NS_SS1255  5 0.1788 0.3186 0.0784 0.1391 0.0338 0.0778 0.1734 
   NS_SS1267  5 0.1408 0.0695 0.0871 0.0492 0.2293 0.1203 0.3038 
   NS_SS1238  5 0.0817 0.1325 0.2796 0.0887 0.0907 0.1663 0.1604 
   NS_SS1233  5 0.0365 0.1885 0.0989 0.3879 0.0937 0.1104 0.0841 
   NS_SS1277  5 0.2349 0.1673 0.0902 0.0625 0.0984 0.1378 0.2089 
   NS_SS1245  5 0.1232 0.1277 0.1344 0.2292 0.1560 0.0756 0.1539 
   NS_SS1240  5 0.1508 0.0702 0.1185 0.0594 0.2798 0.0500 0.2712 
   NS_SS1275  5 0.0875 0.0982 0.3891 0.1217 0.0584 0.1934 0.0517 
   NS_SS1235  5 0.2829 0.1299 0.1509 0.2067 0.0781 0.0466 0.1049 
   NS_SS1263  5 0.1170 0.2427 0.0957 0.2873 0.0783 0.1029 0.0761 
   NS_SS1251  5 0.1020 0.1406 0.1475 0.2958 0.1540 0.0855 0.0746 
   NS_SS1248  5 0.0400 0.1077 0.1128 0.0737 0.1170 0.4052 0.1436 
   NS_SS1244  5 0.1179 0.0439 0.3439 0.1818 0.0683 0.1286 0.1157 
   NS_SS1257  5 0.1716 0.1114 0.0808 0.1073 0.1498 0.1351 0.2440 
   NS_SS1242  5 0.0775 0.3017 0.1288 0.1757 0.0891 0.1336 0.0936 
   NS_SS1271  5 0.2094 0.0613 0.1024 0.0749 0.1153 0.1301 0.3065 
   NS_SS1265  5 0.0592 0.1197 0.1546 0.1327 0.1653 0.0962 0.2722 
   NS_SS1243  5 0.1225 0.2173 0.0671 0.0921 0.1255 0.2708 0.1047 
   NS_SS1273  5 0.0932 0.3565 0.1174 0.1554 0.0901 0.1094 0.0780 
   NS_SS1254  5 0.0967 0.1924 0.0738 0.3392 0.1121 0.0935 0.0923 
   NS_SS1224  5 0.1083 0.1347 0.1091 0.2562 0.0721 0.2364 0.0832 
   NS_SS1227  5 0.1376 0.1218 0.1151 0.0716 0.3538 0.0523 0.1476 
   NS_SS1274  5 0.1957 0.1328 0.1106 0.1212 0.1058 0.1479 0.1860 
   NS_SS1241  5 0.1596 0.0816 0.1246 0.2028 0.1142 0.1496 0.1676 
   NS_SS1256  5 0.0645 0.1047 0.1992 0.2786 0.1229 0.0624 0.1677 
   NS_SS1260  5 0.2627 0.0997 0.0748 0.1200 0.1159 0.0976 0.2293 
   NS_SS1262  5 0.1308 0.0638 0.1363 0.2053 0.1427 0.1651 0.1560 
   NS_SS1230  5 0.0771 0.1925 0.1228 0.1601 0.0999 0.1327 0.2149 
   NS_SS1270  5 0.0551 0.0698 0.1320 0.2441 0.1376 0.2845 0.0769 
   NS_SS1229  5 0.3139 0.1202 0.2625 0.1174 0.0748 0.0489 0.0623 
   NS_SS1246  5 0.2459 0.0700 0.2515 0.0638 0.0857 0.0885 0.1947 
   NS_SS1269  5 0.1396 0.1754 0.1151 0.1599 0.1279 0.1710 0.1112 
   NS_SS1239  5 0.3257 0.1051 0.0685 0.0709 0.0991 0.2719 0.0588 
   NS_SS1272  5 0.0750 0.0741 0.3692 0.1289 0.2020 0.0800 0.0708 
   NS_SS1268  5 0.0564 0.1172 0.0530 0.2472 0.1374 0.3095 0.0794 
   NS_SS1249  5 0.2315 0.0911 0.0699 0.1197 0.0490 0.0983 0.3404 
   HI_SS0559  6 0.1306 0.1649 0.0550 0.1326 0.1518 0.2127 0.1524 
   HI_SS0563  6 0.2324 0.0834 0.1508 0.1838 0.1175 0.1204 0.1116 
   HI_SS0564  6 0.1391 0.0956 0.2238 0.1584 0.1189 0.1601 0.1041 
   HI_SS0565  6 0.0887 0.0965 0.1724 0.1348 0.2985 0.0698 0.1392 
   HI_SS0569  6 0.0571 0.0513 0.0841 0.2504 0.3074 0.0780 0.1717 
   HI_SS0570  6 0.1320 0.1002 0.1501 0.0530 0.1254 0.1736 0.2657 
   HI_SS0572  6 0.2663 0.2315 0.1168 0.1226 0.1188 0.0812 0.0629 
   HI_SS0576  6 0.1212 0.1956 0.1470 0.0922 0.1118 0.2523 0.0800 
   HI_SS0579  6 0.1967 0.0649 0.0592 0.2916 0.1662 0.0754 0.1461 
   HI_SS0580  6 0.1736 0.2102 0.0677 0.0978 0.1361 0.1172 0.1974 
   HI_SS0581  6 0.0908 0.1054 0.3167 0.0724 0.0887 0.2624 0.0635 
   HI_SS0583  6 0.1178 0.1715 0.0808 0.1302 0.2795 0.0442 0.1759 
   HI_SS0586  6 0.0589 0.1210 0.0683 0.0612 0.3255 0.1024 0.2626 
   HI_SS0588  6 0.1386 0.0998 0.0573 0.1585 0.3189 0.0874 0.1396 
   HI_SS0595  6 0.0954 0.1207 0.2663 0.1042 0.1644 0.0536 0.1954 
   HI_SS0596  6 0.2150 0.3417 0.0638 0.1331 0.1010 0.0763 0.0690 
   HI_SS0597  6 0.1268 0.2150 0.2236 0.1481 0.1365 0.0677 0.0824 
   HI_SS0600  6 0.2633 0.0672 0.1671 0.0925 0.1216 0.1442 0.1441 
   HI_SS0601  6 0.1342 0.0483 0.1514 0.1999 0.2424 0.1357 0.0881 
   HI_SS0602  6 0.0737 0.1643 0.0571 0.0565 0.3490 0.1220 0.1775 
   HI_SS0604  6 0.0999 0.1324 0.0781 0.1841 0.1944 0.1982 0.1130 
   HI_SS0605  6 0.1901 0.0797 0.0690 0.0801 0.1330 0.2966 0.1515 
   HI_SS0608  6 0.0942 0.2507 0.1171 0.0735 0.2201 0.1251 0.1193 
   HI_SS0609  6 0.0972 0.1719 0.1475 0.2936 0.1339 0.0670 0.0889 
   HI_SS0611  6 0.0993 0.1125 0.0557 0.0676 0.2090 0.2392 0.2168 
   HI_SS0612  6 0.2355 0.0716 0.0810 0.3800 0.0573 0.0452 0.1293 
   HI_SS0613  6 0.0698 0.1346 0.0667 0.1274 0.1213 0.3651 0.1152 
   HI_SS0615  6 0.2216 0.2077 0.1614 0.0789 0.1051 0.1730 0.0523 
   HI_SS0001  6 0.1885 0.1763 0.1948 0.0929 0.0674 0.0872 0.1929 
   HI_SS0002  6 0.1096 0.1745 0.1265 0.2456 0.2055 0.0804 0.0579 
   HI_SS0004  6 0.1331 0.1851 0.1023 0.0723 0.1140 0.1393 0.2538 
   HI_SS0005  6 0.0729 0.1386 0.1485 0.0765 0.1422 0.3227 0.0986 
   HI_SS0006  6 0.1172 0.0769 0.1713 0.2188 0.1312 0.0775 0.2070 
   HI_SS0007  6 0.1315 0.0864 0.0580 0.0668 0.0745 0.3698 0.2130 
   HI_SS0008  6 0.0929 0.0923 0.1658 0.1087 0.3523 0.1170 0.0710 
   HI_SS0009  6 0.2038 0.1981 0.0579 0.0960 0.1640 0.2130 0.0671 
   HI_SS0010  6 0.0903 0.1440 0.1172 0.1109 0.2457 0.1465 0.1454 
   HI_SS0011  6 0.0363 0.0995 0.2471 0.3043 0.0729 0.1322 0.1077 
   HI_SS0012  6 0.2772 0.0990 0.1501 0.0756 0.2608 0.0985 0.0388 
   HI_SS0017  6 0.1710 0.2528 0.1907 0.0938 0.0648 0.1263 0.1006 
   HI_SS0021  6 0.0644 0.1675 0.1459 0.0851 0.2649 0.0675 0.2049 
   HI_SS0024  6 0.1669 0.1821 0.2292 0.0704 0.0739 0.1928 0.0848 
   HI_SS0025  6 0.1402 0.2896 0.0823 0.1533 0.0841 0.1527 0.0978 
   HI_SS0027  6 0.1273 0.1024 0.0521 0.1855 0.1751 0.1735 0.1842 
   HI_SS0028  6 0.0449 0.2133 0.2103 0.0673 0.2607 0.1614 0.0420 
   HI_SS0029  6 0.1637 0.2949 0.1562 0.0568 0.0748 0.0773 0.1764 
   HI_SS0030  6 0.2053 0.0900 0.1370 0.1225 0.1201 0.1811 0.1441 
   HI_SS0031  6 0.2176 0.1112 0.1643 0.1367 0.2449 0.0552 0.0702 
   HI_SS0034  6 0.1676 0.0841 0.0791 0.1940 0.0993 0.1217 0.2542 
   HI_SS0036  6 0.0958 0.0788 0.2319 0.0335 0.1198 0.1564 0.2839 
   HI_SS0037  6 0.0599 0.1621 0.0618 0.1181 0.1602 0.1508 0.2870 
   HI_SS0039  6 0.0641 0.1257 0.1259 0.0861 0.1126 0.2528 0.2328 
   HI_SS0041  6 0.1153 0.1693 0.1573 0.0606 0.0881 0.3157 0.0937 
   HI_SS0042  6 0.1101 0.2027 0.2424 0.1320 0.1155 0.1237 0.0736 
   HI_SS0043  6 0.1182 0.0490 0.1953 0.0666 0.1508 0.1172 0.3030 
   HI_SS0044  6 0.1981 0.2916 0.0832 0.0605 0.0709 0.0686 0.2271 
   HI_SS0047  6 0.1619 0.1518 0.1229 0.1388 0.1315 0.2086 0.0845 
   HI_SS0049  6 0.1152 0.2732 0.0948 0.1685 0.1422 0.0923 0.1138 
   HI_SS0051  6 0.1043 0.0600 0.0608 0.1923 0.1519 0.3410 0.0896 
   HI_SS0053  6 0.1170 0.0650 0.2349 0.0989 0.1361 0.0927 0.2554 
   HI_SS0054  6 0.0693 0.0491 0.1079 0.2330 0.1585 0.1609 0.2213 
   HI_SS0057  6 0.0645 0.1351 0.2120 0.1305 0.0805 0.2501 0.1273 
   HI_SS0058  6 0.0991 0.1734 0.0663 0.1609 0.1491 0.1012 0.2500 
   HI_SS0060  6 0.1189 0.0696 0.1978 0.1192 0.1971 0.1876 0.1099 
   HI_SS0087  6 0.1218 0.0918 0.1961 0.1546 0.2129 0.0928 0.1301 
   HI_SS0091  6 0.1085 0.0550 0.2413 0.1127 0.1228 0.0626 0.2973 
   HI_SS0095  6 0.2258 0.0691 0.1578 0.1220 0.1502 0.1423 0.1328 
   HI_SS0097  6 0.1799 0.0587 0.0825 0.3523 0.1607 0.0916 0.0743 
   HI_SS0099  6 0.0665 0.3460 0.0916 0.0844 0.2172 0.0826 0.1118 
   HI_SS0103  6 0.2319 0.1638 0.1780 0.1177 0.0754 0.1165 0.1166 
   HI_SS0105  6 0.0959 0.0715 0.2564 0.1602 0.1499 0.1562 0.1099 
   HI_SS0107  6 0.2486 0.1918 0.2077 0.1308 0.0614 0.1047 0.0550 
   HI_SS0108  6 0.1224 0.0646 0.1041 0.1131 0.0904 0.1162 0.3892 
   HI_SS0110  6 0.1846 0.0860 0.3501 0.0899 0.0761 0.0659 0.1472 
   HI_SS0111  6 0.2293 0.0842 0.2062 0.0679 0.1799 0.1253 0.1071 
   HI_SS0112  6 0.1445 0.0911 0.1259 0.0829 0.1274 0.0880 0.3402 
   HI_SS0113  6 0.0919 0.2675 0.2508 0.1286 0.0729 0.1056 0.0827 
   HI_SS0114  6 0.0914 0.0844 0.0887 0.1260 0.2409 0.1760 0.1926 
   HI_SS0115  6 0.2633 0.1930 0.0366 0.1200 0.1730 0.1118 0.1023 
   HI_SS0116  6 0.1934 0.2493 0.0672 0.0803 0.1381 0.0424 0.2293 
   HI_SS0117  6 0.0851 0.0666 0.2638 0.2185 0.1352 0.0497 0.1810 
   HI_SS0118  6 0.1216 0.1486 0.1303 0.1916 0.1011 0.0758 0.2310 
   HI_SS0119  6 0.1536 0.0473 0.2414 0.1423 0.0938 0.1335 0.1881 
   HI_SS0120  6 0.1649 0.2061 0.3576 0.0875 0.0468 0.0786 0.0585 
   HI_SS0121  6 0.0470 0.0930 0.3447 0.1598 0.1440 0.1481 0.0634 
   HI_SS0122  6 0.1257 0.1207 0.2203 0.1031 0.0809 0.1738 0.1755 
   HI_SS0123  6 0.1317 0.1131 0.2203 0.2064 0.0977 0.0834 0.1473 
   HI_SS0124  6 0.1830 0.3165 0.0865 0.0969 0.1132 0.1369 0.0671 
   HI_SS0125  6 0.1971 0.1865 0.1724 0.0825 0.1670 0.1441 0.0504 
   HI_SS0126  6 0.1109 0.2050 0.1106 0.1005 0.0594 0.0811 0.3326 
   HI_SS0127  6 0.0803 0.0918 0.0684 0.1624 0.2113 0.3006 0.0853 
   HI_SS0128  6 0.1879 0.1636 0.2015 0.1573 0.0958 0.0729 0.1209 
   HI_SS0129  6 0.1353 0.1256 0.1656 0.0681 0.1044 0.1824 0.2186 
   HI_SS0131  6 0.0555 0.0965 0.0815 0.1887 0.2014 0.1671 0.2093 
   HI_SS0132  6 0.1096 0.1102 0.2542 0.1533 0.1213 0.1157 0.1357 
   HI_SS0133  6 0.1131 0.0885 0.1083 0.0813 0.0662 0.1339 0.4087 
   HI_SS0134  6 0.1318 0.1133 0.1306 0.1913 0.1753 0.1064 0.1513 
   HI_SS0142  6 0.1627 0.0628 0.1751 0.1824 0.2029 0.1217 0.0925 
   HI_SS0145  6 0.1780 0.1222 0.0864 0.2267 0.1159 0.0857 0.1850 
   HI_SS0146  6 0.1711 0.0985 0.0550 0.1977 0.1423 0.1543 0.1811 
   HI_SS0147  6 0.0781 0.0929 0.1211 0.1931 0.0598 0.3615 0.0934 
   HI_SS0149  6 0.0490 0.0753 0.4220 0.1656 0.0476 0.0674 0.1731 
   HI_SS0150  6 0.1436 0.1789 0.1641 0.1195 0.1339 0.1965 0.0635 
   HI_SS0151  6 0.3513 0.1066 0.0505 0.0969 0.0948 0.1845 0.1154 
   NS_SS1451  6 0.1833 0.2208 0.1538 0.0831 0.0754 0.2185 0.0651 
   NS_SS1404  6 0.0836 0.1608 0.1217 0.0968 0.0844 0.3327 0.1200 
   NS_SS1432  6 0.1243 0.2572 0.2947 0.0489 0.1141 0.0967 0.0641 
   NS_SS1405  6 0.1306 0.3331 0.0859 0.0953 0.1093 0.0792 0.1666 
   NS_SS1431  6 0.0888 0.2187 0.3274 0.1009 0.0775 0.1108 0.0759 
   NS_SS1402  6 0.2274 0.1024 0.1752 0.1238 0.1596 0.0925 0.1190 
   NS_SS1450  6 0.1713 0.1362 0.1270 0.0676 0.0544 0.1843 0.2591 
   NS_SS1396  6 0.1208 0.1801 0.1497 0.1286 0.1641 0.1383 0.1184 
   NS_SS1393  6 0.2337 0.1280 0.0755 0.0719 0.2742 0.1156 0.1011 
   NS_SS1392  6 0.2524 0.2179 0.1025 0.0506 0.0990 0.1873 0.0903 
   NS_SS1445  6 0.0622 0.0705 0.1488 0.1482 0.2593 0.1119 0.1992 
   NS_SS1423  6 0.2226 0.0964 0.2414 0.0975 0.1412 0.0594 0.1415 
   NS_SS1421  6 0.1458 0.0977 0.2376 0.1398 0.0816 0.1303 0.1672 
   NS_SS1411  6 0.0774 0.1149 0.0601 0.0655 0.1578 0.2916 0.2327 
   NS_SS1453  6 0.1475 0.0788 0.2831 0.0745 0.1040 0.1020 0.2101 
   NS_SS1442  6 0.1294 0.1421 0.0750 0.2084 0.2497 0.0906 0.1049 
   NS_SS1422  6 0.3089 0.0852 0.1195 0.2511 0.0649 0.0811 0.0893 
   NS_SS1419  6 0.0635 0.1229 0.0890 0.3234 0.1074 0.1874 0.1064 
   NS_SS1427  6 0.2715 0.1090 0.1387 0.0451 0.0765 0.0690 0.2901 
   NS_SS1444  6 0.0787 0.2000 0.0618 0.1620 0.2757 0.1450 0.0768 
   NS_SS1455  6 0.1341 0.2809 0.1316 0.2317 0.0985 0.0568 0.0663 
   NS_SS1425  6 0.0904 0.0606 0.0907 0.1595 0.1777 0.1227 0.2984 
   NS_SS1400  6 0.0572 0.1515 0.0792 0.2105 0.1115 0.1055 0.2845 
   NS_SS1406  6 0.0846 0.1476 0.2477 0.3006 0.1047 0.0670 0.0477 
   NS_SS1417  6 0.0885 0.1559 0.1724 0.1836 0.0791 0.1330 0.1875 
   NS_SS1454  6 0.0414 0.1274 0.2990 0.0884 0.0904 0.1176 0.2359 
   NS_SS1412  6 0.1053 0.1686 0.1202 0.0943 0.1060 0.2041 0.2015 
   NS_SS1438  6 0.1201 0.0439 0.0740 0.1462 0.2190 0.1780 0.2189 
   NS_SS1416  6 0.1135 0.1650 0.1519 0.1564 0.1139 0.1408 0.1585 
   NS_SS1401  6 0.1399 0.1017 0.2401 0.1384 0.1573 0.0894 0.1331 
   NS_SS1424  6 0.1363 0.0683 0.2332 0.1231 0.1141 0.1735 0.1515 
   NS_SS1435  6 0.1305 0.1990 0.1286 0.0476 0.2693 0.1270 0.0980 
   NS_SS1447  6 0.0746 0.1472 0.1212 0.1879 0.1529 0.2318 0.0845 
   NS_SS1414  6 0.0526 0.2500 0.0950 0.1895 0.1322 0.1903 0.0904 
   NS_SS1449  6 0.3417 0.0649 0.2328 0.0870 0.0547 0.1301 0.0887 
   NS_SS1443  6 0.2544 0.0865 0.0840 0.1728 0.1356 0.0582 0.2086 
   NS_SS1434  6 0.3209 0.2118 0.0799 0.1069 0.0675 0.0668 0.1462 
   NS_SS1398  6 0.1146 0.2820 0.1480 0.0910 0.1303 0.1101 0.1241 
   NS_SS1426  6 0.1432 0.0720 0.1139 0.0809 0.2607 0.0937 0.2355 
   NS_SS1413  6 0.1002 0.1878 0.1007 0.1647 0.0776 0.0976 0.2713 
   NS_SS1395  6 0.1834 0.0632 0.1295 0.0792 0.3240 0.0650 0.1557 
   NS_SS1448  6 0.0743 0.1497 0.1313 0.0700 0.0695 0.2921 0.2132 
   NS_SS1446  6 0.1957 0.0708 0.1556 0.1130 0.1203 0.1383 0.2063 
   NS_SS1403  6 0.1313 0.1263 0.2643 0.0696 0.2584 0.0808 0.0693 
   NS_SS1415  6 0.1196 0.1312 0.0912 0.1195 0.1515 0.1480 0.2390 
   NS_SS1437  6 0.0703 0.1360 0.2768 0.1114 0.1812 0.1147 0.1097 
   NS_SS1439  6 0.1833 0.1019 0.0974 0.1909 0.2329 0.0972 0.0963 
   NS_SS1441  6 0.1499 0.1831 0.0893 0.1530 0.1695 0.0572 0.1980 
   NS_SS1420  6 0.1310 0.1139 0.0547 0.0636 0.0705 0.4932 0.0732 
   NS_SS1394  6 0.0677 0.2097 0.1308 0.0645 0.2759 0.1845 0.0669 
   NS_SS1391  6 0.1863 0.2232 0.1213 0.0632 0.1410 0.0683 0.1968 
   NS_SS1410  6 0.1735 0.1257 0.2074 0.1111 0.1154 0.0960 0.1711 
   NS_SS1408  6 0.1296 0.0762 0.2464 0.1405 0.1757 0.1471 0.0845 
   NS_SS1409  6 0.2158 0.2325 0.1071 0.1127 0.0968 0.0588 0.1764 
   HI_SS0617  7 0.2864 0.1300 0.0830 0.0817 0.0569 0.1372 0.2248 
   HI_SS0618  7 0.2156 0.2050 0.0895 0.1110 0.1825 0.1273 0.0692 
   HI_SS0619  7 0.0938 0.3093 0.0990 0.0865 0.1122 0.1056 0.1934 
   HI_SS0620  7 0.2102 0.0547 0.0399 0.0579 0.0953 0.2796 0.2624 
   HI_SS0621  7 0.1958 0.1295 0.1679 0.1494 0.1244 0.1411 0.0919 
   HI_SS0622  7 0.0833 0.1328 0.1020 0.2604 0.0716 0.1791 0.1707 
   HI_SS0626  7 0.0525 0.1126 0.1305 0.0596 0.2521 0.2831 0.1096 
   HI_SS0627  7 0.1076 0.1395 0.3249 0.0769 0.1954 0.0898 0.0660 
   HI_SS0628  7 0.0691 0.1406 0.2197 0.0712 0.1460 0.1086 0.2447 
   HI_SS0629  7 0.1135 0.1104 0.1420 0.1243 0.2893 0.1012 0.1193 
   HI_SS0630  7 0.1487 0.1482 0.0617 0.1081 0.1878 0.1843 0.1612 
   HI_SS0631  7 0.1842 0.0925 0.1120 0.0848 0.1539 0.2028 0.1697 
   HI_SS0632  7 0.0777 0.0953 0.1503 0.1837 0.1170 0.2441 0.1318 
   HI_SS0633  7 0.2047 0.3346 0.0594 0.1210 0.0827 0.0605 0.1371 
   HI_SS0634  7 0.1006 0.0956 0.2266 0.0964 0.0999 0.2147 0.1663 
   HI_SS0635  7 0.0768 0.2054 0.1052 0.1482 0.2493 0.1504 0.0648 
   HI_SS0637  7 0.0828 0.0529 0.1342 0.2067 0.1461 0.2453 0.1321 
   HI_SS0638  7 0.1276 0.1856 0.1427 0.1330 0.0892 0.1499 0.1720 
   HI_SS0639  7 0.1527 0.1413 0.1110 0.1232 0.2287 0.1862 0.0569 
   HI_SS0640  7 0.1197 0.1188 0.0670 0.2207 0.2998 0.0923 0.0816 
   HI_SS0641  7 0.0640 0.1434 0.0574 0.0869 0.2415 0.2027 0.2040 
   HI_SS0642  7 0.1322 0.0923 0.4056 0.0871 0.1202 0.1018 0.0607 
   HI_SS0645  7 0.1040 0.2820 0.0596 0.1281 0.0764 0.2881 0.0618 
   HI_SS0646  7 0.2681 0.1430 0.1417 0.1458 0.1004 0.0826 0.1183 
   HI_SS0647  7 0.0862 0.2053 0.2341 0.1381 0.0804 0.1167 0.1392 
   HI_SS0648  7 0.1234 0.1586 0.1130 0.1588 0.1503 0.1518 0.1441 
   HI_SS0649  7 0.1884 0.1862 0.0820 0.1291 0.2474 0.0742 0.0927 
   HI_SS0650  7 0.2882 0.2134 0.1268 0.0701 0.1321 0.0993 0.0700 
   HI_SS0651  7 0.1985 0.1685 0.0741 0.1227 0.2503 0.0981 0.0877 
   HI_SS0652  7 0.0799 0.1853 0.0762 0.0816 0.1157 0.3838 0.0775 
   NS_SS1371  7 0.2818 0.0945 0.1488 0.0761 0.2371 0.0578 0.1040 
   NS_SS1374  7 0.0732 0.0996 0.2350 0.0568 0.1030 0.1837 0.2487 
   NS_SS1337  7 0.0914 0.0848 0.2822 0.0929 0.0500 0.3240 0.0748 
   NS_SS1385  7 0.1989 0.1716 0.1033 0.1623 0.1752 0.0986 0.0902 
   NS_SS1388  7 0.0709 0.3224 0.1109 0.0790 0.2164 0.0637 0.1367 
   NS_SS1370  7 0.1263 0.0550 0.0991 0.0804 0.0663 0.5238 0.0492 
   NS_SS1389  7 0.0641 0.3368 0.1252 0.0614 0.1767 0.1238 0.1121 
   NS_SS1360  7 0.0888 0.0954 0.0769 0.1364 0.3246 0.1373 0.1405 
   NS_SS1330  7 0.1681 0.1759 0.0787 0.1552 0.1327 0.2219 0.0676 
   NS_SS1328  7 0.1940 0.1606 0.1484 0.1130 0.0657 0.0586 0.2597 
   NS_SS1384  7 0.1287 0.0497 0.1477 0.1339 0.3506 0.1109 0.0784 
   NS_SS1381  7 0.3023 0.2547 0.0855 0.1398 0.0705 0.0946 0.0526 
   NS_SS1375  7 0.1596 0.3109 0.1207 0.0482 0.1180 0.1341 0.1084 
   NS_SS1319  7 0.1892 0.1161 0.2172 0.0803 0.1400 0.1393 0.1178 
   NS_SS1326  7 0.1120 0.2327 0.1050 0.0729 0.0917 0.0675 0.3182 
   NS_SS1341  7 0.1022 0.0504 0.2515 0.1294 0.2105 0.0870 0.1691 
   NS_SS1383  7 0.1198 0.0459 0.3525 0.0772 0.1607 0.1620 0.0819 
   NS_SS1318  7 0.1593 0.1527 0.0689 0.1375 0.1595 0.2154 0.1068 
   NS_SS1348  7 0.1381 0.0491 0.1182 0.1257 0.2814 0.1225 0.1649 
   NS_SS1363  7 0.1211 0.1505 0.1382 0.1906 0.0880 0.2108 0.1007 
   NS_SS1335  7 0.0897 0.0736 0.1178 0.2290 0.1990 0.1436 0.1472 
   NS_SS1358  7 0.1599 0.0488 0.1862 0.2521 0.0947 0.1127 0.1457 
   NS_SS1342  7 0.1344 0.0717 0.2717 0.1985 0.0887 0.0554 0.1796 
   NS_SS1320  7 0.1904 0.3740 0.0798 0.2143 0.0469 0.0545 0.0401 
   NS_SS1355  7 0.1288 0.1283 0.0952 0.2900 0.1591 0.1290 0.0696 
   NS_SS1345  7 0.1140 0.0738 0.0772 0.4843 0.0847 0.1107 0.0553 
   NS_SS1324  7 0.1704 0.1030 0.1054 0.1193 0.2375 0.0984 0.1659 
   NS_SS1347  7 0.2816 0.1120 0.1277 0.1245 0.1618 0.1090 0.0833 
   NS_SS1321  7 0.1052 0.0846 0.2464 0.0679 0.0958 0.1759 0.2241 
   NS_SS1333  7 0.0954 0.1317 0.2560 0.0401 0.1867 0.0799 0.2101 
   NS_SS1364  7 0.0525 0.0827 0.1101 0.2792 0.2545 0.0685 0.1524 
   NS_SS1379  7 0.2036 0.1779 0.1114 0.1459 0.1389 0.1159 0.1063 
   NS_SS1332  7 0.0676 0.1828 0.1197 0.0870 0.2080 0.0559 0.2790 
   NS_SS1338  7 0.1442 0.0737 0.0850 0.0689 0.3195 0.1710 0.1376 
   NS_SS1368  7 0.0532 0.1287 0.1616 0.2608 0.0995 0.0613 0.2350 
   NS_SS1354  7 0.1056 0.1580 0.1432 0.2246 0.1344 0.1188 0.1154 
   NS_SS1365  7 0.1071 0.1754 0.1692 0.1597 0.0898 0.1985 0.1003 
   NS_SS1380  7 0.0689 0.1846 0.1245 0.2432 0.1081 0.1872 0.0835 
   NS_SS1329  7 0.0756 0.1005 0.2674 0.2040 0.0862 0.0522 0.2142 
   NS_SS1362  7 0.1745 0.1039 0.1679 0.1296 0.2623 0.0782 0.0836 
   NS_SS1327  7 0.1161 0.0698 0.0965 0.0421 0.2539 0.0822 0.3395 
   NS_SS1350  7 0.3633 0.1636 0.0955 0.0514 0.0904 0.0796 0.1562 
   NS_SS1387  7 0.0910 0.1800 0.0792 0.0889 0.3106 0.1675 0.0829 
   NS_SS1369  7 0.0817 0.0707 0.1109 0.2724 0.0452 0.1820 0.2370 
   NS_SS1331  7 0.0515 0.2188 0.2156 0.0652 0.0730 0.1808 0.1952 
   NS_SS1357  7 0.3118 0.1583 0.1671 0.0860 0.0584 0.0493 0.1690 
   NS_SS1386  7 0.0535 0.0537 0.2684 0.1499 0.0823 0.0559 0.3362 
   NS_SS1353  7 0.1197 0.2659 0.1989 0.0903 0.1054 0.0879 0.1319 
   NS_SS1323  7 0.0929 0.1459 0.2588 0.2191 0.1014 0.1041 0.0778 
   HI_SS0296  8 0.1895 0.0893 0.0606 0.1211 0.0732 0.2641 0.2021 
   HI_SS0297  8 0.2209 0.1222 0.3575 0.0666 0.0915 0.0734 0.0680 
   HI_SS0299  8 0.1430 0.0667 0.1491 0.1836 0.1398 0.2073 0.1106 
   HI_SS0300  8 0.1181 0.0954 0.0727 0.2418 0.1398 0.2156 0.1166 
   HI_SS0301  8 0.0382 0.0665 0.1435 0.1091 0.3167 0.2625 0.0635 
   HI_SS0302  8 0.0902 0.0792 0.0634 0.1304 0.2002 0.2563 0.1803 
   HI_SS0303  8 0.0967 0.2370 0.0713 0.1096 0.1416 0.0599 0.2840 
   HI_SS0304  8 0.0592 0.2903 0.1603 0.0635 0.0691 0.1609 0.1968 
   HI_SS0306  8 0.0712 0.0896 0.1001 0.1050 0.0909 0.2673 0.2758 
   HI_SS0307  8 0.1022 0.1922 0.1155 0.1964 0.1494 0.1539 0.0905 
   HI_SS0308  8 0.1614 0.1098 0.1168 0.1625 0.3034 0.0795 0.0667 
   HI_SS0309  8 0.2105 0.0685 0.0853 0.2692 0.0908 0.1915 0.0843 
   HI_SS0310  8 0.0895 0.2577 0.0877 0.1234 0.2043 0.0956 0.1418 
   HI_SS0311  8 0.0693 0.0897 0.1726 0.1698 0.0984 0.2760 0.1241 
   HI_SS0314  8 0.1256 0.3320 0.1263 0.0995 0.0984 0.0510 0.1671 
   HI_SS0316  8 0.0890 0.1667 0.1107 0.1481 0.2116 0.0885 0.1854 
   HI_SS0317  8 0.1415 0.0757 0.2021 0.0982 0.2029 0.1925 0.0871 
   HI_SS0318  8 0.0992 0.0571 0.2009 0.0826 0.2669 0.1064 0.1869 
   HI_SS0319  8 0.1415 0.0706 0.0679 0.1840 0.2196 0.0440 0.2724 
   HI_SS0320  8 0.0639 0.2623 0.3303 0.0459 0.1243 0.0862 0.0870 
   HI_SS0321  8 0.2792 0.0516 0.1639 0.0539 0.2791 0.0897 0.0826 
   HI_SS0323  8 0.1504 0.1063 0.0752 0.0786 0.2177 0.1793 0.1925 
   HI_SS0325  8 0.0630 0.0778 0.1036 0.1244 0.0538 0.3141 0.2632 
   HI_SS0327  8 0.3962 0.0659 0.0973 0.1270 0.1395 0.0408 0.1333 
   HI_SS0329  8 0.0716 0.2041 0.2053 0.0986 0.1237 0.1855 0.1113 
   HI_SS0333  8 0.1485 0.1736 0.1302 0.1309 0.1900 0.1054 0.1216 
   HI_SS0334  8 0.1226 0.0617 0.1280 0.1672 0.1704 0.1560 0.1939 
   HI_SS0335  8 0.1834 0.0746 0.1388 0.2640 0.1216 0.1489 0.0687 
   HI_SS0339  8 0.0717 0.1438 0.0965 0.2642 0.2131 0.1307 0.0799 
   HI_SS0343  8 0.1597 0.1026 0.2183 0.2676 0.0914 0.0883 0.0722 
   HI_SS0344  8 0.1311 0.0558 0.1369 0.0791 0.1187 0.0985 0.3799 
   HI_SS0345  8 0.0509 0.1163 0.1976 0.2028 0.0746 0.2011 0.1567 
   HI_SS0346  8 0.0855 0.0798 0.3125 0.0612 0.1375 0.1639 0.1597 
   HI_SS0350  8 0.1271 0.2119 0.0515 0.3782 0.0675 0.1122 0.0515 
   HI_SS0351  8 0.1108 0.0743 0.1697 0.3023 0.1557 0.0982 0.0891 
   HI_SS0352  8 0.1257 0.1215 0.2066 0.2178 0.1047 0.1248 0.0989 
   HI_SS0362  8 0.0838 0.1674 0.0732 0.0959 0.1762 0.2834 0.1201 
   HI_SS0363  8 0.3113 0.0866 0.0671 0.1367 0.1381 0.0818 0.1784 
   HI_SS0365  8 0.2313 0.1526 0.0737 0.1585 0.1169 0.0663 0.2007 
   HI_SS0366  8 0.2050 0.0618 0.0659 0.1058 0.0962 0.1689 0.2963 
   HI_SS0367  8 0.0921 0.2867 0.1423 0.1861 0.1048 0.1001 0.0878 
   HI_SS0369  8 0.1029 0.1795 0.1273 0.1865 0.1410 0.1886 0.0742 
   HI_SS0370  8 0.3632 0.1277 0.1538 0.0829 0.1225 0.0647 0.0851 
   HI_SS0371  8 0.0754 0.1117 0.1227 0.1172 0.1881 0.1318 0.2531 
   HI_SS0373  8 0.1135 0.2573 0.0646 0.1282 0.1685 0.1125 0.1553 
   HI_SS0374  8 0.0930 0.2322 0.1290 0.1363 0.2442 0.0846 0.0808 
   HI_SS0377  8 0.0571 0.0604 0.1286 0.3491 0.0742 0.1657 0.1649 
   HI_SS0379  8 0.0634 0.0537 0.1767 0.0948 0.1742 0.0631 0.3742 
   HI_SS0380  8 0.1166 0.1701 0.1406 0.2037 0.1267 0.1276 0.1148 
   HI_SS0381  8 0.1324 0.0876 0.1527 0.2149 0.1856 0.1631 0.0637 
   HI_SS0384  8 0.1758 0.1633 0.2054 0.0499 0.0837 0.1219 0.1999 
   HI_SS0385  8 0.0395 0.2791 0.1120 0.0727 0.1930 0.0931 0.2106 
