

----------------------------------------------------
STRUCTURE by Pritchard, Stephens and Donnelly (2000)
     and Falush, Stephens and Pritchard (2003)
       Code by Pritchard, Falush and Hubisz
             Version 2.3.4 (Jul 2012)
----------------------------------------------------



Command line arguments:   /home/genobiwan/Documents/Programs/Structure/structure -m parameter_job_k7_r8 
Input File:    /media/genobiwan/Storage/Projets/Mackerel_NWA_2021/data_job_k7_r8

Run parameters:
   557 individuals
   3930 loci
   7 populations assumed
   100000 Burn-in period
   200000 Reps


--------------------------------------------
Proportion of membership of each pre-defined
 population in each of the 7 clusters

Given    Inferred Clusters                                   Number of
 Pop       1      2      3      4      5      6      7      Individuals

  1:     0.129  0.133  0.142  0.135  0.152  0.152  0.157       67
  2:     0.117  0.178  0.133  0.156  0.157  0.135  0.123       32
  3:     0.135  0.137  0.129  0.160  0.141  0.140  0.158       92
  4:     0.154  0.152  0.161  0.138  0.124  0.144  0.127       36
  5:     0.153  0.142  0.140  0.139  0.129  0.126  0.170       41
  6:     0.152  0.142  0.149  0.140  0.140  0.146  0.133      158
  7:     0.140  0.140  0.145  0.142  0.145  0.152  0.136       79
  8:     0.153  0.129  0.138  0.141  0.138  0.147  0.153       52
--------------------------------------------

Allele-freq. divergence among pops (Net nucleotide distance),
computed using point estimates of P.

      1       2       3       4       5       6       7      
 1      -    0.0067  0.0061  0.0063  0.0074  0.0048  0.0067  
 2   0.0067     -    0.0056  0.0064  0.0066  0.0053  0.0060  
 3   0.0061  0.0056     -    0.0050  0.0057  0.0041  0.0050  
 4   0.0063  0.0064  0.0050     -    0.0054  0.0043  0.0049  
 5   0.0074  0.0066  0.0057  0.0054     -    0.0051  0.0060  
 6   0.0048  0.0053  0.0041  0.0043  0.0051     -    0.0041  
 7   0.0067  0.0060  0.0050  0.0049  0.0060  0.0041     -    

Average distances (expected heterozygosity) between individuals in same cluster:
cluster  1  : 0.3068 
cluster  2  : 0.3111 
cluster  3  : 0.3110 
cluster  4  : 0.3091 
cluster  5  : 0.3083 
cluster  6  : 0.3135 
cluster  7  : 0.3086 

--------------------------------------------
Estimated Ln Prob of Data   = -2070918.3
Mean value of ln likelihood = -2059439.2
Variance of ln likelihood   = 22958.1
Mean value of alpha         = 1.7627

Mean value of Fst_1         = 0.0692
Mean value of Fst_2         = 0.0680
Mean value of Fst_3         = 0.0595
Mean value of Fst_4         = 0.0573
Mean value of Fst_5         = 0.0679
Mean value of Fst_6         = 0.0527
Mean value of Fst_7         = 0.0611


Inferred ancestry of individuals:
        Label (%Miss) Pop:  Inferred clusters
  1 NS_SS0963    (4)    1 :  0.065 0.145 0.217 0.172 0.054 0.169 0.178 
  2 NS_SS0983    (1)    1 :  0.173 0.166 0.083 0.108 0.043 0.315 0.113 
  3 NS_SS0719    (8)    1 :  0.121 0.135 0.164 0.185 0.102 0.193 0.100 
  4 NS_SS1001    (8)    1 :  0.094 0.183 0.110 0.164 0.222 0.065 0.162 
  5 NS_SS0936    (4)    1 :  0.095 0.188 0.235 0.071 0.129 0.062 0.220 
  6 NS_SS0955    (5)    1 :  0.151 0.140 0.146 0.196 0.045 0.147 0.174 
  7 NS_SS0944    (3)    1 :  0.195 0.110 0.101 0.169 0.093 0.073 0.260 
  8 NS_SS0945    (3)    1 :  0.198 0.091 0.167 0.082 0.241 0.079 0.143 
  9 NS_SS0922    (2)    1 :  0.072 0.207 0.168 0.168 0.169 0.118 0.098 
 10 NS_SS0929    (7)    1 :  0.180 0.138 0.143 0.090 0.104 0.153 0.192 
 11 NS_SS0956    (2)    1 :  0.071 0.120 0.103 0.316 0.183 0.101 0.108 
 12 NS_SS0906    (3)    1 :  0.172 0.096 0.122 0.092 0.123 0.126 0.270 
 13 NS_SS0721    (6)    1 :  0.089 0.128 0.116 0.299 0.098 0.200 0.072 
 14 NS_SS0982    (4)    1 :  0.081 0.087 0.114 0.143 0.145 0.260 0.171 
 15 NS_SS0923    (5)    1 :  0.103 0.128 0.136 0.108 0.210 0.150 0.164 
 16 NS_SS0905    (6)    1 :  0.090 0.117 0.048 0.074 0.216 0.290 0.164 
 17 NS_SS0925    (3)    1 :  0.053 0.244 0.103 0.151 0.094 0.135 0.220 
 18 NS_SS0947    (5)    1 :  0.110 0.193 0.157 0.110 0.143 0.070 0.217 
 19 NS_SS0926    (2)    1 :  0.251 0.048 0.232 0.077 0.105 0.183 0.103 
 20 NS_SS0918    (6)    1 :  0.078 0.057 0.120 0.121 0.172 0.097 0.355 
 21 NS_SS0966    (4)    1 :  0.085 0.124 0.156 0.098 0.138 0.157 0.243 
 22 NS_SS0938    (2)    1 :  0.084 0.160 0.388 0.093 0.115 0.073 0.087 
 23 NS_SS0917    (2)    1 :  0.180 0.157 0.113 0.103 0.155 0.240 0.051 
 24 NS_SS0957   (11)    1 :  0.127 0.069 0.149 0.208 0.202 0.118 0.127 
 25 NS_SS0987    (1)    1 :  0.099 0.056 0.088 0.289 0.167 0.186 0.115 
 26 NS_SS0717    (4)    1 :  0.074 0.144 0.055 0.152 0.267 0.160 0.148 
 27 NS_SS0986    (2)    1 :  0.167 0.043 0.143 0.181 0.168 0.171 0.128 
 28 NS_SS0953    (4)    1 :  0.092 0.192 0.055 0.128 0.157 0.082 0.294 
 29 NS_SS0907    (3)    1 :  0.110 0.093 0.079 0.077 0.114 0.233 0.294 
 30 NS_SS0974    (6)    1 :  0.160 0.212 0.088 0.079 0.167 0.089 0.205 
 31 NS_SS0989    (1)    1 :  0.220 0.207 0.221 0.091 0.065 0.138 0.059 
 32 NS_SS0991    (2)    1 :  0.163 0.053 0.060 0.229 0.063 0.218 0.214 
 33 NS_SS0994    (2)    1 :  0.359 0.158 0.097 0.077 0.102 0.121 0.086 
 34 NS_SS0931    (6)    1 :  0.213 0.052 0.196 0.149 0.072 0.180 0.138 
 35 NS_SS1000    (5)    1 :  0.111 0.128 0.137 0.087 0.257 0.079 0.200 
 36 NS_SS0919    (1)    1 :  0.121 0.076 0.162 0.060 0.080 0.356 0.146 
 37 NS_SS0949    (3)    1 :  0.178 0.222 0.137 0.165 0.055 0.168 0.075 
 38 NS_SS0960   (10)    1 :  0.183 0.120 0.078 0.119 0.136 0.184 0.179 
 39 NS_SS0716    (2)    1 :  0.096 0.052 0.061 0.157 0.465 0.120 0.048 
 40 NS_SS0924    (8)    1 :  0.126 0.145 0.107 0.131 0.092 0.224 0.174 
 41 NS_SS0935    (1)    1 :  0.198 0.116 0.054 0.154 0.104 0.263 0.111 
 42 NS_SS0952   (13)    1 :  0.194 0.097 0.109 0.072 0.100 0.233 0.195 
 43 NS_SS0962   (10)    1 :  0.083 0.085 0.268 0.100 0.205 0.153 0.107 
 44 NS_SS0973    (5)    1 :  0.093 0.237 0.072 0.147 0.071 0.157 0.223 
 45 NS_SS0722    (1)    1 :  0.074 0.175 0.092 0.087 0.267 0.067 0.238 
 46 NS_SS0979   (13)    1 :  0.080 0.075 0.136 0.179 0.213 0.168 0.149 
 47 NS_SS0993    (2)    1 :  0.057 0.201 0.150 0.138 0.125 0.106 0.223 
 48 NS_SS0958    (1)    1 :  0.261 0.102 0.103 0.083 0.197 0.122 0.132 
 49 NS_SS0988    (4)    1 :  0.138 0.060 0.200 0.079 0.145 0.196 0.181 
 50 NS_SS1003    (2)    1 :  0.052 0.052 0.329 0.241 0.056 0.163 0.107 
 51 NS_SS0976    (0)    1 :  0.208 0.074 0.267 0.116 0.063 0.106 0.166 
 52 NS_SS0964   (10)    1 :  0.068 0.191 0.077 0.204 0.258 0.092 0.111 
 53 NS_SS0939    (4)    1 :  0.073 0.067 0.164 0.182 0.402 0.067 0.044 
 54 NS_SS0990    (6)    1 :  0.197 0.050 0.274 0.108 0.219 0.088 0.063 
 55 NS_SS0984    (2)    1 :  0.061 0.162 0.189 0.080 0.275 0.098 0.136 
 56 NS_SS0980    (9)    1 :  0.077 0.312 0.066 0.069 0.124 0.097 0.255 
 57 NS_SS0978    (4)    1 :  0.119 0.172 0.138 0.091 0.142 0.164 0.175 
 58 NS_SS0951   (17)    1 :  0.160 0.061 0.056 0.224 0.138 0.178 0.182 
 59 NS_SS0913    (3)    1 :  0.110 0.109 0.103 0.232 0.229 0.093 0.124 
 60 NS_SS1002    (1)    1 :  0.068 0.076 0.339 0.055 0.132 0.115 0.214 
 61 NS_SS0948    (1)    1 :  0.143 0.090 0.149 0.101 0.129 0.163 0.225 
 62 NS_SS0916    (4)    1 :  0.126 0.312 0.162 0.102 0.105 0.122 0.071 
 63 NS_SS0995    (1)    1 :  0.078 0.296 0.093 0.117 0.183 0.140 0.093 
 64 NS_SS0927    (6)    1 :  0.154 0.201 0.099 0.063 0.137 0.274 0.073 
 65 NS_SS0992    (5)    1 :  0.167 0.249 0.180 0.081 0.118 0.080 0.125 
 66 NS_SS0912    (1)    1 :  0.171 0.049 0.124 0.219 0.146 0.179 0.112 
 67 NS_SS0981    (1)    1 :  0.072 0.054 0.183 0.155 0.145 0.185 0.206 
 68 NS_SS0729    (5)    2 :  0.245 0.309 0.092 0.062 0.051 0.101 0.139 
 69 NS_SS0967   (14)    2 :  0.068 0.146 0.170 0.096 0.104 0.220 0.197 
 70 NS_SS0941    (7)    2 :  0.101 0.229 0.206 0.133 0.133 0.110 0.088 
 71 NS_SS0768   (12)    2 :  0.113 0.088 0.128 0.275 0.125 0.124 0.147 
 72 NS_SS0726    (4)    2 :  0.159 0.314 0.210 0.082 0.044 0.091 0.100 
 73 NS_SS0763    (4)    2 :  0.176 0.161 0.102 0.104 0.118 0.214 0.125 
 74 NS_SS0730    (6)    2 :  0.083 0.133 0.148 0.120 0.262 0.151 0.103 
 75 NS_SS0774    (1)    2 :  0.064 0.226 0.151 0.065 0.247 0.060 0.186 
 76 NS_SS0723    (3)    2 :  0.043 0.191 0.163 0.126 0.152 0.178 0.147 
 77 NS_SS0940    (9)    2 :  0.164 0.182 0.189 0.121 0.166 0.102 0.076 
 78 NS_SS0762    (1)    2 :  0.056 0.210 0.086 0.118 0.292 0.080 0.158 
 79 NS_SS0766   (11)    2 :  0.135 0.190 0.096 0.124 0.254 0.143 0.058 
 80 NS_SS0724    (1)    2 :  0.083 0.154 0.112 0.231 0.113 0.121 0.186 
 81 NS_SS0769    (3)    2 :  0.101 0.082 0.136 0.126 0.188 0.259 0.108 
 82 NS_SS0777    (2)    2 :  0.198 0.057 0.129 0.127 0.141 0.201 0.147 
 83 NS_SS0734    (6)    2 :  0.162 0.143 0.104 0.233 0.154 0.116 0.088 
 84 NS_SS0737    (3)    2 :  0.062 0.298 0.174 0.104 0.227 0.058 0.077 
 85 NS_SS0732    (5)    2 :  0.058 0.146 0.062 0.281 0.136 0.170 0.148 
 86 NS_SS0728    (5)    2 :  0.099 0.257 0.137 0.194 0.137 0.091 0.085 
 87 NS_SS0735    (9)    2 :  0.085 0.273 0.068 0.219 0.121 0.084 0.149 
 88 NS_SS0725    (1)    2 :  0.093 0.171 0.258 0.188 0.132 0.063 0.095 
 89 NS_SS0788    (2)    2 :  0.095 0.129 0.223 0.091 0.114 0.267 0.081 
 90 NS_SS0778    (2)    2 :  0.122 0.110 0.190 0.128 0.086 0.276 0.088 
 91 NS_SS0792    (6)    2 :  0.131 0.204 0.078 0.206 0.106 0.130 0.144 
 92 NS_SS0943   (11)    2 :  0.238 0.094 0.086 0.214 0.051 0.092 0.225 
 93 NS_SS0791    (2)    2 :  0.161 0.281 0.111 0.202 0.105 0.075 0.065 
 94 NS_SS0790    (5)    2 :  0.043 0.095 0.085 0.264 0.187 0.106 0.221 
 95 NS_SS0731    (6)    2 :  0.074 0.064 0.078 0.270 0.235 0.178 0.101 
 96 NS_SS0727    (6)    2 :  0.204 0.325 0.080 0.100 0.140 0.070 0.081 
 97 NS_SS0779   (12)    2 :  0.105 0.136 0.138 0.137 0.142 0.214 0.127 
 98 NS_SS0776    (3)    2 :  0.155 0.137 0.175 0.131 0.217 0.100 0.085 
 99 NS_SS0775    (5)    2 :  0.075 0.169 0.103 0.124 0.360 0.071 0.099 
100 NS_SS0965    (3)    3 :  0.077 0.093 0.146 0.253 0.094 0.180 0.157 
101 NS_SS0754   (13)    3 :  0.196 0.165 0.104 0.251 0.077 0.126 0.082 
102 NS_SS0838    (5)    3 :  0.157 0.115 0.208 0.112 0.175 0.105 0.129 
103 NS_SS0839    (3)    3 :  0.067 0.165 0.185 0.141 0.245 0.071 0.125 
104 NS_SS0832    (4)    3 :  0.049 0.088 0.122 0.179 0.170 0.126 0.267 
105 NS_SS0820    (4)    3 :  0.048 0.125 0.187 0.230 0.096 0.205 0.108 
106 NS_SS0886    (9)    3 :  0.173 0.122 0.137 0.182 0.126 0.164 0.096 
107 NS_SS0748    (5)    3 :  0.141 0.077 0.116 0.108 0.133 0.220 0.204 
108 NS_SS0884    (9)    3 :  0.131 0.189 0.131 0.136 0.114 0.136 0.163 
109 NS_SS0752    (3)    3 :  0.108 0.237 0.136 0.103 0.169 0.108 0.139 
110 NS_SS0862    (1)    3 :  0.054 0.168 0.076 0.345 0.088 0.102 0.167 
111 NS_SS0787    (9)    3 :  0.372 0.072 0.090 0.102 0.128 0.134 0.102 
112 NS_SS0843    (6)    3 :  0.077 0.186 0.079 0.166 0.101 0.249 0.142 
113 NS_SS0856    (4)    3 :  0.126 0.246 0.121 0.102 0.208 0.141 0.055 
114 NS_SS0846    (2)    3 :  0.128 0.188 0.131 0.066 0.070 0.186 0.231 
115 NS_SS0825    (1)    3 :  0.123 0.071 0.286 0.218 0.063 0.120 0.118 
116 NS_SS0757    (3)    3 :  0.145 0.093 0.106 0.211 0.107 0.171 0.167 
117 NS_SS0876    (3)    3 :  0.105 0.198 0.098 0.194 0.122 0.127 0.156 
118 NS_SS0903    (9)    3 :  0.054 0.336 0.090 0.068 0.121 0.091 0.240 
119 NS_SS0875    (7)    3 :  0.125 0.072 0.147 0.119 0.266 0.156 0.115 
120 NS_SS0740    (5)    3 :  0.091 0.171 0.086 0.164 0.118 0.190 0.180 
121 NS_SS0811    (5)    3 :  0.062 0.070 0.074 0.258 0.324 0.087 0.127 
122 NS_SS0751    (1)    3 :  0.105 0.140 0.197 0.081 0.230 0.156 0.089 
123 NS_SS0891    (6)    3 :  0.128 0.145 0.234 0.117 0.172 0.093 0.111 
124 NS_SS0867    (2)    3 :  0.137 0.081 0.106 0.178 0.045 0.180 0.274 
125 NS_SS0890    (6)    3 :  0.098 0.159 0.113 0.091 0.167 0.214 0.158 
126 NS_SS0866   (11)    3 :  0.362 0.136 0.120 0.128 0.088 0.066 0.100 
127 NS_SS0755    (4)    3 :  0.103 0.096 0.117 0.221 0.137 0.138 0.188 
128 NS_SS0758    (4)    3 :  0.108 0.249 0.115 0.120 0.110 0.149 0.150 
129 NS_SS0840    (2)    3 :  0.054 0.100 0.223 0.154 0.171 0.086 0.211 
130 NS_SS0889    (4)    3 :  0.278 0.084 0.097 0.254 0.094 0.080 0.114 
131 NS_SS1010    (1)    3 :  0.101 0.081 0.143 0.092 0.194 0.251 0.137 
132 NS_SS0888    (5)    3 :  0.287 0.263 0.055 0.156 0.097 0.074 0.067 
133 NS_SS0837    (3)    3 :  0.072 0.090 0.073 0.270 0.137 0.140 0.218 
134 NS_SS0794    (9)    3 :  0.279 0.170 0.062 0.131 0.176 0.092 0.091 
135 NS_SS0823    (4)    3 :  0.084 0.162 0.144 0.110 0.123 0.071 0.304 
136 NS_SS0829    (7)    3 :  0.315 0.051 0.068 0.195 0.093 0.088 0.191 
137 NS_SS0844    (5)    3 :  0.041 0.158 0.055 0.117 0.066 0.139 0.422 
138 NS_SS1008    (5)    3 :  0.241 0.155 0.073 0.108 0.226 0.088 0.110 
139 NS_SS0881    (3)    3 :  0.162 0.077 0.251 0.108 0.155 0.155 0.092 
140 NS_SS0834    (6)    3 :  0.070 0.210 0.264 0.125 0.149 0.076 0.107 
141 NS_SS0744   (10)    3 :  0.116 0.203 0.173 0.178 0.073 0.109 0.148 
142 NS_SS0899    (7)    3 :  0.073 0.066 0.085 0.229 0.244 0.093 0.209 
143 NS_SS0804    (4)    3 :  0.042 0.136 0.144 0.217 0.123 0.154 0.184 
144 NS_SS0781   (10)    3 :  0.058 0.086 0.212 0.089 0.184 0.158 0.213 
145 NS_SS0822    (6)    3 :  0.160 0.223 0.097 0.165 0.070 0.083 0.203 
146 NS_SS1004    (4)    3 :  0.081 0.120 0.121 0.144 0.093 0.201 0.240 
147 NS_SS0746    (5)    3 :  0.156 0.111 0.124 0.093 0.107 0.136 0.272 
148 NS_SS0880    (3)    3 :  0.092 0.130 0.198 0.153 0.114 0.066 0.245 
149 NS_SS0879    (4)    3 :  0.134 0.174 0.128 0.207 0.119 0.066 0.173 
150 NS_SS0753    (2)    3 :  0.202 0.097 0.066 0.159 0.116 0.169 0.190 
151 NS_SS1007    (2)    3 :  0.095 0.292 0.151 0.059 0.195 0.150 0.057 
152 NS_SS0872    (5)    3 :  0.087 0.151 0.138 0.095 0.207 0.159 0.163 
153 NS_SS1005    (7)    3 :  0.082 0.101 0.158 0.088 0.151 0.150 0.270 
154 NS_SS0892    (6)    3 :  0.125 0.124 0.129 0.143 0.166 0.183 0.130 
155 NS_SS0898    (0)    3 :  0.200 0.093 0.138 0.135 0.124 0.126 0.184 
156 NS_SS0801    (9)    3 :  0.114 0.076 0.093 0.234 0.142 0.172 0.168 
157 NS_SS0827    (8)    3 :  0.097 0.048 0.066 0.107 0.213 0.391 0.078 
158 NS_SS0853    (6)    3 :  0.143 0.069 0.049 0.158 0.304 0.178 0.099 
159 NS_SS0780    (2)    3 :  0.069 0.137 0.200 0.185 0.127 0.177 0.105 
160 NS_SS0826   (10)    3 :  0.142 0.053 0.291 0.124 0.053 0.104 0.232 
161 NS_SS0818    (5)    3 :  0.057 0.172 0.179 0.136 0.202 0.118 0.136 
162 NS_SS0745    (1)    3 :  0.077 0.084 0.167 0.165 0.400 0.059 0.048 
163 NS_SS0849    (3)    3 :  0.074 0.042 0.127 0.351 0.119 0.172 0.114 
164 NS_SS0739    (3)    3 :  0.104 0.143 0.202 0.158 0.167 0.168 0.057 
165 NS_SS0799    (1)    3 :  0.141 0.277 0.049 0.115 0.141 0.174 0.104 
166 NS_SS0756    (2)    3 :  0.078 0.075 0.166 0.128 0.129 0.123 0.301 
167 NS_SS0802    (2)    3 :  0.132 0.162 0.162 0.068 0.101 0.276 0.099 
168 NS_SS0747    (6)    3 :  0.106 0.144 0.138 0.098 0.118 0.195 0.202 
169 NS_SS0835    (1)    3 :  0.230 0.150 0.089 0.063 0.082 0.292 0.093 
170 NS_SS0742   (18)    3 :  0.066 0.182 0.159 0.156 0.107 0.164 0.166 
171 NS_SS0760    (9)    3 :  0.316 0.096 0.089 0.079 0.149 0.138 0.132 
172 NS_SS0803    (4)    3 :  0.051 0.276 0.052 0.103 0.070 0.075 0.373 
173 NS_SS0828   (13)    3 :  0.119 0.121 0.104 0.214 0.156 0.179 0.107 
174 NS_SS0865    (2)    3 :  0.139 0.080 0.157 0.256 0.067 0.139 0.163 
175 NS_SS0759    (4)    3 :  0.074 0.152 0.121 0.179 0.217 0.122 0.135 
176 NS_SS0851    (5)    3 :  0.073 0.048 0.161 0.425 0.144 0.074 0.075 
177 NS_SS0874   (16)    3 :  0.069 0.128 0.089 0.104 0.138 0.145 0.326 
178 NS_SS0761    (6)    3 :  0.242 0.082 0.129 0.173 0.065 0.138 0.172 
179 NS_SS0842   (25)    3 :  0.212 0.105 0.085 0.104 0.225 0.117 0.151 
180 NS_SS0785    (6)    3 :  0.164 0.158 0.084 0.143 0.115 0.134 0.201 
181 NS_SS0860   (11)    3 :  0.288 0.128 0.078 0.072 0.077 0.221 0.136 
182 NS_SS0897    (7)    3 :  0.354 0.113 0.075 0.168 0.109 0.094 0.088 
183 NS_SS0841   (14)    3 :  0.074 0.087 0.102 0.236 0.244 0.093 0.164 
184 NS_SS0797    (6)    3 :  0.187 0.063 0.145 0.231 0.101 0.146 0.127 
185 NS_SS0830   (10)    3 :  0.157 0.102 0.144 0.199 0.130 0.122 0.146 
186 NS_SS1011    (5)    3 :  0.073 0.111 0.277 0.189 0.062 0.115 0.173 
187 NS_SS0883    (5)    3 :  0.144 0.124 0.053 0.173 0.188 0.186 0.132 
188 NS_SS0782    (2)    3 :  0.161 0.261 0.086 0.112 0.182 0.067 0.130 
189 NS_SS0831    (5)    3 :  0.259 0.085 0.082 0.280 0.103 0.085 0.107 
190 NS_SS0749    (7)    3 :  0.145 0.183 0.123 0.239 0.132 0.098 0.079 
191 NS_SS0854    (2)    3 :  0.119 0.338 0.089 0.161 0.081 0.105 0.107 
192 HI_SS0193    (0)    4 :  0.213 0.183 0.194 0.215 0.073 0.052 0.070 
193 HI_SS0194    (0)    4 :  0.110 0.158 0.347 0.098 0.121 0.065 0.101 
194 HI_SS0195    (9)    4 :  0.049 0.093 0.247 0.288 0.159 0.105 0.058 
195 HI_SS0196    (6)    4 :  0.167 0.224 0.104 0.108 0.221 0.065 0.112 
196 HI_SS0197    (3)    4 :  0.078 0.075 0.437 0.054 0.096 0.189 0.072 
197 HI_SS0198    (1)    4 :  0.147 0.140 0.113 0.243 0.117 0.152 0.087 
198 HI_SS0199    (1)    4 :  0.190 0.324 0.071 0.086 0.122 0.107 0.099 
199 HI_SS0201    (4)    4 :  0.230 0.076 0.077 0.173 0.047 0.237 0.160 
200 HI_SS0215    (1)    4 :  0.216 0.076 0.098 0.119 0.083 0.274 0.134 
201 HI_SS0218    (1)    4 :  0.348 0.165 0.072 0.156 0.121 0.061 0.076 
202 HI_SS0222    (0)    4 :  0.122 0.160 0.164 0.195 0.176 0.124 0.059 
203 HI_SS0230    (1)    4 :  0.081 0.048 0.174 0.070 0.200 0.312 0.114 
204 HI_SS0234    (1)    4 :  0.094 0.326 0.187 0.060 0.064 0.149 0.119 
205 HI_SS0240    (1)    4 :  0.089 0.367 0.105 0.120 0.153 0.097 0.068 
206 HI_SS0241    (0)    4 :  0.199 0.119 0.140 0.122 0.086 0.224 0.110 
207 HI_SS0242    (0)    4 :  0.166 0.129 0.115 0.174 0.098 0.100 0.218 
208 HI_SS0247    (0)    4 :  0.115 0.061 0.199 0.115 0.101 0.080 0.329 
209 HI_SS0248    (1)    4 :  0.219 0.237 0.047 0.071 0.150 0.119 0.156 
210 HI_SS0252    (2)    4 :  0.081 0.232 0.120 0.216 0.119 0.069 0.164 
211 HI_SS0254    (1)    4 :  0.130 0.142 0.186 0.071 0.086 0.241 0.142 
212 HI_SS0256    (0)    4 :  0.030 0.175 0.150 0.128 0.170 0.138 0.210 
213 HI_SS0257    (0)    4 :  0.224 0.185 0.139 0.056 0.050 0.131 0.216 
214 HI_SS0258    (1)    4 :  0.257 0.140 0.079 0.126 0.128 0.134 0.137 
215 HI_SS0259    (1)    4 :  0.083 0.151 0.314 0.151 0.102 0.123 0.077 
216 HI_SS0260    (1)    4 :  0.241 0.162 0.076 0.079 0.214 0.140 0.087 
217 HI_SS0261    (2)    4 :  0.163 0.120 0.261 0.065 0.078 0.108 0.204 
218 HI_SS0262    (0)    4 :  0.105 0.165 0.111 0.241 0.156 0.127 0.095 
219 HI_SS0264    (1)    4 :  0.109 0.048 0.173 0.115 0.285 0.157 0.113 
220 HI_SS0265    (0)    4 :  0.083 0.089 0.184 0.211 0.092 0.246 0.095 
221 HI_SS0268    (1)    4 :  0.137 0.071 0.183 0.091 0.238 0.237 0.044 
222 HI_SS0269    (1)    4 :  0.284 0.231 0.135 0.057 0.043 0.128 0.122 
223 HI_SS0273    (0)    4 :  0.252 0.091 0.119 0.117 0.091 0.114 0.216 
224 HI_SS0277    (1)    4 :  0.080 0.087 0.363 0.099 0.070 0.158 0.144 
225 HI_SS0280    (0)    4 :  0.139 0.110 0.134 0.270 0.197 0.092 0.059 
226 HI_SS0282    (1)    4 :  0.177 0.145 0.083 0.191 0.079 0.099 0.227 
227 HI_SS0286    (1)    4 :  0.121 0.182 0.109 0.230 0.070 0.216 0.071 
228 NS_SS1252    (3)    5 :  0.334 0.144 0.057 0.114 0.085 0.135 0.132 
229 NS_SS1261    (1)    5 :  0.129 0.167 0.149 0.110 0.171 0.132 0.142 
230 NS_SS1225    (9)    5 :  0.157 0.091 0.101 0.081 0.070 0.198 0.302 
231 NS_SS1266    (1)    5 :  0.052 0.104 0.107 0.119 0.124 0.084 0.409 
232 NS_SS1228    (0)    5 :  0.096 0.121 0.125 0.275 0.202 0.087 0.095 
233 NS_SS1255    (2)    5 :  0.159 0.239 0.101 0.068 0.248 0.044 0.141 
234 NS_SS1267    (3)    5 :  0.315 0.129 0.087 0.125 0.076 0.221 0.047 
235 NS_SS1238    (6)    5 :  0.176 0.080 0.267 0.151 0.145 0.095 0.085 
236 NS_SS1233    (8)    5 :  0.085 0.040 0.107 0.094 0.189 0.087 0.398 
237 NS_SS1277    (3)    5 :  0.213 0.258 0.113 0.129 0.130 0.096 0.062 
238 NS_SS1245    (1)    5 :  0.153 0.128 0.148 0.088 0.099 0.139 0.245 
239 NS_SS1240    (4)    5 :  0.290 0.143 0.110 0.052 0.069 0.261 0.076 
240 NS_SS1275    (2)    5 :  0.050 0.095 0.375 0.195 0.095 0.064 0.125 
241 NS_SS1235    (1)    5 :  0.102 0.311 0.160 0.049 0.071 0.103 0.204 
242 NS_SS1263    (1)    5 :  0.074 0.138 0.112 0.093 0.212 0.073 0.298 
243 NS_SS1251    (1)    5 :  0.075 0.111 0.136 0.090 0.130 0.132 0.326 
244 NS_SS1248    (0)    5 :  0.145 0.039 0.117 0.398 0.140 0.095 0.065 
245 NS_SS1244    (0)    5 :  0.114 0.101 0.322 0.144 0.044 0.082 0.193 
246 NS_SS1257    (0)    5 :  0.255 0.175 0.089 0.129 0.096 0.140 0.117 
247 NS_SS1242    (2)    5 :  0.090 0.094 0.127 0.139 0.277 0.099 0.174 
248 NS_SS1271    (6)    5 :  0.316 0.177 0.103 0.128 0.066 0.130 0.080 
249 NS_SS1265    (1)    5 :  0.264 0.064 0.143 0.103 0.110 0.180 0.136 
250 NS_SS1243    (0)    5 :  0.103 0.145 0.075 0.283 0.197 0.100 0.097 
251 NS_SS1273    (1)    5 :  0.085 0.110 0.130 0.088 0.354 0.068 0.164 
252 NS_SS1254   (14)    5 :  0.091 0.092 0.084 0.092 0.200 0.110 0.331 
253 NS_SS1224    (1)    5 :  0.084 0.108 0.098 0.240 0.143 0.075 0.252 
254 NS_SS1227    (8)    5 :  0.137 0.139 0.115 0.049 0.118 0.371 0.071 
255 NS_SS1274    (8)    5 :  0.194 0.190 0.121 0.124 0.137 0.103 0.131 
256 NS_SS1241    (1)    5 :  0.178 0.138 0.122 0.146 0.086 0.134 0.196 
257 NS_SS1256    (3)    5 :  0.178 0.066 0.190 0.066 0.102 0.127 0.271 
258 NS_SS1260    (8)    5 :  0.230 0.239 0.072 0.094 0.113 0.140 0.112 
259 NS_SS1262    (0)    5 :  0.161 0.117 0.120 0.171 0.074 0.137 0.221 
260 NS_SS1230    (0)    5 :  0.217 0.092 0.118 0.122 0.187 0.107 0.157 
261 NS_SS1270    (2)    5 :  0.080 0.054 0.129 0.289 0.072 0.155 0.221 
262 NS_SS1229    (2)    5 :  0.059 0.342 0.263 0.056 0.072 0.088 0.120 
263 NS_SS1246    (5)    5 :  0.181 0.234 0.271 0.093 0.055 0.094 0.071 
264 NS_SS1269    (0)    5 :  0.111 0.141 0.118 0.165 0.172 0.142 0.151 
265 NS_SS1239    (1)    5 :  0.055 0.320 0.076 0.269 0.092 0.118 0.069 
266 NS_SS1272    (4)    5 :  0.068 0.074 0.332 0.075 0.066 0.265 0.120 
267 NS_SS1268    (1)    5 :  0.077 0.052 0.062 0.313 0.125 0.122 0.250 
268 NS_SS1249    (0)    5 :  0.338 0.229 0.076 0.100 0.082 0.053 0.122 
269 HI_SS0559    (0)    6 :  0.149 0.151 0.062 0.213 0.157 0.143 0.124 
270 HI_SS0563    (1)    6 :  0.115 0.207 0.144 0.128 0.098 0.119 0.189 
271 HI_SS0564    (0)    6 :  0.100 0.141 0.231 0.171 0.076 0.115 0.166 
272 HI_SS0565    (0)    6 :  0.135 0.079 0.155 0.074 0.110 0.311 0.136 
273 HI_SS0569    (0)    6 :  0.166 0.047 0.082 0.086 0.065 0.303 0.251 
274 HI_SS0570    (0)    6 :  0.253 0.138 0.152 0.165 0.093 0.148 0.052 
275 HI_SS0572    (1)    6 :  0.059 0.282 0.123 0.091 0.180 0.141 0.123 
276 HI_SS0576    (0)    6 :  0.081 0.127 0.154 0.216 0.218 0.104 0.100 
277 HI_SS0579    (1)    6 :  0.139 0.197 0.064 0.089 0.057 0.158 0.295 
278 HI_SS0580    (1)    6 :  0.209 0.175 0.076 0.110 0.211 0.122 0.097 
279 HI_SS0581    (0)    6 :  0.062 0.087 0.299 0.263 0.107 0.110 0.072 
280 HI_SS0583    (1)    6 :  0.190 0.123 0.079 0.046 0.174 0.246 0.141 
281 HI_SS0586    (1)    6 :  0.292 0.054 0.071 0.103 0.170 0.251 0.059 
282 HI_SS0588    (1)    6 :  0.154 0.142 0.057 0.105 0.102 0.266 0.172 
283 HI_SS0595    (4)    6 :  0.180 0.092 0.245 0.050 0.121 0.207 0.104 
284 HI_SS0596    (0)    6 :  0.074 0.256 0.082 0.080 0.285 0.089 0.134 
285 HI_SS0597    (1)    6 :  0.088 0.127 0.234 0.068 0.195 0.134 0.153 
286 HI_SS0600    (0)    6 :  0.148 0.218 0.164 0.119 0.068 0.188 0.095 
287 HI_SS0601    (1)    6 :  0.100 0.108 0.129 0.140 0.062 0.258 0.202 
288 HI_SS0602    (1)    6 :  0.187 0.079 0.059 0.137 0.200 0.276 0.061 
289 HI_SS0604    (0)    6 :  0.108 0.116 0.091 0.242 0.086 0.170 0.187 
290 HI_SS0605    (1)    6 :  0.151 0.175 0.067 0.328 0.071 0.116 0.092 
291 HI_SS0608    (0)    6 :  0.117 0.104 0.136 0.109 0.280 0.177 0.077 
292 HI_SS0609    (0)    6 :  0.084 0.106 0.139 0.063 0.174 0.136 0.298 
293 HI_SS0611    (5)    6 :  0.223 0.094 0.052 0.236 0.132 0.193 0.070 
294 HI_SS0612    (1)    6 :  0.132 0.226 0.078 0.043 0.068 0.068 0.384 
295 HI_SS0613    (1)    6 :  0.117 0.059 0.063 0.351 0.158 0.136 0.115 
296 HI_SS0615    (0)    6 :  0.053 0.230 0.165 0.170 0.185 0.113 0.083 
297 HI_SS0001    (1)    6 :  0.191 0.205 0.233 0.087 0.124 0.069 0.091 
298 HI_SS0002    (1)    6 :  0.062 0.125 0.110 0.089 0.158 0.222 0.234 
299 HI_SS0004    (0)    6 :  0.239 0.149 0.123 0.141 0.168 0.107 0.073 
300 HI_SS0005    (1)    6 :  0.103 0.067 0.136 0.289 0.185 0.147 0.072 
301 HI_SS0006    (1)    6 :  0.206 0.117 0.149 0.091 0.065 0.144 0.228 
302 HI_SS0007    (1)    6 :  0.215 0.133 0.064 0.375 0.084 0.064 0.064 
303 HI_SS0008    (0)    6 :  0.080 0.094 0.153 0.126 0.112 0.321 0.114 
304 HI_SS0009    (0)    6 :  0.068 0.222 0.069 0.236 0.187 0.123 0.095 
305 HI_SS0010    (1)    6 :  0.158 0.080 0.104 0.137 0.182 0.224 0.116 
306 HI_SS0011    (1)    6 :  0.112 0.037 0.231 0.124 0.120 0.076 0.300 
307 HI_SS0012    (0)    6 :  0.041 0.237 0.129 0.106 0.125 0.282 0.081 
308 HI_SS0017    (1)    6 :  0.095 0.221 0.239 0.129 0.157 0.059 0.100 
309 HI_SS0021    (1)    6 :  0.212 0.060 0.128 0.071 0.196 0.248 0.085 
310 HI_SS0024    (1)    6 :  0.083 0.164 0.229 0.177 0.194 0.085 0.068 
311 HI_SS0025    (1)    6 :  0.094 0.162 0.100 0.155 0.263 0.082 0.143 
312 HI_SS0027    (0)    6 :  0.177 0.131 0.061 0.179 0.114 0.154 0.185 
313 HI_SS0028    (0)    6 :  0.040 0.045 0.175 0.147 0.257 0.274 0.061 
314 HI_SS0029    (1)    6 :  0.178 0.150 0.140 0.059 0.346 0.065 0.063 
315 HI_SS0030    (2)    6 :  0.138 0.200 0.133 0.206 0.070 0.131 0.122 
316 HI_SS0031    (0)    6 :  0.071 0.204 0.136 0.055 0.114 0.275 0.146 
317 HI_SS0034    (0)    6 :  0.248 0.170 0.088 0.127 0.065 0.110 0.193 
318 HI_SS0036    (0)    6 :  0.278 0.091 0.241 0.163 0.084 0.111 0.031 
319 HI_SS0037    (1)    6 :  0.287 0.054 0.056 0.145 0.196 0.155 0.107 
320 HI_SS0039    (0)    6 :  0.242 0.060 0.119 0.220 0.187 0.098 0.075 
321 HI_SS0041    (1)    6 :  0.088 0.124 0.182 0.308 0.163 0.077 0.057 
322 HI_SS0042    (1)    6 :  0.078 0.110 0.248 0.125 0.196 0.099 0.144 
323 HI_SS0043    (1)    6 :  0.312 0.102 0.189 0.116 0.052 0.153 0.076 
324 HI_SS0044    (1)    6 :  0.219 0.209 0.089 0.065 0.275 0.083 0.060 
325 HI_SS0047    (1)    6 :  0.078 0.187 0.129 0.228 0.105 0.135 0.137 
326 HI_SS0049    (0)    6 :  0.113 0.155 0.127 0.096 0.219 0.114 0.176 
327 HI_SS0051    (1)    6 :  0.087 0.101 0.060 0.354 0.069 0.163 0.166 
328 HI_SS0053    (1)    6 :  0.246 0.108 0.226 0.088 0.060 0.173 0.100 
329 HI_SS0054    (4)    6 :  0.240 0.064 0.111 0.162 0.057 0.136 0.231 
330 HI_SS0057    (0)    6 :  0.119 0.073 0.232 0.240 0.127 0.074 0.136 
331 HI_SS0058    (0)    6 :  0.259 0.098 0.066 0.117 0.174 0.132 0.154 
332 HI_SS0060    (0)    6 :  0.105 0.112 0.184 0.206 0.080 0.182 0.132 
333 HI_SS0087    (1)    6 :  0.121 0.127 0.182 0.107 0.077 0.223 0.163 
334 HI_SS0091    (0)    6 :  0.290 0.100 0.218 0.061 0.051 0.161 0.120 
335 HI_SS0095    (1)    6 :  0.129 0.209 0.152 0.154 0.072 0.155 0.129 
336 HI_SS0097    (3)    6 :  0.077 0.155 0.078 0.087 0.072 0.170 0.362 
337 HI_SS0099    (0)    6 :  0.120 0.076 0.093 0.076 0.398 0.151 0.086 
338 HI_SS0103    (0)    6 :  0.118 0.246 0.165 0.125 0.124 0.104 0.119 
339 HI_SS0105    (1)    6 :  0.099 0.079 0.231 0.161 0.077 0.198 0.156 
340 HI_SS0107    (1)    6 :  0.050 0.271 0.239 0.120 0.122 0.068 0.130 
341 HI_SS0108    (1)    6 :  0.392 0.126 0.099 0.115 0.058 0.097 0.112 
342 HI_SS0110    (0)    6 :  0.143 0.188 0.326 0.063 0.087 0.095 0.098 
343 HI_SS0111    (1)    6 :  0.115 0.223 0.186 0.139 0.097 0.163 0.076 
344 HI_SS0112    (0)    6 :  0.355 0.137 0.134 0.084 0.096 0.114 0.079 
345 HI_SS0113    (1)    6 :  0.080 0.095 0.246 0.107 0.248 0.078 0.146 
346 HI_SS0114    (1)    6 :  0.202 0.084 0.084 0.204 0.097 0.195 0.134 
347 HI_SS0115    (1)    6 :  0.106 0.275 0.043 0.115 0.179 0.161 0.120 
348 HI_SS0116    (4)    6 :  0.238 0.192 0.072 0.039 0.244 0.136 0.078 
349 HI_SS0117    (0)    6 :  0.188 0.086 0.235 0.051 0.067 0.144 0.230 
350 HI_SS0118    (0)    6 :  0.212 0.107 0.120 0.079 0.149 0.150 0.184 
351 HI_SS0119    (1)    6 :  0.189 0.131 0.225 0.129 0.058 0.121 0.147 
352 HI_SS0120    (1)    6 :  0.058 0.218 0.390 0.086 0.109 0.055 0.085 
353 HI_SS0121    (1)    6 :  0.070 0.042 0.290 0.136 0.141 0.162 0.160 
354 HI_SS0122    (2)    6 :  0.170 0.115 0.212 0.161 0.126 0.119 0.097 
355 HI_SS0123    (0)    6 :  0.141 0.125 0.207 0.076 0.121 0.115 0.216 
356 HI_SS0124    (1)    6 :  0.067 0.213 0.106 0.122 0.294 0.101 0.097 
357 HI_SS0125    (1)    6 :  0.056 0.188 0.179 0.136 0.222 0.132 0.088 
358 HI_SS0126    (0)    6 :  0.329 0.135 0.105 0.069 0.195 0.070 0.097 
359 HI_SS0127    (0)    6 :  0.086 0.074 0.073 0.323 0.102 0.178 0.164 
360 HI_SS0128    (0)    6 :  0.116 0.215 0.208 0.072 0.131 0.099 0.159 
361 HI_SS0129    (1)    6 :  0.214 0.150 0.180 0.188 0.094 0.103 0.072 
362 HI_SS0131    (2)    6 :  0.217 0.054 0.077 0.168 0.129 0.202 0.154 
363 HI_SS0132    (0)    6 :  0.140 0.090 0.224 0.086 0.155 0.136 0.170 
364 HI_SS0133    (1)    6 :  0.403 0.123 0.136 0.114 0.069 0.076 0.079 
365 HI_SS0134    (1)    6 :  0.157 0.127 0.122 0.120 0.112 0.175 0.188 
366 HI_SS0142    (3)    6 :  0.092 0.139 0.154 0.136 0.076 0.221 0.183 
367 HI_SS0145    (0)    6 :  0.178 0.193 0.089 0.089 0.103 0.114 0.233 
368 HI_SS0146    (1)    6 :  0.178 0.168 0.058 0.152 0.102 0.145 0.197 
369 HI_SS0147    (1)    6 :  0.098 0.077 0.116 0.364 0.108 0.074 0.165 
370 HI_SS0149    (1)    6 :  0.169 0.045 0.387 0.065 0.093 0.072 0.169 
371 HI_SS0150    (2)    6 :  0.069 0.152 0.178 0.184 0.167 0.122 0.128 
372 HI_SS0151    (0)    6 :  0.105 0.360 0.066 0.207 0.071 0.088 0.102 
373 NS_SS1451    (1)    6 :  0.071 0.184 0.168 0.201 0.213 0.076 0.088 
374 NS_SS1404    (0)    6 :  0.125 0.080 0.114 0.311 0.179 0.099 0.092 
375 NS_SS1432    (2)    6 :  0.066 0.140 0.281 0.083 0.243 0.135 0.051 
376 NS_SS1405    (4)    6 :  0.172 0.141 0.076 0.078 0.339 0.090 0.105 
377 NS_SS1431   (10)    6 :  0.076 0.100 0.343 0.096 0.200 0.083 0.103 
378 NS_SS1402    (3)    6 :  0.117 0.205 0.171 0.093 0.101 0.178 0.134 
379 NS_SS1450    (3)    6 :  0.250 0.196 0.169 0.175 0.084 0.049 0.076 
380 NS_SS1396    (0)    6 :  0.126 0.112 0.133 0.144 0.205 0.160 0.120 
381 NS_SS1393    (5)    6 :  0.110 0.215 0.072 0.118 0.140 0.273 0.072 
382 NS_SS1392   (10)    6 :  0.080 0.269 0.141 0.186 0.186 0.086 0.052 
383 NS_SS1445    (0)    6 :  0.192 0.061 0.153 0.116 0.077 0.260 0.141 
384 NS_SS1423    (0)    6 :  0.146 0.217 0.215 0.063 0.078 0.183 0.098 
385 NS_SS1421    (9)    6 :  0.159 0.146 0.253 0.127 0.086 0.093 0.137 
386 NS_SS1411    (6)    6 :  0.232 0.071 0.065 0.307 0.121 0.127 0.075 
387 NS_SS1453    (5)    6 :  0.205 0.129 0.259 0.110 0.098 0.121 0.077 
388 NS_SS1442    (2)    6 :  0.110 0.133 0.078 0.103 0.151 0.204 0.221 
389 NS_SS1422    (1)    6 :  0.097 0.300 0.119 0.077 0.080 0.081 0.246 
390 NS_SS1419    (1)    6 :  0.106 0.057 0.090 0.175 0.151 0.085 0.336 
391 NS_SS1427    (0)    6 :  0.303 0.277 0.162 0.069 0.073 0.065 0.050 
392 NS_SS1444    (3)    6 :  0.078 0.086 0.073 0.165 0.211 0.227 0.161 
393 NS_SS1455    (0)    6 :  0.069 0.147 0.118 0.053 0.284 0.091 0.237 
394 NS_SS1425    (2)    6 :  0.295 0.084 0.086 0.116 0.066 0.204 0.148 
395 NS_SS1400    (0)    6 :  0.281 0.058 0.072 0.107 0.182 0.098 0.201 
396 NS_SS1406    (1)    6 :  0.049 0.078 0.220 0.061 0.162 0.130 0.301 
397 NS_SS1417    (6)    6 :  0.200 0.096 0.168 0.136 0.132 0.082 0.187 
398 NS_SS1454    (2)    6 :  0.238 0.040 0.275 0.109 0.157 0.092 0.089 
399 NS_SS1412    (1)    6 :  0.192 0.113 0.121 0.192 0.161 0.126 0.094 
400 NS_SS1438    (1)    6 :  0.223 0.097 0.070 0.178 0.051 0.239 0.142 
401 NS_SS1416    (4)    6 :  0.151 0.101 0.148 0.121 0.198 0.146 0.136 
402 NS_SS1401    (0)    6 :  0.132 0.125 0.218 0.079 0.112 0.204 0.129 
403 NS_SS1424    (6)    6 :  0.156 0.141 0.215 0.163 0.066 0.141 0.117 
404 NS_SS1435    (9)    6 :  0.101 0.144 0.148 0.132 0.185 0.237 0.052 
405 NS_SS1447    (4)    6 :  0.083 0.073 0.123 0.259 0.136 0.146 0.180 
406 NS_SS1414    (3)    6 :  0.090 0.057 0.103 0.217 0.255 0.105 0.172 
407 NS_SS1449   (14)    6 :  0.092 0.321 0.243 0.125 0.060 0.066 0.091 
408 NS_SS1443    (4)    6 :  0.195 0.267 0.089 0.058 0.061 0.141 0.189 
409 NS_SS1434    (1)    6 :  0.143 0.356 0.100 0.073 0.144 0.065 0.119 
410 NS_SS1398    (1)    6 :  0.125 0.128 0.160 0.102 0.271 0.112 0.101 
411 NS_SS1426    (1)    6 :  0.235 0.157 0.108 0.107 0.061 0.250 0.082 
412 NS_SS1413    (0)    6 :  0.271 0.128 0.124 0.089 0.134 0.092 0.162 
413 NS_SS1395    (1)    6 :  0.154 0.185 0.122 0.075 0.052 0.331 0.082 
414 NS_SS1448   (10)    6 :  0.212 0.077 0.173 0.289 0.125 0.057 0.066 
415 NS_SS1446    (0)    6 :  0.189 0.183 0.158 0.150 0.059 0.159 0.103 
416 NS_SS1403    (2)    6 :  0.072 0.129 0.247 0.076 0.129 0.280 0.067 
417 NS_SS1415    (0)    6 :  0.246 0.127 0.098 0.137 0.132 0.134 0.125 
418 NS_SS1437    (4)    6 :  0.109 0.071 0.262 0.112 0.148 0.180 0.119 
419 NS_SS1439    (2)    6 :  0.099 0.174 0.086 0.114 0.102 0.224 0.201 
420 NS_SS1441    (3)    6 :  0.201 0.157 0.098 0.054 0.174 0.155 0.161 
421 NS_SS1420    (2)    6 :  0.076 0.132 0.063 0.466 0.142 0.058 0.062 
422 NS_SS1394    (2)    6 :  0.069 0.071 0.130 0.195 0.242 0.219 0.075 
423 NS_SS1391    (7)    6 :  0.177 0.234 0.133 0.073 0.163 0.162 0.058 
424 NS_SS1410    (5)    6 :  0.173 0.156 0.202 0.088 0.138 0.127 0.115 
425 NS_SS1408    (1)    6 :  0.083 0.115 0.240 0.162 0.069 0.186 0.145 
426 NS_SS1409    (1)    6 :  0.170 0.249 0.125 0.058 0.184 0.098 0.116 
427 HI_SS0617    (1)    7 :  0.215 0.298 0.094 0.134 0.117 0.059 0.083 
428 HI_SS0618    (2)    7 :  0.073 0.187 0.101 0.134 0.243 0.155 0.107 
429 HI_SS0619    (0)    7 :  0.176 0.115 0.105 0.095 0.324 0.101 0.085 
430 HI_SS0620    (1)    7 :  0.272 0.205 0.045 0.281 0.052 0.088 0.056 
431 HI_SS0621    (3)    7 :  0.094 0.185 0.167 0.142 0.140 0.116 0.156 
432 HI_SS0622    (1)    7 :  0.175 0.088 0.118 0.166 0.133 0.071 0.250 
433 HI_SS0626    (0)    7 :  0.110 0.055 0.126 0.273 0.148 0.226 0.062 
434 HI_SS0627    (0)    7 :  0.072 0.117 0.289 0.099 0.137 0.203 0.083 
435 HI_SS0628    (3)    7 :  0.244 0.075 0.216 0.102 0.147 0.144 0.072 
436 HI_SS0629    (1)    7 :  0.132 0.100 0.130 0.095 0.145 0.272 0.125 
437 HI_SS0630    (1)    7 :  0.164 0.154 0.068 0.185 0.155 0.164 0.110 
438 HI_SS0631    (0)    7 :  0.176 0.172 0.110 0.202 0.109 0.138 0.093 
439 HI_SS0632    (0)    7 :  0.136 0.071 0.168 0.232 0.098 0.102 0.192 
440 HI_SS0633    (0)    7 :  0.137 0.230 0.066 0.062 0.316 0.083 0.107 
441 HI_SS0634    (1)    7 :  0.157 0.095 0.225 0.218 0.098 0.109 0.098 
442 HI_SS0635    (0)    7 :  0.068 0.079 0.106 0.152 0.226 0.214 0.155 
443 HI_SS0637    (1)    7 :  0.126 0.074 0.128 0.258 0.053 0.161 0.200 
444 HI_SS0638    (0)    7 :  0.174 0.146 0.164 0.142 0.155 0.088 0.130 
445 HI_SS0639    (1)    7 :  0.053 0.140 0.106 0.209 0.150 0.217 0.125 
446 HI_SS0640    (1)    7 :  0.083 0.138 0.075 0.106 0.102 0.271 0.225 
447 HI_SS0641    (1)    7 :  0.209 0.052 0.053 0.190 0.186 0.224 0.086 
448 HI_SS0642    (0)    7 :  0.060 0.126 0.379 0.087 0.112 0.147 0.089 
449 HI_SS0645    (0)    7 :  0.064 0.094 0.063 0.236 0.344 0.068 0.132 
450 HI_SS0646    (1)    7 :  0.116 0.288 0.155 0.090 0.091 0.115 0.144 
451 HI_SS0647    (1)    7 :  0.136 0.113 0.261 0.130 0.154 0.079 0.128 
452 HI_SS0648    (0)    7 :  0.149 0.136 0.110 0.146 0.157 0.136 0.166 
453 HI_SS0649    (1)    7 :  0.098 0.177 0.076 0.071 0.200 0.246 0.132 
454 HI_SS0650    (1)    7 :  0.068 0.318 0.158 0.119 0.144 0.116 0.077 
455 HI_SS0651    (1)    7 :  0.086 0.193 0.075 0.108 0.181 0.237 0.119 
456 HI_SS0652    (1)    7 :  0.075 0.097 0.094 0.391 0.156 0.105 0.082 
457 NS_SS1371    (3)    7 :  0.094 0.242 0.133 0.056 0.102 0.295 0.077 
458 NS_SS1374    (0)    7 :  0.244 0.074 0.227 0.180 0.089 0.128 0.057 
459 NS_SS1337    (3)    7 :  0.077 0.099 0.280 0.346 0.068 0.048 0.082 
460 NS_SS1385    (5)    7 :  0.082 0.216 0.111 0.101 0.150 0.188 0.152 
461 NS_SS1388    (0)    7 :  0.150 0.076 0.096 0.059 0.362 0.180 0.077 
462 NS_SS1370    (1)    7 :  0.056 0.113 0.088 0.515 0.074 0.066 0.089 
463 NS_SS1389    (3)    7 :  0.112 0.065 0.125 0.119 0.379 0.133 0.067 
464 NS_SS1360    (1)    7 :  0.140 0.084 0.079 0.149 0.115 0.299 0.134 
465 NS_SS1330    (0)    7 :  0.065 0.165 0.078 0.209 0.178 0.151 0.154 
466 NS_SS1328    (8)    7 :  0.243 0.239 0.186 0.066 0.079 0.077 0.110 
467 NS_SS1384    (1)    7 :  0.082 0.128 0.137 0.132 0.051 0.329 0.141 
468 NS_SS1381    (0)    7 :  0.052 0.340 0.119 0.105 0.181 0.070 0.133 
469 NS_SS1375    (1)    7 :  0.104 0.179 0.144 0.109 0.311 0.105 0.047 
470 NS_SS1319   (10)    7 :  0.129 0.172 0.206 0.144 0.136 0.124 0.089 
471 NS_SS1326    (2)    7 :  0.319 0.134 0.116 0.061 0.216 0.083 0.071 
472 NS_SS1341    (1)    7 :  0.165 0.092 0.227 0.097 0.052 0.231 0.136 
473 NS_SS1383    (1)    7 :  0.083 0.117 0.338 0.164 0.048 0.170 0.080 
474 NS_SS1318    (3)    7 :  0.106 0.164 0.074 0.228 0.149 0.143 0.137 
475 NS_SS1348    (2)    7 :  0.155 0.122 0.103 0.130 0.042 0.338 0.110 
476 NS_SS1363    (0)    7 :  0.104 0.107 0.132 0.199 0.161 0.094 0.201 
477 NS_SS1335    (4)    7 :  0.149 0.073 0.113 0.137 0.082 0.238 0.207 
478 NS_SS1358    (0)    7 :  0.135 0.157 0.187 0.125 0.034 0.115 0.248 
479 NS_SS1342    (1)    7 :  0.171 0.120 0.231 0.061 0.079 0.145 0.193 
480 NS_SS1320    (2)    7 :  0.043 0.227 0.120 0.054 0.287 0.045 0.223 
481 NS_SS1355    (1)    7 :  0.072 0.140 0.104 0.151 0.093 0.146 0.294 
482 NS_SS1345    (1)    7 :  0.052 0.120 0.076 0.126 0.065 0.082 0.478 
483 NS_SS1324    (0)    7 :  0.171 0.152 0.110 0.101 0.125 0.217 0.125 
484 NS_SS1347    (5)    7 :  0.081 0.251 0.108 0.112 0.124 0.200 0.124 
485 NS_SS1321    (4)    7 :  0.222 0.101 0.224 0.161 0.091 0.135 0.067 
486 NS_SS1333    (0)    7 :  0.232 0.093 0.218 0.077 0.146 0.191 0.042 
487 NS_SS1364    (1)    7 :  0.155 0.053 0.126 0.081 0.076 0.234 0.274 
488 NS_SS1379    (0)    7 :  0.109 0.206 0.123 0.124 0.150 0.132 0.156 
489 NS_SS1332    (0)    7 :  0.282 0.059 0.101 0.051 0.215 0.205 0.088 
490 NS_SS1338    (5)    7 :  0.140 0.131 0.087 0.204 0.086 0.283 0.068 
491 NS_SS1368    (6)    7 :  0.238 0.049 0.154 0.062 0.127 0.120 0.250 
492 NS_SS1354    (1)    7 :  0.121 0.100 0.137 0.109 0.168 0.158 0.209 
493 NS_SS1365    (0)    7 :  0.101 0.110 0.178 0.186 0.167 0.092 0.166 
494 NS_SS1380    (1)    7 :  0.086 0.070 0.122 0.188 0.196 0.097 0.241 
495 NS_SS1329    (8)    7 :  0.214 0.078 0.235 0.053 0.091 0.118 0.211 
496 NS_SS1362    (0)    7 :  0.101 0.201 0.160 0.085 0.072 0.231 0.150 
497 NS_SS1327    (2)    7 :  0.352 0.118 0.100 0.087 0.068 0.235 0.041 
498 NS_SS1350    (0)    7 :  0.147 0.384 0.107 0.086 0.107 0.118 0.052 
499 NS_SS1387    (2)    7 :  0.091 0.082 0.076 0.174 0.244 0.232 0.101 
500 NS_SS1369    (8)    7 :  0.237 0.072 0.120 0.163 0.073 0.051 0.285 
501 NS_SS1331    (1)    7 :  0.188 0.052 0.207 0.135 0.279 0.072 0.067 
502 NS_SS1357    (4)    7 :  0.152 0.353 0.216 0.051 0.087 0.064 0.077 
503 NS_SS1386    (1)    7 :  0.348 0.047 0.240 0.056 0.057 0.098 0.153 
504 NS_SS1353    (2)    7 :  0.110 0.151 0.222 0.081 0.225 0.118 0.093 
505 NS_SS1323    (0)    7 :  0.070 0.103 0.258 0.115 0.136 0.108 0.210 
506 HI_SS0296    (0)    8 :  0.208 0.173 0.070 0.241 0.108 0.067 0.133 
507 HI_SS0297    (0)    8 :  0.074 0.243 0.374 0.075 0.068 0.100 0.066 
508 HI_SS0299    (0)    8 :  0.110 0.142 0.159 0.229 0.046 0.134 0.180 
509 HI_SS0300    (0)    8 :  0.120 0.109 0.083 0.218 0.084 0.130 0.257 
510 HI_SS0301    (0)    8 :  0.071 0.035 0.129 0.277 0.085 0.281 0.123 
511 HI_SS0302    (0)    8 :  0.183 0.089 0.068 0.267 0.092 0.166 0.134 
512 HI_SS0303    (0)    8 :  0.289 0.112 0.088 0.065 0.207 0.126 0.114 
513 HI_SS0304    (0)    8 :  0.192 0.068 0.181 0.148 0.281 0.068 0.061 
514 HI_SS0306    (5)    8 :  0.267 0.086 0.111 0.267 0.073 0.087 0.110 
515 HI_SS0307    (1)    8 :  0.082 0.100 0.111 0.144 0.217 0.145 0.201 
516 HI_SS0308    (1)    8 :  0.071 0.138 0.106 0.075 0.169 0.277 0.164 
