

----------------------------------------------------
STRUCTURE by Pritchard, Stephens and Donnelly (2000)
     and Falush, Stephens and Pritchard (2003)
       Code by Pritchard, Falush and Hubisz
             Version 2.3.4 (Jul 2012)
----------------------------------------------------



Command line arguments:   /home/genobiwan/Documents/Programs/Structure/structure -m parameter_job_k5_r10 
Input File:    /media/genobiwan/Storage/Projets/Mackerel_NWA_2021/data_job_k5_r10

Run parameters:
   557 individuals
   3930 loci
   5 populations assumed
   100000 Burn-in period
   200000 Reps


--------------------------------------------
Proportion of membership of each pre-defined
 population in each of the 5 clusters

Given    Inferred Clusters                     Number of
 Pop       1      2      3      4      5      Individuals

  1:     0.207  0.189  0.219  0.204  0.181       67
  2:     0.180  0.244  0.185  0.216  0.174       32
  3:     0.189  0.185  0.223  0.217  0.186       92
  4:     0.228  0.190  0.180  0.183  0.220       36
  5:     0.188  0.187  0.222  0.190  0.213       41
  6:     0.209  0.196  0.189  0.197  0.209      158
  7:     0.207  0.200  0.192  0.203  0.199       79
  8:     0.196  0.175  0.216  0.201  0.211       52
--------------------------------------------

Allele-freq. divergence among pops (Net nucleotide distance),
computed using point estimates of P.

      1       2       3       4       5      
 1      -    0.0033  0.0025  0.0030  0.0034  
 2   0.0033     -    0.0033  0.0035  0.0042  
 3   0.0025  0.0033     -    0.0028  0.0036  
 4   0.0030  0.0035  0.0028     -    0.0039  
 5   0.0034  0.0042  0.0036  0.0039     -    

Average distances (expected heterozygosity) between individuals in same cluster:
cluster  1  : 0.3127 
cluster  2  : 0.3127 
cluster  3  : 0.3121 
cluster  4  : 0.3110 
cluster  5  : 0.3110 

--------------------------------------------
Estimated Ln Prob of Data   = -2070404.1
Mean value of ln likelihood = -2061918.7
Variance of ln likelihood   = 16970.8
Mean value of alpha         = 1.8461

Mean value of Fst_1         = 0.0309
Mean value of Fst_2         = 0.0411
Mean value of Fst_3         = 0.0323
Mean value of Fst_4         = 0.0354
Mean value of Fst_5         = 0.0392


Inferred ancestry of individuals:
        Label (%Miss) Pop:  Inferred clusters
  1 NS_SS0963    (4)    1 :  0.301 0.138 0.284 0.163 0.114 
  2 NS_SS0983    (1)    1 :  0.169 0.101 0.222 0.156 0.352 
  3 NS_SS0719    (8)    1 :  0.260 0.162 0.144 0.235 0.200 
  4 NS_SS1001    (8)    1 :  0.083 0.339 0.204 0.253 0.120 
  5 NS_SS0936    (4)    1 :  0.273 0.266 0.263 0.091 0.107 
  6 NS_SS0955    (5)    1 :  0.188 0.093 0.287 0.196 0.236 
  7 NS_SS0944    (3)    1 :  0.117 0.175 0.329 0.173 0.206 
  8 NS_SS0945    (3)    1 :  0.150 0.286 0.184 0.161 0.218 
  9 NS_SS0922    (2)    1 :  0.194 0.351 0.142 0.201 0.112 
 10 NS_SS0929    (7)    1 :  0.214 0.122 0.259 0.149 0.256 
 11 NS_SS0956    (2)    1 :  0.119 0.219 0.144 0.419 0.099 
 12 NS_SS0906    (3)    1 :  0.180 0.123 0.351 0.134 0.211 
 13 NS_SS0721    (6)    1 :  0.185 0.127 0.132 0.407 0.149 
 14 NS_SS0982    (4)    1 :  0.259 0.148 0.244 0.225 0.123 
 15 NS_SS0923    (5)    1 :  0.191 0.227 0.230 0.203 0.150 
 16 NS_SS0905    (6)    1 :  0.123 0.188 0.274 0.230 0.186 
 17 NS_SS0925    (3)    1 :  0.155 0.208 0.353 0.197 0.087 
 18 NS_SS0947    (5)    1 :  0.212 0.242 0.284 0.132 0.131 
 19 NS_SS0926    (2)    1 :  0.335 0.076 0.141 0.136 0.312 
 20 NS_SS0918    (6)    1 :  0.158 0.124 0.400 0.233 0.085 
 21 NS_SS0966    (4)    1 :  0.239 0.163 0.319 0.153 0.126 
 22 NS_SS0938    (2)    1 :  0.415 0.263 0.110 0.110 0.102 
 23 NS_SS0917    (2)    1 :  0.250 0.198 0.086 0.155 0.310 
 24 NS_SS0957   (11)    1 :  0.169 0.140 0.171 0.356 0.163 
 25 NS_SS0987    (1)    1 :  0.133 0.097 0.163 0.464 0.142 
 26 NS_SS0717    (4)    1 :  0.086 0.313 0.220 0.274 0.107 
 27 NS_SS0986    (2)    1 :  0.223 0.106 0.184 0.287 0.199 
 28 NS_SS0953    (4)    1 :  0.076 0.237 0.396 0.182 0.109 
 29 NS_SS0907    (3)    1 :  0.170 0.119 0.433 0.115 0.163 
 30 NS_SS0974    (6)    1 :  0.165 0.246 0.280 0.105 0.204 
 31 NS_SS0989    (1)    1 :  0.292 0.160 0.086 0.106 0.356 
 32 NS_SS0991    (2)    1 :  0.091 0.063 0.353 0.291 0.201 
 33 NS_SS0994    (2)    1 :  0.113 0.208 0.121 0.091 0.467 
 34 NS_SS0931    (6)    1 :  0.236 0.076 0.210 0.210 0.268 
 35 NS_SS1000    (5)    1 :  0.207 0.303 0.237 0.138 0.114 
 36 NS_SS0919    (1)    1 :  0.375 0.079 0.245 0.101 0.200 
 37 NS_SS0949    (3)    1 :  0.249 0.168 0.132 0.162 0.289 
 38 NS_SS0960   (10)    1 :  0.159 0.110 0.255 0.227 0.249 
 39 NS_SS0716    (2)    1 :  0.117 0.287 0.065 0.411 0.120 
 40 NS_SS0924    (8)    1 :  0.226 0.109 0.249 0.198 0.217 
 41 NS_SS0935    (1)    1 :  0.091 0.120 0.197 0.273 0.319 
 42 NS_SS0952   (13)    1 :  0.189 0.113 0.293 0.124 0.281 
 43 NS_SS0962   (10)    1 :  0.378 0.215 0.124 0.186 0.098 
 44 NS_SS0973    (5)    1 :  0.143 0.163 0.394 0.143 0.157 
 45 NS_SS0722    (1)    1 :  0.078 0.426 0.298 0.112 0.087 
 46 NS_SS0979   (13)    1 :  0.231 0.151 0.208 0.300 0.109 
 47 NS_SS0993    (2)    1 :  0.169 0.241 0.321 0.182 0.087 
 48 NS_SS0958    (1)    1 :  0.163 0.186 0.172 0.179 0.300 
 49 NS_SS0988    (4)    1 :  0.377 0.088 0.199 0.162 0.175 
 50 NS_SS1003    (2)    1 :  0.453 0.080 0.140 0.261 0.066 
 51 NS_SS0976    (0)    1 :  0.281 0.096 0.226 0.138 0.259 
 52 NS_SS0964   (10)    1 :  0.096 0.379 0.147 0.270 0.108 
 53 NS_SS0939    (4)    1 :  0.168 0.312 0.058 0.375 0.087 
 54 NS_SS0990    (6)    1 :  0.283 0.198 0.083 0.205 0.232 
 55 NS_SS0984    (2)    1 :  0.202 0.359 0.154 0.189 0.096 
 56 NS_SS0980    (9)    1 :  0.115 0.296 0.365 0.098 0.126 
 57 NS_SS0978    (4)    1 :  0.202 0.295 0.231 0.121 0.152 
 58 NS_SS0951   (17)    1 :  0.090 0.093 0.271 0.346 0.200 
 59 NS_SS0913    (3)    1 :  0.135 0.245 0.157 0.324 0.138 
 60 NS_SS1002    (1)    1 :  0.526 0.110 0.203 0.081 0.080 
 61 NS_SS0948    (1)    1 :  0.218 0.117 0.281 0.193 0.191 
 62 NS_SS0916    (4)    1 :  0.218 0.271 0.119 0.147 0.244 
 63 NS_SS0995    (1)    1 :  0.192 0.265 0.159 0.219 0.165 
 64 NS_SS0927    (6)    1 :  0.238 0.226 0.128 0.121 0.286 
 65 NS_SS0992    (5)    1 :  0.248 0.276 0.153 0.085 0.238 
 66 NS_SS0912    (1)    1 :  0.209 0.090 0.158 0.340 0.202 
 67 NS_SS0981    (1)    1 :  0.308 0.102 0.236 0.250 0.104 
 68 NS_SS0729    (5)    2 :  0.133 0.184 0.251 0.061 0.371 
 69 NS_SS0967   (14)    2 :  0.342 0.153 0.273 0.126 0.105 
 70 NS_SS0941    (7)    2 :  0.204 0.331 0.132 0.179 0.154 
 71 NS_SS0768   (12)    2 :  0.192 0.153 0.222 0.301 0.132 
 72 NS_SS0726    (4)    2 :  0.274 0.220 0.161 0.075 0.270 
 73 NS_SS0763    (4)    2 :  0.148 0.221 0.188 0.136 0.308 
 74 NS_SS0730    (6)    2 :  0.262 0.249 0.135 0.236 0.117 
 75 NS_SS0774    (1)    2 :  0.172 0.366 0.227 0.137 0.098 
 76 NS_SS0723    (3)    2 :  0.268 0.226 0.263 0.171 0.072 
 77 NS_SS0940    (9)    2 :  0.212 0.253 0.102 0.199 0.233 
 78 NS_SS0762    (1)    2 :  0.089 0.428 0.204 0.204 0.076 
 79 NS_SS0766   (11)    2 :  0.111 0.332 0.092 0.250 0.216 
 80 NS_SS0724    (1)    2 :  0.126 0.194 0.272 0.303 0.105 
 81 NS_SS0769    (3)    2 :  0.299 0.179 0.157 0.202 0.163 
 82 NS_SS0777    (2)    2 :  0.208 0.099 0.214 0.237 0.242 
 83 NS_SS0734    (6)    2 :  0.137 0.205 0.133 0.298 0.227 
 84 NS_SS0737    (3)    2 :  0.147 0.499 0.114 0.149 0.091 
 85 NS_SS0732    (5)    2 :  0.117 0.138 0.232 0.414 0.099 
 86 NS_SS0728    (5)    2 :  0.147 0.300 0.150 0.230 0.174 
 87 NS_SS0735    (9)    2 :  0.081 0.335 0.234 0.230 0.120 
 88 NS_SS0725    (1)    2 :  0.202 0.361 0.130 0.183 0.124 
 89 NS_SS0788    (2)    2 :  0.404 0.143 0.147 0.154 0.152 
 90 NS_SS0778    (2)    2 :  0.312 0.103 0.171 0.196 0.218 
 91 NS_SS0792    (6)    2 :  0.115 0.156 0.214 0.281 0.233 
 92 NS_SS0943   (11)    2 :  0.104 0.091 0.339 0.187 0.279 
 93 NS_SS0791    (2)    2 :  0.123 0.228 0.104 0.272 0.274 
 94 NS_SS0790    (5)    2 :  0.110 0.202 0.296 0.338 0.054 
 95 NS_SS0731    (6)    2 :  0.128 0.187 0.163 0.411 0.111 
 96 NS_SS0727    (6)    2 :  0.072 0.386 0.124 0.102 0.317 
 97 NS_SS0779   (12)    2 :  0.211 0.174 0.227 0.228 0.161 
 98 NS_SS0776    (3)    2 :  0.194 0.310 0.127 0.194 0.175 
 99 NS_SS0775    (5)    2 :  0.125 0.402 0.120 0.243 0.109 
100 NS_SS0965    (3)    3 :  0.219 0.109 0.234 0.319 0.119 
101 NS_SS0754   (13)    3 :  0.150 0.131 0.138 0.288 0.293 
102 NS_SS0838    (5)    3 :  0.247 0.213 0.195 0.152 0.193 
103 NS_SS0839    (3)    3 :  0.210 0.297 0.171 0.227 0.094 
104 NS_SS0832    (4)    3 :  0.168 0.164 0.358 0.249 0.061 
105 NS_SS0820    (4)    3 :  0.322 0.150 0.183 0.269 0.076 
106 NS_SS0886    (9)    3 :  0.200 0.146 0.138 0.255 0.261 
107 NS_SS0748    (5)    3 :  0.191 0.098 0.313 0.191 0.206 
108 NS_SS0884    (9)    3 :  0.168 0.215 0.244 0.176 0.196 
109 NS_SS0752    (3)    3 :  0.179 0.308 0.219 0.139 0.156 
110 NS_SS0862    (1)    3 :  0.118 0.143 0.246 0.406 0.087 
111 NS_SS0787    (9)    3 :  0.146 0.105 0.145 0.144 0.460 
112 NS_SS0843    (6)    3 :  0.137 0.206 0.272 0.219 0.166 
113 NS_SS0856    (4)    3 :  0.239 0.337 0.080 0.150 0.194 
114 NS_SS0846    (2)    3 :  0.242 0.178 0.326 0.069 0.185 
115 NS_SS0825    (1)    3 :  0.393 0.095 0.147 0.211 0.154 
116 NS_SS0757    (3)    3 :  0.143 0.116 0.264 0.274 0.203 
117 NS_SS0876    (3)    3 :  0.155 0.270 0.225 0.200 0.150 
118 NS_SS0903    (9)    3 :  0.182 0.276 0.364 0.090 0.087 
119 NS_SS0875    (7)    3 :  0.243 0.199 0.140 0.260 0.158 
120 NS_SS0740    (5)    3 :  0.128 0.229 0.272 0.210 0.161 
121 NS_SS0811    (5)    3 :  0.104 0.167 0.166 0.464 0.099 
122 NS_SS0751    (1)    3 :  0.302 0.275 0.113 0.171 0.139 
123 NS_SS0891    (6)    3 :  0.233 0.277 0.152 0.176 0.162 
124 NS_SS0867    (2)    3 :  0.180 0.070 0.404 0.156 0.191 
125 NS_SS0890    (6)    3 :  0.210 0.202 0.246 0.172 0.170 
126 NS_SS0866   (11)    3 :  0.130 0.159 0.118 0.134 0.459 
127 NS_SS0755    (4)    3 :  0.177 0.147 0.268 0.246 0.161 
128 NS_SS0758    (4)    3 :  0.171 0.277 0.216 0.151 0.185 
129 NS_SS0840    (2)    3 :  0.283 0.191 0.250 0.205 0.071 
130 NS_SS0889    (4)    3 :  0.126 0.110 0.163 0.266 0.334 
131 NS_SS1010    (1)    3 :  0.348 0.142 0.189 0.161 0.160 
132 NS_SS0888    (5)    3 :  0.078 0.227 0.106 0.166 0.423 
133 NS_SS0837    (3)    3 :  0.128 0.118 0.313 0.345 0.096 
134 NS_SS0794    (9)    3 :  0.081 0.252 0.137 0.176 0.354 
135 NS_SS0823    (4)    3 :  0.178 0.248 0.357 0.123 0.094 
136 NS_SS0829    (7)    3 :  0.094 0.065 0.246 0.261 0.335 
137 NS_SS0844    (5)    3 :  0.136 0.104 0.570 0.122 0.067 
138 NS_SS1008    (5)    3 :  0.095 0.290 0.151 0.168 0.296 
139 NS_SS0881    (3)    3 :  0.371 0.138 0.106 0.185 0.200 
140 NS_SS0834    (6)    3 :  0.228 0.402 0.141 0.132 0.098 
141 NS_SS0744   (10)    3 :  0.254 0.156 0.226 0.179 0.185 
142 NS_SS0899    (7)    3 :  0.094 0.171 0.256 0.399 0.079 
143 NS_SS0804    (4)    3 :  0.203 0.184 0.269 0.282 0.062 
144 NS_SS0781   (10)    3 :  0.313 0.182 0.267 0.160 0.078 
145 NS_SS0822    (6)    3 :  0.096 0.252 0.311 0.152 0.188 
146 NS_SS1004    (4)    3 :  0.174 0.151 0.365 0.179 0.131 
147 NS_SS0746    (5)    3 :  0.177 0.165 0.374 0.106 0.177 
148 NS_SS0880    (3)    3 :  0.203 0.200 0.315 0.169 0.113 
149 NS_SS0879    (4)    3 :  0.134 0.289 0.224 0.212 0.140 
150 NS_SS0753    (2)    3 :  0.106 0.096 0.282 0.268 0.247 
151 NS_SS1007    (2)    3 :  0.304 0.357 0.081 0.100 0.157 
152 NS_SS0872    (5)    3 :  0.232 0.253 0.223 0.166 0.125 
153 NS_SS1005    (7)    3 :  0.224 0.189 0.359 0.123 0.105 
154 NS_SS0892    (6)    3 :  0.191 0.218 0.186 0.219 0.186 
155 NS_SS0898    (0)    3 :  0.167 0.147 0.210 0.232 0.244 
156 NS_SS0801    (9)    3 :  0.152 0.117 0.292 0.289 0.150 
157 NS_SS0827    (8)    3 :  0.178 0.098 0.156 0.357 0.211 
158 NS_SS0853    (6)    3 :  0.099 0.113 0.132 0.414 0.242 
159 NS_SS0780    (2)    3 :  0.279 0.197 0.166 0.251 0.107 
160 NS_SS0826   (10)    3 :  0.423 0.067 0.255 0.124 0.131 
161 NS_SS0818    (5)    3 :  0.235 0.271 0.174 0.245 0.075 
162 NS_SS0745    (1)    3 :  0.120 0.411 0.059 0.335 0.075 
163 NS_SS0849    (3)    3 :  0.179 0.088 0.172 0.455 0.107 
164 NS_SS0739    (3)    3 :  0.309 0.183 0.090 0.250 0.168 
165 NS_SS0799    (1)    3 :  0.078 0.241 0.227 0.190 0.265 
166 NS_SS0756    (2)    3 :  0.287 0.113 0.335 0.184 0.080 
167 NS_SS0802    (2)    3 :  0.338 0.195 0.159 0.098 0.211 
168 NS_SS0747    (6)    3 :  0.249 0.153 0.298 0.137 0.163 
169 NS_SS0835    (1)    3 :  0.203 0.139 0.158 0.094 0.405 
170 NS_SS0742   (18)    3 :  0.260 0.172 0.260 0.190 0.119 
171 NS_SS0760    (9)    3 :  0.150 0.147 0.183 0.141 0.380 
172 NS_SS0803    (4)    3 :  0.075 0.206 0.531 0.104 0.084 
173 NS_SS0828   (13)    3 :  0.138 0.155 0.178 0.350 0.179 
174 NS_SS0865    (2)    3 :  0.280 0.083 0.217 0.238 0.182 
175 NS_SS0759    (4)    3 :  0.180 0.286 0.190 0.259 0.085 
176 NS_SS0851    (5)    3 :  0.131 0.158 0.121 0.501 0.089 
177 NS_SS0874   (16)    3 :  0.121 0.180 0.465 0.141 0.092 
178 NS_SS0761    (6)    3 :  0.159 0.075 0.215 0.217 0.333 
179 NS_SS0842   (25)    3 :  0.145 0.200 0.213 0.192 0.251 
180 NS_SS0785    (6)    3 :  0.145 0.148 0.289 0.172 0.245 
181 NS_SS0860   (11)    3 :  0.165 0.135 0.190 0.102 0.408 
182 NS_SS0897    (7)    3 :  0.099 0.124 0.122 0.204 0.451 
183 NS_SS0841   (14)    3 :  0.126 0.243 0.192 0.358 0.081 
184 NS_SS0797    (6)    3 :  0.204 0.081 0.179 0.296 0.240 
185 NS_SS0830   (10)    3 :  0.242 0.131 0.182 0.273 0.171 
186 NS_SS1011    (5)    3 :  0.368 0.126 0.243 0.173 0.090 
187 NS_SS0883    (5)    3 :  0.110 0.120 0.219 0.317 0.234 
188 NS_SS0782    (2)    3 :  0.111 0.341 0.159 0.144 0.246 
189 NS_SS0831    (5)    3 :  0.092 0.090 0.148 0.324 0.346 
190 NS_SS0749    (7)    3 :  0.165 0.195 0.130 0.301 0.208 
191 NS_SS0854    (2)    3 :  0.122 0.329 0.179 0.151 0.218 
192 HI_SS0193    (0)    4 :  0.141 0.238 0.103 0.229 0.289 
193 HI_SS0194    (0)    4 :  0.253 0.377 0.146 0.105 0.118 
194 HI_SS0195    (9)    4 :  0.266 0.184 0.089 0.391 0.069 
195 HI_SS0196    (6)    4 :  0.135 0.343 0.151 0.151 0.219 
196 HI_SS0197    (3)    4 :  0.624 0.112 0.087 0.072 0.104 
197 HI_SS0198    (1)    4 :  0.165 0.138 0.150 0.313 0.235 
198 HI_SS0199    (1)    4 :  0.106 0.309 0.146 0.114 0.324 
199 HI_SS0201    (4)    4 :  0.135 0.059 0.250 0.192 0.364 
200 HI_SS0215    (1)    4 :  0.197 0.072 0.191 0.177 0.362 
201 HI_SS0218    (1)    4 :  0.073 0.173 0.082 0.201 0.472 
202 HI_SS0222    (0)    4 :  0.244 0.234 0.094 0.242 0.186 
203 HI_SS0230    (1)    4 :  0.379 0.110 0.188 0.202 0.121 
204 HI_SS0234    (1)    4 :  0.319 0.277 0.166 0.068 0.171 
205 HI_SS0240    (1)    4 :  0.141 0.407 0.120 0.156 0.176 
206 HI_SS0241    (0)    4 :  0.186 0.128 0.192 0.162 0.332 
207 HI_SS0242    (0)    4 :  0.156 0.153 0.269 0.201 0.220 
208 HI_SS0247    (0)    4 :  0.187 0.101 0.424 0.161 0.127 
209 HI_SS0248    (1)    4 :  0.063 0.283 0.244 0.097 0.314 
210 HI_SS0252    (2)    4 :  0.087 0.304 0.248 0.235 0.125 
211 HI_SS0254    (1)    4 :  0.374 0.128 0.193 0.115 0.189 
212 HI_SS0256    (0)    4 :  0.256 0.256 0.262 0.182 0.043 
213 HI_SS0257    (0)    4 :  0.206 0.143 0.281 0.062 0.309 
214 HI_SS0258    (1)    4 :  0.116 0.164 0.200 0.196 0.323 
215 HI_SS0259    (1)    4 :  0.361 0.260 0.107 0.155 0.116 
216 HI_SS0260    (1)    4 :  0.119 0.250 0.143 0.127 0.361 
217 HI_SS0261    (2)    4 :  0.303 0.177 0.234 0.086 0.199 
218 HI_SS0262    (0)    4 :  0.195 0.188 0.148 0.310 0.158 
219 HI_SS0264    (1)    4 :  0.315 0.171 0.151 0.248 0.115 
220 HI_SS0265    (0)    4 :  0.329 0.133 0.153 0.259 0.126 
221 HI_SS0268    (1)    4 :  0.317 0.173 0.062 0.234 0.214 
222 HI_SS0269    (1)    4 :  0.216 0.129 0.181 0.061 0.412 
223 HI_SS0273    (0)    4 :  0.215 0.114 0.248 0.126 0.297 
224 HI_SS0277    (1)    4 :  0.557 0.070 0.160 0.120 0.092 
225 HI_SS0280    (0)    4 :  0.160 0.208 0.101 0.354 0.176 
226 HI_SS0282    (1)    4 :  0.110 0.145 0.341 0.177 0.227 
227 HI_SS0286    (1)    4 :  0.194 0.129 0.159 0.300 0.219 
228 NS_SS1252    (3)    5 :  0.091 0.128 0.176 0.146 0.459 
229 NS_SS1261    (1)    5 :  0.256 0.155 0.222 0.182 0.184 
230 NS_SS1225    (9)    5 :  0.163 0.090 0.402 0.121 0.224 
231 NS_SS1266    (1)    5 :  0.147 0.145 0.484 0.152 0.071 
232 NS_SS1228    (0)    5 :  0.157 0.150 0.112 0.438 0.143 
233 NS_SS1255    (2)    5 :  0.101 0.478 0.155 0.098 0.168 
234 NS_SS1267    (3)    5 :  0.145 0.103 0.076 0.171 0.505 
235 NS_SS1238    (6)    5 :  0.314 0.151 0.113 0.242 0.180 
236 NS_SS1233    (8)    5 :  0.130 0.134 0.459 0.185 0.092 
237 NS_SS1277    (3)    5 :  0.110 0.295 0.082 0.184 0.328 
238 NS_SS1245    (1)    5 :  0.160 0.185 0.353 0.108 0.195 
239 NS_SS1240    (4)    5 :  0.195 0.116 0.117 0.091 0.481 
240 NS_SS1275    (2)    5 :  0.428 0.142 0.149 0.215 0.067 
241 NS_SS1235    (1)    5 :  0.191 0.343 0.265 0.059 0.142 
242 NS_SS1263    (1)    5 :  0.105 0.297 0.355 0.153 0.089 
243 NS_SS1251    (1)    5 :  0.202 0.186 0.385 0.123 0.105 
244 NS_SS1248    (0)    5 :  0.141 0.076 0.097 0.540 0.146 
245 NS_SS1244    (0)    5 :  0.414 0.082 0.229 0.128 0.148 
246 NS_SS1257    (0)    5 :  0.139 0.200 0.138 0.171 0.352 
247 NS_SS1242    (2)    5 :  0.167 0.322 0.204 0.201 0.106 
248 NS_SS1271    (6)    5 :  0.141 0.119 0.124 0.151 0.465 
249 NS_SS1265    (1)    5 :  0.207 0.128 0.176 0.154 0.336 
250 NS_SS1243    (0)    5 :  0.082 0.255 0.139 0.376 0.148 
251 NS_SS1273    (1)    5 :  0.184 0.343 0.174 0.206 0.093 
252 NS_SS1254   (14)    5 :  0.113 0.178 0.419 0.181 0.109 
253 NS_SS1224    (1)    5 :  0.140 0.162 0.301 0.292 0.105 
254 NS_SS1227    (8)    5 :  0.285 0.177 0.141 0.096 0.301 
255 NS_SS1274    (8)    5 :  0.131 0.203 0.184 0.205 0.277 
256 NS_SS1241    (1)    5 :  0.167 0.136 0.283 0.169 0.245 
257 NS_SS1256    (3)    5 :  0.248 0.122 0.333 0.089 0.209 
258 NS_SS1260    (8)    5 :  0.124 0.177 0.195 0.126 0.378 
259 NS_SS1262    (0)    5 :  0.217 0.088 0.268 0.203 0.223 
260 NS_SS1230    (0)    5 :  0.164 0.189 0.186 0.205 0.256 
261 NS_SS1270    (2)    5 :  0.163 0.079 0.322 0.336 0.100 
262 NS_SS1229    (2)    5 :  0.315 0.346 0.183 0.056 0.101 
263 NS_SS1246    (5)    5 :  0.299 0.205 0.124 0.096 0.276 
264 NS_SS1269    (0)    5 :  0.171 0.232 0.189 0.245 0.162 
265 NS_SS1239    (1)    5 :  0.103 0.329 0.146 0.308 0.113 
266 NS_SS1272    (4)    5 :  0.552 0.091 0.147 0.099 0.111 
267 NS_SS1268    (1)    5 :  0.077 0.117 0.320 0.392 0.095 
268 NS_SS1249    (0)    5 :  0.085 0.206 0.157 0.093 0.460 
269 HI_SS0559    (0)    6 :  0.078 0.237 0.205 0.281 0.200 
270 HI_SS0563    (1)    6 :  0.222 0.165 0.259 0.182 0.173 
271 HI_SS0564    (0)    6 :  0.260 0.174 0.220 0.215 0.131 
272 HI_SS0565    (0)    6 :  0.329 0.117 0.221 0.120 0.212 
273 HI_SS0569    (0)    6 :  0.142 0.059 0.390 0.151 0.258 
274 HI_SS0570    (0)    6 :  0.175 0.156 0.087 0.212 0.370 
275 HI_SS0572    (1)    6 :  0.173 0.394 0.225 0.096 0.113 
276 HI_SS0576    (0)    6 :  0.182 0.218 0.130 0.372 0.098 
277 HI_SS0579    (1)    6 :  0.082 0.154 0.458 0.110 0.195 
278 HI_SS0580    (1)    6 :  0.093 0.270 0.144 0.184 0.309 
279 HI_SS0581    (0)    6 :  0.409 0.128 0.093 0.290 0.080 
280 HI_SS0583    (1)    6 :  0.125 0.222 0.202 0.090 0.361 
281 HI_SS0586    (1)    6 :  0.132 0.089 0.100 0.257 0.421 
282 HI_SS0588    (1)    6 :  0.113 0.150 0.288 0.173 0.275 
283 HI_SS0595    (4)    6 :  0.375 0.142 0.126 0.089 0.268 
284 HI_SS0596    (0)    6 :  0.091 0.483 0.189 0.135 0.102 
285 HI_SS0597    (1)    6 :  0.264 0.306 0.198 0.110 0.123 
286 HI_SS0600    (0)    6 :  0.259 0.159 0.162 0.147 0.272 
287 HI_SS0601    (1)    6 :  0.259 0.066 0.339 0.181 0.155 
288 HI_SS0602    (1)    6 :  0.106 0.164 0.102 0.340 0.289 
289 HI_SS0604    (0)    6 :  0.097 0.203 0.293 0.259 0.148 
290 HI_SS0605    (1)    6 :  0.103 0.159 0.157 0.336 0.245 
291 HI_SS0608    (0)    6 :  0.150 0.262 0.117 0.305 0.165 
292 HI_SS0609    (0)    6 :  0.216 0.204 0.362 0.115 0.104 
293 HI_SS0611    (5)    6 :  0.091 0.124 0.115 0.328 0.342 
294 HI_SS0612    (1)    6 :  0.105 0.180 0.486 0.054 0.175 
295 HI_SS0613    (1)    6 :  0.105 0.115 0.180 0.429 0.172 
296 HI_SS0615    (0)    6 :  0.231 0.335 0.119 0.234 0.081 
297 HI_SS0001    (1)    6 :  0.215 0.314 0.115 0.098 0.258 
298 HI_SS0002    (1)    6 :  0.247 0.214 0.308 0.141 0.089 
299 HI_SS0004    (0)    6 :  0.113 0.258 0.100 0.206 0.323 
300 HI_SS0005    (1)    6 :  0.205 0.114 0.096 0.436 0.150 
301 HI_SS0006    (1)    6 :  0.211 0.124 0.298 0.100 0.266 
302 HI_SS0007    (1)    6 :  0.068 0.145 0.089 0.432 0.266 
303 HI_SS0008    (0)    6 :  0.331 0.124 0.194 0.221 0.131 
304 HI_SS0009    (0)    6 :  0.078 0.309 0.186 0.330 0.097 
305 HI_SS0010    (1)    6 :  0.200 0.121 0.171 0.291 0.217 
306 HI_SS0011    (1)    6 :  0.282 0.090 0.351 0.179 0.099 
307 HI_SS0012    (0)    6 :  0.362 0.190 0.176 0.180 0.092 
308 HI_SS0017    (1)    6 :  0.163 0.442 0.114 0.151 0.131 
309 HI_SS0021    (1)    6 :  0.309 0.128 0.122 0.162 0.279 
310 HI_SS0024    (1)    6 :  0.304 0.233 0.094 0.259 0.110 
311 HI_SS0025    (1)    6 :  0.101 0.348 0.194 0.238 0.118 
312 HI_SS0027    (0)    6 :  0.083 0.142 0.275 0.253 0.247 
313 HI_SS0028    (0)    6 :  0.370 0.150 0.086 0.330 0.063 
314 HI_SS0029    (1)    6 :  0.213 0.292 0.079 0.193 0.222 
315 HI_SS0030    (2)    6 :  0.193 0.205 0.205 0.188 0.208 
316 HI_SS0031    (0)    6 :  0.314 0.211 0.225 0.092 0.158 
317 HI_SS0034    (0)    6 :  0.105 0.166 0.304 0.101 0.324 
318 HI_SS0036    (0)    6 :  0.293 0.099 0.048 0.209 0.351 
319 HI_SS0037    (1)    6 :  0.104 0.107 0.163 0.259 0.366 
320 HI_SS0039    (0)    6 :  0.171 0.103 0.102 0.347 0.277 
321 HI_SS0041    (1)    6 :  0.180 0.239 0.096 0.374 0.112 
322 HI_SS0042    (1)    6 :  0.304 0.231 0.180 0.195 0.091 
323 HI_SS0043    (1)    6 :  0.253 0.075 0.108 0.153 0.412 
324 HI_SS0044    (1)    6 :  0.109 0.377 0.078 0.138 0.298 
325 HI_SS0047    (1)    6 :  0.175 0.264 0.217 0.226 0.118 
326 HI_SS0049    (0)    6 :  0.109 0.362 0.235 0.157 0.138 
327 HI_SS0051    (1)    6 :  0.110 0.096 0.285 0.367 0.142 
328 HI_SS0053    (1)    6 :  0.291 0.107 0.153 0.099 0.350 
329 HI_SS0054    (4)    6 :  0.129 0.063 0.334 0.199 0.275 
330 HI_SS0057    (0)    6 :  0.223 0.151 0.175 0.327 0.125 
331 HI_SS0058    (0)    6 :  0.109 0.191 0.225 0.172 0.303 
332 HI_SS0060    (0)    6 :  0.299 0.091 0.186 0.298 0.127 
333 HI_SS0087    (1)    6 :  0.287 0.153 0.245 0.122 0.193 
334 HI_SS0091    (0)    6 :  0.274 0.095 0.150 0.070 0.410 
335 HI_SS0095    (1)    6 :  0.283 0.154 0.203 0.146 0.214 
336 HI_SS0097    (3)    6 :  0.152 0.117 0.508 0.119 0.105 
337 HI_SS0099    (0)    6 :  0.146 0.304 0.124 0.247 0.179 
338 HI_SS0103    (0)    6 :  0.242 0.312 0.184 0.109 0.152 
339 HI_SS0105    (1)    6 :  0.371 0.091 0.230 0.168 0.140 
340 HI_SS0107    (1)    6 :  0.205 0.409 0.199 0.111 0.075 
341 HI_SS0108    (1)    6 :  0.130 0.107 0.147 0.123 0.493 
342 HI_SS0110    (0)    6 :  0.420 0.170 0.117 0.077 0.215 
343 HI_SS0111    (1)    6 :  0.316 0.187 0.109 0.208 0.180 
344 HI_SS0112    (0)    6 :  0.158 0.145 0.124 0.135 0.439 
345 HI_SS0113    (1)    6 :  0.301 0.281 0.161 0.160 0.097 
346 HI_SS0114    (1)    6 :  0.127 0.084 0.211 0.292 0.287 
347 HI_SS0115    (1)    6 :  0.065 0.326 0.217 0.191 0.200 
348 HI_SS0116    (4)    6 :  0.111 0.324 0.137 0.095 0.332 
349 HI_SS0117    (0)    6 :  0.338 0.094 0.256 0.067 0.245 
350 HI_SS0118    (0)    6 :  0.192 0.164 0.232 0.106 0.306 
351 HI_SS0119    (1)    6 :  0.371 0.078 0.201 0.130 0.220 
352 HI_SS0120    (1)    6 :  0.342 0.384 0.118 0.079 0.078 
353 HI_SS0121    (1)    6 :  0.463 0.070 0.154 0.238 0.076 
354 HI_SS0122    (2)    6 :  0.300 0.152 0.137 0.208 0.203 
355 HI_SS0123    (0)    6 :  0.290 0.173 0.261 0.098 0.179 
356 HI_SS0124    (1)    6 :  0.110 0.435 0.137 0.231 0.087 
357 HI_SS0125    (1)    6 :  0.258 0.245 0.140 0.271 0.085 
358 HI_SS0126    (0)    6 :  0.122 0.258 0.106 0.112 0.402 
359 HI_SS0127    (0)    6 :  0.113 0.100 0.239 0.409 0.139 
360 HI_SS0128    (0)    6 :  0.233 0.293 0.214 0.099 0.162 
361 HI_SS0129    (1)    6 :  0.191 0.210 0.103 0.186 0.311 
362 HI_SS0131    (2)    6 :  0.147 0.074 0.222 0.305 0.252 
363 HI_SS0132    (0)    6 :  0.334 0.107 0.211 0.174 0.174 
364 HI_SS0133    (1)    6 :  0.116 0.152 0.102 0.150 0.480 
365 HI_SS0134    (1)    6 :  0.192 0.171 0.280 0.146 0.211 
366 HI_SS0142    (3)    6 :  0.295 0.097 0.283 0.173 0.152 
367 HI_SS0145    (0)    6 :  0.123 0.213 0.336 0.109 0.220 
368 HI_SS0146    (1)    6 :  0.095 0.171 0.284 0.202 0.248 
369 HI_SS0147    (1)    6 :  0.157 0.116 0.229 0.394 0.103 
370 HI_SS0149    (1)    6 :  0.522 0.076 0.152 0.085 0.165 
371 HI_SS0150    (2)    6 :  0.192 0.244 0.166 0.303 0.095 
372 HI_SS0151    (0)    6 :  0.074 0.326 0.193 0.198 0.209 
373 NS_SS1451    (1)    6 :  0.194 0.311 0.121 0.286 0.089 
374 NS_SS1404    (0)    6 :  0.167 0.154 0.119 0.394 0.166 
375 NS_SS1432    (2)    6 :  0.399 0.299 0.062 0.157 0.082 
376 NS_SS1405    (4)    6 :  0.160 0.335 0.125 0.183 0.196 
377 NS_SS1431   (10)    6 :  0.363 0.269 0.137 0.145 0.085 
378 NS_SS1402    (3)    6 :  0.292 0.190 0.191 0.112 0.215 
379 NS_SS1450    (3)    6 :  0.129 0.266 0.118 0.184 0.303 
380 NS_SS1396    (0)    6 :  0.246 0.178 0.167 0.245 0.164 
381 NS_SS1393    (5)    6 :  0.161 0.223 0.152 0.204 0.260 
382 NS_SS1392   (10)    6 :  0.136 0.383 0.088 0.251 0.142 
383 NS_SS1445    (0)    6 :  0.233 0.083 0.225 0.178 0.281 
384 NS_SS1423    (0)    6 :  0.333 0.223 0.132 0.086 0.227 
385 NS_SS1421    (9)    6 :  0.302 0.160 0.188 0.155 0.196 
386 NS_SS1411    (6)    6 :  0.083 0.111 0.116 0.411 0.279 
387 NS_SS1453    (5)    6 :  0.372 0.114 0.101 0.150 0.264 
388 NS_SS1442    (2)    6 :  0.128 0.174 0.369 0.178 0.151 
389 NS_SS1422    (1)    6 :  0.167 0.233 0.359 0.090 0.152 
390 NS_SS1419    (1)    6 :  0.107 0.099 0.407 0.270 0.117 
391 NS_SS1427    (0)    6 :  0.145 0.263 0.064 0.085 0.444 
392 NS_SS1444    (3)    6 :  0.118 0.203 0.244 0.311 0.124 
393 NS_SS1455    (0)    6 :  0.171 0.325 0.296 0.118 0.090 
394 NS_SS1425    (2)    6 :  0.146 0.076 0.226 0.162 0.389 
395 NS_SS1400    (0)    6 :  0.108 0.121 0.251 0.200 0.320 
396 NS_SS1406    (1)    6 :  0.334 0.145 0.345 0.112 0.064 
397 NS_SS1417    (6)    6 :  0.202 0.191 0.231 0.170 0.206 
398 NS_SS1454    (2)    6 :  0.360 0.092 0.106 0.178 0.264 
399 NS_SS1412    (1)    6 :  0.160 0.209 0.145 0.222 0.264 
400 NS_SS1438    (1)    6 :  0.122 0.075 0.264 0.207 0.332 
401 NS_SS1416    (4)    6 :  0.223 0.164 0.200 0.217 0.196 
402 NS_SS1401    (0)    6 :  0.383 0.139 0.179 0.110 0.189 
403 NS_SS1424    (6)    6 :  0.361 0.121 0.156 0.166 0.196 
404 NS_SS1435    (9)    6 :  0.209 0.275 0.085 0.267 0.164 
405 NS_SS1447    (4)    6 :  0.167 0.153 0.301 0.269 0.110 
406 NS_SS1414    (3)    6 :  0.116 0.217 0.228 0.343 0.096 
407 NS_SS1449   (14)    6 :  0.294 0.235 0.164 0.147 0.161 
408 NS_SS1443    (4)    6 :  0.117 0.231 0.254 0.071 0.326 
409 NS_SS1434    (1)    6 :  0.098 0.437 0.172 0.083 0.211 
410 NS_SS1398    (1)    6 :  0.205 0.318 0.125 0.201 0.151 
411 NS_SS1426    (1)    6 :  0.182 0.149 0.136 0.160 0.372 
412 NS_SS1413    (0)    6 :  0.144 0.268 0.191 0.121 0.276 
413 NS_SS1395    (1)    6 :  0.275 0.153 0.172 0.107 0.294 
414 NS_SS1448   (10)    6 :  0.127 0.184 0.091 0.348 0.251 
415 NS_SS1446    (0)    6 :  0.235 0.155 0.167 0.132 0.311 
416 NS_SS1403    (2)    6 :  0.441 0.180 0.105 0.152 0.121 
417 NS_SS1415    (0)    6 :  0.138 0.177 0.159 0.224 0.302 
418 NS_SS1437    (4)    6 :  0.398 0.133 0.144 0.193 0.133 
419 NS_SS1439    (2)    6 :  0.161 0.169 0.348 0.134 0.188 
420 NS_SS1441    (3)    6 :  0.149 0.247 0.211 0.101 0.293 
421 NS_SS1420    (2)    6 :  0.066 0.158 0.101 0.568 0.107 
422 NS_SS1394    (2)    6 :  0.235 0.188 0.114 0.368 0.095 
423 NS_SS1391    (7)    6 :  0.178 0.368 0.093 0.094 0.267 
424 NS_SS1410    (5)    6 :  0.288 0.174 0.149 0.139 0.250 
425 NS_SS1408    (1)    6 :  0.332 0.129 0.225 0.192 0.122 
426 NS_SS1409    (1)    6 :  0.148 0.365 0.164 0.084 0.239 
427 HI_SS0617    (1)    7 :  0.112 0.310 0.132 0.143 0.304 
428 HI_SS0618    (2)    7 :  0.128 0.273 0.189 0.277 0.133 
429 HI_SS0619    (0)    7 :  0.137 0.300 0.111 0.218 0.234 
430 HI_SS0620    (1)    7 :  0.061 0.141 0.118 0.282 0.399 
431 HI_SS0621    (3)    7 :  0.253 0.210 0.207 0.195 0.136 
432 HI_SS0622    (1)    7 :  0.131 0.172 0.297 0.215 0.184 
433 HI_SS0626    (0)    7 :  0.202 0.103 0.097 0.429 0.169 
434 HI_SS0627    (0)    7 :  0.437 0.196 0.111 0.148 0.108 
435 HI_SS0628    (3)    7 :  0.257 0.140 0.093 0.188 0.323 
436 HI_SS0629    (1)    7 :  0.275 0.109 0.182 0.205 0.230 
437 HI_SS0630    (1)    7 :  0.100 0.202 0.178 0.261 0.260 
438 HI_SS0631    (0)    7 :  0.168 0.156 0.141 0.297 0.238 
439 HI_SS0632    (0)    7 :  0.140 0.109 0.258 0.335 0.157 
440 HI_SS0633    (0)    7 :  0.087 0.444 0.167 0.131 0.171 
441 HI_SS0634    (1)    7 :  0.300 0.131 0.126 0.253 0.190 
442 HI_SS0635    (0)    7 :  0.183 0.197 0.202 0.306 0.112 
443 HI_SS0637    (1)    7 :  0.222 0.079 0.297 0.233 0.169 
444 HI_SS0638    (0)    7 :  0.182 0.252 0.170 0.211 0.186 
445 HI_SS0639    (1)    7 :  0.202 0.202 0.210 0.275 0.111 
446 HI_SS0640    (1)    7 :  0.120 0.198 0.371 0.172 0.139 
447 HI_SS0641    (1)    7 :  0.111 0.096 0.130 0.341 0.322 
448 HI_SS0642    (0)    7 :  0.517 0.145 0.136 0.118 0.083 
449 HI_SS0645    (0)    7 :  0.080 0.238 0.164 0.440 0.078 
450 HI_SS0646    (1)    7 :  0.194 0.321 0.206 0.094 0.185 
451 HI_SS0647    (1)    7 :  0.246 0.280 0.159 0.167 0.148 
452 HI_SS0648    (0)    7 :  0.161 0.211 0.240 0.214 0.173 
453 HI_SS0649    (1)    7 :  0.160 0.243 0.231 0.162 0.204 
454 HI_SS0650    (1)    7 :  0.183 0.445 0.117 0.136 0.119 
455 HI_SS0651    (1)    7 :  0.161 0.240 0.238 0.190 0.170 
456 HI_SS0652    (1)    7 :  0.099 0.230 0.116 0.451 0.103 
457 NS_SS1371    (3)    7 :  0.316 0.200 0.144 0.079 0.261 
458 NS_SS1374    (0)    7 :  0.299 0.126 0.074 0.209 0.292 
459 NS_SS1337    (3)    7 :  0.323 0.155 0.115 0.309 0.097 
460 NS_SS1385    (5)    7 :  0.171 0.296 0.257 0.122 0.154 
461 NS_SS1388    (0)    7 :  0.190 0.270 0.108 0.201 0.232 
462 NS_SS1370    (1)    7 :  0.128 0.083 0.122 0.587 0.079 
463 NS_SS1389    (3)    7 :  0.177 0.273 0.093 0.303 0.155 
464 NS_SS1360    (1)    7 :  0.143 0.107 0.246 0.277 0.227 
465 NS_SS1330    (0)    7 :  0.129 0.244 0.233 0.298 0.097 
466 NS_SS1328    (8)    7 :  0.166 0.349 0.139 0.074 0.273 
467 NS_SS1384    (1)    7 :  0.234 0.104 0.279 0.187 0.196 
468 NS_SS1381    (0)    7 :  0.126 0.474 0.196 0.123 0.081 
469 NS_SS1375    (1)    7 :  0.154 0.384 0.067 0.252 0.143 
470 NS_SS1319   (10)    7 :  0.313 0.178 0.116 0.191 0.202 
471 NS_SS1326    (2)    7 :  0.151 0.249 0.091 0.121 0.388 
472 NS_SS1341    (1)    7 :  0.361 0.072 0.221 0.111 0.235 
473 NS_SS1383    (1)    7 :  0.455 0.084 0.108 0.212 0.141 
474 NS_SS1318    (3)    7 :  0.098 0.204 0.227 0.289 0.182 
475 NS_SS1348    (2)    7 :  0.194 0.099 0.215 0.157 0.335 
476 NS_SS1363    (0)    7 :  0.202 0.164 0.240 0.273 0.122 
477 NS_SS1335    (4)    7 :  0.188 0.073 0.304 0.217 0.217 
478 NS_SS1358    (0)    7 :  0.231 0.127 0.339 0.107 0.196 
479 NS_SS1342    (1)    7 :  0.372 0.110 0.217 0.061 0.240 
480 NS_SS1320    (2)    7 :  0.108 0.526 0.239 0.080 0.047 
481 NS_SS1355    (1)    7 :  0.125 0.196 0.410 0.161 0.108 
482 NS_SS1345    (1)    7 :  0.084 0.120 0.600 0.126 0.069 
483 NS_SS1324    (0)    7 :  0.209 0.145 0.180 0.190 0.276 
484 NS_SS1347    (5)    7 :  0.254 0.194 0.244 0.154 0.156 
485 NS_SS1321    (4)    7 :  0.354 0.111 0.085 0.151 0.300 
486 NS_SS1333    (0)    7 :  0.376 0.131 0.055 0.133 0.304 
487 NS_SS1364    (1)    7 :  0.170 0.092 0.424 0.114 0.200 
488 NS_SS1379    (0)    7 :  0.158 0.289 0.252 0.165 0.136 
489 NS_SS1332    (0)    7 :  0.220 0.135 0.110 0.147 0.388 
490 NS_SS1338    (5)    7 :  0.178 0.120 0.141 0.341 0.220 
491 NS_SS1368    (6)    7 :  0.241 0.111 0.283 0.090 0.275 
492 NS_SS1354    (1)    7 :  0.255 0.163 0.274 0.152 0.157 
493 NS_SS1365    (0)    7 :  0.189 0.203 0.211 0.270 0.128 
494 NS_SS1380    (1)    7 :  0.192 0.154 0.309 0.240 0.104 
495 NS_SS1329    (8)    7 :  0.409 0.104 0.193 0.065 0.229 
496 NS_SS1362    (0)    7 :  0.275 0.225 0.198 0.123 0.179 
497 NS_SS1327    (2)    7 :  0.121 0.120 0.074 0.143 0.542 
498 NS_SS1350    (0)    7 :  0.149 0.399 0.078 0.086 0.287 
499 NS_SS1387    (2)    7 :  0.127 0.146 0.168 0.399 0.159 
500 NS_SS1369    (8)    7 :  0.122 0.094 0.331 0.180 0.273 
501 NS_SS1331    (1)    7 :  0.254 0.154 0.090 0.290 0.212 
502 NS_SS1357    (4)    7 :  0.163 0.424 0.111 0.063 0.239 
503 NS_SS1386    (1)    7 :  0.312 0.066 0.178 0.072 0.372 
504 NS_SS1353    (2)    7 :  0.242 0.341 0.127 0.125 0.166 
505 NS_SS1323    (0)    7 :  0.305 0.205 0.248 0.152 0.090 
506 HI_SS0296    (0)    8 :  0.075 0.155 0.192 0.306 0.272 
507 HI_SS0297    (0)    8 :  0.415 0.282 0.082 0.105 0.117 
508 HI_SS0299    (0)    8 :  0.182 0.147 0.296 0.197 0.177 
509 HI_SS0300    (0)    8 :  0.085 0.144 0.371 0.250 0.150 
510 HI_SS0301    (0)    8 :  0.252 0.056 0.187 0.400 0.105 
511 HI_SS0302    (0)    8 :  0.093 0.099 0.201 0.365 0.243 
512 HI_SS0303    (0)    8 :  0.106 0.281 0.170 0.113 0.330 
513 HI_SS0304    (0)    8 :  0.183 0.273 0.075 0.287 0.183 
514 HI_SS0306    (5)    8 :  0.119 0.115 0.139 0.311 0.316 
515 HI_SS0307    (1)    8 :  0.184 0.206 0.270 0.212 0.127 
516 HI_SS0308    (1)    8 :  0.270 0.120 0.290 0.210 0.110 
517 HI_SS0309    (0)    8 :  0.153 0.121 0.406 0.196 0.124 
518 HI_SS0310    (0)    8 :  0.124 0.289 0.201 0.202 0.184 
519 HI_SS0311    (3)    8 :  0.174 0.107 0.219 0.340 0.160 
520 HI_SS0314    (0)    8 :  0.188 0.369 0.116 0.127 0.200 
521 HI_SS0316    (1)    8 :  0.178 0.171 0.235 0.160 0.256 
522 HI_SS0317    (3)    8 :  0.360 0.125 0.143 0.241 0.132 
523 HI_SS0318    (1)    8 :  0.307 0.081 0.136 0.160 0.316 
524 HI_SS0319    (0)    8 :  0.095 0.122 0.260 0.073 0.450 
525 HI_SS0320    (3)    8 :  0.464 0.208 0.061 0.166 0.101 
526 HI_SS0321    (0)    8 :  0.349 0.173 0.125 0.135 0.218 
527 HI_SS0323    (1)    8 :  0.125 0.167 0.142 0.257 0.310 
528 HI_SS0325    (2)    8 :  0.129 0.097 0.155 0.334 0.286 
529 HI_SS0327    (1)    8 :  0.163 0.270 0.231 0.050 0.286 
530 HI_SS0329    (1)    8 :  0.242 0.195 0.135 0.289 0.140 
531 HI_SS0333    (1)    8 :  0.236 0.194 0.188 0.193 0.189 
532 HI_SS0334    (1)    8 :  0.194 0.103 0.258 0.163 0.282 
533 HI_SS0335    (1)    8 :  0.214 0.167 0.378 0.148 0.093 
534 HI_SS0339    (0)    8 :  0.133 0.157 0.354 0.244 0.112 
535 HI_SS0343    (2)    8 :  0.281 0.190 0.323 0.096 0.110 
536 HI_SS0344    (1)    8 :  0.169 0.095 0.114 0.121 0.501 
537 HI_SS0345    (3)    8 :  0.223 0.106 0.259 0.259 0.153 
538 HI_SS0346    (0)    8 :  0.389 0.108 0.092 0.199 0.212 
539 HI_SS0350    (1)    8 :  0.076 0.179 0.503 0.180 0.061 
540 HI_SS0351    (0)    8 :  0.222 0.110 0.448 0.103 0.118 
541 HI_SS0352    (3)    8 :  0.262 0.165 0.290 0.150 0.133 
542 HI_SS0362    (0)    8 :  0.123 0.143 0.141 0.429 0.164 
543 HI_SS0363    (1)    8 :  0.119 0.199 0.247 0.094 0.341 
544 HI_SS0365    (0)    8 :  0.125 0.210 0.260 0.110 0.295 
545 HI_SS0366    (0)    8 :  0.107 0.143 0.155 0.168 0.428 
546 HI_SS0367    (1)    8 :  0.216 0.285 0.223 0.163 0.113 
547 HI_SS0369    (1)    8 :  0.172 0.215 0.221 0.285 0.107 
548 HI_SS0370    (0)    8 :  0.226 0.381 0.153 0.072 0.167 
549 HI_SS0371    (4)    8 :  0.153 0.109 0.144 0.259 0.335 
550 HI_SS0373    (3)    8 :  0.126 0.267 0.172 0.227 0.208 
551 HI_SS0374    (0)    8 :  0.224 0.262 0.196 0.190 0.128 
552 HI_SS0377    (0)    8 :  0.163 0.072 0.422 0.169 0.174 
553 HI_SS0379    (1)    8 :  0.212 0.066 0.122 0.097 0.504 
554 HI_SS0380    (1)    8 :  0.193 0.217 0.272 0.177 0.141 
555 HI_SS0381    (2)    8 :  0.231 0.116 0.318 0.245 0.089 
556 HI_SS0384    (3)    8 :  0.243 0.275 0.062 0.144 0.277 
557 HI_SS0385    (1)    8 :  0.160 0.211 0.091 0.302 0.236 


Estimated Allele Frequencies in each cluster
First column gives estimated ancestral frequencies


Locus 1 : 
2 alleles
3.4% missing data
   1   (0.736) 0.796 0.771 0.718 0.683 0.725 
   2   (0.264) 0.204 0.229 0.282 0.317 0.275 

Locus 2 : 
2 alleles
4.3% missing data
   1   (0.884) 0.868 0.847 0.906 0.908 0.917 
   2   (0.116) 0.132 0.153 0.094 0.092 0.083 

Locus 3 : 
2 alleles
3.9% missing data
   1   (0.860) 0.867 0.855 0.890 0.857 0.867 
   2   (0.140) 0.133 0.145 0.110 0.143 0.133 

Locus 4 : 
2 alleles
2.7% missing data
   1   (0.887) 0.827 0.915 0.918 0.892 0.912 
   2   (0.113) 0.173 0.085 0.082 0.108 0.088 

Locus 5 : 
2 alleles
2.7% missing data
   1   (0.823) 0.872 0.794 0.828 0.832 0.797 
   2   (0.177) 0.128 0.206 0.172 0.168 0.203 

Locus 6 : 
2 alleles
3.2% missing data
   1   (0.789) 0.818 0.812 0.770 0.817 0.754 
   2   (0.211) 0.182 0.188 0.230 0.183 0.246 

Locus 7 : 
2 alleles
3.8% missing data
   1   (0.800) 0.798 0.844 0.811 0.794 0.789 
   2   (0.200) 0.202 0.156 0.189 0.206 0.211 

Locus 8 : 
2 alleles
4.8% missing data
   1   (0.704) 0.728 0.691 0.697 0.735 0.682 
   2   (0.296) 0.272 0.309 0.303 0.265 0.318 

Locus 9 : 
2 alleles
3.1% missing data
   1   (0.793) 0.835 0.809 0.788 0.813 0.729 
   2   (0.207) 0.165 0.191 0.212 0.187 0.271 

Locus 10 : 
2 alleles
4.7% missing data
   1   (0.886) 0.864 0.932 0.889 0.895 0.889 
   2   (0.114) 0.136 0.068 0.111 0.105 0.111 

Locus 11 : 
2 alleles
3.2% missing data
   1   (0.860) 0.843 0.899 0.899 0.855 0.833 
   2   (0.140) 0.157 0.101 0.101 0.145 0.167 

Locus 12 : 
2 alleles
4.8% missing data
   1   (0.729) 0.762 0.700 0.718 0.743 0.742 
   2   (0.271) 0.238 0.300 0.282 0.257 0.258 

Locus 13 : 
2 alleles
4.7% missing data
   1   (0.884) 0.922 0.909 0.871 0.876 0.876 
   2   (0.116) 0.078 0.091 0.129 0.124 0.124 

Locus 14 : 
2 alleles
3.9% missing data
   1   (0.872) 0.859 0.915 0.874 0.883 0.872 
   2   (0.128) 0.141 0.085 0.126 0.117 0.128 

Locus 15 : 
2 alleles
3.9% missing data
   1   (0.506) 0.509 0.473 0.497 0.516 0.531 
   2   (0.494) 0.491 0.527 0.503 0.484 0.469 

Locus 16 : 
2 alleles
4.3% missing data
   1   (0.606) 0.555 0.610 0.628 0.696 0.549 
   2   (0.394) 0.445 0.390 0.372 0.304 0.451 

Locus 17 : 
2 alleles
4.1% missing data
   1   (0.772) 0.764 0.768 0.805 0.798 0.747 
   2   (0.228) 0.236 0.232 0.195 0.202 0.253 

Locus 18 : 
2 alleles
2.3% missing data
   1   (0.891) 0.893 0.893 0.879 0.901 0.928 
   2   (0.109) 0.107 0.107 0.121 0.099 0.072 

Locus 19 : 
2 alleles
4.3% missing data
   1   (0.708) 0.688 0.700 0.723 0.758 0.693 
   2   (0.292) 0.312 0.300 0.277 0.242 0.307 

Locus 20 : 
2 alleles
3.2% missing data
   1   (0.882) 0.841 0.921 0.838 0.921 0.917 
   2   (0.118) 0.159 0.079 0.162 0.079 0.083 

Locus 21 : 
2 alleles
3.4% missing data
   1   (0.561) 0.554 0.578 0.649 0.565 0.442 
   2   (0.439) 0.446 0.422 0.351 0.435 0.558 

Locus 22 : 
2 alleles
4.8% missing data
   1   (0.852) 0.873 0.848 0.872 0.856 0.843 
   2   (0.148) 0.127 0.152 0.128 0.144 0.157 

Locus 23 : 
2 alleles
4.3% missing data
   1   (0.880) 0.902 0.842 0.914 0.881 0.887 
   2   (0.120) 0.098 0.158 0.086 0.119 0.113 

Locus 24 : 
2 alleles
3.2% missing data
   1   (0.544) 0.590 0.505 0.514 0.573 0.530 
   2   (0.456) 0.410 0.495 0.486 0.427 0.470 

Locus 25 : 
2 alleles
4.3% missing data
   2   (0.468) 0.408 0.511 0.445 0.478 0.515 
   1   (0.532) 0.592 0.489 0.555 0.522 0.485 

Locus 26 : 
2 alleles
4.3% missing data
   1   (0.838) 0.815 0.818 0.843 0.867 0.878 
   2   (0.162) 0.185 0.182 0.157 0.133 0.122 

Locus 27 : 
2 alleles
2.2% missing data
   1   (0.600) 0.584 0.566 0.581 0.629 0.652 
   2   (0.400) 0.416 0.434 0.419 0.371 0.348 

Locus 28 : 
2 alleles
4.1% missing data
   1   (0.858) 0.837 0.909 0.817 0.881 0.887 
   2   (0.142) 0.163 0.091 0.183 0.119 0.113 

Locus 29 : 
2 alleles
1.8% missing data
   1   (0.877) 0.888 0.887 0.899 0.872 0.877 
   2   (0.123) 0.112 0.113 0.101 0.128 0.123 

Locus 30 : 
2 alleles
4.5% missing data
   1   (0.864) 0.831 0.863 0.895 0.883 0.884 
   2   (0.136) 0.169 0.137 0.105 0.117 0.116 

Locus 31 : 
2 alleles
4.3% missing data
   1   (0.785) 0.774 0.824 0.732 0.823 0.810 
   2   (0.215) 0.226 0.176 0.268 0.177 0.190 

Locus 32 : 
2 alleles
