

----------------------------------------------------
STRUCTURE by Pritchard, Stephens and Donnelly (2000)
     and Falush, Stephens and Pritchard (2003)
       Code by Pritchard, Falush and Hubisz
             Version 2.3.4 (Jul 2012)
----------------------------------------------------



Command line arguments:   /home/genobiwan/Documents/Programs/Structure/structure -m parameter_job_k8_r5 
Input File:    /media/genobiwan/Storage/Projets/Mackerel_NWA_2021/data_job_k8_r5

Run parameters:
   557 individuals
   3930 loci
   8 populations assumed
   100000 Burn-in period
   200000 Reps


--------------------------------------------
Proportion of membership of each pre-defined
 population in each of the 8 clusters

Given    Inferred Clusters                                          Number of
 Pop       1      2      3      4      5      6      7      8      Individuals

  1:     0.110  0.131  0.128  0.118  0.134  0.128  0.134  0.117       67
  2:     0.111  0.147  0.107  0.140  0.108  0.114  0.119  0.155       32
  3:     0.114  0.121  0.131  0.139  0.140  0.112  0.122  0.121       92
  4:     0.143  0.109  0.105  0.126  0.115  0.143  0.127  0.131       36
  5:     0.137  0.116  0.121  0.124  0.151  0.123  0.106  0.123       41
  6:     0.129  0.124  0.127  0.121  0.114  0.132  0.128  0.124      158
  7:     0.123  0.130  0.115  0.126  0.120  0.127  0.136  0.122       79
  8:     0.130  0.119  0.141  0.120  0.128  0.121  0.127  0.113       52
--------------------------------------------

Allele-freq. divergence among pops (Net nucleotide distance),
computed using point estimates of P.

      1       2       3       4       5       6       7       8      
 1      -    0.0079  0.0058  0.0070  0.0075  0.0066  0.0056  0.0066  
 2   0.0079     -    0.0065  0.0060  0.0068  0.0063  0.0057  0.0060  
 3   0.0058  0.0065     -    0.0050  0.0054  0.0055  0.0043  0.0061  
 4   0.0070  0.0060  0.0050     -    0.0057  0.0055  0.0050  0.0065  
 5   0.0075  0.0068  0.0054  0.0057     -    0.0056  0.0051  0.0061  
 6   0.0066  0.0063  0.0055  0.0055  0.0056     -    0.0047  0.0061  
 7   0.0056  0.0057  0.0043  0.0050  0.0051  0.0047     -    0.0054  
 8   0.0066  0.0060  0.0061  0.0065  0.0061  0.0061  0.0054     -    

Average distances (expected heterozygosity) between individuals in same cluster:
cluster  1  : 0.3071 
cluster  2  : 0.3082 
cluster  3  : 0.3094 
cluster  4  : 0.3084 
cluster  5  : 0.3076 
cluster  6  : 0.3100 
cluster  7  : 0.3129 
cluster  8  : 0.3111 

--------------------------------------------
Estimated Ln Prob of Data   = -2072127.8
Mean value of ln likelihood = -2058279.0
Variance of ln likelihood   = 27697.6
Mean value of alpha         = 1.5226

Mean value of Fst_1         = 0.0765
Mean value of Fst_2         = 0.0762
Mean value of Fst_3         = 0.0686
Mean value of Fst_4         = 0.0647
Mean value of Fst_5         = 0.0702
Mean value of Fst_6         = 0.0649
Mean value of Fst_7         = 0.0582
Mean value of Fst_8         = 0.0734


Inferred ancestry of individuals:
        Label (%Miss) Pop:  Inferred clusters
  1 NS_SS0963    (4)    1 :  0.065 0.053 0.059 0.180 0.197 0.193 0.135 0.118 
  2 NS_SS0983    (1)    1 :  0.109 0.034 0.346 0.061 0.048 0.077 0.148 0.178 
  3 NS_SS0719    (8)    1 :  0.139 0.085 0.073 0.183 0.098 0.138 0.178 0.105 
  4 NS_SS1001    (8)    1 :  0.078 0.245 0.096 0.135 0.143 0.085 0.058 0.161 
  5 NS_SS0936    (4)    1 :  0.077 0.132 0.107 0.061 0.185 0.216 0.050 0.172 
  6 NS_SS0955    (5)    1 :  0.112 0.040 0.171 0.146 0.169 0.120 0.104 0.138 
  7 NS_SS0944    (3)    1 :  0.156 0.093 0.162 0.140 0.218 0.074 0.072 0.086 
  8 NS_SS0945    (3)    1 :  0.106 0.219 0.258 0.055 0.079 0.142 0.054 0.087 
  9 NS_SS0922    (2)    1 :  0.096 0.196 0.034 0.189 0.112 0.123 0.119 0.132 
 10 NS_SS0929    (7)    1 :  0.147 0.075 0.187 0.068 0.144 0.135 0.119 0.126 
 11 NS_SS0956    (2)    1 :  0.080 0.164 0.059 0.329 0.097 0.078 0.101 0.091 
 12 NS_SS0906    (3)    1 :  0.139 0.087 0.149 0.076 0.231 0.112 0.126 0.079 
 13 NS_SS0721    (6)    1 :  0.049 0.071 0.228 0.241 0.053 0.110 0.128 0.121 
 14 NS_SS0982    (4)    1 :  0.070 0.097 0.066 0.150 0.182 0.090 0.277 0.067 
 15 NS_SS0923    (5)    1 :  0.111 0.184 0.103 0.089 0.146 0.120 0.141 0.106 
 16 NS_SS0905    (6)    1 :  0.087 0.158 0.158 0.057 0.109 0.039 0.290 0.100 
 17 NS_SS0925    (3)    1 :  0.044 0.080 0.157 0.115 0.175 0.091 0.091 0.247 
 18 NS_SS0947    (5)    1 :  0.082 0.133 0.092 0.103 0.195 0.150 0.059 0.186 
 19 NS_SS0926    (2)    1 :  0.212 0.074 0.135 0.056 0.081 0.238 0.166 0.039 
 20 NS_SS0918    (6)    1 :  0.049 0.128 0.244 0.077 0.279 0.109 0.061 0.053 
 21 NS_SS0966    (4)    1 :  0.063 0.123 0.122 0.073 0.210 0.153 0.130 0.128 
 22 NS_SS0938    (2)    1 :  0.094 0.131 0.056 0.086 0.083 0.361 0.057 0.132 
 23 NS_SS0917    (2)    1 :  0.158 0.123 0.069 0.103 0.055 0.101 0.252 0.140 
 24 NS_SS0957   (11)    1 :  0.127 0.150 0.106 0.205 0.108 0.136 0.109 0.059 
 25 NS_SS0987    (1)    1 :  0.097 0.130 0.124 0.250 0.096 0.078 0.173 0.052 
 26 NS_SS0717    (4)    1 :  0.064 0.251 0.107 0.126 0.130 0.040 0.156 0.125 
 27 NS_SS0986    (2)    1 :  0.104 0.124 0.240 0.136 0.093 0.135 0.128 0.039 
 28 NS_SS0953    (4)    1 :  0.057 0.150 0.155 0.093 0.237 0.046 0.067 0.195 
 29 NS_SS0907    (3)    1 :  0.067 0.082 0.181 0.062 0.259 0.065 0.198 0.086 
 30 NS_SS0974    (6)    1 :  0.138 0.142 0.118 0.064 0.188 0.075 0.073 0.201 
 31 NS_SS0989    (1)    1 :  0.230 0.058 0.080 0.081 0.056 0.211 0.107 0.177 
 32 NS_SS0991    (2)    1 :  0.080 0.049 0.300 0.178 0.141 0.049 0.152 0.051 
 33 NS_SS0994    (2)    1 :  0.343 0.110 0.127 0.059 0.066 0.076 0.102 0.117 
 34 NS_SS0931    (6)    1 :  0.136 0.061 0.239 0.113 0.091 0.189 0.120 0.051 
 35 NS_SS1000    (5)    1 :  0.076 0.249 0.087 0.076 0.184 0.131 0.083 0.114 
 36 NS_SS0919    (1)    1 :  0.089 0.056 0.157 0.049 0.120 0.164 0.294 0.071 
 37 NS_SS0949    (3)    1 :  0.136 0.046 0.103 0.145 0.064 0.124 0.164 0.218 
 38 NS_SS0960   (10)    1 :  0.170 0.090 0.098 0.108 0.169 0.067 0.193 0.105 
 39 NS_SS0716    (2)    1 :  0.081 0.394 0.080 0.157 0.040 0.063 0.140 0.045 
 40 NS_SS0924    (8)    1 :  0.122 0.064 0.085 0.126 0.167 0.100 0.199 0.137 
 41 NS_SS0935    (1)    1 :  0.164 0.070 0.132 0.127 0.088 0.043 0.284 0.093 
 42 NS_SS0952   (13)    1 :  0.161 0.074 0.162 0.058 0.178 0.092 0.201 0.072 
 43 NS_SS0962   (10)    1 :  0.064 0.184 0.126 0.092 0.089 0.244 0.126 0.076 
 44 NS_SS0973    (5)    1 :  0.069 0.060 0.109 0.118 0.212 0.059 0.152 0.221 
 45 NS_SS0722    (1)    1 :  0.071 0.307 0.090 0.071 0.193 0.067 0.059 0.142 
 46 NS_SS0979   (13)    1 :  0.058 0.163 0.146 0.166 0.126 0.123 0.146 0.072 
 47 NS_SS0993    (2)    1 :  0.059 0.121 0.126 0.106 0.168 0.119 0.097 0.203 
 48 NS_SS0958    (1)    1 :  0.203 0.156 0.162 0.067 0.109 0.091 0.132 0.081 
 49 NS_SS0988    (4)    1 :  0.119 0.093 0.095 0.062 0.184 0.189 0.200 0.057 
 50 NS_SS1003    (2)    1 :  0.049 0.043 0.044 0.232 0.110 0.308 0.169 0.044 
 51 NS_SS0976    (0)    1 :  0.125 0.051 0.237 0.090 0.099 0.248 0.071 0.080 
 52 NS_SS0964   (10)    1 :  0.073 0.275 0.065 0.175 0.117 0.060 0.096 0.139 
 53 NS_SS0939    (4)    1 :  0.057 0.342 0.077 0.183 0.036 0.153 0.084 0.069 
 54 NS_SS0990    (6)    1 :  0.185 0.194 0.104 0.092 0.053 0.267 0.060 0.045 
 55 NS_SS0984    (2)    1 :  0.076 0.267 0.064 0.071 0.132 0.160 0.105 0.125 
 56 NS_SS0980    (9)    1 :  0.093 0.119 0.062 0.059 0.245 0.062 0.090 0.269 
 57 NS_SS0978    (4)    1 :  0.131 0.145 0.052 0.095 0.176 0.102 0.171 0.128 
 58 NS_SS0951   (17)    1 :  0.127 0.097 0.248 0.167 0.132 0.051 0.126 0.053 
 59 NS_SS0913    (3)    1 :  0.115 0.216 0.088 0.221 0.097 0.085 0.093 0.086 
 60 NS_SS1002    (1)    1 :  0.071 0.091 0.061 0.053 0.222 0.340 0.092 0.071 
 61 NS_SS0948    (1)    1 :  0.122 0.102 0.216 0.086 0.148 0.121 0.131 0.074 
 62 NS_SS0916    (4)    1 :  0.159 0.089 0.059 0.085 0.057 0.144 0.130 0.276 
 63 NS_SS0995    (1)    1 :  0.103 0.137 0.079 0.096 0.076 0.080 0.147 0.282 
 64 NS_SS0927    (6)    1 :  0.135 0.108 0.119 0.059 0.058 0.084 0.267 0.170 
 65 NS_SS0992    (5)    1 :  0.207 0.103 0.043 0.083 0.149 0.159 0.078 0.178 
 66 NS_SS0912    (1)    1 :  0.091 0.100 0.204 0.203 0.095 0.124 0.140 0.044 
 67 NS_SS0981    (1)    1 :  0.067 0.111 0.114 0.154 0.160 0.192 0.158 0.045 
 68 NS_SS0729    (5)    2 :  0.231 0.044 0.127 0.049 0.111 0.082 0.076 0.281 
 69 NS_SS0967   (14)    2 :  0.054 0.089 0.076 0.078 0.213 0.153 0.212 0.125 
 70 NS_SS0941    (7)    2 :  0.118 0.150 0.072 0.121 0.086 0.164 0.106 0.183 
 71 NS_SS0768   (12)    2 :  0.087 0.112 0.128 0.267 0.135 0.114 0.089 0.068 
 72 NS_SS0726    (4)    2 :  0.199 0.047 0.058 0.067 0.104 0.185 0.080 0.261 
 73 NS_SS0763    (4)    2 :  0.209 0.126 0.074 0.087 0.116 0.073 0.197 0.117 
 74 NS_SS0730    (6)    2 :  0.075 0.209 0.089 0.113 0.090 0.143 0.154 0.126 
 75 NS_SS0774    (1)    2 :  0.078 0.241 0.076 0.066 0.149 0.129 0.049 0.212 
 76 NS_SS0723    (3)    2 :  0.036 0.140 0.088 0.121 0.145 0.146 0.144 0.179 
 77 NS_SS0940    (9)    2 :  0.131 0.142 0.153 0.093 0.050 0.166 0.087 0.178 
 78 NS_SS0762    (1)    2 :  0.065 0.313 0.046 0.118 0.147 0.059 0.102 0.149 
 79 NS_SS0766   (11)    2 :  0.123 0.241 0.089 0.111 0.048 0.074 0.155 0.160 
 80 NS_SS0724    (1)    2 :  0.063 0.108 0.163 0.182 0.163 0.084 0.100 0.139 
 81 NS_SS0769    (3)    2 :  0.104 0.146 0.065 0.125 0.114 0.120 0.260 0.066 
 82 NS_SS0777    (2)    2 :  0.120 0.098 0.268 0.095 0.079 0.115 0.172 0.052 
 83 NS_SS0734    (6)    2 :  0.159 0.139 0.113 0.214 0.064 0.088 0.112 0.110 
 84 NS_SS0737    (3)    2 :  0.052 0.260 0.063 0.082 0.081 0.142 0.066 0.254 
 85 NS_SS0732    (5)    2 :  0.045 0.091 0.139 0.263 0.104 0.055 0.144 0.159 
 86 NS_SS0728    (5)    2 :  0.101 0.118 0.119 0.182 0.060 0.117 0.074 0.229 
 87 NS_SS0735    (9)    2 :  0.058 0.142 0.158 0.164 0.114 0.051 0.055 0.258 
 88 NS_SS0725    (1)    2 :  0.099 0.190 0.059 0.179 0.095 0.213 0.045 0.121 
 89 NS_SS0788    (2)    2 :  0.083 0.080 0.068 0.099 0.083 0.214 0.245 0.128 
 90 NS_SS0778    (2)    2 :  0.114 0.064 0.112 0.117 0.078 0.190 0.216 0.109 
 91 NS_SS0792    (6)    2 :  0.190 0.079 0.072 0.207 0.131 0.058 0.118 0.146 
 92 NS_SS0943   (11)    2 :  0.205 0.044 0.086 0.185 0.257 0.060 0.086 0.076 
 93 NS_SS0791    (2)    2 :  0.141 0.086 0.154 0.150 0.039 0.102 0.057 0.271 
 94 NS_SS0790    (5)    2 :  0.040 0.164 0.073 0.280 0.211 0.075 0.075 0.083 
 95 NS_SS0731    (6)    2 :  0.061 0.197 0.130 0.237 0.088 0.075 0.155 0.058 
 96 NS_SS0727    (6)    2 :  0.240 0.174 0.055 0.092 0.076 0.047 0.058 0.257 
 97 NS_SS0779   (12)    2 :  0.066 0.105 0.228 0.098 0.076 0.128 0.159 0.138 
 98 NS_SS0776    (3)    2 :  0.111 0.213 0.138 0.113 0.063 0.147 0.093 0.121 
 99 NS_SS0775    (5)    2 :  0.089 0.338 0.075 0.114 0.088 0.086 0.080 0.129 
100 NS_SS0965    (3)    3 :  0.067 0.071 0.121 0.214 0.158 0.131 0.158 0.082 
101 NS_SS0754   (13)    3 :  0.184 0.057 0.111 0.237 0.082 0.084 0.097 0.148 
102 NS_SS0838    (5)    3 :  0.084 0.142 0.241 0.072 0.078 0.195 0.065 0.123 
103 NS_SS0839    (3)    3 :  0.079 0.208 0.069 0.147 0.121 0.166 0.067 0.143 
104 NS_SS0832    (4)    3 :  0.042 0.148 0.075 0.169 0.274 0.101 0.112 0.079 
105 NS_SS0820    (4)    3 :  0.040 0.082 0.089 0.213 0.112 0.170 0.190 0.104 
106 NS_SS0886    (9)    3 :  0.152 0.098 0.144 0.159 0.082 0.124 0.134 0.109 
107 NS_SS0748    (5)    3 :  0.083 0.091 0.244 0.081 0.146 0.104 0.174 0.077 
108 NS_SS0884    (9)    3 :  0.147 0.104 0.077 0.140 0.139 0.112 0.115 0.167 
109 NS_SS0752    (3)    3 :  0.090 0.162 0.103 0.088 0.129 0.122 0.096 0.211 
110 NS_SS0862    (1)    3 :  0.037 0.067 0.140 0.290 0.143 0.064 0.095 0.165 
111 NS_SS0787    (9)    3 :  0.332 0.093 0.106 0.096 0.107 0.079 0.126 0.060 
112 NS_SS0843    (6)    3 :  0.081 0.090 0.110 0.151 0.125 0.062 0.218 0.163 
113 NS_SS0856    (4)    3 :  0.124 0.194 0.074 0.103 0.053 0.105 0.159 0.188 
114 NS_SS0846    (2)    3 :  0.124 0.077 0.080 0.060 0.227 0.112 0.155 0.165 
115 NS_SS0825    (1)    3 :  0.109 0.057 0.114 0.201 0.099 0.263 0.089 0.067 
116 NS_SS0757    (3)    3 :  0.093 0.077 0.213 0.160 0.127 0.096 0.145 0.088 
117 NS_SS0876    (3)    3 :  0.082 0.142 0.111 0.162 0.146 0.077 0.107 0.173 
118 NS_SS0903    (9)    3 :  0.045 0.104 0.075 0.055 0.241 0.078 0.080 0.323 
119 NS_SS0875    (7)    3 :  0.089 0.220 0.184 0.095 0.079 0.143 0.125 0.066 
120 NS_SS0740    (5)    3 :  0.080 0.123 0.167 0.130 0.132 0.063 0.155 0.149 
121 NS_SS0811    (5)    3 :  0.054 0.249 0.156 0.228 0.096 0.070 0.077 0.069 
122 NS_SS0751    (1)    3 :  0.078 0.208 0.131 0.069 0.071 0.181 0.143 0.120 
123 NS_SS0891    (6)    3 :  0.109 0.190 0.102 0.100 0.103 0.202 0.080 0.114 
124 NS_SS0867    (2)    3 :  0.136 0.033 0.069 0.186 0.270 0.080 0.161 0.066 
125 NS_SS0890    (6)    3 :  0.080 0.131 0.115 0.071 0.130 0.096 0.225 0.153 
126 NS_SS0866   (11)    3 :  0.362 0.075 0.135 0.104 0.082 0.092 0.054 0.094 
127 NS_SS0755    (4)    3 :  0.123 0.108 0.056 0.226 0.202 0.087 0.127 0.071 
128 NS_SS0758    (4)    3 :  0.076 0.117 0.224 0.072 0.097 0.090 0.086 0.239 
129 NS_SS0840    (2)    3 :  0.055 0.147 0.076 0.146 0.209 0.207 0.065 0.095 
130 NS_SS0889    (4)    3 :  0.239 0.074 0.150 0.226 0.094 0.084 0.063 0.071 
131 NS_SS1010    (1)    3 :  0.090 0.147 0.081 0.099 0.155 0.144 0.223 0.062 
132 NS_SS0888    (5)    3 :  0.344 0.087 0.051 0.152 0.065 0.044 0.069 0.189 
133 NS_SS0837    (3)    3 :  0.058 0.093 0.065 0.265 0.245 0.061 0.142 0.071 
134 NS_SS0794    (9)    3 :  0.206 0.160 0.201 0.098 0.073 0.051 0.077 0.135 
135 NS_SS0823    (4)    3 :  0.054 0.130 0.153 0.093 0.248 0.121 0.058 0.142 
136 NS_SS0829    (7)    3 :  0.132 0.057 0.441 0.110 0.104 0.058 0.052 0.047 
137 NS_SS0844    (5)    3 :  0.047 0.050 0.055 0.107 0.454 0.046 0.099 0.143 
138 NS_SS1008    (5)    3 :  0.215 0.220 0.095 0.100 0.109 0.058 0.080 0.123 
139 NS_SS0881    (3)    3 :  0.152 0.114 0.080 0.095 0.083 0.237 0.178 0.061 
140 NS_SS0834    (6)    3 :  0.061 0.200 0.087 0.113 0.085 0.220 0.066 0.167 
141 NS_SS0744   (10)    3 :  0.105 0.062 0.109 0.153 0.141 0.155 0.091 0.184 
142 NS_SS0899    (7)    3 :  0.051 0.202 0.234 0.175 0.139 0.071 0.066 0.062 
143 NS_SS0804    (4)    3 :  0.037 0.120 0.121 0.184 0.154 0.127 0.137 0.121 
144 NS_SS0781   (10)    3 :  0.040 0.166 0.169 0.062 0.176 0.196 0.113 0.079 
145 NS_SS0822    (6)    3 :  0.097 0.091 0.244 0.116 0.114 0.062 0.060 0.216 
146 NS_SS1004    (4)    3 :  0.079 0.082 0.070 0.120 0.247 0.094 0.214 0.093 
147 NS_SS0746    (5)    3 :  0.097 0.107 0.207 0.072 0.214 0.103 0.109 0.091 
148 NS_SS0880    (3)    3 :  0.083 0.104 0.087 0.134 0.227 0.184 0.052 0.130 
149 NS_SS0879    (4)    3 :  0.122 0.144 0.067 0.194 0.174 0.094 0.062 0.141 
150 NS_SS0753    (2)    3 :  0.151 0.079 0.207 0.116 0.149 0.058 0.154 0.086 
151 NS_SS1007    (2)    3 :  0.097 0.168 0.058 0.050 0.055 0.126 0.182 0.263 
152 NS_SS0872    (5)    3 :  0.098 0.181 0.077 0.100 0.150 0.122 0.135 0.136 
153 NS_SS1005    (7)    3 :  0.053 0.138 0.140 0.071 0.236 0.143 0.123 0.097 
154 NS_SS0892    (6)    3 :  0.097 0.150 0.143 0.127 0.098 0.102 0.187 0.096 
155 NS_SS0898    (0)    3 :  0.209 0.109 0.110 0.125 0.160 0.117 0.111 0.059 
156 NS_SS0801    (9)    3 :  0.071 0.104 0.227 0.189 0.125 0.083 0.128 0.073 
157 NS_SS0827    (8)    3 :  0.084 0.145 0.106 0.088 0.069 0.059 0.402 0.048 
158 NS_SS0853    (6)    3 :  0.120 0.213 0.153 0.150 0.082 0.044 0.164 0.074 
159 NS_SS0780    (2)    3 :  0.048 0.121 0.163 0.147 0.078 0.180 0.144 0.118 
160 NS_SS0826   (10)    3 :  0.095 0.044 0.177 0.088 0.225 0.256 0.067 0.048 
161 NS_SS0818    (5)    3 :  0.057 0.179 0.070 0.131 0.136 0.160 0.120 0.147 
162 NS_SS0745    (1)    3 :  0.064 0.405 0.055 0.181 0.040 0.128 0.061 0.066 
163 NS_SS0849    (3)    3 :  0.056 0.090 0.146 0.349 0.090 0.116 0.111 0.042 
164 NS_SS0739    (3)    3 :  0.108 0.119 0.090 0.164 0.046 0.194 0.133 0.146 
165 NS_SS0799    (1)    3 :  0.115 0.107 0.161 0.102 0.076 0.039 0.132 0.267 
166 NS_SS0756    (2)    3 :  0.060 0.106 0.082 0.112 0.303 0.156 0.119 0.061 
167 NS_SS0802    (2)    3 :  0.092 0.090 0.099 0.053 0.085 0.137 0.287 0.157 
168 NS_SS0747    (6)    3 :  0.065 0.095 0.157 0.070 0.189 0.127 0.164 0.133 
169 NS_SS0835    (1)    3 :  0.265 0.067 0.065 0.061 0.096 0.071 0.268 0.106 
170 NS_SS0742   (18)    3 :  0.063 0.087 0.141 0.126 0.123 0.150 0.114 0.196 
171 NS_SS0760    (9)    3 :  0.230 0.104 0.220 0.059 0.097 0.086 0.118 0.086 
172 NS_SS0803    (4)    3 :  0.043 0.065 0.090 0.074 0.367 0.041 0.057 0.262 
173 NS_SS0828   (13)    3 :  0.083 0.126 0.159 0.164 0.085 0.093 0.186 0.104 
174 NS_SS0865    (2)    3 :  0.127 0.051 0.091 0.252 0.162 0.139 0.104 0.073 
175 NS_SS0759    (4)    3 :  0.044 0.191 0.177 0.154 0.094 0.093 0.117 0.130 
176 NS_SS0851    (5)    3 :  0.065 0.135 0.061 0.428 0.085 0.122 0.063 0.041 
177 NS_SS0874   (16)    3 :  0.045 0.110 0.193 0.083 0.271 0.072 0.096 0.130 
178 NS_SS0761    (6)    3 :  0.184 0.048 0.210 0.128 0.160 0.120 0.082 0.068 
179 NS_SS0842   (25)    3 :  0.173 0.179 0.158 0.084 0.129 0.068 0.119 0.090 
180 NS_SS0785    (6)    3 :  0.151 0.091 0.105 0.129 0.187 0.071 0.115 0.151 
181 NS_SS0860   (11)    3 :  0.283 0.068 0.118 0.069 0.116 0.068 0.189 0.090 
182 NS_SS0897    (7)    3 :  0.281 0.086 0.186 0.148 0.075 0.061 0.072 0.091 
183 NS_SS0841   (14)    3 :  0.059 0.216 0.123 0.228 0.133 0.081 0.087 0.074 
184 NS_SS0797    (6)    3 :  0.169 0.068 0.101 0.211 0.131 0.126 0.142 0.052 
185 NS_SS0830   (10)    3 :  0.135 0.099 0.131 0.181 0.125 0.130 0.104 0.095 
186 NS_SS1011    (5)    3 :  0.063 0.057 0.067 0.173 0.196 0.270 0.082 0.093 
187 NS_SS0883    (5)    3 :  0.107 0.116 0.205 0.129 0.097 0.048 0.173 0.124 
188 NS_SS0782    (2)    3 :  0.175 0.180 0.085 0.101 0.137 0.066 0.053 0.204 
189 NS_SS0831    (5)    3 :  0.207 0.078 0.214 0.210 0.078 0.072 0.061 0.078 
190 NS_SS0749    (7)    3 :  0.110 0.106 0.150 0.195 0.063 0.111 0.090 0.174 
191 NS_SS0854    (2)    3 :  0.127 0.102 0.104 0.121 0.102 0.062 0.094 0.289 
192 HI_SS0193    (0)    4 :  0.198 0.098 0.099 0.196 0.057 0.165 0.042 0.144 
193 HI_SS0194    (0)    4 :  0.064 0.179 0.139 0.071 0.080 0.297 0.048 0.122 
194 HI_SS0195    (9)    4 :  0.038 0.143 0.084 0.250 0.059 0.226 0.099 0.100 
195 HI_SS0196    (6)    4 :  0.109 0.206 0.189 0.077 0.083 0.087 0.052 0.197 
196 HI_SS0197    (3)    4 :  0.069 0.076 0.089 0.046 0.070 0.431 0.154 0.065 
197 HI_SS0198    (1)    4 :  0.131 0.089 0.129 0.232 0.071 0.108 0.104 0.135 
198 HI_SS0199    (1)    4 :  0.225 0.112 0.053 0.084 0.103 0.059 0.120 0.244 
199 HI_SS0201    (4)    4 :  0.206 0.035 0.112 0.162 0.132 0.069 0.207 0.077 
200 HI_SS0215    (1)    4 :  0.225 0.059 0.124 0.107 0.136 0.088 0.202 0.059 
201 HI_SS0218    (1)    4 :  0.402 0.098 0.062 0.163 0.074 0.052 0.052 0.097 
202 HI_SS0222    (0)    4 :  0.089 0.154 0.119 0.180 0.046 0.150 0.098 0.163 
203 HI_SS0230    (1)    4 :  0.061 0.145 0.111 0.066 0.107 0.170 0.297 0.043 
204 HI_SS0234    (1)    4 :  0.079 0.072 0.073 0.057 0.121 0.152 0.123 0.323 
205 HI_SS0240    (1)    4 :  0.097 0.155 0.045 0.121 0.065 0.084 0.111 0.322 
206 HI_SS0241    (0)    4 :  0.221 0.064 0.084 0.119 0.112 0.107 0.217 0.076 
207 HI_SS0242    (0)    4 :  0.178 0.083 0.084 0.164 0.204 0.093 0.093 0.101 
208 HI_SS0247    (0)    4 :  0.089 0.092 0.195 0.101 0.219 0.195 0.052 0.055 
209 HI_SS0248    (1)    4 :  0.188 0.144 0.176 0.055 0.092 0.036 0.083 0.226 
210 HI_SS0252    (2)    4 :  0.069 0.151 0.166 0.166 0.121 0.094 0.045 0.187 
211 HI_SS0254    (1)    4 :  0.110 0.069 0.090 0.057 0.138 0.170 0.232 0.133 
212 HI_SS0256    (0)    4 :  0.028 0.151 0.035 0.140 0.255 0.109 0.152 0.130 
213 HI_SS0257    (0)    4 :  0.219 0.044 0.115 0.043 0.213 0.115 0.098 0.154 
214 HI_SS0258    (1)    4 :  0.238 0.104 0.108 0.113 0.125 0.068 0.132 0.113 
215 HI_SS0259    (1)    4 :  0.075 0.119 0.062 0.161 0.067 0.288 0.107 0.121 
216 HI_SS0260    (1)    4 :  0.242 0.187 0.066 0.080 0.082 0.065 0.144 0.135 
217 HI_SS0261    (2)    4 :  0.136 0.083 0.093 0.053 0.196 0.234 0.106 0.099 
218 HI_SS0262    (0)    4 :  0.135 0.116 0.044 0.249 0.121 0.087 0.129 0.120 
219 HI_SS0264    (1)    4 :  0.075 0.228 0.133 0.107 0.094 0.172 0.147 0.045 
220 HI_SS0265    (0)    4 :  0.084 0.075 0.064 0.207 0.098 0.140 0.265 0.067 
221 HI_SS0268    (1)    4 :  0.074 0.170 0.149 0.077 0.035 0.185 0.241 0.069 
222 HI_SS0269    (1)    4 :  0.293 0.036 0.099 0.050 0.109 0.111 0.087 0.215 
223 HI_SS0273    (0)    4 :  0.264 0.067 0.061 0.115 0.231 0.096 0.099 0.066 
224 HI_SS0277    (1)    4 :  0.077 0.048 0.075 0.096 0.145 0.361 0.111 0.087 
225 HI_SS0280    (0)    4 :  0.126 0.171 0.110 0.239 0.051 0.124 0.090 0.090 
226 HI_SS0282    (1)    4 :  0.152 0.063 0.157 0.161 0.187 0.073 0.069 0.139 
227 HI_SS0286    (1)    4 :  0.082 0.050 0.179 0.182 0.056 0.097 0.165 0.190 
228 NS_SS1252    (3)    5 :  0.276 0.065 0.261 0.071 0.098 0.043 0.072 0.114 
229 NS_SS1261    (1)    5 :  0.089 0.109 0.204 0.079 0.093 0.158 0.084 0.184 
230 NS_SS1225    (9)    5 :  0.120 0.057 0.156 0.064 0.273 0.102 0.153 0.076 
231 NS_SS1266    (1)    5 :  0.053 0.097 0.068 0.130 0.393 0.084 0.076 0.100 
232 NS_SS1228    (0)    5 :  0.127 0.144 0.072 0.279 0.088 0.112 0.085 0.094 
233 NS_SS1255    (2)    5 :  0.149 0.299 0.066 0.069 0.138 0.073 0.036 0.170 
234 NS_SS1267    (3)    5 :  0.331 0.055 0.091 0.119 0.042 0.074 0.182 0.106 
235 NS_SS1238    (6)    5 :  0.095 0.109 0.204 0.128 0.061 0.255 0.072 0.078 
236 NS_SS1233    (8)    5 :  0.052 0.182 0.190 0.071 0.326 0.097 0.050 0.032 
237 NS_SS1277    (3)    5 :  0.244 0.143 0.049 0.132 0.064 0.096 0.075 0.197 
238 NS_SS1245    (1)    5 :  0.098 0.109 0.224 0.053 0.164 0.138 0.088 0.126 
239 NS_SS1240    (4)    5 :  0.250 0.057 0.178 0.043 0.054 0.107 0.177 0.134 
240 NS_SS1275    (2)    5 :  0.060 0.085 0.047 0.200 0.147 0.335 0.059 0.067 
241 NS_SS1235    (1)    5 :  0.072 0.106 0.073 0.040 0.204 0.131 0.093 0.281 
242 NS_SS1263    (1)    5 :  0.051 0.230 0.206 0.066 0.203 0.082 0.048 0.115 
243 NS_SS1251    (1)    5 :  0.069 0.140 0.120 0.074 0.277 0.115 0.101 0.104 
244 NS_SS1248    (0)    5 :  0.067 0.092 0.206 0.324 0.052 0.116 0.109 0.034 
245 NS_SS1244    (0)    5 :  0.076 0.033 0.135 0.111 0.155 0.312 0.068 0.112 
246 NS_SS1257    (0)    5 :  0.251 0.097 0.104 0.130 0.081 0.068 0.117 0.153 
247 NS_SS1242    (2)    5 :  0.070 0.264 0.081 0.148 0.172 0.102 0.085 0.076 
248 NS_SS1271    (6)    5 :  0.315 0.056 0.080 0.113 0.069 0.088 0.119 0.161 
249 NS_SS1265    (1)    5 :  0.208 0.093 0.203 0.085 0.101 0.129 0.124 0.058 
250 NS_SS1243    (0)    5 :  0.071 0.200 0.197 0.232 0.058 0.057 0.075 0.112 
251 NS_SS1273    (1)    5 :  0.094 0.321 0.056 0.094 0.158 0.109 0.084 0.084 
252 NS_SS1254   (14)    5 :  0.074 0.177 0.141 0.073 0.289 0.069 0.091 0.086 
253 NS_SS1224    (1)    5 :  0.086 0.124 0.062 0.223 0.273 0.077 0.072 0.083 
254 NS_SS1227    (8)    5 :  0.132 0.078 0.061 0.043 0.055 0.086 0.452 0.091 
255 NS_SS1274    (8)    5 :  0.138 0.113 0.166 0.107 0.092 0.118 0.073 0.193 
256 NS_SS1241    (1)    5 :  0.207 0.061 0.059 0.151 0.196 0.095 0.113 0.118 
257 NS_SS1256    (3)    5 :  0.182 0.085 0.080 0.058 0.285 0.158 0.106 0.046 
258 NS_SS1260    (8)    5 :  0.215 0.083 0.121 0.085 0.101 0.066 0.116 0.213 
259 NS_SS1262    (0)    5 :  0.148 0.056 0.113 0.136 0.224 0.115 0.111 0.097 
260 NS_SS1230    (0)    5 :  0.209 0.159 0.100 0.107 0.151 0.108 0.102 0.064 
261 NS_SS1270    (2)    5 :  0.058 0.057 0.119 0.254 0.213 0.115 0.135 0.049 
262 NS_SS1229    (2)    5 :  0.053 0.094 0.130 0.039 0.101 0.232 0.059 0.292 
263 NS_SS1246    (5)    5 :  0.152 0.055 0.136 0.063 0.052 0.252 0.065 0.225 
264 NS_SS1269    (0)    5 :  0.106 0.147 0.076 0.159 0.153 0.099 0.141 0.118 
265 NS_SS1239    (1)    5 :  0.066 0.097 0.048 0.255 0.068 0.052 0.112 0.302 
266 NS_SS1272    (4)    5 :  0.078 0.057 0.054 0.067 0.130 0.335 0.219 0.060 
267 NS_SS1268    (1)    5 :  0.090 0.100 0.095 0.311 0.214 0.046 0.102 0.044 
268 NS_SS1249    (0)    5 :  0.329 0.076 0.120 0.083 0.108 0.056 0.047 0.180 
269 HI_SS0559    (0)    6 :  0.129 0.148 0.103 0.195 0.110 0.045 0.153 0.118 
270 HI_SS0563    (1)    6 :  0.099 0.081 0.116 0.087 0.183 0.134 0.098 0.202 
271 HI_SS0564    (0)    6 :  0.067 0.082 0.169 0.129 0.122 0.215 0.082 0.134 
272 HI_SS0565    (0)    6 :  0.107 0.084 0.152 0.057 0.112 0.148 0.266 0.074 
273 HI_SS0569    (0)    6 :  0.081 0.043 0.311 0.051 0.152 0.073 0.241 0.047 
274 HI_SS0570    (0)    6 :  0.196 0.088 0.173 0.131 0.043 0.133 0.112 0.123 
275 HI_SS0572    (1)    6 :  0.055 0.191 0.069 0.079 0.115 0.101 0.131 0.259 
276 HI_SS0576    (0)    6 :  0.073 0.178 0.105 0.197 0.088 0.150 0.092 0.116 
277 HI_SS0579    (1)    6 :  0.113 0.058 0.125 0.062 0.271 0.048 0.129 0.194 
278 HI_SS0580    (1)    6 :  0.240 0.196 0.074 0.110 0.098 0.059 0.088 0.136 
279 HI_SS0581    (0)    6 :  0.054 0.085 0.096 0.254 0.063 0.282 0.084 0.081 
280 HI_SS0583    (1)    6 :  0.173 0.152 0.203 0.035 0.094 0.067 0.175 0.101 
281 HI_SS0586    (1)    6 :  0.247 0.119 0.194 0.086 0.050 0.062 0.187 0.054 
282 HI_SS0588    (1)    6 :  0.116 0.085 0.185 0.080 0.145 0.045 0.225 0.120 
283 HI_SS0595    (4)    6 :  0.208 0.098 0.043 0.045 0.098 0.211 0.236 0.061 
284 HI_SS0596    (0)    6 :  0.092 0.301 0.049 0.073 0.122 0.053 0.103 0.207 
285 HI_SS0597    (1)    6 :  0.070 0.196 0.153 0.053 0.117 0.210 0.079 0.122 
286 HI_SS0600    (0)    6 :  0.159 0.058 0.063 0.121 0.098 0.136 0.167 0.196 
287 HI_SS0601    (1)    6 :  0.077 0.039 0.121 0.117 0.203 0.123 0.204 0.116 
288 HI_SS0602    (1)    6 :  0.134 0.144 0.166 0.111 0.043 0.044 0.294 0.063 
289 HI_SS0604    (0)    6 :  0.054 0.112 0.324 0.132 0.110 0.065 0.091 0.110 
290 HI_SS0605    (1)    6 :  0.116 0.066 0.135 0.299 0.077 0.056 0.075 0.175 
291 HI_SS0608    (0)    6 :  0.098 0.241 0.133 0.081 0.055 0.109 0.199 0.083 
292 HI_SS0609    (0)    6 :  0.089 0.157 0.079 0.065 0.285 0.127 0.105 0.094 
293 HI_SS0611    (5)    6 :  0.211 0.096 0.164 0.211 0.051 0.050 0.129 0.088 
294 HI_SS0612    (1)    6 :  0.148 0.059 0.061 0.037 0.379 0.062 0.068 0.184 
295 HI_SS0613    (1)    6 :  0.115 0.119 0.093 0.356 0.113 0.056 0.097 0.050 
296 HI_SS0615    (0)    6 :  0.046 0.176 0.073 0.139 0.068 0.150 0.134 0.214 
297 HI_SS0001    (1)    6 :  0.219 0.138 0.057 0.082 0.097 0.193 0.058 0.157 
298 HI_SS0002    (1)    6 :  0.058 0.155 0.078 0.073 0.234 0.086 0.228 0.088 
299 HI_SS0004    (0)    6 :  0.152 0.153 0.167 0.119 0.056 0.099 0.121 0.132 
300 HI_SS0005    (1)    6 :  0.102 0.121 0.074 0.291 0.075 0.128 0.153 0.056 
301 HI_SS0006    (1)    6 :  0.201 0.067 0.143 0.067 0.207 0.125 0.090 0.101 
302 HI_SS0007    (1)    6 :  0.223 0.076 0.090 0.339 0.050 0.056 0.049 0.119 
303 HI_SS0008    (0)    6 :  0.068 0.078 0.084 0.121 0.109 0.110 0.354 0.077 
304 HI_SS0009    (0)    6 :  0.057 0.179 0.107 0.208 0.077 0.047 0.132 0.193 
305 HI_SS0010    (1)    6 :  0.121 0.133 0.172 0.103 0.092 0.095 0.211 0.073 
306 HI_SS0011    (1)    6 :  0.097 0.088 0.093 0.112 0.301 0.214 0.064 0.032 
307 HI_SS0012    (0)    6 :  0.034 0.082 0.072 0.096 0.071 0.131 0.255 0.259 
308 HI_SS0017    (1)    6 :  0.081 0.224 0.079 0.123 0.077 0.182 0.052 0.182 
309 HI_SS0021    (1)    6 :  0.188 0.146 0.093 0.066 0.074 0.126 0.247 0.060 
310 HI_SS0024    (1)    6 :  0.074 0.160 0.075 0.167 0.060 0.227 0.072 0.165 
311 HI_SS0025    (1)    6 :  0.083 0.265 0.115 0.135 0.130 0.079 0.070 0.122 
312 HI_SS0027    (0)    6 :  0.107 0.090 0.241 0.125 0.138 0.050 0.127 0.121 
313 HI_SS0028    (0)    6 :  0.040 0.193 0.042 0.158 0.067 0.164 0.305 0.033 
314 HI_SS0029    (1)    6 :  0.184 0.281 0.069 0.056 0.053 0.151 0.064 0.143 
315 HI_SS0030    (2)    6 :  0.129 0.072 0.087 0.178 0.123 0.108 0.129 0.174 
316 HI_SS0031    (0)    6 :  0.075 0.094 0.047 0.047 0.153 0.111 0.333 0.140 
317 HI_SS0034    (0)    6 :  0.188 0.070 0.210 0.095 0.142 0.068 0.086 0.141 
318 HI_SS0036    (0)    6 :  0.256 0.063 0.079 0.153 0.028 0.218 0.117 0.085 
319 HI_SS0037    (1)    6 :  0.185 0.133 0.250 0.136 0.085 0.050 0.115 0.046 
320 HI_SS0039    (0)    6 :  0.279 0.116 0.049 0.223 0.084 0.100 0.108 0.041 
321 HI_SS0041    (1)    6 :  0.071 0.145 0.097 0.295 0.055 0.160 0.069 0.108 
322 HI_SS0042    (1)    6 :  0.076 0.179 0.080 0.110 0.131 0.231 0.092 0.101 
323 HI_SS0043    (1)    6 :  0.206 0.036 0.262 0.069 0.050 0.168 0.101 0.107 
324 HI_SS0044    (1)    6 :  0.248 0.267 0.051 0.062 0.053 0.072 0.079 0.168 
325 HI_SS0047    (1)    6 :  0.070 0.129 0.113 0.195 0.114 0.111 0.115 0.153 
326 HI_SS0049    (0)    6 :  0.084 0.241 0.158 0.078 0.132 0.087 0.104 0.117 
327 HI_SS0051    (1)    6 :  0.063 0.052 0.120 0.329 0.182 0.049 0.115 0.089 
328 HI_SS0053    (1)    6 :  0.222 0.049 0.154 0.077 0.079 0.209 0.131 0.080 
329 HI_SS0054    (4)    6 :  0.153 0.041 0.253 0.124 0.192 0.097 0.084 0.054 
330 HI_SS0057    (0)    6 :  0.069 0.116 0.269 0.145 0.085 0.201 0.058 0.058 
331 HI_SS0058    (0)    6 :  0.168 0.148 0.214 0.096 0.123 0.056 0.101 0.093 
332 HI_SS0060    (0)    6 :  0.050 0.049 0.175 0.141 0.108 0.161 0.214 0.103 
333 HI_SS0087    (1)    6 :  0.081 0.078 0.212 0.080 0.125 0.170 0.141 0.112 
334 HI_SS0091    (0)    6 :  0.299 0.045 0.114 0.054 0.105 0.193 0.112 0.078 
335 HI_SS0095    (1)    6 :  0.123 0.057 0.073 0.129 0.115 0.131 0.172 0.200 
336 HI_SS0097    (3)    6 :  0.055 0.047 0.190 0.069 0.284 0.069 0.116 0.170 
337 HI_SS0099    (0)    6 :  0.139 0.333 0.082 0.074 0.078 0.074 0.164 0.056 
338 HI_SS0103    (0)    6 :  0.100 0.139 0.085 0.114 0.112 0.147 0.073 0.230 
339 HI_SS0105    (1)    6 :  0.081 0.054 0.099 0.146 0.148 0.228 0.170 0.072 
340 HI_SS0107    (1)    6 :  0.043 0.160 0.072 0.106 0.115 0.190 0.064 0.251 
341 HI_SS0108    (1)    6 :  0.319 0.052 0.228 0.080 0.081 0.079 0.059 0.102 
342 HI_SS0110    (0)    6 :  0.175 0.076 0.054 0.063 0.096 0.310 0.069 0.156 
343 HI_SS0111    (1)    6 :  0.103 0.079 0.130 0.110 0.065 0.166 0.132 0.216 
344 HI_SS0112    (0)    6 :  0.261 0.076 0.169 0.069 0.060 0.126 0.106 0.135 
345 HI_SS0113    (1)    6 :  0.058 0.243 0.114 0.086 0.121 0.224 0.067 0.088 
346 HI_SS0114    (1)    6 :  0.143 0.073 0.268 0.121 0.096 0.072 0.153 0.074 
347 HI_SS0115    (1)    6 :  0.088 0.179 0.093 0.099 0.105 0.033 0.162 0.241 
348 HI_SS0116    (4)    6 :  0.200 0.228 0.150 0.034 0.056 0.057 0.109 0.165 
349 HI_SS0117    (0)    6 :  0.196 0.055 0.071 0.043 0.234 0.221 0.115 0.064 
350 HI_SS0118    (0)    6 :  0.199 0.133 0.122 0.063 0.172 0.107 0.116 0.087 
351 HI_SS0119    (1)    6 :  0.118 0.040 0.191 0.093 0.119 0.219 0.087 0.133 
352 HI_SS0120    (1)    6 :  0.050 0.172 0.062 0.078 0.080 0.343 0.041 0.175 
353 HI_SS0121    (1)    6 :  0.062 0.088 0.092 0.125 0.170 0.296 0.128 0.038 
354 HI_SS0122    (2)    6 :  0.131 0.102 0.100 0.161 0.112 0.200 0.091 0.101 
355 HI_SS0123    (0)    6 :  0.135 0.105 0.080 0.069 0.201 0.205 0.098 0.108 
356 HI_SS0124    (1)    6 :  0.072 0.295 0.055 0.126 0.084 0.083 0.118 0.166 
357 HI_SS0125    (1)    6 :  0.055 0.178 0.065 0.135 0.079 0.164 0.150 0.173 
358 HI_SS0126    (0)    6 :  0.377 0.179 0.046 0.067 0.098 0.081 0.070 0.081 
359 HI_SS0127    (0)    6 :  0.064 0.078 0.192 0.238 0.131 0.073 0.149 0.074 
360 HI_SS0128    (0)    6 :  0.125 0.141 0.086 0.056 0.149 0.165 0.117 0.161 
361 HI_SS0129    (1)    6 :  0.161 0.096 0.153 0.170 0.059 0.164 0.066 0.130 
362 HI_SS0131    (2)    6 :  0.121 0.077 0.202 0.117 0.157 0.066 0.215 0.045 
363 HI_SS0132    (0)    6 :  0.156 0.107 0.084 0.084 0.151 0.217 0.122 0.080 
364 HI_SS0133    (1)    6 :  0.362 0.074 0.129 0.087 0.066 0.109 0.072 0.102 
365 HI_SS0134    (1)    6 :  0.140 0.101 0.130 0.112 0.168 0.103 0.141 0.104 
366 HI_SS0142    (3)    6 :  0.073 0.055 0.092 0.111 0.188 0.130 0.228 0.123 
367 HI_SS0145    (0)    6 :  0.136 0.095 0.119 0.079 0.209 0.075 0.110 0.177 
368 HI_SS0146    (1)    6 :  0.203 0.083 0.061 0.153 0.187 0.045 0.132 0.137 
369 HI_SS0147    (1)    6 :  0.092 0.079 0.066 0.363 0.176 0.091 0.065 0.067 
370 HI_SS0149    (1)    6 :  0.158 0.067 0.053 0.061 0.183 0.381 0.059 0.039 
371 HI_SS0150    (2)    6 :  0.056 0.166 0.136 0.171 0.086 0.158 0.092 0.135 
372 HI_SS0151    (0)    6 :  0.093 0.088 0.106 0.165 0.086 0.045 0.081 0.336 
373 NS_SS1451    (1)    6 :  0.064 0.200 0.069 0.184 0.072 0.156 0.081 0.173 
374 NS_SS1404    (0)    6 :  0.124 0.149 0.056 0.323 0.094 0.098 0.092 0.063 
375 NS_SS1432    (2)    6 :  0.061 0.240 0.056 0.078 0.048 0.273 0.129 0.116 
376 NS_SS1405    (4)    6 :  0.149 0.297 0.092 0.071 0.096 0.074 0.096 0.124 
377 NS_SS1431   (10)    6 :  0.064 0.181 0.110 0.089 0.073 0.327 0.071 0.085 
378 NS_SS1402    (3)    6 :  0.143 0.088 0.077 0.088 0.139 0.153 0.126 0.186 
379 NS_SS1450    (3)    6 :  0.179 0.103 0.175 0.154 0.053 0.134 0.040 0.163 
380 NS_SS1396    (0)    6 :  0.102 0.135 0.150 0.133 0.091 0.133 0.142 0.114 
381 NS_SS1393    (5)    6 :  0.115 0.115 0.166 0.118 0.054 0.058 0.182 0.193 
382 NS_SS1392   (10)    6 :  0.068 0.183 0.070 0.173 0.046 0.112 0.107 0.240 
383 NS_SS1445    (0)    6 :  0.145 0.056 0.140 0.108 0.112 0.160 0.228 0.052 
384 NS_SS1423    (0)    6 :  0.128 0.090 0.083 0.051 0.106 0.189 0.160 0.193 
385 NS_SS1421    (9)    6 :  0.100 0.075 0.186 0.098 0.099 0.244 0.060 0.138 
386 NS_SS1411    (6)    6 :  0.091 0.090 0.371 0.214 0.042 0.051 0.073 0.068 
387 NS_SS1453    (5)    6 :  0.187 0.070 0.099 0.096 0.065 0.256 0.096 0.132 
388 NS_SS1442    (2)    6 :  0.051 0.122 0.321 0.067 0.127 0.062 0.112 0.137 
389 NS_SS1422    (1)    6 :  0.114 0.078 0.061 0.071 0.235 0.112 0.056 0.273 
390 NS_SS1419    (1)    6 :  0.065 0.122 0.286 0.126 0.205 0.082 0.053 0.060 
391 NS_SS1427    (0)    6 :  0.290 0.091 0.099 0.052 0.037 0.132 0.062 0.236 
392 NS_SS1444    (3)    6 :  0.069 0.179 0.089 0.145 0.140 0.053 0.250 0.076 
393 NS_SS1455    (0)    6 :  0.062 0.273 0.109 0.043 0.190 0.111 0.076 0.136 
394 NS_SS1425    (2)    6 :  0.172 0.044 0.336 0.074 0.086 0.073 0.131 0.084 
395 NS_SS1400    (0)    6 :  0.192 0.136 0.231 0.084 0.161 0.071 0.073 0.053 
396 NS_SS1406    (1)    6 :  0.040 0.134 0.101 0.053 0.263 0.239 0.093 0.077 
397 NS_SS1417    (6)    6 :  0.136 0.135 0.169 0.107 0.179 0.148 0.050 0.076 
398 NS_SS1454    (2)    6 :  0.201 0.110 0.153 0.105 0.068 0.269 0.060 0.034 
399 NS_SS1412    (1)    6 :  0.180 0.155 0.117 0.184 0.080 0.093 0.106 0.085 
400 NS_SS1438    (1)    6 :  0.139 0.040 0.277 0.120 0.109 0.059 0.152 0.103 
401 NS_SS1416    (4)    6 :  0.126 0.153 0.117 0.129 0.122 0.152 0.101 0.100 
402 NS_SS1401    (0)    6 :  0.106 0.081 0.124 0.073 0.102 0.197 0.197 0.120 
403 NS_SS1424    (6)    6 :  0.146 0.054 0.072 0.161 0.121 0.209 0.130 0.106 
404 NS_SS1435    (9)    6 :  0.093 0.166 0.061 0.116 0.039 0.123 0.288 0.114 
405 NS_SS1447    (4)    6 :  0.051 0.124 0.231 0.205 0.121 0.095 0.106 0.068 
406 NS_SS1414    (3)    6 :  0.057 0.237 0.144 0.181 0.157 0.083 0.093 0.048 
407 NS_SS1449   (14)    6 :  0.072 0.048 0.103 0.098 0.063 0.232 0.053 0.331 
408 NS_SS1443    (4)    6 :  0.218 0.071 0.085 0.052 0.149 0.071 0.136 0.217 
409 NS_SS1434    (1)    6 :  0.146 0.185 0.114 0.054 0.090 0.059 0.058 0.294 
410 NS_SS1398    (1)    6 :  0.095 0.244 0.141 0.095 0.066 0.141 0.107 0.111 
411 NS_SS1426    (1)    6 :  0.180 0.063 0.137 0.089 0.076 0.087 0.221 0.146 
412 NS_SS1413    (0)    6 :  0.207 0.158 0.136 0.079 0.135 0.095 0.086 0.103 
413 NS_SS1395    (1)    6 :  0.133 0.051 0.122 0.063 0.061 0.095 0.313 0.162 
414 NS_SS1448   (10)    6 :  0.193 0.125 0.083 0.260 0.053 0.154 0.064 0.069 
415 NS_SS1446    (0)    6 :  0.191 0.057 0.103 0.124 0.097 0.136 0.128 0.164 
416 NS_SS1403    (2)    6 :  0.061 0.099 0.089 0.066 0.053 0.237 0.274 0.122 
417 NS_SS1415    (0)    6 :  0.237 0.126 0.121 0.116 0.094 0.083 0.125 0.097 
418 NS_SS1437    (4)    6 :  0.103 0.110 0.088 0.099 0.098 0.238 0.208 0.056 
419 NS_SS1439    (2)    6 :  0.100 0.088 0.118 0.097 0.208 0.077 0.177 0.135 
420 NS_SS1441    (3)    6 :  0.168 0.160 0.136 0.044 0.128 0.082 0.166 0.115 
421 NS_SS1420    (2)    6 :  0.085 0.124 0.073 0.454 0.048 0.049 0.053 0.115 
422 NS_SS1394    (2)    6 :  0.048 0.190 0.120 0.173 0.055 0.121 0.227 0.066 
423 NS_SS1391    (7)    6 :  0.145 0.191 0.101 0.067 0.057 0.091 0.176 0.173 
424 NS_SS1410    (5)    6 :  0.140 0.106 0.131 0.071 0.092 0.204 0.109 0.146 
425 NS_SS1408    (1)    6 :  0.065 0.053 0.101 0.146 0.125 0.222 0.178 0.110 
426 NS_SS1409    (1)    6 :  0.166 0.191 0.104 0.048 0.099 0.096 0.092 0.203 
427 HI_SS0617    (1)    7 :  0.266 0.113 0.046 0.139 0.078 0.063 0.049 0.245 
428 HI_SS0618    (2)    7 :  0.053 0.205 0.144 0.096 0.081 0.096 0.106 0.217 
429 HI_SS0619    (0)    7 :  0.189 0.280 0.081 0.101 0.076 0.084 0.112 0.078 
430 HI_SS0620    (1)    7 :  0.234 0.044 0.130 0.270 0.047 0.036 0.058 0.182 
431 HI_SS0621    (3)    7 :  0.089 0.116 0.072 0.126 0.162 0.146 0.119 0.170 
432 HI_SS0622    (1)    7 :  0.165 0.108 0.064 0.173 0.247 0.098 0.075 0.070 
433 HI_SS0626    (0)    7 :  0.077 0.104 0.136 0.257 0.051 0.106 0.221 0.048 
434 HI_SS0627    (0)    7 :  0.056 0.117 0.163 0.077 0.066 0.273 0.137 0.110 
435 HI_SS0628    (3)    7 :  0.218 0.125 0.118 0.090 0.063 0.214 0.120 0.052 
436 HI_SS0629    (1)    7 :  0.171 0.094 0.085 0.090 0.120 0.118 0.241 0.081 
437 HI_SS0630    (1)    7 :  0.162 0.131 0.125 0.173 0.075 0.056 0.144 0.135 
438 HI_SS0631    (0)    7 :  0.131 0.075 0.169 0.152 0.068 0.093 0.149 0.162 
439 HI_SS0632    (0)    7 :  0.076 0.084 0.243 0.170 0.118 0.155 0.076 0.078 
440 HI_SS0633    (0)    7 :  0.110 0.312 0.118 0.052 0.107 0.049 0.069 0.182 
441 HI_SS0634    (1)    7 :  0.154 0.082 0.084 0.216 0.088 0.204 0.092 0.081 
442 HI_SS0635    (0)    7 :  0.063 0.200 0.102 0.135 0.141 0.085 0.217 0.057 
443 HI_SS0637    (1)    7 :  0.103 0.042 0.128 0.247 0.184 0.114 0.113 0.069 
444 HI_SS0638    (0)    7 :  0.120 0.161 0.125 0.137 0.106 0.138 0.080 0.133 
445 HI_SS0639    (1)    7 :  0.062 0.130 0.054 0.194 0.122 0.083 0.240 0.115 
446 HI_SS0640    (1)    7 :  0.065 0.108 0.138 0.076 0.159 0.057 0.281 0.116 
447 HI_SS0641    (1)    7 :  0.158 0.122 0.153 0.167 0.070 0.046 0.232 0.051 
448 HI_SS0642    (0)    7 :  0.060 0.090 0.075 0.086 0.078 0.373 0.137 0.102 
449 HI_SS0645    (0)    7 :  0.061 0.283 0.101 0.234 0.100 0.059 0.059 0.103 
450 HI_SS0646    (1)    7 :  0.130 0.121 0.058 0.079 0.164 0.108 0.110 0.229 
451 HI_SS0647    (1)    7 :  0.114 0.181 0.094 0.100 0.126 0.233 0.071 0.081 
452 HI_SS0648    (0)    7 :  0.130 0.151 0.091 0.129 0.142 0.092 0.158 0.108 
453 HI_SS0649    (1)    7 :  0.082 0.169 0.173 0.063 0.101 0.071 0.161 0.179 
454 HI_SS0650    (1)    7 :  0.066 0.181 0.099 0.097 0.059 0.119 0.088 0.291 
455 HI_SS0651    (1)    7 :  0.072 0.148 0.072 0.088 0.123 0.055 0.272 0.169 
456 HI_SS0652    (1)    7 :  0.064 0.167 0.094 0.395 0.064 0.065 0.082 0.069 
457 NS_SS1371    (3)    7 :  0.133 0.082 0.059 0.052 0.078 0.114 0.280 0.201 
458 NS_SS1374    (0)    7 :  0.203 0.079 0.090 0.188 0.054 0.215 0.109 0.062 
459 NS_SS1337    (3)    7 :  0.086 0.062 0.048 0.337 0.106 0.245 0.042 0.074 
460 NS_SS1385    (5)    7 :  0.101 0.139 0.055 0.101 0.154 0.088 0.187 0.175 
461 NS_SS1388    (0)    7 :  0.121 0.304 0.151 0.053 0.060 0.097 0.148 0.066 
462 NS_SS1370    (1)    7 :  0.040 0.050 0.135 0.450 0.063 0.085 0.054 0.123 
463 NS_SS1389    (3)    7 :  0.094 0.326 0.132 0.102 0.049 0.121 0.113 0.063 
464 NS_SS1360    (1)    7 :  0.089 0.080 0.215 0.114 0.095 0.064 0.264 0.079 
465 NS_SS1330    (0)    7 :  0.053 0.165 0.074 0.183 0.170 0.068 0.144 0.144 
466 NS_SS1328    (8)    7 :  0.216 0.138 0.094 0.056 0.105 0.145 0.075 0.171 
467 NS_SS1384    (1)    7 :  0.106 0.045 0.078 0.125 0.153 0.111 0.285 0.098 
468 NS_SS1381    (0)    7 :  0.040 0.225 0.085 0.086 0.114 0.079 0.056 0.315 
469 NS_SS1375    (1)    7 :  0.102 0.299 0.054 0.109 0.043 0.120 0.131 0.141 
470 NS_SS1319   (10)    7 :  0.136 0.104 0.082 0.120 0.098 0.178 0.144 0.139 
471 NS_SS1326    (2)    7 :  0.231 0.201 0.170 0.048 0.052 0.104 0.078 0.117 
472 NS_SS1341    (1)    7 :  0.096 0.037 0.264 0.065 0.086 0.211 0.143 0.099 
473 NS_SS1383    (1)    7 :  0.075 0.039 0.088 0.128 0.073 0.337 0.157 0.104 
