

----------------------------------------------------
STRUCTURE by Pritchard, Stephens and Donnelly (2000)
     and Falush, Stephens and Pritchard (2003)
       Code by Pritchard, Falush and Hubisz
             Version 2.3.4 (Jul 2012)
----------------------------------------------------



Command line arguments:   /home/genobiwan/Documents/Programs/Structure/structure -m parameter_job_k8_r3 
Input File:    /media/genobiwan/Storage/Projets/Mackerel_NWA_2021/data_job_k8_r3

Run parameters:
   557 individuals
   3930 loci
   8 populations assumed
   100000 Burn-in period
   200000 Reps


--------------------------------------------
Proportion of membership of each pre-defined
 population in each of the 8 clusters

Given    Inferred Clusters                                          Number of
 Pop       1      2      3      4      5      6      7      8      Individuals

  1:     0.137  0.131  0.122  0.135  0.117  0.112  0.134  0.111       67
  2:     0.132  0.107  0.153  0.103  0.135  0.147  0.121  0.102       32
  3:     0.125  0.116  0.128  0.139  0.137  0.113  0.128  0.114       92
  4:     0.109  0.149  0.133  0.111  0.126  0.122  0.109  0.140       36
  5:     0.109  0.117  0.118  0.156  0.124  0.127  0.111  0.139       41
  6:     0.122  0.131  0.121  0.115  0.122  0.127  0.129  0.133      158
  7:     0.129  0.131  0.119  0.121  0.127  0.124  0.124  0.124       79
  8:     0.123  0.121  0.118  0.131  0.124  0.113  0.137  0.133       52
--------------------------------------------

Allele-freq. divergence among pops (Net nucleotide distance),
computed using point estimates of P.

      1       2       3       4       5       6       7       8      
 1      -    0.0059  0.0066  0.0063  0.0055  0.0061  0.0053  0.0076  
 2   0.0059     -    0.0057  0.0051  0.0053  0.0055  0.0046  0.0063  
 3   0.0066  0.0057     -    0.0059  0.0060  0.0058  0.0051  0.0067  
 4   0.0063  0.0051  0.0059     -    0.0053  0.0060  0.0044  0.0072  
 5   0.0055  0.0053  0.0060  0.0053     -    0.0059  0.0045  0.0068  
 6   0.0061  0.0055  0.0058  0.0060  0.0059     -    0.0057  0.0072  
 7   0.0053  0.0046  0.0051  0.0044  0.0045  0.0057     -    0.0053  
 8   0.0076  0.0063  0.0067  0.0072  0.0068  0.0072  0.0053     -    

Average distances (expected heterozygosity) between individuals in same cluster:
cluster  1  : 0.3078 
cluster  2  : 0.3105 
cluster  3  : 0.3105 
cluster  4  : 0.3075 
cluster  5  : 0.3084 
cluster  6  : 0.3114 
cluster  7  : 0.3132 
cluster  8  : 0.3062 

--------------------------------------------
Estimated Ln Prob of Data   = -2071763.5
Mean value of ln likelihood = -2058323.6
Variance of ln likelihood   = 26879.9
Mean value of alpha         = 1.4530

Mean value of Fst_1         = 0.0715
Mean value of Fst_2         = 0.0603
Mean value of Fst_3         = 0.0681
Mean value of Fst_4         = 0.0660
Mean value of Fst_5         = 0.0622
Mean value of Fst_6         = 0.0664
Mean value of Fst_7         = 0.0564
Mean value of Fst_8         = 0.0746


Inferred ancestry of individuals:
        Label (%Miss) Pop:  Inferred clusters
  1 NS_SS0963    (4)    1 :  0.043 0.192 0.136 0.169 0.170 0.106 0.124 0.060 
  2 NS_SS0983    (1)    1 :  0.037 0.075 0.166 0.046 0.062 0.050 0.455 0.109 
  3 NS_SS0719    (8)    1 :  0.095 0.177 0.132 0.091 0.189 0.096 0.099 0.121 
  4 NS_SS1001    (8)    1 :  0.170 0.057 0.114 0.133 0.129 0.244 0.079 0.074 
  5 NS_SS0936    (4)    1 :  0.084 0.168 0.159 0.215 0.072 0.159 0.066 0.078 
  6 NS_SS0955    (5)    1 :  0.041 0.113 0.130 0.178 0.149 0.074 0.183 0.131 
  7 NS_SS0944    (3)    1 :  0.069 0.073 0.084 0.228 0.163 0.125 0.098 0.161 
  8 NS_SS0945    (3)    1 :  0.181 0.090 0.064 0.108 0.065 0.191 0.157 0.144 
  9 NS_SS0922    (2)    1 :  0.101 0.131 0.101 0.092 0.180 0.265 0.055 0.074 
 10 NS_SS0929    (7)    1 :  0.103 0.141 0.157 0.166 0.072 0.066 0.142 0.153 
 11 NS_SS0956    (2)    1 :  0.168 0.073 0.092 0.096 0.305 0.122 0.082 0.062 
 12 NS_SS0906    (3)    1 :  0.101 0.123 0.090 0.229 0.080 0.085 0.137 0.154 
 13 NS_SS0721    (6)    1 :  0.093 0.113 0.144 0.056 0.252 0.070 0.217 0.055 
 14 NS_SS0982    (4)    1 :  0.145 0.139 0.080 0.197 0.145 0.088 0.125 0.082 
 15 NS_SS0923    (5)    1 :  0.200 0.119 0.140 0.152 0.082 0.100 0.117 0.088 
 16 NS_SS0905    (6)    1 :  0.248 0.066 0.133 0.107 0.057 0.069 0.241 0.079 
 17 NS_SS0925    (3)    1 :  0.091 0.085 0.241 0.173 0.110 0.106 0.152 0.041 
 18 NS_SS0947    (5)    1 :  0.104 0.132 0.190 0.185 0.106 0.118 0.080 0.086 
 19 NS_SS0926    (2)    1 :  0.112 0.248 0.052 0.088 0.067 0.067 0.131 0.235 
 20 NS_SS0918    (6)    1 :  0.143 0.097 0.057 0.347 0.094 0.059 0.143 0.059 
 21 NS_SS0966    (4)    1 :  0.122 0.157 0.145 0.222 0.073 0.092 0.117 0.072 
 22 NS_SS0938    (2)    1 :  0.071 0.297 0.072 0.079 0.089 0.245 0.064 0.082 
 23 NS_SS0917    (2)    1 :  0.143 0.172 0.203 0.045 0.099 0.072 0.110 0.156 
 24 NS_SS0957   (11)    1 :  0.197 0.100 0.095 0.115 0.199 0.073 0.118 0.104 
 25 NS_SS0987    (1)    1 :  0.211 0.084 0.053 0.096 0.237 0.048 0.181 0.089 
 26 NS_SS0717    (4)    1 :  0.262 0.047 0.091 0.124 0.113 0.159 0.143 0.062 
 27 NS_SS0986    (2)    1 :  0.162 0.127 0.039 0.104 0.142 0.081 0.232 0.114 
 28 NS_SS0953    (4)    1 :  0.134 0.047 0.195 0.244 0.095 0.119 0.099 0.067 
 29 NS_SS0907    (3)    1 :  0.092 0.093 0.101 0.259 0.068 0.086 0.221 0.081 
 30 NS_SS0974    (6)    1 :  0.133 0.088 0.214 0.177 0.059 0.101 0.095 0.132 
 31 NS_SS0989    (1)    1 :  0.050 0.215 0.188 0.053 0.080 0.113 0.082 0.219 
 32 NS_SS0991    (2)    1 :  0.053 0.051 0.043 0.147 0.184 0.062 0.349 0.111 
 33 NS_SS0994    (2)    1 :  0.060 0.071 0.062 0.059 0.062 0.202 0.140 0.345 
 34 NS_SS0931    (6)    1 :  0.066 0.153 0.051 0.100 0.137 0.078 0.235 0.180 
 35 NS_SS1000    (5)    1 :  0.177 0.129 0.087 0.168 0.074 0.208 0.077 0.080 
 36 NS_SS0919    (1)    1 :  0.092 0.233 0.106 0.111 0.046 0.047 0.284 0.082 
 37 NS_SS0949    (3)    1 :  0.046 0.152 0.195 0.056 0.151 0.110 0.115 0.175 
 38 NS_SS0960   (10)    1 :  0.170 0.093 0.182 0.163 0.104 0.038 0.084 0.166 
 39 NS_SS0716    (2)    1 :  0.475 0.074 0.049 0.041 0.129 0.081 0.074 0.079 
 40 NS_SS0924    (8)    1 :  0.120 0.112 0.178 0.169 0.125 0.048 0.126 0.122 
 41 NS_SS0935    (1)    1 :  0.120 0.052 0.123 0.105 0.133 0.073 0.198 0.197 
 42 NS_SS0952   (13)    1 :  0.103 0.112 0.096 0.180 0.061 0.081 0.191 0.175 
 43 NS_SS0962   (10)    1 :  0.190 0.258 0.051 0.089 0.078 0.155 0.118 0.060 
 44 NS_SS0973    (5)    1 :  0.058 0.068 0.289 0.200 0.105 0.074 0.140 0.066 
 45 NS_SS0722    (1)    1 :  0.169 0.044 0.104 0.174 0.075 0.271 0.107 0.057 
 46 NS_SS0979   (13)    1 :  0.218 0.120 0.064 0.133 0.164 0.094 0.146 0.061 
 47 NS_SS0993    (2)    1 :  0.098 0.099 0.172 0.171 0.112 0.163 0.137 0.047 
 48 NS_SS0958    (1)    1 :  0.205 0.096 0.075 0.131 0.063 0.108 0.079 0.242 
 49 NS_SS0988    (4)    1 :  0.167 0.236 0.062 0.166 0.066 0.053 0.121 0.128 
 50 NS_SS1003    (2)    1 :  0.053 0.369 0.050 0.096 0.254 0.070 0.058 0.051 
 51 NS_SS0976    (0)    1 :  0.052 0.195 0.064 0.148 0.093 0.107 0.155 0.186 
 52 NS_SS0964   (10)    1 :  0.195 0.053 0.111 0.098 0.153 0.252 0.079 0.057 
 53 NS_SS0939    (4)    1 :  0.367 0.120 0.065 0.037 0.173 0.127 0.051 0.059 
 54 NS_SS0990    (6)    1 :  0.148 0.203 0.041 0.052 0.112 0.158 0.102 0.184 
 55 NS_SS0984    (2)    1 :  0.218 0.143 0.107 0.109 0.074 0.210 0.081 0.058 
 56 NS_SS0980    (9)    1 :  0.095 0.075 0.344 0.216 0.053 0.076 0.081 0.061 
 57 NS_SS0978    (4)    1 :  0.089 0.144 0.125 0.148 0.092 0.205 0.093 0.104 
 58 NS_SS0951   (17)    1 :  0.160 0.053 0.058 0.145 0.175 0.062 0.209 0.138 
 59 NS_SS0913    (3)    1 :  0.197 0.077 0.054 0.099 0.205 0.193 0.076 0.100 
 60 NS_SS1002    (1)    1 :  0.130 0.368 0.064 0.221 0.046 0.060 0.055 0.056 
 61 NS_SS0948    (1)    1 :  0.135 0.128 0.083 0.181 0.090 0.084 0.180 0.119 
 62 NS_SS0916    (4)    1 :  0.101 0.149 0.339 0.050 0.084 0.104 0.051 0.121 
 63 NS_SS0995    (1)    1 :  0.188 0.110 0.347 0.061 0.089 0.057 0.087 0.060 
 64 NS_SS0927    (6)    1 :  0.148 0.134 0.184 0.055 0.054 0.093 0.197 0.135 
 65 NS_SS0992    (5)    1 :  0.089 0.164 0.218 0.118 0.071 0.132 0.044 0.164 
 66 NS_SS0912    (1)    1 :  0.134 0.125 0.040 0.105 0.223 0.067 0.179 0.126 
 67 NS_SS0981    (1)    1 :  0.157 0.203 0.049 0.172 0.141 0.060 0.155 0.063 
 68 NS_SS0729    (5)    2 :  0.038 0.073 0.296 0.103 0.050 0.099 0.126 0.215 
 69 NS_SS0967   (14)    2 :  0.104 0.183 0.161 0.219 0.080 0.079 0.120 0.053 
 70 NS_SS0941    (7)    2 :  0.090 0.134 0.121 0.072 0.116 0.268 0.108 0.091 
 71 NS_SS0768   (12)    2 :  0.115 0.104 0.052 0.147 0.256 0.126 0.107 0.093 
 72 NS_SS0726    (4)    2 :  0.035 0.156 0.257 0.096 0.069 0.156 0.060 0.171 
 73 NS_SS0763    (4)    2 :  0.127 0.101 0.094 0.119 0.077 0.157 0.138 0.187 
 74 NS_SS0730    (6)    2 :  0.255 0.160 0.153 0.081 0.108 0.080 0.096 0.069 
 75 NS_SS0774    (1)    2 :  0.190 0.104 0.242 0.140 0.061 0.148 0.058 0.057 
 76 NS_SS0723    (3)    2 :  0.131 0.172 0.210 0.116 0.115 0.083 0.142 0.031 
 77 NS_SS0940    (9)    2 :  0.141 0.144 0.144 0.052 0.095 0.168 0.116 0.140 
 78 NS_SS0762    (1)    2 :  0.212 0.050 0.134 0.129 0.108 0.261 0.057 0.048 
 79 NS_SS0766   (11)    2 :  0.229 0.065 0.136 0.046 0.101 0.197 0.107 0.119 
 80 NS_SS0724    (1)    2 :  0.093 0.065 0.096 0.160 0.188 0.159 0.174 0.064 
 81 NS_SS0769    (3)    2 :  0.178 0.185 0.078 0.103 0.124 0.105 0.131 0.095 
 82 NS_SS0777    (2)    2 :  0.122 0.114 0.051 0.082 0.095 0.063 0.335 0.138 
 83 NS_SS0734    (6)    2 :  0.131 0.090 0.120 0.063 0.212 0.127 0.116 0.141 
 84 NS_SS0737    (3)    2 :  0.151 0.082 0.206 0.073 0.077 0.309 0.048 0.053 
 85 NS_SS0732    (5)    2 :  0.152 0.062 0.189 0.120 0.250 0.051 0.132 0.044 
 86 NS_SS0728    (5)    2 :  0.108 0.083 0.222 0.066 0.169 0.131 0.144 0.077 
 87 NS_SS0735    (9)    2 :  0.079 0.041 0.214 0.106 0.171 0.206 0.126 0.058 
 88 NS_SS0725    (1)    2 :  0.063 0.126 0.043 0.081 0.166 0.379 0.057 0.085 
 89 NS_SS0788    (2)    2 :  0.120 0.269 0.156 0.072 0.103 0.084 0.099 0.096 
 90 NS_SS0778    (2)    2 :  0.070 0.190 0.169 0.062 0.115 0.049 0.238 0.107 
 91 NS_SS0792    (6)    2 :  0.119 0.070 0.226 0.123 0.184 0.069 0.076 0.132 
 92 NS_SS0943   (11)    2 :  0.047 0.060 0.067 0.242 0.198 0.077 0.086 0.224 
 93 NS_SS0791    (2)    2 :  0.105 0.073 0.339 0.047 0.163 0.064 0.089 0.120 
 94 NS_SS0790    (5)    2 :  0.163 0.072 0.075 0.198 0.251 0.138 0.070 0.034 
 95 NS_SS0731    (6)    2 :  0.200 0.078 0.045 0.077 0.232 0.112 0.204 0.052 
 96 NS_SS0727    (6)    2 :  0.086 0.037 0.205 0.068 0.082 0.251 0.069 0.202 
 97 NS_SS0779   (12)    2 :  0.117 0.112 0.142 0.073 0.099 0.097 0.290 0.070 
 98 NS_SS0776    (3)    2 :  0.128 0.112 0.086 0.068 0.112 0.261 0.107 0.126 
 99 NS_SS0775    (5)    2 :  0.332 0.070 0.163 0.080 0.104 0.139 0.052 0.061 
100 NS_SS0965    (3)    3 :  0.095 0.143 0.106 0.142 0.215 0.054 0.185 0.061 
101 NS_SS0754   (13)    3 :  0.071 0.082 0.181 0.083 0.233 0.066 0.102 0.181 
102 NS_SS0838    (5)    3 :  0.152 0.120 0.120 0.099 0.080 0.155 0.166 0.108 
103 NS_SS0839    (3)    3 :  0.206 0.114 0.155 0.098 0.124 0.190 0.060 0.054 
104 NS_SS0832    (4)    3 :  0.130 0.115 0.085 0.240 0.167 0.109 0.120 0.034 
105 NS_SS0820    (4)    3 :  0.100 0.194 0.110 0.126 0.218 0.101 0.114 0.036 
106 NS_SS0886    (9)    3 :  0.121 0.125 0.139 0.080 0.166 0.078 0.136 0.155 
107 NS_SS0748    (5)    3 :  0.144 0.104 0.081 0.156 0.093 0.070 0.252 0.101 
108 NS_SS0884    (9)    3 :  0.098 0.099 0.198 0.139 0.126 0.108 0.101 0.130 
109 NS_SS0752    (3)    3 :  0.128 0.116 0.206 0.119 0.084 0.178 0.080 0.089 
110 NS_SS0862    (1)    3 :  0.080 0.075 0.189 0.143 0.303 0.050 0.123 0.037 
111 NS_SS0787    (9)    3 :  0.121 0.089 0.088 0.104 0.085 0.054 0.094 0.365 
112 NS_SS0843    (6)    3 :  0.079 0.076 0.155 0.102 0.134 0.149 0.240 0.066 
113 NS_SS0856    (4)    3 :  0.159 0.128 0.216 0.046 0.095 0.176 0.074 0.106 
114 NS_SS0846    (2)    3 :  0.053 0.151 0.159 0.213 0.054 0.129 0.125 0.117 
115 NS_SS0825    (1)    3 :  0.053 0.257 0.060 0.097 0.222 0.074 0.129 0.108 
116 NS_SS0757    (3)    3 :  0.094 0.077 0.084 0.130 0.173 0.089 0.243 0.109 
117 NS_SS0876    (3)    3 :  0.088 0.091 0.139 0.149 0.152 0.179 0.125 0.077 
118 NS_SS0903    (9)    3 :  0.094 0.092 0.386 0.197 0.048 0.083 0.063 0.038 
119 NS_SS0875    (7)    3 :  0.252 0.173 0.071 0.078 0.098 0.072 0.162 0.095 
120 NS_SS0740    (5)    3 :  0.088 0.074 0.107 0.138 0.117 0.167 0.233 0.076 
121 NS_SS0811    (5)    3 :  0.355 0.063 0.081 0.132 0.192 0.044 0.084 0.049 
122 NS_SS0751    (1)    3 :  0.175 0.197 0.088 0.067 0.071 0.201 0.115 0.086 
123 NS_SS0891    (6)    3 :  0.122 0.162 0.064 0.103 0.105 0.256 0.072 0.116 
124 NS_SS0867    (2)    3 :  0.045 0.123 0.079 0.259 0.181 0.047 0.135 0.131 
125 NS_SS0890    (6)    3 :  0.196 0.111 0.199 0.140 0.066 0.072 0.136 0.081 
126 NS_SS0866   (11)    3 :  0.067 0.091 0.095 0.086 0.111 0.115 0.080 0.354 
127 NS_SS0755    (4)    3 :  0.129 0.112 0.094 0.197 0.211 0.081 0.079 0.097 
128 NS_SS0758    (4)    3 :  0.077 0.088 0.201 0.098 0.079 0.177 0.207 0.073 
129 NS_SS0840    (2)    3 :  0.148 0.185 0.113 0.189 0.130 0.117 0.074 0.044 
130 NS_SS0889    (4)    3 :  0.077 0.072 0.067 0.112 0.234 0.086 0.083 0.269 
131 NS_SS1010    (1)    3 :  0.214 0.206 0.097 0.146 0.091 0.053 0.108 0.086 
132 NS_SS0888    (5)    3 :  0.090 0.042 0.257 0.068 0.125 0.086 0.051 0.281 
133 NS_SS0837    (3)    3 :  0.126 0.073 0.113 0.214 0.259 0.063 0.096 0.055 
134 NS_SS0794    (9)    3 :  0.160 0.047 0.152 0.088 0.100 0.121 0.110 0.223 
135 NS_SS0823    (4)    3 :  0.089 0.114 0.089 0.272 0.096 0.172 0.112 0.055 
136 NS_SS0829    (7)    3 :  0.102 0.057 0.060 0.165 0.142 0.045 0.207 0.221 
137 NS_SS0844    (5)    3 :  0.069 0.067 0.176 0.457 0.088 0.044 0.058 0.040 
138 NS_SS1008    (5)    3 :  0.183 0.065 0.092 0.102 0.082 0.173 0.082 0.220 
139 NS_SS0881    (3)    3 :  0.139 0.270 0.082 0.093 0.106 0.084 0.067 0.160 
140 NS_SS0834    (6)    3 :  0.075 0.139 0.054 0.083 0.104 0.417 0.069 0.060 
141 NS_SS0744   (10)    3 :  0.061 0.159 0.221 0.131 0.157 0.074 0.105 0.093 
142 NS_SS0899    (7)    3 :  0.212 0.058 0.066 0.176 0.180 0.131 0.125 0.054 
143 NS_SS0804    (4)    3 :  0.110 0.129 0.125 0.145 0.174 0.132 0.153 0.032 
144 NS_SS0781   (10)    3 :  0.144 0.196 0.075 0.181 0.067 0.112 0.188 0.037 
145 NS_SS0822    (6)    3 :  0.042 0.044 0.128 0.137 0.132 0.233 0.160 0.124 
146 NS_SS1004    (4)    3 :  0.080 0.111 0.142 0.230 0.121 0.113 0.130 0.073 
147 NS_SS0746    (5)    3 :  0.075 0.096 0.065 0.217 0.068 0.164 0.208 0.107 
148 NS_SS0880    (3)    3 :  0.069 0.125 0.144 0.213 0.137 0.163 0.070 0.078 
149 NS_SS0879    (4)    3 :  0.063 0.076 0.111 0.156 0.196 0.232 0.052 0.115 
150 NS_SS0753    (2)    3 :  0.125 0.061 0.121 0.160 0.122 0.052 0.209 0.149 
151 NS_SS1007    (2)    3 :  0.186 0.171 0.256 0.045 0.052 0.132 0.074 0.084 
152 NS_SS0872    (5)    3 :  0.193 0.138 0.164 0.140 0.082 0.124 0.084 0.075 
153 NS_SS1005    (7)    3 :  0.106 0.135 0.094 0.235 0.073 0.149 0.149 0.060 
154 NS_SS0892    (6)    3 :  0.151 0.102 0.082 0.100 0.114 0.152 0.204 0.095 
155 NS_SS0898    (0)    3 :  0.106 0.123 0.073 0.163 0.131 0.092 0.105 0.206 
156 NS_SS0801    (9)    3 :  0.122 0.086 0.071 0.121 0.184 0.075 0.263 0.076 
157 NS_SS0827    (8)    3 :  0.285 0.105 0.089 0.075 0.085 0.030 0.231 0.099 
158 NS_SS0853    (6)    3 :  0.367 0.046 0.108 0.093 0.114 0.038 0.118 0.116 
159 NS_SS0780    (2)    3 :  0.081 0.181 0.130 0.071 0.158 0.113 0.219 0.047 
160 NS_SS0826   (10)    3 :  0.040 0.246 0.037 0.233 0.106 0.104 0.118 0.117 
161 NS_SS0818    (5)    3 :  0.152 0.191 0.150 0.120 0.130 0.134 0.072 0.051 
162 NS_SS0745    (1)    3 :  0.235 0.071 0.027 0.042 0.166 0.356 0.042 0.060 
163 NS_SS0849    (3)    3 :  0.112 0.115 0.042 0.103 0.351 0.057 0.157 0.064 
164 NS_SS0739    (3)    3 :  0.162 0.182 0.180 0.046 0.161 0.078 0.095 0.098 
165 NS_SS0799    (1)    3 :  0.140 0.037 0.304 0.078 0.083 0.078 0.167 0.113 
166 NS_SS0756    (2)    3 :  0.138 0.191 0.073 0.282 0.113 0.067 0.072 0.063 
167 NS_SS0802    (2)    3 :  0.089 0.205 0.164 0.072 0.054 0.116 0.196 0.104 
168 NS_SS0747    (6)    3 :  0.100 0.149 0.147 0.192 0.068 0.097 0.169 0.078 
169 NS_SS0835    (1)    3 :  0.087 0.139 0.134 0.082 0.064 0.076 0.174 0.244 
170 NS_SS0742   (18)    3 :  0.089 0.154 0.226 0.106 0.127 0.075 0.171 0.052 
171 NS_SS0760    (9)    3 :  0.144 0.090 0.082 0.119 0.060 0.095 0.137 0.272 
172 NS_SS0803    (4)    3 :  0.052 0.042 0.305 0.352 0.073 0.069 0.070 0.038 
173 NS_SS0828   (13)    3 :  0.149 0.083 0.152 0.096 0.187 0.068 0.163 0.102 
174 NS_SS0865    (2)    3 :  0.055 0.194 0.113 0.136 0.244 0.045 0.106 0.108 
175 NS_SS0759    (4)    3 :  0.172 0.092 0.104 0.107 0.159 0.189 0.129 0.048 
176 NS_SS0851    (5)    3 :  0.105 0.088 0.035 0.090 0.424 0.135 0.056 0.066 
177 NS_SS0874   (16)    3 :  0.103 0.071 0.118 0.273 0.070 0.101 0.219 0.045 
178 NS_SS0761    (6)    3 :  0.065 0.118 0.068 0.164 0.138 0.056 0.181 0.211 
179 NS_SS0842   (25)    3 :  0.212 0.087 0.100 0.134 0.091 0.086 0.101 0.190 
180 NS_SS0785    (6)    3 :  0.099 0.085 0.176 0.165 0.127 0.079 0.137 0.132 
181 NS_SS0860   (11)    3 :  0.082 0.111 0.110 0.118 0.070 0.091 0.149 0.268 
182 NS_SS0897    (7)    3 :  0.104 0.066 0.092 0.082 0.143 0.069 0.120 0.323 
183 NS_SS0841   (14)    3 :  0.238 0.076 0.071 0.134 0.197 0.125 0.104 0.055 
184 NS_SS0797    (6)    3 :  0.109 0.127 0.072 0.138 0.210 0.052 0.118 0.175 
185 NS_SS0830   (10)    3 :  0.128 0.152 0.102 0.129 0.191 0.074 0.093 0.131 
186 NS_SS1011    (5)    3 :  0.056 0.262 0.098 0.186 0.163 0.109 0.069 0.057 
187 NS_SS0883    (5)    3 :  0.216 0.060 0.213 0.104 0.122 0.035 0.156 0.095 
188 NS_SS0782    (2)    3 :  0.136 0.075 0.183 0.114 0.093 0.183 0.068 0.148 
189 NS_SS0831    (5)    3 :  0.108 0.058 0.104 0.088 0.228 0.059 0.134 0.220 
190 NS_SS0749    (7)    3 :  0.116 0.098 0.181 0.068 0.213 0.101 0.100 0.125 
191 NS_SS0854    (2)    3 :  0.056 0.062 0.258 0.096 0.116 0.214 0.098 0.100 
192 HI_SS0193    (0)    4 :  0.044 0.090 0.079 0.063 0.200 0.264 0.055 0.205 
193 HI_SS0194    (0)    4 :  0.042 0.144 0.042 0.074 0.078 0.439 0.094 0.087 
194 HI_SS0195    (9)    4 :  0.142 0.172 0.097 0.058 0.268 0.134 0.087 0.043 
195 HI_SS0196    (6)    4 :  0.163 0.066 0.192 0.086 0.082 0.170 0.117 0.123 
196 HI_SS0197    (3)    4 :  0.084 0.483 0.066 0.061 0.048 0.080 0.119 0.058 
197 HI_SS0198    (1)    4 :  0.112 0.097 0.154 0.073 0.228 0.070 0.129 0.137 
198 HI_SS0199    (1)    4 :  0.099 0.064 0.316 0.089 0.079 0.115 0.054 0.184 
199 HI_SS0201    (4)    4 :  0.053 0.079 0.105 0.133 0.165 0.036 0.209 0.220 
200 HI_SS0215    (1)    4 :  0.108 0.128 0.095 0.113 0.106 0.038 0.220 0.191 
201 HI_SS0218    (1)    4 :  0.105 0.040 0.131 0.080 0.146 0.095 0.047 0.357 
202 HI_SS0222    (0)    4 :  0.137 0.176 0.133 0.044 0.186 0.133 0.094 0.097 
203 HI_SS0230    (1)    4 :  0.256 0.232 0.050 0.110 0.057 0.072 0.150 0.073 
204 HI_SS0234    (1)    4 :  0.053 0.202 0.264 0.114 0.053 0.142 0.087 0.084 
205 HI_SS0240    (1)    4 :  0.104 0.088 0.335 0.055 0.116 0.168 0.057 0.077 
206 HI_SS0241    (0)    4 :  0.104 0.096 0.129 0.122 0.118 0.073 0.151 0.208 
207 HI_SS0242    (0)    4 :  0.091 0.092 0.117 0.196 0.162 0.093 0.089 0.159 
208 HI_SS0247    (0)    4 :  0.086 0.137 0.052 0.286 0.108 0.099 0.130 0.101 
209 HI_SS0248    (1)    4 :  0.106 0.035 0.178 0.100 0.053 0.147 0.198 0.183 
210 HI_SS0252    (2)    4 :  0.079 0.053 0.142 0.123 0.159 0.261 0.126 0.057 
211 HI_SS0254    (1)    4 :  0.083 0.260 0.112 0.133 0.056 0.102 0.133 0.121 
212 HI_SS0256    (0)    4 :  0.132 0.140 0.119 0.228 0.120 0.182 0.054 0.025 
213 HI_SS0257    (0)    4 :  0.040 0.146 0.128 0.198 0.042 0.100 0.126 0.219 
214 HI_SS0258    (1)    4 :  0.124 0.070 0.105 0.123 0.111 0.109 0.114 0.244 
215 HI_SS0259    (1)    4 :  0.060 0.258 0.091 0.067 0.158 0.212 0.075 0.079 
216 HI_SS0260    (1)    4 :  0.201 0.060 0.193 0.064 0.073 0.089 0.097 0.222 
217 HI_SS0261    (2)    4 :  0.055 0.217 0.069 0.179 0.058 0.180 0.092 0.151 
218 HI_SS0262    (0)    4 :  0.161 0.113 0.198 0.090 0.232 0.066 0.049 0.090 
219 HI_SS0264    (1)    4 :  0.274 0.203 0.041 0.089 0.100 0.089 0.121 0.084 
220 HI_SS0265    (0)    4 :  0.086 0.241 0.082 0.090 0.227 0.091 0.101 0.083 
221 HI_SS0268    (1)    4 :  0.271 0.218 0.078 0.042 0.077 0.080 0.110 0.125 
222 HI_SS0269    (1)    4 :  0.035 0.142 0.244 0.088 0.049 0.078 0.092 0.272 
223 HI_SS0273    (0)    4 :  0.082 0.125 0.093 0.226 0.105 0.065 0.053 0.251 
224 HI_SS0277    (1)    4 :  0.066 0.410 0.104 0.126 0.107 0.048 0.065 0.073 
225 HI_SS0280    (0)    4 :  0.155 0.114 0.143 0.044 0.247 0.108 0.080 0.108 
226 HI_SS0282    (1)    4 :  0.057 0.073 0.122 0.183 0.164 0.105 0.135 0.160 
227 HI_SS0286    (1)    4 :  0.079 0.110 0.202 0.055 0.186 0.066 0.216 0.085 
228 NS_SS1252    (3)    5 :  0.083 0.049 0.116 0.134 0.076 0.071 0.163 0.308 
229 NS_SS1261    (1)    5 :  0.170 0.153 0.197 0.125 0.072 0.055 0.132 0.096 
230 NS_SS1225    (9)    5 :  0.066 0.093 0.074 0.338 0.060 0.085 0.131 0.154 
231 NS_SS1266    (1)    5 :  0.083 0.077 0.094 0.416 0.113 0.104 0.066 0.049 
232 NS_SS1228    (0)    5 :  0.203 0.111 0.141 0.079 0.264 0.065 0.050 0.086 
233 NS_SS1255    (2)    5 :  0.132 0.067 0.103 0.117 0.065 0.343 0.035 0.139 
234 NS_SS1267    (3)    5 :  0.103 0.088 0.103 0.041 0.121 0.060 0.152 0.330 
235 NS_SS1238    (6)    5 :  0.107 0.224 0.065 0.072 0.163 0.130 0.082 0.157 
236 NS_SS1233    (8)    5 :  0.144 0.075 0.028 0.385 0.075 0.108 0.125 0.060 
237 NS_SS1277    (3)    5 :  0.076 0.080 0.156 0.054 0.129 0.216 0.060 0.228 
238 NS_SS1245    (1)    5 :  0.066 0.095 0.086 0.161 0.057 0.173 0.255 0.107 
239 NS_SS1240    (4)    5 :  0.074 0.101 0.123 0.049 0.039 0.085 0.272 0.255 
240 NS_SS1275    (2)    5 :  0.075 0.286 0.071 0.140 0.206 0.124 0.049 0.049 
241 NS_SS1235    (1)    5 :  0.044 0.098 0.199 0.195 0.039 0.279 0.063 0.083 
242 NS_SS1263    (1)    5 :  0.153 0.063 0.063 0.242 0.069 0.244 0.106 0.060 
243 NS_SS1251    (1)    5 :  0.107 0.132 0.072 0.261 0.069 0.158 0.140 0.061 
244 NS_SS1248    (0)    5 :  0.151 0.107 0.038 0.077 0.362 0.056 0.091 0.120 
245 NS_SS1244    (0)    5 :  0.037 0.295 0.124 0.191 0.122 0.058 0.069 0.104 
246 NS_SS1257    (0)    5 :  0.091 0.073 0.143 0.089 0.121 0.132 0.111 0.241 
247 NS_SS1242    (2)    5 :  0.195 0.118 0.051 0.147 0.132 0.198 0.089 0.069 
248 NS_SS1271    (6)    5 :  0.063 0.094 0.234 0.061 0.118 0.045 0.092 0.294 
249 NS_SS1265    (1)    5 :  0.087 0.133 0.040 0.112 0.096 0.108 0.180 0.243 
250 NS_SS1243    (0)    5 :  0.149 0.052 0.080 0.065 0.223 0.181 0.176 0.073 
251 NS_SS1273    (1)    5 :  0.308 0.094 0.068 0.155 0.076 0.183 0.045 0.073 
252 NS_SS1254   (14)    5 :  0.224 0.061 0.093 0.311 0.065 0.083 0.098 0.066 
253 NS_SS1224    (1)    5 :  0.119 0.089 0.103 0.243 0.219 0.093 0.061 0.073 
254 NS_SS1227    (8)    5 :  0.155 0.163 0.136 0.054 0.046 0.081 0.215 0.150 
255 NS_SS1274    (8)    5 :  0.120 0.080 0.156 0.115 0.098 0.153 0.118 0.161 
256 NS_SS1241    (1)    5 :  0.076 0.080 0.144 0.195 0.146 0.096 0.074 0.188 
257 NS_SS1256    (3)    5 :  0.081 0.150 0.059 0.271 0.064 0.098 0.115 0.162 
258 NS_SS1260    (8)    5 :  0.111 0.066 0.290 0.107 0.075 0.051 0.102 0.197 
259 NS_SS1262    (0)    5 :  0.086 0.129 0.128 0.233 0.135 0.049 0.083 0.158 
260 NS_SS1230    (0)    5 :  0.156 0.099 0.061 0.162 0.107 0.138 0.077 0.200 
261 NS_SS1270    (2)    5 :  0.056 0.109 0.038 0.221 0.275 0.107 0.123 0.071 
262 NS_SS1229    (2)    5 :  0.042 0.190 0.215 0.090 0.039 0.257 0.121 0.047 
263 NS_SS1246    (5)    5 :  0.040 0.181 0.202 0.052 0.079 0.159 0.120 0.167 
264 NS_SS1269    (0)    5 :  0.140 0.111 0.122 0.147 0.159 0.135 0.091 0.096 
265 NS_SS1239    (1)    5 :  0.065 0.061 0.301 0.059 0.241 0.153 0.071 0.049 
266 NS_SS1272    (4)    5 :  0.065 0.381 0.056 0.128 0.076 0.102 0.112 0.080 
267 NS_SS1268    (1)    5 :  0.099 0.044 0.043 0.199 0.319 0.090 0.141 0.065 
268 NS_SS1249    (0)    5 :  0.062 0.053 0.210 0.112 0.082 0.092 0.076 0.312 
269 HI_SS0559    (0)    6 :  0.111 0.046 0.110 0.106 0.196 0.158 0.146 0.128 
270 HI_SS0563    (1)    6 :  0.101 0.150 0.259 0.167 0.092 0.064 0.075 0.093 
271 HI_SS0564    (0)    6 :  0.061 0.183 0.110 0.124 0.148 0.150 0.148 0.075 
272 HI_SS0565    (0)    6 :  0.107 0.191 0.085 0.104 0.060 0.070 0.275 0.108 
273 HI_SS0569    (0)    6 :  0.065 0.097 0.066 0.186 0.057 0.043 0.362 0.123 
274 HI_SS0570    (0)    6 :  0.089 0.117 0.107 0.042 0.141 0.148 0.126 0.230 
275 HI_SS0572    (1)    6 :  0.096 0.094 0.201 0.087 0.078 0.254 0.141 0.048 
276 HI_SS0576    (0)    6 :  0.204 0.137 0.094 0.090 0.191 0.138 0.080 0.068 
277 HI_SS0579    (1)    6 :  0.048 0.050 0.178 0.261 0.064 0.108 0.178 0.114 
278 HI_SS0580    (1)    6 :  0.202 0.056 0.140 0.085 0.094 0.123 0.095 0.204 
279 HI_SS0581    (0)    6 :  0.088 0.275 0.074 0.062 0.255 0.105 0.096 0.046 
280 HI_SS0583    (1)    6 :  0.149 0.063 0.080 0.088 0.030 0.121 0.315 0.155 
281 HI_SS0586    (1)    6 :  0.194 0.068 0.050 0.048 0.082 0.049 0.256 0.253 
282 HI_SS0588    (1)    6 :  0.100 0.053 0.110 0.155 0.074 0.096 0.299 0.114 
283 HI_SS0595    (4)    6 :  0.121 0.310 0.079 0.097 0.049 0.078 0.064 0.203 
284 HI_SS0596    (0)    6 :  0.193 0.048 0.136 0.103 0.067 0.319 0.066 0.069 
285 HI_SS0597    (1)    6 :  0.123 0.151 0.082 0.103 0.052 0.239 0.192 0.057 
286 HI_SS0600    (0)    6 :  0.066 0.163 0.300 0.081 0.117 0.069 0.069 0.136 
287 HI_SS0601    (1)    6 :  0.094 0.167 0.143 0.202 0.112 0.034 0.155 0.092 
288 HI_SS0602    (1)    6 :  0.215 0.054 0.060 0.047 0.110 0.093 0.261 0.160 
289 HI_SS0604    (0)    6 :  0.054 0.054 0.051 0.110 0.132 0.219 0.323 0.057 
290 HI_SS0605    (1)    6 :  0.051 0.055 0.178 0.059 0.292 0.065 0.193 0.107 
291 HI_SS0608    (0)    6 :  0.253 0.106 0.073 0.067 0.091 0.185 0.109 0.115 
292 HI_SS0609    (0)    6 :  0.146 0.137 0.100 0.270 0.055 0.098 0.122 0.072 
293 HI_SS0611    (5)    6 :  0.153 0.054 0.077 0.055 0.192 0.066 0.194 0.209 
294 HI_SS0612    (1)    6 :  0.048 0.065 0.251 0.366 0.038 0.065 0.055 0.112 
295 HI_SS0613    (1)    6 :  0.150 0.058 0.067 0.100 0.336 0.062 0.124 0.103 
296 HI_SS0615    (0)    6 :  0.187 0.147 0.199 0.072 0.129 0.160 0.061 0.044 
297 HI_SS0001    (1)    6 :  0.085 0.131 0.121 0.094 0.074 0.253 0.056 0.187 
298 HI_SS0002    (1)    6 :  0.133 0.140 0.075 0.244 0.071 0.169 0.118 0.050 
299 HI_SS0004    (0)    6 :  0.124 0.070 0.092 0.062 0.126 0.203 0.119 0.204 
300 HI_SS0005    (1)    6 :  0.202 0.154 0.073 0.079 0.265 0.056 0.076 0.095 
301 HI_SS0006    (1)    6 :  0.055 0.135 0.098 0.197 0.069 0.105 0.161 0.180 
302 HI_SS0007    (1)    6 :  0.063 0.037 0.116 0.053 0.349 0.111 0.059 0.212 
303 HI_SS0008    (0)    6 :  0.131 0.188 0.081 0.096 0.124 0.088 0.224 0.068 
304 HI_SS0009    (0)    6 :  0.153 0.044 0.170 0.075 0.219 0.172 0.111 0.056 
305 HI_SS0010    (1)    6 :  0.217 0.119 0.103 0.095 0.112 0.062 0.155 0.138 
306 HI_SS0011    (1)    6 :  0.102 0.195 0.033 0.309 0.114 0.084 0.065 0.098 
307 HI_SS0012    (0)    6 :  0.162 0.185 0.308 0.060 0.074 0.044 0.137 0.030 
308 HI_SS0017    (1)    6 :  0.073 0.090 0.066 0.070 0.113 0.433 0.063 0.093 
309 HI_SS0021    (1)    6 :  0.212 0.185 0.066 0.075 0.063 0.053 0.134 0.211 
310 HI_SS0024    (1)    6 :  0.162 0.203 0.158 0.069 0.171 0.107 0.057 0.073 
311 HI_SS0025    (1)    6 :  0.194 0.052 0.095 0.138 0.132 0.235 0.075 0.078 
312 HI_SS0027    (0)    6 :  0.103 0.048 0.120 0.172 0.125 0.081 0.217 0.135 
313 HI_SS0028    (0)    6 :  0.299 0.268 0.040 0.068 0.146 0.064 0.077 0.037 
314 HI_SS0029    (1)    6 :  0.338 0.129 0.159 0.048 0.050 0.071 0.044 0.160 
315 HI_SS0030    (2)    6 :  0.055 0.112 0.153 0.115 0.178 0.152 0.100 0.135 
316 HI_SS0031    (0)    6 :  0.127 0.198 0.246 0.136 0.050 0.077 0.105 0.062 
317 HI_SS0034    (0)    6 :  0.046 0.060 0.152 0.137 0.106 0.117 0.198 0.183 
318 HI_SS0036    (0)    6 :  0.087 0.215 0.081 0.031 0.161 0.064 0.074 0.287 
319 HI_SS0037    (1)    6 :  0.221 0.048 0.059 0.102 0.110 0.057 0.168 0.235 
320 HI_SS0039    (0)    6 :  0.192 0.111 0.066 0.077 0.210 0.050 0.057 0.238 
321 HI_SS0041    (1)    6 :  0.137 0.106 0.086 0.057 0.303 0.157 0.073 0.081 
322 HI_SS0042    (1)    6 :  0.168 0.215 0.088 0.128 0.114 0.141 0.079 0.067 
323 HI_SS0043    (1)    6 :  0.050 0.166 0.113 0.066 0.090 0.060 0.161 0.295 
324 HI_SS0044    (1)    6 :  0.216 0.063 0.183 0.048 0.058 0.166 0.050 0.217 
325 HI_SS0047    (1)    6 :  0.070 0.093 0.096 0.102 0.186 0.238 0.155 0.059 
326 HI_SS0049    (0)    6 :  0.127 0.053 0.051 0.134 0.080 0.320 0.156 0.079 
327 HI_SS0051    (1)    6 :  0.069 0.054 0.101 0.169 0.334 0.063 0.143 0.067 
328 HI_SS0053    (1)    6 :  0.048 0.183 0.083 0.078 0.077 0.104 0.192 0.233 
329 HI_SS0054    (4)    6 :  0.045 0.074 0.062 0.209 0.139 0.060 0.215 0.196 
330 HI_SS0057    (0)    6 :  0.086 0.156 0.047 0.115 0.201 0.184 0.119 0.092 
331 HI_SS0058    (0)    6 :  0.143 0.054 0.082 0.135 0.096 0.113 0.167 0.210 
332 HI_SS0060    (0)    6 :  0.077 0.216 0.123 0.126 0.192 0.050 0.128 0.088 
333 HI_SS0087    (1)    6 :  0.056 0.183 0.082 0.119 0.082 0.122 0.276 0.079 
334 HI_SS0091    (0)    6 :  0.041 0.217 0.095 0.105 0.055 0.071 0.136 0.281 
335 HI_SS0095    (1)    6 :  0.078 0.159 0.220 0.112 0.130 0.066 0.115 0.120 
336 HI_SS0097    (3)    6 :  0.088 0.081 0.193 0.308 0.068 0.055 0.147 0.060 
337 HI_SS0099    (0)    6 :  0.406 0.073 0.065 0.066 0.054 0.105 0.126 0.106 
338 HI_SS0103    (0)    6 :  0.060 0.139 0.181 0.086 0.102 0.250 0.088 0.094 
339 HI_SS0105    (1)    6 :  0.067 0.262 0.104 0.135 0.152 0.066 0.131 0.083 
340 HI_SS0107    (1)    6 :  0.053 0.130 0.143 0.094 0.103 0.358 0.077 0.042 
341 HI_SS0108    (1)    6 :  0.046 0.082 0.100 0.087 0.098 0.083 0.163 0.341 
342 HI_SS0110    (0)    6 :  0.074 0.294 0.172 0.080 0.056 0.123 0.058 0.143 
343 HI_SS0111    (1)    6 :  0.099 0.203 0.221 0.066 0.101 0.085 0.118 0.108 
344 HI_SS0112    (0)    6 :  0.089 0.119 0.154 0.062 0.075 0.076 0.108 0.317 
345 HI_SS0113    (1)    6 :  0.185 0.179 0.064 0.127 0.091 0.212 0.083 0.058 
346 HI_SS0114    (1)    6 :  0.109 0.091 0.094 0.113 0.137 0.045 0.256 0.157 
347 HI_SS0115    (1)    6 :  0.180 0.037 0.264 0.095 0.088 0.127 0.126 0.082 
348 HI_SS0116    (4)    6 :  0.186 0.060 0.160 0.047 0.034 0.172 0.136 0.205 
349 HI_SS0117    (0)    6 :  0.063 0.234 0.070 0.211 0.048 0.093 0.099 0.181 
350 HI_SS0118    (0)    6 :  0.126 0.138 0.114 0.162 0.061 0.086 0.125 0.188 
351 HI_SS0119    (1)    6 :  0.050 0.242 0.179 0.122 0.104 0.050 0.112 0.141 
352 HI_SS0120    (1)    6 :  0.036 0.208 0.054 0.081 0.083 0.433 0.055 0.050 
353 HI_SS0121    (1)    6 :  0.173 0.328 0.043 0.172 0.106 0.048 0.072 0.058 
354 HI_SS0122    (2)    6 :  0.116 0.189 0.129 0.129 0.154 0.068 0.060 0.156 
355 HI_SS0123    (0)    6 :  0.094 0.204 0.131 0.181 0.063 0.095 0.114 0.116 
356 HI_SS0124    (1)    6 :  0.214 0.072 0.153 0.080 0.121 0.243 0.062 0.055 
357 HI_SS0125    (1)    6 :  0.202 0.148 0.227 0.072 0.131 0.081 0.094 0.044 
358 HI_SS0126    (0)    6 :  0.154 0.084 0.083 0.085 0.063 0.157 0.039 0.336 
359 HI_SS0127    (0)    6 :  0.115 0.064 0.073 0.165 0.252 0.071 0.186 0.075 
360 HI_SS0128    (0)    6 :  0.101 0.147 0.120 0.162 0.059 0.221 0.075 0.115 
361 HI_SS0129    (1)    6 :  0.061 0.117 0.102 0.055 0.169 0.147 0.166 0.183 
362 HI_SS0131    (2)    6 :  0.192 0.084 0.054 0.189 0.126 0.043 0.114 0.199 
363 HI_SS0132    (0)    6 :  0.146 0.249 0.130 0.126 0.084 0.057 0.085 0.122 
364 HI_SS0133    (1)    6 :  0.051 0.088 0.084 0.070 0.099 0.154 0.055 0.398 
365 HI_SS0134    (1)    6 :  0.092 0.103 0.118 0.157 0.097 0.108 0.207 0.119 
366 HI_SS0142    (3)    6 :  0.083 0.170 0.208 0.182 0.107 0.049 0.133 0.069 
367 HI_SS0145    (0)    6 :  0.080 0.074 0.158 0.212 0.078 0.128 0.118 0.152 
368 HI_SS0146    (1)    6 :  0.102 0.053 0.189 0.179 0.140 0.080 0.077 0.179 
369 HI_SS0147    (1)    6 :  0.092 0.092 0.070 0.165 0.359 0.087 0.052 0.084 
370 HI_SS0149    (1)    6 :  0.071 0.364 0.042 0.201 0.068 0.058 0.035 0.162 
371 HI_SS0150    (2)    6 :  0.143 0.117 0.121 0.105 0.175 0.186 0.098 0.055 
372 HI_SS0151    (0)    6 :  0.050 0.045 0.284 0.076 0.161 0.183 0.109 0.093 
373 NS_SS1451    (1)    6 :  0.161 0.117 0.228 0.072 0.181 0.133 0.055 0.054 
374 NS_SS1404    (0)    6 :  0.147 0.111 0.069 0.091 0.323 0.092 0.052 0.115 
375 NS_SS1432    (2)    6 :  0.202 0.327 0.083 0.041 0.074 0.164 0.054 0.055 
376 NS_SS1405    (4)    6 :  0.311 0.087 0.121 0.089 0.071 0.114 0.060 0.148 
377 NS_SS1431   (10)    6 :  0.121 0.260 0.061 0.074 0.103 0.238 0.088 0.054 
378 NS_SS1402    (3)    6 :  0.084 0.161 0.201 0.122 0.086 0.100 0.119 0.127 
379 NS_SS1450    (3)    6 :  0.045 0.072 0.114 0.057 0.174 0.242 0.096 0.200 
380 NS_SS1396    (0)    6 :  0.217 0.131 0.126 0.101 0.128 0.068 0.122 0.106 
381 NS_SS1393    (5)    6 :  0.161 0.076 0.214 0.055 0.098 0.078 0.225 0.093 
382 NS_SS1392   (10)    6 :  0.116 0.081 0.204 0.044 0.180 0.245 0.063 0.068 
383 NS_SS1445    (0)    6 :  0.071 0.145 0.041 0.138 0.110 0.071 0.239 0.185 
384 NS_SS1423    (0)    6 :  0.071 0.246 0.156 0.086 0.051 0.172 0.083 0.135 
385 NS_SS1421    (9)    6 :  0.072 0.178 0.135 0.160 0.118 0.112 0.079 0.146 
386 NS_SS1411    (6)    6 :  0.097 0.046 0.064 0.047 0.254 0.082 0.264 0.146 
387 NS_SS1453    (5)    6 :  0.102 0.244 0.141 0.066 0.107 0.069 0.072 0.199 
388 NS_SS1442    (2)    6 :  0.109 0.059 0.103 0.145 0.067 0.113 0.344 0.060 
389 NS_SS1422    (1)    6 :  0.063 0.095 0.278 0.212 0.067 0.132 0.060 0.093 
390 NS_SS1419    (1)    6 :  0.148 0.063 0.061 0.296 0.134 0.057 0.160 0.082 
391 NS_SS1427    (0)    6 :  0.056 0.095 0.208 0.041 0.056 0.172 0.069 0.302 
392 NS_SS1444    (3)    6 :  0.214 0.058 0.068 0.152 0.146 0.115 0.169 0.079 
393 NS_SS1455    (0)    6 :  0.237 0.107 0.099 0.177 0.038 0.214 0.075 0.052 
394 NS_SS1425    (2)    6 :  0.062 0.089 0.086 0.115 0.093 0.070 0.227 0.257 
395 NS_SS1400    (0)    6 :  0.158 0.060 0.051 0.189 0.082 0.074 0.147 0.238 
396 NS_SS1406    (1)    6 :  0.160 0.236 0.085 0.268 0.049 0.074 0.091 0.037 
397 NS_SS1417    (6)    6 :  0.085 0.123 0.058 0.197 0.120 0.169 0.072 0.177 
398 NS_SS1454    (2)    6 :  0.145 0.230 0.035 0.086 0.107 0.067 0.118 0.212 
399 NS_SS1412    (1)    6 :  0.117 0.090 0.085 0.073 0.181 0.177 0.113 0.164 
400 NS_SS1438    (1)    6 :  0.055 0.078 0.116 0.097 0.144 0.060 0.283 0.166 
401 NS_SS1416    (4)    6 :  0.164 0.156 0.142 0.113 0.115 0.083 0.108 0.119 
402 NS_SS1401    (0)    6 :  0.123 0.240 0.132 0.122 0.067 0.078 0.114 0.123 
403 NS_SS1424    (6)    6 :  0.050 0.235 0.131 0.099 0.176 0.088 0.081 0.139 
404 NS_SS1435    (9)    6 :  0.166 0.138 0.107 0.038 0.122 0.204 0.130 0.094 
405 NS_SS1447    (4)    6 :  0.098 0.089 0.061 0.137 0.214 0.118 0.230 0.054 
406 NS_SS1414    (3)    6 :  0.222 0.067 0.037 0.181 0.183 0.141 0.094 0.076 
407 NS_SS1449   (14)    6 :  0.047 0.162 0.350 0.076 0.116 0.116 0.058 0.075 
408 NS_SS1443    (4)    6 :  0.044 0.075 0.198 0.141 0.051 0.166 0.132 0.194 
409 NS_SS1434    (1)    6 :  0.068 0.059 0.218 0.079 0.056 0.315 0.084 0.121 
410 NS_SS1398    (1)    6 :  0.221 0.120 0.091 0.077 0.093 0.180 0.115 0.103 
411 NS_SS1426    (1)    6 :  0.056 0.121 0.115 0.074 0.091 0.105 0.223 0.216 
412 NS_SS1413    (0)    6 :  0.077 0.080 0.042 0.143 0.081 0.263 0.075 0.239 
413 NS_SS1395    (1)    6 :  0.057 0.141 0.154 0.057 0.060 0.118 0.281 0.133 
414 NS_SS1448   (10)    6 :  0.093 0.071 0.066 0.060 0.269 0.171 0.066 0.204 
415 NS_SS1446    (0)    6 :  0.048 0.144 0.184 0.095 0.128 0.103 0.115 0.181 
416 NS_SS1403    (2)    6 :  0.160 0.301 0.108 0.052 0.061 0.107 0.151 0.059 
417 NS_SS1415    (0)    6 :  0.153 0.083 0.100 0.101 0.113 0.105 0.113 0.232 
418 NS_SS1437    (4)    6 :  0.149 0.288 0.058 0.102 0.108 0.092 0.104 0.101 
419 NS_SS1439    (2)    6 :  0.088 0.094 0.180 0.169 0.088 0.080 0.226 0.075 
420 NS_SS1441    (3)    6 :  0.149 0.083 0.130 0.133 0.044 0.149 0.148 0.164 
421 NS_SS1420    (2)    6 :  0.140 0.047 0.117 0.053 0.441 0.075 0.056 0.072 
422 NS_SS1394    (2)    6 :  0.252 0.119 0.084 0.052 0.169 0.093 0.176 0.055 
423 NS_SS1391    (7)    6 :  0.091 0.105 0.088 0.050 0.063 0.305 0.138 0.160 
424 NS_SS1410    (5)    6 :  0.140 0.173 0.161 0.100 0.071 0.103 0.110 0.142 
425 NS_SS1408    (1)    6 :  0.064 0.198 0.127 0.124 0.160 0.105 0.153 0.068 
426 NS_SS1409    (1)    6 :  0.110 0.084 0.169 0.092 0.053 0.234 0.104 0.154 
427 HI_SS0617    (1)    7 :  0.076 0.074 0.259 0.064 0.140 0.126 0.049 0.211 
428 HI_SS0618    (2)    7 :  0.235 0.077 0.222 0.079 0.090 0.101 0.139 0.056 
429 HI_SS0619    (0)    7 :  0.295 0.080 0.077 0.084 0.084 0.146 0.065 0.170 
430 HI_SS0620    (1)    7 :  0.043 0.029 0.207 0.052 0.266 0.066 0.088 0.251 
431 HI_SS0621    (3)    7 :  0.132 0.136 0.180 0.162 0.116 0.112 0.071 0.091 
432 HI_SS0622    (1)    7 :  0.107 0.071 0.070 0.261 0.173 0.099 0.052 0.166 
433 HI_SS0626    (0)    7 :  0.155 0.127 0.054 0.054 0.267 0.069 0.177 0.097 
434 HI_SS0627    (0)    7 :  0.092 0.311 0.064 0.059 0.076 0.154 0.194 0.050 
435 HI_SS0628    (3)    7 :  0.149 0.195 0.063 0.063 0.093 0.101 0.105 0.230 
436 HI_SS0629    (1)    7 :  0.175 0.148 0.119 0.131 0.088 0.059 0.127 0.154 
437 HI_SS0630    (1)    7 :  0.154 0.066 0.153 0.076 0.153 0.093 0.165 0.140 
438 HI_SS0631    (0)    7 :  0.120 0.105 0.179 0.079 0.180 0.071 0.111 0.156 
439 HI_SS0632    (0)    7 :  0.102 0.095 0.065 0.146 0.206 0.113 0.176 0.096 
440 HI_SS0633    (0)    7 :  0.273 0.049 0.164 0.099 0.049 0.175 0.086 0.105 
441 HI_SS0634    (1)    7 :  0.084 0.220 0.104 0.078 0.205 0.085 0.088 0.136 
442 HI_SS0635    (0)    7 :  0.254 0.118 0.062 0.133 0.124 0.106 0.152 0.052 
443 HI_SS0637    (1)    7 :  0.047 0.129 0.074 0.185 0.244 0.053 0.168 0.101 
444 HI_SS0638    (0)    7 :  0.097 0.118 0.091 0.114 0.136 0.211 0.083 0.150 
445 HI_SS0639    (1)    7 :  0.145 0.112 0.174 0.102 0.200 0.089 0.129 0.048 
446 HI_SS0640    (1)    7 :  0.078 0.077 0.084 0.159 0.082 0.162 0.296 0.063 
447 HI_SS0641    (1)    7 :  0.233 0.066 0.070 0.080 0.167 0.042 0.165 0.177 
448 HI_SS0642    (0)    7 :  0.086 0.383 0.127 0.067 0.090 0.112 0.086 0.050 
449 HI_SS0645    (0)    7 :  0.330 0.053 0.115 0.097 0.224 0.066 0.063 0.052 
450 HI_SS0646    (1)    7 :  0.059 0.123 0.194 0.154 0.078 0.216 0.068 0.107 
451 HI_SS0647    (1)    7 :  0.098 0.146 0.038 0.136 0.112 0.280 0.060 0.129 
452 HI_SS0648    (0)    7 :  0.134 0.114 0.100 0.125 0.143 0.167 0.092 0.124 
453 HI_SS0649    (1)    7 :  0.179 0.083 0.182 0.105 0.061 0.081 0.235 0.074 
454 HI_SS0650    (1)    7 :  0.073 0.086 0.192 0.052 0.097 0.317 0.134 0.050 
455 HI_SS0651    (1)    7 :  0.180 0.080 0.192 0.115 0.099 0.105 0.145 0.085 
456 HI_SS0652    (1)    7 :  0.110 0.056 0.051 0.063 0.365 0.164 0.135 0.057 
457 NS_SS1371    (3)    7 :  0.108 0.162 0.285 0.066 0.047 0.092 0.141 0.099 
458 NS_SS1374    (0)    7 :  0.074 0.225 0.060 0.049 0.201 0.085 0.075 0.230 
459 NS_SS1337    (3)    7 :  0.047 0.195 0.062 0.104 0.360 0.122 0.039 0.071 
460 NS_SS1385    (5)    7 :  0.098 0.099 0.140 0.122 0.095 0.221 0.142 0.083 
461 NS_SS1388    (0)    7 :  0.358 0.097 0.065 0.070 0.049 0.082 0.151 0.127 
462 NS_SS1370    (1)    7 :  0.089 0.085 0.142 0.077 0.470 0.033 0.062 0.042 
463 NS_SS1389    (3)    7 :  0.359 0.104 0.057 0.051 0.092 0.110 0.131 0.096 
464 NS_SS1360    (1)    7 :  0.138 0.088 0.098 0.109 0.122 0.060 0.282 0.103 
465 NS_SS1330    (0)    7 :  0.160 0.078 0.168 0.133 0.168 0.147 0.094 0.052 
466 NS_SS1328    (8)    7 :  0.042 0.120 0.115 0.091 0.060 0.291 0.067 0.215 
467 NS_SS1384    (1)    7 :  0.050 0.135 0.101 0.130 0.131 0.086 0.279 0.087 
468 NS_SS1381    (0)    7 :  0.090 0.072 0.212 0.112 0.094 0.320 0.063 0.037 
469 NS_SS1375    (1)    7 :  0.241 0.099 0.151 0.041 0.095 0.222 0.052 0.099 
470 NS_SS1319   (10)    7 :  0.115 0.190 0.179 0.093 0.132 0.084 0.090 0.117 
471 NS_SS1326    (2)    7 :  0.191 0.082 0.103 0.061 0.053 0.131 0.088 0.291 
472 NS_SS1341    (1)    7 :  0.043 0.216 0.077 0.108 0.075 0.069 0.298 0.114 
473 NS_SS1383    (1)    7 :  0.056 0.349 0.122 0.074 0.149 0.072 0.095 0.082 
