   NS_SS0963  1 0.4640 0.2712 0.2648 
   NS_SS0983  1 0.2754 0.1201 0.6045 
   NS_SS0719  1 0.2827 0.3233 0.3940 
   NS_SS1001  1 0.3545 0.5038 0.1416 
   NS_SS0936  1 0.3237 0.4590 0.2173 
   NS_SS0955  1 0.4358 0.1370 0.4271 
   NS_SS0944  1 0.4502 0.2415 0.3083 
   NS_SS0945  1 0.2394 0.4645 0.2962 
   NS_SS0922  1 0.2557 0.5956 0.1487 
   NS_SS0929  1 0.3189 0.2330 0.4481 
   NS_SS0956  1 0.3939 0.4777 0.1284 
   NS_SS0906  1 0.4255 0.2242 0.3503 
   NS_SS0721  1 0.4159 0.3447 0.2393 
   NS_SS0982  1 0.4663 0.2997 0.2340 
   NS_SS0923  1 0.3431 0.4155 0.2414 
   NS_SS0905  1 0.3751 0.3048 0.3201 
   NS_SS0925  1 0.5192 0.3102 0.1705 
   NS_SS0947  1 0.3680 0.4137 0.2182 
   NS_SS0926  1 0.2246 0.2074 0.5680 
   NS_SS0918  1 0.6215 0.2602 0.1183 
   NS_SS0966  1 0.5013 0.2615 0.2372 
   NS_SS0938  1 0.2415 0.5679 0.1906 
   NS_SS0917  1 0.1313 0.2985 0.5702 
   NS_SS0957  1 0.3732 0.3982 0.2286 
   NS_SS0987  1 0.5291 0.3066 0.1643 
   NS_SS0717  1 0.4011 0.4524 0.1465 
   NS_SS0986  1 0.4325 0.2945 0.2729 
   NS_SS0953  1 0.5346 0.3152 0.1502 
   NS_SS0907  1 0.5170 0.1692 0.3138 
   NS_SS0974  1 0.3305 0.2891 0.3804 
   NS_SS0989  1 0.1238 0.2143 0.6619 
   NS_SS0991  1 0.5829 0.1275 0.2896 
   NS_SS0994  1 0.1049 0.1651 0.7300 
   NS_SS0931  1 0.3957 0.2315 0.3728 
   NS_SS1000  1 0.3427 0.4962 0.1610 
   NS_SS0919  1 0.3646 0.1855 0.4498 
   NS_SS0949  1 0.2043 0.2054 0.5903 
   NS_SS0960  1 0.3583 0.1935 0.4482 
   NS_SS0716  1 0.3120 0.5798 0.1082 
   NS_SS0924  1 0.4400 0.1748 0.3852 
   NS_SS0935  1 0.3496 0.1712 0.4792 
   NS_SS0952  1 0.3344 0.1485 0.5171 
   NS_SS0962  1 0.3316 0.4826 0.1858 
   NS_SS0973  1 0.4909 0.1799 0.3291 
   NS_SS0722  1 0.2990 0.5793 0.1217 
   NS_SS0979  1 0.4817 0.3438 0.1745 
   NS_SS0993  1 0.4701 0.3726 0.1573 
   NS_SS0958  1 0.2634 0.2676 0.4690 
   NS_SS0988  1 0.4112 0.2443 0.3446 
   NS_SS1003  1 0.5043 0.3601 0.1356 
   NS_SS0976  1 0.3613 0.1995 0.4392 
   NS_SS0964  1 0.3522 0.5193 0.1285 
   NS_SS0939  1 0.1735 0.7315 0.0950 
   NS_SS0990  1 0.1705 0.5014 0.3281 
   NS_SS0984  1 0.2256 0.6582 0.1162 
   NS_SS0980  1 0.3586 0.3861 0.2553 
   NS_SS0978  1 0.2838 0.4184 0.2978 
   NS_SS0951  1 0.5109 0.2233 0.2658 
   NS_SS0913  1 0.4010 0.4219 0.1771 
   NS_SS1002  1 0.4526 0.3543 0.1930 
   NS_SS0948  1 0.4411 0.2523 0.3066 
   NS_SS0916  1 0.1349 0.4038 0.4613 
   NS_SS0995  1 0.2402 0.4559 0.3038 
   NS_SS0927  1 0.1666 0.3003 0.5331 
   NS_SS0992  1 0.2065 0.3780 0.4155 
   NS_SS0912  1 0.4453 0.3063 0.2484 
   NS_SS0981  1 0.5252 0.2952 0.1796 
   NS_SS0729  2 0.1853 0.1380 0.6768 
   NS_SS0967  2 0.4898 0.2490 0.2612 
   NS_SS0941  2 0.2070 0.5355 0.2575 
   NS_SS0768  2 0.5302 0.2701 0.1997 
   NS_SS0726  2 0.1911 0.2519 0.5570 
   NS_SS0763  2 0.2269 0.2152 0.5579 
   NS_SS0730  2 0.2824 0.5370 0.1806 
   NS_SS0774  2 0.2854 0.5421 0.1725 
   NS_SS0723  2 0.3875 0.4577 0.1547 
   NS_SS0940  2 0.1708 0.4493 0.3799 
   NS_SS0762  2 0.2601 0.6454 0.0945 
   NS_SS0766  2 0.1637 0.5364 0.3000 
   NS_SS0724  2 0.5696 0.2819 0.1485 
   NS_SS0769  2 0.3114 0.3635 0.3251 
   NS_SS0777  2 0.4219 0.2430 0.3351 
   NS_SS0734  2 0.2747 0.3889 0.3364 
   NS_SS0737  2 0.1797 0.6944 0.1259 
   NS_SS0732  2 0.5420 0.2983 0.1597 
   NS_SS0728  2 0.2541 0.4864 0.2595 
   NS_SS0735  2 0.3992 0.4143 0.1865 
   NS_SS0725  2 0.2756 0.5526 0.1718 
   NS_SS0788  2 0.2841 0.3483 0.3675 
   NS_SS0778  2 0.2812 0.2908 0.4280 
   NS_SS0792  2 0.3487 0.2468 0.4045 
   NS_SS0943  2 0.4884 0.1164 0.3953 
   NS_SS0791  2 0.1815 0.3955 0.4231 
   NS_SS0790  2 0.5978 0.3264 0.0758 
   NS_SS0731  2 0.4435 0.4102 0.1463 
   NS_SS0727  2 0.1457 0.3696 0.4847 
   NS_SS0779  2 0.3727 0.3522 0.2751 
   NS_SS0776  2 0.2574 0.5086 0.2340 
   NS_SS0775  2 0.1867 0.6711 0.1422 
   NS_SS0965  3 0.5536 0.2666 0.1798 
   NS_SS0754  3 0.3271 0.2156 0.4574 
   NS_SS0838  3 0.3084 0.3485 0.3431 
   NS_SS0839  3 0.2977 0.5656 0.1367 
   NS_SS0832  3 0.5624 0.3533 0.0842 
   NS_SS0820  3 0.5402 0.3201 0.1397 
   NS_SS0886  3 0.2860 0.2966 0.4174 
   NS_SS0748  3 0.4453 0.2142 0.3405 
   NS_SS0884  3 0.3353 0.2970 0.3677 
   NS_SS0752  3 0.3058 0.4102 0.2840 
   NS_SS0862  3 0.5645 0.3097 0.1258 
   NS_SS0787  3 0.1722 0.1273 0.7004 
   NS_SS0843  3 0.4383 0.2452 0.3165 
   NS_SS0856  3 0.1799 0.4944 0.3257 
   NS_SS0846  3 0.3595 0.2027 0.4378 
   NS_SS0825  3 0.3753 0.2970 0.3277 
   NS_SS0757  3 0.4197 0.2360 0.3444 
   NS_SS0876  3 0.3918 0.3635 0.2447 
   NS_SS0903  3 0.4094 0.3937 0.1969 
   NS_SS0875  3 0.2950 0.4734 0.2316 
   NS_SS0740  3 0.4197 0.2854 0.2949 
   NS_SS0811  3 0.5027 0.3932 0.1041 
   NS_SS0751  3 0.2007 0.5483 0.2509 
   NS_SS0891  3 0.2689 0.4685 0.2626 
   NS_SS0867  3 0.5439 0.1348 0.3213 
   NS_SS0890  3 0.3066 0.3733 0.3201 
   NS_SS0866  3 0.1424 0.1676 0.6900 
   NS_SS0755  3 0.4609 0.2828 0.2563 
   NS_SS0758  3 0.3222 0.3615 0.3163 
   NS_SS0840  3 0.4502 0.4233 0.1265 
   NS_SS0889  3 0.3345 0.2075 0.4580 
   NS_SS1010  3 0.4140 0.2662 0.3198 
   NS_SS0888  3 0.1399 0.2031 0.6569 
   NS_SS0837  3 0.6138 0.2542 0.1320 
   NS_SS0794  3 0.1918 0.3139 0.4942 
   NS_SS0823  3 0.4986 0.3643 0.1371 
   NS_SS0829  3 0.3897 0.1202 0.4902 
   NS_SS0844  3 0.7313 0.1322 0.1365 
   NS_SS1008  3 0.2180 0.3766 0.4054 
   NS_SS0881  3 0.2194 0.3977 0.3829 
   NS_SS0834  3 0.2744 0.5702 0.1554 
   NS_SS0744  3 0.3371 0.2761 0.3868 
   NS_SS0899  3 0.5278 0.3744 0.0978 
   NS_SS0804  3 0.5148 0.3745 0.1108 
   NS_SS0781  3 0.4446 0.4183 0.1372 
   NS_SS0822  3 0.3785 0.2970 0.3245 
   NS_SS1004  3 0.5119 0.2531 0.2350 
   NS_SS0746  3 0.4776 0.2518 0.2706 
   NS_SS0880  3 0.3889 0.3818 0.2293 
   NS_SS0879  3 0.3659 0.4426 0.1916 
   NS_SS0753  3 0.4714 0.1584 0.3702 
   NS_SS1007  3 0.1399 0.5359 0.3241 
   NS_SS0872  3 0.3634 0.4277 0.2089 
   NS_SS1005  3 0.4649 0.3408 0.1942 
   NS_SS0892  3 0.3233 0.3628 0.3139 
   NS_SS0898  3 0.3091 0.3465 0.3444 
   NS_SS0801  3 0.5613 0.2285 0.2101 
   NS_SS0827  3 0.4276 0.2750 0.2974 
   NS_SS0853  3 0.4302 0.2821 0.2877 
   NS_SS0780  3 0.3120 0.5067 0.1813 
   NS_SS0826  3 0.5792 0.1633 0.2574 
   NS_SS0818  3 0.3383 0.5524 0.1093 
   NS_SS0745  3 0.1653 0.7632 0.0715 
   NS_SS0849  3 0.5413 0.2954 0.1633 
   NS_SS0739  3 0.2024 0.4631 0.3345 
   NS_SS0799  3 0.2533 0.2641 0.4825 
   NS_SS0756  3 0.6410 0.2532 0.1058 
   NS_SS0802  3 0.2335 0.3020 0.4645 
   NS_SS0747  3 0.3868 0.2629 0.3503 
   NS_SS0835  3 0.1367 0.1558 0.7076 
   NS_SS0742  3 0.3629 0.3355 0.3016 
   NS_SS0760  3 0.2363 0.1856 0.5781 
   NS_SS0803  3 0.5821 0.2731 0.1449 
   NS_SS0828  3 0.4095 0.3420 0.2485 
   NS_SS0865  3 0.3993 0.2409 0.3598 
   NS_SS0759  3 0.3674 0.5035 0.1291 
   NS_SS0851  3 0.4478 0.4465 0.1057 
   NS_SS0874  3 0.5955 0.2320 0.1724 
   NS_SS0761  3 0.3640 0.1526 0.4834 
   NS_SS0842  3 0.2996 0.3114 0.3890 
   NS_SS0785  3 0.3661 0.2259 0.4080 
   NS_SS0860  3 0.1668 0.1197 0.7135 
   NS_SS0897  3 0.1823 0.1688 0.6489 
   NS_SS0841  3 0.4464 0.4426 0.1111 
   NS_SS0797  3 0.4039 0.2285 0.3677 
   NS_SS0830  3 0.4147 0.2987 0.2866 
   NS_SS1011  3 0.5539 0.2765 0.1696 
   NS_SS0883  3 0.3401 0.2377 0.4222 
   NS_SS0782  3 0.2225 0.4600 0.3175 
   NS_SS0831  3 0.3114 0.1947 0.4938 
   NS_SS0749  3 0.2612 0.3955 0.3433 
   NS_SS0854  3 0.2574 0.3019 0.4407 
   HI_SS0193  4 0.2220 0.3456 0.4324 
   HI_SS0194  4 0.2373 0.6077 0.1551 
   HI_SS0195  4 0.3776 0.5163 0.1061 
   HI_SS0196  4 0.2114 0.4531 0.3355 
   HI_SS0197  4 0.2258 0.4615 0.3127 
   HI_SS0198  4 0.3170 0.2938 0.3893 
   HI_SS0199  4 0.1523 0.3306 0.5171 
   HI_SS0201  4 0.3013 0.0995 0.5992 
   HI_SS0215  4 0.2902 0.1170 0.5928 
   HI_SS0218  4 0.1167 0.2155 0.6677 
   HI_SS0222  4 0.2313 0.5014 0.2673 
   HI_SS0230  4 0.4705 0.2949 0.2346 
   HI_SS0234  4 0.2414 0.3964 0.3622 
   HI_SS0240  4 0.1590 0.5594 0.2817 
   HI_SS0241  4 0.2403 0.1788 0.5809 
   HI_SS0242  4 0.3940 0.2861 0.3199 
   HI_SS0247  4 0.5869 0.2178 0.1953 
   HI_SS0248  4 0.2149 0.2652 0.5199 
   HI_SS0252  4 0.4028 0.4191 0.1780 
   HI_SS0254  4 0.3310 0.2542 0.4148 
   HI_SS0256  4 0.5304 0.3965 0.0731 
   HI_SS0257  4 0.2472 0.1637 0.5891 
   HI_SS0258  4 0.3131 0.2085 0.4783 
   HI_SS0259  4 0.2101 0.5596 0.2303 
   HI_SS0260  4 0.1482 0.2840 0.5678 
   HI_SS0261  4 0.2756 0.3472 0.3772 
   HI_SS0262  4 0.3510 0.3775 0.2715 
   HI_SS0264  4 0.4078 0.4159 0.1764 
   HI_SS0265  4 0.3845 0.3584 0.2571 
   HI_SS0268  4 0.2208 0.4095 0.3698 
   HI_SS0269  4 0.1286 0.1052 0.7661 
   HI_SS0273  4 0.3636 0.1572 0.4792 
   HI_SS0277  4 0.4063 0.2986 0.2951 
   HI_SS0280  4 0.2554 0.4897 0.2549 
   HI_SS0282  4 0.4334 0.1816 0.3850 
   HI_SS0286  4 0.3691 0.2479 0.3830 
   NS_SS1252  5 0.1797 0.1291 0.6912 
   NS_SS1261  5 0.3777 0.2493 0.3730 
   NS_SS1225  5 0.4696 0.1065 0.4239 
   NS_SS1266  5 0.6542 0.2314 0.1145 
   NS_SS1228  5 0.3567 0.4354 0.2079 
   NS_SS1255  5 0.2072 0.5692 0.2236 
   NS_SS1267  5 0.1145 0.1165 0.7690 
   NS_SS1238  5 0.2915 0.4378 0.2706 
   NS_SS1233  5 0.6747 0.2112 0.1140 
   NS_SS1277  5 0.1184 0.4378 0.4437 
   NS_SS1245  5 0.3886 0.2794 0.3320 
   NS_SS1240  5 0.1182 0.1180 0.7638 
   NS_SS1275  5 0.3742 0.4908 0.1350 
   NS_SS1235  5 0.3304 0.3985 0.2711 
   NS_SS1263  5 0.4762 0.3856 0.1382 
   NS_SS1251  5 0.5117 0.2903 0.1980 
   NS_SS1248  5 0.5309 0.3343 0.1348 
   NS_SS1244  5 0.4421 0.2273 0.3306 
   NS_SS1257  5 0.2297 0.2200 0.5504 
   NS_SS1242  5 0.3315 0.5201 0.1484 
   NS_SS1271  5 0.1238 0.1565 0.7197 
   NS_SS1265  5 0.3004 0.1852 0.5145 
   NS_SS1243  5 0.3917 0.4394 0.1689 
   NS_SS1273  5 0.3004 0.5807 0.1190 
   NS_SS1254  5 0.5401 0.2759 0.1840 
   NS_SS1224  5 0.5237 0.3420 0.1343 
   NS_SS1227  5 0.1467 0.2406 0.6127 
   NS_SS1274  5 0.2688 0.2534 0.4778 
   NS_SS1241  5 0.3446 0.1919 0.4635 
   NS_SS1256  5 0.4089 0.2366 0.3544 
   NS_SS1260  5 0.1891 0.1663 0.6446 
   NS_SS1262  5 0.4545 0.1453 0.4002 
   NS_SS1230  5 0.3497 0.2734 0.3769 
   NS_SS1270  5 0.6779 0.2032 0.1190 
   NS_SS1229  5 0.2755 0.4722 0.2523 
   NS_SS1246  5 0.1514 0.2629 0.5857 
   NS_SS1269  5 0.3411 0.3995 0.2594 
   NS_SS1239  5 0.2915 0.4920 0.2165 
   NS_SS1272  5 0.3963 0.2548 0.3489 
   NS_SS1268  5 0.5759 0.3013 0.1228 
   NS_SS1249  5 0.1273 0.2027 0.6699 
   HI_SS0559  6 0.3826 0.3224 0.2951 
   HI_SS0563  6 0.4056 0.2873 0.3072 
   HI_SS0564  6 0.3717 0.3876 0.2407 
   HI_SS0565  6 0.3122 0.2337 0.4541 
   HI_SS0569  6 0.4489 0.1070 0.4441 
   HI_SS0570  6 0.1493 0.2372 0.6135 
   HI_SS0572  6 0.2875 0.4912 0.2213 
   HI_SS0576  6 0.3472 0.4960 0.1569 
   HI_SS0579  6 0.4985 0.1627 0.3388 
   HI_SS0580  6 0.1800 0.3620 0.4579 
   HI_SS0581  6 0.3861 0.4573 0.1566 
   HI_SS0583  6 0.1965 0.2160 0.5875 
   HI_SS0586  6 0.2153 0.1787 0.6060 
   HI_SS0588  6 0.3869 0.1761 0.4370 
   HI_SS0595  6 0.1649 0.2738 0.5613 
   HI_SS0596  6 0.2384 0.6186 0.1430 
   HI_SS0597  6 0.2726 0.5159 0.2115 
   HI_SS0600  6 0.2078 0.2579 0.5343 
   HI_SS0601  6 0.5342 0.1130 0.3528 
   HI_SS0602  6 0.2924 0.2850 0.4227 
   HI_SS0604  6 0.4739 0.2768 0.2494 
   HI_SS0605  6 0.3148 0.3321 0.3531 
   HI_SS0608  6 0.2150 0.5397 0.2453 
   HI_SS0609  6 0.4833 0.3404 0.1764 
   HI_SS0611  6 0.2640 0.1789 0.5571 
   HI_SS0612  6 0.4059 0.2484 0.3457 
   HI_SS0613  6 0.4531 0.2726 0.2743 
   HI_SS0615  6 0.2763 0.5964 0.1273 
   HI_SS0001  6 0.1773 0.4302 0.3925 
   HI_SS0002  6 0.5107 0.3120 0.1773 
   HI_SS0004  6 0.1824 0.3786 0.4391 
   HI_SS0005  6 0.4373 0.3612 0.2015 
   HI_SS0006  6 0.3548 0.1540 0.4912 
   HI_SS0007  6 0.3381 0.3191 0.3427 
   HI_SS0008  6 0.4402 0.2894 0.2704 
   HI_SS0009  6 0.3663 0.5077 0.1260 
   HI_SS0010  6 0.3558 0.2813 0.3629 
   HI_SS0011  6 0.6057 0.2310 0.1633 
   HI_SS0012  6 0.4058 0.3504 0.2438 
   HI_SS0017  6 0.1974 0.6452 0.1574 
   HI_SS0021  6 0.2727 0.2570 0.4703 
   HI_SS0024  6 0.2391 0.5573 0.2036 
   HI_SS0025  6 0.3188 0.5330 0.1482 
   HI_SS0027  6 0.4095 0.1978 0.3927 
   HI_SS0028  6 0.4484 0.4437 0.1079 
   HI_SS0029  6 0.1452 0.5496 0.3053 
   HI_SS0030  6 0.3066 0.2963 0.3971 
   HI_SS0031  6 0.3003 0.3298 0.3699 
   HI_SS0034  6 0.2575 0.2096 0.5329 
   HI_SS0036  6 0.1575 0.2569 0.5856 
   HI_SS0037  6 0.2740 0.1566 0.5694 
   HI_SS0039  6 0.3015 0.2876 0.4109 
   HI_SS0041  6 0.3079 0.5296 0.1625 
   HI_SS0042  6 0.3063 0.5292 0.1645 
   HI_SS0043  6 0.1785 0.1198 0.7017 
   HI_SS0044  6 0.0995 0.5062 0.3943 
   HI_SS0047  6 0.4464 0.3679 0.1857 
   HI_SS0049  6 0.3278 0.4929 0.1792 
   HI_SS0051  6 0.6081 0.1915 0.2004 
   HI_SS0053  6 0.1772 0.1709 0.6520 
   HI_SS0054  6 0.4398 0.1368 0.4234 
   HI_SS0057  6 0.4316 0.3891 0.1793 
   HI_SS0058  6 0.3408 0.2280 0.4313 
   HI_SS0060  6 0.4920 0.2959 0.2121 
   HI_SS0087  6 0.3686 0.2357 0.3957 
   HI_SS0091  6 0.1374 0.1144 0.7482 
   HI_SS0095  6 0.3686 0.2237 0.4077 
   HI_SS0097  6 0.6301 0.1423 0.2276 
   HI_SS0099  6 0.2291 0.5503 0.2207 
   HI_SS0103  6 0.2885 0.3888 0.3227 
   HI_SS0105  6 0.4755 0.2133 0.3112 
   HI_SS0107  6 0.2803 0.5820 0.1377 
   HI_SS0108  6 0.1509 0.1188 0.7303 
   HI_SS0110  6 0.2007 0.3205 0.4787 
   HI_SS0111  6 0.3071 0.3642 0.3287 
   HI_SS0112  6 0.1266 0.1791 0.6943 
   HI_SS0113  6 0.3096 0.5486 0.1418 
   HI_SS0114  6 0.3868 0.1704 0.4428 
   HI_SS0115  6 0.3016 0.3777 0.3207 
   HI_SS0116  6 0.1215 0.3306 0.5478 
   HI_SS0117  6 0.3321 0.1869 0.4810 
   HI_SS0118  6 0.2528 0.1957 0.5515 
   HI_SS0119  6 0.3218 0.1712 0.5070 
   HI_SS0120  6 0.2380 0.6077 0.1543 
   HI_SS0121  6 0.5655 0.2866 0.1478 
   HI_SS0122  6 0.3207 0.3101 0.3693 
   HI_SS0123  6 0.3244 0.3330 0.3425 
   HI_SS0124  6 0.2379 0.6472 0.1149 
   HI_SS0125  6 0.2783 0.5941 0.1276 
   HI_SS0126  6 0.1185 0.2899 0.5916 
   HI_SS0127  6 0.5691 0.2383 0.1927 
   HI_SS0128  6 0.2808 0.4316 0.2876 
   HI_SS0129  6 0.1626 0.3769 0.4605 
   HI_SS0131  6 0.5062 0.1779 0.3158 
   HI_SS0132  6 0.3132 0.3517 0.3351 
   HI_SS0133  6 0.1154 0.1665 0.7180 
   HI_SS0134  6 0.3510 0.2743 0.3747 
   HI_SS0142  6 0.4975 0.2000 0.3024 
   HI_SS0145  6 0.4039 0.2599 0.3362 
   HI_SS0146  6 0.3565 0.2048 0.4387 
   HI_SS0147  6 0.5607 0.3019 0.1375 
   HI_SS0149  6 0.3501 0.2675 0.3824 
   HI_SS0150  6 0.3876 0.4754 0.1371 
   HI_SS0151  6 0.2818 0.3550 0.3632 
   NS_SS1451  6 0.2579 0.6264 0.1157 
   NS_SS1404  6 0.3952 0.3990 0.2059 
   NS_SS1432  6 0.1582 0.6541 0.1878 
   NS_SS1405  6 0.2319 0.5270 0.2411 
   NS_SS1431  6 0.2397 0.6130 0.1473 
   NS_SS1402  6 0.2540 0.2703 0.4756 
   NS_SS1450  6 0.1778 0.4178 0.4044 
   NS_SS1396  6 0.3646 0.3456 0.2898 
   NS_SS1393  6 0.2263 0.2643 0.5094 
   NS_SS1392  6 0.1640 0.6589 0.1771 
   NS_SS1445  6 0.3670 0.1601 0.4728 
   NS_SS1423  6 0.2111 0.2694 0.5194 
   NS_SS1421  6 0.3300 0.2634 0.4066 
   NS_SS1411  6 0.3348 0.2861 0.3791 
   NS_SS1453  6 0.2406 0.2319 0.5275 
   NS_SS1442  6 0.5373 0.2340 0.2287 
   NS_SS1422  6 0.3686 0.2948 0.3366 
   NS_SS1419  6 0.6045 0.2213 0.1742 
   NS_SS1427  6 0.0782 0.2755 0.6464 
   NS_SS1444  6 0.4891 0.3419 0.1690 
   NS_SS1455  6 0.4006 0.4498 0.1496 
   NS_SS1425  6 0.2588 0.1050 0.6363 
   NS_SS1400  6 0.4025 0.1807 0.4168 
   NS_SS1406  6 0.5679 0.2808 0.1512 
   NS_SS1417  6 0.4082 0.2719 0.3199 
   NS_SS1454  6 0.2861 0.2709 0.4430 
   NS_SS1412  6 0.2674 0.3130 0.4195 
   NS_SS1438  6 0.3451 0.1137 0.5413 
   NS_SS1416  6 0.3149 0.3784 0.3067 
   NS_SS1401  6 0.2946 0.2635 0.4419 
   NS_SS1424  6 0.3058 0.2740 0.4203 
   NS_SS1435  6 0.2104 0.5300 0.2596 
   NS_SS1447  6 0.5771 0.2664 0.1565 
   NS_SS1414  6 0.4991 0.3837 0.1172 
   NS_SS1449  6 0.2838 0.3896 0.3265 
   NS_SS1443  6 0.2011 0.2137 0.5852 
   NS_SS1434  6 0.2064 0.4840 0.3096 
   NS_SS1398  6 0.2107 0.5753 0.2140 
   NS_SS1426  6 0.2344 0.1613 0.6043 
   NS_SS1413  6 0.2524 0.3023 0.4453 
   NS_SS1395  6 0.2495 0.1578 0.5927 
   NS_SS1448  6 0.2681 0.4497 0.2822 
   NS_SS1446  6 0.2401 0.1934 0.5666 
   NS_SS1403  6 0.2753 0.3864 0.3383 
   NS_SS1415  6 0.2928 0.2391 0.4681 
   NS_SS1437  6 0.3421 0.4107 0.2472 
   NS_SS1439  6 0.4604 0.1878 0.3518 
   NS_SS1441  6 0.1912 0.2917 0.5172 
   NS_SS1420  6 0.4361 0.4395 0.1244 
   NS_SS1394  6 0.3757 0.4751 0.1492 
   NS_SS1391  6 0.1497 0.3872 0.4631 
   NS_SS1410  6 0.2269 0.2943 0.4788 
   NS_SS1408  6 0.4225 0.3369 0.2406 
   NS_SS1409  6 0.1704 0.4337 0.3959 
   HI_SS0617  7 0.1600 0.3654 0.4745 
   HI_SS0618  7 0.3020 0.5062 0.1917 
   HI_SS0619  7 0.2187 0.4722 0.3090 
   HI_SS0620  7 0.2443 0.1834 0.5722 
   HI_SS0621  7 0.3636 0.4188 0.2176 
   HI_SS0622  7 0.4605 0.3131 0.2264 
   HI_SS0626  7 0.4086 0.3427 0.2487 
   HI_SS0627  7 0.2849 0.4679 0.2471 
   HI_SS0628  7 0.1892 0.3704 0.4404 
   HI_SS0629  7 0.3445 0.2239 0.4316 
   HI_SS0630  7 0.2802 0.3123 0.4074 
   HI_SS0631  7 0.3328 0.2840 0.3832 
   HI_SS0632  7 0.5027 0.2937 0.2036 
   HI_SS0633  7 0.2366 0.5372 0.2262 
   HI_SS0634  7 0.3003 0.3884 0.3113 
   HI_SS0635  7 0.4143 0.4215 0.1642 
   HI_SS0637  7 0.5591 0.1762 0.2646 
   HI_SS0638  7 0.2914 0.4542 0.2545 
   HI_SS0639  7 0.4049 0.4115 0.1836 
   HI_SS0640  7 0.4781 0.2806 0.2413 
   HI_SS0641  7 0.3301 0.2060 0.4639 
   HI_SS0642  7 0.2706 0.4805 0.2489 
   HI_SS0645  7 0.3494 0.5551 0.0955 
   HI_SS0646  7 0.2576 0.3948 0.3476 
   HI_SS0647  7 0.3041 0.4635 0.2324 
   HI_SS0648  7 0.3697 0.3732 0.2572 
   HI_SS0649  7 0.2994 0.3078 0.3929 
   HI_SS0650  7 0.2115 0.5685 0.2199 
   HI_SS0651  7 0.3269 0.3545 0.3187 
   HI_SS0652  7 0.3687 0.4914 0.1399 
   NS_SS1371  7 0.1790 0.2371 0.5839 
   NS_SS1374  7 0.2017 0.3184 0.4799 
   NS_SS1337  7 0.4198 0.4379 0.1423 
   NS_SS1385  7 0.2960 0.3598 0.3442 
   NS_SS1388  7 0.1920 0.4939 0.3141 
   NS_SS1370  7 0.5693 0.3108 0.1198 
   NS_SS1389  7 0.2303 0.5902 0.1795 
   NS_SS1360  7 0.4529 0.1894 0.3577 
   NS_SS1330  7 0.4872 0.3651 0.1477 
   NS_SS1328  7 0.1563 0.4350 0.4087 
   NS_SS1384  7 0.4059 0.1806 0.4136 
   NS_SS1381  7 0.2813 0.5976 0.1211 
   NS_SS1375  7 0.1344 0.6981 0.1675 
   NS_SS1319  7 0.2486 0.4089 0.3425 
   NS_SS1326  7 0.1244 0.3517 0.5239 
   NS_SS1341  7 0.3579 0.1270 0.5151 
   NS_SS1383  7 0.3304 0.3479 0.3217 
   NS_SS1318  7 0.4418 0.3067 0.2515 
   NS_SS1348  7 0.2771 0.1140 0.6089 
   NS_SS1363  7 0.4687 0.3525 0.1788 
   NS_SS1335  7 0.4773 0.1385 0.3842 
   NS_SS1358  7 0.4336 0.1509 0.4155 
   NS_SS1342  7 0.2558 0.1814 0.5628 
   NS_SS1320  7 0.2933 0.6357 0.0711 
   NS_SS1355  7 0.5907 0.2236 0.1858 
   NS_SS1345  7 0.6959 0.1967 0.1074 
   NS_SS1324  7 0.2981 0.2384 0.4635 
   NS_SS1347  7 0.3425 0.2584 0.3992 
   NS_SS1321  7 0.2125 0.2274 0.5601 
   NS_SS1333  7 0.1052 0.3006 0.5941 
   NS_SS1364  7 0.4714 0.1658 0.3629 
   NS_SS1379  7 0.3680 0.3970 0.2350 
   NS_SS1332  7 0.1853 0.2193 0.5954 
   NS_SS1338  7 0.3623 0.2250 0.4127 
   NS_SS1368  7 0.3091 0.2135 0.4774 
   NS_SS1354  7 0.4574 0.2573 0.2853 
   NS_SS1365  7 0.3698 0.4558 0.1744 
   NS_SS1380  7 0.5723 0.2722 0.1555 
   NS_SS1329  7 0.2881 0.1803 0.5316 
   NS_SS1362  7 0.3566 0.2939 0.3496 
   NS_SS1327  7 0.0864 0.1149 0.7986 
   NS_SS1350  7 0.0991 0.4383 0.4626 
   NS_SS1387  7 0.4434 0.3319 0.2247 
   NS_SS1369  7 0.3854 0.1875 0.4271 
   NS_SS1331  7 0.2200 0.4830 0.2970 
   NS_SS1357  7 0.1554 0.5033 0.3413 
   NS_SS1386  7 0.1754 0.1202 0.7044 
   NS_SS1353  7 0.1928 0.5582 0.2490 
   NS_SS1323  7 0.4152 0.4203 0.1645 
   HI_SS0296  8 0.3005 0.2801 0.4194 
   HI_SS0297  8 0.2116 0.5389 0.2496 
   HI_SS0299  8 0.4537 0.1936 0.3527 
   HI_SS0300  8 0.4861 0.2635 0.2504 
   HI_SS0301  8 0.5810 0.2608 0.1582 
   HI_SS0302  8 0.4633 0.2153 0.3214 
   HI_SS0303  8 0.1948 0.3115 0.4937 
   HI_SS0304  8 0.2181 0.5947 0.1873 
   HI_SS0306  8 0.3100 0.2544 0.4356 
   HI_SS0307  8 0.3924 0.4108 0.1968 
   HI_SS0308  8 0.4710 0.2877 0.2413 
   HI_SS0309  8 0.5789 0.1766 0.2445 
   HI_SS0310  8 0.3309 0.4585 0.2105 
   HI_SS0311  8 0.4654 0.3016 0.2330 
   HI_SS0314  8 0.1914 0.5508 0.2578 
   HI_SS0316  8 0.2620 0.2898 0.4481 
   HI_SS0317  8 0.3531 0.3583 0.2886 
   HI_SS0318  8 0.2075 0.1644 0.6281 
   HI_SS0319  8 0.1443 0.1109 0.7448 
   HI_SS0320  8 0.1644 0.6540 0.1816 
   HI_SS0321  8 0.2073 0.2514 0.5413 
   HI_SS0323  8 0.2744 0.2585 0.4671 
   HI_SS0325  8 0.4106 0.2308 0.3586 
   HI_SS0327  8 0.1688 0.1989 0.6324 
   HI_SS0329  8 0.3057 0.4964 0.1978 
   HI_SS0333  8 0.2749 0.3446 0.3806 
   HI_SS0334  8 0.3318 0.1391 0.5291 
   HI_SS0335  8 0.6093 0.2348 0.1559 
   HI_SS0339  8 0.5796 0.2755 0.1449 
   HI_SS0343  8 0.4600 0.3217 0.2184 
   HI_SS0344  8 0.1159 0.1190 0.7651 
   HI_SS0345  8 0.5027 0.2924 0.2049 
   HI_SS0346  8 0.2332 0.3706 0.3962 
   HI_SS0350  8 0.6731 0.2317 0.0952 
   HI_SS0351  8 0.5258 0.1707 0.3035 
   HI_SS0352  8 0.4212 0.3585 0.2203 
   HI_SS0362  8 0.4029 0.3725 0.2246 
   HI_SS0363  8 0.1870 0.1833 0.6297 
   HI_SS0365  8 0.2067 0.2413 0.5519 
   HI_SS0366  8 0.1712 0.1274 0.7014 
   HI_SS0367  8 0.3950 0.4219 0.1831 
   HI_SS0369  8 0.3897 0.4644 0.1460 
   HI_SS0370  8 0.2103 0.4257 0.3639 
   HI_SS0371  8 0.2702 0.2907 0.4390 
   HI_SS0373  8 0.2507 0.4391 0.3101 
   HI_SS0374  8 0.3344 0.4518 0.2137 
   HI_SS0377  8 0.5308 0.1422 0.3269 
   HI_SS0379  8 0.1286 0.0841 0.7874 
   HI_SS0380  8 0.3908 0.3921 0.2171 
   HI_SS0381  8 0.5847 0.2554 0.1599 
   HI_SS0384  8 0.1215 0.4197 0.4588 
   HI_SS0385  8 0.2579 0.4724 0.2697 
