   NS_SS0963  1 0.1308 0.3234 0.2129 0.1216 0.2113 
   NS_SS0983  1 0.0570 0.1231 0.2954 0.3307 0.1937 
   NS_SS0719  1 0.1551 0.1838 0.2395 0.1802 0.2413 
   NS_SS1001  1 0.3271 0.1408 0.1636 0.1196 0.2489 
   NS_SS0936  1 0.2583 0.3238 0.2220 0.1136 0.0824 
   NS_SS0955  1 0.0694 0.2661 0.2131 0.2188 0.2326 
   NS_SS0944  1 0.1508 0.2550 0.1609 0.2298 0.2035 
   NS_SS0945  1 0.3523 0.1490 0.1041 0.2705 0.1242 
   NS_SS0922  1 0.3663 0.1501 0.1823 0.1101 0.1912 
   NS_SS0929  1 0.1343 0.2402 0.2384 0.2338 0.1534 
   NS_SS0956  1 0.2465 0.1343 0.1381 0.0907 0.3904 
   NS_SS0906  1 0.1438 0.2776 0.1506 0.2661 0.1620 
   NS_SS0721  1 0.1149 0.1184 0.1941 0.1475 0.4250 
   NS_SS0982  1 0.1627 0.3165 0.1587 0.1330 0.2292 
   NS_SS0923  1 0.2478 0.2127 0.2088 0.1395 0.1912 
   NS_SS0905  1 0.1762 0.1541 0.2475 0.1673 0.2549 
   NS_SS0925  1 0.1246 0.2215 0.3424 0.0831 0.2284 
   NS_SS0947  1 0.2243 0.2668 0.2485 0.1341 0.1263 
   NS_SS0926  1 0.1354 0.2519 0.1041 0.3849 0.1236 
   NS_SS0918  1 0.1563 0.3759 0.0935 0.1066 0.2676 
   NS_SS0966  1 0.1704 0.3264 0.1970 0.1294 0.1768 
   NS_SS0938  1 0.3351 0.2599 0.1686 0.1219 0.1145 
   NS_SS0917  1 0.1786 0.1172 0.3479 0.2183 0.1380 
   NS_SS0957  1 0.2077 0.1870 0.1533 0.1501 0.3018 
   NS_SS0987  1 0.1319 0.1327 0.0871 0.1784 0.4700 
   NS_SS0717  1 0.2941 0.1583 0.1640 0.1194 0.2642 
   NS_SS0986  1 0.1812 0.2054 0.0763 0.2755 0.2617 
   NS_SS0953  1 0.1890 0.2309 0.2411 0.1179 0.2210 
   NS_SS0907  1 0.1173 0.3347 0.2111 0.1721 0.1648 
   NS_SS0974  1 0.1884 0.2280 0.2978 0.1779 0.1079 
   NS_SS0989  1 0.1485 0.1479 0.2908 0.3027 0.1101 
   NS_SS0991  1 0.0678 0.2163 0.0892 0.2780 0.3487 
   NS_SS0994  1 0.1877 0.1010 0.1474 0.4793 0.0846 
   NS_SS0931  1 0.1166 0.1992 0.0989 0.3501 0.2351 
   NS_SS1000  1 0.3610 0.2672 0.1177 0.1534 0.1007 
   NS_SS0919  1 0.1029 0.3146 0.2415 0.2113 0.1296 
   NS_SS0949  1 0.1069 0.1406 0.2818 0.3088 0.1618 
   NS_SS0960  1 0.0918 0.2064 0.2476 0.2278 0.2264 
   NS_SS0716  1 0.4115 0.0810 0.0690 0.1405 0.2981 
   NS_SS0924  1 0.0893 0.2665 0.2365 0.1987 0.2090 
   NS_SS0935  1 0.1003 0.1217 0.1935 0.2762 0.3083 
   NS_SS0952  1 0.1101 0.2682 0.1838 0.2931 0.1448 
   NS_SS0962  1 0.2846 0.2605 0.1082 0.1609 0.1858 
   NS_SS0973  1 0.0827 0.2493 0.3655 0.1148 0.1877 
   NS_SS0722  1 0.4348 0.1725 0.1830 0.0902 0.1195 
   NS_SS0979  1 0.2045 0.2408 0.1279 0.1207 0.3061 
   NS_SS0993  1 0.1883 0.2538 0.2484 0.0938 0.2157 
   NS_SS0958  1 0.2047 0.1817 0.1272 0.3405 0.1459 
   NS_SS0988  1 0.1520 0.3189 0.0975 0.2821 0.1495 
   NS_SS1003  1 0.1255 0.3490 0.1086 0.0895 0.3274 
   NS_SS0976  1 0.1359 0.2842 0.1313 0.2898 0.1587 
   NS_SS0964  1 0.3486 0.1489 0.1640 0.0841 0.2545 
   NS_SS0939  1 0.4617 0.0695 0.0886 0.1012 0.2790 
   NS_SS0990  1 0.3457 0.1497 0.0773 0.2974 0.1298 
   NS_SS0984  1 0.4139 0.1701 0.1578 0.1105 0.1478 
   NS_SS0980  1 0.1475 0.2265 0.4377 0.0874 0.1010 
   NS_SS0978  1 0.2657 0.2318 0.2479 0.1265 0.1280 
   NS_SS0951  1 0.1161 0.1470 0.0929 0.2736 0.3704 
   NS_SS0913  1 0.2902 0.1412 0.1131 0.1474 0.3081 
   NS_SS1002  1 0.1733 0.5038 0.1327 0.1027 0.0875 
   NS_SS0948  1 0.1563 0.2697 0.1530 0.2156 0.2054 
   NS_SS0916  1 0.1542 0.0946 0.4790 0.1245 0.1477 
   NS_SS0995  1 0.1680 0.1052 0.4263 0.0993 0.2013 
   NS_SS0927  1 0.1734 0.1334 0.3307 0.2405 0.1220 
   NS_SS0992  1 0.2075 0.2205 0.3133 0.1720 0.0866 
   NS_SS0912  1 0.1436 0.1879 0.0742 0.2907 0.3037 
   NS_SS0981  1 0.1597 0.3429 0.0967 0.1341 0.2666 
   NS_SS0729  2 0.0830 0.1669 0.4012 0.2803 0.0686 
   NS_SS0967  2 0.1325 0.3808 0.2391 0.1073 0.1402 
   NS_SS0941  2 0.3220 0.1407 0.2318 0.1324 0.1731 
   NS_SS0768  2 0.1710 0.2482 0.1022 0.1635 0.3151 
   NS_SS0726  2 0.1215 0.1820 0.4080 0.1957 0.0929 
   NS_SS0763  2 0.1827 0.1854 0.2488 0.2310 0.1521 
   NS_SS0730  2 0.2945 0.1688 0.1975 0.1334 0.2059 
   NS_SS0774  2 0.3235 0.2104 0.2797 0.0871 0.0994 
   NS_SS0723  2 0.2136 0.2399 0.2920 0.0695 0.1849 
   NS_SS0940  2 0.2593 0.1012 0.2242 0.2272 0.1881 
   NS_SS0762  2 0.4363 0.1178 0.1883 0.0645 0.1932 
   NS_SS0766  2 0.3346 0.0723 0.2230 0.1745 0.1955 
   NS_SS0724  2 0.1675 0.2344 0.1559 0.1242 0.3179 
   NS_SS0769  2 0.2306 0.2219 0.1622 0.1829 0.2024 
   NS_SS0777  2 0.1449 0.1939 0.1061 0.3010 0.2542 
   NS_SS0734  2 0.2042 0.0983 0.2002 0.2070 0.2903 
   NS_SS0737  2 0.4330 0.1092 0.2608 0.0799 0.1171 
   NS_SS0732  2 0.1061 0.1489 0.2214 0.0856 0.4381 
   NS_SS0728  2 0.2243 0.1205 0.3013 0.1331 0.2207 
   NS_SS0735  2 0.2299 0.1384 0.2741 0.1091 0.2486 
   NS_SS0725  2 0.3943 0.1910 0.0986 0.1372 0.1789 
   NS_SS0788  2 0.1700 0.2429 0.2399 0.1905 0.1567 
   NS_SS0778  2 0.1255 0.1700 0.2454 0.2365 0.2226 
   NS_SS0792  2 0.1042 0.1375 0.3341 0.1287 0.2955 
   NS_SS0943  2 0.0733 0.2750 0.1268 0.2871 0.2378 
   NS_SS0791  2 0.1239 0.0705 0.4178 0.1508 0.2370 
   NS_SS0790  2 0.2297 0.2624 0.1005 0.0581 0.3493 
   NS_SS0731  2 0.2604 0.1231 0.1060 0.1453 0.3653 
   NS_SS0727  2 0.2695 0.0847 0.3322 0.2148 0.0988 
   NS_SS0779  2 0.1817 0.1743 0.2130 0.1921 0.2390 
   NS_SS0776  2 0.3599 0.1478 0.1448 0.1839 0.1635 
   NS_SS0775  2 0.4128 0.1025 0.2202 0.0829 0.1816 
   NS_SS0965  3 0.1060 0.2604 0.1486 0.1352 0.3497 
   NS_SS0754  3 0.0982 0.1386 0.2614 0.2194 0.2824 
   NS_SS0838  3 0.2415 0.2428 0.1945 0.1996 0.1217 
   NS_SS0839  3 0.3266 0.2019 0.2066 0.0770 0.1879 
   NS_SS0832  3 0.2036 0.3100 0.1344 0.0730 0.2790 
   NS_SS0820  3 0.1661 0.2610 0.1711 0.0834 0.3184 
   NS_SS0886  3 0.1510 0.1537 0.2035 0.2390 0.2529 
   NS_SS0748  3 0.1404 0.2550 0.1753 0.2330 0.1964 
   NS_SS0884  3 0.1620 0.2226 0.2666 0.1651 0.1837 
   NS_SS0752  3 0.2498 0.1942 0.2756 0.1362 0.1442 
   NS_SS0862  3 0.0912 0.1523 0.2325 0.0762 0.4477 
   NS_SS0787  3 0.1145 0.1369 0.1355 0.4798 0.1333 
   NS_SS0843  3 0.1457 0.1914 0.2741 0.1411 0.2477 
   NS_SS0856  3 0.2942 0.1128 0.3000 0.1681 0.1249 
   NS_SS0846  3 0.1267 0.3301 0.2587 0.1946 0.0899 
   NS_SS0825  3 0.1368 0.2940 0.1105 0.2368 0.2220 
   NS_SS0757  3 0.1250 0.1864 0.1550 0.2280 0.3056 
   NS_SS0876  3 0.2209 0.2133 0.2177 0.1281 0.2200 
   NS_SS0903  3 0.1415 0.2248 0.4597 0.0706 0.1034 
   NS_SS0875  3 0.2933 0.1518 0.1215 0.2155 0.2178 
   NS_SS0740  3 0.1894 0.2064 0.2250 0.1385 0.2406 
   NS_SS0811  3 0.2214 0.1754 0.1187 0.0779 0.4067 
   NS_SS0751  3 0.3453 0.1581 0.1767 0.1707 0.1492 
   NS_SS0891  3 0.3347 0.2027 0.1333 0.1800 0.1493 
   NS_SS0867  3 0.0656 0.3296 0.1748 0.1954 0.2347 
   NS_SS0890  3 0.1928 0.1967 0.2962 0.1486 0.1657 
   NS_SS0866  3 0.1415 0.1257 0.1899 0.4070 0.1359 
   NS_SS0755  3 0.1707 0.2325 0.1875 0.1286 0.2807 
   NS_SS0758  3 0.1835 0.1776 0.3380 0.1341 0.1668 
   NS_SS0840  3 0.2291 0.3618 0.1405 0.0800 0.1886 
   NS_SS0889  3 0.1239 0.1536 0.1054 0.3599 0.2572 
   NS_SS1010  3 0.1721 0.3466 0.1676 0.1621 0.1517 
   NS_SS0888  3 0.1227 0.0900 0.3712 0.2569 0.1591 
   NS_SS0837  3 0.1197 0.2767 0.1488 0.1046 0.3503 
   NS_SS0794  3 0.2128 0.0992 0.2750 0.2479 0.1650 
   NS_SS0823  3 0.2298 0.3432 0.1649 0.1019 0.1602 
   NS_SS0829  3 0.0810 0.1603 0.0930 0.4066 0.2591 
   NS_SS0844  3 0.0661 0.4692 0.2431 0.0525 0.1691 
   NS_SS1008  3 0.2814 0.1227 0.1648 0.2817 0.1493 
   NS_SS0881  3 0.2278 0.2020 0.1409 0.2566 0.1726 
   NS_SS0834  3 0.4326 0.1963 0.1328 0.1157 0.1226 
   NS_SS0744  3 0.1126 0.2324 0.3053 0.1565 0.1932 
   NS_SS0899  3 0.2418 0.1815 0.0873 0.1111 0.3783 
   NS_SS0804  3 0.1833 0.2386 0.1835 0.0668 0.3278 
   NS_SS0781  3 0.2489 0.3427 0.1369 0.0948 0.1768 
   NS_SS0822  3 0.1841 0.1818 0.2490 0.1907 0.1943 
   NS_SS1004  3 0.1347 0.3333 0.2014 0.1221 0.2084 
   NS_SS0746  3 0.1797 0.3259 0.1361 0.2233 0.1350 
   NS_SS0880  3 0.2096 0.3149 0.1667 0.1353 0.1735 
   NS_SS0879  3 0.2790 0.2175 0.1468 0.1501 0.2066 
   NS_SS0753  3 0.0903 0.1830 0.1771 0.2486 0.3011 
   NS_SS1007  3 0.2741 0.1097 0.3817 0.1418 0.0927 
   NS_SS0872  3 0.2395 0.2486 0.2473 0.1066 0.1581 
   NS_SS1005  3 0.2227 0.3651 0.1388 0.1502 0.1233 
   NS_SS0892  3 0.2235 0.1937 0.1643 0.1987 0.2199 
   NS_SS0898  3 0.1832 0.1929 0.1446 0.2570 0.2224 
   NS_SS0801  3 0.1421 0.1958 0.1280 0.1904 0.3438 
   NS_SS0827  3 0.1399 0.1385 0.1512 0.2194 0.3509 
   NS_SS0853  3 0.1486 0.1427 0.1560 0.2075 0.3452 
   NS_SS0780  3 0.2301 0.1758 0.2075 0.1109 0.2758 
   NS_SS0826  3 0.1022 0.4669 0.0710 0.2367 0.1233 
   NS_SS0818  3 0.2646 0.1984 0.1903 0.0944 0.2523 
   NS_SS0745  3 0.5762 0.0746 0.0447 0.1080 0.1966 
   NS_SS0849  3 0.1419 0.1712 0.0710 0.1626 0.4533 
   NS_SS0739  3 0.2180 0.1275 0.2662 0.1536 0.2345 
   NS_SS0799  3 0.1254 0.0945 0.4307 0.1529 0.1965 
   NS_SS0756  3 0.1421 0.4249 0.1069 0.0994 0.2266 
   NS_SS0802  3 0.1645 0.1870 0.2955 0.2384 0.1146 
   NS_SS0747  3 0.1454 0.2992 0.2479 0.1530 0.1546 
   NS_SS0835  3 0.1190 0.1594 0.2686 0.3467 0.1063 
   NS_SS0742  3 0.1422 0.1912 0.3364 0.1021 0.2280 
   NS_SS0760  3 0.1470 0.1730 0.1665 0.3819 0.1316 
   NS_SS0803  3 0.0973 0.3273 0.3710 0.0624 0.1421 
   NS_SS0828  3 0.1740 0.1255 0.1801 0.1772 0.3432 
   NS_SS0865  3 0.0921 0.2455 0.2237 0.1510 0.2878 
   NS_SS0759  3 0.3087 0.1596 0.1637 0.1086 0.2593 
   NS_SS0851  3 0.2355 0.1428 0.0627 0.1014 0.4576 
   NS_SS0874  3 0.1826 0.3463 0.1737 0.1133 0.1842 
   NS_SS0761  3 0.0816 0.2223 0.1392 0.3224 0.2345 
   NS_SS0842  3 0.2270 0.1625 0.1567 0.2960 0.1578 
   NS_SS0785  3 0.1272 0.2128 0.2532 0.2147 0.1921 
   NS_SS0860  3 0.1112 0.1677 0.2173 0.3818 0.1220 
   NS_SS0897  3 0.1118 0.1143 0.1660 0.4180 0.1900 
   NS_SS0841  3 0.2715 0.1820 0.1004 0.1060 0.3400 
   NS_SS0797  3 0.1118 0.1986 0.1264 0.2559 0.3073 
   NS_SS0830  3 0.1484 0.2333 0.1555 0.2049 0.2579 
   NS_SS1011  3 0.1304 0.4204 0.1465 0.0989 0.2038 
   NS_SS0883  3 0.0933 0.1271 0.3115 0.1556 0.3125 
   NS_SS0782  3 0.2787 0.1264 0.2686 0.1953 0.1310 
   NS_SS0831  3 0.1018 0.1193 0.1563 0.3115 0.3110 
   NS_SS0749  3 0.1722 0.1030 0.2567 0.1867 0.2813 
   NS_SS0854  3 0.1856 0.1304 0.3967 0.1346 0.1526 
   HI_SS0193  4 0.2357 0.1238 0.1572 0.2749 0.2083 
   HI_SS0194  4 0.4474 0.1868 0.0805 0.1975 0.0877 
   HI_SS0195  4 0.2622 0.1763 0.1176 0.0980 0.3459 
   HI_SS0196  4 0.3025 0.1212 0.2467 0.2096 0.1199 
   HI_SS0197  4 0.2433 0.3329 0.1740 0.1589 0.0909 
   HI_SS0198  4 0.1284 0.1350 0.2106 0.2204 0.3056 
   HI_SS0199  4 0.1840 0.1067 0.4489 0.1541 0.1063 
   HI_SS0201  4 0.0559 0.2224 0.1836 0.3221 0.2160 
   HI_SS0215  4 0.0713 0.2247 0.1911 0.3144 0.1985 
   HI_SS0218  4 0.1632 0.0851 0.2488 0.3248 0.1781 
   HI_SS0222  4 0.2688 0.1170 0.2113 0.1871 0.2158 
   HI_SS0230  4 0.1951 0.2834 0.1046 0.1968 0.2202 
   HI_SS0234  4 0.1782 0.2166 0.3939 0.1343 0.0771 
   HI_SS0240  4 0.2528 0.0872 0.4181 0.0966 0.1453 
   HI_SS0241  4 0.1193 0.2016 0.2534 0.2421 0.1836 
   HI_SS0242  4 0.1331 0.2366 0.2031 0.1949 0.2324 
   HI_SS0247  4 0.1482 0.3852 0.0879 0.1812 0.1973 
   HI_SS0248  4 0.1954 0.1104 0.3016 0.2889 0.1037 
   HI_SS0252  4 0.2489 0.1536 0.2315 0.1111 0.2549 
   HI_SS0254  4 0.1282 0.2606 0.2129 0.2713 0.1271 
   HI_SS0256  4 0.2354 0.3558 0.1683 0.0428 0.1977 
   HI_SS0257  4 0.0901 0.2738 0.2728 0.2825 0.0808 
   HI_SS0258  4 0.1468 0.1381 0.1768 0.3276 0.2107 
   HI_SS0259  4 0.3180 0.1896 0.1993 0.1293 0.1638 
   HI_SS0260  4 0.2278 0.1181 0.2791 0.2725 0.1025 
   HI_SS0261  4 0.2310 0.2797 0.1408 0.2484 0.1000 
   HI_SS0262  4 0.1600 0.1518 0.2698 0.1148 0.3036 
   HI_SS0264  4 0.3013 0.2248 0.0741 0.2052 0.1946 
   HI_SS0265  4 0.1857 0.2174 0.1651 0.1608 0.2709 
   HI_SS0268  4 0.2512 0.1443 0.1419 0.2599 0.2027 
   HI_SS0269  4 0.0709 0.1508 0.3846 0.3261 0.0677 
   HI_SS0273  4 0.0979 0.3139 0.1873 0.2535 0.1474 
   HI_SS0277  4 0.1186 0.3844 0.1903 0.1480 0.1586 
   HI_SS0280  4 0.2428 0.1012 0.1679 0.1658 0.3222 
   HI_SS0282  4 0.1129 0.2222 0.1885 0.2413 0.2351 
   HI_SS0286  4 0.0935 0.1235 0.2807 0.2055 0.2968 
   NS_SS1252  5 0.1067 0.1173 0.2148 0.4098 0.1513 
   NS_SS1261  5 0.1303 0.2347 0.2693 0.2075 0.1582 
   NS_SS1225  5 0.0858 0.3950 0.1604 0.2251 0.1337 
   NS_SS1266  5 0.1494 0.4596 0.1519 0.0712 0.1678 
   NS_SS1228  5 0.1569 0.1277 0.1991 0.1106 0.4057 
   NS_SS1255  5 0.4585 0.1382 0.1570 0.1635 0.0828 
   NS_SS1267  5 0.0909 0.0849 0.2250 0.4286 0.1706 
   NS_SS1238  5 0.2487 0.1734 0.0967 0.2903 0.1909 
   NS_SS1233  5 0.1967 0.4218 0.0561 0.1214 0.2039 
   NS_SS1277  5 0.2673 0.0681 0.2327 0.2804 0.1514 
   NS_SS1245  5 0.1966 0.2478 0.1603 0.2718 0.1235 
   NS_SS1240  5 0.1068 0.1108 0.2314 0.4513 0.0996 
   NS_SS1275  5 0.2115 0.3328 0.1602 0.0706 0.2250 
   NS_SS1235  5 0.2238 0.2788 0.2948 0.1333 0.0693 
   NS_SS1263  5 0.3237 0.2702 0.1269 0.1151 0.1641 
   NS_SS1251  5 0.2134 0.3578 0.1301 0.1367 0.1620 
   NS_SS1248  5 0.1231 0.1048 0.0549 0.2174 0.4998 
   NS_SS1244  5 0.0864 0.3778 0.2151 0.1439 0.1769 
   NS_SS1257  5 0.1536 0.1272 0.2521 0.2757 0.1914 
   NS_SS1242  5 0.3670 0.2213 0.1004 0.1375 0.1738 
   NS_SS1271  5 0.0827 0.0897 0.3026 0.3822 0.1428 
   NS_SS1265  5 0.1605 0.2135 0.0856 0.3995 0.1409 
   NS_SS1243  5 0.2541 0.0958 0.1468 0.1234 0.3800 
   NS_SS1273  5 0.4231 0.2184 0.1115 0.1047 0.1423 
   NS_SS1254  5 0.1875 0.3379 0.1684 0.1091 0.1971 
   NS_SS1224  5 0.1767 0.2626 0.1518 0.1021 0.3069 
   NS_SS1227  5 0.1788 0.1362 0.3057 0.2803 0.0990 
   NS_SS1274  5 0.1888 0.1579 0.2344 0.2350 0.1840 
   NS_SS1241  5 0.1066 0.2921 0.2348 0.2123 0.1542 
   NS_SS1256  5 0.1546 0.4077 0.1044 0.2511 0.0821 
   NS_SS1260  5 0.1022 0.1336 0.4206 0.2205 0.1230 
   NS_SS1262  5 0.0785 0.2993 0.1922 0.2114 0.2186 
   NS_SS1230  5 0.2065 0.2521 0.1131 0.2487 0.1795 
   NS_SS1270  5 0.1013 0.3044 0.0794 0.1336 0.3814 
   NS_SS1229  5 0.2359 0.2436 0.3602 0.0979 0.0624 
   NS_SS1246  5 0.1636 0.1351 0.2951 0.3053 0.1008 
   NS_SS1269  5 0.2169 0.2154 0.2038 0.1357 0.2281 
   NS_SS1239  5 0.1681 0.0889 0.3894 0.0673 0.2862 
   NS_SS1272  5 0.1481 0.4142 0.1466 0.1685 0.1227 
   NS_SS1268  5 0.1498 0.2107 0.0784 0.1193 0.4418 
   NS_SS1249  5 0.1322 0.1200 0.3060 0.3446 0.0973 
   HI_SS0559  6 0.2000 0.1400 0.1830 0.1835 0.2934 
   HI_SS0563  6 0.1240 0.2444 0.2850 0.1730 0.1735 
   HI_SS0564  6 0.1872 0.2199 0.1779 0.1705 0.2445 
   HI_SS0565  6 0.1425 0.2801 0.1763 0.2585 0.1426 
   HI_SS0569  6 0.0708 0.2566 0.1341 0.3256 0.2128 
   HI_SS0570  6 0.1591 0.0979 0.2106 0.3512 0.1811 
   HI_SS0572  6 0.3170 0.1659 0.3369 0.0839 0.0962 
   HI_SS0576  6 0.2633 0.1389 0.1419 0.1218 0.3341 
   HI_SS0579  6 0.0975 0.2818 0.2532 0.2243 0.1432 
   HI_SS0580  6 0.2572 0.1122 0.2339 0.2433 0.1535 
   HI_SS0581  6 0.1968 0.2616 0.1514 0.1031 0.2872 
   HI_SS0583  6 0.2102 0.1718 0.2247 0.2959 0.0974 
   HI_SS0586  6 0.1242 0.1023 0.0996 0.4539 0.2199 
   HI_SS0588  6 0.1308 0.2039 0.2427 0.2328 0.1898 
   HI_SS0595  6 0.1981 0.2277 0.1897 0.2961 0.0884 
   HI_SS0596  6 0.4406 0.1165 0.2327 0.0960 0.1142 
   HI_SS0597  6 0.3434 0.2403 0.1825 0.1375 0.0963 
   HI_SS0600  6 0.0984 0.1555 0.4246 0.1587 0.1628 
   HI_SS0601  6 0.0575 0.3112 0.2115 0.1803 0.2396 
   HI_SS0602  6 0.1855 0.0910 0.1360 0.2856 0.3019 
   HI_SS0604  6 0.1949 0.1759 0.1261 0.1912 0.3119 
   HI_SS0605  6 0.1128 0.0965 0.2387 0.2117 0.3404 
   HI_SS0608  6 0.3435 0.1015 0.1090 0.2172 0.2288 
   HI_SS0609  6 0.2084 0.4036 0.1512 0.1167 0.1200 
   HI_SS0611  6 0.1180 0.0877 0.1640 0.3046 0.3257 
   HI_SS0612  6 0.1035 0.3540 0.3461 0.1262 0.0703 
   HI_SS0613  6 0.1423 0.1519 0.1182 0.1549 0.4327 
   HI_SS0615  6 0.2820 0.1410 0.2659 0.0701 0.2411 
   HI_SS0001  6 0.3098 0.1708 0.1991 0.2290 0.0913 
   HI_SS0002  6 0.2272 0.3612 0.1545 0.0983 0.1588 
   HI_SS0004  6 0.2728 0.0852 0.1509 0.3079 0.1832 
   HI_SS0005  6 0.1660 0.1448 0.1262 0.1427 0.4203 
   HI_SS0006  6 0.1068 0.3327 0.1701 0.2857 0.1046 
   HI_SS0007  6 0.1228 0.0729 0.1429 0.2764 0.3850 
   HI_SS0008  6 0.1546 0.2469 0.1703 0.1772 0.2510 
   HI_SS0009  6 0.2583 0.0790 0.2234 0.1002 0.3391 
   HI_SS0010  6 0.1530 0.1518 0.1745 0.2206 0.3001 
   HI_SS0011  6 0.1505 0.4515 0.0641 0.1548 0.1791 
   HI_SS0012  6 0.1063 0.1964 0.4377 0.0643 0.1953 
   HI_SS0017  6 0.4579 0.1378 0.1332 0.1352 0.1360 
   HI_SS0021  6 0.1929 0.1907 0.1119 0.3699 0.1346 
   HI_SS0024  6 0.2829 0.1700 0.2113 0.1267 0.2091 
   HI_SS0025  6 0.3749 0.1595 0.1496 0.1236 0.1925 
   HI_SS0027  6 0.1145 0.1522 0.1962 0.2450 0.2921 
   HI_SS0028  6 0.2758 0.2402 0.0853 0.0835 0.3153 
   HI_SS0029  6 0.3524 0.1052 0.1949 0.2354 0.1121 
   HI_SS0030  6 0.1396 0.1786 0.2910 0.1813 0.2095 
   HI_SS0031  6 0.1530 0.2689 0.3775 0.1080 0.0926 
   HI_SS0034  6 0.1336 0.1735 0.2503 0.3203 0.1224 
   HI_SS0036  6 0.1513 0.0963 0.1328 0.4072 0.2124 
   HI_SS0037  6 0.1378 0.1319 0.0984 0.3970 0.2348 
   HI_SS0039  6 0.1509 0.1353 0.1188 0.2870 0.3080 
   HI_SS0041  6 0.2640 0.1104 0.1409 0.1278 0.3569 
   HI_SS0042  6 0.3232 0.2253 0.1368 0.1280 0.1868 
   HI_SS0043  6 0.0742 0.1587 0.1831 0.4214 0.1626 
   HI_SS0044  6 0.3573 0.0764 0.2607 0.2271 0.0785 
   HI_SS0047  6 0.2231 0.1944 0.2045 0.1142 0.2639 
   HI_SS0049  6 0.3929 0.1731 0.1149 0.1597 0.1593 
   HI_SS0051  6 0.0788 0.2101 0.1553 0.1339 0.4220 
   HI_SS0053  6 0.1172 0.1964 0.2279 0.3300 0.1285 
   HI_SS0054  6 0.0705 0.2458 0.1098 0.3628 0.2112 
   HI_SS0057  6 0.2183 0.2020 0.0830 0.1901 0.3067 
   HI_SS0058  6 0.2083 0.1771 0.1346 0.3227 0.1572 
   HI_SS0060  6 0.0914 0.2270 0.1800 0.1761 0.3255 
   HI_SS0087  6 0.1460 0.2917 0.1787 0.2382 0.1455 
   HI_SS0091  6 0.0956 0.2478 0.2153 0.3643 0.0770 
   HI_SS0095  6 0.1027 0.2073 0.3322 0.1721 0.1857 
   HI_SS0097  6 0.0703 0.3669 0.2779 0.1131 0.1718 
   HI_SS0099  6 0.3953 0.1196 0.1239 0.1803 0.1810 
   HI_SS0103  6 0.2487 0.2143 0.2751 0.1591 0.1028 
   HI_SS0105  6 0.1125 0.3210 0.1776 0.1744 0.2145 
   HI_SS0107  6 0.3556 0.2033 0.2379 0.0889 0.1143 
   HI_SS0108  6 0.0923 0.1261 0.1801 0.4820 0.1194 
   HI_SS0110  6 0.1658 0.2723 0.2796 0.1961 0.0863 
   HI_SS0111  6 0.1446 0.1705 0.2973 0.1672 0.2204 
   HI_SS0112  6 0.1268 0.1059 0.1864 0.4603 0.1206 
   HI_SS0113  6 0.3747 0.2750 0.1025 0.1227 0.1252 
   HI_SS0114  6 0.0929 0.1362 0.1711 0.2822 0.3177 
   HI_SS0115  6 0.2143 0.0988 0.3632 0.1256 0.1981 
   HI_SS0116  6 0.2925 0.0819 0.2176 0.3344 0.0736 
   HI_SS0117  6 0.1222 0.3936 0.1334 0.2695 0.0813 
   HI_SS0118  6 0.1702 0.2429 0.2258 0.2530 0.1081 
   HI_SS0119  6 0.0765 0.2789 0.2601 0.2352 0.1492 
   HI_SS0120  6 0.4417 0.2412 0.1396 0.1001 0.0775 
   HI_SS0121  6 0.1277 0.4281 0.0825 0.1153 0.2465 
   HI_SS0122  6 0.1695 0.2373 0.2126 0.1762 0.2045 
   HI_SS0123  6 0.1734 0.3382 0.1999 0.1872 0.1013 
   HI_SS0124  6 0.4098 0.1211 0.1916 0.0810 0.1965 
   HI_SS0125  6 0.2751 0.1297 0.2820 0.0800 0.2332 
   HI_SS0126  6 0.2674 0.1180 0.1586 0.3641 0.0919 
   HI_SS0127  6 0.1130 0.1823 0.1137 0.1492 0.4419 
   HI_SS0128  6 0.2642 0.2499 0.2349 0.1530 0.0980 
   HI_SS0129  6 0.2067 0.1083 0.2014 0.2955 0.1880 
   HI_SS0131  6 0.0893 0.2129 0.0966 0.2918 0.3094 
   HI_SS0132  6 0.1633 0.2672 0.2146 0.1766 0.1783 
   HI_SS0133  6 0.1425 0.1037 0.1417 0.4775 0.1346 
   HI_SS0134  6 0.1540 0.2769 0.2105 0.1937 0.1649 
   HI_SS0142  6 0.0826 0.3013 0.3038 0.1108 0.2015 
   HI_SS0145  6 0.1531 0.2557 0.2362 0.2205 0.1346 
   HI_SS0146  6 0.0985 0.1780 0.2772 0.2138 0.2324 
   HI_SS0147  6 0.1322 0.2544 0.1103 0.1184 0.3846 
   HI_SS0149  6 0.1481 0.4563 0.0859 0.2233 0.0865 
   HI_SS0150  6 0.2574 0.1762 0.1680 0.1045 0.2939 
   HI_SS0151  6 0.1479 0.0806 0.4186 0.1282 0.2247 
   NS_SS1451  6 0.2999 0.1172 0.2499 0.0764 0.2565 
   NS_SS1404  6 0.2160 0.1514 0.1163 0.1585 0.3579 
   NS_SS1432  6 0.4029 0.1609 0.1720 0.1224 0.1419 
   NS_SS1405  6 0.3562 0.1393 0.1591 0.2143 0.1311 
   NS_SS1431  6 0.3934 0.2234 0.1251 0.1213 0.1367 
   NS_SS1402  6 0.1547 0.2478 0.3163 0.1675 0.1137 
   NS_SS1450  6 0.2600 0.0950 0.1885 0.2729 0.1837 
   NS_SS1396  6 0.1890 0.2174 0.1785 0.1953 0.2198 
   NS_SS1393  6 0.1499 0.1103 0.3675 0.1641 0.2082 
   NS_SS1392  6 0.3684 0.0656 0.2431 0.1215 0.2015 
   NS_SS1445  6 0.1129 0.2477 0.1017 0.3380 0.1998 
   NS_SS1423  6 0.1825 0.2330 0.2987 0.1943 0.0915 
   NS_SS1421  6 0.1529 0.2531 0.1828 0.2584 0.1528 
   NS_SS1411  6 0.1303 0.0737 0.0987 0.3334 0.3638 
   NS_SS1453  6 0.1281 0.2081 0.2064 0.3137 0.1437 
   NS_SS1442  6 0.1747 0.2200 0.1981 0.2067 0.2006 
   NS_SS1422  6 0.1395 0.2497 0.3871 0.1113 0.1124 
   NS_SS1419  6 0.1392 0.2934 0.1103 0.1466 0.3105 
   NS_SS1427  6 0.2002 0.0704 0.3066 0.3422 0.0806 
   NS_SS1444  6 0.2385 0.1820 0.1152 0.1351 0.3293 
   NS_SS1455  6 0.3333 0.2929 0.1640 0.1113 0.0985 
   NS_SS1425  6 0.0764 0.1679 0.1660 0.4174 0.1723 
   NS_SS1400  6 0.1467 0.2168 0.0777 0.3779 0.1809 
   NS_SS1406  6 0.1983 0.4575 0.1391 0.0801 0.1250 
   NS_SS1417  6 0.2046 0.2863 0.0903 0.2824 0.1364 
   NS_SS1454  6 0.1887 0.2475 0.0707 0.3402 0.1529 
   NS_SS1412  6 0.2237 0.1506 0.1727 0.2424 0.2107 
   NS_SS1438  6 0.0605 0.1611 0.1861 0.3433 0.2489 
   NS_SS1416  6 0.2203 0.2057 0.1745 0.2128 0.1867 
   NS_SS1401  6 0.1603 0.2536 0.2529 0.2042 0.1290 
   NS_SS1424  6 0.1367 0.2430 0.1984 0.2560 0.1659 
   NS_SS1435  6 0.3067 0.0984 0.1906 0.1843 0.2201 
   NS_SS1447  6 0.1895 0.2329 0.1316 0.1358 0.3103 
   NS_SS1414  6 0.2966 0.2171 0.0616 0.1555 0.2692 
   NS_SS1449  6 0.1355 0.1769 0.4417 0.1006 0.1453 
   NS_SS1443  6 0.1246 0.1967 0.3670 0.2223 0.0894 
   NS_SS1434  6 0.3114 0.1146 0.3435 0.1541 0.0764 
   NS_SS1398  6 0.3771 0.1185 0.1586 0.1625 0.1833 
   NS_SS1426  6 0.1091 0.1398 0.1952 0.3963 0.1596 
   NS_SS1413  6 0.2769 0.1780 0.0975 0.3392 0.1084 
   NS_SS1395  6 0.0914 0.1797 0.3399 0.2457 0.1433 
   NS_SS1448  6 0.2362 0.1006 0.0927 0.2444 0.3261 
   NS_SS1446  6 0.1169 0.1771 0.3132 0.2346 0.1582 
   NS_SS1403  6 0.2062 0.2195 0.2579 0.1399 0.1765 
   NS_SS1415  6 0.1555 0.1473 0.1654 0.3134 0.2184 
   NS_SS1437  6 0.2317 0.2659 0.1109 0.2027 0.1888 
   NS_SS1439  6 0.1144 0.2778 0.2970 0.1492 0.1616 
   NS_SS1441  6 0.2389 0.1781 0.2409 0.2412 0.1009 
   NS_SS1420  6 0.1593 0.0637 0.1434 0.0888 0.5447 
   NS_SS1394  6 0.2599 0.1371 0.1194 0.1392 0.3444 
   NS_SS1391  6 0.3444 0.1072 0.1979 0.2744 0.0761 
   NS_SS1410  6 0.1865 0.1938 0.2464 0.2513 0.1220 
   NS_SS1408  6 0.1452 0.2710 0.2227 0.1346 0.2265 
   NS_SS1409  6 0.3273 0.1253 0.2335 0.2388 0.0752 
   HI_SS0617  7 0.1907 0.0989 0.3727 0.2067 0.1310 
   HI_SS0618  7 0.2657 0.1198 0.2382 0.1301 0.2462 
   HI_SS0619  7 0.3556 0.1259 0.1415 0.2076 0.1694 
   HI_SS0620  7 0.0816 0.0732 0.2580 0.3045 0.2827 
   HI_SS0621  7 0.1992 0.2378 0.2377 0.1326 0.1927 
   HI_SS0622  7 0.1992 0.2891 0.1196 0.1824 0.2097 
   HI_SS0626  7 0.1578 0.1202 0.0998 0.1951 0.4271 
   HI_SS0627  7 0.2533 0.2388 0.1760 0.1633 0.1685 
   HI_SS0628  7 0.2390 0.1365 0.1132 0.3552 0.1560 
   HI_SS0629  7 0.1331 0.2274 0.2013 0.2328 0.2054 
   HI_SS0630  7 0.1642 0.1110 0.2365 0.2180 0.2702 
   HI_SS0631  7 0.1172 0.1379 0.2367 0.2392 0.2690 
   HI_SS0632  7 0.1393 0.1869 0.1065 0.2155 0.3518 
   HI_SS0633  7 0.3845 0.1198 0.2495 0.1424 0.1038 
   HI_SS0634  7 0.1641 0.1644 0.1853 0.1953 0.2910 
   HI_SS0635  7 0.2513 0.1921 0.1247 0.1315 0.3004 
   HI_SS0637  7 0.0825 0.2690 0.1379 0.1980 0.3125 
   HI_SS0638  7 0.2828 0.1832 0.1250 0.2300 0.1790 
   HI_SS0639  7 0.1815 0.1682 0.2664 0.0822 0.3017 
   HI_SS0640  7 0.1812 0.2236 0.1821 0.1566 0.2564 
   HI_SS0641  7 0.1387 0.1073 0.1301 0.2825 0.3414 
   HI_SS0642  7 0.2352 0.2739 0.2361 0.1205 0.1344 
   HI_SS0645  7 0.2881 0.1057 0.1347 0.0806 0.3909 
   HI_SS0646  7 0.2327 0.2212 0.3193 0.1275 0.0993 
   HI_SS0647  7 0.3412 0.2412 0.0818 0.1866 0.1493 
   HI_SS0648  7 0.2280 0.1684 0.1580 0.2101 0.2354 
   HI_SS0649  7 0.2092 0.1572 0.3156 0.1608 0.1573 
   HI_SS0650  7 0.3408 0.1191 0.3238 0.0953 0.1210 
   HI_SS0651  7 0.2117 0.1621 0.2948 0.1523 0.1791 
   HI_SS0652  7 0.2517 0.0972 0.1074 0.0941 0.4497 
   NS_SS1371  7 0.1340 0.1804 0.4563 0.1454 0.0839 
   NS_SS1374  7 0.1831 0.1363 0.1166 0.3441 0.2199 
   NS_SS1337  7 0.2051 0.2608 0.1168 0.1027 0.3145 
   NS_SS1385  7 0.2436 0.1999 0.3017 0.1228 0.1320 
   NS_SS1388  7 0.3660 0.1336 0.1077 0.2589 0.1339 
   NS_SS1370  7 0.0671 0.1164 0.1644 0.0733 0.5787 
   NS_SS1389  7 0.4144 0.1093 0.0909 0.1950 0.1904 
   NS_SS1360  7 0.1066 0.1709 0.1636 0.2319 0.3269 
   NS_SS1330  7 0.1963 0.2019 0.2062 0.0941 0.3014 
   NS_SS1328  7 0.3189 0.1384 0.1761 0.2948 0.0719 
   NS_SS1384  7 0.0940 0.2451 0.2437 0.1793 0.2379 
   NS_SS1381  7 0.3777 0.1565 0.2778 0.0737 0.1144 
   NS_SS1375  7 0.4236 0.0794 0.1786 0.1431 0.1753 
   NS_SS1319  7 0.1956 0.1834 0.2650 0.1619 0.1940 
   NS_SS1326  7 0.2654 0.0950 0.1470 0.4098 0.0828 
   NS_SS1341  7 0.0899 0.2898 0.2101 0.2647 0.1455 
   NS_SS1383  7 0.1187 0.2258 0.2203 0.1715 0.2638 
   NS_SS1318  7 0.1809 0.1417 0.2294 0.1325 0.3155 
   NS_SS1348  7 0.0725 0.1909 0.2464 0.3007 0.1895 
   NS_SS1363  7 0.1879 0.2560 0.1514 0.1453 0.2594 
   NS_SS1335  7 0.0789 0.2877 0.1800 0.2117 0.2417 
   NS_SS1358  7 0.0869 0.3420 0.2101 0.1983 0.1627 
   NS_SS1342  7 0.1123 0.3726 0.2151 0.2281 0.0719 
   NS_SS1320  7 0.5086 0.2047 0.1657 0.0549 0.0660 
   NS_SS1355  7 0.1733 0.3142 0.1704 0.1101 0.2321 
   NS_SS1345  7 0.1098 0.4543 0.1569 0.0782 0.2008 
   NS_SS1324  7 0.1305 0.1638 0.2660 0.2585 0.1811 
   NS_SS1347  7 0.1156 0.1998 0.4048 0.1262 0.1536 
   NS_SS1321  7 0.1280 0.2147 0.2084 0.2721 0.1768 
   NS_SS1333  7 0.2003 0.1557 0.2046 0.3178 0.1217 
   NS_SS1364  7 0.1390 0.3055 0.0753 0.3434 0.1368 
   NS_SS1379  7 0.2377 0.1648 0.2410 0.1675 0.1891 
   NS_SS1332  7 0.1993 0.1664 0.1144 0.4167 0.1032 
   NS_SS1338  7 0.0891 0.1063 0.1772 0.2804 0.3470 
   NS_SS1368  7 0.1788 0.3249 0.0861 0.3237 0.0865 
   NS_SS1354  7 0.1901 0.3270 0.1565 0.1772 0.1492 
   NS_SS1365  7 0.2603 0.2188 0.1504 0.1295 0.2410 
   NS_SS1380  7 0.2020 0.3789 0.1016 0.1120 0.2055 
   NS_SS1329  7 0.1334 0.4085 0.1155 0.2791 0.0635 
   NS_SS1362  7 0.1958 0.2552 0.2059 0.1948 0.1483 
   NS_SS1327  7 0.1126 0.0669 0.1874 0.5099 0.1232 
   NS_SS1350  7 0.2431 0.0752 0.4607 0.1404 0.0806 
   NS_SS1387  7 0.1678 0.1267 0.1605 0.1538 0.3912 
   NS_SS1369  7 0.1082 0.2736 0.1346 0.2791 0.2044 
   NS_SS1331  7 0.2884 0.1345 0.0992 0.2562 0.2217 
   NS_SS1357  7 0.3194 0.1208 0.3206 0.1767 0.0627 
   NS_SS1386  7 0.0907 0.2860 0.0940 0.4561 0.0731 
   NS_SS1353  7 0.4158 0.1639 0.1543 0.1759 0.0901 
   NS_SS1323  7 0.2520 0.3661 0.1304 0.0968 0.1547 
   HI_SS0296  8 0.1172 0.0993 0.2464 0.2237 0.3134 
   HI_SS0297  8 0.2988 0.2038 0.2291 0.1535 0.1149 
   HI_SS0299  8 0.1204 0.2435 0.1813 0.2105 0.2443 
   HI_SS0300  8 0.1373 0.1647 0.1813 0.1895 0.3273 
   HI_SS0301  8 0.0906 0.2246 0.0642 0.1865 0.4341 
   HI_SS0302  8 0.0926 0.1471 0.1348 0.2385 0.3869 
   HI_SS0303  8 0.2748 0.1333 0.1317 0.3634 0.0969 
   HI_SS0304  8 0.3748 0.1111 0.0727 0.2385 0.2029 
   HI_SS0306  8 0.1325 0.1367 0.0888 0.3601 0.2818 
   HI_SS0307  8 0.2418 0.2473 0.1873 0.1039 0.2197 
   HI_SS0308  8 0.1106 0.2142 0.2837 0.1431 0.2484 
   HI_SS0309  8 0.0755 0.2894 0.3068 0.0839 0.2444 
   HI_SS0310  8 0.3400 0.1495 0.1053 0.2351 0.1702 
   HI_SS0311  8 0.1394 0.2297 0.1032 0.1820 0.3457 
   HI_SS0314  8 0.4113 0.1629 0.1417 0.2003 0.0838 
   HI_SS0316  8 0.2275 0.2011 0.1658 0.2540 0.1516 
   HI_SS0317  8 0.1505 0.2090 0.2089 0.1792 0.2524 
   HI_SS0318  8 0.0989 0.1779 0.2259 0.3072 0.1900 
   HI_SS0319  8 0.1046 0.1754 0.2467 0.3824 0.0910 
   HI_SS0320  8 0.4420 0.1625 0.1026 0.1511 0.1418 
   HI_SS0321  8 0.0881 0.1364 0.4372 0.1894 0.1489 
   HI_SS0323  8 0.1567 0.1097 0.1988 0.2777 0.2571 
   HI_SS0325  8 0.1315 0.1702 0.0877 0.3232 0.2874 
   HI_SS0327  8 0.0961 0.1558 0.5484 0.1382 0.0614 
   HI_SS0329  8 0.2951 0.1815 0.1054 0.1780 0.2399 
   HI_SS0333  8 0.2141 0.1779 0.2247 0.2075 0.1757 
   HI_SS0334  8 0.1037 0.1992 0.1816 0.3077 0.2079 
   HI_SS0335  8 0.1279 0.3615 0.2116 0.1042 0.1948 
   HI_SS0339  8 0.2004 0.2677 0.1014 0.1419 0.2886 
   HI_SS0343  8 0.1671 0.4039 0.2242 0.0972 0.1076 
   HI_SS0344  8 0.0883 0.1252 0.1903 0.4864 0.1099 
   HI_SS0345  8 0.1669 0.2919 0.0714 0.2287 0.2411 
   HI_SS0346  8 0.1954 0.1841 0.1307 0.2832 0.2066 
   HI_SS0350  8 0.1847 0.3633 0.1679 0.0634 0.2207 
   HI_SS0351  8 0.1063 0.4323 0.1718 0.1505 0.1390 
   HI_SS0352  8 0.1885 0.3169 0.2008 0.1195 0.1742 
   HI_SS0362  8 0.1642 0.1199 0.1477 0.1530 0.4152 
   HI_SS0363  8 0.0975 0.1535 0.4640 0.1776 0.1074 
   HI_SS0365  8 0.1566 0.1473 0.3419 0.2490 0.1052 
   HI_SS0366  8 0.0893 0.1274 0.2765 0.3479 0.1589 
   HI_SS0367  8 0.3390 0.2805 0.1357 0.1039 0.1409 
   HI_SS0369  8 0.2792 0.1978 0.1422 0.1121 0.2687 
   HI_SS0370  8 0.2262 0.1359 0.4360 0.1172 0.0848 
   HI_SS0371  8 0.1455 0.1393 0.1175 0.3720 0.2257 
   HI_SS0373  8 0.2608 0.1209 0.2222 0.1854 0.2107 
   HI_SS0374  8 0.2914 0.2013 0.1714 0.1399 0.1960 
   HI_SS0377  8 0.0900 0.3915 0.1009 0.2060 0.2117 
   HI_SS0379  8 0.0802 0.1943 0.1049 0.5385 0.0822 
   HI_SS0380  8 0.2305 0.2563 0.1647 0.1546 0.1939 
   HI_SS0381  8 0.1072 0.2892 0.2058 0.0990 0.2989 
   HI_SS0384  8 0.2997 0.1116 0.2068 0.2549 0.1269 
   HI_SS0385  8 0.3255 0.0938 0.0487 0.3428 0.1892 
