

----------------------------------------------------
STRUCTURE by Pritchard, Stephens and Donnelly (2000)
     and Falush, Stephens and Pritchard (2003)
       Code by Pritchard, Falush and Hubisz
             Version 2.3.4 (Jul 2012)
----------------------------------------------------



Command line arguments:   /home/genobiwan/Documents/Programs/Structure/structure -m parameter_job_k4_r9 
Input File:    /media/genobiwan/Storage/Projets/Mackerel_NWA_2021/data_job_k4_r9

Run parameters:
   557 individuals
   3930 loci
   4 populations assumed
   100000 Burn-in period
   200000 Reps


--------------------------------------------
Proportion of membership of each pre-defined
 population in each of the 4 clusters

Given    Inferred Clusters              Number of
 Pop       1      2      3      4      Individuals

  1:     0.238  0.229  0.273  0.261       67
  2:     0.302  0.212  0.225  0.261       32
  3:     0.226  0.230  0.273  0.271       92
  4:     0.248  0.274  0.250  0.228       36
  5:     0.232  0.265  0.268  0.234       41
  6:     0.246  0.263  0.244  0.247      158
  7:     0.251  0.250  0.246  0.253       79
  8:     0.224  0.265  0.255  0.257       52
--------------------------------------------

Allele-freq. divergence among pops (Net nucleotide distance),
computed using point estimates of P.

      1       2       3       4      
 1      -    0.0024  0.0019  0.0021  
 2   0.0024     -    0.0020  0.0024  
 3   0.0019  0.0020     -    0.0016  
 4   0.0021  0.0024  0.0016     -    

Average distances (expected heterozygosity) between individuals in same cluster:
cluster  1  : 0.3142 
cluster  2  : 0.3125 
cluster  3  : 0.3132 
cluster  4  : 0.3122 

--------------------------------------------
Estimated Ln Prob of Data   = -2070165.7
Mean value of ln likelihood = -2063312.4
Variance of ln likelihood   = 13706.5
Mean value of alpha         = 1.7088

Mean value of Fst_1         = 0.0236
Mean value of Fst_2         = 0.0239
Mean value of Fst_3         = 0.0188
Mean value of Fst_4         = 0.0222


Inferred ancestry of individuals:
        Label (%Miss) Pop:  Inferred clusters
  1 NS_SS0963    (4)    1 :  0.191 0.153 0.460 0.195 
  2 NS_SS0983    (1)    1 :  0.122 0.470 0.200 0.207 
  3 NS_SS0719    (8)    1 :  0.199 0.256 0.263 0.282 
  4 NS_SS1001    (8)    1 :  0.421 0.122 0.156 0.302 
  5 NS_SS0936    (4)    1 :  0.367 0.139 0.378 0.116 
  6 NS_SS0955    (5)    1 :  0.123 0.300 0.355 0.222 
  7 NS_SS0944    (3)    1 :  0.218 0.237 0.334 0.211 
  8 NS_SS0945    (3)    1 :  0.364 0.274 0.160 0.203 
  9 NS_SS0922    (2)    1 :  0.426 0.125 0.198 0.251 
 10 NS_SS0929    (7)    1 :  0.168 0.320 0.311 0.201 
 11 NS_SS0956    (2)    1 :  0.248 0.113 0.156 0.484 
 12 NS_SS0906    (3)    1 :  0.156 0.267 0.376 0.201 
 13 NS_SS0721    (6)    1 :  0.156 0.190 0.157 0.497 
 14 NS_SS0982    (4)    1 :  0.179 0.166 0.396 0.259 
 15 NS_SS0923    (5)    1 :  0.268 0.184 0.276 0.272 
 16 NS_SS0905    (6)    1 :  0.202 0.233 0.227 0.338 
 17 NS_SS0925    (3)    1 :  0.268 0.112 0.367 0.254 
 18 NS_SS0947    (5)    1 :  0.325 0.166 0.344 0.165 
 19 NS_SS0926    (2)    1 :  0.119 0.433 0.260 0.187 
 20 NS_SS0918    (6)    1 :  0.154 0.112 0.386 0.348 
 21 NS_SS0966    (4)    1 :  0.209 0.163 0.405 0.223 
 22 NS_SS0938    (2)    1 :  0.457 0.144 0.248 0.151 
 23 NS_SS0917    (2)    1 :  0.249 0.397 0.169 0.186 
 24 NS_SS0957   (11)    1 :  0.160 0.199 0.215 0.425 
 25 NS_SS0987    (1)    1 :  0.099 0.168 0.161 0.572 
 26 NS_SS0717    (4)    1 :  0.347 0.127 0.180 0.346 
 27 NS_SS0986    (2)    1 :  0.133 0.273 0.215 0.379 
 28 NS_SS0953    (4)    1 :  0.279 0.124 0.337 0.259 
 29 NS_SS0907    (3)    1 :  0.140 0.220 0.474 0.166 
 30 NS_SS0974    (6)    1 :  0.287 0.249 0.333 0.132 
 31 NS_SS0989    (1)    1 :  0.247 0.460 0.173 0.121 
 32 NS_SS0991    (2)    1 :  0.075 0.260 0.297 0.368 
 33 NS_SS0994    (2)    1 :  0.235 0.567 0.110 0.088 
 34 NS_SS0931    (6)    1 :  0.113 0.351 0.232 0.303 
 35 NS_SS1000    (5)    1 :  0.390 0.140 0.301 0.168 
 36 NS_SS0919    (1)    1 :  0.112 0.275 0.468 0.145 
 37 NS_SS0949    (3)    1 :  0.229 0.394 0.201 0.175 
 38 NS_SS0960   (10)    1 :  0.110 0.300 0.310 0.280 
 39 NS_SS0716    (2)    1 :  0.277 0.123 0.087 0.513 
 40 NS_SS0924    (8)    1 :  0.138 0.271 0.360 0.231 
 41 NS_SS0935    (1)    1 :  0.132 0.378 0.159 0.331 
 42 NS_SS0952   (13)    1 :  0.131 0.358 0.346 0.164 
 43 NS_SS0962   (10)    1 :  0.293 0.156 0.262 0.289 
 44 NS_SS0973    (5)    1 :  0.180 0.189 0.458 0.174 
 45 NS_SS0722    (1)    1 :  0.551 0.102 0.207 0.139 
 46 NS_SS0979   (13)    1 :  0.193 0.141 0.280 0.386 
 47 NS_SS0993    (2)    1 :  0.323 0.105 0.328 0.244 
 48 NS_SS0958    (1)    1 :  0.212 0.372 0.197 0.218 
 49 NS_SS0988    (4)    1 :  0.118 0.262 0.395 0.225 
 50 NS_SS1003    (2)    1 :  0.124 0.100 0.386 0.390 
 51 NS_SS0976    (0)    1 :  0.158 0.346 0.302 0.194 
 52 NS_SS0964   (10)    1 :  0.414 0.108 0.161 0.316 
 53 NS_SS0939    (4)    1 :  0.392 0.098 0.073 0.436 
 54 NS_SS0990    (6)    1 :  0.267 0.313 0.148 0.271 
 55 NS_SS0984    (2)    1 :  0.470 0.105 0.180 0.244 
 56 NS_SS0980    (9)    1 :  0.329 0.140 0.416 0.115 
 57 NS_SS0978    (4)    1 :  0.356 0.179 0.328 0.137 
 58 NS_SS0951   (17)    1 :  0.102 0.252 0.185 0.460 
 59 NS_SS0913    (3)    1 :  0.290 0.154 0.155 0.402 
 60 NS_SS1002    (1)    1 :  0.193 0.122 0.565 0.121 
 61 NS_SS0948    (1)    1 :  0.169 0.250 0.306 0.275 
 62 NS_SS0916    (4)    1 :  0.368 0.295 0.158 0.179 
 63 NS_SS0995    (1)    1 :  0.317 0.192 0.192 0.299 
 64 NS_SS0927    (6)    1 :  0.297 0.372 0.179 0.153 
 65 NS_SS0992    (5)    1 :  0.366 0.263 0.275 0.096 
 66 NS_SS0912    (1)    1 :  0.114 0.248 0.194 0.444 
 67 NS_SS0981    (1)    1 :  0.128 0.139 0.390 0.343 
 68 NS_SS0729    (5)    2 :  0.223 0.450 0.255 0.072 
 69 NS_SS0967   (14)    2 :  0.183 0.145 0.518 0.153 
 70 NS_SS0941    (7)    2 :  0.445 0.182 0.164 0.209 
 71 NS_SS0768   (12)    2 :  0.175 0.176 0.298 0.351 
 72 NS_SS0726    (4)    2 :  0.327 0.314 0.271 0.088 
 73 NS_SS0763    (4)    2 :  0.259 0.375 0.219 0.147 
 74 NS_SS0730    (6)    2 :  0.320 0.153 0.212 0.315 
 75 NS_SS0774    (1)    2 :  0.422 0.118 0.304 0.157 
 76 NS_SS0723    (3)    2 :  0.275 0.092 0.407 0.226 
 77 NS_SS0940    (9)    2 :  0.337 0.292 0.122 0.250 
 78 NS_SS0762    (1)    2 :  0.516 0.082 0.156 0.246 
 79 NS_SS0766   (11)    2 :  0.401 0.235 0.088 0.276 
 80 NS_SS0724    (1)    2 :  0.215 0.128 0.290 0.367 
 81 NS_SS0769    (3)    2 :  0.227 0.228 0.285 0.260 
 82 NS_SS0777    (2)    2 :  0.132 0.317 0.218 0.333 
 83 NS_SS0734    (6)    2 :  0.244 0.259 0.136 0.361 
 84 NS_SS0737    (3)    2 :  0.635 0.099 0.114 0.152 
 85 NS_SS0732    (5)    2 :  0.136 0.122 0.226 0.516 
 86 NS_SS0728    (5)    2 :  0.401 0.198 0.153 0.248 
 87 NS_SS0735    (9)    2 :  0.400 0.144 0.191 0.265 
 88 NS_SS0725    (1)    2 :  0.474 0.128 0.196 0.202 
 89 NS_SS0788    (2)    2 :  0.197 0.221 0.372 0.211 
 90 NS_SS0778    (2)    2 :  0.145 0.310 0.277 0.269 
 91 NS_SS0792    (6)    2 :  0.198 0.275 0.202 0.325 
 92 NS_SS0943   (11)    2 :  0.111 0.322 0.360 0.207 
 93 NS_SS0791    (2)    2 :  0.281 0.317 0.089 0.313 
 94 NS_SS0790    (5)    2 :  0.202 0.066 0.314 0.418 
 95 NS_SS0731    (6)    2 :  0.200 0.143 0.155 0.502 
 96 NS_SS0727    (6)    2 :  0.459 0.342 0.101 0.099 
 97 NS_SS0779   (12)    2 :  0.235 0.221 0.228 0.316 
 98 NS_SS0776    (3)    2 :  0.399 0.202 0.168 0.231 
 99 NS_SS0775    (5)    2 :  0.481 0.114 0.125 0.280 
100 NS_SS0965    (3)    3 :  0.126 0.147 0.330 0.397 
101 NS_SS0754   (13)    3 :  0.156 0.347 0.178 0.319 
102 NS_SS0838    (5)    3 :  0.284 0.262 0.260 0.194 
103 NS_SS0839    (3)    3 :  0.386 0.105 0.236 0.274 
104 NS_SS0832    (4)    3 :  0.203 0.073 0.408 0.315 
105 NS_SS0820    (4)    3 :  0.205 0.107 0.318 0.370 
106 NS_SS0886    (9)    3 :  0.179 0.319 0.196 0.306 
107 NS_SS0748    (5)    3 :  0.135 0.281 0.314 0.269 
108 NS_SS0884    (9)    3 :  0.253 0.239 0.313 0.195 
109 NS_SS0752    (3)    3 :  0.371 0.183 0.280 0.166 
110 NS_SS0862    (1)    3 :  0.152 0.103 0.239 0.505 
111 NS_SS0787    (9)    3 :  0.101 0.582 0.171 0.146 
112 NS_SS0843    (6)    3 :  0.235 0.211 0.299 0.254 
113 NS_SS0856    (4)    3 :  0.428 0.243 0.144 0.184 
114 NS_SS0846    (2)    3 :  0.211 0.237 0.462 0.091 
115 NS_SS0825    (1)    3 :  0.151 0.237 0.344 0.267 
116 NS_SS0757    (3)    3 :  0.155 0.273 0.247 0.325 
117 NS_SS0876    (3)    3 :  0.335 0.187 0.237 0.242 
118 NS_SS0903    (9)    3 :  0.323 0.106 0.449 0.123 
119 NS_SS0875    (7)    3 :  0.226 0.217 0.162 0.395 
120 NS_SS0740    (5)    3 :  0.278 0.194 0.285 0.243 
121 NS_SS0811    (5)    3 :  0.168 0.102 0.162 0.568 
122 NS_SS0751    (1)    3 :  0.360 0.199 0.172 0.268 
123 NS_SS0891    (6)    3 :  0.358 0.202 0.211 0.230 
124 NS_SS0867    (2)    3 :  0.090 0.233 0.494 0.183 
125 NS_SS0890    (6)    3 :  0.269 0.217 0.277 0.237 
126 NS_SS0866   (11)    3 :  0.183 0.549 0.126 0.142 
127 NS_SS0755    (4)    3 :  0.177 0.187 0.352 0.284 
128 NS_SS0758    (4)    3 :  0.346 0.229 0.225 0.200 
129 NS_SS0840    (2)    3 :  0.230 0.090 0.424 0.256 
130 NS_SS0889    (4)    3 :  0.123 0.395 0.167 0.315 
131 NS_SS1010    (1)    3 :  0.158 0.198 0.437 0.207 
132 NS_SS0888    (5)    3 :  0.255 0.476 0.117 0.152 
133 NS_SS0837    (3)    3 :  0.124 0.111 0.379 0.386 
134 NS_SS0794    (9)    3 :  0.304 0.383 0.117 0.196 
135 NS_SS0823    (4)    3 :  0.358 0.114 0.358 0.171 
136 NS_SS0829    (7)    3 :  0.078 0.429 0.195 0.299 
137 NS_SS0844    (5)    3 :  0.111 0.081 0.648 0.160 
138 NS_SS1008    (5)    3 :  0.338 0.342 0.128 0.192 
139 NS_SS0881    (3)    3 :  0.206 0.287 0.229 0.277 
140 NS_SS0834    (6)    3 :  0.543 0.124 0.188 0.145 
141 NS_SS0744   (10)    3 :  0.215 0.230 0.340 0.215 
142 NS_SS0899    (7)    3 :  0.164 0.098 0.197 0.540 
143 NS_SS0804    (4)    3 :  0.229 0.080 0.325 0.365 
144 NS_SS0781   (10)    3 :  0.246 0.107 0.401 0.246 
145 NS_SS0822    (6)    3 :  0.333 0.237 0.237 0.193 
146 NS_SS1004    (4)    3 :  0.180 0.159 0.450 0.211 
147 NS_SS0746    (5)    3 :  0.233 0.215 0.401 0.150 
148 NS_SS0880    (3)    3 :  0.254 0.148 0.404 0.195 
149 NS_SS0879    (4)    3 :  0.351 0.154 0.257 0.239 
150 NS_SS0753    (2)    3 :  0.106 0.301 0.248 0.345 
151 NS_SS1007    (2)    3 :  0.493 0.209 0.157 0.141 
152 NS_SS0872    (5)    3 :  0.306 0.154 0.316 0.224 
153 NS_SS1005    (7)    3 :  0.238 0.138 0.465 0.159 
154 NS_SS0892    (6)    3 :  0.273 0.228 0.222 0.277 
155 NS_SS0898    (0)    3 :  0.179 0.282 0.238 0.301 
156 NS_SS0801    (9)    3 :  0.130 0.190 0.270 0.410 
157 NS_SS0827    (8)    3 :  0.089 0.267 0.187 0.456 
158 NS_SS0853    (6)    3 :  0.108 0.266 0.155 0.471 
159 NS_SS0780    (2)    3 :  0.273 0.149 0.238 0.340 
160 NS_SS0826   (10)    3 :  0.093 0.182 0.549 0.175 
161 NS_SS0818    (5)    3 :  0.336 0.089 0.246 0.329 
162 NS_SS0745    (1)    3 :  0.467 0.082 0.072 0.379 
163 NS_SS0849    (3)    3 :  0.095 0.150 0.212 0.543 
164 NS_SS0739    (3)    3 :  0.250 0.240 0.163 0.347 
165 NS_SS0799    (1)    3 :  0.289 0.324 0.154 0.233 
166 NS_SS0756    (2)    3 :  0.140 0.097 0.499 0.263 
167 NS_SS0802    (2)    3 :  0.275 0.313 0.273 0.139 
168 NS_SS0747    (6)    3 :  0.204 0.216 0.400 0.181 
169 NS_SS0835    (1)    3 :  0.158 0.497 0.232 0.112 
170 NS_SS0742   (18)    3 :  0.235 0.181 0.310 0.274 
171 NS_SS0760    (9)    3 :  0.182 0.469 0.176 0.173 
172 NS_SS0803    (4)    3 :  0.247 0.096 0.513 0.144 
173 NS_SS0828   (13)    3 :  0.182 0.212 0.180 0.425 
174 NS_SS0865    (2)    3 :  0.104 0.235 0.352 0.309 
175 NS_SS0759    (4)    3 :  0.340 0.108 0.203 0.350 
176 NS_SS0851    (5)    3 :  0.169 0.111 0.152 0.567 
177 NS_SS0874   (16)    3 :  0.203 0.120 0.478 0.199 
178 NS_SS0761    (6)    3 :  0.100 0.400 0.233 0.267 
179 NS_SS0842   (25)    3 :  0.223 0.298 0.233 0.246 
180 NS_SS0785    (6)    3 :  0.185 0.295 0.317 0.203 
181 NS_SS0860   (11)    3 :  0.140 0.512 0.222 0.126 
182 NS_SS0897    (7)    3 :  0.131 0.528 0.123 0.218 
183 NS_SS0841   (14)    3 :  0.263 0.102 0.202 0.433 
184 NS_SS0797    (6)    3 :  0.104 0.310 0.239 0.347 
185 NS_SS0830   (10)    3 :  0.159 0.217 0.287 0.336 
186 NS_SS1011    (5)    3 :  0.161 0.118 0.505 0.216 
187 NS_SS0883    (5)    3 :  0.128 0.292 0.181 0.399 
188 NS_SS0782    (2)    3 :  0.416 0.258 0.160 0.167 
189 NS_SS0831    (5)    3 :  0.100 0.396 0.141 0.364 
190 NS_SS0749    (7)    3 :  0.253 0.248 0.136 0.362 
191 NS_SS0854    (2)    3 :  0.392 0.258 0.181 0.169 
192 HI_SS0193    (0)    4 :  0.319 0.326 0.126 0.230 
193 HI_SS0194    (0)    4 :  0.526 0.139 0.200 0.135 
194 HI_SS0195    (9)    4 :  0.245 0.090 0.185 0.480 
195 HI_SS0196    (6)    4 :  0.424 0.254 0.147 0.176 
196 HI_SS0197    (3)    4 :  0.284 0.192 0.391 0.133 
197 HI_SS0198    (1)    4 :  0.162 0.294 0.192 0.351 
198 HI_SS0199    (1)    4 :  0.369 0.366 0.147 0.118 
199 HI_SS0201    (4)    4 :  0.073 0.437 0.291 0.199 
200 HI_SS0215    (1)    4 :  0.082 0.450 0.264 0.204 
201 HI_SS0218    (1)    4 :  0.194 0.517 0.087 0.203 
202 HI_SS0222    (0)    4 :  0.309 0.236 0.136 0.318 
203 HI_SS0230    (1)    4 :  0.143 0.193 0.339 0.324 
204 HI_SS0234    (1)    4 :  0.417 0.216 0.282 0.085 
205 HI_SS0240    (1)    4 :  0.503 0.195 0.128 0.173 
206 HI_SS0241    (0)    4 :  0.164 0.407 0.252 0.177 
207 HI_SS0242    (0)    4 :  0.210 0.250 0.293 0.247 
208 HI_SS0247    (0)    4 :  0.137 0.164 0.443 0.256 
209 HI_SS0248    (1)    4 :  0.338 0.399 0.146 0.117 
210 HI_SS0252    (2)    4 :  0.395 0.145 0.195 0.264 
211 HI_SS0254    (1)    4 :  0.196 0.274 0.351 0.179 
212 HI_SS0256    (0)    4 :  0.301 0.051 0.442 0.207 
213 HI_SS0257    (0)    4 :  0.191 0.393 0.335 0.081 
214 HI_SS0258    (1)    4 :  0.182 0.395 0.175 0.248 
215 HI_SS0259    (1)    4 :  0.409 0.168 0.221 0.203 
216 HI_SS0260    (1)    4 :  0.274 0.427 0.156 0.143 
217 HI_SS0261    (2)    4 :  0.274 0.268 0.339 0.119 
218 HI_SS0262    (0)    4 :  0.217 0.188 0.234 0.362 
219 HI_SS0264    (1)    4 :  0.201 0.167 0.260 0.372 
220 HI_SS0265    (0)    4 :  0.184 0.177 0.310 0.330 
221 HI_SS0268    (1)    4 :  0.218 0.310 0.137 0.336 
222 HI_SS0269    (1)    4 :  0.158 0.534 0.237 0.071 
223 HI_SS0273    (0)    4 :  0.122 0.331 0.393 0.154 
224 HI_SS0277    (1)    4 :  0.132 0.152 0.501 0.215 
225 HI_SS0280    (0)    4 :  0.247 0.198 0.127 0.428 
226 HI_SS0282    (1)    4 :  0.170 0.286 0.326 0.218 
227 HI_SS0286    (1)    4 :  0.151 0.285 0.201 0.364 
228 NS_SS1252    (3)    5 :  0.140 0.565 0.133 0.162 
229 NS_SS1261    (1)    5 :  0.198 0.267 0.282 0.254 
230 NS_SS1225    (9)    5 :  0.105 0.304 0.438 0.153 
231 NS_SS1266    (1)    5 :  0.180 0.080 0.545 0.196 
232 NS_SS1228    (0)    5 :  0.172 0.159 0.136 0.533 
233 NS_SS1255    (2)    5 :  0.557 0.187 0.150 0.106 
234 NS_SS1267    (3)    5 :  0.123 0.620 0.089 0.168 
235 NS_SS1238    (6)    5 :  0.208 0.257 0.179 0.356 
236 NS_SS1233    (8)    5 :  0.131 0.110 0.438 0.321 
237 NS_SS1277    (3)    5 :  0.360 0.374 0.085 0.181 
238 NS_SS1245    (1)    5 :  0.273 0.254 0.332 0.141 
239 NS_SS1240    (4)    5 :  0.143 0.625 0.127 0.105 
240 NS_SS1275    (2)    5 :  0.259 0.087 0.372 0.283 
241 NS_SS1235    (1)    5 :  0.454 0.150 0.325 0.071 
242 NS_SS1263    (1)    5 :  0.363 0.112 0.303 0.222 
243 NS_SS1251    (1)    5 :  0.236 0.132 0.451 0.181 
244 NS_SS1248    (0)    5 :  0.082 0.171 0.097 0.650 
245 NS_SS1244    (0)    5 :  0.146 0.209 0.462 0.183 
246 NS_SS1257    (0)    5 :  0.234 0.421 0.142 0.202 
247 NS_SS1242    (2)    5 :  0.371 0.131 0.265 0.233 
248 NS_SS1271    (6)    5 :  0.148 0.559 0.138 0.155 
249 NS_SS1265    (1)    5 :  0.146 0.448 0.218 0.188 
250 NS_SS1243    (0)    5 :  0.294 0.152 0.116 0.438 
251 NS_SS1273    (1)    5 :  0.400 0.111 0.218 0.271 
252 NS_SS1254   (14)    5 :  0.217 0.143 0.386 0.254 
253 NS_SS1224    (1)    5 :  0.192 0.113 0.333 0.362 
254 NS_SS1227    (8)    5 :  0.247 0.414 0.216 0.122 
255 NS_SS1274    (8)    5 :  0.236 0.336 0.185 0.243 
256 NS_SS1241    (1)    5 :  0.160 0.290 0.377 0.173 
257 NS_SS1256    (3)    5 :  0.151 0.255 0.489 0.105 
258 NS_SS1260    (8)    5 :  0.187 0.455 0.220 0.138 
259 NS_SS1262    (0)    5 :  0.107 0.289 0.357 0.246 
260 NS_SS1230    (0)    5 :  0.207 0.297 0.258 0.238 
261 NS_SS1270    (2)    5 :  0.101 0.121 0.366 0.411 
262 NS_SS1229    (2)    5 :  0.500 0.133 0.300 0.068 
263 NS_SS1246    (5)    5 :  0.305 0.378 0.207 0.110 
264 NS_SS1269    (0)    5 :  0.284 0.197 0.225 0.294 
265 NS_SS1239    (1)    5 :  0.379 0.137 0.147 0.337 
266 NS_SS1272    (4)    5 :  0.158 0.193 0.484 0.165 
267 NS_SS1268    (1)    5 :  0.124 0.111 0.273 0.492 
268 NS_SS1249    (0)    5 :  0.244 0.513 0.139 0.105 
269 HI_SS0559    (0)    6 :  0.266 0.240 0.188 0.305 
270 HI_SS0563    (1)    6 :  0.194 0.223 0.347 0.237 
271 HI_SS0564    (0)    6 :  0.264 0.180 0.274 0.282 
272 HI_SS0565    (0)    6 :  0.157 0.290 0.389 0.164 
273 HI_SS0569    (0)    6 :  0.063 0.350 0.354 0.233 
274 HI_SS0570    (0)    6 :  0.198 0.465 0.107 0.231 
275 HI_SS0572    (1)    6 :  0.501 0.133 0.251 0.114 
276 HI_SS0576    (0)    6 :  0.259 0.132 0.142 0.467 
277 HI_SS0579    (1)    6 :  0.188 0.237 0.427 0.147 
278 HI_SS0580    (1)    6 :  0.307 0.365 0.130 0.198 
279 HI_SS0581    (0)    6 :  0.221 0.117 0.274 0.389 
280 HI_SS0583    (1)    6 :  0.253 0.471 0.170 0.107 
281 HI_SS0586    (1)    6 :  0.094 0.508 0.106 0.293 
282 HI_SS0588    (1)    6 :  0.178 0.353 0.257 0.212 
283 HI_SS0595    (4)    6 :  0.208 0.364 0.302 0.126 
284 HI_SS0596    (0)    6 :  0.590 0.111 0.139 0.161 
285 HI_SS0597    (1)    6 :  0.427 0.153 0.277 0.143 
286 HI_SS0600    (0)    6 :  0.202 0.336 0.264 0.199 
287 HI_SS0601    (1)    6 :  0.077 0.225 0.465 0.233 
288 HI_SS0602    (1)    6 :  0.174 0.346 0.094 0.386 
289 HI_SS0604    (0)    6 :  0.248 0.207 0.206 0.339 
290 HI_SS0605    (1)    6 :  0.209 0.282 0.149 0.359 
291 HI_SS0608    (0)    6 :  0.316 0.200 0.129 0.354 
292 HI_SS0609    (0)    6 :  0.242 0.122 0.479 0.158 
293 HI_SS0611    (5)    6 :  0.125 0.429 0.102 0.344 
294 HI_SS0612    (1)    6 :  0.215 0.200 0.510 0.076 
295 HI_SS0613    (1)    6 :  0.115 0.211 0.182 0.493 
296 HI_SS0615    (0)    6 :  0.444 0.098 0.165 0.293 
297 HI_SS0001    (1)    6 :  0.414 0.300 0.172 0.114 
298 HI_SS0002    (1)    6 :  0.261 0.113 0.442 0.184 
299 HI_SS0004    (0)    6 :  0.308 0.370 0.093 0.229 
300 HI_SS0005    (1)    6 :  0.128 0.182 0.153 0.538 
301 HI_SS0006    (1)    6 :  0.140 0.342 0.399 0.119 
302 HI_SS0007    (1)    6 :  0.135 0.300 0.088 0.477 
303 HI_SS0008    (0)    6 :  0.165 0.183 0.344 0.307 
304 HI_SS0009    (0)    6 :  0.363 0.109 0.124 0.403 
305 HI_SS0010    (1)    6 :  0.140 0.284 0.180 0.396 
306 HI_SS0011    (1)    6 :  0.110 0.135 0.503 0.252 
307 HI_SS0012    (0)    6 :  0.255 0.126 0.380 0.239 
308 HI_SS0017    (1)    6 :  0.588 0.142 0.118 0.152 
309 HI_SS0021    (1)    6 :  0.151 0.401 0.212 0.235 
310 HI_SS0024    (1)    6 :  0.311 0.152 0.200 0.337 
311 HI_SS0025    (1)    6 :  0.408 0.129 0.178 0.285 
312 HI_SS0027    (0)    6 :  0.162 0.321 0.198 0.319 
313 HI_SS0028    (0)    6 :  0.175 0.090 0.266 0.469 
314 HI_SS0029    (1)    6 :  0.343 0.275 0.128 0.255 
315 HI_SS0030    (2)    6 :  0.261 0.258 0.265 0.216 
316 HI_SS0031    (0)    6 :  0.265 0.181 0.429 0.125 
317 HI_SS0034    (0)    6 :  0.218 0.393 0.265 0.124 
318 HI_SS0036    (0)    6 :  0.153 0.479 0.097 0.271 
319 HI_SS0037    (1)    6 :  0.109 0.465 0.151 0.275 
320 HI_SS0039    (0)    6 :  0.109 0.326 0.155 0.411 
321 HI_SS0041    (1)    6 :  0.311 0.142 0.128 0.419 
322 HI_SS0042    (1)    6 :  0.344 0.132 0.247 0.278 
323 HI_SS0043    (1)    6 :  0.097 0.537 0.182 0.184 
324 HI_SS0044    (1)    6 :  0.432 0.334 0.093 0.141 
325 HI_SS0047    (1)    6 :  0.341 0.140 0.233 0.286 
326 HI_SS0049    (0)    6 :  0.470 0.154 0.183 0.192 
327 HI_SS0051    (1)    6 :  0.103 0.166 0.303 0.428 
328 HI_SS0053    (1)    6 :  0.173 0.461 0.240 0.126 
329 HI_SS0054    (4)    6 :  0.077 0.346 0.323 0.254 
330 HI_SS0057    (0)    6 :  0.195 0.149 0.209 0.448 
331 HI_SS0058    (0)    6 :  0.209 0.371 0.206 0.214 
332 HI_SS0060    (0)    6 :  0.131 0.167 0.283 0.419 
333 HI_SS0087    (1)    6 :  0.210 0.273 0.369 0.148 
334 HI_SS0091    (0)    6 :  0.125 0.529 0.271 0.076 
335 HI_SS0095    (1)    6 :  0.219 0.281 0.311 0.189 
336 HI_SS0097    (3)    6 :  0.129 0.148 0.543 0.180 
337 HI_SS0099    (0)    6 :  0.344 0.211 0.136 0.309 
338 HI_SS0103    (0)    6 :  0.386 0.194 0.300 0.119 
339 HI_SS0105    (1)    6 :  0.126 0.203 0.433 0.238 
340 HI_SS0107    (1)    6 :  0.550 0.090 0.231 0.128 
341 HI_SS0108    (1)    6 :  0.129 0.601 0.127 0.143 
342 HI_SS0110    (0)    6 :  0.291 0.280 0.318 0.111 
343 HI_SS0111    (1)    6 :  0.241 0.249 0.216 0.295 
344 HI_SS0112    (0)    6 :  0.158 0.546 0.138 0.158 
345 HI_SS0113    (1)    6 :  0.393 0.113 0.282 0.213 
346 HI_SS0114    (1)    6 :  0.095 0.370 0.179 0.356 
347 HI_SS0115    (1)    6 :  0.375 0.230 0.164 0.231 
348 HI_SS0116    (4)    6 :  0.380 0.407 0.108 0.104 
349 HI_SS0117    (0)    6 :  0.139 0.303 0.461 0.097 
350 HI_SS0118    (0)    6 :  0.183 0.386 0.297 0.134 
351 HI_SS0119    (1)    6 :  0.116 0.301 0.401 0.183 
352 HI_SS0120    (1)    6 :  0.561 0.103 0.227 0.109 
353 HI_SS0121    (1)    6 :  0.086 0.119 0.398 0.396 
354 HI_SS0122    (2)    6 :  0.192 0.277 0.261 0.269 
355 HI_SS0123    (0)    6 :  0.219 0.230 0.434 0.117 
356 HI_SS0124    (1)    6 :  0.495 0.097 0.124 0.284 
357 HI_SS0125    (1)    6 :  0.341 0.109 0.171 0.379 
358 HI_SS0126    (0)    6 :  0.293 0.472 0.115 0.121 
359 HI_SS0127    (0)    6 :  0.102 0.175 0.210 0.513 
360 HI_SS0128    (0)    6 :  0.413 0.185 0.276 0.126 
361 HI_SS0129    (1)    6 :  0.285 0.378 0.123 0.214 
362 HI_SS0131    (2)    6 :  0.081 0.301 0.253 0.366 
363 HI_SS0132    (0)    6 :  0.155 0.223 0.348 0.274 
364 HI_SS0133    (1)    6 :  0.170 0.569 0.107 0.153 
365 HI_SS0134    (1)    6 :  0.211 0.256 0.362 0.171 
366 HI_SS0142    (3)    6 :  0.125 0.199 0.457 0.219 
367 HI_SS0145    (0)    6 :  0.276 0.266 0.321 0.137 
368 HI_SS0146    (1)    6 :  0.181 0.311 0.267 0.241 
369 HI_SS0147    (1)    6 :  0.131 0.119 0.308 0.443 
370 HI_SS0149    (1)    6 :  0.124 0.234 0.493 0.149 
371 HI_SS0150    (2)    6 :  0.306 0.120 0.179 0.395 
372 HI_SS0151    (0)    6 :  0.389 0.244 0.143 0.224 
373 NS_SS1451    (1)    6 :  0.382 0.101 0.152 0.365 
374 NS_SS1404    (0)    6 :  0.177 0.190 0.174 0.459 
375 NS_SS1432    (2)    6 :  0.431 0.140 0.178 0.252 
376 NS_SS1405    (4)    6 :  0.390 0.231 0.150 0.228 
377 NS_SS1431   (10)    6 :  0.398 0.114 0.250 0.238 
378 NS_SS1402    (3)    6 :  0.245 0.281 0.349 0.125 
379 NS_SS1450    (3)    6 :  0.350 0.329 0.118 0.203 
380 NS_SS1396    (0)    6 :  0.215 0.234 0.242 0.310 
381 NS_SS1393    (5)    6 :  0.235 0.330 0.174 0.261 
382 NS_SS1392   (10)    6 :  0.493 0.153 0.084 0.270 
383 NS_SS1445    (0)    6 :  0.116 0.401 0.267 0.216 
384 NS_SS1423    (0)    6 :  0.299 0.308 0.279 0.114 
385 NS_SS1421    (9)    6 :  0.215 0.297 0.298 0.190 
386 NS_SS1411    (6)    6 :  0.118 0.330 0.093 0.459 
387 NS_SS1453    (5)    6 :  0.166 0.376 0.247 0.212 
388 NS_SS1442    (2)    6 :  0.204 0.203 0.318 0.275 
389 NS_SS1422    (1)    6 :  0.311 0.181 0.386 0.122 
390 NS_SS1419    (1)    6 :  0.118 0.153 0.341 0.388 
391 NS_SS1427    (0)    6 :  0.348 0.489 0.070 0.093 
392 NS_SS1444    (3)    6 :  0.220 0.155 0.227 0.398 
393 NS_SS1455    (0)    6 :  0.387 0.112 0.345 0.156 
394 NS_SS1425    (2)    6 :  0.096 0.497 0.208 0.200 
395 NS_SS1400    (0)    6 :  0.127 0.380 0.239 0.255 
396 NS_SS1406    (1)    6 :  0.183 0.090 0.555 0.172 
397 NS_SS1417    (6)    6 :  0.207 0.246 0.347 0.200 
398 NS_SS1454    (2)    6 :  0.134 0.364 0.243 0.259 
399 NS_SS1412    (1)    6 :  0.241 0.319 0.184 0.255 
400 NS_SS1438    (1)    6 :  0.087 0.426 0.228 0.260 
401 NS_SS1416    (4)    6 :  0.190 0.244 0.282 0.284 
402 NS_SS1401    (0)    6 :  0.221 0.295 0.324 0.161 
403 NS_SS1424    (6)    6 :  0.179 0.277 0.348 0.196 
404 NS_SS1435    (9)    6 :  0.342 0.213 0.113 0.332 
405 NS_SS1447    (4)    6 :  0.179 0.147 0.317 0.356 
406 NS_SS1414    (3)    6 :  0.228 0.128 0.220 0.424 
407 NS_SS1449   (14)    6 :  0.365 0.195 0.256 0.184 
408 NS_SS1443    (4)    6 :  0.287 0.379 0.254 0.081 
409 NS_SS1434    (1)    6 :  0.556 0.201 0.153 0.090 
410 NS_SS1398    (1)    6 :  0.400 0.186 0.135 0.279 
411 NS_SS1426    (1)    6 :  0.174 0.472 0.181 0.173 
412 NS_SS1413    (0)    6 :  0.327 0.339 0.201 0.132 
413 NS_SS1395    (1)    6 :  0.198 0.404 0.255 0.143 
414 NS_SS1448   (10)    6 :  0.238 0.275 0.100 0.386 
415 NS_SS1446    (0)    6 :  0.201 0.404 0.247 0.148 
416 NS_SS1403    (2)    6 :  0.275 0.218 0.277 0.231 
417 NS_SS1415    (0)    6 :  0.201 0.369 0.164 0.266 
418 NS_SS1437    (4)    6 :  0.218 0.192 0.314 0.276 
419 NS_SS1439    (2)    6 :  0.187 0.221 0.438 0.154 
420 NS_SS1441    (3)    6 :  0.295 0.356 0.227 0.121 
421 NS_SS1420    (2)    6 :  0.177 0.111 0.086 0.627 
422 NS_SS1394    (2)    6 :  0.223 0.131 0.174 0.471 
423 NS_SS1391    (7)    6 :  0.454 0.315 0.130 0.101 
424 NS_SS1410    (5)    6 :  0.251 0.351 0.220 0.179 
425 NS_SS1408    (1)    6 :  0.193 0.173 0.374 0.260 
426 NS_SS1409    (1)    6 :  0.444 0.300 0.162 0.094 
427 HI_SS0617    (1)    7 :  0.361 0.338 0.146 0.155 
428 HI_SS0618    (2)    7 :  0.320 0.162 0.178 0.340 
429 HI_SS0619    (0)    7 :  0.357 0.260 0.132 0.251 
430 HI_SS0620    (1)    7 :  0.162 0.457 0.100 0.281 
431 HI_SS0621    (3)    7 :  0.302 0.163 0.299 0.237 
432 HI_SS0622    (1)    7 :  0.207 0.209 0.341 0.244 
433 HI_SS0626    (0)    7 :  0.127 0.222 0.126 0.524 
434 HI_SS0627    (0)    7 :  0.313 0.178 0.271 0.237 
435 HI_SS0628    (3)    7 :  0.199 0.411 0.148 0.243 
436 HI_SS0629    (1)    7 :  0.135 0.319 0.274 0.271 
437 HI_SS0630    (1)    7 :  0.239 0.310 0.151 0.299 
438 HI_SS0631    (0)    7 :  0.172 0.300 0.160 0.368 
439 HI_SS0632    (0)    7 :  0.144 0.190 0.222 0.444 
440 HI_SS0633    (0)    7 :  0.530 0.183 0.142 0.144 
441 HI_SS0634    (1)    7 :  0.200 0.252 0.203 0.345 
442 HI_SS0635    (0)    7 :  0.235 0.136 0.227 0.403 
443 HI_SS0637    (1)    7 :  0.099 0.222 0.384 0.295 
444 HI_SS0638    (0)    7 :  0.317 0.226 0.203 0.254 
445 HI_SS0639    (1)    7 :  0.254 0.135 0.262 0.348 
446 HI_SS0640    (1)    7 :  0.255 0.175 0.310 0.260 
447 HI_SS0641    (1)    7 :  0.096 0.385 0.124 0.395 
448 HI_SS0642    (0)    7 :  0.262 0.135 0.386 0.217 
449 HI_SS0645    (0)    7 :  0.232 0.088 0.135 0.545 
450 HI_SS0646    (1)    7 :  0.403 0.197 0.297 0.104 
451 HI_SS0647    (1)    7 :  0.365 0.183 0.244 0.208 
452 HI_SS0648    (0)    7 :  0.257 0.203 0.250 0.290 
453 HI_SS0649    (1)    7 :  0.276 0.276 0.240 0.208 
454 HI_SS0650    (1)    7 :  0.564 0.148 0.137 0.151 
455 HI_SS0651    (1)    7 :  0.272 0.217 0.285 0.226 
456 HI_SS0652    (1)    7 :  0.268 0.113 0.119 0.501 
457 NS_SS1371    (3)    7 :  0.258 0.344 0.297 0.101 
458 NS_SS1374    (0)    7 :  0.191 0.394 0.155 0.260 
459 NS_SS1337    (3)    7 :  0.250 0.122 0.267 0.360 
460 NS_SS1385    (5)    7 :  0.367 0.206 0.298 0.129 
461 NS_SS1388    (0)    7 :  0.311 0.290 0.140 0.259 
462 NS_SS1370    (1)    7 :  0.086 0.096 0.128 0.691 
463 NS_SS1389    (3)    7 :  0.319 0.185 0.113 0.382 
464 NS_SS1360    (1)    7 :  0.118 0.297 0.218 0.366 
465 NS_SS1330    (0)    7 :  0.258 0.115 0.278 0.349 
466 NS_SS1328    (8)    7 :  0.450 0.308 0.159 0.083 
467 NS_SS1384    (1)    7 :  0.134 0.244 0.401 0.221 
468 NS_SS1381    (0)    7 :  0.589 0.094 0.174 0.143 
469 NS_SS1375    (1)    7 :  0.462 0.164 0.089 0.284 
470 NS_SS1319   (10)    7 :  0.265 0.255 0.220 0.260 
471 NS_SS1326    (2)    7 :  0.310 0.449 0.099 0.142 
472 NS_SS1341    (1)    7 :  0.123 0.346 0.362 0.169 
473 NS_SS1383    (1)    7 :  0.183 0.228 0.277 0.312 
474 NS_SS1318    (3)    7 :  0.239 0.214 0.188 0.359 
475 NS_SS1348    (2)    7 :  0.119 0.433 0.277 0.171 
476 NS_SS1363    (0)    7 :  0.188 0.147 0.327 0.339 
477 NS_SS1335    (4)    7 :  0.082 0.282 0.382 0.254 
478 NS_SS1358    (0)    7 :  0.155 0.263 0.447 0.135 
479 NS_SS1342    (1)    7 :  0.162 0.326 0.427 0.085 
480 NS_SS1320    (2)    7 :  0.623 0.055 0.218 0.104 
481 NS_SS1355    (1)    7 :  0.248 0.142 0.370 0.240 
482 NS_SS1345    (1)    7 :  0.149 0.081 0.597 0.174 
483 NS_SS1324    (0)    7 :  0.175 0.344 0.221 0.260 
484 NS_SS1347    (5)    7 :  0.220 0.208 0.386 0.186 
485 NS_SS1321    (4)    7 :  0.154 0.416 0.221 0.209 
486 NS_SS1333    (0)    7 :  0.215 0.434 0.165 0.186 
487 NS_SS1364    (1)    7 :  0.129 0.276 0.436 0.159 
488 NS_SS1379    (0)    7 :  0.364 0.174 0.236 0.226 
489 NS_SS1332    (0)    7 :  0.150 0.481 0.189 0.180 
490 NS_SS1338    (5)    7 :  0.126 0.292 0.167 0.415 
491 NS_SS1368    (6)    7 :  0.146 0.363 0.376 0.115 
492 NS_SS1354    (1)    7 :  0.182 0.202 0.425 0.191 
493 NS_SS1365    (0)    7 :  0.265 0.152 0.254 0.329 
494 NS_SS1380    (1)    7 :  0.176 0.121 0.422 0.281 
495 NS_SS1329    (8)    7 :  0.153 0.327 0.438 0.083 
496 NS_SS1362    (0)    7 :  0.292 0.226 0.324 0.158 
497 NS_SS1327    (2)    7 :  0.124 0.670 0.074 0.132 
498 NS_SS1350    (0)    7 :  0.533 0.287 0.098 0.082 
499 NS_SS1387    (2)    7 :  0.147 0.192 0.149 0.511 
500 NS_SS1369    (8)    7 :  0.130 0.321 0.316 0.234 
501 NS_SS1331    (1)    7 :  0.197 0.273 0.140 0.390 
502 NS_SS1357    (4)    7 :  0.554 0.256 0.116 0.074 
503 NS_SS1386    (1)    7 :  0.097 0.509 0.308 0.086 
504 NS_SS1353    (2)    7 :  0.462 0.202 0.190 0.146 
505 NS_SS1323    (0)    7 :  0.308 0.114 0.390 0.188 
506 HI_SS0296    (0)    8 :  0.193 0.319 0.126 0.363 
507 HI_SS0297    (0)    8 :  0.445 0.165 0.214 0.175 
508 HI_SS0299    (0)    8 :  0.176 0.239 0.328 0.257 
509 HI_SS0300    (0)    8 :  0.189 0.211 0.235 0.365 
510 HI_SS0301    (0)    8 :  0.069 0.148 0.254 0.529 
511 HI_SS0302    (0)    8 :  0.112 0.287 0.164 0.437 
512 HI_SS0303    (0)    8 :  0.312 0.401 0.163 0.125 
513 HI_SS0304    (0)    8 :  0.350 0.200 0.105 0.345 
514 HI_SS0306    (5)    8 :  0.146 0.364 0.157 0.333 
515 HI_SS0307    (1)    8 :  0.259 0.156 0.319 0.266 
516 HI_SS0308    (1)    8 :  0.143 0.158 0.362 0.338 
517 HI_SS0309    (0)    8 :  0.132 0.143 0.490 0.235 
518 HI_SS0310    (0)    8 :  0.349 0.216 0.182 0.254 
519 HI_SS0311    (3)    8 :  0.145 0.201 0.240 0.414 
520 HI_SS0314    (0)    8 :  0.453 0.216 0.180 0.151 
521 HI_SS0316    (1)    8 :  0.225 0.335 0.238 0.202 
522 HI_SS0317    (3)    8 :  0.176 0.195 0.294 0.335 
523 HI_SS0318    (1)    8 :  0.127 0.446 0.213 0.214 
524 HI_SS0319    (0)    8 :  0.134 0.566 0.212 0.088 
525 HI_SS0320    (3)    8 :  0.378 0.160 0.170 0.292 
526 HI_SS0321    (0)    8 :  0.230 0.339 0.251 0.180 
527 HI_SS0323    (1)    8 :  0.195 0.381 0.146 0.278 
528 HI_SS0325    (2)    8 :  0.124 0.333 0.166 0.376 
529 HI_SS0327    (1)    8 :  0.330 0.343 0.270 0.058 
530 HI_SS0329    (1)    8 :  0.245 0.183 0.185 0.388 
531 HI_SS0333    (1)    8 :  0.255 0.277 0.217 0.251 
532 HI_SS0334    (1)    8 :  0.130 0.371 0.289 0.210 
533 HI_SS0335    (1)    8 :  0.203 0.109 0.499 0.189 
534 HI_SS0339    (0)    8 :  0.189 0.138 0.315 0.357 
535 HI_SS0343    (2)    8 :  0.264 0.118 0.504 0.114 
536 HI_SS0344    (1)    8 :  0.137 0.617 0.130 0.116 
537 HI_SS0345    (3)    8 :  0.138 0.184 0.331 0.347 
538 HI_SS0346    (0)    8 :  0.171 0.308 0.219 0.302 
539 HI_SS0350    (1)    8 :  0.186 0.074 0.487 0.254 
540 HI_SS0351    (0)    8 :  0.137 0.164 0.561 0.138 
541 HI_SS0352    (3)    8 :  0.234 0.167 0.367 0.232 
542 HI_SS0362    (0)    8 :  0.153 0.189 0.147 0.511 
543 HI_SS0363    (1)    8 :  0.253 0.402 0.233 0.112 
544 HI_SS0365    (0)    8 :  0.248 0.368 0.256 0.128 
545 HI_SS0366    (0)    8 :  0.157 0.514 0.168 0.161 
546 HI_SS0367    (1)    8 :  0.337 0.140 0.304 0.219 
547 HI_SS0369    (1)    8 :  0.278 0.129 0.203 0.390 
548 HI_SS0370    (0)    8 :  0.513 0.209 0.193 0.085 
549 HI_SS0371    (4)    8 :  0.140 0.400 0.142 0.318 
550 HI_SS0373    (3)    8 :  0.318 0.247 0.168 0.267 
551 HI_SS0374    (0)    8 :  0.331 0.175 0.250 0.243 
552 HI_SS0377    (0)    8 :  0.097 0.205 0.487 0.210 
553 HI_SS0379    (1)    8 :  0.080 0.639 0.182 0.099 
554 HI_SS0380    (1)    8 :  0.280 0.171 0.322 0.227 
555 HI_SS0381    (2)    8 :  0.150 0.117 0.392 0.340 
556 HI_SS0384    (3)    8 :  0.381 0.346 0.116 0.158 
557 HI_SS0385    (1)    8 :  0.225 0.291 0.097 0.387 


Estimated Allele Frequencies in each cluster
First column gives estimated ancestral frequencies


Locus 1 : 
2 alleles
3.4% missing data
   1   (0.736) 0.767 0.731 0.757 0.699 
   2   (0.264) 0.233 0.269 0.243 0.301 

Locus 2 : 
2 alleles
4.3% missing data
   1   (0.885) 0.855 0.909 0.886 0.907 
   2   (0.115) 0.145 0.091 0.114 0.093 

Locus 3 : 
2 alleles
3.9% missing data
   1   (0.863) 0.859 0.865 0.885 0.860 
   2   (0.137) 0.141 0.135 0.115 0.140 

Locus 4 : 
2 alleles
2.7% missing data
   1   (0.886) 0.905 0.899 0.879 0.886 
   2   (0.114) 0.095 0.101 0.121 0.114 

Locus 5 : 
2 alleles
2.7% missing data
   1   (0.822) 0.814 0.807 0.848 0.830 
   2   (0.178) 0.186 0.193 0.152 0.170 

Locus 6 : 
2 alleles
3.2% missing data
   1   (0.791) 0.803 0.761 0.798 0.815 
   2   (0.209) 0.197 0.239 0.202 0.185 

Locus 7 : 
2 alleles
3.8% missing data
   1   (0.803) 0.841 0.794 0.807 0.788 
   2   (0.197) 0.159 0.206 0.193 0.212 

Locus 8 : 
2 alleles
4.8% missing data
   1   (0.705) 0.684 0.692 0.724 0.727 
   2   (0.295) 0.316 0.308 0.276 0.273 

Locus 9 : 
2 alleles
3.1% missing data
   1   (0.792) 0.808 0.755 0.804 0.812 
   2   (0.208) 0.192 0.245 0.196 0.188 

Locus 10 : 
2 alleles
4.7% missing data
   1   (0.888) 0.922 0.882 0.878 0.893 
   2   (0.112) 0.078 0.118 0.122 0.107 

Locus 11 : 
2 alleles
3.2% missing data
   1   (0.863) 0.890 0.831 0.887 0.856 
   2   (0.137) 0.110 0.169 0.113 0.144 

Locus 12 : 
2 alleles
4.8% missing data
   1   (0.730) 0.708 0.744 0.738 0.742 
   2   (0.270) 0.292 0.256 0.262 0.258 

Locus 13 : 
2 alleles
4.7% missing data
   1   (0.885) 0.907 0.879 0.894 0.883 
   2   (0.115) 0.093 0.121 0.106 0.117 

Locus 14 : 
2 alleles
3.9% missing data
   1   (0.875) 0.904 0.871 0.868 0.879 
   2   (0.125) 0.096 0.129 0.132 0.121 

Locus 15 : 
2 alleles
3.9% missing data
   1   (0.505) 0.485 0.527 0.495 0.515 
   2   (0.495) 0.515 0.473 0.505 0.485 

Locus 16 : 
2 alleles
4.3% missing data
   1   (0.607) 0.595 0.565 0.591 0.679 
   2   (0.393) 0.405 0.435 0.409 0.321 

Locus 17 : 
2 alleles
4.1% missing data
   1   (0.773) 0.761 0.760 0.786 0.798 
   2   (0.227) 0.239 0.240 0.214 0.202 

Locus 18 : 
2 alleles
2.3% missing data
   1   (0.893) 0.893 0.920 0.882 0.901 
   2   (0.107) 0.107 0.080 0.118 0.099 

Locus 19 : 
2 alleles
4.3% missing data
   1   (0.710) 0.703 0.693 0.709 0.744 
   2   (0.290) 0.297 0.307 0.291 0.256 

Locus 20 : 
2 alleles
3.2% missing data
   1   (0.883) 0.904 0.907 0.830 0.911 
   2   (0.117) 0.096 0.093 0.170 0.089 

Locus 21 : 
2 alleles
3.4% missing data
   1   (0.561) 0.568 0.473 0.621 0.567 
   2   (0.439) 0.432 0.527 0.379 0.433 

Locus 22 : 
2 alleles
4.8% missing data
   1   (0.854) 0.853 0.848 0.874 0.858 
   2   (0.146) 0.147 0.152 0.126 0.142 

Locus 23 : 
2 alleles
4.3% missing data
   1   (0.883) 0.848 0.890 0.916 0.888 
   2   (0.117) 0.152 0.110 0.084 0.112 

Locus 24 : 
2 alleles
3.2% missing data
   1   (0.542) 0.518 0.540 0.543 0.569 
   2   (0.458) 0.482 0.460 0.457 0.431 

Locus 25 : 
2 alleles
4.3% missing data
   2   (0.469) 0.497 0.488 0.431 0.469 
   1   (0.531) 0.503 0.512 0.569 0.531 

Locus 26 : 
2 alleles
4.3% missing data
   1   (0.840) 0.817 0.865 0.840 0.855 
   2   (0.160) 0.183 0.135 0.160 0.145 

Locus 27 : 
2 alleles
2.2% missing data
   1   (0.600) 0.575 0.635 0.587 0.612 
   2   (0.400) 0.425 0.365 0.413 0.388 

Locus 28 : 
2 alleles
4.1% missing data
   1   (0.861) 0.900 0.877 0.815 0.873 
   2   (0.139) 0.100 0.123 0.185 0.127 

Locus 29 : 
2 alleles
1.8% missing data
   1   (0.880) 0.883 0.884 0.899 0.872 
   2   (0.120) 0.117 0.116 0.101 0.128 

Locus 30 : 
2 alleles
4.5% missing data
   1   (0.865) 0.863 0.877 0.864 0.881 
   2   (0.135) 0.137 0.123 0.136 0.119 

Locus 31 : 
2 alleles
4.3% missing data
   1   (0.787) 0.815 0.801 0.749 0.806 
   2   (0.213) 0.185 0.199 0.251 0.194 

Locus 32 : 
2 alleles
2.0% missing data
   1   (0.734) 0.737 0.744 0.706 0.768 
   2   (0.266) 0.263 0.256 0.294 0.232 

Locus 33 : 
2 alleles
3.6% missing data
   1   (0.761) 0.817 0.736 0.737 0.769 
   2   (0.239) 0.183 0.264 0.263 0.231 

Locus 34 : 
2 alleles
3.6% missing data
   1   (0.810) 0.833 0.833 0.816 0.776 
   2   (0.190) 0.167 0.167 0.184 0.224 

Locus 35 : 
2 alleles
3.8% missing data
   1   (0.866) 0.878 0.900 0.854 0.854 
   2   (0.134) 0.122 0.100 0.146 0.146 

Locus 36 : 
2 alleles
2.9% missing data
   1   (0.757) 0.755 0.756 0.780 0.748 
   2   (0.243) 0.245 0.244 0.220 0.252 

Locus 37 : 
2 alleles
2.2% missing data
   1   (0.742) 0.738 0.722 0.775 0.738 
   2   (0.258) 0.262 0.278 0.225 0.262 

Locus 38 : 
2 alleles
1.4% missing data
   1   (0.871) 0.887 0.825 0.900 0.879 
   2   (0.129) 0.113 0.175 0.100 0.121 

Locus 39 : 
2 alleles
3.2% missing data
   1   (0.703) 0.698 0.749 0.699 0.680 
   2   (0.297) 0.302 0.251 0.301 0.320 

Locus 40 : 
2 alleles
3.8% missing data
   1   (0.571) 0.626 0.549 0.564 0.554 
   2   (0.429) 0.374 0.451 0.436 0.446 

Locus 41 : 
2 alleles
3.4% missing data
   1   (0.879) 0.881 0.881 0.864 0.914 
   2   (0.121) 0.119 0.119 0.136 0.086 

Locus 42 : 
2 alleles
4.5% missing data
   2   (0.235) 0.299 0.158 0.263 0.213 
   1   (0.765) 0.701 0.842 0.737 0.787 

Locus 43 : 
2 alleles
2.0% missing data
   1   (0.817) 0.836 0.816 0.817 0.822 
   2   (0.183) 0.164 0.184 0.183 0.178 

Locus 44 : 
2 alleles
4.7% missing data
   1   (0.583) 0.588 0.572 0.588 0.586 
   2   (0.417) 0.412 0.428 0.412 0.414 

Locus 45 : 
2 alleles
3.2% missing data
   1   (0.869) 0.883 0.875 0.842 0.901 
   2   (0.131) 0.117 0.125 0.158 0.099 

Locus 46 : 
2 alleles
2.3% missing data
   1   (0.779) 0.727 0.792 0.811 0.791 
   2   (0.221) 0.273 0.208 0.189 0.209 

Locus 47 : 
2 alleles
4.5% missing data
   1   (0.885) 0.875 0.893 0.897 0.895 
   2   (0.115) 0.125 0.107 0.103 0.105 

Locus 48 : 
2 alleles
4.5% missing data
   1   (0.815) 0.800 0.815 0.846 0.810 
   2   (0.185) 0.200 0.185 0.154 0.190 

Locus 49 : 
2 alleles
4.5% missing data
   1   (0.816) 0.806 0.836 0.781 0.861 
   2   (0.184) 0.194 0.164 0.219 0.139 

Locus 50 : 
2 alleles
3.4% missing data
   1   (0.658) 0.657 0.653 0.697 0.626 
   2   (0.342) 0.343 0.347 0.303 0.374 

Locus 51 : 
2 alleles
1.4% missing data
   1   (0.601) 0.584 0.608 0.631 0.582 
   2   (0.399) 0.416 0.392 0.369 0.418 

Locus 52 : 
2 alleles
4.1% missing data
   1   (0.658) 0.643 0.666 0.670 0.659 
   2   (0.342) 0.357 0.334 0.330 0.341 

Locus 53 : 
2 alleles
4.5% missing data
   1   (0.852) 0.880 0.822 0.882 0.831 
   2   (0.148) 0.120 0.178 0.118 0.169 

Locus 54 : 
2 alleles
3.8% missing data
   1   (0.862) 0.860 0.889 0.845 0.881 
   2   (0.138) 0.140 0.111 0.155 0.119 

Locus 55 : 
2 alleles
3.2% missing data
   1   (0.882) 0.849 0.887 0.898 0.906 
   2   (0.118) 0.151 0.113 0.102 0.094 

Locus 56 : 
2 alleles
3.2% missing data
   1   (0.797) 0.767 0.810 0.831 0.791 
   2   (0.203) 0.233 0.190 0.169 0.209 

Locus 57 : 
2 alleles
4.5% missing data
   1   (0.663) 0.657 0.683 0.682 0.635 
   2   (0.337) 0.343 0.317 0.318 0.365 

Locus 58 : 
2 alleles
4.1% missing data
   1   (0.840) 0.822 0.858 0.875 0.812 
   2   (0.160) 0.178 0.142 0.125 0.188 

Locus 59 : 
2 alleles
4.8% missing data
   1   (0.817) 0.810 0.859 0.800 0.818 
   2   (0.183) 0.190 0.141 0.200 0.182 

Locus 60 : 
2 alleles
2.5% missing data
   1   (0.859) 0.887 0.844 0.876 0.845 
   2   (0.141) 0.113 0.156 0.124 0.155 

Locus 61 : 
2 alleles
3.9% missing data
   1   (0.776) 0.780 0.775 0.762 0.805 
   2   (0.224) 0.220 0.225 0.238 0.195 

Locus 62 : 
2 alleles
2.0% missing data
   1   (0.841) 0.862 0.798 0.850 0.865 
   2   (0.159) 0.138 0.202 0.150 0.135 

Locus 63 : 
2 alleles
4.1% missing data
   1   (0.757) 0.754 0.742 0.776 0.765 
   2   (0.243) 0.246 0.258 0.224 0.235 

Locus 64 : 
2 alleles
3.2% missing data
   1   (0.872) 0.850 0.903 0.897 0.850 
