

----------------------------------------------------
STRUCTURE by Pritchard, Stephens and Donnelly (2000)
     and Falush, Stephens and Pritchard (2003)
       Code by Pritchard, Falush and Hubisz
             Version 2.3.4 (Jul 2012)
----------------------------------------------------



Command line arguments:   /home/genobiwan/Documents/Programs/Structure/structure -m parameter_job_k4_r7 
Input File:    /media/genobiwan/Storage/Projets/Mackerel_NWA_2021/data_job_k4_r7

Run parameters:
   557 individuals
   3930 loci
   4 populations assumed
   100000 Burn-in period
   200000 Reps


--------------------------------------------
Proportion of membership of each pre-defined
 population in each of the 4 clusters

Given    Inferred Clusters              Number of
 Pop       1      2      3      4      Individuals

  1:     0.258  0.273  0.229  0.241       67
  2:     0.258  0.224  0.214  0.304       32
  3:     0.266  0.275  0.230  0.228       92
  4:     0.230  0.243  0.276  0.251       36
  5:     0.233  0.269  0.263  0.235       41
  6:     0.245  0.243  0.263  0.249      158
  7:     0.253  0.244  0.250  0.253       79
  8:     0.255  0.253  0.265  0.226       52
--------------------------------------------

Allele-freq. divergence among pops (Net nucleotide distance),
computed using point estimates of P.

      1       2       3       4      
 1      -    0.0018  0.0025  0.0023  
 2   0.0018     -    0.0021  0.0020  
 3   0.0025  0.0021     -    0.0025  
 4   0.0023  0.0020  0.0025     -    

Average distances (expected heterozygosity) between individuals in same cluster:
cluster  1  : 0.3119 
cluster  2  : 0.3130 
cluster  3  : 0.3127 
cluster  4  : 0.3142 

--------------------------------------------
Estimated Ln Prob of Data   = -2070488.4
Mean value of ln likelihood = -2063318.3
Variance of ln likelihood   = 14340.2
Mean value of alpha         = 1.7969

Mean value of Fst_1         = 0.0239
Mean value of Fst_2         = 0.0201
Mean value of Fst_3         = 0.0241
Mean value of Fst_4         = 0.0240


Inferred ancestry of individuals:
        Label (%Miss) Pop:  Inferred clusters
  1 NS_SS0963    (4)    1 :  0.203 0.443 0.164 0.190 
  2 NS_SS0983    (1)    1 :  0.222 0.192 0.474 0.113 
  3 NS_SS0719    (8)    1 :  0.288 0.248 0.261 0.202 
  4 NS_SS1001    (8)    1 :  0.305 0.169 0.118 0.408 
  5 NS_SS0936    (4)    1 :  0.112 0.380 0.146 0.362 
  6 NS_SS0955    (5)    1 :  0.225 0.343 0.306 0.127 
  7 NS_SS0944    (3)    1 :  0.220 0.339 0.228 0.213 
  8 NS_SS0945    (3)    1 :  0.194 0.165 0.273 0.368 
  9 NS_SS0922    (2)    1 :  0.251 0.198 0.130 0.421 
 10 NS_SS0929    (7)    1 :  0.192 0.310 0.322 0.176 
 11 NS_SS0956    (2)    1 :  0.476 0.160 0.113 0.251 
 12 NS_SS0906    (3)    1 :  0.196 0.372 0.270 0.162 
 13 NS_SS0721    (6)    1 :  0.493 0.152 0.193 0.162 
 14 NS_SS0982    (4)    1 :  0.257 0.391 0.163 0.189 
 15 NS_SS0923    (5)    1 :  0.264 0.279 0.186 0.271 
 16 NS_SS0905    (6)    1 :  0.319 0.238 0.240 0.204 
 17 NS_SS0925    (3)    1 :  0.260 0.362 0.118 0.261 
 18 NS_SS0947    (5)    1 :  0.178 0.344 0.166 0.312 
 19 NS_SS0926    (2)    1 :  0.199 0.244 0.425 0.132 
 20 NS_SS0918    (6)    1 :  0.331 0.402 0.110 0.156 
 21 NS_SS0966    (4)    1 :  0.209 0.411 0.172 0.208 
 22 NS_SS0938    (2)    1 :  0.156 0.223 0.151 0.471 
 23 NS_SS0917    (2)    1 :  0.190 0.158 0.389 0.264 
 24 NS_SS0957   (11)    1 :  0.420 0.218 0.193 0.169 
 25 NS_SS0987    (1)    1 :  0.560 0.158 0.172 0.110 
 26 NS_SS0717    (4)    1 :  0.337 0.196 0.134 0.332 
 27 NS_SS0986    (2)    1 :  0.382 0.224 0.252 0.142 
 28 NS_SS0953    (4)    1 :  0.249 0.361 0.125 0.265 
 29 NS_SS0907    (3)    1 :  0.161 0.497 0.205 0.136 
 30 NS_SS0974    (6)    1 :  0.117 0.366 0.240 0.277 
 31 NS_SS0989    (1)    1 :  0.128 0.159 0.470 0.242 
 32 NS_SS0991    (2)    1 :  0.367 0.303 0.255 0.074 
 33 NS_SS0994    (2)    1 :  0.095 0.118 0.570 0.217 
 34 NS_SS0931    (6)    1 :  0.326 0.206 0.346 0.122 
 35 NS_SS1000    (5)    1 :  0.165 0.312 0.137 0.386 
 36 NS_SS0919    (1)    1 :  0.153 0.444 0.285 0.117 
 37 NS_SS0949    (3)    1 :  0.185 0.184 0.404 0.227 
 38 NS_SS0960   (10)    1 :  0.270 0.316 0.302 0.113 
 39 NS_SS0716    (2)    1 :  0.487 0.088 0.121 0.304 
 40 NS_SS0924    (8)    1 :  0.215 0.370 0.281 0.133 
 41 NS_SS0935    (1)    1 :  0.315 0.177 0.375 0.133 
 42 NS_SS0952   (13)    1 :  0.165 0.345 0.362 0.127 
 43 NS_SS0962   (10)    1 :  0.291 0.242 0.159 0.308 
 44 NS_SS0973    (5)    1 :  0.167 0.468 0.190 0.176 
 45 NS_SS0722    (1)    1 :  0.141 0.222 0.100 0.537 
 46 NS_SS0979   (13)    1 :  0.371 0.288 0.140 0.202 
 47 NS_SS0993    (2)    1 :  0.237 0.343 0.118 0.302 
 48 NS_SS0958    (1)    1 :  0.219 0.201 0.357 0.224 
 49 NS_SS0988    (4)    1 :  0.233 0.372 0.265 0.130 
 50 NS_SS1003    (2)    1 :  0.399 0.371 0.097 0.134 
 51 NS_SS0976    (0)    1 :  0.194 0.307 0.334 0.165 
 52 NS_SS0964   (10)    1 :  0.303 0.173 0.115 0.409 
 53 NS_SS0939    (4)    1 :  0.412 0.070 0.098 0.420 
 54 NS_SS0990    (6)    1 :  0.259 0.140 0.315 0.285 
 55 NS_SS0984    (2)    1 :  0.228 0.184 0.108 0.480 
 56 NS_SS0980    (9)    1 :  0.107 0.423 0.148 0.321 
 57 NS_SS0978    (4)    1 :  0.139 0.327 0.175 0.360 
 58 NS_SS0951   (17)    1 :  0.442 0.194 0.257 0.108 
 59 NS_SS0913    (3)    1 :  0.384 0.170 0.161 0.286 
 60 NS_SS1002    (1)    1 :  0.129 0.528 0.123 0.219 
 61 NS_SS0948    (1)    1 :  0.270 0.311 0.248 0.170 
 62 NS_SS0916    (4)    1 :  0.176 0.152 0.300 0.371 
 63 NS_SS0995    (1)    1 :  0.289 0.186 0.207 0.319 
 64 NS_SS0927    (6)    1 :  0.147 0.183 0.372 0.298 
 65 NS_SS0992    (5)    1 :  0.097 0.276 0.253 0.374 
 66 NS_SS0912    (1)    1 :  0.442 0.197 0.238 0.123 
 67 NS_SS0981    (1)    1 :  0.345 0.373 0.136 0.146 
 68 NS_SS0729    (5)    2 :  0.072 0.265 0.460 0.202 
 69 NS_SS0967   (14)    2 :  0.161 0.505 0.146 0.187 
 70 NS_SS0941    (7)    2 :  0.199 0.165 0.196 0.440 
 71 NS_SS0768   (12)    2 :  0.360 0.291 0.168 0.180 
 72 NS_SS0726    (4)    2 :  0.089 0.254 0.340 0.316 
 73 NS_SS0763    (4)    2 :  0.151 0.219 0.373 0.257 
 74 NS_SS0730    (6)    2 :  0.306 0.193 0.160 0.341 
 75 NS_SS0774    (1)    2 :  0.140 0.285 0.129 0.445 
 76 NS_SS0723    (3)    2 :  0.233 0.378 0.102 0.286 
 77 NS_SS0940    (9)    2 :  0.254 0.113 0.298 0.335 
 78 NS_SS0762    (1)    2 :  0.232 0.176 0.081 0.511 
 79 NS_SS0766   (11)    2 :  0.265 0.089 0.238 0.408 
 80 NS_SS0724    (1)    2 :  0.362 0.307 0.129 0.203 
 81 NS_SS0769    (3)    2 :  0.262 0.273 0.239 0.226 
 82 NS_SS0777    (2)    2 :  0.330 0.222 0.304 0.144 
 83 NS_SS0734    (6)    2 :  0.362 0.136 0.255 0.247 
 84 NS_SS0737    (3)    2 :  0.152 0.121 0.096 0.631 
 85 NS_SS0732    (5)    2 :  0.499 0.224 0.133 0.143 
 86 NS_SS0728    (5)    2 :  0.242 0.154 0.197 0.407 
 87 NS_SS0735    (9)    2 :  0.267 0.201 0.143 0.388 
 88 NS_SS0725    (1)    2 :  0.207 0.188 0.140 0.465 
 89 NS_SS0788    (2)    2 :  0.205 0.342 0.239 0.214 
 90 NS_SS0778    (2)    2 :  0.276 0.255 0.317 0.152 
 91 NS_SS0792    (6)    2 :  0.320 0.220 0.275 0.185 
 92 NS_SS0943   (11)    2 :  0.220 0.370 0.308 0.102 
 93 NS_SS0791    (2)    2 :  0.318 0.090 0.305 0.287 
 94 NS_SS0790    (5)    2 :  0.392 0.333 0.067 0.207 
 95 NS_SS0731    (6)    2 :  0.488 0.158 0.140 0.214 
 96 NS_SS0727    (6)    2 :  0.102 0.107 0.345 0.447 
 97 NS_SS0779   (12)    2 :  0.311 0.232 0.220 0.237 
 98 NS_SS0776    (3)    2 :  0.227 0.172 0.197 0.404 
 99 NS_SS0775    (5)    2 :  0.252 0.126 0.121 0.502 
100 NS_SS0965    (3)    3 :  0.398 0.315 0.153 0.134 
101 NS_SS0754   (13)    3 :  0.325 0.178 0.338 0.159 
102 NS_SS0838    (5)    3 :  0.186 0.269 0.256 0.289 
103 NS_SS0839    (3)    3 :  0.250 0.252 0.108 0.390 
104 NS_SS0832    (4)    3 :  0.309 0.421 0.073 0.197 
105 NS_SS0820    (4)    3 :  0.370 0.324 0.105 0.200 
106 NS_SS0886    (9)    3 :  0.309 0.186 0.321 0.184 
107 NS_SS0748    (5)    3 :  0.254 0.330 0.272 0.144 
108 NS_SS0884    (9)    3 :  0.199 0.310 0.244 0.247 
109 NS_SS0752    (3)    3 :  0.164 0.281 0.188 0.366 
110 NS_SS0862    (1)    3 :  0.506 0.239 0.105 0.150 
111 NS_SS0787    (9)    3 :  0.150 0.172 0.575 0.103 
112 NS_SS0843    (6)    3 :  0.263 0.294 0.218 0.225 
113 NS_SS0856    (4)    3 :  0.179 0.148 0.243 0.431 
114 NS_SS0846    (2)    3 :  0.087 0.460 0.244 0.209 
115 NS_SS0825    (1)    3 :  0.273 0.320 0.241 0.166 
116 NS_SS0757    (3)    3 :  0.322 0.259 0.265 0.155 
117 NS_SS0876    (3)    3 :  0.236 0.254 0.186 0.324 
118 NS_SS0903    (9)    3 :  0.123 0.438 0.113 0.326 
119 NS_SS0875    (7)    3 :  0.365 0.167 0.219 0.248 
120 NS_SS0740    (5)    3 :  0.237 0.287 0.207 0.269 
121 NS_SS0811    (5)    3 :  0.552 0.170 0.101 0.177 
122 NS_SS0751    (1)    3 :  0.242 0.164 0.199 0.395 
123 NS_SS0891    (6)    3 :  0.225 0.198 0.212 0.365 
124 NS_SS0867    (2)    3 :  0.197 0.488 0.225 0.091 
125 NS_SS0890    (6)    3 :  0.220 0.274 0.224 0.281 
126 NS_SS0866   (11)    3 :  0.154 0.121 0.545 0.180 
127 NS_SS0755    (4)    3 :  0.281 0.349 0.187 0.184 
128 NS_SS0758    (4)    3 :  0.201 0.230 0.227 0.342 
129 NS_SS0840    (2)    3 :  0.251 0.422 0.089 0.237 
130 NS_SS0889    (4)    3 :  0.317 0.174 0.389 0.119 
131 NS_SS1010    (1)    3 :  0.206 0.414 0.217 0.163 
132 NS_SS0888    (5)    3 :  0.163 0.121 0.473 0.243 
133 NS_SS0837    (3)    3 :  0.381 0.383 0.109 0.127 
134 NS_SS0794    (9)    3 :  0.189 0.132 0.370 0.309 
135 NS_SS0823    (4)    3 :  0.170 0.382 0.110 0.339 
136 NS_SS0829    (7)    3 :  0.314 0.194 0.410 0.082 
137 NS_SS0844    (5)    3 :  0.145 0.670 0.077 0.108 
138 NS_SS1008    (5)    3 :  0.193 0.147 0.326 0.335 
139 NS_SS0881    (3)    3 :  0.273 0.222 0.282 0.223 
140 NS_SS0834    (6)    3 :  0.146 0.194 0.124 0.536 
141 NS_SS0744   (10)    3 :  0.216 0.331 0.242 0.210 
142 NS_SS0899    (7)    3 :  0.502 0.218 0.103 0.178 
143 NS_SS0804    (4)    3 :  0.356 0.334 0.086 0.224 
144 NS_SS0781   (10)    3 :  0.237 0.398 0.109 0.256 
145 NS_SS0822    (6)    3 :  0.191 0.270 0.233 0.307 
146 NS_SS1004    (4)    3 :  0.224 0.444 0.156 0.177 
147 NS_SS0746    (5)    3 :  0.145 0.418 0.213 0.223 
148 NS_SS0880    (3)    3 :  0.186 0.411 0.144 0.259 
149 NS_SS0879    (4)    3 :  0.232 0.272 0.159 0.337 
150 NS_SS0753    (2)    3 :  0.327 0.266 0.296 0.111 
151 NS_SS1007    (2)    3 :  0.134 0.154 0.221 0.491 
152 NS_SS0872    (5)    3 :  0.218 0.318 0.154 0.310 
153 NS_SS1005    (7)    3 :  0.156 0.467 0.134 0.243 
154 NS_SS0892    (6)    3 :  0.263 0.225 0.237 0.276 
155 NS_SS0898    (0)    3 :  0.287 0.237 0.278 0.198 
156 NS_SS0801    (9)    3 :  0.379 0.284 0.196 0.141 
157 NS_SS0827    (8)    3 :  0.440 0.197 0.270 0.093 
158 NS_SS0853    (6)    3 :  0.464 0.148 0.264 0.123 
159 NS_SS0780    (2)    3 :  0.348 0.220 0.154 0.278 
160 NS_SS0826   (10)    3 :  0.184 0.527 0.189 0.100 
161 NS_SS0818    (5)    3 :  0.322 0.255 0.097 0.327 
162 NS_SS0745    (1)    3 :  0.371 0.072 0.083 0.474 
163 NS_SS0849    (3)    3 :  0.534 0.205 0.161 0.101 
164 NS_SS0739    (3)    3 :  0.339 0.145 0.247 0.269 
165 NS_SS0799    (1)    3 :  0.227 0.173 0.328 0.273 
166 NS_SS0756    (2)    3 :  0.267 0.486 0.095 0.151 
167 NS_SS0802    (2)    3 :  0.137 0.268 0.319 0.276 
168 NS_SS0747    (6)    3 :  0.165 0.402 0.216 0.217 
169 NS_SS0835    (1)    3 :  0.106 0.210 0.516 0.168 
170 NS_SS0742   (18)    3 :  0.262 0.314 0.187 0.237 
171 NS_SS0760    (9)    3 :  0.181 0.200 0.445 0.174 
172 NS_SS0803    (4)    3 :  0.131 0.537 0.101 0.232 
173 NS_SS0828   (13)    3 :  0.425 0.182 0.212 0.181 
174 NS_SS0865    (2)    3 :  0.310 0.351 0.227 0.112 
175 NS_SS0759    (4)    3 :  0.330 0.208 0.107 0.355 
176 NS_SS0851    (5)    3 :  0.555 0.154 0.113 0.177 
177 NS_SS0874   (16)    3 :  0.191 0.481 0.129 0.199 
178 NS_SS0761    (6)    3 :  0.272 0.229 0.395 0.104 
179 NS_SS0842   (25)    3 :  0.236 0.238 0.296 0.230 
180 NS_SS0785    (6)    3 :  0.206 0.320 0.298 0.177 
181 NS_SS0860   (11)    3 :  0.127 0.226 0.512 0.135 
182 NS_SS0897    (7)    3 :  0.220 0.125 0.516 0.139 
183 NS_SS0841   (14)    3 :  0.422 0.211 0.098 0.269 
184 NS_SS0797    (6)    3 :  0.345 0.238 0.301 0.116 
185 NS_SS0830   (10)    3 :  0.339 0.280 0.224 0.158 
186 NS_SS1011    (5)    3 :  0.219 0.502 0.111 0.168 
187 NS_SS0883    (5)    3 :  0.389 0.197 0.281 0.133 
188 NS_SS0782    (2)    3 :  0.168 0.162 0.268 0.402 
189 NS_SS0831    (5)    3 :  0.363 0.134 0.398 0.105 
190 NS_SS0749    (7)    3 :  0.352 0.136 0.248 0.264 
191 NS_SS0854    (2)    3 :  0.166 0.200 0.270 0.364 
192 HI_SS0193    (0)    4 :  0.259 0.120 0.325 0.296 
193 HI_SS0194    (0)    4 :  0.136 0.197 0.140 0.527 
194 HI_SS0195    (9)    4 :  0.484 0.167 0.092 0.256 
195 HI_SS0196    (6)    4 :  0.169 0.148 0.257 0.426 
196 HI_SS0197    (3)    4 :  0.142 0.340 0.201 0.317 
197 HI_SS0198    (1)    4 :  0.362 0.176 0.295 0.167 
198 HI_SS0199    (1)    4 :  0.119 0.163 0.351 0.367 
199 HI_SS0201    (4)    4 :  0.196 0.295 0.437 0.072 
200 HI_SS0215    (1)    4 :  0.212 0.247 0.456 0.085 
201 HI_SS0218    (1)    4 :  0.190 0.087 0.514 0.209 
202 HI_SS0222    (0)    4 :  0.334 0.124 0.231 0.311 
203 HI_SS0230    (1)    4 :  0.331 0.313 0.204 0.152 
204 HI_SS0234    (1)    4 :  0.088 0.269 0.225 0.418 
205 HI_SS0240    (1)    4 :  0.181 0.135 0.192 0.493 
206 HI_SS0241    (0)    4 :  0.184 0.244 0.403 0.170 
207 HI_SS0242    (0)    4 :  0.253 0.290 0.251 0.206 
208 HI_SS0247    (0)    4 :  0.243 0.444 0.168 0.145 
209 HI_SS0248    (1)    4 :  0.113 0.169 0.402 0.316 
210 HI_SS0252    (2)    4 :  0.266 0.209 0.146 0.379 
211 HI_SS0254    (1)    4 :  0.174 0.338 0.284 0.203 
212 HI_SS0256    (0)    4 :  0.203 0.451 0.051 0.294 
213 HI_SS0257    (0)    4 :  0.080 0.324 0.403 0.193 
214 HI_SS0258    (1)    4 :  0.244 0.180 0.393 0.182 
215 HI_SS0259    (1)    4 :  0.208 0.200 0.165 0.427 
216 HI_SS0260    (1)    4 :  0.141 0.168 0.424 0.268 
217 HI_SS0261    (2)    4 :  0.115 0.329 0.269 0.287 
218 HI_SS0262    (0)    4 :  0.363 0.220 0.198 0.219 
219 HI_SS0264    (1)    4 :  0.363 0.245 0.168 0.223 
220 HI_SS0265    (0)    4 :  0.335 0.292 0.185 0.188 
221 HI_SS0268    (1)    4 :  0.319 0.127 0.308 0.247 
222 HI_SS0269    (1)    4 :  0.075 0.236 0.535 0.154 
223 HI_SS0273    (0)    4 :  0.152 0.394 0.328 0.126 
224 HI_SS0277    (1)    4 :  0.228 0.462 0.166 0.144 
225 HI_SS0280    (0)    4 :  0.422 0.126 0.209 0.243 
226 HI_SS0282    (1)    4 :  0.225 0.327 0.281 0.166 
227 HI_SS0286    (1)    4 :  0.366 0.191 0.291 0.152 
228 NS_SS1252    (3)    5 :  0.173 0.139 0.544 0.144 
229 NS_SS1261    (1)    5 :  0.238 0.294 0.265 0.202 
230 NS_SS1225    (9)    5 :  0.142 0.467 0.287 0.103 
231 NS_SS1266    (1)    5 :  0.173 0.578 0.079 0.169 
232 NS_SS1228    (0)    5 :  0.518 0.144 0.160 0.177 
233 NS_SS1255    (2)    5 :  0.110 0.154 0.183 0.553 
234 NS_SS1267    (3)    5 :  0.187 0.085 0.606 0.123 
235 NS_SS1238    (6)    5 :  0.358 0.169 0.252 0.221 
236 NS_SS1233    (8)    5 :  0.292 0.455 0.108 0.145 
237 NS_SS1277    (3)    5 :  0.187 0.082 0.364 0.367 
238 NS_SS1245    (1)    5 :  0.153 0.334 0.258 0.255 
239 NS_SS1240    (4)    5 :  0.112 0.122 0.616 0.150 
240 NS_SS1275    (2)    5 :  0.284 0.342 0.095 0.279 
241 NS_SS1235    (1)    5 :  0.073 0.335 0.163 0.429 
242 NS_SS1263    (1)    5 :  0.208 0.307 0.123 0.362 
243 NS_SS1251    (1)    5 :  0.186 0.439 0.143 0.232 
244 NS_SS1248    (0)    5 :  0.654 0.098 0.156 0.092 
245 NS_SS1244    (0)    5 :  0.194 0.448 0.202 0.157 
246 NS_SS1257    (0)    5 :  0.199 0.147 0.422 0.231 
247 NS_SS1242    (2)    5 :  0.237 0.258 0.124 0.382 
248 NS_SS1271    (6)    5 :  0.169 0.129 0.559 0.143 
249 NS_SS1265    (1)    5 :  0.194 0.214 0.439 0.153 
250 NS_SS1243    (0)    5 :  0.430 0.115 0.160 0.295 
251 NS_SS1273    (1)    5 :  0.245 0.228 0.109 0.418 
252 NS_SS1254   (14)    5 :  0.245 0.403 0.140 0.212 
253 NS_SS1224    (1)    5 :  0.357 0.334 0.121 0.188 
254 NS_SS1227    (8)    5 :  0.127 0.202 0.415 0.257 
255 NS_SS1274    (8)    5 :  0.244 0.185 0.332 0.239 
256 NS_SS1241    (1)    5 :  0.171 0.372 0.300 0.157 
257 NS_SS1256    (3)    5 :  0.112 0.483 0.241 0.164 
258 NS_SS1260    (8)    5 :  0.136 0.229 0.443 0.192 
259 NS_SS1262    (0)    5 :  0.246 0.362 0.281 0.110 
260 NS_SS1230    (0)    5 :  0.229 0.269 0.285 0.217 
261 NS_SS1270    (2)    5 :  0.411 0.373 0.118 0.098 
262 NS_SS1229    (2)    5 :  0.070 0.295 0.141 0.494 
263 NS_SS1246    (5)    5 :  0.117 0.185 0.401 0.298 
264 NS_SS1269    (0)    5 :  0.284 0.244 0.183 0.288 
265 NS_SS1239    (1)    5 :  0.332 0.147 0.150 0.371 
266 NS_SS1272    (4)    5 :  0.167 0.454 0.207 0.171 
267 NS_SS1268    (1)    5 :  0.471 0.279 0.116 0.135 
268 NS_SS1249    (0)    5 :  0.098 0.139 0.505 0.258 
269 HI_SS0559    (0)    6 :  0.306 0.203 0.232 0.258 
270 HI_SS0563    (1)    6 :  0.245 0.331 0.227 0.197 
271 HI_SS0564    (0)    6 :  0.284 0.263 0.179 0.274 
272 HI_SS0565    (0)    6 :  0.155 0.377 0.304 0.164 
273 HI_SS0569    (0)    6 :  0.226 0.363 0.343 0.069 
274 HI_SS0570    (0)    6 :  0.239 0.102 0.447 0.211 
275 HI_SS0572    (1)    6 :  0.114 0.260 0.145 0.481 
276 HI_SS0576    (0)    6 :  0.452 0.140 0.133 0.275 
277 HI_SS0579    (1)    6 :  0.141 0.439 0.251 0.168 
278 HI_SS0580    (1)    6 :  0.194 0.136 0.358 0.312 
279 HI_SS0581    (0)    6 :  0.383 0.258 0.119 0.240 
280 HI_SS0583    (1)    6 :  0.109 0.187 0.459 0.245 
281 HI_SS0586    (1)    6 :  0.288 0.104 0.511 0.097 
282 HI_SS0588    (1)    6 :  0.215 0.266 0.338 0.182 
283 HI_SS0595    (4)    6 :  0.127 0.264 0.379 0.230 
284 HI_SS0596    (0)    6 :  0.150 0.153 0.117 0.580 
285 HI_SS0597    (1)    6 :  0.132 0.268 0.168 0.432 
286 HI_SS0600    (0)    6 :  0.201 0.247 0.348 0.204 
287 HI_SS0601    (1)    6 :  0.235 0.442 0.247 0.076 
288 HI_SS0602    (1)    6 :  0.381 0.103 0.341 0.176 
289 HI_SS0604    (0)    6 :  0.338 0.231 0.189 0.242 
290 HI_SS0605    (1)    6 :  0.379 0.149 0.273 0.200 
291 HI_SS0608    (0)    6 :  0.336 0.124 0.213 0.327 
292 HI_SS0609    (0)    6 :  0.145 0.479 0.136 0.240 
293 HI_SS0611    (5)    6 :  0.341 0.109 0.426 0.125 
294 HI_SS0612    (1)    6 :  0.072 0.528 0.195 0.205 
295 HI_SS0613    (1)    6 :  0.488 0.193 0.205 0.114 
296 HI_SS0615    (0)    6 :  0.282 0.169 0.099 0.449 
297 HI_SS0001    (1)    6 :  0.116 0.173 0.286 0.424 
298 HI_SS0002    (1)    6 :  0.188 0.445 0.114 0.254 
299 HI_SS0004    (0)    6 :  0.230 0.102 0.348 0.320 
300 HI_SS0005    (1)    6 :  0.529 0.156 0.173 0.143 
301 HI_SS0006    (1)    6 :  0.119 0.396 0.349 0.136 
302 HI_SS0007    (1)    6 :  0.476 0.085 0.299 0.140 
303 HI_SS0008    (0)    6 :  0.305 0.319 0.197 0.179 
304 HI_SS0009    (0)    6 :  0.399 0.127 0.115 0.359 
305 HI_SS0010    (1)    6 :  0.381 0.183 0.291 0.145 
306 HI_SS0011    (1)    6 :  0.248 0.503 0.133 0.116 
307 HI_SS0012    (0)    6 :  0.244 0.361 0.134 0.261 
308 HI_SS0017    (1)    6 :  0.162 0.116 0.136 0.585 
309 HI_SS0021    (1)    6 :  0.231 0.200 0.409 0.160 
310 HI_SS0024    (1)    6 :  0.335 0.174 0.156 0.335 
311 HI_SS0025    (1)    6 :  0.273 0.184 0.137 0.406 
312 HI_SS0027    (0)    6 :  0.310 0.216 0.318 0.157 
313 HI_SS0028    (0)    6 :  0.464 0.245 0.089 0.202 
314 HI_SS0029    (1)    6 :  0.245 0.118 0.270 0.368 
315 HI_SS0030    (2)    6 :  0.217 0.268 0.261 0.254 
316 HI_SS0031    (0)    6 :  0.122 0.402 0.196 0.280 
317 HI_SS0034    (0)    6 :  0.131 0.264 0.385 0.220 
318 HI_SS0036    (0)    6 :  0.277 0.090 0.466 0.167 
319 HI_SS0037    (1)    6 :  0.277 0.146 0.460 0.116 
320 HI_SS0039    (0)    6 :  0.407 0.158 0.321 0.114 
321 HI_SS0041    (1)    6 :  0.443 0.120 0.131 0.307 
322 HI_SS0042    (1)    6 :  0.266 0.242 0.131 0.361 
323 HI_SS0043    (1)    6 :  0.204 0.164 0.532 0.100 
324 HI_SS0044    (1)    6 :  0.127 0.091 0.329 0.453 
325 HI_SS0047    (1)    6 :  0.283 0.252 0.140 0.325 
326 HI_SS0049    (0)    6 :  0.191 0.203 0.151 0.455 
327 HI_SS0051    (1)    6 :  0.424 0.315 0.160 0.101 
328 HI_SS0053    (1)    6 :  0.125 0.238 0.460 0.177 
329 HI_SS0054    (4)    6 :  0.253 0.332 0.339 0.077 
330 HI_SS0057    (0)    6 :  0.438 0.212 0.152 0.199 
331 HI_SS0058    (0)    6 :  0.204 0.230 0.365 0.201 
332 HI_SS0060    (0)    6 :  0.422 0.281 0.162 0.135 
333 HI_SS0087    (1)    6 :  0.156 0.356 0.283 0.205 
334 HI_SS0091    (0)    6 :  0.086 0.250 0.540 0.124 
335 HI_SS0095    (1)    6 :  0.191 0.313 0.280 0.216 
336 HI_SS0097    (3)    6 :  0.180 0.551 0.145 0.124 
337 HI_SS0099    (0)    6 :  0.287 0.134 0.222 0.357 
338 HI_SS0103    (0)    6 :  0.124 0.290 0.209 0.378 
339 HI_SS0105    (1)    6 :  0.243 0.409 0.214 0.134 
340 HI_SS0107    (1)    6 :  0.133 0.229 0.095 0.542 
341 HI_SS0108    (1)    6 :  0.147 0.138 0.587 0.128 
342 HI_SS0110    (0)    6 :  0.109 0.310 0.297 0.284 
343 HI_SS0111    (1)    6 :  0.289 0.207 0.251 0.254 
344 HI_SS0112    (0)    6 :  0.166 0.127 0.538 0.169 
345 HI_SS0113    (1)    6 :  0.202 0.278 0.116 0.404 
346 HI_SS0114    (1)    6 :  0.367 0.175 0.366 0.092 
347 HI_SS0115    (1)    6 :  0.232 0.168 0.223 0.376 
348 HI_SS0116    (4)    6 :  0.099 0.117 0.413 0.371 
349 HI_SS0117    (0)    6 :  0.101 0.434 0.319 0.147 
350 HI_SS0118    (0)    6 :  0.139 0.300 0.374 0.188 
351 HI_SS0119    (1)    6 :  0.179 0.402 0.304 0.114 
352 HI_SS0120    (1)    6 :  0.105 0.223 0.111 0.561 
353 HI_SS0121    (1)    6 :  0.390 0.386 0.130 0.095 
354 HI_SS0122    (2)    6 :  0.272 0.258 0.268 0.202 
355 HI_SS0123    (0)    6 :  0.119 0.422 0.223 0.236 
356 HI_SS0124    (1)    6 :  0.254 0.138 0.100 0.507 
357 HI_SS0125    (1)    6 :  0.372 0.163 0.116 0.350 
358 HI_SS0126    (0)    6 :  0.123 0.124 0.455 0.298 
359 HI_SS0127    (0)    6 :  0.492 0.230 0.174 0.104 
360 HI_SS0128    (0)    6 :  0.131 0.267 0.203 0.399 
361 HI_SS0129    (1)    6 :  0.211 0.120 0.369 0.300 
362 HI_SS0131    (2)    6 :  0.385 0.250 0.277 0.088 
363 HI_SS0132    (0)    6 :  0.273 0.330 0.230 0.168 
364 HI_SS0133    (1)    6 :  0.164 0.105 0.558 0.173 
365 HI_SS0134    (1)    6 :  0.172 0.370 0.256 0.202 
366 HI_SS0142    (3)    6 :  0.224 0.462 0.194 0.120 
367 HI_SS0145    (0)    6 :  0.135 0.357 0.260 0.248 
368 HI_SS0146    (1)    6 :  0.236 0.291 0.312 0.160 
369 HI_SS0147    (1)    6 :  0.444 0.310 0.120 0.126 
370 HI_SS0149    (1)    6 :  0.143 0.475 0.245 0.136 
371 HI_SS0150    (2)    6 :  0.385 0.184 0.119 0.313 
372 HI_SS0151    (0)    6 :  0.226 0.149 0.239 0.386 
373 NS_SS1451    (1)    6 :  0.338 0.160 0.104 0.398 
374 NS_SS1404    (0)    6 :  0.452 0.169 0.192 0.187 
375 NS_SS1432    (2)    6 :  0.237 0.147 0.157 0.458 
376 NS_SS1405    (4)    6 :  0.228 0.157 0.235 0.380 
377 NS_SS1431   (10)    6 :  0.220 0.251 0.117 0.412 
378 NS_SS1402    (3)    6 :  0.128 0.329 0.299 0.245 
379 NS_SS1450    (3)    6 :  0.223 0.113 0.320 0.344 
380 NS_SS1396    (0)    6 :  0.303 0.245 0.228 0.223 
381 NS_SS1393    (5)    6 :  0.238 0.167 0.358 0.236 
382 NS_SS1392   (10)    6 :  0.276 0.084 0.148 0.493 
383 NS_SS1445    (0)    6 :  0.216 0.280 0.384 0.120 
384 NS_SS1423    (0)    6 :  0.110 0.260 0.326 0.303 
385 NS_SS1421    (9)    6 :  0.200 0.284 0.285 0.231 
386 NS_SS1411    (6)    6 :  0.473 0.091 0.316 0.119 
387 NS_SS1453    (5)    6 :  0.212 0.229 0.390 0.169 
388 NS_SS1442    (2)    6 :  0.259 0.341 0.203 0.197 
389 NS_SS1422    (1)    6 :  0.117 0.385 0.200 0.298 
390 NS_SS1419    (1)    6 :  0.360 0.367 0.153 0.120 
391 NS_SS1427    (0)    6 :  0.098 0.070 0.481 0.350 
392 NS_SS1444    (3)    6 :  0.381 0.230 0.163 0.226 
393 NS_SS1455    (0)    6 :  0.146 0.365 0.113 0.377 
394 NS_SS1425    (2)    6 :  0.211 0.211 0.486 0.091 
395 NS_SS1400    (0)    6 :  0.249 0.257 0.366 0.128 
396 NS_SS1406    (1)    6 :  0.164 0.553 0.090 0.193 
397 NS_SS1417    (6)    6 :  0.201 0.341 0.252 0.206 
398 NS_SS1454    (2)    6 :  0.258 0.235 0.358 0.149 
399 NS_SS1412    (1)    6 :  0.246 0.186 0.323 0.245 
400 NS_SS1438    (1)    6 :  0.267 0.234 0.419 0.081 
401 NS_SS1416    (4)    6 :  0.285 0.273 0.251 0.191 
402 NS_SS1401    (0)    6 :  0.155 0.306 0.292 0.247 
403 NS_SS1424    (6)    6 :  0.208 0.324 0.287 0.181 
404 NS_SS1435    (9)    6 :  0.332 0.110 0.213 0.344 
405 NS_SS1447    (4)    6 :  0.347 0.319 0.148 0.186 
406 NS_SS1414    (3)    6 :  0.408 0.232 0.123 0.237 
407 NS_SS1449   (14)    6 :  0.194 0.255 0.205 0.346 
408 NS_SS1443    (4)    6 :  0.087 0.263 0.379 0.271 
409 NS_SS1434    (1)    6 :  0.088 0.159 0.217 0.537 
410 NS_SS1398    (1)    6 :  0.256 0.134 0.185 0.425 
411 NS_SS1426    (1)    6 :  0.189 0.182 0.465 0.163 
412 NS_SS1413    (0)    6 :  0.134 0.209 0.333 0.324 
413 NS_SS1395    (1)    6 :  0.152 0.262 0.401 0.185 
414 NS_SS1448   (10)    6 :  0.395 0.099 0.255 0.251 
415 NS_SS1446    (0)    6 :  0.154 0.247 0.397 0.202 
416 NS_SS1403    (2)    6 :  0.224 0.266 0.223 0.287 
417 NS_SS1415    (0)    6 :  0.267 0.168 0.366 0.199 
418 NS_SS1437    (4)    6 :  0.281 0.291 0.199 0.230 
419 NS_SS1439    (2)    6 :  0.154 0.433 0.236 0.176 
420 NS_SS1441    (3)    6 :  0.119 0.233 0.345 0.303 
421 NS_SS1420    (2)    6 :  0.634 0.084 0.112 0.170 
422 NS_SS1394    (2)    6 :  0.466 0.177 0.135 0.222 
423 NS_SS1391    (7)    6 :  0.098 0.124 0.316 0.462 
424 NS_SS1410    (5)    6 :  0.180 0.205 0.356 0.259 
425 NS_SS1408    (1)    6 :  0.276 0.357 0.166 0.200 
426 NS_SS1409    (1)    6 :  0.094 0.176 0.290 0.440 
427 HI_SS0617    (1)    7 :  0.165 0.145 0.343 0.347 
428 HI_SS0618    (2)    7 :  0.342 0.174 0.173 0.311 
429 HI_SS0619    (0)    7 :  0.246 0.136 0.251 0.368 
430 HI_SS0620    (1)    7 :  0.293 0.108 0.446 0.154 
431 HI_SS0621    (3)    7 :  0.231 0.294 0.174 0.301 
432 HI_SS0622    (1)    7 :  0.234 0.356 0.196 0.214 
433 HI_SS0626    (0)    7 :  0.524 0.124 0.219 0.133 
434 HI_SS0627    (0)    7 :  0.247 0.244 0.184 0.325 
435 HI_SS0628    (3)    7 :  0.263 0.130 0.387 0.220 
436 HI_SS0629    (1)    7 :  0.251 0.279 0.329 0.142 
437 HI_SS0630    (1)    7 :  0.295 0.163 0.307 0.235 
438 HI_SS0631    (0)    7 :  0.367 0.162 0.298 0.174 
439 HI_SS0632    (0)    7 :  0.451 0.218 0.187 0.143 
440 HI_SS0633    (0)    7 :  0.141 0.149 0.186 0.524 
441 HI_SS0634    (1)    7 :  0.353 0.191 0.248 0.208 
442 HI_SS0635    (0)    7 :  0.398 0.223 0.139 0.240 
443 HI_SS0637    (1)    7 :  0.303 0.381 0.215 0.101 
444 HI_SS0638    (0)    7 :  0.257 0.207 0.217 0.319 
445 HI_SS0639    (1)    7 :  0.345 0.261 0.140 0.255 
446 HI_SS0640    (1)    7 :  0.256 0.331 0.176 0.237 
447 HI_SS0641    (1)    7 :  0.394 0.122 0.377 0.107 
448 HI_SS0642    (0)    7 :  0.208 0.358 0.153 0.281 
449 HI_SS0645    (0)    7 :  0.523 0.136 0.092 0.250 
450 HI_SS0646    (1)    7 :  0.103 0.293 0.217 0.387 
451 HI_SS0647    (1)    7 :  0.201 0.235 0.188 0.376 
452 HI_SS0648    (0)    7 :  0.288 0.256 0.206 0.250 
453 HI_SS0649    (1)    7 :  0.206 0.237 0.281 0.276 
454 HI_SS0650    (1)    7 :  0.154 0.140 0.156 0.550 
455 HI_SS0651    (1)    7 :  0.238 0.266 0.225 0.271 
456 HI_SS0652    (1)    7 :  0.506 0.117 0.107 0.269 
457 NS_SS1371    (3)    7 :  0.097 0.277 0.353 0.274 
458 NS_SS1374    (0)    7 :  0.287 0.141 0.373 0.199 
459 NS_SS1337    (3)    7 :  0.381 0.252 0.127 0.240 
460 NS_SS1385    (5)    7 :  0.131 0.310 0.211 0.348 
461 NS_SS1388    (0)    7 :  0.245 0.134 0.286 0.335 
462 NS_SS1370    (1)    7 :  0.680 0.133 0.100 0.087 
463 NS_SS1389    (3)    7 :  0.363 0.110 0.193 0.334 
464 NS_SS1360    (1)    7 :  0.367 0.225 0.291 0.117 
465 NS_SS1330    (0)    7 :  0.345 0.290 0.121 0.244 
466 NS_SS1328    (8)    7 :  0.094 0.146 0.307 0.453 
467 NS_SS1384    (1)    7 :  0.223 0.382 0.265 0.131 
468 NS_SS1381    (0)    7 :  0.153 0.206 0.095 0.547 
469 NS_SS1375    (1)    7 :  0.273 0.089 0.160 0.477 
470 NS_SS1319   (10)    7 :  0.252 0.218 0.256 0.274 
471 NS_SS1326    (2)    7 :  0.139 0.099 0.445 0.317 
472 NS_SS1341    (1)    7 :  0.163 0.359 0.350 0.127 
473 NS_SS1383    (1)    7 :  0.327 0.233 0.242 0.199 
474 NS_SS1318    (3)    7 :  0.348 0.203 0.216 0.233 
475 NS_SS1348    (2)    7 :  0.185 0.265 0.427 0.122 
476 NS_SS1363    (0)    7 :  0.336 0.319 0.150 0.195 
477 NS_SS1335    (4)    7 :  0.257 0.385 0.273 0.085 
478 NS_SS1358    (0)    7 :  0.155 0.449 0.256 0.140 
479 NS_SS1342    (1)    7 :  0.084 0.422 0.326 0.168 
480 NS_SS1320    (2)    7 :  0.097 0.231 0.055 0.617 
481 NS_SS1355    (1)    7 :  0.220 0.397 0.149 0.234 
482 NS_SS1345    (1)    7 :  0.169 0.611 0.081 0.140 
483 NS_SS1324    (0)    7 :  0.252 0.207 0.355 0.185 
484 NS_SS1347    (5)    7 :  0.190 0.353 0.231 0.225 
485 NS_SS1321    (4)    7 :  0.221 0.220 0.399 0.160 
486 NS_SS1333    (0)    7 :  0.184 0.140 0.444 0.233 
487 NS_SS1364    (1)    7 :  0.163 0.427 0.280 0.130 
488 NS_SS1379    (0)    7 :  0.224 0.239 0.181 0.356 
489 NS_SS1332    (0)    7 :  0.172 0.179 0.475 0.174 
490 NS_SS1338    (5)    7 :  0.418 0.157 0.306 0.119 
491 NS_SS1368    (6)    7 :  0.116 0.381 0.350 0.153 
492 NS_SS1354    (1)    7 :  0.188 0.425 0.195 0.192 
493 NS_SS1365    (0)    7 :  0.331 0.250 0.151 0.268 
494 NS_SS1380    (1)    7 :  0.261 0.432 0.130 0.176 
495 NS_SS1329    (8)    7 :  0.086 0.453 0.308 0.152 
496 NS_SS1362    (0)    7 :  0.159 0.308 0.248 0.286 
497 NS_SS1327    (2)    7 :  0.160 0.068 0.646 0.126 
498 NS_SS1350    (0)    7 :  0.092 0.105 0.294 0.509 
499 NS_SS1387    (2)    7 :  0.494 0.151 0.207 0.148 
500 NS_SS1369    (8)    7 :  0.237 0.317 0.313 0.133 
501 NS_SS1331    (1)    7 :  0.377 0.137 0.272 0.215 
502 NS_SS1357    (4)    7 :  0.077 0.113 0.256 0.554 
503 NS_SS1386    (1)    7 :  0.097 0.286 0.504 0.113 
504 NS_SS1353    (2)    7 :  0.141 0.187 0.200 0.471 
505 NS_SS1323    (0)    7 :  0.188 0.395 0.114 0.303 
506 HI_SS0296    (0)    8 :  0.357 0.135 0.307 0.202 
507 HI_SS0297    (0)    8 :  0.186 0.189 0.181 0.445 
508 HI_SS0299    (0)    8 :  0.275 0.311 0.244 0.170 
509 HI_SS0300    (0)    8 :  0.360 0.242 0.209 0.189 
510 HI_SS0301    (0)    8 :  0.537 0.233 0.155 0.075 
511 HI_SS0302    (0)    8 :  0.443 0.170 0.273 0.114 
512 HI_SS0303    (0)    8 :  0.128 0.162 0.396 0.313 
513 HI_SS0304    (0)    8 :  0.352 0.104 0.200 0.344 
514 HI_SS0306    (5)    8 :  0.349 0.150 0.355 0.146 
515 HI_SS0307    (1)    8 :  0.253 0.337 0.156 0.255 
516 HI_SS0308    (1)    8 :  0.321 0.368 0.170 0.142 
517 HI_SS0309    (0)    8 :  0.228 0.489 0.151 0.132 
518 HI_SS0310    (0)    8 :  0.261 0.184 0.218 0.337 
519 HI_SS0311    (3)    8 :  0.409 0.244 0.197 0.149 
520 HI_SS0314    (0)    8 :  0.146 0.179 0.218 0.457 
521 HI_SS0316    (1)    8 :  0.196 0.249 0.324 0.231 
522 HI_SS0317    (3)    8 :  0.339 0.256 0.213 0.192 
523 HI_SS0318    (1)    8 :  0.223 0.203 0.439 0.135 
524 HI_SS0319    (0)    8 :  0.095 0.214 0.549 0.142 
525 HI_SS0320    (3)    8 :  0.286 0.157 0.159 0.398 
526 HI_SS0321    (0)    8 :  0.182 0.224 0.352 0.242 
527 HI_SS0323    (1)    8 :  0.286 0.134 0.386 0.194 
528 HI_SS0325    (2)    8 :  0.385 0.170 0.316 0.129 
529 HI_SS0327    (1)    8 :  0.060 0.277 0.357 0.307 
530 HI_SS0329    (1)    8 :  0.360 0.180 0.189 0.271 
531 HI_SS0333    (1)    8 :  0.237 0.215 0.276 0.273 
532 HI_SS0334    (1)    8 :  0.207 0.281 0.375 0.138 
533 HI_SS0335    (1)    8 :  0.180 0.497 0.116 0.207 
534 HI_SS0339    (0)    8 :  0.332 0.324 0.144 0.200 
535 HI_SS0343    (2)    8 :  0.118 0.483 0.133 0.266 
536 HI_SS0344    (1)    8 :  0.126 0.140 0.599 0.135 
537 HI_SS0345    (3)    8 :  0.351 0.325 0.176 0.148 
538 HI_SS0346    (0)    8 :  0.302 0.189 0.318 0.192 
539 HI_SS0350    (1)    8 :  0.226 0.512 0.073 0.189 
540 HI_SS0351    (0)    8 :  0.138 0.544 0.183 0.134 
541 HI_SS0352    (3)    8 :  0.225 0.362 0.170 0.244 
542 HI_SS0362    (0)    8 :  0.496 0.151 0.193 0.160 
543 HI_SS0363    (1)    8 :  0.110 0.248 0.409 0.233 
544 HI_SS0365    (0)    8 :  0.122 0.269 0.370 0.239 
545 HI_SS0366    (0)    8 :  0.162 0.172 0.515 0.151 
546 HI_SS0367    (1)    8 :  0.201 0.318 0.142 0.339 
547 HI_SS0369    (1)    8 :  0.367 0.219 0.130 0.284 
548 HI_SS0370    (0)    8 :  0.089 0.194 0.213 0.504 
549 HI_SS0371    (4)    8 :  0.335 0.135 0.387 0.143 
550 HI_SS0373    (3)    8 :  0.263 0.175 0.243 0.319 
551 HI_SS0374    (0)    8 :  0.241 0.244 0.176 0.339 
552 HI_SS0377    (0)    8 :  0.198 0.501 0.205 0.095 
553 HI_SS0379    (1)    8 :  0.111 0.175 0.630 0.084 
554 HI_SS0380    (1)    8 :  0.235 0.327 0.170 0.267 
555 HI_SS0381    (2)    8 :  0.327 0.399 0.123 0.152 
556 HI_SS0384    (3)    8 :  0.166 0.107 0.338 0.389 
557 HI_SS0385    (1)    8 :  0.376 0.099 0.284 0.241 


Estimated Allele Frequencies in each cluster
First column gives estimated ancestral frequencies


Locus 1 : 
2 alleles
3.4% missing data
   1   (0.736) 0.698 0.755 0.733 0.767 
   2   (0.264) 0.302 0.245 0.267 0.233 

Locus 2 : 
2 alleles
4.3% missing data
   1   (0.885) 0.908 0.888 0.910 0.851 
   2   (0.115) 0.092 0.112 0.090 0.149 

Locus 3 : 
2 alleles
3.9% missing data
   1   (0.863) 0.856 0.887 0.865 0.860 
   2   (0.137) 0.144 0.113 0.135 0.140 

Locus 4 : 
2 alleles
2.7% missing data
   1   (0.886) 0.886 0.882 0.899 0.902 
   2   (0.114) 0.114 0.118 0.101 0.098 

Locus 5 : 
2 alleles
2.7% missing data
   1   (0.821) 0.832 0.846 0.810 0.811 
   2   (0.179) 0.168 0.154 0.190 0.189 

Locus 6 : 
2 alleles
3.2% missing data
   1   (0.790) 0.815 0.797 0.760 0.804 
   2   (0.210) 0.185 0.203 0.240 0.196 

Locus 7 : 
2 alleles
3.8% missing data
   1   (0.803) 0.787 0.810 0.794 0.838 
   2   (0.197) 0.213 0.190 0.206 0.162 

Locus 8 : 
2 alleles
4.8% missing data
   1   (0.704) 0.728 0.720 0.694 0.686 
   2   (0.296) 0.272 0.280 0.306 0.314 

Locus 9 : 
2 alleles
3.1% missing data
   1   (0.791) 0.810 0.803 0.754 0.813 
   2   (0.209) 0.190 0.197 0.246 0.187 

Locus 10 : 
2 alleles
4.7% missing data
   1   (0.888) 0.894 0.878 0.882 0.922 
   2   (0.112) 0.106 0.122 0.118 0.078 

Locus 11 : 
2 alleles
3.2% missing data
   1   (0.863) 0.852 0.890 0.832 0.889 
   2   (0.137) 0.148 0.110 0.168 0.111 

Locus 12 : 
2 alleles
4.8% missing data
   1   (0.729) 0.744 0.735 0.745 0.710 
   2   (0.271) 0.256 0.265 0.255 0.290 

Locus 13 : 
2 alleles
4.7% missing data
   1   (0.885) 0.881 0.892 0.882 0.908 
   2   (0.115) 0.119 0.108 0.118 0.092 

Locus 14 : 
2 alleles
3.9% missing data
   1   (0.875) 0.880 0.867 0.871 0.904 
   2   (0.125) 0.120 0.133 0.129 0.096 

Locus 15 : 
2 alleles
3.9% missing data
   1   (0.505) 0.512 0.496 0.526 0.487 
   2   (0.495) 0.488 0.504 0.474 0.513 

Locus 16 : 
2 alleles
4.3% missing data
   1   (0.606) 0.679 0.593 0.560 0.598 
   2   (0.394) 0.321 0.407 0.440 0.402 

Locus 17 : 
2 alleles
4.1% missing data
   1   (0.773) 0.798 0.787 0.763 0.757 
   2   (0.227) 0.202 0.213 0.237 0.243 

Locus 18 : 
2 alleles
2.3% missing data
   1   (0.893) 0.902 0.880 0.919 0.895 
   2   (0.107) 0.098 0.120 0.081 0.105 

Locus 19 : 
2 alleles
4.3% missing data
   1   (0.709) 0.743 0.714 0.692 0.700 
   2   (0.291) 0.257 0.286 0.308 0.300 

Locus 20 : 
2 alleles
3.2% missing data
   1   (0.883) 0.913 0.828 0.904 0.906 
   2   (0.117) 0.087 0.172 0.096 0.094 

Locus 21 : 
2 alleles
3.4% missing data
   1   (0.560) 0.567 0.629 0.473 0.561 
   2   (0.440) 0.433 0.371 0.527 0.439 

Locus 22 : 
2 alleles
4.8% missing data
   1   (0.853) 0.856 0.873 0.852 0.852 
   2   (0.147) 0.144 0.127 0.148 0.148 

Locus 23 : 
2 alleles
4.3% missing data
   1   (0.883) 0.888 0.917 0.890 0.847 
   2   (0.117) 0.112 0.083 0.110 0.153 

Locus 24 : 
2 alleles
3.2% missing data
   1   (0.542) 0.568 0.539 0.539 0.523 
   2   (0.458) 0.432 0.461 0.461 0.477 

Locus 25 : 
2 alleles
4.3% missing data
   2   (0.470) 0.467 0.432 0.489 0.498 
   1   (0.530) 0.533 0.568 0.511 0.502 

Locus 26 : 
2 alleles
4.3% missing data
   1   (0.839) 0.855 0.841 0.866 0.815 
   2   (0.161) 0.145 0.159 0.134 0.185 

Locus 27 : 
2 alleles
2.2% missing data
   1   (0.600) 0.617 0.584 0.636 0.573 
   2   (0.400) 0.383 0.416 0.364 0.427 

Locus 28 : 
2 alleles
4.1% missing data
   1   (0.861) 0.872 0.814 0.877 0.901 
   2   (0.139) 0.128 0.186 0.123 0.099 

Locus 29 : 
2 alleles
1.8% missing data
   1   (0.879) 0.873 0.901 0.884 0.880 
   2   (0.121) 0.127 0.099 0.116 0.120 

Locus 30 : 
2 alleles
4.5% missing data
   1   (0.865) 0.882 0.867 0.874 0.862 
   2   (0.135) 0.118 0.133 0.126 0.138 

Locus 31 : 
2 alleles
4.3% missing data
   1   (0.787) 0.807 0.747 0.803 0.813 
   2   (0.213) 0.193 0.253 0.197 0.187 

Locus 32 : 
2 alleles
2.0% missing data
   1   (0.734) 0.772 0.703 0.742 0.737 
   2   (0.266) 0.228 0.297 0.258 0.263 

Locus 33 : 
2 alleles
3.6% missing data
   1   (0.760) 0.772 0.736 0.734 0.815 
   2   (0.240) 0.228 0.264 0.266 0.185 

Locus 34 : 
2 alleles
3.6% missing data
   1   (0.810) 0.775 0.822 0.833 0.828 
   2   (0.190) 0.225 0.178 0.167 0.172 

Locus 35 : 
2 alleles
3.8% missing data
   1   (0.866) 0.852 0.856 0.899 0.879 
   2   (0.134) 0.148 0.144 0.101 0.121 

Locus 36 : 
2 alleles
2.9% missing data
   1   (0.757) 0.746 0.781 0.755 0.757 
   2   (0.243) 0.254 0.219 0.245 0.243 

Locus 37 : 
2 alleles
2.2% missing data
   1   (0.742) 0.732 0.781 0.727 0.735 
   2   (0.258) 0.268 0.219 0.273 0.265 

Locus 38 : 
2 alleles
1.4% missing data
   1   (0.870) 0.876 0.900 0.827 0.888 
   2   (0.130) 0.124 0.100 0.173 0.112 

Locus 39 : 
2 alleles
3.2% missing data
   1   (0.703) 0.682 0.701 0.749 0.693 
   2   (0.297) 0.318 0.299 0.251 0.307 

Locus 40 : 
2 alleles
3.8% missing data
   1   (0.572) 0.551 0.566 0.547 0.628 
   2   (0.428) 0.449 0.434 0.453 0.372 

Locus 41 : 
2 alleles
3.4% missing data
   1   (0.879) 0.913 0.865 0.882 0.880 
   2   (0.121) 0.087 0.135 0.118 0.120 

Locus 42 : 
2 alleles
4.5% missing data
   2   (0.235) 0.208 0.271 0.160 0.294 
   1   (0.765) 0.792 0.729 0.840 0.706 

Locus 43 : 
2 alleles
2.0% missing data
   1   (0.817) 0.820 0.817 0.816 0.837 
   2   (0.183) 0.180 0.183 0.184 0.163 

Locus 44 : 
2 alleles
4.7% missing data
   1   (0.582) 0.585 0.590 0.570 0.590 
   2   (0.418) 0.415 0.410 0.430 0.410 

Locus 45 : 
2 alleles
3.2% missing data
   1   (0.869) 0.902 0.841 0.875 0.883 
   2   (0.131) 0.098 0.159 0.125 0.117 

Locus 46 : 
2 alleles
2.3% missing data
   1   (0.779) 0.793 0.814 0.791 0.723 
   2   (0.221) 0.207 0.186 0.209 0.277 

Locus 47 : 
2 alleles
4.5% missing data
   1   (0.884) 0.896 0.895 0.894 0.874 
   2   (0.116) 0.104 0.105 0.106 0.126 

Locus 48 : 
2 alleles
4.5% missing data
   1   (0.815) 0.809 0.849 0.816 0.796 
   2   (0.185) 0.191 0.151 0.184 0.204 

Locus 49 : 
2 alleles
4.5% missing data
   1   (0.816) 0.864 0.776 0.835 0.809 
   2   (0.184) 0.136 0.224 0.165 0.191 

Locus 50 : 
2 alleles
3.4% missing data
   1   (0.658) 0.624 0.700 0.655 0.655 
   2   (0.342) 0.376 0.300 0.345 0.345 

Locus 51 : 
2 alleles
1.4% missing data
   1   (0.602) 0.583 0.633 0.604 0.586 
   2   (0.398) 0.417 0.367 0.396 0.414 

Locus 52 : 
2 alleles
4.1% missing data
   1   (0.658) 0.659 0.673 0.661 0.646 
   2   (0.342) 0.341 0.327 0.339 0.354 

Locus 53 : 
2 alleles
4.5% missing data
   1   (0.852) 0.826 0.882 0.826 0.881 
   2   (0.148) 0.174 0.118 0.174 0.119 

Locus 54 : 
2 alleles
3.8% missing data
   1   (0.862) 0.884 0.843 0.887 0.860 
   2   (0.138) 0.116 0.157 0.113 0.140 

Locus 55 : 
2 alleles
3.2% missing data
   1   (0.881) 0.907 0.902 0.883 0.848 
   2   (0.119) 0.093 0.098 0.117 0.152 

Locus 56 : 
2 alleles
3.2% missing data
   1   (0.798) 0.790 0.837 0.809 0.762 
   2   (0.202) 0.210 0.163 0.191 0.238 

Locus 57 : 
2 alleles
4.5% missing data
   1   (0.663) 0.635 0.682 0.688 0.651 
   2   (0.337) 0.365 0.318 0.312 0.349 

Locus 58 : 
2 alleles
4.1% missing data
   1   (0.840) 0.812 0.876 0.862 0.817 
   2   (0.160) 0.188 0.124 0.138 0.183 

Locus 59 : 
2 alleles
4.8% missing data
   1   (0.817) 0.820 0.799 0.860 0.808 
   2   (0.183) 0.180 0.201 0.140 0.192 

Locus 60 : 
2 alleles
2.5% missing data
   1   (0.859) 0.840 0.877 0.846 0.889 
   2   (0.141) 0.160 0.123 0.154 0.111 

Locus 61 : 
2 alleles
3.9% missing data
   1   (0.776) 0.806 0.762 0.774 0.781 
   2   (0.224) 0.194 0.238 0.226 0.219 

Locus 62 : 
2 alleles
2.0% missing data
   1   (0.840) 0.863 0.853 0.797 0.862 
   2   (0.160) 0.137 0.147 0.203 0.138 

Locus 63 : 
2 alleles
4.1% missing data
   1   (0.757) 0.763 0.782 0.740 0.752 
   2   (0.243) 0.237 0.218 0.260 0.248 

Locus 64 : 
2 alleles
3.2% missing data
   1   (0.872) 0.850 0.898 0.904 0.848 
