   NS_SS0963  1 0.3008 0.1379 0.2842 0.1635 0.1137 
   NS_SS0983  1 0.1689 0.1009 0.2224 0.1562 0.3516 
   NS_SS0719  1 0.2605 0.1617 0.1435 0.2346 0.1997 
   NS_SS1001  1 0.0830 0.3394 0.2040 0.2532 0.1203 
   NS_SS0936  1 0.2732 0.2658 0.2626 0.0912 0.1072 
   NS_SS0955  1 0.1885 0.0927 0.2866 0.1960 0.2362 
   NS_SS0944  1 0.1174 0.1753 0.3286 0.1731 0.2056 
   NS_SS0945  1 0.1503 0.2863 0.1837 0.1612 0.2184 
   NS_SS0922  1 0.1941 0.3507 0.1421 0.2008 0.1123 
   NS_SS0929  1 0.2140 0.1220 0.2587 0.1494 0.2559 
   NS_SS0956  1 0.1192 0.2193 0.1442 0.4186 0.0986 
   NS_SS0906  1 0.1803 0.1235 0.3515 0.1338 0.2109 
   NS_SS0721  1 0.1848 0.1273 0.1323 0.4067 0.1489 
   NS_SS0982  1 0.2593 0.1482 0.2439 0.2254 0.1232 
   NS_SS0923  1 0.1913 0.2267 0.2295 0.2025 0.1499 
   NS_SS0905  1 0.1229 0.1877 0.2736 0.2303 0.1856 
   NS_SS0925  1 0.1549 0.2081 0.3528 0.1971 0.0872 
   NS_SS0947  1 0.2115 0.2423 0.2836 0.1317 0.1308 
   NS_SS0926  1 0.3349 0.0763 0.1410 0.1358 0.3120 
   NS_SS0918  1 0.1581 0.1238 0.4004 0.2331 0.0847 
   NS_SS0966  1 0.2392 0.1632 0.3187 0.1531 0.1257 
   NS_SS0938  1 0.4149 0.2633 0.1095 0.1103 0.1019 
   NS_SS0917  1 0.2504 0.1985 0.0859 0.1552 0.3101 
   NS_SS0957  1 0.1691 0.1405 0.1710 0.3563 0.1631 
   NS_SS0987  1 0.1330 0.0970 0.1632 0.4644 0.1424 
   NS_SS0717  1 0.0856 0.3135 0.2202 0.2742 0.1066 
   NS_SS0986  1 0.2231 0.1065 0.1838 0.2874 0.1993 
   NS_SS0953  1 0.0763 0.2372 0.3956 0.1817 0.1091 
   NS_SS0907  1 0.1700 0.1193 0.4329 0.1146 0.1632 
   NS_SS0974  1 0.1654 0.2458 0.2803 0.1051 0.2035 
   NS_SS0989  1 0.2923 0.1596 0.0857 0.1063 0.3560 
   NS_SS0991  1 0.0911 0.0633 0.3532 0.2913 0.2011 
   NS_SS0994  1 0.1131 0.2079 0.1211 0.0914 0.4665 
   NS_SS0931  1 0.2359 0.0756 0.2101 0.2100 0.2684 
   NS_SS1000  1 0.2067 0.3031 0.2375 0.1382 0.1145 
   NS_SS0919  1 0.3751 0.0793 0.2449 0.1007 0.2000 
   NS_SS0949  1 0.2486 0.1684 0.1317 0.1622 0.2891 
   NS_SS0960  1 0.1588 0.1102 0.2550 0.2267 0.2493 
   NS_SS0716  1 0.1172 0.2868 0.0650 0.4110 0.1200 
   NS_SS0924  1 0.2265 0.1093 0.2491 0.1981 0.2169 
   NS_SS0935  1 0.0910 0.1196 0.1971 0.2730 0.3193 
   NS_SS0952  1 0.1889 0.1133 0.2933 0.1237 0.2808 
   NS_SS0962  1 0.3775 0.2148 0.1238 0.1855 0.0983 
   NS_SS0973  1 0.1434 0.1627 0.3940 0.1432 0.1566 
   NS_SS0722  1 0.0781 0.4260 0.2976 0.1117 0.0866 
   NS_SS0979  1 0.2310 0.1514 0.2083 0.2998 0.1095 
   NS_SS0993  1 0.1693 0.2407 0.3207 0.1821 0.0872 
   NS_SS0958  1 0.1629 0.1860 0.1722 0.1792 0.2998 
   NS_SS0988  1 0.3766 0.0878 0.1994 0.1616 0.1746 
   NS_SS1003  1 0.4533 0.0796 0.1401 0.2615 0.0656 
   NS_SS0976  1 0.2811 0.0965 0.2256 0.1381 0.2587 
   NS_SS0964  1 0.0957 0.3794 0.1470 0.2703 0.1075 
   NS_SS0939  1 0.1680 0.3123 0.0585 0.3745 0.0867 
   NS_SS0990  1 0.2830 0.1976 0.0827 0.2046 0.2321 
   NS_SS0984  1 0.2025 0.3585 0.1543 0.1886 0.0961 
   NS_SS0980  1 0.1155 0.2957 0.3648 0.0977 0.1262 
   NS_SS0978  1 0.2015 0.2954 0.2305 0.1210 0.1515 
   NS_SS0951  1 0.0904 0.0926 0.2705 0.3464 0.2001 
   NS_SS0913  1 0.1352 0.2449 0.1574 0.3241 0.1384 
   NS_SS1002  1 0.5260 0.1102 0.2030 0.0806 0.0802 
   NS_SS0948  1 0.2180 0.1171 0.2813 0.1930 0.1907 
   NS_SS0916  1 0.2182 0.2713 0.1193 0.1473 0.2439 
   NS_SS0995  1 0.1923 0.2647 0.1590 0.2190 0.1650 
   NS_SS0927  1 0.2381 0.2265 0.1283 0.1214 0.2856 
   NS_SS0992  1 0.2475 0.2757 0.1532 0.0852 0.2384 
   NS_SS0912  1 0.2090 0.0902 0.1581 0.3405 0.2021 
   NS_SS0981  1 0.3077 0.1024 0.2363 0.2499 0.1036 
   NS_SS0729  2 0.1334 0.1836 0.2507 0.0611 0.3711 
   NS_SS0967  2 0.3424 0.1530 0.2729 0.1264 0.1053 
   NS_SS0941  2 0.2038 0.3315 0.1317 0.1794 0.1535 
   NS_SS0768  2 0.1920 0.1530 0.2220 0.3009 0.1321 
   NS_SS0726  2 0.2739 0.2202 0.1614 0.0751 0.2695 
   NS_SS0763  2 0.1476 0.2213 0.1877 0.1357 0.3078 
   NS_SS0730  2 0.2622 0.2493 0.1353 0.2360 0.1172 
   NS_SS0774  2 0.1722 0.3659 0.2267 0.1369 0.0983 
   NS_SS0723  2 0.2681 0.2263 0.2628 0.1712 0.0716 
   NS_SS0940  2 0.2124 0.2530 0.1022 0.1991 0.2333 
   NS_SS0762  2 0.0885 0.4277 0.2038 0.2042 0.0758 
   NS_SS0766  2 0.1107 0.3322 0.0917 0.2497 0.2157 
   NS_SS0724  2 0.1265 0.1935 0.2724 0.3031 0.1045 
   NS_SS0769  2 0.2990 0.1789 0.1572 0.2017 0.1632 
   NS_SS0777  2 0.2078 0.0992 0.2138 0.2369 0.2423 
   NS_SS0734  2 0.1368 0.2053 0.1334 0.2979 0.2265 
   NS_SS0737  2 0.1470 0.4993 0.1141 0.1490 0.0906 
   NS_SS0732  2 0.1169 0.1384 0.2315 0.4145 0.0986 
   NS_SS0728  2 0.1470 0.2998 0.1501 0.2295 0.1735 
   NS_SS0735  2 0.0809 0.3348 0.2338 0.2304 0.1201 
   NS_SS0725  2 0.2015 0.3615 0.1300 0.1829 0.1241 
   NS_SS0788  2 0.4039 0.1431 0.1465 0.1543 0.1522 
   NS_SS0778  2 0.3124 0.1025 0.1715 0.1961 0.2175 
   NS_SS0792  2 0.1155 0.1565 0.2137 0.2810 0.2333 
   NS_SS0943  2 0.1044 0.0911 0.3386 0.1873 0.2786 
   NS_SS0791  2 0.1226 0.2280 0.1036 0.2717 0.2740 
   NS_SS0790  2 0.1101 0.2024 0.2961 0.3375 0.0538 
   NS_SS0731  2 0.1276 0.1875 0.1633 0.4111 0.1105 
   NS_SS0727  2 0.0716 0.3863 0.1235 0.1018 0.3168 
   NS_SS0779  2 0.2110 0.1736 0.2268 0.2276 0.1609 
   NS_SS0776  2 0.1936 0.3101 0.1273 0.1945 0.1746 
   NS_SS0775  2 0.1251 0.4024 0.1202 0.2430 0.1093 
   NS_SS0965  3 0.2191 0.1086 0.2342 0.3191 0.1190 
   NS_SS0754  3 0.1502 0.1312 0.1379 0.2877 0.2930 
   NS_SS0838  3 0.2467 0.2134 0.1954 0.1515 0.1929 
   NS_SS0839  3 0.2102 0.2975 0.1715 0.2270 0.0939 
   NS_SS0832  3 0.1675 0.1640 0.3582 0.2489 0.0614 
   NS_SS0820  3 0.3223 0.1500 0.1835 0.2686 0.0757 
   NS_SS0886  3 0.2000 0.1459 0.1385 0.2546 0.2610 
   NS_SS0748  3 0.1910 0.0983 0.3134 0.1909 0.2064 
   NS_SS0884  3 0.1680 0.2155 0.2444 0.1762 0.1960 
   NS_SS0752  3 0.1789 0.3077 0.2189 0.1389 0.1556 
   NS_SS0862  3 0.1184 0.1425 0.2464 0.4060 0.0867 
   NS_SS0787  3 0.1464 0.1054 0.1449 0.1438 0.4595 
   NS_SS0843  3 0.1374 0.2061 0.2723 0.2185 0.1657 
   NS_SS0856  3 0.2388 0.3367 0.0804 0.1505 0.1936 
   NS_SS0846  3 0.2417 0.1777 0.3262 0.0690 0.1853 
   NS_SS0825  3 0.3931 0.0948 0.1470 0.2107 0.1544 
   NS_SS0757  3 0.1429 0.1160 0.2645 0.2737 0.2029 
   NS_SS0876  3 0.1554 0.2700 0.2250 0.1998 0.1498 
   NS_SS0903  3 0.1820 0.2764 0.3644 0.0903 0.0869 
   NS_SS0875  3 0.2432 0.1986 0.1400 0.2600 0.1581 
   NS_SS0740  3 0.1279 0.2294 0.2722 0.2099 0.1605 
   NS_SS0811  3 0.1039 0.1668 0.1664 0.4643 0.0986 
   NS_SS0751  3 0.3020 0.2750 0.1132 0.1712 0.1387 
   NS_SS0891  3 0.2331 0.2767 0.1524 0.1760 0.1618 
   NS_SS0867  3 0.1800 0.0698 0.4039 0.1557 0.1905 
   NS_SS0890  3 0.2102 0.2020 0.2456 0.1720 0.1704 
   NS_SS0866  3 0.1297 0.1594 0.1179 0.1339 0.4591 
   NS_SS0755  3 0.1774 0.1471 0.2685 0.2458 0.1612 
   NS_SS0758  3 0.1711 0.2769 0.2157 0.1515 0.1848 
   NS_SS0840  3 0.2831 0.1908 0.2505 0.2048 0.0708 
   NS_SS0889  3 0.1258 0.1105 0.1631 0.2661 0.3345 
   NS_SS1010  3 0.3480 0.1425 0.1892 0.1606 0.1597 
   NS_SS0888  3 0.0783 0.2270 0.1057 0.1656 0.4234 
   NS_SS0837  3 0.1275 0.1177 0.3133 0.3452 0.0963 
   NS_SS0794  3 0.0805 0.2518 0.1368 0.1765 0.3544 
   NS_SS0823  3 0.1778 0.2485 0.3568 0.1227 0.0943 
   NS_SS0829  3 0.0941 0.0647 0.2456 0.2609 0.3347 
   NS_SS0844  3 0.1359 0.1044 0.5703 0.1221 0.0673 
   NS_SS1008  3 0.0951 0.2905 0.1506 0.1676 0.2963 
   NS_SS0881  3 0.3710 0.1379 0.1056 0.1854 0.2000 
   NS_SS0834  3 0.2275 0.4024 0.1408 0.1316 0.0977 
   NS_SS0744  3 0.2538 0.1561 0.2261 0.1792 0.1848 
   NS_SS0899  3 0.0940 0.1714 0.2564 0.3989 0.0793 
   NS_SS0804  3 0.2033 0.1841 0.2687 0.2817 0.0621 
   NS_SS0781  3 0.3132 0.1819 0.2669 0.1604 0.0775 
   NS_SS0822  3 0.0963 0.2525 0.3110 0.1520 0.1882 
   NS_SS1004  3 0.1739 0.1513 0.3647 0.1787 0.1313 
   NS_SS0746  3 0.1773 0.1655 0.3739 0.1063 0.1770 
   NS_SS0880  3 0.2032 0.2000 0.3150 0.1686 0.1133 
   NS_SS0879  3 0.1341 0.2895 0.2243 0.2121 0.1401 
   NS_SS0753  3 0.1063 0.0964 0.2819 0.2683 0.2472 
   NS_SS1007  3 0.3043 0.3572 0.0810 0.1003 0.1571 
   NS_SS0872  3 0.2321 0.2533 0.2233 0.1660 0.1253 
   NS_SS1005  3 0.2244 0.1888 0.3592 0.1228 0.1047 
   NS_SS0892  3 0.1915 0.2177 0.1859 0.2192 0.1857 
   NS_SS0898  3 0.1672 0.1471 0.2095 0.2322 0.2439 
   NS_SS0801  3 0.1519 0.1175 0.2918 0.2890 0.1497 
   NS_SS0827  3 0.1782 0.0981 0.1555 0.3569 0.2113 
   NS_SS0853  3 0.0993 0.1135 0.1315 0.4136 0.2422 
   NS_SS0780  3 0.2785 0.1972 0.1661 0.2510 0.1072 
   NS_SS0826  3 0.4230 0.0671 0.2548 0.1244 0.1306 
   NS_SS0818  3 0.2349 0.2712 0.1740 0.2446 0.0753 
   NS_SS0745  3 0.1204 0.4109 0.0589 0.3348 0.0750 
   NS_SS0849  3 0.1786 0.0883 0.1718 0.4546 0.1068 
   NS_SS0739  3 0.3089 0.1828 0.0904 0.2500 0.1679 
   NS_SS0799  3 0.0780 0.2407 0.2270 0.1897 0.2646 
   NS_SS0756  3 0.2867 0.1133 0.3355 0.1841 0.0804 
   NS_SS0802  3 0.3382 0.1946 0.1587 0.0977 0.2108 
   NS_SS0747  3 0.2490 0.1531 0.2984 0.1366 0.1629 
   NS_SS0835  3 0.2034 0.1392 0.1581 0.0939 0.4054 
   NS_SS0742  3 0.2603 0.1715 0.2597 0.1896 0.1190 
   NS_SS0760  3 0.1501 0.1466 0.1826 0.1408 0.3800 
   NS_SS0803  3 0.0748 0.2058 0.5308 0.1042 0.0845 
   NS_SS0828  3 0.1383 0.1549 0.1775 0.3505 0.1788 
   NS_SS0865  3 0.2802 0.0831 0.2169 0.2380 0.1817 
   NS_SS0759  3 0.1797 0.2862 0.1901 0.2588 0.0853 
   NS_SS0851  3 0.1311 0.1579 0.1209 0.5011 0.0891 
   NS_SS0874  3 0.1215 0.1802 0.4652 0.1413 0.0918 
   NS_SS0761  3 0.1592 0.0754 0.2151 0.2170 0.3333 
   NS_SS0842  3 0.1447 0.1996 0.2129 0.1920 0.2507 
   NS_SS0785  3 0.1454 0.1483 0.2890 0.1724 0.2449 
   NS_SS0860  3 0.1651 0.1352 0.1895 0.1025 0.4077 
   NS_SS0897  3 0.0991 0.1242 0.1216 0.2039 0.4513 
   NS_SS0841  3 0.1260 0.2435 0.1916 0.3577 0.0811 
   NS_SS0797  3 0.2041 0.0811 0.1792 0.2960 0.2396 
   NS_SS0830  3 0.2420 0.1311 0.1824 0.2731 0.1714 
   NS_SS1011  3 0.3677 0.1260 0.2428 0.1730 0.0905 
   NS_SS0883  3 0.1099 0.1205 0.2188 0.3165 0.2343 
   NS_SS0782  3 0.1108 0.3408 0.1590 0.1438 0.2457 
   NS_SS0831  3 0.0918 0.0903 0.1480 0.3235 0.3464 
   NS_SS0749  3 0.1652 0.1954 0.1300 0.3010 0.2084 
   NS_SS0854  3 0.1220 0.3295 0.1795 0.1511 0.2179 
   HI_SS0193  4 0.1408 0.2383 0.1026 0.2289 0.2894 
   HI_SS0194  4 0.2531 0.3775 0.1464 0.1051 0.1179 
   HI_SS0195  4 0.2663 0.1841 0.0890 0.3911 0.0695 
   HI_SS0196  4 0.1351 0.3435 0.1514 0.1510 0.2191 
   HI_SS0197  4 0.6245 0.1124 0.0868 0.0719 0.1043 
   HI_SS0198  4 0.1646 0.1378 0.1496 0.3129 0.2353 
   HI_SS0199  4 0.1059 0.3095 0.1464 0.1143 0.3239 
   HI_SS0201  4 0.1354 0.0590 0.2501 0.1916 0.3639 
   HI_SS0215  4 0.1971 0.0721 0.1910 0.1774 0.3624 
   HI_SS0218  4 0.0727 0.1726 0.0819 0.2006 0.4722 
   HI_SS0222  4 0.2436 0.2341 0.0941 0.2420 0.1862 
   HI_SS0230  4 0.3790 0.1103 0.1884 0.2016 0.1206 
   HI_SS0234  4 0.3185 0.2767 0.1659 0.0683 0.1705 
   HI_SS0240  4 0.1413 0.4066 0.1200 0.1557 0.1765 
   HI_SS0241  4 0.1860 0.1280 0.1923 0.1621 0.3316 
   HI_SS0242  4 0.1563 0.1526 0.2694 0.2012 0.2205 
   HI_SS0247  4 0.1873 0.1006 0.4240 0.1608 0.1273 
   HI_SS0248  4 0.0625 0.2826 0.2437 0.0967 0.3144 
   HI_SS0252  4 0.0871 0.3040 0.2481 0.2355 0.1254 
   HI_SS0254  4 0.3743 0.1281 0.1933 0.1150 0.1894 
   HI_SS0256  4 0.2564 0.2558 0.2622 0.1824 0.0432 
   HI_SS0257  4 0.2059 0.1431 0.2806 0.0617 0.3086 
   HI_SS0258  4 0.1163 0.1645 0.1997 0.1962 0.3233 
   HI_SS0259  4 0.3614 0.2600 0.1070 0.1554 0.1162 
   HI_SS0260  4 0.1191 0.2501 0.1428 0.1275 0.3606 
   HI_SS0261  4 0.3033 0.1769 0.2344 0.0862 0.1992 
   HI_SS0262  4 0.1952 0.1879 0.1481 0.3104 0.1584 
   HI_SS0264  4 0.3154 0.1709 0.1509 0.2476 0.1152 
   HI_SS0265  4 0.3293 0.1334 0.1531 0.2585 0.1256 
   HI_SS0268  4 0.3167 0.1727 0.0619 0.2344 0.2143 
   HI_SS0269  4 0.2163 0.1292 0.1815 0.0606 0.4124 
   HI_SS0273  4 0.2148 0.1139 0.2481 0.1263 0.2968 
   HI_SS0277  4 0.5574 0.0704 0.1604 0.1202 0.0916 
   HI_SS0280  4 0.1600 0.2085 0.1014 0.3542 0.1760 
   HI_SS0282  4 0.1103 0.1448 0.3413 0.1770 0.2266 
   HI_SS0286  4 0.1937 0.1289 0.1586 0.3000 0.2190 
   NS_SS1252  5 0.0910 0.1283 0.1759 0.1457 0.4592 
   NS_SS1261  5 0.2564 0.1547 0.2224 0.1823 0.1842 
   NS_SS1225  5 0.1634 0.0901 0.4017 0.1207 0.2242 
   NS_SS1266  5 0.1475 0.1455 0.4841 0.1523 0.0707 
   NS_SS1228  5 0.1569 0.1501 0.1122 0.4382 0.1426 
   NS_SS1255  5 0.1006 0.4776 0.1555 0.0983 0.1680 
   NS_SS1267  5 0.1448 0.1032 0.0761 0.1708 0.5052 
   NS_SS1238  5 0.3139 0.1513 0.1135 0.2418 0.1796 
   NS_SS1233  5 0.1300 0.1338 0.4591 0.1848 0.0923 
   NS_SS1277  5 0.1103 0.2952 0.0822 0.1842 0.3281 
   NS_SS1245  5 0.1600 0.1847 0.3532 0.1075 0.1945 
   NS_SS1240  5 0.1952 0.1159 0.1167 0.0910 0.4812 
   NS_SS1275  5 0.4278 0.1416 0.1486 0.2147 0.0672 
   NS_SS1235  5 0.1907 0.3426 0.2651 0.0591 0.1425 
   NS_SS1263  5 0.1046 0.2975 0.3554 0.1532 0.0894 
   NS_SS1251  5 0.2023 0.1857 0.3847 0.1225 0.1048 
   NS_SS1248  5 0.1407 0.0760 0.0973 0.5403 0.1457 
   NS_SS1244  5 0.4139 0.0820 0.2285 0.1277 0.1479 
   NS_SS1257  5 0.1388 0.1998 0.1377 0.1714 0.3523 
   NS_SS1242  5 0.1668 0.3222 0.2039 0.2012 0.1059 
   NS_SS1271  5 0.1412 0.1193 0.1235 0.1510 0.4651 
   NS_SS1265  5 0.2067 0.1277 0.1755 0.1543 0.3358 
   NS_SS1243  5 0.0821 0.2552 0.1386 0.3761 0.1480 
   NS_SS1273  5 0.1841 0.3432 0.1741 0.2058 0.0928 
   NS_SS1254  5 0.1134 0.1780 0.4190 0.1806 0.1090 
   NS_SS1224  5 0.1404 0.1616 0.3011 0.2917 0.1052 
   NS_SS1227  5 0.2852 0.1775 0.1407 0.0957 0.3008 
   NS_SS1274  5 0.1307 0.2035 0.1836 0.2054 0.2769 
   NS_SS1241  5 0.1673 0.1357 0.2831 0.1692 0.2446 
   NS_SS1256  5 0.2476 0.1223 0.3328 0.0885 0.2088 
   NS_SS1260  5 0.1243 0.1767 0.1954 0.1259 0.3777 
   NS_SS1262  5 0.2174 0.0883 0.2683 0.2032 0.2228 
   NS_SS1230  5 0.1643 0.1891 0.1862 0.2048 0.2556 
   NS_SS1270  5 0.1629 0.0788 0.3222 0.3364 0.0997 
   NS_SS1229  5 0.3147 0.3456 0.1827 0.0563 0.1007 
   NS_SS1246  5 0.2987 0.2047 0.1245 0.0958 0.2763 
   NS_SS1269  5 0.1710 0.2324 0.1892 0.2454 0.1620 
   NS_SS1239  5 0.1034 0.3289 0.1465 0.3083 0.1128 
   NS_SS1272  5 0.5518 0.0913 0.1469 0.0994 0.1106 
   NS_SS1268  5 0.0772 0.1166 0.3196 0.3916 0.0950 
   NS_SS1249  5 0.0846 0.2056 0.1568 0.0927 0.4603 
   HI_SS0559  6 0.0776 0.2367 0.2052 0.2806 0.2000 
   HI_SS0563  6 0.2215 0.1654 0.2589 0.1815 0.1727 
   HI_SS0564  6 0.2602 0.1736 0.2202 0.2148 0.1312 
   HI_SS0565  6 0.3292 0.1169 0.2210 0.1204 0.2124 
   HI_SS0569  6 0.1425 0.0591 0.3897 0.1507 0.2580 
   HI_SS0570  6 0.1750 0.1557 0.0869 0.2122 0.3702 
   HI_SS0572  6 0.1730 0.3937 0.2245 0.0962 0.1126 
   HI_SS0576  6 0.1818 0.2183 0.1304 0.3719 0.0976 
   HI_SS0579  6 0.0817 0.1543 0.4583 0.1103 0.1954 
   HI_SS0580  6 0.0929 0.2703 0.1440 0.1842 0.3086 
   HI_SS0581  6 0.4091 0.1280 0.0932 0.2897 0.0800 
   HI_SS0583  6 0.1250 0.2224 0.2016 0.0903 0.3607 
   HI_SS0586  6 0.1318 0.0894 0.1004 0.2572 0.4212 
   HI_SS0588  6 0.1132 0.1504 0.2879 0.1733 0.2753 
   HI_SS0595  6 0.3753 0.1425 0.1255 0.0889 0.2678 
   HI_SS0596  6 0.0914 0.4828 0.1891 0.1351 0.1016 
   HI_SS0597  6 0.2636 0.3055 0.1979 0.1104 0.1226 
   HI_SS0600  6 0.2592 0.1591 0.1621 0.1473 0.2723 
   HI_SS0601  6 0.2595 0.0659 0.3389 0.1808 0.1550 
   HI_SS0602  6 0.1056 0.1637 0.1015 0.3397 0.2895 
   HI_SS0604  6 0.0967 0.2032 0.2930 0.2594 0.1477 
   HI_SS0605  6 0.1034 0.1592 0.1566 0.3356 0.2452 
   HI_SS0608  6 0.1505 0.2620 0.1168 0.3053 0.1653 
   HI_SS0609  6 0.2157 0.2036 0.3618 0.1153 0.1036 
   HI_SS0611  6 0.0912 0.1236 0.1152 0.3278 0.3422 
   HI_SS0612  6 0.1046 0.1803 0.4862 0.0537 0.1753 
   HI_SS0613  6 0.1049 0.1147 0.1796 0.4285 0.1722 
   HI_SS0615  6 0.2310 0.3354 0.1189 0.2341 0.0805 
   HI_SS0001  6 0.2149 0.3138 0.1153 0.0977 0.2583 
   HI_SS0002  6 0.2473 0.2142 0.3085 0.1414 0.0886 
   HI_SS0004  6 0.1131 0.2584 0.1002 0.2056 0.3227 
   HI_SS0005  6 0.2048 0.1135 0.0961 0.4360 0.1496 
   HI_SS0006  6 0.2115 0.1240 0.2984 0.0998 0.2664 
   HI_SS0007  6 0.0684 0.1449 0.0891 0.4317 0.2660 
   HI_SS0008  6 0.3310 0.1236 0.1936 0.2206 0.1312 
   HI_SS0009  6 0.0780 0.3086 0.1864 0.3304 0.0966 
   HI_SS0010  6 0.2000 0.1212 0.1710 0.2912 0.2166 
   HI_SS0011  6 0.2815 0.0896 0.3511 0.1788 0.0989 
   HI_SS0012  6 0.3619 0.1903 0.1757 0.1804 0.0917 
   HI_SS0017  6 0.1631 0.4416 0.1139 0.1507 0.1307 
   HI_SS0021  6 0.3094 0.1280 0.1217 0.1620 0.2790 
   HI_SS0024  6 0.3045 0.2327 0.0936 0.2592 0.1101 
   HI_SS0025  6 0.1014 0.3484 0.1936 0.2385 0.1181 
   HI_SS0027  6 0.0835 0.1415 0.2752 0.2525 0.2473 
   HI_SS0028  6 0.3704 0.1502 0.0864 0.3297 0.0633 
   HI_SS0029  6 0.2134 0.2921 0.0793 0.1934 0.2219 
   HI_SS0030  6 0.1935 0.2047 0.2052 0.1882 0.2085 
   HI_SS0031  6 0.3141 0.2114 0.2248 0.0920 0.1577 
   HI_SS0034  6 0.1046 0.1660 0.3043 0.1010 0.3241 
   HI_SS0036  6 0.2931 0.0993 0.0477 0.2090 0.3509 
   HI_SS0037  6 0.1041 0.1075 0.1629 0.2595 0.3660 
   HI_SS0039  6 0.1714 0.1031 0.1020 0.3467 0.2768 
   HI_SS0041  6 0.1799 0.2388 0.0960 0.3737 0.1117 
   HI_SS0042  6 0.3038 0.2308 0.1802 0.1946 0.0906 
   HI_SS0043  6 0.2528 0.0746 0.1077 0.1531 0.4118 
   HI_SS0044  6 0.1090 0.3769 0.0784 0.1378 0.2979 
   HI_SS0047  6 0.1750 0.2635 0.2174 0.2260 0.1181 
   HI_SS0049  6 0.1086 0.3617 0.2346 0.1573 0.1379 
   HI_SS0051  6 0.1105 0.0956 0.2847 0.3674 0.1418 
   HI_SS0053  6 0.2908 0.1068 0.1527 0.0995 0.3502 
   HI_SS0054  6 0.1289 0.0632 0.3339 0.1992 0.2747 
   HI_SS0057  6 0.2227 0.1508 0.1747 0.3272 0.1245 
   HI_SS0058  6 0.1085 0.1913 0.2253 0.1721 0.3029 
   HI_SS0060  6 0.2989 0.0909 0.1856 0.2978 0.1267 
   HI_SS0087  6 0.2868 0.1527 0.2454 0.1218 0.1933 
   HI_SS0091  6 0.2743 0.0951 0.1503 0.0699 0.4104 
   HI_SS0095  6 0.2828 0.1542 0.2030 0.1462 0.2137 
   HI_SS0097  6 0.1516 0.1171 0.5077 0.1187 0.1050 
   HI_SS0099  6 0.1460 0.3036 0.1237 0.2475 0.1793 
   HI_SS0103  6 0.2420 0.3124 0.1845 0.1088 0.1523 
   HI_SS0105  6 0.3713 0.0912 0.2297 0.1678 0.1399 
   HI_SS0107  6 0.2052 0.4088 0.1993 0.1112 0.0755 
   HI_SS0108  6 0.1296 0.1070 0.1474 0.1229 0.4931 
   HI_SS0110  6 0.4201 0.1703 0.1172 0.0775 0.2149 
   HI_SS0111  6 0.3157 0.1868 0.1093 0.2076 0.1805 
   HI_SS0112  6 0.1576 0.1449 0.1240 0.1346 0.4389 
   HI_SS0113  6 0.3012 0.2810 0.1605 0.1604 0.0968 
   HI_SS0114  6 0.1267 0.0839 0.2105 0.2917 0.2872 
   HI_SS0115  6 0.0652 0.3265 0.2170 0.1914 0.1999 
   HI_SS0116  6 0.1113 0.3242 0.1367 0.0955 0.3324 
   HI_SS0117  6 0.3378 0.0941 0.2559 0.0674 0.2449 
   HI_SS0118  6 0.1915 0.1643 0.2324 0.1058 0.3059 
   HI_SS0119  6 0.3706 0.0785 0.2009 0.1304 0.2196 
   HI_SS0120  6 0.3417 0.3836 0.1183 0.0787 0.0777 
   HI_SS0121  6 0.4628 0.0699 0.1540 0.2376 0.0757 
   HI_SS0122  6 0.2997 0.1523 0.1366 0.2083 0.2031 
   HI_SS0123  6 0.2896 0.1732 0.2609 0.0975 0.1788 
   HI_SS0124  6 0.1100 0.4354 0.1365 0.2310 0.0871 
   HI_SS0125  6 0.2584 0.2452 0.1403 0.2707 0.0853 
   HI_SS0126  6 0.1224 0.2583 0.1057 0.1120 0.4016 
   HI_SS0127  6 0.1132 0.1002 0.2386 0.4089 0.1391 
   HI_SS0128  6 0.2326 0.2926 0.2137 0.0989 0.1622 
   HI_SS0129  6 0.1908 0.2100 0.1025 0.1858 0.3109 
   HI_SS0131  6 0.1466 0.0739 0.2225 0.3053 0.2517 
   HI_SS0132  6 0.3342 0.1068 0.2113 0.1736 0.1740 
   HI_SS0133  6 0.1156 0.1520 0.1023 0.1499 0.4802 
   HI_SS0134  6 0.1918 0.1708 0.2800 0.1459 0.2115 
   HI_SS0142  6 0.2951 0.0970 0.2828 0.1730 0.1522 
   HI_SS0145  6 0.1225 0.2131 0.3359 0.1086 0.2199 
   HI_SS0146  6 0.0948 0.1711 0.2843 0.2016 0.2483 
   HI_SS0147  6 0.1573 0.1163 0.2290 0.3940 0.1035 
   HI_SS0149  6 0.5215 0.0761 0.1518 0.0851 0.1654 
   HI_SS0150  6 0.1924 0.2436 0.1656 0.3031 0.0953 
   HI_SS0151  6 0.0739 0.3260 0.1929 0.1978 0.2094 
   NS_SS1451  6 0.1940 0.3106 0.1208 0.2857 0.0889 
   NS_SS1404  6 0.1665 0.1542 0.1192 0.3937 0.1664 
   NS_SS1432  6 0.3995 0.2988 0.0625 0.1569 0.0824 
   NS_SS1405  6 0.1605 0.3351 0.1252 0.1834 0.1958 
   NS_SS1431  6 0.3630 0.2693 0.1369 0.1453 0.0854 
   NS_SS1402  6 0.2920 0.1901 0.1911 0.1120 0.2148 
   NS_SS1450  6 0.1294 0.2658 0.1183 0.1840 0.3026 
   NS_SS1396  6 0.2457 0.1782 0.1673 0.2453 0.1635 
   NS_SS1393  6 0.1611 0.2230 0.1522 0.2038 0.2598 
   NS_SS1392  6 0.1361 0.3827 0.0877 0.2514 0.1420 
   NS_SS1445  6 0.2333 0.0831 0.2249 0.1781 0.2806 
   NS_SS1423  6 0.3329 0.2227 0.1319 0.0856 0.2269 
   NS_SS1421  6 0.3016 0.1600 0.1879 0.1547 0.1959 
   NS_SS1411  6 0.0830 0.1108 0.1155 0.4112 0.2795 
   NS_SS1453  6 0.3717 0.1145 0.1005 0.1498 0.2636 
   NS_SS1442  6 0.1277 0.1741 0.3691 0.1776 0.1515 
   NS_SS1422  6 0.1671 0.2327 0.3586 0.0897 0.1520 
   NS_SS1419  6 0.1066 0.0989 0.4075 0.2697 0.1173 
   NS_SS1427  6 0.1446 0.2628 0.0638 0.0850 0.4439 
   NS_SS1444  6 0.1176 0.2028 0.2441 0.3114 0.1241 
   NS_SS1455  6 0.1706 0.3251 0.2965 0.1179 0.0900 
   NS_SS1425  6 0.1462 0.0757 0.2265 0.1622 0.3894 
   NS_SS1400  6 0.1083 0.1207 0.2514 0.2000 0.3196 
   NS_SS1406  6 0.3342 0.1453 0.3448 0.1122 0.0636 
   NS_SS1417  6 0.2019 0.1915 0.2305 0.1697 0.2064 
   NS_SS1454  6 0.3603 0.0922 0.1057 0.1778 0.2640 
   NS_SS1412  6 0.1599 0.2090 0.1453 0.2223 0.2636 
   NS_SS1438  6 0.1219 0.0751 0.2635 0.2072 0.3323 
   NS_SS1416  6 0.2230 0.1636 0.2003 0.2173 0.1957 
   NS_SS1401  6 0.3827 0.1390 0.1793 0.1095 0.1895 
   NS_SS1424  6 0.3607 0.1206 0.1563 0.1662 0.1962 
   NS_SS1435  6 0.2095 0.2745 0.0849 0.2671 0.1640 
   NS_SS1447  6 0.1672 0.1528 0.3014 0.2689 0.1098 
   NS_SS1414  6 0.1158 0.2173 0.2276 0.3431 0.0962 
   NS_SS1449  6 0.2942 0.2345 0.1639 0.1468 0.1606 
   NS_SS1443  6 0.1171 0.2315 0.2544 0.0707 0.3263 
   NS_SS1434  6 0.0975 0.4367 0.1716 0.0835 0.2107 
   NS_SS1398  6 0.2049 0.3182 0.1254 0.2006 0.1509 
   NS_SS1426  6 0.1824 0.1495 0.1358 0.1604 0.3720 
   NS_SS1413  6 0.1444 0.2679 0.1911 0.1207 0.2758 
   NS_SS1395  6 0.2745 0.1531 0.1716 0.1072 0.2937 
   NS_SS1448  6 0.1267 0.1836 0.0906 0.3484 0.2506 
   NS_SS1446  6 0.2349 0.1553 0.1673 0.1316 0.3109 
   NS_SS1403  6 0.4414 0.1805 0.1054 0.1522 0.1206 
   NS_SS1415  6 0.1378 0.1773 0.1587 0.2241 0.3022 
   NS_SS1437  6 0.3979 0.1333 0.1437 0.1926 0.1325 
   NS_SS1439  6 0.1610 0.1693 0.3482 0.1336 0.1878 
   NS_SS1441  6 0.1486 0.2466 0.2114 0.1006 0.2928 
   NS_SS1420  6 0.0662 0.1575 0.1008 0.5684 0.1071 
   NS_SS1394  6 0.2350 0.1877 0.1141 0.3678 0.0955 
   NS_SS1391  6 0.1776 0.3680 0.0935 0.0941 0.2668 
   NS_SS1410  6 0.2881 0.1737 0.1487 0.1391 0.2504 
   NS_SS1408  6 0.3324 0.1289 0.2254 0.1916 0.1216 
   NS_SS1409  6 0.1480 0.3651 0.1636 0.0838 0.2394 
   HI_SS0617  7 0.1118 0.3102 0.1315 0.1428 0.3037 
   HI_SS0618  7 0.1276 0.2728 0.1890 0.2772 0.1333 
   HI_SS0619  7 0.1374 0.2995 0.1111 0.2183 0.2337 
   HI_SS0620  7 0.0609 0.1408 0.1181 0.2815 0.3987 
   HI_SS0621  7 0.2529 0.2098 0.2071 0.1945 0.1357 
   HI_SS0622  7 0.1312 0.1724 0.2973 0.2148 0.1843 
   HI_SS0626  7 0.2025 0.1027 0.0968 0.4291 0.1689 
   HI_SS0627  7 0.4366 0.1965 0.1106 0.1480 0.1083 
   HI_SS0628  7 0.2567 0.1400 0.0926 0.1878 0.3229 
   HI_SS0629  7 0.2746 0.1092 0.1818 0.2047 0.2297 
   HI_SS0630  7 0.0998 0.2016 0.1779 0.2612 0.2596 
   HI_SS0631  7 0.1676 0.1556 0.1412 0.2972 0.2385 
   HI_SS0632  7 0.1405 0.1091 0.2577 0.3354 0.1574 
   HI_SS0633  7 0.0870 0.4443 0.1673 0.1306 0.1708 
   HI_SS0634  7 0.2999 0.1311 0.1259 0.2529 0.1901 
   HI_SS0635  7 0.1826 0.1970 0.2023 0.3064 0.1117 
   HI_SS0637  7 0.2224 0.0788 0.2973 0.2327 0.1687 
   HI_SS0638  7 0.1821 0.2517 0.1696 0.2105 0.1861 
   HI_SS0639  7 0.2017 0.2022 0.2104 0.2750 0.1106 
   HI_SS0640  7 0.1200 0.1975 0.3712 0.1721 0.1392 
   HI_SS0641  7 0.1107 0.0963 0.1298 0.3407 0.3225 
   HI_SS0642  7 0.5174 0.1452 0.1365 0.1179 0.0831 
   HI_SS0645  7 0.0798 0.2383 0.1636 0.4401 0.0783 
   HI_SS0646  7 0.1942 0.3211 0.2060 0.0939 0.1847 
   HI_SS0647  7 0.2462 0.2800 0.1593 0.1669 0.1476 
   HI_SS0648  7 0.1612 0.2115 0.2404 0.2142 0.1728 
   HI_SS0649  7 0.1595 0.2431 0.2313 0.1624 0.2036 
   HI_SS0650  7 0.1827 0.4450 0.1171 0.1362 0.1190 
   HI_SS0651  7 0.1613 0.2404 0.2381 0.1902 0.1701 
   HI_SS0652  7 0.0988 0.2304 0.1165 0.4514 0.1030 
   NS_SS1371  7 0.3157 0.2000 0.1438 0.0794 0.2612 
   NS_SS1374  7 0.2989 0.1258 0.0743 0.2091 0.2919 
   NS_SS1337  7 0.3234 0.1553 0.1154 0.3088 0.0971 
   NS_SS1385  7 0.1709 0.2964 0.2574 0.1217 0.1536 
   NS_SS1388  7 0.1899 0.2697 0.1079 0.2009 0.2316 
   NS_SS1370  7 0.1283 0.0833 0.1223 0.5872 0.0789 
   NS_SS1389  7 0.1765 0.2726 0.0928 0.3031 0.1549 
   NS_SS1360  7 0.1433 0.1069 0.2458 0.2766 0.2274 
   NS_SS1330  7 0.1291 0.2435 0.2327 0.2975 0.0971 
   NS_SS1328  7 0.1656 0.3492 0.1390 0.0737 0.2725 
   NS_SS1384  7 0.2337 0.1044 0.2795 0.1868 0.1956 
   NS_SS1381  7 0.1259 0.4740 0.1958 0.1230 0.0814 
   NS_SS1375  7 0.1536 0.3838 0.0673 0.2520 0.1432 
   NS_SS1319  7 0.3127 0.1782 0.1160 0.1908 0.2023 
   NS_SS1326  7 0.1513 0.2489 0.0905 0.1210 0.3883 
   NS_SS1341  7 0.3609 0.0725 0.2207 0.1106 0.2353 
   NS_SS1383  7 0.4555 0.0838 0.1082 0.2117 0.1408 
   NS_SS1318  7 0.0977 0.2038 0.2274 0.2890 0.1821 
   NS_SS1348  7 0.1937 0.0995 0.2152 0.1569 0.3347 
   NS_SS1363  7 0.2019 0.1642 0.2396 0.2727 0.1216 
   NS_SS1335  7 0.1884 0.0731 0.3044 0.2166 0.2174 
   NS_SS1358  7 0.2309 0.1275 0.3385 0.1073 0.1958 
   NS_SS1342  7 0.3720 0.1096 0.2174 0.0613 0.2397 
   NS_SS1320  7 0.1082 0.5263 0.2390 0.0796 0.0470 
   NS_SS1355  7 0.1248 0.1957 0.4099 0.1611 0.1084 
   NS_SS1345  7 0.0843 0.1200 0.6005 0.1264 0.0688 
   NS_SS1324  7 0.2089 0.1448 0.1804 0.1901 0.2758 
   NS_SS1347  7 0.2536 0.1937 0.2437 0.1536 0.1555 
   NS_SS1321  7 0.3540 0.1106 0.0853 0.1506 0.2996 
   NS_SS1333  7 0.3759 0.1313 0.0549 0.1334 0.3045 
   NS_SS1364  7 0.1700 0.0925 0.4238 0.1138 0.1998 
   NS_SS1379  7 0.1577 0.2891 0.2524 0.1650 0.1358 
   NS_SS1332  7 0.2198 0.1348 0.1099 0.1474 0.3882 
   NS_SS1338  7 0.1780 0.1202 0.1411 0.3409 0.2199 
   NS_SS1368  7 0.2411 0.1105 0.2833 0.0902 0.2749 
   NS_SS1354  7 0.2545 0.1629 0.2736 0.1524 0.1566 
   NS_SS1365  7 0.1890 0.2025 0.2110 0.2700 0.1276 
   NS_SS1380  7 0.1923 0.1543 0.3093 0.2400 0.1042 
   NS_SS1329  7 0.4087 0.1039 0.1933 0.0647 0.2294 
   NS_SS1362  7 0.2754 0.2249 0.1977 0.1226 0.1794 
   NS_SS1327  7 0.1212 0.1196 0.0738 0.1431 0.5424 
   NS_SS1350  7 0.1490 0.3991 0.0783 0.0864 0.2873 
   NS_SS1387  7 0.1271 0.1460 0.1685 0.3994 0.1590 
   NS_SS1369  7 0.1223 0.0944 0.3306 0.1798 0.2729 
   NS_SS1331  7 0.2544 0.1544 0.0895 0.2899 0.2118 
   NS_SS1357  7 0.1634 0.4236 0.1107 0.0630 0.2394 
   NS_SS1386  7 0.3116 0.0663 0.1778 0.0720 0.3723 
   NS_SS1353  7 0.2423 0.3405 0.1266 0.1247 0.1659 
   NS_SS1323  7 0.3048 0.2054 0.2481 0.1516 0.0901 
   HI_SS0296  8 0.0753 0.1546 0.1917 0.3064 0.2720 
   HI_SS0297  8 0.4145 0.2821 0.0818 0.1051 0.1165 
   HI_SS0299  8 0.1824 0.1470 0.2959 0.1974 0.1773 
   HI_SS0300  8 0.0853 0.1443 0.3710 0.2497 0.1497 
   HI_SS0301  8 0.2523 0.0559 0.1871 0.4001 0.1046 
   HI_SS0302  8 0.0931 0.0986 0.2005 0.3649 0.2429 
   HI_SS0303  8 0.1061 0.2812 0.1698 0.1127 0.3303 
   HI_SS0304  8 0.1827 0.2732 0.0748 0.2869 0.1825 
   HI_SS0306  8 0.1190 0.1148 0.1386 0.3110 0.3165 
   HI_SS0307  8 0.1844 0.2060 0.2700 0.2123 0.1274 
   HI_SS0308  8 0.2701 0.1199 0.2900 0.2102 0.1099 
   HI_SS0309  8 0.1527 0.1213 0.4059 0.1959 0.1242 
   HI_SS0310  8 0.1240 0.2891 0.2012 0.2019 0.1839 
   HI_SS0311  8 0.1744 0.1075 0.2186 0.3399 0.1597 
   HI_SS0314  8 0.1885 0.3693 0.1159 0.1268 0.1995 
   HI_SS0316  8 0.1776 0.1713 0.2347 0.1601 0.2563 
   HI_SS0317  8 0.3598 0.1249 0.1425 0.2412 0.1317 
   HI_SS0318  8 0.3068 0.0809 0.1364 0.1604 0.3156 
   HI_SS0319  8 0.0950 0.1220 0.2596 0.0730 0.4504 
   HI_SS0320  8 0.4637 0.2082 0.0608 0.1661 0.1012 
   HI_SS0321  8 0.3493 0.1731 0.1247 0.1353 0.2176 
   HI_SS0323  8 0.1246 0.1674 0.1418 0.2567 0.3095 
   HI_SS0325  8 0.1291 0.0965 0.1546 0.3340 0.2858 
   HI_SS0327  8 0.1631 0.2697 0.2308 0.0500 0.2864 
   HI_SS0329  8 0.2420 0.1945 0.1350 0.2889 0.1395 
   HI_SS0333  8 0.2359 0.1943 0.1884 0.1929 0.1885 
   HI_SS0334  8 0.1941 0.1033 0.2581 0.1628 0.2817 
   HI_SS0335  8 0.2136 0.1671 0.3784 0.1478 0.0932 
   HI_SS0339  8 0.1330 0.1567 0.3541 0.2443 0.1119 
   HI_SS0343  8 0.2809 0.1899 0.3232 0.0958 0.1102 
   HI_SS0344  8 0.1685 0.0949 0.1143 0.1211 0.5012 
   HI_SS0345  8 0.2228 0.1063 0.2588 0.2588 0.1534 
   HI_SS0346  8 0.3886 0.1083 0.0921 0.1991 0.2119 
   HI_SS0350  8 0.0764 0.1786 0.5034 0.1802 0.0614 
   HI_SS0351  8 0.2221 0.1101 0.4475 0.1027 0.1176 
   HI_SS0352  8 0.2623 0.1646 0.2897 0.1503 0.1331 
   HI_SS0362  8 0.1231 0.1426 0.1408 0.4293 0.1641 
   HI_SS0363  8 0.1191 0.1995 0.2465 0.0942 0.3406 
   HI_SS0365  8 0.1248 0.2103 0.2596 0.1103 0.2950 
   HI_SS0366  8 0.1066 0.1432 0.1545 0.1677 0.4280 
   HI_SS0367  8 0.2159 0.2847 0.2230 0.1633 0.1130 
   HI_SS0369  8 0.1724 0.2147 0.2211 0.2851 0.1066 
   HI_SS0370  8 0.2262 0.3813 0.1533 0.0725 0.1667 
   HI_SS0371  8 0.1528 0.1085 0.1441 0.2590 0.3355 
   HI_SS0373  8 0.1264 0.2675 0.1717 0.2268 0.2075 
   HI_SS0374  8 0.2242 0.2619 0.1963 0.1896 0.1280 
   HI_SS0377  8 0.1635 0.0715 0.4219 0.1687 0.1744 
   HI_SS0379  8 0.2118 0.0659 0.1216 0.0970 0.5037 
   HI_SS0380  8 0.1930 0.2167 0.2720 0.1769 0.1414 
   HI_SS0381  8 0.2314 0.1160 0.3182 0.2454 0.0890 
   HI_SS0384  8 0.2426 0.2751 0.0616 0.1439 0.2768 
   HI_SS0385  8 0.1600 0.2106 0.0915 0.3022 0.2358 
