

----------------------------------------------------
STRUCTURE by Pritchard, Stephens and Donnelly (2000)
     and Falush, Stephens and Pritchard (2003)
       Code by Pritchard, Falush and Hubisz
             Version 2.3.4 (Jul 2012)
----------------------------------------------------



Command line arguments:   /home/genobiwan/Documents/Programs/Structure/structure -m parameter_job_k6_r10 
Input File:    /media/genobiwan/Storage/Projets/Mackerel_NWA_2021/data_job_k6_r10

Run parameters:
   557 individuals
   3930 loci
   6 populations assumed
   100000 Burn-in period
   200000 Reps


--------------------------------------------
Proportion of membership of each pre-defined
 population in each of the 6 clusters

Given    Inferred Clusters                            Number of
 Pop       1      2      3      4      5      6      Individuals

  1:     0.184  0.161  0.159  0.174  0.166  0.157       67
  2:     0.146  0.193  0.199  0.148  0.180  0.134       32
  3:     0.182  0.153  0.168  0.160  0.184  0.154       92
  4:     0.143  0.149  0.181  0.193  0.160  0.174       36
  5:     0.192  0.154  0.163  0.158  0.157  0.176       41
  6:     0.156  0.165  0.163  0.175  0.163  0.179      158
  7:     0.159  0.169  0.161  0.175  0.170  0.166       79
  8:     0.181  0.152  0.158  0.161  0.165  0.182       52
--------------------------------------------

Allele-freq. divergence among pops (Net nucleotide distance),
computed using point estimates of P.

      1       2       3       4       5       6      
 1      -    0.0050  0.0042  0.0036  0.0038  0.0048  
 2   0.0050     -    0.0049  0.0047  0.0048  0.0060  
 3   0.0042  0.0049     -    0.0040  0.0047  0.0046  
 4   0.0036  0.0047  0.0040     -    0.0040  0.0044  
 5   0.0038  0.0048  0.0047  0.0040     -    0.0049  
 6   0.0048  0.0060  0.0046  0.0044  0.0049     -    

Average distances (expected heterozygosity) between individuals in same cluster:
cluster  1  : 0.3106 
cluster  2  : 0.3102 
cluster  3  : 0.3126 
cluster  4  : 0.3120 
cluster  5  : 0.3100 
cluster  6  : 0.3092 

--------------------------------------------
Estimated Ln Prob of Data   = -2070659.8
Mean value of ln likelihood = -2060640.7
Variance of ln likelihood   = 20038.2
Mean value of alpha         = 1.7721

Mean value of Fst_1         = 0.0455
Mean value of Fst_2         = 0.0545
Mean value of Fst_3         = 0.0475
Mean value of Fst_4         = 0.0418
Mean value of Fst_5         = 0.0460
Mean value of Fst_6         = 0.0509


Inferred ancestry of individuals:
        Label (%Miss) Pop:  Inferred clusters
  1 NS_SS0963    (4)    1 :  0.211 0.095 0.159 0.262 0.188 0.086 
  2 NS_SS0983    (1)    1 :  0.184 0.048 0.229 0.131 0.119 0.289 
  3 NS_SS0719    (8)    1 :  0.104 0.115 0.184 0.232 0.227 0.138 
  4 NS_SS1001    (8)    1 :  0.193 0.302 0.134 0.069 0.186 0.116 
  5 NS_SS0936    (4)    1 :  0.239 0.203 0.193 0.212 0.064 0.088 
  6 NS_SS0955    (5)    1 :  0.231 0.060 0.186 0.155 0.183 0.185 
  7 NS_SS0944    (3)    1 :  0.285 0.134 0.126 0.093 0.158 0.203 
  8 NS_SS0945    (3)    1 :  0.181 0.306 0.085 0.116 0.089 0.222 
  9 NS_SS0922    (2)    1 :  0.105 0.292 0.152 0.178 0.190 0.083 
 10 NS_SS0929    (7)    1 :  0.210 0.093 0.199 0.187 0.110 0.201 
 11 NS_SS0956    (2)    1 :  0.122 0.209 0.126 0.099 0.361 0.083 
 12 NS_SS0906    (3)    1 :  0.296 0.110 0.114 0.154 0.116 0.210 
 13 NS_SS0721    (6)    1 :  0.090 0.086 0.185 0.145 0.371 0.124 
 14 NS_SS0982    (4)    1 :  0.201 0.129 0.114 0.219 0.222 0.115 
 15 NS_SS0923    (5)    1 :  0.198 0.208 0.175 0.157 0.151 0.112 
 16 NS_SS0905    (6)    1 :  0.226 0.162 0.190 0.106 0.176 0.139 
 17 NS_SS0925    (3)    1 :  0.258 0.096 0.297 0.109 0.174 0.065 
 18 NS_SS0947    (5)    1 :  0.229 0.176 0.221 0.165 0.107 0.103 
 19 NS_SS0926    (2)    1 :  0.144 0.090 0.065 0.301 0.089 0.311 
 20 NS_SS0918    (6)    1 :  0.411 0.135 0.075 0.132 0.158 0.088 
 21 NS_SS0966    (4)    1 :  0.269 0.150 0.164 0.195 0.120 0.101 
 22 NS_SS0938    (2)    1 :  0.115 0.231 0.123 0.354 0.091 0.086 
 23 NS_SS0917    (2)    1 :  0.057 0.144 0.276 0.199 0.134 0.189 
 24 NS_SS0957   (11)    1 :  0.155 0.176 0.124 0.140 0.275 0.130 
 25 NS_SS0987    (1)    1 :  0.144 0.118 0.074 0.113 0.396 0.155 
 26 NS_SS0717    (4)    1 :  0.191 0.284 0.134 0.077 0.213 0.101 
 27 NS_SS0986    (2)    1 :  0.172 0.151 0.056 0.174 0.215 0.232 
 28 NS_SS0953    (4)    1 :  0.318 0.172 0.207 0.067 0.143 0.094 
 29 NS_SS0907    (3)    1 :  0.364 0.097 0.144 0.139 0.111 0.144 
 30 NS_SS0974    (6)    1 :  0.213 0.173 0.253 0.123 0.077 0.160 
 31 NS_SS0989    (1)    1 :  0.061 0.098 0.251 0.255 0.097 0.238 
 32 NS_SS0991    (2)    1 :  0.305 0.060 0.062 0.081 0.257 0.235 
 33 NS_SS0994    (2)    1 :  0.090 0.180 0.131 0.098 0.071 0.429 
 34 NS_SS0931    (6)    1 :  0.204 0.077 0.068 0.192 0.171 0.287 
 35 NS_SS1000    (5)    1 :  0.201 0.311 0.109 0.164 0.093 0.122 
 36 NS_SS0919    (1)    1 :  0.189 0.067 0.161 0.336 0.087 0.159 
 37 NS_SS0949    (3)    1 :  0.084 0.083 0.235 0.191 0.155 0.252 
 38 NS_SS0960   (10)    1 :  0.176 0.080 0.206 0.140 0.192 0.205 
 39 NS_SS0716    (2)    1 :  0.060 0.384 0.060 0.104 0.271 0.121 
 40 NS_SS0924    (8)    1 :  0.182 0.070 0.222 0.168 0.191 0.167 
 41 NS_SS0935    (1)    1 :  0.157 0.090 0.168 0.077 0.246 0.263 
 42 NS_SS0952   (13)    1 :  0.237 0.100 0.140 0.170 0.098 0.255 
 43 NS_SS0962   (10)    1 :  0.120 0.228 0.066 0.330 0.147 0.109 
 44 NS_SS0973    (5)    1 :  0.256 0.072 0.318 0.111 0.138 0.104 
 45 NS_SS0722    (1)    1 :  0.267 0.382 0.139 0.061 0.079 0.072 
 46 NS_SS0979   (13)    1 :  0.195 0.171 0.097 0.192 0.247 0.097 
 47 NS_SS0993    (2)    1 :  0.274 0.164 0.204 0.137 0.151 0.070 
 48 NS_SS0958    (1)    1 :  0.157 0.174 0.108 0.144 0.118 0.299 
 49 NS_SS0988    (4)    1 :  0.188 0.103 0.075 0.308 0.125 0.202 
 50 NS_SS1003    (2)    1 :  0.126 0.064 0.064 0.411 0.273 0.062 
 51 NS_SS0976    (0)    1 :  0.221 0.082 0.099 0.225 0.122 0.251 
 52 NS_SS0964   (10)    1 :  0.112 0.343 0.161 0.079 0.227 0.077 
 53 NS_SS0939    (4)    1 :  0.050 0.382 0.080 0.130 0.276 0.081 
 54 NS_SS0990    (6)    1 :  0.072 0.268 0.060 0.238 0.117 0.245 
 55 NS_SS0984    (2)    1 :  0.147 0.336 0.140 0.173 0.124 0.079 
 56 NS_SS0980    (9)    1 :  0.227 0.132 0.401 0.097 0.074 0.070 
 57 NS_SS0978    (4)    1 :  0.178 0.226 0.170 0.212 0.106 0.109 
 58 NS_SS0951   (17)    1 :  0.246 0.095 0.070 0.075 0.275 0.239 
 59 NS_SS0913    (3)    1 :  0.152 0.261 0.087 0.109 0.263 0.128 
 60 NS_SS1002    (1)    1 :  0.197 0.098 0.096 0.474 0.068 0.067 
 61 NS_SS0948    (1)    1 :  0.280 0.118 0.126 0.170 0.136 0.171 
 62 NS_SS0916    (4)    1 :  0.074 0.116 0.405 0.176 0.121 0.109 
 63 NS_SS0995    (1)    1 :  0.098 0.137 0.395 0.138 0.157 0.074 
 64 NS_SS0927    (6)    1 :  0.090 0.140 0.258 0.210 0.098 0.204 
 65 NS_SS0992    (5)    1 :  0.102 0.143 0.306 0.226 0.080 0.143 
 66 NS_SS0912    (1)    1 :  0.144 0.104 0.057 0.173 0.275 0.246 
 67 NS_SS0981    (1)    1 :  0.259 0.120 0.068 0.264 0.197 0.092 
 68 NS_SS0729    (5)    2 :  0.171 0.063 0.382 0.098 0.048 0.239 
 69 NS_SS0967   (14)    2 :  0.213 0.117 0.184 0.283 0.118 0.085 
 70 NS_SS0941    (7)    2 :  0.103 0.262 0.187 0.175 0.158 0.115 
 71 NS_SS0768   (12)    2 :  0.176 0.149 0.087 0.155 0.295 0.138 
 72 NS_SS0726    (4)    2 :  0.107 0.092 0.359 0.217 0.071 0.154 
 73 NS_SS0763    (4)    2 :  0.163 0.172 0.187 0.138 0.126 0.213 
 74 NS_SS0730    (6)    2 :  0.111 0.224 0.178 0.206 0.185 0.096 
 75 NS_SS0774    (1)    2 :  0.172 0.285 0.269 0.126 0.080 0.068 
 76 NS_SS0723    (3)    2 :  0.175 0.159 0.237 0.228 0.148 0.052 
 77 NS_SS0940    (9)    2 :  0.092 0.206 0.189 0.167 0.154 0.191 
 78 NS_SS0762    (1)    2 :  0.166 0.376 0.176 0.078 0.148 0.055 
 79 NS_SS0766   (11)    2 :  0.071 0.295 0.200 0.091 0.181 0.161 
 80 NS_SS0724    (1)    2 :  0.240 0.144 0.147 0.094 0.267 0.107 
 81 NS_SS0769    (3)    2 :  0.114 0.189 0.126 0.260 0.176 0.135 
 82 NS_SS0777    (2)    2 :  0.230 0.109 0.076 0.175 0.158 0.252 
 83 NS_SS0734    (6)    2 :  0.108 0.177 0.160 0.124 0.254 0.176 
 84 NS_SS0737    (3)    2 :  0.087 0.383 0.239 0.117 0.102 0.072 
 85 NS_SS0732    (5)    2 :  0.182 0.091 0.206 0.089 0.360 0.073 
 86 NS_SS0728    (5)    2 :  0.116 0.170 0.301 0.105 0.196 0.111 
 87 NS_SS0735    (9)    2 :  0.183 0.220 0.258 0.058 0.190 0.090 
 88 NS_SS0725    (1)    2 :  0.119 0.355 0.078 0.180 0.162 0.106 
 89 NS_SS0788    (2)    2 :  0.084 0.102 0.181 0.349 0.145 0.139 
 90 NS_SS0778    (2)    2 :  0.113 0.081 0.187 0.267 0.175 0.176 
 91 NS_SS0792    (6)    2 :  0.150 0.086 0.306 0.093 0.248 0.117 
 92 NS_SS0943   (11)    2 :  0.264 0.060 0.107 0.089 0.209 0.271 
 93 NS_SS0791    (2)    2 :  0.076 0.101 0.387 0.092 0.209 0.134 
 94 NS_SS0790    (5)    2 :  0.245 0.207 0.096 0.091 0.312 0.050 
 95 NS_SS0731    (6)    2 :  0.141 0.234 0.070 0.102 0.338 0.115 
 96 NS_SS0727    (6)    2 :  0.090 0.255 0.319 0.055 0.078 0.202 
 97 NS_SS0779   (12)    2 :  0.201 0.144 0.173 0.162 0.165 0.155 
 98 NS_SS0776    (3)    2 :  0.118 0.304 0.124 0.161 0.134 0.159 
 99 NS_SS0775    (5)    2 :  0.099 0.371 0.205 0.096 0.164 0.066 
100 NS_SS0965    (3)    3 :  0.182 0.088 0.130 0.194 0.298 0.108 
101 NS_SS0754   (13)    3 :  0.094 0.073 0.248 0.117 0.263 0.205 
102 NS_SS0838    (5)    3 :  0.196 0.207 0.159 0.176 0.096 0.166 
103 NS_SS0839    (3)    3 :  0.124 0.275 0.185 0.176 0.174 0.065 
104 NS_SS0832    (4)    3 :  0.281 0.165 0.110 0.160 0.229 0.055 
105 NS_SS0820    (4)    3 :  0.140 0.112 0.135 0.259 0.294 0.059 
106 NS_SS0886    (9)    3 :  0.108 0.119 0.184 0.169 0.221 0.200 
107 NS_SS0748    (5)    3 :  0.293 0.101 0.120 0.159 0.144 0.182 
108 NS_SS0884    (9)    3 :  0.178 0.143 0.245 0.141 0.152 0.142 
109 NS_SS0752    (3)    3 :  0.147 0.223 0.244 0.161 0.116 0.109 
110 NS_SS0862    (1)    3 :  0.184 0.070 0.217 0.087 0.383 0.058 
111 NS_SS0787    (9)    3 :  0.097 0.106 0.120 0.121 0.120 0.436 
112 NS_SS0843    (6)    3 :  0.194 0.132 0.227 0.126 0.197 0.123 
113 NS_SS0856    (4)    3 :  0.058 0.259 0.256 0.184 0.110 0.133 
114 NS_SS0846    (2)    3 :  0.262 0.106 0.198 0.214 0.065 0.155 
115 NS_SS0825    (1)    3 :  0.127 0.088 0.083 0.334 0.206 0.162 
116 NS_SS0757    (3)    3 :  0.220 0.099 0.118 0.111 0.249 0.205 
117 NS_SS0876    (3)    3 :  0.185 0.207 0.203 0.118 0.180 0.107 
118 NS_SS0903    (9)    3 :  0.226 0.113 0.405 0.129 0.073 0.054 
119 NS_SS0875    (7)    3 :  0.137 0.242 0.094 0.205 0.162 0.160 
120 NS_SS0740    (5)    3 :  0.233 0.168 0.181 0.108 0.191 0.120 
121 NS_SS0811    (5)    3 :  0.169 0.211 0.111 0.088 0.344 0.076 
122 NS_SS0751    (1)    3 :  0.106 0.280 0.125 0.251 0.108 0.128 
123 NS_SS0891    (6)    3 :  0.147 0.273 0.103 0.192 0.138 0.147 
124 NS_SS0867    (2)    3 :  0.294 0.047 0.122 0.171 0.202 0.164 
125 NS_SS0890    (6)    3 :  0.210 0.157 0.232 0.154 0.122 0.125 
126 NS_SS0866   (11)    3 :  0.101 0.124 0.171 0.125 0.106 0.373 
127 NS_SS0755    (4)    3 :  0.201 0.136 0.157 0.156 0.245 0.105 
128 NS_SS0758    (4)    3 :  0.190 0.169 0.278 0.132 0.115 0.116 
129 NS_SS0840    (2)    3 :  0.226 0.186 0.119 0.236 0.169 0.063 
130 NS_SS0889    (4)    3 :  0.135 0.103 0.096 0.107 0.231 0.327 
131 NS_SS1010    (1)    3 :  0.144 0.146 0.141 0.302 0.146 0.121 
132 NS_SS0888    (5)    3 :  0.064 0.107 0.376 0.062 0.155 0.236 
133 NS_SS0837    (3)    3 :  0.227 0.108 0.131 0.108 0.337 0.089 
134 NS_SS0794    (9)    3 :  0.106 0.198 0.252 0.069 0.129 0.245 
135 NS_SS0823    (4)    3 :  0.329 0.181 0.133 0.159 0.113 0.085 
136 NS_SS0829    (7)    3 :  0.235 0.069 0.079 0.069 0.187 0.362 
137 NS_SS0844    (5)    3 :  0.456 0.056 0.213 0.108 0.123 0.045 
138 NS_SS1008    (5)    3 :  0.117 0.265 0.146 0.087 0.128 0.257 
139 NS_SS0881    (3)    3 :  0.104 0.145 0.112 0.317 0.142 0.181 
140 NS_SS0834    (6)    3 :  0.139 0.362 0.097 0.197 0.112 0.092 
141 NS_SS0744   (10)    3 :  0.158 0.084 0.268 0.203 0.169 0.117 
142 NS_SS0899    (7)    3 :  0.257 0.222 0.064 0.080 0.286 0.092 
143 NS_SS0804    (4)    3 :  0.216 0.155 0.139 0.173 0.263 0.055 
144 NS_SS0781   (10)    3 :  0.260 0.188 0.100 0.263 0.117 0.071 
145 NS_SS0822    (6)    3 :  0.280 0.169 0.186 0.072 0.124 0.169 
146 NS_SS1004    (4)    3 :  0.274 0.112 0.167 0.168 0.174 0.106 
147 NS_SS0746    (5)    3 :  0.345 0.147 0.103 0.143 0.081 0.182 
148 NS_SS0880    (3)    3 :  0.270 0.176 0.136 0.168 0.149 0.101 
149 NS_SS0879    (4)    3 :  0.181 0.241 0.143 0.117 0.190 0.128 
150 NS_SS0753    (2)    3 :  0.223 0.076 0.157 0.086 0.239 0.218 
151 NS_SS1007    (2)    3 :  0.061 0.212 0.320 0.225 0.075 0.108 
152 NS_SS0872    (5)    3 :  0.179 0.204 0.211 0.196 0.126 0.084 
153 NS_SS1005    (7)    3 :  0.301 0.187 0.101 0.191 0.097 0.123 
154 NS_SS0892    (6)    3 :  0.175 0.193 0.123 0.169 0.169 0.171 
155 NS_SS0898    (0)    3 :  0.190 0.144 0.117 0.147 0.177 0.224 
156 NS_SS0801    (9)    3 :  0.223 0.117 0.105 0.128 0.276 0.151 
157 NS_SS0827    (8)    3 :  0.117 0.127 0.115 0.180 0.284 0.177 
158 NS_SS0853    (6)    3 :  0.121 0.140 0.155 0.084 0.310 0.190 
159 NS_SS0780    (2)    3 :  0.138 0.162 0.167 0.223 0.222 0.088 
160 NS_SS0826   (10)    3 :  0.254 0.073 0.053 0.343 0.103 0.174 
161 NS_SS0818    (5)    3 :  0.141 0.213 0.154 0.218 0.203 0.072 
162 NS_SS0745    (1)    3 :  0.054 0.515 0.033 0.104 0.205 0.089 
163 NS_SS0849    (3)    3 :  0.152 0.109 0.060 0.154 0.406 0.118 
164 NS_SS0739    (3)    3 :  0.074 0.158 0.210 0.247 0.193 0.117 
165 NS_SS0799    (1)    3 :  0.147 0.122 0.374 0.058 0.151 0.148 
166 NS_SS0756    (2)    3 :  0.310 0.110 0.086 0.249 0.171 0.073 
167 NS_SS0802    (2)    3 :  0.114 0.127 0.210 0.289 0.084 0.177 
168 NS_SS0747    (6)    3 :  0.228 0.114 0.196 0.216 0.123 0.124 
169 NS_SS0835    (1)    3 :  0.101 0.092 0.217 0.200 0.085 0.306 
170 NS_SS0742   (18)    3 :  0.208 0.112 0.252 0.199 0.151 0.078 
171 NS_SS0760    (9)    3 :  0.154 0.132 0.125 0.135 0.103 0.351 
172 NS_SS0803    (4)    3 :  0.382 0.078 0.339 0.061 0.091 0.049 
173 NS_SS0828   (13)    3 :  0.121 0.144 0.177 0.115 0.296 0.147 
174 NS_SS0865    (2)    3 :  0.156 0.067 0.152 0.261 0.244 0.120 
175 NS_SS0759    (4)    3 :  0.172 0.257 0.134 0.137 0.213 0.086 
176 NS_SS0851    (5)    3 :  0.096 0.191 0.048 0.103 0.472 0.090 
177 NS_SS0874   (16)    3 :  0.384 0.156 0.145 0.108 0.122 0.085 
178 NS_SS0761    (6)    3 :  0.198 0.063 0.118 0.138 0.199 0.285 
179 NS_SS0842   (25)    3 :  0.172 0.194 0.125 0.124 0.136 0.249 
180 NS_SS0785    (6)    3 :  0.216 0.105 0.228 0.114 0.155 0.182 
181 NS_SS0860   (11)    3 :  0.149 0.095 0.171 0.164 0.094 0.326 
182 NS_SS0897    (7)    3 :  0.098 0.099 0.151 0.085 0.173 0.395 
183 NS_SS0841   (14)    3 :  0.192 0.252 0.088 0.104 0.283 0.080 
184 NS_SS0797    (6)    3 :  0.152 0.076 0.102 0.175 0.282 0.212 
185 NS_SS0830   (10)    3 :  0.153 0.118 0.141 0.207 0.223 0.158 
186 NS_SS1011    (5)    3 :  0.174 0.090 0.127 0.341 0.188 0.079 
187 NS_SS0883    (5)    3 :  0.157 0.082 0.267 0.097 0.259 0.139 
188 NS_SS0782    (2)    3 :  0.122 0.246 0.269 0.093 0.104 0.166 
189 NS_SS0831    (5)    3 :  0.130 0.090 0.136 0.081 0.276 0.287 
190 NS_SS0749    (7)    3 :  0.090 0.135 0.233 0.129 0.257 0.156 
191 NS_SS0854    (2)    3 :  0.126 0.176 0.364 0.091 0.128 0.115 
192 HI_SS0193    (0)    4 :  0.088 0.200 0.140 0.128 0.204 0.241 
193 HI_SS0194    (0)    4 :  0.134 0.365 0.069 0.198 0.079 0.155 
194 HI_SS0195    (9)    4 :  0.079 0.200 0.102 0.214 0.337 0.068 
195 HI_SS0196    (6)    4 :  0.118 0.278 0.235 0.091 0.103 0.175 
196 HI_SS0197    (3)    4 :  0.080 0.121 0.098 0.549 0.068 0.085 
197 HI_SS0198    (1)    4 :  0.102 0.103 0.187 0.137 0.277 0.195 
198 HI_SS0199    (1)    4 :  0.098 0.156 0.420 0.091 0.088 0.147 
199 HI_SS0201    (4)    4 :  0.201 0.043 0.152 0.112 0.186 0.306 
200 HI_SS0215    (1)    4 :  0.145 0.059 0.158 0.192 0.162 0.284 
201 HI_SS0218    (1)    4 :  0.067 0.134 0.245 0.062 0.172 0.320 
202 HI_SS0222    (0)    4 :  0.071 0.193 0.175 0.204 0.214 0.143 
203 HI_SS0230    (1)    4 :  0.176 0.143 0.073 0.319 0.161 0.128 
204 HI_SS0234    (1)    4 :  0.112 0.114 0.351 0.254 0.064 0.105 
205 HI_SS0240    (1)    4 :  0.069 0.204 0.403 0.102 0.140 0.082 
206 HI_SS0241    (0)    4 :  0.158 0.092 0.218 0.148 0.160 0.224 
207 HI_SS0242    (0)    4 :  0.237 0.106 0.175 0.127 0.193 0.162 
208 HI_SS0247    (0)    4 :  0.418 0.107 0.056 0.162 0.122 0.135 
209 HI_SS0248    (1)    4 :  0.199 0.189 0.248 0.051 0.064 0.248 
210 HI_SS0252    (2)    4 :  0.217 0.233 0.191 0.074 0.183 0.102 
211 HI_SS0254    (1)    4 :  0.153 0.091 0.142 0.336 0.092 0.186 
212 HI_SS0256    (0)    4 :  0.194 0.199 0.156 0.226 0.191 0.034 
213 HI_SS0257    (0)    4 :  0.235 0.064 0.219 0.185 0.058 0.239 
214 HI_SS0258    (1)    4 :  0.144 0.137 0.150 0.097 0.170 0.300 
215 HI_SS0259    (1)    4 :  0.086 0.215 0.138 0.313 0.149 0.099 
216 HI_SS0260    (1)    4 :  0.097 0.214 0.259 0.088 0.096 0.247 
217 HI_SS0261    (2)    4 :  0.220 0.151 0.102 0.275 0.073 0.178 
218 HI_SS0262    (0)    4 :  0.087 0.136 0.245 0.148 0.291 0.092 
219 HI_SS0264    (1)    4 :  0.141 0.236 0.051 0.253 0.167 0.154 
220 HI_SS0265    (0)    4 :  0.098 0.122 0.118 0.299 0.259 0.104 
221 HI_SS0268    (1)    4 :  0.057 0.195 0.102 0.272 0.170 0.204 
222 HI_SS0269    (1)    4 :  0.120 0.055 0.308 0.178 0.058 0.282 
223 HI_SS0273    (0)    4 :  0.196 0.089 0.156 0.192 0.131 0.235 
224 HI_SS0277    (1)    4 :  0.125 0.060 0.117 0.474 0.134 0.090 
225 HI_SS0280    (0)    4 :  0.069 0.205 0.149 0.145 0.288 0.144 
226 HI_SS0282    (1)    4 :  0.247 0.095 0.172 0.101 0.179 0.206 
227 HI_SS0286    (1)    4 :  0.100 0.067 0.252 0.145 0.268 0.167 
228 NS_SS1252    (3)    5 :  0.154 0.090 0.202 0.071 0.108 0.375 
229 NS_SS1261    (1)    5 :  0.189 0.109 0.222 0.203 0.121 0.156 
230 NS_SS1225    (9)    5 :  0.368 0.073 0.121 0.142 0.103 0.194 
231 NS_SS1266    (1)    5 :  0.423 0.121 0.131 0.118 0.146 0.062 
232 NS_SS1228    (0)    5 :  0.100 0.130 0.176 0.135 0.366 0.092 
233 NS_SS1255    (2)    5 :  0.128 0.433 0.146 0.088 0.068 0.138 
234 NS_SS1267    (3)    5 :  0.063 0.072 0.199 0.124 0.156 0.385 
235 NS_SS1238    (6)    5 :  0.102 0.177 0.081 0.240 0.174 0.225 
236 NS_SS1233    (8)    5 :  0.462 0.192 0.041 0.099 0.111 0.095 
237 NS_SS1277    (3)    5 :  0.069 0.220 0.221 0.105 0.136 0.249 
238 NS_SS1245    (1)    5 :  0.317 0.158 0.112 0.124 0.073 0.217 
239 NS_SS1240    (4)    5 :  0.096 0.087 0.182 0.176 0.073 0.386 
240 NS_SS1275    (2)    5 :  0.144 0.134 0.113 0.346 0.210 0.053 
241 NS_SS1235    (1)    5 :  0.216 0.195 0.265 0.157 0.055 0.112 
242 NS_SS1263    (1)    5 :  0.351 0.288 0.090 0.088 0.095 0.088 
243 NS_SS1251    (1)    5 :  0.345 0.168 0.096 0.192 0.103 0.096 
244 NS_SS1248    (0)    5 :  0.092 0.100 0.044 0.121 0.449 0.194 
245 NS_SS1244    (0)    5 :  0.201 0.053 0.165 0.338 0.135 0.107 
246 NS_SS1257    (0)    5 :  0.130 0.131 0.225 0.119 0.149 0.246 
247 NS_SS1242    (2)    5 :  0.179 0.328 0.077 0.162 0.141 0.113 
248 NS_SS1271    (6)    5 :  0.073 0.064 0.280 0.114 0.134 0.335 
249 NS_SS1265    (1)    5 :  0.161 0.136 0.065 0.179 0.106 0.353 
250 NS_SS1243    (0)    5 :  0.136 0.247 0.127 0.066 0.304 0.120 
251 NS_SS1273    (1)    5 :  0.169 0.382 0.094 0.142 0.132 0.081 
252 NS_SS1254   (14)    5 :  0.395 0.180 0.128 0.095 0.119 0.084 
253 NS_SS1224    (1)    5 :  0.258 0.145 0.135 0.118 0.264 0.079 
254 NS_SS1227    (8)    5 :  0.102 0.124 0.208 0.258 0.077 0.230 
255 NS_SS1274    (8)    5 :  0.156 0.155 0.217 0.106 0.159 0.208 
256 NS_SS1241    (1)    5 :  0.218 0.096 0.201 0.132 0.155 0.198 
257 NS_SS1256    (3)    5 :  0.295 0.123 0.084 0.221 0.071 0.206 
258 NS_SS1260    (8)    5 :  0.114 0.090 0.386 0.095 0.101 0.214 
259 NS_SS1262    (0)    5 :  0.215 0.063 0.176 0.181 0.187 0.177 
260 NS_SS1230    (0)    5 :  0.163 0.199 0.102 0.153 0.155 0.228 
261 NS_SS1270    (2)    5 :  0.266 0.082 0.059 0.145 0.337 0.110 
262 NS_SS1229    (2)    5 :  0.140 0.182 0.298 0.263 0.045 0.072 
263 NS_SS1246    (5)    5 :  0.083 0.117 0.253 0.222 0.086 0.239 
264 NS_SS1269    (0)    5 :  0.163 0.199 0.172 0.140 0.212 0.115 
265 NS_SS1239    (1)    5 :  0.078 0.140 0.355 0.087 0.278 0.062 
266 NS_SS1272    (4)    5 :  0.144 0.089 0.078 0.489 0.095 0.106 
267 NS_SS1268    (1)    5 :  0.292 0.116 0.065 0.073 0.355 0.100 
268 NS_SS1249    (0)    5 :  0.128 0.110 0.307 0.068 0.079 0.306 
269 HI_SS0559    (0)    6 :  0.149 0.184 0.163 0.068 0.263 0.173 
270 HI_SS0563    (1)    6 :  0.178 0.104 0.262 0.182 0.141 0.133 
271 HI_SS0564    (0)    6 :  0.192 0.134 0.141 0.220 0.185 0.128 
272 HI_SS0565    (0)    6 :  0.175 0.111 0.112 0.291 0.103 0.208 
273 HI_SS0569    (0)    6 :  0.344 0.054 0.076 0.137 0.122 0.267 
274 HI_SS0570    (0)    6 :  0.073 0.135 0.153 0.154 0.161 0.324 
275 HI_SS0572    (1)    6 :  0.166 0.267 0.275 0.139 0.081 0.071 
276 HI_SS0576    (0)    6 :  0.109 0.221 0.113 0.158 0.303 0.097 
277 HI_SS0579    (1)    6 :  0.345 0.079 0.221 0.080 0.089 0.188 
278 HI_SS0580    (1)    6 :  0.106 0.232 0.218 0.077 0.144 0.223 
279 HI_SS0581    (0)    6 :  0.095 0.125 0.106 0.343 0.258 0.074 
280 HI_SS0583    (1)    6 :  0.202 0.191 0.158 0.117 0.060 0.272 
281 HI_SS0586    (1)    6 :  0.090 0.120 0.088 0.107 0.186 0.408 
282 HI_SS0588    (1)    6 :  0.230 0.111 0.202 0.093 0.145 0.219 
283 HI_SS0595    (4)    6 :  0.093 0.134 0.127 0.362 0.073 0.210 
284 HI_SS0596    (0)    6 :  0.160 0.392 0.211 0.075 0.086 0.074 
285 HI_SS0597    (1)    6 :  0.192 0.288 0.121 0.227 0.071 0.101 
286 HI_SS0600    (0)    6 :  0.098 0.074 0.343 0.216 0.144 0.126 
287 HI_SS0601    (1)    6 :  0.245 0.042 0.169 0.223 0.188 0.134 
288 HI_SS0602    (1)    6 :  0.092 0.170 0.109 0.089 0.271 0.271 
289 HI_SS0604    (0)    6 :  0.280 0.185 0.089 0.076 0.209 0.161 
290 HI_SS0605    (1)    6 :  0.108 0.088 0.239 0.075 0.305 0.186 
291 HI_SS0608    (0)    6 :  0.097 0.300 0.096 0.129 0.187 0.190 
292 HI_SS0609    (0)    6 :  0.333 0.184 0.120 0.189 0.081 0.093 
293 HI_SS0611    (5)    6 :  0.098 0.108 0.141 0.087 0.280 0.286 
294 HI_SS0612    (1)    6 :  0.378 0.080 0.301 0.094 0.046 0.101 
295 HI_SS0613    (1)    6 :  0.155 0.134 0.101 0.084 0.392 0.135 
296 HI_SS0615    (0)    6 :  0.089 0.221 0.240 0.192 0.197 0.061 
297 HI_SS0001    (1)    6 :  0.099 0.257 0.182 0.186 0.082 0.194 
298 HI_SS0002    (1)    6 :  0.263 0.203 0.112 0.224 0.116 0.081 
299 HI_SS0004    (0)    6 :  0.085 0.225 0.142 0.098 0.160 0.291 
300 HI_SS0005    (1)    6 :  0.075 0.129 0.095 0.182 0.397 0.122 
301 HI_SS0006    (1)    6 :  0.231 0.098 0.142 0.196 0.086 0.247 
302 HI_SS0007    (1)    6 :  0.075 0.119 0.144 0.054 0.359 0.248 
303 HI_SS0008    (0)    6 :  0.151 0.104 0.124 0.274 0.212 0.134 
304 HI_SS0009    (0)    6 :  0.116 0.234 0.208 0.061 0.293 0.088 
305 HI_SS0010    (1)    6 :  0.150 0.134 0.133 0.174 0.223 0.186 
306 HI_SS0011    (1)    6 :  0.338 0.111 0.047 0.239 0.149 0.116 
307 HI_SS0012    (0)    6 :  0.093 0.082 0.341 0.280 0.158 0.046 
308 HI_SS0017    (1)    6 :  0.123 0.382 0.119 0.137 0.121 0.118 
309 HI_SS0021    (1)    6 :  0.097 0.154 0.091 0.251 0.106 0.302 
310 HI_SS0024    (1)    6 :  0.079 0.216 0.175 0.244 0.194 0.092 
311 HI_SS0025    (1)    6 :  0.168 0.342 0.128 0.077 0.174 0.110 
312 HI_SS0027    (0)    6 :  0.231 0.105 0.164 0.067 0.216 0.216 
313 HI_SS0028    (0)    6 :  0.076 0.205 0.055 0.338 0.269 0.058 
314 HI_SS0029    (1)    6 :  0.060 0.294 0.183 0.162 0.097 0.204 
315 HI_SS0030    (2)    6 :  0.143 0.113 0.232 0.158 0.195 0.159 
316 HI_SS0031    (0)    6 :  0.145 0.115 0.306 0.268 0.085 0.082 
317 HI_SS0034    (0)    6 :  0.237 0.105 0.212 0.080 0.094 0.272 
318 HI_SS0036    (0)    6 :  0.039 0.092 0.108 0.254 0.193 0.315 
319 HI_SS0037    (1)    6 :  0.145 0.129 0.098 0.084 0.188 0.357 
320 HI_SS0039    (0)    6 :  0.078 0.117 0.100 0.163 0.301 0.241 
321 HI_SS0041    (1)    6 :  0.083 0.214 0.126 0.138 0.337 0.101 
322 HI_SS0042    (1)    6 :  0.160 0.242 0.105 0.246 0.161 0.087 
323 HI_SS0043    (1)    6 :  0.095 0.055 0.151 0.196 0.127 0.375 
324 HI_SS0044    (1)    6 :  0.062 0.332 0.234 0.085 0.071 0.216 
325 HI_SS0047    (1)    6 :  0.181 0.203 0.160 0.153 0.209 0.094 
326 HI_SS0049    (0)    6 :  0.224 0.346 0.091 0.090 0.110 0.139 
327 HI_SS0051    (1)    6 :  0.205 0.071 0.145 0.088 0.376 0.115 
328 HI_SS0053    (1)    6 :  0.141 0.079 0.143 0.260 0.094 0.283 
329 HI_SS0054    (4)    6 :  0.274 0.055 0.087 0.105 0.166 0.313 
330 HI_SS0057    (0)    6 :  0.167 0.185 0.061 0.178 0.251 0.159 
331 HI_SS0058    (0)    6 :  0.192 0.186 0.128 0.080 0.129 0.284 
332 HI_SS0060    (0)    6 :  0.143 0.061 0.150 0.251 0.271 0.124 
333 HI_SS0087    (1)    6 :  0.206 0.117 0.126 0.259 0.106 0.186 
334 HI_SS0091    (0)    6 :  0.120 0.065 0.166 0.266 0.064 0.320 
335 HI_SS0095    (1)    6 :  0.140 0.079 0.295 0.203 0.149 0.135 
336 HI_SS0097    (3)    6 :  0.410 0.056 0.221 0.116 0.104 0.093 
337 HI_SS0099    (0)    6 :  0.119 0.358 0.101 0.115 0.151 0.156 
338 HI_SS0103    (0)    6 :  0.123 0.230 0.223 0.205 0.089 0.131 
339 HI_SS0105    (1)    6 :  0.173 0.079 0.120 0.321 0.182 0.125 
340 HI_SS0107    (1)    6 :  0.169 0.300 0.192 0.173 0.095 0.070 
341 HI_SS0108    (1)    6 :  0.128 0.082 0.161 0.101 0.103 0.425 
342 HI_SS0110    (0)    6 :  0.087 0.109 0.214 0.380 0.075 0.134 
343 HI_SS0111    (1)    6 :  0.089 0.105 0.251 0.260 0.165 0.129 
344 HI_SS0112    (0)    6 :  0.090 0.099 0.166 0.137 0.092 0.417 
345 HI_SS0113    (1)    6 :  0.160 0.319 0.086 0.233 0.108 0.094 
346 HI_SS0114    (1)    6 :  0.167 0.075 0.149 0.120 0.242 0.247 
347 HI_SS0115    (1)    6 :  0.144 0.196 0.331 0.055 0.156 0.119 
348 HI_SS0116    (4)    6 :  0.092 0.279 0.193 0.087 0.058 0.291 
349 HI_SS0117    (0)    6 :  0.231 0.084 0.109 0.303 0.065 0.209 
350 HI_SS0118    (0)    6 :  0.203 0.153 0.166 0.178 0.078 0.221 
351 HI_SS0119    (1)    6 :  0.136 0.056 0.192 0.320 0.113 0.183 
352 HI_SS0120    (1)    6 :  0.120 0.350 0.104 0.286 0.068 0.072 
353 HI_SS0121    (1)    6 :  0.159 0.086 0.057 0.414 0.209 0.075 
354 HI_SS0122    (2)    6 :  0.112 0.131 0.177 0.242 0.185 0.153 
355 HI_SS0123    (0)    6 :  0.204 0.141 0.157 0.261 0.076 0.162 
356 HI_SS0124    (1)    6 :  0.107 0.377 0.168 0.098 0.178 0.073 
357 HI_SS0125    (1)    6 :  0.109 0.207 0.238 0.193 0.196 0.057 
358 HI_SS0126    (0)    6 :  0.098 0.245 0.131 0.115 0.084 0.328 
359 HI_SS0127    (0)    6 :  0.224 0.097 0.105 0.095 0.351 0.128 
360 HI_SS0128    (0)    6 :  0.198 0.221 0.192 0.188 0.074 0.126 
361 HI_SS0129    (1)    6 :  0.098 0.157 0.172 0.154 0.160 0.259 
362 HI_SS0131    (2)    6 :  0.195 0.077 0.075 0.116 0.263 0.273 
363 HI_SS0132    (0)    6 :  0.178 0.108 0.148 0.302 0.131 0.133 
364 HI_SS0133    (1)    6 :  0.089 0.137 0.126 0.099 0.112 0.436 
365 HI_SS0134    (1)    6 :  0.212 0.139 0.178 0.165 0.137 0.170 
366 HI_SS0142    (3)    6 :  0.178 0.064 0.257 0.246 0.165 0.090 
367 HI_SS0145    (0)    6 :  0.253 0.131 0.214 0.112 0.103 0.187 
368 HI_SS0146    (1)    6 :  0.218 0.101 0.235 0.082 0.171 0.193 
369 HI_SS0147    (1)    6 :  0.187 0.110 0.096 0.127 0.380 0.100 
370 HI_SS0149    (1)    6 :  0.161 0.094 0.066 0.442 0.080 0.157 
371 HI_SS0150    (2)    6 :  0.165 0.215 0.141 0.152 0.244 0.083 
372 HI_SS0151    (0)    6 :  0.112 0.144 0.380 0.058 0.185 0.121 
373 NS_SS1451    (1)    6 :  0.098 0.255 0.223 0.147 0.212 0.064 
374 NS_SS1404    (0)    6 :  0.097 0.178 0.100 0.134 0.357 0.134 
375 NS_SS1432    (2)    6 :  0.051 0.292 0.099 0.384 0.101 0.071 
376 NS_SS1405    (4)    6 :  0.099 0.327 0.159 0.123 0.111 0.181 
377 NS_SS1431   (10)    6 :  0.130 0.280 0.084 0.319 0.103 0.084 
378 NS_SS1402    (3)    6 :  0.141 0.125 0.274 0.224 0.100 0.136 
379 NS_SS1450    (3)    6 :  0.101 0.208 0.190 0.104 0.155 0.243 
380 NS_SS1396    (0)    6 :  0.155 0.157 0.154 0.190 0.189 0.154 
381 NS_SS1393    (5)    6 :  0.098 0.123 0.332 0.120 0.181 0.145 
382 NS_SS1392   (10)    6 :  0.062 0.299 0.245 0.094 0.202 0.099 
383 NS_SS1445    (0)    6 :  0.206 0.078 0.084 0.192 0.156 0.284 
384 NS_SS1423    (0)    6 :  0.110 0.146 0.228 0.289 0.072 0.155 
385 NS_SS1421    (9)    6 :  0.165 0.128 0.153 0.236 0.127 0.191 
386 NS_SS1411    (6)    6 :  0.089 0.118 0.091 0.067 0.330 0.304 
387 NS_SS1453    (5)    6 :  0.083 0.084 0.180 0.293 0.128 0.233 
388 NS_SS1442    (2)    6 :  0.321 0.153 0.144 0.098 0.121 0.162 
389 NS_SS1422    (1)    6 :  0.261 0.108 0.340 0.129 0.076 0.085 
390 NS_SS1419    (1)    6 :  0.412 0.110 0.087 0.080 0.195 0.116 
391 NS_SS1427    (0)    6 :  0.061 0.161 0.288 0.107 0.064 0.319 
392 NS_SS1444    (3)    6 :  0.224 0.216 0.097 0.089 0.261 0.113 
393 NS_SS1455    (0)    6 :  0.262 0.310 0.110 0.165 0.071 0.082 
394 NS_SS1425    (2)    6 :  0.188 0.069 0.118 0.124 0.122 0.378 
395 NS_SS1400    (0)    6 :  0.229 0.141 0.067 0.090 0.130 0.345 
396 NS_SS1406    (1)    6 :  0.340 0.145 0.095 0.285 0.082 0.053 
397 NS_SS1417    (6)    6 :  0.177 0.187 0.081 0.177 0.132 0.246 
398 NS_SS1454    (2)    6 :  0.111 0.135 0.052 0.284 0.134 0.285 
399 NS_SS1412    (1)    6 :  0.111 0.200 0.138 0.140 0.191 0.220 
400 NS_SS1438    (1)    6 :  0.200 0.051 0.154 0.095 0.200 0.299 
401 NS_SS1416    (4)    6 :  0.156 0.179 0.143 0.188 0.156 0.177 
402 NS_SS1401    (0)    6 :  0.163 0.115 0.177 0.286 0.103 0.156 
403 NS_SS1424    (6)    6 :  0.107 0.089 0.151 0.311 0.159 0.183 
404 NS_SS1435    (9)    6 :  0.067 0.250 0.142 0.185 0.210 0.147 
405 NS_SS1447    (4)    6 :  0.274 0.172 0.086 0.129 0.236 0.104 
406 NS_SS1414    (3)    6 :  0.221 0.259 0.052 0.095 0.243 0.130 
407 NS_SS1449   (14)    6 :  0.102 0.095 0.396 0.218 0.111 0.077 
408 NS_SS1443    (4)    6 :  0.199 0.110 0.316 0.108 0.066 0.202 
409 NS_SS1434    (1)    6 :  0.121 0.301 0.304 0.080 0.060 0.134 
410 NS_SS1398    (1)    6 :  0.124 0.313 0.138 0.151 0.140 0.134 
411 NS_SS1426    (1)    6 :  0.104 0.097 0.162 0.154 0.134 0.349 
412 NS_SS1413    (0)    6 :  0.168 0.260 0.077 0.111 0.085 0.300 
413 NS_SS1395    (1)    6 :  0.124 0.083 0.245 0.228 0.103 0.217 
414 NS_SS1448   (10)    6 :  0.084 0.199 0.087 0.104 0.301 0.226 
415 NS_SS1446    (0)    6 :  0.121 0.091 0.251 0.209 0.127 0.200 
416 NS_SS1403    (2)    6 :  0.089 0.152 0.149 0.386 0.127 0.097 
417 NS_SS1415    (0)    6 :  0.136 0.150 0.144 0.118 0.179 0.274 
418 NS_SS1437    (4)    6 :  0.138 0.152 0.076 0.347 0.146 0.140 
419 NS_SS1439    (2)    6 :  0.227 0.099 0.268 0.151 0.130 0.126 
420 NS_SS1441    (3)    6 :  0.185 0.207 0.196 0.124 0.076 0.213 
421 NS_SS1420    (2)    6 :  0.082 0.133 0.148 0.053 0.507 0.076 
422 NS_SS1394    (2)    6 :  0.101 0.224 0.092 0.195 0.287 0.101 
423 NS_SS1391    (7)    6 :  0.080 0.301 0.166 0.142 0.066 0.245 
424 NS_SS1410    (5)    6 :  0.133 0.154 0.192 0.223 0.102 0.195 
425 NS_SS1408    (1)    6 :  0.164 0.096 0.168 0.278 0.192 0.102 
426 NS_SS1409    (1)    6 :  0.116 0.282 0.213 0.124 0.059 0.205 
427 HI_SS0617    (1)    7 :  0.077 0.168 0.354 0.095 0.121 0.184 
428 HI_SS0618    (2)    7 :  0.144 0.229 0.225 0.105 0.188 0.109 
429 HI_SS0619    (0)    7 :  0.101 0.318 0.133 0.113 0.147 0.187 
430 HI_SS0620    (1)    7 :  0.070 0.067 0.279 0.044 0.250 0.289 
431 HI_SS0621    (3)    7 :  0.162 0.148 0.217 0.186 0.176 0.111 
432 HI_SS0622    (1)    7 :  0.280 0.155 0.109 0.109 0.184 0.162 
433 HI_SS0626    (0)    7 :  0.086 0.116 0.075 0.179 0.384 0.159 
434 HI_SS0627    (0)    7 :  0.103 0.174 0.102 0.393 0.125 0.104 
435 HI_SS0628    (3)    7 :  0.084 0.162 0.091 0.233 0.129 0.300 
436 HI_SS0629    (1)    7 :  0.150 0.107 0.169 0.236 0.158 0.180 
437 HI_SS0630    (1)    7 :  0.124 0.154 0.202 0.088 0.239 0.193 
438 HI_SS0631    (0)    7 :  0.111 0.098 0.219 0.138 0.234 0.201 
439 HI_SS0632    (0)    7 :  0.248 0.116 0.080 0.121 0.262 0.173 
440 HI_SS0633    (0)    7 :  0.138 0.355 0.231 0.073 0.082 0.120 
441 HI_SS0634    (1)    7 :  0.095 0.114 0.122 0.273 0.240 0.155 
442 HI_SS0635    (0)    7 :  0.185 0.209 0.087 0.174 0.242 0.103 
443 HI_SS0637    (1)    7 :  0.228 0.061 0.113 0.175 0.278 0.145 
444 HI_SS0638    (0)    7 :  0.146 0.234 0.111 0.152 0.158 0.199 
445 HI_SS0639    (1)    7 :  0.149 0.139 0.217 0.166 0.259 0.070 
446 HI_SS0640    (1)    7 :  0.326 0.155 0.118 0.115 0.157 0.129 
447 HI_SS0641    (1)    7 :  0.106 0.123 0.115 0.095 0.298 0.263 
448 HI_SS0642    (0)    7 :  0.105 0.129 0.128 0.460 0.108 0.070 
449 HI_SS0645    (0)    7 :  0.146 0.272 0.123 0.071 0.319 0.070 
450 HI_SS0646    (1)    7 :  0.144 0.192 0.293 0.173 0.086 0.112 
451 HI_SS0647    (1)    7 :  0.158 0.300 0.061 0.200 0.128 0.154 
452 HI_SS0648    (0)    7 :  0.176 0.191 0.118 0.147 0.202 0.166 
453 HI_SS0649    (1)    7 :  0.189 0.186 0.250 0.124 0.118 0.133 
454 HI_SS0650    (1)    7 :  0.093 0.311 0.283 0.129 0.105 0.080 
455 HI_SS0651    (1)    7 :  0.151 0.184 0.256 0.124 0.156 0.129 
456 HI_SS0652    (1)    7 :  0.112 0.223 0.087 0.082 0.408 0.089 
457 NS_SS1371    (3)    7 :  0.092 0.105 0.373 0.246 0.070 0.114 
458 NS_SS1374    (0)    7 :  0.061 0.119 0.081 0.262 0.196 0.281 
459 NS_SS1337    (3)    7 :  0.101 0.132 0.104 0.264 0.321 0.078 
460 NS_SS1385    (5)    7 :  0.167 0.216 0.241 0.159 0.115 0.101 
461 NS_SS1388    (0)    7 :  0.114 0.324 0.096 0.151 0.100 0.214 
462 NS_SS1370    (1)    7 :  0.091 0.046 0.160 0.094 0.550 0.058 
463 NS_SS1389    (3)    7 :  0.099 0.365 0.070 0.132 0.168 0.166 
464 NS_SS1360    (1)    7 :  0.196 0.092 0.133 0.125 0.254 0.200 
465 NS_SS1330    (0)    7 :  0.157 0.196 0.178 0.107 0.281 0.081 
466 NS_SS1328    (8)    7 :  0.112 0.261 0.175 0.145 0.059 0.248 
467 NS_SS1384    (1)    7 :  0.193 0.065 0.193 0.214 0.193 0.141 
468 NS_SS1381    (0)    7 :  0.147 0.335 0.259 0.103 0.094 0.062 
469 NS_SS1375    (1)    7 :  0.053 0.371 0.150 0.138 0.166 0.123 
470 NS_SS1319   (10)    7 :  0.081 0.130 0.247 0.234 0.179 0.130 
471 NS_SS1326    (2)    7 :  0.083 0.221 0.128 0.117 0.074 0.376 
472 NS_SS1341    (1)    7 :  0.213 0.062 0.130 0.297 0.090 0.210 
473 NS_SS1383    (1)    7 :  0.091 0.062 0.143 0.393 0.202 0.109 
474 NS_SS1318    (3)    7 :  0.170 0.175 0.197 0.081 0.253 0.124 
475 NS_SS1348    (2)    7 :  0.152 0.062 0.168 0.188 0.163 0.267 
476 NS_SS1363    (0)    7 :  0.176 0.155 0.137 0.180 0.239 0.114 
477 NS_SS1335    (4)    7 :  0.259 0.067 0.136 0.163 0.193 0.181 
478 NS_SS1358    (0)    7 :  0.277 0.073 0.170 0.210 0.116 0.153 
479 NS_SS1342    (1)    7 :  0.183 0.079 0.179 0.334 0.060 0.166 
480 NS_SS1320    (2)    7 :  0.215 0.454 0.146 0.084 0.058 0.042 
481 NS_SS1355    (1)    7 :  0.393 0.159 0.129 0.096 0.139 0.084 
482 NS_SS1345    (1)    7 :  0.517 0.098 0.124 0.079 0.122 0.060 
483 NS_SS1324    (0)    7 :  0.144 0.100 0.236 0.158 0.152 0.210 
484 NS_SS1347    (5)    7 :  0.137 0.096 0.346 0.192 0.134 0.096 
485 NS_SS1321    (4)    7 :  0.062 0.090 0.158 0.304 0.165 0.221 
486 NS_SS1333    (0)    7 :  0.043 0.128 0.138 0.336 0.117 0.238 
487 NS_SS1364    (1)    7 :  0.373 0.097 0.050 0.125 0.085 0.270 
488 NS_SS1379    (0)    7 :  0.211 0.221 0.200 0.115 0.122 0.131 
489 NS_SS1332    (0)    7 :  0.103 0.175 0.094 0.177 0.087 0.364 
490 NS_SS1338    (5)    7 :  0.099 0.083 0.159 0.145 0.276 0.237 
491 NS_SS1368    (6)    7 :  0.258 0.135 0.059 0.220 0.065 0.262 
492 NS_SS1354    (1)    7 :  0.214 0.164 0.128 0.223 0.130 0.141 
493 NS_SS1365    (0)    7 :  0.195 0.209 0.131 0.158 0.206 0.100 
494 NS_SS1380    (1)    7 :  0.276 0.183 0.095 0.145 0.205 0.096 
495 NS_SS1329    (8)    7 :  0.190 0.100 0.082 0.364 0.051 0.213 
496 NS_SS1362    (0)    7 :  0.164 0.152 0.175 0.244 0.124 0.141 
497 NS_SS1327    (2)    7 :  0.058 0.088 0.158 0.120 0.114 0.462 
498 NS_SS1350    (0)    7 :  0.051 0.199 0.416 0.130 0.077 0.127 
499 NS_SS1387    (2)    7 :  0.151 0.175 0.134 0.107 0.293 0.140 
500 NS_SS1369    (8)    7 :  0.324 0.084 0.109 0.098 0.142 0.244 
501 NS_SS1331    (1)    7 :  0.076 0.218 0.076 0.218 0.206 0.208 
502 NS_SS1357    (4)    7 :  0.103 0.259 0.307 0.121 0.051 0.159 
503 NS_SS1386    (1)    7 :  0.160 0.064 0.070 0.262 0.057 0.387 
504 NS_SS1353    (2)    7 :  0.113 0.334 0.113 0.203 0.086 0.150 
505 NS_SS1323    (0)    7 :  0.247 0.198 0.095 0.258 0.129 0.073 
506 HI_SS0296    (0)    8 :  0.164 0.103 0.228 0.061 0.241 0.203 
507 HI_SS0297    (0)    8 :  0.078 0.207 0.179 0.351 0.088 0.096 
508 HI_SS0299    (0)    8 :  0.235 0.104 0.147 0.146 0.207 0.160 
509 HI_SS0300    (0)    8 :  0.347 0.114 0.122 0.066 0.200 0.151 
510 HI_SS0301    (0)    8 :  0.184 0.069 0.049 0.209 0.358 0.131 
511 HI_SS0302    (0)    8 :  0.173 0.083 0.118 0.076 0.328 0.222 
512 HI_SS0303    (0)    8 :  0.140 0.267 0.103 0.086 0.071 0.334 
513 HI_SS0304    (0)    8 :  0.066 0.313 0.069 0.154 0.194 0.204 
514 HI_SS0306    (5)    8 :  0.115 0.112 0.078 0.097 0.265 0.332 
515 HI_SS0307    (1)    8 :  0.206 0.201 0.154 0.170 0.187 0.083 
516 HI_SS0308    (1)    8 :  0.207 0.083 0.226 0.221 0.163 0.101 
517 HI_SS0309    (0)    8 :  0.282 0.060 0.287 0.107 0.195 0.070 
518 HI_SS0310    (0)    8 :  0.176 0.304 0.086 0.098 0.134 0.201 
519 HI_SS0311    (3)    8 :  0.197 0.107 0.082 0.161 0.300 0.153 
520 HI_SS0314    (0)    8 :  0.113 0.371 0.119 0.150 0.070 0.177 
521 HI_SS0316    (1)    8 :  0.212 0.177 0.128 0.145 0.112 0.225 
522 HI_SS0317    (3)    8 :  0.096 0.087 0.151 0.314 0.237 0.116 
523 HI_SS0318    (1)    8 :  0.140 0.068 0.141 0.250 0.137 0.265 
524 HI_SS0319    (0)    8 :  0.233 0.080 0.207 0.079 0.059 0.341 
525 HI_SS0320    (3)    8 :  0.056 0.283 0.067 0.397 0.105 0.091 
526 HI_SS0321    (0)    8 :  0.072 0.065 0.342 0.250 0.128 0.142 
527 HI_SS0323    (1)    8 :  0.107 0.124 0.195 0.091 0.225 0.258 
528 HI_SS0325    (2)    8 :  0.139 0.107 0.084 0.107 0.284 0.278 
529 HI_SS0327    (1)    8 :  0.136 0.090 0.479 0.134 0.043 0.118 
530 HI_SS0329    (1)    8 :  0.135 0.244 0.083 0.194 0.197 0.146 
531 HI_SS0333    (1)    8 :  0.179 0.172 0.184 0.169 0.128 0.169 
532 HI_SS0334    (1)    8 :  0.213 0.082 0.129 0.162 0.154 0.260 
533 HI_SS0335    (1)    8 :  0.297 0.104 0.194 0.163 0.161 0.081 
534 HI_SS0339    (0)    8 :  0.362 0.161 0.072 0.103 0.188 0.114 
535 HI_SS0343    (2)    8 :  0.281 0.122 0.194 0.234 0.097 0.071 
536 HI_SS0344    (1)    8 :  0.097 0.069 0.165 0.131 0.100 0.438 
537 HI_SS0345    (3)    8 :  0.229 0.134 0.062 0.191 0.197 0.187 
538 HI_SS0346    (0)    8 :  0.084 0.108 0.096 0.337 0.179 0.196 
539 HI_SS0350    (1)    8 :  0.414 0.175 0.159 0.058 0.140 0.054 
540 HI_SS0351    (0)    8 :  0.378 0.087 0.120 0.182 0.112 0.122 
541 HI_SS0352    (3)    8 :  0.261 0.138 0.158 0.216 0.129 0.098 
542 HI_SS0362    (0)    8 :  0.112 0.146 0.128 0.099 0.382 0.133 
543 HI_SS0363    (1)    8 :  0.161 0.085 0.417 0.091 0.087 0.159 
544 HI_SS0365    (0)    8 :  0.172 0.135 0.288 0.107 0.079 0.219 
545 HI_SS0366    (0)    8 :  0.101 0.079 0.265 0.088 0.157 0.310 
546 HI_SS0367    (1)    8 :  0.211 0.316 0.125 0.166 0.100 0.082 
547 HI_SS0369    (1)    8 :  0.225 0.222 0.113 0.131 0.218 0.091 
548 HI_SS0370    (0)    8 :  0.096 0.200 0.363 0.177 0.070 0.095 
549 HI_SS0371    (4)    8 :  0.141 0.128 0.096 0.133 0.174 0.327 
550 HI_SS0373    (3)    8 :  0.142 0.231 0.181 0.112 0.167 0.167 
551 HI_SS0374    (0)    8 :  0.160 0.254 0.123 0.191 0.151 0.119 
552 HI_SS0377    (0)    8 :  0.359 0.069 0.081 0.146 0.161 0.183 
553 HI_SS0379    (1)    8 :  0.114 0.065 0.078 0.190 0.075 0.478 
554 HI_SS0380    (1)    8 :  0.230 0.193 0.130 0.161 0.159 0.126 
555 HI_SS0381    (2)    8 :  0.260 0.086 0.141 0.209 0.223 0.081 
556 HI_SS0384    (3)    8 :  0.059 0.228 0.195 0.195 0.120 0.204 
557 HI_SS0385    (1)    8 :  0.086 0.282 0.036 0.127 0.158 0.311 


Estimated Allele Frequencies in each cluster
First column gives estimated ancestral frequencies


Locus 1 : 
2 alleles
3.4% missing data
   1   (0.735) 0.712 0.774 0.750 0.810 0.671 0.713 
   2   (0.265) 0.288 0.226 0.250 0.190 0.329 0.287 

Locus 2 : 
2 alleles
4.3% missing data
   1   (0.885) 0.909 0.812 0.924 0.864 0.914 0.911 
   2   (0.115) 0.091 0.188 0.076 0.136 0.086 0.089 

Locus 3 : 
2 alleles
3.9% missing data
   1   (0.858) 0.894 0.871 0.838 0.872 0.864 0.865 
   2   (0.142) 0.106 0.129 0.162 0.128 0.136 0.135 

Locus 4 : 
2 alleles
2.7% missing data
   1   (0.886) 0.921 0.904 0.921 0.814 0.884 0.912 
