   NS_SS0963  1 0.1009 0.1744 0.0922 0.1584 0.2262 0.0731 0.1748 
   NS_SS0983  1 0.0527 0.1270 0.1611 0.2198 0.1084 0.2225 0.1085 
   NS_SS0719  1 0.1157 0.0965 0.1249 0.1461 0.2014 0.1200 0.1954 
   NS_SS1001  1 0.2737 0.1698 0.1262 0.1181 0.0628 0.0928 0.1566 
   NS_SS0936  1 0.1872 0.2171 0.0765 0.1761 0.1801 0.0855 0.0776 
   NS_SS0955  1 0.0663 0.2010 0.0909 0.1645 0.1381 0.1639 0.1753 
   NS_SS0944  1 0.1179 0.2595 0.0716 0.1031 0.0923 0.1816 0.1740 
   NS_SS0945  1 0.2350 0.1454 0.1495 0.0731 0.1129 0.1983 0.0858 
   NS_SS0922  1 0.2766 0.0959 0.1072 0.1194 0.1535 0.0751 0.1724 
   NS_SS0929  1 0.0864 0.1824 0.1347 0.1781 0.1551 0.1726 0.0907 
   NS_SS0956  1 0.1696 0.1013 0.1455 0.1066 0.0840 0.0713 0.3215 
   NS_SS0906  1 0.0910 0.2629 0.1216 0.1168 0.1331 0.1771 0.0976 
   NS_SS0721  1 0.0825 0.0681 0.1619 0.1641 0.1266 0.0953 0.3015 
   NS_SS0982  1 0.0993 0.1749 0.2152 0.0982 0.1666 0.0920 0.1537 
   NS_SS0923  1 0.1588 0.1710 0.1998 0.1405 0.1279 0.0965 0.1055 
   NS_SS0905  1 0.1029 0.1670 0.3247 0.1510 0.0742 0.1025 0.0776 
   NS_SS0925  1 0.0963 0.2345 0.1235 0.2637 0.0903 0.0576 0.1341 
   NS_SS0947  1 0.1333 0.2050 0.0928 0.2019 0.1528 0.0997 0.1146 
   NS_SS0926  1 0.0828 0.1199 0.1437 0.0631 0.2468 0.2647 0.0789 
   NS_SS0918  1 0.0970 0.3778 0.1485 0.0579 0.1181 0.0768 0.1240 
   NS_SS0966  1 0.1094 0.2480 0.1392 0.1453 0.1793 0.0864 0.0924 
   NS_SS0938  1 0.2578 0.0931 0.0747 0.0980 0.2903 0.0826 0.1034 
   NS_SS0917  1 0.1067 0.0476 0.1516 0.2411 0.1697 0.1668 0.1165 
   NS_SS0957  1 0.1161 0.1310 0.1821 0.0974 0.1338 0.1102 0.2295 
   NS_SS0987  1 0.0797 0.1174 0.2593 0.0602 0.0881 0.1121 0.2832 
   NS_SS0717  1 0.1943 0.1700 0.2491 0.1055 0.0545 0.0788 0.1477 
   NS_SS0986  1 0.1106 0.1359 0.1725 0.0476 0.1560 0.1792 0.1982 
   NS_SS0953  1 0.1350 0.2835 0.1305 0.1838 0.0588 0.0876 0.1209 
   NS_SS0907  1 0.0868 0.3058 0.1699 0.1254 0.1123 0.1170 0.0828 
   NS_SS0974  1 0.1235 0.1900 0.1177 0.2361 0.1115 0.1464 0.0748 
   NS_SS0989  1 0.1081 0.0532 0.0829 0.2263 0.2233 0.2147 0.0915 
   NS_SS0991  1 0.0600 0.2416 0.1568 0.0560 0.0709 0.1926 0.2222 
   NS_SS0994  1 0.1788 0.0908 0.0947 0.1102 0.0843 0.3726 0.0686 
   NS_SS0931  1 0.0897 0.1760 0.1226 0.0627 0.1612 0.2357 0.1521 
   NS_SS1000  1 0.2449 0.1747 0.1399 0.1012 0.1425 0.1092 0.0876 
   NS_SS0919  1 0.0573 0.1575 0.2025 0.1311 0.2627 0.1273 0.0616 
   NS_SS0949  1 0.0931 0.0720 0.0810 0.2205 0.1655 0.2098 0.1581 
   NS_SS0960  1 0.0569 0.1613 0.1831 0.1847 0.1141 0.1698 0.1301 
   NS_SS0716  1 0.2018 0.0450 0.3696 0.0500 0.0723 0.0959 0.1655 
   NS_SS0924  1 0.0673 0.1762 0.1819 0.1827 0.1239 0.1347 0.1332 
   NS_SS0935  1 0.0772 0.1237 0.2219 0.1375 0.0658 0.2117 0.1621 
   NS_SS0952  1 0.0900 0.2013 0.1702 0.1141 0.1380 0.2141 0.0723 
   NS_SS0962  1 0.1824 0.1037 0.1809 0.0640 0.2727 0.0841 0.1121 
   NS_SS0973  1 0.0710 0.2139 0.1021 0.2998 0.0946 0.0903 0.1285 
   NS_SS0722  1 0.3047 0.2341 0.1297 0.1196 0.0579 0.0682 0.0857 
   NS_SS0979  1 0.1295 0.1493 0.2295 0.0788 0.1500 0.0803 0.1825 
   NS_SS0993  1 0.1613 0.2501 0.1094 0.1795 0.1106 0.0629 0.1261 
   NS_SS0958  1 0.1432 0.1289 0.1917 0.0886 0.1124 0.2540 0.0811 
   NS_SS0988  1 0.0745 0.1786 0.1929 0.0712 0.2462 0.1522 0.0845 
   NS_SS1003  1 0.0737 0.1108 0.0914 0.0560 0.3661 0.0557 0.2462 
   NS_SS0976  1 0.1203 0.1857 0.0813 0.0778 0.1977 0.2190 0.1183 
   NS_SS0964  1 0.2786 0.1032 0.1655 0.1199 0.0737 0.0690 0.1901 
   NS_SS0939  1 0.2333 0.0472 0.2627 0.0678 0.1082 0.0668 0.2140 
   NS_SS0990  1 0.2019 0.0622 0.1278 0.0497 0.2451 0.1994 0.1139 
   NS_SS0984  1 0.2685 0.1432 0.1819 0.1100 0.1445 0.0694 0.0824 
   NS_SS0980  1 0.1070 0.2315 0.1054 0.3423 0.0901 0.0611 0.0626 
   NS_SS0978  1 0.2105 0.1658 0.1129 0.1373 0.1815 0.1003 0.0918 
   NS_SS0951  1 0.0798 0.1939 0.1967 0.0598 0.0625 0.1863 0.2211 
   NS_SS0913  1 0.2170 0.1211 0.1617 0.0708 0.0924 0.0984 0.2385 
   NS_SS1002  1 0.0860 0.1850 0.1385 0.0904 0.3827 0.0602 0.0571 
   NS_SS0948  1 0.1056 0.2343 0.1743 0.0983 0.1338 0.1465 0.1071 
   NS_SS0916  1 0.1255 0.0647 0.1152 0.3437 0.1489 0.1093 0.0926 
   NS_SS0995  1 0.0912 0.0804 0.1829 0.3488 0.1100 0.0696 0.1171 
   NS_SS0927  1 0.1037 0.0706 0.2309 0.2143 0.1540 0.1617 0.0649 
   NS_SS0992  1 0.1523 0.1047 0.0844 0.2577 0.1854 0.1350 0.0805 
   NS_SS0912  1 0.0880 0.1186 0.1813 0.0478 0.1391 0.1856 0.2396 
   NS_SS0981  1 0.0925 0.2073 0.1857 0.0598 0.2159 0.0781 0.1606 
   NS_SS0729  2 0.0789 0.1391 0.0641 0.3420 0.0868 0.2327 0.0565 
   NS_SS0967  2 0.0926 0.1842 0.1485 0.1745 0.2363 0.0697 0.0943 
   NS_SS0941  2 0.2651 0.0922 0.1155 0.1519 0.1423 0.0986 0.1344 
   NS_SS0768  2 0.1330 0.1415 0.1330 0.0727 0.1360 0.1121 0.2719 
   NS_SS0726  2 0.1432 0.0975 0.0551 0.2976 0.1854 0.1495 0.0717 
   NS_SS0763  2 0.1614 0.1333 0.1630 0.1331 0.1157 0.1905 0.1029 
   NS_SS0730  2 0.1383 0.0977 0.2243 0.1555 0.1723 0.0819 0.1300 
   NS_SS0774  2 0.2060 0.1598 0.1216 0.2383 0.1358 0.0639 0.0746 
   NS_SS0723  2 0.1094 0.1499 0.1480 0.2235 0.1884 0.0429 0.1381 
   NS_SS0940  2 0.1904 0.0754 0.1437 0.1565 0.1425 0.1610 0.1305 
   NS_SS0762  2 0.3018 0.1454 0.1665 0.1442 0.0687 0.0504 0.1230 
   NS_SS0766  2 0.2377 0.0558 0.2213 0.1550 0.0703 0.1346 0.1253 
   NS_SS0724  2 0.1468 0.2015 0.1412 0.1151 0.0946 0.0858 0.2149 
   NS_SS0769  2 0.1343 0.1063 0.2393 0.0928 0.1926 0.1063 0.1284 
   NS_SS0777  2 0.0852 0.1575 0.2216 0.0614 0.1469 0.1982 0.1291 
   NS_SS0734  2 0.1451 0.0859 0.1321 0.1449 0.1020 0.1542 0.2359 
   NS_SS0737  2 0.3451 0.0777 0.1174 0.2090 0.0962 0.0624 0.0922 
   NS_SS0732  2 0.0705 0.1467 0.1951 0.1821 0.0755 0.0597 0.2704 
   NS_SS0728  2 0.1555 0.0944 0.1290 0.2459 0.0954 0.0920 0.1878 
   NS_SS0735  2 0.1995 0.1508 0.0852 0.2302 0.0536 0.0798 0.2008 
   NS_SS0725  2 0.3492 0.0999 0.0594 0.0600 0.1619 0.0918 0.1778 
   NS_SS0788  2 0.0910 0.0847 0.1700 0.1625 0.2768 0.1110 0.1040 
   NS_SS0778  2 0.0657 0.0869 0.1660 0.1600 0.2403 0.1397 0.1414 
   NS_SS0792  2 0.0819 0.1285 0.1339 0.2612 0.0826 0.1072 0.2049 
   NS_SS0943  2 0.0695 0.2379 0.0664 0.0941 0.0796 0.2407 0.2117 
   NS_SS0791  2 0.0853 0.0657 0.1096 0.3247 0.0874 0.1321 0.1952 
   NS_SS0790  2 0.1582 0.2089 0.1449 0.0892 0.0875 0.0389 0.2723 
   NS_SS0731  2 0.1512 0.1043 0.2152 0.0665 0.0942 0.0823 0.2863 
   NS_SS0727  2 0.2490 0.0868 0.0792 0.2506 0.0487 0.1943 0.0915 
   NS_SS0779  2 0.1173 0.1408 0.1973 0.1482 0.1392 0.1185 0.1388 
   NS_SS0776  2 0.2782 0.0855 0.1318 0.1007 0.1400 0.1371 0.1268 
   NS_SS0775  2 0.2462 0.0930 0.2223 0.1605 0.0849 0.0636 0.1297 
   NS_SS0965  3 0.0725 0.1599 0.1616 0.1090 0.1637 0.0826 0.2507 
   NS_SS0754  3 0.0787 0.0794 0.0931 0.2143 0.0992 0.1789 0.2565 
   NS_SS0838  3 0.1812 0.1356 0.1260 0.1414 0.1620 0.1481 0.1057 
   NS_SS0839  3 0.2365 0.1150 0.1607 0.1507 0.1471 0.0583 0.1317 
   NS_SS0832  3 0.1311 0.2506 0.1558 0.0999 0.1334 0.0492 0.1799 
   NS_SS0820  3 0.1087 0.1083 0.1499 0.1200 0.2347 0.0501 0.2283 
   NS_SS0886  3 0.0967 0.0954 0.1477 0.1543 0.1448 0.1721 0.1891 
   NS_SS0748  3 0.0850 0.2164 0.1994 0.1005 0.1279 0.1545 0.1163 
   NS_SS0884  3 0.1330 0.1516 0.1236 0.2097 0.1267 0.1255 0.1299 
   NS_SS0752  3 0.1926 0.1277 0.1198 0.2279 0.1262 0.1030 0.1028 
   NS_SS0862  3 0.0655 0.1572 0.1132 0.1913 0.0894 0.0488 0.3346 
   NS_SS0787  3 0.0761 0.1008 0.1222 0.1010 0.1034 0.3903 0.1062 
   NS_SS0843  3 0.1270 0.1543 0.1714 0.1904 0.1050 0.0898 0.1621 
   NS_SS0856  3 0.1995 0.0474 0.1478 0.2328 0.1580 0.1120 0.1026 
   NS_SS0846  3 0.1197 0.2227 0.0955 0.1793 0.1757 0.1456 0.0616 
   NS_SS0825  3 0.0887 0.1168 0.0792 0.0717 0.2947 0.1295 0.2194 
   NS_SS0757  3 0.0857 0.1824 0.1530 0.1099 0.1018 0.1532 0.2140 
   NS_SS0876  3 0.1832 0.1575 0.1106 0.1531 0.1059 0.1015 0.1882 
   NS_SS0903  3 0.0907 0.2019 0.0943 0.3952 0.1037 0.0488 0.0654 
   NS_SS0875  3 0.1451 0.1161 0.2209 0.0850 0.1799 0.1282 0.1249 
   NS_SS0740  3 0.1608 0.1907 0.1563 0.1363 0.0995 0.1009 0.1554 
   NS_SS0811  3 0.1133 0.1246 0.2609 0.0954 0.0763 0.0626 0.2669 
   NS_SS0751  3 0.2268 0.0883 0.1851 0.1096 0.2027 0.1052 0.0824 
   NS_SS0891  3 0.2540 0.1159 0.1082 0.0858 0.1786 0.1317 0.1259 
   NS_SS0867  3 0.0501 0.2782 0.0917 0.1125 0.1295 0.1446 0.1935 
   NS_SS0890  3 0.1024 0.1689 0.2112 0.2108 0.1198 0.0979 0.0890 
   NS_SS0866  3 0.1202 0.0937 0.0720 0.1313 0.1170 0.3415 0.1243 
   NS_SS0755  3 0.1032 0.1833 0.1277 0.1246 0.1422 0.0962 0.2228 
   NS_SS0758  3 0.1716 0.1501 0.1078 0.2310 0.1154 0.1095 0.1146 
   NS_SS0840  3 0.1496 0.1813 0.1295 0.1140 0.2156 0.0519 0.1580 
   NS_SS0889  3 0.0977 0.1131 0.0892 0.0882 0.0914 0.2726 0.2477 
   NS_SS1010  3 0.0896 0.1283 0.2292 0.1090 0.2435 0.1004 0.0999 
   NS_SS0888  3 0.1070 0.0621 0.0893 0.2938 0.0555 0.2369 0.1554 
   NS_SS0837  3 0.0827 0.2006 0.1485 0.1191 0.0921 0.0703 0.2867 
   NS_SS0794  3 0.1542 0.0952 0.1447 0.1750 0.0622 0.2444 0.1244 
   NS_SS0823  3 0.1812 0.2932 0.0962 0.1110 0.1370 0.0726 0.1087 
   NS_SS0829  3 0.0571 0.1867 0.0967 0.0747 0.0742 0.3148 0.1958 
   NS_SS0844  3 0.0489 0.4160 0.0896 0.1943 0.0975 0.0410 0.1126 
   NS_SS1008  3 0.2045 0.1150 0.1535 0.1188 0.0694 0.2283 0.1105 
   NS_SS0881  3 0.1237 0.0886 0.1606 0.0853 0.2618 0.1611 0.1189 
   NS_SS0834  3 0.3675 0.1088 0.0780 0.0787 0.1700 0.0828 0.1141 
   NS_SS0744  3 0.0852 0.1328 0.0764 0.2394 0.1838 0.1050 0.1773 
   NS_SS0899  3 0.1612 0.2056 0.1813 0.0636 0.0776 0.0809 0.2300 
   NS_SS0804  3 0.1466 0.1783 0.1581 0.1212 0.1442 0.0420 0.2097 
   NS_SS0781  3 0.1478 0.2074 0.1769 0.0887 0.2353 0.0568 0.0870 
   NS_SS0822  3 0.1974 0.2074 0.0602 0.1594 0.0679 0.1633 0.1445 
   NS_SS1004  3 0.1121 0.2304 0.1399 0.1549 0.1378 0.0845 0.1405 
   NS_SS0746  3 0.1569 0.2767 0.1064 0.0905 0.1215 0.1544 0.0935 
   NS_SS0880  3 0.1802 0.2319 0.0694 0.1286 0.1558 0.0874 0.1467 
   NS_SS0879  3 0.2366 0.1586 0.0695 0.1184 0.1030 0.1196 0.1944 
   NS_SS0753  3 0.0633 0.1975 0.1883 0.1311 0.0756 0.1835 0.1607 
   NS_SS1007  3 0.1765 0.0571 0.1819 0.2663 0.1721 0.0901 0.0559 
   NS_SS0872  3 0.1552 0.1495 0.1855 0.1780 0.1592 0.0744 0.0983 
   NS_SS1005  3 0.1645 0.2632 0.1223 0.1049 0.1608 0.0945 0.0898 
   NS_SS0892  3 0.1633 0.1417 0.2004 0.0992 0.1293 0.1271 0.1390 
   NS_SS0898  3 0.1279 0.1830 0.1227 0.0888 0.1329 0.2000 0.1448 
   NS_SS0801  3 0.0936 0.1675 0.1898 0.0901 0.1045 0.1168 0.2378 
   NS_SS0827  3 0.0640 0.0856 0.3964 0.0896 0.1160 0.1327 0.1158 
   NS_SS0853  3 0.0808 0.0868 0.3315 0.1198 0.0646 0.1426 0.1741 
   NS_SS0780  3 0.1445 0.1160 0.1255 0.1401 0.2103 0.0725 0.1911 
   NS_SS0826  3 0.0916 0.2106 0.0670 0.0480 0.3231 0.1424 0.1173 
   NS_SS0818  3 0.1714 0.1348 0.1738 0.1420 0.1804 0.0586 0.1389 
   NS_SS0745  3 0.4190 0.0451 0.1617 0.0298 0.1040 0.0737 0.1666 
   NS_SS0849  3 0.0877 0.1364 0.1296 0.0542 0.1359 0.0906 0.3657 
   NS_SS0739  3 0.1137 0.0564 0.1703 0.1878 0.2104 0.0971 0.1643 
   NS_SS0799  3 0.0897 0.1110 0.1684 0.3309 0.0497 0.1341 0.1163 
   NS_SS0756  3 0.0917 0.2778 0.1442 0.0791 0.2059 0.0665 0.1347 
   NS_SS0802  3 0.1154 0.0927 0.1594 0.1857 0.2321 0.1441 0.0706 
   NS_SS0747  3 0.1026 0.1936 0.1475 0.1735 0.1771 0.1064 0.0993 
   NS_SS0835  3 0.0812 0.0979 0.1725 0.1791 0.1574 0.2456 0.0664 
   NS_SS0742  3 0.0932 0.1670 0.1228 0.2385 0.1706 0.0688 0.1391 
   NS_SS0760  3 0.1099 0.1333 0.1543 0.1064 0.1049 0.3020 0.0891 
   NS_SS0803  3 0.0768 0.3555 0.0655 0.3138 0.0520 0.0461 0.0903 
   NS_SS0828  3 0.1007 0.1150 0.1962 0.1476 0.0981 0.1227 0.2198 
   NS_SS0865  3 0.0536 0.1417 0.0742 0.1268 0.2417 0.1135 0.2485 
   NS_SS0759  3 0.2051 0.1375 0.1666 0.1169 0.1157 0.0716 0.1866 
   NS_SS0851  3 0.1748 0.0842 0.0926 0.0420 0.1025 0.0779 0.4259 
   NS_SS0874  3 0.1161 0.3423 0.1369 0.1280 0.0962 0.0753 0.1053 
   NS_SS0761  3 0.0619 0.1770 0.1068 0.0973 0.1300 0.2494 0.1777 
   NS_SS0842  3 0.1328 0.1514 0.1722 0.1169 0.0982 0.2162 0.1123 
   NS_SS0785  3 0.0894 0.1828 0.1220 0.2092 0.0972 0.1478 0.1517 
   NS_SS0860  3 0.0920 0.1280 0.1343 0.1425 0.1425 0.2782 0.0825 
   NS_SS0897  3 0.0838 0.0944 0.1055 0.1181 0.0786 0.3471 0.1724 
   NS_SS0841  3 0.1884 0.1523 0.1978 0.0742 0.0937 0.0692 0.2245 
   NS_SS0797  3 0.0701 0.1343 0.1431 0.0834 0.1401 0.1930 0.2361 
   NS_SS0830  3 0.0936 0.1296 0.1465 0.1167 0.1770 0.1398 0.1967 
   NS_SS1011  3 0.1035 0.1634 0.0778 0.1067 0.2968 0.0708 0.1810 
   NS_SS0883  3 0.0538 0.1255 0.2319 0.2254 0.0713 0.1153 0.1768 
   NS_SS0782  3 0.2049 0.1192 0.1008 0.2288 0.0819 0.1488 0.1157 
   NS_SS0831  3 0.0676 0.1026 0.1027 0.1210 0.0769 0.2523 0.2769 
   NS_SS0749  3 0.1243 0.0796 0.1148 0.2001 0.1052 0.1422 0.2339 
   NS_SS0854  3 0.1980 0.0944 0.0777 0.3079 0.0788 0.1071 0.1361 
   HI_SS0193  4 0.2290 0.0772 0.0533 0.1123 0.1183 0.2118 0.1981 
   HI_SS0194  4 0.3853 0.1122 0.0503 0.0539 0.1784 0.1332 0.0867 
   HI_SS0195  4 0.1577 0.0607 0.1332 0.1002 0.2054 0.0538 0.2889 
   HI_SS0196  4 0.2072 0.0928 0.1202 0.2263 0.0880 0.1562 0.1092 
   HI_SS0197  4 0.1154 0.0729 0.1158 0.0871 0.4733 0.0770 0.0584 
   HI_SS0198  4 0.0832 0.0887 0.1467 0.1700 0.1225 0.1540 0.2349 
   HI_SS0199  4 0.1327 0.0934 0.1028 0.3548 0.0735 0.1516 0.0912 
   HI_SS0201  4 0.0392 0.1784 0.1273 0.1278 0.1071 0.2520 0.1681 
   HI_SS0215  4 0.0480 0.1316 0.1897 0.1131 0.1567 0.2264 0.1345 
   HI_SS0218  4 0.1472 0.0648 0.0802 0.1727 0.0591 0.3063 0.1697 
   HI_SS0222  4 0.1654 0.0572 0.1253 0.1674 0.1579 0.1246 0.2023 
   HI_SS0230  4 0.0935 0.1229 0.3295 0.0599 0.2271 0.0881 0.0790 
   HI_SS0234  4 0.1356 0.1087 0.0961 0.3085 0.1933 0.0955 0.0623 
   HI_SS0240  4 0.1953 0.0633 0.1000 0.3515 0.0908 0.0791 0.1201 
   HI_SS0241  4 0.0875 0.1255 0.1621 0.1679 0.1338 0.1917 0.1316 
   HI_SS0242  4 0.1000 0.2193 0.0983 0.1393 0.1115 0.1529 0.1785 
   HI_SS0247  4 0.1115 0.3522 0.0943 0.0589 0.1464 0.1143 0.1224 
   HI_SS0248  4 0.1533 0.1690 0.1279 0.2147 0.0460 0.2266 0.0625 
   HI_SS0252  4 0.2410 0.1690 0.0835 0.1659 0.0668 0.0858 0.1880 
   HI_SS0254  4 0.0939 0.1391 0.1637 0.1338 0.2442 0.1523 0.0729 
   HI_SS0256  4 0.1782 0.1787 0.1561 0.1345 0.1903 0.0295 0.1327 
   HI_SS0257  4 0.0747 0.2205 0.0787 0.1781 0.1728 0.2215 0.0538 
   HI_SS0258  4 0.1154 0.1280 0.1530 0.1337 0.0842 0.2554 0.1302 
   HI_SS0259  4 0.2274 0.0836 0.0814 0.1056 0.2566 0.0844 0.1608 
   HI_SS0260  4 0.1437 0.0856 0.1804 0.2140 0.0793 0.2210 0.0760 
   HI_SS0261  4 0.1830 0.2034 0.0747 0.0829 0.2100 0.1748 0.0713 
   HI_SS0262  4 0.0980 0.0840 0.1415 0.2148 0.1406 0.0824 0.2387 
   HI_SS0264  4 0.1563 0.1057 0.2543 0.0501 0.2118 0.1091 0.1127 
   HI_SS0265  4 0.0987 0.0992 0.1451 0.0969 0.2466 0.0881 0.2254 
   HI_SS0268  4 0.1248 0.0469 0.2756 0.0818 0.2125 0.1593 0.0992 
   HI_SS0269  4 0.0653 0.1049 0.0523 0.2773 0.1719 0.2666 0.0617 
   HI_SS0273  4 0.0798 0.1875 0.1006 0.1201 0.1724 0.2199 0.1199 
   HI_SS0277  4 0.0695 0.1249 0.0961 0.1230 0.3984 0.0761 0.1119 
   HI_SS0280  4 0.1492 0.0595 0.1354 0.1407 0.1251 0.1259 0.2642 
   HI_SS0282  4 0.0958 0.2152 0.0766 0.1551 0.0877 0.1825 0.1870 
   HI_SS0286  4 0.0644 0.0792 0.1502 0.2265 0.1228 0.1319 0.2250 
   NS_SS1252  5 0.0878 0.1369 0.1072 0.1555 0.0615 0.3418 0.1092 
   NS_SS1261  5 0.0812 0.1368 0.1784 0.2061 0.1654 0.1262 0.1060 
   NS_SS1225  5 0.0779 0.3166 0.1320 0.1011 0.1102 0.1792 0.0830 
   NS_SS1266  5 0.1160 0.3887 0.0929 0.1080 0.1160 0.0479 0.1305 
   NS_SS1228  5 0.1014 0.0847 0.1651 0.1405 0.1253 0.0815 0.3014 
   NS_SS1255  5 0.3579 0.1213 0.0918 0.1379 0.0753 0.1426 0.0733 
   NS_SS1267  5 0.0696 0.0522 0.1879 0.1447 0.0902 0.3292 0.1262 
   NS_SS1238  5 0.1562 0.0887 0.0965 0.0771 0.2218 0.1920 0.1677 
   NS_SS1233  5 0.1428 0.4075 0.1261 0.0369 0.1012 0.0859 0.0996 
   NS_SS1277  5 0.2237 0.0631 0.0819 0.2046 0.0859 0.2123 0.1285 
   NS_SS1245  5 0.1672 0.2631 0.1022 0.1037 0.1115 0.1729 0.0793 
   NS_SS1240  5 0.0876 0.0707 0.1722 0.1641 0.1403 0.3099 0.0552 
   NS_SS1275  5 0.1402 0.1262 0.0696 0.0899 0.3161 0.0486 0.2093 
   NS_SS1235  5 0.2312 0.1981 0.0652 0.2307 0.1290 0.0976 0.0483 
   NS_SS1263  5 0.2449 0.3019 0.1226 0.0783 0.0817 0.0783 0.0922 
   NS_SS1251  5 0.1556 0.3127 0.1233 0.0822 0.1543 0.0848 0.0871 
   NS_SS1248  5 0.0767 0.0707 0.1514 0.0406 0.1065 0.1547 0.3995 
   NS_SS1244  5 0.0802 0.1921 0.0519 0.1396 0.3019 0.1064 0.1279 
   NS_SS1257  5 0.1409 0.1100 0.1228 0.1627 0.0993 0.2333 0.1309 
   NS_SS1242  5 0.2351 0.1652 0.1702 0.0658 0.1341 0.0887 0.1409 
   NS_SS1271  5 0.0604 0.0719 0.0847 0.2420 0.1021 0.3047 0.1342 
   NS_SS1265  5 0.1222 0.1429 0.1329 0.0575 0.1504 0.2903 0.1038 
   NS_SS1243  5 0.2018 0.1020 0.1621 0.0964 0.0655 0.1004 0.2718 
   NS_SS1273  5 0.2762 0.1393 0.2211 0.0725 0.1174 0.0746 0.0989 
   NS_SS1254  5 0.1311 0.3326 0.1842 0.1017 0.0821 0.0790 0.0893 
   NS_SS1224  5 0.1141 0.2463 0.1073 0.1123 0.1083 0.0761 0.2356 
   NS_SS1227  5 0.0989 0.0756 0.2732 0.1571 0.1724 0.1709 0.0519 
   NS_SS1274  5 0.1546 0.1257 0.1278 0.1795 0.0978 0.1839 0.1306 
   NS_SS1241  5 0.1064 0.1852 0.0944 0.1719 0.1132 0.1759 0.1530 
   NS_SS1256  5 0.1284 0.2675 0.1058 0.0718 0.1856 0.1749 0.0659 
   NS_SS1260  5 0.0752 0.0952 0.1217 0.3129 0.0856 0.2091 0.1004 
   NS_SS1262  5 0.0601 0.1984 0.1037 0.1589 0.1456 0.1617 0.1717 
   NS_SS1230  5 0.1724 0.1415 0.1594 0.0789 0.1309 0.1929 0.1240 
   NS_SS1270  5 0.0924 0.2410 0.1068 0.0494 0.1249 0.0943 0.2912 
   NS_SS1229  5 0.2217 0.1121 0.0603 0.2727 0.2195 0.0658 0.0479 
   NS_SS1246  5 0.1521 0.0746 0.0578 0.2216 0.2059 0.2063 0.0817 
   NS_SS1269  5 0.1629 0.1381 0.1574 0.1424 0.1353 0.0975 0.1664 
   NS_SS1239  5 0.1435 0.0713 0.0896 0.3152 0.0755 0.0569 0.2479 
   NS_SS1272  5 0.1049 0.1258 0.1303 0.0727 0.3992 0.0867 0.0803 
   NS_SS1268  5 0.0971 0.2608 0.1238 0.0536 0.0676 0.0785 0.3187 
   NS_SS1249  5 0.1042 0.1177 0.0628 0.2485 0.0639 0.3043 0.0985 
   HI_SS0559  6 0.1534 0.1337 0.1515 0.1308 0.0569 0.1446 0.2291 
   HI_SS0563  6 0.0808 0.1737 0.1001 0.2534 0.1544 0.1166 0.1210 
   HI_SS0564  6 0.1442 0.1707 0.0884 0.1212 0.1928 0.1040 0.1787 
   HI_SS0565  6 0.0769 0.1516 0.2085 0.0909 0.2341 0.1624 0.0755 
   HI_SS0569  6 0.0515 0.2813 0.1702 0.0789 0.1196 0.2152 0.0832 
   HI_SS0570  6 0.1404 0.0585 0.1079 0.1422 0.1251 0.2747 0.1512 
   HI_SS0572  6 0.2241 0.1260 0.1246 0.2508 0.1248 0.0620 0.0877 
   HI_SS0576  6 0.1662 0.0915 0.2005 0.0989 0.1340 0.0810 0.2279 
   HI_SS0579  6 0.0827 0.3206 0.0997 0.1966 0.0609 0.1551 0.0843 
   HI_SS0580  6 0.1630 0.0961 0.1861 0.1724 0.0684 0.1986 0.1154 
   HI_SS0581  6 0.1188 0.0757 0.0972 0.0869 0.2973 0.0575 0.2668 
   HI_SS0583  6 0.1438 0.1496 0.2271 0.1179 0.0898 0.2253 0.0464 
   HI_SS0586  6 0.0699 0.0733 0.2666 0.0697 0.0873 0.3171 0.1162 
   HI_SS0588  6 0.1052 0.1789 0.2215 0.1532 0.0728 0.1649 0.1034 
   HI_SS0595  6 0.1126 0.1007 0.1485 0.1030 0.2915 0.1854 0.0583 
   HI_SS0596  6 0.3220 0.1336 0.1698 0.1692 0.0598 0.0690 0.0765 
   HI_SS0597  6 0.2543 0.1502 0.1299 0.1124 0.1931 0.0923 0.0679 
   HI_SS0600  6 0.0800 0.0855 0.0817 0.3056 0.2013 0.1242 0.1218 
   HI_SS0601  6 0.0384 0.2184 0.1784 0.1593 0.1650 0.1114 0.1290 
   HI_SS0602  6 0.1174 0.0662 0.3239 0.0792 0.0674 0.1955 0.1504 
   HI_SS0604  6 0.1980 0.2137 0.1264 0.0752 0.0712 0.1216 0.1939 
   HI_SS0605  6 0.0802 0.0882 0.0794 0.2033 0.0735 0.1472 0.3282 
   HI_SS0608  6 0.2332 0.0862 0.2451 0.0790 0.1067 0.1375 0.1124 
   HI_SS0609  6 0.1349 0.2964 0.1624 0.1054 0.1596 0.0820 0.0594 
   HI_SS0611  6 0.0774 0.0745 0.2085 0.1182 0.0670 0.2226 0.2319 
   HI_SS0612  6 0.0783 0.3563 0.0644 0.2637 0.0856 0.1091 0.0427 
   HI_SS0613  6 0.0915 0.1178 0.1490 0.0834 0.0768 0.1116 0.3698 
   HI_SS0615  6 0.1965 0.0810 0.1714 0.2005 0.1438 0.0521 0.1546 
   HI_SS0001  6 0.2671 0.0920 0.0881 0.1454 0.1574 0.1657 0.0842 
   HI_SS0002  6 0.1722 0.2252 0.1886 0.0932 0.1662 0.0655 0.0891 
   HI_SS0004  6 0.2044 0.0688 0.1355 0.1188 0.0858 0.2511 0.1356 
   HI_SS0005  6 0.0937 0.0656 0.2006 0.0744 0.1530 0.1021 0.3106 
   HI_SS0006  6 0.0990 0.2088 0.0909 0.1308 0.1791 0.2044 0.0871 
   HI_SS0007  6 0.1190 0.0658 0.0700 0.1269 0.0548 0.2111 0.3524 
   HI_SS0008  6 0.0915 0.1206 0.2491 0.0960 0.2097 0.0924 0.1407 
   HI_SS0009  6 0.1850 0.1044 0.1748 0.1844 0.0534 0.0705 0.2275 
   HI_SS0010  6 0.0879 0.1198 0.2511 0.1099 0.1385 0.1582 0.1346 
   HI_SS0011  6 0.0909 0.3103 0.0971 0.0397 0.2224 0.1074 0.1322 
   HI_SS0012  6 0.0598 0.0713 0.2257 0.2995 0.2132 0.0385 0.0920 
   HI_SS0017  6 0.3981 0.1058 0.0679 0.0894 0.1195 0.1009 0.1184 
   HI_SS0021  6 0.0976 0.0803 0.2476 0.0786 0.1866 0.2304 0.0790 
   HI_SS0024  6 0.1581 0.0674 0.1245 0.1583 0.2228 0.0781 0.1909 
   HI_SS0025  6 0.2700 0.1426 0.1434 0.1090 0.0709 0.0936 0.1705 
   HI_SS0027  6 0.0908 0.2104 0.1486 0.1346 0.0566 0.1893 0.1697 
   HI_SS0028  6 0.1237 0.0604 0.3124 0.0446 0.2585 0.0421 0.1584 
   HI_SS0029  6 0.1753 0.0549 0.2243 0.1671 0.1398 0.1634 0.0753 
   HI_SS0030  6 0.1393 0.1334 0.0826 0.1900 0.1266 0.1434 0.1847 
   HI_SS0031  6 0.0934 0.1284 0.1817 0.2610 0.2078 0.0683 0.0595 
   HI_SS0034  6 0.1149 0.1985 0.0676 0.1825 0.0727 0.2434 0.1202 
   HI_SS0036  6 0.0875 0.0329 0.1124 0.0877 0.2212 0.2813 0.1770 
   HI_SS0037  6 0.0877 0.1125 0.1995 0.0699 0.0727 0.2925 0.1652 
   HI_SS0039  6 0.0880 0.0676 0.1692 0.0816 0.1340 0.2156 0.2439 
   HI_SS0041  6 0.1923 0.0630 0.1228 0.1090 0.1180 0.0868 0.3082 
   HI_SS0042  6 0.1919 0.1469 0.1538 0.0948 0.2061 0.0751 0.1314 
   HI_SS0043  6 0.0649 0.0766 0.0909 0.1285 0.1932 0.3365 0.1094 
   HI_SS0044  6 0.2398 0.0533 0.1590 0.2027 0.0810 0.1993 0.0649 
   HI_SS0047  6 0.2181 0.1263 0.1155 0.1405 0.1236 0.0755 0.2004 
   HI_SS0049  6 0.3119 0.1827 0.1617 0.0684 0.0709 0.1119 0.0925 
   HI_SS0051  6 0.0599 0.1705 0.1096 0.1347 0.0791 0.0938 0.3523 
   HI_SS0053  6 0.1099 0.1156 0.0917 0.1112 0.2184 0.2540 0.0992 
   HI_SS0054  6 0.0589 0.2488 0.0956 0.0807 0.0963 0.2536 0.1662 
   HI_SS0057  6 0.1821 0.1425 0.0837 0.0558 0.1772 0.1263 0.2324 
   HI_SS0058  6 0.1317 0.1646 0.1610 0.0999 0.0712 0.2522 0.1194 
   HI_SS0060  6 0.0565 0.1399 0.1389 0.1260 0.2149 0.1205 0.2033 
   HI_SS0087  6 0.1165 0.1868 0.1225 0.1053 0.2129 0.1518 0.1043 
   HI_SS0091  6 0.0835 0.1212 0.0801 0.1359 0.2302 0.2846 0.0645 
   HI_SS0095  6 0.0734 0.1168 0.1124 0.2487 0.1741 0.1271 0.1475 
   HI_SS0097  6 0.0555 0.3604 0.1232 0.2056 0.0958 0.0777 0.0819 
   HI_SS0099  6 0.1968 0.0856 0.3591 0.0757 0.0887 0.1194 0.0747 
   HI_SS0103  6 0.2197 0.1055 0.0711 0.2102 0.1790 0.1078 0.1068 
   HI_SS0105  6 0.0755 0.1442 0.1117 0.1207 0.2728 0.1046 0.1705 
   HI_SS0107  6 0.3016 0.1362 0.0647 0.1741 0.1518 0.0579 0.1137 
   HI_SS0108  6 0.0884 0.1104 0.0677 0.1361 0.1051 0.3803 0.1120 
   HI_SS0110  6 0.1246 0.0778 0.0845 0.2009 0.3247 0.1213 0.0662 
   HI_SS0111  6 0.1029 0.0749 0.1373 0.2297 0.2152 0.1116 0.1284 
   HI_SS0112  6 0.0953 0.0817 0.1112 0.1520 0.1206 0.3546 0.0845 
   HI_SS0113  6 0.2551 0.1437 0.1380 0.0795 0.1937 0.0801 0.1099 
   HI_SS0114  6 0.0605 0.1432 0.1692 0.1202 0.0974 0.2149 0.1946 
   HI_SS0115  6 0.1537 0.1151 0.2043 0.2707 0.0434 0.1004 0.1125 
   HI_SS0116  6 0.2001 0.0752 0.1820 0.1918 0.0652 0.2439 0.0420 
   HI_SS0117  6 0.0983 0.2084 0.0973 0.0910 0.2644 0.1876 0.0530 
   HI_SS0118  6 0.1126 0.1766 0.1244 0.1393 0.1588 0.2048 0.0835 
   HI_SS0119  6 0.0521 0.1139 0.0720 0.1896 0.2815 0.1669 0.1240 
   HI_SS0120  6 0.3857 0.0909 0.0420 0.0840 0.2605 0.0599 0.0771 
   HI_SS0121  6 0.0669 0.1343 0.1840 0.0538 0.3689 0.0619 0.1303 
   HI_SS0122  6 0.0998 0.0974 0.1045 0.1466 0.2283 0.1488 0.1747 
   HI_SS0123  6 0.1109 0.1935 0.1061 0.1455 0.2351 0.1325 0.0765 
   HI_SS0124  6 0.2886 0.0924 0.2107 0.1448 0.0828 0.0557 0.1251 
   HI_SS0125  6 0.1417 0.0878 0.2100 0.2108 0.1629 0.0525 0.1342 
   HI_SS0126  6 0.1929 0.0828 0.1161 0.1128 0.1096 0.3112 0.0745 
   HI_SS0127  6 0.0829 0.1847 0.1571 0.0764 0.0853 0.1075 0.3061 
   HI_SS0128  6 0.2221 0.1760 0.1024 0.1531 0.1531 0.1261 0.0673 
   HI_SS0129  6 0.1618 0.0829 0.0817 0.1296 0.1355 0.2229 0.1856 
   HI_SS0131  6 0.0581 0.1616 0.2221 0.0673 0.0898 0.2258 0.1752 
   HI_SS0132  6 0.0772 0.1490 0.1452 0.1341 0.2726 0.1149 0.1069 
   HI_SS0133  6 0.1576 0.0779 0.0562 0.1011 0.0915 0.4024 0.1133 
   HI_SS0134  6 0.1218 0.1867 0.1422 0.1550 0.1389 0.1406 0.1147 
   HI_SS0142  6 0.0606 0.1611 0.1477 0.2151 0.2043 0.0843 0.1268 
   HI_SS0145  6 0.1190 0.2331 0.1223 0.1788 0.0903 0.1708 0.0857 
   HI_SS0146  6 0.0899 0.2114 0.1184 0.1988 0.0678 0.1793 0.1344 
   HI_SS0147  6 0.0935 0.1528 0.0839 0.0926 0.1149 0.0903 0.3720 
   HI_SS0149  6 0.0965 0.1666 0.0694 0.0524 0.3857 0.1554 0.0740 
   HI_SS0150  6 0.2052 0.1332 0.1401 0.1136 0.1432 0.0707 0.1939 
   HI_SS0151  6 0.1532 0.1041 0.0776 0.3225 0.0515 0.1101 0.1809 
   NS_SS1451  6 0.1882 0.0836 0.1350 0.1993 0.1451 0.0597 0.1892 
   NS_SS1404  6 0.1293 0.0900 0.1193 0.0891 0.1283 0.1165 0.3274 
   NS_SS1432  6 0.2300 0.0494 0.1795 0.0845 0.3107 0.0618 0.0840 
   NS_SS1405  6 0.2074 0.0993 0.2309 0.1360 0.0908 0.1544 0.0812 
   NS_SS1431  6 0.2560 0.1065 0.1072 0.0679 0.2919 0.0735 0.0970 
   NS_SS1402  6 0.1058 0.1378 0.1120 0.2298 0.1899 0.1279 0.0968 
   NS_SS1450  6 0.2314 0.0776 0.0524 0.1317 0.0982 0.2233 0.1853 
   NS_SS1396  6 0.1074 0.1245 0.2169 0.1316 0.1460 0.1268 0.1468 
   NS_SS1393  6 0.1002 0.0738 0.2186 0.2642 0.1008 0.1214 0.1211 
   NS_SS1392  6 0.2601 0.0514 0.1133 0.2181 0.0900 0.0884 0.1787 
   NS_SS1445  6 0.0790 0.1739 0.1719 0.0599 0.1545 0.2296 0.1310 
   NS_SS1423  6 0.1543 0.0924 0.1068 0.1923 0.2443 0.1483 0.0616 
   NS_SS1421  6 0.1381 0.1492 0.0784 0.1341 0.1969 0.1770 0.1262 
   NS_SS1411  6 0.0944 0.0822 0.1244 0.0772 0.0641 0.2558 0.3018 
   NS_SS1453  6 0.0834 0.0718 0.1146 0.1581 0.2487 0.2061 0.1174 
   NS_SS1442  6 0.1218 0.2421 0.1793 0.1329 0.0916 0.1338 0.0985 
   NS_SS1422  6 0.1195 0.2402 0.0682 0.3154 0.1016 0.0796 0.0756 
   NS_SS1419  6 0.0942 0.3512 0.1307 0.0684 0.0794 0.1053 0.1709 
   NS_SS1427  6 0.1912 0.0535 0.0619 0.2311 0.0993 0.2962 0.0667 
   NS_SS1444  6 0.1532 0.1820 0.2603 0.0782 0.0713 0.0915 0.1636 
   NS_SS1455  6 0.2367 0.2145 0.1891 0.1101 0.1267 0.0683 0.0547 
   NS_SS1425  6 0.0633 0.1553 0.1289 0.1141 0.1114 0.3183 0.1087 
   NS_SS1400  6 0.1037 0.2006 0.1724 0.0580 0.0763 0.2871 0.1018 
   NS_SS1406  6 0.1081 0.2881 0.1524 0.0904 0.2475 0.0461 0.0672 
   NS_SS1417  6 0.1799 0.1748 0.0778 0.0705 0.1634 0.2020 0.1316 
   NS_SS1454  6 0.1030 0.0906 0.1286 0.0427 0.2748 0.2381 0.1221 
   NS_SS1412  6 0.1670 0.0894 0.1142 0.1202 0.1268 0.1801 0.2023 
   NS_SS1438  6 0.0560 0.1607 0.1247 0.1425 0.0826 0.2502 0.1834 
   NS_SS1416  6 0.1257 0.1271 0.1449 0.1485 0.1693 0.1420 0.1426 
   NS_SS1401  6 0.0931 0.1277 0.1530 0.1657 0.2423 0.1334 0.0847 
   NS_SS1424  6 0.0897 0.0925 0.0892 0.1543 0.2509 0.1519 0.1714 
   NS_SS1435  6 0.2153 0.0523 0.2332 0.1139 0.1367 0.1135 0.1350 
   NS_SS1447  6 0.1317 0.2080 0.1204 0.0782 0.1204 0.0895 0.2517 
   NS_SS1414  6 0.1862 0.1908 0.1734 0.0435 0.0818 0.1054 0.2188 
   NS_SS1449  6 0.1234 0.0846 0.0552 0.3516 0.1876 0.0767 0.1209 
   NS_SS1443  6 0.1464 0.1836 0.0927 0.2351 0.0917 0.1902 0.0603 
   NS_SS1434  6 0.2874 0.1088 0.0753 0.2603 0.0717 0.1318 0.0647 
   NS_SS1398  6 0.2312 0.1053 0.1865 0.1052 0.1378 0.1199 0.1140 
   NS_SS1426  6 0.1032 0.0866 0.1473 0.1409 0.1299 0.2791 0.1130 
   NS_SS1413  6 0.2479 0.1519 0.0844 0.0631 0.0946 0.2674 0.0906 
   NS_SS1395  6 0.1029 0.0958 0.1828 0.1962 0.1749 0.1752 0.0722 
   NS_SS1448  6 0.1963 0.0734 0.0892 0.0681 0.0950 0.2009 0.2771 
   NS_SS1446  6 0.1011 0.1036 0.0849 0.2128 0.1761 0.1815 0.1400 
   NS_SS1403  6 0.1260 0.0621 0.2443 0.1242 0.2964 0.0719 0.0752 
   NS_SS1415  6 0.1285 0.1121 0.1706 0.1191 0.0949 0.2386 0.1363 
   NS_SS1437  6 0.1127 0.1241 0.1704 0.0652 0.2868 0.1157 0.1252 
   NS_SS1439  6 0.0900 0.1840 0.1612 0.2269 0.1260 0.1011 0.1106 
   NS_SS1441  6 0.1849 0.1519 0.1736 0.1523 0.0987 0.1823 0.0564 
   NS_SS1420  6 0.1052 0.0645 0.1152 0.1282 0.0476 0.0682 0.4711 
   NS_SS1394  6 0.1393 0.0753 0.2864 0.0764 0.1539 0.0748 0.1940 
   NS_SS1391  6 0.2715 0.0647 0.1153 0.1481 0.1182 0.2074 0.0747 
   NS_SS1410  6 0.1159 0.1143 0.1469 0.1877 0.1763 0.1656 0.0933 
   NS_SS1408  6 0.1080 0.1540 0.1092 0.1447 0.2325 0.0874 0.1643 
   NS_SS1409  6 0.2511 0.1007 0.1096 0.2080 0.1049 0.1659 0.0597 
   HI_SS0617  7 0.1391 0.0719 0.0736 0.3030 0.0878 0.1839 0.1407 
   HI_SS0618  7 0.1621 0.1052 0.2271 0.2242 0.0815 0.0790 0.1208 
   HI_SS0619  7 0.2167 0.0818 0.2485 0.0975 0.0970 0.1568 0.1016 
   HI_SS0620  7 0.0716 0.0605 0.0659 0.2213 0.0421 0.2648 0.2739 
   HI_SS0621  7 0.1293 0.1454 0.1464 0.1903 0.1535 0.0943 0.1408 
   HI_SS0622  7 0.1391 0.2530 0.0982 0.0852 0.0948 0.1512 0.1786 
   HI_SS0626  7 0.0831 0.0660 0.2237 0.0589 0.1521 0.1209 0.2952 
   HI_SS0627  7 0.1664 0.0823 0.1563 0.0967 0.3253 0.0747 0.0983 
   HI_SS0628  7 0.1328 0.0780 0.1492 0.0712 0.1975 0.2574 0.1139 
   HI_SS0629  7 0.0785 0.1231 0.2449 0.1247 0.1764 0.1506 0.1017 
   HI_SS0630  7 0.1215 0.1050 0.1942 0.1649 0.0718 0.1648 0.1778 
   HI_SS0631  7 0.0800 0.0959 0.1471 0.1897 0.1069 0.1814 0.1990 
   HI_SS0632  7 0.1223 0.2061 0.1101 0.0763 0.1116 0.1422 0.2315 
   HI_SS0633  7 0.2427 0.1171 0.2095 0.1849 0.0598 0.1253 0.0607 
   HI_SS0634  7 0.0994 0.0890 0.1015 0.1187 0.2386 0.1368 0.2159 
   HI_SS0635  7 0.1494 0.1561 0.2620 0.0711 0.1308 0.0770 0.1536 
   HI_SS0637  7 0.0605 0.2081 0.0966 0.0997 0.1430 0.1246 0.2676 
   HI_SS0638  7 0.2259 0.1209 0.1117 0.0990 0.1310 0.1648 0.1467 
   HI_SS0639  7 0.1131 0.1343 0.1814 0.1716 0.1339 0.0591 0.2065 
   HI_SS0640  7 0.1533 0.2644 0.1946 0.0952 0.0910 0.1044 0.0971 
   HI_SS0641  7 0.0769 0.0825 0.2685 0.0812 0.0782 0.2056 0.2069 
   HI_SS0642  7 0.1295 0.0905 0.1021 0.1370 0.3858 0.0602 0.0949 
   HI_SS0645  7 0.1415 0.1354 0.2377 0.1113 0.0591 0.0605 0.2544 
   HI_SS0646  7 0.2134 0.1495 0.0854 0.2259 0.1365 0.1058 0.0836 
   HI_SS0647  7 0.2921 0.1221 0.0930 0.0522 0.1752 0.1367 0.1288 
   HI_SS0648  7 0.1730 0.1634 0.1496 0.1100 0.1146 0.1377 0.1517 
   HI_SS0649  7 0.1332 0.1435 0.2291 0.2045 0.1027 0.1053 0.0817 
   HI_SS0650  7 0.3004 0.0711 0.1011 0.2257 0.1260 0.0668 0.1089 
   HI_SS0651  7 0.1235 0.1345 0.2169 0.2160 0.0969 0.1027 0.1096 
   HI_SS0652  7 0.2047 0.0883 0.1189 0.0629 0.0713 0.0689 0.3849 
   NS_SS1371  7 0.0907 0.0701 0.1602 0.3167 0.2003 0.1010 0.0609 
   NS_SS1374  7 0.1065 0.0561 0.0965 0.0748 0.2278 0.2454 0.1929 
   NS_SS1337  7 0.1369 0.0951 0.0509 0.0704 0.2244 0.0736 0.3488 
   NS_SS1385  7 0.1867 0.1386 0.1373 0.2093 0.1321 0.0935 0.1024 
   NS_SS1388  7 0.1838 0.0881 0.3201 0.0725 0.1149 0.1544 0.0661 
   NS_SS1370  7 0.0416 0.0778 0.0873 0.1507 0.0885 0.0484 0.5056 
   NS_SS1389  7 0.2033 0.0702 0.2957 0.0607 0.1177 0.1235 0.1288 
   NS_SS1360  7 0.0785 0.1489 0.2671 0.1048 0.0960 0.1566 0.1482 
   NS_SS1330  7 0.1614 0.1264 0.1664 0.1744 0.1022 0.0614 0.2077 
   NS_SS1328  7 0.2719 0.1108 0.0520 0.1332 0.1303 0.2363 0.0654 
   NS_SS1384  7 0.0735 0.1716 0.1786 0.1424 0.1811 0.1086 0.1442 
   NS_SS1381  7 0.3137 0.1382 0.0873 0.2274 0.0793 0.0563 0.0978 
   NS_SS1375  7 0.2934 0.0463 0.1876 0.1508 0.1138 0.0944 0.1135 
   NS_SS1319  7 0.1086 0.0811 0.1444 0.2009 0.2151 0.1113 0.1385 
   NS_SS1326  7 0.1744 0.0722 0.1627 0.1091 0.0981 0.3203 0.0633 
   NS_SS1341  7 0.0713 0.1576 0.1209 0.1060 0.2734 0.1800 0.0908 
   NS_SS1383  7 0.1024 0.0871 0.1056 0.1310 0.3104 0.0980 0.1655 
   NS_SS1318  7 0.1450 0.1402 0.1453 0.1716 0.0700 0.1145 0.2134 
   NS_SS1348  7 0.0800 0.1226 0.1532 0.1543 0.1438 0.2117 0.1345 
   NS_SS1363  7 0.1056 0.1702 0.1243 0.1405 0.1502 0.0954 0.2136 
   NS_SS1335  7 0.0664 0.2208 0.1634 0.1177 0.1371 0.1634 0.1313 
   NS_SS1358  7 0.1009 0.2391 0.0571 0.1528 0.1880 0.1368 0.1253 
   NS_SS1342  7 0.0775 0.1826 0.0885 0.1568 0.2767 0.1597 0.0583 
   NS_SS1320  7 0.3669 0.2159 0.1195 0.1284 0.0749 0.0401 0.0542 
   NS_SS1355  7 0.1712 0.3077 0.1207 0.0967 0.0891 0.0764 0.1381 
   NS_SS1345  7 0.1004 0.4887 0.0637 0.1115 0.0685 0.0580 0.1093 
   NS_SS1324  7 0.0874 0.1393 0.2028 0.1781 0.1188 0.1766 0.0970 
   NS_SS1347  7 0.0691 0.1228 0.1487 0.3152 0.1569 0.0790 0.1084 
   NS_SS1321  7 0.0774 0.0576 0.1024 0.1383 0.2662 0.1965 0.1615 
   NS_SS1333  7 0.0955 0.0396 0.1903 0.1036 0.2820 0.2101 0.0789 
   NS_SS1364  7 0.1017 0.3255 0.1282 0.0479 0.1085 0.2089 0.0792 
   NS_SS1379  7 0.1940 0.1552 0.1201 0.1872 0.1156 0.1112 0.1167 
   NS_SS1332  7 0.1034 0.0818 0.2435 0.0799 0.1445 0.2910 0.0560 
   NS_SS1338  7 0.0708 0.0771 0.2309 0.1448 0.1201 0.1667 0.1896 
   NS_SS1368  7 0.1136 0.2617 0.1064 0.0545 0.1550 0.2402 0.0685 
   NS_SS1354  7 0.1155 0.1996 0.1586 0.1148 0.1764 0.1168 0.1183 
   NS_SS1365  7 0.1826 0.1632 0.1175 0.1069 0.1422 0.0955 0.1921 
   NS_SS1380  7 0.1293 0.2414 0.1466 0.0751 0.1334 0.0794 0.1947 
   NS_SS1329  7 0.1106 0.1804 0.0876 0.0769 0.2988 0.1938 0.0519 
   NS_SS1362  7 0.1758 0.1368 0.1684 0.1275 0.1928 0.1101 0.0886 
   NS_SS1327  7 0.0901 0.0487 0.1530 0.1198 0.1080 0.3916 0.0887 
   NS_SS1350  7 0.2105 0.0467 0.0902 0.3380 0.1084 0.1219 0.0843 
   NS_SS1387  7 0.0930 0.1131 0.3273 0.1169 0.0843 0.0958 0.1697 
   NS_SS1369  7 0.0745 0.3014 0.0527 0.0756 0.0876 0.2388 0.1694 
   NS_SS1331  7 0.1392 0.0684 0.1696 0.0705 0.1908 0.1837 0.1778 
   NS_SS1357  7 0.3027 0.0898 0.0649 0.2391 0.1016 0.1528 0.0491 
   NS_SS1386  7 0.0697 0.1621 0.0645 0.0585 0.2382 0.3480 0.0591 
   NS_SS1353  7 0.3164 0.0913 0.1259 0.0984 0.1658 0.1194 0.0829 
   NS_SS1323  7 0.1809 0.2240 0.1156 0.0793 0.2228 0.0649 0.1125 
   HI_SS0296  8 0.0958 0.1320 0.0963 0.2036 0.0557 0.1899 0.2267 
   HI_SS0297  8 0.2607 0.0632 0.0694 0.1622 0.2849 0.0811 0.0784 
   HI_SS0299  8 0.1250 0.1850 0.0776 0.1238 0.1337 0.1326 0.2224 
   HI_SS0300  8 0.1132 0.2799 0.0854 0.1182 0.0686 0.1297 0.2051 
   HI_SS0301  8 0.0523 0.1380 0.2013 0.0433 0.1855 0.0921 0.2875 
   HI_SS0302  8 0.0769 0.1481 0.1635 0.1001 0.0702 0.1855 0.2557 
   HI_SS0303  8 0.2067 0.1229 0.1717 0.0812 0.0784 0.2776 0.0616 
   HI_SS0304  8 0.2433 0.0610 0.1606 0.0551 0.1414 0.1763 0.1623 
   HI_SS0306  8 0.1244 0.1128 0.0760 0.0635 0.0909 0.2750 0.2575 
   HI_SS0307  8 0.1382 0.1901 0.1829 0.1266 0.1320 0.0736 0.1565 
   HI_SS0308  8 0.0558 0.1566 0.2879 0.2051 0.1479 0.0731 0.0737 
   HI_SS0309  8 0.0515 0.2526 0.0962 0.2393 0.1036 0.0677 0.1891 
   HI_SS0310  8 0.2359 0.1331 0.2177 0.0728 0.0807 0.1609 0.0990 
   HI_SS0311  8 0.1170 0.1918 0.1032 0.0632 0.1365 0.1308 0.2575 
   HI_SS0314  8 0.2806 0.1055 0.1987 0.1004 0.1133 0.1508 0.0506 
   HI_SS0316  8 0.1319 0.1533 0.2007 0.1041 0.1303 0.1833 0.0964 
   HI_SS0317  8 0.0832 0.0770 0.1424 0.1500 0.2580 0.0898 0.1996 
   HI_SS0318  8 0.0663 0.1031 0.1523 0.1214 0.2290 0.2129 0.1149 
   HI_SS0319  8 0.0888 0.2034 0.1372 0.1591 0.0688 0.2963 0.0465 
   HI_SS0320  8 0.1955 0.0457 0.1993 0.0607 0.3368 0.0755 0.0865 
   HI_SS0321  8 0.0555 0.0588 0.1664 0.3102 0.2093 0.1023 0.0977 
   HI_SS0323  8 0.1144 0.0927 0.1436 0.1560 0.0757 0.2094 0.2083 
   HI_SS0325  8 0.1072 0.1146 0.0577 0.0669 0.0995 0.2480 0.3060 
   HI_SS0327  8 0.1294 0.1269 0.0820 0.3926 0.1048 0.1261 0.0382 
   HI_SS0329  8 0.1865 0.1119 0.1583 0.0627 0.1825 0.1206 0.1774 
   HI_SS0333  8 0.1138 0.1417 0.2130 0.1644 0.1326 0.1337 0.1009 
   HI_SS0334  8 0.1030 0.1628 0.0975 0.1202 0.1524 0.2147 0.1495 
   HI_SS0335  8 0.1126 0.2533 0.1023 0.1748 0.1303 0.0687 0.1579 
   HI_SS0339  8 0.1271 0.3064 0.1870 0.0573 0.0866 0.0922 0.1434 
   HI_SS0343  8 0.1321 0.2634 0.0878 0.1601 0.1980 0.0691 0.0895 
   HI_SS0344  8 0.0785 0.0847 0.0792 0.1410 0.1274 0.3844 0.1049 
   HI_SS0345  8 0.1056 0.1968 0.1083 0.0528 0.1809 0.1548 0.2008 
   HI_SS0346  8 0.1140 0.0603 0.0907 0.0863 0.3014 0.1679 0.1795 
   HI_SS0350  8 0.1036 0.3725 0.1824 0.1410 0.0496 0.0460 0.1047 
   HI_SS0351  8 0.1026 0.3159 0.0860 0.1163 0.1657 0.1013 0.1121 
   HI_SS0352  8 0.1134 0.2093 0.1325 0.1365 0.1948 0.0910 0.1225 
   HI_SS0362  8 0.0960 0.1034 0.2157 0.0979 0.0812 0.1196 0.2863 
   HI_SS0363  8 0.0843 0.1492 0.1133 0.3435 0.0811 0.1533 0.0753 
   HI_SS0365  8 0.0963 0.1397 0.1479 0.2729 0.0917 0.1861 0.0654 
   HI_SS0366  8 0.0773 0.0993 0.0720 0.2158 0.0781 0.2855 0.1720 
   HI_SS0367  8 0.2113 0.1838 0.1990 0.0998 0.1381 0.0775 0.0904 
   HI_SS0369  8 0.1912 0.1769 0.1820 0.1010 0.1083 0.0728 0.1677 
   HI_SS0370  8 0.2203 0.0844 0.0771 0.3110 0.1563 0.0846 0.0662 
   HI_SS0371  8 0.1082 0.1381 0.1702 0.0861 0.1018 0.2733 0.1223 
   HI_SS0373  8 0.1471 0.1246 0.2546 0.1375 0.0807 0.1452 0.1103 
   HI_SS0374  8 0.1722 0.1396 0.2538 0.1041 0.1459 0.0904 0.0940 
   HI_SS0377  8 0.0687 0.3452 0.0619 0.0629 0.1401 0.1598 0.1614 
   HI_SS0379  8 0.0697 0.0967 0.1029 0.0716 0.1757 0.4141 0.0694 
   HI_SS0380  8 0.1587 0.2046 0.1326 0.1200 0.1366 0.1082 0.1393 
   HI_SS0381  8 0.0741 0.2186 0.1687 0.1352 0.1752 0.0674 0.1608 
   HI_SS0384  8 0.2366 0.0501 0.0899 0.1491 0.1691 0.1882 0.1169 
   HI_SS0385  8 0.1819 0.0770 0.2524 0.0323 0.1199 0.2379 0.0986 
