

----------------------------------------------------
STRUCTURE by Pritchard, Stephens and Donnelly (2000)
     and Falush, Stephens and Pritchard (2003)
       Code by Pritchard, Falush and Hubisz
             Version 2.3.4 (Jul 2012)
----------------------------------------------------



Command line arguments:   /home/genobiwan/Documents/Programs/Structure/structure -m parameter_job_k5_r8 
Input File:    /media/genobiwan/Storage/Projets/Mackerel_NWA_2021/data_job_k5_r8

Run parameters:
   557 individuals
   3930 loci
   5 populations assumed
   100000 Burn-in period
   200000 Reps


--------------------------------------------
Proportion of membership of each pre-defined
 population in each of the 5 clusters

Given    Inferred Clusters                     Number of
 Pop       1      2      3      4      5      Individuals

  1:     0.206  0.191  0.182  0.219  0.203       67
  2:     0.181  0.244  0.175  0.186  0.215       32
  3:     0.188  0.185  0.186  0.223  0.218       92
  4:     0.225  0.189  0.219  0.181  0.186       36
  5:     0.188  0.187  0.214  0.221  0.190       41
  6:     0.208  0.197  0.209  0.190  0.197      158
  7:     0.206  0.202  0.199  0.191  0.203       79
  8:     0.197  0.176  0.212  0.214  0.201       52
--------------------------------------------

Allele-freq. divergence among pops (Net nucleotide distance),
computed using point estimates of P.

      1       2       3       4       5      
 1      -    0.0036  0.0035  0.0027  0.0031  
 2   0.0036     -    0.0045  0.0036  0.0039  
 3   0.0035  0.0045     -    0.0038  0.0040  
 4   0.0027  0.0036  0.0038     -    0.0030  
 5   0.0031  0.0039  0.0040  0.0030     -    

Average distances (expected heterozygosity) between individuals in same cluster:
cluster  1  : 0.3126 
cluster  2  : 0.3124 
cluster  3  : 0.3109 
cluster  4  : 0.3119 
cluster  5  : 0.3108 

--------------------------------------------
Estimated Ln Prob of Data   = -2070004.6
Mean value of ln likelihood = -2061913.1
Variance of ln likelihood   = 16183.1
Mean value of alpha         = 1.8826

Mean value of Fst_1         = 0.0318
Mean value of Fst_2         = 0.0411
Mean value of Fst_3         = 0.0399
Mean value of Fst_4         = 0.0333
Mean value of Fst_5         = 0.0358


Inferred ancestry of individuals:
        Label (%Miss) Pop:  Inferred clusters
  1 NS_SS0963    (4)    1 :  0.288 0.132 0.118 0.294 0.167 
  2 NS_SS0983    (1)    1 :  0.172 0.088 0.363 0.214 0.164 
  3 NS_SS0719    (8)    1 :  0.261 0.158 0.195 0.152 0.235 
  4 NS_SS1001    (8)    1 :  0.091 0.329 0.117 0.202 0.260 
  5 NS_SS0936    (4)    1 :  0.269 0.265 0.116 0.266 0.085 
  6 NS_SS0955    (5)    1 :  0.191 0.084 0.241 0.267 0.216 
  7 NS_SS0944    (3)    1 :  0.119 0.175 0.205 0.320 0.181 
  8 NS_SS0945    (3)    1 :  0.161 0.300 0.221 0.164 0.154 
  9 NS_SS0922    (2)    1 :  0.204 0.337 0.110 0.158 0.190 
 10 NS_SS0929    (7)    1 :  0.223 0.119 0.263 0.247 0.148 
 11 NS_SS0956    (2)    1 :  0.124 0.223 0.102 0.134 0.417 
 12 NS_SS0906    (3)    1 :  0.175 0.121 0.207 0.349 0.148 
 13 NS_SS0721    (6)    1 :  0.193 0.124 0.146 0.119 0.418 
 14 NS_SS0982    (4)    1 :  0.252 0.147 0.122 0.257 0.222 
 15 NS_SS0923    (5)    1 :  0.193 0.234 0.140 0.234 0.200 
 16 NS_SS0905    (6)    1 :  0.119 0.194 0.192 0.257 0.238 
 17 NS_SS0925    (3)    1 :  0.144 0.200 0.090 0.356 0.210 
 18 NS_SS0947    (5)    1 :  0.201 0.251 0.139 0.282 0.126 
 19 NS_SS0926    (2)    1 :  0.338 0.076 0.307 0.139 0.139 
 20 NS_SS0918    (6)    1 :  0.174 0.127 0.082 0.378 0.238 
 21 NS_SS0966    (4)    1 :  0.227 0.175 0.132 0.317 0.150 
 22 NS_SS0938    (2)    1 :  0.414 0.263 0.107 0.113 0.103 
 23 NS_SS0917    (2)    1 :  0.257 0.192 0.307 0.099 0.145 
 24 NS_SS0957   (11)    1 :  0.188 0.140 0.170 0.169 0.334 
 25 NS_SS0987    (1)    1 :  0.130 0.101 0.136 0.167 0.465 
 26 NS_SS0717    (4)    1 :  0.086 0.319 0.112 0.215 0.268 
 27 NS_SS0986    (2)    1 :  0.217 0.113 0.199 0.178 0.293 
 28 NS_SS0953    (4)    1 :  0.076 0.246 0.107 0.387 0.183 
 29 NS_SS0907    (3)    1 :  0.157 0.112 0.171 0.441 0.119 
 30 NS_SS0974    (6)    1 :  0.156 0.252 0.214 0.282 0.096 
 31 NS_SS0989    (1)    1 :  0.293 0.150 0.356 0.087 0.114 
 32 NS_SS0991    (2)    1 :  0.092 0.068 0.204 0.326 0.310 
 33 NS_SS0994    (2)    1 :  0.112 0.200 0.476 0.121 0.091 
 34 NS_SS0931    (6)    1 :  0.236 0.077 0.268 0.208 0.211 
 35 NS_SS1000    (5)    1 :  0.184 0.323 0.124 0.247 0.121 
 36 NS_SS0919    (1)    1 :  0.362 0.082 0.198 0.258 0.101 
 37 NS_SS0949    (3)    1 :  0.240 0.161 0.300 0.127 0.172 
 38 NS_SS0960   (10)    1 :  0.161 0.109 0.242 0.250 0.238 
 39 NS_SS0716    (2)    1 :  0.118 0.323 0.113 0.072 0.375 
 40 NS_SS0924    (8)    1 :  0.205 0.104 0.218 0.272 0.201 
 41 NS_SS0935    (1)    1 :  0.092 0.116 0.313 0.199 0.280 
 42 NS_SS0952   (13)    1 :  0.189 0.110 0.281 0.293 0.128 
 43 NS_SS0962   (10)    1 :  0.383 0.210 0.101 0.125 0.181 
 44 NS_SS0973    (5)    1 :  0.129 0.154 0.164 0.397 0.156 
 45 NS_SS0722    (1)    1 :  0.080 0.449 0.087 0.287 0.097 
 46 NS_SS0979   (13)    1 :  0.228 0.155 0.113 0.211 0.293 
 47 NS_SS0993    (2)    1 :  0.175 0.237 0.085 0.319 0.183 
 48 NS_SS0958    (1)    1 :  0.168 0.200 0.290 0.159 0.182 
 49 NS_SS0988    (4)    1 :  0.356 0.090 0.178 0.221 0.156 
 50 NS_SS1003    (2)    1 :  0.459 0.067 0.066 0.142 0.266 
 51 NS_SS0976    (0)    1 :  0.286 0.097 0.257 0.214 0.146 
 52 NS_SS0964   (10)    1 :  0.091 0.390 0.105 0.146 0.268 
 53 NS_SS0939    (4)    1 :  0.167 0.340 0.079 0.055 0.358 
 54 NS_SS0990    (6)    1 :  0.294 0.212 0.231 0.079 0.184 
 55 NS_SS0984    (2)    1 :  0.220 0.361 0.091 0.169 0.159 
 56 NS_SS0980    (9)    1 :  0.116 0.299 0.130 0.370 0.086 
 57 NS_SS0978    (4)    1 :  0.200 0.300 0.157 0.232 0.110 
 58 NS_SS0951   (17)    1 :  0.092 0.091 0.204 0.253 0.360 
 59 NS_SS0913    (3)    1 :  0.122 0.255 0.131 0.162 0.329 
 60 NS_SS1002    (1)    1 :  0.515 0.104 0.084 0.223 0.075 
 61 NS_SS0948    (1)    1 :  0.222 0.119 0.187 0.281 0.191 
 62 NS_SS0916    (4)    1 :  0.235 0.255 0.244 0.115 0.150 
 63 NS_SS0995    (1)    1 :  0.197 0.264 0.158 0.162 0.220 
 64 NS_SS0927    (6)    1 :  0.222 0.238 0.291 0.131 0.117 
 65 NS_SS0992    (5)    1 :  0.241 0.273 0.228 0.172 0.086 
 66 NS_SS0912    (1)    1 :  0.220 0.098 0.193 0.152 0.336 
 67 NS_SS0981    (1)    1 :  0.297 0.101 0.102 0.251 0.249 
 68 NS_SS0729    (5)    2 :  0.124 0.155 0.395 0.264 0.063 
 69 NS_SS0967   (14)    2 :  0.327 0.149 0.105 0.296 0.124 
 70 NS_SS0941    (7)    2 :  0.214 0.318 0.154 0.133 0.181 
 71 NS_SS0768   (12)    2 :  0.180 0.153 0.133 0.215 0.319 
 72 NS_SS0726    (4)    2 :  0.273 0.208 0.277 0.165 0.078 
 73 NS_SS0763    (4)    2 :  0.150 0.208 0.310 0.192 0.141 
 74 NS_SS0730    (6)    2 :  0.259 0.256 0.120 0.138 0.226 
 75 NS_SS0774    (1)    2 :  0.167 0.380 0.107 0.230 0.115 
 76 NS_SS0723    (3)    2 :  0.274 0.220 0.071 0.271 0.164 
 77 NS_SS0940    (9)    2 :  0.221 0.241 0.229 0.101 0.208 
 78 NS_SS0762    (1)    2 :  0.097 0.433 0.081 0.207 0.182 
 79 NS_SS0766   (11)    2 :  0.117 0.345 0.210 0.091 0.236 
 80 NS_SS0724    (1)    2 :  0.123 0.188 0.108 0.275 0.306 
 81 NS_SS0769    (3)    2 :  0.279 0.191 0.169 0.162 0.198 
 82 NS_SS0777    (2)    2 :  0.213 0.105 0.235 0.217 0.232 
 83 NS_SS0734    (6)    2 :  0.141 0.209 0.217 0.135 0.298 
 84 NS_SS0737    (3)    2 :  0.153 0.498 0.089 0.113 0.146 
 85 NS_SS0732    (5)    2 :  0.116 0.139 0.102 0.221 0.422 
 86 NS_SS0728    (5)    2 :  0.147 0.301 0.167 0.153 0.231 
 87 NS_SS0735    (9)    2 :  0.079 0.333 0.124 0.223 0.241 
 88 NS_SS0725    (1)    2 :  0.214 0.363 0.126 0.122 0.176 
 89 NS_SS0788    (2)    2 :  0.406 0.139 0.151 0.152 0.153 
 90 NS_SS0778    (2)    2 :  0.329 0.100 0.219 0.159 0.193 
 91 NS_SS0792    (6)    2 :  0.118 0.146 0.230 0.209 0.296 
 92 NS_SS0943   (11)    2 :  0.097 0.084 0.276 0.350 0.193 
 93 NS_SS0791    (2)    2 :  0.136 0.219 0.263 0.096 0.287 
 94 NS_SS0790    (5)    2 :  0.107 0.203 0.058 0.298 0.334 
 95 NS_SS0731    (6)    2 :  0.131 0.200 0.111 0.162 0.396 
 96 NS_SS0727    (6)    2 :  0.067 0.390 0.318 0.128 0.096 
 97 NS_SS0779   (12)    2 :  0.221 0.177 0.159 0.212 0.230 
 98 NS_SS0776    (3)    2 :  0.186 0.333 0.173 0.133 0.175 
 99 NS_SS0775    (5)    2 :  0.130 0.420 0.104 0.122 0.224 
100 NS_SS0965    (3)    3 :  0.218 0.105 0.119 0.242 0.315 
101 NS_SS0754   (13)    3 :  0.146 0.123 0.286 0.149 0.295 
102 NS_SS0838    (5)    3 :  0.241 0.221 0.192 0.188 0.158 
103 NS_SS0839    (3)    3 :  0.218 0.299 0.088 0.169 0.226 
104 NS_SS0832    (4)    3 :  0.164 0.171 0.061 0.371 0.234 
105 NS_SS0820    (4)    3 :  0.318 0.152 0.073 0.189 0.269 
106 NS_SS0886    (9)    3 :  0.194 0.148 0.261 0.139 0.257 
107 NS_SS0748    (5)    3 :  0.203 0.100 0.208 0.307 0.181 
108 NS_SS0884    (9)    3 :  0.175 0.208 0.199 0.237 0.180 
109 NS_SS0752    (3)    3 :  0.179 0.303 0.153 0.219 0.147 
110 NS_SS0862    (1)    3 :  0.124 0.126 0.084 0.249 0.416 
111 NS_SS0787    (9)    3 :  0.141 0.102 0.460 0.148 0.149 
112 NS_SS0843    (6)    3 :  0.135 0.201 0.177 0.274 0.213 
113 NS_SS0856    (4)    3 :  0.242 0.350 0.187 0.083 0.138 
114 NS_SS0846    (2)    3 :  0.236 0.166 0.191 0.337 0.070 
115 NS_SS0825    (1)    3 :  0.384 0.096 0.155 0.143 0.222 
116 NS_SS0757    (3)    3 :  0.141 0.117 0.209 0.250 0.281 
117 NS_SS0876    (3)    3 :  0.143 0.282 0.151 0.216 0.208 
118 NS_SS0903    (9)    3 :  0.175 0.264 0.094 0.375 0.092 
119 NS_SS0875    (7)    3 :  0.238 0.215 0.160 0.142 0.245 
120 NS_SS0740    (5)    3 :  0.126 0.235 0.161 0.271 0.208 
121 NS_SS0811    (5)    3 :  0.107 0.182 0.087 0.169 0.455 
122 NS_SS0751    (1)    3 :  0.312 0.278 0.138 0.106 0.166 
123 NS_SS0891    (6)    3 :  0.241 0.281 0.163 0.141 0.174 
124 NS_SS0867    (2)    3 :  0.170 0.064 0.191 0.403 0.171 
125 NS_SS0890    (6)    3 :  0.201 0.207 0.177 0.246 0.168 
126 NS_SS0866   (11)    3 :  0.143 0.162 0.456 0.116 0.123 
127 NS_SS0755    (4)    3 :  0.177 0.153 0.153 0.275 0.241 
128 NS_SS0758    (4)    3 :  0.166 0.270 0.186 0.218 0.160 
129 NS_SS0840    (2)    3 :  0.278 0.182 0.066 0.263 0.212 
130 NS_SS0889    (4)    3 :  0.129 0.109 0.332 0.153 0.277 
131 NS_SS1010    (1)    3 :  0.325 0.151 0.150 0.209 0.164 
132 NS_SS0888    (5)    3 :  0.081 0.230 0.418 0.106 0.164 
133 NS_SS0837    (3)    3 :  0.124 0.112 0.097 0.330 0.337 
134 NS_SS0794    (9)    3 :  0.079 0.276 0.348 0.130 0.168 
135 NS_SS0823    (4)    3 :  0.161 0.258 0.095 0.356 0.130 
136 NS_SS0829    (7)    3 :  0.090 0.069 0.336 0.218 0.287 
137 NS_SS0844    (5)    3 :  0.119 0.090 0.068 0.601 0.121 
138 NS_SS1008    (5)    3 :  0.094 0.303 0.291 0.148 0.165 
139 NS_SS0881    (3)    3 :  0.383 0.138 0.191 0.115 0.172 
140 NS_SS0834    (6)    3 :  0.218 0.414 0.099 0.138 0.131 
141 NS_SS0744   (10)    3 :  0.246 0.151 0.186 0.227 0.189 
142 NS_SS0899    (7)    3 :  0.096 0.168 0.083 0.242 0.411 
143 NS_SS0804    (4)    3 :  0.216 0.179 0.069 0.254 0.282 
144 NS_SS0781   (10)    3 :  0.317 0.190 0.080 0.262 0.151 
145 NS_SS0822    (6)    3 :  0.089 0.256 0.201 0.290 0.164 
146 NS_SS1004    (4)    3 :  0.183 0.144 0.132 0.359 0.182 
147 NS_SS0746    (5)    3 :  0.166 0.172 0.182 0.371 0.109 
148 NS_SS0880    (3)    3 :  0.210 0.190 0.121 0.312 0.167 
149 NS_SS0879    (4)    3 :  0.136 0.288 0.151 0.227 0.197 
150 NS_SS0753    (2)    3 :  0.101 0.096 0.243 0.279 0.281 
151 NS_SS1007    (2)    3 :  0.296 0.359 0.163 0.086 0.097 
152 NS_SS0872    (5)    3 :  0.231 0.256 0.125 0.228 0.159 
153 NS_SS1005    (7)    3 :  0.216 0.191 0.109 0.360 0.125 
154 NS_SS0892    (6)    3 :  0.192 0.213 0.183 0.192 0.219 
155 NS_SS0898    (0)    3 :  0.172 0.147 0.244 0.216 0.221 
156 NS_SS0801    (9)    3 :  0.143 0.117 0.150 0.283 0.306 
157 NS_SS0827    (8)    3 :  0.177 0.101 0.215 0.152 0.356 
158 NS_SS0853    (6)    3 :  0.098 0.115 0.240 0.145 0.402 
159 NS_SS0780    (2)    3 :  0.291 0.195 0.114 0.160 0.240 
160 NS_SS0826   (10)    3 :  0.396 0.069 0.133 0.283 0.120 
161 NS_SS0818    (5)    3 :  0.245 0.263 0.072 0.188 0.232 
162 NS_SS0745    (1)    3 :  0.139 0.433 0.073 0.058 0.298 
163 NS_SS0849    (3)    3 :  0.181 0.083 0.109 0.165 0.462 
164 NS_SS0739    (3)    3 :  0.308 0.193 0.166 0.083 0.250 
165 NS_SS0799    (1)    3 :  0.080 0.240 0.268 0.213 0.199 
166 NS_SS0756    (2)    3 :  0.260 0.113 0.082 0.353 0.192 
167 NS_SS0802    (2)    3 :  0.326 0.194 0.226 0.161 0.092 
168 NS_SS0747    (6)    3 :  0.246 0.150 0.162 0.301 0.142 
169 NS_SS0835    (1)    3 :  0.197 0.131 0.419 0.159 0.094 
170 NS_SS0742   (18)    3 :  0.262 0.168 0.124 0.247 0.199 
171 NS_SS0760    (9)    3 :  0.142 0.161 0.365 0.180 0.152 
172 NS_SS0803    (4)    3 :  0.077 0.183 0.090 0.543 0.107 
173 NS_SS0828   (13)    3 :  0.141 0.162 0.176 0.171 0.351 
174 NS_SS0865    (2)    3 :  0.289 0.081 0.180 0.210 0.241 
175 NS_SS0759    (4)    3 :  0.177 0.287 0.086 0.189 0.261 
176 NS_SS0851    (5)    3 :  0.135 0.150 0.097 0.116 0.503 
177 NS_SS0874   (16)    3 :  0.118 0.183 0.099 0.460 0.140 
178 NS_SS0761    (6)    3 :  0.157 0.067 0.329 0.217 0.230 
179 NS_SS0842   (25)    3 :  0.144 0.208 0.252 0.213 0.182 
180 NS_SS0785    (6)    3 :  0.133 0.149 0.251 0.294 0.172 
181 NS_SS0860   (11)    3 :  0.171 0.124 0.412 0.184 0.108 
182 NS_SS0897    (7)    3 :  0.095 0.128 0.441 0.119 0.216 
183 NS_SS0841   (14)    3 :  0.128 0.250 0.078 0.187 0.357 
184 NS_SS0797    (6)    3 :  0.208 0.080 0.230 0.175 0.307 
185 NS_SS0830   (10)    3 :  0.239 0.136 0.176 0.186 0.263 
186 NS_SS1011    (5)    3 :  0.364 0.118 0.089 0.249 0.180 
187 NS_SS0883    (5)    3 :  0.110 0.120 0.233 0.204 0.332 
188 NS_SS0782    (2)    3 :  0.106 0.343 0.246 0.169 0.136 
189 NS_SS0831    (5)    3 :  0.095 0.088 0.339 0.141 0.336 
190 NS_SS0749    (7)    3 :  0.162 0.198 0.205 0.128 0.309 
191 NS_SS0854    (2)    3 :  0.115 0.324 0.230 0.180 0.151 
192 HI_SS0193    (0)    4 :  0.154 0.226 0.286 0.095 0.239 
193 HI_SS0194    (0)    4 :  0.260 0.373 0.108 0.150 0.109 
194 HI_SS0195    (9)    4 :  0.257 0.192 0.070 0.090 0.392 
195 HI_SS0196    (6)    4 :  0.127 0.362 0.216 0.159 0.136 
196 HI_SS0197    (3)    4 :  0.614 0.114 0.109 0.091 0.073 
197 HI_SS0198    (1)    4 :  0.176 0.139 0.217 0.143 0.325 
198 HI_SS0199    (1)    4 :  0.109 0.312 0.318 0.152 0.109 
199 HI_SS0201    (4)    4 :  0.136 0.059 0.362 0.236 0.207 
200 HI_SS0215    (1)    4 :  0.194 0.068 0.354 0.205 0.179 
201 HI_SS0218    (1)    4 :  0.076 0.175 0.447 0.087 0.214 
202 HI_SS0222    (0)    4 :  0.248 0.222 0.189 0.095 0.246 
203 HI_SS0230    (1)    4 :  0.364 0.115 0.125 0.186 0.209 
204 HI_SS0234    (1)    4 :  0.292 0.274 0.176 0.191 0.067 
205 HI_SS0240    (1)    4 :  0.149 0.405 0.166 0.121 0.160 
206 HI_SS0241    (0)    4 :  0.184 0.126 0.332 0.191 0.166 
207 HI_SS0242    (0)    4 :  0.150 0.152 0.217 0.269 0.212 
208 HI_SS0247    (0)    4 :  0.195 0.106 0.127 0.397 0.176 
209 HI_SS0248    (1)    4 :  0.065 0.286 0.323 0.238 0.088 
210 HI_SS0252    (2)    4 :  0.091 0.300 0.129 0.236 0.244 
211 HI_SS0254    (1)    4 :  0.363 0.115 0.200 0.203 0.119 
212 HI_SS0256    (0)    4 :  0.235 0.245 0.044 0.298 0.177 
213 HI_SS0257    (0)    4 :  0.198 0.125 0.317 0.297 0.063 
214 HI_SS0258    (1)    4 :  0.113 0.156 0.327 0.199 0.205 
215 HI_SS0259    (1)    4 :  0.361 0.255 0.121 0.109 0.155 
216 HI_SS0260    (1)    4 :  0.117 0.264 0.363 0.145 0.110 
217 HI_SS0261    (2)    4 :  0.300 0.171 0.211 0.231 0.087 
218 HI_SS0262    (0)    4 :  0.192 0.188 0.155 0.159 0.307 
219 HI_SS0264    (1)    4 :  0.306 0.182 0.117 0.159 0.236 
220 HI_SS0265    (0)    4 :  0.330 0.137 0.126 0.159 0.248 
221 HI_SS0268    (1)    4 :  0.314 0.184 0.195 0.059 0.247 
222 HI_SS0269    (1)    4 :  0.217 0.114 0.427 0.181 0.061 
223 HI_SS0273    (0)    4 :  0.197 0.117 0.292 0.262 0.132 
224 HI_SS0277    (1)    4 :  0.549 0.068 0.097 0.163 0.124 
225 HI_SS0280    (0)    4 :  0.168 0.210 0.166 0.094 0.362 
226 HI_SS0282    (1)    4 :  0.108 0.145 0.240 0.321 0.185 
227 HI_SS0286    (1)    4 :  0.201 0.115 0.221 0.149 0.314 
228 NS_SS1252    (3)    5 :  0.089 0.122 0.470 0.171 0.148 
229 NS_SS1261    (1)    5 :  0.260 0.157 0.188 0.204 0.191 
230 NS_SS1225    (9)    5 :  0.147 0.085 0.237 0.406 0.125 
231 NS_SS1266    (1)    5 :  0.138 0.143 0.069 0.499 0.151 
232 NS_SS1228    (0)    5 :  0.175 0.146 0.127 0.111 0.440 
233 NS_SS1255    (2)    5 :  0.101 0.494 0.168 0.146 0.090 
234 NS_SS1267    (3)    5 :  0.150 0.098 0.504 0.074 0.175 
235 NS_SS1238    (6)    5 :  0.321 0.146 0.165 0.110 0.258 
236 NS_SS1233    (8)    5 :  0.144 0.125 0.090 0.444 0.197 
237 NS_SS1277    (3)    5 :  0.120 0.294 0.336 0.088 0.162 
238 NS_SS1245    (1)    5 :  0.157 0.186 0.203 0.344 0.111 
239 NS_SS1240    (4)    5 :  0.201 0.118 0.493 0.104 0.086 
240 NS_SS1275    (2)    5 :  0.429 0.142 0.063 0.168 0.196 
241 NS_SS1235    (1)    5 :  0.175 0.338 0.143 0.283 0.062 
242 NS_SS1263    (1)    5 :  0.100 0.313 0.093 0.345 0.149 
243 NS_SS1251    (1)    5 :  0.196 0.189 0.108 0.380 0.128 
244 NS_SS1248    (0)    5 :  0.143 0.074 0.139 0.090 0.553 
245 NS_SS1244    (0)    5 :  0.402 0.076 0.147 0.229 0.147 
246 NS_SS1257    (0)    5 :  0.128 0.209 0.351 0.142 0.170 
247 NS_SS1242    (2)    5 :  0.181 0.326 0.097 0.216 0.179 
248 NS_SS1271    (6)    5 :  0.155 0.110 0.462 0.123 0.149 
249 NS_SS1265    (1)    5 :  0.218 0.125 0.341 0.170 0.146 
250 NS_SS1243    (0)    5 :  0.086 0.266 0.144 0.138 0.366 
251 NS_SS1273    (1)    5 :  0.188 0.362 0.093 0.176 0.181 
252 NS_SS1254   (14)    5 :  0.114 0.189 0.121 0.399 0.176 
253 NS_SS1224    (1)    5 :  0.143 0.170 0.100 0.300 0.287 
254 NS_SS1227    (8)    5 :  0.280 0.184 0.304 0.137 0.095 
255 NS_SS1274    (8)    5 :  0.131 0.203 0.283 0.162 0.221 
256 NS_SS1241    (1)    5 :  0.165 0.125 0.250 0.287 0.174 
257 NS_SS1256    (3)    5 :  0.227 0.129 0.203 0.351 0.090 
258 NS_SS1260    (8)    5 :  0.132 0.172 0.376 0.191 0.129 
259 NS_SS1262    (0)    5 :  0.196 0.085 0.233 0.280 0.206 
260 NS_SS1230    (0)    5 :  0.164 0.199 0.249 0.179 0.208 
261 NS_SS1270    (2)    5 :  0.159 0.078 0.099 0.327 0.337 
262 NS_SS1229    (2)    5 :  0.308 0.340 0.102 0.193 0.057 
263 NS_SS1246    (5)    5 :  0.308 0.191 0.273 0.122 0.106 
264 NS_SS1269    (0)    5 :  0.171 0.235 0.155 0.186 0.253 
265 NS_SS1239    (1)    5 :  0.113 0.314 0.123 0.141 0.309 
266 NS_SS1272    (4)    5 :  0.529 0.091 0.124 0.159 0.097 
267 NS_SS1268    (1)    5 :  0.080 0.120 0.096 0.313 0.390 
268 NS_SS1249    (0)    5 :  0.086 0.213 0.448 0.160 0.093 
269 HI_SS0559    (0)    6 :  0.075 0.235 0.198 0.216 0.276 
270 HI_SS0563    (1)    6 :  0.215 0.156 0.178 0.257 0.195 
271 HI_SS0564    (0)    6 :  0.270 0.163 0.130 0.206 0.231 
272 HI_SS0565    (0)    6 :  0.322 0.119 0.218 0.219 0.122 
273 HI_SS0569    (0)    6 :  0.147 0.055 0.270 0.361 0.167 
274 HI_SS0570    (0)    6 :  0.176 0.148 0.361 0.084 0.230 
275 HI_SS0572    (1)    6 :  0.159 0.405 0.113 0.233 0.089 
276 HI_SS0576    (0)    6 :  0.203 0.212 0.094 0.121 0.369 
277 HI_SS0579    (1)    6 :  0.081 0.142 0.203 0.468 0.107 
278 HI_SS0580    (1)    6 :  0.097 0.283 0.308 0.144 0.167 
279 HI_SS0581    (0)    6 :  0.405 0.134 0.078 0.097 0.286 
280 HI_SS0583    (1)    6 :  0.126 0.231 0.367 0.191 0.085 
281 HI_SS0586    (1)    6 :  0.133 0.097 0.418 0.103 0.250 
282 HI_SS0588    (1)    6 :  0.106 0.151 0.288 0.284 0.171 
283 HI_SS0595    (4)    6 :  0.384 0.145 0.258 0.130 0.083 
284 HI_SS0596    (0)    6 :  0.095 0.499 0.103 0.187 0.116 
285 HI_SS0597    (1)    6 :  0.266 0.311 0.125 0.201 0.098 
286 HI_SS0600    (0)    6 :  0.271 0.150 0.271 0.160 0.149 
287 HI_SS0601    (1)    6 :  0.236 0.059 0.164 0.337 0.204 
288 HI_SS0602    (1)    6 :  0.097 0.174 0.280 0.102 0.347 
289 HI_SS0604    (0)    6 :  0.100 0.201 0.151 0.275 0.273 
290 HI_SS0605    (1)    6 :  0.102 0.162 0.236 0.166 0.335 
291 HI_SS0608    (0)    6 :  0.157 0.270 0.170 0.110 0.294 
292 HI_SS0609    (0)    6 :  0.207 0.207 0.109 0.379 0.097 
293 HI_SS0611    (5)    6 :  0.095 0.124 0.340 0.111 0.330 
294 HI_SS0612    (1)    6 :  0.107 0.175 0.179 0.484 0.055 
295 HI_SS0613    (1)    6 :  0.106 0.117 0.174 0.179 0.424 
296 HI_SS0615    (0)    6 :  0.216 0.338 0.084 0.120 0.243 
297 HI_SS0001    (1)    6 :  0.221 0.309 0.255 0.117 0.097 
298 HI_SS0002    (1)    6 :  0.232 0.220 0.098 0.314 0.136 
299 HI_SS0004    (0)    6 :  0.122 0.267 0.314 0.095 0.202 
300 HI_SS0005    (1)    6 :  0.212 0.112 0.131 0.101 0.443 
301 HI_SS0006    (1)    6 :  0.210 0.115 0.283 0.303 0.090 
302 HI_SS0007    (1)    6 :  0.070 0.135 0.279 0.089 0.428 
303 HI_SS0008    (0)    6 :  0.311 0.124 0.137 0.206 0.222 
304 HI_SS0009    (0)    6 :  0.079 0.318 0.098 0.168 0.337 
305 HI_SS0010    (1)    6 :  0.210 0.122 0.220 0.170 0.278 
306 HI_SS0011    (1)    6 :  0.279 0.081 0.092 0.367 0.182 
307 HI_SS0012    (0)    6 :  0.351 0.194 0.085 0.182 0.188 
308 HI_SS0017    (1)    6 :  0.175 0.436 0.133 0.118 0.138 
309 HI_SS0021    (1)    6 :  0.274 0.143 0.303 0.129 0.150 
310 HI_SS0024    (1)    6 :  0.314 0.236 0.115 0.094 0.241 
311 HI_SS0025    (1)    6 :  0.096 0.368 0.117 0.196 0.223 
312 HI_SS0027    (0)    6 :  0.081 0.142 0.248 0.253 0.276 
313 HI_SS0028    (0)    6 :  0.375 0.156 0.061 0.100 0.308 
314 HI_SS0029    (1)    6 :  0.226 0.300 0.215 0.081 0.178 
315 HI_SS0030    (2)    6 :  0.190 0.183 0.211 0.211 0.205 
316 HI_SS0031    (0)    6 :  0.320 0.199 0.145 0.241 0.095 
317 HI_SS0034    (0)    6 :  0.103 0.166 0.326 0.303 0.103 
318 HI_SS0036    (0)    6 :  0.304 0.100 0.331 0.051 0.213 
319 HI_SS0037    (1)    6 :  0.103 0.117 0.356 0.148 0.275 
320 HI_SS0039    (0)    6 :  0.183 0.097 0.272 0.114 0.334 
321 HI_SS0041    (1)    6 :  0.172 0.252 0.105 0.086 0.385 
322 HI_SS0042    (1)    6 :  0.300 0.242 0.094 0.175 0.188 
323 HI_SS0043    (1)    6 :  0.249 0.070 0.406 0.103 0.171 
324 HI_SS0044    (1)    6 :  0.115 0.406 0.292 0.077 0.110 
325 HI_SS0047    (1)    6 :  0.156 0.264 0.123 0.226 0.231 
326 HI_SS0049    (0)    6 :  0.112 0.385 0.133 0.219 0.151 
327 HI_SS0051    (1)    6 :  0.104 0.092 0.136 0.285 0.383 
328 HI_SS0053    (1)    6 :  0.296 0.106 0.342 0.156 0.100 
329 HI_SS0054    (4)    6 :  0.124 0.060 0.280 0.331 0.204 
330 HI_SS0057    (0)    6 :  0.225 0.148 0.117 0.162 0.347 
331 HI_SS0058    (0)    6 :  0.099 0.203 0.308 0.231 0.159 
332 HI_SS0060    (0)    6 :  0.302 0.088 0.118 0.182 0.310 
333 HI_SS0087    (1)    6 :  0.287 0.153 0.192 0.247 0.120 
334 HI_SS0091    (0)    6 :  0.282 0.082 0.409 0.158 0.068 
335 HI_SS0095    (1)    6 :  0.260 0.148 0.223 0.216 0.153 
336 HI_SS0097    (3)    6 :  0.141 0.102 0.117 0.511 0.129 
337 HI_SS0099    (0)    6 :  0.146 0.325 0.180 0.131 0.219 
338 HI_SS0103    (0)    6 :  0.240 0.315 0.161 0.181 0.102 
339 HI_SS0105    (1)    6 :  0.352 0.086 0.138 0.234 0.190 
340 HI_SS0107    (1)    6 :  0.216 0.400 0.076 0.197 0.111 
341 HI_SS0108    (1)    6 :  0.126 0.109 0.484 0.147 0.134 
342 HI_SS0110    (0)    6 :  0.418 0.166 0.212 0.126 0.078 
343 HI_SS0111    (1)    6 :  0.302 0.195 0.185 0.115 0.203 
344 HI_SS0112    (0)    6 :  0.167 0.143 0.427 0.112 0.151 
345 HI_SS0113    (1)    6 :  0.289 0.297 0.095 0.171 0.148 
346 HI_SS0114    (1)    6 :  0.130 0.082 0.292 0.205 0.291 
347 HI_SS0115    (1)    6 :  0.072 0.336 0.201 0.212 0.180 
348 HI_SS0116    (4)    6 :  0.109 0.335 0.336 0.130 0.090 
349 HI_SS0117    (0)    6 :  0.328 0.091 0.247 0.266 0.068 
350 HI_SS0118    (0)    6 :  0.191 0.166 0.303 0.230 0.111 
351 HI_SS0119    (1)    6 :  0.352 0.076 0.226 0.208 0.138 
352 HI_SS0120    (1)    6 :  0.354 0.378 0.078 0.112 0.077 
353 HI_SS0121    (1)    6 :  0.459 0.065 0.078 0.169 0.230 
354 HI_SS0122    (2)    6 :  0.306 0.153 0.190 0.138 0.213 
355 HI_SS0123    (0)    6 :  0.285 0.165 0.182 0.274 0.094 
356 HI_SS0124    (1)    6 :  0.109 0.459 0.085 0.125 0.222 
357 HI_SS0125    (1)    6 :  0.274 0.254 0.083 0.136 0.253 
358 HI_SS0126    (0)    6 :  0.129 0.257 0.399 0.108 0.107 
359 HI_SS0127    (0)    6 :  0.113 0.092 0.139 0.236 0.419 
360 HI_SS0128    (0)    6 :  0.242 0.287 0.160 0.218 0.093 
361 HI_SS0129    (1)    6 :  0.202 0.202 0.302 0.110 0.185 
362 HI_SS0131    (2)    6 :  0.126 0.077 0.229 0.228 0.341 
363 HI_SS0132    (0)    6 :  0.364 0.110 0.168 0.206 0.153 
364 HI_SS0133    (1)    6 :  0.125 0.142 0.464 0.100 0.169 
365 HI_SS0134    (1)    6 :  0.187 0.172 0.215 0.276 0.150 
366 HI_SS0142    (3)    6 :  0.283 0.093 0.151 0.311 0.162 
367 HI_SS0145    (0)    6 :  0.119 0.210 0.215 0.347 0.109 
368 HI_SS0146    (1)    6 :  0.095 0.150 0.265 0.288 0.202 
369 HI_SS0147    (1)    6 :  0.147 0.113 0.101 0.238 0.401 
370 HI_SS0149    (1)    6 :  0.514 0.072 0.155 0.172 0.086 
371 HI_SS0150    (2)    6 :  0.197 0.244 0.094 0.156 0.308 
372 HI_SS0151    (0)    6 :  0.073 0.313 0.206 0.191 0.216 
373 NS_SS1451    (1)    6 :  0.199 0.331 0.084 0.117 0.269 
374 NS_SS1404    (0)    6 :  0.170 0.158 0.165 0.127 0.379 
375 NS_SS1432    (2)    6 :  0.414 0.302 0.085 0.068 0.131 
376 NS_SS1405    (4)    6 :  0.139 0.367 0.197 0.134 0.161 
377 NS_SS1431   (10)    6 :  0.386 0.262 0.087 0.127 0.138 
378 NS_SS1402    (3)    6 :  0.287 0.186 0.211 0.201 0.116 
379 NS_SS1450    (3)    6 :  0.141 0.261 0.294 0.111 0.193 
380 NS_SS1396    (0)    6 :  0.230 0.189 0.158 0.163 0.259 
381 NS_SS1393    (5)    6 :  0.168 0.207 0.274 0.151 0.200 
382 NS_SS1392   (10)    6 :  0.136 0.383 0.140 0.081 0.260 
383 NS_SS1445    (0)    6 :  0.238 0.080 0.280 0.220 0.182 
384 NS_SS1423    (0)    6 :  0.337 0.211 0.233 0.137 0.081 
385 NS_SS1421    (9)    6 :  0.301 0.162 0.181 0.179 0.176 
386 NS_SS1411    (6)    6 :  0.087 0.113 0.280 0.106 0.414 
387 NS_SS1453    (5)    6 :  0.368 0.104 0.271 0.105 0.152 
388 NS_SS1442    (2)    6 :  0.125 0.180 0.156 0.363 0.175 
389 NS_SS1422    (1)    6 :  0.159 0.226 0.158 0.362 0.095 
390 NS_SS1419    (1)    6 :  0.111 0.101 0.120 0.383 0.285 
391 NS_SS1427    (0)    6 :  0.154 0.263 0.426 0.065 0.092 
392 NS_SS1444    (3)    6 :  0.106 0.220 0.127 0.247 0.300 
393 NS_SS1455    (0)    6 :  0.174 0.333 0.097 0.288 0.108 
394 NS_SS1425    (2)    6 :  0.143 0.075 0.390 0.209 0.183 
395 NS_SS1400    (0)    6 :  0.106 0.127 0.319 0.236 0.212 
396 NS_SS1406    (1)    6 :  0.324 0.141 0.066 0.357 0.112 
397 NS_SS1417    (6)    6 :  0.190 0.191 0.197 0.245 0.176 
398 NS_SS1454    (2)    6 :  0.369 0.093 0.245 0.105 0.188 
399 NS_SS1412    (1)    6 :  0.162 0.207 0.268 0.145 0.219 
400 NS_SS1438    (1)    6 :  0.112 0.069 0.339 0.258 0.223 
401 NS_SS1416    (4)    6 :  0.226 0.169 0.203 0.198 0.204 
402 NS_SS1401    (0)    6 :  0.345 0.153 0.196 0.187 0.119 
403 NS_SS1424    (6)    6 :  0.348 0.113 0.206 0.169 0.165 
404 NS_SS1435    (9)    6 :  0.226 0.274 0.165 0.082 0.254 
405 NS_SS1447    (4)    6 :  0.160 0.160 0.114 0.294 0.273 
406 NS_SS1414    (3)    6 :  0.109 0.207 0.098 0.238 0.347 
407 NS_SS1449   (14)    6 :  0.304 0.221 0.164 0.162 0.149 
408 NS_SS1443    (4)    6 :  0.113 0.218 0.343 0.254 0.071 
409 NS_SS1434    (1)    6 :  0.099 0.445 0.212 0.168 0.076 
410 NS_SS1398    (1)    6 :  0.205 0.329 0.146 0.123 0.196 
411 NS_SS1426    (1)    6 :  0.188 0.139 0.373 0.140 0.160 
412 NS_SS1413    (0)    6 :  0.132 0.272 0.287 0.195 0.114 
413 NS_SS1395    (1)    6 :  0.273 0.143 0.294 0.175 0.115 
414 NS_SS1448   (10)    6 :  0.132 0.194 0.233 0.090 0.352 
415 NS_SS1446    (0)    6 :  0.230 0.149 0.311 0.169 0.141 
416 NS_SS1403    (2)    6 :  0.437 0.171 0.128 0.106 0.158 
417 NS_SS1415    (0)    6 :  0.132 0.179 0.297 0.164 0.227 
418 NS_SS1437    (4)    6 :  0.398 0.138 0.137 0.147 0.180 
419 NS_SS1439    (2)    6 :  0.156 0.162 0.194 0.358 0.131 
420 NS_SS1441    (3)    6 :  0.152 0.248 0.292 0.209 0.099 
421 NS_SS1420    (2)    6 :  0.070 0.164 0.103 0.094 0.569 
422 NS_SS1394    (2)    6 :  0.238 0.192 0.100 0.117 0.352 
423 NS_SS1391    (7)    6 :  0.170 0.368 0.275 0.099 0.088 
424 NS_SS1410    (5)    6 :  0.287 0.173 0.248 0.150 0.143 
425 NS_SS1408    (1)    6 :  0.322 0.122 0.121 0.228 0.208 
426 NS_SS1409    (1)    6 :  0.139 0.369 0.247 0.166 0.079 
427 HI_SS0617    (1)    7 :  0.121 0.308 0.299 0.136 0.136 
428 HI_SS0618    (2)    7 :  0.126 0.272 0.136 0.191 0.276 
429 HI_SS0619    (0)    7 :  0.132 0.333 0.223 0.108 0.205 
430 HI_SS0620    (1)    7 :  0.058 0.147 0.390 0.113 0.292 
431 HI_SS0621    (3)    7 :  0.252 0.210 0.134 0.214 0.191 
432 HI_SS0622    (1)    7 :  0.139 0.176 0.177 0.310 0.198 
433 HI_SS0626    (0)    7 :  0.211 0.109 0.165 0.097 0.417 
434 HI_SS0627    (0)    7 :  0.431 0.203 0.107 0.115 0.144 
435 HI_SS0628    (3)    7 :  0.284 0.135 0.302 0.094 0.185 
436 HI_SS0629    (1)    7 :  0.272 0.112 0.231 0.187 0.198 
437 HI_SS0630    (1)    7 :  0.098 0.203 0.255 0.169 0.274 
438 HI_SS0631    (0)    7 :  0.175 0.154 0.239 0.133 0.299 
439 HI_SS0632    (0)    7 :  0.154 0.106 0.151 0.232 0.357 
440 HI_SS0633    (0)    7 :  0.086 0.467 0.180 0.161 0.106 
441 HI_SS0634    (1)    7 :  0.296 0.128 0.187 0.124 0.264 
442 HI_SS0635    (0)    7 :  0.183 0.203 0.109 0.206 0.299 
443 HI_SS0637    (1)    7 :  0.206 0.076 0.165 0.295 0.258 
444 HI_SS0638    (0)    7 :  0.175 0.261 0.186 0.170 0.207 
445 HI_SS0639    (1)    7 :  0.191 0.206 0.114 0.218 0.271 
446 HI_SS0640    (1)    7 :  0.124 0.192 0.145 0.355 0.185 
447 HI_SS0641    (1)    7 :  0.104 0.107 0.315 0.122 0.352 
448 HI_SS0642    (0)    7 :  0.532 0.127 0.083 0.138 0.119 
449 HI_SS0645    (0)    7 :  0.089 0.255 0.077 0.150 0.429 
450 HI_SS0646    (1)    7 :  0.198 0.312 0.186 0.217 0.086 
451 HI_SS0647    (1)    7 :  0.255 0.270 0.139 0.160 0.176 
452 HI_SS0648    (0)    7 :  0.163 0.209 0.177 0.237 0.214 
453 HI_SS0649    (1)    7 :  0.155 0.251 0.212 0.225 0.157 
454 HI_SS0650    (1)    7 :  0.177 0.446 0.130 0.113 0.134 
455 HI_SS0651    (1)    7 :  0.152 0.243 0.176 0.238 0.191 
456 HI_SS0652    (1)    7 :  0.100 0.233 0.102 0.116 0.450 
457 NS_SS1371    (3)    7 :  0.292 0.197 0.275 0.153 0.083 
458 NS_SS1374    (0)    7 :  0.319 0.116 0.279 0.079 0.208 
459 NS_SS1337    (3)    7 :  0.328 0.147 0.092 0.119 0.313 
460 NS_SS1385    (5)    7 :  0.172 0.282 0.175 0.254 0.117 
461 NS_SS1388    (0)    7 :  0.200 0.298 0.220 0.106 0.176 
462 NS_SS1370    (1)    7 :  0.128 0.073 0.081 0.119 0.599 
463 NS_SS1389    (3)    7 :  0.195 0.297 0.145 0.093 0.270 
464 NS_SS1360    (1)    7 :  0.137 0.107 0.232 0.230 0.293 
465 NS_SS1330    (0)    7 :  0.121 0.238 0.100 0.244 0.297 
466 NS_SS1328    (8)    7 :  0.178 0.341 0.278 0.128 0.075 
467 NS_SS1384    (1)    7 :  0.228 0.097 0.192 0.294 0.189 
468 NS_SS1381    (0)    7 :  0.119 0.474 0.084 0.202 0.122 
469 NS_SS1375    (1)    7 :  0.169 0.394 0.140 0.064 0.233 
470 NS_SS1319   (10)    7 :  0.309 0.182 0.192 0.124 0.194 
471 NS_SS1326    (2)    7 :  0.141 0.271 0.381 0.091 0.116 
472 NS_SS1341    (1)    7 :  0.360 0.073 0.240 0.215 0.112 
473 NS_SS1383    (1)    7 :  0.462 0.073 0.137 0.109 0.219 
474 NS_SS1318    (3)    7 :  0.102 0.210 0.187 0.222 0.279 
475 NS_SS1348    (2)    7 :  0.191 0.094 0.340 0.210 0.165 
476 NS_SS1363    (0)    7 :  0.196 0.174 0.125 0.240 0.265 
477 NS_SS1335    (4)    7 :  0.178 0.070 0.225 0.296 0.232 
478 NS_SS1358    (0)    7 :  0.236 0.113 0.196 0.329 0.126 
479 NS_SS1342    (1)    7 :  0.351 0.107 0.248 0.232 0.062 
480 NS_SS1320    (2)    7 :  0.102 0.527 0.050 0.250 0.071 
481 NS_SS1355    (1)    7 :  0.133 0.199 0.112 0.396 0.161 
482 NS_SS1345    (1)    7 :  0.083 0.116 0.070 0.598 0.133 
483 NS_SS1324    (0)    7 :  0.197 0.145 0.282 0.175 0.200 
484 NS_SS1347    (5)    7 :  0.253 0.190 0.158 0.248 0.151 
485 NS_SS1321    (4)    7 :  0.350 0.107 0.291 0.086 0.166 
486 NS_SS1333    (0)    7 :  0.381 0.140 0.300 0.057 0.123 
487 NS_SS1364    (1)    7 :  0.175 0.092 0.199 0.405 0.128 
488 NS_SS1379    (0)    7 :  0.156 0.313 0.136 0.217 0.178 
489 NS_SS1332    (0)    7 :  0.212 0.148 0.393 0.122 0.125 
490 NS_SS1338    (5)    7 :  0.173 0.121 0.218 0.130 0.358 
491 NS_SS1368    (6)    7 :  0.236 0.116 0.290 0.274 0.085 
492 NS_SS1354    (1)    7 :  0.235 0.173 0.161 0.279 0.153 
493 NS_SS1365    (0)    7 :  0.198 0.216 0.129 0.210 0.247 
494 NS_SS1380    (1)    7 :  0.173 0.159 0.107 0.330 0.231 
495 NS_SS1329    (8)    7 :  0.380 0.102 0.238 0.214 0.065 
496 NS_SS1362    (0)    7 :  0.269 0.212 0.188 0.209 0.121 
497 NS_SS1327    (2)    7 :  0.127 0.118 0.538 0.066 0.151 
498 NS_SS1350    (0)    7 :  0.153 0.406 0.279 0.079 0.083 
499 NS_SS1387    (2)    7 :  0.127 0.156 0.161 0.164 0.392 
500 NS_SS1369    (8)    7 :  0.123 0.095 0.258 0.323 0.201 
501 NS_SS1331    (1)    7 :  0.263 0.153 0.208 0.089 0.287 
502 NS_SS1357    (4)    7 :  0.168 0.424 0.235 0.108 0.065 
503 NS_SS1386    (1)    7 :  0.317 0.065 0.372 0.170 0.076 
504 NS_SS1353    (2)    7 :  0.240 0.340 0.179 0.128 0.113 
505 NS_SS1323    (0)    7 :  0.298 0.207 0.093 0.258 0.144 
506 HI_SS0296    (0)    8 :  0.083 0.156 0.265 0.171 0.326 
507 HI_SS0297    (0)    8 :  0.429 0.262 0.114 0.079 0.115 
508 HI_SS0299    (0)    8 :  0.188 0.130 0.173 0.285 0.222 
509 HI_SS0300    (0)    8 :  0.089 0.145 0.158 0.330 0.278 
510 HI_SS0301    (0)    8 :  0.245 0.060 0.109 0.187 0.399 
511 HI_SS0302    (0)    8 :  0.090 0.096 0.239 0.194 0.381 
512 HI_SS0303    (0)    8 :  0.109 0.290 0.336 0.159 0.106 
513 HI_SS0304    (0)    8 :  0.190 0.288 0.176 0.072 0.274 
514 HI_SS0306    (5)    8 :  0.127 0.120 0.315 0.133 0.304 
515 HI_SS0307    (1)    8 :  0.184 0.211 0.132 0.277 0.196 
516 HI_SS0308    (1)    8 :  0.265 0.118 0.113 0.280 0.224 
517 HI_SS0309    (0)    8 :  0.144 0.114 0.121 0.405 0.215 
518 HI_SS0310    (0)    8 :  0.132 0.302 0.186 0.196 0.183 
519 HI_SS0311    (3)    8 :  0.188 0.105 0.157 0.208 0.342 
520 HI_SS0314    (0)    8 :  0.191 0.388 0.192 0.126 0.103 
521 HI_SS0316    (1)    8 :  0.176 0.179 0.270 0.234 0.140 
522 HI_SS0317    (3)    8 :  0.360 0.119 0.138 0.140 0.244 
523 HI_SS0318    (1)    8 :  0.310 0.079 0.316 0.123 0.172 
524 HI_SS0319    (0)    8 :  0.091 0.114 0.451 0.263 0.080 
525 HI_SS0320    (3)    8 :  0.483 0.213 0.100 0.061 0.142 
526 HI_SS0321    (0)    8 :  0.347 0.163 0.224 0.124 0.141 
527 HI_SS0323    (1)    8 :  0.124 0.170 0.309 0.141 0.256 
528 HI_SS0325    (2)    8 :  0.134 0.104 0.278 0.156 0.327 
529 HI_SS0327    (1)    8 :  0.164 0.240 0.303 0.241 0.053 
530 HI_SS0329    (1)    8 :  0.260 0.197 0.140 0.130 0.272 
531 HI_SS0333    (1)    8 :  0.234 0.205 0.201 0.181 0.180 
532 HI_SS0334    (1)    8 :  0.192 0.105 0.285 0.240 0.179 
533 HI_SS0335    (1)    8 :  0.190 0.158 0.096 0.411 0.144 
534 HI_SS0339    (0)    8 :  0.134 0.158 0.110 0.352 0.247 
535 HI_SS0343    (2)    8 :  0.258 0.186 0.110 0.353 0.093 
536 HI_SS0344    (1)    8 :  0.162 0.106 0.500 0.114 0.117 
537 HI_SS0345    (3)    8 :  0.234 0.104 0.140 0.251 0.271 
538 HI_SS0346    (0)    8 :  0.401 0.106 0.212 0.085 0.195 
539 HI_SS0350    (1)    8 :  0.067 0.193 0.059 0.496 0.185 
540 HI_SS0351    (0)    8 :  0.210 0.101 0.136 0.437 0.117 
541 HI_SS0352    (3)    8 :  0.280 0.164 0.135 0.272 0.148 
542 HI_SS0362    (0)    8 :  0.119 0.149 0.161 0.139 0.432 
543 HI_SS0363    (1)    8 :  0.124 0.189 0.359 0.233 0.095 
544 HI_SS0365    (0)    8 :  0.132 0.208 0.297 0.253 0.110 
545 HI_SS0366    (0)    8 :  0.103 0.130 0.433 0.163 0.172 
546 HI_SS0367    (1)    8 :  0.202 0.306 0.116 0.233 0.142 
547 HI_SS0369    (1)    8 :  0.176 0.209 0.113 0.224 0.279 
548 HI_SS0370    (0)    8 :  0.230 0.372 0.171 0.148 0.078 
549 HI_SS0371    (4)    8 :  0.165 0.115 0.325 0.143 0.251 
550 HI_SS0373    (3)    8 :  0.124 0.278 0.203 0.183 0.211 
551 HI_SS0374    (0)    8 :  0.222 0.269 0.132 0.201 0.176 
552 HI_SS0377    (0)    8 :  0.166 0.074 0.173 0.414 0.173 
553 HI_SS0379    (1)    8 :  0.210 0.064 0.512 0.117 0.097 
554 HI_SS0380    (1)    8 :  0.183 0.213 0.144 0.280 0.180 
555 HI_SS0381    (2)    8 :  0.232 0.114 0.093 0.316 0.245 
556 HI_SS0384    (3)    8 :  0.241 0.278 0.273 0.068 0.140 
557 HI_SS0385    (1)    8 :  0.170 0.212 0.232 0.092 0.294 


Estimated Allele Frequencies in each cluster
First column gives estimated ancestral frequencies


Locus 1 : 
2 alleles
3.4% missing data
   1   (0.736) 0.798 0.770 0.724 0.724 0.678 
   2   (0.264) 0.202 0.230 0.276 0.276 0.322 

Locus 2 : 
2 alleles
4.3% missing data
   1   (0.884) 0.867 0.844 0.918 0.904 0.914 
   2   (0.116) 0.133 0.156 0.082 0.096 0.086 

Locus 3 : 
2 alleles
3.9% missing data
   1   (0.860) 0.867 0.856 0.870 0.890 0.854 
   2   (0.140) 0.133 0.144 0.130 0.110 0.146 

Locus 4 : 
2 alleles
2.7% missing data
   1   (0.886) 0.830 0.914 0.913 0.913 0.893 
   2   (0.114) 0.170 0.086 0.087 0.087 0.107 

Locus 5 : 
2 alleles
2.7% missing data
   1   (0.823) 0.872 0.787 0.796 0.832 0.836 
   2   (0.177) 0.128 0.213 0.204 0.168 0.164 

Locus 6 : 
2 alleles
3.2% missing data
   1   (0.789) 0.820 0.811 0.754 0.777 0.810 
   2   (0.211) 0.180 0.189 0.246 0.223 0.190 

Locus 7 : 
2 alleles
3.8% missing data
   1   (0.800) 0.804 0.839 0.790 0.812 0.792 
   2   (0.200) 0.196 0.161 0.210 0.188 0.208 

Locus 8 : 
2 alleles
4.8% missing data
   1   (0.703) 0.722 0.694 0.688 0.701 0.729 
   2   (0.297) 0.278 0.306 0.312 0.299 0.271 

Locus 9 : 
2 alleles
3.1% missing data
   1   (0.792) 0.836 0.813 0.727 0.788 0.810 
   2   (0.208) 0.164 0.187 0.273 0.212 0.190 

Locus 10 : 
2 alleles
4.7% missing data
   1   (0.886) 0.867 0.934 0.888 0.890 0.891 
   2   (0.114) 0.133 0.066 0.112 0.110 0.109 

Locus 11 : 
2 alleles
3.2% missing data
   1   (0.861) 0.844 0.901 0.829 0.904 0.851 
   2   (0.139) 0.156 0.099 0.171 0.096 0.149 

Locus 12 : 
2 alleles
4.8% missing data
   1   (0.729) 0.761 0.699 0.740 0.721 0.744 
   2   (0.271) 0.239 0.301 0.260 0.279 0.256 

Locus 13 : 
2 alleles
4.7% missing data
   1   (0.884) 0.920 0.912 0.876 0.879 0.867 
   2   (0.116) 0.080 0.088 0.124 0.121 0.133 

Locus 14 : 
2 alleles
3.9% missing data
   1   (0.872) 0.857 0.915 0.875 0.872 0.885 
   2   (0.128) 0.143 0.085 0.125 0.128 0.115 

Locus 15 : 
2 alleles
3.9% missing data
   1   (0.505) 0.508 0.475 0.532 0.498 0.514 
   2   (0.495) 0.492 0.525 0.468 0.502 0.486 

Locus 16 : 
2 alleles
4.3% missing data
   1   (0.607) 0.556 0.620 0.546 0.620 0.696 
   2   (0.393) 0.444 0.380 0.454 0.380 0.304 

Locus 17 : 
2 alleles
4.1% missing data
   1   (0.772) 0.766 0.764 0.748 0.806 0.798 
   2   (0.228) 0.234 0.236 0.252 0.194 0.202 

Locus 18 : 
2 alleles
2.3% missing data
   1   (0.891) 0.894 0.894 0.927 0.876 0.904 
   2   (0.109) 0.106 0.106 0.073 0.124 0.096 

Locus 19 : 
2 alleles
4.3% missing data
   1   (0.709) 0.688 0.695 0.691 0.727 0.760 
   2   (0.291) 0.312 0.305 0.309 0.273 0.240 

Locus 20 : 
2 alleles
3.2% missing data
   1   (0.883) 0.843 0.927 0.919 0.831 0.919 
   2   (0.117) 0.157 0.073 0.081 0.169 0.081 

Locus 21 : 
2 alleles
3.4% missing data
   1   (0.560) 0.544 0.574 0.446 0.654 0.568 
   2   (0.440) 0.456 0.426 0.554 0.346 0.432 

Locus 22 : 
2 alleles
4.8% missing data
   1   (0.852) 0.874 0.848 0.841 0.877 0.852 
   2   (0.148) 0.126 0.152 0.159 0.123 0.148 

Locus 23 : 
2 alleles
4.3% missing data
   1   (0.880) 0.901 0.841 0.887 0.916 0.880 
   2   (0.120) 0.099 0.159 0.113 0.084 0.120 

Locus 24 : 
2 alleles
3.2% missing data
   1   (0.544) 0.590 0.507 0.531 0.517 0.567 
   2   (0.456) 0.410 0.493 0.469 0.483 0.433 

Locus 25 : 
2 alleles
4.3% missing data
   2   (0.468) 0.410 0.515 0.513 0.443 0.476 
   1   (0.532) 0.590 0.485 0.487 0.557 0.524 

Locus 26 : 
2 alleles
4.3% missing data
   1   (0.838) 0.810 0.820 0.880 0.845 0.866 
   2   (0.162) 0.190 0.180 0.120 0.155 0.134 

Locus 27 : 
2 alleles
2.2% missing data
   1   (0.600) 0.587 0.562 0.652 0.583 0.629 
   2   (0.400) 0.413 0.438 0.348 0.417 0.371 

Locus 28 : 
2 alleles
4.1% missing data
   1   (0.859) 0.838 0.914 0.887 0.813 0.879 
   2   (0.141) 0.162 0.086 0.113 0.187 0.121 

Locus 29 : 
2 alleles
1.8% missing data
   1   (0.876) 0.883 0.887 0.880 0.901 0.872 
   2   (0.124) 0.117 0.113 0.120 0.099 0.128 

Locus 30 : 
2 alleles
4.5% missing data
   1   (0.864) 0.831 0.864 0.883 0.894 0.885 
   2   (0.136) 0.169 0.136 0.117 0.106 0.115 

Locus 31 : 
2 alleles
4.3% missing data
   1   (0.785) 0.774 0.824 0.810 0.732 0.823 
   2   (0.215) 0.226 0.176 0.190 0.268 0.177 

Locus 32 : 
2 alleles
