

----------------------------------------------------
STRUCTURE by Pritchard, Stephens and Donnelly (2000)
     and Falush, Stephens and Pritchard (2003)
       Code by Pritchard, Falush and Hubisz
             Version 2.3.4 (Jul 2012)
----------------------------------------------------



Command line arguments:   /home/genobiwan/Documents/Programs/Structure/structure -m parameter_job_k6_r9 
Input File:    /media/genobiwan/Storage/Projets/Mackerel_NWA_2021/data_job_k6_r9

Run parameters:
   557 individuals
   3930 loci
   6 populations assumed
   100000 Burn-in period
   200000 Reps


--------------------------------------------
Proportion of membership of each pre-defined
 population in each of the 6 clusters

Given    Inferred Clusters                            Number of
 Pop       1      2      3      4      5      6      Individuals

  1:     0.176  0.159  0.169  0.185  0.158  0.153       67
  2:     0.178  0.183  0.150  0.147  0.135  0.207       32
  3:     0.164  0.184  0.158  0.182  0.156  0.156       92
  4:     0.143  0.165  0.190  0.149  0.174  0.179       36
  5:     0.148  0.160  0.158  0.191  0.176  0.168       41
  6:     0.163  0.163  0.174  0.157  0.177  0.165      158
  7:     0.170  0.167  0.171  0.161  0.167  0.164       79
  8:     0.163  0.165  0.162  0.179  0.181  0.151       52
--------------------------------------------

Allele-freq. divergence among pops (Net nucleotide distance),
computed using point estimates of P.

      1       2       3       4       5       6      
 1      -    0.0045  0.0048  0.0049  0.0062  0.0058  
 2   0.0045     -    0.0042  0.0040  0.0053  0.0056  
 3   0.0048  0.0042     -    0.0040  0.0050  0.0051  
 4   0.0049  0.0040  0.0040     -    0.0054  0.0053  
 5   0.0062  0.0053  0.0050  0.0054     -    0.0060  
 6   0.0058  0.0056  0.0051  0.0053  0.0060     -    

Average distances (expected heterozygosity) between individuals in same cluster:
cluster  1  : 0.3095 
cluster  2  : 0.3100 
cluster  3  : 0.3116 
cluster  4  : 0.3105 
cluster  5  : 0.3086 
cluster  6  : 0.3119 

--------------------------------------------
Estimated Ln Prob of Data   = -2070807.1
Mean value of ln likelihood = -2060619.2
Variance of ln likelihood   = 20375.8
Mean value of alpha         = 1.9611

Mean value of Fst_1         = 0.0557
Mean value of Fst_2         = 0.0486
Mean value of Fst_3         = 0.0469
Mean value of Fst_4         = 0.0488
Mean value of Fst_5         = 0.0571
Mean value of Fst_6         = 0.0573


Inferred ancestry of individuals:
        Label (%Miss) Pop:  Inferred clusters
  1 NS_SS0963    (4)    1 :  0.068 0.221 0.263 0.204 0.089 0.155 
  2 NS_SS0983    (1)    1 :  0.059 0.135 0.127 0.186 0.308 0.183 
  3 NS_SS0719    (8)    1 :  0.128 0.219 0.218 0.122 0.152 0.161 
  4 NS_SS1001    (8)    1 :  0.221 0.182 0.077 0.188 0.105 0.226 
  5 NS_SS0936    (4)    1 :  0.152 0.087 0.228 0.227 0.088 0.219 
  6 NS_SS0955    (5)    1 :  0.061 0.226 0.171 0.202 0.195 0.144 
  7 NS_SS0944    (3)    1 :  0.104 0.208 0.100 0.269 0.180 0.139 
  8 NS_SS0945    (3)    1 :  0.270 0.097 0.153 0.156 0.207 0.116 
  9 NS_SS0922    (2)    1 :  0.165 0.197 0.178 0.125 0.079 0.255 
 10 NS_SS0929    (7)    1 :  0.134 0.109 0.180 0.215 0.209 0.152 
 11 NS_SS0956    (2)    1 :  0.191 0.358 0.107 0.124 0.073 0.146 
 12 NS_SS0906    (3)    1 :  0.133 0.108 0.141 0.305 0.202 0.110 
 13 NS_SS0721    (6)    1 :  0.129 0.349 0.150 0.096 0.140 0.136 
 14 NS_SS0982    (4)    1 :  0.175 0.204 0.180 0.212 0.122 0.108 
 15 NS_SS0923    (5)    1 :  0.256 0.126 0.152 0.200 0.119 0.148 
 16 NS_SS0905    (6)    1 :  0.289 0.105 0.085 0.227 0.157 0.138 
 17 NS_SS0925    (3)    1 :  0.119 0.168 0.116 0.280 0.064 0.253 
 18 NS_SS0947    (5)    1 :  0.146 0.125 0.180 0.229 0.113 0.207 
 19 NS_SS0926    (2)    1 :  0.129 0.086 0.281 0.137 0.304 0.064 
 20 NS_SS0918    (6)    1 :  0.190 0.148 0.131 0.371 0.093 0.068 
 21 NS_SS0966    (4)    1 :  0.164 0.110 0.191 0.279 0.120 0.135 
 22 NS_SS0938    (2)    1 :  0.117 0.120 0.356 0.104 0.080 0.223 
 23 NS_SS0917    (2)    1 :  0.192 0.126 0.208 0.065 0.233 0.176 
 24 NS_SS0957   (11)    1 :  0.234 0.246 0.161 0.149 0.128 0.083 
 25 NS_SS0987    (1)    1 :  0.205 0.328 0.101 0.154 0.150 0.062 
 26 NS_SS0717    (4)    1 :  0.296 0.173 0.064 0.196 0.101 0.169 
 27 NS_SS0986    (2)    1 :  0.185 0.211 0.173 0.160 0.219 0.053 
 28 NS_SS0953    (4)    1 :  0.174 0.144 0.069 0.316 0.097 0.200 
 29 NS_SS0907    (3)    1 :  0.144 0.096 0.127 0.364 0.167 0.102 
 30 NS_SS0974    (6)    1 :  0.188 0.084 0.132 0.212 0.165 0.219 
 31 NS_SS0989    (1)    1 :  0.081 0.103 0.256 0.070 0.244 0.246 
 32 NS_SS0991    (2)    1 :  0.074 0.260 0.076 0.289 0.241 0.060 
 33 NS_SS0994    (2)    1 :  0.114 0.076 0.106 0.107 0.400 0.197 
 34 NS_SS0931    (6)    1 :  0.086 0.181 0.194 0.202 0.272 0.065 
 35 NS_SS1000    (5)    1 :  0.262 0.102 0.158 0.218 0.117 0.144 
 36 NS_SS0919    (1)    1 :  0.115 0.083 0.301 0.215 0.194 0.092 
 37 NS_SS0949    (3)    1 :  0.067 0.180 0.177 0.094 0.237 0.245 
 38 NS_SS0960   (10)    1 :  0.176 0.153 0.132 0.202 0.213 0.123 
 39 NS_SS0716    (2)    1 :  0.522 0.171 0.080 0.059 0.110 0.059 
 40 NS_SS0924    (8)    1 :  0.130 0.179 0.146 0.207 0.181 0.157 
 41 NS_SS0935    (1)    1 :  0.151 0.192 0.070 0.175 0.277 0.136 
 42 NS_SS0952   (13)    1 :  0.125 0.091 0.166 0.243 0.259 0.117 
 43 NS_SS0962   (10)    1 :  0.237 0.116 0.303 0.129 0.109 0.106 
 44 NS_SS0973    (5)    1 :  0.089 0.167 0.114 0.270 0.126 0.234 
 45 NS_SS0722    (1)    1 :  0.281 0.104 0.072 0.257 0.074 0.212 
 46 NS_SS0979   (13)    1 :  0.252 0.205 0.171 0.178 0.105 0.090 
 47 NS_SS0993    (2)    1 :  0.140 0.161 0.138 0.268 0.071 0.223 
 48 NS_SS0958    (1)    1 :  0.226 0.102 0.123 0.147 0.274 0.127 
 49 NS_SS0988    (4)    1 :  0.175 0.094 0.264 0.204 0.198 0.065 
 50 NS_SS1003    (2)    1 :  0.069 0.275 0.410 0.119 0.064 0.062 
 51 NS_SS0976    (0)    1 :  0.077 0.142 0.257 0.184 0.232 0.109 
 52 NS_SS0964   (10)    1 :  0.273 0.215 0.083 0.124 0.079 0.226 
 53 NS_SS0939    (4)    1 :  0.438 0.224 0.131 0.052 0.071 0.086 
 54 NS_SS0990    (6)    1 :  0.238 0.136 0.276 0.067 0.216 0.066 
 55 NS_SS0984    (2)    1 :  0.308 0.098 0.174 0.146 0.074 0.200 
 56 NS_SS0980    (9)    1 :  0.148 0.081 0.107 0.271 0.074 0.319 
 57 NS_SS0978    (4)    1 :  0.157 0.117 0.203 0.184 0.121 0.219 
 58 NS_SS0951   (17)    1 :  0.172 0.243 0.070 0.223 0.221 0.071 
 59 NS_SS0913    (3)    1 :  0.240 0.247 0.106 0.146 0.113 0.148 
 60 NS_SS1002    (1)    1 :  0.151 0.066 0.412 0.205 0.077 0.090 
 61 NS_SS0948    (1)    1 :  0.166 0.130 0.152 0.270 0.175 0.107 
 62 NS_SS0916    (4)    1 :  0.128 0.120 0.186 0.081 0.131 0.353 
 63 NS_SS0995    (1)    1 :  0.237 0.138 0.128 0.110 0.090 0.297 
 64 NS_SS0927    (6)    1 :  0.192 0.083 0.172 0.099 0.225 0.228 
 65 NS_SS0992    (5)    1 :  0.127 0.099 0.209 0.122 0.145 0.298 
 66 NS_SS0912    (1)    1 :  0.166 0.247 0.160 0.145 0.226 0.056 
 67 NS_SS0981    (1)    1 :  0.187 0.183 0.231 0.234 0.102 0.063 
 68 NS_SS0729    (5)    2 :  0.058 0.070 0.107 0.176 0.252 0.336 
 69 NS_SS0967   (14)    2 :  0.137 0.117 0.270 0.233 0.096 0.147 
 70 NS_SS0941    (7)    2 :  0.150 0.164 0.182 0.114 0.105 0.285 
 71 NS_SS0768   (12)    2 :  0.134 0.294 0.159 0.177 0.131 0.104 
 72 NS_SS0726    (4)    2 :  0.053 0.097 0.217 0.105 0.163 0.366 
 73 NS_SS0763    (4)    2 :  0.139 0.121 0.136 0.160 0.223 0.221 
 74 NS_SS0730    (6)    2 :  0.288 0.161 0.187 0.115 0.100 0.148 
 75 NS_SS0774    (1)    2 :  0.270 0.095 0.161 0.160 0.066 0.248 
 76 NS_SS0723    (3)    2 :  0.186 0.163 0.224 0.177 0.059 0.191 
 77 NS_SS0940    (9)    2 :  0.181 0.145 0.172 0.088 0.186 0.227 
 78 NS_SS0762    (1)    2 :  0.296 0.143 0.073 0.168 0.054 0.265 
 79 NS_SS0766   (11)    2 :  0.285 0.150 0.090 0.076 0.161 0.239 
 80 NS_SS0724    (1)    2 :  0.123 0.242 0.102 0.256 0.103 0.174 
 81 NS_SS0769    (3)    2 :  0.232 0.156 0.218 0.145 0.155 0.094 
 82 NS_SS0777    (2)    2 :  0.175 0.160 0.155 0.192 0.256 0.063 
 83 NS_SS0734    (6)    2 :  0.174 0.265 0.122 0.108 0.170 0.161 
 84 NS_SS0737    (3)    2 :  0.235 0.113 0.132 0.090 0.067 0.363 
 85 NS_SS0732    (5)    2 :  0.186 0.326 0.091 0.177 0.080 0.141 
 86 NS_SS0728    (5)    2 :  0.153 0.225 0.116 0.108 0.106 0.292 
 87 NS_SS0735    (9)    2 :  0.122 0.239 0.065 0.180 0.089 0.305 
 88 NS_SS0725    (1)    2 :  0.129 0.212 0.225 0.108 0.092 0.234 
 89 NS_SS0788    (2)    2 :  0.149 0.121 0.345 0.103 0.143 0.138 
 90 NS_SS0778    (2)    2 :  0.121 0.185 0.271 0.122 0.189 0.112 
 91 NS_SS0792    (6)    2 :  0.128 0.257 0.090 0.151 0.139 0.234 
 92 NS_SS0943   (11)    2 :  0.055 0.228 0.090 0.266 0.247 0.113 
 93 NS_SS0791    (2)    2 :  0.133 0.233 0.104 0.071 0.146 0.314 
 94 NS_SS0790    (5)    2 :  0.198 0.283 0.099 0.262 0.051 0.107 
 95 NS_SS0731    (6)    2 :  0.270 0.290 0.103 0.149 0.119 0.069 
 96 NS_SS0727    (6)    2 :  0.136 0.112 0.058 0.098 0.196 0.399 
 97 NS_SS0779   (12)    2 :  0.178 0.173 0.166 0.178 0.157 0.147 
 98 NS_SS0776    (3)    2 :  0.233 0.163 0.174 0.113 0.144 0.174 
 99 NS_SS0775    (5)    2 :  0.400 0.145 0.093 0.093 0.067 0.202 
100 NS_SS0965    (3)    3 :  0.120 0.292 0.187 0.196 0.109 0.097 
101 NS_SS0754   (13)    3 :  0.089 0.288 0.119 0.109 0.209 0.186 
102 NS_SS0838    (5)    3 :  0.205 0.121 0.213 0.153 0.160 0.148 
103 NS_SS0839    (3)    3 :  0.273 0.156 0.175 0.136 0.064 0.198 
104 NS_SS0832    (4)    3 :  0.180 0.216 0.148 0.302 0.061 0.093 
105 NS_SS0820    (4)    3 :  0.134 0.269 0.249 0.148 0.068 0.132 
106 NS_SS0886    (9)    3 :  0.151 0.215 0.167 0.114 0.209 0.145 
107 NS_SS0748    (5)    3 :  0.171 0.139 0.153 0.253 0.199 0.086 
108 NS_SS0884    (9)    3 :  0.141 0.170 0.157 0.178 0.135 0.219 
109 NS_SS0752    (3)    3 :  0.185 0.120 0.157 0.161 0.108 0.269 
110 NS_SS0862    (1)    3 :  0.098 0.367 0.096 0.197 0.071 0.171 
111 NS_SS0787    (9)    3 :  0.140 0.123 0.118 0.124 0.413 0.082 
112 NS_SS0843    (6)    3 :  0.129 0.193 0.124 0.208 0.132 0.214 
113 NS_SS0856    (4)    3 :  0.235 0.120 0.167 0.066 0.141 0.271 
114 NS_SS0846    (2)    3 :  0.081 0.078 0.200 0.272 0.169 0.201 
115 NS_SS0825    (1)    3 :  0.079 0.235 0.317 0.141 0.146 0.082 
116 NS_SS0757    (3)    3 :  0.129 0.244 0.122 0.202 0.201 0.102 
117 NS_SS0876    (3)    3 :  0.136 0.209 0.125 0.184 0.118 0.228 
118 NS_SS0903    (9)    3 :  0.135 0.081 0.128 0.275 0.058 0.323 
119 NS_SS0875    (7)    3 :  0.309 0.129 0.192 0.131 0.157 0.082 
120 NS_SS0740    (5)    3 :  0.145 0.200 0.106 0.216 0.128 0.205 
121 NS_SS0811    (5)    3 :  0.359 0.271 0.085 0.135 0.072 0.079 
122 NS_SS0751    (1)    3 :  0.266 0.093 0.244 0.105 0.131 0.160 
123 NS_SS0891    (6)    3 :  0.188 0.128 0.215 0.136 0.137 0.196 
124 NS_SS0867    (2)    3 :  0.059 0.230 0.150 0.313 0.159 0.089 
125 NS_SS0890    (6)    3 :  0.238 0.104 0.149 0.189 0.141 0.180 
126 NS_SS0866   (11)    3 :  0.099 0.143 0.130 0.101 0.345 0.182 
127 NS_SS0755    (4)    3 :  0.153 0.257 0.159 0.202 0.118 0.112 
128 NS_SS0758    (4)    3 :  0.125 0.143 0.136 0.173 0.134 0.289 
129 NS_SS0840    (2)    3 :  0.195 0.167 0.257 0.215 0.057 0.109 
130 NS_SS0889    (4)    3 :  0.105 0.269 0.106 0.130 0.283 0.106 
131 NS_SS1010    (1)    3 :  0.238 0.118 0.261 0.157 0.140 0.087 
132 NS_SS0888    (5)    3 :  0.114 0.183 0.068 0.077 0.239 0.320 
133 NS_SS0837    (3)    3 :  0.155 0.312 0.106 0.237 0.097 0.093 
134 NS_SS0794    (9)    3 :  0.213 0.143 0.068 0.104 0.256 0.215 
135 NS_SS0823    (4)    3 :  0.129 0.123 0.148 0.315 0.080 0.205 
136 NS_SS0829    (7)    3 :  0.113 0.205 0.081 0.196 0.346 0.061 
137 NS_SS0844    (5)    3 :  0.084 0.125 0.096 0.493 0.049 0.153 
138 NS_SS1008    (5)    3 :  0.240 0.121 0.082 0.128 0.243 0.187 
139 NS_SS0881    (3)    3 :  0.193 0.138 0.295 0.097 0.182 0.095 
140 NS_SS0834    (6)    3 :  0.151 0.147 0.223 0.127 0.081 0.271 
141 NS_SS0744   (10)    3 :  0.085 0.205 0.210 0.156 0.130 0.214 
142 NS_SS0899    (7)    3 :  0.267 0.238 0.090 0.242 0.088 0.074 
143 NS_SS0804    (4)    3 :  0.143 0.248 0.171 0.224 0.060 0.154 
144 NS_SS0781   (10)    3 :  0.218 0.100 0.264 0.239 0.077 0.102 
145 NS_SS0822    (6)    3 :  0.075 0.187 0.083 0.230 0.163 0.262 
146 NS_SS1004    (4)    3 :  0.118 0.174 0.160 0.302 0.118 0.127 
147 NS_SS0746    (5)    3 :  0.125 0.103 0.134 0.329 0.182 0.128 
148 NS_SS0880    (3)    3 :  0.120 0.177 0.201 0.254 0.103 0.146 
149 NS_SS0879    (4)    3 :  0.124 0.234 0.127 0.184 0.124 0.206 
150 NS_SS0753    (2)    3 :  0.145 0.198 0.096 0.224 0.230 0.108 
151 NS_SS1007    (2)    3 :  0.226 0.071 0.203 0.070 0.117 0.313 
152 NS_SS0872    (5)    3 :  0.254 0.107 0.192 0.187 0.089 0.171 
153 NS_SS1005    (7)    3 :  0.169 0.099 0.198 0.317 0.111 0.106 
154 NS_SS0892    (6)    3 :  0.202 0.163 0.144 0.162 0.171 0.158 
155 NS_SS0898    (0)    3 :  0.148 0.176 0.148 0.193 0.209 0.126 
156 NS_SS0801    (9)    3 :  0.161 0.277 0.123 0.202 0.155 0.081 
157 NS_SS0827    (8)    3 :  0.291 0.164 0.129 0.146 0.213 0.057 
158 NS_SS0853    (6)    3 :  0.351 0.173 0.069 0.129 0.200 0.077 
159 NS_SS0780    (2)    3 :  0.144 0.236 0.242 0.132 0.095 0.151 
160 NS_SS0826   (10)    3 :  0.061 0.127 0.357 0.244 0.146 0.065 
161 NS_SS0818    (5)    3 :  0.204 0.185 0.208 0.149 0.067 0.186 
162 NS_SS0745    (1)    3 :  0.401 0.204 0.134 0.061 0.080 0.121 
163 NS_SS0849    (3)    3 :  0.140 0.394 0.172 0.135 0.111 0.048 
164 NS_SS0739    (3)    3 :  0.208 0.197 0.249 0.065 0.121 0.159 
165 NS_SS0799    (1)    3 :  0.184 0.146 0.055 0.135 0.185 0.294 
166 NS_SS0756    (2)    3 :  0.150 0.147 0.209 0.329 0.081 0.083 
167 NS_SS0802    (2)    3 :  0.142 0.092 0.251 0.135 0.202 0.178 
168 NS_SS0747    (6)    3 :  0.147 0.120 0.201 0.235 0.142 0.156 
169 NS_SS0835    (1)    3 :  0.110 0.084 0.173 0.128 0.330 0.174 
170 NS_SS0742   (18)    3 :  0.138 0.183 0.203 0.193 0.093 0.191 
171 NS_SS0760    (9)    3 :  0.167 0.093 0.115 0.149 0.352 0.124 
172 NS_SS0803    (4)    3 :  0.080 0.108 0.065 0.409 0.055 0.283 
173 NS_SS0828   (13)    3 :  0.187 0.264 0.118 0.141 0.157 0.133 
174 NS_SS0865    (2)    3 :  0.077 0.279 0.262 0.153 0.147 0.082 
175 NS_SS0759    (4)    3 :  0.246 0.206 0.141 0.151 0.084 0.171 
176 NS_SS0851    (5)    3 :  0.157 0.467 0.133 0.101 0.083 0.059 
177 NS_SS0874   (16)    3 :  0.156 0.128 0.112 0.373 0.094 0.137 
178 NS_SS0761    (6)    3 :  0.079 0.187 0.146 0.202 0.292 0.094 
179 NS_SS0842   (25)    3 :  0.257 0.123 0.114 0.163 0.233 0.110 
180 NS_SS0785    (6)    3 :  0.134 0.172 0.111 0.225 0.181 0.177 
181 NS_SS0860   (11)    3 :  0.110 0.092 0.150 0.156 0.339 0.152 
182 NS_SS0897    (7)    3 :  0.111 0.188 0.084 0.098 0.378 0.141 
183 NS_SS0841   (14)    3 :  0.279 0.252 0.117 0.168 0.078 0.106 
184 NS_SS0797    (6)    3 :  0.116 0.274 0.167 0.148 0.216 0.079 
185 NS_SS0830   (10)    3 :  0.157 0.227 0.195 0.151 0.154 0.116 
186 NS_SS1011    (5)    3 :  0.072 0.215 0.341 0.175 0.079 0.118 
187 NS_SS0883    (5)    3 :  0.252 0.190 0.090 0.168 0.176 0.124 
188 NS_SS0782    (2)    3 :  0.183 0.131 0.093 0.143 0.156 0.295 
189 NS_SS0831    (5)    3 :  0.118 0.281 0.090 0.123 0.285 0.104 
190 NS_SS0749    (7)    3 :  0.157 0.263 0.129 0.097 0.149 0.205 
191 NS_SS0854    (2)    3 :  0.099 0.154 0.102 0.129 0.135 0.381 
192 HI_SS0193    (0)    4 :  0.069 0.238 0.155 0.082 0.199 0.257 
193 HI_SS0194    (0)    4 :  0.123 0.127 0.283 0.124 0.117 0.226 
194 HI_SS0195    (9)    4 :  0.194 0.315 0.244 0.080 0.063 0.105 
195 HI_SS0196    (6)    4 :  0.244 0.116 0.106 0.127 0.161 0.246 
196 HI_SS0197    (3)    4 :  0.121 0.070 0.521 0.081 0.104 0.102 
197 HI_SS0198    (1)    4 :  0.134 0.280 0.149 0.107 0.179 0.150 
198 HI_SS0199    (1)    4 :  0.144 0.106 0.091 0.110 0.169 0.380 
199 HI_SS0201    (4)    4 :  0.069 0.205 0.112 0.202 0.327 0.085 
200 HI_SS0215    (1)    4 :  0.114 0.148 0.169 0.182 0.301 0.087 
201 HI_SS0218    (1)    4 :  0.126 0.181 0.073 0.073 0.305 0.242 
202 HI_SS0222    (0)    4 :  0.189 0.211 0.209 0.076 0.143 0.173 
203 HI_SS0230    (1)    4 :  0.275 0.095 0.266 0.178 0.129 0.058 
204 HI_SS0234    (1)    4 :  0.081 0.079 0.217 0.142 0.111 0.369 
205 HI_SS0240    (1)    4 :  0.157 0.154 0.108 0.089 0.086 0.407 
206 HI_SS0241    (0)    4 :  0.123 0.172 0.151 0.153 0.244 0.157 
207 HI_SS0242    (0)    4 :  0.105 0.214 0.118 0.237 0.156 0.170 
208 HI_SS0247    (0)    4 :  0.115 0.141 0.172 0.375 0.127 0.071 
209 HI_SS0248    (1)    4 :  0.163 0.081 0.053 0.192 0.251 0.260 
210 HI_SS0252    (2)    4 :  0.116 0.227 0.085 0.200 0.088 0.284 
211 HI_SS0254    (1)    4 :  0.109 0.083 0.276 0.187 0.193 0.152 
212 HI_SS0256    (0)    4 :  0.171 0.161 0.206 0.237 0.034 0.190 
213 HI_SS0257    (0)    4 :  0.055 0.064 0.178 0.236 0.247 0.219 
214 HI_SS0258    (1)    4 :  0.143 0.163 0.097 0.163 0.281 0.153 
215 HI_SS0259    (1)    4 :  0.117 0.196 0.315 0.085 0.097 0.190 
216 HI_SS0260    (1)    4 :  0.252 0.094 0.099 0.111 0.259 0.185 
217 HI_SS0261    (2)    4 :  0.093 0.089 0.268 0.216 0.178 0.156 
218 HI_SS0262    (0)    4 :  0.186 0.282 0.151 0.103 0.105 0.174 
219 HI_SS0264    (1)    4 :  0.315 0.133 0.225 0.130 0.138 0.059 
220 HI_SS0265    (0)    4 :  0.128 0.260 0.271 0.126 0.116 0.100 
221 HI_SS0268    (1)    4 :  0.293 0.107 0.246 0.054 0.213 0.088 
222 HI_SS0269    (1)    4 :  0.052 0.068 0.196 0.134 0.296 0.253 
223 HI_SS0273    (0)    4 :  0.106 0.145 0.184 0.212 0.233 0.121 
224 HI_SS0277    (1)    4 :  0.083 0.135 0.459 0.135 0.089 0.098 
225 HI_SS0280    (0)    4 :  0.210 0.307 0.143 0.072 0.140 0.128 
226 HI_SS0282    (1)    4 :  0.086 0.221 0.103 0.230 0.191 0.169 
227 HI_SS0286    (1)    4 :  0.097 0.268 0.153 0.110 0.184 0.187 
228 NS_SS1252    (3)    5 :  0.104 0.127 0.072 0.149 0.379 0.168 
229 NS_SS1261    (1)    5 :  0.207 0.106 0.181 0.169 0.168 0.170 
230 NS_SS1225    (9)    5 :  0.085 0.093 0.151 0.349 0.213 0.108 
231 NS_SS1266    (1)    5 :  0.119 0.154 0.128 0.413 0.060 0.127 
232 NS_SS1228    (0)    5 :  0.223 0.298 0.133 0.110 0.096 0.141 
233 NS_SS1255    (2)    5 :  0.255 0.087 0.093 0.139 0.125 0.301 
234 NS_SS1267    (3)    5 :  0.110 0.153 0.109 0.068 0.394 0.166 
235 NS_SS1238    (6)    5 :  0.162 0.186 0.266 0.105 0.187 0.094 
236 NS_SS1233    (8)    5 :  0.200 0.111 0.118 0.418 0.102 0.053 
237 NS_SS1277    (3)    5 :  0.136 0.160 0.104 0.082 0.212 0.307 
238 NS_SS1245    (1)    5 :  0.110 0.093 0.139 0.303 0.202 0.152 
239 NS_SS1240    (4)    5 :  0.095 0.069 0.162 0.104 0.403 0.166 
240 NS_SS1275    (2)    5 :  0.107 0.235 0.366 0.128 0.051 0.113 
241 NS_SS1235    (1)    5 :  0.077 0.060 0.165 0.238 0.112 0.348 
242 NS_SS1263    (1)    5 :  0.230 0.106 0.100 0.315 0.083 0.167 
243 NS_SS1251    (1)    5 :  0.134 0.103 0.164 0.358 0.099 0.142 
244 NS_SS1248    (0)    5 :  0.158 0.429 0.113 0.077 0.179 0.044 
245 NS_SS1244    (0)    5 :  0.055 0.163 0.358 0.186 0.111 0.128 
246 NS_SS1257    (0)    5 :  0.112 0.160 0.110 0.133 0.260 0.225 
247 NS_SS1242    (2)    5 :  0.285 0.166 0.153 0.178 0.109 0.110 
248 NS_SS1271    (6)    5 :  0.079 0.164 0.115 0.094 0.354 0.194 
249 NS_SS1265    (1)    5 :  0.132 0.122 0.181 0.161 0.324 0.079 
250 NS_SS1243    (0)    5 :  0.206 0.315 0.073 0.111 0.116 0.179 
251 NS_SS1273    (1)    5 :  0.392 0.110 0.130 0.157 0.074 0.137 
252 NS_SS1254   (14)    5 :  0.251 0.094 0.092 0.365 0.094 0.104 
253 NS_SS1224    (1)    5 :  0.148 0.252 0.110 0.279 0.087 0.125 
254 NS_SS1227    (8)    5 :  0.206 0.068 0.190 0.102 0.259 0.175 
255 NS_SS1274    (8)    5 :  0.153 0.142 0.124 0.146 0.208 0.226 
256 NS_SS1241    (1)    5 :  0.100 0.179 0.140 0.222 0.196 0.163 
257 NS_SS1256    (3)    5 :  0.121 0.083 0.210 0.309 0.193 0.084 
258 NS_SS1260    (8)    5 :  0.144 0.112 0.101 0.125 0.255 0.263 
259 NS_SS1262    (0)    5 :  0.091 0.188 0.160 0.249 0.176 0.136 
260 NS_SS1230    (0)    5 :  0.209 0.145 0.147 0.169 0.214 0.115 
261 NS_SS1270    (2)    5 :  0.086 0.325 0.150 0.273 0.103 0.063 
262 NS_SS1229    (2)    5 :  0.077 0.056 0.257 0.147 0.073 0.390 
263 NS_SS1246    (5)    5 :  0.063 0.105 0.254 0.087 0.227 0.265 
264 NS_SS1269    (0)    5 :  0.198 0.192 0.147 0.168 0.120 0.175 
265 NS_SS1239    (1)    5 :  0.106 0.296 0.091 0.086 0.067 0.354 
266 NS_SS1272    (4)    5 :  0.095 0.091 0.460 0.156 0.113 0.084 
267 NS_SS1268    (1)    5 :  0.141 0.344 0.070 0.288 0.092 0.066 
268 NS_SS1249    (0)    5 :  0.093 0.115 0.074 0.124 0.311 0.283 
269 HI_SS0559    (0)    6 :  0.156 0.266 0.064 0.169 0.161 0.184 
270 HI_SS0563    (1)    6 :  0.116 0.144 0.188 0.200 0.147 0.205 
271 HI_SS0564    (0)    6 :  0.089 0.209 0.248 0.171 0.114 0.169 
272 HI_SS0565    (0)    6 :  0.153 0.103 0.261 0.179 0.213 0.092 
273 HI_SS0569    (0)    6 :  0.086 0.112 0.131 0.331 0.285 0.055 
274 HI_SS0570    (0)    6 :  0.120 0.166 0.173 0.070 0.299 0.173 
275 HI_SS0572    (1)    6 :  0.192 0.105 0.140 0.167 0.080 0.316 
276 HI_SS0576    (0)    6 :  0.244 0.246 0.170 0.110 0.087 0.142 
277 HI_SS0579    (1)    6 :  0.066 0.097 0.068 0.378 0.186 0.205 
278 HI_SS0580    (1)    6 :  0.250 0.132 0.079 0.109 0.218 0.213 
279 HI_SS0581    (0)    6 :  0.122 0.276 0.334 0.090 0.074 0.105 
280 HI_SS0583    (1)    6 :  0.211 0.057 0.107 0.176 0.296 0.154 
281 HI_SS0586    (1)    6 :  0.217 0.136 0.102 0.085 0.395 0.065 
282 HI_SS0588    (1)    6 :  0.132 0.139 0.086 0.234 0.231 0.177 
283 HI_SS0595    (4)    6 :  0.163 0.068 0.319 0.109 0.218 0.124 
284 HI_SS0596    (0)    6 :  0.318 0.095 0.068 0.163 0.070 0.286 
285 HI_SS0597    (1)    6 :  0.220 0.081 0.252 0.188 0.105 0.154 
286 HI_SS0600    (0)    6 :  0.090 0.153 0.231 0.113 0.164 0.248 
287 HI_SS0601    (1)    6 :  0.083 0.168 0.190 0.286 0.166 0.107 
288 HI_SS0602    (1)    6 :  0.268 0.182 0.075 0.091 0.279 0.105 
289 HI_SS0604    (0)    6 :  0.103 0.238 0.088 0.260 0.162 0.149 
290 HI_SS0605    (1)    6 :  0.081 0.371 0.076 0.108 0.176 0.187 
291 HI_SS0608    (0)    6 :  0.327 0.137 0.131 0.108 0.165 0.132 
292 HI_SS0609    (0)    6 :  0.188 0.077 0.186 0.338 0.094 0.117 
293 HI_SS0611    (5)    6 :  0.173 0.270 0.074 0.087 0.283 0.114 
294 HI_SS0612    (1)    6 :  0.082 0.057 0.101 0.387 0.117 0.256 
295 HI_SS0613    (1)    6 :  0.183 0.382 0.094 0.130 0.144 0.067 
296 HI_SS0615    (0)    6 :  0.223 0.178 0.182 0.093 0.065 0.259 
297 HI_SS0001    (1)    6 :  0.130 0.111 0.207 0.103 0.173 0.276 
298 HI_SS0002    (1)    6 :  0.197 0.108 0.184 0.270 0.090 0.152 
299 HI_SS0004    (0)    6 :  0.180 0.164 0.110 0.085 0.269 0.191 
300 HI_SS0005    (1)    6 :  0.201 0.337 0.169 0.084 0.128 0.081 
301 HI_SS0006    (1)    6 :  0.085 0.103 0.201 0.239 0.238 0.134 
302 HI_SS0007    (1)    6 :  0.096 0.404 0.064 0.072 0.212 0.152 
303 HI_SS0008    (0)    6 :  0.172 0.174 0.238 0.167 0.143 0.106 
304 HI_SS0009    (0)    6 :  0.217 0.278 0.064 0.121 0.083 0.238 
305 HI_SS0010    (1)    6 :  0.235 0.170 0.152 0.155 0.201 0.087 
306 HI_SS0011    (1)    6 :  0.128 0.145 0.253 0.324 0.105 0.046 
307 HI_SS0012    (0)    6 :  0.180 0.130 0.255 0.121 0.066 0.249 
308 HI_SS0017    (1)    6 :  0.158 0.161 0.172 0.119 0.093 0.296 
309 HI_SS0021    (1)    6 :  0.249 0.086 0.185 0.114 0.299 0.066 
310 HI_SS0024    (1)    6 :  0.211 0.196 0.259 0.071 0.089 0.175 
311 HI_SS0025    (1)    6 :  0.274 0.175 0.087 0.168 0.099 0.197 
312 HI_SS0027    (0)    6 :  0.130 0.201 0.072 0.223 0.228 0.147 
313 HI_SS0028    (0)    6 :  0.329 0.174 0.296 0.085 0.065 0.051 
314 HI_SS0029    (1)    6 :  0.378 0.072 0.155 0.063 0.169 0.163 
315 HI_SS0030    (2)    6 :  0.080 0.237 0.146 0.142 0.160 0.236 
316 HI_SS0031    (0)    6 :  0.159 0.084 0.235 0.189 0.106 0.227 
317 HI_SS0034    (0)    6 :  0.074 0.147 0.089 0.224 0.272 0.194 
318 HI_SS0036    (0)    6 :  0.097 0.197 0.249 0.039 0.306 0.113 
319 HI_SS0037    (1)    6 :  0.218 0.164 0.076 0.131 0.349 0.062 
320 HI_SS0039    (0)    6 :  0.211 0.259 0.139 0.086 0.229 0.075 
321 HI_SS0041    (1)    6 :  0.170 0.345 0.158 0.072 0.089 0.166 
322 HI_SS0042    (1)    6 :  0.240 0.154 0.252 0.143 0.087 0.124 
323 HI_SS0043    (1)    6 :  0.068 0.133 0.224 0.085 0.372 0.118 
324 HI_SS0044    (1)    6 :  0.314 0.074 0.093 0.065 0.215 0.240 
325 HI_SS0047    (1)    6 :  0.123 0.234 0.145 0.182 0.096 0.220 
326 HI_SS0049    (0)    6 :  0.240 0.126 0.097 0.206 0.129 0.203 
327 HI_SS0051    (1)    6 :  0.082 0.386 0.094 0.212 0.122 0.105 
328 HI_SS0053    (1)    6 :  0.068 0.118 0.252 0.128 0.285 0.149 
329 HI_SS0054    (4)    6 :  0.061 0.192 0.113 0.275 0.286 0.073 
330 HI_SS0057    (0)    6 :  0.146 0.261 0.235 0.136 0.131 0.092 
331 HI_SS0058    (0)    6 :  0.204 0.124 0.083 0.192 0.286 0.111 
332 HI_SS0060    (0)    6 :  0.093 0.261 0.231 0.152 0.147 0.115 
333 HI_SS0087    (1)    6 :  0.094 0.118 0.244 0.209 0.192 0.143 
334 HI_SS0091    (0)    6 :  0.059 0.081 0.272 0.120 0.329 0.140 
335 HI_SS0095    (1)    6 :  0.096 0.181 0.190 0.153 0.154 0.225 
336 HI_SS0097    (3)    6 :  0.100 0.104 0.122 0.423 0.094 0.156 
337 HI_SS0099    (0)    6 :  0.455 0.092 0.097 0.113 0.150 0.093 
338 HI_SS0103    (0)    6 :  0.127 0.135 0.216 0.134 0.123 0.265 
339 HI_SS0105    (1)    6 :  0.091 0.184 0.303 0.192 0.143 0.088 
340 HI_SS0107    (1)    6 :  0.134 0.147 0.194 0.152 0.064 0.308 
341 HI_SS0108    (1)    6 :  0.066 0.122 0.116 0.130 0.407 0.158 
342 HI_SS0110    (0)    6 :  0.105 0.070 0.367 0.097 0.136 0.225 
343 HI_SS0111    (1)    6 :  0.122 0.172 0.240 0.096 0.132 0.238 
344 HI_SS0112    (0)    6 :  0.118 0.094 0.148 0.089 0.393 0.158 
345 HI_SS0113    (1)    6 :  0.274 0.128 0.237 0.152 0.092 0.118 
346 HI_SS0114    (1)    6 :  0.125 0.238 0.116 0.167 0.262 0.091 
347 HI_SS0115    (1)    6 :  0.221 0.140 0.055 0.154 0.136 0.295 
348 HI_SS0116    (4)    6 :  0.270 0.050 0.079 0.095 0.289 0.216 
349 HI_SS0117    (0)    6 :  0.087 0.060 0.285 0.256 0.207 0.106 
350 HI_SS0118    (0)    6 :  0.172 0.093 0.174 0.190 0.248 0.122 
351 HI_SS0119    (1)    6 :  0.069 0.140 0.312 0.153 0.198 0.128 
352 HI_SS0120    (1)    6 :  0.115 0.098 0.347 0.103 0.062 0.276 
353 HI_SS0121    (1)    6 :  0.177 0.132 0.396 0.172 0.078 0.045 
354 HI_SS0122    (2)    6 :  0.146 0.195 0.265 0.102 0.161 0.131 
355 HI_SS0123    (0)    6 :  0.132 0.089 0.269 0.214 0.154 0.142 
356 HI_SS0124    (1)    6 :  0.326 0.163 0.095 0.107 0.068 0.241 
357 HI_SS0125    (1)    6 :  0.260 0.170 0.195 0.108 0.065 0.203 
358 HI_SS0126    (0)    6 :  0.214 0.079 0.120 0.099 0.304 0.183 
359 HI_SS0127    (0)    6 :  0.129 0.343 0.107 0.203 0.128 0.090 
360 HI_SS0128    (0)    6 :  0.157 0.087 0.187 0.189 0.118 0.262 
361 HI_SS0129    (1)    6 :  0.105 0.214 0.166 0.091 0.243 0.181 
362 HI_SS0131    (2)    6 :  0.157 0.200 0.104 0.208 0.267 0.065 
363 HI_SS0132    (0)    6 :  0.176 0.115 0.311 0.172 0.127 0.099 
364 HI_SS0133    (1)    6 :  0.074 0.145 0.122 0.085 0.403 0.171 
365 HI_SS0134    (1)    6 :  0.146 0.141 0.164 0.217 0.175 0.157 
366 HI_SS0142    (3)    6 :  0.103 0.167 0.227 0.235 0.123 0.144 
367 HI_SS0145    (0)    6 :  0.118 0.108 0.104 0.269 0.186 0.216 
368 HI_SS0146    (1)    6 :  0.123 0.184 0.082 0.240 0.194 0.177 
369 HI_SS0147    (1)    6 :  0.127 0.380 0.132 0.187 0.092 0.083 
370 HI_SS0149    (1)    6 :  0.109 0.086 0.445 0.147 0.150 0.063 
371 HI_SS0150    (2)    6 :  0.179 0.219 0.170 0.158 0.081 0.193 
372 HI_SS0151    (0)    6 :  0.076 0.227 0.062 0.122 0.124 0.389 
373 NS_SS1451    (1)    6 :  0.240 0.234 0.165 0.097 0.065 0.198 
374 NS_SS1404    (0)    6 :  0.196 0.337 0.140 0.112 0.125 0.090 
375 NS_SS1432    (2)    6 :  0.267 0.098 0.345 0.053 0.077 0.159 
376 NS_SS1405    (4)    6 :  0.376 0.094 0.098 0.106 0.160 0.167 
377 NS_SS1431   (10)    6 :  0.213 0.107 0.351 0.121 0.078 0.129 
378 NS_SS1402    (3)    6 :  0.123 0.119 0.236 0.149 0.151 0.222 
379 NS_SS1450    (3)    6 :  0.090 0.222 0.132 0.085 0.215 0.257 
380 NS_SS1396    (0)    6 :  0.252 0.156 0.164 0.144 0.155 0.128 
381 NS_SS1393    (5)    6 :  0.195 0.157 0.120 0.110 0.174 0.244 
382 NS_SS1392   (10)    6 :  0.205 0.218 0.109 0.064 0.099 0.305 
383 NS_SS1445    (0)    6 :  0.103 0.152 0.189 0.203 0.273 0.079 
384 NS_SS1423    (0)    6 :  0.102 0.071 0.295 0.111 0.161 0.261 
385 NS_SS1421    (9)    6 :  0.103 0.156 0.262 0.144 0.162 0.172 
386 NS_SS1411    (6)    6 :  0.137 0.320 0.073 0.096 0.294 0.080 
387 NS_SS1453    (5)    6 :  0.128 0.122 0.293 0.086 0.225 0.146 
388 NS_SS1442    (2)    6 :  0.163 0.118 0.104 0.317 0.161 0.137 
389 NS_SS1422    (1)    6 :  0.078 0.096 0.131 0.273 0.084 0.339 
390 NS_SS1419    (1)    6 :  0.174 0.187 0.093 0.347 0.131 0.068 
391 NS_SS1427    (0)    6 :  0.087 0.088 0.119 0.058 0.295 0.352 
392 NS_SS1444    (3)    6 :  0.272 0.210 0.080 0.217 0.113 0.109 
393 NS_SS1455    (0)    6 :  0.298 0.058 0.138 0.257 0.076 0.173 
394 NS_SS1425    (2)    6 :  0.085 0.128 0.132 0.184 0.384 0.087 
395 NS_SS1400    (0)    6 :  0.181 0.118 0.086 0.226 0.321 0.068 
396 NS_SS1406    (1)    6 :  0.191 0.068 0.283 0.317 0.058 0.083 
397 NS_SS1417    (6)    6 :  0.126 0.151 0.186 0.208 0.209 0.120 
398 NS_SS1454    (2)    6 :  0.178 0.129 0.292 0.094 0.258 0.049 
399 NS_SS1412    (1)    6 :  0.178 0.214 0.147 0.115 0.203 0.143 
400 NS_SS1438    (1)    6 :  0.065 0.201 0.101 0.210 0.316 0.106 
401 NS_SS1416    (4)    6 :  0.217 0.148 0.209 0.152 0.174 0.099 
402 NS_SS1401    (0)    6 :  0.161 0.094 0.273 0.152 0.176 0.143 
403 NS_SS1424    (6)    6 :  0.084 0.191 0.288 0.121 0.172 0.144 
404 NS_SS1435    (9)    6 :  0.242 0.174 0.172 0.073 0.143 0.196 
405 NS_SS1447    (4)    6 :  0.153 0.281 0.141 0.236 0.107 0.082 
406 NS_SS1414    (3)    6 :  0.272 0.233 0.101 0.209 0.118 0.066 
407 NS_SS1449   (14)    6 :  0.072 0.153 0.241 0.095 0.086 0.353 
408 NS_SS1443    (4)    6 :  0.068 0.077 0.106 0.207 0.216 0.327 
409 NS_SS1434    (1)    6 :  0.157 0.082 0.088 0.132 0.126 0.414 
410 NS_SS1398    (1)    6 :  0.309 0.133 0.162 0.111 0.128 0.157 
411 NS_SS1426    (1)    6 :  0.080 0.133 0.146 0.114 0.346 0.180 
412 NS_SS1413    (0)    6 :  0.146 0.105 0.124 0.181 0.267 0.177 
413 NS_SS1395    (1)    6 :  0.080 0.103 0.213 0.143 0.237 0.224 
414 NS_SS1448   (10)    6 :  0.146 0.348 0.125 0.078 0.196 0.106 
415 NS_SS1446    (0)    6 :  0.070 0.173 0.202 0.128 0.215 0.213 
416 NS_SS1403    (2)    6 :  0.194 0.096 0.352 0.090 0.117 0.151 
417 NS_SS1415    (0)    6 :  0.160 0.167 0.110 0.144 0.267 0.153 
418 NS_SS1437    (4)    6 :  0.187 0.141 0.318 0.131 0.138 0.085 
419 NS_SS1439    (2)    6 :  0.127 0.142 0.135 0.260 0.148 0.188 
420 NS_SS1441    (3)    6 :  0.208 0.066 0.114 0.189 0.218 0.205 
421 NS_SS1420    (2)    6 :  0.151 0.499 0.053 0.077 0.070 0.150 
422 NS_SS1394    (2)    6 :  0.299 0.239 0.178 0.100 0.106 0.079 
423 NS_SS1391    (7)    6 :  0.180 0.083 0.134 0.083 0.227 0.293 
424 NS_SS1410    (5)    6 :  0.181 0.095 0.206 0.143 0.207 0.169 
425 NS_SS1408    (1)    6 :  0.088 0.209 0.287 0.171 0.108 0.137 
426 NS_SS1409    (1)    6 :  0.195 0.074 0.122 0.139 0.185 0.285 
427 HI_SS0617    (1)    7 :  0.126 0.166 0.106 0.088 0.188 0.326 
428 HI_SS0618    (2)    7 :  0.287 0.154 0.112 0.150 0.108 0.189 
429 HI_SS0619    (0)    7 :  0.360 0.116 0.107 0.096 0.173 0.149 
430 HI_SS0620    (1)    7 :  0.057 0.314 0.048 0.074 0.273 0.232 
431 HI_SS0621    (3)    7 :  0.169 0.172 0.176 0.174 0.104 0.205 
432 HI_SS0622    (1)    7 :  0.155 0.209 0.120 0.265 0.138 0.113 
433 HI_SS0626    (0)    7 :  0.174 0.327 0.182 0.089 0.156 0.072 
434 HI_SS0627    (0)    7 :  0.157 0.119 0.366 0.109 0.102 0.148 
435 HI_SS0628    (3)    7 :  0.172 0.126 0.237 0.082 0.281 0.102 
436 HI_SS0629    (1)    7 :  0.197 0.115 0.205 0.175 0.189 0.119 
437 HI_SS0630    (1)    7 :  0.175 0.230 0.082 0.127 0.205 0.181 
438 HI_SS0631    (0)    7 :  0.139 0.232 0.122 0.112 0.205 0.190 
439 HI_SS0632    (0)    7 :  0.121 0.258 0.146 0.231 0.162 0.082 
440 HI_SS0633    (0)    7 :  0.352 0.066 0.067 0.129 0.129 0.256 
441 HI_SS0634    (1)    7 :  0.112 0.264 0.264 0.094 0.151 0.115 
442 HI_SS0635    (0)    7 :  0.281 0.173 0.151 0.191 0.104 0.100 
443 HI_SS0637    (1)    7 :  0.066 0.298 0.170 0.230 0.153 0.083 
444 HI_SS0638    (0)    7 :  0.168 0.178 0.159 0.140 0.174 0.181 
445 HI_SS0639    (1)    7 :  0.182 0.260 0.149 0.165 0.084 0.162 
446 HI_SS0640    (1)    7 :  0.131 0.140 0.101 0.327 0.139 0.162 
447 HI_SS0641    (1)    7 :  0.247 0.233 0.080 0.098 0.277 0.066 
448 HI_SS0642    (0)    7 :  0.130 0.115 0.445 0.097 0.071 0.142 
449 HI_SS0645    (0)    7 :  0.378 0.259 0.070 0.135 0.068 0.091 
450 HI_SS0646    (1)    7 :  0.101 0.103 0.164 0.170 0.115 0.347 
451 HI_SS0647    (1)    7 :  0.170 0.150 0.244 0.141 0.133 0.161 
452 HI_SS0648    (0)    7 :  0.180 0.168 0.141 0.204 0.155 0.153 
453 HI_SS0649    (1)    7 :  0.242 0.099 0.121 0.187 0.162 0.189 
454 HI_SS0650    (1)    7 :  0.151 0.138 0.160 0.096 0.084 0.371 
455 HI_SS0651    (1)    7 :  0.227 0.141 0.117 0.166 0.146 0.203 
456 HI_SS0652    (1)    7 :  0.172 0.441 0.084 0.097 0.086 0.121 
457 NS_SS1371    (3)    7 :  0.146 0.076 0.232 0.113 0.154 0.279 
458 NS_SS1374    (0)    7 :  0.100 0.222 0.260 0.063 0.259 0.097 
459 NS_SS1337    (3)    7 :  0.078 0.370 0.262 0.092 0.069 0.128 
460 NS_SS1385    (5)    7 :  0.174 0.124 0.145 0.203 0.117 0.237 
461 NS_SS1388    (0)    7 :  0.415 0.072 0.126 0.093 0.209 0.085 
462 NS_SS1370    (1)    7 :  0.090 0.533 0.106 0.095 0.066 0.110 
463 NS_SS1389    (3)    7 :  0.438 0.124 0.140 0.083 0.145 0.070 
464 NS_SS1360    (1)    7 :  0.164 0.203 0.119 0.195 0.228 0.091 
465 NS_SS1330    (0)    7 :  0.196 0.226 0.113 0.203 0.085 0.178 
466 NS_SS1328    (8)    7 :  0.083 0.086 0.173 0.120 0.230 0.306 
467 NS_SS1384    (1)    7 :  0.073 0.179 0.196 0.240 0.159 0.152 
468 NS_SS1381    (0)    7 :  0.171 0.122 0.108 0.159 0.064 0.376 
469 NS_SS1375    (1)    7 :  0.331 0.135 0.141 0.058 0.113 0.221 
470 NS_SS1319   (10)    7 :  0.161 0.166 0.242 0.098 0.136 0.197 
471 NS_SS1326    (2)    7 :  0.222 0.079 0.105 0.082 0.337 0.174 
472 NS_SS1341    (1)    7 :  0.074 0.107 0.306 0.173 0.241 0.099 
473 NS_SS1383    (1)    7 :  0.071 0.191 0.370 0.108 0.122 0.138 
474 NS_SS1318    (3)    7 :  0.177 0.256 0.088 0.167 0.130 0.182 
475 NS_SS1348    (2)    7 :  0.059 0.165 0.158 0.186 0.286 0.145 
476 NS_SS1363    (0)    7 :  0.179 0.234 0.166 0.196 0.114 0.111 
477 NS_SS1335    (4)    7 :  0.124 0.153 0.167 0.274 0.199 0.082 
478 NS_SS1358    (0)    7 :  0.039 0.150 0.222 0.254 0.155 0.180 
479 NS_SS1342    (1)    7 :  0.099 0.068 0.305 0.198 0.185 0.145 
480 NS_SS1320    (2)    7 :  0.305 0.067 0.103 0.210 0.041 0.273 
481 NS_SS1355    (1)    7 :  0.117 0.150 0.112 0.352 0.093 0.176 
482 NS_SS1345    (1)    7 :  0.072 0.135 0.081 0.527 0.064 0.121 
483 NS_SS1324    (0)    7 :  0.178 0.120 0.143 0.159 0.229 0.171 
484 NS_SS1347    (5)    7 :  0.164 0.136 0.176 0.164 0.114 0.246 
485 NS_SS1321    (4)    7 :  0.110 0.187 0.302 0.066 0.224 0.111 
486 NS_SS1333    (0)    7 :  0.196 0.094 0.299 0.047 0.238 0.126 
487 NS_SS1364    (1)    7 :  0.095 0.100 0.136 0.356 0.251 0.060 
488 NS_SS1379    (0)    7 :  0.167 0.148 0.140 0.176 0.140 0.228 
489 NS_SS1332    (0)    7 :  0.263 0.069 0.154 0.103 0.344 0.067 
490 NS_SS1338    (5)    7 :  0.123 0.260 0.138 0.098 0.247 0.134 
491 NS_SS1368    (6)    7 :  0.152 0.070 0.193 0.266 0.258 0.061 
492 NS_SS1354    (1)    7 :  0.195 0.132 0.189 0.230 0.147 0.107 
493 NS_SS1365    (0)    7 :  0.194 0.218 0.170 0.189 0.097 0.132 
494 NS_SS1380    (1)    7 :  0.215 0.198 0.147 0.270 0.090 0.081 
495 NS_SS1329    (8)    7 :  0.110 0.060 0.330 0.201 0.211 0.087 
496 NS_SS1362    (0)    7 :  0.094 0.111 0.220 0.187 0.153 0.235 
497 NS_SS1327    (2)    7 :  0.080 0.111 0.120 0.060 0.476 0.153 
498 NS_SS1350    (0)    7 :  0.108 0.113 0.121 0.060 0.152 0.446 
499 NS_SS1387    (2)    7 :  0.324 0.206 0.101 0.142 0.138 0.088 
500 NS_SS1369    (8)    7 :  0.083 0.210 0.119 0.260 0.224 0.103 
501 NS_SS1331    (1)    7 :  0.286 0.166 0.209 0.078 0.191 0.072 
502 NS_SS1357    (4)    7 :  0.100 0.062 0.147 0.101 0.144 0.446 
503 NS_SS1386    (1)    7 :  0.068 0.066 0.285 0.147 0.366 0.068 
504 NS_SS1353    (2)    7 :  0.237 0.096 0.208 0.115 0.141 0.203 
505 NS_SS1323    (0)    7 :  0.161 0.128 0.259 0.242 0.071 0.140 
506 HI_SS0296    (0)    8 :  0.131 0.256 0.075 0.141 0.207 0.190 
507 HI_SS0297    (0)    8 :  0.075 0.103 0.365 0.080 0.079 0.298 
508 HI_SS0299    (0)    8 :  0.059 0.245 0.154 0.222 0.157 0.163 
509 HI_SS0300    (0)    8 :  0.091 0.255 0.083 0.293 0.158 0.121 
510 HI_SS0301    (0)    8 :  0.110 0.332 0.204 0.176 0.139 0.040 
511 HI_SS0302    (0)    8 :  0.117 0.309 0.078 0.173 0.222 0.101 
512 HI_SS0303    (0)    8 :  0.230 0.081 0.096 0.135 0.312 0.145 
513 HI_SS0304    (0)    8 :  0.297 0.185 0.170 0.070 0.184 0.093 
514 HI_SS0306    (5)    8 :  0.081 0.300 0.107 0.116 0.277 0.119 
515 HI_SS0307    (1)    8 :  0.245 0.172 0.155 0.222 0.088 0.118 
516 HI_SS0308    (1)    8 :  0.232 0.110 0.179 0.227 0.112 0.141 
517 HI_SS0309    (0)    8 :  0.101 0.218 0.119 0.297 0.086 0.179 
518 HI_SS0310    (0)    8 :  0.286 0.119 0.106 0.184 0.176 0.127 
519 HI_SS0311    (3)    8 :  0.112 0.292 0.167 0.191 0.148 0.090 
520 HI_SS0314    (0)    8 :  0.352 0.064 0.143 0.108 0.166 0.167 
521 HI_SS0316    (1)    8 :  0.225 0.103 0.150 0.181 0.234 0.106 
522 HI_SS0317    (3)    8 :  0.116 0.224 0.279 0.113 0.123 0.145 
523 HI_SS0318    (1)    8 :  0.093 0.142 0.261 0.110 0.290 0.104 
524 HI_SS0319    (0)    8 :  0.094 0.060 0.080 0.235 0.346 0.186 
525 HI_SS0320    (3)    8 :  0.322 0.089 0.366 0.055 0.094 0.074 
526 HI_SS0321    (0)    8 :  0.088 0.125 0.262 0.084 0.170 0.271 
527 HI_SS0323    (1)    8 :  0.118 0.255 0.094 0.102 0.260 0.171 
528 HI_SS0325    (2)    8 :  0.088 0.325 0.108 0.141 0.242 0.096 
529 HI_SS0327    (1)    8 :  0.057 0.049 0.126 0.179 0.144 0.445 
530 HI_SS0329    (1)    8 :  0.244 0.199 0.218 0.124 0.139 0.075 
531 HI_SS0333    (1)    8 :  0.264 0.111 0.141 0.164 0.175 0.145 
532 HI_SS0334    (1)    8 :  0.071 0.166 0.175 0.202 0.253 0.133 
533 HI_SS0335    (1)    8 :  0.078 0.176 0.158 0.311 0.078 0.198 
534 HI_SS0339    (0)    8 :  0.182 0.179 0.109 0.326 0.115 0.090 
535 HI_SS0343    (2)    8 :  0.100 0.098 0.219 0.293 0.077 0.213 
536 HI_SS0344    (1)    8 :  0.066 0.121 0.136 0.099 0.412 0.166 
537 HI_SS0345    (3)    8 :  0.143 0.210 0.204 0.213 0.173 0.057 
538 HI_SS0346    (0)    8 :  0.098 0.196 0.345 0.078 0.189 0.095 
539 HI_SS0350    (1)    8 :  0.275 0.116 0.056 0.387 0.053 0.113 
540 HI_SS0351    (0)    8 :  0.074 0.124 0.205 0.353 0.129 0.116 
541 HI_SS0352    (3)    8 :  0.161 0.137 0.225 0.236 0.104 0.135 
542 HI_SS0362    (0)    8 :  0.253 0.323 0.089 0.114 0.135 0.084 
543 HI_SS0363    (1)    8 :  0.103 0.092 0.088 0.176 0.208 0.334 
544 HI_SS0365    (0)    8 :  0.203 0.074 0.098 0.174 0.223 0.227 
545 HI_SS0366    (0)    8 :  0.071 0.183 0.088 0.122 0.313 0.224 
546 HI_SS0367    (1)    8 :  0.332 0.108 0.170 0.187 0.090 0.113 
547 HI_SS0369    (1)    8 :  0.232 0.194 0.135 0.216 0.096 0.127 
548 HI_SS0370    (0)    8 :  0.078 0.083 0.188 0.119 0.108 0.424 
549 HI_SS0371    (4)    8 :  0.157 0.152 0.131 0.153 0.310 0.096 
550 HI_SS0373    (3)    8 :  0.334 0.126 0.082 0.155 0.164 0.140 
551 HI_SS0374    (0)    8 :  0.291 0.129 0.170 0.166 0.125 0.120 
552 HI_SS0377    (0)    8 :  0.073 0.186 0.152 0.346 0.177 0.065 
553 HI_SS0379    (1)    8 :  0.079 0.078 0.197 0.113 0.458 0.075 
554 HI_SS0380    (1)    8 :  0.189 0.155 0.164 0.231 0.123 0.138 
555 HI_SS0381    (2)    8 :  0.138 0.201 0.205 0.257 0.085 0.115 
556 HI_SS0384    (3)    8 :  0.130 0.137 0.211 0.062 0.194 0.266 
557 HI_SS0385    (1)    8 :  0.342 0.106 0.136 0.087 0.275 0.055 


Estimated Allele Frequencies in each cluster
First column gives estimated ancestral frequencies


Locus 1 : 
2 alleles
3.4% missing data
   1   (0.734) 0.755 0.665 0.813 0.720 0.717 0.760 
   2   (0.266) 0.245 0.335 0.187 0.280 0.283 0.240 

Locus 2 : 
2 alleles
4.3% missing data
   1   (0.881) 0.861 0.906 0.846 0.905 0.918 0.900 
   2   (0.119) 0.139 0.094 0.154 0.095 0.082 0.100 

Locus 3 : 
2 alleles
3.9% missing data
   1   (0.857) 0.860 0.867 0.869 0.893 0.863 0.850 
   2   (0.143) 0.140 0.133 0.131 0.107 0.137 0.150 

Locus 4 : 
2 alleles
2.7% missing data
   1   (0.885) 0.879 0.905 0.817 0.914 0.908 0.931 
