

----------------------------------------------------
STRUCTURE by Pritchard, Stephens and Donnelly (2000)
     and Falush, Stephens and Pritchard (2003)
       Code by Pritchard, Falush and Hubisz
             Version 2.3.4 (Jul 2012)
----------------------------------------------------



Command line arguments:   /home/genobiwan/Documents/Programs/Structure/structure -m parameter_job_k5_r4 
Input File:    /media/genobiwan/Storage/Projets/Mackerel_NWA_2021/data_job_k5_r4

Run parameters:
   557 individuals
   3930 loci
   5 populations assumed
   100000 Burn-in period
   200000 Reps


--------------------------------------------
Proportion of membership of each pre-defined
 population in each of the 5 clusters

Given    Inferred Clusters                     Number of
 Pop       1      2      3      4      5      Individuals

  1:     0.202  0.192  0.218  0.180  0.208       67
  2:     0.214  0.250  0.182  0.174  0.180       32
  3:     0.216  0.186  0.223  0.186  0.188       92
  4:     0.185  0.189  0.178  0.222  0.226       36
  5:     0.190  0.189  0.220  0.214  0.188       41
  6:     0.196  0.198  0.189  0.209  0.208      158
  7:     0.202  0.203  0.190  0.199  0.206       79
  8:     0.202  0.176  0.214  0.212  0.196       52
--------------------------------------------

Allele-freq. divergence among pops (Net nucleotide distance),
computed using point estimates of P.

      1       2       3       4       5      
 1      -    0.0036  0.0027  0.0038  0.0029  
 2   0.0036     -    0.0033  0.0042  0.0033  
 3   0.0027  0.0033     -    0.0036  0.0025  
 4   0.0038  0.0042  0.0036     -    0.0033  
 5   0.0029  0.0033  0.0025  0.0033     -    

Average distances (expected heterozygosity) between individuals in same cluster:
cluster  1  : 0.3112 
cluster  2  : 0.3128 
cluster  3  : 0.3119 
cluster  4  : 0.3111 
cluster  5  : 0.3127 

--------------------------------------------
Estimated Ln Prob of Data   = -2070548.8
Mean value of ln likelihood = -2061929.1
Variance of ln likelihood   = 17239.3
Mean value of alpha         = 1.7630

Mean value of Fst_1         = 0.0334
Mean value of Fst_2         = 0.0376
Mean value of Fst_3         = 0.0321
Mean value of Fst_4         = 0.0376
Mean value of Fst_5         = 0.0303


Inferred ancestry of individuals:
        Label (%Miss) Pop:  Inferred clusters
  1 NS_SS0963    (4)    1 :  0.165 0.140 0.290 0.111 0.295 
  2 NS_SS0983    (1)    1 :  0.160 0.090 0.228 0.353 0.168 
  3 NS_SS0719    (8)    1 :  0.236 0.159 0.139 0.184 0.281 
  4 NS_SS1001    (8)    1 :  0.254 0.344 0.207 0.116 0.078 
  5 NS_SS0936    (4)    1 :  0.084 0.276 0.276 0.115 0.249 
  6 NS_SS0955    (5)    1 :  0.200 0.090 0.281 0.240 0.188 
  7 NS_SS0944    (3)    1 :  0.168 0.179 0.334 0.206 0.114 
  8 NS_SS0945    (3)    1 :  0.138 0.309 0.190 0.223 0.140 
  9 NS_SS0922    (2)    1 :  0.201 0.347 0.134 0.112 0.207 
 10 NS_SS0929    (7)    1 :  0.148 0.115 0.256 0.258 0.223 
 11 NS_SS0956    (2)    1 :  0.427 0.227 0.139 0.102 0.106 
 12 NS_SS0906    (3)    1 :  0.143 0.120 0.345 0.210 0.181 
 13 NS_SS0721    (6)    1 :  0.428 0.119 0.124 0.139 0.189 
 14 NS_SS0982    (4)    1 :  0.219 0.147 0.239 0.117 0.278 
 15 NS_SS0923    (5)    1 :  0.197 0.235 0.226 0.145 0.197 
 16 NS_SS0905    (6)    1 :  0.229 0.178 0.267 0.186 0.140 
 17 NS_SS0925    (3)    1 :  0.209 0.195 0.357 0.091 0.148 
 18 NS_SS0947    (5)    1 :  0.125 0.260 0.286 0.140 0.190 
 19 NS_SS0926    (2)    1 :  0.132 0.073 0.143 0.313 0.338 
 20 NS_SS0918    (6)    1 :  0.220 0.136 0.401 0.085 0.159 
 21 NS_SS0966    (4)    1 :  0.147 0.169 0.328 0.126 0.230 
 22 NS_SS0938    (2)    1 :  0.111 0.271 0.119 0.108 0.391 
 23 NS_SS0917    (2)    1 :  0.151 0.185 0.082 0.297 0.285 
 24 NS_SS0957   (11)    1 :  0.364 0.147 0.150 0.161 0.178 
 25 NS_SS0987    (1)    1 :  0.458 0.096 0.172 0.141 0.133 
 26 NS_SS0717    (4)    1 :  0.259 0.326 0.220 0.105 0.090 
 27 NS_SS0986    (2)    1 :  0.287 0.110 0.192 0.201 0.210 
 28 NS_SS0953    (4)    1 :  0.173 0.262 0.374 0.108 0.083 
 29 NS_SS0907    (3)    1 :  0.114 0.113 0.425 0.175 0.172 
 30 NS_SS0974    (6)    1 :  0.093 0.249 0.289 0.202 0.166 
 31 NS_SS0989    (1)    1 :  0.103 0.150 0.087 0.372 0.289 
 32 NS_SS0991    (2)    1 :  0.304 0.064 0.346 0.195 0.092 
 33 NS_SS0994    (2)    1 :  0.087 0.199 0.116 0.489 0.110 
 34 NS_SS0931    (6)    1 :  0.225 0.078 0.207 0.272 0.217 
 35 NS_SS1000    (5)    1 :  0.122 0.339 0.239 0.115 0.186 
 36 NS_SS0919    (1)    1 :  0.101 0.079 0.244 0.179 0.397 
 37 NS_SS0949    (3)    1 :  0.183 0.159 0.121 0.291 0.246 
 38 NS_SS0960   (10)    1 :  0.236 0.101 0.237 0.245 0.181 
 39 NS_SS0716    (2)    1 :  0.384 0.310 0.070 0.105 0.131 
 40 NS_SS0924    (8)    1 :  0.199 0.101 0.270 0.214 0.216 
 41 NS_SS0935    (1)    1 :  0.277 0.115 0.205 0.310 0.093 
 42 NS_SS0952   (13)    1 :  0.125 0.106 0.293 0.269 0.207 
 43 NS_SS0962   (10)    1 :  0.190 0.217 0.125 0.095 0.373 
 44 NS_SS0973    (5)    1 :  0.152 0.158 0.385 0.158 0.146 
 45 NS_SS0722    (1)    1 :  0.097 0.471 0.268 0.090 0.073 
 46 NS_SS0979   (13)    1 :  0.300 0.154 0.216 0.106 0.224 
 47 NS_SS0993    (2)    1 :  0.186 0.237 0.321 0.081 0.175 
 48 NS_SS0958    (1)    1 :  0.171 0.190 0.176 0.301 0.163 
 49 NS_SS0988    (4)    1 :  0.148 0.088 0.211 0.171 0.382 
 50 NS_SS1003    (2)    1 :  0.279 0.070 0.136 0.060 0.456 
 51 NS_SS0976    (0)    1 :  0.147 0.093 0.243 0.259 0.258 
 52 NS_SS0964   (10)    1 :  0.261 0.400 0.145 0.103 0.091 
 53 NS_SS0939    (4)    1 :  0.356 0.351 0.056 0.086 0.151 
 54 NS_SS0990    (6)    1 :  0.190 0.214 0.078 0.235 0.284 
 55 NS_SS0984    (2)    1 :  0.164 0.378 0.158 0.094 0.206 
 56 NS_SS0980    (9)    1 :  0.090 0.324 0.338 0.121 0.128 
 57 NS_SS0978    (4)    1 :  0.112 0.309 0.207 0.146 0.226 
 58 NS_SS0951   (17)    1 :  0.354 0.088 0.264 0.200 0.095 
 59 NS_SS0913    (3)    1 :  0.327 0.249 0.168 0.136 0.121 
 60 NS_SS1002    (1)    1 :  0.071 0.119 0.216 0.081 0.513 
 61 NS_SS0948    (1)    1 :  0.192 0.109 0.292 0.182 0.225 
 62 NS_SS0916    (4)    1 :  0.150 0.246 0.116 0.246 0.242 
 63 NS_SS0995    (1)    1 :  0.218 0.262 0.153 0.157 0.210 
 64 NS_SS0927    (6)    1 :  0.110 0.229 0.121 0.289 0.251 
 65 NS_SS0992    (5)    1 :  0.079 0.283 0.148 0.242 0.248 
 66 NS_SS0912    (1)    1 :  0.348 0.090 0.169 0.187 0.206 
 67 NS_SS0981    (1)    1 :  0.252 0.097 0.252 0.100 0.299 
 68 NS_SS0729    (5)    2 :  0.062 0.151 0.266 0.402 0.119 
 69 NS_SS0967   (14)    2 :  0.118 0.145 0.288 0.101 0.348 
 70 NS_SS0941    (7)    2 :  0.185 0.331 0.130 0.153 0.200 
 71 NS_SS0768   (12)    2 :  0.306 0.155 0.224 0.135 0.180 
 72 NS_SS0726    (4)    2 :  0.076 0.214 0.163 0.281 0.265 
 73 NS_SS0763    (4)    2 :  0.134 0.203 0.195 0.305 0.163 
 74 NS_SS0730    (6)    2 :  0.214 0.255 0.143 0.118 0.270 
 75 NS_SS0774    (1)    2 :  0.108 0.400 0.216 0.099 0.177 
 76 NS_SS0723    (3)    2 :  0.169 0.236 0.242 0.072 0.281 
 77 NS_SS0940    (9)    2 :  0.209 0.245 0.100 0.240 0.205 
 78 NS_SS0762    (1)    2 :  0.185 0.448 0.199 0.075 0.092 
 79 NS_SS0766   (11)    2 :  0.240 0.353 0.086 0.212 0.108 
 80 NS_SS0724    (1)    2 :  0.291 0.189 0.298 0.108 0.113 
 81 NS_SS0769    (3)    2 :  0.193 0.182 0.160 0.162 0.302 
 82 NS_SS0777    (2)    2 :  0.229 0.103 0.223 0.235 0.210 
 83 NS_SS0734    (6)    2 :  0.306 0.212 0.129 0.211 0.143 
 84 NS_SS0737    (3)    2 :  0.141 0.527 0.113 0.093 0.126 
 85 NS_SS0732    (5)    2 :  0.421 0.129 0.224 0.101 0.124 
 86 NS_SS0728    (5)    2 :  0.225 0.314 0.155 0.175 0.132 
 87 NS_SS0735    (9)    2 :  0.235 0.348 0.221 0.122 0.073 
 88 NS_SS0725    (1)    2 :  0.182 0.386 0.129 0.116 0.187 
 89 NS_SS0788    (2)    2 :  0.155 0.142 0.135 0.138 0.430 
 90 NS_SS0778    (2)    2 :  0.202 0.107 0.145 0.209 0.337 
 91 NS_SS0792    (6)    2 :  0.300 0.137 0.205 0.239 0.119 
 92 NS_SS0943   (11)    2 :  0.193 0.089 0.340 0.278 0.101 
 93 NS_SS0791    (2)    2 :  0.283 0.216 0.101 0.280 0.120 
 94 NS_SS0790    (5)    2 :  0.349 0.211 0.281 0.050 0.109 
 95 NS_SS0731    (6)    2 :  0.410 0.199 0.150 0.105 0.135 
 96 NS_SS0727    (6)    2 :  0.090 0.391 0.123 0.329 0.068 
 97 NS_SS0779   (12)    2 :  0.233 0.186 0.212 0.155 0.214 
 98 NS_SS0776    (3)    2 :  0.177 0.345 0.125 0.174 0.179 
 99 NS_SS0775    (5)    2 :  0.220 0.436 0.118 0.107 0.120 
100 NS_SS0965    (3)    3 :  0.317 0.103 0.251 0.121 0.207 
101 NS_SS0754   (13)    3 :  0.295 0.118 0.146 0.298 0.143 
102 NS_SS0838    (5)    3 :  0.147 0.221 0.222 0.199 0.211 
103 NS_SS0839    (3)    3 :  0.217 0.321 0.162 0.094 0.207 
104 NS_SS0832    (4)    3 :  0.245 0.174 0.353 0.061 0.168 
105 NS_SS0820    (4)    3 :  0.276 0.151 0.192 0.069 0.313 
106 NS_SS0886    (9)    3 :  0.255 0.147 0.138 0.266 0.194 
107 NS_SS0748    (5)    3 :  0.183 0.104 0.313 0.206 0.193 
108 NS_SS0884    (9)    3 :  0.178 0.210 0.233 0.200 0.179 
109 NS_SS0752    (3)    3 :  0.138 0.321 0.206 0.155 0.180 
110 NS_SS0862    (1)    3 :  0.427 0.129 0.247 0.084 0.114 
111 NS_SS0787    (9)    3 :  0.144 0.099 0.146 0.465 0.145 
112 NS_SS0843    (6)    3 :  0.214 0.206 0.263 0.164 0.153 
113 NS_SS0856    (4)    3 :  0.139 0.346 0.075 0.190 0.250 
114 NS_SS0846    (2)    3 :  0.070 0.173 0.328 0.183 0.246 
115 NS_SS0825    (1)    3 :  0.225 0.095 0.158 0.160 0.363 
116 NS_SS0757    (3)    3 :  0.282 0.126 0.250 0.208 0.134 
117 NS_SS0876    (3)    3 :  0.198 0.286 0.228 0.153 0.135 
118 NS_SS0903    (9)    3 :  0.090 0.291 0.343 0.087 0.188 
119 NS_SS0875    (7)    3 :  0.248 0.211 0.141 0.150 0.249 
120 NS_SS0740    (5)    3 :  0.196 0.236 0.273 0.163 0.131 
121 NS_SS0811    (5)    3 :  0.454 0.169 0.187 0.095 0.094 
122 NS_SS0751    (1)    3 :  0.168 0.276 0.102 0.137 0.316 
123 NS_SS0891    (6)    3 :  0.179 0.283 0.144 0.168 0.226 
124 NS_SS0867    (2)    3 :  0.183 0.065 0.391 0.180 0.182 
125 NS_SS0890    (6)    3 :  0.176 0.189 0.248 0.178 0.209 
126 NS_SS0866   (11)    3 :  0.130 0.148 0.111 0.474 0.137 
127 NS_SS0755    (4)    3 :  0.244 0.151 0.265 0.157 0.183 
128 NS_SS0758    (4)    3 :  0.149 0.276 0.227 0.190 0.159 
129 NS_SS0840    (2)    3 :  0.196 0.194 0.278 0.069 0.264 
130 NS_SS0889    (4)    3 :  0.271 0.103 0.165 0.343 0.119 
131 NS_SS1010    (1)    3 :  0.147 0.142 0.203 0.147 0.362 
132 NS_SS0888    (5)    3 :  0.160 0.213 0.112 0.438 0.077 
133 NS_SS0837    (3)    3 :  0.335 0.120 0.319 0.092 0.134 
134 NS_SS0794    (9)    3 :  0.163 0.266 0.133 0.355 0.081 
135 NS_SS0823    (4)    3 :  0.112 0.271 0.378 0.091 0.149 
136 NS_SS0829    (7)    3 :  0.243 0.063 0.262 0.343 0.089 
137 NS_SS0844    (5)    3 :  0.121 0.092 0.586 0.067 0.134 
138 NS_SS1008    (5)    3 :  0.156 0.310 0.145 0.301 0.088 
139 NS_SS0881    (3)    3 :  0.172 0.135 0.112 0.201 0.380 
140 NS_SS0834    (6)    3 :  0.121 0.420 0.152 0.103 0.204 
141 NS_SS0744   (10)    3 :  0.193 0.147 0.224 0.193 0.243 
142 NS_SS0899    (7)    3 :  0.399 0.173 0.255 0.077 0.096 
143 NS_SS0804    (4)    3 :  0.287 0.179 0.270 0.060 0.203 
144 NS_SS0781   (10)    3 :  0.153 0.193 0.265 0.078 0.312 
145 NS_SS0822    (6)    3 :  0.158 0.262 0.297 0.198 0.086 
146 NS_SS1004    (4)    3 :  0.188 0.150 0.343 0.132 0.187 
147 NS_SS0746    (5)    3 :  0.105 0.163 0.393 0.174 0.165 
148 NS_SS0880    (3)    3 :  0.166 0.219 0.301 0.112 0.202 
149 NS_SS0879    (4)    3 :  0.202 0.297 0.221 0.145 0.136 
150 NS_SS0753    (2)    3 :  0.271 0.092 0.280 0.253 0.105 
151 NS_SS1007    (2)    3 :  0.093 0.356 0.086 0.161 0.305 
152 NS_SS0872    (5)    3 :  0.171 0.244 0.217 0.127 0.242 
153 NS_SS1005    (7)    3 :  0.115 0.198 0.358 0.101 0.227 
154 NS_SS0892    (6)    3 :  0.220 0.213 0.191 0.188 0.188 
155 NS_SS0898    (0)    3 :  0.242 0.150 0.200 0.239 0.169 
156 NS_SS0801    (9)    3 :  0.290 0.126 0.288 0.154 0.142 
157 NS_SS0827    (8)    3 :  0.361 0.090 0.138 0.196 0.214 
158 NS_SS0853    (6)    3 :  0.397 0.114 0.159 0.230 0.100 
159 NS_SS0780    (2)    3 :  0.255 0.205 0.160 0.108 0.273 
160 NS_SS0826   (10)    3 :  0.118 0.071 0.296 0.127 0.388 
161 NS_SS0818    (5)    3 :  0.235 0.272 0.164 0.071 0.259 
162 NS_SS0745    (1)    3 :  0.311 0.440 0.053 0.070 0.125 
163 NS_SS0849    (3)    3 :  0.470 0.081 0.168 0.094 0.187 
164 NS_SS0739    (3)    3 :  0.256 0.184 0.082 0.165 0.313 
165 NS_SS0799    (1)    3 :  0.195 0.239 0.208 0.279 0.079 
166 NS_SS0756    (2)    3 :  0.191 0.117 0.344 0.079 0.269 
167 NS_SS0802    (2)    3 :  0.091 0.188 0.147 0.220 0.354 
168 NS_SS0747    (6)    3 :  0.136 0.155 0.302 0.156 0.251 
169 NS_SS0835    (1)    3 :  0.094 0.131 0.135 0.407 0.233 
170 NS_SS0742   (18)    3 :  0.196 0.167 0.247 0.126 0.265 
171 NS_SS0760    (9)    3 :  0.137 0.153 0.178 0.380 0.152 
172 NS_SS0803    (4)    3 :  0.104 0.199 0.535 0.087 0.075 
173 NS_SS0828   (13)    3 :  0.351 0.155 0.185 0.173 0.136 
174 NS_SS0865    (2)    3 :  0.263 0.080 0.194 0.167 0.296 
175 NS_SS0759    (4)    3 :  0.254 0.295 0.196 0.084 0.170 
176 NS_SS0851    (5)    3 :  0.528 0.142 0.116 0.089 0.125 
177 NS_SS0874   (16)    3 :  0.126 0.190 0.467 0.099 0.118 
178 NS_SS0761    (6)    3 :  0.229 0.070 0.222 0.334 0.145 
179 NS_SS0842   (25)    3 :  0.182 0.204 0.207 0.244 0.162 
180 NS_SS0785    (6)    3 :  0.168 0.153 0.283 0.248 0.148 
181 NS_SS0860   (11)    3 :  0.100 0.118 0.185 0.408 0.189 
182 NS_SS0897    (7)    3 :  0.209 0.126 0.115 0.456 0.093 
183 NS_SS0841   (14)    3 :  0.352 0.247 0.200 0.080 0.122 
184 NS_SS0797    (6)    3 :  0.304 0.080 0.188 0.235 0.193 
185 NS_SS0830   (10)    3 :  0.266 0.134 0.187 0.170 0.243 
186 NS_SS1011    (5)    3 :  0.175 0.132 0.252 0.083 0.357 
187 NS_SS0883    (5)    3 :  0.327 0.109 0.197 0.231 0.136 
188 NS_SS0782    (2)    3 :  0.125 0.355 0.166 0.252 0.102 
189 NS_SS0831    (5)    3 :  0.330 0.082 0.150 0.348 0.091 
190 NS_SS0749    (7)    3 :  0.304 0.197 0.129 0.217 0.153 
191 NS_SS0854    (2)    3 :  0.149 0.327 0.179 0.223 0.122 
192 HI_SS0193    (0)    4 :  0.239 0.234 0.101 0.290 0.136 
193 HI_SS0194    (0)    4 :  0.104 0.408 0.148 0.121 0.218 
194 HI_SS0195    (9)    4 :  0.409 0.197 0.089 0.066 0.239 
195 HI_SS0196    (6)    4 :  0.130 0.374 0.160 0.221 0.116 
196 HI_SS0197    (3)    4 :  0.074 0.114 0.090 0.101 0.621 
197 HI_SS0198    (1)    4 :  0.330 0.135 0.138 0.224 0.173 
198 HI_SS0199    (1)    4 :  0.113 0.292 0.141 0.348 0.107 
199 HI_SS0201    (4)    4 :  0.203 0.056 0.247 0.360 0.134 
200 HI_SS0215    (1)    4 :  0.177 0.067 0.197 0.359 0.200 
201 HI_SS0218    (1)    4 :  0.213 0.162 0.081 0.478 0.067 
202 HI_SS0222    (0)    4 :  0.256 0.222 0.094 0.182 0.245 
203 HI_SS0230    (1)    4 :  0.198 0.104 0.200 0.115 0.383 
204 HI_SS0234    (1)    4 :  0.071 0.280 0.169 0.185 0.294 
205 HI_SS0240    (1)    4 :  0.163 0.412 0.106 0.178 0.142 
206 HI_SS0241    (0)    4 :  0.165 0.119 0.199 0.339 0.178 
207 HI_SS0242    (0)    4 :  0.205 0.155 0.265 0.226 0.149 
208 HI_SS0247    (0)    4 :  0.175 0.099 0.423 0.125 0.178 
209 HI_SS0248    (1)    4 :  0.084 0.283 0.231 0.338 0.065 
210 HI_SS0252    (2)    4 :  0.239 0.320 0.238 0.127 0.076 
211 HI_SS0254    (1)    4 :  0.113 0.122 0.208 0.180 0.377 
212 HI_SS0256    (0)    4 :  0.176 0.262 0.265 0.039 0.258 
213 HI_SS0257    (0)    4 :  0.057 0.124 0.290 0.328 0.202 
214 HI_SS0258    (1)    4 :  0.195 0.151 0.199 0.340 0.115 
215 HI_SS0259    (1)    4 :  0.153 0.274 0.104 0.118 0.352 
216 HI_SS0260    (1)    4 :  0.120 0.254 0.136 0.365 0.125 
217 HI_SS0261    (2)    4 :  0.085 0.177 0.239 0.212 0.288 
218 HI_SS0262    (0)    4 :  0.310 0.184 0.138 0.156 0.212 
219 HI_SS0264    (1)    4 :  0.239 0.173 0.162 0.116 0.311 
220 HI_SS0265    (0)    4 :  0.262 0.122 0.142 0.115 0.359 
221 HI_SS0268    (1)    4 :  0.236 0.171 0.063 0.201 0.330 
222 HI_SS0269    (1)    4 :  0.066 0.102 0.168 0.427 0.236 
223 HI_SS0273    (0)    4 :  0.124 0.108 0.261 0.291 0.215 
224 HI_SS0277    (1)    4 :  0.133 0.065 0.154 0.092 0.555 
225 HI_SS0280    (0)    4 :  0.359 0.211 0.088 0.169 0.173 
226 HI_SS0282    (1)    4 :  0.178 0.146 0.322 0.241 0.113 
227 HI_SS0286    (1)    4 :  0.311 0.112 0.157 0.226 0.194 
228 NS_SS1252    (3)    5 :  0.140 0.114 0.187 0.470 0.089 
229 NS_SS1261    (1)    5 :  0.179 0.151 0.227 0.174 0.269 
230 NS_SS1225    (9)    5 :  0.111 0.081 0.429 0.222 0.156 
231 NS_SS1266    (1)    5 :  0.165 0.149 0.483 0.067 0.135 
232 NS_SS1228    (0)    5 :  0.457 0.137 0.105 0.129 0.173 
233 NS_SS1255    (2)    5 :  0.086 0.504 0.139 0.169 0.102 
234 NS_SS1267    (3)    5 :  0.168 0.088 0.075 0.523 0.147 
235 NS_SS1238    (6)    5 :  0.266 0.154 0.115 0.165 0.299 
236 NS_SS1233    (8)    5 :  0.189 0.133 0.467 0.089 0.122 
237 NS_SS1277    (3)    5 :  0.175 0.301 0.079 0.341 0.105 
238 NS_SS1245    (1)    5 :  0.105 0.191 0.356 0.192 0.156 
239 NS_SS1240    (4)    5 :  0.083 0.113 0.105 0.499 0.199 
240 NS_SS1275    (2)    5 :  0.219 0.150 0.157 0.063 0.410 
241 NS_SS1235    (1)    5 :  0.056 0.362 0.258 0.139 0.185 
242 NS_SS1263    (1)    5 :  0.144 0.325 0.346 0.086 0.098 
243 NS_SS1251    (1)    5 :  0.121 0.198 0.377 0.099 0.206 
244 NS_SS1248    (0)    5 :  0.561 0.073 0.099 0.140 0.127 
245 NS_SS1244    (0)    5 :  0.140 0.080 0.240 0.155 0.385 
246 NS_SS1257    (0)    5 :  0.170 0.195 0.140 0.368 0.127 
247 NS_SS1242    (2)    5 :  0.175 0.344 0.209 0.098 0.175 
248 NS_SS1271    (6)    5 :  0.164 0.108 0.112 0.453 0.163 
249 NS_SS1265    (1)    5 :  0.140 0.129 0.183 0.351 0.196 
250 NS_SS1243    (0)    5 :  0.368 0.274 0.136 0.142 0.080 
251 NS_SS1273    (1)    5 :  0.188 0.369 0.166 0.093 0.185 
252 NS_SS1254   (14)    5 :  0.170 0.187 0.420 0.115 0.109 
253 NS_SS1224    (1)    5 :  0.291 0.175 0.290 0.101 0.143 
254 NS_SS1227    (8)    5 :  0.093 0.166 0.129 0.289 0.324 
255 NS_SS1274    (8)    5 :  0.198 0.210 0.185 0.284 0.122 
256 NS_SS1241    (1)    5 :  0.170 0.131 0.279 0.249 0.169 
257 NS_SS1256    (3)    5 :  0.090 0.127 0.334 0.202 0.248 
258 NS_SS1260    (8)    5 :  0.123 0.157 0.188 0.388 0.144 
259 NS_SS1262    (0)    5 :  0.199 0.078 0.302 0.230 0.191 
260 NS_SS1230    (0)    5 :  0.202 0.200 0.182 0.249 0.167 
261 NS_SS1270    (2)    5 :  0.348 0.084 0.309 0.100 0.160 
262 NS_SS1229    (2)    5 :  0.053 0.361 0.179 0.103 0.303 
263 NS_SS1246    (5)    5 :  0.101 0.201 0.117 0.275 0.307 
264 NS_SS1269    (0)    5 :  0.250 0.230 0.186 0.163 0.171 
265 NS_SS1239    (1)    5 :  0.324 0.312 0.133 0.113 0.117 
266 NS_SS1272    (4)    5 :  0.101 0.088 0.143 0.110 0.558 
267 NS_SS1268    (1)    5 :  0.409 0.124 0.291 0.091 0.085 
268 NS_SS1249    (0)    5 :  0.092 0.206 0.155 0.467 0.080 
269 HI_SS0559    (0)    6 :  0.280 0.243 0.203 0.205 0.069 
270 HI_SS0563    (1)    6 :  0.189 0.160 0.255 0.168 0.229 
271 HI_SS0564    (0)    6 :  0.227 0.178 0.212 0.131 0.251 
272 HI_SS0565    (0)    6 :  0.118 0.114 0.209 0.203 0.356 
273 HI_SS0569    (0)    6 :  0.169 0.051 0.385 0.242 0.154 
274 HI_SS0570    (0)    6 :  0.224 0.145 0.081 0.374 0.175 
275 HI_SS0572    (1)    6 :  0.090 0.414 0.212 0.113 0.171 
276 HI_SS0576    (0)    6 :  0.382 0.218 0.122 0.097 0.180 
277 HI_SS0579    (1)    6 :  0.104 0.145 0.467 0.195 0.089 
278 HI_SS0580    (1)    6 :  0.161 0.288 0.138 0.320 0.093 
279 HI_SS0581    (0)    6 :  0.294 0.139 0.106 0.077 0.384 
280 HI_SS0583    (1)    6 :  0.078 0.219 0.195 0.378 0.130 
281 HI_SS0586    (1)    6 :  0.243 0.094 0.102 0.432 0.129 
282 HI_SS0588    (1)    6 :  0.155 0.150 0.309 0.282 0.103 
283 HI_SS0595    (4)    6 :  0.083 0.133 0.116 0.253 0.414 
284 HI_SS0596    (0)    6 :  0.116 0.521 0.166 0.101 0.095 
285 HI_SS0597    (1)    6 :  0.100 0.335 0.189 0.116 0.260 
286 HI_SS0600    (0)    6 :  0.161 0.144 0.136 0.266 0.294 
287 HI_SS0601    (1)    6 :  0.191 0.053 0.342 0.155 0.259 
288 HI_SS0602    (1)    6 :  0.334 0.167 0.104 0.282 0.113 
289 HI_SS0604    (0)    6 :  0.278 0.199 0.290 0.145 0.087 
290 HI_SS0605    (1)    6 :  0.355 0.164 0.151 0.234 0.096 
291 HI_SS0608    (0)    6 :  0.303 0.266 0.106 0.158 0.167 
292 HI_SS0609    (0)    6 :  0.098 0.216 0.370 0.101 0.214 
293 HI_SS0611    (5)    6 :  0.327 0.118 0.108 0.354 0.094 
294 HI_SS0612    (1)    6 :  0.053 0.172 0.482 0.184 0.108 
295 HI_SS0613    (1)    6 :  0.434 0.111 0.177 0.176 0.102 
296 HI_SS0615    (0)    6 :  0.236 0.348 0.121 0.076 0.220 
297 HI_SS0001    (1)    6 :  0.091 0.330 0.120 0.264 0.195 
298 HI_SS0002    (1)    6 :  0.132 0.220 0.310 0.088 0.250 
299 HI_SS0004    (0)    6 :  0.202 0.262 0.095 0.328 0.112 
300 HI_SS0005    (1)    6 :  0.456 0.113 0.094 0.126 0.211 
301 HI_SS0006    (1)    6 :  0.091 0.118 0.300 0.275 0.216 
302 HI_SS0007    (1)    6 :  0.444 0.126 0.090 0.276 0.065 
303 HI_SS0008    (0)    6 :  0.219 0.120 0.190 0.131 0.340 
304 HI_SS0009    (0)    6 :  0.336 0.327 0.159 0.100 0.079 
305 HI_SS0010    (1)    6 :  0.277 0.114 0.169 0.218 0.222 
306 HI_SS0011    (1)    6 :  0.186 0.083 0.365 0.095 0.272 
307 HI_SS0012    (0)    6 :  0.177 0.188 0.162 0.080 0.393 
308 HI_SS0017    (1)    6 :  0.141 0.471 0.109 0.132 0.147 
309 HI_SS0021    (1)    6 :  0.147 0.131 0.134 0.287 0.300 
310 HI_SS0024    (1)    6 :  0.252 0.252 0.091 0.103 0.303 
311 HI_SS0025    (1)    6 :  0.228 0.372 0.196 0.113 0.091 
312 HI_SS0027    (0)    6 :  0.265 0.137 0.268 0.248 0.082 
313 HI_SS0028    (0)    6 :  0.320 0.139 0.091 0.059 0.391 
314 HI_SS0029    (1)    6 :  0.175 0.302 0.080 0.215 0.227 
315 HI_SS0030    (2)    6 :  0.205 0.188 0.201 0.212 0.194 
316 HI_SS0031    (0)    6 :  0.096 0.193 0.210 0.138 0.364 
317 HI_SS0034    (0)    6 :  0.098 0.166 0.301 0.338 0.097 
318 HI_SS0036    (0)    6 :  0.211 0.107 0.051 0.353 0.278 
319 HI_SS0037    (1)    6 :  0.247 0.116 0.169 0.364 0.104 
320 HI_SS0039    (0)    6 :  0.353 0.096 0.098 0.277 0.177 
321 HI_SS0041    (1)    6 :  0.391 0.243 0.090 0.109 0.167 
322 HI_SS0042    (1)    6 :  0.187 0.247 0.184 0.098 0.283 
323 HI_SS0043    (1)    6 :  0.157 0.071 0.107 0.422 0.242 
324 HI_SS0044    (1)    6 :  0.111 0.404 0.067 0.303 0.115 
325 HI_SS0047    (1)    6 :  0.235 0.265 0.223 0.121 0.156 
326 HI_SS0049    (0)    6 :  0.141 0.393 0.226 0.136 0.105 
327 HI_SS0051    (1)    6 :  0.383 0.092 0.275 0.144 0.105 
328 HI_SS0053    (1)    6 :  0.114 0.103 0.140 0.355 0.288 
329 HI_SS0054    (4)    6 :  0.202 0.059 0.349 0.262 0.128 
330 HI_SS0057    (0)    6 :  0.349 0.155 0.164 0.115 0.217 
331 HI_SS0058    (0)    6 :  0.152 0.197 0.252 0.307 0.092 
332 HI_SS0060    (0)    6 :  0.306 0.087 0.185 0.114 0.307 
333 HI_SS0087    (1)    6 :  0.118 0.155 0.249 0.192 0.286 
334 HI_SS0091    (0)    6 :  0.066 0.082 0.139 0.420 0.293 
335 HI_SS0095    (1)    6 :  0.149 0.147 0.229 0.217 0.258 
336 HI_SS0097    (3)    6 :  0.123 0.101 0.515 0.110 0.151 
337 HI_SS0099    (0)    6 :  0.216 0.323 0.128 0.172 0.161 
338 HI_SS0103    (0)    6 :  0.105 0.325 0.169 0.158 0.243 
339 HI_SS0105    (1)    6 :  0.180 0.084 0.218 0.143 0.375 
340 HI_SS0107    (1)    6 :  0.107 0.437 0.179 0.070 0.207 
341 HI_SS0108    (1)    6 :  0.135 0.098 0.144 0.505 0.118 
342 HI_SS0110    (0)    6 :  0.080 0.164 0.124 0.222 0.411 
343 HI_SS0111    (1)    6 :  0.211 0.174 0.115 0.180 0.321 
344 HI_SS0112    (0)    6 :  0.141 0.135 0.112 0.444 0.168 
345 HI_SS0113    (1)    6 :  0.141 0.316 0.177 0.092 0.274 
346 HI_SS0114    (1)    6 :  0.291 0.079 0.220 0.285 0.125 
347 HI_SS0115    (1)    6 :  0.181 0.345 0.207 0.194 0.073 
348 HI_SS0116    (4)    6 :  0.085 0.337 0.124 0.342 0.113 
349 HI_SS0117    (0)    6 :  0.071 0.095 0.266 0.241 0.327 
350 HI_SS0118    (0)    6 :  0.098 0.159 0.230 0.310 0.204 
351 HI_SS0119    (1)    6 :  0.135 0.078 0.196 0.226 0.365 
352 HI_SS0120    (1)    6 :  0.075 0.407 0.123 0.076 0.320 
353 HI_SS0121    (1)    6 :  0.233 0.065 0.175 0.075 0.451 
354 HI_SS0122    (2)    6 :  0.212 0.152 0.138 0.196 0.301 
355 HI_SS0123    (0)    6 :  0.087 0.176 0.269 0.176 0.292 
356 HI_SS0124    (1)    6 :  0.220 0.456 0.124 0.087 0.114 
357 HI_SS0125    (1)    6 :  0.267 0.247 0.143 0.086 0.257 
358 HI_SS0126    (0)    6 :  0.100 0.257 0.105 0.411 0.126 
359 HI_SS0127    (0)    6 :  0.420 0.093 0.244 0.135 0.108 
360 HI_SS0128    (0)    6 :  0.097 0.290 0.219 0.167 0.227 
361 HI_SS0129    (1)    6 :  0.186 0.215 0.104 0.323 0.172 
362 HI_SS0131    (2)    6 :  0.330 0.071 0.236 0.229 0.134 
363 HI_SS0132    (0)    6 :  0.174 0.105 0.189 0.166 0.367 
364 HI_SS0133    (1)    6 :  0.158 0.143 0.101 0.479 0.119 
365 HI_SS0134    (1)    6 :  0.153 0.173 0.273 0.218 0.183 
366 HI_SS0142    (3)    6 :  0.167 0.089 0.295 0.152 0.298 
367 HI_SS0145    (0)    6 :  0.099 0.225 0.341 0.223 0.113 
368 HI_SS0146    (1)    6 :  0.204 0.153 0.271 0.264 0.107 
369 HI_SS0147    (1)    6 :  0.407 0.111 0.223 0.103 0.155 
370 HI_SS0149    (1)    6 :  0.090 0.075 0.173 0.157 0.505 
371 HI_SS0150    (2)    6 :  0.314 0.245 0.172 0.093 0.176 
372 HI_SS0151    (0)    6 :  0.218 0.314 0.181 0.213 0.074 
373 NS_SS1451    (1)    6 :  0.285 0.334 0.109 0.088 0.184 
374 NS_SS1404    (0)    6 :  0.407 0.153 0.115 0.154 0.170 
375 NS_SS1432    (2)    6 :  0.130 0.311 0.062 0.080 0.417 
376 NS_SS1405    (4)    6 :  0.150 0.362 0.125 0.205 0.157 
377 NS_SS1431   (10)    6 :  0.138 0.281 0.134 0.086 0.361 
378 NS_SS1402    (3)    6 :  0.112 0.185 0.183 0.228 0.292 
379 NS_SS1450    (3)    6 :  0.183 0.279 0.116 0.306 0.116 
380 NS_SS1396    (0)    6 :  0.250 0.172 0.167 0.165 0.246 
381 NS_SS1393    (5)    6 :  0.206 0.199 0.152 0.272 0.170 
382 NS_SS1392   (10)    6 :  0.261 0.396 0.079 0.135 0.128 
383 NS_SS1445    (0)    6 :  0.177 0.076 0.246 0.284 0.216 
384 NS_SS1423    (0)    6 :  0.085 0.215 0.133 0.230 0.337 
385 NS_SS1421    (9)    6 :  0.155 0.163 0.195 0.206 0.282 
386 NS_SS1411    (6)    6 :  0.424 0.113 0.107 0.271 0.084 
387 NS_SS1453    (5)    6 :  0.144 0.100 0.113 0.278 0.366 
388 NS_SS1442    (2)    6 :  0.171 0.181 0.384 0.144 0.120 
389 NS_SS1422    (1)    6 :  0.095 0.234 0.342 0.170 0.160 
390 NS_SS1419    (1)    6 :  0.273 0.089 0.421 0.116 0.100 
391 NS_SS1427    (0)    6 :  0.088 0.257 0.066 0.456 0.133 
392 NS_SS1444    (3)    6 :  0.299 0.210 0.253 0.125 0.112 
393 NS_SS1455    (0)    6 :  0.094 0.345 0.293 0.082 0.185 
394 NS_SS1425    (2)    6 :  0.173 0.078 0.213 0.386 0.150 
395 NS_SS1400    (0)    6 :  0.192 0.121 0.268 0.315 0.104 
396 NS_SS1406    (1)    6 :  0.100 0.147 0.360 0.063 0.330 
397 NS_SS1417    (6)    6 :  0.164 0.194 0.242 0.200 0.200 
398 NS_SS1454    (2)    6 :  0.173 0.094 0.121 0.261 0.351 
399 NS_SS1412    (1)    6 :  0.218 0.203 0.138 0.273 0.168 
400 NS_SS1438    (1)    6 :  0.228 0.065 0.250 0.339 0.118 
401 NS_SS1416    (4)    6 :  0.203 0.171 0.187 0.202 0.237 
402 NS_SS1401    (0)    6 :  0.117 0.146 0.177 0.188 0.372 
403 NS_SS1424    (6)    6 :  0.170 0.121 0.146 0.203 0.361 
404 NS_SS1435    (9)    6 :  0.261 0.273 0.079 0.164 0.223 
405 NS_SS1447    (4)    6 :  0.272 0.165 0.306 0.108 0.150 
406 NS_SS1414    (3)    6 :  0.323 0.230 0.248 0.094 0.104 
407 NS_SS1449   (14)    6 :  0.147 0.251 0.148 0.166 0.288 
408 NS_SS1443    (4)    6 :  0.066 0.217 0.256 0.339 0.122 
409 NS_SS1434    (1)    6 :  0.070 0.457 0.161 0.214 0.097 
410 NS_SS1398    (1)    6 :  0.181 0.341 0.127 0.154 0.196 
411 NS_SS1426    (1)    6 :  0.164 0.139 0.146 0.367 0.185 
412 NS_SS1413    (0)    6 :  0.116 0.274 0.191 0.280 0.139 
413 NS_SS1395    (1)    6 :  0.117 0.132 0.175 0.293 0.283 
414 NS_SS1448   (10)    6 :  0.360 0.192 0.088 0.253 0.107 
415 NS_SS1446    (0)    6 :  0.142 0.137 0.174 0.315 0.231 
416 NS_SS1403    (2)    6 :  0.150 0.173 0.100 0.121 0.456 
417 NS_SS1415    (0)    6 :  0.230 0.181 0.150 0.305 0.134 
418 NS_SS1437    (4)    6 :  0.189 0.125 0.141 0.131 0.413 
419 NS_SS1439    (2)    6 :  0.127 0.162 0.351 0.190 0.169 
420 NS_SS1441    (3)    6 :  0.096 0.239 0.217 0.295 0.154 
421 NS_SS1420    (2)    6 :  0.596 0.142 0.090 0.106 0.065 
422 NS_SS1394    (2)    6 :  0.363 0.185 0.117 0.095 0.240 
423 NS_SS1391    (7)    6 :  0.084 0.370 0.099 0.277 0.171 
424 NS_SS1410    (5)    6 :  0.137 0.170 0.151 0.260 0.282 
425 NS_SS1408    (1)    6 :  0.205 0.129 0.213 0.129 0.324 
426 NS_SS1409    (1)    6 :  0.078 0.374 0.158 0.251 0.139 
427 HI_SS0617    (1)    7 :  0.136 0.315 0.124 0.311 0.115 
428 HI_SS0618    (2)    7 :  0.267 0.284 0.190 0.132 0.128 
429 HI_SS0619    (0)    7 :  0.189 0.323 0.118 0.228 0.142 
430 HI_SS0620    (1)    7 :  0.276 0.142 0.115 0.413 0.054 
431 HI_SS0621    (3)    7 :  0.190 0.221 0.207 0.138 0.243 
432 HI_SS0622    (1)    7 :  0.205 0.175 0.306 0.185 0.129 
433 HI_SS0626    (0)    7 :  0.446 0.102 0.090 0.156 0.206 
434 HI_SS0627    (0)    7 :  0.146 0.208 0.110 0.102 0.433 
435 HI_SS0628    (3)    7 :  0.186 0.138 0.097 0.319 0.260 
436 HI_SS0629    (1)    7 :  0.195 0.107 0.188 0.227 0.283 
437 HI_SS0630    (1)    7 :  0.266 0.206 0.164 0.258 0.106 
438 HI_SS0631    (0)    7 :  0.309 0.134 0.141 0.243 0.173 
439 HI_SS0632    (0)    7 :  0.355 0.109 0.249 0.150 0.136 
440 HI_SS0633    (0)    7 :  0.105 0.472 0.161 0.178 0.084 
441 HI_SS0634    (1)    7 :  0.261 0.133 0.117 0.201 0.287 
442 HI_SS0635    (0)    7 :  0.308 0.202 0.199 0.101 0.189 
443 HI_SS0637    (1)    7 :  0.254 0.073 0.297 0.174 0.201 
444 HI_SS0638    (0)    7 :  0.212 0.264 0.166 0.182 0.176 
445 HI_SS0639    (1)    7 :  0.279 0.206 0.201 0.108 0.206 
446 HI_SS0640    (1)    7 :  0.184 0.199 0.354 0.134 0.128 
447 HI_SS0641    (1)    7 :  0.343 0.098 0.133 0.315 0.111 
448 HI_SS0642    (0)    7 :  0.117 0.133 0.123 0.082 0.545 
449 HI_SS0645    (0)    7 :  0.438 0.261 0.138 0.073 0.090 
450 HI_SS0646    (1)    7 :  0.090 0.309 0.209 0.190 0.202 
451 HI_SS0647    (1)    7 :  0.162 0.288 0.169 0.155 0.226 
452 HI_SS0648    (0)    7 :  0.224 0.208 0.221 0.171 0.176 
453 HI_SS0649    (1)    7 :  0.151 0.253 0.230 0.202 0.165 
454 HI_SS0650    (1)    7 :  0.131 0.458 0.114 0.132 0.165 
455 HI_SS0651    (1)    7 :  0.179 0.252 0.224 0.168 0.177 
456 HI_SS0652    (1)    7 :  0.473 0.232 0.111 0.095 0.089 
457 NS_SS1371    (3)    7 :  0.078 0.187 0.147 0.266 0.321 
458 NS_SS1374    (0)    7 :  0.215 0.120 0.072 0.292 0.301 
459 NS_SS1337    (3)    7 :  0.308 0.159 0.126 0.103 0.304 
460 NS_SS1385    (5)    7 :  0.110 0.302 0.230 0.173 0.186 
461 NS_SS1388    (0)    7 :  0.170 0.293 0.119 0.220 0.197 
462 NS_SS1370    (1)    7 :  0.613 0.065 0.131 0.076 0.115 
463 NS_SS1389    (3)    7 :  0.272 0.299 0.101 0.151 0.177 
464 NS_SS1360    (1)    7 :  0.289 0.101 0.241 0.220 0.149 
465 NS_SS1330    (0)    7 :  0.305 0.246 0.217 0.095 0.137 
466 NS_SS1328    (8)    7 :  0.067 0.355 0.125 0.288 0.165 
467 NS_SS1384    (1)    7 :  0.201 0.095 0.274 0.191 0.240 
468 NS_SS1381    (0)    7 :  0.112 0.494 0.192 0.081 0.121 
469 NS_SS1375    (1)    7 :  0.248 0.392 0.058 0.149 0.153 
470 NS_SS1319   (10)    7 :  0.189 0.185 0.128 0.205 0.293 
471 NS_SS1326    (2)    7 :  0.110 0.263 0.096 0.403 0.127 
472 NS_SS1341    (1)    7 :  0.105 0.068 0.223 0.243 0.361 
473 NS_SS1383    (1)    7 :  0.224 0.071 0.103 0.144 0.457 
474 NS_SS1318    (3)    7 :  0.288 0.208 0.224 0.176 0.104 
475 NS_SS1348    (2)    7 :  0.169 0.087 0.207 0.325 0.212 
476 NS_SS1363    (0)    7 :  0.282 0.166 0.242 0.117 0.194 
477 NS_SS1335    (4)    7 :  0.219 0.067 0.311 0.210 0.193 
478 NS_SS1358    (0)    7 :  0.119 0.125 0.340 0.198 0.218 
479 NS_SS1342    (1)    7 :  0.063 0.104 0.219 0.247 0.367 
480 NS_SS1320    (2)    7 :  0.065 0.554 0.236 0.047 0.097 
481 NS_SS1355    (1)    7 :  0.162 0.198 0.412 0.111 0.117 
482 NS_SS1345    (1)    7 :  0.129 0.132 0.587 0.072 0.080 
483 NS_SS1324    (0)    7 :  0.185 0.136 0.198 0.268 0.214 
484 NS_SS1347    (5)    7 :  0.150 0.188 0.233 0.150 0.278 
485 NS_SS1321    (4)    7 :  0.152 0.105 0.087 0.310 0.345 
486 NS_SS1333    (0)    7 :  0.121 0.124 0.053 0.297 0.406 
487 NS_SS1364    (1)    7 :  0.124 0.103 0.405 0.201 0.167 
488 NS_SS1379    (0)    7 :  0.169 0.321 0.230 0.131 0.148 
489 NS_SS1332    (0)    7 :  0.128 0.137 0.116 0.388 0.231 
490 NS_SS1338    (5)    7 :  0.341 0.117 0.132 0.212 0.197 
491 NS_SS1368    (6)    7 :  0.085 0.113 0.267 0.285 0.250 
492 NS_SS1354    (1)    7 :  0.146 0.170 0.280 0.156 0.248 
493 NS_SS1365    (0)    7 :  0.275 0.210 0.209 0.125 0.182 
494 NS_SS1380    (1)    7 :  0.217 0.165 0.347 0.103 0.168 
495 NS_SS1329    (8)    7 :  0.060 0.104 0.207 0.232 0.398 
496 NS_SS1362    (0)    7 :  0.118 0.217 0.211 0.181 0.273 
497 NS_SS1327    (2)    7 :  0.138 0.113 0.071 0.548 0.129 
498 NS_SS1350    (0)    7 :  0.080 0.406 0.072 0.284 0.159 
499 NS_SS1387    (2)    7 :  0.399 0.149 0.163 0.157 0.132 
500 NS_SS1369    (8)    7 :  0.187 0.094 0.321 0.281 0.118 
501 NS_SS1331    (1)    7 :  0.296 0.156 0.084 0.203 0.260 
502 NS_SS1357    (4)    7 :  0.063 0.427 0.113 0.256 0.141 
503 NS_SS1386    (1)    7 :  0.070 0.064 0.177 0.388 0.301 
504 NS_SS1353    (2)    7 :  0.118 0.347 0.121 0.176 0.238 
505 NS_SS1323    (0)    7 :  0.150 0.216 0.249 0.089 0.297 
506 HI_SS0296    (0)    8 :  0.327 0.148 0.182 0.272 0.071 
507 HI_SS0297    (0)    8 :  0.117 0.285 0.085 0.116 0.398 
508 HI_SS0299    (0)    8 :  0.216 0.139 0.297 0.177 0.172 
509 HI_SS0300    (0)    8 :  0.268 0.152 0.340 0.154 0.086 
510 HI_SS0301    (0)    8 :  0.419 0.058 0.182 0.100 0.242 
511 HI_SS0302    (0)    8 :  0.383 0.088 0.205 0.231 0.093 
512 HI_SS0303    (0)    8 :  0.103 0.299 0.155 0.333 0.110 
513 HI_SS0304    (0)    8 :  0.269 0.299 0.073 0.182 0.177 
514 HI_SS0306    (5)    8 :  0.316 0.113 0.135 0.333 0.104 
515 HI_SS0307    (1)    8 :  0.202 0.218 0.252 0.133 0.196 
516 HI_SS0308    (1)    8 :  0.204 0.112 0.283 0.106 0.295 
517 HI_SS0309    (0)    8 :  0.205 0.116 0.402 0.121 0.157 
518 HI_SS0310    (0)    8 :  0.191 0.311 0.199 0.177 0.122 
519 HI_SS0311    (3)    8 :  0.348 0.111 0.214 0.154 0.172 
520 HI_SS0314    (0)    8 :  0.104 0.386 0.113 0.190 0.206 
521 HI_SS0316    (1)    8 :  0.146 0.185 0.229 0.258 0.181 
522 HI_SS0317    (3)    8 :  0.253 0.117 0.129 0.126 0.376 
523 HI_SS0318    (1)    8 :  0.177 0.077 0.131 0.321 0.295 
524 HI_SS0319    (0)    8 :  0.072 0.106 0.258 0.470 0.094 
525 HI_SS0320    (3)    8 :  0.146 0.215 0.059 0.096 0.484 
526 HI_SS0321    (0)    8 :  0.146 0.146 0.122 0.222 0.364 
527 HI_SS0323    (1)    8 :  0.248 0.158 0.144 0.324 0.126 
528 HI_SS0325    (2)    8 :  0.347 0.099 0.157 0.279 0.118 
529 HI_SS0327    (1)    8 :  0.050 0.232 0.239 0.306 0.174 
530 HI_SS0329    (1)    8 :  0.288 0.199 0.135 0.134 0.245 
531 HI_SS0333    (1)    8 :  0.175 0.198 0.200 0.198 0.229 
532 HI_SS0334    (1)    8 :  0.172 0.108 0.243 0.285 0.193 
533 HI_SS0335    (1)    8 :  0.148 0.164 0.415 0.093 0.180 
534 HI_SS0339    (0)    8 :  0.240 0.160 0.372 0.103 0.124 
535 HI_SS0343    (2)    8 :  0.092 0.195 0.340 0.106 0.267 
536 HI_SS0344    (1)    8 :  0.124 0.092 0.115 0.519 0.150 
537 HI_SS0345    (3)    8 :  0.268 0.117 0.261 0.137 0.217 
538 HI_SS0346    (0)    8 :  0.211 0.105 0.084 0.207 0.394 
539 HI_SS0350    (1)    8 :  0.153 0.193 0.522 0.059 0.074 
540 HI_SS0351    (0)    8 :  0.113 0.104 0.434 0.128 0.220 
541 HI_SS0352    (3)    8 :  0.154 0.178 0.272 0.134 0.262 
542 HI_SS0362    (0)    8 :  0.435 0.138 0.138 0.159 0.130 
543 HI_SS0363    (1)    8 :  0.096 0.184 0.246 0.356 0.117 
544 HI_SS0365    (0)    8 :  0.107 0.210 0.228 0.308 0.146 
545 HI_SS0366    (0)    8 :  0.165 0.126 0.159 0.442 0.108 
546 HI_SS0367    (1)    8 :  0.140 0.307 0.245 0.110 0.198 
547 HI_SS0369    (1)    8 :  0.291 0.216 0.226 0.107 0.160 
548 HI_SS0370    (0)    8 :  0.074 0.389 0.152 0.175 0.209 
549 HI_SS0371    (4)    8 :  0.264 0.110 0.142 0.336 0.148 
550 HI_SS0373    (3)    8 :  0.214 0.268 0.169 0.207 0.142 
551 HI_SS0374    (0)    8 :  0.174 0.272 0.191 0.129 0.234 
552 HI_SS0377    (0)    8 :  0.176 0.074 0.405 0.172 0.173 
553 HI_SS0379    (1)    8 :  0.093 0.062 0.122 0.510 0.213 
554 HI_SS0380    (1)    8 :  0.177 0.215 0.271 0.145 0.191 
555 HI_SS0381    (2)    8 :  0.263 0.112 0.295 0.088 0.243 
556 HI_SS0384    (3)    8 :  0.141 0.280 0.068 0.278 0.232 
557 HI_SS0385    (1)    8 :  0.286 0.222 0.089 0.232 0.170 


Estimated Allele Frequencies in each cluster
First column gives estimated ancestral frequencies


Locus 1 : 
2 alleles
3.4% missing data
   1   (0.736) 0.681 0.767 0.721 0.721 0.803 
   2   (0.264) 0.319 0.233 0.279 0.279 0.197 

Locus 2 : 
2 alleles
4.3% missing data
   1   (0.884) 0.912 0.840 0.905 0.915 0.874 
   2   (0.116) 0.088 0.160 0.095 0.085 0.126 

Locus 3 : 
2 alleles
3.9% missing data
   1   (0.860) 0.857 0.853 0.890 0.869 0.866 
   2   (0.140) 0.143 0.147 0.110 0.131 0.134 

Locus 4 : 
2 alleles
2.7% missing data
   1   (0.887) 0.893 0.915 0.913 0.913 0.829 
   2   (0.113) 0.107 0.085 0.087 0.087 0.171 

Locus 5 : 
2 alleles
2.7% missing data
   1   (0.822) 0.838 0.791 0.829 0.799 0.867 
   2   (0.178) 0.162 0.209 0.171 0.201 0.133 

Locus 6 : 
2 alleles
3.2% missing data
   1   (0.790) 0.816 0.810 0.773 0.753 0.819 
   2   (0.210) 0.184 0.190 0.227 0.247 0.181 

Locus 7 : 
2 alleles
3.8% missing data
   1   (0.800) 0.793 0.841 0.810 0.795 0.796 
   2   (0.200) 0.207 0.159 0.190 0.205 0.204 

Locus 8 : 
2 alleles
4.8% missing data
   1   (0.703) 0.729 0.691 0.701 0.685 0.728 
   2   (0.297) 0.271 0.309 0.299 0.315 0.272 

Locus 9 : 
2 alleles
3.1% missing data
   1   (0.793) 0.810 0.815 0.790 0.727 0.833 
   2   (0.207) 0.190 0.185 0.210 0.273 0.167 

Locus 10 : 
2 alleles
4.7% missing data
   1   (0.886) 0.896 0.934 0.891 0.888 0.861 
   2   (0.114) 0.104 0.066 0.109 0.112 0.139 

Locus 11 : 
2 alleles
3.2% missing data
   1   (0.861) 0.854 0.899 0.901 0.836 0.839 
   2   (0.139) 0.146 0.101 0.099 0.164 0.161 

Locus 12 : 
2 alleles
4.8% missing data
   1   (0.730) 0.744 0.699 0.716 0.739 0.766 
   2   (0.270) 0.256 0.301 0.284 0.261 0.234 

Locus 13 : 
2 alleles
4.7% missing data
   1   (0.885) 0.868 0.911 0.878 0.876 0.921 
   2   (0.115) 0.132 0.089 0.122 0.124 0.079 

Locus 14 : 
2 alleles
3.9% missing data
   1   (0.873) 0.884 0.916 0.873 0.876 0.854 
   2   (0.127) 0.116 0.084 0.127 0.124 0.146 

Locus 15 : 
2 alleles
3.9% missing data
   1   (0.505) 0.511 0.477 0.503 0.529 0.507 
   2   (0.495) 0.489 0.523 0.497 0.471 0.493 

Locus 16 : 
2 alleles
4.3% missing data
   1   (0.606) 0.692 0.615 0.626 0.549 0.555 
   2   (0.394) 0.308 0.385 0.374 0.451 0.445 

Locus 17 : 
2 alleles
4.1% missing data
   1   (0.772) 0.798 0.764 0.801 0.748 0.772 
   2   (0.228) 0.202 0.236 0.199 0.252 0.228 

Locus 18 : 
2 alleles
2.3% missing data
   1   (0.891) 0.905 0.891 0.876 0.927 0.896 
   2   (0.109) 0.095 0.109 0.124 0.073 0.104 

Locus 19 : 
2 alleles
4.3% missing data
   1   (0.709) 0.759 0.693 0.734 0.697 0.678 
   2   (0.291) 0.241 0.307 0.266 0.303 0.322 

Locus 20 : 
2 alleles
3.2% missing data
   1   (0.883) 0.919 0.924 0.836 0.917 0.843 
   2   (0.117) 0.081 0.076 0.164 0.083 0.157 

Locus 21 : 
2 alleles
3.4% missing data
   1   (0.560) 0.563 0.580 0.649 0.445 0.550 
   2   (0.440) 0.437 0.420 0.351 0.555 0.450 

Locus 22 : 
2 alleles
4.8% missing data
   1   (0.852) 0.852 0.848 0.873 0.843 0.875 
   2   (0.148) 0.148 0.152 0.127 0.157 0.125 

Locus 23 : 
2 alleles
4.3% missing data
   1   (0.880) 0.881 0.843 0.914 0.888 0.900 
   2   (0.120) 0.119 0.157 0.086 0.112 0.100 

Locus 24 : 
2 alleles
3.2% missing data
   1   (0.544) 0.567 0.505 0.520 0.532 0.588 
   2   (0.456) 0.433 0.495 0.480 0.468 0.412 

Locus 25 : 
2 alleles
4.3% missing data
   2   (0.468) 0.478 0.516 0.438 0.515 0.408 
   1   (0.532) 0.522 0.484 0.562 0.485 0.592 

Locus 26 : 
2 alleles
4.3% missing data
   1   (0.838) 0.866 0.818 0.842 0.876 0.820 
   2   (0.162) 0.134 0.182 0.158 0.124 0.180 

Locus 27 : 
2 alleles
2.2% missing data
   1   (0.600) 0.630 0.560 0.590 0.651 0.582 
   2   (0.400) 0.370 0.440 0.410 0.349 0.418 

Locus 28 : 
2 alleles
4.1% missing data
   1   (0.859) 0.877 0.912 0.814 0.889 0.838 
   2   (0.141) 0.123 0.088 0.186 0.111 0.162 

Locus 29 : 
2 alleles
1.8% missing data
   1   (0.877) 0.870 0.886 0.901 0.878 0.890 
   2   (0.123) 0.130 0.114 0.099 0.122 0.110 

Locus 30 : 
2 alleles
4.5% missing data
   1   (0.865) 0.882 0.863 0.898 0.883 0.831 
   2   (0.135) 0.118 0.137 0.102 0.117 0.169 

Locus 31 : 
2 alleles
4.3% missing data
   1   (0.786) 0.823 0.822 0.731 0.808 0.778 
   2   (0.214) 0.177 0.178 0.269 0.192 0.222 

Locus 32 : 
2 alleles
