

----------------------------------------------------
STRUCTURE by Pritchard, Stephens and Donnelly (2000)
     and Falush, Stephens and Pritchard (2003)
       Code by Pritchard, Falush and Hubisz
             Version 2.3.4 (Jul 2012)
----------------------------------------------------



Command line arguments:   /home/genobiwan/Documents/Programs/Structure/structure -m parameter_job_k7_r10 
Input File:    /media/genobiwan/Storage/Projets/Mackerel_NWA_2021/data_job_k7_r10

Run parameters:
   557 individuals
   3930 loci
   7 populations assumed
   100000 Burn-in period
   200000 Reps


--------------------------------------------
Proportion of membership of each pre-defined
 population in each of the 7 clusters

Given    Inferred Clusters                                   Number of
 Pop       1      2      3      4      5      6      7      Individuals

  1:     0.137  0.155  0.157  0.135  0.127  0.147  0.143       67
  2:     0.173  0.120  0.140  0.155  0.115  0.127  0.171       32
  3:     0.141  0.160  0.139  0.159  0.135  0.131  0.135       92
  4:     0.153  0.125  0.135  0.139  0.156  0.164  0.128       36
  5:     0.140  0.170  0.126  0.141  0.152  0.136  0.134       41
  6:     0.140  0.131  0.147  0.139  0.151  0.150  0.142      158
  7:     0.137  0.136  0.154  0.141  0.139  0.146  0.147       79
  8:     0.135  0.151  0.152  0.142  0.152  0.137  0.131       52
--------------------------------------------

Allele-freq. divergence among pops (Net nucleotide distance),
computed using point estimates of P.

      1       2       3       4       5       6       7      
 1      -    0.0052  0.0047  0.0056  0.0058  0.0052  0.0060  
 2   0.0052     -    0.0041  0.0048  0.0063  0.0047  0.0061  
 3   0.0047  0.0041     -    0.0041  0.0049  0.0042  0.0057  
 4   0.0056  0.0048  0.0041     -    0.0061  0.0049  0.0058  
 5   0.0058  0.0063  0.0049  0.0061     -    0.0058  0.0075  
 6   0.0052  0.0047  0.0042  0.0049  0.0058     -    0.0059  
 7   0.0060  0.0061  0.0057  0.0058  0.0075  0.0059     -    

Average distances (expected heterozygosity) between individuals in same cluster:
cluster  1  : 0.3117 
cluster  2  : 0.3084 
cluster  3  : 0.3135 
cluster  4  : 0.3092 
cluster  5  : 0.3070 
cluster  6  : 0.3107 
cluster  7  : 0.3089 

--------------------------------------------
Estimated Ln Prob of Data   = -2070593.3
Mean value of ln likelihood = -2059437.5
Variance of ln likelihood   = 22311.6
Mean value of alpha         = 1.6162

Mean value of Fst_1         = 0.0591
Mean value of Fst_2         = 0.0573
Mean value of Fst_3         = 0.0480
Mean value of Fst_4         = 0.0543
Mean value of Fst_5         = 0.0657
Mean value of Fst_6         = 0.0538
Mean value of Fst_7         = 0.0657


Inferred ancestry of individuals:
        Label (%Miss) Pop:  Inferred clusters
  1 NS_SS0963    (4)    1 :  0.151 0.191 0.149 0.161 0.061 0.216 0.071 
  2 NS_SS0983    (1)    1 :  0.213 0.080 0.344 0.087 0.158 0.081 0.037 
  3 NS_SS0719    (8)    1 :  0.147 0.096 0.143 0.204 0.130 0.177 0.104 
  4 NS_SS1001    (8)    1 :  0.129 0.170 0.083 0.169 0.090 0.080 0.279 
  5 NS_SS0936    (4)    1 :  0.175 0.231 0.054 0.073 0.097 0.212 0.158 
  6 NS_SS0955    (5)    1 :  0.153 0.202 0.148 0.157 0.152 0.144 0.045 
  7 NS_SS0944    (3)    1 :  0.099 0.264 0.075 0.151 0.203 0.094 0.113 
  8 NS_SS0945    (3)    1 :  0.068 0.135 0.108 0.080 0.210 0.138 0.261 
  9 NS_SS0922    (2)    1 :  0.128 0.106 0.102 0.170 0.079 0.148 0.267 
 10 NS_SS0929    (7)    1 :  0.165 0.185 0.145 0.102 0.173 0.156 0.075 
 11 NS_SS0956    (2)    1 :  0.100 0.103 0.125 0.337 0.067 0.085 0.183 
 12 NS_SS0906    (3)    1 :  0.109 0.263 0.143 0.104 0.165 0.123 0.092 
 13 NS_SS0721    (6)    1 :  0.150 0.067 0.206 0.308 0.082 0.115 0.071 
 14 NS_SS0982    (4)    1 :  0.101 0.211 0.218 0.149 0.078 0.136 0.108 
 15 NS_SS0923    (5)    1 :  0.144 0.156 0.177 0.112 0.096 0.125 0.190 
 16 NS_SS0905    (6)    1 :  0.140 0.142 0.351 0.081 0.082 0.053 0.151 
 17 NS_SS0925    (3)    1 :  0.287 0.212 0.120 0.144 0.052 0.099 0.086 
 18 NS_SS0947    (5)    1 :  0.193 0.198 0.060 0.108 0.113 0.176 0.153 
 19 NS_SS0926    (2)    1 :  0.055 0.105 0.171 0.077 0.259 0.264 0.068 
 20 NS_SS0918    (6)    1 :  0.060 0.381 0.120 0.117 0.068 0.126 0.128 
 21 NS_SS0966    (4)    1 :  0.143 0.241 0.154 0.085 0.079 0.169 0.129 
 22 NS_SS0938    (2)    1 :  0.113 0.091 0.058 0.101 0.080 0.381 0.175 
 23 NS_SS0917    (2)    1 :  0.237 0.057 0.132 0.104 0.179 0.155 0.136 
 24 NS_SS0957   (11)    1 :  0.089 0.125 0.145 0.246 0.111 0.140 0.144 
 25 NS_SS0987    (1)    1 :  0.062 0.094 0.284 0.283 0.090 0.084 0.103 
 26 NS_SS0717    (4)    1 :  0.115 0.136 0.228 0.140 0.066 0.048 0.268 
 27 NS_SS0986    (2)    1 :  0.045 0.127 0.216 0.176 0.159 0.152 0.124 
 28 NS_SS0953    (4)    1 :  0.194 0.294 0.098 0.120 0.085 0.049 0.159 
 29 NS_SS0907    (3)    1 :  0.125 0.309 0.199 0.069 0.111 0.088 0.098 
 30 NS_SS0974    (6)    1 :  0.234 0.193 0.073 0.076 0.172 0.098 0.155 
 31 NS_SS0989    (1)    1 :  0.217 0.057 0.095 0.091 0.229 0.242 0.070 
 32 NS_SS0991    (2)    1 :  0.058 0.198 0.285 0.200 0.149 0.059 0.051 
 33 NS_SS0994    (2)    1 :  0.111 0.079 0.122 0.067 0.381 0.091 0.149 
 34 NS_SS0931    (6)    1 :  0.055 0.127 0.240 0.116 0.205 0.192 0.064 
 35 NS_SS1000    (5)    1 :  0.098 0.173 0.078 0.086 0.121 0.156 0.288 
 36 NS_SS0919    (1)    1 :  0.120 0.126 0.323 0.054 0.115 0.208 0.055 
 37 NS_SS0949    (3)    1 :  0.245 0.071 0.116 0.158 0.195 0.156 0.059 
 38 NS_SS0960   (10)    1 :  0.181 0.184 0.169 0.133 0.170 0.090 0.073 
 39 NS_SS0716    (2)    1 :  0.050 0.044 0.204 0.170 0.084 0.070 0.378 
 40 NS_SS0924    (8)    1 :  0.190 0.160 0.253 0.113 0.112 0.115 0.058 
 41 NS_SS0935    (1)    1 :  0.126 0.109 0.303 0.149 0.182 0.055 0.077 
 42 NS_SS0952   (13)    1 :  0.109 0.195 0.246 0.066 0.187 0.110 0.087 
 43 NS_SS0962   (10)    1 :  0.065 0.101 0.132 0.122 0.090 0.281 0.209 
 44 NS_SS0973    (5)    1 :  0.305 0.229 0.112 0.131 0.087 0.074 0.063 
 45 NS_SS0722    (1)    1 :  0.119 0.225 0.068 0.082 0.068 0.067 0.372 
 46 NS_SS0979   (13)    1 :  0.083 0.160 0.186 0.198 0.074 0.144 0.156 
 47 NS_SS0993    (2)    1 :  0.204 0.213 0.131 0.140 0.056 0.127 0.130 
 48 NS_SS0958    (1)    1 :  0.089 0.144 0.154 0.082 0.259 0.107 0.166 
 49 NS_SS0988    (4)    1 :  0.070 0.176 0.228 0.079 0.119 0.244 0.084 
 50 NS_SS1003    (2)    1 :  0.057 0.111 0.104 0.239 0.053 0.387 0.049 
 51 NS_SS0976    (0)    1 :  0.077 0.177 0.111 0.111 0.212 0.247 0.065 
 52 NS_SS0964   (10)    1 :  0.122 0.105 0.109 0.203 0.070 0.066 0.325 
 53 NS_SS0939    (4)    1 :  0.070 0.044 0.081 0.237 0.070 0.157 0.342 
 54 NS_SS0990    (6)    1 :  0.045 0.067 0.094 0.114 0.201 0.262 0.217 
 55 NS_SS0984    (2)    1 :  0.119 0.130 0.124 0.085 0.062 0.185 0.294 
 56 NS_SS0980    (9)    1 :  0.335 0.242 0.080 0.067 0.072 0.073 0.132 
 57 NS_SS0978    (4)    1 :  0.140 0.186 0.096 0.094 0.135 0.140 0.209 
 58 NS_SS0951   (17)    1 :  0.062 0.186 0.243 0.211 0.153 0.055 0.091 
 59 NS_SS0913    (3)    1 :  0.073 0.120 0.112 0.240 0.116 0.091 0.248 
 60 NS_SS1002    (1)    1 :  0.075 0.220 0.096 0.053 0.065 0.402 0.089 
 61 NS_SS0948    (1)    1 :  0.098 0.215 0.213 0.097 0.131 0.149 0.096 
 62 NS_SS0916    (4)    1 :  0.356 0.065 0.086 0.109 0.129 0.162 0.094 
 63 NS_SS0995    (1)    1 :  0.358 0.080 0.135 0.134 0.068 0.104 0.122 
 64 NS_SS0927    (6)    1 :  0.214 0.068 0.260 0.063 0.156 0.111 0.128 
 65 NS_SS0992    (5)    1 :  0.233 0.127 0.055 0.079 0.169 0.199 0.138 
 66 NS_SS0912    (1)    1 :  0.048 0.115 0.231 0.219 0.163 0.134 0.091 
 67 NS_SS0981    (1)    1 :  0.055 0.190 0.214 0.155 0.067 0.215 0.105 
 68 NS_SS0729    (5)    2 :  0.328 0.129 0.086 0.053 0.257 0.095 0.053 
 69 NS_SS0967   (14)    2 :  0.178 0.213 0.165 0.086 0.063 0.195 0.101 
 70 NS_SS0941    (7)    2 :  0.167 0.090 0.114 0.142 0.103 0.173 0.210 
 71 NS_SS0768   (12)    2 :  0.070 0.167 0.140 0.251 0.111 0.127 0.134 
 72 NS_SS0726    (4)    2 :  0.329 0.095 0.068 0.076 0.167 0.202 0.062 
 73 NS_SS0763    (4)    2 :  0.141 0.128 0.188 0.101 0.183 0.100 0.159 
 74 NS_SS0730    (6)    2 :  0.151 0.083 0.172 0.129 0.081 0.172 0.212 
 75 NS_SS0774    (1)    2 :  0.247 0.165 0.054 0.076 0.065 0.134 0.259 
 76 NS_SS0723    (3)    2 :  0.215 0.152 0.151 0.128 0.039 0.171 0.144 
 77 NS_SS0940    (9)    2 :  0.175 0.069 0.115 0.135 0.169 0.172 0.165 
 78 NS_SS0762    (1)    2 :  0.143 0.143 0.099 0.127 0.055 0.066 0.367 
 79 NS_SS0766   (11)    2 :  0.157 0.054 0.182 0.131 0.129 0.081 0.266 
 80 NS_SS0724    (1)    2 :  0.129 0.173 0.201 0.196 0.075 0.097 0.129 
 81 NS_SS0769    (3)    2 :  0.088 0.103 0.259 0.121 0.096 0.167 0.165 
 82 NS_SS0777    (2)    2 :  0.061 0.126 0.291 0.123 0.171 0.132 0.096 
 83 NS_SS0734    (6)    2 :  0.130 0.090 0.112 0.242 0.167 0.101 0.159 
 84 NS_SS0737    (3)    2 :  0.234 0.084 0.059 0.102 0.062 0.125 0.333 
 85 NS_SS0732    (5)    2 :  0.184 0.132 0.202 0.279 0.055 0.061 0.086 
 86 NS_SS0728    (5)    2 :  0.250 0.079 0.116 0.192 0.098 0.127 0.138 
 87 NS_SS0735    (9)    2 :  0.251 0.138 0.088 0.200 0.077 0.053 0.194 
 88 NS_SS0725    (1)    2 :  0.071 0.099 0.061 0.185 0.097 0.208 0.279 
 89 NS_SS0788    (2)    2 :  0.176 0.086 0.198 0.103 0.095 0.259 0.083 
 90 NS_SS0778    (2)    2 :  0.157 0.083 0.254 0.126 0.117 0.197 0.065 
 91 NS_SS0792    (6)    2 :  0.255 0.147 0.127 0.206 0.117 0.072 0.077 
 92 NS_SS0943   (11)    2 :  0.092 0.268 0.088 0.180 0.248 0.071 0.054 
 93 NS_SS0791    (2)    2 :  0.337 0.055 0.072 0.208 0.146 0.100 0.083 
 94 NS_SS0790    (5)    2 :  0.076 0.215 0.114 0.280 0.039 0.083 0.194 
 95 NS_SS0731    (6)    2 :  0.061 0.096 0.210 0.272 0.065 0.084 0.213 
 96 NS_SS0727    (6)    2 :  0.272 0.079 0.065 0.093 0.208 0.050 0.233 
 97 NS_SS0779   (12)    2 :  0.161 0.105 0.259 0.131 0.093 0.132 0.119 
 98 NS_SS0776    (3)    2 :  0.106 0.082 0.105 0.127 0.160 0.148 0.271 
 99 NS_SS0775    (5)    2 :  0.148 0.099 0.082 0.147 0.074 0.091 0.358 
100 NS_SS0965    (3)    3 :  0.094 0.152 0.225 0.232 0.075 0.151 0.071 
101 NS_SS0754   (13)    3 :  0.191 0.086 0.115 0.259 0.195 0.092 0.062 
102 NS_SS0838    (5)    3 :  0.149 0.130 0.100 0.103 0.157 0.194 0.167 
103 NS_SS0839    (3)    3 :  0.166 0.119 0.076 0.164 0.064 0.176 0.235 
104 NS_SS0832    (4)    3 :  0.098 0.260 0.131 0.177 0.048 0.132 0.154 
105 NS_SS0820    (4)    3 :  0.122 0.125 0.185 0.205 0.044 0.217 0.104 
106 NS_SS0886    (9)    3 :  0.141 0.098 0.162 0.186 0.173 0.139 0.102 
107 NS_SS0748    (5)    3 :  0.096 0.208 0.245 0.110 0.131 0.127 0.083 
108 NS_SS0884    (9)    3 :  0.212 0.159 0.122 0.141 0.130 0.120 0.116 
109 NS_SS0752    (3)    3 :  0.227 0.144 0.075 0.114 0.121 0.123 0.195 
110 NS_SS0862    (1)    3 :  0.190 0.163 0.118 0.332 0.054 0.077 0.066 
111 NS_SS0787    (9)    3 :  0.085 0.120 0.123 0.103 0.385 0.097 0.087 
112 NS_SS0843    (6)    3 :  0.196 0.134 0.237 0.153 0.086 0.078 0.117 
113 NS_SS0856    (4)    3 :  0.246 0.053 0.106 0.098 0.125 0.135 0.237 
114 NS_SS0846    (2)    3 :  0.193 0.242 0.124 0.057 0.137 0.149 0.098 
115 NS_SS0825    (1)    3 :  0.073 0.116 0.109 0.225 0.118 0.299 0.061 
116 NS_SS0757    (3)    3 :  0.103 0.179 0.184 0.209 0.145 0.101 0.079 
117 NS_SS0876    (3)    3 :  0.155 0.160 0.119 0.168 0.120 0.093 0.185 
118 NS_SS0903    (9)    3 :  0.392 0.236 0.064 0.063 0.047 0.098 0.100 
119 NS_SS0875    (7)    3 :  0.078 0.104 0.186 0.129 0.119 0.165 0.220 
120 NS_SS0740    (5)    3 :  0.144 0.166 0.199 0.154 0.095 0.082 0.160 
121 NS_SS0811    (5)    3 :  0.085 0.140 0.128 0.298 0.060 0.080 0.210 
122 NS_SS0751    (1)    3 :  0.120 0.079 0.151 0.100 0.110 0.197 0.244 
123 NS_SS0891    (6)    3 :  0.088 0.122 0.082 0.129 0.132 0.219 0.228 
124 NS_SS0867    (2)    3 :  0.103 0.311 0.134 0.169 0.134 0.111 0.038 
125 NS_SS0890    (6)    3 :  0.206 0.160 0.202 0.090 0.088 0.122 0.132 
126 NS_SS0866   (11)    3 :  0.115 0.107 0.060 0.134 0.384 0.105 0.094 
127 NS_SS0755    (4)    3 :  0.108 0.204 0.116 0.224 0.099 0.129 0.120 
128 NS_SS0758    (4)    3 :  0.246 0.136 0.137 0.099 0.112 0.115 0.155 
129 NS_SS0840    (2)    3 :  0.115 0.204 0.088 0.153 0.052 0.231 0.157 
130 NS_SS0889    (4)    3 :  0.081 0.117 0.091 0.244 0.296 0.090 0.080 
131 NS_SS1010    (1)    3 :  0.104 0.149 0.220 0.091 0.102 0.190 0.144 
132 NS_SS0888    (5)    3 :  0.277 0.067 0.064 0.149 0.294 0.052 0.097 
133 NS_SS0837    (3)    3 :  0.109 0.223 0.138 0.289 0.063 0.078 0.101 
134 NS_SS0794    (9)    3 :  0.156 0.106 0.084 0.118 0.289 0.059 0.188 
135 NS_SS0823    (4)    3 :  0.116 0.311 0.081 0.108 0.084 0.134 0.167 
136 NS_SS0829    (7)    3 :  0.058 0.196 0.124 0.187 0.313 0.065 0.056 
137 NS_SS0844    (5)    3 :  0.188 0.464 0.096 0.095 0.040 0.064 0.052 
138 NS_SS1008    (5)    3 :  0.122 0.110 0.104 0.102 0.247 0.064 0.252 
139 NS_SS0881    (3)    3 :  0.085 0.096 0.135 0.118 0.170 0.279 0.117 
140 NS_SS0834    (6)    3 :  0.098 0.118 0.072 0.112 0.079 0.222 0.298 
141 NS_SS0744   (10)    3 :  0.226 0.151 0.084 0.180 0.121 0.172 0.066 
142 NS_SS0899    (7)    3 :  0.061 0.205 0.143 0.248 0.069 0.071 0.203 
143 NS_SS0804    (4)    3 :  0.131 0.167 0.166 0.221 0.040 0.146 0.129 
144 NS_SS0781   (10)    3 :  0.079 0.207 0.178 0.082 0.052 0.231 0.170 
145 NS_SS0822    (6)    3 :  0.187 0.217 0.078 0.148 0.165 0.066 0.139 
146 NS_SS1004    (4)    3 :  0.141 0.248 0.172 0.133 0.083 0.118 0.105 
147 NS_SS0746    (5)    3 :  0.086 0.278 0.146 0.081 0.157 0.122 0.131 
148 NS_SS0880    (3)    3 :  0.142 0.238 0.053 0.154 0.098 0.178 0.136 
149 NS_SS0879    (4)    3 :  0.114 0.185 0.060 0.194 0.141 0.105 0.202 
150 NS_SS0753    (2)    3 :  0.114 0.199 0.210 0.150 0.191 0.067 0.068 
151 NS_SS1007    (2)    3 :  0.305 0.048 0.129 0.059 0.094 0.165 0.200 
152 NS_SS0872    (5)    3 :  0.180 0.157 0.128 0.104 0.082 0.150 0.198 
153 NS_SS1005    (7)    3 :  0.104 0.279 0.134 0.081 0.082 0.159 0.161 
154 NS_SS0892    (6)    3 :  0.096 0.121 0.228 0.140 0.124 0.126 0.166 
155 NS_SS0898    (0)    3 :  0.084 0.177 0.148 0.156 0.188 0.126 0.120 
156 NS_SS0801    (9)    3 :  0.078 0.177 0.217 0.206 0.115 0.097 0.110 
157 NS_SS0827    (8)    3 :  0.082 0.076 0.465 0.106 0.085 0.079 0.106 
158 NS_SS0853    (6)    3 :  0.106 0.093 0.291 0.172 0.131 0.057 0.149 
159 NS_SS0780    (2)    3 :  0.129 0.103 0.155 0.179 0.074 0.221 0.139 
160 NS_SS0826   (10)    3 :  0.050 0.224 0.107 0.108 0.151 0.307 0.054 
161 NS_SS0818    (5)    3 :  0.148 0.145 0.132 0.134 0.062 0.187 0.192 
162 NS_SS0745    (1)    3 :  0.031 0.043 0.062 0.205 0.074 0.113 0.472 
163 NS_SS0849    (3)    3 :  0.049 0.120 0.169 0.379 0.075 0.115 0.093 
164 NS_SS0739    (3)    3 :  0.185 0.054 0.153 0.180 0.097 0.207 0.125 
165 NS_SS0799    (1)    3 :  0.327 0.103 0.172 0.111 0.132 0.043 0.111 
166 NS_SS0756    (2)    3 :  0.075 0.314 0.122 0.125 0.068 0.196 0.100 
167 NS_SS0802    (2)    3 :  0.195 0.093 0.202 0.065 0.135 0.194 0.116 
168 NS_SS0747    (6)    3 :  0.166 0.208 0.163 0.093 0.107 0.160 0.103 
169 NS_SS0835    (1)    3 :  0.156 0.097 0.261 0.059 0.234 0.110 0.083 
170 NS_SS0742   (18)    3 :  0.251 0.150 0.145 0.142 0.059 0.161 0.092 
171 NS_SS0760    (9)    3 :  0.094 0.131 0.137 0.082 0.324 0.108 0.124 
172 NS_SS0803    (4)    3 :  0.295 0.386 0.066 0.085 0.048 0.049 0.071 
173 NS_SS0828   (13)    3 :  0.134 0.107 0.219 0.217 0.109 0.093 0.121 
174 NS_SS0865    (2)    3 :  0.119 0.159 0.072 0.267 0.139 0.190 0.054 
175 NS_SS0759    (4)    3 :  0.126 0.135 0.129 0.194 0.074 0.106 0.236 
176 NS_SS0851    (5)    3 :  0.041 0.091 0.078 0.450 0.072 0.111 0.157 
177 NS_SS0874   (16)    3 :  0.134 0.327 0.156 0.091 0.063 0.090 0.139 
178 NS_SS0761    (6)    3 :  0.085 0.180 0.157 0.159 0.235 0.133 0.050 
179 NS_SS0842   (25)    3 :  0.112 0.173 0.124 0.101 0.211 0.093 0.187 
180 NS_SS0785    (6)    3 :  0.202 0.192 0.133 0.138 0.157 0.087 0.092 
181 NS_SS0860   (11)    3 :  0.122 0.142 0.182 0.081 0.300 0.090 0.084 
182 NS_SS0897    (7)    3 :  0.104 0.091 0.109 0.178 0.362 0.066 0.090 
183 NS_SS0841   (14)    3 :  0.071 0.154 0.118 0.261 0.067 0.089 0.239 
184 NS_SS0797    (6)    3 :  0.076 0.140 0.164 0.221 0.182 0.149 0.067 
185 NS_SS0830   (10)    3 :  0.111 0.137 0.128 0.209 0.151 0.164 0.101 
186 NS_SS1011    (5)    3 :  0.109 0.191 0.080 0.160 0.074 0.311 0.075 
187 NS_SS0883    (5)    3 :  0.207 0.132 0.164 0.210 0.140 0.061 0.086 
188 NS_SS0782    (2)    3 :  0.206 0.130 0.067 0.114 0.178 0.084 0.220 
189 NS_SS0831    (5)    3 :  0.093 0.108 0.098 0.287 0.271 0.075 0.070 
190 NS_SS0749    (7)    3 :  0.197 0.079 0.090 0.246 0.153 0.117 0.117 
191 NS_SS0854    (2)    3 :  0.324 0.098 0.099 0.127 0.122 0.075 0.154 
192 HI_SS0193    (0)    4 :  0.121 0.069 0.060 0.224 0.241 0.143 0.142 
193 HI_SS0194    (0)    4 :  0.065 0.103 0.067 0.088 0.135 0.262 0.278 
194 HI_SS0195    (9)    4 :  0.101 0.061 0.121 0.294 0.047 0.221 0.155 
195 HI_SS0196    (6)    4 :  0.203 0.105 0.067 0.104 0.184 0.091 0.247 
196 HI_SS0197    (3)    4 :  0.074 0.078 0.120 0.054 0.081 0.506 0.088 
197 HI_SS0198    (1)    4 :  0.165 0.085 0.159 0.243 0.153 0.109 0.087 
198 HI_SS0199    (1)    4 :  0.323 0.109 0.069 0.091 0.191 0.080 0.138 
199 HI_SS0201    (4)    4 :  0.123 0.144 0.235 0.157 0.224 0.082 0.036 
200 HI_SS0215    (1)    4 :  0.094 0.131 0.279 0.108 0.215 0.120 0.054 
201 HI_SS0218    (1)    4 :  0.156 0.073 0.057 0.188 0.356 0.055 0.114 
202 HI_SS0222    (0)    4 :  0.153 0.054 0.096 0.201 0.133 0.189 0.173 
203 HI_SS0230    (1)    4 :  0.056 0.119 0.350 0.069 0.073 0.194 0.140 
204 HI_SS0234    (1)    4 :  0.318 0.117 0.123 0.052 0.090 0.204 0.096 
205 HI_SS0240    (1)    4 :  0.361 0.069 0.076 0.124 0.088 0.095 0.187 
206 HI_SS0241    (0)    4 :  0.143 0.126 0.220 0.117 0.193 0.126 0.074 
207 HI_SS0242    (0)    4 :  0.135 0.219 0.108 0.184 0.156 0.112 0.086 
208 HI_SS0247    (0)    4 :  0.060 0.320 0.116 0.134 0.107 0.174 0.089 
209 HI_SS0248    (1)    4 :  0.223 0.125 0.130 0.065 0.226 0.044 0.186 
210 HI_SS0252    (2)    4 :  0.176 0.166 0.071 0.208 0.091 0.077 0.209 
211 HI_SS0254    (1)    4 :  0.149 0.128 0.224 0.062 0.123 0.238 0.076 
212 HI_SS0256    (0)    4 :  0.149 0.215 0.126 0.129 0.030 0.155 0.195 
213 HI_SS0257    (0)    4 :  0.181 0.214 0.108 0.046 0.236 0.157 0.058 
214 HI_SS0258    (1)    4 :  0.122 0.127 0.177 0.113 0.261 0.076 0.124 
215 HI_SS0259    (1)    4 :  0.122 0.080 0.078 0.161 0.088 0.301 0.169 
216 HI_SS0260    (1)    4 :  0.203 0.075 0.119 0.084 0.244 0.076 0.199 
217 HI_SS0261    (2)    4 :  0.095 0.194 0.096 0.072 0.176 0.259 0.108 
218 HI_SS0262    (0)    4 :  0.199 0.103 0.107 0.256 0.094 0.118 0.122 
219 HI_SS0264    (1)    4 :  0.050 0.106 0.213 0.108 0.100 0.205 0.219 
220 HI_SS0265    (0)    4 :  0.100 0.100 0.185 0.220 0.079 0.226 0.090 
221 HI_SS0268    (1)    4 :  0.089 0.040 0.248 0.105 0.131 0.211 0.175 
222 HI_SS0269    (1)    4 :  0.291 0.106 0.075 0.056 0.290 0.136 0.047 
223 HI_SS0273    (0)    4 :  0.109 0.228 0.086 0.112 0.255 0.131 0.079 
224 HI_SS0277    (1)    4 :  0.120 0.139 0.102 0.111 0.073 0.409 0.046 
225 HI_SS0280    (0)    4 :  0.116 0.061 0.084 0.285 0.144 0.132 0.179 
226 HI_SS0282    (1)    4 :  0.151 0.221 0.085 0.185 0.199 0.083 0.077 
227 HI_SS0286    (1)    4 :  0.222 0.070 0.239 0.195 0.109 0.114 0.052 
228 NS_SS1252    (3)    5 :  0.136 0.161 0.144 0.093 0.337 0.051 0.078 
229 NS_SS1261    (1)    5 :  0.225 0.144 0.149 0.106 0.116 0.163 0.098 
230 NS_SS1225    (9)    5 :  0.090 0.335 0.174 0.078 0.162 0.099 0.061 
231 NS_SS1266    (1)    5 :  0.108 0.426 0.085 0.126 0.050 0.092 0.114 
232 NS_SS1228    (0)    5 :  0.138 0.088 0.073 0.362 0.098 0.127 0.114 
233 NS_SS1255    (2)    5 :  0.133 0.138 0.034 0.075 0.168 0.075 0.376 
234 NS_SS1267    (3)    5 :  0.134 0.048 0.257 0.106 0.308 0.088 0.059 
235 NS_SS1238    (6)    5 :  0.083 0.084 0.101 0.166 0.182 0.259 0.125 
236 NS_SS1233    (8)    5 :  0.033 0.411 0.109 0.092 0.075 0.091 0.189 
237 NS_SS1277    (3)    5 :  0.208 0.058 0.096 0.136 0.219 0.091 0.192 
238 NS_SS1245    (1)    5 :  0.120 0.224 0.169 0.070 0.151 0.123 0.143 
239 NS_SS1240    (4)    5 :  0.142 0.057 0.299 0.044 0.281 0.110 0.066 
240 NS_SS1275    (2)    5 :  0.091 0.133 0.055 0.205 0.050 0.370 0.096 
241 NS_SS1235    (1)    5 :  0.266 0.194 0.078 0.043 0.105 0.151 0.163 
242 NS_SS1263    (1)    5 :  0.088 0.296 0.087 0.095 0.077 0.086 0.272 
243 NS_SS1251    (1)    5 :  0.088 0.292 0.161 0.088 0.070 0.142 0.159 
244 NS_SS1248    (0)    5 :  0.037 0.087 0.133 0.403 0.139 0.116 0.084 
245 NS_SS1244    (0)    5 :  0.128 0.183 0.056 0.139 0.122 0.331 0.041 
246 NS_SS1257    (0)    5 :  0.179 0.094 0.137 0.128 0.256 0.087 0.119 
247 NS_SS1242    (2)    5 :  0.069 0.164 0.100 0.137 0.092 0.123 0.315 
248 NS_SS1271    (6)    5 :  0.240 0.071 0.104 0.130 0.298 0.104 0.053 
249 NS_SS1265    (1)    5 :  0.052 0.130 0.187 0.091 0.275 0.149 0.117 
250 NS_SS1243    (0)    5 :  0.101 0.091 0.136 0.271 0.104 0.059 0.237 
251 NS_SS1273    (1)    5 :  0.085 0.162 0.090 0.113 0.078 0.124 0.349 
252 NS_SS1254   (14)    5 :  0.098 0.352 0.131 0.090 0.080 0.070 0.180 
253 NS_SS1224    (1)    5 :  0.107 0.254 0.086 0.243 0.079 0.100 0.130 
254 NS_SS1227    (8)    5 :  0.162 0.061 0.364 0.052 0.134 0.132 0.096 
255 NS_SS1274    (8)    5 :  0.192 0.116 0.114 0.142 0.190 0.106 0.140 
256 NS_SS1241    (1)    5 :  0.189 0.198 0.108 0.154 0.168 0.101 0.081 
257 NS_SS1256    (3)    5 :  0.062 0.284 0.130 0.062 0.170 0.191 0.102 
258 NS_SS1260    (8)    5 :  0.305 0.120 0.099 0.096 0.228 0.076 0.076 
259 NS_SS1262    (0)    5 :  0.135 0.218 0.138 0.164 0.157 0.132 0.056 
260 NS_SS1230    (0)    5 :  0.068 0.166 0.102 0.135 0.223 0.120 0.187 
261 NS_SS1270    (2)    5 :  0.055 0.249 0.146 0.279 0.075 0.126 0.071 
262 NS_SS1229    (2)    5 :  0.304 0.117 0.062 0.048 0.065 0.265 0.139 
263 NS_SS1246    (5)    5 :  0.252 0.066 0.076 0.085 0.194 0.254 0.074 
264 NS_SS1269    (0)    5 :  0.149 0.165 0.132 0.168 0.103 0.112 0.171 
265 NS_SS1239    (1)    5 :  0.335 0.070 0.087 0.272 0.053 0.068 0.117 
266 NS_SS1272    (4)    5 :  0.079 0.126 0.181 0.080 0.072 0.394 0.068 
267 NS_SS1268    (1)    5 :  0.053 0.231 0.156 0.330 0.074 0.052 0.105 
268 NS_SS1249    (0)    5 :  0.219 0.116 0.049 0.102 0.356 0.063 0.094 
269 HI_SS0559    (0)    6 :  0.126 0.129 0.141 0.221 0.156 0.055 0.172 
270 HI_SS0563    (1)    6 :  0.246 0.187 0.117 0.118 0.102 0.159 0.072 
271 HI_SS0564    (0)    6 :  0.133 0.158 0.110 0.179 0.099 0.225 0.095 
272 HI_SS0565    (0)    6 :  0.092 0.135 0.284 0.066 0.142 0.195 0.085 
273 HI_SS0569    (0)    6 :  0.072 0.236 0.312 0.080 0.162 0.092 0.046 
274 HI_SS0570    (0)    6 :  0.141 0.052 0.134 0.157 0.271 0.139 0.106 
275 HI_SS0572    (1)    6 :  0.270 0.112 0.107 0.078 0.065 0.119 0.248 
276 HI_SS0576    (0)    6 :  0.112 0.102 0.119 0.250 0.076 0.150 0.192 
277 HI_SS0579    (1)    6 :  0.198 0.291 0.178 0.073 0.128 0.062 0.070 
278 HI_SS0580    (1)    6 :  0.163 0.098 0.139 0.112 0.205 0.066 0.217 
279 HI_SS0581    (0)    6 :  0.093 0.070 0.089 0.277 0.061 0.318 0.092 
280 HI_SS0583    (1)    6 :  0.119 0.124 0.285 0.042 0.169 0.087 0.175 
281 HI_SS0586    (1)    6 :  0.063 0.058 0.351 0.091 0.268 0.073 0.097 
282 HI_SS0588    (1)    6 :  0.130 0.164 0.344 0.076 0.135 0.051 0.099 
283 HI_SS0595    (4)    6 :  0.102 0.098 0.162 0.053 0.185 0.286 0.114 
284 HI_SS0596    (0)    6 :  0.208 0.127 0.101 0.068 0.068 0.067 0.361 
285 HI_SS0597    (1)    6 :  0.112 0.139 0.135 0.065 0.083 0.216 0.250 
286 HI_SS0600    (0)    6 :  0.313 0.089 0.095 0.143 0.138 0.160 0.062 
287 HI_SS0601    (1)    6 :  0.157 0.190 0.257 0.127 0.085 0.147 0.037 
288 HI_SS0602    (1)    6 :  0.067 0.054 0.375 0.135 0.167 0.052 0.149 
289 HI_SS0604    (0)    6 :  0.076 0.178 0.213 0.194 0.107 0.071 0.161 
290 HI_SS0605    (1)    6 :  0.190 0.085 0.113 0.310 0.155 0.069 0.077 
291 HI_SS0608    (0)    6 :  0.082 0.074 0.244 0.125 0.108 0.110 0.258 
292 HI_SS0609    (0)    6 :  0.097 0.290 0.145 0.066 0.081 0.145 0.176 
293 HI_SS0611    (5)    6 :  0.103 0.066 0.213 0.243 0.215 0.060 0.100 
294 HI_SS0612    (1)    6 :  0.245 0.387 0.055 0.042 0.132 0.075 0.063 
295 HI_SS0613    (1)    6 :  0.072 0.125 0.139 0.363 0.113 0.064 0.124 
296 HI_SS0615    (0)    6 :  0.207 0.081 0.107 0.171 0.051 0.173 0.210 
297 HI_SS0001    (1)    6 :  0.147 0.097 0.061 0.088 0.202 0.196 0.210 
298 HI_SS0002    (1)    6 :  0.093 0.245 0.222 0.075 0.053 0.131 0.181 
299 HI_SS0004    (0)    6 :  0.119 0.073 0.114 0.139 0.258 0.107 0.191 
300 HI_SS0005    (1)    6 :  0.077 0.080 0.145 0.331 0.100 0.146 0.120 
301 HI_SS0006    (1)    6 :  0.115 0.232 0.143 0.076 0.205 0.150 0.081 
302 HI_SS0007    (1)    6 :  0.132 0.058 0.078 0.372 0.219 0.052 0.090 
303 HI_SS0008    (0)    6 :  0.098 0.104 0.368 0.114 0.067 0.166 0.083 
304 HI_SS0009    (0)    6 :  0.199 0.092 0.171 0.215 0.062 0.052 0.209 
305 HI_SS0010    (1)    6 :  0.113 0.103 0.265 0.140 0.144 0.115 0.121 
306 HI_SS0011    (1)    6 :  0.037 0.318 0.074 0.135 0.109 0.243 0.084 
307 HI_SS0012    (0)    6 :  0.328 0.067 0.225 0.097 0.038 0.171 0.075 
308 HI_SS0017    (1)    6 :  0.118 0.088 0.063 0.121 0.110 0.185 0.316 
309 HI_SS0021    (1)    6 :  0.074 0.076 0.281 0.063 0.201 0.166 0.140 
310 HI_SS0024    (1)    6 :  0.169 0.066 0.073 0.208 0.080 0.234 0.170 
311 HI_SS0025    (1)    6 :  0.113 0.167 0.080 0.153 0.097 0.075 0.314 
312 HI_SS0027    (0)    6 :  0.125 0.195 0.180 0.164 0.186 0.054 0.095 
313 HI_SS0028    (0)    6 :  0.048 0.064 0.270 0.160 0.038 0.231 0.188 
314 HI_SS0029    (1)    6 :  0.170 0.054 0.082 0.081 0.182 0.169 0.262 
315 HI_SS0030    (2)    6 :  0.221 0.122 0.102 0.189 0.139 0.128 0.098 
316 HI_SS0031    (0)    6 :  0.259 0.141 0.214 0.054 0.061 0.170 0.101 
317 HI_SS0034    (0)    6 :  0.158 0.202 0.096 0.111 0.263 0.075 0.095 
318 HI_SS0036    (0)    6 :  0.090 0.032 0.110 0.165 0.289 0.238 0.076 
319 HI_SS0037    (1)    6 :  0.062 0.118 0.186 0.140 0.296 0.057 0.142 
320 HI_SS0039    (0)    6 :  0.066 0.078 0.116 0.268 0.235 0.135 0.101 
321 HI_SS0041    (1)    6 :  0.105 0.067 0.080 0.333 0.099 0.141 0.175 
322 HI_SS0042    (1)    6 :  0.099 0.145 0.121 0.119 0.072 0.241 0.203 
323 HI_SS0043    (1)    6 :  0.130 0.077 0.139 0.111 0.317 0.185 0.042 
324 HI_SS0044    (1)    6 :  0.197 0.053 0.067 0.074 0.229 0.077 0.301 
325 HI_SS0047    (1)    6 :  0.139 0.129 0.142 0.205 0.081 0.124 0.181 
326 HI_SS0049    (0)    6 :  0.069 0.171 0.144 0.089 0.124 0.082 0.320 
327 HI_SS0051    (1)    6 :  0.113 0.203 0.149 0.323 0.092 0.062 0.058 
328 HI_SS0053    (1)    6 :  0.115 0.102 0.115 0.104 0.269 0.235 0.060 
329 HI_SS0054    (4)    6 :  0.069 0.225 0.183 0.156 0.230 0.095 0.042 
330 HI_SS0057    (0)    6 :  0.055 0.142 0.079 0.260 0.122 0.208 0.134 
331 HI_SS0058    (0)    6 :  0.092 0.151 0.169 0.092 0.256 0.068 0.170 
332 HI_SS0060    (0)    6 :  0.137 0.137 0.170 0.196 0.101 0.209 0.050 
333 HI_SS0087    (1)    6 :  0.102 0.165 0.207 0.090 0.129 0.206 0.101 
334 HI_SS0091    (0)    6 :  0.115 0.123 0.115 0.062 0.303 0.229 0.053 
335 HI_SS0095    (1)    6 :  0.248 0.129 0.131 0.133 0.125 0.169 0.065 
336 HI_SS0097    (3)    6 :  0.206 0.350 0.154 0.087 0.069 0.082 0.053 
337 HI_SS0099    (0)    6 :  0.071 0.083 0.244 0.078 0.113 0.084 0.328 
338 HI_SS0103    (0)    6 :  0.235 0.113 0.064 0.106 0.119 0.169 0.194 
339 HI_SS0105    (1)    6 :  0.115 0.158 0.135 0.149 0.106 0.274 0.062 
340 HI_SS0107    (1)    6 :  0.220 0.124 0.052 0.112 0.053 0.200 0.239 
341 HI_SS0108    (1)    6 :  0.123 0.118 0.088 0.109 0.404 0.094 0.064 
342 HI_SS0110    (0)    6 :  0.196 0.090 0.068 0.069 0.152 0.338 0.087 
343 HI_SS0111    (1)    6 :  0.243 0.066 0.166 0.128 0.105 0.205 0.087 
344 HI_SS0112    (0)    6 :  0.156 0.075 0.137 0.082 0.347 0.115 0.088 
345 HI_SS0113    (1)    6 :  0.081 0.134 0.081 0.104 0.084 0.242 0.275 
346 HI_SS0114    (1)    6 :  0.093 0.138 0.249 0.170 0.195 0.084 0.072 
347 HI_SS0115    (1)    6 :  0.267 0.108 0.177 0.102 0.097 0.039 0.211 
348 HI_SS0116    (4)    6 :  0.181 0.068 0.151 0.041 0.232 0.067 0.259 
349 HI_SS0117    (0)    6 :  0.084 0.212 0.138 0.048 0.185 0.269 0.064 
350 HI_SS0118    (0)    6 :  0.127 0.191 0.103 0.074 0.225 0.139 0.141 
351 HI_SS0119    (1)    6 :  0.176 0.134 0.082 0.123 0.188 0.254 0.043 
352 HI_SS0120    (1)    6 :  0.106 0.096 0.046 0.077 0.068 0.342 0.265 
353 HI_SS0121    (1)    6 :  0.048 0.145 0.175 0.135 0.063 0.355 0.077 
354 HI_SS0122    (2)    6 :  0.138 0.121 0.074 0.168 0.173 0.216 0.110 
355 HI_SS0123    (0)    6 :  0.133 0.206 0.091 0.081 0.146 0.234 0.110 
356 HI_SS0124    (1)    6 :  0.155 0.092 0.119 0.136 0.062 0.091 0.346 
357 HI_SS0125    (1)    6 :  0.214 0.080 0.171 0.151 0.047 0.171 0.168 
358 HI_SS0126    (0)    6 :  0.102 0.096 0.061 0.075 0.341 0.109 0.216 
359 HI_SS0127    (0)    6 :  0.074 0.159 0.207 0.312 0.088 0.074 0.086 
360 HI_SS0128    (0)    6 :  0.170 0.174 0.097 0.067 0.119 0.189 0.183 
361 HI_SS0129    (1)    6 :  0.129 0.068 0.096 0.184 0.230 0.164 0.127 
362 HI_SS0131    (2)    6 :  0.059 0.193 0.239 0.159 0.201 0.075 0.075 
363 HI_SS0132    (0)    6 :  0.130 0.153 0.118 0.116 0.136 0.264 0.083 
364 HI_SS0133    (1)    6 :  0.109 0.080 0.064 0.130 0.423 0.100 0.094 
365 HI_SS0134    (1)    6 :  0.135 0.182 0.169 0.116 0.151 0.127 0.121 
366 HI_SS0142    (3)    6 :  0.204 0.186 0.179 0.119 0.086 0.174 0.053 
367 HI_SS0145    (0)    6 :  0.175 0.230 0.124 0.078 0.183 0.083 0.126 
368 HI_SS0146    (1)    6 :  0.208 0.189 0.134 0.149 0.173 0.055 0.093 
369 HI_SS0147    (1)    6 :  0.083 0.181 0.060 0.374 0.097 0.114 0.090 
370 HI_SS0149    (1)    6 :  0.048 0.182 0.047 0.071 0.174 0.414 0.064 
371 HI_SS0150    (2)    6 :  0.137 0.117 0.124 0.210 0.065 0.157 0.190 
372 HI_SS0151    (0)    6 :  0.345 0.095 0.087 0.192 0.111 0.049 0.121 
373 NS_SS1451    (1)    6 :  0.205 0.074 0.066 0.223 0.061 0.155 0.217 
374 NS_SS1404    (0)    6 :  0.082 0.099 0.086 0.330 0.128 0.124 0.150 
375 NS_SS1432    (2)    6 :  0.103 0.053 0.104 0.094 0.066 0.322 0.258 
376 NS_SS1405    (4)    6 :  0.123 0.100 0.118 0.078 0.174 0.092 0.314 
377 NS_SS1431   (10)    6 :  0.077 0.093 0.073 0.111 0.081 0.343 0.222 
378 NS_SS1402    (3)    6 :  0.239 0.131 0.145 0.093 0.117 0.173 0.101 
379 NS_SS1450    (3)    6 :  0.137 0.071 0.049 0.185 0.276 0.127 0.155 
380 NS_SS1396    (0)    6 :  0.140 0.119 0.172 0.158 0.119 0.150 0.142 
381 NS_SS1393    (5)    6 :  0.256 0.071 0.261 0.108 0.104 0.076 0.124 
382 NS_SS1392   (10)    6 :  0.234 0.048 0.089 0.199 0.087 0.111 0.231 
383 NS_SS1445    (0)    6 :  0.063 0.151 0.274 0.106 0.190 0.156 0.060 
384 NS_SS1423    (0)    6 :  0.221 0.088 0.129 0.056 0.142 0.248 0.118 
385 NS_SS1421    (9)    6 :  0.145 0.165 0.071 0.124 0.170 0.232 0.092 
386 NS_SS1411    (6)    6 :  0.071 0.065 0.164 0.316 0.225 0.056 0.104 
387 NS_SS1453    (5)    6 :  0.165 0.065 0.101 0.113 0.210 0.281 0.065 
388 NS_SS1442    (2)    6 :  0.143 0.194 0.263 0.088 0.101 0.073 0.139 
389 NS_SS1422    (1)    6 :  0.323 0.236 0.066 0.074 0.095 0.115 0.091 
390 NS_SS1419    (1)    6 :  0.067 0.342 0.116 0.183 0.108 0.079 0.106 
391 NS_SS1427    (0)    6 :  0.251 0.044 0.075 0.063 0.307 0.134 0.125 
392 NS_SS1444    (3)    6 :  0.079 0.156 0.294 0.150 0.072 0.060 0.190 
393 NS_SS1455    (0)    6 :  0.120 0.224 0.106 0.055 0.070 0.128 0.297 
394 NS_SS1425    (2)    6 :  0.113 0.137 0.213 0.104 0.297 0.082 0.054 
395 NS_SS1400    (0)    6 :  0.053 0.199 0.148 0.106 0.284 0.077 0.133 
396 NS_SS1406    (1)    6 :  0.088 0.309 0.111 0.064 0.045 0.246 0.137 
397 NS_SS1417    (6)    6 :  0.064 0.200 0.088 0.134 0.192 0.147 0.175 
398 NS_SS1454    (2)    6 :  0.042 0.090 0.108 0.115 0.241 0.293 0.113 
399 NS_SS1412    (1)    6 :  0.106 0.098 0.094 0.204 0.205 0.122 0.171 
400 NS_SS1438    (1)    6 :  0.134 0.150 0.236 0.160 0.210 0.068 0.042 
401 NS_SS1416    (4)    6 :  0.131 0.141 0.111 0.145 0.146 0.170 0.155 
402 NS_SS1401    (0)    6 :  0.173 0.138 0.154 0.080 0.125 0.238 0.092 
403 NS_SS1424    (6)    6 :  0.148 0.120 0.102 0.168 0.159 0.239 0.064 
404 NS_SS1435    (9)    6 :  0.125 0.043 0.270 0.133 0.095 0.130 0.205 
405 NS_SS1447    (4)    6 :  0.076 0.191 0.152 0.231 0.087 0.110 0.153 
406 NS_SS1414    (3)    6 :  0.042 0.205 0.145 0.186 0.086 0.090 0.246 
407 NS_SS1449   (14)    6 :  0.372 0.080 0.048 0.126 0.082 0.229 0.063 
408 NS_SS1443    (4)    6 :  0.247 0.165 0.127 0.061 0.218 0.082 0.100 
409 NS_SS1434    (1)    6 :  0.286 0.103 0.063 0.065 0.156 0.070 0.257 
410 NS_SS1398    (1)    6 :  0.102 0.095 0.127 0.107 0.130 0.148 0.291 
411 NS_SS1426    (1)    6 :  0.145 0.077 0.281 0.083 0.225 0.109 0.079 
412 NS_SS1413    (0)    6 :  0.071 0.167 0.079 0.086 0.279 0.098 0.220 
413 NS_SS1395    (1)    6 :  0.211 0.072 0.298 0.069 0.152 0.136 0.062 
414 NS_SS1448   (10)    6 :  0.067 0.069 0.067 0.300 0.222 0.125 0.149 
415 NS_SS1446    (0)    6 :  0.206 0.114 0.116 0.130 0.202 0.162 0.070 
416 NS_SS1403    (2)    6 :  0.133 0.067 0.237 0.084 0.066 0.300 0.112 
417 NS_SS1415    (0)    6 :  0.116 0.111 0.169 0.139 0.235 0.097 0.133 
418 NS_SS1437    (4)    6 :  0.065 0.109 0.180 0.115 0.109 0.306 0.117 
419 NS_SS1439    (2)    6 :  0.189 0.199 0.235 0.090 0.090 0.093 0.104 
420 NS_SS1441    (3)    6 :  0.145 0.158 0.169 0.055 0.193 0.092 0.188 
421 NS_SS1420    (2)    6 :  0.132 0.059 0.068 0.515 0.073 0.050 0.103 
422 NS_SS1394    (2)    6 :  0.073 0.058 0.282 0.197 0.061 0.137 0.191 
423 NS_SS1391    (7)    6 :  0.163 0.061 0.137 0.064 0.201 0.117 0.258 
424 NS_SS1410    (5)    6 :  0.186 0.113 0.120 0.095 0.153 0.220 0.113 
425 NS_SS1408    (1)    6 :  0.145 0.135 0.159 0.149 0.087 0.254 0.071 
426 NS_SS1409    (1)    6 :  0.196 0.116 0.087 0.057 0.186 0.107 0.252 
427 HI_SS0617    (1)    7 :  0.292 0.081 0.047 0.137 0.218 0.080 0.145 
428 HI_SS0618    (2)    7 :  0.210 0.095 0.209 0.129 0.067 0.087 0.203 
429 HI_SS0619    (0)    7 :  0.088 0.094 0.128 0.107 0.184 0.102 0.297 
430 HI_SS0620    (1)    7 :  0.215 0.056 0.081 0.278 0.280 0.035 0.054 
431 HI_SS0621    (3)    7 :  0.203 0.157 0.130 0.131 0.088 0.169 0.122 
432 HI_SS0622    (1)    7 :  0.080 0.265 0.066 0.188 0.174 0.105 0.121 
433 HI_SS0626    (0)    7 :  0.054 0.066 0.259 0.285 0.103 0.135 0.098 
434 HI_SS0627    (0)    7 :  0.101 0.075 0.194 0.093 0.066 0.325 0.147 
435 HI_SS0628    (3)    7 :  0.066 0.075 0.143 0.112 0.251 0.223 0.130 
436 HI_SS0629    (1)    7 :  0.124 0.125 0.292 0.101 0.131 0.143 0.085 
437 HI_SS0630    (1)    7 :  0.157 0.098 0.186 0.193 0.158 0.061 0.147 
438 HI_SS0631    (0)    7 :  0.200 0.091 0.161 0.204 0.161 0.110 0.073 
439 HI_SS0632    (0)    7 :  0.078 0.185 0.137 0.248 0.127 0.138 0.089 
440 HI_SS0633    (0)    7 :  0.182 0.125 0.096 0.054 0.130 0.062 0.351 
441 HI_SS0634    (1)    7 :  0.101 0.094 0.096 0.214 0.163 0.239 0.093 
442 HI_SS0635    (0)    7 :  0.068 0.154 0.274 0.139 0.057 0.113 0.195 
443 HI_SS0637    (1)    7 :  0.088 0.222 0.137 0.242 0.130 0.131 0.050 
444 HI_SS0638    (0)    7 :  0.106 0.131 0.094 0.151 0.177 0.133 0.206 
445 HI_SS0639    (1)    7 :  0.180 0.122 0.199 0.197 0.052 0.122 0.129 
446 HI_SS0640    (1)    7 :  0.103 0.212 0.307 0.098 0.076 0.069 0.134 
447 HI_SS0641    (1)    7 :  0.071 0.087 0.270 0.201 0.196 0.062 0.113 
448 HI_SS0642    (0)    7 :  0.144 0.081 0.098 0.111 0.063 0.408 0.094 
449 HI_SS0645    (0)    7 :  0.121 0.117 0.084 0.301 0.060 0.060 0.257 
450 HI_SS0646    (1)    7 :  0.234 0.164 0.085 0.082 0.120 0.138 0.178 
451 HI_SS0647    (1)    7 :  0.051 0.139 0.082 0.122 0.148 0.213 0.245 
452 HI_SS0648    (0)    7 :  0.113 0.156 0.148 0.147 0.143 0.112 0.181 
453 HI_SS0649    (1)    7 :  0.210 0.128 0.242 0.071 0.088 0.084 0.177 
454 HI_SS0650    (1)    7 :  0.262 0.063 0.114 0.099 0.072 0.119 0.269 
455 HI_SS0651    (1)    7 :  0.217 0.119 0.234 0.099 0.088 0.077 0.165 
456 HI_SS0652    (1)    7 :  0.066 0.077 0.115 0.401 0.071 0.074 0.197 
457 NS_SS1371    (3)    7 :  0.312 0.078 0.209 0.050 0.102 0.158 0.091 
458 NS_SS1374    (0)    7 :  0.066 0.059 0.101 0.178 0.260 0.253 0.084 
459 NS_SS1337    (3)    7 :  0.076 0.097 0.047 0.338 0.078 0.274 0.090 
460 NS_SS1385    (5)    7 :  0.222 0.150 0.139 0.096 0.094 0.122 0.177 
461 NS_SS1388    (0)    7 :  0.066 0.075 0.255 0.066 0.140 0.102 0.297 
462 NS_SS1370    (1)    7 :  0.137 0.082 0.063 0.543 0.050 0.085 0.040 
463 NS_SS1389    (3)    7 :  0.062 0.063 0.216 0.130 0.100 0.117 0.313 
464 NS_SS1360    (1)    7 :  0.094 0.125 0.363 0.131 0.123 0.078 0.085 
465 NS_SS1330    (0)    7 :  0.171 0.154 0.133 0.223 0.061 0.075 0.182 
466 NS_SS1328    (8)    7 :  0.140 0.114 0.060 0.057 0.265 0.156 0.207 
467 NS_SS1384    (1)    7 :  0.129 0.134 0.354 0.114 0.078 0.137 0.054 
468 NS_SS1381    (0)    7 :  0.253 0.140 0.061 0.091 0.053 0.090 0.311 
469 NS_SS1375    (1)    7 :  0.157 0.047 0.108 0.131 0.103 0.127 0.326 
470 NS_SS1319   (10)    7 :  0.180 0.088 0.134 0.144 0.119 0.230 0.106 
471 NS_SS1326    (2)    7 :  0.106 0.076 0.106 0.057 0.331 0.099 0.225 
472 NS_SS1341    (1)    7 :  0.112 0.136 0.208 0.075 0.167 0.254 0.048 
473 NS_SS1383    (1)    7 :  0.130 0.076 0.156 0.161 0.082 0.354 0.041 
474 NS_SS1318    (3)    7 :  0.172 0.144 0.150 0.210 0.104 0.070 0.150 
475 NS_SS1348    (2)    7 :  0.154 0.118 0.283 0.115 0.161 0.121 0.048 
476 NS_SS1363    (0)    7 :  0.123 0.212 0.086 0.202 0.100 0.136 0.142 
477 NS_SS1335    (4)    7 :  0.107 0.242 0.195 0.134 0.148 0.111 0.062 
478 NS_SS1358    (0)    7 :  0.152 0.257 0.087 0.109 0.144 0.197 0.055 
479 NS_SS1342    (1)    7 :  0.140 0.186 0.089 0.053 0.178 0.292 0.063 
480 NS_SS1320    (2)    7 :  0.142 0.214 0.044 0.050 0.041 0.087 0.422 
481 NS_SS1355    (1)    7 :  0.108 0.296 0.165 0.121 0.068 0.094 0.148 
482 NS_SS1345    (1)    7 :  0.108 0.496 0.086 0.109 0.053 0.064 0.084 
483 NS_SS1324    (0)    7 :  0.194 0.106 0.261 0.092 0.161 0.109 0.077 
484 NS_SS1347    (5)    7 :  0.321 0.117 0.150 0.109 0.083 0.132 0.089 
485 NS_SS1321    (4)    7 :  0.118 0.072 0.077 0.165 0.240 0.255 0.072 
486 NS_SS1333    (0)    7 :  0.112 0.038 0.179 0.088 0.220 0.257 0.106 
487 NS_SS1364    (1)    7 :  0.052 0.265 0.271 0.062 0.155 0.115 0.080 
488 NS_SS1379    (0)    7 :  0.210 0.136 0.133 0.121 0.105 0.114 0.180 
489 NS_SS1332    (0)    7 :  0.066 0.084 0.246 0.052 0.285 0.117 0.151 
490 NS_SS1338    (5)    7 :  0.149 0.064 0.358 0.162 0.118 0.083 0.066 
491 NS_SS1368    (6)    7 :  0.051 0.264 0.095 0.062 0.234 0.174 0.121 
492 NS_SS1354    (1)    7 :  0.105 0.229 0.142 0.111 0.113 0.149 0.151 
493 NS_SS1365    (0)    7 :  0.107 0.161 0.086 0.210 0.100 0.157 0.178 
494 NS_SS1380    (1)    7 :  0.070 0.250 0.108 0.192 0.087 0.130 0.162 
495 NS_SS1329    (8)    7 :  0.077 0.203 0.081 0.053 0.212 0.289 0.085 
496 NS_SS1362    (0)    7 :  0.141 0.115 0.287 0.070 0.085 0.177 0.124 
497 NS_SS1327    (2)    7 :  0.110 0.038 0.245 0.086 0.345 0.105 0.071 
498 NS_SS1350    (0)    7 :  0.349 0.050 0.080 0.081 0.158 0.098 0.184 
499 NS_SS1387    (2)    7 :  0.109 0.084 0.335 0.171 0.077 0.072 0.153 
500 NS_SS1369    (8)    7 :  0.075 0.308 0.045 0.176 0.234 0.096 0.067 
501 NS_SS1331    (1)    7 :  0.058 0.073 0.068 0.199 0.195 0.221 0.186 
502 NS_SS1357    (4)    7 :  0.271 0.087 0.055 0.047 0.169 0.169 0.202 
503 NS_SS1386    (1)    7 :  0.057 0.155 0.081 0.050 0.347 0.261 0.048 
504 NS_SS1353    (2)    7 :  0.104 0.093 0.089 0.087 0.130 0.203 0.293 
505 NS_SS1323    (0)    7 :  0.084 0.219 0.102 0.108 0.074 0.265 0.148 
506 HI_SS0296    (0)    8 :  0.194 0.119 0.078 0.272 0.207 0.051 0.079 
507 HI_SS0297    (0)    8 :  0.197 0.066 0.082 0.078 0.069 0.359 0.149 
508 HI_SS0299    (0)    8 :  0.128 0.201 0.145 0.201 0.107 0.139 0.078 
509 HI_SS0300    (0)    8 :  0.118 0.242 0.137 0.220 0.110 0.069 0.104 
510 HI_SS0301    (0)    8 :  0.040 0.101 0.332 0.268 0.066 0.141 0.052 
511 HI_SS0302    (0)    8 :  0.098 0.134 0.203 0.260 0.172 0.065 0.068 
512 HI_SS0303    (0)    8 :  0.081 0.104 0.149 0.057 0.284 0.069 0.256 
513 HI_SS0304    (0)    8 :  0.049 0.061 0.079 0.169 0.202 0.157 0.282 
514 HI_SS0306    (5)    8 :  0.059 0.108 0.106 0.264 0.279 0.094 0.089 
515 HI_SS0307    (1)    8 :  0.106 0.205 0.138 0.151 0.087 0.126 0.186 
516 HI_SS0308    (1)    8 :  0.207 0.142 0.323 0.077 0.058 0.123 0.071 
