

----------------------------------------------------
STRUCTURE by Pritchard, Stephens and Donnelly (2000)
     and Falush, Stephens and Pritchard (2003)
       Code by Pritchard, Falush and Hubisz
             Version 2.3.4 (Jul 2012)
----------------------------------------------------



Command line arguments:   /home/genobiwan/Documents/Programs/Structure/structure -m parameter_job_k6_r5 
Input File:    /media/genobiwan/Storage/Projets/Mackerel_NWA_2021/data_job_k6_r5

Run parameters:
   557 individuals
   3930 loci
   6 populations assumed
   100000 Burn-in period
   200000 Reps


--------------------------------------------
Proportion of membership of each pre-defined
 population in each of the 6 clusters

Given    Inferred Clusters                            Number of
 Pop       1      2      3      4      5      6      Individuals

  1:     0.184  0.162  0.162  0.169  0.151  0.172       67
  2:     0.151  0.178  0.201  0.149  0.174  0.147       32
  3:     0.188  0.182  0.155  0.160  0.159  0.156       92
  4:     0.149  0.160  0.152  0.159  0.188  0.192       36
  5:     0.190  0.164  0.154  0.161  0.171  0.159       41
  6:     0.155  0.163  0.165  0.174  0.168  0.174      158
  7:     0.158  0.167  0.171  0.171  0.161  0.172       79
  8:     0.177  0.167  0.150  0.182  0.164  0.161       52
--------------------------------------------

Allele-freq. divergence among pops (Net nucleotide distance),
computed using point estimates of P.

      1       2       3       4       5       6      
 1      -    0.0036  0.0047  0.0029  0.0036  0.0035  
 2   0.0036     -    0.0047  0.0031  0.0042  0.0039  
 3   0.0047  0.0047     -    0.0046  0.0045  0.0047  
 4   0.0029  0.0031  0.0046     -    0.0019  0.0030  
 5   0.0036  0.0042  0.0045  0.0019     -    0.0037  
 6   0.0035  0.0039  0.0047  0.0030  0.0037     -    

Average distances (expected heterozygosity) between individuals in same cluster:
cluster  1  : 0.3108 
cluster  2  : 0.3102 
cluster  3  : 0.3107 
cluster  4  : 0.3130 
cluster  5  : 0.3124 
cluster  6  : 0.3115 

--------------------------------------------
Estimated Ln Prob of Data   = -2071277.6
Mean value of ln likelihood = -2060680.7
Variance of ln likelihood   = 21193.7
Mean value of alpha         = 1.7156

Mean value of Fst_1         = 0.0436
Mean value of Fst_2         = 0.0438
Mean value of Fst_3         = 0.0528
Mean value of Fst_4         = 0.0436
Mean value of Fst_5         = 0.0500
Mean value of Fst_6         = 0.0426


Inferred ancestry of individuals:
        Label (%Miss) Pop:  Inferred clusters
  1 NS_SS0963    (4)    1 :  0.233 0.170 0.089 0.131 0.129 0.248 
  2 NS_SS0983    (1)    1 :  0.147 0.102 0.048 0.390 0.202 0.110 
  3 NS_SS0719    (8)    1 :  0.124 0.221 0.124 0.133 0.178 0.220 
  4 NS_SS1001    (8)    1 :  0.187 0.193 0.309 0.106 0.124 0.081 
  5 NS_SS0936    (4)    1 :  0.244 0.078 0.204 0.088 0.158 0.228 
  6 NS_SS0955    (5)    1 :  0.219 0.178 0.061 0.200 0.180 0.163 
  7 NS_SS0944    (3)    1 :  0.281 0.175 0.136 0.148 0.163 0.098 
  8 NS_SS0945    (3)    1 :  0.140 0.098 0.299 0.217 0.122 0.124 
  9 NS_SS0922    (2)    1 :  0.131 0.190 0.291 0.076 0.136 0.176 
 10 NS_SS0929    (7)    1 :  0.213 0.114 0.090 0.175 0.217 0.191 
 11 NS_SS0956    (2)    1 :  0.130 0.383 0.184 0.093 0.116 0.094 
 12 NS_SS0906    (3)    1 :  0.296 0.117 0.104 0.185 0.146 0.152 
 13 NS_SS0721    (6)    1 :  0.095 0.354 0.089 0.203 0.117 0.143 
 14 NS_SS0982    (4)    1 :  0.219 0.186 0.125 0.189 0.094 0.188 
 15 NS_SS0923    (5)    1 :  0.195 0.142 0.208 0.151 0.149 0.155 
 16 NS_SS0905    (6)    1 :  0.204 0.129 0.161 0.267 0.157 0.082 
 17 NS_SS0925    (3)    1 :  0.299 0.168 0.130 0.120 0.169 0.113 
 18 NS_SS0947    (5)    1 :  0.245 0.117 0.188 0.100 0.174 0.177 
 19 NS_SS0926    (2)    1 :  0.115 0.094 0.079 0.224 0.174 0.315 
 20 NS_SS0918    (6)    1 :  0.369 0.157 0.121 0.154 0.061 0.137 
 21 NS_SS0966    (4)    1 :  0.270 0.110 0.156 0.138 0.128 0.197 
 22 NS_SS0938    (2)    1 :  0.097 0.108 0.221 0.079 0.126 0.370 
 23 NS_SS0917    (2)    1 :  0.073 0.142 0.150 0.165 0.260 0.210 
 24 NS_SS0957   (11)    1 :  0.154 0.297 0.125 0.137 0.142 0.145 
 25 NS_SS0987    (1)    1 :  0.143 0.356 0.105 0.205 0.082 0.108 
 26 NS_SS0717    (4)    1 :  0.184 0.184 0.304 0.165 0.098 0.066 
 27 NS_SS0986    (2)    1 :  0.135 0.215 0.128 0.258 0.083 0.179 
 28 NS_SS0953    (4)    1 :  0.362 0.133 0.179 0.118 0.145 0.062 
 29 NS_SS0907    (3)    1 :  0.357 0.088 0.096 0.220 0.120 0.119 
 30 NS_SS0974    (6)    1 :  0.259 0.082 0.186 0.129 0.219 0.126 
 31 NS_SS0989    (1)    1 :  0.070 0.101 0.094 0.173 0.295 0.268 
 32 NS_SS0991    (2)    1 :  0.248 0.224 0.058 0.324 0.079 0.068 
 33 NS_SS0994    (2)    1 :  0.096 0.072 0.176 0.254 0.290 0.111 
 34 NS_SS0931    (6)    1 :  0.145 0.163 0.071 0.290 0.128 0.202 
 35 NS_SS1000    (5)    1 :  0.192 0.087 0.322 0.105 0.110 0.184 
 36 NS_SS0919    (1)    1 :  0.176 0.070 0.066 0.246 0.134 0.308 
 37 NS_SS0949    (3)    1 :  0.098 0.167 0.098 0.192 0.246 0.199 
 38 NS_SS0960   (10)    1 :  0.230 0.179 0.078 0.180 0.211 0.121 
 39 NS_SS0716    (2)    1 :  0.060 0.250 0.374 0.150 0.070 0.096 
 40 NS_SS0924    (8)    1 :  0.199 0.157 0.078 0.212 0.180 0.173 
 41 NS_SS0935    (1)    1 :  0.154 0.213 0.089 0.283 0.194 0.067 
 42 NS_SS0952   (13)    1 :  0.233 0.088 0.087 0.268 0.175 0.150 
 43 NS_SS0962   (10)    1 :  0.114 0.151 0.216 0.130 0.068 0.321 
 44 NS_SS0973    (5)    1 :  0.328 0.144 0.085 0.136 0.209 0.097 
 45 NS_SS0722    (1)    1 :  0.240 0.087 0.405 0.091 0.111 0.066 
 46 NS_SS0979   (13)    1 :  0.174 0.239 0.163 0.167 0.085 0.173 
 47 NS_SS0993    (2)    1 :  0.261 0.155 0.171 0.121 0.135 0.156 
 48 NS_SS0958    (1)    1 :  0.152 0.119 0.184 0.233 0.177 0.135 
 49 NS_SS0988    (4)    1 :  0.200 0.102 0.095 0.210 0.093 0.299 
 50 NS_SS1003    (2)    1 :  0.121 0.274 0.060 0.066 0.060 0.418 
 51 NS_SS0976    (0)    1 :  0.173 0.132 0.079 0.211 0.151 0.255 
 52 NS_SS0964   (10)    1 :  0.133 0.224 0.353 0.094 0.120 0.076 
 53 NS_SS0939    (4)    1 :  0.050 0.271 0.377 0.087 0.075 0.140 
 54 NS_SS0990    (6)    1 :  0.068 0.138 0.231 0.178 0.114 0.273 
 55 NS_SS0984    (2)    1 :  0.140 0.126 0.340 0.095 0.114 0.186 
 56 NS_SS0980    (9)    1 :  0.340 0.074 0.164 0.080 0.247 0.095 
 57 NS_SS0978    (4)    1 :  0.207 0.105 0.235 0.109 0.175 0.169 
 58 NS_SS0951   (17)    1 :  0.208 0.243 0.094 0.282 0.101 0.074 
 59 NS_SS0913    (3)    1 :  0.133 0.283 0.254 0.118 0.104 0.107 
 60 NS_SS1002    (1)    1 :  0.223 0.062 0.102 0.082 0.080 0.451 
 61 NS_SS0948    (1)    1 :  0.229 0.136 0.103 0.219 0.138 0.175 
 62 NS_SS0916    (4)    1 :  0.104 0.141 0.131 0.099 0.348 0.176 
 63 NS_SS0995    (1)    1 :  0.138 0.180 0.161 0.109 0.276 0.136 
 64 NS_SS0927    (6)    1 :  0.100 0.080 0.169 0.242 0.239 0.171 
 65 NS_SS0992    (5)    1 :  0.150 0.083 0.173 0.098 0.277 0.219 
 66 NS_SS0912    (1)    1 :  0.119 0.276 0.098 0.256 0.077 0.174 
 67 NS_SS0981    (1)    1 :  0.204 0.199 0.098 0.174 0.072 0.253 
 68 NS_SS0729    (5)    2 :  0.186 0.054 0.081 0.186 0.384 0.108 
 69 NS_SS0967   (14)    2 :  0.250 0.109 0.110 0.133 0.131 0.266 
 70 NS_SS0941    (7)    2 :  0.109 0.165 0.265 0.117 0.174 0.171 
 71 NS_SS0768   (12)    2 :  0.175 0.282 0.147 0.157 0.086 0.153 
 72 NS_SS0726    (4)    2 :  0.135 0.078 0.109 0.109 0.338 0.231 
 73 NS_SS0763    (4)    2 :  0.142 0.118 0.182 0.186 0.237 0.134 
 74 NS_SS0730    (6)    2 :  0.114 0.165 0.231 0.133 0.136 0.220 
 75 NS_SS0774    (1)    2 :  0.220 0.088 0.296 0.071 0.186 0.139 
 76 NS_SS0723    (3)    2 :  0.208 0.144 0.175 0.117 0.137 0.218 
 77 NS_SS0940    (9)    2 :  0.085 0.154 0.212 0.175 0.199 0.175 
 78 NS_SS0762    (1)    2 :  0.184 0.153 0.393 0.077 0.124 0.069 
 79 NS_SS0766   (11)    2 :  0.072 0.180 0.305 0.168 0.186 0.091 
 80 NS_SS0724    (1)    2 :  0.216 0.238 0.165 0.175 0.103 0.102 
 81 NS_SS0769    (3)    2 :  0.131 0.141 0.190 0.190 0.106 0.241 
 82 NS_SS0777    (2)    2 :  0.160 0.152 0.097 0.337 0.094 0.160 
 83 NS_SS0734    (6)    2 :  0.106 0.270 0.171 0.150 0.191 0.112 
 84 NS_SS0737    (3)    2 :  0.106 0.113 0.421 0.075 0.155 0.131 
 85 NS_SS0732    (5)    2 :  0.195 0.333 0.100 0.163 0.129 0.080 
 86 NS_SS0728    (5)    2 :  0.114 0.205 0.205 0.139 0.220 0.117 
 87 NS_SS0735    (9)    2 :  0.190 0.204 0.251 0.120 0.172 0.063 
 88 NS_SS0725    (1)    2 :  0.110 0.181 0.331 0.082 0.102 0.194 
 89 NS_SS0788    (2)    2 :  0.119 0.133 0.112 0.162 0.138 0.336 
 90 NS_SS0778    (2)    2 :  0.118 0.160 0.074 0.238 0.167 0.243 
 91 NS_SS0792    (6)    2 :  0.176 0.249 0.087 0.130 0.275 0.083 
 92 NS_SS0943   (11)    2 :  0.285 0.192 0.066 0.179 0.185 0.093 
 93 NS_SS0791    (2)    2 :  0.085 0.247 0.114 0.121 0.332 0.102 
 94 NS_SS0790    (5)    2 :  0.263 0.305 0.198 0.076 0.068 0.089 
 95 NS_SS0731    (6)    2 :  0.114 0.327 0.222 0.161 0.068 0.108 
 96 NS_SS0727    (6)    2 :  0.097 0.091 0.287 0.141 0.327 0.059 
 97 NS_SS0779   (12)    2 :  0.153 0.155 0.140 0.263 0.129 0.160 
 98 NS_SS0776    (3)    2 :  0.089 0.140 0.308 0.158 0.137 0.168 
 99 NS_SS0775    (5)    2 :  0.119 0.170 0.386 0.074 0.152 0.100 
100 NS_SS0965    (3)    3 :  0.200 0.270 0.082 0.165 0.101 0.183 
101 NS_SS0754   (13)    3 :  0.109 0.282 0.076 0.159 0.257 0.117 
102 NS_SS0838    (5)    3 :  0.144 0.118 0.196 0.188 0.158 0.196 
103 NS_SS0839    (3)    3 :  0.153 0.186 0.264 0.079 0.148 0.169 
104 NS_SS0832    (4)    3 :  0.313 0.197 0.164 0.106 0.072 0.148 
105 NS_SS0820    (4)    3 :  0.139 0.249 0.126 0.135 0.091 0.260 
106 NS_SS0886    (9)    3 :  0.109 0.219 0.120 0.197 0.194 0.161 
107 NS_SS0748    (5)    3 :  0.238 0.131 0.097 0.261 0.128 0.145 
108 NS_SS0884    (9)    3 :  0.211 0.155 0.141 0.138 0.213 0.141 
109 NS_SS0752    (3)    3 :  0.193 0.122 0.231 0.102 0.201 0.151 
110 NS_SS0862    (1)    3 :  0.218 0.376 0.084 0.104 0.131 0.088 
111 NS_SS0787    (9)    3 :  0.127 0.122 0.097 0.282 0.248 0.124 
112 NS_SS0843    (6)    3 :  0.201 0.181 0.143 0.200 0.166 0.108 
113 NS_SS0856    (4)    3 :  0.070 0.118 0.285 0.132 0.204 0.191 
114 NS_SS0846    (2)    3 :  0.281 0.064 0.120 0.152 0.176 0.207 
115 NS_SS0825    (1)    3 :  0.122 0.229 0.082 0.137 0.097 0.333 
116 NS_SS0757    (3)    3 :  0.192 0.228 0.099 0.242 0.127 0.111 
117 NS_SS0876    (3)    3 :  0.170 0.187 0.223 0.140 0.153 0.128 
118 NS_SS0903    (9)    3 :  0.347 0.075 0.143 0.065 0.235 0.135 
119 NS_SS0875    (7)    3 :  0.121 0.164 0.229 0.182 0.103 0.201 
120 NS_SS0740    (5)    3 :  0.207 0.158 0.191 0.196 0.145 0.104 
121 NS_SS0811    (5)    3 :  0.154 0.356 0.200 0.118 0.088 0.084 
122 NS_SS0751    (1)    3 :  0.107 0.125 0.264 0.146 0.113 0.245 
123 NS_SS0891    (6)    3 :  0.122 0.155 0.264 0.120 0.126 0.214 
124 NS_SS0867    (2)    3 :  0.344 0.178 0.046 0.139 0.146 0.147 
125 NS_SS0890    (6)    3 :  0.193 0.123 0.161 0.187 0.175 0.161 
126 NS_SS0866   (11)    3 :  0.113 0.120 0.114 0.210 0.323 0.120 
127 NS_SS0755    (4)    3 :  0.213 0.230 0.140 0.112 0.149 0.155 
128 NS_SS0758    (4)    3 :  0.169 0.120 0.203 0.172 0.203 0.134 
129 NS_SS0840    (2)    3 :  0.236 0.171 0.175 0.079 0.091 0.248 
130 NS_SS0889    (4)    3 :  0.134 0.261 0.096 0.206 0.195 0.108 
131 NS_SS1010    (1)    3 :  0.175 0.131 0.142 0.156 0.125 0.271 
132 NS_SS0888    (5)    3 :  0.084 0.166 0.120 0.156 0.414 0.060 
133 NS_SS0837    (3)    3 :  0.279 0.323 0.096 0.105 0.102 0.096 
134 NS_SS0794    (9)    3 :  0.106 0.135 0.219 0.183 0.291 0.066 
135 NS_SS0823    (4)    3 :  0.318 0.107 0.212 0.114 0.104 0.143 
136 NS_SS0829    (7)    3 :  0.202 0.202 0.062 0.311 0.142 0.081 
137 NS_SS0844    (5)    3 :  0.526 0.120 0.063 0.068 0.126 0.097 
138 NS_SS1008    (5)    3 :  0.129 0.130 0.277 0.177 0.206 0.082 
139 NS_SS0881    (3)    3 :  0.096 0.149 0.130 0.148 0.155 0.320 
140 NS_SS0834    (6)    3 :  0.113 0.120 0.370 0.091 0.091 0.216 
141 NS_SS0744   (10)    3 :  0.184 0.182 0.093 0.114 0.225 0.202 
142 NS_SS0899    (7)    3 :  0.229 0.285 0.199 0.143 0.061 0.083 
143 NS_SS0804    (4)    3 :  0.230 0.241 0.151 0.120 0.086 0.172 
144 NS_SS0781   (10)    3 :  0.227 0.103 0.182 0.160 0.073 0.255 
145 NS_SS0822    (6)    3 :  0.241 0.140 0.188 0.180 0.179 0.073 
146 NS_SS1004    (4)    3 :  0.308 0.157 0.116 0.132 0.135 0.152 
147 NS_SS0746    (5)    3 :  0.287 0.083 0.158 0.214 0.120 0.138 
148 NS_SS0880    (3)    3 :  0.286 0.157 0.153 0.082 0.137 0.185 
149 NS_SS0879    (4)    3 :  0.201 0.203 0.242 0.099 0.138 0.119 
150 NS_SS0753    (2)    3 :  0.217 0.196 0.075 0.260 0.172 0.079 
151 NS_SS1007    (2)    3 :  0.084 0.075 0.276 0.123 0.217 0.225 
152 NS_SS0872    (5)    3 :  0.200 0.135 0.215 0.107 0.158 0.186 
153 NS_SS1005    (7)    3 :  0.309 0.091 0.186 0.144 0.080 0.189 
154 NS_SS0892    (6)    3 :  0.143 0.166 0.194 0.230 0.120 0.147 
155 NS_SS0898    (0)    3 :  0.191 0.193 0.121 0.162 0.188 0.145 
156 NS_SS0801    (9)    3 :  0.203 0.233 0.120 0.228 0.097 0.118 
157 NS_SS0827    (8)    3 :  0.117 0.210 0.109 0.306 0.117 0.141 
158 NS_SS0853    (6)    3 :  0.128 0.269 0.129 0.246 0.153 0.074 
159 NS_SS0780    (2)    3 :  0.126 0.205 0.160 0.158 0.119 0.232 
160 NS_SS0826   (10)    3 :  0.229 0.114 0.069 0.140 0.076 0.372 
161 NS_SS0818    (5)    3 :  0.185 0.176 0.229 0.093 0.105 0.213 
162 NS_SS0745    (1)    3 :  0.049 0.248 0.464 0.071 0.048 0.120 
163 NS_SS0849    (3)    3 :  0.129 0.407 0.088 0.154 0.064 0.159 
164 NS_SS0739    (3)    3 :  0.069 0.217 0.150 0.149 0.172 0.241 
165 NS_SS0799    (1)    3 :  0.169 0.135 0.145 0.202 0.294 0.055 
166 NS_SS0756    (2)    3 :  0.322 0.151 0.108 0.102 0.075 0.242 
167 NS_SS0802    (2)    3 :  0.119 0.081 0.150 0.222 0.169 0.259 
168 NS_SS0747    (6)    3 :  0.246 0.110 0.122 0.177 0.152 0.194 
169 NS_SS0835    (1)    3 :  0.131 0.075 0.101 0.253 0.280 0.160 
170 NS_SS0742   (18)    3 :  0.200 0.160 0.117 0.149 0.177 0.197 
171 NS_SS0760    (9)    3 :  0.160 0.109 0.134 0.258 0.214 0.125 
172 NS_SS0803    (4)    3 :  0.458 0.095 0.110 0.073 0.200 0.064 
173 NS_SS0828   (13)    3 :  0.139 0.269 0.140 0.187 0.151 0.113 
174 NS_SS0865    (2)    3 :  0.185 0.264 0.059 0.102 0.157 0.233 
175 NS_SS0759    (4)    3 :  0.153 0.212 0.268 0.138 0.094 0.135 
176 NS_SS0851    (5)    3 :  0.096 0.488 0.161 0.085 0.063 0.106 
177 NS_SS0874   (16)    3 :  0.380 0.093 0.164 0.166 0.098 0.099 
178 NS_SS0761    (6)    3 :  0.203 0.186 0.055 0.228 0.185 0.142 
179 NS_SS0842   (25)    3 :  0.179 0.136 0.200 0.183 0.179 0.122 
180 NS_SS0785    (6)    3 :  0.243 0.143 0.111 0.167 0.230 0.106 
181 NS_SS0860   (11)    3 :  0.161 0.088 0.093 0.265 0.256 0.137 
182 NS_SS0897    (7)    3 :  0.101 0.192 0.105 0.254 0.265 0.082 
183 NS_SS0841   (14)    3 :  0.177 0.288 0.243 0.109 0.078 0.105 
184 NS_SS0797    (6)    3 :  0.144 0.274 0.068 0.192 0.150 0.172 
185 NS_SS0830   (10)    3 :  0.148 0.237 0.107 0.154 0.151 0.202 
186 NS_SS1011    (5)    3 :  0.217 0.171 0.089 0.086 0.099 0.338 
187 NS_SS0883    (5)    3 :  0.175 0.259 0.084 0.183 0.216 0.084 
188 NS_SS0782    (2)    3 :  0.154 0.109 0.270 0.120 0.256 0.091 
189 NS_SS0831    (5)    3 :  0.119 0.298 0.077 0.208 0.216 0.082 
190 NS_SS0749    (7)    3 :  0.103 0.273 0.147 0.135 0.205 0.137 
191 NS_SS0854    (2)    3 :  0.144 0.140 0.206 0.126 0.291 0.092 
192 HI_SS0193    (0)    4 :  0.084 0.236 0.179 0.140 0.234 0.127 
193 HI_SS0194    (0)    4 :  0.102 0.087 0.359 0.118 0.084 0.250 
194 HI_SS0195    (9)    4 :  0.071 0.339 0.186 0.104 0.072 0.228 
195 HI_SS0196    (6)    4 :  0.119 0.115 0.295 0.152 0.212 0.106 
196 HI_SS0197    (3)    4 :  0.074 0.064 0.106 0.107 0.090 0.559 
197 HI_SS0198    (1)    4 :  0.111 0.292 0.104 0.179 0.180 0.134 
198 HI_SS0199    (1)    4 :  0.138 0.100 0.176 0.120 0.376 0.090 
199 HI_SS0201    (4)    4 :  0.176 0.187 0.043 0.276 0.211 0.108 
200 HI_SS0215    (1)    4 :  0.164 0.142 0.057 0.261 0.213 0.164 
201 HI_SS0218    (1)    4 :  0.069 0.212 0.110 0.172 0.378 0.059 
202 HI_SS0222    (0)    4 :  0.073 0.228 0.201 0.127 0.169 0.202 
203 HI_SS0230    (1)    4 :  0.144 0.128 0.127 0.244 0.071 0.286 
204 HI_SS0234    (1)    4 :  0.139 0.058 0.177 0.132 0.236 0.258 
205 HI_SS0240    (1)    4 :  0.101 0.148 0.264 0.085 0.288 0.114 
206 HI_SS0241    (0)    4 :  0.141 0.136 0.086 0.229 0.256 0.153 
207 HI_SS0242    (0)    4 :  0.232 0.203 0.109 0.131 0.197 0.127 
208 HI_SS0247    (0)    4 :  0.342 0.142 0.100 0.161 0.076 0.179 
209 HI_SS0248    (1)    4 :  0.189 0.063 0.221 0.215 0.260 0.052 
210 HI_SS0252    (2)    4 :  0.207 0.213 0.241 0.107 0.156 0.076 
211 HI_SS0254    (1)    4 :  0.164 0.091 0.097 0.190 0.143 0.315 
212 HI_SS0256    (0)    4 :  0.270 0.160 0.217 0.069 0.086 0.198 
213 HI_SS0257    (0)    4 :  0.243 0.056 0.079 0.187 0.262 0.173 
214 HI_SS0258    (1)    4 :  0.161 0.151 0.129 0.237 0.228 0.094 
215 HI_SS0259    (1)    4 :  0.092 0.152 0.217 0.100 0.113 0.326 
216 HI_SS0260    (1)    4 :  0.112 0.100 0.215 0.188 0.294 0.091 
217 HI_SS0261    (2)    4 :  0.206 0.072 0.146 0.142 0.150 0.283 
218 HI_SS0262    (0)    4 :  0.132 0.293 0.131 0.092 0.202 0.150 
219 HI_SS0264    (1)    4 :  0.123 0.146 0.222 0.192 0.063 0.255 
220 HI_SS0265    (0)    4 :  0.121 0.247 0.122 0.124 0.102 0.285 
221 HI_SS0268    (1)    4 :  0.054 0.163 0.190 0.226 0.103 0.263 
222 HI_SS0269    (1)    4 :  0.148 0.061 0.058 0.174 0.386 0.173 
223 HI_SS0273    (0)    4 :  0.245 0.139 0.080 0.146 0.225 0.165 
224 HI_SS0277    (1)    4 :  0.147 0.129 0.053 0.093 0.105 0.473 
225 HI_SS0280    (0)    4 :  0.079 0.303 0.190 0.117 0.171 0.140 
226 HI_SS0282    (1)    4 :  0.274 0.167 0.102 0.160 0.200 0.098 
227 HI_SS0286    (1)    4 :  0.114 0.251 0.075 0.235 0.183 0.143 
228 NS_SS1252    (3)    5 :  0.149 0.111 0.093 0.298 0.280 0.069 
229 NS_SS1261    (1)    5 :  0.183 0.128 0.120 0.209 0.160 0.200 
230 NS_SS1225    (9)    5 :  0.341 0.102 0.068 0.204 0.142 0.144 
231 NS_SS1266    (1)    5 :  0.444 0.147 0.123 0.078 0.092 0.116 
232 NS_SS1228    (0)    5 :  0.104 0.412 0.106 0.077 0.167 0.133 
233 NS_SS1255    (2)    5 :  0.157 0.077 0.419 0.083 0.177 0.086 
234 NS_SS1267    (3)    5 :  0.061 0.143 0.070 0.313 0.294 0.120 
235 NS_SS1238    (6)    5 :  0.092 0.213 0.148 0.160 0.106 0.280 
236 NS_SS1233    (8)    5 :  0.397 0.132 0.157 0.149 0.050 0.114 
237 NS_SS1277    (3)    5 :  0.070 0.158 0.222 0.148 0.299 0.103 
238 NS_SS1245    (1)    5 :  0.252 0.073 0.177 0.225 0.130 0.142 
239 NS_SS1240    (4)    5 :  0.082 0.055 0.089 0.368 0.260 0.146 
240 NS_SS1275    (2)    5 :  0.134 0.228 0.117 0.063 0.090 0.368 
241 NS_SS1235    (1)    5 :  0.237 0.050 0.240 0.108 0.197 0.169 
242 NS_SS1263    (1)    5 :  0.317 0.108 0.294 0.110 0.083 0.088 
243 NS_SS1251    (1)    5 :  0.338 0.095 0.177 0.135 0.087 0.167 
244 NS_SS1248    (0)    5 :  0.081 0.474 0.085 0.167 0.064 0.129 
245 NS_SS1244    (0)    5 :  0.198 0.142 0.053 0.096 0.152 0.358 
246 NS_SS1257    (0)    5 :  0.114 0.144 0.147 0.221 0.271 0.102 
247 NS_SS1242    (2)    5 :  0.196 0.142 0.334 0.109 0.078 0.142 
248 NS_SS1271    (6)    5 :  0.093 0.164 0.064 0.205 0.354 0.120 
249 NS_SS1265    (1)    5 :  0.141 0.103 0.130 0.297 0.154 0.175 
250 NS_SS1243    (0)    5 :  0.112 0.299 0.247 0.158 0.115 0.069 
251 NS_SS1273    (1)    5 :  0.184 0.142 0.357 0.082 0.092 0.142 
252 NS_SS1254   (14)    5 :  0.389 0.111 0.165 0.133 0.113 0.089 
253 NS_SS1224    (1)    5 :  0.281 0.262 0.142 0.081 0.117 0.117 
254 NS_SS1227    (8)    5 :  0.094 0.069 0.143 0.271 0.206 0.216 
255 NS_SS1274    (8)    5 :  0.141 0.178 0.158 0.185 0.221 0.117 
256 NS_SS1241    (1)    5 :  0.231 0.167 0.092 0.152 0.219 0.140 
257 NS_SS1256    (3)    5 :  0.283 0.074 0.114 0.174 0.128 0.228 
258 NS_SS1260    (8)    5 :  0.158 0.111 0.097 0.186 0.347 0.101 
259 NS_SS1262    (0)    5 :  0.246 0.189 0.061 0.142 0.187 0.175 
260 NS_SS1230    (0)    5 :  0.164 0.175 0.186 0.165 0.170 0.141 
261 NS_SS1270    (2)    5 :  0.263 0.324 0.072 0.134 0.064 0.143 
262 NS_SS1229    (2)    5 :  0.163 0.049 0.232 0.096 0.189 0.271 
263 NS_SS1246    (5)    5 :  0.097 0.092 0.127 0.183 0.243 0.257 
264 NS_SS1269    (0)    5 :  0.178 0.213 0.185 0.126 0.158 0.140 
265 NS_SS1239    (1)    5 :  0.119 0.305 0.193 0.080 0.220 0.084 
266 NS_SS1272    (4)    5 :  0.134 0.094 0.085 0.138 0.082 0.466 
267 NS_SS1268    (1)    5 :  0.266 0.355 0.111 0.131 0.069 0.067 
268 NS_SS1249    (0)    5 :  0.121 0.100 0.130 0.180 0.396 0.072 
269 HI_SS0559    (0)    6 :  0.154 0.248 0.191 0.166 0.175 0.065 
270 HI_SS0563    (1)    6 :  0.230 0.149 0.098 0.123 0.205 0.196 
271 HI_SS0564    (0)    6 :  0.176 0.191 0.129 0.145 0.118 0.240 
272 HI_SS0565    (0)    6 :  0.168 0.087 0.107 0.265 0.119 0.254 
273 HI_SS0569    (0)    6 :  0.294 0.097 0.047 0.326 0.110 0.126 
274 HI_SS0570    (0)    6 :  0.064 0.178 0.128 0.229 0.243 0.158 
275 HI_SS0572    (1)    6 :  0.153 0.080 0.327 0.117 0.184 0.140 
276 HI_SS0576    (0)    6 :  0.109 0.322 0.197 0.110 0.097 0.165 
277 HI_SS0579    (1)    6 :  0.354 0.084 0.098 0.199 0.188 0.076 
278 HI_SS0580    (1)    6 :  0.117 0.142 0.238 0.168 0.264 0.071 
279 HI_SS0581    (0)    6 :  0.078 0.287 0.118 0.097 0.077 0.343 
280 HI_SS0583    (1)    6 :  0.168 0.055 0.191 0.311 0.177 0.099 
281 HI_SS0586    (1)    6 :  0.077 0.156 0.100 0.401 0.168 0.099 
282 HI_SS0588    (1)    6 :  0.200 0.114 0.118 0.314 0.177 0.076 
283 HI_SS0595    (4)    6 :  0.102 0.074 0.124 0.164 0.202 0.334 
284 HI_SS0596    (0)    6 :  0.160 0.090 0.428 0.093 0.153 0.075 
285 HI_SS0597    (1)    6 :  0.154 0.076 0.288 0.148 0.114 0.220 
286 HI_SS0600    (0)    6 :  0.138 0.150 0.075 0.115 0.320 0.202 
287 HI_SS0601    (1)    6 :  0.249 0.168 0.042 0.202 0.127 0.211 
288 HI_SS0602    (1)    6 :  0.076 0.216 0.166 0.341 0.126 0.074 
289 HI_SS0604    (0)    6 :  0.209 0.196 0.188 0.241 0.087 0.079 
290 HI_SS0605    (1)    6 :  0.118 0.312 0.099 0.190 0.202 0.079 
291 HI_SS0608    (0)    6 :  0.092 0.194 0.280 0.199 0.107 0.129 
292 HI_SS0609    (0)    6 :  0.321 0.077 0.192 0.134 0.102 0.174 
293 HI_SS0611    (5)    6 :  0.088 0.266 0.104 0.270 0.198 0.074 
294 HI_SS0612    (1)    6 :  0.443 0.046 0.085 0.087 0.254 0.085 
295 HI_SS0613    (1)    6 :  0.143 0.392 0.115 0.147 0.119 0.084 
296 HI_SS0615    (0)    6 :  0.104 0.216 0.268 0.084 0.131 0.197 
297 HI_SS0001    (1)    6 :  0.100 0.090 0.256 0.130 0.233 0.191 
298 HI_SS0002    (1)    6 :  0.272 0.103 0.209 0.138 0.084 0.194 
299 HI_SS0004    (0)    6 :  0.086 0.159 0.234 0.219 0.202 0.100 
300 HI_SS0005    (1)    6 :  0.089 0.405 0.104 0.124 0.099 0.180 
301 HI_SS0006    (1)    6 :  0.254 0.085 0.096 0.196 0.188 0.181 
302 HI_SS0007    (1)    6 :  0.076 0.402 0.100 0.145 0.216 0.061 
303 HI_SS0008    (0)    6 :  0.134 0.166 0.103 0.257 0.096 0.243 
304 HI_SS0009    (0)    6 :  0.132 0.275 0.261 0.137 0.137 0.059 
305 HI_SS0010    (1)    6 :  0.140 0.201 0.119 0.225 0.153 0.163 
306 HI_SS0011    (1)    6 :  0.314 0.166 0.089 0.101 0.065 0.265 
307 HI_SS0012    (0)    6 :  0.142 0.138 0.120 0.164 0.178 0.259 
308 HI_SS0017    (1)    6 :  0.095 0.123 0.396 0.093 0.132 0.161 
309 HI_SS0021    (1)    6 :  0.092 0.097 0.152 0.285 0.137 0.237 
310 HI_SS0024    (1)    6 :  0.081 0.218 0.209 0.083 0.139 0.270 
311 HI_SS0025    (1)    6 :  0.156 0.188 0.345 0.107 0.123 0.081 
312 HI_SS0027    (0)    6 :  0.223 0.192 0.110 0.246 0.166 0.063 
313 HI_SS0028    (0)    6 :  0.078 0.256 0.183 0.114 0.049 0.320 
314 HI_SS0029    (1)    6 :  0.075 0.120 0.288 0.131 0.200 0.187 
315 HI_SS0030    (2)    6 :  0.163 0.207 0.129 0.131 0.212 0.158 
316 HI_SS0031    (0)    6 :  0.199 0.081 0.129 0.124 0.211 0.256 
317 HI_SS0034    (0)    6 :  0.221 0.104 0.117 0.209 0.265 0.084 
318 HI_SS0036    (0)    6 :  0.039 0.188 0.089 0.218 0.209 0.257 
319 HI_SS0037    (1)    6 :  0.121 0.189 0.122 0.338 0.150 0.080 
320 HI_SS0039    (0)    6 :  0.087 0.317 0.092 0.153 0.207 0.144 
321 HI_SS0041    (1)    6 :  0.071 0.349 0.216 0.105 0.110 0.150 
322 HI_SS0042    (1)    6 :  0.146 0.153 0.239 0.117 0.093 0.253 
323 HI_SS0043    (1)    6 :  0.080 0.124 0.053 0.305 0.221 0.217 
324 HI_SS0044    (1)    6 :  0.069 0.093 0.340 0.133 0.280 0.085 
325 HI_SS0047    (1)    6 :  0.165 0.204 0.218 0.134 0.134 0.145 
326 HI_SS0049    (0)    6 :  0.176 0.105 0.356 0.178 0.095 0.089 
327 HI_SS0051    (1)    6 :  0.230 0.358 0.068 0.146 0.114 0.084 
328 HI_SS0053    (1)    6 :  0.117 0.104 0.075 0.222 0.239 0.243 
329 HI_SS0054    (4)    6 :  0.252 0.187 0.051 0.257 0.143 0.110 
330 HI_SS0057    (0)    6 :  0.143 0.278 0.148 0.134 0.078 0.218 
331 HI_SS0058    (0)    6 :  0.173 0.116 0.192 0.268 0.172 0.078 
332 HI_SS0060    (0)    6 :  0.155 0.255 0.064 0.160 0.109 0.257 
333 HI_SS0087    (1)    6 :  0.180 0.097 0.129 0.242 0.111 0.241 
334 HI_SS0091    (0)    6 :  0.135 0.064 0.059 0.224 0.273 0.245 
335 HI_SS0095    (1)    6 :  0.158 0.148 0.093 0.151 0.239 0.211 
336 HI_SS0097    (3)    6 :  0.423 0.104 0.068 0.149 0.148 0.108 
337 HI_SS0099    (0)    6 :  0.112 0.124 0.335 0.209 0.108 0.112 
338 HI_SS0103    (0)    6 :  0.155 0.099 0.250 0.109 0.182 0.206 
339 HI_SS0105    (1)    6 :  0.182 0.172 0.070 0.150 0.109 0.318 
340 HI_SS0107    (1)    6 :  0.158 0.106 0.333 0.077 0.129 0.197 
341 HI_SS0108    (1)    6 :  0.128 0.116 0.072 0.267 0.315 0.102 
342 HI_SS0110    (0)    6 :  0.120 0.070 0.108 0.110 0.234 0.358 
343 HI_SS0111    (1)    6 :  0.097 0.152 0.124 0.168 0.200 0.258 
344 HI_SS0112    (0)    6 :  0.094 0.105 0.103 0.285 0.270 0.143 
345 HI_SS0113    (1)    6 :  0.139 0.111 0.309 0.099 0.083 0.260 
346 HI_SS0114    (1)    6 :  0.158 0.214 0.076 0.284 0.158 0.110 
347 HI_SS0115    (1)    6 :  0.164 0.135 0.246 0.158 0.244 0.053 
348 HI_SS0116    (4)    6 :  0.096 0.055 0.296 0.239 0.231 0.084 
349 HI_SS0117    (0)    6 :  0.217 0.057 0.077 0.170 0.173 0.306 
350 HI_SS0118    (0)    6 :  0.210 0.083 0.146 0.171 0.223 0.167 
351 HI_SS0119    (1)    6 :  0.177 0.124 0.054 0.152 0.199 0.295 
352 HI_SS0120    (1)    6 :  0.100 0.074 0.342 0.068 0.088 0.328 
353 HI_SS0121    (1)    6 :  0.166 0.200 0.071 0.099 0.057 0.408 
354 HI_SS0122    (2)    6 :  0.126 0.205 0.122 0.122 0.178 0.247 
355 HI_SS0123    (0)    6 :  0.240 0.079 0.137 0.122 0.162 0.260 
356 HI_SS0124    (1)    6 :  0.118 0.180 0.390 0.094 0.127 0.090 
357 HI_SS0125    (1)    6 :  0.109 0.205 0.202 0.122 0.157 0.205 
358 HI_SS0126    (0)    6 :  0.104 0.094 0.217 0.173 0.301 0.111 
359 HI_SS0127    (0)    6 :  0.181 0.352 0.088 0.185 0.092 0.101 
360 HI_SS0128    (0)    6 :  0.186 0.083 0.233 0.112 0.182 0.203 
361 HI_SS0129    (1)    6 :  0.078 0.185 0.172 0.203 0.205 0.157 
362 HI_SS0131    (2)    6 :  0.188 0.247 0.075 0.253 0.117 0.120 
363 HI_SS0132    (0)    6 :  0.183 0.139 0.086 0.115 0.177 0.300 
364 HI_SS0133    (1)    6 :  0.089 0.156 0.106 0.223 0.317 0.109 
365 HI_SS0134    (1)    6 :  0.229 0.123 0.131 0.189 0.179 0.149 
366 HI_SS0142    (3)    6 :  0.246 0.142 0.059 0.143 0.179 0.231 
367 HI_SS0145    (0)    6 :  0.286 0.090 0.156 0.171 0.191 0.106 
368 HI_SS0146    (1)    6 :  0.257 0.172 0.099 0.150 0.245 0.077 
369 HI_SS0147    (1)    6 :  0.200 0.400 0.095 0.083 0.097 0.125 
370 HI_SS0149    (1)    6 :  0.162 0.083 0.072 0.101 0.114 0.466 
371 HI_SS0150    (2)    6 :  0.130 0.264 0.221 0.118 0.100 0.166 
372 HI_SS0151    (0)    6 :  0.154 0.183 0.193 0.123 0.285 0.061 
373 NS_SS1451    (1)    6 :  0.107 0.251 0.259 0.068 0.152 0.164 
374 NS_SS1404    (0)    6 :  0.108 0.375 0.158 0.097 0.123 0.138 
375 NS_SS1432    (2)    6 :  0.055 0.103 0.296 0.085 0.089 0.372 
376 NS_SS1405    (4)    6 :  0.109 0.099 0.353 0.153 0.170 0.116 
377 NS_SS1431   (10)    6 :  0.114 0.126 0.258 0.085 0.084 0.333 
378 NS_SS1402    (3)    6 :  0.175 0.098 0.136 0.149 0.227 0.214 
379 NS_SS1450    (3)    6 :  0.089 0.194 0.202 0.154 0.250 0.111 
380 NS_SS1396    (0)    6 :  0.141 0.187 0.160 0.193 0.127 0.192 
381 NS_SS1393    (5)    6 :  0.110 0.157 0.147 0.236 0.244 0.106 
382 NS_SS1392   (10)    6 :  0.068 0.223 0.310 0.103 0.188 0.108 
383 NS_SS1445    (0)    6 :  0.163 0.142 0.073 0.305 0.129 0.187 
384 NS_SS1423    (0)    6 :  0.115 0.075 0.151 0.138 0.225 0.297 
385 NS_SS1421    (9)    6 :  0.152 0.140 0.121 0.155 0.156 0.277 
386 NS_SS1411    (6)    6 :  0.084 0.338 0.114 0.272 0.126 0.067 
387 NS_SS1453    (5)    6 :  0.090 0.120 0.084 0.189 0.202 0.315 
388 NS_SS1442    (2)    6 :  0.255 0.103 0.161 0.284 0.104 0.094 
389 NS_SS1422    (1)    6 :  0.308 0.082 0.121 0.082 0.277 0.131 
390 NS_SS1419    (1)    6 :  0.348 0.205 0.099 0.179 0.084 0.085 
391 NS_SS1427    (0)    6 :  0.056 0.078 0.174 0.193 0.374 0.126 
392 NS_SS1444    (3)    6 :  0.180 0.218 0.215 0.210 0.088 0.089 
393 NS_SS1455    (0)    6 :  0.267 0.069 0.317 0.100 0.097 0.151 
394 NS_SS1425    (2)    6 :  0.173 0.126 0.061 0.335 0.194 0.111 
395 NS_SS1400    (0)    6 :  0.217 0.135 0.138 0.283 0.142 0.085 
396 NS_SS1406    (1)    6 :  0.330 0.073 0.141 0.101 0.070 0.285 
397 NS_SS1417    (6)    6 :  0.202 0.148 0.185 0.164 0.116 0.184 
398 NS_SS1454    (2)    6 :  0.091 0.151 0.105 0.222 0.126 0.305 
399 NS_SS1412    (1)    6 :  0.121 0.201 0.188 0.171 0.190 0.129 
400 NS_SS1438    (1)    6 :  0.178 0.184 0.051 0.302 0.193 0.092 
401 NS_SS1416    (4)    6 :  0.182 0.168 0.155 0.154 0.152 0.189 
402 NS_SS1401    (0)    6 :  0.154 0.101 0.112 0.180 0.158 0.295 
403 NS_SS1424    (6)    6 :  0.153 0.176 0.083 0.127 0.165 0.296 
404 NS_SS1435    (9)    6 :  0.064 0.201 0.241 0.182 0.136 0.176 
405 NS_SS1447    (4)    6 :  0.212 0.232 0.161 0.181 0.084 0.129 
406 NS_SS1414    (3)    6 :  0.195 0.242 0.257 0.153 0.054 0.099 
407 NS_SS1449   (14)    6 :  0.138 0.145 0.106 0.079 0.286 0.246 
408 NS_SS1443    (4)    6 :  0.216 0.062 0.127 0.173 0.326 0.097 
409 NS_SS1434    (1)    6 :  0.134 0.067 0.329 0.109 0.282 0.078 
410 NS_SS1398    (1)    6 :  0.105 0.141 0.313 0.149 0.131 0.160 
411 NS_SS1426    (1)    6 :  0.104 0.116 0.105 0.326 0.191 0.157 
412 NS_SS1413    (0)    6 :  0.151 0.104 0.255 0.198 0.174 0.118 
413 NS_SS1395    (1)    6 :  0.114 0.081 0.093 0.287 0.225 0.201 
414 NS_SS1448   (10)    6 :  0.071 0.330 0.174 0.138 0.176 0.111 
415 NS_SS1446    (0)    6 :  0.136 0.131 0.093 0.162 0.278 0.200 
416 NS_SS1403    (2)    6 :  0.092 0.111 0.150 0.175 0.111 0.361 
417 NS_SS1415    (0)    6 :  0.134 0.184 0.143 0.210 0.218 0.112 
418 NS_SS1437    (4)    6 :  0.120 0.157 0.130 0.151 0.095 0.347 
419 NS_SS1439    (2)    6 :  0.257 0.105 0.116 0.211 0.190 0.120 
420 NS_SS1441    (3)    6 :  0.177 0.072 0.207 0.211 0.222 0.110 
421 NS_SS1420    (2)    6 :  0.078 0.540 0.122 0.073 0.134 0.053 
422 NS_SS1394    (2)    6 :  0.095 0.247 0.205 0.194 0.073 0.186 
423 NS_SS1391    (7)    6 :  0.070 0.072 0.324 0.199 0.185 0.150 
424 NS_SS1410    (5)    6 :  0.131 0.116 0.135 0.176 0.203 0.238 
425 NS_SS1408    (1)    6 :  0.167 0.185 0.090 0.127 0.138 0.293 
426 NS_SS1409    (1)    6 :  0.142 0.064 0.302 0.166 0.211 0.115 
427 HI_SS0617    (1)    7 :  0.121 0.138 0.182 0.114 0.353 0.093 
428 HI_SS0618    (2)    7 :  0.147 0.170 0.244 0.191 0.150 0.099 
429 HI_SS0619    (0)    7 :  0.097 0.139 0.318 0.177 0.162 0.108 
430 HI_SS0620    (1)    7 :  0.077 0.286 0.078 0.197 0.318 0.045 
431 HI_SS0621    (3)    7 :  0.180 0.169 0.162 0.119 0.161 0.210 
432 HI_SS0622    (1)    7 :  0.266 0.209 0.142 0.113 0.147 0.123 
433 HI_SS0626    (0)    7 :  0.071 0.363 0.103 0.215 0.088 0.160 
434 HI_SS0627    (0)    7 :  0.088 0.110 0.182 0.174 0.082 0.363 
435 HI_SS0628    (3)    7 :  0.076 0.147 0.137 0.206 0.185 0.249 
436 HI_SS0629    (1)    7 :  0.159 0.141 0.097 0.230 0.166 0.207 
437 HI_SS0630    (1)    7 :  0.137 0.232 0.157 0.186 0.209 0.078 
438 HI_SS0631    (0)    7 :  0.111 0.253 0.100 0.185 0.206 0.145 
439 HI_SS0632    (0)    7 :  0.202 0.290 0.096 0.183 0.100 0.129 
440 HI_SS0633    (0)    7 :  0.133 0.074 0.406 0.136 0.187 0.065 
441 HI_SS0634    (1)    7 :  0.114 0.230 0.107 0.136 0.165 0.248 
442 HI_SS0635    (0)    7 :  0.168 0.209 0.209 0.188 0.078 0.147 
443 HI_SS0637    (1)    7 :  0.228 0.236 0.062 0.185 0.120 0.168 
444 HI_SS0638    (0)    7 :  0.146 0.174 0.234 0.159 0.135 0.152 
445 HI_SS0639    (1)    7 :  0.162 0.234 0.163 0.132 0.148 0.161 
446 HI_SS0640    (1)    7 :  0.283 0.136 0.162 0.217 0.107 0.096 
447 HI_SS0641    (1)    7 :  0.094 0.280 0.108 0.267 0.169 0.083 
448 HI_SS0642    (0)    7 :  0.116 0.111 0.104 0.083 0.124 0.462 
449 HI_SS0645    (0)    7 :  0.158 0.345 0.256 0.085 0.089 0.066 
450 HI_SS0646    (1)    7 :  0.185 0.096 0.230 0.107 0.230 0.153 
451 HI_SS0647    (1)    7 :  0.129 0.146 0.273 0.116 0.105 0.232 
452 HI_SS0648    (0)    7 :  0.196 0.180 0.195 0.146 0.145 0.138 
453 HI_SS0649    (1)    7 :  0.162 0.099 0.199 0.260 0.169 0.112 
454 HI_SS0650    (1)    7 :  0.091 0.111 0.350 0.132 0.178 0.139 
455 HI_SS0651    (1)    7 :  0.179 0.126 0.206 0.194 0.174 0.121 
456 HI_SS0652    (1)    7 :  0.089 0.424 0.214 0.115 0.080 0.078 
457 NS_SS1371    (3)    7 :  0.114 0.066 0.125 0.173 0.297 0.226 
458 NS_SS1374    (0)    7 :  0.062 0.205 0.112 0.184 0.179 0.259 
459 NS_SS1337    (3)    7 :  0.093 0.351 0.120 0.066 0.098 0.272 
460 NS_SS1385    (5)    7 :  0.218 0.102 0.220 0.129 0.189 0.142 
461 NS_SS1388    (0)    7 :  0.088 0.084 0.309 0.279 0.104 0.137 
462 NS_SS1370    (1)    7 :  0.104 0.583 0.051 0.063 0.101 0.097 
463 NS_SS1389    (3)    7 :  0.080 0.160 0.342 0.202 0.080 0.137 
464 NS_SS1360    (1)    7 :  0.176 0.185 0.090 0.310 0.128 0.111 
465 NS_SS1330    (0)    7 :  0.220 0.242 0.207 0.100 0.124 0.108 
466 NS_SS1328    (8)    7 :  0.113 0.069 0.269 0.150 0.243 0.155 
467 NS_SS1384    (1)    7 :  0.193 0.156 0.070 0.241 0.156 0.184 
468 NS_SS1381    (0)    7 :  0.187 0.095 0.388 0.076 0.149 0.105 
469 NS_SS1375    (1)    7 :  0.061 0.175 0.363 0.103 0.156 0.143 
470 NS_SS1319   (10)    7 :  0.098 0.179 0.132 0.134 0.206 0.250 
471 NS_SS1326    (2)    7 :  0.074 0.081 0.252 0.254 0.225 0.115 
472 NS_SS1341    (1)    7 :  0.158 0.083 0.060 0.279 0.131 0.290 
473 NS_SS1383    (1)    7 :  0.089 0.189 0.055 0.126 0.132 0.408 
474 NS_SS1318    (3)    7 :  0.180 0.233 0.171 0.160 0.173 0.083 
475 NS_SS1348    (2)    7 :  0.150 0.150 0.062 0.280 0.193 0.166 
476 NS_SS1363    (0)    7 :  0.215 0.243 0.153 0.108 0.116 0.166 
477 NS_SS1335    (4)    7 :  0.274 0.183 0.060 0.183 0.149 0.151 
478 NS_SS1358    (0)    7 :  0.285 0.113 0.072 0.131 0.176 0.224 
479 NS_SS1342    (1)    7 :  0.196 0.057 0.075 0.123 0.217 0.333 
480 NS_SS1320    (2)    7 :  0.220 0.056 0.488 0.053 0.090 0.092 
481 NS_SS1355    (1)    7 :  0.315 0.133 0.172 0.176 0.101 0.102 
482 NS_SS1345    (1)    7 :  0.551 0.109 0.096 0.080 0.093 0.069 
483 NS_SS1324    (0)    7 :  0.136 0.144 0.106 0.234 0.222 0.157 
484 NS_SS1347    (5)    7 :  0.184 0.136 0.117 0.139 0.226 0.198 
485 NS_SS1321    (4)    7 :  0.082 0.180 0.077 0.155 0.211 0.295 
486 NS_SS1333    (0)    7 :  0.047 0.108 0.123 0.179 0.227 0.316 
487 NS_SS1364    (1)    7 :  0.285 0.069 0.098 0.337 0.072 0.138 
488 NS_SS1379    (0)    7 :  0.179 0.123 0.235 0.216 0.133 0.114 
489 NS_SS1332    (0)    7 :  0.097 0.083 0.155 0.284 0.209 0.172 
490 NS_SS1338    (5)    7 :  0.102 0.211 0.090 0.346 0.129 0.123 
491 NS_SS1368    (6)    7 :  0.247 0.073 0.123 0.177 0.159 0.221 
492 NS_SS1354    (1)    7 :  0.253 0.133 0.158 0.134 0.119 0.203 
493 NS_SS1365    (0)    7 :  0.170 0.227 0.199 0.101 0.136 0.167 
494 NS_SS1380    (1)    7 :  0.261 0.205 0.166 0.124 0.087 0.157 
495 NS_SS1329    (8)    7 :  0.207 0.051 0.101 0.148 0.139 0.353 
496 NS_SS1362    (0)    7 :  0.171 0.098 0.171 0.195 0.137 0.229 
497 NS_SS1327    (2)    7 :  0.053 0.110 0.089 0.369 0.268 0.111 
498 NS_SS1350    (0)    7 :  0.066 0.088 0.269 0.120 0.341 0.116 
499 NS_SS1387    (2)    7 :  0.128 0.237 0.159 0.269 0.107 0.100 
500 NS_SS1369    (8)    7 :  0.291 0.193 0.078 0.148 0.184 0.107 
501 NS_SS1331    (1)    7 :  0.079 0.251 0.175 0.141 0.131 0.222 
502 NS_SS1357    (4)    7 :  0.093 0.056 0.298 0.113 0.288 0.152 
503 NS_SS1386    (1)    7 :  0.147 0.065 0.060 0.241 0.198 0.289 
504 NS_SS1353    (2)    7 :  0.108 0.091 0.328 0.136 0.130 0.207 
505 NS_SS1323    (0)    7 :  0.225 0.127 0.181 0.083 0.099 0.287 
506 HI_SS0296    (0)    8 :  0.152 0.284 0.099 0.166 0.235 0.064 
507 HI_SS0297    (0)    8 :  0.080 0.100 0.202 0.083 0.146 0.389 
508 HI_SS0299    (0)    8 :  0.224 0.209 0.097 0.174 0.140 0.157 
509 HI_SS0300    (0)    8 :  0.273 0.219 0.115 0.214 0.111 0.068 
510 HI_SS0301    (0)    8 :  0.137 0.312 0.060 0.251 0.047 0.193 
511 HI_SS0302    (0)    8 :  0.153 0.317 0.077 0.229 0.147 0.077 
512 HI_SS0303    (0)    8 :  0.117 0.071 0.272 0.283 0.174 0.083 
513 HI_SS0304    (0)    8 :  0.064 0.226 0.294 0.144 0.109 0.163 
514 HI_SS0306    (5)    8 :  0.116 0.292 0.099 0.198 0.183 0.111 
515 HI_SS0307    (1)    8 :  0.234 0.179 0.189 0.109 0.143 0.145 
516 HI_SS0308    (1)    8 :  0.232 0.132 0.087 0.203 0.142 0.204 
517 HI_SS0309    (0)    8 :  0.345 0.191 0.067 0.097 0.191 0.109 
518 HI_SS0310    (0)    8 :  0.144 0.123 0.293 0.228 0.105 0.106 
519 HI_SS0311    (3)    8 :  0.187 0.322 0.091 0.120 0.117 0.162 
520 HI_SS0314    (0)    8 :  0.114 0.072 0.369 0.129 0.151 0.165 
521 HI_SS0316    (1)    8 :  0.162 0.106 0.165 0.270 0.153 0.143 
522 HI_SS0317    (3)    8 :  0.122 0.236 0.088 0.141 0.130 0.283 
523 HI_SS0318    (1)    8 :  0.101 0.124 0.062 0.330 0.153 0.230 
524 HI_SS0319    (0)    8 :  0.216 0.051 0.080 0.282 0.291 0.080 
525 HI_SS0320    (3)    8 :  0.056 0.105 0.257 0.103 0.078 0.403 
526 HI_SS0321    (0)    8 :  0.084 0.113 0.083 0.246 0.229 0.245 
527 HI_SS0323    (1)    8 :  0.103 0.218 0.131 0.262 0.199 0.087 
528 HI_SS0325    (2)    8 :  0.121 0.332 0.088 0.166 0.183 0.111 
529 HI_SS0327    (1)    8 :  0.198 0.046 0.121 0.108 0.407 0.121 
530 HI_SS0329    (1)    8 :  0.118 0.223 0.208 0.149 0.092 0.210 
531 HI_SS0333    (1)    8 :  0.149 0.124 0.179 0.241 0.140 0.167 
532 HI_SS0334    (1)    8 :  0.188 0.155 0.079 0.278 0.154 0.146 
533 HI_SS0335    (1)    8 :  0.320 0.156 0.114 0.120 0.132 0.158 
534 HI_SS0339    (0)    8 :  0.282 0.163 0.156 0.228 0.062 0.109 
535 HI_SS0343    (2)    8 :  0.303 0.093 0.142 0.085 0.151 0.225 
536 HI_SS0344    (1)    8 :  0.084 0.105 0.069 0.290 0.308 0.142 
537 HI_SS0345    (3)    8 :  0.203 0.234 0.119 0.158 0.081 0.207 
538 HI_SS0346    (0)    8 :  0.068 0.190 0.095 0.166 0.142 0.340 
539 HI_SS0350    (1)    8 :  0.450 0.130 0.180 0.089 0.092 0.059 
540 HI_SS0351    (0)    8 :  0.341 0.104 0.087 0.169 0.111 0.189 
541 HI_SS0352    (3)    8 :  0.240 0.139 0.139 0.120 0.139 0.223 
542 HI_SS0362    (0)    8 :  0.116 0.378 0.130 0.146 0.137 0.093 
543 HI_SS0363    (1)    8 :  0.184 0.085 0.105 0.163 0.373 0.090 
544 HI_SS0365    (0)    8 :  0.220 0.074 0.151 0.187 0.280 0.087 
545 HI_SS0366    (0)    8 :  0.137 0.176 0.082 0.196 0.324 0.085 
546 HI_SS0367    (1)    8 :  0.198 0.111 0.298 0.106 0.114 0.174 
547 HI_SS0369    (1)    8 :  0.197 0.230 0.200 0.132 0.099 0.141 
548 HI_SS0370    (0)    8 :  0.119 0.065 0.251 0.123 0.252 0.190 
549 HI_SS0371    (4)    8 :  0.121 0.185 0.104 0.264 0.192 0.135 
550 HI_SS0373    (3)    8 :  0.153 0.163 0.248 0.151 0.185 0.099 
551 HI_SS0374    (0)    8 :  0.172 0.119 0.250 0.173 0.102 0.184 
552 HI_SS0377    (0)    8 :  0.382 0.178 0.063 0.126 0.115 0.136 
553 HI_SS0379    (1)    8 :  0.099 0.080 0.060 0.337 0.238 0.187 
554 HI_SS0380    (1)    8 :  0.230 0.147 0.200 0.130 0.125 0.168 
555 HI_SS0381    (2)    8 :  0.260 0.190 0.092 0.156 0.112 0.189 
556 HI_SS0384    (3)    8 :  0.058 0.137 0.225 0.132 0.236 0.212 
557 HI_SS0385    (1)    8 :  0.075 0.152 0.272 0.289 0.085 0.127 


Estimated Allele Frequencies in each cluster
First column gives estimated ancestral frequencies


Locus 1 : 
2 alleles
3.4% missing data
   1   (0.734) 0.729 0.676 0.769 0.709 0.741 0.806 
   2   (0.266) 0.271 0.324 0.231 0.291 0.259 0.194 

Locus 2 : 
2 alleles
4.3% missing data
   1   (0.886) 0.905 0.914 0.819 0.920 0.923 0.855 
   2   (0.114) 0.095 0.086 0.181 0.080 0.077 0.145 

Locus 3 : 
2 alleles
3.9% missing data
   1   (0.859) 0.889 0.859 0.860 0.860 0.865 0.870 
   2   (0.141) 0.111 0.141 0.140 0.140 0.135 0.130 

Locus 4 : 
2 alleles
2.7% missing data
   1   (0.886) 0.921 0.891 0.905 0.894 0.925 0.821 
