

----------------------------------------------------
STRUCTURE by Pritchard, Stephens and Donnelly (2000)
     and Falush, Stephens and Pritchard (2003)
       Code by Pritchard, Falush and Hubisz
             Version 2.3.4 (Jul 2012)
----------------------------------------------------



Command line arguments:   /home/genobiwan/Documents/Programs/Structure/structure -m parameter_job_k4_r3 
Input File:    /media/genobiwan/Storage/Projets/Mackerel_NWA_2021/data_job_k4_r3

Run parameters:
   557 individuals
   3930 loci
   4 populations assumed
   100000 Burn-in period
   200000 Reps


--------------------------------------------
Proportion of membership of each pre-defined
 population in each of the 4 clusters

Given    Inferred Clusters              Number of
 Pop       1      2      3      4      Individuals

  1:     0.227  0.239  0.259  0.275       67
  2:     0.209  0.307  0.260  0.224       32
  3:     0.228  0.226  0.270  0.277       92
  4:     0.274  0.248  0.225  0.252       36
  5:     0.264  0.234  0.234  0.268       41
  6:     0.261  0.247  0.245  0.246      158
  7:     0.248  0.253  0.252  0.246       79
  8:     0.265  0.224  0.258  0.253       52
--------------------------------------------

Allele-freq. divergence among pops (Net nucleotide distance),
computed using point estimates of P.

      1       2       3       4      
 1      -    0.0023  0.0023  0.0019  
 2   0.0023     -    0.0021  0.0018  
 3   0.0023  0.0021     -    0.0017  
 4   0.0019  0.0018  0.0017     -    

Average distances (expected heterozygosity) between individuals in same cluster:
cluster  1  : 0.3126 
cluster  2  : 0.3142 
cluster  3  : 0.3121 
cluster  4  : 0.3134 

--------------------------------------------
Estimated Ln Prob of Data   = -2070071.2
Mean value of ln likelihood = -2063321.5
Variance of ln likelihood   = 13499.3
Mean value of alpha         = 1.5982

Mean value of Fst_1         = 0.0225
Mean value of Fst_2         = 0.0222
Mean value of Fst_3         = 0.0214
Mean value of Fst_4         = 0.0174


Inferred ancestry of individuals:
        Label (%Miss) Pop:  Inferred clusters
  1 NS_SS0963    (4)    1 :  0.151 0.182 0.181 0.486 
  2 NS_SS0983    (1)    1 :  0.493 0.112 0.213 0.182 
  3 NS_SS0719    (8)    1 :  0.254 0.197 0.286 0.263 
  4 NS_SS1001    (8)    1 :  0.116 0.436 0.300 0.148 
  5 NS_SS0936    (4)    1 :  0.141 0.362 0.107 0.390 
  6 NS_SS0955    (5)    1 :  0.300 0.119 0.209 0.372 
  7 NS_SS0944    (3)    1 :  0.234 0.215 0.220 0.332 
  8 NS_SS0945    (3)    1 :  0.271 0.379 0.202 0.148 
  9 NS_SS0922    (2)    1 :  0.124 0.437 0.246 0.193 
 10 NS_SS0929    (7)    1 :  0.318 0.164 0.196 0.322 
 11 NS_SS0956    (2)    1 :  0.107 0.257 0.493 0.143 
 12 NS_SS0906    (3)    1 :  0.275 0.155 0.200 0.369 
 13 NS_SS0721    (6)    1 :  0.187 0.148 0.515 0.150 
 14 NS_SS0982    (4)    1 :  0.161 0.175 0.255 0.409 
 15 NS_SS0923    (5)    1 :  0.176 0.263 0.271 0.290 
 16 NS_SS0905    (6)    1 :  0.235 0.199 0.347 0.219 
 17 NS_SS0925    (3)    1 :  0.107 0.263 0.265 0.365 
 18 NS_SS0947    (5)    1 :  0.160 0.321 0.164 0.355 
 19 NS_SS0926    (2)    1 :  0.439 0.120 0.188 0.253 
 20 NS_SS0918    (6)    1 :  0.109 0.153 0.354 0.384 
 21 NS_SS0966    (4)    1 :  0.163 0.213 0.210 0.414 
 22 NS_SS0938    (2)    1 :  0.140 0.462 0.131 0.267 
 23 NS_SS0917    (2)    1 :  0.386 0.257 0.189 0.168 
 24 NS_SS0957   (11)    1 :  0.193 0.166 0.422 0.219 
 25 NS_SS0987    (1)    1 :  0.169 0.097 0.588 0.146 
 26 NS_SS0717    (4)    1 :  0.124 0.353 0.350 0.172 
 27 NS_SS0986    (2)    1 :  0.269 0.133 0.379 0.220 
 28 NS_SS0953    (4)    1 :  0.122 0.281 0.271 0.326 
 29 NS_SS0907    (3)    1 :  0.217 0.138 0.165 0.480 
 30 NS_SS0974    (6)    1 :  0.236 0.288 0.125 0.351 
 31 NS_SS0989    (1)    1 :  0.481 0.233 0.124 0.162 
 32 NS_SS0991    (2)    1 :  0.259 0.072 0.361 0.307 
 33 NS_SS0994    (2)    1 :  0.570 0.229 0.090 0.111 
 34 NS_SS0931    (6)    1 :  0.355 0.110 0.308 0.227 
 35 NS_SS1000    (5)    1 :  0.131 0.406 0.150 0.313 
 36 NS_SS0919    (1)    1 :  0.267 0.108 0.137 0.489 
 37 NS_SS0949    (3)    1 :  0.403 0.228 0.179 0.190 
 38 NS_SS0960   (10)    1 :  0.296 0.108 0.284 0.312 
 39 NS_SS0716    (2)    1 :  0.111 0.294 0.513 0.082 
 40 NS_SS0924    (8)    1 :  0.270 0.136 0.214 0.380 
 41 NS_SS0935    (1)    1 :  0.377 0.129 0.339 0.155 
 42 NS_SS0952   (13)    1 :  0.360 0.125 0.157 0.358 
 43 NS_SS0962   (10)    1 :  0.151 0.297 0.276 0.276 
 44 NS_SS0973    (5)    1 :  0.180 0.173 0.170 0.477 
 45 NS_SS0722    (1)    1 :  0.098 0.586 0.139 0.178 
 46 NS_SS0979   (13)    1 :  0.130 0.179 0.399 0.292 
 47 NS_SS0993    (2)    1 :  0.099 0.324 0.235 0.341 
 48 NS_SS0958    (1)    1 :  0.376 0.212 0.216 0.197 
 49 NS_SS0988    (4)    1 :  0.269 0.116 0.216 0.399 
 50 NS_SS1003    (2)    1 :  0.087 0.117 0.368 0.428 
 51 NS_SS0976    (0)    1 :  0.345 0.154 0.184 0.317 
 52 NS_SS0964   (10)    1 :  0.104 0.429 0.297 0.170 
 53 NS_SS0939    (4)    1 :  0.086 0.415 0.431 0.068 
 54 NS_SS0990    (6)    1 :  0.321 0.286 0.248 0.145 
 55 NS_SS0984    (2)    1 :  0.103 0.492 0.235 0.169 
 56 NS_SS0980    (9)    1 :  0.142 0.332 0.103 0.422 
 57 NS_SS0978    (4)    1 :  0.176 0.360 0.139 0.325 
 58 NS_SS0951   (17)    1 :  0.264 0.101 0.473 0.162 
 59 NS_SS0913    (3)    1 :  0.151 0.286 0.412 0.151 
 60 NS_SS1002    (1)    1 :  0.122 0.177 0.104 0.596 
 61 NS_SS0948    (1)    1 :  0.259 0.156 0.282 0.304 
 62 NS_SS0916    (4)    1 :  0.287 0.374 0.178 0.161 
 63 NS_SS0995    (1)    1 :  0.185 0.326 0.315 0.174 
 64 NS_SS0927    (6)    1 :  0.376 0.295 0.146 0.182 
 65 NS_SS0992    (5)    1 :  0.262 0.365 0.085 0.288 
 66 NS_SS0912    (1)    1 :  0.246 0.108 0.459 0.186 
 67 NS_SS0981    (1)    1 :  0.134 0.126 0.329 0.412 
 68 NS_SS0729    (5)    2 :  0.465 0.207 0.072 0.256 
 69 NS_SS0967   (14)    2 :  0.133 0.178 0.156 0.533 
 70 NS_SS0941    (7)    2 :  0.179 0.456 0.199 0.167 
 71 NS_SS0768   (12)    2 :  0.167 0.174 0.368 0.291 
 72 NS_SS0726    (4)    2 :  0.329 0.326 0.077 0.267 
 73 NS_SS0763    (4)    2 :  0.382 0.255 0.141 0.221 
 74 NS_SS0730    (6)    2 :  0.156 0.326 0.311 0.207 
 75 NS_SS0774    (1)    2 :  0.113 0.454 0.140 0.293 
 76 NS_SS0723    (3)    2 :  0.093 0.279 0.212 0.417 
 77 NS_SS0940    (9)    2 :  0.286 0.348 0.249 0.118 
 78 NS_SS0762    (1)    2 :  0.077 0.523 0.256 0.144 
 79 NS_SS0766   (11)    2 :  0.225 0.415 0.272 0.087 
 80 NS_SS0724    (1)    2 :  0.126 0.206 0.371 0.297 
 81 NS_SS0769    (3)    2 :  0.231 0.218 0.260 0.291 
 82 NS_SS0777    (2)    2 :  0.320 0.134 0.319 0.227 
 83 NS_SS0734    (6)    2 :  0.254 0.250 0.373 0.122 
 84 NS_SS0737    (3)    2 :  0.093 0.653 0.139 0.115 
 85 NS_SS0732    (5)    2 :  0.121 0.132 0.533 0.214 
 86 NS_SS0728    (5)    2 :  0.193 0.414 0.240 0.154 
 87 NS_SS0735    (9)    2 :  0.144 0.421 0.264 0.171 
 88 NS_SS0725    (1)    2 :  0.127 0.485 0.194 0.194 
 89 NS_SS0788    (2)    2 :  0.226 0.196 0.207 0.371 
 90 NS_SS0778    (2)    2 :  0.314 0.141 0.264 0.282 
 91 NS_SS0792    (6)    2 :  0.272 0.178 0.341 0.208 
 92 NS_SS0943   (11)    2 :  0.315 0.101 0.204 0.380 
 93 NS_SS0791    (2)    2 :  0.307 0.287 0.319 0.087 
 94 NS_SS0790    (5)    2 :  0.062 0.209 0.430 0.300 
 95 NS_SS0731    (6)    2 :  0.132 0.224 0.504 0.141 
 96 NS_SS0727    (6)    2 :  0.330 0.483 0.092 0.095 
 97 NS_SS0779   (12)    2 :  0.219 0.237 0.309 0.234 
 98 NS_SS0776    (3)    2 :  0.192 0.417 0.218 0.174 
 99 NS_SS0775    (5)    2 :  0.109 0.490 0.280 0.121 
100 NS_SS0965    (3)    3 :  0.149 0.120 0.383 0.347 
101 NS_SS0754   (13)    3 :  0.335 0.154 0.329 0.183 
102 NS_SS0838    (5)    3 :  0.239 0.301 0.177 0.284 
103 NS_SS0839    (3)    3 :  0.094 0.393 0.263 0.250 
104 NS_SS0832    (4)    3 :  0.070 0.209 0.294 0.427 
105 NS_SS0820    (4)    3 :  0.099 0.183 0.377 0.342 
106 NS_SS0886    (9)    3 :  0.324 0.174 0.313 0.189 
107 NS_SS0748    (5)    3 :  0.286 0.138 0.256 0.320 
108 NS_SS0884    (9)    3 :  0.234 0.249 0.195 0.322 
109 NS_SS0752    (3)    3 :  0.178 0.375 0.164 0.282 
110 NS_SS0862    (1)    3 :  0.100 0.152 0.516 0.232 
111 NS_SS0787    (9)    3 :  0.581 0.101 0.150 0.168 
112 NS_SS0843    (6)    3 :  0.212 0.232 0.260 0.295 
113 NS_SS0856    (4)    3 :  0.235 0.439 0.182 0.144 
114 NS_SS0846    (2)    3 :  0.237 0.199 0.083 0.481 
115 NS_SS0825    (1)    3 :  0.230 0.143 0.269 0.358 
116 NS_SS0757    (3)    3 :  0.272 0.154 0.336 0.237 
117 NS_SS0876    (3)    3 :  0.179 0.338 0.237 0.246 
118 NS_SS0903    (9)    3 :  0.099 0.330 0.122 0.450 
119 NS_SS0875    (7)    3 :  0.216 0.233 0.396 0.155 
120 NS_SS0740    (5)    3 :  0.201 0.283 0.240 0.277 
121 NS_SS0811    (5)    3 :  0.094 0.163 0.581 0.163 
122 NS_SS0751    (1)    3 :  0.193 0.386 0.245 0.177 
123 NS_SS0891    (6)    3 :  0.197 0.365 0.229 0.209 
124 NS_SS0867    (2)    3 :  0.235 0.082 0.186 0.497 
125 NS_SS0890    (6)    3 :  0.224 0.275 0.230 0.271 
126 NS_SS0866   (11)    3 :  0.558 0.177 0.150 0.116 
127 NS_SS0755    (4)    3 :  0.178 0.179 0.283 0.360 
128 NS_SS0758    (4)    3 :  0.224 0.354 0.197 0.226 
129 NS_SS0840    (2)    3 :  0.080 0.221 0.235 0.464 
130 NS_SS0889    (4)    3 :  0.407 0.117 0.317 0.159 
131 NS_SS1010    (1)    3 :  0.189 0.143 0.207 0.461 
132 NS_SS0888    (5)    3 :  0.480 0.251 0.154 0.115 
133 NS_SS0837    (3)    3 :  0.106 0.120 0.375 0.399 
134 NS_SS0794    (9)    3 :  0.373 0.305 0.206 0.116 
135 NS_SS0823    (4)    3 :  0.112 0.358 0.152 0.378 
136 NS_SS0829    (7)    3 :  0.432 0.074 0.315 0.179 
137 NS_SS0844    (5)    3 :  0.079 0.114 0.150 0.657 
138 NS_SS1008    (5)    3 :  0.339 0.343 0.187 0.131 
139 NS_SS0881    (3)    3 :  0.293 0.202 0.275 0.230 
140 NS_SS0834    (6)    3 :  0.123 0.551 0.136 0.190 
141 NS_SS0744   (10)    3 :  0.233 0.212 0.212 0.343 
142 NS_SS0899    (7)    3 :  0.098 0.165 0.561 0.176 
143 NS_SS0804    (4)    3 :  0.078 0.226 0.360 0.335 
144 NS_SS0781   (10)    3 :  0.107 0.240 0.233 0.421 
145 NS_SS0822    (6)    3 :  0.242 0.331 0.194 0.233 
146 NS_SS1004    (4)    3 :  0.149 0.172 0.211 0.468 
147 NS_SS0746    (5)    3 :  0.216 0.225 0.143 0.416 
148 NS_SS0880    (3)    3 :  0.141 0.267 0.180 0.413 
149 NS_SS0879    (4)    3 :  0.154 0.352 0.235 0.259 
150 NS_SS0753    (2)    3 :  0.306 0.103 0.337 0.255 
151 NS_SS1007    (2)    3 :  0.208 0.511 0.121 0.160 
152 NS_SS0872    (5)    3 :  0.149 0.309 0.218 0.323 
153 NS_SS1005    (7)    3 :  0.129 0.238 0.153 0.479 
154 NS_SS0892    (6)    3 :  0.231 0.272 0.269 0.228 
155 NS_SS0898    (0)    3 :  0.286 0.177 0.304 0.233 
156 NS_SS0801    (9)    3 :  0.194 0.134 0.406 0.266 
157 NS_SS0827    (8)    3 :  0.252 0.087 0.468 0.193 
158 NS_SS0853    (6)    3 :  0.250 0.111 0.494 0.145 
159 NS_SS0780    (2)    3 :  0.146 0.275 0.334 0.245 
160 NS_SS0826   (10)    3 :  0.176 0.089 0.160 0.575 
161 NS_SS0818    (5)    3 :  0.083 0.331 0.318 0.268 
162 NS_SS0745    (1)    3 :  0.074 0.485 0.372 0.069 
163 NS_SS0849    (3)    3 :  0.150 0.090 0.567 0.194 
164 NS_SS0739    (3)    3 :  0.245 0.251 0.351 0.153 
165 NS_SS0799    (1)    3 :  0.325 0.288 0.239 0.148 
166 NS_SS0756    (2)    3 :  0.091 0.135 0.258 0.515 
167 NS_SS0802    (2)    3 :  0.307 0.290 0.127 0.276 
168 NS_SS0747    (6)    3 :  0.208 0.202 0.171 0.419 
169 NS_SS0835    (1)    3 :  0.528 0.150 0.105 0.216 
170 NS_SS0742   (18)    3 :  0.183 0.237 0.272 0.308 
171 NS_SS0760    (9)    3 :  0.464 0.176 0.179 0.181 
172 NS_SS0803    (4)    3 :  0.097 0.251 0.134 0.518 
173 NS_SS0828   (13)    3 :  0.210 0.171 0.444 0.175 
174 NS_SS0865    (2)    3 :  0.218 0.100 0.310 0.372 
175 NS_SS0759    (4)    3 :  0.103 0.347 0.350 0.200 
176 NS_SS0851    (5)    3 :  0.098 0.161 0.589 0.152 
177 NS_SS0874   (16)    3 :  0.131 0.205 0.196 0.468 
178 NS_SS0761    (6)    3 :  0.410 0.096 0.263 0.231 
179 NS_SS0842   (25)    3 :  0.308 0.227 0.242 0.223 
180 NS_SS0785    (6)    3 :  0.301 0.178 0.201 0.320 
181 NS_SS0860   (11)    3 :  0.518 0.135 0.122 0.225 
182 NS_SS0897    (7)    3 :  0.521 0.134 0.221 0.124 
183 NS_SS0841   (14)    3 :  0.099 0.259 0.438 0.204 
184 NS_SS0797    (6)    3 :  0.306 0.104 0.342 0.249 
185 NS_SS0830   (10)    3 :  0.216 0.150 0.346 0.288 
186 NS_SS1011    (5)    3 :  0.100 0.160 0.194 0.545 
187 NS_SS0883    (5)    3 :  0.279 0.126 0.421 0.173 
188 NS_SS0782    (2)    3 :  0.259 0.432 0.164 0.145 
189 NS_SS0831    (5)    3 :  0.397 0.094 0.383 0.126 
190 NS_SS0749    (7)    3 :  0.244 0.255 0.367 0.134 
191 NS_SS0854    (2)    3 :  0.259 0.396 0.171 0.174 
192 HI_SS0193    (0)    4 :  0.325 0.316 0.234 0.124 
193 HI_SS0194    (0)    4 :  0.136 0.540 0.121 0.203 
194 HI_SS0195    (9)    4 :  0.088 0.249 0.468 0.194 
195 HI_SS0196    (6)    4 :  0.250 0.442 0.168 0.140 
196 HI_SS0197    (3)    4 :  0.200 0.264 0.125 0.411 
197 HI_SS0198    (1)    4 :  0.292 0.160 0.366 0.182 
198 HI_SS0199    (1)    4 :  0.362 0.368 0.121 0.149 
199 HI_SS0201    (4)    4 :  0.444 0.070 0.195 0.290 
200 HI_SS0215    (1)    4 :  0.465 0.075 0.201 0.259 
201 HI_SS0218    (1)    4 :  0.514 0.198 0.199 0.088 
202 HI_SS0222    (0)    4 :  0.224 0.312 0.331 0.134 
203 HI_SS0230    (1)    4 :  0.185 0.131 0.332 0.351 
204 HI_SS0234    (1)    4 :  0.228 0.405 0.080 0.287 
205 HI_SS0240    (1)    4 :  0.176 0.534 0.170 0.120 
206 HI_SS0241    (0)    4 :  0.410 0.156 0.187 0.247 
207 HI_SS0242    (0)    4 :  0.253 0.212 0.238 0.298 
208 HI_SS0247    (0)    4 :  0.169 0.133 0.245 0.453 
209 HI_SS0248    (1)    4 :  0.392 0.355 0.116 0.137 
210 HI_SS0252    (2)    4 :  0.143 0.411 0.266 0.180 
211 HI_SS0254    (1)    4 :  0.285 0.192 0.162 0.361 
212 HI_SS0256    (0)    4 :  0.047 0.274 0.202 0.477 
213 HI_SS0257    (0)    4 :  0.422 0.182 0.074 0.321 
214 HI_SS0258    (1)    4 :  0.397 0.184 0.248 0.170 
215 HI_SS0259    (1)    4 :  0.161 0.426 0.196 0.218 
216 HI_SS0260    (1)    4 :  0.424 0.288 0.134 0.155 
217 HI_SS0261    (2)    4 :  0.270 0.278 0.110 0.342 
218 HI_SS0262    (0)    4 :  0.174 0.224 0.365 0.237 
219 HI_SS0264    (1)    4 :  0.158 0.210 0.361 0.271 
220 HI_SS0265    (0)    4 :  0.180 0.174 0.333 0.313 
221 HI_SS0268    (1)    4 :  0.300 0.223 0.341 0.137 
222 HI_SS0269    (1)    4 :  0.548 0.141 0.071 0.240 
223 HI_SS0273    (0)    4 :  0.327 0.123 0.141 0.409 
224 HI_SS0277    (1)    4 :  0.154 0.127 0.196 0.523 
225 HI_SS0280    (0)    4 :  0.196 0.246 0.433 0.125 
226 HI_SS0282    (1)    4 :  0.296 0.168 0.217 0.319 
227 HI_SS0286    (1)    4 :  0.280 0.153 0.364 0.204 
228 NS_SS1252    (3)    5 :  0.582 0.133 0.167 0.118 
229 NS_SS1261    (1)    5 :  0.271 0.194 0.242 0.294 
230 NS_SS1225    (9)    5 :  0.299 0.101 0.144 0.456 
231 NS_SS1266    (1)    5 :  0.078 0.176 0.181 0.565 
232 NS_SS1228    (0)    5 :  0.148 0.166 0.558 0.129 
233 NS_SS1255    (2)    5 :  0.176 0.577 0.114 0.133 
234 NS_SS1267    (3)    5 :  0.627 0.120 0.167 0.086 
235 NS_SS1238    (6)    5 :  0.241 0.210 0.369 0.179 
236 NS_SS1233    (8)    5 :  0.109 0.136 0.307 0.448 
237 NS_SS1277    (3)    5 :  0.379 0.370 0.175 0.076 
238 NS_SS1245    (1)    5 :  0.259 0.277 0.140 0.324 
239 NS_SS1240    (4)    5 :  0.632 0.141 0.103 0.124 
240 NS_SS1275    (2)    5 :  0.090 0.252 0.266 0.392 
241 NS_SS1235    (1)    5 :  0.150 0.460 0.064 0.325 
242 NS_SS1263    (1)    5 :  0.117 0.380 0.219 0.284 
243 NS_SS1251    (1)    5 :  0.139 0.242 0.179 0.440 
244 NS_SS1248    (0)    5 :  0.164 0.079 0.668 0.090 
245 NS_SS1244    (0)    5 :  0.200 0.135 0.168 0.496 
246 NS_SS1257    (0)    5 :  0.426 0.238 0.202 0.135 
247 NS_SS1242    (2)    5 :  0.120 0.395 0.229 0.257 
248 NS_SS1271    (6)    5 :  0.572 0.141 0.152 0.135 
249 NS_SS1265    (1)    5 :  0.460 0.149 0.187 0.204 
250 NS_SS1243    (0)    5 :  0.149 0.308 0.439 0.105 
251 NS_SS1273    (1)    5 :  0.104 0.419 0.254 0.224 
252 NS_SS1254   (14)    5 :  0.140 0.217 0.263 0.380 
253 NS_SS1224    (1)    5 :  0.106 0.182 0.384 0.327 
254 NS_SS1227    (8)    5 :  0.421 0.240 0.125 0.214 
255 NS_SS1274    (8)    5 :  0.339 0.233 0.243 0.185 
256 NS_SS1241    (1)    5 :  0.292 0.158 0.162 0.388 
257 NS_SS1256    (3)    5 :  0.254 0.150 0.094 0.502 
258 NS_SS1260    (8)    5 :  0.438 0.198 0.141 0.224 
259 NS_SS1262    (0)    5 :  0.279 0.103 0.240 0.379 
260 NS_SS1230    (0)    5 :  0.295 0.209 0.235 0.261 
261 NS_SS1270    (2)    5 :  0.118 0.095 0.426 0.361 
262 NS_SS1229    (2)    5 :  0.129 0.502 0.062 0.307 
263 NS_SS1246    (5)    5 :  0.389 0.310 0.114 0.187 
264 NS_SS1269    (0)    5 :  0.190 0.285 0.299 0.226 
265 NS_SS1239    (1)    5 :  0.123 0.390 0.342 0.145 
266 NS_SS1272    (4)    5 :  0.204 0.140 0.153 0.503 
267 NS_SS1268    (1)    5 :  0.113 0.130 0.520 0.236 
268 NS_SS1249    (0)    5 :  0.516 0.248 0.102 0.134 
269 HI_SS0559    (0)    6 :  0.234 0.268 0.305 0.193 
270 HI_SS0563    (1)    6 :  0.217 0.197 0.240 0.345 
271 HI_SS0564    (0)    6 :  0.182 0.272 0.272 0.274 
272 HI_SS0565    (0)    6 :  0.297 0.153 0.154 0.396 
273 HI_SS0569    (0)    6 :  0.363 0.065 0.226 0.346 
274 HI_SS0570    (0)    6 :  0.451 0.213 0.236 0.099 
275 HI_SS0572    (1)    6 :  0.133 0.514 0.103 0.251 
276 HI_SS0576    (0)    6 :  0.127 0.259 0.478 0.136 
277 HI_SS0579    (1)    6 :  0.265 0.185 0.137 0.412 
278 HI_SS0580    (1)    6 :  0.370 0.308 0.197 0.125 
279 HI_SS0581    (0)    6 :  0.101 0.221 0.385 0.294 
280 HI_SS0583    (1)    6 :  0.469 0.250 0.107 0.174 
281 HI_SS0586    (1)    6 :  0.525 0.092 0.284 0.099 
282 HI_SS0588    (1)    6 :  0.350 0.182 0.202 0.266 
283 HI_SS0595    (4)    6 :  0.393 0.201 0.122 0.284 
284 HI_SS0596    (0)    6 :  0.109 0.607 0.159 0.126 
285 HI_SS0597    (1)    6 :  0.150 0.447 0.123 0.280 
286 HI_SS0600    (0)    6 :  0.342 0.198 0.197 0.263 
287 HI_SS0601    (1)    6 :  0.223 0.070 0.227 0.479 
288 HI_SS0602    (1)    6 :  0.341 0.168 0.396 0.095 
289 HI_SS0604    (0)    6 :  0.205 0.253 0.342 0.201 
290 HI_SS0605    (1)    6 :  0.282 0.220 0.364 0.134 
291 HI_SS0608    (0)    6 :  0.204 0.321 0.359 0.116 
292 HI_SS0609    (0)    6 :  0.123 0.242 0.148 0.486 
293 HI_SS0611    (5)    6 :  0.424 0.123 0.352 0.100 
294 HI_SS0612    (1)    6 :  0.192 0.205 0.067 0.535 
295 HI_SS0613    (1)    6 :  0.208 0.111 0.507 0.173 
296 HI_SS0615    (0)    6 :  0.091 0.442 0.298 0.169 
297 HI_SS0001    (1)    6 :  0.290 0.428 0.107 0.175 
298 HI_SS0002    (1)    6 :  0.103 0.248 0.177 0.471 
299 HI_SS0004    (0)    6 :  0.365 0.312 0.232 0.090 
300 HI_SS0005    (1)    6 :  0.169 0.125 0.545 0.161 
301 HI_SS0006    (1)    6 :  0.351 0.132 0.108 0.409 
302 HI_SS0007    (1)    6 :  0.296 0.139 0.488 0.077 
303 HI_SS0008    (0)    6 :  0.182 0.163 0.304 0.352 
304 HI_SS0009    (0)    6 :  0.103 0.366 0.418 0.113 
305 HI_SS0010    (1)    6 :  0.281 0.136 0.405 0.178 
306 HI_SS0011    (1)    6 :  0.120 0.108 0.232 0.540 
307 HI_SS0012    (0)    6 :  0.122 0.236 0.253 0.389 
308 HI_SS0017    (1)    6 :  0.124 0.611 0.146 0.119 
309 HI_SS0021    (1)    6 :  0.410 0.149 0.226 0.215 
310 HI_SS0024    (1)    6 :  0.150 0.328 0.327 0.195 
311 HI_SS0025    (1)    6 :  0.124 0.418 0.292 0.165 
312 HI_SS0027    (0)    6 :  0.318 0.163 0.326 0.193 
313 HI_SS0028    (0)    6 :  0.089 0.162 0.470 0.280 
314 HI_SS0029    (1)    6 :  0.265 0.367 0.251 0.116 
315 HI_SS0030    (2)    6 :  0.260 0.263 0.208 0.269 
316 HI_SS0031    (0)    6 :  0.177 0.262 0.113 0.448 
317 HI_SS0034    (0)    6 :  0.409 0.223 0.115 0.253 
318 HI_SS0036    (0)    6 :  0.483 0.143 0.268 0.107 
319 HI_SS0037    (1)    6 :  0.471 0.104 0.292 0.133 
320 HI_SS0039    (0)    6 :  0.314 0.102 0.422 0.162 
321 HI_SS0041    (1)    6 :  0.130 0.306 0.447 0.116 
322 HI_SS0042    (1)    6 :  0.128 0.354 0.270 0.248 
323 HI_SS0043    (1)    6 :  0.543 0.092 0.185 0.179 
324 HI_SS0044    (1)    6 :  0.328 0.449 0.137 0.086 
325 HI_SS0047    (1)    6 :  0.134 0.338 0.292 0.236 
326 HI_SS0049    (0)    6 :  0.149 0.472 0.196 0.183 
327 HI_SS0051    (1)    6 :  0.163 0.104 0.447 0.286 
328 HI_SS0053    (1)    6 :  0.469 0.163 0.118 0.250 
329 HI_SS0054    (4)    6 :  0.350 0.078 0.238 0.334 
330 HI_SS0057    (0)    6 :  0.151 0.190 0.458 0.201 
331 HI_SS0058    (0)    6 :  0.363 0.210 0.216 0.211 
332 HI_SS0060    (0)    6 :  0.164 0.127 0.411 0.298 
333 HI_SS0087    (1)    6 :  0.274 0.204 0.145 0.377 
334 HI_SS0091    (0)    6 :  0.538 0.115 0.077 0.270 
335 HI_SS0095    (1)    6 :  0.268 0.212 0.182 0.338 
336 HI_SS0097    (3)    6 :  0.147 0.128 0.178 0.547 
337 HI_SS0099    (0)    6 :  0.211 0.344 0.310 0.135 
338 HI_SS0103    (0)    6 :  0.196 0.398 0.111 0.296 
339 HI_SS0105    (1)    6 :  0.198 0.126 0.226 0.450 
340 HI_SS0107    (1)    6 :  0.088 0.563 0.120 0.230 
341 HI_SS0108    (1)    6 :  0.614 0.126 0.134 0.126 
342 HI_SS0110    (0)    6 :  0.282 0.273 0.092 0.352 
343 HI_SS0111    (1)    6 :  0.243 0.242 0.290 0.225 
344 HI_SS0112    (0)    6 :  0.548 0.159 0.163 0.130 
345 HI_SS0113    (1)    6 :  0.112 0.408 0.184 0.296 
346 HI_SS0114    (1)    6 :  0.360 0.096 0.379 0.165 
347 HI_SS0115    (1)    6 :  0.218 0.392 0.236 0.153 
348 HI_SS0116    (4)    6 :  0.416 0.374 0.104 0.106 
349 HI_SS0117    (0)    6 :  0.313 0.137 0.090 0.461 
350 HI_SS0118    (0)    6 :  0.391 0.178 0.131 0.300 
351 HI_SS0119    (1)    6 :  0.289 0.106 0.173 0.432 
352 HI_SS0120    (1)    6 :  0.103 0.575 0.093 0.229 
353 HI_SS0121    (1)    6 :  0.111 0.078 0.385 0.425 
354 HI_SS0122    (2)    6 :  0.268 0.193 0.267 0.272 
355 HI_SS0123    (0)    6 :  0.219 0.221 0.105 0.455 
356 HI_SS0124    (1)    6 :  0.094 0.512 0.264 0.130 
357 HI_SS0125    (1)    6 :  0.103 0.343 0.379 0.175 
358 HI_SS0126    (0)    6 :  0.467 0.297 0.119 0.117 
359 HI_SS0127    (0)    6 :  0.166 0.106 0.524 0.204 
360 HI_SS0128    (0)    6 :  0.186 0.415 0.121 0.278 
361 HI_SS0129    (1)    6 :  0.388 0.301 0.198 0.114 
362 HI_SS0131    (2)    6 :  0.285 0.079 0.392 0.243 
363 HI_SS0132    (0)    6 :  0.226 0.154 0.274 0.346 
364 HI_SS0133    (1)    6 :  0.572 0.167 0.156 0.106 
365 HI_SS0134    (1)    6 :  0.251 0.197 0.159 0.393 
366 HI_SS0142    (3)    6 :  0.180 0.111 0.200 0.509 
367 HI_SS0145    (0)    6 :  0.270 0.264 0.133 0.333 
368 HI_SS0146    (1)    6 :  0.312 0.176 0.251 0.262 
369 HI_SS0147    (1)    6 :  0.113 0.122 0.453 0.312 
370 HI_SS0149    (1)    6 :  0.229 0.112 0.118 0.541 
371 HI_SS0150    (2)    6 :  0.114 0.309 0.397 0.180 
372 HI_SS0151    (0)    6 :  0.226 0.405 0.232 0.137 
373 NS_SS1451    (1)    6 :  0.093 0.404 0.360 0.143 
374 NS_SS1404    (0)    6 :  0.184 0.179 0.472 0.165 
375 NS_SS1432    (2)    6 :  0.146 0.455 0.229 0.170 
376 NS_SS1405    (4)    6 :  0.221 0.404 0.222 0.153 
377 NS_SS1431   (10)    6 :  0.110 0.411 0.226 0.253 
378 NS_SS1402    (3)    6 :  0.285 0.233 0.123 0.360 
379 NS_SS1450    (3)    6 :  0.325 0.366 0.200 0.110 
380 NS_SS1396    (0)    6 :  0.221 0.214 0.308 0.257 
381 NS_SS1393    (5)    6 :  0.337 0.234 0.257 0.171 
382 NS_SS1392   (10)    6 :  0.142 0.511 0.270 0.076 
383 NS_SS1445    (0)    6 :  0.398 0.111 0.213 0.278 
384 NS_SS1423    (0)    6 :  0.316 0.293 0.105 0.286 
385 NS_SS1421    (9)    6 :  0.283 0.227 0.195 0.295 
386 NS_SS1411    (6)    6 :  0.319 0.116 0.486 0.079 
387 NS_SS1453    (5)    6 :  0.394 0.152 0.200 0.254 
388 NS_SS1442    (2)    6 :  0.203 0.221 0.273 0.303 
389 NS_SS1422    (1)    6 :  0.185 0.316 0.119 0.381 
390 NS_SS1419    (1)    6 :  0.151 0.112 0.411 0.327 
391 NS_SS1427    (0)    6 :  0.496 0.358 0.083 0.063 
392 NS_SS1444    (3)    6 :  0.154 0.223 0.409 0.214 
393 NS_SS1455    (0)    6 :  0.109 0.385 0.153 0.353 
394 NS_SS1425    (2)    6 :  0.503 0.088 0.221 0.189 
395 NS_SS1400    (0)    6 :  0.386 0.120 0.252 0.243 
396 NS_SS1406    (1)    6 :  0.083 0.171 0.157 0.590 
397 NS_SS1417    (6)    6 :  0.250 0.210 0.199 0.341 
398 NS_SS1454    (2)    6 :  0.358 0.128 0.253 0.261 
399 NS_SS1412    (1)    6 :  0.321 0.243 0.256 0.180 
400 NS_SS1438    (1)    6 :  0.425 0.083 0.284 0.207 
401 NS_SS1416    (4)    6 :  0.251 0.195 0.285 0.269 
402 NS_SS1401    (0)    6 :  0.288 0.225 0.150 0.337 
403 NS_SS1424    (6)    6 :  0.283 0.178 0.194 0.345 
404 NS_SS1435    (9)    6 :  0.202 0.353 0.333 0.113 
405 NS_SS1447    (4)    6 :  0.135 0.188 0.362 0.315 
406 NS_SS1414    (3)    6 :  0.122 0.238 0.423 0.217 
407 NS_SS1449   (14)    6 :  0.187 0.362 0.186 0.265 
408 NS_SS1443    (4)    6 :  0.383 0.281 0.078 0.258 
409 NS_SS1434    (1)    6 :  0.211 0.566 0.084 0.139 
410 NS_SS1398    (1)    6 :  0.180 0.417 0.275 0.128 
411 NS_SS1426    (1)    6 :  0.485 0.167 0.171 0.177 
412 NS_SS1413    (0)    6 :  0.337 0.336 0.131 0.196 
413 NS_SS1395    (1)    6 :  0.389 0.184 0.136 0.291 
414 NS_SS1448   (10)    6 :  0.266 0.246 0.388 0.099 
415 NS_SS1446    (0)    6 :  0.402 0.198 0.149 0.251 
416 NS_SS1403    (2)    6 :  0.208 0.262 0.234 0.296 
417 NS_SS1415    (0)    6 :  0.370 0.194 0.274 0.162 
418 NS_SS1437    (4)    6 :  0.191 0.216 0.274 0.319 
419 NS_SS1439    (2)    6 :  0.217 0.183 0.143 0.458 
420 NS_SS1441    (3)    6 :  0.361 0.294 0.122 0.223 
421 NS_SS1420    (2)    6 :  0.097 0.166 0.668 0.069 
422 NS_SS1394    (2)    6 :  0.126 0.222 0.480 0.172 
423 NS_SS1391    (7)    6 :  0.315 0.468 0.092 0.125 
424 NS_SS1410    (5)    6 :  0.350 0.254 0.178 0.219 
425 NS_SS1408    (1)    6 :  0.158 0.193 0.259 0.390 
426 NS_SS1409    (1)    6 :  0.299 0.456 0.090 0.156 
427 HI_SS0617    (1)    7 :  0.346 0.366 0.154 0.135 
428 HI_SS0618    (2)    7 :  0.158 0.320 0.360 0.162 
429 HI_SS0619    (0)    7 :  0.251 0.358 0.258 0.133 
430 HI_SS0620    (1)    7 :  0.464 0.160 0.283 0.093 
431 HI_SS0621    (3)    7 :  0.162 0.308 0.228 0.302 
432 HI_SS0622    (1)    7 :  0.199 0.207 0.247 0.348 
433 HI_SS0626    (0)    7 :  0.210 0.120 0.550 0.119 
434 HI_SS0627    (0)    7 :  0.181 0.314 0.231 0.275 
435 HI_SS0628    (3)    7 :  0.412 0.198 0.248 0.141 
436 HI_SS0629    (1)    7 :  0.323 0.134 0.268 0.275 
437 HI_SS0630    (1)    7 :  0.308 0.238 0.302 0.153 
438 HI_SS0631    (0)    7 :  0.290 0.178 0.381 0.152 
439 HI_SS0632    (0)    7 :  0.190 0.148 0.459 0.203 
440 HI_SS0633    (0)    7 :  0.174 0.543 0.151 0.132 
441 HI_SS0634    (1)    7 :  0.250 0.201 0.345 0.204 
442 HI_SS0635    (0)    7 :  0.140 0.232 0.415 0.213 
443 HI_SS0637    (1)    7 :  0.226 0.099 0.301 0.375 
444 HI_SS0638    (0)    7 :  0.219 0.327 0.248 0.207 
445 HI_SS0639    (1)    7 :  0.133 0.263 0.348 0.256 
446 HI_SS0640    (1)    7 :  0.179 0.255 0.263 0.303 
447 HI_SS0641    (1)    7 :  0.381 0.092 0.412 0.115 
448 HI_SS0642    (0)    7 :  0.129 0.262 0.191 0.418 
449 HI_SS0645    (0)    7 :  0.081 0.233 0.569 0.117 
450 HI_SS0646    (1)    7 :  0.195 0.392 0.092 0.322 
451 HI_SS0647    (1)    7 :  0.179 0.362 0.196 0.262 
452 HI_SS0648    (0)    7 :  0.207 0.250 0.287 0.255 
453 HI_SS0649    (1)    7 :  0.275 0.273 0.224 0.229 
454 HI_SS0650    (1)    7 :  0.146 0.577 0.146 0.131 
455 HI_SS0651    (1)    7 :  0.212 0.284 0.233 0.271 
456 HI_SS0652    (1)    7 :  0.107 0.267 0.519 0.107 
457 NS_SS1371    (3)    7 :  0.343 0.263 0.094 0.300 
458 NS_SS1374    (0)    7 :  0.398 0.186 0.270 0.146 
459 NS_SS1337    (3)    7 :  0.116 0.239 0.358 0.288 
460 NS_SS1385    (5)    7 :  0.197 0.380 0.129 0.294 
461 NS_SS1388    (0)    7 :  0.286 0.330 0.246 0.138 
462 NS_SS1370    (1)    7 :  0.087 0.082 0.696 0.136 
463 NS_SS1389    (3)    7 :  0.181 0.330 0.384 0.104 
464 NS_SS1360    (1)    7 :  0.296 0.110 0.381 0.213 
465 NS_SS1330    (0)    7 :  0.107 0.263 0.348 0.283 
466 NS_SS1328    (8)    7 :  0.310 0.468 0.078 0.144 
467 NS_SS1384    (1)    7 :  0.255 0.121 0.227 0.396 
468 NS_SS1381    (0)    7 :  0.080 0.596 0.135 0.189 
469 NS_SS1375    (1)    7 :  0.147 0.480 0.286 0.087 
470 NS_SS1319   (10)    7 :  0.243 0.274 0.238 0.245 
471 NS_SS1326    (2)    7 :  0.468 0.310 0.133 0.088 
472 NS_SS1341    (1)    7 :  0.357 0.115 0.162 0.366 
473 NS_SS1383    (1)    7 :  0.232 0.183 0.312 0.273 
474 NS_SS1318    (3)    7 :  0.197 0.245 0.366 0.191 
475 NS_SS1348    (2)    7 :  0.442 0.114 0.175 0.270 
476 NS_SS1363    (0)    7 :  0.151 0.187 0.336 0.327 
477 NS_SS1335    (4)    7 :  0.269 0.079 0.261 0.390 
478 NS_SS1358    (0)    7 :  0.263 0.150 0.128 0.460 
479 NS_SS1342    (1)    7 :  0.323 0.153 0.079 0.444 
480 NS_SS1320    (2)    7 :  0.052 0.636 0.094 0.219 
481 NS_SS1355    (1)    7 :  0.145 0.259 0.227 0.369 
482 NS_SS1345    (1)    7 :  0.075 0.150 0.168 0.606 
483 NS_SS1324    (0)    7 :  0.353 0.175 0.267 0.204 
484 NS_SS1347    (5)    7 :  0.212 0.226 0.176 0.386 
485 NS_SS1321    (4)    7 :  0.408 0.147 0.201 0.244 
486 NS_SS1333    (0)    7 :  0.444 0.216 0.174 0.166 
487 NS_SS1364    (1)    7 :  0.292 0.131 0.156 0.421 
488 NS_SS1379    (0)    7 :  0.174 0.375 0.228 0.223 
489 NS_SS1332    (0)    7 :  0.493 0.156 0.172 0.180 
490 NS_SS1338    (5)    7 :  0.303 0.121 0.417 0.158 
491 NS_SS1368    (6)    7 :  0.362 0.144 0.108 0.386 
492 NS_SS1354    (1)    7 :  0.196 0.180 0.185 0.438 
493 NS_SS1365    (0)    7 :  0.143 0.279 0.322 0.256 
494 NS_SS1380    (1)    7 :  0.120 0.179 0.273 0.428 
495 NS_SS1329    (8)    7 :  0.322 0.148 0.079 0.451 
496 NS_SS1362    (0)    7 :  0.240 0.290 0.145 0.324 
497 NS_SS1327    (2)    7 :  0.663 0.124 0.137 0.075 
498 NS_SS1350    (0)    7 :  0.292 0.543 0.075 0.089 
499 NS_SS1387    (2)    7 :  0.194 0.145 0.516 0.145 
500 NS_SS1369    (8)    7 :  0.334 0.126 0.236 0.303 
501 NS_SS1331    (1)    7 :  0.266 0.200 0.388 0.146 
502 NS_SS1357    (4)    7 :  0.249 0.572 0.066 0.113 
503 NS_SS1386    (1)    7 :  0.510 0.094 0.084 0.312 
504 NS_SS1353    (2)    7 :  0.204 0.479 0.135 0.183 
505 NS_SS1323    (0)    7 :  0.105 0.307 0.178 0.409 
506 HI_SS0296    (0)    8 :  0.306 0.196 0.392 0.107 
507 HI_SS0297    (0)    8 :  0.173 0.451 0.166 0.210 
508 HI_SS0299    (0)    8 :  0.237 0.167 0.260 0.337 
509 HI_SS0300    (0)    8 :  0.212 0.196 0.387 0.205 
510 HI_SS0301    (0)    8 :  0.155 0.066 0.530 0.249 
511 HI_SS0302    (0)    8 :  0.277 0.109 0.449 0.165 
512 HI_SS0303    (0)    8 :  0.403 0.319 0.121 0.157 
513 HI_SS0304    (0)    8 :  0.191 0.352 0.345 0.112 
514 HI_SS0306    (5)    8 :  0.384 0.139 0.343 0.134 
515 HI_SS0307    (1)    8 :  0.147 0.250 0.278 0.325 
516 HI_SS0308    (1)    8 :  0.151 0.132 0.360 0.357 
517 HI_SS0309    (0)    8 :  0.140 0.125 0.237 0.498 
518 HI_SS0310    (0)    8 :  0.217 0.356 0.250 0.177 
519 HI_SS0311    (3)    8 :  0.190 0.142 0.413 0.254 
520 HI_SS0314    (0)    8 :  0.213 0.476 0.141 0.170 
521 HI_SS0316    (1)    8 :  0.340 0.225 0.201 0.234 
522 HI_SS0317    (3)    8 :  0.202 0.184 0.333 0.281 
523 HI_SS0318    (1)    8 :  0.458 0.126 0.206 0.210 
524 HI_SS0319    (0)    8 :  0.576 0.132 0.089 0.203 
525 HI_SS0320    (3)    8 :  0.160 0.394 0.271 0.175 
526 HI_SS0321    (0)    8 :  0.343 0.227 0.186 0.244 
527 HI_SS0323    (1)    8 :  0.393 0.187 0.293 0.127 
528 HI_SS0325    (2)    8 :  0.333 0.123 0.380 0.165 
529 HI_SS0327    (1)    8 :  0.348 0.324 0.057 0.270 
530 HI_SS0329    (1)    8 :  0.176 0.268 0.375 0.182 
531 HI_SS0333    (1)    8 :  0.277 0.252 0.264 0.207 
532 HI_SS0334    (1)    8 :  0.382 0.130 0.215 0.273 
533 HI_SS0335    (1)    8 :  0.110 0.192 0.175 0.523 
534 HI_SS0339    (0)    8 :  0.143 0.195 0.355 0.308 
535 HI_SS0343    (2)    8 :  0.121 0.257 0.108 0.514 
536 HI_SS0344    (1)    8 :  0.619 0.133 0.111 0.137 
537 HI_SS0345    (3)    8 :  0.175 0.144 0.346 0.334 
538 HI_SS0346    (0)    8 :  0.308 0.184 0.293 0.216 
539 HI_SS0350    (1)    8 :  0.072 0.177 0.256 0.494 
540 HI_SS0351    (0)    8 :  0.168 0.133 0.129 0.571 
541 HI_SS0352    (3)    8 :  0.163 0.226 0.226 0.385 
542 HI_SS0362    (0)    8 :  0.180 0.148 0.528 0.144 
543 HI_SS0363    (1)    8 :  0.409 0.246 0.108 0.237 
544 HI_SS0365    (0)    8 :  0.374 0.235 0.132 0.259 
545 HI_SS0366    (0)    8 :  0.531 0.152 0.162 0.155 
546 HI_SS0367    (1)    8 :  0.129 0.352 0.208 0.311 
547 HI_SS0369    (1)    8 :  0.128 0.280 0.392 0.200 
548 HI_SS0370    (0)    8 :  0.212 0.516 0.082 0.189 
549 HI_SS0371    (4)    8 :  0.401 0.142 0.328 0.130 
550 HI_SS0373    (3)    8 :  0.240 0.316 0.287 0.157 
551 HI_SS0374    (0)    8 :  0.168 0.330 0.247 0.255 
552 HI_SS0377    (0)    8 :  0.214 0.089 0.202 0.496 
553 HI_SS0379    (1)    8 :  0.645 0.073 0.099 0.184 
554 HI_SS0380    (1)    8 :  0.161 0.285 0.234 0.320 
555 HI_SS0381    (2)    8 :  0.115 0.143 0.336 0.407 
556 HI_SS0384    (3)    8 :  0.334 0.397 0.161 0.108 
557 HI_SS0385    (1)    8 :  0.288 0.229 0.392 0.092 


Estimated Allele Frequencies in each cluster
First column gives estimated ancestral frequencies


Locus 1 : 
2 alleles
3.4% missing data
   1   (0.737) 0.731 0.764 0.698 0.761 
   2   (0.263) 0.269 0.236 0.302 0.239 

Locus 2 : 
2 alleles
4.3% missing data
   1   (0.885) 0.909 0.853 0.909 0.886 
   2   (0.115) 0.091 0.147 0.091 0.114 

Locus 3 : 
2 alleles
3.9% missing data
   1   (0.863) 0.867 0.859 0.860 0.883 
   2   (0.137) 0.133 0.141 0.140 0.117 

Locus 4 : 
2 alleles
2.7% missing data
   1   (0.886) 0.901 0.906 0.887 0.875 
   2   (0.114) 0.099 0.094 0.113 0.125 

Locus 5 : 
2 alleles
2.7% missing data
   1   (0.823) 0.808 0.811 0.828 0.852 
   2   (0.177) 0.192 0.189 0.172 0.148 

Locus 6 : 
2 alleles
3.2% missing data
   1   (0.791) 0.762 0.802 0.814 0.799 
   2   (0.209) 0.238 0.198 0.186 0.201 

Locus 7 : 
2 alleles
3.8% missing data
   1   (0.803) 0.793 0.839 0.789 0.808 
   2   (0.197) 0.207 0.161 0.211 0.192 

Locus 8 : 
2 alleles
4.8% missing data
   1   (0.705) 0.692 0.685 0.727 0.722 
   2   (0.295) 0.308 0.315 0.273 0.278 

Locus 9 : 
2 alleles
3.1% missing data
   1   (0.792) 0.756 0.809 0.809 0.805 
   2   (0.208) 0.244 0.191 0.191 0.195 

Locus 10 : 
2 alleles
4.7% missing data
   1   (0.888) 0.881 0.924 0.892 0.879 
   2   (0.112) 0.119 0.076 0.108 0.121 

Locus 11 : 
2 alleles
3.2% missing data
   1   (0.863) 0.831 0.889 0.855 0.888 
   2   (0.137) 0.169 0.111 0.145 0.112 

Locus 12 : 
2 alleles
4.8% missing data
   1   (0.730) 0.743 0.708 0.742 0.740 
   2   (0.270) 0.257 0.292 0.258 0.260 

Locus 13 : 
2 alleles
4.7% missing data
   1   (0.885) 0.882 0.907 0.881 0.893 
   2   (0.115) 0.118 0.093 0.119 0.107 

Locus 14 : 
2 alleles
3.9% missing data
   1   (0.875) 0.870 0.904 0.880 0.868 
   2   (0.125) 0.130 0.096 0.120 0.132 

Locus 15 : 
2 alleles
3.9% missing data
   1   (0.505) 0.529 0.488 0.511 0.494 
   2   (0.495) 0.471 0.512 0.489 0.506 

Locus 16 : 
2 alleles
4.3% missing data
   1   (0.607) 0.565 0.597 0.678 0.590 
   2   (0.393) 0.435 0.403 0.322 0.410 

Locus 17 : 
2 alleles
4.1% missing data
   1   (0.773) 0.760 0.762 0.798 0.785 
   2   (0.227) 0.240 0.238 0.202 0.215 

Locus 18 : 
2 alleles
2.3% missing data
   1   (0.893) 0.920 0.894 0.901 0.881 
   2   (0.107) 0.080 0.106 0.099 0.119 

Locus 19 : 
2 alleles
4.3% missing data
   1   (0.710) 0.693 0.703 0.742 0.712 
   2   (0.290) 0.307 0.297 0.258 0.288 

Locus 20 : 
2 alleles
3.2% missing data
   1   (0.883) 0.903 0.906 0.913 0.830 
   2   (0.117) 0.097 0.094 0.087 0.170 

Locus 21 : 
2 alleles
3.4% missing data
   1   (0.561) 0.475 0.566 0.569 0.618 
   2   (0.439) 0.525 0.434 0.431 0.382 

Locus 22 : 
2 alleles
4.8% missing data
   1   (0.854) 0.852 0.851 0.857 0.873 
   2   (0.146) 0.148 0.149 0.143 0.127 

Locus 23 : 
2 alleles
4.3% missing data
   1   (0.883) 0.889 0.848 0.888 0.916 
   2   (0.117) 0.111 0.152 0.112 0.084 

Locus 24 : 
2 alleles
3.2% missing data
   1   (0.542) 0.540 0.517 0.565 0.547 
   2   (0.458) 0.460 0.483 0.435 0.453 

Locus 25 : 
2 alleles
4.3% missing data
   2   (0.469) 0.486 0.499 0.467 0.432 
   1   (0.531) 0.514 0.501 0.533 0.568 

Locus 26 : 
2 alleles
4.3% missing data
   1   (0.840) 0.863 0.819 0.854 0.842 
   2   (0.160) 0.137 0.181 0.146 0.158 

Locus 27 : 
2 alleles
2.2% missing data
   1   (0.600) 0.635 0.576 0.611 0.587 
   2   (0.400) 0.365 0.424 0.389 0.413 

Locus 28 : 
2 alleles
4.1% missing data
   1   (0.861) 0.876 0.899 0.873 0.817 
   2   (0.139) 0.124 0.101 0.127 0.183 

Locus 29 : 
2 alleles
1.8% missing data
   1   (0.880) 0.883 0.883 0.873 0.899 
   2   (0.120) 0.117 0.117 0.127 0.101 

Locus 30 : 
2 alleles
4.5% missing data
   1   (0.865) 0.876 0.863 0.882 0.863 
   2   (0.135) 0.124 0.137 0.118 0.137 

Locus 31 : 
2 alleles
4.3% missing data
   1   (0.787) 0.800 0.815 0.806 0.750 
   2   (0.213) 0.200 0.185 0.194 0.250 

Locus 32 : 
2 alleles
2.0% missing data
   1   (0.734) 0.741 0.738 0.769 0.707 
   2   (0.266) 0.259 0.262 0.231 0.293 

Locus 33 : 
2 alleles
3.6% missing data
   1   (0.760) 0.735 0.816 0.769 0.739 
   2   (0.240) 0.265 0.184 0.231 0.261 

Locus 34 : 
2 alleles
3.6% missing data
   1   (0.810) 0.833 0.829 0.779 0.816 
   2   (0.190) 0.167 0.171 0.221 0.184 

Locus 35 : 
2 alleles
3.8% missing data
   1   (0.866) 0.898 0.880 0.855 0.854 
   2   (0.134) 0.102 0.120 0.145 0.146 

Locus 36 : 
2 alleles
2.9% missing data
   1   (0.757) 0.757 0.756 0.747 0.779 
   2   (0.243) 0.243 0.244 0.253 0.221 

Locus 37 : 
2 alleles
2.2% missing data
   1   (0.743) 0.723 0.738 0.736 0.777 
   2   (0.257) 0.277 0.262 0.264 0.223 

Locus 38 : 
2 alleles
1.4% missing data
   1   (0.871) 0.828 0.888 0.878 0.898 
   2   (0.129) 0.172 0.112 0.122 0.102 

Locus 39 : 
2 alleles
3.2% missing data
   1   (0.703) 0.747 0.699 0.680 0.701 
   2   (0.297) 0.253 0.301 0.320 0.299 

Locus 40 : 
2 alleles
3.8% missing data
   1   (0.571) 0.548 0.626 0.554 0.563 
   2   (0.429) 0.452 0.374 0.446 0.437 

Locus 41 : 
2 alleles
3.4% missing data
   1   (0.879) 0.882 0.881 0.915 0.862 
   2   (0.121) 0.118 0.119 0.085 0.138 

Locus 42 : 
2 alleles
4.5% missing data
   2   (0.235) 0.161 0.298 0.214 0.260 
   1   (0.765) 0.839 0.702 0.786 0.740 

Locus 43 : 
2 alleles
2.0% missing data
   1   (0.818) 0.815 0.837 0.821 0.817 
   2   (0.182) 0.185 0.163 0.179 0.183 

Locus 44 : 
2 alleles
4.7% missing data
   1   (0.583) 0.571 0.588 0.586 0.589 
   2   (0.417) 0.429 0.412 0.414 0.411 

Locus 45 : 
2 alleles
3.2% missing data
   1   (0.870) 0.875 0.883 0.901 0.842 
   2   (0.130) 0.125 0.117 0.099 0.158 

Locus 46 : 
2 alleles
2.3% missing data
   1   (0.779) 0.793 0.727 0.793 0.809 
   2   (0.221) 0.207 0.273 0.207 0.191 

Locus 47 : 
2 alleles
4.5% missing data
   1   (0.885) 0.894 0.875 0.893 0.897 
   2   (0.115) 0.106 0.125 0.107 0.103 

Locus 48 : 
2 alleles
4.5% missing data
   1   (0.815) 0.816 0.800 0.808 0.845 
   2   (0.185) 0.184 0.200 0.192 0.155 

Locus 49 : 
2 alleles
4.5% missing data
   1   (0.816) 0.834 0.807 0.862 0.781 
   2   (0.184) 0.166 0.193 0.138 0.219 

Locus 50 : 
2 alleles
3.4% missing data
   1   (0.658) 0.658 0.656 0.624 0.696 
   2   (0.342) 0.342 0.344 0.376 0.304 

Locus 51 : 
2 alleles
1.4% missing data
   1   (0.602) 0.607 0.584 0.583 0.632 
   2   (0.398) 0.393 0.416 0.417 0.368 

Locus 52 : 
2 alleles
4.1% missing data
   1   (0.658) 0.665 0.644 0.661 0.668 
   2   (0.342) 0.335 0.356 0.339 0.332 

Locus 53 : 
2 alleles
4.5% missing data
   1   (0.852) 0.825 0.878 0.831 0.881 
   2   (0.148) 0.175 0.122 0.169 0.119 

Locus 54 : 
2 alleles
3.8% missing data
   1   (0.863) 0.886 0.860 0.882 0.847 
   2   (0.137) 0.114 0.140 0.118 0.153 

Locus 55 : 
2 alleles
3.2% missing data
   1   (0.881) 0.885 0.850 0.906 0.898 
   2   (0.119) 0.115 0.150 0.094 0.102 

Locus 56 : 
2 alleles
3.2% missing data
   1   (0.798) 0.808 0.768 0.792 0.831 
   2   (0.202) 0.192 0.232 0.208 0.169 

Locus 57 : 
2 alleles
4.5% missing data
   1   (0.663) 0.685 0.657 0.630 0.684 
   2   (0.337) 0.315 0.343 0.370 0.316 

Locus 58 : 
2 alleles
4.1% missing data
   1   (0.840) 0.859 0.822 0.812 0.874 
   2   (0.160) 0.141 0.178 0.188 0.126 

Locus 59 : 
2 alleles
4.8% missing data
   1   (0.817) 0.860 0.811 0.819 0.799 
   2   (0.183) 0.140 0.189 0.181 0.201 

Locus 60 : 
2 alleles
2.5% missing data
   1   (0.859) 0.846 0.886 0.847 0.874 
   2   (0.141) 0.154 0.114 0.153 0.126 

Locus 61 : 
2 alleles
3.9% missing data
   1   (0.776) 0.775 0.779 0.807 0.762 
   2   (0.224) 0.225 0.221 0.193 0.238 

Locus 62 : 
2 alleles
2.0% missing data
   1   (0.841) 0.797 0.864 0.863 0.851 
   2   (0.159) 0.203 0.136 0.137 0.149 

Locus 63 : 
2 alleles
4.1% missing data
   1   (0.757) 0.742 0.756 0.765 0.775 
   2   (0.243) 0.258 0.244 0.235 0.225 

Locus 64 : 
2 alleles
3.2% missing data
   1   (0.873) 0.904 0.848 0.851 0.897 
