

----------------------------------------------------
STRUCTURE by Pritchard, Stephens and Donnelly (2000)
     and Falush, Stephens and Pritchard (2003)
       Code by Pritchard, Falush and Hubisz
             Version 2.3.4 (Jul 2012)
----------------------------------------------------



Command line arguments:   /home/genobiwan/Documents/Programs/Structure/structure -m parameter_job_k3_r9 
Input File:    /media/genobiwan/Storage/Projets/Mackerel_NWA_2021/data_job_k3_r9

Run parameters:
   557 individuals
   3930 loci
   3 populations assumed
   100000 Burn-in period
   200000 Reps


--------------------------------------------
Proportion of membership of each pre-defined
 population in each of the 3 clusters

Given    Inferred Clusters       Number of
 Pop       1      2      3      Individuals

  1:     0.333  0.310  0.357       67
  2:     0.389  0.281  0.330       32
  3:     0.323  0.307  0.370       92
  4:     0.336  0.362  0.302       36
  5:     0.320  0.347  0.332       41
  6:     0.329  0.349  0.322      158
  7:     0.336  0.332  0.332       79
  8:     0.307  0.352  0.341       52
--------------------------------------------

Allele-freq. divergence among pops (Net nucleotide distance),
computed using point estimates of P.

      1       2       3      
 1      -    0.0011  0.0010  
 2   0.0011     -    0.0012  
 3   0.0010  0.0012     -    

Average distances (expected heterozygosity) between individuals in same cluster:
cluster  1  : 0.3149 
cluster  2  : 0.3138 
cluster  3  : 0.3129 

--------------------------------------------
Estimated Ln Prob of Data   = -2069430.4
Mean value of ln likelihood = -2064746.9
Variance of ln likelihood   = 9366.9
Mean value of alpha         = 1.6576

Mean value of Fst_1         = 0.0122
Mean value of Fst_2         = 0.0129
Mean value of Fst_3         = 0.0133


Inferred ancestry of individuals:
        Label (%Miss) Pop:  Inferred clusters
  1 NS_SS0963    (4)    1 :  0.342 0.284 0.374 
  2 NS_SS0983    (1)    1 :  0.162 0.601 0.237 
  3 NS_SS0719    (8)    1 :  0.276 0.385 0.339 
  4 NS_SS1001    (8)    1 :  0.472 0.146 0.382 
  5 NS_SS0936    (4)    1 :  0.577 0.226 0.197 
  6 NS_SS0955    (5)    1 :  0.212 0.435 0.353 
  7 NS_SS0944    (3)    1 :  0.322 0.315 0.364 
  8 NS_SS0945    (3)    1 :  0.443 0.319 0.238 
  9 NS_SS0922    (2)    1 :  0.525 0.150 0.325 
 10 NS_SS0929    (7)    1 :  0.266 0.442 0.292 
 11 NS_SS0956    (2)    1 :  0.316 0.136 0.549 
 12 NS_SS0906    (3)    1 :  0.267 0.385 0.348 
 13 NS_SS0721    (6)    1 :  0.211 0.251 0.537 
 14 NS_SS0982    (4)    1 :  0.291 0.257 0.452 
 15 NS_SS0923    (5)    1 :  0.356 0.263 0.381 
 16 NS_SS0905    (6)    1 :  0.276 0.315 0.409 
 17 NS_SS0925    (3)    1 :  0.421 0.162 0.416 
 18 NS_SS0947    (5)    1 :  0.498 0.218 0.285 
 19 NS_SS0926    (2)    1 :  0.165 0.583 0.253 
 20 NS_SS0918    (6)    1 :  0.254 0.162 0.584 
 21 NS_SS0966    (4)    1 :  0.335 0.257 0.408 
 22 NS_SS0938    (2)    1 :  0.600 0.190 0.210 
 23 NS_SS0917    (2)    1 :  0.320 0.486 0.194 
 24 NS_SS0957   (11)    1 :  0.241 0.246 0.513 
 25 NS_SS0987    (1)    1 :  0.136 0.207 0.658 
 26 NS_SS0717    (4)    1 :  0.413 0.161 0.426 
 27 NS_SS0986    (2)    1 :  0.184 0.331 0.485 
 28 NS_SS0953    (4)    1 :  0.433 0.167 0.400 
 29 NS_SS0907    (3)    1 :  0.292 0.334 0.374 
 30 NS_SS0974    (6)    1 :  0.425 0.350 0.224 
 31 NS_SS0989    (1)    1 :  0.289 0.575 0.136 
 32 NS_SS0991    (2)    1 :  0.116 0.368 0.515 
 33 NS_SS0994    (2)    1 :  0.210 0.684 0.106 
 34 NS_SS0931    (6)    1 :  0.155 0.432 0.413 
 35 NS_SS1000    (5)    1 :  0.572 0.175 0.253 
 36 NS_SS0919    (1)    1 :  0.235 0.491 0.274 
 37 NS_SS0949    (3)    1 :  0.266 0.538 0.196 
 38 NS_SS0960   (10)    1 :  0.168 0.441 0.391 
 39 NS_SS0716    (2)    1 :  0.328 0.125 0.547 
 40 NS_SS0924    (8)    1 :  0.202 0.408 0.391 
 41 NS_SS0935    (1)    1 :  0.153 0.455 0.392 
 42 NS_SS0952   (13)    1 :  0.192 0.540 0.267 
 43 NS_SS0962   (10)    1 :  0.405 0.213 0.382 
 44 NS_SS0973    (5)    1 :  0.334 0.312 0.354 
 45 NS_SS0722    (1)    1 :  0.678 0.124 0.198 
 46 NS_SS0979   (13)    1 :  0.264 0.191 0.546 
 47 NS_SS0993    (2)    1 :  0.479 0.173 0.348 
 48 NS_SS0958    (1)    1 :  0.241 0.463 0.296 
 49 NS_SS0988    (4)    1 :  0.197 0.412 0.391 
 50 NS_SS1003    (2)    1 :  0.256 0.160 0.584 
 51 NS_SS0976    (0)    1 :  0.235 0.477 0.288 
 52 NS_SS0964   (10)    1 :  0.485 0.134 0.381 
 53 NS_SS0939    (4)    1 :  0.461 0.119 0.420 
 54 NS_SS0990    (6)    1 :  0.350 0.367 0.283 
 55 NS_SS0984    (2)    1 :  0.578 0.132 0.290 
 56 NS_SS0980    (9)    1 :  0.580 0.236 0.184 
 57 NS_SS0978    (4)    1 :  0.514 0.272 0.214 
 58 NS_SS0951   (17)    1 :  0.132 0.318 0.551 
 59 NS_SS0913    (3)    1 :  0.326 0.184 0.490 
 60 NS_SS1002    (1)    1 :  0.455 0.208 0.336 
 61 NS_SS0948    (1)    1 :  0.244 0.333 0.423 
 62 NS_SS0916    (4)    1 :  0.466 0.360 0.174 
 63 NS_SS0995    (1)    1 :  0.433 0.258 0.309 
 64 NS_SS0927    (6)    1 :  0.361 0.470 0.169 
 65 NS_SS0992    (5)    1 :  0.522 0.340 0.138 
 66 NS_SS0912    (1)    1 :  0.158 0.308 0.534 
 67 NS_SS0981    (1)    1 :  0.225 0.220 0.555 
 68 NS_SS0729    (5)    2 :  0.313 0.570 0.116 
 69 NS_SS0967   (14)    2 :  0.321 0.291 0.389 
 70 NS_SS0941    (7)    2 :  0.543 0.230 0.227 
 71 NS_SS0768   (12)    2 :  0.242 0.229 0.528 
 72 NS_SS0726    (4)    2 :  0.413 0.463 0.124 
 73 NS_SS0763    (4)    2 :  0.293 0.500 0.206 
 74 NS_SS0730    (6)    2 :  0.443 0.197 0.360 
 75 NS_SS0774    (1)    2 :  0.613 0.174 0.213 
 76 NS_SS0723    (3)    2 :  0.495 0.170 0.335 
 77 NS_SS0940    (9)    2 :  0.397 0.361 0.242 
 78 NS_SS0762    (1)    2 :  0.601 0.097 0.302 
 79 NS_SS0766   (11)    2 :  0.457 0.276 0.268 
 80 NS_SS0724    (1)    2 :  0.273 0.169 0.558 
 81 NS_SS0769    (3)    2 :  0.314 0.332 0.354 
 82 NS_SS0777    (2)    2 :  0.199 0.396 0.405 
 83 NS_SS0734    (6)    2 :  0.301 0.333 0.366 
 84 NS_SS0737    (3)    2 :  0.716 0.113 0.171 
 85 NS_SS0732    (5)    2 :  0.209 0.173 0.618 
 86 NS_SS0728    (5)    2 :  0.513 0.230 0.257 
 87 NS_SS0735    (9)    2 :  0.507 0.176 0.317 
 88 NS_SS0725    (1)    2 :  0.543 0.180 0.277 
 89 NS_SS0788    (2)    2 :  0.336 0.384 0.280 
 90 NS_SS0778    (2)    2 :  0.231 0.451 0.319 
 91 NS_SS0792    (6)    2 :  0.252 0.343 0.406 
 92 NS_SS0943   (11)    2 :  0.182 0.424 0.394 
 93 NS_SS0791    (2)    2 :  0.347 0.377 0.276 
 94 NS_SS0790    (5)    2 :  0.279 0.088 0.633 
 95 NS_SS0731    (6)    2 :  0.249 0.172 0.579 
 96 NS_SS0727    (6)    2 :  0.501 0.383 0.117 
 97 NS_SS0779   (12)    2 :  0.319 0.311 0.370 
 98 NS_SS0776    (3)    2 :  0.475 0.250 0.274 
 99 NS_SS0775    (5)    2 :  0.566 0.142 0.292 
100 NS_SS0965    (3)    3 :  0.223 0.223 0.554 
101 NS_SS0754   (13)    3 :  0.192 0.413 0.395 
102 NS_SS0838    (5)    3 :  0.386 0.349 0.265 
103 NS_SS0839    (3)    3 :  0.516 0.133 0.351 
104 NS_SS0832    (4)    3 :  0.378 0.110 0.513 
105 NS_SS0820    (4)    3 :  0.236 0.156 0.608 
106 NS_SS0886    (9)    3 :  0.246 0.408 0.346 
107 NS_SS0748    (5)    3 :  0.211 0.388 0.401 
108 NS_SS0884    (9)    3 :  0.359 0.343 0.298 
109 NS_SS0752    (3)    3 :  0.508 0.263 0.229 
110 NS_SS0862    (1)    3 :  0.238 0.129 0.634 
111 NS_SS0787    (9)    3 :  0.128 0.686 0.186 
112 NS_SS0843    (6)    3 :  0.339 0.301 0.360 
113 NS_SS0856    (4)    3 :  0.495 0.286 0.219 
114 NS_SS0846    (2)    3 :  0.366 0.428 0.206 
115 NS_SS0825    (1)    3 :  0.265 0.362 0.372 
116 NS_SS0757    (3)    3 :  0.242 0.367 0.391 
117 NS_SS0876    (3)    3 :  0.441 0.224 0.336 
118 NS_SS0903    (9)    3 :  0.580 0.183 0.237 
119 NS_SS0875    (7)    3 :  0.300 0.279 0.421 
120 NS_SS0740    (5)    3 :  0.368 0.280 0.351 
121 NS_SS0811    (5)    3 :  0.203 0.110 0.687 
122 NS_SS0751    (1)    3 :  0.465 0.259 0.276 
123 NS_SS0891    (6)    3 :  0.433 0.263 0.304 
124 NS_SS0867    (2)    3 :  0.214 0.400 0.386 
125 NS_SS0890    (6)    3 :  0.379 0.313 0.308 
126 NS_SS0866   (11)    3 :  0.205 0.640 0.156 
127 NS_SS0755    (4)    3 :  0.255 0.259 0.486 
128 NS_SS0758    (4)    3 :  0.472 0.275 0.253 
129 NS_SS0840    (2)    3 :  0.424 0.139 0.437 
130 NS_SS0889    (4)    3 :  0.156 0.468 0.376 
131 NS_SS1010    (1)    3 :  0.269 0.332 0.399 
132 NS_SS0888    (5)    3 :  0.282 0.548 0.170 
133 NS_SS0837    (3)    3 :  0.220 0.162 0.617 
134 NS_SS0794    (9)    3 :  0.367 0.416 0.217 
135 NS_SS0823    (4)    3 :  0.533 0.154 0.313 
136 NS_SS0829    (7)    3 :  0.100 0.532 0.368 
137 NS_SS0844    (5)    3 :  0.297 0.154 0.549 
138 NS_SS1008    (5)    3 :  0.382 0.379 0.239 
139 NS_SS0881    (3)    3 :  0.291 0.406 0.303 
140 NS_SS0834    (6)    3 :  0.631 0.163 0.206 
141 NS_SS0744   (10)    3 :  0.352 0.361 0.288 
142 NS_SS0899    (7)    3 :  0.225 0.122 0.654 
143 NS_SS0804    (4)    3 :  0.364 0.119 0.517 
144 NS_SS0781   (10)    3 :  0.428 0.166 0.406 
145 NS_SS0822    (6)    3 :  0.411 0.321 0.268 
146 NS_SS1004    (4)    3 :  0.329 0.269 0.402 
147 NS_SS0746    (5)    3 :  0.373 0.307 0.320 
148 NS_SS0880    (3)    3 :  0.448 0.255 0.297 
149 NS_SS0879    (4)    3 :  0.450 0.204 0.346 
150 NS_SS0753    (2)    3 :  0.156 0.397 0.448 
151 NS_SS1007    (2)    3 :  0.577 0.282 0.140 
152 NS_SS0872    (5)    3 :  0.461 0.201 0.338 
153 NS_SS1005    (7)    3 :  0.429 0.246 0.325 
154 NS_SS0892    (6)    3 :  0.354 0.316 0.330 
155 NS_SS0898    (0)    3 :  0.270 0.375 0.355 
156 NS_SS0801    (9)    3 :  0.193 0.257 0.551 
157 NS_SS0827    (8)    3 :  0.117 0.333 0.550 
158 NS_SS0853    (6)    3 :  0.144 0.265 0.591 
159 NS_SS0780    (2)    3 :  0.404 0.209 0.387 
160 NS_SS0826   (10)    3 :  0.215 0.360 0.425 
161 NS_SS0818    (5)    3 :  0.480 0.129 0.391 
162 NS_SS0745    (1)    3 :  0.494 0.099 0.407 
163 NS_SS0849    (3)    3 :  0.126 0.229 0.645 
164 NS_SS0739    (3)    3 :  0.334 0.326 0.340 
165 NS_SS0799    (1)    3 :  0.353 0.399 0.248 
166 NS_SS0756    (2)    3 :  0.304 0.146 0.550 
167 NS_SS0802    (2)    3 :  0.383 0.446 0.172 
168 NS_SS0747    (6)    3 :  0.360 0.332 0.308 
169 NS_SS0835    (1)    3 :  0.210 0.667 0.122 
170 NS_SS0742   (18)    3 :  0.365 0.292 0.343 
171 NS_SS0760    (9)    3 :  0.231 0.542 0.227 
172 NS_SS0803    (4)    3 :  0.525 0.145 0.330 
173 NS_SS0828   (13)    3 :  0.226 0.286 0.489 
174 NS_SS0865    (2)    3 :  0.218 0.344 0.438 
175 NS_SS0759    (4)    3 :  0.422 0.145 0.433 
176 NS_SS0851    (5)    3 :  0.213 0.136 0.651 
177 NS_SS0874   (16)    3 :  0.370 0.226 0.404 
178 NS_SS0761    (6)    3 :  0.150 0.481 0.369 
179 NS_SS0842   (25)    3 :  0.282 0.411 0.307 
180 NS_SS0785    (6)    3 :  0.291 0.393 0.316 
181 NS_SS0860   (11)    3 :  0.172 0.659 0.169 
182 NS_SS0897    (7)    3 :  0.169 0.617 0.214 
183 NS_SS0841   (14)    3 :  0.336 0.134 0.530 
184 NS_SS0797    (6)    3 :  0.154 0.393 0.453 
185 NS_SS0830   (10)    3 :  0.242 0.309 0.448 
186 NS_SS1011    (5)    3 :  0.354 0.200 0.446 
187 NS_SS0883    (5)    3 :  0.200 0.366 0.435 
188 NS_SS0782    (2)    3 :  0.513 0.274 0.213 
189 NS_SS0831    (5)    3 :  0.137 0.472 0.391 
190 NS_SS0749    (7)    3 :  0.326 0.313 0.361 
191 NS_SS0854    (2)    3 :  0.456 0.331 0.213 
192 HI_SS0193    (0)    4 :  0.340 0.396 0.264 
193 HI_SS0194    (0)    4 :  0.625 0.196 0.179 
194 HI_SS0195    (9)    4 :  0.322 0.127 0.551 
195 HI_SS0196    (6)    4 :  0.538 0.272 0.190 
196 HI_SS0197    (3)    4 :  0.474 0.322 0.204 
197 HI_SS0198    (1)    4 :  0.220 0.386 0.394 
198 HI_SS0199    (1)    4 :  0.451 0.400 0.150 
199 HI_SS0201    (4)    4 :  0.120 0.606 0.274 
200 HI_SS0215    (1)    4 :  0.125 0.583 0.292 
201 HI_SS0218    (1)    4 :  0.214 0.588 0.198 
202 HI_SS0222    (0)    4 :  0.383 0.265 0.352 
203 HI_SS0230    (1)    4 :  0.199 0.278 0.524 
204 HI_SS0234    (1)    4 :  0.569 0.306 0.124 
205 HI_SS0240    (1)    4 :  0.600 0.219 0.181 
206 HI_SS0241    (0)    4 :  0.212 0.532 0.256 
207 HI_SS0242    (0)    4 :  0.324 0.327 0.349 
208 HI_SS0247    (0)    4 :  0.257 0.275 0.468 
209 HI_SS0248    (1)    4 :  0.395 0.464 0.141 
210 HI_SS0252    (2)    4 :  0.503 0.170 0.327 
211 HI_SS0254    (1)    4 :  0.292 0.431 0.278 
212 HI_SS0256    (0)    4 :  0.486 0.076 0.438 
213 HI_SS0257    (0)    4 :  0.315 0.532 0.152 
214 HI_SS0258    (1)    4 :  0.215 0.460 0.326 
215 HI_SS0259    (1)    4 :  0.541 0.235 0.224 
216 HI_SS0260    (1)    4 :  0.332 0.509 0.159 
217 HI_SS0261    (2)    4 :  0.406 0.404 0.190 
218 HI_SS0262    (0)    4 :  0.311 0.251 0.438 
219 HI_SS0264    (1)    4 :  0.268 0.232 0.500 
220 HI_SS0265    (0)    4 :  0.273 0.289 0.437 
221 HI_SS0268    (1)    4 :  0.269 0.381 0.350 
222 HI_SS0269    (1)    4 :  0.205 0.693 0.101 
223 HI_SS0273    (0)    4 :  0.207 0.479 0.314 
224 HI_SS0277    (1)    4 :  0.282 0.336 0.382 
225 HI_SS0280    (0)    4 :  0.337 0.253 0.410 
226 HI_SS0282    (1)    4 :  0.280 0.393 0.327 
227 HI_SS0286    (1)    4 :  0.199 0.379 0.422 
228 NS_SS1252    (3)    5 :  0.167 0.655 0.177 
229 NS_SS1261    (1)    5 :  0.296 0.366 0.337 
230 NS_SS1225    (9)    5 :  0.195 0.454 0.350 
231 NS_SS1266    (1)    5 :  0.354 0.141 0.505 
232 NS_SS1228    (0)    5 :  0.247 0.200 0.553 
233 NS_SS1255    (2)    5 :  0.657 0.197 0.146 
234 NS_SS1267    (3)    5 :  0.133 0.712 0.154 
235 NS_SS1238    (6)    5 :  0.276 0.337 0.387 
236 NS_SS1233    (8)    5 :  0.194 0.170 0.636 
237 NS_SS1277    (3)    5 :  0.396 0.423 0.182 
238 NS_SS1245    (1)    5 :  0.383 0.378 0.239 
239 NS_SS1240    (4)    5 :  0.158 0.723 0.119 
240 NS_SS1275    (2)    5 :  0.445 0.141 0.414 
241 NS_SS1235    (1)    5 :  0.622 0.237 0.141 
242 NS_SS1263    (1)    5 :  0.479 0.161 0.360 
243 NS_SS1251    (1)    5 :  0.396 0.229 0.375 
244 NS_SS1248    (0)    5 :  0.118 0.184 0.698 
245 NS_SS1244    (0)    5 :  0.288 0.359 0.354 
246 NS_SS1257    (0)    5 :  0.256 0.496 0.247 
247 NS_SS1242    (2)    5 :  0.508 0.170 0.323 
248 NS_SS1271    (6)    5 :  0.179 0.668 0.154 
249 NS_SS1265    (1)    5 :  0.195 0.536 0.269 
250 NS_SS1243    (0)    5 :  0.350 0.174 0.476 
251 NS_SS1273    (1)    5 :  0.472 0.140 0.388 
252 NS_SS1254   (14)    5 :  0.351 0.199 0.450 
253 NS_SS1224    (1)    5 :  0.305 0.145 0.551 
254 NS_SS1227    (8)    5 :  0.290 0.570 0.139 
255 NS_SS1274    (8)    5 :  0.295 0.417 0.288 
256 NS_SS1241    (1)    5 :  0.286 0.439 0.275 
257 NS_SS1256    (3)    5 :  0.317 0.423 0.260 
258 NS_SS1260    (8)    5 :  0.257 0.555 0.188 
259 NS_SS1262    (0)    5 :  0.181 0.398 0.422 
260 NS_SS1230    (0)    5 :  0.284 0.370 0.346 
261 NS_SS1270    (2)    5 :  0.148 0.186 0.667 
262 NS_SS1229    (2)    5 :  0.685 0.215 0.101 
263 NS_SS1246    (5)    5 :  0.336 0.539 0.126 
264 NS_SS1269    (0)    5 :  0.359 0.246 0.395 
265 NS_SS1239    (1)    5 :  0.485 0.175 0.340 
266 NS_SS1272    (4)    5 :  0.274 0.390 0.335 
267 NS_SS1268    (1)    5 :  0.202 0.156 0.641 
268 NS_SS1249    (0)    5 :  0.317 0.569 0.114 
269 HI_SS0559    (0)    6 :  0.327 0.290 0.383 
270 HI_SS0563    (1)    6 :  0.326 0.316 0.358 
271 HI_SS0564    (0)    6 :  0.378 0.277 0.345 
272 HI_SS0565    (0)    6 :  0.265 0.491 0.244 
273 HI_SS0569    (0)    6 :  0.106 0.520 0.374 
274 HI_SS0570    (0)    6 :  0.225 0.560 0.215 
275 HI_SS0572    (1)    6 :  0.645 0.189 0.166 
276 HI_SS0576    (0)    6 :  0.317 0.180 0.503 
277 HI_SS0579    (1)    6 :  0.315 0.375 0.309 
278 HI_SS0580    (1)    6 :  0.362 0.408 0.229 
279 HI_SS0581    (0)    6 :  0.335 0.161 0.504 
280 HI_SS0583    (1)    6 :  0.305 0.547 0.148 
281 HI_SS0586    (1)    6 :  0.105 0.622 0.273 
282 HI_SS0588    (1)    6 :  0.248 0.413 0.339 
283 HI_SS0595    (4)    6 :  0.276 0.557 0.167 
284 HI_SS0596    (0)    6 :  0.675 0.137 0.189 
285 HI_SS0597    (1)    6 :  0.609 0.213 0.178 
286 HI_SS0600    (0)    6 :  0.286 0.465 0.249 
287 HI_SS0601    (1)    6 :  0.152 0.406 0.442 
288 HI_SS0602    (1)    6 :  0.194 0.410 0.396 
289 HI_SS0604    (0)    6 :  0.305 0.270 0.425 
290 HI_SS0605    (1)    6 :  0.298 0.343 0.359 
291 HI_SS0608    (0)    6 :  0.371 0.283 0.347 
292 HI_SS0609    (0)    6 :  0.461 0.198 0.341 
293 HI_SS0611    (5)    6 :  0.151 0.514 0.335 
294 HI_SS0612    (1)    6 :  0.477 0.323 0.200 
295 HI_SS0613    (1)    6 :  0.156 0.262 0.583 
296 HI_SS0615    (0)    6 :  0.562 0.124 0.314 
297 HI_SS0001    (1)    6 :  0.486 0.355 0.159 
298 HI_SS0002    (1)    6 :  0.401 0.197 0.402 
299 HI_SS0004    (0)    6 :  0.339 0.419 0.242 
300 HI_SS0005    (1)    6 :  0.165 0.207 0.628 
301 HI_SS0006    (1)    6 :  0.276 0.501 0.224 
302 HI_SS0007    (1)    6 :  0.172 0.353 0.475 
303 HI_SS0008    (0)    6 :  0.274 0.299 0.427 
304 HI_SS0009    (0)    6 :  0.423 0.136 0.441 
305 HI_SS0010    (1)    6 :  0.182 0.355 0.462 
306 HI_SS0011    (1)    6 :  0.231 0.233 0.536 
307 HI_SS0012    (0)    6 :  0.433 0.219 0.349 
308 HI_SS0017    (1)    6 :  0.652 0.156 0.192 
309 HI_SS0021    (1)    6 :  0.189 0.497 0.314 
310 HI_SS0024    (1)    6 :  0.435 0.206 0.359 
311 HI_SS0025    (1)    6 :  0.475 0.162 0.363 
312 HI_SS0027    (0)    6 :  0.213 0.397 0.390 
313 HI_SS0028    (0)    6 :  0.236 0.125 0.638 
314 HI_SS0029    (1)    6 :  0.423 0.315 0.262 
315 HI_SS0030    (2)    6 :  0.343 0.385 0.271 
316 HI_SS0031    (0)    6 :  0.424 0.340 0.237 
317 HI_SS0034    (0)    6 :  0.312 0.522 0.166 
318 HI_SS0036    (0)    6 :  0.177 0.580 0.243 
319 HI_SS0037    (1)    6 :  0.132 0.539 0.328 
320 HI_SS0039    (0)    6 :  0.147 0.406 0.447 
321 HI_SS0041    (1)    6 :  0.382 0.173 0.445 
322 HI_SS0042    (1)    6 :  0.477 0.185 0.338 
323 HI_SS0043    (1)    6 :  0.121 0.677 0.202 
324 HI_SS0044    (1)    6 :  0.489 0.366 0.145 
325 HI_SS0047    (1)    6 :  0.422 0.177 0.400 
326 HI_SS0049    (0)    6 :  0.543 0.187 0.270 
327 HI_SS0051    (1)    6 :  0.171 0.218 0.611 
328 HI_SS0053    (1)    6 :  0.220 0.622 0.159 
329 HI_SS0054    (4)    6 :  0.140 0.495 0.365 
330 HI_SS0057    (0)    6 :  0.255 0.221 0.524 
331 HI_SS0058    (0)    6 :  0.269 0.422 0.309 
332 HI_SS0060    (0)    6 :  0.209 0.259 0.532 
333 HI_SS0087    (1)    6 :  0.333 0.414 0.253 
334 HI_SS0091    (0)    6 :  0.181 0.709 0.110 
335 HI_SS0095    (1)    6 :  0.342 0.368 0.290 
336 HI_SS0097    (3)    6 :  0.292 0.275 0.433 
337 HI_SS0099    (0)    6 :  0.400 0.237 0.363 
338 HI_SS0103    (0)    6 :  0.524 0.287 0.189 
339 HI_SS0105    (1)    6 :  0.233 0.352 0.414 
340 HI_SS0107    (1)    6 :  0.727 0.127 0.146 
341 HI_SS0108    (1)    6 :  0.147 0.699 0.154 
342 HI_SS0110    (0)    6 :  0.426 0.425 0.148 
343 HI_SS0111    (1)    6 :  0.327 0.316 0.357 
344 HI_SS0112    (0)    6 :  0.185 0.669 0.146 
345 HI_SS0113    (1)    6 :  0.534 0.160 0.306 
346 HI_SS0114    (1)    6 :  0.138 0.451 0.411 
347 HI_SS0115    (1)    6 :  0.462 0.262 0.276 
348 HI_SS0116    (4)    6 :  0.382 0.501 0.117 
349 HI_SS0117    (0)    6 :  0.265 0.500 0.235 
350 HI_SS0118    (0)    6 :  0.265 0.530 0.205 
351 HI_SS0119    (1)    6 :  0.224 0.494 0.282 
352 HI_SS0120    (1)    6 :  0.681 0.151 0.168 
353 HI_SS0121    (1)    6 :  0.158 0.166 0.676 
354 HI_SS0122    (2)    6 :  0.259 0.358 0.383 
355 HI_SS0123    (0)    6 :  0.454 0.342 0.204 
356 HI_SS0124    (1)    6 :  0.574 0.115 0.311 
357 HI_SS0125    (1)    6 :  0.418 0.144 0.439 
358 HI_SS0126    (0)    6 :  0.314 0.539 0.147 
359 HI_SS0127    (0)    6 :  0.137 0.222 0.642 
360 HI_SS0128    (0)    6 :  0.541 0.259 0.200 
361 HI_SS0129    (1)    6 :  0.355 0.442 0.203 
362 HI_SS0131    (2)    6 :  0.109 0.370 0.521 
363 HI_SS0132    (0)    6 :  0.275 0.336 0.388 
364 HI_SS0133    (1)    6 :  0.165 0.687 0.148 
365 HI_SS0134    (1)    6 :  0.344 0.384 0.272 
366 HI_SS0142    (3)    6 :  0.261 0.303 0.436 
367 HI_SS0145    (0)    6 :  0.410 0.334 0.256 
368 HI_SS0146    (1)    6 :  0.245 0.419 0.336 
369 HI_SS0147    (1)    6 :  0.218 0.163 0.619 
370 HI_SS0149    (1)    6 :  0.257 0.432 0.311 
371 HI_SS0150    (2)    6 :  0.347 0.155 0.497 
372 HI_SS0151    (0)    6 :  0.490 0.294 0.216 
373 NS_SS1451    (1)    6 :  0.491 0.127 0.382 
374 NS_SS1404    (0)    6 :  0.238 0.218 0.544 
375 NS_SS1432    (2)    6 :  0.537 0.211 0.252 
376 NS_SS1405    (4)    6 :  0.458 0.258 0.284 
377 NS_SS1431   (10)    6 :  0.543 0.166 0.291 
378 NS_SS1402    (3)    6 :  0.359 0.444 0.198 
379 NS_SS1450    (3)    6 :  0.404 0.392 0.204 
380 NS_SS1396    (0)    6 :  0.304 0.312 0.385 
381 NS_SS1393    (5)    6 :  0.271 0.450 0.279 
382 NS_SS1392   (10)    6 :  0.547 0.174 0.279 
383 NS_SS1445    (0)    6 :  0.141 0.515 0.344 
384 NS_SS1423    (0)    6 :  0.388 0.443 0.169 
385 NS_SS1421    (9)    6 :  0.296 0.434 0.270 
386 NS_SS1411    (6)    6 :  0.166 0.378 0.456 
387 NS_SS1453    (5)    6 :  0.228 0.509 0.263 
388 NS_SS1442    (2)    6 :  0.293 0.282 0.425 
389 NS_SS1422    (1)    6 :  0.493 0.293 0.214 
390 NS_SS1419    (1)    6 :  0.188 0.215 0.596 
391 NS_SS1427    (0)    6 :  0.339 0.571 0.090 
392 NS_SS1444    (3)    6 :  0.249 0.207 0.544 
393 NS_SS1455    (0)    6 :  0.555 0.160 0.285 
394 NS_SS1425    (2)    6 :  0.120 0.626 0.254 
395 NS_SS1400    (0)    6 :  0.173 0.455 0.373 
396 NS_SS1406    (1)    6 :  0.388 0.192 0.420 
397 NS_SS1417    (6)    6 :  0.257 0.389 0.354 
398 NS_SS1454    (2)    6 :  0.205 0.454 0.341 
399 NS_SS1412    (1)    6 :  0.299 0.396 0.306 
400 NS_SS1438    (1)    6 :  0.122 0.543 0.336 
401 NS_SS1416    (4)    6 :  0.306 0.320 0.374 
402 NS_SS1401    (0)    6 :  0.320 0.427 0.253 
403 NS_SS1424    (6)    6 :  0.306 0.425 0.270 
404 NS_SS1435    (9)    6 :  0.391 0.277 0.333 
405 NS_SS1447    (4)    6 :  0.265 0.204 0.531 
406 NS_SS1414    (3)    6 :  0.271 0.164 0.565 
407 NS_SS1449   (14)    6 :  0.526 0.266 0.208 
408 NS_SS1443    (4)    6 :  0.394 0.493 0.113 
409 NS_SS1434    (1)    6 :  0.651 0.243 0.105 
410 NS_SS1398    (1)    6 :  0.471 0.219 0.310 
411 NS_SS1426    (1)    6 :  0.183 0.596 0.221 
412 NS_SS1413    (0)    6 :  0.351 0.450 0.199 
413 NS_SS1395    (1)    6 :  0.264 0.542 0.195 
414 NS_SS1448   (10)    6 :  0.286 0.318 0.396 
415 NS_SS1446    (0)    6 :  0.266 0.525 0.209 
416 NS_SS1403    (2)    6 :  0.393 0.330 0.277 
417 NS_SS1415    (0)    6 :  0.236 0.461 0.303 
418 NS_SS1437    (4)    6 :  0.342 0.294 0.365 
419 NS_SS1439    (2)    6 :  0.344 0.342 0.314 
420 NS_SS1441    (3)    6 :  0.359 0.464 0.178 
421 NS_SS1420    (2)    6 :  0.232 0.131 0.637 
422 NS_SS1394    (2)    6 :  0.295 0.180 0.526 
423 NS_SS1391    (7)    6 :  0.501 0.373 0.126 
424 NS_SS1410    (5)    6 :  0.325 0.436 0.239 
425 NS_SS1408    (1)    6 :  0.320 0.271 0.409 
426 NS_SS1409    (1)    6 :  0.532 0.359 0.109 
427 HI_SS0617    (1)    7 :  0.452 0.379 0.169 
428 HI_SS0618    (2)    7 :  0.424 0.203 0.374 
429 HI_SS0619    (0)    7 :  0.413 0.287 0.300 
430 HI_SS0620    (1)    7 :  0.195 0.524 0.282 
431 HI_SS0621    (3)    7 :  0.432 0.221 0.347 
432 HI_SS0622    (1)    7 :  0.322 0.265 0.414 
433 HI_SS0626    (0)    7 :  0.156 0.264 0.580 
434 HI_SS0627    (0)    7 :  0.452 0.270 0.279 
435 HI_SS0628    (3)    7 :  0.254 0.473 0.273 
436 HI_SS0629    (1)    7 :  0.187 0.435 0.378 
437 HI_SS0630    (1)    7 :  0.296 0.389 0.315 
438 HI_SS0631    (0)    7 :  0.222 0.369 0.409 
439 HI_SS0632    (0)    7 :  0.200 0.255 0.545 
440 HI_SS0633    (0)    7 :  0.608 0.184 0.208 
441 HI_SS0634    (1)    7 :  0.294 0.312 0.393 
442 HI_SS0635    (0)    7 :  0.293 0.194 0.512 
443 HI_SS0637    (1)    7 :  0.191 0.322 0.487 
444 HI_SS0638    (0)    7 :  0.406 0.281 0.314 
445 HI_SS0639    (1)    7 :  0.365 0.189 0.446 
446 HI_SS0640    (1)    7 :  0.327 0.279 0.394 
447 HI_SS0641    (1)    7 :  0.118 0.454 0.428 
448 HI_SS0642    (0)    7 :  0.440 0.271 0.289 
449 HI_SS0645    (0)    7 :  0.328 0.108 0.564 
450 HI_SS0646    (1)    7 :  0.535 0.294 0.171 
451 HI_SS0647    (1)    7 :  0.453 0.255 0.291 
452 HI_SS0648    (0)    7 :  0.336 0.280 0.384 
453 HI_SS0649    (1)    7 :  0.358 0.363 0.279 
454 HI_SS0650    (1)    7 :  0.656 0.176 0.168 
455 HI_SS0651    (1)    7 :  0.399 0.301 0.300 
456 HI_SS0652    (1)    7 :  0.300 0.150 0.550 
457 NS_SS1371    (3)    7 :  0.367 0.492 0.141 
458 NS_SS1374    (0)    7 :  0.223 0.487 0.290 
459 NS_SS1337    (3)    7 :  0.355 0.154 0.491 
460 NS_SS1385    (5)    7 :  0.507 0.292 0.201 
461 NS_SS1388    (0)    7 :  0.364 0.335 0.301 
462 NS_SS1370    (1)    7 :  0.121 0.113 0.766 
463 NS_SS1389    (3)    7 :  0.394 0.213 0.392 
464 NS_SS1360    (1)    7 :  0.163 0.388 0.449 
465 NS_SS1330    (0)    7 :  0.343 0.155 0.503 
466 NS_SS1328    (8)    7 :  0.505 0.384 0.111 
467 NS_SS1384    (1)    7 :  0.220 0.416 0.365 
468 NS_SS1381    (0)    7 :  0.724 0.112 0.163 
469 NS_SS1375    (1)    7 :  0.508 0.195 0.298 
470 NS_SS1319   (10)    7 :  0.368 0.310 0.321 
471 NS_SS1326    (2)    7 :  0.328 0.519 0.153 
472 NS_SS1341    (1)    7 :  0.188 0.513 0.300 
473 NS_SS1383    (1)    7 :  0.264 0.342 0.394 
474 NS_SS1318    (3)    7 :  0.306 0.241 0.453 
475 NS_SS1348    (2)    7 :  0.160 0.586 0.254 
476 NS_SS1363    (0)    7 :  0.333 0.207 0.460 
477 NS_SS1335    (4)    7 :  0.143 0.413 0.444 
478 NS_SS1358    (0)    7 :  0.272 0.431 0.297 
479 NS_SS1342    (1)    7 :  0.318 0.525 0.157 
480 NS_SS1320    (2)    7 :  0.762 0.075 0.163 
481 NS_SS1355    (1)    7 :  0.354 0.210 0.437 
482 NS_SS1345    (1)    7 :  0.387 0.142 0.471 
483 NS_SS1324    (0)    7 :  0.228 0.450 0.321 
484 NS_SS1347    (5)    7 :  0.359 0.361 0.279 
485 NS_SS1321    (4)    7 :  0.222 0.505 0.273 
486 NS_SS1333    (0)    7 :  0.239 0.573 0.188 
487 NS_SS1364    (1)    7 :  0.223 0.476 0.301 
488 NS_SS1379    (0)    7 :  0.464 0.249 0.286 
489 NS_SS1332    (0)    7 :  0.173 0.594 0.233 
490 NS_SS1338    (5)    7 :  0.146 0.441 0.413 
491 NS_SS1368    (6)    7 :  0.249 0.533 0.218 
492 NS_SS1354    (1)    7 :  0.300 0.311 0.390 
493 NS_SS1365    (0)    7 :  0.366 0.196 0.438 
494 NS_SS1380    (1)    7 :  0.285 0.176 0.539 
495 NS_SS1329    (8)    7 :  0.298 0.541 0.162 
496 NS_SS1362    (0)    7 :  0.401 0.337 0.262 
497 NS_SS1327    (2)    7 :  0.120 0.764 0.116 
498 NS_SS1350    (0)    7 :  0.587 0.322 0.090 
499 NS_SS1387    (2)    7 :  0.180 0.244 0.576 
500 NS_SS1369    (8)    7 :  0.214 0.445 0.342 
501 NS_SS1331    (1)    7 :  0.276 0.321 0.403 
502 NS_SS1357    (4)    7 :  0.624 0.283 0.094 
503 NS_SS1386    (1)    7 :  0.151 0.719 0.131 
504 NS_SS1353    (2)    7 :  0.586 0.237 0.177 
505 NS_SS1323    (0)    7 :  0.482 0.173 0.345 
506 HI_SS0296    (0)    8 :  0.264 0.380 0.357 
507 HI_SS0297    (0)    8 :  0.537 0.256 0.208 
508 HI_SS0299    (0)    8 :  0.245 0.372 0.384 
509 HI_SS0300    (0)    8 :  0.260 0.300 0.439 
510 HI_SS0301    (0)    8 :  0.113 0.225 0.662 
511 HI_SS0302    (0)    8 :  0.143 0.332 0.525 
512 HI_SS0303    (0)    8 :  0.370 0.480 0.150 
513 HI_SS0304    (0)    8 :  0.413 0.223 0.364 
514 HI_SS0306    (5)    8 :  0.178 0.458 0.364 
515 HI_SS0307    (1)    8 :  0.409 0.210 0.382 
516 HI_SS0308    (1)    8 :  0.247 0.269 0.484 
517 HI_SS0309    (0)    8 :  0.293 0.259 0.448 
518 HI_SS0310    (0)    8 :  0.396 0.259 0.344 
519 HI_SS0311    (3)    8 :  0.198 0.278 0.524 
520 HI_SS0314    (0)    8 :  0.538 0.265 0.197 
521 HI_SS0316    (1)    8 :  0.307 0.435 0.258 
522 HI_SS0317    (3)    8 :  0.272 0.307 0.421 
523 HI_SS0318    (1)    8 :  0.166 0.609 0.225 
524 HI_SS0319    (0)    8 :  0.180 0.703 0.117 
525 HI_SS0320    (3)    8 :  0.460 0.209 0.331 
526 HI_SS0321    (0)    8 :  0.327 0.476 0.197 
527 HI_SS0323    (1)    8 :  0.212 0.458 0.331 
528 HI_SS0325    (2)    8 :  0.153 0.381 0.466 
529 HI_SS0327    (1)    8 :  0.432 0.475 0.093 
530 HI_SS0329    (1)    8 :  0.321 0.236 0.444 
531 HI_SS0333    (1)    8 :  0.343 0.350 0.307 
532 HI_SS0334    (1)    8 :  0.183 0.545 0.271 
533 HI_SS0335    (1)    8 :  0.378 0.181 0.441 
534 HI_SS0339    (0)    8 :  0.288 0.194 0.518 
535 HI_SS0343    (2)    8 :  0.506 0.220 0.274 
536 HI_SS0344    (1)    8 :  0.150 0.738 0.112 
537 HI_SS0345    (3)    8 :  0.241 0.265 0.494 
538 HI_SS0346    (0)    8 :  0.254 0.430 0.316 
539 HI_SS0350    (1)    8 :  0.332 0.123 0.545 
540 HI_SS0351    (0)    8 :  0.289 0.362 0.350 
541 HI_SS0352    (3)    8 :  0.424 0.224 0.352 
542 HI_SS0362    (0)    8 :  0.202 0.242 0.556 
543 HI_SS0363    (1)    8 :  0.342 0.506 0.153 
544 HI_SS0365    (0)    8 :  0.356 0.485 0.159 
545 HI_SS0366    (0)    8 :  0.199 0.620 0.182 
546 HI_SS0367    (1)    8 :  0.429 0.196 0.374 
547 HI_SS0369    (1)    8 :  0.375 0.157 0.468 
548 HI_SS0370    (0)    8 :  0.609 0.274 0.117 
549 HI_SS0371    (4)    8 :  0.177 0.481 0.341 
550 HI_SS0373    (3)    8 :  0.386 0.296 0.318 
551 HI_SS0374    (0)    8 :  0.431 0.236 0.333 
552 HI_SS0377    (0)    8 :  0.181 0.376 0.442 
553 HI_SS0379    (1)    8 :  0.099 0.776 0.125 
554 HI_SS0380    (1)    8 :  0.423 0.238 0.339 
555 HI_SS0381    (2)    8 :  0.269 0.185 0.546 
556 HI_SS0384    (3)    8 :  0.392 0.419 0.189 
557 HI_SS0385    (1)    8 :  0.265 0.333 0.402 


Estimated Allele Frequencies in each cluster
First column gives estimated ancestral frequencies


Locus 1 : 
2 alleles
3.4% missing data
   1   (0.737) 0.760 0.738 0.717 
   2   (0.263) 0.240 0.262 0.283 

Locus 2 : 
2 alleles
4.3% missing data
   1   (0.886) 0.866 0.901 0.902 
   2   (0.114) 0.134 0.099 0.098 

Locus 3 : 
2 alleles
3.9% missing data
   1   (0.863) 0.862 0.870 0.870 
   2   (0.137) 0.138 0.130 0.130 

Locus 4 : 
2 alleles
2.7% missing data
   1   (0.889) 0.904 0.895 0.878 
   2   (0.111) 0.096 0.105 0.122 

Locus 5 : 
2 alleles
2.7% missing data
   1   (0.822) 0.824 0.818 0.833 
   2   (0.178) 0.176 0.182 0.167 

Locus 6 : 
2 alleles
3.2% missing data
   1   (0.791) 0.803 0.772 0.808 
   2   (0.209) 0.197 0.228 0.192 

Locus 7 : 
2 alleles
3.8% missing data
   1   (0.805) 0.829 0.798 0.795 
   2   (0.195) 0.171 0.202 0.205 

Locus 8 : 
2 alleles
4.8% missing data
   1   (0.704) 0.696 0.699 0.725 
   2   (0.296) 0.304 0.301 0.275 

Locus 9 : 
2 alleles
3.1% missing data
   1   (0.792) 0.802 0.770 0.813 
   2   (0.208) 0.198 0.230 0.187 

Locus 10 : 
2 alleles
4.7% missing data
   1   (0.890) 0.910 0.882 0.890 
   2   (0.110) 0.090 0.118 0.110 

Locus 11 : 
2 alleles
3.2% missing data
   1   (0.863) 0.885 0.844 0.869 
   2   (0.137) 0.115 0.156 0.131 

Locus 12 : 
2 alleles
4.8% missing data
   1   (0.731) 0.718 0.743 0.739 
   2   (0.269) 0.282 0.257 0.261 

Locus 13 : 
2 alleles
4.7% missing data
   1   (0.887) 0.900 0.884 0.889 
   2   (0.113) 0.100 0.116 0.111 

Locus 14 : 
2 alleles
3.9% missing data
   1   (0.877) 0.895 0.871 0.876 
   2   (0.123) 0.105 0.129 0.124 

Locus 15 : 
2 alleles
3.9% missing data
   1   (0.505) 0.489 0.517 0.510 
   2   (0.495) 0.511 0.483 0.490 

Locus 16 : 
2 alleles
4.3% missing data
   1   (0.606) 0.593 0.572 0.658 
   2   (0.394) 0.407 0.428 0.342 

Locus 17 : 
2 alleles
4.1% missing data
   1   (0.774) 0.767 0.770 0.793 
   2   (0.226) 0.233 0.230 0.207 

Locus 18 : 
2 alleles
2.3% missing data
   1   (0.895) 0.890 0.912 0.895 
   2   (0.105) 0.110 0.088 0.105 

Locus 19 : 
2 alleles
4.3% missing data
   1   (0.710) 0.703 0.696 0.738 
   2   (0.290) 0.297 0.304 0.262 

Locus 20 : 
2 alleles
3.2% missing data
   1   (0.883) 0.889 0.886 0.887 
   2   (0.117) 0.111 0.114 0.113 

Locus 21 : 
2 alleles
3.4% missing data
   1   (0.558) 0.575 0.507 0.590 
   2   (0.442) 0.425 0.493 0.410 

Locus 22 : 
2 alleles
4.8% missing data
   1   (0.855) 0.858 0.855 0.863 
   2   (0.145) 0.142 0.145 0.137 

Locus 23 : 
2 alleles
4.3% missing data
   1   (0.881) 0.870 0.890 0.897 
   2   (0.119) 0.130 0.110 0.103 

Locus 24 : 
2 alleles
3.2% missing data
   1   (0.542) 0.523 0.544 0.561 
   2   (0.458) 0.477 0.456 0.439 

Locus 25 : 
2 alleles
4.3% missing data
   2   (0.471) 0.483 0.472 0.458 
   1   (0.529) 0.517 0.528 0.542 

Locus 26 : 
2 alleles
4.3% missing data
   1   (0.841) 0.826 0.855 0.852 
   2   (0.159) 0.174 0.145 0.148 

Locus 27 : 
2 alleles
2.2% missing data
   1   (0.601) 0.582 0.621 0.605 
   2   (0.399) 0.418 0.379 0.395 

Locus 28 : 
2 alleles
4.1% missing data
   1   (0.863) 0.882 0.865 0.850 
   2   (0.137) 0.118 0.135 0.150 

Locus 29 : 
2 alleles
1.8% missing data
   1   (0.881) 0.886 0.888 0.881 
   2   (0.119) 0.114 0.112 0.119 

Locus 30 : 
2 alleles
4.5% missing data
   1   (0.867) 0.867 0.869 0.877 
   2   (0.133) 0.133 0.131 0.123 

Locus 31 : 
2 alleles
4.3% missing data
   1   (0.789) 0.796 0.794 0.786 
   2   (0.211) 0.204 0.206 0.214 

Locus 32 : 
2 alleles
2.0% missing data
   1   (0.735) 0.729 0.735 0.752 
   2   (0.265) 0.271 0.265 0.248 

Locus 33 : 
2 alleles
3.6% missing data
   1   (0.762) 0.797 0.740 0.756 
   2   (0.238) 0.203 0.260 0.244 

Locus 34 : 
2 alleles
3.6% missing data
   1   (0.812) 0.827 0.824 0.792 
   2   (0.188) 0.173 0.176 0.208 

Locus 35 : 
2 alleles
3.8% missing data
   1   (0.868) 0.874 0.889 0.852 
   2   (0.132) 0.126 0.111 0.148 

Locus 36 : 
2 alleles
2.9% missing data
   1   (0.757) 0.765 0.760 0.755 
   2   (0.243) 0.235 0.240 0.245 

Locus 37 : 
2 alleles
2.2% missing data
   1   (0.741) 0.743 0.734 0.752 
   2   (0.259) 0.257 0.266 0.248 

Locus 38 : 
2 alleles
1.4% missing data
   1   (0.870) 0.885 0.846 0.887 
   2   (0.130) 0.115 0.154 0.113 

Locus 39 : 
2 alleles
3.2% missing data
   1   (0.705) 0.700 0.736 0.684 
   2   (0.295) 0.300 0.264 0.316 

Locus 40 : 
2 alleles
3.8% missing data
   1   (0.572) 0.599 0.551 0.567 
   2   (0.428) 0.401 0.449 0.433 

Locus 41 : 
2 alleles
3.4% missing data
   1   (0.881) 0.875 0.880 0.899 
   2   (0.119) 0.125 0.120 0.101 

Locus 42 : 
2 alleles
4.5% missing data
   2   (0.234) 0.282 0.182 0.236 
   1   (0.766) 0.718 0.818 0.764 

Locus 43 : 
2 alleles
2.0% missing data
   1   (0.819) 0.829 0.819 0.820 
   2   (0.181) 0.171 0.181 0.180 

Locus 44 : 
2 alleles
4.7% missing data
   1   (0.583) 0.588 0.568 0.594 
   2   (0.417) 0.412 0.432 0.406 

Locus 45 : 
2 alleles
3.2% missing data
   1   (0.871) 0.867 0.870 0.888 
   2   (0.129) 0.133 0.130 0.112 

Locus 46 : 
2 alleles
2.3% missing data
   1   (0.778) 0.759 0.791 0.792 
   2   (0.222) 0.241 0.209 0.208 

Locus 47 : 
2 alleles
4.5% missing data
   1   (0.886) 0.880 0.896 0.894 
   2   (0.114) 0.120 0.104 0.106 

Locus 48 : 
2 alleles
4.5% missing data
   1   (0.815) 0.811 0.822 0.821 
   2   (0.185) 0.189 0.178 0.179 

Locus 49 : 
2 alleles
4.5% missing data
   1   (0.817) 0.801 0.823 0.838 
   2   (0.183) 0.199 0.177 0.162 

Locus 50 : 
2 alleles
3.4% missing data
   1   (0.657) 0.668 0.662 0.645 
   2   (0.343) 0.332 0.338 0.355 

Locus 51 : 
2 alleles
1.4% missing data
   1   (0.601) 0.598 0.612 0.595 
   2   (0.399) 0.402 0.388 0.405 

Locus 52 : 
2 alleles
4.1% missing data
   1   (0.658) 0.650 0.663 0.666 
   2   (0.342) 0.350 0.337 0.334 

Locus 53 : 
2 alleles
4.5% missing data
   1   (0.851) 0.877 0.838 0.846 
   2   (0.149) 0.123 0.162 0.154 

Locus 54 : 
2 alleles
3.8% missing data
   1   (0.864) 0.858 0.875 0.872 
   2   (0.136) 0.142 0.125 0.128 

Locus 55 : 
2 alleles
3.2% missing data
   1   (0.882) 0.865 0.883 0.907 
   2   (0.118) 0.135 0.117 0.093 

Locus 56 : 
2 alleles
3.2% missing data
   1   (0.797) 0.788 0.807 0.804 
   2   (0.203) 0.212 0.193 0.196 

Locus 57 : 
2 alleles
4.5% missing data
   1   (0.663) 0.666 0.685 0.642 
   2   (0.337) 0.334 0.315 0.358 

Locus 58 : 
2 alleles
4.1% missing data
   1   (0.840) 0.841 0.857 0.828 
   2   (0.160) 0.159 0.143 0.172 

Locus 59 : 
2 alleles
4.8% missing data
   1   (0.819) 0.809 0.847 0.810 
   2   (0.181) 0.191 0.153 0.190 

Locus 60 : 
2 alleles
2.5% missing data
   1   (0.860) 0.880 0.853 0.856 
   2   (0.140) 0.120 0.147 0.144 

Locus 61 : 
2 alleles
3.9% missing data
   1   (0.778) 0.783 0.770 0.789 
   2   (0.222) 0.217 0.230 0.211 

Locus 62 : 
2 alleles
2.0% missing data
   1   (0.841) 0.858 0.813 0.860 
   2   (0.159) 0.142 0.187 0.140 

Locus 63 : 
2 alleles
4.1% missing data
   1   (0.757) 0.761 0.745 0.773 
   2   (0.243) 0.239 0.255 0.227 

Locus 64 : 
2 alleles
3.2% missing data
   1   (0.872) 0.863 0.897 0.865 
   2   (0.128) 0.137 0.103 0.135 

Locus 65 : 
2 alleles
2.7% missing data
   1   (0.870) 0.885 0.875 0.858 
   2   (0.130) 0.115 0.125 0.142 

Locus 66 : 
2 alleles
2.0% missing data
   1   (0.592) 0.593 0.619 0.565 
   2   (0.408) 0.407 0.381 0.435 

Locus 67 : 
2 alleles
4.8% missing data
   1   (0.786) 0.791 0.766 0.810 
   2   (0.214) 0.209 0.234 0.190 

Locus 68 : 
2 alleles
4.5% missing data
   1   (0.727) 0.745 0.711 0.730 
   2   (0.273) 0.255 0.289 0.270 

Locus 69 : 
2 alleles
2.9% missing data
   1   (0.593) 0.611 0.603 0.566 
   2   (0.407) 0.389 0.397 0.434 

Locus 70 : 
2 alleles
4.8% missing data
   1   (0.664) 0.657 0.647 0.693 
   2   (0.336) 0.343 0.353 0.307 

Locus 71 : 
2 alleles
4.1% missing data
   1   (0.820) 0.803 0.852 0.812 
   2   (0.180) 0.197 0.148 0.188 

Locus 72 : 
2 alleles
3.1% missing data
   1   (0.879) 0.871 0.890 0.890 
   2   (0.121) 0.129 0.110 0.110 

Locus 73 : 
2 alleles
4.5% missing data
   1   (0.732) 0.752 0.750 0.697 
   2   (0.268) 0.248 0.250 0.303 

Locus 74 : 
2 alleles
4.3% missing data
   1   (0.670) 0.664 0.691 0.658 
   2   (0.330) 0.336 0.309 0.342 

Locus 75 : 
2 alleles
2.0% missing data
   1   (0.894) 0.891 0.886 0.916 
   2   (0.106) 0.109 0.114 0.084 

Locus 76 : 
2 alleles
4.8% missing data
   2   (0.206) 0.169 0.219 0.227 
   1   (0.794) 0.831 0.781 0.773 

Locus 77 : 
2 alleles
2.0% missing data
   2   (0.268) 0.236 0.270 0.294 
   1   (0.732) 0.764 0.730 0.706 

Locus 78 : 
2 alleles
3.4% missing data
   1   (0.814) 0.795 0.828 0.832 
   2   (0.186) 0.205 0.172 0.168 

Locus 79 : 
2 alleles
4.8% missing data
   2   (0.255) 0.242 0.242 0.273 
   1   (0.745) 0.758 0.758 0.727 

Locus 80 : 
2 alleles
3.6% missing data
   1   (0.690) 0.660 0.718 0.698 
   2   (0.310) 0.340 0.282 0.302 

Locus 81 : 
2 alleles
2.2% missing data
   1   (0.807) 0.812 0.814 0.804 
   2   (0.193) 0.188 0.186 0.196 

Locus 82 : 
2 alleles
3.4% missing data
   1   (0.754) 0.787 0.767 0.710 
   2   (0.246) 0.213 0.233 0.290 

Locus 83 : 
2 alleles
4.8% missing data
   1   (0.701) 0.701 0.736 0.672 
   2   (0.299) 0.299 0.264 0.328 

Locus 84 : 
2 alleles
4.5% missing data
   1   (0.786) 0.797 0.804 0.763 
   2   (0.214) 0.203 0.196 0.237 

Locus 85 : 
2 alleles
3.2% missing data
   1   (0.765) 0.729 0.782 0.792 
   2   (0.235) 0.271 0.218 0.208 

Locus 86 : 
2 alleles
3.6% missing data
   1   (0.733) 0.769 0.711 0.723 
   2   (0.267) 0.231 0.289 0.277 

Locus 87 : 
2 alleles
2.7% missing data
   1   (0.880) 0.866 0.884 0.901 
   2   (0.120) 0.134 0.116 0.099 

Locus 88 : 
2 alleles
4.3% missing data
   1   (0.745) 0.755 0.734 0.752 
   2   (0.255) 0.245 0.266 0.248 

Locus 89 : 
2 alleles
3.9% missing data
   1   (0.772) 0.794 0.783 0.746 
   2   (0.228) 0.206 0.217 0.254 

Locus 90 : 
2 alleles
1.6% missing data
   1   (0.820) 0.840 0.825 0.802 
   2   (0.180) 0.160 0.175 0.198 

Locus 91 : 
2 alleles
4.8% missing data
   1   (0.880) 0.888 0.893 0.869 
   2   (0.120) 0.112 0.107 0.131 

Locus 92 : 
2 alleles
2.9% missing data
   1   (0.616) 0.639 0.622 0.587 
   2   (0.384) 0.361 0.378 0.413 

Locus 93 : 
2 alleles
3.6% missing data
   1   (0.766) 0.745 0.785 0.778 
   2   (0.234) 0.255 0.215 0.222 

Locus 94 : 
2 alleles
3.4% missing data
   1   (0.892) 0.894 0.893 0.904 
   2   (0.108) 0.106 0.107 0.096 

Locus 95 : 
2 alleles
3.9% missing data
   1   (0.667) 0.667 0.650 0.690 
   2   (0.333) 0.333 0.350 0.310 

Locus 96 : 
2 alleles
3.1% missing data
   1   (0.764) 0.752 0.780 0.769 
   2   (0.236) 0.248 0.220 0.231 

Locus 97 : 
2 alleles
0.9% missing data
   1   (0.837) 0.854 0.851 0.812 
   2   (0.163) 0.146 0.149 0.188 

Locus 98 : 
2 alleles
4.8% missing data
   1   (0.879) 0.892 0.876 0.881 
   2   (0.121) 0.108 0.124 0.119 

Locus 99 : 
2 alleles
3.2% missing data
   2   (0.386) 0.367 0.436 0.353 
   1   (0.614) 0.633 0.564 0.647 

Locus 100 : 
2 alleles
4.7% missing data
   1   (0.814) 0.803 0.820 0.829 
   2   (0.186) 0.197 0.180 0.171 

Locus 101 : 
2 alleles
2.3% missing data
   1   (0.786) 0.801 0.779 0.783 
   2   (0.214) 0.199 0.221 0.217 

Locus 102 : 
2 alleles
1.4% missing data
   1   (0.869) 0.879 0.873 0.866 
   2   (0.131) 0.121 0.127 0.134 

Locus 103 : 
2 alleles
3.4% missing data
   1   (0.655) 0.682 0.645 0.640 
   2   (0.345) 0.318 0.355 0.360 

Locus 104 : 
