

----------------------------------------------------
STRUCTURE by Pritchard, Stephens and Donnelly (2000)
     and Falush, Stephens and Pritchard (2003)
       Code by Pritchard, Falush and Hubisz
             Version 2.3.4 (Jul 2012)
----------------------------------------------------



Command line arguments:   /home/genobiwan/Documents/Programs/Structure/structure -m parameter_job_k3_r10 
Input File:    /media/genobiwan/Storage/Projets/Mackerel_NWA_2021/data_job_k3_r10

Run parameters:
   557 individuals
   3930 loci
   3 populations assumed
   100000 Burn-in period
   200000 Reps


--------------------------------------------
Proportion of membership of each pre-defined
 population in each of the 3 clusters

Given    Inferred Clusters       Number of
 Pop       1      2      3      Individuals

  1:     0.353  0.346  0.301       67
  2:     0.355  0.363  0.281       32
  3:     0.354  0.342  0.304       92
  4:     0.315  0.317  0.369       36
  5:     0.298  0.354  0.348       41
  6:     0.326  0.326  0.348      158
  7:     0.341  0.329  0.331       79
  8:     0.335  0.317  0.347       52
--------------------------------------------

Allele-freq. divergence among pops (Net nucleotide distance),
computed using point estimates of P.

      1       2       3      
 1      -    0.0007  0.0010  
 2   0.0007     -    0.0008  
 3   0.0010  0.0008     -    

Average distances (expected heterozygosity) between individuals in same cluster:
cluster  1  : 0.3136 
cluster  2  : 0.3146 
cluster  3  : 0.3140 

--------------------------------------------
Estimated Ln Prob of Data   = -2070065.1
Mean value of ln likelihood = -2064795.0
Variance of ln likelihood   = 10540.3
Mean value of alpha         = 1.1307

Mean value of Fst_1         = 0.0095
Mean value of Fst_2         = 0.0084
Mean value of Fst_3         = 0.0098


Inferred ancestry of individuals:
        Label (%Miss) Pop:  Inferred clusters
  1 NS_SS0963    (4)    1 :  0.273 0.477 0.250 
  2 NS_SS0983    (1)    1 :  0.143 0.208 0.648 
  3 NS_SS0719    (8)    1 :  0.434 0.204 0.362 
  4 NS_SS1001    (8)    1 :  0.442 0.416 0.142 
  5 NS_SS0936    (4)    1 :  0.154 0.663 0.183 
  6 NS_SS0955    (5)    1 :  0.177 0.344 0.479 
  7 NS_SS0944    (3)    1 :  0.233 0.451 0.317 
  8 NS_SS0945    (3)    1 :  0.255 0.434 0.311 
  9 NS_SS0922    (2)    1 :  0.524 0.343 0.133 
 10 NS_SS0929    (7)    1 :  0.262 0.273 0.465 
 11 NS_SS0956    (2)    1 :  0.699 0.180 0.121 
 12 NS_SS0906    (3)    1 :  0.255 0.372 0.373 
 13 NS_SS0721    (6)    1 :  0.586 0.160 0.254 
 14 NS_SS0982    (4)    1 :  0.399 0.362 0.239 
 15 NS_SS0923    (5)    1 :  0.454 0.316 0.230 
 16 NS_SS0905    (6)    1 :  0.456 0.246 0.298 
 17 NS_SS0925    (3)    1 :  0.278 0.593 0.129 
 18 NS_SS0947    (5)    1 :  0.241 0.586 0.173 
 19 NS_SS0926    (2)    1 :  0.290 0.137 0.573 
 20 NS_SS0918    (6)    1 :  0.410 0.446 0.144 
 21 NS_SS0966    (4)    1 :  0.264 0.513 0.223 
 22 NS_SS0938    (2)    1 :  0.259 0.572 0.168 
 23 NS_SS0917    (2)    1 :  0.252 0.195 0.553 
 24 NS_SS0957   (11)    1 :  0.604 0.190 0.207 
 25 NS_SS0987    (1)    1 :  0.725 0.109 0.166 
 26 NS_SS0717    (4)    1 :  0.454 0.408 0.139 
 27 NS_SS0986    (2)    1 :  0.514 0.167 0.319 
 28 NS_SS0953    (4)    1 :  0.250 0.616 0.134 
 29 NS_SS0907    (3)    1 :  0.186 0.501 0.313 
 30 NS_SS0974    (6)    1 :  0.156 0.544 0.301 
 31 NS_SS0989    (1)    1 :  0.139 0.206 0.655 
 32 NS_SS0991    (2)    1 :  0.346 0.265 0.389 
 33 NS_SS0994    (2)    1 :  0.097 0.162 0.741 
 34 NS_SS0931    (6)    1 :  0.426 0.155 0.419 
 35 NS_SS1000    (5)    1 :  0.238 0.619 0.143 
 36 NS_SS0919    (1)    1 :  0.217 0.321 0.462 
 37 NS_SS0949    (3)    1 :  0.177 0.262 0.561 
 38 NS_SS0960   (10)    1 :  0.374 0.165 0.461 
 39 NS_SS0716    (2)    1 :  0.768 0.136 0.097 
 40 NS_SS0924    (8)    1 :  0.296 0.259 0.445 
 41 NS_SS0935    (1)    1 :  0.344 0.147 0.509 
 42 NS_SS0952   (13)    1 :  0.177 0.283 0.540 
 43 NS_SS0962   (10)    1 :  0.449 0.399 0.152 
 44 NS_SS0973    (5)    1 :  0.184 0.505 0.311 
 45 NS_SS0722    (1)    1 :  0.180 0.726 0.094 
 46 NS_SS0979   (13)    1 :  0.514 0.317 0.168 
 47 NS_SS0993    (2)    1 :  0.256 0.627 0.118 
 48 NS_SS0958    (1)    1 :  0.281 0.211 0.509 
 49 NS_SS0988    (4)    1 :  0.387 0.242 0.371 
 50 NS_SS1003    (2)    1 :  0.677 0.213 0.110 
 51 NS_SS0976    (0)    1 :  0.201 0.334 0.465 
 52 NS_SS0964   (10)    1 :  0.423 0.455 0.122 
 53 NS_SS0939    (4)    1 :  0.738 0.162 0.100 
 54 NS_SS0990    (6)    1 :  0.489 0.177 0.334 
 55 NS_SS0984    (2)    1 :  0.468 0.422 0.110 
 56 NS_SS0980    (9)    1 :  0.120 0.710 0.170 
 57 NS_SS0978    (4)    1 :  0.209 0.550 0.241 
 58 NS_SS0951   (17)    1 :  0.513 0.162 0.325 
 59 NS_SS0913    (3)    1 :  0.558 0.263 0.179 
 60 NS_SS1002    (1)    1 :  0.227 0.614 0.159 
 61 NS_SS0948    (1)    1 :  0.358 0.309 0.333 
 62 NS_SS0916    (4)    1 :  0.277 0.291 0.432 
 63 NS_SS0995    (1)    1 :  0.449 0.311 0.241 
 64 NS_SS0927    (6)    1 :  0.183 0.294 0.522 
 65 NS_SS0992    (5)    1 :  0.136 0.466 0.399 
 66 NS_SS0912    (1)    1 :  0.602 0.125 0.273 
 67 NS_SS0981    (1)    1 :  0.531 0.289 0.180 
 68 NS_SS0729    (5)    2 :  0.068 0.340 0.592 
 69 NS_SS0967   (14)    2 :  0.255 0.481 0.264 
 70 NS_SS0941    (7)    2 :  0.319 0.433 0.248 
 71 NS_SS0768   (12)    2 :  0.429 0.349 0.222 
 72 NS_SS0726    (4)    2 :  0.096 0.405 0.498 
 73 NS_SS0763    (4)    2 :  0.150 0.291 0.559 
 74 NS_SS0730    (6)    2 :  0.547 0.282 0.171 
 75 NS_SS0774    (1)    2 :  0.214 0.644 0.141 
 76 NS_SS0723    (3)    2 :  0.347 0.531 0.123 
 77 NS_SS0940    (9)    2 :  0.373 0.245 0.382 
 78 NS_SS0762    (1)    2 :  0.457 0.449 0.094 
 79 NS_SS0766   (11)    2 :  0.438 0.251 0.311 
 80 NS_SS0724    (1)    2 :  0.442 0.410 0.149 
 81 NS_SS0769    (3)    2 :  0.416 0.264 0.320 
 82 NS_SS0777    (2)    2 :  0.400 0.246 0.354 
 83 NS_SS0734    (6)    2 :  0.477 0.197 0.326 
 84 NS_SS0737    (3)    2 :  0.282 0.591 0.128 
 85 NS_SS0732    (5)    2 :  0.638 0.216 0.145 
 86 NS_SS0728    (5)    2 :  0.288 0.440 0.273 
 87 NS_SS0735    (9)    2 :  0.237 0.598 0.165 
 88 NS_SS0725    (1)    2 :  0.296 0.546 0.158 
 89 NS_SS0788    (2)    2 :  0.324 0.342 0.334 
 90 NS_SS0778    (2)    2 :  0.384 0.184 0.432 
 91 NS_SS0792    (6)    2 :  0.377 0.198 0.425 
 92 NS_SS0943   (11)    2 :  0.216 0.326 0.458 
 93 NS_SS0791    (2)    2 :  0.407 0.197 0.396 
 94 NS_SS0790    (5)    2 :  0.532 0.401 0.067 
 95 NS_SS0731    (6)    2 :  0.645 0.219 0.137 
 96 NS_SS0727    (6)    2 :  0.109 0.412 0.479 
 97 NS_SS0779   (12)    2 :  0.391 0.326 0.282 
 98 NS_SS0776    (3)    2 :  0.339 0.433 0.229 
 99 NS_SS0775    (5)    2 :  0.475 0.379 0.146 
100 NS_SS0965    (3)    3 :  0.519 0.288 0.193 
101 NS_SS0754   (13)    3 :  0.344 0.156 0.500 
102 NS_SS0838    (5)    3 :  0.233 0.454 0.313 
103 NS_SS0839    (3)    3 :  0.456 0.432 0.112 
104 NS_SS0832    (4)    3 :  0.445 0.475 0.079 
105 NS_SS0820    (4)    3 :  0.601 0.250 0.149 
106 NS_SS0886    (9)    3 :  0.390 0.184 0.426 
107 NS_SS0748    (5)    3 :  0.302 0.330 0.368 
108 NS_SS0884    (9)    3 :  0.249 0.407 0.344 
109 NS_SS0752    (3)    3 :  0.197 0.574 0.228 
110 NS_SS0862    (1)    3 :  0.633 0.249 0.118 
111 NS_SS0787    (9)    3 :  0.150 0.110 0.740 
112 NS_SS0843    (6)    3 :  0.263 0.476 0.261 
113 NS_SS0856    (4)    3 :  0.336 0.353 0.310 
114 NS_SS0846    (2)    3 :  0.105 0.515 0.381 
115 NS_SS0825    (1)    3 :  0.364 0.298 0.338 
116 NS_SS0757    (3)    3 :  0.297 0.311 0.392 
117 NS_SS0876    (3)    3 :  0.258 0.522 0.220 
118 NS_SS0903    (9)    3 :  0.162 0.698 0.140 
119 NS_SS0875    (7)    3 :  0.622 0.164 0.213 
120 NS_SS0740    (5)    3 :  0.237 0.484 0.279 
121 NS_SS0811    (5)    3 :  0.705 0.185 0.110 
122 NS_SS0751    (1)    3 :  0.448 0.324 0.228 
123 NS_SS0891    (6)    3 :  0.362 0.392 0.246 
124 NS_SS0867    (2)    3 :  0.227 0.401 0.373 
125 NS_SS0890    (6)    3 :  0.308 0.356 0.336 
126 NS_SS0866   (11)    3 :  0.142 0.160 0.698 
127 NS_SS0755    (4)    3 :  0.431 0.261 0.309 
128 NS_SS0758    (4)    3 :  0.205 0.511 0.284 
129 NS_SS0840    (2)    3 :  0.424 0.474 0.102 
130 NS_SS0889    (4)    3 :  0.348 0.148 0.504 
131 NS_SS1010    (1)    3 :  0.374 0.309 0.316 
132 NS_SS0888    (5)    3 :  0.156 0.185 0.659 
133 NS_SS0837    (3)    3 :  0.530 0.339 0.131 
134 NS_SS0794    (9)    3 :  0.189 0.278 0.533 
135 NS_SS0823    (4)    3 :  0.176 0.705 0.119 
136 NS_SS0829    (7)    3 :  0.243 0.128 0.629 
137 NS_SS0844    (5)    3 :  0.226 0.636 0.138 
138 NS_SS1008    (5)    3 :  0.254 0.317 0.430 
139 NS_SS0881    (3)    3 :  0.492 0.168 0.340 
140 NS_SS0834    (6)    3 :  0.195 0.664 0.141 
141 NS_SS0744   (10)    3 :  0.262 0.377 0.361 
142 NS_SS0899    (7)    3 :  0.681 0.224 0.095 
143 NS_SS0804    (4)    3 :  0.502 0.400 0.098 
144 NS_SS0781   (10)    3 :  0.378 0.504 0.118 
145 NS_SS0822    (6)    3 :  0.167 0.526 0.307 
146 NS_SS1004    (4)    3 :  0.282 0.478 0.241 
147 NS_SS0746    (5)    3 :  0.169 0.560 0.272 
148 NS_SS0880    (3)    3 :  0.254 0.558 0.187 
149 NS_SS0879    (4)    3 :  0.338 0.483 0.178 
150 NS_SS0753    (2)    3 :  0.349 0.211 0.440 
151 NS_SS1007    (2)    3 :  0.284 0.390 0.326 
152 NS_SS0872    (5)    3 :  0.335 0.498 0.167 
153 NS_SS1005    (7)    3 :  0.214 0.610 0.176 
154 NS_SS0892    (6)    3 :  0.358 0.333 0.308 
155 NS_SS0898    (0)    3 :  0.429 0.210 0.361 
156 NS_SS0801    (9)    3 :  0.471 0.291 0.238 
157 NS_SS0827    (8)    3 :  0.647 0.090 0.264 
158 NS_SS0853    (6)    3 :  0.618 0.109 0.273 
159 NS_SS0780    (2)    3 :  0.529 0.295 0.176 
160 NS_SS0826   (10)    3 :  0.278 0.446 0.276 
161 NS_SS0818    (5)    3 :  0.551 0.349 0.101 
162 NS_SS0745    (1)    3 :  0.734 0.193 0.073 
163 NS_SS0849    (3)    3 :  0.692 0.128 0.180 
164 NS_SS0739    (3)    3 :  0.544 0.172 0.284 
165 NS_SS0799    (1)    3 :  0.206 0.312 0.482 
166 NS_SS0756    (2)    3 :  0.429 0.463 0.108 
167 NS_SS0802    (2)    3 :  0.181 0.396 0.423 
168 NS_SS0747    (6)    3 :  0.208 0.466 0.326 
169 NS_SS0835    (1)    3 :  0.119 0.152 0.729 
170 NS_SS0742   (18)    3 :  0.349 0.395 0.256 
171 NS_SS0760    (9)    3 :  0.182 0.229 0.589 
172 NS_SS0803    (4)    3 :  0.123 0.777 0.101 
173 NS_SS0828   (13)    3 :  0.554 0.169 0.277 
174 NS_SS0865    (2)    3 :  0.447 0.233 0.320 
175 NS_SS0759    (4)    3 :  0.525 0.358 0.117 
176 NS_SS0851    (5)    3 :  0.776 0.125 0.099 
177 NS_SS0874   (16)    3 :  0.176 0.683 0.141 
178 NS_SS0761    (6)    3 :  0.268 0.160 0.571 
179 NS_SS0842   (25)    3 :  0.318 0.252 0.430 
180 NS_SS0785    (6)    3 :  0.242 0.328 0.430 
181 NS_SS0860   (11)    3 :  0.125 0.141 0.734 
182 NS_SS0897    (7)    3 :  0.180 0.126 0.694 
183 NS_SS0841   (14)    3 :  0.563 0.320 0.117 
184 NS_SS0797    (6)    3 :  0.466 0.151 0.384 
185 NS_SS0830   (10)    3 :  0.488 0.245 0.267 
186 NS_SS1011    (5)    3 :  0.320 0.524 0.156 
187 NS_SS0883    (5)    3 :  0.448 0.176 0.376 
188 NS_SS0782    (2)    3 :  0.247 0.418 0.334 
189 NS_SS0831    (5)    3 :  0.350 0.123 0.527 
190 NS_SS0749    (7)    3 :  0.455 0.207 0.338 
191 NS_SS0854    (2)    3 :  0.157 0.452 0.391 
192 HI_SS0193    (0)    4 :  0.324 0.275 0.400 
193 HI_SS0194    (0)    4 :  0.223 0.620 0.157 
194 HI_SS0195    (9)    4 :  0.701 0.198 0.101 
195 HI_SS0196    (6)    4 :  0.196 0.510 0.295 
196 HI_SS0197    (3)    4 :  0.287 0.404 0.309 
197 HI_SS0198    (1)    4 :  0.430 0.183 0.387 
198 HI_SS0199    (1)    4 :  0.159 0.337 0.504 
199 HI_SS0201    (4)    4 :  0.167 0.171 0.661 
200 HI_SS0215    (1)    4 :  0.201 0.136 0.663 
201 HI_SS0218    (1)    4 :  0.199 0.116 0.685 
202 HI_SS0222    (0)    4 :  0.541 0.217 0.242 
203 HI_SS0230    (1)    4 :  0.555 0.211 0.233 
204 HI_SS0234    (1)    4 :  0.105 0.579 0.317 
205 HI_SS0240    (1)    4 :  0.332 0.391 0.277 
206 HI_SS0241    (0)    4 :  0.190 0.190 0.620 
207 HI_SS0242    (0)    4 :  0.288 0.366 0.345 
208 HI_SS0247    (0)    4 :  0.278 0.519 0.203 
209 HI_SS0248    (1)    4 :  0.097 0.436 0.467 
210 HI_SS0252    (2)    4 :  0.257 0.571 0.172 
211 HI_SS0254    (1)    4 :  0.266 0.296 0.438 
212 HI_SS0256    (0)    4 :  0.314 0.628 0.057 
213 HI_SS0257    (0)    4 :  0.079 0.390 0.531 
214 HI_SS0258    (1)    4 :  0.293 0.179 0.528 
215 HI_SS0259    (1)    4 :  0.345 0.440 0.215 
216 HI_SS0260    (1)    4 :  0.179 0.271 0.550 
217 HI_SS0261    (2)    4 :  0.186 0.427 0.388 
218 HI_SS0262    (0)    4 :  0.545 0.226 0.229 
219 HI_SS0264    (1)    4 :  0.643 0.190 0.167 
220 HI_SS0265    (0)    4 :  0.515 0.243 0.242 
221 HI_SS0268    (1)    4 :  0.484 0.145 0.371 
222 HI_SS0269    (1)    4 :  0.075 0.204 0.721 
223 HI_SS0273    (0)    4 :  0.217 0.278 0.504 
224 HI_SS0277    (1)    4 :  0.423 0.306 0.271 
225 HI_SS0280    (0)    4 :  0.616 0.164 0.220 
226 HI_SS0282    (1)    4 :  0.190 0.423 0.387 
227 HI_SS0286    (1)    4 :  0.427 0.158 0.415 
228 NS_SS1252    (3)    5 :  0.111 0.141 0.749 
229 NS_SS1261    (1)    5 :  0.277 0.367 0.356 
230 NS_SS1225    (9)    5 :  0.155 0.407 0.438 
231 NS_SS1266    (1)    5 :  0.265 0.623 0.112 
232 NS_SS1228    (0)    5 :  0.719 0.128 0.153 
233 NS_SS1255    (2)    5 :  0.175 0.633 0.191 
234 NS_SS1267    (3)    5 :  0.131 0.080 0.789 
235 NS_SS1238    (6)    5 :  0.553 0.180 0.268 
236 NS_SS1233    (8)    5 :  0.410 0.436 0.154 
237 NS_SS1277    (3)    5 :  0.305 0.200 0.495 
238 NS_SS1245    (1)    5 :  0.134 0.555 0.312 
239 NS_SS1240    (4)    5 :  0.097 0.119 0.784 
240 NS_SS1275    (2)    5 :  0.467 0.424 0.109 
241 NS_SS1235    (1)    5 :  0.071 0.759 0.170 
242 NS_SS1263    (1)    5 :  0.201 0.684 0.115 
243 NS_SS1251    (1)    5 :  0.225 0.598 0.177 
244 NS_SS1248    (0)    5 :  0.772 0.074 0.154 
245 NS_SS1244    (0)    5 :  0.261 0.405 0.334 
246 NS_SS1257    (0)    5 :  0.216 0.206 0.578 
247 NS_SS1242    (2)    5 :  0.370 0.498 0.132 
248 NS_SS1271    (6)    5 :  0.157 0.111 0.732 
249 NS_SS1265    (1)    5 :  0.187 0.234 0.579 
250 NS_SS1243    (0)    5 :  0.540 0.289 0.171 
251 NS_SS1273    (1)    5 :  0.535 0.347 0.118 
252 NS_SS1254   (14)    5 :  0.290 0.533 0.176 
253 NS_SS1224    (1)    5 :  0.545 0.329 0.126 
254 NS_SS1227    (8)    5 :  0.158 0.205 0.638 
255 NS_SS1274    (8)    5 :  0.235 0.303 0.462 
256 NS_SS1241    (1)    5 :  0.176 0.396 0.428 
257 NS_SS1256    (3)    5 :  0.160 0.470 0.371 
258 NS_SS1260    (8)    5 :  0.135 0.227 0.638 
259 NS_SS1262    (0)    5 :  0.289 0.260 0.451 
260 NS_SS1230    (0)    5 :  0.265 0.355 0.380 
261 NS_SS1270    (2)    5 :  0.529 0.306 0.164 
262 NS_SS1229    (2)    5 :  0.070 0.762 0.168 
263 NS_SS1246    (5)    5 :  0.127 0.298 0.574 
264 NS_SS1269    (0)    5 :  0.449 0.301 0.250 
265 NS_SS1239    (1)    5 :  0.450 0.378 0.172 
266 NS_SS1272    (4)    5 :  0.285 0.392 0.323 
267 NS_SS1268    (1)    5 :  0.626 0.243 0.131 
268 NS_SS1249    (0)    5 :  0.096 0.252 0.652 
269 HI_SS0559    (0)    6 :  0.349 0.350 0.301 
270 HI_SS0563    (1)    6 :  0.339 0.347 0.314 
271 HI_SS0564    (0)    6 :  0.372 0.371 0.257 
272 HI_SS0565    (0)    6 :  0.202 0.342 0.456 
273 HI_SS0569    (0)    6 :  0.254 0.199 0.547 
274 HI_SS0570    (0)    6 :  0.232 0.150 0.618 
275 HI_SS0572    (1)    6 :  0.137 0.696 0.167 
276 HI_SS0576    (0)    6 :  0.650 0.200 0.150 
277 HI_SS0579    (1)    6 :  0.138 0.532 0.330 
278 HI_SS0580    (1)    6 :  0.272 0.263 0.465 
279 HI_SS0581    (0)    6 :  0.592 0.269 0.139 
280 HI_SS0583    (1)    6 :  0.107 0.319 0.574 
281 HI_SS0586    (1)    6 :  0.293 0.073 0.634 
282 HI_SS0588    (1)    6 :  0.192 0.313 0.495 
283 HI_SS0595    (4)    6 :  0.227 0.210 0.562 
284 HI_SS0596    (0)    6 :  0.247 0.628 0.126 
285 HI_SS0597    (1)    6 :  0.165 0.667 0.168 
286 HI_SS0600    (0)    6 :  0.297 0.201 0.503 
287 HI_SS0601    (1)    6 :  0.260 0.309 0.431 
288 HI_SS0602    (1)    6 :  0.444 0.128 0.428 
289 HI_SS0604    (0)    6 :  0.309 0.425 0.266 
290 HI_SS0605    (1)    6 :  0.391 0.225 0.384 
291 HI_SS0608    (0)    6 :  0.545 0.182 0.273 
292 HI_SS0609    (0)    6 :  0.213 0.649 0.139 
293 HI_SS0611    (5)    6 :  0.278 0.128 0.594 
294 HI_SS0612    (1)    6 :  0.091 0.664 0.244 
295 HI_SS0613    (1)    6 :  0.592 0.150 0.258 
296 HI_SS0615    (0)    6 :  0.436 0.444 0.119 
297 HI_SS0001    (1)    6 :  0.169 0.418 0.413 
298 HI_SS0002    (1)    6 :  0.288 0.551 0.161 
299 HI_SS0004    (0)    6 :  0.304 0.215 0.482 
300 HI_SS0005    (1)    6 :  0.728 0.094 0.178 
301 HI_SS0006    (1)    6 :  0.120 0.446 0.434 
302 HI_SS0007    (1)    6 :  0.567 0.107 0.326 
303 HI_SS0008    (0)    6 :  0.464 0.282 0.254 
304 HI_SS0009    (0)    6 :  0.549 0.326 0.125 
305 HI_SS0010    (1)    6 :  0.508 0.160 0.332 
306 HI_SS0011    (1)    6 :  0.417 0.407 0.176 
307 HI_SS0012    (0)    6 :  0.344 0.476 0.180 
308 HI_SS0017    (1)    6 :  0.257 0.596 0.147 
309 HI_SS0021    (1)    6 :  0.372 0.146 0.481 
310 HI_SS0024    (1)    6 :  0.532 0.293 0.175 
311 HI_SS0025    (1)    6 :  0.428 0.421 0.151 
312 HI_SS0027    (0)    6 :  0.297 0.268 0.435 
313 HI_SS0028    (0)    6 :  0.772 0.135 0.093 
314 HI_SS0029    (1)    6 :  0.455 0.240 0.305 
315 HI_SS0030    (2)    6 :  0.282 0.328 0.390 
316 HI_SS0031    (0)    6 :  0.247 0.406 0.348 
317 HI_SS0034    (0)    6 :  0.103 0.361 0.536 
318 HI_SS0036    (0)    6 :  0.323 0.084 0.593 
319 HI_SS0037    (1)    6 :  0.220 0.124 0.656 
320 HI_SS0039    (0)    6 :  0.553 0.091 0.356 
321 HI_SS0041    (1)    6 :  0.618 0.234 0.148 
322 HI_SS0042    (1)    6 :  0.437 0.416 0.147 
323 HI_SS0043    (1)    6 :  0.147 0.125 0.728 
324 HI_SS0044    (1)    6 :  0.245 0.342 0.413 
325 HI_SS0047    (1)    6 :  0.355 0.487 0.158 
326 HI_SS0049    (0)    6 :  0.238 0.588 0.174 
327 HI_SS0051    (1)    6 :  0.494 0.252 0.254 
328 HI_SS0053    (1)    6 :  0.133 0.220 0.647 
329 HI_SS0054    (4)    6 :  0.260 0.238 0.501 
330 HI_SS0057    (0)    6 :  0.574 0.241 0.185 
331 HI_SS0058    (0)    6 :  0.219 0.330 0.451 
332 HI_SS0060    (0)    6 :  0.572 0.217 0.211 
333 HI_SS0087    (1)    6 :  0.155 0.496 0.350 
334 HI_SS0091    (0)    6 :  0.082 0.181 0.737 
335 HI_SS0095    (1)    6 :  0.213 0.397 0.390 
336 HI_SS0097    (3)    6 :  0.173 0.616 0.211 
337 HI_SS0099    (0)    6 :  0.533 0.242 0.224 
338 HI_SS0103    (0)    6 :  0.151 0.598 0.251 
339 HI_SS0105    (1)    6 :  0.358 0.323 0.319 
340 HI_SS0107    (1)    6 :  0.142 0.762 0.096 
341 HI_SS0108    (1)    6 :  0.116 0.110 0.774 
342 HI_SS0110    (0)    6 :  0.166 0.420 0.414 
343 HI_SS0111    (1)    6 :  0.452 0.247 0.301 
344 HI_SS0112    (0)    6 :  0.148 0.130 0.722 
345 HI_SS0113    (1)    6 :  0.349 0.520 0.131 
346 HI_SS0114    (1)    6 :  0.356 0.147 0.496 
347 HI_SS0115    (1)    6 :  0.245 0.445 0.310 
348 HI_SS0116    (4)    6 :  0.153 0.284 0.564 
349 HI_SS0117    (0)    6 :  0.147 0.378 0.474 
350 HI_SS0118    (0)    6 :  0.158 0.313 0.529 
351 HI_SS0119    (1)    6 :  0.237 0.286 0.477 
352 HI_SS0120    (1)    6 :  0.188 0.688 0.124 
353 HI_SS0121    (1)    6 :  0.694 0.180 0.127 
354 HI_SS0122    (2)    6 :  0.401 0.227 0.373 
355 HI_SS0123    (0)    6 :  0.159 0.559 0.282 
356 HI_SS0124    (1)    6 :  0.461 0.432 0.106 
357 HI_SS0125    (1)    6 :  0.690 0.194 0.117 
358 HI_SS0126    (0)    6 :  0.174 0.203 0.623 
359 HI_SS0127    (0)    6 :  0.581 0.183 0.236 
360 HI_SS0128    (0)    6 :  0.182 0.574 0.245 
361 HI_SS0129    (1)    6 :  0.235 0.252 0.513 
362 HI_SS0131    (2)    6 :  0.440 0.132 0.427 
363 HI_SS0132    (0)    6 :  0.497 0.210 0.293 
364 HI_SS0133    (1)    6 :  0.154 0.113 0.733 
365 HI_SS0134    (1)    6 :  0.206 0.434 0.360 
366 HI_SS0142    (3)    6 :  0.348 0.358 0.294 
367 HI_SS0145    (0)    6 :  0.136 0.574 0.291 
368 HI_SS0146    (1)    6 :  0.290 0.285 0.425 
369 HI_SS0147    (1)    6 :  0.581 0.284 0.135 
370 HI_SS0149    (1)    6 :  0.325 0.315 0.359 
371 HI_SS0150    (2)    6 :  0.606 0.256 0.139 
372 HI_SS0151    (0)    6 :  0.183 0.516 0.301 
373 NS_SS1451    (1)    6 :  0.594 0.300 0.106 
374 NS_SS1404    (0)    6 :  0.660 0.149 0.190 
375 NS_SS1432    (2)    6 :  0.495 0.325 0.180 
376 NS_SS1405    (4)    6 :  0.406 0.342 0.252 
377 NS_SS1431   (10)    6 :  0.447 0.426 0.127 
378 NS_SS1402    (3)    6 :  0.160 0.393 0.447 
379 NS_SS1450    (3)    6 :  0.269 0.300 0.431 
380 NS_SS1396    (0)    6 :  0.413 0.308 0.280 
381 NS_SS1393    (5)    6 :  0.281 0.210 0.509 
382 NS_SS1392   (10)    6 :  0.550 0.273 0.177 
383 NS_SS1445    (0)    6 :  0.241 0.167 0.592 
384 NS_SS1423    (0)    6 :  0.149 0.403 0.449 
385 NS_SS1421    (9)    6 :  0.212 0.375 0.412 
386 NS_SS1411    (6)    6 :  0.496 0.119 0.385 
387 NS_SS1453    (5)    6 :  0.286 0.202 0.512 
388 NS_SS1442    (2)    6 :  0.281 0.489 0.230 
389 NS_SS1422    (1)    6 :  0.129 0.643 0.228 
390 NS_SS1419    (1)    6 :  0.465 0.329 0.206 
391 NS_SS1427    (0)    6 :  0.110 0.198 0.691 
392 NS_SS1444    (3)    6 :  0.545 0.262 0.192 
393 NS_SS1455    (0)    6 :  0.208 0.683 0.109 
394 NS_SS1425    (2)    6 :  0.163 0.161 0.676 
395 NS_SS1400    (0)    6 :  0.278 0.246 0.476 
396 NS_SS1406    (1)    6 :  0.234 0.638 0.128 
397 NS_SS1417    (6)    6 :  0.280 0.346 0.374 
398 NS_SS1454    (2)    6 :  0.378 0.179 0.443 
399 NS_SS1412    (1)    6 :  0.302 0.281 0.417 
400 NS_SS1438    (1)    6 :  0.230 0.158 0.612 
401 NS_SS1416    (4)    6 :  0.458 0.260 0.282 
402 NS_SS1401    (0)    6 :  0.183 0.355 0.462 
403 NS_SS1424    (6)    6 :  0.295 0.301 0.403 
404 NS_SS1435    (9)    6 :  0.585 0.188 0.227 
405 NS_SS1447    (4)    6 :  0.390 0.444 0.165 
406 NS_SS1414    (3)    6 :  0.559 0.291 0.150 
407 NS_SS1449   (14)    6 :  0.181 0.574 0.245 
408 NS_SS1443    (4)    6 :  0.073 0.433 0.494 
409 NS_SS1434    (1)    6 :  0.093 0.674 0.233 
410 NS_SS1398    (1)    6 :  0.453 0.328 0.219 
411 NS_SS1426    (1)    6 :  0.163 0.165 0.672 
412 NS_SS1413    (0)    6 :  0.144 0.379 0.477 
413 NS_SS1395    (1)    6 :  0.148 0.305 0.546 
414 NS_SS1448   (10)    6 :  0.529 0.174 0.296 
415 NS_SS1446    (0)    6 :  0.157 0.257 0.586 
416 NS_SS1403    (2)    6 :  0.334 0.371 0.295 
417 NS_SS1415    (0)    6 :  0.264 0.210 0.526 
418 NS_SS1437    (4)    6 :  0.463 0.304 0.233 
419 NS_SS1439    (2)    6 :  0.159 0.518 0.323 
420 NS_SS1441    (3)    6 :  0.154 0.298 0.548 
421 NS_SS1420    (2)    6 :  0.775 0.118 0.107 
422 NS_SS1394    (2)    6 :  0.698 0.170 0.132 
423 NS_SS1391    (7)    6 :  0.128 0.411 0.462 
424 NS_SS1410    (5)    6 :  0.238 0.294 0.468 
425 NS_SS1408    (1)    6 :  0.445 0.319 0.236 
426 NS_SS1409    (1)    6 :  0.129 0.479 0.392 
427 HI_SS0617    (1)    7 :  0.210 0.353 0.438 
428 HI_SS0618    (2)    7 :  0.493 0.320 0.186 
429 HI_SS0619    (0)    7 :  0.387 0.288 0.326 
430 HI_SS0620    (1)    7 :  0.227 0.145 0.629 
431 HI_SS0621    (3)    7 :  0.355 0.422 0.223 
432 HI_SS0622    (1)    7 :  0.333 0.426 0.241 
433 HI_SS0626    (0)    7 :  0.682 0.095 0.223 
434 HI_SS0627    (0)    7 :  0.359 0.417 0.224 
435 HI_SS0628    (3)    7 :  0.408 0.130 0.461 
436 HI_SS0629    (1)    7 :  0.373 0.196 0.431 
437 HI_SS0630    (1)    7 :  0.330 0.245 0.425 
438 HI_SS0631    (0)    7 :  0.455 0.167 0.378 
439 HI_SS0632    (0)    7 :  0.531 0.237 0.233 
440 HI_SS0633    (0)    7 :  0.200 0.594 0.206 
441 HI_SS0634    (1)    7 :  0.517 0.196 0.287 
442 HI_SS0635    (0)    7 :  0.622 0.214 0.165 
443 HI_SS0637    (1)    7 :  0.363 0.323 0.314 
444 HI_SS0638    (0)    7 :  0.384 0.358 0.258 
445 HI_SS0639    (1)    7 :  0.546 0.287 0.167 
446 HI_SS0640    (1)    7 :  0.321 0.454 0.224 
447 HI_SS0641    (1)    7 :  0.406 0.082 0.512 
448 HI_SS0642    (0)    7 :  0.464 0.360 0.176 
449 HI_SS0645    (0)    7 :  0.739 0.179 0.082 
450 HI_SS0646    (1)    7 :  0.140 0.559 0.301 
451 HI_SS0647    (1)    7 :  0.302 0.459 0.239 
452 HI_SS0648    (0)    7 :  0.459 0.308 0.233 
453 HI_SS0649    (1)    7 :  0.234 0.390 0.376 
454 HI_SS0650    (1)    7 :  0.204 0.603 0.193 
455 HI_SS0651    (1)    7 :  0.302 0.420 0.278 
456 HI_SS0652    (1)    7 :  0.685 0.178 0.137 
457 NS_SS1371    (3)    7 :  0.128 0.318 0.554 
458 NS_SS1374    (0)    7 :  0.381 0.116 0.503 
459 NS_SS1337    (3)    7 :  0.571 0.292 0.138 
460 NS_SS1385    (5)    7 :  0.157 0.581 0.261 
461 NS_SS1388    (0)    7 :  0.426 0.244 0.330 
462 NS_SS1370    (1)    7 :  0.797 0.103 0.100 
463 NS_SS1389    (3)    7 :  0.593 0.233 0.174 
464 NS_SS1360    (1)    7 :  0.399 0.191 0.409 
465 NS_SS1330    (0)    7 :  0.502 0.372 0.126 
466 NS_SS1328    (8)    7 :  0.136 0.416 0.449 
467 NS_SS1384    (1)    7 :  0.294 0.275 0.430 
468 NS_SS1381    (0)    7 :  0.158 0.747 0.095 
469 NS_SS1375    (1)    7 :  0.625 0.202 0.173 
470 NS_SS1319   (10)    7 :  0.416 0.220 0.364 
471 NS_SS1326    (2)    7 :  0.180 0.198 0.621 
472 NS_SS1341    (1)    7 :  0.177 0.293 0.530 
473 NS_SS1383    (1)    7 :  0.494 0.183 0.323 
474 NS_SS1318    (3)    7 :  0.415 0.344 0.241 
475 NS_SS1348    (2)    7 :  0.154 0.186 0.660 
476 NS_SS1363    (0)    7 :  0.457 0.363 0.180 
477 NS_SS1335    (4)    7 :  0.317 0.227 0.457 
478 NS_SS1358    (0)    7 :  0.153 0.408 0.440 
479 NS_SS1342    (1)    7 :  0.107 0.417 0.476 
480 NS_SS1320    (2)    7 :  0.143 0.795 0.061 
481 NS_SS1355    (1)    7 :  0.215 0.605 0.180 
482 NS_SS1345    (1)    7 :  0.189 0.720 0.091 
483 NS_SS1324    (0)    7 :  0.329 0.201 0.470 
484 NS_SS1347    (5)    7 :  0.230 0.424 0.346 
485 NS_SS1321    (4)    7 :  0.265 0.165 0.570 
486 NS_SS1333    (0)    7 :  0.329 0.108 0.564 
487 NS_SS1364    (1)    7 :  0.159 0.468 0.373 
488 NS_SS1379    (0)    7 :  0.229 0.565 0.206 
489 NS_SS1332    (0)    7 :  0.244 0.127 0.629 
490 NS_SS1338    (5)    7 :  0.446 0.138 0.416 
491 NS_SS1368    (6)    7 :  0.177 0.308 0.515 
492 NS_SS1354    (1)    7 :  0.277 0.430 0.293 
493 NS_SS1365    (0)    7 :  0.510 0.331 0.160 
494 NS_SS1380    (1)    7 :  0.369 0.475 0.156 
495 NS_SS1329    (8)    7 :  0.099 0.473 0.428 
496 NS_SS1362    (0)    7 :  0.199 0.468 0.333 
497 NS_SS1327    (2)    7 :  0.107 0.068 0.825 
498 NS_SS1350    (0)    7 :  0.123 0.409 0.469 
499 NS_SS1387    (2)    7 :  0.635 0.148 0.217 
500 NS_SS1369    (8)    7 :  0.232 0.290 0.478 
501 NS_SS1331    (1)    7 :  0.609 0.122 0.268 
502 NS_SS1357    (4)    7 :  0.102 0.532 0.366 
503 NS_SS1386    (1)    7 :  0.096 0.165 0.739 
504 NS_SS1353    (2)    7 :  0.232 0.527 0.241 
505 NS_SS1323    (0)    7 :  0.310 0.558 0.132 
506 HI_SS0296    (0)    8 :  0.354 0.223 0.423 
507 HI_SS0297    (0)    8 :  0.331 0.422 0.247 
508 HI_SS0299    (0)    8 :  0.260 0.368 0.372 
509 HI_SS0300    (0)    8 :  0.334 0.386 0.280 
510 HI_SS0301    (0)    8 :  0.692 0.143 0.165 
511 HI_SS0302    (0)    8 :  0.472 0.148 0.381 
512 HI_SS0303    (0)    8 :  0.124 0.373 0.503 
513 HI_SS0304    (0)    8 :  0.584 0.218 0.198 
514 HI_SS0306    (5)    8 :  0.374 0.142 0.483 
515 HI_SS0307    (1)    8 :  0.435 0.385 0.180 
516 HI_SS0308    (1)    8 :  0.520 0.266 0.214 
517 HI_SS0309    (0)    8 :  0.242 0.531 0.227 
518 HI_SS0310    (0)    8 :  0.399 0.371 0.230 
519 HI_SS0311    (3)    8 :  0.554 0.208 0.237 
520 HI_SS0314    (0)    8 :  0.269 0.465 0.266 
521 HI_SS0316    (1)    8 :  0.238 0.294 0.468 
522 HI_SS0317    (3)    8 :  0.533 0.194 0.273 
523 HI_SS0318    (1)    8 :  0.193 0.151 0.656 
524 HI_SS0319    (0)    8 :  0.086 0.150 0.764 
525 HI_SS0320    (3)    8 :  0.630 0.204 0.166 
526 HI_SS0321    (0)    8 :  0.198 0.291 0.511 
527 HI_SS0323    (1)    8 :  0.342 0.154 0.504 
528 HI_SS0325    (2)    8 :  0.445 0.151 0.404 
529 HI_SS0327    (1)    8 :  0.062 0.459 0.479 
530 HI_SS0329    (1)    8 :  0.591 0.203 0.206 
531 HI_SS0333    (1)    8 :  0.311 0.322 0.367 
532 HI_SS0334    (1)    8 :  0.166 0.268 0.566 
533 HI_SS0335    (1)    8 :  0.232 0.629 0.139 
534 HI_SS0339    (0)    8 :  0.352 0.496 0.152 
535 HI_SS0343    (2)    8 :  0.146 0.703 0.151 
536 HI_SS0344    (1)    8 :  0.096 0.117 0.787 
537 HI_SS0345    (3)    8 :  0.443 0.339 0.218 
538 HI_SS0346    (0)    8 :  0.462 0.175 0.363 
539 HI_SS0350    (1)    8 :  0.264 0.642 0.094 
540 HI_SS0351    (0)    8 :  0.163 0.575 0.262 
541 HI_SS0352    (3)    8 :  0.288 0.534 0.178 
542 HI_SS0362    (0)    8 :  0.668 0.120 0.213 
543 HI_SS0363    (1)    8 :  0.110 0.320 0.570 
544 HI_SS0365    (0)    8 :  0.145 0.351 0.503 
545 HI_SS0366    (0)    8 :  0.127 0.175 0.698 
546 HI_SS0367    (1)    8 :  0.315 0.510 0.175 
547 HI_SS0369    (1)    8 :  0.552 0.314 0.135 
548 HI_SS0370    (0)    8 :  0.101 0.579 0.320 
549 HI_SS0371    (4)    8 :  0.414 0.121 0.465 
550 HI_SS0373    (3)    8 :  0.445 0.251 0.304 
551 HI_SS0374    (0)    8 :  0.392 0.403 0.204 
552 HI_SS0377    (0)    8 :  0.247 0.336 0.418 
553 HI_SS0379    (1)    8 :  0.085 0.096 0.819 
554 HI_SS0380    (1)    8 :  0.343 0.473 0.184 
555 HI_SS0381    (2)    8 :  0.436 0.425 0.139 
556 HI_SS0384    (3)    8 :  0.281 0.217 0.503 
557 HI_SS0385    (1)    8 :  0.589 0.114 0.296 


Estimated Allele Frequencies in each cluster
First column gives estimated ancestral frequencies


Locus 1 : 
2 alleles
3.4% missing data
   1   (0.737) 0.734 0.746 0.735 
   2   (0.263) 0.266 0.254 0.265 

Locus 2 : 
2 alleles
4.3% missing data
   1   (0.887) 0.894 0.874 0.901 
   2   (0.113) 0.106 0.126 0.099 

Locus 3 : 
2 alleles
3.9% missing data
   1   (0.864) 0.867 0.866 0.869 
   2   (0.136) 0.133 0.134 0.131 

Locus 4 : 
2 alleles
2.7% missing data
   1   (0.890) 0.880 0.903 0.894 
   2   (0.110) 0.120 0.097 0.106 

Locus 5 : 
2 alleles
2.7% missing data
   1   (0.823) 0.833 0.826 0.816 
   2   (0.177) 0.167 0.174 0.184 

Locus 6 : 
2 alleles
3.2% missing data
   1   (0.793) 0.816 0.796 0.771 
   2   (0.207) 0.184 0.204 0.229 

Locus 7 : 
2 alleles
3.8% missing data
   1   (0.806) 0.795 0.825 0.801 
   2   (0.194) 0.205 0.175 0.199 

Locus 8 : 
2 alleles
4.8% missing data
   1   (0.705) 0.722 0.700 0.699 
   2   (0.295) 0.278 0.300 0.301 

Locus 9 : 
2 alleles
3.1% missing data
   1   (0.793) 0.811 0.799 0.774 
   2   (0.207) 0.189 0.201 0.226 

Locus 10 : 
2 alleles
4.7% missing data
   1   (0.891) 0.892 0.904 0.884 
   2   (0.109) 0.108 0.096 0.116 

Locus 11 : 
2 alleles
3.2% missing data
   1   (0.865) 0.861 0.888 0.848 
   2   (0.135) 0.139 0.112 0.152 

Locus 12 : 
2 alleles
4.8% missing data
   1   (0.731) 0.744 0.718 0.738 
   2   (0.269) 0.256 0.282 0.262 

Locus 13 : 
2 alleles
4.7% missing data
   1   (0.888) 0.892 0.897 0.883 
   2   (0.112) 0.108 0.103 0.117 

Locus 14 : 
2 alleles
3.9% missing data
   1   (0.878) 0.878 0.890 0.873 
   2   (0.122) 0.122 0.110 0.127 

Locus 15 : 
2 alleles
3.9% missing data
   1   (0.505) 0.505 0.496 0.516 
   2   (0.495) 0.495 0.504 0.484 

Locus 16 : 
2 alleles
4.3% missing data
   1   (0.607) 0.647 0.600 0.576 
   2   (0.393) 0.353 0.400 0.424 

Locus 17 : 
2 alleles
4.1% missing data
   1   (0.774) 0.786 0.774 0.769 
   2   (0.226) 0.214 0.226 0.231 

Locus 18 : 
2 alleles
2.3% missing data
   1   (0.896) 0.900 0.885 0.912 
   2   (0.104) 0.100 0.115 0.088 

Locus 19 : 
2 alleles
4.3% missing data
   1   (0.711) 0.729 0.708 0.701 
   2   (0.289) 0.271 0.292 0.299 

Locus 20 : 
2 alleles
3.2% missing data
   1   (0.884) 0.900 0.872 0.889 
   2   (0.116) 0.100 0.128 0.111 

Locus 21 : 
2 alleles
3.4% missing data
   1   (0.559) 0.562 0.596 0.513 
   2   (0.441) 0.438 0.404 0.487 

Locus 22 : 
2 alleles
4.8% missing data
   1   (0.856) 0.859 0.863 0.854 
   2   (0.144) 0.141 0.137 0.146 

Locus 23 : 
2 alleles
4.3% missing data
   1   (0.883) 0.884 0.888 0.884 
   2   (0.117) 0.116 0.112 0.116 

Locus 24 : 
2 alleles
3.2% missing data
   1   (0.542) 0.562 0.523 0.543 
   2   (0.458) 0.438 0.477 0.457 

Locus 25 : 
2 alleles
4.3% missing data
   2   (0.471) 0.461 0.473 0.480 
   1   (0.529) 0.539 0.527 0.520 

Locus 26 : 
2 alleles
4.3% missing data
   1   (0.841) 0.847 0.828 0.859 
   2   (0.159) 0.153 0.172 0.141 

Locus 27 : 
2 alleles
2.2% missing data
   1   (0.601) 0.599 0.588 0.621 
   2   (0.399) 0.401 0.412 0.379 

Locus 28 : 
2 alleles
4.1% missing data
   1   (0.862) 0.866 0.864 0.866 
   2   (0.138) 0.134 0.136 0.134 

Locus 29 : 
2 alleles
1.8% missing data
   1   (0.882) 0.876 0.895 0.884 
   2   (0.118) 0.124 0.105 0.116 

Locus 30 : 
2 alleles
4.5% missing data
   1   (0.868) 0.873 0.868 0.874 
   2   (0.132) 0.127 0.132 0.126 

Locus 31 : 
2 alleles
4.3% missing data
   1   (0.789) 0.791 0.784 0.801 
   2   (0.211) 0.209 0.216 0.199 

Locus 32 : 
2 alleles
2.0% missing data
   1   (0.736) 0.755 0.723 0.737 
   2   (0.264) 0.245 0.277 0.263 

Locus 33 : 
2 alleles
3.6% missing data
   1   (0.763) 0.769 0.778 0.745 
   2   (0.237) 0.231 0.222 0.255 

Locus 34 : 
2 alleles
3.6% missing data
   1   (0.813) 0.787 0.834 0.823 
   2   (0.187) 0.213 0.166 0.177 

Locus 35 : 
2 alleles
3.8% missing data
   1   (0.869) 0.857 0.870 0.888 
   2   (0.131) 0.143 0.130 0.112 

Locus 36 : 
2 alleles
2.9% missing data
   1   (0.758) 0.761 0.760 0.759 
   2   (0.242) 0.239 0.240 0.241 

Locus 37 : 
2 alleles
2.2% missing data
   1   (0.742) 0.736 0.758 0.737 
   2   (0.258) 0.264 0.242 0.263 

Locus 38 : 
2 alleles
1.4% missing data
   1   (0.872) 0.880 0.892 0.846 
   2   (0.128) 0.120 0.108 0.154 

Locus 39 : 
2 alleles
3.2% missing data
   1   (0.705) 0.683 0.705 0.732 
   2   (0.295) 0.317 0.295 0.268 

Locus 40 : 
2 alleles
3.8% missing data
   1   (0.573) 0.574 0.587 0.557 
   2   (0.427) 0.426 0.413 0.443 

Locus 41 : 
2 alleles
3.4% missing data
   1   (0.882) 0.897 0.877 0.881 
   2   (0.118) 0.103 0.123 0.119 

Locus 42 : 
2 alleles
4.5% missing data
   2   (0.235) 0.219 0.289 0.190 
   1   (0.765) 0.781 0.711 0.810 

Locus 43 : 
2 alleles
2.0% missing data
   1   (0.820) 0.822 0.826 0.819 
   2   (0.180) 0.178 0.174 0.181 

Locus 44 : 
2 alleles
4.7% missing data
   1   (0.583) 0.585 0.591 0.575 
   2   (0.417) 0.415 0.409 0.425 

Locus 45 : 
2 alleles
3.2% missing data
   1   (0.872) 0.887 0.863 0.875 
   2   (0.128) 0.113 0.137 0.125 

Locus 46 : 
2 alleles
2.3% missing data
   1   (0.779) 0.777 0.780 0.786 
   2   (0.221) 0.223 0.220 0.214 

Locus 47 : 
2 alleles
4.5% missing data
   1   (0.887) 0.895 0.884 0.891 
   2   (0.113) 0.105 0.116 0.109 

Locus 48 : 
2 alleles
4.5% missing data
   1   (0.816) 0.809 0.822 0.823 
   2   (0.184) 0.191 0.178 0.177 

Locus 49 : 
2 alleles
4.5% missing data
   1   (0.818) 0.846 0.793 0.824 
   2   (0.182) 0.154 0.207 0.176 

Locus 50 : 
2 alleles
3.4% missing data
   1   (0.659) 0.636 0.686 0.653 
   2   (0.341) 0.364 0.314 0.347 

Locus 51 : 
2 alleles
1.4% missing data
   1   (0.602) 0.582 0.617 0.607 
   2   (0.398) 0.418 0.383 0.393 

Locus 52 : 
2 alleles
4.1% missing data
   1   (0.659) 0.654 0.662 0.663 
   2   (0.341) 0.346 0.338 0.337 

Locus 53 : 
2 alleles
4.5% missing data
   1   (0.852) 0.851 0.868 0.842 
   2   (0.148) 0.149 0.132 0.158 

Locus 54 : 
2 alleles
3.8% missing data
   1   (0.865) 0.873 0.855 0.877 
   2   (0.135) 0.127 0.145 0.123 

Locus 55 : 
2 alleles
3.2% missing data
   1   (0.882) 0.889 0.883 0.882 
   2   (0.118) 0.111 0.117 0.118 

Locus 56 : 
2 alleles
3.2% missing data
   1   (0.798) 0.786 0.808 0.806 
   2   (0.202) 0.214 0.192 0.194 

Locus 57 : 
2 alleles
4.5% missing data
   1   (0.663) 0.643 0.667 0.683 
   2   (0.337) 0.357 0.333 0.317 

Locus 58 : 
2 alleles
4.1% missing data
   1   (0.842) 0.811 0.860 0.856 
   2   (0.158) 0.189 0.140 0.144 

Locus 59 : 
2 alleles
4.8% missing data
   1   (0.819) 0.811 0.809 0.847 
   2   (0.181) 0.189 0.191 0.153 

Locus 60 : 
2 alleles
2.5% missing data
   1   (0.861) 0.859 0.876 0.854 
   2   (0.139) 0.141 0.124 0.146 

Locus 61 : 
2 alleles
3.9% missing data
   1   (0.778) 0.795 0.772 0.775 
   2   (0.222) 0.205 0.228 0.225 

Locus 62 : 
2 alleles
2.0% missing data
   1   (0.842) 0.860 0.853 0.817 
   2   (0.158) 0.140 0.147 0.183 

Locus 63 : 
2 alleles
4.1% missing data
   1   (0.759) 0.754 0.773 0.752 
   2   (0.241) 0.246 0.227 0.248 

Locus 64 : 
2 alleles
3.2% missing data
   1   (0.873) 0.859 0.870 0.896 
   2   (0.127) 0.141 0.130 0.104 

Locus 65 : 
2 alleles
2.7% missing data
   1   (0.870) 0.876 0.868 0.875 
   2   (0.130) 0.124 0.132 0.125 

Locus 66 : 
2 alleles
2.0% missing data
   1   (0.592) 0.562 0.598 0.617 
   2   (0.408) 0.438 0.402 0.383 

Locus 67 : 
2 alleles
4.8% missing data
   1   (0.787) 0.807 0.791 0.769 
   2   (0.213) 0.193 0.209 0.231 

Locus 68 : 
2 alleles
4.5% missing data
   1   (0.729) 0.718 0.752 0.717 
   2   (0.271) 0.282 0.248 0.283 

Locus 69 : 
2 alleles
2.9% missing data
   1   (0.593) 0.572 0.611 0.597 
   2   (0.407) 0.428 0.389 0.403 

Locus 70 : 
2 alleles
4.8% missing data
   1   (0.665) 0.682 0.667 0.648 
   2   (0.335) 0.318 0.333 0.352 

Locus 71 : 
2 alleles
4.1% missing data
   1   (0.820) 0.815 0.803 0.849 
   2   (0.180) 0.185 0.197 0.151 

Locus 72 : 
2 alleles
3.1% missing data
   1   (0.880) 0.889 0.871 0.890 
   2   (0.120) 0.111 0.129 0.110 

Locus 73 : 
2 alleles
4.5% missing data
   1   (0.732) 0.704 0.746 0.749 
   2   (0.268) 0.296 0.254 0.251 

Locus 74 : 
2 alleles
4.3% missing data
   1   (0.671) 0.645 0.677 0.692 
   2   (0.329) 0.355 0.323 0.308 

Locus 75 : 
2 alleles
2.0% missing data
   1   (0.895) 0.911 0.897 0.885 
   2   (0.105) 0.089 0.103 0.115 

Locus 76 : 
2 alleles
4.8% missing data
   2   (0.205) 0.219 0.175 0.222 
   1   (0.795) 0.781 0.825 0.778 

Locus 77 : 
2 alleles
2.0% missing data
   2   (0.268) 0.282 0.249 0.270 
   1   (0.732) 0.718 0.751 0.730 

Locus 78 : 
2 alleles
3.4% missing data
   1   (0.815) 0.839 0.791 0.825 
   2   (0.185) 0.161 0.209 0.175 

Locus 79 : 
2 alleles
4.8% missing data
   2   (0.254) 0.268 0.245 0.244 
   1   (0.746) 0.732 0.755 0.756 

Locus 80 : 
2 alleles
3.6% missing data
   1   (0.690) 0.690 0.667 0.720 
   2   (0.310) 0.310 0.333 0.280 

Locus 81 : 
2 alleles
2.2% missing data
   1   (0.808) 0.804 0.813 0.813 
   2   (0.192) 0.196 0.187 0.187 

Locus 82 : 
2 alleles
3.4% missing data
   1   (0.752) 0.745 0.751 0.767 
   2   (0.248) 0.255 0.249 0.233 

Locus 83 : 
2 alleles
4.8% missing data
   1   (0.700) 0.691 0.685 0.732 
   2   (0.300) 0.309 0.315 0.268 

Locus 84 : 
2 alleles
4.5% missing data
   1   (0.786) 0.766 0.794 0.804 
   2   (0.214) 0.234 0.206 0.196 

Locus 85 : 
2 alleles
3.2% missing data
   1   (0.765) 0.787 0.738 0.778 
   2   (0.235) 0.213 0.262 0.222 

Locus 86 : 
2 alleles
3.6% missing data
   1   (0.735) 0.723 0.765 0.715 
   2   (0.265) 0.277 0.235 0.285 

Locus 87 : 
2 alleles
2.7% missing data
   1   (0.881) 0.886 0.882 0.883 
   2   (0.119) 0.114 0.118 0.117 

Locus 88 : 
2 alleles
4.3% missing data
   1   (0.746) 0.750 0.755 0.736 
   2   (0.254) 0.250 0.245 0.264 

Locus 89 : 
2 alleles
3.9% missing data
   1   (0.773) 0.759 0.783 0.780 
   2   (0.227) 0.241 0.217 0.220 

Locus 90 : 
2 alleles
1.6% missing data
   1   (0.821) 0.805 0.837 0.825 
   2   (0.179) 0.195 0.163 0.175 

Locus 91 : 
2 alleles
4.8% missing data
   1   (0.880) 0.884 0.871 0.895 
   2   (0.120) 0.116 0.129 0.105 

Locus 92 : 
2 alleles
2.9% missing data
   1   (0.616) 0.593 0.635 0.621 
   2   (0.384) 0.407 0.365 0.379 

Locus 93 : 
2 alleles
3.6% missing data
   1   (0.767) 0.769 0.755 0.785 
   2   (0.233) 0.231 0.245 0.215 

Locus 94 : 
2 alleles
3.4% missing data
   1   (0.894) 0.907 0.892 0.892 
   2   (0.106) 0.093 0.108 0.108 

Locus 95 : 
2 alleles
3.9% missing data
   1   (0.667) 0.680 0.668 0.658 
   2   (0.333) 0.320 0.332 0.342 

Locus 96 : 
2 alleles
3.1% missing data
   1   (0.765) 0.755 0.765 0.782 
   2   (0.235) 0.245 0.235 0.218 

Locus 97 : 
2 alleles
0.9% missing data
   1   (0.838) 0.814 0.853 0.851 
   2   (0.162) 0.186 0.147 0.149 

Locus 98 : 
2 alleles
4.8% missing data
   1   (0.881) 0.882 0.893 0.874 
   2   (0.119) 0.118 0.107 0.126 

Locus 99 : 
2 alleles
3.2% missing data
   2   (0.384) 0.370 0.360 0.426 
   1   (0.616) 0.630 0.640 0.574 

Locus 100 : 
2 alleles
4.7% missing data
   1   (0.815) 0.824 0.808 0.820 
   2   (0.185) 0.176 0.192 0.180 

Locus 101 : 
2 alleles
2.3% missing data
   1   (0.786) 0.788 0.796 0.780 
   2   (0.214) 0.212 0.204 0.220 

Locus 102 : 
2 alleles
1.4% missing data
   1   (0.869) 0.873 0.871 0.874 
   2   (0.131) 0.127 0.129 0.126 

Locus 103 : 
2 alleles
3.4% missing data
   1   (0.655) 0.657 0.659 0.651 
   2   (0.345) 0.343 0.341 0.349 

Locus 104 : 
