   NS_SS0963  1 0.2731 0.4773 0.2496 
   NS_SS0983  1 0.1433 0.2083 0.6484 
   NS_SS0719  1 0.4341 0.2038 0.3621 
   NS_SS1001  1 0.4421 0.4159 0.1419 
   NS_SS0936  1 0.1540 0.6630 0.1830 
   NS_SS0955  1 0.1771 0.3444 0.4785 
   NS_SS0944  1 0.2327 0.4507 0.3166 
   NS_SS0945  1 0.2553 0.4335 0.3112 
   NS_SS0922  1 0.5235 0.3433 0.1332 
   NS_SS0929  1 0.2618 0.2728 0.4654 
   NS_SS0956  1 0.6989 0.1797 0.1214 
   NS_SS0906  1 0.2552 0.3716 0.3732 
   NS_SS0721  1 0.5862 0.1600 0.2538 
   NS_SS0982  1 0.3991 0.3622 0.2387 
   NS_SS0923  1 0.4539 0.3164 0.2296 
   NS_SS0905  1 0.4561 0.2457 0.2982 
   NS_SS0925  1 0.2777 0.5931 0.1293 
   NS_SS0947  1 0.2414 0.5858 0.1728 
   NS_SS0926  1 0.2898 0.1371 0.5731 
   NS_SS0918  1 0.4100 0.4460 0.1440 
   NS_SS0966  1 0.2638 0.5129 0.2233 
   NS_SS0938  1 0.2595 0.5722 0.1683 
   NS_SS0917  1 0.2525 0.1949 0.5526 
   NS_SS0957  1 0.6035 0.1896 0.2069 
   NS_SS0987  1 0.7253 0.1087 0.1660 
   NS_SS0717  1 0.4537 0.4075 0.1388 
   NS_SS0986  1 0.5143 0.1667 0.3190 
   NS_SS0953  1 0.2496 0.6160 0.1344 
   NS_SS0907  1 0.1856 0.5013 0.3131 
   NS_SS0974  1 0.1559 0.5435 0.3006 
   NS_SS0989  1 0.1388 0.2064 0.6547 
   NS_SS0991  1 0.3458 0.2654 0.3888 
   NS_SS0994  1 0.0975 0.1619 0.7406 
   NS_SS0931  1 0.4260 0.1550 0.4190 
   NS_SS1000  1 0.2379 0.6191 0.1430 
   NS_SS0919  1 0.2171 0.3206 0.4624 
   NS_SS0949  1 0.1775 0.2620 0.5605 
   NS_SS0960  1 0.3742 0.1650 0.4608 
   NS_SS0716  1 0.7678 0.1357 0.0965 
   NS_SS0924  1 0.2964 0.2590 0.4445 
   NS_SS0935  1 0.3436 0.1471 0.5093 
   NS_SS0952  1 0.1775 0.2828 0.5398 
   NS_SS0962  1 0.4490 0.3989 0.1522 
   NS_SS0973  1 0.1841 0.5050 0.3109 
   NS_SS0722  1 0.1797 0.7263 0.0940 
   NS_SS0979  1 0.5144 0.3172 0.1685 
   NS_SS0993  1 0.2556 0.6268 0.1175 
   NS_SS0958  1 0.2806 0.2106 0.5088 
   NS_SS0988  1 0.3873 0.2420 0.3706 
   NS_SS1003  1 0.6773 0.2130 0.1098 
   NS_SS0976  1 0.2012 0.3338 0.4650 
   NS_SS0964  1 0.4232 0.4548 0.1220 
   NS_SS0939  1 0.7378 0.1619 0.1003 
   NS_SS0990  1 0.4891 0.1769 0.3339 
   NS_SS0984  1 0.4682 0.4221 0.1097 
   NS_SS0980  1 0.1196 0.7102 0.1702 
   NS_SS0978  1 0.2089 0.5505 0.2406 
   NS_SS0951  1 0.5131 0.1617 0.3252 
   NS_SS0913  1 0.5581 0.2627 0.1792 
   NS_SS1002  1 0.2268 0.6143 0.1590 
   NS_SS0948  1 0.3585 0.3089 0.3326 
   NS_SS0916  1 0.2770 0.2912 0.4318 
   NS_SS0995  1 0.4485 0.3109 0.2406 
   NS_SS0927  1 0.1833 0.2944 0.5223 
   NS_SS0992  1 0.1360 0.4655 0.3985 
   NS_SS0912  1 0.6022 0.1249 0.2729 
   NS_SS0981  1 0.5310 0.2895 0.1795 
   NS_SS0729  2 0.0682 0.3401 0.5918 
   NS_SS0967  2 0.2546 0.4813 0.2642 
   NS_SS0941  2 0.3192 0.4331 0.2478 
   NS_SS0768  2 0.4287 0.3489 0.2224 
   NS_SS0726  2 0.0963 0.4053 0.4983 
   NS_SS0763  2 0.1496 0.2910 0.5594 
   NS_SS0730  2 0.5472 0.2818 0.1710 
   NS_SS0774  2 0.2144 0.6441 0.1415 
   NS_SS0723  2 0.3468 0.5307 0.1225 
   NS_SS0940  2 0.3730 0.2448 0.3822 
   NS_SS0762  2 0.4567 0.4490 0.0943 
   NS_SS0766  2 0.4381 0.2512 0.3107 
   NS_SS0724  2 0.4416 0.4096 0.1488 
   NS_SS0769  2 0.4157 0.2644 0.3199 
   NS_SS0777  2 0.4003 0.2462 0.3535 
   NS_SS0734  2 0.4770 0.1966 0.3264 
   NS_SS0737  2 0.2817 0.5906 0.1277 
   NS_SS0732  2 0.6383 0.2164 0.1453 
   NS_SS0728  2 0.2877 0.4397 0.2727 
   NS_SS0735  2 0.2372 0.5979 0.1649 
   NS_SS0725  2 0.2960 0.5458 0.1582 
   NS_SS0788  2 0.3243 0.3421 0.3336 
   NS_SS0778  2 0.3842 0.1841 0.4317 
   NS_SS0792  2 0.3771 0.1978 0.4251 
   NS_SS0943  2 0.2161 0.3257 0.4582 
   NS_SS0791  2 0.4074 0.1967 0.3959 
   NS_SS0790  2 0.5321 0.4006 0.0674 
   NS_SS0731  2 0.6447 0.2187 0.1366 
   NS_SS0727  2 0.1086 0.4122 0.4791 
   NS_SS0779  2 0.3914 0.3263 0.2823 
   NS_SS0776  2 0.3387 0.4327 0.2286 
   NS_SS0775  2 0.4754 0.3789 0.1457 
   NS_SS0965  3 0.5192 0.2880 0.1928 
   NS_SS0754  3 0.3440 0.1556 0.5004 
   NS_SS0838  3 0.2334 0.4539 0.3127 
   NS_SS0839  3 0.4559 0.4323 0.1118 
   NS_SS0832  3 0.4453 0.4754 0.0793 
   NS_SS0820  3 0.6008 0.2503 0.1488 
   NS_SS0886  3 0.3901 0.1842 0.4257 
   NS_SS0748  3 0.3015 0.3303 0.3682 
   NS_SS0884  3 0.2487 0.4070 0.3443 
   NS_SS0752  3 0.1972 0.5743 0.2284 
   NS_SS0862  3 0.6327 0.2493 0.1180 
   NS_SS0787  3 0.1500 0.1099 0.7401 
   NS_SS0843  3 0.2625 0.4761 0.2614 
   NS_SS0856  3 0.3364 0.3534 0.3102 
   NS_SS0846  3 0.1046 0.5145 0.3809 
   NS_SS0825  3 0.3642 0.2982 0.3376 
   NS_SS0757  3 0.2968 0.3112 0.3920 
   NS_SS0876  3 0.2584 0.5215 0.2201 
   NS_SS0903  3 0.1624 0.6975 0.1401 
   NS_SS0875  3 0.6224 0.1644 0.2132 
   NS_SS0740  3 0.2374 0.4840 0.2786 
   NS_SS0811  3 0.7046 0.1855 0.1099 
   NS_SS0751  3 0.4477 0.3244 0.2279 
   NS_SS0891  3 0.3622 0.3916 0.2462 
   NS_SS0867  3 0.2268 0.4006 0.3727 
   NS_SS0890  3 0.3076 0.3561 0.3363 
   NS_SS0866  3 0.1419 0.1601 0.6980 
   NS_SS0755  3 0.4305 0.2608 0.3087 
   NS_SS0758  3 0.2052 0.5106 0.2842 
   NS_SS0840  3 0.4245 0.4737 0.1018 
   NS_SS0889  3 0.3481 0.1482 0.5036 
   NS_SS1010  3 0.3745 0.3091 0.3164 
   NS_SS0888  3 0.1564 0.1848 0.6588 
   NS_SS0837  3 0.5302 0.3388 0.1310 
   NS_SS0794  3 0.1893 0.2777 0.5330 
   NS_SS0823  3 0.1762 0.7049 0.1189 
   NS_SS0829  3 0.2427 0.1284 0.6289 
   NS_SS0844  3 0.2263 0.6358 0.1379 
   NS_SS1008  3 0.2536 0.3168 0.4296 
   NS_SS0881  3 0.4922 0.1676 0.3402 
   NS_SS0834  3 0.1952 0.6636 0.1412 
   NS_SS0744  3 0.2618 0.3773 0.3609 
   NS_SS0899  3 0.6807 0.2239 0.0954 
   NS_SS0804  3 0.5020 0.4004 0.0976 
   NS_SS0781  3 0.3778 0.5039 0.1183 
   NS_SS0822  3 0.1672 0.5257 0.3071 
   NS_SS1004  3 0.2816 0.4776 0.2408 
   NS_SS0746  3 0.1688 0.5596 0.2716 
   NS_SS0880  3 0.2543 0.5582 0.1875 
   NS_SS0879  3 0.3384 0.4833 0.1783 
   NS_SS0753  3 0.3495 0.2110 0.4395 
   NS_SS1007  3 0.2845 0.3896 0.3259 
   NS_SS0872  3 0.3350 0.4979 0.1671 
   NS_SS1005  3 0.2140 0.6099 0.1760 
   NS_SS0892  3 0.3582 0.3333 0.3084 
   NS_SS0898  3 0.4290 0.2096 0.3615 
   NS_SS0801  3 0.4713 0.2906 0.2381 
   NS_SS0827  3 0.6468 0.0895 0.2636 
   NS_SS0853  3 0.6177 0.1093 0.2730 
   NS_SS0780  3 0.5292 0.2949 0.1760 
   NS_SS0826  3 0.2781 0.4463 0.2756 
   NS_SS0818  3 0.5506 0.3488 0.1006 
   NS_SS0745  3 0.7336 0.1930 0.0734 
   NS_SS0849  3 0.6918 0.1282 0.1800 
   NS_SS0739  3 0.5444 0.1716 0.2840 
   NS_SS0799  3 0.2058 0.3123 0.4819 
   NS_SS0756  3 0.4286 0.4631 0.1082 
   NS_SS0802  3 0.1806 0.3961 0.4233 
   NS_SS0747  3 0.2078 0.4659 0.3263 
   NS_SS0835  3 0.1185 0.1521 0.7294 
   NS_SS0742  3 0.3485 0.3950 0.2565 
   NS_SS0760  3 0.1824 0.2288 0.5888 
   NS_SS0803  3 0.1228 0.7766 0.1006 
   NS_SS0828  3 0.5535 0.1692 0.2772 
   NS_SS0865  3 0.4471 0.2329 0.3200 
   NS_SS0759  3 0.5245 0.3584 0.1171 
   NS_SS0851  3 0.7759 0.1248 0.0992 
   NS_SS0874  3 0.1762 0.6827 0.1412 
   NS_SS0761  3 0.2685 0.1604 0.5711 
   NS_SS0842  3 0.3180 0.2523 0.4297 
   NS_SS0785  3 0.2417 0.3283 0.4300 
   NS_SS0860  3 0.1254 0.1410 0.7336 
   NS_SS0897  3 0.1802 0.1261 0.6937 
   NS_SS0841  3 0.5627 0.3203 0.1170 
   NS_SS0797  3 0.4658 0.1505 0.3836 
   NS_SS0830  3 0.4883 0.2446 0.2672 
   NS_SS1011  3 0.3200 0.5236 0.1563 
   NS_SS0883  3 0.4476 0.1760 0.3764 
   NS_SS0782  3 0.2474 0.4183 0.3343 
   NS_SS0831  3 0.3501 0.1234 0.5265 
   NS_SS0749  3 0.4550 0.2066 0.3383 
   NS_SS0854  3 0.1573 0.4517 0.3910 
   HI_SS0193  4 0.3245 0.2750 0.4005 
   HI_SS0194  4 0.2230 0.6199 0.1571 
   HI_SS0195  4 0.7005 0.1982 0.1013 
   HI_SS0196  4 0.1956 0.5095 0.2949 
   HI_SS0197  4 0.2869 0.4044 0.3086 
   HI_SS0198  4 0.4302 0.1828 0.3869 
   HI_SS0199  4 0.1594 0.3371 0.5036 
   HI_SS0201  4 0.1674 0.1712 0.6614 
   HI_SS0215  4 0.2012 0.1355 0.6633 
   HI_SS0218  4 0.1987 0.1160 0.6853 
   HI_SS0222  4 0.5414 0.2167 0.2418 
   HI_SS0230  4 0.5555 0.2113 0.2332 
   HI_SS0234  4 0.1046 0.5787 0.3167 
   HI_SS0240  4 0.3320 0.3913 0.2767 
   HI_SS0241  4 0.1899 0.1896 0.6204 
   HI_SS0242  4 0.2884 0.3663 0.3454 
   HI_SS0247  4 0.2784 0.5185 0.2030 
   HI_SS0248  4 0.0971 0.4358 0.4671 
   HI_SS0252  4 0.2573 0.5710 0.1717 
   HI_SS0254  4 0.2657 0.2962 0.4381 
   HI_SS0256  4 0.3143 0.6283 0.0574 
   HI_SS0257  4 0.0795 0.3898 0.5308 
   HI_SS0258  4 0.2930 0.1792 0.5277 
   HI_SS0259  4 0.3453 0.4399 0.2148 
   HI_SS0260  4 0.1787 0.2709 0.5504 
   HI_SS0261  4 0.1855 0.4266 0.3879 
   HI_SS0262  4 0.5451 0.2259 0.2290 
   HI_SS0264  4 0.6429 0.1905 0.1666 
   HI_SS0265  4 0.5146 0.2431 0.2423 
   HI_SS0268  4 0.4845 0.1448 0.3707 
   HI_SS0269  4 0.0751 0.2043 0.7207 
   HI_SS0273  4 0.2173 0.2784 0.5043 
   HI_SS0277  4 0.4230 0.3061 0.2709 
   HI_SS0280  4 0.6156 0.1643 0.2202 
   HI_SS0282  4 0.1896 0.4233 0.3871 
   HI_SS0286  4 0.4275 0.1576 0.4149 
   NS_SS1252  5 0.1107 0.1407 0.7487 
   NS_SS1261  5 0.2770 0.3674 0.3556 
   NS_SS1225  5 0.1548 0.4071 0.4382 
   NS_SS1266  5 0.2648 0.6233 0.1118 
   NS_SS1228  5 0.7187 0.1281 0.1532 
   NS_SS1255  5 0.1752 0.6335 0.1914 
   NS_SS1267  5 0.1306 0.0802 0.7892 
   NS_SS1238  5 0.5525 0.1795 0.2679 
   NS_SS1233  5 0.4099 0.4357 0.1544 
   NS_SS1277  5 0.3045 0.2004 0.4951 
   NS_SS1245  5 0.1336 0.5546 0.3118 
   NS_SS1240  5 0.0968 0.1190 0.7842 
   NS_SS1275  5 0.4670 0.4235 0.1095 
   NS_SS1235  5 0.0709 0.7594 0.1697 
   NS_SS1263  5 0.2013 0.6839 0.1148 
   NS_SS1251  5 0.2255 0.5976 0.1769 
   NS_SS1248  5 0.7722 0.0735 0.1543 
   NS_SS1244  5 0.2608 0.4051 0.3341 
   NS_SS1257  5 0.2160 0.2058 0.5782 
   NS_SS1242  5 0.3704 0.4976 0.1320 
   NS_SS1271  5 0.1571 0.1110 0.7319 
   NS_SS1265  5 0.1866 0.2345 0.5789 
   NS_SS1243  5 0.5403 0.2890 0.1707 
   NS_SS1273  5 0.5348 0.3470 0.1182 
   NS_SS1254  5 0.2902 0.5334 0.1764 
   NS_SS1224  5 0.5449 0.3290 0.1261 
   NS_SS1227  5 0.1578 0.2046 0.6377 
   NS_SS1274  5 0.2345 0.3033 0.4621 
   NS_SS1241  5 0.1763 0.3961 0.4276 
   NS_SS1256  5 0.1599 0.4695 0.3706 
   NS_SS1260  5 0.1353 0.2265 0.6381 
   NS_SS1262  5 0.2894 0.2597 0.4509 
   NS_SS1230  5 0.2647 0.3548 0.3805 
   NS_SS1270  5 0.5294 0.3062 0.1644 
   NS_SS1229  5 0.0704 0.7620 0.1676 
   NS_SS1246  5 0.1272 0.2985 0.5743 
   NS_SS1269  5 0.4494 0.3010 0.2496 
   NS_SS1239  5 0.4500 0.3778 0.1722 
   NS_SS1272  5 0.2849 0.3918 0.3233 
   NS_SS1268  5 0.6260 0.2428 0.1312 
   NS_SS1249  5 0.0956 0.2522 0.6522 
   HI_SS0559  6 0.3489 0.3502 0.3009 
   HI_SS0563  6 0.3393 0.3470 0.3137 
   HI_SS0564  6 0.3717 0.3713 0.2570 
   HI_SS0565  6 0.2015 0.3420 0.4565 
   HI_SS0569  6 0.2541 0.1988 0.5471 
   HI_SS0570  6 0.2324 0.1498 0.6179 
   HI_SS0572  6 0.1371 0.6956 0.1672 
   HI_SS0576  6 0.6495 0.2003 0.1502 
   HI_SS0579  6 0.1377 0.5324 0.3300 
   HI_SS0580  6 0.2723 0.2631 0.4646 
   HI_SS0581  6 0.5923 0.2688 0.1389 
   HI_SS0583  6 0.1073 0.3189 0.5738 
   HI_SS0586  6 0.2934 0.0729 0.6337 
   HI_SS0588  6 0.1920 0.3133 0.4947 
   HI_SS0595  6 0.2274 0.2101 0.5625 
   HI_SS0596  6 0.2467 0.6276 0.1257 
   HI_SS0597  6 0.1655 0.6667 0.1679 
   HI_SS0600  6 0.2965 0.2008 0.5027 
   HI_SS0601  6 0.2604 0.3086 0.4311 
   HI_SS0602  6 0.4437 0.1284 0.4279 
   HI_SS0604  6 0.3090 0.4249 0.2661 
   HI_SS0605  6 0.3906 0.2254 0.3840 
   HI_SS0608  6 0.5448 0.1820 0.2732 
   HI_SS0609  6 0.2126 0.6488 0.1386 
   HI_SS0611  6 0.2780 0.1284 0.5936 
   HI_SS0612  6 0.0913 0.6643 0.2444 
   HI_SS0613  6 0.5922 0.1496 0.2582 
   HI_SS0615  6 0.4363 0.4444 0.1193 
   HI_SS0001  6 0.1690 0.4179 0.4131 
   HI_SS0002  6 0.2880 0.5513 0.1607 
   HI_SS0004  6 0.3038 0.2147 0.4815 
   HI_SS0005  6 0.7279 0.0940 0.1782 
   HI_SS0006  6 0.1203 0.4459 0.4337 
   HI_SS0007  6 0.5671 0.1069 0.3260 
   HI_SS0008  6 0.4638 0.2819 0.2543 
   HI_SS0009  6 0.5491 0.3263 0.1246 
   HI_SS0010  6 0.5081 0.1596 0.3322 
   HI_SS0011  6 0.4168 0.4073 0.1759 
   HI_SS0012  6 0.3443 0.4762 0.1795 
   HI_SS0017  6 0.2571 0.5958 0.1471 
   HI_SS0021  6 0.3724 0.1464 0.4812 
   HI_SS0024  6 0.5323 0.2931 0.1747 
   HI_SS0025  6 0.4278 0.4208 0.1514 
   HI_SS0027  6 0.2970 0.2682 0.4348 
   HI_SS0028  6 0.7723 0.1346 0.0931 
   HI_SS0029  6 0.4546 0.2400 0.3054 
   HI_SS0030  6 0.2823 0.3282 0.3895 
   HI_SS0031  6 0.2466 0.4055 0.3479 
   HI_SS0034  6 0.1032 0.3605 0.5363 
   HI_SS0036  6 0.3233 0.0841 0.5926 
   HI_SS0037  6 0.2198 0.1239 0.6563 
   HI_SS0039  6 0.5531 0.0907 0.3562 
   HI_SS0041  6 0.6176 0.2345 0.1479 
   HI_SS0042  6 0.4370 0.4160 0.1470 
   HI_SS0043  6 0.1471 0.1248 0.7280 
   HI_SS0044  6 0.2449 0.3422 0.4129 
   HI_SS0047  6 0.3550 0.4874 0.1576 
   HI_SS0049  6 0.2378 0.5877 0.1745 
   HI_SS0051  6 0.4937 0.2518 0.2545 
   HI_SS0053  6 0.1333 0.2197 0.6470 
   HI_SS0054  6 0.2604 0.2383 0.5012 
   HI_SS0057  6 0.5737 0.2412 0.1851 
   HI_SS0058  6 0.2192 0.3298 0.4510 
   HI_SS0060  6 0.5723 0.2170 0.2107 
   HI_SS0087  6 0.1547 0.4957 0.3496 
   HI_SS0091  6 0.0821 0.1810 0.7369 
   HI_SS0095  6 0.2133 0.3970 0.3897 
   HI_SS0097  6 0.1728 0.6160 0.2112 
   HI_SS0099  6 0.5333 0.2424 0.2243 
   HI_SS0103  6 0.1507 0.5985 0.2509 
   HI_SS0105  6 0.3583 0.3231 0.3187 
   HI_SS0107  6 0.1419 0.7620 0.0962 
   HI_SS0108  6 0.1160 0.1102 0.7738 
   HI_SS0110  6 0.1662 0.4203 0.4135 
   HI_SS0111  6 0.4523 0.2469 0.3008 
   HI_SS0112  6 0.1475 0.1302 0.7223 
   HI_SS0113  6 0.3493 0.5200 0.1308 
   HI_SS0114  6 0.3564 0.1474 0.4962 
   HI_SS0115  6 0.2449 0.4447 0.3105 
   HI_SS0116  6 0.1526 0.2835 0.5639 
   HI_SS0117  6 0.1473 0.3785 0.4742 
   HI_SS0118  6 0.1575 0.3131 0.5294 
   HI_SS0119  6 0.2373 0.2858 0.4769 
   HI_SS0120  6 0.1885 0.6876 0.1239 
   HI_SS0121  6 0.6938 0.1797 0.1265 
   HI_SS0122  6 0.4008 0.2267 0.3725 
   HI_SS0123  6 0.1591 0.5587 0.2822 
   HI_SS0124  6 0.4614 0.4323 0.1062 
   HI_SS0125  6 0.6900 0.1935 0.1165 
   HI_SS0126  6 0.1744 0.2028 0.6228 
   HI_SS0127  6 0.5809 0.1833 0.2357 
   HI_SS0128  6 0.1815 0.5738 0.2447 
   HI_SS0129  6 0.2352 0.2517 0.5131 
   HI_SS0131  6 0.4405 0.1323 0.4273 
   HI_SS0132  6 0.4972 0.2096 0.2932 
   HI_SS0133  6 0.1536 0.1133 0.7331 
   HI_SS0134  6 0.2065 0.4339 0.3596 
   HI_SS0142  6 0.3484 0.3581 0.2935 
   HI_SS0145  6 0.1356 0.5735 0.2908 
   HI_SS0146  6 0.2900 0.2849 0.4250 
   HI_SS0147  6 0.5811 0.2842 0.1347 
   HI_SS0149  6 0.3251 0.3155 0.3594 
   HI_SS0150  6 0.6056 0.2557 0.1387 
   HI_SS0151  6 0.1828 0.5162 0.3010 
   NS_SS1451  6 0.5940 0.2997 0.1063 
   NS_SS1404  6 0.6604 0.1492 0.1904 
   NS_SS1432  6 0.4953 0.3247 0.1800 
   NS_SS1405  6 0.4061 0.3421 0.2519 
   NS_SS1431  6 0.4472 0.4256 0.1272 
   NS_SS1402  6 0.1597 0.3932 0.4471 
   NS_SS1450  6 0.2693 0.2999 0.4308 
   NS_SS1396  6 0.4129 0.3076 0.2796 
   NS_SS1393  6 0.2814 0.2097 0.5089 
   NS_SS1392  6 0.5503 0.2729 0.1768 
   NS_SS1445  6 0.2411 0.1672 0.5917 
   NS_SS1423  6 0.1488 0.4027 0.4485 
   NS_SS1421  6 0.2123 0.3755 0.4123 
   NS_SS1411  6 0.4964 0.1188 0.3848 
   NS_SS1453  6 0.2863 0.2020 0.5117 
   NS_SS1442  6 0.2805 0.4894 0.2300 
   NS_SS1422  6 0.1285 0.6434 0.2280 
   NS_SS1419  6 0.4652 0.3286 0.2062 
   NS_SS1427  6 0.1104 0.1982 0.6914 
   NS_SS1444  6 0.5454 0.2622 0.1923 
   NS_SS1455  6 0.2082 0.6829 0.1090 
   NS_SS1425  6 0.1630 0.1608 0.6762 
   NS_SS1400  6 0.2782 0.2455 0.4763 
   NS_SS1406  6 0.2337 0.6379 0.1284 
   NS_SS1417  6 0.2799 0.3459 0.3741 
   NS_SS1454  6 0.3775 0.1793 0.4432 
   NS_SS1412  6 0.3015 0.2813 0.4172 
   NS_SS1438  6 0.2303 0.1580 0.6116 
   NS_SS1416  6 0.4582 0.2597 0.2820 
   NS_SS1401  6 0.1831 0.3552 0.4617 
   NS_SS1424  6 0.2953 0.3014 0.4033 
   NS_SS1435  6 0.5846 0.1884 0.2270 
   NS_SS1447  6 0.3904 0.4442 0.1654 
   NS_SS1414  6 0.5590 0.2915 0.1495 
   NS_SS1449  6 0.1805 0.5742 0.2453 
   NS_SS1443  6 0.0735 0.4327 0.4938 
   NS_SS1434  6 0.0926 0.6743 0.2331 
   NS_SS1398  6 0.4527 0.3280 0.2194 
   NS_SS1426  6 0.1631 0.1646 0.6724 
   NS_SS1413  6 0.1438 0.3792 0.4770 
   NS_SS1395  6 0.1483 0.3052 0.5465 
   NS_SS1448  6 0.5293 0.1743 0.2964 
   NS_SS1446  6 0.1571 0.2567 0.5862 
   NS_SS1403  6 0.3337 0.3711 0.2952 
   NS_SS1415  6 0.2637 0.2098 0.5264 
   NS_SS1437  6 0.4631 0.3043 0.2326 
   NS_SS1439  6 0.1588 0.5184 0.3228 
   NS_SS1441  6 0.1543 0.2981 0.5476 
   NS_SS1420  6 0.7749 0.1176 0.1074 
   NS_SS1394  6 0.6984 0.1696 0.1320 
   NS_SS1391  6 0.1276 0.4108 0.4616 
   NS_SS1410  6 0.2377 0.2939 0.4684 
   NS_SS1408  6 0.4451 0.3191 0.2359 
   NS_SS1409  6 0.1287 0.4790 0.3923 
   HI_SS0617  7 0.2096 0.3526 0.4378 
   HI_SS0618  7 0.4935 0.3205 0.1861 
   HI_SS0619  7 0.3866 0.2875 0.3259 
   HI_SS0620  7 0.2265 0.1448 0.6287 
   HI_SS0621  7 0.3547 0.4222 0.2231 
   HI_SS0622  7 0.3330 0.4263 0.2407 
   HI_SS0626  7 0.6816 0.0952 0.2231 
   HI_SS0627  7 0.3589 0.4174 0.2237 
   HI_SS0628  7 0.4083 0.1302 0.4615 
   HI_SS0629  7 0.3730 0.1958 0.4312 
   HI_SS0630  7 0.3305 0.2450 0.4245 
   HI_SS0631  7 0.4548 0.1672 0.3780 
   HI_SS0632  7 0.5306 0.2367 0.2327 
   HI_SS0633  7 0.1997 0.5939 0.2064 
   HI_SS0634  7 0.5170 0.1964 0.2865 
   HI_SS0635  7 0.6217 0.2137 0.1646 
   HI_SS0637  7 0.3626 0.3233 0.3141 
   HI_SS0638  7 0.3844 0.3578 0.2579 
   HI_SS0639  7 0.5460 0.2867 0.1674 
   HI_SS0640  7 0.3215 0.4542 0.2244 
   HI_SS0641  7 0.4062 0.0822 0.5116 
   HI_SS0642  7 0.4639 0.3596 0.1765 
   HI_SS0645  7 0.7385 0.1791 0.0823 
   HI_SS0646  7 0.1405 0.5586 0.3009 
   HI_SS0647  7 0.3019 0.4591 0.2390 
   HI_SS0648  7 0.4592 0.3077 0.2331 
   HI_SS0649  7 0.2344 0.3900 0.3756 
   HI_SS0650  7 0.2042 0.6031 0.1927 
   HI_SS0651  7 0.3019 0.4201 0.2780 
   HI_SS0652  7 0.6849 0.1779 0.1373 
   NS_SS1371  7 0.1282 0.3177 0.5541 
   NS_SS1374  7 0.3806 0.1161 0.5033 
   NS_SS1337  7 0.5707 0.2917 0.1376 
   NS_SS1385  7 0.1573 0.5814 0.2613 
   NS_SS1388  7 0.4264 0.2438 0.3298 
   NS_SS1370  7 0.7971 0.1030 0.0998 
   NS_SS1389  7 0.5931 0.2327 0.1742 
   NS_SS1360  7 0.3992 0.1915 0.4094 
   NS_SS1330  7 0.5020 0.3721 0.1259 
   NS_SS1328  7 0.1359 0.4155 0.4486 
   NS_SS1384  7 0.2944 0.2752 0.4305 
   NS_SS1381  7 0.1578 0.7469 0.0953 
   NS_SS1375  7 0.6248 0.2024 0.1729 
   NS_SS1319  7 0.4163 0.2199 0.3638 
   NS_SS1326  7 0.1803 0.1984 0.6213 
   NS_SS1341  7 0.1773 0.2926 0.5301 
   NS_SS1383  7 0.4940 0.1832 0.3227 
   NS_SS1318  7 0.4152 0.3435 0.2413 
   NS_SS1348  7 0.1537 0.1862 0.6601 
   NS_SS1363  7 0.4568 0.3628 0.1804 
   NS_SS1335  7 0.3165 0.2268 0.4567 
   NS_SS1358  7 0.1529 0.4075 0.4396 
   NS_SS1342  7 0.1072 0.4166 0.4763 
   NS_SS1320  7 0.1431 0.7955 0.0614 
   NS_SS1355  7 0.2147 0.6048 0.1805 
   NS_SS1345  7 0.1891 0.7198 0.0911 
   NS_SS1324  7 0.3288 0.2014 0.4698 
   NS_SS1347  7 0.2298 0.4241 0.3461 
   NS_SS1321  7 0.2650 0.1650 0.5701 
   NS_SS1333  7 0.3286 0.1077 0.5636 
   NS_SS1364  7 0.1595 0.4680 0.3725 
   NS_SS1379  7 0.2289 0.5649 0.2061 
   NS_SS1332  7 0.2439 0.1273 0.6288 
   NS_SS1338  7 0.4461 0.1381 0.4157 
   NS_SS1368  7 0.1773 0.3081 0.5147 
   NS_SS1354  7 0.2772 0.4298 0.2931 
   NS_SS1365  7 0.5098 0.3305 0.1597 
   NS_SS1380  7 0.3690 0.4747 0.1564 
   NS_SS1329  7 0.0987 0.4732 0.4281 
   NS_SS1362  7 0.1993 0.4680 0.3327 
   NS_SS1327  7 0.1067 0.0680 0.8253 
   NS_SS1350  7 0.1227 0.4086 0.4687 
   NS_SS1387  7 0.6346 0.1480 0.2174 
   NS_SS1369  7 0.2320 0.2903 0.4777 
   NS_SS1331  7 0.6091 0.1224 0.2685 
   NS_SS1357  7 0.1020 0.5323 0.3657 
   NS_SS1386  7 0.0959 0.1654 0.7388 
   NS_SS1353  7 0.2324 0.5265 0.2411 
   NS_SS1323  7 0.3099 0.5577 0.1324 
   HI_SS0296  8 0.3544 0.2229 0.4227 
   HI_SS0297  8 0.3312 0.4220 0.2468 
   HI_SS0299  8 0.2605 0.3676 0.3719 
   HI_SS0300  8 0.3340 0.3858 0.2802 
   HI_SS0301  8 0.6919 0.1434 0.1647 
   HI_SS0302  8 0.4716 0.1478 0.3806 
   HI_SS0303  8 0.1238 0.3729 0.5034 
   HI_SS0304  8 0.5845 0.2176 0.1979 
   HI_SS0306  8 0.3744 0.1423 0.4833 
   HI_SS0307  8 0.4351 0.3847 0.1802 
   HI_SS0308  8 0.5198 0.2662 0.2141 
   HI_SS0309  8 0.2419 0.5309 0.2272 
   HI_SS0310  8 0.3988 0.3714 0.2298 
   HI_SS0311  8 0.5545 0.2080 0.2375 
   HI_SS0314  8 0.2693 0.4646 0.2661 
   HI_SS0316  8 0.2380 0.2939 0.4681 
   HI_SS0317  8 0.5327 0.1942 0.2731 
   HI_SS0318  8 0.1930 0.1510 0.6561 
   HI_SS0319  8 0.0862 0.1500 0.7638 
   HI_SS0320  8 0.6304 0.2038 0.1658 
   HI_SS0321  8 0.1982 0.2906 0.5112 
   HI_SS0323  8 0.3415 0.1544 0.5041 
   HI_SS0325  8 0.4453 0.1511 0.4036 
   HI_SS0327  8 0.0617 0.4594 0.4789 
   HI_SS0329  8 0.5908 0.2032 0.2060 
   HI_SS0333  8 0.3114 0.3219 0.3667 
   HI_SS0334  8 0.1658 0.2684 0.5658 
   HI_SS0335  8 0.2319 0.6288 0.1393 
   HI_SS0339  8 0.3522 0.4962 0.1516 
   HI_SS0343  8 0.1460 0.7033 0.1507 
   HI_SS0344  8 0.0960 0.1168 0.7872 
   HI_SS0345  8 0.4429 0.3391 0.2181 
   HI_SS0346  8 0.4616 0.1750 0.3634 
   HI_SS0350  8 0.2636 0.6424 0.0940 
   HI_SS0351  8 0.1633 0.5748 0.2619 
   HI_SS0352  8 0.2881 0.5338 0.1781 
   HI_SS0362  8 0.6679 0.1196 0.2126 
   HI_SS0363  8 0.1097 0.3203 0.5700 
   HI_SS0365  8 0.1451 0.3515 0.5034 
   HI_SS0366  8 0.1269 0.1754 0.6976 
   HI_SS0367  8 0.3151 0.5096 0.1753 
   HI_SS0369  8 0.5518 0.3135 0.1347 
   HI_SS0370  8 0.1012 0.5790 0.3197 
   HI_SS0371  8 0.4139 0.1212 0.4649 
   HI_SS0373  8 0.4451 0.2513 0.3036 
   HI_SS0374  8 0.3922 0.4034 0.2044 
   HI_SS0377  8 0.2467 0.3356 0.4177 
   HI_SS0379  8 0.0852 0.0958 0.8190 
   HI_SS0380  8 0.3428 0.4731 0.1841 
   HI_SS0381  8 0.4358 0.4252 0.1390 
   HI_SS0384  8 0.2808 0.2166 0.5025 
   HI_SS0385  8 0.5892 0.1144 0.2964 
