

----------------------------------------------------
STRUCTURE by Pritchard, Stephens and Donnelly (2000)
     and Falush, Stephens and Pritchard (2003)
       Code by Pritchard, Falush and Hubisz
             Version 2.3.4 (Jul 2012)
----------------------------------------------------



Command line arguments:   /home/genobiwan/Documents/Programs/Structure/structure -m parameter_job_k8_r9 
Input File:    /media/genobiwan/Storage/Projets/Mackerel_NWA_2021/data_job_k8_r9

Run parameters:
   557 individuals
   3930 loci
   8 populations assumed
   100000 Burn-in period
   200000 Reps


--------------------------------------------
Proportion of membership of each pre-defined
 population in each of the 8 clusters

Given    Inferred Clusters                                          Number of
 Pop       1      2      3      4      5      6      7      8      Individuals

  1:     0.120  0.111  0.137  0.116  0.113  0.136  0.130  0.136       67
  2:     0.153  0.102  0.118  0.134  0.147  0.134  0.109  0.103       32
  3:     0.128  0.114  0.126  0.138  0.110  0.124  0.119  0.140       92
  4:     0.133  0.141  0.106  0.126  0.124  0.108  0.148  0.114       36
  5:     0.118  0.138  0.115  0.125  0.128  0.107  0.116  0.152       41
  6:     0.121  0.133  0.128  0.123  0.127  0.122  0.131  0.115      158
  7:     0.118  0.125  0.123  0.127  0.124  0.130  0.130  0.123       79
  8:     0.117  0.133  0.140  0.125  0.113  0.122  0.120  0.128       52
--------------------------------------------

Allele-freq. divergence among pops (Net nucleotide distance),
computed using point estimates of P.

      1       2       3       4       5       6       7       8      
 1      -    0.0066  0.0053  0.0062  0.0058  0.0067  0.0056  0.0058  
 2   0.0066     -    0.0052  0.0067  0.0071  0.0076  0.0061  0.0071  
 3   0.0053  0.0052     -    0.0045  0.0056  0.0055  0.0044  0.0042  
 4   0.0062  0.0067  0.0045     -    0.0058  0.0057  0.0051  0.0053  
 5   0.0058  0.0071  0.0056  0.0058     -    0.0062  0.0053  0.0058  
 6   0.0067  0.0076  0.0055  0.0057  0.0062     -    0.0059  0.0064  
 7   0.0056  0.0061  0.0044  0.0051  0.0053  0.0059     -    0.0048  
 8   0.0058  0.0071  0.0042  0.0053  0.0058  0.0064  0.0048     -    

Average distances (expected heterozygosity) between individuals in same cluster:
cluster  1  : 0.3103 
cluster  2  : 0.3065 
cluster  3  : 0.3129 
cluster  4  : 0.3084 
cluster  5  : 0.3118 
cluster  6  : 0.3077 
cluster  7  : 0.3105 
cluster  8  : 0.3078 

--------------------------------------------
Estimated Ln Prob of Data   = -2072250.0
Mean value of ln likelihood = -2058319.2
Variance of ln likelihood   = 27861.7
Mean value of alpha         = 1.4455

Mean value of Fst_1         = 0.0696
Mean value of Fst_2         = 0.0742
Mean value of Fst_3         = 0.0575
Mean value of Fst_4         = 0.0614
Mean value of Fst_5         = 0.0642
Mean value of Fst_6         = 0.0715
Mean value of Fst_7         = 0.0594
Mean value of Fst_8         = 0.0653


Inferred ancestry of individuals:
        Label (%Miss) Pop:  Inferred clusters
  1 NS_SS0963    (4)    1 :  0.136 0.057 0.117 0.166 0.110 0.043 0.183 0.189 
  2 NS_SS0983    (1)    1 :  0.168 0.110 0.445 0.064 0.051 0.036 0.087 0.038 
  3 NS_SS0719    (8)    1 :  0.124 0.113 0.099 0.191 0.098 0.093 0.191 0.091 
  4 NS_SS1001    (8)    1 :  0.108 0.077 0.093 0.118 0.260 0.167 0.048 0.130 
  5 NS_SS0936    (4)    1 :  0.157 0.082 0.067 0.069 0.147 0.099 0.157 0.222 
  6 NS_SS0955    (5)    1 :  0.129 0.123 0.183 0.146 0.084 0.038 0.126 0.171 
  7 NS_SS0944    (3)    1 :  0.089 0.166 0.113 0.152 0.124 0.067 0.067 0.221 
  8 NS_SS0945    (3)    1 :  0.062 0.142 0.164 0.069 0.177 0.197 0.093 0.095 
  9 NS_SS0922    (2)    1 :  0.100 0.072 0.056 0.190 0.251 0.112 0.124 0.095 
 10 NS_SS0929    (7)    1 :  0.154 0.150 0.146 0.074 0.067 0.098 0.147 0.166 
 11 NS_SS0956    (2)    1 :  0.094 0.069 0.074 0.322 0.119 0.153 0.062 0.108 
 12 NS_SS0906    (3)    1 :  0.087 0.147 0.162 0.081 0.084 0.104 0.116 0.220 
 13 NS_SS0721    (6)    1 :  0.149 0.062 0.191 0.265 0.064 0.091 0.121 0.057 
 14 NS_SS0982    (4)    1 :  0.087 0.075 0.107 0.131 0.074 0.149 0.139 0.238 
 15 NS_SS0923    (5)    1 :  0.142 0.093 0.127 0.082 0.103 0.197 0.111 0.145 
 16 NS_SS0905    (6)    1 :  0.135 0.079 0.250 0.052 0.063 0.246 0.066 0.109 
 17 NS_SS0925    (3)    1 :  0.235 0.042 0.159 0.117 0.117 0.086 0.083 0.161 
 18 NS_SS0947    (5)    1 :  0.189 0.091 0.073 0.103 0.107 0.114 0.137 0.186 
 19 NS_SS0926    (2)    1 :  0.049 0.238 0.139 0.067 0.075 0.106 0.249 0.078 
 20 NS_SS0918    (6)    1 :  0.055 0.058 0.161 0.086 0.062 0.152 0.093 0.333 
 21 NS_SS0966    (4)    1 :  0.140 0.069 0.119 0.068 0.097 0.121 0.164 0.222 
 22 NS_SS0938    (2)    1 :  0.064 0.080 0.061 0.094 0.299 0.080 0.245 0.077 
 23 NS_SS0917    (2)    1 :  0.199 0.165 0.077 0.099 0.064 0.140 0.207 0.049 
 24 NS_SS0957   (11)    1 :  0.091 0.105 0.118 0.224 0.069 0.184 0.099 0.110 
 25 NS_SS0987    (1)    1 :  0.054 0.088 0.194 0.229 0.051 0.204 0.085 0.094 
 26 NS_SS0717    (4)    1 :  0.086 0.060 0.159 0.111 0.154 0.258 0.047 0.125 
 27 NS_SS0986    (2)    1 :  0.040 0.116 0.225 0.141 0.079 0.162 0.133 0.104 
 28 NS_SS0953    (4)    1 :  0.193 0.065 0.135 0.096 0.121 0.120 0.045 0.225 
 29 NS_SS0907    (3)    1 :  0.101 0.083 0.216 0.060 0.073 0.091 0.106 0.270 
 30 NS_SS0974    (6)    1 :  0.213 0.130 0.094 0.054 0.090 0.138 0.099 0.181 
 31 NS_SS0989    (1)    1 :  0.184 0.214 0.077 0.086 0.116 0.053 0.213 0.057 
 32 NS_SS0991    (2)    1 :  0.045 0.109 0.376 0.170 0.065 0.050 0.052 0.134 
 33 NS_SS0994    (2)    1 :  0.060 0.342 0.146 0.060 0.193 0.067 0.076 0.057 
 34 NS_SS0931    (6)    1 :  0.050 0.178 0.269 0.127 0.091 0.057 0.136 0.092 
 35 NS_SS1000    (5)    1 :  0.077 0.085 0.070 0.070 0.203 0.190 0.124 0.182 
 36 NS_SS0919    (1)    1 :  0.105 0.088 0.256 0.045 0.050 0.084 0.261 0.111 
 37 NS_SS0949    (3)    1 :  0.194 0.159 0.113 0.160 0.105 0.043 0.165 0.060 
 38 NS_SS0960   (10)    1 :  0.175 0.166 0.094 0.102 0.034 0.160 0.103 0.166 
 39 NS_SS0716    (2)    1 :  0.048 0.078 0.081 0.136 0.069 0.479 0.067 0.043 
 40 NS_SS0924    (8)    1 :  0.158 0.116 0.121 0.111 0.055 0.115 0.104 0.219 
 41 NS_SS0935    (1)    1 :  0.120 0.197 0.201 0.137 0.063 0.108 0.065 0.109 
 42 NS_SS0952   (13)    1 :  0.094 0.184 0.194 0.060 0.086 0.091 0.121 0.171 
 43 NS_SS0962   (10)    1 :  0.052 0.063 0.100 0.079 0.154 0.205 0.264 0.082 
 44 NS_SS0973    (5)    1 :  0.290 0.065 0.133 0.094 0.070 0.058 0.079 0.210 
 45 NS_SS0722    (1)    1 :  0.104 0.059 0.110 0.073 0.256 0.186 0.040 0.172 
 46 NS_SS0979   (13)    1 :  0.067 0.061 0.141 0.162 0.094 0.209 0.125 0.141 
 47 NS_SS0993    (2)    1 :  0.159 0.045 0.157 0.112 0.201 0.094 0.088 0.145 
 48 NS_SS0958    (1)    1 :  0.074 0.239 0.094 0.058 0.104 0.194 0.094 0.143 
 49 NS_SS0988    (4)    1 :  0.055 0.123 0.128 0.070 0.059 0.156 0.232 0.177 
 50 NS_SS1003    (2)    1 :  0.048 0.049 0.066 0.243 0.094 0.050 0.353 0.098 
 51 NS_SS0976    (0)    1 :  0.067 0.181 0.160 0.097 0.132 0.053 0.173 0.136 
 52 NS_SS0964   (10)    1 :  0.106 0.060 0.075 0.150 0.235 0.207 0.055 0.110 
 53 NS_SS0939    (4)    1 :  0.064 0.059 0.055 0.178 0.121 0.388 0.099 0.037 
 54 NS_SS0990    (6)    1 :  0.046 0.176 0.094 0.108 0.139 0.179 0.206 0.051 
 55 NS_SS0984    (2)    1 :  0.103 0.057 0.075 0.074 0.216 0.236 0.122 0.116 
 56 NS_SS0980    (9)    1 :  0.340 0.064 0.083 0.053 0.079 0.093 0.085 0.203 
 57 NS_SS0978    (4)    1 :  0.122 0.113 0.075 0.085 0.192 0.087 0.168 0.159 
 58 NS_SS0951   (17)    1 :  0.055 0.126 0.247 0.181 0.064 0.140 0.053 0.134 
 59 NS_SS0913    (3)    1 :  0.060 0.097 0.082 0.204 0.180 0.206 0.077 0.094 
 60 NS_SS1002    (1)    1 :  0.068 0.061 0.055 0.046 0.071 0.126 0.350 0.222 
 61 NS_SS0948    (1)    1 :  0.082 0.119 0.212 0.086 0.105 0.122 0.113 0.162 
 62 NS_SS0916    (4)    1 :  0.324 0.136 0.054 0.087 0.127 0.097 0.126 0.050 
 63 NS_SS0995    (1)    1 :  0.346 0.060 0.086 0.093 0.056 0.181 0.112 0.065 
 64 NS_SS0927    (6)    1 :  0.183 0.145 0.165 0.052 0.079 0.157 0.154 0.064 
 65 NS_SS0992    (5)    1 :  0.211 0.168 0.040 0.064 0.139 0.089 0.147 0.141 
 66 NS_SS0912    (1)    1 :  0.041 0.130 0.180 0.220 0.064 0.132 0.128 0.106 
 67 NS_SS0981    (1)    1 :  0.049 0.066 0.165 0.135 0.077 0.143 0.184 0.180 
 68 NS_SS0729    (5)    2 :  0.294 0.225 0.121 0.048 0.099 0.040 0.073 0.100 
 69 NS_SS0967   (14)    2 :  0.160 0.054 0.101 0.072 0.071 0.096 0.199 0.246 
 70 NS_SS0941    (7)    2 :  0.124 0.092 0.101 0.117 0.287 0.097 0.112 0.070 
 71 NS_SS0768   (12)    2 :  0.051 0.091 0.118 0.258 0.123 0.107 0.101 0.152 
 72 NS_SS0726    (4)    2 :  0.248 0.166 0.056 0.060 0.184 0.033 0.155 0.099 
 73 NS_SS0763    (4)    2 :  0.097 0.185 0.128 0.078 0.171 0.113 0.108 0.119 
 74 NS_SS0730    (6)    2 :  0.153 0.066 0.086 0.109 0.085 0.261 0.159 0.081 
 75 NS_SS0774    (1)    2 :  0.240 0.057 0.058 0.064 0.136 0.205 0.095 0.144 
 76 NS_SS0723    (3)    2 :  0.215 0.032 0.129 0.113 0.078 0.142 0.175 0.116 
 77 NS_SS0940    (9)    2 :  0.136 0.141 0.113 0.096 0.185 0.143 0.137 0.048 
 78 NS_SS0762    (1)    2 :  0.137 0.050 0.063 0.104 0.244 0.221 0.054 0.126 
 79 NS_SS0766   (11)    2 :  0.138 0.123 0.101 0.101 0.189 0.237 0.063 0.048 
 80 NS_SS0724    (1)    2 :  0.099 0.065 0.172 0.179 0.164 0.091 0.058 0.170 
 81 NS_SS0769    (3)    2 :  0.079 0.096 0.122 0.116 0.092 0.186 0.193 0.117 
 82 NS_SS0777    (2)    2 :  0.050 0.142 0.324 0.095 0.069 0.128 0.121 0.073 
 83 NS_SS0734    (6)    2 :  0.124 0.139 0.111 0.217 0.117 0.130 0.107 0.055 
 84 NS_SS0737    (3)    2 :  0.199 0.052 0.046 0.075 0.313 0.163 0.071 0.080 
 85 NS_SS0732    (5)    2 :  0.192 0.045 0.137 0.243 0.053 0.142 0.065 0.125 
 86 NS_SS0728    (5)    2 :  0.232 0.082 0.146 0.161 0.137 0.110 0.069 0.063 
 87 NS_SS0735    (9)    2 :  0.217 0.058 0.135 0.163 0.202 0.083 0.043 0.100 
 88 NS_SS0725    (1)    2 :  0.043 0.081 0.059 0.167 0.398 0.060 0.117 0.074 
 89 NS_SS0788    (2)    2 :  0.156 0.090 0.094 0.102 0.077 0.114 0.288 0.079 
 90 NS_SS0778    (2)    2 :  0.164 0.099 0.194 0.127 0.051 0.073 0.227 0.064 
 91 NS_SS0792    (6)    2 :  0.232 0.132 0.090 0.177 0.078 0.109 0.068 0.114 
 92 NS_SS0943   (11)    2 :  0.068 0.221 0.088 0.200 0.081 0.040 0.060 0.241 
 93 NS_SS0791    (2)    2 :  0.330 0.128 0.086 0.163 0.069 0.109 0.072 0.044 
 94 NS_SS0790    (5)    2 :  0.073 0.035 0.084 0.253 0.137 0.152 0.069 0.197 
 95 NS_SS0731    (6)    2 :  0.048 0.054 0.191 0.238 0.099 0.212 0.094 0.065 
 96 NS_SS0727    (6)    2 :  0.197 0.206 0.068 0.080 0.260 0.088 0.035 0.065 
 97 NS_SS0779   (12)    2 :  0.142 0.069 0.285 0.104 0.094 0.122 0.119 0.065 
 98 NS_SS0776    (3)    2 :  0.086 0.131 0.106 0.115 0.247 0.132 0.108 0.074 
 99 NS_SS0775    (5)    2 :  0.160 0.062 0.053 0.101 0.126 0.346 0.067 0.085 
100 NS_SS0965    (3)    3 :  0.099 0.063 0.179 0.222 0.056 0.095 0.140 0.146 
101 NS_SS0754   (13)    3 :  0.181 0.183 0.092 0.241 0.069 0.067 0.083 0.085 
102 NS_SS0838    (5)    3 :  0.116 0.105 0.166 0.080 0.166 0.157 0.101 0.110 
103 NS_SS0839    (3)    3 :  0.147 0.057 0.057 0.124 0.185 0.208 0.100 0.123 
104 NS_SS0832    (4)    3 :  0.083 0.037 0.127 0.146 0.109 0.143 0.119 0.237 
105 NS_SS0820    (4)    3 :  0.109 0.039 0.106 0.213 0.094 0.089 0.208 0.141 
106 NS_SS0886    (9)    3 :  0.137 0.157 0.129 0.175 0.070 0.119 0.131 0.082 
107 NS_SS0748    (5)    3 :  0.081 0.107 0.256 0.091 0.068 0.141 0.113 0.142 
108 NS_SS0884    (9)    3 :  0.188 0.125 0.103 0.131 0.112 0.095 0.097 0.149 
109 NS_SS0752    (3)    3 :  0.212 0.090 0.087 0.088 0.164 0.137 0.105 0.119 
110 NS_SS0862    (1)    3 :  0.195 0.037 0.126 0.295 0.053 0.076 0.078 0.139 
111 NS_SS0787    (9)    3 :  0.092 0.351 0.099 0.097 0.048 0.109 0.101 0.104 
112 NS_SS0843    (6)    3 :  0.155 0.069 0.232 0.140 0.150 0.074 0.083 0.097 
113 NS_SS0856    (4)    3 :  0.205 0.106 0.061 0.086 0.154 0.177 0.160 0.050 
114 NS_SS0846    (2)    3 :  0.152 0.120 0.121 0.049 0.135 0.054 0.160 0.208 
115 NS_SS0825    (1)    3 :  0.059 0.099 0.128 0.225 0.073 0.054 0.252 0.110 
116 NS_SS0757    (3)    3 :  0.093 0.110 0.231 0.171 0.085 0.101 0.079 0.129 
117 NS_SS0876    (3)    3 :  0.131 0.085 0.103 0.154 0.184 0.088 0.101 0.153 
118 NS_SS0903    (9)    3 :  0.390 0.038 0.068 0.049 0.071 0.097 0.097 0.190 
119 NS_SS0875    (7)    3 :  0.079 0.088 0.162 0.103 0.065 0.254 0.172 0.075 
120 NS_SS0740    (5)    3 :  0.113 0.078 0.224 0.120 0.176 0.086 0.069 0.132 
121 NS_SS0811    (5)    3 :  0.087 0.054 0.102 0.191 0.046 0.328 0.059 0.133 
122 NS_SS0751    (1)    3 :  0.094 0.089 0.109 0.065 0.178 0.200 0.199 0.065 
123 NS_SS0891    (6)    3 :  0.064 0.115 0.072 0.110 0.271 0.118 0.148 0.102 
124 NS_SS0867    (2)    3 :  0.091 0.119 0.137 0.186 0.052 0.039 0.132 0.245 
125 NS_SS0890    (6)    3 :  0.201 0.079 0.136 0.065 0.074 0.194 0.107 0.145 
126 NS_SS0866   (11)    3 :  0.096 0.352 0.085 0.113 0.105 0.069 0.106 0.074 
127 NS_SS0755    (4)    3 :  0.101 0.101 0.078 0.194 0.079 0.126 0.116 0.203 
128 NS_SS0758    (4)    3 :  0.201 0.072 0.194 0.079 0.192 0.083 0.090 0.089 
129 NS_SS0840    (2)    3 :  0.115 0.040 0.075 0.133 0.120 0.151 0.166 0.200 
130 NS_SS0889    (4)    3 :  0.068 0.260 0.092 0.232 0.083 0.074 0.074 0.117 
131 NS_SS1010    (1)    3 :  0.100 0.084 0.095 0.080 0.054 0.209 0.201 0.176 
132 NS_SS0888    (5)    3 :  0.261 0.291 0.044 0.134 0.077 0.079 0.041 0.073 
133 NS_SS0837    (3)    3 :  0.112 0.058 0.099 0.250 0.056 0.121 0.073 0.232 
134 NS_SS0794    (9)    3 :  0.159 0.244 0.099 0.094 0.106 0.158 0.048 0.091 
135 NS_SS0823    (4)    3 :  0.088 0.056 0.121 0.084 0.183 0.093 0.107 0.268 
136 NS_SS0829    (7)    3 :  0.068 0.206 0.246 0.141 0.045 0.086 0.055 0.152 
137 NS_SS0844    (5)    3 :  0.170 0.039 0.057 0.089 0.042 0.059 0.063 0.480 
138 NS_SS1008    (5)    3 :  0.094 0.217 0.086 0.080 0.161 0.198 0.059 0.105 
139 NS_SS0881    (3)    3 :  0.079 0.163 0.065 0.114 0.076 0.140 0.264 0.099 
140 NS_SS0834    (6)    3 :  0.056 0.059 0.067 0.103 0.430 0.081 0.126 0.078 
141 NS_SS0744   (10)    3 :  0.218 0.089 0.096 0.154 0.079 0.061 0.165 0.140 
142 NS_SS0899    (7)    3 :  0.064 0.052 0.164 0.200 0.115 0.199 0.058 0.149 
143 NS_SS0804    (4)    3 :  0.117 0.032 0.159 0.165 0.147 0.108 0.125 0.147 
144 NS_SS0781   (10)    3 :  0.077 0.038 0.184 0.066 0.119 0.148 0.198 0.170 
145 NS_SS0822    (6)    3 :  0.131 0.119 0.194 0.127 0.231 0.038 0.042 0.118 
146 NS_SS1004    (4)    3 :  0.134 0.083 0.128 0.116 0.098 0.074 0.113 0.253 
147 NS_SS0746    (5)    3 :  0.064 0.105 0.215 0.071 0.166 0.072 0.091 0.215 
148 NS_SS0880    (3)    3 :  0.128 0.074 0.073 0.133 0.159 0.080 0.123 0.229 
149 NS_SS0879    (4)    3 :  0.108 0.111 0.051 0.200 0.225 0.060 0.081 0.163 
150 NS_SS0753    (2)    3 :  0.120 0.160 0.214 0.115 0.053 0.116 0.067 0.157 
151 NS_SS1007    (2)    3 :  0.245 0.085 0.064 0.048 0.119 0.207 0.177 0.056 
152 NS_SS0872    (5)    3 :  0.167 0.074 0.073 0.088 0.127 0.188 0.139 0.143 
153 NS_SS1005    (7)    3 :  0.087 0.060 0.153 0.077 0.140 0.111 0.134 0.237 
154 NS_SS0892    (6)    3 :  0.079 0.097 0.198 0.108 0.153 0.154 0.110 0.102 
155 NS_SS0898    (0)    3 :  0.075 0.200 0.126 0.145 0.098 0.110 0.111 0.135 
156 NS_SS0801    (9)    3 :  0.071 0.077 0.243 0.174 0.074 0.125 0.094 0.142 
157 NS_SS0827    (8)    3 :  0.087 0.094 0.217 0.097 0.035 0.261 0.133 0.075 
158 NS_SS0853    (6)    3 :  0.112 0.123 0.111 0.113 0.036 0.344 0.050 0.111 
159 NS_SS0780    (2)    3 :  0.136 0.047 0.188 0.169 0.106 0.097 0.188 0.068 
160 NS_SS0826   (10)    3 :  0.036 0.103 0.131 0.118 0.097 0.039 0.252 0.223 
161 NS_SS0818    (5)    3 :  0.144 0.051 0.070 0.125 0.152 0.165 0.180 0.113 
162 NS_SS0745    (1)    3 :  0.025 0.060 0.042 0.177 0.331 0.257 0.069 0.038 
163 NS_SS0849    (3)    3 :  0.044 0.055 0.150 0.381 0.061 0.105 0.116 0.089 
164 NS_SS0739    (3)    3 :  0.185 0.095 0.084 0.165 0.072 0.171 0.186 0.041 
165 NS_SS0799    (1)    3 :  0.316 0.106 0.166 0.091 0.074 0.136 0.041 0.070 
166 NS_SS0756    (2)    3 :  0.072 0.063 0.085 0.126 0.075 0.120 0.175 0.285 
167 NS_SS0802    (2)    3 :  0.164 0.109 0.146 0.055 0.108 0.092 0.250 0.077 
168 NS_SS0747    (6)    3 :  0.148 0.079 0.155 0.069 0.085 0.099 0.161 0.204 
169 NS_SS0835    (1)    3 :  0.131 0.250 0.154 0.060 0.064 0.082 0.172 0.087 
170 NS_SS0742   (18)    3 :  0.230 0.051 0.169 0.120 0.073 0.094 0.165 0.098 
171 NS_SS0760    (9)    3 :  0.084 0.276 0.129 0.055 0.094 0.143 0.093 0.126 
172 NS_SS0803    (4)    3 :  0.304 0.039 0.080 0.076 0.069 0.048 0.040 0.344 
173 NS_SS0828   (13)    3 :  0.149 0.093 0.163 0.202 0.063 0.150 0.088 0.092 
174 NS_SS0865    (2)    3 :  0.106 0.107 0.081 0.231 0.041 0.055 0.238 0.141 
175 NS_SS0759    (4)    3 :  0.112 0.048 0.130 0.159 0.169 0.182 0.099 0.101 
176 NS_SS0851    (5)    3 :  0.035 0.061 0.051 0.447 0.136 0.101 0.074 0.096 
177 NS_SS0874   (16)    3 :  0.114 0.047 0.228 0.072 0.088 0.103 0.070 0.277 
178 NS_SS0761    (6)    3 :  0.071 0.214 0.185 0.140 0.056 0.065 0.109 0.162 
179 NS_SS0842   (25)    3 :  0.096 0.183 0.111 0.086 0.084 0.217 0.095 0.128 
180 NS_SS0785    (6)    3 :  0.184 0.133 0.128 0.121 0.072 0.101 0.093 0.168 
181 NS_SS0860   (11)    3 :  0.108 0.262 0.150 0.073 0.080 0.076 0.142 0.109 
182 NS_SS0897    (7)    3 :  0.096 0.326 0.114 0.150 0.065 0.102 0.070 0.077 
183 NS_SS0841   (14)    3 :  0.069 0.056 0.100 0.198 0.125 0.240 0.074 0.138 
184 NS_SS0797    (6)    3 :  0.072 0.181 0.114 0.208 0.056 0.103 0.121 0.145 
185 NS_SS0830   (10)    3 :  0.100 0.122 0.104 0.189 0.069 0.124 0.159 0.132 
186 NS_SS1011    (5)    3 :  0.097 0.057 0.065 0.153 0.122 0.052 0.249 0.204 
187 NS_SS0883    (5)    3 :  0.206 0.109 0.150 0.115 0.033 0.212 0.070 0.106 
188 NS_SS0782    (2)    3 :  0.192 0.150 0.068 0.100 0.159 0.144 0.076 0.113 
189 NS_SS0831    (5)    3 :  0.102 0.211 0.141 0.241 0.060 0.102 0.062 0.080 
190 NS_SS0749    (7)    3 :  0.184 0.123 0.095 0.219 0.096 0.119 0.094 0.069 
191 NS_SS0854    (2)    3 :  0.264 0.102 0.090 0.112 0.206 0.055 0.063 0.107 
192 HI_SS0193    (0)    4 :  0.076 0.196 0.058 0.214 0.293 0.039 0.069 0.054 
193 HI_SS0194    (0)    4 :  0.042 0.086 0.094 0.085 0.462 0.045 0.121 0.065 
194 HI_SS0195    (9)    4 :  0.094 0.043 0.081 0.277 0.136 0.146 0.159 0.064 
195 HI_SS0196    (6)    4 :  0.201 0.126 0.104 0.088 0.150 0.174 0.072 0.086 
196 HI_SS0197    (3)    4 :  0.069 0.066 0.093 0.048 0.098 0.085 0.471 0.069 
197 HI_SS0198    (1)    4 :  0.152 0.133 0.126 0.229 0.067 0.112 0.101 0.081 
198 HI_SS0199    (1)    4 :  0.308 0.192 0.050 0.076 0.108 0.104 0.070 0.092 
199 HI_SS0201    (4)    4 :  0.102 0.222 0.192 0.153 0.041 0.049 0.087 0.154 
200 HI_SS0215    (1)    4 :  0.094 0.204 0.193 0.100 0.035 0.101 0.152 0.121 
201 HI_SS0218    (1)    4 :  0.134 0.356 0.043 0.155 0.094 0.099 0.041 0.078 
202 HI_SS0222    (0)    4 :  0.130 0.096 0.091 0.200 0.132 0.138 0.169 0.045 
203 HI_SS0230    (1)    4 :  0.051 0.075 0.155 0.064 0.079 0.233 0.238 0.107 
204 HI_SS0234    (1)    4 :  0.260 0.089 0.076 0.050 0.152 0.057 0.189 0.128 
205 HI_SS0240    (1)    4 :  0.339 0.078 0.051 0.111 0.163 0.120 0.075 0.064 
206 HI_SS0241    (0)    4 :  0.128 0.213 0.139 0.123 0.075 0.087 0.096 0.140 
207 HI_SS0242    (0)    4 :  0.116 0.169 0.095 0.161 0.101 0.088 0.087 0.183 
208 HI_SS0247    (0)    4 :  0.050 0.093 0.185 0.109 0.125 0.079 0.112 0.248 
209 HI_SS0248    (1)    4 :  0.185 0.183 0.221 0.052 0.119 0.117 0.040 0.084 
210 HI_SS0252    (2)    4 :  0.134 0.060 0.136 0.160 0.287 0.074 0.044 0.104 
211 HI_SS0254    (1)    4 :  0.102 0.119 0.135 0.053 0.104 0.077 0.270 0.141 
212 HI_SS0256    (0)    4 :  0.116 0.025 0.047 0.105 0.175 0.126 0.138 0.266 
213 HI_SS0257    (0)    4 :  0.132 0.227 0.126 0.045 0.107 0.041 0.140 0.182 
214 HI_SS0258    (1)    4 :  0.111 0.244 0.113 0.109 0.104 0.115 0.076 0.129 
215 HI_SS0259    (1)    4 :  0.095 0.075 0.069 0.161 0.218 0.059 0.250 0.075 
216 HI_SS0260    (1)    4 :  0.195 0.226 0.087 0.068 0.069 0.206 0.071 0.078 
217 HI_SS0261    (2)    4 :  0.067 0.147 0.096 0.060 0.198 0.058 0.200 0.175 
218 HI_SS0262    (0)    4 :  0.187 0.094 0.051 0.229 0.068 0.155 0.114 0.102 
219 HI_SS0264    (1)    4 :  0.042 0.084 0.123 0.096 0.075 0.280 0.200 0.100 
220 HI_SS0265    (0)    4 :  0.078 0.081 0.088 0.231 0.090 0.085 0.255 0.092 
221 HI_SS0268    (1)    4 :  0.082 0.123 0.103 0.081 0.069 0.271 0.227 0.043 
222 HI_SS0269    (1)    4 :  0.238 0.275 0.084 0.054 0.074 0.035 0.160 0.081 
223 HI_SS0273    (0)    4 :  0.093 0.244 0.053 0.104 0.062 0.080 0.125 0.238 
224 HI_SS0277    (1)    4 :  0.110 0.073 0.061 0.106 0.056 0.064 0.399 0.131 
225 HI_SS0280    (0)    4 :  0.136 0.121 0.073 0.248 0.102 0.158 0.111 0.051 
226 HI_SS0282    (1)    4 :  0.142 0.155 0.131 0.162 0.095 0.055 0.081 0.179 
227 HI_SS0286    (1)    4 :  0.204 0.089 0.207 0.183 0.068 0.071 0.118 0.059 
228 NS_SS1252    (3)    5 :  0.124 0.314 0.164 0.080 0.064 0.078 0.058 0.119 
229 NS_SS1261    (1)    5 :  0.199 0.093 0.153 0.074 0.059 0.162 0.153 0.106 
230 NS_SS1225    (9)    5 :  0.079 0.149 0.141 0.058 0.092 0.061 0.096 0.324 
231 NS_SS1266    (1)    5 :  0.093 0.045 0.068 0.109 0.100 0.084 0.074 0.427 
232 NS_SS1228    (0)    5 :  0.123 0.088 0.052 0.284 0.074 0.197 0.108 0.075 
233 NS_SS1255    (2)    5 :  0.106 0.136 0.045 0.070 0.324 0.152 0.062 0.103 
234 NS_SS1267    (3)    5 :  0.109 0.330 0.150 0.117 0.068 0.094 0.088 0.043 
235 NS_SS1238    (6)    5 :  0.065 0.154 0.094 0.185 0.126 0.111 0.205 0.059 
236 NS_SS1233    (8)    5 :  0.031 0.064 0.165 0.070 0.103 0.141 0.078 0.347 
237 NS_SS1277    (3)    5 :  0.168 0.228 0.063 0.145 0.184 0.086 0.076 0.049 
238 NS_SS1245    (1)    5 :  0.085 0.104 0.267 0.056 0.191 0.065 0.095 0.136 
239 NS_SS1240    (4)    5 :  0.123 0.250 0.244 0.042 0.094 0.075 0.128 0.044 
240 NS_SS1275    (2)    5 :  0.069 0.048 0.051 0.208 0.154 0.078 0.261 0.132 
241 NS_SS1235    (1)    5 :  0.193 0.087 0.061 0.037 0.283 0.043 0.100 0.198 
242 NS_SS1263    (1)    5 :  0.065 0.053 0.150 0.077 0.256 0.139 0.055 0.204 
243 NS_SS1251    (1)    5 :  0.069 0.064 0.164 0.071 0.166 0.101 0.124 0.240 
244 NS_SS1248    (0)    5 :  0.036 0.118 0.103 0.368 0.056 0.137 0.110 0.073 
245 NS_SS1244    (0)    5 :  0.124 0.106 0.072 0.127 0.075 0.036 0.264 0.196 
246 NS_SS1257    (0)    5 :  0.145 0.245 0.103 0.118 0.127 0.090 0.082 0.091 
247 NS_SS1242    (2)    5 :  0.055 0.071 0.086 0.123 0.163 0.226 0.121 0.154 
248 NS_SS1271    (6)    5 :  0.227 0.294 0.096 0.123 0.045 0.061 0.095 0.059 
249 NS_SS1265    (1)    5 :  0.040 0.240 0.187 0.090 0.110 0.077 0.145 0.110 
250 NS_SS1243    (0)    5 :  0.087 0.068 0.181 0.226 0.177 0.150 0.053 0.059 
251 NS_SS1273    (1)    5 :  0.068 0.067 0.046 0.075 0.165 0.323 0.090 0.167 
252 NS_SS1254   (14)    5 :  0.094 0.069 0.123 0.066 0.090 0.195 0.061 0.302 
253 NS_SS1224    (1)    5 :  0.101 0.075 0.075 0.217 0.091 0.121 0.087 0.233 
254 NS_SS1227    (8)    5 :  0.141 0.149 0.187 0.048 0.074 0.147 0.198 0.056 
255 NS_SS1274    (8)    5 :  0.164 0.162 0.119 0.103 0.153 0.106 0.079 0.115 
256 NS_SS1241    (1)    5 :  0.137 0.193 0.079 0.136 0.104 0.064 0.078 0.209 
257 NS_SS1256    (3)    5 :  0.050 0.170 0.119 0.058 0.099 0.082 0.144 0.278 
258 NS_SS1260    (8)    5 :  0.290 0.201 0.092 0.072 0.046 0.113 0.076 0.110 
259 NS_SS1262    (0)    5 :  0.121 0.152 0.083 0.142 0.055 0.075 0.125 0.249 
260 NS_SS1230    (0)    5 :  0.061 0.206 0.079 0.103 0.130 0.158 0.095 0.168 
261 NS_SS1270    (2)    5 :  0.041 0.068 0.142 0.277 0.098 0.054 0.105 0.215 
262 NS_SS1229    (2)    5 :  0.217 0.043 0.125 0.040 0.273 0.044 0.161 0.097 
263 NS_SS1246    (5)    5 :  0.202 0.158 0.121 0.073 0.192 0.038 0.166 0.050 
264 NS_SS1269    (0)    5 :  0.132 0.095 0.076 0.158 0.119 0.149 0.110 0.161 
265 NS_SS1239    (1)    5 :  0.299 0.050 0.066 0.239 0.156 0.066 0.064 0.059 
266 NS_SS1272    (4)    5 :  0.053 0.071 0.112 0.076 0.116 0.057 0.394 0.121 
267 NS_SS1268    (1)    5 :  0.047 0.067 0.159 0.315 0.080 0.100 0.048 0.184 
268 NS_SS1249    (0)    5 :  0.211 0.319 0.070 0.080 0.099 0.059 0.050 0.112 
269 HI_SS0559    (0)    6 :  0.116 0.137 0.137 0.204 0.128 0.117 0.044 0.117 
270 HI_SS0563    (1)    6 :  0.246 0.094 0.085 0.101 0.071 0.085 0.154 0.164 
271 HI_SS0564    (0)    6 :  0.108 0.071 0.159 0.146 0.171 0.060 0.178 0.108 
272 HI_SS0565    (0)    6 :  0.076 0.102 0.241 0.060 0.065 0.120 0.222 0.113 
273 HI_SS0569    (0)    6 :  0.064 0.120 0.373 0.066 0.046 0.058 0.113 0.160 
274 HI_SS0570    (0)    6 :  0.111 0.226 0.129 0.142 0.161 0.081 0.109 0.041 
275 HI_SS0572    (1)    6 :  0.221 0.053 0.123 0.070 0.230 0.118 0.102 0.084 
276 HI_SS0576    (0)    6 :  0.095 0.065 0.078 0.190 0.139 0.210 0.140 0.082 
277 HI_SS0579    (1)    6 :  0.175 0.125 0.187 0.064 0.099 0.045 0.051 0.253 
278 HI_SS0580    (1)    6 :  0.156 0.205 0.081 0.102 0.119 0.202 0.052 0.083 
279 HI_SS0581    (0)    6 :  0.078 0.050 0.082 0.243 0.120 0.095 0.263 0.068 
280 HI_SS0583    (1)    6 :  0.080 0.167 0.296 0.032 0.122 0.154 0.070 0.079 
281 HI_SS0586    (1)    6 :  0.052 0.252 0.245 0.076 0.045 0.209 0.072 0.048 
282 HI_SS0588    (1)    6 :  0.114 0.127 0.290 0.068 0.090 0.093 0.053 0.164 
283 HI_SS0595    (4)    6 :  0.076 0.202 0.069 0.051 0.081 0.120 0.300 0.102 
284 HI_SS0596    (0)    6 :  0.139 0.068 0.077 0.062 0.299 0.216 0.050 0.089 
285 HI_SS0597    (1)    6 :  0.083 0.059 0.182 0.054 0.257 0.131 0.140 0.095 
286 HI_SS0600    (0)    6 :  0.297 0.133 0.066 0.113 0.063 0.058 0.179 0.091 
287 HI_SS0601    (1)    6 :  0.142 0.090 0.168 0.111 0.036 0.074 0.160 0.219 
288 HI_SS0602    (1)    6 :  0.064 0.168 0.240 0.119 0.087 0.215 0.055 0.052 
289 HI_SS0604    (0)    6 :  0.051 0.059 0.325 0.134 0.230 0.051 0.055 0.095 
290 HI_SS0605    (1)    6 :  0.184 0.111 0.165 0.295 0.061 0.056 0.062 0.065 
291 HI_SS0608    (0)    6 :  0.066 0.110 0.134 0.102 0.195 0.243 0.088 0.063 
292 HI_SS0609    (0)    6 :  0.095 0.077 0.125 0.057 0.100 0.145 0.125 0.276 
293 HI_SS0611    (5)    6 :  0.082 0.204 0.184 0.201 0.062 0.146 0.062 0.060 
294 HI_SS0612    (1)    6 :  0.249 0.122 0.065 0.037 0.057 0.052 0.063 0.354 
295 HI_SS0613    (1)    6 :  0.068 0.095 0.120 0.340 0.049 0.149 0.068 0.110 
296 HI_SS0615    (0)    6 :  0.200 0.043 0.061 0.121 0.175 0.190 0.137 0.073 
297 HI_SS0001    (1)    6 :  0.116 0.190 0.054 0.078 0.266 0.081 0.110 0.106 
298 HI_SS0002    (1)    6 :  0.072 0.053 0.123 0.066 0.169 0.130 0.157 0.230 
299 HI_SS0004    (0)    6 :  0.094 0.214 0.102 0.124 0.189 0.137 0.074 0.065 
300 HI_SS0005    (1)    6 :  0.076 0.092 0.064 0.271 0.060 0.201 0.152 0.084 
301 HI_SS0006    (1)    6 :  0.099 0.172 0.172 0.078 0.125 0.051 0.133 0.171 
302 HI_SS0007    (1)    6 :  0.110 0.207 0.066 0.356 0.109 0.062 0.043 0.047 
303 HI_SS0008    (0)    6 :  0.082 0.069 0.229 0.117 0.099 0.117 0.188 0.098 
304 HI_SS0009    (0)    6 :  0.166 0.054 0.126 0.206 0.166 0.168 0.043 0.071 
305 HI_SS0010    (1)    6 :  0.102 0.141 0.171 0.109 0.058 0.196 0.131 0.092 
306 HI_SS0011    (1)    6 :  0.032 0.096 0.077 0.122 0.094 0.105 0.181 0.294 
307 HI_SS0012    (0)    6 :  0.301 0.030 0.113 0.076 0.048 0.147 0.219 0.064 
308 HI_SS0017    (1)    6 :  0.060 0.084 0.073 0.114 0.462 0.075 0.070 0.062 
309 HI_SS0021    (1)    6 :  0.065 0.205 0.117 0.065 0.046 0.210 0.204 0.088 
310 HI_SS0024    (1)    6 :  0.153 0.071 0.052 0.177 0.110 0.164 0.208 0.065 
311 HI_SS0025    (1)    6 :  0.096 0.076 0.084 0.138 0.227 0.194 0.053 0.133 
312 HI_SS0027    (0)    6 :  0.117 0.140 0.215 0.132 0.073 0.105 0.057 0.161 
313 HI_SS0028    (0)    6 :  0.038 0.039 0.078 0.152 0.062 0.283 0.272 0.077 
314 HI_SS0029    (1)    6 :  0.151 0.159 0.042 0.055 0.074 0.342 0.130 0.048 
315 HI_SS0030    (2)    6 :  0.149 0.130 0.105 0.164 0.167 0.054 0.105 0.125 
316 HI_SS0031    (0)    6 :  0.232 0.068 0.106 0.048 0.072 0.122 0.202 0.150 
317 HI_SS0034    (0)    6 :  0.150 0.199 0.183 0.109 0.120 0.043 0.061 0.136 
318 HI_SS0036    (0)    6 :  0.079 0.281 0.063 0.167 0.069 0.093 0.214 0.035 
319 HI_SS0037    (1)    6 :  0.054 0.247 0.152 0.105 0.051 0.210 0.062 0.119 
320 HI_SS0039    (0)    6 :  0.065 0.236 0.059 0.215 0.051 0.186 0.106 0.082 
321 HI_SS0041    (1)    6 :  0.092 0.076 0.074 0.310 0.167 0.131 0.091 0.059 
322 HI_SS0042    (1)    6 :  0.087 0.060 0.081 0.116 0.153 0.177 0.197 0.130 
323 HI_SS0043    (1)    6 :  0.111 0.288 0.163 0.094 0.061 0.049 0.165 0.068 
324 HI_SS0044    (1)    6 :  0.179 0.219 0.048 0.053 0.145 0.240 0.065 0.051 
325 HI_SS0047    (1)    6 :  0.098 0.059 0.164 0.177 0.232 0.064 0.108 0.097 
326 HI_SS0049    (0)    6 :  0.053 0.087 0.150 0.074 0.311 0.138 0.052 0.134 
327 HI_SS0051    (1)    6 :  0.110 0.071 0.147 0.329 0.053 0.061 0.066 0.162 
328 HI_SS0053    (1)    6 :  0.085 0.233 0.178 0.082 0.116 0.045 0.182 0.079 
329 HI_SS0054    (4)    6 :  0.059 0.184 0.253 0.145 0.056 0.043 0.071 0.189 
330 HI_SS0057    (0)    6 :  0.041 0.088 0.150 0.212 0.181 0.085 0.152 0.092 
331 HI_SS0058    (0)    6 :  0.088 0.206 0.161 0.096 0.097 0.150 0.054 0.149 
332 HI_SS0060    (0)    6 :  0.117 0.087 0.126 0.180 0.055 0.076 0.222 0.137 
333 HI_SS0087    (1)    6 :  0.077 0.092 0.261 0.084 0.127 0.058 0.192 0.108 
334 HI_SS0091    (0)    6 :  0.101 0.285 0.120 0.059 0.085 0.041 0.201 0.109 
335 HI_SS0095    (1)    6 :  0.225 0.117 0.098 0.124 0.079 0.074 0.158 0.126 
336 HI_SS0097    (3)    6 :  0.190 0.062 0.172 0.067 0.060 0.072 0.085 0.292 
337 HI_SS0099    (0)    6 :  0.064 0.104 0.126 0.057 0.099 0.412 0.069 0.069 
338 HI_SS0103    (0)    6 :  0.182 0.087 0.083 0.095 0.238 0.064 0.156 0.094 
339 HI_SS0105    (1)    6 :  0.096 0.085 0.124 0.146 0.067 0.061 0.267 0.155 
340 HI_SS0107    (1)    6 :  0.148 0.041 0.080 0.099 0.376 0.060 0.109 0.086 
341 HI_SS0108    (1)    6 :  0.102 0.337 0.160 0.104 0.080 0.045 0.086 0.086 
342 HI_SS0110    (0)    6 :  0.157 0.139 0.057 0.061 0.144 0.071 0.281 0.089 
343 HI_SS0111    (1)    6 :  0.221 0.094 0.119 0.113 0.093 0.086 0.206 0.068 
344 HI_SS0112    (0)    6 :  0.154 0.321 0.118 0.075 0.080 0.082 0.112 0.057 
345 HI_SS0113    (1)    6 :  0.061 0.060 0.084 0.084 0.221 0.194 0.158 0.137 
346 HI_SS0114    (1)    6 :  0.103 0.166 0.252 0.143 0.044 0.101 0.095 0.096 
347 HI_SS0115    (1)    6 :  0.271 0.089 0.125 0.087 0.106 0.175 0.041 0.105 
348 HI_SS0116    (4)    6 :  0.169 0.196 0.153 0.032 0.147 0.198 0.059 0.047 
349 HI_SS0117    (0)    6 :  0.072 0.181 0.099 0.048 0.092 0.058 0.215 0.235 
350 HI_SS0118    (0)    6 :  0.109 0.192 0.120 0.064 0.073 0.134 0.161 0.147 
351 HI_SS0119    (1)    6 :  0.173 0.131 0.114 0.103 0.049 0.046 0.265 0.119 
352 HI_SS0120    (1)    6 :  0.052 0.050 0.053 0.076 0.476 0.039 0.176 0.078 
353 HI_SS0121    (1)    6 :  0.045 0.057 0.075 0.120 0.046 0.154 0.327 0.176 
354 HI_SS0122    (2)    6 :  0.128 0.159 0.055 0.153 0.065 0.111 0.197 0.132 
355 HI_SS0123    (0)    6 :  0.137 0.120 0.090 0.063 0.095 0.099 0.207 0.188 
356 HI_SS0124    (1)    6 :  0.155 0.061 0.066 0.119 0.217 0.232 0.063 0.088 
357 HI_SS0125    (1)    6 :  0.225 0.048 0.095 0.132 0.083 0.210 0.143 0.065 
358 HI_SS0126    (0)    6 :  0.079 0.338 0.042 0.064 0.148 0.161 0.083 0.086 
359 HI_SS0127    (0)    6 :  0.073 0.076 0.193 0.249 0.073 0.105 0.071 0.161 
360 HI_SS0128    (0)    6 :  0.110 0.122 0.085 0.058 0.264 0.094 0.117 0.149 
361 HI_SS0129    (1)    6 :  0.116 0.189 0.136 0.174 0.140 0.073 0.114 0.057 
362 HI_SS0131    (2)    6 :  0.055 0.197 0.128 0.141 0.044 0.155 0.090 0.189 
363 HI_SS0132    (0)    6 :  0.131 0.123 0.088 0.092 0.053 0.140 0.252 0.120 
364 HI_SS0133    (1)    6 :  0.079 0.386 0.073 0.110 0.171 0.043 0.072 0.066 
365 HI_SS0134    (1)    6 :  0.115 0.120 0.188 0.088 0.118 0.100 0.112 0.159 
366 HI_SS0142    (3)    6 :  0.195 0.077 0.116 0.099 0.050 0.076 0.192 0.193 
367 HI_SS0145    (0)    6 :  0.154 0.156 0.119 0.078 0.121 0.079 0.072 0.221 
368 HI_SS0146    (1)    6 :  0.175 0.185 0.096 0.136 0.082 0.098 0.059 0.170 
369 HI_SS0147    (1)    6 :  0.072 0.083 0.057 0.363 0.079 0.084 0.088 0.174 
370 HI_SS0149    (1)    6 :  0.042 0.170 0.037 0.065 0.073 0.072 0.315 0.226 
371 HI_SS0150    (2)    6 :  0.114 0.063 0.099 0.179 0.189 0.141 0.113 0.102 
372 HI_SS0151    (0)    6 :  0.291 0.091 0.112 0.163 0.178 0.055 0.047 0.063 
373 NS_SS1451    (1)    6 :  0.217 0.054 0.055 0.188 0.123 0.169 0.123 0.071 
374 NS_SS1404    (0)    6 :  0.072 0.112 0.052 0.334 0.081 0.152 0.106 0.091 
375 NS_SS1432    (2)    6 :  0.084 0.053 0.055 0.066 0.163 0.209 0.329 0.040 
376 NS_SS1405    (4)    6 :  0.125 0.147 0.061 0.068 0.092 0.326 0.080 0.101 
377 NS_SS1431   (10)    6 :  0.062 0.057 0.097 0.093 0.247 0.134 0.242 0.068 
378 NS_SS1402    (3)    6 :  0.210 0.120 0.105 0.083 0.101 0.089 0.155 0.138 
379 NS_SS1450    (3)    6 :  0.115 0.213 0.092 0.165 0.236 0.050 0.075 0.055 
380 NS_SS1396    (0)    6 :  0.121 0.110 0.128 0.116 0.066 0.218 0.131 0.111 
381 NS_SS1393    (5)    6 :  0.233 0.100 0.201 0.101 0.068 0.158 0.084 0.055 
382 NS_SS1392   (10)    6 :  0.203 0.069 0.061 0.182 0.234 0.138 0.067 0.045 
383 NS_SS1445    (0)    6 :  0.045 0.180 0.223 0.118 0.076 0.072 0.148 0.138 
384 NS_SS1423    (0)    6 :  0.153 0.133 0.087 0.054 0.190 0.065 0.235 0.083 
385 NS_SS1421    (9)    6 :  0.125 0.137 0.090 0.124 0.125 0.066 0.183 0.150 
386 NS_SS1411    (6)    6 :  0.063 0.136 0.282 0.252 0.066 0.106 0.050 0.044 
387 NS_SS1453    (5)    6 :  0.143 0.202 0.066 0.100 0.076 0.109 0.230 0.075 
388 NS_SS1442    (2)    6 :  0.112 0.064 0.351 0.068 0.094 0.108 0.070 0.133 
389 NS_SS1422    (1)    6 :  0.286 0.092 0.075 0.070 0.141 0.061 0.087 0.189 
390 NS_SS1419    (1)    6 :  0.066 0.072 0.192 0.133 0.066 0.134 0.057 0.279 
391 NS_SS1427    (0)    6 :  0.199 0.305 0.073 0.058 0.197 0.053 0.075 0.040 
392 NS_SS1444    (3)    6 :  0.069 0.079 0.161 0.147 0.112 0.209 0.062 0.160 
393 NS_SS1455    (0)    6 :  0.101 0.054 0.091 0.040 0.216 0.233 0.106 0.159 
394 NS_SS1425    (2)    6 :  0.086 0.253 0.244 0.102 0.063 0.055 0.104 0.094 
395 NS_SS1400    (0)    6 :  0.049 0.231 0.170 0.078 0.086 0.146 0.067 0.173 
396 NS_SS1406    (1)    6 :  0.084 0.041 0.098 0.047 0.091 0.150 0.216 0.272 
397 NS_SS1417    (6)    6 :  0.055 0.162 0.090 0.128 0.160 0.086 0.115 0.205 
398 NS_SS1454    (2)    6 :  0.035 0.205 0.114 0.113 0.074 0.152 0.210 0.097 
399 NS_SS1412    (1)    6 :  0.095 0.166 0.100 0.189 0.156 0.123 0.097 0.074 
400 NS_SS1438    (1)    6 :  0.110 0.166 0.290 0.152 0.064 0.046 0.073 0.097 
401 NS_SS1416    (4)    6 :  0.142 0.117 0.101 0.127 0.076 0.166 0.159 0.111 
402 NS_SS1401    (0)    6 :  0.140 0.121 0.108 0.071 0.074 0.123 0.236 0.127 
403 NS_SS1424    (6)    6 :  0.128 0.137 0.075 0.162 0.084 0.051 0.252 0.111 
404 NS_SS1435    (9)    6 :  0.105 0.094 0.129 0.125 0.200 0.177 0.132 0.037 
405 NS_SS1447    (4)    6 :  0.065 0.059 0.236 0.211 0.113 0.102 0.089 0.125 
406 NS_SS1414    (3)    6 :  0.036 0.074 0.105 0.183 0.139 0.226 0.059 0.177 
407 NS_SS1449   (14)    6 :  0.339 0.082 0.066 0.114 0.143 0.046 0.137 0.071 
408 NS_SS1443    (4)    6 :  0.202 0.202 0.131 0.047 0.164 0.046 0.075 0.134 
409 NS_SS1434    (1)    6 :  0.214 0.123 0.089 0.055 0.315 0.073 0.053 0.077 
410 NS_SS1398    (1)    6 :  0.104 0.110 0.100 0.090 0.156 0.239 0.121 0.079 
411 NS_SS1426    (1)    6 :  0.119 0.215 0.209 0.090 0.115 0.054 0.124 0.075 
412 NS_SS1413    (0)    6 :  0.046 0.239 0.080 0.081 0.254 0.075 0.085 0.140 
413 NS_SS1395    (1)    6 :  0.155 0.141 0.250 0.054 0.121 0.051 0.169 0.060 
414 NS_SS1448   (10)    6 :  0.061 0.206 0.058 0.272 0.180 0.095 0.067 0.060 
415 NS_SS1446    (0)    6 :  0.175 0.173 0.101 0.131 0.102 0.050 0.172 0.095 
416 NS_SS1403    (2)    6 :  0.105 0.058 0.134 0.063 0.117 0.146 0.320 0.057 
417 NS_SS1415    (0)    6 :  0.098 0.232 0.119 0.111 0.110 0.144 0.080 0.106 
418 NS_SS1437    (4)    6 :  0.054 0.102 0.106 0.106 0.099 0.145 0.284 0.105 
419 NS_SS1439    (2)    6 :  0.181 0.081 0.197 0.078 0.081 0.088 0.100 0.194 
420 NS_SS1441    (3)    6 :  0.132 0.170 0.132 0.043 0.143 0.148 0.079 0.153 
421 NS_SS1420    (2)    6 :  0.122 0.068 0.069 0.459 0.075 0.120 0.039 0.047 
422 NS_SS1394    (2)    6 :  0.076 0.055 0.163 0.180 0.082 0.247 0.138 0.059 
423 NS_SS1391    (7)    6 :  0.101 0.169 0.114 0.063 0.286 0.107 0.105 0.055 
424 NS_SS1410    (5)    6 :  0.149 0.154 0.111 0.073 0.113 0.130 0.173 0.098 
425 NS_SS1408    (1)    6 :  0.121 0.071 0.132 0.155 0.113 0.067 0.222 0.119 
426 NS_SS1409    (1)    6 :  0.186 0.147 0.098 0.057 0.208 0.122 0.083 0.098 
427 HI_SS0617    (1)    7 :  0.266 0.216 0.047 0.135 0.110 0.084 0.072 0.071 
428 HI_SS0618    (2)    7 :  0.228 0.057 0.146 0.094 0.107 0.223 0.070 0.076 
429 HI_SS0619    (0)    7 :  0.077 0.182 0.057 0.081 0.118 0.307 0.078 0.099 
430 HI_SS0620    (1)    7 :  0.207 0.256 0.088 0.260 0.060 0.041 0.030 0.058 
431 HI_SS0621    (3)    7 :  0.175 0.085 0.058 0.114 0.116 0.131 0.133 0.186 
432 HI_SS0622    (1)    7 :  0.071 0.168 0.051 0.175 0.096 0.103 0.070 0.267 
433 HI_SS0626    (0)    7 :  0.055 0.092 0.157 0.276 0.067 0.148 0.148 0.056 
434 HI_SS0627    (0)    7 :  0.067 0.052 0.177 0.083 0.169 0.097 0.302 0.053 
435 HI_SS0628    (3)    7 :  0.059 0.230 0.101 0.093 0.112 0.153 0.192 0.061 
436 HI_SS0629    (1)    7 :  0.116 0.144 0.122 0.087 0.055 0.179 0.161 0.137 
437 HI_SS0630    (1)    7 :  0.146 0.139 0.166 0.151 0.094 0.160 0.065 0.078 
438 HI_SS0631    (0)    7 :  0.176 0.157 0.129 0.177 0.077 0.107 0.097 0.080 
439 HI_SS0632    (0)    7 :  0.067 0.094 0.210 0.207 0.134 0.088 0.087 0.114 
440 HI_SS0633    (0)    7 :  0.159 0.116 0.089 0.049 0.152 0.281 0.048 0.106 
441 HI_SS0634    (1)    7 :  0.098 0.135 0.083 0.202 0.082 0.086 0.234 0.082 
442 HI_SS0635    (0)    7 :  0.060 0.055 0.148 0.130 0.111 0.243 0.118 0.136 
443 HI_SS0637    (1)    7 :  0.079 0.107 0.140 0.242 0.052 0.046 0.139 0.194 
444 HI_SS0638    (0)    7 :  0.091 0.139 0.090 0.147 0.206 0.101 0.110 0.116 
445 HI_SS0639    (1)    7 :  0.166 0.055 0.117 0.185 0.096 0.149 0.126 0.107 
446 HI_SS0640    (1)    7 :  0.076 0.065 0.315 0.083 0.161 0.084 0.081 0.134 
447 HI_SS0641    (1)    7 :  0.068 0.189 0.145 0.168 0.038 0.227 0.083 0.083 
448 HI_SS0642    (0)    7 :  0.115 0.047 0.087 0.093 0.132 0.089 0.366 0.072 
449 HI_SS0645    (0)    7 :  0.120 0.049 0.080 0.222 0.048 0.344 0.057 0.080 
450 HI_SS0646    (1)    7 :  0.189 0.118 0.068 0.083 0.210 0.063 0.108 0.161 
451 HI_SS0647    (1)    7 :  0.038 0.126 0.066 0.119 0.304 0.093 0.128 0.127 
452 HI_SS0648    (0)    7 :  0.096 0.127 0.112 0.143 0.162 0.130 0.107 0.122 
453 HI_SS0649    (1)    7 :  0.189 0.080 0.222 0.061 0.075 0.191 0.088 0.094 
454 HI_SS0650    (1)    7 :  0.207 0.056 0.116 0.095 0.297 0.081 0.097 0.051 
455 HI_SS0651    (1)    7 :  0.194 0.088 0.134 0.097 0.083 0.179 0.095 0.131 
456 HI_SS0652    (1)    7 :  0.059 0.058 0.117 0.361 0.157 0.122 0.058 0.067 
457 NS_SS1371    (3)    7 :  0.276 0.104 0.118 0.051 0.087 0.105 0.185 0.074 
458 NS_SS1374    (0)    7 :  0.058 0.225 0.072 0.195 0.084 0.077 0.234 0.054 
459 NS_SS1337    (3)    7 :  0.062 0.073 0.039 0.355 0.144 0.050 0.151 0.127 
460 NS_SS1385    (5)    7 :  0.151 0.081 0.119 0.090 0.189 0.114 0.118 0.138 
461 NS_SS1388    (0)    7 :  0.064 0.118 0.154 0.051 0.077 0.366 0.096 0.074 
462 NS_SS1370    (1)    7 :  0.150 0.040 0.069 0.473 0.035 0.078 0.081 0.074 
463 NS_SS1389    (3)    7 :  0.056 0.096 0.129 0.100 0.104 0.368 0.097 0.050 
464 NS_SS1360    (1)    7 :  0.091 0.107 0.281 0.132 0.062 0.126 0.093 0.109 
465 NS_SS1330    (0)    7 :  0.165 0.051 0.090 0.179 0.124 0.154 0.089 0.147 
466 NS_SS1328    (8)    7 :  0.100 0.232 0.065 0.060 0.293 0.044 0.114 0.090 
467 NS_SS1384    (1)    7 :  0.108 0.091 0.260 0.133 0.089 0.049 0.140 0.129 
468 NS_SS1381    (0)    7 :  0.199 0.040 0.068 0.086 0.322 0.099 0.074 0.112 
469 NS_SS1375    (1)    7 :  0.146 0.101 0.054 0.104 0.202 0.250 0.100 0.043 
470 NS_SS1319   (10)    7 :  0.175 0.120 0.078 0.118 0.079 0.128 0.188 0.115 
471 NS_SS1326    (2)    7 :  0.104 0.284 0.091 0.054 0.114 0.204 0.084 0.065 
472 NS_SS1341    (1)    7 :  0.079 0.122 0.285 0.060 0.076 0.040 0.238 0.100 
473 NS_SS1383    (1)    7 :  0.110 0.084 0.096 0.149 0.115 0.052 0.320 0.074 
