   NS_SS0963  1 0.3126 0.4124 0.2750 
   NS_SS0983  1 0.1706 0.1833 0.6461 
   NS_SS0719  1 0.3761 0.2567 0.3672 
   NS_SS1001  1 0.4044 0.4397 0.1559 
   NS_SS0936  1 0.1809 0.6058 0.2133 
   NS_SS0955  1 0.2574 0.2958 0.4468 
   NS_SS0944  1 0.2967 0.3833 0.3200 
   NS_SS0945  1 0.2578 0.4054 0.3368 
   NS_SS0922  1 0.3957 0.4508 0.1535 
   NS_SS0929  1 0.2723 0.2842 0.4434 
   NS_SS0956  1 0.6101 0.2540 0.1359 
   NS_SS0906  1 0.2939 0.3002 0.4059 
   NS_SS0721  1 0.5395 0.1893 0.2712 
   NS_SS0982  1 0.4327 0.3007 0.2665 
   NS_SS0923  1 0.4008 0.3410 0.2582 
   NS_SS0905  1 0.4160 0.2695 0.3146 
   NS_SS0925  1 0.3377 0.5189 0.1434 
   NS_SS0947  1 0.2698 0.5367 0.1935 
   NS_SS0926  1 0.2610 0.1520 0.5870 
   NS_SS0918  1 0.5250 0.3009 0.1742 
   NS_SS0966  1 0.3552 0.3842 0.2605 
   NS_SS0938  1 0.2422 0.5906 0.1673 
   NS_SS0917  1 0.2328 0.3000 0.4671 
   NS_SS0957  1 0.5459 0.2084 0.2457 
   NS_SS0987  1 0.6781 0.1162 0.2057 
   NS_SS0717  1 0.4367 0.4062 0.1571 
   NS_SS0986  1 0.4807 0.1666 0.3527 
   NS_SS0953  1 0.3365 0.5013 0.1622 
   NS_SS0907  1 0.2755 0.3915 0.3330 
   NS_SS0974  1 0.1926 0.4903 0.3171 
   NS_SS0989  1 0.1402 0.2866 0.5732 
   NS_SS0991  1 0.4182 0.1511 0.4307 
   NS_SS0994  1 0.0961 0.2071 0.6968 
   NS_SS0931  1 0.3884 0.1487 0.4628 
   NS_SS1000  1 0.2670 0.5553 0.1778 
   NS_SS0919  1 0.2453 0.2771 0.4776 
   NS_SS0949  1 0.1874 0.2797 0.5329 
   NS_SS0960  1 0.3823 0.1803 0.4374 
   NS_SS0716  1 0.6766 0.1958 0.1276 
   NS_SS0924  1 0.3374 0.2436 0.4191 
   NS_SS0935  1 0.3712 0.1632 0.4656 
   NS_SS0952  1 0.2193 0.2366 0.5441 
   NS_SS0962  1 0.4198 0.3757 0.2045 
   NS_SS0973  1 0.2653 0.4267 0.3080 
   NS_SS0722  1 0.1965 0.6842 0.1193 
   NS_SS0979  1 0.5449 0.2576 0.1975 
   NS_SS0993  1 0.2997 0.5380 0.1622 
   NS_SS0958  1 0.2995 0.2223 0.4782 
   NS_SS0988  1 0.3792 0.1935 0.4273 
   NS_SS1003  1 0.6172 0.2311 0.1517 
   NS_SS0976  1 0.2460 0.2658 0.4882 
   NS_SS0964  1 0.4100 0.4638 0.1262 
   NS_SS0939  1 0.6042 0.2748 0.1210 
   NS_SS0990  1 0.3820 0.2390 0.3790 
   NS_SS0984  1 0.3664 0.5019 0.1317 
   NS_SS0980  1 0.1504 0.6745 0.1752 
   NS_SS0978  1 0.2177 0.5457 0.2365 
   NS_SS0951  1 0.5000 0.1359 0.3641 
   NS_SS0913  1 0.5270 0.2914 0.1816 
   NS_SS1002  1 0.3181 0.4871 0.1947 
   NS_SS0948  1 0.3809 0.2656 0.3535 
   NS_SS0916  1 0.2163 0.4656 0.3181 
   NS_SS0995  1 0.3590 0.4208 0.2202 
   NS_SS0927  1 0.1885 0.3589 0.4526 
   NS_SS0992  1 0.1463 0.5394 0.3144 
   NS_SS0912  1 0.5402 0.1288 0.3310 
   NS_SS0981  1 0.5470 0.2283 0.2247 
   NS_SS0729  2 0.0934 0.3794 0.5272 
   NS_SS0967  2 0.3182 0.3951 0.2867 
   NS_SS0941  2 0.2663 0.5104 0.2233 
   NS_SS0768  2 0.4916 0.2638 0.2446 
   NS_SS0726  2 0.1102 0.4707 0.4192 
   NS_SS0763  2 0.1895 0.3229 0.4876 
   NS_SS0730  2 0.4458 0.3618 0.1923 
   NS_SS0774  2 0.2291 0.6153 0.1556 
   NS_SS0723  2 0.3391 0.5130 0.1479 
   NS_SS0940  2 0.3123 0.3310 0.3567 
   NS_SS0762  2 0.3668 0.5403 0.0929 
   NS_SS0766  2 0.3491 0.3856 0.2652 
   NS_SS0724  2 0.5001 0.3176 0.1823 
   NS_SS0769  2 0.4030 0.2796 0.3174 
   NS_SS0777  2 0.3935 0.1944 0.4121 
   NS_SS0734  2 0.4117 0.2669 0.3214 
   NS_SS0737  2 0.2143 0.6650 0.1207 
   NS_SS0732  2 0.6161 0.2124 0.1715 
   NS_SS0728  2 0.2746 0.5123 0.2131 
   NS_SS0735  2 0.2811 0.5445 0.1744 
   NS_SS0725  2 0.2832 0.5310 0.1858 
   NS_SS0788  2 0.3012 0.3345 0.3643 
   NS_SS0778  2 0.3297 0.2095 0.4608 
   NS_SS0792  2 0.3917 0.2637 0.3446 
   NS_SS0943  2 0.2973 0.2524 0.4503 
   NS_SS0791  2 0.3439 0.3225 0.3336 
   NS_SS0790  2 0.6007 0.3151 0.0842 
   NS_SS0731  2 0.5989 0.2118 0.1893 
   NS_SS0727  2 0.1161 0.5239 0.3600 
   NS_SS0779  2 0.3689 0.3161 0.3149 
   NS_SS0776  2 0.3170 0.4424 0.2406 
   NS_SS0775  2 0.3838 0.4839 0.1323 
   NS_SS0965  3 0.5251 0.2452 0.2297 
   NS_SS0754  3 0.3726 0.2046 0.4227 
   NS_SS0838  3 0.2640 0.4120 0.3240 
   NS_SS0839  3 0.4180 0.4594 0.1226 
   NS_SS0832  3 0.4729 0.4257 0.1014 
   NS_SS0820  3 0.5881 0.2480 0.1639 
   NS_SS0886  3 0.3638 0.2311 0.4050 
   NS_SS0748  3 0.3497 0.2446 0.4058 
   NS_SS0884  3 0.2782 0.3950 0.3268 
   NS_SS0752  3 0.2188 0.5331 0.2481 
   NS_SS0862  3 0.6191 0.2476 0.1333 
   NS_SS0787  3 0.1752 0.1259 0.6989 
   NS_SS0843  3 0.3163 0.4035 0.2802 
   NS_SS0856  3 0.2759 0.4628 0.2612 
   NS_SS0846  3 0.1516 0.4471 0.4013 
   NS_SS0825  3 0.3781 0.2493 0.3726 
   NS_SS0757  3 0.3401 0.2620 0.3979 
   NS_SS0876  3 0.3088 0.4829 0.2083 
   NS_SS0903  3 0.2000 0.6472 0.1528 
   NS_SS0875  3 0.5071 0.2158 0.2771 
   NS_SS0740  3 0.2958 0.4172 0.2869 
   NS_SS0811  3 0.7251 0.1655 0.1094 
   NS_SS0751  3 0.3567 0.3973 0.2460 
   NS_SS0891  3 0.3319 0.4082 0.2599 
   NS_SS0867  3 0.2955 0.2877 0.4168 
   NS_SS0890  3 0.3191 0.3764 0.3045 
   NS_SS0866  3 0.1646 0.2006 0.6348 
   NS_SS0755  3 0.4782 0.2549 0.2669 
   NS_SS0758  3 0.2259 0.5184 0.2557 
   NS_SS0840  3 0.4439 0.4277 0.1284 
   NS_SS0889  3 0.3753 0.1468 0.4779 
   NS_SS1010  3 0.3982 0.2698 0.3319 
   NS_SS0888  3 0.1779 0.3005 0.5216 
   NS_SS0837  3 0.5727 0.2584 0.1689 
   NS_SS0794  3 0.2200 0.3807 0.3994 
   NS_SS0823  3 0.2550 0.6006 0.1444 
   NS_SS0829  3 0.2876 0.1102 0.6023 
   NS_SS0844  3 0.3898 0.4509 0.1593 
   NS_SS1008  3 0.2608 0.3589 0.3804 
   NS_SS0881  3 0.3855 0.2234 0.3911 
   NS_SS0834  3 0.2160 0.6256 0.1583 
   NS_SS0744  3 0.2699 0.3933 0.3368 
   NS_SS0899  3 0.6735 0.1937 0.1329 
   NS_SS0804  3 0.5135 0.3658 0.1207 
   NS_SS0781  3 0.3999 0.4413 0.1588 
   NS_SS0822  3 0.2152 0.4752 0.3096 
   NS_SS1004  3 0.3352 0.3981 0.2667 
   NS_SS0746  3 0.2329 0.4527 0.3145 
   NS_SS0880  3 0.2895 0.4704 0.2401 
   NS_SS0879  3 0.3505 0.4545 0.1949 
   NS_SS0753  3 0.3996 0.1842 0.4162 
   NS_SS1007  3 0.1979 0.5412 0.2609 
   NS_SS0872  3 0.3402 0.4778 0.1820 
   NS_SS1005  3 0.2701 0.4743 0.2556 
   NS_SS0892  3 0.3576 0.3431 0.2993 
   NS_SS0898  3 0.3665 0.2561 0.3774 
   NS_SS0801  3 0.5136 0.2196 0.2669 
   NS_SS0827  3 0.5590 0.1009 0.3402 
   NS_SS0853  3 0.6078 0.1255 0.2667 
   NS_SS0780  3 0.4403 0.3619 0.1978 
   NS_SS0826  3 0.3464 0.2751 0.3785 
   NS_SS0818  3 0.4497 0.4261 0.1242 
   NS_SS0745  3 0.5826 0.3119 0.1055 
   NS_SS0849  3 0.6315 0.1116 0.2570 
   NS_SS0739  3 0.4362 0.2683 0.2955 
   NS_SS0799  3 0.2305 0.3828 0.3867 
   NS_SS0756  3 0.5046 0.3482 0.1472 
   NS_SS0802  3 0.1762 0.4013 0.4225 
   NS_SS0747  3 0.2641 0.4144 0.3215 
   NS_SS0835  3 0.1288 0.2180 0.6532 
   NS_SS0742  3 0.3375 0.3897 0.2728 
   NS_SS0760  3 0.2160 0.2405 0.5435 
   NS_SS0803  3 0.2056 0.6729 0.1215 
   NS_SS0828  3 0.5085 0.1952 0.2963 
   NS_SS0865  3 0.4474 0.2300 0.3226 
   NS_SS0759  3 0.4788 0.3813 0.1399 
   NS_SS0851  3 0.7032 0.1514 0.1454 
   NS_SS0874  3 0.3019 0.4800 0.2181 
   NS_SS0761  3 0.3105 0.1651 0.5244 
   NS_SS0842  3 0.3057 0.2708 0.4235 
   NS_SS0785  3 0.2886 0.3271 0.3843 
   NS_SS0860  3 0.1513 0.1833 0.6655 
   NS_SS0897  3 0.2162 0.1596 0.6242 
   NS_SS0841  3 0.5542 0.3056 0.1402 
   NS_SS0797  3 0.4480 0.1556 0.3964 
   NS_SS0830  3 0.4531 0.2392 0.3077 
   NS_SS1011  3 0.3984 0.4098 0.1918 
   NS_SS0883  3 0.4409 0.2126 0.3465 
   NS_SS0782  3 0.2243 0.5043 0.2714 
   NS_SS0831  3 0.3757 0.1411 0.4832 
   NS_SS0749  3 0.4024 0.2962 0.3014 
   NS_SS0854  3 0.1911 0.5118 0.2970 
   HI_SS0193  4 0.2749 0.3359 0.3893 
   HI_SS0194  4 0.2016 0.5977 0.2006 
   HI_SS0195  4 0.6112 0.2588 0.1300 
   HI_SS0196  4 0.1974 0.5245 0.2780 
   HI_SS0197  4 0.2359 0.4422 0.3219 
   HI_SS0198  4 0.4038 0.2080 0.3882 
   HI_SS0199  4 0.1623 0.4760 0.3618 
   HI_SS0201  4 0.2313 0.1536 0.6150 
   HI_SS0215  4 0.2453 0.1425 0.6123 
   HI_SS0218  4 0.2304 0.1978 0.5718 
   HI_SS0222  4 0.4271 0.3113 0.2616 
   HI_SS0230  4 0.5169 0.1900 0.2931 
   HI_SS0234  4 0.1198 0.6142 0.2660 
   HI_SS0240  4 0.2457 0.5465 0.2077 
   HI_SS0241  4 0.2423 0.2230 0.5347 
   HI_SS0242  4 0.3234 0.3534 0.3232 
   HI_SS0247  4 0.3941 0.3168 0.2892 
   HI_SS0248  4 0.1260 0.4309 0.4430 
   HI_SS0252  4 0.2849 0.5447 0.1704 
   HI_SS0254  4 0.2567 0.3050 0.4383 
   HI_SS0256  4 0.4146 0.5163 0.0692 
   HI_SS0257  4 0.1085 0.4002 0.4913 
   HI_SS0258  4 0.3108 0.2134 0.4759 
   HI_SS0259  4 0.2852 0.4823 0.2325 
   HI_SS0260  4 0.1919 0.3244 0.4838 
   HI_SS0261  4 0.1842 0.4054 0.4104 
   HI_SS0262  4 0.4749 0.3041 0.2211 
   HI_SS0264  4 0.5699 0.1964 0.2337 
   HI_SS0265  4 0.4644 0.2430 0.2925 
   HI_SS0268  4 0.4290 0.1864 0.3846 
   HI_SS0269  4 0.0921 0.2483 0.6596 
   HI_SS0273  4 0.2857 0.2491 0.4651 
   HI_SS0277  4 0.3916 0.2872 0.3212 
   HI_SS0280  4 0.5125 0.2440 0.2434 
   HI_SS0282  4 0.2607 0.3417 0.3976 
   HI_SS0286  4 0.4162 0.2033 0.3805 
   NS_SS1252  5 0.1555 0.1707 0.6738 
   NS_SS1261  5 0.3162 0.3222 0.3616 
   NS_SS1225  5 0.2405 0.2778 0.4817 
   NS_SS1266  5 0.3873 0.4773 0.1354 
   NS_SS1228  5 0.6392 0.1788 0.1820 
   NS_SS1255  5 0.1607 0.6357 0.2036 
   NS_SS1267  5 0.1681 0.1239 0.7080 
   NS_SS1238  5 0.4550 0.1970 0.3480 
   NS_SS1233  5 0.5590 0.2439 0.1971 
   NS_SS1277  5 0.2343 0.3325 0.4332 
   NS_SS1245  5 0.1664 0.4428 0.3908 
   NS_SS1240  5 0.1204 0.1574 0.7222 
   NS_SS1275  5 0.4428 0.4342 0.1229 
   NS_SS1235  5 0.0992 0.7105 0.1902 
   NS_SS1263  5 0.3081 0.5281 0.1638 
   NS_SS1251  5 0.3156 0.4482 0.2363 
   NS_SS1248  5 0.7134 0.0806 0.2060 
   NS_SS1244  5 0.3173 0.3461 0.3366 
   NS_SS1257  5 0.2533 0.2661 0.4806 
   NS_SS1242  5 0.3695 0.4709 0.1596 
   NS_SS1271  5 0.1623 0.1641 0.6735 
   NS_SS1265  5 0.2382 0.1971 0.5647 
   NS_SS1243  5 0.4935 0.3252 0.1813 
   NS_SS1273  5 0.4741 0.3862 0.1397 
   NS_SS1254  5 0.3695 0.4388 0.1917 
   NS_SS1224  5 0.5442 0.3048 0.1510 
   NS_SS1227  5 0.1557 0.2734 0.5709 
   NS_SS1274  5 0.2777 0.2997 0.4226 
   NS_SS1241  5 0.2363 0.3428 0.4209 
   NS_SS1256  5 0.1986 0.3809 0.4205 
   NS_SS1260  5 0.1702 0.2922 0.5376 
   NS_SS1262  5 0.3536 0.2215 0.4249 
   NS_SS1230  5 0.3229 0.3069 0.3702 
   NS_SS1270  5 0.5857 0.1995 0.2148 
   NS_SS1229  5 0.0890 0.7441 0.1669 
   NS_SS1246  5 0.1200 0.3149 0.5651 
   NS_SS1269  5 0.4149 0.3341 0.2511 
   NS_SS1239  5 0.3735 0.4752 0.1513 
   NS_SS1272  5 0.3106 0.3022 0.3872 
   NS_SS1268  5 0.6255 0.2029 0.1716 
   NS_SS1249  5 0.1097 0.3498 0.5404 
   HI_SS0559  6 0.3564 0.3455 0.2981 
   HI_SS0563  6 0.3314 0.3381 0.3304 
   HI_SS0564  6 0.3410 0.3757 0.2834 
   HI_SS0565  6 0.2294 0.2786 0.4920 
   HI_SS0569  6 0.2825 0.1364 0.5811 
   HI_SS0570  6 0.2336 0.2094 0.5570 
   HI_SS0572  6 0.1667 0.6715 0.1618 
   HI_SS0576  6 0.5684 0.2473 0.1843 
   HI_SS0579  6 0.1943 0.4195 0.3862 
   HI_SS0580  6 0.2572 0.3416 0.4012 
   HI_SS0581  6 0.5512 0.2846 0.1642 
   HI_SS0583  6 0.1405 0.3168 0.5427 
   HI_SS0586  6 0.2985 0.0859 0.6156 
   HI_SS0588  6 0.2579 0.3166 0.4254 
   HI_SS0595  6 0.1906 0.2682 0.5411 
   HI_SS0596  6 0.2343 0.6387 0.1270 
   HI_SS0597  6 0.1684 0.6261 0.2054 
   HI_SS0600  6 0.2794 0.2941 0.4265 
   HI_SS0601  6 0.3568 0.2129 0.4304 
   HI_SS0602  6 0.4194 0.1743 0.4063 
   HI_SS0604  6 0.3493 0.3521 0.2986 
   HI_SS0605  6 0.3603 0.2915 0.3482 
   HI_SS0608  6 0.4063 0.2703 0.3234 
   HI_SS0609  6 0.2989 0.5170 0.1841 
   HI_SS0611  6 0.3223 0.1468 0.5308 
   HI_SS0612  6 0.1374 0.6078 0.2548 
   HI_SS0613  6 0.5894 0.1429 0.2677 
   HI_SS0615  6 0.3765 0.5081 0.1154 
   HI_SS0001  6 0.1794 0.4801 0.3405 
   HI_SS0002  6 0.3453 0.4574 0.1974 
   HI_SS0004  6 0.2870 0.2907 0.4223 
   HI_SS0005  6 0.6775 0.1159 0.2066 
   HI_SS0006  6 0.1690 0.3477 0.4833 
   HI_SS0007  6 0.4955 0.1522 0.3523 
   HI_SS0008  6 0.4326 0.2748 0.2927 
   HI_SS0009  6 0.4667 0.4025 0.1307 
   HI_SS0010  6 0.4702 0.1659 0.3639 
   HI_SS0011  6 0.4801 0.2779 0.2420 
   HI_SS0012  6 0.3600 0.4572 0.1828 
   HI_SS0017  6 0.2275 0.6222 0.1503 
   HI_SS0021  6 0.3439 0.1527 0.5034 
   HI_SS0024  6 0.4439 0.3515 0.2046 
   HI_SS0025  6 0.3904 0.4478 0.1618 
   HI_SS0027  6 0.3250 0.2469 0.4281 
   HI_SS0028  6 0.7181 0.1611 0.1208 
   HI_SS0029  6 0.3574 0.3240 0.3186 
   HI_SS0030  6 0.2699 0.3713 0.3589 
   HI_SS0031  6 0.2318 0.4595 0.3086 
   HI_SS0034  6 0.1260 0.3769 0.4972 
   HI_SS0036  6 0.3024 0.1387 0.5589 
   HI_SS0037  6 0.2975 0.1221 0.5803 
   HI_SS0039  6 0.5054 0.1303 0.3642 
   HI_SS0041  6 0.5162 0.3138 0.1700 
   HI_SS0042  6 0.3763 0.4520 0.1717 
   HI_SS0043  6 0.1833 0.1320 0.6847 
   HI_SS0044  6 0.1945 0.4597 0.3459 
   HI_SS0047  6 0.3588 0.4644 0.1768 
   HI_SS0049  6 0.2577 0.5509 0.1914 
   HI_SS0051  6 0.5380 0.2084 0.2535 
   HI_SS0053  6 0.1520 0.2444 0.6035 
   HI_SS0054  6 0.2932 0.1679 0.5389 
   HI_SS0057  6 0.5223 0.2327 0.2450 
   HI_SS0058  6 0.2845 0.2871 0.4284 
   HI_SS0060  6 0.5246 0.2172 0.2582 
   HI_SS0087  6 0.1971 0.3955 0.4074 
   HI_SS0091  6 0.1004 0.2096 0.6900 
   HI_SS0095  6 0.2656 0.3766 0.3577 
   HI_SS0097  6 0.2860 0.4400 0.2740 
   HI_SS0099  6 0.4544 0.3025 0.2431 
   HI_SS0103  6 0.1768 0.5673 0.2560 
   HI_SS0105  6 0.3768 0.2602 0.3629 
   HI_SS0107  6 0.1492 0.7307 0.1201 
   HI_SS0108  6 0.1425 0.1524 0.7051 
   HI_SS0110  6 0.1675 0.4634 0.3691 
   HI_SS0111  6 0.3981 0.3045 0.2975 
   HI_SS0112  6 0.1536 0.1663 0.6801 
   HI_SS0113  6 0.3509 0.4915 0.1576 
   HI_SS0114  6 0.3761 0.1602 0.4637 
   HI_SS0115  6 0.2584 0.5070 0.2346 
   HI_SS0116  6 0.1321 0.3454 0.5225 
   HI_SS0117  6 0.2004 0.3157 0.4839 
   HI_SS0118  6 0.1852 0.3059 0.5089 
   HI_SS0119  6 0.2611 0.2708 0.4681 
   HI_SS0120  6 0.1876 0.6656 0.1468 
   HI_SS0121  6 0.6825 0.1483 0.1692 
   HI_SS0122  6 0.3892 0.2607 0.3501 
   HI_SS0123  6 0.1955 0.4845 0.3200 
   HI_SS0124  6 0.3865 0.4990 0.1145 
   HI_SS0125  6 0.5464 0.3229 0.1306 
   HI_SS0126  6 0.1717 0.2880 0.5403 
   HI_SS0127  6 0.6001 0.1522 0.2477 
   HI_SS0128  6 0.1925 0.5611 0.2465 
   HI_SS0129  6 0.2259 0.3345 0.4396 
   HI_SS0131  6 0.4576 0.1215 0.4208 
   HI_SS0132  6 0.4284 0.2546 0.3170 
   HI_SS0133  6 0.1602 0.1446 0.6952 
   HI_SS0134  6 0.2376 0.4049 0.3575 
   HI_SS0142  6 0.3841 0.3245 0.2914 
   HI_SS0145  6 0.1876 0.4924 0.3201 
   HI_SS0146  6 0.3085 0.2823 0.4092 
   HI_SS0147  6 0.6020 0.2323 0.1657 
   HI_SS0149  6 0.3229 0.2669 0.4101 
   HI_SS0150  6 0.5470 0.2983 0.1547 
   HI_SS0151  6 0.1923 0.5584 0.2492 
   NS_SS1451  6 0.4895 0.3911 0.1194 
   NS_SS1404  6 0.5930 0.1909 0.2161 
   NS_SS1432  6 0.3507 0.4484 0.2009 
   NS_SS1405  6 0.3474 0.3987 0.2540 
   NS_SS1431  6 0.3704 0.4626 0.1670 
   NS_SS1402  6 0.1841 0.4006 0.4154 
   NS_SS1450  6 0.2361 0.3921 0.3718 
   NS_SS1396  6 0.4038 0.2848 0.3113 
   NS_SS1393  6 0.2842 0.2728 0.4431 
   NS_SS1392  6 0.3917 0.4275 0.1808 
   NS_SS1445  6 0.2805 0.1500 0.5695 
   NS_SS1423  6 0.1673 0.4328 0.3999 
   NS_SS1421  6 0.2358 0.3166 0.4476 
   NS_SS1411  6 0.4469 0.1395 0.4136 
   NS_SS1453  6 0.2843 0.2230 0.4927 
   NS_SS1442  6 0.3464 0.3453 0.3084 
   NS_SS1422  6 0.1664 0.5930 0.2406 
   NS_SS1419  6 0.5386 0.2299 0.2315 
   NS_SS1427  6 0.1124 0.3274 0.5602 
   NS_SS1444  6 0.5369 0.2361 0.2271 
   NS_SS1455  6 0.2661 0.5791 0.1548 
   NS_SS1425  6 0.1914 0.1451 0.6635 
   NS_SS1400  6 0.3295 0.1839 0.4867 
   NS_SS1406  6 0.3613 0.4581 0.1806 
   NS_SS1417  6 0.3028 0.2715 0.4258 
   NS_SS1454  6 0.3813 0.1608 0.4578 
   NS_SS1412  6 0.3238 0.2906 0.3855 
   NS_SS1438  6 0.2767 0.1444 0.5789 
   NS_SS1416  6 0.3979 0.2757 0.3264 
   NS_SS1401  6 0.2311 0.3426 0.4263 
   NS_SS1424  6 0.2631 0.3006 0.4363 
   NS_SS1435  6 0.4346 0.2997 0.2657 
   NS_SS1447  6 0.4649 0.3148 0.2203 
   NS_SS1414  6 0.5675 0.2469 0.1856 
   NS_SS1449  6 0.2078 0.5729 0.2193 
   NS_SS1443  6 0.0946 0.4614 0.4440 
   NS_SS1434  6 0.1034 0.6923 0.2043 
   NS_SS1398  6 0.3795 0.4047 0.2158 
   NS_SS1426  6 0.1902 0.1890 0.6208 
   NS_SS1413  6 0.1764 0.3544 0.4692 
   NS_SS1395  6 0.1663 0.3323 0.5014 
   NS_SS1448  6 0.4581 0.2327 0.3091 
   NS_SS1446  6 0.1856 0.3012 0.5131 
   NS_SS1403  6 0.3229 0.3646 0.3125 
   NS_SS1415  6 0.2923 0.2409 0.4668 
   NS_SS1437  6 0.4073 0.2994 0.2933 
   NS_SS1439  6 0.2301 0.4461 0.3239 
   NS_SS1441  6 0.1696 0.3634 0.4670 
   NS_SS1420  6 0.6993 0.1665 0.1342 
   NS_SS1394  6 0.6137 0.2047 0.1816 
   NS_SS1391  6 0.1267 0.4741 0.3992 
   NS_SS1410  6 0.2420 0.3260 0.4321 
   NS_SS1408  6 0.3924 0.3479 0.2597 
   NS_SS1409  6 0.1239 0.5175 0.3586 
   HI_SS0617  7 0.1866 0.4710 0.3424 
   HI_SS0618  7 0.4225 0.3720 0.2055 
   HI_SS0619  7 0.3583 0.3580 0.2836 
   HI_SS0620  7 0.2710 0.1872 0.5418 
   HI_SS0621  7 0.3587 0.4242 0.2172 
   HI_SS0622  7 0.3783 0.3599 0.2618 
   HI_SS0626  7 0.6168 0.1169 0.2663 
   HI_SS0627  7 0.3236 0.4153 0.2612 
   HI_SS0628  7 0.3253 0.1833 0.4914 
   HI_SS0629  7 0.3780 0.1949 0.4271 
   HI_SS0630  7 0.3176 0.2953 0.3872 
   HI_SS0631  7 0.4311 0.2043 0.3647 
   HI_SS0632  7 0.5218 0.2049 0.2733 
   HI_SS0633  7 0.2031 0.6199 0.1770 
   HI_SS0634  7 0.4560 0.2652 0.2789 
   HI_SS0635  7 0.5465 0.2529 0.2006 
   HI_SS0637  7 0.4127 0.2447 0.3426 
   HI_SS0638  7 0.3338 0.3719 0.2942 
   HI_SS0639  7 0.4846 0.3424 0.1730 
   HI_SS0640  7 0.3336 0.3851 0.2813 
   HI_SS0641  7 0.4429 0.1030 0.4541 
   HI_SS0642  7 0.3488 0.4099 0.2413 
   HI_SS0645  7 0.6756 0.2166 0.1078 
   HI_SS0646  7 0.1544 0.5939 0.2517 
   HI_SS0647  7 0.3012 0.4372 0.2616 
   HI_SS0648  7 0.3983 0.3232 0.2786 
   HI_SS0649  7 0.2615 0.3704 0.3681 
   HI_SS0650  7 0.1872 0.6505 0.1623 
   HI_SS0651  7 0.2980 0.4175 0.2844 
   HI_SS0652  7 0.6008 0.2421 0.1571 
   NS_SS1371  7 0.1462 0.3968 0.4571 
   NS_SS1374  7 0.3358 0.1700 0.4941 
   NS_SS1337  7 0.5327 0.3153 0.1520 
   NS_SS1385  7 0.1830 0.5505 0.2665 
   NS_SS1388  7 0.3698 0.2828 0.3474 
   NS_SS1370  7 0.7652 0.1158 0.1190 
   NS_SS1389  7 0.4988 0.2775 0.2237 
   NS_SS1360  7 0.4117 0.1719 0.4164 
   NS_SS1330  7 0.4895 0.3602 0.1503 
   NS_SS1328  7 0.1143 0.4993 0.3864 
   NS_SS1384  7 0.3130 0.2615 0.4255 
   NS_SS1381  7 0.1745 0.7217 0.1038 
   NS_SS1375  7 0.4385 0.3693 0.1922 
   NS_SS1319  7 0.3750 0.3292 0.2958 
   NS_SS1326  7 0.1771 0.2642 0.5587 
   NS_SS1341  7 0.2442 0.2412 0.5146 
   NS_SS1383  7 0.4189 0.2365 0.3446 
   NS_SS1318  7 0.4285 0.3414 0.2301 
   NS_SS1348  7 0.1967 0.1779 0.6254 
   NS_SS1363  7 0.4567 0.3332 0.2101 
   NS_SS1335  7 0.3656 0.1821 0.4523 
   NS_SS1358  7 0.2193 0.3456 0.4351 
   NS_SS1342  7 0.1419 0.3873 0.4709 
   NS_SS1320  7 0.1691 0.7638 0.0671 
   NS_SS1355  7 0.3262 0.4579 0.2159 
   NS_SS1345  7 0.3250 0.5295 0.1455 
   NS_SS1324  7 0.3114 0.2364 0.4522 
   NS_SS1347  7 0.2564 0.4094 0.3343 
   NS_SS1321  7 0.3125 0.2124 0.4751 
   NS_SS1333  7 0.2756 0.1965 0.5279 
   NS_SS1364  7 0.2165 0.2695 0.5140 
   NS_SS1379  7 0.2640 0.4835 0.2525 
   NS_SS1332  7 0.2511 0.1513 0.5976 
   NS_SS1338  7 0.3982 0.1481 0.4537 
   NS_SS1368  7 0.1967 0.2526 0.5507 
   NS_SS1354  7 0.3431 0.3445 0.3124 
   NS_SS1365  7 0.4541 0.3492 0.1967 
   NS_SS1380  7 0.4982 0.3248 0.1770 
   NS_SS1329  7 0.1385 0.3596 0.5019 
   NS_SS1362  7 0.2359 0.4352 0.3289 
   NS_SS1327  7 0.1216 0.1003 0.7781 
   NS_SS1350  7 0.1092 0.6052 0.2855 
   NS_SS1387  7 0.5816 0.1583 0.2601 
   NS_SS1369  7 0.2842 0.2483 0.4675 
   NS_SS1331  7 0.5060 0.1723 0.3216 
   NS_SS1357  7 0.0991 0.6188 0.2821 
   NS_SS1386  7 0.1164 0.1580 0.7256 
   NS_SS1353  7 0.2146 0.5450 0.2404 
   NS_SS1323  7 0.3290 0.5152 0.1558 
   HI_SS0296  8 0.3584 0.2584 0.3832 
   HI_SS0297  8 0.2549 0.4809 0.2642 
   HI_SS0299  8 0.2911 0.3069 0.4019 
   HI_SS0300  8 0.3750 0.2915 0.3335 
   HI_SS0301  8 0.6501 0.1080 0.2419 
   HI_SS0302  8 0.4879 0.1453 0.3668 
   HI_SS0303  8 0.1445 0.3665 0.4889 
   HI_SS0304  8 0.4769 0.2889 0.2342 
   HI_SS0306  8 0.3573 0.1592 0.4835 
   HI_SS0307  8 0.4094 0.3931 0.1975 
   HI_SS0308  8 0.4873 0.2482 0.2645 
   HI_SS0309  8 0.3645 0.3995 0.2359 
   HI_SS0310  8 0.3687 0.3610 0.2702 
   HI_SS0311  8 0.5076 0.2045 0.2879 
   HI_SS0314  8 0.2396 0.4843 0.2761 
   HI_SS0316  8 0.2629 0.3048 0.4323 
   HI_SS0317  8 0.4480 0.2405 0.3115 
   HI_SS0318  8 0.2254 0.1681 0.6065 
   HI_SS0319  8 0.1045 0.1807 0.7148 
   HI_SS0320  8 0.4841 0.3134 0.2025 
   HI_SS0321  8 0.1920 0.3595 0.4485 
   HI_SS0323  8 0.3362 0.1952 0.4686 
   HI_SS0325  8 0.4385 0.1533 0.4082 
   HI_SS0327  8 0.0749 0.5275 0.3976 
   HI_SS0329  8 0.5085 0.2488 0.2427 
   HI_SS0333  8 0.3272 0.3095 0.3633 
   HI_SS0334  8 0.2096 0.2298 0.5607 
   HI_SS0335  8 0.3345 0.4931 0.1724 
   HI_SS0339  8 0.4534 0.3385 0.2081 
   HI_SS0343  8 0.2096 0.6066 0.1839 
   HI_SS0344  8 0.1095 0.1633 0.7272 
   HI_SS0345  8 0.4858 0.2365 0.2777 
   HI_SS0346  8 0.3679 0.2057 0.4264 
   HI_SS0350  8 0.4544 0.4228 0.1228 
   HI_SS0351  8 0.2417 0.4078 0.3505 
   HI_SS0352  8 0.3387 0.4559 0.2054 
   HI_SS0362  8 0.5894 0.1595 0.2510 
   HI_SS0363  8 0.1457 0.3939 0.4604 
   HI_SS0365  8 0.1641 0.3832 0.4527 
   HI_SS0366  8 0.1689 0.2143 0.6168 
   HI_SS0367  8 0.3867 0.4350 0.1783 
   HI_SS0369  8 0.5025 0.3358 0.1618 
   HI_SS0370  8 0.1081 0.6446 0.2474 
   HI_SS0371  8 0.3562 0.1560 0.4877 
   HI_SS0373  8 0.3848 0.3263 0.2889 
   HI_SS0374  8 0.3601 0.4083 0.2316 
   HI_SS0377  8 0.3434 0.2374 0.4192 
   HI_SS0379  8 0.1074 0.0992 0.7934 
   HI_SS0380  8 0.3359 0.4364 0.2276 
   HI_SS0381  8 0.4877 0.3359 0.1763 
   HI_SS0384  8 0.2279 0.3495 0.4226 
   HI_SS0385  8 0.4863 0.1592 0.3544 
