

----------------------------------------------------
STRUCTURE by Pritchard, Stephens and Donnelly (2000)
     and Falush, Stephens and Pritchard (2003)
       Code by Pritchard, Falush and Hubisz
             Version 2.3.4 (Jul 2012)
----------------------------------------------------



Command line arguments:   /home/genobiwan/Documents/Programs/Structure/structure -m parameter_job_k8_r1 
Input File:    /media/genobiwan/Storage/Projets/Mackerel_NWA_2021/data_job_k8_r1

Run parameters:
   557 individuals
   3930 loci
   8 populations assumed
   100000 Burn-in period
   200000 Reps


--------------------------------------------
Proportion of membership of each pre-defined
 population in each of the 8 clusters

Given    Inferred Clusters                                          Number of
 Pop       1      2      3      4      5      6      7      8      Individuals

  1:     0.122  0.113  0.110  0.117  0.137  0.134  0.130  0.138       67
  2:     0.149  0.148  0.105  0.135  0.133  0.119  0.108  0.103       32
  3:     0.129  0.112  0.115  0.138  0.125  0.124  0.117  0.140       92
  4:     0.133  0.122  0.143  0.125  0.109  0.110  0.145  0.113       36
  5:     0.118  0.128  0.136  0.124  0.109  0.113  0.117  0.154       41
  6:     0.122  0.127  0.132  0.122  0.122  0.129  0.131  0.115      158
  7:     0.119  0.123  0.125  0.125  0.128  0.127  0.131  0.122       79
  8:     0.117  0.113  0.132  0.124  0.123  0.141  0.119  0.130       52
--------------------------------------------

Allele-freq. divergence among pops (Net nucleotide distance),
computed using point estimates of P.

      1       2       3       4       5       6       7       8      
 1      -    0.0057  0.0066  0.0062  0.0067  0.0054  0.0059  0.0057  
 2   0.0057     -    0.0073  0.0060  0.0063  0.0059  0.0056  0.0058  
 3   0.0066  0.0073     -    0.0070  0.0079  0.0056  0.0067  0.0073  
 4   0.0062  0.0060  0.0070     -    0.0059  0.0048  0.0055  0.0053  
 5   0.0067  0.0063  0.0079  0.0059     -    0.0058  0.0063  0.0065  
 6   0.0054  0.0059  0.0056  0.0048  0.0058     -    0.0050  0.0046  
 7   0.0059  0.0056  0.0067  0.0055  0.0063  0.0050     -    0.0052  
 8   0.0057  0.0058  0.0073  0.0053  0.0065  0.0046  0.0052     -    

Average distances (expected heterozygosity) between individuals in same cluster:
cluster  1  : 0.3104 
cluster  2  : 0.3116 
cluster  3  : 0.3064 
cluster  4  : 0.3082 
cluster  5  : 0.3075 
cluster  6  : 0.3128 
cluster  7  : 0.3096 
cluster  8  : 0.3079 

--------------------------------------------
Estimated Ln Prob of Data   = -2071340.5
Mean value of ln likelihood = -2058294.8
Variance of ln likelihood   = 26091.4
Mean value of alpha         = 1.4905

Mean value of Fst_1         = 0.0693
Mean value of Fst_2         = 0.0669
Mean value of Fst_3         = 0.0765
Mean value of Fst_4         = 0.0639
Mean value of Fst_5         = 0.0742
Mean value of Fst_6         = 0.0588
Mean value of Fst_7         = 0.0648
Mean value of Fst_8         = 0.0658


Inferred ancestry of individuals:
        Label (%Miss) Pop:  Inferred clusters
  1 NS_SS0963    (4)    1 :  0.134 0.107 0.055 0.169 0.044 0.129 0.188 0.175 
  2 NS_SS0983    (1)    1 :  0.182 0.059 0.092 0.068 0.036 0.450 0.068 0.045 
  3 NS_SS0719    (8)    1 :  0.127 0.101 0.124 0.179 0.092 0.111 0.174 0.093 
  4 NS_SS1001    (8)    1 :  0.105 0.245 0.078 0.133 0.171 0.068 0.062 0.138 
  5 NS_SS0936    (4)    1 :  0.154 0.146 0.081 0.068 0.096 0.063 0.173 0.218 
  6 NS_SS0955    (5)    1 :  0.135 0.069 0.116 0.151 0.039 0.200 0.108 0.182 
  7 NS_SS0944    (3)    1 :  0.083 0.134 0.163 0.162 0.068 0.087 0.079 0.224 
  8 NS_SS0945    (3)    1 :  0.066 0.176 0.150 0.065 0.188 0.154 0.103 0.097 
  9 NS_SS0922    (2)    1 :  0.091 0.254 0.083 0.170 0.106 0.058 0.145 0.093 
 10 NS_SS0929    (7)    1 :  0.156 0.061 0.155 0.071 0.103 0.143 0.135 0.176 
 11 NS_SS0956    (2)    1 :  0.089 0.115 0.070 0.304 0.169 0.074 0.079 0.100 
 12 NS_SS0906    (3)    1 :  0.102 0.092 0.140 0.089 0.098 0.140 0.116 0.223 
 13 NS_SS0721    (6)    1 :  0.159 0.062 0.058 0.247 0.103 0.209 0.106 0.057 
 14 NS_SS0982    (4)    1 :  0.080 0.081 0.073 0.142 0.159 0.119 0.117 0.228 
 15 NS_SS0923    (5)    1 :  0.134 0.099 0.093 0.084 0.199 0.121 0.119 0.150 
 16 NS_SS0905    (6)    1 :  0.131 0.081 0.083 0.054 0.246 0.228 0.056 0.121 
 17 NS_SS0925    (3)    1 :  0.245 0.124 0.043 0.121 0.091 0.130 0.079 0.167 
 18 NS_SS0947    (5)    1 :  0.183 0.129 0.096 0.098 0.107 0.067 0.140 0.180 
 19 NS_SS0926    (2)    1 :  0.052 0.069 0.237 0.061 0.106 0.146 0.240 0.089 
 20 NS_SS0918    (6)    1 :  0.057 0.051 0.056 0.080 0.152 0.138 0.106 0.360 
 21 NS_SS0966    (4)    1 :  0.152 0.098 0.070 0.072 0.114 0.118 0.146 0.230 
 22 NS_SS0938    (2)    1 :  0.073 0.243 0.085 0.087 0.079 0.056 0.302 0.074 
 23 NS_SS0917    (2)    1 :  0.199 0.065 0.174 0.093 0.153 0.101 0.159 0.056 
 24 NS_SS0957   (11)    1 :  0.087 0.070 0.110 0.214 0.191 0.111 0.108 0.110 
 25 NS_SS0987    (1)    1 :  0.055 0.051 0.080 0.240 0.197 0.190 0.087 0.099 
 26 NS_SS0717    (4)    1 :  0.084 0.169 0.054 0.120 0.247 0.143 0.047 0.136 
 27 NS_SS0986    (2)    1 :  0.040 0.084 0.109 0.144 0.155 0.226 0.133 0.109 
 28 NS_SS0953    (4)    1 :  0.195 0.130 0.060 0.108 0.128 0.097 0.042 0.239 
 29 NS_SS0907    (3)    1 :  0.102 0.091 0.079 0.068 0.098 0.197 0.085 0.279 
 30 NS_SS0974    (6)    1 :  0.219 0.101 0.135 0.060 0.133 0.082 0.089 0.180 
 31 NS_SS0989    (1)    1 :  0.193 0.102 0.217 0.086 0.055 0.088 0.206 0.054 
 32 NS_SS0991    (2)    1 :  0.042 0.075 0.097 0.183 0.053 0.352 0.047 0.151 
 33 NS_SS0994    (2)    1 :  0.064 0.197 0.324 0.066 0.062 0.147 0.078 0.061 
 34 NS_SS0931    (6)    1 :  0.054 0.081 0.162 0.127 0.060 0.255 0.165 0.096 
 35 NS_SS1000    (5)    1 :  0.087 0.201 0.082 0.076 0.187 0.068 0.134 0.165 
 36 NS_SS0919    (1)    1 :  0.114 0.052 0.092 0.047 0.081 0.284 0.220 0.111 
 37 NS_SS0949    (3)    1 :  0.214 0.108 0.155 0.157 0.044 0.134 0.137 0.052 
 38 NS_SS0960   (10)    1 :  0.179 0.039 0.166 0.098 0.169 0.086 0.091 0.173 
 39 NS_SS0716    (2)    1 :  0.048 0.080 0.076 0.134 0.459 0.091 0.071 0.041 
 40 NS_SS0924    (8)    1 :  0.166 0.055 0.109 0.112 0.108 0.138 0.108 0.203 
 41 NS_SS0935    (1)    1 :  0.116 0.073 0.189 0.135 0.117 0.214 0.049 0.107 
 42 NS_SS0952   (13)    1 :  0.092 0.093 0.174 0.059 0.093 0.198 0.107 0.183 
 43 NS_SS0962   (10)    1 :  0.058 0.156 0.062 0.079 0.199 0.105 0.257 0.083 
 44 NS_SS0973    (5)    1 :  0.298 0.078 0.069 0.109 0.062 0.122 0.065 0.196 
 45 NS_SS0722    (1)    1 :  0.097 0.286 0.062 0.075 0.175 0.084 0.049 0.172 
 46 NS_SS0979   (13)    1 :  0.067 0.098 0.060 0.161 0.214 0.142 0.117 0.140 
 47 NS_SS0993    (2)    1 :  0.178 0.170 0.045 0.122 0.093 0.119 0.107 0.166 
 48 NS_SS0958    (1)    1 :  0.079 0.105 0.226 0.060 0.206 0.085 0.098 0.140 
 49 NS_SS0988    (4)    1 :  0.063 0.051 0.105 0.067 0.153 0.152 0.231 0.176 
 50 NS_SS1003    (2)    1 :  0.055 0.076 0.049 0.232 0.053 0.059 0.377 0.098 
 51 NS_SS0976    (0)    1 :  0.073 0.109 0.176 0.099 0.054 0.146 0.204 0.138 
 52 NS_SS0964   (10)    1 :  0.101 0.254 0.065 0.153 0.191 0.078 0.057 0.100 
 53 NS_SS0939    (4)    1 :  0.060 0.106 0.063 0.175 0.381 0.051 0.125 0.039 
 54 NS_SS0990    (6)    1 :  0.043 0.129 0.169 0.103 0.166 0.108 0.229 0.054 
 55 NS_SS0984    (2)    1 :  0.104 0.203 0.057 0.073 0.215 0.081 0.150 0.117 
 56 NS_SS0980    (9)    1 :  0.329 0.084 0.071 0.057 0.097 0.073 0.073 0.216 
 57 NS_SS0978    (4)    1 :  0.114 0.206 0.123 0.088 0.098 0.073 0.139 0.159 
 58 NS_SS0951   (17)    1 :  0.057 0.070 0.117 0.188 0.150 0.219 0.052 0.147 
 59 NS_SS0913    (3)    1 :  0.058 0.196 0.099 0.205 0.192 0.071 0.083 0.096 
 60 NS_SS1002    (1)    1 :  0.070 0.062 0.061 0.045 0.140 0.054 0.353 0.214 
 61 NS_SS0948    (1)    1 :  0.077 0.087 0.123 0.085 0.136 0.176 0.128 0.188 
 62 NS_SS0916    (4)    1 :  0.325 0.107 0.147 0.075 0.110 0.045 0.140 0.051 
 63 NS_SS0995    (1)    1 :  0.351 0.058 0.075 0.088 0.186 0.082 0.101 0.058 
 64 NS_SS0927    (6)    1 :  0.180 0.097 0.145 0.050 0.150 0.205 0.112 0.061 
 65 NS_SS0992    (5)    1 :  0.191 0.134 0.185 0.067 0.090 0.038 0.164 0.131 
 66 NS_SS0912    (1)    1 :  0.041 0.064 0.116 0.209 0.132 0.209 0.126 0.102 
 67 NS_SS0981    (1)    1 :  0.050 0.067 0.063 0.144 0.146 0.160 0.195 0.175 
 68 NS_SS0729    (5)    2 :  0.291 0.111 0.229 0.048 0.039 0.110 0.076 0.095 
 69 NS_SS0967   (14)    2 :  0.171 0.080 0.056 0.076 0.104 0.116 0.173 0.224 
 70 NS_SS0941    (7)    2 :  0.123 0.259 0.095 0.114 0.098 0.101 0.131 0.078 
 71 NS_SS0768   (12)    2 :  0.058 0.131 0.085 0.260 0.105 0.110 0.105 0.146 
 72 NS_SS0726    (4)    2 :  0.250 0.164 0.173 0.067 0.035 0.058 0.162 0.092 
 73 NS_SS0763    (4)    2 :  0.089 0.177 0.195 0.083 0.109 0.136 0.094 0.117 
 74 NS_SS0730    (6)    2 :  0.152 0.081 0.069 0.102 0.254 0.097 0.164 0.082 
 75 NS_SS0774    (1)    2 :  0.248 0.124 0.058 0.060 0.195 0.057 0.111 0.146 
 76 NS_SS0723    (3)    2 :  0.210 0.082 0.032 0.115 0.135 0.139 0.163 0.126 
 77 NS_SS0940    (9)    2 :  0.138 0.161 0.146 0.099 0.148 0.115 0.142 0.051 
 78 NS_SS0762    (1)    2 :  0.111 0.268 0.056 0.109 0.218 0.054 0.056 0.128 
 79 NS_SS0766   (11)    2 :  0.122 0.187 0.126 0.104 0.235 0.109 0.068 0.049 
 80 NS_SS0724    (1)    2 :  0.097 0.182 0.056 0.187 0.092 0.169 0.068 0.150 
 81 NS_SS0769    (3)    2 :  0.083 0.092 0.091 0.117 0.181 0.153 0.175 0.109 
 82 NS_SS0777    (2)    2 :  0.053 0.064 0.131 0.104 0.132 0.299 0.124 0.092 
 83 NS_SS0734    (6)    2 :  0.123 0.124 0.147 0.210 0.134 0.105 0.092 0.065 
 84 NS_SS0737    (3)    2 :  0.188 0.299 0.055 0.075 0.169 0.045 0.097 0.072 
 85 NS_SS0732    (5)    2 :  0.195 0.052 0.044 0.248 0.152 0.133 0.056 0.120 
 86 NS_SS0728    (5)    2 :  0.215 0.143 0.093 0.163 0.111 0.130 0.084 0.062 
 87 NS_SS0735    (9)    2 :  0.216 0.214 0.059 0.173 0.078 0.115 0.041 0.104 
 88 NS_SS0725    (1)    2 :  0.042 0.366 0.079 0.169 0.060 0.066 0.145 0.073 
 89 NS_SS0788    (2)    2 :  0.168 0.080 0.087 0.092 0.120 0.121 0.257 0.075 
 90 NS_SS0778    (2)    2 :  0.164 0.047 0.099 0.112 0.072 0.258 0.185 0.063 
 91 NS_SS0792    (6)    2 :  0.214 0.070 0.151 0.176 0.121 0.075 0.062 0.131 
 92 NS_SS0943   (11)    2 :  0.070 0.092 0.217 0.200 0.042 0.091 0.063 0.225 
 93 NS_SS0791    (2)    2 :  0.302 0.063 0.150 0.160 0.119 0.065 0.089 0.051 
 94 NS_SS0790    (5)    2 :  0.077 0.145 0.035 0.259 0.143 0.080 0.059 0.203 
 95 NS_SS0731    (6)    2 :  0.045 0.129 0.052 0.231 0.197 0.207 0.071 0.067 
 96 NS_SS0727    (6)    2 :  0.184 0.259 0.210 0.086 0.084 0.064 0.040 0.072 
 97 NS_SS0779   (12)    2 :  0.142 0.102 0.069 0.104 0.118 0.281 0.114 0.070 
 98 NS_SS0776    (3)    2 :  0.090 0.248 0.129 0.117 0.129 0.100 0.121 0.066 
 99 NS_SS0775    (5)    2 :  0.146 0.132 0.076 0.098 0.339 0.052 0.067 0.090 
100 NS_SS0965    (3)    3 :  0.098 0.056 0.062 0.209 0.095 0.178 0.146 0.155 
101 NS_SS0754   (13)    3 :  0.181 0.064 0.180 0.229 0.070 0.104 0.084 0.088 
102 NS_SS0838    (5)    3 :  0.134 0.153 0.107 0.078 0.149 0.154 0.138 0.088 
103 NS_SS0839    (3)    3 :  0.152 0.163 0.063 0.130 0.214 0.053 0.121 0.104 
104 NS_SS0832    (4)    3 :  0.083 0.113 0.037 0.158 0.137 0.100 0.124 0.247 
105 NS_SS0820    (4)    3 :  0.110 0.105 0.042 0.193 0.103 0.117 0.201 0.130 
106 NS_SS0886    (9)    3 :  0.137 0.068 0.160 0.170 0.116 0.138 0.129 0.082 
107 NS_SS0748    (5)    3 :  0.088 0.069 0.101 0.094 0.145 0.243 0.101 0.159 
108 NS_SS0884    (9)    3 :  0.198 0.098 0.129 0.133 0.100 0.100 0.095 0.147 
109 NS_SS0752    (3)    3 :  0.220 0.159 0.095 0.096 0.127 0.080 0.111 0.112 
110 NS_SS0862    (1)    3 :  0.193 0.054 0.038 0.297 0.084 0.110 0.079 0.146 
111 NS_SS0787    (9)    3 :  0.092 0.054 0.329 0.101 0.112 0.119 0.100 0.094 
112 NS_SS0843    (6)    3 :  0.152 0.172 0.063 0.143 0.076 0.228 0.068 0.099 
113 NS_SS0856    (4)    3 :  0.207 0.166 0.116 0.086 0.171 0.074 0.129 0.050 
114 NS_SS0846    (2)    3 :  0.167 0.130 0.111 0.054 0.052 0.122 0.144 0.219 
115 NS_SS0825    (1)    3 :  0.065 0.068 0.101 0.204 0.056 0.139 0.269 0.098 
116 NS_SS0757    (3)    3 :  0.101 0.086 0.103 0.177 0.098 0.232 0.076 0.127 
117 NS_SS0876    (3)    3 :  0.123 0.188 0.090 0.146 0.097 0.111 0.090 0.156 
118 NS_SS0903    (9)    3 :  0.414 0.081 0.040 0.052 0.089 0.058 0.089 0.178 
119 NS_SS0875    (7)    3 :  0.075 0.071 0.092 0.092 0.241 0.175 0.170 0.084 
120 NS_SS0740    (5)    3 :  0.109 0.182 0.077 0.126 0.088 0.215 0.068 0.134 
121 NS_SS0811    (5)    3 :  0.085 0.046 0.054 0.197 0.343 0.078 0.061 0.136 
122 NS_SS0751    (1)    3 :  0.111 0.180 0.084 0.072 0.184 0.120 0.183 0.066 
123 NS_SS0891    (6)    3 :  0.068 0.262 0.113 0.108 0.120 0.074 0.157 0.099 
124 NS_SS0867    (2)    3 :  0.082 0.047 0.120 0.202 0.046 0.130 0.113 0.260 
125 NS_SS0890    (6)    3 :  0.206 0.081 0.078 0.061 0.183 0.137 0.100 0.155 
126 NS_SS0866   (11)    3 :  0.084 0.103 0.356 0.115 0.066 0.086 0.103 0.086 
127 NS_SS0755    (4)    3 :  0.085 0.085 0.105 0.206 0.124 0.073 0.112 0.212 
128 NS_SS0758    (4)    3 :  0.205 0.187 0.081 0.078 0.079 0.185 0.091 0.095 
129 NS_SS0840    (2)    3 :  0.125 0.113 0.044 0.130 0.143 0.073 0.198 0.174 
130 NS_SS0889    (4)    3 :  0.072 0.078 0.252 0.237 0.080 0.088 0.082 0.112 
131 NS_SS1010    (1)    3 :  0.101 0.053 0.087 0.084 0.207 0.120 0.193 0.155 
132 NS_SS0888    (5)    3 :  0.232 0.084 0.314 0.131 0.084 0.046 0.040 0.068 
133 NS_SS0837    (3)    3 :  0.104 0.064 0.053 0.262 0.128 0.099 0.072 0.218 
134 NS_SS0794    (9)    3 :  0.134 0.124 0.265 0.097 0.162 0.073 0.049 0.097 
135 NS_SS0823    (4)    3 :  0.089 0.183 0.064 0.084 0.095 0.088 0.121 0.275 
136 NS_SS0829    (7)    3 :  0.064 0.048 0.209 0.151 0.096 0.216 0.056 0.160 
137 NS_SS0844    (5)    3 :  0.185 0.049 0.039 0.088 0.063 0.059 0.057 0.461 
138 NS_SS1008    (5)    3 :  0.085 0.174 0.217 0.086 0.188 0.085 0.058 0.108 
139 NS_SS0881    (3)    3 :  0.078 0.074 0.162 0.103 0.145 0.076 0.276 0.087 
140 NS_SS0834    (6)    3 :  0.057 0.416 0.054 0.104 0.077 0.072 0.146 0.075 
141 NS_SS0744   (10)    3 :  0.214 0.075 0.099 0.157 0.064 0.091 0.162 0.137 
142 NS_SS0899    (7)    3 :  0.072 0.127 0.049 0.194 0.202 0.133 0.064 0.159 
143 NS_SS0804    (4)    3 :  0.126 0.138 0.031 0.173 0.114 0.139 0.128 0.151 
144 NS_SS0781   (10)    3 :  0.078 0.118 0.041 0.063 0.146 0.177 0.200 0.177 
145 NS_SS0822    (6)    3 :  0.141 0.239 0.120 0.142 0.041 0.135 0.048 0.135 
146 NS_SS1004    (4)    3 :  0.129 0.113 0.079 0.117 0.082 0.123 0.114 0.242 
147 NS_SS0746    (5)    3 :  0.064 0.178 0.107 0.072 0.076 0.194 0.092 0.217 
148 NS_SS0880    (3)    3 :  0.148 0.153 0.071 0.144 0.073 0.069 0.140 0.202 
149 NS_SS0879    (4)    3 :  0.106 0.229 0.113 0.198 0.065 0.053 0.083 0.154 
150 NS_SS0753    (2)    3 :  0.116 0.053 0.154 0.126 0.122 0.208 0.060 0.163 
151 NS_SS1007    (2)    3 :  0.254 0.126 0.087 0.043 0.199 0.070 0.169 0.052 
152 NS_SS0872    (5)    3 :  0.167 0.128 0.084 0.081 0.184 0.071 0.134 0.150 
153 NS_SS1005    (7)    3 :  0.100 0.144 0.055 0.073 0.103 0.150 0.141 0.233 
154 NS_SS0892    (6)    3 :  0.075 0.155 0.097 0.113 0.154 0.193 0.108 0.104 
155 NS_SS0898    (0)    3 :  0.068 0.088 0.202 0.133 0.111 0.105 0.116 0.178 
156 NS_SS0801    (9)    3 :  0.071 0.086 0.075 0.200 0.115 0.229 0.094 0.131 
157 NS_SS0827    (8)    3 :  0.093 0.035 0.087 0.092 0.261 0.249 0.104 0.079 
158 NS_SS0853    (6)    3 :  0.109 0.039 0.122 0.104 0.346 0.134 0.044 0.102 
159 NS_SS0780    (2)    3 :  0.126 0.108 0.050 0.157 0.093 0.203 0.191 0.071 
160 NS_SS0826   (10)    3 :  0.040 0.106 0.103 0.108 0.037 0.141 0.273 0.194 
161 NS_SS0818    (5)    3 :  0.142 0.131 0.051 0.119 0.167 0.072 0.195 0.123 
162 NS_SS0745    (1)    3 :  0.027 0.317 0.060 0.169 0.255 0.045 0.088 0.039 
163 NS_SS0849    (3)    3 :  0.048 0.055 0.053 0.360 0.100 0.181 0.110 0.094 
164 NS_SS0739    (3)    3 :  0.188 0.066 0.094 0.144 0.168 0.106 0.188 0.046 
165 NS_SS0799    (1)    3 :  0.309 0.083 0.115 0.097 0.140 0.143 0.035 0.077 
166 NS_SS0756    (2)    3 :  0.074 0.071 0.065 0.112 0.132 0.067 0.189 0.290 
167 NS_SS0802    (2)    3 :  0.171 0.124 0.106 0.054 0.090 0.193 0.188 0.075 
168 NS_SS0747    (6)    3 :  0.156 0.091 0.081 0.077 0.106 0.163 0.136 0.190 
169 NS_SS0835    (1)    3 :  0.122 0.071 0.241 0.061 0.085 0.206 0.115 0.098 
170 NS_SS0742   (18)    3 :  0.238 0.078 0.053 0.124 0.090 0.160 0.146 0.109 
171 NS_SS0760    (9)    3 :  0.084 0.099 0.279 0.060 0.154 0.113 0.084 0.128 
172 NS_SS0803    (4)    3 :  0.291 0.079 0.041 0.078 0.053 0.060 0.044 0.355 
173 NS_SS0828   (13)    3 :  0.142 0.066 0.100 0.184 0.154 0.165 0.089 0.100 
174 NS_SS0865    (2)    3 :  0.109 0.046 0.126 0.232 0.059 0.090 0.195 0.144 
175 NS_SS0759    (4)    3 :  0.118 0.183 0.053 0.154 0.182 0.116 0.096 0.098 
176 NS_SS0851    (5)    3 :  0.038 0.132 0.062 0.431 0.104 0.056 0.092 0.085 
177 NS_SS0874   (16)    3 :  0.114 0.101 0.044 0.082 0.097 0.228 0.068 0.266 
178 NS_SS0761    (6)    3 :  0.070 0.055 0.209 0.137 0.063 0.174 0.119 0.173 
179 NS_SS0842   (25)    3 :  0.102 0.090 0.183 0.087 0.202 0.102 0.086 0.148 
180 NS_SS0785    (6)    3 :  0.186 0.076 0.137 0.123 0.104 0.131 0.078 0.164 
181 NS_SS0860   (11)    3 :  0.110 0.086 0.266 0.067 0.080 0.167 0.109 0.116 
182 NS_SS0897    (7)    3 :  0.087 0.070 0.323 0.147 0.099 0.120 0.061 0.093 
183 NS_SS0841   (14)    3 :  0.063 0.125 0.059 0.198 0.240 0.093 0.082 0.140 
184 NS_SS0797    (6)    3 :  0.064 0.055 0.178 0.212 0.105 0.107 0.141 0.138 
185 NS_SS0830   (10)    3 :  0.102 0.078 0.133 0.193 0.121 0.091 0.158 0.125 
186 NS_SS1011    (5)    3 :  0.099 0.100 0.062 0.159 0.054 0.065 0.279 0.182 
187 NS_SS0883    (5)    3 :  0.212 0.035 0.116 0.114 0.225 0.128 0.060 0.110 
188 NS_SS0782    (2)    3 :  0.169 0.184 0.160 0.100 0.140 0.064 0.070 0.114 
189 NS_SS0831    (5)    3 :  0.094 0.059 0.225 0.240 0.108 0.127 0.060 0.086 
190 NS_SS0749    (7)    3 :  0.189 0.093 0.131 0.210 0.123 0.088 0.100 0.067 
191 NS_SS0854    (2)    3 :  0.260 0.227 0.110 0.112 0.052 0.092 0.059 0.088 
192 HI_SS0193    (0)    4 :  0.082 0.258 0.201 0.196 0.043 0.058 0.104 0.057 
193 HI_SS0194    (0)    4 :  0.040 0.426 0.087 0.079 0.040 0.097 0.170 0.061 
194 HI_SS0195    (9)    4 :  0.110 0.130 0.042 0.255 0.138 0.098 0.175 0.053 
195 HI_SS0196    (6)    4 :  0.192 0.180 0.131 0.086 0.169 0.094 0.071 0.078 
196 HI_SS0197    (3)    4 :  0.073 0.079 0.068 0.044 0.097 0.115 0.459 0.065 
197 HI_SS0198    (1)    4 :  0.167 0.060 0.131 0.224 0.113 0.132 0.095 0.077 
198 HI_SS0199    (1)    4 :  0.283 0.098 0.221 0.072 0.110 0.050 0.062 0.104 
199 HI_SS0201    (4)    4 :  0.105 0.041 0.212 0.164 0.052 0.201 0.076 0.149 
200 HI_SS0215    (1)    4 :  0.090 0.038 0.197 0.099 0.097 0.227 0.126 0.125 
201 HI_SS0218    (1)    4 :  0.116 0.084 0.379 0.150 0.108 0.044 0.046 0.074 
202 HI_SS0222    (0)    4 :  0.146 0.139 0.104 0.179 0.144 0.090 0.156 0.043 
203 HI_SS0230    (1)    4 :  0.053 0.078 0.071 0.060 0.246 0.178 0.202 0.111 
204 HI_SS0234    (1)    4 :  0.266 0.139 0.078 0.053 0.051 0.090 0.188 0.135 
205 HI_SS0240    (1)    4 :  0.323 0.164 0.091 0.111 0.115 0.056 0.082 0.058 
206 HI_SS0241    (0)    4 :  0.118 0.079 0.218 0.115 0.097 0.144 0.094 0.136 
207 HI_SS0242    (0)    4 :  0.105 0.095 0.172 0.163 0.084 0.085 0.097 0.199 
208 HI_SS0247    (0)    4 :  0.058 0.108 0.095 0.118 0.082 0.136 0.135 0.267 
209 HI_SS0248    (1)    4 :  0.170 0.168 0.188 0.061 0.106 0.176 0.039 0.092 
210 HI_SS0252    (2)    4 :  0.129 0.276 0.070 0.175 0.082 0.102 0.053 0.113 
211 HI_SS0254    (1)    4 :  0.126 0.106 0.105 0.054 0.080 0.153 0.246 0.131 
212 HI_SS0256    (0)    4 :  0.119 0.185 0.026 0.108 0.136 0.059 0.131 0.238 
213 HI_SS0257    (0)    4 :  0.126 0.111 0.219 0.041 0.043 0.131 0.133 0.196 
214 HI_SS0258    (1)    4 :  0.110 0.105 0.233 0.116 0.119 0.118 0.074 0.125 
215 HI_SS0259    (1)    4 :  0.086 0.206 0.080 0.161 0.064 0.074 0.255 0.074 
216 HI_SS0260    (1)    4 :  0.176 0.089 0.238 0.066 0.200 0.098 0.065 0.069 
217 HI_SS0261    (2)    4 :  0.067 0.174 0.142 0.065 0.053 0.103 0.224 0.172 
218 HI_SS0262    (0)    4 :  0.180 0.069 0.102 0.226 0.158 0.049 0.113 0.102 
219 HI_SS0264    (1)    4 :  0.044 0.083 0.076 0.100 0.276 0.133 0.201 0.087 
220 HI_SS0265    (0)    4 :  0.087 0.095 0.076 0.222 0.082 0.115 0.225 0.099 
221 HI_SS0268    (1)    4 :  0.091 0.067 0.121 0.068 0.272 0.128 0.210 0.042 
222 HI_SS0269    (1)    4 :  0.250 0.077 0.279 0.050 0.036 0.090 0.126 0.093 
223 HI_SS0273    (0)    4 :  0.091 0.067 0.250 0.099 0.087 0.053 0.121 0.231 
224 HI_SS0277    (1)    4 :  0.120 0.050 0.069 0.098 0.070 0.079 0.375 0.138 
225 HI_SS0280    (0)    4 :  0.128 0.107 0.122 0.247 0.165 0.062 0.120 0.049 
226 HI_SS0282    (1)    4 :  0.136 0.104 0.164 0.186 0.053 0.113 0.070 0.173 
227 HI_SS0286    (1)    4 :  0.208 0.061 0.085 0.173 0.073 0.236 0.107 0.059 
228 NS_SS1252    (3)    5 :  0.121 0.066 0.298 0.082 0.082 0.167 0.048 0.137 
229 NS_SS1261    (1)    5 :  0.217 0.059 0.088 0.075 0.176 0.144 0.136 0.104 
230 NS_SS1225    (9)    5 :  0.086 0.095 0.146 0.063 0.064 0.138 0.100 0.308 
231 NS_SS1266    (1)    5 :  0.093 0.109 0.047 0.112 0.092 0.058 0.076 0.413 
232 NS_SS1228    (0)    5 :  0.122 0.064 0.100 0.266 0.211 0.050 0.115 0.072 
233 NS_SS1255    (2)    5 :  0.111 0.330 0.137 0.064 0.146 0.037 0.063 0.112 
234 NS_SS1267    (3)    5 :  0.100 0.060 0.319 0.112 0.100 0.178 0.085 0.047 
235 NS_SS1238    (6)    5 :  0.077 0.116 0.137 0.156 0.107 0.096 0.243 0.069 
236 NS_SS1233    (8)    5 :  0.031 0.102 0.056 0.068 0.150 0.126 0.094 0.372 
237 NS_SS1277    (3)    5 :  0.161 0.188 0.230 0.136 0.079 0.069 0.083 0.054 
238 NS_SS1245    (1)    5 :  0.083 0.203 0.102 0.062 0.062 0.244 0.095 0.149 
239 NS_SS1240    (4)    5 :  0.115 0.095 0.236 0.039 0.071 0.296 0.102 0.047 
240 NS_SS1275    (2)    5 :  0.066 0.134 0.050 0.197 0.077 0.048 0.292 0.138 
241 NS_SS1235    (1)    5 :  0.195 0.296 0.086 0.038 0.044 0.065 0.099 0.178 
242 NS_SS1263    (1)    5 :  0.070 0.256 0.055 0.080 0.140 0.112 0.063 0.224 
243 NS_SS1251    (1)    5 :  0.072 0.161 0.059 0.075 0.105 0.150 0.120 0.258 
244 NS_SS1248    (0)    5 :  0.038 0.055 0.107 0.359 0.156 0.088 0.113 0.085 
245 NS_SS1244    (0)    5 :  0.123 0.054 0.115 0.122 0.038 0.058 0.298 0.193 
246 NS_SS1257    (0)    5 :  0.132 0.134 0.255 0.117 0.089 0.107 0.076 0.090 
247 NS_SS1242    (2)    5 :  0.053 0.183 0.071 0.128 0.210 0.083 0.115 0.157 
248 NS_SS1271    (6)    5 :  0.227 0.043 0.296 0.119 0.064 0.094 0.089 0.067 
249 NS_SS1265    (1)    5 :  0.040 0.110 0.215 0.090 0.084 0.211 0.140 0.110 
250 NS_SS1243    (0)    5 :  0.074 0.184 0.079 0.242 0.152 0.149 0.054 0.067 
251 NS_SS1273    (1)    5 :  0.064 0.163 0.070 0.079 0.316 0.041 0.098 0.169 
252 NS_SS1254   (14)    5 :  0.088 0.096 0.067 0.069 0.207 0.086 0.056 0.331 
253 NS_SS1224    (1)    5 :  0.093 0.110 0.075 0.220 0.112 0.059 0.094 0.238 
254 NS_SS1227    (8)    5 :  0.138 0.086 0.140 0.048 0.154 0.232 0.143 0.060 
255 NS_SS1274    (8)    5 :  0.173 0.146 0.157 0.102 0.114 0.123 0.083 0.102 
256 NS_SS1241    (1)    5 :  0.143 0.106 0.178 0.145 0.070 0.078 0.080 0.201 
257 NS_SS1256    (3)    5 :  0.052 0.107 0.154 0.057 0.081 0.112 0.167 0.271 
258 NS_SS1260    (8)    5 :  0.273 0.055 0.219 0.074 0.112 0.088 0.066 0.113 
259 NS_SS1262    (0)    5 :  0.129 0.056 0.142 0.141 0.080 0.083 0.129 0.240 
260 NS_SS1230    (0)    5 :  0.056 0.141 0.202 0.110 0.158 0.072 0.091 0.171 
261 NS_SS1270    (2)    5 :  0.044 0.105 0.065 0.282 0.056 0.127 0.102 0.219 
262 NS_SS1229    (2)    5 :  0.226 0.255 0.050 0.040 0.046 0.111 0.184 0.088 
263 NS_SS1246    (5)    5 :  0.209 0.159 0.150 0.074 0.040 0.126 0.193 0.049 
264 NS_SS1269    (0)    5 :  0.132 0.125 0.103 0.145 0.158 0.083 0.106 0.148 
265 NS_SS1239    (1)    5 :  0.304 0.149 0.054 0.234 0.073 0.066 0.061 0.060 
266 NS_SS1272    (4)    5 :  0.067 0.111 0.070 0.069 0.056 0.147 0.356 0.124 
267 NS_SS1268    (1)    5 :  0.044 0.102 0.065 0.322 0.094 0.146 0.047 0.181 
268 NS_SS1249    (0)    5 :  0.191 0.093 0.336 0.086 0.061 0.069 0.053 0.112 
269 HI_SS0559    (0)    6 :  0.101 0.166 0.137 0.210 0.109 0.131 0.043 0.102 
270 HI_SS0563    (1)    6 :  0.259 0.058 0.087 0.093 0.088 0.083 0.162 0.170 
271 HI_SS0564    (0)    6 :  0.123 0.146 0.073 0.142 0.065 0.146 0.191 0.114 
272 HI_SS0565    (0)    6 :  0.083 0.070 0.103 0.063 0.111 0.290 0.169 0.112 
273 HI_SS0569    (0)    6 :  0.071 0.050 0.107 0.061 0.065 0.370 0.088 0.189 
274 HI_SS0570    (0)    6 :  0.118 0.148 0.231 0.133 0.078 0.142 0.111 0.039 
275 HI_SS0572    (1)    6 :  0.194 0.286 0.052 0.077 0.099 0.124 0.088 0.080 
276 HI_SS0576    (0)    6 :  0.101 0.124 0.068 0.187 0.217 0.087 0.131 0.085 
277 HI_SS0579    (1)    6 :  0.174 0.129 0.108 0.070 0.048 0.175 0.051 0.246 
278 HI_SS0580    (1)    6 :  0.127 0.129 0.211 0.093 0.203 0.098 0.054 0.086 
279 HI_SS0581    (0)    6 :  0.076 0.109 0.052 0.246 0.089 0.092 0.271 0.065 
280 HI_SS0583    (1)    6 :  0.080 0.127 0.151 0.032 0.148 0.301 0.067 0.094 
281 HI_SS0586    (1)    6 :  0.055 0.044 0.223 0.084 0.188 0.293 0.062 0.050 
282 HI_SS0588    (1)    6 :  0.110 0.100 0.110 0.075 0.097 0.302 0.048 0.158 
283 HI_SS0595    (4)    6 :  0.086 0.075 0.203 0.047 0.123 0.075 0.290 0.101 
284 HI_SS0596    (0)    6 :  0.136 0.319 0.066 0.068 0.198 0.068 0.049 0.096 
285 HI_SS0597    (1)    6 :  0.088 0.249 0.061 0.058 0.119 0.183 0.146 0.096 
286 HI_SS0600    (0)    6 :  0.287 0.068 0.161 0.111 0.071 0.070 0.139 0.093 
287 HI_SS0601    (1)    6 :  0.157 0.036 0.080 0.108 0.076 0.182 0.147 0.214 
288 HI_SS0602    (1)    6 :  0.056 0.095 0.163 0.109 0.218 0.257 0.048 0.054 
289 HI_SS0604    (0)    6 :  0.053 0.239 0.059 0.146 0.050 0.293 0.053 0.107 
290 HI_SS0605    (1)    6 :  0.160 0.071 0.120 0.300 0.056 0.168 0.057 0.068 
291 HI_SS0608    (0)    6 :  0.080 0.176 0.099 0.094 0.250 0.137 0.094 0.071 
292 HI_SS0609    (0)    6 :  0.083 0.110 0.079 0.053 0.144 0.114 0.135 0.282 
293 HI_SS0611    (5)    6 :  0.081 0.065 0.203 0.206 0.150 0.188 0.052 0.054 
294 HI_SS0612    (1)    6 :  0.235 0.069 0.130 0.036 0.051 0.053 0.065 0.362 
295 HI_SS0613    (1)    6 :  0.066 0.055 0.101 0.341 0.145 0.129 0.060 0.101 
296 HI_SS0615    (0)    6 :  0.189 0.155 0.048 0.120 0.205 0.055 0.154 0.074 
297 HI_SS0001    (1)    6 :  0.104 0.246 0.197 0.080 0.081 0.057 0.138 0.097 
298 HI_SS0002    (1)    6 :  0.073 0.172 0.052 0.064 0.137 0.123 0.133 0.245 
299 HI_SS0004    (0)    6 :  0.086 0.192 0.211 0.114 0.136 0.120 0.076 0.065 
300 HI_SS0005    (1)    6 :  0.072 0.052 0.096 0.262 0.210 0.072 0.154 0.082 
301 HI_SS0006    (1)    6 :  0.099 0.112 0.169 0.071 0.052 0.173 0.143 0.181 
302 HI_SS0007    (1)    6 :  0.116 0.100 0.204 0.360 0.060 0.068 0.044 0.047 
303 HI_SS0008    (0)    6 :  0.083 0.094 0.066 0.118 0.118 0.258 0.165 0.098 
304 HI_SS0009    (0)    6 :  0.165 0.181 0.056 0.211 0.157 0.107 0.045 0.078 
305 HI_SS0010    (1)    6 :  0.109 0.062 0.142 0.109 0.199 0.161 0.116 0.101 
306 HI_SS0011    (1)    6 :  0.033 0.087 0.094 0.118 0.096 0.069 0.217 0.286 
307 HI_SS0012    (0)    6 :  0.322 0.057 0.032 0.076 0.156 0.122 0.169 0.065 
308 HI_SS0017    (1)    6 :  0.061 0.425 0.097 0.118 0.071 0.060 0.106 0.062 
309 HI_SS0021    (1)    6 :  0.070 0.056 0.180 0.063 0.202 0.163 0.180 0.085 
310 HI_SS0024    (1)    6 :  0.159 0.103 0.067 0.169 0.165 0.061 0.210 0.065 
311 HI_SS0025    (1)    6 :  0.086 0.239 0.078 0.123 0.198 0.075 0.062 0.137 
312 HI_SS0027    (0)    6 :  0.113 0.086 0.141 0.128 0.106 0.200 0.048 0.179 
313 HI_SS0028    (0)    6 :  0.044 0.063 0.038 0.142 0.287 0.107 0.247 0.072 
314 HI_SS0029    (1)    6 :  0.159 0.062 0.162 0.049 0.334 0.048 0.136 0.050 
315 HI_SS0030    (2)    6 :  0.152 0.152 0.129 0.179 0.056 0.095 0.119 0.118 
316 HI_SS0031    (0)    6 :  0.235 0.080 0.067 0.049 0.131 0.105 0.174 0.160 
317 HI_SS0034    (0)    6 :  0.138 0.121 0.203 0.116 0.043 0.166 0.060 0.151 
318 HI_SS0036    (0)    6 :  0.076 0.068 0.274 0.149 0.087 0.078 0.235 0.032 
319 HI_SS0037    (1)    6 :  0.054 0.055 0.235 0.103 0.218 0.168 0.046 0.120 
320 HI_SS0039    (0)    6 :  0.065 0.050 0.239 0.212 0.180 0.065 0.112 0.078 
321 HI_SS0041    (1)    6 :  0.083 0.161 0.080 0.298 0.139 0.074 0.111 0.054 
322 HI_SS0042    (1)    6 :  0.094 0.146 0.063 0.112 0.155 0.091 0.209 0.131 
323 HI_SS0043    (1)    6 :  0.123 0.055 0.271 0.093 0.054 0.183 0.154 0.067 
324 HI_SS0044    (1)    6 :  0.172 0.161 0.227 0.053 0.226 0.049 0.061 0.050 
325 HI_SS0047    (1)    6 :  0.100 0.257 0.060 0.194 0.072 0.128 0.100 0.089 
326 HI_SS0049    (0)    6 :  0.045 0.330 0.090 0.074 0.142 0.131 0.056 0.131 
327 HI_SS0051    (1)    6 :  0.121 0.064 0.066 0.315 0.060 0.139 0.059 0.176 
328 HI_SS0053    (1)    6 :  0.083 0.109 0.238 0.083 0.047 0.184 0.176 0.079 
329 HI_SS0054    (4)    6 :  0.064 0.062 0.168 0.148 0.047 0.240 0.080 0.192 
330 HI_SS0057    (0)    6 :  0.055 0.163 0.082 0.212 0.093 0.120 0.166 0.108 
331 HI_SS0058    (0)    6 :  0.081 0.122 0.203 0.085 0.139 0.172 0.054 0.143 
332 HI_SS0060    (0)    6 :  0.116 0.057 0.082 0.176 0.086 0.127 0.209 0.146 
333 HI_SS0087    (1)    6 :  0.085 0.130 0.082 0.082 0.057 0.272 0.176 0.116 
334 HI_SS0091    (0)    6 :  0.095 0.072 0.291 0.058 0.043 0.138 0.193 0.108 
335 HI_SS0095    (1)    6 :  0.218 0.081 0.116 0.124 0.073 0.106 0.164 0.119 
336 HI_SS0097    (3)    6 :  0.206 0.057 0.055 0.075 0.079 0.141 0.081 0.306 
337 HI_SS0099    (0)    6 :  0.062 0.111 0.102 0.058 0.395 0.126 0.075 0.071 
338 HI_SS0103    (0)    6 :  0.193 0.240 0.086 0.105 0.065 0.085 0.143 0.084 
339 HI_SS0105    (1)    6 :  0.117 0.069 0.080 0.147 0.068 0.128 0.254 0.137 
340 HI_SS0107    (1)    6 :  0.145 0.364 0.040 0.106 0.057 0.076 0.131 0.082 
341 HI_SS0108    (1)    6 :  0.106 0.080 0.337 0.098 0.048 0.152 0.090 0.088 
342 HI_SS0110    (0)    6 :  0.162 0.130 0.151 0.057 0.078 0.058 0.287 0.078 
343 HI_SS0111    (1)    6 :  0.224 0.089 0.098 0.107 0.088 0.119 0.207 0.068 
344 HI_SS0112    (0)    6 :  0.159 0.071 0.304 0.071 0.086 0.129 0.120 0.061 
345 HI_SS0113    (1)    6 :  0.059 0.209 0.059 0.093 0.193 0.082 0.189 0.115 
346 HI_SS0114    (1)    6 :  0.093 0.049 0.161 0.132 0.109 0.243 0.093 0.120 
347 HI_SS0115    (1)    6 :  0.242 0.135 0.092 0.087 0.180 0.120 0.036 0.108 
348 HI_SS0116    (4)    6 :  0.169 0.157 0.193 0.032 0.191 0.156 0.055 0.047 
349 HI_SS0117    (0)    6 :  0.069 0.095 0.176 0.046 0.056 0.114 0.229 0.215 
350 HI_SS0118    (0)    6 :  0.104 0.087 0.202 0.059 0.126 0.115 0.138 0.169 
351 HI_SS0119    (1)    6 :  0.190 0.048 0.137 0.111 0.052 0.106 0.239 0.117 
352 HI_SS0120    (1)    6 :  0.059 0.439 0.043 0.075 0.037 0.054 0.227 0.066 
353 HI_SS0121    (1)    6 :  0.051 0.044 0.057 0.112 0.162 0.086 0.330 0.158 
354 HI_SS0122    (2)    6 :  0.133 0.068 0.160 0.138 0.117 0.059 0.203 0.123 
355 HI_SS0123    (0)    6 :  0.140 0.090 0.121 0.065 0.097 0.099 0.209 0.180 
356 HI_SS0124    (1)    6 :  0.147 0.229 0.061 0.110 0.238 0.065 0.067 0.083 
357 HI_SS0125    (1)    6 :  0.210 0.078 0.048 0.124 0.211 0.093 0.159 0.076 
358 HI_SS0126    (0)    6 :  0.081 0.144 0.339 0.062 0.153 0.041 0.095 0.085 
359 HI_SS0127    (0)    6 :  0.072 0.070 0.074 0.258 0.104 0.200 0.071 0.152 
360 HI_SS0128    (0)    6 :  0.114 0.230 0.121 0.056 0.101 0.068 0.147 0.164 
361 HI_SS0129    (1)    6 :  0.093 0.147 0.191 0.174 0.068 0.148 0.123 0.056 
362 HI_SS0131    (2)    6 :  0.057 0.044 0.194 0.124 0.174 0.118 0.084 0.204 
363 HI_SS0132    (0)    6 :  0.127 0.052 0.136 0.077 0.148 0.081 0.243 0.135 
364 HI_SS0133    (1)    6 :  0.079 0.147 0.383 0.109 0.050 0.063 0.098 0.071 
365 HI_SS0134    (1)    6 :  0.116 0.117 0.123 0.098 0.099 0.185 0.105 0.156 
366 HI_SS0142    (3)    6 :  0.200 0.050 0.078 0.099 0.083 0.118 0.186 0.186 
367 HI_SS0145    (0)    6 :  0.154 0.138 0.148 0.079 0.084 0.103 0.077 0.218 
368 HI_SS0146    (1)    6 :  0.183 0.087 0.177 0.143 0.093 0.080 0.054 0.183 
369 HI_SS0147    (1)    6 :  0.076 0.085 0.084 0.359 0.082 0.060 0.091 0.163 
370 HI_SS0149    (1)    6 :  0.042 0.054 0.156 0.061 0.081 0.039 0.371 0.197 
371 HI_SS0150    (2)    6 :  0.111 0.177 0.062 0.166 0.152 0.102 0.126 0.103 
372 HI_SS0151    (0)    6 :  0.281 0.189 0.102 0.169 0.052 0.092 0.043 0.071 
373 NS_SS1451    (1)    6 :  0.209 0.120 0.061 0.183 0.171 0.053 0.135 0.068 
374 NS_SS1404    (0)    6 :  0.074 0.085 0.125 0.317 0.149 0.058 0.105 0.087 
375 NS_SS1432    (2)    6 :  0.090 0.151 0.056 0.072 0.212 0.066 0.308 0.046 
376 NS_SS1405    (4)    6 :  0.125 0.104 0.145 0.071 0.304 0.061 0.095 0.094 
377 NS_SS1431   (10)    6 :  0.067 0.231 0.058 0.088 0.127 0.088 0.275 0.066 
378 NS_SS1402    (3)    6 :  0.211 0.095 0.120 0.084 0.087 0.124 0.152 0.127 
379 NS_SS1450    (3)    6 :  0.103 0.217 0.221 0.171 0.051 0.083 0.094 0.057 
380 NS_SS1396    (0)    6 :  0.127 0.065 0.106 0.121 0.221 0.121 0.131 0.109 
381 NS_SS1393    (5)    6 :  0.217 0.076 0.097 0.093 0.158 0.233 0.067 0.059 
382 NS_SS1392   (10)    6 :  0.201 0.215 0.071 0.174 0.142 0.062 0.090 0.044 
383 NS_SS1445    (0)    6 :  0.044 0.074 0.168 0.108 0.073 0.251 0.146 0.135 
384 NS_SS1423    (0)    6 :  0.173 0.177 0.136 0.049 0.066 0.098 0.221 0.080 
385 NS_SS1421    (9)    6 :  0.140 0.106 0.131 0.124 0.071 0.083 0.203 0.143 
386 NS_SS1411    (6)    6 :  0.065 0.084 0.142 0.238 0.105 0.267 0.049 0.050 
387 NS_SS1453    (5)    6 :  0.156 0.073 0.190 0.096 0.101 0.077 0.243 0.063 
388 NS_SS1442    (2)    6 :  0.110 0.129 0.057 0.071 0.105 0.338 0.060 0.131 
389 NS_SS1422    (1)    6 :  0.282 0.136 0.096 0.081 0.060 0.057 0.094 0.194 
390 NS_SS1419    (1)    6 :  0.071 0.061 0.074 0.135 0.149 0.140 0.070 0.300 
391 NS_SS1427    (0)    6 :  0.186 0.172 0.317 0.061 0.057 0.069 0.096 0.041 
392 NS_SS1444    (3)    6 :  0.063 0.113 0.071 0.148 0.205 0.178 0.057 0.165 
393 NS_SS1455    (0)    6 :  0.106 0.223 0.053 0.043 0.230 0.081 0.112 0.151 
394 NS_SS1425    (2)    6 :  0.111 0.066 0.241 0.101 0.063 0.228 0.078 0.113 
395 NS_SS1400    (0)    6 :  0.051 0.084 0.221 0.086 0.158 0.155 0.065 0.180 
396 NS_SS1406    (1)    6 :  0.096 0.086 0.038 0.051 0.152 0.096 0.221 0.260 
397 NS_SS1417    (6)    6 :  0.060 0.165 0.152 0.125 0.084 0.092 0.132 0.190 
398 NS_SS1454    (2)    6 :  0.036 0.065 0.203 0.101 0.147 0.125 0.240 0.084 
399 NS_SS1412    (1)    6 :  0.089 0.172 0.167 0.188 0.116 0.114 0.084 0.069 
400 NS_SS1438    (1)    6 :  0.121 0.066 0.158 0.145 0.049 0.293 0.062 0.106 
401 NS_SS1416    (4)    6 :  0.154 0.071 0.117 0.125 0.166 0.108 0.156 0.103 
402 NS_SS1401    (0)    6 :  0.164 0.077 0.119 0.068 0.129 0.113 0.208 0.123 
403 NS_SS1424    (6)    6 :  0.142 0.081 0.126 0.180 0.054 0.084 0.231 0.102 
404 NS_SS1435    (9)    6 :  0.104 0.213 0.103 0.114 0.166 0.138 0.123 0.039 
405 NS_SS1447    (4)    6 :  0.065 0.128 0.052 0.229 0.094 0.211 0.094 0.128 
406 NS_SS1414    (3)    6 :  0.036 0.145 0.065 0.177 0.216 0.108 0.076 0.176 
407 NS_SS1449   (14)    6 :  0.352 0.110 0.086 0.107 0.049 0.051 0.176 0.070 
408 NS_SS1443    (4)    6 :  0.178 0.172 0.215 0.055 0.048 0.110 0.074 0.148 
409 NS_SS1434    (1)    6 :  0.209 0.318 0.139 0.061 0.074 0.070 0.051 0.079 
410 NS_SS1398    (1)    6 :  0.094 0.166 0.112 0.090 0.228 0.105 0.129 0.076 
411 NS_SS1426    (1)    6 :  0.118 0.108 0.181 0.090 0.056 0.254 0.117 0.075 
412 NS_SS1413    (0)    6 :  0.054 0.264 0.232 0.075 0.077 0.081 0.077 0.140 
413 NS_SS1395    (1)    6 :  0.156 0.131 0.139 0.056 0.054 0.266 0.143 0.054 
414 NS_SS1448   (10)    6 :  0.058 0.153 0.216 0.262 0.097 0.057 0.096 0.061 
415 NS_SS1446    (0)    6 :  0.169 0.101 0.195 0.123 0.052 0.118 0.145 0.097 
416 NS_SS1403    (2)    6 :  0.118 0.109 0.059 0.061 0.156 0.154 0.284 0.059 
417 NS_SS1415    (0)    6 :  0.104 0.108 0.232 0.123 0.144 0.107 0.080 0.101 
418 NS_SS1437    (4)    6 :  0.055 0.091 0.102 0.108 0.133 0.119 0.276 0.116 
419 NS_SS1439    (2)    6 :  0.173 0.099 0.082 0.084 0.085 0.211 0.080 0.186 
420 NS_SS1441    (3)    6 :  0.124 0.145 0.177 0.043 0.157 0.124 0.075 0.154 
421 NS_SS1420    (2)    6 :  0.117 0.077 0.078 0.450 0.135 0.051 0.041 0.050 
422 NS_SS1394    (2)    6 :  0.084 0.082 0.050 0.169 0.245 0.181 0.135 0.054 
423 NS_SS1391    (7)    6 :  0.094 0.304 0.157 0.061 0.098 0.142 0.097 0.048 
424 NS_SS1410    (5)    6 :  0.167 0.105 0.146 0.066 0.146 0.110 0.164 0.096 
425 NS_SS1408    (1)    6 :  0.122 0.109 0.075 0.145 0.063 0.124 0.237 0.124 
426 NS_SS1409    (1)    6 :  0.177 0.222 0.147 0.052 0.120 0.099 0.093 0.090 
427 HI_SS0617    (1)    7 :  0.257 0.120 0.226 0.136 0.077 0.044 0.072 0.068 
428 HI_SS0618    (2)    7 :  0.244 0.096 0.051 0.090 0.226 0.146 0.079 0.068 
429 HI_SS0619    (0)    7 :  0.065 0.138 0.190 0.082 0.305 0.057 0.080 0.084 
430 HI_SS0620    (1)    7 :  0.194 0.064 0.257 0.270 0.043 0.084 0.032 0.055 
431 HI_SS0621    (3)    7 :  0.181 0.107 0.087 0.121 0.137 0.073 0.138 0.156 
432 HI_SS0622    (1)    7 :  0.066 0.098 0.169 0.172 0.103 0.048 0.086 0.258 
433 HI_SS0626    (0)    7 :  0.051 0.070 0.100 0.246 0.157 0.195 0.126 0.056 
434 HI_SS0627    (0)    7 :  0.074 0.160 0.047 0.075 0.100 0.212 0.276 0.055 
435 HI_SS0628    (3)    7 :  0.055 0.088 0.237 0.090 0.149 0.103 0.210 0.069 
436 HI_SS0629    (1)    7 :  0.117 0.057 0.140 0.082 0.166 0.156 0.147 0.135 
437 HI_SS0630    (1)    7 :  0.144 0.095 0.149 0.164 0.162 0.136 0.059 0.091 
438 HI_SS0631    (0)    7 :  0.175 0.070 0.160 0.179 0.115 0.112 0.106 0.084 
439 HI_SS0632    (0)    7 :  0.072 0.120 0.095 0.200 0.103 0.166 0.114 0.131 
440 HI_SS0633    (0)    7 :  0.147 0.178 0.127 0.049 0.275 0.077 0.047 0.100 
441 HI_SS0634    (1)    7 :  0.101 0.074 0.144 0.207 0.087 0.077 0.226 0.083 
442 HI_SS0635    (0)    7 :  0.061 0.111 0.059 0.116 0.242 0.159 0.113 0.139 
443 HI_SS0637    (1)    7 :  0.085 0.055 0.104 0.238 0.049 0.155 0.127 0.187 
444 HI_SS0638    (0)    7 :  0.097 0.195 0.137 0.142 0.113 0.081 0.119 0.116 
445 HI_SS0639    (1)    7 :  0.155 0.092 0.061 0.191 0.142 0.116 0.129 0.113 
446 HI_SS0640    (1)    7 :  0.084 0.182 0.064 0.084 0.079 0.284 0.074 0.150 
447 HI_SS0641    (1)    7 :  0.070 0.039 0.194 0.153 0.233 0.163 0.062 0.086 
448 HI_SS0642    (0)    7 :  0.130 0.110 0.049 0.096 0.086 0.094 0.369 0.065 
449 HI_SS0645    (0)    7 :  0.127 0.056 0.053 0.215 0.334 0.060 0.056 0.099 
450 HI_SS0646    (1)    7 :  0.175 0.212 0.122 0.076 0.063 0.072 0.114 0.165 
451 HI_SS0647    (1)    7 :  0.039 0.276 0.117 0.116 0.096 0.068 0.167 0.121 
452 HI_SS0648    (0)    7 :  0.107 0.173 0.120 0.134 0.129 0.102 0.112 0.123 
453 HI_SS0649    (1)    7 :  0.183 0.093 0.075 0.055 0.184 0.240 0.072 0.099 
454 HI_SS0650    (1)    7 :  0.196 0.311 0.055 0.095 0.076 0.122 0.095 0.050 
455 HI_SS0651    (1)    7 :  0.192 0.109 0.077 0.101 0.165 0.156 0.075 0.126 
456 HI_SS0652    (1)    7 :  0.050 0.169 0.058 0.371 0.116 0.115 0.056 0.065 
457 NS_SS1371    (3)    7 :  0.284 0.088 0.117 0.045 0.097 0.145 0.156 0.069 
458 NS_SS1374    (0)    7 :  0.054 0.080 0.228 0.183 0.083 0.087 0.231 0.053 
459 NS_SS1337    (3)    7 :  0.056 0.113 0.075 0.337 0.049 0.039 0.226 0.106 
460 NS_SS1385    (5)    7 :  0.154 0.217 0.078 0.101 0.097 0.126 0.099 0.129 
461 NS_SS1388    (0)    7 :  0.058 0.079 0.119 0.047 0.351 0.181 0.093 0.071 
462 NS_SS1370    (1)    7 :  0.154 0.033 0.044 0.464 0.084 0.059 0.083 0.079 
463 NS_SS1389    (3)    7 :  0.060 0.107 0.094 0.096 0.341 0.152 0.101 0.049 
464 NS_SS1360    (1)    7 :  0.099 0.065 0.111 0.115 0.134 0.277 0.085 0.113 
465 NS_SS1330    (0)    7 :  0.170 0.142 0.052 0.165 0.160 0.102 0.077 0.131 
466 NS_SS1328    (8)    7 :  0.100 0.270 0.235 0.056 0.048 0.064 0.130 0.098 
467 NS_SS1384    (1)    7 :  0.093 0.101 0.084 0.126 0.046 0.294 0.129 0.126 
468 NS_SS1381    (0)    7 :  0.215 0.307 0.040 0.085 0.095 0.059 0.083 0.115 
469 NS_SS1375    (1)    7 :  0.144 0.191 0.105 0.104 0.251 0.058 0.107 0.040 
470 NS_SS1319   (10)    7 :  0.168 0.075 0.124 0.107 0.132 0.085 0.202 0.107 
471 NS_SS1326    (2)    7 :  0.090 0.127 0.284 0.050 0.204 0.085 0.094 0.066 
472 NS_SS1341    (1)    7 :  0.087 0.077 0.113 0.074 0.043 0.296 0.205 0.106 
473 NS_SS1383    (1)    7 :  0.115 0.076 0.082 0.140 0.055 0.115 0.339 0.078 
