   NS_SS0963  1 0.1114 0.2922 0.2908 0.1518 0.1538 
   NS_SS0983  1 0.3698 0.1585 0.2130 0.1365 0.1221 
   NS_SS0719  1 0.1895 0.2703 0.1484 0.2303 0.1615 
   NS_SS1001  1 0.1225 0.0881 0.2245 0.2525 0.3124 
   NS_SS0936  1 0.1076 0.2615 0.2625 0.1036 0.2647 
   NS_SS0955  1 0.2353 0.2019 0.2963 0.1592 0.1073 
   NS_SS0944  1 0.2083 0.1250 0.3285 0.1600 0.1782 
   NS_SS0945  1 0.2337 0.1566 0.1795 0.1755 0.2548 
   NS_SS0922  1 0.1013 0.2005 0.1428 0.2150 0.3404 
   NS_SS0929  1 0.2552 0.2196 0.2452 0.1429 0.1371 
   NS_SS0956  1 0.0996 0.1160 0.1567 0.4117 0.2159 
   NS_SS0906  1 0.2233 0.1767 0.3288 0.1462 0.1249 
   NS_SS0721  1 0.1636 0.1768 0.1373 0.3890 0.1333 
   NS_SS0982  1 0.1260 0.2460 0.2698 0.2075 0.1508 
   NS_SS0923  1 0.1400 0.1930 0.2383 0.2189 0.2098 
   NS_SS0905  1 0.1797 0.1297 0.2466 0.2553 0.1887 
   NS_SS0925  1 0.0893 0.1488 0.3360 0.1968 0.2291 
   NS_SS0947  1 0.1349 0.2027 0.2622 0.1441 0.2560 
   NS_SS0926  1 0.3192 0.3362 0.1438 0.1278 0.0731 
   NS_SS0918  1 0.0985 0.1517 0.4137 0.2212 0.1149 
   NS_SS0966  1 0.1327 0.2285 0.3233 0.1550 0.1605 
   NS_SS0938  1 0.1054 0.3966 0.1192 0.1165 0.2623 
   NS_SS0917  1 0.2851 0.2827 0.0848 0.1552 0.1922 
   NS_SS0957  1 0.1654 0.1757 0.1880 0.3439 0.1270 
   NS_SS0987  1 0.1584 0.1299 0.1893 0.4392 0.0833 
   NS_SS0717  1 0.1161 0.0810 0.2265 0.2881 0.2883 
   NS_SS0986  1 0.2368 0.1993 0.2018 0.2661 0.0960 
   NS_SS0953  1 0.1123 0.0784 0.3785 0.1857 0.2452 
   NS_SS0907  1 0.1718 0.1731 0.4129 0.1157 0.1265 
   NS_SS0974  1 0.1932 0.1749 0.2637 0.1063 0.2619 
   NS_SS0989  1 0.3361 0.2951 0.0805 0.1078 0.1805 
   NS_SS0991  1 0.2321 0.0927 0.3567 0.2517 0.0668 
   NS_SS0994  1 0.4594 0.1262 0.1135 0.0873 0.2137 
   NS_SS0931  1 0.2929 0.2225 0.2146 0.1954 0.0746 
   NS_SS1000  1 0.1278 0.1921 0.2374 0.1603 0.2824 
   NS_SS0919  1 0.2004 0.3711 0.2413 0.1001 0.0871 
   NS_SS0949  1 0.2894 0.2550 0.1250 0.1436 0.1869 
   NS_SS0960  1 0.2458 0.1653 0.2439 0.2308 0.1143 
   NS_SS0716  1 0.1207 0.1144 0.0819 0.4546 0.2284 
   NS_SS0924  1 0.2089 0.1989 0.2751 0.1922 0.1250 
   NS_SS0935  1 0.3177 0.0966 0.2017 0.2571 0.1268 
   NS_SS0952  1 0.2819 0.1966 0.2893 0.1152 0.1171 
   NS_SS0962  1 0.1075 0.3546 0.1399 0.2048 0.1931 
   NS_SS0973  1 0.1488 0.1535 0.3570 0.1435 0.1971 
   NS_SS0722  1 0.0893 0.0804 0.2828 0.1360 0.4115 
   NS_SS0979  1 0.1201 0.2149 0.2303 0.2878 0.1469 
   NS_SS0993  1 0.0867 0.1692 0.3274 0.1829 0.2338 
   NS_SS0958  1 0.3049 0.1564 0.1738 0.1802 0.1847 
   NS_SS0988  1 0.1829 0.3565 0.2162 0.1627 0.0817 
   NS_SS1003  1 0.0682 0.4553 0.1497 0.2589 0.0678 
   NS_SS0976  1 0.2716 0.2625 0.2279 0.1327 0.1053 
   NS_SS0964  1 0.0995 0.0918 0.1506 0.2974 0.3607 
   NS_SS0939  1 0.0875 0.1728 0.0608 0.4142 0.2647 
   NS_SS0990  1 0.2348 0.3014 0.0798 0.2225 0.1615 
   NS_SS0984  1 0.0871 0.2035 0.1670 0.2134 0.3290 
   NS_SS0980  1 0.1058 0.1228 0.3316 0.0990 0.3408 
   NS_SS0978  1 0.1381 0.2207 0.2135 0.1238 0.3039 
   NS_SS0951  1 0.2253 0.0879 0.2743 0.3292 0.0833 
   NS_SS0913  1 0.1410 0.1239 0.1682 0.3409 0.2260 
   NS_SS1002  1 0.0827 0.4972 0.2147 0.0884 0.1171 
   NS_SS0948  1 0.1994 0.2126 0.2958 0.1734 0.1187 
   NS_SS0916  1 0.2013 0.2309 0.1052 0.1563 0.3063 
   NS_SS0995  1 0.1316 0.1954 0.1343 0.2559 0.2828 
   NS_SS0927  1 0.2681 0.2337 0.1185 0.1260 0.2537 
   NS_SS0992  1 0.2144 0.2508 0.1420 0.0951 0.2977 
   NS_SS0912  1 0.2215 0.1943 0.1678 0.3303 0.0862 
   NS_SS0981  1 0.1091 0.2784 0.2781 0.2404 0.0940 
   NS_SS0729  2 0.3539 0.1277 0.2263 0.0589 0.2332 
   NS_SS0967  2 0.0985 0.3322 0.2989 0.1170 0.1534 
   NS_SS0941  2 0.1413 0.2071 0.1322 0.1914 0.3281 
   NS_SS0768  2 0.1512 0.1865 0.2274 0.2897 0.1451 
   NS_SS0726  2 0.2352 0.2655 0.1613 0.0700 0.2680 
   NS_SS0763  2 0.2870 0.1585 0.1996 0.1279 0.2270 
   NS_SS0730  2 0.1191 0.2461 0.1370 0.2670 0.2308 
   NS_SS0774  2 0.0919 0.1720 0.2126 0.1680 0.3556 
   NS_SS0723  2 0.0688 0.2753 0.2409 0.1886 0.2264 
   NS_SS0940  2 0.2276 0.2097 0.0989 0.2172 0.2466 
   NS_SS0762  2 0.0731 0.0900 0.1974 0.2278 0.4117 
   NS_SS0766  2 0.2029 0.1064 0.0912 0.2663 0.3331 
   NS_SS0724  2 0.1164 0.1149 0.3009 0.2775 0.1903 
   NS_SS0769  2 0.1633 0.2979 0.1576 0.2157 0.1655 
   NS_SS0777  2 0.2654 0.1997 0.2281 0.2072 0.0996 
   NS_SS0734  2 0.2222 0.1455 0.1308 0.2953 0.2062 
   NS_SS0737  2 0.0919 0.1370 0.1134 0.1594 0.4983 
   NS_SS0732  2 0.1014 0.1173 0.2400 0.4016 0.1397 
   NS_SS0728  2 0.1614 0.1414 0.1527 0.2223 0.3221 
   NS_SS0735  2 0.1272 0.0741 0.2325 0.2219 0.3443 
   NS_SS0725  2 0.1207 0.2050 0.1476 0.1832 0.3436 
   NS_SS0788  2 0.1486 0.4080 0.1352 0.1680 0.1402 
   NS_SS0778  2 0.2123 0.3246 0.1652 0.1912 0.1068 
   NS_SS0792  2 0.2082 0.1295 0.2083 0.2741 0.1798 
   NS_SS0943  2 0.2883 0.1104 0.3432 0.1587 0.0994 
   NS_SS0791  2 0.2559 0.1184 0.0992 0.2624 0.2640 
   NS_SS0790  2 0.0559 0.1160 0.2976 0.3511 0.1794 
   NS_SS0731  2 0.1218 0.1381 0.1741 0.4022 0.1638 
   NS_SS0727  2 0.2867 0.0716 0.1262 0.0987 0.4168 
   NS_SS0779  2 0.1696 0.2096 0.2186 0.2208 0.1814 
   NS_SS0776  2 0.1832 0.1856 0.1307 0.1975 0.3029 
   NS_SS0775  2 0.0972 0.1203 0.1217 0.2833 0.3775 
   NS_SS0965  3 0.1305 0.2046 0.2556 0.2982 0.1111 
   NS_SS0754  3 0.2931 0.1471 0.1434 0.2646 0.1517 
   NS_SS0838  3 0.2034 0.2307 0.2011 0.1646 0.2003 
   NS_SS0839  3 0.0868 0.2144 0.1649 0.2383 0.2956 
   NS_SS0832  3 0.0657 0.1616 0.3572 0.2554 0.1600 
   NS_SS0820  3 0.0786 0.3118 0.1997 0.2529 0.1569 
   NS_SS0886  3 0.2597 0.1958 0.1358 0.2587 0.1500 
   NS_SS0748  3 0.2213 0.1916 0.3111 0.1680 0.1079 
   NS_SS0884  3 0.1852 0.1716 0.2470 0.1727 0.2236 
   NS_SS0752  3 0.1490 0.1826 0.2036 0.1598 0.3050 
   NS_SS0862  3 0.0925 0.1166 0.2628 0.3758 0.1523 
   NS_SS0787  3 0.4687 0.1460 0.1416 0.1426 0.1010 
   NS_SS0843  3 0.1657 0.1474 0.2604 0.2025 0.2241 
   NS_SS0856  3 0.1708 0.2454 0.0809 0.1603 0.3427 
   NS_SS0846  3 0.1813 0.2320 0.3276 0.0683 0.1907 
   NS_SS0825  3 0.1644 0.3763 0.1603 0.2031 0.0958 
   NS_SS0757  3 0.2287 0.1462 0.2468 0.2536 0.1248 
   NS_SS0876  3 0.1510 0.1523 0.2278 0.1954 0.2736 
   NS_SS0903  3 0.0883 0.1787 0.3179 0.0998 0.3153 
   NS_SS0875  3 0.1619 0.2480 0.1357 0.2855 0.1689 
   NS_SS0740  3 0.1626 0.1320 0.2808 0.1870 0.2376 
   NS_SS0811  3 0.0922 0.1066 0.1885 0.4723 0.1404 
   NS_SS0751  3 0.1318 0.3036 0.1071 0.1982 0.2593 
   NS_SS0891  3 0.1637 0.2277 0.1460 0.2023 0.2603 
   NS_SS0867  3 0.1907 0.1848 0.4044 0.1362 0.0838 
   NS_SS0890  3 0.1703 0.2020 0.2346 0.1892 0.2040 
   NS_SS0866  3 0.4400 0.1441 0.1202 0.1223 0.1733 
   NS_SS0755  3 0.1548 0.1950 0.2714 0.2390 0.1398 
   NS_SS0758  3 0.1826 0.1579 0.2053 0.1496 0.3045 
   NS_SS0840  3 0.0695 0.2800 0.2554 0.2266 0.1686 
   NS_SS0889  3 0.3402 0.1288 0.1668 0.2551 0.1090 
   NS_SS1010  3 0.1486 0.3343 0.2052 0.1797 0.1322 
   NS_SS0888  3 0.3965 0.0793 0.1062 0.1537 0.2643 
   NS_SS0837  3 0.1039 0.1296 0.3232 0.3235 0.1199 
   NS_SS0794  3 0.3385 0.0812 0.1278 0.1792 0.2733 
   NS_SS0823  3 0.0963 0.1627 0.3572 0.1220 0.2618 
   NS_SS0829  3 0.3853 0.0920 0.2457 0.2109 0.0661 
   NS_SS0844  3 0.0613 0.1314 0.5724 0.1138 0.1210 
   NS_SS1008  3 0.2971 0.0935 0.1469 0.1783 0.2842 
   NS_SS0881  3 0.2030 0.3720 0.1141 0.1848 0.1260 
   NS_SS0834  3 0.0987 0.2161 0.1462 0.1479 0.3913 
   NS_SS0744  3 0.1779 0.2486 0.2194 0.1742 0.1799 
   NS_SS0899  3 0.0956 0.0898 0.2549 0.4192 0.1405 
   NS_SS0804  3 0.0663 0.1945 0.2747 0.2824 0.1822 
   NS_SS0781  3 0.0835 0.3001 0.2729 0.1725 0.1710 
   NS_SS0822  3 0.2050 0.0913 0.2876 0.1376 0.2785 
   NS_SS1004  3 0.1373 0.1796 0.3569 0.1687 0.1577 
   NS_SS0746  3 0.1842 0.1674 0.3723 0.1028 0.1733 
   NS_SS0880  3 0.1168 0.1922 0.3265 0.1683 0.1962 
   NS_SS0879  3 0.1485 0.1373 0.2279 0.2092 0.2770 
   NS_SS0753  3 0.2590 0.1138 0.2782 0.2422 0.1068 
   NS_SS1007  3 0.1405 0.2832 0.0831 0.1165 0.3766 
   NS_SS0872  3 0.1195 0.2358 0.2101 0.1910 0.2434 
   NS_SS1005  3 0.1129 0.2268 0.3538 0.1305 0.1760 
   NS_SS0892  3 0.1876 0.1845 0.1963 0.2165 0.2151 
   NS_SS0898  3 0.2493 0.1671 0.2118 0.2286 0.1433 
   NS_SS0801  3 0.1676 0.1423 0.2907 0.2865 0.1129 
   NS_SS0827  3 0.2123 0.1752 0.1597 0.3683 0.0845 
   NS_SS0853  3 0.2290 0.0963 0.1496 0.4207 0.1044 
   NS_SS0780  3 0.1157 0.2702 0.1699 0.2499 0.1943 
   NS_SS0826  3 0.1521 0.3973 0.2793 0.1016 0.0697 
   NS_SS0818  3 0.0733 0.2443 0.1818 0.2413 0.2592 
   NS_SS0745  3 0.0815 0.1297 0.0622 0.3795 0.3470 
   NS_SS0849  3 0.1226 0.1872 0.1918 0.4266 0.0718 
   NS_SS0739  3 0.1551 0.3138 0.0817 0.2670 0.1825 
   NS_SS0799  3 0.2586 0.0849 0.1911 0.1852 0.2803 
   NS_SS0756  3 0.0875 0.2620 0.3528 0.1892 0.1084 
   NS_SS0802  3 0.1975 0.3500 0.1535 0.0986 0.2003 
   NS_SS0747  3 0.1664 0.2485 0.2842 0.1372 0.1637 
   NS_SS0835  3 0.3726 0.2261 0.1428 0.0973 0.1613 
   NS_SS0742  3 0.1155 0.2709 0.2380 0.1880 0.1876 
   NS_SS0760  3 0.3840 0.1594 0.1581 0.1397 0.1589 
   NS_SS0803  3 0.0833 0.0776 0.4997 0.0989 0.2406 
   NS_SS0828  3 0.1889 0.1369 0.1828 0.3418 0.1496 
   NS_SS0865  3 0.1767 0.3001 0.2045 0.2284 0.0903 
   NS_SS0759  3 0.0973 0.1659 0.1833 0.2853 0.2681 
   NS_SS0851  3 0.1116 0.1318 0.1462 0.4908 0.1197 
   NS_SS0874  3 0.0995 0.1299 0.4538 0.1469 0.1699 
   NS_SS0761  3 0.3401 0.1590 0.2257 0.1942 0.0810 
   NS_SS0842  3 0.2619 0.1569 0.2004 0.2039 0.1769 
   NS_SS0785  3 0.2418 0.1446 0.2816 0.1664 0.1656 
   NS_SS0860  3 0.3923 0.1931 0.1728 0.0990 0.1427 
   NS_SS0897  3 0.4524 0.0987 0.1184 0.1930 0.1375 
   NS_SS0841  3 0.0918 0.1259 0.2208 0.3483 0.2132 
   NS_SS0797  3 0.2533 0.1911 0.1930 0.2778 0.0847 
   NS_SS0830  3 0.1855 0.2363 0.1881 0.2600 0.1301 
   NS_SS1011  3 0.0938 0.3553 0.2526 0.1715 0.1269 
   NS_SS0883  3 0.2327 0.1192 0.1972 0.3193 0.1316 
   NS_SS0782  3 0.2321 0.1090 0.1553 0.1490 0.3546 
   NS_SS0831  3 0.3637 0.0924 0.1484 0.3062 0.0892 
   NS_SS0749  3 0.2150 0.1580 0.1207 0.3006 0.2056 
   NS_SS0854  3 0.1942 0.1263 0.1762 0.1391 0.3643 
   HI_SS0193  4 0.2910 0.1472 0.1084 0.2086 0.2449 
   HI_SS0194  4 0.1315 0.2540 0.1480 0.1173 0.3492 
   HI_SS0195  4 0.0770 0.2540 0.1055 0.4035 0.1600 
   HI_SS0196  4 0.2222 0.1277 0.1412 0.1585 0.3504 
   HI_SS0197  4 0.1049 0.6059 0.0911 0.0776 0.1204 
   HI_SS0198  4 0.2410 0.1695 0.1440 0.3032 0.1423 
   HI_SS0199  4 0.2825 0.1152 0.1370 0.1132 0.3521 
   HI_SS0201  4 0.3657 0.1471 0.2560 0.1654 0.0658 
   HI_SS0215  4 0.3490 0.2002 0.2109 0.1611 0.0787 
   HI_SS0218  4 0.4356 0.0765 0.0845 0.2050 0.1984 
   HI_SS0222  4 0.1896 0.2359 0.0863 0.2671 0.2211 
   HI_SS0230  4 0.1348 0.3607 0.2001 0.2090 0.0953 
   HI_SS0234  4 0.1595 0.3004 0.1577 0.0693 0.3131 
   HI_SS0240  4 0.1541 0.1380 0.1047 0.1756 0.4276 
   HI_SS0241  4 0.3135 0.1873 0.2056 0.1505 0.1431 
   HI_SS0242  4 0.2107 0.1553 0.2711 0.1981 0.1648 
   HI_SS0247  4 0.1326 0.1794 0.4158 0.1735 0.0987 
   HI_SS0248  4 0.3178 0.0645 0.2196 0.0925 0.3055 
   HI_SS0252  4 0.1252 0.0843 0.2486 0.2171 0.3248 
   HI_SS0254  4 0.1942 0.3573 0.1962 0.1097 0.1426 
   HI_SS0256  4 0.0412 0.2408 0.2737 0.2019 0.2424 
   HI_SS0257  4 0.2975 0.2128 0.2713 0.0568 0.1617 
   HI_SS0258  4 0.3327 0.1197 0.2004 0.1865 0.1607 
   HI_SS0259  4 0.1125 0.3601 0.1102 0.1694 0.2478 
   HI_SS0260  4 0.3326 0.1252 0.1389 0.1473 0.2560 
   HI_SS0261  4 0.2044 0.2991 0.2389 0.0827 0.1749 
   HI_SS0262  4 0.1416 0.2046 0.1519 0.3131 0.1889 
   HI_SS0264  4 0.1297 0.2960 0.1677 0.2658 0.1409 
   HI_SS0265  4 0.1232 0.3472 0.1507 0.2536 0.1254 
   HI_SS0268  4 0.2124 0.3050 0.0654 0.2661 0.1511 
   HI_SS0269  4 0.3884 0.2353 0.1566 0.0575 0.1623 
   HI_SS0273  4 0.2847 0.2168 0.2520 0.1199 0.1266 
   HI_SS0277  4 0.0912 0.5494 0.1664 0.1184 0.0746 
   HI_SS0280  4 0.1818 0.1665 0.1016 0.3590 0.1912 
   HI_SS0282  4 0.2417 0.1163 0.3136 0.1713 0.1571 
   HI_SS0286  4 0.2254 0.2000 0.1489 0.2779 0.1479 
   NS_SS1252  5 0.4685 0.0868 0.1724 0.1211 0.1513 
   NS_SS1261  5 0.1752 0.2579 0.2044 0.1880 0.1744 
   NS_SS1225  5 0.2342 0.1477 0.4103 0.1116 0.0962 
   NS_SS1266  5 0.0697 0.1385 0.4824 0.1534 0.1560 
   NS_SS1228  5 0.1319 0.1670 0.1186 0.4433 0.1393 
   NS_SS1255  5 0.1598 0.1035 0.1418 0.1245 0.4703 
   NS_SS1267  5 0.4879 0.1450 0.0865 0.1588 0.1219 
   NS_SS1238  5 0.2029 0.3004 0.1103 0.2540 0.1323 
   NS_SS1233  5 0.1074 0.1256 0.4860 0.1746 0.1065 
   NS_SS1277  5 0.3171 0.1115 0.0854 0.1679 0.3181 
   NS_SS1245  5 0.2095 0.1572 0.3439 0.1056 0.1837 
   NS_SS1240  5 0.4752 0.1952 0.1100 0.0824 0.1372 
   NS_SS1275  5 0.0643 0.4098 0.1747 0.2199 0.1313 
   NS_SS1235  5 0.1332 0.1782 0.2552 0.0608 0.3726 
   NS_SS1263  5 0.0965 0.1046 0.3519 0.1589 0.2881 
   NS_SS1251  5 0.1100 0.1948 0.3805 0.1307 0.1841 
   NS_SS1248  5 0.1899 0.1361 0.1139 0.4887 0.0714 
   NS_SS1244  5 0.1511 0.3898 0.2469 0.1175 0.0947 
   NS_SS1257  5 0.3408 0.1341 0.1510 0.1563 0.2178 
   NS_SS1242  5 0.1062 0.1827 0.2168 0.2149 0.2794 
   NS_SS1271  5 0.4442 0.1571 0.1173 0.1465 0.1349 
   NS_SS1265  5 0.3539 0.2099 0.1810 0.1372 0.1180 
   NS_SS1243  5 0.1529 0.0868 0.1576 0.3459 0.2568 
   NS_SS1273  5 0.0902 0.1718 0.1881 0.2376 0.3122 
   NS_SS1254  5 0.1114 0.1147 0.4266 0.1771 0.1702 
   NS_SS1224  5 0.1037 0.1404 0.3088 0.2898 0.1572 
   NS_SS1227  5 0.2725 0.3119 0.1266 0.0971 0.1919 
   NS_SS1274  5 0.2776 0.1263 0.1728 0.2052 0.2181 
   NS_SS1241  5 0.2384 0.1660 0.2885 0.1650 0.1422 
   NS_SS1256  5 0.2050 0.2402 0.3454 0.0851 0.1242 
   NS_SS1260  5 0.3450 0.1376 0.1791 0.1208 0.2175 
   NS_SS1262  5 0.2349 0.1910 0.2959 0.1773 0.1010 
   NS_SS1230  5 0.2607 0.1664 0.1947 0.1981 0.1801 
   NS_SS1270  5 0.1136 0.1678 0.3445 0.2994 0.0747 
   NS_SS1229  5 0.0908 0.3071 0.1598 0.0581 0.3842 
   NS_SS1246  5 0.2668 0.2997 0.1148 0.0966 0.2220 
   NS_SS1269  5 0.1562 0.1733 0.1986 0.2396 0.2323 
   NS_SS1239  5 0.1051 0.1168 0.1289 0.3072 0.3420 
   NS_SS1272  5 0.1099 0.5362 0.1685 0.0943 0.0911 
   NS_SS1268  5 0.1077 0.0876 0.3203 0.3786 0.1058 
   NS_SS1249  5 0.4348 0.0909 0.1470 0.0942 0.2332 
   HI_SS0559  6 0.2165 0.0804 0.2195 0.2493 0.2344 
   HI_SS0563  6 0.1704 0.2123 0.2536 0.1825 0.1813 
   HI_SS0564  6 0.1425 0.2643 0.2084 0.2059 0.1789 
   HI_SS0565  6 0.2138 0.3333 0.2202 0.1181 0.1147 
   HI_SS0569  6 0.2742 0.1412 0.3806 0.1452 0.0589 
   HI_SS0570  6 0.3718 0.1881 0.0840 0.2020 0.1541 
   HI_SS0572  6 0.1054 0.1776 0.2047 0.1048 0.4074 
   HI_SS0576  6 0.1095 0.2037 0.1270 0.3613 0.1986 
   HI_SS0579  6 0.1984 0.0883 0.4392 0.0974 0.1766 
   HI_SS0580  6 0.2904 0.0988 0.1411 0.2035 0.2662 
   HI_SS0581  6 0.0830 0.3930 0.1172 0.2754 0.1314 
   HI_SS0583  6 0.3466 0.1308 0.1965 0.0973 0.2288 
   HI_SS0586  6 0.4311 0.1271 0.1066 0.2515 0.0837 
   HI_SS0588  6 0.2794 0.1067 0.2956 0.1462 0.1720 
   HI_SS0595  6 0.2370 0.4005 0.1249 0.0965 0.1412 
   HI_SS0596  6 0.0922 0.1026 0.1825 0.1535 0.4692 
   HI_SS0597  6 0.1277 0.2664 0.2022 0.1196 0.2840 
   HI_SS0600  6 0.2400 0.2781 0.1409 0.1534 0.1875 
   HI_SS0601  6 0.1720 0.2399 0.3391 0.1756 0.0735 
   HI_SS0602  6 0.3019 0.1045 0.1081 0.3315 0.1540 
   HI_SS0604  6 0.1717 0.0953 0.3034 0.2263 0.2033 
   HI_SS0605  6 0.2474 0.1062 0.1582 0.3014 0.1868 
   HI_SS0608  6 0.1751 0.1606 0.1173 0.3165 0.2305 
   HI_SS0609  6 0.0971 0.2094 0.3715 0.1281 0.1939 
   HI_SS0611  6 0.3628 0.1036 0.1205 0.2932 0.1199 
   HI_SS0612  6 0.1595 0.1150 0.4432 0.0561 0.2262 
   HI_SS0613  6 0.1918 0.1071 0.1981 0.4073 0.0956 
   HI_SS0615  6 0.0814 0.2173 0.1164 0.2479 0.3370 
   HI_SS0001  6 0.2413 0.2104 0.1258 0.1033 0.3193 
   HI_SS0002  6 0.0914 0.2409 0.3054 0.1447 0.2176 
   HI_SS0004  6 0.3267 0.1170 0.0961 0.2034 0.2569 
   HI_SS0005  6 0.1565 0.2069 0.1116 0.4224 0.1027 
   HI_SS0006  6 0.2695 0.2237 0.2851 0.0921 0.1296 
   HI_SS0007  6 0.2878 0.0690 0.1009 0.4019 0.1404 
   HI_SS0008  6 0.1377 0.3299 0.1969 0.2188 0.1166 
   HI_SS0009  6 0.0983 0.0776 0.1712 0.3445 0.3084 
   HI_SS0010  6 0.2300 0.2044 0.1730 0.2809 0.1117 
   HI_SS0011  6 0.1073 0.2766 0.3664 0.1745 0.0751 
   HI_SS0012  6 0.0794 0.3375 0.1651 0.1946 0.2234 
   HI_SS0017  6 0.1310 0.1699 0.1268 0.1528 0.4195 
   HI_SS0021  6 0.2937 0.2806 0.1261 0.1830 0.1167 
   HI_SS0024  6 0.1087 0.2986 0.0989 0.2690 0.2247 
   HI_SS0025  6 0.1167 0.1041 0.1969 0.2578 0.3245 
   HI_SS0027  6 0.2682 0.0796 0.2690 0.2282 0.1550 
   HI_SS0028  6 0.0649 0.3657 0.1058 0.3514 0.1122 
   HI_SS0029  6 0.2067 0.2191 0.0785 0.2366 0.2590 
   HI_SS0030  6 0.2035 0.1906 0.2013 0.1845 0.2201 
   HI_SS0031  6 0.1225 0.3274 0.2217 0.1023 0.2261 
   HI_SS0034  6 0.3366 0.1018 0.2834 0.0948 0.1833 
   HI_SS0036  6 0.3550 0.2675 0.0550 0.2151 0.1075 
   HI_SS0037  6 0.3767 0.1024 0.1714 0.2458 0.1036 
   HI_SS0039  6 0.2753 0.1732 0.1102 0.3462 0.0952 
   HI_SS0041  6 0.1181 0.1730 0.0975 0.3802 0.2312 
   HI_SS0042  6 0.0989 0.3011 0.1747 0.2182 0.2071 
   HI_SS0043  6 0.4288 0.2511 0.1086 0.1286 0.0829 
   HI_SS0044  6 0.2773 0.1136 0.0745 0.1623 0.3722 
   HI_SS0047  6 0.1268 0.1614 0.2239 0.2125 0.2755 
   HI_SS0049  6 0.1410 0.1063 0.2284 0.1659 0.3584 
   HI_SS0051  6 0.1468 0.1213 0.2932 0.3366 0.1020 
   HI_SS0053  6 0.3454 0.2873 0.1517 0.0970 0.1186 
   HI_SS0054  6 0.3088 0.1252 0.3299 0.1670 0.0691 
   HI_SS0057  6 0.1416 0.2274 0.1731 0.3242 0.1338 
   HI_SS0058  6 0.3191 0.0983 0.2269 0.1796 0.1761 
   HI_SS0060  6 0.1485 0.2923 0.1992 0.2628 0.0971 
   HI_SS0087  6 0.2004 0.2831 0.2459 0.1096 0.1610 
   HI_SS0091  6 0.3914 0.2880 0.1459 0.0680 0.1068 
   HI_SS0095  6 0.2105 0.2639 0.2090 0.1394 0.1773 
   HI_SS0097  6 0.1176 0.1425 0.4889 0.1213 0.1298 
   HI_SS0099  6 0.1732 0.1432 0.1320 0.2829 0.2686 
   HI_SS0103  6 0.1479 0.2469 0.1707 0.1094 0.3252 
   HI_SS0105  6 0.1451 0.3580 0.2373 0.1627 0.0969 
   HI_SS0107  6 0.0714 0.2264 0.1836 0.1178 0.4008 
   HI_SS0108  6 0.4981 0.1306 0.1353 0.1089 0.1271 
   HI_SS0110  6 0.1892 0.4096 0.1196 0.0894 0.1922 
   HI_SS0111  6 0.1753 0.2903 0.1143 0.2148 0.2053 
   HI_SS0112  6 0.4441 0.1619 0.1069 0.1407 0.1465 
   HI_SS0113  6 0.0978 0.2872 0.1781 0.1789 0.2580 
   HI_SS0114  6 0.3066 0.1310 0.2139 0.2573 0.0912 
   HI_SS0115  6 0.1829 0.0700 0.2110 0.1840 0.3522 
   HI_SS0116  6 0.3256 0.1210 0.1155 0.1139 0.3240 
   HI_SS0117  6 0.2423 0.3191 0.2686 0.0706 0.0994 
   HI_SS0118  6 0.2909 0.2121 0.2234 0.1091 0.1644 
   HI_SS0119  6 0.2293 0.3626 0.1875 0.1280 0.0925 
   HI_SS0120  6 0.0748 0.3487 0.1192 0.0871 0.3702 
   HI_SS0121  6 0.0748 0.4471 0.1613 0.2595 0.0572 
   HI_SS0122  6 0.2006 0.2987 0.1394 0.2131 0.1481 
   HI_SS0123  6 0.1730 0.2979 0.2597 0.0980 0.1714 
   HI_SS0124  6 0.0790 0.1178 0.1221 0.2773 0.4038 
   HI_SS0125  6 0.0813 0.2561 0.1368 0.2870 0.2387 
   HI_SS0126  6 0.3901 0.1372 0.1018 0.1224 0.2486 
   HI_SS0127  6 0.1595 0.1103 0.2727 0.3686 0.0889 
   HI_SS0128  6 0.1516 0.2269 0.2176 0.1054 0.2984 
   HI_SS0129  6 0.3180 0.1807 0.1154 0.1683 0.2175 
   HI_SS0131  6 0.2760 0.1268 0.2489 0.2776 0.0707 
   HI_SS0132  6 0.1648 0.3525 0.1966 0.1831 0.1029 
   HI_SS0133  6 0.4810 0.1209 0.1059 0.1377 0.1544 
   HI_SS0134  6 0.2097 0.1930 0.2711 0.1408 0.1855 
   HI_SS0142  6 0.1473 0.2910 0.2907 0.1542 0.1167 
   HI_SS0145  6 0.2213 0.1194 0.3247 0.1012 0.2334 
   HI_SS0146  6 0.2433 0.1008 0.2888 0.1853 0.1819 
   HI_SS0147  6 0.1160 0.1601 0.2337 0.3855 0.1047 
   HI_SS0149  6 0.1533 0.4947 0.1834 0.0919 0.0767 
   HI_SS0150  6 0.0981 0.1721 0.1771 0.3073 0.2454 
   HI_SS0151  6 0.2038 0.0751 0.1763 0.1857 0.3591 
   NS_SS1451  6 0.0840 0.1945 0.1278 0.2934 0.3003 
   NS_SS1404  6 0.1594 0.1826 0.1304 0.3891 0.1385 
   NS_SS1432  6 0.0830 0.4080 0.0639 0.1746 0.2705 
   NS_SS1405  6 0.2005 0.1530 0.1327 0.1996 0.3143 
   NS_SS1431  6 0.0865 0.3701 0.1313 0.1761 0.2360 
   NS_SS1402  6 0.1924 0.2887 0.1939 0.1165 0.2084 
   NS_SS1450  6 0.2980 0.1324 0.1122 0.1738 0.2836 
   NS_SS1396  6 0.1708 0.2270 0.1828 0.2448 0.1746 
   NS_SS1393  6 0.2513 0.1644 0.1426 0.2003 0.2414 
   NS_SS1392  6 0.1341 0.1328 0.0819 0.2723 0.3789 
   NS_SS1445  6 0.2955 0.2202 0.2457 0.1508 0.0878 
   NS_SS1423  6 0.2054 0.3425 0.1333 0.0905 0.2283 
   NS_SS1421  6 0.2223 0.2752 0.1967 0.1397 0.1660 
   NS_SS1411  6 0.3215 0.0851 0.1088 0.3782 0.1065 
   NS_SS1453  6 0.2646 0.3548 0.1054 0.1589 0.1163 
   NS_SS1442  6 0.1665 0.1261 0.3588 0.1665 0.1821 
   NS_SS1422  6 0.1461 0.1636 0.3241 0.0941 0.2720 
   NS_SS1419  6 0.1293 0.1002 0.4064 0.2715 0.0926 
   NS_SS1427  6 0.4068 0.1466 0.0674 0.0797 0.2994 
   NS_SS1444  6 0.1256 0.1063 0.2715 0.3162 0.1803 
   NS_SS1455  6 0.0904 0.1828 0.2790 0.1347 0.3131 
   NS_SS1425  6 0.4098 0.1532 0.1987 0.1453 0.0930 
   NS_SS1400  6 0.3369 0.1042 0.2519 0.1958 0.1112 
   NS_SS1406  6 0.0652 0.3204 0.3571 0.1260 0.1313 
   NS_SS1417  6 0.2221 0.1869 0.2432 0.1715 0.1763 
   NS_SS1454  6 0.2716 0.3420 0.1204 0.1802 0.0858 
   NS_SS1412  6 0.2646 0.1755 0.1359 0.2225 0.2015 
   NS_SS1438  6 0.3523 0.1238 0.2376 0.2039 0.0823 
   NS_SS1416  6 0.1952 0.2411 0.1849 0.2274 0.1514 
   NS_SS1401  6 0.1893 0.3613 0.1747 0.1206 0.1541 
   NS_SS1424  6 0.1971 0.3668 0.1520 0.1526 0.1314 
   NS_SS1435  6 0.1656 0.2120 0.0828 0.2754 0.2642 
   NS_SS1447  6 0.1218 0.1626 0.3145 0.2641 0.1371 
   NS_SS1414  6 0.1147 0.1055 0.2620 0.3484 0.1693 
   NS_SS1449  6 0.1457 0.2874 0.1463 0.1463 0.2743 
   NS_SS1443  6 0.2968 0.1278 0.2355 0.0658 0.2740 
   NS_SS1434  6 0.1890 0.0997 0.1566 0.0877 0.4671 
   NS_SS1398  6 0.1546 0.1991 0.1236 0.2216 0.3012 
   NS_SS1426  6 0.3756 0.1826 0.1441 0.1355 0.1621 
   NS_SS1413  6 0.2964 0.1475 0.1937 0.1060 0.2564 
   NS_SS1395  6 0.2854 0.2706 0.1663 0.0994 0.1783 
   NS_SS1448  6 0.2718 0.1187 0.1034 0.3329 0.1731 
   NS_SS1446  6 0.2996 0.2365 0.1722 0.1179 0.1738 
   NS_SS1403  6 0.1176 0.4409 0.1082 0.1591 0.1742 
   NS_SS1415  6 0.3173 0.1276 0.1571 0.2110 0.1870 
   NS_SS1437  6 0.1336 0.3980 0.1586 0.1858 0.1240 
   NS_SS1439  6 0.1754 0.1732 0.3369 0.1267 0.1879 
   NS_SS1441  6 0.2742 0.1547 0.2119 0.1002 0.2590 
   NS_SS1420  6 0.1107 0.0674 0.1156 0.5560 0.1502 
   NS_SS1394  6 0.1078 0.2239 0.1284 0.3739 0.1659 
   NS_SS1391  6 0.2572 0.1807 0.1001 0.1000 0.3621 
   NS_SS1410  6 0.2458 0.2869 0.1418 0.1471 0.1784 
   NS_SS1408  6 0.1368 0.3164 0.2252 0.1814 0.1402 
   NS_SS1409  6 0.2315 0.1545 0.1386 0.0974 0.3780 
   HI_SS0617  7 0.2702 0.1275 0.1114 0.1548 0.3361 
   HI_SS0618  7 0.1389 0.1241 0.1846 0.2949 0.2575 
   HI_SS0619  7 0.2172 0.1350 0.1192 0.2373 0.2913 
   HI_SS0620  7 0.3976 0.0615 0.1252 0.2390 0.1766 
   HI_SS0621  7 0.1393 0.2433 0.2128 0.1893 0.2153 
   HI_SS0622  7 0.1879 0.1350 0.3168 0.1998 0.1605 
   HI_SS0626  7 0.1806 0.2047 0.1058 0.4132 0.0958 
   HI_SS0627  7 0.1048 0.4344 0.1094 0.1622 0.1893 
   HI_SS0628  7 0.3241 0.2618 0.0976 0.1907 0.1257 
   HI_SS0629  7 0.2206 0.2722 0.1858 0.2073 0.1140 
   HI_SS0630  7 0.2547 0.1020 0.1713 0.2637 0.2084 
   HI_SS0631  7 0.2432 0.1702 0.1385 0.2844 0.1637 
   HI_SS0632  7 0.1772 0.1446 0.2493 0.3226 0.1063 
   HI_SS0633  7 0.1608 0.0878 0.1498 0.1503 0.4513 
   HI_SS0634  7 0.1905 0.3023 0.1237 0.2530 0.1307 
   HI_SS0635  7 0.1178 0.1835 0.2055 0.3102 0.1830 
   HI_SS0637  7 0.1842 0.2105 0.3079 0.2138 0.0835 
   HI_SS0638  7 0.1967 0.1727 0.1671 0.2142 0.2494 
   HI_SS0639  7 0.1064 0.1974 0.2178 0.2754 0.2029 
   HI_SS0640  7 0.1412 0.1226 0.3532 0.1784 0.2046 
   HI_SS0641  7 0.3176 0.1190 0.1302 0.3430 0.0902 
   HI_SS0642  7 0.0804 0.5256 0.1344 0.1309 0.1287 
   HI_SS0645  7 0.0744 0.0862 0.1503 0.4839 0.2053 
   HI_SS0646  7 0.1610 0.2004 0.2009 0.0923 0.3454 
   HI_SS0647  7 0.1633 0.2324 0.1785 0.1697 0.2562 
   HI_SS0648  7 0.1792 0.1666 0.2214 0.2285 0.2043 
   HI_SS0649  7 0.1943 0.1600 0.2232 0.1684 0.2542 
   HI_SS0650  7 0.1126 0.1687 0.1213 0.1448 0.4525 
   HI_SS0651  7 0.1683 0.1578 0.2266 0.2054 0.2419 
   HI_SS0652  7 0.1074 0.1015 0.1472 0.4266 0.2173 
   NS_SS1371  7 0.2263 0.3169 0.1446 0.0817 0.2304 
   NS_SS1374  7 0.2967 0.3145 0.0791 0.1868 0.1228 
   NS_SS1337  7 0.1019 0.3147 0.1489 0.2835 0.1510 
   NS_SS1385  7 0.1530 0.1928 0.2296 0.1246 0.3000 
   NS_SS1388  7 0.2220 0.1940 0.1130 0.2393 0.2317 
   NS_SS1370  7 0.0985 0.1292 0.1354 0.5497 0.0871 
   NS_SS1389  7 0.1595 0.1871 0.0995 0.3310 0.2229 
   NS_SS1360  7 0.2524 0.1479 0.2411 0.2538 0.1048 
   NS_SS1330  7 0.1023 0.1310 0.2335 0.2967 0.2364 
   NS_SS1328  7 0.2658 0.1779 0.1261 0.0732 0.3570 
   NS_SS1384  7 0.1898 0.2384 0.2931 0.1625 0.1162 
   NS_SS1381  7 0.0803 0.1171 0.1864 0.1386 0.4777 
   NS_SS1375  7 0.1308 0.1613 0.0636 0.2884 0.3559 
   NS_SS1319  7 0.1875 0.3049 0.1216 0.1972 0.1888 
   NS_SS1326  7 0.3956 0.1245 0.0891 0.1284 0.2625 
   NS_SS1341  7 0.2331 0.3625 0.2213 0.0987 0.0844 
   NS_SS1383  7 0.1481 0.4404 0.1252 0.1937 0.0927 
   NS_SS1318  7 0.1810 0.1123 0.2206 0.2777 0.2084 
   NS_SS1348  7 0.3241 0.2044 0.2198 0.1357 0.1160 
   NS_SS1363  7 0.1297 0.2006 0.2273 0.2946 0.1479 
   NS_SS1335  7 0.2303 0.1850 0.3202 0.1880 0.0765 
   NS_SS1358  7 0.1968 0.2294 0.3306 0.0982 0.1450 
   NS_SS1342  7 0.2224 0.3776 0.2154 0.0643 0.1203 
   NS_SS1320  7 0.0494 0.1113 0.2420 0.1012 0.4960 
   NS_SS1355  7 0.1139 0.1236 0.4126 0.1489 0.2010 
   NS_SS1345  7 0.0725 0.0894 0.5953 0.1167 0.1261 
   NS_SS1324  7 0.2660 0.2021 0.1763 0.2017 0.1540 
   NS_SS1347  7 0.1436 0.2582 0.2273 0.1535 0.2174 
   NS_SS1321  7 0.2892 0.3472 0.0865 0.1539 0.1232 
   NS_SS1333  7 0.2723 0.3974 0.0512 0.1505 0.1286 
   NS_SS1364  7 0.2293 0.1696 0.4053 0.1072 0.0886 
   NS_SS1379  7 0.1435 0.1538 0.2217 0.1709 0.3102 
   NS_SS1332  7 0.3877 0.2178 0.1230 0.1518 0.1197 
   NS_SS1338  7 0.2393 0.1782 0.1401 0.3147 0.1278 
   NS_SS1368  7 0.2846 0.2393 0.2751 0.0975 0.1035 
   NS_SS1354  7 0.1592 0.2526 0.2718 0.1632 0.1533 
   NS_SS1365  7 0.1353 0.1902 0.2216 0.2657 0.1872 
   NS_SS1380  7 0.1125 0.1664 0.3521 0.2324 0.1365 
   NS_SS1329  7 0.2223 0.3967 0.2130 0.0620 0.1059 
   NS_SS1362  7 0.1653 0.2708 0.2118 0.1166 0.2355 
   NS_SS1327  7 0.5351 0.1300 0.0686 0.1311 0.1354 
   NS_SS1350  7 0.2339 0.1551 0.0748 0.0861 0.4501 
   NS_SS1387  7 0.1604 0.1311 0.1769 0.3970 0.1346 
   NS_SS1369  7 0.2825 0.1273 0.3245 0.1665 0.0992 
   NS_SS1331  7 0.2273 0.2318 0.0837 0.3234 0.1339 
   NS_SS1357  7 0.2133 0.1557 0.1110 0.0632 0.4568 
   NS_SS1386  7 0.3852 0.3136 0.1635 0.0672 0.0706 
   NS_SS1353  7 0.1665 0.2409 0.1237 0.1431 0.3259 
   NS_SS1323  7 0.0835 0.2975 0.2789 0.1488 0.1914 
   HI_SS0296  8 0.2852 0.0754 0.1749 0.2962 0.1682 
   HI_SS0297  8 0.1143 0.3943 0.0918 0.1128 0.2867 
   HI_SS0299  8 0.1881 0.1816 0.2965 0.1797 0.1541 
   HI_SS0300  8 0.1787 0.0927 0.3533 0.2266 0.1486 
   HI_SS0301  8 0.1270 0.2284 0.2122 0.3797 0.0529 
   HI_SS0302  8 0.2596 0.0927 0.2197 0.3279 0.1001 
   HI_SS0303  8 0.3452 0.1141 0.1597 0.1162 0.2648 
   HI_SS0304  8 0.1952 0.1863 0.0819 0.2935 0.2431 
   HI_SS0306  8 0.3455 0.1151 0.1572 0.2559 0.1262 
   HI_SS0307  8 0.1263 0.1949 0.2573 0.2196 0.2020 
   HI_SS0308  8 0.1143 0.2593 0.2647 0.2363 0.1254 
   HI_SS0309  8 0.1229 0.1609 0.3956 0.1846 0.1361 
   HI_SS0310  8 0.1961 0.1263 0.2080 0.2084 0.2612 
   HI_SS0311  8 0.1717 0.1811 0.2315 0.3088 0.1070 
   HI_SS0314  8 0.1840 0.2026 0.1286 0.1480 0.3368 
   HI_SS0316  8 0.2540 0.1925 0.2320 0.1538 0.1677 
   HI_SS0317  8 0.1294 0.3601 0.1302 0.2437 0.1366 
   HI_SS0318  8 0.3235 0.3116 0.1304 0.1410 0.0935 
   HI_SS0319  8 0.4306 0.0915 0.2565 0.0758 0.1456 
   HI_SS0320  8 0.0918 0.4768 0.0625 0.1918 0.1770 
   HI_SS0321  8 0.2038 0.3499 0.1178 0.1329 0.1956 
   HI_SS0323  8 0.3046 0.1251 0.1519 0.2395 0.1789 
   HI_SS0325  8 0.3204 0.1313 0.1816 0.2705 0.0962 
   HI_SS0327  8 0.2460 0.1728 0.2013 0.0516 0.3283 
   HI_SS0329  8 0.1486 0.2402 0.1418 0.3056 0.1637 
   HI_SS0333  8 0.2039 0.2175 0.1939 0.1929 0.1918 
   HI_SS0334  8 0.2941 0.2017 0.2290 0.1560 0.1193 
   HI_SS0335  8 0.0988 0.1905 0.3881 0.1431 0.1794 
   HI_SS0339  8 0.1233 0.1270 0.3721 0.2421 0.1355 
   HI_SS0343  8 0.0956 0.2726 0.3237 0.0958 0.2123 
   HI_SS0344  8 0.4988 0.1713 0.1196 0.0982 0.1121 
   HI_SS0345  8 0.1714 0.2190 0.2597 0.2533 0.0967 
   HI_SS0346  8 0.2206 0.3816 0.0909 0.1980 0.1088 
   HI_SS0350  8 0.0621 0.0740 0.4899 0.1991 0.1749 
   HI_SS0351  8 0.1309 0.2202 0.4362 0.0992 0.1135 
   HI_SS0352  8 0.1287 0.2736 0.2614 0.1611 0.1752 
   HI_SS0362  8 0.1731 0.1255 0.1464 0.4228 0.1322 
   HI_SS0363  8 0.3101 0.1226 0.2212 0.0899 0.2561 
   HI_SS0365  8 0.2860 0.1366 0.2173 0.1256 0.2344 
   HI_SS0366  8 0.4216 0.1091 0.1507 0.1468 0.1718 
   HI_SS0367  8 0.1143 0.2037 0.2425 0.1867 0.2529 
   HI_SS0369  8 0.1069 0.1711 0.2294 0.2924 0.2001 
   HI_SS0370  8 0.1488 0.2207 0.1440 0.0705 0.4160 
   HI_SS0371  8 0.3491 0.1469 0.1596 0.2326 0.1118 
   HI_SS0373  8 0.1985 0.1356 0.1721 0.2375 0.2563 
   HI_SS0374  8 0.1345 0.2264 0.2019 0.2005 0.2366 
   HI_SS0377  8 0.1930 0.1669 0.4169 0.1472 0.0760 
   HI_SS0379  8 0.5130 0.2106 0.1202 0.0852 0.0710 
   HI_SS0380  8 0.1415 0.1947 0.2706 0.1883 0.2050 
   HI_SS0381  8 0.0943 0.2445 0.3070 0.2330 0.1212 
   HI_SS0384  8 0.2605 0.2440 0.0705 0.1369 0.2880 
   HI_SS0385  8 0.2576 0.1585 0.1027 0.3139 0.1673 
