

----------------------------------------------------
STRUCTURE by Pritchard, Stephens and Donnelly (2000)
     and Falush, Stephens and Pritchard (2003)
       Code by Pritchard, Falush and Hubisz
             Version 2.3.4 (Jul 2012)
----------------------------------------------------



Command line arguments:   /home/genobiwan/Documents/Programs/Structure/structure -m parameter_job_k7_r3 
Input File:    /media/genobiwan/Storage/Projets/Mackerel_NWA_2021/data_job_k7_r3

Run parameters:
   557 individuals
   3930 loci
   7 populations assumed
   100000 Burn-in period
   200000 Reps


--------------------------------------------
Proportion of membership of each pre-defined
 population in each of the 7 clusters

Given    Inferred Clusters                                   Number of
 Pop       1      2      3      4      5      6      7      Individuals

  1:     0.134  0.130  0.137  0.156  0.141  0.144  0.158       67
  2:     0.172  0.114  0.157  0.140  0.168  0.128  0.121       32
  3:     0.142  0.135  0.160  0.138  0.134  0.135  0.156       92
  4:     0.156  0.151  0.140  0.139  0.129  0.163  0.121       36
  5:     0.141  0.151  0.143  0.123  0.134  0.138  0.170       41
  6:     0.140  0.152  0.140  0.145  0.143  0.148  0.132      158
  7:     0.137  0.139  0.142  0.153  0.148  0.145  0.135       79
  8:     0.135  0.153  0.143  0.148  0.130  0.135  0.156       52
--------------------------------------------

Allele-freq. divergence among pops (Net nucleotide distance),
computed using point estimates of P.

      1       2       3       4       5       6       7      
 1      -    0.0062  0.0058  0.0049  0.0063  0.0054  0.0055  
 2   0.0062     -    0.0061  0.0051  0.0077  0.0060  0.0064  
 3   0.0058  0.0061     -    0.0041  0.0059  0.0049  0.0048  
 4   0.0049  0.0051  0.0041     -    0.0057  0.0042  0.0043  
 5   0.0063  0.0077  0.0059  0.0057     -    0.0059  0.0062  
 6   0.0054  0.0060  0.0049  0.0042  0.0059     -    0.0048  
 7   0.0055  0.0064  0.0048  0.0043  0.0062  0.0048     -    

Average distances (expected heterozygosity) between individuals in same cluster:
cluster  1  : 0.3114 
cluster  2  : 0.3066 
cluster  3  : 0.3091 
cluster  4  : 0.3133 
cluster  5  : 0.3088 
cluster  6  : 0.3106 
cluster  7  : 0.3090 

--------------------------------------------
Estimated Ln Prob of Data   = -2070780.6
Mean value of ln likelihood = -2059448.7
Variance of ln likelihood   = 22663.8
Mean value of alpha         = 1.6709

Mean value of Fst_1         = 0.0618
Mean value of Fst_2         = 0.0679
Mean value of Fst_3         = 0.0548
Mean value of Fst_4         = 0.0499
Mean value of Fst_5         = 0.0672
Mean value of Fst_6         = 0.0551
Mean value of Fst_7         = 0.0580


Inferred ancestry of individuals:
        Label (%Miss) Pop:  Inferred clusters
  1 NS_SS0963    (4)    1 :  0.146 0.067 0.177 0.136 0.074 0.249 0.151 
  2 NS_SS0983    (1)    1 :  0.211 0.186 0.089 0.251 0.040 0.087 0.136 
  3 NS_SS0719    (8)    1 :  0.144 0.124 0.197 0.160 0.111 0.178 0.086 
  4 NS_SS1001    (8)    1 :  0.130 0.093 0.170 0.075 0.277 0.068 0.187 
  5 NS_SS0936    (4)    1 :  0.174 0.090 0.073 0.054 0.170 0.218 0.222 
  6 NS_SS0955    (5)    1 :  0.153 0.166 0.175 0.121 0.048 0.159 0.179 
  7 NS_SS0944    (3)    1 :  0.104 0.204 0.163 0.079 0.110 0.091 0.249 
  8 NS_SS0945    (3)    1 :  0.072 0.228 0.079 0.082 0.263 0.125 0.150 
  9 NS_SS0922    (2)    1 :  0.129 0.070 0.167 0.125 0.266 0.146 0.098 
 10 NS_SS0929    (7)    1 :  0.178 0.169 0.092 0.136 0.076 0.155 0.193 
 11 NS_SS0956    (2)    1 :  0.106 0.063 0.338 0.138 0.166 0.082 0.106 
 12 NS_SS0906    (3)    1 :  0.104 0.176 0.095 0.144 0.093 0.124 0.264 
 13 NS_SS0721    (6)    1 :  0.151 0.095 0.307 0.176 0.079 0.118 0.074 
 14 NS_SS0982    (4)    1 :  0.084 0.078 0.151 0.292 0.104 0.133 0.158 
 15 NS_SS0923    (5)    1 :  0.141 0.089 0.115 0.187 0.180 0.118 0.169 
 16 NS_SS0905    (6)    1 :  0.135 0.078 0.073 0.361 0.138 0.051 0.164 
 17 NS_SS0925    (3)    1 :  0.265 0.056 0.145 0.114 0.091 0.094 0.234 
 18 NS_SS0947    (5)    1 :  0.203 0.115 0.109 0.060 0.151 0.157 0.206 
 19 NS_SS0926    (2)    1 :  0.059 0.262 0.075 0.177 0.073 0.236 0.120 
 20 NS_SS0918    (6)    1 :  0.060 0.082 0.116 0.094 0.120 0.125 0.402 
 21 NS_SS0966    (4)    1 :  0.146 0.086 0.090 0.144 0.125 0.168 0.241 
 22 NS_SS0938    (2)    1 :  0.113 0.081 0.099 0.065 0.188 0.347 0.107 
 23 NS_SS0917    (2)    1 :  0.222 0.165 0.113 0.181 0.136 0.134 0.050 
 24 NS_SS0957   (11)    1 :  0.096 0.103 0.255 0.150 0.123 0.148 0.125 
 25 NS_SS0987    (1)    1 :  0.059 0.097 0.291 0.256 0.098 0.078 0.120 
 26 NS_SS0717    (4)    1 :  0.105 0.068 0.145 0.220 0.253 0.050 0.159 
 27 NS_SS0986    (2)    1 :  0.045 0.179 0.184 0.191 0.119 0.140 0.142 
 28 NS_SS0953    (4)    1 :  0.185 0.082 0.122 0.089 0.150 0.059 0.313 
 29 NS_SS0907    (3)    1 :  0.112 0.121 0.072 0.198 0.097 0.089 0.311 
 30 NS_SS0974    (6)    1 :  0.227 0.167 0.075 0.073 0.162 0.120 0.177 
 31 NS_SS0989    (1)    1 :  0.231 0.213 0.091 0.102 0.078 0.233 0.051 
 32 NS_SS0991    (2)    1 :  0.050 0.189 0.200 0.208 0.054 0.065 0.234 
 33 NS_SS0994    (2)    1 :  0.110 0.382 0.066 0.104 0.162 0.095 0.082 
 34 NS_SS0931    (6)    1 :  0.060 0.239 0.133 0.173 0.066 0.164 0.165 
 35 NS_SS1000    (5)    1 :  0.094 0.128 0.089 0.084 0.287 0.139 0.179 
 36 NS_SS0919    (1)    1 :  0.104 0.117 0.054 0.323 0.059 0.197 0.146 
 37 NS_SS0949    (3)    1 :  0.222 0.210 0.157 0.121 0.072 0.153 0.065 
 38 NS_SS0960   (10)    1 :  0.173 0.165 0.132 0.203 0.068 0.091 0.168 
 39 NS_SS0716    (2)    1 :  0.048 0.090 0.182 0.221 0.349 0.059 0.050 
 40 NS_SS0924    (8)    1 :  0.179 0.111 0.131 0.263 0.060 0.117 0.140 
 41 NS_SS0935    (1)    1 :  0.123 0.192 0.152 0.293 0.073 0.053 0.114 
 42 NS_SS0952   (13)    1 :  0.106 0.189 0.066 0.239 0.077 0.129 0.194 
 43 NS_SS0962   (10)    1 :  0.060 0.086 0.109 0.153 0.203 0.273 0.116 
 44 NS_SS0973    (5)    1 :  0.279 0.095 0.143 0.124 0.063 0.087 0.208 
 45 NS_SS0722    (1)    1 :  0.120 0.065 0.086 0.060 0.352 0.060 0.257 
 46 NS_SS0979   (13)    1 :  0.074 0.082 0.197 0.200 0.145 0.149 0.153 
 47 NS_SS0993    (2)    1 :  0.194 0.057 0.129 0.115 0.137 0.134 0.233 
 48 NS_SS0958    (1)    1 :  0.084 0.266 0.086 0.175 0.156 0.098 0.135 
 49 NS_SS0988    (4)    1 :  0.066 0.141 0.083 0.231 0.085 0.233 0.161 
 50 NS_SS1003    (2)    1 :  0.053 0.052 0.240 0.128 0.056 0.374 0.097 
 51 NS_SS0976    (0)    1 :  0.084 0.223 0.116 0.093 0.067 0.228 0.188 
 52 NS_SS0964   (10)    1 :  0.120 0.069 0.210 0.116 0.317 0.072 0.096 
 53 NS_SS0939    (4)    1 :  0.070 0.071 0.227 0.120 0.347 0.119 0.046 
 54 NS_SS0990    (6)    1 :  0.049 0.191 0.120 0.084 0.221 0.270 0.064 
 55 NS_SS0984    (2)    1 :  0.125 0.062 0.090 0.134 0.294 0.161 0.134 
 56 NS_SS0980    (9)    1 :  0.335 0.062 0.071 0.094 0.121 0.091 0.226 
 57 NS_SS0978    (4)    1 :  0.136 0.106 0.097 0.134 0.204 0.169 0.154 
 58 NS_SS0951   (17)    1 :  0.063 0.170 0.217 0.200 0.088 0.058 0.204 
 59 NS_SS0913    (3)    1 :  0.070 0.109 0.231 0.124 0.247 0.092 0.127 
 60 NS_SS1002    (1)    1 :  0.079 0.061 0.060 0.110 0.087 0.413 0.190 
 61 NS_SS0948    (1)    1 :  0.098 0.134 0.097 0.185 0.096 0.137 0.253 
 62 NS_SS0916    (4)    1 :  0.373 0.101 0.103 0.120 0.091 0.147 0.065 
 63 NS_SS0995    (1)    1 :  0.348 0.061 0.130 0.158 0.113 0.103 0.087 
 64 NS_SS0927    (6)    1 :  0.210 0.142 0.060 0.278 0.122 0.123 0.066 
 65 NS_SS0992    (5)    1 :  0.255 0.146 0.079 0.070 0.141 0.212 0.098 
 66 NS_SS0912    (1)    1 :  0.046 0.191 0.230 0.195 0.094 0.123 0.121 
 67 NS_SS0981    (1)    1 :  0.056 0.071 0.170 0.197 0.096 0.197 0.212 
 68 NS_SS0729    (5)    2 :  0.342 0.244 0.052 0.068 0.058 0.102 0.135 
 69 NS_SS0967   (14)    2 :  0.159 0.067 0.091 0.203 0.088 0.220 0.172 
 70 NS_SS0941    (7)    2 :  0.166 0.090 0.146 0.123 0.217 0.170 0.088 
 71 NS_SS0768   (12)    2 :  0.067 0.118 0.276 0.133 0.129 0.142 0.135 
 72 NS_SS0726    (4)    2 :  0.319 0.154 0.072 0.075 0.072 0.217 0.092 
 73 NS_SS0763    (4)    2 :  0.139 0.168 0.096 0.213 0.151 0.101 0.132 
 74 NS_SS0730    (6)    2 :  0.149 0.080 0.128 0.186 0.201 0.163 0.093 
 75 NS_SS0774    (1)    2 :  0.237 0.061 0.077 0.060 0.249 0.153 0.163 
 76 NS_SS0723    (3)    2 :  0.210 0.043 0.126 0.147 0.140 0.187 0.148 
 77 NS_SS0940    (9)    2 :  0.174 0.173 0.130 0.109 0.182 0.152 0.079 
 78 NS_SS0762    (1)    2 :  0.152 0.050 0.131 0.108 0.344 0.064 0.150 
 79 NS_SS0766   (11)    2 :  0.165 0.122 0.124 0.197 0.266 0.068 0.058 
 80 NS_SS0724    (1)    2 :  0.123 0.087 0.217 0.167 0.127 0.102 0.177 
 81 NS_SS0769    (3)    2 :  0.087 0.095 0.132 0.275 0.165 0.160 0.086 
 82 NS_SS0777    (2)    2 :  0.058 0.190 0.121 0.240 0.088 0.126 0.177 
 83 NS_SS0734    (6)    2 :  0.132 0.162 0.234 0.129 0.155 0.097 0.090 
 84 NS_SS0737    (3)    2 :  0.234 0.065 0.098 0.074 0.337 0.111 0.082 
 85 NS_SS0732    (5)    2 :  0.177 0.058 0.290 0.198 0.081 0.065 0.131 
 86 NS_SS0728    (5)    2 :  0.257 0.097 0.192 0.098 0.145 0.122 0.090 
 87 NS_SS0735    (9)    2 :  0.233 0.088 0.195 0.074 0.194 0.056 0.159 
 88 NS_SS0725    (1)    2 :  0.068 0.098 0.193 0.052 0.282 0.218 0.090 
 89 NS_SS0788    (2)    2 :  0.152 0.106 0.094 0.238 0.088 0.255 0.066 
 90 NS_SS0778    (2)    2 :  0.151 0.117 0.140 0.229 0.060 0.217 0.085 
 91 NS_SS0792    (6)    2 :  0.271 0.097 0.215 0.132 0.074 0.071 0.140 
 92 NS_SS0943   (11)    2 :  0.092 0.255 0.205 0.083 0.055 0.087 0.224 
 93 NS_SS0791    (2)    2 :  0.352 0.131 0.198 0.082 0.081 0.083 0.072 
 94 NS_SS0790    (5)    2 :  0.081 0.041 0.294 0.101 0.182 0.092 0.209 
 95 NS_SS0731    (6)    2 :  0.057 0.077 0.284 0.191 0.201 0.079 0.111 
 96 NS_SS0727    (6)    2 :  0.280 0.194 0.094 0.061 0.232 0.053 0.087 
 97 NS_SS0779   (12)    2 :  0.149 0.107 0.129 0.220 0.117 0.129 0.150 
 98 NS_SS0776    (3)    2 :  0.103 0.154 0.117 0.108 0.274 0.153 0.091 
 99 NS_SS0775    (5)    2 :  0.161 0.071 0.137 0.101 0.342 0.089 0.099 
100 NS_SS0965    (3)    3 :  0.104 0.081 0.237 0.196 0.070 0.162 0.150 
101 NS_SS0754   (13)    3 :  0.208 0.185 0.252 0.112 0.064 0.105 0.073 
102 NS_SS0838    (5)    3 :  0.139 0.166 0.112 0.094 0.169 0.184 0.135 
103 NS_SS0839    (3)    3 :  0.169 0.063 0.169 0.086 0.224 0.177 0.112 
104 NS_SS0832    (4)    3 :  0.093 0.049 0.175 0.141 0.155 0.134 0.252 
105 NS_SS0820    (4)    3 :  0.126 0.052 0.214 0.201 0.104 0.202 0.101 
106 NS_SS0886    (9)    3 :  0.157 0.172 0.184 0.157 0.103 0.135 0.093 
107 NS_SS0748    (5)    3 :  0.097 0.150 0.110 0.213 0.079 0.115 0.235 
108 NS_SS0884    (9)    3 :  0.211 0.125 0.149 0.118 0.118 0.134 0.145 
109 NS_SS0752    (3)    3 :  0.219 0.114 0.106 0.086 0.204 0.142 0.130 
110 NS_SS0862    (1)    3 :  0.188 0.054 0.334 0.109 0.064 0.083 0.168 
111 NS_SS0787    (9)    3 :  0.089 0.393 0.108 0.125 0.098 0.100 0.088 
112 NS_SS0843    (6)    3 :  0.185 0.084 0.168 0.216 0.110 0.092 0.146 
113 NS_SS0856    (4)    3 :  0.224 0.115 0.098 0.142 0.240 0.130 0.051 
114 NS_SS0846    (2)    3 :  0.179 0.135 0.061 0.130 0.103 0.162 0.230 
115 NS_SS0825    (1)    3 :  0.073 0.132 0.215 0.098 0.068 0.308 0.106 
116 NS_SS0757    (3)    3 :  0.100 0.159 0.212 0.157 0.081 0.112 0.178 
117 NS_SS0876    (3)    3 :  0.166 0.106 0.173 0.113 0.178 0.099 0.166 
118 NS_SS0903    (9)    3 :  0.378 0.050 0.067 0.072 0.108 0.111 0.215 
119 NS_SS0875    (7)    3 :  0.080 0.120 0.127 0.163 0.216 0.167 0.127 
120 NS_SS0740    (5)    3 :  0.140 0.096 0.145 0.182 0.159 0.096 0.181 
121 NS_SS0811    (5)    3 :  0.090 0.070 0.296 0.123 0.185 0.078 0.159 
122 NS_SS0751    (1)    3 :  0.104 0.102 0.091 0.179 0.244 0.188 0.092 
123 NS_SS0891    (6)    3 :  0.089 0.132 0.129 0.086 0.238 0.201 0.125 
124 NS_SS0867    (2)    3 :  0.103 0.132 0.179 0.143 0.040 0.134 0.269 
125 NS_SS0890    (6)    3 :  0.196 0.091 0.088 0.225 0.132 0.104 0.164 
126 NS_SS0866   (11)    3 :  0.134 0.350 0.127 0.062 0.102 0.123 0.102 
127 NS_SS0755    (4)    3 :  0.121 0.096 0.236 0.127 0.117 0.129 0.174 
128 NS_SS0758    (4)    3 :  0.240 0.109 0.096 0.116 0.154 0.119 0.168 
129 NS_SS0840    (2)    3 :  0.112 0.052 0.169 0.084 0.155 0.242 0.185 
130 NS_SS0889    (4)    3 :  0.084 0.290 0.251 0.076 0.085 0.095 0.119 
131 NS_SS1010    (1)    3 :  0.104 0.095 0.097 0.250 0.127 0.206 0.121 
132 NS_SS0888    (5)    3 :  0.317 0.247 0.153 0.077 0.094 0.053 0.058 
133 NS_SS0837    (3)    3 :  0.114 0.065 0.297 0.163 0.091 0.084 0.186 
134 NS_SS0794    (9)    3 :  0.180 0.262 0.122 0.101 0.176 0.062 0.096 
135 NS_SS0823    (4)    3 :  0.116 0.082 0.113 0.070 0.166 0.145 0.307 
136 NS_SS0829    (7)    3 :  0.061 0.350 0.173 0.084 0.059 0.065 0.208 
137 NS_SS0844    (5)    3 :  0.195 0.040 0.106 0.112 0.047 0.081 0.419 
138 NS_SS1008    (5)    3 :  0.128 0.241 0.106 0.098 0.246 0.070 0.111 
139 NS_SS0881    (3)    3 :  0.091 0.167 0.117 0.166 0.125 0.247 0.087 
140 NS_SS0834    (6)    3 :  0.088 0.090 0.115 0.067 0.320 0.215 0.106 
141 NS_SS0744   (10)    3 :  0.234 0.117 0.174 0.080 0.070 0.189 0.136 
142 NS_SS0899    (7)    3 :  0.058 0.076 0.242 0.121 0.195 0.082 0.225 
143 NS_SS0804    (4)    3 :  0.126 0.042 0.213 0.167 0.130 0.150 0.173 
144 NS_SS0781   (10)    3 :  0.081 0.057 0.083 0.150 0.165 0.236 0.228 
145 NS_SS0822    (6)    3 :  0.168 0.176 0.144 0.062 0.146 0.073 0.232 
146 NS_SS1004    (4)    3 :  0.136 0.080 0.136 0.203 0.094 0.120 0.230 
147 NS_SS0746    (5)    3 :  0.088 0.173 0.084 0.115 0.132 0.121 0.286 
148 NS_SS0880    (3)    3 :  0.127 0.096 0.166 0.054 0.142 0.190 0.225 
149 NS_SS0879    (4)    3 :  0.122 0.136 0.200 0.060 0.208 0.124 0.150 
150 NS_SS0753    (2)    3 :  0.124 0.188 0.154 0.213 0.069 0.075 0.177 
151 NS_SS1007    (2)    3 :  0.274 0.088 0.053 0.169 0.213 0.149 0.054 
152 NS_SS0872    (5)    3 :  0.174 0.072 0.102 0.158 0.183 0.148 0.164 
153 NS_SS1005    (7)    3 :  0.093 0.095 0.085 0.126 0.167 0.171 0.262 
154 NS_SS0892    (6)    3 :  0.096 0.130 0.137 0.203 0.172 0.120 0.141 
155 NS_SS0898    (0)    3 :  0.092 0.179 0.142 0.163 0.110 0.125 0.190 
156 NS_SS0801    (9)    3 :  0.083 0.125 0.231 0.188 0.107 0.097 0.169 
157 NS_SS0827    (8)    3 :  0.070 0.094 0.106 0.491 0.093 0.066 0.080 
158 NS_SS0853    (6)    3 :  0.111 0.133 0.188 0.293 0.123 0.054 0.099 
159 NS_SS0780    (2)    3 :  0.136 0.072 0.187 0.141 0.142 0.198 0.123 
160 NS_SS0826   (10)    3 :  0.044 0.169 0.106 0.081 0.063 0.335 0.202 
161 NS_SS0818    (5)    3 :  0.135 0.056 0.136 0.149 0.188 0.194 0.142 
162 NS_SS0745    (1)    3 :  0.029 0.085 0.197 0.070 0.473 0.103 0.044 
163 NS_SS0849    (3)    3 :  0.050 0.088 0.378 0.140 0.090 0.131 0.123 
164 NS_SS0739    (3)    3 :  0.191 0.086 0.175 0.156 0.132 0.203 0.058 
165 NS_SS0799    (1)    3 :  0.326 0.129 0.114 0.158 0.108 0.046 0.119 
166 NS_SS0756    (2)    3 :  0.078 0.069 0.132 0.141 0.093 0.194 0.292 
167 NS_SS0802    (2)    3 :  0.174 0.145 0.066 0.219 0.117 0.189 0.090 
168 NS_SS0747    (6)    3 :  0.161 0.110 0.093 0.175 0.100 0.171 0.190 
169 NS_SS0835    (1)    3 :  0.173 0.218 0.061 0.255 0.082 0.130 0.081 
170 NS_SS0742   (18)    3 :  0.233 0.061 0.141 0.122 0.094 0.173 0.175 
171 NS_SS0760    (9)    3 :  0.102 0.320 0.075 0.146 0.116 0.103 0.138 
172 NS_SS0803    (4)    3 :  0.311 0.045 0.085 0.061 0.070 0.054 0.374 
173 NS_SS0828   (13)    3 :  0.138 0.117 0.207 0.221 0.120 0.094 0.102 
174 NS_SS0865    (2)    3 :  0.120 0.128 0.265 0.082 0.054 0.211 0.141 
175 NS_SS0759    (4)    3 :  0.111 0.080 0.179 0.144 0.234 0.111 0.140 
176 NS_SS0851    (5)    3 :  0.043 0.078 0.456 0.079 0.158 0.114 0.073 
177 NS_SS0874   (16)    3 :  0.122 0.076 0.104 0.116 0.136 0.112 0.335 
178 NS_SS0761    (6)    3 :  0.090 0.243 0.159 0.131 0.050 0.138 0.188 
179 NS_SS0842   (25)    3 :  0.110 0.219 0.102 0.129 0.182 0.094 0.164 
180 NS_SS0785    (6)    3 :  0.200 0.156 0.146 0.122 0.088 0.092 0.195 
181 NS_SS0860   (11)    3 :  0.140 0.290 0.082 0.169 0.084 0.113 0.122 
182 NS_SS0897    (7)    3 :  0.123 0.360 0.168 0.096 0.091 0.072 0.091 
183 NS_SS0841   (14)    3 :  0.071 0.068 0.257 0.128 0.219 0.096 0.161 
184 NS_SS0797    (6)    3 :  0.087 0.180 0.227 0.181 0.068 0.132 0.124 
185 NS_SS0830   (10)    3 :  0.113 0.146 0.204 0.141 0.098 0.170 0.129 
186 NS_SS1011    (5)    3 :  0.104 0.074 0.181 0.089 0.075 0.326 0.151 
187 NS_SS0883    (5)    3 :  0.212 0.129 0.191 0.187 0.073 0.061 0.147 
188 NS_SS0782    (2)    3 :  0.239 0.161 0.107 0.062 0.224 0.085 0.122 
189 NS_SS0831    (5)    3 :  0.115 0.279 0.274 0.077 0.073 0.070 0.113 
190 NS_SS0749    (7)    3 :  0.206 0.154 0.232 0.100 0.122 0.108 0.077 
191 NS_SS0854    (2)    3 :  0.309 0.105 0.143 0.089 0.157 0.093 0.104 
192 HI_SS0193    (0)    4 :  0.126 0.233 0.219 0.055 0.150 0.142 0.075 
193 HI_SS0194    (0)    4 :  0.059 0.150 0.089 0.054 0.304 0.249 0.095 
194 HI_SS0195    (9)    4 :  0.096 0.051 0.299 0.114 0.162 0.222 0.056 
195 HI_SS0196    (6)    4 :  0.218 0.178 0.104 0.064 0.240 0.095 0.102 
196 HI_SS0197    (3)    4 :  0.079 0.076 0.055 0.134 0.099 0.486 0.071 
197 HI_SS0198    (1)    4 :  0.169 0.150 0.245 0.150 0.084 0.123 0.080 
198 HI_SS0199    (1)    4 :  0.359 0.153 0.085 0.094 0.145 0.071 0.093 
199 HI_SS0201    (4)    4 :  0.119 0.240 0.161 0.205 0.036 0.090 0.148 
200 HI_SS0215    (1)    4 :  0.116 0.199 0.118 0.252 0.053 0.131 0.131 
201 HI_SS0218    (1)    4 :  0.195 0.308 0.187 0.068 0.115 0.060 0.066 
202 HI_SS0222    (0)    4 :  0.169 0.139 0.198 0.098 0.178 0.158 0.059 
203 HI_SS0230    (1)    4 :  0.054 0.078 0.079 0.379 0.115 0.174 0.121 
204 HI_SS0234    (1)    4 :  0.320 0.090 0.052 0.121 0.111 0.200 0.106 
205 HI_SS0240    (1)    4 :  0.363 0.078 0.122 0.101 0.192 0.081 0.063 
206 HI_SS0241    (0)    4 :  0.159 0.166 0.124 0.236 0.069 0.130 0.115 
207 HI_SS0242    (0)    4 :  0.147 0.141 0.177 0.116 0.088 0.109 0.222 
208 HI_SS0247    (0)    4 :  0.056 0.111 0.118 0.077 0.089 0.183 0.366 
209 HI_SS0248    (1)    4 :  0.215 0.230 0.061 0.097 0.179 0.043 0.176 
210 HI_SS0252    (2)    4 :  0.170 0.089 0.202 0.058 0.200 0.084 0.196 
211 HI_SS0254    (1)    4 :  0.134 0.129 0.065 0.241 0.086 0.219 0.125 
212 HI_SS0256    (0)    4 :  0.126 0.030 0.140 0.154 0.184 0.204 0.163 
213 HI_SS0257    (0)    4 :  0.183 0.213 0.047 0.103 0.057 0.176 0.221 
214 HI_SS0258    (1)    4 :  0.133 0.252 0.126 0.175 0.116 0.077 0.121 
215 HI_SS0259    (1)    4 :  0.113 0.085 0.151 0.094 0.187 0.300 0.069 
216 HI_SS0260    (1)    4 :  0.203 0.228 0.085 0.140 0.187 0.076 0.080 
217 HI_SS0261    (2)    4 :  0.093 0.180 0.071 0.098 0.132 0.237 0.189 
218 HI_SS0262    (0)    4 :  0.211 0.079 0.256 0.142 0.111 0.120 0.081 
219 HI_SS0264    (1)    4 :  0.047 0.125 0.127 0.204 0.207 0.176 0.113 
220 HI_SS0265    (0)    4 :  0.085 0.082 0.212 0.225 0.101 0.219 0.075 
221 HI_SS0268    (1)    4 :  0.075 0.151 0.099 0.290 0.169 0.171 0.044 
222 HI_SS0269    (1)    4 :  0.294 0.269 0.055 0.072 0.046 0.165 0.099 
223 HI_SS0273    (0)    4 :  0.111 0.232 0.124 0.116 0.075 0.160 0.182 
224 HI_SS0277    (1)    4 :  0.127 0.075 0.115 0.118 0.050 0.397 0.118 
225 HI_SS0280    (0)    4 :  0.129 0.137 0.271 0.092 0.176 0.131 0.063 
226 HI_SS0282    (1)    4 :  0.155 0.198 0.188 0.077 0.080 0.097 0.205 
227 HI_SS0286    (1)    4 :  0.216 0.127 0.214 0.202 0.055 0.112 0.074 
228 NS_SS1252    (3)    5 :  0.161 0.336 0.096 0.110 0.084 0.060 0.152 
229 NS_SS1261    (1)    5 :  0.209 0.126 0.104 0.134 0.103 0.170 0.156 
230 NS_SS1225    (9)    5 :  0.101 0.164 0.078 0.179 0.061 0.111 0.306 
231 NS_SS1266    (1)    5 :  0.105 0.052 0.140 0.101 0.101 0.119 0.382 
232 NS_SS1228    (0)    5 :  0.150 0.083 0.333 0.099 0.112 0.127 0.097 
233 NS_SS1255    (2)    5 :  0.126 0.164 0.079 0.038 0.377 0.081 0.134 
234 NS_SS1267    (3)    5 :  0.154 0.304 0.116 0.232 0.059 0.082 0.052 
235 NS_SS1238    (6)    5 :  0.075 0.202 0.157 0.091 0.152 0.234 0.089 
236 NS_SS1233    (8)    5 :  0.034 0.082 0.095 0.083 0.162 0.090 0.453 
237 NS_SS1277    (3)    5 :  0.237 0.195 0.136 0.094 0.194 0.082 0.062 
238 NS_SS1245    (1)    5 :  0.106 0.174 0.072 0.117 0.143 0.121 0.267 
239 NS_SS1240    (4)    5 :  0.161 0.287 0.052 0.233 0.069 0.122 0.076 
240 NS_SS1275    (2)    5 :  0.089 0.046 0.223 0.062 0.104 0.370 0.106 
241 NS_SS1235    (1)    5 :  0.245 0.112 0.043 0.081 0.174 0.151 0.194 
242 NS_SS1263    (1)    5 :  0.078 0.081 0.095 0.068 0.262 0.091 0.324 
243 NS_SS1251    (1)    5 :  0.084 0.075 0.082 0.136 0.154 0.139 0.330 
244 NS_SS1248    (0)    5 :  0.039 0.159 0.397 0.142 0.091 0.095 0.076 
245 NS_SS1244    (0)    5 :  0.137 0.124 0.128 0.062 0.044 0.335 0.172 
246 NS_SS1257    (0)    5 :  0.189 0.234 0.124 0.146 0.121 0.074 0.111 
247 NS_SS1242    (2)    5 :  0.065 0.094 0.147 0.099 0.303 0.131 0.161 
248 NS_SS1271    (6)    5 :  0.253 0.282 0.135 0.115 0.050 0.092 0.073 
249 NS_SS1265    (1)    5 :  0.054 0.292 0.099 0.138 0.117 0.158 0.143 
250 NS_SS1243    (0)    5 :  0.095 0.106 0.274 0.125 0.222 0.066 0.113 
251 NS_SS1273    (1)    5 :  0.078 0.073 0.119 0.114 0.344 0.117 0.155 
252 NS_SS1254   (14)    5 :  0.108 0.074 0.101 0.129 0.148 0.076 0.364 
253 NS_SS1224    (1)    5 :  0.118 0.076 0.255 0.083 0.126 0.103 0.239 
254 NS_SS1227    (8)    5 :  0.144 0.133 0.052 0.382 0.100 0.119 0.069 
255 NS_SS1274    (8)    5 :  0.190 0.192 0.142 0.107 0.140 0.105 0.124 
256 NS_SS1241    (1)    5 :  0.173 0.154 0.161 0.136 0.077 0.126 0.173 
257 NS_SS1256    (3)    5 :  0.072 0.159 0.068 0.140 0.102 0.199 0.260 
258 NS_SS1260    (8)    5 :  0.316 0.217 0.096 0.110 0.085 0.071 0.104 
259 NS_SS1262    (0)    5 :  0.150 0.148 0.168 0.144 0.055 0.142 0.193 
260 NS_SS1230    (0)    5 :  0.080 0.209 0.136 0.133 0.174 0.127 0.142 
261 NS_SS1270    (2)    5 :  0.054 0.093 0.284 0.132 0.073 0.136 0.229 
262 NS_SS1229    (2)    5 :  0.266 0.065 0.048 0.059 0.160 0.288 0.114 
263 NS_SS1246    (5)    5 :  0.230 0.211 0.089 0.069 0.089 0.243 0.069 
264 NS_SS1269    (0)    5 :  0.144 0.095 0.176 0.157 0.171 0.116 0.141 
265 NS_SS1239    (1)    5 :  0.327 0.055 0.265 0.088 0.128 0.067 0.070 
266 NS_SS1272    (4)    5 :  0.071 0.075 0.084 0.189 0.078 0.384 0.119 
267 NS_SS1268    (1)    5 :  0.052 0.074 0.330 0.133 0.098 0.062 0.251 
268 NS_SS1249    (0)    5 :  0.263 0.311 0.101 0.049 0.092 0.058 0.126 
269 HI_SS0559    (0)    6 :  0.120 0.150 0.217 0.160 0.168 0.056 0.129 
270 HI_SS0563    (1)    6 :  0.259 0.106 0.122 0.105 0.080 0.151 0.177 
271 HI_SS0564    (0)    6 :  0.125 0.113 0.169 0.102 0.114 0.218 0.159 
272 HI_SS0565    (0)    6 :  0.085 0.152 0.070 0.272 0.089 0.200 0.132 
273 HI_SS0569    (0)    6 :  0.063 0.195 0.076 0.259 0.045 0.087 0.274 
274 HI_SS0570    (0)    6 :  0.142 0.282 0.158 0.117 0.112 0.131 0.059 
275 HI_SS0572    (1)    6 :  0.253 0.065 0.082 0.098 0.257 0.120 0.125 
276 HI_SS0576    (0)    6 :  0.104 0.079 0.254 0.141 0.183 0.130 0.109 
277 HI_SS0579    (1)    6 :  0.193 0.147 0.074 0.159 0.071 0.060 0.296 
278 HI_SS0580    (1)    6 :  0.181 0.182 0.129 0.143 0.198 0.069 0.098 
279 HI_SS0581    (0)    6 :  0.087 0.067 0.267 0.086 0.102 0.317 0.073 
280 HI_SS0583    (1)    6 :  0.119 0.194 0.043 0.214 0.163 0.086 0.180 
281 HI_SS0586    (1)    6 :  0.066 0.291 0.106 0.302 0.094 0.076 0.066 
282 HI_SS0588    (1)    6 :  0.149 0.133 0.088 0.309 0.093 0.057 0.171 
283 HI_SS0595    (4)    6 :  0.107 0.162 0.054 0.220 0.115 0.256 0.086 
284 HI_SS0596    (0)    6 :  0.180 0.065 0.079 0.104 0.368 0.060 0.144 
285 HI_SS0597    (1)    6 :  0.117 0.081 0.066 0.105 0.249 0.224 0.157 
286 HI_SS0600    (0)    6 :  0.315 0.113 0.133 0.125 0.064 0.161 0.089 
287 HI_SS0601    (1)    6 :  0.148 0.095 0.137 0.240 0.035 0.156 0.190 
288 HI_SS0602    (1)    6 :  0.065 0.173 0.136 0.381 0.139 0.049 0.056 
289 HI_SS0604    (0)    6 :  0.076 0.128 0.201 0.148 0.157 0.067 0.223 
290 HI_SS0605    (1)    6 :  0.205 0.150 0.320 0.090 0.076 0.068 0.090 
291 HI_SS0608    (0)    6 :  0.076 0.114 0.119 0.259 0.254 0.099 0.081 
292 HI_SS0609    (0)    6 :  0.107 0.079 0.061 0.147 0.154 0.159 0.293 
293 HI_SS0611    (5)    6 :  0.110 0.222 0.241 0.194 0.093 0.062 0.077 
294 HI_SS0612    (1)    6 :  0.270 0.112 0.046 0.055 0.064 0.086 0.367 
295 HI_SS0613    (1)    6 :  0.082 0.118 0.372 0.121 0.112 0.075 0.120 
296 HI_SS0615    (0)    6 :  0.207 0.054 0.157 0.139 0.212 0.146 0.084 
297 HI_SS0001    (1)    6 :  0.160 0.179 0.097 0.075 0.213 0.200 0.076 
298 HI_SS0002    (1)    6 :  0.090 0.057 0.077 0.242 0.175 0.138 0.222 
299 HI_SS0004    (0)    6 :  0.118 0.269 0.132 0.113 0.204 0.089 0.075 
300 HI_SS0005    (1)    6 :  0.079 0.101 0.318 0.190 0.118 0.124 0.069 
301 HI_SS0006    (1)    6 :  0.119 0.199 0.080 0.109 0.078 0.203 0.211 
302 HI_SS0007    (1)    6 :  0.137 0.214 0.372 0.067 0.093 0.054 0.062 
303 HI_SS0008    (0)    6 :  0.088 0.066 0.132 0.367 0.080 0.171 0.095 
304 HI_SS0009    (0)    6 :  0.189 0.068 0.226 0.175 0.199 0.050 0.092 
305 HI_SS0010    (1)    6 :  0.102 0.150 0.141 0.270 0.107 0.115 0.116 
306 HI_SS0011    (1)    6 :  0.038 0.114 0.141 0.078 0.088 0.237 0.303 
307 HI_SS0012    (0)    6 :  0.291 0.036 0.093 0.267 0.072 0.172 0.068 
308 HI_SS0017    (1)    6 :  0.108 0.107 0.128 0.061 0.329 0.152 0.116 
309 HI_SS0021    (1)    6 :  0.073 0.218 0.068 0.274 0.139 0.152 0.075 
310 HI_SS0024    (1)    6 :  0.167 0.081 0.203 0.079 0.177 0.223 0.071 
311 HI_SS0025    (1)    6 :  0.115 0.101 0.164 0.086 0.308 0.070 0.156 
312 HI_SS0027    (0)    6 :  0.132 0.195 0.161 0.152 0.095 0.053 0.212 
313 HI_SS0028    (0)    6 :  0.044 0.039 0.159 0.323 0.171 0.207 0.057 
314 HI_SS0029    (1)    6 :  0.173 0.177 0.081 0.099 0.270 0.140 0.059 
315 HI_SS0030    (2)    6 :  0.195 0.145 0.192 0.112 0.102 0.145 0.108 
316 HI_SS0031    (0)    6 :  0.230 0.052 0.053 0.289 0.096 0.166 0.114 
317 HI_SS0034    (0)    6 :  0.172 0.246 0.112 0.073 0.099 0.079 0.218 
318 HI_SS0036    (0)    6 :  0.099 0.282 0.171 0.135 0.074 0.207 0.032 
319 HI_SS0037    (1)    6 :  0.062 0.296 0.158 0.187 0.116 0.056 0.125 
320 HI_SS0039    (0)    6 :  0.083 0.220 0.265 0.131 0.098 0.139 0.063 
321 HI_SS0041    (1)    6 :  0.113 0.101 0.324 0.092 0.175 0.132 0.063 
322 HI_SS0042    (1)    6 :  0.094 0.069 0.135 0.119 0.205 0.231 0.148 
323 HI_SS0043    (1)    6 :  0.132 0.324 0.103 0.128 0.046 0.191 0.075 
324 HI_SS0044    (1)    6 :  0.202 0.209 0.074 0.086 0.298 0.075 0.054 
325 HI_SS0047    (1)    6 :  0.133 0.083 0.209 0.126 0.188 0.129 0.132 
326 HI_SS0049    (0)    6 :  0.068 0.121 0.094 0.145 0.307 0.087 0.179 
327 HI_SS0051    (1)    6 :  0.119 0.109 0.336 0.131 0.061 0.071 0.174 
328 HI_SS0053    (1)    6 :  0.124 0.261 0.090 0.116 0.065 0.230 0.113 
329 HI_SS0054    (4)    6 :  0.070 0.255 0.160 0.129 0.046 0.106 0.234 
330 HI_SS0057    (0)    6 :  0.053 0.142 0.231 0.078 0.146 0.217 0.134 
331 HI_SS0058    (0)    6 :  0.096 0.266 0.101 0.145 0.168 0.069 0.156 
332 HI_SS0060    (0)    6 :  0.121 0.110 0.192 0.219 0.053 0.182 0.123 
333 HI_SS0087    (1)    6 :  0.110 0.146 0.091 0.157 0.102 0.221 0.173 
334 HI_SS0091    (0)    6 :  0.136 0.272 0.060 0.110 0.055 0.251 0.116 
335 HI_SS0095    (1)    6 :  0.251 0.124 0.139 0.138 0.069 0.162 0.118 
336 HI_SS0097    (3)    6 :  0.194 0.080 0.083 0.149 0.052 0.088 0.354 
337 HI_SS0099    (0)    6 :  0.072 0.106 0.080 0.268 0.304 0.078 0.093 
338 HI_SS0103    (0)    6 :  0.213 0.123 0.108 0.061 0.202 0.193 0.099 
339 HI_SS0105    (1)    6 :  0.104 0.110 0.166 0.148 0.068 0.264 0.141 
340 HI_SS0107    (1)    6 :  0.189 0.058 0.116 0.056 0.251 0.200 0.130 
341 HI_SS0108    (1)    6 :  0.132 0.399 0.109 0.068 0.068 0.110 0.115 
342 HI_SS0110    (0)    6 :  0.204 0.123 0.068 0.074 0.090 0.370 0.071 
343 HI_SS0111    (1)    6 :  0.232 0.105 0.123 0.163 0.091 0.210 0.075 
344 HI_SS0112    (0)    6 :  0.156 0.355 0.086 0.126 0.090 0.111 0.077 
345 HI_SS0113    (1)    6 :  0.075 0.087 0.111 0.082 0.277 0.230 0.138 
346 HI_SS0114    (1)    6 :  0.109 0.192 0.180 0.212 0.064 0.083 0.159 
347 HI_SS0115    (1)    6 :  0.271 0.090 0.110 0.194 0.174 0.037 0.123 
348 HI_SS0116    (4)    6 :  0.182 0.243 0.042 0.128 0.257 0.070 0.078 
349 HI_SS0117    (0)    6 :  0.085 0.189 0.054 0.143 0.067 0.262 0.201 
350 HI_SS0118    (0)    6 :  0.142 0.211 0.075 0.101 0.141 0.136 0.194 
351 HI_SS0119    (1)    6 :  0.167 0.184 0.116 0.081 0.045 0.292 0.115 
352 HI_SS0120    (1)    6 :  0.092 0.067 0.086 0.041 0.292 0.332 0.089 
353 HI_SS0121    (1)    6 :  0.048 0.062 0.142 0.171 0.069 0.374 0.134 
354 HI_SS0122    (2)    6 :  0.146 0.161 0.167 0.090 0.108 0.229 0.100 
355 HI_SS0123    (0)    6 :  0.135 0.144 0.080 0.095 0.110 0.253 0.182 
356 HI_SS0124    (1)    6 :  0.156 0.058 0.133 0.139 0.339 0.088 0.087 
357 HI_SS0125    (1)    6 :  0.223 0.045 0.151 0.178 0.172 0.148 0.082 
358 HI_SS0126    (0)    6 :  0.125 0.309 0.078 0.075 0.216 0.105 0.092 
359 HI_SS0127    (0)    6 :  0.075 0.107 0.307 0.177 0.085 0.069 0.180 
360 HI_SS0128    (0)    6 :  0.167 0.118 0.069 0.099 0.190 0.174 0.183 
361 HI_SS0129    (1)    6 :  0.141 0.232 0.179 0.078 0.133 0.150 0.086 
362 HI_SS0131    (2)    6 :  0.056 0.210 0.152 0.284 0.068 0.065 0.164 
363 HI_SS0132    (0)    6 :  0.137 0.121 0.112 0.130 0.079 0.255 0.166 
364 HI_SS0133    (1)    6 :  0.108 0.418 0.126 0.068 0.105 0.097 0.078 
365 HI_SS0134    (1)    6 :  0.141 0.150 0.122 0.152 0.110 0.150 0.175 
366 HI_SS0142    (3)    6 :  0.201 0.077 0.126 0.208 0.050 0.179 0.158 
367 HI_SS0145    (0)    6 :  0.176 0.176 0.081 0.123 0.123 0.097 0.225 
368 HI_SS0146    (1)    6 :  0.194 0.169 0.145 0.144 0.083 0.060 0.205 
369 HI_SS0147    (1)    6 :  0.083 0.101 0.386 0.066 0.087 0.125 0.152 
370 HI_SS0149    (1)    6 :  0.049 0.167 0.077 0.061 0.071 0.432 0.143 
371 HI_SS0150    (2)    6 :  0.126 0.071 0.205 0.138 0.194 0.125 0.141 
372 HI_SS0151    (0)    6 :  0.341 0.109 0.178 0.085 0.129 0.052 0.106 
373 NS_SS1451    (1)    6 :  0.200 0.060 0.215 0.078 0.218 0.149 0.081 
374 NS_SS1404    (0)    6 :  0.091 0.117 0.334 0.096 0.153 0.120 0.088 
375 NS_SS1432    (2)    6 :  0.094 0.063 0.085 0.138 0.271 0.296 0.054 
376 NS_SS1405    (4)    6 :  0.131 0.165 0.086 0.128 0.304 0.087 0.099 
377 NS_SS1431   (10)    6 :  0.069 0.085 0.102 0.066 0.243 0.335 0.101 
378 NS_SS1402    (3)    6 :  0.235 0.117 0.089 0.140 0.100 0.193 0.127 
379 NS_SS1450    (3)    6 :  0.159 0.248 0.185 0.045 0.171 0.109 0.082 
380 NS_SS1396    (0)    6 :  0.127 0.124 0.153 0.197 0.133 0.142 0.124 
381 NS_SS1393    (5)    6 :  0.254 0.099 0.123 0.248 0.116 0.081 0.078 
382 NS_SS1392   (10)    6 :  0.232 0.089 0.191 0.098 0.251 0.088 0.051 
383 NS_SS1445    (0)    6 :  0.061 0.212 0.116 0.246 0.062 0.148 0.155 
384 NS_SS1423    (0)    6 :  0.200 0.137 0.056 0.143 0.125 0.243 0.095 
385 NS_SS1421    (9)    6 :  0.149 0.191 0.119 0.075 0.107 0.209 0.150 
386 NS_SS1411    (6)    6 :  0.068 0.269 0.298 0.122 0.100 0.062 0.081 
387 NS_SS1453    (5)    6 :  0.158 0.212 0.108 0.115 0.070 0.266 0.070 
388 NS_SS1442    (2)    6 :  0.124 0.132 0.087 0.188 0.142 0.082 0.245 
389 NS_SS1422    (1)    6 :  0.328 0.081 0.075 0.065 0.087 0.115 0.251 
390 NS_SS1419    (1)    6 :  0.067 0.112 0.174 0.090 0.101 0.083 0.374 
391 NS_SS1427    (0)    6 :  0.276 0.282 0.067 0.071 0.138 0.114 0.054 
392 NS_SS1444    (3)    6 :  0.077 0.077 0.157 0.285 0.184 0.058 0.162 
393 NS_SS1455    (0)    6 :  0.108 0.069 0.053 0.098 0.290 0.136 0.246 
394 NS_SS1425    (2)    6 :  0.098 0.319 0.099 0.178 0.059 0.087 0.161 
395 NS_SS1400    (0)    6 :  0.057 0.313 0.108 0.112 0.132 0.082 0.196 
396 NS_SS1406    (1)    6 :  0.089 0.047 0.067 0.107 0.131 0.243 0.316 
397 NS_SS1417    (6)    6 :  0.072 0.210 0.127 0.078 0.175 0.180 0.158 
398 NS_SS1454    (2)    6 :  0.043 0.249 0.125 0.086 0.112 0.293 0.093 
399 NS_SS1412    (1)    6 :  0.106 0.202 0.200 0.094 0.180 0.122 0.096 
400 NS_SS1438    (1)    6 :  0.145 0.232 0.163 0.175 0.043 0.074 0.168 
401 NS_SS1416    (4)    6 :  0.134 0.152 0.151 0.102 0.154 0.172 0.135 
402 NS_SS1401    (0)    6 :  0.148 0.121 0.081 0.192 0.100 0.226 0.132 
403 NS_SS1424    (6)    6 :  0.140 0.151 0.165 0.112 0.078 0.268 0.086 
404 NS_SS1435    (9)    6 :  0.111 0.092 0.131 0.305 0.209 0.104 0.048 
405 NS_SS1447    (4)    6 :  0.076 0.092 0.238 0.116 0.151 0.113 0.213 
406 NS_SS1414    (3)    6 :  0.042 0.101 0.212 0.122 0.238 0.086 0.199 
407 NS_SS1449   (14)    6 :  0.361 0.077 0.113 0.055 0.070 0.236 0.087 
408 NS_SS1443    (4)    6 :  0.261 0.179 0.055 0.130 0.100 0.099 0.176 
409 NS_SS1434    (1)    6 :  0.282 0.136 0.066 0.070 0.256 0.083 0.106 
410 NS_SS1398    (1)    6 :  0.104 0.118 0.116 0.137 0.282 0.133 0.110 
411 NS_SS1426    (1)    6 :  0.145 0.254 0.097 0.230 0.083 0.113 0.078 
412 NS_SS1413    (0)    6 :  0.063 0.281 0.085 0.084 0.240 0.097 0.151 
413 NS_SS1395    (1)    6 :  0.193 0.157 0.065 0.302 0.068 0.134 0.080 
414 NS_SS1448   (10)    6 :  0.079 0.213 0.298 0.078 0.157 0.104 0.071 
415 NS_SS1446    (0)    6 :  0.226 0.184 0.125 0.116 0.076 0.171 0.102 
416 NS_SS1403    (2)    6 :  0.109 0.071 0.080 0.267 0.123 0.281 0.071 
417 NS_SS1415    (0)    6 :  0.114 0.230 0.137 0.175 0.128 0.093 0.123 
418 NS_SS1437    (4)    6 :  0.066 0.108 0.113 0.209 0.117 0.263 0.123 
419 NS_SS1439    (2)    6 :  0.204 0.089 0.106 0.210 0.089 0.118 0.184 
420 NS_SS1441    (3)    6 :  0.148 0.172 0.054 0.196 0.185 0.093 0.152 
421 NS_SS1420    (2)    6 :  0.136 0.066 0.505 0.074 0.102 0.049 0.068 
422 NS_SS1394    (2)    6 :  0.071 0.069 0.196 0.290 0.181 0.132 0.061 
423 NS_SS1391    (7)    6 :  0.140 0.211 0.063 0.135 0.277 0.116 0.057 
424 NS_SS1410    (5)    6 :  0.192 0.160 0.093 0.125 0.117 0.196 0.116 
425 NS_SS1408    (1)    6 :  0.136 0.091 0.155 0.166 0.077 0.237 0.140 
426 NS_SS1409    (1)    6 :  0.195 0.179 0.057 0.085 0.265 0.118 0.101 
427 HI_SS0617    (1)    7 :  0.310 0.182 0.142 0.054 0.141 0.096 0.076 
428 HI_SS0618    (2)    7 :  0.221 0.073 0.131 0.177 0.202 0.084 0.112 
429 HI_SS0619    (0)    7 :  0.093 0.170 0.107 0.170 0.289 0.093 0.078 
430 HI_SS0620    (1)    7 :  0.231 0.268 0.269 0.074 0.059 0.039 0.061 
431 HI_SS0621    (3)    7 :  0.203 0.090 0.150 0.147 0.124 0.159 0.127 
432 HI_SS0622    (1)    7 :  0.089 0.165 0.185 0.087 0.133 0.098 0.242 
433 HI_SS0626    (0)    7 :  0.056 0.111 0.286 0.269 0.097 0.117 0.066 
434 HI_SS0627    (0)    7 :  0.095 0.075 0.088 0.170 0.158 0.331 0.083 
435 HI_SS0628    (3)    7 :  0.075 0.248 0.113 0.155 0.142 0.186 0.081 
436 HI_SS0629    (1)    7 :  0.129 0.118 0.097 0.305 0.091 0.140 0.120 
437 HI_SS0630    (1)    7 :  0.160 0.151 0.178 0.201 0.139 0.064 0.107 
438 HI_SS0631    (0)    7 :  0.190 0.173 0.203 0.171 0.079 0.094 0.090 
439 HI_SS0632    (0)    7 :  0.078 0.151 0.232 0.109 0.087 0.123 0.220 
440 HI_SS0633    (0)    7 :  0.193 0.137 0.061 0.094 0.336 0.056 0.123 
441 HI_SS0634    (1)    7 :  0.111 0.150 0.214 0.096 0.093 0.247 0.090 
442 HI_SS0635    (0)    7 :  0.067 0.059 0.150 0.271 0.182 0.101 0.169 
443 HI_SS0637    (1)    7 :  0.094 0.129 0.249 0.132 0.049 0.142 0.205 
444 HI_SS0638    (0)    7 :  0.099 0.187 0.152 0.091 0.214 0.142 0.115 
445 HI_SS0639    (1)    7 :  0.176 0.053 0.194 0.215 0.125 0.100 0.136 
446 HI_SS0640    (1)    7 :  0.092 0.082 0.095 0.271 0.140 0.066 0.254 
447 HI_SS0641    (1)    7 :  0.080 0.186 0.198 0.284 0.108 0.053 0.091 
448 HI_SS0642    (0)    7 :  0.129 0.061 0.097 0.108 0.104 0.416 0.085 
449 HI_SS0645    (0)    7 :  0.111 0.064 0.281 0.092 0.247 0.060 0.146 
450 HI_SS0646    (1)    7 :  0.243 0.110 0.087 0.095 0.173 0.152 0.139 
451 HI_SS0647    (1)    7 :  0.055 0.145 0.127 0.084 0.250 0.217 0.122 
452 HI_SS0648    (0)    7 :  0.107 0.147 0.148 0.166 0.169 0.108 0.154 
453 HI_SS0649    (1)    7 :  0.202 0.092 0.076 0.225 0.168 0.082 0.156 
454 HI_SS0650    (1)    7 :  0.243 0.069 0.104 0.105 0.275 0.131 0.073 
455 HI_SS0651    (1)    7 :  0.203 0.088 0.096 0.261 0.156 0.079 0.116 
456 HI_SS0652    (1)    7 :  0.068 0.075 0.401 0.108 0.192 0.071 0.085 
457 NS_SS1371    (3)    7 :  0.308 0.087 0.051 0.230 0.091 0.165 0.068 
458 NS_SS1374    (0)    7 :  0.073 0.269 0.186 0.097 0.098 0.226 0.051 
459 NS_SS1337    (3)    7 :  0.083 0.073 0.346 0.045 0.092 0.280 0.080 
460 NS_SS1385    (5)    7 :  0.186 0.087 0.103 0.143 0.191 0.145 0.145 
461 NS_SS1388    (0)    7 :  0.075 0.149 0.066 0.241 0.282 0.092 0.095 
462 NS_SS1370    (1)    7 :  0.149 0.051 0.517 0.068 0.038 0.090 0.088 
463 NS_SS1389    (3)    7 :  0.062 0.115 0.129 0.194 0.313 0.110 0.078 
464 NS_SS1360    (1)    7 :  0.092 0.137 0.141 0.328 0.077 0.083 0.143 
465 NS_SS1330    (0)    7 :  0.159 0.068 0.228 0.149 0.178 0.085 0.133 
466 NS_SS1328    (8)    7 :  0.146 0.251 0.056 0.066 0.230 0.149 0.102 
467 NS_SS1384    (1)    7 :  0.132 0.078 0.127 0.318 0.050 0.161 0.135 
468 NS_SS1381    (0)    7 :  0.243 0.056 0.088 0.055 0.320 0.098 0.140 
469 NS_SS1375    (1)    7 :  0.151 0.103 0.132 0.129 0.332 0.106 0.047 
470 NS_SS1319   (10)    7 :  0.208 0.106 0.138 0.160 0.111 0.205 0.072 
471 NS_SS1326    (2)    7 :  0.114 0.333 0.060 0.108 0.222 0.088 0.076 
472 NS_SS1341    (1)    7 :  0.105 0.183 0.079 0.153 0.050 0.282 0.148 
473 NS_SS1383    (1)    7 :  0.148 0.090 0.161 0.158 0.049 0.313 0.081 
474 NS_SS1318    (3)    7 :  0.168 0.105 0.224 0.138 0.151 0.070 0.145 
475 NS_SS1348    (2)    7 :  0.145 0.186 0.121 0.257 0.052 0.118 0.121 
476 NS_SS1363    (0)    7 :  0.131 0.096 0.208 0.098 0.138 0.150 0.180 
477 NS_SS1335    (4)    7 :  0.104 0.147 0.123 0.234 0.057 0.109 0.225 
478 NS_SS1358    (0)    7 :  0.154 0.145 0.117 0.076 0.059 0.209 0.239 
479 NS_SS1342    (1)    7 :  0.156 0.164 0.055 0.104 0.064 0.294 0.163 
480 NS_SS1320    (2)    7 :  0.131 0.040 0.059 0.051 0.423 0.080 0.215 
481 NS_SS1355    (1)    7 :  0.106 0.073 0.128 0.127 0.136 0.087 0.343 
482 NS_SS1345    (1)    7 :  0.118 0.053 0.116 0.074 0.075 0.079 0.484 
483 NS_SS1324    (0)    7 :  0.193 0.157 0.089 0.280 0.079 0.087 0.115 
484 NS_SS1347    (5)    7 :  0.309 0.081 0.115 0.158 0.087 0.131 0.118 
485 NS_SS1321    (4)    7 :  0.123 0.213 0.165 0.108 0.073 0.268 0.051 
486 NS_SS1333    (0)    7 :  0.113 0.187 0.082 0.239 0.100 0.243 0.035 
487 NS_SS1364    (1)    7 :  0.044 0.195 0.070 0.193 0.092 0.110 0.296 
488 NS_SS1379    (0)    7 :  0.182 0.122 0.116 0.104 0.193 0.118 0.165 
489 NS_SS1332    (0)    7 :  0.074 0.288 0.054 0.253 0.144 0.114 0.072 
490 NS_SS1338    (5)    7 :  0.136 0.155 0.179 0.291 0.069 0.104 0.067 
491 NS_SS1368    (6)    7 :  0.052 0.236 0.065 0.099 0.126 0.170 0.252 
492 NS_SS1354    (1)    7 :  0.107 0.111 0.113 0.167 0.147 0.173 0.181 
493 NS_SS1365    (0)    7 :  0.111 0.092 0.210 0.093 0.180 0.143 0.172 
494 NS_SS1380    (1)    7 :  0.071 0.093 0.213 0.113 0.154 0.127 0.229 
495 NS_SS1329    (8)    7 :  0.074 0.207 0.052 0.083 0.092 0.328 0.163 
496 NS_SS1362    (0)    7 :  0.140 0.092 0.082 0.245 0.129 0.185 0.127 
497 NS_SS1327    (2)    7 :  0.114 0.366 0.084 0.216 0.081 0.093 0.045 
498 NS_SS1350    (0)    7 :  0.358 0.127 0.078 0.099 0.193 0.099 0.047 
499 NS_SS1387    (2)    7 :  0.105 0.088 0.179 0.302 0.143 0.077 0.106 
500 NS_SS1369    (8)    7 :  0.085 0.232 0.153 0.040 0.063 0.101 0.326 
501 NS_SS1331    (1)    7 :  0.064 0.200 0.185 0.081 0.197 0.200 0.073 
502 NS_SS1357    (4)    7 :  0.273 0.155 0.048 0.060 0.232 0.140 0.093 
503 NS_SS1386    (1)    7 :  0.056 0.360 0.055 0.080 0.054 0.258 0.138 
504 NS_SS1353    (2)    7 :  0.099 0.134 0.080 0.101 0.313 0.186 0.087 
505 NS_SS1323    (0)    7 :  0.077 0.067 0.117 0.128 0.150 0.263 0.197 
506 HI_SS0296    (0)    8 :  0.211 0.214 0.236 0.069 0.080 0.054 0.135 
507 HI_SS0297    (0)    8 :  0.192 0.070 0.078 0.095 0.177 0.319 0.070 
508 HI_SS0299    (0)    8 :  0.131 0.121 0.215 0.102 0.081 0.143 0.208 
509 HI_SS0300    (0)    8 :  0.115 0.132 0.198 0.081 0.102 0.070 0.302 
510 HI_SS0301    (0)    8 :  0.040 0.080 0.269 0.276 0.057 0.145 0.134 
511 HI_SS0302    (0)    8 :  0.096 0.185 0.249 0.206 0.066 0.055 0.143 
512 HI_SS0303    (0)    8 :  0.079 0.284 0.059 0.142 0.240 0.083 0.112 
513 HI_SS0304    (0)    8 :  0.054 0.203 0.168 0.081 0.286 0.150 0.059 
514 HI_SS0306    (5)    8 :  0.066 0.289 0.261 0.086 0.097 0.094 0.107 
515 HI_SS0307    (1)    8 :  0.118 0.073 0.165 0.146 0.177 0.134 0.188 
516 HI_SS0308    (1)    8 :  0.189 0.070 0.076 0.343 0.070 0.103 0.149 
