

----------------------------------------------------
STRUCTURE by Pritchard, Stephens and Donnelly (2000)
     and Falush, Stephens and Pritchard (2003)
       Code by Pritchard, Falush and Hubisz
             Version 2.3.4 (Jul 2012)
----------------------------------------------------



Command line arguments:   /home/genobiwan/Documents/Programs/Structure/structure -m parameter_job_k8_r7 
Input File:    /media/genobiwan/Storage/Projets/Mackerel_NWA_2021/data_job_k8_r7

Run parameters:
   557 individuals
   3930 loci
   8 populations assumed
   100000 Burn-in period
   200000 Reps


--------------------------------------------
Proportion of membership of each pre-defined
 population in each of the 8 clusters

Given    Inferred Clusters                                          Number of
 Pop       1      2      3      4      5      6      7      8      Individuals

  1:     0.111  0.132  0.135  0.127  0.115  0.128  0.136  0.117       67
  2:     0.111  0.119  0.139  0.107  0.157  0.117  0.109  0.141       32
  3:     0.115  0.120  0.125  0.133  0.117  0.111  0.141  0.137       92
  4:     0.143  0.127  0.108  0.105  0.131  0.143  0.117  0.126       36
  5:     0.135  0.110  0.115  0.120  0.125  0.122  0.151  0.122       41
  6:     0.129  0.128  0.123  0.127  0.125  0.131  0.115  0.122      158
  7:     0.123  0.136  0.128  0.115  0.123  0.127  0.122  0.126       79
  8:     0.130  0.128  0.122  0.140  0.110  0.123  0.127  0.121       52
--------------------------------------------

Allele-freq. divergence among pops (Net nucleotide distance),
computed using point estimates of P.

      1       2       3       4       5       6       7       8      
 1      -    0.0057  0.0084  0.0062  0.0078  0.0070  0.0077  0.0073  
 2   0.0057     -    0.0060  0.0044  0.0066  0.0049  0.0051  0.0051  
 3   0.0084  0.0060     -    0.0067  0.0078  0.0068  0.0071  0.0063  
 4   0.0062  0.0044  0.0067     -    0.0074  0.0058  0.0054  0.0052  
 5   0.0078  0.0066  0.0078  0.0074     -    0.0073  0.0071  0.0076  
 6   0.0070  0.0049  0.0068  0.0058  0.0073     -    0.0059  0.0057  
 7   0.0077  0.0051  0.0071  0.0054  0.0071  0.0059     -    0.0057  
 8   0.0073  0.0051  0.0063  0.0052  0.0076  0.0057  0.0057     -    

Average distances (expected heterozygosity) between individuals in same cluster:
cluster  1  : 0.3068 
cluster  2  : 0.3129 
cluster  3  : 0.3070 
cluster  4  : 0.3094 
cluster  5  : 0.3096 
cluster  6  : 0.3096 
cluster  7  : 0.3078 
cluster  8  : 0.3083 

--------------------------------------------
Estimated Ln Prob of Data   = -2072751.5
Mean value of ln likelihood = -2058235.4
Variance of ln likelihood   = 29032.3
Mean value of alpha         = 1.6120

Mean value of Fst_1         = 0.0809
Mean value of Fst_2         = 0.0626
Mean value of Fst_3         = 0.0797
Mean value of Fst_4         = 0.0705
Mean value of Fst_5         = 0.0822
Mean value of Fst_6         = 0.0704
Mean value of Fst_7         = 0.0706
Mean value of Fst_8         = 0.0673


Inferred ancestry of individuals:
        Label (%Miss) Pop:  Inferred clusters
  1 NS_SS0963    (4)    1 :  0.062 0.151 0.045 0.066 0.128 0.169 0.185 0.195 
  2 NS_SS0983    (1)    1 :  0.099 0.188 0.038 0.355 0.143 0.072 0.050 0.055 
  3 NS_SS0719    (8)    1 :  0.131 0.183 0.086 0.073 0.108 0.136 0.106 0.179 
  4 NS_SS1001    (8)    1 :  0.085 0.056 0.211 0.092 0.188 0.111 0.130 0.127 
  5 NS_SS0936    (4)    1 :  0.072 0.052 0.114 0.115 0.156 0.223 0.205 0.062 
  6 NS_SS0955    (5)    1 :  0.108 0.116 0.041 0.174 0.115 0.137 0.154 0.155 
  7 NS_SS0944    (3)    1 :  0.151 0.070 0.075 0.163 0.104 0.079 0.203 0.156 
  8 NS_SS0945    (3)    1 :  0.110 0.056 0.213 0.253 0.083 0.148 0.082 0.054 
  9 NS_SS0922    (2)    1 :  0.089 0.119 0.128 0.035 0.196 0.128 0.111 0.194 
 10 NS_SS0929    (7)    1 :  0.155 0.116 0.092 0.181 0.094 0.140 0.158 0.064 
 11 NS_SS0956    (2)    1 :  0.082 0.092 0.167 0.059 0.095 0.097 0.103 0.305 
 12 NS_SS0906    (3)    1 :  0.134 0.113 0.103 0.153 0.084 0.102 0.228 0.082 
 13 NS_SS0721    (6)    1 :  0.055 0.135 0.091 0.232 0.103 0.108 0.056 0.220 
 14 NS_SS0982    (4)    1 :  0.073 0.233 0.114 0.070 0.074 0.091 0.193 0.151 
 15 NS_SS0923    (5)    1 :  0.110 0.136 0.193 0.102 0.104 0.126 0.147 0.083 
 16 NS_SS0905    (6)    1 :  0.097 0.250 0.192 0.167 0.089 0.038 0.112 0.054 
 17 NS_SS0925    (3)    1 :  0.043 0.088 0.091 0.164 0.224 0.093 0.172 0.125 
 18 NS_SS0947    (5)    1 :  0.092 0.061 0.128 0.095 0.177 0.149 0.198 0.100 
 19 NS_SS0926    (2)    1 :  0.203 0.171 0.087 0.128 0.037 0.235 0.080 0.060 
 20 NS_SS0918    (6)    1 :  0.053 0.060 0.151 0.217 0.047 0.122 0.280 0.071 
 21 NS_SS0966    (4)    1 :  0.068 0.141 0.130 0.115 0.113 0.134 0.225 0.074 
 22 NS_SS0938    (2)    1 :  0.091 0.068 0.099 0.060 0.153 0.363 0.079 0.087 
 23 NS_SS0917    (2)    1 :  0.174 0.232 0.138 0.074 0.119 0.095 0.056 0.111 
 24 NS_SS0957   (11)    1 :  0.145 0.099 0.170 0.099 0.050 0.137 0.107 0.192 
 25 NS_SS0987    (1)    1 :  0.088 0.160 0.167 0.110 0.046 0.100 0.092 0.236 
 26 NS_SS0717    (4)    1 :  0.063 0.139 0.240 0.109 0.154 0.043 0.121 0.132 
 27 NS_SS0986    (2)    1 :  0.105 0.109 0.140 0.240 0.036 0.141 0.093 0.136 
 28 NS_SS0953    (4)    1 :  0.060 0.066 0.146 0.148 0.190 0.046 0.231 0.113 
 29 NS_SS0907    (3)    1 :  0.070 0.193 0.094 0.176 0.078 0.062 0.256 0.072 
 30 NS_SS0974    (6)    1 :  0.133 0.075 0.149 0.139 0.184 0.070 0.186 0.066 
 31 NS_SS0989    (1)    1 :  0.218 0.120 0.057 0.084 0.166 0.197 0.063 0.095 
 32 NS_SS0991    (2)    1 :  0.082 0.171 0.055 0.276 0.051 0.053 0.138 0.173 
 33 NS_SS0994    (2)    1 :  0.309 0.111 0.078 0.136 0.150 0.081 0.063 0.072 
 34 NS_SS0931    (6)    1 :  0.127 0.145 0.053 0.210 0.044 0.209 0.086 0.125 
 35 NS_SS1000    (5)    1 :  0.077 0.074 0.237 0.084 0.128 0.127 0.188 0.084 
 36 NS_SS0919    (1)    1 :  0.095 0.300 0.059 0.164 0.054 0.144 0.137 0.047 
 37 NS_SS0949    (3)    1 :  0.126 0.176 0.047 0.110 0.204 0.119 0.061 0.157 
 38 NS_SS0960   (10)    1 :  0.180 0.173 0.123 0.096 0.083 0.062 0.172 0.110 
 39 NS_SS0716    (2)    1 :  0.082 0.116 0.441 0.071 0.050 0.060 0.042 0.137 
 40 NS_SS0924    (8)    1 :  0.123 0.182 0.086 0.082 0.111 0.102 0.197 0.116 
 41 NS_SS0935    (1)    1 :  0.169 0.259 0.092 0.117 0.091 0.047 0.092 0.132 
 42 NS_SS0952   (13)    1 :  0.166 0.204 0.084 0.151 0.082 0.087 0.166 0.060 
 43 NS_SS0962   (10)    1 :  0.065 0.127 0.184 0.131 0.096 0.233 0.087 0.077 
 44 NS_SS0973    (5)    1 :  0.078 0.154 0.064 0.121 0.202 0.052 0.210 0.118 
 45 NS_SS0722    (1)    1 :  0.075 0.053 0.262 0.102 0.188 0.081 0.163 0.076 
 46 NS_SS0979   (13)    1 :  0.057 0.130 0.190 0.159 0.071 0.109 0.124 0.159 
 47 NS_SS0993    (2)    1 :  0.054 0.101 0.109 0.136 0.193 0.129 0.164 0.114 
 48 NS_SS0958    (1)    1 :  0.201 0.123 0.174 0.147 0.084 0.093 0.112 0.065 
 49 NS_SS0988    (4)    1 :  0.111 0.186 0.117 0.092 0.048 0.183 0.192 0.071 
 50 NS_SS1003    (2)    1 :  0.050 0.184 0.043 0.041 0.042 0.285 0.115 0.241 
 51 NS_SS0976    (0)    1 :  0.132 0.073 0.052 0.228 0.065 0.257 0.110 0.084 
 52 NS_SS0964   (10)    1 :  0.078 0.090 0.234 0.067 0.191 0.057 0.115 0.167 
 53 NS_SS0939    (4)    1 :  0.059 0.067 0.367 0.073 0.056 0.200 0.035 0.143 
 54 NS_SS0990    (6)    1 :  0.177 0.080 0.190 0.086 0.044 0.261 0.056 0.105 
 55 NS_SS0984    (2)    1 :  0.073 0.103 0.245 0.061 0.139 0.187 0.123 0.068 
 56 NS_SS0980    (9)    1 :  0.100 0.097 0.112 0.064 0.253 0.057 0.249 0.066 
 57 NS_SS0978    (4)    1 :  0.143 0.173 0.118 0.057 0.165 0.085 0.170 0.090 
 58 NS_SS0951   (17)    1 :  0.120 0.135 0.126 0.226 0.051 0.048 0.122 0.172 
 59 NS_SS0913    (3)    1 :  0.113 0.085 0.211 0.082 0.113 0.083 0.100 0.213 
 60 NS_SS1002    (1)    1 :  0.076 0.094 0.118 0.057 0.060 0.290 0.255 0.051 
 61 NS_SS0948    (1)    1 :  0.121 0.119 0.123 0.210 0.064 0.130 0.152 0.080 
 62 NS_SS0916    (4)    1 :  0.180 0.136 0.093 0.062 0.239 0.143 0.061 0.086 
 63 NS_SS0995    (1)    1 :  0.114 0.146 0.169 0.093 0.219 0.082 0.081 0.097 
 64 NS_SS0927    (6)    1 :  0.137 0.260 0.123 0.124 0.162 0.076 0.063 0.054 
 65 NS_SS0992    (5)    1 :  0.207 0.072 0.102 0.042 0.187 0.145 0.167 0.079 
 66 NS_SS0912    (1)    1 :  0.093 0.149 0.118 0.172 0.042 0.122 0.099 0.205 
 67 NS_SS0981    (1)    1 :  0.070 0.161 0.130 0.102 0.046 0.177 0.164 0.150 
 68 NS_SS0729    (5)    2 :  0.215 0.079 0.043 0.154 0.265 0.072 0.116 0.055 
 69 NS_SS0967   (14)    2 :  0.056 0.194 0.092 0.094 0.121 0.132 0.228 0.083 
 70 NS_SS0941    (7)    2 :  0.106 0.099 0.114 0.082 0.218 0.184 0.083 0.114 
 71 NS_SS0768   (12)    2 :  0.086 0.085 0.103 0.121 0.086 0.100 0.141 0.278 
 72 NS_SS0726    (4)    2 :  0.192 0.094 0.037 0.062 0.263 0.174 0.107 0.070 
 73 NS_SS0763    (4)    2 :  0.195 0.193 0.105 0.079 0.145 0.081 0.117 0.085 
 74 NS_SS0730    (6)    2 :  0.076 0.151 0.229 0.083 0.112 0.151 0.087 0.110 
 75 NS_SS0774    (1)    2 :  0.086 0.049 0.231 0.071 0.186 0.141 0.170 0.066 
 76 NS_SS0723    (3)    2 :  0.041 0.143 0.135 0.096 0.159 0.152 0.139 0.136 
 77 NS_SS0940    (9)    2 :  0.134 0.089 0.140 0.152 0.163 0.191 0.052 0.079 
 78 NS_SS0762    (1)    2 :  0.070 0.090 0.271 0.042 0.205 0.069 0.136 0.117 
 79 NS_SS0766   (11)    2 :  0.128 0.140 0.232 0.081 0.175 0.092 0.051 0.102 
 80 NS_SS0724    (1)    2 :  0.060 0.101 0.093 0.156 0.149 0.085 0.164 0.192 
 81 NS_SS0769    (3)    2 :  0.103 0.250 0.163 0.061 0.068 0.104 0.124 0.127 
 82 NS_SS0777    (2)    2 :  0.133 0.174 0.118 0.244 0.045 0.119 0.074 0.094 
 83 NS_SS0734    (6)    2 :  0.156 0.109 0.132 0.115 0.118 0.092 0.061 0.218 
 84 NS_SS0737    (3)    2 :  0.057 0.063 0.210 0.061 0.289 0.161 0.081 0.078 
 85 NS_SS0732    (5)    2 :  0.047 0.138 0.130 0.134 0.123 0.054 0.116 0.259 
 86 NS_SS0728    (5)    2 :  0.104 0.075 0.127 0.119 0.209 0.139 0.063 0.164 
 87 NS_SS0735    (9)    2 :  0.062 0.061 0.106 0.166 0.267 0.051 0.108 0.179 
 88 NS_SS0725    (1)    2 :  0.087 0.050 0.114 0.065 0.190 0.209 0.092 0.193 
 89 NS_SS0788    (2)    2 :  0.091 0.252 0.087 0.072 0.111 0.198 0.086 0.103 
 90 NS_SS0778    (2)    2 :  0.118 0.254 0.072 0.102 0.076 0.178 0.081 0.119 
 91 NS_SS0792    (6)    2 :  0.194 0.122 0.097 0.076 0.131 0.062 0.130 0.188 
 92 NS_SS0943   (11)    2 :  0.179 0.093 0.040 0.098 0.082 0.063 0.229 0.216 
 93 NS_SS0791    (2)    2 :  0.170 0.062 0.099 0.151 0.213 0.132 0.044 0.130 
 94 NS_SS0790    (5)    2 :  0.041 0.063 0.165 0.070 0.099 0.061 0.215 0.286 
 95 NS_SS0731    (6)    2 :  0.060 0.138 0.207 0.130 0.066 0.073 0.080 0.245 
 96 NS_SS0727    (6)    2 :  0.228 0.059 0.124 0.065 0.300 0.054 0.071 0.100 
 97 NS_SS0779   (12)    2 :  0.072 0.167 0.120 0.222 0.112 0.130 0.075 0.102 
 98 NS_SS0776    (3)    2 :  0.122 0.092 0.189 0.137 0.136 0.139 0.067 0.117 
 99 NS_SS0775    (5)    2 :  0.097 0.065 0.338 0.076 0.135 0.104 0.085 0.100 
100 NS_SS0965    (3)    3 :  0.070 0.151 0.083 0.114 0.074 0.140 0.156 0.212 
101 NS_SS0754   (13)    3 :  0.192 0.096 0.065 0.113 0.125 0.087 0.091 0.232 
102 NS_SS0838    (5)    3 :  0.088 0.063 0.157 0.248 0.097 0.189 0.086 0.072 
103 NS_SS0839    (3)    3 :  0.081 0.061 0.223 0.074 0.136 0.155 0.130 0.140 
104 NS_SS0832    (4)    3 :  0.043 0.110 0.149 0.076 0.088 0.103 0.263 0.169 
105 NS_SS0820    (4)    3 :  0.043 0.166 0.086 0.091 0.114 0.158 0.124 0.219 
106 NS_SS0886    (9)    3 :  0.150 0.138 0.104 0.143 0.097 0.126 0.088 0.154 
107 NS_SS0748    (5)    3 :  0.087 0.156 0.112 0.245 0.058 0.113 0.138 0.090 
108 NS_SS0884    (9)    3 :  0.151 0.111 0.101 0.078 0.154 0.111 0.153 0.141 
109 NS_SS0752    (3)    3 :  0.089 0.091 0.156 0.118 0.212 0.115 0.129 0.089 
110 NS_SS0862    (1)    3 :  0.041 0.087 0.079 0.156 0.144 0.066 0.149 0.279 
111 NS_SS0787    (9)    3 :  0.316 0.135 0.109 0.101 0.056 0.088 0.104 0.092 
112 NS_SS0843    (6)    3 :  0.073 0.220 0.085 0.119 0.176 0.054 0.111 0.162 
113 NS_SS0856    (4)    3 :  0.128 0.160 0.181 0.076 0.212 0.084 0.054 0.104 
114 NS_SS0846    (2)    3 :  0.123 0.159 0.060 0.096 0.179 0.104 0.219 0.059 
115 NS_SS0825    (1)    3 :  0.103 0.103 0.057 0.132 0.057 0.254 0.109 0.186 
116 NS_SS0757    (3)    3 :  0.097 0.131 0.098 0.223 0.074 0.096 0.116 0.164 
117 NS_SS0876    (3)    3 :  0.083 0.108 0.109 0.122 0.193 0.076 0.144 0.166 
118 NS_SS0903    (9)    3 :  0.047 0.089 0.113 0.097 0.283 0.077 0.240 0.055 
119 NS_SS0875    (7)    3 :  0.085 0.125 0.237 0.178 0.059 0.152 0.075 0.090 
120 NS_SS0740    (5)    3 :  0.080 0.153 0.107 0.168 0.165 0.066 0.132 0.128 
121 NS_SS0811    (5)    3 :  0.060 0.064 0.327 0.135 0.048 0.073 0.113 0.179 
122 NS_SS0751    (1)    3 :  0.079 0.144 0.198 0.136 0.129 0.186 0.066 0.062 
123 NS_SS0891    (6)    3 :  0.098 0.083 0.155 0.108 0.153 0.210 0.095 0.097 
124 NS_SS0867    (2)    3 :  0.140 0.160 0.038 0.071 0.059 0.082 0.248 0.202 
125 NS_SS0890    (6)    3 :  0.084 0.199 0.158 0.120 0.129 0.099 0.137 0.073 
126 NS_SS0866   (11)    3 :  0.347 0.061 0.067 0.148 0.106 0.097 0.074 0.102 
127 NS_SS0755    (4)    3 :  0.128 0.118 0.118 0.056 0.070 0.093 0.202 0.215 
128 NS_SS0758    (4)    3 :  0.079 0.098 0.093 0.240 0.227 0.095 0.092 0.077 
129 NS_SS0840    (2)    3 :  0.049 0.076 0.160 0.082 0.078 0.214 0.219 0.122 
130 NS_SS0889    (4)    3 :  0.231 0.067 0.081 0.142 0.070 0.081 0.103 0.225 
131 NS_SS1010    (1)    3 :  0.097 0.207 0.177 0.076 0.059 0.119 0.170 0.096 
132 NS_SS0888    (5)    3 :  0.350 0.065 0.088 0.053 0.186 0.041 0.068 0.149 
133 NS_SS0837    (3)    3 :  0.061 0.136 0.119 0.067 0.069 0.055 0.237 0.256 
134 NS_SS0794    (9)    3 :  0.217 0.072 0.150 0.208 0.129 0.051 0.075 0.098 
135 NS_SS0823    (4)    3 :  0.057 0.059 0.119 0.145 0.156 0.112 0.261 0.091 
136 NS_SS0829    (7)    3 :  0.137 0.049 0.077 0.425 0.035 0.062 0.115 0.101 
137 NS_SS0844    (5)    3 :  0.050 0.093 0.059 0.053 0.128 0.042 0.463 0.111 
138 NS_SS1008    (5)    3 :  0.210 0.080 0.211 0.089 0.140 0.062 0.103 0.105 
139 NS_SS0881    (3)    3 :  0.152 0.158 0.133 0.081 0.052 0.247 0.087 0.090 
140 NS_SS0834    (6)    3 :  0.060 0.068 0.122 0.088 0.243 0.211 0.090 0.119 
141 NS_SS0744   (10)    3 :  0.107 0.105 0.064 0.123 0.155 0.149 0.148 0.149 
142 NS_SS0899    (7)    3 :  0.051 0.070 0.227 0.222 0.064 0.072 0.138 0.156 
143 NS_SS0804    (4)    3 :  0.038 0.128 0.115 0.128 0.130 0.125 0.167 0.169 
144 NS_SS0781   (10)    3 :  0.044 0.112 0.164 0.165 0.077 0.186 0.186 0.066 
145 NS_SS0822    (6)    3 :  0.094 0.061 0.062 0.271 0.215 0.063 0.107 0.127 
146 NS_SS1004    (4)    3 :  0.088 0.201 0.084 0.080 0.096 0.087 0.247 0.118 
147 NS_SS0746    (5)    3 :  0.099 0.093 0.096 0.222 0.103 0.101 0.213 0.073 
148 NS_SS0880    (3)    3 :  0.081 0.060 0.109 0.101 0.115 0.185 0.214 0.137 
149 NS_SS0879    (4)    3 :  0.117 0.060 0.104 0.073 0.175 0.094 0.166 0.211 
150 NS_SS0753    (2)    3 :  0.157 0.163 0.098 0.197 0.067 0.059 0.147 0.113 
151 NS_SS1007    (2)    3 :  0.102 0.166 0.185 0.060 0.251 0.129 0.060 0.048 
152 NS_SS0872    (5)    3 :  0.102 0.140 0.186 0.080 0.127 0.111 0.159 0.096 
153 NS_SS1005    (7)    3 :  0.050 0.122 0.133 0.146 0.092 0.137 0.247 0.074 
154 NS_SS0892    (6)    3 :  0.102 0.174 0.152 0.140 0.115 0.102 0.097 0.117 
155 NS_SS0898    (0)    3 :  0.210 0.123 0.095 0.104 0.064 0.127 0.158 0.120 
156 NS_SS0801    (9)    3 :  0.071 0.132 0.116 0.216 0.069 0.074 0.125 0.198 
157 NS_SS0827    (8)    3 :  0.089 0.392 0.177 0.091 0.036 0.056 0.071 0.087 
158 NS_SS0853    (6)    3 :  0.133 0.127 0.295 0.116 0.050 0.046 0.108 0.124 
159 NS_SS0780    (2)    3 :  0.051 0.145 0.106 0.165 0.112 0.186 0.077 0.159 
160 NS_SS0826   (10)    3 :  0.087 0.078 0.040 0.186 0.051 0.224 0.232 0.103 
161 NS_SS0818    (5)    3 :  0.058 0.128 0.161 0.062 0.161 0.161 0.126 0.142 
162 NS_SS0745    (1)    3 :  0.064 0.057 0.351 0.053 0.106 0.145 0.044 0.181 
163 NS_SS0849    (3)    3 :  0.051 0.136 0.098 0.129 0.036 0.122 0.091 0.337 
164 NS_SS0739    (3)    3 :  0.110 0.156 0.138 0.089 0.109 0.184 0.044 0.170 
165 NS_SS0799    (1)    3 :  0.121 0.136 0.135 0.176 0.224 0.038 0.074 0.097 
166 NS_SS0756    (2)    3 :  0.066 0.110 0.111 0.076 0.063 0.146 0.308 0.120 
167 NS_SS0802    (2)    3 :  0.088 0.285 0.085 0.116 0.152 0.128 0.082 0.064 
168 NS_SS0747    (6)    3 :  0.073 0.153 0.098 0.166 0.119 0.115 0.202 0.074 
169 NS_SS0835    (1)    3 :  0.252 0.274 0.064 0.066 0.109 0.067 0.097 0.073 
170 NS_SS0742   (18)    3 :  0.067 0.145 0.096 0.160 0.150 0.132 0.113 0.136 
171 NS_SS0760    (9)    3 :  0.236 0.110 0.127 0.204 0.085 0.074 0.110 0.053 
172 NS_SS0803    (4)    3 :  0.049 0.058 0.060 0.095 0.240 0.047 0.360 0.091 
173 NS_SS0828   (13)    3 :  0.085 0.181 0.131 0.159 0.089 0.104 0.088 0.164 
174 NS_SS0865    (2)    3 :  0.138 0.130 0.059 0.103 0.055 0.120 0.165 0.231 
175 NS_SS0759    (4)    3 :  0.045 0.106 0.182 0.191 0.143 0.094 0.094 0.145 
176 NS_SS0851    (5)    3 :  0.060 0.061 0.119 0.067 0.045 0.150 0.080 0.419 
177 NS_SS0874   (16)    3 :  0.046 0.111 0.117 0.191 0.119 0.074 0.260 0.082 
178 NS_SS0761    (6)    3 :  0.185 0.088 0.057 0.206 0.062 0.127 0.154 0.122 
179 NS_SS0842   (25)    3 :  0.172 0.102 0.201 0.143 0.086 0.078 0.128 0.090 
180 NS_SS0785    (6)    3 :  0.152 0.110 0.101 0.118 0.128 0.070 0.179 0.141 
181 NS_SS0860   (11)    3 :  0.270 0.191 0.067 0.136 0.095 0.060 0.110 0.071 
182 NS_SS0897    (7)    3 :  0.280 0.074 0.100 0.169 0.089 0.068 0.083 0.136 
183 NS_SS0841   (14)    3 :  0.067 0.079 0.231 0.110 0.080 0.090 0.129 0.214 
184 NS_SS0797    (6)    3 :  0.175 0.137 0.078 0.100 0.046 0.147 0.123 0.195 
185 NS_SS0830   (10)    3 :  0.136 0.102 0.102 0.134 0.084 0.121 0.134 0.187 
186 NS_SS1011    (5)    3 :  0.066 0.091 0.053 0.069 0.102 0.242 0.206 0.171 
187 NS_SS0883    (5)    3 :  0.127 0.149 0.179 0.218 0.077 0.046 0.102 0.103 
188 NS_SS0782    (2)    3 :  0.169 0.051 0.152 0.091 0.234 0.073 0.129 0.101 
189 NS_SS0831    (5)    3 :  0.200 0.061 0.090 0.230 0.064 0.078 0.080 0.197 
190 NS_SS0749    (7)    3 :  0.106 0.089 0.117 0.160 0.148 0.118 0.068 0.193 
191 NS_SS0854    (2)    3 :  0.125 0.100 0.074 0.112 0.301 0.059 0.101 0.128 
192 HI_SS0193    (0)    4 :  0.181 0.045 0.055 0.103 0.183 0.161 0.057 0.215 
193 HI_SS0194    (0)    4 :  0.056 0.054 0.098 0.138 0.177 0.320 0.074 0.083 
194 HI_SS0195    (9)    4 :  0.041 0.111 0.146 0.075 0.091 0.230 0.058 0.249 
195 HI_SS0196    (6)    4 :  0.109 0.050 0.203 0.193 0.194 0.085 0.088 0.078 
196 HI_SS0197    (3)    4 :  0.072 0.155 0.079 0.094 0.066 0.407 0.078 0.048 
197 HI_SS0198    (1)    4 :  0.137 0.118 0.102 0.130 0.105 0.102 0.081 0.225 
198 HI_SS0199    (1)    4 :  0.231 0.109 0.114 0.060 0.248 0.059 0.100 0.079 
199 HI_SS0201    (4)    4 :  0.212 0.208 0.043 0.099 0.056 0.063 0.147 0.172 
200 HI_SS0215    (1)    4 :  0.217 0.216 0.071 0.122 0.049 0.075 0.134 0.115 
201 HI_SS0218    (1)    4 :  0.394 0.053 0.107 0.066 0.095 0.064 0.080 0.141 
202 HI_SS0222    (0)    4 :  0.085 0.100 0.143 0.129 0.159 0.154 0.050 0.180 
203 HI_SS0230    (1)    4 :  0.068 0.273 0.174 0.101 0.045 0.164 0.107 0.068 
204 HI_SS0234    (1)    4 :  0.079 0.119 0.058 0.076 0.307 0.160 0.141 0.059 
205 HI_SS0240    (1)    4 :  0.104 0.101 0.142 0.051 0.319 0.109 0.071 0.103 
206 HI_SS0241    (0)    4 :  0.232 0.178 0.078 0.085 0.078 0.126 0.116 0.108 
207 HI_SS0242    (0)    4 :  0.179 0.091 0.078 0.081 0.112 0.106 0.195 0.157 
208 HI_SS0247    (0)    4 :  0.092 0.064 0.097 0.155 0.053 0.203 0.235 0.101 
209 HI_SS0248    (1)    4 :  0.170 0.099 0.127 0.194 0.226 0.040 0.086 0.058 
210 HI_SS0252    (2)    4 :  0.072 0.045 0.115 0.167 0.218 0.098 0.121 0.164 
211 HI_SS0254    (1)    4 :  0.102 0.248 0.073 0.093 0.129 0.159 0.143 0.055 
212 HI_SS0256    (0)    4 :  0.030 0.127 0.138 0.039 0.172 0.089 0.265 0.138 
213 HI_SS0257    (0)    4 :  0.214 0.109 0.041 0.118 0.166 0.117 0.188 0.047 
214 HI_SS0258    (1)    4 :  0.231 0.130 0.107 0.107 0.115 0.080 0.117 0.113 
215 HI_SS0259    (1)    4 :  0.086 0.114 0.085 0.054 0.133 0.304 0.070 0.153 
216 HI_SS0260    (1)    4 :  0.252 0.128 0.203 0.072 0.125 0.064 0.074 0.083 
217 HI_SS0261    (2)    4 :  0.135 0.109 0.066 0.092 0.119 0.239 0.182 0.059 
218 HI_SS0262    (0)    4 :  0.145 0.117 0.127 0.052 0.115 0.081 0.117 0.246 
219 HI_SS0264    (1)    4 :  0.079 0.137 0.256 0.120 0.045 0.159 0.094 0.110 
220 HI_SS0265    (0)    4 :  0.079 0.245 0.070 0.063 0.077 0.149 0.100 0.216 
221 HI_SS0268    (1)    4 :  0.079 0.226 0.216 0.122 0.061 0.191 0.037 0.068 
222 HI_SS0269    (1)    4 :  0.283 0.117 0.037 0.124 0.183 0.092 0.106 0.058 
223 HI_SS0273    (0)    4 :  0.262 0.100 0.074 0.060 0.066 0.081 0.248 0.108 
224 HI_SS0277    (1)    4 :  0.073 0.122 0.061 0.081 0.060 0.339 0.163 0.101 
225 HI_SS0280    (0)    4 :  0.141 0.087 0.172 0.114 0.086 0.113 0.056 0.230 
226 HI_SS0282    (1)    4 :  0.144 0.078 0.063 0.162 0.130 0.074 0.179 0.171 
227 HI_SS0286    (1)    4 :  0.089 0.172 0.060 0.184 0.151 0.102 0.058 0.184 
228 NS_SS1252    (3)    5 :  0.269 0.080 0.067 0.266 0.102 0.049 0.097 0.071 
229 NS_SS1261    (1)    5 :  0.090 0.103 0.157 0.192 0.141 0.143 0.104 0.070 
230 NS_SS1225    (9)    5 :  0.115 0.172 0.059 0.144 0.077 0.089 0.279 0.064 
231 NS_SS1266    (1)    5 :  0.054 0.067 0.105 0.069 0.094 0.077 0.409 0.126 
232 NS_SS1228    (0)    5 :  0.130 0.092 0.190 0.070 0.079 0.113 0.091 0.235 
233 NS_SS1255    (2)    5 :  0.146 0.036 0.219 0.074 0.264 0.068 0.115 0.078 
234 NS_SS1267    (3)    5 :  0.320 0.175 0.069 0.093 0.097 0.083 0.045 0.117 
235 NS_SS1238    (6)    5 :  0.090 0.074 0.106 0.189 0.072 0.278 0.061 0.131 
236 NS_SS1233    (8)    5 :  0.050 0.056 0.182 0.180 0.038 0.113 0.312 0.069 
237 NS_SS1277    (3)    5 :  0.222 0.091 0.102 0.050 0.222 0.106 0.058 0.148 
238 NS_SS1245    (1)    5 :  0.093 0.109 0.085 0.223 0.133 0.139 0.158 0.060 
239 NS_SS1240    (4)    5 :  0.240 0.190 0.063 0.178 0.128 0.100 0.054 0.046 
240 NS_SS1275    (2)    5 :  0.064 0.063 0.081 0.047 0.074 0.322 0.156 0.194 
241 NS_SS1235    (1)    5 :  0.073 0.101 0.064 0.072 0.320 0.128 0.198 0.045 
242 NS_SS1263    (1)    5 :  0.048 0.051 0.196 0.208 0.157 0.083 0.189 0.068 
243 NS_SS1251    (1)    5 :  0.067 0.103 0.128 0.118 0.125 0.106 0.277 0.077 
244 NS_SS1248    (0)    5 :  0.066 0.095 0.122 0.175 0.033 0.145 0.054 0.310 
245 NS_SS1244    (0)    5 :  0.084 0.073 0.039 0.130 0.074 0.318 0.179 0.103 
246 NS_SS1257    (0)    5 :  0.250 0.118 0.087 0.115 0.152 0.068 0.091 0.120 
247 NS_SS1242    (2)    5 :  0.069 0.097 0.253 0.077 0.102 0.099 0.157 0.145 
248 NS_SS1271    (6)    5 :  0.312 0.144 0.056 0.080 0.118 0.103 0.073 0.113 
249 NS_SS1265    (1)    5 :  0.196 0.123 0.093 0.203 0.060 0.132 0.106 0.088 
250 NS_SS1243    (0)    5 :  0.073 0.079 0.181 0.199 0.133 0.055 0.058 0.223 
251 NS_SS1273    (1)    5 :  0.092 0.062 0.330 0.055 0.096 0.119 0.161 0.086 
252 NS_SS1254   (14)    5 :  0.085 0.081 0.205 0.140 0.080 0.062 0.274 0.072 
253 NS_SS1224    (1)    5 :  0.091 0.068 0.121 0.064 0.087 0.078 0.266 0.225 
254 NS_SS1227    (8)    5 :  0.131 0.415 0.106 0.061 0.100 0.083 0.056 0.048 
255 NS_SS1274    (8)    5 :  0.139 0.077 0.122 0.156 0.176 0.127 0.102 0.101 
256 NS_SS1241    (1)    5 :  0.209 0.112 0.072 0.057 0.106 0.088 0.203 0.153 
257 NS_SS1256    (3)    5 :  0.175 0.107 0.081 0.077 0.058 0.154 0.281 0.068 
258 NS_SS1260    (8)    5 :  0.226 0.112 0.096 0.134 0.189 0.064 0.102 0.076 
259 NS_SS1262    (0)    5 :  0.145 0.110 0.070 0.111 0.087 0.101 0.244 0.131 
260 NS_SS1230    (0)    5 :  0.206 0.091 0.169 0.100 0.074 0.092 0.170 0.098 
261 NS_SS1270    (2)    5 :  0.056 0.135 0.057 0.116 0.053 0.102 0.200 0.282 
262 NS_SS1229    (2)    5 :  0.055 0.067 0.063 0.143 0.313 0.206 0.110 0.043 
263 NS_SS1246    (5)    5 :  0.136 0.078 0.048 0.153 0.211 0.256 0.058 0.061 
264 NS_SS1269    (0)    5 :  0.113 0.129 0.160 0.081 0.119 0.100 0.156 0.142 
265 NS_SS1239    (1)    5 :  0.066 0.134 0.079 0.049 0.295 0.055 0.066 0.258 
266 NS_SS1272    (4)    5 :  0.073 0.255 0.059 0.057 0.068 0.280 0.136 0.073 
267 NS_SS1268    (1)    5 :  0.082 0.115 0.108 0.093 0.051 0.045 0.189 0.317 
268 NS_SS1249    (0)    5 :  0.331 0.048 0.072 0.125 0.154 0.076 0.110 0.085 
269 HI_SS0559    (0)    6 :  0.134 0.136 0.137 0.101 0.141 0.052 0.102 0.196 
270 HI_SS0563    (1)    6 :  0.096 0.107 0.089 0.118 0.177 0.145 0.178 0.091 
271 HI_SS0564    (0)    6 :  0.066 0.101 0.065 0.161 0.130 0.229 0.117 0.131 
272 HI_SS0565    (0)    6 :  0.103 0.266 0.094 0.155 0.067 0.144 0.110 0.061 
273 HI_SS0569    (0)    6 :  0.084 0.242 0.052 0.309 0.043 0.067 0.146 0.055 
274 HI_SS0570    (0)    6 :  0.182 0.130 0.085 0.161 0.126 0.133 0.041 0.143 
275 HI_SS0572    (1)    6 :  0.055 0.134 0.153 0.080 0.283 0.094 0.106 0.094 
276 HI_SS0576    (0)    6 :  0.069 0.098 0.200 0.105 0.117 0.162 0.078 0.171 
277 HI_SS0579    (1)    6 :  0.106 0.156 0.050 0.120 0.188 0.048 0.255 0.077 
278 HI_SS0580    (1)    6 :  0.228 0.095 0.191 0.072 0.135 0.070 0.098 0.111 
279 HI_SS0581    (0)    6 :  0.053 0.102 0.101 0.100 0.076 0.245 0.079 0.243 
280 HI_SS0583    (1)    6 :  0.160 0.173 0.165 0.198 0.111 0.069 0.089 0.035 
281 HI_SS0586    (1)    6 :  0.230 0.201 0.152 0.165 0.047 0.062 0.050 0.094 
282 HI_SS0588    (1)    6 :  0.113 0.221 0.092 0.178 0.122 0.045 0.148 0.081 
283 HI_SS0595    (4)    6 :  0.214 0.225 0.093 0.045 0.062 0.202 0.111 0.048 
284 HI_SS0596    (0)    6 :  0.080 0.095 0.269 0.051 0.258 0.059 0.103 0.085 
285 HI_SS0597    (1)    6 :  0.073 0.090 0.169 0.168 0.126 0.199 0.121 0.054 
286 HI_SS0600    (0)    6 :  0.182 0.182 0.063 0.069 0.158 0.121 0.099 0.127 
287 HI_SS0601    (1)    6 :  0.077 0.211 0.057 0.114 0.089 0.113 0.219 0.119 
288 HI_SS0602    (1)    6 :  0.147 0.260 0.183 0.144 0.066 0.045 0.048 0.108 
289 HI_SS0604    (0)    6 :  0.049 0.105 0.072 0.333 0.141 0.071 0.095 0.134 
290 HI_SS0605    (1)    6 :  0.129 0.083 0.068 0.139 0.150 0.069 0.069 0.293 
291 HI_SS0608    (0)    6 :  0.094 0.183 0.245 0.119 0.085 0.137 0.058 0.079 
292 HI_SS0609    (0)    6 :  0.093 0.117 0.154 0.081 0.091 0.103 0.297 0.064 
293 HI_SS0611    (5)    6 :  0.200 0.135 0.123 0.163 0.073 0.048 0.058 0.201 
294 HI_SS0612    (1)    6 :  0.160 0.071 0.057 0.063 0.176 0.063 0.368 0.042 
295 HI_SS0613    (1)    6 :  0.115 0.098 0.144 0.097 0.042 0.052 0.095 0.358 
296 HI_SS0615    (0)    6 :  0.051 0.121 0.189 0.069 0.216 0.151 0.077 0.126 
297 HI_SS0001    (1)    6 :  0.205 0.058 0.102 0.053 0.184 0.200 0.107 0.091 
298 HI_SS0002    (1)    6 :  0.053 0.206 0.135 0.081 0.127 0.081 0.241 0.075 
299 HI_SS0004    (0)    6 :  0.154 0.111 0.144 0.167 0.142 0.109 0.055 0.118 
300 HI_SS0005    (1)    6 :  0.099 0.143 0.168 0.073 0.050 0.136 0.083 0.248 
301 HI_SS0006    (1)    6 :  0.185 0.106 0.060 0.158 0.101 0.105 0.208 0.076 
302 HI_SS0007    (1)    6 :  0.207 0.057 0.072 0.092 0.110 0.058 0.045 0.359 
303 HI_SS0008    (0)    6 :  0.076 0.324 0.099 0.080 0.075 0.104 0.104 0.136 
304 HI_SS0009    (0)    6 :  0.055 0.132 0.161 0.094 0.204 0.060 0.066 0.228 
305 HI_SS0010    (1)    6 :  0.129 0.179 0.161 0.170 0.064 0.093 0.092 0.113 
306 HI_SS0011    (1)    6 :  0.090 0.067 0.102 0.096 0.036 0.215 0.289 0.106 
307 HI_SS0012    (0)    6 :  0.041 0.264 0.118 0.084 0.204 0.104 0.096 0.089 
308 HI_SS0017    (1)    6 :  0.082 0.055 0.137 0.074 0.245 0.205 0.073 0.130 
309 HI_SS0021    (1)    6 :  0.177 0.242 0.177 0.080 0.055 0.112 0.086 0.071 
310 HI_SS0024    (1)    6 :  0.075 0.087 0.173 0.073 0.146 0.223 0.068 0.155 
311 HI_SS0025    (1)    6 :  0.085 0.065 0.237 0.116 0.155 0.085 0.122 0.134 
312 HI_SS0027    (0)    6 :  0.125 0.134 0.096 0.237 0.109 0.054 0.129 0.115 
313 HI_SS0028    (0)    6 :  0.040 0.263 0.227 0.039 0.038 0.162 0.071 0.161 
314 HI_SS0029    (1)    6 :  0.174 0.056 0.324 0.062 0.118 0.160 0.060 0.046 
315 HI_SS0030    (2)    6 :  0.134 0.123 0.057 0.097 0.174 0.110 0.124 0.181 
316 HI_SS0031    (0)    6 :  0.088 0.297 0.089 0.052 0.149 0.109 0.164 0.051 
317 HI_SS0034    (0)    6 :  0.192 0.075 0.057 0.224 0.133 0.087 0.133 0.099 
318 HI_SS0036    (0)    6 :  0.254 0.113 0.069 0.071 0.075 0.251 0.032 0.135 
319 HI_SS0037    (1)    6 :  0.199 0.107 0.188 0.215 0.043 0.051 0.086 0.112 
320 HI_SS0039    (0)    6 :  0.277 0.096 0.152 0.049 0.038 0.098 0.085 0.205 
321 HI_SS0041    (1)    6 :  0.072 0.074 0.136 0.104 0.113 0.166 0.059 0.276 
322 HI_SS0042    (1)    6 :  0.077 0.091 0.179 0.081 0.097 0.237 0.128 0.111 
323 HI_SS0043    (1)    6 :  0.208 0.113 0.043 0.257 0.084 0.171 0.057 0.067 
324 HI_SS0044    (1)    6 :  0.250 0.071 0.267 0.051 0.166 0.084 0.053 0.058 
325 HI_SS0047    (1)    6 :  0.069 0.105 0.090 0.135 0.188 0.092 0.110 0.212 
326 HI_SS0049    (0)    6 :  0.081 0.096 0.186 0.154 0.173 0.092 0.125 0.092 
327 HI_SS0051    (1)    6 :  0.064 0.105 0.055 0.144 0.088 0.047 0.155 0.343 
328 HI_SS0053    (1)    6 :  0.223 0.149 0.050 0.157 0.076 0.191 0.080 0.073 
329 HI_SS0054    (4)    6 :  0.148 0.111 0.044 0.238 0.055 0.101 0.176 0.127 
330 HI_SS0057    (0)    6 :  0.066 0.057 0.110 0.264 0.063 0.195 0.084 0.160 
331 HI_SS0058    (0)    6 :  0.172 0.099 0.149 0.212 0.090 0.055 0.125 0.099 
332 HI_SS0060    (0)    6 :  0.058 0.203 0.060 0.161 0.089 0.170 0.114 0.143 
333 HI_SS0087    (1)    6 :  0.072 0.168 0.062 0.215 0.120 0.148 0.127 0.089 
334 HI_SS0091    (0)    6 :  0.294 0.142 0.042 0.110 0.070 0.177 0.109 0.056 
335 HI_SS0095    (1)    6 :  0.127 0.154 0.064 0.095 0.174 0.133 0.124 0.129 
336 HI_SS0097    (3)    6 :  0.056 0.127 0.061 0.201 0.124 0.060 0.295 0.076 
337 HI_SS0099    (0)    6 :  0.140 0.140 0.359 0.083 0.063 0.079 0.076 0.061 
338 HI_SS0103    (0)    6 :  0.091 0.087 0.106 0.100 0.246 0.128 0.106 0.135 
339 HI_SS0105    (1)    6 :  0.085 0.178 0.064 0.111 0.069 0.197 0.149 0.148 
340 HI_SS0107    (1)    6 :  0.041 0.056 0.105 0.077 0.294 0.204 0.101 0.122 
341 HI_SS0108    (1)    6 :  0.311 0.062 0.051 0.240 0.086 0.081 0.082 0.086 
342 HI_SS0110    (0)    6 :  0.187 0.080 0.079 0.064 0.149 0.265 0.112 0.064 
343 HI_SS0111    (1)    6 :  0.112 0.149 0.083 0.115 0.190 0.165 0.074 0.112 
344 HI_SS0112    (0)    6 :  0.261 0.121 0.078 0.153 0.117 0.140 0.061 0.068 
345 HI_SS0113    (1)    6 :  0.057 0.065 0.233 0.114 0.093 0.218 0.136 0.085 
346 HI_SS0114    (1)    6 :  0.151 0.148 0.085 0.264 0.059 0.081 0.094 0.117 
347 HI_SS0115    (1)    6 :  0.097 0.154 0.177 0.092 0.245 0.036 0.098 0.101 
348 HI_SS0116    (4)    6 :  0.195 0.114 0.223 0.147 0.175 0.057 0.054 0.035 
349 HI_SS0117    (0)    6 :  0.186 0.119 0.059 0.067 0.071 0.199 0.247 0.052 
350 HI_SS0118    (0)    6 :  0.210 0.128 0.128 0.126 0.089 0.096 0.161 0.061 
351 HI_SS0119    (1)    6 :  0.120 0.111 0.047 0.205 0.094 0.179 0.147 0.096 
352 HI_SS0120    (1)    6 :  0.046 0.049 0.088 0.060 0.241 0.337 0.079 0.099 
353 HI_SS0121    (1)    6 :  0.066 0.137 0.124 0.081 0.034 0.247 0.192 0.119 
354 HI_SS0122    (2)    6 :  0.141 0.112 0.107 0.102 0.088 0.181 0.116 0.153 
355 HI_SS0123    (0)    6 :  0.133 0.104 0.110 0.084 0.105 0.185 0.210 0.069 
356 HI_SS0124    (1)    6 :  0.085 0.107 0.274 0.056 0.195 0.084 0.082 0.116 
357 HI_SS0125    (1)    6 :  0.058 0.144 0.197 0.064 0.149 0.182 0.076 0.128 
358 HI_SS0126    (0)    6 :  0.368 0.067 0.168 0.048 0.109 0.080 0.089 0.070 
359 HI_SS0127    (0)    6 :  0.063 0.145 0.100 0.198 0.065 0.075 0.125 0.229 
360 HI_SS0128    (0)    6 :  0.117 0.100 0.120 0.093 0.194 0.178 0.142 0.057 
361 HI_SS0129    (1)    6 :  0.155 0.081 0.081 0.155 0.130 0.179 0.053 0.165 
362 HI_SS0131    (2)    6 :  0.131 0.190 0.110 0.173 0.039 0.080 0.166 0.111 
363 HI_SS0132    (0)    6 :  0.166 0.118 0.133 0.086 0.058 0.205 0.147 0.087 
364 HI_SS0133    (1)    6 :  0.335 0.078 0.057 0.137 0.110 0.135 0.063 0.085 
365 HI_SS0134    (1)    6 :  0.141 0.136 0.100 0.140 0.110 0.093 0.167 0.113 
366 HI_SS0142    (3)    6 :  0.089 0.202 0.063 0.106 0.101 0.124 0.206 0.111 
367 HI_SS0145    (0)    6 :  0.142 0.103 0.095 0.119 0.179 0.067 0.212 0.083 
368 HI_SS0146    (1)    6 :  0.195 0.147 0.085 0.070 0.149 0.043 0.160 0.152 
369 HI_SS0147    (1)    6 :  0.092 0.057 0.089 0.077 0.066 0.082 0.171 0.366 
370 HI_SS0149    (1)    6 :  0.165 0.060 0.075 0.049 0.034 0.360 0.200 0.056 
371 HI_SS0150    (2)    6 :  0.057 0.098 0.152 0.127 0.147 0.170 0.098 0.151 
372 HI_SS0151    (0)    6 :  0.102 0.081 0.064 0.113 0.339 0.048 0.077 0.177 
373 NS_SS1451    (1)    6 :  0.075 0.085 0.205 0.071 0.139 0.168 0.082 0.175 
374 NS_SS1404    (0)    6 :  0.123 0.087 0.153 0.059 0.065 0.100 0.090 0.323 
375 NS_SS1432    (2)    6 :  0.066 0.152 0.212 0.057 0.131 0.263 0.051 0.069 
376 NS_SS1405    (4)    6 :  0.151 0.085 0.304 0.079 0.124 0.071 0.105 0.081 
377 NS_SS1431   (10)    6 :  0.064 0.072 0.167 0.121 0.097 0.301 0.080 0.099 
378 NS_SS1402    (3)    6 :  0.136 0.142 0.088 0.083 0.159 0.151 0.144 0.099 
379 NS_SS1450    (3)    6 :  0.182 0.042 0.069 0.177 0.165 0.162 0.047 0.154 
380 NS_SS1396    (0)    6 :  0.108 0.129 0.189 0.136 0.090 0.130 0.105 0.112 
381 NS_SS1393    (5)    6 :  0.120 0.176 0.123 0.180 0.177 0.057 0.057 0.109 
382 NS_SS1392   (10)    6 :  0.063 0.087 0.156 0.083 0.247 0.134 0.045 0.184 
383 NS_SS1445    (0)    6 :  0.144 0.227 0.065 0.128 0.053 0.162 0.111 0.109 
384 NS_SS1423    (0)    6 :  0.128 0.183 0.068 0.075 0.211 0.180 0.097 0.058 
385 NS_SS1421    (9)    6 :  0.097 0.071 0.069 0.191 0.119 0.256 0.107 0.090 
386 NS_SS1411    (6)    6 :  0.092 0.072 0.098 0.365 0.062 0.054 0.043 0.213 
387 NS_SS1453    (5)    6 :  0.181 0.109 0.086 0.101 0.108 0.252 0.069 0.094 
388 NS_SS1442    (2)    6 :  0.049 0.122 0.122 0.321 0.132 0.063 0.121 0.069 
389 NS_SS1422    (1)    6 :  0.114 0.067 0.069 0.060 0.273 0.111 0.221 0.084 
390 NS_SS1419    (1)    6 :  0.065 0.053 0.152 0.276 0.044 0.090 0.218 0.103 
391 NS_SS1427    (0)    6 :  0.294 0.066 0.067 0.086 0.230 0.168 0.036 0.052 
392 NS_SS1444    (3)    6 :  0.071 0.224 0.181 0.095 0.081 0.059 0.141 0.148 
393 NS_SS1455    (0)    6 :  0.059 0.085 0.264 0.108 0.168 0.096 0.180 0.041 
394 NS_SS1425    (2)    6 :  0.172 0.148 0.049 0.332 0.065 0.068 0.085 0.080 
395 NS_SS1400    (0)    6 :  0.184 0.076 0.163 0.211 0.053 0.065 0.171 0.076 
396 NS_SS1406    (1)    6 :  0.044 0.114 0.147 0.093 0.072 0.213 0.268 0.050 
397 NS_SS1417    (6)    6 :  0.124 0.064 0.107 0.161 0.098 0.143 0.197 0.106 
398 NS_SS1454    (2)    6 :  0.202 0.059 0.151 0.139 0.029 0.237 0.086 0.097 
399 NS_SS1412    (1)    6 :  0.164 0.114 0.137 0.129 0.107 0.084 0.073 0.192 
400 NS_SS1438    (1)    6 :  0.136 0.155 0.042 0.288 0.082 0.056 0.099 0.142 
401 NS_SS1416    (4)    6 :  0.126 0.118 0.169 0.119 0.079 0.140 0.119 0.130 
402 NS_SS1401    (0)    6 :  0.113 0.200 0.101 0.115 0.098 0.190 0.110 0.073 
403 NS_SS1424    (6)    6 :  0.140 0.151 0.052 0.073 0.098 0.186 0.124 0.176 
404 NS_SS1435    (9)    6 :  0.093 0.265 0.142 0.063 0.145 0.124 0.040 0.128 
405 NS_SS1447    (4)    6 :  0.053 0.099 0.113 0.238 0.069 0.100 0.109 0.219 
406 NS_SS1414    (3)    6 :  0.061 0.099 0.237 0.122 0.057 0.100 0.146 0.177 
407 NS_SS1449   (14)    6 :  0.090 0.060 0.055 0.116 0.270 0.217 0.081 0.112 
408 NS_SS1443    (4)    6 :  0.223 0.130 0.050 0.095 0.226 0.066 0.154 0.055 
409 NS_SS1434    (1)    6 :  0.139 0.058 0.121 0.138 0.327 0.060 0.090 0.066 
410 NS_SS1398    (1)    6 :  0.094 0.095 0.244 0.139 0.120 0.166 0.062 0.081 
411 NS_SS1426    (1)    6 :  0.166 0.248 0.055 0.119 0.146 0.092 0.079 0.096 
412 NS_SS1413    (0)    6 :  0.198 0.091 0.111 0.137 0.148 0.098 0.129 0.089 
413 NS_SS1395    (1)    6 :  0.130 0.310 0.042 0.134 0.165 0.089 0.064 0.066 
414 NS_SS1448   (10)    6 :  0.197 0.062 0.111 0.078 0.065 0.187 0.055 0.245 
415 NS_SS1446    (0)    6 :  0.201 0.140 0.052 0.111 0.150 0.126 0.097 0.123 
416 NS_SS1403    (2)    6 :  0.063 0.268 0.119 0.097 0.117 0.219 0.059 0.059 
417 NS_SS1415    (0)    6 :  0.239 0.122 0.127 0.119 0.106 0.083 0.093 0.112 
418 NS_SS1437    (4)    6 :  0.109 0.176 0.121 0.082 0.059 0.251 0.102 0.100 
419 NS_SS1439    (2)    6 :  0.099 0.171 0.087 0.120 0.138 0.061 0.214 0.110 
420 NS_SS1441    (3)    6 :  0.178 0.134 0.155 0.131 0.132 0.086 0.139 0.045 
421 NS_SS1420    (2)    6 :  0.091 0.055 0.136 0.078 0.101 0.069 0.044 0.426 
422 NS_SS1394    (2)    6 :  0.052 0.211 0.216 0.116 0.056 0.124 0.056 0.169 
423 NS_SS1391    (7)    6 :  0.135 0.149 0.138 0.103 0.250 0.100 0.051 0.074 
424 NS_SS1410    (5)    6 :  0.144 0.105 0.128 0.135 0.126 0.202 0.097 0.063 
425 NS_SS1408    (1)    6 :  0.072 0.172 0.056 0.109 0.098 0.223 0.124 0.146 
426 NS_SS1409    (1)    6 :  0.150 0.095 0.167 0.112 0.227 0.093 0.099 0.057 
427 HI_SS0617    (1)    7 :  0.258 0.056 0.091 0.052 0.244 0.068 0.075 0.155 
428 HI_SS0618    (2)    7 :  0.056 0.121 0.232 0.150 0.166 0.107 0.080 0.088 
429 HI_SS0619    (0)    7 :  0.193 0.097 0.288 0.071 0.086 0.081 0.090 0.093 
430 HI_SS0620    (1)    7 :  0.235 0.073 0.046 0.124 0.158 0.041 0.054 0.268 
431 HI_SS0621    (3)    7 :  0.093 0.095 0.130 0.067 0.146 0.165 0.182 0.123 
432 HI_SS0622    (1)    7 :  0.165 0.062 0.118 0.061 0.069 0.114 0.247 0.165 
433 HI_SS0626    (0)    7 :  0.084 0.219 0.127 0.127 0.047 0.109 0.054 0.234 
434 HI_SS0627    (0)    7 :  0.056 0.164 0.103 0.156 0.122 0.242 0.071 0.087 
435 HI_SS0628    (3)    7 :  0.222 0.125 0.119 0.099 0.058 0.225 0.063 0.088 
436 HI_SS0629    (1)    7 :  0.157 0.241 0.127 0.077 0.071 0.107 0.139 0.082 
437 HI_SS0630    (1)    7 :  0.169 0.134 0.133 0.126 0.126 0.065 0.089 0.158 
438 HI_SS0631    (0)    7 :  0.139 0.126 0.096 0.163 0.144 0.106 0.075 0.151 
439 HI_SS0632    (0)    7 :  0.074 0.083 0.088 0.243 0.070 0.155 0.110 0.177 
440 HI_SS0633    (0)    7 :  0.114 0.066 0.288 0.117 0.211 0.055 0.094 0.055 
441 HI_SS0634    (1)    7 :  0.156 0.109 0.082 0.083 0.076 0.195 0.088 0.212 
442 HI_SS0635    (0)    7 :  0.063 0.209 0.204 0.094 0.076 0.087 0.134 0.133 
443 HI_SS0637    (1)    7 :  0.101 0.114 0.045 0.140 0.056 0.112 0.191 0.240 
444 HI_SS0638    (0)    7 :  0.117 0.078 0.138 0.121 0.144 0.144 0.120 0.136 
445 HI_SS0639    (1)    7 :  0.066 0.239 0.130 0.058 0.115 0.085 0.108 0.197 
446 HI_SS0640    (1)    7 :  0.065 0.273 0.087 0.143 0.145 0.059 0.142 0.086 
447 HI_SS0641    (1)    7 :  0.172 0.199 0.170 0.144 0.040 0.048 0.073 0.154 
448 HI_SS0642    (0)    7 :  0.058 0.166 0.087 0.075 0.095 0.346 0.084 0.089 
449 HI_SS0645    (0)    7 :  0.061 0.067 0.327 0.100 0.079 0.057 0.092 0.218 
450 HI_SS0646    (1)    7 :  0.131 0.099 0.075 0.065 0.259 0.105 0.174 0.093 
451 HI_SS0647    (1)    7 :  0.108 0.067 0.129 0.099 0.117 0.246 0.121 0.112 
452 HI_SS0648    (0)    7 :  0.124 0.138 0.124 0.103 0.134 0.093 0.137 0.148 
453 HI_SS0649    (1)    7 :  0.087 0.174 0.179 0.185 0.155 0.067 0.090 0.062 
454 HI_SS0650    (1)    7 :  0.059 0.097 0.122 0.118 0.316 0.116 0.060 0.111 
455 HI_SS0651    (1)    7 :  0.074 0.244 0.158 0.075 0.173 0.057 0.119 0.101 
456 HI_SS0652    (1)    7 :  0.070 0.082 0.145 0.094 0.093 0.084 0.062 0.370 
457 NS_SS1371    (3)    7 :  0.145 0.271 0.085 0.065 0.188 0.104 0.085 0.057 
458 NS_SS1374    (0)    7 :  0.195 0.113 0.075 0.087 0.061 0.213 0.050 0.205 
459 NS_SS1337    (3)    7 :  0.082 0.045 0.058 0.052 0.079 0.225 0.110 0.350 
460 NS_SS1385    (5)    7 :  0.092 0.173 0.126 0.069 0.204 0.080 0.142 0.114 
461 NS_SS1388    (0)    7 :  0.128 0.143 0.338 0.115 0.059 0.101 0.066 0.050 
462 NS_SS1370    (1)    7 :  0.049 0.054 0.069 0.140 0.086 0.085 0.081 0.435 
463 NS_SS1389    (3)    7 :  0.088 0.109 0.357 0.109 0.057 0.136 0.050 0.096 
464 NS_SS1360    (1)    7 :  0.098 0.248 0.105 0.202 0.070 0.066 0.096 0.115 
465 NS_SS1330    (0)    7 :  0.056 0.128 0.169 0.084 0.157 0.057 0.169 0.179 
466 NS_SS1328    (8)    7 :  0.209 0.080 0.067 0.098 0.226 0.165 0.092 0.063 
467 NS_SS1384    (1)    7 :  0.095 0.292 0.043 0.077 0.100 0.105 0.153 0.136 
468 NS_SS1381    (0)    7 :  0.040 0.061 0.156 0.097 0.348 0.081 0.125 0.092 
469 NS_SS1375    (1)    7 :  0.104 0.122 0.273 0.053 0.157 0.138 0.045 0.108 
470 NS_SS1319   (10)    7 :  0.146 0.119 0.116 0.081 0.113 0.186 0.124 0.115 
471 NS_SS1326    (2)    7 :  0.228 0.079 0.200 0.147 0.115 0.119 0.061 0.050 
472 NS_SS1341    (1)    7 :  0.092 0.172 0.043 0.288 0.073 0.176 0.087 0.070 
473 NS_SS1383    (1)    7 :  0.067 0.174 0.041 0.092 0.092 0.335 0.077 0.123 
