

----------------------------------------------------
STRUCTURE by Pritchard, Stephens and Donnelly (2000)
     and Falush, Stephens and Pritchard (2003)
       Code by Pritchard, Falush and Hubisz
             Version 2.3.4 (Jul 2012)
----------------------------------------------------



Command line arguments:   /home/genobiwan/Documents/Programs/Structure/structure -m parameter_job_k6_r1 
Input File:    /media/genobiwan/Storage/Projets/Mackerel_NWA_2021/data_job_k6_r1

Run parameters:
   557 individuals
   3930 loci
   6 populations assumed
   100000 Burn-in period
   200000 Reps


--------------------------------------------
Proportion of membership of each pre-defined
 population in each of the 6 clusters

Given    Inferred Clusters                            Number of
 Pop       1      2      3      4      5      6      Individuals

  1:     0.172  0.186  0.169  0.154  0.157  0.162       67
  2:     0.184  0.149  0.149  0.203  0.134  0.180       32
  3:     0.161  0.183  0.158  0.159  0.155  0.183       92
  4:     0.148  0.149  0.191  0.178  0.173  0.161       36
  5:     0.151  0.192  0.157  0.166  0.174  0.159       41
  6:     0.164  0.158  0.173  0.164  0.177  0.165      158
  7:     0.170  0.162  0.172  0.162  0.165  0.169       79
  8:     0.159  0.180  0.163  0.152  0.180  0.166       52
--------------------------------------------

Allele-freq. divergence among pops (Net nucleotide distance),
computed using point estimates of P.

      1       2       3       4       5       6      
 1      -    0.0047  0.0045  0.0047  0.0060  0.0042  
 2   0.0047     -    0.0038  0.0047  0.0052  0.0038  
 3   0.0045  0.0038     -    0.0047  0.0049  0.0042  
 4   0.0047  0.0047  0.0047     -    0.0055  0.0053  
 5   0.0060  0.0052  0.0049  0.0055     -    0.0052  
 6   0.0042  0.0038  0.0042  0.0053  0.0052     -    

Average distances (expected heterozygosity) between individuals in same cluster:
cluster  1  : 0.3102 
cluster  2  : 0.3106 
cluster  3  : 0.3116 
cluster  4  : 0.3124 
cluster  5  : 0.3086 
cluster  6  : 0.3101 

--------------------------------------------
Estimated Ln Prob of Data   = -2070669.1
Mean value of ln likelihood = -2060616.5
Variance of ln likelihood   = 20105.3
Mean value of alpha         = 1.9103

Mean value of Fst_1         = 0.0557
Mean value of Fst_2         = 0.0466
Mean value of Fst_3         = 0.0464
Mean value of Fst_4         = 0.0546
Mean value of Fst_5         = 0.0562
Mean value of Fst_6         = 0.0481


Inferred ancestry of individuals:
        Label (%Miss) Pop:  Inferred clusters
  1 NS_SS0963    (4)    1 :  0.081 0.217 0.261 0.156 0.088 0.197 
  2 NS_SS0983    (1)    1 :  0.056 0.160 0.143 0.207 0.289 0.146 
  3 NS_SS0719    (8)    1 :  0.120 0.122 0.233 0.159 0.151 0.215 
  4 NS_SS1001    (8)    1 :  0.239 0.199 0.070 0.198 0.111 0.183 
  5 NS_SS0936    (4)    1 :  0.172 0.237 0.206 0.213 0.091 0.081 
  6 NS_SS0955    (5)    1 :  0.056 0.219 0.167 0.157 0.193 0.208 
  7 NS_SS0944    (3)    1 :  0.116 0.272 0.095 0.147 0.192 0.179 
  8 NS_SS0945    (3)    1 :  0.286 0.160 0.131 0.102 0.218 0.103 
  9 NS_SS0922    (2)    1 :  0.208 0.121 0.171 0.224 0.082 0.194 
 10 NS_SS0929    (7)    1 :  0.119 0.217 0.182 0.166 0.204 0.111 
 11 NS_SS0956    (2)    1 :  0.212 0.129 0.095 0.134 0.080 0.350 
 12 NS_SS0906    (3)    1 :  0.120 0.301 0.151 0.117 0.199 0.111 
 13 NS_SS0721    (6)    1 :  0.113 0.091 0.153 0.153 0.123 0.368 
 14 NS_SS0982    (4)    1 :  0.159 0.229 0.194 0.106 0.117 0.195 
 15 NS_SS0923    (5)    1 :  0.234 0.203 0.158 0.152 0.116 0.136 
 16 NS_SS0905    (6)    1 :  0.241 0.220 0.101 0.154 0.151 0.132 
 17 NS_SS0925    (3)    1 :  0.104 0.274 0.111 0.271 0.065 0.175 
 18 NS_SS0947    (5)    1 :  0.167 0.231 0.162 0.212 0.111 0.117 
 19 NS_SS0926    (2)    1 :  0.116 0.137 0.291 0.064 0.300 0.092 
 20 NS_SS0918    (6)    1 :  0.176 0.377 0.127 0.067 0.092 0.162 
 21 NS_SS0966    (4)    1 :  0.159 0.273 0.200 0.144 0.108 0.115 
 22 NS_SS0938    (2)    1 :  0.161 0.113 0.341 0.188 0.085 0.111 
 23 NS_SS0917    (2)    1 :  0.177 0.068 0.201 0.211 0.216 0.127 
 24 NS_SS0957   (11)    1 :  0.228 0.147 0.138 0.096 0.135 0.254 
 25 NS_SS0987    (1)    1 :  0.174 0.156 0.112 0.064 0.147 0.347 
 26 NS_SS0717    (4)    1 :  0.288 0.198 0.068 0.161 0.101 0.184 
 27 NS_SS0986    (2)    1 :  0.186 0.170 0.170 0.052 0.221 0.201 
 28 NS_SS0953    (4)    1 :  0.171 0.304 0.071 0.213 0.094 0.147 
 29 NS_SS0907    (3)    1 :  0.125 0.369 0.135 0.109 0.165 0.097 
 30 NS_SS0974    (6)    1 :  0.189 0.204 0.127 0.232 0.167 0.081 
 31 NS_SS0989    (1)    1 :  0.089 0.065 0.263 0.243 0.242 0.098 
 32 NS_SS0991    (2)    1 :  0.070 0.294 0.083 0.061 0.231 0.261 
 33 NS_SS0994    (2)    1 :  0.132 0.103 0.102 0.167 0.418 0.077 
 34 NS_SS0931    (6)    1 :  0.080 0.196 0.192 0.069 0.271 0.191 
 35 NS_SS1000    (5)    1 :  0.284 0.220 0.152 0.132 0.115 0.097 
 36 NS_SS0919    (1)    1 :  0.099 0.210 0.324 0.101 0.177 0.088 
 37 NS_SS0949    (3)    1 :  0.072 0.090 0.197 0.238 0.236 0.167 
 38 NS_SS0960   (10)    1 :  0.150 0.195 0.133 0.149 0.214 0.159 
 39 NS_SS0716    (2)    1 :  0.475 0.059 0.092 0.059 0.115 0.200 
 40 NS_SS0924    (8)    1 :  0.114 0.234 0.159 0.166 0.171 0.157 
 41 NS_SS0935    (1)    1 :  0.117 0.163 0.081 0.146 0.275 0.219 
 42 NS_SS0952   (13)    1 :  0.119 0.246 0.161 0.123 0.257 0.096 
 43 NS_SS0962   (10)    1 :  0.243 0.118 0.307 0.093 0.107 0.132 
 44 NS_SS0973    (5)    1 :  0.084 0.266 0.116 0.260 0.118 0.157 
 45 NS_SS0722    (1)    1 :  0.318 0.260 0.066 0.191 0.075 0.089 
 46 NS_SS0979   (13)    1 :  0.223 0.187 0.171 0.093 0.098 0.228 
 47 NS_SS0993    (2)    1 :  0.135 0.274 0.132 0.221 0.068 0.169 
 48 NS_SS0958    (1)    1 :  0.211 0.155 0.118 0.124 0.285 0.108 
 49 NS_SS0988    (4)    1 :  0.147 0.202 0.291 0.068 0.186 0.105 
 50 NS_SS1003    (2)    1 :  0.070 0.135 0.388 0.066 0.067 0.274 
 51 NS_SS0976    (0)    1 :  0.081 0.200 0.229 0.106 0.234 0.149 
 52 NS_SS0964   (10)    1 :  0.300 0.122 0.082 0.199 0.080 0.216 
 53 NS_SS0939    (4)    1 :  0.411 0.053 0.127 0.083 0.076 0.249 
 54 NS_SS0990    (6)    1 :  0.256 0.075 0.251 0.060 0.228 0.130 
 55 NS_SS0984    (2)    1 :  0.316 0.157 0.166 0.177 0.076 0.109 
 56 NS_SS0980    (9)    1 :  0.142 0.251 0.103 0.350 0.078 0.076 
 57 NS_SS0978    (4)    1 :  0.186 0.182 0.201 0.203 0.118 0.110 
 58 NS_SS0951   (17)    1 :  0.144 0.228 0.078 0.075 0.218 0.257 
 59 NS_SS0913    (3)    1 :  0.254 0.146 0.108 0.127 0.120 0.246 
 60 NS_SS1002    (1)    1 :  0.141 0.204 0.429 0.088 0.071 0.068 
 61 NS_SS0948    (1)    1 :  0.147 0.275 0.157 0.113 0.169 0.140 
 62 NS_SS0916    (4)    1 :  0.125 0.078 0.176 0.375 0.122 0.124 
 63 NS_SS0995    (1)    1 :  0.190 0.106 0.146 0.328 0.089 0.141 
 64 NS_SS0927    (6)    1 :  0.180 0.094 0.195 0.231 0.214 0.087 
 65 NS_SS0992    (5)    1 :  0.145 0.120 0.209 0.289 0.151 0.087 
 66 NS_SS0912    (1)    1 :  0.150 0.146 0.175 0.053 0.219 0.258 
 67 NS_SS0981    (1)    1 :  0.170 0.240 0.232 0.064 0.103 0.190 
 68 NS_SS0729    (5)    2 :  0.062 0.164 0.105 0.345 0.259 0.064 
 69 NS_SS0967   (14)    2 :  0.128 0.233 0.275 0.155 0.089 0.119 
 70 NS_SS0941    (7)    2 :  0.188 0.113 0.179 0.251 0.110 0.159 
 71 NS_SS0768   (12)    2 :  0.147 0.182 0.156 0.097 0.138 0.279 
 72 NS_SS0726    (4)    2 :  0.066 0.110 0.217 0.358 0.161 0.088 
 73 NS_SS0763    (4)    2 :  0.154 0.170 0.132 0.198 0.230 0.116 
 74 NS_SS0730    (6)    2 :  0.277 0.115 0.195 0.154 0.100 0.159 
 75 NS_SS0774    (1)    2 :  0.282 0.168 0.145 0.251 0.068 0.086 
 76 NS_SS0723    (3)    2 :  0.180 0.186 0.225 0.200 0.056 0.152 
 77 NS_SS0940    (9)    2 :  0.183 0.090 0.174 0.207 0.185 0.161 
 78 NS_SS0762    (1)    2 :  0.324 0.169 0.071 0.244 0.056 0.136 
 79 NS_SS0766   (11)    2 :  0.287 0.076 0.087 0.225 0.164 0.162 
 80 NS_SS0724    (1)    2 :  0.133 0.246 0.101 0.169 0.103 0.247 
 81 NS_SS0769    (3)    2 :  0.217 0.139 0.247 0.100 0.149 0.147 
 82 NS_SS0777    (2)    2 :  0.149 0.191 0.158 0.071 0.252 0.179 
 83 NS_SS0734    (6)    2 :  0.173 0.107 0.128 0.161 0.169 0.262 
 84 NS_SS0737    (3)    2 :  0.277 0.092 0.115 0.328 0.067 0.120 
 85 NS_SS0732    (5)    2 :  0.149 0.185 0.098 0.154 0.073 0.340 
 86 NS_SS0728    (5)    2 :  0.161 0.115 0.113 0.295 0.109 0.207 
 87 NS_SS0735    (9)    2 :  0.153 0.177 0.066 0.287 0.090 0.228 
 88 NS_SS0725    (1)    2 :  0.209 0.115 0.204 0.188 0.092 0.192 
 89 NS_SS0788    (2)    2 :  0.136 0.103 0.346 0.148 0.134 0.133 
 90 NS_SS0778    (2)    2 :  0.108 0.119 0.276 0.132 0.182 0.183 
 91 NS_SS0792    (6)    2 :  0.115 0.165 0.090 0.259 0.131 0.240 
 92 NS_SS0943   (11)    2 :  0.060 0.278 0.091 0.115 0.247 0.209 
 93 NS_SS0791    (2)    2 :  0.127 0.070 0.094 0.328 0.150 0.231 
 94 NS_SS0790    (5)    2 :  0.208 0.269 0.104 0.104 0.051 0.264 
 95 NS_SS0731    (6)    2 :  0.254 0.142 0.112 0.071 0.115 0.306 
 96 NS_SS0727    (6)    2 :  0.175 0.100 0.059 0.365 0.201 0.100 
 97 NS_SS0779   (12)    2 :  0.161 0.177 0.167 0.157 0.151 0.186 
 98 NS_SS0776    (3)    2 :  0.256 0.109 0.156 0.172 0.146 0.161 
 99 NS_SS0775    (5)    2 :  0.395 0.095 0.093 0.195 0.069 0.152 
100 NS_SS0965    (3)    3 :  0.107 0.201 0.186 0.101 0.112 0.293 
101 NS_SS0754   (13)    3 :  0.082 0.106 0.115 0.201 0.212 0.284 
102 NS_SS0838    (5)    3 :  0.217 0.169 0.187 0.148 0.162 0.116 
103 NS_SS0839    (3)    3 :  0.285 0.129 0.166 0.194 0.062 0.164 
104 NS_SS0832    (4)    3 :  0.169 0.312 0.149 0.098 0.059 0.214 
105 NS_SS0820    (4)    3 :  0.125 0.157 0.254 0.139 0.063 0.262 
106 NS_SS0886    (9)    3 :  0.138 0.113 0.173 0.153 0.200 0.222 
107 NS_SS0748    (5)    3 :  0.149 0.267 0.151 0.102 0.188 0.142 
108 NS_SS0884    (9)    3 :  0.143 0.190 0.145 0.220 0.143 0.159 
109 NS_SS0752    (3)    3 :  0.207 0.151 0.161 0.248 0.115 0.118 
110 NS_SS0862    (1)    3 :  0.087 0.182 0.101 0.185 0.066 0.378 
111 NS_SS0787    (9)    3 :  0.125 0.122 0.128 0.086 0.425 0.115 
112 NS_SS0843    (6)    3 :  0.131 0.204 0.129 0.224 0.130 0.183 
113 NS_SS0856    (4)    3 :  0.246 0.059 0.184 0.268 0.130 0.113 
114 NS_SS0846    (2)    3 :  0.088 0.272 0.194 0.201 0.171 0.074 
115 NS_SS0825    (1)    3 :  0.080 0.132 0.326 0.080 0.151 0.231 
116 NS_SS0757    (3)    3 :  0.121 0.210 0.113 0.110 0.196 0.249 
117 NS_SS0876    (3)    3 :  0.156 0.189 0.119 0.220 0.115 0.202 
118 NS_SS0903    (9)    3 :  0.133 0.225 0.140 0.361 0.056 0.085 
119 NS_SS0875    (7)    3 :  0.278 0.121 0.211 0.086 0.149 0.154 
120 NS_SS0740    (5)    3 :  0.144 0.223 0.115 0.200 0.125 0.194 
121 NS_SS0811    (5)    3 :  0.308 0.152 0.080 0.089 0.075 0.296 
122 NS_SS0751    (1)    3 :  0.273 0.095 0.255 0.144 0.124 0.110 
123 NS_SS0891    (6)    3 :  0.214 0.137 0.203 0.175 0.139 0.133 
124 NS_SS0867    (2)    3 :  0.052 0.324 0.164 0.103 0.163 0.194 
125 NS_SS0890    (6)    3 :  0.204 0.205 0.154 0.200 0.130 0.106 
126 NS_SS0866   (11)    3 :  0.108 0.100 0.119 0.175 0.355 0.143 
127 NS_SS0755    (4)    3 :  0.152 0.220 0.150 0.128 0.115 0.235 
128 NS_SS0758    (4)    3 :  0.135 0.169 0.140 0.287 0.133 0.137 
129 NS_SS0840    (2)    3 :  0.199 0.225 0.237 0.116 0.063 0.161 
130 NS_SS0889    (4)    3 :  0.107 0.133 0.108 0.100 0.296 0.255 
131 NS_SS1010    (1)    3 :  0.212 0.156 0.285 0.103 0.135 0.110 
132 NS_SS0888    (5)    3 :  0.122 0.074 0.063 0.324 0.252 0.165 
133 NS_SS0837    (3)    3 :  0.142 0.247 0.112 0.105 0.086 0.308 
134 NS_SS0794    (9)    3 :  0.212 0.104 0.068 0.215 0.261 0.139 
135 NS_SS0823    (4)    3 :  0.150 0.324 0.148 0.184 0.082 0.112 
136 NS_SS0829    (7)    3 :  0.092 0.204 0.076 0.064 0.355 0.209 
137 NS_SS0844    (5)    3 :  0.075 0.488 0.103 0.178 0.048 0.109 
138 NS_SS1008    (5)    3 :  0.246 0.128 0.082 0.174 0.247 0.123 
139 NS_SS0881    (3)    3 :  0.177 0.103 0.301 0.101 0.171 0.148 
140 NS_SS0834    (6)    3 :  0.231 0.135 0.199 0.216 0.092 0.127 
141 NS_SS0744   (10)    3 :  0.087 0.164 0.204 0.230 0.131 0.185 
142 NS_SS0899    (7)    3 :  0.249 0.225 0.090 0.079 0.092 0.263 
143 NS_SS0804    (4)    3 :  0.149 0.218 0.174 0.155 0.057 0.247 
144 NS_SS0781   (10)    3 :  0.207 0.249 0.255 0.106 0.074 0.111 
145 NS_SS0822    (6)    3 :  0.102 0.230 0.072 0.250 0.173 0.174 
146 NS_SS1004    (4)    3 :  0.120 0.303 0.151 0.146 0.110 0.170 
147 NS_SS0746    (5)    3 :  0.120 0.341 0.143 0.122 0.175 0.098 
148 NS_SS0880    (3)    3 :  0.150 0.265 0.174 0.144 0.102 0.166 
149 NS_SS0879    (4)    3 :  0.156 0.191 0.120 0.197 0.124 0.211 
150 NS_SS0753    (2)    3 :  0.116 0.223 0.092 0.124 0.227 0.218 
151 NS_SS1007    (2)    3 :  0.228 0.067 0.208 0.305 0.120 0.072 
152 NS_SS0872    (5)    3 :  0.234 0.186 0.190 0.187 0.088 0.114 
153 NS_SS1005    (7)    3 :  0.177 0.317 0.184 0.110 0.113 0.100 
154 NS_SS0892    (6)    3 :  0.200 0.164 0.151 0.145 0.167 0.172 
155 NS_SS0898    (0)    3 :  0.138 0.197 0.140 0.122 0.218 0.186 
156 NS_SS0801    (9)    3 :  0.154 0.213 0.131 0.087 0.154 0.261 
157 NS_SS0827    (8)    3 :  0.225 0.138 0.158 0.076 0.194 0.209 
158 NS_SS0853    (6)    3 :  0.289 0.133 0.076 0.095 0.195 0.212 
159 NS_SS0780    (2)    3 :  0.152 0.138 0.231 0.157 0.092 0.230 
160 NS_SS0826   (10)    3 :  0.066 0.243 0.344 0.064 0.153 0.130 
161 NS_SS0818    (5)    3 :  0.196 0.148 0.218 0.184 0.068 0.185 
162 NS_SS0745    (1)    3 :  0.437 0.057 0.117 0.092 0.079 0.218 
163 NS_SS0849    (3)    3 :  0.126 0.151 0.172 0.054 0.103 0.394 
164 NS_SS0739    (3)    3 :  0.199 0.069 0.250 0.165 0.118 0.198 
165 NS_SS0799    (1)    3 :  0.160 0.139 0.064 0.323 0.174 0.141 
166 NS_SS0756    (2)    3 :  0.133 0.321 0.235 0.081 0.077 0.153 
167 NS_SS0802    (2)    3 :  0.137 0.122 0.281 0.184 0.193 0.083 
168 NS_SS0747    (6)    3 :  0.139 0.234 0.200 0.169 0.137 0.121 
169 NS_SS0835    (1)    3 :  0.108 0.118 0.199 0.180 0.316 0.078 
170 NS_SS0742   (18)    3 :  0.127 0.183 0.213 0.218 0.085 0.175 
171 NS_SS0760    (9)    3 :  0.166 0.152 0.120 0.121 0.346 0.096 
172 NS_SS0803    (4)    3 :  0.077 0.401 0.060 0.306 0.056 0.101 
173 NS_SS0828   (13)    3 :  0.168 0.147 0.116 0.142 0.148 0.279 
174 NS_SS0865    (2)    3 :  0.078 0.163 0.246 0.104 0.145 0.264 
175 NS_SS0759    (4)    3 :  0.243 0.156 0.141 0.161 0.083 0.215 
176 NS_SS0851    (5)    3 :  0.172 0.105 0.123 0.057 0.091 0.451 
177 NS_SS0874   (16)    3 :  0.155 0.378 0.122 0.134 0.092 0.120 
178 NS_SS0761    (6)    3 :  0.072 0.199 0.146 0.097 0.289 0.196 
179 NS_SS0842   (25)    3 :  0.229 0.175 0.119 0.120 0.233 0.124 
180 NS_SS0785    (6)    3 :  0.125 0.223 0.118 0.193 0.177 0.163 
181 NS_SS0860   (11)    3 :  0.104 0.149 0.163 0.152 0.339 0.093 
182 NS_SS0897    (7)    3 :  0.111 0.097 0.083 0.133 0.382 0.194 
183 NS_SS0841   (14)    3 :  0.286 0.174 0.100 0.103 0.080 0.256 
184 NS_SS0797    (6)    3 :  0.106 0.159 0.156 0.088 0.218 0.273 
185 NS_SS0830   (10)    3 :  0.149 0.147 0.196 0.123 0.155 0.231 
186 NS_SS1011    (5)    3 :  0.083 0.196 0.327 0.122 0.078 0.195 
187 NS_SS0883    (5)    3 :  0.199 0.163 0.091 0.163 0.169 0.215 
188 NS_SS0782    (2)    3 :  0.207 0.132 0.099 0.282 0.163 0.117 
189 NS_SS0831    (5)    3 :  0.111 0.118 0.087 0.114 0.283 0.287 
190 NS_SS0749    (7)    3 :  0.147 0.091 0.128 0.213 0.148 0.273 
191 NS_SS0854    (2)    3 :  0.122 0.120 0.101 0.380 0.130 0.146 
192 HI_SS0193    (0)    4 :  0.111 0.088 0.136 0.218 0.212 0.236 
193 HI_SS0194    (0)    4 :  0.209 0.130 0.236 0.179 0.123 0.123 
194 HI_SS0195    (9)    4 :  0.197 0.079 0.231 0.106 0.065 0.323 
195 HI_SS0196    (6)    4 :  0.259 0.117 0.105 0.245 0.164 0.109 
196 HI_SS0197    (3)    4 :  0.128 0.087 0.526 0.094 0.095 0.069 
197 HI_SS0198    (1)    4 :  0.137 0.106 0.144 0.158 0.177 0.278 
198 HI_SS0199    (1)    4 :  0.152 0.105 0.086 0.385 0.173 0.099 
199 HI_SS0201    (4)    4 :  0.061 0.219 0.113 0.102 0.319 0.186 
200 HI_SS0215    (1)    4 :  0.103 0.180 0.187 0.104 0.288 0.138 
201 HI_SS0218    (1)    4 :  0.137 0.071 0.066 0.229 0.321 0.175 
202 HI_SS0222    (0)    4 :  0.192 0.073 0.203 0.177 0.141 0.214 
203 HI_SS0230    (1)    4 :  0.223 0.176 0.299 0.062 0.123 0.118 
204 HI_SS0234    (1)    4 :  0.092 0.139 0.229 0.361 0.107 0.073 
205 HI_SS0240    (1)    4 :  0.179 0.078 0.110 0.404 0.087 0.142 
206 HI_SS0241    (0)    4 :  0.113 0.176 0.139 0.176 0.240 0.157 
207 HI_SS0242    (0)    4 :  0.100 0.236 0.131 0.172 0.158 0.203 
208 HI_SS0247    (0)    4 :  0.114 0.376 0.168 0.071 0.133 0.139 
209 HI_SS0248    (1)    4 :  0.173 0.186 0.055 0.253 0.260 0.074 
210 HI_SS0252    (2)    4 :  0.159 0.209 0.080 0.253 0.091 0.208 
211 HI_SS0254    (1)    4 :  0.098 0.166 0.301 0.157 0.185 0.093 
212 HI_SS0256    (0)    4 :  0.190 0.225 0.213 0.185 0.034 0.153 
213 HI_SS0257    (0)    4 :  0.061 0.239 0.181 0.213 0.245 0.061 
214 HI_SS0258    (1)    4 :  0.137 0.159 0.097 0.152 0.287 0.168 
215 HI_SS0259    (1)    4 :  0.161 0.091 0.307 0.165 0.099 0.177 
216 HI_SS0260    (1)    4 :  0.251 0.109 0.092 0.198 0.260 0.090 
217 HI_SS0261    (2)    4 :  0.111 0.223 0.262 0.137 0.179 0.090 
218 HI_SS0262    (0)    4 :  0.169 0.104 0.163 0.200 0.098 0.266 
219 HI_SS0264    (1)    4 :  0.294 0.137 0.243 0.054 0.135 0.137 
220 HI_SS0265    (0)    4 :  0.119 0.124 0.285 0.108 0.113 0.251 
221 HI_SS0268    (1)    4 :  0.273 0.056 0.251 0.088 0.196 0.135 
222 HI_SS0269    (1)    4 :  0.053 0.120 0.203 0.269 0.288 0.066 
223 HI_SS0273    (0)    4 :  0.098 0.217 0.185 0.123 0.240 0.136 
224 HI_SS0277    (1)    4 :  0.078 0.148 0.456 0.107 0.081 0.130 
225 HI_SS0280    (0)    4 :  0.215 0.070 0.136 0.140 0.141 0.298 
226 HI_SS0282    (1)    4 :  0.091 0.242 0.106 0.166 0.193 0.202 
227 HI_SS0286    (1)    4 :  0.083 0.106 0.155 0.207 0.177 0.271 
228 NS_SS1252    (3)    5 :  0.099 0.151 0.074 0.179 0.370 0.127 
229 NS_SS1261    (1)    5 :  0.172 0.163 0.203 0.186 0.158 0.118 
230 NS_SS1225    (9)    5 :  0.088 0.355 0.139 0.114 0.208 0.096 
231 NS_SS1266    (1)    5 :  0.122 0.446 0.115 0.128 0.059 0.129 
232 NS_SS1228    (0)    5 :  0.188 0.099 0.136 0.156 0.094 0.328 
233 NS_SS1255    (2)    5 :  0.308 0.127 0.093 0.260 0.134 0.078 
234 NS_SS1267    (3)    5 :  0.097 0.066 0.124 0.164 0.392 0.157 
235 NS_SS1238    (6)    5 :  0.165 0.099 0.255 0.090 0.187 0.204 
236 NS_SS1233    (8)    5 :  0.204 0.426 0.096 0.047 0.103 0.124 
237 NS_SS1277    (3)    5 :  0.167 0.075 0.104 0.281 0.219 0.153 
238 NS_SS1245    (1)    5 :  0.128 0.305 0.139 0.139 0.199 0.090 
239 NS_SS1240    (4)    5 :  0.097 0.092 0.178 0.172 0.387 0.074 
240 NS_SS1275    (2)    5 :  0.120 0.145 0.337 0.122 0.052 0.223 
241 NS_SS1235    (1)    5 :  0.118 0.224 0.169 0.332 0.102 0.056 
242 NS_SS1263    (1)    5 :  0.243 0.316 0.100 0.151 0.086 0.104 
243 NS_SS1251    (1)    5 :  0.142 0.346 0.182 0.127 0.098 0.104 
244 NS_SS1248    (0)    5 :  0.137 0.084 0.105 0.047 0.175 0.452 
245 NS_SS1244    (0)    5 :  0.052 0.209 0.327 0.135 0.111 0.166 
246 NS_SS1257    (0)    5 :  0.125 0.131 0.109 0.211 0.260 0.164 
247 NS_SS1242    (2)    5 :  0.307 0.185 0.148 0.099 0.104 0.156 
248 NS_SS1271    (6)    5 :  0.074 0.086 0.113 0.223 0.348 0.157 
249 NS_SS1265    (1)    5 :  0.135 0.170 0.176 0.073 0.329 0.116 
250 NS_SS1243    (0)    5 :  0.223 0.115 0.076 0.157 0.118 0.312 
251 NS_SS1273    (1)    5 :  0.394 0.161 0.128 0.121 0.080 0.115 
252 NS_SS1254   (14)    5 :  0.229 0.376 0.091 0.110 0.094 0.101 
253 NS_SS1224    (1)    5 :  0.151 0.266 0.123 0.132 0.081 0.248 
254 NS_SS1227    (8)    5 :  0.171 0.111 0.224 0.181 0.237 0.076 
255 NS_SS1274    (8)    5 :  0.164 0.142 0.117 0.220 0.204 0.152 
256 NS_SS1241    (1)    5 :  0.107 0.228 0.129 0.174 0.191 0.170 
257 NS_SS1256    (3)    5 :  0.125 0.316 0.203 0.083 0.198 0.074 
258 NS_SS1260    (8)    5 :  0.130 0.125 0.099 0.284 0.257 0.106 
259 NS_SS1262    (0)    5 :  0.082 0.247 0.167 0.152 0.170 0.182 
260 NS_SS1230    (0)    5 :  0.220 0.171 0.142 0.105 0.220 0.142 
261 NS_SS1270    (2)    5 :  0.083 0.292 0.149 0.065 0.099 0.312 
262 NS_SS1229    (2)    5 :  0.115 0.131 0.270 0.357 0.071 0.056 
263 NS_SS1246    (5)    5 :  0.078 0.083 0.237 0.265 0.229 0.108 
264 NS_SS1269    (0)    5 :  0.200 0.173 0.146 0.172 0.119 0.190 
265 NS_SS1239    (1)    5 :  0.109 0.087 0.089 0.360 0.068 0.287 
266 NS_SS1272    (4)    5 :  0.087 0.151 0.476 0.084 0.110 0.091 
267 NS_SS1268    (1)    5 :  0.134 0.287 0.074 0.072 0.097 0.336 
268 NS_SS1249    (0)    5 :  0.101 0.122 0.071 0.290 0.319 0.097 
269 HI_SS0559    (0)    6 :  0.172 0.167 0.065 0.167 0.169 0.261 
270 HI_SS0563    (1)    6 :  0.110 0.198 0.187 0.226 0.133 0.146 
271 HI_SS0564    (0)    6 :  0.105 0.179 0.226 0.158 0.120 0.211 
272 HI_SS0565    (0)    6 :  0.132 0.182 0.277 0.093 0.216 0.100 
273 HI_SS0569    (0)    6 :  0.074 0.344 0.137 0.061 0.271 0.112 
274 HI_SS0570    (0)    6 :  0.124 0.069 0.164 0.169 0.305 0.169 
275 HI_SS0572    (1)    6 :  0.221 0.160 0.138 0.311 0.079 0.091 
276 HI_SS0576    (0)    6 :  0.232 0.107 0.163 0.133 0.090 0.274 
277 HI_SS0579    (1)    6 :  0.069 0.383 0.076 0.205 0.175 0.092 
278 HI_SS0580    (1)    6 :  0.247 0.116 0.080 0.210 0.217 0.130 
279 HI_SS0581    (0)    6 :  0.131 0.086 0.331 0.103 0.073 0.276 
280 HI_SS0583    (1)    6 :  0.203 0.182 0.114 0.148 0.294 0.059 
281 HI_SS0586    (1)    6 :  0.182 0.085 0.116 0.068 0.396 0.153 
282 HI_SS0588    (1)    6 :  0.129 0.232 0.092 0.184 0.223 0.139 
283 HI_SS0595    (4)    6 :  0.152 0.116 0.336 0.124 0.208 0.064 
284 HI_SS0596    (0)    6 :  0.330 0.155 0.073 0.284 0.071 0.087 
285 HI_SS0597    (1)    6 :  0.245 0.179 0.238 0.148 0.109 0.081 
286 HI_SS0600    (0)    6 :  0.084 0.106 0.240 0.278 0.143 0.148 
287 HI_SS0601    (1)    6 :  0.067 0.264 0.210 0.131 0.147 0.181 
288 HI_SS0602    (1)    6 :  0.238 0.094 0.089 0.101 0.271 0.208 
289 HI_SS0604    (0)    6 :  0.124 0.257 0.088 0.138 0.153 0.240 
290 HI_SS0605    (1)    6 :  0.084 0.107 0.080 0.208 0.179 0.342 
291 HI_SS0608    (0)    6 :  0.304 0.111 0.133 0.128 0.166 0.158 
292 HI_SS0609    (0)    6 :  0.194 0.332 0.188 0.116 0.096 0.073 
293 HI_SS0611    (5)    6 :  0.153 0.090 0.079 0.118 0.288 0.273 
294 HI_SS0612    (1)    6 :  0.083 0.380 0.098 0.270 0.120 0.049 
295 HI_SS0613    (1)    6 :  0.168 0.149 0.085 0.075 0.146 0.376 
296 HI_SS0615    (0)    6 :  0.223 0.086 0.172 0.257 0.060 0.202 
297 HI_SS0001    (1)    6 :  0.192 0.102 0.187 0.239 0.181 0.100 
298 HI_SS0002    (1)    6 :  0.192 0.270 0.209 0.140 0.081 0.109 
299 HI_SS0004    (0)    6 :  0.203 0.084 0.100 0.166 0.277 0.170 
300 HI_SS0005    (1)    6 :  0.187 0.087 0.167 0.081 0.125 0.353 
301 HI_SS0006    (1)    6 :  0.088 0.231 0.206 0.137 0.242 0.096 
302 HI_SS0007    (1)    6 :  0.107 0.074 0.059 0.155 0.218 0.387 
303 HI_SS0008    (0)    6 :  0.140 0.160 0.269 0.116 0.135 0.179 
304 HI_SS0009    (0)    6 :  0.213 0.131 0.061 0.238 0.084 0.273 
305 HI_SS0010    (1)    6 :  0.193 0.148 0.167 0.105 0.191 0.197 
306 HI_SS0011    (1)    6 :  0.122 0.338 0.230 0.047 0.107 0.156 
307 HI_SS0012    (0)    6 :  0.149 0.111 0.272 0.273 0.058 0.137 
308 HI_SS0017    (1)    6 :  0.235 0.126 0.144 0.240 0.099 0.155 
309 HI_SS0021    (1)    6 :  0.206 0.113 0.228 0.074 0.284 0.095 
310 HI_SS0024    (1)    6 :  0.218 0.074 0.250 0.175 0.087 0.195 
311 HI_SS0025    (1)    6 :  0.294 0.175 0.085 0.181 0.101 0.163 
312 HI_SS0027    (0)    6 :  0.117 0.227 0.071 0.144 0.233 0.209 
313 HI_SS0028    (0)    6 :  0.287 0.088 0.300 0.052 0.064 0.210 
314 HI_SS0029    (1)    6 :  0.350 0.062 0.161 0.166 0.179 0.082 
315 HI_SS0030    (2)    6 :  0.091 0.147 0.151 0.239 0.159 0.213 
316 HI_SS0031    (0)    6 :  0.144 0.181 0.245 0.255 0.096 0.079 
317 HI_SS0034    (0)    6 :  0.086 0.233 0.084 0.197 0.271 0.130 
318 HI_SS0036    (0)    6 :  0.105 0.042 0.232 0.102 0.306 0.213 
319 HI_SS0037    (1)    6 :  0.213 0.130 0.077 0.068 0.344 0.168 
320 HI_SS0039    (0)    6 :  0.183 0.087 0.143 0.083 0.236 0.268 
321 HI_SS0041    (1)    6 :  0.187 0.080 0.145 0.149 0.093 0.345 
322 HI_SS0042    (1)    6 :  0.239 0.163 0.245 0.120 0.089 0.144 
323 HI_SS0043    (1)    6 :  0.062 0.087 0.215 0.129 0.360 0.146 
324 HI_SS0044    (1)    6 :  0.321 0.064 0.088 0.238 0.214 0.075 
325 HI_SS0047    (1)    6 :  0.146 0.184 0.146 0.204 0.092 0.228 
326 HI_SS0049    (0)    6 :  0.281 0.216 0.088 0.169 0.131 0.116 
327 HI_SS0051    (1)    6 :  0.081 0.221 0.096 0.120 0.122 0.361 
328 HI_SS0053    (1)    6 :  0.073 0.136 0.239 0.147 0.285 0.120 
329 HI_SS0054    (4)    6 :  0.059 0.270 0.109 0.079 0.290 0.193 
330 HI_SS0057    (0)    6 :  0.157 0.148 0.200 0.084 0.137 0.273 
331 HI_SS0058    (0)    6 :  0.197 0.186 0.084 0.118 0.289 0.126 
332 HI_SS0060    (0)    6 :  0.085 0.156 0.222 0.132 0.132 0.274 
333 HI_SS0087    (1)    6 :  0.098 0.206 0.249 0.140 0.187 0.120 
334 HI_SS0091    (0)    6 :  0.066 0.125 0.268 0.139 0.328 0.074 
335 HI_SS0095    (1)    6 :  0.089 0.148 0.203 0.248 0.149 0.163 
336 HI_SS0097    (3)    6 :  0.082 0.420 0.117 0.179 0.094 0.108 
337 HI_SS0099    (0)    6 :  0.426 0.104 0.109 0.094 0.154 0.113 
338 HI_SS0103    (0)    6 :  0.156 0.128 0.207 0.262 0.124 0.123 
339 HI_SS0105    (1)    6 :  0.090 0.182 0.313 0.098 0.141 0.176 
340 HI_SS0107    (1)    6 :  0.183 0.159 0.186 0.283 0.064 0.126 
341 HI_SS0108    (1)    6 :  0.073 0.125 0.117 0.146 0.413 0.127 
342 HI_SS0110    (0)    6 :  0.106 0.095 0.364 0.215 0.143 0.076 
343 HI_SS0111    (1)    6 :  0.109 0.092 0.249 0.244 0.134 0.172 
344 HI_SS0112    (0)    6 :  0.111 0.091 0.137 0.155 0.392 0.114 
345 HI_SS0113    (1)    6 :  0.293 0.155 0.227 0.115 0.091 0.118 
346 HI_SS0114    (1)    6 :  0.108 0.173 0.115 0.099 0.260 0.244 
347 HI_SS0115    (1)    6 :  0.221 0.150 0.052 0.307 0.133 0.137 
348 HI_SS0116    (4)    6 :  0.258 0.093 0.096 0.216 0.284 0.053 
349 HI_SS0117    (0)    6 :  0.086 0.247 0.291 0.097 0.214 0.064 
350 HI_SS0118    (0)    6 :  0.170 0.188 0.179 0.132 0.245 0.086 
351 HI_SS0119    (1)    6 :  0.064 0.131 0.315 0.155 0.186 0.148 
352 HI_SS0120    (1)    6 :  0.195 0.108 0.304 0.231 0.065 0.096 
353 HI_SS0121    (1)    6 :  0.147 0.155 0.408 0.048 0.076 0.166 
354 HI_SS0122    (2)    6 :  0.142 0.120 0.243 0.141 0.159 0.194 
355 HI_SS0123    (0)    6 :  0.149 0.218 0.255 0.137 0.157 0.083 
356 HI_SS0124    (1)    6 :  0.339 0.107 0.096 0.220 0.073 0.165 
357 HI_SS0125    (1)    6 :  0.242 0.108 0.184 0.218 0.062 0.186 
358 HI_SS0126    (0)    6 :  0.222 0.096 0.110 0.168 0.322 0.082 
359 HI_SS0127    (0)    6 :  0.120 0.214 0.095 0.087 0.128 0.357 
360 HI_SS0128    (0)    6 :  0.173 0.198 0.179 0.242 0.123 0.085 
361 HI_SS0129    (1)    6 :  0.126 0.096 0.153 0.181 0.247 0.197 
362 HI_SS0131    (2)    6 :  0.131 0.219 0.109 0.065 0.250 0.226 
363 HI_SS0132    (0)    6 :  0.157 0.179 0.289 0.121 0.132 0.122 
364 HI_SS0133    (1)    6 :  0.092 0.082 0.115 0.158 0.406 0.147 
365 HI_SS0134    (1)    6 :  0.151 0.216 0.160 0.156 0.179 0.137 
366 HI_SS0142    (3)    6 :  0.084 0.220 0.228 0.184 0.110 0.175 
367 HI_SS0145    (0)    6 :  0.125 0.274 0.101 0.209 0.188 0.103 
368 HI_SS0146    (1)    6 :  0.106 0.243 0.077 0.201 0.199 0.174 
369 HI_SS0147    (1)    6 :  0.115 0.194 0.139 0.090 0.094 0.368 
370 HI_SS0149    (1)    6 :  0.114 0.166 0.419 0.058 0.158 0.084 
371 HI_SS0150    (2)    6 :  0.193 0.162 0.155 0.172 0.085 0.232 
372 HI_SS0151    (0)    6 :  0.097 0.111 0.061 0.388 0.128 0.215 
373 NS_SS1451    (1)    6 :  0.241 0.092 0.157 0.215 0.063 0.232 
374 NS_SS1404    (0)    6 :  0.191 0.108 0.151 0.096 0.128 0.327 
375 NS_SS1432    (2)    6 :  0.270 0.054 0.353 0.143 0.070 0.110 
376 NS_SS1405    (4)    6 :  0.352 0.110 0.113 0.162 0.170 0.093 
377 NS_SS1431   (10)    6 :  0.236 0.125 0.327 0.119 0.076 0.116 
378 NS_SS1402    (3)    6 :  0.119 0.158 0.237 0.225 0.151 0.110 
379 NS_SS1450    (3)    6 :  0.137 0.087 0.109 0.232 0.229 0.207 
380 NS_SS1396    (0)    6 :  0.223 0.154 0.173 0.131 0.151 0.167 
381 NS_SS1393    (5)    6 :  0.173 0.108 0.126 0.255 0.171 0.167 
382 NS_SS1392   (10)    6 :  0.231 0.065 0.108 0.290 0.093 0.213 
383 NS_SS1445    (0)    6 :  0.094 0.228 0.180 0.072 0.272 0.153 
384 NS_SS1423    (0)    6 :  0.109 0.110 0.293 0.253 0.161 0.073 
385 NS_SS1421    (9)    6 :  0.111 0.152 0.236 0.162 0.179 0.160 
386 NS_SS1411    (6)    6 :  0.133 0.088 0.070 0.081 0.296 0.332 
387 NS_SS1453    (5)    6 :  0.120 0.086 0.292 0.149 0.224 0.129 
388 NS_SS1442    (2)    6 :  0.159 0.299 0.109 0.142 0.167 0.124 
389 NS_SS1422    (1)    6 :  0.089 0.265 0.136 0.337 0.087 0.086 
390 NS_SS1419    (1)    6 :  0.146 0.370 0.079 0.070 0.127 0.208 
391 NS_SS1427    (0)    6 :  0.106 0.057 0.109 0.337 0.306 0.085 
392 NS_SS1444    (3)    6 :  0.238 0.228 0.091 0.103 0.110 0.229 
393 NS_SS1455    (0)    6 :  0.300 0.243 0.155 0.162 0.079 0.061 
394 NS_SS1425    (2)    6 :  0.077 0.178 0.125 0.105 0.372 0.143 
395 NS_SS1400    (0)    6 :  0.169 0.224 0.089 0.064 0.330 0.124 
396 NS_SS1406    (1)    6 :  0.177 0.313 0.288 0.087 0.060 0.075 
397 NS_SS1417    (6)    6 :  0.149 0.196 0.186 0.113 0.208 0.148 
398 NS_SS1454    (2)    6 :  0.174 0.103 0.276 0.046 0.274 0.126 
399 NS_SS1412    (1)    6 :  0.182 0.109 0.148 0.141 0.215 0.205 
400 NS_SS1438    (1)    6 :  0.056 0.205 0.105 0.130 0.300 0.205 
401 NS_SS1416    (4)    6 :  0.211 0.153 0.209 0.111 0.174 0.142 
402 NS_SS1401    (0)    6 :  0.140 0.161 0.288 0.154 0.160 0.097 
403 NS_SS1424    (6)    6 :  0.083 0.121 0.300 0.147 0.168 0.181 
404 NS_SS1435    (9)    6 :  0.248 0.073 0.179 0.181 0.141 0.178 
405 NS_SS1447    (4)    6 :  0.155 0.246 0.139 0.086 0.106 0.268 
406 NS_SS1414    (3)    6 :  0.272 0.225 0.095 0.063 0.121 0.225 
407 NS_SS1449   (14)    6 :  0.080 0.091 0.226 0.373 0.080 0.151 
408 NS_SS1443    (4)    6 :  0.083 0.203 0.109 0.309 0.221 0.075 
409 NS_SS1434    (1)    6 :  0.199 0.121 0.088 0.393 0.126 0.073 
410 NS_SS1398    (1)    6 :  0.318 0.111 0.156 0.143 0.131 0.141 
411 NS_SS1426    (1)    6 :  0.081 0.111 0.152 0.176 0.338 0.143 
412 NS_SS1413    (0)    6 :  0.176 0.182 0.112 0.143 0.280 0.107 
413 NS_SS1395    (1)    6 :  0.077 0.139 0.219 0.230 0.231 0.104 
414 NS_SS1448   (10)    6 :  0.170 0.086 0.100 0.096 0.205 0.343 
415 NS_SS1446    (0)    6 :  0.079 0.128 0.197 0.222 0.219 0.156 
416 NS_SS1403    (2)    6 :  0.170 0.089 0.377 0.144 0.109 0.111 
417 NS_SS1415    (0)    6 :  0.157 0.136 0.118 0.144 0.269 0.176 
418 NS_SS1437    (4)    6 :  0.174 0.141 0.317 0.083 0.139 0.146 
419 NS_SS1439    (2)    6 :  0.119 0.259 0.152 0.204 0.143 0.122 
420 NS_SS1441    (3)    6 :  0.219 0.183 0.115 0.190 0.223 0.070 
421 NS_SS1420    (2)    6 :  0.133 0.080 0.056 0.157 0.071 0.503 
422 NS_SS1394    (2)    6 :  0.272 0.103 0.181 0.080 0.101 0.263 
423 NS_SS1391    (7)    6 :  0.225 0.079 0.144 0.243 0.231 0.078 
424 NS_SS1410    (5)    6 :  0.164 0.123 0.228 0.182 0.198 0.105 
425 NS_SS1408    (1)    6 :  0.093 0.194 0.254 0.138 0.110 0.211 
426 NS_SS1409    (1)    6 :  0.224 0.126 0.126 0.262 0.196 0.066 
427 HI_SS0617    (1)    7 :  0.144 0.086 0.106 0.332 0.192 0.140 
428 HI_SS0618    (2)    7 :  0.259 0.135 0.112 0.211 0.104 0.178 
429 HI_SS0619    (0)    7 :  0.359 0.094 0.109 0.135 0.181 0.123 
430 HI_SS0620    (1)    7 :  0.063 0.078 0.047 0.236 0.283 0.294 
431 HI_SS0621    (3)    7 :  0.165 0.183 0.182 0.203 0.106 0.162 
432 HI_SS0622    (1)    7 :  0.154 0.275 0.106 0.110 0.148 0.207 
433 HI_SS0626    (0)    7 :  0.160 0.091 0.171 0.071 0.153 0.354 
434 HI_SS0627    (0)    7 :  0.157 0.099 0.396 0.133 0.092 0.123 
435 HI_SS0628    (3)    7 :  0.184 0.087 0.216 0.090 0.290 0.133 
436 HI_SS0629    (1)    7 :  0.157 0.164 0.230 0.126 0.185 0.138 
437 HI_SS0630    (1)    7 :  0.183 0.133 0.083 0.174 0.207 0.221 
438 HI_SS0631    (0)    7 :  0.122 0.108 0.127 0.205 0.192 0.246 
439 HI_SS0632    (0)    7 :  0.120 0.226 0.122 0.087 0.160 0.284 
440 HI_SS0633    (0)    7 :  0.341 0.135 0.072 0.250 0.131 0.070 
441 HI_SS0634    (1)    7 :  0.118 0.100 0.259 0.116 0.157 0.250 
442 HI_SS0635    (0)    7 :  0.247 0.196 0.158 0.099 0.107 0.192 
443 HI_SS0637    (1)    7 :  0.064 0.250 0.174 0.085 0.152 0.274 
444 HI_SS0638    (0)    7 :  0.192 0.144 0.155 0.151 0.178 0.179 
445 HI_SS0639    (1)    7 :  0.162 0.174 0.147 0.188 0.077 0.252 
446 HI_SS0640    (1)    7 :  0.135 0.328 0.111 0.146 0.133 0.146 
447 HI_SS0641    (1)    7 :  0.208 0.110 0.092 0.077 0.265 0.248 
448 HI_SS0642    (0)    7 :  0.125 0.100 0.449 0.144 0.069 0.113 
449 HI_SS0645    (0)    7 :  0.336 0.123 0.071 0.106 0.070 0.294 
450 HI_SS0646    (1)    7 :  0.136 0.161 0.165 0.323 0.116 0.099 
451 HI_SS0647    (1)    7 :  0.222 0.148 0.208 0.131 0.140 0.150 
452 HI_SS0648    (0)    7 :  0.172 0.194 0.145 0.150 0.160 0.180 
453 HI_SS0649    (1)    7 :  0.230 0.180 0.126 0.210 0.149 0.104 
454 HI_SS0650    (1)    7 :  0.209 0.093 0.155 0.336 0.078 0.128 
455 HI_SS0651    (1)    7 :  0.210 0.169 0.122 0.222 0.136 0.142 
456 HI_SS0652    (1)    7 :  0.192 0.107 0.080 0.114 0.084 0.423 
457 NS_SS1371    (3)    7 :  0.131 0.100 0.255 0.294 0.152 0.068 
458 NS_SS1374    (0)    7 :  0.107 0.065 0.257 0.091 0.256 0.225 
459 NS_SS1337    (3)    7 :  0.099 0.100 0.245 0.127 0.075 0.354 
460 NS_SS1385    (5)    7 :  0.182 0.190 0.159 0.242 0.114 0.114 
461 NS_SS1388    (0)    7 :  0.387 0.097 0.138 0.081 0.213 0.084 
462 NS_SS1370    (1)    7 :  0.076 0.092 0.105 0.130 0.059 0.538 
463 NS_SS1389    (3)    7 :  0.403 0.088 0.141 0.075 0.151 0.142 
464 NS_SS1360    (1)    7 :  0.139 0.194 0.126 0.101 0.215 0.225 
465 NS_SS1330    (0)    7 :  0.199 0.193 0.122 0.174 0.082 0.230 
466 NS_SS1328    (8)    7 :  0.147 0.116 0.150 0.267 0.241 0.080 
467 NS_SS1384    (1)    7 :  0.068 0.231 0.202 0.169 0.155 0.175 
468 NS_SS1381    (0)    7 :  0.217 0.146 0.107 0.345 0.062 0.123 
469 NS_SS1375    (1)    7 :  0.334 0.058 0.146 0.197 0.112 0.153 
470 NS_SS1319   (10)    7 :  0.150 0.102 0.239 0.207 0.137 0.166 
471 NS_SS1326    (2)    7 :  0.237 0.081 0.100 0.152 0.349 0.081 
472 NS_SS1341    (1)    7 :  0.065 0.184 0.307 0.109 0.220 0.114 
473 NS_SS1383    (1)    7 :  0.060 0.102 0.378 0.139 0.107 0.214 
474 NS_SS1318    (3)    7 :  0.170 0.175 0.086 0.194 0.129 0.246 
475 NS_SS1348    (2)    7 :  0.058 0.172 0.182 0.153 0.275 0.160 
476 NS_SS1363    (0)    7 :  0.173 0.192 0.177 0.122 0.106 0.230 
477 NS_SS1335    (4)    7 :  0.100 0.279 0.163 0.099 0.192 0.168 
478 NS_SS1358    (0)    7 :  0.054 0.257 0.211 0.182 0.161 0.135 
479 NS_SS1342    (1)    7 :  0.086 0.194 0.321 0.159 0.178 0.063 
480 NS_SS1320    (2)    7 :  0.362 0.216 0.082 0.237 0.043 0.059 
481 NS_SS1355    (1)    7 :  0.125 0.370 0.109 0.164 0.085 0.147 
482 NS_SS1345    (1)    7 :  0.078 0.528 0.080 0.126 0.062 0.126 
483 NS_SS1324    (0)    7 :  0.146 0.156 0.157 0.191 0.216 0.133 
484 NS_SS1347    (5)    7 :  0.139 0.151 0.183 0.283 0.109 0.135 
485 NS_SS1321    (4)    7 :  0.114 0.072 0.290 0.123 0.220 0.181 
486 NS_SS1333    (0)    7 :  0.176 0.049 0.323 0.121 0.230 0.100 
487 NS_SS1364    (1)    7 :  0.086 0.377 0.141 0.060 0.248 0.088 
488 NS_SS1379    (0)    7 :  0.188 0.173 0.134 0.222 0.132 0.151 
489 NS_SS1332    (0)    7 :  0.246 0.101 0.154 0.074 0.356 0.070 
490 NS_SS1338    (5)    7 :  0.102 0.103 0.157 0.148 0.228 0.262 
491 NS_SS1368    (6)    7 :  0.147 0.274 0.200 0.056 0.257 0.066 
492 NS_SS1354    (1)    7 :  0.186 0.229 0.209 0.115 0.138 0.123 
493 NS_SS1365    (0)    7 :  0.200 0.197 0.154 0.130 0.103 0.216 
494 NS_SS1380    (1)    7 :  0.224 0.286 0.136 0.082 0.094 0.178 
495 NS_SS1329    (8)    7 :  0.113 0.199 0.342 0.081 0.211 0.054 
496 NS_SS1362    (0)    7 :  0.112 0.179 0.246 0.210 0.140 0.113 
497 NS_SS1327    (2)    7 :  0.086 0.058 0.130 0.140 0.470 0.115 
498 NS_SS1350    (0)    7 :  0.148 0.058 0.119 0.432 0.150 0.093 
499 NS_SS1387    (2)    7 :  0.257 0.149 0.105 0.102 0.138 0.250 
500 NS_SS1369    (8)    7 :  0.083 0.283 0.103 0.101 0.237 0.192 
501 NS_SS1331    (1)    7 :  0.271 0.074 0.203 0.071 0.193 0.189 
502 NS_SS1357    (4)    7 :  0.149 0.102 0.138 0.397 0.149 0.065 
503 NS_SS1386    (1)    7 :  0.069 0.152 0.270 0.065 0.374 0.070 
504 NS_SS1353    (2)    7 :  0.282 0.118 0.192 0.169 0.144 0.095 
505 NS_SS1323    (0)    7 :  0.169 0.251 0.249 0.132 0.079 0.120 
506 HI_SS0296    (0)    8 :  0.122 0.132 0.061 0.205 0.203 0.277 
507 HI_SS0297    (0)    8 :  0.127 0.075 0.357 0.258 0.079 0.104 
508 HI_SS0299    (0)    8 :  0.073 0.219 0.154 0.163 0.156 0.235 
509 HI_SS0300    (0)    8 :  0.101 0.292 0.080 0.132 0.146 0.249 
510 HI_SS0301    (0)    8 :  0.095 0.166 0.220 0.043 0.128 0.348 
511 HI_SS0302    (0)    8 :  0.099 0.178 0.076 0.112 0.220 0.315 
512 HI_SS0303    (0)    8 :  0.250 0.127 0.090 0.131 0.321 0.082 
513 HI_SS0304    (0)    8 :  0.311 0.071 0.149 0.086 0.190 0.193 
514 HI_SS0306    (5)    8 :  0.094 0.115 0.096 0.102 0.296 0.298 
515 HI_SS0307    (1)    8 :  0.235 0.233 0.164 0.118 0.095 0.155 
516 HI_SS0308    (1)    8 :  0.176 0.213 0.206 0.167 0.099 0.139 
517 HI_SS0309    (0)    8 :  0.088 0.305 0.125 0.206 0.080 0.195 
518 HI_SS0310    (0)    8 :  0.285 0.176 0.104 0.125 0.181 0.129 
519 HI_SS0311    (3)    8 :  0.111 0.204 0.153 0.088 0.143 0.302 
520 HI_SS0314    (0)    8 :  0.356 0.113 0.141 0.155 0.170 0.065 
521 HI_SS0316    (1)    8 :  0.216 0.195 0.142 0.114 0.232 0.101 
522 HI_SS0317    (3)    8 :  0.103 0.111 0.310 0.151 0.105 0.219 
523 HI_SS0318    (1)    8 :  0.078 0.114 0.273 0.107 0.282 0.146 
524 HI_SS0319    (0)    8 :  0.085 0.241 0.080 0.181 0.355 0.059 
525 HI_SS0320    (3)    8 :  0.310 0.056 0.374 0.071 0.090 0.099 
526 HI_SS0321    (0)    8 :  0.079 0.080 0.272 0.287 0.152 0.130 
527 HI_SS0323    (1)    8 :  0.130 0.117 0.092 0.174 0.256 0.231 
528 HI_SS0325    (2)    8 :  0.090 0.134 0.109 0.091 0.253 0.322 
529 HI_SS0327    (1)    8 :  0.064 0.161 0.132 0.453 0.143 0.048 
530 HI_SS0329    (1)    8 :  0.249 0.128 0.199 0.081 0.138 0.204 
531 HI_SS0333    (1)    8 :  0.220 0.163 0.159 0.161 0.171 0.125 
532 HI_SS0334    (1)    8 :  0.071 0.189 0.186 0.132 0.245 0.179 
533 HI_SS0335    (1)    8 :  0.088 0.305 0.165 0.200 0.072 0.170 
534 HI_SS0339    (0)    8 :  0.161 0.344 0.105 0.086 0.120 0.183 
535 HI_SS0343    (2)    8 :  0.110 0.293 0.232 0.201 0.073 0.091 
536 HI_SS0344    (1)    8 :  0.065 0.095 0.141 0.160 0.417 0.122 
537 HI_SS0345    (3)    8 :  0.150 0.212 0.195 0.059 0.169 0.215 
538 HI_SS0346    (0)    8 :  0.106 0.076 0.343 0.095 0.188 0.193 
539 HI_SS0350    (1)    8 :  0.243 0.406 0.057 0.124 0.055 0.114 
540 HI_SS0351    (0)    8 :  0.077 0.372 0.201 0.113 0.125 0.112 
541 HI_SS0352    (3)    8 :  0.159 0.243 0.215 0.140 0.104 0.139 
542 HI_SS0362    (0)    8 :  0.215 0.124 0.093 0.097 0.142 0.329 
543 HI_SS0363    (1)    8 :  0.097 0.168 0.091 0.355 0.200 0.089 
544 HI_SS0365    (0)    8 :  0.180 0.165 0.111 0.242 0.227 0.075 
545 HI_SS0366    (0)    8 :  0.072 0.118 0.088 0.235 0.316 0.170 
546 HI_SS0367    (1)    8 :  0.324 0.202 0.158 0.119 0.087 0.111 
547 HI_SS0369    (1)    8 :  0.224 0.219 0.130 0.127 0.093 0.207 
548 HI_SS0370    (0)    8 :  0.119 0.106 0.189 0.406 0.100 0.080 
549 HI_SS0371    (4)    8 :  0.144 0.152 0.126 0.099 0.317 0.161 
550 HI_SS0373    (3)    8 :  0.291 0.153 0.096 0.149 0.173 0.138 
551 HI_SS0374    (0)    8 :  0.279 0.181 0.168 0.120 0.120 0.132 
552 HI_SS0377    (0)    8 :  0.070 0.363 0.143 0.072 0.180 0.172 
553 HI_SS0379    (1)    8 :  0.077 0.110 0.209 0.068 0.459 0.078 
554 HI_SS0380    (1)    8 :  0.187 0.242 0.164 0.131 0.126 0.150 
555 HI_SS0381    (2)    8 :  0.108 0.257 0.216 0.130 0.078 0.210 
556 HI_SS0384    (3)    8 :  0.171 0.062 0.202 0.233 0.197 0.135 
557 HI_SS0385    (1)    8 :  0.326 0.093 0.130 0.047 0.282 0.122 


Estimated Allele Frequencies in each cluster
First column gives estimated ancestral frequencies


Locus 1 : 
2 alleles
3.4% missing data
   1   (0.735) 0.761 0.717 0.817 0.759 0.713 0.664 
   2   (0.265) 0.239 0.283 0.183 0.241 0.287 0.336 

Locus 2 : 
2 alleles
4.3% missing data
   1   (0.882) 0.838 0.901 0.862 0.910 0.915 0.910 
   2   (0.118) 0.162 0.099 0.138 0.090 0.085 0.090 

Locus 3 : 
2 alleles
3.9% missing data
   1   (0.858) 0.863 0.897 0.869 0.847 0.865 0.860 
   2   (0.142) 0.137 0.103 0.131 0.153 0.135 0.140 

Locus 4 : 
2 alleles
2.7% missing data
   1   (0.885) 0.885 0.915 0.814 0.929 0.911 0.901 
