   NS_SS0963  1 0.0635 0.0953 0.0636 0.1255 0.1515 0.2384 0.1353 0.1268 
   NS_SS0983  1 0.0320 0.3137 0.1281 0.1736 0.0716 0.0491 0.1668 0.0650 
   NS_SS0719  1 0.0872 0.0772 0.1138 0.1127 0.1719 0.1268 0.1834 0.1270 
   NS_SS1001  1 0.2107 0.1267 0.0777 0.1444 0.1423 0.0798 0.0565 0.1619 
   NS_SS0936  1 0.1202 0.1437 0.0765 0.1639 0.0590 0.1667 0.0478 0.2223 
   NS_SS0955  1 0.0360 0.1650 0.1440 0.1340 0.1483 0.1572 0.0962 0.1194 
   NS_SS0944  1 0.1072 0.1857 0.1731 0.0867 0.1394 0.1637 0.0634 0.0807 
   NS_SS0945  1 0.2252 0.1930 0.1614 0.0763 0.0621 0.0688 0.0613 0.1519 
   NS_SS0922  1 0.1929 0.0598 0.0713 0.1360 0.1412 0.1210 0.1361 0.1416 
   NS_SS0929  1 0.0703 0.1762 0.1488 0.1386 0.0766 0.1181 0.1162 0.1552 
   NS_SS0956  1 0.1480 0.0809 0.0603 0.0983 0.2865 0.0872 0.1093 0.1294 
   NS_SS0906  1 0.0929 0.1955 0.1598 0.0859 0.0869 0.1685 0.1096 0.1010 
   NS_SS0721  1 0.0680 0.1370 0.0686 0.1275 0.2738 0.0786 0.1308 0.1158 
   NS_SS0982  1 0.0982 0.0889 0.0692 0.0657 0.1279 0.2182 0.2375 0.0943 
   NS_SS0923  1 0.1681 0.1404 0.0827 0.1134 0.0949 0.1056 0.1619 0.1329 
   NS_SS0905  1 0.1649 0.1818 0.0736 0.1056 0.0685 0.0775 0.2925 0.0356 
   NS_SS0925  1 0.0773 0.1845 0.0434 0.2329 0.1233 0.1299 0.0910 0.1177 
   NS_SS0947  1 0.1370 0.1363 0.1006 0.1805 0.0862 0.1584 0.0572 0.1438 
   NS_SS0926  1 0.0650 0.1221 0.2270 0.0415 0.0621 0.0975 0.1745 0.2102 
   NS_SS0918  1 0.1122 0.3124 0.0592 0.0509 0.0973 0.1672 0.0610 0.1397 
   NS_SS0966  1 0.1266 0.1743 0.0696 0.1329 0.0825 0.1796 0.1264 0.1079 
   NS_SS0938  1 0.1073 0.0748 0.0651 0.1243 0.0673 0.1245 0.0631 0.3735 
   NS_SS0917  1 0.1254 0.0525 0.1581 0.1401 0.1064 0.1056 0.2251 0.0869 
   NS_SS0957  1 0.1413 0.1174 0.0947 0.0668 0.2033 0.1050 0.1222 0.1492 
   NS_SS0987  1 0.0986 0.1414 0.0833 0.0502 0.2510 0.0704 0.1754 0.1297 
   NS_SS0717  1 0.2516 0.1574 0.0603 0.1045 0.1363 0.0821 0.1585 0.0494 
   NS_SS0986  1 0.1170 0.1977 0.1321 0.0377 0.1498 0.0945 0.1277 0.1433 
   NS_SS0953  1 0.1589 0.2206 0.0730 0.1820 0.1172 0.1374 0.0689 0.0421 
   NS_SS0907  1 0.0971 0.2045 0.0953 0.0842 0.0715 0.2077 0.1841 0.0556 
   NS_SS0974  1 0.1584 0.1227 0.1564 0.1895 0.0675 0.1784 0.0707 0.0563 
   NS_SS0989  1 0.0640 0.0561 0.2039 0.2130 0.0853 0.1139 0.1038 0.1601 
   NS_SS0991  1 0.0465 0.2932 0.1312 0.0463 0.1831 0.0982 0.1485 0.0529 
   NS_SS0994  1 0.1395 0.0956 0.3671 0.1072 0.0653 0.0668 0.0850 0.0734 
   NS_SS0931  1 0.0441 0.2189 0.1569 0.0434 0.0944 0.0709 0.1215 0.2500 
   NS_SS1000  1 0.2513 0.1136 0.0992 0.1000 0.0765 0.1592 0.0770 0.1231 
   NS_SS0919  1 0.0528 0.1723 0.0939 0.0726 0.0446 0.1371 0.3156 0.1111 
   NS_SS0949  1 0.0522 0.0647 0.1710 0.2035 0.1552 0.1159 0.1370 0.1006 
   NS_SS0960  1 0.0924 0.1119 0.1597 0.1204 0.1226 0.1347 0.2011 0.0571 
   NS_SS0716  1 0.3821 0.0585 0.0839 0.0400 0.1761 0.0495 0.1478 0.0623 
   NS_SS0924  1 0.0593 0.0984 0.1136 0.1452 0.1095 0.1802 0.1823 0.1115 
   NS_SS0935  1 0.0752 0.1127 0.1731 0.0994 0.1617 0.0754 0.2536 0.0488 
   NS_SS0952  1 0.0798 0.1619 0.1685 0.0781 0.0625 0.1554 0.2179 0.0759 
   NS_SS0962  1 0.1927 0.1112 0.0724 0.0572 0.0928 0.1536 0.1353 0.1848 
   NS_SS0973  1 0.0592 0.1280 0.0812 0.2278 0.1238 0.2023 0.1283 0.0494 
   NS_SS0722  1 0.3089 0.1863 0.0589 0.1254 0.0626 0.1064 0.0489 0.1026 
   NS_SS0979  1 0.1696 0.1463 0.0694 0.0612 0.1714 0.1523 0.1378 0.0919 
   NS_SS0993  1 0.1206 0.2006 0.0468 0.1866 0.1204 0.1162 0.0886 0.1202 
   NS_SS0958  1 0.1607 0.1145 0.2289 0.0753 0.0750 0.1101 0.1428 0.0927 
   NS_SS0988  1 0.0853 0.1266 0.1233 0.0547 0.0722 0.1852 0.1876 0.1652 
   NS_SS1003  1 0.0424 0.0641 0.0507 0.0415 0.2009 0.1945 0.1780 0.2280 
   NS_SS0976  1 0.0493 0.1853 0.1609 0.0701 0.0867 0.1019 0.0769 0.2689 
   NS_SS0964  1 0.2884 0.0665 0.0669 0.1251 0.1731 0.1269 0.0946 0.0584 
   NS_SS0939  1 0.2885 0.0482 0.0514 0.0590 0.1670 0.0389 0.0700 0.2770 
   NS_SS0990  1 0.1890 0.0770 0.1863 0.0438 0.0870 0.1064 0.0704 0.2401 
   NS_SS0984  1 0.2497 0.1053 0.0520 0.1229 0.0690 0.0884 0.0990 0.2136 
   NS_SS0980  1 0.1269 0.1472 0.0623 0.3059 0.0582 0.1456 0.1032 0.0507 
   NS_SS0978  1 0.1619 0.0819 0.1011 0.1217 0.0790 0.2002 0.1779 0.0764 
   NS_SS0951  1 0.1035 0.2105 0.1505 0.0475 0.2079 0.0959 0.1281 0.0561 
   NS_SS0913  1 0.2313 0.0898 0.1089 0.0774 0.2326 0.0957 0.0939 0.0705 
   NS_SS1002  1 0.0953 0.1093 0.0571 0.0704 0.0465 0.3107 0.1048 0.2059 
   NS_SS0948  1 0.0870 0.2516 0.1052 0.0829 0.0827 0.0942 0.1344 0.1621 
   NS_SS0916  1 0.0713 0.0535 0.1009 0.3134 0.0855 0.0813 0.1446 0.1493 
   NS_SS0995  1 0.1374 0.0878 0.0662 0.2977 0.1114 0.0771 0.1472 0.0753 
   NS_SS0927  1 0.1221 0.0868 0.1352 0.1591 0.0542 0.1185 0.2632 0.0610 
   NS_SS0992  1 0.1121 0.0528 0.1483 0.2217 0.0701 0.1955 0.0734 0.1262 
   NS_SS0912  1 0.0935 0.1434 0.1372 0.0419 0.2054 0.1062 0.1371 0.1353 
   NS_SS0981  1 0.0959 0.1726 0.0615 0.0467 0.1388 0.1539 0.1704 0.1603 
   NS_SS0729  2 0.0504 0.1222 0.2433 0.2933 0.0514 0.1175 0.0615 0.0605 
   NS_SS0967  2 0.0827 0.1061 0.0560 0.1249 0.0746 0.2651 0.1878 0.1028 
   NS_SS0941  2 0.1463 0.0826 0.0853 0.1790 0.1092 0.0993 0.0925 0.2057 
   NS_SS0768  2 0.1197 0.1064 0.0977 0.0656 0.2400 0.1923 0.0890 0.0892 
   NS_SS0726  2 0.0497 0.0607 0.1523 0.2848 0.0589 0.1347 0.0829 0.1760 
   NS_SS0763  2 0.1320 0.1006 0.1715 0.1184 0.0876 0.1121 0.2034 0.0745 
   NS_SS0730  2 0.1976 0.0927 0.0728 0.1263 0.1131 0.0969 0.1600 0.1406 
   NS_SS0774  2 0.2332 0.1214 0.0573 0.2266 0.0648 0.1278 0.0473 0.1215 
   NS_SS0723  2 0.1263 0.1278 0.0348 0.1817 0.1080 0.1415 0.1521 0.1279 
   NS_SS0940  2 0.1243 0.1017 0.1363 0.1544 0.1010 0.0601 0.0909 0.2315 
   NS_SS0762  2 0.3086 0.0973 0.0488 0.1530 0.1080 0.0853 0.1068 0.0922 
   NS_SS0766  2 0.2263 0.0709 0.1117 0.1533 0.1181 0.0460 0.1586 0.1151 
   NS_SS0724  2 0.1182 0.1747 0.0639 0.1263 0.1831 0.1422 0.1033 0.0883 
   NS_SS0769  2 0.1540 0.0704 0.0976 0.0693 0.1182 0.1524 0.2527 0.0854 
   NS_SS0777  2 0.0902 0.2458 0.1425 0.0469 0.1026 0.0703 0.1756 0.1260 
   NS_SS0734  2 0.1406 0.0974 0.1504 0.1190 0.2104 0.0766 0.1147 0.0910 
   NS_SS0737  2 0.2365 0.0600 0.0489 0.2348 0.0803 0.0713 0.0614 0.2069 
   NS_SS0732  2 0.0905 0.1241 0.0488 0.1476 0.2842 0.1085 0.1418 0.0545 
   NS_SS0728  2 0.1041 0.1191 0.0780 0.2398 0.1612 0.0636 0.0757 0.1584 
   NS_SS0735  2 0.1508 0.1586 0.0680 0.2408 0.1851 0.0854 0.0547 0.0566 
   NS_SS0725  2 0.1998 0.0716 0.0860 0.1040 0.1615 0.1322 0.0461 0.1987 
   NS_SS0788  2 0.0803 0.0572 0.0876 0.1174 0.0863 0.1656 0.2505 0.1551 
   NS_SS0778  2 0.0584 0.1213 0.1021 0.1153 0.1085 0.1129 0.2195 0.1621 
   NS_SS0792  2 0.0711 0.1026 0.1127 0.2042 0.1932 0.1170 0.1229 0.0763 
   NS_SS0943  2 0.0436 0.1172 0.2373 0.0745 0.1788 0.2094 0.0731 0.0662 
   NS_SS0791  2 0.0683 0.0916 0.1160 0.2837 0.1542 0.0423 0.0687 0.1751 
   NS_SS0790  2 0.1748 0.1179 0.0368 0.0761 0.2807 0.1870 0.0769 0.0497 
   NS_SS0731  2 0.2080 0.1370 0.0617 0.0513 0.2653 0.0734 0.1332 0.0700 
   NS_SS0727  2 0.1784 0.0763 0.1965 0.2677 0.0903 0.0626 0.0586 0.0696 
   NS_SS0779  2 0.1021 0.2139 0.0728 0.1256 0.1104 0.0735 0.1644 0.1371 
   NS_SS0776  2 0.2283 0.0970 0.1287 0.1098 0.1120 0.0974 0.0928 0.1340 
   NS_SS0775  2 0.3101 0.0791 0.0624 0.1390 0.1134 0.0728 0.0817 0.1413 
   NS_SS0965  3 0.0688 0.1513 0.0621 0.0974 0.2028 0.1354 0.1532 0.1289 
   NS_SS0754  3 0.0545 0.0803 0.1732 0.1660 0.2252 0.1081 0.0934 0.0993 
   NS_SS0838  3 0.1502 0.1632 0.1279 0.1086 0.0784 0.1358 0.0697 0.1663 
   NS_SS0839  3 0.2003 0.0773 0.0587 0.1559 0.1453 0.1504 0.0686 0.1435 
   NS_SS0832  3 0.1437 0.1571 0.0393 0.0761 0.1613 0.2082 0.1131 0.1011 
   NS_SS0820  3 0.0845 0.0835 0.0404 0.0988 0.1688 0.1837 0.1831 0.1571 
   NS_SS0886  3 0.0942 0.1083 0.1519 0.1257 0.1679 0.0984 0.1359 0.1178 
   NS_SS0748  3 0.0832 0.2489 0.1000 0.0753 0.0915 0.1061 0.1717 0.1232 
   NS_SS0884  3 0.1042 0.1067 0.1222 0.1716 0.1351 0.1503 0.1122 0.0977 
   NS_SS0752  3 0.1642 0.0910 0.0997 0.2090 0.1005 0.1561 0.0820 0.0976 
   NS_SS0862  3 0.0596 0.1456 0.0448 0.1730 0.3094 0.1107 0.0857 0.0712 
   NS_SS0787  3 0.1043 0.0733 0.3753 0.0659 0.0893 0.1162 0.1119 0.0639 
   NS_SS0843  3 0.1076 0.1406 0.0752 0.1578 0.1562 0.1151 0.2002 0.0473 
   NS_SS0856  3 0.2242 0.0465 0.1179 0.1914 0.0866 0.1104 0.1545 0.0685 
   NS_SS0846  3 0.0813 0.1534 0.1266 0.1590 0.0519 0.1995 0.1497 0.0786 
   NS_SS0825  3 0.0501 0.1191 0.1121 0.0594 0.1629 0.1845 0.0882 0.2238 
   NS_SS0757  3 0.0808 0.1910 0.1228 0.0799 0.1845 0.1218 0.1206 0.0984 
   NS_SS0876  3 0.1515 0.1182 0.0883 0.1567 0.1682 0.1323 0.1055 0.0793 
   NS_SS0903  3 0.1005 0.1445 0.0437 0.3426 0.0540 0.1744 0.0705 0.0698 
   NS_SS0875  3 0.1997 0.1667 0.1017 0.0652 0.0953 0.0832 0.1371 0.1510 
   NS_SS0740  3 0.1333 0.1970 0.0775 0.1216 0.1404 0.1078 0.1557 0.0668 
   NS_SS0811  3 0.2097 0.1273 0.0546 0.0722 0.2800 0.0919 0.0881 0.0762 
   NS_SS0751  3 0.2010 0.1071 0.0854 0.1043 0.0733 0.1020 0.1586 0.1683 
   NS_SS0891  3 0.1888 0.0907 0.1174 0.1005 0.1049 0.1187 0.0782 0.2009 
   NS_SS0867  3 0.0354 0.1580 0.1270 0.0811 0.1663 0.2121 0.1368 0.0834 
   NS_SS0890  3 0.1236 0.1374 0.0783 0.1508 0.0789 0.1037 0.2179 0.1094 
   NS_SS0866  3 0.0808 0.1078 0.3503 0.1068 0.0950 0.0960 0.0560 0.1074 
   NS_SS0755  3 0.1065 0.0997 0.0953 0.0839 0.1940 0.1798 0.1320 0.1088 
   NS_SS0758  3 0.1161 0.2138 0.0821 0.2316 0.0834 0.0913 0.0945 0.0872 
   NS_SS0840  3 0.1398 0.1220 0.0491 0.0972 0.1275 0.2241 0.0730 0.1673 
   NS_SS0889  3 0.0727 0.1013 0.2755 0.0677 0.2220 0.1199 0.0623 0.0786 
   NS_SS1010  3 0.1438 0.0804 0.0907 0.0677 0.0919 0.2310 0.2253 0.0692 
   NS_SS0888  3 0.0953 0.0463 0.2719 0.2400 0.1409 0.0838 0.0706 0.0512 
   NS_SS0837  3 0.1033 0.1008 0.0596 0.0792 0.2647 0.2173 0.1257 0.0494 
   NS_SS0794  3 0.1845 0.1081 0.2278 0.1421 0.1123 0.0782 0.0861 0.0609 
   NS_SS0823  3 0.1320 0.2050 0.0686 0.1314 0.0968 0.1995 0.0603 0.1064 
   NS_SS0829  3 0.0603 0.2767 0.2523 0.0511 0.1560 0.0849 0.0564 0.0623 
   NS_SS0844  3 0.0524 0.1833 0.0352 0.1498 0.1020 0.3403 0.1010 0.0360 
   NS_SS1008  3 0.2248 0.0838 0.2257 0.1234 0.1056 0.0958 0.0790 0.0619 
   NS_SS0881  3 0.1062 0.0686 0.1389 0.0664 0.0892 0.1039 0.1735 0.2534 
   NS_SS0834  3 0.2269 0.0912 0.0702 0.1285 0.0953 0.1377 0.0651 0.1850 
   NS_SS0744  3 0.0587 0.1050 0.1075 0.1955 0.1471 0.1631 0.0834 0.1397 
   NS_SS0899  3 0.2049 0.2148 0.0649 0.0532 0.2106 0.1089 0.0766 0.0662 
   NS_SS0804  3 0.1123 0.1708 0.0342 0.1210 0.1803 0.1342 0.1365 0.1108 
   NS_SS0781  3 0.1624 0.2159 0.0428 0.0728 0.0683 0.1620 0.1262 0.1496 
   NS_SS0822  3 0.1003 0.2400 0.1375 0.1745 0.1152 0.0977 0.0502 0.0847 
   NS_SS1004  3 0.0885 0.1321 0.0699 0.1012 0.1144 0.2175 0.1920 0.0845 
   NS_SS0746  3 0.1169 0.2387 0.1252 0.0868 0.0686 0.1705 0.0945 0.0988 
   NS_SS0880  3 0.1138 0.1457 0.0857 0.1181 0.1350 0.1828 0.0502 0.1687 
   NS_SS0879  3 0.1592 0.0898 0.1240 0.1385 0.1800 0.1544 0.0578 0.0961 
   NS_SS0753  3 0.0786 0.1803 0.1709 0.1007 0.1429 0.1189 0.1462 0.0613 
   NS_SS1007  3 0.1665 0.0483 0.0878 0.2429 0.0520 0.1008 0.1788 0.1228 
   NS_SS0872  3 0.1760 0.1068 0.0686 0.1416 0.0955 0.1626 0.1564 0.0926 
   NS_SS1005  3 0.1407 0.1973 0.0679 0.0869 0.0714 0.2070 0.1087 0.1200 
   NS_SS0892  3 0.1339 0.1568 0.1044 0.0877 0.1224 0.0962 0.1885 0.1099 
   NS_SS0898  3 0.0893 0.1621 0.1485 0.0755 0.1114 0.1018 0.1374 0.1741 
   NS_SS0801  3 0.1122 0.1864 0.1051 0.0714 0.1959 0.1331 0.1196 0.0765 
   NS_SS0827  3 0.1341 0.1015 0.0893 0.0515 0.1104 0.0636 0.4006 0.0490 
   NS_SS0853  3 0.1883 0.1014 0.1225 0.0869 0.1866 0.0847 0.1874 0.0421 
   NS_SS0780  3 0.1071 0.1592 0.0529 0.1155 0.1400 0.0783 0.1336 0.2133 
   NS_SS0826  3 0.0463 0.1636 0.1257 0.0410 0.0857 0.2813 0.0713 0.1852 
   NS_SS0818  3 0.1672 0.1032 0.0554 0.1442 0.1219 0.1205 0.1276 0.1602 
   NS_SS0745  3 0.4068 0.0426 0.0659 0.0440 0.1684 0.0518 0.0594 0.1611 
   NS_SS0849  3 0.0818 0.1182 0.0645 0.0407 0.3592 0.1055 0.1196 0.1104 
   NS_SS0739  3 0.1222 0.0684 0.0851 0.1370 0.1469 0.0984 0.1671 0.1749 
   NS_SS0799  3 0.1132 0.1339 0.1216 0.2795 0.1133 0.0634 0.1351 0.0401 
   NS_SS0756  3 0.0892 0.1757 0.0585 0.0655 0.1192 0.2358 0.1214 0.1348 
   NS_SS0802  3 0.0998 0.0862 0.1217 0.1306 0.0608 0.1370 0.2576 0.1063 
   NS_SS0747  3 0.0955 0.1522 0.0837 0.1305 0.0860 0.1965 0.1585 0.0971 
   NS_SS0835  3 0.0698 0.0786 0.2297 0.1276 0.0599 0.1201 0.2607 0.0537 
   NS_SS0742  3 0.0908 0.1732 0.0557 0.1913 0.1293 0.1299 0.1227 0.1071 
   NS_SS0760  3 0.1213 0.1305 0.2762 0.0848 0.0696 0.1058 0.1410 0.0707 
   NS_SS0803  3 0.0661 0.2068 0.0402 0.2862 0.0874 0.2086 0.0535 0.0512 
   NS_SS0828  3 0.1090 0.1288 0.0885 0.1152 0.1849 0.0720 0.1675 0.1342 
   NS_SS0865  3 0.0522 0.0997 0.1183 0.0757 0.2216 0.2016 0.1311 0.0999 
   NS_SS0759  3 0.2051 0.1421 0.0590 0.1137 0.1551 0.1094 0.1247 0.0910 
   NS_SS0851  3 0.1237 0.0552 0.0677 0.0388 0.3959 0.0994 0.0583 0.1610 
   NS_SS0874  3 0.1268 0.2619 0.0586 0.1148 0.0886 0.2003 0.0902 0.0588 
   NS_SS0761  3 0.0453 0.1928 0.2095 0.0774 0.1390 0.1168 0.0937 0.1253 
   NS_SS0842  3 0.1760 0.1418 0.1877 0.0931 0.0877 0.1031 0.1197 0.0909 
   NS_SS0785  3 0.0960 0.1410 0.1444 0.1647 0.1295 0.1461 0.1137 0.0647 
   NS_SS0860  3 0.0690 0.1007 0.2798 0.1032 0.0719 0.1599 0.1656 0.0500 
   NS_SS0897  3 0.0859 0.1111 0.3139 0.0965 0.1566 0.0749 0.0789 0.0822 
   NS_SS0841  3 0.2049 0.1298 0.0605 0.0682 0.2251 0.1080 0.0925 0.1110 
   NS_SS0797  3 0.0620 0.1037 0.1614 0.0571 0.1757 0.1126 0.1489 0.1786 
   NS_SS0830  3 0.1081 0.1045 0.1390 0.0914 0.1737 0.1571 0.1167 0.1095 
   NS_SS1011  3 0.0570 0.0820 0.0673 0.0944 0.1465 0.2706 0.0916 0.1907 
   NS_SS0883  3 0.1125 0.1520 0.1205 0.1308 0.1751 0.0783 0.1819 0.0488 
   NS_SS0782  3 0.1963 0.0873 0.1518 0.2274 0.1045 0.0932 0.0592 0.0803 
   NS_SS0831  3 0.0715 0.1440 0.2360 0.0884 0.2525 0.0726 0.0633 0.0717 
   NS_SS0749  3 0.1040 0.0866 0.1243 0.1827 0.2139 0.0709 0.0848 0.1328 
   NS_SS0854  3 0.1289 0.0857 0.1184 0.2877 0.1286 0.1209 0.0836 0.0462 
   HI_SS0193  4 0.0970 0.0629 0.2076 0.1377 0.1955 0.0716 0.0466 0.1811 
   HI_SS0194  4 0.1696 0.1051 0.0889 0.0952 0.0629 0.0903 0.0466 0.3413 
   HI_SS0195  4 0.1269 0.0646 0.0399 0.0910 0.2560 0.1147 0.1094 0.1976 
   HI_SS0196  4 0.2292 0.1120 0.1402 0.1974 0.0910 0.0991 0.0460 0.0849 
   HI_SS0197  4 0.0700 0.0836 0.0606 0.0671 0.0425 0.1805 0.1480 0.3475 
   HI_SS0198  4 0.0811 0.0996 0.1263 0.1412 0.2291 0.1044 0.1226 0.0957 
   HI_SS0199  4 0.1157 0.0678 0.1669 0.3040 0.0777 0.0863 0.1033 0.0784 
   HI_SS0201  4 0.0341 0.1337 0.2049 0.0860 0.1590 0.1208 0.1968 0.0647 
   HI_SS0215  4 0.0595 0.1410 0.2003 0.0778 0.1149 0.1329 0.2107 0.0629 
   HI_SS0218  4 0.0967 0.0539 0.3096 0.1499 0.1649 0.0731 0.0594 0.0926 
   HI_SS0222  4 0.1478 0.0678 0.1038 0.1557 0.1729 0.0709 0.0964 0.1846 
   HI_SS0230  4 0.1378 0.0965 0.0644 0.0428 0.0708 0.1448 0.3164 0.1264 
   HI_SS0234  4 0.0664 0.0799 0.0685 0.3127 0.0496 0.1332 0.1024 0.1873 
   HI_SS0240  4 0.1388 0.0507 0.0718 0.3305 0.1043 0.0675 0.1010 0.1356 
   HI_SS0241  4 0.0657 0.1004 0.1645 0.1074 0.0911 0.1248 0.1970 0.1492 
   HI_SS0242  4 0.0745 0.1563 0.1353 0.1175 0.1503 0.1373 0.0897 0.1391 
   HI_SS0247  4 0.0720 0.2868 0.0928 0.0537 0.0993 0.1589 0.0647 0.1718 
   HI_SS0248  4 0.1628 0.1880 0.2013 0.1917 0.0613 0.0663 0.0884 0.0402 
   HI_SS0252  4 0.1487 0.1721 0.0718 0.1899 0.1846 0.0917 0.0465 0.0947 
   HI_SS0254  4 0.0691 0.1036 0.1156 0.1306 0.0563 0.1520 0.2286 0.1442 
   HI_SS0256  4 0.1637 0.0703 0.0256 0.1120 0.1245 0.3200 0.1208 0.0632 
   HI_SS0257  4 0.0530 0.1646 0.2105 0.1560 0.0445 0.1671 0.1004 0.1039 
   HI_SS0258  4 0.0982 0.1046 0.2495 0.1204 0.1147 0.1065 0.1196 0.0865 
   HI_SS0259  4 0.1073 0.0599 0.0687 0.1095 0.1199 0.1229 0.1097 0.3021 
   HI_SS0260  4 0.2013 0.0754 0.2351 0.1441 0.0793 0.0840 0.1220 0.0589 
   HI_SS0261  4 0.0706 0.1383 0.1379 0.0859 0.0509 0.1476 0.0890 0.2799 
   HI_SS0262  4 0.1172 0.0547 0.0924 0.1511 0.2312 0.1309 0.1489 0.0736 
   HI_SS0264  4 0.2225 0.1048 0.1051 0.0381 0.1112 0.1263 0.1549 0.1371 
   HI_SS0265  4 0.0843 0.0664 0.0762 0.0683 0.1795 0.1456 0.2306 0.1491 
   HI_SS0268  4 0.1652 0.0601 0.1113 0.0618 0.0963 0.0845 0.2549 0.1660 
   HI_SS0269  4 0.0443 0.0967 0.2648 0.2239 0.0470 0.1473 0.0999 0.0762 
   HI_SS0273  4 0.0700 0.0855 0.2368 0.0727 0.0924 0.2626 0.1117 0.0683 
   HI_SS0277  4 0.0427 0.0813 0.0689 0.0916 0.0821 0.2231 0.1197 0.2906 
   HI_SS0280  4 0.1663 0.0681 0.1307 0.1051 0.2547 0.0731 0.0973 0.1047 
   HI_SS0282  4 0.0707 0.1453 0.1846 0.1376 0.1754 0.1512 0.0698 0.0656 
   HI_SS0286  4 0.0502 0.1339 0.1079 0.1815 0.1780 0.0798 0.1624 0.1064 
   NS_SS1252  5 0.0794 0.1780 0.3068 0.1309 0.0884 0.0790 0.0752 0.0622 
   NS_SS1261  5 0.1180 0.1662 0.1090 0.1728 0.0968 0.1361 0.1020 0.0990 
   NS_SS1225  5 0.0572 0.1927 0.1480 0.0771 0.0724 0.2237 0.1611 0.0678 
   NS_SS1266  5 0.0978 0.1850 0.0441 0.0972 0.1084 0.3206 0.0743 0.0726 
   NS_SS1228  5 0.1324 0.0744 0.0843 0.1164 0.2933 0.0964 0.0869 0.1160 
   NS_SS1255  5 0.3341 0.0818 0.1562 0.1629 0.0671 0.1000 0.0352 0.0627 
   NS_SS1267  5 0.0521 0.0719 0.2960 0.1191 0.1174 0.0553 0.1923 0.0961 
   NS_SS1238  5 0.1099 0.1007 0.1539 0.0699 0.1240 0.0942 0.0689 0.2785 
   NS_SS1233  5 0.1681 0.3114 0.0622 0.0313 0.0795 0.1730 0.0606 0.1139 
   NS_SS1277  5 0.1342 0.0534 0.1863 0.2316 0.1124 0.0478 0.0732 0.1611 
   NS_SS1245  5 0.1091 0.2693 0.1247 0.0975 0.0616 0.1052 0.0922 0.1404 
   NS_SS1240  5 0.0569 0.1475 0.2584 0.1395 0.0444 0.0700 0.1896 0.0937 
   NS_SS1275  5 0.0850 0.0752 0.0410 0.0724 0.1457 0.1994 0.0556 0.3260 
   NS_SS1235  5 0.1174 0.1086 0.0884 0.2565 0.0401 0.1911 0.0835 0.1145 
   NS_SS1263  5 0.2419 0.2476 0.0655 0.0945 0.0847 0.1315 0.0509 0.0835 
   NS_SS1251  5 0.1335 0.2583 0.0663 0.0898 0.0761 0.1645 0.1062 0.1053 
   NS_SS1248  5 0.0768 0.1005 0.1067 0.0324 0.3436 0.0570 0.0824 0.2004 
   NS_SS1244  5 0.0313 0.1220 0.0903 0.1098 0.0927 0.1859 0.0723 0.2956 
   NS_SS1257  5 0.0991 0.1105 0.2316 0.1535 0.1226 0.0754 0.1252 0.0821 
   NS_SS1242  5 0.2778 0.1072 0.0775 0.0597 0.1246 0.1492 0.1004 0.1035 
   NS_SS1271  5 0.0458 0.0693 0.2640 0.1945 0.0988 0.0611 0.1257 0.1408 
   NS_SS1265  5 0.1028 0.1636 0.2489 0.0525 0.0869 0.1133 0.1099 0.1220 
   NS_SS1243  5 0.2045 0.1438 0.0842 0.1092 0.2563 0.0615 0.0791 0.0613 
   NS_SS1273  5 0.3107 0.0921 0.0709 0.0663 0.0801 0.1390 0.0855 0.1553 
   NS_SS1254  5 0.1788 0.2334 0.0752 0.0828 0.0940 0.1643 0.1036 0.0680 
   NS_SS1224  5 0.1302 0.1410 0.0793 0.0935 0.2252 0.1813 0.0702 0.0792 
   NS_SS1227  5 0.0945 0.0732 0.1222 0.0977 0.0419 0.0747 0.4065 0.0893 
   NS_SS1274  5 0.1265 0.1153 0.1644 0.1832 0.1387 0.0969 0.0716 0.1033 
   NS_SS1241  5 0.0710 0.1021 0.1639 0.1290 0.1366 0.2028 0.1209 0.0737 
   NS_SS1256  5 0.0906 0.1589 0.1432 0.0572 0.0514 0.2283 0.1146 0.1557 
   NS_SS1260  5 0.0833 0.0950 0.2132 0.2309 0.0886 0.1066 0.1159 0.0665 
   NS_SS1262  5 0.0551 0.1223 0.1529 0.1274 0.1455 0.2082 0.1040 0.0847 
   NS_SS1230  5 0.1732 0.0911 0.1970 0.0676 0.1218 0.1664 0.1058 0.0771 
   NS_SS1270  5 0.0651 0.1431 0.0695 0.0489 0.2698 0.2090 0.1019 0.0927 
   NS_SS1229  5 0.1014 0.1273 0.0515 0.2766 0.0403 0.1886 0.0585 0.1558 
   NS_SS1246  5 0.0519 0.1113 0.1695 0.2043 0.0581 0.0792 0.0633 0.2624 
   NS_SS1269  5 0.1538 0.0895 0.0879 0.1243 0.1555 0.1637 0.1327 0.0925 
   NS_SS1239  5 0.0950 0.0549 0.0559 0.2942 0.2494 0.0743 0.1112 0.0650 
   NS_SS1272  5 0.0626 0.0824 0.0648 0.0583 0.0612 0.2304 0.2137 0.2265 
   NS_SS1268  5 0.1012 0.1797 0.0731 0.0457 0.3028 0.1408 0.1085 0.0482 
   NS_SS1249  5 0.0713 0.1151 0.2896 0.2301 0.0737 0.0743 0.0460 0.1000 
   HI_SS0559  6 0.1496 0.1068 0.1379 0.1212 0.1996 0.0984 0.1158 0.0708 
   HI_SS0563  6 0.0713 0.1422 0.0949 0.2333 0.0977 0.1285 0.0938 0.1384 
   HI_SS0564  6 0.0671 0.1645 0.0755 0.1250 0.1246 0.1112 0.0920 0.2401 
   HI_SS0565  6 0.0827 0.1739 0.1219 0.0645 0.0544 0.1317 0.2448 0.1261 
   HI_SS0569  6 0.0450 0.3206 0.1370 0.0447 0.0689 0.0910 0.2234 0.0696 
   HI_SS0570  6 0.0859 0.0885 0.2399 0.1235 0.1573 0.0675 0.1146 0.1227 
   HI_SS0572  6 0.2221 0.1016 0.0569 0.2258 0.0733 0.1217 0.1165 0.0820 
   HI_SS0576  6 0.1581 0.0892 0.0653 0.0999 0.2129 0.0870 0.1052 0.1824 
   HI_SS0579  6 0.0627 0.2169 0.1214 0.1888 0.0727 0.1575 0.1248 0.0553 
   HI_SS0580  6 0.1982 0.0857 0.1878 0.1526 0.1108 0.0767 0.1091 0.0790 
   HI_SS0581  6 0.0846 0.0696 0.0555 0.0680 0.2352 0.1967 0.0924 0.1980 
   HI_SS0583  6 0.1613 0.2311 0.1630 0.1040 0.0368 0.0707 0.1725 0.0606 
   HI_SS0586  6 0.1119 0.1426 0.2646 0.0570 0.1091 0.0545 0.2011 0.0592 
   HI_SS0588  6 0.0908 0.1968 0.1132 0.1258 0.0813 0.1066 0.2272 0.0582 
   HI_SS0595  6 0.0952 0.0602 0.1484 0.0789 0.0431 0.1218 0.2486 0.2039 
   HI_SS0596  6 0.3286 0.0975 0.0703 0.1956 0.0725 0.0835 0.0857 0.0663 
   HI_SS0597  6 0.2043 0.1813 0.0667 0.1091 0.0503 0.1301 0.0806 0.1776 
   HI_SS0600  6 0.0543 0.0670 0.1191 0.2338 0.1000 0.1367 0.1856 0.1036 
   HI_SS0601  6 0.0388 0.1426 0.0834 0.1143 0.1374 0.2081 0.1902 0.0851 
   HI_SS0602  6 0.1459 0.1094 0.1550 0.0615 0.1460 0.0500 0.2853 0.0469 
   HI_SS0604  6 0.1188 0.2929 0.0799 0.0844 0.1677 0.0690 0.0960 0.0911 
   HI_SS0605  6 0.0615 0.1318 0.1201 0.1798 0.2632 0.0645 0.0760 0.1031 
   HI_SS0608  6 0.2208 0.0962 0.0908 0.0796 0.1115 0.0551 0.1787 0.1673 
   HI_SS0609  6 0.1634 0.1805 0.0745 0.0917 0.0606 0.2298 0.1246 0.0750 
   HI_SS0611  6 0.0973 0.1129 0.2149 0.0864 0.2375 0.0659 0.1346 0.0505 
   HI_SS0612  6 0.0664 0.1997 0.1197 0.2214 0.0383 0.2240 0.0715 0.0590 
   HI_SS0613  6 0.1190 0.0955 0.1124 0.0524 0.3595 0.1110 0.1035 0.0466 
   HI_SS0615  6 0.1681 0.0645 0.0447 0.1878 0.1467 0.0892 0.1432 0.1557 
   HI_SS0001  6 0.1426 0.0552 0.1774 0.1615 0.0738 0.1405 0.0548 0.1942 
   HI_SS0002  6 0.1524 0.1384 0.0494 0.0847 0.0698 0.2116 0.2284 0.0653 
   HI_SS0004  6 0.1554 0.0865 0.2152 0.1127 0.1229 0.0628 0.1001 0.1444 
   HI_SS0005  6 0.1025 0.0511 0.0892 0.0543 0.2803 0.1081 0.1581 0.1565 
   HI_SS0006  6 0.0759 0.1791 0.1922 0.1030 0.0683 0.2182 0.0910 0.0723 
   HI_SS0007  6 0.0801 0.0638 0.2103 0.1278 0.3481 0.0478 0.0514 0.0708 
   HI_SS0008  6 0.0759 0.1140 0.0615 0.0731 0.1148 0.1484 0.3258 0.0865 
   HI_SS0009  6 0.1706 0.0999 0.0593 0.1909 0.2036 0.0567 0.1204 0.0988 
   HI_SS0010  6 0.1272 0.1364 0.1363 0.0790 0.1249 0.0994 0.2162 0.0806 
   HI_SS0011  6 0.0817 0.1803 0.1036 0.0292 0.1027 0.2398 0.0688 0.1939 
   HI_SS0012  6 0.0866 0.0835 0.0292 0.2422 0.0875 0.1453 0.2642 0.0616 
   HI_SS0017  6 0.2129 0.0896 0.0797 0.1384 0.1013 0.0684 0.0545 0.2552 
   HI_SS0021  6 0.1532 0.0744 0.2092 0.0567 0.0637 0.1185 0.2314 0.0929 
   HI_SS0024  6 0.1569 0.0643 0.0742 0.1495 0.1622 0.0959 0.0800 0.2170 
   HI_SS0025  6 0.2711 0.1133 0.0890 0.1190 0.1298 0.1093 0.0719 0.0968 
   HI_SS0027  6 0.0876 0.2014 0.1564 0.1121 0.1633 0.0820 0.1242 0.0731 
   HI_SS0028  6 0.1804 0.0420 0.0368 0.0347 0.1559 0.1188 0.3041 0.1272 
   HI_SS0029  6 0.2536 0.0564 0.1636 0.1440 0.0699 0.0638 0.0724 0.1764 
   HI_SS0030  6 0.0744 0.0829 0.1328 0.1683 0.1623 0.1414 0.1081 0.1298 
   HI_SS0031  6 0.0858 0.0852 0.0527 0.1675 0.0423 0.1593 0.3049 0.1023 
   HI_SS0034  6 0.0676 0.2076 0.1953 0.1536 0.0880 0.0916 0.0701 0.1263 
   HI_SS0036  6 0.0558 0.0406 0.2580 0.0764 0.1181 0.0635 0.1121 0.2755 
   HI_SS0037  6 0.1503 0.1289 0.2503 0.0491 0.1458 0.0892 0.1417 0.0446 
   HI_SS0039  6 0.1090 0.0501 0.2305 0.0544 0.2321 0.1234 0.1005 0.1000 
   HI_SS0041  6 0.1355 0.0619 0.0726 0.0950 0.2819 0.0778 0.0717 0.2036 
   HI_SS0042  6 0.1698 0.1073 0.0677 0.0915 0.1074 0.1274 0.0903 0.2385 
   HI_SS0043  6 0.0380 0.1274 0.2781 0.1059 0.0904 0.1014 0.1112 0.1477 
   HI_SS0044  6 0.2775 0.0551 0.2091 0.1758 0.0604 0.0529 0.0839 0.0853 
   HI_SS0047  6 0.1496 0.1194 0.0699 0.1356 0.2039 0.1391 0.1020 0.0804 
   HI_SS0049  6 0.2617 0.1596 0.0982 0.0915 0.0763 0.1063 0.0935 0.1129 
   HI_SS0051  6 0.0592 0.1252 0.0849 0.0919 0.3244 0.1629 0.1117 0.0397 
   HI_SS0053  6 0.0476 0.1258 0.2156 0.0907 0.0696 0.1115 0.1406 0.1985 
   HI_SS0054  6 0.0369 0.2261 0.2042 0.0596 0.1232 0.1449 0.0944 0.1106 
   HI_SS0057  6 0.1178 0.1580 0.1084 0.0496 0.2003 0.1150 0.0569 0.1939 
   HI_SS0058  6 0.1667 0.1544 0.2313 0.0840 0.0993 0.1229 0.0918 0.0496 
   HI_SS0060  6 0.0474 0.1162 0.0793 0.0962 0.1449 0.1103 0.2019 0.2038 
   HI_SS0087  6 0.0844 0.2292 0.1002 0.1027 0.0746 0.1460 0.1483 0.1146 
   HI_SS0091  6 0.0453 0.1042 0.2702 0.1021 0.0526 0.1697 0.1312 0.1248 
   HI_SS0095  6 0.0627 0.0912 0.1196 0.2030 0.1252 0.1433 0.1363 0.1187 
   HI_SS0097  6 0.0532 0.2629 0.0594 0.1622 0.0773 0.2058 0.1174 0.0617 
   HI_SS0099  6 0.3282 0.1029 0.1146 0.0559 0.0702 0.0667 0.1749 0.0867 
   HI_SS0103  6 0.1622 0.0821 0.1155 0.1978 0.1026 0.1811 0.0655 0.0933 
   HI_SS0105  6 0.0605 0.1033 0.0935 0.0818 0.1505 0.2043 0.1634 0.1428 
   HI_SS0107  6 0.1645 0.0991 0.0432 0.2083 0.0881 0.1167 0.0500 0.2302 
   HI_SS0108  6 0.0578 0.1513 0.3569 0.1139 0.0866 0.0946 0.0601 0.0789 
   HI_SS0110  6 0.0827 0.0577 0.1410 0.1689 0.0520 0.2132 0.0790 0.2056 
   HI_SS0111  6 0.0731 0.1106 0.0904 0.2089 0.1061 0.1222 0.1443 0.1443 
   HI_SS0112  6 0.0711 0.0912 0.2981 0.1325 0.0753 0.0554 0.1210 0.1554 
   HI_SS0113  6 0.2335 0.1080 0.0650 0.0761 0.0862 0.1500 0.0638 0.2174 
   HI_SS0114  6 0.0681 0.2136 0.1573 0.0825 0.1368 0.0732 0.1588 0.1097 
   HI_SS0115  6 0.1760 0.0998 0.0857 0.2462 0.1085 0.0692 0.1661 0.0484 
   HI_SS0116  6 0.2387 0.1136 0.2181 0.1740 0.0400 0.0594 0.0990 0.0572 
   HI_SS0117  6 0.0578 0.1371 0.1794 0.0768 0.0443 0.2158 0.1242 0.1645 
   HI_SS0118  6 0.1399 0.1572 0.1923 0.0986 0.0670 0.1324 0.1324 0.0800 
   HI_SS0119  6 0.0422 0.1102 0.1626 0.1345 0.0995 0.2433 0.0863 0.1215 
   HI_SS0120  6 0.1805 0.0634 0.0557 0.1389 0.0653 0.1435 0.0417 0.3110 
   HI_SS0121  6 0.0838 0.0950 0.0671 0.0381 0.1346 0.2789 0.1446 0.1578 
   HI_SS0122  6 0.1000 0.0702 0.1471 0.1050 0.1385 0.1794 0.1105 0.1493 
   HI_SS0123  6 0.1117 0.1235 0.1312 0.1161 0.0653 0.2112 0.1063 0.1346 
   HI_SS0124  6 0.2954 0.0669 0.0555 0.1638 0.1202 0.0954 0.1132 0.0895 
   HI_SS0125  6 0.1393 0.0865 0.0408 0.1816 0.1110 0.0713 0.1472 0.2223 
   HI_SS0126  6 0.1920 0.0601 0.3277 0.1016 0.0719 0.0956 0.0702 0.0810 
   HI_SS0127  6 0.0748 0.1597 0.0784 0.0662 0.2906 0.1113 0.1410 0.0780 
   HI_SS0128  6 0.1404 0.1271 0.0944 0.1588 0.0514 0.1269 0.1001 0.2009 
   HI_SS0129  6 0.0893 0.1158 0.1759 0.1195 0.1446 0.0625 0.0739 0.2185 
   HI_SS0131  6 0.0685 0.1352 0.1666 0.0470 0.1330 0.1357 0.2107 0.1033 
   HI_SS0132  6 0.0952 0.1282 0.1161 0.0959 0.0913 0.1394 0.1579 0.1759 
   HI_SS0133  6 0.0761 0.0732 0.3824 0.1020 0.0978 0.0583 0.0634 0.1468 
   HI_SS0134  6 0.1063 0.1634 0.1360 0.1141 0.0957 0.1726 0.1322 0.0797 
   HI_SS0142  6 0.0531 0.1216 0.0703 0.1438 0.1013 0.1981 0.2083 0.1034 
   HI_SS0145  6 0.1123 0.1477 0.1591 0.1713 0.0801 0.1673 0.0928 0.0693 
   HI_SS0146  6 0.0964 0.1283 0.1762 0.1520 0.1384 0.1186 0.1474 0.0428 
   HI_SS0147  6 0.0907 0.0857 0.0901 0.0637 0.3560 0.1872 0.0576 0.0690 
   HI_SS0149  6 0.0520 0.0785 0.1472 0.0345 0.0482 0.2721 0.0621 0.3055 
   HI_SS0150  6 0.1414 0.1268 0.0552 0.1214 0.1664 0.0855 0.1066 0.1967 
   HI_SS0151  6 0.0969 0.0978 0.0890 0.3301 0.1760 0.0613 0.0831 0.0659 
   NS_SS1451  6 0.1794 0.0713 0.0528 0.1719 0.1787 0.0894 0.0772 0.1792 
   NS_SS1404  6 0.1408 0.0597 0.1143 0.0685 0.3055 0.1182 0.0846 0.1083 
   NS_SS1432  6 0.2166 0.0587 0.0495 0.1001 0.0736 0.0926 0.1568 0.2522 
   NS_SS1405  6 0.3028 0.0773 0.1606 0.1231 0.0752 0.0909 0.0929 0.0772 
   NS_SS1431  6 0.1897 0.1175 0.0696 0.0735 0.0812 0.1505 0.0699 0.2481 
   NS_SS1402  6 0.0830 0.0959 0.1066 0.1956 0.0797 0.1636 0.1464 0.1291 
   NS_SS1450  6 0.0912 0.0932 0.2012 0.1562 0.1346 0.0505 0.0410 0.2321 
   NS_SS1396  6 0.1418 0.1179 0.1091 0.1017 0.1360 0.1389 0.1424 0.1123 
   NS_SS1393  6 0.1219 0.1375 0.1011 0.2047 0.1112 0.0810 0.1906 0.0519 
   NS_SS1392  6 0.1644 0.0559 0.0717 0.2267 0.1614 0.0469 0.0874 0.1856 
   NS_SS1445  6 0.0537 0.1398 0.1786 0.0500 0.1033 0.1216 0.1895 0.1634 
   NS_SS1423  6 0.0990 0.0780 0.1292 0.1909 0.0533 0.1492 0.1812 0.1191 
   NS_SS1421  6 0.0779 0.1237 0.1378 0.1286 0.0893 0.1118 0.0631 0.2679 
   NS_SS1411  6 0.0973 0.2014 0.1816 0.0652 0.2483 0.0482 0.0853 0.0728 
   NS_SS1453  6 0.0728 0.0654 0.2029 0.1261 0.0958 0.1273 0.1104 0.1994 
   NS_SS1442  6 0.1268 0.3037 0.0900 0.1148 0.0737 0.1126 0.1175 0.0609 
   NS_SS1422  6 0.0759 0.1489 0.0833 0.2960 0.0723 0.1630 0.0587 0.1018 
   NS_SS1419  6 0.1073 0.3222 0.0871 0.0565 0.1372 0.1313 0.0586 0.0998 
   NS_SS1427  6 0.0687 0.0681 0.2289 0.2487 0.0461 0.0320 0.0598 0.2477 
   NS_SS1444  6 0.1829 0.1348 0.0681 0.0686 0.1542 0.0999 0.2158 0.0757 
   NS_SS1455  6 0.2889 0.1695 0.0672 0.1113 0.0515 0.1589 0.0860 0.0667 
   NS_SS1425  6 0.0566 0.2066 0.2471 0.0722 0.0921 0.0945 0.1714 0.0595 
   NS_SS1400  6 0.1352 0.1701 0.2665 0.0503 0.1038 0.1364 0.0740 0.0636 
   NS_SS1406  6 0.1241 0.2039 0.0403 0.0734 0.0542 0.2241 0.1086 0.1714 
   NS_SS1417  6 0.1360 0.1219 0.1675 0.0706 0.1036 0.2229 0.0592 0.1182 
   NS_SS1454  6 0.1165 0.1095 0.2260 0.0347 0.0985 0.1535 0.0701 0.1912 
   NS_SS1412  6 0.1674 0.0849 0.1917 0.0801 0.1776 0.1281 0.0988 0.0713 
   NS_SS1438  6 0.0388 0.2110 0.1851 0.1118 0.1590 0.0927 0.1433 0.0582 
   NS_SS1416  6 0.1623 0.1039 0.1387 0.1126 0.1358 0.1300 0.1136 0.1031 
   NS_SS1401  6 0.0912 0.1049 0.1091 0.1126 0.0681 0.1698 0.1854 0.1590 
   NS_SS1424  6 0.0567 0.0665 0.1440 0.1220 0.1292 0.2215 0.1044 0.1557 
   NS_SS1435  6 0.1570 0.0575 0.0811 0.1067 0.1111 0.0602 0.2880 0.1384 
   NS_SS1447  6 0.1325 0.2253 0.0685 0.0621 0.2056 0.1147 0.0950 0.0962 
   NS_SS1414  6 0.2150 0.1392 0.0795 0.0416 0.1878 0.1218 0.0923 0.1228 
   NS_SS1449  6 0.0550 0.0790 0.0762 0.3274 0.1057 0.1164 0.0598 0.1805 
   NS_SS1443  6 0.0798 0.1341 0.1810 0.2374 0.0546 0.1151 0.1369 0.0611 
   NS_SS1434  6 0.2021 0.1130 0.1220 0.2986 0.0577 0.0852 0.0516 0.0699 
   NS_SS1398  6 0.2422 0.1082 0.1037 0.0954 0.0797 0.0803 0.1057 0.1847 
   NS_SS1426  6 0.0590 0.1102 0.2133 0.1323 0.0885 0.0871 0.2053 0.1042 
   NS_SS1413  6 0.1777 0.1037 0.2552 0.0745 0.0718 0.1409 0.0728 0.1034 
   NS_SS1395  6 0.0546 0.1215 0.1429 0.1586 0.0598 0.0976 0.2925 0.0726 
   NS_SS1448  6 0.0976 0.0655 0.1720 0.0637 0.2357 0.0484 0.0619 0.2551 
   NS_SS1446  6 0.0564 0.0963 0.1735 0.1721 0.1198 0.1251 0.1350 0.1219 
   NS_SS1403  6 0.1071 0.0846 0.0618 0.1081 0.0739 0.1341 0.2594 0.1711 
   NS_SS1415  6 0.1139 0.1136 0.2181 0.1092 0.1231 0.0921 0.1351 0.0948 
   NS_SS1437  6 0.0918 0.1103 0.0882 0.0560 0.0967 0.1022 0.2021 0.2528 
   NS_SS1439  6 0.0951 0.1383 0.0876 0.1628 0.0964 0.2043 0.1672 0.0483 
   NS_SS1441  6 0.1633 0.1389 0.1598 0.1328 0.0474 0.1040 0.1506 0.1033 
   NS_SS1420  6 0.0987 0.0706 0.0642 0.1230 0.4461 0.0408 0.0529 0.1037 
   NS_SS1394  6 0.1782 0.0934 0.0555 0.0573 0.1878 0.0644 0.2323 0.1311 
   NS_SS1391  6 0.2069 0.0697 0.1872 0.1539 0.0639 0.0895 0.1374 0.0915 
   NS_SS1410  6 0.1047 0.1120 0.1381 0.1566 0.0711 0.1144 0.1072 0.1959 
   NS_SS1408  6 0.0542 0.1216 0.0689 0.1016 0.1128 0.1336 0.1641 0.2433 
   NS_SS1409  6 0.2163 0.0851 0.1582 0.2028 0.0498 0.1243 0.0749 0.0885 
   HI_SS0617  7 0.1295 0.0554 0.2060 0.2738 0.1179 0.0873 0.0552 0.0750 
   HI_SS0618  7 0.1783 0.1357 0.0612 0.2085 0.1205 0.0635 0.1145 0.1178 
   HI_SS0619  7 0.2986 0.0569 0.1679 0.0783 0.1035 0.0997 0.1171 0.0781 
   HI_SS0620  7 0.0471 0.0694 0.2511 0.1987 0.2605 0.0568 0.0632 0.0532 
   HI_SS0621  7 0.1051 0.0868 0.0763 0.1746 0.1081 0.1537 0.0977 0.1978 
   HI_SS0622  7 0.1067 0.1302 0.1498 0.0713 0.1444 0.1800 0.0695 0.1482 
   HI_SS0626  7 0.0969 0.0953 0.0876 0.0439 0.2448 0.0767 0.2164 0.1383 
   HI_SS0627  7 0.1253 0.1351 0.0553 0.0917 0.0816 0.1645 0.1569 0.1895 
   HI_SS0628  7 0.1043 0.0802 0.2121 0.0604 0.0851 0.0629 0.1432 0.2518 
   HI_SS0629  7 0.0908 0.0956 0.1373 0.0912 0.0913 0.1634 0.2393 0.0911 
   HI_SS0630  7 0.1342 0.1161 0.1452 0.1466 0.1764 0.0693 0.1545 0.0577 
   HI_SS0631  7 0.0727 0.1184 0.1490 0.1625 0.1643 0.0694 0.1365 0.1271 
   HI_SS0632  7 0.0772 0.2375 0.0977 0.0628 0.1825 0.0757 0.0845 0.1822 
   HI_SS0633  7 0.3239 0.1120 0.1195 0.1799 0.0556 0.0852 0.0677 0.0562 
   HI_SS0634  7 0.0774 0.0757 0.1417 0.0894 0.1893 0.1437 0.1055 0.1773 
   HI_SS0635  7 0.1782 0.1453 0.0505 0.0588 0.1311 0.1033 0.2288 0.1039 
   HI_SS0637  7 0.0435 0.1424 0.1091 0.0704 0.2190 0.1802 0.1144 0.1211 
   HI_SS0638  7 0.1582 0.1010 0.1517 0.1086 0.1258 0.1281 0.0724 0.1542 
   HI_SS0639  7 0.1135 0.0970 0.0469 0.1209 0.1692 0.0976 0.2368 0.1182 
   HI_SS0640  7 0.1101 0.2441 0.0665 0.0944 0.0821 0.0872 0.2476 0.0679 
   HI_SS0641  7 0.1249 0.0986 0.1808 0.0519 0.1942 0.0697 0.2178 0.0623 
   HI_SS0642  7 0.0811 0.0778 0.0556 0.1046 0.0737 0.1699 0.1466 0.2907 
   HI_SS0645  7 0.2684 0.1187 0.0611 0.0905 0.2662 0.0736 0.0662 0.0552 
   HI_SS0646  7 0.1244 0.0892 0.1034 0.2413 0.0692 0.1629 0.0955 0.1142 
   HI_SS0647  7 0.1762 0.0853 0.1283 0.0671 0.1020 0.1420 0.0695 0.2297 
   HI_SS0648  7 0.1491 0.1132 0.1292 0.1019 0.1333 0.1114 0.1432 0.1187 
   HI_SS0649  7 0.1834 0.1817 0.0834 0.1665 0.0623 0.0845 0.1772 0.0610 
   HI_SS0650  7 0.2154 0.0985 0.0626 0.2500 0.0956 0.0883 0.0933 0.0962 
   HI_SS0651  7 0.1632 0.0852 0.0797 0.1653 0.1019 0.1078 0.2409 0.0561 
   HI_SS0652  7 0.1499 0.0922 0.0610 0.0663 0.3587 0.0610 0.0848 0.1259 
   NS_SS1371  7 0.0804 0.0667 0.0971 0.2328 0.0488 0.1473 0.2601 0.0669 
   NS_SS1374  7 0.0662 0.0515 0.2340 0.0560 0.1601 0.0947 0.1076 0.2299 
   NS_SS1337  7 0.0652 0.0489 0.0703 0.0761 0.2748 0.2065 0.0422 0.2160 
   NS_SS1385  7 0.1814 0.0960 0.0930 0.1666 0.0931 0.1638 0.1431 0.0630 
   NS_SS1388  7 0.2836 0.1285 0.1163 0.0628 0.0621 0.0620 0.1861 0.0986 
   NS_SS1370  7 0.0471 0.0744 0.0470 0.1292 0.4911 0.0887 0.0527 0.0699 
   NS_SS1389  7 0.2980 0.1152 0.1013 0.0529 0.1107 0.0561 0.1305 0.1352 
   NS_SS1360  7 0.0838 0.1732 0.1148 0.0786 0.1408 0.0933 0.2441 0.0716 
   NS_SS1330  7 0.1705 0.0833 0.0600 0.1434 0.2059 0.1700 0.1227 0.0440 
   NS_SS1328  7 0.1145 0.0826 0.2087 0.1681 0.0486 0.0840 0.0739 0.2197 
   NS_SS1384  7 0.0447 0.1367 0.0725 0.1216 0.1032 0.1341 0.2870 0.1003 
   NS_SS1381  7 0.2426 0.1036 0.0443 0.2696 0.0873 0.1128 0.0554 0.0844 
   NS_SS1375  7 0.2641 0.0435 0.0921 0.1436 0.1100 0.0565 0.1226 0.1676 
   NS_SS1319  7 0.0901 0.0720 0.1049 0.1777 0.1152 0.1315 0.1320 0.1766 
   NS_SS1326  7 0.1954 0.0870 0.2801 0.1097 0.0536 0.0601 0.0821 0.1320 
   NS_SS1341  7 0.0453 0.2124 0.1447 0.0770 0.0698 0.1792 0.1430 0.1286 
   NS_SS1383  7 0.0296 0.0842 0.0625 0.1078 0.1261 0.0808 0.1518 0.3572 
   NS_SS1318  7 0.1420 0.1222 0.0956 0.1456 0.2094 0.0950 0.1238 0.0664 
   NS_SS1348  7 0.0413 0.1276 0.1438 0.1096 0.1179 0.1203 0.2590 0.0805 
   NS_SS1363  7 0.1263 0.1047 0.0813 0.1228 0.1840 0.1824 0.0805 0.1179 
   NS_SS1335  7 0.0585 0.1570 0.1288 0.0739 0.1188 0.1638 0.2175 0.0816 
   NS_SS1358  7 0.0416 0.1698 0.1352 0.1520 0.1043 0.1806 0.0809 0.1356 
   NS_SS1342  7 0.0645 0.1074 0.1742 0.1186 0.0504 0.2213 0.1182 0.1454 
   NS_SS1320  7 0.3407 0.1096 0.0388 0.1495 0.0438 0.1445 0.0414 0.1317 
   NS_SS1355  7 0.1116 0.2736 0.0584 0.1030 0.1159 0.1561 0.0978 0.0835 
   NS_SS1345  7 0.0653 0.2973 0.0428 0.1044 0.0932 0.2517 0.0595 0.0858 
   NS_SS1324  7 0.0777 0.1125 0.1225 0.1528 0.0854 0.0761 0.2535 0.1195 
   NS_SS1347  7 0.0998 0.0983 0.0739 0.2416 0.1111 0.1348 0.1647 0.0759 
   NS_SS1321  7 0.0733 0.0483 0.2194 0.0819 0.1475 0.1989 0.1258 0.1049 
   NS_SS1333  7 0.1002 0.0330 0.2126 0.0695 0.0683 0.1339 0.2425 0.1400 
   NS_SS1364  7 0.0644 0.3039 0.1258 0.0436 0.0596 0.1092 0.1517 0.1419 
   NS_SS1379  7 0.1580 0.1964 0.0899 0.1747 0.0956 0.1015 0.0874 0.0965 
   NS_SS1332  7 0.1530 0.0811 0.2559 0.0500 0.0551 0.0998 0.2173 0.0879 
   NS_SS1338  7 0.0699 0.1411 0.1214 0.1235 0.1819 0.0750 0.2281 0.0592 
   NS_SS1368  7 0.1044 0.1528 0.2133 0.0416 0.0549 0.1906 0.0943 0.1481 
   NS_SS1354  7 0.1445 0.1001 0.0988 0.0836 0.1028 0.2484 0.1408 0.0810 
   NS_SS1365  7 0.1379 0.1267 0.0795 0.0931 0.1454 0.1173 0.0720 0.2281 
   NS_SS1380  7 0.1643 0.1137 0.0814 0.0545 0.1815 0.2319 0.0759 0.0968 
   NS_SS1329  7 0.0816 0.1104 0.2054 0.0611 0.0435 0.2957 0.0931 0.1093 
   NS_SS1362  7 0.0940 0.1041 0.0944 0.1515 0.0862 0.1454 0.2014 0.1232 
   NS_SS1327  7 0.0565 0.1282 0.3085 0.1062 0.0727 0.0406 0.1865 0.1009 
   NS_SS1350  7 0.1287 0.0378 0.1199 0.3167 0.0743 0.0793 0.1471 0.0963 
   NS_SS1387  7 0.1709 0.1746 0.0815 0.0747 0.1591 0.0549 0.2096 0.0747 
   NS_SS1369  7 0.0537 0.2310 0.1932 0.0745 0.1188 0.1375 0.0398 0.1516 
   NS_SS1331  7 0.1974 0.0740 0.1707 0.0458 0.1502 0.0872 0.0696 0.2051 
   NS_SS1357  7 0.1143 0.0715 0.1221 0.2896 0.0371 0.0540 0.0475 0.2639 
   NS_SS1386  7 0.0422 0.1282 0.3112 0.0438 0.0394 0.1472 0.0718 0.2162 
   NS_SS1353  7 0.2520 0.0864 0.1091 0.0940 0.0693 0.1272 0.1039 0.1580 
   NS_SS1323  7 0.1309 0.1189 0.0686 0.0733 0.0974 0.2027 0.1220 0.1862 
   HI_SS0296  8 0.0708 0.1918 0.1538 0.1786 0.2146 0.0551 0.0528 0.0825 
   HI_SS0297  8 0.0868 0.0733 0.0601 0.1999 0.0514 0.0759 0.0823 0.3702 
   HI_SS0299  8 0.0544 0.2113 0.0868 0.1222 0.1445 0.1262 0.0871 0.1674 
   HI_SS0300  8 0.0850 0.3644 0.0883 0.0895 0.1553 0.0673 0.0603 0.0900 
   HI_SS0301  8 0.0529 0.2179 0.0532 0.0308 0.2357 0.0993 0.2087 0.1014 
   HI_SS0302  8 0.0617 0.1462 0.1500 0.0782 0.2261 0.0747 0.1704 0.0926 
   HI_SS0303  8 0.2210 0.1545 0.2518 0.0754 0.0491 0.0837 0.1106 0.0538 
   HI_SS0304  8 0.2515 0.0643 0.1714 0.0478 0.1508 0.0845 0.0668 0.1631 
   HI_SS0306  8 0.0692 0.1096 0.2485 0.0602 0.2162 0.0799 0.0693 0.1472 
   HI_SS0307  8 0.1828 0.1151 0.0840 0.0982 0.1454 0.1665 0.1291 0.0790 
   HI_SS0308  8 0.0913 0.1403 0.0524 0.1494 0.0756 0.0967 0.3020 0.0924 
   HI_SS0309  8 0.0560 0.1702 0.0682 0.1904 0.1615 0.1926 0.0951 0.0660 
   HI_SS0310  8 0.2374 0.1523 0.1255 0.0738 0.0886 0.0767 0.1483 0.0973 
   HI_SS0311  8 0.0732 0.1337 0.1067 0.0579 0.2390 0.1198 0.0823 0.1875 
   HI_SS0314  8 0.2877 0.0725 0.1291 0.0978 0.0454 0.0774 0.1368 0.1534 
   HI_SS0316  8 0.1557 0.1514 0.1654 0.0750 0.0856 0.1142 0.1642 0.0885 
   HI_SS0317  8 0.0617 0.0615 0.0785 0.1118 0.1570 0.1816 0.2209 0.1271 
   HI_SS0318  8 0.0430 0.1940 0.1554 0.0832 0.0830 0.0972 0.2008 0.1434 
   HI_SS0319  8 0.0591 0.2014 0.2486 0.1329 0.0366 0.0743 0.1544 0.0927 
   HI_SS0320  8 0.2244 0.0518 0.0831 0.0487 0.0776 0.1123 0.1421 0.2599 
   HI_SS0321  8 0.0424 0.0813 0.0744 0.2501 0.0786 0.1038 0.2598 0.1097 
   HI_SS0323  8 0.0877 0.0967 0.1683 0.1290 0.1644 0.0678 0.1624 0.1237 
   HI_SS0325  8 0.0619 0.0875 0.2303 0.0582 0.2752 0.1030 0.0443 0.1396 
   HI_SS0327  8 0.0611 0.0830 0.1273 0.3565 0.0338 0.1194 0.1560 0.0628 
   HI_SS0329  8 0.1638 0.1360 0.0830 0.0519 0.1414 0.0925 0.1024 0.2291 
   HI_SS0333  8 0.1507 0.1828 0.1022 0.1379 0.0829 0.0875 0.1315 0.1246 
   HI_SS0334  8 0.0560 0.2105 0.1738 0.0979 0.1231 0.1521 0.1153 0.0714 
   HI_SS0335  8 0.0713 0.1389 0.0611 0.1643 0.1273 0.2496 0.1001 0.0874 
   HI_SS0339  8 0.1166 0.2974 0.0697 0.0638 0.1291 0.1045 0.1130 0.1059 
   HI_SS0343  8 0.0918 0.1558 0.0627 0.1601 0.0785 0.2438 0.0856 0.1217 
   HI_SS0344  8 0.0416 0.0962 0.3424 0.1210 0.0779 0.0788 0.0948 0.1473 
   HI_SS0345  8 0.1015 0.1762 0.1331 0.0440 0.1714 0.1447 0.0633 0.1658 
   HI_SS0346  8 0.0628 0.1021 0.1380 0.0740 0.1398 0.1104 0.1183 0.2545 
   HI_SS0350  8 0.1977 0.2106 0.0439 0.1176 0.1001 0.2309 0.0570 0.0423 
   HI_SS0351  8 0.0698 0.2001 0.0854 0.0807 0.0904 0.2510 0.1231 0.0994 
   HI_SS0352  8 0.1034 0.1823 0.0792 0.1116 0.0904 0.1563 0.1162 0.1605 
   HI_SS0362  8 0.1533 0.0930 0.0975 0.0669 0.2579 0.0875 0.1735 0.0703 
   HI_SS0363  8 0.0733 0.1188 0.1472 0.3014 0.0664 0.0946 0.1347 0.0635 
   HI_SS0365  8 0.1446 0.1282 0.1914 0.2106 0.0553 0.1177 0.1066 0.0457 
   HI_SS0366  8 0.0617 0.0784 0.2743 0.1847 0.1508 0.1183 0.0736 0.0583 
   HI_SS0367  8 0.2754 0.1107 0.0832 0.0786 0.0893 0.1765 0.1031 0.0833 
   HI_SS0369  8 0.1605 0.1546 0.0621 0.0805 0.1505 0.1019 0.1260 0.1638 
