   NS_SS0963  1 0.2025 0.4434 0.1639 0.1902 
   NS_SS0983  1 0.2217 0.1917 0.4737 0.1129 
   NS_SS0719  1 0.2880 0.2482 0.2613 0.2025 
   NS_SS1001  1 0.3050 0.1692 0.1182 0.4077 
   NS_SS0936  1 0.1120 0.3805 0.1456 0.3619 
   NS_SS0955  1 0.2246 0.3426 0.3060 0.1269 
   NS_SS0944  1 0.2200 0.3389 0.2282 0.2129 
   NS_SS0945  1 0.1940 0.1648 0.2733 0.3680 
   NS_SS0922  1 0.2510 0.1977 0.1301 0.4212 
   NS_SS0929  1 0.1921 0.3104 0.3218 0.1757 
   NS_SS0956  1 0.4758 0.1596 0.1132 0.2515 
   NS_SS0906  1 0.1956 0.3718 0.2704 0.1622 
   NS_SS0721  1 0.4933 0.1521 0.1929 0.1617 
   NS_SS0982  1 0.2573 0.3912 0.1628 0.1887 
   NS_SS0923  1 0.2636 0.2792 0.1858 0.2714 
   NS_SS0905  1 0.3187 0.2375 0.2396 0.2041 
   NS_SS0925  1 0.2595 0.3615 0.1184 0.2606 
   NS_SS0947  1 0.1782 0.3439 0.1656 0.3122 
   NS_SS0926  1 0.1994 0.2436 0.4253 0.1317 
   NS_SS0918  1 0.3314 0.4022 0.1103 0.1560 
   NS_SS0966  1 0.2087 0.4107 0.1725 0.2081 
   NS_SS0938  1 0.1558 0.2230 0.1505 0.4707 
   NS_SS0917  1 0.1896 0.1581 0.3888 0.2635 
   NS_SS0957  1 0.4198 0.2182 0.1926 0.1694 
   NS_SS0987  1 0.5600 0.1580 0.1715 0.1105 
   NS_SS0717  1 0.3373 0.1964 0.1339 0.3325 
   NS_SS0986  1 0.3818 0.2238 0.2522 0.1423 
   NS_SS0953  1 0.2492 0.3609 0.1251 0.2648 
   NS_SS0907  1 0.1614 0.4968 0.2055 0.1363 
   NS_SS0974  1 0.1172 0.3655 0.2403 0.2770 
   NS_SS0989  1 0.1282 0.1593 0.4701 0.2424 
   NS_SS0991  1 0.3674 0.3032 0.2552 0.0742 
   NS_SS0994  1 0.0955 0.1178 0.5699 0.2169 
   NS_SS0931  1 0.3260 0.2057 0.3465 0.1218 
   NS_SS1000  1 0.1652 0.3116 0.1374 0.3857 
   NS_SS0919  1 0.1534 0.4445 0.2849 0.1172 
   NS_SS0949  1 0.1849 0.1839 0.4042 0.2270 
   NS_SS0960  1 0.2695 0.3156 0.3021 0.1128 
   NS_SS0716  1 0.4871 0.0881 0.1208 0.3041 
   NS_SS0924  1 0.2151 0.3701 0.2814 0.1334 
   NS_SS0935  1 0.3150 0.1771 0.3751 0.1328 
   NS_SS0952  1 0.1648 0.3454 0.3624 0.1273 
   NS_SS0962  1 0.2912 0.2416 0.1592 0.3079 
   NS_SS0973  1 0.1667 0.4677 0.1895 0.1760 
   NS_SS0722  1 0.1409 0.2219 0.1000 0.5372 
   NS_SS0979  1 0.3706 0.2875 0.1400 0.2018 
   NS_SS0993  1 0.2369 0.3432 0.1183 0.3016 
   NS_SS0958  1 0.2188 0.2007 0.3566 0.2240 
   NS_SS0988  1 0.2335 0.3716 0.2647 0.1303 
   NS_SS1003  1 0.3987 0.3706 0.0968 0.1340 
   NS_SS0976  1 0.1945 0.3071 0.3335 0.1649 
   NS_SS0964  1 0.3026 0.1734 0.1153 0.4086 
   NS_SS0939  1 0.4115 0.0703 0.0984 0.4198 
   NS_SS0990  1 0.2591 0.1403 0.3154 0.2852 
   NS_SS0984  1 0.2276 0.1845 0.1082 0.4797 
   NS_SS0980  1 0.1071 0.4233 0.1484 0.3212 
   NS_SS0978  1 0.1390 0.3266 0.1749 0.3595 
   NS_SS0951  1 0.4415 0.1942 0.2566 0.1076 
   NS_SS0913  1 0.3836 0.1702 0.1606 0.2856 
   NS_SS1002  1 0.1294 0.5283 0.1232 0.2191 
   NS_SS0948  1 0.2703 0.3114 0.2484 0.1699 
   NS_SS0916  1 0.1765 0.1525 0.3001 0.3710 
   NS_SS0995  1 0.2887 0.1862 0.2065 0.3186 
   NS_SS0927  1 0.1468 0.1831 0.3719 0.2982 
   NS_SS0992  1 0.0966 0.2763 0.2528 0.3743 
   NS_SS0912  1 0.4420 0.1968 0.2385 0.1227 
   NS_SS0981  1 0.3447 0.3730 0.1362 0.1461 
   NS_SS0729  2 0.0723 0.2655 0.4601 0.2021 
   NS_SS0967  2 0.1615 0.5052 0.1465 0.1868 
   NS_SS0941  2 0.1988 0.1650 0.1960 0.4402 
   NS_SS0768  2 0.3603 0.2914 0.1684 0.1798 
   NS_SS0726  2 0.0894 0.2540 0.3402 0.3164 
   NS_SS0763  2 0.1513 0.2190 0.3731 0.2565 
   NS_SS0730  2 0.3063 0.1929 0.1595 0.3413 
   NS_SS0774  2 0.1405 0.2854 0.1287 0.4454 
   NS_SS0723  2 0.2334 0.3782 0.1021 0.2862 
   NS_SS0940  2 0.2536 0.1134 0.2982 0.3348 
   NS_SS0762  2 0.2323 0.1759 0.0810 0.5109 
   NS_SS0766  2 0.2648 0.0891 0.2382 0.4079 
   NS_SS0724  2 0.3621 0.3068 0.1286 0.2026 
   NS_SS0769  2 0.2622 0.2727 0.2389 0.2262 
   NS_SS0777  2 0.3299 0.2219 0.3040 0.1443 
   NS_SS0734  2 0.3619 0.1364 0.2547 0.2470 
   NS_SS0737  2 0.1525 0.1208 0.0959 0.6308 
   NS_SS0732  2 0.4991 0.2244 0.1332 0.1433 
   NS_SS0728  2 0.2420 0.1540 0.1966 0.4075 
   NS_SS0735  2 0.2668 0.2014 0.1434 0.3884 
   NS_SS0725  2 0.2073 0.1880 0.1398 0.4648 
   NS_SS0788  2 0.2054 0.3418 0.2391 0.2136 
   NS_SS0778  2 0.2757 0.2551 0.3168 0.1525 
   NS_SS0792  2 0.3203 0.2200 0.2751 0.1846 
   NS_SS0943  2 0.2201 0.3701 0.3077 0.1021 
   NS_SS0791  2 0.3185 0.0898 0.3048 0.2870 
   NS_SS0790  2 0.3920 0.3332 0.0675 0.2072 
   NS_SS0731  2 0.4878 0.1584 0.1396 0.2141 
   NS_SS0727  2 0.1016 0.1067 0.3452 0.4465 
   NS_SS0779  2 0.3112 0.2317 0.2200 0.2371 
   NS_SS0776  2 0.2270 0.1722 0.1966 0.4041 
   NS_SS0775  2 0.2519 0.1256 0.1207 0.5017 
   NS_SS0965  3 0.3981 0.3145 0.1535 0.1339 
   NS_SS0754  3 0.3251 0.1779 0.3383 0.1587 
   NS_SS0838  3 0.1865 0.2686 0.2562 0.2887 
   NS_SS0839  3 0.2500 0.2520 0.1085 0.3895 
   NS_SS0832  3 0.3090 0.4210 0.0730 0.1970 
   NS_SS0820  3 0.3702 0.3245 0.1050 0.2004 
   NS_SS0886  3 0.3090 0.1861 0.3214 0.1836 
   NS_SS0748  3 0.2544 0.3296 0.2722 0.1438 
   NS_SS0884  3 0.1987 0.3098 0.2445 0.2470 
   NS_SS0752  3 0.1645 0.2813 0.1880 0.3663 
   NS_SS0862  3 0.5064 0.2387 0.1054 0.1495 
   NS_SS0787  3 0.1497 0.1723 0.5752 0.1028 
   NS_SS0843  3 0.2625 0.2945 0.2177 0.2253 
   NS_SS0856  3 0.1786 0.1475 0.2433 0.4306 
   NS_SS0846  3 0.0869 0.4599 0.2439 0.2093 
   NS_SS0825  3 0.2733 0.3200 0.2410 0.1658 
   NS_SS0757  3 0.3215 0.2588 0.2650 0.1547 
   NS_SS0876  3 0.2358 0.2542 0.1864 0.3236 
   NS_SS0903  3 0.1230 0.4383 0.1126 0.3261 
   NS_SS0875  3 0.3651 0.1674 0.2192 0.2483 
   NS_SS0740  3 0.2370 0.2874 0.2070 0.2685 
   NS_SS0811  3 0.5518 0.1704 0.1012 0.1766 
   NS_SS0751  3 0.2424 0.1639 0.1989 0.3948 
   NS_SS0891  3 0.2250 0.1981 0.2121 0.3648 
   NS_SS0867  3 0.1971 0.4876 0.2247 0.0906 
   NS_SS0890  3 0.2204 0.2743 0.2240 0.2813 
   NS_SS0866  3 0.1542 0.1213 0.5446 0.1798 
   NS_SS0755  3 0.2811 0.3486 0.1867 0.1836 
   NS_SS0758  3 0.2013 0.2295 0.2274 0.3418 
   NS_SS0840  3 0.2513 0.4222 0.0891 0.2374 
   NS_SS0889  3 0.3175 0.1745 0.3890 0.1191 
   NS_SS1010  3 0.2060 0.4135 0.2173 0.1631 
   NS_SS0888  3 0.1631 0.1207 0.4727 0.2434 
   NS_SS0837  3 0.3808 0.3829 0.1091 0.1273 
   NS_SS0794  3 0.1888 0.1323 0.3697 0.3092 
   NS_SS0823  3 0.1699 0.3817 0.1099 0.3385 
   NS_SS0829  3 0.3141 0.1938 0.4099 0.0822 
   NS_SS0844  3 0.1450 0.6701 0.0770 0.1079 
   NS_SS1008  3 0.1927 0.1465 0.3259 0.3348 
   NS_SS0881  3 0.2732 0.2219 0.2822 0.2228 
   NS_SS0834  3 0.1461 0.1939 0.1237 0.5363 
   NS_SS0744  3 0.2164 0.3314 0.2419 0.2103 
   NS_SS0899  3 0.5017 0.2176 0.1028 0.1779 
   NS_SS0804  3 0.3562 0.3337 0.0862 0.2239 
   NS_SS0781  3 0.2367 0.3985 0.1091 0.2558 
   NS_SS0822  3 0.1909 0.2695 0.2325 0.3071 
   NS_SS1004  3 0.2236 0.4435 0.1557 0.1772 
   NS_SS0746  3 0.1453 0.4184 0.2131 0.2232 
   NS_SS0880  3 0.1856 0.4110 0.1441 0.2593 
   NS_SS0879  3 0.2316 0.2718 0.1592 0.3374 
   NS_SS0753  3 0.3268 0.2659 0.2963 0.1109 
   NS_SS1007  3 0.1343 0.1538 0.2206 0.4913 
   NS_SS0872  3 0.2177 0.3182 0.1543 0.3098 
   NS_SS1005  3 0.1562 0.4672 0.1338 0.2428 
   NS_SS0892  3 0.2631 0.2247 0.2366 0.2755 
   NS_SS0898  3 0.2872 0.2369 0.2778 0.1981 
   NS_SS0801  3 0.3788 0.2845 0.1956 0.1412 
   NS_SS0827  3 0.4400 0.1972 0.2696 0.0932 
   NS_SS0853  3 0.4644 0.1480 0.2644 0.1232 
   NS_SS0780  3 0.3481 0.2196 0.1544 0.2779 
   NS_SS0826  3 0.1837 0.5274 0.1891 0.0998 
   NS_SS0818  3 0.3221 0.2545 0.0966 0.3268 
   NS_SS0745  3 0.3707 0.0722 0.0827 0.4744 
   NS_SS0849  3 0.5337 0.2049 0.1605 0.1009 
   NS_SS0739  3 0.3386 0.1454 0.2473 0.2687 
   NS_SS0799  3 0.2266 0.1732 0.3276 0.2726 
   NS_SS0756  3 0.2675 0.4864 0.0950 0.1511 
   NS_SS0802  3 0.1372 0.2679 0.3189 0.2761 
   NS_SS0747  3 0.1651 0.4024 0.2157 0.2168 
   NS_SS0835  3 0.1064 0.2102 0.5158 0.1677 
   NS_SS0742  3 0.2617 0.3140 0.1869 0.2373 
   NS_SS0760  3 0.1808 0.1999 0.4455 0.1739 
   NS_SS0803  3 0.1305 0.5371 0.1007 0.2317 
   NS_SS0828  3 0.4253 0.1823 0.2118 0.1807 
   NS_SS0865  3 0.3101 0.3512 0.2271 0.1116 
   NS_SS0759  3 0.3304 0.2076 0.1066 0.3554 
   NS_SS0851  3 0.5554 0.1539 0.1135 0.1772 
   NS_SS0874  3 0.1909 0.4809 0.1290 0.1993 
   NS_SS0761  3 0.2718 0.2288 0.3952 0.1042 
   NS_SS0842  3 0.2357 0.2379 0.2962 0.2302 
   NS_SS0785  3 0.2061 0.3195 0.2976 0.1768 
   NS_SS0860  3 0.1269 0.2262 0.5116 0.1353 
   NS_SS0897  3 0.2197 0.1249 0.5159 0.1395 
   NS_SS0841  3 0.4220 0.2111 0.0983 0.2686 
   NS_SS0797  3 0.3451 0.2380 0.3010 0.1159 
   NS_SS0830  3 0.3386 0.2802 0.2236 0.1575 
   NS_SS1011  3 0.2186 0.5025 0.1106 0.1683 
   NS_SS0883  3 0.3888 0.1965 0.2813 0.1333 
   NS_SS0782  3 0.1682 0.1617 0.2677 0.4024 
   NS_SS0831  3 0.3632 0.1339 0.3975 0.1054 
   NS_SS0749  3 0.3524 0.1355 0.2479 0.2642 
   NS_SS0854  3 0.1656 0.2004 0.2699 0.3641 
   HI_SS0193  4 0.2595 0.1199 0.3246 0.2960 
   HI_SS0194  4 0.1361 0.1969 0.1400 0.5270 
   HI_SS0195  4 0.4843 0.1675 0.0918 0.2563 
   HI_SS0196  4 0.1692 0.1479 0.2570 0.4259 
   HI_SS0197  4 0.1424 0.3399 0.2011 0.3165 
   HI_SS0198  4 0.3623 0.1756 0.2947 0.1674 
   HI_SS0199  4 0.1195 0.1627 0.3505 0.3673 
   HI_SS0201  4 0.1964 0.2950 0.4368 0.0719 
   HI_SS0215  4 0.2120 0.2469 0.4560 0.0851 
   HI_SS0218  4 0.1902 0.0874 0.5137 0.2087 
   HI_SS0222  4 0.3339 0.1241 0.2309 0.3111 
   HI_SS0230  4 0.3305 0.3127 0.2044 0.1524 
   HI_SS0234  4 0.0877 0.2690 0.2254 0.4179 
   HI_SS0240  4 0.1805 0.1346 0.1918 0.4932 
   HI_SS0241  4 0.1836 0.2436 0.4026 0.1702 
   HI_SS0242  4 0.2534 0.2897 0.2510 0.2060 
   HI_SS0247  4 0.2429 0.4442 0.1684 0.1446 
   HI_SS0248  4 0.1129 0.1692 0.4023 0.3156 
   HI_SS0252  4 0.2660 0.2087 0.1464 0.3789 
   HI_SS0254  4 0.1739 0.3384 0.2842 0.2035 
   HI_SS0256  4 0.2032 0.4513 0.0512 0.2943 
   HI_SS0257  4 0.0802 0.3241 0.4029 0.1928 
   HI_SS0258  4 0.2438 0.1804 0.3934 0.1824 
   HI_SS0259  4 0.2084 0.2002 0.1648 0.4267 
   HI_SS0260  4 0.1407 0.1679 0.4238 0.2676 
   HI_SS0261  4 0.1153 0.3294 0.2686 0.2867 
   HI_SS0262  4 0.3629 0.2202 0.1982 0.2187 
   HI_SS0264  4 0.3630 0.2455 0.1684 0.2232 
   HI_SS0265  4 0.3348 0.2924 0.1850 0.1877 
   HI_SS0268  4 0.3185 0.1265 0.3077 0.2472 
   HI_SS0269  4 0.0747 0.2357 0.5355 0.1542 
   HI_SS0273  4 0.1521 0.3945 0.3277 0.1257 
   HI_SS0277  4 0.2278 0.4622 0.1662 0.1438 
   HI_SS0280  4 0.4216 0.1261 0.2092 0.2431 
   HI_SS0282  4 0.2252 0.3273 0.2814 0.1660 
   HI_SS0286  4 0.3659 0.1909 0.2912 0.1520 
   NS_SS1252  5 0.1728 0.1390 0.5442 0.1440 
   NS_SS1261  5 0.2381 0.2943 0.2652 0.2024 
   NS_SS1225  5 0.1425 0.4670 0.2873 0.1031 
   NS_SS1266  5 0.1732 0.5784 0.0795 0.1689 
   NS_SS1228  5 0.5184 0.1444 0.1597 0.1775 
   NS_SS1255  5 0.1101 0.1536 0.1828 0.5534 
   NS_SS1267  5 0.1865 0.0846 0.6064 0.1225 
   NS_SS1238  5 0.3584 0.1689 0.2515 0.2212 
   NS_SS1233  5 0.2917 0.4550 0.1081 0.1453 
   NS_SS1277  5 0.1871 0.0818 0.3640 0.3671 
   NS_SS1245  5 0.1534 0.3335 0.2576 0.2555 
   NS_SS1240  5 0.1116 0.1224 0.6157 0.1504 
   NS_SS1275  5 0.2837 0.3422 0.0949 0.2792 
   NS_SS1235  5 0.0726 0.3354 0.1632 0.4288 
   NS_SS1263  5 0.2084 0.3068 0.1230 0.3618 
   NS_SS1251  5 0.1857 0.4393 0.1431 0.2318 
   NS_SS1248  5 0.6543 0.0979 0.1557 0.0921 
   NS_SS1244  5 0.1937 0.4475 0.2019 0.1569 
   NS_SS1257  5 0.1990 0.1475 0.4220 0.2315 
   NS_SS1242  5 0.2372 0.2575 0.1236 0.3817 
   NS_SS1271  5 0.1687 0.1290 0.5590 0.1433 
   NS_SS1265  5 0.1936 0.2142 0.4395 0.1528 
   NS_SS1243  5 0.4302 0.1147 0.1597 0.2954 
   NS_SS1273  5 0.2449 0.2283 0.1090 0.4179 
   NS_SS1254  5 0.2448 0.4034 0.1402 0.2116 
   NS_SS1224  5 0.3573 0.3338 0.1213 0.1876 
   NS_SS1227  5 0.1268 0.2018 0.4149 0.2565 
   NS_SS1274  5 0.2442 0.1852 0.3321 0.2385 
   NS_SS1241  5 0.1710 0.3723 0.2998 0.1569 
   NS_SS1256  5 0.1118 0.4833 0.2410 0.1638 
   NS_SS1260  5 0.1361 0.2290 0.4427 0.1922 
   NS_SS1262  5 0.2460 0.3622 0.2815 0.1102 
   NS_SS1230  5 0.2289 0.2694 0.2847 0.2170 
   NS_SS1270  5 0.4110 0.3727 0.1181 0.0982 
   NS_SS1229  5 0.0702 0.2951 0.1410 0.4936 
   NS_SS1246  5 0.1168 0.1848 0.4007 0.2978 
   NS_SS1269  5 0.2837 0.2444 0.1834 0.2885 
   NS_SS1239  5 0.3321 0.1475 0.1496 0.3708 
   NS_SS1272  5 0.1675 0.4545 0.2070 0.1711 
   NS_SS1268  5 0.4709 0.2787 0.1158 0.1345 
   NS_SS1249  5 0.0984 0.1394 0.5045 0.2577 
   HI_SS0559  6 0.3062 0.2032 0.2324 0.2582 
   HI_SS0563  6 0.2450 0.3311 0.2265 0.1974 
   HI_SS0564  6 0.2837 0.2627 0.1794 0.2742 
   HI_SS0565  6 0.1552 0.3766 0.3038 0.1644 
   HI_SS0569  6 0.2259 0.3628 0.3425 0.0687 
   HI_SS0570  6 0.2392 0.1023 0.4474 0.2111 
   HI_SS0572  6 0.1136 0.2604 0.1452 0.4808 
   HI_SS0576  6 0.4516 0.1401 0.1334 0.2749 
   HI_SS0579  6 0.1413 0.4393 0.2515 0.1679 
   HI_SS0580  6 0.1940 0.1358 0.3581 0.3121 
   HI_SS0581  6 0.3830 0.2580 0.1191 0.2399 
   HI_SS0583  6 0.1088 0.1869 0.4592 0.2451 
   HI_SS0586  6 0.2881 0.1035 0.5114 0.0970 
   HI_SS0588  6 0.2145 0.2657 0.3378 0.1820 
   HI_SS0595  6 0.1268 0.2642 0.3792 0.2297 
   HI_SS0596  6 0.1497 0.1526 0.1174 0.5803 
   HI_SS0597  6 0.1325 0.2676 0.1676 0.4323 
   HI_SS0600  6 0.2007 0.2472 0.3477 0.2044 
   HI_SS0601  6 0.2353 0.4419 0.2467 0.0761 
   HI_SS0602  6 0.3814 0.1025 0.3405 0.1755 
   HI_SS0604  6 0.3381 0.2312 0.1892 0.2415 
   HI_SS0605  6 0.3790 0.1488 0.2727 0.1996 
   HI_SS0608  6 0.3364 0.1236 0.2126 0.3274 
   HI_SS0609  6 0.1452 0.4793 0.1360 0.2396 
   HI_SS0611  6 0.3407 0.1085 0.4258 0.1250 
   HI_SS0612  6 0.0715 0.5279 0.1953 0.2053 
   HI_SS0613  6 0.4883 0.1928 0.2050 0.1139 
   HI_SS0615  6 0.2821 0.1694 0.0991 0.4494 
   HI_SS0001  6 0.1161 0.1733 0.2862 0.4244 
   HI_SS0002  6 0.1881 0.4446 0.1137 0.2535 
   HI_SS0004  6 0.2299 0.1020 0.3484 0.3197 
   HI_SS0005  6 0.5288 0.1556 0.1725 0.1431 
   HI_SS0006  6 0.1194 0.3961 0.3486 0.1359 
   HI_SS0007  6 0.4758 0.0847 0.2994 0.1401 
   HI_SS0008  6 0.3047 0.3191 0.1975 0.1787 
   HI_SS0009  6 0.3989 0.1270 0.1150 0.3590 
   HI_SS0010  6 0.3807 0.1835 0.2913 0.1446 
   HI_SS0011  6 0.2475 0.5031 0.1329 0.1165 
   HI_SS0012  6 0.2440 0.3613 0.1336 0.2611 
   HI_SS0017  6 0.1622 0.1163 0.1362 0.5853 
   HI_SS0021  6 0.2313 0.2001 0.4087 0.1599 
   HI_SS0024  6 0.3350 0.1742 0.1560 0.3348 
   HI_SS0025  6 0.2728 0.1840 0.1368 0.4064 
   HI_SS0027  6 0.3096 0.2159 0.3175 0.1570 
   HI_SS0028  6 0.4639 0.2450 0.0893 0.2018 
   HI_SS0029  6 0.2446 0.1175 0.2696 0.3682 
   HI_SS0030  6 0.2170 0.2685 0.2610 0.2535 
   HI_SS0031  6 0.1219 0.4015 0.1961 0.2804 
   HI_SS0034  6 0.1307 0.2643 0.3849 0.2201 
   HI_SS0036  6 0.2774 0.0896 0.4660 0.1670 
   HI_SS0037  6 0.2773 0.1464 0.4602 0.1161 
   HI_SS0039  6 0.4068 0.1580 0.3213 0.1139 
   HI_SS0041  6 0.4425 0.1198 0.1309 0.3068 
   HI_SS0042  6 0.2657 0.2417 0.1313 0.3613 
   HI_SS0043  6 0.2038 0.1644 0.5319 0.0999 
   HI_SS0044  6 0.1269 0.0909 0.3291 0.4530 
   HI_SS0047  6 0.2831 0.2519 0.1403 0.3247 
   HI_SS0049  6 0.1906 0.2034 0.1508 0.4552 
   HI_SS0051  6 0.4239 0.3148 0.1604 0.1009 
   HI_SS0053  6 0.1253 0.2376 0.4602 0.1769 
   HI_SS0054  6 0.2528 0.3316 0.3386 0.0770 
   HI_SS0057  6 0.4379 0.2117 0.1515 0.1989 
   HI_SS0058  6 0.2039 0.2299 0.3646 0.2015 
   HI_SS0060  6 0.4223 0.2812 0.1616 0.1349 
   HI_SS0087  6 0.1561 0.3558 0.2830 0.2051 
   HI_SS0091  6 0.0859 0.2499 0.5401 0.1241 
   HI_SS0095  6 0.1909 0.3127 0.2802 0.2162 
   HI_SS0097  6 0.1798 0.5511 0.1455 0.1236 
   HI_SS0099  6 0.2872 0.1344 0.2218 0.3566 
   HI_SS0103  6 0.1241 0.2897 0.2085 0.3777 
   HI_SS0105  6 0.2426 0.4090 0.2144 0.1339 
   HI_SS0107  6 0.1333 0.2292 0.0953 0.5423 
   HI_SS0108  6 0.1472 0.1379 0.5873 0.1275 
   HI_SS0110  6 0.1086 0.3102 0.2971 0.2842 
   HI_SS0111  6 0.2886 0.2070 0.2506 0.2537 
   HI_SS0112  6 0.1663 0.1265 0.5380 0.1692 
   HI_SS0113  6 0.2018 0.2781 0.1163 0.4038 
   HI_SS0114  6 0.3668 0.1749 0.3663 0.0920 
   HI_SS0115  6 0.2322 0.1683 0.2231 0.3764 
   HI_SS0116  6 0.0990 0.1168 0.4127 0.3714 
   HI_SS0117  6 0.1009 0.4338 0.3188 0.1465 
   HI_SS0118  6 0.1389 0.2995 0.3736 0.1880 
   HI_SS0119  6 0.1794 0.4017 0.3044 0.1144 
   HI_SS0120  6 0.1047 0.2228 0.1115 0.5610 
   HI_SS0121  6 0.3896 0.3855 0.1298 0.0951 
   HI_SS0122  6 0.2715 0.2583 0.2682 0.2020 
   HI_SS0123  6 0.1193 0.4216 0.2234 0.2357 
   HI_SS0124  6 0.2544 0.1384 0.1005 0.5067 
   HI_SS0125  6 0.3717 0.1625 0.1157 0.3501 
   HI_SS0126  6 0.1233 0.1240 0.4548 0.2978 
   HI_SS0127  6 0.4919 0.2302 0.1736 0.1043 
   HI_SS0128  6 0.1313 0.2671 0.2025 0.3990 
   HI_SS0129  6 0.2110 0.1202 0.3691 0.2997 
   HI_SS0131  6 0.3849 0.2502 0.2774 0.0875 
   HI_SS0132  6 0.2729 0.3299 0.2298 0.1675 
   HI_SS0133  6 0.1636 0.1051 0.5582 0.1731 
   HI_SS0134  6 0.1717 0.3700 0.2559 0.2024 
   HI_SS0142  6 0.2237 0.4620 0.1939 0.1205 
   HI_SS0145  6 0.1353 0.3573 0.2599 0.2476 
   HI_SS0146  6 0.2364 0.2913 0.3123 0.1600 
   HI_SS0147  6 0.4439 0.3100 0.1204 0.1256 
   HI_SS0149  6 0.1434 0.4751 0.2451 0.1363 
   HI_SS0150  6 0.3847 0.1840 0.1186 0.3128 
   HI_SS0151  6 0.2257 0.1486 0.2391 0.3865 
   NS_SS1451  6 0.3384 0.1596 0.1043 0.3978 
   NS_SS1404  6 0.4519 0.1691 0.1917 0.1873 
   NS_SS1432  6 0.2372 0.1475 0.1571 0.4583 
   NS_SS1405  6 0.2282 0.1574 0.2346 0.3798 
   NS_SS1431  6 0.2201 0.2509 0.1166 0.4124 
   NS_SS1402  6 0.1275 0.3286 0.2987 0.2451 
   NS_SS1450  6 0.2229 0.1130 0.3200 0.3442 
   NS_SS1396  6 0.3034 0.2453 0.2281 0.2231 
   NS_SS1393  6 0.2381 0.1673 0.3582 0.2364 
   NS_SS1392  6 0.2757 0.0843 0.1475 0.4925 
   NS_SS1445  6 0.2164 0.2795 0.3838 0.1203 
   NS_SS1423  6 0.1104 0.2599 0.3262 0.3034 
   NS_SS1421  6 0.1998 0.2837 0.2853 0.2311 
   NS_SS1411  6 0.4734 0.0911 0.3165 0.1190 
   NS_SS1453  6 0.2120 0.2292 0.3898 0.1689 
   NS_SS1442  6 0.2588 0.3411 0.2027 0.1974 
   NS_SS1422  6 0.1172 0.3852 0.1996 0.2980 
   NS_SS1419  6 0.3600 0.3665 0.1533 0.1202 
   NS_SS1427  6 0.0983 0.0703 0.4811 0.3503 
   NS_SS1444  6 0.3807 0.2298 0.1630 0.2265 
   NS_SS1455  6 0.1456 0.3647 0.1125 0.3772 
   NS_SS1425  6 0.2114 0.2111 0.4864 0.0911 
   NS_SS1400  6 0.2490 0.2573 0.3658 0.1279 
   NS_SS1406  6 0.1645 0.5528 0.0901 0.1927 
   NS_SS1417  6 0.2014 0.3406 0.2520 0.2060 
   NS_SS1454  6 0.2577 0.2353 0.3582 0.1488 
   NS_SS1412  6 0.2460 0.1863 0.3231 0.2447 
   NS_SS1438  6 0.2666 0.2336 0.4190 0.0808 
   NS_SS1416  6 0.2853 0.2728 0.2513 0.1906 
   NS_SS1401  6 0.1549 0.3063 0.2923 0.2465 
   NS_SS1424  6 0.2084 0.3237 0.2867 0.1812 
   NS_SS1435  6 0.3324 0.1104 0.2134 0.3439 
   NS_SS1447  6 0.3468 0.3191 0.1478 0.1863 
   NS_SS1414  6 0.4078 0.2323 0.1225 0.2374 
   NS_SS1449  6 0.1945 0.2547 0.2051 0.3458 
   NS_SS1443  6 0.0870 0.2634 0.3789 0.2708 
   NS_SS1434  6 0.0876 0.1592 0.2167 0.5365 
   NS_SS1398  6 0.2565 0.1343 0.1846 0.4246 
   NS_SS1426  6 0.1892 0.1825 0.4655 0.1629 
   NS_SS1413  6 0.1344 0.2085 0.3330 0.3241 
   NS_SS1395  6 0.1517 0.2618 0.4012 0.1853 
   NS_SS1448  6 0.3951 0.0991 0.2552 0.2506 
   NS_SS1446  6 0.1538 0.2467 0.3975 0.2020 
   NS_SS1403  6 0.2237 0.2663 0.2235 0.2865 
   NS_SS1415  6 0.2671 0.1679 0.3664 0.1987 
   NS_SS1437  6 0.2806 0.2905 0.1991 0.2298 
   NS_SS1439  6 0.1542 0.4332 0.2362 0.1763 
   NS_SS1441  6 0.1194 0.2332 0.3447 0.3027 
   NS_SS1420  6 0.6339 0.0837 0.1123 0.1701 
   NS_SS1394  6 0.4664 0.1766 0.1350 0.2220 
   NS_SS1391  6 0.0981 0.1241 0.3158 0.4620 
   NS_SS1410  6 0.1800 0.2052 0.3563 0.2586 
   NS_SS1408  6 0.2764 0.3570 0.1662 0.2003 
   NS_SS1409  6 0.0943 0.1756 0.2901 0.4400 
   HI_SS0617  7 0.1647 0.1447 0.3431 0.3474 
   HI_SS0618  7 0.3421 0.1739 0.1731 0.3109 
   HI_SS0619  7 0.2461 0.1355 0.2506 0.3677 
   HI_SS0620  7 0.2927 0.1076 0.4461 0.1536 
   HI_SS0621  7 0.2306 0.2937 0.1743 0.3014 
   HI_SS0622  7 0.2345 0.3560 0.1959 0.2136 
   HI_SS0626  7 0.5239 0.1237 0.2189 0.1334 
   HI_SS0627  7 0.2467 0.2438 0.1844 0.3251 
   HI_SS0628  7 0.2630 0.1298 0.3873 0.2199 
   HI_SS0629  7 0.2511 0.2787 0.3288 0.1415 
   HI_SS0630  7 0.2946 0.1634 0.3075 0.2346 
   HI_SS0631  7 0.3665 0.1617 0.2980 0.1738 
   HI_SS0632  7 0.4514 0.2181 0.1873 0.1432 
   HI_SS0633  7 0.1414 0.1486 0.1857 0.5242 
   HI_SS0634  7 0.3528 0.1911 0.2479 0.2081 
   HI_SS0635  7 0.3978 0.2235 0.1391 0.2396 
   HI_SS0637  7 0.3031 0.3810 0.2153 0.1006 
   HI_SS0638  7 0.2567 0.2070 0.2174 0.3190 
   HI_SS0639  7 0.3450 0.2606 0.1397 0.2547 
   HI_SS0640  7 0.2563 0.3312 0.1755 0.2369 
   HI_SS0641  7 0.3942 0.1220 0.3767 0.1072 
   HI_SS0642  7 0.2077 0.3578 0.1530 0.2814 
   HI_SS0645  7 0.5227 0.1356 0.0920 0.2496 
   HI_SS0646  7 0.1026 0.2934 0.2172 0.3869 
   HI_SS0647  7 0.2006 0.2350 0.1882 0.3762 
   HI_SS0648  7 0.2885 0.2556 0.2059 0.2500 
   HI_SS0649  7 0.2062 0.2370 0.2813 0.2755 
   HI_SS0650  7 0.1542 0.1398 0.1560 0.5500 
   HI_SS0651  7 0.2378 0.2660 0.2251 0.2712 
   HI_SS0652  7 0.5059 0.1174 0.1073 0.2694 
   NS_SS1371  7 0.0967 0.2768 0.3526 0.2739 
   NS_SS1374  7 0.2872 0.1406 0.3731 0.1992 
   NS_SS1337  7 0.3813 0.2518 0.1271 0.2399 
   NS_SS1385  7 0.1308 0.3102 0.2106 0.3484 
   NS_SS1388  7 0.2450 0.1339 0.2859 0.3352 
   NS_SS1370  7 0.6804 0.1326 0.0997 0.0874 
   NS_SS1389  7 0.3629 0.1095 0.1932 0.3343 
   NS_SS1360  7 0.3672 0.2249 0.2911 0.1168 
   NS_SS1330  7 0.3447 0.2903 0.1211 0.2439 
   NS_SS1328  7 0.0938 0.1461 0.3068 0.4534 
   NS_SS1384  7 0.2229 0.3815 0.2649 0.1307 
   NS_SS1381  7 0.1525 0.2056 0.0947 0.5472 
   NS_SS1375  7 0.2735 0.0888 0.1604 0.4774 
   NS_SS1319  7 0.2518 0.2181 0.2565 0.2736 
   NS_SS1326  7 0.1391 0.0988 0.4446 0.3174 
   NS_SS1341  7 0.1630 0.3593 0.3504 0.1274 
   NS_SS1383  7 0.3268 0.2325 0.2420 0.1986 
   NS_SS1318  7 0.3485 0.2027 0.2157 0.2331 
   NS_SS1348  7 0.1850 0.2654 0.4272 0.1224 
   NS_SS1363  7 0.3358 0.3192 0.1504 0.1946 
   NS_SS1335  7 0.2566 0.3854 0.2733 0.0847 
   NS_SS1358  7 0.1555 0.4488 0.2559 0.1397 
   NS_SS1342  7 0.0839 0.4219 0.3259 0.1682 
   NS_SS1320  7 0.0969 0.2314 0.0549 0.6168 
   NS_SS1355  7 0.2200 0.3969 0.1490 0.2341 
   NS_SS1345  7 0.1688 0.6107 0.0807 0.1398 
   NS_SS1324  7 0.2525 0.2073 0.3548 0.1854 
   NS_SS1347  7 0.1905 0.3532 0.2310 0.2253 
   NS_SS1321  7 0.2207 0.2198 0.3995 0.1600 
   NS_SS1333  7 0.1836 0.1397 0.4435 0.2331 
   NS_SS1364  7 0.1633 0.4266 0.2801 0.1300 
   NS_SS1379  7 0.2238 0.2390 0.1815 0.3558 
   NS_SS1332  7 0.1722 0.1786 0.4750 0.1742 
   NS_SS1338  7 0.4175 0.1574 0.3060 0.1191 
   NS_SS1368  7 0.1163 0.3811 0.3497 0.1529 
   NS_SS1354  7 0.1880 0.4254 0.1950 0.1916 
   NS_SS1365  7 0.3313 0.2503 0.1508 0.2675 
   NS_SS1380  7 0.2614 0.4325 0.1302 0.1760 
   NS_SS1329  7 0.0864 0.4529 0.3082 0.1525 
   NS_SS1362  7 0.1587 0.3080 0.2475 0.2857 
   NS_SS1327  7 0.1604 0.0678 0.6458 0.1261 
   NS_SS1350  7 0.0923 0.1050 0.2940 0.5087 
   NS_SS1387  7 0.4942 0.1513 0.2069 0.1476 
   NS_SS1369  7 0.2375 0.3168 0.3129 0.1328 
   NS_SS1331  7 0.3770 0.1367 0.2716 0.2148 
   NS_SS1357  7 0.0772 0.1125 0.2558 0.5544 
   NS_SS1386  7 0.0969 0.2861 0.5043 0.1127 
   NS_SS1353  7 0.1411 0.1874 0.2001 0.4715 
   NS_SS1323  7 0.1876 0.3947 0.1143 0.3034 
   HI_SS0296  8 0.3566 0.1345 0.3071 0.2018 
   HI_SS0297  8 0.1855 0.1888 0.1811 0.4445 
   HI_SS0299  8 0.2751 0.3109 0.2442 0.1698 
   HI_SS0300  8 0.3603 0.2420 0.2087 0.1890 
   HI_SS0301  8 0.5371 0.2333 0.1545 0.0750 
   HI_SS0302  8 0.4427 0.1701 0.2733 0.1139 
   HI_SS0303  8 0.1280 0.1624 0.3963 0.3134 
   HI_SS0304  8 0.3521 0.1037 0.2001 0.3441 
   HI_SS0306  8 0.3494 0.1498 0.3551 0.1457 
   HI_SS0307  8 0.2530 0.3369 0.1555 0.2545 
   HI_SS0308  8 0.3208 0.3677 0.1699 0.1415 
   HI_SS0309  8 0.2283 0.4891 0.1510 0.1316 
   HI_SS0310  8 0.2609 0.1837 0.2180 0.3375 
   HI_SS0311  8 0.4088 0.2444 0.1974 0.1494 
   HI_SS0314  8 0.1465 0.1787 0.2182 0.4566 
   HI_SS0316  8 0.1961 0.2489 0.3235 0.2314 
   HI_SS0317  8 0.3394 0.2557 0.2128 0.1921 
   HI_SS0318  8 0.2226 0.2030 0.4392 0.1352 
   HI_SS0319  8 0.0945 0.2143 0.5487 0.1425 
   HI_SS0320  8 0.2860 0.1572 0.1586 0.3982 
   HI_SS0321  8 0.1825 0.2236 0.3515 0.2424 
   HI_SS0323  8 0.2864 0.1340 0.3856 0.1940 
   HI_SS0325  8 0.3848 0.1700 0.3162 0.1290 
   HI_SS0327  8 0.0596 0.2770 0.3567 0.3067 
   HI_SS0329  8 0.3602 0.1798 0.1892 0.2708 
   HI_SS0333  8 0.2368 0.2148 0.2758 0.2726 
   HI_SS0334  8 0.2068 0.2807 0.3745 0.1379 
   HI_SS0335  8 0.1795 0.4968 0.1162 0.2074 
   HI_SS0339  8 0.3318 0.3243 0.1444 0.1996 
   HI_SS0343  8 0.1183 0.4833 0.1326 0.2659 
   HI_SS0344  8 0.1258 0.1403 0.5994 0.1345 
   HI_SS0345  8 0.3512 0.3247 0.1759 0.1482 
   HI_SS0346  8 0.3017 0.1886 0.3177 0.1920 
   HI_SS0350  8 0.2259 0.5122 0.0733 0.1886 
   HI_SS0351  8 0.1381 0.5444 0.1830 0.1345 
   HI_SS0352  8 0.2251 0.3616 0.1698 0.2436 
   HI_SS0362  8 0.4959 0.1512 0.1925 0.1604 
   HI_SS0363  8 0.1104 0.2483 0.4085 0.2328 
   HI_SS0365  8 0.1215 0.2688 0.3704 0.2392 
   HI_SS0366  8 0.1618 0.1724 0.5148 0.1510 
   HI_SS0367  8 0.2014 0.3179 0.1419 0.3387 
   HI_SS0369  8 0.3672 0.2189 0.1304 0.2835 
   HI_SS0370  8 0.0892 0.1940 0.2126 0.5041 
   HI_SS0371  8 0.3351 0.1353 0.3869 0.1426 
   HI_SS0373  8 0.2628 0.1750 0.2429 0.3193 
   HI_SS0374  8 0.2411 0.2438 0.1759 0.3392 
   HI_SS0377  8 0.1983 0.5009 0.2054 0.0954 
   HI_SS0379  8 0.1106 0.1751 0.6304 0.0839 
   HI_SS0380  8 0.2353 0.3269 0.1704 0.2674 
   HI_SS0381  8 0.3265 0.3991 0.1225 0.1519 
   HI_SS0384  8 0.1662 0.1066 0.3382 0.3890 
   HI_SS0385  8 0.3756 0.0993 0.2841 0.2410 
