

----------------------------------------------------
STRUCTURE by Pritchard, Stephens and Donnelly (2000)
     and Falush, Stephens and Pritchard (2003)
       Code by Pritchard, Falush and Hubisz
             Version 2.3.4 (Jul 2012)
----------------------------------------------------



Command line arguments:   /home/genobiwan/Documents/Programs/Structure/structure -m parameter_job_k4_r2 
Input File:    /media/genobiwan/Storage/Projets/Mackerel_NWA_2021/data_job_k4_r2

Run parameters:
   557 individuals
   3930 loci
   4 populations assumed
   100000 Burn-in period
   200000 Reps


--------------------------------------------
Proportion of membership of each pre-defined
 population in each of the 4 clusters

Given    Inferred Clusters              Number of
 Pop       1      2      3      4      Individuals

  1:     0.231  0.260  0.269  0.239       67
  2:     0.213  0.260  0.226  0.301       32
  3:     0.231  0.269  0.269  0.231       92
  4:     0.272  0.226  0.255  0.247       36
  5:     0.263  0.237  0.264  0.236       41
  6:     0.262  0.245  0.247  0.247      158
  7:     0.249  0.251  0.249  0.251       79
  8:     0.267  0.256  0.252  0.225       52
--------------------------------------------

Allele-freq. divergence among pops (Net nucleotide distance),
computed using point estimates of P.

      1       2       3       4      
 1      -    0.0027  0.0023  0.0028  
 2   0.0027     -    0.0020  0.0026  
 3   0.0023  0.0020     -    0.0021  
 4   0.0028  0.0026  0.0021     -    

Average distances (expected heterozygosity) between individuals in same cluster:
cluster  1  : 0.3123 
cluster  2  : 0.3118 
cluster  3  : 0.3130 
cluster  4  : 0.3140 

--------------------------------------------
Estimated Ln Prob of Data   = -2069733.1
Mean value of ln likelihood = -2063289.3
Variance of ln likelihood   = 12887.7
Mean value of alpha         = 1.9915

Mean value of Fst_1         = 0.0270
Mean value of Fst_2         = 0.0257
Mean value of Fst_3         = 0.0221
Mean value of Fst_4         = 0.0270


Inferred ancestry of individuals:
        Label (%Miss) Pop:  Inferred clusters
  1 NS_SS0963    (4)    1 :  0.160 0.202 0.448 0.190 
  2 NS_SS0983    (1)    1 :  0.473 0.206 0.184 0.138 
  3 NS_SS0719    (8)    1 :  0.248 0.267 0.281 0.204 
  4 NS_SS1001    (8)    1 :  0.137 0.323 0.139 0.401 
  5 NS_SS0936    (4)    1 :  0.152 0.119 0.369 0.360 
  6 NS_SS0955    (5)    1 :  0.297 0.233 0.342 0.128 
  7 NS_SS0944    (3)    1 :  0.244 0.224 0.305 0.227 
  8 NS_SS0945    (3)    1 :  0.271 0.211 0.170 0.347 
  9 NS_SS0922    (2)    1 :  0.130 0.243 0.208 0.419 
 10 NS_SS0929    (7)    1 :  0.316 0.207 0.305 0.173 
 11 NS_SS0956    (2)    1 :  0.117 0.473 0.155 0.255 
 12 NS_SS0906    (3)    1 :  0.276 0.212 0.336 0.177 
 13 NS_SS0721    (6)    1 :  0.199 0.472 0.168 0.161 
 14 NS_SS0982    (4)    1 :  0.176 0.263 0.384 0.177 
 15 NS_SS0923    (5)    1 :  0.190 0.270 0.276 0.264 
 16 NS_SS0905    (6)    1 :  0.239 0.340 0.201 0.221 
 17 NS_SS0925    (3)    1 :  0.120 0.287 0.305 0.288 
 18 NS_SS0947    (5)    1 :  0.168 0.173 0.325 0.335 
 19 NS_SS0926    (2)    1 :  0.427 0.186 0.274 0.113 
 20 NS_SS0918    (6)    1 :  0.116 0.368 0.359 0.157 
 21 NS_SS0966    (4)    1 :  0.168 0.232 0.387 0.213 
 22 NS_SS0938    (2)    1 :  0.156 0.156 0.284 0.404 
 23 NS_SS0917    (2)    1 :  0.370 0.182 0.203 0.245 
 24 NS_SS0957   (11)    1 :  0.204 0.416 0.223 0.158 
 25 NS_SS0987    (1)    1 :  0.190 0.549 0.156 0.105 
 26 NS_SS0717    (4)    1 :  0.136 0.345 0.171 0.347 
 27 NS_SS0986    (2)    1 :  0.281 0.359 0.229 0.131 
 28 NS_SS0953    (4)    1 :  0.135 0.284 0.277 0.304 
 29 NS_SS0907    (3)    1 :  0.216 0.181 0.432 0.171 
 30 NS_SS0974    (6)    1 :  0.234 0.139 0.321 0.306 
 31 NS_SS0989    (1)    1 :  0.429 0.125 0.213 0.233 
 32 NS_SS0991    (2)    1 :  0.278 0.377 0.262 0.083 
 33 NS_SS0994    (2)    1 :  0.543 0.098 0.119 0.240 
 34 NS_SS0931    (6)    1 :  0.364 0.297 0.226 0.113 
 35 NS_SS1000    (5)    1 :  0.150 0.171 0.291 0.388 
 36 NS_SS0919    (1)    1 :  0.273 0.140 0.470 0.117 
 37 NS_SS0949    (3)    1 :  0.380 0.174 0.218 0.228 
 38 NS_SS0960   (10)    1 :  0.290 0.285 0.300 0.125 
 39 NS_SS0716    (2)    1 :  0.133 0.485 0.101 0.281 
 40 NS_SS0924    (8)    1 :  0.275 0.229 0.356 0.140 
 41 NS_SS0935    (1)    1 :  0.374 0.322 0.159 0.145 
 42 NS_SS0952   (13)    1 :  0.362 0.167 0.334 0.137 
 43 NS_SS0962   (10)    1 :  0.159 0.274 0.285 0.282 
 44 NS_SS0973    (5)    1 :  0.192 0.181 0.417 0.210 
 45 NS_SS0722    (1)    1 :  0.116 0.153 0.177 0.555 
 46 NS_SS0979   (13)    1 :  0.142 0.384 0.286 0.189 
 47 NS_SS0993    (2)    1 :  0.119 0.254 0.312 0.315 
 48 NS_SS0958    (1)    1 :  0.359 0.229 0.200 0.212 
 49 NS_SS0988    (4)    1 :  0.271 0.224 0.383 0.122 
 50 NS_SS1003    (2)    1 :  0.102 0.357 0.425 0.116 
 51 NS_SS0976    (0)    1 :  0.344 0.198 0.310 0.148 
 52 NS_SS0964   (10)    1 :  0.111 0.308 0.172 0.409 
 53 NS_SS0939    (4)    1 :  0.112 0.437 0.083 0.368 
 54 NS_SS0990    (6)    1 :  0.317 0.249 0.187 0.246 
 55 NS_SS0984    (2)    1 :  0.120 0.247 0.192 0.442 
 56 NS_SS0980    (9)    1 :  0.151 0.119 0.365 0.366 
 57 NS_SS0978    (4)    1 :  0.184 0.143 0.315 0.358 
 58 NS_SS0951   (17)    1 :  0.272 0.444 0.175 0.109 
 59 NS_SS0913    (3)    1 :  0.165 0.402 0.156 0.277 
 60 NS_SS1002    (1)    1 :  0.121 0.118 0.580 0.181 
 61 NS_SS0948    (1)    1 :  0.264 0.279 0.299 0.159 
 62 NS_SS0916    (4)    1 :  0.277 0.182 0.170 0.372 
 63 NS_SS0995    (1)    1 :  0.195 0.282 0.184 0.340 
 64 NS_SS0927    (6)    1 :  0.351 0.151 0.197 0.301 
 65 NS_SS0992    (5)    1 :  0.256 0.090 0.295 0.359 
 66 NS_SS0912    (1)    1 :  0.260 0.416 0.213 0.112 
 67 NS_SS0981    (1)    1 :  0.143 0.336 0.391 0.131 
 68 NS_SS0729    (5)    2 :  0.428 0.079 0.241 0.252 
 69 NS_SS0967   (14)    2 :  0.142 0.162 0.510 0.186 
 70 NS_SS0941    (7)    2 :  0.188 0.214 0.181 0.417 
 71 NS_SS0768   (12)    2 :  0.167 0.355 0.299 0.180 
 72 NS_SS0726    (4)    2 :  0.312 0.091 0.280 0.317 
 73 NS_SS0763    (4)    2 :  0.363 0.154 0.226 0.257 
 74 NS_SS0730    (6)    2 :  0.158 0.304 0.221 0.317 
 75 NS_SS0774    (1)    2 :  0.121 0.159 0.278 0.442 
 76 NS_SS0723    (3)    2 :  0.098 0.229 0.391 0.282 
 77 NS_SS0940    (9)    2 :  0.291 0.254 0.131 0.325 
 78 NS_SS0762    (1)    2 :  0.089 0.252 0.147 0.513 
 79 NS_SS0766   (11)    2 :  0.236 0.276 0.095 0.392 
 80 NS_SS0724    (1)    2 :  0.140 0.352 0.282 0.226 
 81 NS_SS0769    (3)    2 :  0.224 0.252 0.313 0.211 
 82 NS_SS0777    (2)    2 :  0.336 0.309 0.214 0.140 
 83 NS_SS0734    (6)    2 :  0.261 0.351 0.137 0.251 
 84 NS_SS0737    (3)    2 :  0.102 0.163 0.127 0.607 
 85 NS_SS0732    (5)    2 :  0.128 0.505 0.205 0.161 
 86 NS_SS0728    (5)    2 :  0.198 0.244 0.162 0.396 
 87 NS_SS0735    (9)    2 :  0.153 0.272 0.168 0.406 
 88 NS_SS0725    (1)    2 :  0.144 0.210 0.213 0.433 
 89 NS_SS0788    (2)    2 :  0.224 0.198 0.382 0.197 
 90 NS_SS0778    (2)    2 :  0.309 0.244 0.295 0.152 
 91 NS_SS0792    (6)    2 :  0.265 0.326 0.208 0.201 
 92 NS_SS0943   (11)    2 :  0.329 0.215 0.337 0.119 
 93 NS_SS0791    (2)    2 :  0.309 0.315 0.088 0.288 
 94 NS_SS0790    (5)    2 :  0.070 0.436 0.283 0.211 
 95 NS_SS0731    (6)    2 :  0.157 0.481 0.155 0.207 
 96 NS_SS0727    (6)    2 :  0.326 0.109 0.104 0.460 
 97 NS_SS0779   (12)    2 :  0.234 0.304 0.225 0.238 
 98 NS_SS0776    (3)    2 :  0.204 0.228 0.183 0.385 
 99 NS_SS0775    (5)    2 :  0.124 0.280 0.133 0.462 
100 NS_SS0965    (3)    3 :  0.158 0.383 0.324 0.136 
101 NS_SS0754   (13)    3 :  0.337 0.307 0.190 0.166 
102 NS_SS0838    (5)    3 :  0.250 0.197 0.283 0.270 
103 NS_SS0839    (3)    3 :  0.104 0.274 0.251 0.371 
104 NS_SS0832    (4)    3 :  0.082 0.316 0.387 0.215 
105 NS_SS0820    (4)    3 :  0.101 0.355 0.361 0.182 
106 NS_SS0886    (9)    3 :  0.317 0.299 0.201 0.183 
107 NS_SS0748    (5)    3 :  0.298 0.268 0.290 0.144 
108 NS_SS0884    (9)    3 :  0.224 0.213 0.302 0.261 
109 NS_SS0752    (3)    3 :  0.188 0.175 0.269 0.369 
110 NS_SS0862    (1)    3 :  0.111 0.492 0.222 0.175 
111 NS_SS0787    (9)    3 :  0.544 0.160 0.179 0.117 
112 NS_SS0843    (6)    3 :  0.214 0.252 0.281 0.253 
113 NS_SS0856    (4)    3 :  0.227 0.181 0.177 0.415 
114 NS_SS0846    (2)    3 :  0.240 0.095 0.442 0.223 
115 NS_SS0825    (1)    3 :  0.240 0.243 0.369 0.148 
116 NS_SS0757    (3)    3 :  0.279 0.323 0.235 0.162 
117 NS_SS0876    (3)    3 :  0.186 0.244 0.242 0.329 
118 NS_SS0903    (9)    3 :  0.109 0.135 0.382 0.374 
119 NS_SS0875    (7)    3 :  0.226 0.367 0.173 0.233 
120 NS_SS0740    (5)    3 :  0.201 0.253 0.260 0.285 
121 NS_SS0811    (5)    3 :  0.109 0.552 0.161 0.178 
122 NS_SS0751    (1)    3 :  0.198 0.254 0.197 0.351 
123 NS_SS0891    (6)    3 :  0.208 0.232 0.223 0.337 
124 NS_SS0867    (2)    3 :  0.254 0.204 0.437 0.105 
125 NS_SS0890    (6)    3 :  0.225 0.241 0.266 0.269 
126 NS_SS0866   (11)    3 :  0.533 0.146 0.137 0.183 
127 NS_SS0755    (4)    3 :  0.189 0.290 0.337 0.183 
128 NS_SS0758    (4)    3 :  0.225 0.201 0.221 0.353 
129 NS_SS0840    (2)    3 :  0.091 0.240 0.438 0.230 
130 NS_SS0889    (4)    3 :  0.388 0.313 0.168 0.132 
131 NS_SS1010    (1)    3 :  0.186 0.208 0.450 0.156 
132 NS_SS0888    (5)    3 :  0.442 0.158 0.121 0.278 
133 NS_SS0837    (3)    3 :  0.125 0.384 0.349 0.142 
134 NS_SS0794    (9)    3 :  0.371 0.202 0.122 0.304 
135 NS_SS0823    (4)    3 :  0.120 0.181 0.346 0.353 
136 NS_SS0829    (7)    3 :  0.433 0.304 0.183 0.079 
137 NS_SS0844    (5)    3 :  0.088 0.191 0.575 0.145 
138 NS_SS1008    (5)    3 :  0.331 0.189 0.136 0.344 
139 NS_SS0881    (3)    3 :  0.286 0.255 0.261 0.198 
140 NS_SS0834    (6)    3 :  0.127 0.155 0.216 0.502 
141 NS_SS0744   (10)    3 :  0.233 0.211 0.330 0.226 
142 NS_SS0899    (7)    3 :  0.106 0.525 0.186 0.184 
143 NS_SS0804    (4)    3 :  0.088 0.366 0.321 0.225 
144 NS_SS0781   (10)    3 :  0.113 0.238 0.405 0.244 
145 NS_SS0822    (6)    3 :  0.243 0.200 0.218 0.338 
146 NS_SS1004    (4)    3 :  0.171 0.218 0.411 0.199 
147 NS_SS0746    (5)    3 :  0.235 0.159 0.370 0.236 
148 NS_SS0880    (3)    3 :  0.156 0.203 0.381 0.260 
149 NS_SS0879    (4)    3 :  0.171 0.246 0.250 0.333 
150 NS_SS0753    (2)    3 :  0.316 0.325 0.242 0.117 
151 NS_SS1007    (2)    3 :  0.209 0.137 0.184 0.470 
152 NS_SS0872    (5)    3 :  0.155 0.224 0.317 0.305 
153 NS_SS1005    (7)    3 :  0.150 0.171 0.437 0.243 
154 NS_SS0892    (6)    3 :  0.246 0.260 0.226 0.268 
155 NS_SS0898    (0)    3 :  0.302 0.286 0.220 0.192 
156 NS_SS0801    (9)    3 :  0.204 0.383 0.267 0.146 
157 NS_SS0827    (8)    3 :  0.260 0.454 0.192 0.094 
158 NS_SS0853    (6)    3 :  0.248 0.472 0.159 0.121 
159 NS_SS0780    (2)    3 :  0.155 0.326 0.252 0.268 
160 NS_SS0826   (10)    3 :  0.196 0.164 0.542 0.097 
161 NS_SS0818    (5)    3 :  0.091 0.317 0.268 0.324 
162 NS_SS0745    (1)    3 :  0.092 0.385 0.088 0.435 
163 NS_SS0849    (3)    3 :  0.156 0.531 0.218 0.095 
164 NS_SS0739    (3)    3 :  0.235 0.324 0.184 0.257 
165 NS_SS0799    (1)    3 :  0.305 0.243 0.142 0.310 
166 NS_SS0756    (2)    3 :  0.104 0.277 0.473 0.145 
167 NS_SS0802    (2)    3 :  0.298 0.134 0.298 0.270 
168 NS_SS0747    (6)    3 :  0.213 0.185 0.388 0.214 
169 NS_SS0835    (1)    3 :  0.482 0.108 0.237 0.173 
170 NS_SS0742   (18)    3 :  0.183 0.272 0.298 0.247 
171 NS_SS0760    (9)    3 :  0.444 0.186 0.180 0.190 
172 NS_SS0803    (4)    3 :  0.108 0.167 0.427 0.297 
173 NS_SS0828   (13)    3 :  0.223 0.417 0.175 0.185 
174 NS_SS0865    (2)    3 :  0.223 0.285 0.375 0.117 
175 NS_SS0759    (4)    3 :  0.116 0.332 0.212 0.340 
176 NS_SS0851    (5)    3 :  0.121 0.558 0.166 0.156 
177 NS_SS0874   (16)    3 :  0.140 0.215 0.421 0.224 
178 NS_SS0761    (6)    3 :  0.404 0.268 0.222 0.106 
179 NS_SS0842   (25)    3 :  0.307 0.241 0.225 0.227 
180 NS_SS0785    (6)    3 :  0.300 0.208 0.291 0.201 
181 NS_SS0860   (11)    3 :  0.487 0.125 0.243 0.145 
182 NS_SS0897    (7)    3 :  0.508 0.217 0.123 0.152 
183 NS_SS0841   (14)    3 :  0.106 0.429 0.196 0.268 
184 NS_SS0797    (6)    3 :  0.314 0.333 0.242 0.111 
185 NS_SS0830   (10)    3 :  0.223 0.319 0.294 0.164 
186 NS_SS1011    (5)    3 :  0.113 0.214 0.506 0.168 
187 NS_SS0883    (5)    3 :  0.282 0.392 0.180 0.146 
188 NS_SS0782    (2)    3 :  0.261 0.167 0.151 0.420 
189 NS_SS0831    (5)    3 :  0.399 0.352 0.137 0.112 
190 NS_SS0749    (7)    3 :  0.248 0.348 0.147 0.257 
191 NS_SS0854    (2)    3 :  0.245 0.169 0.192 0.393 
192 HI_SS0193    (0)    4 :  0.321 0.250 0.134 0.294 
193 HI_SS0194    (0)    4 :  0.160 0.138 0.227 0.476 
194 HI_SS0195    (9)    4 :  0.103 0.452 0.219 0.226 
195 HI_SS0196    (6)    4 :  0.247 0.165 0.158 0.430 
196 HI_SS0197    (3)    4 :  0.199 0.126 0.446 0.230 
197 HI_SS0198    (1)    4 :  0.281 0.351 0.195 0.173 
198 HI_SS0199    (1)    4 :  0.336 0.121 0.152 0.390 
199 HI_SS0201    (4)    4 :  0.433 0.207 0.280 0.080 
200 HI_SS0215    (1)    4 :  0.443 0.198 0.270 0.090 
201 HI_SS0218    (1)    4 :  0.491 0.198 0.094 0.216 
202 HI_SS0222    (0)    4 :  0.231 0.304 0.162 0.304 
203 HI_SS0230    (1)    4 :  0.193 0.320 0.350 0.136 
204 HI_SS0234    (1)    4 :  0.215 0.091 0.285 0.408 
205 HI_SS0240    (1)    4 :  0.186 0.182 0.129 0.503 
206 HI_SS0241    (0)    4 :  0.392 0.189 0.250 0.169 
207 HI_SS0242    (0)    4 :  0.260 0.245 0.272 0.223 
208 HI_SS0247    (0)    4 :  0.181 0.286 0.392 0.141 
209 HI_SS0248    (1)    4 :  0.383 0.118 0.130 0.369 
210 HI_SS0252    (2)    4 :  0.149 0.282 0.176 0.392 
211 HI_SS0254    (1)    4 :  0.291 0.164 0.351 0.193 
212 HI_SS0256    (0)    4 :  0.052 0.210 0.448 0.291 
213 HI_SS0257    (0)    4 :  0.388 0.086 0.317 0.210 
214 HI_SS0258    (1)    4 :  0.384 0.253 0.169 0.194 
215 HI_SS0259    (1)    4 :  0.171 0.204 0.251 0.374 
216 HI_SS0260    (1)    4 :  0.401 0.145 0.166 0.288 
217 HI_SS0261    (2)    4 :  0.287 0.118 0.330 0.265 
218 HI_SS0262    (0)    4 :  0.184 0.348 0.243 0.224 
219 HI_SS0264    (1)    4 :  0.179 0.343 0.287 0.191 
220 HI_SS0265    (0)    4 :  0.187 0.307 0.324 0.182 
221 HI_SS0268    (1)    4 :  0.284 0.333 0.173 0.209 
222 HI_SS0269    (1)    4 :  0.502 0.076 0.253 0.169 
223 HI_SS0273    (0)    4 :  0.323 0.151 0.394 0.131 
224 HI_SS0277    (1)    4 :  0.167 0.195 0.515 0.123 
225 HI_SS0280    (0)    4 :  0.210 0.400 0.144 0.246 
226 HI_SS0282    (1)    4 :  0.296 0.225 0.289 0.190 
227 HI_SS0286    (1)    4 :  0.278 0.355 0.209 0.159 
228 NS_SS1252    (3)    5 :  0.551 0.165 0.133 0.150 
229 NS_SS1261    (1)    5 :  0.251 0.260 0.284 0.205 
230 NS_SS1225    (9)    5 :  0.297 0.167 0.422 0.114 
231 NS_SS1266    (1)    5 :  0.090 0.209 0.499 0.202 
232 NS_SS1228    (0)    5 :  0.158 0.510 0.156 0.177 
233 NS_SS1255    (2)    5 :  0.179 0.121 0.152 0.547 
234 NS_SS1267    (3)    5 :  0.590 0.168 0.107 0.134 
235 NS_SS1238    (6)    5 :  0.259 0.343 0.200 0.197 
236 NS_SS1233    (8)    5 :  0.128 0.334 0.384 0.154 
237 NS_SS1277    (3)    5 :  0.366 0.179 0.090 0.364 
238 NS_SS1245    (1)    5 :  0.285 0.155 0.281 0.280 
239 NS_SS1240    (4)    5 :  0.587 0.112 0.146 0.154 
240 NS_SS1275    (2)    5 :  0.095 0.269 0.409 0.228 
241 NS_SS1235    (1)    5 :  0.156 0.076 0.318 0.450 
242 NS_SS1263    (1)    5 :  0.125 0.245 0.265 0.366 
243 NS_SS1251    (1)    5 :  0.155 0.191 0.405 0.248 
244 NS_SS1248    (0)    5 :  0.190 0.624 0.101 0.085 
245 NS_SS1244    (0)    5 :  0.200 0.193 0.465 0.141 
246 NS_SS1257    (0)    5 :  0.400 0.208 0.150 0.243 
247 NS_SS1242    (2)    5 :  0.137 0.243 0.250 0.371 
248 NS_SS1271    (6)    5 :  0.542 0.159 0.145 0.155 
249 NS_SS1265    (1)    5 :  0.431 0.192 0.223 0.154 
250 NS_SS1243    (0)    5 :  0.164 0.433 0.108 0.295 
251 NS_SS1273    (1)    5 :  0.123 0.263 0.222 0.392 
252 NS_SS1254   (14)    5 :  0.149 0.277 0.342 0.232 
253 NS_SS1224    (1)    5 :  0.127 0.358 0.304 0.210 
254 NS_SS1227    (8)    5 :  0.401 0.122 0.233 0.244 
255 NS_SS1274    (8)    5 :  0.321 0.258 0.178 0.243 
256 NS_SS1241    (1)    5 :  0.292 0.181 0.363 0.164 
257 NS_SS1256    (3)    5 :  0.275 0.107 0.461 0.157 
258 NS_SS1260    (8)    5 :  0.403 0.146 0.231 0.220 
259 NS_SS1262    (0)    5 :  0.286 0.246 0.349 0.119 
260 NS_SS1230    (0)    5 :  0.288 0.238 0.260 0.214 
261 NS_SS1270    (2)    5 :  0.135 0.415 0.346 0.104 
262 NS_SS1229    (2)    5 :  0.134 0.070 0.319 0.477 
263 NS_SS1246    (5)    5 :  0.374 0.121 0.221 0.284 
264 NS_SS1269    (0)    5 :  0.193 0.295 0.231 0.281 
265 NS_SS1239    (1)    5 :  0.137 0.326 0.146 0.391 
266 NS_SS1272    (4)    5 :  0.189 0.151 0.524 0.136 
267 NS_SS1268    (1)    5 :  0.128 0.475 0.248 0.149 
268 NS_SS1249    (0)    5 :  0.493 0.107 0.135 0.265 
269 HI_SS0559    (0)    6 :  0.238 0.304 0.180 0.278 
270 HI_SS0563    (1)    6 :  0.227 0.249 0.323 0.201 
271 HI_SS0564    (0)    6 :  0.196 0.279 0.272 0.253 
272 HI_SS0565    (0)    6 :  0.298 0.157 0.390 0.156 
273 HI_SS0569    (0)    6 :  0.372 0.247 0.306 0.074 
274 HI_SS0570    (0)    6 :  0.444 0.232 0.119 0.204 
275 HI_SS0572    (1)    6 :  0.131 0.120 0.248 0.501 
276 HI_SS0576    (0)    6 :  0.146 0.445 0.153 0.256 
277 HI_SS0579    (1)    6 :  0.268 0.161 0.352 0.220 
278 HI_SS0580    (1)    6 :  0.355 0.203 0.129 0.313 
279 HI_SS0581    (0)    6 :  0.116 0.349 0.323 0.212 
280 HI_SS0583    (1)    6 :  0.437 0.123 0.180 0.260 
281 HI_SS0586    (1)    6 :  0.504 0.286 0.117 0.092 
282 HI_SS0588    (1)    6 :  0.350 0.209 0.239 0.201 
283 HI_SS0595    (4)    6 :  0.361 0.122 0.315 0.202 
284 HI_SS0596    (0)    6 :  0.123 0.164 0.133 0.581 
285 HI_SS0597    (1)    6 :  0.166 0.142 0.291 0.401 
286 HI_SS0600    (0)    6 :  0.314 0.194 0.275 0.217 
287 HI_SS0601    (1)    6 :  0.225 0.248 0.440 0.087 
288 HI_SS0602    (1)    6 :  0.343 0.365 0.112 0.181 
289 HI_SS0604    (0)    6 :  0.223 0.332 0.193 0.252 
290 HI_SS0605    (1)    6 :  0.291 0.339 0.142 0.227 
291 HI_SS0608    (0)    6 :  0.222 0.356 0.126 0.295 
292 HI_SS0609    (0)    6 :  0.133 0.165 0.440 0.262 
293 HI_SS0611    (5)    6 :  0.419 0.333 0.112 0.136 
294 HI_SS0612    (1)    6 :  0.213 0.083 0.449 0.255 
295 HI_SS0613    (1)    6 :  0.213 0.463 0.199 0.125 
296 HI_SS0615    (0)    6 :  0.103 0.293 0.178 0.425 
297 HI_SS0001    (1)    6 :  0.285 0.117 0.207 0.391 
298 HI_SS0002    (1)    6 :  0.128 0.195 0.427 0.250 
299 HI_SS0004    (0)    6 :  0.358 0.236 0.105 0.301 
300 HI_SS0005    (1)    6 :  0.185 0.508 0.179 0.128 
301 HI_SS0006    (1)    6 :  0.343 0.123 0.384 0.150 
302 HI_SS0007    (1)    6 :  0.308 0.449 0.086 0.157 
303 HI_SS0008    (0)    6 :  0.201 0.280 0.352 0.167 
304 HI_SS0009    (0)    6 :  0.117 0.408 0.114 0.361 
305 HI_SS0010    (1)    6 :  0.274 0.372 0.203 0.150 
306 HI_SS0011    (1)    6 :  0.144 0.256 0.486 0.114 
307 HI_SS0012    (0)    6 :  0.119 0.234 0.381 0.265 
308 HI_SS0017    (1)    6 :  0.144 0.172 0.129 0.555 
309 HI_SS0021    (1)    6 :  0.387 0.222 0.236 0.155 
310 HI_SS0024    (1)    6 :  0.159 0.317 0.217 0.307 
311 HI_SS0025    (1)    6 :  0.144 0.288 0.171 0.397 
312 HI_SS0027    (0)    6 :  0.322 0.325 0.172 0.181 
313 HI_SS0028    (0)    6 :  0.095 0.446 0.301 0.159 
314 HI_SS0029    (1)    6 :  0.270 0.241 0.144 0.345 
315 HI_SS0030    (2)    6 :  0.254 0.212 0.274 0.259 
316 HI_SS0031    (0)    6 :  0.181 0.123 0.432 0.264 
317 HI_SS0034    (0)    6 :  0.411 0.131 0.221 0.237 
318 HI_SS0036    (0)    6 :  0.453 0.258 0.137 0.152 
319 HI_SS0037    (1)    6 :  0.438 0.287 0.156 0.119 
320 HI_SS0039    (0)    6 :  0.327 0.379 0.182 0.111 
321 HI_SS0041    (1)    6 :  0.146 0.414 0.134 0.306 
322 HI_SS0042    (1)    6 :  0.140 0.277 0.264 0.319 
323 HI_SS0043    (1)    6 :  0.503 0.193 0.200 0.104 
324 HI_SS0044    (1)    6 :  0.317 0.138 0.101 0.444 
325 HI_SS0047    (1)    6 :  0.146 0.273 0.246 0.335 
326 HI_SS0049    (0)    6 :  0.169 0.203 0.179 0.448 
327 HI_SS0051    (1)    6 :  0.176 0.423 0.286 0.115 
328 HI_SS0053    (1)    6 :  0.445 0.127 0.258 0.170 
329 HI_SS0054    (4)    6 :  0.367 0.245 0.301 0.087 
330 HI_SS0057    (0)    6 :  0.175 0.428 0.223 0.174 
331 HI_SS0058    (0)    6 :  0.359 0.211 0.212 0.219 
332 HI_SS0060    (0)    6 :  0.188 0.394 0.286 0.132 
333 HI_SS0087    (1)    6 :  0.273 0.155 0.364 0.208 
334 HI_SS0091    (0)    6 :  0.505 0.086 0.281 0.127 
335 HI_SS0095    (1)    6 :  0.272 0.182 0.321 0.224 
336 HI_SS0097    (3)    6 :  0.159 0.202 0.482 0.157 
337 HI_SS0099    (0)    6 :  0.213 0.309 0.147 0.331 
338 HI_SS0103    (0)    6 :  0.189 0.119 0.304 0.387 
339 HI_SS0105    (1)    6 :  0.199 0.233 0.442 0.126 
340 HI_SS0107    (1)    6 :  0.102 0.131 0.240 0.526 
341 HI_SS0108    (1)    6 :  0.584 0.147 0.131 0.138 
342 HI_SS0110    (0)    6 :  0.265 0.114 0.365 0.256 
343 HI_SS0111    (1)    6 :  0.233 0.285 0.233 0.249 
344 HI_SS0112    (0)    6 :  0.529 0.163 0.136 0.171 
345 HI_SS0113    (1)    6 :  0.127 0.207 0.302 0.364 
346 HI_SS0114    (1)    6 :  0.367 0.355 0.173 0.105 
347 HI_SS0115    (1)    6 :  0.225 0.245 0.138 0.392 
348 HI_SS0116    (4)    6 :  0.394 0.114 0.116 0.375 
349 HI_SS0117    (0)    6 :  0.302 0.094 0.462 0.141 
350 HI_SS0118    (0)    6 :  0.368 0.139 0.295 0.198 
351 HI_SS0119    (1)    6 :  0.289 0.175 0.419 0.117 
352 HI_SS0120    (1)    6 :  0.107 0.107 0.277 0.509 
353 HI_SS0121    (1)    6 :  0.113 0.362 0.437 0.088 
354 HI_SS0122    (2)    6 :  0.252 0.262 0.294 0.193 
355 HI_SS0123    (0)    6 :  0.227 0.118 0.419 0.236 
356 HI_SS0124    (1)    6 :  0.103 0.276 0.133 0.488 
357 HI_SS0125    (1)    6 :  0.117 0.361 0.192 0.330 
358 HI_SS0126    (0)    6 :  0.458 0.126 0.124 0.292 
359 HI_SS0127    (0)    6 :  0.186 0.495 0.208 0.111 
360 HI_SS0128    (0)    6 :  0.209 0.134 0.270 0.386 
361 HI_SS0129    (1)    6 :  0.382 0.196 0.133 0.290 
362 HI_SS0131    (2)    6 :  0.304 0.387 0.226 0.083 
363 HI_SS0132    (0)    6 :  0.227 0.253 0.357 0.164 
364 HI_SS0133    (1)    6 :  0.547 0.164 0.118 0.172 
365 HI_SS0134    (1)    6 :  0.255 0.169 0.365 0.211 
366 HI_SS0142    (3)    6 :  0.192 0.217 0.459 0.131 
367 HI_SS0145    (0)    6 :  0.276 0.148 0.283 0.293 
368 HI_SS0146    (1)    6 :  0.302 0.261 0.239 0.198 
369 HI_SS0147    (1)    6 :  0.127 0.430 0.303 0.139 
370 HI_SS0149    (1)    6 :  0.223 0.134 0.527 0.116 
371 HI_SS0150    (2)    6 :  0.126 0.386 0.190 0.298 
372 HI_SS0151    (0)    6 :  0.240 0.226 0.124 0.410 
373 NS_SS1451    (1)    6 :  0.102 0.355 0.163 0.381 
374 NS_SS1404    (0)    6 :  0.197 0.435 0.189 0.179 
375 NS_SS1432    (2)    6 :  0.153 0.229 0.215 0.402 
376 NS_SS1405    (4)    6 :  0.228 0.227 0.155 0.390 
377 NS_SS1431   (10)    6 :  0.123 0.219 0.284 0.375 
378 NS_SS1402    (3)    6 :  0.264 0.131 0.356 0.249 
379 NS_SS1450    (3)    6 :  0.334 0.200 0.117 0.349 
380 NS_SS1396    (0)    6 :  0.235 0.304 0.249 0.212 
381 NS_SS1393    (5)    6 :  0.316 0.251 0.189 0.244 
382 NS_SS1392   (10)    6 :  0.154 0.289 0.092 0.464 
383 NS_SS1445    (0)    6 :  0.387 0.232 0.269 0.112 
384 NS_SS1423    (0)    6 :  0.295 0.115 0.303 0.288 
385 NS_SS1421    (9)    6 :  0.279 0.202 0.298 0.220 
386 NS_SS1411    (6)    6 :  0.338 0.440 0.091 0.131 
387 NS_SS1453    (5)    6 :  0.366 0.202 0.274 0.158 
388 NS_SS1442    (2)    6 :  0.211 0.277 0.282 0.230 
389 NS_SS1422    (1)    6 :  0.189 0.142 0.332 0.338 
390 NS_SS1419    (1)    6 :  0.164 0.422 0.283 0.131 
391 NS_SS1427    (0)    6 :  0.485 0.095 0.083 0.337 
392 NS_SS1444    (3)    6 :  0.167 0.395 0.200 0.238 
393 NS_SS1455    (0)    6 :  0.112 0.174 0.326 0.388 
394 NS_SS1425    (2)    6 :  0.482 0.209 0.208 0.101 
395 NS_SS1400    (0)    6 :  0.371 0.263 0.231 0.135 
396 NS_SS1406    (1)    6 :  0.095 0.179 0.533 0.194 
397 NS_SS1417    (6)    6 :  0.252 0.207 0.335 0.206 
398 NS_SS1454    (2)    6 :  0.340 0.232 0.297 0.131 
399 NS_SS1412    (1)    6 :  0.308 0.243 0.195 0.255 
400 NS_SS1438    (1)    6 :  0.427 0.276 0.207 0.090 
401 NS_SS1416    (4)    6 :  0.243 0.287 0.273 0.196 
402 NS_SS1401    (0)    6 :  0.277 0.165 0.334 0.224 
403 NS_SS1424    (6)    6 :  0.277 0.192 0.357 0.174 
404 NS_SS1435    (9)    6 :  0.222 0.314 0.136 0.328 
405 NS_SS1447    (4)    6 :  0.147 0.355 0.300 0.198 
406 NS_SS1414    (3)    6 :  0.146 0.421 0.212 0.221 
407 NS_SS1449   (14)    6 :  0.183 0.192 0.267 0.358 
408 NS_SS1443    (4)    6 :  0.366 0.093 0.239 0.301 
409 NS_SS1434    (1)    6 :  0.214 0.095 0.155 0.536 
410 NS_SS1398    (1)    6 :  0.189 0.273 0.151 0.387 
411 NS_SS1426    (1)    6 :  0.468 0.176 0.185 0.171 
412 NS_SS1413    (0)    6 :  0.341 0.135 0.212 0.312 
413 NS_SS1395    (1)    6 :  0.373 0.137 0.288 0.202 
414 NS_SS1448   (10)    6 :  0.289 0.378 0.107 0.226 
415 NS_SS1446    (0)    6 :  0.378 0.157 0.258 0.206 
416 NS_SS1403    (2)    6 :  0.198 0.222 0.324 0.256 
417 NS_SS1415    (0)    6 :  0.369 0.262 0.163 0.205 
418 NS_SS1437    (4)    6 :  0.206 0.270 0.324 0.200 
419 NS_SS1439    (2)    6 :  0.223 0.157 0.409 0.211 
420 NS_SS1441    (3)    6 :  0.346 0.129 0.228 0.297 
421 NS_SS1420    (2)    6 :  0.122 0.630 0.076 0.172 
422 NS_SS1394    (2)    6 :  0.139 0.453 0.196 0.213 
423 NS_SS1391    (7)    6 :  0.315 0.106 0.149 0.429 
424 NS_SS1410    (5)    6 :  0.330 0.193 0.237 0.240 
425 NS_SS1408    (1)    6 :  0.171 0.261 0.377 0.191 
426 NS_SS1409    (1)    6 :  0.285 0.097 0.173 0.445 
427 HI_SS0617    (1)    7 :  0.319 0.162 0.145 0.375 
428 HI_SS0618    (2)    7 :  0.175 0.344 0.160 0.321 
429 HI_SS0619    (0)    7 :  0.248 0.249 0.151 0.352 
430 HI_SS0620    (1)    7 :  0.433 0.284 0.099 0.184 
431 HI_SS0621    (3)    7 :  0.169 0.243 0.295 0.293 
432 HI_SS0622    (1)    7 :  0.214 0.250 0.314 0.222 
433 HI_SS0626    (0)    7 :  0.232 0.494 0.149 0.125 
434 HI_SS0627    (0)    7 :  0.177 0.226 0.307 0.291 
435 HI_SS0628    (3)    7 :  0.407 0.236 0.166 0.191 
436 HI_SS0629    (1)    7 :  0.302 0.255 0.303 0.140 
437 HI_SS0630    (1)    7 :  0.295 0.309 0.150 0.246 
438 HI_SS0631    (0)    7 :  0.299 0.348 0.164 0.189 
439 HI_SS0632    (0)    7 :  0.215 0.435 0.200 0.149 
440 HI_SS0633    (0)    7 :  0.179 0.153 0.150 0.517 
441 HI_SS0634    (1)    7 :  0.245 0.323 0.233 0.199 
442 HI_SS0635    (0)    7 :  0.150 0.391 0.229 0.229 
443 HI_SS0637    (1)    7 :  0.232 0.294 0.364 0.110 
444 HI_SS0638    (0)    7 :  0.233 0.248 0.205 0.314 
445 HI_SS0639    (1)    7 :  0.144 0.335 0.258 0.263 
446 HI_SS0640    (1)    7 :  0.193 0.278 0.267 0.262 
447 HI_SS0641    (1)    7 :  0.374 0.389 0.127 0.110 
448 HI_SS0642    (0)    7 :  0.141 0.194 0.426 0.239 
449 HI_SS0645    (0)    7 :  0.090 0.541 0.125 0.244 
450 HI_SS0646    (1)    7 :  0.201 0.104 0.307 0.388 
451 HI_SS0647    (1)    7 :  0.196 0.211 0.256 0.338 
452 HI_SS0648    (0)    7 :  0.215 0.281 0.244 0.259 
453 HI_SS0649    (1)    7 :  0.260 0.221 0.232 0.288 
454 HI_SS0650    (1)    7 :  0.149 0.157 0.150 0.544 
455 HI_SS0651    (1)    7 :  0.209 0.230 0.270 0.290 
456 HI_SS0652    (1)    7 :  0.128 0.489 0.119 0.264 
457 NS_SS1371    (3)    7 :  0.308 0.099 0.331 0.263 
458 NS_SS1374    (0)    7 :  0.385 0.244 0.189 0.182 
459 NS_SS1337    (3)    7 :  0.122 0.343 0.322 0.214 
460 NS_SS1385    (5)    7 :  0.195 0.141 0.296 0.369 
461 NS_SS1388    (0)    7 :  0.284 0.254 0.158 0.304 
462 NS_SS1370    (1)    7 :  0.096 0.672 0.138 0.094 
463 NS_SS1389    (3)    7 :  0.196 0.368 0.126 0.309 
464 NS_SS1360    (1)    7 :  0.307 0.359 0.211 0.123 
465 NS_SS1330    (0)    7 :  0.114 0.355 0.262 0.270 
466 NS_SS1328    (8)    7 :  0.329 0.087 0.154 0.430 
467 NS_SS1384    (1)    7 :  0.260 0.211 0.390 0.138 
468 NS_SS1381    (0)    7 :  0.092 0.150 0.185 0.572 
469 NS_SS1375    (1)    7 :  0.170 0.288 0.101 0.441 
470 NS_SS1319   (10)    7 :  0.244 0.236 0.260 0.260 
471 NS_SS1326    (2)    7 :  0.443 0.147 0.103 0.307 
472 NS_SS1341    (1)    7 :  0.331 0.164 0.383 0.121 
473 NS_SS1383    (1)    7 :  0.232 0.301 0.303 0.164 
474 NS_SS1318    (3)    7 :  0.211 0.357 0.186 0.246 
475 NS_SS1348    (2)    7 :  0.418 0.184 0.271 0.127 
476 NS_SS1363    (0)    7 :  0.163 0.335 0.309 0.194 
477 NS_SS1335    (4)    7 :  0.274 0.282 0.349 0.096 
478 NS_SS1358    (0)    7 :  0.250 0.152 0.431 0.166 
479 NS_SS1342    (1)    7 :  0.305 0.082 0.458 0.155 
480 NS_SS1320    (2)    7 :  0.062 0.112 0.211 0.616 
481 NS_SS1355    (1)    7 :  0.163 0.243 0.335 0.259 
482 NS_SS1345    (1)    7 :  0.102 0.215 0.496 0.187 
483 NS_SS1324    (0)    7 :  0.340 0.259 0.210 0.191 
484 NS_SS1347    (5)    7 :  0.203 0.182 0.359 0.256 
485 NS_SS1321    (4)    7 :  0.363 0.195 0.280 0.161 
486 NS_SS1333    (0)    7 :  0.410 0.172 0.217 0.201 
487 NS_SS1364    (1)    7 :  0.311 0.176 0.377 0.136 
488 NS_SS1379    (0)    7 :  0.179 0.233 0.223 0.365 
489 NS_SS1332    (0)    7 :  0.472 0.177 0.199 0.152 
490 NS_SS1338    (5)    7 :  0.306 0.393 0.167 0.134 
491 NS_SS1368    (6)    7 :  0.358 0.127 0.369 0.146 
492 NS_SS1354    (1)    7 :  0.200 0.196 0.421 0.184 
493 NS_SS1365    (0)    7 :  0.163 0.317 0.251 0.268 
494 NS_SS1380    (1)    7 :  0.124 0.285 0.411 0.181 
495 NS_SS1329    (8)    7 :  0.301 0.085 0.468 0.146 
496 NS_SS1362    (0)    7 :  0.230 0.158 0.328 0.284 
497 NS_SS1327    (2)    7 :  0.641 0.139 0.090 0.131 
498 NS_SS1350    (0)    7 :  0.276 0.084 0.120 0.520 
499 NS_SS1387    (2)    7 :  0.204 0.486 0.152 0.158 
500 NS_SS1369    (8)    7 :  0.338 0.247 0.274 0.141 
501 NS_SS1331    (1)    7 :  0.266 0.369 0.169 0.195 
502 NS_SS1357    (4)    7 :  0.254 0.078 0.123 0.546 
503 NS_SS1386    (1)    7 :  0.492 0.094 0.319 0.095 
504 NS_SS1353    (2)    7 :  0.206 0.146 0.212 0.436 
505 NS_SS1323    (0)    7 :  0.121 0.194 0.395 0.289 
506 HI_SS0296    (0)    8 :  0.311 0.365 0.113 0.211 
507 HI_SS0297    (0)    8 :  0.179 0.180 0.248 0.393 
508 HI_SS0299    (0)    8 :  0.260 0.249 0.314 0.176 
509 HI_SS0300    (0)    8 :  0.233 0.365 0.200 0.202 
510 HI_SS0301    (0)    8 :  0.179 0.494 0.253 0.074 
511 HI_SS0302    (0)    8 :  0.293 0.429 0.160 0.118 
512 HI_SS0303    (0)    8 :  0.398 0.131 0.160 0.312 
513 HI_SS0304    (0)    8 :  0.207 0.336 0.137 0.320 
514 HI_SS0306    (5)    8 :  0.379 0.322 0.146 0.153 
515 HI_SS0307    (1)    8 :  0.159 0.261 0.315 0.265 
516 HI_SS0308    (1)    8 :  0.154 0.348 0.333 0.164 
517 HI_SS0309    (0)    8 :  0.149 0.250 0.441 0.159 
518 HI_SS0310    (0)    8 :  0.236 0.256 0.173 0.336 
519 HI_SS0311    (3)    8 :  0.216 0.404 0.241 0.139 
520 HI_SS0314    (0)    8 :  0.219 0.158 0.194 0.429 
521 HI_SS0316    (1)    8 :  0.331 0.205 0.235 0.229 
522 HI_SS0317    (3)    8 :  0.202 0.314 0.308 0.176 
523 HI_SS0318    (1)    8 :  0.427 0.209 0.238 0.126 
524 HI_SS0319    (0)    8 :  0.552 0.099 0.193 0.156 
525 HI_SS0320    (3)    8 :  0.163 0.271 0.241 0.324 
526 HI_SS0321    (0)    8 :  0.323 0.168 0.269 0.239 
527 HI_SS0323    (1)    8 :  0.377 0.285 0.136 0.202 
528 HI_SS0325    (2)    8 :  0.338 0.356 0.180 0.127 
529 HI_SS0327    (1)    8 :  0.322 0.065 0.267 0.346 
530 HI_SS0329    (1)    8 :  0.199 0.370 0.200 0.231 
531 HI_SS0333    (1)    8 :  0.268 0.251 0.229 0.252 
532 HI_SS0334    (1)    8 :  0.370 0.214 0.272 0.144 
533 HI_SS0335    (1)    8 :  0.121 0.192 0.468 0.219 
534 HI_SS0339    (0)    8 :  0.152 0.362 0.283 0.203 
535 HI_SS0343    (2)    8 :  0.135 0.124 0.469 0.273 
536 HI_SS0344    (1)    8 :  0.595 0.121 0.148 0.137 
537 HI_SS0345    (3)    8 :  0.193 0.346 0.317 0.143 
538 HI_SS0346    (0)    8 :  0.302 0.274 0.253 0.171 
539 HI_SS0350    (1)    8 :  0.080 0.287 0.416 0.217 
540 HI_SS0351    (0)    8 :  0.176 0.153 0.526 0.145 
541 HI_SS0352    (3)    8 :  0.174 0.223 0.357 0.245 
542 HI_SS0362    (0)    8 :  0.194 0.496 0.156 0.154 
543 HI_SS0363    (1)    8 :  0.381 0.119 0.221 0.279 
544 HI_SS0365    (0)    8 :  0.350 0.137 0.252 0.261 
545 HI_SS0366    (0)    8 :  0.495 0.159 0.171 0.175 
546 HI_SS0367    (1)    8 :  0.139 0.227 0.310 0.324 
547 HI_SS0369    (1)    8 :  0.136 0.377 0.207 0.280 
548 HI_SS0370    (0)    8 :  0.204 0.094 0.209 0.493 
549 HI_SS0371    (4)    8 :  0.410 0.312 0.136 0.141 
550 HI_SS0373    (3)    8 :  0.243 0.269 0.162 0.326 
551 HI_SS0374    (0)    8 :  0.180 0.251 0.251 0.318 
552 HI_SS0377    (0)    8 :  0.232 0.206 0.458 0.104 
553 HI_SS0379    (1)    8 :  0.600 0.110 0.207 0.083 
554 HI_SS0380    (1)    8 :  0.181 0.240 0.305 0.273 
555 HI_SS0381    (2)    8 :  0.126 0.345 0.370 0.159 
556 HI_SS0384    (3)    8 :  0.344 0.159 0.135 0.362 
557 HI_SS0385    (1)    8 :  0.297 0.380 0.110 0.213 


Estimated Allele Frequencies in each cluster
First column gives estimated ancestral frequencies


Locus 1 : 
2 alleles
3.4% missing data
   1   (0.736) 0.729 0.690 0.769 0.765 
   2   (0.264) 0.271 0.310 0.231 0.235 

Locus 2 : 
2 alleles
4.3% missing data
   1   (0.884) 0.910 0.909 0.884 0.854 
   2   (0.116) 0.090 0.091 0.116 0.146 

Locus 3 : 
2 alleles
3.9% missing data
   1   (0.862) 0.867 0.860 0.884 0.858 
   2   (0.138) 0.133 0.140 0.116 0.142 

Locus 4 : 
2 alleles
2.7% missing data
   1   (0.885) 0.903 0.886 0.869 0.911 
   2   (0.115) 0.097 0.114 0.131 0.089 

Locus 5 : 
2 alleles
2.7% missing data
   1   (0.822) 0.807 0.828 0.856 0.808 
   2   (0.178) 0.193 0.172 0.144 0.192 

Locus 6 : 
2 alleles
3.2% missing data
   1   (0.790) 0.760 0.815 0.801 0.802 
   2   (0.210) 0.240 0.185 0.199 0.198 

Locus 7 : 
2 alleles
3.8% missing data
   1   (0.802) 0.790 0.789 0.808 0.842 
   2   (0.198) 0.210 0.211 0.192 0.158 

Locus 8 : 
2 alleles
4.8% missing data
   1   (0.704) 0.691 0.724 0.727 0.685 
   2   (0.296) 0.309 0.276 0.273 0.315 

Locus 9 : 
2 alleles
3.1% missing data
   1   (0.792) 0.749 0.813 0.812 0.805 
   2   (0.208) 0.251 0.187 0.188 0.195 

Locus 10 : 
2 alleles
4.7% missing data
   1   (0.888) 0.883 0.892 0.875 0.926 
   2   (0.112) 0.117 0.108 0.125 0.074 

Locus 11 : 
2 alleles
3.2% missing data
   1   (0.862) 0.828 0.858 0.884 0.893 
   2   (0.138) 0.172 0.142 0.116 0.107 

Locus 12 : 
2 alleles
4.8% missing data
   1   (0.730) 0.742 0.743 0.742 0.705 
   2   (0.270) 0.258 0.257 0.258 0.295 

Locus 13 : 
2 alleles
4.7% missing data
   1   (0.884) 0.879 0.881 0.897 0.907 
   2   (0.116) 0.121 0.119 0.103 0.093 

Locus 14 : 
2 alleles
3.9% missing data
   1   (0.874) 0.870 0.880 0.866 0.906 
   2   (0.126) 0.130 0.120 0.134 0.094 

Locus 15 : 
2 alleles
3.9% missing data
   1   (0.505) 0.529 0.514 0.497 0.482 
   2   (0.495) 0.471 0.486 0.503 0.518 

Locus 16 : 
2 alleles
4.3% missing data
   1   (0.606) 0.564 0.686 0.585 0.596 
   2   (0.394) 0.436 0.314 0.415 0.404 

Locus 17 : 
2 alleles
4.1% missing data
   1   (0.772) 0.758 0.802 0.784 0.762 
   2   (0.228) 0.242 0.198 0.216 0.238 

Locus 18 : 
2 alleles
2.3% missing data
   1   (0.892) 0.921 0.900 0.880 0.896 
   2   (0.108) 0.079 0.100 0.120 0.104 

Locus 19 : 
2 alleles
4.3% missing data
   1   (0.710) 0.692 0.749 0.707 0.702 
   2   (0.290) 0.308 0.251 0.293 0.298 

Locus 20 : 
2 alleles
3.2% missing data
   1   (0.883) 0.905 0.915 0.823 0.909 
   2   (0.117) 0.095 0.085 0.177 0.091 

Locus 21 : 
2 alleles
3.4% missing data
   1   (0.560) 0.467 0.572 0.620 0.570 
   2   (0.440) 0.533 0.428 0.380 0.430 

Locus 22 : 
2 alleles
4.8% missing data
   1   (0.853) 0.850 0.854 0.876 0.853 
   2   (0.147) 0.150 0.146 0.124 0.147 

Locus 23 : 
2 alleles
4.3% missing data
   1   (0.882) 0.887 0.888 0.917 0.848 
   2   (0.118) 0.113 0.112 0.083 0.152 

Locus 24 : 
2 alleles
3.2% missing data
   1   (0.543) 0.539 0.572 0.550 0.509 
   2   (0.457) 0.461 0.428 0.450 0.491 

Locus 25 : 
2 alleles
4.3% missing data
   2   (0.469) 0.488 0.468 0.427 0.502 
   1   (0.531) 0.512 0.532 0.573 0.498 

Locus 26 : 
2 alleles
4.3% missing data
   1   (0.838) 0.863 0.856 0.838 0.820 
   2   (0.162) 0.137 0.144 0.162 0.180 

Locus 27 : 
2 alleles
2.2% missing data
   1   (0.600) 0.639 0.611 0.588 0.573 
   2   (0.400) 0.361 0.389 0.412 0.427 

Locus 28 : 
2 alleles
4.1% missing data
   1   (0.861) 0.880 0.872 0.811 0.902 
   2   (0.139) 0.120 0.128 0.189 0.098 

Locus 29 : 
2 alleles
1.8% missing data
   1   (0.879) 0.883 0.871 0.901 0.884 
   2   (0.121) 0.117 0.129 0.099 0.116 

Locus 30 : 
2 alleles
4.5% missing data
   1   (0.864) 0.879 0.884 0.857 0.865 
   2   (0.136) 0.121 0.116 0.143 0.135 

Locus 31 : 
2 alleles
4.3% missing data
   1   (0.786) 0.799 0.806 0.749 0.816 
   2   (0.214) 0.201 0.194 0.251 0.184 

Locus 32 : 
2 alleles
2.0% missing data
   1   (0.734) 0.745 0.772 0.702 0.736 
   2   (0.266) 0.255 0.228 0.298 0.264 

Locus 33 : 
2 alleles
3.6% missing data
   1   (0.760) 0.736 0.768 0.736 0.819 
   2   (0.240) 0.264 0.232 0.264 0.181 

Locus 34 : 
2 alleles
3.6% missing data
   1   (0.809) 0.835 0.778 0.811 0.834 
   2   (0.191) 0.165 0.222 0.189 0.166 

Locus 35 : 
2 alleles
3.8% missing data
   1   (0.865) 0.899 0.853 0.853 0.882 
   2   (0.135) 0.101 0.147 0.147 0.118 

Locus 36 : 
2 alleles
2.9% missing data
   1   (0.756) 0.756 0.746 0.779 0.758 
   2   (0.244) 0.244 0.254 0.221 0.242 

Locus 37 : 
2 alleles
2.2% missing data
   1   (0.741) 0.717 0.735 0.778 0.744 
   2   (0.259) 0.283 0.265 0.222 0.256 

Locus 38 : 
2 alleles
1.4% missing data
   1   (0.870) 0.823 0.880 0.901 0.888 
   2   (0.130) 0.177 0.120 0.099 0.112 

Locus 39 : 
2 alleles
3.2% missing data
   1   (0.702) 0.752 0.675 0.702 0.697 
   2   (0.298) 0.248 0.325 0.298 0.303 

Locus 40 : 
2 alleles
3.8% missing data
   1   (0.571) 0.548 0.555 0.562 0.626 
   2   (0.429) 0.452 0.445 0.438 0.374 

Locus 41 : 
2 alleles
3.4% missing data
   1   (0.879) 0.884 0.918 0.856 0.883 
   2   (0.121) 0.116 0.082 0.144 0.117 

Locus 42 : 
2 alleles
4.5% missing data
   2   (0.234) 0.155 0.219 0.253 0.306 
   1   (0.766) 0.845 0.781 0.747 0.694 

Locus 43 : 
2 alleles
2.0% missing data
   1   (0.817) 0.812 0.820 0.821 0.838 
   2   (0.183) 0.188 0.180 0.179 0.162 

Locus 44 : 
2 alleles
4.7% missing data
   1   (0.583) 0.569 0.584 0.595 0.586 
   2   (0.417) 0.431 0.416 0.405 0.414 

Locus 45 : 
2 alleles
3.2% missing data
   1   (0.869) 0.876 0.906 0.838 0.881 
   2   (0.131) 0.124 0.094 0.162 0.119 

Locus 46 : 
2 alleles
2.3% missing data
   1   (0.778) 0.794 0.795 0.808 0.725 
   2   (0.222) 0.206 0.205 0.192 0.275 

Locus 47 : 
2 alleles
4.5% missing data
   1   (0.884) 0.896 0.893 0.900 0.870 
   2   (0.116) 0.104 0.107 0.100 0.130 

Locus 48 : 
2 alleles
4.5% missing data
   1   (0.814) 0.816 0.810 0.846 0.799 
   2   (0.186) 0.184 0.190 0.154 0.201 

Locus 49 : 
2 alleles
4.5% missing data
   1   (0.816) 0.837 0.863 0.783 0.801 
   2   (0.184) 0.163 0.137 0.217 0.199 

Locus 50 : 
2 alleles
3.4% missing data
   1   (0.658) 0.654 0.619 0.701 0.660 
   2   (0.342) 0.346 0.381 0.299 0.340 

Locus 51 : 
2 alleles
1.4% missing data
   1   (0.601) 0.607 0.582 0.635 0.583 
   2   (0.399) 0.393 0.418 0.365 0.417 

Locus 52 : 
2 alleles
4.1% missing data
   1   (0.657) 0.664 0.661 0.667 0.647 
   2   (0.343) 0.336 0.339 0.333 0.353 

Locus 53 : 
2 alleles
4.5% missing data
   1   (0.852) 0.818 0.829 0.887 0.881 
   2   (0.148) 0.182 0.171 0.113 0.119 

Locus 54 : 
2 alleles
3.8% missing data
   1   (0.862) 0.888 0.881 0.843 0.863 
   2   (0.138) 0.112 0.119 0.157 0.137 

Locus 55 : 
2 alleles
3.2% missing data
   1   (0.880) 0.886 0.911 0.894 0.849 
   2   (0.120) 0.114 0.089 0.106 0.151 

Locus 56 : 
2 alleles
3.2% missing data
   1   (0.796) 0.810 0.794 0.826 0.769 
   2   (0.204) 0.190 0.206 0.174 0.231 

Locus 57 : 
2 alleles
4.5% missing data
   1   (0.662) 0.688 0.628 0.681 0.659 
   2   (0.338) 0.312 0.372 0.319 0.341 

Locus 58 : 
2 alleles
4.1% missing data
   1   (0.839) 0.857 0.810 0.876 0.824 
   2   (0.161) 0.143 0.190 0.124 0.176 

Locus 59 : 
2 alleles
4.8% missing data
   1   (0.816) 0.863 0.819 0.795 0.812 
   2   (0.184) 0.137 0.181 0.205 0.188 

Locus 60 : 
2 alleles
2.5% missing data
   1   (0.858) 0.843 0.844 0.876 0.888 
   2   (0.142) 0.157 0.156 0.124 0.112 

Locus 61 : 
2 alleles
3.9% missing data
   1   (0.775) 0.774 0.807 0.759 0.783 
   2   (0.225) 0.226 0.193 0.241 0.217 

Locus 62 : 
2 alleles
2.0% missing data
   1   (0.840) 0.793 0.868 0.848 0.865 
   2   (0.160) 0.207 0.132 0.152 0.135 

Locus 63 : 
2 alleles
4.1% missing data
   1   (0.756) 0.739 0.768 0.772 0.759 
   2   (0.244) 0.261 0.232 0.228 0.241 

Locus 64 : 
2 alleles
3.2% missing data
   1   (0.872) 0.901 0.849 0.902 0.847 
