

----------------------------------------------------
STRUCTURE by Pritchard, Stephens and Donnelly (2000)
     and Falush, Stephens and Pritchard (2003)
       Code by Pritchard, Falush and Hubisz
             Version 2.3.4 (Jul 2012)
----------------------------------------------------



Command line arguments:   /home/genobiwan/Documents/Programs/Structure/structure -m parameter_job_k7_r9 
Input File:    /media/genobiwan/Storage/Projets/Mackerel_NWA_2021/data_job_k7_r9

Run parameters:
   557 individuals
   3930 loci
   7 populations assumed
   100000 Burn-in period
   200000 Reps


--------------------------------------------
Proportion of membership of each pre-defined
 population in each of the 7 clusters

Given    Inferred Clusters                                   Number of
 Pop       1      2      3      4      5      6      7      Individuals

  1:     0.134  0.146  0.145  0.155  0.155  0.135  0.129       67
  2:     0.175  0.164  0.128  0.122  0.141  0.154  0.116       32
  3:     0.139  0.138  0.131  0.159  0.140  0.159  0.136       92
  4:     0.153  0.126  0.166  0.126  0.134  0.140  0.155       36
  5:     0.141  0.134  0.140  0.169  0.122  0.142  0.152       41
  6:     0.140  0.142  0.150  0.132  0.146  0.140  0.151      158
  7:     0.138  0.147  0.145  0.135  0.153  0.142  0.139       79
  8:     0.132  0.135  0.138  0.151  0.150  0.142  0.152       52
--------------------------------------------

Allele-freq. divergence among pops (Net nucleotide distance),
computed using point estimates of P.

      1       2       3       4       5       6       7      
 1      -    0.0056  0.0056  0.0057  0.0050  0.0060  0.0063  
 2   0.0056     -    0.0057  0.0060  0.0051  0.0054  0.0074  
 3   0.0056  0.0057     -    0.0051  0.0044  0.0051  0.0062  
 4   0.0057  0.0060  0.0051     -    0.0044  0.0050  0.0069  
 5   0.0050  0.0051  0.0044  0.0044     -    0.0042  0.0052  
 6   0.0060  0.0054  0.0051  0.0050  0.0042     -    0.0064  
 7   0.0063  0.0074  0.0062  0.0069  0.0052  0.0064     -    

Average distances (expected heterozygosity) between individuals in same cluster:
cluster  1  : 0.3116 
cluster  2  : 0.3091 
cluster  3  : 0.3107 
cluster  4  : 0.3081 
cluster  5  : 0.3137 
cluster  6  : 0.3091 
cluster  7  : 0.3063 

--------------------------------------------
Estimated Ln Prob of Data   = -2071779.9
Mean value of ln likelihood = -2059431.8
Variance of ln likelihood   = 24696.3
Mean value of alpha         = 1.7339

Mean value of Fst_1         = 0.0653
Mean value of Fst_2         = 0.0673
Mean value of Fst_3         = 0.0567
Mean value of Fst_4         = 0.0625
Mean value of Fst_5         = 0.0506
Mean value of Fst_6         = 0.0570
Mean value of Fst_7         = 0.0706


Inferred ancestry of individuals:
        Label (%Miss) Pop:  Inferred clusters
  1 NS_SS0963    (4)    1 :  0.146 0.065 0.227 0.183 0.152 0.162 0.065 
  2 NS_SS0983    (1)    1 :  0.187 0.039 0.087 0.092 0.344 0.093 0.158 
  3 NS_SS0719    (8)    1 :  0.139 0.109 0.169 0.098 0.168 0.191 0.126 
  4 NS_SS1001    (8)    1 :  0.162 0.254 0.080 0.164 0.071 0.168 0.101 
  5 NS_SS0936    (4)    1 :  0.182 0.152 0.218 0.216 0.054 0.078 0.100 
  6 NS_SS0955    (5)    1 :  0.151 0.046 0.144 0.182 0.151 0.167 0.160 
  7 NS_SS0944    (3)    1 :  0.104 0.107 0.093 0.258 0.079 0.163 0.196 
  8 NS_SS0945    (3)    1 :  0.084 0.257 0.136 0.141 0.091 0.082 0.209 
  9 NS_SS0922    (2)    1 :  0.167 0.225 0.148 0.105 0.111 0.168 0.076 
 10 NS_SS0929    (7)    1 :  0.153 0.089 0.154 0.184 0.145 0.098 0.177 
 11 NS_SS0956    (2)    1 :  0.109 0.177 0.084 0.108 0.115 0.333 0.073 
 12 NS_SS0906    (3)    1 :  0.097 0.097 0.136 0.267 0.137 0.096 0.170 
 13 NS_SS0721    (6)    1 :  0.138 0.086 0.112 0.068 0.209 0.297 0.091 
 14 NS_SS0982    (4)    1 :  0.085 0.132 0.131 0.186 0.239 0.145 0.082 
 15 NS_SS0923    (5)    1 :  0.137 0.194 0.130 0.162 0.171 0.108 0.098 
 16 NS_SS0905    (6)    1 :  0.122 0.176 0.052 0.153 0.331 0.079 0.086 
 17 NS_SS0925    (3)    1 :  0.262 0.087 0.107 0.204 0.134 0.154 0.053 
 18 NS_SS0947    (5)    1 :  0.195 0.148 0.162 0.217 0.064 0.099 0.114 
 19 NS_SS0926    (2)    1 :  0.054 0.082 0.249 0.113 0.158 0.082 0.261 
 20 NS_SS0918    (6)    1 :  0.061 0.148 0.128 0.356 0.113 0.126 0.069 
 21 NS_SS0966    (4)    1 :  0.140 0.137 0.162 0.234 0.152 0.092 0.082 
 22 NS_SS0938    (2)    1 :  0.140 0.149 0.391 0.082 0.061 0.094 0.082 
 23 NS_SS0917    (2)    1 :  0.194 0.145 0.138 0.056 0.162 0.119 0.188 
 24 NS_SS0957   (11)    1 :  0.077 0.155 0.141 0.124 0.140 0.244 0.120 
 25 NS_SS0987    (1)    1 :  0.057 0.124 0.083 0.108 0.252 0.285 0.089 
 26 NS_SS0717    (4)    1 :  0.125 0.265 0.050 0.140 0.215 0.138 0.067 
 27 NS_SS0986    (2)    1 :  0.045 0.142 0.152 0.126 0.198 0.177 0.160 
 28 NS_SS0953    (4)    1 :  0.194 0.157 0.053 0.284 0.101 0.130 0.082 
 29 NS_SS0907    (3)    1 :  0.107 0.107 0.083 0.301 0.208 0.075 0.118 
 30 NS_SS0974    (6)    1 :  0.213 0.166 0.096 0.211 0.071 0.077 0.168 
 31 NS_SS0989    (1)    1 :  0.225 0.072 0.226 0.058 0.108 0.093 0.218 
 32 NS_SS0991    (2)    1 :  0.052 0.058 0.065 0.216 0.260 0.195 0.155 
 33 NS_SS0994    (2)    1 :  0.128 0.128 0.091 0.085 0.122 0.067 0.380 
 34 NS_SS0931    (6)    1 :  0.056 0.063 0.198 0.135 0.225 0.132 0.192 
 35 NS_SS1000    (5)    1 :  0.113 0.272 0.151 0.188 0.077 0.080 0.120 
 36 NS_SS0919    (1)    1 :  0.091 0.069 0.189 0.137 0.346 0.052 0.115 
 37 NS_SS0949    (3)    1 :  0.231 0.063 0.143 0.073 0.131 0.167 0.192 
 38 NS_SS0960   (10)    1 :  0.144 0.100 0.087 0.181 0.170 0.139 0.179 
 39 NS_SS0716    (2)    1 :  0.051 0.409 0.066 0.048 0.171 0.166 0.089 
 40 NS_SS0924    (8)    1 :  0.161 0.081 0.114 0.158 0.250 0.118 0.118 
 41 NS_SS0935    (1)    1 :  0.115 0.090 0.054 0.121 0.278 0.155 0.186 
 42 NS_SS0952   (13)    1 :  0.095 0.091 0.120 0.195 0.240 0.070 0.189 
 43 NS_SS0962   (10)    1 :  0.081 0.207 0.271 0.104 0.141 0.112 0.085 
 44 NS_SS0973    (5)    1 :  0.259 0.065 0.080 0.238 0.126 0.134 0.097 
 45 NS_SS0722    (1)    1 :  0.155 0.328 0.066 0.228 0.070 0.081 0.072 
 46 NS_SS0979   (13)    1 :  0.076 0.180 0.143 0.155 0.172 0.191 0.084 
 47 NS_SS0993    (2)    1 :  0.201 0.128 0.134 0.216 0.135 0.131 0.055 
 48 NS_SS0958    (1)    1 :  0.091 0.180 0.109 0.142 0.136 0.087 0.256 
 49 NS_SS0988    (4)    1 :  0.067 0.110 0.226 0.181 0.212 0.081 0.123 
 50 NS_SS1003    (2)    1 :  0.058 0.055 0.369 0.109 0.120 0.234 0.055 
 51 NS_SS0976    (0)    1 :  0.088 0.063 0.260 0.162 0.103 0.115 0.210 
 52 NS_SS0964   (10)    1 :  0.160 0.294 0.066 0.105 0.112 0.192 0.072 
 53 NS_SS0939    (4)    1 :  0.072 0.365 0.150 0.042 0.093 0.209 0.068 
 54 NS_SS0990    (6)    1 :  0.051 0.214 0.271 0.059 0.091 0.109 0.204 
 55 NS_SS0984    (2)    1 :  0.145 0.283 0.167 0.127 0.135 0.080 0.062 
 56 NS_SS0980    (9)    1 :  0.320 0.127 0.069 0.249 0.097 0.064 0.072 
 57 NS_SS0978    (4)    1 :  0.158 0.183 0.137 0.185 0.111 0.094 0.133 
 58 NS_SS0951   (17)    1 :  0.060 0.117 0.061 0.193 0.202 0.215 0.152 
 59 NS_SS0913    (3)    1 :  0.092 0.234 0.097 0.121 0.107 0.239 0.110 
 60 NS_SS1002    (1)    1 :  0.081 0.102 0.396 0.213 0.082 0.056 0.071 
 61 NS_SS0948    (1)    1 :  0.091 0.111 0.160 0.207 0.192 0.107 0.131 
 62 NS_SS0916    (4)    1 :  0.334 0.094 0.168 0.067 0.095 0.110 0.132 
 63 NS_SS0995    (1)    1 :  0.321 0.143 0.096 0.088 0.153 0.124 0.076 
 64 NS_SS0927    (6)    1 :  0.200 0.134 0.107 0.071 0.268 0.061 0.159 
 65 NS_SS0992    (5)    1 :  0.241 0.134 0.191 0.124 0.060 0.080 0.171 
 66 NS_SS0912    (1)    1 :  0.045 0.112 0.136 0.120 0.200 0.220 0.167 
 67 NS_SS0981    (1)    1 :  0.053 0.123 0.207 0.193 0.194 0.154 0.075 
 68 NS_SS0729    (5)    2 :  0.318 0.053 0.095 0.141 0.088 0.054 0.251 
 69 NS_SS0967   (14)    2 :  0.155 0.103 0.189 0.209 0.178 0.096 0.069 
 70 NS_SS0941    (7)    2 :  0.201 0.178 0.176 0.087 0.123 0.140 0.096 
 71 NS_SS0768   (12)    2 :  0.077 0.127 0.132 0.160 0.121 0.268 0.116 
 72 NS_SS0726    (4)    2 :  0.316 0.060 0.207 0.096 0.076 0.074 0.170 
 73 NS_SS0763    (4)    2 :  0.151 0.143 0.097 0.123 0.200 0.100 0.186 
 74 NS_SS0730    (6)    2 :  0.143 0.229 0.164 0.092 0.174 0.120 0.079 
 75 NS_SS0774    (1)    2 :  0.241 0.249 0.138 0.171 0.057 0.075 0.068 
 76 NS_SS0723    (3)    2 :  0.203 0.143 0.176 0.151 0.167 0.119 0.040 
 77 NS_SS0940    (9)    2 :  0.187 0.163 0.174 0.067 0.111 0.135 0.163 
 78 NS_SS0762    (1)    2 :  0.175 0.330 0.068 0.144 0.102 0.126 0.055 
 79 NS_SS0766   (11)    2 :  0.174 0.259 0.081 0.055 0.174 0.130 0.126 
 80 NS_SS0724    (1)    2 :  0.142 0.125 0.102 0.182 0.178 0.193 0.079 
 81 NS_SS0769    (3)    2 :  0.088 0.183 0.152 0.110 0.254 0.108 0.104 
 82 NS_SS0777    (2)    2 :  0.054 0.110 0.132 0.137 0.271 0.120 0.175 
 83 NS_SS0734    (6)    2 :  0.130 0.150 0.103 0.089 0.119 0.242 0.167 
 84 NS_SS0737    (3)    2 :  0.268 0.293 0.136 0.080 0.064 0.098 0.062 
 85 NS_SS0732    (5)    2 :  0.161 0.102 0.064 0.148 0.196 0.276 0.053 
 86 NS_SS0728    (5)    2 :  0.251 0.135 0.130 0.088 0.115 0.184 0.096 
 87 NS_SS0735    (9)    2 :  0.261 0.169 0.054 0.141 0.094 0.200 0.081 
 88 NS_SS0725    (1)    2 :  0.126 0.219 0.219 0.093 0.060 0.191 0.093 
 89 NS_SS0788    (2)    2 :  0.146 0.098 0.246 0.086 0.228 0.101 0.096 
 90 NS_SS0778    (2)    2 :  0.133 0.071 0.194 0.081 0.276 0.134 0.112 
 91 NS_SS0792    (6)    2 :  0.228 0.086 0.080 0.139 0.124 0.219 0.123 
 92 NS_SS0943   (11)    2 :  0.090 0.052 0.081 0.256 0.077 0.195 0.250 
 93 NS_SS0791    (2)    2 :  0.303 0.094 0.101 0.060 0.082 0.202 0.159 
 94 NS_SS0790    (5)    2 :  0.094 0.180 0.082 0.232 0.097 0.274 0.040 
 95 NS_SS0731    (6)    2 :  0.066 0.213 0.084 0.102 0.197 0.266 0.071 
 96 NS_SS0727    (6)    2 :  0.295 0.197 0.055 0.084 0.069 0.092 0.209 
 97 NS_SS0779   (12)    2 :  0.143 0.129 0.138 0.120 0.251 0.128 0.091 
 98 NS_SS0776    (3)    2 :  0.125 0.243 0.162 0.089 0.105 0.127 0.150 
 99 NS_SS0775    (5)    2 :  0.163 0.358 0.093 0.091 0.085 0.136 0.075 
100 NS_SS0965    (3)    3 :  0.099 0.079 0.157 0.158 0.219 0.214 0.074 
101 NS_SS0754   (13)    3 :  0.186 0.068 0.101 0.083 0.113 0.253 0.196 
102 NS_SS0838    (5)    3 :  0.136 0.178 0.198 0.132 0.110 0.105 0.141 
103 NS_SS0839    (3)    3 :  0.167 0.238 0.171 0.115 0.081 0.159 0.069 
104 NS_SS0832    (4)    3 :  0.093 0.163 0.132 0.264 0.131 0.167 0.049 
105 NS_SS0820    (4)    3 :  0.132 0.102 0.207 0.126 0.174 0.208 0.051 
106 NS_SS0886    (9)    3 :  0.139 0.110 0.134 0.089 0.166 0.188 0.173 
107 NS_SS0748    (5)    3 :  0.087 0.106 0.116 0.212 0.242 0.110 0.128 
108 NS_SS0884    (9)    3 :  0.200 0.111 0.124 0.160 0.127 0.145 0.132 
109 NS_SS0752    (3)    3 :  0.235 0.184 0.123 0.147 0.091 0.110 0.112 
110 NS_SS0862    (1)    3 :  0.177 0.073 0.077 0.164 0.124 0.332 0.053 
111 NS_SS0787    (9)    3 :  0.078 0.101 0.091 0.115 0.130 0.102 0.382 
112 NS_SS0843    (6)    3 :  0.187 0.108 0.080 0.146 0.240 0.156 0.083 
113 NS_SS0856    (4)    3 :  0.233 0.232 0.131 0.053 0.124 0.102 0.126 
114 NS_SS0846    (2)    3 :  0.186 0.089 0.147 0.240 0.136 0.066 0.137 
115 NS_SS0825    (1)    3 :  0.070 0.065 0.297 0.109 0.115 0.220 0.125 
116 NS_SS0757    (3)    3 :  0.096 0.095 0.101 0.170 0.184 0.205 0.149 
117 NS_SS0876    (3)    3 :  0.177 0.164 0.096 0.159 0.115 0.178 0.110 
118 NS_SS0903    (9)    3 :  0.362 0.106 0.091 0.245 0.071 0.071 0.054 
119 NS_SS0875    (7)    3 :  0.076 0.236 0.172 0.103 0.169 0.127 0.117 
120 NS_SS0740    (5)    3 :  0.156 0.145 0.087 0.160 0.213 0.146 0.093 
121 NS_SS0811    (5)    3 :  0.080 0.251 0.086 0.129 0.111 0.281 0.064 
122 NS_SS0751    (1)    3 :  0.126 0.231 0.194 0.085 0.160 0.100 0.104 
123 NS_SS0891    (6)    3 :  0.123 0.196 0.222 0.116 0.088 0.128 0.126 
124 NS_SS0867    (2)    3 :  0.083 0.041 0.110 0.295 0.148 0.179 0.143 
125 NS_SS0890    (6)    3 :  0.181 0.151 0.117 0.157 0.209 0.092 0.093 
126 NS_SS0866   (11)    3 :  0.121 0.091 0.112 0.102 0.064 0.130 0.379 
127 NS_SS0755    (4)    3 :  0.108 0.126 0.128 0.193 0.115 0.221 0.109 
128 NS_SS0758    (4)    3 :  0.248 0.130 0.118 0.139 0.152 0.103 0.110 
129 NS_SS0840    (2)    3 :  0.106 0.155 0.242 0.217 0.080 0.148 0.051 
130 NS_SS0889    (4)    3 :  0.082 0.088 0.093 0.126 0.081 0.249 0.280 
131 NS_SS1010    (1)    3 :  0.089 0.160 0.192 0.141 0.216 0.100 0.102 
132 NS_SS0888    (5)    3 :  0.264 0.100 0.055 0.064 0.071 0.156 0.290 
133 NS_SS0837    (3)    3 :  0.099 0.116 0.079 0.223 0.139 0.276 0.069 
134 NS_SS0794    (9)    3 :  0.154 0.190 0.059 0.102 0.089 0.124 0.282 
135 NS_SS0823    (4)    3 :  0.140 0.160 0.140 0.290 0.077 0.109 0.084 
136 NS_SS0829    (7)    3 :  0.058 0.075 0.071 0.189 0.105 0.191 0.312 
137 NS_SS0844    (5)    3 :  0.177 0.056 0.066 0.450 0.097 0.115 0.040 
138 NS_SS1008    (5)    3 :  0.139 0.235 0.071 0.114 0.097 0.106 0.237 
139 NS_SS0881    (3)    3 :  0.080 0.146 0.258 0.085 0.148 0.111 0.172 
140 NS_SS0834    (6)    3 :  0.157 0.233 0.230 0.111 0.074 0.118 0.078 
141 NS_SS0744   (10)    3 :  0.209 0.073 0.181 0.141 0.088 0.178 0.130 
142 NS_SS0899    (7)    3 :  0.065 0.205 0.081 0.211 0.114 0.252 0.073 
143 NS_SS0804    (4)    3 :  0.137 0.125 0.139 0.179 0.175 0.206 0.040 
144 NS_SS0781   (10)    3 :  0.083 0.173 0.229 0.206 0.172 0.082 0.055 
145 NS_SS0822    (6)    3 :  0.204 0.118 0.069 0.203 0.093 0.149 0.164 
146 NS_SS1004    (4)    3 :  0.125 0.099 0.116 0.255 0.185 0.131 0.088 
147 NS_SS0746    (5)    3 :  0.099 0.128 0.123 0.268 0.138 0.081 0.163 
148 NS_SS0880    (3)    3 :  0.132 0.130 0.173 0.251 0.065 0.155 0.095 
149 NS_SS0879    (4)    3 :  0.145 0.169 0.108 0.183 0.061 0.196 0.138 
150 NS_SS0753    (2)    3 :  0.103 0.087 0.071 0.186 0.207 0.153 0.194 
151 NS_SS1007    (2)    3 :  0.290 0.210 0.144 0.054 0.148 0.059 0.094 
152 NS_SS0872    (5)    3 :  0.165 0.203 0.150 0.162 0.135 0.104 0.080 
153 NS_SS1005    (7)    3 :  0.103 0.160 0.161 0.273 0.137 0.086 0.080 
154 NS_SS0892    (6)    3 :  0.110 0.166 0.124 0.124 0.211 0.141 0.123 
155 NS_SS0898    (0)    3 :  0.088 0.114 0.136 0.179 0.139 0.155 0.189 
156 NS_SS0801    (9)    3 :  0.077 0.124 0.092 0.162 0.216 0.212 0.116 
157 NS_SS0827    (8)    3 :  0.059 0.141 0.062 0.085 0.450 0.106 0.096 
158 NS_SS0853    (6)    3 :  0.092 0.202 0.058 0.096 0.245 0.175 0.132 
159 NS_SS0780    (2)    3 :  0.136 0.134 0.199 0.099 0.191 0.169 0.072 
160 NS_SS0826   (10)    3 :  0.051 0.056 0.321 0.221 0.097 0.112 0.142 
161 NS_SS0818    (5)    3 :  0.153 0.180 0.186 0.145 0.137 0.141 0.058 
162 NS_SS0745    (1)    3 :  0.063 0.429 0.123 0.049 0.062 0.196 0.078 
163 NS_SS0849    (3)    3 :  0.046 0.101 0.119 0.125 0.161 0.377 0.071 
164 NS_SS0739    (3)    3 :  0.156 0.146 0.207 0.054 0.153 0.182 0.101 
165 NS_SS0799    (1)    3 :  0.296 0.124 0.044 0.110 0.167 0.117 0.141 
166 NS_SS0756    (2)    3 :  0.075 0.112 0.191 0.303 0.115 0.136 0.068 
167 NS_SS0802    (2)    3 :  0.173 0.115 0.177 0.096 0.235 0.064 0.139 
168 NS_SS0747    (6)    3 :  0.156 0.112 0.155 0.201 0.173 0.094 0.109 
169 NS_SS0835    (1)    3 :  0.156 0.083 0.099 0.098 0.255 0.060 0.251 
170 NS_SS0742   (18)    3 :  0.207 0.103 0.159 0.153 0.152 0.156 0.070 
171 NS_SS0760    (9)    3 :  0.102 0.139 0.099 0.133 0.129 0.083 0.316 
172 NS_SS0803    (4)    3 :  0.291 0.072 0.051 0.372 0.072 0.090 0.052 
173 NS_SS0828   (13)    3 :  0.122 0.132 0.099 0.108 0.215 0.211 0.113 
174 NS_SS0865    (2)    3 :  0.099 0.062 0.183 0.164 0.089 0.256 0.147 
175 NS_SS0759    (4)    3 :  0.141 0.229 0.105 0.136 0.138 0.176 0.075 
176 NS_SS0851    (5)    3 :  0.047 0.145 0.130 0.091 0.073 0.436 0.077 
177 NS_SS0874   (16)    3 :  0.129 0.140 0.085 0.324 0.163 0.095 0.064 
178 NS_SS0761    (6)    3 :  0.084 0.054 0.144 0.173 0.140 0.164 0.241 
179 NS_SS0842   (25)    3 :  0.108 0.205 0.089 0.158 0.117 0.106 0.215 
180 NS_SS0785    (6)    3 :  0.176 0.106 0.088 0.196 0.133 0.143 0.159 
181 NS_SS0860   (11)    3 :  0.129 0.088 0.087 0.140 0.174 0.083 0.299 
182 NS_SS0897    (7)    3 :  0.104 0.100 0.078 0.092 0.098 0.178 0.351 
183 NS_SS0841   (14)    3 :  0.081 0.244 0.088 0.155 0.117 0.243 0.072 
184 NS_SS0797    (6)    3 :  0.070 0.083 0.153 0.135 0.164 0.214 0.180 
185 NS_SS0830   (10)    3 :  0.110 0.114 0.162 0.137 0.127 0.200 0.151 
186 NS_SS1011    (5)    3 :  0.113 0.068 0.306 0.185 0.087 0.164 0.076 
187 NS_SS0883    (5)    3 :  0.159 0.133 0.058 0.123 0.180 0.195 0.152 
188 NS_SS0782    (2)    3 :  0.229 0.210 0.086 0.126 0.067 0.108 0.174 
189 NS_SS0831    (5)    3 :  0.097 0.085 0.075 0.107 0.089 0.280 0.268 
190 NS_SS0749    (7)    3 :  0.191 0.123 0.114 0.080 0.103 0.236 0.153 
191 NS_SS0854    (2)    3 :  0.327 0.127 0.078 0.103 0.104 0.139 0.122 
192 HI_SS0193    (0)    4 :  0.151 0.110 0.166 0.068 0.058 0.225 0.223 
193 HI_SS0194    (0)    4 :  0.113 0.209 0.297 0.100 0.063 0.095 0.123 
194 HI_SS0195    (9)    4 :  0.099 0.153 0.238 0.060 0.119 0.282 0.048 
195 HI_SS0196    (6)    4 :  0.216 0.233 0.104 0.101 0.066 0.106 0.173 
196 HI_SS0197    (3)    4 :  0.079 0.093 0.494 0.070 0.132 0.051 0.082 
197 HI_SS0198    (1)    4 :  0.155 0.097 0.121 0.086 0.155 0.247 0.138 
198 HI_SS0199    (1)    4 :  0.328 0.135 0.070 0.108 0.081 0.089 0.190 
199 HI_SS0201    (4)    4 :  0.097 0.043 0.081 0.170 0.229 0.157 0.224 
200 HI_SS0215    (1)    4 :  0.090 0.068 0.120 0.135 0.253 0.122 0.212 
201 HI_SS0218    (1)    4 :  0.161 0.111 0.064 0.072 0.061 0.192 0.340 
202 HI_SS0222    (0)    4 :  0.167 0.171 0.170 0.059 0.105 0.195 0.133 
203 HI_SS0230    (1)    4 :  0.055 0.164 0.200 0.123 0.296 0.079 0.082 
204 HI_SS0234    (1)    4 :  0.331 0.087 0.198 0.111 0.127 0.057 0.090 
205 HI_SS0240    (1)    4 :  0.366 0.170 0.103 0.069 0.094 0.116 0.083 
206 HI_SS0241    (0)    4 :  0.131 0.081 0.131 0.126 0.206 0.123 0.201 
207 HI_SS0242    (0)    4 :  0.136 0.092 0.119 0.209 0.108 0.183 0.152 
208 HI_SS0247    (0)    4 :  0.062 0.096 0.197 0.333 0.082 0.127 0.103 
209 HI_SS0248    (1)    4 :  0.219 0.174 0.042 0.138 0.138 0.067 0.221 
210 HI_SS0252    (2)    4 :  0.206 0.167 0.092 0.164 0.075 0.205 0.091 
211 HI_SS0254    (1)    4 :  0.140 0.082 0.218 0.136 0.227 0.070 0.126 
212 HI_SS0256    (0)    4 :  0.163 0.170 0.170 0.210 0.127 0.131 0.029 
213 HI_SS0257    (0)    4 :  0.178 0.054 0.163 0.212 0.111 0.051 0.233 
214 HI_SS0258    (1)    4 :  0.127 0.114 0.080 0.138 0.160 0.129 0.251 
215 HI_SS0259    (1)    4 :  0.140 0.149 0.300 0.079 0.091 0.147 0.093 
216 HI_SS0260    (1)    4 :  0.175 0.207 0.072 0.087 0.128 0.082 0.249 
217 HI_SS0261    (2)    4 :  0.103 0.104 0.251 0.197 0.105 0.069 0.171 
218 HI_SS0262    (0)    4 :  0.176 0.137 0.113 0.107 0.116 0.249 0.102 
219 HI_SS0264    (1)    4 :  0.051 0.238 0.195 0.110 0.181 0.115 0.109 
220 HI_SS0265    (0)    4 :  0.095 0.101 0.203 0.102 0.211 0.204 0.084 
221 HI_SS0268    (1)    4 :  0.075 0.203 0.203 0.043 0.246 0.100 0.129 
222 HI_SS0269    (1)    4 :  0.254 0.046 0.147 0.112 0.087 0.065 0.288 
223 HI_SS0273    (0)    4 :  0.096 0.084 0.135 0.219 0.089 0.124 0.251 
224 HI_SS0277    (1)    4 :  0.111 0.057 0.407 0.129 0.104 0.114 0.076 
225 HI_SS0280    (0)    4 :  0.115 0.181 0.127 0.063 0.086 0.271 0.156 
226 HI_SS0282    (1)    4 :  0.148 0.079 0.082 0.231 0.087 0.179 0.195 
227 HI_SS0286    (1)    4 :  0.198 0.058 0.116 0.069 0.233 0.210 0.116 
228 NS_SS1252    (3)    5 :  0.145 0.084 0.058 0.135 0.135 0.102 0.340 
229 NS_SS1261    (1)    5 :  0.188 0.131 0.182 0.149 0.121 0.108 0.121 
230 NS_SS1225    (9)    5 :  0.095 0.064 0.108 0.319 0.170 0.079 0.165 
231 NS_SS1266    (1)    5 :  0.112 0.111 0.102 0.404 0.087 0.134 0.050 
232 NS_SS1228    (0)    5 :  0.130 0.146 0.126 0.087 0.083 0.334 0.094 
233 NS_SS1255    (2)    5 :  0.179 0.319 0.078 0.139 0.034 0.078 0.173 
234 NS_SS1267    (3)    5 :  0.141 0.069 0.087 0.049 0.229 0.120 0.304 
235 NS_SS1238    (6)    5 :  0.082 0.133 0.280 0.089 0.091 0.166 0.160 
236 NS_SS1233    (8)    5 :  0.037 0.189 0.099 0.388 0.094 0.110 0.084 
237 NS_SS1277    (3)    5 :  0.235 0.167 0.090 0.063 0.098 0.138 0.209 
238 NS_SS1245    (1)    5 :  0.123 0.128 0.134 0.229 0.156 0.076 0.154 
239 NS_SS1240    (4)    5 :  0.151 0.070 0.119 0.059 0.280 0.050 0.271 
240 NS_SS1275    (2)    5 :  0.088 0.098 0.389 0.122 0.058 0.193 0.052 
241 NS_SS1235    (1)    5 :  0.283 0.130 0.151 0.207 0.078 0.047 0.105 
242 NS_SS1263    (1)    5 :  0.117 0.243 0.096 0.287 0.078 0.103 0.076 
243 NS_SS1251    (1)    5 :  0.102 0.141 0.148 0.296 0.154 0.085 0.075 
244 NS_SS1248    (0)    5 :  0.040 0.108 0.113 0.074 0.117 0.405 0.144 
245 NS_SS1244    (0)    5 :  0.118 0.044 0.344 0.182 0.068 0.129 0.116 
246 NS_SS1257    (0)    5 :  0.172 0.111 0.081 0.107 0.150 0.135 0.244 
247 NS_SS1242    (2)    5 :  0.077 0.302 0.129 0.176 0.089 0.134 0.094 
248 NS_SS1271    (6)    5 :  0.209 0.061 0.102 0.075 0.115 0.130 0.306 
249 NS_SS1265    (1)    5 :  0.059 0.120 0.155 0.133 0.165 0.096 0.272 
250 NS_SS1243    (0)    5 :  0.123 0.217 0.067 0.092 0.126 0.271 0.105 
251 NS_SS1273    (1)    5 :  0.093 0.357 0.117 0.155 0.090 0.109 0.078 
252 NS_SS1254   (14)    5 :  0.097 0.192 0.074 0.339 0.112 0.093 0.092 
253 NS_SS1224    (1)    5 :  0.108 0.135 0.109 0.256 0.072 0.236 0.083 
254 NS_SS1227    (8)    5 :  0.138 0.122 0.115 0.072 0.354 0.052 0.148 
255 NS_SS1274    (8)    5 :  0.196 0.133 0.111 0.121 0.106 0.148 0.186 
256 NS_SS1241    (1)    5 :  0.160 0.082 0.125 0.203 0.114 0.150 0.168 
257 NS_SS1256    (3)    5 :  0.065 0.105 0.199 0.279 0.123 0.062 0.168 
258 NS_SS1260    (8)    5 :  0.263 0.100 0.075 0.120 0.116 0.098 0.229 
259 NS_SS1262    (0)    5 :  0.131 0.064 0.136 0.205 0.143 0.165 0.156 
260 NS_SS1230    (0)    5 :  0.077 0.192 0.123 0.160 0.100 0.133 0.215 
261 NS_SS1270    (2)    5 :  0.055 0.070 0.132 0.244 0.138 0.285 0.077 
262 NS_SS1229    (2)    5 :  0.314 0.120 0.263 0.117 0.075 0.049 0.062 
263 NS_SS1246    (5)    5 :  0.246 0.070 0.251 0.064 0.086 0.089 0.195 
264 NS_SS1269    (0)    5 :  0.140 0.175 0.115 0.160 0.128 0.171 0.111 
265 NS_SS1239    (1)    5 :  0.326 0.105 0.068 0.071 0.099 0.272 0.059 
266 NS_SS1272    (4)    5 :  0.075 0.074 0.369 0.129 0.202 0.080 0.071 
267 NS_SS1268    (1)    5 :  0.056 0.117 0.053 0.247 0.137 0.310 0.079 
268 NS_SS1249    (0)    5 :  0.231 0.091 0.070 0.120 0.049 0.098 0.340 
269 HI_SS0559    (0)    6 :  0.131 0.165 0.055 0.133 0.152 0.213 0.152 
270 HI_SS0563    (1)    6 :  0.232 0.083 0.151 0.184 0.117 0.120 0.112 
271 HI_SS0564    (0)    6 :  0.139 0.096 0.224 0.158 0.119 0.160 0.104 
272 HI_SS0565    (0)    6 :  0.089 0.097 0.172 0.135 0.299 0.070 0.139 
273 HI_SS0569    (0)    6 :  0.057 0.051 0.084 0.250 0.307 0.078 0.172 
274 HI_SS0570    (0)    6 :  0.132 0.100 0.150 0.053 0.125 0.174 0.266 
275 HI_SS0572    (1)    6 :  0.266 0.231 0.117 0.123 0.119 0.081 0.063 
276 HI_SS0576    (0)    6 :  0.121 0.196 0.147 0.092 0.112 0.252 0.080 
277 HI_SS0579    (1)    6 :  0.197 0.065 0.059 0.292 0.166 0.075 0.146 
278 HI_SS0580    (1)    6 :  0.174 0.210 0.068 0.098 0.136 0.117 0.197 
279 HI_SS0581    (0)    6 :  0.091 0.105 0.317 0.072 0.089 0.262 0.064 
280 HI_SS0583    (1)    6 :  0.118 0.172 0.081 0.130 0.280 0.044 0.176 
281 HI_SS0586    (1)    6 :  0.059 0.121 0.068 0.061 0.326 0.102 0.263 
282 HI_SS0588    (1)    6 :  0.139 0.100 0.057 0.158 0.319 0.087 0.140 
283 HI_SS0595    (4)    6 :  0.095 0.121 0.266 0.104 0.164 0.054 0.195 
284 HI_SS0596    (0)    6 :  0.215 0.342 0.064 0.133 0.101 0.076 0.069 
285 HI_SS0597    (1)    6 :  0.127 0.215 0.224 0.148 0.136 0.068 0.082 
286 HI_SS0600    (0)    6 :  0.263 0.067 0.167 0.093 0.122 0.144 0.144 
287 HI_SS0601    (1)    6 :  0.134 0.048 0.151 0.200 0.242 0.136 0.088 
288 HI_SS0602    (1)    6 :  0.074 0.164 0.057 0.056 0.349 0.122 0.177 
289 HI_SS0604    (0)    6 :  0.100 0.132 0.078 0.184 0.194 0.198 0.113 
290 HI_SS0605    (1)    6 :  0.190 0.080 0.069 0.080 0.133 0.297 0.151 
291 HI_SS0608    (0)    6 :  0.094 0.251 0.117 0.073 0.220 0.125 0.119 
292 HI_SS0609    (0)    6 :  0.097 0.172 0.148 0.294 0.134 0.067 0.089 
293 HI_SS0611    (5)    6 :  0.099 0.112 0.056 0.068 0.209 0.239 0.217 
294 HI_SS0612    (1)    6 :  0.236 0.072 0.081 0.380 0.057 0.045 0.129 
295 HI_SS0613    (1)    6 :  0.070 0.135 0.067 0.127 0.121 0.365 0.115 
296 HI_SS0615    (0)    6 :  0.222 0.208 0.161 0.079 0.105 0.173 0.052 
297 HI_SS0001    (1)    6 :  0.188 0.176 0.195 0.093 0.067 0.087 0.193 
298 HI_SS0002    (1)    6 :  0.110 0.174 0.127 0.246 0.205 0.080 0.058 
299 HI_SS0004    (0)    6 :  0.133 0.185 0.102 0.072 0.114 0.139 0.254 
300 HI_SS0005    (1)    6 :  0.073 0.139 0.148 0.076 0.142 0.323 0.099 
301 HI_SS0006    (1)    6 :  0.117 0.077 0.171 0.219 0.131 0.078 0.207 
302 HI_SS0007    (1)    6 :  0.131 0.086 0.058 0.067 0.074 0.370 0.213 
303 HI_SS0008    (0)    6 :  0.093 0.092 0.166 0.109 0.352 0.117 0.071 
304 HI_SS0009    (0)    6 :  0.204 0.198 0.058 0.096 0.164 0.213 0.067 
305 HI_SS0010    (1)    6 :  0.090 0.144 0.117 0.111 0.246 0.147 0.145 
306 HI_SS0011    (1)    6 :  0.036 0.100 0.247 0.304 0.073 0.132 0.108 
307 HI_SS0012    (0)    6 :  0.277 0.099 0.150 0.076 0.261 0.099 0.039 
308 HI_SS0017    (1)    6 :  0.171 0.253 0.191 0.094 0.065 0.126 0.101 
309 HI_SS0021    (1)    6 :  0.064 0.167 0.146 0.085 0.265 0.067 0.205 
310 HI_SS0024    (1)    6 :  0.167 0.182 0.229 0.070 0.074 0.193 0.085 
311 HI_SS0025    (1)    6 :  0.140 0.290 0.082 0.153 0.084 0.153 0.098 
312 HI_SS0027    (0)    6 :  0.127 0.102 0.052 0.185 0.175 0.173 0.184 
313 HI_SS0028    (0)    6 :  0.045 0.213 0.210 0.067 0.261 0.161 0.042 
314 HI_SS0029    (1)    6 :  0.164 0.295 0.156 0.057 0.075 0.077 0.176 
315 HI_SS0030    (2)    6 :  0.205 0.090 0.137 0.122 0.120 0.181 0.144 
316 HI_SS0031    (0)    6 :  0.218 0.111 0.164 0.137 0.245 0.055 0.070 
317 HI_SS0034    (0)    6 :  0.168 0.084 0.079 0.194 0.099 0.122 0.254 
318 HI_SS0036    (0)    6 :  0.096 0.079 0.232 0.033 0.120 0.156 0.284 
319 HI_SS0037    (1)    6 :  0.060 0.162 0.062 0.118 0.160 0.151 0.287 
320 HI_SS0039    (0)    6 :  0.064 0.126 0.126 0.086 0.113 0.253 0.233 
321 HI_SS0041    (1)    6 :  0.115 0.169 0.157 0.061 0.088 0.316 0.094 
322 HI_SS0042    (1)    6 :  0.110 0.203 0.242 0.132 0.116 0.124 0.074 
323 HI_SS0043    (1)    6 :  0.118 0.049 0.195 0.067 0.151 0.117 0.303 
324 HI_SS0044    (1)    6 :  0.198 0.292 0.083 0.060 0.071 0.069 0.227 
325 HI_SS0047    (1)    6 :  0.162 0.152 0.123 0.139 0.131 0.209 0.084 
326 HI_SS0049    (0)    6 :  0.115 0.273 0.095 0.169 0.142 0.092 0.114 
327 HI_SS0051    (1)    6 :  0.104 0.060 0.061 0.192 0.152 0.341 0.090 
328 HI_SS0053    (1)    6 :  0.117 0.065 0.235 0.099 0.136 0.093 0.255 
329 HI_SS0054    (4)    6 :  0.069 0.049 0.108 0.233 0.158 0.161 0.221 
330 HI_SS0057    (0)    6 :  0.065 0.135 0.212 0.130 0.081 0.250 0.127 
331 HI_SS0058    (0)    6 :  0.099 0.173 0.066 0.161 0.149 0.101 0.250 
332 HI_SS0060    (0)    6 :  0.119 0.070 0.198 0.119 0.197 0.188 0.110 
333 HI_SS0087    (1)    6 :  0.122 0.092 0.196 0.155 0.213 0.093 0.130 
334 HI_SS0091    (0)    6 :  0.108 0.055 0.241 0.113 0.123 0.063 0.297 
335 HI_SS0095    (1)    6 :  0.226 0.069 0.158 0.122 0.150 0.142 0.133 
336 HI_SS0097    (3)    6 :  0.180 0.059 0.082 0.352 0.161 0.092 0.074 
337 HI_SS0099    (0)    6 :  0.066 0.346 0.092 0.084 0.217 0.083 0.112 
338 HI_SS0103    (0)    6 :  0.232 0.164 0.178 0.118 0.075 0.116 0.117 
339 HI_SS0105    (1)    6 :  0.096 0.072 0.256 0.160 0.150 0.156 0.110 
340 HI_SS0107    (1)    6 :  0.249 0.192 0.208 0.131 0.061 0.105 0.055 
341 HI_SS0108    (1)    6 :  0.122 0.065 0.104 0.113 0.090 0.116 0.389 
342 HI_SS0110    (0)    6 :  0.185 0.086 0.350 0.090 0.076 0.066 0.147 
343 HI_SS0111    (1)    6 :  0.229 0.084 0.206 0.068 0.180 0.125 0.107 
344 HI_SS0112    (0)    6 :  0.145 0.091 0.126 0.083 0.127 0.088 0.340 
345 HI_SS0113    (1)    6 :  0.092 0.267 0.251 0.129 0.073 0.106 0.083 
346 HI_SS0114    (1)    6 :  0.091 0.084 0.089 0.126 0.241 0.176 0.193 
347 HI_SS0115    (1)    6 :  0.263 0.193 0.037 0.120 0.173 0.112 0.102 
348 HI_SS0116    (4)    6 :  0.193 0.249 0.067 0.080 0.138 0.042 0.229 
349 HI_SS0117    (0)    6 :  0.085 0.067 0.264 0.218 0.135 0.050 0.181 
350 HI_SS0118    (0)    6 :  0.122 0.149 0.130 0.192 0.101 0.076 0.231 
351 HI_SS0119    (1)    6 :  0.154 0.047 0.241 0.142 0.094 0.134 0.188 
352 HI_SS0120    (1)    6 :  0.165 0.206 0.358 0.088 0.047 0.079 0.058 
353 HI_SS0121    (1)    6 :  0.047 0.093 0.345 0.160 0.144 0.148 0.063 
354 HI_SS0122    (2)    6 :  0.126 0.121 0.220 0.103 0.081 0.174 0.175 
355 HI_SS0123    (0)    6 :  0.132 0.113 0.220 0.206 0.098 0.083 0.147 
356 HI_SS0124    (1)    6 :  0.183 0.316 0.086 0.097 0.113 0.137 0.067 
357 HI_SS0125    (1)    6 :  0.197 0.187 0.172 0.083 0.167 0.144 0.050 
358 HI_SS0126    (0)    6 :  0.111 0.205 0.111 0.101 0.059 0.081 0.333 
359 HI_SS0127    (0)    6 :  0.080 0.092 0.068 0.162 0.211 0.301 0.085 
360 HI_SS0128    (0)    6 :  0.188 0.164 0.202 0.157 0.096 0.073 0.121 
361 HI_SS0129    (1)    6 :  0.135 0.126 0.166 0.068 0.104 0.182 0.219 
362 HI_SS0131    (2)    6 :  0.055 0.096 0.082 0.189 0.201 0.167 0.209 
363 HI_SS0132    (0)    6 :  0.110 0.110 0.254 0.153 0.121 0.116 0.136 
364 HI_SS0133    (1)    6 :  0.113 0.089 0.108 0.081 0.066 0.134 0.409 
365 HI_SS0134    (1)    6 :  0.132 0.113 0.131 0.191 0.175 0.106 0.151 
366 HI_SS0142    (3)    6 :  0.163 0.063 0.175 0.182 0.203 0.122 0.093 
367 HI_SS0145    (0)    6 :  0.178 0.122 0.086 0.227 0.116 0.086 0.185 
368 HI_SS0146    (1)    6 :  0.171 0.098 0.055 0.198 0.142 0.154 0.181 
369 HI_SS0147    (1)    6 :  0.078 0.093 0.121 0.193 0.060 0.362 0.093 
370 HI_SS0149    (1)    6 :  0.049 0.075 0.422 0.166 0.048 0.067 0.173 
371 HI_SS0150    (2)    6 :  0.144 0.179 0.164 0.120 0.134 0.197 0.064 
372 HI_SS0151    (0)    6 :  0.351 0.107 0.050 0.097 0.095 0.185 0.115 
373 NS_SS1451    (1)    6 :  0.183 0.221 0.154 0.083 0.075 0.219 0.065 
374 NS_SS1404    (0)    6 :  0.084 0.161 0.122 0.097 0.084 0.333 0.120 
375 NS_SS1432    (2)    6 :  0.124 0.257 0.295 0.049 0.114 0.097 0.064 
376 NS_SS1405    (4)    6 :  0.131 0.333 0.086 0.095 0.109 0.079 0.167 
377 NS_SS1431   (10)    6 :  0.089 0.219 0.327 0.101 0.078 0.111 0.076 
378 NS_SS1402    (3)    6 :  0.227 0.102 0.175 0.124 0.160 0.092 0.119 
379 NS_SS1450    (3)    6 :  0.171 0.136 0.127 0.068 0.054 0.184 0.259 
380 NS_SS1396    (0)    6 :  0.121 0.180 0.150 0.129 0.164 0.138 0.118 
381 NS_SS1393    (5)    6 :  0.234 0.128 0.076 0.072 0.274 0.116 0.101 
382 NS_SS1392   (10)    6 :  0.252 0.218 0.102 0.051 0.099 0.187 0.090 
383 NS_SS1445    (0)    6 :  0.062 0.070 0.149 0.148 0.259 0.112 0.199 
384 NS_SS1423    (0)    6 :  0.223 0.096 0.241 0.098 0.141 0.059 0.141 
385 NS_SS1421    (9)    6 :  0.146 0.098 0.238 0.140 0.082 0.130 0.167 
386 NS_SS1411    (6)    6 :  0.077 0.115 0.060 0.065 0.158 0.292 0.233 
387 NS_SS1453    (5)    6 :  0.148 0.079 0.283 0.074 0.104 0.102 0.210 
388 NS_SS1442    (2)    6 :  0.129 0.142 0.075 0.208 0.250 0.091 0.105 
389 NS_SS1422    (1)    6 :  0.309 0.085 0.119 0.251 0.065 0.081 0.089 
390 NS_SS1419    (1)    6 :  0.063 0.123 0.089 0.323 0.107 0.187 0.106 
391 NS_SS1427    (0)    6 :  0.272 0.109 0.139 0.045 0.077 0.069 0.290 
392 NS_SS1444    (3)    6 :  0.079 0.200 0.062 0.162 0.276 0.145 0.077 
393 NS_SS1455    (0)    6 :  0.134 0.281 0.132 0.232 0.099 0.057 0.066 
394 NS_SS1425    (2)    6 :  0.090 0.061 0.091 0.160 0.178 0.123 0.298 
395 NS_SS1400    (0)    6 :  0.057 0.152 0.079 0.211 0.111 0.105 0.285 
396 NS_SS1406    (1)    6 :  0.085 0.148 0.248 0.301 0.105 0.067 0.048 
397 NS_SS1417    (6)    6 :  0.088 0.156 0.172 0.184 0.079 0.133 0.188 
398 NS_SS1454    (2)    6 :  0.041 0.127 0.299 0.088 0.090 0.118 0.236 
399 NS_SS1412    (1)    6 :  0.105 0.169 0.120 0.094 0.106 0.204 0.201 
400 NS_SS1438    (1)    6 :  0.120 0.044 0.074 0.146 0.219 0.178 0.219 
401 NS_SS1416    (4)    6 :  0.113 0.165 0.152 0.156 0.114 0.141 0.159 
402 NS_SS1401    (0)    6 :  0.140 0.102 0.240 0.138 0.157 0.089 0.133 
403 NS_SS1424    (6)    6 :  0.136 0.068 0.233 0.123 0.114 0.174 0.151 
404 NS_SS1435    (9)    6 :  0.130 0.199 0.129 0.048 0.269 0.127 0.098 
405 NS_SS1447    (4)    6 :  0.075 0.147 0.121 0.188 0.153 0.232 0.085 
406 NS_SS1414    (3)    6 :  0.053 0.250 0.095 0.190 0.132 0.190 0.090 
407 NS_SS1449   (14)    6 :  0.342 0.065 0.233 0.087 0.055 0.130 0.089 
408 NS_SS1443    (4)    6 :  0.254 0.087 0.084 0.173 0.136 0.058 0.209 
409 NS_SS1434    (1)    6 :  0.321 0.212 0.080 0.107 0.067 0.067 0.146 
410 NS_SS1398    (1)    6 :  0.115 0.282 0.148 0.091 0.130 0.110 0.124 
411 NS_SS1426    (1)    6 :  0.143 0.072 0.114 0.081 0.261 0.094 0.236 
412 NS_SS1413    (0)    6 :  0.100 0.188 0.101 0.165 0.078 0.098 0.271 
413 NS_SS1395    (1)    6 :  0.183 0.063 0.129 0.079 0.324 0.065 0.156 
414 NS_SS1448   (10)    6 :  0.074 0.150 0.131 0.070 0.069 0.292 0.213 
415 NS_SS1446    (0)    6 :  0.196 0.071 0.156 0.113 0.120 0.138 0.206 
416 NS_SS1403    (2)    6 :  0.131 0.126 0.264 0.070 0.258 0.081 0.069 
417 NS_SS1415    (0)    6 :  0.120 0.131 0.091 0.119 0.151 0.148 0.239 
418 NS_SS1437    (4)    6 :  0.070 0.136 0.277 0.111 0.181 0.115 0.110 
419 NS_SS1439    (2)    6 :  0.183 0.102 0.097 0.191 0.233 0.097 0.096 
420 NS_SS1441    (3)    6 :  0.150 0.183 0.089 0.153 0.169 0.057 0.198 
421 NS_SS1420    (2)    6 :  0.131 0.114 0.055 0.064 0.070 0.493 0.073 
422 NS_SS1394    (2)    6 :  0.068 0.210 0.131 0.065 0.276 0.184 0.067 
423 NS_SS1391    (7)    6 :  0.186 0.223 0.121 0.063 0.141 0.068 0.197 
424 NS_SS1410    (5)    6 :  0.173 0.126 0.207 0.111 0.115 0.096 0.171 
425 NS_SS1408    (1)    6 :  0.130 0.076 0.246 0.140 0.176 0.147 0.085 
426 NS_SS1409    (1)    6 :  0.216 0.233 0.107 0.113 0.097 0.059 0.176 
427 HI_SS0617    (1)    7 :  0.286 0.130 0.083 0.082 0.057 0.137 0.225 
428 HI_SS0618    (2)    7 :  0.216 0.205 0.089 0.111 0.182 0.127 0.069 
429 HI_SS0619    (0)    7 :  0.094 0.309 0.099 0.087 0.112 0.106 0.193 
430 HI_SS0620    (1)    7 :  0.210 0.055 0.040 0.058 0.095 0.280 0.262 
431 HI_SS0621    (3)    7 :  0.196 0.130 0.168 0.149 0.124 0.141 0.092 
432 HI_SS0622    (1)    7 :  0.083 0.133 0.102 0.260 0.072 0.179 0.171 
433 HI_SS0626    (0)    7 :  0.053 0.113 0.130 0.060 0.252 0.283 0.110 
434 HI_SS0627    (0)    7 :  0.108 0.139 0.325 0.077 0.195 0.090 0.066 
435 HI_SS0628    (3)    7 :  0.069 0.141 0.220 0.071 0.146 0.109 0.245 
436 HI_SS0629    (1)    7 :  0.114 0.110 0.142 0.124 0.289 0.101 0.119 
437 HI_SS0630    (1)    7 :  0.149 0.148 0.062 0.108 0.188 0.184 0.161 
438 HI_SS0631    (0)    7 :  0.184 0.093 0.112 0.085 0.154 0.203 0.170 
439 HI_SS0632    (0)    7 :  0.078 0.095 0.150 0.184 0.117 0.244 0.132 
440 HI_SS0633    (0)    7 :  0.205 0.335 0.059 0.121 0.083 0.060 0.137 
441 HI_SS0634    (1)    7 :  0.101 0.096 0.227 0.096 0.100 0.215 0.166 
442 HI_SS0635    (0)    7 :  0.077 0.205 0.105 0.148 0.249 0.150 0.065 
443 HI_SS0637    (1)    7 :  0.083 0.053 0.134 0.207 0.146 0.245 0.132 
444 HI_SS0638    (0)    7 :  0.128 0.186 0.143 0.133 0.089 0.150 0.172 
445 HI_SS0639    (1)    7 :  0.153 0.141 0.111 0.123 0.229 0.186 0.057 
446 HI_SS0640    (1)    7 :  0.120 0.119 0.067 0.221 0.300 0.092 0.082 
447 HI_SS0641    (1)    7 :  0.064 0.143 0.057 0.087 0.242 0.203 0.204 
448 HI_SS0642    (0)    7 :  0.132 0.092 0.406 0.087 0.120 0.102 0.061 
449 HI_SS0645    (0)    7 :  0.104 0.282 0.060 0.128 0.076 0.288 0.062 
450 HI_SS0646    (1)    7 :  0.268 0.143 0.142 0.146 0.100 0.083 0.118 
451 HI_SS0647    (1)    7 :  0.086 0.205 0.234 0.138 0.080 0.117 0.139 
452 HI_SS0648    (0)    7 :  0.123 0.159 0.113 0.159 0.150 0.152 0.144 
453 HI_SS0649    (1)    7 :  0.188 0.186 0.082 0.129 0.247 0.074 0.093 
454 HI_SS0650    (1)    7 :  0.288 0.213 0.127 0.070 0.132 0.099 0.070 
455 HI_SS0651    (1)    7 :  0.199 0.169 0.074 0.123 0.250 0.098 0.088 
456 HI_SS0652    (1)    7 :  0.080 0.185 0.076 0.082 0.116 0.384 0.078 
457 NS_SS1371    (3)    7 :  0.282 0.094 0.149 0.076 0.237 0.058 0.104 
458 NS_SS1374    (0)    7 :  0.073 0.100 0.235 0.057 0.103 0.184 0.249 
459 NS_SS1337    (3)    7 :  0.091 0.085 0.282 0.093 0.050 0.324 0.075 
460 NS_SS1385    (5)    7 :  0.199 0.172 0.103 0.162 0.175 0.099 0.090 
461 NS_SS1388    (0)    7 :  0.071 0.322 0.111 0.079 0.216 0.064 0.137 
462 NS_SS1370    (1)    7 :  0.126 0.055 0.099 0.080 0.066 0.524 0.049 
463 NS_SS1389    (3)    7 :  0.064 0.337 0.125 0.061 0.177 0.124 0.112 
464 NS_SS1360    (1)    7 :  0.089 0.095 0.077 0.136 0.325 0.137 0.140 
465 NS_SS1330    (0)    7 :  0.168 0.176 0.079 0.155 0.133 0.222 0.068 
466 NS_SS1328    (8)    7 :  0.194 0.161 0.148 0.113 0.066 0.059 0.260 
467 NS_SS1384    (1)    7 :  0.129 0.050 0.148 0.134 0.351 0.111 0.078 
468 NS_SS1381    (0)    7 :  0.302 0.255 0.086 0.140 0.070 0.095 0.053 
469 NS_SS1375    (1)    7 :  0.160 0.311 0.121 0.048 0.118 0.134 0.108 
470 NS_SS1319   (10)    7 :  0.189 0.116 0.217 0.080 0.140 0.139 0.118 
471 NS_SS1326    (2)    7 :  0.112 0.233 0.105 0.073 0.092 0.068 0.318 
472 NS_SS1341    (1)    7 :  0.102 0.050 0.251 0.129 0.210 0.087 0.169 
473 NS_SS1383    (1)    7 :  0.120 0.046 0.352 0.077 0.161 0.162 0.082 
474 NS_SS1318    (3)    7 :  0.159 0.153 0.069 0.137 0.159 0.215 0.107 
475 NS_SS1348    (2)    7 :  0.138 0.049 0.118 0.126 0.281 0.123 0.165 
476 NS_SS1363    (0)    7 :  0.121 0.151 0.138 0.191 0.088 0.211 0.101 
477 NS_SS1335    (4)    7 :  0.090 0.074 0.118 0.229 0.199 0.144 0.147 
478 NS_SS1358    (0)    7 :  0.160 0.049 0.186 0.252 0.095 0.113 0.146 
479 NS_SS1342    (1)    7 :  0.134 0.072 0.272 0.199 0.089 0.055 0.180 
480 NS_SS1320    (2)    7 :  0.190 0.374 0.080 0.214 0.047 0.055 0.040 
481 NS_SS1355    (1)    7 :  0.129 0.128 0.095 0.290 0.159 0.129 0.070 
482 NS_SS1345    (1)    7 :  0.114 0.074 0.077 0.484 0.085 0.111 0.055 
483 NS_SS1324    (0)    7 :  0.170 0.103 0.105 0.119 0.238 0.098 0.166 
484 NS_SS1347    (5)    7 :  0.282 0.112 0.128 0.124 0.162 0.109 0.083 
485 NS_SS1321    (4)    7 :  0.105 0.085 0.246 0.068 0.096 0.176 0.224 
486 NS_SS1333    (0)    7 :  0.095 0.132 0.256 0.040 0.187 0.080 0.210 
487 NS_SS1364    (1)    7 :  0.053 0.083 0.110 0.279 0.255 0.069 0.152 
488 NS_SS1379    (0)    7 :  0.204 0.178 0.111 0.146 0.139 0.116 0.106 
489 NS_SS1332    (0)    7 :  0.068 0.183 0.120 0.087 0.208 0.056 0.279 
490 NS_SS1338    (5)    7 :  0.144 0.074 0.085 0.069 0.319 0.171 0.138 
491 NS_SS1368    (6)    7 :  0.053 0.129 0.162 0.261 0.099 0.061 0.235 
492 NS_SS1354    (1)    7 :  0.106 0.158 0.143 0.225 0.134 0.119 0.115 
493 NS_SS1365    (0)    7 :  0.107 0.175 0.169 0.160 0.090 0.199 0.100 
494 NS_SS1380    (1)    7 :  0.069 0.185 0.125 0.243 0.108 0.187 0.083 
495 NS_SS1329    (8)    7 :  0.076 0.101 0.267 0.204 0.086 0.052 0.214 
496 NS_SS1362    (0)    7 :  0.175 0.104 0.168 0.130 0.262 0.078 0.084 
497 NS_SS1327    (2)    7 :  0.116 0.070 0.096 0.042 0.254 0.082 0.339 
498 NS_SS1350    (0)    7 :  0.363 0.164 0.095 0.051 0.090 0.080 0.156 
499 NS_SS1387    (2)    7 :  0.091 0.180 0.079 0.089 0.311 0.167 0.083 
500 NS_SS1369    (8)    7 :  0.082 0.071 0.111 0.272 0.045 0.182 0.237 
501 NS_SS1331    (1)    7 :  0.052 0.219 0.216 0.065 0.073 0.181 0.195 
502 NS_SS1357    (4)    7 :  0.312 0.158 0.167 0.086 0.058 0.049 0.169 
503 NS_SS1386    (1)    7 :  0.054 0.054 0.268 0.150 0.082 0.056 0.336 
504 NS_SS1353    (2)    7 :  0.120 0.266 0.199 0.090 0.105 0.088 0.132 
505 NS_SS1323    (0)    7 :  0.093 0.146 0.259 0.219 0.101 0.104 0.078 
506 HI_SS0296    (0)    8 :  0.190 0.089 0.061 0.121 0.073 0.264 0.202 
507 HI_SS0297    (0)    8 :  0.221 0.122 0.357 0.067 0.091 0.073 0.068 
508 HI_SS0299    (0)    8 :  0.143 0.067 0.149 0.184 0.140 0.207 0.111 
509 HI_SS0300    (0)    8 :  0.118 0.095 0.073 0.242 0.140 0.216 0.117 
510 HI_SS0301    (0)    8 :  0.038 0.066 0.144 0.109 0.317 0.262 0.064 
511 HI_SS0302    (0)    8 :  0.090 0.079 0.063 0.130 0.200 0.256 0.180 
512 HI_SS0303    (0)    8 :  0.097 0.237 0.071 0.110 0.142 0.060 0.284 
513 HI_SS0304    (0)    8 :  0.059 0.290 0.160 0.063 0.069 0.161 0.197 
514 HI_SS0306    (5)    8 :  0.071 0.090 0.100 0.105 0.091 0.267 0.276 
515 HI_SS0307    (1)    8 :  0.102 0.192 0.115 0.196 0.149 0.154 0.091 
516 HI_SS0308    (1)    8 :  0.161 0.110 0.117 0.163 0.303 0.079 0.067 
