   NS_SS0963  1 0.2793 0.1137 0.1382 0.2996 0.1692 
   NS_SS0983  1 0.2393 0.3586 0.1120 0.1616 0.1284 
   NS_SS0719  1 0.1495 0.1896 0.2223 0.2708 0.1678 
   NS_SS1001  1 0.2095 0.1128 0.2734 0.0883 0.3160 
   NS_SS0936  1 0.2491 0.1111 0.0964 0.2638 0.2796 
   NS_SS0955  1 0.3006 0.2414 0.1423 0.2008 0.1148 
   NS_SS0944  1 0.3216 0.2124 0.1482 0.1218 0.1960 
   NS_SS0945  1 0.1844 0.2347 0.1740 0.1628 0.2442 
   NS_SS0922  1 0.1338 0.1096 0.2337 0.1847 0.3381 
   NS_SS0929  1 0.2383 0.2532 0.1440 0.2291 0.1354 
   NS_SS0956  1 0.1423 0.1041 0.4380 0.1158 0.1997 
   NS_SS0906  1 0.3384 0.2113 0.1391 0.1838 0.1274 
   NS_SS0721  1 0.1408 0.1615 0.3719 0.1899 0.1359 
   NS_SS0982  1 0.2626 0.1341 0.2131 0.2518 0.1384 
   NS_SS0923  1 0.2382 0.1372 0.2334 0.1883 0.2029 
   NS_SS0905  1 0.2520 0.1762 0.2633 0.1223 0.1862 
   NS_SS0925  1 0.3344 0.0850 0.1944 0.1341 0.2522 
   NS_SS0947  1 0.2596 0.1359 0.1398 0.2027 0.2621 
   NS_SS0926  1 0.1479 0.3158 0.1261 0.3416 0.0687 
   NS_SS0918  1 0.4264 0.0922 0.2004 0.1740 0.1070 
   NS_SS0966  1 0.3243 0.1245 0.1520 0.2337 0.1655 
   NS_SS0938  1 0.1066 0.0986 0.1243 0.4196 0.2509 
   NS_SS0917  1 0.0858 0.3015 0.1690 0.2628 0.1810 
   NS_SS0957  1 0.1646 0.1692 0.3687 0.1784 0.1191 
   NS_SS0987  1 0.1957 0.1501 0.4483 0.1255 0.0804 
   NS_SS0717  1 0.2211 0.1125 0.3045 0.0801 0.2818 
   NS_SS0986  1 0.2129 0.2252 0.2718 0.2037 0.0864 
   NS_SS0953  1 0.3505 0.1074 0.1888 0.0827 0.2707 
   NS_SS0907  1 0.4279 0.1776 0.1042 0.1588 0.1316 
   NS_SS0974  1 0.2503 0.1990 0.1091 0.1559 0.2857 
   NS_SS0989  1 0.0808 0.3463 0.1031 0.2799 0.1899 
   NS_SS0991  1 0.3882 0.2226 0.2327 0.0896 0.0668 
   NS_SS0994  1 0.1098 0.4737 0.0835 0.1141 0.2189 
   NS_SS0931  1 0.2240 0.2868 0.1794 0.2366 0.0731 
   NS_SS1000  1 0.2221 0.1214 0.1679 0.2076 0.2810 
   NS_SS0919  1 0.2546 0.1966 0.0885 0.3726 0.0876 
   NS_SS0949  1 0.1281 0.2929 0.1332 0.2337 0.2122 
   NS_SS0960  1 0.2343 0.2471 0.2371 0.1654 0.1161 
   NS_SS0716  1 0.0808 0.1228 0.4940 0.1194 0.1830 
   NS_SS0924  1 0.2896 0.2080 0.1753 0.2030 0.1241 
   NS_SS0935  1 0.2106 0.3124 0.2468 0.0944 0.1358 
   NS_SS0952  1 0.2921 0.2782 0.1187 0.1881 0.1229 
   NS_SS0962  1 0.1305 0.1064 0.2095 0.3664 0.1873 
   NS_SS0973  1 0.3576 0.1477 0.1295 0.1397 0.2255 
   NS_SS0722  1 0.2748 0.0901 0.1394 0.0822 0.4134 
   NS_SS0979  1 0.2216 0.1139 0.3021 0.2292 0.1333 
   NS_SS0993  1 0.3146 0.0778 0.1719 0.1739 0.2618 
   NS_SS0958  1 0.1662 0.3109 0.1929 0.1562 0.1737 
   NS_SS0988  1 0.2193 0.1834 0.1591 0.3591 0.0791 
   NS_SS1003  1 0.1494 0.0665 0.2439 0.4700 0.0701 
   NS_SS0976  1 0.2311 0.2696 0.1181 0.2772 0.1040 
   NS_SS0964  1 0.1457 0.0981 0.3001 0.0853 0.3707 
   NS_SS0939  1 0.0610 0.0901 0.4700 0.1813 0.1977 
   NS_SS0990  1 0.0799 0.2469 0.2277 0.3136 0.1320 
   NS_SS0984  1 0.1507 0.0830 0.2300 0.2159 0.3203 
   NS_SS0980  1 0.2903 0.1092 0.0988 0.1242 0.3775 
   NS_SS0978  1 0.1978 0.1467 0.1249 0.2260 0.3045 
   NS_SS0951  1 0.2944 0.2242 0.3101 0.0887 0.0826 
   NS_SS0913  1 0.1816 0.1409 0.3435 0.1173 0.2167 
   NS_SS1002  1 0.1997 0.0763 0.0832 0.5209 0.1198 
   NS_SS0948  1 0.2920 0.1934 0.1834 0.2248 0.1064 
   NS_SS0916  1 0.0891 0.2074 0.1680 0.2302 0.3053 
   NS_SS0995  1 0.1266 0.1360 0.2541 0.1837 0.2997 
   NS_SS0927  1 0.1210 0.2772 0.1259 0.2243 0.2516 
   NS_SS0992  1 0.1293 0.2152 0.0905 0.2522 0.3127 
   NS_SS0912  1 0.1766 0.2258 0.3133 0.2071 0.0772 
   NS_SS0981  1 0.2639 0.1028 0.2345 0.3147 0.0841 
   NS_SS0729  2 0.2159 0.3383 0.0543 0.1190 0.2725 
   NS_SS0967  2 0.2816 0.1051 0.1220 0.3234 0.1679 
   NS_SS0941  2 0.1233 0.1377 0.2053 0.2088 0.3249 
   NS_SS0768  2 0.2400 0.1565 0.2801 0.1743 0.1491 
   NS_SS0726  2 0.1366 0.2382 0.0674 0.2668 0.2910 
   NS_SS0763  2 0.1986 0.2913 0.1362 0.1434 0.2304 
   NS_SS0730  2 0.1268 0.1170 0.2883 0.2564 0.2115 
   NS_SS0774  2 0.1907 0.0959 0.1730 0.1800 0.3605 
   NS_SS0723  2 0.2432 0.0668 0.1838 0.2762 0.2300 
   NS_SS0940  2 0.1014 0.2238 0.2187 0.2210 0.2352 
   NS_SS0762  2 0.1817 0.0718 0.2572 0.0925 0.3967 
   NS_SS0766  2 0.0861 0.2018 0.2898 0.1133 0.3091 
   NS_SS0724  2 0.3065 0.1046 0.2760 0.1097 0.2031 
   NS_SS0769  2 0.1662 0.1661 0.2189 0.2984 0.1504 
   NS_SS0777  2 0.2278 0.2618 0.2071 0.2081 0.0951 
   NS_SS0734  2 0.1364 0.2216 0.2941 0.1454 0.2025 
   NS_SS0737  2 0.1031 0.0861 0.1877 0.1472 0.4757 
   NS_SS0732  2 0.2516 0.1018 0.3879 0.1199 0.1388 
   NS_SS0728  2 0.1531 0.1561 0.2286 0.1439 0.3183 
   NS_SS0735  2 0.2285 0.1175 0.2129 0.0752 0.3659 
   NS_SS0725  2 0.1351 0.1173 0.1926 0.2135 0.3415 
   NS_SS0788  2 0.1361 0.1566 0.1652 0.3988 0.1432 
   NS_SS0778  2 0.1565 0.2286 0.1811 0.3298 0.1040 
   NS_SS0792  2 0.2100 0.2127 0.2771 0.1222 0.1780 
   NS_SS0943  2 0.3620 0.2961 0.1329 0.0982 0.1108 
   NS_SS0791  2 0.0951 0.2387 0.2790 0.1230 0.2641 
   NS_SS0790  2 0.3111 0.0572 0.3429 0.1097 0.1790 
   NS_SS0731  2 0.1823 0.1273 0.4164 0.1329 0.1412 
   NS_SS0727  2 0.1216 0.2873 0.1076 0.0707 0.4128 
   NS_SS0779  2 0.2280 0.1685 0.2155 0.2147 0.1733 
   NS_SS0776  2 0.1344 0.1776 0.2083 0.1999 0.2798 
   NS_SS0775  2 0.1062 0.0987 0.3207 0.1243 0.3500 
   NS_SS0965  3 0.2557 0.1301 0.2784 0.2215 0.1142 
   NS_SS0754  3 0.1537 0.2929 0.2589 0.1467 0.1477 
   NS_SS0838  3 0.2117 0.1964 0.1582 0.2356 0.1981 
   NS_SS0839  3 0.1541 0.0902 0.2579 0.2222 0.2756 
   NS_SS0832  3 0.3633 0.0634 0.2392 0.1788 0.1553 
   NS_SS0820  3 0.2118 0.0720 0.2627 0.3010 0.1525 
   NS_SS0886  3 0.1423 0.2593 0.2493 0.1983 0.1507 
   NS_SS0748  3 0.3126 0.2166 0.1689 0.1973 0.1046 
   NS_SS0884  3 0.2313 0.1898 0.1694 0.1792 0.2303 
   NS_SS0752  3 0.1962 0.1461 0.1601 0.1759 0.3217 
   NS_SS0862  3 0.2526 0.0872 0.3776 0.1197 0.1629 
   NS_SS0787  3 0.1439 0.4855 0.1374 0.1403 0.0929 
   NS_SS0843  3 0.2607 0.1555 0.2005 0.1425 0.2408 
   NS_SS0856  3 0.0787 0.1797 0.1749 0.2246 0.3421 
   NS_SS0846  3 0.3075 0.1804 0.0636 0.2406 0.2079 
   NS_SS0825  3 0.1691 0.1628 0.1917 0.3859 0.0905 
   NS_SS0757  3 0.2676 0.2281 0.2384 0.1454 0.1206 
   NS_SS0876  3 0.2432 0.1489 0.1836 0.1413 0.2830 
   NS_SS0903  3 0.2878 0.0801 0.1003 0.1704 0.3615 
   NS_SS0875  3 0.1477 0.1664 0.2979 0.2467 0.1413 
   NS_SS0740  3 0.2828 0.1594 0.1841 0.1319 0.2418 
   NS_SS0811  3 0.1870 0.0985 0.4909 0.1046 0.1189 
   NS_SS0751  3 0.1047 0.1328 0.2079 0.3168 0.2378 
   NS_SS0891  3 0.1393 0.1628 0.2081 0.2323 0.2575 
   NS_SS0867  3 0.4066 0.1970 0.1234 0.1873 0.0857 
   NS_SS0890  3 0.2427 0.1677 0.1882 0.2025 0.1989 
   NS_SS0866  3 0.1018 0.4599 0.1260 0.1414 0.1709 
   NS_SS0755  3 0.2783 0.1536 0.2465 0.1877 0.1339 
   NS_SS0758  3 0.2085 0.1774 0.1425 0.1643 0.3073 
   NS_SS0840  3 0.2459 0.0653 0.2352 0.2801 0.1735 
   NS_SS0889  3 0.1776 0.3466 0.2422 0.1249 0.1086 
   NS_SS1010  3 0.2020 0.1511 0.1800 0.3403 0.1266 
   NS_SS0888  3 0.0918 0.4056 0.1571 0.0729 0.2727 
   NS_SS0837  3 0.3317 0.1067 0.3137 0.1250 0.1229 
   NS_SS0794  3 0.1255 0.3483 0.1758 0.0800 0.2704 
   NS_SS0823  3 0.3429 0.0944 0.1177 0.1632 0.2818 
   NS_SS0829  3 0.2725 0.3741 0.1891 0.0970 0.0674 
   NS_SS0844  3 0.5605 0.0656 0.1060 0.1220 0.1459 
   NS_SS1008  3 0.1354 0.2943 0.1969 0.0905 0.2828 
   NS_SS0881  3 0.1094 0.2111 0.1813 0.3861 0.1121 
   NS_SS0834  3 0.1549 0.0959 0.1368 0.2223 0.3901 
   NS_SS0744  3 0.2152 0.1741 0.1686 0.2448 0.1973 
   NS_SS0899  3 0.2703 0.0881 0.4197 0.0965 0.1255 
   NS_SS0804  3 0.2610 0.0653 0.2761 0.2093 0.1882 
   NS_SS0781  3 0.2703 0.0790 0.1620 0.3201 0.1686 
   NS_SS0822  3 0.2866 0.1987 0.1354 0.0903 0.2890 
   NS_SS1004  3 0.3438 0.1324 0.1661 0.1895 0.1681 
   NS_SS0746  3 0.3821 0.1736 0.0989 0.1679 0.1775 
   NS_SS0880  3 0.3066 0.1162 0.1611 0.2175 0.1986 
   NS_SS0879  3 0.2189 0.1462 0.1989 0.1438 0.2922 
   NS_SS0753  3 0.2842 0.2589 0.2424 0.1061 0.1084 
   NS_SS1007  3 0.0758 0.1477 0.1305 0.2741 0.3719 
   NS_SS0872  3 0.2012 0.1199 0.2003 0.2287 0.2499 
   NS_SS1005  3 0.3543 0.1138 0.1244 0.2294 0.1781 
   NS_SS0892  3 0.1956 0.1824 0.2231 0.1899 0.2090 
   NS_SS0898  3 0.1962 0.2512 0.2341 0.1756 0.1428 
   NS_SS0801  3 0.3158 0.1721 0.2554 0.1432 0.1136 
   NS_SS0827  3 0.1513 0.2222 0.3758 0.1784 0.0723 
   NS_SS0853  3 0.1559 0.2313 0.4342 0.0866 0.0920 
   NS_SS0780  3 0.1587 0.1118 0.2512 0.2890 0.1893 
   NS_SS0826  3 0.3037 0.1393 0.0957 0.3897 0.0715 
   NS_SS0818  3 0.1596 0.0729 0.2652 0.2440 0.2583 
   NS_SS0745  3 0.0601 0.0821 0.4233 0.1342 0.3002 
   NS_SS0849  3 0.2231 0.1182 0.4044 0.1879 0.0663 
   NS_SS0739  3 0.0801 0.1657 0.2789 0.2987 0.1767 
   NS_SS0799  3 0.1950 0.2524 0.1876 0.0769 0.2880 
   NS_SS0756  3 0.3538 0.0831 0.1805 0.2687 0.1139 
   NS_SS0802  3 0.1493 0.2100 0.0962 0.3316 0.2130 
   NS_SS0747  3 0.2914 0.1600 0.1323 0.2451 0.1713 
   NS_SS0835  3 0.1413 0.3958 0.0908 0.2130 0.1591 
   NS_SS0742  3 0.2428 0.1250 0.1859 0.2637 0.1826 
   NS_SS0760  3 0.1719 0.3828 0.1371 0.1473 0.1609 
   NS_SS0803  3 0.4821 0.0797 0.0937 0.0728 0.2716 
   NS_SS0828  3 0.1948 0.1828 0.3326 0.1373 0.1525 
   NS_SS0865  3 0.2031 0.1803 0.2240 0.3086 0.0840 
   NS_SS0759  3 0.1936 0.0929 0.2769 0.1731 0.2635 
   NS_SS0851  3 0.1468 0.1094 0.4973 0.1385 0.1079 
   NS_SS0874  3 0.4721 0.0940 0.1306 0.1197 0.1835 
   NS_SS0761  3 0.2323 0.3416 0.1861 0.1563 0.0837 
   NS_SS0842  3 0.2134 0.2555 0.2126 0.1487 0.1697 
   NS_SS0785  3 0.2788 0.2408 0.1636 0.1416 0.1752 
   NS_SS0860  3 0.1742 0.4081 0.0963 0.1719 0.1495 
   NS_SS0897  3 0.1153 0.4585 0.2011 0.0996 0.1256 
   NS_SS0841  3 0.2090 0.0875 0.3758 0.1273 0.2005 
   NS_SS0797  3 0.1958 0.2518 0.2769 0.1956 0.0799 
   NS_SS0830  3 0.1866 0.1844 0.2614 0.2296 0.1380 
   NS_SS1011  3 0.2503 0.0954 0.1475 0.3746 0.1322 
   NS_SS0883  3 0.1924 0.2323 0.3325 0.1176 0.1252 
   NS_SS0782  3 0.1517 0.2215 0.1578 0.1063 0.3627 
   NS_SS0831  3 0.1677 0.3532 0.2925 0.0919 0.0947 
   NS_SS0749  3 0.1224 0.2023 0.2986 0.1667 0.2100 
   NS_SS0854  3 0.1668 0.1948 0.1358 0.1173 0.3853 
   HI_SS0193  4 0.1030 0.2844 0.2019 0.1508 0.2599 
   HI_SS0194  4 0.1521 0.1180 0.1150 0.2728 0.3421 
   HI_SS0195  4 0.1029 0.0713 0.4071 0.2672 0.1514 
   HI_SS0196  4 0.1436 0.2193 0.1596 0.1274 0.3502 
   HI_SS0197  4 0.0815 0.1053 0.0781 0.6331 0.1020 
   HI_SS0198  4 0.1482 0.2391 0.3082 0.1616 0.1429 
   HI_SS0199  4 0.1206 0.2799 0.1194 0.1106 0.3694 
   HI_SS0201  4 0.2704 0.3688 0.1506 0.1432 0.0670 
   HI_SS0215  4 0.2101 0.3649 0.1616 0.1896 0.0738 
   HI_SS0218  4 0.0728 0.4452 0.2223 0.0727 0.1870 
   HI_SS0222  4 0.0871 0.1851 0.2793 0.2378 0.2107 
   HI_SS0230  4 0.2244 0.1259 0.2059 0.3541 0.0897 
   HI_SS0234  4 0.1506 0.1551 0.0660 0.2922 0.3362 
   HI_SS0240  4 0.0955 0.1436 0.1859 0.1405 0.4345 
   HI_SS0241  4 0.1925 0.3323 0.1532 0.1855 0.1365 
   HI_SS0242  4 0.2681 0.2071 0.2022 0.1515 0.1711 
   HI_SS0247  4 0.4198 0.1340 0.1590 0.1924 0.0948 
   HI_SS0248  4 0.2268 0.3086 0.0924 0.0651 0.3071 
   HI_SS0252  4 0.2526 0.1213 0.2062 0.0937 0.3262 
   HI_SS0254  4 0.1959 0.1826 0.1087 0.3641 0.1487 
   HI_SS0256  4 0.2614 0.0421 0.2066 0.2373 0.2527 
   HI_SS0257  4 0.2657 0.2963 0.0533 0.2005 0.1842 
   HI_SS0258  4 0.1944 0.3330 0.1937 0.1128 0.1662 
   HI_SS0259  4 0.1050 0.1186 0.1572 0.3781 0.2410 
   HI_SS0260  4 0.1262 0.3504 0.1577 0.1195 0.2462 
   HI_SS0261  4 0.2300 0.1971 0.0796 0.3145 0.1788 
   HI_SS0262  4 0.1430 0.1463 0.3280 0.1946 0.1882 
   HI_SS0264  4 0.1729 0.1292 0.2868 0.2916 0.1195 
   HI_SS0265  4 0.1494 0.1254 0.2465 0.3490 0.1297 
   HI_SS0268  4 0.0665 0.2175 0.2643 0.3192 0.1324 
   HI_SS0269  4 0.1534 0.4054 0.0549 0.2124 0.1739 
   HI_SS0273  4 0.2478 0.3024 0.1256 0.1989 0.1253 
   HI_SS0277  4 0.1581 0.0956 0.1130 0.5589 0.0744 
   HI_SS0280  4 0.1023 0.1804 0.3651 0.1720 0.1803 
   HI_SS0282  4 0.3275 0.2319 0.1475 0.1209 0.1723 
   HI_SS0286  4 0.1596 0.2257 0.2679 0.1965 0.1503 
   NS_SS1252  5 0.1828 0.4719 0.1153 0.0846 0.1454 
   NS_SS1261  5 0.2020 0.1850 0.1805 0.2573 0.1751 
   NS_SS1225  5 0.4104 0.2329 0.1018 0.1496 0.1052 
   NS_SS1266  5 0.4772 0.0696 0.1580 0.1394 0.1558 
   NS_SS1228  5 0.1124 0.1248 0.4658 0.1580 0.1390 
   NS_SS1255  5 0.1331 0.1639 0.1199 0.1052 0.4779 
   NS_SS1267  5 0.0819 0.5071 0.1606 0.1367 0.1137 
   NS_SS1238  5 0.1076 0.1862 0.2500 0.3290 0.1273 
   NS_SS1233  5 0.4764 0.1020 0.1825 0.1326 0.1064 
   NS_SS1277  5 0.0781 0.3081 0.1929 0.1154 0.3054 
   NS_SS1245  5 0.3542 0.1981 0.0976 0.1589 0.1913 
   NS_SS1240  5 0.1035 0.4885 0.0878 0.1877 0.1325 
   NS_SS1275  5 0.1573 0.0645 0.2245 0.4160 0.1377 
   NS_SS1235  5 0.2331 0.1326 0.0607 0.1717 0.4020 
   NS_SS1263  5 0.3602 0.0891 0.1537 0.1078 0.2891 
   NS_SS1251  5 0.3757 0.1037 0.1316 0.2028 0.1862 
   NS_SS1248  5 0.1296 0.1830 0.4811 0.1474 0.0589 
   NS_SS1244  5 0.2283 0.1392 0.1038 0.4315 0.0973 
   NS_SS1257  5 0.1546 0.3478 0.1500 0.1321 0.2155 
   NS_SS1242  5 0.2046 0.1109 0.2354 0.1839 0.2653 
   NS_SS1271  5 0.1135 0.4555 0.1420 0.1502 0.1388 
   NS_SS1265  5 0.1905 0.3563 0.1257 0.2072 0.1204 
   NS_SS1243  5 0.1644 0.1442 0.3625 0.0772 0.2517 
   NS_SS1273  5 0.1670 0.0957 0.2739 0.1849 0.2785 
   NS_SS1254  5 0.4227 0.1113 0.1833 0.1105 0.1722 
   NS_SS1224  5 0.3081 0.1009 0.2958 0.1359 0.1593 
   NS_SS1227  5 0.1232 0.2866 0.1013 0.2937 0.1953 
   NS_SS1274  5 0.1716 0.2667 0.2047 0.1294 0.2276 
   NS_SS1241  5 0.2721 0.2510 0.1600 0.1719 0.1449 
   NS_SS1256  5 0.3410 0.2088 0.0869 0.2407 0.1227 
   NS_SS1260  5 0.1708 0.3553 0.1155 0.1286 0.2299 
   NS_SS1262  5 0.2811 0.2315 0.1784 0.2026 0.1064 
   NS_SS1230  5 0.1910 0.2605 0.2058 0.1631 0.1795 
   NS_SS1270  5 0.3800 0.1065 0.2651 0.1685 0.0800 
   NS_SS1229  5 0.1517 0.0857 0.0534 0.2918 0.4173 
   NS_SS1246  5 0.1105 0.2602 0.0897 0.3061 0.2335 
   NS_SS1269  5 0.1939 0.1616 0.2482 0.1647 0.2316 
   NS_SS1239  5 0.1176 0.1068 0.3136 0.1105 0.3514 
   NS_SS1272  5 0.1631 0.1108 0.0935 0.5395 0.0931 
   NS_SS1268  5 0.3386 0.1019 0.3752 0.0837 0.1005 
   NS_SS1249  5 0.1351 0.4344 0.0941 0.0887 0.2476 
   HI_SS0559  6 0.2182 0.2081 0.2573 0.0788 0.2376 
   HI_SS0563  6 0.2439 0.1641 0.1747 0.2260 0.1914 
   HI_SS0564  6 0.2145 0.1299 0.1912 0.2802 0.1841 
   HI_SS0565  6 0.2247 0.2215 0.1150 0.3266 0.1122 
   HI_SS0569  6 0.3947 0.2796 0.1227 0.1435 0.0596 
   HI_SS0570  6 0.0906 0.3702 0.1995 0.1851 0.1546 
   HI_SS0572  6 0.2091 0.0999 0.1146 0.1655 0.4109 
   HI_SS0576  6 0.1299 0.1072 0.3813 0.1974 0.1841 
   HI_SS0579  6 0.4522 0.1878 0.0865 0.0786 0.1949 
   HI_SS0580  6 0.1300 0.3005 0.2179 0.0921 0.2595 
   HI_SS0581  6 0.1171 0.0828 0.2812 0.3981 0.1208 
   HI_SS0583  6 0.1896 0.3592 0.1030 0.1281 0.2201 
   HI_SS0586  6 0.1143 0.4372 0.2477 0.1268 0.0740 
   HI_SS0588  6 0.2939 0.2789 0.1468 0.1079 0.1725 
   HI_SS0595  6 0.1112 0.2478 0.0985 0.3969 0.1455 
   HI_SS0596  6 0.1680 0.0978 0.1705 0.1013 0.4624 
   HI_SS0597  6 0.1931 0.1227 0.1203 0.2844 0.2795 
   HI_SS0600  6 0.1323 0.2534 0.1512 0.2785 0.1846 
   HI_SS0601  6 0.3475 0.1702 0.1533 0.2521 0.0770 
   HI_SS0602  6 0.1202 0.3072 0.3284 0.0990 0.1452 
   HI_SS0604  6 0.3275 0.1560 0.2100 0.1032 0.2033 
   HI_SS0605  6 0.1737 0.2450 0.2939 0.1033 0.1841 
   HI_SS0608  6 0.1190 0.1702 0.3365 0.1714 0.2029 
   HI_SS0609  6 0.3643 0.1063 0.1246 0.2030 0.2018 
   HI_SS0611  6 0.1248 0.3667 0.3001 0.0923 0.1162 
   HI_SS0612  6 0.4109 0.1637 0.0538 0.1149 0.2568 
   HI_SS0613  6 0.2056 0.2043 0.3944 0.1027 0.0930 
   HI_SS0615  6 0.1115 0.0760 0.2548 0.2323 0.3254 
   HI_SS0001  6 0.1103 0.2434 0.1046 0.2237 0.3180 
   HI_SS0002  6 0.2990 0.0857 0.1530 0.2404 0.2218 
   HI_SS0004  6 0.1014 0.3233 0.2078 0.1180 0.2494 
   HI_SS0005  6 0.1087 0.1540 0.4435 0.2023 0.0915 
   HI_SS0006  6 0.2845 0.2789 0.0871 0.2111 0.1384 
   HI_SS0007  6 0.0986 0.2913 0.3909 0.0719 0.1473 
   HI_SS0008  6 0.2004 0.1427 0.2159 0.3236 0.1174 
   HI_SS0009  6 0.1728 0.0935 0.3449 0.0755 0.3133 
   HI_SS0010  6 0.1763 0.2305 0.2752 0.2095 0.1085 
   HI_SS0011  6 0.3625 0.1081 0.1704 0.2800 0.0790 
   HI_SS0012  6 0.1549 0.0801 0.1962 0.3375 0.2313 
   HI_SS0017  6 0.1217 0.1231 0.1634 0.1778 0.4140 
   HI_SS0021  6 0.1346 0.3049 0.1782 0.2796 0.1027 
   HI_SS0024  6 0.0924 0.1048 0.2825 0.3127 0.2077 
   HI_SS0025  6 0.2043 0.1191 0.2731 0.0939 0.3097 
   HI_SS0027  6 0.2840 0.2572 0.2191 0.0800 0.1598 
   HI_SS0028  6 0.1012 0.0655 0.3695 0.3663 0.0976 
   HI_SS0029  6 0.0769 0.2115 0.2645 0.2131 0.2339 
   HI_SS0030  6 0.1982 0.2073 0.1762 0.1961 0.2221 
   HI_SS0031  6 0.1913 0.1245 0.1091 0.3335 0.2415 
   HI_SS0034  6 0.2828 0.3189 0.0836 0.1026 0.2121 
   HI_SS0036  6 0.0525 0.3601 0.2055 0.2879 0.0940 
   HI_SS0037  6 0.1832 0.3909 0.2394 0.1006 0.0859 
   HI_SS0039  6 0.1040 0.2904 0.3483 0.1763 0.0809 
   HI_SS0041  6 0.0979 0.1183 0.3925 0.1717 0.2196 
   HI_SS0042  6 0.1790 0.0972 0.2188 0.2970 0.2080 
   HI_SS0043  6 0.1171 0.4286 0.1175 0.2527 0.0842 
   HI_SS0044  6 0.0657 0.2812 0.1721 0.1259 0.3551 
   HI_SS0047  6 0.2317 0.1177 0.2025 0.1589 0.2893 
   HI_SS0049  6 0.2310 0.1383 0.1730 0.1061 0.3515 
   HI_SS0051  6 0.3228 0.1481 0.3088 0.1025 0.1178 
   HI_SS0053  6 0.1444 0.3517 0.0889 0.2919 0.1231 
   HI_SS0054  6 0.3439 0.2995 0.1569 0.1275 0.0723 
   HI_SS0057  6 0.1946 0.1320 0.2993 0.2447 0.1295 
   HI_SS0058  6 0.2454 0.3241 0.1652 0.0929 0.1725 
   HI_SS0060  6 0.1918 0.1453 0.2518 0.3072 0.1039 
   HI_SS0087  6 0.2474 0.1999 0.0999 0.2789 0.1739 
   HI_SS0091  6 0.1395 0.4048 0.0594 0.2886 0.1076 
   HI_SS0095  6 0.2029 0.2074 0.1318 0.2650 0.1929 
   HI_SS0097  6 0.4942 0.1078 0.1048 0.1440 0.1491 
   HI_SS0099  6 0.1239 0.1781 0.3279 0.1477 0.2224 
   HI_SS0103  6 0.1609 0.1542 0.1030 0.2461 0.3359 
   HI_SS0105  6 0.2418 0.1451 0.1431 0.3738 0.0962 
   HI_SS0107  6 0.1757 0.0725 0.1202 0.2269 0.4046 
   HI_SS0108  6 0.1463 0.4954 0.1061 0.1181 0.1341 
   HI_SS0110  6 0.1023 0.1950 0.0828 0.4084 0.2115 
   HI_SS0111  6 0.1164 0.1781 0.2074 0.2969 0.2013 
   HI_SS0112  6 0.1053 0.4432 0.1334 0.1629 0.1551 
   HI_SS0113  6 0.1827 0.0946 0.1898 0.2943 0.2387 
   HI_SS0114  6 0.2305 0.3076 0.2447 0.1280 0.0891 
   HI_SS0115  6 0.1932 0.1869 0.1928 0.0681 0.3591 
   HI_SS0116  6 0.1148 0.3346 0.1120 0.1151 0.3235 
   HI_SS0117  6 0.2627 0.2381 0.0697 0.3291 0.1003 
   HI_SS0118  6 0.2300 0.3030 0.1102 0.1928 0.1641 
   HI_SS0119  6 0.1797 0.2358 0.1155 0.3656 0.1035 
   HI_SS0120  6 0.1089 0.0766 0.0868 0.3556 0.3721 
   HI_SS0121  6 0.1685 0.0809 0.2468 0.4452 0.0586 
   HI_SS0122  6 0.1376 0.2138 0.2121 0.2916 0.1450 
   HI_SS0123  6 0.2453 0.1764 0.0999 0.3003 0.1781 
   HI_SS0124  6 0.1206 0.0791 0.2867 0.1134 0.4002 
   HI_SS0125  6 0.1239 0.0776 0.3210 0.2535 0.2241 
   HI_SS0126  6 0.0987 0.3964 0.1293 0.1310 0.2446 
   HI_SS0127  6 0.3015 0.1479 0.3456 0.1138 0.0912 
   HI_SS0128  6 0.1952 0.1461 0.1105 0.2383 0.3099 
   HI_SS0129  6 0.1176 0.3186 0.1664 0.1886 0.2088 
   HI_SS0131  6 0.2601 0.2619 0.2797 0.1315 0.0668 
   HI_SS0132  6 0.1818 0.1645 0.1985 0.3557 0.0996 
   HI_SS0133  6 0.0989 0.4788 0.1373 0.1290 0.1560 
   HI_SS0134  6 0.2639 0.2109 0.1429 0.1932 0.1891 
   HI_SS0142  6 0.2902 0.1491 0.1476 0.2891 0.1240 
   HI_SS0145  6 0.3142 0.2147 0.0953 0.1186 0.2573 
   HI_SS0146  6 0.2726 0.2489 0.1821 0.1051 0.1914 
   HI_SS0147  6 0.2623 0.1082 0.3606 0.1634 0.1055 
   HI_SS0149  6 0.1644 0.1604 0.0900 0.5195 0.0656 
   HI_SS0150  6 0.1758 0.0936 0.3184 0.1845 0.2278 
   HI_SS0151  6 0.1633 0.1953 0.1806 0.0720 0.3887 
   NS_SS1451  6 0.1127 0.0858 0.3139 0.1993 0.2883 
   NS_SS1404  6 0.1323 0.1747 0.3949 0.1734 0.1248 
   NS_SS1432  6 0.0600 0.0815 0.1915 0.4229 0.2441 
   NS_SS1405  6 0.1297 0.2067 0.2218 0.1489 0.2928 
   NS_SS1431  6 0.1188 0.0850 0.1739 0.3911 0.2312 
   NS_SS1402  6 0.1835 0.2104 0.1204 0.2784 0.2073 
   NS_SS1450  6 0.1152 0.2912 0.1715 0.1407 0.2814 
   NS_SS1396  6 0.1811 0.1755 0.2509 0.2328 0.1597 
   NS_SS1393  6 0.1473 0.2568 0.2002 0.1641 0.2316 
   NS_SS1392  6 0.0787 0.1279 0.2820 0.1430 0.3684 
   NS_SS1445  6 0.2726 0.2901 0.1381 0.2222 0.0770 
   NS_SS1423  6 0.1227 0.2123 0.0845 0.3357 0.2448 
   NS_SS1421  6 0.1962 0.2099 0.1294 0.2924 0.1721 
   NS_SS1411  6 0.1212 0.3180 0.3812 0.0817 0.0978 
   NS_SS1453  6 0.1089 0.2664 0.1419 0.3644 0.1184 
   NS_SS1442  6 0.3908 0.1514 0.1539 0.1160 0.1879 
   NS_SS1422  6 0.3086 0.1355 0.0889 0.1609 0.3062 
   NS_SS1419  6 0.4141 0.1256 0.2643 0.1076 0.0884 
   NS_SS1427  6 0.0618 0.4127 0.0880 0.1437 0.2937 
   NS_SS1444  6 0.2850 0.1319 0.3110 0.0965 0.1756 
   NS_SS1455  6 0.2699 0.0869 0.1448 0.1732 0.3252 
   NS_SS1425  6 0.2298 0.4042 0.1245 0.1443 0.0973 
   NS_SS1400  6 0.2574 0.3435 0.1846 0.1051 0.1094 
   NS_SS1406  6 0.3549 0.0651 0.1201 0.3325 0.1274 
   NS_SS1417  6 0.2366 0.2313 0.1687 0.1924 0.1711 
   NS_SS1454  6 0.1235 0.2827 0.1800 0.3426 0.0712 
   NS_SS1412  6 0.1504 0.2675 0.2150 0.1663 0.2008 
   NS_SS1438  6 0.2772 0.3528 0.1735 0.1112 0.0854 
   NS_SS1416  6 0.1964 0.2026 0.2243 0.2293 0.1473 
   NS_SS1401  6 0.1825 0.1982 0.1108 0.3564 0.1520 
   NS_SS1424  6 0.1505 0.2168 0.1404 0.3505 0.1418 
   NS_SS1435  6 0.0822 0.1601 0.2937 0.2124 0.2516 
   NS_SS1447  6 0.3352 0.1163 0.2474 0.1631 0.1381 
   NS_SS1414  6 0.2803 0.1090 0.3527 0.1095 0.1486 
   NS_SS1449  6 0.1439 0.1382 0.1297 0.2897 0.2985 
   NS_SS1443  6 0.2217 0.2947 0.0643 0.1217 0.2978 
   NS_SS1434  6 0.1401 0.1849 0.0829 0.0996 0.4925 
   NS_SS1398  6 0.1258 0.1507 0.2339 0.2072 0.2824 
   NS_SS1426  6 0.1401 0.3808 0.1324 0.1796 0.1670 
   NS_SS1413  6 0.1998 0.2956 0.1048 0.1474 0.2524 
   NS_SS1395  6 0.1766 0.2840 0.1026 0.2529 0.1839 
   NS_SS1448  6 0.1057 0.2660 0.3442 0.1347 0.1494 
   NS_SS1446  6 0.1661 0.3092 0.1110 0.2357 0.1781 
   NS_SS1403  6 0.1003 0.1189 0.1565 0.4487 0.1756 
   NS_SS1415  6 0.1551 0.3125 0.2071 0.1360 0.1894 
   NS_SS1437  6 0.1436 0.1415 0.1931 0.4101 0.1117 
   NS_SS1439  6 0.3358 0.1753 0.1186 0.1694 0.2009 
   NS_SS1441  6 0.1993 0.2834 0.1048 0.1583 0.2541 
   NS_SS1420  6 0.1080 0.1106 0.5736 0.0664 0.1415 
   NS_SS1394  6 0.1287 0.1116 0.3904 0.2327 0.1365 
   NS_SS1391  6 0.0982 0.2607 0.1004 0.1738 0.3669 
   NS_SS1410  6 0.1432 0.2417 0.1516 0.2893 0.1741 
   NS_SS1408  6 0.2279 0.1239 0.1786 0.3289 0.1407 
   NS_SS1409  6 0.1330 0.2375 0.0897 0.1475 0.3923 
   HI_SS0617  7 0.1083 0.2807 0.1497 0.1117 0.3496 
   HI_SS0618  7 0.1774 0.1307 0.3125 0.1379 0.2414 
   HI_SS0619  7 0.1109 0.2233 0.2642 0.1309 0.2706 
   HI_SS0620  7 0.1312 0.4072 0.2253 0.0581 0.1782 
   HI_SS0621  7 0.2015 0.1348 0.2090 0.2361 0.2186 
   HI_SS0622  7 0.3090 0.1947 0.2046 0.1293 0.1624 
   HI_SS0626  7 0.1105 0.1850 0.4208 0.2001 0.0837 
   HI_SS0627  7 0.1113 0.1105 0.1596 0.4299 0.1887 
   HI_SS0628  7 0.1015 0.3180 0.1985 0.2639 0.1181 
   HI_SS0629  7 0.1942 0.2362 0.2123 0.2490 0.1083 
   HI_SS0630  7 0.1765 0.2530 0.2637 0.1008 0.2060 
   HI_SS0631  7 0.1416 0.2354 0.2779 0.1744 0.1707 
   HI_SS0632  7 0.2712 0.1633 0.3144 0.1487 0.1025 
   HI_SS0633  7 0.1513 0.1631 0.1622 0.0839 0.4395 
   HI_SS0634  7 0.1212 0.1974 0.2543 0.2961 0.1310 
   HI_SS0635  7 0.2153 0.1109 0.3287 0.1740 0.1712 
   HI_SS0637  7 0.3491 0.1832 0.1770 0.2023 0.0884 
   HI_SS0638  7 0.1694 0.1971 0.2087 0.1798 0.2450 
   HI_SS0639  7 0.2091 0.1061 0.2920 0.1991 0.1937 
   HI_SS0640  7 0.3787 0.1294 0.1627 0.1119 0.2174 
   HI_SS0641  7 0.1481 0.3259 0.3375 0.1065 0.0820 
   HI_SS0642  7 0.1125 0.0785 0.1406 0.5380 0.1304 
   HI_SS0645  7 0.1444 0.0818 0.5054 0.0867 0.1818 
   HI_SS0646  7 0.1835 0.1626 0.0957 0.1907 0.3676 
   HI_SS0647  7 0.1654 0.1542 0.1736 0.2555 0.2514 
   HI_SS0648  7 0.2186 0.1757 0.2301 0.1636 0.2120 
   HI_SS0649  7 0.2290 0.1966 0.1783 0.1595 0.2367 
   HI_SS0650  7 0.1164 0.1122 0.1407 0.1667 0.4640 
   HI_SS0651  7 0.2273 0.1707 0.2013 0.1575 0.2432 
   HI_SS0652  7 0.1402 0.1105 0.4447 0.1116 0.1930 
   NS_SS1371  7 0.1354 0.2340 0.0855 0.3002 0.2450 
   NS_SS1374  7 0.0855 0.3102 0.1871 0.3080 0.1091 
   NS_SS1337  7 0.1424 0.1010 0.2828 0.3287 0.1451 
   NS_SS1385  7 0.2157 0.1506 0.1273 0.1861 0.3203 
   NS_SS1388  7 0.1129 0.2333 0.2715 0.1875 0.1948 
   NS_SS1370  7 0.1455 0.0848 0.5351 0.1422 0.0924 
   NS_SS1389  7 0.1070 0.1652 0.3630 0.1835 0.1813 
   NS_SS1360  7 0.2559 0.2478 0.2468 0.1377 0.1118 
   NS_SS1330  7 0.2372 0.0996 0.2949 0.1266 0.2416 
   NS_SS1328  7 0.1219 0.2654 0.0734 0.1791 0.3602 
   NS_SS1384  7 0.2919 0.1865 0.1721 0.2316 0.1178 
   NS_SS1381  7 0.1732 0.0776 0.1354 0.1130 0.5009 
   NS_SS1375  7 0.0586 0.1295 0.3281 0.1528 0.3311 
   NS_SS1319  7 0.1148 0.1868 0.2064 0.3046 0.1873 
   NS_SS1326  7 0.0931 0.3909 0.1392 0.1295 0.2473 
   NS_SS1341  7 0.2320 0.2485 0.0838 0.3516 0.0840 
   NS_SS1383  7 0.1142 0.1324 0.1890 0.4731 0.0913 
   NS_SS1318  7 0.2245 0.1847 0.2811 0.0999 0.2098 
   NS_SS1348  7 0.2229 0.3324 0.1256 0.2044 0.1147 
   NS_SS1363  7 0.2375 0.1274 0.2862 0.1986 0.1503 
   NS_SS1335  7 0.3314 0.2231 0.1819 0.1855 0.0780 
   NS_SS1358  7 0.3224 0.1811 0.0890 0.2417 0.1659 
   NS_SS1342  7 0.2036 0.2315 0.0629 0.3712 0.1308 
   NS_SS1320  7 0.2341 0.0487 0.1160 0.1143 0.4870 
   NS_SS1355  7 0.4407 0.1120 0.1289 0.1187 0.1997 
   NS_SS1345  7 0.5876 0.0691 0.1090 0.0840 0.1504 
   NS_SS1324  7 0.1799 0.2691 0.1938 0.1969 0.1604 
   NS_SS1347  7 0.2274 0.1408 0.1489 0.2466 0.2363 
   NS_SS1321  7 0.0882 0.3042 0.1526 0.3390 0.1159 
   NS_SS1333  7 0.0513 0.2939 0.1740 0.3678 0.1130 
   NS_SS1364  7 0.4273 0.2039 0.0987 0.1794 0.0908 
   NS_SS1379  7 0.2356 0.1401 0.1581 0.1540 0.3121 
   NS_SS1332  7 0.1234 0.3943 0.1610 0.2124 0.1088 
   NS_SS1338  7 0.1533 0.2401 0.2926 0.1814 0.1327 
   NS_SS1368  7 0.2868 0.2842 0.0931 0.2418 0.0941 
   NS_SS1354  7 0.2799 0.1593 0.1600 0.2398 0.1609 
   NS_SS1365  7 0.2202 0.1263 0.2886 0.1876 0.1772 
   NS_SS1380  7 0.3599 0.1109 0.2357 0.1691 0.1244 
   NS_SS1329  7 0.2006 0.2454 0.0610 0.3860 0.1069 
   NS_SS1362  7 0.1952 0.1759 0.1135 0.2613 0.2542 
   NS_SS1327  7 0.0706 0.5476 0.1234 0.1319 0.1266 
   NS_SS1350  7 0.0664 0.2444 0.0987 0.1370 0.4535 
   NS_SS1387  7 0.1885 0.1654 0.4053 0.1240 0.1167 
   NS_SS1369  7 0.3397 0.2764 0.1539 0.1279 0.1022 
   NS_SS1331  7 0.0807 0.2213 0.3217 0.2638 0.1125 
   NS_SS1357  7 0.1024 0.2026 0.0644 0.1679 0.4626 
   NS_SS1386  7 0.1633 0.3897 0.0631 0.3155 0.0684 
   NS_SS1353  7 0.1217 0.1668 0.1430 0.2638 0.3047 
   NS_SS1323  7 0.2646 0.0841 0.1491 0.3050 0.1972 
   HI_SS0296  8 0.1726 0.2697 0.2963 0.0816 0.1797 
   HI_SS0297  8 0.0794 0.1022 0.1056 0.4216 0.2912 
   HI_SS0299  8 0.3168 0.1812 0.1554 0.1812 0.1653 
   HI_SS0300  8 0.3724 0.1697 0.2137 0.0938 0.1504 
   HI_SS0301  8 0.2306 0.1228 0.3616 0.2335 0.0514 
   HI_SS0302  8 0.2249 0.2543 0.3353 0.0873 0.0981 
   HI_SS0303  8 0.1580 0.3537 0.1175 0.1085 0.2624 
   HI_SS0304  8 0.0791 0.1994 0.3201 0.1914 0.2100 
   HI_SS0306  8 0.1562 0.3382 0.2584 0.1213 0.1258 
   HI_SS0307  8 0.2593 0.1256 0.2248 0.1828 0.2075 
   HI_SS0308  8 0.2599 0.1076 0.2205 0.2777 0.1343 
   HI_SS0309  8 0.4052 0.1162 0.1677 0.1565 0.1543 
   HI_SS0310  8 0.2073 0.1938 0.2258 0.1213 0.2517 
   HI_SS0311  8 0.2282 0.1722 0.3165 0.1878 0.0952 
   HI_SS0314  8 0.1187 0.1898 0.1693 0.2075 0.3148 
   HI_SS0316  8 0.2269 0.2644 0.1639 0.1796 0.1652 
   HI_SS0317  8 0.1308 0.1311 0.2417 0.3590 0.1374 
   HI_SS0318  8 0.1487 0.3308 0.1396 0.2977 0.0831 
   HI_SS0319  8 0.2429 0.4364 0.0770 0.0939 0.1498 
   HI_SS0320  8 0.0597 0.1022 0.2150 0.4760 0.1472 
   HI_SS0321  8 0.1167 0.2156 0.1260 0.3299 0.2118 
   HI_SS0323  8 0.1614 0.3160 0.2356 0.1177 0.1693 
   HI_SS0325  8 0.1801 0.3180 0.2624 0.1356 0.1039 
   HI_SS0327  8 0.1848 0.2401 0.0471 0.1598 0.3682 
   HI_SS0329  8 0.1449 0.1458 0.3095 0.2612 0.1386 
   HI_SS0333  8 0.1975 0.1941 0.1862 0.2341 0.1880 
   HI_SS0334  8 0.2573 0.2935 0.1327 0.1919 0.1246 
   HI_SS0335  8 0.3999 0.0903 0.1263 0.1857 0.1978 
   HI_SS0339  8 0.3942 0.1235 0.2198 0.1314 0.1311 
   HI_SS0343  8 0.3129 0.1011 0.0963 0.2705 0.2191 
   HI_SS0344  8 0.1102 0.5096 0.0963 0.1614 0.1225 
   HI_SS0345  8 0.2618 0.1634 0.2529 0.2323 0.0896 
   HI_SS0346  8 0.0934 0.2134 0.1843 0.4072 0.1016 
   HI_SS0350  8 0.4880 0.0629 0.2074 0.0721 0.1696 
   HI_SS0351  8 0.4564 0.1252 0.0852 0.2162 0.1170 
   HI_SS0352  8 0.2596 0.1321 0.1599 0.2749 0.1735 
   HI_SS0362  8 0.1603 0.1742 0.4248 0.1180 0.1227 
   HI_SS0363  8 0.2083 0.3159 0.0951 0.1117 0.2689 
   HI_SS0365  8 0.2030 0.2912 0.1289 0.1329 0.2440 
   HI_SS0366  8 0.1448 0.4352 0.1398 0.1001 0.1801 
   HI_SS0367  8 0.2537 0.1149 0.1878 0.2079 0.2358 
   HI_SS0369  8 0.2201 0.1140 0.3012 0.1785 0.1863 
   HI_SS0370  8 0.1277 0.1482 0.0714 0.2087 0.4439 
   HI_SS0371  8 0.1536 0.3453 0.2482 0.1504 0.1026 
   HI_SS0373  8 0.1624 0.2025 0.2682 0.1280 0.2389 
   HI_SS0374  8 0.1986 0.1387 0.2187 0.2211 0.2229 
   HI_SS0377  8 0.4241 0.1905 0.1396 0.1704 0.0754 
   HI_SS0379  8 0.1288 0.5210 0.0834 0.2024 0.0643 
   HI_SS0380  8 0.2720 0.1436 0.1926 0.1902 0.2017 
   HI_SS0381  8 0.3048 0.0952 0.2358 0.2378 0.1264 
   HI_SS0384  8 0.0694 0.2621 0.1610 0.2277 0.2798 
   HI_SS0385  8 0.1022 0.2664 0.3400 0.1512 0.1402 
