

----------------------------------------------------
STRUCTURE by Pritchard, Stephens and Donnelly (2000)
     and Falush, Stephens and Pritchard (2003)
       Code by Pritchard, Falush and Hubisz
             Version 2.3.4 (Jul 2012)
----------------------------------------------------



Command line arguments:   /home/genobiwan/Documents/Programs/Structure/structure -m parameter_job_k4_r8 
Input File:    /media/genobiwan/Storage/Projets/Mackerel_NWA_2021/data_job_k4_r8

Run parameters:
   557 individuals
   3930 loci
   4 populations assumed
   100000 Burn-in period
   200000 Reps


--------------------------------------------
Proportion of membership of each pre-defined
 population in each of the 4 clusters

Given    Inferred Clusters              Number of
 Pop       1      2      3      4      Individuals

  1:     0.239  0.261  0.227  0.273       67
  2:     0.300  0.260  0.215  0.224       32
  3:     0.229  0.271  0.228  0.272       92
  4:     0.242  0.228  0.275  0.255       36
  5:     0.230  0.236  0.265  0.269       41
  6:     0.245  0.247  0.262  0.247      158
  7:     0.251  0.253  0.248  0.248       79
  8:     0.223  0.260  0.265  0.252       52
--------------------------------------------

Allele-freq. divergence among pops (Net nucleotide distance),
computed using point estimates of P.

      1       2       3       4      
 1      -    0.0022  0.0026  0.0020  
 2   0.0022     -    0.0023  0.0017  
 3   0.0026  0.0023     -    0.0021  
 4   0.0020  0.0017  0.0021     -    

Average distances (expected heterozygosity) between individuals in same cluster:
cluster  1  : 0.3139 
cluster  2  : 0.3125 
cluster  3  : 0.3126 
cluster  4  : 0.3130 

--------------------------------------------
Estimated Ln Prob of Data   = -2069798.8
Mean value of ln likelihood = -2063305.3
Variance of ln likelihood   = 12987.0
Mean value of alpha         = 1.7094

Mean value of Fst_1         = 0.0245
Mean value of Fst_2         = 0.0210
Mean value of Fst_3         = 0.0240
Mean value of Fst_4         = 0.0194


Inferred ancestry of individuals:
        Label (%Miss) Pop:  Inferred clusters
  1 NS_SS0963    (4)    1 :  0.172 0.210 0.154 0.463 
  2 NS_SS0983    (1)    1 :  0.106 0.255 0.459 0.180 
  3 NS_SS0719    (8)    1 :  0.200 0.273 0.252 0.275 
  4 NS_SS1001    (8)    1 :  0.415 0.309 0.132 0.144 
  5 NS_SS0936    (4)    1 :  0.362 0.113 0.149 0.376 
  6 NS_SS0955    (5)    1 :  0.109 0.238 0.304 0.348 
  7 NS_SS0944    (3)    1 :  0.211 0.233 0.246 0.311 
  8 NS_SS0945    (3)    1 :  0.381 0.198 0.270 0.151 
  9 NS_SS0922    (2)    1 :  0.439 0.219 0.132 0.209 
 10 NS_SS0929    (7)    1 :  0.164 0.204 0.325 0.307 
 11 NS_SS0956    (2)    1 :  0.255 0.483 0.115 0.148 
 12 NS_SS0906    (3)    1 :  0.156 0.222 0.263 0.359 
 13 NS_SS0721    (6)    1 :  0.147 0.520 0.178 0.156 
 14 NS_SS0982    (4)    1 :  0.184 0.250 0.148 0.418 
 15 NS_SS0923    (5)    1 :  0.273 0.267 0.186 0.274 
 16 NS_SS0905    (6)    1 :  0.213 0.360 0.225 0.201 
 17 NS_SS0925    (3)    1 :  0.252 0.279 0.112 0.358 
 18 NS_SS0947    (5)    1 :  0.321 0.166 0.171 0.342 
 19 NS_SS0926    (2)    1 :  0.116 0.178 0.429 0.276 
 20 NS_SS0918    (6)    1 :  0.158 0.359 0.100 0.383 
 21 NS_SS0966    (4)    1 :  0.213 0.220 0.163 0.404 
 22 NS_SS0938    (2)    1 :  0.428 0.145 0.153 0.273 
 23 NS_SS0917    (2)    1 :  0.252 0.176 0.389 0.183 
 24 NS_SS0957   (11)    1 :  0.174 0.410 0.198 0.218 
 25 NS_SS0987    (1)    1 :  0.113 0.571 0.170 0.146 
 26 NS_SS0717    (4)    1 :  0.356 0.347 0.128 0.169 
 27 NS_SS0986    (2)    1 :  0.148 0.382 0.256 0.214 
 28 NS_SS0953    (4)    1 :  0.291 0.295 0.129 0.285 
 29 NS_SS0907    (3)    1 :  0.150 0.176 0.205 0.470 
 30 NS_SS0974    (6)    1 :  0.287 0.128 0.242 0.344 
 31 NS_SS0989    (1)    1 :  0.213 0.122 0.480 0.184 
 32 NS_SS0991    (2)    1 :  0.075 0.412 0.241 0.272 
 33 NS_SS0994    (2)    1 :  0.222 0.099 0.565 0.114 
 34 NS_SS0931    (6)    1 :  0.105 0.315 0.353 0.227 
 35 NS_SS1000    (5)    1 :  0.409 0.150 0.143 0.298 
 36 NS_SS0919    (1)    1 :  0.113 0.146 0.251 0.490 
 37 NS_SS0949    (3)    1 :  0.197 0.185 0.404 0.215 
 38 NS_SS0960   (10)    1 :  0.111 0.281 0.290 0.317 
 39 NS_SS0716    (2)    1 :  0.335 0.464 0.116 0.086 
 40 NS_SS0924    (8)    1 :  0.120 0.224 0.268 0.388 
 41 NS_SS0935    (1)    1 :  0.127 0.340 0.380 0.153 
 42 NS_SS0952   (13)    1 :  0.128 0.175 0.348 0.349 
 43 NS_SS0962   (10)    1 :  0.310 0.264 0.141 0.285 
 44 NS_SS0973    (5)    1 :  0.171 0.183 0.182 0.464 
 45 NS_SS0722    (1)    1 :  0.569 0.140 0.108 0.182 
 46 NS_SS0979   (13)    1 :  0.190 0.386 0.131 0.293 
 47 NS_SS0993    (2)    1 :  0.302 0.253 0.114 0.331 
 48 NS_SS0958    (1)    1 :  0.220 0.220 0.359 0.202 
 49 NS_SS0988    (4)    1 :  0.121 0.221 0.251 0.407 
 50 NS_SS1003    (2)    1 :  0.125 0.368 0.093 0.414 
 51 NS_SS0976    (0)    1 :  0.148 0.195 0.341 0.316 
 52 NS_SS0964   (10)    1 :  0.427 0.294 0.113 0.166 
 53 NS_SS0939    (4)    1 :  0.430 0.398 0.097 0.075 
 54 NS_SS0990    (6)    1 :  0.301 0.245 0.310 0.144 
 55 NS_SS0984    (2)    1 :  0.483 0.225 0.110 0.182 
 56 NS_SS0980    (9)    1 :  0.342 0.112 0.152 0.393 
 57 NS_SS0978    (4)    1 :  0.368 0.133 0.179 0.320 
 58 NS_SS0951   (17)    1 :  0.105 0.479 0.247 0.169 
 59 NS_SS0913    (3)    1 :  0.301 0.400 0.156 0.143 
 60 NS_SS1002    (1)    1 :  0.178 0.103 0.111 0.608 
 61 NS_SS0948    (1)    1 :  0.160 0.291 0.245 0.304 
 62 NS_SS0916    (4)    1 :  0.350 0.179 0.312 0.158 
 63 NS_SS0995    (1)    1 :  0.321 0.298 0.198 0.183 
 64 NS_SS0927    (6)    1 :  0.292 0.148 0.370 0.190 
 65 NS_SS0992    (5)    1 :  0.353 0.086 0.273 0.288 
 66 NS_SS0912    (1)    1 :  0.120 0.452 0.239 0.190 
 67 NS_SS0981    (1)    1 :  0.133 0.343 0.132 0.392 
 68 NS_SS0729    (5)    2 :  0.198 0.076 0.469 0.256 
 69 NS_SS0967   (14)    2 :  0.177 0.146 0.140 0.537 
 70 NS_SS0941    (7)    2 :  0.433 0.208 0.191 0.168 
 71 NS_SS0768   (12)    2 :  0.182 0.354 0.167 0.297 
 72 NS_SS0726    (4)    2 :  0.273 0.087 0.343 0.296 
 73 NS_SS0763    (4)    2 :  0.250 0.145 0.370 0.234 
 74 NS_SS0730    (6)    2 :  0.337 0.302 0.153 0.208 
 75 NS_SS0774    (1)    2 :  0.456 0.148 0.119 0.277 
 76 NS_SS0723    (3)    2 :  0.278 0.221 0.093 0.408 
 77 NS_SS0940    (9)    2 :  0.325 0.251 0.300 0.123 
 78 NS_SS0762    (1)    2 :  0.533 0.232 0.086 0.149 
 79 NS_SS0766   (11)    2 :  0.407 0.268 0.238 0.086 
 80 NS_SS0724    (1)    2 :  0.218 0.365 0.130 0.287 
 81 NS_SS0769    (3)    2 :  0.230 0.252 0.219 0.299 
 82 NS_SS0777    (2)    2 :  0.134 0.355 0.307 0.204 
 83 NS_SS0734    (6)    2 :  0.255 0.362 0.260 0.122 
 84 NS_SS0737    (3)    2 :  0.628 0.150 0.103 0.120 
 85 NS_SS0732    (5)    2 :  0.140 0.526 0.117 0.217 
 86 NS_SS0728    (5)    2 :  0.393 0.252 0.211 0.145 
 87 NS_SS0735    (9)    2 :  0.391 0.289 0.152 0.168 
 88 NS_SS0725    (1)    2 :  0.462 0.195 0.145 0.199 
 89 NS_SS0788    (2)    2 :  0.202 0.196 0.214 0.388 
 90 NS_SS0778    (2)    2 :  0.143 0.275 0.306 0.276 
 91 NS_SS0792    (6)    2 :  0.177 0.335 0.290 0.197 
 92 NS_SS0943   (11)    2 :  0.100 0.220 0.322 0.358 
 93 NS_SS0791    (2)    2 :  0.258 0.332 0.326 0.085 
 94 NS_SS0790    (5)    2 :  0.223 0.404 0.063 0.309 
 95 NS_SS0731    (6)    2 :  0.225 0.482 0.144 0.149 
 96 NS_SS0727    (6)    2 :  0.436 0.102 0.367 0.095 
 97 NS_SS0779   (12)    2 :  0.231 0.333 0.217 0.219 
 98 NS_SS0776    (3)    2 :  0.406 0.224 0.200 0.171 
 99 NS_SS0775    (5)    2 :  0.508 0.247 0.122 0.123 
100 NS_SS0965    (3)    3 :  0.127 0.399 0.145 0.329 
101 NS_SS0754   (13)    3 :  0.149 0.320 0.350 0.182 
102 NS_SS0838    (5)    3 :  0.291 0.185 0.252 0.272 
103 NS_SS0839    (3)    3 :  0.400 0.247 0.109 0.244 
104 NS_SS0832    (4)    3 :  0.218 0.308 0.068 0.405 
105 NS_SS0820    (4)    3 :  0.189 0.348 0.098 0.366 
106 NS_SS0886    (9)    3 :  0.175 0.316 0.321 0.188 
107 NS_SS0748    (5)    3 :  0.143 0.270 0.273 0.314 
108 NS_SS0884    (9)    3 :  0.244 0.203 0.244 0.309 
109 NS_SS0752    (3)    3 :  0.360 0.162 0.189 0.290 
110 NS_SS0862    (1)    3 :  0.153 0.526 0.104 0.218 
111 NS_SS0787    (9)    3 :  0.104 0.154 0.565 0.177 
112 NS_SS0843    (6)    3 :  0.225 0.267 0.216 0.292 
113 NS_SS0856    (4)    3 :  0.428 0.170 0.244 0.159 
114 NS_SS0846    (2)    3 :  0.202 0.092 0.238 0.468 
115 NS_SS0825    (1)    3 :  0.152 0.265 0.235 0.348 
116 NS_SS0757    (3)    3 :  0.159 0.348 0.259 0.235 
117 NS_SS0876    (3)    3 :  0.331 0.247 0.187 0.236 
118 NS_SS0903    (9)    3 :  0.319 0.134 0.111 0.435 
119 NS_SS0875    (7)    3 :  0.259 0.367 0.211 0.163 
120 NS_SS0740    (5)    3 :  0.265 0.261 0.201 0.273 
121 NS_SS0811    (5)    3 :  0.180 0.562 0.097 0.162 
122 NS_SS0751    (1)    3 :  0.380 0.250 0.191 0.179 
123 NS_SS0891    (6)    3 :  0.355 0.213 0.209 0.223 
124 NS_SS0867    (2)    3 :  0.084 0.210 0.226 0.480 
125 NS_SS0890    (6)    3 :  0.262 0.240 0.221 0.277 
126 NS_SS0866   (11)    3 :  0.171 0.141 0.555 0.133 
127 NS_SS0755    (4)    3 :  0.182 0.278 0.189 0.351 
128 NS_SS0758    (4)    3 :  0.342 0.210 0.233 0.215 
129 NS_SS0840    (2)    3 :  0.249 0.230 0.088 0.433 
130 NS_SS0889    (4)    3 :  0.117 0.326 0.394 0.163 
131 NS_SS1010    (1)    3 :  0.164 0.185 0.187 0.465 
132 NS_SS0888    (5)    3 :  0.232 0.157 0.492 0.120 
133 NS_SS0837    (3)    3 :  0.129 0.392 0.102 0.377 
134 NS_SS0794    (9)    3 :  0.310 0.191 0.387 0.112 
135 NS_SS0823    (4)    3 :  0.361 0.171 0.115 0.352 
136 NS_SS0829    (7)    3 :  0.079 0.345 0.410 0.166 
137 NS_SS0844    (5)    3 :  0.110 0.152 0.082 0.656 
138 NS_SS1008    (5)    3 :  0.354 0.173 0.342 0.130 
139 NS_SS0881    (3)    3 :  0.217 0.258 0.282 0.244 
140 NS_SS0834    (6)    3 :  0.545 0.140 0.124 0.190 
141 NS_SS0744   (10)    3 :  0.204 0.219 0.243 0.334 
142 NS_SS0899    (7)    3 :  0.192 0.532 0.091 0.185 
143 NS_SS0804    (4)    3 :  0.229 0.373 0.080 0.318 
144 NS_SS0781   (10)    3 :  0.266 0.243 0.096 0.394 
145 NS_SS0822    (6)    3 :  0.322 0.214 0.243 0.221 
146 NS_SS1004    (4)    3 :  0.174 0.216 0.156 0.453 
147 NS_SS0746    (5)    3 :  0.229 0.161 0.213 0.397 
148 NS_SS0880    (3)    3 :  0.274 0.187 0.149 0.390 
149 NS_SS0879    (4)    3 :  0.356 0.222 0.164 0.259 
150 NS_SS0753    (2)    3 :  0.103 0.368 0.295 0.233 
151 NS_SS1007    (2)    3 :  0.489 0.121 0.218 0.172 
152 NS_SS0872    (5)    3 :  0.310 0.210 0.150 0.330 
153 NS_SS1005    (7)    3 :  0.253 0.157 0.127 0.463 
154 NS_SS0892    (6)    3 :  0.266 0.281 0.237 0.216 
155 NS_SS0898    (0)    3 :  0.183 0.301 0.285 0.232 
156 NS_SS0801    (9)    3 :  0.144 0.430 0.184 0.241 
157 NS_SS0827    (8)    3 :  0.095 0.466 0.241 0.199 
158 NS_SS0853    (6)    3 :  0.123 0.471 0.255 0.151 
159 NS_SS0780    (2)    3 :  0.282 0.346 0.147 0.226 
160 NS_SS0826   (10)    3 :  0.096 0.170 0.184 0.550 
161 NS_SS0818    (5)    3 :  0.343 0.321 0.089 0.247 
162 NS_SS0745    (1)    3 :  0.506 0.346 0.079 0.069 
163 NS_SS0849    (3)    3 :  0.100 0.565 0.133 0.201 
164 NS_SS0739    (3)    3 :  0.255 0.344 0.241 0.160 
165 NS_SS0799    (1)    3 :  0.275 0.245 0.325 0.156 
166 NS_SS0756    (2)    3 :  0.144 0.262 0.091 0.503 
167 NS_SS0802    (2)    3 :  0.269 0.134 0.306 0.291 
168 NS_SS0747    (6)    3 :  0.206 0.176 0.209 0.409 
169 NS_SS0835    (1)    3 :  0.154 0.115 0.507 0.225 
170 NS_SS0742   (18)    3 :  0.235 0.287 0.181 0.297 
171 NS_SS0760    (9)    3 :  0.186 0.179 0.451 0.184 
172 NS_SS0803    (4)    3 :  0.252 0.149 0.109 0.490 
173 NS_SS0828   (13)    3 :  0.178 0.443 0.206 0.172 
174 NS_SS0865    (2)    3 :  0.106 0.299 0.227 0.368 
175 NS_SS0759    (4)    3 :  0.358 0.345 0.100 0.197 
176 NS_SS0851    (5)    3 :  0.191 0.548 0.102 0.159 
177 NS_SS0874   (16)    3 :  0.223 0.208 0.125 0.444 
178 NS_SS0761    (6)    3 :  0.095 0.288 0.390 0.227 
179 NS_SS0842   (25)    3 :  0.241 0.227 0.307 0.225 
180 NS_SS0785    (6)    3 :  0.179 0.210 0.310 0.302 
181 NS_SS0860   (11)    3 :  0.139 0.123 0.504 0.233 
182 NS_SS0897    (7)    3 :  0.133 0.227 0.521 0.119 
183 NS_SS0841   (14)    3 :  0.284 0.428 0.098 0.190 
184 NS_SS0797    (6)    3 :  0.104 0.351 0.303 0.242 
185 NS_SS0830   (10)    3 :  0.156 0.337 0.214 0.293 
186 NS_SS1011    (5)    3 :  0.163 0.196 0.109 0.532 
187 NS_SS0883    (5)    3 :  0.133 0.411 0.277 0.179 
188 NS_SS0782    (2)    3 :  0.416 0.162 0.280 0.142 
189 NS_SS0831    (5)    3 :  0.099 0.377 0.403 0.120 
190 NS_SS0749    (7)    3 :  0.245 0.369 0.251 0.135 
191 NS_SS0854    (2)    3 :  0.376 0.173 0.270 0.182 
192 HI_SS0193    (0)    4 :  0.288 0.245 0.338 0.130 
193 HI_SS0194    (0)    4 :  0.522 0.135 0.140 0.203 
194 HI_SS0195    (9)    4 :  0.247 0.468 0.091 0.193 
195 HI_SS0196    (6)    4 :  0.427 0.167 0.263 0.144 
196 HI_SS0197    (3)    4 :  0.268 0.119 0.192 0.421 
197 HI_SS0198    (1)    4 :  0.157 0.366 0.288 0.189 
198 HI_SS0199    (1)    4 :  0.350 0.113 0.379 0.158 
199 HI_SS0201    (4)    4 :  0.068 0.208 0.433 0.291 
200 HI_SS0215    (1)    4 :  0.083 0.210 0.443 0.263 
201 HI_SS0218    (1)    4 :  0.185 0.195 0.532 0.088 
202 HI_SS0222    (0)    4 :  0.307 0.304 0.240 0.149 
203 HI_SS0230    (1)    4 :  0.140 0.318 0.177 0.365 
204 HI_SS0234    (1)    4 :  0.378 0.083 0.243 0.296 
205 HI_SS0240    (1)    4 :  0.493 0.173 0.205 0.128 
206 HI_SS0241    (0)    4 :  0.155 0.186 0.400 0.260 
207 HI_SS0242    (0)    4 :  0.202 0.253 0.261 0.284 
208 HI_SS0247    (0)    4 :  0.140 0.278 0.157 0.425 
209 HI_SS0248    (1)    4 :  0.340 0.121 0.407 0.132 
210 HI_SS0252    (2)    4 :  0.393 0.288 0.146 0.173 
211 HI_SS0254    (1)    4 :  0.178 0.171 0.284 0.367 
212 HI_SS0256    (0)    4 :  0.288 0.191 0.049 0.471 
213 HI_SS0257    (0)    4 :  0.174 0.085 0.404 0.337 
214 HI_SS0258    (1)    4 :  0.179 0.260 0.388 0.173 
215 HI_SS0259    (1)    4 :  0.405 0.195 0.166 0.234 
216 HI_SS0260    (1)    4 :  0.278 0.133 0.423 0.166 
217 HI_SS0261    (2)    4 :  0.263 0.123 0.271 0.343 
218 HI_SS0262    (0)    4 :  0.218 0.349 0.195 0.238 
219 HI_SS0264    (1)    4 :  0.222 0.352 0.160 0.266 
220 HI_SS0265    (0)    4 :  0.182 0.318 0.171 0.329 
221 HI_SS0268    (1)    4 :  0.242 0.322 0.286 0.151 
222 HI_SS0269    (1)    4 :  0.127 0.073 0.542 0.259 
223 HI_SS0273    (0)    4 :  0.121 0.145 0.330 0.404 
224 HI_SS0277    (1)    4 :  0.121 0.199 0.149 0.531 
225 HI_SS0280    (0)    4 :  0.257 0.418 0.199 0.127 
226 HI_SS0282    (1)    4 :  0.167 0.246 0.283 0.305 
227 HI_SS0286    (1)    4 :  0.143 0.381 0.276 0.200 
228 NS_SS1252    (3)    5 :  0.135 0.179 0.557 0.129 
229 NS_SS1261    (1)    5 :  0.189 0.257 0.261 0.294 
230 NS_SS1225    (9)    5 :  0.100 0.162 0.278 0.459 
231 NS_SS1266    (1)    5 :  0.183 0.189 0.081 0.547 
232 NS_SS1228    (0)    5 :  0.169 0.525 0.160 0.146 
233 NS_SS1255    (2)    5 :  0.561 0.108 0.185 0.146 
234 NS_SS1267    (3)    5 :  0.113 0.173 0.626 0.088 
235 NS_SS1238    (6)    5 :  0.221 0.347 0.238 0.194 
236 NS_SS1233    (8)    5 :  0.153 0.328 0.106 0.413 
237 NS_SS1277    (3)    5 :  0.338 0.173 0.405 0.084 
238 NS_SS1245    (1)    5 :  0.268 0.161 0.268 0.302 
239 NS_SS1240    (4)    5 :  0.134 0.113 0.627 0.126 
240 NS_SS1275    (2)    5 :  0.252 0.255 0.093 0.400 
241 NS_SS1235    (1)    5 :  0.407 0.076 0.169 0.348 
242 NS_SS1263    (1)    5 :  0.374 0.238 0.113 0.274 
243 NS_SS1251    (1)    5 :  0.240 0.192 0.142 0.427 
244 NS_SS1248    (0)    5 :  0.090 0.656 0.151 0.102 
245 NS_SS1244    (0)    5 :  0.130 0.176 0.202 0.492 
246 NS_SS1257    (0)    5 :  0.234 0.216 0.412 0.138 
247 NS_SS1242    (2)    5 :  0.401 0.215 0.125 0.259 
248 NS_SS1271    (6)    5 :  0.129 0.158 0.573 0.139 
249 NS_SS1265    (1)    5 :  0.157 0.198 0.425 0.220 
250 NS_SS1243    (0)    5 :  0.306 0.445 0.152 0.096 
251 NS_SS1273    (1)    5 :  0.425 0.237 0.111 0.227 
252 NS_SS1254   (14)    5 :  0.235 0.267 0.139 0.359 
253 NS_SS1224    (1)    5 :  0.201 0.360 0.118 0.321 
254 NS_SS1227    (8)    5 :  0.248 0.123 0.409 0.219 
255 NS_SS1274    (8)    5 :  0.231 0.256 0.333 0.180 
256 NS_SS1241    (1)    5 :  0.149 0.171 0.299 0.381 
257 NS_SS1256    (3)    5 :  0.165 0.107 0.251 0.477 
258 NS_SS1260    (8)    5 :  0.191 0.140 0.443 0.227 
259 NS_SS1262    (0)    5 :  0.100 0.252 0.281 0.366 
260 NS_SS1230    (0)    5 :  0.222 0.228 0.287 0.263 
261 NS_SS1270    (2)    5 :  0.098 0.428 0.115 0.359 
262 NS_SS1229    (2)    5 :  0.464 0.069 0.143 0.324 
263 NS_SS1246    (5)    5 :  0.275 0.121 0.398 0.206 
264 NS_SS1269    (0)    5 :  0.291 0.282 0.191 0.236 
265 NS_SS1239    (1)    5 :  0.358 0.342 0.151 0.149 
266 NS_SS1272    (4)    5 :  0.141 0.147 0.186 0.526 
267 NS_SS1268    (1)    5 :  0.137 0.518 0.114 0.232 
268 NS_SS1249    (0)    5 :  0.234 0.097 0.538 0.131 
269 HI_SS0559    (0)    6 :  0.267 0.315 0.234 0.184 
270 HI_SS0563    (1)    6 :  0.183 0.248 0.227 0.342 
271 HI_SS0564    (0)    6 :  0.252 0.308 0.174 0.267 
272 HI_SS0565    (0)    6 :  0.154 0.159 0.294 0.393 
273 HI_SS0569    (0)    6 :  0.066 0.267 0.333 0.335 
274 HI_SS0570    (0)    6 :  0.185 0.241 0.463 0.112 
275 HI_SS0572    (1)    6 :  0.496 0.107 0.142 0.256 
276 HI_SS0576    (0)    6 :  0.267 0.465 0.131 0.137 
277 HI_SS0579    (1)    6 :  0.176 0.165 0.259 0.400 
278 HI_SS0580    (1)    6 :  0.311 0.188 0.377 0.124 
279 HI_SS0581    (0)    6 :  0.229 0.369 0.111 0.291 
280 HI_SS0583    (1)    6 :  0.264 0.120 0.452 0.164 
281 HI_SS0586    (1)    6 :  0.096 0.307 0.496 0.102 
282 HI_SS0588    (1)    6 :  0.182 0.230 0.351 0.237 
283 HI_SS0595    (4)    6 :  0.200 0.119 0.370 0.311 
284 HI_SS0596    (0)    6 :  0.591 0.145 0.125 0.139 
285 HI_SS0597    (1)    6 :  0.445 0.136 0.164 0.255 
286 HI_SS0600    (0)    6 :  0.182 0.198 0.350 0.270 
287 HI_SS0601    (1)    6 :  0.065 0.239 0.210 0.486 
288 HI_SS0602    (1)    6 :  0.179 0.396 0.325 0.100 
289 HI_SS0604    (0)    6 :  0.248 0.369 0.201 0.182 
290 HI_SS0605    (1)    6 :  0.205 0.375 0.290 0.129 
291 HI_SS0608    (0)    6 :  0.326 0.352 0.202 0.120 
292 HI_SS0609    (0)    6 :  0.261 0.154 0.128 0.457 
293 HI_SS0611    (5)    6 :  0.123 0.355 0.415 0.107 
294 HI_SS0612    (1)    6 :  0.217 0.078 0.207 0.497 
295 HI_SS0613    (1)    6 :  0.119 0.492 0.212 0.176 
296 HI_SS0615    (0)    6 :  0.445 0.286 0.100 0.170 
297 HI_SS0001    (1)    6 :  0.408 0.109 0.308 0.175 
298 HI_SS0002    (1)    6 :  0.262 0.176 0.111 0.452 
299 HI_SS0004    (0)    6 :  0.312 0.235 0.358 0.094 
300 HI_SS0005    (1)    6 :  0.133 0.526 0.166 0.175 
301 HI_SS0006    (1)    6 :  0.133 0.115 0.343 0.408 
302 HI_SS0007    (1)    6 :  0.133 0.472 0.317 0.078 
303 HI_SS0008    (0)    6 :  0.158 0.319 0.179 0.345 
304 HI_SS0009    (0)    6 :  0.355 0.417 0.116 0.112 
305 HI_SS0010    (1)    6 :  0.142 0.394 0.273 0.191 
306 HI_SS0011    (1)    6 :  0.115 0.239 0.126 0.520 
307 HI_SS0012    (0)    6 :  0.238 0.235 0.127 0.400 
308 HI_SS0017    (1)    6 :  0.574 0.157 0.146 0.123 
309 HI_SS0021    (1)    6 :  0.164 0.214 0.393 0.229 
310 HI_SS0024    (1)    6 :  0.328 0.309 0.161 0.202 
311 HI_SS0025    (1)    6 :  0.424 0.274 0.137 0.165 
312 HI_SS0027    (0)    6 :  0.157 0.350 0.307 0.186 
313 HI_SS0028    (0)    6 :  0.197 0.418 0.084 0.301 
314 HI_SS0029    (1)    6 :  0.369 0.224 0.279 0.127 
315 HI_SS0030    (2)    6 :  0.239 0.217 0.261 0.283 
316 HI_SS0031    (0)    6 :  0.253 0.116 0.184 0.447 
317 HI_SS0034    (0)    6 :  0.225 0.132 0.404 0.240 
318 HI_SS0036    (0)    6 :  0.144 0.259 0.488 0.109 
319 HI_SS0037    (1)    6 :  0.118 0.294 0.442 0.146 
320 HI_SS0039    (0)    6 :  0.112 0.377 0.340 0.170 
321 HI_SS0041    (1)    6 :  0.298 0.430 0.142 0.130 
322 HI_SS0042    (1)    6 :  0.354 0.265 0.134 0.247 
323 HI_SS0043    (1)    6 :  0.085 0.198 0.525 0.192 
324 HI_SS0044    (1)    6 :  0.454 0.119 0.344 0.083 
325 HI_SS0047    (1)    6 :  0.328 0.286 0.149 0.237 
326 HI_SS0049    (0)    6 :  0.469 0.203 0.150 0.178 
327 HI_SS0051    (1)    6 :  0.105 0.460 0.162 0.273 
328 HI_SS0053    (1)    6 :  0.153 0.127 0.462 0.258 
329 HI_SS0054    (4)    6 :  0.077 0.275 0.343 0.305 
330 HI_SS0057    (0)    6 :  0.203 0.455 0.145 0.197 
331 HI_SS0058    (0)    6 :  0.223 0.217 0.361 0.198 
332 HI_SS0060    (0)    6 :  0.126 0.414 0.156 0.304 
333 HI_SS0087    (1)    6 :  0.199 0.163 0.262 0.376 
334 HI_SS0091    (0)    6 :  0.116 0.085 0.513 0.287 
335 HI_SS0095    (1)    6 :  0.200 0.198 0.282 0.320 
336 HI_SS0097    (3)    6 :  0.125 0.198 0.141 0.535 
337 HI_SS0099    (0)    6 :  0.369 0.292 0.207 0.132 
338 HI_SS0103    (0)    6 :  0.375 0.116 0.207 0.302 
339 HI_SS0105    (1)    6 :  0.120 0.249 0.196 0.434 
340 HI_SS0107    (1)    6 :  0.540 0.125 0.101 0.234 
341 HI_SS0108    (1)    6 :  0.127 0.150 0.597 0.126 
342 HI_SS0110    (0)    6 :  0.244 0.097 0.286 0.372 
343 HI_SS0111    (1)    6 :  0.232 0.291 0.244 0.234 
344 HI_SS0112    (0)    6 :  0.156 0.174 0.543 0.127 
345 HI_SS0113    (1)    6 :  0.402 0.192 0.117 0.288 
346 HI_SS0114    (1)    6 :  0.103 0.383 0.357 0.158 
347 HI_SS0115    (1)    6 :  0.369 0.242 0.240 0.150 
348 HI_SS0116    (4)    6 :  0.368 0.105 0.415 0.112 
349 HI_SS0117    (0)    6 :  0.129 0.096 0.320 0.456 
350 HI_SS0118    (0)    6 :  0.186 0.131 0.378 0.305 
351 HI_SS0119    (1)    6 :  0.107 0.169 0.299 0.425 
352 HI_SS0120    (1)    6 :  0.548 0.097 0.109 0.246 
353 HI_SS0121    (1)    6 :  0.092 0.353 0.102 0.453 
354 HI_SS0122    (2)    6 :  0.199 0.252 0.259 0.290 
355 HI_SS0123    (0)    6 :  0.239 0.113 0.221 0.426 
356 HI_SS0124    (1)    6 :  0.509 0.266 0.096 0.129 
357 HI_SS0125    (1)    6 :  0.342 0.373 0.114 0.171 
358 HI_SS0126    (0)    6 :  0.296 0.111 0.476 0.117 
359 HI_SS0127    (0)    6 :  0.109 0.530 0.157 0.204 
360 HI_SS0128    (0)    6 :  0.389 0.123 0.206 0.283 
361 HI_SS0129    (1)    6 :  0.286 0.202 0.393 0.119 
362 HI_SS0131    (2)    6 :  0.083 0.385 0.277 0.255 
363 HI_SS0132    (0)    6 :  0.156 0.257 0.234 0.352 
364 HI_SS0133    (1)    6 :  0.157 0.170 0.563 0.111 
365 HI_SS0134    (1)    6 :  0.207 0.179 0.253 0.360 
366 HI_SS0142    (3)    6 :  0.123 0.212 0.190 0.475 
367 HI_SS0145    (0)    6 :  0.264 0.147 0.266 0.323 
368 HI_SS0146    (1)    6 :  0.170 0.255 0.311 0.264 
369 HI_SS0147    (1)    6 :  0.132 0.445 0.119 0.305 
370 HI_SS0149    (1)    6 :  0.119 0.122 0.217 0.542 
371 HI_SS0150    (2)    6 :  0.308 0.389 0.119 0.184 
372 HI_SS0151    (0)    6 :  0.368 0.242 0.261 0.130 
373 NS_SS1451    (1)    6 :  0.411 0.337 0.101 0.151 
374 NS_SS1404    (0)    6 :  0.186 0.442 0.192 0.180 
375 NS_SS1432    (2)    6 :  0.449 0.222 0.146 0.183 
376 NS_SS1405    (4)    6 :  0.410 0.208 0.227 0.154 
377 NS_SS1431   (10)    6 :  0.427 0.209 0.114 0.250 
378 NS_SS1402    (3)    6 :  0.227 0.122 0.290 0.361 
379 NS_SS1450    (3)    6 :  0.343 0.208 0.344 0.104 
380 NS_SS1396    (0)    6 :  0.222 0.300 0.216 0.262 
381 NS_SS1393    (5)    6 :  0.233 0.259 0.336 0.172 
382 NS_SS1392   (10)    6 :  0.481 0.274 0.162 0.083 
383 NS_SS1445    (0)    6 :  0.112 0.235 0.369 0.284 
384 NS_SS1423    (0)    6 :  0.270 0.106 0.317 0.307 
385 NS_SS1421    (9)    6 :  0.212 0.207 0.284 0.297 
386 NS_SS1411    (6)    6 :  0.126 0.466 0.324 0.084 
387 NS_SS1453    (5)    6 :  0.145 0.201 0.385 0.269 
388 NS_SS1442    (2)    6 :  0.220 0.300 0.194 0.287 
389 NS_SS1422    (1)    6 :  0.273 0.130 0.202 0.395 
390 NS_SS1419    (1)    6 :  0.132 0.423 0.140 0.306 
391 NS_SS1427    (0)    6 :  0.303 0.091 0.534 0.072 
392 NS_SS1444    (3)    6 :  0.238 0.397 0.149 0.216 
393 NS_SS1455    (0)    6 :  0.398 0.153 0.104 0.345 
394 NS_SS1425    (2)    6 :  0.088 0.235 0.471 0.206 
395 NS_SS1400    (0)    6 :  0.131 0.260 0.371 0.238 
396 NS_SS1406    (1)    6 :  0.182 0.166 0.087 0.566 
397 NS_SS1417    (6)    6 :  0.218 0.190 0.248 0.344 
398 NS_SS1454    (2)    6 :  0.145 0.244 0.352 0.258 
399 NS_SS1412    (1)    6 :  0.244 0.249 0.320 0.187 
400 NS_SS1438    (1)    6 :  0.080 0.293 0.419 0.208 
401 NS_SS1416    (4)    6 :  0.210 0.281 0.236 0.273 
402 NS_SS1401    (0)    6 :  0.216 0.152 0.285 0.347 
403 NS_SS1424    (6)    6 :  0.169 0.191 0.272 0.368 
404 NS_SS1435    (9)    6 :  0.360 0.313 0.215 0.112 
405 NS_SS1447    (4)    6 :  0.196 0.370 0.142 0.292 
406 NS_SS1414    (3)    6 :  0.257 0.402 0.124 0.216 
407 NS_SS1449   (14)    6 :  0.317 0.195 0.216 0.272 
408 NS_SS1443    (4)    6 :  0.277 0.089 0.381 0.253 
409 NS_SS1434    (1)    6 :  0.518 0.093 0.237 0.152 
410 NS_SS1398    (1)    6 :  0.425 0.265 0.173 0.137 
411 NS_SS1426    (1)    6 :  0.153 0.195 0.467 0.186 
412 NS_SS1413    (0)    6 :  0.322 0.133 0.339 0.206 
413 NS_SS1395    (1)    6 :  0.183 0.150 0.386 0.281 
414 NS_SS1448   (10)    6 :  0.242 0.384 0.277 0.097 
415 NS_SS1446    (0)    6 :  0.186 0.163 0.398 0.253 
416 NS_SS1403    (2)    6 :  0.265 0.224 0.200 0.311 
417 NS_SS1415    (0)    6 :  0.194 0.272 0.365 0.170 
418 NS_SS1437    (4)    6 :  0.225 0.265 0.191 0.318 
419 NS_SS1439    (2)    6 :  0.189 0.162 0.225 0.423 
420 NS_SS1441    (3)    6 :  0.296 0.125 0.358 0.221 
421 NS_SS1420    (2)    6 :  0.165 0.651 0.110 0.074 
422 NS_SS1394    (2)    6 :  0.231 0.465 0.119 0.185 
423 NS_SS1391    (7)    6 :  0.443 0.097 0.334 0.126 
424 NS_SS1410    (5)    6 :  0.233 0.173 0.365 0.228 
425 NS_SS1408    (1)    6 :  0.187 0.257 0.166 0.390 
426 NS_SS1409    (1)    6 :  0.462 0.092 0.291 0.155 
427 HI_SS0617    (1)    7 :  0.348 0.154 0.360 0.138 
428 HI_SS0618    (2)    7 :  0.320 0.358 0.165 0.157 
429 HI_SS0619    (0)    7 :  0.380 0.228 0.253 0.139 
430 HI_SS0620    (1)    7 :  0.142 0.306 0.455 0.097 
431 HI_SS0621    (3)    7 :  0.294 0.226 0.165 0.315 
432 HI_SS0622    (1)    7 :  0.223 0.237 0.202 0.338 
433 HI_SS0626    (0)    7 :  0.125 0.537 0.207 0.131 
434 HI_SS0627    (0)    7 :  0.308 0.237 0.176 0.279 
435 HI_SS0628    (3)    7 :  0.214 0.236 0.398 0.152 
436 HI_SS0629    (1)    7 :  0.135 0.263 0.299 0.303 
437 HI_SS0630    (1)    7 :  0.248 0.311 0.296 0.145 
438 HI_SS0631    (0)    7 :  0.168 0.375 0.292 0.165 
439 HI_SS0632    (0)    7 :  0.140 0.476 0.190 0.195 
440 HI_SS0633    (0)    7 :  0.534 0.131 0.192 0.142 
441 HI_SS0634    (1)    7 :  0.197 0.346 0.250 0.207 
442 HI_SS0635    (0)    7 :  0.241 0.391 0.140 0.228 
443 HI_SS0637    (1)    7 :  0.098 0.309 0.211 0.382 
444 HI_SS0638    (0)    7 :  0.327 0.248 0.218 0.206 
445 HI_SS0639    (1)    7 :  0.257 0.349 0.142 0.252 
446 HI_SS0640    (1)    7 :  0.245 0.288 0.178 0.289 
447 HI_SS0641    (1)    7 :  0.101 0.420 0.361 0.117 
448 HI_SS0642    (0)    7 :  0.252 0.183 0.140 0.426 
449 HI_SS0645    (0)    7 :  0.261 0.545 0.080 0.113 
450 HI_SS0646    (1)    7 :  0.374 0.101 0.217 0.308 
451 HI_SS0647    (1)    7 :  0.366 0.199 0.185 0.250 
452 HI_SS0648    (0)    7 :  0.255 0.279 0.213 0.254 
453 HI_SS0649    (1)    7 :  0.287 0.222 0.272 0.219 
454 HI_SS0650    (1)    7 :  0.565 0.151 0.151 0.133 
455 HI_SS0651    (1)    7 :  0.282 0.219 0.209 0.290 
456 HI_SS0652    (1)    7 :  0.272 0.507 0.113 0.108 
457 NS_SS1371    (3)    7 :  0.247 0.095 0.345 0.313 
458 NS_SS1374    (0)    7 :  0.183 0.258 0.397 0.161 
459 NS_SS1337    (3)    7 :  0.243 0.347 0.125 0.286 
460 NS_SS1385    (5)    7 :  0.359 0.126 0.203 0.311 
461 NS_SS1388    (0)    7 :  0.344 0.233 0.284 0.139 
462 NS_SS1370    (1)    7 :  0.085 0.693 0.096 0.126 
463 NS_SS1389    (3)    7 :  0.359 0.342 0.188 0.112 
464 NS_SS1360    (1)    7 :  0.114 0.397 0.274 0.215 
465 NS_SS1330    (0)    7 :  0.259 0.344 0.112 0.285 
466 NS_SS1328    (8)    7 :  0.427 0.089 0.327 0.157 
467 NS_SS1384    (1)    7 :  0.121 0.230 0.258 0.392 
468 NS_SS1381    (0)    7 :  0.573 0.137 0.097 0.193 
469 NS_SS1375    (1)    7 :  0.467 0.270 0.169 0.094 
470 NS_SS1319   (10)    7 :  0.268 0.251 0.254 0.227 
471 NS_SS1326    (2)    7 :  0.312 0.137 0.459 0.092 
472 NS_SS1341    (1)    7 :  0.119 0.177 0.342 0.362 
473 NS_SS1383    (1)    7 :  0.158 0.319 0.240 0.283 
474 NS_SS1318    (3)    7 :  0.231 0.358 0.219 0.192 
475 NS_SS1348    (2)    7 :  0.106 0.186 0.430 0.278 
476 NS_SS1363    (0)    7 :  0.196 0.340 0.146 0.318 
477 NS_SS1335    (4)    7 :  0.084 0.282 0.247 0.388 
478 NS_SS1358    (0)    7 :  0.145 0.160 0.256 0.439 
479 NS_SS1342    (1)    7 :  0.147 0.077 0.324 0.451 
480 NS_SS1320    (2)    7 :  0.652 0.088 0.060 0.201 
481 NS_SS1355    (1)    7 :  0.254 0.253 0.147 0.346 
482 NS_SS1345    (1)    7 :  0.148 0.191 0.081 0.580 
483 NS_SS1324    (0)    7 :  0.172 0.260 0.354 0.215 
484 NS_SS1347    (5)    7 :  0.210 0.186 0.207 0.398 
485 NS_SS1321    (4)    7 :  0.153 0.199 0.392 0.257 
486 NS_SS1333    (0)    7 :  0.205 0.168 0.442 0.185 
487 NS_SS1364    (1)    7 :  0.129 0.187 0.276 0.408 
488 NS_SS1379    (0)    7 :  0.363 0.248 0.174 0.215 
489 NS_SS1332    (0)    7 :  0.164 0.158 0.487 0.191 
490 NS_SS1338    (5)    7 :  0.118 0.440 0.286 0.156 
491 NS_SS1368    (6)    7 :  0.147 0.111 0.348 0.394 
492 NS_SS1354    (1)    7 :  0.195 0.187 0.187 0.432 
493 NS_SS1365    (0)    7 :  0.271 0.311 0.155 0.262 
494 NS_SS1380    (1)    7 :  0.191 0.255 0.119 0.435 
495 NS_SS1329    (8)    7 :  0.146 0.077 0.303 0.475 
496 NS_SS1362    (0)    7 :  0.277 0.158 0.240 0.325 
497 NS_SS1327    (2)    7 :  0.123 0.157 0.644 0.076 
498 NS_SS1350    (0)    7 :  0.504 0.076 0.315 0.106 
499 NS_SS1387    (2)    7 :  0.146 0.521 0.186 0.146 
500 NS_SS1369    (8)    7 :  0.130 0.254 0.320 0.296 
501 NS_SS1331    (1)    7 :  0.221 0.367 0.257 0.155 
502 NS_SS1357    (4)    7 :  0.527 0.078 0.281 0.114 
503 NS_SS1386    (1)    7 :  0.100 0.094 0.491 0.315 
504 NS_SS1353    (2)    7 :  0.467 0.137 0.206 0.190 
505 NS_SS1323    (0)    7 :  0.287 0.181 0.116 0.416 
506 HI_SS0296    (0)    8 :  0.180 0.399 0.310 0.110 
507 HI_SS0297    (0)    8 :  0.407 0.182 0.177 0.234 
508 HI_SS0299    (0)    8 :  0.166 0.271 0.254 0.310 
509 HI_SS0300    (0)    8 :  0.191 0.424 0.201 0.184 
510 HI_SS0301    (0)    8 :  0.070 0.548 0.149 0.234 
511 HI_SS0302    (0)    8 :  0.108 0.461 0.275 0.156 
512 HI_SS0303    (0)    8 :  0.331 0.131 0.387 0.151 
513 HI_SS0304    (0)    8 :  0.371 0.329 0.197 0.104 
514 HI_SS0306    (5)    8 :  0.138 0.345 0.376 0.142 
515 HI_SS0307    (1)    8 :  0.268 0.260 0.149 0.323 
516 HI_SS0308    (1)    8 :  0.145 0.349 0.141 0.366 
517 HI_SS0309    (0)    8 :  0.129 0.242 0.145 0.484 
518 HI_SS0310    (0)    8 :  0.353 0.255 0.220 0.173 
519 HI_SS0311    (3)    8 :  0.144 0.417 0.195 0.244 
520 HI_SS0314    (0)    8 :  0.466 0.129 0.217 0.187 
521 HI_SS0316    (1)    8 :  0.231 0.204 0.332 0.233 
522 HI_SS0317    (3)    8 :  0.178 0.325 0.194 0.303 
523 HI_SS0318    (1)    8 :  0.123 0.231 0.437 0.209 
524 HI_SS0319    (0)    8 :  0.137 0.103 0.568 0.192 
525 HI_SS0320    (3)    8 :  0.394 0.247 0.163 0.196 
526 HI_SS0321    (0)    8 :  0.208 0.190 0.341 0.262 
527 HI_SS0323    (1)    8 :  0.191 0.289 0.380 0.140 
528 HI_SS0325    (2)    8 :  0.119 0.382 0.334 0.165 
529 HI_SS0327    (1)    8 :  0.288 0.061 0.363 0.288 
530 HI_SS0329    (1)    8 :  0.273 0.363 0.181 0.183 
531 HI_SS0333    (1)    8 :  0.261 0.253 0.273 0.213 
532 HI_SS0334    (1)    8 :  0.124 0.242 0.363 0.271 
533 HI_SS0335    (1)    8 :  0.198 0.187 0.113 0.501 
534 HI_SS0339    (0)    8 :  0.202 0.383 0.139 0.276 
535 HI_SS0343    (2)    8 :  0.246 0.117 0.132 0.505 
536 HI_SS0344    (1)    8 :  0.122 0.118 0.624 0.136 
537 HI_SS0345    (3)    8 :  0.144 0.365 0.174 0.318 
538 HI_SS0346    (0)    8 :  0.179 0.287 0.309 0.225 
539 HI_SS0350    (1)    8 :  0.205 0.259 0.075 0.461 
540 HI_SS0351    (0)    8 :  0.129 0.141 0.158 0.571 
541 HI_SS0352    (3)    8 :  0.244 0.219 0.169 0.368 
542 HI_SS0362    (0)    8 :  0.160 0.504 0.184 0.152 
543 HI_SS0363    (1)    8 :  0.221 0.112 0.420 0.247 
544 HI_SS0365    (0)    8 :  0.238 0.132 0.370 0.260 
545 HI_SS0366    (0)    8 :  0.147 0.160 0.526 0.168 
546 HI_SS0367    (1)    8 :  0.360 0.195 0.134 0.310 
547 HI_SS0369    (1)    8 :  0.294 0.385 0.126 0.195 
548 HI_SS0370    (0)    8 :  0.479 0.092 0.229 0.199 
549 HI_SS0371    (4)    8 :  0.129 0.327 0.407 0.138 
550 HI_SS0373    (3)    8 :  0.334 0.260 0.243 0.164 
551 HI_SS0374    (0)    8 :  0.343 0.235 0.164 0.258 
552 HI_SS0377    (0)    8 :  0.096 0.216 0.205 0.483 
553 HI_SS0379    (1)    8 :  0.077 0.106 0.611 0.207 
554 HI_SS0380    (1)    8 :  0.275 0.233 0.175 0.317 
555 HI_SS0381    (2)    8 :  0.147 0.341 0.115 0.398 
556 HI_SS0384    (3)    8 :  0.369 0.150 0.363 0.118 
557 HI_SS0385    (1)    8 :  0.254 0.376 0.279 0.092 


Estimated Allele Frequencies in each cluster
First column gives estimated ancestral frequencies


Locus 1 : 
2 alleles
3.4% missing data
   1   (0.735) 0.768 0.694 0.729 0.762 
   2   (0.265) 0.232 0.306 0.271 0.238 

Locus 2 : 
2 alleles
4.3% missing data
   1   (0.886) 0.849 0.912 0.911 0.885 
   2   (0.114) 0.151 0.088 0.089 0.115 

Locus 3 : 
2 alleles
3.9% missing data
   1   (0.863) 0.858 0.858 0.868 0.885 
   2   (0.137) 0.142 0.142 0.132 0.115 

Locus 4 : 
2 alleles
2.7% missing data
   1   (0.886) 0.905 0.891 0.902 0.870 
   2   (0.114) 0.095 0.109 0.098 0.130 

Locus 5 : 
2 alleles
2.7% missing data
   1   (0.822) 0.808 0.827 0.810 0.853 
   2   (0.178) 0.192 0.173 0.190 0.147 

Locus 6 : 
2 alleles
3.2% missing data
   1   (0.790) 0.806 0.807 0.764 0.801 
   2   (0.210) 0.194 0.193 0.236 0.199 

Locus 7 : 
2 alleles
3.8% missing data
   1   (0.802) 0.837 0.788 0.797 0.808 
   2   (0.198) 0.163 0.212 0.203 0.192 

Locus 8 : 
2 alleles
4.8% missing data
   1   (0.705) 0.691 0.722 0.691 0.723 
   2   (0.295) 0.309 0.278 0.309 0.277 

Locus 9 : 
2 alleles
3.1% missing data
   1   (0.792) 0.816 0.809 0.749 0.805 
   2   (0.208) 0.184 0.191 0.251 0.195 

Locus 10 : 
2 alleles
4.7% missing data
   1   (0.888) 0.924 0.889 0.885 0.878 
   2   (0.112) 0.076 0.111 0.115 0.122 

Locus 11 : 
2 alleles
3.2% missing data
   1   (0.862) 0.890 0.853 0.834 0.886 
   2   (0.138) 0.110 0.147 0.166 0.114 

Locus 12 : 
2 alleles
4.8% missing data
   1   (0.730) 0.709 0.739 0.744 0.741 
   2   (0.270) 0.291 0.261 0.256 0.259 

Locus 13 : 
2 alleles
4.7% missing data
   1   (0.885) 0.908 0.878 0.881 0.896 
   2   (0.115) 0.092 0.122 0.119 0.104 

Locus 14 : 
2 alleles
3.9% missing data
   1   (0.874) 0.905 0.880 0.872 0.865 
   2   (0.126) 0.095 0.120 0.128 0.135 

Locus 15 : 
2 alleles
3.9% missing data
   1   (0.505) 0.488 0.514 0.525 0.496 
   2   (0.495) 0.512 0.486 0.475 0.504 

Locus 16 : 
2 alleles
4.3% missing data
   1   (0.607) 0.606 0.676 0.561 0.587 
   2   (0.393) 0.394 0.324 0.439 0.413 

Locus 17 : 
2 alleles
4.1% missing data
   1   (0.774) 0.759 0.798 0.761 0.786 
   2   (0.226) 0.241 0.202 0.239 0.214 

Locus 18 : 
2 alleles
2.3% missing data
   1   (0.893) 0.894 0.901 0.920 0.882 
   2   (0.107) 0.106 0.099 0.080 0.118 

Locus 19 : 
2 alleles
4.3% missing data
   1   (0.710) 0.702 0.741 0.698 0.709 
   2   (0.290) 0.298 0.259 0.302 0.291 

Locus 20 : 
2 alleles
3.2% missing data
   1   (0.884) 0.911 0.910 0.903 0.827 
   2   (0.116) 0.089 0.090 0.097 0.173 

Locus 21 : 
2 alleles
3.4% missing data
   1   (0.561) 0.565 0.566 0.472 0.626 
   2   (0.439) 0.435 0.434 0.528 0.374 

Locus 22 : 
2 alleles
4.8% missing data
   1   (0.854) 0.851 0.857 0.851 0.874 
   2   (0.146) 0.149 0.143 0.149 0.126 

Locus 23 : 
2 alleles
4.3% missing data
   1   (0.883) 0.847 0.887 0.888 0.918 
   2   (0.117) 0.153 0.113 0.112 0.082 

Locus 24 : 
2 alleles
3.2% missing data
   1   (0.543) 0.519 0.566 0.538 0.546 
   2   (0.457) 0.481 0.434 0.462 0.454 

Locus 25 : 
2 alleles
4.3% missing data
   2   (0.469) 0.496 0.471 0.492 0.427 
   1   (0.531) 0.504 0.529 0.508 0.573 

Locus 26 : 
2 alleles
4.3% missing data
   1   (0.840) 0.815 0.854 0.867 0.841 
   2   (0.160) 0.185 0.146 0.133 0.159 

Locus 27 : 
2 alleles
2.2% missing data
   1   (0.601) 0.569 0.613 0.640 0.587 
   2   (0.399) 0.431 0.387 0.360 0.413 

Locus 28 : 
2 alleles
4.1% missing data
   1   (0.861) 0.904 0.872 0.879 0.811 
   2   (0.139) 0.096 0.128 0.121 0.189 

Locus 29 : 
2 alleles
1.8% missing data
   1   (0.880) 0.883 0.872 0.883 0.901 
   2   (0.120) 0.117 0.128 0.117 0.099 

Locus 30 : 
2 alleles
4.5% missing data
   1   (0.866) 0.864 0.883 0.876 0.861 
   2   (0.134) 0.136 0.117 0.124 0.139 

Locus 31 : 
2 alleles
4.3% missing data
   1   (0.787) 0.810 0.806 0.804 0.750 
   2   (0.213) 0.190 0.194 0.196 0.250 

Locus 32 : 
2 alleles
2.0% missing data
   1   (0.734) 0.736 0.767 0.747 0.704 
   2   (0.266) 0.264 0.233 0.253 0.296 

Locus 33 : 
2 alleles
3.6% missing data
   1   (0.761) 0.821 0.766 0.736 0.736 
   2   (0.239) 0.179 0.234 0.264 0.264 

Locus 34 : 
2 alleles
3.6% missing data
   1   (0.809) 0.831 0.781 0.833 0.813 
   2   (0.191) 0.169 0.219 0.167 0.187 

Locus 35 : 
2 alleles
3.8% missing data
   1   (0.866) 0.881 0.853 0.899 0.854 
   2   (0.134) 0.119 0.147 0.101 0.146 

Locus 36 : 
2 alleles
2.9% missing data
   1   (0.757) 0.758 0.748 0.754 0.779 
   2   (0.243) 0.242 0.252 0.246 0.221 

Locus 37 : 
2 alleles
2.2% missing data
   1   (0.742) 0.735 0.738 0.724 0.777 
   2   (0.258) 0.265 0.262 0.276 0.223 

Locus 38 : 
2 alleles
1.4% missing data
   1   (0.871) 0.889 0.877 0.823 0.902 
   2   (0.129) 0.111 0.123 0.177 0.098 

Locus 39 : 
2 alleles
3.2% missing data
   1   (0.703) 0.690 0.686 0.750 0.700 
   2   (0.297) 0.310 0.314 0.250 0.300 

Locus 40 : 
2 alleles
3.8% missing data
   1   (0.571) 0.624 0.549 0.552 0.567 
   2   (0.429) 0.376 0.451 0.448 0.433 

Locus 41 : 
2 alleles
3.4% missing data
   1   (0.880) 0.884 0.916 0.881 0.860 
   2   (0.120) 0.116 0.084 0.119 0.140 

Locus 42 : 
2 alleles
4.5% missing data
   2   (0.234) 0.295 0.217 0.161 0.261 
   1   (0.766) 0.705 0.783 0.839 0.739 

Locus 43 : 
2 alleles
2.0% missing data
   1   (0.817) 0.840 0.821 0.814 0.815 
   2   (0.183) 0.160 0.179 0.186 0.185 

Locus 44 : 
2 alleles
4.7% missing data
   1   (0.582) 0.591 0.586 0.571 0.587 
   2   (0.418) 0.409 0.414 0.429 0.413 

Locus 45 : 
2 alleles
3.2% missing data
   1   (0.870) 0.882 0.902 0.875 0.841 
   2   (0.130) 0.118 0.098 0.125 0.159 

Locus 46 : 
2 alleles
2.3% missing data
   1   (0.780) 0.723 0.797 0.792 0.808 
   2   (0.220) 0.277 0.203 0.208 0.192 

Locus 47 : 
2 alleles
4.5% missing data
   1   (0.885) 0.873 0.894 0.893 0.899 
   2   (0.115) 0.127 0.106 0.107 0.101 

Locus 48 : 
2 alleles
4.5% missing data
   1   (0.815) 0.792 0.812 0.818 0.847 
   2   (0.185) 0.208 0.188 0.182 0.153 

Locus 49 : 
2 alleles
4.5% missing data
   1   (0.817) 0.812 0.859 0.834 0.778 
   2   (0.183) 0.188 0.141 0.166 0.222 

Locus 50 : 
2 alleles
3.4% missing data
   1   (0.658) 0.656 0.627 0.653 0.698 
   2   (0.342) 0.344 0.373 0.347 0.302 

Locus 51 : 
2 alleles
1.4% missing data
   1   (0.602) 0.587 0.588 0.601 0.629 
   2   (0.398) 0.413 0.412 0.399 0.371 

Locus 52 : 
2 alleles
4.1% missing data
   1   (0.658) 0.650 0.663 0.659 0.667 
   2   (0.342) 0.350 0.337 0.341 0.333 

Locus 53 : 
2 alleles
4.5% missing data
   1   (0.851) 0.881 0.827 0.822 0.885 
   2   (0.149) 0.119 0.173 0.178 0.115 

Locus 54 : 
2 alleles
3.8% missing data
   1   (0.863) 0.860 0.880 0.889 0.845 
   2   (0.137) 0.140 0.120 0.111 0.155 

Locus 55 : 
2 alleles
3.2% missing data
   1   (0.882) 0.853 0.907 0.881 0.897 
   2   (0.118) 0.147 0.093 0.119 0.103 

Locus 56 : 
2 alleles
3.2% missing data
   1   (0.798) 0.767 0.794 0.806 0.830 
   2   (0.202) 0.233 0.206 0.194 0.170 

Locus 57 : 
2 alleles
4.5% missing data
   1   (0.662) 0.647 0.644 0.688 0.677 
   2   (0.338) 0.353 0.356 0.312 0.323 

Locus 58 : 
2 alleles
4.1% missing data
   1   (0.840) 0.815 0.817 0.858 0.876 
   2   (0.160) 0.185 0.183 0.142 0.124 

Locus 59 : 
2 alleles
4.8% missing data
   1   (0.817) 0.807 0.819 0.862 0.800 
   2   (0.183) 0.193 0.181 0.138 0.200 

Locus 60 : 
2 alleles
2.5% missing data
   1   (0.859) 0.891 0.844 0.844 0.874 
   2   (0.141) 0.109 0.156 0.156 0.126 

Locus 61 : 
2 alleles
3.9% missing data
   1   (0.776) 0.784 0.805 0.777 0.758 
   2   (0.224) 0.216 0.195 0.223 0.242 

Locus 62 : 
2 alleles
2.0% missing data
   1   (0.841) 0.868 0.861 0.796 0.851 
   2   (0.159) 0.132 0.139 0.204 0.149 

Locus 63 : 
2 alleles
4.1% missing data
   1   (0.756) 0.758 0.766 0.740 0.775 
   2   (0.244) 0.242 0.234 0.260 0.225 

Locus 64 : 
2 alleles
3.2% missing data
   1   (0.872) 0.845 0.852 0.902 0.900 
