

----------------------------------------------------
STRUCTURE by Pritchard, Stephens and Donnelly (2000)
     and Falush, Stephens and Pritchard (2003)
       Code by Pritchard, Falush and Hubisz
             Version 2.3.4 (Jul 2012)
----------------------------------------------------



Command line arguments:   /home/genobiwan/Documents/Programs/Structure/structure -m parameter_job_k7_r7 
Input File:    /media/genobiwan/Storage/Projets/Mackerel_NWA_2021/data_job_k7_r7

Run parameters:
   557 individuals
   3930 loci
   7 populations assumed
   100000 Burn-in period
   200000 Reps


--------------------------------------------
Proportion of membership of each pre-defined
 population in each of the 7 clusters

Given    Inferred Clusters                                   Number of
 Pop       1      2      3      4      5      6      7      Individuals

  1:     0.154  0.146  0.134  0.151  0.132  0.130  0.153       67
  2:     0.155  0.127  0.157  0.133  0.178  0.123  0.128       32
  3:     0.143  0.130  0.152  0.151  0.133  0.131  0.161       92
  4:     0.126  0.164  0.144  0.122  0.148  0.161  0.135       36
  5:     0.126  0.139  0.139  0.133  0.143  0.153  0.166       41
  6:     0.142  0.150  0.140  0.145  0.142  0.149  0.132      158
  7:     0.148  0.147  0.145  0.138  0.141  0.143  0.139       79
  8:     0.141  0.140  0.141  0.159  0.126  0.150  0.143       52
--------------------------------------------

Allele-freq. divergence among pops (Net nucleotide distance),
computed using point estimates of P.

      1       2       3       4       5       6       7      
 1      -    0.0061  0.0055  0.0056  0.0072  0.0076  0.0061  
 2   0.0061     -    0.0051  0.0050  0.0065  0.0063  0.0048  
 3   0.0055  0.0051     -    0.0046  0.0067  0.0066  0.0048  
 4   0.0056  0.0050  0.0046     -    0.0066  0.0055  0.0043  
 5   0.0072  0.0065  0.0067  0.0066     -    0.0074  0.0063  
 6   0.0076  0.0063  0.0066  0.0055  0.0074     -    0.0068  
 7   0.0061  0.0048  0.0048  0.0043  0.0063  0.0068     -    

Average distances (expected heterozygosity) between individuals in same cluster:
cluster  1  : 0.3081 
cluster  2  : 0.3104 
cluster  3  : 0.3095 
cluster  4  : 0.3117 
cluster  5  : 0.3105 
cluster  6  : 0.3072 
cluster  7  : 0.3088 

--------------------------------------------
Estimated Ln Prob of Data   = -2071064.6
Mean value of ln likelihood = -2059428.4
Variance of ln likelihood   = 23272.5
Mean value of alpha         = 1.8338

Mean value of Fst_1         = 0.0682
Mean value of Fst_2         = 0.0604
Mean value of Fst_3         = 0.0592
Mean value of Fst_4         = 0.0580
Mean value of Fst_5         = 0.0724
Mean value of Fst_6         = 0.0723
Mean value of Fst_7         = 0.0616


Inferred ancestry of individuals:
        Label (%Miss) Pop:  Inferred clusters
  1 NS_SS0963    (4)    1 :  0.058 0.207 0.181 0.116 0.135 0.080 0.224 
  2 NS_SS0983    (1)    1 :  0.039 0.096 0.072 0.463 0.145 0.134 0.050 
  3 NS_SS0719    (8)    1 :  0.113 0.180 0.209 0.105 0.124 0.152 0.118 
  4 NS_SS1001    (8)    1 :  0.189 0.076 0.163 0.090 0.224 0.094 0.163 
  5 NS_SS0936    (4)    1 :  0.133 0.211 0.084 0.107 0.184 0.084 0.198 
  6 NS_SS0955    (5)    1 :  0.050 0.141 0.154 0.210 0.122 0.142 0.181 
  7 NS_SS0944    (3)    1 :  0.086 0.091 0.176 0.121 0.130 0.163 0.233 
  8 NS_SS0945    (3)    1 :  0.228 0.132 0.082 0.225 0.113 0.133 0.088 
  9 NS_SS0922    (2)    1 :  0.137 0.139 0.225 0.049 0.222 0.102 0.126 
 10 NS_SS0929    (7)    1 :  0.112 0.154 0.084 0.187 0.108 0.176 0.180 
 11 NS_SS0956    (2)    1 :  0.167 0.076 0.358 0.073 0.113 0.081 0.133 
 12 NS_SS0906    (3)    1 :  0.116 0.142 0.092 0.159 0.098 0.160 0.233 
 13 NS_SS0721    (6)    1 :  0.109 0.116 0.249 0.261 0.110 0.069 0.086 
 14 NS_SS0982    (4)    1 :  0.152 0.133 0.177 0.111 0.084 0.093 0.250 
 15 NS_SS0923    (5)    1 :  0.224 0.125 0.107 0.146 0.121 0.116 0.161 
 16 NS_SS0905    (6)    1 :  0.249 0.060 0.065 0.256 0.114 0.120 0.136 
 17 NS_SS0925    (3)    1 :  0.096 0.106 0.145 0.182 0.240 0.047 0.184 
 18 NS_SS0947    (5)    1 :  0.127 0.148 0.134 0.093 0.196 0.099 0.203 
 19 NS_SS0926    (2)    1 :  0.112 0.281 0.080 0.124 0.047 0.250 0.107 
 20 NS_SS0918    (6)    1 :  0.168 0.110 0.090 0.243 0.060 0.059 0.269 
 21 NS_SS0966    (4)    1 :  0.147 0.173 0.072 0.155 0.127 0.087 0.238 
 22 NS_SS0938    (2)    1 :  0.094 0.345 0.132 0.065 0.197 0.089 0.078 
 23 NS_SS0917    (2)    1 :  0.173 0.167 0.112 0.108 0.134 0.228 0.078 
 24 NS_SS0957   (11)    1 :  0.198 0.112 0.231 0.133 0.064 0.137 0.126 
 25 NS_SS0987    (1)    1 :  0.186 0.092 0.266 0.180 0.054 0.105 0.119 
 26 NS_SS0717    (4)    1 :  0.263 0.057 0.133 0.139 0.181 0.079 0.148 
 27 NS_SS0986    (2)    1 :  0.165 0.144 0.156 0.223 0.044 0.128 0.140 
 28 NS_SS0953    (4)    1 :  0.147 0.055 0.097 0.186 0.208 0.069 0.237 
 29 NS_SS0907    (3)    1 :  0.115 0.099 0.071 0.239 0.090 0.100 0.287 
 30 NS_SS0974    (6)    1 :  0.159 0.101 0.065 0.136 0.204 0.149 0.186 
 31 NS_SS0989    (1)    1 :  0.069 0.243 0.095 0.103 0.161 0.251 0.077 
 32 NS_SS0991    (2)    1 :  0.056 0.066 0.188 0.343 0.058 0.118 0.170 
 33 NS_SS0994    (2)    1 :  0.086 0.110 0.076 0.133 0.173 0.356 0.067 
 34 NS_SS0931    (6)    1 :  0.068 0.176 0.176 0.260 0.054 0.169 0.097 
 35 NS_SS1000    (5)    1 :  0.233 0.152 0.094 0.075 0.150 0.094 0.201 
 36 NS_SS0919    (1)    1 :  0.099 0.234 0.068 0.250 0.071 0.124 0.155 
 37 NS_SS0949    (3)    1 :  0.063 0.185 0.155 0.126 0.212 0.180 0.080 
 38 NS_SS0960   (10)    1 :  0.171 0.089 0.114 0.121 0.090 0.205 0.210 
 39 NS_SS0716    (2)    1 :  0.489 0.074 0.133 0.099 0.058 0.091 0.056 
 40 NS_SS0924    (8)    1 :  0.112 0.122 0.138 0.120 0.111 0.147 0.250 
 41 NS_SS0935    (1)    1 :  0.138 0.061 0.131 0.213 0.107 0.226 0.123 
 42 NS_SS0952   (13)    1 :  0.100 0.128 0.074 0.198 0.094 0.203 0.203 
 43 NS_SS0962   (10)    1 :  0.215 0.280 0.090 0.131 0.115 0.076 0.093 
 44 NS_SS0973    (5)    1 :  0.082 0.082 0.113 0.173 0.205 0.099 0.246 
 45 NS_SS0722    (1)    1 :  0.244 0.066 0.106 0.101 0.235 0.073 0.176 
 46 NS_SS0979   (13)    1 :  0.215 0.137 0.164 0.177 0.083 0.070 0.154 
 47 NS_SS0993    (2)    1 :  0.123 0.148 0.125 0.163 0.221 0.058 0.162 
 48 NS_SS0958    (1)    1 :  0.197 0.104 0.083 0.128 0.104 0.233 0.151 
 49 NS_SS0988    (4)    1 :  0.159 0.240 0.081 0.122 0.057 0.147 0.193 
 50 NS_SS1003    (2)    1 :  0.060 0.355 0.278 0.059 0.058 0.064 0.127 
 51 NS_SS0976    (0)    1 :  0.059 0.238 0.125 0.209 0.086 0.166 0.117 
 52 NS_SS0964   (10)    1 :  0.249 0.066 0.181 0.084 0.215 0.078 0.127 
 53 NS_SS0939    (4)    1 :  0.387 0.141 0.223 0.071 0.071 0.064 0.043 
 54 NS_SS0990    (6)    1 :  0.213 0.263 0.119 0.096 0.055 0.196 0.058 
 55 NS_SS0984    (2)    1 :  0.273 0.179 0.107 0.076 0.172 0.075 0.117 
 56 NS_SS0980    (9)    1 :  0.133 0.084 0.070 0.097 0.279 0.100 0.239 
 57 NS_SS0978    (4)    1 :  0.132 0.137 0.108 0.077 0.203 0.148 0.195 
 58 NS_SS0951   (17)    1 :  0.142 0.065 0.171 0.258 0.060 0.139 0.165 
 59 NS_SS0913    (3)    1 :  0.220 0.091 0.210 0.102 0.142 0.120 0.116 
 60 NS_SS1002    (1)    1 :  0.136 0.360 0.057 0.070 0.073 0.075 0.229 
 61 NS_SS0948    (1)    1 :  0.145 0.139 0.110 0.228 0.079 0.130 0.169 
 62 NS_SS0916    (4)    1 :  0.117 0.161 0.115 0.080 0.272 0.181 0.075 
 63 NS_SS0995    (1)    1 :  0.220 0.107 0.109 0.129 0.231 0.114 0.090 
 64 NS_SS0927    (6)    1 :  0.175 0.135 0.067 0.174 0.180 0.182 0.087 
 65 NS_SS0992    (5)    1 :  0.112 0.165 0.095 0.050 0.214 0.191 0.173 
 66 NS_SS0912    (1)    1 :  0.147 0.148 0.225 0.176 0.049 0.127 0.129 
 67 NS_SS0981    (1)    1 :  0.163 0.199 0.162 0.163 0.053 0.086 0.174 
 68 NS_SS0729    (5)    2 :  0.050 0.095 0.063 0.149 0.277 0.244 0.123 
 69 NS_SS0967   (14)    2 :  0.117 0.193 0.088 0.118 0.129 0.070 0.285 
 70 NS_SS0941    (7)    2 :  0.116 0.172 0.156 0.100 0.242 0.120 0.095 
 71 NS_SS0768   (12)    2 :  0.114 0.125 0.235 0.138 0.101 0.092 0.195 
 72 NS_SS0726    (4)    2 :  0.041 0.196 0.094 0.072 0.286 0.199 0.112 
 73 NS_SS0763    (4)    2 :  0.117 0.111 0.108 0.105 0.182 0.231 0.145 
 74 NS_SS0730    (6)    2 :  0.271 0.170 0.136 0.106 0.127 0.086 0.103 
 75 NS_SS0774    (1)    2 :  0.249 0.136 0.079 0.089 0.216 0.081 0.151 
 76 NS_SS0723    (3)    2 :  0.164 0.176 0.145 0.138 0.173 0.047 0.156 
 77 NS_SS0940    (9)    2 :  0.152 0.164 0.118 0.161 0.192 0.154 0.058 
 78 NS_SS0762    (1)    2 :  0.258 0.058 0.169 0.056 0.250 0.065 0.144 
 79 NS_SS0766   (11)    2 :  0.257 0.083 0.134 0.102 0.205 0.150 0.071 
 80 NS_SS0724    (1)    2 :  0.100 0.086 0.215 0.175 0.173 0.069 0.182 
 81 NS_SS0769    (3)    2 :  0.196 0.179 0.137 0.123 0.082 0.130 0.153 
 82 NS_SS0777    (2)    2 :  0.140 0.136 0.119 0.311 0.055 0.156 0.083 
 83 NS_SS0734    (6)    2 :  0.161 0.108 0.219 0.126 0.130 0.175 0.081 
 84 NS_SS0737    (3)    2 :  0.199 0.127 0.128 0.059 0.331 0.062 0.094 
 85 NS_SS0732    (5)    2 :  0.160 0.067 0.231 0.222 0.122 0.060 0.138 
 86 NS_SS0728    (5)    2 :  0.127 0.113 0.209 0.138 0.237 0.100 0.075 
 87 NS_SS0735    (9)    2 :  0.106 0.060 0.180 0.179 0.288 0.070 0.118 
 88 NS_SS0725    (1)    2 :  0.102 0.196 0.207 0.067 0.230 0.095 0.104 
 89 NS_SS0788    (2)    2 :  0.141 0.288 0.122 0.101 0.122 0.115 0.111 
 90 NS_SS0778    (2)    2 :  0.099 0.217 0.149 0.205 0.085 0.145 0.100 
 91 NS_SS0792    (6)    2 :  0.113 0.070 0.205 0.096 0.145 0.189 0.181 
 92 NS_SS0943   (11)    2 :  0.048 0.079 0.207 0.085 0.096 0.217 0.267 
 93 NS_SS0791    (2)    2 :  0.111 0.087 0.203 0.146 0.239 0.162 0.052 
 94 NS_SS0790    (5)    2 :  0.180 0.074 0.224 0.107 0.115 0.044 0.256 
 95 NS_SS0731    (6)    2 :  0.239 0.098 0.241 0.171 0.068 0.076 0.106 
 96 NS_SS0727    (6)    2 :  0.115 0.054 0.114 0.069 0.335 0.229 0.083 
 97 NS_SS0779   (12)    2 :  0.142 0.140 0.119 0.301 0.126 0.087 0.086 
 98 NS_SS0776    (3)    2 :  0.193 0.135 0.149 0.155 0.162 0.127 0.078 
 99 NS_SS0775    (5)    2 :  0.369 0.081 0.133 0.075 0.161 0.084 0.098 
100 NS_SS0965    (3)    3 :  0.108 0.146 0.234 0.165 0.076 0.084 0.187 
101 NS_SS0754   (13)    3 :  0.078 0.091 0.255 0.125 0.128 0.193 0.130 
102 NS_SS0838    (5)    3 :  0.171 0.175 0.097 0.235 0.116 0.103 0.103 
103 NS_SS0839    (3)    3 :  0.243 0.140 0.150 0.093 0.159 0.071 0.144 
104 NS_SS0832    (4)    3 :  0.164 0.117 0.180 0.102 0.104 0.048 0.287 
105 NS_SS0820    (4)    3 :  0.099 0.171 0.255 0.115 0.122 0.052 0.186 
106 NS_SS0886    (9)    3 :  0.137 0.139 0.182 0.159 0.109 0.177 0.098 
107 NS_SS0748    (5)    3 :  0.150 0.129 0.105 0.270 0.070 0.116 0.160 
108 NS_SS0884    (9)    3 :  0.117 0.121 0.140 0.120 0.172 0.155 0.174 
109 NS_SS0752    (3)    3 :  0.174 0.137 0.093 0.132 0.228 0.102 0.134 
110 NS_SS0862    (1)    3 :  0.082 0.076 0.298 0.185 0.152 0.047 0.160 
111 NS_SS0787    (9)    3 :  0.125 0.101 0.106 0.101 0.062 0.377 0.128 
112 NS_SS0843    (6)    3 :  0.109 0.098 0.156 0.203 0.194 0.101 0.139 
113 NS_SS0856    (4)    3 :  0.210 0.145 0.111 0.077 0.239 0.144 0.074 
114 NS_SS0846    (2)    3 :  0.068 0.167 0.063 0.123 0.193 0.146 0.241 
115 NS_SS0825    (1)    3 :  0.067 0.292 0.227 0.118 0.064 0.113 0.119 
116 NS_SS0757    (3)    3 :  0.113 0.102 0.170 0.265 0.086 0.123 0.141 
117 NS_SS0876    (3)    3 :  0.126 0.101 0.168 0.133 0.215 0.092 0.165 
118 NS_SS0903    (9)    3 :  0.118 0.111 0.062 0.126 0.290 0.056 0.237 
119 NS_SS0875    (7)    3 :  0.273 0.178 0.105 0.188 0.067 0.105 0.084 
120 NS_SS0740    (5)    3 :  0.112 0.084 0.138 0.239 0.190 0.092 0.146 
121 NS_SS0811    (5)    3 :  0.341 0.068 0.191 0.142 0.056 0.059 0.143 
122 NS_SS0751    (1)    3 :  0.230 0.222 0.083 0.153 0.142 0.093 0.077 
123 NS_SS0891    (6)    3 :  0.158 0.211 0.128 0.090 0.180 0.117 0.116 
124 NS_SS0867    (2)    3 :  0.051 0.126 0.188 0.113 0.072 0.159 0.290 
125 NS_SS0890    (6)    3 :  0.202 0.130 0.082 0.162 0.148 0.112 0.163 
126 NS_SS0866   (11)    3 :  0.078 0.105 0.126 0.120 0.133 0.351 0.087 
127 NS_SS0755    (4)    3 :  0.124 0.102 0.237 0.075 0.086 0.128 0.248 
128 NS_SS0758    (4)    3 :  0.095 0.111 0.093 0.240 0.261 0.092 0.107 
129 NS_SS0840    (2)    3 :  0.170 0.207 0.158 0.096 0.091 0.053 0.225 
130 NS_SS0889    (4)    3 :  0.088 0.094 0.236 0.125 0.083 0.249 0.125 
131 NS_SS1010    (1)    3 :  0.218 0.197 0.088 0.110 0.066 0.118 0.203 
132 NS_SS0888    (5)    3 :  0.097 0.049 0.181 0.056 0.205 0.319 0.093 
133 NS_SS0837    (3)    3 :  0.141 0.077 0.240 0.098 0.081 0.077 0.285 
134 NS_SS0794    (9)    3 :  0.173 0.057 0.118 0.148 0.160 0.231 0.113 
135 NS_SS0823    (4)    3 :  0.107 0.129 0.099 0.137 0.199 0.062 0.268 
136 NS_SS0829    (7)    3 :  0.092 0.068 0.119 0.366 0.044 0.174 0.138 
137 NS_SS0844    (5)    3 :  0.069 0.064 0.097 0.077 0.137 0.046 0.510 
138 NS_SS1008    (5)    3 :  0.219 0.073 0.104 0.094 0.162 0.222 0.126 
139 NS_SS0881    (3)    3 :  0.171 0.260 0.149 0.085 0.066 0.173 0.096 
140 NS_SS0834    (6)    3 :  0.125 0.215 0.130 0.089 0.271 0.068 0.103 
141 NS_SS0744   (10)    3 :  0.071 0.172 0.178 0.128 0.175 0.116 0.160 
142 NS_SS0899    (7)    3 :  0.222 0.074 0.169 0.245 0.072 0.058 0.160 
143 NS_SS0804    (4)    3 :  0.122 0.138 0.189 0.183 0.151 0.043 0.174 
144 NS_SS0781   (10)    3 :  0.178 0.210 0.078 0.215 0.095 0.050 0.174 
145 NS_SS0822    (6)    3 :  0.053 0.062 0.159 0.246 0.250 0.111 0.118 
146 NS_SS1004    (4)    3 :  0.104 0.118 0.144 0.110 0.113 0.110 0.301 
147 NS_SS0746    (5)    3 :  0.094 0.125 0.085 0.207 0.129 0.116 0.243 
148 NS_SS0880    (3)    3 :  0.111 0.173 0.159 0.112 0.132 0.090 0.223 
149 NS_SS0879    (4)    3 :  0.097 0.098 0.224 0.074 0.192 0.124 0.192 
150 NS_SS0753    (2)    3 :  0.127 0.075 0.129 0.242 0.082 0.179 0.167 
151 NS_SS1007    (2)    3 :  0.225 0.181 0.066 0.076 0.272 0.113 0.068 
152 NS_SS0872    (5)    3 :  0.223 0.160 0.101 0.094 0.143 0.102 0.177 
153 NS_SS1005    (7)    3 :  0.146 0.165 0.086 0.156 0.110 0.069 0.268 
154 NS_SS0892    (6)    3 :  0.172 0.121 0.140 0.191 0.142 0.122 0.113 
155 NS_SS0898    (0)    3 :  0.120 0.124 0.174 0.117 0.084 0.215 0.165 
156 NS_SS0801    (9)    3 :  0.135 0.089 0.190 0.245 0.078 0.093 0.170 
157 NS_SS0827    (8)    3 :  0.276 0.103 0.105 0.215 0.044 0.153 0.103 
158 NS_SS0853    (6)    3 :  0.325 0.052 0.123 0.157 0.056 0.151 0.136 
159 NS_SS0780    (2)    3 :  0.119 0.182 0.206 0.217 0.128 0.065 0.083 
160 NS_SS0826   (10)    3 :  0.050 0.298 0.115 0.159 0.060 0.101 0.217 
161 NS_SS0818    (5)    3 :  0.186 0.190 0.159 0.080 0.177 0.062 0.147 
162 NS_SS0745    (1)    3 :  0.356 0.120 0.211 0.054 0.131 0.075 0.054 
163 NS_SS0849    (3)    3 :  0.129 0.154 0.305 0.191 0.041 0.070 0.112 
164 NS_SS0739    (3)    3 :  0.187 0.210 0.175 0.139 0.116 0.121 0.053 
165 NS_SS0799    (1)    3 :  0.154 0.047 0.097 0.224 0.231 0.146 0.100 
166 NS_SS0756    (2)    3 :  0.128 0.183 0.129 0.100 0.076 0.073 0.312 
167 NS_SS0802    (2)    3 :  0.125 0.224 0.070 0.162 0.173 0.144 0.102 
168 NS_SS0747    (6)    3 :  0.120 0.155 0.086 0.203 0.133 0.093 0.208 
169 NS_SS0835    (1)    3 :  0.096 0.139 0.072 0.121 0.128 0.320 0.123 
170 NS_SS0742   (18)    3 :  0.116 0.179 0.132 0.224 0.156 0.073 0.120 
171 NS_SS0760    (9)    3 :  0.149 0.098 0.069 0.173 0.108 0.275 0.128 
172 NS_SS0803    (4)    3 :  0.069 0.051 0.089 0.093 0.257 0.057 0.384 
173 NS_SS0828   (13)    3 :  0.170 0.106 0.201 0.187 0.103 0.113 0.119 
174 NS_SS0865    (2)    3 :  0.069 0.159 0.265 0.122 0.065 0.144 0.176 
175 NS_SS0759    (4)    3 :  0.211 0.106 0.172 0.182 0.166 0.055 0.108 
176 NS_SS0851    (5)    3 :  0.131 0.109 0.443 0.070 0.052 0.073 0.122 
177 NS_SS0874   (16)    3 :  0.131 0.084 0.075 0.264 0.133 0.056 0.256 
178 NS_SS0761    (6)    3 :  0.064 0.129 0.138 0.211 0.072 0.216 0.170 
179 NS_SS0842   (25)    3 :  0.232 0.104 0.099 0.122 0.095 0.202 0.146 
180 NS_SS0785    (6)    3 :  0.119 0.086 0.138 0.150 0.135 0.165 0.207 
181 NS_SS0860   (11)    3 :  0.091 0.101 0.074 0.180 0.113 0.305 0.136 
182 NS_SS0897    (7)    3 :  0.100 0.077 0.170 0.149 0.100 0.316 0.088 
183 NS_SS0841   (14)    3 :  0.248 0.088 0.227 0.124 0.100 0.065 0.148 
184 NS_SS0797    (6)    3 :  0.102 0.136 0.252 0.102 0.056 0.195 0.158 
185 NS_SS0830   (10)    3 :  0.130 0.145 0.208 0.144 0.094 0.139 0.140 
186 NS_SS1011    (5)    3 :  0.061 0.262 0.186 0.078 0.110 0.068 0.235 
187 NS_SS0883    (5)    3 :  0.220 0.065 0.124 0.237 0.085 0.143 0.126 
188 NS_SS0782    (2)    3 :  0.156 0.076 0.119 0.076 0.260 0.170 0.144 
189 NS_SS0831    (5)    3 :  0.107 0.076 0.218 0.204 0.072 0.225 0.097 
190 NS_SS0749    (7)    3 :  0.137 0.120 0.223 0.148 0.161 0.125 0.085 
191 NS_SS0854    (2)    3 :  0.076 0.073 0.139 0.126 0.317 0.142 0.126 
192 HI_SS0193    (0)    4 :  0.055 0.136 0.239 0.084 0.213 0.207 0.066 
193 HI_SS0194    (0)    4 :  0.097 0.276 0.135 0.108 0.219 0.080 0.085 
194 HI_SS0195    (9)    4 :  0.180 0.218 0.272 0.100 0.097 0.051 0.082 
195 HI_SS0196    (6)    4 :  0.211 0.093 0.096 0.154 0.218 0.124 0.105 
196 HI_SS0197    (3)    4 :  0.103 0.477 0.063 0.110 0.075 0.088 0.084 
197 HI_SS0198    (1)    4 :  0.128 0.113 0.218 0.173 0.118 0.151 0.099 
198 HI_SS0199    (1)    4 :  0.133 0.072 0.102 0.064 0.269 0.243 0.118 
199 HI_SS0201    (4)    4 :  0.057 0.095 0.178 0.159 0.066 0.267 0.177 
200 HI_SS0215    (1)    4 :  0.107 0.130 0.110 0.176 0.054 0.254 0.169 
201 HI_SS0218    (1)    4 :  0.109 0.057 0.188 0.056 0.118 0.380 0.092 
202 HI_SS0222    (0)    4 :  0.163 0.173 0.215 0.112 0.161 0.114 0.062 
203 HI_SS0230    (1)    4 :  0.239 0.217 0.069 0.180 0.057 0.090 0.149 
204 HI_SS0234    (1)    4 :  0.067 0.211 0.066 0.090 0.319 0.100 0.146 
205 HI_SS0240    (1)    4 :  0.154 0.102 0.149 0.060 0.337 0.111 0.087 
206 HI_SS0241    (0)    4 :  0.096 0.111 0.152 0.128 0.095 0.247 0.172 
207 HI_SS0242    (0)    4 :  0.092 0.112 0.202 0.088 0.133 0.178 0.196 
208 HI_SS0247    (0)    4 :  0.101 0.183 0.125 0.197 0.069 0.100 0.225 
209 HI_SS0248    (1)    4 :  0.140 0.050 0.065 0.208 0.250 0.198 0.089 
210 HI_SS0252    (2)    4 :  0.096 0.081 0.179 0.172 0.261 0.071 0.141 
211 HI_SS0254    (1)    4 :  0.092 0.260 0.071 0.128 0.145 0.142 0.162 
212 HI_SS0256    (0)    4 :  0.155 0.140 0.124 0.056 0.189 0.032 0.304 
213 HI_SS0257    (0)    4 :  0.045 0.150 0.055 0.140 0.190 0.233 0.187 
214 HI_SS0258    (1)    4 :  0.124 0.079 0.119 0.121 0.129 0.258 0.170 
215 HI_SS0259    (1)    4 :  0.095 0.278 0.202 0.076 0.170 0.096 0.084 
216 HI_SS0260    (1)    4 :  0.231 0.077 0.086 0.101 0.142 0.270 0.092 
217 HI_SS0261    (2)    4 :  0.073 0.253 0.095 0.100 0.137 0.159 0.183 
218 HI_SS0262    (0)    4 :  0.168 0.105 0.240 0.068 0.132 0.142 0.145 
219 HI_SS0264    (1)    4 :  0.289 0.203 0.107 0.149 0.051 0.091 0.110 
220 HI_SS0265    (0)    4 :  0.107 0.232 0.248 0.085 0.088 0.110 0.130 
221 HI_SS0268    (1)    4 :  0.278 0.232 0.085 0.153 0.072 0.130 0.049 
222 HI_SS0269    (1)    4 :  0.047 0.151 0.062 0.128 0.193 0.308 0.112 
223 HI_SS0273    (0)    4 :  0.086 0.114 0.120 0.066 0.081 0.264 0.269 
224 HI_SS0277    (1)    4 :  0.075 0.392 0.120 0.088 0.068 0.086 0.170 
225 HI_SS0280    (0)    4 :  0.197 0.111 0.264 0.114 0.103 0.143 0.068 
226 HI_SS0282    (1)    4 :  0.073 0.089 0.171 0.160 0.145 0.163 0.199 
227 HI_SS0286    (1)    4 :  0.079 0.127 0.203 0.241 0.149 0.117 0.084 
228 NS_SS1252    (3)    5 :  0.083 0.059 0.086 0.220 0.116 0.310 0.127 
229 NS_SS1261    (1)    5 :  0.169 0.176 0.067 0.217 0.148 0.106 0.116 
230 NS_SS1225    (9)    5 :  0.074 0.121 0.071 0.174 0.091 0.167 0.301 
231 NS_SS1266    (1)    5 :  0.099 0.087 0.130 0.074 0.115 0.057 0.438 
232 NS_SS1228    (0)    5 :  0.215 0.121 0.276 0.083 0.096 0.115 0.094 
233 NS_SS1255    (2)    5 :  0.217 0.084 0.068 0.069 0.301 0.142 0.119 
234 NS_SS1267    (3)    5 :  0.091 0.101 0.130 0.151 0.107 0.360 0.060 
235 NS_SS1238    (6)    5 :  0.132 0.281 0.171 0.136 0.084 0.125 0.072 
236 NS_SS1233    (8)    5 :  0.174 0.103 0.086 0.201 0.050 0.069 0.317 
237 NS_SS1277    (3)    5 :  0.112 0.102 0.185 0.058 0.230 0.246 0.066 
238 NS_SS1245    (1)    5 :  0.088 0.152 0.071 0.241 0.161 0.124 0.163 
239 NS_SS1240    (4)    5 :  0.074 0.128 0.053 0.265 0.133 0.286 0.062 
240 NS_SS1275    (2)    5 :  0.083 0.312 0.258 0.049 0.092 0.055 0.150 
241 NS_SS1235    (1)    5 :  0.063 0.150 0.054 0.079 0.351 0.096 0.208 
242 NS_SS1263    (1)    5 :  0.194 0.092 0.073 0.212 0.195 0.056 0.178 
243 NS_SS1251    (1)    5 :  0.121 0.142 0.086 0.166 0.148 0.081 0.257 
244 NS_SS1248    (0)    5 :  0.137 0.128 0.361 0.145 0.039 0.108 0.082 
245 NS_SS1244    (0)    5 :  0.046 0.304 0.157 0.127 0.092 0.100 0.174 
246 NS_SS1257    (0)    5 :  0.098 0.079 0.147 0.140 0.172 0.258 0.105 
247 NS_SS1242    (2)    5 :  0.251 0.131 0.153 0.089 0.126 0.084 0.166 
248 NS_SS1271    (6)    5 :  0.076 0.106 0.151 0.092 0.134 0.353 0.089 
249 NS_SS1265    (1)    5 :  0.107 0.158 0.098 0.201 0.073 0.239 0.125 
250 NS_SS1243    (0)    5 :  0.180 0.063 0.225 0.213 0.164 0.083 0.072 
251 NS_SS1273    (1)    5 :  0.354 0.107 0.116 0.053 0.120 0.083 0.167 
252 NS_SS1254   (14)    5 :  0.203 0.073 0.073 0.157 0.099 0.087 0.309 
253 NS_SS1224    (1)    5 :  0.131 0.088 0.242 0.086 0.113 0.083 0.258 
254 NS_SS1227    (8)    5 :  0.174 0.188 0.062 0.134 0.143 0.217 0.081 
255 NS_SS1274    (8)    5 :  0.126 0.108 0.097 0.197 0.191 0.169 0.112 
256 NS_SS1241    (1)    5 :  0.085 0.110 0.158 0.073 0.118 0.210 0.245 
257 NS_SS1256    (3)    5 :  0.098 0.175 0.082 0.079 0.066 0.192 0.309 
258 NS_SS1260    (8)    5 :  0.120 0.075 0.094 0.138 0.193 0.240 0.139 
259 NS_SS1262    (0)    5 :  0.079 0.136 0.148 0.106 0.088 0.161 0.282 
260 NS_SS1230    (0)    5 :  0.188 0.118 0.116 0.095 0.089 0.212 0.181 
261 NS_SS1270    (2)    5 :  0.078 0.131 0.258 0.144 0.061 0.075 0.252 
262 NS_SS1229    (2)    5 :  0.061 0.249 0.048 0.142 0.342 0.053 0.106 
263 NS_SS1246    (5)    5 :  0.048 0.241 0.100 0.162 0.230 0.157 0.062 
264 NS_SS1269    (0)    5 :  0.178 0.118 0.156 0.089 0.138 0.122 0.199 
265 NS_SS1239    (1)    5 :  0.099 0.075 0.269 0.081 0.316 0.079 0.080 
266 NS_SS1272    (4)    5 :  0.074 0.416 0.086 0.099 0.080 0.096 0.150 
267 NS_SS1268    (1)    5 :  0.122 0.058 0.337 0.141 0.060 0.084 0.198 
268 NS_SS1249    (0)    5 :  0.083 0.066 0.117 0.086 0.192 0.335 0.122 
269 HI_SS0559    (0)    6 :  0.136 0.054 0.246 0.125 0.162 0.142 0.136 
270 HI_SS0563    (1)    6 :  0.104 0.170 0.100 0.122 0.174 0.126 0.204 
271 HI_SS0564    (0)    6 :  0.073 0.221 0.168 0.180 0.155 0.081 0.121 
272 HI_SS0565    (0)    6 :  0.126 0.219 0.077 0.220 0.086 0.141 0.131 
273 HI_SS0569    (0)    6 :  0.068 0.115 0.069 0.365 0.053 0.147 0.183 
274 HI_SS0570    (0)    6 :  0.103 0.158 0.145 0.172 0.123 0.244 0.056 
275 HI_SS0572    (1)    6 :  0.160 0.121 0.110 0.113 0.318 0.067 0.111 
276 HI_SS0576    (0)    6 :  0.221 0.164 0.200 0.111 0.127 0.079 0.100 
277 HI_SS0579    (1)    6 :  0.059 0.062 0.085 0.158 0.213 0.142 0.281 
278 HI_SS0580    (1)    6 :  0.218 0.063 0.120 0.085 0.159 0.238 0.117 
279 HI_SS0581    (0)    6 :  0.112 0.288 0.270 0.105 0.086 0.054 0.085 
280 HI_SS0583    (1)    6 :  0.176 0.090 0.041 0.269 0.127 0.205 0.091 
281 HI_SS0586    (1)    6 :  0.195 0.087 0.087 0.237 0.050 0.282 0.062 
282 HI_SS0588    (1)    6 :  0.103 0.064 0.093 0.250 0.139 0.156 0.195 
283 HI_SS0595    (4)    6 :  0.144 0.276 0.063 0.061 0.083 0.256 0.117 
284 HI_SS0596    (0)    6 :  0.279 0.072 0.092 0.071 0.290 0.085 0.110 
285 HI_SS0597    (1)    6 :  0.181 0.216 0.060 0.198 0.155 0.073 0.117 
286 HI_SS0600    (0)    6 :  0.081 0.169 0.148 0.102 0.175 0.196 0.129 
287 HI_SS0601    (1)    6 :  0.073 0.165 0.115 0.196 0.094 0.109 0.248 
288 HI_SS0602    (1)    6 :  0.241 0.059 0.125 0.224 0.087 0.201 0.064 
289 HI_SS0604    (0)    6 :  0.073 0.078 0.151 0.345 0.160 0.069 0.124 
290 HI_SS0605    (1)    6 :  0.068 0.063 0.340 0.150 0.154 0.135 0.091 
291 HI_SS0608    (0)    6 :  0.284 0.141 0.119 0.143 0.107 0.126 0.081 
292 HI_SS0609    (0)    6 :  0.175 0.146 0.064 0.121 0.122 0.095 0.277 
293 HI_SS0611    (5)    6 :  0.150 0.062 0.186 0.223 0.083 0.230 0.066 
294 HI_SS0612    (1)    6 :  0.069 0.074 0.048 0.073 0.213 0.157 0.367 
295 HI_SS0613    (1)    6 :  0.169 0.066 0.318 0.153 0.052 0.114 0.128 
296 HI_SS0615    (0)    6 :  0.216 0.165 0.151 0.083 0.239 0.056 0.090 
297 HI_SS0001    (1)    6 :  0.103 0.164 0.121 0.062 0.223 0.203 0.124 
298 HI_SS0002    (1)    6 :  0.161 0.151 0.091 0.111 0.145 0.073 0.269 
299 HI_SS0004    (0)    6 :  0.165 0.105 0.153 0.138 0.162 0.206 0.073 
300 HI_SS0005    (1)    6 :  0.199 0.144 0.284 0.087 0.059 0.120 0.107 
301 HI_SS0006    (1)    6 :  0.069 0.156 0.078 0.167 0.120 0.206 0.204 
302 HI_SS0007    (1)    6 :  0.086 0.060 0.366 0.087 0.118 0.225 0.058 
303 HI_SS0008    (0)    6 :  0.139 0.196 0.140 0.191 0.095 0.105 0.134 
304 HI_SS0009    (0)    6 :  0.182 0.060 0.246 0.114 0.234 0.065 0.100 
305 HI_SS0010    (1)    6 :  0.207 0.113 0.119 0.232 0.068 0.149 0.112 
306 HI_SS0011    (1)    6 :  0.121 0.223 0.133 0.083 0.043 0.101 0.296 
307 HI_SS0012    (0)    6 :  0.170 0.190 0.102 0.164 0.215 0.049 0.111 
308 HI_SS0017    (1)    6 :  0.121 0.166 0.179 0.081 0.293 0.086 0.074 
309 HI_SS0021    (1)    6 :  0.228 0.181 0.080 0.114 0.061 0.229 0.106 
310 HI_SS0024    (1)    6 :  0.179 0.245 0.193 0.068 0.160 0.084 0.071 
311 HI_SS0025    (1)    6 :  0.240 0.075 0.163 0.089 0.183 0.086 0.163 
312 HI_SS0027    (0)    6 :  0.114 0.062 0.133 0.254 0.132 0.155 0.150 
313 HI_SS0028    (0)    6 :  0.313 0.254 0.153 0.072 0.048 0.056 0.104 
314 HI_SS0029    (1)    6 :  0.357 0.158 0.059 0.061 0.130 0.178 0.057 
315 HI_SS0030    (2)    6 :  0.073 0.121 0.211 0.102 0.200 0.154 0.139 
316 HI_SS0031    (0)    6 :  0.150 0.184 0.072 0.085 0.179 0.118 0.212 
317 HI_SS0034    (0)    6 :  0.062 0.080 0.131 0.184 0.161 0.221 0.161 
318 HI_SS0036    (0)    6 :  0.087 0.214 0.213 0.072 0.087 0.282 0.044 
319 HI_SS0037    (1)    6 :  0.195 0.056 0.121 0.214 0.048 0.233 0.133 
320 HI_SS0039    (0)    6 :  0.188 0.099 0.227 0.063 0.045 0.268 0.110 
321 HI_SS0041    (1)    6 :  0.148 0.126 0.328 0.110 0.141 0.078 0.069 
322 HI_SS0042    (1)    6 :  0.198 0.244 0.133 0.086 0.116 0.081 0.143 
323 HI_SS0043    (1)    6 :  0.052 0.187 0.089 0.250 0.087 0.266 0.070 
324 HI_SS0044    (1)    6 :  0.286 0.078 0.076 0.055 0.193 0.249 0.064 
325 HI_SS0047    (1)    6 :  0.097 0.112 0.191 0.171 0.210 0.077 0.143 
326 HI_SS0049    (0)    6 :  0.185 0.082 0.116 0.165 0.216 0.098 0.139 
327 HI_SS0051    (1)    6 :  0.074 0.066 0.290 0.183 0.083 0.083 0.220 
328 HI_SS0053    (1)    6 :  0.056 0.203 0.118 0.185 0.103 0.254 0.081 
329 HI_SS0054    (4)    6 :  0.052 0.101 0.157 0.232 0.065 0.190 0.204 
330 HI_SS0057    (0)    6 :  0.122 0.204 0.194 0.214 0.080 0.085 0.101 
331 HI_SS0058    (0)    6 :  0.169 0.068 0.101 0.201 0.103 0.206 0.153 
332 HI_SS0060    (0)    6 :  0.083 0.207 0.216 0.155 0.107 0.088 0.145 
333 HI_SS0087    (1)    6 :  0.073 0.214 0.100 0.244 0.141 0.103 0.125 
334 HI_SS0091    (0)    6 :  0.052 0.222 0.065 0.135 0.097 0.314 0.115 
335 HI_SS0095    (1)    6 :  0.082 0.174 0.144 0.110 0.195 0.148 0.147 
336 HI_SS0097    (3)    6 :  0.082 0.096 0.066 0.240 0.137 0.069 0.310 
337 HI_SS0099    (0)    6 :  0.408 0.087 0.082 0.116 0.077 0.139 0.090 
338 HI_SS0103    (0)    6 :  0.109 0.173 0.119 0.109 0.259 0.105 0.125 
339 HI_SS0105    (1)    6 :  0.081 0.258 0.139 0.152 0.073 0.106 0.190 
340 HI_SS0107    (1)    6 :  0.100 0.202 0.145 0.079 0.324 0.052 0.097 
341 HI_SS0108    (1)    6 :  0.060 0.092 0.097 0.210 0.106 0.341 0.094 
342 HI_SS0110    (0)    6 :  0.084 0.313 0.074 0.080 0.169 0.166 0.114 
343 HI_SS0111    (1)    6 :  0.100 0.208 0.138 0.161 0.192 0.121 0.080 
344 HI_SS0112    (0)    6 :  0.102 0.142 0.084 0.147 0.133 0.323 0.069 
345 HI_SS0113    (1)    6 :  0.235 0.232 0.112 0.099 0.114 0.065 0.143 
346 HI_SS0114    (1)    6 :  0.099 0.089 0.154 0.274 0.067 0.192 0.125 
347 HI_SS0115    (1)    6 :  0.196 0.042 0.105 0.139 0.268 0.123 0.128 
348 HI_SS0116    (4)    6 :  0.235 0.078 0.039 0.161 0.189 0.233 0.065 
349 HI_SS0117    (0)    6 :  0.068 0.244 0.065 0.093 0.075 0.204 0.251 
350 HI_SS0118    (0)    6 :  0.152 0.138 0.069 0.136 0.102 0.232 0.170 
351 HI_SS0119    (1)    6 :  0.060 0.238 0.102 0.211 0.098 0.136 0.155 
352 HI_SS0120    (1)    6 :  0.077 0.324 0.124 0.066 0.274 0.051 0.085 
353 HI_SS0121    (1)    6 :  0.161 0.322 0.110 0.115 0.039 0.069 0.184 
354 HI_SS0122    (2)    6 :  0.134 0.200 0.172 0.094 0.098 0.160 0.142 
355 HI_SS0123    (0)    6 :  0.124 0.228 0.078 0.110 0.121 0.144 0.194 
356 HI_SS0124    (1)    6 :  0.299 0.081 0.137 0.082 0.224 0.078 0.099 
357 HI_SS0125    (1)    6 :  0.225 0.164 0.189 0.097 0.162 0.064 0.099 
358 HI_SS0126    (0)    6 :  0.191 0.094 0.069 0.047 0.128 0.364 0.107 
359 HI_SS0127    (0)    6 :  0.119 0.080 0.250 0.235 0.078 0.085 0.153 
360 HI_SS0128    (0)    6 :  0.128 0.186 0.087 0.084 0.226 0.129 0.160 
361 HI_SS0129    (1)    6 :  0.085 0.150 0.231 0.142 0.144 0.185 0.063 
362 HI_SS0131    (2)    6 :  0.133 0.095 0.149 0.143 0.050 0.185 0.246 
363 HI_SS0132    (0)    6 :  0.157 0.232 0.112 0.109 0.073 0.151 0.167 
364 HI_SS0133    (1)    6 :  0.062 0.124 0.134 0.094 0.130 0.379 0.077 
365 HI_SS0134    (1)    6 :  0.120 0.117 0.118 0.176 0.126 0.152 0.191 
366 HI_SS0142    (3)    6 :  0.086 0.174 0.134 0.147 0.110 0.111 0.239 
367 HI_SS0145    (0)    6 :  0.103 0.085 0.093 0.124 0.203 0.158 0.232 
368 HI_SS0146    (1)    6 :  0.111 0.066 0.161 0.100 0.161 0.215 0.186 
369 HI_SS0147    (1)    6 :  0.114 0.103 0.336 0.085 0.070 0.096 0.196 
370 HI_SS0149    (1)    6 :  0.084 0.370 0.088 0.052 0.043 0.165 0.198 
371 HI_SS0150    (2)    6 :  0.162 0.146 0.214 0.136 0.166 0.067 0.109 
372 HI_SS0151    (0)    6 :  0.065 0.055 0.171 0.135 0.368 0.119 0.086 
373 NS_SS1451    (1)    6 :  0.221 0.147 0.229 0.086 0.160 0.071 0.086 
374 NS_SS1404    (0)    6 :  0.174 0.120 0.329 0.061 0.074 0.131 0.112 
375 NS_SS1432    (2)    6 :  0.240 0.322 0.082 0.077 0.151 0.073 0.054 
376 NS_SS1405    (4)    6 :  0.338 0.092 0.086 0.078 0.145 0.151 0.111 
377 NS_SS1431   (10)    6 :  0.186 0.309 0.122 0.110 0.122 0.066 0.085 
378 NS_SS1402    (3)    6 :  0.108 0.181 0.107 0.132 0.171 0.147 0.154 
379 NS_SS1450    (3)    6 :  0.066 0.106 0.229 0.132 0.208 0.198 0.061 
380 NS_SS1396    (0)    6 :  0.231 0.154 0.122 0.150 0.100 0.122 0.121 
381 NS_SS1393    (5)    6 :  0.160 0.081 0.106 0.264 0.181 0.132 0.076 
382 NS_SS1392   (10)    6 :  0.178 0.108 0.230 0.078 0.264 0.084 0.059 
383 NS_SS1445    (0)    6 :  0.080 0.182 0.141 0.175 0.067 0.196 0.159 
384 NS_SS1423    (0)    6 :  0.088 0.263 0.063 0.099 0.219 0.163 0.103 
385 NS_SS1421    (9)    6 :  0.081 0.256 0.134 0.151 0.137 0.118 0.123 
386 NS_SS1411    (6)    6 :  0.113 0.055 0.253 0.316 0.073 0.130 0.059 
387 NS_SS1453    (5)    6 :  0.110 0.269 0.120 0.103 0.113 0.204 0.081 
388 NS_SS1442    (2)    6 :  0.126 0.085 0.076 0.351 0.145 0.067 0.151 
389 NS_SS1422    (1)    6 :  0.073 0.125 0.081 0.087 0.303 0.110 0.221 
390 NS_SS1419    (1)    6 :  0.147 0.081 0.130 0.282 0.057 0.072 0.231 
391 NS_SS1427    (0)    6 :  0.071 0.126 0.103 0.079 0.269 0.310 0.042 
392 NS_SS1444    (3)    6 :  0.230 0.072 0.181 0.146 0.099 0.100 0.172 
393 NS_SS1455    (0)    6 :  0.273 0.131 0.047 0.118 0.186 0.068 0.176 
394 NS_SS1425    (2)    6 :  0.062 0.101 0.080 0.336 0.077 0.238 0.106 
395 NS_SS1400    (0)    6 :  0.172 0.081 0.083 0.190 0.062 0.223 0.188 
396 NS_SS1406    (1)    6 :  0.168 0.248 0.055 0.140 0.082 0.049 0.258 
397 NS_SS1417    (6)    6 :  0.109 0.159 0.132 0.122 0.115 0.141 0.223 
398 NS_SS1454    (2)    6 :  0.164 0.249 0.111 0.148 0.036 0.203 0.088 
399 NS_SS1412    (1)    6 :  0.157 0.116 0.195 0.132 0.120 0.188 0.092 
400 NS_SS1438    (1)    6 :  0.054 0.082 0.135 0.313 0.087 0.186 0.143 
401 NS_SS1416    (4)    6 :  0.194 0.176 0.112 0.159 0.084 0.147 0.129 
402 NS_SS1401    (0)    6 :  0.131 0.255 0.079 0.146 0.107 0.143 0.138 
403 NS_SS1424    (6)    6 :  0.070 0.265 0.177 0.081 0.103 0.159 0.145 
404 NS_SS1435    (9)    6 :  0.206 0.166 0.167 0.101 0.171 0.130 0.058 
405 NS_SS1447    (4)    6 :  0.125 0.112 0.216 0.256 0.082 0.067 0.141 
406 NS_SS1414    (3)    6 :  0.246 0.101 0.209 0.104 0.071 0.077 0.191 
407 NS_SS1449   (14)    6 :  0.059 0.193 0.133 0.141 0.296 0.094 0.085 
408 NS_SS1443    (4)    6 :  0.057 0.087 0.063 0.140 0.267 0.243 0.143 
409 NS_SS1434    (1)    6 :  0.123 0.076 0.077 0.109 0.374 0.139 0.102 
410 NS_SS1398    (1)    6 :  0.263 0.142 0.126 0.138 0.138 0.114 0.078 
411 NS_SS1426    (1)    6 :  0.068 0.138 0.122 0.177 0.163 0.238 0.093 
412 NS_SS1413    (0)    6 :  0.116 0.116 0.099 0.103 0.165 0.235 0.165 
413 NS_SS1395    (1)    6 :  0.065 0.164 0.074 0.231 0.192 0.187 0.088 
414 NS_SS1448   (10)    6 :  0.124 0.111 0.340 0.071 0.084 0.205 0.064 
415 NS_SS1446    (0)    6 :  0.059 0.163 0.143 0.127 0.161 0.218 0.129 
416 NS_SS1403    (2)    6 :  0.154 0.305 0.074 0.167 0.138 0.088 0.075 
417 NS_SS1415    (0)    6 :  0.146 0.098 0.121 0.132 0.126 0.257 0.120 
418 NS_SS1437    (4)    6 :  0.164 0.298 0.130 0.104 0.075 0.121 0.108 
419 NS_SS1439    (2)    6 :  0.102 0.095 0.103 0.166 0.144 0.123 0.267 
420 NS_SS1441    (3)    6 :  0.164 0.093 0.055 0.156 0.160 0.207 0.166 
421 NS_SS1420    (2)    6 :  0.138 0.050 0.463 0.088 0.121 0.084 0.058 
422 NS_SS1394    (2)    6 :  0.260 0.146 0.196 0.191 0.071 0.067 0.069 
423 NS_SS1391    (7)    6 :  0.150 0.152 0.072 0.109 0.268 0.177 0.070 
424 NS_SS1410    (5)    6 :  0.147 0.201 0.080 0.147 0.141 0.175 0.108 
425 NS_SS1408    (1)    6 :  0.077 0.231 0.206 0.115 0.118 0.090 0.164 
426 NS_SS1409    (1)    6 :  0.176 0.117 0.067 0.114 0.244 0.168 0.114 
427 HI_SS0617    (1)    7 :  0.108 0.078 0.154 0.060 0.270 0.248 0.083 
428 HI_SS0618    (2)    7 :  0.247 0.096 0.101 0.216 0.170 0.070 0.101 
429 HI_SS0619    (0)    7 :  0.325 0.089 0.101 0.073 0.120 0.194 0.099 
430 HI_SS0620    (1)    7 :  0.054 0.039 0.286 0.118 0.167 0.262 0.075 
431 HI_SS0621    (3)    7 :  0.145 0.167 0.166 0.075 0.160 0.093 0.194 
432 HI_SS0622    (1)    7 :  0.126 0.101 0.213 0.059 0.084 0.164 0.254 
433 HI_SS0626    (0)    7 :  0.158 0.128 0.305 0.171 0.055 0.110 0.073 
434 HI_SS0627    (0)    7 :  0.123 0.315 0.087 0.201 0.138 0.064 0.073 
435 HI_SS0628    (3)    7 :  0.165 0.220 0.126 0.094 0.070 0.250 0.076 
436 HI_SS0629    (1)    7 :  0.171 0.174 0.105 0.129 0.079 0.176 0.166 
437 HI_SS0630    (1)    7 :  0.170 0.076 0.167 0.164 0.138 0.176 0.110 
438 HI_SS0631    (0)    7 :  0.117 0.114 0.203 0.155 0.158 0.162 0.090 
439 HI_SS0632    (0)    7 :  0.099 0.128 0.216 0.241 0.085 0.102 0.128 
440 HI_SS0633    (0)    7 :  0.300 0.057 0.065 0.104 0.243 0.118 0.112 
441 HI_SS0634    (1)    7 :  0.098 0.200 0.228 0.111 0.092 0.166 0.105 
442 HI_SS0635    (0)    7 :  0.248 0.114 0.158 0.129 0.093 0.085 0.173 
443 HI_SS0637    (1)    7 :  0.055 0.133 0.231 0.164 0.066 0.122 0.228 
444 HI_SS0638    (0)    7 :  0.146 0.137 0.159 0.115 0.168 0.141 0.135 
445 HI_SS0639    (1)    7 :  0.161 0.121 0.259 0.097 0.142 0.084 0.137 
446 HI_SS0640    (1)    7 :  0.109 0.091 0.106 0.240 0.178 0.101 0.175 
447 HI_SS0641    (1)    7 :  0.222 0.060 0.155 0.181 0.044 0.226 0.111 
448 HI_SS0642    (0)    7 :  0.112 0.401 0.109 0.107 0.118 0.072 0.081 
449 HI_SS0645    (0)    7 :  0.357 0.062 0.211 0.126 0.091 0.061 0.092 
450 HI_SS0646    (1)    7 :  0.086 0.127 0.102 0.080 0.292 0.141 0.172 
451 HI_SS0647    (1)    7 :  0.129 0.220 0.141 0.086 0.151 0.120 0.153 
452 HI_SS0648    (0)    7 :  0.153 0.116 0.160 0.118 0.155 0.144 0.156 
453 HI_SS0649    (1)    7 :  0.200 0.090 0.073 0.252 0.168 0.100 0.117 
454 HI_SS0650    (1)    7 :  0.119 0.132 0.118 0.148 0.351 0.066 0.067 
455 HI_SS0651    (1)    7 :  0.205 0.086 0.107 0.136 0.192 0.122 0.151 
456 HI_SS0652    (1)    7 :  0.142 0.071 0.406 0.120 0.107 0.068 0.086 
457 NS_SS1371    (3)    7 :  0.126 0.179 0.061 0.130 0.204 0.176 0.124 
458 NS_SS1374    (0)    7 :  0.093 0.213 0.241 0.084 0.072 0.231 0.066 
459 NS_SS1337    (3)    7 :  0.063 0.204 0.394 0.046 0.095 0.072 0.126 
460 NS_SS1385    (5)    7 :  0.152 0.132 0.117 0.107 0.217 0.111 0.164 
461 NS_SS1388    (0)    7 :  0.367 0.112 0.062 0.169 0.069 0.147 0.074 
462 NS_SS1370    (1)    7 :  0.087 0.095 0.440 0.146 0.089 0.052 0.091 
463 NS_SS1389    (3)    7 :  0.386 0.139 0.115 0.125 0.067 0.105 0.063 
464 NS_SS1360    (1)    7 :  0.133 0.083 0.122 0.308 0.080 0.137 0.136 
465 NS_SS1330    (0)    7 :  0.193 0.079 0.165 0.109 0.172 0.068 0.214 
466 NS_SS1328    (8)    7 :  0.067 0.162 0.091 0.073 0.269 0.239 0.100 
467 NS_SS1384    (1)    7 :  0.059 0.143 0.186 0.168 0.121 0.128 0.195 
468 NS_SS1381    (0)    7 :  0.146 0.096 0.105 0.100 0.381 0.048 0.124 
469 NS_SS1375    (1)    7 :  0.299 0.136 0.146 0.062 0.178 0.122 0.057 
470 NS_SS1319   (10)    7 :  0.150 0.191 0.151 0.093 0.128 0.149 0.137 
471 NS_SS1326    (2)    7 :  0.212 0.118 0.072 0.106 0.142 0.279 0.072 
472 NS_SS1341    (1)    7 :  0.051 0.229 0.072 0.330 0.084 0.126 0.107 
473 NS_SS1383    (1)    7 :  0.056 0.366 0.176 0.119 0.101 0.097 0.085 
474 NS_SS1318    (3)    7 :  0.149 0.066 0.198 0.163 0.167 0.117 0.140 
475 NS_SS1348    (2)    7 :  0.048 0.144 0.140 0.196 0.126 0.196 0.151 
476 NS_SS1363    (0)    7 :  0.166 0.147 0.180 0.083 0.096 0.094 0.234 
477 NS_SS1335    (4)    7 :  0.111 0.130 0.102 0.186 0.061 0.158 0.252 
478 NS_SS1358    (0)    7 :  0.032 0.187 0.118 0.139 0.163 0.142 0.219 
479 NS_SS1342    (1)    7 :  0.084 0.266 0.061 0.077 0.106 0.203 0.201 
480 NS_SS1320    (2)    7 :  0.252 0.088 0.062 0.053 0.292 0.043 0.208 
481 NS_SS1355    (1)    7 :  0.092 0.092 0.107 0.229 0.169 0.070 0.240 
482 NS_SS1345    (1)    7 :  0.061 0.068 0.109 0.129 0.143 0.052 0.437 
483 NS_SS1324    (0)    7 :  0.160 0.134 0.105 0.157 0.139 0.189 0.117 
484 NS_SS1347    (5)    7 :  0.151 0.145 0.105 0.154 0.208 0.095 0.141 
485 NS_SS1321    (4)    7 :  0.107 0.221 0.176 0.085 0.072 0.239 0.099 
486 NS_SS1333    (0)    7 :  0.171 0.243 0.111 0.051 0.070 0.295 0.059 
487 NS_SS1364    (1)    7 :  0.078 0.156 0.086 0.301 0.077 0.112 0.189 
488 NS_SS1379    (0)    7 :  0.119 0.113 0.087 0.312 0.223 0.068 0.077 
489 NS_SS1332    (0)    7 :  0.247 0.135 0.056 0.106 0.049 0.297 0.110 
490 NS_SS1338    (5)    7 :  0.090 0.105 0.136 0.357 0.128 0.116 0.068 
491 NS_SS1368    (6)    7 :  0.124 0.175 0.071 0.084 0.048 0.251 0.246 
492 NS_SS1354    (1)    7 :  0.181 0.158 0.095 0.090 0.089 0.131 0.257 
493 NS_SS1365    (0)    7 :  0.157 0.152 0.220 0.105 0.105 0.095 0.167 
494 NS_SS1380    (1)    7 :  0.178 0.108 0.202 0.085 0.064 0.069 0.294 
495 NS_SS1329    (8)    7 :  0.097 0.280 0.054 0.089 0.072 0.198 0.210 
496 NS_SS1362    (0)    7 :  0.074 0.197 0.099 0.124 0.220 0.126 0.162 
497 NS_SS1327    (2)    7 :  0.071 0.120 0.087 0.222 0.113 0.342 0.045 
498 NS_SS1350    (0)    7 :  0.095 0.093 0.125 0.055 0.372 0.188 0.072 
499 NS_SS1387    (2)    7 :  0.272 0.084 0.125 0.278 0.066 0.098 0.077 
500 NS_SS1369    (8)    7 :  0.076 0.116 0.162 0.137 0.073 0.213 0.223 
501 NS_SS1331    (1)    7 :  0.263 0.180 0.169 0.099 0.051 0.166 0.072 
502 NS_SS1357    (4)    7 :  0.078 0.163 0.066 0.067 0.385 0.164 0.077 
503 NS_SS1386    (1)    7 :  0.058 0.253 0.063 0.134 0.050 0.294 0.149 
504 NS_SS1353    (2)    7 :  0.198 0.199 0.109 0.111 0.180 0.112 0.091 
505 NS_SS1323    (0)    7 :  0.127 0.242 0.146 0.061 0.126 0.089 0.210 
506 HI_SS0296    (0)    8 :  0.109 0.061 0.175 0.281 0.157 0.132 0.085 
507 HI_SS0297    (0)    8 :  0.063 0.366 0.092 0.081 0.255 0.080 0.062 
508 HI_SS0299    (0)    8 :  0.043 0.127 0.186 0.222 0.145 0.102 0.175 
509 HI_SS0300    (0)    8 :  0.073 0.070 0.162 0.396 0.110 0.075 0.114 
510 HI_SS0301    (0)    8 :  0.100 0.162 0.244 0.292 0.036 0.067 0.098 
511 HI_SS0302    (0)    8 :  0.100 0.065 0.261 0.195 0.091 0.168 0.122 
512 HI_SS0303    (0)    8 :  0.202 0.079 0.061 0.196 0.140 0.242 0.081 
513 HI_SS0304    (0)    8 :  0.271 0.152 0.174 0.104 0.078 0.150 0.071 
514 HI_SS0306    (5)    8 :  0.069 0.094 0.286 0.115 0.088 0.243 0.105 
515 HI_SS0307    (1)    8 :  0.216 0.108 0.172 0.078 0.092 0.125 0.209 
516 HI_SS0308    (1)    8 :  0.206 0.154 0.072 0.223 0.121 0.070 0.155 
