

----------------------------------------------------
STRUCTURE by Pritchard, Stephens and Donnelly (2000)
     and Falush, Stephens and Pritchard (2003)
       Code by Pritchard, Falush and Hubisz
             Version 2.3.4 (Jul 2012)
----------------------------------------------------



Command line arguments:   /home/genobiwan/Documents/Programs/Structure/structure -m parameter_job_k6_r8 
Input File:    /media/genobiwan/Storage/Projets/Mackerel_NWA_2021/data_job_k6_r8

Run parameters:
   557 individuals
   3930 loci
   6 populations assumed
   100000 Burn-in period
   200000 Reps


--------------------------------------------
Proportion of membership of each pre-defined
 population in each of the 6 clusters

Given    Inferred Clusters                            Number of
 Pop       1      2      3      4      5      6      Individuals

  1:     0.159  0.184  0.173  0.167  0.155  0.162       67
  2:     0.195  0.146  0.149  0.180  0.135  0.194       32
  3:     0.166  0.181  0.160  0.185  0.154  0.154       92
  4:     0.180  0.148  0.192  0.157  0.173  0.149       36
  5:     0.163  0.191  0.155  0.158  0.176  0.157       41
  6:     0.162  0.157  0.174  0.164  0.178  0.165      158
  7:     0.160  0.160  0.173  0.170  0.166  0.170       79
  8:     0.159  0.180  0.162  0.166  0.181  0.152       52
--------------------------------------------

Allele-freq. divergence among pops (Net nucleotide distance),
computed using point estimates of P.

      1       2       3       4       5       6      
 1      -    0.0044  0.0042  0.0050  0.0049  0.0052  
 2   0.0044     -    0.0037  0.0041  0.0050  0.0051  
 3   0.0042  0.0037     -    0.0042  0.0046  0.0048  
 4   0.0050  0.0041  0.0042     -    0.0053  0.0051  
 5   0.0049  0.0050  0.0046  0.0053     -    0.0064  
 6   0.0052  0.0051  0.0048  0.0051  0.0064     -    

Average distances (expected heterozygosity) between individuals in same cluster:
cluster  1  : 0.3125 
cluster  2  : 0.3105 
cluster  3  : 0.3121 
cluster  4  : 0.3096 
cluster  5  : 0.3088 
cluster  6  : 0.3100 

--------------------------------------------
Estimated Ln Prob of Data   = -2071390.6
Mean value of ln likelihood = -2060636.7
Variance of ln likelihood   = 21507.9
Mean value of alpha         = 1.8592

Mean value of Fst_1         = 0.0503
Mean value of Fst_2         = 0.0472
Mean value of Fst_3         = 0.0424
Mean value of Fst_4         = 0.0488
Mean value of Fst_5         = 0.0543
Mean value of Fst_6         = 0.0561


Inferred ancestry of individuals:
        Label (%Miss) Pop:  Inferred clusters
  1 NS_SS0963    (4)    1 :  0.166 0.224 0.259 0.156 0.092 0.104 
  2 NS_SS0983    (1)    1 :  0.240 0.173 0.126 0.130 0.281 0.050 
  3 NS_SS0719    (8)    1 :  0.186 0.119 0.235 0.204 0.140 0.117 
  4 NS_SS1001    (8)    1 :  0.131 0.186 0.069 0.202 0.101 0.311 
  5 NS_SS0936    (4)    1 :  0.200 0.232 0.197 0.067 0.099 0.205 
  6 NS_SS0955    (5)    1 :  0.183 0.233 0.147 0.184 0.190 0.063 
  7 NS_SS0944    (3)    1 :  0.134 0.276 0.099 0.148 0.201 0.142 
  8 NS_SS0945    (3)    1 :  0.089 0.157 0.124 0.092 0.232 0.308 
  9 NS_SS0922    (2)    1 :  0.138 0.123 0.180 0.178 0.087 0.295 
 10 NS_SS0929    (7)    1 :  0.207 0.214 0.175 0.116 0.197 0.091 
 11 NS_SS0956    (2)    1 :  0.122 0.128 0.099 0.364 0.081 0.205 
 12 NS_SS0906    (3)    1 :  0.121 0.307 0.142 0.114 0.202 0.112 
 13 NS_SS0721    (6)    1 :  0.183 0.093 0.154 0.367 0.116 0.086 
 14 NS_SS0982    (4)    1 :  0.126 0.205 0.218 0.208 0.109 0.133 
 15 NS_SS0923    (5)    1 :  0.166 0.201 0.168 0.149 0.114 0.201 
 16 NS_SS0905    (6)    1 :  0.201 0.219 0.105 0.189 0.133 0.154 
 17 NS_SS0925    (3)    1 :  0.285 0.256 0.110 0.185 0.064 0.100 
 18 NS_SS0947    (5)    1 :  0.210 0.235 0.163 0.101 0.107 0.183 
 19 NS_SS0926    (2)    1 :  0.071 0.143 0.297 0.095 0.302 0.092 
 20 NS_SS0918    (6)    1 :  0.077 0.383 0.132 0.177 0.094 0.137 
 21 NS_SS0966    (4)    1 :  0.171 0.264 0.193 0.118 0.106 0.148 
 22 NS_SS0938    (2)    1 :  0.118 0.107 0.361 0.092 0.090 0.232 
 23 NS_SS0917    (2)    1 :  0.270 0.062 0.212 0.134 0.179 0.142 
 24 NS_SS0957   (11)    1 :  0.118 0.155 0.152 0.286 0.129 0.160 
 25 NS_SS0987    (1)    1 :  0.075 0.145 0.123 0.397 0.144 0.117 
 26 NS_SS0717    (4)    1 :  0.135 0.205 0.068 0.209 0.098 0.284 
 27 NS_SS0986    (2)    1 :  0.062 0.181 0.178 0.211 0.219 0.149 
 28 NS_SS0953    (4)    1 :  0.204 0.301 0.063 0.156 0.100 0.176 
 29 NS_SS0907    (3)    1 :  0.137 0.351 0.150 0.112 0.144 0.105 
 30 NS_SS0974    (6)    1 :  0.255 0.204 0.115 0.082 0.167 0.177 
 31 NS_SS0989    (1)    1 :  0.267 0.066 0.234 0.101 0.236 0.096 
 32 NS_SS0991    (2)    1 :  0.064 0.296 0.080 0.250 0.246 0.064 
 33 NS_SS0994    (2)    1 :  0.125 0.099 0.096 0.072 0.427 0.180 
 34 NS_SS0931    (6)    1 :  0.067 0.206 0.195 0.166 0.286 0.080 
 35 NS_SS1000    (5)    1 :  0.098 0.211 0.154 0.087 0.125 0.325 
 36 NS_SS0919    (1)    1 :  0.151 0.205 0.340 0.084 0.151 0.070 
 37 NS_SS0949    (3)    1 :  0.239 0.093 0.180 0.149 0.255 0.084 
 38 NS_SS0960   (10)    1 :  0.209 0.192 0.135 0.199 0.191 0.073 
 39 NS_SS0716    (2)    1 :  0.060 0.058 0.104 0.283 0.120 0.375 
 40 NS_SS0924    (8)    1 :  0.211 0.219 0.156 0.177 0.165 0.073 
 41 NS_SS0935    (1)    1 :  0.168 0.162 0.077 0.256 0.250 0.086 
 42 NS_SS0952   (13)    1 :  0.136 0.249 0.165 0.100 0.250 0.101 
 43 NS_SS0962   (10)    1 :  0.071 0.111 0.333 0.155 0.113 0.218 
 44 NS_SS0973    (5)    1 :  0.312 0.264 0.110 0.139 0.099 0.075 
 45 NS_SS0722    (1)    1 :  0.127 0.253 0.062 0.081 0.077 0.399 
 46 NS_SS0979   (13)    1 :  0.100 0.180 0.200 0.247 0.097 0.175 
 47 NS_SS0993    (2)    1 :  0.216 0.267 0.137 0.153 0.071 0.156 
 48 NS_SS0958    (1)    1 :  0.113 0.155 0.131 0.132 0.288 0.181 
 49 NS_SS0988    (4)    1 :  0.084 0.204 0.295 0.118 0.197 0.102 
 50 NS_SS1003    (2)    1 :  0.062 0.130 0.429 0.248 0.060 0.070 
 51 NS_SS0976    (0)    1 :  0.102 0.205 0.224 0.130 0.246 0.093 
 52 NS_SS0964   (10)    1 :  0.144 0.122 0.085 0.224 0.082 0.342 
 53 NS_SS0939    (4)    1 :  0.088 0.052 0.145 0.284 0.078 0.353 
 54 NS_SS0990    (6)    1 :  0.060 0.073 0.244 0.115 0.249 0.259 
 55 NS_SS0984    (2)    1 :  0.143 0.157 0.164 0.118 0.081 0.336 
 56 NS_SS0980    (9)    1 :  0.385 0.235 0.095 0.077 0.068 0.140 
 57 NS_SS0978    (4)    1 :  0.170 0.170 0.216 0.110 0.107 0.227 
 58 NS_SS0951   (17)    1 :  0.077 0.236 0.078 0.285 0.223 0.101 
 59 NS_SS0913    (3)    1 :  0.092 0.145 0.109 0.271 0.127 0.256 
 60 NS_SS1002    (1)    1 :  0.097 0.195 0.469 0.068 0.070 0.102 
 61 NS_SS0948    (1)    1 :  0.123 0.275 0.178 0.141 0.169 0.114 
 62 NS_SS0916    (4)    1 :  0.404 0.075 0.175 0.137 0.103 0.106 
 63 NS_SS0995    (1)    1 :  0.397 0.096 0.134 0.174 0.075 0.124 
 64 NS_SS0927    (6)    1 :  0.264 0.093 0.204 0.097 0.203 0.139 
 65 NS_SS0992    (5)    1 :  0.291 0.115 0.218 0.075 0.144 0.156 
 66 NS_SS0912    (1)    1 :  0.059 0.143 0.175 0.265 0.239 0.118 
 67 NS_SS0981    (1)    1 :  0.070 0.242 0.275 0.203 0.096 0.114 
 68 NS_SS0729    (5)    2 :  0.356 0.168 0.097 0.055 0.255 0.069 
 69 NS_SS0967   (14)    2 :  0.186 0.226 0.274 0.109 0.086 0.119 
 70 NS_SS0941    (7)    2 :  0.194 0.110 0.171 0.156 0.115 0.254 
 71 NS_SS0768   (12)    2 :  0.083 0.173 0.157 0.282 0.146 0.158 
 72 NS_SS0726    (4)    2 :  0.348 0.114 0.213 0.065 0.166 0.095 
 73 NS_SS0763    (4)    2 :  0.178 0.167 0.146 0.125 0.206 0.178 
 74 NS_SS0730    (6)    2 :  0.181 0.118 0.204 0.176 0.101 0.220 
 75 NS_SS0774    (1)    2 :  0.268 0.167 0.126 0.081 0.072 0.286 
 76 NS_SS0723    (3)    2 :  0.235 0.187 0.221 0.143 0.055 0.160 
 77 NS_SS0940    (9)    2 :  0.192 0.086 0.176 0.168 0.193 0.186 
 78 NS_SS0762    (1)    2 :  0.165 0.165 0.078 0.157 0.057 0.379 
 79 NS_SS0766   (11)    2 :  0.198 0.074 0.091 0.187 0.162 0.288 
 80 NS_SS0724    (1)    2 :  0.142 0.245 0.098 0.255 0.103 0.157 
 81 NS_SS0769    (3)    2 :  0.114 0.129 0.267 0.160 0.141 0.189 
 82 NS_SS0777    (2)    2 :  0.079 0.195 0.180 0.179 0.252 0.116 
 83 NS_SS0734    (6)    2 :  0.160 0.104 0.125 0.263 0.176 0.172 
 84 NS_SS0737    (3)    2 :  0.245 0.087 0.110 0.114 0.068 0.375 
 85 NS_SS0732    (5)    2 :  0.206 0.164 0.094 0.366 0.077 0.094 
 86 NS_SS0728    (5)    2 :  0.291 0.116 0.111 0.196 0.112 0.175 
 87 NS_SS0735    (9)    2 :  0.248 0.180 0.062 0.192 0.094 0.224 
 88 NS_SS0725    (1)    2 :  0.077 0.116 0.183 0.157 0.120 0.347 
 89 NS_SS0788    (2)    2 :  0.185 0.098 0.330 0.142 0.141 0.105 
 90 NS_SS0778    (2)    2 :  0.187 0.122 0.260 0.170 0.181 0.080 
 91 NS_SS0792    (6)    2 :  0.310 0.149 0.100 0.250 0.107 0.084 
 92 NS_SS0943   (11)    2 :  0.102 0.281 0.096 0.187 0.268 0.067 
 93 NS_SS0791    (2)    2 :  0.375 0.070 0.104 0.232 0.129 0.089 
 94 NS_SS0790    (5)    2 :  0.088 0.247 0.104 0.300 0.047 0.213 
 95 NS_SS0731    (6)    2 :  0.071 0.141 0.118 0.326 0.110 0.234 
 96 NS_SS0727    (6)    2 :  0.293 0.099 0.053 0.082 0.207 0.267 
 97 NS_SS0779   (12)    2 :  0.176 0.180 0.170 0.177 0.153 0.145 
 98 NS_SS0776    (3)    2 :  0.121 0.104 0.166 0.145 0.156 0.307 
 99 NS_SS0775    (5)    2 :  0.196 0.092 0.100 0.175 0.074 0.363 
100 NS_SS0965    (3)    3 :  0.127 0.207 0.197 0.273 0.109 0.086 
101 NS_SS0754   (13)    3 :  0.234 0.101 0.122 0.274 0.192 0.076 
102 NS_SS0838    (5)    3 :  0.167 0.166 0.179 0.107 0.173 0.208 
103 NS_SS0839    (3)    3 :  0.191 0.130 0.172 0.175 0.065 0.267 
104 NS_SS0832    (4)    3 :  0.104 0.301 0.159 0.203 0.057 0.175 
105 NS_SS0820    (4)    3 :  0.138 0.138 0.277 0.261 0.060 0.125 
106 NS_SS0886    (9)    3 :  0.184 0.117 0.166 0.218 0.202 0.114 
107 NS_SS0748    (5)    3 :  0.130 0.271 0.159 0.148 0.186 0.105 
108 NS_SS0884    (9)    3 :  0.239 0.177 0.135 0.164 0.145 0.141 
109 NS_SS0752    (3)    3 :  0.241 0.148 0.158 0.118 0.120 0.214 
110 NS_SS0862    (1)    3 :  0.204 0.185 0.099 0.379 0.059 0.074 
111 NS_SS0787    (9)    3 :  0.117 0.115 0.113 0.119 0.430 0.106 
112 NS_SS0843    (6)    3 :  0.218 0.199 0.126 0.197 0.117 0.143 
113 NS_SS0856    (4)    3 :  0.263 0.057 0.189 0.110 0.132 0.250 
114 NS_SS0846    (2)    3 :  0.186 0.278 0.198 0.063 0.155 0.120 
115 NS_SS0825    (1)    3 :  0.088 0.138 0.319 0.198 0.165 0.092 
116 NS_SS0757    (3)    3 :  0.127 0.204 0.114 0.268 0.187 0.099 
117 NS_SS0876    (3)    3 :  0.189 0.178 0.129 0.197 0.106 0.202 
118 NS_SS0903    (9)    3 :  0.399 0.227 0.125 0.077 0.053 0.119 
119 NS_SS0875    (7)    3 :  0.105 0.126 0.211 0.163 0.163 0.232 
120 NS_SS0740    (5)    3 :  0.174 0.223 0.111 0.195 0.115 0.181 
121 NS_SS0811    (5)    3 :  0.111 0.150 0.096 0.369 0.071 0.202 
122 NS_SS0751    (1)    3 :  0.128 0.098 0.249 0.123 0.138 0.264 
123 NS_SS0891    (6)    3 :  0.103 0.136 0.196 0.145 0.149 0.270 
124 NS_SS0867    (2)    3 :  0.120 0.322 0.170 0.175 0.163 0.050 
125 NS_SS0890    (6)    3 :  0.245 0.195 0.163 0.127 0.120 0.151 
126 NS_SS0866   (11)    3 :  0.155 0.103 0.122 0.123 0.371 0.126 
127 NS_SS0755    (4)    3 :  0.152 0.213 0.170 0.222 0.104 0.138 
128 NS_SS0758    (4)    3 :  0.278 0.178 0.130 0.128 0.115 0.171 
129 NS_SS0840    (2)    3 :  0.132 0.220 0.236 0.167 0.059 0.186 
130 NS_SS0889    (4)    3 :  0.097 0.136 0.104 0.234 0.320 0.108 
131 NS_SS1010    (1)    3 :  0.131 0.161 0.302 0.134 0.127 0.145 
132 NS_SS0888    (5)    3 :  0.355 0.075 0.069 0.153 0.238 0.110 
133 NS_SS0837    (3)    3 :  0.131 0.253 0.119 0.304 0.083 0.110 
134 NS_SS0794    (9)    3 :  0.235 0.101 0.075 0.143 0.244 0.203 
135 NS_SS0823    (4)    3 :  0.136 0.307 0.152 0.114 0.084 0.207 
136 NS_SS0829    (7)    3 :  0.084 0.215 0.079 0.200 0.354 0.068 
137 NS_SS0844    (5)    3 :  0.214 0.468 0.107 0.109 0.044 0.058 
138 NS_SS1008    (5)    3 :  0.148 0.124 0.078 0.125 0.260 0.264 
139 NS_SS0881    (3)    3 :  0.113 0.105 0.325 0.141 0.182 0.134 
140 NS_SS0834    (6)    3 :  0.096 0.124 0.203 0.109 0.096 0.372 
141 NS_SS0744   (10)    3 :  0.260 0.163 0.202 0.167 0.122 0.086 
142 NS_SS0899    (7)    3 :  0.073 0.227 0.085 0.317 0.088 0.210 
143 NS_SS0804    (4)    3 :  0.150 0.209 0.179 0.257 0.052 0.154 
144 NS_SS0781   (10)    3 :  0.105 0.239 0.266 0.118 0.077 0.195 
145 NS_SS0822    (6)    3 :  0.187 0.236 0.075 0.136 0.178 0.188 
146 NS_SS1004    (4)    3 :  0.165 0.292 0.153 0.167 0.100 0.123 
147 NS_SS0746    (5)    3 :  0.098 0.330 0.143 0.086 0.185 0.158 
148 NS_SS0880    (3)    3 :  0.140 0.266 0.161 0.145 0.105 0.182 
149 NS_SS0879    (4)    3 :  0.137 0.185 0.108 0.181 0.135 0.254 
150 NS_SS0753    (2)    3 :  0.157 0.221 0.091 0.242 0.212 0.078 
151 NS_SS1007    (2)    3 :  0.318 0.064 0.222 0.077 0.115 0.204 
152 NS_SS0872    (5)    3 :  0.201 0.173 0.203 0.130 0.088 0.206 
153 NS_SS1005    (7)    3 :  0.111 0.310 0.172 0.094 0.118 0.195 
154 NS_SS0892    (6)    3 :  0.121 0.170 0.168 0.181 0.166 0.194 
155 NS_SS0898    (0)    3 :  0.108 0.201 0.155 0.172 0.225 0.139 
156 NS_SS0801    (9)    3 :  0.099 0.218 0.135 0.260 0.158 0.129 
157 NS_SS0827    (8)    3 :  0.121 0.134 0.156 0.292 0.178 0.119 
158 NS_SS0853    (6)    3 :  0.158 0.126 0.086 0.312 0.185 0.134 
159 NS_SS0780    (2)    3 :  0.160 0.134 0.243 0.213 0.087 0.163 
160 NS_SS0826   (10)    3 :  0.052 0.265 0.332 0.087 0.180 0.084 
161 NS_SS0818    (5)    3 :  0.159 0.153 0.217 0.200 0.069 0.203 
162 NS_SS0745    (1)    3 :  0.036 0.050 0.107 0.215 0.092 0.498 
163 NS_SS0849    (3)    3 :  0.059 0.151 0.155 0.399 0.128 0.109 
164 NS_SS0739    (3)    3 :  0.216 0.065 0.245 0.211 0.116 0.147 
165 NS_SS0799    (1)    3 :  0.384 0.132 0.058 0.162 0.148 0.116 
166 NS_SS0756    (2)    3 :  0.092 0.315 0.242 0.166 0.077 0.107 
167 NS_SS0802    (2)    3 :  0.215 0.115 0.272 0.082 0.186 0.131 
168 NS_SS0747    (6)    3 :  0.198 0.229 0.204 0.123 0.128 0.117 
169 NS_SS0835    (1)    3 :  0.208 0.126 0.190 0.078 0.300 0.098 
170 NS_SS0742   (18)    3 :  0.265 0.183 0.194 0.168 0.077 0.112 
171 NS_SS0760    (9)    3 :  0.131 0.151 0.128 0.110 0.347 0.133 
172 NS_SS0803    (4)    3 :  0.322 0.399 0.057 0.088 0.050 0.085 
173 NS_SS0828   (13)    3 :  0.168 0.138 0.109 0.290 0.156 0.139 
174 NS_SS0865    (2)    3 :  0.148 0.157 0.272 0.239 0.120 0.064 
175 NS_SS0759    (4)    3 :  0.133 0.155 0.153 0.218 0.090 0.252 
176 NS_SS0851    (5)    3 :  0.052 0.100 0.119 0.440 0.093 0.197 
177 NS_SS0874   (16)    3 :  0.138 0.378 0.106 0.121 0.094 0.163 
178 NS_SS0761    (6)    3 :  0.114 0.212 0.143 0.187 0.280 0.065 
179 NS_SS0842   (25)    3 :  0.129 0.179 0.120 0.131 0.248 0.193 
180 NS_SS0785    (6)    3 :  0.222 0.222 0.119 0.148 0.181 0.108 
181 NS_SS0860   (11)    3 :  0.168 0.148 0.165 0.098 0.329 0.093 
182 NS_SS0897    (7)    3 :  0.148 0.100 0.087 0.184 0.380 0.100 
183 NS_SS0841   (14)    3 :  0.081 0.173 0.113 0.288 0.083 0.261 
184 NS_SS0797    (6)    3 :  0.105 0.167 0.171 0.273 0.205 0.080 
185 NS_SS0830   (10)    3 :  0.135 0.151 0.205 0.233 0.158 0.117 
186 NS_SS1011    (5)    3 :  0.114 0.185 0.342 0.186 0.077 0.096 
187 NS_SS0883    (5)    3 :  0.266 0.153 0.094 0.272 0.137 0.079 
188 NS_SS0782    (2)    3 :  0.238 0.137 0.096 0.103 0.167 0.259 
189 NS_SS0831    (5)    3 :  0.140 0.125 0.083 0.286 0.283 0.083 
190 NS_SS0749    (7)    3 :  0.229 0.093 0.128 0.261 0.157 0.132 
191 NS_SS0854    (2)    3 :  0.353 0.119 0.091 0.131 0.120 0.186 
192 HI_SS0193    (0)    4 :  0.132 0.088 0.128 0.210 0.244 0.197 
193 HI_SS0194    (0)    4 :  0.070 0.138 0.191 0.077 0.162 0.363 
194 HI_SS0195    (9)    4 :  0.113 0.078 0.219 0.331 0.071 0.189 
195 HI_SS0196    (6)    4 :  0.236 0.111 0.097 0.104 0.174 0.278 
196 HI_SS0197    (3)    4 :  0.097 0.087 0.555 0.065 0.091 0.105 
197 HI_SS0198    (1)    4 :  0.191 0.109 0.129 0.285 0.190 0.097 
198 HI_SS0199    (1)    4 :  0.416 0.103 0.086 0.101 0.151 0.143 
199 HI_SS0201    (4)    4 :  0.157 0.205 0.109 0.187 0.300 0.043 
200 HI_SS0215    (1)    4 :  0.144 0.180 0.185 0.161 0.270 0.059 
201 HI_SS0218    (1)    4 :  0.243 0.072 0.064 0.186 0.306 0.129 
202 HI_SS0222    (0)    4 :  0.167 0.069 0.214 0.204 0.148 0.198 
203 HI_SS0230    (1)    4 :  0.070 0.178 0.338 0.155 0.123 0.137 
204 HI_SS0234    (1)    4 :  0.341 0.131 0.228 0.061 0.110 0.130 
205 HI_SS0240    (1)    4 :  0.391 0.079 0.109 0.137 0.081 0.202 
206 HI_SS0241    (0)    4 :  0.224 0.162 0.155 0.157 0.214 0.089 
207 HI_SS0242    (0)    4 :  0.176 0.246 0.129 0.181 0.160 0.108 
208 HI_SS0247    (0)    4 :  0.065 0.371 0.165 0.136 0.145 0.118 
209 HI_SS0248    (1)    4 :  0.227 0.194 0.052 0.070 0.249 0.207 
210 HI_SS0252    (2)    4 :  0.181 0.202 0.080 0.196 0.098 0.243 
211 HI_SS0254    (1)    4 :  0.149 0.175 0.307 0.090 0.181 0.098 
212 HI_SS0256    (0)    4 :  0.150 0.202 0.228 0.175 0.036 0.209 
213 HI_SS0257    (0)    4 :  0.207 0.244 0.185 0.057 0.234 0.073 
214 HI_SS0258    (1)    4 :  0.152 0.165 0.096 0.157 0.287 0.144 
215 HI_SS0259    (1)    4 :  0.135 0.085 0.310 0.144 0.104 0.223 
216 HI_SS0260    (1)    4 :  0.252 0.101 0.090 0.100 0.250 0.208 
217 HI_SS0261    (2)    4 :  0.106 0.232 0.261 0.068 0.182 0.152 
218 HI_SS0262    (0)    4 :  0.238 0.102 0.163 0.276 0.087 0.133 
219 HI_SS0264    (1)    4 :  0.054 0.141 0.263 0.155 0.157 0.229 
220 HI_SS0265    (0)    4 :  0.119 0.124 0.295 0.227 0.110 0.125 
221 HI_SS0268    (1)    4 :  0.111 0.057 0.261 0.181 0.203 0.186 
222 HI_SS0269    (1)    4 :  0.300 0.122 0.184 0.056 0.281 0.057 
223 HI_SS0273    (0)    4 :  0.151 0.207 0.195 0.125 0.237 0.085 
224 HI_SS0277    (1)    4 :  0.128 0.142 0.464 0.113 0.093 0.059 
225 HI_SS0280    (0)    4 :  0.150 0.074 0.151 0.299 0.137 0.189 
226 HI_SS0282    (1)    4 :  0.170 0.247 0.100 0.175 0.205 0.103 
227 HI_SS0286    (1)    4 :  0.256 0.106 0.144 0.256 0.170 0.068 
228 NS_SS1252    (3)    5 :  0.200 0.153 0.068 0.118 0.371 0.090 
229 NS_SS1261    (1)    5 :  0.230 0.159 0.200 0.142 0.160 0.109 
230 NS_SS1225    (9)    5 :  0.127 0.359 0.139 0.102 0.198 0.074 
231 NS_SS1266    (1)    5 :  0.131 0.435 0.114 0.131 0.061 0.129 
232 NS_SS1228    (0)    5 :  0.177 0.097 0.147 0.384 0.086 0.109 
233 NS_SS1255    (2)    5 :  0.141 0.142 0.080 0.070 0.150 0.416 
234 NS_SS1267    (3)    5 :  0.197 0.067 0.118 0.162 0.382 0.075 
235 NS_SS1238    (6)    5 :  0.090 0.100 0.234 0.182 0.231 0.164 
236 NS_SS1233    (8)    5 :  0.042 0.436 0.100 0.121 0.102 0.199 
237 NS_SS1277    (3)    5 :  0.228 0.077 0.097 0.134 0.239 0.225 
238 NS_SS1245    (1)    5 :  0.106 0.310 0.118 0.079 0.213 0.175 
239 NS_SS1240    (4)    5 :  0.190 0.101 0.171 0.069 0.378 0.090 
240 NS_SS1275    (2)    5 :  0.109 0.141 0.368 0.190 0.052 0.140 
241 NS_SS1235    (1)    5 :  0.256 0.224 0.141 0.051 0.115 0.213 
242 NS_SS1263    (1)    5 :  0.090 0.322 0.091 0.116 0.090 0.291 
243 NS_SS1251    (1)    5 :  0.095 0.357 0.173 0.102 0.095 0.178 
244 NS_SS1248    (0)    5 :  0.051 0.088 0.121 0.456 0.184 0.101 
245 NS_SS1244    (0)    5 :  0.159 0.202 0.330 0.143 0.111 0.056 
246 NS_SS1257    (0)    5 :  0.210 0.127 0.117 0.157 0.252 0.138 
247 NS_SS1242    (2)    5 :  0.073 0.181 0.154 0.141 0.114 0.337 
248 NS_SS1271    (6)    5 :  0.269 0.086 0.114 0.139 0.325 0.067 
249 NS_SS1265    (1)    5 :  0.066 0.157 0.176 0.109 0.343 0.149 
250 NS_SS1243    (0)    5 :  0.118 0.116 0.077 0.327 0.119 0.242 
251 NS_SS1273    (1)    5 :  0.097 0.164 0.149 0.132 0.089 0.369 
252 NS_SS1254   (14)    5 :  0.129 0.369 0.092 0.131 0.089 0.189 
253 NS_SS1224    (1)    5 :  0.132 0.266 0.121 0.247 0.082 0.152 
254 NS_SS1227    (8)    5 :  0.224 0.106 0.232 0.078 0.230 0.130 
255 NS_SS1274    (8)    5 :  0.213 0.138 0.111 0.178 0.204 0.157 
256 NS_SS1241    (1)    5 :  0.213 0.220 0.126 0.147 0.190 0.103 
257 NS_SS1256    (3)    5 :  0.077 0.310 0.203 0.065 0.199 0.145 
258 NS_SS1260    (8)    5 :  0.363 0.120 0.101 0.108 0.223 0.085 
259 NS_SS1262    (0)    5 :  0.183 0.247 0.154 0.176 0.173 0.065 
260 NS_SS1230    (0)    5 :  0.095 0.161 0.151 0.161 0.225 0.208 
261 NS_SS1270    (2)    5 :  0.061 0.284 0.156 0.301 0.111 0.088 
262 NS_SS1229    (2)    5 :  0.301 0.126 0.254 0.045 0.076 0.197 
263 NS_SS1246    (5)    5 :  0.255 0.084 0.218 0.089 0.243 0.111 
264 NS_SS1269    (0)    5 :  0.182 0.166 0.142 0.208 0.113 0.190 
265 NS_SS1239    (1)    5 :  0.350 0.081 0.085 0.283 0.062 0.138 
266 NS_SS1272    (4)    5 :  0.081 0.155 0.470 0.086 0.111 0.097 
267 NS_SS1268    (1)    5 :  0.062 0.288 0.078 0.351 0.094 0.126 
268 NS_SS1249    (0)    5 :  0.291 0.127 0.072 0.083 0.312 0.115 
269 HI_SS0559    (0)    6 :  0.150 0.167 0.072 0.268 0.158 0.186 
270 HI_SS0563    (1)    6 :  0.267 0.208 0.164 0.137 0.128 0.095 
271 HI_SS0564    (0)    6 :  0.143 0.191 0.210 0.189 0.137 0.130 
272 HI_SS0565    (0)    6 :  0.115 0.182 0.282 0.102 0.212 0.107 
273 HI_SS0569    (0)    6 :  0.083 0.350 0.125 0.125 0.264 0.054 
274 HI_SS0570    (0)    6 :  0.168 0.070 0.152 0.172 0.310 0.129 
275 HI_SS0572    (1)    6 :  0.269 0.157 0.145 0.078 0.071 0.280 
276 HI_SS0576    (0)    6 :  0.121 0.106 0.165 0.302 0.096 0.211 
277 HI_SS0579    (1)    6 :  0.204 0.383 0.071 0.086 0.173 0.083 
278 HI_SS0580    (1)    6 :  0.216 0.109 0.082 0.140 0.220 0.233 
279 HI_SS0581    (0)    6 :  0.104 0.084 0.366 0.250 0.076 0.121 
280 HI_SS0583    (1)    6 :  0.169 0.182 0.110 0.067 0.276 0.196 
281 HI_SS0586    (1)    6 :  0.093 0.096 0.115 0.187 0.400 0.110 
282 HI_SS0588    (1)    6 :  0.196 0.249 0.089 0.134 0.209 0.123 
283 HI_SS0595    (4)    6 :  0.124 0.119 0.337 0.070 0.215 0.134 
284 HI_SS0596    (0)    6 :  0.208 0.148 0.072 0.089 0.079 0.403 
285 HI_SS0597    (1)    6 :  0.131 0.180 0.220 0.072 0.102 0.295 
286 HI_SS0600    (0)    6 :  0.351 0.099 0.220 0.132 0.126 0.071 
287 HI_SS0601    (1)    6 :  0.176 0.248 0.211 0.189 0.135 0.041 
288 HI_SS0602    (1)    6 :  0.114 0.093 0.089 0.293 0.254 0.157 
289 HI_SS0604    (0)    6 :  0.082 0.263 0.086 0.216 0.159 0.194 
290 HI_SS0605    (1)    6 :  0.237 0.113 0.082 0.297 0.178 0.093 
291 HI_SS0608    (0)    6 :  0.103 0.106 0.119 0.213 0.181 0.278 
292 HI_SS0609    (0)    6 :  0.118 0.322 0.193 0.080 0.094 0.193 
293 HI_SS0611    (5)    6 :  0.135 0.094 0.085 0.299 0.279 0.109 
294 HI_SS0612    (1)    6 :  0.292 0.380 0.090 0.045 0.111 0.082 
295 HI_SS0613    (1)    6 :  0.095 0.141 0.096 0.396 0.139 0.133 
296 HI_SS0615    (0)    6 :  0.235 0.085 0.185 0.210 0.059 0.226 
297 HI_SS0001    (1)    6 :  0.176 0.092 0.191 0.081 0.195 0.266 
298 HI_SS0002    (1)    6 :  0.116 0.272 0.205 0.113 0.086 0.207 
299 HI_SS0004    (0)    6 :  0.143 0.081 0.100 0.162 0.285 0.228 
300 HI_SS0005    (1)    6 :  0.098 0.084 0.201 0.388 0.113 0.115 
301 HI_SS0006    (1)    6 :  0.133 0.241 0.200 0.083 0.239 0.103 
302 HI_SS0007    (1)    6 :  0.143 0.076 0.057 0.354 0.248 0.121 
303 HI_SS0008    (0)    6 :  0.126 0.157 0.275 0.198 0.132 0.112 
304 HI_SS0009    (0)    6 :  0.206 0.122 0.062 0.278 0.089 0.243 
305 HI_SS0010    (1)    6 :  0.140 0.143 0.164 0.245 0.185 0.124 
306 HI_SS0011    (1)    6 :  0.046 0.343 0.245 0.141 0.112 0.113 
307 HI_SS0012    (0)    6 :  0.346 0.096 0.260 0.171 0.045 0.082 
308 HI_SS0017    (1)    6 :  0.113 0.121 0.140 0.114 0.119 0.391 
309 HI_SS0021    (1)    6 :  0.088 0.111 0.240 0.105 0.304 0.153 
310 HI_SS0024    (1)    6 :  0.180 0.077 0.248 0.191 0.095 0.209 
311 HI_SS0025    (1)    6 :  0.133 0.164 0.083 0.175 0.104 0.342 
312 HI_SS0027    (0)    6 :  0.150 0.222 0.068 0.237 0.220 0.103 
313 HI_SS0028    (0)    6 :  0.055 0.081 0.330 0.279 0.061 0.194 
314 HI_SS0029    (1)    6 :  0.187 0.063 0.166 0.104 0.200 0.280 
315 HI_SS0030    (2)    6 :  0.228 0.159 0.152 0.190 0.156 0.115 
316 HI_SS0031    (0)    6 :  0.309 0.176 0.253 0.078 0.077 0.108 
317 HI_SS0034    (0)    6 :  0.185 0.241 0.089 0.091 0.272 0.121 
318 HI_SS0036    (0)    6 :  0.102 0.039 0.253 0.197 0.317 0.091 
319 HI_SS0037    (1)    6 :  0.094 0.137 0.082 0.216 0.339 0.131 
320 HI_SS0039    (0)    6 :  0.101 0.086 0.169 0.292 0.235 0.116 
321 HI_SS0041    (1)    6 :  0.127 0.077 0.146 0.348 0.101 0.201 
322 HI_SS0042    (1)    6 :  0.111 0.151 0.248 0.149 0.092 0.248 
323 HI_SS0043    (1)    6 :  0.157 0.085 0.194 0.138 0.369 0.057 
324 HI_SS0044    (1)    6 :  0.238 0.061 0.086 0.079 0.214 0.322 
325 HI_SS0047    (1)    6 :  0.147 0.175 0.153 0.215 0.093 0.218 
326 HI_SS0049    (0)    6 :  0.086 0.198 0.094 0.120 0.142 0.359 
327 HI_SS0051    (1)    6 :  0.138 0.227 0.085 0.361 0.119 0.070 
328 HI_SS0053    (1)    6 :  0.137 0.140 0.260 0.107 0.278 0.078 
329 HI_SS0054    (4)    6 :  0.085 0.298 0.107 0.156 0.301 0.053 
330 HI_SS0057    (0)    6 :  0.068 0.155 0.198 0.258 0.154 0.168 
331 HI_SS0058    (0)    6 :  0.128 0.185 0.077 0.127 0.288 0.195 
332 HI_SS0060    (0)    6 :  0.147 0.156 0.248 0.255 0.130 0.063 
333 HI_SS0087    (1)    6 :  0.120 0.217 0.247 0.102 0.190 0.125 
334 HI_SS0091    (0)    6 :  0.161 0.132 0.257 0.068 0.317 0.065 
335 HI_SS0095    (1)    6 :  0.281 0.146 0.209 0.146 0.138 0.081 
336 HI_SS0097    (3)    6 :  0.217 0.415 0.107 0.111 0.090 0.060 
337 HI_SS0099    (0)    6 :  0.103 0.120 0.124 0.154 0.153 0.346 
338 HI_SS0103    (0)    6 :  0.222 0.130 0.196 0.088 0.131 0.233 
339 HI_SS0105    (1)    6 :  0.124 0.183 0.324 0.174 0.121 0.075 
340 HI_SS0107    (1)    6 :  0.198 0.152 0.173 0.094 0.069 0.315 
341 HI_SS0108    (1)    6 :  0.160 0.131 0.105 0.108 0.419 0.077 
342 HI_SS0110    (0)    6 :  0.215 0.094 0.360 0.073 0.144 0.114 
343 HI_SS0111    (1)    6 :  0.257 0.088 0.253 0.176 0.125 0.101 
344 HI_SS0112    (0)    6 :  0.166 0.097 0.124 0.102 0.408 0.103 
345 HI_SS0113    (1)    6 :  0.088 0.153 0.232 0.110 0.101 0.316 
346 HI_SS0114    (1)    6 :  0.143 0.177 0.113 0.253 0.236 0.078 
347 HI_SS0115    (1)    6 :  0.311 0.144 0.056 0.155 0.118 0.215 
348 HI_SS0116    (4)    6 :  0.206 0.093 0.085 0.061 0.291 0.265 
349 HI_SS0117    (0)    6 :  0.109 0.251 0.281 0.059 0.213 0.087 
350 HI_SS0118    (0)    6 :  0.162 0.192 0.175 0.085 0.227 0.158 
351 HI_SS0119    (1)    6 :  0.197 0.134 0.305 0.123 0.190 0.053 
352 HI_SS0120    (1)    6 :  0.103 0.110 0.281 0.062 0.081 0.362 
353 HI_SS0121    (1)    6 :  0.060 0.158 0.422 0.200 0.074 0.086 
354 HI_SS0122    (2)    6 :  0.171 0.111 0.251 0.186 0.156 0.125 
355 HI_SS0123    (0)    6 :  0.159 0.210 0.259 0.080 0.157 0.135 
356 HI_SS0124    (1)    6 :  0.178 0.104 0.099 0.186 0.069 0.364 
357 HI_SS0125    (1)    6 :  0.243 0.108 0.201 0.192 0.063 0.193 
358 HI_SS0126    (0)    6 :  0.139 0.103 0.119 0.082 0.317 0.241 
359 HI_SS0127    (0)    6 :  0.094 0.223 0.108 0.348 0.133 0.094 
360 HI_SS0128    (0)    6 :  0.189 0.197 0.185 0.078 0.128 0.224 
361 HI_SS0129    (1)    6 :  0.158 0.102 0.157 0.160 0.262 0.162 
362 HI_SS0131    (2)    6 :  0.087 0.220 0.113 0.266 0.241 0.073 
363 HI_SS0132    (0)    6 :  0.157 0.177 0.301 0.135 0.131 0.099 
364 HI_SS0133    (1)    6 :  0.136 0.089 0.099 0.126 0.425 0.125 
365 HI_SS0134    (1)    6 :  0.179 0.221 0.161 0.129 0.171 0.140 
366 HI_SS0142    (3)    6 :  0.237 0.206 0.241 0.159 0.090 0.066 
367 HI_SS0145    (0)    6 :  0.198 0.268 0.102 0.100 0.187 0.145 
368 HI_SS0146    (1)    6 :  0.218 0.239 0.081 0.171 0.189 0.101 
369 HI_SS0147    (1)    6 :  0.094 0.198 0.140 0.351 0.100 0.118 
370 HI_SS0149    (1)    6 :  0.062 0.157 0.448 0.074 0.169 0.090 
371 HI_SS0150    (2)    6 :  0.145 0.152 0.164 0.255 0.082 0.202 
372 HI_SS0151    (0)    6 :  0.354 0.120 0.062 0.193 0.124 0.147 
373 NS_SS1451    (1)    6 :  0.234 0.087 0.152 0.221 0.063 0.242 
374 NS_SS1404    (0)    6 :  0.101 0.106 0.145 0.333 0.139 0.176 
375 NS_SS1432    (2)    6 :  0.095 0.056 0.378 0.105 0.076 0.290 
376 NS_SS1405    (4)    6 :  0.150 0.110 0.122 0.110 0.180 0.328 
377 NS_SS1431   (10)    6 :  0.091 0.122 0.323 0.100 0.091 0.273 
378 NS_SS1402    (3)    6 :  0.262 0.157 0.215 0.103 0.143 0.120 
379 NS_SS1450    (3)    6 :  0.165 0.093 0.107 0.167 0.251 0.218 
380 NS_SS1396    (0)    6 :  0.157 0.144 0.201 0.197 0.155 0.146 
381 NS_SS1393    (5)    6 :  0.326 0.099 0.131 0.174 0.145 0.126 
382 NS_SS1392   (10)    6 :  0.256 0.062 0.097 0.202 0.103 0.281 
383 NS_SS1445    (0)    6 :  0.082 0.209 0.200 0.146 0.283 0.080 
384 NS_SS1423    (0)    6 :  0.235 0.110 0.287 0.071 0.154 0.144 
385 NS_SS1421    (9)    6 :  0.160 0.151 0.215 0.139 0.199 0.136 
386 NS_SS1411    (6)    6 :  0.090 0.093 0.071 0.335 0.293 0.117 
387 NS_SS1453    (5)    6 :  0.174 0.090 0.298 0.118 0.237 0.083 
388 NS_SS1442    (2)    6 :  0.137 0.297 0.101 0.128 0.173 0.163 
389 NS_SS1422    (1)    6 :  0.323 0.272 0.122 0.083 0.090 0.109 
390 NS_SS1419    (1)    6 :  0.081 0.364 0.084 0.228 0.128 0.115 
391 NS_SS1427    (0)    6 :  0.294 0.057 0.109 0.063 0.317 0.160 
392 NS_SS1444    (3)    6 :  0.095 0.229 0.094 0.245 0.112 0.224 
393 NS_SS1455    (0)    6 :  0.121 0.253 0.153 0.075 0.085 0.313 
394 NS_SS1425    (2)    6 :  0.128 0.185 0.113 0.136 0.373 0.066 
395 NS_SS1400    (0)    6 :  0.066 0.206 0.093 0.140 0.344 0.152 
396 NS_SS1406    (1)    6 :  0.089 0.329 0.286 0.088 0.057 0.152 
397 NS_SS1417    (6)    6 :  0.078 0.201 0.162 0.125 0.239 0.196 
398 NS_SS1454    (2)    6 :  0.058 0.098 0.300 0.134 0.278 0.131 
399 NS_SS1412    (1)    6 :  0.137 0.112 0.151 0.196 0.216 0.188 
400 NS_SS1438    (1)    6 :  0.154 0.200 0.101 0.210 0.283 0.051 
401 NS_SS1416    (4)    6 :  0.138 0.162 0.194 0.159 0.175 0.172 
402 NS_SS1401    (0)    6 :  0.192 0.152 0.296 0.104 0.151 0.105 
403 NS_SS1424    (6)    6 :  0.159 0.118 0.288 0.150 0.192 0.093 
404 NS_SS1435    (9)    6 :  0.146 0.073 0.174 0.207 0.147 0.253 
405 NS_SS1447    (4)    6 :  0.091 0.258 0.140 0.233 0.102 0.176 
406 NS_SS1414    (3)    6 :  0.053 0.216 0.095 0.236 0.127 0.273 
407 NS_SS1449   (14)    6 :  0.390 0.094 0.208 0.128 0.084 0.095 
408 NS_SS1443    (4)    6 :  0.294 0.202 0.104 0.070 0.211 0.119 
409 NS_SS1434    (1)    6 :  0.301 0.122 0.075 0.060 0.140 0.302 
410 NS_SS1398    (1)    6 :  0.131 0.108 0.164 0.148 0.141 0.309 
411 NS_SS1426    (1)    6 :  0.162 0.112 0.155 0.132 0.336 0.103 
412 NS_SS1413    (0)    6 :  0.075 0.172 0.106 0.086 0.299 0.263 
413 NS_SS1395    (1)    6 :  0.241 0.136 0.224 0.114 0.201 0.084 
414 NS_SS1448   (10)    6 :  0.088 0.082 0.104 0.299 0.230 0.197 
415 NS_SS1446    (0)    6 :  0.250 0.127 0.206 0.124 0.202 0.091 
416 NS_SS1403    (2)    6 :  0.155 0.083 0.380 0.139 0.098 0.147 
417 NS_SS1415    (0)    6 :  0.145 0.136 0.117 0.192 0.261 0.149 
418 NS_SS1437    (4)    6 :  0.083 0.140 0.332 0.152 0.145 0.147 
419 NS_SS1439    (2)    6 :  0.245 0.253 0.141 0.124 0.126 0.111 
420 NS_SS1441    (3)    6 :  0.193 0.182 0.121 0.077 0.215 0.213 
421 NS_SS1420    (2)    6 :  0.155 0.073 0.055 0.520 0.075 0.121 
422 NS_SS1394    (2)    6 :  0.094 0.100 0.197 0.295 0.104 0.210 
423 NS_SS1391    (7)    6 :  0.164 0.080 0.132 0.072 0.242 0.310 
424 NS_SS1410    (5)    6 :  0.204 0.128 0.221 0.113 0.191 0.143 
425 NS_SS1408    (1)    6 :  0.163 0.179 0.271 0.185 0.102 0.099 
426 NS_SS1409    (1)    6 :  0.227 0.121 0.110 0.063 0.198 0.280 
427 HI_SS0617    (1)    7 :  0.337 0.090 0.094 0.121 0.187 0.172 
428 HI_SS0618    (2)    7 :  0.234 0.135 0.108 0.195 0.100 0.229 
429 HI_SS0619    (0)    7 :  0.127 0.091 0.117 0.158 0.188 0.319 
430 HI_SS0620    (1)    7 :  0.263 0.078 0.044 0.257 0.291 0.067 
431 HI_SS0621    (3)    7 :  0.224 0.167 0.175 0.170 0.111 0.152 
432 HI_SS0622    (1)    7 :  0.109 0.276 0.107 0.180 0.162 0.167 
433 HI_SS0626    (0)    7 :  0.082 0.087 0.192 0.374 0.154 0.111 
434 HI_SS0627    (0)    7 :  0.110 0.099 0.396 0.124 0.096 0.174 
435 HI_SS0628    (3)    7 :  0.083 0.092 0.238 0.140 0.289 0.157 
436 HI_SS0629    (1)    7 :  0.179 0.161 0.221 0.153 0.190 0.096 
437 HI_SS0630    (1)    7 :  0.198 0.129 0.085 0.246 0.189 0.153 
438 HI_SS0631    (0)    7 :  0.221 0.108 0.133 0.246 0.197 0.096 
439 HI_SS0632    (0)    7 :  0.084 0.224 0.124 0.285 0.166 0.116 
440 HI_SS0633    (0)    7 :  0.222 0.131 0.070 0.079 0.135 0.363 
441 HI_SS0634    (1)    7 :  0.120 0.097 0.283 0.234 0.152 0.113 
442 HI_SS0635    (0)    7 :  0.091 0.190 0.173 0.244 0.094 0.209 
443 HI_SS0637    (1)    7 :  0.106 0.244 0.193 0.244 0.149 0.064 
444 HI_SS0638    (0)    7 :  0.109 0.135 0.152 0.156 0.203 0.244 
445 HI_SS0639    (1)    7 :  0.206 0.167 0.175 0.245 0.066 0.142 
446 HI_SS0640    (1)    7 :  0.112 0.323 0.110 0.156 0.134 0.165 
447 HI_SS0641    (1)    7 :  0.116 0.105 0.104 0.301 0.256 0.118 
448 HI_SS0642    (0)    7 :  0.139 0.105 0.455 0.104 0.074 0.123 
449 HI_SS0645    (0)    7 :  0.130 0.124 0.075 0.348 0.070 0.252 
450 HI_SS0646    (1)    7 :  0.267 0.169 0.164 0.078 0.119 0.203 
451 HI_SS0647    (1)    7 :  0.063 0.149 0.191 0.136 0.157 0.305 
452 HI_SS0648    (0)    7 :  0.112 0.200 0.138 0.190 0.166 0.194 
453 HI_SS0649    (1)    7 :  0.252 0.173 0.131 0.118 0.131 0.195 
454 HI_SS0650    (1)    7 :  0.271 0.089 0.137 0.106 0.079 0.318 
455 HI_SS0651    (1)    7 :  0.244 0.162 0.124 0.160 0.125 0.185 
456 HI_SS0652    (1)    7 :  0.086 0.109 0.088 0.411 0.086 0.221 
457 NS_SS1371    (3)    7 :  0.374 0.098 0.247 0.067 0.120 0.095 
458 NS_SS1374    (0)    7 :  0.091 0.065 0.262 0.192 0.275 0.115 
459 NS_SS1337    (3)    7 :  0.105 0.102 0.270 0.305 0.083 0.136 
460 NS_SS1385    (5)    7 :  0.233 0.194 0.138 0.107 0.106 0.221 
461 NS_SS1388    (0)    7 :  0.098 0.095 0.162 0.109 0.218 0.318 
462 NS_SS1370    (1)    7 :  0.160 0.088 0.106 0.540 0.057 0.049 
463 NS_SS1389    (3)    7 :  0.077 0.084 0.145 0.180 0.165 0.349 
464 NS_SS1360    (1)    7 :  0.125 0.193 0.133 0.253 0.199 0.096 
465 NS_SS1330    (0)    7 :  0.170 0.182 0.115 0.264 0.080 0.189 
466 NS_SS1328    (8)    7 :  0.157 0.122 0.138 0.059 0.259 0.265 
467 NS_SS1384    (1)    7 :  0.183 0.231 0.202 0.177 0.140 0.066 
468 NS_SS1381    (0)    7 :  0.247 0.148 0.095 0.096 0.066 0.347 
469 NS_SS1375    (1)    7 :  0.171 0.054 0.132 0.175 0.120 0.348 
470 NS_SS1319   (10)    7 :  0.252 0.095 0.236 0.170 0.127 0.120 
471 NS_SS1326    (2)    7 :  0.136 0.082 0.109 0.080 0.366 0.227 
472 NS_SS1341    (1)    7 :  0.133 0.182 0.303 0.095 0.219 0.069 
473 NS_SS1383    (1)    7 :  0.151 0.109 0.378 0.191 0.108 0.063 
474 NS_SS1318    (3)    7 :  0.192 0.165 0.094 0.242 0.121 0.185 
475 NS_SS1348    (2)    7 :  0.181 0.164 0.164 0.162 0.265 0.064 
476 NS_SS1363    (0)    7 :  0.140 0.189 0.167 0.230 0.117 0.157 
477 NS_SS1335    (4)    7 :  0.133 0.262 0.157 0.204 0.174 0.069 
478 NS_SS1358    (0)    7 :  0.165 0.282 0.211 0.117 0.149 0.076 
479 NS_SS1342    (1)    7 :  0.183 0.199 0.309 0.059 0.168 0.081 
480 NS_SS1320    (2)    7 :  0.144 0.203 0.082 0.057 0.045 0.468 
481 NS_SS1355    (1)    7 :  0.123 0.365 0.109 0.148 0.088 0.168 
482 NS_SS1345    (1)    7 :  0.103 0.542 0.073 0.117 0.062 0.103 
483 NS_SS1324    (0)    7 :  0.228 0.147 0.151 0.153 0.218 0.104 
484 NS_SS1347    (5)    7 :  0.343 0.149 0.190 0.131 0.093 0.094 
485 NS_SS1321    (4)    7 :  0.161 0.070 0.309 0.151 0.223 0.087 
486 NS_SS1333    (0)    7 :  0.146 0.047 0.344 0.104 0.242 0.118 
487 NS_SS1364    (1)    7 :  0.056 0.360 0.119 0.085 0.269 0.111 
488 NS_SS1379    (0)    7 :  0.208 0.178 0.123 0.141 0.133 0.219 
489 NS_SS1332    (0)    7 :  0.100 0.106 0.174 0.087 0.356 0.176 
490 NS_SS1338    (5)    7 :  0.156 0.098 0.144 0.290 0.231 0.081 
491 NS_SS1368    (6)    7 :  0.062 0.272 0.193 0.062 0.261 0.150 
492 NS_SS1354    (1)    7 :  0.134 0.225 0.212 0.124 0.141 0.164 
493 NS_SS1365    (0)    7 :  0.127 0.189 0.165 0.203 0.103 0.212 
494 NS_SS1380    (1)    7 :  0.091 0.265 0.152 0.200 0.094 0.199 
495 NS_SS1329    (8)    7 :  0.090 0.178 0.338 0.053 0.231 0.110 
496 NS_SS1362    (0)    7 :  0.156 0.185 0.227 0.109 0.151 0.172 
497 NS_SS1327    (2)    7 :  0.154 0.067 0.118 0.117 0.452 0.093 
498 NS_SS1350    (0)    7 :  0.397 0.054 0.122 0.077 0.136 0.213 
499 NS_SS1387    (2)    7 :  0.132 0.147 0.113 0.313 0.134 0.160 
500 NS_SS1369    (8)    7 :  0.111 0.307 0.094 0.161 0.244 0.083 
501 NS_SS1331    (1)    7 :  0.083 0.076 0.231 0.221 0.195 0.193 
502 NS_SS1357    (4)    7 :  0.291 0.100 0.127 0.051 0.165 0.265 
503 NS_SS1386    (1)    7 :  0.072 0.166 0.252 0.060 0.382 0.069 
504 NS_SS1353    (2)    7 :  0.118 0.113 0.195 0.088 0.153 0.333 
505 NS_SS1323    (0)    7 :  0.098 0.239 0.265 0.124 0.077 0.196 
506 HI_SS0296    (0)    8 :  0.236 0.137 0.061 0.275 0.201 0.091 
507 HI_SS0297    (0)    8 :  0.188 0.082 0.330 0.090 0.101 0.209 
508 HI_SS0299    (0)    8 :  0.145 0.246 0.150 0.191 0.161 0.107 
509 HI_SS0300    (0)    8 :  0.138 0.297 0.074 0.222 0.147 0.121 
510 HI_SS0301    (0)    8 :  0.047 0.183 0.219 0.343 0.135 0.072 
511 HI_SS0302    (0)    8 :  0.116 0.178 0.082 0.328 0.214 0.082 
512 HI_SS0303    (0)    8 :  0.098 0.129 0.095 0.074 0.326 0.279 
513 HI_SS0304    (0)    8 :  0.063 0.070 0.163 0.201 0.198 0.305 
514 HI_SS0306    (5)    8 :  0.074 0.130 0.095 0.261 0.320 0.120 
515 HI_SS0307    (1)    8 :  0.150 0.223 0.169 0.169 0.088 0.201 
516 HI_SS0308    (1)    8 :  0.239 0.210 0.199 0.170 0.100 0.082 
517 HI_SS0309    (0)    8 :  0.265 0.284 0.120 0.198 0.073 0.060 
518 HI_SS0310    (0)    8 :  0.084 0.177 0.106 0.132 0.198 0.303 
519 HI_SS0311    (3)    8 :  0.076 0.206 0.168 0.300 0.146 0.104 
520 HI_SS0314    (0)    8 :  0.127 0.113 0.148 0.070 0.173 0.369 
521 HI_SS0316    (1)    8 :  0.134 0.186 0.151 0.113 0.227 0.189 
522 HI_SS0317    (3)    8 :  0.163 0.106 0.308 0.222 0.117 0.084 
523 HI_SS0318    (1)    8 :  0.163 0.114 0.249 0.149 0.258 0.067 
524 HI_SS0319    (0)    8 :  0.207 0.244 0.077 0.060 0.329 0.083 
525 HI_SS0320    (3)    8 :  0.071 0.054 0.394 0.117 0.095 0.269 
526 HI_SS0321    (0)    8 :  0.350 0.077 0.251 0.124 0.138 0.059 
527 HI_SS0323    (1)    8 :  0.189 0.109 0.093 0.222 0.258 0.129 
528 HI_SS0325    (2)    8 :  0.080 0.149 0.114 0.269 0.279 0.110 
529 HI_SS0327    (1)    8 :  0.461 0.153 0.116 0.047 0.127 0.096 
530 HI_SS0329    (1)    8 :  0.085 0.127 0.204 0.198 0.151 0.234 
531 HI_SS0333    (1)    8 :  0.197 0.165 0.169 0.137 0.170 0.162 
532 HI_SS0334    (1)    8 :  0.134 0.191 0.162 0.168 0.261 0.084 
533 HI_SS0335    (1)    8 :  0.180 0.306 0.165 0.152 0.087 0.110 
534 HI_SS0339    (0)    8 :  0.075 0.339 0.109 0.191 0.118 0.168 
535 HI_SS0343    (2)    8 :  0.179 0.297 0.224 0.086 0.076 0.137 
536 HI_SS0344    (1)    8 :  0.178 0.096 0.123 0.105 0.428 0.070 
537 HI_SS0345    (3)    8 :  0.064 0.224 0.192 0.202 0.185 0.133 
538 HI_SS0346    (0)    8 :  0.101 0.080 0.340 0.173 0.200 0.105 
539 HI_SS0350    (1)    8 :  0.159 0.389 0.061 0.161 0.052 0.178 
540 HI_SS0351    (0)    8 :  0.116 0.376 0.196 0.100 0.122 0.089 
541 HI_SS0352    (3)    8 :  0.160 0.232 0.225 0.135 0.100 0.148 
542 HI_SS0362    (0)    8 :  0.136 0.116 0.110 0.366 0.136 0.135 
543 HI_SS0363    (1)    8 :  0.397 0.166 0.098 0.090 0.162 0.087 
544 HI_SS0365    (0)    8 :  0.303 0.162 0.104 0.086 0.211 0.134 
545 HI_SS0366    (0)    8 :  0.258 0.114 0.087 0.154 0.309 0.078 
546 HI_SS0367    (1)    8 :  0.123 0.210 0.172 0.105 0.082 0.308 
547 HI_SS0369    (1)    8 :  0.119 0.205 0.136 0.230 0.088 0.221 
548 HI_SS0370    (0)    8 :  0.370 0.108 0.164 0.068 0.094 0.196 
549 HI_SS0371    (4)    8 :  0.098 0.161 0.130 0.170 0.318 0.121 
550 HI_SS0373    (3)    8 :  0.171 0.147 0.115 0.175 0.166 0.226 
551 HI_SS0374    (0)    8 :  0.129 0.164 0.187 0.156 0.115 0.249 
552 HI_SS0377    (0)    8 :  0.080 0.361 0.154 0.156 0.178 0.070 
553 HI_SS0379    (1)    8 :  0.084 0.118 0.179 0.077 0.473 0.069 
554 HI_SS0380    (1)    8 :  0.128 0.243 0.156 0.150 0.128 0.196 
555 HI_SS0381    (2)    8 :  0.151 0.252 0.207 0.222 0.079 0.089 
556 HI_SS0384    (3)    8 :  0.172 0.063 0.206 0.121 0.210 0.229 
557 HI_SS0385    (1)    8 :  0.039 0.090 0.128 0.160 0.306 0.276 


Estimated Allele Frequencies in each cluster
First column gives estimated ancestral frequencies


Locus 1 : 
2 alleles
3.4% missing data
   1   (0.736) 0.757 0.723 0.806 0.656 0.719 0.772 
   2   (0.264) 0.243 0.277 0.194 0.344 0.281 0.228 

Locus 2 : 
2 alleles
4.3% missing data
   1   (0.885) 0.928 0.906 0.869 0.919 0.911 0.804 
   2   (0.115) 0.072 0.094 0.131 0.081 0.089 0.196 

Locus 3 : 
2 alleles
3.9% missing data
   1   (0.859) 0.836 0.898 0.869 0.858 0.869 0.873 
   2   (0.141) 0.164 0.102 0.131 0.142 0.131 0.127 

Locus 4 : 
2 alleles
2.7% missing data
   1   (0.885) 0.922 0.918 0.809 0.891 0.912 0.905 
