

----------------------------------------------------
STRUCTURE by Pritchard, Stephens and Donnelly (2000)
     and Falush, Stephens and Pritchard (2003)
       Code by Pritchard, Falush and Hubisz
             Version 2.3.4 (Jul 2012)
----------------------------------------------------



Command line arguments:   /home/genobiwan/Documents/Programs/Structure/structure -m parameter_job_k7_r5 
Input File:    /media/genobiwan/Storage/Projets/Mackerel_NWA_2021/data_job_k7_r5

Run parameters:
   557 individuals
   3930 loci
   7 populations assumed
   100000 Burn-in period
   200000 Reps


--------------------------------------------
Proportion of membership of each pre-defined
 population in each of the 7 clusters

Given    Inferred Clusters                                   Number of
 Pop       1      2      3      4      5      6      7      Individuals

  1:     0.134  0.159  0.155  0.137  0.146  0.132  0.137       67
  2:     0.165  0.122  0.146  0.169  0.127  0.115  0.156       32
  3:     0.130  0.155  0.141  0.144  0.137  0.132  0.160       92
  4:     0.135  0.125  0.129  0.156  0.163  0.152  0.140       36
  5:     0.140  0.168  0.124  0.138  0.136  0.154  0.140       41
  6:     0.142  0.133  0.142  0.140  0.149  0.153  0.140      158
  7:     0.144  0.138  0.150  0.136  0.147  0.141  0.144       79
  8:     0.130  0.155  0.144  0.135  0.139  0.155  0.143       52
--------------------------------------------

Allele-freq. divergence among pops (Net nucleotide distance),
computed using point estimates of P.

      1       2       3       4       5       6       7      
 1      -    0.0057  0.0042  0.0056  0.0051  0.0070  0.0055  
 2   0.0057     -    0.0045  0.0056  0.0048  0.0066  0.0049  
 3   0.0042  0.0045     -    0.0050  0.0040  0.0054  0.0038  
 4   0.0056  0.0056  0.0050     -    0.0054  0.0063  0.0059  
 5   0.0051  0.0048  0.0040  0.0054     -    0.0060  0.0049  
 6   0.0070  0.0066  0.0054  0.0063  0.0060     -    0.0063  
 7   0.0055  0.0049  0.0038  0.0059  0.0049  0.0063     -    

Average distances (expected heterozygosity) between individuals in same cluster:
cluster  1  : 0.3110 
cluster  2  : 0.3088 
cluster  3  : 0.3123 
cluster  4  : 0.3111 
cluster  5  : 0.3109 
cluster  6  : 0.3069 
cluster  7  : 0.3090 

--------------------------------------------
Estimated Ln Prob of Data   = -2071019.0
Mean value of ln likelihood = -2059448.9
Variance of ln likelihood   = 23140.1
Mean value of alpha         = 1.7700

Mean value of Fst_1         = 0.0671
Mean value of Fst_2         = 0.0610
Mean value of Fst_3         = 0.0591
Mean value of Fst_4         = 0.0643
Mean value of Fst_5         = 0.0578
Mean value of Fst_6         = 0.0696
Mean value of Fst_7         = 0.0573


Inferred ancestry of individuals:
        Label (%Miss) Pop:  Inferred clusters
  1 NS_SS0963    (4)    1 :  0.101 0.174 0.092 0.158 0.226 0.073 0.175 
  2 NS_SS0983    (1)    1 :  0.053 0.127 0.161 0.220 0.108 0.222 0.108 
  3 NS_SS0719    (8)    1 :  0.116 0.096 0.125 0.146 0.201 0.120 0.195 
  4 NS_SS1001    (8)    1 :  0.274 0.170 0.126 0.118 0.063 0.093 0.157 
  5 NS_SS0936    (4)    1 :  0.187 0.217 0.076 0.176 0.180 0.086 0.078 
  6 NS_SS0955    (5)    1 :  0.066 0.201 0.091 0.165 0.138 0.164 0.175 
  7 NS_SS0944    (3)    1 :  0.118 0.259 0.072 0.103 0.092 0.182 0.174 
  8 NS_SS0945    (3)    1 :  0.235 0.145 0.149 0.073 0.113 0.198 0.086 
  9 NS_SS0922    (2)    1 :  0.277 0.096 0.107 0.119 0.154 0.075 0.172 
 10 NS_SS0929    (7)    1 :  0.086 0.182 0.135 0.178 0.155 0.173 0.091 
 11 NS_SS0956    (2)    1 :  0.170 0.101 0.146 0.107 0.084 0.071 0.322 
 12 NS_SS0906    (3)    1 :  0.091 0.263 0.122 0.117 0.133 0.177 0.098 
 13 NS_SS0721    (6)    1 :  0.083 0.068 0.162 0.164 0.127 0.095 0.301 
 14 NS_SS0982    (4)    1 :  0.099 0.175 0.215 0.098 0.167 0.092 0.154 
 15 NS_SS0923    (5)    1 :  0.159 0.171 0.200 0.140 0.128 0.097 0.106 
 16 NS_SS0905    (6)    1 :  0.103 0.167 0.325 0.151 0.074 0.103 0.078 
 17 NS_SS0925    (3)    1 :  0.096 0.235 0.123 0.264 0.090 0.058 0.134 
 18 NS_SS0947    (5)    1 :  0.133 0.205 0.093 0.202 0.153 0.100 0.115 
 19 NS_SS0926    (2)    1 :  0.083 0.120 0.144 0.063 0.247 0.265 0.079 
 20 NS_SS0918    (6)    1 :  0.097 0.378 0.148 0.058 0.118 0.077 0.124 
 21 NS_SS0966    (4)    1 :  0.109 0.248 0.139 0.145 0.179 0.086 0.092 
 22 NS_SS0938    (2)    1 :  0.258 0.093 0.075 0.098 0.290 0.083 0.103 
 23 NS_SS0917    (2)    1 :  0.107 0.048 0.152 0.241 0.170 0.167 0.117 
 24 NS_SS0957   (11)    1 :  0.116 0.131 0.182 0.097 0.134 0.110 0.229 
 25 NS_SS0987    (1)    1 :  0.080 0.117 0.259 0.060 0.088 0.112 0.283 
 26 NS_SS0717    (4)    1 :  0.194 0.170 0.249 0.106 0.054 0.079 0.148 
 27 NS_SS0986    (2)    1 :  0.111 0.136 0.172 0.048 0.156 0.179 0.198 
 28 NS_SS0953    (4)    1 :  0.135 0.283 0.130 0.184 0.059 0.088 0.121 
 29 NS_SS0907    (3)    1 :  0.087 0.306 0.170 0.125 0.112 0.117 0.083 
 30 NS_SS0974    (6)    1 :  0.124 0.190 0.118 0.236 0.111 0.146 0.075 
 31 NS_SS0989    (1)    1 :  0.108 0.053 0.083 0.226 0.223 0.215 0.091 
 32 NS_SS0991    (2)    1 :  0.060 0.242 0.157 0.056 0.071 0.193 0.222 
 33 NS_SS0994    (2)    1 :  0.179 0.091 0.095 0.110 0.084 0.373 0.069 
 34 NS_SS0931    (6)    1 :  0.090 0.176 0.123 0.063 0.161 0.236 0.152 
 35 NS_SS1000    (5)    1 :  0.245 0.175 0.140 0.101 0.143 0.109 0.088 
 36 NS_SS0919    (1)    1 :  0.057 0.157 0.203 0.131 0.263 0.127 0.062 
 37 NS_SS0949    (3)    1 :  0.093 0.072 0.081 0.220 0.166 0.210 0.158 
 38 NS_SS0960   (10)    1 :  0.057 0.161 0.183 0.185 0.114 0.170 0.130 
 39 NS_SS0716    (2)    1 :  0.202 0.045 0.370 0.050 0.072 0.096 0.165 
 40 NS_SS0924    (8)    1 :  0.067 0.176 0.182 0.183 0.124 0.135 0.133 
 41 NS_SS0935    (1)    1 :  0.077 0.124 0.222 0.138 0.066 0.212 0.162 
 42 NS_SS0952   (13)    1 :  0.090 0.201 0.170 0.114 0.138 0.214 0.072 
 43 NS_SS0962   (10)    1 :  0.182 0.104 0.181 0.064 0.273 0.084 0.112 
 44 NS_SS0973    (5)    1 :  0.071 0.214 0.102 0.300 0.095 0.090 0.128 
 45 NS_SS0722    (1)    1 :  0.305 0.234 0.130 0.120 0.058 0.068 0.086 
 46 NS_SS0979   (13)    1 :  0.129 0.149 0.230 0.079 0.150 0.080 0.183 
 47 NS_SS0993    (2)    1 :  0.161 0.250 0.109 0.180 0.111 0.063 0.126 
 48 NS_SS0958    (1)    1 :  0.143 0.129 0.192 0.089 0.112 0.254 0.081 
 49 NS_SS0988    (4)    1 :  0.074 0.179 0.193 0.071 0.246 0.152 0.084 
 50 NS_SS1003    (2)    1 :  0.074 0.111 0.091 0.056 0.366 0.056 0.246 
 51 NS_SS0976    (0)    1 :  0.120 0.186 0.081 0.078 0.198 0.219 0.118 
 52 NS_SS0964   (10)    1 :  0.279 0.103 0.165 0.120 0.074 0.069 0.190 
 53 NS_SS0939    (4)    1 :  0.233 0.047 0.263 0.068 0.108 0.067 0.214 
 54 NS_SS0990    (6)    1 :  0.202 0.062 0.128 0.050 0.245 0.199 0.114 
 55 NS_SS0984    (2)    1 :  0.269 0.143 0.182 0.110 0.144 0.069 0.082 
 56 NS_SS0980    (9)    1 :  0.107 0.232 0.105 0.342 0.090 0.061 0.063 
 57 NS_SS0978    (4)    1 :  0.210 0.166 0.113 0.137 0.181 0.100 0.092 
 58 NS_SS0951   (17)    1 :  0.080 0.194 0.197 0.060 0.062 0.186 0.221 
 59 NS_SS0913    (3)    1 :  0.217 0.121 0.162 0.071 0.092 0.098 0.239 
 60 NS_SS1002    (1)    1 :  0.086 0.185 0.139 0.090 0.383 0.060 0.057 
 61 NS_SS0948    (1)    1 :  0.106 0.234 0.174 0.098 0.134 0.147 0.107 
 62 NS_SS0916    (4)    1 :  0.126 0.065 0.115 0.344 0.149 0.109 0.093 
 63 NS_SS0995    (1)    1 :  0.091 0.080 0.183 0.349 0.110 0.070 0.117 
 64 NS_SS0927    (6)    1 :  0.104 0.071 0.231 0.214 0.154 0.162 0.065 
 65 NS_SS0992    (5)    1 :  0.152 0.105 0.084 0.258 0.185 0.135 0.081 
 66 NS_SS0912    (1)    1 :  0.088 0.119 0.181 0.048 0.139 0.186 0.240 
 67 NS_SS0981    (1)    1 :  0.093 0.207 0.186 0.060 0.216 0.078 0.161 
 68 NS_SS0729    (5)    2 :  0.079 0.139 0.064 0.342 0.087 0.233 0.056 
 69 NS_SS0967   (14)    2 :  0.093 0.184 0.148 0.174 0.236 0.070 0.094 
 70 NS_SS0941    (7)    2 :  0.265 0.092 0.116 0.152 0.142 0.099 0.134 
 71 NS_SS0768   (12)    2 :  0.133 0.141 0.133 0.073 0.136 0.112 0.272 
 72 NS_SS0726    (4)    2 :  0.143 0.097 0.055 0.298 0.185 0.149 0.072 
 73 NS_SS0763    (4)    2 :  0.161 0.133 0.163 0.133 0.116 0.191 0.103 
 74 NS_SS0730    (6)    2 :  0.138 0.098 0.224 0.155 0.172 0.082 0.130 
 75 NS_SS0774    (1)    2 :  0.206 0.160 0.122 0.238 0.136 0.064 0.075 
 76 NS_SS0723    (3)    2 :  0.109 0.150 0.148 0.223 0.188 0.043 0.138 
 77 NS_SS0940    (9)    2 :  0.190 0.075 0.144 0.157 0.143 0.161 0.130 
 78 NS_SS0762    (1)    2 :  0.302 0.145 0.166 0.144 0.069 0.050 0.123 
 79 NS_SS0766   (11)    2 :  0.238 0.056 0.221 0.155 0.070 0.135 0.125 
 80 NS_SS0724    (1)    2 :  0.147 0.202 0.141 0.115 0.095 0.086 0.215 
 81 NS_SS0769    (3)    2 :  0.134 0.106 0.239 0.093 0.193 0.106 0.128 
 82 NS_SS0777    (2)    2 :  0.085 0.157 0.222 0.061 0.147 0.198 0.129 
 83 NS_SS0734    (6)    2 :  0.145 0.086 0.132 0.145 0.102 0.154 0.236 
 84 NS_SS0737    (3)    2 :  0.345 0.078 0.117 0.209 0.096 0.062 0.092 
 85 NS_SS0732    (5)    2 :  0.071 0.147 0.195 0.182 0.075 0.060 0.270 
 86 NS_SS0728    (5)    2 :  0.155 0.094 0.129 0.246 0.095 0.092 0.188 
 87 NS_SS0735    (9)    2 :  0.200 0.151 0.085 0.230 0.054 0.080 0.201 
 88 NS_SS0725    (1)    2 :  0.349 0.100 0.059 0.060 0.162 0.092 0.178 
 89 NS_SS0788    (2)    2 :  0.091 0.085 0.170 0.163 0.277 0.111 0.104 
 90 NS_SS0778    (2)    2 :  0.066 0.087 0.166 0.160 0.240 0.140 0.141 
 91 NS_SS0792    (6)    2 :  0.082 0.128 0.134 0.261 0.083 0.107 0.205 
 92 NS_SS0943   (11)    2 :  0.070 0.238 0.066 0.094 0.080 0.241 0.212 
 93 NS_SS0791    (2)    2 :  0.085 0.066 0.110 0.325 0.087 0.132 0.195 
 94 NS_SS0790    (5)    2 :  0.158 0.209 0.145 0.089 0.088 0.039 0.272 
 95 NS_SS0731    (6)    2 :  0.151 0.104 0.215 0.066 0.094 0.082 0.286 
 96 NS_SS0727    (6)    2 :  0.249 0.087 0.079 0.251 0.049 0.194 0.092 
 97 NS_SS0779   (12)    2 :  0.117 0.141 0.197 0.148 0.139 0.118 0.139 
 98 NS_SS0776    (3)    2 :  0.278 0.085 0.132 0.101 0.140 0.137 0.127 
 99 NS_SS0775    (5)    2 :  0.246 0.093 0.222 0.160 0.085 0.064 0.130 
100 NS_SS0965    (3)    3 :  0.072 0.160 0.162 0.109 0.164 0.083 0.251 
101 NS_SS0754   (13)    3 :  0.079 0.079 0.093 0.214 0.099 0.179 0.257 
102 NS_SS0838    (5)    3 :  0.181 0.136 0.126 0.141 0.162 0.148 0.106 
103 NS_SS0839    (3)    3 :  0.237 0.115 0.161 0.151 0.147 0.058 0.132 
104 NS_SS0832    (4)    3 :  0.131 0.251 0.156 0.100 0.133 0.049 0.180 
105 NS_SS0820    (4)    3 :  0.109 0.108 0.150 0.120 0.235 0.050 0.228 
106 NS_SS0886    (9)    3 :  0.097 0.095 0.148 0.154 0.145 0.172 0.189 
107 NS_SS0748    (5)    3 :  0.085 0.216 0.199 0.100 0.128 0.155 0.116 
108 NS_SS0884    (9)    3 :  0.133 0.152 0.124 0.210 0.127 0.126 0.130 
109 NS_SS0752    (3)    3 :  0.193 0.128 0.120 0.228 0.126 0.103 0.103 
110 NS_SS0862    (1)    3 :  0.066 0.157 0.113 0.191 0.089 0.049 0.335 
111 NS_SS0787    (9)    3 :  0.076 0.101 0.122 0.101 0.103 0.390 0.106 
112 NS_SS0843    (6)    3 :  0.127 0.154 0.171 0.190 0.105 0.090 0.162 
113 NS_SS0856    (4)    3 :  0.199 0.047 0.148 0.233 0.158 0.112 0.103 
114 NS_SS0846    (2)    3 :  0.120 0.223 0.095 0.179 0.176 0.146 0.062 
115 NS_SS0825    (1)    3 :  0.089 0.117 0.079 0.072 0.295 0.130 0.219 
116 NS_SS0757    (3)    3 :  0.086 0.182 0.153 0.110 0.102 0.153 0.214 
117 NS_SS0876    (3)    3 :  0.183 0.157 0.111 0.153 0.106 0.102 0.188 
118 NS_SS0903    (9)    3 :  0.091 0.202 0.094 0.395 0.104 0.049 0.065 
119 NS_SS0875    (7)    3 :  0.145 0.116 0.221 0.085 0.180 0.128 0.125 
120 NS_SS0740    (5)    3 :  0.161 0.191 0.156 0.136 0.100 0.101 0.155 
121 NS_SS0811    (5)    3 :  0.113 0.125 0.261 0.095 0.076 0.063 0.267 
122 NS_SS0751    (1)    3 :  0.227 0.088 0.185 0.110 0.203 0.105 0.082 
123 NS_SS0891    (6)    3 :  0.254 0.116 0.108 0.086 0.179 0.132 0.126 
124 NS_SS0867    (2)    3 :  0.050 0.278 0.092 0.112 0.130 0.145 0.193 
125 NS_SS0890    (6)    3 :  0.102 0.169 0.211 0.211 0.120 0.098 0.089 
126 NS_SS0866   (11)    3 :  0.120 0.094 0.072 0.131 0.117 0.342 0.124 
127 NS_SS0755    (4)    3 :  0.103 0.183 0.128 0.125 0.142 0.096 0.223 
128 NS_SS0758    (4)    3 :  0.172 0.150 0.108 0.231 0.115 0.109 0.115 
129 NS_SS0840    (2)    3 :  0.150 0.181 0.130 0.114 0.216 0.052 0.158 
130 NS_SS0889    (4)    3 :  0.098 0.113 0.089 0.088 0.091 0.273 0.248 
131 NS_SS1010    (1)    3 :  0.090 0.128 0.229 0.109 0.244 0.100 0.100 
132 NS_SS0888    (5)    3 :  0.107 0.062 0.089 0.294 0.055 0.237 0.155 
133 NS_SS0837    (3)    3 :  0.083 0.201 0.148 0.119 0.092 0.070 0.287 
134 NS_SS0794    (9)    3 :  0.154 0.095 0.145 0.175 0.062 0.244 0.124 
135 NS_SS0823    (4)    3 :  0.181 0.293 0.096 0.111 0.137 0.073 0.109 
136 NS_SS0829    (7)    3 :  0.057 0.187 0.097 0.075 0.074 0.315 0.196 
137 NS_SS0844    (5)    3 :  0.049 0.416 0.090 0.194 0.098 0.041 0.113 
138 NS_SS1008    (5)    3 :  0.204 0.115 0.154 0.119 0.069 0.228 0.110 
139 NS_SS0881    (3)    3 :  0.124 0.089 0.161 0.085 0.262 0.161 0.119 
140 NS_SS0834    (6)    3 :  0.367 0.109 0.078 0.079 0.170 0.083 0.114 
141 NS_SS0744   (10)    3 :  0.085 0.133 0.076 0.239 0.184 0.105 0.177 
142 NS_SS0899    (7)    3 :  0.161 0.206 0.181 0.064 0.078 0.081 0.230 
143 NS_SS0804    (4)    3 :  0.147 0.178 0.158 0.121 0.144 0.042 0.210 
144 NS_SS0781   (10)    3 :  0.148 0.207 0.177 0.089 0.235 0.057 0.087 
145 NS_SS0822    (6)    3 :  0.197 0.207 0.060 0.159 0.068 0.163 0.144 
146 NS_SS1004    (4)    3 :  0.112 0.230 0.140 0.155 0.138 0.084 0.141 
147 NS_SS0746    (5)    3 :  0.157 0.277 0.106 0.090 0.122 0.154 0.094 
148 NS_SS0880    (3)    3 :  0.180 0.232 0.069 0.129 0.156 0.087 0.147 
149 NS_SS0879    (4)    3 :  0.237 0.159 0.069 0.118 0.103 0.120 0.194 
150 NS_SS0753    (2)    3 :  0.063 0.197 0.188 0.131 0.076 0.183 0.161 
151 NS_SS1007    (2)    3 :  0.176 0.057 0.182 0.266 0.172 0.090 0.056 
152 NS_SS0872    (5)    3 :  0.155 0.149 0.185 0.178 0.159 0.074 0.098 
153 NS_SS1005    (7)    3 :  0.164 0.263 0.122 0.105 0.161 0.094 0.090 
154 NS_SS0892    (6)    3 :  0.163 0.142 0.200 0.099 0.129 0.127 0.139 
155 NS_SS0898    (0)    3 :  0.128 0.183 0.123 0.089 0.133 0.200 0.145 
156 NS_SS0801    (9)    3 :  0.094 0.167 0.190 0.090 0.105 0.117 0.238 
157 NS_SS0827    (8)    3 :  0.064 0.086 0.396 0.090 0.116 0.133 0.116 
158 NS_SS0853    (6)    3 :  0.081 0.087 0.331 0.120 0.065 0.143 0.174 
159 NS_SS0780    (2)    3 :  0.145 0.116 0.126 0.140 0.210 0.072 0.191 
160 NS_SS0826   (10)    3 :  0.092 0.211 0.067 0.048 0.323 0.142 0.117 
161 NS_SS0818    (5)    3 :  0.171 0.135 0.174 0.142 0.180 0.059 0.139 
162 NS_SS0745    (1)    3 :  0.419 0.045 0.162 0.030 0.104 0.074 0.167 
163 NS_SS0849    (3)    3 :  0.088 0.136 0.130 0.054 0.136 0.091 0.366 
164 NS_SS0739    (3)    3 :  0.114 0.056 0.170 0.188 0.210 0.097 0.164 
165 NS_SS0799    (1)    3 :  0.090 0.111 0.168 0.331 0.050 0.134 0.116 
166 NS_SS0756    (2)    3 :  0.092 0.278 0.144 0.079 0.206 0.066 0.135 
167 NS_SS0802    (2)    3 :  0.115 0.093 0.159 0.186 0.232 0.144 0.071 
168 NS_SS0747    (6)    3 :  0.103 0.194 0.147 0.173 0.177 0.106 0.099 
169 NS_SS0835    (1)    3 :  0.081 0.098 0.173 0.179 0.157 0.246 0.066 
170 NS_SS0742   (18)    3 :  0.093 0.167 0.123 0.238 0.171 0.069 0.139 
171 NS_SS0760    (9)    3 :  0.110 0.133 0.154 0.106 0.105 0.302 0.089 
172 NS_SS0803    (4)    3 :  0.077 0.355 0.066 0.314 0.052 0.046 0.090 
173 NS_SS0828   (13)    3 :  0.101 0.115 0.196 0.148 0.098 0.123 0.220 
174 NS_SS0865    (2)    3 :  0.054 0.142 0.074 0.127 0.242 0.114 0.249 
175 NS_SS0759    (4)    3 :  0.205 0.138 0.167 0.117 0.116 0.072 0.187 
176 NS_SS0851    (5)    3 :  0.175 0.084 0.093 0.042 0.102 0.078 0.426 
177 NS_SS0874   (16)    3 :  0.116 0.342 0.137 0.128 0.096 0.075 0.105 
178 NS_SS0761    (6)    3 :  0.062 0.177 0.107 0.097 0.130 0.249 0.178 
179 NS_SS0842   (25)    3 :  0.133 0.151 0.172 0.117 0.098 0.216 0.112 
180 NS_SS0785    (6)    3 :  0.089 0.183 0.122 0.209 0.097 0.148 0.152 
181 NS_SS0860   (11)    3 :  0.092 0.128 0.134 0.143 0.143 0.278 0.083 
182 NS_SS0897    (7)    3 :  0.084 0.094 0.106 0.118 0.079 0.347 0.172 
183 NS_SS0841   (14)    3 :  0.188 0.152 0.198 0.074 0.094 0.069 0.224 
184 NS_SS0797    (6)    3 :  0.070 0.134 0.143 0.083 0.140 0.193 0.236 
185 NS_SS0830   (10)    3 :  0.094 0.130 0.147 0.117 0.177 0.140 0.197 
186 NS_SS1011    (5)    3 :  0.103 0.163 0.078 0.107 0.297 0.071 0.181 
187 NS_SS0883    (5)    3 :  0.054 0.125 0.232 0.225 0.071 0.115 0.177 
188 NS_SS0782    (2)    3 :  0.205 0.119 0.101 0.229 0.082 0.149 0.116 
189 NS_SS0831    (5)    3 :  0.068 0.103 0.103 0.121 0.077 0.252 0.277 
190 NS_SS0749    (7)    3 :  0.124 0.080 0.115 0.200 0.105 0.142 0.234 
191 NS_SS0854    (2)    3 :  0.198 0.094 0.078 0.308 0.079 0.107 0.136 
192 HI_SS0193    (0)    4 :  0.229 0.077 0.053 0.112 0.118 0.212 0.198 
193 HI_SS0194    (0)    4 :  0.385 0.112 0.050 0.054 0.178 0.133 0.087 
194 HI_SS0195    (9)    4 :  0.158 0.061 0.133 0.100 0.205 0.054 0.289 
195 HI_SS0196    (6)    4 :  0.207 0.093 0.120 0.226 0.088 0.156 0.109 
196 HI_SS0197    (3)    4 :  0.115 0.073 0.116 0.087 0.473 0.077 0.058 
197 HI_SS0198    (1)    4 :  0.083 0.089 0.147 0.170 0.123 0.154 0.235 
198 HI_SS0199    (1)    4 :  0.133 0.093 0.103 0.355 0.074 0.152 0.091 
199 HI_SS0201    (4)    4 :  0.039 0.178 0.127 0.128 0.107 0.252 0.168 
200 HI_SS0215    (1)    4 :  0.048 0.132 0.190 0.113 0.157 0.226 0.135 
201 HI_SS0218    (1)    4 :  0.147 0.065 0.080 0.173 0.059 0.306 0.170 
202 HI_SS0222    (0)    4 :  0.165 0.057 0.125 0.167 0.158 0.125 0.202 
203 HI_SS0230    (1)    4 :  0.094 0.123 0.329 0.060 0.227 0.088 0.079 
204 HI_SS0234    (1)    4 :  0.136 0.109 0.096 0.309 0.193 0.095 0.062 
205 HI_SS0240    (1)    4 :  0.195 0.063 0.100 0.352 0.091 0.079 0.120 
206 HI_SS0241    (0)    4 :  0.088 0.126 0.162 0.168 0.134 0.192 0.132 
207 HI_SS0242    (0)    4 :  0.100 0.219 0.098 0.139 0.112 0.153 0.179 
208 HI_SS0247    (0)    4 :  0.112 0.352 0.094 0.059 0.146 0.114 0.122 
209 HI_SS0248    (1)    4 :  0.153 0.169 0.128 0.215 0.046 0.227 0.063 
210 HI_SS0252    (2)    4 :  0.241 0.169 0.084 0.166 0.067 0.086 0.188 
211 HI_SS0254    (1)    4 :  0.094 0.139 0.164 0.134 0.244 0.152 0.073 
212 HI_SS0256    (0)    4 :  0.178 0.179 0.156 0.135 0.190 0.030 0.133 
213 HI_SS0257    (0)    4 :  0.075 0.221 0.079 0.178 0.173 0.221 0.054 
214 HI_SS0258    (1)    4 :  0.115 0.128 0.153 0.134 0.084 0.255 0.130 
215 HI_SS0259    (1)    4 :  0.227 0.084 0.081 0.106 0.257 0.084 0.161 
216 HI_SS0260    (1)    4 :  0.144 0.086 0.180 0.214 0.079 0.221 0.076 
217 HI_SS0261    (2)    4 :  0.183 0.203 0.075 0.083 0.210 0.175 0.071 
218 HI_SS0262    (0)    4 :  0.098 0.084 0.142 0.215 0.141 0.082 0.239 
219 HI_SS0264    (1)    4 :  0.156 0.106 0.254 0.050 0.212 0.109 0.113 
220 HI_SS0265    (0)    4 :  0.099 0.099 0.145 0.097 0.247 0.088 0.225 
221 HI_SS0268    (1)    4 :  0.125 0.047 0.276 0.082 0.213 0.159 0.099 
222 HI_SS0269    (1)    4 :  0.065 0.105 0.052 0.277 0.172 0.267 0.062 
223 HI_SS0273    (0)    4 :  0.080 0.187 0.101 0.120 0.172 0.220 0.120 
224 HI_SS0277    (1)    4 :  0.070 0.125 0.096 0.123 0.398 0.076 0.112 
225 HI_SS0280    (0)    4 :  0.149 0.060 0.135 0.141 0.125 0.126 0.264 
226 HI_SS0282    (1)    4 :  0.096 0.215 0.077 0.155 0.088 0.183 0.187 
227 HI_SS0286    (1)    4 :  0.064 0.079 0.150 0.226 0.123 0.132 0.225 
228 NS_SS1252    (3)    5 :  0.088 0.137 0.107 0.156 0.062 0.342 0.109 
229 NS_SS1261    (1)    5 :  0.081 0.137 0.178 0.206 0.165 0.126 0.106 
230 NS_SS1225    (9)    5 :  0.078 0.317 0.132 0.101 0.110 0.179 0.083 
231 NS_SS1266    (1)    5 :  0.116 0.389 0.093 0.108 0.116 0.048 0.130 
232 NS_SS1228    (0)    5 :  0.101 0.085 0.165 0.141 0.125 0.081 0.301 
233 NS_SS1255    (2)    5 :  0.358 0.121 0.092 0.138 0.075 0.143 0.073 
234 NS_SS1267    (3)    5 :  0.070 0.052 0.188 0.145 0.090 0.329 0.126 
235 NS_SS1238    (6)    5 :  0.156 0.089 0.096 0.077 0.222 0.192 0.168 
236 NS_SS1233    (8)    5 :  0.143 0.408 0.126 0.037 0.101 0.086 0.100 
237 NS_SS1277    (3)    5 :  0.224 0.063 0.082 0.205 0.086 0.212 0.128 
238 NS_SS1245    (1)    5 :  0.167 0.263 0.102 0.104 0.112 0.173 0.079 
239 NS_SS1240    (4)    5 :  0.088 0.071 0.172 0.164 0.140 0.310 0.055 
240 NS_SS1275    (2)    5 :  0.140 0.126 0.070 0.090 0.316 0.049 0.209 
241 NS_SS1235    (1)    5 :  0.231 0.198 0.065 0.231 0.129 0.098 0.048 
242 NS_SS1263    (1)    5 :  0.245 0.302 0.123 0.078 0.082 0.078 0.092 
243 NS_SS1251    (1)    5 :  0.156 0.313 0.123 0.082 0.154 0.085 0.087 
244 NS_SS1248    (0)    5 :  0.077 0.071 0.151 0.041 0.107 0.155 0.399 
245 NS_SS1244    (0)    5 :  0.080 0.192 0.052 0.140 0.302 0.106 0.128 
246 NS_SS1257    (0)    5 :  0.141 0.110 0.123 0.163 0.099 0.233 0.131 
247 NS_SS1242    (2)    5 :  0.235 0.165 0.170 0.066 0.134 0.089 0.141 
248 NS_SS1271    (6)    5 :  0.060 0.072 0.085 0.242 0.102 0.305 0.134 
249 NS_SS1265    (1)    5 :  0.122 0.143 0.133 0.057 0.150 0.290 0.104 
250 NS_SS1243    (0)    5 :  0.202 0.102 0.162 0.096 0.065 0.100 0.272 
251 NS_SS1273    (1)    5 :  0.276 0.139 0.221 0.072 0.117 0.075 0.099 
252 NS_SS1254   (14)    5 :  0.131 0.333 0.184 0.102 0.082 0.079 0.089 
253 NS_SS1224    (1)    5 :  0.114 0.246 0.107 0.112 0.108 0.076 0.236 
254 NS_SS1227    (8)    5 :  0.099 0.076 0.273 0.157 0.172 0.171 0.052 
255 NS_SS1274    (8)    5 :  0.155 0.126 0.128 0.180 0.098 0.184 0.131 
256 NS_SS1241    (1)    5 :  0.106 0.185 0.094 0.172 0.113 0.176 0.153 
257 NS_SS1256    (3)    5 :  0.128 0.268 0.106 0.072 0.186 0.175 0.066 
258 NS_SS1260    (8)    5 :  0.075 0.095 0.122 0.313 0.086 0.209 0.100 
259 NS_SS1262    (0)    5 :  0.060 0.198 0.104 0.159 0.146 0.162 0.172 
260 NS_SS1230    (0)    5 :  0.172 0.141 0.159 0.079 0.131 0.193 0.124 
261 NS_SS1270    (2)    5 :  0.092 0.241 0.107 0.049 0.125 0.094 0.291 
262 NS_SS1229    (2)    5 :  0.222 0.112 0.060 0.273 0.219 0.066 0.048 
263 NS_SS1246    (5)    5 :  0.152 0.075 0.058 0.222 0.206 0.206 0.082 
264 NS_SS1269    (0)    5 :  0.163 0.138 0.157 0.142 0.135 0.097 0.166 
265 NS_SS1239    (1)    5 :  0.144 0.071 0.090 0.315 0.076 0.057 0.248 
266 NS_SS1272    (4)    5 :  0.105 0.126 0.130 0.073 0.399 0.087 0.080 
267 NS_SS1268    (1)    5 :  0.097 0.261 0.124 0.054 0.068 0.079 0.319 
268 NS_SS1249    (0)    5 :  0.104 0.118 0.063 0.249 0.064 0.304 0.098 
269 HI_SS0559    (0)    6 :  0.153 0.134 0.152 0.131 0.057 0.145 0.229 
270 HI_SS0563    (1)    6 :  0.081 0.174 0.100 0.253 0.154 0.117 0.121 
271 HI_SS0564    (0)    6 :  0.144 0.171 0.088 0.121 0.193 0.104 0.179 
272 HI_SS0565    (0)    6 :  0.077 0.152 0.208 0.091 0.234 0.162 0.076 
273 HI_SS0569    (0)    6 :  0.052 0.281 0.170 0.079 0.120 0.215 0.083 
274 HI_SS0570    (0)    6 :  0.140 0.059 0.108 0.142 0.125 0.275 0.151 
275 HI_SS0572    (1)    6 :  0.224 0.126 0.125 0.251 0.125 0.062 0.088 
276 HI_SS0576    (0)    6 :  0.166 0.092 0.201 0.099 0.134 0.081 0.228 
277 HI_SS0579    (1)    6 :  0.083 0.321 0.100 0.197 0.061 0.155 0.084 
278 HI_SS0580    (1)    6 :  0.163 0.096 0.186 0.172 0.068 0.199 0.115 
279 HI_SS0581    (0)    6 :  0.119 0.076 0.097 0.087 0.297 0.058 0.267 
280 HI_SS0583    (1)    6 :  0.144 0.150 0.227 0.118 0.090 0.225 0.046 
281 HI_SS0586    (1)    6 :  0.070 0.073 0.267 0.070 0.087 0.317 0.116 
282 HI_SS0588    (1)    6 :  0.105 0.179 0.222 0.153 0.073 0.165 0.103 
283 HI_SS0595    (4)    6 :  0.113 0.101 0.149 0.103 0.292 0.185 0.058 
284 HI_SS0596    (0)    6 :  0.322 0.134 0.170 0.169 0.060 0.069 0.077 
285 HI_SS0597    (1)    6 :  0.254 0.150 0.130 0.112 0.193 0.092 0.068 
286 HI_SS0600    (0)    6 :  0.080 0.085 0.082 0.306 0.201 0.124 0.122 
287 HI_SS0601    (1)    6 :  0.038 0.218 0.178 0.159 0.165 0.111 0.129 
288 HI_SS0602    (1)    6 :  0.117 0.066 0.324 0.079 0.067 0.196 0.150 
289 HI_SS0604    (0)    6 :  0.198 0.214 0.126 0.075 0.071 0.122 0.194 
290 HI_SS0605    (1)    6 :  0.080 0.088 0.079 0.203 0.073 0.147 0.328 
291 HI_SS0608    (0)    6 :  0.233 0.086 0.245 0.079 0.107 0.138 0.112 
292 HI_SS0609    (0)    6 :  0.135 0.296 0.162 0.105 0.160 0.082 0.059 
293 HI_SS0611    (5)    6 :  0.077 0.074 0.209 0.118 0.067 0.223 0.232 
294 HI_SS0612    (1)    6 :  0.078 0.356 0.064 0.264 0.086 0.109 0.043 
295 HI_SS0613    (1)    6 :  0.092 0.118 0.149 0.083 0.077 0.112 0.370 
296 HI_SS0615    (0)    6 :  0.196 0.081 0.171 0.201 0.144 0.052 0.155 
297 HI_SS0001    (1)    6 :  0.267 0.092 0.088 0.145 0.157 0.166 0.084 
298 HI_SS0002    (1)    6 :  0.172 0.225 0.189 0.093 0.166 0.065 0.089 
299 HI_SS0004    (0)    6 :  0.204 0.069 0.136 0.119 0.086 0.251 0.136 
300 HI_SS0005    (1)    6 :  0.094 0.066 0.201 0.074 0.153 0.102 0.311 
301 HI_SS0006    (1)    6 :  0.099 0.209 0.091 0.131 0.179 0.204 0.087 
302 HI_SS0007    (1)    6 :  0.119 0.066 0.070 0.127 0.055 0.211 0.352 
303 HI_SS0008    (0)    6 :  0.092 0.121 0.249 0.096 0.210 0.092 0.141 
304 HI_SS0009    (0)    6 :  0.185 0.104 0.175 0.184 0.053 0.071 0.227 
305 HI_SS0010    (1)    6 :  0.088 0.120 0.251 0.110 0.139 0.158 0.135 
306 HI_SS0011    (1)    6 :  0.091 0.310 0.097 0.040 0.222 0.107 0.132 
307 HI_SS0012    (0)    6 :  0.060 0.071 0.226 0.299 0.213 0.039 0.092 
308 HI_SS0017    (1)    6 :  0.398 0.106 0.068 0.089 0.119 0.101 0.118 
309 HI_SS0021    (1)    6 :  0.098 0.080 0.248 0.079 0.187 0.230 0.079 
310 HI_SS0024    (1)    6 :  0.158 0.067 0.124 0.158 0.223 0.078 0.191 
311 HI_SS0025    (1)    6 :  0.270 0.143 0.143 0.109 0.071 0.094 0.171 
312 HI_SS0027    (0)    6 :  0.091 0.210 0.149 0.135 0.057 0.189 0.170 
313 HI_SS0028    (0)    6 :  0.124 0.060 0.312 0.045 0.259 0.042 0.158 
314 HI_SS0029    (1)    6 :  0.175 0.055 0.224 0.167 0.140 0.163 0.075 
315 HI_SS0030    (2)    6 :  0.139 0.133 0.083 0.190 0.127 0.143 0.185 
316 HI_SS0031    (0)    6 :  0.093 0.128 0.182 0.261 0.208 0.068 0.060 
317 HI_SS0034    (0)    6 :  0.115 0.199 0.068 0.183 0.073 0.243 0.120 
318 HI_SS0036    (0)    6 :  0.087 0.033 0.112 0.088 0.221 0.281 0.177 
319 HI_SS0037    (1)    6 :  0.088 0.112 0.199 0.070 0.073 0.292 0.165 
320 HI_SS0039    (0)    6 :  0.088 0.068 0.169 0.082 0.134 0.216 0.244 
321 HI_SS0041    (1)    6 :  0.192 0.063 0.123 0.109 0.118 0.087 0.308 
322 HI_SS0042    (1)    6 :  0.192 0.147 0.154 0.095 0.206 0.075 0.131 
323 HI_SS0043    (1)    6 :  0.065 0.077 0.091 0.129 0.193 0.336 0.109 
324 HI_SS0044    (1)    6 :  0.240 0.053 0.159 0.203 0.081 0.199 0.065 
325 HI_SS0047    (1)    6 :  0.218 0.126 0.115 0.141 0.124 0.076 0.200 
326 HI_SS0049    (0)    6 :  0.312 0.183 0.162 0.068 0.071 0.112 0.093 
327 HI_SS0051    (1)    6 :  0.060 0.171 0.110 0.135 0.079 0.094 0.352 
328 HI_SS0053    (1)    6 :  0.110 0.116 0.092 0.111 0.218 0.254 0.099 
329 HI_SS0054    (4)    6 :  0.059 0.249 0.096 0.081 0.096 0.254 0.166 
330 HI_SS0057    (0)    6 :  0.182 0.143 0.084 0.056 0.177 0.126 0.232 
331 HI_SS0058    (0)    6 :  0.132 0.165 0.161 0.100 0.071 0.252 0.119 
332 HI_SS0060    (0)    6 :  0.057 0.140 0.139 0.126 0.215 0.121 0.203 
333 HI_SS0087    (1)    6 :  0.117 0.187 0.122 0.105 0.213 0.152 0.104 
334 HI_SS0091    (0)    6 :  0.084 0.121 0.080 0.136 0.230 0.285 0.065 
335 HI_SS0095    (1)    6 :  0.073 0.117 0.112 0.249 0.174 0.127 0.147 
336 HI_SS0097    (3)    6 :  0.055 0.360 0.123 0.206 0.096 0.078 0.082 
337 HI_SS0099    (0)    6 :  0.197 0.086 0.359 0.076 0.089 0.119 0.075 
338 HI_SS0103    (0)    6 :  0.220 0.106 0.071 0.210 0.179 0.108 0.107 
339 HI_SS0105    (1)    6 :  0.075 0.144 0.112 0.121 0.273 0.105 0.170 
340 HI_SS0107    (1)    6 :  0.302 0.136 0.065 0.174 0.152 0.058 0.114 
341 HI_SS0108    (1)    6 :  0.088 0.110 0.068 0.136 0.105 0.380 0.112 
342 HI_SS0110    (0)    6 :  0.125 0.078 0.085 0.201 0.325 0.121 0.066 
343 HI_SS0111    (1)    6 :  0.103 0.075 0.137 0.230 0.215 0.112 0.128 
344 HI_SS0112    (0)    6 :  0.095 0.082 0.111 0.152 0.121 0.355 0.084 
345 HI_SS0113    (1)    6 :  0.255 0.144 0.138 0.080 0.194 0.080 0.110 
346 HI_SS0114    (1)    6 :  0.061 0.143 0.169 0.120 0.097 0.215 0.195 
347 HI_SS0115    (1)    6 :  0.154 0.115 0.204 0.271 0.043 0.100 0.113 
348 HI_SS0116    (4)    6 :  0.200 0.075 0.182 0.192 0.065 0.244 0.042 
349 HI_SS0117    (0)    6 :  0.098 0.208 0.097 0.091 0.264 0.188 0.053 
350 HI_SS0118    (0)    6 :  0.113 0.177 0.124 0.139 0.159 0.205 0.084 
351 HI_SS0119    (1)    6 :  0.052 0.114 0.072 0.190 0.281 0.167 0.124 
352 HI_SS0120    (1)    6 :  0.386 0.091 0.042 0.084 0.260 0.060 0.077 
353 HI_SS0121    (1)    6 :  0.067 0.134 0.184 0.054 0.369 0.062 0.130 
354 HI_SS0122    (2)    6 :  0.100 0.097 0.105 0.147 0.228 0.149 0.175 
355 HI_SS0123    (0)    6 :  0.111 0.194 0.106 0.145 0.235 0.132 0.076 
356 HI_SS0124    (1)    6 :  0.289 0.092 0.211 0.145 0.083 0.056 0.125 
357 HI_SS0125    (1)    6 :  0.142 0.088 0.210 0.211 0.163 0.053 0.134 
358 HI_SS0126    (0)    6 :  0.193 0.083 0.116 0.113 0.110 0.311 0.075 
359 HI_SS0127    (0)    6 :  0.083 0.185 0.157 0.076 0.085 0.107 0.306 
360 HI_SS0128    (0)    6 :  0.222 0.176 0.102 0.153 0.153 0.126 0.067 
361 HI_SS0129    (1)    6 :  0.162 0.083 0.082 0.130 0.135 0.223 0.186 
362 HI_SS0131    (2)    6 :  0.058 0.162 0.222 0.067 0.090 0.226 0.175 
363 HI_SS0132    (0)    6 :  0.077 0.149 0.145 0.134 0.273 0.115 0.107 
364 HI_SS0133    (1)    6 :  0.158 0.078 0.056 0.101 0.091 0.402 0.113 
365 HI_SS0134    (1)    6 :  0.122 0.187 0.142 0.155 0.139 0.141 0.115 
366 HI_SS0142    (3)    6 :  0.061 0.161 0.148 0.215 0.204 0.084 0.127 
367 HI_SS0145    (0)    6 :  0.119 0.233 0.122 0.179 0.090 0.171 0.086 
368 HI_SS0146    (1)    6 :  0.090 0.211 0.118 0.199 0.068 0.179 0.134 
369 HI_SS0147    (1)    6 :  0.094 0.153 0.084 0.093 0.115 0.090 0.372 
370 HI_SS0149    (1)    6 :  0.097 0.167 0.069 0.052 0.386 0.155 0.074 
371 HI_SS0150    (2)    6 :  0.205 0.133 0.140 0.114 0.143 0.071 0.194 
372 HI_SS0151    (0)    6 :  0.153 0.104 0.078 0.323 0.052 0.110 0.181 
373 NS_SS1451    (1)    6 :  0.188 0.084 0.135 0.199 0.145 0.060 0.189 
374 NS_SS1404    (0)    6 :  0.129 0.090 0.119 0.089 0.128 0.116 0.327 
375 NS_SS1432    (2)    6 :  0.230 0.049 0.180 0.085 0.311 0.062 0.084 
376 NS_SS1405    (4)    6 :  0.207 0.099 0.231 0.136 0.091 0.154 0.081 
377 NS_SS1431   (10)    6 :  0.256 0.106 0.107 0.068 0.292 0.074 0.097 
378 NS_SS1402    (3)    6 :  0.106 0.138 0.112 0.230 0.190 0.128 0.097 
379 NS_SS1450    (3)    6 :  0.231 0.078 0.052 0.132 0.098 0.223 0.185 
380 NS_SS1396    (0)    6 :  0.107 0.124 0.217 0.132 0.146 0.127 0.147 
381 NS_SS1393    (5)    6 :  0.100 0.074 0.219 0.264 0.101 0.121 0.121 
382 NS_SS1392   (10)    6 :  0.260 0.051 0.113 0.218 0.090 0.088 0.179 
383 NS_SS1445    (0)    6 :  0.079 0.174 0.172 0.060 0.155 0.230 0.131 
384 NS_SS1423    (0)    6 :  0.154 0.092 0.107 0.192 0.244 0.148 0.062 
385 NS_SS1421    (9)    6 :  0.138 0.149 0.078 0.134 0.197 0.177 0.126 
386 NS_SS1411    (6)    6 :  0.094 0.082 0.124 0.077 0.064 0.256 0.302 
387 NS_SS1453    (5)    6 :  0.083 0.072 0.115 0.158 0.249 0.206 0.117 
388 NS_SS1442    (2)    6 :  0.122 0.242 0.179 0.133 0.092 0.134 0.098 
389 NS_SS1422    (1)    6 :  0.120 0.240 0.068 0.315 0.102 0.080 0.076 
390 NS_SS1419    (1)    6 :  0.094 0.351 0.131 0.068 0.079 0.105 0.171 
391 NS_SS1427    (0)    6 :  0.191 0.054 0.062 0.231 0.099 0.296 0.067 
392 NS_SS1444    (3)    6 :  0.153 0.182 0.260 0.078 0.071 0.091 0.164 
393 NS_SS1455    (0)    6 :  0.237 0.214 0.189 0.110 0.127 0.068 0.055 
394 NS_SS1425    (2)    6 :  0.063 0.155 0.129 0.114 0.111 0.318 0.109 
395 NS_SS1400    (0)    6 :  0.104 0.201 0.172 0.058 0.076 0.287 0.102 
396 NS_SS1406    (1)    6 :  0.108 0.288 0.152 0.090 0.248 0.046 0.067 
397 NS_SS1417    (6)    6 :  0.180 0.175 0.078 0.071 0.163 0.202 0.132 
398 NS_SS1454    (2)    6 :  0.103 0.091 0.129 0.043 0.275 0.238 0.122 
399 NS_SS1412    (1)    6 :  0.167 0.089 0.114 0.120 0.127 0.180 0.202 
400 NS_SS1438    (1)    6 :  0.056 0.161 0.125 0.142 0.083 0.250 0.183 
401 NS_SS1416    (4)    6 :  0.126 0.127 0.145 0.148 0.169 0.142 0.143 
402 NS_SS1401    (0)    6 :  0.093 0.128 0.153 0.166 0.242 0.133 0.085 
403 NS_SS1424    (6)    6 :  0.090 0.093 0.089 0.154 0.251 0.152 0.171 
404 NS_SS1435    (9)    6 :  0.215 0.052 0.233 0.114 0.137 0.114 0.135 
405 NS_SS1447    (4)    6 :  0.132 0.208 0.120 0.078 0.120 0.089 0.252 
406 NS_SS1414    (3)    6 :  0.186 0.191 0.173 0.044 0.082 0.105 0.219 
407 NS_SS1449   (14)    6 :  0.123 0.085 0.055 0.352 0.188 0.077 0.121 
408 NS_SS1443    (4)    6 :  0.146 0.184 0.093 0.235 0.092 0.190 0.060 
409 NS_SS1434    (1)    6 :  0.287 0.109 0.075 0.260 0.072 0.132 0.065 
410 NS_SS1398    (1)    6 :  0.231 0.105 0.186 0.105 0.138 0.120 0.114 
411 NS_SS1426    (1)    6 :  0.103 0.087 0.147 0.141 0.130 0.279 0.113 
412 NS_SS1413    (0)    6 :  0.248 0.152 0.084 0.063 0.095 0.267 0.091 
413 NS_SS1395    (1)    6 :  0.103 0.096 0.183 0.196 0.175 0.175 0.072 
414 NS_SS1448   (10)    6 :  0.196 0.073 0.089 0.068 0.095 0.201 0.277 
415 NS_SS1446    (0)    6 :  0.101 0.104 0.085 0.213 0.176 0.181 0.140 
416 NS_SS1403    (2)    6 :  0.126 0.062 0.244 0.124 0.296 0.072 0.075 
417 NS_SS1415    (0)    6 :  0.128 0.112 0.171 0.119 0.095 0.239 0.136 
418 NS_SS1437    (4)    6 :  0.113 0.124 0.170 0.065 0.287 0.116 0.125 
419 NS_SS1439    (2)    6 :  0.090 0.184 0.161 0.227 0.126 0.101 0.111 
420 NS_SS1441    (3)    6 :  0.185 0.152 0.174 0.152 0.099 0.182 0.056 
421 NS_SS1420    (2)    6 :  0.105 0.064 0.115 0.128 0.048 0.068 0.471 
422 NS_SS1394    (2)    6 :  0.139 0.075 0.286 0.076 0.154 0.075 0.194 
423 NS_SS1391    (7)    6 :  0.271 0.065 0.115 0.148 0.118 0.207 0.075 
424 NS_SS1410    (5)    6 :  0.116 0.114 0.147 0.188 0.176 0.166 0.093 
425 NS_SS1408    (1)    6 :  0.108 0.154 0.109 0.145 0.233 0.087 0.164 
426 NS_SS1409    (1)    6 :  0.251 0.101 0.110 0.208 0.105 0.166 0.060 
427 HI_SS0617    (1)    7 :  0.139 0.072 0.074 0.303 0.088 0.184 0.141 
428 HI_SS0618    (2)    7 :  0.162 0.105 0.227 0.224 0.082 0.079 0.121 
429 HI_SS0619    (0)    7 :  0.217 0.082 0.248 0.098 0.097 0.157 0.102 
430 HI_SS0620    (1)    7 :  0.072 0.060 0.066 0.221 0.042 0.265 0.274 
431 HI_SS0621    (3)    7 :  0.129 0.145 0.146 0.190 0.153 0.094 0.141 
432 HI_SS0622    (1)    7 :  0.139 0.253 0.098 0.085 0.095 0.151 0.179 
433 HI_SS0626    (0)    7 :  0.083 0.066 0.224 0.059 0.152 0.121 0.295 
434 HI_SS0627    (0)    7 :  0.166 0.082 0.156 0.097 0.325 0.075 0.098 
435 HI_SS0628    (3)    7 :  0.133 0.078 0.149 0.071 0.197 0.257 0.114 
436 HI_SS0629    (1)    7 :  0.079 0.123 0.245 0.125 0.176 0.151 0.102 
437 HI_SS0630    (1)    7 :  0.122 0.105 0.194 0.165 0.072 0.165 0.178 
438 HI_SS0631    (0)    7 :  0.080 0.096 0.147 0.190 0.107 0.181 0.199 
439 HI_SS0632    (0)    7 :  0.122 0.206 0.110 0.076 0.112 0.142 0.231 
440 HI_SS0633    (0)    7 :  0.243 0.117 0.210 0.185 0.060 0.125 0.061 
441 HI_SS0634    (1)    7 :  0.099 0.089 0.102 0.119 0.239 0.137 0.216 
442 HI_SS0635    (0)    7 :  0.149 0.156 0.262 0.071 0.131 0.077 0.154 
443 HI_SS0637    (1)    7 :  0.060 0.208 0.097 0.100 0.143 0.125 0.268 
444 HI_SS0638    (0)    7 :  0.226 0.121 0.112 0.099 0.131 0.165 0.147 
445 HI_SS0639    (1)    7 :  0.113 0.134 0.181 0.172 0.134 0.059 0.207 
446 HI_SS0640    (1)    7 :  0.153 0.264 0.195 0.095 0.091 0.104 0.097 
447 HI_SS0641    (1)    7 :  0.077 0.083 0.269 0.081 0.078 0.206 0.207 
448 HI_SS0642    (0)    7 :  0.129 0.091 0.102 0.137 0.386 0.060 0.095 
449 HI_SS0645    (0)    7 :  0.142 0.135 0.238 0.111 0.059 0.060 0.254 
450 HI_SS0646    (1)    7 :  0.213 0.149 0.085 0.226 0.136 0.106 0.084 
451 HI_SS0647    (1)    7 :  0.292 0.122 0.093 0.052 0.175 0.137 0.129 
452 HI_SS0648    (0)    7 :  0.173 0.163 0.150 0.110 0.115 0.138 0.152 
453 HI_SS0649    (1)    7 :  0.133 0.143 0.229 0.204 0.103 0.105 0.082 
454 HI_SS0650    (1)    7 :  0.300 0.071 0.101 0.226 0.126 0.067 0.109 
455 HI_SS0651    (1)    7 :  0.123 0.135 0.217 0.216 0.097 0.103 0.110 
456 HI_SS0652    (1)    7 :  0.205 0.088 0.119 0.063 0.071 0.069 0.385 
457 NS_SS1371    (3)    7 :  0.091 0.070 0.160 0.317 0.200 0.101 0.061 
458 NS_SS1374    (0)    7 :  0.107 0.056 0.096 0.075 0.228 0.245 0.193 
459 NS_SS1337    (3)    7 :  0.137 0.095 0.051 0.070 0.224 0.074 0.349 
460 NS_SS1385    (5)    7 :  0.187 0.139 0.137 0.209 0.132 0.094 0.102 
461 NS_SS1388    (0)    7 :  0.184 0.088 0.320 0.073 0.115 0.154 0.066 
462 NS_SS1370    (1)    7 :  0.042 0.078 0.087 0.151 0.089 0.048 0.506 
463 NS_SS1389    (3)    7 :  0.203 0.070 0.296 0.061 0.118 0.123 0.129 
464 NS_SS1360    (1)    7 :  0.078 0.149 0.267 0.105 0.096 0.157 0.148 
465 NS_SS1330    (0)    7 :  0.161 0.126 0.166 0.174 0.102 0.061 0.208 
466 NS_SS1328    (8)    7 :  0.272 0.111 0.052 0.133 0.130 0.236 0.065 
467 NS_SS1384    (1)    7 :  0.074 0.172 0.179 0.142 0.181 0.109 0.144 
468 NS_SS1381    (0)    7 :  0.314 0.138 0.087 0.227 0.079 0.056 0.098 
469 NS_SS1375    (1)    7 :  0.293 0.046 0.188 0.151 0.114 0.094 0.114 
470 NS_SS1319   (10)    7 :  0.109 0.081 0.144 0.201 0.215 0.111 0.139 
471 NS_SS1326    (2)    7 :  0.174 0.072 0.163 0.109 0.098 0.320 0.063 
472 NS_SS1341    (1)    7 :  0.071 0.158 0.121 0.106 0.273 0.180 0.091 
473 NS_SS1383    (1)    7 :  0.102 0.087 0.106 0.131 0.310 0.098 0.166 
474 NS_SS1318    (3)    7 :  0.145 0.140 0.145 0.172 0.070 0.114 0.213 
475 NS_SS1348    (2)    7 :  0.080 0.123 0.153 0.154 0.144 0.212 0.134 
476 NS_SS1363    (0)    7 :  0.106 0.170 0.124 0.141 0.150 0.095 0.214 
477 NS_SS1335    (4)    7 :  0.066 0.221 0.163 0.118 0.137 0.163 0.131 
478 NS_SS1358    (0)    7 :  0.101 0.239 0.057 0.153 0.188 0.137 0.125 
479 NS_SS1342    (1)    7 :  0.078 0.183 0.088 0.157 0.277 0.160 0.058 
480 NS_SS1320    (2)    7 :  0.367 0.216 0.120 0.128 0.075 0.040 0.054 
481 NS_SS1355    (1)    7 :  0.171 0.308 0.121 0.097 0.089 0.076 0.138 
482 NS_SS1345    (1)    7 :  0.100 0.489 0.064 0.112 0.068 0.058 0.109 
483 NS_SS1324    (0)    7 :  0.087 0.139 0.203 0.178 0.119 0.177 0.097 
484 NS_SS1347    (5)    7 :  0.069 0.123 0.149 0.315 0.157 0.079 0.108 
485 NS_SS1321    (4)    7 :  0.077 0.058 0.102 0.138 0.266 0.197 0.161 
486 NS_SS1333    (0)    7 :  0.095 0.040 0.190 0.104 0.282 0.210 0.079 
487 NS_SS1364    (1)    7 :  0.102 0.326 0.128 0.048 0.109 0.209 0.079 
488 NS_SS1379    (0)    7 :  0.194 0.155 0.120 0.187 0.116 0.111 0.117 
489 NS_SS1332    (0)    7 :  0.103 0.082 0.244 0.080 0.145 0.291 0.056 
490 NS_SS1338    (5)    7 :  0.071 0.077 0.231 0.145 0.120 0.167 0.190 
491 NS_SS1368    (6)    7 :  0.114 0.262 0.106 0.055 0.155 0.240 0.068 
492 NS_SS1354    (1)    7 :  0.115 0.200 0.159 0.115 0.176 0.117 0.118 
493 NS_SS1365    (0)    7 :  0.183 0.163 0.117 0.107 0.142 0.096 0.192 
494 NS_SS1380    (1)    7 :  0.129 0.241 0.147 0.075 0.133 0.079 0.195 
495 NS_SS1329    (8)    7 :  0.111 0.180 0.088 0.077 0.299 0.194 0.052 
496 NS_SS1362    (0)    7 :  0.176 0.137 0.168 0.128 0.193 0.110 0.089 
497 NS_SS1327    (2)    7 :  0.090 0.049 0.153 0.120 0.108 0.392 0.089 
498 NS_SS1350    (0)    7 :  0.210 0.047 0.090 0.338 0.108 0.122 0.084 
499 NS_SS1387    (2)    7 :  0.093 0.113 0.327 0.117 0.084 0.096 0.170 
500 NS_SS1369    (8)    7 :  0.074 0.301 0.053 0.076 0.088 0.239 0.169 
501 NS_SS1331    (1)    7 :  0.139 0.068 0.170 0.071 0.191 0.184 0.178 
502 NS_SS1357    (4)    7 :  0.303 0.090 0.065 0.239 0.102 0.153 0.049 
503 NS_SS1386    (1)    7 :  0.070 0.162 0.064 0.058 0.238 0.348 0.059 
504 NS_SS1353    (2)    7 :  0.316 0.091 0.126 0.098 0.166 0.119 0.083 
505 NS_SS1323    (0)    7 :  0.181 0.224 0.116 0.079 0.223 0.065 0.112 
506 HI_SS0296    (0)    8 :  0.096 0.132 0.096 0.204 0.056 0.190 0.227 
507 HI_SS0297    (0)    8 :  0.261 0.063 0.069 0.162 0.285 0.081 0.078 
508 HI_SS0299    (0)    8 :  0.125 0.185 0.078 0.124 0.134 0.133 0.222 
509 HI_SS0300    (0)    8 :  0.113 0.280 0.085 0.118 0.069 0.130 0.205 
510 HI_SS0301    (0)    8 :  0.052 0.138 0.201 0.043 0.186 0.092 0.287 
511 HI_SS0302    (0)    8 :  0.077 0.148 0.164 0.100 0.070 0.185 0.256 
512 HI_SS0303    (0)    8 :  0.207 0.123 0.172 0.081 0.078 0.278 0.062 
513 HI_SS0304    (0)    8 :  0.243 0.061 0.161 0.055 0.141 0.176 0.162 
514 HI_SS0306    (5)    8 :  0.124 0.113 0.076 0.064 0.091 0.275 0.257 
515 HI_SS0307    (1)    8 :  0.138 0.190 0.183 0.127 0.132 0.074 0.156 
516 HI_SS0308    (1)    8 :  0.056 0.157 0.288 0.205 0.148 0.073 0.074 
