   NS_SS0963  1 0.0706 0.0927 0.2754 0.1975 0.1556 0.2081 
   NS_SS0983  1 0.0611 0.3109 0.1324 0.1499 0.1779 0.1679 
   NS_SS0719  1 0.1285 0.1560 0.2061 0.2146 0.1657 0.1292 
   NS_SS1001  1 0.2060 0.1072 0.0844 0.1844 0.2301 0.1879 
   NS_SS0936  1 0.1557 0.0908 0.2296 0.0911 0.2138 0.2190 
   NS_SS0955  1 0.0589 0.1951 0.1753 0.2170 0.1522 0.2015 
   NS_SS0944  1 0.1045 0.1814 0.1075 0.1918 0.1502 0.2646 
   NS_SS0945  1 0.2736 0.2105 0.1510 0.1045 0.1113 0.1490 
   NS_SS0922  1 0.1738 0.0793 0.1733 0.1909 0.2554 0.1272 
   NS_SS0929  1 0.1280 0.2132 0.1793 0.1108 0.1571 0.2116 
   NS_SS0956  1 0.1840 0.0764 0.1042 0.3603 0.1464 0.1287 
   NS_SS0906  1 0.1344 0.2042 0.1519 0.1023 0.1133 0.2940 
   NS_SS0721  1 0.1222 0.1333 0.1452 0.3613 0.1375 0.1005 
   NS_SS0982  1 0.1839 0.1197 0.1816 0.1821 0.1143 0.2184 
   NS_SS0923  1 0.2479 0.1143 0.1529 0.1320 0.1553 0.1975 
   NS_SS0905  1 0.2905 0.1586 0.0777 0.1093 0.1444 0.2196 
   NS_SS0925  1 0.1163 0.0644 0.1231 0.1774 0.2552 0.2635 
   NS_SS0947  1 0.1500 0.1132 0.1769 0.1207 0.2098 0.2294 
   NS_SS0926  1 0.1259 0.3077 0.2755 0.0888 0.0605 0.1416 
   NS_SS0918  1 0.1991 0.0900 0.1368 0.1514 0.0684 0.3544 
   NS_SS0966  1 0.1674 0.1145 0.1969 0.1091 0.1354 0.2767 
   NS_SS0938  1 0.1287 0.0770 0.3747 0.1192 0.2043 0.0960 
   NS_SS0917  1 0.1875 0.2295 0.1922 0.1374 0.1831 0.0703 
   NS_SS0957  1 0.2161 0.1243 0.1634 0.2610 0.0908 0.1444 
   NS_SS0987  1 0.2019 0.1514 0.0989 0.3300 0.0590 0.1587 
   NS_SS0717  1 0.2993 0.1012 0.0636 0.1656 0.1685 0.2018 
   NS_SS0986  1 0.1877 0.2217 0.1732 0.2019 0.0542 0.1612 
   NS_SS0953  1 0.1727 0.1033 0.0691 0.1486 0.1986 0.3077 
   NS_SS0907  1 0.1544 0.1626 0.1189 0.0900 0.1085 0.3656 
   NS_SS0974  1 0.1953 0.1644 0.1235 0.0827 0.2206 0.2135 
   NS_SS0989  1 0.0794 0.2514 0.2605 0.1084 0.2345 0.0659 
   NS_SS0991  1 0.0760 0.2350 0.0824 0.2573 0.0648 0.2845 
   NS_SS0994  1 0.1142 0.4004 0.1049 0.0817 0.1956 0.1032 
   NS_SS0931  1 0.0845 0.2728 0.2081 0.1762 0.0631 0.1953 
   NS_SS1000  1 0.2685 0.1124 0.1617 0.0985 0.1506 0.2082 
   NS_SS0919  1 0.1214 0.1941 0.2796 0.0801 0.0947 0.2302 
   NS_SS0949  1 0.0693 0.2441 0.1854 0.1775 0.2363 0.0875 
   NS_SS0960  1 0.1742 0.2208 0.1240 0.1512 0.1284 0.2014 
   NS_SS0716  1 0.5121 0.1118 0.0827 0.1736 0.0613 0.0585 
   NS_SS0924  1 0.1266 0.1812 0.1467 0.1602 0.1556 0.2297 
   NS_SS0935  1 0.1347 0.2820 0.0706 0.1877 0.1388 0.1862 
   NS_SS0952  1 0.1283 0.2555 0.1644 0.0911 0.1257 0.2349 
   NS_SS0962  1 0.2464 0.1025 0.3089 0.1165 0.1047 0.1210 
   NS_SS0973  1 0.0903 0.1240 0.1127 0.1566 0.2462 0.2702 
   NS_SS0722  1 0.2877 0.0732 0.0695 0.1001 0.2187 0.2508 
   NS_SS0979  1 0.2562 0.1028 0.1699 0.2034 0.0896 0.1782 
   NS_SS0993  1 0.1468 0.0657 0.1477 0.1697 0.2124 0.2577 
   NS_SS0958  1 0.2280 0.2777 0.1183 0.0995 0.1285 0.1481 
   NS_SS0988  1 0.1800 0.1967 0.2612 0.0924 0.0635 0.2061 
   NS_SS1003  1 0.0669 0.0663 0.3993 0.2706 0.0664 0.1305 
   NS_SS0976  1 0.0779 0.2311 0.2666 0.1470 0.1031 0.1742 
   NS_SS0964  1 0.2688 0.0791 0.0808 0.2103 0.2344 0.1266 
   NS_SS0939  1 0.4295 0.0735 0.1241 0.2374 0.0854 0.0501 
   NS_SS0990  1 0.2377 0.2154 0.2843 0.1320 0.0647 0.0658 
   NS_SS0984  1 0.2994 0.0785 0.1763 0.1144 0.1878 0.1437 
   NS_SS0980  1 0.1517 0.0845 0.0988 0.0805 0.3355 0.2490 
   NS_SS0978  1 0.1634 0.1135 0.1945 0.1105 0.2360 0.1821 
   NS_SS0951  1 0.1730 0.2213 0.0689 0.2348 0.0686 0.2334 
   NS_SS0913  1 0.2450 0.1134 0.1037 0.2410 0.1417 0.1552 
   NS_SS1002  1 0.1600 0.0769 0.4202 0.0606 0.0895 0.1928 
   NS_SS0948  1 0.1653 0.1716 0.1667 0.1365 0.1081 0.2517 
   NS_SS0916  1 0.1263 0.1303 0.1767 0.1380 0.3500 0.0787 
   NS_SS0995  1 0.2260 0.0954 0.1261 0.1432 0.2923 0.1169 
   NS_SS0927  1 0.1946 0.2232 0.1637 0.0857 0.2295 0.1033 
   NS_SS0992  1 0.1377 0.1495 0.2067 0.0888 0.2917 0.1256 
   NS_SS0912  1 0.1712 0.2160 0.1579 0.2474 0.0571 0.1503 
   NS_SS0981  1 0.1900 0.1025 0.2309 0.1880 0.0656 0.2230 
   NS_SS0729  2 0.0613 0.2598 0.1078 0.0631 0.3350 0.1729 
   NS_SS0967  2 0.1342 0.1007 0.2628 0.1076 0.1582 0.2366 
   NS_SS0941  2 0.1510 0.1076 0.1848 0.1670 0.2773 0.1123 
   NS_SS0768  2 0.1397 0.1377 0.1700 0.2666 0.1054 0.1806 
   NS_SS0726  2 0.0545 0.1609 0.2216 0.0991 0.3530 0.1109 
   NS_SS0763  2 0.1365 0.2319 0.1294 0.1164 0.2168 0.1690 
   NS_SS0730  2 0.2969 0.0999 0.1897 0.1563 0.1455 0.1118 
   NS_SS0774  2 0.2721 0.0712 0.1666 0.0902 0.2492 0.1508 
   NS_SS0723  2 0.1793 0.0621 0.2244 0.1588 0.1928 0.1826 
   NS_SS0940  2 0.1840 0.1783 0.1753 0.1597 0.2128 0.0898 
   NS_SS0762  2 0.2940 0.0521 0.0743 0.1441 0.2553 0.1802 
   NS_SS0766  2 0.2813 0.1608 0.0891 0.1564 0.2345 0.0778 
   NS_SS0724  2 0.1210 0.1016 0.1134 0.2347 0.1707 0.2585 
   NS_SS0769  2 0.2374 0.1547 0.2093 0.1450 0.1019 0.1516 
   NS_SS0777  2 0.1795 0.2479 0.1628 0.1726 0.0682 0.1690 
   NS_SS0734  2 0.1692 0.1659 0.1251 0.2674 0.1682 0.1042 
   NS_SS0737  2 0.2271 0.0690 0.1346 0.1322 0.3543 0.0828 
   NS_SS0732  2 0.1695 0.0771 0.0860 0.3328 0.1437 0.1908 
   NS_SS0728  2 0.1588 0.1071 0.1259 0.2162 0.2869 0.1050 
   NS_SS0735  2 0.1288 0.0915 0.0689 0.2359 0.3006 0.1742 
   NS_SS0725  2 0.1342 0.0935 0.2292 0.2140 0.2204 0.1088 
   NS_SS0788  2 0.1531 0.1462 0.3356 0.1238 0.1390 0.1023 
   NS_SS0778  2 0.1147 0.1876 0.2720 0.1970 0.1156 0.1131 
   NS_SS0792  2 0.1278 0.1401 0.0867 0.2503 0.2330 0.1622 
   NS_SS0943  2 0.0614 0.2340 0.0967 0.2059 0.1153 0.2867 
   NS_SS0791  2 0.1239 0.1408 0.0986 0.2648 0.3057 0.0663 
   NS_SS0790  2 0.1964 0.0509 0.1134 0.2631 0.1091 0.2672 
   NS_SS0731  2 0.2628 0.1161 0.1098 0.2918 0.0765 0.1429 
   NS_SS0727  2 0.1439 0.1997 0.0614 0.1094 0.3848 0.1008 
   NS_SS0779  2 0.1758 0.1508 0.1734 0.1841 0.1470 0.1688 
   NS_SS0776  2 0.2427 0.1426 0.1794 0.1560 0.1693 0.1101 
   NS_SS0775  2 0.3937 0.0703 0.0950 0.1512 0.1973 0.0926 
   NS_SS0965  3 0.1208 0.1112 0.1811 0.2855 0.1011 0.2003 
   NS_SS0754  3 0.0876 0.2031 0.1154 0.2860 0.1916 0.1163 
   NS_SS0838  3 0.2056 0.1623 0.2222 0.1207 0.1404 0.1488 
   NS_SS0839  3 0.2620 0.0630 0.1833 0.1696 0.1936 0.1286 
   NS_SS0832  3 0.1866 0.0571 0.1406 0.1979 0.1006 0.3172 
   NS_SS0820  3 0.1334 0.0712 0.2453 0.2407 0.1383 0.1710 
   NS_SS0886  3 0.1468 0.2076 0.1630 0.2185 0.1448 0.1193 
   NS_SS0748  3 0.1752 0.1951 0.1494 0.1350 0.0912 0.2541 
   NS_SS0884  3 0.1351 0.1462 0.1601 0.1657 0.2154 0.1775 
   NS_SS0752  3 0.1910 0.1169 0.1621 0.1189 0.2576 0.1535 
   NS_SS0862  3 0.0933 0.0694 0.0959 0.3704 0.1763 0.1947 
   NS_SS0787  3 0.1408 0.4225 0.1206 0.1141 0.0820 0.1199 
   NS_SS0843  3 0.1339 0.1308 0.1222 0.1808 0.2223 0.2101 
   NS_SS0856  3 0.2375 0.1401 0.1737 0.1164 0.2708 0.0616 
   NS_SS0846  3 0.0845 0.1783 0.1916 0.0721 0.2079 0.2655 
   NS_SS0825  3 0.0767 0.1592 0.3286 0.2313 0.0798 0.1244 
   NS_SS0757  3 0.1359 0.1958 0.1265 0.2396 0.1039 0.1982 
   NS_SS0876  3 0.1427 0.1119 0.1186 0.2078 0.2258 0.1932 
   NS_SS0903  3 0.1366 0.0639 0.1339 0.0770 0.3351 0.2534 
   NS_SS0875  3 0.3014 0.1498 0.1956 0.1441 0.0838 0.1254 
   NS_SS0740  3 0.1394 0.1266 0.1111 0.1890 0.2031 0.2306 
   NS_SS0811  3 0.3452 0.0709 0.0835 0.2812 0.0727 0.1466 
   NS_SS0751  3 0.2616 0.1251 0.2428 0.1132 0.1604 0.0969 
   NS_SS0891  3 0.1889 0.1339 0.2280 0.1301 0.1907 0.1284 
   NS_SS0867  3 0.0591 0.1721 0.1571 0.2056 0.0908 0.3153 
   NS_SS0890  3 0.2297 0.1396 0.1464 0.1063 0.1801 0.1979 
   NS_SS0866  3 0.1030 0.3483 0.1299 0.1518 0.1790 0.0880 
   NS_SS0755  3 0.1537 0.1192 0.1452 0.2355 0.1219 0.2245 
   NS_SS0758  3 0.1278 0.1376 0.1421 0.1372 0.2867 0.1685 
   NS_SS0840  3 0.1982 0.0599 0.2593 0.1653 0.1141 0.2032 
   NS_SS0889  3 0.1076 0.2902 0.1102 0.2652 0.0972 0.1297 
   NS_SS1010  3 0.2356 0.1418 0.2596 0.1038 0.0885 0.1706 
   NS_SS0888  3 0.1180 0.2373 0.0653 0.1890 0.3159 0.0744 
   NS_SS0837  3 0.1558 0.0922 0.1092 0.2971 0.0970 0.2486 
   NS_SS0794  3 0.2082 0.2542 0.0675 0.1410 0.2199 0.1092 
   NS_SS0823  3 0.1361 0.0863 0.1561 0.1159 0.1987 0.3069 
   NS_SS0829  3 0.1095 0.3549 0.0835 0.2046 0.0610 0.1864 
   NS_SS0844  3 0.0818 0.0529 0.0914 0.1124 0.1604 0.5010 
   NS_SS1008  3 0.2376 0.2360 0.0835 0.1238 0.1870 0.1320 
   NS_SS0881  3 0.1898 0.1713 0.2898 0.1533 0.0914 0.1044 
   NS_SS0834  3 0.1564 0.0876 0.2442 0.1289 0.2577 0.1252 
   NS_SS0744  3 0.0839 0.1284 0.2041 0.2077 0.2198 0.1561 
   NS_SS0899  3 0.2646 0.0879 0.0951 0.2474 0.0715 0.2336 
   NS_SS0804  3 0.1477 0.0607 0.1695 0.2430 0.1584 0.2207 
   NS_SS0781  3 0.2218 0.0741 0.2670 0.1104 0.1011 0.2255 
   NS_SS0822  3 0.0780 0.1610 0.0900 0.1955 0.2659 0.2097 
   NS_SS1004  3 0.1175 0.1123 0.1568 0.1714 0.1371 0.3049 
   NS_SS0746  3 0.1260 0.1768 0.1360 0.0997 0.1338 0.3276 
   NS_SS0880  3 0.1216 0.0973 0.1995 0.1808 0.1536 0.2472 
   NS_SS0879  3 0.1213 0.1181 0.1347 0.2219 0.2132 0.1909 
   NS_SS0753  3 0.1454 0.2196 0.0892 0.2060 0.1138 0.2260 
   NS_SS1007  3 0.2290 0.1182 0.1894 0.0772 0.3182 0.0680 
   NS_SS0872  3 0.2524 0.0932 0.1860 0.1101 0.1733 0.1849 
   NS_SS1005  3 0.1735 0.1169 0.1982 0.1000 0.1088 0.3025 
   NS_SS0892  3 0.1957 0.1660 0.1458 0.1727 0.1569 0.1628 
   NS_SS0898  3 0.1383 0.2073 0.1477 0.1928 0.1222 0.1916 
   NS_SS0801  3 0.1713 0.1534 0.1239 0.2509 0.0853 0.2151 
   NS_SS0827  3 0.2911 0.2075 0.1216 0.1707 0.0614 0.1478 
   NS_SS0853  3 0.3315 0.1994 0.0694 0.1833 0.0765 0.1400 
   NS_SS0780  3 0.1456 0.0889 0.2423 0.2365 0.1584 0.1283 
   NS_SS0826  3 0.0669 0.1467 0.3557 0.1257 0.0625 0.2426 
   NS_SS0818  3 0.2082 0.0658 0.2111 0.1810 0.1863 0.1477 
   NS_SS0745  3 0.4072 0.0813 0.1272 0.2099 0.1177 0.0567 
   NS_SS0849  3 0.1333 0.1035 0.1791 0.3890 0.0462 0.1489 
   NS_SS0739  3 0.2017 0.1242 0.2548 0.2032 0.1523 0.0638 
   NS_SS0799  3 0.1729 0.1780 0.0587 0.1562 0.2971 0.1370 
   NS_SS0756  3 0.1485 0.0817 0.2166 0.1427 0.0825 0.3280 
   NS_SS0802  3 0.1433 0.1983 0.2517 0.0903 0.1924 0.1240 
   NS_SS0747  3 0.1454 0.1390 0.1955 0.1207 0.1633 0.2361 
   NS_SS0835  3 0.1150 0.3312 0.1574 0.0828 0.1822 0.1314 
   NS_SS0742  3 0.1344 0.0913 0.2160 0.1882 0.1812 0.1889 
   NS_SS0760  3 0.1753 0.3454 0.1131 0.0915 0.1219 0.1527 
   NS_SS0803  3 0.0804 0.0589 0.0632 0.1101 0.2806 0.4068 
   NS_SS0828  3 0.1820 0.1529 0.1196 0.2630 0.1275 0.1550 
   NS_SS0865  3 0.0751 0.1447 0.2377 0.2837 0.0926 0.1663 
   NS_SS0759  3 0.2507 0.0880 0.1372 0.2007 0.1714 0.1520 
   NS_SS0851  3 0.1575 0.0850 0.1412 0.4558 0.0585 0.1020 
   NS_SS0874  3 0.1649 0.0966 0.1195 0.1165 0.1328 0.3698 
   NS_SS0761  3 0.0747 0.2903 0.1462 0.1961 0.0973 0.1953 
   NS_SS0842  3 0.2607 0.2355 0.1081 0.1155 0.1169 0.1634 
   NS_SS0785  3 0.1353 0.1835 0.1116 0.1608 0.1793 0.2295 
   NS_SS0860  3 0.1142 0.3555 0.1325 0.0882 0.1520 0.1575 
   NS_SS0897  3 0.1139 0.3723 0.0868 0.1971 0.1321 0.0978 
   NS_SS0841  3 0.2773 0.0790 0.1132 0.2657 0.1055 0.1593 
   NS_SS0797  3 0.1214 0.2134 0.1610 0.2643 0.0806 0.1594 
   NS_SS0830  3 0.1624 0.1494 0.1889 0.2309 0.1201 0.1483 
   NS_SS1011  3 0.0743 0.0777 0.3458 0.1943 0.1208 0.1870 
   NS_SS0883  3 0.2444 0.1624 0.0815 0.2144 0.1336 0.1637 
   NS_SS0782  3 0.1858 0.1581 0.0886 0.1249 0.2970 0.1456 
   NS_SS0831  3 0.1168 0.2845 0.0864 0.2827 0.1031 0.1266 
   NS_SS0749  3 0.1485 0.1485 0.1307 0.2730 0.2034 0.0960 
   NS_SS0854  3 0.0968 0.1336 0.0998 0.1553 0.3870 0.1275 
   HI_SS0193  4 0.0737 0.1955 0.1623 0.2433 0.2400 0.0852 
   HI_SS0194  4 0.1342 0.1089 0.2969 0.1358 0.2063 0.1179 
   HI_SS0195  4 0.1869 0.0611 0.2519 0.3137 0.1074 0.0790 
   HI_SS0196  4 0.2463 0.1589 0.1177 0.1175 0.2505 0.1091 
   HI_SS0197  4 0.1252 0.1045 0.5210 0.0696 0.1007 0.0790 
   HI_SS0198  4 0.1371 0.1751 0.1529 0.2753 0.1478 0.1118 
   HI_SS0199  4 0.1433 0.1797 0.0823 0.1072 0.3751 0.1123 
   HI_SS0201  4 0.0657 0.3209 0.1094 0.1945 0.0906 0.2189 
   HI_SS0215  4 0.1096 0.3075 0.1595 0.1442 0.0888 0.1903 
   HI_SS0218  4 0.1203 0.3016 0.0698 0.1963 0.2385 0.0734 
   HI_SS0222  4 0.1868 0.1457 0.1935 0.2142 0.1817 0.0781 
   HI_SS0230  4 0.2721 0.1307 0.2642 0.0935 0.0599 0.1796 
   HI_SS0234  4 0.0884 0.1068 0.2273 0.0747 0.3615 0.1414 
   HI_SS0240  4 0.1531 0.0875 0.1099 0.1523 0.4087 0.0887 
   HI_SS0241  4 0.1207 0.2407 0.1559 0.1574 0.1667 0.1587 
   HI_SS0242  4 0.1084 0.1593 0.1245 0.2089 0.1697 0.2293 
   HI_SS0247  4 0.1198 0.1247 0.1930 0.1412 0.0708 0.3505 
   HI_SS0248  4 0.1731 0.2503 0.0526 0.0803 0.2577 0.1861 
   HI_SS0252  4 0.1137 0.0932 0.0892 0.2337 0.2690 0.2012 
   HI_SS0254  4 0.1157 0.1892 0.2565 0.0899 0.1549 0.1937 
   HI_SS0256  4 0.1846 0.0357 0.2175 0.1324 0.1921 0.2376 
   HI_SS0257  4 0.0595 0.2407 0.1850 0.0620 0.2130 0.2398 
   HI_SS0258  4 0.1380 0.2738 0.0958 0.1501 0.1624 0.1798 
   HI_SS0259  4 0.1176 0.0972 0.3258 0.1809 0.1882 0.0903 
   HI_SS0260  4 0.2555 0.2622 0.0940 0.0924 0.1901 0.1058 
   HI_SS0261  4 0.0956 0.1761 0.2507 0.0925 0.1581 0.2269 
   HI_SS0262  4 0.1865 0.1062 0.1513 0.2689 0.1770 0.1101 
   HI_SS0264  4 0.3153 0.1357 0.2230 0.1310 0.0576 0.1374 
   HI_SS0265  4 0.1341 0.1173 0.2545 0.2400 0.1122 0.1419 
   HI_SS0268  4 0.2897 0.2075 0.2426 0.1174 0.0873 0.0556 
   HI_SS0269  4 0.0543 0.3028 0.1889 0.0690 0.2532 0.1319 
   HI_SS0273  4 0.1069 0.2422 0.1772 0.1282 0.1217 0.2238 
   HI_SS0277  4 0.0821 0.0877 0.4652 0.1299 0.0912 0.1440 
   HI_SS0280  4 0.2080 0.1324 0.1451 0.3138 0.1248 0.0759 
   HI_SS0282  4 0.0890 0.1920 0.1008 0.2109 0.1639 0.2433 
   HI_SS0286  4 0.0958 0.1811 0.1543 0.2699 0.1925 0.1063 
   NS_SS1252  5 0.1020 0.3848 0.0686 0.1327 0.1704 0.1414 
   NS_SS1261  5 0.2052 0.1662 0.1895 0.1109 0.1691 0.1592 
   NS_SS1225  5 0.0928 0.2098 0.1380 0.0955 0.1095 0.3546 
   NS_SS1266  5 0.1203 0.0573 0.1323 0.1371 0.1280 0.4250 
   NS_SS1228  5 0.2105 0.0880 0.1383 0.3266 0.1327 0.1040 
   NS_SS1255  5 0.2578 0.1310 0.1003 0.0850 0.2955 0.1304 
   NS_SS1267  5 0.1082 0.4050 0.1074 0.1505 0.1576 0.0712 
   NS_SS1238  5 0.1616 0.1878 0.2813 0.1908 0.0883 0.0902 
   NS_SS1233  5 0.2057 0.0973 0.1282 0.1233 0.0549 0.3906 
   NS_SS1277  5 0.1394 0.2121 0.1010 0.1724 0.2965 0.0786 
   NS_SS1245  5 0.1174 0.1994 0.1532 0.0927 0.1472 0.2902 
   NS_SS1240  5 0.0999 0.3946 0.1621 0.0750 0.1687 0.0997 
   NS_SS1275  5 0.1096 0.0497 0.3771 0.2172 0.1165 0.1299 
   NS_SS1235  5 0.0823 0.1068 0.1695 0.0558 0.3477 0.2378 
   NS_SS1263  5 0.2315 0.0809 0.1095 0.1090 0.1683 0.3008 
   NS_SS1251  5 0.1381 0.0977 0.1740 0.1047 0.1370 0.3485 
   NS_SS1248  5 0.1520 0.1788 0.1146 0.4290 0.0458 0.0798 
   NS_SS1244  5 0.0544 0.1099 0.3580 0.1649 0.1168 0.1961 
   NS_SS1257  5 0.1205 0.2536 0.1022 0.1601 0.2215 0.1420 
   NS_SS1242  5 0.2977 0.1044 0.1584 0.1588 0.1100 0.1708 
   NS_SS1271  5 0.0883 0.3485 0.1152 0.1721 0.1863 0.0897 
   NS_SS1265  5 0.1365 0.3281 0.1822 0.1190 0.0790 0.1553 
   NS_SS1243  5 0.2093 0.1132 0.0754 0.3103 0.1744 0.1174 
   NS_SS1273  5 0.3927 0.0773 0.1263 0.1082 0.1420 0.1535 
   NS_SS1254  5 0.2331 0.0997 0.0919 0.1019 0.1130 0.3605 
   NS_SS1224  5 0.1515 0.0827 0.1146 0.2428 0.1223 0.2860 
   NS_SS1227  5 0.2009 0.2617 0.1814 0.0692 0.1800 0.1069 
   NS_SS1274  5 0.1492 0.2073 0.1313 0.1466 0.2184 0.1472 
   NS_SS1241  5 0.1053 0.1979 0.1491 0.1698 0.1656 0.2124 
   NS_SS1256  5 0.1253 0.1957 0.2135 0.0792 0.0845 0.3018 
   NS_SS1260  5 0.1363 0.2586 0.0971 0.1114 0.2675 0.1291 
   NS_SS1262  5 0.0810 0.1744 0.1619 0.1929 0.1330 0.2568 
   NS_SS1230  5 0.2174 0.2113 0.1444 0.1473 0.1115 0.1681 
   NS_SS1270  5 0.0831 0.1042 0.1482 0.3036 0.0625 0.2984 
   NS_SS1229  5 0.0803 0.0754 0.2818 0.0616 0.3757 0.1253 
   NS_SS1246  5 0.0703 0.2285 0.2506 0.1124 0.2574 0.0808 
   NS_SS1269  5 0.1908 0.1199 0.1470 0.1939 0.1793 0.1691 
   NS_SS1239  5 0.0988 0.0707 0.0876 0.3055 0.3468 0.0906 
   NS_SS1272  5 0.0936 0.1217 0.4585 0.0886 0.0849 0.1527 
   NS_SS1268  5 0.1431 0.0852 0.0719 0.3477 0.0679 0.2842 
   NS_SS1249  5 0.0924 0.3148 0.0761 0.1159 0.2798 0.1209 
   HI_SS0559  6 0.1634 0.1495 0.0697 0.2539 0.1828 0.1807 
   HI_SS0563  6 0.1126 0.1511 0.1712 0.1473 0.2146 0.2034 
   HI_SS0564  6 0.0920 0.1118 0.2422 0.2185 0.1651 0.1704 
   HI_SS0565  6 0.1586 0.2152 0.2502 0.0977 0.0917 0.1866 
   HI_SS0569  6 0.0837 0.2894 0.1198 0.1029 0.0595 0.3447 
   HI_SS0570  6 0.1133 0.2975 0.1670 0.1889 0.1635 0.0698 
   HI_SS0572  6 0.1959 0.0779 0.1516 0.0922 0.3131 0.1693 
   HI_SS0576  6 0.2279 0.0848 0.1649 0.2739 0.1440 0.1045 
   HI_SS0579  6 0.0702 0.1793 0.0708 0.0927 0.1984 0.3886 
   HI_SS0580  6 0.2477 0.2186 0.0803 0.1272 0.2111 0.1150 
   HI_SS0581  6 0.1238 0.0689 0.3439 0.2777 0.0997 0.0859 
   HI_SS0583  6 0.2168 0.3046 0.1078 0.0579 0.1514 0.1615 
   HI_SS0586  6 0.2179 0.3938 0.0998 0.1397 0.0639 0.0849 
   HI_SS0588  6 0.1392 0.2187 0.0848 0.1330 0.1852 0.2390 
   HI_SS0595  6 0.1594 0.2179 0.3133 0.0685 0.1308 0.1101 
   HI_SS0596  6 0.3247 0.0715 0.0738 0.0895 0.2852 0.1552 
   HI_SS0597  6 0.2283 0.1048 0.2613 0.0853 0.1561 0.1643 
   HI_SS0600  6 0.0838 0.1724 0.2260 0.1570 0.2490 0.1118 
   HI_SS0601  6 0.0897 0.1585 0.1975 0.1591 0.1086 0.2866 
   HI_SS0602  6 0.2606 0.2745 0.0811 0.1851 0.1036 0.0950 
   HI_SS0604  6 0.1030 0.1446 0.0854 0.2581 0.1579 0.2509 
   HI_SS0605  6 0.0828 0.1638 0.0796 0.3803 0.1934 0.1001 
   HI_SS0608  6 0.3188 0.1653 0.1291 0.1608 0.1237 0.1023 
   HI_SS0609  6 0.1982 0.0942 0.1849 0.0719 0.1194 0.3314 
   HI_SS0611  6 0.1730 0.2784 0.0753 0.2688 0.1072 0.0972 
   HI_SS0612  6 0.0792 0.1186 0.1031 0.0531 0.2617 0.3841 
   HI_SS0613  6 0.1755 0.1530 0.0905 0.3717 0.0690 0.1404 
   HI_SS0615  6 0.2218 0.0638 0.1733 0.1982 0.2521 0.0908 
   HI_SS0001  6 0.1415 0.1796 0.2048 0.1022 0.2656 0.1063 
   HI_SS0002  6 0.1927 0.0905 0.1797 0.0999 0.1538 0.2833 
   HI_SS0004  6 0.1840 0.2642 0.1108 0.1673 0.1883 0.0854 
   HI_SS0005  6 0.2039 0.1234 0.1630 0.3382 0.0807 0.0907 
   HI_SS0006  6 0.0881 0.2467 0.2023 0.0995 0.1371 0.2263 
   HI_SS0007  6 0.0944 0.2113 0.0623 0.4135 0.1466 0.0719 
   HI_SS0008  6 0.1737 0.1410 0.2472 0.1655 0.1143 0.1582 
   HI_SS0009  6 0.2168 0.0797 0.0642 0.2684 0.2438 0.1270 
   HI_SS0010  6 0.2282 0.2014 0.1522 0.1754 0.0895 0.1534 
   HI_SS0011  6 0.1280 0.1007 0.2602 0.1368 0.0495 0.3248 
   HI_SS0012  6 0.1869 0.0666 0.2413 0.1341 0.2449 0.1263 
   HI_SS0017  6 0.1660 0.0912 0.1783 0.1631 0.2830 0.1184 
   HI_SS0021  6 0.2454 0.2871 0.1945 0.0824 0.0704 0.1202 
   HI_SS0024  6 0.2036 0.0935 0.2503 0.2063 0.1686 0.0776 
   HI_SS0025  6 0.2794 0.1002 0.0946 0.1629 0.1944 0.1685 
   HI_SS0027  6 0.1251 0.2178 0.0671 0.2149 0.1478 0.2274 
   HI_SS0028  6 0.3272 0.0665 0.2805 0.1748 0.0554 0.0956 
   HI_SS0029  6 0.3728 0.1808 0.1513 0.0811 0.1542 0.0598 
   HI_SS0030  6 0.0829 0.1552 0.1486 0.2260 0.2369 0.1504 
   HI_SS0031  6 0.1612 0.1074 0.2179 0.0777 0.2506 0.1852 
   HI_SS0034  6 0.0748 0.2668 0.0913 0.1465 0.2026 0.2181 
   HI_SS0036  6 0.1101 0.2996 0.2399 0.2015 0.1069 0.0421 
   HI_SS0037  6 0.2352 0.3374 0.0735 0.1568 0.0622 0.1349 
   HI_SS0039  6 0.2038 0.2287 0.1416 0.2562 0.0776 0.0921 
   HI_SS0041  6 0.1816 0.0889 0.1596 0.3422 0.1489 0.0789 
   HI_SS0042  6 0.2322 0.0867 0.2592 0.1511 0.1250 0.1457 
   HI_SS0043  6 0.0677 0.3657 0.2321 0.1402 0.1165 0.0778 
   HI_SS0044  6 0.3068 0.2130 0.0934 0.0815 0.2447 0.0606 
   HI_SS0047  6 0.1170 0.0948 0.1460 0.2269 0.2258 0.1895 
   HI_SS0049  6 0.2549 0.1228 0.1007 0.1155 0.2044 0.2017 
   HI_SS0051  6 0.0838 0.1320 0.0918 0.3469 0.1068 0.2386 
   HI_SS0053  6 0.0772 0.2767 0.2555 0.1191 0.1435 0.1280 
   HI_SS0054  6 0.0605 0.2854 0.1182 0.1839 0.0742 0.2777 
   HI_SS0057  6 0.1337 0.1292 0.2267 0.2838 0.0898 0.1367 
   HI_SS0058  6 0.2082 0.2794 0.0819 0.1151 0.1198 0.1956 
   HI_SS0060  6 0.0974 0.1297 0.2278 0.2642 0.1197 0.1611 
   HI_SS0087  6 0.1009 0.1936 0.2503 0.1156 0.1392 0.2003 
   HI_SS0091  6 0.0643 0.3289 0.2790 0.0787 0.1318 0.1173 
   HI_SS0095  6 0.0949 0.1552 0.1950 0.1717 0.2271 0.1561 
   HI_SS0097  6 0.0970 0.1047 0.1102 0.1012 0.1548 0.4321 
   HI_SS0099  6 0.4625 0.1473 0.1012 0.0938 0.0944 0.1008 
   HI_SS0103  6 0.1284 0.1255 0.2193 0.1289 0.2704 0.1275 
   HI_SS0105  6 0.0920 0.1429 0.3043 0.1775 0.0926 0.1907 
   HI_SS0107  6 0.1403 0.0611 0.2118 0.1353 0.3094 0.1421 
   HI_SS0108  6 0.0672 0.4120 0.1159 0.1328 0.1527 0.1195 
   HI_SS0110  6 0.1037 0.1315 0.3767 0.0763 0.2160 0.0958 
   HI_SS0111  6 0.1219 0.1311 0.2462 0.1714 0.2372 0.0921 
   HI_SS0112  6 0.1181 0.3792 0.1490 0.1113 0.1493 0.0931 
   HI_SS0113  6 0.2719 0.0899 0.2544 0.1187 0.1193 0.1458 
   HI_SS0114  6 0.1237 0.2636 0.1129 0.2397 0.0939 0.1662 
   HI_SS0115  6 0.2098 0.1276 0.0564 0.1474 0.3072 0.1516 
   HI_SS0116  6 0.2744 0.2897 0.0767 0.0484 0.2131 0.0977 
   HI_SS0117  6 0.0838 0.2122 0.2824 0.0603 0.1088 0.2526 
   HI_SS0118  6 0.1769 0.2503 0.1618 0.0897 0.1271 0.1941 
   HI_SS0119  6 0.0709 0.1969 0.3058 0.1408 0.1402 0.1453 
   HI_SS0120  6 0.1181 0.0611 0.3592 0.1001 0.2694 0.0921 
   HI_SS0121  6 0.1774 0.0788 0.3933 0.1321 0.0456 0.1727 
   HI_SS0122  6 0.1424 0.1639 0.2564 0.1942 0.1290 0.1140 
   HI_SS0123  6 0.1432 0.1598 0.2621 0.0901 0.1381 0.2066 
   HI_SS0124  6 0.3272 0.0674 0.1009 0.1572 0.2397 0.1076 
   HI_SS0125  6 0.2469 0.0642 0.1761 0.1861 0.2049 0.1219 
   HI_SS0126  6 0.2119 0.3117 0.1151 0.0856 0.1850 0.0907 
   HI_SS0127  6 0.1263 0.1270 0.0887 0.3523 0.0854 0.2203 
   HI_SS0128  6 0.1564 0.1253 0.1909 0.0905 0.2631 0.1739 
   HI_SS0129  6 0.1084 0.2283 0.1705 0.2293 0.1768 0.0868 
   HI_SS0131  6 0.1597 0.2561 0.1015 0.2006 0.0610 0.2211 
   HI_SS0132  6 0.1671 0.1336 0.2945 0.1294 0.0983 0.1771 
   HI_SS0133  6 0.0773 0.3985 0.1171 0.1579 0.1678 0.0814 
   HI_SS0134  6 0.1457 0.1747 0.1614 0.1442 0.1628 0.2112 
   HI_SS0142  6 0.1021 0.1232 0.2143 0.1663 0.1558 0.2383 
   HI_SS0145  6 0.1229 0.1853 0.1006 0.1099 0.2060 0.2752 
   HI_SS0146  6 0.1144 0.1938 0.0795 0.1833 0.1884 0.2406 
   HI_SS0147  6 0.1138 0.0979 0.1463 0.3574 0.0860 0.1986 
   HI_SS0149  6 0.1100 0.1427 0.4583 0.0854 0.0572 0.1465 
   HI_SS0150  6 0.1749 0.0798 0.1718 0.2284 0.1817 0.1635 
   HI_SS0151  6 0.0810 0.1229 0.0618 0.2290 0.3903 0.1150 
   NS_SS1451  6 0.2276 0.0628 0.1665 0.2516 0.1958 0.0956 
   NS_SS1404  6 0.1858 0.1295 0.1416 0.3347 0.0921 0.1162 
   NS_SS1432  6 0.2718 0.0720 0.3312 0.1077 0.1625 0.0547 
   NS_SS1405  6 0.3709 0.1609 0.1019 0.0952 0.1616 0.1094 
   NS_SS1431  6 0.2191 0.0780 0.3441 0.1182 0.1262 0.1144 
   NS_SS1402  6 0.1225 0.1585 0.2417 0.1156 0.2146 0.1471 
   NS_SS1450  6 0.0930 0.2105 0.1294 0.2342 0.2485 0.0843 
   NS_SS1396  6 0.2556 0.1559 0.1681 0.1576 0.1200 0.1428 
   NS_SS1393  6 0.1917 0.1840 0.1121 0.1579 0.2459 0.1084 
   NS_SS1392  6 0.1998 0.0994 0.1090 0.2226 0.3038 0.0655 
   NS_SS1445  6 0.0970 0.2726 0.1846 0.1507 0.0774 0.2176 
   NS_SS1423  6 0.1001 0.1615 0.2939 0.0751 0.2560 0.1133 
   NS_SS1421  6 0.1043 0.1807 0.2699 0.1619 0.1626 0.1206 
   NS_SS1411  6 0.1349 0.2904 0.0722 0.3278 0.0815 0.0933 
   NS_SS1453  6 0.1328 0.2258 0.2954 0.1247 0.1338 0.0876 
   NS_SS1442  6 0.1694 0.1673 0.1054 0.1137 0.1432 0.3010 
   NS_SS1422  6 0.0826 0.0830 0.1459 0.0887 0.3261 0.2738 
   NS_SS1419  6 0.1730 0.1276 0.0936 0.1955 0.0651 0.3452 
   NS_SS1427  6 0.0889 0.2909 0.1246 0.1006 0.3394 0.0556 
   NS_SS1444  6 0.2587 0.1215 0.0803 0.2003 0.1003 0.2390 
   NS_SS1455  6 0.2986 0.0840 0.1469 0.0577 0.1684 0.2443 
   NS_SS1425  6 0.0859 0.3791 0.1256 0.1394 0.0945 0.1754 
   NS_SS1400  6 0.1949 0.3183 0.0880 0.1162 0.0683 0.2143 
   NS_SS1406  6 0.1897 0.0593 0.2884 0.0688 0.0828 0.3110 
   NS_SS1417  6 0.1294 0.2078 0.1958 0.1512 0.1197 0.1962 
   NS_SS1454  6 0.1736 0.2609 0.3103 0.1228 0.0458 0.0867 
   NS_SS1412  6 0.1812 0.2061 0.1473 0.2082 0.1474 0.1098 
   NS_SS1438  6 0.0618 0.3146 0.1067 0.1977 0.1069 0.2125 
   NS_SS1416  6 0.2115 0.1818 0.2026 0.1435 0.0983 0.1622 
   NS_SS1401  6 0.1594 0.1723 0.2860 0.0892 0.1407 0.1524 
   NS_SS1424  6 0.0868 0.1794 0.2880 0.1852 0.1454 0.1151 
   NS_SS1435  6 0.2353 0.1411 0.1633 0.1869 0.1996 0.0737 
   NS_SS1447  6 0.1590 0.1075 0.1467 0.2622 0.0871 0.2374 
   NS_SS1414  6 0.2782 0.1128 0.1058 0.2141 0.0690 0.2201 
   NS_SS1449  6 0.0773 0.0901 0.2483 0.1563 0.3267 0.1013 
   NS_SS1443  6 0.0672 0.2150 0.1107 0.0778 0.3256 0.2037 
   NS_SS1434  6 0.1642 0.1282 0.0880 0.0884 0.4099 0.1213 
   NS_SS1398  6 0.3101 0.1296 0.1659 0.1321 0.1548 0.1074 
   NS_SS1426  6 0.0788 0.3416 0.1432 0.1456 0.1761 0.1148 
   NS_SS1413  6 0.1462 0.2654 0.1286 0.1058 0.1781 0.1759 
   NS_SS1395  6 0.0778 0.2381 0.2089 0.1047 0.2270 0.1436 
   NS_SS1448  6 0.1391 0.1881 0.1191 0.3669 0.1055 0.0813 
   NS_SS1446  6 0.0746 0.2179 0.1909 0.1690 0.2130 0.1347 
   NS_SS1403  6 0.1933 0.1217 0.3360 0.1030 0.1594 0.0866 
   NS_SS1415  6 0.1619 0.2642 0.1134 0.1707 0.1522 0.1376 
   NS_SS1437  6 0.1874 0.1373 0.3109 0.1411 0.0933 0.1301 
   NS_SS1439  6 0.1284 0.1461 0.1465 0.1201 0.1949 0.2640 
   NS_SS1441  6 0.2062 0.2197 0.1173 0.0680 0.2066 0.1821 
   NS_SS1420  6 0.1357 0.0714 0.0595 0.5175 0.1406 0.0753 
   NS_SS1394  6 0.2965 0.1016 0.1719 0.2479 0.0760 0.1061 
   NS_SS1391  6 0.1820 0.2223 0.1425 0.0829 0.2939 0.0763 
   NS_SS1410  6 0.1794 0.2101 0.2155 0.0997 0.1662 0.1291 
   NS_SS1408  6 0.0893 0.1071 0.2654 0.2046 0.1478 0.1858 
   NS_SS1409  6 0.2061 0.1933 0.1164 0.0732 0.2872 0.1238 
   HI_SS0617  7 0.1303 0.1887 0.1016 0.1628 0.3302 0.0864 
   HI_SS0618  7 0.2814 0.1068 0.1129 0.1655 0.1872 0.1462 
   HI_SS0619  7 0.3626 0.1705 0.1074 0.1175 0.1469 0.0951 
   HI_SS0620  7 0.0633 0.2701 0.0486 0.3237 0.2142 0.0802 
   HI_SS0621  7 0.1652 0.1030 0.1936 0.1665 0.1974 0.1743 
   HI_SS0622  7 0.1544 0.1453 0.1174 0.2005 0.1111 0.2713 
   HI_SS0626  7 0.1786 0.1471 0.1688 0.3426 0.0712 0.0917 
   HI_SS0627  7 0.1662 0.0990 0.3835 0.1178 0.1336 0.0998 
   HI_SS0628  7 0.1677 0.2774 0.2330 0.1408 0.0948 0.0864 
   HI_SS0629  7 0.2001 0.1979 0.1949 0.1181 0.1120 0.1770 
   HI_SS0630  7 0.1909 0.1996 0.0827 0.2198 0.1711 0.1359 
   HI_SS0631  7 0.1336 0.2028 0.1202 0.2451 0.1888 0.1094 
   HI_SS0632  7 0.1185 0.1583 0.1448 0.2761 0.0824 0.2198 
   HI_SS0633  7 0.3469 0.1299 0.0670 0.0682 0.2599 0.1281 
   HI_SS0634  7 0.1118 0.1567 0.2615 0.2541 0.1116 0.1043 
   HI_SS0635  7 0.2641 0.1129 0.1448 0.1786 0.1068 0.1929 
   HI_SS0637  7 0.0668 0.1529 0.1716 0.2721 0.0826 0.2541 
   HI_SS0638  7 0.1711 0.1679 0.1629 0.1763 0.1751 0.1467 
   HI_SS0639  7 0.1776 0.0811 0.1398 0.2550 0.1663 0.1801 
   HI_SS0640  7 0.1286 0.1419 0.0954 0.1364 0.1639 0.3337 
   HI_SS0641  7 0.2440 0.2746 0.0748 0.2238 0.0638 0.1190 
   HI_SS0642  7 0.1231 0.0676 0.4640 0.1136 0.1343 0.0974 
   HI_SS0645  7 0.3694 0.0711 0.0704 0.2712 0.0908 0.1272 
   HI_SS0646  7 0.1057 0.1166 0.1681 0.1009 0.3446 0.1641 
   HI_SS0647  7 0.1708 0.1267 0.2526 0.1534 0.1639 0.1326 
   HI_SS0648  7 0.1735 0.1545 0.1343 0.1722 0.1596 0.2060 
   HI_SS0649  7 0.2485 0.1554 0.1187 0.1028 0.1932 0.1814 
   HI_SS0650  7 0.1593 0.0833 0.1557 0.1391 0.3670 0.0955 
   HI_SS0651  7 0.2266 0.1414 0.1172 0.1257 0.2097 0.1794 
   HI_SS0652  7 0.1660 0.0806 0.0845 0.4332 0.1264 0.1093 
   NS_SS1371  7 0.1383 0.1679 0.2161 0.0726 0.2950 0.1100 
   NS_SS1374  7 0.1045 0.2545 0.2517 0.2258 0.0966 0.0668 
   NS_SS1337  7 0.0800 0.0679 0.2845 0.3530 0.1236 0.0910 
   NS_SS1385  7 0.1776 0.1179 0.1462 0.1128 0.2482 0.1973 
   NS_SS1388  7 0.4168 0.2040 0.1274 0.0791 0.0821 0.0906 
   NS_SS1370  7 0.0890 0.0642 0.1091 0.5376 0.1056 0.0946 
   NS_SS1389  7 0.4244 0.1446 0.1404 0.1348 0.0724 0.0834 
   NS_SS1360  7 0.1665 0.2205 0.1161 0.1987 0.0950 0.2032 
   NS_SS1330  7 0.1923 0.0921 0.1105 0.2157 0.1820 0.2073 
   NS_SS1328  7 0.0937 0.2253 0.1578 0.0943 0.3077 0.1211 
   NS_SS1384  7 0.0658 0.1610 0.1985 0.1792 0.1533 0.2422 
   NS_SS1381  7 0.1923 0.0652 0.1037 0.1166 0.3667 0.1555 
   NS_SS1375  7 0.3148 0.1101 0.1372 0.1621 0.2143 0.0616 
   NS_SS1319  7 0.1611 0.1382 0.2352 0.1640 0.1922 0.1092 
   NS_SS1326  7 0.2401 0.3271 0.1060 0.0859 0.1637 0.0773 
   NS_SS1341  7 0.0763 0.2320 0.3116 0.1090 0.0963 0.1747 
   NS_SS1383  7 0.0622 0.1180 0.3649 0.2074 0.1404 0.1071 
   NS_SS1318  7 0.1748 0.1369 0.0873 0.2437 0.1843 0.1730 
   NS_SS1348  7 0.0594 0.2907 0.1551 0.1611 0.1499 0.1837 
   NS_SS1363  7 0.1856 0.1072 0.1695 0.2346 0.1089 0.1942 
   NS_SS1335  7 0.1163 0.2122 0.1501 0.1533 0.0882 0.2799 
   NS_SS1358  7 0.0394 0.1603 0.2192 0.1444 0.1800 0.2566 
   NS_SS1342  7 0.0967 0.1933 0.3035 0.0610 0.1458 0.1998 
   NS_SS1320  7 0.3183 0.0395 0.1028 0.0647 0.2728 0.2019 
   NS_SS1355  7 0.1178 0.0962 0.1148 0.1458 0.1685 0.3570 
   NS_SS1345  7 0.0696 0.0636 0.0841 0.1340 0.1242 0.5244 
   NS_SS1324  7 0.1727 0.2286 0.1383 0.1247 0.1667 0.1689 
   NS_SS1347  7 0.1654 0.1178 0.1687 0.1339 0.2492 0.1650 
   NS_SS1321  7 0.1176 0.2290 0.2895 0.1771 0.1179 0.0689 
   NS_SS1333  7 0.2010 0.2400 0.2919 0.1014 0.1191 0.0466 
   NS_SS1364  7 0.1020 0.2505 0.1506 0.0879 0.0626 0.3465 
   NS_SS1379  7 0.1813 0.1361 0.1443 0.1562 0.2227 0.1593 
   NS_SS1332  7 0.2672 0.3474 0.1409 0.0676 0.0699 0.1070 
   NS_SS1338  7 0.1271 0.2343 0.1439 0.2563 0.1343 0.1040 
   NS_SS1368  7 0.1526 0.2591 0.1834 0.0663 0.0612 0.2774 
   NS_SS1354  7 0.2000 0.1523 0.1901 0.1158 0.1068 0.2351 
   NS_SS1365  7 0.1863 0.0969 0.1656 0.2360 0.1333 0.1819 
   NS_SS1380  7 0.2134 0.0923 0.1482 0.1837 0.0801 0.2823 
   NS_SS1329  7 0.1189 0.2183 0.3349 0.0605 0.0860 0.1814 
   NS_SS1362  7 0.0975 0.1545 0.2167 0.1066 0.2329 0.1918 
   NS_SS1327  7 0.0872 0.4722 0.1208 0.1121 0.1482 0.0595 
   NS_SS1350  7 0.1140 0.1503 0.1104 0.1144 0.4483 0.0627 
   NS_SS1387  7 0.3023 0.1365 0.0990 0.2275 0.0876 0.1471 
   NS_SS1369  7 0.0822 0.2349 0.1295 0.2123 0.0956 0.2455 
   NS_SS1331  7 0.2770 0.1892 0.2136 0.1797 0.0673 0.0732 
   NS_SS1357  7 0.1035 0.1393 0.1582 0.0689 0.4276 0.1025 
   NS_SS1386  7 0.0712 0.3594 0.2888 0.0720 0.0716 0.1370 
   NS_SS1353  7 0.2455 0.1386 0.2139 0.0938 0.1996 0.1085 
   NS_SS1323  7 0.1481 0.0744 0.2700 0.1223 0.1406 0.2446 
   HI_SS0296  8 0.1159 0.2075 0.0666 0.2904 0.1822 0.1374 
   HI_SS0297  8 0.0799 0.0858 0.3805 0.1062 0.2785 0.0691 
   HI_SS0299  8 0.0573 0.1613 0.1607 0.2387 0.1691 0.2127 
   HI_SS0300  8 0.0987 0.1610 0.0868 0.2582 0.1288 0.2665 
   HI_SS0301  8 0.1128 0.1369 0.1961 0.3321 0.0411 0.1810 
   HI_SS0302  8 0.1140 0.2088 0.0727 0.3215 0.1058 0.1773 
   HI_SS0303  8 0.2526 0.3006 0.0928 0.0778 0.1522 0.1241 
   HI_SS0304  8 0.3037 0.1833 0.1669 0.1906 0.0872 0.0683 
   HI_SS0306  8 0.0798 0.2778 0.1036 0.3147 0.1075 0.1166 
   HI_SS0307  8 0.2448 0.0924 0.1436 0.1681 0.1242 0.2269 
   HI_SS0308  8 0.2330 0.1084 0.1744 0.1073 0.1392 0.2377 
   HI_SS0309  8 0.0977 0.0905 0.1228 0.2103 0.1775 0.3012 
   HI_SS0310  8 0.2821 0.1832 0.1030 0.1175 0.1293 0.1848 
   HI_SS0311  8 0.1093 0.1374 0.1719 0.3027 0.0862 0.1924 
   HI_SS0314  8 0.3566 0.1638 0.1378 0.0637 0.1639 0.1142 
   HI_SS0316  8 0.2287 0.2289 0.1405 0.1007 0.1143 0.1869 
   HI_SS0317  8 0.1142 0.1256 0.2889 0.2105 0.1512 0.1095 
   HI_SS0318  8 0.0789 0.2924 0.2704 0.1528 0.1014 0.1041 
   HI_SS0319  8 0.0937 0.3490 0.0825 0.0650 0.1952 0.2147 
   HI_SS0320  8 0.3175 0.0923 0.3601 0.0925 0.0795 0.0581 
   HI_SS0321  8 0.0947 0.1705 0.2420 0.1399 0.2702 0.0827 
   HI_SS0323  8 0.1256 0.2548 0.0918 0.2419 0.1716 0.1144 
   HI_SS0325  8 0.0807 0.2351 0.1147 0.3381 0.0965 0.1348 
   HI_SS0327  8 0.0565 0.1494 0.1221 0.0491 0.4473 0.1756 
   HI_SS0329  8 0.2352 0.1317 0.2123 0.2277 0.0775 0.1155 
   HI_SS0333  8 0.2509 0.1837 0.1476 0.1208 0.1492 0.1479 
   HI_SS0334  8 0.0720 0.2507 0.1848 0.1749 0.1297 0.1879 
   HI_SS0335  8 0.0857 0.0731 0.1647 0.1601 0.1957 0.3207 
   HI_SS0339  8 0.1757 0.1173 0.1127 0.1809 0.0877 0.3258 
   HI_SS0343  8 0.1064 0.0749 0.2394 0.0952 0.2006 0.2835 
   HI_SS0344  8 0.0637 0.4089 0.1474 0.1283 0.1612 0.0906 
   HI_SS0345  8 0.1434 0.1652 0.2142 0.2179 0.0545 0.2048 
   HI_SS0346  8 0.0963 0.1887 0.3533 0.1976 0.0927 0.0714 
   HI_SS0350  8 0.2867 0.0532 0.0588 0.0981 0.1076 0.3956 
   HI_SS0351  8 0.0725 0.1292 0.2164 0.1189 0.1142 0.3487 
   HI_SS0352  8 0.1645 0.1048 0.2278 0.1415 0.1380 0.2234 
   HI_SS0362  8 0.2461 0.1357 0.0898 0.3231 0.0907 0.1146 
   HI_SS0363  8 0.1116 0.2022 0.0839 0.1018 0.3234 0.1771 
   HI_SS0365  8 0.2126 0.2279 0.0948 0.0711 0.2324 0.1612 
   HI_SS0366  8 0.0728 0.3201 0.0888 0.1817 0.2180 0.1187 
   HI_SS0367  8 0.3230 0.0929 0.1674 0.1010 0.1164 0.1992 
   HI_SS0369  8 0.2271 0.0950 0.1377 0.2002 0.1291 0.2110 
   HI_SS0370  8 0.0809 0.1084 0.1858 0.0892 0.4287 0.1070 
   HI_SS0371  8 0.1504 0.2966 0.1332 0.1791 0.0927 0.1480 
   HI_SS0373  8 0.3251 0.1711 0.0792 0.1270 0.1414 0.1563 
   HI_SS0374  8 0.2909 0.1305 0.1612 0.1158 0.1208 0.1807 
   HI_SS0377  8 0.0701 0.1693 0.1536 0.1847 0.0708 0.3514 
   HI_SS0379  8 0.0795 0.4605 0.2063 0.0769 0.0723 0.1044 
   HI_SS0380  8 0.1824 0.1244 0.1622 0.1493 0.1363 0.2454 
   HI_SS0381  8 0.1333 0.0853 0.2073 0.1971 0.1155 0.2615 
   HI_SS0384  8 0.1337 0.1945 0.2051 0.1424 0.2592 0.0651 
   HI_SS0385  8 0.3392 0.2638 0.1336 0.1210 0.0572 0.0851 
