   NS_SS0963  1 0.1399 0.1236 0.3292 0.2276 0.1796 
   NS_SS0983  1 0.0747 0.3537 0.1384 0.2552 0.1780 
   NS_SS0719  1 0.1578 0.1821 0.2278 0.2007 0.2316 
   NS_SS1001  1 0.3330 0.1155 0.1187 0.1757 0.2572 
   NS_SS0936  1 0.2693 0.1170 0.2902 0.2388 0.0847 
   NS_SS0955  1 0.0789 0.2328 0.2373 0.2466 0.2044 
   NS_SS0944  1 0.1666 0.2137 0.2002 0.2360 0.1834 
   NS_SS0945  1 0.3198 0.2497 0.1539 0.1401 0.1365 
   NS_SS0922  1 0.3550 0.1056 0.1837 0.1614 0.1944 
   NS_SS0929  1 0.1292 0.2374 0.2320 0.2529 0.1485 
   NS_SS0956  1 0.2232 0.0992 0.1373 0.1340 0.4063 
   NS_SS0906  1 0.1337 0.2390 0.2415 0.2289 0.1569 
   NS_SS0721  1 0.1205 0.1547 0.1454 0.1693 0.4101 
   NS_SS0982  1 0.1557 0.1275 0.2913 0.1979 0.2276 
   NS_SS0923  1 0.2367 0.1492 0.2037 0.2139 0.1965 
   NS_SS0905  1 0.1761 0.1703 0.1433 0.2492 0.2611 
   NS_SS0925  1 0.1648 0.0870 0.1921 0.3401 0.2161 
   NS_SS0947  1 0.2351 0.1391 0.2347 0.2644 0.1268 
   NS_SS0926  1 0.1105 0.3535 0.2975 0.1122 0.1263 
   NS_SS0918  1 0.1411 0.1022 0.2850 0.2182 0.2536 
   NS_SS0966  1 0.1689 0.1337 0.2801 0.2505 0.1668 
   NS_SS0938  1 0.3041 0.1125 0.3371 0.1390 0.1072 
   NS_SS0917  1 0.1807 0.2433 0.1807 0.2444 0.1509 
   NS_SS0957  1 0.1722 0.1667 0.1906 0.1462 0.3244 
   NS_SS0987  1 0.1167 0.1674 0.1386 0.1250 0.4523 
   NS_SS0717  1 0.2974 0.1122 0.1260 0.1875 0.2769 
   NS_SS0986  1 0.1492 0.2469 0.1973 0.1295 0.2771 
   NS_SS0953  1 0.2077 0.1103 0.1663 0.2952 0.2205 
   NS_SS0907  1 0.1185 0.1799 0.2621 0.2994 0.1402 
   NS_SS0974  1 0.2130 0.1875 0.2024 0.2914 0.1057 
   NS_SS0989  1 0.1473 0.3132 0.2190 0.2095 0.1111 
   NS_SS0991  1 0.0690 0.2655 0.1605 0.1983 0.3068 
   NS_SS0994  1 0.1960 0.4662 0.1081 0.1470 0.0826 
   NS_SS0931  1 0.1039 0.3330 0.2117 0.1403 0.2110 
   NS_SS1000  1 0.3430 0.1452 0.2145 0.1778 0.1194 
   NS_SS0919  1 0.0930 0.2105 0.3428 0.2360 0.1176 
   NS_SS0949  1 0.1418 0.3007 0.1833 0.2139 0.1603 
   NS_SS0960  1 0.0983 0.2293 0.1892 0.2464 0.2368 
   NS_SS0716  1 0.3410 0.1262 0.0968 0.0748 0.3612 
   NS_SS0924  1 0.0953 0.2176 0.2269 0.2564 0.2038 
   NS_SS0935  1 0.1066 0.2999 0.1032 0.2084 0.2820 
   NS_SS0952  1 0.1106 0.2921 0.2290 0.2310 0.1373 
   NS_SS0962  1 0.2502 0.1355 0.3043 0.1123 0.1977 
   NS_SS0973  1 0.1336 0.1298 0.2052 0.3701 0.1613 
   NS_SS0722  1 0.4473 0.0823 0.1332 0.2220 0.1152 
   NS_SS0979  1 0.1746 0.1172 0.2425 0.1700 0.2957 
   NS_SS0993  1 0.2154 0.0931 0.2206 0.2726 0.1982 
   NS_SS0958  1 0.1978 0.3308 0.1633 0.1416 0.1665 
   NS_SS0988  1 0.1163 0.2384 0.3429 0.1426 0.1598 
   NS_SS1003  1 0.1047 0.0831 0.4237 0.1069 0.2816 
   NS_SS0976  1 0.1165 0.2836 0.2800 0.1699 0.1499 
   NS_SS0964  1 0.3625 0.0995 0.1239 0.1520 0.2621 
   NS_SS0939  1 0.3753 0.0974 0.1167 0.0802 0.3305 
   NS_SS0990  1 0.2791 0.2706 0.2179 0.0766 0.1558 
   NS_SS0984  1 0.3898 0.1006 0.1938 0.1525 0.1632 
   NS_SS0980  1 0.2143 0.0921 0.1933 0.4114 0.0889 
   NS_SS0978  1 0.2803 0.1304 0.2414 0.2294 0.1184 
   NS_SS0951  1 0.1030 0.2432 0.1279 0.1656 0.3603 
   NS_SS0913  1 0.2658 0.1350 0.1392 0.1328 0.3273 
   NS_SS1002  1 0.1444 0.0882 0.5239 0.1590 0.0844 
   NS_SS0948  1 0.1387 0.2060 0.2550 0.2044 0.1959 
   NS_SS0916  1 0.2071 0.1626 0.1618 0.3074 0.1610 
   NS_SS0995  1 0.2047 0.1177 0.1420 0.3067 0.2289 
   NS_SS0927  1 0.1924 0.2642 0.1728 0.2460 0.1247 
   NS_SS0992  1 0.2381 0.1859 0.2355 0.2542 0.0864 
   NS_SS0912  1 0.1271 0.2626 0.1903 0.1135 0.3065 
   NS_SS0981  1 0.1396 0.1219 0.3283 0.1569 0.2533 
   NS_SS0729  2 0.1291 0.3131 0.1427 0.3487 0.0664 
   NS_SS0967  2 0.1377 0.1089 0.3647 0.2526 0.1362 
   NS_SS0941  2 0.3132 0.1418 0.1752 0.1851 0.1847 
   NS_SS0768  2 0.1605 0.1471 0.2284 0.1568 0.3073 
   NS_SS0726  2 0.1700 0.2242 0.2303 0.2994 0.0761 
   NS_SS0763  2 0.1971 0.2623 0.1775 0.2164 0.1468 
   NS_SS0730  2 0.2623 0.1302 0.2054 0.1711 0.2311 
   NS_SS0774  2 0.3422 0.0955 0.1947 0.2501 0.1175 
   NS_SS0723  2 0.2224 0.0727 0.2667 0.2678 0.1705 
   NS_SS0940  2 0.2423 0.2299 0.1512 0.1721 0.2046 
   NS_SS0762  2 0.4339 0.0702 0.1121 0.1933 0.1905 
   NS_SS0766  2 0.3244 0.1936 0.0908 0.1665 0.2248 
   NS_SS0724  2 0.1790 0.1276 0.1856 0.2072 0.3006 
   NS_SS0769  2 0.2018 0.1826 0.2602 0.1616 0.1939 
   NS_SS0777  2 0.1212 0.2925 0.1960 0.1560 0.2343 
   NS_SS0734  2 0.2062 0.1950 0.1203 0.1784 0.3000 
   NS_SS0737  2 0.4688 0.0838 0.1197 0.1998 0.1279 
   NS_SS0732  2 0.1159 0.0952 0.1404 0.2227 0.4258 
   NS_SS0728  2 0.2476 0.1470 0.1352 0.2536 0.2167 
   NS_SS0735  2 0.2758 0.1141 0.1081 0.2597 0.2424 
   NS_SS0725  2 0.3825 0.1267 0.2139 0.1033 0.1736 
   NS_SS0788  2 0.1524 0.1769 0.3224 0.1914 0.1569 
   NS_SS0778  2 0.1185 0.2374 0.2424 0.2028 0.1990 
   NS_SS0792  2 0.1259 0.1560 0.1369 0.2862 0.2951 
   NS_SS0943  2 0.0835 0.2896 0.2007 0.2231 0.2030 
   NS_SS0791  2 0.1781 0.1981 0.0867 0.2744 0.2627 
   NS_SS0790  2 0.2072 0.0551 0.1997 0.1784 0.3596 
   NS_SS0731  2 0.2277 0.1259 0.1311 0.1272 0.3882 
   NS_SS0727  2 0.3231 0.2480 0.0771 0.2532 0.0987 
   NS_SS0779  2 0.1799 0.1927 0.1852 0.2126 0.2296 
   NS_SS0776  2 0.3458 0.1858 0.1634 0.1333 0.1717 
   NS_SS0775  2 0.4103 0.0875 0.1088 0.1727 0.2206 
   NS_SS0965  3 0.1057 0.1353 0.2453 0.1951 0.3186 
   NS_SS0754  3 0.1157 0.2453 0.1431 0.2174 0.2785 
   NS_SS0838  3 0.2262 0.2103 0.2246 0.1959 0.1430 
   NS_SS0839  3 0.3123 0.0855 0.2050 0.1845 0.2127 
   NS_SS0832  3 0.1900 0.0715 0.2588 0.2256 0.2540 
   NS_SS0820  3 0.1627 0.0796 0.2886 0.1797 0.2895 
   NS_SS0886  3 0.1463 0.2502 0.1738 0.1765 0.2532 
   NS_SS0748  3 0.1323 0.2275 0.2192 0.2243 0.1967 
   NS_SS0884  3 0.1817 0.1725 0.2114 0.2537 0.1807 
   NS_SS0752  3 0.2744 0.1348 0.2003 0.2467 0.1438 
   NS_SS0862  3 0.1103 0.0755 0.1402 0.2481 0.4260 
   NS_SS0787  3 0.1078 0.4715 0.1401 0.1418 0.1388 
   NS_SS0843  3 0.1774 0.1536 0.1718 0.2744 0.2227 
   NS_SS0856  3 0.3126 0.1781 0.1634 0.2078 0.1382 
   NS_SS0846  3 0.1592 0.1877 0.2948 0.2770 0.0813 
   NS_SS0825  3 0.1222 0.1911 0.3409 0.1376 0.2081 
   NS_SS0757  3 0.1226 0.2224 0.1713 0.1966 0.2871 
   NS_SS0876  3 0.2472 0.1360 0.1698 0.2306 0.2163 
   NS_SS0903  3 0.2041 0.0783 0.2129 0.4090 0.0957 
   NS_SS0875  3 0.2462 0.1935 0.1865 0.1285 0.2453 
   NS_SS0740  3 0.2051 0.1469 0.1782 0.2473 0.2225 
   NS_SS0811  3 0.1839 0.0842 0.1307 0.1560 0.4451 
   NS_SS0751  3 0.3066 0.1658 0.2154 0.1437 0.1685 
   NS_SS0891  3 0.3036 0.1776 0.2132 0.1376 0.1681 
   NS_SS0867  3 0.0701 0.1769 0.2845 0.2855 0.1831 
   NS_SS0890  3 0.2046 0.1577 0.2076 0.2613 0.1688 
   NS_SS0866  3 0.1487 0.4089 0.1397 0.1722 0.1305 
   NS_SS0755  3 0.1556 0.1323 0.2353 0.2224 0.2545 
   NS_SS0758  3 0.2315 0.1506 0.1749 0.2745 0.1685 
   NS_SS0840  3 0.2038 0.0800 0.3203 0.1882 0.2076 
   NS_SS0889  3 0.1178 0.3521 0.1332 0.1372 0.2597 
   NS_SS1010  3 0.1562 0.1512 0.3429 0.1863 0.1634 
   NS_SS0888  3 0.1772 0.3198 0.0812 0.2696 0.1522 
   NS_SS0837  3 0.1218 0.1007 0.2054 0.2337 0.3384 
   NS_SS0794  3 0.2465 0.2682 0.0911 0.2287 0.1655 
   NS_SS0823  3 0.2398 0.0965 0.2654 0.2497 0.1486 
   NS_SS0829  3 0.0748 0.3745 0.1210 0.1656 0.2640 
   NS_SS0844  3 0.0857 0.0601 0.3244 0.3787 0.1512 
   NS_SS1008  3 0.2832 0.2885 0.1124 0.1597 0.1561 
   NS_SS0881  3 0.1921 0.2313 0.2774 0.1303 0.1689 
   NS_SS0834  3 0.4286 0.1093 0.2085 0.1285 0.1251 
   NS_SS0744  3 0.1373 0.1679 0.2348 0.2755 0.1846 
   NS_SS0899  3 0.2032 0.0989 0.1446 0.1525 0.4008 
   NS_SS0804  3 0.1801 0.0694 0.2373 0.2084 0.3048 
   NS_SS0781  3 0.2169 0.0947 0.3268 0.1939 0.1677 
   NS_SS0822  3 0.2280 0.1926 0.1506 0.2601 0.1687 
   NS_SS1004  3 0.1423 0.1350 0.2600 0.2696 0.1932 
   NS_SS0746  3 0.1773 0.2076 0.2494 0.2432 0.1225 
   NS_SS0880  3 0.2070 0.1287 0.2666 0.2292 0.1685 
   NS_SS0879  3 0.2877 0.1525 0.1859 0.1799 0.1940 
   NS_SS0753  3 0.0928 0.2480 0.1545 0.2221 0.2826 
   NS_SS1007  3 0.2925 0.1480 0.1938 0.2567 0.1090 
   NS_SS0872  3 0.2510 0.1115 0.2434 0.2296 0.1646 
   NS_SS1005  3 0.2087 0.1381 0.2954 0.2313 0.1265 
   NS_SS0892  3 0.2178 0.1980 0.1847 0.1835 0.2161 
   NS_SS0898  3 0.1688 0.2418 0.2004 0.1751 0.2139 
   NS_SS0801  3 0.1308 0.1677 0.1707 0.2082 0.3226 
   NS_SS0827  3 0.1122 0.2159 0.1577 0.1492 0.3650 
   NS_SS0853  3 0.1211 0.2250 0.1111 0.1564 0.3863 
   NS_SS0780  3 0.2111 0.1300 0.2216 0.1855 0.2518 
   NS_SS0826  3 0.0904 0.1969 0.4305 0.1682 0.1141 
   NS_SS0818  3 0.2649 0.0838 0.2357 0.1796 0.2361 
   NS_SS0745  3 0.4887 0.0943 0.1014 0.0512 0.2645 
   NS_SS0849  3 0.1130 0.1372 0.1820 0.1221 0.4456 
   NS_SS0739  3 0.2039 0.1644 0.2119 0.1761 0.2438 
   NS_SS0799  3 0.1804 0.1938 0.0841 0.3436 0.1981 
   NS_SS0756  3 0.1340 0.0899 0.3584 0.2082 0.2095 
   NS_SS0802  3 0.1857 0.2316 0.2396 0.2363 0.1067 
   NS_SS0747  3 0.1494 0.1564 0.2756 0.2706 0.1480 
   NS_SS0835  3 0.1204 0.3667 0.1931 0.2229 0.0969 
   NS_SS0742  3 0.1581 0.1147 0.2297 0.2884 0.2090 
   NS_SS0760  3 0.1451 0.3794 0.1563 0.1743 0.1448 
   NS_SS0803  3 0.1561 0.0648 0.2163 0.4380 0.1248 
   NS_SS0828  3 0.1650 0.1777 0.1311 0.1803 0.3460 
   NS_SS0865  3 0.0843 0.1555 0.2895 0.2146 0.2562 
   NS_SS0759  3 0.2929 0.1061 0.1697 0.1717 0.2596 
   NS_SS0851  3 0.2034 0.1070 0.1425 0.0918 0.4553 
   NS_SS0874  3 0.1732 0.1031 0.2434 0.3116 0.1686 
   NS_SS0761  3 0.0763 0.3205 0.1924 0.1807 0.2300 
   NS_SS0842  3 0.2108 0.2582 0.1628 0.1872 0.1810 
   NS_SS0785  3 0.1352 0.2273 0.1796 0.2829 0.1750 
   NS_SS0860  3 0.1183 0.3799 0.1706 0.2158 0.1153 
   NS_SS0897  3 0.1144 0.4291 0.1001 0.1621 0.1943 
   NS_SS0841  3 0.2567 0.0959 0.1586 0.1440 0.3449 
   NS_SS0797  3 0.0981 0.2501 0.1931 0.1542 0.3045 
   NS_SS0830  3 0.1433 0.1854 0.2367 0.1741 0.2605 
   NS_SS1011  3 0.1255 0.0923 0.4052 0.1908 0.1862 
   NS_SS0883  3 0.1081 0.1821 0.1086 0.2710 0.3302 
   NS_SS0782  3 0.2997 0.2037 0.1224 0.2372 0.1369 
   NS_SS0831  3 0.0939 0.3162 0.1085 0.1600 0.3214 
   NS_SS0749  3 0.1845 0.1930 0.1298 0.2049 0.2878 
   NS_SS0854  3 0.2527 0.1635 0.1214 0.3128 0.1496 
   HI_SS0193  4 0.2400 0.2693 0.1367 0.1330 0.2210 
   HI_SS0194  4 0.4132 0.1742 0.2145 0.1082 0.0900 
   HI_SS0195  4 0.2214 0.0863 0.2108 0.1001 0.3814 
   HI_SS0196  4 0.3317 0.2093 0.1167 0.2139 0.1284 
   HI_SS0197  4 0.1853 0.1320 0.4683 0.1316 0.0828 
   HI_SS0198  4 0.1267 0.2318 0.1557 0.1781 0.3076 
   HI_SS0199  4 0.2451 0.2046 0.1170 0.3201 0.1132 
   HI_SS0201  4 0.0612 0.3519 0.1832 0.2049 0.1987 
   HI_SS0215  4 0.0767 0.3214 0.2074 0.2021 0.1923 
   HI_SS0218  4 0.1607 0.3664 0.0799 0.1960 0.1970 
   HI_SS0222  4 0.2375 0.1813 0.1793 0.1617 0.2402 
   HI_SS0230  4 0.1486 0.1731 0.3156 0.1420 0.2207 
   HI_SS0234  4 0.2236 0.1534 0.2549 0.2976 0.0705 
   HI_SS0240  4 0.3126 0.1272 0.1032 0.2982 0.1587 
   HI_SS0241  4 0.1203 0.2813 0.1985 0.2352 0.1647 
   HI_SS0242  4 0.1475 0.1992 0.2056 0.2342 0.2135 
   HI_SS0247  4 0.1308 0.1708 0.2978 0.2178 0.1828 
   HI_SS0248  4 0.2495 0.2959 0.0837 0.2747 0.0961 
   HI_SS0252  4 0.2849 0.1134 0.1277 0.2305 0.2435 
   HI_SS0254  4 0.1313 0.2414 0.3052 0.2009 0.1212 
   HI_SS0256  4 0.2282 0.0429 0.3158 0.2254 0.1878 
   HI_SS0257  4 0.1098 0.2877 0.2416 0.2866 0.0744 
   HI_SS0258  4 0.1477 0.3330 0.1295 0.1887 0.2012 
   HI_SS0259  4 0.2804 0.1279 0.2820 0.1568 0.1529 
   HI_SS0260  4 0.2406 0.2994 0.1130 0.2302 0.1167 
   HI_SS0261  4 0.2118 0.2350 0.2971 0.1724 0.0837 
   HI_SS0262  4 0.1670 0.1231 0.1774 0.2250 0.3074 
   HI_SS0264  4 0.2346 0.1872 0.2525 0.1049 0.2209 
   HI_SS0265  4 0.1588 0.1438 0.2835 0.1556 0.2583 
   HI_SS0268  4 0.2070 0.2504 0.2009 0.1080 0.2337 
   HI_SS0269  4 0.0986 0.3523 0.1883 0.2960 0.0648 
   HI_SS0273  4 0.1073 0.2595 0.2773 0.2194 0.1365 
   HI_SS0277  4 0.0941 0.1284 0.4739 0.1623 0.1413 
   HI_SS0280  4 0.2194 0.1572 0.1303 0.1440 0.3490 
   HI_SS0282  4 0.1304 0.2281 0.1750 0.2663 0.2002 
   HI_SS0286  4 0.1092 0.2194 0.1534 0.2241 0.2939 
   NS_SS1252  5 0.1139 0.4227 0.1040 0.2119 0.1476 
   NS_SS1261  5 0.1436 0.1957 0.2383 0.2368 0.1856 
   NS_SS1225  5 0.0981 0.2299 0.2766 0.2655 0.1300 
   NS_SS1266  5 0.1417 0.0736 0.3211 0.2947 0.1690 
   NS_SS1228  5 0.1466 0.1141 0.1425 0.1552 0.4416 
   NS_SS1255  5 0.4651 0.1512 0.1287 0.1631 0.0919 
   NS_SS1267  5 0.0932 0.4550 0.1198 0.1637 0.1683 
   NS_SS1238  5 0.2052 0.2449 0.2328 0.0994 0.2177 
   NS_SS1233  5 0.1849 0.1168 0.2861 0.2103 0.2019 
   NS_SS1277  5 0.2811 0.3005 0.0946 0.1703 0.1536 
   NS_SS1245  5 0.1994 0.2404 0.2003 0.2421 0.1178 
   NS_SS1240  5 0.1082 0.4806 0.1412 0.1774 0.0926 
   NS_SS1275  5 0.1888 0.0753 0.3812 0.1551 0.1997 
   NS_SS1235  5 0.2815 0.1362 0.2220 0.2928 0.0675 
   NS_SS1263  5 0.3197 0.1033 0.1848 0.2209 0.1714 
   NS_SS1251  5 0.1987 0.1256 0.2917 0.2371 0.1470 
   NS_SS1248  5 0.1088 0.1841 0.1210 0.0752 0.5109 
   NS_SS1244  5 0.0839 0.1524 0.3987 0.2157 0.1494 
   NS_SS1257  5 0.1808 0.3066 0.1261 0.1997 0.1868 
   NS_SS1242  5 0.3345 0.1304 0.2076 0.1491 0.1785 
   NS_SS1271  5 0.1039 0.4053 0.1181 0.2281 0.1445 
   NS_SS1265  5 0.1521 0.3768 0.2100 0.1238 0.1373 
   NS_SS1243  5 0.2567 0.1332 0.0882 0.1423 0.3797 
   NS_SS1273  5 0.3847 0.0962 0.2031 0.1357 0.1803 
   NS_SS1254  5 0.1935 0.1034 0.2333 0.2813 0.1885 
   NS_SS1224  5 0.1726 0.1005 0.2162 0.2173 0.2934 
   NS_SS1227  5 0.1786 0.2919 0.2012 0.2337 0.0945 
   NS_SS1274  5 0.1876 0.2546 0.1415 0.2112 0.2051 
   NS_SS1241  5 0.1192 0.2275 0.2349 0.2592 0.1591 
   NS_SS1256  5 0.1544 0.2275 0.3302 0.2035 0.0844 
   NS_SS1260  5 0.1398 0.2789 0.1349 0.3241 0.1222 
   NS_SS1262  5 0.0890 0.2179 0.2486 0.2294 0.2150 
   NS_SS1230  5 0.2007 0.2347 0.2049 0.1595 0.2002 
   NS_SS1270  5 0.1016 0.1193 0.2465 0.1848 0.3478 
   NS_SS1229  5 0.2832 0.0958 0.2780 0.2835 0.0594 
   NS_SS1246  5 0.1827 0.2916 0.2108 0.2143 0.1006 
   NS_SS1269  5 0.2268 0.1381 0.1966 0.1928 0.2458 
   NS_SS1239  5 0.2375 0.0843 0.1015 0.2799 0.2968 
   NS_SS1272  5 0.1343 0.1449 0.4719 0.1386 0.1104 
   NS_SS1268  5 0.1344 0.1086 0.1667 0.1835 0.4067 
   NS_SS1249  5 0.1794 0.3690 0.0965 0.2620 0.0931 
   HI_SS0559  6 0.2136 0.1914 0.1114 0.1990 0.2846 
   HI_SS0563  6 0.1410 0.1740 0.2329 0.2636 0.1885 
   HI_SS0564  6 0.1798 0.1641 0.2508 0.1812 0.2242 
   HI_SS0565  6 0.1329 0.2388 0.3117 0.1884 0.1283 
   HI_SS0569  6 0.0647 0.3115 0.1998 0.2386 0.1855 
   HI_SS0570  6 0.1583 0.3521 0.1337 0.1518 0.2041 
   HI_SS0572  6 0.3532 0.0979 0.1651 0.2865 0.0973 
   HI_SS0576  6 0.2400 0.1139 0.1631 0.1316 0.3513 
   HI_SS0579  6 0.1324 0.2229 0.1858 0.3390 0.1198 
   HI_SS0580  6 0.2646 0.2671 0.1004 0.2032 0.1648 
   HI_SS0581  6 0.1653 0.1006 0.3203 0.1286 0.2853 
   HI_SS0583  6 0.2170 0.3362 0.1467 0.2037 0.0964 
   HI_SS0586  6 0.1092 0.4552 0.1073 0.0959 0.2323 
   HI_SS0588  6 0.1394 0.2582 0.1534 0.2675 0.1815 
   HI_SS0595  6 0.1750 0.2636 0.3076 0.1655 0.0884 
   HI_SS0596  6 0.4589 0.0915 0.1087 0.2186 0.1223 
   HI_SS0597  6 0.3327 0.1309 0.2523 0.1801 0.1040 
   HI_SS0600  6 0.1359 0.1986 0.2134 0.2952 0.1568 
   HI_SS0601  6 0.0560 0.1808 0.2860 0.2599 0.2173 
   HI_SS0602  6 0.1682 0.2870 0.0879 0.1264 0.3306 
   HI_SS0604  6 0.2064 0.1807 0.1297 0.2005 0.2827 
   HI_SS0605  6 0.1396 0.2261 0.0917 0.2167 0.3260 
   HI_SS0608  6 0.3006 0.2013 0.1219 0.1078 0.2683 
   HI_SS0609  6 0.2104 0.1090 0.3189 0.2422 0.1195 
   HI_SS0611  6 0.1167 0.3081 0.0928 0.1473 0.3351 
   HI_SS0612  6 0.1447 0.1363 0.2523 0.4046 0.0621 
   HI_SS0613  6 0.1271 0.1580 0.1337 0.1573 0.4239 
   HI_SS0615  6 0.2986 0.0734 0.1847 0.2048 0.2385 
   HI_SS0001  6 0.3089 0.2315 0.1999 0.1661 0.0936 
   HI_SS0002  6 0.2268 0.0944 0.3152 0.2157 0.1480 
   HI_SS0004  6 0.2584 0.3247 0.0925 0.1438 0.1806 
   HI_SS0005  6 0.1388 0.1395 0.1743 0.1141 0.4332 
   HI_SS0006  6 0.1182 0.2770 0.2843 0.2251 0.0954 
   HI_SS0007  6 0.1393 0.2718 0.0718 0.1245 0.3925 
   HI_SS0008  6 0.1363 0.1681 0.2831 0.1828 0.2297 
   HI_SS0009  6 0.2847 0.1021 0.0791 0.2080 0.3261 
   HI_SS0010  6 0.1414 0.2260 0.1683 0.1659 0.2984 
   HI_SS0011  6 0.1219 0.1353 0.3747 0.1878 0.1803 
   HI_SS0012  6 0.1424 0.0731 0.2732 0.3081 0.2031 
   HI_SS0017  6 0.4438 0.1340 0.1564 0.1357 0.1301 
   HI_SS0021  6 0.1613 0.3494 0.2205 0.1195 0.1492 
   HI_SS0024  6 0.2599 0.1269 0.2362 0.1494 0.2276 
   HI_SS0025  6 0.3648 0.1164 0.1276 0.1757 0.2155 
   HI_SS0027  6 0.1252 0.2454 0.1157 0.2384 0.2753 
   HI_SS0028  6 0.2116 0.0781 0.3078 0.0855 0.3171 
   HI_SS0029  6 0.3112 0.2302 0.1569 0.1475 0.1543 
   HI_SS0030  6 0.1688 0.1908 0.1925 0.2467 0.2012 
   HI_SS0031  6 0.1801 0.1164 0.3033 0.3005 0.0997 
   HI_SS0034  6 0.1529 0.3169 0.1356 0.2848 0.1098 
   HI_SS0036  6 0.1266 0.3874 0.1814 0.0980 0.2066 
   HI_SS0037  6 0.1180 0.3878 0.1053 0.1339 0.2551 
   HI_SS0039  6 0.1199 0.2691 0.1669 0.1190 0.3250 
   HI_SS0041  6 0.2513 0.1204 0.1417 0.1226 0.3638 
   HI_SS0042  6 0.2854 0.1111 0.2601 0.1528 0.1906 
   HI_SS0043  6 0.0739 0.4348 0.1930 0.1422 0.1561 
   HI_SS0044  6 0.3735 0.2460 0.0888 0.1836 0.1082 
   HI_SS0047  6 0.2517 0.1062 0.1843 0.2169 0.2408 
   HI_SS0049  6 0.3919 0.1553 0.1417 0.1631 0.1479 
   HI_SS0051  6 0.0888 0.1243 0.1659 0.2248 0.3962 
   HI_SS0053  6 0.1153 0.3429 0.2441 0.1864 0.1113 
   HI_SS0054  6 0.0671 0.3406 0.1862 0.2107 0.1954 
   HI_SS0057  6 0.1948 0.1606 0.2186 0.1164 0.3096 
   HI_SS0058  6 0.1961 0.3103 0.1351 0.1939 0.1645 
   HI_SS0060  6 0.1007 0.1558 0.2562 0.1813 0.3060 
   HI_SS0087  6 0.1527 0.2266 0.2932 0.2028 0.1247 
   HI_SS0091  6 0.0874 0.3718 0.2661 0.1983 0.0764 
   HI_SS0095  6 0.1276 0.1864 0.2337 0.2831 0.1692 
   HI_SS0097  6 0.0968 0.1145 0.2698 0.3591 0.1598 
   HI_SS0099  6 0.3420 0.1814 0.1297 0.1289 0.2181 
   HI_SS0103  6 0.2815 0.1574 0.2296 0.2311 0.1003 
   HI_SS0105  6 0.0999 0.1579 0.3362 0.1960 0.2101 
   HI_SS0107  6 0.3857 0.0827 0.2043 0.2197 0.1077 
   HI_SS0108  6 0.1016 0.4736 0.1209 0.1713 0.1325 
   HI_SS0110  6 0.1687 0.1963 0.3456 0.2066 0.0828 
   HI_SS0111  6 0.1640 0.1784 0.2326 0.2094 0.2157 
   HI_SS0112  6 0.1355 0.4555 0.1269 0.1580 0.1241 
   HI_SS0113  6 0.3310 0.1133 0.2741 0.1383 0.1433 
   HI_SS0114  6 0.0836 0.2809 0.1334 0.1978 0.3043 
   HI_SS0115  6 0.2660 0.1545 0.0839 0.3069 0.1888 
   HI_SS0116  6 0.2998 0.3302 0.0908 0.1960 0.0832 
   HI_SS0117  6 0.1146 0.2645 0.3559 0.1886 0.0764 
   HI_SS0118  6 0.1711 0.2574 0.2238 0.2398 0.1080 
   HI_SS0119  6 0.0796 0.2348 0.3178 0.2294 0.1385 
   HI_SS0120  6 0.4218 0.0977 0.2909 0.1198 0.0699 
   HI_SS0121  6 0.1001 0.0989 0.4378 0.1159 0.2474 
   HI_SS0122  6 0.1590 0.1847 0.2658 0.1806 0.2099 
   HI_SS0123  6 0.1741 0.1812 0.3258 0.2215 0.0975 
   HI_SS0124  6 0.4171 0.0837 0.1128 0.1609 0.2254 
   HI_SS0125  6 0.2632 0.0874 0.1919 0.2076 0.2499 
   HI_SS0126  6 0.2643 0.3635 0.1275 0.1420 0.1028 
   HI_SS0127  6 0.1064 0.1510 0.1505 0.1741 0.4180 
   HI_SS0128  6 0.2845 0.1546 0.2412 0.2223 0.0974 
   HI_SS0129  6 0.2125 0.3033 0.1446 0.1671 0.1724 
   HI_SS0131  6 0.0800 0.2722 0.1662 0.1542 0.3273 
   HI_SS0132  6 0.1360 0.1667 0.3216 0.2005 0.1752 
   HI_SS0133  6 0.1508 0.4691 0.1108 0.1262 0.1430 
   HI_SS0134  6 0.1670 0.2039 0.2373 0.2406 0.1512 
   HI_SS0142  6 0.0906 0.1297 0.2964 0.2982 0.1852 
   HI_SS0145  6 0.1809 0.2220 0.1933 0.2849 0.1189 
   HI_SS0146  6 0.1320 0.2265 0.1561 0.2749 0.2105 
   HI_SS0147  6 0.1246 0.1087 0.2152 0.1686 0.3830 
   HI_SS0149  6 0.1152 0.2006 0.4911 0.1069 0.0862 
   HI_SS0150  6 0.2609 0.1033 0.1768 0.1602 0.2989 
   HI_SS0151  6 0.2362 0.1495 0.0789 0.3231 0.2123 
   NS_SS1451  6 0.3184 0.0815 0.1523 0.1876 0.2602 
   NS_SS1404  6 0.1828 0.1607 0.1676 0.1198 0.3690 
   NS_SS1432  6 0.3474 0.1061 0.2800 0.1156 0.1509 
   NS_SS1405  6 0.3426 0.2040 0.1423 0.1543 0.1567 
   NS_SS1431  6 0.3229 0.1020 0.3116 0.1204 0.1430 
   NS_SS1402  6 0.1629 0.1899 0.2793 0.2564 0.1115 
   NS_SS1450  6 0.2648 0.2888 0.1100 0.1657 0.1708 
   NS_SS1396  6 0.1816 0.1891 0.2194 0.1738 0.2360 
   NS_SS1393  6 0.1710 0.2078 0.1367 0.2720 0.2125 
   NS_SS1392  6 0.3669 0.1306 0.0954 0.1732 0.2340 
   NS_SS1445  6 0.0972 0.3359 0.2406 0.1511 0.1753 
   NS_SS1423  6 0.1967 0.2056 0.2825 0.2245 0.0906 
   NS_SS1421  6 0.1708 0.2283 0.2637 0.1804 0.1568 
   NS_SS1411  6 0.1200 0.3090 0.0769 0.1173 0.3768 
   NS_SS1453  6 0.1177 0.2997 0.2667 0.1633 0.1525 
   NS_SS1442  6 0.1806 0.1905 0.1746 0.2672 0.1872 
   NS_SS1422  6 0.1888 0.1260 0.2147 0.3669 0.1036 
   NS_SS1419  6 0.1182 0.1429 0.2067 0.2270 0.3052 
   NS_SS1427  6 0.2347 0.3853 0.1040 0.1953 0.0807 
   NS_SS1444  6 0.2282 0.1348 0.1493 0.1772 0.3104 
   NS_SS1455  6 0.3346 0.0979 0.2432 0.2094 0.1150 
   NS_SS1425  6 0.0711 0.4082 0.1513 0.1957 0.1737 
   NS_SS1400  6 0.1317 0.3597 0.1591 0.1611 0.1884 
   NS_SS1406  6 0.1719 0.0766 0.4087 0.2158 0.1269 
   NS_SS1417  6 0.1973 0.2558 0.2456 0.1480 0.1533 
   NS_SS1454  6 0.1367 0.3107 0.3002 0.0855 0.1669 
   NS_SS1412  6 0.2225 0.2470 0.1537 0.1646 0.2122 
   NS_SS1438  6 0.0673 0.3348 0.1351 0.2173 0.2455 
   NS_SS1416  6 0.1858 0.2014 0.2184 0.1833 0.2112 
   NS_SS1401  6 0.1578 0.2043 0.2937 0.2169 0.1273 
   NS_SS1424  6 0.1264 0.2354 0.2958 0.1793 0.1631 
   NS_SS1435  6 0.3031 0.1695 0.1466 0.1408 0.2400 
   NS_SS1447  6 0.1795 0.1242 0.1997 0.2076 0.2890 
   NS_SS1414  6 0.2568 0.1400 0.1602 0.1355 0.3075 
   NS_SS1449  6 0.1768 0.1206 0.2355 0.3177 0.1494 
   NS_SS1443  6 0.1771 0.2528 0.1644 0.3243 0.0813 
   NS_SS1434  6 0.3809 0.1624 0.1124 0.2673 0.0770 
   NS_SS1398  6 0.3538 0.1641 0.1536 0.1435 0.1851 
   NS_SS1426  6 0.1306 0.3969 0.1573 0.1656 0.1496 
   NS_SS1413  6 0.2728 0.3107 0.1616 0.1486 0.1063 
   NS_SS1395  6 0.1268 0.2657 0.2087 0.2698 0.1291 
   NS_SS1448  6 0.2265 0.2497 0.1101 0.0976 0.3161 
   NS_SS1446  6 0.1369 0.2553 0.2143 0.2542 0.1393 
   NS_SS1403  6 0.1835 0.1331 0.3388 0.1726 0.1719 
   NS_SS1415  6 0.1635 0.3030 0.1358 0.1674 0.2304 
   NS_SS1437  6 0.1898 0.1782 0.3214 0.1236 0.1870 
   NS_SS1439  6 0.1388 0.1642 0.2186 0.3335 0.1449 
   NS_SS1441  6 0.2417 0.2645 0.1650 0.2246 0.1042 
   NS_SS1420  6 0.1556 0.0959 0.0652 0.1233 0.5599 
   NS_SS1394  6 0.2196 0.1265 0.1828 0.1165 0.3546 
   NS_SS1391  6 0.3539 0.2622 0.1345 0.1661 0.0833 
   NS_SS1410  6 0.1816 0.2526 0.2211 0.2070 0.1377 
   NS_SS1408  6 0.1331 0.1353 0.2987 0.2217 0.2112 
   NS_SS1409  6 0.3381 0.2369 0.1316 0.2148 0.0785 
   HI_SS0617  7 0.2468 0.2285 0.1133 0.2698 0.1417 
   HI_SS0618  7 0.2519 0.1398 0.1247 0.2088 0.2748 
   HI_SS0619  7 0.3294 0.2043 0.1315 0.1414 0.1935 
   HI_SS0620  7 0.1149 0.3412 0.0645 0.2141 0.2653 
   HI_SS0621  7 0.2069 0.1456 0.2370 0.2199 0.1906 
   HI_SS0622  7 0.1897 0.1841 0.2234 0.2002 0.2025 
   HI_SS0626  7 0.1302 0.1925 0.1581 0.1036 0.4156 
   HI_SS0627  7 0.2232 0.1438 0.3263 0.1383 0.1685 
   HI_SS0628  7 0.1915 0.3309 0.1932 0.1102 0.1743 
   HI_SS0629  7 0.1183 0.2367 0.2465 0.1907 0.2077 
   HI_SS0630  7 0.1801 0.2189 0.1073 0.2112 0.2824 
   HI_SS0631  7 0.1401 0.2348 0.1493 0.1906 0.2852 
   HI_SS0632  7 0.1286 0.1920 0.1692 0.1650 0.3453 
   HI_SS0633  7 0.4168 0.1459 0.1080 0.2191 0.1101 
   HI_SS0634  7 0.1478 0.1888 0.2421 0.1532 0.2681 
   HI_SS0635  7 0.2274 0.1233 0.1977 0.1515 0.3002 
   HI_SS0637  7 0.0802 0.1831 0.2512 0.2155 0.2701 
   HI_SS0638  7 0.2633 0.2223 0.1835 0.1450 0.1858 
   HI_SS0639  7 0.1910 0.0959 0.1882 0.2462 0.2786 
   HI_SS0640  7 0.1958 0.1521 0.1856 0.2516 0.2149 
   HI_SS0641  7 0.1143 0.2881 0.0985 0.1495 0.3496 
   HI_SS0642  7 0.1883 0.1066 0.4032 0.1747 0.1272 
   HI_SS0645  7 0.2591 0.0765 0.1048 0.1416 0.4180 
   HI_SS0646  7 0.2683 0.1540 0.2203 0.2703 0.0871 
   HI_SS0647  7 0.3121 0.1780 0.2452 0.1110 0.1537 
   HI_SS0648  7 0.2284 0.1911 0.1783 0.1861 0.2161 
   HI_SS0649  7 0.2249 0.1775 0.1531 0.2806 0.1640 
   HI_SS0650  7 0.3907 0.1058 0.1433 0.2300 0.1302 
   HI_SS0651  7 0.2227 0.1617 0.1608 0.2658 0.1890 
   HI_SS0652  7 0.2332 0.1021 0.0931 0.1262 0.4454 
   NS_SS1371  7 0.1670 0.1922 0.2312 0.3227 0.0869 
   NS_SS1374  7 0.1566 0.3160 0.2215 0.1025 0.2034 
   NS_SS1337  7 0.1779 0.1013 0.3080 0.1181 0.2947 
   NS_SS1385  7 0.2614 0.1299 0.2038 0.2810 0.1239 
   NS_SS1388  7 0.3085 0.2601 0.1539 0.1127 0.1649 
   NS_SS1370  7 0.0686 0.0690 0.1194 0.1488 0.5942 
   NS_SS1389  7 0.3429 0.1850 0.1440 0.0874 0.2408 
   NS_SS1360  7 0.1004 0.2396 0.1587 0.1970 0.3044 
   NS_SS1330  7 0.2153 0.0961 0.1686 0.2214 0.2986 
   NS_SS1328  7 0.3286 0.2755 0.1586 0.1701 0.0671 
   NS_SS1384  7 0.1019 0.1962 0.2531 0.2519 0.1969 
   NS_SS1381  7 0.4096 0.0772 0.1466 0.2472 0.1194 
   NS_SS1375  7 0.4005 0.1446 0.1160 0.1250 0.2139 
   NS_SS1319  7 0.1800 0.1776 0.2331 0.2122 0.1972 
   NS_SS1326  7 0.2513 0.4003 0.1090 0.1297 0.1096 
   NS_SS1341  7 0.0810 0.2651 0.3235 0.2084 0.1220 
   NS_SS1383  7 0.1078 0.1731 0.3371 0.1625 0.2194 
   NS_SS1318  7 0.1982 0.1516 0.1242 0.2354 0.2906 
   NS_SS1348  7 0.0879 0.3152 0.2048 0.2209 0.1712 
   NS_SS1363  7 0.1761 0.1383 0.2323 0.1942 0.2590 
   NS_SS1335  7 0.0798 0.2106 0.2424 0.2342 0.2330 
   NS_SS1358  7 0.1101 0.1959 0.3012 0.2594 0.1334 
   NS_SS1342  7 0.1161 0.2224 0.3661 0.2261 0.0694 
   NS_SS1320  7 0.5122 0.0548 0.1583 0.1962 0.0786 
   NS_SS1355  7 0.1919 0.1096 0.2355 0.2647 0.1984 
   NS_SS1345  7 0.1247 0.0745 0.2924 0.3479 0.1605 
   NS_SS1324  7 0.1358 0.2667 0.1718 0.2302 0.1955 
   NS_SS1347  7 0.1561 0.1385 0.2161 0.3297 0.1597 
   NS_SS1321  7 0.1102 0.2744 0.2776 0.1628 0.1751 
   NS_SS1333  7 0.1576 0.3108 0.2500 0.1434 0.1382 
   NS_SS1364  7 0.1195 0.2978 0.2379 0.2177 0.1271 
   NS_SS1379  7 0.2714 0.1605 0.1580 0.2290 0.1810 
   NS_SS1332  7 0.1691 0.4081 0.1799 0.1169 0.1260 
   NS_SS1338  7 0.1009 0.2574 0.1366 0.1640 0.3410 
   NS_SS1368  7 0.1521 0.2969 0.3043 0.1596 0.0871 
   NS_SS1354  7 0.1780 0.1626 0.2904 0.2095 0.1595 
   NS_SS1365  7 0.2458 0.1290 0.2079 0.1786 0.2387 
   NS_SS1380  7 0.1846 0.1134 0.2751 0.2165 0.2104 
   NS_SS1329  7 0.1225 0.2553 0.4120 0.1489 0.0614 
   NS_SS1362  7 0.2025 0.1888 0.2689 0.2097 0.1302 
   NS_SS1327  7 0.1047 0.5304 0.0920 0.1431 0.1298 
   NS_SS1350  7 0.3118 0.1859 0.1090 0.3134 0.0799 
   NS_SS1387  7 0.1574 0.1725 0.1268 0.1546 0.3887 
   NS_SS1369  7 0.1090 0.2681 0.2203 0.2092 0.1934 
   NS_SS1331  7 0.2236 0.2289 0.1935 0.0925 0.2616 
   NS_SS1357  7 0.3766 0.1952 0.1370 0.2299 0.0612 
   NS_SS1386  7 0.0787 0.4476 0.2886 0.1161 0.0690 
   NS_SS1353  7 0.3780 0.1762 0.2049 0.1365 0.1044 
   NS_SS1323  7 0.2395 0.0945 0.3476 0.1779 0.1405 
   HI_SS0296  8 0.1371 0.2282 0.0845 0.2216 0.3286 
   HI_SS0297  8 0.2843 0.1419 0.3034 0.1547 0.1156 
   HI_SS0299  8 0.1319 0.1925 0.2151 0.2291 0.2314 
   HI_SS0300  8 0.1527 0.1754 0.1356 0.2520 0.2843 
   HI_SS0301  8 0.0758 0.1673 0.2309 0.1211 0.4048 
   HI_SS0302  8 0.0974 0.2473 0.1122 0.1631 0.3801 
   HI_SS0303  8 0.2767 0.3593 0.1179 0.1442 0.1019 
   HI_SS0304  8 0.3132 0.2199 0.1426 0.0813 0.2431 
   HI_SS0306  8 0.1415 0.3437 0.1296 0.1156 0.2695 
   HI_SS0307  8 0.2266 0.1096 0.2365 0.2179 0.2094 
   HI_SS0308  8 0.1145 0.1340 0.2340 0.2731 0.2444 
   HI_SS0309  8 0.0996 0.0951 0.2356 0.3459 0.2238 
   HI_SS0310  8 0.3091 0.2288 0.1358 0.1428 0.1836 
   HI_SS0311  8 0.1279 0.1765 0.2114 0.1553 0.3289 
   HI_SS0314  8 0.3871 0.1894 0.1827 0.1349 0.1059 
   HI_SS0316  8 0.1999 0.2684 0.1878 0.1937 0.1501 
   HI_SS0317  8 0.1380 0.1592 0.2808 0.1686 0.2532 
   HI_SS0318  8 0.0889 0.3219 0.2342 0.1789 0.1761 
   HI_SS0319  8 0.1166 0.4154 0.1331 0.2512 0.0837 
   HI_SS0320  8 0.3112 0.1333 0.3176 0.0842 0.1537 
   HI_SS0321  8 0.1250 0.2080 0.2265 0.2989 0.1417 
   HI_SS0323  8 0.1570 0.3104 0.1115 0.1830 0.2381 
   HI_SS0325  8 0.1229 0.3082 0.1454 0.1369 0.2866 
   HI_SS0327  8 0.1801 0.1943 0.1654 0.4043 0.0559 
   HI_SS0329  8 0.2520 0.1695 0.2083 0.1144 0.2558 
   HI_SS0333  8 0.2015 0.2101 0.1909 0.2073 0.1901 
   HI_SS0334  8 0.1036 0.3097 0.1928 0.1993 0.1946 
   HI_SS0335  8 0.1501 0.1038 0.2872 0.2909 0.1681 
   HI_SS0339  8 0.1816 0.1350 0.2107 0.2098 0.2628 
   HI_SS0343  8 0.1723 0.0997 0.3583 0.2717 0.0981 
   HI_SS0344  8 0.0940 0.5078 0.1223 0.1647 0.1112 
   HI_SS0345  8 0.1363 0.1977 0.2546 0.1538 0.2575 
   HI_SS0346  8 0.1560 0.2489 0.2775 0.1182 0.1994 
   HI_SS0350  8 0.1798 0.0632 0.2321 0.3144 0.2104 
   HI_SS0351  8 0.1181 0.1527 0.3279 0.2798 0.1216 
   HI_SS0352  8 0.1923 0.1244 0.2943 0.2279 0.1611 
   HI_SS0362  8 0.1507 0.1518 0.1254 0.1456 0.4265 
   HI_SS0363  8 0.1529 0.2432 0.1389 0.3643 0.1007 
   HI_SS0365  8 0.1796 0.2591 0.1494 0.3025 0.1094 
   HI_SS0366  8 0.1157 0.3778 0.1178 0.2393 0.1495 
   HI_SS0367  8 0.3101 0.1066 0.2426 0.1871 0.1536 
   HI_SS0369  8 0.2391 0.1152 0.1876 0.1880 0.2701 
   HI_SS0370  8 0.3036 0.1294 0.1823 0.3067 0.0780 
   HI_SS0371  8 0.1408 0.3654 0.1435 0.1293 0.2210 
   HI_SS0373  8 0.2561 0.1828 0.1233 0.2115 0.2263 
   HI_SS0374  8 0.2794 0.1412 0.2094 0.1831 0.1869 
   HI_SS0377  8 0.0847 0.1992 0.3047 0.2315 0.1799 
   HI_SS0379  8 0.0720 0.5372 0.1914 0.1097 0.0897 
   HI_SS0380  8 0.2161 0.1517 0.2277 0.2144 0.1901 
   HI_SS0381  8 0.1151 0.0979 0.2787 0.2368 0.2715 
   HI_SS0384  8 0.2890 0.2628 0.1742 0.1422 0.1319 
   HI_SS0385  8 0.2572 0.3102 0.1292 0.0685 0.2349 
