

----------------------------------------------------
STRUCTURE by Pritchard, Stephens and Donnelly (2000)
     and Falush, Stephens and Pritchard (2003)
       Code by Pritchard, Falush and Hubisz
             Version 2.3.4 (Jul 2012)
----------------------------------------------------



Command line arguments:   /home/genobiwan/Documents/Programs/Structure/structure -m parameter_job_k6_r2 
Input File:    /media/genobiwan/Storage/Projets/Mackerel_NWA_2021/data_job_k6_r2

Run parameters:
   557 individuals
   3930 loci
   6 populations assumed
   100000 Burn-in period
   200000 Reps


--------------------------------------------
Proportion of membership of each pre-defined
 population in each of the 6 clusters

Given    Inferred Clusters                            Number of
 Pop       1      2      3      4      5      6      Individuals

  1:     0.171  0.186  0.168  0.155  0.164  0.157       67
  2:     0.149  0.144  0.190  0.199  0.184  0.134       32
  3:     0.158  0.182  0.158  0.161  0.186  0.155       92
  4:     0.193  0.145  0.148  0.182  0.162  0.170       36
  5:     0.157  0.193  0.152  0.167  0.156  0.174       41
  6:     0.174  0.157  0.165  0.163  0.164  0.178      158
  7:     0.173  0.160  0.171  0.161  0.170  0.166       79
  8:     0.161  0.180  0.156  0.156  0.164  0.182       52
--------------------------------------------

Allele-freq. divergence among pops (Net nucleotide distance),
computed using point estimates of P.

      1       2       3       4       5       6      
 1      -    0.0037  0.0044  0.0044  0.0040  0.0046  
 2   0.0037     -    0.0046  0.0045  0.0038  0.0049  
 3   0.0044  0.0046     -    0.0046  0.0042  0.0058  
 4   0.0044  0.0045  0.0046     -    0.0049  0.0050  
 5   0.0040  0.0038  0.0042  0.0049     -    0.0049  
 6   0.0046  0.0049  0.0058  0.0050  0.0049     -    

Average distances (expected heterozygosity) between individuals in same cluster:
cluster  1  : 0.3118 
cluster  2  : 0.3106 
cluster  3  : 0.3106 
cluster  4  : 0.3126 
cluster  5  : 0.3103 
cluster  6  : 0.3089 

--------------------------------------------
Estimated Ln Prob of Data   = -2070963.9
Mean value of ln likelihood = -2060630.3
Variance of ln likelihood   = 20667.2
Mean value of alpha         = 1.8133

Mean value of Fst_1         = 0.0430
Mean value of Fst_2         = 0.0458
Mean value of Fst_3         = 0.0535
Mean value of Fst_4         = 0.0513
Mean value of Fst_5         = 0.0456
Mean value of Fst_6         = 0.0537


Inferred ancestry of individuals:
        Label (%Miss) Pop:  Inferred clusters
  1 NS_SS0963    (4)    1 :  0.273 0.208 0.083 0.146 0.202 0.088 
  2 NS_SS0983    (1)    1 :  0.127 0.162 0.050 0.221 0.128 0.312 
  3 NS_SS0719    (8)    1 :  0.232 0.111 0.119 0.176 0.222 0.140 
  4 NS_SS1001    (8)    1 :  0.073 0.210 0.272 0.159 0.180 0.106 
  5 NS_SS0936    (4)    1 :  0.218 0.241 0.182 0.200 0.072 0.088 
  6 NS_SS0955    (5)    1 :  0.171 0.211 0.055 0.165 0.204 0.193 
  7 NS_SS0944    (3)    1 :  0.101 0.283 0.118 0.136 0.174 0.187 
  8 NS_SS0945    (3)    1 :  0.133 0.163 0.297 0.090 0.092 0.225 
  9 NS_SS0922    (2)    1 :  0.175 0.114 0.254 0.187 0.192 0.078 
 10 NS_SS0929    (7)    1 :  0.172 0.220 0.107 0.194 0.106 0.201 
 11 NS_SS0956    (2)    1 :  0.095 0.132 0.196 0.133 0.366 0.078 
 12 NS_SS0906    (3)    1 :  0.143 0.314 0.116 0.109 0.111 0.208 
 13 NS_SS0721    (6)    1 :  0.153 0.092 0.102 0.163 0.359 0.131 
 14 NS_SS0982    (4)    1 :  0.196 0.224 0.153 0.108 0.201 0.118 
 15 NS_SS0923    (5)    1 :  0.156 0.204 0.227 0.161 0.137 0.115 
 16 NS_SS0905    (6)    1 :  0.094 0.229 0.210 0.167 0.151 0.149 
 17 NS_SS0925    (3)    1 :  0.112 0.272 0.104 0.275 0.176 0.061 
 18 NS_SS0947    (5)    1 :  0.163 0.231 0.172 0.212 0.112 0.110 
 19 NS_SS0926    (2)    1 :  0.289 0.144 0.103 0.073 0.085 0.306 
 20 NS_SS0918    (6)    1 :  0.135 0.403 0.156 0.065 0.145 0.097 
 21 NS_SS0966    (4)    1 :  0.198 0.264 0.156 0.154 0.119 0.109 
 22 NS_SS0938    (2)    1 :  0.363 0.110 0.189 0.156 0.102 0.080 
 23 NS_SS0917    (2)    1 :  0.200 0.067 0.162 0.252 0.134 0.184 
 24 NS_SS0957   (11)    1 :  0.145 0.161 0.183 0.107 0.274 0.131 
 25 NS_SS0987    (1)    1 :  0.111 0.146 0.148 0.065 0.369 0.161 
 26 NS_SS0717    (4)    1 :  0.065 0.195 0.300 0.135 0.196 0.109 
 27 NS_SS0986    (2)    1 :  0.167 0.177 0.160 0.053 0.208 0.235 
 28 NS_SS0953    (4)    1 :  0.070 0.316 0.171 0.193 0.151 0.099 
 29 NS_SS0907    (3)    1 :  0.138 0.356 0.123 0.127 0.103 0.153 
 30 NS_SS0974    (6)    1 :  0.126 0.211 0.183 0.243 0.082 0.154 
 31 NS_SS0989    (1)    1 :  0.256 0.058 0.086 0.266 0.109 0.225 
 32 NS_SS0991    (2)    1 :  0.081 0.287 0.062 0.060 0.259 0.253 
 33 NS_SS0994    (2)    1 :  0.100 0.099 0.151 0.164 0.078 0.408 
 34 NS_SS0931    (6)    1 :  0.182 0.205 0.080 0.068 0.170 0.296 
 35 NS_SS1000    (5)    1 :  0.154 0.219 0.306 0.112 0.092 0.117 
 36 NS_SS0919    (1)    1 :  0.327 0.194 0.088 0.127 0.089 0.174 
 37 NS_SS0949    (3)    1 :  0.183 0.083 0.075 0.253 0.169 0.237 
 38 NS_SS0960   (10)    1 :  0.128 0.197 0.112 0.174 0.183 0.206 
 39 NS_SS0716    (2)    1 :  0.086 0.057 0.438 0.058 0.237 0.124 
 40 NS_SS0924    (8)    1 :  0.156 0.208 0.088 0.189 0.180 0.179 
 41 NS_SS0935    (1)    1 :  0.075 0.159 0.106 0.155 0.232 0.273 
 42 NS_SS0952   (13)    1 :  0.164 0.250 0.102 0.133 0.098 0.253 
 43 NS_SS0962   (10)    1 :  0.324 0.121 0.235 0.074 0.138 0.108 
 44 NS_SS0973    (5)    1 :  0.106 0.263 0.080 0.285 0.158 0.109 
 45 NS_SS0722    (1)    1 :  0.063 0.272 0.356 0.154 0.083 0.073 
 46 NS_SS0979   (13)    1 :  0.190 0.184 0.203 0.091 0.235 0.098 
 47 NS_SS0993    (2)    1 :  0.137 0.290 0.154 0.208 0.144 0.066 
 48 NS_SS0958    (1)    1 :  0.119 0.167 0.203 0.109 0.102 0.300 
 49 NS_SS0988    (4)    1 :  0.289 0.195 0.128 0.068 0.113 0.207 
 50 NS_SS1003    (2)    1 :  0.411 0.132 0.068 0.061 0.266 0.062 
 51 NS_SS0976    (0)    1 :  0.255 0.193 0.084 0.108 0.122 0.239 
 52 NS_SS0964   (10)    1 :  0.081 0.122 0.323 0.170 0.225 0.079 
 53 NS_SS0939    (4)    1 :  0.127 0.052 0.420 0.078 0.244 0.080 
 54 NS_SS0990    (6)    1 :  0.250 0.068 0.258 0.062 0.114 0.248 
 55 NS_SS0984    (2)    1 :  0.170 0.160 0.331 0.158 0.106 0.074 
 56 NS_SS0980    (9)    1 :  0.099 0.246 0.139 0.365 0.082 0.068 
 57 NS_SS0978    (4)    1 :  0.206 0.187 0.199 0.194 0.114 0.100 
 58 NS_SS0951   (17)    1 :  0.075 0.233 0.125 0.067 0.272 0.228 
 59 NS_SS0913    (3)    1 :  0.110 0.139 0.263 0.101 0.272 0.116 
 60 NS_SS1002    (1)    1 :  0.452 0.195 0.130 0.086 0.066 0.071 
 61 NS_SS0948    (1)    1 :  0.155 0.283 0.140 0.118 0.126 0.179 
 62 NS_SS0916    (4)    1 :  0.172 0.074 0.120 0.407 0.121 0.106 
 63 NS_SS0995    (1)    1 :  0.128 0.103 0.164 0.354 0.169 0.082 
 64 NS_SS0927    (6)    1 :  0.193 0.087 0.162 0.253 0.098 0.206 
 65 NS_SS0992    (5)    1 :  0.218 0.112 0.144 0.305 0.089 0.132 
 66 NS_SS0912    (1)    1 :  0.172 0.140 0.126 0.056 0.257 0.248 
 67 NS_SS0981    (1)    1 :  0.244 0.247 0.140 0.067 0.201 0.101 
 68 NS_SS0729    (5)    2 :  0.102 0.164 0.063 0.373 0.063 0.234 
 69 NS_SS0967   (14)    2 :  0.279 0.226 0.120 0.167 0.120 0.088 
 70 NS_SS0941    (7)    2 :  0.180 0.109 0.218 0.226 0.161 0.106 
 71 NS_SS0768   (12)    2 :  0.170 0.156 0.142 0.086 0.307 0.139 
 72 NS_SS0726    (4)    2 :  0.225 0.105 0.074 0.370 0.078 0.148 
 73 NS_SS0763    (4)    2 :  0.129 0.169 0.162 0.204 0.124 0.212 
 74 NS_SS0730    (6)    2 :  0.202 0.109 0.263 0.153 0.171 0.103 
 75 NS_SS0774    (1)    2 :  0.138 0.163 0.286 0.258 0.085 0.070 
 76 NS_SS0723    (3)    2 :  0.235 0.166 0.170 0.216 0.157 0.056 
 77 NS_SS0940    (9)    2 :  0.166 0.090 0.205 0.199 0.151 0.189 
 78 NS_SS0762    (1)    2 :  0.072 0.169 0.362 0.192 0.145 0.060 
 79 NS_SS0766   (11)    2 :  0.085 0.075 0.300 0.208 0.170 0.162 
 80 NS_SS0724    (1)    2 :  0.103 0.232 0.141 0.146 0.264 0.114 
 81 NS_SS0769    (3)    2 :  0.246 0.124 0.209 0.109 0.173 0.139 
 82 NS_SS0777    (2)    2 :  0.155 0.208 0.139 0.070 0.155 0.272 
 83 NS_SS0734    (6)    2 :  0.120 0.099 0.178 0.164 0.272 0.167 
 84 NS_SS0737    (3)    2 :  0.116 0.093 0.340 0.281 0.099 0.071 
 85 NS_SS0732    (5)    2 :  0.087 0.173 0.124 0.176 0.364 0.075 
 86 NS_SS0728    (5)    2 :  0.115 0.106 0.163 0.296 0.212 0.108 
 87 NS_SS0735    (9)    2 :  0.061 0.173 0.189 0.270 0.215 0.093 
 88 NS_SS0725    (1)    2 :  0.207 0.110 0.266 0.129 0.187 0.101 
 89 NS_SS0788    (2)    2 :  0.347 0.089 0.119 0.169 0.137 0.139 
 90 NS_SS0778    (2)    2 :  0.268 0.118 0.092 0.164 0.172 0.187 
 91 NS_SS0792    (6)    2 :  0.089 0.161 0.097 0.287 0.250 0.116 
 92 NS_SS0943   (11)    2 :  0.092 0.272 0.061 0.104 0.210 0.261 
 93 NS_SS0791    (2)    2 :  0.092 0.078 0.110 0.366 0.215 0.140 
 94 NS_SS0790    (5)    2 :  0.097 0.236 0.199 0.088 0.332 0.047 
 95 NS_SS0731    (6)    2 :  0.116 0.135 0.236 0.070 0.326 0.118 
 96 NS_SS0727    (6)    2 :  0.056 0.094 0.217 0.350 0.091 0.193 
 97 NS_SS0779   (12)    2 :  0.159 0.187 0.158 0.164 0.167 0.165 
 98 NS_SS0776    (3)    2 :  0.162 0.110 0.292 0.136 0.145 0.154 
 99 NS_SS0775    (5)    2 :  0.094 0.099 0.397 0.185 0.156 0.069 
100 NS_SS0965    (3)    3 :  0.189 0.197 0.094 0.110 0.298 0.111 
101 NS_SS0754   (13)    3 :  0.118 0.102 0.078 0.225 0.281 0.196 
102 NS_SS0838    (5)    3 :  0.183 0.175 0.210 0.160 0.100 0.172 
103 NS_SS0839    (3)    3 :  0.168 0.127 0.277 0.184 0.182 0.063 
104 NS_SS0832    (4)    3 :  0.152 0.302 0.180 0.089 0.218 0.060 
105 NS_SS0820    (4)    3 :  0.277 0.130 0.115 0.131 0.284 0.062 
106 NS_SS0886    (9)    3 :  0.163 0.111 0.131 0.170 0.221 0.205 
107 NS_SS0748    (5)    3 :  0.149 0.285 0.123 0.116 0.133 0.194 
108 NS_SS0884    (9)    3 :  0.148 0.188 0.132 0.231 0.168 0.133 
109 NS_SS0752    (3)    3 :  0.156 0.144 0.214 0.250 0.127 0.109 
110 NS_SS0862    (1)    3 :  0.095 0.184 0.080 0.189 0.388 0.063 
111 NS_SS0787    (9)    3 :  0.122 0.115 0.120 0.097 0.114 0.432 
112 NS_SS0843    (6)    3 :  0.119 0.197 0.129 0.227 0.207 0.121 
113 NS_SS0856    (4)    3 :  0.180 0.056 0.255 0.264 0.113 0.133 
114 NS_SS0846    (2)    3 :  0.198 0.286 0.098 0.197 0.067 0.155 
115 NS_SS0825    (1)    3 :  0.331 0.121 0.084 0.085 0.210 0.170 
116 NS_SS0757    (3)    3 :  0.115 0.207 0.104 0.113 0.257 0.204 
117 NS_SS0876    (3)    3 :  0.116 0.187 0.176 0.210 0.202 0.109 
118 NS_SS0903    (9)    3 :  0.126 0.244 0.122 0.372 0.082 0.054 
119 NS_SS0875    (7)    3 :  0.203 0.127 0.265 0.091 0.153 0.161 
120 NS_SS0740    (5)    3 :  0.108 0.227 0.161 0.193 0.189 0.124 
121 NS_SS0811    (5)    3 :  0.084 0.155 0.262 0.097 0.324 0.078 
122 NS_SS0751    (1)    3 :  0.242 0.105 0.274 0.140 0.109 0.131 
123 NS_SS0891    (6)    3 :  0.202 0.142 0.244 0.136 0.134 0.142 
124 NS_SS0867    (2)    3 :  0.154 0.329 0.050 0.109 0.205 0.154 
125 NS_SS0890    (6)    3 :  0.143 0.213 0.187 0.219 0.112 0.126 
126 NS_SS0866   (11)    3 :  0.130 0.107 0.111 0.178 0.120 0.355 
127 NS_SS0755    (4)    3 :  0.164 0.204 0.144 0.139 0.245 0.105 
128 NS_SS0758    (4)    3 :  0.132 0.181 0.152 0.282 0.126 0.127 
129 NS_SS0840    (2)    3 :  0.247 0.218 0.195 0.116 0.165 0.059 
130 NS_SS0889    (4)    3 :  0.110 0.133 0.100 0.100 0.247 0.309 
131 NS_SS1010    (1)    3 :  0.291 0.151 0.183 0.109 0.139 0.127 
132 NS_SS0888    (5)    3 :  0.063 0.074 0.109 0.365 0.164 0.224 
133 NS_SS0837    (3)    3 :  0.106 0.232 0.129 0.114 0.332 0.087 
134 NS_SS0794    (9)    3 :  0.070 0.104 0.207 0.242 0.134 0.243 
135 NS_SS0823    (4)    3 :  0.150 0.320 0.171 0.152 0.119 0.087 
136 NS_SS0829    (7)    3 :  0.073 0.223 0.085 0.070 0.185 0.364 
137 NS_SS0844    (5)    3 :  0.101 0.470 0.065 0.193 0.128 0.044 
138 NS_SS1008    (5)    3 :  0.085 0.126 0.257 0.156 0.128 0.248 
139 NS_SS0881    (3)    3 :  0.305 0.108 0.163 0.104 0.142 0.178 
140 NS_SS0834    (6)    3 :  0.216 0.127 0.292 0.156 0.121 0.087 
141 NS_SS0744   (10)    3 :  0.204 0.159 0.084 0.246 0.182 0.124 
142 NS_SS0899    (7)    3 :  0.086 0.242 0.236 0.060 0.278 0.098 
143 NS_SS0804    (4)    3 :  0.177 0.220 0.149 0.144 0.254 0.056 
144 NS_SS0781   (10)    3 :  0.261 0.253 0.205 0.092 0.114 0.074 
145 NS_SS0822    (6)    3 :  0.078 0.246 0.135 0.222 0.147 0.171 
146 NS_SS1004    (4)    3 :  0.151 0.303 0.117 0.151 0.169 0.109 
147 NS_SS0746    (5)    3 :  0.141 0.336 0.138 0.115 0.091 0.178 
148 NS_SS0880    (3)    3 :  0.187 0.274 0.156 0.137 0.150 0.096 
149 NS_SS0879    (4)    3 :  0.114 0.196 0.202 0.155 0.210 0.123 
150 NS_SS0753    (2)    3 :  0.091 0.211 0.103 0.140 0.227 0.228 
151 NS_SS1007    (2)    3 :  0.213 0.065 0.232 0.307 0.074 0.109 
152 NS_SS0872    (5)    3 :  0.183 0.184 0.231 0.196 0.120 0.086 
153 NS_SS1005    (7)    3 :  0.186 0.317 0.188 0.099 0.091 0.118 
154 NS_SS0892    (6)    3 :  0.148 0.178 0.202 0.132 0.167 0.174 
155 NS_SS0898    (0)    3 :  0.153 0.201 0.138 0.124 0.166 0.218 
156 NS_SS0801    (9)    3 :  0.127 0.201 0.135 0.087 0.284 0.165 
157 NS_SS0827    (8)    3 :  0.141 0.130 0.185 0.093 0.246 0.204 
158 NS_SS0853    (6)    3 :  0.070 0.122 0.218 0.120 0.263 0.207 
159 NS_SS0780    (2)    3 :  0.239 0.138 0.167 0.146 0.217 0.093 
160 NS_SS0826   (10)    3 :  0.363 0.235 0.068 0.058 0.112 0.165 
161 NS_SS0818    (5)    3 :  0.223 0.153 0.212 0.154 0.189 0.069 
162 NS_SS0745    (1)    3 :  0.103 0.057 0.489 0.055 0.207 0.088 
163 NS_SS0849    (3)    3 :  0.158 0.140 0.111 0.053 0.418 0.120 
164 NS_SS0739    (3)    3 :  0.264 0.060 0.168 0.182 0.212 0.113 
165 NS_SS0799    (1)    3 :  0.058 0.145 0.140 0.352 0.145 0.160 
166 NS_SS0756    (2)    3 :  0.226 0.322 0.127 0.080 0.167 0.078 
167 NS_SS0802    (2)    3 :  0.267 0.127 0.139 0.195 0.088 0.184 
168 NS_SS0747    (6)    3 :  0.200 0.234 0.131 0.181 0.121 0.133 
169 NS_SS0835    (1)    3 :  0.188 0.113 0.099 0.204 0.086 0.311 
170 NS_SS0742   (18)    3 :  0.208 0.186 0.119 0.238 0.167 0.082 
171 NS_SS0760    (9)    3 :  0.129 0.156 0.150 0.120 0.098 0.347 
172 NS_SS0803    (4)    3 :  0.055 0.412 0.078 0.307 0.095 0.053 
173 NS_SS0828   (13)    3 :  0.111 0.134 0.152 0.156 0.290 0.158 
174 NS_SS0865    (2)    3 :  0.265 0.152 0.066 0.132 0.265 0.121 
175 NS_SS0759    (4)    3 :  0.138 0.157 0.258 0.133 0.224 0.089 
176 NS_SS0851    (5)    3 :  0.115 0.088 0.176 0.051 0.480 0.090 
177 NS_SS0874   (16)    3 :  0.110 0.365 0.155 0.132 0.142 0.096 
178 NS_SS0761    (6)    3 :  0.146 0.201 0.064 0.114 0.184 0.290 
179 NS_SS0842   (25)    3 :  0.116 0.177 0.218 0.122 0.128 0.239 
180 NS_SS0785    (6)    3 :  0.110 0.221 0.119 0.206 0.165 0.180 
181 NS_SS0860   (11)    3 :  0.156 0.146 0.100 0.170 0.097 0.331 
182 NS_SS0897    (7)    3 :  0.085 0.097 0.113 0.149 0.175 0.382 
183 NS_SS0841   (14)    3 :  0.119 0.171 0.267 0.087 0.274 0.082 
184 NS_SS0797    (6)    3 :  0.164 0.163 0.095 0.095 0.263 0.220 
185 NS_SS0830   (10)    3 :  0.205 0.146 0.138 0.124 0.234 0.153 
186 NS_SS1011    (5)    3 :  0.346 0.179 0.085 0.114 0.200 0.077 
187 NS_SS0883    (5)    3 :  0.087 0.164 0.139 0.219 0.239 0.151 
188 NS_SS0782    (2)    3 :  0.092 0.131 0.228 0.274 0.113 0.161 
189 NS_SS0831    (5)    3 :  0.079 0.123 0.097 0.136 0.279 0.287 
190 NS_SS0749    (7)    3 :  0.121 0.092 0.146 0.222 0.265 0.154 
191 NS_SS0854    (2)    3 :  0.096 0.118 0.139 0.379 0.148 0.119 
192 HI_SS0193    (0)    4 :  0.139 0.086 0.145 0.186 0.222 0.222 
193 HI_SS0194    (0)    4 :  0.230 0.132 0.285 0.118 0.091 0.144 
194 HI_SS0195    (9)    4 :  0.218 0.072 0.195 0.101 0.344 0.070 
195 HI_SS0196    (6)    4 :  0.104 0.115 0.269 0.240 0.107 0.166 
196 HI_SS0197    (3)    4 :  0.551 0.083 0.118 0.093 0.061 0.093 
197 HI_SS0198    (1)    4 :  0.138 0.101 0.115 0.174 0.290 0.182 
198 HI_SS0199    (1)    4 :  0.081 0.109 0.154 0.419 0.092 0.145 
199 HI_SS0201    (4)    4 :  0.112 0.195 0.051 0.134 0.203 0.305 
200 HI_SS0215    (1)    4 :  0.179 0.162 0.077 0.130 0.169 0.283 
201 HI_SS0218    (1)    4 :  0.069 0.071 0.129 0.264 0.176 0.291 
202 HI_SS0222    (0)    4 :  0.190 0.070 0.202 0.181 0.218 0.139 
203 HI_SS0230    (1)    4 :  0.312 0.171 0.189 0.063 0.139 0.126 
204 HI_SS0234    (1)    4 :  0.238 0.127 0.108 0.353 0.072 0.103 
205 HI_SS0240    (1)    4 :  0.104 0.082 0.191 0.402 0.140 0.081 
206 HI_SS0241    (0)    4 :  0.153 0.164 0.098 0.208 0.159 0.218 
207 HI_SS0242    (0)    4 :  0.127 0.248 0.108 0.174 0.186 0.157 
208 HI_SS0247    (0)    4 :  0.173 0.384 0.116 0.065 0.126 0.136 
209 HI_SS0248    (1)    4 :  0.052 0.193 0.186 0.255 0.067 0.247 
210 HI_SS0252    (2)    4 :  0.082 0.214 0.190 0.220 0.198 0.096 
211 HI_SS0254    (1)    4 :  0.301 0.180 0.096 0.147 0.085 0.190 
212 HI_SS0256    (0)    4 :  0.218 0.199 0.201 0.152 0.194 0.035 
213 HI_SS0257    (0)    4 :  0.189 0.238 0.060 0.223 0.061 0.230 
214 HI_SS0258    (1)    4 :  0.098 0.159 0.140 0.152 0.163 0.288 
215 HI_SS0259    (1)    4 :  0.322 0.087 0.183 0.157 0.162 0.091 
216 HI_SS0260    (1)    4 :  0.089 0.103 0.227 0.238 0.101 0.242 
217 HI_SS0261    (2)    4 :  0.256 0.240 0.132 0.123 0.069 0.180 
218 HI_SS0262    (0)    4 :  0.153 0.098 0.145 0.217 0.298 0.089 
219 HI_SS0264    (1)    4 :  0.244 0.138 0.275 0.052 0.136 0.155 
220 HI_SS0265    (0)    4 :  0.286 0.117 0.122 0.106 0.262 0.108 
221 HI_SS0268    (1)    4 :  0.256 0.055 0.237 0.096 0.150 0.207 
222 HI_SS0269    (1)    4 :  0.191 0.118 0.051 0.313 0.063 0.264 
223 HI_SS0273    (0)    4 :  0.198 0.196 0.095 0.145 0.133 0.233 
224 HI_SS0277    (1)    4 :  0.477 0.126 0.068 0.108 0.130 0.091 
225 HI_SS0280    (0)    4 :  0.141 0.076 0.214 0.135 0.299 0.135 
226 HI_SS0282    (1)    4 :  0.107 0.233 0.094 0.170 0.201 0.196 
227 HI_SS0286    (1)    4 :  0.157 0.092 0.075 0.226 0.271 0.180 
228 NS_SS1252    (3)    5 :  0.070 0.154 0.098 0.195 0.105 0.378 
229 NS_SS1261    (1)    5 :  0.201 0.167 0.142 0.206 0.121 0.163 
230 NS_SS1225    (9)    5 :  0.140 0.356 0.081 0.117 0.099 0.207 
231 NS_SS1266    (1)    5 :  0.120 0.436 0.122 0.121 0.142 0.059 
232 NS_SS1228    (0)    5 :  0.138 0.101 0.161 0.163 0.356 0.082 
233 NS_SS1255    (2)    5 :  0.088 0.136 0.371 0.196 0.080 0.128 
234 NS_SS1267    (3)    5 :  0.123 0.060 0.077 0.199 0.156 0.384 
235 NS_SS1238    (6)    5 :  0.266 0.103 0.164 0.085 0.175 0.207 
236 NS_SS1233    (8)    5 :  0.099 0.457 0.191 0.044 0.108 0.102 
237 NS_SS1277    (3)    5 :  0.097 0.073 0.190 0.275 0.142 0.222 
238 NS_SS1245    (1)    5 :  0.132 0.311 0.145 0.123 0.079 0.210 
239 NS_SS1240    (4)    5 :  0.166 0.093 0.089 0.186 0.067 0.399 
240 NS_SS1275    (2)    5 :  0.367 0.142 0.128 0.111 0.203 0.049 
241 NS_SS1235    (1)    5 :  0.166 0.218 0.155 0.296 0.058 0.106 
242 NS_SS1263    (1)    5 :  0.090 0.325 0.275 0.115 0.105 0.090 
243 NS_SS1251    (1)    5 :  0.162 0.351 0.171 0.106 0.099 0.111 
244 NS_SS1248    (0)    5 :  0.111 0.087 0.127 0.045 0.431 0.200 
245 NS_SS1244    (0)    5 :  0.344 0.200 0.059 0.151 0.136 0.108 
246 NS_SS1257    (0)    5 :  0.105 0.123 0.133 0.224 0.156 0.260 
247 NS_SS1242    (2)    5 :  0.155 0.180 0.329 0.085 0.142 0.109 
248 NS_SS1271    (6)    5 :  0.107 0.084 0.070 0.260 0.139 0.339 
249 NS_SS1265    (1)    5 :  0.178 0.155 0.132 0.072 0.113 0.349 
250 NS_SS1243    (0)    5 :  0.067 0.128 0.237 0.137 0.314 0.117 
251 NS_SS1273    (1)    5 :  0.130 0.186 0.395 0.098 0.111 0.080 
252 NS_SS1254   (14)    5 :  0.092 0.396 0.195 0.118 0.110 0.088 
253 NS_SS1224    (1)    5 :  0.114 0.279 0.147 0.121 0.259 0.079 
254 NS_SS1227    (8)    5 :  0.223 0.108 0.154 0.204 0.071 0.240 
255 NS_SS1274    (8)    5 :  0.116 0.137 0.151 0.226 0.167 0.204 
256 NS_SS1241    (1)    5 :  0.136 0.229 0.093 0.199 0.158 0.185 
257 NS_SS1256    (3)    5 :  0.209 0.320 0.120 0.082 0.072 0.198 
258 NS_SS1260    (8)    5 :  0.104 0.127 0.108 0.339 0.106 0.215 
259 NS_SS1262    (0)    5 :  0.161 0.241 0.071 0.164 0.180 0.183 
260 NS_SS1230    (0)    5 :  0.147 0.172 0.208 0.102 0.153 0.217 
261 NS_SS1270    (2)    5 :  0.152 0.272 0.083 0.058 0.329 0.106 
262 NS_SS1229    (2)    5 :  0.280 0.131 0.138 0.330 0.052 0.069 
263 NS_SS1246    (5)    5 :  0.235 0.083 0.097 0.263 0.090 0.232 
264 NS_SS1269    (0)    5 :  0.140 0.177 0.187 0.181 0.204 0.110 
265 NS_SS1239    (1)    5 :  0.079 0.079 0.130 0.360 0.287 0.065 
266 NS_SS1272    (4)    5 :  0.491 0.144 0.092 0.087 0.082 0.105 
267 NS_SS1268    (1)    5 :  0.074 0.276 0.123 0.064 0.363 0.101 
268 NS_SS1249    (0)    5 :  0.066 0.128 0.099 0.324 0.088 0.295 
269 HI_SS0559    (0)    6 :  0.069 0.161 0.180 0.167 0.265 0.158 
270 HI_SS0563    (1)    6 :  0.168 0.206 0.102 0.251 0.132 0.141 
271 HI_SS0564    (0)    6 :  0.232 0.167 0.116 0.148 0.203 0.135 
272 HI_SS0565    (0)    6 :  0.279 0.172 0.124 0.105 0.103 0.218 
273 HI_SS0569    (0)    6 :  0.125 0.349 0.062 0.068 0.114 0.282 
274 HI_SS0570    (0)    6 :  0.158 0.065 0.121 0.184 0.171 0.302 
275 HI_SS0572    (1)    6 :  0.149 0.144 0.255 0.291 0.089 0.072 
276 HI_SS0576    (0)    6 :  0.162 0.114 0.226 0.126 0.281 0.091 
277 HI_SS0579    (1)    6 :  0.068 0.369 0.076 0.207 0.096 0.184 
278 HI_SS0580    (1)    6 :  0.077 0.112 0.239 0.213 0.139 0.219 
279 HI_SS0581    (0)    6 :  0.353 0.084 0.117 0.101 0.271 0.074 
280 HI_SS0583    (1)    6 :  0.104 0.184 0.202 0.158 0.056 0.297 
281 HI_SS0586    (1)    6 :  0.102 0.077 0.149 0.076 0.178 0.420 
282 HI_SS0588    (1)    6 :  0.087 0.236 0.120 0.194 0.135 0.228 
283 HI_SS0595    (4)    6 :  0.338 0.101 0.143 0.139 0.073 0.206 
284 HI_SS0596    (0)    6 :  0.070 0.163 0.375 0.226 0.089 0.076 
285 HI_SS0597    (1)    6 :  0.240 0.179 0.268 0.138 0.073 0.102 
286 HI_SS0600    (0)    6 :  0.218 0.109 0.077 0.323 0.140 0.134 
287 HI_SS0601    (1)    6 :  0.210 0.253 0.053 0.149 0.186 0.149 
288 HI_SS0602    (1)    6 :  0.079 0.082 0.202 0.102 0.253 0.282 
289 HI_SS0604    (0)    6 :  0.079 0.276 0.152 0.108 0.216 0.169 
290 HI_SS0605    (1)    6 :  0.073 0.110 0.086 0.215 0.330 0.186 
291 HI_SS0608    (0)    6 :  0.116 0.106 0.312 0.106 0.168 0.192 
292 HI_SS0609    (0)    6 :  0.194 0.327 0.194 0.111 0.080 0.094 
293 HI_SS0611    (5)    6 :  0.082 0.082 0.127 0.129 0.298 0.282 
294 HI_SS0612    (1)    6 :  0.094 0.390 0.077 0.286 0.052 0.100 
295 HI_SS0613    (1)    6 :  0.088 0.132 0.143 0.090 0.415 0.133 
296 HI_SS0615    (0)    6 :  0.184 0.090 0.243 0.233 0.188 0.062 
297 HI_SS0001    (1)    6 :  0.207 0.098 0.211 0.215 0.093 0.175 
298 HI_SS0002    (1)    6 :  0.208 0.267 0.198 0.130 0.113 0.084 
299 HI_SS0004    (0)    6 :  0.102 0.082 0.218 0.157 0.156 0.284 
300 HI_SS0005    (1)    6 :  0.176 0.077 0.158 0.091 0.377 0.122 
301 HI_SS0006    (1)    6 :  0.204 0.239 0.091 0.134 0.089 0.242 
302 HI_SS0007    (1)    6 :  0.056 0.076 0.098 0.158 0.380 0.232 
303 HI_SS0008    (0)    6 :  0.265 0.144 0.121 0.117 0.210 0.144 
304 HI_SS0009    (0)    6 :  0.062 0.119 0.224 0.211 0.295 0.088 
305 HI_SS0010    (1)    6 :  0.167 0.145 0.163 0.113 0.216 0.196 
306 HI_SS0011    (1)    6 :  0.241 0.353 0.117 0.045 0.136 0.108 
307 HI_SS0012    (0)    6 :  0.273 0.094 0.118 0.290 0.170 0.054 
308 HI_SS0017    (1)    6 :  0.151 0.128 0.306 0.184 0.126 0.105 
309 HI_SS0021    (1)    6 :  0.221 0.103 0.188 0.074 0.100 0.314 
310 HI_SS0024    (1)    6 :  0.258 0.079 0.214 0.180 0.185 0.084 
311 HI_SS0025    (1)    6 :  0.085 0.165 0.321 0.150 0.178 0.101 
312 HI_SS0027    (0)    6 :  0.065 0.231 0.114 0.149 0.214 0.226 
313 HI_SS0028    (0)    6 :  0.324 0.069 0.240 0.049 0.256 0.062 
314 HI_SS0029    (1)    6 :  0.155 0.059 0.333 0.173 0.086 0.193 
315 HI_SS0030    (2)    6 :  0.146 0.155 0.108 0.233 0.206 0.152 
316 HI_SS0031    (0)    6 :  0.232 0.181 0.134 0.285 0.080 0.087 
317 HI_SS0034    (0)    6 :  0.082 0.262 0.096 0.197 0.102 0.260 
318 HI_SS0036    (0)    6 :  0.256 0.039 0.092 0.108 0.182 0.323 
319 HI_SS0037    (1)    6 :  0.081 0.130 0.168 0.078 0.187 0.356 
320 HI_SS0039    (0)    6 :  0.151 0.085 0.147 0.096 0.284 0.237 
321 HI_SS0041    (1)    6 :  0.153 0.076 0.204 0.134 0.342 0.090 
322 HI_SS0042    (1)    6 :  0.252 0.162 0.235 0.113 0.150 0.088 
323 HI_SS0043    (1)    6 :  0.214 0.086 0.057 0.141 0.123 0.379 
324 HI_SS0044    (1)    6 :  0.086 0.066 0.325 0.248 0.073 0.203 
325 HI_SS0047    (1)    6 :  0.146 0.178 0.174 0.183 0.232 0.087 
326 HI_SS0049    (0)    6 :  0.093 0.213 0.323 0.118 0.115 0.136 
327 HI_SS0051    (1)    6 :  0.084 0.203 0.071 0.126 0.401 0.115 
328 HI_SS0053    (1)    6 :  0.254 0.129 0.080 0.162 0.104 0.271 
329 HI_SS0054    (4)    6 :  0.112 0.267 0.055 0.083 0.169 0.315 
330 HI_SS0057    (0)    6 :  0.209 0.150 0.166 0.071 0.250 0.155 
331 HI_SS0058    (0)    6 :  0.085 0.174 0.193 0.124 0.132 0.292 
332 HI_SS0060    (0)    6 :  0.243 0.158 0.073 0.134 0.248 0.144 
333 HI_SS0087    (1)    6 :  0.255 0.202 0.109 0.130 0.112 0.192 
334 HI_SS0091    (0)    6 :  0.270 0.123 0.064 0.163 0.070 0.310 
335 HI_SS0095    (1)    6 :  0.195 0.137 0.083 0.275 0.167 0.144 
336 HI_SS0097    (3)    6 :  0.117 0.419 0.075 0.188 0.110 0.091 
337 HI_SS0099    (0)    6 :  0.109 0.125 0.398 0.087 0.123 0.156 
338 HI_SS0103    (0)    6 :  0.208 0.125 0.190 0.241 0.113 0.124 
339 HI_SS0105    (1)    6 :  0.317 0.180 0.079 0.110 0.192 0.122 
340 HI_SS0107    (1)    6 :  0.193 0.154 0.238 0.237 0.112 0.066 
341 HI_SS0108    (1)    6 :  0.109 0.135 0.076 0.160 0.106 0.413 
342 HI_SS0110    (0)    6 :  0.372 0.095 0.105 0.227 0.071 0.130 
343 HI_SS0111    (1)    6 :  0.246 0.088 0.111 0.253 0.169 0.133 
344 HI_SS0112    (0)    6 :  0.136 0.088 0.111 0.164 0.096 0.405 
345 HI_SS0113    (1)    6 :  0.226 0.165 0.310 0.098 0.108 0.093 
346 HI_SS0114    (1)    6 :  0.115 0.169 0.097 0.122 0.232 0.264 
347 HI_SS0115    (1)    6 :  0.053 0.145 0.211 0.311 0.163 0.117 
348 HI_SS0116    (4)    6 :  0.081 0.094 0.279 0.203 0.053 0.290 
349 HI_SS0117    (0)    6 :  0.294 0.245 0.083 0.107 0.064 0.207 
350 HI_SS0118    (0)    6 :  0.177 0.197 0.156 0.168 0.080 0.222 
351 HI_SS0119    (1)    6 :  0.320 0.137 0.058 0.170 0.131 0.184 
352 HI_SS0120    (1)    6 :  0.329 0.108 0.256 0.161 0.081 0.065 
353 HI_SS0121    (1)    6 :  0.422 0.149 0.114 0.052 0.183 0.080 
354 HI_SS0122    (2)    6 :  0.256 0.106 0.134 0.158 0.197 0.149 
355 HI_SS0123    (0)    6 :  0.260 0.212 0.137 0.149 0.085 0.157 
356 HI_SS0124    (1)    6 :  0.096 0.105 0.363 0.186 0.181 0.069 
357 HI_SS0125    (1)    6 :  0.192 0.116 0.219 0.228 0.183 0.062 
358 HI_SS0126    (0)    6 :  0.116 0.102 0.231 0.163 0.084 0.304 
359 HI_SS0127    (0)    6 :  0.093 0.216 0.111 0.092 0.353 0.136 
360 HI_SS0128    (0)    6 :  0.174 0.223 0.200 0.220 0.069 0.114 
361 HI_SS0129    (1)    6 :  0.163 0.091 0.140 0.174 0.173 0.259 
362 HI_SS0131    (2)    6 :  0.106 0.222 0.111 0.069 0.223 0.269 
363 HI_SS0132    (0)    6 :  0.297 0.178 0.127 0.137 0.128 0.132 
364 HI_SS0133    (1)    6 :  0.110 0.094 0.106 0.161 0.114 0.415 
365 HI_SS0134    (1)    6 :  0.168 0.223 0.134 0.159 0.144 0.172 
366 HI_SS0142    (3)    6 :  0.231 0.225 0.073 0.210 0.161 0.100 
367 HI_SS0145    (0)    6 :  0.104 0.272 0.135 0.199 0.106 0.184 
368 HI_SS0146    (1)    6 :  0.079 0.248 0.100 0.208 0.177 0.187 
369 HI_SS0147    (1)    6 :  0.129 0.194 0.117 0.084 0.385 0.091 
370 HI_SS0149    (1)    6 :  0.452 0.158 0.100 0.061 0.077 0.152 
371 HI_SS0150    (2)    6 :  0.157 0.162 0.208 0.156 0.237 0.081 
372 HI_SS0151    (0)    6 :  0.062 0.117 0.117 0.388 0.201 0.115 
373 NS_SS1451    (1)    6 :  0.161 0.098 0.248 0.218 0.214 0.060 
374 NS_SS1404    (0)    6 :  0.141 0.099 0.178 0.101 0.355 0.127 
375 NS_SS1432    (2)    6 :  0.371 0.052 0.295 0.113 0.097 0.071 
376 NS_SS1405    (4)    6 :  0.110 0.106 0.362 0.151 0.094 0.177 
377 NS_SS1431   (10)    6 :  0.335 0.122 0.260 0.094 0.105 0.084 
378 NS_SS1402    (3)    6 :  0.231 0.129 0.122 0.254 0.116 0.149 
379 NS_SS1450    (3)    6 :  0.114 0.093 0.165 0.217 0.179 0.231 
380 NS_SS1396    (0)    6 :  0.176 0.150 0.199 0.141 0.184 0.151 
381 NS_SS1393    (5)    6 :  0.119 0.099 0.150 0.286 0.189 0.156 
382 NS_SS1392   (10)    6 :  0.096 0.063 0.265 0.276 0.204 0.096 
383 NS_SS1445    (0)    6 :  0.186 0.215 0.086 0.083 0.145 0.285 
384 NS_SS1423    (0)    6 :  0.290 0.103 0.124 0.256 0.075 0.152 
385 NS_SS1421    (9)    6 :  0.261 0.158 0.120 0.160 0.123 0.178 
386 NS_SS1411    (6)    6 :  0.071 0.090 0.121 0.084 0.320 0.314 
387 NS_SS1453    (5)    6 :  0.302 0.082 0.101 0.161 0.123 0.231 
388 NS_SS1442    (2)    6 :  0.103 0.287 0.163 0.139 0.125 0.183 
389 NS_SS1422    (1)    6 :  0.125 0.267 0.096 0.345 0.089 0.078 
390 NS_SS1419    (1)    6 :  0.081 0.392 0.136 0.069 0.191 0.130 
391 NS_SS1427    (0)    6 :  0.106 0.056 0.129 0.342 0.065 0.302 
392 NS_SS1444    (3)    6 :  0.085 0.228 0.231 0.096 0.243 0.118 
393 NS_SS1455    (0)    6 :  0.150 0.263 0.316 0.120 0.065 0.087 
394 NS_SS1425    (2)    6 :  0.121 0.181 0.071 0.116 0.129 0.383 
395 NS_SS1400    (0)    6 :  0.088 0.222 0.162 0.062 0.123 0.342 
396 NS_SS1406    (1)    6 :  0.300 0.310 0.170 0.083 0.081 0.055 
397 NS_SS1417    (6)    6 :  0.186 0.182 0.172 0.089 0.133 0.238 
398 NS_SS1454    (2)    6 :  0.297 0.104 0.147 0.050 0.121 0.280 
399 NS_SS1412    (1)    6 :  0.142 0.113 0.191 0.134 0.210 0.210 
400 NS_SS1438    (1)    6 :  0.094 0.190 0.053 0.141 0.212 0.310 
401 NS_SS1416    (4)    6 :  0.197 0.150 0.192 0.125 0.164 0.173 
402 NS_SS1401    (0)    6 :  0.300 0.157 0.129 0.160 0.098 0.157 
403 NS_SS1424    (6)    6 :  0.307 0.110 0.084 0.152 0.180 0.167 
404 NS_SS1435    (9)    6 :  0.176 0.072 0.248 0.164 0.195 0.146 
405 NS_SS1447    (4)    6 :  0.136 0.256 0.166 0.086 0.256 0.100 
406 NS_SS1414    (3)    6 :  0.095 0.222 0.267 0.053 0.223 0.141 
407 NS_SS1449   (14)    6 :  0.237 0.093 0.083 0.377 0.133 0.078 
408 NS_SS1443    (4)    6 :  0.105 0.201 0.095 0.337 0.068 0.194 
409 NS_SS1434    (1)    6 :  0.078 0.130 0.244 0.357 0.069 0.122 
410 NS_SS1398    (1)    6 :  0.161 0.113 0.321 0.135 0.133 0.137 
411 NS_SS1426    (1)    6 :  0.147 0.107 0.086 0.175 0.130 0.355 
412 NS_SS1413    (0)    6 :  0.122 0.187 0.219 0.106 0.086 0.280 
413 NS_SS1395    (1)    6 :  0.228 0.130 0.076 0.247 0.110 0.210 
414 NS_SS1448   (10)    6 :  0.104 0.093 0.184 0.101 0.302 0.216 
415 NS_SS1446    (0)    6 :  0.195 0.127 0.083 0.256 0.142 0.199 
416 NS_SS1403    (2)    6 :  0.383 0.091 0.157 0.151 0.120 0.098 
417 NS_SS1415    (0)    6 :  0.112 0.139 0.160 0.137 0.180 0.272 
418 NS_SS1437    (4)    6 :  0.324 0.143 0.161 0.085 0.148 0.139 
419 NS_SS1439    (2)    6 :  0.143 0.241 0.110 0.228 0.144 0.134 
420 NS_SS1441    (3)    6 :  0.113 0.188 0.216 0.199 0.069 0.216 
421 NS_SS1420    (2)    6 :  0.049 0.077 0.127 0.157 0.520 0.070 
422 NS_SS1394    (2)    6 :  0.173 0.095 0.254 0.081 0.283 0.114 
423 NS_SS1391    (7)    6 :  0.138 0.075 0.261 0.225 0.073 0.226 
424 NS_SS1410    (5)    6 :  0.227 0.136 0.149 0.189 0.104 0.195 
425 NS_SS1408    (1)    6 :  0.267 0.199 0.091 0.154 0.188 0.102 
426 NS_SS1409    (1)    6 :  0.121 0.119 0.268 0.229 0.068 0.195 
427 HI_SS0617    (1)    7 :  0.094 0.083 0.155 0.345 0.145 0.178 
428 HI_SS0618    (2)    7 :  0.104 0.141 0.258 0.204 0.181 0.113 
429 HI_SS0619    (0)    7 :  0.117 0.094 0.345 0.126 0.137 0.182 
430 HI_SS0620    (1)    7 :  0.045 0.075 0.064 0.255 0.282 0.279 
431 HI_SS0621    (3)    7 :  0.189 0.174 0.156 0.214 0.161 0.106 
432 HI_SS0622    (1)    7 :  0.111 0.285 0.158 0.110 0.192 0.145 
433 HI_SS0626    (0)    7 :  0.171 0.084 0.141 0.072 0.365 0.167 
434 HI_SS0627    (0)    7 :  0.401 0.093 0.172 0.110 0.126 0.099 
435 HI_SS0628    (3)    7 :  0.226 0.088 0.170 0.094 0.123 0.298 
436 HI_SS0629    (1)    7 :  0.223 0.156 0.134 0.147 0.145 0.194 
437 HI_SS0630    (1)    7 :  0.086 0.137 0.162 0.184 0.240 0.192 
438 HI_SS0631    (0)    7 :  0.125 0.117 0.106 0.215 0.225 0.212 
439 HI_SS0632    (0)    7 :  0.126 0.238 0.116 0.079 0.263 0.177 
440 HI_SS0633    (0)    7 :  0.071 0.127 0.365 0.236 0.072 0.129 
441 HI_SS0634    (1)    7 :  0.275 0.095 0.112 0.122 0.250 0.147 
442 HI_SS0635    (0)    7 :  0.144 0.192 0.244 0.092 0.217 0.111 
443 HI_SS0637    (1)    7 :  0.173 0.239 0.061 0.089 0.289 0.148 
444 HI_SS0638    (0)    7 :  0.152 0.142 0.223 0.131 0.163 0.188 
445 HI_SS0639    (1)    7 :  0.146 0.169 0.169 0.194 0.249 0.073 
446 HI_SS0640    (1)    7 :  0.105 0.329 0.152 0.129 0.152 0.134 
447 HI_SS0641    (1)    7 :  0.090 0.097 0.162 0.093 0.288 0.270 
448 HI_SS0642    (0)    7 :  0.464 0.101 0.124 0.137 0.105 0.067 
449 HI_SS0645    (0)    7 :  0.071 0.127 0.309 0.107 0.317 0.068 
450 HI_SS0646    (1)    7 :  0.169 0.156 0.163 0.309 0.094 0.110 
451 HI_SS0647    (1)    7 :  0.225 0.148 0.248 0.095 0.136 0.147 
452 HI_SS0648    (0)    7 :  0.143 0.199 0.186 0.123 0.193 0.156 
453 HI_SS0649    (1)    7 :  0.131 0.174 0.209 0.226 0.116 0.145 
454 HI_SS0650    (1)    7 :  0.144 0.092 0.260 0.308 0.121 0.075 
455 HI_SS0651    (1)    7 :  0.123 0.155 0.198 0.231 0.160 0.133 
456 HI_SS0652    (1)    7 :  0.081 0.105 0.204 0.095 0.431 0.086 
457 NS_SS1371    (3)    7 :  0.230 0.092 0.117 0.358 0.075 0.128 
458 NS_SS1374    (0)    7 :  0.268 0.062 0.113 0.085 0.202 0.270 
459 NS_SS1337    (3)    7 :  0.271 0.105 0.104 0.113 0.334 0.073 
460 NS_SS1385    (5)    7 :  0.144 0.197 0.201 0.240 0.118 0.100 
461 NS_SS1388    (0)    7 :  0.139 0.099 0.361 0.088 0.089 0.225 
462 NS_SS1370    (1)    7 :  0.101 0.090 0.062 0.141 0.550 0.056 
463 NS_SS1389    (3)    7 :  0.146 0.082 0.385 0.074 0.145 0.168 
464 NS_SS1360    (1)    7 :  0.125 0.182 0.119 0.111 0.242 0.220 
465 NS_SS1330    (0)    7 :  0.107 0.177 0.194 0.171 0.271 0.081 
466 NS_SS1328    (8)    7 :  0.143 0.122 0.199 0.232 0.068 0.237 
467 NS_SS1384    (1)    7 :  0.197 0.206 0.061 0.184 0.198 0.154 
468 NS_SS1381    (0)    7 :  0.100 0.158 0.291 0.291 0.103 0.057 
469 NS_SS1375    (1)    7 :  0.123 0.060 0.366 0.190 0.149 0.113 
470 NS_SS1319   (10)    7 :  0.244 0.090 0.140 0.229 0.171 0.125 
471 NS_SS1326    (2)    7 :  0.107 0.078 0.239 0.142 0.065 0.368 
472 NS_SS1341    (1)    7 :  0.318 0.181 0.062 0.117 0.102 0.220 
473 NS_SS1383    (1)    7 :  0.386 0.106 0.062 0.151 0.186 0.110 
474 NS_SS1318    (3)    7 :  0.084 0.175 0.171 0.187 0.252 0.131 
475 NS_SS1348    (2)    7 :  0.170 0.164 0.060 0.172 0.166 0.268 
476 NS_SS1363    (0)    7 :  0.168 0.190 0.173 0.127 0.233 0.110 
477 NS_SS1335    (4)    7 :  0.162 0.283 0.084 0.110 0.179 0.181 
478 NS_SS1358    (0)    7 :  0.216 0.272 0.057 0.172 0.129 0.154 
479 NS_SS1342    (1)    7 :  0.325 0.195 0.083 0.171 0.060 0.165 
480 NS_SS1320    (2)    7 :  0.097 0.211 0.420 0.178 0.052 0.041 
481 NS_SS1355    (1)    7 :  0.107 0.372 0.142 0.138 0.153 0.088 
482 NS_SS1345    (1)    7 :  0.077 0.541 0.083 0.113 0.123 0.063 
483 NS_SS1324    (0)    7 :  0.148 0.153 0.126 0.217 0.136 0.220 
484 NS_SS1347    (5)    7 :  0.192 0.145 0.119 0.310 0.139 0.095 
485 NS_SS1321    (4)    7 :  0.305 0.066 0.097 0.137 0.183 0.213 
486 NS_SS1333    (0)    7 :  0.325 0.048 0.151 0.138 0.101 0.237 
487 NS_SS1364    (1)    7 :  0.132 0.353 0.096 0.052 0.094 0.273 
488 NS_SS1379    (0)    7 :  0.133 0.180 0.204 0.204 0.139 0.139 
489 NS_SS1332    (0)    7 :  0.165 0.105 0.207 0.092 0.074 0.358 
490 NS_SS1338    (5)    7 :  0.150 0.092 0.084 0.150 0.280 0.244 
491 NS_SS1368    (6)    7 :  0.200 0.288 0.143 0.060 0.065 0.245 
492 NS_SS1354    (1)    7 :  0.213 0.220 0.178 0.115 0.136 0.138 
493 NS_SS1365    (0)    7 :  0.158 0.203 0.204 0.137 0.199 0.098 
494 NS_SS1380    (1)    7 :  0.144 0.269 0.204 0.087 0.205 0.091 
495 NS_SS1329    (8)    7 :  0.355 0.183 0.106 0.086 0.056 0.214 
496 NS_SS1362    (0)    7 :  0.240 0.157 0.131 0.197 0.123 0.152 
497 NS_SS1327    (2)    7 :  0.113 0.060 0.088 0.154 0.101 0.484 
498 NS_SS1350    (0)    7 :  0.117 0.055 0.174 0.438 0.091 0.125 
499 NS_SS1387    (2)    7 :  0.105 0.148 0.223 0.108 0.262 0.155 
500 NS_SS1369    (8)    7 :  0.100 0.310 0.087 0.113 0.148 0.242 
501 NS_SS1331    (1)    7 :  0.212 0.078 0.259 0.071 0.184 0.195 
502 NS_SS1357    (4)    7 :  0.132 0.107 0.201 0.364 0.053 0.141 
503 NS_SS1386    (1)    7 :  0.272 0.158 0.064 0.068 0.058 0.379 
504 NS_SS1353    (2)    7 :  0.213 0.105 0.312 0.143 0.087 0.140 
505 NS_SS1323    (0)    7 :  0.261 0.251 0.170 0.114 0.133 0.072 
506 HI_SS0296    (0)    8 :  0.057 0.152 0.103 0.234 0.253 0.201 
507 HI_SS0297    (0)    8 :  0.358 0.078 0.154 0.230 0.090 0.089 
508 HI_SS0299    (0)    8 :  0.149 0.240 0.081 0.148 0.218 0.165 
509 HI_SS0300    (0)    8 :  0.078 0.315 0.107 0.127 0.217 0.156 
510 HI_SS0301    (0)    8 :  0.199 0.169 0.084 0.042 0.355 0.151 
511 HI_SS0302    (0)    8 :  0.073 0.177 0.094 0.118 0.309 0.229 
512 HI_SS0303    (0)    8 :  0.091 0.126 0.266 0.111 0.069 0.336 
513 HI_SS0304    (0)    8 :  0.162 0.069 0.318 0.072 0.186 0.193 
514 HI_SS0306    (5)    8 :  0.101 0.125 0.102 0.089 0.276 0.308 
515 HI_SS0307    (1)    8 :  0.153 0.223 0.226 0.131 0.183 0.084 
516 HI_SS0308    (1)    8 :  0.206 0.216 0.134 0.188 0.154 0.102 
517 HI_SS0309    (0)    8 :  0.119 0.282 0.077 0.243 0.203 0.077 
518 HI_SS0310    (0)    8 :  0.094 0.178 0.304 0.097 0.128 0.198 
519 HI_SS0311    (3)    8 :  0.161 0.213 0.108 0.086 0.286 0.147 
520 HI_SS0314    (0)    8 :  0.139 0.114 0.374 0.145 0.063 0.165 
521 HI_SS0316    (1)    8 :  0.143 0.197 0.195 0.121 0.119 0.225 
522 HI_SS0317    (3)    8 :  0.301 0.102 0.090 0.158 0.227 0.121 
523 HI_SS0318    (1)    8 :  0.272 0.108 0.071 0.136 0.138 0.275 
524 HI_SS0319    (0)    8 :  0.071 0.245 0.080 0.204 0.059 0.341 
525 HI_SS0320    (3)    8 :  0.378 0.052 0.303 0.068 0.105 0.094 
526 HI_SS0321    (0)    8 :  0.257 0.072 0.070 0.328 0.129 0.144 
527 HI_SS0323    (1)    8 :  0.094 0.106 0.123 0.186 0.227 0.264 
528 HI_SS0325    (2)    8 :  0.107 0.149 0.095 0.092 0.292 0.265 
529 HI_SS0327    (1)    8 :  0.129 0.158 0.071 0.485 0.046 0.111 
530 HI_SS0329    (1)    8 :  0.195 0.133 0.240 0.086 0.185 0.161 
531 HI_SS0333    (1)    8 :  0.150 0.178 0.207 0.171 0.122 0.173 
532 HI_SS0334    (1)    8 :  0.173 0.185 0.072 0.131 0.188 0.251 
533 HI_SS0335    (1)    8 :  0.172 0.292 0.100 0.184 0.175 0.077 
534 HI_SS0339    (0)    8 :  0.110 0.334 0.164 0.075 0.188 0.128 
535 HI_SS0343    (2)    8 :  0.233 0.289 0.116 0.202 0.090 0.069 
536 HI_SS0344    (1)    8 :  0.130 0.092 0.067 0.182 0.107 0.423 
537 HI_SS0345    (3)    8 :  0.195 0.223 0.139 0.053 0.200 0.190 
538 HI_SS0346    (0)    8 :  0.359 0.072 0.100 0.099 0.185 0.185 
539 HI_SS0350    (1)    8 :  0.060 0.407 0.218 0.126 0.136 0.054 
540 HI_SS0351    (0)    8 :  0.196 0.360 0.083 0.117 0.120 0.124 
541 HI_SS0352    (3)    8 :  0.223 0.253 0.143 0.151 0.130 0.100 
542 HI_SS0362    (0)    8 :  0.096 0.120 0.190 0.109 0.352 0.133 
543 HI_SS0363    (1)    8 :  0.092 0.169 0.091 0.393 0.087 0.168 
544 HI_SS0365    (0)    8 :  0.102 0.160 0.168 0.270 0.081 0.219 
545 HI_SS0366    (0)    8 :  0.087 0.104 0.073 0.261 0.164 0.312 
546 HI_SS0367    (1)    8 :  0.169 0.206 0.318 0.115 0.108 0.084 
547 HI_SS0369    (1)    8 :  0.124 0.224 0.221 0.127 0.212 0.091 
548 HI_SS0370    (0)    8 :  0.175 0.107 0.150 0.399 0.070 0.098 
549 HI_SS0371    (4)    8 :  0.122 0.162 0.135 0.104 0.151 0.325 
550 HI_SS0373    (3)    8 :  0.090 0.153 0.278 0.159 0.151 0.169 
551 HI_SS0374    (0)    8 :  0.168 0.187 0.273 0.116 0.139 0.117 
552 HI_SS0377    (0)    8 :  0.153 0.363 0.069 0.070 0.165 0.179 
553 HI_SS0379    (1)    8 :  0.190 0.111 0.071 0.080 0.071 0.477 
554 HI_SS0380    (1)    8 :  0.161 0.232 0.196 0.124 0.163 0.124 
555 HI_SS0381    (2)    8 :  0.217 0.247 0.103 0.137 0.215 0.082 
556 HI_SS0384    (3)    8 :  0.210 0.061 0.194 0.214 0.122 0.199 
557 HI_SS0385    (1)    8 :  0.126 0.081 0.306 0.042 0.131 0.313 


Estimated Allele Frequencies in each cluster
First column gives estimated ancestral frequencies


Locus 1 : 
2 alleles
3.4% missing data
   1   (0.735) 0.809 0.717 0.767 0.754 0.672 0.713 
   2   (0.265) 0.191 0.283 0.233 0.246 0.328 0.287 

Locus 2 : 
2 alleles
4.3% missing data
   1   (0.884) 0.857 0.903 0.826 0.919 0.913 0.918 
   2   (0.116) 0.143 0.097 0.174 0.081 0.087 0.082 

Locus 3 : 
2 alleles
3.9% missing data
   1   (0.859) 0.869 0.897 0.864 0.847 0.866 0.859 
   2   (0.141) 0.131 0.103 0.136 0.153 0.134 0.141 

Locus 4 : 
2 alleles
2.7% missing data
   1   (0.885) 0.813 0.921 0.894 0.926 0.892 0.910 
