   NS_SS0963  1 0.3032 0.1143 0.1389 0.1698 0.2739 
   NS_SS0983  1 0.1637 0.3730 0.1079 0.1453 0.2101 
   NS_SS0719  1 0.2760 0.1838 0.2281 0.1656 0.1465 
   NS_SS1001  1 0.0910 0.1198 0.2760 0.3062 0.2070 
   NS_SS0936  1 0.2721 0.1145 0.1007 0.2728 0.2399 
   NS_SS0955  1 0.1787 0.2489 0.1362 0.1239 0.3122 
   NS_SS0944  1 0.1214 0.2160 0.1488 0.1970 0.3168 
   NS_SS0945  1 0.1700 0.2329 0.1851 0.2332 0.1788 
   NS_SS0922  1 0.2163 0.1020 0.2219 0.3217 0.1381 
   NS_SS0929  1 0.2167 0.2531 0.1398 0.1451 0.2452 
   NS_SS0956  1 0.1274 0.0968 0.4315 0.1937 0.1507 
   NS_SS0906  1 0.1753 0.2269 0.1389 0.1276 0.3314 
   NS_SS0721  1 0.1899 0.1704 0.3603 0.1376 0.1418 
   NS_SS0982  1 0.2459 0.1349 0.2165 0.1397 0.2630 
   NS_SS0923  1 0.1899 0.1400 0.2288 0.2045 0.2368 
   NS_SS0905  1 0.1193 0.1853 0.2607 0.1874 0.2472 
   NS_SS0925  1 0.1347 0.0843 0.1864 0.2662 0.3284 
   NS_SS0947  1 0.1983 0.1334 0.1489 0.2569 0.2625 
   NS_SS0926  1 0.3309 0.3165 0.1288 0.0746 0.1492 
   NS_SS0918  1 0.1717 0.1023 0.2079 0.1067 0.4115 
   NS_SS0966  1 0.2329 0.1324 0.1531 0.1639 0.3177 
   NS_SS0938  1 0.4042 0.1018 0.1189 0.2635 0.1116 
   NS_SS0917  1 0.2439 0.2791 0.1855 0.2055 0.0861 
   NS_SS0957  1 0.1843 0.1571 0.3677 0.1150 0.1758 
   NS_SS0987  1 0.1260 0.1626 0.4331 0.0739 0.2045 
   NS_SS0717  1 0.0820 0.1225 0.3011 0.2790 0.2153 
   NS_SS0986  1 0.2160 0.2302 0.2606 0.0808 0.2124 
   NS_SS0953  1 0.0783 0.1087 0.1819 0.2581 0.3731 
   NS_SS0907  1 0.1690 0.1724 0.1029 0.1286 0.4271 
   NS_SS0974  1 0.1568 0.1896 0.1186 0.2817 0.2534 
   NS_SS0989  1 0.2838 0.3195 0.1033 0.2097 0.0838 
   NS_SS0991  1 0.0930 0.2534 0.2178 0.0684 0.3673 
   NS_SS0994  1 0.1099 0.4625 0.0813 0.2296 0.1167 
   NS_SS0931  1 0.2266 0.2993 0.1714 0.0712 0.2315 
   NS_SS1000  1 0.2118 0.1278 0.1767 0.2567 0.2270 
   NS_SS0919  1 0.3683 0.2003 0.0906 0.0920 0.2488 
   NS_SS0949  1 0.2131 0.2882 0.1443 0.2237 0.1306 
   NS_SS0960  1 0.1626 0.2487 0.2319 0.1254 0.2314 
   NS_SS0716  1 0.1287 0.1241 0.4970 0.1655 0.0848 
   NS_SS0924  1 0.1958 0.2137 0.1755 0.1350 0.2801 
   NS_SS0935  1 0.0856 0.3120 0.2461 0.1352 0.2211 
   NS_SS0952  1 0.1802 0.2854 0.1181 0.1318 0.2845 
   NS_SS0962  1 0.3632 0.1176 0.2030 0.1823 0.1339 
   NS_SS0973  1 0.1380 0.1430 0.1455 0.2313 0.3422 
   NS_SS0722  1 0.0908 0.0886 0.1454 0.3961 0.2790 
   NS_SS0979  1 0.2255 0.1158 0.2964 0.1300 0.2323 
   NS_SS0993  1 0.1739 0.0871 0.1732 0.2634 0.3023 
   NS_SS0958  1 0.1555 0.3092 0.1951 0.1764 0.1638 
   NS_SS0988  1 0.3379 0.2012 0.1625 0.0735 0.2249 
   NS_SS1003  1 0.4596 0.0701 0.2463 0.0712 0.1528 
   NS_SS0976  1 0.2766 0.2696 0.1200 0.1132 0.2206 
   NS_SS0964  1 0.0954 0.0976 0.3164 0.3435 0.1472 
   NS_SS0939  1 0.1803 0.0906 0.4795 0.1876 0.0620 
   NS_SS0990  1 0.3245 0.2422 0.2289 0.1241 0.0803 
   NS_SS0984  1 0.2256 0.0875 0.2242 0.3086 0.1541 
   NS_SS0980  1 0.1296 0.1063 0.0979 0.3801 0.2861 
   NS_SS0978  1 0.2317 0.1354 0.1265 0.3011 0.2053 
   NS_SS0951  1 0.0874 0.2280 0.2991 0.0820 0.3034 
   NS_SS0913  1 0.1249 0.1343 0.3474 0.2171 0.1763 
   NS_SS1002  1 0.5182 0.0839 0.0867 0.1152 0.1960 
   NS_SS0948  1 0.2075 0.2064 0.1789 0.1158 0.2914 
   NS_SS0916  1 0.2243 0.1860 0.1736 0.3297 0.0865 
   NS_SS0995  1 0.1768 0.1337 0.2525 0.3173 0.1196 
   NS_SS0927  1 0.2206 0.2683 0.1274 0.2632 0.1206 
   NS_SS0992  1 0.2473 0.1960 0.1013 0.3204 0.1350 
   NS_SS0912  1 0.2084 0.2319 0.3051 0.0770 0.1777 
   NS_SS0981  1 0.3008 0.1113 0.2299 0.0827 0.2752 
   NS_SS0729  2 0.1152 0.3308 0.0562 0.2825 0.2153 
   NS_SS0967  2 0.3052 0.1107 0.1233 0.1708 0.2900 
   NS_SS0941  2 0.2055 0.1370 0.2046 0.3272 0.1257 
   NS_SS0768  2 0.1860 0.1506 0.2702 0.1403 0.2529 
   NS_SS0726  2 0.2519 0.2326 0.0657 0.3116 0.1382 
   NS_SS0763  2 0.1528 0.2761 0.1415 0.2384 0.1913 
   NS_SS0730  2 0.2555 0.1202 0.2743 0.2145 0.1355 
   NS_SS0774  2 0.1853 0.0950 0.1821 0.3417 0.1959 
   NS_SS0723  2 0.2753 0.0737 0.1865 0.2284 0.2362 
   NS_SS0940  2 0.2058 0.2229 0.2256 0.2434 0.1023 
   NS_SS0762  2 0.0987 0.0698 0.2582 0.3802 0.1931 
   NS_SS0766  2 0.1156 0.1944 0.2887 0.3138 0.0875 
   NS_SS0724  2 0.1149 0.1163 0.2632 0.1977 0.3080 
   NS_SS0769  2 0.2824 0.1753 0.2216 0.1467 0.1740 
   NS_SS0777  2 0.2073 0.2702 0.1997 0.0916 0.2313 
   NS_SS0734  2 0.1530 0.2162 0.2936 0.2052 0.1320 
   NS_SS0737  2 0.1595 0.0889 0.1827 0.4705 0.0983 
   NS_SS0732  2 0.1164 0.1039 0.3764 0.1512 0.2519 
   NS_SS0728  2 0.1397 0.1549 0.2292 0.3277 0.1486 
   NS_SS0735  2 0.0783 0.1242 0.2104 0.3637 0.2233 
   NS_SS0725  2 0.2165 0.1154 0.1953 0.3333 0.1395 
   NS_SS0788  2 0.4008 0.1559 0.1689 0.1445 0.1299 
   NS_SS0778  2 0.3316 0.2288 0.1767 0.1076 0.1552 
   NS_SS0792  2 0.1186 0.2024 0.2669 0.2065 0.2055 
   NS_SS0943  2 0.0968 0.2884 0.1322 0.1087 0.3739 
   NS_SS0791  2 0.1278 0.2206 0.2728 0.2914 0.0875 
   NS_SS0790  2 0.1103 0.0561 0.3456 0.1637 0.3243 
   NS_SS0731  2 0.1305 0.1326 0.4134 0.1333 0.1902 
   NS_SS0727  2 0.0696 0.2674 0.1131 0.4337 0.1162 
   NS_SS0779  2 0.2155 0.1772 0.2100 0.1757 0.2216 
   NS_SS0776  2 0.2109 0.1788 0.2066 0.2672 0.1366 
   NS_SS0775  2 0.1324 0.0967 0.3250 0.3375 0.1083 
   NS_SS0965  3 0.2186 0.1389 0.2695 0.1194 0.2535 
   NS_SS0754  3 0.1457 0.2796 0.2462 0.1648 0.1636 
   NS_SS0838  3 0.2283 0.1973 0.1682 0.1975 0.2087 
   NS_SS0839  3 0.2182 0.0824 0.2723 0.2692 0.1579 
   NS_SS0832  3 0.1968 0.0664 0.2444 0.1482 0.3442 
   NS_SS0820  3 0.3053 0.0780 0.2485 0.1561 0.2122 
   NS_SS0886  3 0.2016 0.2541 0.2534 0.1504 0.1405 
   NS_SS0748  3 0.1903 0.2274 0.1747 0.0983 0.3093 
   NS_SS0884  3 0.1747 0.1823 0.1764 0.2374 0.2291 
   NS_SS0752  3 0.1854 0.1393 0.1687 0.3120 0.1945 
   NS_SS0862  3 0.1192 0.0893 0.3705 0.1659 0.2550 
   NS_SS0787  3 0.1384 0.4742 0.1440 0.0959 0.1475 
   NS_SS0843  3 0.1350 0.1611 0.2013 0.2447 0.2579 
   NS_SS0856  3 0.2255 0.1773 0.1754 0.3438 0.0780 
   NS_SS0846  3 0.2471 0.1899 0.0677 0.2136 0.2817 
   NS_SS0825  3 0.3706 0.1815 0.1981 0.0988 0.1509 
   NS_SS0757  3 0.1448 0.2188 0.2440 0.1249 0.2675 
   NS_SS0876  3 0.1453 0.1492 0.1917 0.2841 0.2297 
   NS_SS0903  3 0.1691 0.0807 0.1080 0.3455 0.2967 
   NS_SS0875  3 0.2430 0.1752 0.2906 0.1379 0.1533 
   NS_SS0740  3 0.1292 0.1562 0.1843 0.2458 0.2845 
   NS_SS0811  3 0.1116 0.0963 0.4912 0.1169 0.1840 
   NS_SS0751  3 0.2945 0.1424 0.2112 0.2411 0.1108 
   NS_SS0891  3 0.2304 0.1614 0.2126 0.2464 0.1492 
   NS_SS0867  3 0.1793 0.2045 0.1278 0.0944 0.3940 
   NS_SS0890  3 0.2007 0.1661 0.2018 0.2015 0.2299 
   NS_SS0866  3 0.1402 0.4393 0.1269 0.1836 0.1100 
   NS_SS0755  3 0.1883 0.1486 0.2516 0.1374 0.2741 
   NS_SS0758  3 0.1652 0.1765 0.1478 0.3179 0.1926 
   NS_SS0840  3 0.2776 0.0720 0.2430 0.1594 0.2480 
   NS_SS0889  3 0.1287 0.3440 0.2497 0.1133 0.1643 
   NS_SS1010  3 0.3301 0.1559 0.1831 0.1269 0.2039 
   NS_SS0888  3 0.0799 0.3554 0.1646 0.2999 0.1002 
   NS_SS0837  3 0.1278 0.1050 0.3188 0.1150 0.3333 
   NS_SS0794  3 0.0816 0.3181 0.1932 0.2782 0.1289 
   NS_SS0823  3 0.1698 0.0932 0.1209 0.2670 0.3491 
   NS_SS0829  3 0.0914 0.3899 0.1907 0.0677 0.2603 
   NS_SS0844  3 0.1126 0.0632 0.1089 0.1391 0.5763 
   NS_SS1008  3 0.0938 0.2939 0.1994 0.2703 0.1426 
   NS_SS0881  3 0.3876 0.2063 0.1781 0.1135 0.1146 
   NS_SS0834  3 0.2362 0.1024 0.1396 0.3807 0.1411 
   NS_SS0744  3 0.2435 0.1742 0.1642 0.2060 0.2122 
   NS_SS0899  3 0.0996 0.0951 0.4125 0.1166 0.2761 
   NS_SS0804  3 0.2121 0.0712 0.2767 0.1829 0.2572 
   NS_SS0781  3 0.3209 0.0855 0.1636 0.1603 0.2698 
   NS_SS0822  3 0.0906 0.2084 0.1433 0.2931 0.2645 
   NS_SS1004  3 0.1926 0.1361 0.1729 0.1654 0.3330 
   NS_SS0746  3 0.1642 0.1911 0.0946 0.1815 0.3686 
   NS_SS0880  3 0.2248 0.1186 0.1656 0.1859 0.3051 
   NS_SS0879  3 0.1438 0.1473 0.2013 0.2800 0.2275 
   NS_SS0753  3 0.1048 0.2555 0.2348 0.1077 0.2973 
   NS_SS1007  3 0.2651 0.1431 0.1349 0.3796 0.0772 
   NS_SS0872  3 0.2324 0.1163 0.2116 0.2421 0.1974 
   NS_SS1005  3 0.2350 0.1197 0.1358 0.1705 0.3389 
   NS_SS0892  3 0.1918 0.1939 0.2216 0.2035 0.1892 
   NS_SS0898  3 0.1822 0.2486 0.2231 0.1437 0.2024 
   NS_SS0801  3 0.1461 0.1719 0.2559 0.1116 0.3146 
   NS_SS0827  3 0.1735 0.2257 0.3698 0.0700 0.1611 
   NS_SS0853  3 0.0973 0.2295 0.4244 0.0852 0.1636 
   NS_SS0780  3 0.2982 0.1132 0.2327 0.1854 0.1705 
   NS_SS0826  3 0.3862 0.1607 0.0855 0.0691 0.2985 
   NS_SS0818  3 0.2588 0.0749 0.2532 0.2480 0.1651 
   NS_SS0745  3 0.1458 0.0884 0.4296 0.2743 0.0620 
   NS_SS0849  3 0.1918 0.1288 0.3993 0.0619 0.2183 
   NS_SS0739  3 0.2995 0.1557 0.2868 0.1750 0.0830 
   NS_SS0799  3 0.0755 0.2372 0.1926 0.3045 0.1901 
   NS_SS0756  3 0.2704 0.0876 0.1757 0.1060 0.3604 
   NS_SS0802  3 0.3138 0.2124 0.1002 0.2219 0.1517 
   NS_SS0747  3 0.2384 0.1629 0.1353 0.1749 0.2884 
   NS_SS0835  3 0.1965 0.3882 0.0990 0.1627 0.1535 
   NS_SS0742  3 0.2543 0.1227 0.1875 0.1965 0.2391 
   NS_SS0760  3 0.1443 0.3822 0.1406 0.1603 0.1727 
   NS_SS0803  3 0.0806 0.0751 0.0964 0.2873 0.4605 
   NS_SS0828  3 0.1528 0.1951 0.3196 0.1452 0.1873 
   NS_SS0865  3 0.2997 0.1758 0.2267 0.0891 0.2088 
   NS_SS0759  3 0.1811 0.0922 0.2785 0.2563 0.1918 
   NS_SS0851  3 0.1511 0.1139 0.4891 0.0929 0.1529 
   NS_SS0874  3 0.1201 0.1006 0.1357 0.1701 0.4736 
   NS_SS0761  3 0.1574 0.3423 0.1743 0.0878 0.2382 
   NS_SS0842  3 0.1505 0.2734 0.2118 0.1702 0.1941 
   NS_SS0785  3 0.1425 0.2370 0.1644 0.1795 0.2767 
   NS_SS0860  3 0.1707 0.3895 0.1046 0.1496 0.1857 
   NS_SS0897  3 0.1008 0.4445 0.2039 0.1332 0.1175 
   NS_SS0841  3 0.1370 0.0864 0.3699 0.1871 0.2195 
   NS_SS0797  3 0.2043 0.2499 0.2723 0.0846 0.1889 
   NS_SS0830  3 0.2434 0.1793 0.2489 0.1381 0.1902 
   NS_SS1011  3 0.3784 0.0950 0.1472 0.1335 0.2458 
   NS_SS0883  3 0.1100 0.2198 0.3460 0.1371 0.1871 
   NS_SS0782  3 0.1146 0.2115 0.1646 0.3565 0.1528 
   NS_SS0831  3 0.1000 0.3371 0.3100 0.0934 0.1595 
   NS_SS0749  3 0.1655 0.2026 0.2924 0.2161 0.1234 
   NS_SS0854  3 0.1095 0.1837 0.1311 0.4021 0.1736 
   HI_SS0193  4 0.1557 0.2697 0.2057 0.2611 0.1077 
   HI_SS0194  4 0.2737 0.1290 0.1187 0.3217 0.1569 
   HI_SS0195  4 0.2632 0.0764 0.4024 0.1479 0.1101 
   HI_SS0196  4 0.1299 0.1997 0.1729 0.3487 0.1487 
   HI_SS0197  4 0.5991 0.1132 0.0819 0.1113 0.0944 
   HI_SS0198  4 0.1693 0.2300 0.3011 0.1488 0.1508 
   HI_SS0199  4 0.1121 0.2518 0.1318 0.3810 0.1233 
   HI_SS0201  4 0.1384 0.3740 0.1559 0.0778 0.2540 
   HI_SS0215  4 0.1917 0.3600 0.1586 0.0829 0.2069 
   HI_SS0218  4 0.0765 0.4073 0.2336 0.2009 0.0816 
   HI_SS0222  4 0.2346 0.1760 0.2747 0.2177 0.0970 
   HI_SS0230  4 0.3415 0.1399 0.2089 0.0878 0.2219 
   HI_SS0234  4 0.2681 0.1550 0.0713 0.3578 0.1477 
   HI_SS0240  4 0.1380 0.1328 0.1872 0.4424 0.0996 
   HI_SS0241  4 0.1852 0.3131 0.1482 0.1428 0.2105 
   HI_SS0242  4 0.1534 0.2041 0.2029 0.1748 0.2648 
   HI_SS0247  4 0.1875 0.1438 0.1652 0.0865 0.4169 
   HI_SS0248  4 0.0667 0.3083 0.0985 0.3164 0.2101 
   HI_SS0252  4 0.0955 0.1167 0.2088 0.3427 0.2363 
   HI_SS0254  4 0.3511 0.2079 0.1008 0.1533 0.1869 
   HI_SS0256  4 0.2290 0.0413 0.2050 0.2444 0.2803 
   HI_SS0257  4 0.1848 0.2982 0.0531 0.1947 0.2692 
   HI_SS0258  4 0.1169 0.3310 0.1813 0.1647 0.2061 
   HI_SS0259  4 0.3700 0.1181 0.1662 0.2410 0.1046 
   HI_SS0260  4 0.1192 0.3354 0.1658 0.2486 0.1310 
   HI_SS0261  4 0.3151 0.1999 0.0794 0.1739 0.2317 
   HI_SS0262  4 0.1931 0.1399 0.3221 0.1997 0.1451 
   HI_SS0264  4 0.3012 0.1437 0.2686 0.1023 0.1842 
   HI_SS0265  4 0.3201 0.1395 0.2528 0.1270 0.1605 
   HI_SS0268  4 0.3097 0.2203 0.2755 0.1230 0.0715 
   HI_SS0269  4 0.2072 0.3878 0.0568 0.1926 0.1556 
   HI_SS0273  4 0.2004 0.2801 0.1297 0.1306 0.2593 
   HI_SS0277  4 0.5417 0.1012 0.1166 0.0822 0.1583 
   HI_SS0280  4 0.1892 0.1741 0.3631 0.1738 0.0999 
   HI_SS0282  4 0.1237 0.2283 0.1485 0.1722 0.3273 
   HI_SS0286  4 0.1886 0.2367 0.2603 0.1638 0.1506 
   NS_SS1252  5 0.0900 0.4612 0.1256 0.1577 0.1655 
   NS_SS1261  5 0.2341 0.1859 0.1906 0.1852 0.2042 
   NS_SS1225  5 0.1452 0.2328 0.0987 0.1056 0.4177 
   NS_SS1266  5 0.1405 0.0695 0.1675 0.1527 0.4698 
   NS_SS1228  5 0.1677 0.1208 0.4556 0.1395 0.1163 
   NS_SS1255  5 0.1009 0.1600 0.1268 0.4690 0.1434 
   NS_SS1267  5 0.1367 0.4889 0.1686 0.1232 0.0826 
   NS_SS1238  5 0.3015 0.2071 0.2575 0.1169 0.1171 
   NS_SS1233  5 0.1336 0.1121 0.1876 0.0902 0.4764 
   NS_SS1277  5 0.1228 0.2994 0.1861 0.3113 0.0805 
   NS_SS1245  5 0.1564 0.2123 0.1028 0.1870 0.3415 
   NS_SS1240  5 0.1757 0.4733 0.0850 0.1538 0.1122 
   NS_SS1275  5 0.4153 0.0666 0.2167 0.1358 0.1656 
   NS_SS1235  5 0.1632 0.1293 0.0608 0.3973 0.2494 
   NS_SS1263  5 0.1055 0.0953 0.1645 0.2797 0.3550 
   NS_SS1251  5 0.2005 0.1168 0.1282 0.1829 0.3717 
   NS_SS1248  5 0.1520 0.1987 0.4696 0.0600 0.1197 
   NS_SS1244  5 0.4046 0.1497 0.1112 0.1062 0.2283 
   NS_SS1257  5 0.1349 0.3224 0.1559 0.2347 0.1521 
   NS_SS1242  5 0.1872 0.1156 0.2443 0.2435 0.2094 
   NS_SS1271  5 0.1428 0.4453 0.1383 0.1632 0.1103 
   NS_SS1265  5 0.2132 0.3619 0.1288 0.1116 0.1845 
   NS_SS1243  5 0.0894 0.1531 0.3532 0.2434 0.1609 
   NS_SS1273  5 0.1854 0.0970 0.2780 0.2650 0.1746 
   NS_SS1254  5 0.1082 0.1110 0.1879 0.1817 0.4112 
   NS_SS1224  5 0.1417 0.1021 0.2854 0.1535 0.3173 
   NS_SS1227  5 0.2698 0.2990 0.1021 0.2027 0.1263 
   NS_SS1274  5 0.1288 0.2551 0.2014 0.2324 0.1823 
   NS_SS1241  5 0.1599 0.2435 0.1636 0.1640 0.2689 
   NS_SS1256  5 0.2445 0.2124 0.0884 0.1187 0.3359 
   NS_SS1260  5 0.1216 0.3256 0.1291 0.2452 0.1786 
   NS_SS1262  5 0.1970 0.2304 0.1694 0.1169 0.2863 
   NS_SS1230  5 0.1677 0.2485 0.2180 0.1707 0.1951 
   NS_SS1270  5 0.1693 0.1208 0.2579 0.0815 0.3706 
   NS_SS1229  5 0.2802 0.0892 0.0584 0.4211 0.1511 
   NS_SS1246  5 0.2829 0.2741 0.0925 0.2481 0.1024 
   NS_SS1269  5 0.1714 0.1443 0.2614 0.2257 0.1971 
   NS_SS1239  5 0.1080 0.0971 0.3045 0.3685 0.1218 
   NS_SS1272  5 0.5199 0.1205 0.0956 0.0914 0.1725 
   NS_SS1268  5 0.0887 0.1026 0.3670 0.0917 0.3499 
   NS_SS1249  5 0.0887 0.4089 0.1048 0.2657 0.1318 
   HI_SS0559  6 0.0841 0.1970 0.2599 0.2253 0.2337 
   HI_SS0563  6 0.2221 0.1750 0.1753 0.1934 0.2342 
   HI_SS0564  6 0.2650 0.1387 0.1909 0.1840 0.2214 
   HI_SS0565  6 0.3201 0.2320 0.1169 0.1151 0.2159 
   HI_SS0569  6 0.1519 0.2901 0.1169 0.0598 0.3814 
   HI_SS0570  6 0.1795 0.3582 0.2022 0.1674 0.0927 
   HI_SS0572  6 0.1681 0.0950 0.1171 0.4134 0.2064 
   HI_SS0576  6 0.1922 0.1071 0.3844 0.1873 0.1290 
   HI_SS0579  6 0.0811 0.2056 0.0850 0.1936 0.4347 
   HI_SS0580  6 0.0958 0.2775 0.2192 0.2703 0.1372 
   HI_SS0581  6 0.4029 0.0865 0.2734 0.1248 0.1123 
   HI_SS0583  6 0.1284 0.3493 0.1138 0.2292 0.1793 
   HI_SS0586  6 0.1226 0.4410 0.2436 0.0762 0.1166 
   HI_SS0588  6 0.1065 0.2814 0.1458 0.1825 0.2839 
   HI_SS0595  6 0.3896 0.2487 0.1010 0.1465 0.1142 
   HI_SS0596  6 0.1009 0.0946 0.1746 0.4590 0.1709 
   HI_SS0597  6 0.2800 0.1276 0.1266 0.2799 0.1859 
   HI_SS0600  6 0.2777 0.2248 0.1532 0.2074 0.1370 
   HI_SS0601  6 0.2259 0.1844 0.1459 0.0874 0.3564 
   HI_SS0602  6 0.1048 0.2932 0.3386 0.1470 0.1164 
   HI_SS0604  6 0.0963 0.1778 0.2089 0.2063 0.3107 
   HI_SS0605  6 0.1117 0.2455 0.2833 0.1974 0.1622 
   HI_SS0608  6 0.1588 0.1884 0.3231 0.2023 0.1273 
   HI_SS0609  6 0.2271 0.0982 0.1271 0.1977 0.3500 
   HI_SS0611  6 0.0901 0.3489 0.3040 0.1238 0.1331 
   HI_SS0612  6 0.1205 0.1515 0.0553 0.2621 0.4105 
   HI_SS0613  6 0.1045 0.1834 0.4056 0.0890 0.2175 
   HI_SS0615  6 0.2229 0.0758 0.2606 0.3323 0.1084 
   HI_SS0001  6 0.2282 0.2190 0.1126 0.3189 0.1213 
   HI_SS0002  6 0.2303 0.0962 0.1570 0.2113 0.3051 
   HI_SS0004  6 0.1296 0.3163 0.2112 0.2410 0.1019 
   HI_SS0005  6 0.2181 0.1416 0.4407 0.0915 0.1081 
   HI_SS0006  6 0.2111 0.2814 0.0848 0.1469 0.2759 
   HI_SS0007  6 0.0749 0.2816 0.3911 0.1508 0.1016 
   HI_SS0008  6 0.3017 0.1540 0.2115 0.1232 0.2096 
   HI_SS0009  6 0.0797 0.0986 0.3385 0.3165 0.1667 
   HI_SS0010  6 0.2002 0.2313 0.2755 0.1099 0.1832 
   HI_SS0011  6 0.2642 0.1141 0.1718 0.0674 0.3824 
   HI_SS0012  6 0.3315 0.0787 0.1958 0.2500 0.1440 
   HI_SS0017  6 0.1862 0.1254 0.1654 0.4021 0.1209 
   HI_SS0021  6 0.2716 0.3169 0.1769 0.0972 0.1374 
   HI_SS0024  6 0.3056 0.1108 0.2875 0.2072 0.0889 
   HI_SS0025  6 0.0993 0.1115 0.2789 0.3046 0.2057 
   HI_SS0027  6 0.0874 0.2584 0.2156 0.1570 0.2816 
   HI_SS0028  6 0.3614 0.0673 0.3722 0.0914 0.1077 
   HI_SS0029  6 0.2170 0.2096 0.2706 0.2309 0.0720 
   HI_SS0030  6 0.1790 0.2088 0.1740 0.2381 0.2001 
   HI_SS0031  6 0.3042 0.1348 0.1126 0.2501 0.1983 
   HI_SS0034  6 0.1053 0.3223 0.0898 0.2126 0.2700 
   HI_SS0036  6 0.2929 0.3541 0.1969 0.1055 0.0505 
   HI_SS0037  6 0.0968 0.3845 0.2417 0.0877 0.1893 
   HI_SS0039  6 0.1789 0.2711 0.3541 0.0848 0.1111 
   HI_SS0041  6 0.1858 0.1085 0.3818 0.2231 0.1007 
   HI_SS0042  6 0.3053 0.1012 0.2215 0.2023 0.1697 
   HI_SS0043  6 0.2380 0.4271 0.1261 0.0923 0.1164 
   HI_SS0044  6 0.1193 0.2697 0.1873 0.3589 0.0647 
   HI_SS0047  6 0.1646 0.1176 0.2029 0.2821 0.2329 
   HI_SS0049  6 0.1152 0.1394 0.1715 0.3336 0.2404 
   HI_SS0051  6 0.1052 0.1431 0.3096 0.1189 0.3232 
   HI_SS0053  6 0.2925 0.3279 0.0963 0.1293 0.1540 
   HI_SS0054  6 0.1246 0.3191 0.1469 0.0709 0.3384 
   HI_SS0057  6 0.2491 0.1436 0.2875 0.1258 0.1940 
   HI_SS0058  6 0.1010 0.3138 0.1782 0.1673 0.2397 
   HI_SS0060  6 0.3030 0.1541 0.2449 0.1065 0.1914 
   HI_SS0087  6 0.2866 0.2153 0.1032 0.1690 0.2260 
   HI_SS0091  6 0.2859 0.3879 0.0680 0.1188 0.1394 
   HI_SS0095  6 0.2446 0.2040 0.1400 0.2094 0.2019 
   HI_SS0097  6 0.1390 0.1123 0.1077 0.1578 0.4831 
   HI_SS0099  6 0.1532 0.1789 0.3306 0.2112 0.1261 
   HI_SS0103  6 0.2277 0.1593 0.1159 0.3354 0.1617 
   HI_SS0105  6 0.3531 0.1501 0.1422 0.1007 0.2538 
   HI_SS0107  6 0.2081 0.0760 0.1218 0.4059 0.1882 
   HI_SS0108  6 0.1251 0.4872 0.1021 0.1380 0.1476 
   HI_SS0110  6 0.4199 0.1787 0.0851 0.2159 0.1004 
   HI_SS0111  6 0.2956 0.1725 0.1930 0.2260 0.1129 
   HI_SS0112  6 0.1622 0.4355 0.1359 0.1618 0.1047 
   HI_SS0113  6 0.2979 0.1064 0.1887 0.2186 0.1883 
   HI_SS0114  6 0.1385 0.3116 0.2420 0.0950 0.2128 
   HI_SS0115  6 0.0688 0.1721 0.1974 0.3675 0.1942 
   HI_SS0116  6 0.1045 0.3330 0.1142 0.3294 0.1189 
   HI_SS0117  6 0.3230 0.2385 0.0666 0.1076 0.2644 
   HI_SS0118  6 0.2057 0.2870 0.1162 0.1609 0.2303 
   HI_SS0119  6 0.3557 0.2298 0.1075 0.1028 0.2042 
   HI_SS0120  6 0.3427 0.0773 0.0986 0.3624 0.1190 
   HI_SS0121  6 0.4336 0.0810 0.2339 0.0551 0.1963 
   HI_SS0122  6 0.2979 0.1998 0.2114 0.1498 0.1412 
   HI_SS0123  6 0.3010 0.1746 0.1034 0.1795 0.2415 
   HI_SS0124  6 0.1199 0.0844 0.2892 0.3816 0.1249 
   HI_SS0125  6 0.2611 0.0828 0.3019 0.2297 0.1245 
   HI_SS0126  6 0.1402 0.3701 0.1424 0.2478 0.0994 
   HI_SS0127  6 0.1133 0.1499 0.3462 0.0919 0.2987 
   HI_SS0128  6 0.2271 0.1549 0.1145 0.3137 0.1899 
   HI_SS0129  6 0.2054 0.3081 0.1712 0.2082 0.1071 
   HI_SS0131  6 0.1233 0.2770 0.2728 0.0663 0.2606 
   HI_SS0132  6 0.3725 0.1576 0.1852 0.1018 0.1829 
   HI_SS0133  6 0.1200 0.4716 0.1417 0.1653 0.1014 
   HI_SS0134  6 0.1902 0.2153 0.1471 0.1893 0.2581 
   HI_SS0142  6 0.2747 0.1482 0.1573 0.1271 0.2926 
   HI_SS0145  6 0.1235 0.2163 0.0973 0.2508 0.3121 
   HI_SS0146  6 0.1016 0.2528 0.1856 0.2058 0.2541 
   HI_SS0147  6 0.1581 0.1170 0.3682 0.1113 0.2455 
   HI_SS0149  6 0.5069 0.1700 0.0913 0.0641 0.1678 
   HI_SS0150  6 0.1947 0.0969 0.3049 0.2251 0.1784 
   HI_SS0151  6 0.0792 0.1794 0.1755 0.4005 0.1654 
   NS_SS1451  6 0.2072 0.0841 0.3116 0.2792 0.1178 
   NS_SS1404  6 0.1663 0.1649 0.3963 0.1251 0.1474 
   NS_SS1432  6 0.4286 0.0883 0.1771 0.2443 0.0616 
   NS_SS1405  6 0.1579 0.2029 0.2206 0.2832 0.1354 
   NS_SS1431  6 0.3983 0.0852 0.1800 0.2075 0.1290 
   NS_SS1402  6 0.2708 0.1994 0.1230 0.2177 0.1891 
   NS_SS1450  6 0.1404 0.2875 0.1732 0.2855 0.1134 
   NS_SS1396  6 0.2275 0.1759 0.2611 0.1659 0.1696 
   NS_SS1393  6 0.1503 0.2501 0.2013 0.2552 0.1432 
   NS_SS1392  6 0.1351 0.1239 0.2949 0.3641 0.0820 
   NS_SS1445  6 0.2268 0.3005 0.1376 0.0835 0.2516 
   NS_SS1423  6 0.3060 0.2066 0.0878 0.2667 0.1328 
   NS_SS1421  6 0.2972 0.2081 0.1348 0.1707 0.1892 
   NS_SS1411  6 0.0863 0.3172 0.3735 0.1050 0.1181 
   NS_SS1453  6 0.3446 0.2760 0.1455 0.1221 0.1117 
   NS_SS1442  6 0.1204 0.1692 0.1616 0.1861 0.3626 
   NS_SS1422  6 0.1597 0.1300 0.0922 0.3087 0.3096 
   NS_SS1419  6 0.1145 0.1378 0.2581 0.0875 0.4020 
   NS_SS1427  6 0.1378 0.3928 0.0883 0.3211 0.0601 
   NS_SS1444  6 0.1103 0.1311 0.3235 0.1636 0.2715 
   NS_SS1455  6 0.1819 0.0878 0.1551 0.3072 0.2680 
   NS_SS1425  6 0.1380 0.4117 0.1326 0.0959 0.2219 
   NS_SS1400  6 0.1054 0.3399 0.1883 0.0995 0.2670 
   NS_SS1406  6 0.3324 0.0676 0.1305 0.1212 0.3482 
   NS_SS1417  6 0.2005 0.2355 0.1535 0.1623 0.2482 
   NS_SS1454  6 0.3688 0.2706 0.1773 0.0687 0.1146 
   NS_SS1412  6 0.1737 0.2519 0.2251 0.1943 0.1551 
   NS_SS1438  6 0.1093 0.3500 0.1713 0.0911 0.2782 
   NS_SS1416  6 0.2314 0.1929 0.2346 0.1372 0.2039 
   NS_SS1401  6 0.3270 0.1926 0.1203 0.1659 0.1942 
   NS_SS1424  6 0.3540 0.2107 0.1431 0.1421 0.1502 
   NS_SS1435  6 0.2223 0.1633 0.2852 0.2465 0.0827 
   NS_SS1447  6 0.1653 0.1201 0.2548 0.1311 0.3287 
   NS_SS1414  6 0.1149 0.1211 0.3558 0.1286 0.2797 
   NS_SS1449  6 0.2867 0.1295 0.1297 0.3207 0.1335 
   NS_SS1443  6 0.1221 0.2877 0.0677 0.3100 0.2124 
   NS_SS1434  6 0.1014 0.1805 0.0911 0.4926 0.1343 
   NS_SS1398  6 0.2083 0.1512 0.2441 0.2710 0.1254 
   NS_SS1426  6 0.1745 0.3916 0.1303 0.1671 0.1365 
   NS_SS1413  6 0.1331 0.2995 0.1091 0.2467 0.2116 
   NS_SS1395  6 0.2509 0.2827 0.1003 0.2038 0.1623 
   NS_SS1448  6 0.1453 0.2585 0.3447 0.1531 0.0984 
   NS_SS1446  6 0.2344 0.2950 0.1124 0.1950 0.1633 
   NS_SS1403  6 0.4187 0.1268 0.1755 0.1827 0.0963 
   NS_SS1415  6 0.1292 0.3127 0.2105 0.1901 0.1575 
   NS_SS1437  6 0.4058 0.1466 0.1870 0.1146 0.1459 
   NS_SS1439  6 0.1604 0.1739 0.1195 0.2107 0.3355 
   NS_SS1441  6 0.1570 0.2737 0.1119 0.2590 0.1984 
   NS_SS1420  6 0.0688 0.1056 0.5632 0.1526 0.1098 
   NS_SS1394  6 0.2361 0.1207 0.3814 0.1287 0.1332 
   NS_SS1391  6 0.1603 0.2565 0.1071 0.3769 0.0992 
   NS_SS1410  6 0.2545 0.2457 0.1574 0.1958 0.1466 
   NS_SS1408  6 0.3352 0.1323 0.1771 0.1363 0.2192 
   NS_SS1409  6 0.1543 0.2275 0.0930 0.3881 0.1372 
   HI_SS0617  7 0.1189 0.2534 0.1662 0.3587 0.1029 
   HI_SS0618  7 0.1386 0.1354 0.3058 0.2386 0.1816 
   HI_SS0619  7 0.1427 0.2086 0.2760 0.2598 0.1129 
   HI_SS0620  7 0.0602 0.3892 0.2256 0.1966 0.1284 
   HI_SS0621  7 0.2349 0.1350 0.2107 0.2194 0.2001 
   HI_SS0622  7 0.1463 0.1819 0.2135 0.1522 0.3061 
   HI_SS0626  7 0.2126 0.1817 0.4077 0.0859 0.1121 
   HI_SS0627  7 0.4278 0.1130 0.1556 0.1884 0.1153 
   HI_SS0628  7 0.2821 0.3072 0.2022 0.1127 0.0958 
   HI_SS0629  7 0.2522 0.2326 0.2163 0.1140 0.1849 
   HI_SS0630  7 0.0995 0.2461 0.2741 0.2175 0.1628 
   HI_SS0631  7 0.1601 0.2467 0.2760 0.1830 0.1342 
   HI_SS0632  7 0.1489 0.1756 0.3058 0.1063 0.2635 
   HI_SS0633  7 0.0879 0.1501 0.1685 0.4353 0.1582 
   HI_SS0634  7 0.3142 0.1930 0.2472 0.1280 0.1175 
   HI_SS0635  7 0.1899 0.1156 0.3225 0.1641 0.2078 
   HI_SS0637  7 0.2165 0.1866 0.1877 0.0870 0.3222 
   HI_SS0638  7 0.1871 0.1965 0.2124 0.2337 0.1704 
   HI_SS0639  7 0.2089 0.1072 0.2778 0.2002 0.2059 
   HI_SS0640  7 0.1283 0.1494 0.1646 0.2075 0.3501 
   HI_SS0641  7 0.1031 0.3152 0.3467 0.0811 0.1539 
   HI_SS0642  7 0.5298 0.0832 0.1297 0.1341 0.1232 
   HI_SS0645  7 0.0948 0.0804 0.5035 0.1622 0.1591 
   HI_SS0646  7 0.1926 0.1546 0.0940 0.3789 0.1799 
   HI_SS0647  7 0.2522 0.1587 0.1724 0.2371 0.1796 
   HI_SS0648  7 0.1620 0.1828 0.2228 0.2073 0.2251 
   HI_SS0649  7 0.1513 0.1927 0.1805 0.2526 0.2228 
   HI_SS0650  7 0.1712 0.1088 0.1436 0.4639 0.1125 
   HI_SS0651  7 0.1576 0.1686 0.2019 0.2426 0.2292 
   HI_SS0652  7 0.1045 0.1090 0.4379 0.1946 0.1541 
   NS_SS1371  7 0.2879 0.2151 0.0861 0.2649 0.1460 
   NS_SS1374  7 0.3150 0.3029 0.1893 0.1071 0.0857 
   NS_SS1337  7 0.3235 0.0993 0.2747 0.1554 0.1471 
   NS_SS1385  7 0.1748 0.1523 0.1371 0.3155 0.2203 
   NS_SS1388  7 0.1911 0.2306 0.2757 0.1852 0.1174 
   NS_SS1370  7 0.1320 0.0894 0.5355 0.1028 0.1403 
   NS_SS1389  7 0.1886 0.1605 0.3782 0.1676 0.1051 
   NS_SS1360  7 0.1367 0.2540 0.2346 0.1115 0.2632 
   NS_SS1330  7 0.1268 0.0981 0.2989 0.2323 0.2440 
   NS_SS1328  7 0.1839 0.2648 0.0694 0.3589 0.1229 
   NS_SS1384  7 0.2305 0.1974 0.1629 0.1237 0.2855 
   NS_SS1381  7 0.1324 0.0779 0.1423 0.4884 0.1590 
   NS_SS1375  7 0.1646 0.1282 0.3276 0.3146 0.0651 
   NS_SS1319  7 0.3060 0.1802 0.2032 0.1908 0.1198 
   NS_SS1326  7 0.1486 0.3875 0.1404 0.2357 0.0878 
   NS_SS1341  7 0.3266 0.2582 0.0857 0.0855 0.2440 
   NS_SS1383  7 0.4335 0.1566 0.1832 0.1071 0.1196 
   NS_SS1318  7 0.1031 0.1757 0.2916 0.2125 0.2171 
   NS_SS1348  7 0.1811 0.3356 0.1295 0.1336 0.2203 
   NS_SS1363  7 0.2071 0.1377 0.2819 0.1497 0.2236 
   NS_SS1335  7 0.1905 0.2203 0.1854 0.0850 0.3189 
   NS_SS1358  7 0.2369 0.1957 0.0853 0.1657 0.3165 
   NS_SS1342  7 0.3524 0.2318 0.0655 0.1376 0.2127 
   NS_SS1320  7 0.1201 0.0504 0.1199 0.4735 0.2361 
   NS_SS1355  7 0.1233 0.1085 0.1321 0.2119 0.4241 
   NS_SS1345  7 0.0904 0.0746 0.1121 0.1404 0.5825 
   NS_SS1324  7 0.1898 0.2674 0.1901 0.1728 0.1798 
   NS_SS1347  7 0.2359 0.1459 0.1590 0.2482 0.2110 
   NS_SS1321  7 0.3578 0.2793 0.1518 0.1209 0.0902 
   NS_SS1333  7 0.3635 0.2852 0.1684 0.1306 0.0523 
   NS_SS1364  7 0.1628 0.2420 0.0970 0.0864 0.4118 
   NS_SS1379  7 0.1531 0.1457 0.1668 0.2983 0.2361 
   NS_SS1332  7 0.2103 0.3943 0.1683 0.1016 0.1255 
   NS_SS1338  7 0.1719 0.2590 0.2702 0.1416 0.1574 
   NS_SS1368  7 0.2514 0.2857 0.1037 0.0929 0.2664 
   NS_SS1354  7 0.2315 0.1663 0.1687 0.1521 0.2814 
   NS_SS1365  7 0.2012 0.1267 0.2780 0.1732 0.2209 
   NS_SS1380  7 0.1734 0.1052 0.2458 0.1137 0.3619 
   NS_SS1329  7 0.3803 0.2490 0.0669 0.1097 0.1941 
   NS_SS1362  7 0.2499 0.1823 0.1122 0.2543 0.2013 
   NS_SS1327  7 0.1312 0.5379 0.1290 0.1362 0.0656 
   NS_SS1350  7 0.1503 0.2208 0.0976 0.4639 0.0674 
   NS_SS1387  7 0.1298 0.1691 0.3948 0.1135 0.1927 
   NS_SS1369  7 0.1322 0.2791 0.1691 0.1100 0.3096 
   NS_SS1331  7 0.2768 0.2072 0.3316 0.1004 0.0840 
   NS_SS1357  7 0.1584 0.2017 0.0687 0.4702 0.1010 
   NS_SS1386  7 0.2948 0.4019 0.0629 0.0733 0.1670 
   NS_SS1353  7 0.2660 0.1639 0.1505 0.2960 0.1235 
   NS_SS1323  7 0.2881 0.0874 0.1544 0.1986 0.2715 
   HI_SS0296  8 0.0796 0.2644 0.2962 0.1833 0.1765 
   HI_SS0297  8 0.4123 0.1049 0.1109 0.2944 0.0775 
   HI_SS0299  8 0.1808 0.1948 0.1520 0.1732 0.2992 
   HI_SS0300  8 0.0961 0.1785 0.2103 0.1514 0.3638 
   HI_SS0301  8 0.2480 0.1401 0.3410 0.0494 0.2215 
   HI_SS0302  8 0.0925 0.2529 0.3221 0.1065 0.2261 
   HI_SS0303  8 0.1172 0.3457 0.1252 0.2595 0.1524 
   HI_SS0304  8 0.2042 0.2019 0.3125 0.1926 0.0888 
   HI_SS0306  8 0.1292 0.3480 0.2431 0.1270 0.1528 
   HI_SS0307  8 0.2031 0.1196 0.2485 0.1937 0.2350 
   HI_SS0308  8 0.2554 0.1131 0.2322 0.1386 0.2607 
   HI_SS0309  8 0.1447 0.1168 0.1881 0.1626 0.3878 
   HI_SS0310  8 0.1274 0.1989 0.2227 0.2310 0.2200 
   HI_SS0311  8 0.1895 0.1744 0.2994 0.1040 0.2327 
   HI_SS0314  8 0.2023 0.1905 0.1731 0.3060 0.1281 
   HI_SS0316  8 0.1872 0.2560 0.1649 0.1612 0.2307 
   HI_SS0317  8 0.3534 0.1358 0.2296 0.1439 0.1373 
   HI_SS0318  8 0.3074 0.3294 0.1414 0.0882 0.1337 
   HI_SS0319  8 0.0962 0.4264 0.0774 0.1638 0.2362 
   HI_SS0320  8 0.4778 0.1049 0.2152 0.1372 0.0648 
   HI_SS0321  8 0.3156 0.2069 0.1269 0.2402 0.1104 
   HI_SS0323  8 0.1157 0.3159 0.2411 0.1790 0.1484 
   HI_SS0325  8 0.1372 0.3051 0.2586 0.1009 0.1982 
   HI_SS0327  8 0.1430 0.2227 0.0536 0.4066 0.1741 
   HI_SS0329  8 0.2578 0.1568 0.3092 0.1302 0.1460 
   HI_SS0333  8 0.2206 0.2117 0.1961 0.1903 0.1813 
   HI_SS0334  8 0.1818 0.3030 0.1266 0.1269 0.2617 
   HI_SS0335  8 0.1740 0.0987 0.1311 0.1986 0.3976 
   HI_SS0339  8 0.1309 0.1214 0.2351 0.1351 0.3775 
   HI_SS0343  8 0.2653 0.1005 0.1011 0.2339 0.2992 
   HI_SS0344  8 0.1560 0.5039 0.0963 0.1256 0.1182 
   HI_SS0345  8 0.2311 0.1739 0.2389 0.0811 0.2750 
   HI_SS0346  8 0.3960 0.2213 0.1816 0.1056 0.0955 
   HI_SS0350  8 0.0702 0.0609 0.2209 0.1617 0.4862 
   HI_SS0351  8 0.1976 0.1401 0.0901 0.1188 0.4534 
   HI_SS0352  8 0.2780 0.1277 0.1682 0.1756 0.2504 
   HI_SS0362  8 0.1234 0.1739 0.4241 0.1232 0.1554 
   HI_SS0363  8 0.1186 0.2824 0.1004 0.3001 0.1984 
   HI_SS0365  8 0.1344 0.2724 0.1343 0.2558 0.2031 
   HI_SS0366  8 0.1021 0.4038 0.1435 0.1995 0.1511 
   HI_SS0367  8 0.2115 0.1070 0.2093 0.2254 0.2468 
   HI_SS0369  8 0.1748 0.1089 0.2975 0.1833 0.2355 
   HI_SS0370  8 0.2076 0.1397 0.0776 0.4482 0.1270 
   HI_SS0371  8 0.1634 0.3473 0.2322 0.1075 0.1496 
   HI_SS0373  8 0.1274 0.1952 0.2739 0.2385 0.1650 
   HI_SS0374  8 0.2215 0.1441 0.2116 0.2113 0.2114 
   HI_SS0377  8 0.1760 0.1947 0.1291 0.0805 0.4197 
   HI_SS0379  8 0.2050 0.5120 0.0846 0.0720 0.1264 
   HI_SS0380  8 0.1873 0.1411 0.1989 0.1998 0.2729 
   HI_SS0381  8 0.2337 0.0949 0.2313 0.1317 0.3085 
   HI_SS0384  8 0.2339 0.2445 0.1610 0.2871 0.0734 
   HI_SS0385  8 0.1733 0.2740 0.3249 0.1205 0.1072 
