   NS_SS0963  1 0.2726 0.2084 0.0830 0.1461 0.2017 0.0882 
   NS_SS0983  1 0.1269 0.1618 0.0502 0.2213 0.1279 0.3118 
   NS_SS0719  1 0.2320 0.1111 0.1187 0.1764 0.2221 0.1398 
   NS_SS1001  1 0.0730 0.2100 0.2719 0.1591 0.1798 0.1062 
   NS_SS0936  1 0.2180 0.2405 0.1825 0.1995 0.0716 0.0879 
   NS_SS0955  1 0.1713 0.2114 0.0548 0.1652 0.2041 0.1932 
   NS_SS0944  1 0.1014 0.2829 0.1185 0.1355 0.1743 0.1874 
   NS_SS0945  1 0.1332 0.1633 0.2965 0.0895 0.0922 0.2252 
   NS_SS0922  1 0.1748 0.1143 0.2538 0.1871 0.1920 0.0779 
   NS_SS0929  1 0.1724 0.2197 0.1069 0.1938 0.1063 0.2010 
   NS_SS0956  1 0.0948 0.1324 0.1959 0.1330 0.3659 0.0780 
   NS_SS0906  1 0.1425 0.3137 0.1157 0.1091 0.1108 0.2083 
   NS_SS0721  1 0.1531 0.0919 0.1015 0.1629 0.3595 0.1310 
   NS_SS0982  1 0.1957 0.2237 0.1532 0.1078 0.2011 0.1185 
   NS_SS0923  1 0.1563 0.2042 0.2266 0.1606 0.1373 0.1150 
   NS_SS0905  1 0.0935 0.2286 0.2099 0.1673 0.1514 0.1493 
   NS_SS0925  1 0.1120 0.2717 0.1041 0.2751 0.1756 0.0615 
   NS_SS0947  1 0.1632 0.2312 0.1723 0.2121 0.1116 0.1097 
   NS_SS0926  1 0.2890 0.1443 0.1027 0.0732 0.0848 0.3059 
   NS_SS0918  1 0.1347 0.4027 0.1559 0.0645 0.1448 0.0974 
   NS_SS0966  1 0.1975 0.2637 0.1562 0.1541 0.1192 0.1093 
   NS_SS0938  1 0.3628 0.1101 0.1894 0.1557 0.1020 0.0800 
   NS_SS0917  1 0.2001 0.0670 0.1625 0.2517 0.1345 0.1842 
   NS_SS0957  1 0.1450 0.1607 0.1832 0.1069 0.2735 0.1307 
   NS_SS0987  1 0.1107 0.1462 0.1482 0.0650 0.3686 0.1614 
   NS_SS0717  1 0.0653 0.1949 0.2999 0.1346 0.1960 0.1093 
   NS_SS0986  1 0.1671 0.1768 0.1599 0.0529 0.2084 0.2349 
   NS_SS0953  1 0.0702 0.3164 0.1711 0.1926 0.1508 0.0988 
   NS_SS0907  1 0.1375 0.3556 0.1231 0.1271 0.1035 0.1532 
   NS_SS0974  1 0.1264 0.2114 0.1832 0.2431 0.0818 0.1540 
   NS_SS0989  1 0.2565 0.0584 0.0858 0.2658 0.1085 0.2250 
   NS_SS0991  1 0.0805 0.2872 0.0616 0.0595 0.2585 0.2527 
   NS_SS0994  1 0.1004 0.0988 0.1510 0.1644 0.0778 0.4076 
   NS_SS0931  1 0.1816 0.2052 0.0796 0.0675 0.1701 0.2960 
   NS_SS1000  1 0.1536 0.2191 0.3064 0.1120 0.0919 0.1170 
   NS_SS0919  1 0.3272 0.1944 0.0885 0.1268 0.0887 0.1744 
   NS_SS0949  1 0.1828 0.0831 0.0753 0.2527 0.1693 0.2368 
   NS_SS0960  1 0.1276 0.1973 0.1122 0.1737 0.1828 0.2065 
   NS_SS0716  1 0.0858 0.0570 0.4380 0.0581 0.2369 0.1242 
   NS_SS0924  1 0.1563 0.2084 0.0877 0.1889 0.1797 0.1790 
   NS_SS0935  1 0.0752 0.1593 0.1060 0.1547 0.2316 0.2732 
   NS_SS0952  1 0.1642 0.2502 0.1017 0.1328 0.0978 0.2534 
   NS_SS0962  1 0.3236 0.1208 0.2354 0.0745 0.1375 0.1082 
   NS_SS0973  1 0.1061 0.2627 0.0802 0.2846 0.1578 0.1087 
   NS_SS0722  1 0.0626 0.2718 0.3558 0.1536 0.0834 0.0728 
   NS_SS0979  1 0.1897 0.1837 0.2028 0.0909 0.2348 0.0982 
   NS_SS0993  1 0.1368 0.2903 0.1542 0.2080 0.1444 0.0664 
   NS_SS0958  1 0.1195 0.1667 0.2033 0.1085 0.1020 0.3000 
   NS_SS0988  1 0.2890 0.1954 0.1278 0.0681 0.1131 0.2066 
   NS_SS1003  1 0.4106 0.1316 0.0683 0.0615 0.2657 0.0622 
   NS_SS0976  1 0.2545 0.1928 0.0838 0.1078 0.1224 0.2386 
   NS_SS0964  1 0.0808 0.1220 0.3231 0.1698 0.2249 0.0794 
   NS_SS0939  1 0.1267 0.0518 0.4195 0.0779 0.2442 0.0798 
   NS_SS0990  1 0.2500 0.0679 0.2579 0.0617 0.1140 0.2484 
   NS_SS0984  1 0.1704 0.1599 0.3313 0.1575 0.1063 0.0745 
   NS_SS0980  1 0.0991 0.2465 0.1393 0.3649 0.0819 0.0684 
   NS_SS0978  1 0.2060 0.1866 0.1987 0.1940 0.1143 0.1004 
   NS_SS0951  1 0.0750 0.2329 0.1250 0.0670 0.2716 0.2284 
   NS_SS0913  1 0.1096 0.1388 0.2631 0.1009 0.2718 0.1159 
   NS_SS1002  1 0.4515 0.1947 0.1305 0.0860 0.0665 0.0708 
   NS_SS0948  1 0.1547 0.2825 0.1398 0.1178 0.1262 0.1790 
   NS_SS0916  1 0.1721 0.0739 0.1198 0.4071 0.1209 0.1062 
   NS_SS0995  1 0.1278 0.1029 0.1644 0.3538 0.1689 0.0822 
   NS_SS0927  1 0.1928 0.0867 0.1624 0.2535 0.0982 0.2064 
   NS_SS0992  1 0.2185 0.1116 0.1442 0.3051 0.0890 0.1317 
   NS_SS0912  1 0.1725 0.1398 0.1262 0.0565 0.2571 0.2481 
   NS_SS0981  1 0.2435 0.2468 0.1401 0.0671 0.2010 0.1015 
   NS_SS0729  2 0.1023 0.1639 0.0632 0.3732 0.0634 0.2341 
   NS_SS0967  2 0.2787 0.2257 0.1202 0.1668 0.1204 0.0881 
   NS_SS0941  2 0.1804 0.1086 0.2175 0.2263 0.1611 0.1061 
   NS_SS0768  2 0.1695 0.1560 0.1421 0.0861 0.3070 0.1393 
   NS_SS0726  2 0.2247 0.1052 0.0742 0.3697 0.0780 0.1481 
   NS_SS0763  2 0.1288 0.1686 0.1625 0.2039 0.1239 0.2124 
   NS_SS0730  2 0.2019 0.1087 0.2630 0.1530 0.1709 0.1026 
   NS_SS0774  2 0.1379 0.1634 0.2856 0.2578 0.0854 0.0699 
   NS_SS0723  2 0.2349 0.1660 0.1701 0.2164 0.1568 0.0557 
   NS_SS0940  2 0.1656 0.0904 0.2048 0.1987 0.1515 0.1890 
   NS_SS0762  2 0.0725 0.1686 0.3622 0.1923 0.1447 0.0596 
   NS_SS0766  2 0.0851 0.0745 0.2996 0.2084 0.1704 0.1620 
   NS_SS0724  2 0.1027 0.2323 0.1407 0.1462 0.2643 0.1138 
   NS_SS0769  2 0.2460 0.1236 0.2086 0.1093 0.1732 0.1392 
   NS_SS0777  2 0.1554 0.2082 0.1392 0.0701 0.1548 0.2724 
   NS_SS0734  2 0.1202 0.0988 0.1784 0.1636 0.2721 0.1670 
   NS_SS0737  2 0.1157 0.0926 0.3403 0.2814 0.0992 0.0708 
   NS_SS0732  2 0.0875 0.1732 0.1243 0.1756 0.3642 0.0751 
   NS_SS0728  2 0.1150 0.1062 0.1627 0.2958 0.2124 0.1080 
   NS_SS0735  2 0.0605 0.1725 0.1889 0.2697 0.2151 0.0933 
   NS_SS0725  2 0.2073 0.1096 0.2662 0.1290 0.1867 0.1012 
   NS_SS0788  2 0.3473 0.0890 0.1192 0.1688 0.1371 0.1386 
   NS_SS0778  2 0.2679 0.1175 0.0923 0.1636 0.1718 0.1869 
   NS_SS0792  2 0.0888 0.1609 0.0967 0.2875 0.2496 0.1165 
   NS_SS0943  2 0.0919 0.2724 0.0610 0.1039 0.2100 0.2607 
   NS_SS0791  2 0.0918 0.0777 0.1105 0.3655 0.2149 0.1396 
   NS_SS0790  2 0.0975 0.2361 0.1989 0.0881 0.3321 0.0473 
   NS_SS0731  2 0.1159 0.1347 0.2363 0.0695 0.3260 0.1175 
   NS_SS0727  2 0.0560 0.0939 0.2168 0.3499 0.0908 0.1925 
   NS_SS0779  2 0.1591 0.1871 0.1578 0.1637 0.1674 0.1649 
   NS_SS0776  2 0.1625 0.1099 0.2918 0.1365 0.1449 0.1545 
   NS_SS0775  2 0.0936 0.0991 0.3967 0.1850 0.1562 0.0695 
   NS_SS0965  3 0.1893 0.1975 0.0936 0.1104 0.2977 0.1115 
   NS_SS0754  3 0.1180 0.1017 0.0780 0.2252 0.2812 0.1959 
   NS_SS0838  3 0.1828 0.1750 0.2101 0.1604 0.0999 0.1717 
   NS_SS0839  3 0.1679 0.1269 0.2770 0.1836 0.1815 0.0631 
   NS_SS0832  3 0.1523 0.3016 0.1795 0.0890 0.2179 0.0598 
   NS_SS0820  3 0.2773 0.1304 0.1145 0.1310 0.2845 0.0623 
   NS_SS0886  3 0.1628 0.1110 0.1307 0.1697 0.2212 0.2045 
   NS_SS0748  3 0.1487 0.2848 0.1235 0.1160 0.1326 0.1944 
   NS_SS0884  3 0.1481 0.1876 0.1325 0.2307 0.1679 0.1332 
   NS_SS0752  3 0.1559 0.1444 0.2138 0.2503 0.1270 0.1087 
   NS_SS0862  3 0.0946 0.1842 0.0801 0.1895 0.3883 0.0634 
   NS_SS0787  3 0.1217 0.1151 0.1196 0.0970 0.1141 0.4325 
   NS_SS0843  3 0.1194 0.1967 0.1288 0.2274 0.2067 0.1209 
   NS_SS0856  3 0.1795 0.0558 0.2548 0.2638 0.1128 0.1333 
   NS_SS0846  3 0.1978 0.2860 0.0979 0.1966 0.0669 0.1548 
   NS_SS0825  3 0.3305 0.1212 0.0837 0.0847 0.2097 0.1701 
   NS_SS0757  3 0.1148 0.2066 0.1040 0.1131 0.2574 0.2041 
   NS_SS0876  3 0.1159 0.1866 0.1758 0.2103 0.2020 0.1093 
   NS_SS0903  3 0.1256 0.2436 0.1225 0.3720 0.0823 0.0540 
   NS_SS0875  3 0.2031 0.1269 0.2651 0.0907 0.1534 0.1607 
   NS_SS0740  3 0.1076 0.2266 0.1608 0.1927 0.1888 0.1235 
   NS_SS0811  3 0.0841 0.1548 0.2618 0.0975 0.3236 0.0783 
   NS_SS0751  3 0.2417 0.1049 0.2736 0.1399 0.1090 0.1309 
   NS_SS0891  3 0.2019 0.1419 0.2437 0.1363 0.1343 0.1419 
   NS_SS0867  3 0.1536 0.3286 0.0499 0.1091 0.2048 0.1540 
   NS_SS0890  3 0.1430 0.2127 0.1873 0.2192 0.1117 0.1261 
   NS_SS0866  3 0.1296 0.1070 0.1110 0.1776 0.1197 0.3552 
   NS_SS0755  3 0.1643 0.2038 0.1437 0.1387 0.2445 0.1050 
   NS_SS0758  3 0.1321 0.1807 0.1520 0.2817 0.1260 0.1274 
   NS_SS0840  3 0.2472 0.2179 0.1948 0.1164 0.1646 0.0591 
   NS_SS0889  3 0.1096 0.1335 0.1003 0.1004 0.2470 0.3092 
   NS_SS1010  3 0.2912 0.1512 0.1830 0.1087 0.1388 0.1270 
   NS_SS0888  3 0.0629 0.0739 0.1091 0.3654 0.1642 0.2245 
   NS_SS0837  3 0.1061 0.2315 0.1290 0.1143 0.3319 0.0871 
   NS_SS0794  3 0.0705 0.1037 0.2067 0.2418 0.1344 0.2430 
   NS_SS0823  3 0.1498 0.3198 0.1713 0.1524 0.1194 0.0873 
   NS_SS0829  3 0.0731 0.2228 0.0851 0.0701 0.1847 0.3641 
   NS_SS0844  3 0.1007 0.4697 0.0646 0.1929 0.1280 0.0440 
   NS_SS1008  3 0.0846 0.1259 0.2571 0.1558 0.1283 0.2482 
   NS_SS0881  3 0.3049 0.1076 0.1635 0.1037 0.1424 0.1779 
   NS_SS0834  3 0.2165 0.1268 0.2920 0.1561 0.1212 0.0875 
   NS_SS0744  3 0.2043 0.1594 0.0841 0.2464 0.1823 0.1235 
   NS_SS0899  3 0.0858 0.2424 0.2362 0.0597 0.2781 0.0978 
   NS_SS0804  3 0.1765 0.2204 0.1492 0.1441 0.2542 0.0556 
   NS_SS0781  3 0.2614 0.2532 0.2049 0.0917 0.1144 0.0744 
   NS_SS0822  3 0.0775 0.2461 0.1355 0.2220 0.1475 0.1714 
   NS_SS1004  3 0.1515 0.3029 0.1170 0.1511 0.1687 0.1087 
   NS_SS0746  3 0.1410 0.3363 0.1379 0.1154 0.0910 0.1784 
   NS_SS0880  3 0.1866 0.2740 0.1565 0.1370 0.1501 0.0959 
   NS_SS0879  3 0.1144 0.1959 0.2015 0.1552 0.2101 0.1229 
   NS_SS0753  3 0.0911 0.2106 0.1029 0.1404 0.2272 0.2277 
   NS_SS1007  3 0.2133 0.0649 0.2323 0.3067 0.0742 0.1087 
   NS_SS0872  3 0.1829 0.1843 0.2308 0.1960 0.1201 0.0859 
   NS_SS1005  3 0.1862 0.3171 0.1884 0.0993 0.0910 0.1180 
   NS_SS0892  3 0.1478 0.1776 0.2018 0.1319 0.1665 0.1743 
   NS_SS0898  3 0.1526 0.2011 0.1376 0.1240 0.1663 0.2184 
   NS_SS0801  3 0.1271 0.2012 0.1350 0.0868 0.2845 0.1655 
   NS_SS0827  3 0.1413 0.1297 0.1850 0.0933 0.2464 0.2042 
   NS_SS0853  3 0.0704 0.1225 0.2180 0.1196 0.2629 0.2067 
   NS_SS0780  3 0.2387 0.1379 0.1673 0.1462 0.2168 0.0932 
   NS_SS0826  3 0.3625 0.2351 0.0676 0.0577 0.1121 0.1650 
   NS_SS0818  3 0.2231 0.1527 0.2121 0.1542 0.1888 0.0691 
   NS_SS0745  3 0.1035 0.0570 0.4893 0.0553 0.2070 0.0879 
   NS_SS0849  3 0.1580 0.1399 0.1110 0.0528 0.4180 0.1202 
   NS_SS0739  3 0.2642 0.0602 0.1684 0.1821 0.2120 0.1131 
   NS_SS0799  3 0.0576 0.1451 0.1399 0.3519 0.1452 0.1603 
   NS_SS0756  3 0.2261 0.3217 0.1272 0.0805 0.1666 0.0779 
   NS_SS0802  3 0.2668 0.1273 0.1392 0.1947 0.0880 0.1841 
   NS_SS0747  3 0.2001 0.2337 0.1312 0.1810 0.1206 0.1334 
   NS_SS0835  3 0.1881 0.1127 0.0986 0.2038 0.0860 0.3108 
   NS_SS0742  3 0.2080 0.1859 0.1193 0.2384 0.1669 0.0815 
   NS_SS0760  3 0.1289 0.1561 0.1499 0.1198 0.0980 0.3473 
   NS_SS0803  3 0.0551 0.4115 0.0783 0.3070 0.0955 0.0525 
   NS_SS0828  3 0.1114 0.1335 0.1515 0.1560 0.2901 0.1576 
   NS_SS0865  3 0.2646 0.1524 0.0658 0.1319 0.2646 0.1206 
   NS_SS0759  3 0.1384 0.1575 0.2581 0.1332 0.2240 0.0889 
   NS_SS0851  3 0.1153 0.0875 0.1764 0.0510 0.4802 0.0896 
   NS_SS0874  3 0.1096 0.3651 0.1551 0.1321 0.1425 0.0955 
   NS_SS0761  3 0.1462 0.2014 0.0642 0.1136 0.1842 0.2904 
   NS_SS0842  3 0.1160 0.1774 0.2178 0.1218 0.1280 0.2389 
   NS_SS0785  3 0.1096 0.2209 0.1189 0.2058 0.1647 0.1802 
   NS_SS0860  3 0.1556 0.1465 0.1002 0.1698 0.0969 0.3310 
   NS_SS0897  3 0.0849 0.0965 0.1125 0.1491 0.1746 0.3824 
   NS_SS0841  3 0.1186 0.1707 0.2673 0.0872 0.2741 0.0820 
   NS_SS0797  3 0.1638 0.1631 0.0951 0.0952 0.2627 0.2201 
   NS_SS0830  3 0.2054 0.1463 0.1375 0.1238 0.2338 0.1533 
   NS_SS1011  3 0.3457 0.1787 0.0845 0.1135 0.2004 0.0771 
   NS_SS0883  3 0.0870 0.1645 0.1391 0.2193 0.2386 0.1515 
   NS_SS0782  3 0.0925 0.1314 0.2279 0.2738 0.1134 0.1610 
   NS_SS0831  3 0.0790 0.1228 0.0969 0.1358 0.2789 0.2867 
   NS_SS0749  3 0.1215 0.0925 0.1457 0.2219 0.2648 0.1536 
   NS_SS0854  3 0.0963 0.1184 0.1393 0.3793 0.1482 0.1185 
   HI_SS0193  4 0.1393 0.0856 0.1452 0.1863 0.2220 0.2215 
   HI_SS0194  4 0.2304 0.1323 0.2847 0.1183 0.0906 0.1438 
   HI_SS0195  4 0.2182 0.0715 0.1954 0.1011 0.3442 0.0695 
   HI_SS0196  4 0.1042 0.1145 0.2689 0.2399 0.1068 0.1657 
   HI_SS0197  4 0.5512 0.0831 0.1179 0.0933 0.0613 0.0931 
   HI_SS0198  4 0.1383 0.1012 0.1146 0.1743 0.2896 0.1820 
   HI_SS0199  4 0.0811 0.1089 0.1538 0.4194 0.0918 0.1450 
   HI_SS0201  4 0.1124 0.1948 0.0510 0.1343 0.2030 0.3045 
   HI_SS0215  4 0.1794 0.1620 0.0771 0.1296 0.1685 0.2834 
   HI_SS0218  4 0.0691 0.0714 0.1288 0.2638 0.1760 0.2910 
   HI_SS0222  4 0.1898 0.0705 0.2020 0.1808 0.2178 0.1391 
   HI_SS0230  4 0.3119 0.1706 0.1894 0.0630 0.1390 0.1261 
   HI_SS0234  4 0.2375 0.1267 0.1078 0.3530 0.0719 0.1032 
   HI_SS0240  4 0.1043 0.0823 0.1910 0.4015 0.1396 0.0812 
   HI_SS0241  4 0.1525 0.1643 0.0982 0.2079 0.1590 0.2181 
   HI_SS0242  4 0.1266 0.2480 0.1081 0.1741 0.1861 0.1570 
   HI_SS0247  4 0.1726 0.3836 0.1156 0.0655 0.1264 0.1363 
   HI_SS0248  4 0.0522 0.1926 0.1864 0.2551 0.0670 0.2467 
   HI_SS0252  4 0.0819 0.2143 0.1898 0.2200 0.1982 0.0958 
   HI_SS0254  4 0.3010 0.1799 0.0964 0.1475 0.0851 0.1901 
   HI_SS0256  4 0.2183 0.1993 0.2013 0.1520 0.1940 0.0352 
   HI_SS0257  4 0.1889 0.2378 0.0603 0.2228 0.0606 0.2297 
   HI_SS0258  4 0.0982 0.1589 0.1401 0.1520 0.1629 0.2878 
   HI_SS0259  4 0.3215 0.0867 0.1828 0.1568 0.1615 0.0907 
   HI_SS0260  4 0.0891 0.1027 0.2273 0.2379 0.1007 0.2423 
   HI_SS0261  4 0.2557 0.2401 0.1317 0.1231 0.0693 0.1801 
   HI_SS0262  4 0.1529 0.0975 0.1450 0.2175 0.2978 0.0893 
   HI_SS0264  4 0.2439 0.1382 0.2752 0.0519 0.1357 0.1551 
   HI_SS0265  4 0.2856 0.1166 0.1220 0.1057 0.2621 0.1081 
   HI_SS0268  4 0.2556 0.0552 0.2367 0.0955 0.1496 0.2074 
   HI_SS0269  4 0.1909 0.1179 0.0509 0.3128 0.0632 0.2643 
   HI_SS0273  4 0.1978 0.1965 0.0949 0.1448 0.1327 0.2333 
   HI_SS0277  4 0.4768 0.1262 0.0677 0.1078 0.1302 0.0913 
   HI_SS0280  4 0.1411 0.0761 0.2137 0.1349 0.2990 0.1351 
   HI_SS0282  4 0.1072 0.2326 0.0941 0.1696 0.2010 0.1956 
   HI_SS0286  4 0.1572 0.0921 0.0746 0.2260 0.2706 0.1796 
   NS_SS1252  5 0.0701 0.1537 0.0981 0.1950 0.1052 0.3778 
   NS_SS1261  5 0.2010 0.1668 0.1419 0.2064 0.1213 0.1626 
   NS_SS1225  5 0.1400 0.3562 0.0808 0.1170 0.0991 0.2069 
   NS_SS1266  5 0.1196 0.4362 0.1220 0.1211 0.1423 0.0588 
   NS_SS1228  5 0.1376 0.1011 0.1613 0.1629 0.3555 0.0816 
   NS_SS1255  5 0.0877 0.1365 0.3712 0.1959 0.0803 0.1283 
   NS_SS1267  5 0.1226 0.0600 0.0774 0.1993 0.1564 0.3843 
   NS_SS1238  5 0.2656 0.1025 0.1642 0.0849 0.1755 0.2072 
   NS_SS1233  5 0.0985 0.4565 0.1911 0.0439 0.1076 0.1024 
   NS_SS1277  5 0.0974 0.0730 0.1898 0.2754 0.1424 0.2219 
   NS_SS1245  5 0.1318 0.3107 0.1447 0.1234 0.0794 0.2101 
   NS_SS1240  5 0.1655 0.0930 0.0890 0.1862 0.0670 0.3993 
   NS_SS1275  5 0.3674 0.1417 0.1281 0.1113 0.2028 0.0487 
   NS_SS1235  5 0.1658 0.2184 0.1552 0.2965 0.0578 0.1063 
   NS_SS1263  5 0.0896 0.3253 0.2752 0.1152 0.1052 0.0895 
   NS_SS1251  5 0.1618 0.3511 0.1710 0.1060 0.0995 0.1105 
   NS_SS1248  5 0.1106 0.0866 0.1272 0.0446 0.4308 0.2002 
   NS_SS1244  5 0.3443 0.2004 0.0592 0.1512 0.1364 0.1084 
   NS_SS1257  5 0.1048 0.1231 0.1328 0.2236 0.1559 0.2598 
   NS_SS1242  5 0.1550 0.1802 0.3290 0.0851 0.1418 0.1088 
   NS_SS1271  5 0.1068 0.0844 0.0703 0.2604 0.1393 0.3387 
   NS_SS1265  5 0.1784 0.1547 0.1321 0.0722 0.1135 0.3491 
   NS_SS1243  5 0.0673 0.1277 0.2370 0.1368 0.3137 0.1174 
   NS_SS1273  5 0.1301 0.1861 0.3946 0.0977 0.1115 0.0800 
   NS_SS1254  5 0.0924 0.3963 0.1951 0.1181 0.1102 0.0878 
   NS_SS1224  5 0.1143 0.2789 0.1470 0.1214 0.2590 0.0794 
   NS_SS1227  5 0.2234 0.1080 0.1537 0.2045 0.0709 0.2395 
   NS_SS1274  5 0.1162 0.1365 0.1510 0.2258 0.1670 0.2035 
   NS_SS1241  5 0.1359 0.2285 0.0929 0.1994 0.1578 0.1855 
   NS_SS1256  5 0.2088 0.3200 0.1196 0.0823 0.0715 0.1978 
   NS_SS1260  5 0.1038 0.1273 0.1082 0.3393 0.1061 0.2152 
   NS_SS1262  5 0.1612 0.2408 0.0712 0.1640 0.1801 0.1827 
   NS_SS1230  5 0.1475 0.1723 0.2085 0.1019 0.1531 0.2167 
   NS_SS1270  5 0.1518 0.2724 0.0832 0.0581 0.3289 0.1056 
   NS_SS1229  5 0.2795 0.1313 0.1380 0.3296 0.0522 0.0694 
   NS_SS1246  5 0.2350 0.0832 0.0967 0.2625 0.0904 0.2322 
   NS_SS1269  5 0.1404 0.1774 0.1866 0.1811 0.2040 0.1104 
   NS_SS1239  5 0.0791 0.0789 0.1303 0.3598 0.2874 0.0645 
   NS_SS1272  5 0.4906 0.1436 0.0917 0.0869 0.0824 0.1048 
   NS_SS1268  5 0.0743 0.2760 0.1227 0.0637 0.3627 0.1006 
   NS_SS1249  5 0.0663 0.1281 0.0985 0.3235 0.0881 0.2954 
   HI_SS0559  6 0.0686 0.1607 0.1803 0.1672 0.2650 0.1583 
   HI_SS0563  6 0.1680 0.2062 0.1017 0.2511 0.1316 0.1414 
   HI_SS0564  6 0.2320 0.1667 0.1165 0.1476 0.2026 0.1346 
   HI_SS0565  6 0.2786 0.1715 0.1243 0.1051 0.1030 0.2176 
   HI_SS0569  6 0.1249 0.3492 0.0619 0.0680 0.1137 0.2823 
   HI_SS0570  6 0.1577 0.0647 0.1214 0.1840 0.1706 0.3017 
   HI_SS0572  6 0.1491 0.1436 0.2554 0.2908 0.0894 0.0717 
   HI_SS0576  6 0.1619 0.1141 0.2256 0.1263 0.2809 0.0913 
   HI_SS0579  6 0.0684 0.3693 0.0758 0.2065 0.0960 0.1839 
   HI_SS0580  6 0.0768 0.1124 0.2390 0.2134 0.1391 0.2194 
   HI_SS0581  6 0.3533 0.0836 0.1169 0.1010 0.2713 0.0739 
   HI_SS0583  6 0.1035 0.1843 0.2017 0.1577 0.0559 0.2970 
   HI_SS0586  6 0.1017 0.0769 0.1487 0.0755 0.1777 0.4196 
   HI_SS0588  6 0.0869 0.2358 0.1196 0.1940 0.1354 0.2284 
   HI_SS0595  6 0.3384 0.1010 0.1427 0.1390 0.0727 0.2061 
   HI_SS0596  6 0.0702 0.1630 0.3751 0.2264 0.0888 0.0764 
   HI_SS0597  6 0.2402 0.1793 0.2678 0.1377 0.0734 0.1016 
   HI_SS0600  6 0.2175 0.1087 0.0773 0.3229 0.1400 0.1335 
   HI_SS0601  6 0.2098 0.2531 0.0529 0.1493 0.1863 0.1486 
   HI_SS0602  6 0.0793 0.0820 0.2022 0.1021 0.2528 0.2817 
   HI_SS0604  6 0.0792 0.2757 0.1519 0.1077 0.2165 0.1690 
   HI_SS0605  6 0.0725 0.1100 0.0862 0.2155 0.3301 0.1858 
   HI_SS0608  6 0.1161 0.1058 0.3116 0.1062 0.1684 0.1918 
   HI_SS0609  6 0.1943 0.3273 0.1936 0.1111 0.0797 0.0940 
   HI_SS0611  6 0.0824 0.0822 0.1269 0.1288 0.2976 0.2821 
   HI_SS0612  6 0.0942 0.3896 0.0774 0.2862 0.0524 0.1002 
   HI_SS0613  6 0.0877 0.1324 0.1433 0.0897 0.4145 0.1325 
   HI_SS0615  6 0.1837 0.0900 0.2429 0.2333 0.1877 0.0623 
   HI_SS0001  6 0.2073 0.0979 0.2110 0.2152 0.0934 0.1752 
   HI_SS0002  6 0.2080 0.2666 0.1984 0.1301 0.1125 0.0844 
   HI_SS0004  6 0.1025 0.0817 0.2184 0.1573 0.1564 0.2838 
   HI_SS0005  6 0.1759 0.0769 0.1575 0.0908 0.3767 0.1222 
   HI_SS0006  6 0.2040 0.2392 0.0915 0.1344 0.0894 0.2416 
   HI_SS0007  6 0.0557 0.0757 0.0981 0.1577 0.3804 0.2324 
   HI_SS0008  6 0.2645 0.1444 0.1205 0.1166 0.2101 0.1439 
   HI_SS0009  6 0.0625 0.1194 0.2242 0.2109 0.2953 0.0877 
   HI_SS0010  6 0.1670 0.1455 0.1632 0.1129 0.2158 0.1956 
   HI_SS0011  6 0.2412 0.3525 0.1167 0.0450 0.1364 0.1082 
   HI_SS0012  6 0.2728 0.0944 0.1185 0.2902 0.1703 0.0538 
   HI_SS0017  6 0.1509 0.1285 0.3057 0.1841 0.1259 0.1049 
   HI_SS0021  6 0.2206 0.1028 0.1882 0.0742 0.1001 0.3141 
   HI_SS0024  6 0.2581 0.0791 0.2138 0.1799 0.1849 0.0843 
   HI_SS0025  6 0.0847 0.1651 0.3209 0.1504 0.1783 0.1006 
   HI_SS0027  6 0.0654 0.2314 0.1144 0.1488 0.2143 0.2257 
   HI_SS0028  6 0.3236 0.0694 0.2400 0.0491 0.2563 0.0615 
   HI_SS0029  6 0.1554 0.0587 0.3334 0.1730 0.0862 0.1934 
   HI_SS0030  6 0.1458 0.1547 0.1080 0.2335 0.2057 0.1523 
   HI_SS0031  6 0.2325 0.1810 0.1335 0.2851 0.0804 0.0874 
   HI_SS0034  6 0.0816 0.2624 0.0962 0.1970 0.1023 0.2604 
   HI_SS0036  6 0.2559 0.0390 0.0920 0.1084 0.1818 0.3228 
   HI_SS0037  6 0.0808 0.1299 0.1678 0.0783 0.1870 0.3562 
   HI_SS0039  6 0.1507 0.0847 0.1467 0.0964 0.2840 0.2375 
   HI_SS0041  6 0.1534 0.0756 0.2037 0.1345 0.3424 0.0904 
   HI_SS0042  6 0.2521 0.1624 0.2350 0.1132 0.1498 0.0875 
   HI_SS0043  6 0.2145 0.0860 0.0568 0.1415 0.1226 0.3787 
   HI_SS0044  6 0.0859 0.0661 0.3245 0.2477 0.0731 0.2027 
   HI_SS0047  6 0.1455 0.1782 0.1739 0.1830 0.2319 0.0875 
   HI_SS0049  6 0.0934 0.2134 0.3234 0.1184 0.1153 0.1360 
   HI_SS0051  6 0.0836 0.2031 0.0711 0.1263 0.4010 0.1149 
   HI_SS0053  6 0.2538 0.1288 0.0799 0.1620 0.1042 0.2712 
   HI_SS0054  6 0.1117 0.2667 0.0551 0.0825 0.1691 0.3149 
   HI_SS0057  6 0.2088 0.1495 0.1660 0.0706 0.2505 0.1546 
   HI_SS0058  6 0.0848 0.1741 0.1933 0.1236 0.1319 0.2923 
   HI_SS0060  6 0.2434 0.1582 0.0734 0.1335 0.2478 0.1437 
   HI_SS0087  6 0.2550 0.2016 0.1087 0.1303 0.1123 0.1920 
   HI_SS0091  6 0.2702 0.1227 0.0645 0.1628 0.0701 0.3097 
   HI_SS0095  6 0.1952 0.1367 0.0825 0.2754 0.1665 0.1437 
   HI_SS0097  6 0.1168 0.4194 0.0746 0.1878 0.1102 0.0913 
   HI_SS0099  6 0.1094 0.1254 0.3984 0.0874 0.1233 0.1560 
   HI_SS0103  6 0.2076 0.1250 0.1901 0.2408 0.1126 0.1239 
   HI_SS0105  6 0.3166 0.1800 0.0792 0.1099 0.1919 0.1225 
   HI_SS0107  6 0.1934 0.1539 0.2380 0.2374 0.1115 0.0657 
   HI_SS0108  6 0.1094 0.1347 0.0763 0.1602 0.1062 0.4131 
   HI_SS0110  6 0.3719 0.0949 0.1047 0.2270 0.0713 0.1301 
   HI_SS0111  6 0.2455 0.0878 0.1109 0.2531 0.1694 0.1333 
   HI_SS0112  6 0.1357 0.0878 0.1114 0.1636 0.0964 0.4051 
   HI_SS0113  6 0.2263 0.1650 0.3098 0.0978 0.1078 0.0933 
   HI_SS0114  6 0.1151 0.1689 0.0972 0.1222 0.2323 0.2644 
   HI_SS0115  6 0.0526 0.1454 0.2108 0.3109 0.1629 0.1173 
   HI_SS0116  6 0.0814 0.0935 0.2792 0.2030 0.0529 0.2900 
   HI_SS0117  6 0.2939 0.2448 0.0833 0.1067 0.0639 0.2073 
   HI_SS0118  6 0.1772 0.1966 0.1557 0.1678 0.0804 0.2224 
   HI_SS0119  6 0.3203 0.1368 0.0583 0.1700 0.1308 0.1839 
   HI_SS0120  6 0.3291 0.1077 0.2563 0.1608 0.0805 0.0654 
   HI_SS0121  6 0.4219 0.1493 0.1137 0.0519 0.1828 0.0803 
   HI_SS0122  6 0.2563 0.1061 0.1336 0.1583 0.1967 0.1489 
   HI_SS0123  6 0.2600 0.2123 0.1368 0.1492 0.0851 0.1565 
   HI_SS0124  6 0.0963 0.1052 0.3628 0.1860 0.1809 0.0688 
   HI_SS0125  6 0.1917 0.1163 0.2186 0.2275 0.1834 0.0624 
   HI_SS0126  6 0.1162 0.1020 0.2308 0.1632 0.0838 0.3040 
   HI_SS0127  6 0.0925 0.2164 0.1108 0.0916 0.3528 0.1359 
   HI_SS0128  6 0.1742 0.2227 0.2001 0.2201 0.0686 0.1142 
   HI_SS0129  6 0.1631 0.0913 0.1396 0.1743 0.1730 0.2587 
   HI_SS0131  6 0.1055 0.2216 0.1114 0.0689 0.2234 0.2692 
   HI_SS0132  6 0.2968 0.1779 0.1272 0.1374 0.1282 0.1323 
   HI_SS0133  6 0.1104 0.0938 0.1059 0.1605 0.1143 0.4151 
   HI_SS0134  6 0.1682 0.2230 0.1337 0.1590 0.1436 0.1725 
   HI_SS0142  6 0.2310 0.2254 0.0730 0.2097 0.1609 0.1000 
   HI_SS0145  6 0.1042 0.2724 0.1348 0.1990 0.1057 0.1839 
   HI_SS0146  6 0.0794 0.2484 0.1004 0.2081 0.1767 0.1870 
   HI_SS0147  6 0.1294 0.1939 0.1168 0.0840 0.3848 0.0911 
   HI_SS0149  6 0.4521 0.1582 0.1001 0.0609 0.0765 0.1523 
   HI_SS0150  6 0.1571 0.1616 0.2077 0.1556 0.2373 0.0806 
   HI_SS0151  6 0.0617 0.1172 0.1169 0.3880 0.2009 0.1154 
   NS_SS1451  6 0.1606 0.0978 0.2484 0.2183 0.2144 0.0604 
   NS_SS1404  6 0.1413 0.0989 0.1778 0.1010 0.3546 0.1266 
   NS_SS1432  6 0.3713 0.0521 0.2950 0.1134 0.0975 0.0707 
   NS_SS1405  6 0.1103 0.1056 0.3619 0.1509 0.0943 0.1770 
   NS_SS1431  6 0.3354 0.1219 0.2605 0.0936 0.1050 0.0837 
   NS_SS1402  6 0.2308 0.1291 0.1215 0.2540 0.1159 0.1486 
   NS_SS1450  6 0.1144 0.0929 0.1655 0.2168 0.1794 0.2311 
   NS_SS1396  6 0.1758 0.1496 0.1985 0.1406 0.1841 0.1514 
   NS_SS1393  6 0.1193 0.0995 0.1497 0.2862 0.1894 0.1559 
   NS_SS1392  6 0.0962 0.0630 0.2649 0.2762 0.2038 0.0960 
   NS_SS1445  6 0.1864 0.2151 0.0857 0.0826 0.1448 0.2852 
   NS_SS1423  6 0.2903 0.1034 0.1239 0.2560 0.0747 0.1517 
   NS_SS1421  6 0.2614 0.1575 0.1196 0.1604 0.1229 0.1780 
   NS_SS1411  6 0.0707 0.0899 0.1212 0.0836 0.3204 0.3143 
   NS_SS1453  6 0.3018 0.0824 0.1014 0.1606 0.1232 0.2307 
   NS_SS1442  6 0.1028 0.2870 0.1630 0.1394 0.1252 0.1826 
   NS_SS1422  6 0.1251 0.2671 0.0961 0.3447 0.0893 0.0777 
   NS_SS1419  6 0.0811 0.3919 0.1362 0.0695 0.1910 0.1303 
   NS_SS1427  6 0.1057 0.0556 0.1292 0.3423 0.0653 0.3019 
   NS_SS1444  6 0.0845 0.2284 0.2306 0.0957 0.2430 0.1178 
   NS_SS1455  6 0.1499 0.2632 0.3157 0.1199 0.0646 0.0867 
   NS_SS1425  6 0.1207 0.1812 0.0708 0.1156 0.1289 0.3828 
   NS_SS1400  6 0.0885 0.2216 0.1625 0.0621 0.1230 0.3424 
   NS_SS1406  6 0.3001 0.3104 0.1700 0.0835 0.0806 0.0554 
   NS_SS1417  6 0.1858 0.1818 0.1724 0.0888 0.1334 0.2378 
   NS_SS1454  6 0.2969 0.1036 0.1475 0.0501 0.1214 0.2805 
   NS_SS1412  6 0.1418 0.1134 0.1911 0.1344 0.2095 0.2098 
   NS_SS1438  6 0.0939 0.1898 0.0531 0.1411 0.2120 0.3100 
   NS_SS1416  6 0.1968 0.1500 0.1917 0.1251 0.1637 0.1726 
   NS_SS1401  6 0.3000 0.1567 0.1291 0.1601 0.0975 0.1565 
   NS_SS1424  6 0.3066 0.1096 0.0844 0.1516 0.1805 0.1672 
   NS_SS1435  6 0.1761 0.0716 0.2484 0.1638 0.1946 0.1456 
   NS_SS1447  6 0.1364 0.2557 0.1656 0.0855 0.2564 0.1004 
   NS_SS1414  6 0.0951 0.2215 0.2671 0.0526 0.2229 0.1407 
   NS_SS1449  6 0.2368 0.0929 0.0833 0.3767 0.1326 0.0777 
   NS_SS1443  6 0.1047 0.2014 0.0945 0.3374 0.0677 0.1942 
   NS_SS1434  6 0.0781 0.1303 0.2436 0.3572 0.0686 0.1223 
   NS_SS1398  6 0.1606 0.1127 0.3214 0.1348 0.1334 0.1371 
   NS_SS1426  6 0.1472 0.1067 0.0860 0.1750 0.1299 0.3551 
   NS_SS1413  6 0.1218 0.1873 0.2188 0.1059 0.0861 0.2801 
   NS_SS1395  6 0.2278 0.1298 0.0764 0.2468 0.1096 0.2096 
   NS_SS1448  6 0.1037 0.0927 0.1840 0.1014 0.3023 0.2159 
   NS_SS1446  6 0.1945 0.1269 0.0825 0.2558 0.1417 0.1985 
   NS_SS1403  6 0.3833 0.0905 0.1571 0.1507 0.1201 0.0983 
   NS_SS1415  6 0.1120 0.1388 0.1603 0.1372 0.1796 0.2720 
   NS_SS1437  6 0.3245 0.1433 0.1608 0.0853 0.1476 0.1385 
   NS_SS1439  6 0.1427 0.2411 0.1097 0.2285 0.1437 0.1344 
   NS_SS1441  6 0.1125 0.1875 0.2164 0.1989 0.0691 0.2155 
   NS_SS1420  6 0.0493 0.0766 0.1275 0.1568 0.5202 0.0697 
   NS_SS1394  6 0.1729 0.0950 0.2539 0.0811 0.2830 0.1141 
   NS_SS1391  6 0.1383 0.0751 0.2614 0.2254 0.0733 0.2265 
   NS_SS1410  6 0.2265 0.1360 0.1493 0.1888 0.1041 0.1954 
   NS_SS1408  6 0.2668 0.1985 0.0911 0.1536 0.1883 0.1016 
   NS_SS1409  6 0.1208 0.1194 0.2684 0.2286 0.0679 0.1949 
   HI_SS0617  7 0.0940 0.0832 0.1545 0.3449 0.1452 0.1782 
   HI_SS0618  7 0.1040 0.1411 0.2577 0.2042 0.1805 0.1126 
   HI_SS0619  7 0.1174 0.0938 0.3447 0.1260 0.1365 0.1816 
   HI_SS0620  7 0.0447 0.0754 0.0637 0.2553 0.2819 0.2790 
   HI_SS0621  7 0.1886 0.1742 0.1564 0.2135 0.1610 0.1063 
   HI_SS0622  7 0.1106 0.2849 0.1583 0.1095 0.1922 0.1446 
   HI_SS0626  7 0.1714 0.0839 0.1408 0.0717 0.3654 0.1669 
   HI_SS0627  7 0.4008 0.0925 0.1723 0.1098 0.1256 0.0989 
   HI_SS0628  7 0.2265 0.0884 0.1702 0.0938 0.1233 0.2979 
   HI_SS0629  7 0.2229 0.1560 0.1342 0.1471 0.1454 0.1944 
   HI_SS0630  7 0.0857 0.1374 0.1620 0.1837 0.2396 0.1916 
   HI_SS0631  7 0.1249 0.1173 0.1063 0.2153 0.2246 0.2115 
   HI_SS0632  7 0.1261 0.2383 0.1160 0.0789 0.2634 0.1773 
   HI_SS0633  7 0.0715 0.1270 0.3653 0.2360 0.0716 0.1287 
   HI_SS0634  7 0.2745 0.0947 0.1117 0.1224 0.2498 0.1469 
   HI_SS0635  7 0.1440 0.1922 0.2442 0.0916 0.2167 0.1113 
   HI_SS0637  7 0.1735 0.2391 0.0607 0.0892 0.2893 0.1483 
   HI_SS0638  7 0.1522 0.1425 0.2226 0.1310 0.1633 0.1885 
   HI_SS0639  7 0.1464 0.1689 0.1688 0.1940 0.2486 0.0734 
   HI_SS0640  7 0.1046 0.3289 0.1515 0.1291 0.1516 0.1342 
   HI_SS0641  7 0.0897 0.0967 0.1624 0.0928 0.2879 0.2704 
   HI_SS0642  7 0.4643 0.1015 0.1244 0.1372 0.1053 0.0672 
   HI_SS0645  7 0.0712 0.1269 0.3095 0.1070 0.3171 0.0683 
   HI_SS0646  7 0.1688 0.1557 0.1629 0.3088 0.0941 0.1098 
   HI_SS0647  7 0.2254 0.1484 0.2480 0.0948 0.1364 0.1469 
   HI_SS0648  7 0.1432 0.1986 0.1861 0.1233 0.1931 0.1558 
   HI_SS0649  7 0.1308 0.1741 0.2090 0.2259 0.1156 0.1447 
   HI_SS0650  7 0.1444 0.0923 0.2602 0.3077 0.1206 0.0748 
   HI_SS0651  7 0.1228 0.1555 0.1980 0.2307 0.1604 0.1326 
   HI_SS0652  7 0.0805 0.1046 0.2035 0.0947 0.4307 0.0859 
   NS_SS1371  7 0.2305 0.0916 0.1171 0.3576 0.0749 0.1283 
   NS_SS1374  7 0.2683 0.0616 0.1130 0.0854 0.2017 0.2700 
   NS_SS1337  7 0.2711 0.1045 0.1045 0.1132 0.3338 0.0729 
   NS_SS1385  7 0.1437 0.1968 0.2013 0.2400 0.1181 0.1002 
   NS_SS1388  7 0.1388 0.0989 0.3609 0.0878 0.0887 0.2249 
   NS_SS1370  7 0.1010 0.0901 0.0616 0.1406 0.5505 0.0562 
   NS_SS1389  7 0.1458 0.0825 0.3850 0.0741 0.1446 0.1680 
   NS_SS1360  7 0.1253 0.1819 0.1195 0.1109 0.2421 0.2203 
   NS_SS1330  7 0.1065 0.1768 0.1939 0.1713 0.2706 0.0809 
   NS_SS1328  7 0.1431 0.1218 0.1988 0.2316 0.0676 0.2371 
   NS_SS1384  7 0.1968 0.2061 0.0612 0.1842 0.1982 0.1535 
   NS_SS1381  7 0.0998 0.1581 0.2914 0.2905 0.1028 0.0574 
   NS_SS1375  7 0.1232 0.0596 0.3657 0.1896 0.1489 0.1130 
   NS_SS1319  7 0.2444 0.0901 0.1398 0.2293 0.1715 0.1249 
   NS_SS1326  7 0.1072 0.0783 0.2394 0.1423 0.0647 0.3681 
   NS_SS1341  7 0.3184 0.1812 0.0618 0.1166 0.1021 0.2200 
   NS_SS1383  7 0.3856 0.1060 0.0618 0.1508 0.1855 0.1103 
   NS_SS1318  7 0.0837 0.1750 0.1714 0.1869 0.2519 0.1312 
   NS_SS1348  7 0.1701 0.1643 0.0597 0.1723 0.1657 0.2678 
   NS_SS1363  7 0.1676 0.1899 0.1730 0.1268 0.2325 0.1102 
   NS_SS1335  7 0.1622 0.2830 0.0844 0.1097 0.1792 0.1815 
   NS_SS1358  7 0.2160 0.2717 0.0575 0.1718 0.1289 0.1541 
   NS_SS1342  7 0.3254 0.1953 0.0828 0.1714 0.0604 0.1647 
   NS_SS1320  7 0.0968 0.2114 0.4201 0.1780 0.0524 0.0413 
   NS_SS1355  7 0.1072 0.3722 0.1416 0.1379 0.1529 0.0882 
   NS_SS1345  7 0.0769 0.5415 0.0834 0.1129 0.1227 0.0626 
   NS_SS1324  7 0.1479 0.1529 0.1257 0.2170 0.1364 0.2201 
   NS_SS1347  7 0.1924 0.1450 0.1188 0.3098 0.1390 0.0951 
   NS_SS1321  7 0.3047 0.0659 0.0966 0.1368 0.1826 0.2134 
   NS_SS1333  7 0.3246 0.0475 0.1513 0.1379 0.1012 0.2375 
   NS_SS1364  7 0.1320 0.3527 0.0962 0.0522 0.0936 0.2734 
   NS_SS1379  7 0.1331 0.1803 0.2039 0.2041 0.1393 0.1394 
   NS_SS1332  7 0.1646 0.1046 0.2071 0.0916 0.0740 0.3581 
   NS_SS1338  7 0.1502 0.0915 0.0844 0.1503 0.2800 0.2436 
   NS_SS1368  7 0.1996 0.2877 0.1426 0.0599 0.0654 0.2447 
   NS_SS1354  7 0.2132 0.2202 0.1776 0.1151 0.1357 0.1382 
   NS_SS1365  7 0.1583 0.2029 0.2038 0.1374 0.1995 0.0982 
   NS_SS1380  7 0.1442 0.2691 0.2044 0.0869 0.2048 0.0906 
   NS_SS1329  7 0.3551 0.1827 0.1056 0.0861 0.0562 0.2143 
   NS_SS1362  7 0.2400 0.1567 0.1313 0.1973 0.1232 0.1515 
   NS_SS1327  7 0.1135 0.0602 0.0880 0.1538 0.1008 0.4837 
   NS_SS1350  7 0.1170 0.0549 0.1740 0.4385 0.0906 0.1249 
   NS_SS1387  7 0.1047 0.1477 0.2232 0.1076 0.2623 0.1546 
   NS_SS1369  7 0.1002 0.3104 0.0870 0.1125 0.1482 0.2416 
   NS_SS1331  7 0.2123 0.0781 0.2593 0.0715 0.1840 0.1947 
   NS_SS1357  7 0.1324 0.1075 0.2015 0.3644 0.0532 0.1411 
   NS_SS1386  7 0.2725 0.1577 0.0638 0.0682 0.0584 0.3795 
   NS_SS1353  7 0.2126 0.1054 0.3117 0.1434 0.0873 0.1396 
   NS_SS1323  7 0.2610 0.2506 0.1698 0.1141 0.1326 0.0719 
   HI_SS0296  8 0.0574 0.1518 0.1026 0.2342 0.2529 0.2011 
   HI_SS0297  8 0.3584 0.0785 0.1536 0.2303 0.0903 0.0890 
   HI_SS0299  8 0.1493 0.2396 0.0807 0.1477 0.2175 0.1652 
   HI_SS0300  8 0.0777 0.3153 0.1071 0.1271 0.2169 0.1560 
   HI_SS0301  8 0.1994 0.1691 0.0837 0.0423 0.3545 0.1509 
   HI_SS0302  8 0.0731 0.1766 0.0943 0.1180 0.3092 0.2288 
   HI_SS0303  8 0.0914 0.1256 0.2664 0.1108 0.0694 0.3364 
   HI_SS0304  8 0.1616 0.0691 0.3185 0.0718 0.1858 0.1932 
   HI_SS0306  8 0.1007 0.1245 0.1016 0.0892 0.2760 0.3080 
   HI_SS0307  8 0.1530 0.2231 0.2261 0.1308 0.1833 0.0837 
   HI_SS0308  8 0.2059 0.2159 0.1344 0.1875 0.1540 0.1022 
   HI_SS0309  8 0.1186 0.2819 0.0772 0.2429 0.2029 0.0766 
   HI_SS0310  8 0.0937 0.1783 0.3043 0.0971 0.1284 0.1981 
   HI_SS0311  8 0.1614 0.2126 0.1075 0.0857 0.2855 0.1473 
   HI_SS0314  8 0.1392 0.1137 0.3737 0.1452 0.0628 0.1654 
   HI_SS0316  8 0.1433 0.1969 0.1946 0.1211 0.1190 0.2251 
   HI_SS0317  8 0.3013 0.1024 0.0901 0.1585 0.2269 0.1209 
   HI_SS0318  8 0.2719 0.1077 0.0705 0.1360 0.1385 0.2754 
   HI_SS0319  8 0.0713 0.2452 0.0798 0.2042 0.0585 0.3409 
   HI_SS0320  8 0.3781 0.0522 0.3031 0.0676 0.1049 0.0942 
   HI_SS0321  8 0.2574 0.0725 0.0696 0.3275 0.1291 0.1440 
   HI_SS0323  8 0.0940 0.1055 0.1234 0.1863 0.2269 0.2639 
   HI_SS0325  8 0.1066 0.1492 0.0952 0.0921 0.2921 0.2649 
   HI_SS0327  8 0.1286 0.1577 0.0713 0.4853 0.0462 0.1109 
   HI_SS0329  8 0.1948 0.1328 0.2405 0.0859 0.1853 0.1607 
   HI_SS0333  8 0.1497 0.1776 0.2071 0.1705 0.1221 0.1731 
   HI_SS0334  8 0.1727 0.1854 0.0721 0.1307 0.1879 0.2512 
   HI_SS0335  8 0.1719 0.2916 0.1003 0.1837 0.1755 0.0771 
   HI_SS0339  8 0.1102 0.3344 0.1638 0.0752 0.1881 0.1283 
   HI_SS0343  8 0.2332 0.2891 0.1162 0.2021 0.0904 0.0690 
   HI_SS0344  8 0.1304 0.0916 0.0668 0.1820 0.1065 0.4227 
   HI_SS0345  8 0.1948 0.2225 0.1393 0.0535 0.2000 0.1899 
   HI_SS0346  8 0.3591 0.0722 0.1004 0.0985 0.1851 0.1847 
   HI_SS0350  8 0.0599 0.4070 0.2176 0.1262 0.1358 0.0536 
   HI_SS0351  8 0.1960 0.3596 0.0833 0.1170 0.1204 0.1238 
   HI_SS0352  8 0.2230 0.2529 0.1426 0.1515 0.1302 0.0999 
   HI_SS0362  8 0.0960 0.1202 0.1897 0.1089 0.3519 0.1333 
   HI_SS0363  8 0.0915 0.1692 0.0908 0.3933 0.0872 0.1680 
   HI_SS0365  8 0.1022 0.1601 0.1679 0.2698 0.0805 0.2194 
   HI_SS0366  8 0.0868 0.1043 0.0726 0.2608 0.1639 0.3117 
   HI_SS0367  8 0.1688 0.2063 0.3181 0.1151 0.1077 0.0839 
   HI_SS0369  8 0.1244 0.2240 0.2211 0.1274 0.2116 0.0914 
   HI_SS0370  8 0.1754 0.1074 0.1500 0.3989 0.0703 0.0980 
   HI_SS0371  8 0.1216 0.1622 0.1353 0.1043 0.1515 0.3252 
   HI_SS0373  8 0.0898 0.1534 0.2779 0.1588 0.1509 0.1692 
   HI_SS0374  8 0.1676 0.1870 0.2734 0.1164 0.1391 0.1165 
   HI_SS0377  8 0.1533 0.3632 0.0692 0.0700 0.1650 0.1794 
   HI_SS0379  8 0.1903 0.1110 0.0712 0.0800 0.0707 0.4768 
   HI_SS0380  8 0.1613 0.2318 0.1959 0.1238 0.1635 0.1237 
   HI_SS0381  8 0.2172 0.2465 0.1026 0.1370 0.2146 0.0821 
   HI_SS0384  8 0.2104 0.0606 0.1945 0.2142 0.1218 0.1986 
   HI_SS0385  8 0.1263 0.0815 0.3061 0.0415 0.1314 0.3133 
