

----------------------------------------------------
STRUCTURE by Pritchard, Stephens and Donnelly (2000)
     and Falush, Stephens and Pritchard (2003)
       Code by Pritchard, Falush and Hubisz
             Version 2.3.4 (Jul 2012)
----------------------------------------------------



Command line arguments:   /home/genobiwan/Documents/Programs/Structure/structure -m parameter_job_k4_r10 
Input File:    /media/genobiwan/Storage/Projets/Mackerel_NWA_2021/data_job_k4_r10

Run parameters:
   557 individuals
   3930 loci
   4 populations assumed
   100000 Burn-in period
   200000 Reps


--------------------------------------------
Proportion of membership of each pre-defined
 population in each of the 4 clusters

Given    Inferred Clusters              Number of
 Pop       1      2      3      4      Individuals

  1:     0.271  0.259  0.231  0.239       67
  2:     0.226  0.262  0.210  0.302       32
  3:     0.272  0.269  0.231  0.229       92
  4:     0.250  0.231  0.268  0.251       36
  5:     0.269  0.234  0.262  0.236       41
  6:     0.244  0.245  0.262  0.248      158
  7:     0.246  0.254  0.248  0.252       79
  8:     0.252  0.255  0.267  0.226       52
--------------------------------------------

Allele-freq. divergence among pops (Net nucleotide distance),
computed using point estimates of P.

      1       2       3       4      
 1      -    0.0019  0.0023  0.0021  
 2   0.0019     -    0.0026  0.0024  
 3   0.0023  0.0026     -    0.0027  
 4   0.0021  0.0024  0.0027     -    

Average distances (expected heterozygosity) between individuals in same cluster:
cluster  1  : 0.3129 
cluster  2  : 0.3121 
cluster  3  : 0.3122 
cluster  4  : 0.3142 

--------------------------------------------
Estimated Ln Prob of Data   = -2070116.4
Mean value of ln likelihood = -2063295.7
Variance of ln likelihood   = 13641.4
Mean value of alpha         = 1.9007

Mean value of Fst_1         = 0.0215
Mean value of Fst_2         = 0.0242
Mean value of Fst_3         = 0.0263
Mean value of Fst_4         = 0.0256


Inferred ancestry of individuals:
        Label (%Miss) Pop:  Inferred clusters
  1 NS_SS0963    (4)    1 :  0.445 0.203 0.153 0.199 
  2 NS_SS0983    (1)    1 :  0.189 0.176 0.490 0.145 
  3 NS_SS0719    (8)    1 :  0.259 0.288 0.247 0.206 
  4 NS_SS1001    (8)    1 :  0.155 0.316 0.134 0.395 
  5 NS_SS0936    (4)    1 :  0.372 0.117 0.142 0.369 
  6 NS_SS0955    (5)    1 :  0.356 0.199 0.313 0.132 
  7 NS_SS0944    (3)    1 :  0.325 0.211 0.244 0.220 
  8 NS_SS0945    (3)    1 :  0.162 0.204 0.293 0.342 
  9 NS_SS0922    (2)    1 :  0.201 0.268 0.120 0.411 
 10 NS_SS0929    (7)    1 :  0.300 0.195 0.319 0.185 
 11 NS_SS0956    (2)    1 :  0.151 0.482 0.118 0.249 
 12 NS_SS0906    (3)    1 :  0.368 0.195 0.273 0.164 
 13 NS_SS0721    (6)    1 :  0.162 0.465 0.206 0.167 
 14 NS_SS0982    (4)    1 :  0.397 0.258 0.167 0.178 
 15 NS_SS0923    (5)    1 :  0.279 0.279 0.177 0.265 
 16 NS_SS0905    (6)    1 :  0.218 0.333 0.243 0.205 
 17 NS_SS0925    (3)    1 :  0.353 0.254 0.110 0.282 
 18 NS_SS0947    (5)    1 :  0.338 0.188 0.166 0.308 
 19 NS_SS0926    (2)    1 :  0.250 0.194 0.437 0.119 
 20 NS_SS0918    (6)    1 :  0.400 0.323 0.129 0.148 
 21 NS_SS0966    (4)    1 :  0.397 0.225 0.172 0.205 
 22 NS_SS0938    (2)    1 :  0.253 0.164 0.139 0.443 
 23 NS_SS0917    (2)    1 :  0.174 0.195 0.364 0.267 
 24 NS_SS0957   (11)    1 :  0.215 0.424 0.196 0.165 
 25 NS_SS0987    (1)    1 :  0.158 0.546 0.198 0.098 
 26 NS_SS0717    (4)    1 :  0.187 0.338 0.137 0.338 
 27 NS_SS0986    (2)    1 :  0.209 0.361 0.299 0.131 
 28 NS_SS0953    (4)    1 :  0.322 0.263 0.138 0.277 
 29 NS_SS0907    (3)    1 :  0.467 0.159 0.224 0.150 
 30 NS_SS0974    (6)    1 :  0.344 0.134 0.236 0.287 
 31 NS_SS0989    (1)    1 :  0.174 0.131 0.432 0.264 
 32 NS_SS0991    (2)    1 :  0.286 0.330 0.302 0.082 
 33 NS_SS0994    (2)    1 :  0.119 0.092 0.544 0.244 
 34 NS_SS0931    (6)    1 :  0.214 0.293 0.376 0.117 
 35 NS_SS1000    (5)    1 :  0.311 0.186 0.151 0.352 
 36 NS_SS0919    (1)    1 :  0.463 0.143 0.279 0.115 
 37 NS_SS0949    (3)    1 :  0.194 0.169 0.391 0.246 
 38 NS_SS0960   (10)    1 :  0.305 0.279 0.295 0.121 
 39 NS_SS0716    (2)    1 :  0.088 0.523 0.133 0.256 
 40 NS_SS0924    (8)    1 :  0.368 0.218 0.269 0.145 
 41 NS_SS0935    (1)    1 :  0.162 0.318 0.380 0.141 
 42 NS_SS0952   (13)    1 :  0.344 0.157 0.359 0.140 
 43 NS_SS0962   (10)    1 :  0.275 0.285 0.159 0.281 
 44 NS_SS0973    (5)    1 :  0.439 0.171 0.187 0.203 
 45 NS_SS0722    (1)    1 :  0.209 0.154 0.109 0.528 
 46 NS_SS0979   (13)    1 :  0.295 0.384 0.148 0.173 
 47 NS_SS0993    (2)    1 :  0.329 0.239 0.111 0.321 
 48 NS_SS0958    (1)    1 :  0.197 0.218 0.365 0.220 
 49 NS_SS0988    (4)    1 :  0.385 0.222 0.278 0.114 
 50 NS_SS1003    (2)    1 :  0.384 0.405 0.096 0.114 
 51 NS_SS0976    (0)    1 :  0.302 0.183 0.352 0.164 
 52 NS_SS0964   (10)    1 :  0.177 0.315 0.106 0.402 
 53 NS_SS0939    (4)    1 :  0.077 0.460 0.099 0.365 
 54 NS_SS0990    (6)    1 :  0.156 0.282 0.320 0.242 
 55 NS_SS0984    (2)    1 :  0.190 0.255 0.105 0.450 
 56 NS_SS0980    (9)    1 :  0.391 0.118 0.129 0.362 
 57 NS_SS0978    (4)    1 :  0.315 0.152 0.171 0.361 
 58 NS_SS0951   (17)    1 :  0.186 0.422 0.288 0.103 
 59 NS_SS0913    (3)    1 :  0.161 0.408 0.153 0.278 
 60 NS_SS1002    (1)    1 :  0.560 0.127 0.123 0.189 
 61 NS_SS0948    (1)    1 :  0.305 0.271 0.258 0.166 
 62 NS_SS0916    (4)    1 :  0.150 0.189 0.252 0.410 
 63 NS_SS0995    (1)    1 :  0.178 0.305 0.173 0.345 
 64 NS_SS0927    (6)    1 :  0.180 0.153 0.352 0.314 
 65 NS_SS0992    (5)    1 :  0.283 0.103 0.225 0.389 
 66 NS_SS0912    (1)    1 :  0.196 0.425 0.269 0.109 
 67 NS_SS0981    (1)    1 :  0.384 0.337 0.148 0.131 
 68 NS_SS0729    (5)    2 :  0.256 0.072 0.421 0.251 
 69 NS_SS0967   (14)    2 :  0.509 0.161 0.146 0.183 
 70 NS_SS0941    (7)    2 :  0.169 0.217 0.177 0.437 
 71 NS_SS0768   (12)    2 :  0.302 0.348 0.185 0.165 
 72 NS_SS0726    (4)    2 :  0.265 0.087 0.288 0.361 
 73 NS_SS0763    (4)    2 :  0.230 0.147 0.358 0.265 
 74 NS_SS0730    (6)    2 :  0.203 0.331 0.154 0.313 
 75 NS_SS0774    (1)    2 :  0.295 0.163 0.113 0.428 
 76 NS_SS0723    (3)    2 :  0.387 0.230 0.091 0.292 
 77 NS_SS0940    (9)    2 :  0.115 0.263 0.286 0.336 
 78 NS_SS0762    (1)    2 :  0.155 0.275 0.082 0.489 
 79 NS_SS0766   (11)    2 :  0.090 0.281 0.233 0.396 
 80 NS_SS0724    (1)    2 :  0.298 0.358 0.141 0.202 
 81 NS_SS0769    (3)    2 :  0.295 0.272 0.227 0.206 
 82 NS_SS0777    (2)    2 :  0.216 0.308 0.339 0.137 
 83 NS_SS0734    (6)    2 :  0.131 0.358 0.262 0.249 
 84 NS_SS0737    (3)    2 :  0.124 0.163 0.096 0.617 
 85 NS_SS0732    (5)    2 :  0.230 0.495 0.127 0.149 
 86 NS_SS0728    (5)    2 :  0.150 0.240 0.189 0.421 
 87 NS_SS0735    (9)    2 :  0.189 0.257 0.151 0.403 
 88 NS_SS0725    (1)    2 :  0.201 0.219 0.144 0.437 
 89 NS_SS0788    (2)    2 :  0.358 0.219 0.221 0.203 
 90 NS_SS0778    (2)    2 :  0.270 0.254 0.320 0.156 
 91 NS_SS0792    (6)    2 :  0.211 0.320 0.257 0.212 
 92 NS_SS0943   (11)    2 :  0.369 0.199 0.324 0.108 
 93 NS_SS0791    (2)    2 :  0.089 0.304 0.287 0.321 
 94 NS_SS0790    (5)    2 :  0.317 0.435 0.066 0.182 
 95 NS_SS0731    (6)    2 :  0.159 0.487 0.163 0.191 
 96 NS_SS0727    (6)    2 :  0.106 0.102 0.310 0.482 
 97 NS_SS0779   (12)    2 :  0.223 0.300 0.241 0.236 
 98 NS_SS0776    (3)    2 :  0.177 0.245 0.205 0.372 
 99 NS_SS0775    (5)    2 :  0.132 0.286 0.117 0.465 
100 NS_SS0965    (3)    3 :  0.335 0.371 0.159 0.136 
101 NS_SS0754   (13)    3 :  0.185 0.306 0.331 0.178 
102 NS_SS0838    (5)    3 :  0.278 0.193 0.256 0.273 
103 NS_SS0839    (3)    3 :  0.246 0.291 0.102 0.361 
104 NS_SS0832    (4)    3 :  0.404 0.313 0.080 0.204 
105 NS_SS0820    (4)    3 :  0.336 0.372 0.109 0.184 
106 NS_SS0886    (9)    3 :  0.192 0.308 0.313 0.187 
107 NS_SS0748    (5)    3 :  0.306 0.248 0.303 0.143 
108 NS_SS0884    (9)    3 :  0.306 0.202 0.227 0.264 
109 NS_SS0752    (3)    3 :  0.285 0.167 0.180 0.368 
110 NS_SS0862    (1)    3 :  0.228 0.493 0.113 0.167 
111 NS_SS0787    (9)    3 :  0.178 0.143 0.569 0.110 
112 NS_SS0843    (6)    3 :  0.293 0.258 0.210 0.239 
113 NS_SS0856    (4)    3 :  0.147 0.203 0.226 0.425 
114 NS_SS0846    (2)    3 :  0.446 0.087 0.248 0.219 
115 NS_SS0825    (1)    3 :  0.347 0.253 0.244 0.155 
116 NS_SS0757    (3)    3 :  0.244 0.310 0.290 0.156 
117 NS_SS0876    (3)    3 :  0.244 0.241 0.178 0.337 
118 NS_SS0903    (9)    3 :  0.417 0.130 0.106 0.347 
119 NS_SS0875    (7)    3 :  0.165 0.382 0.233 0.220 
120 NS_SS0740    (5)    3 :  0.277 0.241 0.198 0.285 
121 NS_SS0811    (5)    3 :  0.170 0.562 0.107 0.161 
122 NS_SS0751    (1)    3 :  0.177 0.266 0.202 0.355 
123 NS_SS0891    (6)    3 :  0.216 0.248 0.198 0.338 
124 NS_SS0867    (2)    3 :  0.472 0.187 0.241 0.101 
125 NS_SS0890    (6)    3 :  0.263 0.236 0.216 0.285 
126 NS_SS0866   (11)    3 :  0.136 0.142 0.520 0.201 
127 NS_SS0755    (4)    3 :  0.336 0.307 0.177 0.180 
128 NS_SS0758    (4)    3 :  0.219 0.189 0.227 0.365 
129 NS_SS0840    (2)    3 :  0.431 0.267 0.089 0.214 
130 NS_SS0889    (4)    3 :  0.175 0.306 0.395 0.125 
131 NS_SS1010    (1)    3 :  0.431 0.218 0.198 0.154 
132 NS_SS0888    (5)    3 :  0.124 0.162 0.420 0.294 
133 NS_SS0837    (3)    3 :  0.376 0.384 0.115 0.125 
134 NS_SS0794    (9)    3 :  0.122 0.195 0.360 0.323 
135 NS_SS0823    (4)    3 :  0.369 0.168 0.119 0.343 
136 NS_SS0829    (7)    3 :  0.186 0.270 0.464 0.079 
137 NS_SS0844    (5)    3 :  0.642 0.156 0.079 0.123 
138 NS_SS1008    (5)    3 :  0.142 0.201 0.324 0.332 
139 NS_SS0881    (3)    3 :  0.227 0.284 0.284 0.205 
140 NS_SS0834    (6)    3 :  0.208 0.164 0.124 0.504 
141 NS_SS0744   (10)    3 :  0.329 0.213 0.226 0.232 
142 NS_SS0899    (7)    3 :  0.203 0.526 0.116 0.155 
143 NS_SS0804    (4)    3 :  0.320 0.366 0.086 0.228 
144 NS_SS0781   (10)    3 :  0.399 0.245 0.117 0.239 
145 NS_SS0822    (6)    3 :  0.231 0.189 0.246 0.334 
146 NS_SS1004    (4)    3 :  0.432 0.213 0.167 0.188 
147 NS_SS0746    (5)    3 :  0.393 0.145 0.230 0.231 
148 NS_SS0880    (3)    3 :  0.403 0.199 0.152 0.246 
149 NS_SS0879    (4)    3 :  0.256 0.251 0.161 0.332 
150 NS_SS0753    (2)    3 :  0.254 0.315 0.314 0.116 
151 NS_SS1007    (2)    3 :  0.160 0.143 0.197 0.500 
152 NS_SS0872    (5)    3 :  0.324 0.235 0.144 0.297 
153 NS_SS1005    (7)    3 :  0.458 0.165 0.157 0.220 
154 NS_SS0892    (6)    3 :  0.215 0.273 0.242 0.270 
155 NS_SS0898    (0)    3 :  0.226 0.296 0.281 0.198 
156 NS_SS0801    (9)    3 :  0.265 0.378 0.219 0.138 
157 NS_SS0827    (8)    3 :  0.189 0.442 0.281 0.088 
158 NS_SS0853    (6)    3 :  0.149 0.472 0.273 0.106 
159 NS_SS0780    (2)    3 :  0.230 0.340 0.154 0.275 
160 NS_SS0826   (10)    3 :  0.543 0.163 0.199 0.095 
161 NS_SS0818    (5)    3 :  0.246 0.335 0.093 0.326 
162 NS_SS0745    (1)    3 :  0.076 0.425 0.090 0.409 
163 NS_SS0849    (3)    3 :  0.222 0.521 0.162 0.095 
164 NS_SS0739    (3)    3 :  0.159 0.346 0.227 0.268 
165 NS_SS0799    (1)    3 :  0.152 0.216 0.312 0.319 
166 NS_SS0756    (2)    3 :  0.484 0.277 0.104 0.134 
167 NS_SS0802    (2)    3 :  0.267 0.140 0.305 0.288 
168 NS_SS0747    (6)    3 :  0.395 0.173 0.219 0.213 
169 NS_SS0835    (1)    3 :  0.230 0.108 0.486 0.177 
170 NS_SS0742   (18)    3 :  0.292 0.276 0.181 0.252 
171 NS_SS0760    (9)    3 :  0.182 0.172 0.463 0.183 
172 NS_SS0803    (4)    3 :  0.485 0.140 0.099 0.275 
173 NS_SS0828   (13)    3 :  0.174 0.417 0.224 0.185 
174 NS_SS0865    (2)    3 :  0.356 0.301 0.231 0.112 
175 NS_SS0759    (4)    3 :  0.209 0.355 0.116 0.321 
176 NS_SS0851    (5)    3 :  0.178 0.569 0.115 0.137 
177 NS_SS0874   (16)    3 :  0.466 0.192 0.137 0.206 
178 NS_SS0761    (6)    3 :  0.242 0.242 0.407 0.109 
179 NS_SS0842   (25)    3 :  0.234 0.232 0.307 0.227 
180 NS_SS0785    (6)    3 :  0.303 0.210 0.292 0.196 
181 NS_SS0860   (11)    3 :  0.232 0.121 0.498 0.150 
182 NS_SS0897    (7)    3 :  0.125 0.216 0.511 0.148 
183 NS_SS0841   (14)    3 :  0.215 0.429 0.107 0.249 
184 NS_SS0797    (6)    3 :  0.236 0.342 0.310 0.112 
185 NS_SS0830   (10)    3 :  0.285 0.334 0.223 0.158 
186 NS_SS1011    (5)    3 :  0.503 0.210 0.120 0.167 
187 NS_SS0883    (5)    3 :  0.192 0.383 0.281 0.144 
188 NS_SS0782    (2)    3 :  0.158 0.171 0.245 0.426 
189 NS_SS0831    (5)    3 :  0.135 0.354 0.404 0.106 
190 NS_SS0749    (7)    3 :  0.141 0.348 0.242 0.269 
191 NS_SS0854    (2)    3 :  0.186 0.167 0.238 0.409 
192 HI_SS0193    (0)    4 :  0.127 0.251 0.313 0.310 
193 HI_SS0194    (0)    4 :  0.214 0.152 0.150 0.484 
194 HI_SS0195    (9)    4 :  0.190 0.488 0.103 0.219 
195 HI_SS0196    (6)    4 :  0.155 0.167 0.250 0.427 
196 HI_SS0197    (3)    4 :  0.386 0.139 0.199 0.276 
197 HI_SS0198    (1)    4 :  0.182 0.351 0.293 0.174 
198 HI_SS0199    (1)    4 :  0.151 0.135 0.307 0.407 
199 HI_SS0201    (4)    4 :  0.290 0.187 0.442 0.082 
200 HI_SS0215    (1)    4 :  0.274 0.184 0.454 0.088 
201 HI_SS0218    (1)    4 :  0.093 0.207 0.468 0.232 
202 HI_SS0222    (0)    4 :  0.143 0.336 0.224 0.297 
203 HI_SS0230    (1)    4 :  0.337 0.323 0.206 0.135 
204 HI_SS0234    (1)    4 :  0.283 0.090 0.199 0.429 
205 HI_SS0240    (1)    4 :  0.121 0.189 0.170 0.521 
206 HI_SS0241    (0)    4 :  0.250 0.187 0.384 0.178 
207 HI_SS0242    (0)    4 :  0.293 0.242 0.242 0.223 
208 HI_SS0247    (0)    4 :  0.433 0.257 0.175 0.135 
209 HI_SS0248    (1)    4 :  0.145 0.109 0.387 0.359 
210 HI_SS0252    (2)    4 :  0.190 0.259 0.155 0.396 
211 HI_SS0254    (1)    4 :  0.338 0.173 0.285 0.204 
212 HI_SS0256    (0)    4 :  0.455 0.228 0.048 0.269 
213 HI_SS0257    (0)    4 :  0.328 0.079 0.380 0.213 
214 HI_SS0258    (1)    4 :  0.174 0.239 0.392 0.195 
215 HI_SS0259    (1)    4 :  0.219 0.225 0.159 0.396 
216 HI_SS0260    (1)    4 :  0.168 0.155 0.394 0.283 
217 HI_SS0261    (2)    4 :  0.334 0.120 0.268 0.278 
218 HI_SS0262    (0)    4 :  0.231 0.369 0.175 0.225 
219 HI_SS0264    (1)    4 :  0.260 0.380 0.185 0.175 
220 HI_SS0265    (0)    4 :  0.304 0.344 0.177 0.175 
221 HI_SS0268    (1)    4 :  0.145 0.342 0.310 0.203 
222 HI_SS0269    (1)    4 :  0.246 0.076 0.489 0.189 
223 HI_SS0273    (0)    4 :  0.400 0.154 0.309 0.136 
224 HI_SS0277    (1)    4 :  0.493 0.214 0.157 0.136 
225 HI_SS0280    (0)    4 :  0.127 0.435 0.203 0.235 
226 HI_SS0282    (1)    4 :  0.319 0.210 0.294 0.177 
227 HI_SS0286    (1)    4 :  0.200 0.335 0.290 0.175 
228 NS_SS1252    (3)    5 :  0.137 0.149 0.553 0.161 
229 NS_SS1261    (1)    5 :  0.286 0.237 0.267 0.210 
230 NS_SS1225    (9)    5 :  0.449 0.146 0.295 0.109 
231 NS_SS1266    (1)    5 :  0.539 0.199 0.084 0.178 
232 NS_SS1228    (0)    5 :  0.142 0.534 0.148 0.176 
233 NS_SS1255    (2)    5 :  0.158 0.129 0.174 0.540 
234 NS_SS1267    (3)    5 :  0.095 0.177 0.588 0.140 
235 NS_SS1238    (6)    5 :  0.190 0.352 0.266 0.192 
236 NS_SS1233    (8)    5 :  0.434 0.299 0.137 0.130 
237 NS_SS1277    (3)    5 :  0.086 0.191 0.341 0.381 
238 NS_SS1245    (1)    5 :  0.322 0.137 0.282 0.260 
239 NS_SS1240    (4)    5 :  0.124 0.109 0.604 0.164 
240 NS_SS1275    (2)    5 :  0.367 0.289 0.089 0.255 
241 NS_SS1235    (1)    5 :  0.329 0.072 0.162 0.436 
242 NS_SS1263    (1)    5 :  0.304 0.217 0.128 0.352 
243 NS_SS1251    (1)    5 :  0.435 0.186 0.151 0.228 
244 NS_SS1248    (0)    5 :  0.100 0.623 0.198 0.079 
245 NS_SS1244    (0)    5 :  0.453 0.186 0.207 0.155 
246 NS_SS1257    (0)    5 :  0.152 0.204 0.394 0.250 
247 NS_SS1242    (2)    5 :  0.264 0.256 0.133 0.347 
248 NS_SS1271    (6)    5 :  0.138 0.154 0.531 0.177 
249 NS_SS1265    (1)    5 :  0.229 0.173 0.451 0.147 
250 NS_SS1243    (0)    5 :  0.110 0.426 0.166 0.298 
251 NS_SS1273    (1)    5 :  0.223 0.285 0.113 0.379 
252 NS_SS1254   (14)    5 :  0.380 0.256 0.147 0.217 
253 NS_SS1224    (1)    5 :  0.321 0.381 0.122 0.175 
254 NS_SS1227    (8)    5 :  0.209 0.130 0.394 0.268 
255 NS_SS1274    (8)    5 :  0.185 0.236 0.326 0.253 
256 NS_SS1241    (1)    5 :  0.385 0.176 0.275 0.164 
257 NS_SS1256    (3)    5 :  0.479 0.113 0.254 0.155 
258 NS_SS1260    (8)    5 :  0.216 0.139 0.411 0.234 
259 NS_SS1262    (0)    5 :  0.377 0.226 0.276 0.121 
260 NS_SS1230    (0)    5 :  0.272 0.228 0.288 0.212 
261 NS_SS1270    (2)    5 :  0.367 0.396 0.143 0.093 
262 NS_SS1229    (2)    5 :  0.299 0.066 0.123 0.512 
263 NS_SS1246    (5)    5 :  0.194 0.114 0.381 0.311 
264 NS_SS1269    (0)    5 :  0.228 0.300 0.188 0.283 
265 NS_SS1239    (1)    5 :  0.142 0.345 0.126 0.386 
266 NS_SS1272    (4)    5 :  0.486 0.162 0.203 0.149 
267 NS_SS1268    (1)    5 :  0.269 0.485 0.128 0.118 
268 NS_SS1249    (0)    5 :  0.136 0.096 0.479 0.290 
269 HI_SS0559    (0)    6 :  0.195 0.297 0.247 0.261 
270 HI_SS0563    (1)    6 :  0.325 0.242 0.224 0.209 
271 HI_SS0564    (0)    6 :  0.274 0.267 0.191 0.267 
272 HI_SS0565    (0)    6 :  0.371 0.153 0.313 0.162 
273 HI_SS0569    (0)    6 :  0.338 0.202 0.388 0.071 
274 HI_SS0570    (0)    6 :  0.110 0.237 0.440 0.213 
275 HI_SS0572    (1)    6 :  0.257 0.125 0.135 0.483 
276 HI_SS0576    (0)    6 :  0.144 0.452 0.146 0.258 
277 HI_SS0579    (1)    6 :  0.401 0.133 0.270 0.196 
278 HI_SS0580    (1)    6 :  0.135 0.211 0.337 0.317 
279 HI_SS0581    (0)    6 :  0.277 0.388 0.118 0.217 
280 HI_SS0583    (1)    6 :  0.182 0.114 0.441 0.263 
281 HI_SS0586    (1)    6 :  0.114 0.275 0.515 0.096 
282 HI_SS0588    (1)    6 :  0.259 0.195 0.344 0.202 
283 HI_SS0595    (4)    6 :  0.288 0.137 0.354 0.220 
284 HI_SS0596    (0)    6 :  0.150 0.174 0.110 0.566 
285 HI_SS0597    (1)    6 :  0.277 0.134 0.165 0.424 
286 HI_SS0600    (0)    6 :  0.254 0.206 0.305 0.236 
287 HI_SS0601    (1)    6 :  0.456 0.217 0.243 0.084 
288 HI_SS0602    (1)    6 :  0.100 0.374 0.356 0.170 
289 HI_SS0604    (0)    6 :  0.213 0.301 0.236 0.250 
290 HI_SS0605    (1)    6 :  0.143 0.339 0.293 0.225 
291 HI_SS0608    (0)    6 :  0.124 0.354 0.218 0.303 
292 HI_SS0609    (0)    6 :  0.464 0.167 0.130 0.239 
293 HI_SS0611    (5)    6 :  0.111 0.329 0.421 0.139 
294 HI_SS0612    (1)    6 :  0.486 0.075 0.183 0.256 
295 HI_SS0613    (1)    6 :  0.187 0.484 0.218 0.111 
296 HI_SS0615    (0)    6 :  0.165 0.308 0.092 0.435 
297 HI_SS0001    (1)    6 :  0.183 0.120 0.279 0.417 
298 HI_SS0002    (1)    6 :  0.444 0.193 0.117 0.246 
299 HI_SS0004    (0)    6 :  0.098 0.235 0.367 0.301 
300 HI_SS0005    (1)    6 :  0.163 0.518 0.187 0.133 
301 HI_SS0006    (1)    6 :  0.395 0.111 0.337 0.157 
302 HI_SS0007    (1)    6 :  0.087 0.464 0.303 0.146 
303 HI_SS0008    (0)    6 :  0.335 0.306 0.191 0.168 
304 HI_SS0009    (0)    6 :  0.125 0.401 0.109 0.364 
305 HI_SS0010    (1)    6 :  0.188 0.382 0.295 0.135 
306 HI_SS0011    (1)    6 :  0.511 0.242 0.147 0.100 
307 HI_SS0012    (0)    6 :  0.349 0.261 0.122 0.268 
308 HI_SS0017    (1)    6 :  0.131 0.175 0.137 0.556 
309 HI_SS0021    (1)    6 :  0.214 0.238 0.405 0.144 
310 HI_SS0024    (1)    6 :  0.189 0.343 0.156 0.311 
311 HI_SS0025    (1)    6 :  0.182 0.285 0.142 0.391 
312 HI_SS0027    (0)    6 :  0.197 0.285 0.341 0.177 
313 HI_SS0028    (0)    6 :  0.267 0.484 0.092 0.157 
314 HI_SS0029    (1)    6 :  0.126 0.267 0.263 0.344 
315 HI_SS0030    (2)    6 :  0.270 0.215 0.247 0.269 
316 HI_SS0031    (0)    6 :  0.398 0.133 0.172 0.297 
317 HI_SS0034    (0)    6 :  0.239 0.111 0.398 0.251 
318 HI_SS0036    (0)    6 :  0.101 0.269 0.472 0.158 
319 HI_SS0037    (1)    6 :  0.147 0.270 0.472 0.111 
320 HI_SS0039    (0)    6 :  0.167 0.406 0.315 0.112 
321 HI_SS0041    (1)    6 :  0.117 0.439 0.138 0.306 
322 HI_SS0042    (1)    6 :  0.252 0.278 0.134 0.336 
323 HI_SS0043    (1)    6 :  0.195 0.169 0.531 0.105 
324 HI_SS0044    (1)    6 :  0.097 0.155 0.302 0.446 
325 HI_SS0047    (1)    6 :  0.237 0.282 0.149 0.332 
326 HI_SS0049    (0)    6 :  0.201 0.208 0.156 0.434 
327 HI_SS0051    (1)    6 :  0.303 0.414 0.176 0.108 
328 HI_SS0053    (1)    6 :  0.249 0.123 0.451 0.177 
329 HI_SS0054    (4)    6 :  0.322 0.223 0.368 0.087 
330 HI_SS0057    (0)    6 :  0.219 0.423 0.166 0.192 
331 HI_SS0058    (0)    6 :  0.222 0.211 0.371 0.196 
332 HI_SS0060    (0)    6 :  0.278 0.401 0.187 0.134 
333 HI_SS0087    (1)    6 :  0.358 0.146 0.287 0.210 
334 HI_SS0091    (0)    6 :  0.274 0.085 0.501 0.140 
335 HI_SS0095    (1)    6 :  0.312 0.185 0.266 0.237 
336 HI_SS0097    (3)    6 :  0.537 0.164 0.152 0.147 
337 HI_SS0099    (0)    6 :  0.147 0.328 0.207 0.317 
338 HI_SS0103    (0)    6 :  0.298 0.131 0.194 0.378 
339 HI_SS0105    (1)    6 :  0.418 0.239 0.216 0.127 
340 HI_SS0107    (1)    6 :  0.244 0.137 0.097 0.522 
341 HI_SS0108    (1)    6 :  0.136 0.131 0.582 0.151 
342 HI_SS0110    (0)    6 :  0.332 0.110 0.250 0.308 
343 HI_SS0111    (1)    6 :  0.214 0.286 0.232 0.268 
344 HI_SS0112    (0)    6 :  0.126 0.153 0.538 0.183 
345 HI_SS0113    (1)    6 :  0.295 0.221 0.121 0.363 
346 HI_SS0114    (1)    6 :  0.176 0.331 0.390 0.103 
347 HI_SS0115    (1)    6 :  0.150 0.234 0.220 0.397 
348 HI_SS0116    (4)    6 :  0.115 0.110 0.399 0.375 
349 HI_SS0117    (0)    6 :  0.448 0.101 0.307 0.144 
350 HI_SS0118    (0)    6 :  0.302 0.137 0.370 0.192 
351 HI_SS0119    (1)    6 :  0.384 0.181 0.310 0.125 
352 HI_SS0120    (1)    6 :  0.251 0.120 0.105 0.524 
353 HI_SS0121    (1)    6 :  0.411 0.393 0.115 0.081 
354 HI_SS0122    (2)    6 :  0.275 0.271 0.255 0.199 
355 HI_SS0123    (0)    6 :  0.430 0.131 0.221 0.219 
356 HI_SS0124    (1)    6 :  0.137 0.293 0.094 0.475 
357 HI_SS0125    (1)    6 :  0.168 0.392 0.109 0.331 
358 HI_SS0126    (0)    6 :  0.130 0.130 0.432 0.307 
359 HI_SS0127    (0)    6 :  0.226 0.474 0.196 0.104 
360 HI_SS0128    (0)    6 :  0.274 0.135 0.188 0.403 
361 HI_SS0129    (1)    6 :  0.121 0.197 0.377 0.305 
362 HI_SS0131    (2)    6 :  0.238 0.356 0.324 0.081 
363 HI_SS0132    (0)    6 :  0.333 0.282 0.218 0.167 
364 HI_SS0133    (1)    6 :  0.112 0.154 0.551 0.183 
365 HI_SS0134    (1)    6 :  0.369 0.163 0.251 0.216 
366 HI_SS0142    (3)    6 :  0.447 0.224 0.193 0.136 
367 HI_SS0145    (0)    6 :  0.320 0.137 0.265 0.278 
368 HI_SS0146    (1)    6 :  0.265 0.246 0.300 0.188 
369 HI_SS0147    (1)    6 :  0.317 0.437 0.123 0.123 
370 HI_SS0149    (1)    6 :  0.496 0.155 0.226 0.123 
371 HI_SS0150    (2)    6 :  0.182 0.395 0.123 0.299 
372 HI_SS0151    (0)    6 :  0.134 0.216 0.230 0.420 
373 NS_SS1451    (1)    6 :  0.148 0.364 0.100 0.388 
374 NS_SS1404    (0)    6 :  0.180 0.466 0.191 0.163 
375 NS_SS1432    (2)    6 :  0.166 0.264 0.147 0.423 
376 NS_SS1405    (4)    6 :  0.168 0.232 0.228 0.372 
377 NS_SS1431   (10)    6 :  0.260 0.247 0.116 0.377 
378 NS_SS1402    (3)    6 :  0.344 0.131 0.267 0.258 
379 NS_SS1450    (3)    6 :  0.117 0.202 0.332 0.350 
380 NS_SS1396    (0)    6 :  0.252 0.301 0.233 0.214 
381 NS_SS1393    (5)    6 :  0.180 0.239 0.321 0.259 
382 NS_SS1392   (10)    6 :  0.080 0.297 0.144 0.479 
383 NS_SS1445    (0)    6 :  0.278 0.202 0.402 0.118 
384 NS_SS1423    (0)    6 :  0.278 0.127 0.291 0.305 
385 NS_SS1421    (9)    6 :  0.287 0.179 0.298 0.235 
386 NS_SS1411    (6)    6 :  0.089 0.421 0.359 0.131 
387 NS_SS1453    (5)    6 :  0.258 0.214 0.367 0.160 
388 NS_SS1442    (2)    6 :  0.314 0.241 0.230 0.214 
389 NS_SS1422    (1)    6 :  0.360 0.125 0.176 0.340 
390 NS_SS1419    (1)    6 :  0.331 0.383 0.171 0.115 
391 NS_SS1427    (0)    6 :  0.069 0.095 0.451 0.384 
392 NS_SS1444    (3)    6 :  0.227 0.395 0.164 0.214 
393 NS_SS1455    (0)    6 :  0.357 0.166 0.115 0.363 
394 NS_SS1425    (2)    6 :  0.206 0.185 0.511 0.098 
395 NS_SS1400    (0)    6 :  0.246 0.240 0.394 0.120 
396 NS_SS1406    (1)    6 :  0.557 0.180 0.097 0.166 
397 NS_SS1417    (6)    6 :  0.347 0.191 0.270 0.193 
398 NS_SS1454    (2)    6 :  0.244 0.263 0.363 0.130 
399 NS_SS1412    (1)    6 :  0.193 0.254 0.311 0.242 
400 NS_SS1438    (1)    6 :  0.213 0.252 0.441 0.094 
401 NS_SS1416    (4)    6 :  0.266 0.301 0.246 0.186 
402 NS_SS1401    (0)    6 :  0.320 0.153 0.287 0.240 
403 NS_SS1424    (6)    6 :  0.335 0.191 0.271 0.203 
404 NS_SS1435    (9)    6 :  0.115 0.343 0.208 0.335 
405 NS_SS1447    (4)    6 :  0.316 0.348 0.162 0.174 
406 NS_SS1414    (3)    6 :  0.225 0.429 0.145 0.201 
407 NS_SS1449   (14)    6 :  0.248 0.191 0.178 0.384 
408 NS_SS1443    (4)    6 :  0.257 0.083 0.346 0.314 
409 NS_SS1434    (1)    6 :  0.151 0.088 0.197 0.563 
410 NS_SS1398    (1)    6 :  0.143 0.290 0.191 0.377 
411 NS_SS1426    (1)    6 :  0.182 0.163 0.476 0.179 
412 NS_SS1413    (0)    6 :  0.218 0.130 0.345 0.307 
413 NS_SS1395    (1)    6 :  0.269 0.137 0.378 0.217 
414 NS_SS1448   (10)    6 :  0.103 0.391 0.274 0.232 
415 NS_SS1446    (0)    6 :  0.248 0.150 0.382 0.219 
416 NS_SS1403    (2)    6 :  0.275 0.244 0.212 0.269 
417 NS_SS1415    (0)    6 :  0.166 0.253 0.369 0.213 
418 NS_SS1437    (4)    6 :  0.302 0.290 0.199 0.209 
419 NS_SS1439    (2)    6 :  0.418 0.146 0.231 0.205 
420 NS_SS1441    (3)    6 :  0.227 0.127 0.337 0.309 
421 NS_SS1420    (2)    6 :  0.079 0.635 0.117 0.169 
422 NS_SS1394    (2)    6 :  0.173 0.483 0.143 0.202 
423 NS_SS1391    (7)    6 :  0.140 0.107 0.312 0.441 
424 NS_SS1410    (5)    6 :  0.220 0.186 0.335 0.259 
425 NS_SS1408    (1)    6 :  0.362 0.252 0.173 0.212 
426 NS_SS1409    (1)    6 :  0.169 0.099 0.279 0.453 
427 HI_SS0617    (1)    7 :  0.146 0.174 0.297 0.383 
428 HI_SS0618    (2)    7 :  0.168 0.351 0.176 0.306 
429 HI_SS0619    (0)    7 :  0.145 0.275 0.241 0.339 
430 HI_SS0620    (1)    7 :  0.108 0.259 0.444 0.189 
431 HI_SS0621    (3)    7 :  0.300 0.238 0.160 0.301 
432 HI_SS0622    (1)    7 :  0.340 0.256 0.201 0.203 
433 HI_SS0626    (0)    7 :  0.129 0.519 0.232 0.120 
434 HI_SS0627    (0)    7 :  0.269 0.244 0.178 0.309 
435 HI_SS0628    (3)    7 :  0.143 0.253 0.399 0.205 
436 HI_SS0629    (1)    7 :  0.290 0.258 0.312 0.140 
437 HI_SS0630    (1)    7 :  0.156 0.288 0.294 0.262 
438 HI_SS0631    (0)    7 :  0.159 0.357 0.291 0.193 
439 HI_SS0632    (0)    7 :  0.213 0.429 0.212 0.145 
440 HI_SS0633    (0)    7 :  0.148 0.153 0.179 0.521 
441 HI_SS0634    (1)    7 :  0.203 0.347 0.241 0.208 
442 HI_SS0635    (0)    7 :  0.222 0.404 0.153 0.221 
443 HI_SS0637    (1)    7 :  0.383 0.276 0.235 0.106 
444 HI_SS0638    (0)    7 :  0.208 0.256 0.231 0.305 
445 HI_SS0639    (1)    7 :  0.254 0.365 0.134 0.247 
446 HI_SS0640    (1)    7 :  0.297 0.256 0.194 0.252 
447 HI_SS0641    (1)    7 :  0.121 0.391 0.384 0.104 
448 HI_SS0642    (0)    7 :  0.377 0.229 0.137 0.257 
449 HI_SS0645    (0)    7 :  0.131 0.569 0.095 0.206 
450 HI_SS0646    (1)    7 :  0.314 0.110 0.180 0.396 
451 HI_SS0647    (1)    7 :  0.256 0.212 0.196 0.336 
452 HI_SS0648    (0)    7 :  0.244 0.299 0.208 0.248 
453 HI_SS0649    (1)    7 :  0.239 0.199 0.275 0.287 
454 HI_SS0650    (1)    7 :  0.137 0.159 0.140 0.563 
455 HI_SS0651    (1)    7 :  0.281 0.237 0.204 0.278 
456 HI_SS0652    (1)    7 :  0.120 0.497 0.120 0.262 
457 NS_SS1371    (3)    7 :  0.294 0.100 0.305 0.302 
458 NS_SS1374    (0)    7 :  0.153 0.274 0.391 0.182 
459 NS_SS1337    (3)    7 :  0.274 0.373 0.124 0.230 
460 NS_SS1385    (5)    7 :  0.306 0.138 0.194 0.363 
461 NS_SS1388    (0)    7 :  0.141 0.271 0.298 0.291 
462 NS_SS1370    (1)    7 :  0.139 0.670 0.096 0.095 
463 NS_SS1389    (3)    7 :  0.121 0.385 0.203 0.291 
464 NS_SS1360    (1)    7 :  0.219 0.339 0.318 0.124 
465 NS_SS1330    (0)    7 :  0.277 0.351 0.124 0.248 
466 NS_SS1328    (8)    7 :  0.162 0.093 0.295 0.450 
467 NS_SS1384    (1)    7 :  0.374 0.218 0.267 0.142 
468 NS_SS1381    (0)    7 :  0.190 0.156 0.090 0.563 
469 NS_SS1375    (1)    7 :  0.088 0.321 0.156 0.435 
470 NS_SS1319   (10)    7 :  0.220 0.262 0.238 0.280 
471 NS_SS1326    (2)    7 :  0.097 0.139 0.443 0.321 
472 NS_SS1341    (1)    7 :  0.356 0.157 0.365 0.122 
473 NS_SS1383    (1)    7 :  0.258 0.315 0.237 0.190 
474 NS_SS1318    (3)    7 :  0.197 0.356 0.210 0.238 
475 NS_SS1348    (2)    7 :  0.264 0.166 0.431 0.139 
476 NS_SS1363    (0)    7 :  0.319 0.325 0.157 0.200 
477 NS_SS1335    (4)    7 :  0.381 0.246 0.284 0.089 
478 NS_SS1358    (0)    7 :  0.434 0.143 0.256 0.167 
479 NS_SS1342    (1)    7 :  0.443 0.085 0.301 0.171 
480 NS_SS1320    (2)    7 :  0.238 0.112 0.059 0.590 
481 NS_SS1355    (1)    7 :  0.376 0.218 0.154 0.252 
482 NS_SS1345    (1)    7 :  0.577 0.168 0.090 0.165 
483 NS_SS1324    (0)    7 :  0.202 0.259 0.348 0.191 
484 NS_SS1347    (5)    7 :  0.361 0.184 0.203 0.251 
485 NS_SS1321    (4)    7 :  0.247 0.220 0.366 0.167 
486 NS_SS1333    (0)    7 :  0.175 0.211 0.394 0.219 
487 NS_SS1364    (1)    7 :  0.408 0.154 0.320 0.117 
488 NS_SS1379    (0)    7 :  0.228 0.227 0.195 0.350 
489 NS_SS1332    (0)    7 :  0.185 0.172 0.485 0.157 
490 NS_SS1338    (5)    7 :  0.158 0.383 0.329 0.130 
491 NS_SS1368    (6)    7 :  0.375 0.128 0.358 0.140 
492 NS_SS1354    (1)    7 :  0.418 0.198 0.201 0.183 
493 NS_SS1365    (0)    7 :  0.257 0.329 0.154 0.259 
494 NS_SS1380    (1)    7 :  0.430 0.281 0.127 0.163 
495 NS_SS1329    (8)    7 :  0.455 0.086 0.306 0.154 
496 NS_SS1362    (0)    7 :  0.314 0.156 0.230 0.301 
497 NS_SS1327    (2)    7 :  0.075 0.136 0.642 0.148 
498 NS_SS1350    (0)    7 :  0.105 0.087 0.261 0.547 
499 NS_SS1387    (2)    7 :  0.157 0.488 0.212 0.144 
500 NS_SS1369    (8)    7 :  0.306 0.223 0.328 0.143 
501 NS_SS1331    (1)    7 :  0.149 0.399 0.270 0.182 
502 NS_SS1357    (4)    7 :  0.119 0.077 0.236 0.568 
503 NS_SS1386    (1)    7 :  0.308 0.090 0.492 0.109 
504 NS_SS1353    (2)    7 :  0.204 0.154 0.200 0.442 
505 NS_SS1323    (0)    7 :  0.410 0.201 0.111 0.277 
506 HI_SS0296    (0)    8 :  0.118 0.352 0.316 0.214 
507 HI_SS0297    (0)    8 :  0.218 0.178 0.164 0.440 
508 HI_SS0299    (0)    8 :  0.317 0.239 0.262 0.182 
509 HI_SS0300    (0)    8 :  0.221 0.338 0.234 0.207 
510 HI_SS0301    (0)    8 :  0.239 0.506 0.187 0.067 
511 HI_SS0302    (0)    8 :  0.164 0.421 0.299 0.116 
512 HI_SS0303    (0)    8 :  0.164 0.124 0.403 0.309 
513 HI_SS0304    (0)    8 :  0.116 0.370 0.213 0.301 
514 HI_SS0306    (5)    8 :  0.147 0.318 0.382 0.153 
515 HI_SS0307    (1)    8 :  0.325 0.267 0.148 0.260 
516 HI_SS0308    (1)    8 :  0.337 0.345 0.169 0.149 
517 HI_SS0309    (0)    8 :  0.472 0.228 0.153 0.147 
518 HI_SS0310    (0)    8 :  0.182 0.274 0.238 0.307 
519 HI_SS0311    (3)    8 :  0.245 0.402 0.206 0.147 
520 HI_SS0314    (0)    8 :  0.191 0.164 0.219 0.426 
521 HI_SS0316    (1)    8 :  0.244 0.208 0.331 0.217 
522 HI_SS0317    (3)    8 :  0.287 0.322 0.201 0.190 
523 HI_SS0318    (1)    8 :  0.207 0.209 0.447 0.136 
524 HI_SS0319    (0)    8 :  0.200 0.091 0.539 0.169 
525 HI_SS0320    (3)    8 :  0.178 0.318 0.164 0.340 
526 HI_SS0321    (0)    8 :  0.236 0.173 0.322 0.269 
527 HI_SS0323    (1)    8 :  0.144 0.267 0.379 0.210 
528 HI_SS0325    (2)    8 :  0.176 0.351 0.347 0.126 
529 HI_SS0327    (1)    8 :  0.267 0.063 0.291 0.379 
530 HI_SS0329    (1)    8 :  0.185 0.379 0.201 0.235 
531 HI_SS0333    (1)    8 :  0.207 0.248 0.282 0.262 
532 HI_SS0334    (1)    8 :  0.283 0.192 0.379 0.145 
533 HI_SS0335    (1)    8 :  0.495 0.187 0.118 0.200 
534 HI_SS0339    (0)    8 :  0.311 0.345 0.157 0.187 
535 HI_SS0343    (2)    8 :  0.481 0.127 0.121 0.272 
536 HI_SS0344    (1)    8 :  0.133 0.121 0.600 0.146 
537 HI_SS0345    (3)    8 :  0.321 0.341 0.211 0.127 
538 HI_SS0346    (0)    8 :  0.219 0.295 0.304 0.182 
539 HI_SS0350    (1)    8 :  0.482 0.256 0.079 0.184 
540 HI_SS0351    (0)    8 :  0.560 0.128 0.182 0.130 
541 HI_SS0352    (3)    8 :  0.370 0.228 0.164 0.239 
542 HI_SS0362    (0)    8 :  0.159 0.501 0.186 0.154 
543 HI_SS0363    (1)    8 :  0.225 0.119 0.368 0.287 
544 HI_SS0365    (0)    8 :  0.254 0.134 0.353 0.259 
545 HI_SS0366    (0)    8 :  0.170 0.159 0.492 0.179 
546 HI_SS0367    (1)    8 :  0.312 0.239 0.137 0.313 
547 HI_SS0369    (1)    8 :  0.214 0.381 0.139 0.266 
548 HI_SS0370    (0)    8 :  0.189 0.093 0.190 0.528 
549 HI_SS0371    (4)    8 :  0.134 0.308 0.411 0.146 
550 HI_SS0373    (3)    8 :  0.160 0.287 0.235 0.318 
551 HI_SS0374    (0)    8 :  0.262 0.253 0.172 0.313 
552 HI_SS0377    (0)    8 :  0.471 0.194 0.232 0.103 
553 HI_SS0379    (1)    8 :  0.190 0.100 0.625 0.085 
554 HI_SS0380    (1)    8 :  0.323 0.246 0.172 0.259 
555 HI_SS0381    (2)    8 :  0.382 0.332 0.130 0.156 
556 HI_SS0384    (3)    8 :  0.115 0.165 0.325 0.395 
557 HI_SS0385    (1)    8 :  0.102 0.389 0.313 0.196 


Estimated Allele Frequencies in each cluster
First column gives estimated ancestral frequencies


Locus 1 : 
2 alleles
3.4% missing data
   1   (0.736) 0.761 0.704 0.726 0.763 
   2   (0.264) 0.239 0.296 0.274 0.237 

Locus 2 : 
2 alleles
4.3% missing data
   1   (0.885) 0.884 0.908 0.910 0.856 
   2   (0.115) 0.116 0.092 0.090 0.144 

Locus 3 : 
2 alleles
3.9% missing data
   1   (0.862) 0.885 0.861 0.865 0.858 
   2   (0.138) 0.115 0.139 0.135 0.142 

Locus 4 : 
2 alleles
2.7% missing data
   1   (0.886) 0.875 0.882 0.901 0.911 
   2   (0.114) 0.125 0.118 0.099 0.089 

Locus 5 : 
2 alleles
2.7% missing data
   1   (0.822) 0.851 0.830 0.806 0.812 
   2   (0.178) 0.149 0.170 0.194 0.188 

Locus 6 : 
2 alleles
3.2% missing data
   1   (0.791) 0.797 0.819 0.758 0.802 
   2   (0.209) 0.203 0.181 0.242 0.198 

Locus 7 : 
2 alleles
3.8% missing data
   1   (0.803) 0.810 0.789 0.789 0.842 
   2   (0.197) 0.190 0.211 0.211 0.158 

Locus 8 : 
2 alleles
4.8% missing data
   1   (0.704) 0.724 0.727 0.693 0.683 
   2   (0.296) 0.276 0.273 0.307 0.317 

Locus 9 : 
2 alleles
3.1% missing data
   1   (0.791) 0.808 0.814 0.756 0.801 
   2   (0.209) 0.192 0.186 0.244 0.199 

Locus 10 : 
2 alleles
4.7% missing data
   1   (0.888) 0.878 0.894 0.881 0.924 
   2   (0.112) 0.122 0.106 0.119 0.076 

Locus 11 : 
2 alleles
3.2% missing data
   1   (0.863) 0.890 0.856 0.826 0.891 
   2   (0.137) 0.110 0.144 0.174 0.109 

Locus 12 : 
2 alleles
4.8% missing data
   1   (0.730) 0.738 0.745 0.744 0.706 
   2   (0.270) 0.262 0.255 0.256 0.294 

Locus 13 : 
2 alleles
4.7% missing data
   1   (0.884) 0.893 0.885 0.879 0.906 
   2   (0.116) 0.107 0.115 0.121 0.094 

Locus 14 : 
2 alleles
3.9% missing data
   1   (0.874) 0.869 0.880 0.868 0.905 
   2   (0.126) 0.131 0.120 0.132 0.095 

Locus 15 : 
2 alleles
3.9% missing data
   1   (0.505) 0.498 0.512 0.530 0.482 
   2   (0.495) 0.502 0.488 0.470 0.518 

Locus 16 : 
2 alleles
4.3% missing data
   1   (0.607) 0.593 0.685 0.566 0.586 
   2   (0.393) 0.407 0.315 0.434 0.414 

Locus 17 : 
2 alleles
4.1% missing data
   1   (0.773) 0.784 0.798 0.764 0.760 
   2   (0.227) 0.216 0.202 0.236 0.240 

Locus 18 : 
2 alleles
2.3% missing data
   1   (0.892) 0.880 0.901 0.919 0.896 
   2   (0.108) 0.120 0.099 0.081 0.104 

Locus 19 : 
2 alleles
4.3% missing data
   1   (0.710) 0.711 0.748 0.692 0.699 
   2   (0.290) 0.289 0.252 0.308 0.301 

Locus 20 : 
2 alleles
3.2% missing data
   1   (0.884) 0.824 0.916 0.907 0.905 
   2   (0.116) 0.176 0.084 0.093 0.095 

Locus 21 : 
2 alleles
3.4% missing data
   1   (0.561) 0.626 0.569 0.474 0.561 
   2   (0.439) 0.374 0.431 0.526 0.439 

Locus 22 : 
2 alleles
4.8% missing data
   1   (0.853) 0.875 0.858 0.848 0.852 
   2   (0.147) 0.125 0.142 0.152 0.148 

Locus 23 : 
2 alleles
4.3% missing data
   1   (0.882) 0.918 0.887 0.888 0.848 
   2   (0.118) 0.082 0.113 0.112 0.152 

Locus 24 : 
2 alleles
3.2% missing data
   1   (0.542) 0.544 0.572 0.538 0.515 
   2   (0.458) 0.456 0.428 0.462 0.485 

Locus 25 : 
2 alleles
4.3% missing data
   2   (0.469) 0.428 0.467 0.489 0.502 
   1   (0.531) 0.572 0.533 0.511 0.498 

Locus 26 : 
2 alleles
4.3% missing data
   1   (0.839) 0.837 0.855 0.864 0.822 
   2   (0.161) 0.163 0.145 0.136 0.178 

Locus 27 : 
2 alleles
2.2% missing data
   1   (0.600) 0.586 0.610 0.636 0.578 
   2   (0.400) 0.414 0.390 0.364 0.422 

Locus 28 : 
2 alleles
4.1% missing data
   1   (0.861) 0.812 0.873 0.879 0.901 
   2   (0.139) 0.188 0.127 0.121 0.099 

Locus 29 : 
2 alleles
1.8% missing data
   1   (0.879) 0.902 0.871 0.885 0.881 
   2   (0.121) 0.098 0.129 0.115 0.119 

Locus 30 : 
2 alleles
4.5% missing data
   1   (0.865) 0.862 0.879 0.878 0.865 
   2   (0.135) 0.138 0.121 0.122 0.135 

Locus 31 : 
2 alleles
4.3% missing data
   1   (0.787) 0.745 0.806 0.799 0.820 
   2   (0.213) 0.255 0.194 0.201 0.180 

Locus 32 : 
2 alleles
2.0% missing data
   1   (0.734) 0.702 0.772 0.743 0.738 
   2   (0.266) 0.298 0.228 0.257 0.262 

Locus 33 : 
2 alleles
3.6% missing data
   1   (0.760) 0.735 0.772 0.737 0.814 
   2   (0.240) 0.265 0.228 0.263 0.186 

Locus 34 : 
2 alleles
3.6% missing data
   1   (0.809) 0.817 0.774 0.835 0.831 
   2   (0.191) 0.183 0.226 0.165 0.169 

Locus 35 : 
2 alleles
3.8% missing data
   1   (0.865) 0.854 0.851 0.899 0.883 
   2   (0.135) 0.146 0.149 0.101 0.117 

Locus 36 : 
2 alleles
2.9% missing data
   1   (0.756) 0.779 0.749 0.755 0.756 
   2   (0.244) 0.221 0.251 0.245 0.244 

Locus 37 : 
2 alleles
2.2% missing data
   1   (0.742) 0.781 0.732 0.717 0.743 
   2   (0.258) 0.219 0.268 0.283 0.257 

Locus 38 : 
2 alleles
1.4% missing data
   1   (0.870) 0.902 0.877 0.825 0.886 
   2   (0.130) 0.098 0.123 0.175 0.114 

Locus 39 : 
2 alleles
3.2% missing data
   1   (0.703) 0.697 0.675 0.753 0.702 
   2   (0.297) 0.303 0.325 0.247 0.298 

Locus 40 : 
2 alleles
3.8% missing data
   1   (0.572) 0.566 0.561 0.543 0.622 
   2   (0.428) 0.434 0.439 0.457 0.378 

Locus 41 : 
2 alleles
3.4% missing data
   1   (0.879) 0.861 0.915 0.885 0.879 
   2   (0.121) 0.139 0.085 0.115 0.121 

Locus 42 : 
2 alleles
4.5% missing data
   2   (0.235) 0.268 0.210 0.155 0.300 
   1   (0.765) 0.732 0.790 0.845 0.700 

Locus 43 : 
2 alleles
2.0% missing data
   1   (0.817) 0.819 0.821 0.816 0.834 
   2   (0.183) 0.181 0.179 0.184 0.166 

Locus 44 : 
2 alleles
4.7% missing data
   1   (0.582) 0.589 0.587 0.573 0.586 
   2   (0.418) 0.411 0.413 0.427 0.414 

Locus 45 : 
2 alleles
3.2% missing data
   1   (0.869) 0.840 0.902 0.878 0.881 
   2   (0.131) 0.160 0.098 0.122 0.119 

Locus 46 : 
2 alleles
2.3% missing data
   1   (0.779) 0.811 0.788 0.798 0.725 
   2   (0.221) 0.189 0.212 0.202 0.275 

Locus 47 : 
2 alleles
4.5% missing data
   1   (0.884) 0.897 0.893 0.896 0.873 
   2   (0.116) 0.103 0.107 0.104 0.127 

Locus 48 : 
2 alleles
4.5% missing data
   1   (0.814) 0.848 0.808 0.815 0.799 
   2   (0.186) 0.152 0.192 0.185 0.201 

Locus 49 : 
2 alleles
4.5% missing data
   1   (0.816) 0.777 0.864 0.840 0.803 
   2   (0.184) 0.223 0.136 0.160 0.197 

Locus 50 : 
2 alleles
3.4% missing data
   1   (0.658) 0.702 0.620 0.657 0.654 
   2   (0.342) 0.298 0.380 0.343 0.346 

Locus 51 : 
2 alleles
1.4% missing data
   1   (0.601) 0.635 0.576 0.613 0.583 
   2   (0.399) 0.365 0.424 0.387 0.417 

Locus 52 : 
2 alleles
4.1% missing data
   1   (0.657) 0.672 0.658 0.668 0.641 
   2   (0.343) 0.328 0.342 0.332 0.359 

Locus 53 : 
2 alleles
4.5% missing data
   1   (0.852) 0.885 0.835 0.815 0.880 
   2   (0.148) 0.115 0.165 0.185 0.120 

Locus 54 : 
2 alleles
3.8% missing data
   1   (0.862) 0.841 0.883 0.888 0.863 
   2   (0.138) 0.159 0.117 0.112 0.137 

Locus 55 : 
2 alleles
3.2% missing data
   1   (0.881) 0.899 0.908 0.889 0.843 
   2   (0.119) 0.101 0.092 0.111 0.157 

Locus 56 : 
2 alleles
3.2% missing data
   1   (0.797) 0.833 0.790 0.810 0.766 
   2   (0.203) 0.167 0.210 0.190 0.234 

Locus 57 : 
2 alleles
4.5% missing data
   1   (0.662) 0.680 0.630 0.683 0.664 
   2   (0.338) 0.320 0.370 0.317 0.336 

Locus 58 : 
2 alleles
4.1% missing data
   1   (0.840) 0.878 0.801 0.859 0.829 
   2   (0.160) 0.122 0.199 0.141 0.171 

Locus 59 : 
2 alleles
4.8% missing data
   1   (0.816) 0.797 0.815 0.861 0.816 
   2   (0.184) 0.203 0.185 0.139 0.184 

Locus 60 : 
2 alleles
2.5% missing data
   1   (0.858) 0.874 0.847 0.844 0.886 
   2   (0.142) 0.126 0.153 0.156 0.114 

Locus 61 : 
2 alleles
3.9% missing data
   1   (0.776) 0.759 0.809 0.772 0.783 
   2   (0.224) 0.241 0.191 0.228 0.217 

Locus 62 : 
2 alleles
2.0% missing data
   1   (0.840) 0.853 0.868 0.794 0.860 
   2   (0.160) 0.147 0.132 0.206 0.140 

Locus 63 : 
2 alleles
4.1% missing data
   1   (0.756) 0.779 0.763 0.740 0.756 
   2   (0.244) 0.221 0.237 0.260 0.244 

Locus 64 : 
2 alleles
3.2% missing data
   1   (0.871) 0.899 0.846 0.901 0.853 
