   NS_SS0963  1 0.1648 0.1400 0.2898 0.1107 0.2946 
   NS_SS0983  1 0.1602 0.0899 0.2284 0.3532 0.1684 
   NS_SS0719  1 0.2364 0.1594 0.1387 0.1844 0.2811 
   NS_SS1001  1 0.2543 0.3439 0.2072 0.1163 0.0783 
   NS_SS0936  1 0.0838 0.2758 0.2759 0.1152 0.2493 
   NS_SS0955  1 0.2002 0.0902 0.2814 0.2404 0.1878 
   NS_SS0944  1 0.1677 0.1787 0.3342 0.2058 0.1136 
   NS_SS0945  1 0.1380 0.3086 0.1902 0.2232 0.1400 
   NS_SS0922  1 0.2006 0.3473 0.1336 0.1117 0.2069 
   NS_SS0929  1 0.1478 0.1154 0.2559 0.2582 0.2227 
   NS_SS0956  1 0.4267 0.2265 0.1388 0.1017 0.1062 
   NS_SS0906  1 0.1434 0.1204 0.3451 0.2101 0.1810 
   NS_SS0721  1 0.4284 0.1193 0.1242 0.1394 0.1887 
   NS_SS0982  1 0.2185 0.1472 0.2386 0.1175 0.2782 
   NS_SS0923  1 0.1968 0.2348 0.2263 0.1446 0.1974 
   NS_SS0905  1 0.2288 0.1781 0.2672 0.1857 0.1402 
   NS_SS0925  1 0.2093 0.1948 0.3573 0.0911 0.1476 
   NS_SS0947  1 0.1247 0.2597 0.2865 0.1395 0.1897 
   NS_SS0926  1 0.1323 0.0734 0.1429 0.3133 0.3382 
   NS_SS0918  1 0.2197 0.1359 0.4008 0.0847 0.1589 
   NS_SS0966  1 0.1468 0.1693 0.3281 0.1260 0.2299 
   NS_SS0938  1 0.1109 0.2712 0.1192 0.1082 0.3906 
   NS_SS0917  1 0.1514 0.1852 0.0820 0.2967 0.2848 
   NS_SS0957  1 0.3640 0.1466 0.1502 0.1611 0.1782 
   NS_SS0987  1 0.4583 0.0961 0.1720 0.1406 0.1330 
   NS_SS0717  1 0.2588 0.3259 0.2200 0.1053 0.0900 
   NS_SS0986  1 0.2870 0.1105 0.1917 0.2008 0.2101 
   NS_SS0953  1 0.1734 0.2618 0.3735 0.1078 0.0834 
   NS_SS0907  1 0.1144 0.1129 0.4251 0.1755 0.1722 
   NS_SS0974  1 0.0935 0.2495 0.2888 0.2018 0.1664 
   NS_SS0989  1 0.1030 0.1500 0.0867 0.3717 0.2886 
   NS_SS0991  1 0.3040 0.0636 0.3459 0.1948 0.0916 
   NS_SS0994  1 0.0865 0.1988 0.1160 0.4891 0.1096 
   NS_SS0931  1 0.2253 0.0781 0.2072 0.2723 0.2171 
   NS_SS1000  1 0.1217 0.3387 0.2389 0.1147 0.1860 
   NS_SS0919  1 0.1007 0.0790 0.2441 0.1793 0.3968 
   NS_SS0949  1 0.1827 0.1586 0.1213 0.2913 0.2462 
   NS_SS0960  1 0.2355 0.1012 0.2372 0.2449 0.1811 
   NS_SS0716  1 0.3838 0.3102 0.0697 0.1049 0.1314 
   NS_SS0924  1 0.1989 0.1010 0.2702 0.2138 0.2161 
   NS_SS0935  1 0.2770 0.1152 0.2048 0.3100 0.0930 
   NS_SS0952  1 0.1255 0.1061 0.2926 0.2690 0.2069 
   NS_SS0962  1 0.1896 0.2172 0.1254 0.0947 0.3730 
   NS_SS0973  1 0.1521 0.1581 0.3851 0.1584 0.1463 
   NS_SS0722  1 0.0970 0.4714 0.2683 0.0902 0.0731 
   NS_SS0979  1 0.3001 0.1542 0.2155 0.1064 0.2238 
   NS_SS0993  1 0.1861 0.2369 0.3210 0.0810 0.1749 
   NS_SS0958  1 0.1706 0.1895 0.1756 0.3015 0.1628 
   NS_SS0988  1 0.1480 0.0884 0.2110 0.1708 0.3817 
   NS_SS1003  1 0.2786 0.0699 0.1357 0.0599 0.4559 
   NS_SS0976  1 0.1470 0.0934 0.2428 0.2586 0.2582 
   NS_SS0964  1 0.2608 0.4005 0.1449 0.1029 0.0910 
   NS_SS0939  1 0.3558 0.3509 0.0562 0.0861 0.1511 
   NS_SS0990  1 0.1900 0.2137 0.0775 0.2352 0.2836 
   NS_SS0984  1 0.1637 0.3782 0.1583 0.0937 0.2061 
   NS_SS0980  1 0.0896 0.3238 0.3380 0.1211 0.1276 
   NS_SS0978  1 0.1116 0.3090 0.2074 0.1464 0.2256 
   NS_SS0951  1 0.3536 0.0881 0.2640 0.1995 0.0948 
   NS_SS0913  1 0.3266 0.2486 0.1678 0.1359 0.1212 
   NS_SS1002  1 0.0712 0.1195 0.2157 0.0807 0.5129 
   NS_SS0948  1 0.1923 0.1090 0.2920 0.1820 0.2246 
   NS_SS0916  1 0.1505 0.2464 0.1160 0.2456 0.2415 
   NS_SS0995  1 0.2180 0.2617 0.1534 0.1573 0.2097 
   NS_SS0927  1 0.1097 0.2289 0.1208 0.2892 0.2514 
   NS_SS0992  1 0.0786 0.2833 0.1482 0.2416 0.2483 
   NS_SS0912  1 0.3482 0.0899 0.1686 0.1870 0.2063 
   NS_SS0981  1 0.2524 0.0969 0.2515 0.1001 0.2990 
   NS_SS0729  2 0.0621 0.1510 0.2662 0.4022 0.1186 
   NS_SS0967  2 0.1175 0.1453 0.2881 0.1007 0.3483 
   NS_SS0941  2 0.1850 0.3314 0.1299 0.1533 0.2005 
   NS_SS0768  2 0.3057 0.1554 0.2244 0.1349 0.1796 
   NS_SS0726  2 0.0762 0.2145 0.1628 0.2811 0.2655 
   NS_SS0763  2 0.1345 0.2029 0.1947 0.3053 0.1627 
   NS_SS0730  2 0.2136 0.2550 0.1433 0.1179 0.2702 
   NS_SS0774  2 0.1083 0.3998 0.2163 0.0987 0.1769 
   NS_SS0723  2 0.1694 0.2358 0.2417 0.0717 0.2814 
   NS_SS0940  2 0.2086 0.2452 0.1005 0.2405 0.2052 
   NS_SS0762  2 0.1854 0.4481 0.1994 0.0752 0.0919 
   NS_SS0766  2 0.2405 0.3528 0.0864 0.2119 0.1085 
   NS_SS0724  2 0.2909 0.1894 0.2982 0.1084 0.1131 
   NS_SS0769  2 0.1932 0.1823 0.1600 0.1623 0.3021 
   NS_SS0777  2 0.2287 0.1032 0.2233 0.2352 0.2096 
   NS_SS0734  2 0.3059 0.2117 0.1286 0.2111 0.1427 
   NS_SS0737  2 0.1408 0.5268 0.1130 0.0930 0.1263 
   NS_SS0732  2 0.4210 0.1291 0.2245 0.1013 0.1241 
   NS_SS0728  2 0.2247 0.3136 0.1550 0.1751 0.1315 
   NS_SS0735  2 0.2354 0.3482 0.2213 0.1220 0.0731 
   NS_SS0725  2 0.1820 0.3861 0.1287 0.1160 0.1873 
   NS_SS0788  2 0.1551 0.1418 0.1349 0.1379 0.4304 
   NS_SS0778  2 0.2020 0.1070 0.1446 0.2089 0.3375 
   NS_SS0792  2 0.2996 0.1370 0.2049 0.2392 0.1194 
   NS_SS0943  2 0.1926 0.0889 0.3395 0.2781 0.1009 
   NS_SS0791  2 0.2830 0.2158 0.1006 0.2802 0.1205 
   NS_SS0790  2 0.3492 0.2108 0.2812 0.0503 0.1086 
   NS_SS0731  2 0.4102 0.1991 0.1503 0.1049 0.1355 
   NS_SS0727  2 0.0902 0.3908 0.1226 0.3286 0.0678 
   NS_SS0779  2 0.2331 0.1864 0.2115 0.1552 0.2137 
   NS_SS0776  2 0.1772 0.3450 0.1249 0.1736 0.1792 
   NS_SS0775  2 0.2195 0.4357 0.1183 0.1066 0.1199 
   NS_SS0965  3 0.3171 0.1032 0.2508 0.1215 0.2074 
   NS_SS0754  3 0.2954 0.1181 0.1458 0.2976 0.1431 
   NS_SS0838  3 0.1474 0.2209 0.2219 0.1989 0.2110 
   NS_SS0839  3 0.2168 0.3206 0.1618 0.0937 0.2071 
   NS_SS0832  3 0.2448 0.1743 0.3527 0.0608 0.1675 
   NS_SS0820  3 0.2756 0.1507 0.1918 0.0692 0.3127 
   NS_SS0886  3 0.2553 0.1468 0.1380 0.2658 0.1942 
   NS_SS0748  3 0.1834 0.1042 0.3130 0.2062 0.1932 
   NS_SS0884  3 0.1783 0.2103 0.2327 0.1998 0.1788 
   NS_SS0752  3 0.1383 0.3209 0.2055 0.1554 0.1799 
   NS_SS0862  3 0.4268 0.1286 0.2465 0.0836 0.1145 
   NS_SS0787  3 0.1445 0.0989 0.1463 0.4651 0.1453 
   NS_SS0843  3 0.2145 0.2055 0.2634 0.1637 0.1530 
   NS_SS0856  3 0.1392 0.3458 0.0750 0.1897 0.2502 
   NS_SS0846  3 0.0696 0.1733 0.3282 0.1833 0.2457 
   NS_SS0825  3 0.2250 0.0946 0.1581 0.1596 0.3628 
   NS_SS0757  3 0.2816 0.1263 0.2500 0.2082 0.1340 
   NS_SS0876  3 0.1981 0.2863 0.2280 0.1526 0.1351 
   NS_SS0903  3 0.0900 0.2915 0.3429 0.0874 0.1881 
   NS_SS0875  3 0.2482 0.2111 0.1411 0.1504 0.2492 
   NS_SS0740  3 0.1957 0.2364 0.2734 0.1632 0.1314 
   NS_SS0811  3 0.4544 0.1692 0.1870 0.0953 0.0941 
   NS_SS0751  3 0.1677 0.2762 0.1025 0.1372 0.3165 
   NS_SS0891  3 0.1789 0.2833 0.1439 0.1681 0.2259 
   NS_SS0867  3 0.1826 0.0654 0.3905 0.1797 0.1819 
   NS_SS0890  3 0.1764 0.1892 0.2482 0.1775 0.2087 
   NS_SS0866  3 0.1298 0.1483 0.1114 0.4739 0.1365 
   NS_SS0755  3 0.2440 0.1513 0.2648 0.1568 0.1831 
   NS_SS0758  3 0.1492 0.2758 0.2266 0.1898 0.1585 
   NS_SS0840  3 0.1963 0.1937 0.2779 0.0686 0.2635 
   NS_SS0889  3 0.2706 0.1031 0.1645 0.3426 0.1192 
   NS_SS1010  3 0.1473 0.1419 0.2026 0.1465 0.3617 
   NS_SS0888  3 0.1602 0.2129 0.1123 0.4377 0.0770 
   NS_SS0837  3 0.3352 0.1204 0.3186 0.0918 0.1340 
   NS_SS0794  3 0.1635 0.2665 0.1334 0.3554 0.0813 
   NS_SS0823  3 0.1116 0.2710 0.3779 0.0905 0.1489 
   NS_SS0829  3 0.2429 0.0632 0.2618 0.3427 0.0894 
   NS_SS0844  3 0.1208 0.0921 0.5859 0.0669 0.1342 
   NS_SS1008  3 0.1556 0.3101 0.1447 0.3011 0.0884 
   NS_SS0881  3 0.1722 0.1354 0.1117 0.2005 0.3802 
   NS_SS0834  3 0.1208 0.4201 0.1515 0.1030 0.2045 
   NS_SS0744  3 0.1933 0.1473 0.2241 0.1928 0.2426 
   NS_SS0899  3 0.3990 0.1729 0.2554 0.0770 0.0956 
   NS_SS0804  3 0.2874 0.1794 0.2702 0.0601 0.2029 
   NS_SS0781  3 0.1532 0.1926 0.2648 0.0777 0.3116 
   NS_SS0822  3 0.1579 0.2616 0.2965 0.1983 0.0857 
   NS_SS1004  3 0.1880 0.1500 0.3430 0.1324 0.1866 
   NS_SS0746  3 0.1054 0.1633 0.3930 0.1738 0.1646 
   NS_SS0880  3 0.1662 0.2192 0.3013 0.1115 0.2019 
   NS_SS0879  3 0.2017 0.2967 0.2206 0.1451 0.1359 
   NS_SS0753  3 0.2705 0.0924 0.2795 0.2525 0.1051 
   NS_SS1007  3 0.0927 0.3555 0.0862 0.1606 0.3050 
   NS_SS0872  3 0.1712 0.2436 0.2169 0.1267 0.2415 
   NS_SS1005  3 0.1153 0.1976 0.3585 0.1012 0.2274 
   NS_SS0892  3 0.2197 0.2127 0.1910 0.1881 0.1884 
   NS_SS0898  3 0.2422 0.1502 0.1999 0.2392 0.1686 
   NS_SS0801  3 0.2904 0.1255 0.2882 0.1544 0.1415 
   NS_SS0827  3 0.3614 0.0905 0.1376 0.1963 0.2142 
   NS_SS0853  3 0.3972 0.1144 0.1587 0.2302 0.0995 
   NS_SS0780  3 0.2547 0.2047 0.1602 0.1076 0.2729 
   NS_SS0826  3 0.1181 0.0708 0.2963 0.1268 0.3880 
   NS_SS0818  3 0.2349 0.2715 0.1640 0.0709 0.2587 
   NS_SS0745  3 0.3113 0.4405 0.0532 0.0703 0.1247 
   NS_SS0849  3 0.4703 0.0806 0.1675 0.0944 0.1871 
   NS_SS0739  3 0.2559 0.1844 0.0819 0.1648 0.3131 
   NS_SS0799  3 0.1955 0.2385 0.2084 0.2791 0.0786 
   NS_SS0756  3 0.1907 0.1170 0.3441 0.0794 0.2688 
   NS_SS0802  3 0.0914 0.1882 0.1469 0.2196 0.3539 
   NS_SS0747  3 0.1358 0.1551 0.3021 0.1564 0.2505 
   NS_SS0835  3 0.0940 0.1309 0.1354 0.4066 0.2331 
   NS_SS0742  3 0.1958 0.1665 0.2466 0.1263 0.2648 
   NS_SS0760  3 0.1367 0.1531 0.1783 0.3795 0.1523 
   NS_SS0803  3 0.1038 0.1990 0.5350 0.0873 0.0750 
   NS_SS0828  3 0.3510 0.1554 0.1851 0.1727 0.1358 
   NS_SS0865  3 0.2628 0.0804 0.1939 0.1666 0.2962 
   NS_SS0759  3 0.2539 0.2951 0.1963 0.0843 0.1703 
   NS_SS0851  3 0.5278 0.1418 0.1162 0.0889 0.1252 
   NS_SS0874  3 0.1259 0.1899 0.4674 0.0987 0.1181 
   NS_SS0761  3 0.2286 0.0703 0.2218 0.3344 0.1449 
   NS_SS0842  3 0.1822 0.2043 0.2068 0.2444 0.1622 
   NS_SS0785  3 0.1680 0.1534 0.2828 0.2476 0.1482 
   NS_SS0860  3 0.0998 0.1177 0.1852 0.4079 0.1893 
   NS_SS0897  3 0.2094 0.1263 0.1153 0.4558 0.0931 
   NS_SS0841  3 0.3521 0.2471 0.1996 0.0796 0.1217 
   NS_SS0797  3 0.3036 0.0803 0.1878 0.2351 0.1932 
   NS_SS0830  3 0.2659 0.1342 0.1869 0.1697 0.2433 
   NS_SS1011  3 0.1753 0.1320 0.2522 0.0832 0.3573 
   NS_SS0883  3 0.3275 0.1091 0.1971 0.2307 0.1357 
   NS_SS0782  3 0.1248 0.3551 0.1663 0.2522 0.1015 
   NS_SS0831  3 0.3296 0.0818 0.1502 0.3475 0.0909 
   NS_SS0749  3 0.3041 0.1973 0.1293 0.2166 0.1527 
   NS_SS0854  3 0.1488 0.3270 0.1793 0.2233 0.1215 
   HI_SS0193  4 0.2389 0.2339 0.1013 0.2899 0.1360 
   HI_SS0194  4 0.1045 0.4079 0.1480 0.1214 0.2182 
   HI_SS0195  4 0.4095 0.1974 0.0885 0.0658 0.2388 
   HI_SS0196  4 0.1298 0.3736 0.1597 0.2209 0.1160 
   HI_SS0197  4 0.0736 0.1140 0.0900 0.1010 0.6214 
   HI_SS0198  4 0.3296 0.1350 0.1381 0.2243 0.1730 
   HI_SS0199  4 0.1130 0.2921 0.1406 0.3477 0.1065 
   HI_SS0201  4 0.2026 0.0559 0.2474 0.3602 0.1338 
   HI_SS0215  4 0.1773 0.0670 0.1968 0.3594 0.1996 
   HI_SS0218  4 0.2128 0.1619 0.0806 0.4780 0.0667 
   HI_SS0222  4 0.2565 0.2218 0.0940 0.1825 0.2453 
   HI_SS0230  4 0.1984 0.1036 0.2003 0.1147 0.3829 
   HI_SS0234  4 0.0711 0.2798 0.1694 0.1854 0.2944 
   HI_SS0240  4 0.1627 0.4117 0.1062 0.1778 0.1416 
   HI_SS0241  4 0.1653 0.1192 0.1986 0.3392 0.1778 
   HI_SS0242  4 0.2049 0.1548 0.2649 0.2263 0.1491 
   HI_SS0247  4 0.1751 0.0990 0.4232 0.1249 0.1778 
   HI_SS0248  4 0.0836 0.2826 0.2308 0.3384 0.0646 
   HI_SS0252  4 0.2388 0.3201 0.2381 0.1269 0.0760 
   HI_SS0254  4 0.1129 0.1222 0.2081 0.1796 0.3772 
   HI_SS0256  4 0.1761 0.2623 0.2650 0.0386 0.2581 
   HI_SS0257  4 0.0567 0.1235 0.2898 0.3277 0.2023 
   HI_SS0258  4 0.1946 0.1514 0.1989 0.3404 0.1147 
   HI_SS0259  4 0.1530 0.2736 0.1039 0.1180 0.3515 
   HI_SS0260  4 0.1204 0.2539 0.1356 0.3648 0.1253 
   HI_SS0261  4 0.0847 0.1770 0.2391 0.2117 0.2875 
   HI_SS0262  4 0.3105 0.1838 0.1378 0.1557 0.2122 
   HI_SS0264  4 0.2386 0.1731 0.1620 0.1156 0.3107 
   HI_SS0265  4 0.2619 0.1224 0.1421 0.1149 0.3587 
   HI_SS0268  4 0.2356 0.1708 0.0627 0.2011 0.3298 
   HI_SS0269  4 0.0659 0.1018 0.1685 0.4273 0.2365 
   HI_SS0273  4 0.1243 0.1080 0.2612 0.2910 0.2155 
   HI_SS0277  4 0.1335 0.0655 0.1540 0.0922 0.5548 
   HI_SS0280  4 0.3593 0.2110 0.0875 0.1693 0.1728 
   HI_SS0282  4 0.1780 0.1464 0.3217 0.2409 0.1131 
   HI_SS0286  4 0.3111 0.1119 0.1573 0.2257 0.1940 
   NS_SS1252  5 0.1397 0.1137 0.1870 0.4703 0.0893 
   NS_SS1261  5 0.1789 0.1513 0.2270 0.1738 0.2690 
   NS_SS1225  5 0.1109 0.0813 0.4294 0.2220 0.1563 
   NS_SS1266  5 0.1654 0.1489 0.4832 0.0674 0.1352 
   NS_SS1228  5 0.4566 0.1373 0.1047 0.1287 0.1726 
   NS_SS1255  5 0.0856 0.5044 0.1387 0.1689 0.1023 
   NS_SS1267  5 0.1680 0.0880 0.0747 0.5226 0.1468 
   NS_SS1238  5 0.2655 0.1545 0.1154 0.1651 0.2994 
   NS_SS1233  5 0.1888 0.1332 0.4669 0.0893 0.1219 
   NS_SS1277  5 0.1745 0.3012 0.0787 0.3406 0.1050 
   NS_SS1245  5 0.1047 0.1908 0.3561 0.1925 0.1559 
   NS_SS1240  5 0.0835 0.1126 0.1054 0.4992 0.1994 
   NS_SS1275  5 0.2193 0.1502 0.1570 0.0632 0.4103 
   NS_SS1235  5 0.0558 0.3622 0.2581 0.1389 0.1850 
   NS_SS1263  5 0.1441 0.3248 0.3462 0.0865 0.0984 
   NS_SS1251  5 0.1207 0.1978 0.3765 0.0988 0.2062 
   NS_SS1248  5 0.5606 0.0728 0.0993 0.1405 0.1268 
   NS_SS1244  5 0.1402 0.0798 0.2401 0.1546 0.3853 
   NS_SS1257  5 0.1703 0.1947 0.1401 0.3678 0.1270 
   NS_SS1242  5 0.1748 0.3437 0.2087 0.0980 0.1748 
   NS_SS1271  5 0.1641 0.1077 0.1119 0.4532 0.1632 
   NS_SS1265  5 0.1401 0.1290 0.1833 0.3513 0.1963 
   NS_SS1243  5 0.3682 0.2743 0.1355 0.1416 0.0804 
   NS_SS1273  5 0.1877 0.3686 0.1657 0.0931 0.1849 
   NS_SS1254  5 0.1695 0.1874 0.4197 0.1146 0.1088 
   NS_SS1224  5 0.2909 0.1749 0.2904 0.1006 0.1431 
   NS_SS1227  5 0.0931 0.1657 0.1291 0.2885 0.3237 
   NS_SS1274  5 0.1983 0.2100 0.1854 0.2845 0.1218 
   NS_SS1241  5 0.1704 0.1315 0.2794 0.2492 0.1694 
   NS_SS1256  5 0.0896 0.1271 0.3336 0.2016 0.2482 
   NS_SS1260  5 0.1228 0.1573 0.1879 0.3881 0.1440 
   NS_SS1262  5 0.1988 0.0779 0.3024 0.2297 0.1912 
   NS_SS1230  5 0.2016 0.2001 0.1823 0.2493 0.1667 
   NS_SS1270  5 0.3476 0.0837 0.3089 0.0997 0.1602 
   NS_SS1229  5 0.0534 0.3615 0.1788 0.1029 0.3035 
   NS_SS1246  5 0.1006 0.2007 0.1167 0.2747 0.3073 
   NS_SS1269  5 0.2495 0.2301 0.1862 0.1628 0.1713 
   NS_SS1239  5 0.3244 0.3125 0.1331 0.1135 0.1165 
   NS_SS1272  5 0.1006 0.0884 0.1435 0.1100 0.5575 
   NS_SS1268  5 0.4093 0.1240 0.2910 0.0910 0.0847 
   NS_SS1249  5 0.0922 0.2056 0.1552 0.4671 0.0800 
   HI_SS0559  6 0.2799 0.2425 0.2028 0.2053 0.0695 
   HI_SS0563  6 0.1885 0.1602 0.2546 0.1677 0.2290 
   HI_SS0564  6 0.2272 0.1782 0.2124 0.1312 0.2511 
   HI_SS0565  6 0.1183 0.1136 0.2088 0.2029 0.3565 
   HI_SS0569  6 0.1689 0.0511 0.3846 0.2419 0.1535 
   HI_SS0570  6 0.2242 0.1452 0.0811 0.3740 0.1754 
   HI_SS0572  6 0.0903 0.4144 0.2119 0.1130 0.1705 
   HI_SS0576  6 0.3823 0.2184 0.1222 0.0969 0.1802 
   HI_SS0579  6 0.1044 0.1451 0.4666 0.1949 0.0890 
   HI_SS0580  6 0.1614 0.2881 0.1378 0.3200 0.0927 
   HI_SS0581  6 0.2940 0.1392 0.1061 0.0770 0.3837 
   HI_SS0583  6 0.0782 0.2186 0.1947 0.3782 0.1303 
   HI_SS0586  6 0.2427 0.0935 0.1024 0.4321 0.1293 
   HI_SS0588  6 0.1554 0.1502 0.3091 0.2822 0.1032 
   HI_SS0595  6 0.0834 0.1333 0.1158 0.2532 0.4144 
   HI_SS0596  6 0.1162 0.5213 0.1663 0.1013 0.0949 
   HI_SS0597  6 0.1004 0.3347 0.1887 0.1159 0.2603 
   HI_SS0600  6 0.1606 0.1437 0.1357 0.2660 0.2939 
   HI_SS0601  6 0.1908 0.0534 0.3420 0.1549 0.2589 
   HI_SS0602  6 0.3338 0.1666 0.1043 0.2822 0.1131 
   HI_SS0604  6 0.2780 0.1994 0.2902 0.1454 0.0870 
   HI_SS0605  6 0.3548 0.1640 0.1514 0.2343 0.0956 
   HI_SS0608  6 0.3033 0.2659 0.1056 0.1580 0.1671 
   HI_SS0609  6 0.0983 0.2156 0.3704 0.1014 0.2143 
   HI_SS0611  6 0.3269 0.1179 0.1077 0.3536 0.0938 
   HI_SS0612  6 0.0532 0.1723 0.4819 0.1841 0.1085 
   HI_SS0613  6 0.4342 0.1115 0.1769 0.1759 0.1016 
   HI_SS0615  6 0.2358 0.3478 0.1209 0.0756 0.2199 
   HI_SS0001  6 0.0914 0.3299 0.1200 0.2640 0.1947 
   HI_SS0002  6 0.1323 0.2205 0.3096 0.0880 0.2497 
   HI_SS0004  6 0.2018 0.2625 0.0954 0.3285 0.1119 
   HI_SS0005  6 0.4562 0.1127 0.0943 0.1261 0.2107 
   HI_SS0006  6 0.0912 0.1177 0.3002 0.2748 0.2160 
   HI_SS0007  6 0.4439 0.1256 0.0896 0.2758 0.0651 
   HI_SS0008  6 0.2190 0.1197 0.1903 0.1309 0.3401 
   HI_SS0009  6 0.3357 0.3269 0.1591 0.0996 0.0787 
   HI_SS0010  6 0.2770 0.1139 0.1688 0.2180 0.2223 
   HI_SS0011  6 0.1859 0.0830 0.3645 0.0947 0.2718 
   HI_SS0012  6 0.1767 0.1879 0.1621 0.0805 0.3929 
   HI_SS0017  6 0.1406 0.4712 0.1092 0.1323 0.1467 
   HI_SS0021  6 0.1469 0.1315 0.1343 0.2871 0.3003 
   HI_SS0024  6 0.2517 0.2516 0.0907 0.1028 0.3032 
   HI_SS0025  6 0.2280 0.3717 0.1959 0.1134 0.0911 
   HI_SS0027  6 0.2650 0.1367 0.2683 0.2477 0.0823 
   HI_SS0028  6 0.3199 0.1388 0.0911 0.0589 0.3913 
   HI_SS0029  6 0.1750 0.3024 0.0802 0.2152 0.2272 
   HI_SS0030  6 0.2049 0.1877 0.2014 0.2124 0.1935 
   HI_SS0031  6 0.0964 0.1925 0.2095 0.1379 0.3637 
   HI_SS0034  6 0.0979 0.1662 0.3007 0.3380 0.0972 
   HI_SS0036  6 0.2113 0.1067 0.0509 0.3534 0.2777 
   HI_SS0037  6 0.2469 0.1160 0.1692 0.3643 0.1037 
   HI_SS0039  6 0.3529 0.0955 0.0977 0.2768 0.1771 
   HI_SS0041  6 0.3908 0.2435 0.0895 0.1093 0.1669 
   HI_SS0042  6 0.1870 0.2471 0.1843 0.0981 0.2834 
   HI_SS0043  6 0.1570 0.0714 0.1074 0.4223 0.2419 
   HI_SS0044  6 0.1112 0.4038 0.0674 0.3026 0.1149 
   HI_SS0047  6 0.2354 0.2650 0.2226 0.1207 0.1563 
   HI_SS0049  6 0.1406 0.3931 0.2258 0.1356 0.1048 
   HI_SS0051  6 0.3834 0.0922 0.2753 0.1437 0.1053 
   HI_SS0053  6 0.1137 0.1034 0.1399 0.3549 0.2881 
   HI_SS0054  6 0.2021 0.0588 0.3490 0.2617 0.1284 
   HI_SS0057  6 0.3488 0.1549 0.1636 0.1155 0.2171 
   HI_SS0058  6 0.1517 0.1965 0.2523 0.3071 0.0923 
   HI_SS0060  6 0.3065 0.0872 0.1850 0.1142 0.3071 
   HI_SS0087  6 0.1181 0.1550 0.2489 0.1917 0.2863 
   HI_SS0091  6 0.0661 0.0820 0.1389 0.4195 0.2934 
   HI_SS0095  6 0.1485 0.1471 0.2294 0.2171 0.2579 
   HI_SS0097  6 0.1230 0.1015 0.5147 0.1103 0.1505 
   HI_SS0099  6 0.2165 0.3232 0.1278 0.1720 0.1606 
   HI_SS0103  6 0.1054 0.3253 0.1689 0.1577 0.2427 
   HI_SS0105  6 0.1803 0.0838 0.2185 0.1427 0.3747 
   HI_SS0107  6 0.1066 0.4373 0.1790 0.0700 0.2071 
   HI_SS0108  6 0.1347 0.0983 0.1442 0.5047 0.1180 
   HI_SS0110  6 0.0797 0.1639 0.1236 0.2218 0.4111 
   HI_SS0111  6 0.2106 0.1743 0.1150 0.1795 0.3206 
   HI_SS0112  6 0.1409 0.1351 0.1123 0.4437 0.1681 
   HI_SS0113  6 0.1406 0.3157 0.1771 0.0922 0.2744 
   HI_SS0114  6 0.2911 0.0789 0.2204 0.2848 0.1249 
   HI_SS0115  6 0.1809 0.3450 0.2072 0.1944 0.0725 
   HI_SS0116  6 0.0849 0.3365 0.1238 0.3417 0.1131 
   HI_SS0117  6 0.0713 0.0950 0.2662 0.2406 0.3269 
   HI_SS0118  6 0.0976 0.1585 0.2303 0.3099 0.2037 
   HI_SS0119  6 0.1350 0.0776 0.1965 0.2256 0.3654 
   HI_SS0120  6 0.0747 0.4066 0.1228 0.0756 0.3203 
   HI_SS0121  6 0.2329 0.0653 0.1748 0.0755 0.4515 
   HI_SS0122  6 0.2123 0.1523 0.1383 0.1962 0.3009 
   HI_SS0123  6 0.0873 0.1760 0.2685 0.1760 0.2922 
   HI_SS0124  6 0.2197 0.4563 0.1239 0.0866 0.1135 
   HI_SS0125  6 0.2667 0.2473 0.1430 0.0863 0.2568 
   HI_SS0126  6 0.1001 0.2571 0.1052 0.4112 0.1264 
   HI_SS0127  6 0.4200 0.0932 0.2436 0.1350 0.1082 
   HI_SS0128  6 0.0968 0.2902 0.2188 0.1673 0.2269 
   HI_SS0129  6 0.1856 0.2154 0.1043 0.3227 0.1720 
   HI_SS0131  6 0.3297 0.0714 0.2355 0.2294 0.1339 
   HI_SS0132  6 0.1736 0.1045 0.1891 0.1658 0.3671 
   HI_SS0133  6 0.1575 0.1431 0.1012 0.4787 0.1195 
   HI_SS0134  6 0.1534 0.1733 0.2726 0.2180 0.1826 
   HI_SS0142  6 0.1669 0.0889 0.2946 0.1519 0.2977 
   HI_SS0145  6 0.0991 0.2248 0.3408 0.2226 0.1127 
   HI_SS0146  6 0.2044 0.1535 0.2708 0.2638 0.1075 
   HI_SS0147  6 0.4071 0.1109 0.2234 0.1033 0.1554 
   HI_SS0149  6 0.0897 0.0747 0.1734 0.1571 0.5051 
   HI_SS0150  6 0.3143 0.2454 0.1715 0.0929 0.1759 
   HI_SS0151  6 0.2179 0.3142 0.1806 0.2128 0.0745 
   NS_SS1451  6 0.2849 0.3335 0.1089 0.0882 0.1844 
   NS_SS1404  6 0.4074 0.1533 0.1155 0.1537 0.1702 
   NS_SS1432  6 0.1297 0.3114 0.0620 0.0802 0.4167 
   NS_SS1405  6 0.1504 0.3624 0.1252 0.2054 0.1566 
   NS_SS1431  6 0.1381 0.2813 0.1341 0.0859 0.3606 
   NS_SS1402  6 0.1121 0.1854 0.1830 0.2279 0.2916 
   NS_SS1450  6 0.1828 0.2787 0.1160 0.3063 0.1163 
   NS_SS1396  6 0.2498 0.1725 0.1672 0.1648 0.2457 
   NS_SS1393  6 0.2056 0.1995 0.1525 0.2723 0.1702 
   NS_SS1392  6 0.2611 0.3965 0.0787 0.1354 0.1283 
   NS_SS1445  6 0.1771 0.0764 0.2464 0.2844 0.2156 
   NS_SS1423  6 0.0853 0.2150 0.1334 0.2296 0.3366 
   NS_SS1421  6 0.1545 0.1626 0.1948 0.2056 0.2824 
   NS_SS1411  6 0.4240 0.1132 0.1072 0.2711 0.0844 
   NS_SS1453  6 0.1438 0.0996 0.1131 0.2779 0.3657 
   NS_SS1442  6 0.1706 0.1814 0.3841 0.1437 0.1202 
   NS_SS1422  6 0.0946 0.2339 0.3420 0.1697 0.1598 
   NS_SS1419  6 0.2732 0.0893 0.4211 0.1164 0.1000 
   NS_SS1427  6 0.0882 0.2571 0.0660 0.4559 0.1327 
   NS_SS1444  6 0.2994 0.2103 0.2533 0.1246 0.1124 
   NS_SS1455  6 0.0941 0.3454 0.2927 0.0825 0.1854 
   NS_SS1425  6 0.1734 0.0778 0.2132 0.3860 0.1495 
   NS_SS1400  6 0.1919 0.1211 0.2680 0.3150 0.1041 
   NS_SS1406  6 0.0999 0.1465 0.3601 0.0631 0.3304 
   NS_SS1417  6 0.1642 0.1945 0.2415 0.2003 0.1995 
   NS_SS1454  6 0.1729 0.0938 0.1208 0.2613 0.3512 
   NS_SS1412  6 0.2182 0.2025 0.1380 0.2730 0.1683 
   NS_SS1438  6 0.2278 0.0653 0.2495 0.3390 0.1185 
   NS_SS1416  6 0.2032 0.1712 0.1866 0.2023 0.2368 
   NS_SS1401  6 0.1173 0.1459 0.1770 0.1884 0.3715 
   NS_SS1424  6 0.1696 0.1208 0.1458 0.2029 0.3610 
   NS_SS1435  6 0.2614 0.2733 0.0788 0.1639 0.2226 
   NS_SS1447  6 0.2717 0.1649 0.3056 0.1076 0.1502 
   NS_SS1414  6 0.3235 0.2302 0.2481 0.0943 0.1039 
   NS_SS1449  6 0.1471 0.2515 0.1478 0.1656 0.2881 
   NS_SS1443  6 0.0665 0.2169 0.2558 0.3389 0.1219 
   NS_SS1434  6 0.0703 0.4573 0.1611 0.2142 0.0971 
   NS_SS1398  6 0.1812 0.3411 0.1273 0.1540 0.1964 
   NS_SS1426  6 0.1639 0.1387 0.1455 0.3673 0.1846 
   NS_SS1413  6 0.1162 0.2741 0.1906 0.2804 0.1386 
   NS_SS1395  6 0.1174 0.1316 0.1752 0.2930 0.2827 
   NS_SS1448  6 0.3597 0.1922 0.0881 0.2530 0.1071 
   NS_SS1446  6 0.1422 0.1375 0.1738 0.3154 0.2310 
   NS_SS1403  6 0.1505 0.1730 0.1002 0.1206 0.4556 
   NS_SS1415  6 0.2305 0.1806 0.1501 0.3048 0.1341 
   NS_SS1437  6 0.1892 0.1254 0.1414 0.1309 0.4131 
   NS_SS1439  6 0.1273 0.1618 0.3509 0.1904 0.1695 
   NS_SS1441  6 0.0959 0.2385 0.2171 0.2949 0.1536 
   NS_SS1420  6 0.5957 0.1423 0.0905 0.1061 0.0654 
   NS_SS1394  6 0.3634 0.1854 0.1169 0.0946 0.2397 
   NS_SS1391  6 0.0842 0.3698 0.0986 0.2769 0.1705 
   NS_SS1410  6 0.1373 0.1695 0.1513 0.2599 0.2820 
   NS_SS1408  6 0.2046 0.1291 0.2133 0.1291 0.3239 
   NS_SS1409  6 0.0779 0.3742 0.1581 0.2508 0.1389 
   HI_SS0617  7 0.1357 0.3150 0.1236 0.3111 0.1146 
   HI_SS0618  7 0.2670 0.2841 0.1897 0.1315 0.1276 
   HI_SS0619  7 0.1894 0.3229 0.1180 0.2279 0.1418 
   HI_SS0620  7 0.2762 0.1417 0.1151 0.4127 0.0544 
   HI_SS0621  7 0.1897 0.2212 0.2073 0.1384 0.2435 
   HI_SS0622  7 0.2053 0.1745 0.3057 0.1851 0.1293 
   HI_SS0626  7 0.4463 0.1024 0.0902 0.1555 0.2056 
   HI_SS0627  7 0.1461 0.2085 0.1098 0.1024 0.4332 
   HI_SS0628  7 0.1865 0.1376 0.0973 0.3187 0.2599 
   HI_SS0629  7 0.1950 0.1069 0.1879 0.2273 0.2829 
   HI_SS0630  7 0.2655 0.2056 0.1645 0.2581 0.1062 
   HI_SS0631  7 0.3086 0.1341 0.1406 0.2433 0.1734 
   HI_SS0632  7 0.3555 0.1093 0.2486 0.1504 0.1362 
   HI_SS0633  7 0.1053 0.4722 0.1608 0.1778 0.0839 
   HI_SS0634  7 0.2613 0.1334 0.1174 0.2012 0.2867 
   HI_SS0635  7 0.3082 0.2021 0.1994 0.1014 0.1889 
   HI_SS0637  7 0.2540 0.0734 0.2970 0.1744 0.2012 
   HI_SS0638  7 0.2115 0.2643 0.1661 0.1822 0.1759 
   HI_SS0639  7 0.2792 0.2060 0.2012 0.1077 0.2058 
   HI_SS0640  7 0.1844 0.1992 0.3540 0.1340 0.1285 
   HI_SS0641  7 0.3432 0.0976 0.1328 0.3151 0.1113 
   HI_SS0642  7 0.1168 0.1330 0.1234 0.0818 0.5450 
   HI_SS0645  7 0.4384 0.2609 0.1383 0.0727 0.0898 
   HI_SS0646  7 0.0897 0.3094 0.2089 0.1904 0.2016 
   HI_SS0647  7 0.1616 0.2880 0.1688 0.1550 0.2265 
   HI_SS0648  7 0.2244 0.2081 0.2208 0.1709 0.1757 
   HI_SS0649  7 0.1509 0.2527 0.2298 0.2016 0.1650 
   HI_SS0650  7 0.1308 0.4581 0.1140 0.1317 0.1655 
   HI_SS0651  7 0.1785 0.2515 0.2245 0.1685 0.1770 
   HI_SS0652  7 0.4726 0.2322 0.1112 0.0951 0.0889 
   NS_SS1371  7 0.0782 0.1871 0.1471 0.2663 0.3213 
   NS_SS1374  7 0.2152 0.1202 0.0722 0.2915 0.3008 
   NS_SS1337  7 0.3083 0.1590 0.1260 0.1029 0.3039 
   NS_SS1385  7 0.1096 0.3023 0.2296 0.1730 0.1855 
   NS_SS1388  7 0.1704 0.2934 0.1189 0.2204 0.1969 
   NS_SS1370  7 0.6135 0.0646 0.1306 0.0763 0.1150 
   NS_SS1389  7 0.2725 0.2989 0.1007 0.1506 0.1773 
   NS_SS1360  7 0.2891 0.1012 0.2407 0.2203 0.1487 
   NS_SS1330  7 0.3053 0.2460 0.2169 0.0952 0.1366 
   NS_SS1328  7 0.0672 0.3546 0.1247 0.2880 0.1654 
   NS_SS1384  7 0.2008 0.0948 0.2738 0.1907 0.2399 
   NS_SS1381  7 0.1118 0.4938 0.1922 0.0814 0.1209 
   NS_SS1375  7 0.2482 0.3919 0.0580 0.1491 0.1528 
   NS_SS1319  7 0.1890 0.1851 0.1278 0.2052 0.2931 
   NS_SS1326  7 0.1099 0.2634 0.0963 0.4030 0.1274 
   NS_SS1341  7 0.1051 0.0681 0.2233 0.2428 0.3607 
   NS_SS1383  7 0.2244 0.0707 0.1030 0.1444 0.4575 
   NS_SS1318  7 0.2884 0.2077 0.2244 0.1759 0.1036 
   NS_SS1348  7 0.1691 0.0868 0.2074 0.3247 0.2120 
   NS_SS1363  7 0.2815 0.1656 0.2419 0.1171 0.1938 
   NS_SS1335  7 0.2188 0.0673 0.3112 0.2099 0.1928 
   NS_SS1358  7 0.1186 0.1255 0.3398 0.1983 0.2179 
   NS_SS1342  7 0.0626 0.1042 0.2189 0.2467 0.3675 
   NS_SS1320  7 0.0651 0.5541 0.2364 0.0474 0.0970 
   NS_SS1355  7 0.1624 0.1982 0.4120 0.1106 0.1167 
   NS_SS1345  7 0.1293 0.1320 0.5871 0.0716 0.0799 
   NS_SS1324  7 0.1848 0.1360 0.1980 0.2677 0.2136 
   NS_SS1347  7 0.1499 0.1884 0.2332 0.1501 0.2784 
   NS_SS1321  7 0.1521 0.1051 0.0871 0.3104 0.3452 
   NS_SS1333  7 0.1210 0.1238 0.0528 0.2965 0.4059 
   NS_SS1364  7 0.1235 0.1032 0.4052 0.2008 0.1672 
   NS_SS1379  7 0.1692 0.3214 0.2299 0.1310 0.1485 
   NS_SS1332  7 0.1277 0.1373 0.1160 0.3879 0.2310 
   NS_SS1338  7 0.3414 0.1165 0.1325 0.2124 0.1973 
   NS_SS1368  7 0.0850 0.1129 0.2673 0.2849 0.2499 
   NS_SS1354  7 0.1458 0.1703 0.2800 0.1555 0.2484 
   NS_SS1365  7 0.2745 0.2101 0.2085 0.1252 0.1817 
   NS_SS1380  7 0.2174 0.1647 0.3470 0.1030 0.1679 
   NS_SS1329  7 0.0595 0.1038 0.2065 0.2322 0.3980 
   NS_SS1362  7 0.1181 0.2173 0.2114 0.1806 0.2725 
   NS_SS1327  7 0.1384 0.1132 0.0708 0.5483 0.1293 
   NS_SS1350  7 0.0801 0.4057 0.0717 0.2839 0.1586 
   NS_SS1387  7 0.3991 0.1486 0.1634 0.1572 0.1317 
   NS_SS1369  7 0.1872 0.0935 0.3209 0.2807 0.1177 
   NS_SS1331  7 0.2961 0.1562 0.0844 0.2033 0.2599 
   NS_SS1357  7 0.0629 0.4265 0.1132 0.2564 0.1410 
   NS_SS1386  7 0.0700 0.0643 0.1771 0.3875 0.3011 
   NS_SS1353  7 0.1184 0.3468 0.1211 0.1757 0.2380 
   NS_SS1323  7 0.1497 0.2164 0.2486 0.0886 0.2966 
   HI_SS0296  8 0.3272 0.1475 0.1822 0.2723 0.0707 
   HI_SS0297  8 0.1172 0.2847 0.0846 0.1158 0.3977 
   HI_SS0299  8 0.2159 0.1387 0.2967 0.1766 0.1721 
   HI_SS0300  8 0.2683 0.1516 0.3405 0.1536 0.0861 
   HI_SS0301  8 0.4186 0.0584 0.1816 0.0997 0.2417 
   HI_SS0302  8 0.3829 0.0880 0.2047 0.2310 0.0933 
   HI_SS0303  8 0.1025 0.2993 0.1546 0.3332 0.1105 
   HI_SS0304  8 0.2693 0.2989 0.0734 0.1817 0.1766 
   HI_SS0306  8 0.3159 0.1126 0.1353 0.3326 0.1036 
   HI_SS0307  8 0.2019 0.2175 0.2525 0.1326 0.1955 
   HI_SS0308  8 0.2041 0.1118 0.2834 0.1058 0.2950 
   HI_SS0309  8 0.2047 0.1157 0.4015 0.1213 0.1568 
   HI_SS0310  8 0.1908 0.3109 0.1987 0.1773 0.1223 
   HI_SS0311  8 0.3483 0.1114 0.2142 0.1544 0.1716 
   HI_SS0314  8 0.1042 0.3865 0.1128 0.1900 0.2065 
   HI_SS0316  8 0.1459 0.1854 0.2290 0.2584 0.1813 
   HI_SS0317  8 0.2531 0.1165 0.1286 0.1258 0.3760 
   HI_SS0318  8 0.1771 0.0766 0.1309 0.3206 0.2947 
   HI_SS0319  8 0.0722 0.1056 0.2577 0.4704 0.0941 
   HI_SS0320  8 0.1464 0.2147 0.0590 0.0958 0.4841 
   HI_SS0321  8 0.1459 0.1463 0.1223 0.2218 0.3636 
   HI_SS0323  8 0.2478 0.1577 0.1440 0.3240 0.1265 
   HI_SS0325  8 0.3468 0.0995 0.1570 0.2791 0.1176 
   HI_SS0327  8 0.0502 0.2317 0.2386 0.3060 0.1735 
   HI_SS0329  8 0.2877 0.1992 0.1346 0.1336 0.2448 
   HI_SS0333  8 0.1752 0.1978 0.1999 0.1977 0.2294 
   HI_SS0334  8 0.1719 0.1077 0.2428 0.2846 0.1929 
   HI_SS0335  8 0.1477 0.1644 0.4146 0.0931 0.1802 
   HI_SS0339  8 0.2400 0.1604 0.3721 0.1034 0.1241 
   HI_SS0343  8 0.0919 0.1947 0.3403 0.1057 0.2674 
   HI_SS0344  8 0.1240 0.0916 0.1151 0.5189 0.1505 
   HI_SS0345  8 0.2679 0.1170 0.2613 0.1371 0.2166 
   HI_SS0346  8 0.2109 0.1049 0.0836 0.2066 0.3940 
   HI_SS0350  8 0.1528 0.1934 0.5217 0.0585 0.0736 
   HI_SS0351  8 0.1133 0.1045 0.4340 0.1284 0.2198 
   HI_SS0352  8 0.1539 0.1785 0.2722 0.1335 0.2619 
   HI_SS0362  8 0.4351 0.1381 0.1381 0.1588 0.1298 
   HI_SS0363  8 0.0961 0.1845 0.2463 0.3558 0.1174 
   HI_SS0365  8 0.1072 0.2104 0.2277 0.3085 0.1462 
   HI_SS0366  8 0.1647 0.1262 0.1594 0.4416 0.1081 
   HI_SS0367  8 0.1405 0.3069 0.2447 0.1100 0.1980 
   HI_SS0369  8 0.2906 0.2165 0.2256 0.1070 0.1604 
   HI_SS0370  8 0.0742 0.3894 0.1525 0.1751 0.2088 
   HI_SS0371  8 0.2644 0.1101 0.1420 0.3358 0.1477 
   HI_SS0373  8 0.2139 0.2683 0.1688 0.2072 0.1419 
   HI_SS0374  8 0.1743 0.2718 0.1910 0.1290 0.2340 
   HI_SS0377  8 0.1762 0.0744 0.4053 0.1716 0.1725 
   HI_SS0379  8 0.0931 0.0624 0.1216 0.5097 0.2132 
   HI_SS0380  8 0.1773 0.2148 0.2715 0.1453 0.1912 
   HI_SS0381  8 0.2627 0.1119 0.2946 0.0880 0.2429 
   HI_SS0384  8 0.1414 0.2801 0.0685 0.2778 0.2322 
   HI_SS0385  8 0.2861 0.2224 0.0889 0.2322 0.1703 
