

----------------------------------------------------
STRUCTURE by Pritchard, Stephens and Donnelly (2000)
     and Falush, Stephens and Pritchard (2003)
       Code by Pritchard, Falush and Hubisz
             Version 2.3.4 (Jul 2012)
----------------------------------------------------



Command line arguments:   /home/genobiwan/Documents/Programs/Structure/structure -m parameter_job_k8_r4 
Input File:    /media/genobiwan/Storage/Projets/Mackerel_NWA_2021/data_job_k8_r4

Run parameters:
   557 individuals
   3930 loci
   8 populations assumed
   100000 Burn-in period
   200000 Reps


--------------------------------------------
Proportion of membership of each pre-defined
 population in each of the 8 clusters

Given    Inferred Clusters                                          Number of
 Pop       1      2      3      4      5      6      7      8      Individuals

  1:     0.117  0.130  0.110  0.135  0.133  0.118  0.132  0.125       67
  2:     0.159  0.108  0.107  0.139  0.118  0.140  0.113  0.116       32
  3:     0.119  0.141  0.115  0.126  0.120  0.136  0.134  0.110       92
  4:     0.133  0.119  0.142  0.109  0.128  0.127  0.100  0.142       36
  5:     0.125  0.148  0.136  0.116  0.108  0.124  0.120  0.123       41
  6:     0.126  0.116  0.131  0.123  0.127  0.123  0.124  0.131      158
  7:     0.124  0.122  0.124  0.128  0.134  0.126  0.114  0.127       79
  8:     0.111  0.125  0.129  0.122  0.127  0.123  0.141  0.123       52
--------------------------------------------

Allele-freq. divergence among pops (Net nucleotide distance),
computed using point estimates of P.

      1       2       3       4       5       6       7       8      
 1      -    0.0072  0.0083  0.0078  0.0069  0.0076  0.0078  0.0075  
 2   0.0072     -    0.0079  0.0069  0.0051  0.0056  0.0056  0.0059  
 3   0.0083  0.0079     -    0.0086  0.0062  0.0074  0.0070  0.0074  
 4   0.0078  0.0069  0.0086     -    0.0061  0.0061  0.0068  0.0070  
 5   0.0069  0.0051  0.0062  0.0061     -    0.0053  0.0052  0.0054  
 6   0.0076  0.0056  0.0074  0.0061  0.0053     -    0.0055  0.0059  
 7   0.0078  0.0056  0.0070  0.0068  0.0052  0.0055     -    0.0065  
 8   0.0075  0.0059  0.0074  0.0070  0.0054  0.0059  0.0065     -    

Average distances (expected heterozygosity) between individuals in same cluster:
cluster  1  : 0.3097 
cluster  2  : 0.3075 
cluster  3  : 0.3057 
cluster  4  : 0.3072 
cluster  5  : 0.3127 
cluster  6  : 0.3088 
cluster  7  : 0.3092 
cluster  8  : 0.3090 

--------------------------------------------
Estimated Ln Prob of Data   = -2071232.1
Mean value of ln likelihood = -2058245.5
Variance of ln likelihood   = 25973.1
Mean value of alpha         = 1.6259

Mean value of Fst_1         = 0.0816
Mean value of Fst_2         = 0.0726
Mean value of Fst_3         = 0.0823
Mean value of Fst_4         = 0.0772
Mean value of Fst_5         = 0.0631
Mean value of Fst_6         = 0.0658
Mean value of Fst_7         = 0.0719
Mean value of Fst_8         = 0.0734


Inferred ancestry of individuals:
        Label (%Miss) Pop:  Inferred clusters
  1 NS_SS0963    (4)    1 :  0.119 0.191 0.062 0.046 0.142 0.190 0.076 0.173 
  2 NS_SS0983    (1)    1 :  0.134 0.042 0.113 0.036 0.136 0.053 0.412 0.073 
  3 NS_SS0719    (8)    1 :  0.110 0.096 0.117 0.085 0.205 0.188 0.071 0.128 
  4 NS_SS1001    (8)    1 :  0.198 0.114 0.077 0.197 0.067 0.144 0.099 0.103 
  5 NS_SS0936    (4)    1 :  0.165 0.202 0.068 0.113 0.047 0.063 0.115 0.226 
  6 NS_SS0955    (5)    1 :  0.113 0.165 0.122 0.039 0.104 0.156 0.173 0.128 
  7 NS_SS0944    (3)    1 :  0.108 0.195 0.151 0.079 0.077 0.156 0.150 0.084 
  8 NS_SS0945    (3)    1 :  0.085 0.087 0.130 0.206 0.048 0.053 0.234 0.157 
  9 NS_SS0922    (2)    1 :  0.202 0.103 0.076 0.122 0.143 0.192 0.037 0.125 
 10 NS_SS0929    (7)    1 :  0.097 0.163 0.146 0.093 0.117 0.066 0.178 0.139 
 11 NS_SS0956    (2)    1 :  0.104 0.100 0.066 0.163 0.097 0.314 0.068 0.088 
 12 NS_SS0906    (3)    1 :  0.087 0.200 0.144 0.102 0.121 0.083 0.152 0.112 
 13 NS_SS0721    (6)    1 :  0.098 0.062 0.062 0.085 0.119 0.228 0.235 0.110 
 14 NS_SS0982    (4)    1 :  0.069 0.201 0.071 0.114 0.234 0.148 0.078 0.086 
 15 NS_SS0923    (5)    1 :  0.106 0.121 0.100 0.195 0.148 0.089 0.123 0.119 
 16 NS_SS0905    (6)    1 :  0.093 0.089 0.084 0.191 0.245 0.054 0.209 0.035 
 17 NS_SS0925    (3)    1 :  0.233 0.157 0.043 0.085 0.087 0.123 0.177 0.095 
 18 NS_SS0947    (5)    1 :  0.179 0.193 0.102 0.132 0.059 0.100 0.089 0.145 
 19 NS_SS0926    (2)    1 :  0.037 0.072 0.216 0.081 0.197 0.064 0.106 0.228 
 20 NS_SS0918    (6)    1 :  0.048 0.233 0.051 0.156 0.049 0.074 0.276 0.113 
 21 NS_SS0966    (4)    1 :  0.103 0.224 0.068 0.129 0.137 0.071 0.129 0.140 
 22 NS_SS0938    (2)    1 :  0.170 0.075 0.085 0.094 0.065 0.096 0.058 0.358 
 23 NS_SS0917    (2)    1 :  0.115 0.058 0.162 0.142 0.264 0.103 0.067 0.088 
 24 NS_SS0957   (11)    1 :  0.051 0.096 0.107 0.185 0.104 0.202 0.117 0.137 
 25 NS_SS0987    (1)    1 :  0.047 0.089 0.092 0.163 0.144 0.239 0.139 0.087 
 26 NS_SS0717    (4)    1 :  0.155 0.108 0.061 0.243 0.137 0.132 0.120 0.043 
 27 NS_SS0986    (2)    1 :  0.036 0.104 0.111 0.146 0.117 0.126 0.219 0.141 
 28 NS_SS0953    (4)    1 :  0.189 0.194 0.063 0.154 0.058 0.096 0.198 0.048 
 29 NS_SS0907    (3)    1 :  0.080 0.244 0.076 0.096 0.195 0.065 0.186 0.059 
 30 NS_SS0974    (6)    1 :  0.180 0.191 0.142 0.151 0.071 0.062 0.131 0.073 
 31 NS_SS0989    (1)    1 :  0.157 0.078 0.233 0.056 0.114 0.090 0.080 0.191 
 32 NS_SS0991    (2)    1 :  0.051 0.131 0.104 0.054 0.133 0.175 0.299 0.054 
 33 NS_SS0994    (2)    1 :  0.165 0.066 0.330 0.079 0.099 0.068 0.117 0.076 
 34 NS_SS0931    (6)    1 :  0.048 0.074 0.144 0.056 0.127 0.127 0.219 0.205 
 35 NS_SS1000    (5)    1 :  0.132 0.194 0.090 0.239 0.078 0.076 0.067 0.125 
 36 NS_SS0919    (1)    1 :  0.057 0.125 0.090 0.066 0.312 0.049 0.163 0.137 
 37 NS_SS0949    (3)    1 :  0.197 0.069 0.141 0.045 0.178 0.157 0.098 0.115 
 38 NS_SS0960   (10)    1 :  0.083 0.152 0.160 0.127 0.207 0.111 0.097 0.063 
 39 NS_SS0716    (2)    1 :  0.048 0.045 0.086 0.450 0.104 0.140 0.070 0.058 
 40 NS_SS0924    (8)    1 :  0.103 0.222 0.122 0.084 0.167 0.120 0.080 0.102 
 41 NS_SS0935    (1)    1 :  0.090 0.079 0.176 0.086 0.260 0.133 0.130 0.047 
 42 NS_SS0952   (13)    1 :  0.079 0.154 0.154 0.081 0.222 0.063 0.160 0.086 
 43 NS_SS0962   (10)    1 :  0.097 0.091 0.066 0.190 0.130 0.082 0.120 0.223 
 44 NS_SS0973    (5)    1 :  0.184 0.202 0.069 0.065 0.176 0.121 0.125 0.058 
 45 NS_SS0722    (1)    1 :  0.202 0.147 0.060 0.258 0.058 0.082 0.115 0.079 
 46 NS_SS0979   (13)    1 :  0.067 0.123 0.063 0.200 0.124 0.156 0.160 0.107 
 47 NS_SS0993    (2)    1 :  0.199 0.137 0.048 0.107 0.104 0.120 0.154 0.131 
 48 NS_SS0958    (1)    1 :  0.087 0.111 0.214 0.180 0.131 0.064 0.122 0.090 
 49 NS_SS0988    (4)    1 :  0.047 0.183 0.121 0.123 0.178 0.068 0.093 0.186 
 50 NS_SS1003    (2)    1 :  0.047 0.098 0.048 0.045 0.208 0.249 0.042 0.263 
 51 NS_SS0976    (0)    1 :  0.067 0.107 0.141 0.049 0.072 0.090 0.212 0.263 
 52 NS_SS0964   (10)    1 :  0.193 0.116 0.065 0.231 0.096 0.180 0.063 0.057 
 53 NS_SS0939    (4)    1 :  0.057 0.036 0.061 0.367 0.065 0.167 0.065 0.183 
 54 NS_SS0990    (6)    1 :  0.045 0.061 0.190 0.191 0.064 0.106 0.082 0.262 
 55 NS_SS0984    (2)    1 :  0.156 0.110 0.062 0.248 0.093 0.080 0.070 0.182 
 56 NS_SS0980    (9)    1 :  0.263 0.215 0.077 0.129 0.107 0.065 0.090 0.055 
 57 NS_SS0978    (4)    1 :  0.166 0.166 0.119 0.116 0.196 0.090 0.063 0.084 
 58 NS_SS0951   (17)    1 :  0.051 0.119 0.130 0.129 0.110 0.163 0.246 0.051 
 59 NS_SS0913    (3)    1 :  0.115 0.097 0.119 0.207 0.085 0.217 0.086 0.074 
 60 NS_SS1002    (1)    1 :  0.060 0.232 0.070 0.134 0.092 0.051 0.071 0.289 
 61 NS_SS0948    (1)    1 :  0.068 0.133 0.106 0.118 0.124 0.082 0.229 0.138 
 62 NS_SS0916    (4)    1 :  0.252 0.057 0.145 0.085 0.167 0.097 0.064 0.133 
 63 NS_SS0995    (1)    1 :  0.223 0.081 0.092 0.170 0.149 0.096 0.109 0.079 
 64 NS_SS0927    (6)    1 :  0.164 0.072 0.144 0.122 0.252 0.054 0.119 0.073 
 65 NS_SS0992    (5)    1 :  0.196 0.172 0.190 0.101 0.082 0.079 0.042 0.139 
 66 NS_SS0912    (1)    1 :  0.041 0.120 0.122 0.116 0.127 0.193 0.151 0.131 
 67 NS_SS0981    (1)    1 :  0.045 0.145 0.066 0.136 0.162 0.145 0.133 0.170 
 68 NS_SS0729    (5)    2 :  0.268 0.116 0.235 0.041 0.077 0.049 0.130 0.083 
 69 NS_SS0967   (14)    2 :  0.107 0.243 0.051 0.094 0.206 0.073 0.086 0.141 
 70 NS_SS0941    (7)    2 :  0.221 0.080 0.098 0.110 0.106 0.120 0.087 0.177 
 71 NS_SS0768   (12)    2 :  0.084 0.167 0.089 0.105 0.080 0.249 0.119 0.108 
 72 NS_SS0726    (4)    2 :  0.267 0.112 0.176 0.039 0.102 0.075 0.054 0.174 
 73 NS_SS0763    (4)    2 :  0.152 0.109 0.175 0.105 0.226 0.090 0.068 0.075 
 74 NS_SS0730    (6)    2 :  0.117 0.088 0.071 0.237 0.138 0.114 0.086 0.149 
 75 NS_SS0774    (1)    2 :  0.192 0.150 0.068 0.243 0.047 0.063 0.097 0.140 
 76 NS_SS0723    (3)    2 :  0.159 0.137 0.037 0.140 0.149 0.125 0.117 0.136 
 77 NS_SS0940    (9)    2 :  0.171 0.049 0.141 0.135 0.085 0.088 0.142 0.190 
 78 NS_SS0762    (1)    2 :  0.221 0.112 0.056 0.263 0.111 0.125 0.052 0.062 
 79 NS_SS0766   (11)    2 :  0.176 0.050 0.126 0.226 0.147 0.112 0.076 0.086 
 80 NS_SS0724    (1)    2 :  0.153 0.178 0.064 0.092 0.086 0.181 0.155 0.091 
 81 NS_SS0769    (3)    2 :  0.068 0.135 0.103 0.164 0.236 0.127 0.069 0.098 
 82 NS_SS0777    (2)    2 :  0.047 0.064 0.137 0.119 0.142 0.095 0.277 0.118 
 83 NS_SS0734    (6)    2 :  0.123 0.063 0.146 0.129 0.120 0.215 0.114 0.090 
 84 NS_SS0737    (3)    2 :  0.293 0.078 0.055 0.199 0.065 0.091 0.059 0.161 
 85 NS_SS0732    (5)    2 :  0.114 0.114 0.051 0.121 0.117 0.254 0.175 0.054 
 86 NS_SS0728    (5)    2 :  0.220 0.060 0.091 0.123 0.066 0.174 0.135 0.131 
 87 NS_SS0735    (9)    2 :  0.263 0.099 0.065 0.105 0.052 0.175 0.185 0.055 
 88 NS_SS0725    (1)    2 :  0.190 0.094 0.091 0.111 0.049 0.185 0.059 0.220 
 89 NS_SS0788    (2)    2 :  0.106 0.102 0.093 0.098 0.248 0.098 0.061 0.194 
 90 NS_SS0778    (2)    2 :  0.073 0.072 0.113 0.077 0.230 0.125 0.128 0.182 
 91 NS_SS0792    (6)    2 :  0.140 0.128 0.156 0.088 0.135 0.189 0.102 0.062 
 92 NS_SS0943   (11)    2 :  0.082 0.234 0.209 0.040 0.097 0.201 0.072 0.065 
 93 NS_SS0791    (2)    2 :  0.225 0.040 0.148 0.096 0.061 0.156 0.157 0.118 
 94 NS_SS0790    (5)    2 :  0.097 0.207 0.039 0.166 0.071 0.268 0.090 0.062 
 95 NS_SS0731    (6)    2 :  0.064 0.073 0.065 0.213 0.143 0.234 0.135 0.073 
 96 NS_SS0727    (6)    2 :  0.310 0.074 0.215 0.120 0.065 0.105 0.057 0.054 
 97 NS_SS0779   (12)    2 :  0.113 0.065 0.073 0.119 0.139 0.104 0.255 0.132 
 98 NS_SS0776    (3)    2 :  0.132 0.078 0.127 0.185 0.092 0.109 0.132 0.144 
 99 NS_SS0775    (5)    2 :  0.145 0.082 0.070 0.343 0.078 0.105 0.082 0.097 
100 NS_SS0965    (3)    3 :  0.079 0.161 0.062 0.088 0.136 0.210 0.136 0.128 
101 NS_SS0754   (13)    3 :  0.127 0.112 0.182 0.070 0.102 0.223 0.100 0.083 
102 NS_SS0838    (5)    3 :  0.097 0.099 0.099 0.159 0.060 0.072 0.223 0.191 
103 NS_SS0839    (3)    3 :  0.146 0.122 0.074 0.222 0.061 0.146 0.082 0.147 
104 NS_SS0832    (4)    3 :  0.092 0.247 0.040 0.153 0.116 0.168 0.086 0.099 
105 NS_SS0820    (4)    3 :  0.104 0.156 0.041 0.081 0.172 0.197 0.086 0.164 
106 NS_SS0886    (9)    3 :  0.095 0.092 0.161 0.108 0.128 0.161 0.130 0.124 
107 NS_SS0748    (5)    3 :  0.058 0.124 0.090 0.118 0.159 0.086 0.250 0.114 
108 NS_SS0884    (9)    3 :  0.158 0.157 0.127 0.102 0.115 0.145 0.092 0.104 
109 NS_SS0752    (3)    3 :  0.209 0.124 0.090 0.156 0.091 0.092 0.123 0.114 
110 NS_SS0862    (1)    3 :  0.144 0.126 0.045 0.076 0.082 0.277 0.184 0.066 
111 NS_SS0787    (9)    3 :  0.055 0.103 0.345 0.119 0.122 0.101 0.080 0.075 
112 NS_SS0843    (6)    3 :  0.175 0.108 0.070 0.085 0.227 0.149 0.134 0.052 
113 NS_SS0856    (4)    3 :  0.200 0.065 0.136 0.180 0.174 0.099 0.060 0.086 
114 NS_SS0846    (2)    3 :  0.179 0.207 0.118 0.061 0.187 0.056 0.093 0.100 
115 NS_SS0825    (1)    3 :  0.055 0.132 0.103 0.058 0.090 0.198 0.108 0.257 
116 NS_SS0757    (3)    3 :  0.072 0.114 0.106 0.094 0.114 0.161 0.242 0.097 
117 NS_SS0876    (3)    3 :  0.190 0.164 0.092 0.114 0.100 0.151 0.110 0.079 
118 NS_SS0903    (9)    3 :  0.293 0.197 0.047 0.118 0.088 0.057 0.124 0.076 
119 NS_SS0875    (7)    3 :  0.058 0.071 0.096 0.246 0.108 0.087 0.187 0.149 
120 NS_SS0740    (5)    3 :  0.166 0.118 0.071 0.107 0.136 0.124 0.211 0.067 
121 NS_SS0811    (5)    3 :  0.049 0.113 0.056 0.318 0.068 0.186 0.145 0.067 
122 NS_SS0751    (1)    3 :  0.135 0.062 0.082 0.203 0.138 0.066 0.138 0.176 
123 NS_SS0891    (6)    3 :  0.155 0.097 0.105 0.158 0.089 0.101 0.083 0.212 
124 NS_SS0867    (2)    3 :  0.063 0.241 0.119 0.037 0.181 0.197 0.085 0.076 
125 NS_SS0890    (6)    3 :  0.124 0.123 0.076 0.155 0.225 0.070 0.131 0.095 
126 NS_SS0866   (11)    3 :  0.112 0.075 0.339 0.074 0.058 0.101 0.142 0.099 
127 NS_SS0755    (4)    3 :  0.072 0.207 0.114 0.118 0.134 0.211 0.057 0.088 
128 NS_SS0758    (4)    3 :  0.231 0.093 0.079 0.093 0.088 0.074 0.254 0.089 
129 NS_SS0840    (2)    3 :  0.083 0.219 0.049 0.168 0.066 0.129 0.082 0.204 
130 NS_SS0889    (4)    3 :  0.067 0.131 0.260 0.077 0.052 0.212 0.120 0.080 
131 NS_SS1010    (1)    3 :  0.056 0.190 0.091 0.182 0.217 0.086 0.073 0.105 
132 NS_SS0888    (5)    3 :  0.190 0.088 0.318 0.088 0.070 0.159 0.047 0.039 
133 NS_SS0837    (3)    3 :  0.070 0.236 0.059 0.118 0.140 0.256 0.068 0.053 
134 NS_SS0794    (9)    3 :  0.138 0.094 0.228 0.163 0.076 0.094 0.160 0.048 
135 NS_SS0823    (4)    3 :  0.169 0.259 0.062 0.110 0.056 0.079 0.154 0.111 
136 NS_SS0829    (7)    3 :  0.036 0.124 0.168 0.076 0.047 0.091 0.398 0.061 
137 NS_SS0844    (5)    3 :  0.128 0.455 0.042 0.063 0.106 0.098 0.069 0.039 
138 NS_SS1008    (5)    3 :  0.151 0.106 0.225 0.209 0.076 0.102 0.074 0.057 
139 NS_SS0881    (3)    3 :  0.061 0.091 0.148 0.138 0.155 0.108 0.065 0.234 
140 NS_SS0834    (6)    3 :  0.235 0.099 0.061 0.120 0.063 0.122 0.082 0.218 
141 NS_SS0744   (10)    3 :  0.163 0.154 0.106 0.066 0.100 0.151 0.115 0.146 
142 NS_SS0899    (7)    3 :  0.060 0.126 0.055 0.221 0.056 0.140 0.266 0.075 
143 NS_SS0804    (4)    3 :  0.131 0.153 0.035 0.113 0.119 0.172 0.162 0.115 
144 NS_SS0781   (10)    3 :  0.082 0.160 0.043 0.171 0.104 0.061 0.199 0.181 
145 NS_SS0822    (6)    3 :  0.217 0.095 0.098 0.052 0.052 0.121 0.293 0.072 
146 NS_SS1004    (4)    3 :  0.095 0.230 0.066 0.079 0.247 0.119 0.077 0.087 
147 NS_SS0746    (5)    3 :  0.108 0.215 0.112 0.094 0.103 0.068 0.194 0.108 
148 NS_SS0880    (3)    3 :  0.119 0.202 0.075 0.112 0.065 0.140 0.098 0.189 
149 NS_SS0879    (4)    3 :  0.170 0.180 0.115 0.101 0.059 0.203 0.072 0.100 
150 NS_SS0753    (2)    3 :  0.070 0.139 0.167 0.101 0.130 0.118 0.214 0.060 
151 NS_SS1007    (2)    3 :  0.252 0.062 0.094 0.182 0.182 0.052 0.056 0.120 
152 NS_SS0872    (5)    3 :  0.127 0.150 0.077 0.194 0.167 0.095 0.079 0.112 
153 NS_SS1005    (7)    3 :  0.092 0.239 0.053 0.135 0.126 0.071 0.139 0.145 
154 NS_SS0892    (6)    3 :  0.120 0.092 0.100 0.145 0.173 0.120 0.154 0.097 
155 NS_SS0898    (0)    3 :  0.077 0.130 0.175 0.100 0.142 0.137 0.112 0.127 
156 NS_SS0801    (9)    3 :  0.067 0.148 0.087 0.125 0.099 0.177 0.222 0.076 
157 NS_SS0827    (8)    3 :  0.037 0.060 0.091 0.180 0.386 0.094 0.102 0.051 
158 NS_SS0853    (6)    3 :  0.047 0.127 0.134 0.296 0.128 0.117 0.110 0.040 
159 NS_SS0780    (2)    3 :  0.122 0.064 0.051 0.105 0.131 0.156 0.194 0.177 
160 NS_SS0826   (10)    3 :  0.048 0.253 0.101 0.042 0.067 0.086 0.153 0.250 
161 NS_SS0818    (5)    3 :  0.172 0.112 0.053 0.164 0.122 0.140 0.078 0.158 
162 NS_SS0745    (1)    3 :  0.106 0.041 0.066 0.356 0.060 0.179 0.046 0.147 
163 NS_SS0849    (3)    3 :  0.035 0.095 0.055 0.098 0.117 0.335 0.139 0.125 
164 NS_SS0739    (3)    3 :  0.110 0.046 0.105 0.143 0.143 0.166 0.101 0.186 
165 NS_SS0799    (1)    3 :  0.226 0.067 0.115 0.128 0.126 0.103 0.196 0.039 
166 NS_SS0756    (2)    3 :  0.067 0.296 0.067 0.117 0.111 0.109 0.086 0.145 
167 NS_SS0802    (2)    3 :  0.143 0.086 0.109 0.089 0.285 0.062 0.096 0.130 
168 NS_SS0747    (6)    3 :  0.119 0.194 0.079 0.105 0.151 0.072 0.168 0.112 
169 NS_SS0835    (1)    3 :  0.111 0.103 0.244 0.068 0.279 0.067 0.066 0.061 
170 NS_SS0742   (18)    3 :  0.147 0.100 0.062 0.095 0.123 0.137 0.202 0.134 
171 NS_SS0760    (9)    3 :  0.082 0.121 0.265 0.120 0.118 0.056 0.164 0.074 
172 NS_SS0803    (4)    3 :  0.249 0.347 0.045 0.059 0.068 0.081 0.108 0.043 
173 NS_SS0828   (13)    3 :  0.093 0.090 0.086 0.130 0.173 0.173 0.153 0.103 
174 NS_SS0865    (2)    3 :  0.058 0.161 0.131 0.060 0.139 0.229 0.107 0.115 
175 NS_SS0759    (4)    3 :  0.147 0.090 0.051 0.184 0.103 0.152 0.182 0.091 
176 NS_SS0851    (5)    3 :  0.043 0.096 0.059 0.116 0.060 0.423 0.061 0.141 
177 NS_SS0874   (16)    3 :  0.116 0.245 0.048 0.119 0.079 0.073 0.246 0.074 
178 NS_SS0761    (6)    3 :  0.065 0.147 0.202 0.055 0.082 0.121 0.205 0.124 
179 NS_SS0842   (25)    3 :  0.087 0.129 0.172 0.200 0.118 0.087 0.128 0.079 
180 NS_SS0785    (6)    3 :  0.127 0.175 0.149 0.106 0.114 0.130 0.127 0.072 
181 NS_SS0860   (11)    3 :  0.097 0.124 0.279 0.067 0.173 0.064 0.137 0.059 
182 NS_SS0897    (7)    3 :  0.094 0.085 0.301 0.096 0.075 0.146 0.136 0.066 
183 NS_SS0841   (14)    3 :  0.087 0.129 0.060 0.227 0.078 0.208 0.128 0.083 
184 NS_SS0797    (6)    3 :  0.048 0.122 0.166 0.081 0.150 0.203 0.083 0.146 
185 NS_SS0830   (10)    3 :  0.086 0.141 0.138 0.116 0.098 0.177 0.125 0.120 
186 NS_SS1011    (5)    3 :  0.095 0.235 0.068 0.053 0.082 0.163 0.066 0.238 
187 NS_SS0883    (5)    3 :  0.075 0.092 0.112 0.172 0.168 0.118 0.220 0.043 
188 NS_SS0782    (2)    3 :  0.243 0.129 0.162 0.166 0.052 0.101 0.075 0.073 
189 NS_SS0831    (5)    3 :  0.062 0.086 0.214 0.093 0.059 0.206 0.204 0.075 
190 NS_SS0749    (7)    3 :  0.153 0.066 0.124 0.120 0.088 0.192 0.146 0.111 
191 NS_SS0854    (2)    3 :  0.300 0.115 0.116 0.072 0.108 0.124 0.108 0.057 
192 HI_SS0193    (0)    4 :  0.186 0.061 0.194 0.055 0.048 0.216 0.073 0.167 
193 HI_SS0194    (0)    4 :  0.186 0.079 0.077 0.089 0.052 0.082 0.094 0.341 
194 HI_SS0195    (9)    4 :  0.081 0.067 0.040 0.149 0.113 0.244 0.077 0.228 
195 HI_SS0196    (6)    4 :  0.194 0.098 0.125 0.209 0.042 0.075 0.165 0.092 
196 HI_SS0197    (3)    4 :  0.070 0.079 0.069 0.087 0.154 0.047 0.093 0.401 
197 HI_SS0198    (1)    4 :  0.102 0.087 0.139 0.106 0.110 0.222 0.131 0.104 
198 HI_SS0199    (1)    4 :  0.252 0.096 0.205 0.109 0.139 0.086 0.052 0.061 
199 HI_SS0201    (4)    4 :  0.054 0.154 0.203 0.042 0.210 0.177 0.095 0.066 
200 HI_SS0215    (1)    4 :  0.050 0.137 0.210 0.076 0.216 0.105 0.131 0.075 
201 HI_SS0218    (1)    4 :  0.108 0.083 0.363 0.118 0.062 0.157 0.053 0.056 
202 HI_SS0222    (0)    4 :  0.160 0.056 0.101 0.154 0.104 0.174 0.096 0.155 
203 HI_SS0230    (1)    4 :  0.044 0.106 0.072 0.172 0.277 0.065 0.108 0.155 
204 HI_SS0234    (1)    4 :  0.304 0.156 0.087 0.057 0.104 0.055 0.070 0.167 
205 HI_SS0240    (1)    4 :  0.324 0.067 0.091 0.131 0.117 0.124 0.046 0.099 
206 HI_SS0241    (0)    4 :  0.078 0.133 0.201 0.072 0.197 0.117 0.083 0.119 
207 HI_SS0242    (0)    4 :  0.116 0.170 0.169 0.089 0.100 0.168 0.084 0.104 
208 HI_SS0247    (0)    4 :  0.054 0.207 0.092 0.091 0.056 0.099 0.201 0.201 
209 HI_SS0248    (1)    4 :  0.232 0.072 0.179 0.131 0.082 0.060 0.203 0.040 
210 HI_SS0252    (2)    4 :  0.232 0.105 0.068 0.102 0.048 0.167 0.185 0.093 
211 HI_SS0254    (1)    4 :  0.134 0.141 0.113 0.082 0.250 0.056 0.081 0.144 
212 HI_SS0256    (0)    4 :  0.164 0.291 0.027 0.140 0.133 0.115 0.040 0.090 
213 HI_SS0257    (0)    4 :  0.182 0.169 0.218 0.039 0.106 0.048 0.122 0.115 
214 HI_SS0258    (1)    4 :  0.125 0.130 0.241 0.110 0.106 0.110 0.100 0.079 
215 HI_SS0259    (1)    4 :  0.136 0.079 0.078 0.083 0.105 0.173 0.057 0.289 
216 HI_SS0260    (1)    4 :  0.122 0.076 0.235 0.208 0.138 0.081 0.071 0.068 
217 HI_SS0261    (2)    4 :  0.123 0.175 0.133 0.064 0.111 0.064 0.085 0.246 
218 HI_SS0262    (0)    4 :  0.120 0.124 0.112 0.130 0.144 0.242 0.048 0.079 
219 HI_SS0264    (1)    4 :  0.043 0.097 0.096 0.270 0.126 0.102 0.109 0.157 
220 HI_SS0265    (0)    4 :  0.067 0.113 0.079 0.077 0.257 0.209 0.055 0.143 
221 HI_SS0268    (1)    4 :  0.055 0.040 0.104 0.216 0.214 0.077 0.111 0.182 
222 HI_SS0269    (1)    4 :  0.184 0.112 0.280 0.038 0.114 0.057 0.107 0.107 
223 HI_SS0273    (0)    4 :  0.066 0.260 0.244 0.070 0.112 0.110 0.055 0.083 
224 HI_SS0277    (1)    4 :  0.061 0.167 0.078 0.058 0.127 0.106 0.077 0.325 
225 HI_SS0280    (0)    4 :  0.084 0.054 0.129 0.172 0.097 0.246 0.109 0.109 
226 HI_SS0282    (1)    4 :  0.132 0.177 0.161 0.067 0.069 0.168 0.154 0.071 
227 HI_SS0286    (1)    4 :  0.148 0.066 0.099 0.060 0.151 0.185 0.190 0.101 
228 NS_SS1252    (3)    5 :  0.100 0.113 0.291 0.071 0.061 0.071 0.244 0.049 
229 NS_SS1261    (1)    5 :  0.133 0.107 0.101 0.162 0.083 0.073 0.211 0.131 
230 NS_SS1225    (9)    5 :  0.077 0.281 0.135 0.064 0.163 0.064 0.133 0.083 
231 NS_SS1266    (1)    5 :  0.097 0.402 0.049 0.105 0.081 0.113 0.071 0.082 
232 NS_SS1228    (0)    5 :  0.089 0.075 0.099 0.196 0.098 0.260 0.078 0.105 
233 NS_SS1255    (2)    5 :  0.269 0.108 0.142 0.228 0.038 0.072 0.069 0.075 
234 NS_SS1267    (3)    5 :  0.097 0.045 0.326 0.069 0.157 0.131 0.096 0.079 
235 NS_SS1238    (6)    5 :  0.069 0.063 0.119 0.112 0.075 0.133 0.141 0.288 
236 NS_SS1233    (8)    5 :  0.041 0.249 0.056 0.194 0.063 0.071 0.220 0.106 
237 NS_SS1277    (3)    5 :  0.234 0.054 0.226 0.099 0.086 0.152 0.047 0.101 
238 NS_SS1245    (1)    5 :  0.132 0.135 0.105 0.090 0.106 0.065 0.218 0.149 
239 NS_SS1240    (4)    5 :  0.121 0.052 0.270 0.061 0.146 0.044 0.194 0.112 
240 NS_SS1275    (2)    5 :  0.076 0.167 0.048 0.084 0.062 0.192 0.042 0.329 
241 NS_SS1235    (1)    5 :  0.311 0.205 0.084 0.060 0.100 0.043 0.060 0.138 
242 NS_SS1263    (1)    5 :  0.162 0.156 0.050 0.200 0.044 0.064 0.238 0.086 
243 NS_SS1251    (1)    5 :  0.129 0.231 0.067 0.125 0.100 0.075 0.154 0.119 
244 NS_SS1248    (0)    5 :  0.031 0.065 0.090 0.121 0.091 0.325 0.146 0.132 
245 NS_SS1244    (0)    5 :  0.075 0.180 0.088 0.041 0.074 0.111 0.120 0.312 
246 NS_SS1257    (0)    5 :  0.152 0.083 0.262 0.078 0.116 0.125 0.113 0.072 
247 NS_SS1242    (2)    5 :  0.104 0.150 0.076 0.252 0.096 0.144 0.076 0.102 
248 NS_SS1271    (6)    5 :  0.124 0.067 0.298 0.053 0.162 0.127 0.067 0.102 
249 NS_SS1265    (1)    5 :  0.058 0.116 0.226 0.097 0.091 0.082 0.193 0.137 
250 NS_SS1243    (0)    5 :  0.140 0.057 0.076 0.168 0.067 0.216 0.219 0.058 
251 NS_SS1273    (1)    5 :  0.100 0.155 0.073 0.341 0.074 0.087 0.056 0.115 
252 NS_SS1254   (14)    5 :  0.085 0.258 0.068 0.204 0.088 0.071 0.165 0.061 
253 NS_SS1224    (1)    5 :  0.100 0.234 0.085 0.128 0.080 0.225 0.071 0.078 
254 NS_SS1227    (8)    5 :  0.086 0.054 0.126 0.094 0.437 0.047 0.062 0.093 
255 NS_SS1274    (8)    5 :  0.168 0.110 0.168 0.123 0.064 0.093 0.153 0.120 
256 NS_SS1241    (1)    5 :  0.103 0.217 0.177 0.075 0.126 0.158 0.057 0.087 
257 NS_SS1256    (3)    5 :  0.054 0.283 0.161 0.086 0.126 0.062 0.065 0.163 
258 NS_SS1260    (8)    5 :  0.176 0.121 0.218 0.109 0.116 0.080 0.117 0.063 
259 NS_SS1262    (0)    5 :  0.086 0.258 0.147 0.071 0.108 0.133 0.097 0.100 
260 NS_SS1230    (0)    5 :  0.077 0.175 0.198 0.176 0.102 0.101 0.082 0.089 
261 NS_SS1270    (2)    5 :  0.054 0.211 0.064 0.057 0.129 0.267 0.115 0.103 
262 NS_SS1229    (2)    5 :  0.318 0.115 0.049 0.058 0.059 0.040 0.153 0.208 
263 NS_SS1246    (5)    5 :  0.201 0.056 0.145 0.045 0.069 0.064 0.143 0.277 
264 NS_SS1269    (0)    5 :  0.118 0.158 0.098 0.160 0.141 0.153 0.079 0.093 
265 NS_SS1239    (1)    5 :  0.286 0.066 0.053 0.077 0.138 0.265 0.061 0.054 
266 NS_SS1272    (4)    5 :  0.065 0.139 0.066 0.058 0.247 0.073 0.058 0.294 
267 NS_SS1268    (1)    5 :  0.053 0.161 0.069 0.106 0.117 0.320 0.128 0.046 
268 NS_SS1249    (0)    5 :  0.177 0.118 0.316 0.073 0.052 0.093 0.100 0.071 
269 HI_SS0559    (0)    6 :  0.144 0.106 0.131 0.126 0.137 0.209 0.099 0.048 
270 HI_SS0563    (1)    6 :  0.171 0.172 0.098 0.090 0.121 0.091 0.110 0.147 
271 HI_SS0564    (0)    6 :  0.131 0.107 0.067 0.061 0.091 0.144 0.172 0.227 
272 HI_SS0565    (0)    6 :  0.065 0.111 0.104 0.098 0.247 0.061 0.168 0.147 
273 HI_SS0569    (0)    6 :  0.045 0.128 0.088 0.048 0.256 0.051 0.312 0.072 
274 HI_SS0570    (0)    6 :  0.118 0.043 0.204 0.087 0.138 0.144 0.136 0.130 
275 HI_SS0572    (1)    6 :  0.281 0.102 0.054 0.155 0.143 0.089 0.075 0.101 
276 HI_SS0576    (0)    6 :  0.111 0.081 0.066 0.193 0.098 0.197 0.099 0.155 
277 HI_SS0579    (1)    6 :  0.193 0.242 0.114 0.050 0.158 0.075 0.118 0.051 
278 HI_SS0580    (1)    6 :  0.148 0.099 0.221 0.192 0.090 0.119 0.067 0.065 
279 HI_SS0581    (0)    6 :  0.068 0.089 0.056 0.102 0.098 0.244 0.097 0.246 
280 HI_SS0583    (1)    6 :  0.109 0.076 0.166 0.159 0.152 0.036 0.237 0.064 
281 HI_SS0586    (1)    6 :  0.044 0.050 0.254 0.159 0.153 0.094 0.183 0.063 
282 HI_SS0588    (1)    6 :  0.120 0.146 0.120 0.086 0.220 0.076 0.186 0.045 
283 HI_SS0595    (4)    6 :  0.067 0.099 0.179 0.095 0.273 0.051 0.038 0.198 
284 HI_SS0596    (0)    6 :  0.264 0.091 0.077 0.263 0.104 0.085 0.057 0.059 
285 HI_SS0597    (1)    6 :  0.121 0.109 0.067 0.180 0.079 0.052 0.177 0.214 
286 HI_SS0600    (0)    6 :  0.152 0.096 0.150 0.058 0.226 0.130 0.074 0.114 
287 HI_SS0601    (1)    6 :  0.082 0.213 0.085 0.060 0.207 0.112 0.132 0.107 
288 HI_SS0602    (1)    6 :  0.069 0.051 0.153 0.161 0.258 0.113 0.149 0.047 
289 HI_SS0604    (0)    6 :  0.141 0.087 0.059 0.068 0.093 0.138 0.341 0.075 
290 HI_SS0605    (1)    6 :  0.148 0.077 0.132 0.066 0.076 0.296 0.137 0.067 
291 HI_SS0608    (0)    6 :  0.089 0.056 0.093 0.231 0.191 0.086 0.119 0.135 
292 HI_SS0609    (0)    6 :  0.098 0.268 0.080 0.155 0.118 0.063 0.104 0.115 
293 HI_SS0611    (5)    6 :  0.076 0.061 0.223 0.116 0.101 0.203 0.174 0.047 
294 HI_SS0612    (1)    6 :  0.194 0.332 0.134 0.064 0.083 0.041 0.083 0.069 
295 HI_SS0613    (1)    6 :  0.046 0.106 0.103 0.148 0.095 0.339 0.111 0.052 
296 HI_SS0615    (0)    6 :  0.214 0.070 0.049 0.175 0.130 0.139 0.076 0.147 
297 HI_SS0001    (1)    6 :  0.190 0.118 0.202 0.101 0.055 0.091 0.049 0.194 
298 HI_SS0002    (1)    6 :  0.120 0.242 0.051 0.129 0.229 0.074 0.076 0.079 
299 HI_SS0004    (0)    6 :  0.146 0.065 0.191 0.139 0.101 0.116 0.130 0.113 
300 HI_SS0005    (1)    6 :  0.051 0.086 0.100 0.168 0.155 0.255 0.064 0.122 
301 HI_SS0006    (1)    6 :  0.104 0.202 0.188 0.062 0.093 0.072 0.163 0.116 
302 HI_SS0007    (1)    6 :  0.115 0.050 0.204 0.073 0.060 0.363 0.078 0.057 
303 HI_SS0008    (0)    6 :  0.076 0.108 0.068 0.095 0.323 0.129 0.094 0.106 
304 HI_SS0009    (0)    6 :  0.214 0.067 0.057 0.150 0.118 0.228 0.104 0.062 
305 HI_SS0010    (1)    6 :  0.063 0.084 0.130 0.163 0.177 0.111 0.185 0.086 
306 HI_SS0011    (1)    6 :  0.037 0.267 0.091 0.114 0.084 0.113 0.081 0.213 
307 HI_SS0012    (0)    6 :  0.192 0.093 0.036 0.125 0.263 0.089 0.103 0.099 
308 HI_SS0017    (1)    6 :  0.259 0.060 0.077 0.125 0.054 0.140 0.073 0.213 
309 HI_SS0021    (1)    6 :  0.052 0.098 0.203 0.180 0.227 0.067 0.062 0.111 
310 HI_SS0024    (1)    6 :  0.146 0.071 0.075 0.175 0.081 0.163 0.065 0.224 
311 HI_SS0025    (1)    6 :  0.163 0.139 0.082 0.243 0.069 0.128 0.096 0.081 
312 HI_SS0027    (0)    6 :  0.123 0.125 0.120 0.091 0.132 0.122 0.234 0.053 
313 HI_SS0028    (0)    6 :  0.037 0.079 0.036 0.233 0.286 0.141 0.042 0.146 
314 HI_SS0029    (1)    6 :  0.115 0.056 0.176 0.336 0.055 0.050 0.056 0.155 
315 HI_SS0030    (2)    6 :  0.180 0.124 0.126 0.060 0.136 0.190 0.082 0.103 
316 HI_SS0031    (0)    6 :  0.139 0.140 0.058 0.091 0.370 0.053 0.053 0.096 
317 HI_SS0034    (0)    6 :  0.146 0.133 0.191 0.058 0.084 0.099 0.200 0.090 
318 HI_SS0036    (0)    6 :  0.078 0.037 0.275 0.072 0.099 0.149 0.052 0.239 
319 HI_SS0037    (1)    6 :  0.039 0.115 0.227 0.176 0.100 0.103 0.193 0.047 
320 HI_SS0039    (0)    6 :  0.042 0.086 0.253 0.160 0.109 0.220 0.046 0.084 
321 HI_SS0041    (1)    6 :  0.116 0.060 0.075 0.136 0.067 0.285 0.088 0.172 
322 HI_SS0042    (1)    6 :  0.102 0.135 0.071 0.180 0.079 0.114 0.082 0.237 
323 HI_SS0043    (1)    6 :  0.072 0.064 0.240 0.043 0.102 0.075 0.229 0.176 
324 HI_SS0044    (1)    6 :  0.175 0.055 0.228 0.263 0.085 0.068 0.049 0.077 
325 HI_SS0047    (1)    6 :  0.188 0.120 0.069 0.088 0.105 0.192 0.144 0.096 
326 HI_SS0049    (0)    6 :  0.179 0.128 0.091 0.182 0.088 0.085 0.143 0.104 
327 HI_SS0051    (1)    6 :  0.082 0.183 0.069 0.058 0.112 0.310 0.140 0.046 
328 HI_SS0053    (1)    6 :  0.086 0.068 0.219 0.048 0.163 0.077 0.145 0.194 
329 HI_SS0054    (4)    6 :  0.055 0.190 0.174 0.045 0.099 0.122 0.210 0.106 
330 HI_SS0057    (0)    6 :  0.067 0.090 0.072 0.105 0.059 0.165 0.245 0.198 
331 HI_SS0058    (0)    6 :  0.090 0.159 0.209 0.153 0.071 0.084 0.172 0.060 
332 HI_SS0060    (0)    6 :  0.089 0.114 0.068 0.059 0.208 0.160 0.139 0.163 
333 HI_SS0087    (1)    6 :  0.123 0.133 0.086 0.066 0.146 0.084 0.212 0.151 
334 HI_SS0091    (0)    6 :  0.075 0.113 0.284 0.043 0.135 0.060 0.118 0.171 
335 HI_SS0095    (1)    6 :  0.173 0.140 0.129 0.066 0.153 0.129 0.087 0.122 
336 HI_SS0097    (3)    6 :  0.124 0.279 0.055 0.064 0.124 0.066 0.220 0.069 
337 HI_SS0099    (0)    6 :  0.067 0.061 0.127 0.374 0.131 0.065 0.093 0.082 
338 HI_SS0103    (0)    6 :  0.241 0.125 0.104 0.107 0.081 0.119 0.089 0.134 
339 HI_SS0105    (1)    6 :  0.066 0.155 0.087 0.068 0.177 0.140 0.116 0.192 
340 HI_SS0107    (1)    6 :  0.289 0.101 0.042 0.095 0.060 0.123 0.074 0.215 
341 HI_SS0108    (1)    6 :  0.100 0.080 0.326 0.053 0.057 0.085 0.215 0.084 
342 HI_SS0110    (0)    6 :  0.163 0.125 0.162 0.082 0.075 0.062 0.063 0.268 
343 HI_SS0111    (1)    6 :  0.191 0.079 0.101 0.090 0.129 0.110 0.141 0.159 
344 HI_SS0112    (0)    6 :  0.115 0.057 0.287 0.081 0.114 0.077 0.126 0.143 
345 HI_SS0113    (1)    6 :  0.097 0.134 0.058 0.233 0.068 0.080 0.098 0.231 
346 HI_SS0114    (1)    6 :  0.058 0.099 0.155 0.085 0.131 0.121 0.273 0.079 
347 HI_SS0115    (1)    6 :  0.245 0.098 0.095 0.169 0.164 0.099 0.098 0.031 
348 HI_SS0116    (4)    6 :  0.179 0.054 0.219 0.207 0.101 0.038 0.139 0.063 
349 HI_SS0117    (0)    6 :  0.070 0.239 0.185 0.055 0.127 0.048 0.070 0.206 
350 HI_SS0118    (0)    6 :  0.086 0.153 0.187 0.134 0.149 0.066 0.128 0.099 
351 HI_SS0119    (1)    6 :  0.089 0.162 0.140 0.052 0.089 0.089 0.196 0.183 
352 HI_SS0120    (1)    6 :  0.243 0.080 0.047 0.083 0.042 0.092 0.057 0.356 
353 HI_SS0121    (1)    6 :  0.033 0.201 0.070 0.133 0.125 0.107 0.096 0.237 
354 HI_SS0122    (2)    6 :  0.081 0.138 0.146 0.112 0.112 0.153 0.077 0.180 
355 HI_SS0123    (0)    6 :  0.103 0.197 0.133 0.118 0.114 0.069 0.090 0.176 
356 HI_SS0124    (1)    6 :  0.199 0.084 0.069 0.267 0.106 0.126 0.065 0.083 
357 HI_SS0125    (1)    6 :  0.149 0.068 0.050 0.194 0.144 0.141 0.072 0.181 
358 HI_SS0126    (0)    6 :  0.118 0.086 0.339 0.180 0.078 0.075 0.046 0.079 
359 HI_SS0127    (0)    6 :  0.066 0.132 0.072 0.102 0.131 0.235 0.190 0.072 
360 HI_SS0128    (0)    6 :  0.205 0.125 0.104 0.120 0.126 0.059 0.085 0.176 
361 HI_SS0129    (1)    6 :  0.132 0.057 0.175 0.082 0.069 0.173 0.133 0.179 
362 HI_SS0131    (2)    6 :  0.038 0.175 0.153 0.101 0.207 0.121 0.131 0.074 
363 HI_SS0132    (0)    6 :  0.061 0.128 0.132 0.143 0.140 0.092 0.103 0.202 
364 HI_SS0133    (1)    6 :  0.115 0.061 0.356 0.057 0.079 0.104 0.093 0.135 
365 HI_SS0134    (1)    6 :  0.112 0.161 0.137 0.106 0.141 0.108 0.144 0.091 
366 HI_SS0142    (3)    6 :  0.096 0.205 0.079 0.067 0.228 0.105 0.103 0.115 
367 HI_SS0145    (0)    6 :  0.183 0.217 0.157 0.095 0.082 0.077 0.117 0.071 
368 HI_SS0146    (1)    6 :  0.151 0.136 0.171 0.088 0.165 0.172 0.075 0.042 
369 HI_SS0147    (1)    6 :  0.060 0.179 0.089 0.097 0.059 0.354 0.077 0.087 
370 HI_SS0149    (1)    6 :  0.035 0.208 0.162 0.083 0.060 0.060 0.043 0.349 
371 HI_SS0150    (2)    6 :  0.155 0.090 0.053 0.142 0.104 0.165 0.126 0.165 
372 HI_SS0151    (0)    6 :  0.348 0.069 0.090 0.060 0.090 0.183 0.114 0.046 
373 NS_SS1451    (1)    6 :  0.143 0.078 0.064 0.195 0.081 0.198 0.081 0.161 
374 NS_SS1404    (0)    6 :  0.067 0.102 0.124 0.148 0.091 0.318 0.050 0.099 
375 NS_SS1432    (2)    6 :  0.137 0.048 0.060 0.224 0.149 0.072 0.065 0.244 
376 NS_SS1405    (4)    6 :  0.128 0.112 0.158 0.314 0.073 0.075 0.071 0.069 
377 NS_SS1431   (10)    6 :  0.100 0.074 0.060 0.173 0.072 0.092 0.120 0.310 
378 NS_SS1402    (3)    6 :  0.157 0.145 0.127 0.091 0.138 0.099 0.092 0.152 
379 NS_SS1450    (3)    6 :  0.182 0.050 0.200 0.062 0.041 0.156 0.144 0.164 
380 NS_SS1396    (0)    6 :  0.088 0.110 0.107 0.188 0.121 0.124 0.138 0.124 
381 NS_SS1393    (5)    6 :  0.174 0.060 0.108 0.125 0.152 0.106 0.218 0.055 
382 NS_SS1392   (10)    6 :  0.252 0.046 0.066 0.145 0.097 0.183 0.071 0.139 
383 NS_SS1445    (0)    6 :  0.055 0.121 0.176 0.060 0.196 0.116 0.113 0.163 
384 NS_SS1423    (0)    6 :  0.210 0.096 0.126 0.069 0.204 0.060 0.070 0.165 
385 NS_SS1421    (9)    6 :  0.121 0.121 0.111 0.073 0.062 0.103 0.150 0.259 
386 NS_SS1411    (6)    6 :  0.064 0.047 0.121 0.089 0.067 0.216 0.339 0.057 
387 NS_SS1453    (5)    6 :  0.100 0.086 0.209 0.089 0.094 0.097 0.085 0.240 
388 NS_SS1442    (2)    6 :  0.127 0.132 0.056 0.126 0.098 0.066 0.321 0.074 
389 NS_SS1422    (1)    6 :  0.284 0.197 0.104 0.075 0.069 0.088 0.076 0.107 
390 NS_SS1419    (1)    6 :  0.046 0.195 0.066 0.146 0.052 0.102 0.299 0.094 
391 NS_SS1427    (0)    6 :  0.240 0.037 0.288 0.062 0.067 0.060 0.076 0.170 
392 NS_SS1444    (3)    6 :  0.083 0.139 0.068 0.181 0.205 0.162 0.102 0.060 
393 NS_SS1455    (0)    6 :  0.167 0.160 0.052 0.272 0.083 0.044 0.124 0.098 
394 NS_SS1425    (2)    6 :  0.060 0.087 0.209 0.048 0.141 0.078 0.303 0.073 
395 NS_SS1400    (0)    6 :  0.051 0.174 0.225 0.155 0.063 0.079 0.187 0.067 
396 NS_SS1406    (1)    6 :  0.071 0.239 0.041 0.163 0.099 0.047 0.123 0.218 
397 NS_SS1417    (6)    6 :  0.096 0.228 0.145 0.111 0.062 0.105 0.115 0.138 
398 NS_SS1454    (2)    6 :  0.029 0.092 0.208 0.152 0.052 0.087 0.132 0.248 
399 NS_SS1412    (1)    6 :  0.105 0.075 0.169 0.145 0.112 0.190 0.120 0.085 
400 NS_SS1438    (1)    6 :  0.080 0.110 0.155 0.042 0.153 0.123 0.277 0.060 
401 NS_SS1416    (4)    6 :  0.083 0.123 0.133 0.173 0.104 0.120 0.128 0.136 
402 NS_SS1401    (0)    6 :  0.092 0.113 0.109 0.100 0.200 0.072 0.120 0.192 
403 NS_SS1424    (6)    6 :  0.099 0.142 0.148 0.055 0.136 0.167 0.060 0.193 
404 NS_SS1435    (9)    6 :  0.138 0.037 0.084 0.125 0.301 0.134 0.056 0.126 
405 NS_SS1447    (4)    6 :  0.066 0.118 0.052 0.118 0.097 0.205 0.242 0.103 
406 NS_SS1414    (3)    6 :  0.059 0.150 0.066 0.239 0.097 0.185 0.104 0.101 
407 NS_SS1449   (14)    6 :  0.257 0.078 0.084 0.052 0.059 0.111 0.137 0.221 
408 NS_SS1443    (4)    6 :  0.240 0.130 0.196 0.048 0.150 0.058 0.108 0.069 
409 NS_SS1434    (1)    6 :  0.339 0.098 0.132 0.114 0.058 0.063 0.129 0.065 
410 NS_SS1398    (1)    6 :  0.122 0.060 0.103 0.241 0.086 0.089 0.132 0.167 
411 NS_SS1426    (1)    6 :  0.146 0.088 0.198 0.055 0.216 0.087 0.113 0.097 
412 NS_SS1413    (0)    6 :  0.143 0.146 0.226 0.116 0.091 0.089 0.087 0.102 
413 NS_SS1395    (1)    6 :  0.164 0.067 0.140 0.041 0.307 0.066 0.128 0.086 
414 NS_SS1448   (10)    6 :  0.072 0.055 0.191 0.109 0.058 0.274 0.061 0.179 
415 NS_SS1446    (0)    6 :  0.147 0.117 0.181 0.048 0.146 0.132 0.102 0.128 
416 NS_SS1403    (2)    6 :  0.113 0.060 0.060 0.123 0.254 0.061 0.122 0.208 
417 NS_SS1415    (0)    6 :  0.114 0.088 0.230 0.121 0.130 0.114 0.116 0.087 
418 NS_SS1437    (4)    6 :  0.061 0.095 0.096 0.117 0.193 0.105 0.078 0.254 
419 NS_SS1439    (2)    6 :  0.130 0.239 0.095 0.089 0.162 0.096 0.125 0.063 
420 NS_SS1441    (3)    6 :  0.134 0.137 0.168 0.154 0.141 0.043 0.137 0.086 
421 NS_SS1420    (2)    6 :  0.103 0.049 0.078 0.128 0.051 0.443 0.091 0.058 
422 NS_SS1394    (2)    6 :  0.057 0.056 0.056 0.218 0.189 0.166 0.131 0.127 
423 NS_SS1391    (7)    6 :  0.243 0.059 0.154 0.132 0.155 0.070 0.082 0.105 
424 NS_SS1410    (5)    6 :  0.125 0.096 0.141 0.128 0.111 0.074 0.130 0.195 
425 NS_SS1408    (1)    6 :  0.099 0.126 0.067 0.057 0.191 0.149 0.093 0.220 
426 NS_SS1409    (1)    6 :  0.229 0.103 0.157 0.166 0.084 0.054 0.105 0.101 
427 HI_SS0617    (1)    7 :  0.253 0.078 0.241 0.099 0.052 0.152 0.052 0.074 
428 HI_SS0618    (2)    7 :  0.163 0.076 0.064 0.227 0.100 0.092 0.171 0.107 
429 HI_SS0619    (0)    7 :  0.091 0.099 0.192 0.289 0.089 0.099 0.060 0.080 
430 HI_SS0620    (1)    7 :  0.157 0.063 0.254 0.046 0.059 0.270 0.112 0.039 
431 HI_SS0621    (3)    7 :  0.144 0.196 0.090 0.128 0.099 0.124 0.058 0.162 
432 HI_SS0622    (1)    7 :  0.068 0.252 0.159 0.116 0.066 0.173 0.053 0.113 
433 HI_SS0626    (0)    7 :  0.045 0.057 0.091 0.123 0.208 0.248 0.118 0.110 
434 HI_SS0627    (0)    7 :  0.119 0.074 0.057 0.112 0.142 0.077 0.179 0.240 
435 HI_SS0628    (3)    7 :  0.062 0.061 0.221 0.126 0.140 0.088 0.074 0.227 
436 HI_SS0629    (1)    7 :  0.066 0.154 0.156 0.130 0.219 0.088 0.074 0.111 
437 HI_SS0630    (1)    7 :  0.128 0.086 0.153 0.133 0.134 0.166 0.144 0.056 
438 HI_SS0631    (0)    7 :  0.142 0.074 0.140 0.095 0.130 0.162 0.150 0.108 
439 HI_SS0632    (0)    7 :  0.070 0.090 0.083 0.088 0.087 0.170 0.247 0.165 
440 HI_SS0633    (0)    7 :  0.220 0.098 0.120 0.288 0.064 0.052 0.108 0.050 
441 HI_SS0634    (1)    7 :  0.079 0.091 0.156 0.082 0.095 0.218 0.095 0.183 
442 HI_SS0635    (0)    7 :  0.078 0.124 0.051 0.200 0.221 0.129 0.111 0.086 
443 HI_SS0637    (1)    7 :  0.058 0.199 0.109 0.043 0.114 0.233 0.134 0.111 
444 HI_SS0638    (0)    7 :  0.145 0.128 0.136 0.127 0.072 0.132 0.108 0.152 
445 HI_SS0639    (1)    7 :  0.121 0.092 0.053 0.125 0.264 0.205 0.061 0.078 
446 HI_SS0640    (1)    7 :  0.149 0.116 0.060 0.078 0.277 0.093 0.168 0.059 
447 HI_SS0641    (1)    7 :  0.037 0.083 0.192 0.170 0.197 0.146 0.127 0.046 
448 HI_SS0642    (0)    7 :  0.100 0.072 0.052 0.093 0.172 0.093 0.084 0.335 
449 HI_SS0645    (0)    7 :  0.076 0.065 0.056 0.334 0.053 0.222 0.139 0.055 
450 HI_SS0646    (1)    7 :  0.265 0.177 0.116 0.077 0.113 0.085 0.065 0.102 
451 HI_SS0647    (1)    7 :  0.124 0.125 0.115 0.137 0.065 0.107 0.081 0.246 
452 HI_SS0648    (0)    7 :  0.142 0.122 0.126 0.127 0.144 0.147 0.096 0.098 
453 HI_SS0649    (1)    7 :  0.148 0.093 0.088 0.177 0.153 0.059 0.215 0.068 
454 HI_SS0650    (1)    7 :  0.319 0.060 0.061 0.127 0.086 0.105 0.120 0.121 
455 HI_SS0651    (1)    7 :  0.163 0.105 0.076 0.160 0.264 0.100 0.074 0.056 
456 HI_SS0652    (1)    7 :  0.094 0.066 0.064 0.132 0.079 0.372 0.106 0.088 
457 NS_SS1371    (3)    7 :  0.185 0.089 0.110 0.091 0.307 0.054 0.072 0.092 
458 NS_SS1374    (0)    7 :  0.060 0.055 0.228 0.074 0.110 0.197 0.068 0.208 
459 NS_SS1337    (3)    7 :  0.082 0.140 0.076 0.060 0.044 0.326 0.044 0.229 
460 NS_SS1385    (5)    7 :  0.203 0.140 0.086 0.132 0.165 0.114 0.076 0.084 
461 NS_SS1388    (0)    7 :  0.059 0.070 0.129 0.333 0.126 0.049 0.133 0.100 
462 NS_SS1370    (1)    7 :  0.085 0.079 0.045 0.068 0.053 0.443 0.152 0.076 
463 NS_SS1389    (3)    7 :  0.057 0.054 0.095 0.353 0.100 0.096 0.113 0.131 
464 NS_SS1360    (1)    7 :  0.067 0.097 0.104 0.102 0.210 0.114 0.237 0.069 
465 NS_SS1330    (0)    7 :  0.153 0.183 0.058 0.164 0.131 0.177 0.078 0.055 
466 NS_SS1328    (8)    7 :  0.235 0.094 0.215 0.060 0.093 0.064 0.067 0.172 
467 NS_SS1384    (1)    7 :  0.106 0.139 0.079 0.041 0.306 0.131 0.087 0.112 
468 NS_SS1381    (0)    7 :  0.346 0.128 0.041 0.155 0.054 0.090 0.100 0.085 
469 NS_SS1375    (1)    7 :  0.163 0.044 0.094 0.266 0.138 0.117 0.047 0.131 
470 NS_SS1319   (10)    7 :  0.118 0.132 0.136 0.116 0.126 0.121 0.076 0.175 
471 NS_SS1326    (2)    7 :  0.119 0.070 0.274 0.188 0.070 0.052 0.106 0.121 
472 NS_SS1341    (1)    7 :  0.068 0.094 0.117 0.043 0.135 0.059 0.300 0.183 
473 NS_SS1383    (1)    7 :  0.089 0.068 0.072 0.041 0.167 0.138 0.092 0.331 
