   NS_SS0963  1 0.2757 0.2881 0.4362 
   NS_SS0983  1 0.6265 0.1373 0.2362 
   NS_SS0719  1 0.3590 0.3626 0.2784 
   NS_SS1001  1 0.1674 0.4404 0.3922 
   NS_SS0936  1 0.2238 0.2508 0.5254 
   NS_SS0955  1 0.4655 0.1949 0.3396 
   NS_SS0944  1 0.3287 0.2660 0.4053 
   NS_SS0945  1 0.3413 0.3258 0.3329 
   NS_SS0922  1 0.1404 0.4505 0.4091 
   NS_SS0929  1 0.4446 0.2592 0.2961 
   NS_SS0956  1 0.1386 0.6056 0.2558 
   NS_SS0906  1 0.3903 0.2625 0.3472 
   NS_SS0721  1 0.2725 0.4917 0.2358 
   NS_SS0982  1 0.2631 0.3880 0.3489 
   NS_SS0923  1 0.2571 0.4156 0.3273 
   NS_SS0905  1 0.3128 0.3889 0.2983 
   NS_SS0925  1 0.1566 0.3204 0.5230 
   NS_SS0947  1 0.2012 0.3087 0.4900 
   NS_SS0926  1 0.5944 0.2432 0.1624 
   NS_SS0918  1 0.1900 0.4522 0.3579 
   NS_SS0966  1 0.2726 0.3058 0.4217 
   NS_SS0938  1 0.1848 0.3270 0.4882 
   NS_SS0917  1 0.4664 0.2618 0.2717 
   NS_SS0957  1 0.2347 0.5418 0.2235 
   NS_SS0987  1 0.2242 0.5758 0.2000 
   NS_SS0717  1 0.1642 0.4613 0.3746 
   NS_SS0986  1 0.3685 0.4223 0.2092 
   NS_SS0953  1 0.1755 0.3132 0.5113 
   NS_SS0907  1 0.3313 0.2275 0.4412 
   NS_SS0974  1 0.3278 0.2175 0.4547 
   NS_SS0989  1 0.5535 0.1601 0.2864 
   NS_SS0991  1 0.4412 0.3082 0.2505 
   NS_SS0994  1 0.6719 0.1248 0.2033 
   NS_SS0931  1 0.4837 0.3081 0.2082 
   NS_SS1000  1 0.1780 0.3294 0.4925 
   NS_SS0919  1 0.4760 0.2126 0.3113 
   NS_SS0949  1 0.5355 0.1782 0.2862 
   NS_SS0960  1 0.4344 0.3292 0.2364 
   NS_SS0716  1 0.1309 0.6943 0.1747 
   NS_SS0924  1 0.4101 0.2748 0.3152 
   NS_SS0935  1 0.4741 0.3096 0.2163 
   NS_SS0952  1 0.5417 0.1848 0.2735 
   NS_SS0962  1 0.2097 0.4552 0.3351 
   NS_SS0973  1 0.3071 0.2274 0.4655 
   NS_SS0722  1 0.1257 0.3131 0.5613 
   NS_SS0979  1 0.1990 0.5011 0.2999 
   NS_SS0993  1 0.1750 0.3173 0.5078 
   NS_SS0958  1 0.4823 0.2873 0.2305 
   NS_SS0988  1 0.4190 0.3352 0.2458 
   NS_SS1003  1 0.1641 0.5495 0.2864 
   NS_SS0976  1 0.4888 0.2222 0.2890 
   NS_SS0964  1 0.1338 0.4624 0.4039 
   NS_SS0939  1 0.1282 0.6905 0.1813 
   NS_SS0990  1 0.3726 0.4350 0.1924 
   NS_SS0984  1 0.1315 0.4594 0.4092 
   NS_SS0980  1 0.1858 0.1830 0.6312 
   NS_SS0978  1 0.2362 0.2634 0.5004 
   NS_SS0951  1 0.3545 0.4232 0.2223 
   NS_SS0913  1 0.1784 0.5122 0.3094 
   NS_SS1002  1 0.1972 0.3198 0.4830 
   NS_SS0948  1 0.3434 0.3518 0.3049 
   NS_SS0916  1 0.3344 0.2659 0.3997 
   NS_SS0995  1 0.2253 0.3899 0.3848 
   NS_SS0927  1 0.4586 0.2092 0.3322 
   NS_SS0992  1 0.3141 0.1923 0.4935 
   NS_SS0912  1 0.3322 0.4720 0.1958 
   NS_SS0981  1 0.2346 0.4790 0.2864 
   NS_SS0729  2 0.5256 0.0959 0.3785 
   NS_SS0967  2 0.2861 0.2815 0.4324 
   NS_SS0941  2 0.2346 0.3399 0.4256 
   NS_SS0768  2 0.2494 0.4143 0.3363 
   NS_SS0726  2 0.4205 0.1324 0.4471 
   NS_SS0763  2 0.4905 0.1912 0.3183 
   NS_SS0730  2 0.1935 0.4856 0.3209 
   NS_SS0774  2 0.1595 0.3155 0.5250 
   NS_SS0723  2 0.1554 0.3676 0.4769 
   NS_SS0940  2 0.3674 0.3505 0.2821 
   NS_SS0762  2 0.0951 0.4540 0.4509 
   NS_SS0766  2 0.2790 0.4161 0.3049 
   NS_SS0724  2 0.1932 0.4338 0.3730 
   NS_SS0769  2 0.3243 0.3947 0.2809 
   NS_SS0777  2 0.4084 0.3470 0.2446 
   NS_SS0734  2 0.3212 0.4157 0.2631 
   NS_SS0737  2 0.1248 0.3411 0.5341 
   NS_SS0732  2 0.1737 0.5379 0.2884 
   NS_SS0728  2 0.2344 0.3321 0.4335 
   NS_SS0735  2 0.1868 0.3049 0.5083 
   NS_SS0725  2 0.1868 0.3768 0.4364 
   NS_SS0788  2 0.3600 0.3043 0.3357 
   NS_SS0778  2 0.4563 0.3054 0.2383 
   NS_SS0792  2 0.3442 0.3585 0.2973 
   NS_SS0943  2 0.4586 0.2205 0.3209 
   NS_SS0791  2 0.3440 0.3640 0.2920 
   NS_SS0790  2 0.0906 0.5543 0.3552 
   NS_SS0731  2 0.1894 0.5733 0.2373 
   NS_SS0727  2 0.3741 0.1770 0.4489 
   NS_SS0779  2 0.3233 0.3571 0.3195 
   NS_SS0776  2 0.2606 0.3732 0.3662 
   NS_SS0775  2 0.1418 0.4804 0.3779 
   NS_SS0965  3 0.2263 0.4508 0.3229 
   NS_SS0754  3 0.4266 0.3286 0.2449 
   NS_SS0838  3 0.3620 0.2808 0.3572 
   NS_SS0839  3 0.1300 0.4766 0.3934 
   NS_SS0832  3 0.1095 0.4405 0.4500 
   NS_SS0820  3 0.1712 0.5159 0.3129 
   NS_SS0886  3 0.4110 0.3479 0.2411 
   NS_SS0748  3 0.4086 0.3131 0.2783 
   NS_SS0884  3 0.3374 0.2748 0.3879 
   NS_SS0752  3 0.2461 0.2776 0.4763 
   NS_SS0862  3 0.1416 0.5268 0.3315 
   NS_SS0787  3 0.7008 0.1603 0.1390 
   NS_SS0843  3 0.2854 0.2953 0.4193 
   NS_SS0856  3 0.2644 0.3446 0.3910 
   NS_SS0846  3 0.3999 0.1437 0.4564 
   NS_SS0825  3 0.3730 0.3496 0.2775 
   NS_SS0757  3 0.3891 0.3085 0.3025 
   NS_SS0876  3 0.2351 0.3096 0.4554 
   NS_SS0903  3 0.1602 0.2249 0.6150 
   NS_SS0875  3 0.2776 0.5182 0.2042 
   NS_SS0740  3 0.2919 0.2809 0.4273 
   NS_SS0811  3 0.1216 0.6557 0.2227 
   NS_SS0751  3 0.2471 0.4289 0.3240 
   NS_SS0891  3 0.2646 0.3830 0.3524 
   NS_SS0867  3 0.3993 0.2249 0.3758 
   NS_SS0890  3 0.3171 0.3300 0.3528 
   NS_SS0866  3 0.6112 0.1656 0.2231 
   NS_SS0755  3 0.2772 0.4255 0.2974 
   NS_SS0758  3 0.2747 0.2501 0.4753 
   NS_SS0840  3 0.1390 0.4491 0.4119 
   NS_SS0889  3 0.4841 0.3231 0.1928 
   NS_SS1010  3 0.3297 0.3640 0.3062 
   NS_SS0888  3 0.5215 0.1832 0.2953 
   NS_SS0837  3 0.1658 0.4850 0.3492 
   NS_SS0794  3 0.4205 0.2494 0.3302 
   NS_SS0823  3 0.1505 0.2600 0.5895 
   NS_SS0829  3 0.6052 0.2178 0.1770 
   NS_SS0844  3 0.1525 0.2952 0.5523 
   NS_SS1008  3 0.3853 0.2982 0.3165 
   NS_SS0881  3 0.3804 0.4003 0.2193 
   NS_SS0834  3 0.1667 0.3139 0.5195 
   NS_SS0744  3 0.3402 0.2564 0.4033 
   NS_SS0899  3 0.1332 0.6148 0.2520 
   NS_SS0804  3 0.1337 0.4785 0.3878 
   NS_SS0781  3 0.1647 0.4050 0.4304 
   NS_SS0822  3 0.3195 0.2230 0.4575 
   NS_SS1004  3 0.2681 0.3027 0.4292 
   NS_SS0746  3 0.3145 0.2267 0.4588 
   NS_SS0880  3 0.2427 0.3165 0.4408 
   NS_SS0879  3 0.2017 0.3706 0.4278 
   NS_SS0753  3 0.4271 0.3136 0.2593 
   NS_SS1007  3 0.2661 0.2832 0.4507 
   NS_SS0872  3 0.1962 0.3748 0.4291 
   NS_SS1005  3 0.2534 0.2803 0.4662 
   NS_SS0892  3 0.3208 0.3517 0.3275 
   NS_SS0898  3 0.3623 0.3647 0.2730 
   NS_SS0801  3 0.2813 0.4218 0.2970 
   NS_SS0827  3 0.3518 0.4797 0.1685 
   NS_SS0853  3 0.2835 0.5337 0.1829 
   NS_SS0780  3 0.2035 0.4630 0.3335 
   NS_SS0826  3 0.3858 0.2582 0.3559 
   NS_SS0818  3 0.1269 0.4817 0.3914 
   NS_SS0745  3 0.1006 0.6924 0.2071 
   NS_SS0849  3 0.2508 0.5486 0.2007 
   NS_SS0739  3 0.3030 0.4684 0.2286 
   NS_SS0799  3 0.3902 0.2408 0.3690 
   NS_SS0756  3 0.1518 0.4254 0.4229 
   NS_SS0802  3 0.4281 0.1950 0.3769 
   NS_SS0747  3 0.3194 0.2475 0.4331 
   NS_SS0835  3 0.6309 0.1360 0.2331 
   NS_SS0742  3 0.2863 0.3307 0.3830 
   NS_SS0760  3 0.5376 0.2138 0.2486 
   NS_SS0803  3 0.1352 0.1874 0.6774 
   NS_SS0828  3 0.3092 0.4471 0.2438 
   NS_SS0865  3 0.3253 0.3877 0.2870 
   NS_SS0759  3 0.1415 0.4889 0.3696 
   NS_SS0851  3 0.1443 0.6696 0.1860 
   NS_SS0874  3 0.2233 0.2614 0.5152 
   NS_SS0761  3 0.5093 0.2671 0.2236 
   NS_SS0842  3 0.4085 0.3118 0.2797 
   NS_SS0785  3 0.3901 0.2592 0.3507 
   NS_SS0860  3 0.6488 0.1417 0.2095 
   NS_SS0897  3 0.6243 0.2073 0.1684 
   NS_SS0841  3 0.1401 0.5510 0.3089 
   NS_SS0797  3 0.4116 0.3812 0.2072 
   NS_SS0830  3 0.3034 0.4061 0.2905 
   NS_SS1011  3 0.1956 0.3445 0.4598 
   NS_SS0883  3 0.3451 0.4128 0.2422 
   NS_SS0782  3 0.2783 0.2775 0.4441 
   NS_SS0831  3 0.4894 0.3327 0.1779 
   NS_SS0749  3 0.3092 0.4030 0.2879 
   NS_SS0854  3 0.3191 0.2118 0.4691 
   HI_SS0193  4 0.3842 0.3018 0.3140 
   HI_SS0194  4 0.2162 0.3054 0.4784 
   HI_SS0195  4 0.1403 0.6155 0.2442 
   HI_SS0196  4 0.2800 0.2706 0.4494 
   HI_SS0197  4 0.3110 0.2896 0.3994 
   HI_SS0198  4 0.3881 0.3769 0.2349 
   HI_SS0199  4 0.3775 0.1989 0.4236 
   HI_SS0201  4 0.6159 0.1895 0.1945 
   HI_SS0215  4 0.6118 0.1961 0.1921 
   HI_SS0218  4 0.5684 0.2362 0.1955 
   HI_SS0222  4 0.2540 0.4784 0.2676 
   HI_SS0230  4 0.3044 0.4505 0.2450 
   HI_SS0234  4 0.2740 0.1709 0.5551 
   HI_SS0240  4 0.2190 0.3126 0.4684 
   HI_SS0241  4 0.5434 0.2079 0.2487 
   HI_SS0242  4 0.3200 0.3071 0.3729 
   HI_SS0247  4 0.2942 0.3339 0.3719 
   HI_SS0248  4 0.4646 0.1475 0.3879 
   HI_SS0252  4 0.1832 0.3205 0.4963 
   HI_SS0254  4 0.4281 0.2353 0.3366 
   HI_SS0256  4 0.0752 0.3921 0.5327 
   HI_SS0257  4 0.4894 0.1027 0.4079 
   HI_SS0258  4 0.4745 0.2759 0.2496 
   HI_SS0259  4 0.2326 0.3601 0.4072 
   HI_SS0260  4 0.4993 0.2191 0.2816 
   HI_SS0261  4 0.4023 0.2119 0.3858 
   HI_SS0262  4 0.2348 0.4597 0.3055 
   HI_SS0264  4 0.2430 0.5405 0.2165 
   HI_SS0265  4 0.2807 0.4414 0.2779 
   HI_SS0268  4 0.3927 0.4359 0.1714 
   HI_SS0269  4 0.6394 0.0893 0.2713 
   HI_SS0273  4 0.4656 0.2341 0.3003 
   HI_SS0277  4 0.3191 0.3482 0.3327 
   HI_SS0280  4 0.2536 0.5284 0.2180 
   HI_SS0282  4 0.3913 0.2284 0.3802 
   HI_SS0286  4 0.4029 0.3528 0.2443 
   NS_SS1252  5 0.6694 0.1419 0.1887 
   NS_SS1261  5 0.3695 0.3011 0.3294 
   NS_SS1225  5 0.4797 0.1797 0.3406 
   NS_SS1266  5 0.1400 0.3435 0.5164 
   NS_SS1228  5 0.1832 0.6180 0.1988 
   NS_SS1255  5 0.1930 0.2784 0.5286 
   NS_SS1267  5 0.7081 0.1531 0.1387 
   NS_SS1238  5 0.3505 0.4535 0.1960 
   NS_SS1233  5 0.2074 0.4627 0.3300 
   NS_SS1277  5 0.4211 0.2949 0.2840 
   NS_SS1245  5 0.3930 0.1787 0.4284 
   NS_SS1240  5 0.7301 0.1092 0.1607 
   NS_SS1275  5 0.1295 0.4688 0.4016 
   NS_SS1235  5 0.2251 0.1516 0.6233 
   NS_SS1263  5 0.1717 0.3270 0.5013 
   NS_SS1251  5 0.2307 0.2801 0.4892 
   NS_SS1248  5 0.2125 0.6319 0.1556 
   NS_SS1244  5 0.3497 0.2698 0.3806 
   NS_SS1257  5 0.4918 0.2440 0.2641 
   NS_SS1242  5 0.1721 0.4209 0.4070 
   NS_SS1271  5 0.6546 0.1660 0.1794 
   NS_SS1265  5 0.5531 0.2221 0.2248 
   NS_SS1243  5 0.1857 0.5015 0.3127 
   NS_SS1273  5 0.1404 0.5413 0.3183 
   NS_SS1254  5 0.2022 0.3512 0.4466 
   NS_SS1224  5 0.1529 0.4928 0.3543 
   NS_SS1227  5 0.5628 0.1703 0.2670 
   NS_SS1274  5 0.4247 0.2709 0.3044 
   NS_SS1241  5 0.4262 0.2218 0.3520 
   NS_SS1256  5 0.4090 0.2025 0.3885 
   NS_SS1260  5 0.5429 0.1731 0.2840 
   NS_SS1262  5 0.4139 0.2764 0.3098 
   NS_SS1230  5 0.3695 0.3170 0.3135 
   NS_SS1270  5 0.2170 0.4807 0.3022 
   NS_SS1229  5 0.1890 0.1702 0.6407 
   NS_SS1246  5 0.5551 0.1579 0.2870 
   NS_SS1269  5 0.2465 0.4179 0.3356 
   NS_SS1239  5 0.1681 0.4119 0.4200 
   NS_SS1272  5 0.3644 0.2969 0.3387 
   NS_SS1268  5 0.1664 0.5477 0.2860 
   NS_SS1249  5 0.5453 0.1296 0.3252 
   HI_SS0559  6 0.3036 0.3559 0.3405 
   HI_SS0563  6 0.3261 0.3028 0.3711 
   HI_SS0564  6 0.2951 0.3357 0.3692 
   HI_SS0565  6 0.4902 0.2192 0.2906 
   HI_SS0569  6 0.5578 0.2213 0.2209 
   HI_SS0570  6 0.5842 0.2286 0.1873 
   HI_SS0572  6 0.1823 0.2407 0.5770 
   HI_SS0576  6 0.1833 0.5764 0.2403 
   HI_SS0579  6 0.3820 0.1565 0.4615 
   HI_SS0580  6 0.3970 0.2995 0.3035 
   HI_SS0581  6 0.1728 0.5387 0.2885 
   HI_SS0583  6 0.5433 0.1676 0.2891 
   HI_SS0586  6 0.6276 0.2589 0.1134 
   HI_SS0588  6 0.4409 0.2128 0.3463 
   HI_SS0595  6 0.5046 0.2189 0.2765 
   HI_SS0596  6 0.1367 0.3499 0.5134 
   HI_SS0597  6 0.2169 0.2720 0.5111 
   HI_SS0600  6 0.4304 0.2717 0.2979 
   HI_SS0601  6 0.4333 0.2657 0.3010 
   HI_SS0602  6 0.4262 0.3880 0.1859 
   HI_SS0604  6 0.3059 0.3239 0.3703 
   HI_SS0605  6 0.3486 0.3434 0.3080 
   HI_SS0608  6 0.3019 0.4791 0.2190 
   HI_SS0609  6 0.1829 0.2945 0.5226 
   HI_SS0611  6 0.5323 0.2925 0.1752 
   HI_SS0612  6 0.2535 0.1345 0.6120 
   HI_SS0613  6 0.2795 0.5093 0.2111 
   HI_SS0615  6 0.1244 0.4469 0.4287 
   HI_SS0001  6 0.3590 0.2379 0.4031 
   HI_SS0002  6 0.1964 0.3337 0.4699 
   HI_SS0004  6 0.4302 0.3167 0.2531 
   HI_SS0005  6 0.2101 0.6126 0.1773 
   HI_SS0006  6 0.4549 0.1557 0.3893 
   HI_SS0007  6 0.3515 0.4645 0.1840 
   HI_SS0008  6 0.3015 0.3735 0.3250 
   HI_SS0009  6 0.1397 0.4837 0.3766 
   HI_SS0010  6 0.3760 0.4143 0.2097 
   HI_SS0011  6 0.2404 0.4169 0.3427 
   HI_SS0012  6 0.1971 0.3396 0.4632 
   HI_SS0017  6 0.1632 0.3456 0.4911 
   HI_SS0021  6 0.5110 0.3105 0.1785 
   HI_SS0024  6 0.2079 0.4972 0.2949 
   HI_SS0025  6 0.1666 0.4527 0.3806 
   HI_SS0027  6 0.4284 0.2833 0.2883 
   HI_SS0028  6 0.1255 0.6718 0.2027 
   HI_SS0029  6 0.3114 0.4282 0.2604 
   HI_SS0030  6 0.3704 0.2625 0.3672 
   HI_SS0031  6 0.3017 0.2432 0.4551 
   HI_SS0034  6 0.4932 0.1356 0.3712 
   HI_SS0036  6 0.5722 0.2939 0.1339 
   HI_SS0037  6 0.5913 0.2572 0.1515 
   HI_SS0039  6 0.3797 0.4646 0.1557 
   HI_SS0041  6 0.1779 0.5575 0.2646 
   HI_SS0042  6 0.1762 0.4353 0.3885 
   HI_SS0043  6 0.6952 0.1473 0.1575 
   HI_SS0044  6 0.3514 0.2861 0.3624 
   HI_SS0047  6 0.1841 0.3680 0.4479 
   HI_SS0049  6 0.2013 0.3332 0.4655 
   HI_SS0051  6 0.2508 0.4389 0.3102 
   HI_SS0053  6 0.6151 0.1489 0.2360 
   HI_SS0054  6 0.5324 0.2192 0.2484 
   HI_SS0057  6 0.2379 0.5037 0.2583 
   HI_SS0058  6 0.4394 0.2510 0.3096 
   HI_SS0060  6 0.2745 0.4375 0.2880 
   HI_SS0087  6 0.4126 0.1976 0.3897 
   HI_SS0091  6 0.6662 0.0998 0.2339 
   HI_SS0095  6 0.3506 0.2389 0.4105 
   HI_SS0097  6 0.2735 0.2089 0.5176 
   HI_SS0099  6 0.2438 0.5064 0.2498 
   HI_SS0103  6 0.2749 0.2244 0.5006 
   HI_SS0105  6 0.3659 0.3113 0.3228 
   HI_SS0107  6 0.1232 0.2700 0.6068 
   HI_SS0108  6 0.7017 0.1257 0.1726 
   HI_SS0110  6 0.3749 0.1985 0.4266 
   HI_SS0111  6 0.3034 0.3730 0.3236 
   HI_SS0112  6 0.6707 0.1625 0.1668 
   HI_SS0113  6 0.1690 0.4176 0.4134 
   HI_SS0114  6 0.4774 0.3114 0.2112 
   HI_SS0115  6 0.2673 0.2756 0.4571 
   HI_SS0116  6 0.5135 0.1902 0.2963 
   HI_SS0117  6 0.4829 0.1704 0.3467 
   HI_SS0118  6 0.5064 0.1932 0.3003 
   HI_SS0119  6 0.4703 0.2108 0.3189 
   HI_SS0120  6 0.1570 0.2951 0.5479 
   HI_SS0121  6 0.1743 0.5817 0.2440 
   HI_SS0122  6 0.3562 0.3749 0.2689 
   HI_SS0123  6 0.3109 0.2230 0.4661 
   HI_SS0124  6 0.1194 0.4771 0.4036 
   HI_SS0125  6 0.1458 0.5639 0.2903 
   HI_SS0126  6 0.5215 0.2183 0.2601 
   HI_SS0127  6 0.2582 0.5056 0.2362 
   HI_SS0128  6 0.2577 0.2496 0.4928 
   HI_SS0129  6 0.4449 0.2665 0.2886 
   HI_SS0131  6 0.4278 0.3670 0.2052 
   HI_SS0132  6 0.3090 0.4150 0.2760 
   HI_SS0133  6 0.6864 0.1635 0.1501 
   HI_SS0134  6 0.3685 0.2340 0.3975 
   HI_SS0142  6 0.2980 0.3141 0.3879 
   HI_SS0145  6 0.3201 0.1814 0.4984 
   HI_SS0146  6 0.4103 0.2784 0.3113 
   HI_SS0147  6 0.1719 0.5261 0.3020 
   HI_SS0149  6 0.4055 0.3130 0.2815 
   HI_SS0150  6 0.1598 0.5354 0.3049 
   HI_SS0151  6 0.2696 0.2231 0.5074 
   NS_SS1451  6 0.1214 0.5402 0.3384 
   NS_SS1404  6 0.2148 0.5672 0.2179 
   NS_SS1432  6 0.2040 0.4460 0.3500 
   NS_SS1405  6 0.2681 0.4037 0.3282 
   NS_SS1431  6 0.1654 0.4567 0.3779 
   NS_SS1402  6 0.4157 0.2043 0.3800 
   NS_SS1450  6 0.3841 0.2813 0.3347 
   NS_SS1396  6 0.3290 0.3994 0.2716 
   NS_SS1393  6 0.4375 0.2886 0.2739 
   NS_SS1392  6 0.1793 0.4875 0.3333 
   NS_SS1445  6 0.5663 0.2268 0.2069 
   NS_SS1423  6 0.4078 0.1891 0.4031 
   NS_SS1421  6 0.4555 0.2370 0.3075 
   NS_SS1411  6 0.4055 0.4195 0.1750 
   NS_SS1453  6 0.4992 0.2666 0.2342 
   NS_SS1442  6 0.3149 0.2975 0.3876 
   NS_SS1422  6 0.2398 0.1792 0.5810 
   NS_SS1419  6 0.2422 0.4508 0.3070 
   NS_SS1427  6 0.5704 0.1480 0.2817 
   NS_SS1444  6 0.2222 0.5006 0.2772 
   NS_SS1455  6 0.1585 0.3323 0.5092 
   NS_SS1425  6 0.6619 0.1570 0.1811 
   NS_SS1400  6 0.4971 0.2840 0.2189 
   NS_SS1406  6 0.1858 0.3224 0.4918 
   NS_SS1417  6 0.4104 0.2767 0.3129 
   NS_SS1454  6 0.4743 0.3505 0.1753 
   NS_SS1412  6 0.3888 0.3290 0.2822 
   NS_SS1438  6 0.5723 0.2173 0.2104 
   NS_SS1416  6 0.3122 0.4058 0.2820 
   NS_SS1401  6 0.4288 0.2379 0.3333 
   NS_SS1424  6 0.4095 0.2613 0.3292 
   NS_SS1435  6 0.2703 0.4711 0.2586 
   NS_SS1447  6 0.2299 0.4181 0.3521 
   NS_SS1414  6 0.1896 0.5474 0.2630 
   NS_SS1449  6 0.2354 0.2450 0.5195 
   NS_SS1443  6 0.4350 0.1061 0.4589 
   NS_SS1434  6 0.2218 0.1847 0.5935 
   NS_SS1398  6 0.2292 0.4463 0.3244 
   NS_SS1426  6 0.6213 0.1628 0.2159 
   NS_SS1413  6 0.4721 0.2050 0.3230 
   NS_SS1395  6 0.5194 0.1528 0.3278 
   NS_SS1448  6 0.3246 0.4695 0.2059 
   NS_SS1446  6 0.5173 0.1756 0.3071 
   NS_SS1403  6 0.3134 0.3465 0.3401 
   NS_SS1415  6 0.4652 0.2814 0.2534 
   NS_SS1437  6 0.2918 0.4121 0.2961 
   NS_SS1439  6 0.3209 0.1948 0.4842 
   NS_SS1441  6 0.4585 0.2014 0.3401 
   NS_SS1420  6 0.1258 0.6785 0.1957 
   NS_SS1394  6 0.1851 0.5845 0.2304 
   NS_SS1391  6 0.3854 0.2025 0.4121 
   NS_SS1410  6 0.4346 0.2655 0.2999 
   NS_SS1408  6 0.2636 0.3727 0.3637 
   NS_SS1409  6 0.3443 0.1977 0.4579 
   HI_SS0617  7 0.3396 0.2377 0.4228 
   HI_SS0618  7 0.2168 0.4625 0.3207 
   HI_SS0619  7 0.2929 0.4166 0.2906 
   HI_SS0620  7 0.5470 0.2332 0.2198 
   HI_SS0621  7 0.2238 0.3722 0.4039 
   HI_SS0622  7 0.2636 0.3717 0.3647 
   HI_SS0626  7 0.2816 0.5543 0.1641 
   HI_SS0627  7 0.2669 0.3561 0.3769 
   HI_SS0628  7 0.4669 0.3475 0.1856 
   HI_SS0629  7 0.4317 0.3321 0.2362 
   HI_SS0630  7 0.3763 0.3263 0.2974 
   HI_SS0631  7 0.3764 0.3923 0.2312 
   HI_SS0632  7 0.2815 0.4555 0.2630 
   HI_SS0633  7 0.2022 0.3026 0.4953 
   HI_SS0634  7 0.3014 0.4262 0.2724 
   HI_SS0635  7 0.1982 0.5308 0.2710 
   HI_SS0637  7 0.3307 0.3377 0.3316 
   HI_SS0638  7 0.2873 0.3738 0.3389 
   HI_SS0639  7 0.1874 0.4632 0.3494 
   HI_SS0640  7 0.2768 0.3153 0.4079 
   HI_SS0641  7 0.4526 0.3975 0.1499 
   HI_SS0642  7 0.2359 0.3868 0.3774 
   HI_SS0645  7 0.1077 0.6848 0.2075 
   HI_SS0646  7 0.2740 0.2033 0.5227 
   HI_SS0647  7 0.2687 0.3452 0.3861 
   HI_SS0648  7 0.2691 0.3912 0.3397 
   HI_SS0649  7 0.3708 0.2761 0.3531 
   HI_SS0650  7 0.1715 0.2887 0.5398 
   HI_SS0651  7 0.2868 0.3052 0.4080 
   HI_SS0652  7 0.1585 0.6092 0.2323 
   NS_SS1371  7 0.4601 0.1545 0.3854 
   NS_SS1374  7 0.4981 0.3372 0.1647 
   NS_SS1337  7 0.1553 0.5133 0.3314 
   NS_SS1385  7 0.2728 0.2256 0.5016 
   NS_SS1388  7 0.3558 0.4296 0.2146 
   NS_SS1370  7 0.1229 0.6621 0.2150 
   NS_SS1389  7 0.2209 0.5658 0.2133 
   NS_SS1360  7 0.4188 0.3377 0.2434 
   NS_SS1330  7 0.1529 0.4672 0.3798 
   NS_SS1328  7 0.3749 0.1868 0.4383 
   NS_SS1384  7 0.4139 0.2586 0.3274 
   NS_SS1381  7 0.1116 0.2881 0.6004 
   NS_SS1375  7 0.1898 0.5462 0.2640 
   NS_SS1319  7 0.3079 0.3764 0.3157 
   NS_SS1326  7 0.5423 0.2257 0.2319 
   NS_SS1341  7 0.5240 0.1908 0.2852 
   NS_SS1383  7 0.3532 0.3869 0.2599 
   NS_SS1318  7 0.2430 0.4084 0.3487 
   NS_SS1348  7 0.6154 0.1622 0.2224 
   NS_SS1363  7 0.2070 0.4232 0.3698 
   NS_SS1335  7 0.4465 0.3031 0.2505 
   NS_SS1358  7 0.4231 0.1725 0.4044 
   NS_SS1342  7 0.4747 0.1411 0.3842 
   NS_SS1320  7 0.0782 0.2965 0.6254 
   NS_SS1355  7 0.2238 0.2907 0.4855 
   NS_SS1345  7 0.1416 0.2574 0.6011 
   NS_SS1324  7 0.4504 0.2839 0.2657 
   NS_SS1347  7 0.3415 0.2493 0.4092 
   NS_SS1321  7 0.4936 0.2825 0.2239 
   NS_SS1333  7 0.5256 0.2951 0.1792 
   NS_SS1364  7 0.5047 0.1778 0.3175 
   NS_SS1379  7 0.2630 0.3014 0.4356 
   NS_SS1332  7 0.6030 0.2498 0.1471 
   NS_SS1338  7 0.4677 0.3214 0.2109 
   NS_SS1368  7 0.5240 0.2130 0.2631 
   NS_SS1354  7 0.3119 0.3078 0.3803 
   NS_SS1365  7 0.1985 0.4778 0.3237 
   NS_SS1380  7 0.1849 0.4385 0.3765 
   NS_SS1329  7 0.4955 0.1458 0.3587 
   NS_SS1362  7 0.3198 0.2365 0.4437 
   NS_SS1327  7 0.7665 0.1161 0.1174 
   NS_SS1350  7 0.3042 0.1712 0.5246 
   NS_SS1387  7 0.2613 0.5318 0.2069 
   NS_SS1369  7 0.4516 0.2586 0.2899 
   NS_SS1331  7 0.3049 0.5358 0.1594 
   NS_SS1357  7 0.3047 0.1865 0.5088 
   NS_SS1386  7 0.7229 0.1152 0.1618 
   NS_SS1353  7 0.2418 0.3148 0.4435 
   NS_SS1323  7 0.1677 0.3555 0.4768 
   HI_SS0296  8 0.3959 0.3406 0.2635 
   HI_SS0297  8 0.2566 0.3265 0.4169 
   HI_SS0299  8 0.3990 0.2534 0.3476 
   HI_SS0300  8 0.3267 0.3421 0.3312 
   HI_SS0301  8 0.2550 0.5268 0.2183 
   HI_SS0302  8 0.3737 0.4144 0.2119 
   HI_SS0303  8 0.4976 0.1885 0.3139 
   HI_SS0304  8 0.2313 0.5393 0.2294 
   HI_SS0306  8 0.4814 0.3214 0.1972 
   HI_SS0307  8 0.1907 0.4371 0.3722 
   HI_SS0308  8 0.2690 0.4161 0.3148 
   HI_SS0309  8 0.2413 0.3037 0.4551 
   HI_SS0310  8 0.2836 0.4023 0.3141 
   HI_SS0311  8 0.2800 0.4747 0.2453 
   HI_SS0314  8 0.2636 0.3424 0.3939 
   HI_SS0316  8 0.4336 0.2860 0.2803 
   HI_SS0317  8 0.2980 0.4209 0.2811 
   HI_SS0318  8 0.6225 0.2021 0.1754 
   HI_SS0319  8 0.6831 0.1062 0.2107 
   HI_SS0320  8 0.1993 0.5574 0.2432 
   HI_SS0321  8 0.4552 0.2002 0.3445 
   HI_SS0323  8 0.4663 0.3234 0.2103 
   HI_SS0325  8 0.4067 0.3890 0.2043 
   HI_SS0327  8 0.4025 0.0920 0.5055 
   HI_SS0329  8 0.2458 0.5301 0.2241 
   HI_SS0333  8 0.3685 0.3306 0.3009 
   HI_SS0334  8 0.5567 0.1791 0.2641 
   HI_SS0335  8 0.1834 0.2772 0.5394 
   HI_SS0339  8 0.2187 0.3985 0.3829 
   HI_SS0343  8 0.1887 0.2223 0.5890 
   HI_SS0344  8 0.7279 0.1013 0.1708 
   HI_SS0345  8 0.3029 0.4142 0.2829 
   HI_SS0346  8 0.4190 0.3787 0.2024 
   HI_SS0350  8 0.1247 0.3918 0.4834 
   HI_SS0351  8 0.3651 0.2051 0.4297 
   HI_SS0352  8 0.2106 0.3478 0.4416 
   HI_SS0362  8 0.2402 0.5660 0.1938 
   HI_SS0363  8 0.4662 0.1518 0.3820 
   HI_SS0365  8 0.4549 0.1760 0.3691 
   HI_SS0366  8 0.6034 0.1574 0.2392 
   HI_SS0367  8 0.1942 0.4189 0.3869 
   HI_SS0369  8 0.1587 0.5149 0.3264 
   HI_SS0370  8 0.2738 0.1739 0.5524 
   HI_SS0371  8 0.4895 0.3367 0.1738 
   HI_SS0373  8 0.2846 0.4107 0.3047 
   HI_SS0374  8 0.2402 0.3917 0.3682 
   HI_SS0377  8 0.4002 0.2780 0.3218 
   HI_SS0379  8 0.7822 0.1000 0.1178 
   HI_SS0380  8 0.2299 0.3629 0.4072 
   HI_SS0381  8 0.1838 0.4137 0.4026 
   HI_SS0384  8 0.4069 0.2995 0.2936 
   HI_SS0385  8 0.3565 0.4921 0.1514 
