

----------------------------------------------------
STRUCTURE by Pritchard, Stephens and Donnelly (2000)
     and Falush, Stephens and Pritchard (2003)
       Code by Pritchard, Falush and Hubisz
             Version 2.3.4 (Jul 2012)
----------------------------------------------------



Command line arguments:   /home/genobiwan/Documents/Programs/Structure/structure -m parameter_job_k8_r2 
Input File:    /media/genobiwan/Storage/Projets/Mackerel_NWA_2021/data_job_k8_r2

Run parameters:
   557 individuals
   3930 loci
   8 populations assumed
   100000 Burn-in period
   200000 Reps


--------------------------------------------
Proportion of membership of each pre-defined
 population in each of the 8 clusters

Given    Inferred Clusters                                          Number of
 Pop       1      2      3      4      5      6      7      8      Individuals

  1:     0.135  0.136  0.130  0.118  0.126  0.115  0.112  0.128       67
  2:     0.107  0.137  0.118  0.143  0.114  0.160  0.111  0.110       32
  3:     0.139  0.125  0.120  0.138  0.111  0.117  0.115  0.135       92
  4:     0.116  0.108  0.130  0.129  0.140  0.130  0.144  0.103       36
  5:     0.150  0.112  0.110  0.125  0.123  0.125  0.136  0.120       41
  6:     0.114  0.123  0.127  0.122  0.131  0.126  0.130  0.127      158
  7:     0.120  0.128  0.135  0.127  0.127  0.124  0.125  0.115       79
  8:     0.127  0.123  0.125  0.123  0.122  0.109  0.131  0.140       52
--------------------------------------------

Allele-freq. divergence among pops (Net nucleotide distance),
computed using point estimates of P.

      1       2       3       4       5       6       7       8      
 1      -    0.0074  0.0054  0.0060  0.0063  0.0076  0.0080  0.0059  
 2   0.0074     -    0.0061  0.0065  0.0073  0.0084  0.0086  0.0072  
 3   0.0054  0.0061     -    0.0053  0.0052  0.0069  0.0058  0.0049  
 4   0.0060  0.0065  0.0053     -    0.0059  0.0079  0.0073  0.0056  
 5   0.0063  0.0073  0.0052  0.0059     -    0.0077  0.0073  0.0064  
 6   0.0076  0.0084  0.0069  0.0079  0.0077     -    0.0082  0.0080  
 7   0.0080  0.0086  0.0058  0.0073  0.0073  0.0082     -    0.0067  
 8   0.0059  0.0072  0.0049  0.0056  0.0064  0.0080  0.0067     -    

Average distances (expected heterozygosity) between individuals in same cluster:
cluster  1  : 0.3071 
cluster  2  : 0.3066 
cluster  3  : 0.3130 
cluster  4  : 0.3086 
cluster  5  : 0.3089 
cluster  6  : 0.3094 
cluster  7  : 0.3066 
cluster  8  : 0.3089 

--------------------------------------------
Estimated Ln Prob of Data   = -2072032.3
Mean value of ln likelihood = -2058246.5
Variance of ln likelihood   = 27571.5
Mean value of alpha         = 1.6674

Mean value of Fst_1         = 0.0752
Mean value of Fst_2         = 0.0817
Mean value of Fst_3         = 0.0635
Mean value of Fst_4         = 0.0673
Mean value of Fst_5         = 0.0748
Mean value of Fst_6         = 0.0843
Mean value of Fst_7         = 0.0809
Mean value of Fst_8         = 0.0734


Inferred ancestry of individuals:
        Label (%Miss) Pop:  Inferred clusters
  1 NS_SS0963    (4)    1 :  0.194 0.044 0.142 0.195 0.176 0.122 0.062 0.065 
  2 NS_SS0983    (1)    1 :  0.046 0.037 0.159 0.062 0.076 0.131 0.114 0.375 
  3 NS_SS0719    (8)    1 :  0.098 0.089 0.194 0.181 0.130 0.107 0.128 0.074 
  4 NS_SS1001    (8)    1 :  0.138 0.206 0.056 0.122 0.105 0.195 0.085 0.093 
  5 NS_SS0936    (4)    1 :  0.200 0.118 0.054 0.061 0.218 0.157 0.077 0.115 
  6 NS_SS0955    (5)    1 :  0.156 0.039 0.125 0.147 0.136 0.104 0.117 0.176 
  7 NS_SS0944    (3)    1 :  0.213 0.072 0.074 0.149 0.078 0.102 0.155 0.156 
  8 NS_SS0945    (3)    1 :  0.085 0.200 0.051 0.057 0.144 0.096 0.114 0.253 
  9 NS_SS0922    (2)    1 :  0.114 0.115 0.113 0.194 0.129 0.207 0.094 0.034 
 10 NS_SS0929    (7)    1 :  0.155 0.100 0.122 0.066 0.135 0.091 0.151 0.180 
 11 NS_SS0956    (2)    1 :  0.103 0.163 0.087 0.313 0.092 0.099 0.082 0.062 
 12 NS_SS0906    (3)    1 :  0.226 0.102 0.112 0.081 0.117 0.080 0.141 0.141 
 13 NS_SS0721    (6)    1 :  0.057 0.088 0.129 0.229 0.112 0.100 0.057 0.227 
 14 NS_SS0982    (4)    1 :  0.181 0.113 0.232 0.164 0.096 0.069 0.076 0.069 
 15 NS_SS0923    (5)    1 :  0.149 0.197 0.134 0.090 0.116 0.100 0.111 0.102 
 16 NS_SS0905    (6)    1 :  0.113 0.206 0.233 0.055 0.037 0.090 0.095 0.173 
 17 NS_SS0925    (3)    1 :  0.175 0.096 0.097 0.127 0.090 0.214 0.045 0.156 
 18 NS_SS0947    (5)    1 :  0.209 0.122 0.068 0.100 0.142 0.173 0.096 0.090 
 19 NS_SS0926    (2)    1 :  0.081 0.097 0.166 0.059 0.233 0.037 0.205 0.123 
 20 NS_SS0918    (6)    1 :  0.277 0.158 0.054 0.069 0.124 0.046 0.054 0.218 
 21 NS_SS0966    (4)    1 :  0.209 0.129 0.140 0.074 0.144 0.110 0.066 0.128 
 22 NS_SS0938    (2)    1 :  0.077 0.098 0.063 0.088 0.344 0.175 0.093 0.062 
 23 NS_SS0917    (2)    1 :  0.055 0.143 0.268 0.099 0.098 0.103 0.162 0.072 
 24 NS_SS0957   (11)    1 :  0.106 0.191 0.093 0.186 0.136 0.050 0.134 0.104 
 25 NS_SS0987    (1)    1 :  0.093 0.175 0.134 0.247 0.088 0.042 0.095 0.126 
 26 NS_SS0717    (4)    1 :  0.125 0.239 0.137 0.134 0.041 0.151 0.069 0.104 
 27 NS_SS0986    (2)    1 :  0.089 0.144 0.119 0.129 0.133 0.039 0.107 0.239 
 28 NS_SS0953    (4)    1 :  0.239 0.150 0.066 0.093 0.047 0.181 0.064 0.160 
 29 NS_SS0907    (3)    1 :  0.257 0.091 0.197 0.068 0.063 0.073 0.071 0.180 
 30 NS_SS0974    (6)    1 :  0.189 0.148 0.081 0.063 0.069 0.175 0.133 0.142 
 31 NS_SS0989    (1)    1 :  0.063 0.057 0.124 0.088 0.200 0.167 0.217 0.084 
 32 NS_SS0991    (2)    1 :  0.136 0.053 0.144 0.181 0.054 0.049 0.094 0.289 
 33 NS_SS0994    (2)    1 :  0.060 0.080 0.099 0.071 0.083 0.152 0.318 0.138 
 34 NS_SS0931    (6)    1 :  0.087 0.062 0.124 0.118 0.199 0.046 0.140 0.223 
 35 NS_SS1000    (5)    1 :  0.198 0.229 0.077 0.080 0.120 0.135 0.079 0.082 
 36 NS_SS0919    (1)    1 :  0.130 0.070 0.316 0.051 0.136 0.053 0.092 0.153 
 37 NS_SS0949    (3)    1 :  0.064 0.049 0.192 0.149 0.122 0.191 0.127 0.106 
 38 NS_SS0960   (10)    1 :  0.166 0.129 0.187 0.109 0.068 0.077 0.172 0.092 
 39 NS_SS0716    (2)    1 :  0.044 0.443 0.104 0.141 0.059 0.050 0.083 0.076 
 40 NS_SS0924    (8)    1 :  0.176 0.090 0.191 0.132 0.102 0.103 0.126 0.079 
 41 NS_SS0935    (1)    1 :  0.098 0.099 0.246 0.130 0.047 0.085 0.166 0.129 
 42 NS_SS0952   (13)    1 :  0.167 0.082 0.202 0.062 0.092 0.076 0.167 0.151 
 43 NS_SS0962   (10)    1 :  0.091 0.190 0.124 0.086 0.220 0.100 0.065 0.124 
 44 NS_SS0973    (5)    1 :  0.215 0.068 0.163 0.115 0.057 0.175 0.074 0.133 
 45 NS_SS0722    (1)    1 :  0.189 0.243 0.051 0.080 0.074 0.197 0.068 0.098 
 46 NS_SS0979   (13)    1 :  0.119 0.194 0.127 0.166 0.113 0.068 0.060 0.152 
 47 NS_SS0993    (2)    1 :  0.152 0.115 0.099 0.117 0.128 0.191 0.055 0.144 
 48 NS_SS0958    (1)    1 :  0.111 0.174 0.117 0.066 0.095 0.091 0.211 0.136 
 49 NS_SS0988    (4)    1 :  0.173 0.137 0.172 0.068 0.190 0.047 0.117 0.096 
 50 NS_SS1003    (2)    1 :  0.104 0.047 0.178 0.243 0.288 0.044 0.053 0.043 
 51 NS_SS0976    (0)    1 :  0.105 0.051 0.070 0.093 0.246 0.075 0.143 0.216 
 52 NS_SS0964   (10)    1 :  0.120 0.224 0.087 0.172 0.060 0.196 0.072 0.069 
 53 NS_SS0939    (4)    1 :  0.036 0.368 0.062 0.167 0.183 0.061 0.058 0.066 
 54 NS_SS0990    (6)    1 :  0.053 0.187 0.070 0.098 0.266 0.048 0.185 0.092 
 55 NS_SS0984    (2)    1 :  0.134 0.242 0.085 0.075 0.182 0.145 0.076 0.062 
 56 NS_SS0980    (9)    1 :  0.248 0.118 0.108 0.064 0.057 0.245 0.095 0.064 
 57 NS_SS0978    (4)    1 :  0.171 0.108 0.180 0.096 0.084 0.176 0.127 0.058 
 58 NS_SS0951   (17)    1 :  0.119 0.130 0.119 0.172 0.052 0.052 0.121 0.236 
 59 NS_SS0913    (3)    1 :  0.098 0.192 0.081 0.218 0.081 0.128 0.113 0.089 
 60 NS_SS1002    (1)    1 :  0.236 0.130 0.088 0.051 0.297 0.061 0.073 0.064 
 61 NS_SS0948    (1)    1 :  0.143 0.127 0.114 0.087 0.134 0.066 0.121 0.208 
 62 NS_SS0916    (4)    1 :  0.060 0.100 0.147 0.077 0.140 0.242 0.168 0.064 
 63 NS_SS0995    (1)    1 :  0.086 0.185 0.145 0.092 0.080 0.207 0.103 0.102 
 64 NS_SS0927    (6)    1 :  0.061 0.131 0.256 0.055 0.074 0.164 0.133 0.126 
 65 NS_SS0992    (5)    1 :  0.154 0.096 0.084 0.082 0.141 0.203 0.199 0.042 
 66 NS_SS0912    (1)    1 :  0.101 0.120 0.128 0.199 0.129 0.044 0.103 0.176 
 67 NS_SS0981    (1)    1 :  0.163 0.141 0.152 0.148 0.169 0.043 0.070 0.114 
 68 NS_SS0729    (5)    2 :  0.109 0.042 0.093 0.056 0.075 0.255 0.222 0.148 
 69 NS_SS0967   (14)    2 :  0.208 0.093 0.221 0.087 0.139 0.106 0.055 0.092 
 70 NS_SS0941    (7)    2 :  0.085 0.109 0.106 0.120 0.177 0.214 0.108 0.081 
 71 NS_SS0768   (12)    2 :  0.131 0.100 0.080 0.267 0.106 0.094 0.084 0.137 
 72 NS_SS0726    (4)    2 :  0.097 0.038 0.103 0.072 0.177 0.261 0.189 0.061 
 73 NS_SS0763    (4)    2 :  0.110 0.101 0.215 0.086 0.074 0.153 0.191 0.070 
 74 NS_SS0730    (6)    2 :  0.094 0.241 0.135 0.109 0.149 0.111 0.080 0.082 
 75 NS_SS0774    (1)    2 :  0.168 0.232 0.051 0.066 0.136 0.189 0.079 0.079 
 76 NS_SS0723    (3)    2 :  0.144 0.140 0.147 0.133 0.142 0.157 0.040 0.098 
 77 NS_SS0940    (9)    2 :  0.053 0.140 0.091 0.086 0.179 0.165 0.136 0.150 
 78 NS_SS0762    (1)    2 :  0.140 0.252 0.086 0.126 0.065 0.222 0.063 0.045 
 79 NS_SS0766   (11)    2 :  0.050 0.226 0.140 0.110 0.082 0.184 0.130 0.079 
 80 NS_SS0724    (1)    2 :  0.156 0.094 0.093 0.195 0.081 0.157 0.063 0.161 
 81 NS_SS0769    (3)    2 :  0.112 0.166 0.250 0.129 0.103 0.073 0.097 0.069 
 82 NS_SS0777    (2)    2 :  0.079 0.129 0.142 0.093 0.116 0.049 0.137 0.254 
 83 NS_SS0734    (6)    2 :  0.070 0.129 0.107 0.216 0.091 0.120 0.153 0.114 
 84 NS_SS0737    (3)    2 :  0.076 0.188 0.061 0.087 0.164 0.309 0.056 0.059 
 85 NS_SS0732    (5)    2 :  0.124 0.124 0.127 0.253 0.056 0.108 0.051 0.159 
 86 NS_SS0728    (5)    2 :  0.063 0.129 0.073 0.172 0.122 0.213 0.101 0.126 
 87 NS_SS0735    (9)    2 :  0.108 0.095 0.059 0.179 0.053 0.267 0.064 0.174 
 88 NS_SS0725    (1)    2 :  0.084 0.092 0.052 0.198 0.203 0.211 0.096 0.064 
 89 NS_SS0788    (2)    2 :  0.081 0.096 0.272 0.104 0.195 0.106 0.085 0.061 
 90 NS_SS0778    (2)    2 :  0.080 0.084 0.230 0.120 0.172 0.071 0.122 0.121 
 91 NS_SS0792    (6)    2 :  0.126 0.101 0.124 0.200 0.059 0.126 0.181 0.082 
 92 NS_SS0943   (11)    2 :  0.233 0.041 0.088 0.218 0.065 0.078 0.195 0.083 
 93 NS_SS0791    (2)    2 :  0.048 0.104 0.061 0.140 0.122 0.211 0.170 0.145 
 94 NS_SS0790    (5)    2 :  0.206 0.157 0.075 0.278 0.066 0.104 0.040 0.074 
 95 NS_SS0731    (6)    2 :  0.079 0.203 0.141 0.245 0.077 0.061 0.059 0.136 
 96 NS_SS0727    (6)    2 :  0.072 0.110 0.067 0.100 0.052 0.308 0.231 0.061 
 97 NS_SS0779   (12)    2 :  0.076 0.127 0.145 0.094 0.128 0.118 0.074 0.238 
 98 NS_SS0776    (3)    2 :  0.067 0.174 0.090 0.116 0.134 0.164 0.117 0.139 
 99 NS_SS0775    (5)    2 :  0.090 0.340 0.067 0.110 0.093 0.140 0.083 0.077 
100 NS_SS0965    (3)    3 :  0.152 0.091 0.143 0.218 0.136 0.070 0.068 0.122 
101 NS_SS0754   (13)    3 :  0.089 0.070 0.104 0.230 0.089 0.122 0.184 0.113 
102 NS_SS0838    (5)    3 :  0.082 0.154 0.073 0.065 0.181 0.099 0.091 0.255 
103 NS_SS0839    (3)    3 :  0.125 0.222 0.063 0.136 0.151 0.141 0.078 0.084 
104 NS_SS0832    (4)    3 :  0.259 0.154 0.103 0.175 0.107 0.082 0.044 0.076 
105 NS_SS0820    (4)    3 :  0.111 0.082 0.181 0.222 0.157 0.114 0.041 0.093 
106 NS_SS0886    (9)    3 :  0.084 0.108 0.141 0.159 0.125 0.091 0.154 0.137 
107 NS_SS0748    (5)    3 :  0.137 0.129 0.154 0.084 0.103 0.059 0.091 0.242 
108 NS_SS0884    (9)    3 :  0.153 0.100 0.118 0.143 0.107 0.150 0.143 0.087 
109 NS_SS0752    (3)    3 :  0.131 0.153 0.093 0.091 0.119 0.211 0.084 0.119 
110 NS_SS0862    (1)    3 :  0.154 0.080 0.091 0.272 0.070 0.129 0.045 0.159 
111 NS_SS0787    (9)    3 :  0.108 0.104 0.133 0.103 0.082 0.052 0.327 0.092 
112 NS_SS0843    (6)    3 :  0.108 0.084 0.229 0.157 0.051 0.170 0.077 0.125 
113 NS_SS0856    (4)    3 :  0.055 0.164 0.166 0.102 0.096 0.217 0.123 0.076 
114 NS_SS0846    (2)    3 :  0.222 0.062 0.177 0.058 0.102 0.172 0.114 0.093 
115 NS_SS0825    (1)    3 :  0.115 0.057 0.101 0.196 0.259 0.056 0.098 0.117 
116 NS_SS0757    (3)    3 :  0.128 0.101 0.118 0.158 0.097 0.074 0.094 0.230 
117 NS_SS0876    (3)    3 :  0.139 0.101 0.117 0.169 0.071 0.203 0.086 0.114 
118 NS_SS0903    (9)    3 :  0.252 0.117 0.087 0.054 0.082 0.257 0.048 0.102 
119 NS_SS0875    (7)    3 :  0.081 0.247 0.112 0.088 0.148 0.057 0.090 0.177 
120 NS_SS0740    (5)    3 :  0.131 0.105 0.147 0.132 0.063 0.164 0.076 0.181 
121 NS_SS0811    (5)    3 :  0.109 0.330 0.071 0.176 0.070 0.051 0.056 0.138 
122 NS_SS0751    (1)    3 :  0.076 0.201 0.141 0.068 0.180 0.129 0.082 0.124 
123 NS_SS0891    (6)    3 :  0.091 0.144 0.090 0.103 0.205 0.163 0.105 0.099 
124 NS_SS0867    (2)    3 :  0.258 0.037 0.153 0.208 0.080 0.056 0.134 0.073 
125 NS_SS0890    (6)    3 :  0.129 0.171 0.201 0.069 0.098 0.122 0.083 0.127 
126 NS_SS0866   (11)    3 :  0.079 0.068 0.051 0.103 0.103 0.106 0.341 0.149 
127 NS_SS0755    (4)    3 :  0.183 0.116 0.137 0.225 0.096 0.068 0.120 0.056 
128 NS_SS0758    (4)    3 :  0.097 0.090 0.103 0.073 0.089 0.230 0.080 0.238 
129 NS_SS0840    (2)    3 :  0.216 0.159 0.071 0.132 0.199 0.076 0.053 0.093 
130 NS_SS0889    (4)    3 :  0.104 0.078 0.054 0.226 0.084 0.071 0.237 0.146 
131 NS_SS1010    (1)    3 :  0.152 0.179 0.238 0.091 0.112 0.057 0.093 0.079 
132 NS_SS0888    (5)    3 :  0.073 0.082 0.071 0.155 0.044 0.187 0.337 0.052 
133 NS_SS0837    (3)    3 :  0.241 0.121 0.128 0.257 0.059 0.063 0.065 0.067 
134 NS_SS0794    (9)    3 :  0.076 0.149 0.084 0.094 0.049 0.143 0.213 0.193 
135 NS_SS0823    (4)    3 :  0.254 0.106 0.054 0.087 0.107 0.171 0.059 0.163 
136 NS_SS0829    (7)    3 :  0.110 0.077 0.052 0.095 0.063 0.036 0.135 0.431 
137 NS_SS0844    (5)    3 :  0.447 0.062 0.112 0.113 0.043 0.116 0.047 0.061 
138 NS_SS1008    (5)    3 :  0.111 0.201 0.072 0.103 0.060 0.146 0.223 0.084 
139 NS_SS0881    (3)    3 :  0.084 0.147 0.147 0.097 0.237 0.056 0.160 0.073 
140 NS_SS0834    (6)    3 :  0.084 0.098 0.067 0.125 0.211 0.260 0.061 0.095 
141 NS_SS0744   (10)    3 :  0.141 0.066 0.106 0.149 0.153 0.155 0.102 0.127 
142 NS_SS0899    (7)    3 :  0.146 0.210 0.061 0.149 0.078 0.065 0.049 0.242 
143 NS_SS0804    (4)    3 :  0.157 0.112 0.126 0.177 0.117 0.128 0.040 0.144 
144 NS_SS0781   (10)    3 :  0.172 0.169 0.113 0.064 0.180 0.082 0.043 0.178 
145 NS_SS0822    (6)    3 :  0.104 0.051 0.056 0.122 0.067 0.223 0.095 0.283 
146 NS_SS1004    (4)    3 :  0.235 0.083 0.214 0.124 0.094 0.089 0.082 0.078 
147 NS_SS0746    (5)    3 :  0.203 0.090 0.104 0.071 0.101 0.110 0.095 0.226 
148 NS_SS0880    (3)    3 :  0.219 0.105 0.060 0.142 0.185 0.115 0.080 0.094 
149 NS_SS0879    (4)    3 :  0.165 0.091 0.061 0.206 0.102 0.185 0.114 0.076 
150 NS_SS0753    (2)    3 :  0.148 0.110 0.133 0.114 0.061 0.064 0.162 0.209 
151 NS_SS1007    (2)    3 :  0.061 0.189 0.177 0.053 0.125 0.241 0.098 0.057 
152 NS_SS0872    (5)    3 :  0.153 0.189 0.152 0.099 0.111 0.126 0.093 0.076 
153 NS_SS1005    (7)    3 :  0.236 0.131 0.131 0.074 0.140 0.091 0.053 0.145 
154 NS_SS0892    (6)    3 :  0.100 0.157 0.158 0.116 0.100 0.121 0.097 0.151 
155 NS_SS0898    (0)    3 :  0.158 0.104 0.108 0.133 0.128 0.067 0.209 0.093 
156 NS_SS0801    (9)    3 :  0.134 0.118 0.111 0.193 0.076 0.068 0.077 0.222 
157 NS_SS0827    (8)    3 :  0.071 0.199 0.360 0.093 0.059 0.033 0.096 0.090 
158 NS_SS0853    (6)    3 :  0.097 0.306 0.133 0.116 0.043 0.050 0.129 0.126 
159 NS_SS0780    (2)    3 :  0.080 0.113 0.138 0.158 0.174 0.111 0.050 0.175 
160 NS_SS0826   (10)    3 :  0.215 0.040 0.068 0.093 0.257 0.052 0.091 0.184 
161 NS_SS0818    (5)    3 :  0.147 0.165 0.116 0.135 0.162 0.159 0.058 0.058 
162 NS_SS0745    (1)    3 :  0.042 0.338 0.053 0.180 0.149 0.123 0.064 0.053 
163 NS_SS0849    (3)    3 :  0.084 0.103 0.122 0.329 0.119 0.037 0.057 0.148 
164 NS_SS0739    (3)    3 :  0.049 0.154 0.139 0.156 0.188 0.107 0.113 0.094 
165 NS_SS0799    (1)    3 :  0.082 0.138 0.125 0.094 0.038 0.212 0.121 0.190 
166 NS_SS0756    (2)    3 :  0.303 0.110 0.104 0.115 0.156 0.065 0.069 0.079 
167 NS_SS0802    (2)    3 :  0.083 0.088 0.295 0.059 0.121 0.146 0.097 0.111 
168 NS_SS0747    (6)    3 :  0.194 0.103 0.156 0.073 0.113 0.117 0.074 0.171 
169 NS_SS0835    (1)    3 :  0.102 0.068 0.276 0.069 0.069 0.100 0.250 0.065 
170 NS_SS0742   (18)    3 :  0.116 0.102 0.140 0.131 0.138 0.137 0.064 0.172 
171 NS_SS0760    (9)    3 :  0.104 0.122 0.118 0.053 0.070 0.091 0.243 0.198 
172 NS_SS0803    (4)    3 :  0.355 0.062 0.067 0.086 0.046 0.233 0.049 0.103 
173 NS_SS0828   (13)    3 :  0.088 0.135 0.163 0.184 0.107 0.087 0.088 0.147 
174 NS_SS0865    (2)    3 :  0.159 0.060 0.147 0.231 0.119 0.055 0.128 0.102 
175 NS_SS0759    (4)    3 :  0.094 0.181 0.098 0.148 0.095 0.154 0.046 0.184 
176 NS_SS0851    (5)    3 :  0.077 0.114 0.060 0.439 0.139 0.046 0.061 0.064 
177 NS_SS0874   (16)    3 :  0.257 0.115 0.097 0.079 0.071 0.116 0.045 0.220 
178 NS_SS0761    (6)    3 :  0.153 0.059 0.083 0.119 0.134 0.058 0.195 0.199 
179 NS_SS0842   (25)    3 :  0.130 0.208 0.106 0.085 0.077 0.084 0.163 0.147 
180 NS_SS0785    (6)    3 :  0.177 0.108 0.113 0.138 0.069 0.117 0.155 0.123 
181 NS_SS0860   (11)    3 :  0.117 0.068 0.188 0.064 0.062 0.095 0.263 0.144 
182 NS_SS0897    (7)    3 :  0.077 0.096 0.076 0.144 0.067 0.094 0.293 0.153 
183 NS_SS0841   (14)    3 :  0.135 0.235 0.073 0.204 0.087 0.084 0.064 0.119 
184 NS_SS0797    (6)    3 :  0.115 0.084 0.125 0.211 0.147 0.046 0.175 0.096 
185 NS_SS0830   (10)    3 :  0.129 0.110 0.098 0.184 0.128 0.085 0.139 0.128 
186 NS_SS1011    (5)    3 :  0.197 0.049 0.099 0.175 0.244 0.103 0.066 0.067 
187 NS_SS0883    (5)    3 :  0.101 0.194 0.159 0.100 0.047 0.066 0.113 0.219 
188 NS_SS0782    (2)    3 :  0.126 0.143 0.055 0.104 0.074 0.234 0.174 0.090 
189 NS_SS0831    (5)    3 :  0.074 0.095 0.068 0.195 0.079 0.064 0.200 0.226 
190 NS_SS0749    (7)    3 :  0.067 0.121 0.084 0.192 0.116 0.149 0.115 0.156 
191 NS_SS0854    (2)    3 :  0.103 0.065 0.113 0.127 0.059 0.295 0.116 0.121 
192 HI_SS0193    (0)    4 :  0.055 0.049 0.045 0.199 0.169 0.193 0.199 0.089 
193 HI_SS0194    (0)    4 :  0.072 0.078 0.052 0.082 0.312 0.208 0.065 0.131 
194 HI_SS0195    (9)    4 :  0.056 0.155 0.108 0.239 0.226 0.086 0.039 0.090 
195 HI_SS0196    (6)    4 :  0.092 0.189 0.049 0.073 0.089 0.198 0.111 0.199 
196 HI_SS0197    (3)    4 :  0.074 0.090 0.163 0.048 0.391 0.070 0.069 0.095 
197 HI_SS0198    (1)    4 :  0.080 0.098 0.116 0.229 0.105 0.104 0.140 0.128 
198 HI_SS0199    (1)    4 :  0.108 0.106 0.125 0.083 0.063 0.238 0.221 0.057 
199 HI_SS0201    (4)    4 :  0.133 0.045 0.216 0.175 0.065 0.052 0.211 0.103 
200 HI_SS0215    (1)    4 :  0.129 0.080 0.223 0.113 0.076 0.047 0.215 0.118 
201 HI_SS0218    (1)    4 :  0.084 0.110 0.060 0.148 0.059 0.100 0.387 0.054 
202 HI_SS0222    (0)    4 :  0.049 0.152 0.110 0.179 0.149 0.155 0.092 0.114 
203 HI_SS0230    (1)    4 :  0.103 0.186 0.263 0.070 0.156 0.046 0.073 0.104 
204 HI_SS0234    (1)    4 :  0.128 0.057 0.139 0.060 0.157 0.305 0.081 0.072 
205 HI_SS0240    (1)    4 :  0.080 0.135 0.109 0.118 0.099 0.312 0.098 0.049 
206 HI_SS0241    (0)    4 :  0.104 0.074 0.194 0.131 0.121 0.076 0.221 0.078 
207 HI_SS0242    (0)    4 :  0.197 0.085 0.092 0.163 0.102 0.102 0.187 0.072 
208 HI_SS0247    (0)    4 :  0.221 0.094 0.056 0.106 0.189 0.057 0.092 0.184 
209 HI_SS0248    (1)    4 :  0.096 0.125 0.090 0.058 0.037 0.222 0.178 0.194 
210 HI_SS0252    (2)    4 :  0.120 0.103 0.046 0.161 0.093 0.238 0.069 0.171 
211 HI_SS0254    (1)    4 :  0.141 0.079 0.235 0.061 0.159 0.126 0.113 0.087 
212 HI_SS0256    (0)    4 :  0.248 0.130 0.143 0.143 0.095 0.175 0.028 0.039 
213 HI_SS0257    (0)    4 :  0.199 0.040 0.110 0.047 0.117 0.156 0.222 0.110 
214 HI_SS0258    (1)    4 :  0.130 0.110 0.111 0.113 0.080 0.115 0.240 0.101 
215 HI_SS0259    (1)    4 :  0.069 0.079 0.114 0.172 0.273 0.150 0.081 0.061 
216 HI_SS0260    (1)    4 :  0.086 0.204 0.142 0.080 0.063 0.112 0.241 0.072 
217 HI_SS0261    (2)    4 :  0.193 0.066 0.105 0.062 0.235 0.115 0.132 0.092 
218 HI_SS0262    (0)    4 :  0.110 0.135 0.135 0.243 0.082 0.112 0.132 0.052 
219 HI_SS0264    (1)    4 :  0.101 0.257 0.127 0.109 0.158 0.042 0.084 0.122 
220 HI_SS0265    (0)    4 :  0.093 0.074 0.258 0.222 0.148 0.070 0.076 0.060 
221 HI_SS0268    (1)    4 :  0.035 0.218 0.228 0.072 0.186 0.062 0.086 0.113 
222 HI_SS0269    (1)    4 :  0.097 0.038 0.132 0.056 0.101 0.171 0.278 0.127 
223 HI_SS0273    (0)    4 :  0.246 0.072 0.100 0.118 0.090 0.063 0.260 0.051 
224 HI_SS0277    (1)    4 :  0.154 0.060 0.141 0.111 0.326 0.059 0.076 0.072 
225 HI_SS0280    (0)    4 :  0.051 0.173 0.095 0.237 0.110 0.088 0.137 0.108 
226 HI_SS0282    (1)    4 :  0.192 0.062 0.077 0.163 0.070 0.126 0.152 0.158 
227 HI_SS0286    (1)    4 :  0.059 0.062 0.167 0.186 0.106 0.136 0.093 0.191 
228 NS_SS1252    (3)    5 :  0.100 0.072 0.084 0.071 0.051 0.103 0.272 0.247 
229 NS_SS1261    (1)    5 :  0.100 0.168 0.092 0.064 0.137 0.134 0.090 0.215 
230 NS_SS1225    (9)    5 :  0.271 0.057 0.171 0.065 0.093 0.079 0.120 0.145 
231 NS_SS1266    (1)    5 :  0.392 0.097 0.080 0.131 0.082 0.094 0.058 0.065 
232 NS_SS1228    (0)    5 :  0.084 0.201 0.092 0.253 0.112 0.080 0.114 0.065 
233 NS_SS1255    (2)    5 :  0.124 0.206 0.039 0.077 0.071 0.269 0.145 0.069 
234 NS_SS1267    (3)    5 :  0.045 0.076 0.169 0.114 0.082 0.096 0.327 0.091 
235 NS_SS1238    (6)    5 :  0.068 0.101 0.071 0.138 0.286 0.070 0.103 0.163 
236 NS_SS1233    (8)    5 :  0.318 0.172 0.056 0.069 0.120 0.038 0.060 0.167 
237 NS_SS1277    (3)    5 :  0.062 0.101 0.085 0.147 0.105 0.219 0.235 0.046 
238 NS_SS1245    (1)    5 :  0.154 0.081 0.106 0.060 0.134 0.132 0.099 0.234 
239 NS_SS1240    (4)    5 :  0.053 0.064 0.183 0.041 0.101 0.120 0.246 0.191 
240 NS_SS1275    (2)    5 :  0.142 0.078 0.067 0.210 0.318 0.080 0.057 0.049 
241 NS_SS1235    (1)    5 :  0.199 0.052 0.109 0.048 0.125 0.321 0.078 0.068 
242 NS_SS1263    (1)    5 :  0.199 0.174 0.048 0.066 0.081 0.170 0.051 0.211 
243 NS_SS1251    (1)    5 :  0.273 0.118 0.101 0.077 0.112 0.128 0.071 0.121 
244 NS_SS1248    (0)    5 :  0.054 0.127 0.082 0.317 0.144 0.033 0.081 0.163 
245 NS_SS1244    (0)    5 :  0.164 0.038 0.075 0.115 0.313 0.079 0.089 0.127 
246 NS_SS1257    (0)    5 :  0.090 0.073 0.116 0.129 0.067 0.159 0.255 0.110 
247 NS_SS1242    (2)    5 :  0.156 0.235 0.088 0.150 0.109 0.104 0.076 0.082 
248 NS_SS1271    (6)    5 :  0.071 0.060 0.140 0.120 0.105 0.110 0.315 0.079 
249 NS_SS1265    (1)    5 :  0.104 0.087 0.109 0.088 0.129 0.066 0.205 0.212 
250 NS_SS1243    (0)    5 :  0.062 0.168 0.071 0.216 0.053 0.148 0.076 0.206 
251 NS_SS1273    (1)    5 :  0.170 0.331 0.061 0.084 0.115 0.099 0.087 0.053 
252 NS_SS1254   (14)    5 :  0.277 0.202 0.088 0.065 0.067 0.080 0.079 0.142 
253 NS_SS1224    (1)    5 :  0.262 0.127 0.070 0.223 0.079 0.087 0.091 0.060 
254 NS_SS1227    (8)    5 :  0.057 0.107 0.417 0.050 0.089 0.088 0.125 0.068 
255 NS_SS1274    (8)    5 :  0.108 0.112 0.077 0.098 0.116 0.178 0.150 0.160 
256 NS_SS1241    (1)    5 :  0.194 0.070 0.126 0.164 0.088 0.100 0.203 0.056 
257 NS_SS1256    (3)    5 :  0.276 0.079 0.108 0.071 0.160 0.056 0.177 0.072 
258 NS_SS1260    (8)    5 :  0.101 0.099 0.142 0.082 0.065 0.171 0.213 0.126 
259 NS_SS1262    (0)    5 :  0.232 0.069 0.115 0.136 0.109 0.082 0.150 0.107 
260 NS_SS1230    (0)    5 :  0.156 0.164 0.098 0.115 0.093 0.080 0.204 0.090 
261 NS_SS1270    (2)    5 :  0.200 0.056 0.125 0.279 0.112 0.053 0.062 0.115 
262 NS_SS1229    (2)    5 :  0.107 0.059 0.066 0.042 0.205 0.315 0.048 0.159 
263 NS_SS1246    (5)    5 :  0.052 0.044 0.081 0.069 0.253 0.209 0.136 0.156 
264 NS_SS1269    (0)    5 :  0.155 0.155 0.137 0.150 0.100 0.114 0.111 0.078 
265 NS_SS1239    (1)    5 :  0.070 0.085 0.138 0.248 0.055 0.284 0.065 0.054 
266 NS_SS1272    (4)    5 :  0.122 0.059 0.268 0.074 0.289 0.064 0.065 0.059 
267 NS_SS1268    (1)    5 :  0.204 0.106 0.096 0.317 0.047 0.050 0.081 0.100 
268 NS_SS1249    (0)    5 :  0.110 0.074 0.051 0.084 0.064 0.171 0.322 0.124 
269 HI_SS0559    (0)    6 :  0.116 0.124 0.130 0.214 0.047 0.143 0.131 0.096 
270 HI_SS0563    (1)    6 :  0.178 0.092 0.114 0.087 0.153 0.158 0.101 0.117 
271 HI_SS0564    (0)    6 :  0.114 0.061 0.089 0.133 0.226 0.134 0.075 0.168 
272 HI_SS0565    (0)    6 :  0.108 0.102 0.260 0.064 0.136 0.068 0.099 0.164 
273 HI_SS0569    (0)    6 :  0.148 0.054 0.243 0.054 0.071 0.036 0.082 0.311 
274 HI_SS0570    (0)    6 :  0.042 0.084 0.136 0.123 0.137 0.123 0.186 0.169 
275 HI_SS0572    (1)    6 :  0.100 0.134 0.149 0.104 0.090 0.288 0.051 0.085 
276 HI_SS0576    (0)    6 :  0.094 0.203 0.083 0.176 0.166 0.110 0.075 0.092 
277 HI_SS0579    (1)    6 :  0.256 0.048 0.147 0.080 0.049 0.185 0.114 0.119 
278 HI_SS0580    (1)    6 :  0.093 0.191 0.094 0.120 0.062 0.133 0.239 0.068 
279 HI_SS0581    (0)    6 :  0.064 0.096 0.103 0.249 0.248 0.081 0.052 0.107 
280 HI_SS0583    (1)    6 :  0.097 0.157 0.169 0.035 0.064 0.106 0.168 0.203 
281 HI_SS0586    (1)    6 :  0.048 0.164 0.176 0.086 0.063 0.043 0.252 0.168 
282 HI_SS0588    (1)    6 :  0.139 0.094 0.216 0.081 0.046 0.115 0.126 0.183 
283 HI_SS0595    (4)    6 :  0.101 0.104 0.230 0.049 0.198 0.065 0.211 0.041 
284 HI_SS0596    (0)    6 :  0.123 0.254 0.091 0.085 0.057 0.257 0.080 0.053 
285 HI_SS0597    (1)    6 :  0.120 0.163 0.089 0.052 0.195 0.137 0.066 0.177 
286 HI_SS0600    (0)    6 :  0.098 0.065 0.206 0.121 0.122 0.151 0.164 0.073 
287 HI_SS0601    (1)    6 :  0.195 0.059 0.225 0.130 0.110 0.081 0.080 0.121 
288 HI_SS0602    (1)    6 :  0.045 0.181 0.251 0.109 0.045 0.074 0.146 0.148 
289 HI_SS0604    (0)    6 :  0.100 0.066 0.097 0.130 0.069 0.146 0.053 0.337 
290 HI_SS0605    (1)    6 :  0.075 0.067 0.079 0.299 0.062 0.149 0.127 0.142 
291 HI_SS0608    (0)    6 :  0.057 0.242 0.166 0.083 0.140 0.091 0.093 0.128 
292 HI_SS0609    (0)    6 :  0.280 0.150 0.108 0.064 0.118 0.102 0.088 0.088 
293 HI_SS0611    (5)    6 :  0.054 0.124 0.124 0.206 0.045 0.076 0.208 0.163 
294 HI_SS0612    (1)    6 :  0.375 0.056 0.073 0.039 0.061 0.173 0.154 0.068 
295 HI_SS0613    (1)    6 :  0.102 0.143 0.101 0.339 0.053 0.047 0.106 0.110 
296 HI_SS0615    (0)    6 :  0.074 0.190 0.109 0.134 0.149 0.223 0.051 0.069 
297 HI_SS0001    (1)    6 :  0.098 0.093 0.060 0.100 0.187 0.200 0.208 0.053 
298 HI_SS0002    (1)    6 :  0.233 0.131 0.215 0.075 0.084 0.128 0.053 0.081 
299 HI_SS0004    (0)    6 :  0.057 0.134 0.104 0.119 0.119 0.145 0.169 0.154 
300 HI_SS0005    (1)    6 :  0.081 0.162 0.146 0.266 0.130 0.047 0.105 0.063 
301 HI_SS0006    (1)    6 :  0.203 0.061 0.097 0.077 0.113 0.103 0.189 0.157 
302 HI_SS0007    (1)    6 :  0.050 0.075 0.053 0.341 0.061 0.111 0.214 0.095 
303 HI_SS0008    (0)    6 :  0.107 0.111 0.309 0.127 0.104 0.072 0.073 0.097 
304 HI_SS0009    (0)    6 :  0.074 0.155 0.109 0.231 0.058 0.208 0.057 0.107 
305 HI_SS0010    (1)    6 :  0.096 0.171 0.175 0.106 0.094 0.060 0.132 0.167 
306 HI_SS0011    (1)    6 :  0.285 0.107 0.069 0.110 0.219 0.035 0.100 0.075 
307 HI_SS0012    (0)    6 :  0.077 0.127 0.285 0.090 0.099 0.199 0.037 0.086 
308 HI_SS0017    (1)    6 :  0.078 0.122 0.054 0.128 0.195 0.263 0.084 0.076 
309 HI_SS0021    (1)    6 :  0.080 0.177 0.234 0.072 0.115 0.055 0.189 0.079 
310 HI_SS0024    (1)    6 :  0.065 0.171 0.089 0.157 0.222 0.149 0.075 0.073 
311 HI_SS0025    (1)    6 :  0.123 0.222 0.072 0.133 0.084 0.168 0.082 0.116 
312 HI_SS0027    (0)    6 :  0.133 0.102 0.135 0.117 0.053 0.112 0.119 0.229 
313 HI_SS0028    (0)    6 :  0.067 0.232 0.268 0.160 0.158 0.037 0.038 0.040 
314 HI_SS0029    (1)    6 :  0.058 0.328 0.058 0.050 0.160 0.111 0.176 0.060 
315 HI_SS0030    (2)    6 :  0.113 0.060 0.134 0.192 0.103 0.174 0.133 0.091 
316 HI_SS0031    (0)    6 :  0.150 0.105 0.321 0.052 0.116 0.124 0.084 0.049 
317 HI_SS0034    (0)    6 :  0.135 0.058 0.079 0.101 0.078 0.141 0.190 0.217 
318 HI_SS0036    (0)    6 :  0.031 0.074 0.102 0.158 0.230 0.079 0.264 0.062 
319 HI_SS0037    (1)    6 :  0.082 0.176 0.121 0.116 0.046 0.047 0.199 0.213 
320 HI_SS0039    (0)    6 :  0.087 0.169 0.091 0.211 0.092 0.039 0.262 0.049 
321 HI_SS0041    (1)    6 :  0.053 0.130 0.068 0.279 0.161 0.133 0.073 0.103 
322 HI_SS0042    (1)    6 :  0.127 0.180 0.087 0.112 0.229 0.100 0.076 0.090 
323 HI_SS0043    (1)    6 :  0.049 0.042 0.117 0.067 0.180 0.077 0.216 0.252 
324 HI_SS0044    (1)    6 :  0.060 0.260 0.077 0.064 0.078 0.176 0.237 0.048 
325 HI_SS0047    (1)    6 :  0.112 0.083 0.111 0.198 0.092 0.197 0.065 0.143 
326 HI_SS0049    (0)    6 :  0.126 0.164 0.089 0.098 0.092 0.196 0.086 0.148 
327 HI_SS0051    (1)    6 :  0.158 0.055 0.117 0.322 0.050 0.079 0.067 0.152 
328 HI_SS0053    (1)    6 :  0.076 0.051 0.155 0.082 0.180 0.087 0.211 0.159 
329 HI_SS0054    (4)    6 :  0.184 0.042 0.094 0.133 0.107 0.052 0.160 0.229 
330 HI_SS0057    (0)    6 :  0.082 0.102 0.055 0.156 0.211 0.071 0.068 0.255 
331 HI_SS0058    (0)    6 :  0.124 0.146 0.095 0.094 0.053 0.097 0.178 0.214 
332 HI_SS0060    (0)    6 :  0.111 0.064 0.185 0.156 0.181 0.090 0.068 0.145 
333 HI_SS0087    (1)    6 :  0.116 0.061 0.169 0.086 0.146 0.130 0.075 0.216 
334 HI_SS0091    (0)    6 :  0.100 0.040 0.143 0.058 0.174 0.084 0.294 0.107 
335 HI_SS0095    (1)    6 :  0.125 0.067 0.160 0.131 0.125 0.168 0.132 0.091 
336 HI_SS0097    (3)    6 :  0.300 0.066 0.118 0.071 0.067 0.118 0.060 0.199 
337 HI_SS0099    (0)    6 :  0.077 0.368 0.119 0.068 0.079 0.065 0.145 0.079 
338 HI_SS0103    (0)    6 :  0.112 0.091 0.105 0.123 0.125 0.249 0.089 0.105 
339 HI_SS0105    (1)    6 :  0.142 0.066 0.188 0.154 0.195 0.064 0.081 0.109 
340 HI_SS0107    (1)    6 :  0.104 0.091 0.066 0.118 0.192 0.305 0.044 0.080 
341 HI_SS0108    (1)    6 :  0.085 0.049 0.063 0.078 0.084 0.090 0.317 0.234 
342 HI_SS0110    (0)    6 :  0.107 0.083 0.083 0.064 0.270 0.155 0.168 0.070 
343 HI_SS0111    (1)    6 :  0.072 0.085 0.139 0.113 0.160 0.191 0.105 0.134 
344 HI_SS0112    (0)    6 :  0.060 0.086 0.117 0.065 0.138 0.111 0.276 0.146 
345 HI_SS0113    (1)    6 :  0.120 0.225 0.067 0.084 0.219 0.108 0.056 0.122 
346 HI_SS0114    (1)    6 :  0.100 0.091 0.137 0.123 0.083 0.061 0.151 0.254 
347 HI_SS0115    (1)    6 :  0.110 0.172 0.163 0.094 0.033 0.237 0.097 0.095 
348 HI_SS0116    (4)    6 :  0.058 0.214 0.103 0.037 0.058 0.180 0.188 0.161 
349 HI_SS0117    (0)    6 :  0.237 0.057 0.129 0.049 0.204 0.070 0.190 0.064 
350 HI_SS0118    (0)    6 :  0.159 0.131 0.138 0.063 0.091 0.082 0.205 0.131 
351 HI_SS0119    (1)    6 :  0.134 0.053 0.111 0.085 0.195 0.092 0.114 0.216 
352 HI_SS0120    (1)    6 :  0.073 0.067 0.050 0.098 0.335 0.267 0.046 0.063 
353 HI_SS0121    (1)    6 :  0.178 0.138 0.117 0.115 0.263 0.033 0.066 0.090 
354 HI_SS0122    (2)    6 :  0.109 0.107 0.113 0.152 0.190 0.091 0.140 0.098 
355 HI_SS0123    (0)    6 :  0.204 0.104 0.109 0.073 0.183 0.109 0.129 0.090 
356 HI_SS0124    (1)    6 :  0.095 0.257 0.098 0.124 0.084 0.208 0.074 0.060 
357 HI_SS0125    (1)    6 :  0.079 0.209 0.128 0.133 0.179 0.144 0.057 0.071 
358 HI_SS0126    (0)    6 :  0.100 0.170 0.064 0.064 0.085 0.109 0.365 0.044 
359 HI_SS0127    (0)    6 :  0.131 0.099 0.140 0.231 0.077 0.063 0.066 0.192 
360 HI_SS0128    (0)    6 :  0.149 0.118 0.103 0.056 0.182 0.194 0.117 0.081 
361 HI_SS0129    (1)    6 :  0.056 0.080 0.076 0.172 0.170 0.141 0.163 0.140 
362 HI_SS0131    (2)    6 :  0.157 0.112 0.191 0.130 0.079 0.040 0.144 0.149 
363 HI_SS0132    (0)    6 :  0.147 0.145 0.123 0.081 0.203 0.057 0.159 0.085 
364 HI_SS0133    (1)    6 :  0.069 0.055 0.076 0.094 0.132 0.110 0.347 0.116 
365 HI_SS0134    (1)    6 :  0.174 0.109 0.131 0.113 0.090 0.101 0.142 0.140 
366 HI_SS0142    (3)    6 :  0.197 0.075 0.222 0.105 0.124 0.087 0.084 0.106 
367 HI_SS0145    (0)    6 :  0.219 0.090 0.087 0.081 0.075 0.183 0.151 0.114 
368 HI_SS0146    (1)    6 :  0.179 0.088 0.145 0.157 0.045 0.129 0.197 0.060 
369 HI_SS0147    (1)    6 :  0.169 0.092 0.062 0.353 0.087 0.062 0.093 0.082 
370 HI_SS0149    (1)    6 :  0.185 0.087 0.063 0.060 0.357 0.035 0.166 0.049 
371 HI_SS0150    (2)    6 :  0.097 0.144 0.101 0.165 0.164 0.155 0.060 0.115 
372 HI_SS0151    (0)    6 :  0.078 0.060 0.092 0.180 0.047 0.336 0.097 0.109 
373 NS_SS1451    (1)    6 :  0.082 0.195 0.085 0.181 0.168 0.146 0.067 0.076 
374 NS_SS1404    (0)    6 :  0.097 0.157 0.092 0.312 0.104 0.065 0.118 0.054 
375 NS_SS1432    (2)    6 :  0.048 0.221 0.141 0.074 0.249 0.147 0.063 0.057 
376 NS_SS1405    (4)    6 :  0.099 0.311 0.080 0.077 0.074 0.129 0.153 0.077 
377 NS_SS1431   (10)    6 :  0.080 0.166 0.072 0.094 0.300 0.110 0.058 0.121 
378 NS_SS1402    (3)    6 :  0.133 0.089 0.157 0.093 0.147 0.158 0.139 0.084 
379 NS_SS1450    (3)    6 :  0.052 0.066 0.043 0.148 0.149 0.187 0.188 0.165 
380 NS_SS1396    (0)    6 :  0.100 0.194 0.131 0.115 0.118 0.090 0.107 0.145 
381 NS_SS1393    (5)    6 :  0.058 0.129 0.190 0.113 0.054 0.161 0.118 0.178 
382 NS_SS1392   (10)    6 :  0.046 0.156 0.091 0.175 0.138 0.247 0.070 0.078 
383 NS_SS1445    (0)    6 :  0.112 0.065 0.206 0.124 0.169 0.052 0.148 0.123 
384 NS_SS1423    (0)    6 :  0.096 0.068 0.198 0.055 0.177 0.203 0.129 0.075 
385 NS_SS1421    (9)    6 :  0.106 0.070 0.064 0.096 0.260 0.129 0.104 0.171 
386 NS_SS1411    (6)    6 :  0.045 0.103 0.071 0.196 0.056 0.065 0.097 0.367 
387 NS_SS1453    (5)    6 :  0.071 0.091 0.105 0.106 0.236 0.102 0.194 0.096 
388 NS_SS1442    (2)    6 :  0.130 0.120 0.112 0.066 0.067 0.131 0.053 0.320 
389 NS_SS1422    (1)    6 :  0.226 0.068 0.069 0.076 0.110 0.267 0.117 0.067 
390 NS_SS1419    (1)    6 :  0.208 0.142 0.052 0.110 0.091 0.045 0.065 0.288 
391 NS_SS1427    (0)    6 :  0.034 0.063 0.069 0.056 0.152 0.244 0.293 0.089 
392 NS_SS1444    (3)    6 :  0.138 0.182 0.195 0.169 0.062 0.081 0.074 0.100 
393 NS_SS1455    (0)    6 :  0.193 0.255 0.080 0.044 0.094 0.162 0.060 0.113 
394 NS_SS1425    (2)    6 :  0.084 0.050 0.141 0.082 0.073 0.063 0.190 0.316 
395 NS_SS1400    (0)    6 :  0.174 0.153 0.070 0.078 0.072 0.052 0.191 0.209 
396 NS_SS1406    (1)    6 :  0.265 0.154 0.109 0.050 0.206 0.076 0.043 0.097 
397 NS_SS1417    (6)    6 :  0.177 0.097 0.066 0.115 0.158 0.107 0.129 0.151 
398 NS_SS1454    (2)    6 :  0.080 0.146 0.060 0.093 0.243 0.032 0.205 0.143 
399 NS_SS1412    (1)    6 :  0.074 0.141 0.115 0.184 0.087 0.107 0.163 0.129 
400 NS_SS1438    (1)    6 :  0.094 0.042 0.170 0.130 0.058 0.080 0.136 0.290 
401 NS_SS1416    (4)    6 :  0.130 0.168 0.114 0.116 0.141 0.074 0.129 0.128 
402 NS_SS1401    (0)    6 :  0.109 0.103 0.203 0.077 0.189 0.092 0.107 0.120 
403 NS_SS1424    (6)    6 :  0.136 0.055 0.139 0.169 0.199 0.095 0.136 0.071 
404 NS_SS1435    (9)    6 :  0.042 0.150 0.256 0.125 0.129 0.144 0.095 0.059 
405 NS_SS1447    (4)    6 :  0.109 0.111 0.101 0.211 0.100 0.074 0.052 0.242 
406 NS_SS1414    (3)    6 :  0.146 0.230 0.090 0.186 0.100 0.064 0.065 0.119 
407 NS_SS1449   (14)    6 :  0.076 0.053 0.059 0.104 0.223 0.276 0.081 0.129 
408 NS_SS1443    (4)    6 :  0.149 0.049 0.145 0.051 0.063 0.227 0.221 0.095 
409 NS_SS1434    (1)    6 :  0.087 0.107 0.058 0.067 0.061 0.343 0.142 0.135 
410 NS_SS1398    (1)    6 :  0.067 0.231 0.093 0.090 0.166 0.121 0.100 0.131 
411 NS_SS1426    (1)    6 :  0.078 0.055 0.225 0.096 0.098 0.141 0.181 0.127 
412 NS_SS1413    (0)    6 :  0.130 0.103 0.096 0.091 0.102 0.154 0.207 0.117 
413 NS_SS1395    (1)    6 :  0.065 0.043 0.319 0.070 0.081 0.160 0.129 0.134 
414 NS_SS1448   (10)    6 :  0.052 0.109 0.056 0.261 0.177 0.071 0.201 0.072 
415 NS_SS1446    (0)    6 :  0.090 0.052 0.150 0.132 0.131 0.147 0.186 0.114 
416 NS_SS1403    (2)    6 :  0.061 0.122 0.272 0.062 0.207 0.119 0.061 0.096 
417 NS_SS1415    (0)    6 :  0.110 0.130 0.109 0.108 0.085 0.110 0.241 0.106 
418 NS_SS1437    (4)    6 :  0.095 0.133 0.176 0.100 0.248 0.062 0.101 0.084 
419 NS_SS1439    (2)    6 :  0.204 0.089 0.186 0.108 0.063 0.137 0.094 0.117 
420 NS_SS1441    (3)    6 :  0.136 0.151 0.138 0.043 0.087 0.136 0.174 0.134 
421 NS_SS1420    (2)    6 :  0.047 0.134 0.051 0.439 0.056 0.105 0.087 0.081 
422 NS_SS1394    (2)    6 :  0.055 0.222 0.186 0.169 0.126 0.061 0.049 0.132 
423 NS_SS1391    (7)    6 :  0.051 0.125 0.173 0.067 0.096 0.252 0.134 0.103 
424 NS_SS1410    (5)    6 :  0.094 0.133 0.110 0.063 0.195 0.120 0.141 0.144 
425 NS_SS1408    (1)    6 :  0.123 0.056 0.177 0.160 0.214 0.094 0.071 0.104 
426 NS_SS1409    (1)    6 :  0.105 0.156 0.090 0.057 0.105 0.231 0.149 0.106 
427 HI_SS0617    (1)    7 :  0.084 0.089 0.052 0.149 0.067 0.249 0.258 0.052 
428 HI_SS0618    (2)    7 :  0.088 0.238 0.108 0.084 0.105 0.163 0.058 0.156 
429 HI_SS0619    (0)    7 :  0.080 0.282 0.088 0.103 0.083 0.107 0.194 0.063 
430 HI_SS0620    (1)    7 :  0.052 0.044 0.068 0.264 0.042 0.162 0.244 0.124 
431 HI_SS0621    (3)    7 :  0.171 0.122 0.102 0.132 0.169 0.147 0.092 0.067 
432 HI_SS0622    (1)    7 :  0.250 0.108 0.059 0.176 0.113 0.068 0.172 0.055 
433 HI_SS0626    (0)    7 :  0.054 0.126 0.193 0.251 0.119 0.044 0.093 0.120 
434 HI_SS0627    (0)    7 :  0.066 0.102 0.158 0.081 0.243 0.129 0.056 0.166 
435 HI_SS0628    (3)    7 :  0.064 0.126 0.121 0.091 0.217 0.061 0.229 0.090 
436 HI_SS0629    (1)    7 :  0.127 0.137 0.237 0.090 0.111 0.064 0.160 0.075 
437 HI_SS0630    (1)    7 :  0.086 0.137 0.134 0.172 0.056 0.126 0.168 0.122 
438 HI_SS0631    (0)    7 :  0.070 0.103 0.124 0.150 0.114 0.135 0.141 0.162 
439 HI_SS0632    (0)    7 :  0.103 0.089 0.072 0.173 0.171 0.066 0.083 0.245 
440 HI_SS0633    (0)    7 :  0.102 0.285 0.071 0.052 0.050 0.218 0.110 0.113 
441 HI_SS0634    (1)    7 :  0.095 0.088 0.101 0.205 0.183 0.082 0.153 0.092 
442 HI_SS0635    (0)    7 :  0.140 0.217 0.189 0.130 0.091 0.083 0.060 0.090 
443 HI_SS0637    (1)    7 :  0.178 0.044 0.117 0.255 0.106 0.061 0.112 0.128 
444 HI_SS0638    (0)    7 :  0.120 0.129 0.070 0.138 0.142 0.152 0.126 0.123 
445 HI_SS0639    (1)    7 :  0.115 0.136 0.238 0.199 0.083 0.108 0.062 0.059 
446 HI_SS0640    (1)    7 :  0.156 0.085 0.251 0.089 0.060 0.136 0.070 0.152 
447 HI_SS0641    (1)    7 :  0.073 0.173 0.197 0.159 0.049 0.035 0.178 0.136 
448 HI_SS0642    (0)    7 :  0.078 0.096 0.164 0.091 0.334 0.093 0.057 0.086 
449 HI_SS0645    (0)    7 :  0.099 0.327 0.055 0.215 0.063 0.075 0.062 0.105 
450 HI_SS0646    (1)    7 :  0.159 0.074 0.125 0.095 0.097 0.259 0.127 0.062 
451 HI_SS0647    (1)    7 :  0.118 0.115 0.066 0.115 0.242 0.138 0.116 0.091 
452 HI_SS0648    (0)    7 :  0.143 0.129 0.137 0.138 0.095 0.130 0.130 0.096 
453 HI_SS0649    (1)    7 :  0.104 0.178 0.168 0.067 0.069 0.149 0.085 0.181 
454 HI_SS0650    (1)    7 :  0.055 0.106 0.103 0.112 0.109 0.323 0.064 0.128 
455 HI_SS0651    (1)    7 :  0.109 0.153 0.257 0.109 0.059 0.161 0.076 0.076 
456 HI_SS0652    (1)    7 :  0.065 0.139 0.086 0.381 0.074 0.096 0.067 0.093 
457 NS_SS1371    (3)    7 :  0.075 0.097 0.307 0.054 0.098 0.176 0.124 0.070 
458 NS_SS1374    (0)    7 :  0.056 0.081 0.115 0.191 0.206 0.062 0.211 0.078 
459 NS_SS1337    (3)    7 :  0.109 0.057 0.046 0.337 0.233 0.088 0.081 0.049 
460 NS_SS1385    (5)    7 :  0.156 0.128 0.185 0.107 0.077 0.183 0.092 0.072 
461 NS_SS1388    (0)    7 :  0.057 0.340 0.136 0.052 0.096 0.062 0.124 0.133 
462 NS_SS1370    (1)    7 :  0.076 0.075 0.059 0.436 0.081 0.080 0.046 0.146 
463 NS_SS1389    (3)    7 :  0.052 0.356 0.097 0.090 0.130 0.062 0.094 0.118 
464 NS_SS1360    (1)    7 :  0.094 0.109 0.223 0.122 0.068 0.066 0.104 0.214 
465 NS_SS1330    (0)    7 :  0.177 0.163 0.140 0.178 0.056 0.152 0.053 0.080 
466 NS_SS1328    (8)    7 :  0.097 0.059 0.080 0.060 0.173 0.239 0.210 0.082 
467 NS_SS1384    (1)    7 :  0.134 0.044 0.298 0.145 0.106 0.096 0.095 0.081 
468 NS_SS1381    (0)    7 :  0.119 0.139 0.066 0.096 0.081 0.360 0.042 0.096 
469 NS_SS1375    (1)    7 :  0.046 0.275 0.118 0.108 0.138 0.161 0.099 0.056 
470 NS_SS1319   (10)    7 :  0.117 0.128 0.122 0.113 0.192 0.117 0.142 0.070 
471 NS_SS1326    (2)    7 :  0.062 0.187 0.074 0.053 0.118 0.127 0.248 0.132 
472 NS_SS1341    (1)    7 :  0.079 0.041 0.169 0.060 0.186 0.070 0.095 0.300 
473 NS_SS1383    (1)    7 :  0.072 0.046 0.164 0.127 0.333 0.091 0.079 0.088 
