

----------------------------------------------------
STRUCTURE by Pritchard, Stephens and Donnelly (2000)
     and Falush, Stephens and Pritchard (2003)
       Code by Pritchard, Falush and Hubisz
             Version 2.3.4 (Jul 2012)
----------------------------------------------------



Command line arguments:   /home/genobiwan/Documents/Programs/Structure/structure -m parameter_job_k8_r9 
Input File:    /media/genobiwan/Storage/Projets/Mackerel_NWA_2021/data_job_k8_r9

Run parameters:
   629 individuals
   4140 loci
   8 populations assumed
   100000 Burn-in period
   200000 Reps


--------------------------------------------
Proportion of membership of each pre-defined
 population in each of the 8 clusters

Given    Inferred Clusters                                          Number of
 Pop       1      2      3      4      5      6      7      8      Individuals

  1:     0.141  0.013  0.114  0.165  0.141  0.090  0.132  0.205       67
  2:     0.131  0.009  0.045  0.146  0.133  0.153  0.188  0.194       32
  3:     0.134  0.014  0.084  0.237  0.128  0.141  0.139  0.123       92
  4:     0.148  0.016  0.177  0.210  0.175  0.117  0.107  0.048       36
  5:     0.184  0.021  0.180  0.102  0.159  0.130  0.118  0.106       41
  6:     0.130  0.013  0.146  0.129  0.154  0.133  0.148  0.147      158
  7:     0.109  0.010  0.169  0.141  0.135  0.129  0.143  0.163       79
  8:     0.153  0.014  0.168  0.122  0.122  0.106  0.165  0.151       52
  9:     0.006  0.967  0.004  0.005  0.005  0.005  0.005  0.004       36
 10:     0.004  0.973  0.003  0.004  0.004  0.004  0.004  0.004       36
--------------------------------------------

Allele-freq. divergence among pops (Net nucleotide distance),
computed using point estimates of P.

      1       2       3       4       5       6       7       8      
 1      -    0.0050  0.0005  0.0002  0.0002  0.0004  0.0003  0.0003  
 2   0.0050     -    0.0053  0.0050  0.0050  0.0051  0.0050  0.0051  
 3   0.0005  0.0053     -    0.0004  0.0004  0.0006  0.0004  0.0005  
 4   0.0002  0.0050  0.0004     -    0.0002  0.0003  0.0002  0.0003  
 5   0.0002  0.0050  0.0004  0.0002     -    0.0004  0.0003  0.0003  
 6   0.0004  0.0051  0.0006  0.0003  0.0004     -    0.0004  0.0004  
 7   0.0003  0.0050  0.0004  0.0002  0.0003  0.0004     -    0.0004  
 8   0.0003  0.0051  0.0005  0.0003  0.0003  0.0004  0.0004     -    

Average distances (expected heterozygosity) between individuals in same cluster:
cluster  1  : 0.3182 
cluster  2  : 0.3053 
cluster  3  : 0.3178 
cluster  4  : 0.3189 
cluster  5  : 0.3188 
cluster  6  : 0.3177 
cluster  7  : 0.3184 
cluster  8  : 0.3181 

--------------------------------------------
Estimated Ln Prob of Data   = -2474844.4
Mean value of ln likelihood = -2462900.7
Variance of ln likelihood   = 23887.4
Mean value of alpha         = 0.0427

Mean value of Fst_1         = 0.0042
Mean value of Fst_2         = 0.0392
Mean value of Fst_3         = 0.0061
Mean value of Fst_4         = 0.0032
Mean value of Fst_5         = 0.0042
Mean value of Fst_6         = 0.0056
Mean value of Fst_7         = 0.0042
Mean value of Fst_8         = 0.0047


Inferred ancestry of individuals:
        Label (%Miss) Pop:  Inferred clusters
  1 NS_SS0963    (4)    1 :  0.044 0.006 0.009 0.043 0.026 0.760 0.104 0.009 
  2 NS_SS0983    (1)    1 :  0.052 0.005 0.023 0.108 0.075 0.007 0.724 0.005 
  3 NS_SS0719    (9)    1 :  0.015 0.005 0.018 0.637 0.077 0.027 0.196 0.025 
  4 NS_SS1001    (8)    1 :  0.014 0.005 0.058 0.025 0.018 0.011 0.013 0.855 
  5 NS_SS0936    (4)    1 :  0.101 0.003 0.008 0.808 0.019 0.020 0.015 0.026 
  6 NS_SS0955    (6)    1 :  0.331 0.005 0.091 0.014 0.050 0.051 0.440 0.018 
  7 NS_SS0944    (3)    1 :  0.109 0.002 0.421 0.014 0.028 0.349 0.060 0.017 
  8 NS_SS0945    (3)    1 :  0.014 0.009 0.562 0.109 0.030 0.184 0.014 0.077 
  9 NS_SS0922    (2)    1 :  0.064 0.034 0.009 0.026 0.071 0.617 0.018 0.160 
 10 NS_SS0929    (7)    1 :  0.158 0.003 0.023 0.099 0.596 0.021 0.028 0.073 
 11 NS_SS0956    (1)    1 :  0.014 0.004 0.024 0.018 0.010 0.019 0.014 0.896 
 12 NS_SS0906    (3)    1 :  0.052 0.003 0.019 0.692 0.038 0.006 0.158 0.032 
 13 NS_SS0721    (6)    1 :  0.008 0.004 0.006 0.905 0.009 0.008 0.053 0.006 
 14 NS_SS0982    (4)    1 :  0.856 0.014 0.005 0.034 0.013 0.008 0.049 0.021 
 15 NS_SS0923    (6)    1 :  0.036 0.005 0.008 0.770 0.022 0.088 0.020 0.051 
 16 NS_SS0905    (6)    1 :  0.092 0.002 0.103 0.161 0.478 0.008 0.123 0.034 
 17 NS_SS0925    (3)    1 :  0.433 0.005 0.005 0.081 0.073 0.013 0.311 0.080 
 18 NS_SS0947    (6)    1 :  0.068 0.006 0.035 0.310 0.329 0.137 0.039 0.078 
 19 NS_SS0926    (2)    1 :  0.024 0.001 0.755 0.023 0.094 0.033 0.037 0.032 
 20 NS_SS0918    (6)    1 :  0.283 0.003 0.074 0.302 0.011 0.050 0.150 0.127 
 21 NS_SS0966    (4)    1 :  0.276 0.062 0.032 0.077 0.263 0.109 0.105 0.076 
 22 NS_SS0938    (2)    1 :  0.055 0.002 0.010 0.019 0.079 0.059 0.009 0.767 
 23 NS_SS0917    (2)    1 :  0.054 0.044 0.027 0.401 0.095 0.006 0.015 0.358 
 24 NS_SS0957   (11)    1 :  0.016 0.006 0.015 0.021 0.020 0.122 0.011 0.789 
 25 NS_SS0987    (1)    1 :  0.142 0.231 0.030 0.024 0.016 0.010 0.034 0.514 
 26 NS_SS0717    (4)    1 :  0.359 0.003 0.019 0.027 0.012 0.006 0.008 0.567 
 27 NS_SS0986    (2)    1 :  0.010 0.003 0.032 0.906 0.005 0.025 0.006 0.012 
 28 NS_SS0953    (3)    1 :  0.645 0.018 0.028 0.098 0.145 0.016 0.018 0.032 
 29 NS_SS0907    (3)    1 :  0.235 0.048 0.013 0.429 0.041 0.008 0.207 0.020 
 30 NS_SS0974    (6)    1 :  0.044 0.004 0.045 0.009 0.769 0.078 0.026 0.026 
 31 NS_SS0989    (1)    1 :  0.145 0.001 0.084 0.027 0.490 0.196 0.044 0.014 
 32 NS_SS0991    (3)    1 :  0.016 0.002 0.174 0.062 0.009 0.012 0.718 0.007 
 33 NS_SS0994    (2)    1 :  0.040 0.002 0.706 0.042 0.127 0.031 0.031 0.022 
 34 NS_SS0931    (6)    1 :  0.010 0.012 0.888 0.017 0.005 0.017 0.039 0.013 
 35 NS_SS1000    (5)    1 :  0.022 0.003 0.017 0.880 0.012 0.007 0.010 0.049 
 36 NS_SS0919    (1)    1 :  0.032 0.002 0.015 0.549 0.007 0.007 0.382 0.005 
 37 NS_SS0949    (4)    1 :  0.024 0.001 0.623 0.025 0.021 0.006 0.293 0.006 
 38 NS_SS0960   (10)    1 :  0.199 0.007 0.196 0.114 0.427 0.017 0.019 0.020 
 39 NS_SS0716    (2)    1 :  0.005 0.006 0.006 0.010 0.004 0.002 0.004 0.963 
 40 NS_SS0924    (8)    1 :  0.072 0.016 0.185 0.344 0.133 0.026 0.173 0.051 
 41 NS_SS0935    (2)    1 :  0.010 0.007 0.125 0.033 0.009 0.006 0.802 0.009 
 42 NS_SS0952   (14)    1 :  0.027 0.039 0.479 0.037 0.167 0.063 0.160 0.028 
 43 NS_SS0962   (11)    1 :  0.759 0.008 0.013 0.093 0.008 0.070 0.016 0.033 
 44 NS_SS0973    (5)    1 :  0.027 0.003 0.004 0.008 0.036 0.006 0.910 0.006 
 45 NS_SS0722    (1)    1 :  0.018 0.002 0.007 0.022 0.031 0.011 0.025 0.885 
 46 NS_SS0979   (13)    1 :  0.079 0.002 0.008 0.043 0.011 0.044 0.030 0.783 
 47 NS_SS0993    (2)    1 :  0.087 0.015 0.006 0.010 0.232 0.015 0.529 0.104 
 48 NS_SS0958    (1)    1 :  0.100 0.003 0.728 0.022 0.022 0.021 0.009 0.096 
 49 NS_SS0988    (4)    1 :  0.882 0.003 0.013 0.035 0.011 0.009 0.032 0.014 
 50 NS_SS1003    (2)    1 :  0.013 0.012 0.011 0.016 0.024 0.887 0.020 0.017 
 51 NS_SS0976    (1)    1 :  0.016 0.002 0.028 0.012 0.012 0.886 0.038 0.006 
 52 NS_SS0964   (10)    1 :  0.052 0.003 0.012 0.015 0.066 0.037 0.042 0.772 
 53 NS_SS0939    (4)    1 :  0.003 0.004 0.005 0.006 0.003 0.004 0.005 0.969 
 54 NS_SS0990    (6)    1 :  0.012 0.005 0.019 0.077 0.060 0.107 0.031 0.689 
 55 NS_SS0984    (2)    1 :  0.024 0.002 0.004 0.012 0.018 0.024 0.013 0.904 
 56 NS_SS0980   (10)    1 :  0.168 0.002 0.008 0.119 0.479 0.010 0.207 0.007 
 57 NS_SS0978    (4)    1 :  0.070 0.002 0.009 0.019 0.485 0.083 0.305 0.027 
 58 NS_SS0951   (18)    1 :  0.024 0.003 0.238 0.105 0.069 0.049 0.451 0.062 
 59 NS_SS0913    (3)    1 :  0.016 0.039 0.012 0.015 0.029 0.028 0.008 0.854 
 60 NS_SS1002    (1)    1 :  0.746 0.038 0.011 0.144 0.008 0.038 0.009 0.007 
 61 NS_SS0948    (1)    1 :  0.441 0.040 0.037 0.050 0.041 0.016 0.047 0.327 
 62 NS_SS0916    (4)    1 :  0.006 0.004 0.008 0.006 0.942 0.008 0.008 0.017 
 63 NS_SS0995    (1)    1 :  0.027 0.002 0.004 0.123 0.737 0.012 0.036 0.059 
 64 NS_SS0927    (6)    1 :  0.088 0.006 0.026 0.071 0.736 0.008 0.045 0.020 
 65 NS_SS0992    (5)    1 :  0.246 0.004 0.016 0.150 0.472 0.037 0.063 0.013 
 66 NS_SS0912    (1)    1 :  0.035 0.003 0.396 0.364 0.009 0.010 0.157 0.025 
 67 NS_SS0981    (1)    1 :  0.307 0.004 0.019 0.161 0.014 0.333 0.105 0.057 
 68 NS_SS0729    (5)    2 :  0.008 0.003 0.038 0.007 0.903 0.021 0.016 0.004 
 69 NS_SS0967   (15)    2 :  0.675 0.011 0.017 0.135 0.017 0.093 0.028 0.024 
 70 NS_SS0941    (8)    2 :  0.047 0.075 0.015 0.587 0.046 0.027 0.030 0.174 
 71 NS_SS0768   (12)    2 :  0.754 0.005 0.039 0.074 0.017 0.022 0.007 0.083 
 72 NS_SS0726    (5)    2 :  0.022 0.006 0.012 0.009 0.175 0.745 0.022 0.009 
 73 NS_SS0763    (4)    2 :  0.056 0.002 0.051 0.029 0.092 0.154 0.482 0.132 
 74 NS_SS0730    (6)    2 :  0.447 0.004 0.020 0.052 0.045 0.026 0.011 0.396 
 75 NS_SS0774    (2)    2 :  0.018 0.001 0.004 0.013 0.065 0.172 0.012 0.716 
 76 NS_SS0723    (3)    2 :  0.268 0.002 0.005 0.383 0.025 0.027 0.256 0.034 
 77 NS_SS0940   (10)    2 :  0.007 0.006 0.106 0.662 0.067 0.033 0.085 0.034 
 78 NS_SS0762    (1)    2 :  0.008 0.003 0.009 0.008 0.130 0.073 0.015 0.754 
 79 NS_SS0766   (11)    2 :  0.036 0.014 0.095 0.071 0.138 0.035 0.013 0.598 
 80 NS_SS0724    (1)    2 :  0.337 0.005 0.022 0.093 0.034 0.343 0.085 0.081 
 81 NS_SS0769    (3)    2 :  0.033 0.003 0.014 0.903 0.015 0.008 0.011 0.012 
 82 NS_SS0777    (1)    2 :  0.012 0.010 0.049 0.014 0.009 0.011 0.874 0.020 
 83 NS_SS0734    (6)    2 :  0.025 0.032 0.314 0.115 0.160 0.096 0.172 0.086 
 84 NS_SS0737    (3)    2 :  0.041 0.006 0.008 0.052 0.095 0.672 0.009 0.117 
 85 NS_SS0732    (5)    2 :  0.135 0.005 0.007 0.086 0.023 0.016 0.678 0.050 
 86 NS_SS0728    (5)    2 :  0.048 0.009 0.013 0.427 0.079 0.060 0.182 0.183 
 87 NS_SS0735    (9)    2 :  0.222 0.008 0.011 0.252 0.063 0.026 0.405 0.014 
 88 NS_SS0725    (1)    2 :  0.013 0.008 0.014 0.008 0.011 0.883 0.008 0.055 
 89 NS_SS0788    (2)    2 :  0.716 0.002 0.010 0.016 0.027 0.052 0.164 0.012 
 90 NS_SS0778    (2)    2 :  0.057 0.002 0.015 0.067 0.036 0.028 0.771 0.023 
 91 NS_SS0792    (6)    2 :  0.033 0.004 0.009 0.015 0.916 0.005 0.006 0.012 
 92 NS_SS0943   (11)    2 :  0.020 0.006 0.154 0.031 0.021 0.145 0.613 0.008 
 93 NS_SS0791    (2)    2 :  0.015 0.015 0.022 0.031 0.662 0.225 0.018 0.012 
 94 NS_SS0790    (5)    2 :  0.036 0.005 0.006 0.032 0.022 0.023 0.033 0.844 
 95 NS_SS0731    (6)    2 :  0.030 0.013 0.024 0.367 0.035 0.009 0.037 0.486 
 96 NS_SS0727    (7)    2 :  0.016 0.002 0.287 0.046 0.290 0.018 0.109 0.231 
 97 NS_SS0779   (13)    2 :  0.026 0.006 0.009 0.038 0.023 0.011 0.834 0.052 
 98 NS_SS0776    (3)    2 :  0.008 0.006 0.035 0.038 0.015 0.834 0.033 0.030 
 99 NS_SS0775    (5)    2 :  0.018 0.005 0.006 0.018 0.009 0.008 0.004 0.934 
100 NS_SS0965    (3)    3 :  0.121 0.001 0.027 0.738 0.011 0.012 0.051 0.039 
101 NS_SS0754   (14)    3 :  0.019 0.015 0.138 0.384 0.222 0.058 0.116 0.047 
102 NS_SS0838    (5)    3 :  0.014 0.042 0.025 0.036 0.121 0.719 0.021 0.023 
103 NS_SS0839    (3)    3 :  0.104 0.004 0.008 0.140 0.058 0.611 0.004 0.071 
104 NS_SS0832    (4)    3 :  0.033 0.031 0.005 0.833 0.008 0.006 0.066 0.019 
105 NS_SS0820    (5)    3 :  0.055 0.007 0.003 0.234 0.022 0.633 0.007 0.038 
106 NS_SS0886    (9)    3 :  0.031 0.002 0.021 0.778 0.065 0.034 0.055 0.015 
107 NS_SS0748    (5)    3 :  0.085 0.012 0.452 0.133 0.106 0.019 0.055 0.138 
108 NS_SS0884    (9)    3 :  0.204 0.032 0.064 0.106 0.246 0.228 0.066 0.055 
109 NS_SS0752    (4)    3 :  0.271 0.003 0.017 0.081 0.054 0.034 0.435 0.105 
110 NS_SS0862    (1)    3 :  0.112 0.004 0.007 0.661 0.011 0.044 0.136 0.025 
111 NS_SS0787    (9)    3 :  0.016 0.007 0.879 0.014 0.013 0.019 0.038 0.012 
112 NS_SS0843    (6)    3 :  0.032 0.002 0.012 0.061 0.030 0.017 0.815 0.033 
113 NS_SS0856    (4)    3 :  0.484 0.003 0.020 0.062 0.356 0.032 0.016 0.029 
114 NS_SS0846    (2)    3 :  0.772 0.003 0.030 0.102 0.042 0.030 0.015 0.005 
115 NS_SS0825    (1)    3 :  0.761 0.009 0.010 0.086 0.007 0.103 0.010 0.014 
116 NS_SS0757    (3)    3 :  0.014 0.004 0.012 0.034 0.017 0.039 0.871 0.010 
117 NS_SS0876    (3)    3 :  0.019 0.224 0.008 0.270 0.428 0.006 0.040 0.005 
118 NS_SS0903   (10)    3 :  0.631 0.003 0.005 0.288 0.024 0.009 0.024 0.016 
119 NS_SS0875    (7)    3 :  0.043 0.004 0.019 0.055 0.039 0.011 0.020 0.809 
120 NS_SS0740    (5)    3 :  0.012 0.003 0.004 0.012 0.011 0.008 0.941 0.010 
121 NS_SS0811    (5)    3 :  0.007 0.007 0.008 0.026 0.010 0.006 0.015 0.921 
122 NS_SS0751    (1)    3 :  0.088 0.002 0.155 0.114 0.244 0.264 0.082 0.049 
123 NS_SS0891    (6)    3 :  0.018 0.006 0.011 0.024 0.053 0.020 0.008 0.859 
124 NS_SS0867    (2)    3 :  0.108 0.021 0.020 0.032 0.125 0.010 0.673 0.010 
125 NS_SS0890    (6)    3 :  0.010 0.003 0.033 0.154 0.215 0.015 0.445 0.125 
126 NS_SS0866   (12)    3 :  0.018 0.006 0.229 0.015 0.566 0.090 0.007 0.069 
127 NS_SS0755    (4)    3 :  0.022 0.008 0.023 0.021 0.055 0.053 0.045 0.772 
128 NS_SS0758    (4)    3 :  0.210 0.002 0.020 0.547 0.153 0.027 0.031 0.011 
129 NS_SS0840    (2)    3 :  0.047 0.002 0.006 0.047 0.007 0.831 0.008 0.051 
130 NS_SS0889    (4)    3 :  0.016 0.003 0.727 0.054 0.026 0.103 0.044 0.027 
131 NS_SS1010    (1)    3 :  0.423 0.040 0.052 0.093 0.192 0.175 0.013 0.013 
132 NS_SS0888    (5)    3 :  0.006 0.002 0.102 0.016 0.801 0.010 0.050 0.014 
133 NS_SS0837    (3)    3 :  0.263 0.003 0.033 0.129 0.032 0.017 0.350 0.173 
134 NS_SS0794   (10)    3 :  0.011 0.003 0.302 0.047 0.606 0.009 0.006 0.016 
135 NS_SS0823    (5)    3 :  0.178 0.005 0.007 0.383 0.080 0.155 0.154 0.038 
136 NS_SS0829    (7)    3 :  0.012 0.101 0.092 0.366 0.025 0.006 0.387 0.011 
137 NS_SS0844    (5)    3 :  0.927 0.002 0.004 0.009 0.011 0.010 0.017 0.020 
138 NS_SS1008    (6)    3 :  0.046 0.011 0.305 0.029 0.131 0.021 0.059 0.398 
139 NS_SS0881    (3)    3 :  0.008 0.003 0.032 0.767 0.077 0.057 0.014 0.043 
140 NS_SS0834    (6)    3 :  0.022 0.005 0.007 0.007 0.015 0.925 0.006 0.013 
141 NS_SS0744   (10)    3 :  0.009 0.007 0.008 0.894 0.038 0.010 0.028 0.007 
142 NS_SS0899    (7)    3 :  0.065 0.002 0.004 0.057 0.013 0.581 0.068 0.210 
143 NS_SS0804    (5)    3 :  0.069 0.003 0.005 0.816 0.012 0.025 0.007 0.062 
144 NS_SS0781   (10)    3 :  0.071 0.004 0.004 0.797 0.017 0.042 0.013 0.051 
145 NS_SS0822    (6)    3 :  0.039 0.002 0.033 0.007 0.041 0.823 0.048 0.006 
146 NS_SS1004    (4)    3 :  0.151 0.004 0.017 0.434 0.026 0.013 0.346 0.010 
147 NS_SS0746    (5)    3 :  0.053 0.015 0.015 0.721 0.026 0.014 0.051 0.104 
148 NS_SS0880    (3)    3 :  0.013 0.002 0.019 0.017 0.007 0.914 0.019 0.010 
149 NS_SS0879    (5)    3 :  0.064 0.018 0.019 0.062 0.345 0.156 0.031 0.305 
150 NS_SS0753    (2)    3 :  0.017 0.008 0.011 0.015 0.026 0.004 0.911 0.008 
151 NS_SS1007    (3)    3 :  0.385 0.002 0.015 0.168 0.371 0.019 0.015 0.025 
152 NS_SS0872    (5)    3 :  0.646 0.002 0.012 0.058 0.203 0.014 0.014 0.051 
153 NS_SS1005    (7)    3 :  0.253 0.001 0.011 0.646 0.007 0.037 0.032 0.013 
154 NS_SS0892    (6)    3 :  0.081 0.002 0.083 0.243 0.062 0.034 0.317 0.178 
155 NS_SS0898    (0)    3 :  0.015 0.006 0.147 0.005 0.313 0.009 0.013 0.492 
156 NS_SS0801    (9)    3 :  0.011 0.006 0.006 0.056 0.007 0.894 0.014 0.006 
157 NS_SS0827    (9)    3 :  0.181 0.119 0.136 0.013 0.022 0.008 0.105 0.417 
158 NS_SS0853    (7)    3 :  0.011 0.004 0.008 0.010 0.015 0.004 0.008 0.941 
159 NS_SS0780    (2)    3 :  0.006 0.004 0.004 0.823 0.016 0.079 0.059 0.009 
160 NS_SS0826   (10)    3 :  0.483 0.003 0.039 0.024 0.010 0.422 0.014 0.005 
161 NS_SS0818    (5)    3 :  0.700 0.001 0.024 0.054 0.110 0.047 0.054 0.010 
162 NS_SS0745    (1)    3 :  0.008 0.002 0.011 0.012 0.003 0.021 0.005 0.938 
163 NS_SS0849    (3)    3 :  0.011 0.002 0.008 0.011 0.006 0.006 0.928 0.028 
164 NS_SS0739    (3)    3 :  0.014 0.012 0.020 0.023 0.704 0.106 0.036 0.084 
165 NS_SS0799    (1)    3 :  0.036 0.001 0.051 0.020 0.497 0.022 0.327 0.045 
166 NS_SS0756    (3)    3 :  0.863 0.004 0.008 0.061 0.020 0.013 0.009 0.023 
167 NS_SS0802    (2)    3 :  0.115 0.218 0.097 0.274 0.025 0.012 0.236 0.023 
168 NS_SS0747    (6)    3 :  0.044 0.006 0.006 0.657 0.013 0.027 0.238 0.010 
169 NS_SS0835    (1)    3 :  0.074 0.001 0.111 0.120 0.491 0.007 0.166 0.029 
170 NS_SS0742   (19)    3 :  0.017 0.001 0.010 0.043 0.576 0.231 0.104 0.016 
171 NS_SS0760    (9)    3 :  0.012 0.049 0.839 0.053 0.017 0.010 0.007 0.012 
172 NS_SS0803    (4)    3 :  0.257 0.007 0.004 0.512 0.194 0.008 0.008 0.010 
173 NS_SS0828   (14)    3 :  0.013 0.002 0.038 0.052 0.101 0.019 0.616 0.160 
174 NS_SS0865    (2)    3 :  0.026 0.031 0.022 0.130 0.287 0.104 0.384 0.016 
175 NS_SS0759    (5)    3 :  0.030 0.004 0.007 0.440 0.014 0.372 0.089 0.044 
176 NS_SS0851    (5)    3 :  0.012 0.013 0.010 0.062 0.005 0.056 0.007 0.835 
177 NS_SS0874   (16)    3 :  0.370 0.001 0.005 0.021 0.021 0.030 0.527 0.025 
178 NS_SS0761    (6)    3 :  0.123 0.003 0.326 0.463 0.026 0.007 0.028 0.024 
179 NS_SS0842   (26)    3 :  0.159 0.007 0.095 0.038 0.036 0.023 0.045 0.596 
180 NS_SS0785    (6)    3 :  0.009 0.004 0.014 0.917 0.025 0.008 0.017 0.006 
181 NS_SS0860   (11)    3 :  0.030 0.002 0.019 0.401 0.367 0.015 0.154 0.010 
182 NS_SS0897    (7)    3 :  0.016 0.003 0.863 0.008 0.075 0.008 0.017 0.012 
183 NS_SS0841   (15)    3 :  0.313 0.004 0.033 0.026 0.012 0.503 0.037 0.072 
184 NS_SS0797    (7)    3 :  0.019 0.026 0.414 0.016 0.034 0.377 0.043 0.072 
185 NS_SS0830   (11)    3 :  0.072 0.003 0.043 0.051 0.258 0.292 0.194 0.087 
186 NS_SS1011    (5)    3 :  0.010 0.004 0.003 0.006 0.005 0.962 0.006 0.003 
187 NS_SS0883    (5)    3 :  0.009 0.005 0.009 0.870 0.037 0.004 0.042 0.023 
188 NS_SS0782    (2)    3 :  0.009 0.002 0.018 0.891 0.054 0.005 0.007 0.015 
189 NS_SS0831    (5)    3 :  0.007 0.002 0.033 0.701 0.183 0.011 0.050 0.014 
190 NS_SS0749    (7)    3 :  0.008 0.004 0.019 0.839 0.014 0.015 0.087 0.012 
191 NS_SS0854    (2)    3 :  0.035 0.003 0.020 0.145 0.720 0.049 0.014 0.014 
192 HI_SS0193    (0)    4 :  0.005 0.002 0.850 0.007 0.020 0.089 0.009 0.018 
193 HI_SS0194    (1)    4 :  0.006 0.002 0.012 0.014 0.006 0.929 0.013 0.017 
194 HI_SS0195   (10)    4 :  0.015 0.081 0.006 0.839 0.005 0.024 0.009 0.022 
195 HI_SS0196    (6)    4 :  0.019 0.003 0.049 0.766 0.084 0.035 0.018 0.026 
196 HI_SS0197    (3)    4 :  0.058 0.013 0.003 0.702 0.042 0.150 0.008 0.024 
197 HI_SS0198    (1)    4 :  0.135 0.011 0.049 0.091 0.093 0.082 0.475 0.064 
198 HI_SS0199    (1)    4 :  0.007 0.002 0.006 0.012 0.954 0.003 0.009 0.007 
199 HI_SS0201    (5)    4 :  0.016 0.003 0.660 0.014 0.050 0.011 0.240 0.006 
200 HI_SS0215    (1)    4 :  0.448 0.003 0.044 0.221 0.226 0.004 0.050 0.005 
201 HI_SS0218    (1)    4 :  0.008 0.007 0.579 0.019 0.332 0.011 0.011 0.034 
202 HI_SS0222    (0)    4 :  0.021 0.005 0.018 0.877 0.038 0.006 0.006 0.029 
203 HI_SS0230    (1)    4 :  0.224 0.005 0.012 0.630 0.009 0.046 0.059 0.015 
204 HI_SS0234    (2)    4 :  0.611 0.143 0.005 0.111 0.100 0.006 0.014 0.010 
205 HI_SS0240    (1)    4 :  0.045 0.007 0.012 0.316 0.566 0.013 0.010 0.031 
206 HI_SS0241    (0)    4 :  0.009 0.002 0.014 0.009 0.652 0.270 0.030 0.013 
207 HI_SS0242    (0)    4 :  0.160 0.003 0.025 0.064 0.075 0.026 0.125 0.522 
208 HI_SS0247    (0)    4 :  0.073 0.025 0.018 0.019 0.021 0.582 0.229 0.033 
209 HI_SS0248    (1)    4 :  0.011 0.001 0.918 0.009 0.016 0.005 0.034 0.006 
210 HI_SS0252    (2)    4 :  0.020 0.002 0.017 0.300 0.098 0.532 0.013 0.017 
211 HI_SS0254    (0)    4 :  0.342 0.091 0.097 0.011 0.029 0.014 0.401 0.015 
212 HI_SS0256    (0)    4 :  0.884 0.002 0.003 0.016 0.009 0.043 0.006 0.037 
213 HI_SS0257    (0)    4 :  0.055 0.003 0.024 0.024 0.580 0.010 0.285 0.019 
214 HI_SS0258    (1)    4 :  0.017 0.004 0.908 0.012 0.016 0.021 0.015 0.007 
215 HI_SS0259    (1)    4 :  0.012 0.002 0.005 0.015 0.008 0.923 0.011 0.024 
216 HI_SS0260    (1)    4 :  0.023 0.002 0.522 0.060 0.306 0.011 0.035 0.041 
217 HI_SS0261    (2)    4 :  0.030 0.003 0.022 0.193 0.071 0.049 0.608 0.023 
218 HI_SS0262    (0)    4 :  0.096 0.008 0.007 0.061 0.761 0.025 0.017 0.024 
219 HI_SS0264    (0)    4 :  0.224 0.004 0.045 0.642 0.006 0.016 0.012 0.052 
220 HI_SS0265    (0)    4 :  0.312 0.114 0.012 0.052 0.011 0.017 0.098 0.384 
221 HI_SS0268    (1)    4 :  0.078 0.003 0.644 0.177 0.007 0.066 0.006 0.018 
222 HI_SS0269    (0)    4 :  0.007 0.002 0.014 0.005 0.949 0.010 0.007 0.005 
223 HI_SS0273    (0)    4 :  0.248 0.002 0.601 0.009 0.051 0.026 0.023 0.040 
224 HI_SS0277    (1)    4 :  0.438 0.002 0.005 0.496 0.022 0.022 0.007 0.007 
225 HI_SS0280    (0)    4 :  0.007 0.006 0.069 0.660 0.023 0.098 0.016 0.120 
226 HI_SS0282    (1)    4 :  0.013 0.001 0.029 0.036 0.012 0.008 0.894 0.007 
227 HI_SS0286    (1)    4 :  0.664 0.008 0.083 0.082 0.063 0.040 0.041 0.018 
228 NS_SS1252    (3)    5 :  0.150 0.005 0.137 0.204 0.376 0.012 0.098 0.018 
229 NS_SS1261    (1)    5 :  0.495 0.016 0.036 0.185 0.220 0.011 0.008 0.027 
230 NS_SS1225   (10)    5 :  0.034 0.092 0.008 0.019 0.042 0.371 0.428 0.005 
231 NS_SS1266    (1)    5 :  0.783 0.008 0.004 0.030 0.020 0.050 0.041 0.064 
232 NS_SS1228    (0)    5 :  0.029 0.016 0.005 0.021 0.435 0.010 0.063 0.422 
233 NS_SS1255    (3)    5 :  0.020 0.002 0.269 0.075 0.466 0.008 0.008 0.152 
234 NS_SS1267    (3)    5 :  0.012 0.018 0.720 0.040 0.086 0.013 0.040 0.071 
235 NS_SS1238    (6)    5 :  0.026 0.003 0.878 0.017 0.009 0.044 0.008 0.015 
236 NS_SS1233    (8)    5 :  0.060 0.002 0.054 0.009 0.006 0.821 0.023 0.025 
237 NS_SS1277    (3)    5 :  0.013 0.001 0.790 0.007 0.016 0.008 0.010 0.154 
238 NS_SS1245    (1)    5 :  0.254 0.002 0.045 0.051 0.022 0.029 0.561 0.035 
239 NS_SS1240    (4)    5 :  0.017 0.003 0.796 0.122 0.033 0.009 0.014 0.005 
240 NS_SS1275    (2)    5 :  0.069 0.003 0.003 0.012 0.040 0.767 0.005 0.102 
241 NS_SS1235    (1)    5 :  0.411 0.005 0.030 0.014 0.328 0.181 0.012 0.018 
242 NS_SS1263    (1)    5 :  0.588 0.001 0.010 0.010 0.017 0.038 0.106 0.229 
243 NS_SS1251    (2)    5 :  0.907 0.001 0.011 0.010 0.010 0.009 0.040 0.013 
244 NS_SS1248    (0)    5 :  0.015 0.095 0.327 0.175 0.006 0.076 0.034 0.273 
245 NS_SS1244    (0)    5 :  0.009 0.004 0.012 0.011 0.017 0.933 0.009 0.003 
246 NS_SS1257    (1)    5 :  0.147 0.032 0.293 0.094 0.385 0.013 0.021 0.014 
247 NS_SS1242    (2)    5 :  0.466 0.004 0.015 0.020 0.008 0.089 0.018 0.380 
248 NS_SS1271    (6)    5 :  0.008 0.035 0.323 0.017 0.285 0.008 0.137 0.188 
249 NS_SS1265    (1)    5 :  0.052 0.024 0.579 0.214 0.018 0.021 0.035 0.057 
250 NS_SS1243    (0)    5 :  0.005 0.092 0.041 0.352 0.011 0.148 0.108 0.241 
251 NS_SS1273    (1)    5 :  0.042 0.010 0.011 0.006 0.011 0.014 0.005 0.900 
252 NS_SS1254   (14)    5 :  0.021 0.005 0.005 0.022 0.463 0.033 0.013 0.438 
253 NS_SS1224    (1)    5 :  0.011 0.007 0.005 0.869 0.057 0.007 0.021 0.023 
254 NS_SS1227    (8)    5 :  0.012 0.002 0.021 0.009 0.060 0.006 0.708 0.183 
255 NS_SS1274    (9)    5 :  0.053 0.015 0.049 0.027 0.025 0.566 0.252 0.012 
256 NS_SS1241    (1)    5 :  0.040 0.001 0.830 0.009 0.047 0.032 0.021 0.019 
257 NS_SS1256    (3)    5 :  0.196 0.057 0.089 0.107 0.247 0.206 0.052 0.045 
258 NS_SS1260    (8)    5 :  0.016 0.067 0.017 0.050 0.755 0.015 0.072 0.008 
259 NS_SS1262    (0)    5 :  0.564 0.174 0.026 0.097 0.071 0.013 0.040 0.014 
260 NS_SS1230    (0)    5 :  0.088 0.009 0.556 0.194 0.036 0.012 0.040 0.064 
261 NS_SS1270    (2)    5 :  0.193 0.002 0.028 0.391 0.007 0.035 0.318 0.026 
262 NS_SS1229    (2)    5 :  0.624 0.005 0.005 0.035 0.297 0.008 0.020 0.006 
263 NS_SS1246    (5)    5 :  0.115 0.003 0.159 0.008 0.030 0.590 0.075 0.020 
264 NS_SS1269    (0)    5 :  0.098 0.002 0.104 0.618 0.125 0.009 0.026 0.017 
265 NS_SS1239    (1)    5 :  0.008 0.005 0.009 0.006 0.529 0.006 0.412 0.026 
266 NS_SS1272    (5)    5 :  0.872 0.005 0.004 0.027 0.011 0.063 0.008 0.009 
267 NS_SS1268    (1)    5 :  0.011 0.002 0.010 0.008 0.009 0.024 0.910 0.026 
268 NS_SS1249    (1)    5 :  0.006 0.008 0.063 0.007 0.895 0.008 0.005 0.008 
269 HI_SS0559    (0)    6 :  0.034 0.002 0.029 0.032 0.011 0.010 0.840 0.043 
270 HI_SS0563    (1)    6 :  0.157 0.003 0.053 0.588 0.158 0.006 0.015 0.021 
271 HI_SS0564    (0)    6 :  0.107 0.057 0.007 0.043 0.039 0.014 0.708 0.026 
272 HI_SS0565    (0)    6 :  0.722 0.003 0.011 0.023 0.018 0.007 0.186 0.030 
273 HI_SS0569    (1)    6 :  0.011 0.002 0.122 0.296 0.017 0.009 0.540 0.004 
274 HI_SS0570    (0)    6 :  0.007 0.042 0.868 0.011 0.035 0.011 0.009 0.017 
275 HI_SS0572    (1)    6 :  0.240 0.003 0.005 0.017 0.560 0.017 0.123 0.035 
276 HI_SS0576    (1)    6 :  0.537 0.006 0.034 0.058 0.011 0.021 0.132 0.202 
277 HI_SS0579    (1)    6 :  0.014 0.010 0.026 0.038 0.020 0.006 0.883 0.004 
278 HI_SS0580    (1)    6 :  0.037 0.004 0.025 0.012 0.609 0.007 0.019 0.287 
279 HI_SS0581    (0)    6 :  0.045 0.076 0.009 0.120 0.015 0.667 0.046 0.022 
280 HI_SS0583    (1)    6 :  0.443 0.003 0.064 0.019 0.265 0.013 0.037 0.156 
281 HI_SS0586    (1)    6 :  0.034 0.001 0.834 0.031 0.012 0.010 0.060 0.018 
282 HI_SS0588    (1)    6 :  0.059 0.025 0.290 0.183 0.284 0.017 0.101 0.042 
283 HI_SS0595    (4)    6 :  0.136 0.025 0.098 0.027 0.530 0.021 0.027 0.136 
284 HI_SS0596    (0)    6 :  0.250 0.002 0.027 0.009 0.087 0.012 0.021 0.591 
285 HI_SS0597    (1)    6 :  0.465 0.002 0.015 0.273 0.028 0.166 0.019 0.031 
286 HI_SS0600    (0)    6 :  0.008 0.003 0.015 0.124 0.817 0.014 0.012 0.006 
287 HI_SS0601    (1)    6 :  0.050 0.009 0.010 0.011 0.013 0.011 0.886 0.011 
288 HI_SS0602    (1)    6 :  0.008 0.002 0.012 0.383 0.008 0.005 0.568 0.014 
289 HI_SS0604    (0)    6 :  0.013 0.002 0.019 0.495 0.025 0.021 0.415 0.011 
290 HI_SS0605    (1)    6 :  0.011 0.007 0.011 0.310 0.031 0.006 0.575 0.048 
291 HI_SS0608    (0)    6 :  0.016 0.001 0.014 0.014 0.024 0.007 0.050 0.873 
292 HI_SS0609    (0)    6 :  0.080 0.001 0.022 0.029 0.411 0.058 0.079 0.321 
293 HI_SS0611    (5)    6 :  0.049 0.003 0.071 0.011 0.034 0.008 0.635 0.189 
294 HI_SS0612    (0)    6 :  0.018 0.006 0.007 0.032 0.898 0.018 0.018 0.004 
295 HI_SS0613    (1)    6 :  0.027 0.002 0.009 0.586 0.058 0.056 0.202 0.060 
296 HI_SS0615    (1)    6 :  0.275 0.013 0.013 0.049 0.192 0.046 0.062 0.350 
297 HI_SS0001    (1)    6 :  0.006 0.003 0.026 0.010 0.061 0.882 0.004 0.008 
298 HI_SS0002    (1)    6 :  0.864 0.024 0.009 0.013 0.040 0.012 0.017 0.023 
299 HI_SS0004    (0)    6 :  0.007 0.007 0.405 0.075 0.285 0.091 0.029 0.102 
300 HI_SS0005    (1)    6 :  0.389 0.008 0.080 0.280 0.018 0.050 0.053 0.121 
301 HI_SS0006    (1)    6 :  0.260 0.002 0.082 0.119 0.102 0.343 0.077 0.016 
302 HI_SS0007    (1)    6 :  0.005 0.002 0.849 0.014 0.043 0.026 0.015 0.046 
303 HI_SS0008    (0)    6 :  0.299 0.033 0.014 0.015 0.015 0.009 0.595 0.020 
304 HI_SS0009    (0)    6 :  0.023 0.006 0.057 0.030 0.203 0.032 0.038 0.611 
305 HI_SS0010    (1)    6 :  0.049 0.004 0.590 0.103 0.029 0.012 0.112 0.102 
306 HI_SS0011    (1)    6 :  0.307 0.099 0.083 0.110 0.017 0.072 0.103 0.210 
307 HI_SS0012    (0)    6 :  0.795 0.004 0.004 0.017 0.128 0.007 0.035 0.010 
308 HI_SS0017    (1)    6 :  0.013 0.002 0.055 0.007 0.012 0.052 0.013 0.847 
309 HI_SS0021    (1)    6 :  0.080 0.243 0.361 0.056 0.037 0.004 0.020 0.200 
310 HI_SS0024    (1)    6 :  0.174 0.003 0.055 0.033 0.072 0.330 0.021 0.314 
311 HI_SS0025    (1)    6 :  0.013 0.003 0.007 0.039 0.023 0.009 0.007 0.899 
312 HI_SS0027    (0)    6 :  0.007 0.010 0.068 0.007 0.012 0.009 0.881 0.006 
313 HI_SS0028    (0)    6 :  0.335 0.002 0.005 0.016 0.008 0.011 0.011 0.613 
314 HI_SS0029    (1)    6 :  0.045 0.007 0.028 0.184 0.011 0.010 0.010 0.704 
315 HI_SS0030    (2)    6 :  0.012 0.005 0.033 0.009 0.317 0.103 0.492 0.030 
316 HI_SS0031    (0)    6 :  0.554 0.004 0.016 0.264 0.066 0.005 0.022 0.069 
317 HI_SS0034    (0)    6 :  0.008 0.005 0.034 0.136 0.205 0.400 0.204 0.007 
318 HI_SS0036    (0)    6 :  0.007 0.011 0.118 0.023 0.008 0.812 0.012 0.009 
319 HI_SS0037    (1)    6 :  0.078 0.004 0.519 0.053 0.181 0.026 0.056 0.083 
320 HI_SS0039    (0)    6 :  0.013 0.004 0.455 0.237 0.029 0.053 0.042 0.166 
321 HI_SS0041    (1)    6 :  0.014 0.002 0.004 0.019 0.129 0.139 0.046 0.647 
322 HI_SS0042    (1)    6 :  0.018 0.107 0.005 0.054 0.025 0.124 0.009 0.657 
323 HI_SS0043    (1)    6 :  0.014 0.002 0.202 0.012 0.018 0.026 0.715 0.011 
324 HI_SS0044    (1)    6 :  0.007 0.003 0.328 0.014 0.037 0.007 0.005 0.600 
325 HI_SS0047    (1)    6 :  0.008 0.003 0.011 0.878 0.035 0.044 0.015 0.007 
326 HI_SS0049    (1)    6 :  0.011 0.003 0.010 0.006 0.019 0.766 0.027 0.157 
327 HI_SS0051    (1)    6 :  0.120 0.002 0.013 0.784 0.015 0.005 0.028 0.032 
328 HI_SS0053    (1)    6 :  0.005 0.004 0.026 0.007 0.028 0.030 0.890 0.009 
329 HI_SS0054    (4)    6 :  0.016 0.004 0.432 0.017 0.010 0.270 0.247 0.005 
330 HI_SS0057    (0)    6 :  0.014 0.004 0.029 0.086 0.018 0.644 0.173 0.033 
331 HI_SS0058    (0)    6 :  0.056 0.007 0.088 0.078 0.585 0.069 0.026 0.090 
332 HI_SS0060    (0)    6 :  0.253 0.081 0.048 0.021 0.022 0.024 0.545 0.007 
333 HI_SS0087    (1)    6 :  0.362 0.002 0.029 0.078 0.022 0.067 0.433 0.008 
334 HI_SS0091    (1)    6 :  0.012 0.001 0.018 0.025 0.626 0.117 0.196 0.004 
335 HI_SS0095    (1)    6 :  0.286 0.057 0.005 0.052 0.425 0.049 0.113 0.012 
336 HI_SS0097    (3)    6 :  0.466 0.004 0.011 0.018 0.012 0.016 0.466 0.007 
337 HI_SS0099    (1)    6 :  0.019 0.004 0.011 0.022 0.014 0.005 0.005 0.919 
338 HI_SS0103    (0)    6 :  0.466 0.003 0.023 0.095 0.227 0.123 0.026 0.037 
339 HI_SS0105    (1)    6 :  0.006 0.015 0.013 0.892 0.006 0.056 0.007 0.004 
340 HI_SS0107    (1)    6 :  0.256 0.001 0.014 0.026 0.065 0.400 0.058 0.179 
341 HI_SS0108    (1)    6 :  0.008 0.030 0.892 0.022 0.020 0.011 0.012 0.005 
342 HI_SS0110    (0)    6 :  0.189 0.002 0.010 0.037 0.686 0.021 0.031 0.025 
343 HI_SS0111    (1)    6 :  0.476 0.030 0.014 0.026 0.121 0.105 0.059 0.169 
344 HI_SS0112    (0)    6 :  0.004 0.001 0.959 0.005 0.010 0.005 0.009 0.006 
345 HI_SS0113    (1)    6 :  0.012 0.003 0.006 0.688 0.014 0.232 0.014 0.031 
346 HI_SS0114    (1)    6 :  0.094 0.005 0.094 0.269 0.158 0.045 0.321 0.014 
347 HI_SS0115    (1)    6 :  0.011 0.015 0.014 0.020 0.440 0.017 0.371 0.111 
348 HI_SS0116    (4)    6 :  0.045 0.004 0.124 0.028 0.378 0.005 0.023 0.392 
349 HI_SS0117    (0)    6 :  0.153 0.002 0.437 0.302 0.037 0.046 0.016 0.006 
350 HI_SS0118    (0)    6 :  0.042 0.012 0.019 0.039 0.720 0.013 0.013 0.143 
351 HI_SS0119    (1)    6 :  0.024 0.002 0.027 0.118 0.055 0.746 0.024 0.004 
352 HI_SS0120    (1)    6 :  0.012 0.003 0.008 0.010 0.016 0.924 0.005 0.021 
353 HI_SS0121    (0)    6 :  0.246 0.001 0.008 0.028 0.034 0.058 0.024 0.600 
354 HI_SS0122    (2)    6 :  0.072 0.022 0.036 0.022 0.610 0.150 0.017 0.071 
355 HI_SS0123    (0)    6 :  0.080 0.005 0.005 0.127 0.080 0.479 0.211 0.014 
356 HI_SS0124    (1)    6 :  0.016 0.003 0.009 0.018 0.321 0.011 0.019 0.604 
357 HI_SS0125    (1)    6 :  0.011 0.040 0.007 0.047 0.704 0.053 0.017 0.120 
358 HI_SS0126    (0)    6 :  0.008 0.001 0.880 0.007 0.040 0.008 0.007 0.050 
359 HI_SS0127    (0)    6 :  0.008 0.005 0.008 0.010 0.005 0.030 0.912 0.021 
360 HI_SS0128    (0)    6 :  0.068 0.004 0.072 0.218 0.337 0.026 0.088 0.187 
361 HI_SS0129    (1)    6 :  0.028 0.011 0.062 0.158 0.031 0.160 0.461 0.089 
362 HI_SS0131    (2)    6 :  0.120 0.042 0.791 0.010 0.008 0.008 0.010 0.012 
363 HI_SS0132    (0)    6 :  0.052 0.001 0.057 0.109 0.536 0.188 0.024 0.033 
364 HI_SS0133    (1)    6 :  0.003 0.001 0.972 0.005 0.006 0.005 0.003 0.004 
365 HI_SS0134    (1)    6 :  0.042 0.002 0.316 0.475 0.065 0.061 0.025 0.014 
366 HI_SS0142    (3)    6 :  0.041 0.010 0.004 0.888 0.006 0.028 0.014 0.008 
367 HI_SS0145    (0)    6 :  0.090 0.002 0.039 0.055 0.021 0.025 0.761 0.008 
368 HI_SS0146    (1)    6 :  0.015 0.002 0.940 0.004 0.016 0.006 0.007 0.012 
369 HI_SS0147    (1)    6 :  0.022 0.023 0.010 0.891 0.017 0.011 0.007 0.019 
370 HI_SS0149    (1)    6 :  0.019 0.004 0.022 0.009 0.018 0.895 0.010 0.023 
371 HI_SS0150    (2)    6 :  0.096 0.007 0.019 0.065 0.095 0.305 0.019 0.394 
372 HI_SS0151    (0)    6 :  0.012 0.012 0.010 0.013 0.526 0.053 0.365 0.008 
373 NS_SS1451    (1)    6 :  0.011 0.004 0.011 0.019 0.065 0.770 0.025 0.095 
374 NS_SS1404    (0)    6 :  0.020 0.012 0.015 0.032 0.024 0.012 0.013 0.871 
375 NS_SS1432    (2)    6 :  0.055 0.048 0.007 0.068 0.035 0.025 0.016 0.746 
376 NS_SS1405    (5)    6 :  0.031 0.004 0.419 0.336 0.039 0.009 0.012 0.149 
377 NS_SS1431   (10)    6 :  0.043 0.001 0.009 0.073 0.011 0.447 0.019 0.398 
378 NS_SS1402    (3)    6 :  0.922 0.002 0.006 0.008 0.007 0.030 0.015 0.010 
379 NS_SS1450    (3)    6 :  0.005 0.003 0.013 0.019 0.014 0.932 0.009 0.006 
380 NS_SS1396    (0)    6 :  0.150 0.007 0.186 0.271 0.062 0.023 0.256 0.046 
381 NS_SS1393    (5)    6 :  0.221 0.004 0.012 0.615 0.068 0.006 0.051 0.023 
382 NS_SS1392   (10)    6 :  0.031 0.017 0.024 0.191 0.398 0.079 0.016 0.245 
383 NS_SS1445    (0)    6 :  0.008 0.008 0.039 0.008 0.016 0.008 0.899 0.015 
384 NS_SS1423    (0)    6 :  0.054 0.002 0.209 0.010 0.690 0.008 0.016 0.010 
385 NS_SS1421    (9)    6 :  0.014 0.061 0.024 0.004 0.005 0.869 0.017 0.005 
386 NS_SS1411    (6)    6 :  0.015 0.002 0.841 0.072 0.009 0.005 0.043 0.012 
387 NS_SS1453    (6)    6 :  0.036 0.005 0.109 0.577 0.083 0.137 0.015 0.037 
388 NS_SS1442    (3)    6 :  0.525 0.004 0.064 0.012 0.025 0.008 0.333 0.028 
389 NS_SS1422    (1)    6 :  0.094 0.012 0.011 0.011 0.808 0.014 0.036 0.013 
390 NS_SS1419    (1)    6 :  0.015 0.169 0.006 0.026 0.175 0.107 0.017 0.486 
391 NS_SS1427    (0)    6 :  0.006 0.001 0.358 0.007 0.585 0.014 0.007 0.020 
392 NS_SS1444    (4)    6 :  0.011 0.005 0.006 0.041 0.022 0.018 0.040 0.857 
393 NS_SS1455    (0)    6 :  0.914 0.002 0.014 0.009 0.012 0.014 0.008 0.027 
394 NS_SS1425    (2)    6 :  0.026 0.002 0.819 0.012 0.028 0.007 0.102 0.004 
395 NS_SS1400    (0)    6 :  0.017 0.001 0.928 0.018 0.006 0.008 0.015 0.006 
396 NS_SS1406    (2)    6 :  0.756 0.009 0.003 0.020 0.032 0.111 0.056 0.013 
397 NS_SS1417    (6)    6 :  0.603 0.006 0.028 0.015 0.009 0.301 0.011 0.027 
398 NS_SS1454    (3)    6 :  0.020 0.001 0.112 0.063 0.009 0.743 0.013 0.039 
399 NS_SS1412    (1)    6 :  0.108 0.023 0.145 0.416 0.031 0.011 0.073 0.193 
400 NS_SS1438    (1)    6 :  0.049 0.001 0.085 0.123 0.607 0.008 0.100 0.026 
401 NS_SS1416    (4)    6 :  0.013 0.006 0.006 0.879 0.015 0.015 0.023 0.044 
402 NS_SS1401    (0)    6 :  0.123 0.015 0.041 0.070 0.457 0.080 0.149 0.064 
403 NS_SS1424    (6)    6 :  0.836 0.014 0.071 0.009 0.009 0.032 0.018 0.011 
404 NS_SS1435   (10)    6 :  0.026 0.003 0.792 0.055 0.063 0.019 0.010 0.031 
405 NS_SS1447    (4)    6 :  0.089 0.010 0.015 0.078 0.074 0.405 0.063 0.265 
406 NS_SS1414    (3)    6 :  0.043 0.007 0.010 0.015 0.005 0.094 0.027 0.801 
407 NS_SS1449   (14)    6 :  0.008 0.004 0.007 0.010 0.242 0.713 0.011 0.004 
408 NS_SS1443    (4)    6 :  0.029 0.002 0.120 0.028 0.407 0.016 0.390 0.009 
409 NS_SS1434    (1)    6 :  0.053 0.001 0.103 0.017 0.737 0.040 0.006 0.043 
410 NS_SS1398    (1)    6 :  0.038 0.021 0.056 0.044 0.040 0.660 0.048 0.093 
411 NS_SS1426    (1)    6 :  0.044 0.002 0.061 0.016 0.010 0.009 0.845 0.013 
412 NS_SS1413    (0)    6 :  0.011 0.009 0.943 0.008 0.007 0.006 0.008 0.008 
413 NS_SS1395    (1)    6 :  0.047 0.009 0.027 0.016 0.506 0.111 0.274 0.010 
414 NS_SS1448   (10)    6 :  0.004 0.002 0.245 0.008 0.010 0.698 0.008 0.025 
415 NS_SS1446    (0)    6 :  0.021 0.003 0.009 0.021 0.912 0.013 0.006 0.014 
416 NS_SS1403    (2)    6 :  0.807 0.007 0.010 0.019 0.034 0.019 0.076 0.028 
417 NS_SS1415    (0)    6 :  0.018 0.009 0.911 0.013 0.010 0.007 0.023 0.009 
418 NS_SS1437    (4)    6 :  0.150 0.009 0.016 0.027 0.009 0.013 0.212 0.565 
419 NS_SS1439    (2)    6 :  0.024 0.002 0.005 0.857 0.070 0.010 0.023 0.009 
420 NS_SS1441    (3)    6 :  0.091 0.002 0.052 0.460 0.324 0.028 0.030 0.012 
421 NS_SS1420    (2)    6 :  0.006 0.003 0.005 0.011 0.019 0.005 0.082 0.869 
422 NS_SS1394    (2)    6 :  0.010 0.036 0.007 0.153 0.009 0.033 0.550 0.200 
423 NS_SS1391    (7)    6 :  0.370 0.015 0.163 0.023 0.207 0.050 0.116 0.056 
424 NS_SS1410    (5)    6 :  0.136 0.014 0.075 0.247 0.361 0.016 0.009 0.143 
425 NS_SS1408    (1)    6 :  0.029 0.055 0.013 0.020 0.015 0.815 0.038 0.013 
426 NS_SS1409    (1)    6 :  0.083 0.003 0.015 0.613 0.233 0.015 0.016 0.023 
427 HI_SS0617    (1)    7 :  0.018 0.001 0.006 0.025 0.848 0.008 0.015 0.079 
428 HI_SS0618    (2)    7 :  0.021 0.003 0.012 0.701 0.041 0.018 0.076 0.129 
429 HI_SS0619    (0)    7 :  0.005 0.004 0.041 0.023 0.054 0.018 0.015 0.840 
430 HI_SS0620    (1)    7 :  0.012 0.003 0.862 0.006 0.025 0.015 0.067 0.009 
431 HI_SS0621    (3)    7 :  0.332 0.016 0.013 0.054 0.158 0.074 0.075 0.278 
432 HI_SS0622    (1)    7 :  0.071 0.012 0.072 0.023 0.039 0.043 0.507 0.234 
433 HI_SS0626    (0)    7 :  0.011 0.008 0.016 0.012 0.019 0.005 0.026 0.905 
434 HI_SS0627    (0)    7 :  0.246 0.007 0.012 0.649 0.022 0.015 0.013 0.035 
435 HI_SS0628    (3)    7 :  0.116 0.060 0.267 0.071 0.183 0.240 0.018 0.044 
436 HI_SS0629    (1)    7 :  0.710 0.005 0.054 0.009 0.164 0.009 0.019 0.029 
437 HI_SS0630    (1)    7 :  0.017 0.072 0.544 0.081 0.076 0.027 0.061 0.123 
438 HI_SS0631    (0)    7 :  0.030 0.001 0.832 0.011 0.052 0.012 0.029 0.033 
439 HI_SS0632    (0)    7 :  0.018 0.004 0.388 0.178 0.019 0.149 0.037 0.206 
440 HI_SS0633    (0)    7 :  0.024 0.004 0.006 0.010 0.086 0.006 0.012 0.851 
441 HI_SS0634    (1)    7 :  0.013 0.003 0.015 0.227 0.115 0.602 0.005 0.020 
442 HI_SS0635    (0)    7 :  0.524 0.009 0.028 0.072 0.137 0.013 0.023 0.194 
443 HI_SS0637    (1)    7 :  0.024 0.003 0.004 0.620 0.013 0.013 0.318 0.006 
444 HI_SS0638    (0)    7 :  0.019 0.002 0.751 0.041 0.017 0.051 0.099 0.021 
445 HI_SS0639    (1)    7 :  0.024 0.052 0.009 0.051 0.157 0.023 0.157 0.526 
446 HI_SS0640    (1)    7 :  0.022 0.002 0.018 0.012 0.027 0.006 0.878 0.036 
447 HI_SS0641    (1)    7 :  0.019 0.006 0.038 0.014 0.586 0.004 0.014 0.319 
448 HI_SS0642    (0)    7 :  0.007 0.002 0.006 0.010 0.010 0.946 0.014 0.006 
449 HI_SS0645    (0)    7 :  0.018 0.001 0.012 0.010 0.033 0.008 0.036 0.881 
450 HI_SS0646    (1)    7 :  0.137 0.003 0.014 0.777 0.021 0.024 0.019 0.006 
451 HI_SS0647    (1)    7 :  0.006 0.001 0.021 0.006 0.004 0.948 0.005 0.008 
452 HI_SS0648    (0)    7 :  0.055 0.003 0.064 0.294 0.010 0.022 0.185 0.368 
453 HI_SS0649    (1)    7 :  0.151 0.002 0.007 0.125 0.348 0.025 0.070 0.272 
454 HI_SS0650    (1)    7 :  0.139 0.004 0.008 0.460 0.268 0.067 0.035 0.019 
455 HI_SS0651    (1)    7 :  0.103 0.005 0.012 0.031 0.025 0.011 0.790 0.023 
456 HI_SS0652    (1)    7 :  0.011 0.004 0.013 0.556 0.010 0.033 0.021 0.351 
457 NS_SS1371    (3)    7 :  0.063 0.005 0.007 0.022 0.878 0.009 0.008 0.008 
458 NS_SS1374    (0)    7 :  0.016 0.002 0.808 0.051 0.019 0.037 0.019 0.047 
459 NS_SS1337    (3)    7 :  0.017 0.004 0.007 0.009 0.011 0.939 0.008 0.005 
460 NS_SS1385    (5)    7 :  0.819 0.003 0.026 0.029 0.052 0.007 0.033 0.031 
461 NS_SS1388    (0)    7 :  0.009 0.007 0.070 0.012 0.037 0.009 0.009 0.846 
462 NS_SS1370    (1)    7 :  0.028 0.010 0.025 0.311 0.074 0.047 0.488 0.019 
463 NS_SS1389    (3)    7 :  0.004 0.003 0.006 0.006 0.005 0.005 0.005 0.967 
464 NS_SS1360    (1)    7 :  0.066 0.006 0.272 0.252 0.019 0.015 0.355 0.016 
465 NS_SS1330    (0)    7 :  0.013 0.003 0.005 0.954 0.005 0.006 0.007 0.007 
466 NS_SS1328    (9)    7 :  0.014 0.003 0.734 0.013 0.125 0.069 0.019 0.023 
467 NS_SS1384    (1)    7 :  0.219 0.003 0.008 0.023 0.039 0.011 0.681 0.016 
468 NS_SS1381    (0)    7 :  0.593 0.001 0.006 0.008 0.355 0.018 0.008 0.011 
469 NS_SS1375    (1)    7 :  0.008 0.001 0.022 0.038 0.018 0.004 0.008 0.902 
470 NS_SS1319   (11)    7 :  0.013 0.098 0.031 0.381 0.348 0.060 0.010 0.059 
471 NS_SS1326    (2)    7 :  0.010 0.009 0.906 0.009 0.029 0.020 0.005 0.012 
