   NS_SS0963  1 0.5266 0.0054 0.4066 0.0614 
   NS_SS0983  1 0.0271 0.0040 0.0125 0.9563 
   NS_SS0719  1 0.9595 0.0038 0.0101 0.0265 
   NS_SS1001  1 0.1163 0.0069 0.3807 0.4961 
   NS_SS0936  1 0.6297 0.0024 0.3421 0.0258 
   NS_SS0955  1 0.0377 0.0033 0.0435 0.9155 
   NS_SS0944  1 0.0192 0.0021 0.1553 0.8235 
   NS_SS0945  1 0.2280 0.0088 0.6191 0.1441 
   NS_SS0922  1 0.8597 0.0204 0.1134 0.0065 
   NS_SS0929  1 0.2100 0.0032 0.1453 0.6415 
   NS_SS0956  1 0.8606 0.0033 0.1169 0.0192 
   NS_SS0906  1 0.3440 0.0034 0.5308 0.1217 
   NS_SS0721  1 0.9596 0.0035 0.0161 0.0208 
   NS_SS0982  1 0.6613 0.0161 0.2961 0.0266 
   NS_SS0923  1 0.9166 0.0038 0.0682 0.0114 
   NS_SS0905  1 0.5075 0.0019 0.0711 0.4194 
   NS_SS0925  1 0.7479 0.0040 0.2255 0.0226 
   NS_SS0947  1 0.2307 0.0041 0.7508 0.0145 
   NS_SS0926  1 0.0076 0.0011 0.0092 0.9822 
   NS_SS0918  1 0.1959 0.0027 0.6903 0.1112 
   NS_SS0966  1 0.0788 0.0513 0.8038 0.0661 
   NS_SS0938  1 0.1755 0.0012 0.7865 0.0367 
   NS_SS0917  1 0.9273 0.0301 0.0197 0.0230 
   NS_SS0957  1 0.1452 0.0058 0.8304 0.0186 
   NS_SS0987  1 0.5410 0.2414 0.1275 0.0901 
   NS_SS0717  1 0.2949 0.0026 0.6777 0.0247 
   NS_SS0986  1 0.2146 0.0031 0.7094 0.0729 
   NS_SS0953  1 0.0219 0.0146 0.9364 0.0272 
   NS_SS0907  1 0.1284 0.0376 0.7539 0.0801 
   NS_SS0974  1 0.0736 0.0034 0.1685 0.7545 
   NS_SS0989  1 0.0436 0.0011 0.0224 0.9329 
   NS_SS0991  1 0.0138 0.0018 0.0383 0.9462 
   NS_SS0994  1 0.0078 0.0019 0.0066 0.9837 
   NS_SS0931  1 0.0551 0.0108 0.0253 0.9087 
   NS_SS1000  1 0.1368 0.0034 0.8477 0.0121 
   NS_SS0919  1 0.6900 0.0030 0.0363 0.2707 
   NS_SS0949  1 0.0246 0.0012 0.0076 0.9666 
   NS_SS0960  1 0.5738 0.0062 0.0291 0.3908 
   NS_SS0716  1 0.3628 0.0063 0.6234 0.0074 
   NS_SS0924  1 0.4601 0.0190 0.0338 0.4871 
   NS_SS0935  1 0.0284 0.0094 0.0110 0.9512 
   NS_SS0952  1 0.0200 0.0392 0.0712 0.8696 
   NS_SS0962  1 0.6117 0.0060 0.3702 0.0121 
   NS_SS0973  1 0.3160 0.0040 0.0887 0.5913 
   NS_SS0722  1 0.0949 0.0022 0.8935 0.0094 
   NS_SS0979  1 0.1111 0.0020 0.8641 0.0228 
   NS_SS0993  1 0.0892 0.0177 0.8465 0.0466 
   NS_SS0958  1 0.0889 0.0026 0.1470 0.7615 
   NS_SS0988  1 0.4159 0.0049 0.4905 0.0887 
   NS_SS1003  1 0.3672 0.0097 0.6080 0.0150 
   NS_SS0976  1 0.1897 0.0019 0.0814 0.7270 
   NS_SS0964  1 0.0911 0.0026 0.8932 0.0131 
   NS_SS0939  1 0.9370 0.0041 0.0541 0.0048 
   NS_SS0990  1 0.0857 0.0032 0.8588 0.0522 
   NS_SS0984  1 0.8591 0.0019 0.1297 0.0094 
   NS_SS0980  1 0.7702 0.0019 0.1025 0.1254 
   NS_SS0978  1 0.7976 0.0029 0.1738 0.0257 
   NS_SS0951  1 0.0253 0.0032 0.0829 0.8886 
   NS_SS0913  1 0.1656 0.0375 0.7379 0.0590 
   NS_SS1002  1 0.0497 0.0311 0.9138 0.0054 
   NS_SS0948  1 0.0541 0.0450 0.7576 0.1434 
   NS_SS0916  1 0.7834 0.0042 0.0446 0.1679 
   NS_SS0995  1 0.9599 0.0022 0.0264 0.0114 
   NS_SS0927  1 0.9067 0.0048 0.0264 0.0621 
   NS_SS0992  1 0.5955 0.0027 0.1714 0.2304 
   NS_SS0912  1 0.1248 0.0028 0.3168 0.5557 
   NS_SS0981  1 0.2507 0.0030 0.6846 0.0617 
   NS_SS0729  2 0.0067 0.0033 0.0088 0.9813 
   NS_SS0967  2 0.5109 0.0113 0.4260 0.0519 
   NS_SS0941  2 0.7284 0.0702 0.0927 0.1087 
   NS_SS0768  2 0.0514 0.0045 0.9180 0.0262 
   NS_SS0726  2 0.1357 0.0089 0.0245 0.8309 
   NS_SS0763  2 0.0189 0.0022 0.0319 0.9471 
   NS_SS0730  2 0.8006 0.0028 0.1834 0.0131 
   NS_SS0774  2 0.2835 0.0008 0.7105 0.0052 
   NS_SS0723  2 0.9727 0.0012 0.0209 0.0052 
   NS_SS0940  2 0.8818 0.0051 0.0096 0.1035 
   NS_SS0762  2 0.2765 0.0026 0.6945 0.0264 
   NS_SS0766  2 0.8663 0.0109 0.0285 0.0943 
   NS_SS0724  2 0.0165 0.0040 0.9629 0.0165 
   NS_SS0769  2 0.4269 0.0042 0.5357 0.0333 
   NS_SS0777  2 0.0546 0.0141 0.4287 0.5027 
   NS_SS0734  2 0.7215 0.0252 0.0295 0.2238 
   NS_SS0737  2 0.7509 0.0045 0.2369 0.0077 
   NS_SS0732  2 0.9512 0.0041 0.0230 0.0217 
   NS_SS0728  2 0.8940 0.0082 0.0537 0.0442 
   NS_SS0735  2 0.4791 0.0075 0.4697 0.0437 
   NS_SS0725  2 0.0460 0.0079 0.8955 0.0505 
   NS_SS0788  2 0.9645 0.0014 0.0243 0.0098 
   NS_SS0778  2 0.8504 0.0015 0.0754 0.0726 
   NS_SS0792  2 0.2819 0.0058 0.3695 0.3428 
   NS_SS0943  2 0.0087 0.0074 0.0168 0.9671 
   NS_SS0791  2 0.9689 0.0104 0.0059 0.0148 
   NS_SS0790  2 0.0132 0.0031 0.9795 0.0042 
   NS_SS0731  2 0.0961 0.0106 0.8821 0.0112 
   NS_SS0727  2 0.0245 0.0021 0.0751 0.8984 
   NS_SS0779  2 0.3776 0.0064 0.4868 0.1292 
   NS_SS0776  2 0.0317 0.0052 0.8910 0.0721 
   NS_SS0775  2 0.8175 0.0062 0.1674 0.0089 
   NS_SS0965  3 0.7560 0.0015 0.1622 0.0803 
   NS_SS0754  3 0.2790 0.0149 0.0368 0.6693 
   NS_SS0838  3 0.0735 0.0346 0.8264 0.0654 
   NS_SS0839  3 0.3006 0.0038 0.6896 0.0061 
   NS_SS0832  3 0.0618 0.0370 0.8969 0.0044 
   NS_SS0820  3 0.4707 0.0061 0.5190 0.0043 
   NS_SS0886  3 0.8918 0.0018 0.0272 0.0792 
   NS_SS0748  3 0.0839 0.0088 0.5056 0.4017 
   NS_SS0884  3 0.6138 0.0205 0.3302 0.0355 
   NS_SS0752  3 0.8404 0.0021 0.1025 0.0550 
   NS_SS0862  3 0.8995 0.0036 0.0862 0.0107 
   NS_SS0787  3 0.0196 0.0069 0.0088 0.9648 
   NS_SS0843  3 0.0452 0.0015 0.7980 0.1553 
   NS_SS0856  3 0.1772 0.0031 0.8058 0.0139 
   NS_SS0846  3 0.0582 0.0027 0.6538 0.2852 
   NS_SS0825  3 0.8398 0.0102 0.1200 0.0300 
   NS_SS0757  3 0.2679 0.0036 0.1128 0.6158 
   NS_SS0876  3 0.1008 0.2128 0.6765 0.0100 
   NS_SS0903  3 0.5914 0.0024 0.3796 0.0266 
   NS_SS0875  3 0.8698 0.0025 0.1054 0.0223 
   NS_SS0740  3 0.2600 0.0032 0.1654 0.5714 
   NS_SS0811  3 0.1073 0.0087 0.8597 0.0242 
   NS_SS0751  3 0.7349 0.0020 0.2176 0.0455 
   NS_SS0891  3 0.2437 0.0045 0.7391 0.0127 
   NS_SS0867  3 0.1908 0.0339 0.0456 0.7297 
   NS_SS0890  3 0.7840 0.0028 0.0548 0.1584 
   NS_SS0866  3 0.0380 0.0055 0.0445 0.9121 
   NS_SS0755  3 0.3900 0.0071 0.4296 0.1733 
   NS_SS0758  3 0.2785 0.0020 0.5615 0.1580 
   NS_SS0840  3 0.1639 0.0022 0.8196 0.0143 
   NS_SS0889  3 0.0231 0.0024 0.0761 0.8984 
   NS_SS1010  3 0.3440 0.0403 0.4884 0.1272 
   NS_SS0888  3 0.0783 0.0016 0.0090 0.9111 
   NS_SS0837  3 0.1570 0.0024 0.6370 0.2035 
   NS_SS0794  3 0.0193 0.0020 0.0652 0.9135 
   NS_SS0823  3 0.0795 0.0041 0.9032 0.0132 
   NS_SS0829  3 0.0099 0.1019 0.0076 0.8806 
   NS_SS0844  3 0.0234 0.0015 0.9662 0.0089 
   NS_SS1008  3 0.0433 0.0117 0.0507 0.8944 
   NS_SS0881  3 0.8565 0.0022 0.0396 0.1017 
   NS_SS0834  3 0.0169 0.0055 0.9687 0.0090 
   NS_SS0744  3 0.9229 0.0055 0.0411 0.0305 
   NS_SS0899  3 0.0132 0.0014 0.9793 0.0061 
   NS_SS0804  3 0.1182 0.0038 0.8702 0.0078 
   NS_SS0781  3 0.0344 0.0029 0.9588 0.0039 
   NS_SS0822  3 0.0159 0.0020 0.1421 0.8400 
   NS_SS1004  3 0.1218 0.0034 0.7611 0.1138 
   NS_SS0746  3 0.0367 0.0133 0.7088 0.2411 
   NS_SS0880  3 0.3801 0.0017 0.5315 0.0867 
   NS_SS0879  3 0.0763 0.0126 0.8843 0.0268 
   NS_SS0753  3 0.0448 0.0097 0.0165 0.9290 
   NS_SS1007  3 0.9802 0.0018 0.0061 0.0119 
   NS_SS0872  3 0.0285 0.0021 0.9614 0.0080 
   NS_SS1005  3 0.0769 0.0009 0.9090 0.0131 
   NS_SS0892  3 0.6047 0.0021 0.2908 0.1024 
   NS_SS0898  3 0.1353 0.0062 0.0271 0.8314 
   NS_SS0801  3 0.4358 0.0084 0.5240 0.0318 
   NS_SS0827  3 0.2703 0.1294 0.0869 0.5133 
   NS_SS0853  3 0.1480 0.0050 0.7666 0.0804 
   NS_SS0780  3 0.8971 0.0036 0.0908 0.0085 
   NS_SS0826  3 0.0105 0.0034 0.9307 0.0554 
   NS_SS0818  3 0.9739 0.0016 0.0123 0.0122 
   NS_SS0745  3 0.1029 0.0013 0.8873 0.0085 
   NS_SS0849  3 0.7941 0.0015 0.1386 0.0658 
   NS_SS0739  3 0.9781 0.0085 0.0070 0.0064 
   NS_SS0799  3 0.0630 0.0012 0.0139 0.9218 
   NS_SS0756  3 0.1915 0.0039 0.7958 0.0088 
   NS_SS0802  3 0.7330 0.1867 0.0598 0.0205 
   NS_SS0747  3 0.5665 0.0056 0.3916 0.0363 
   NS_SS0835  3 0.1320 0.0010 0.0191 0.8479 
   NS_SS0742  3 0.5561 0.0011 0.4063 0.0364 
   NS_SS0760  3 0.0315 0.0511 0.0154 0.9020 
   NS_SS0803  3 0.0158 0.0061 0.9690 0.0090 
   NS_SS0828  3 0.6755 0.0013 0.0131 0.3100 
   NS_SS0865  3 0.5637 0.0265 0.3468 0.0630 
   NS_SS0759  3 0.8172 0.0035 0.1702 0.0091 
   NS_SS0851  3 0.4111 0.0114 0.5687 0.0088 
   NS_SS0874  3 0.0784 0.0013 0.8935 0.0268 
   NS_SS0761  3 0.0512 0.0027 0.0278 0.9183 
   NS_SS0842  3 0.1259 0.0093 0.3593 0.5055 
   NS_SS0785  3 0.4132 0.0053 0.3461 0.2354 
   NS_SS0860  3 0.2043 0.0025 0.0183 0.7749 
   NS_SS0897  3 0.0148 0.0015 0.0074 0.9763 
   NS_SS0841  3 0.8268 0.0038 0.1545 0.0149 
   NS_SS0797  3 0.1114 0.0289 0.0533 0.8064 
   NS_SS0830  3 0.3173 0.0021 0.2422 0.4384 
   NS_SS1011  3 0.0804 0.0050 0.9034 0.0112 
   NS_SS0883  3 0.9281 0.0045 0.0153 0.0521 
   NS_SS0782  3 0.4681 0.0024 0.4950 0.0346 
   NS_SS0831  3 0.0900 0.0034 0.0396 0.8670 
   NS_SS0749  3 0.9440 0.0032 0.0080 0.0447 
   NS_SS0854  3 0.1211 0.0033 0.5695 0.3061 
   HI_SS0193  4 0.0088 0.0016 0.0136 0.9760 
   HI_SS0194  4 0.0274 0.0016 0.9568 0.0142 
   HI_SS0195  4 0.4683 0.0800 0.4457 0.0061 
   HI_SS0196  4 0.7276 0.0027 0.1108 0.1589 
   HI_SS0197  4 0.8539 0.0099 0.1320 0.0042 
   HI_SS0198  4 0.9620 0.0071 0.0113 0.0196 
   HI_SS0199  4 0.3689 0.0025 0.0258 0.6028 
   HI_SS0201  4 0.0106 0.0021 0.0116 0.9757 
   HI_SS0215  4 0.1277 0.0036 0.0498 0.8189 
   HI_SS0218  4 0.0088 0.0052 0.0050 0.9810 
   HI_SS0222  4 0.9361 0.0033 0.0472 0.0135 
   HI_SS0230  4 0.1946 0.0048 0.7811 0.0195 
   HI_SS0234  4 0.7884 0.1385 0.0481 0.0250 
   HI_SS0240  4 0.9758 0.0054 0.0108 0.0079 
   HI_SS0241  4 0.0592 0.0021 0.0266 0.9120 
   HI_SS0242  4 0.5832 0.0025 0.2704 0.1439 
   HI_SS0247  4 0.0185 0.0160 0.9511 0.0143 
   HI_SS0248  4 0.0064 0.0006 0.0080 0.9849 
   HI_SS0252  4 0.0274 0.0019 0.9293 0.0413 
   HI_SS0254  4 0.0512 0.1033 0.0124 0.8331 
   HI_SS0256  4 0.0191 0.0016 0.9759 0.0034 
   HI_SS0257  4 0.0671 0.0034 0.1069 0.8226 
   HI_SS0258  4 0.0428 0.0042 0.0089 0.9441 
   HI_SS0259  4 0.8503 0.0021 0.1339 0.0136 
   HI_SS0260  4 0.0274 0.0017 0.0303 0.9406 
   HI_SS0261  4 0.1606 0.0030 0.0905 0.7459 
   HI_SS0262  4 0.7793 0.0066 0.2020 0.0120 
   HI_SS0264  4 0.1515 0.0038 0.8340 0.0107 
   HI_SS0265  4 0.6895 0.0725 0.2246 0.0133 
   HI_SS0268  4 0.8727 0.0027 0.1092 0.0154 
   HI_SS0269  4 0.0685 0.0019 0.0294 0.9002 
   HI_SS0273  4 0.0268 0.0020 0.0189 0.9522 
   HI_SS0277  4 0.9529 0.0024 0.0227 0.0221 
   HI_SS0280  4 0.8137 0.0049 0.0914 0.0900 
   HI_SS0282  4 0.0675 0.0013 0.0297 0.9015 
   HI_SS0286  4 0.6818 0.0075 0.0708 0.2399 
   NS_SS1252  5 0.0089 0.0035 0.0072 0.9804 
   NS_SS1261  5 0.1940 0.0147 0.7452 0.0461 
   NS_SS1225  5 0.0110 0.1015 0.3934 0.4941 
   NS_SS1266  5 0.0268 0.0068 0.9598 0.0065 
   NS_SS1228  5 0.5572 0.0121 0.3907 0.0400 
   NS_SS1255  5 0.1190 0.0014 0.5447 0.3349 
   NS_SS1267  5 0.0253 0.0141 0.0058 0.9547 
   NS_SS1238  5 0.2870 0.0027 0.2761 0.4342 
   NS_SS1233  5 0.0086 0.0019 0.9262 0.0634 
   NS_SS1277  5 0.0158 0.0008 0.0083 0.9751 
   NS_SS1245  5 0.0199 0.0020 0.1024 0.8757 
   NS_SS1240  5 0.0314 0.0018 0.0148 0.9520 
   NS_SS1275  5 0.0903 0.0026 0.9022 0.0049 
   NS_SS1235  5 0.0136 0.0044 0.9140 0.0680 
   NS_SS1263  5 0.0153 0.0011 0.9539 0.0298 
   NS_SS1251  5 0.0469 0.0012 0.9292 0.0226 
   NS_SS1248  5 0.2387 0.1178 0.1900 0.4534 
   NS_SS1244  5 0.6129 0.0047 0.1734 0.2091 
   NS_SS1257  5 0.3946 0.0305 0.0670 0.5080 
   NS_SS1242  5 0.1475 0.0026 0.8434 0.0064 
   NS_SS1271  5 0.0184 0.0250 0.0049 0.9517 
   NS_SS1265  5 0.0420 0.0218 0.4632 0.4731 
   NS_SS1243  5 0.1554 0.0863 0.6780 0.0803 
   NS_SS1273  5 0.2380 0.0084 0.7435 0.0102 
   NS_SS1254  5 0.0219 0.0058 0.9184 0.0539 
   NS_SS1224  5 0.0449 0.0070 0.9353 0.0127 
   NS_SS1227  5 0.0843 0.0019 0.0105 0.9032 
   NS_SS1274  5 0.0295 0.0179 0.0421 0.9105 
   NS_SS1241  5 0.0096 0.0012 0.0476 0.9416 
   NS_SS1256  5 0.0183 0.0336 0.8264 0.1216 
   NS_SS1260  5 0.3400 0.0836 0.0315 0.5449 
   NS_SS1262  5 0.0459 0.1705 0.0365 0.7471 
   NS_SS1230  5 0.1228 0.0096 0.2881 0.5795 
   NS_SS1270  5 0.0364 0.0021 0.9393 0.0222 
   NS_SS1229  5 0.3462 0.0041 0.6132 0.0365 
   NS_SS1246  5 0.2006 0.0024 0.0730 0.7239 
   NS_SS1269  5 0.8930 0.0020 0.0770 0.0280 
   NS_SS1239  5 0.5985 0.0058 0.1747 0.2210 
   NS_SS1272  5 0.0197 0.0043 0.9670 0.0090 
   NS_SS1268  5 0.1880 0.0019 0.7157 0.0944 
   NS_SS1249  5 0.0082 0.0102 0.0138 0.9678 
   HI_SS0559  6 0.2319 0.0020 0.0880 0.6781 
   HI_SS0563  6 0.5278 0.0028 0.1557 0.3136 
   HI_SS0564  6 0.8430 0.0435 0.0876 0.0259 
   HI_SS0565  6 0.7409 0.0031 0.1204 0.1356 
   HI_SS0569  6 0.0130 0.0022 0.0182 0.9666 
   HI_SS0570  6 0.0367 0.0436 0.0372 0.8825 
   HI_SS0572  6 0.0185 0.0021 0.9703 0.0090 
   HI_SS0576  6 0.9549 0.0041 0.0135 0.0275 
   HI_SS0579  6 0.0417 0.0185 0.1469 0.7930 
   HI_SS0580  6 0.7020 0.0035 0.0305 0.2640 
   HI_SS0581  6 0.2706 0.0622 0.6598 0.0074 
   HI_SS0583  6 0.0272 0.0028 0.2707 0.6993 
   HI_SS0586  6 0.0109 0.0010 0.0077 0.9804 
   HI_SS0588  6 0.0278 0.0183 0.0482 0.9056 
   HI_SS0595  6 0.7708 0.0192 0.0164 0.1937 
   HI_SS0596  6 0.0205 0.0021 0.9662 0.0112 
   HI_SS0597  6 0.0162 0.0018 0.9753 0.0067 
   HI_SS0600  6 0.5348 0.0032 0.2899 0.1720 
   HI_SS0601  6 0.0557 0.0149 0.1016 0.8277 
   HI_SS0602  6 0.5481 0.0022 0.0637 0.3860 
   HI_SS0604  6 0.0315 0.0017 0.8057 0.1611 
   HI_SS0605  6 0.9365 0.0050 0.0113 0.0471 
   HI_SS0608  6 0.1258 0.0012 0.0618 0.8112 
   HI_SS0609  6 0.0225 0.0008 0.9630 0.0138 
   HI_SS0611  6 0.0232 0.0029 0.0266 0.9473 
   HI_SS0612  6 0.2601 0.0070 0.4778 0.2550 
   HI_SS0613  6 0.5955 0.0015 0.3394 0.0636 
   HI_SS0615  6 0.9410 0.0086 0.0417 0.0087 
   HI_SS0001  6 0.4169 0.0038 0.2467 0.3326 
   HI_SS0002  6 0.0129 0.0215 0.9565 0.0091 
   HI_SS0004  6 0.1409 0.0058 0.1373 0.7161 
   HI_SS0005  6 0.9510 0.0052 0.0236 0.0202 
   HI_SS0006  6 0.0278 0.0017 0.5063 0.4641 
   HI_SS0007  6 0.0160 0.0026 0.0152 0.9662 
   HI_SS0008  6 0.3852 0.0439 0.1948 0.3761 
   HI_SS0009  6 0.7558 0.0044 0.1640 0.0758 
   HI_SS0010  6 0.0366 0.0032 0.0242 0.9359 
   HI_SS0011  6 0.0216 0.0845 0.8736 0.0203 
   HI_SS0012  6 0.9712 0.0036 0.0164 0.0089 
   HI_SS0017  6 0.0140 0.0018 0.9678 0.0164 
   HI_SS0021  6 0.0670 0.2427 0.2064 0.4839 
   HI_SS0024  6 0.5722 0.0022 0.3932 0.0324 
   HI_SS0025  6 0.2442 0.0029 0.7368 0.0162 
   HI_SS0027  6 0.0236 0.0132 0.0078 0.9555 
   HI_SS0028  6 0.7659 0.0016 0.2241 0.0085 
   HI_SS0029  6 0.8242 0.0072 0.1514 0.0172 
   HI_SS0030  6 0.0586 0.0050 0.0386 0.8978 
   HI_SS0031  6 0.9513 0.0033 0.0221 0.0232 
   HI_SS0034  6 0.1338 0.0047 0.0173 0.8442 
   HI_SS0036  6 0.6478 0.0103 0.0052 0.3367 
   HI_SS0037  6 0.0801 0.0046 0.1994 0.7160 
   HI_SS0039  6 0.0727 0.0027 0.0270 0.8976 
   HI_SS0041  6 0.7762 0.0015 0.2136 0.0088 
   HI_SS0042  6 0.6722 0.1000 0.2030 0.0248 
   HI_SS0043  6 0.0144 0.0027 0.0085 0.9745 
   HI_SS0044  6 0.5031 0.0024 0.3557 0.1388 
   HI_SS0047  6 0.0529 0.0024 0.9213 0.0234 
   HI_SS0049  6 0.0458 0.0035 0.8770 0.0737 
   HI_SS0051  6 0.6966 0.0022 0.2518 0.0495 
   HI_SS0053  6 0.0208 0.0047 0.0124 0.9622 
   HI_SS0054  6 0.0059 0.0032 0.0064 0.9845 
   HI_SS0057  6 0.1126 0.0035 0.7057 0.1783 
   HI_SS0058  6 0.0239 0.0053 0.7255 0.2453 
   HI_SS0060  6 0.5783 0.0832 0.0425 0.2960 
   HI_SS0087  6 0.1925 0.0025 0.3526 0.4524 
   HI_SS0091  6 0.0576 0.0011 0.0230 0.9183 
   HI_SS0095  6 0.7195 0.0447 0.1597 0.0762 
   HI_SS0097  6 0.1243 0.0039 0.7066 0.1652 
   HI_SS0099  6 0.3914 0.0039 0.5892 0.0154 
   HI_SS0103  6 0.2301 0.0028 0.7397 0.0274 
   HI_SS0105  6 0.5716 0.0224 0.3772 0.0287 
   HI_SS0107  6 0.0189 0.0009 0.9721 0.0081 
   HI_SS0108  6 0.0167 0.0210 0.0060 0.9562 
   HI_SS0110  6 0.8449 0.0011 0.0669 0.0872 
   HI_SS0111  6 0.9030 0.0216 0.0576 0.0177 
   HI_SS0112  6 0.0102 0.0011 0.0048 0.9839 
   HI_SS0113  6 0.0190 0.0026 0.9707 0.0077 
   HI_SS0114  6 0.1562 0.0051 0.0097 0.8290 
   HI_SS0115  6 0.5630 0.0168 0.0339 0.3863 
   HI_SS0116  6 0.0326 0.0039 0.0295 0.9340 
   HI_SS0117  6 0.2623 0.0020 0.3928 0.3429 
   HI_SS0118  6 0.0562 0.0116 0.6395 0.2927 
   HI_SS0119  6 0.2924 0.0024 0.0632 0.6420 
   HI_SS0120  6 0.0069 0.0029 0.9849 0.0053 
   HI_SS0121  6 0.0955 0.0013 0.8934 0.0098 
   HI_SS0122  6 0.4847 0.0195 0.4520 0.0438 
   HI_SS0123  6 0.7263 0.0050 0.2207 0.0481 
   HI_SS0124  6 0.4346 0.0027 0.5489 0.0138 
   HI_SS0125  6 0.9556 0.0281 0.0110 0.0053 
   HI_SS0126  6 0.0139 0.0009 0.0120 0.9732 
   HI_SS0127  6 0.1687 0.0101 0.2578 0.5635 
   HI_SS0128  6 0.0774 0.0029 0.4528 0.4669 
   HI_SS0129  6 0.8414 0.0086 0.0321 0.1179 
   HI_SS0131  6 0.1280 0.0409 0.0792 0.7520 
   HI_SS0132  6 0.4839 0.0006 0.1322 0.3832 
   HI_SS0133  6 0.0038 0.0012 0.0027 0.9924 
   HI_SS0134  6 0.4177 0.0019 0.2605 0.3199 
   HI_SS0142  6 0.2589 0.0140 0.7135 0.0136 
   HI_SS0145  6 0.2313 0.0013 0.1936 0.5737 
   HI_SS0146  6 0.0169 0.0010 0.0150 0.9671 
   HI_SS0147  6 0.0765 0.0177 0.9002 0.0057 
   HI_SS0149  6 0.4942 0.0037 0.3408 0.1613 
   HI_SS0150  6 0.8163 0.0042 0.1651 0.0144 
   HI_SS0151  6 0.6780 0.0133 0.0533 0.2553 
   NS_SS1451  6 0.6347 0.0030 0.3535 0.0088 
   NS_SS1404  6 0.3948 0.0104 0.5745 0.0203 
   NS_SS1432  6 0.8447 0.0306 0.1197 0.0051 
   NS_SS1405  6 0.7672 0.0027 0.1674 0.0627 
   NS_SS1431  6 0.2193 0.0009 0.7655 0.0143 
   NS_SS1402  6 0.7125 0.0022 0.2635 0.0217 
   NS_SS1450  6 0.6103 0.0042 0.0744 0.3111 
   NS_SS1396  6 0.4904 0.0054 0.4444 0.0597 
   NS_SS1393  6 0.7921 0.0030 0.0283 0.1765 
   NS_SS1392  6 0.8970 0.0153 0.0716 0.0160 
   NS_SS1445  6 0.0368 0.0092 0.0321 0.9219 
   NS_SS1423  6 0.0376 0.0019 0.1329 0.8276 
   NS_SS1421  6 0.2574 0.1048 0.0319 0.6060 
   NS_SS1411  6 0.0513 0.0018 0.0181 0.9288 
   NS_SS1453  6 0.4795 0.0060 0.2729 0.2416 
   NS_SS1442  6 0.1427 0.0037 0.7402 0.1134 
   NS_SS1422  6 0.1080 0.0134 0.2809 0.5978 
   NS_SS1419  6 0.0421 0.1662 0.6747 0.1170 
   NS_SS1427  6 0.0199 0.0022 0.0057 0.9722 
   NS_SS1444  6 0.1696 0.0032 0.8165 0.0108 
   NS_SS1455  6 0.0058 0.0012 0.9844 0.0086 
   NS_SS1425  6 0.0132 0.0013 0.0095 0.9760 
   NS_SS1400  6 0.0051 0.0015 0.0184 0.9749 
   NS_SS1406  6 0.1568 0.0078 0.8298 0.0056 
   NS_SS1417  6 0.0573 0.0071 0.7363 0.1993 
   NS_SS1454  6 0.1928 0.0013 0.3044 0.5014 
   NS_SS1412  6 0.0776 0.0228 0.7151 0.1845 
   NS_SS1438  6 0.0135 0.0013 0.0235 0.9617 
   NS_SS1416  6 0.6589 0.0057 0.3230 0.0124 
   NS_SS1401  6 0.4086 0.0128 0.5445 0.0341 
   NS_SS1424  6 0.1750 0.0128 0.0302 0.7821 
   NS_SS1435  6 0.3513 0.0027 0.0656 0.5804 
   NS_SS1447  6 0.0103 0.0051 0.9720 0.0126 
   NS_SS1414  6 0.0097 0.0058 0.9705 0.0140 
   NS_SS1449  6 0.2768 0.0036 0.6594 0.0601 
   NS_SS1443  6 0.0146 0.0018 0.0085 0.9751 
   NS_SS1434  6 0.1898 0.0007 0.2459 0.5637 
   NS_SS1398  6 0.8505 0.0148 0.0419 0.0928 
   NS_SS1426  6 0.0120 0.0017 0.0062 0.9801 
   NS_SS1413  6 0.0065 0.0095 0.0131 0.9709 
   NS_SS1395  6 0.1302 0.0134 0.0469 0.8095 
   NS_SS1448  6 0.3008 0.0018 0.0964 0.6010 
   NS_SS1446  6 0.3926 0.0029 0.4829 0.1216 
   NS_SS1403  6 0.8395 0.0047 0.0983 0.0575 
   NS_SS1415  6 0.0149 0.0079 0.0067 0.9705 
   NS_SS1437  6 0.2635 0.0083 0.5473 0.1809 
   NS_SS1439  6 0.2203 0.0029 0.7467 0.0302 
   NS_SS1441  6 0.3682 0.0019 0.0419 0.5880 
   NS_SS1420  6 0.6611 0.0030 0.3064 0.0294 
   NS_SS1394  6 0.7223 0.0370 0.2320 0.0088 
   NS_SS1391  6 0.1438 0.0149 0.1514 0.6898 
   NS_SS1410  6 0.2040 0.0140 0.6212 0.1609 
   NS_SS1408  6 0.8896 0.0444 0.0456 0.0204 
   NS_SS1409  6 0.9168 0.0024 0.0268 0.0541 
   HI_SS0617  7 0.8923 0.0011 0.0665 0.0401 
   HI_SS0618  7 0.9532 0.0020 0.0304 0.0144 
   HI_SS0619  7 0.3282 0.0032 0.5411 0.1275 
   HI_SS0620  7 0.0076 0.0026 0.0081 0.9817 
   HI_SS0621  7 0.6578 0.0135 0.3091 0.0196 
   HI_SS0622  7 0.0899 0.0131 0.3689 0.5282 
   HI_SS0626  7 0.8654 0.0081 0.0970 0.0294 
   HI_SS0627  7 0.1906 0.0063 0.7949 0.0082 
   HI_SS0628  7 0.6326 0.0541 0.0398 0.2736 
   HI_SS0629  7 0.3906 0.0061 0.3564 0.2470 
   HI_SS0630  7 0.4212 0.0497 0.0150 0.5142 
   HI_SS0631  7 0.0276 0.0010 0.0170 0.9544 
   HI_SS0632  7 0.1285 0.0030 0.7506 0.1179 
   HI_SS0633  7 0.3211 0.0035 0.6585 0.0168 
   HI_SS0634  7 0.9108 0.0017 0.0710 0.0164 
   HI_SS0635  7 0.7621 0.0084 0.1970 0.0325 
   HI_SS0637  7 0.9263 0.0024 0.0626 0.0087 
   HI_SS0638  7 0.4360 0.0011 0.0641 0.4988 
   HI_SS0639  7 0.6016 0.0350 0.3543 0.0091 
   HI_SS0640  7 0.1041 0.0019 0.0852 0.8088 
   HI_SS0641  7 0.6740 0.0046 0.0331 0.2883 
   HI_SS0642  7 0.7342 0.0022 0.1196 0.1441 
   HI_SS0645  7 0.7797 0.0009 0.1929 0.0266 
   HI_SS0646  7 0.6028 0.0028 0.3078 0.0866 
   HI_SS0647  7 0.1992 0.0010 0.3278 0.4720 
   HI_SS0648  7 0.7947 0.0028 0.0640 0.1385 
   HI_SS0649  7 0.3963 0.0017 0.5560 0.0460 
   HI_SS0650  7 0.7359 0.0041 0.2449 0.0151 
   HI_SS0651  7 0.3060 0.0044 0.1414 0.5481 
   HI_SS0652  7 0.8369 0.0032 0.1492 0.0107 
   NS_SS1371  7 0.5479 0.0072 0.0766 0.3684 
   NS_SS1374  7 0.7508 0.0022 0.0088 0.2383 
   NS_SS1337  7 0.2903 0.0034 0.6783 0.0281 
   NS_SS1385  7 0.0860 0.0043 0.7262 0.1835 
   NS_SS1388  7 0.2375 0.0062 0.7244 0.0319 
   NS_SS1370  7 0.5557 0.0085 0.3363 0.0995 
   NS_SS1389  7 0.1158 0.0032 0.8653 0.0157 
   NS_SS1360  7 0.0876 0.0046 0.0170 0.8908 
   NS_SS1330  7 0.7283 0.0033 0.2611 0.0073 
   NS_SS1328  7 0.1543 0.0021 0.0380 0.8056 
   NS_SS1384  7 0.2079 0.0039 0.0942 0.6939 
   NS_SS1381  7 0.0334 0.0008 0.9576 0.0082 
   NS_SS1375  7 0.8946 0.0009 0.0803 0.0242 
   NS_SS1319  7 0.8423 0.0792 0.0236 0.0549 
   NS_SS1326  7 0.0283 0.0100 0.0156 0.9461 
   NS_SS1341  7 0.0483 0.0042 0.8791 0.0684 
   NS_SS1383  7 0.8971 0.0045 0.0225 0.0759 
   NS_SS1318  7 0.1023 0.0138 0.8431 0.0408 
   NS_SS1348  7 0.0071 0.0014 0.0072 0.9843 
   NS_SS1363  7 0.6569 0.0040 0.3141 0.0250 
   NS_SS1335  7 0.0435 0.0308 0.0086 0.9171 
   NS_SS1358  7 0.0986 0.0171 0.2544 0.6299 
   NS_SS1342  7 0.0555 0.0016 0.1723 0.7706 
   NS_SS1320  7 0.1007 0.0058 0.8893 0.0042 
   NS_SS1355  7 0.0270 0.0110 0.9498 0.0123 
   NS_SS1345  7 0.0184 0.0173 0.8533 0.1111 
   NS_SS1324  7 0.2303 0.0028 0.0931 0.6738 
   NS_SS1347  7 0.3541 0.0046 0.0452 0.5960 
   NS_SS1321  7 0.6635 0.0011 0.0974 0.2379 
   NS_SS1333  7 0.9319 0.0024 0.0199 0.0458 
   NS_SS1364  7 0.0150 0.0025 0.0718 0.9106 
   NS_SS1379  7 0.1857 0.0532 0.7047 0.0564 
   NS_SS1332  7 0.0076 0.0056 0.0126 0.9742 
   NS_SS1338  7 0.2529 0.0067 0.0136 0.7269 
   NS_SS1368  7 0.0288 0.0052 0.3978 0.5681 
   NS_SS1354  7 0.1266 0.0099 0.8219 0.0416 
   NS_SS1365  7 0.4237 0.0081 0.5299 0.0384 
   NS_SS1380  7 0.0149 0.0148 0.9658 0.0045 
   NS_SS1329  7 0.0305 0.0028 0.3057 0.6610 
   NS_SS1362  7 0.4173 0.0046 0.2872 0.2909 
   NS_SS1327  7 0.0060 0.0030 0.0038 0.9872 
   NS_SS1350  7 0.9568 0.0067 0.0105 0.0260 
   NS_SS1387  7 0.5987 0.0023 0.3657 0.0333 
   NS_SS1369  7 0.0297 0.0035 0.0124 0.9544 
   NS_SS1331  7 0.6902 0.0094 0.1579 0.1424 
   NS_SS1357  7 0.2545 0.0035 0.1863 0.5557 
   NS_SS1386  7 0.0070 0.0029 0.0062 0.9840 
   NS_SS1353  7 0.0422 0.0028 0.9168 0.0383 
   NS_SS1323  7 0.1629 0.0663 0.7487 0.0222 
   HI_SS0296  8 0.0442 0.0018 0.0266 0.9273 
   HI_SS0297  8 0.7962 0.0009 0.0172 0.1858 
   HI_SS0299  8 0.2236 0.0358 0.2000 0.5406 
   HI_SS0300  8 0.1648 0.0014 0.1158 0.7180 
   HI_SS0301  8 0.3094 0.0032 0.6189 0.0684 
   HI_SS0302  8 0.0116 0.0209 0.0209 0.9466 
   HI_SS0303  8 0.0096 0.0066 0.0408 0.9431 
   HI_SS0304  8 0.4344 0.0020 0.5453 0.0182 
   HI_SS0306  8 0.0070 0.0031 0.0054 0.9845 
   HI_SS0307  8 0.7874 0.0061 0.1965 0.0100 
   HI_SS0308  8 0.8424 0.0765 0.0357 0.0454 
   HI_SS0309  8 0.7207 0.0028 0.2618 0.0147 
   HI_SS0310  8 0.0242 0.0068 0.5327 0.4363 
   HI_SS0311  8 0.3477 0.0022 0.4476 0.2026 
   HI_SS0314  8 0.1713 0.0012 0.6472 0.1802 
   HI_SS0316  8 0.1292 0.0051 0.0697 0.7960 
   HI_SS0317  8 0.9304 0.0017 0.0432 0.0246 
   HI_SS0318  8 0.1589 0.1992 0.0346 0.6072 
   HI_SS0319  8 0.0083 0.0039 0.0045 0.9833 
   HI_SS0320  8 0.9136 0.0009 0.0798 0.0058 
   HI_SS0321  8 0.9218 0.0013 0.0089 0.0680 
   HI_SS0323  8 0.9058 0.0013 0.0415 0.0514 
   HI_SS0325  8 0.0247 0.0021 0.0774 0.8958 
   HI_SS0327  8 0.1243 0.0014 0.0188 0.8556 
   HI_SS0329  8 0.0681 0.0012 0.8883 0.0424 
   HI_SS0333  8 0.8526 0.0025 0.1109 0.0340 
   HI_SS0334  8 0.1807 0.0013 0.0300 0.7880 
   HI_SS0335  8 0.0338 0.0188 0.9366 0.0108 
   HI_SS0339  8 0.0568 0.0120 0.8901 0.0411 
   HI_SS0343  8 0.0170 0.0017 0.9535 0.0279 
   HI_SS0344  8 0.0063 0.0027 0.0043 0.9866 
   HI_SS0345  8 0.0650 0.0067 0.8790 0.0493 
   HI_SS0346  8 0.6990 0.0036 0.2093 0.0881 
   HI_SS0350  8 0.0161 0.0071 0.9701 0.0066 
   HI_SS0351  8 0.0178 0.0027 0.8860 0.0935 
   HI_SS0352  8 0.0484 0.0952 0.8313 0.0250 
   HI_SS0362  8 0.3875 0.0022 0.0260 0.5842 
   HI_SS0363  8 0.0154 0.0039 0.0177 0.9631 
   HI_SS0365  8 0.2510 0.0047 0.0543 0.6900 
   HI_SS0366  8 0.0103 0.0017 0.0148 0.9732 
   HI_SS0367  8 0.0097 0.0016 0.9847 0.0039 
   HI_SS0369  8 0.1623 0.0021 0.8209 0.0147 
   HI_SS0370  8 0.8889 0.0030 0.0459 0.0622 
   HI_SS0371  8 0.0343 0.0040 0.0278 0.9340 
   HI_SS0373  8 0.8672 0.0081 0.0595 0.0651 
   HI_SS0374  8 0.3760 0.0282 0.5677 0.0281 
   HI_SS0377  8 0.0567 0.0902 0.0569 0.7962 
   HI_SS0379  8 0.0035 0.0010 0.0026 0.9929 
   HI_SS0380  8 0.3152 0.0061 0.6550 0.0238 
   HI_SS0381  8 0.4973 0.0040 0.4833 0.0154 
   HI_SS0384  8 0.4698 0.0078 0.1781 0.3443 
   HI_SS0385  8 0.1109 0.0012 0.0538 0.8341 
   HI_SS0386  9 0.0016 0.9951 0.0015 0.0018 
   HI_SS0387  9 0.0149 0.9609 0.0116 0.0126 
   HI_SS0389  9 0.0030 0.9902 0.0041 0.0027 
   HI_SS0390  9 0.0021 0.9949 0.0014 0.0016 
   HI_SS0391  9 0.0026 0.9924 0.0030 0.0020 
   HI_SS0392  9 0.0013 0.9957 0.0015 0.0015 
   HI_SS0393  9 0.0012 0.9960 0.0013 0.0014 
   HI_SS0394  9 0.0017 0.9955 0.0015 0.0014 
   HI_SS0395  9 0.0034 0.9896 0.0039 0.0031 
   HI_SS0396  9 0.0126 0.9695 0.0109 0.0071 
   HI_SS0398  9 0.0052 0.9835 0.0058 0.0054 
   HI_SS0399  9 0.0012 0.9966 0.0011 0.0011 
   HI_SS0400  9 0.0022 0.9941 0.0020 0.0017 
   HI_SS0401  9 0.0014 0.9958 0.0014 0.0014 
   HI_SS0402  9 0.0012 0.9960 0.0011 0.0016 
   HI_SS0403  9 0.0015 0.9957 0.0016 0.0011 
   HI_SS0404  9 0.0017 0.9959 0.0014 0.0011 
   HI_SS0405  9 0.0166 0.9530 0.0164 0.0141 
   HI_SS0406  9 0.0019 0.9939 0.0020 0.0021 
   HI_SS0407  9 0.0071 0.9796 0.0074 0.0059 
   HI_SS0408  9 0.0013 0.9963 0.0014 0.0011 
   HI_SS0409  9 0.0030 0.9915 0.0028 0.0028 
   HI_SS0411  9 0.0033 0.9914 0.0024 0.0029 
   HI_SS0412  9 0.0878 0.8099 0.0582 0.0442 
   HI_SS0413  9 0.0020 0.9934 0.0025 0.0021 
   HI_SS0414  9 0.0191 0.9489 0.0217 0.0102 
   HI_SS0415  9 0.0015 0.9946 0.0019 0.0019 
   HI_SS0416  9 0.0032 0.9901 0.0033 0.0035 
   HI_SS0418  9 0.0045 0.9869 0.0042 0.0045 
   HI_SS0419  9 0.0033 0.9905 0.0033 0.0029 
   HI_SS0420  9 0.0022 0.9940 0.0017 0.0021 
   HI_SS0421  9 0.0042 0.9876 0.0041 0.0041 
   HI_SS0422  9 0.0014 0.9955 0.0018 0.0012 
   HI_SS0423  9 0.0044 0.9877 0.0033 0.0046 
   HI_SS0424  9 0.0020 0.9947 0.0021 0.0013 
   HI_SS0425  9 0.0033 0.9903 0.0039 0.0025 
   NS_SS1146 10 0.0022 0.9934 0.0017 0.0027 
   NS_SS1157 10 0.0063 0.9810 0.0060 0.0068 
   NS_SS1144 10 0.0198 0.9428 0.0135 0.0239 
   NS_SS1074 10 0.0031 0.9901 0.0030 0.0037 
   NS_SS1122 10 0.0044 0.9867 0.0038 0.0052 
   NS_SS1136 10 0.0012 0.9966 0.0011 0.0010 
   NS_SS1077 10 0.0007 0.9978 0.0007 0.0008 
   NS_SS1134 10 0.0127 0.9691 0.0075 0.0107 
   NS_SS1091 10 0.0024 0.9937 0.0024 0.0016 
   NS_SS1089 10 0.0030 0.9911 0.0026 0.0033 
   NS_SS1123 10 0.0015 0.9953 0.0015 0.0016 
   NS_SS1158 10 0.0009 0.9972 0.0010 0.0008 
   NS_SS1093 10 0.0023 0.9931 0.0023 0.0023 
   NS_SS1102 10 0.0056 0.9846 0.0059 0.0040 
   NS_SS1056 10 0.0018 0.9948 0.0018 0.0016 
   NS_SS1126 10 0.0035 0.9910 0.0024 0.0030 
   NS_SS1058 10 0.0038 0.9886 0.0039 0.0038 
   NS_SS1084 10 0.0014 0.9962 0.0012 0.0012 
   NS_SS1095 10 0.0059 0.9828 0.0044 0.0070 
   NS_SS1079 10 0.0014 0.9953 0.0018 0.0016 
   NS_SS1149 10 0.0024 0.9924 0.0026 0.0026 
   NS_SS1121 10 0.0017 0.9953 0.0015 0.0015 
   NS_SS1067 10 0.0054 0.9836 0.0064 0.0046 
   NS_SS1081 10 0.0026 0.9925 0.0023 0.0027 
   NS_SS1130 10 0.0039 0.9900 0.0032 0.0029 
   NS_SS1073 10 0.0028 0.9926 0.0027 0.0019 
   NS_SS1133 10 0.0068 0.9796 0.0098 0.0038 
   NS_SS1129 10 0.0012 0.9958 0.0015 0.0014 
   NS_SS1085 10 0.0021 0.9933 0.0021 0.0025 
   NS_SS1137 10 0.0041 0.9874 0.0041 0.0044 
   NS_SS1135 10 0.0013 0.9967 0.0012 0.0008 
   NS_SS1082 10 0.0014 0.9957 0.0016 0.0013 
   NS_SS1125 10 0.0012 0.9966 0.0011 0.0010 
   NS_SS1124 10 0.0085 0.9812 0.0060 0.0043 
   NS_SS1155 10 0.0096 0.9769 0.0064 0.0071 
   NS_SS1145 10 0.0018 0.9942 0.0018 0.0022 
