   NS_SS0963  1 0.0052 0.0849 0.6428 0.2671 
   NS_SS0983  1 0.0037 0.9331 0.0507 0.0126 
   NS_SS0719  1 0.0032 0.0282 0.9609 0.0077 
   NS_SS1001  1 0.0062 0.3402 0.0885 0.5651 
   NS_SS0936  1 0.0024 0.0566 0.6163 0.3247 
   NS_SS0955  1 0.0033 0.8868 0.0435 0.0664 
   NS_SS0944  1 0.0019 0.7705 0.0251 0.2025 
   NS_SS0945  1 0.0102 0.1796 0.2261 0.5840 
   NS_SS0922  1 0.0199 0.0066 0.8834 0.0901 
   NS_SS0929  1 0.0028 0.6043 0.2301 0.1628 
   NS_SS0956  1 0.0032 0.0153 0.8976 0.0840 
   NS_SS0906  1 0.0032 0.0749 0.3391 0.5829 
   NS_SS0721  1 0.0029 0.0247 0.9615 0.0109 
   NS_SS0982  1 0.0150 0.0222 0.6147 0.3481 
   NS_SS0923  1 0.0038 0.0108 0.9415 0.0439 
   NS_SS0905  1 0.0019 0.2076 0.7260 0.0645 
   NS_SS0925  1 0.0043 0.0199 0.6508 0.3250 
   NS_SS0947  1 0.0043 0.0207 0.1744 0.8006 
   NS_SS0926  1 0.0010 0.9837 0.0085 0.0068 
   NS_SS0918  1 0.0024 0.1417 0.2269 0.6290 
   NS_SS0966  1 0.0518 0.0712 0.1139 0.7631 
   NS_SS0938  1 0.0012 0.0318 0.0934 0.8736 
   NS_SS0917  1 0.0308 0.0323 0.9035 0.0333 
   NS_SS0957  1 0.0056 0.0271 0.2143 0.7529 
   NS_SS0987  1 0.2340 0.0367 0.6221 0.1072 
   NS_SS0717  1 0.0022 0.0164 0.2063 0.7750 
   NS_SS0986  1 0.0031 0.0484 0.1123 0.8361 
   NS_SS0953  1 0.0132 0.0176 0.0328 0.9365 
   NS_SS0907  1 0.0381 0.0549 0.1034 0.8036 
   NS_SS0974  1 0.0030 0.8373 0.0695 0.0902 
   NS_SS0989  1 0.0010 0.9471 0.0322 0.0198 
   NS_SS0991  1 0.0020 0.9386 0.0201 0.0393 
   NS_SS0994  1 0.0016 0.9873 0.0060 0.0051 
   NS_SS0931  1 0.0084 0.9266 0.0266 0.0384 
   NS_SS1000  1 0.0033 0.0100 0.1201 0.8666 
   NS_SS0919  1 0.0028 0.2978 0.6803 0.0191 
   NS_SS0949  1 0.0014 0.9714 0.0198 0.0074 
   NS_SS0960  1 0.0062 0.3556 0.6173 0.0210 
   NS_SS0716  1 0.0060 0.0068 0.4307 0.5565 
   NS_SS0924  1 0.0170 0.4186 0.5264 0.0380 
   NS_SS0935  1 0.0093 0.9103 0.0658 0.0146 
   NS_SS0952  1 0.0362 0.8471 0.0384 0.0783 
   NS_SS0962  1 0.0059 0.0134 0.6030 0.3777 
   NS_SS0973  1 0.0042 0.6146 0.3001 0.0811 
   NS_SS0722  1 0.0020 0.0095 0.0538 0.9348 
   NS_SS0979  1 0.0016 0.0165 0.0849 0.8969 
   NS_SS0993  1 0.0164 0.0501 0.0648 0.8687 
   NS_SS0958  1 0.0024 0.7717 0.0929 0.1331 
   NS_SS0988  1 0.0051 0.0988 0.3878 0.5083 
   NS_SS1003  1 0.0081 0.0125 0.5053 0.4741 
   NS_SS0976  1 0.0020 0.7898 0.1199 0.0883 
   NS_SS0964  1 0.0022 0.0126 0.1619 0.8233 
   NS_SS0939  1 0.0033 0.0041 0.9479 0.0447 
   NS_SS0990  1 0.0034 0.0830 0.0996 0.8140 
   NS_SS0984  1 0.0019 0.0064 0.8787 0.1130 
   NS_SS0980  1 0.0022 0.1438 0.7712 0.0828 
   NS_SS0978  1 0.0026 0.0323 0.8615 0.1035 
   NS_SS0951  1 0.0027 0.7883 0.0374 0.1716 
   NS_SS0913  1 0.0336 0.0407 0.0686 0.8571 
   NS_SS1002  1 0.0318 0.0070 0.0375 0.9237 
   NS_SS0948  1 0.0419 0.0890 0.0422 0.8268 
   NS_SS0916  1 0.0036 0.1114 0.8569 0.0281 
   NS_SS0995  1 0.0023 0.0097 0.9708 0.0172 
   NS_SS0927  1 0.0040 0.0529 0.9194 0.0238 
   NS_SS0992  1 0.0026 0.2807 0.6006 0.1161 
   NS_SS0912  1 0.0027 0.5818 0.1617 0.2539 
   NS_SS0981  1 0.0031 0.0459 0.4240 0.5270 
   NS_SS0729  2 0.0029 0.9852 0.0054 0.0065 
   NS_SS0967  2 0.0100 0.0735 0.5241 0.3924 
   NS_SS0941  2 0.0692 0.1492 0.6646 0.1170 
   NS_SS0768  2 0.0041 0.0267 0.0339 0.9353 
   NS_SS0726  2 0.0086 0.8602 0.1064 0.0248 
   NS_SS0763  2 0.0024 0.9400 0.0223 0.0354 
   NS_SS0730  2 0.0028 0.0145 0.8460 0.1367 
   NS_SS0774  2 0.0009 0.0057 0.4299 0.5636 
   NS_SS0723  2 0.0012 0.0056 0.9772 0.0160 
   NS_SS0940  2 0.0054 0.1556 0.8238 0.0152 
   NS_SS0762  2 0.0023 0.0231 0.3167 0.6579 
   NS_SS0766  2 0.0095 0.0626 0.9009 0.0270 
   NS_SS0724  2 0.0035 0.0143 0.0163 0.9658 
   NS_SS0769  2 0.0031 0.0323 0.6076 0.3570 
   NS_SS0777  2 0.0116 0.3600 0.1271 0.5013 
   NS_SS0734  2 0.0195 0.1545 0.7945 0.0316 
   NS_SS0737  2 0.0046 0.0098 0.6983 0.2872 
   NS_SS0732  2 0.0043 0.0170 0.9656 0.0130 
   NS_SS0728  2 0.0080 0.0277 0.8984 0.0658 
   NS_SS0735  2 0.0071 0.0564 0.5730 0.3635 
   NS_SS0725  2 0.0091 0.1031 0.0328 0.8550 
   NS_SS0788  2 0.0012 0.0092 0.9754 0.0142 
   NS_SS0778  2 0.0013 0.0469 0.9126 0.0392 
   NS_SS0792  2 0.0053 0.3029 0.2165 0.4754 
   NS_SS0943  2 0.0065 0.9541 0.0090 0.0304 
   NS_SS0791  2 0.0106 0.0202 0.9635 0.0057 
   NS_SS0790  2 0.0032 0.0044 0.0122 0.9801 
   NS_SS0731  2 0.0108 0.0091 0.0265 0.9536 
   NS_SS0727  2 0.0019 0.9370 0.0197 0.0414 
   NS_SS0779  2 0.0051 0.0881 0.4675 0.4393 
   NS_SS0776  2 0.0062 0.0984 0.0400 0.8554 
   NS_SS0775  2 0.0062 0.0082 0.7446 0.2410 
   NS_SS0965  3 0.0014 0.0593 0.8306 0.1088 
   NS_SS0754  3 0.0136 0.7253 0.2230 0.0381 
   NS_SS0838  3 0.0360 0.0748 0.0822 0.8070 
   NS_SS0839  3 0.0028 0.0070 0.2509 0.7394 
   NS_SS0832  3 0.0367 0.0045 0.0431 0.9158 
   NS_SS0820  3 0.0063 0.0054 0.4703 0.5181 
   NS_SS0886  3 0.0016 0.1048 0.8695 0.0240 
   NS_SS0748  3 0.0073 0.3610 0.0903 0.5414 
   NS_SS0884  3 0.0207 0.0878 0.6252 0.2663 
   NS_SS0752  3 0.0021 0.0795 0.8396 0.0788 
   NS_SS0862  3 0.0038 0.0102 0.8796 0.1064 
   NS_SS0787  3 0.0050 0.9640 0.0236 0.0075 
   NS_SS0843  3 0.0016 0.1229 0.1185 0.7569 
   NS_SS0856  3 0.0028 0.0159 0.1494 0.8318 
   NS_SS0846  3 0.0035 0.4160 0.0652 0.5153 
   NS_SS0825  3 0.0085 0.0385 0.8535 0.0996 
   NS_SS0757  3 0.0036 0.5919 0.3397 0.0648 
   NS_SS0876  3 0.2102 0.0196 0.1537 0.6165 
   NS_SS0903  3 0.0020 0.0173 0.6405 0.3401 
   NS_SS0875  3 0.0028 0.0196 0.8488 0.1287 
   NS_SS0740  3 0.0033 0.4565 0.3677 0.1725 
   NS_SS0811  3 0.0084 0.0185 0.1448 0.8283 
   NS_SS0751  3 0.0020 0.0434 0.8264 0.1281 
   NS_SS0891  3 0.0051 0.0149 0.1845 0.7956 
   NS_SS0867  3 0.0293 0.6864 0.2531 0.0311 
   NS_SS0890  3 0.0028 0.1117 0.8586 0.0269 
   NS_SS0866  3 0.0044 0.9396 0.0209 0.0351 
   NS_SS0755  3 0.0060 0.1037 0.3933 0.4969 
   NS_SS0758  3 0.0019 0.1050 0.2851 0.6080 
   NS_SS0840  3 0.0020 0.0153 0.2558 0.7270 
   NS_SS0889  3 0.0024 0.9310 0.0222 0.0444 
   NS_SS1010  3 0.0386 0.1693 0.5218 0.2704 
   NS_SS0888  3 0.0013 0.9568 0.0346 0.0073 
   NS_SS0837  3 0.0028 0.1247 0.2167 0.6559 
   NS_SS0794  3 0.0019 0.8876 0.0198 0.0907 
   NS_SS0823  3 0.0040 0.0134 0.0463 0.9363 
   NS_SS0829  3 0.1095 0.8714 0.0103 0.0088 
   NS_SS0844  3 0.0018 0.0114 0.0251 0.9616 
   NS_SS1008  3 0.0106 0.9088 0.0405 0.0401 
   NS_SS0881  3 0.0019 0.0663 0.9011 0.0308 
   NS_SS0834  3 0.0047 0.0075 0.0161 0.9717 
   NS_SS0744  3 0.0054 0.0255 0.9100 0.0591 
   NS_SS0899  3 0.0013 0.0054 0.0094 0.9838 
   NS_SS0804  3 0.0039 0.0082 0.1657 0.8223 
   NS_SS0781  3 0.0028 0.0045 0.0361 0.9565 
   NS_SS0822  3 0.0018 0.8073 0.0140 0.1770 
   NS_SS1004  3 0.0037 0.1311 0.1496 0.7156 
   NS_SS0746  3 0.0123 0.1366 0.0211 0.8300 
   NS_SS0880  3 0.0014 0.1458 0.4395 0.4133 
   NS_SS0879  3 0.0125 0.0352 0.0602 0.8921 
   NS_SS0753  3 0.0100 0.9148 0.0536 0.0215 
   NS_SS1007  3 0.0014 0.0087 0.9836 0.0064 
   NS_SS0872  3 0.0019 0.0079 0.0460 0.9442 
   NS_SS1005  3 0.0009 0.0123 0.0764 0.9104 
   NS_SS0892  3 0.0018 0.0511 0.7257 0.2215 
   NS_SS0898  3 0.0051 0.6693 0.3012 0.0244 
   NS_SS0801  3 0.0096 0.0278 0.4070 0.5556 
   NS_SS0827  3 0.1201 0.3253 0.4845 0.0701 
   NS_SS0853  3 0.0060 0.0641 0.1355 0.7944 
   NS_SS0780  3 0.0033 0.0084 0.9020 0.0862 
   NS_SS0826  3 0.0030 0.0913 0.0135 0.8922 
   NS_SS0818  3 0.0014 0.0136 0.9611 0.0238 
   NS_SS0745  3 0.0010 0.0094 0.1286 0.8609 
   NS_SS0849  3 0.0016 0.0477 0.8374 0.1133 
   NS_SS0739  3 0.0084 0.0056 0.9797 0.0063 
   NS_SS0799  3 0.0012 0.9232 0.0638 0.0119 
   NS_SS0756  3 0.0038 0.0109 0.1549 0.8304 
   NS_SS0802  3 0.1788 0.0902 0.6795 0.0516 
   NS_SS0747  3 0.0053 0.0427 0.6275 0.3245 
   NS_SS0835  3 0.0011 0.8426 0.1370 0.0193 
   NS_SS0742  3 0.0011 0.0341 0.5674 0.3974 
   NS_SS0760  3 0.0484 0.8847 0.0414 0.0255 
   NS_SS0803  3 0.0062 0.0085 0.0304 0.9549 
   NS_SS0828  3 0.0013 0.2486 0.7392 0.0109 
   NS_SS0865  3 0.0221 0.0866 0.6568 0.2345 
   NS_SS0759  3 0.0040 0.0061 0.8949 0.0951 
   NS_SS0851  3 0.0115 0.0073 0.5532 0.4280 
   NS_SS0874  3 0.0017 0.0218 0.0493 0.9272 
   NS_SS0761  3 0.0024 0.9073 0.0391 0.0512 
   NS_SS0842  3 0.0084 0.3874 0.1676 0.4367 
   NS_SS0785  3 0.0054 0.2809 0.3677 0.3460 
   NS_SS0860  3 0.0023 0.8303 0.1494 0.0180 
   NS_SS0897  3 0.0019 0.9764 0.0133 0.0084 
   NS_SS0841  3 0.0033 0.0134 0.8670 0.1163 
   NS_SS0797  3 0.0275 0.8043 0.1249 0.0432 
   NS_SS0830  3 0.0020 0.4059 0.3920 0.2001 
   NS_SS1011  3 0.0052 0.0112 0.1182 0.8654 
   NS_SS0883  3 0.0047 0.0316 0.9461 0.0176 
   NS_SS0782  3 0.0020 0.0548 0.2741 0.6690 
   NS_SS0831  3 0.0030 0.8839 0.0715 0.0416 
   NS_SS0749  3 0.0039 0.0497 0.9362 0.0103 
   NS_SS0854  3 0.0029 0.3456 0.1044 0.5471 
   HI_SS0193  4 0.0013 0.9722 0.0091 0.0174 
   HI_SS0194  4 0.0013 0.0184 0.0314 0.9489 
   HI_SS0195  4 0.0802 0.0043 0.6262 0.2893 
   HI_SS0196  4 0.0026 0.1877 0.6444 0.1653 
   HI_SS0197  4 0.0094 0.0049 0.8521 0.1336 
   HI_SS0198  4 0.0069 0.0282 0.9522 0.0126 
   HI_SS0199  4 0.0021 0.6946 0.2856 0.0177 
   HI_SS0201  4 0.0021 0.9579 0.0247 0.0153 
   HI_SS0215  4 0.0031 0.7773 0.1580 0.0616 
   HI_SS0218  4 0.0051 0.9809 0.0089 0.0050 
   HI_SS0222  4 0.0036 0.0193 0.9282 0.0490 
   HI_SS0230  4 0.0054 0.0175 0.1375 0.8396 
   HI_SS0234  4 0.1328 0.0284 0.6789 0.1599 
   HI_SS0240  4 0.0055 0.0086 0.9762 0.0098 
   HI_SS0241  4 0.0019 0.8860 0.0955 0.0167 
   HI_SS0242  4 0.0029 0.1565 0.5483 0.2923 
   HI_SS0247  4 0.0184 0.0104 0.0124 0.9588 
   HI_SS0248  4 0.0008 0.9811 0.0079 0.0102 
   HI_SS0252  4 0.0019 0.0509 0.0222 0.9250 
   HI_SS0254  4 0.1035 0.8339 0.0465 0.0160 
   HI_SS0256  4 0.0014 0.0035 0.0165 0.9785 
   HI_SS0257  4 0.0028 0.7602 0.0548 0.1822 
   HI_SS0258  4 0.0038 0.9638 0.0209 0.0115 
   HI_SS0259  4 0.0024 0.0120 0.8471 0.1385 
   HI_SS0260  4 0.0016 0.9374 0.0338 0.0272 
   HI_SS0261  4 0.0027 0.7832 0.1555 0.0585 
   HI_SS0262  4 0.0053 0.0128 0.8228 0.1591 
   HI_SS0264  4 0.0039 0.0117 0.1234 0.8610 
   HI_SS0265  4 0.0870 0.0102 0.7627 0.1401 
   HI_SS0268  4 0.0023 0.0169 0.9090 0.0718 
   HI_SS0269  4 0.0016 0.9427 0.0311 0.0246 
   HI_SS0273  4 0.0015 0.9594 0.0221 0.0169 
   HI_SS0277  4 0.0021 0.0405 0.9350 0.0224 
   HI_SS0280  4 0.0048 0.1323 0.8172 0.0458 
   HI_SS0282  4 0.0014 0.9023 0.0601 0.0363 
   HI_SS0286  4 0.0081 0.2229 0.6642 0.1048 
   NS_SS1252  5 0.0030 0.9816 0.0085 0.0070 
   NS_SS1261  5 0.0158 0.0782 0.1538 0.7522 
   NS_SS1225  5 0.1004 0.5375 0.0226 0.3394 
   NS_SS1266  5 0.0064 0.0045 0.0157 0.9734 
   NS_SS1228  5 0.0119 0.0257 0.6956 0.2669 
   NS_SS1255  5 0.0013 0.3985 0.1375 0.4627 
   NS_SS1267  5 0.0126 0.9647 0.0179 0.0048 
   NS_SS1238  5 0.0022 0.4029 0.2471 0.3479 
   NS_SS1233  5 0.0017 0.0285 0.0099 0.9598 
   NS_SS1277  5 0.0010 0.9686 0.0228 0.0076 
   NS_SS1245  5 0.0016 0.6614 0.0212 0.3158 
   NS_SS1240  5 0.0020 0.9709 0.0141 0.0131 
   NS_SS1275  5 0.0026 0.0054 0.0849 0.9071 
   NS_SS1235  5 0.0045 0.0484 0.0119 0.9352 
   NS_SS1263  5 0.0009 0.0374 0.0134 0.9484 
   NS_SS1251  5 0.0014 0.0220 0.0273 0.9493 
   NS_SS1248  5 0.1158 0.4486 0.3011 0.1345 
   NS_SS1244  5 0.0039 0.3336 0.5473 0.1151 
   NS_SS1257  5 0.0315 0.7125 0.1992 0.0568 
   NS_SS1242  5 0.0022 0.0063 0.0901 0.9014 
   NS_SS1271  5 0.0212 0.9591 0.0149 0.0048 
   NS_SS1265  5 0.0175 0.4948 0.0365 0.4511 
   NS_SS1243  5 0.0672 0.0599 0.1295 0.7435 
   NS_SS1273  5 0.0091 0.0094 0.3280 0.6535 
   NS_SS1254  5 0.0056 0.0339 0.0196 0.9408 
   NS_SS1224  5 0.0071 0.0163 0.0860 0.8905 
   NS_SS1227  5 0.0017 0.7967 0.1904 0.0111 
   NS_SS1274  5 0.0161 0.9159 0.0359 0.0321 
   NS_SS1241  5 0.0010 0.9103 0.0102 0.0785 
   NS_SS1256  5 0.0342 0.1510 0.0255 0.7893 
   NS_SS1260  5 0.0706 0.6889 0.2117 0.0287 
   NS_SS1262  5 0.1792 0.7269 0.0544 0.0395 
   NS_SS1230  5 0.0073 0.5542 0.1639 0.2746 
   NS_SS1270  5 0.0020 0.0178 0.0166 0.9637 
   NS_SS1229  5 0.0038 0.0723 0.2862 0.6377 
   NS_SS1246  5 0.0025 0.8396 0.1235 0.0344 
   NS_SS1269  5 0.0018 0.0269 0.9017 0.0696 
   NS_SS1239  5 0.0046 0.1982 0.7017 0.0954 
   NS_SS1272  5 0.0046 0.0083 0.0184 0.9687 
   NS_SS1268  5 0.0021 0.0646 0.4084 0.5249 
   NS_SS1249  5 0.0094 0.9715 0.0087 0.0104 
   HI_SS0559  6 0.0020 0.5717 0.3109 0.1154 
   HI_SS0563  6 0.0029 0.2916 0.5669 0.1385 
   HI_SS0564  6 0.0451 0.0207 0.8783 0.0559 
   HI_SS0565  6 0.0029 0.1110 0.7813 0.1048 
   HI_SS0569  6 0.0020 0.9586 0.0251 0.0143 
   HI_SS0570  6 0.0418 0.8790 0.0452 0.0340 
   HI_SS0572  6 0.0018 0.0079 0.0115 0.9788 
   HI_SS0576  6 0.0042 0.0141 0.9676 0.0141 
   HI_SS0579  6 0.0168 0.6617 0.0630 0.2585 
   HI_SS0580  6 0.0042 0.3163 0.6395 0.0400 
   HI_SS0581  6 0.0669 0.0070 0.2865 0.6396 
   HI_SS0583  6 0.0028 0.6989 0.0162 0.2821 
   HI_SS0586  6 0.0009 0.9791 0.0124 0.0075 
   HI_SS0588  6 0.0209 0.8137 0.0616 0.1038 
   HI_SS0595  6 0.0201 0.2204 0.7482 0.0113 
   HI_SS0596  6 0.0020 0.0078 0.0117 0.9785 
   HI_SS0597  6 0.0015 0.0070 0.0186 0.9728 
   HI_SS0600  6 0.0030 0.2284 0.6302 0.1384 
   HI_SS0601  6 0.0146 0.8925 0.0464 0.0466 
   HI_SS0602  6 0.0023 0.2399 0.7064 0.0513 
   HI_SS0604  6 0.0019 0.0746 0.0348 0.8887 
   HI_SS0605  6 0.0050 0.0216 0.9615 0.0119 
   HI_SS0608  6 0.0011 0.6064 0.2264 0.1661 
   HI_SS0609  6 0.0008 0.0141 0.0206 0.9646 
   HI_SS0611  6 0.0028 0.9530 0.0285 0.0157 
   HI_SS0612  6 0.0070 0.2866 0.2906 0.4158 
   HI_SS0613  6 0.0014 0.0477 0.7068 0.2441 
   HI_SS0615  6 0.0074 0.0094 0.9577 0.0256 
   HI_SS0001  6 0.0037 0.5183 0.2832 0.1948 
   HI_SS0002  6 0.0180 0.0095 0.0190 0.9535 
   HI_SS0004  6 0.0053 0.6907 0.1319 0.1721 
   HI_SS0005  6 0.0045 0.0188 0.9615 0.0152 
   HI_SS0006  6 0.0017 0.5405 0.0177 0.4400 
   HI_SS0007  6 0.0022 0.9560 0.0225 0.0194 
   HI_SS0008  6 0.0335 0.1867 0.6212 0.1586 
   HI_SS0009  6 0.0038 0.0378 0.7702 0.1883 
   HI_SS0010  6 0.0033 0.9363 0.0400 0.0203 
   HI_SS0011  6 0.0749 0.0259 0.0287 0.8705 
   HI_SS0012  6 0.0039 0.0081 0.9713 0.0167 
   HI_SS0017  6 0.0018 0.0126 0.0119 0.9737 
   HI_SS0021  6 0.2415 0.4654 0.0178 0.2753 
   HI_SS0024  6 0.0019 0.0398 0.6007 0.3576 
   HI_SS0025  6 0.0027 0.0201 0.1454 0.8318 
   HI_SS0027  6 0.0122 0.9458 0.0325 0.0095 
   HI_SS0028  6 0.0012 0.0068 0.8798 0.1121 
   HI_SS0029  6 0.0064 0.0242 0.7510 0.2184 
   HI_SS0030  6 0.0061 0.9073 0.0519 0.0346 
   HI_SS0031  6 0.0031 0.0233 0.9549 0.0188 
   HI_SS0034  6 0.0063 0.9042 0.0720 0.0175 
   HI_SS0036  6 0.0113 0.4297 0.5527 0.0063 
   HI_SS0037  6 0.0034 0.6985 0.0658 0.2323 
   HI_SS0039  6 0.0029 0.9097 0.0652 0.0222 
   HI_SS0041  6 0.0016 0.0070 0.7818 0.2096 
   HI_SS0042  6 0.1030 0.0134 0.6730 0.2107 
   HI_SS0043  6 0.0028 0.9779 0.0093 0.0100 
   HI_SS0044  6 0.0025 0.1581 0.6110 0.2284 
   HI_SS0047  6 0.0022 0.0246 0.0617 0.9115 
   HI_SS0049  6 0.0033 0.0757 0.0376 0.8834 
   HI_SS0051  6 0.0023 0.0719 0.6816 0.2442 
   HI_SS0053  6 0.0042 0.9656 0.0208 0.0094 
   HI_SS0054  6 0.0028 0.9840 0.0048 0.0084 
   HI_SS0057  6 0.0031 0.1744 0.1418 0.6806 
   HI_SS0058  6 0.0060 0.2161 0.0253 0.7526 
   HI_SS0060  6 0.0690 0.1547 0.7015 0.0748 
   HI_SS0087  6 0.0025 0.3847 0.2452 0.3676 
   HI_SS0091  6 0.0012 0.9503 0.0280 0.0205 
   HI_SS0095  6 0.0514 0.1209 0.6694 0.1583 
   HI_SS0097  6 0.0042 0.1707 0.0702 0.7550 
   HI_SS0099  6 0.0040 0.0145 0.4672 0.5143 
   HI_SS0103  6 0.0029 0.0293 0.2212 0.7466 
   HI_SS0105  6 0.0253 0.0689 0.5054 0.4004 
   HI_SS0107  6 0.0010 0.0099 0.0213 0.9678 
   HI_SS0108  6 0.0232 0.9602 0.0114 0.0051 
   HI_SS0110  6 0.0012 0.1664 0.8035 0.0289 
   HI_SS0111  6 0.0232 0.0240 0.9201 0.0327 
   HI_SS0112  6 0.0010 0.9829 0.0111 0.0050 
   HI_SS0113  6 0.0028 0.0057 0.0130 0.9785 
   HI_SS0114  6 0.0047 0.8154 0.1661 0.0139 
   HI_SS0115  6 0.0134 0.3252 0.5967 0.0647 
   HI_SS0116  6 0.0038 0.9262 0.0328 0.0372 
   HI_SS0117  6 0.0023 0.3990 0.1676 0.4312 
   HI_SS0118  6 0.0120 0.3528 0.0356 0.5996 
   HI_SS0119  6 0.0019 0.7016 0.2769 0.0196 
   HI_SS0120  6 0.0023 0.0070 0.0077 0.9830 
   HI_SS0121  6 0.0012 0.0107 0.1094 0.8787 
   HI_SS0122  6 0.0238 0.0885 0.5875 0.3002 
   HI_SS0123  6 0.0046 0.0539 0.7337 0.2078 
   HI_SS0124  6 0.0027 0.0114 0.5549 0.4310 
   HI_SS0125  6 0.0232 0.0053 0.9605 0.0110 
   HI_SS0126  6 0.0009 0.9811 0.0090 0.0091 
   HI_SS0127  6 0.0107 0.4787 0.3188 0.1918 
   HI_SS0128  6 0.0029 0.3852 0.1114 0.5004 
   HI_SS0129  6 0.0089 0.1423 0.8180 0.0308 
   HI_SS0131  6 0.0340 0.5419 0.1552 0.2689 
   HI_SS0132  6 0.0007 0.3810 0.4776 0.1407 
   HI_SS0133  6 0.0012 0.9912 0.0047 0.0029 
   HI_SS0134  6 0.0019 0.3609 0.3495 0.2878 
   HI_SS0142  6 0.0159 0.0232 0.2309 0.7300 
   HI_SS0145  6 0.0014 0.5941 0.1674 0.2372 
   HI_SS0146  6 0.0011 0.9457 0.0387 0.0145 
   HI_SS0147  6 0.0175 0.0070 0.1021 0.8734 
   HI_SS0149  6 0.0045 0.3269 0.4947 0.1739 
   HI_SS0150  6 0.0038 0.0118 0.8480 0.1364 
   HI_SS0151  6 0.0121 0.2152 0.7348 0.0379 
   NS_SS1451  6 0.0030 0.0084 0.7697 0.2189 
   NS_SS1404  6 0.0105 0.0301 0.4892 0.4702 
   NS_SS1432  6 0.0278 0.0049 0.8855 0.0818 
   NS_SS1405  6 0.0035 0.0539 0.7479 0.1946 
   NS_SS1431  6 0.0007 0.0117 0.2200 0.7676 
   NS_SS1402  6 0.0021 0.0382 0.7686 0.1911 
   NS_SS1450  6 0.0041 0.4513 0.4701 0.0745 
   NS_SS1396  6 0.0056 0.0782 0.5432 0.3730 
   NS_SS1393  6 0.0035 0.2278 0.7443 0.0244 
   NS_SS1392  6 0.0141 0.0180 0.9008 0.0671 
   NS_SS1445  6 0.0080 0.9144 0.0380 0.0396 
   NS_SS1423  6 0.0016 0.8309 0.0296 0.1379 
   NS_SS1421  6 0.0909 0.7059 0.1826 0.0207 
   NS_SS1411  6 0.0017 0.8541 0.1160 0.0282 
   NS_SS1453  6 0.0061 0.3785 0.3807 0.2346 
   NS_SS1442  6 0.0040 0.0980 0.0498 0.8482 
   NS_SS1422  6 0.0140 0.6448 0.0661 0.2751 
   NS_SS1419  6 0.1506 0.0628 0.0307 0.7559 
   NS_SS1427  6 0.0018 0.9716 0.0210 0.0056 
   NS_SS1444  6 0.0034 0.0130 0.0907 0.8928 
   NS_SS1455  6 0.0012 0.0065 0.0069 0.9854 
   NS_SS1425  6 0.0013 0.9773 0.0120 0.0094 
   NS_SS1400  6 0.0012 0.9640 0.0046 0.0302 
   NS_SS1406  6 0.0076 0.0067 0.1963 0.7894 
   NS_SS1417  6 0.0076 0.2040 0.0316 0.7567 
   NS_SS1454  6 0.0013 0.5680 0.1740 0.2567 
   NS_SS1412  6 0.0235 0.2086 0.0598 0.7082 
   NS_SS1438  6 0.0013 0.9556 0.0144 0.0286 
   NS_SS1416  6 0.0057 0.0164 0.6136 0.3643 
   NS_SS1401  6 0.0110 0.0343 0.3550 0.5997 
   NS_SS1424  6 0.0121 0.7981 0.1675 0.0224 
   NS_SS1435  6 0.0023 0.3954 0.5473 0.0550 
   NS_SS1447  6 0.0057 0.0068 0.0081 0.9794 
   NS_SS1414  6 0.0058 0.0110 0.0084 0.9748 
   NS_SS1449  6 0.0045 0.1310 0.2170 0.6475 
   NS_SS1443  6 0.0016 0.9753 0.0151 0.0080 
   NS_SS1434  6 0.0007 0.4899 0.1928 0.3166 
   NS_SS1398  6 0.0142 0.0478 0.8991 0.0388 
   NS_SS1426  6 0.0021 0.9751 0.0153 0.0075 
   NS_SS1413  6 0.0103 0.9675 0.0065 0.0158 
   NS_SS1395  6 0.0122 0.7233 0.2094 0.0550 
   NS_SS1448  6 0.0018 0.6516 0.2736 0.0729 
   NS_SS1446  6 0.0025 0.1973 0.4139 0.3863 
   NS_SS1403  6 0.0053 0.0348 0.8716 0.0883 
   NS_SS1415  6 0.0078 0.9607 0.0208 0.0107 
   NS_SS1437  6 0.0085 0.1532 0.3555 0.4827 
   NS_SS1439  6 0.0028 0.0214 0.2077 0.7681 
   NS_SS1441  6 0.0020 0.6474 0.3103 0.0404 
   NS_SS1420  6 0.0030 0.0174 0.7184 0.2612 
   NS_SS1394  6 0.0307 0.0063 0.8606 0.1024 
   NS_SS1391  6 0.0134 0.6845 0.1270 0.1751 
   NS_SS1410  6 0.0132 0.1764 0.1634 0.6470 
   NS_SS1408  6 0.0397 0.0242 0.8819 0.0542 
   NS_SS1409  6 0.0021 0.0815 0.8846 0.0319 
   HI_SS0617  7 0.0012 0.0765 0.7809 0.1414 
   HI_SS0618  7 0.0021 0.0157 0.9303 0.0519 
   HI_SS0619  7 0.0030 0.1217 0.3459 0.5294 
   HI_SS0620  7 0.0022 0.9802 0.0096 0.0081 
   HI_SS0621  7 0.0130 0.0179 0.6805 0.2886 
   HI_SS0622  7 0.0131 0.4972 0.0811 0.4087 
   HI_SS0626  7 0.0069 0.0224 0.8770 0.0937 
   HI_SS0627  7 0.0068 0.0084 0.0907 0.8941 
   HI_SS0628  7 0.0505 0.3538 0.5362 0.0595 
   HI_SS0629  7 0.0055 0.2088 0.4856 0.3001 
   HI_SS0630  7 0.0442 0.3934 0.5443 0.0182 
   HI_SS0631  7 0.0010 0.9350 0.0368 0.0272 
   HI_SS0632  7 0.0026 0.0572 0.0918 0.8484 
   HI_SS0633  7 0.0030 0.0164 0.2819 0.6987 
   HI_SS0634  7 0.0015 0.0166 0.9237 0.0582 
   HI_SS0635  7 0.0084 0.0215 0.8515 0.1187 
   HI_SS0637  7 0.0023 0.0129 0.8884 0.0964 
   HI_SS0638  7 0.0011 0.5227 0.4024 0.0737 
   HI_SS0639  7 0.0383 0.0084 0.6503 0.3030 
   HI_SS0640  7 0.0018 0.5992 0.3035 0.0955 
   HI_SS0641  7 0.0052 0.3233 0.6359 0.0356 
   HI_SS0642  7 0.0019 0.0912 0.8114 0.0955 
   HI_SS0645  7 0.0008 0.0153 0.8483 0.1356 
   HI_SS0646  7 0.0028 0.1326 0.6409 0.2237 
   HI_SS0647  7 0.0012 0.5020 0.1924 0.3045 
   HI_SS0648  7 0.0025 0.1053 0.8175 0.0747 
   HI_SS0649  7 0.0017 0.0365 0.3584 0.6034 
   HI_SS0650  7 0.0035 0.0239 0.6554 0.3173 
   HI_SS0651  7 0.0035 0.3928 0.4585 0.1453 
   HI_SS0652  7 0.0033 0.0168 0.8055 0.1744 
   NS_SS1371  7 0.0064 0.3246 0.6155 0.0535 
   NS_SS1374  7 0.0021 0.3663 0.6195 0.0122 
   NS_SS1337  7 0.0033 0.0475 0.4004 0.5488 
   NS_SS1385  7 0.0052 0.1315 0.0930 0.7703 
   NS_SS1388  7 0.0058 0.0271 0.2569 0.7102 
   NS_SS1370  7 0.0095 0.0910 0.7088 0.1907 
   NS_SS1389  7 0.0033 0.0102 0.1424 0.8441 
   NS_SS1360  7 0.0041 0.8440 0.1289 0.0229 
   NS_SS1330  7 0.0031 0.0066 0.7797 0.2106 
   NS_SS1328  7 0.0021 0.8721 0.0951 0.0308 
   NS_SS1384  7 0.0034 0.4730 0.3912 0.1325 
   NS_SS1381  7 0.0008 0.0088 0.0304 0.9600 
   NS_SS1375  7 0.0010 0.0248 0.8766 0.0976 
   NS_SS1319  7 0.0746 0.0708 0.8258 0.0288 
   NS_SS1326  7 0.0099 0.9467 0.0268 0.0167 
   NS_SS1341  7 0.0037 0.0627 0.0243 0.9093 
   NS_SS1383  7 0.0032 0.0706 0.9024 0.0238 
   NS_SS1318  7 0.0127 0.0280 0.0483 0.9111 
   NS_SS1348  7 0.0015 0.9815 0.0088 0.0082 
   NS_SS1363  7 0.0044 0.0404 0.6159 0.3394 
   NS_SS1335  7 0.0282 0.9181 0.0446 0.0091 
   NS_SS1358  7 0.0159 0.7353 0.1010 0.1478 
   NS_SS1342  7 0.0012 0.8475 0.0418 0.1095 
   NS_SS1320  7 0.0054 0.0046 0.0508 0.9391 
   NS_SS1355  7 0.0084 0.0072 0.0092 0.9752 
   NS_SS1345  7 0.0178 0.0949 0.0240 0.8633 
   NS_SS1324  7 0.0024 0.6080 0.3081 0.0815 
   NS_SS1347  7 0.0040 0.5653 0.4037 0.0270 
   NS_SS1321  7 0.0014 0.4565 0.5142 0.0279 
   NS_SS1333  7 0.0028 0.0943 0.8931 0.0098 
   NS_SS1364  7 0.0024 0.7633 0.0236 0.2107 
   NS_SS1379  7 0.0486 0.0742 0.2107 0.6665 
   NS_SS1332  7 0.0046 0.9731 0.0078 0.0144 
   NS_SS1338  7 0.0070 0.6296 0.3536 0.0098 
   NS_SS1368  7 0.0047 0.5860 0.0290 0.3803 
   NS_SS1354  7 0.0114 0.0298 0.1299 0.8289 
   NS_SS1365  7 0.0077 0.0402 0.5035 0.4486 
   NS_SS1380  7 0.0149 0.0054 0.0158 0.9639 
   NS_SS1329  7 0.0029 0.6625 0.0377 0.2969 
   NS_SS1362  7 0.0050 0.2518 0.4709 0.2722 
   NS_SS1327  7 0.0025 0.9873 0.0066 0.0036 
   NS_SS1350  7 0.0068 0.0304 0.9545 0.0084 
   NS_SS1387  7 0.0026 0.0444 0.7320 0.2210 
   NS_SS1369  7 0.0038 0.9562 0.0241 0.0159 
   NS_SS1331  7 0.0106 0.2385 0.6616 0.0893 
   NS_SS1357  7 0.0041 0.6447 0.1852 0.1661 
   NS_SS1386  7 0.0028 0.9832 0.0092 0.0048 
   NS_SS1353  7 0.0035 0.0344 0.0546 0.9074 
   NS_SS1323  7 0.0708 0.0443 0.1471 0.7378 
   HI_SS0296  8 0.0016 0.8637 0.1102 0.0245 
   HI_SS0297  8 0.0007 0.3186 0.6601 0.0205 
   HI_SS0299  8 0.0358 0.5937 0.1654 0.2051 
   HI_SS0300  8 0.0012 0.5558 0.2759 0.1672 
   HI_SS0301  8 0.0035 0.0691 0.4754 0.4519 
   HI_SS0302  8 0.0195 0.9297 0.0292 0.0216 
   HI_SS0303  8 0.0057 0.9123 0.0133 0.0688 
   HI_SS0304  8 0.0024 0.0391 0.5156 0.4428 
   HI_SS0306  8 0.0026 0.9846 0.0074 0.0054 
   HI_SS0307  8 0.0066 0.0099 0.8332 0.1503 
   HI_SS0308  8 0.0715 0.0633 0.7833 0.0818 
   HI_SS0309  8 0.0029 0.0169 0.7594 0.2208 
   HI_SS0310  8 0.0063 0.3455 0.0253 0.6229 
   HI_SS0311  8 0.0023 0.2259 0.4067 0.3652 
   HI_SS0314  8 0.0013 0.1321 0.2101 0.6566 
   HI_SS0316  8 0.0048 0.8028 0.1110 0.0815 
   HI_SS0317  8 0.0019 0.0229 0.9468 0.0284 
   HI_SS0318  8 0.2011 0.5627 0.2298 0.0064 
   HI_SS0319  8 0.0042 0.9828 0.0088 0.0042 
   HI_SS0320  8 0.0009 0.0063 0.8091 0.1837 
   HI_SS0321  8 0.0016 0.0633 0.9273 0.0078 
   HI_SS0323  8 0.0013 0.0919 0.8726 0.0341 
   HI_SS0325  8 0.0017 0.9339 0.0284 0.0360 
   HI_SS0327  8 0.0013 0.8981 0.0840 0.0167 
   HI_SS0329  8 0.0014 0.0346 0.1361 0.8278 
   HI_SS0333  8 0.0022 0.0417 0.8189 0.1372 
   HI_SS0334  8 0.0013 0.7945 0.1828 0.0215 
   HI_SS0335  8 0.0157 0.0129 0.0243 0.9472 
   HI_SS0339  8 0.0101 0.0400 0.0841 0.8659 
   HI_SS0343  8 0.0015 0.0168 0.0191 0.9625 
   HI_SS0344  8 0.0029 0.9880 0.0048 0.0043 
   HI_SS0345  8 0.0065 0.0382 0.0531 0.9022 
   HI_SS0346  8 0.0035 0.1094 0.7967 0.0905 
   HI_SS0350  8 0.0073 0.0056 0.0170 0.9701 
   HI_SS0351  8 0.0029 0.1260 0.0392 0.8319 
   HI_SS0352  8 0.0961 0.0177 0.0353 0.8510 
   HI_SS0362  8 0.0019 0.3438 0.6388 0.0155 
   HI_SS0363  8 0.0036 0.9607 0.0208 0.0148 
   HI_SS0365  8 0.0051 0.7237 0.2319 0.0393 
   HI_SS0366  8 0.0015 0.9724 0.0106 0.0154 
   HI_SS0367  8 0.0018 0.0054 0.0087 0.9841 
   HI_SS0369  8 0.0022 0.0135 0.1185 0.8658 
   HI_SS0370  8 0.0024 0.0851 0.8420 0.0706 
   HI_SS0371  8 0.0038 0.9062 0.0735 0.0165 
   HI_SS0373  8 0.0088 0.0530 0.8764 0.0618 
   HI_SS0374  8 0.0270 0.0123 0.4484 0.5123 
   HI_SS0377  8 0.0886 0.8411 0.0332 0.0371 
   HI_SS0379  8 0.0011 0.9914 0.0032 0.0043 
   HI_SS0380  8 0.0051 0.0152 0.1986 0.7812 
   HI_SS0381  8 0.0041 0.0122 0.4543 0.5293 
   HI_SS0384  8 0.0074 0.4515 0.3354 0.2057 
   HI_SS0385  8 0.0011 0.6918 0.2651 0.0420 
   HI_SS0386  9 0.9957 0.0017 0.0012 0.0014 
   HI_SS0387  9 0.9612 0.0119 0.0156 0.0113 
   HI_SS0389  9 0.9895 0.0043 0.0030 0.0031 
   HI_SS0390  9 0.9950 0.0016 0.0020 0.0014 
   HI_SS0391  9 0.9928 0.0020 0.0025 0.0028 
   HI_SS0392  9 0.9956 0.0016 0.0012 0.0016 
   HI_SS0393  9 0.9953 0.0017 0.0013 0.0016 
   HI_SS0394  9 0.9958 0.0011 0.0015 0.0016 
   HI_SS0395  9 0.9897 0.0033 0.0036 0.0034 
   HI_SS0396  9 0.9720 0.0072 0.0119 0.0089 
   HI_SS0398  9 0.9832 0.0054 0.0046 0.0067 
   HI_SS0399  9 0.9969 0.0010 0.0011 0.0010 
   HI_SS0400  9 0.9940 0.0018 0.0020 0.0022 
   HI_SS0401  9 0.9956 0.0015 0.0014 0.0014 
   HI_SS0402  9 0.9965 0.0012 0.0012 0.0012 
   HI_SS0403  9 0.9953 0.0014 0.0018 0.0015 
   HI_SS0404  9 0.9966 0.0012 0.0011 0.0011 
   HI_SS0405  9 0.9504 0.0129 0.0173 0.0194 
   HI_SS0406  9 0.9935 0.0022 0.0022 0.0022 
   HI_SS0407  9 0.9780 0.0063 0.0070 0.0087 
   HI_SS0408  9 0.9963 0.0010 0.0014 0.0012 
   HI_SS0409  9 0.9911 0.0027 0.0032 0.0029 
   HI_SS0411  9 0.9927 0.0026 0.0026 0.0021 
   HI_SS0412  9 0.8120 0.0436 0.0854 0.0589 
   HI_SS0413  9 0.9935 0.0019 0.0025 0.0021 
   HI_SS0414  9 0.9520 0.0100 0.0178 0.0202 
   HI_SS0415  9 0.9946 0.0021 0.0017 0.0017 
   HI_SS0416  9 0.9903 0.0034 0.0031 0.0032 
   HI_SS0418  9 0.9854 0.0052 0.0049 0.0045 
   HI_SS0419  9 0.9913 0.0026 0.0030 0.0030 
   HI_SS0420  9 0.9939 0.0022 0.0020 0.0019 
   HI_SS0421  9 0.9881 0.0033 0.0044 0.0041 
   HI_SS0422  9 0.9957 0.0015 0.0012 0.0016 
   HI_SS0423  9 0.9891 0.0035 0.0043 0.0031 
   HI_SS0424  9 0.9955 0.0014 0.0015 0.0016 
   HI_SS0425  9 0.9908 0.0023 0.0030 0.0039 
   NS_SS1146 10 0.9933 0.0029 0.0022 0.0017 
   NS_SS1157 10 0.9811 0.0065 0.0063 0.0062 
   NS_SS1144 10 0.9461 0.0211 0.0180 0.0148 
   NS_SS1074 10 0.9903 0.0033 0.0027 0.0037 
   NS_SS1122 10 0.9871 0.0046 0.0041 0.0043 
   NS_SS1136 10 0.9963 0.0011 0.0010 0.0015 
   NS_SS1077 10 0.9977 0.0008 0.0008 0.0007 
   NS_SS1134 10 0.9697 0.0096 0.0110 0.0097 
   NS_SS1091 10 0.9937 0.0017 0.0021 0.0026 
   NS_SS1089 10 0.9909 0.0032 0.0034 0.0026 
   NS_SS1123 10 0.9956 0.0016 0.0015 0.0013 
   NS_SS1158 10 0.9972 0.0010 0.0009 0.0010 
   NS_SS1093 10 0.9933 0.0023 0.0021 0.0023 
   NS_SS1102 10 0.9842 0.0036 0.0054 0.0068 
   NS_SS1056 10 0.9948 0.0018 0.0017 0.0017 
   NS_SS1126 10 0.9927 0.0028 0.0024 0.0022 
   NS_SS1058 10 0.9886 0.0035 0.0042 0.0037 
   NS_SS1084 10 0.9956 0.0013 0.0014 0.0016 
   NS_SS1095 10 0.9826 0.0071 0.0054 0.0049 
   NS_SS1079 10 0.9948 0.0020 0.0017 0.0014 
   NS_SS1149 10 0.9924 0.0025 0.0021 0.0030 
   NS_SS1121 10 0.9954 0.0014 0.0015 0.0017 
   NS_SS1067 10 0.9842 0.0044 0.0057 0.0056 
   NS_SS1081 10 0.9930 0.0024 0.0025 0.0021 
   NS_SS1130 10 0.9914 0.0021 0.0031 0.0034 
   NS_SS1073 10 0.9923 0.0018 0.0030 0.0029 
   NS_SS1133 10 0.9787 0.0031 0.0077 0.0105 
   NS_SS1129 10 0.9963 0.0011 0.0013 0.0012 
   NS_SS1085 10 0.9937 0.0023 0.0019 0.0020 
   NS_SS1137 10 0.9874 0.0041 0.0043 0.0042 
   NS_SS1135 10 0.9964 0.0011 0.0013 0.0012 
   NS_SS1082 10 0.9957 0.0012 0.0015 0.0016 
   NS_SS1125 10 0.9964 0.0012 0.0012 0.0012 
   NS_SS1124 10 0.9818 0.0051 0.0080 0.0051 
   NS_SS1155 10 0.9757 0.0085 0.0086 0.0072 
   NS_SS1145 10 0.9947 0.0017 0.0019 0.0017 
