   NS_SS0963  1 0.0141 0.0137 0.0058 0.0115 0.2878 0.0144 0.1910 0.4617 
   NS_SS0983  1 0.4380 0.4658 0.0045 0.0238 0.0071 0.0023 0.0089 0.0495 
   NS_SS0719  1 0.0115 0.0182 0.0046 0.0216 0.0129 0.0376 0.0344 0.8592 
   NS_SS1001  1 0.0626 0.0096 0.0056 0.1119 0.0134 0.7727 0.0167 0.0075 
   NS_SS0936  1 0.0524 0.0353 0.0027 0.0353 0.6409 0.1152 0.0752 0.0429 
   NS_SS0955  1 0.0458 0.5146 0.0033 0.1085 0.0407 0.0370 0.1102 0.1398 
   NS_SS0944  1 0.0659 0.0188 0.0018 0.6443 0.0767 0.0211 0.1498 0.0216 
   NS_SS0945  1 0.0477 0.4107 0.0097 0.1010 0.0563 0.3462 0.0128 0.0158 
   NS_SS0922  1 0.0050 0.0079 0.0243 0.0064 0.0132 0.0309 0.0149 0.8974 
   NS_SS0929  1 0.0254 0.7606 0.0044 0.0364 0.0582 0.0500 0.0385 0.0264 
   NS_SS0956  1 0.0185 0.0091 0.0043 0.0292 0.0158 0.8592 0.0219 0.0421 
   NS_SS0906  1 0.1818 0.0741 0.0025 0.0120 0.0141 0.0428 0.5617 0.1109 
   NS_SS0721  1 0.1474 0.0296 0.0045 0.0099 0.0156 0.0227 0.0616 0.7087 
   NS_SS0982  1 0.0102 0.0916 0.0182 0.0105 0.0382 0.1761 0.2312 0.4240 
   NS_SS0923  1 0.1540 0.0132 0.0051 0.0174 0.1435 0.2990 0.0964 0.2715 
   NS_SS0905  1 0.5111 0.0680 0.0017 0.0365 0.0081 0.0428 0.0876 0.2442 
   NS_SS0925  1 0.0258 0.0124 0.0051 0.0058 0.0131 0.0323 0.7624 0.1431 
   NS_SS0947  1 0.0280 0.0551 0.0042 0.0108 0.3616 0.3023 0.2053 0.0326 
   NS_SS0926  1 0.0085 0.3112 0.0014 0.3483 0.2767 0.0261 0.0188 0.0090 
   NS_SS0918  1 0.8589 0.0096 0.0030 0.0279 0.0192 0.0440 0.0177 0.0197 
   NS_SS0966  1 0.4687 0.0196 0.0552 0.0395 0.0553 0.0191 0.0736 0.2689 
   NS_SS0938  1 0.0058 0.0079 0.0013 0.0124 0.8857 0.0627 0.0102 0.0139 
   NS_SS0917  1 0.0245 0.0581 0.0345 0.0150 0.0106 0.6831 0.0137 0.1604 
   NS_SS0957  1 0.3556 0.0114 0.0070 0.0240 0.0207 0.5645 0.0097 0.0071 
   NS_SS0987  1 0.0798 0.0073 0.2416 0.0216 0.0259 0.5685 0.0253 0.0300 
   NS_SS0717  1 0.0314 0.1166 0.0040 0.0155 0.0135 0.7607 0.0293 0.0291 
   NS_SS0986  1 0.0253 0.2183 0.0046 0.0421 0.1523 0.5014 0.0177 0.0383 
   NS_SS0953  1 0.6347 0.0259 0.0193 0.0120 0.0084 0.0194 0.2726 0.0077 
   NS_SS0907  1 0.0940 0.0818 0.0502 0.0167 0.0293 0.0701 0.5897 0.0682 
   NS_SS0974  1 0.0436 0.6340 0.0041 0.0891 0.0827 0.0465 0.0727 0.0273 
   NS_SS0989  1 0.1126 0.3413 0.0011 0.0907 0.3803 0.0092 0.0156 0.0492 
   NS_SS0991  1 0.0290 0.1324 0.0016 0.1034 0.0119 0.0134 0.6895 0.0188 
   NS_SS0994  1 0.0048 0.9532 0.0018 0.0147 0.0092 0.0057 0.0051 0.0053 
   NS_SS0931  1 0.0084 0.0108 0.0167 0.8519 0.0661 0.0153 0.0201 0.0106 
   NS_SS1000  1 0.0054 0.0077 0.0045 0.0097 0.4480 0.3879 0.1284 0.0084 
   NS_SS0919  1 0.0066 0.0151 0.0032 0.0344 0.0972 0.0088 0.7379 0.0968 
   NS_SS0949  1 0.0098 0.1050 0.0014 0.7484 0.0167 0.0131 0.0417 0.0639 
   NS_SS0960  1 0.1741 0.1979 0.0065 0.3497 0.0209 0.0613 0.0207 0.1689 
   NS_SS0716  1 0.0044 0.0046 0.0059 0.0072 0.0050 0.9642 0.0039 0.0049 
   NS_SS0924  1 0.0112 0.0087 0.0169 0.0331 0.0099 0.0221 0.0559 0.8423 
   NS_SS0935  1 0.0222 0.0096 0.0075 0.0820 0.0069 0.0129 0.8389 0.0201 
   NS_SS0952  1 0.0474 0.0260 0.0510 0.5134 0.0583 0.0308 0.1271 0.1460 
   NS_SS0962  1 0.0121 0.0197 0.0083 0.0074 0.8937 0.0307 0.0142 0.0141 
   NS_SS0973  1 0.0716 0.0234 0.0031 0.0124 0.0115 0.0157 0.7907 0.0717 
   NS_SS0722  1 0.0109 0.0075 0.0027 0.0061 0.0221 0.3146 0.5954 0.0408 
   NS_SS0979  1 0.1282 0.0116 0.0020 0.0097 0.0811 0.7139 0.0264 0.0271 
   NS_SS0993  1 0.7661 0.0113 0.0204 0.0077 0.0296 0.0130 0.1310 0.0210 
   NS_SS0958  1 0.0246 0.0199 0.0034 0.6177 0.0174 0.2539 0.0143 0.0487 
   NS_SS0988  1 0.0776 0.6261 0.0054 0.0105 0.0590 0.0467 0.0971 0.0776 
   NS_SS1003  1 0.0309 0.0038 0.0103 0.0112 0.9039 0.0101 0.0093 0.0204 
   NS_SS0976  1 0.0148 0.0097 0.0018 0.0739 0.8398 0.0130 0.0361 0.0108 
   NS_SS0964  1 0.0190 0.0162 0.0024 0.0075 0.0119 0.7002 0.1800 0.0628 
   NS_SS0939  1 0.0220 0.0046 0.0042 0.0083 0.0126 0.9321 0.0052 0.0110 
   NS_SS0990  1 0.0465 0.2171 0.0032 0.0125 0.6396 0.0533 0.0045 0.0233 
   NS_SS0984  1 0.0109 0.0078 0.0024 0.0050 0.2093 0.4582 0.0422 0.2641 
   NS_SS0980  1 0.4677 0.0105 0.0020 0.0093 0.0139 0.0045 0.4756 0.0166 
   NS_SS0978  1 0.0316 0.0047 0.0028 0.0140 0.0097 0.0378 0.1427 0.7566 
   NS_SS0951  1 0.3812 0.2320 0.0031 0.0959 0.0154 0.0884 0.1600 0.0241 
   NS_SS0913  1 0.2358 0.0513 0.0552 0.0722 0.0226 0.5036 0.0286 0.0307 
   NS_SS1002  1 0.0068 0.0101 0.0320 0.0044 0.9241 0.0056 0.0099 0.0072 
   NS_SS0948  1 0.3369 0.0610 0.0520 0.0590 0.3148 0.0784 0.0801 0.0179 
   NS_SS0916  1 0.6756 0.0173 0.0057 0.0491 0.0293 0.0178 0.0158 0.1895 
   NS_SS0995  1 0.8370 0.0493 0.0030 0.0061 0.0088 0.0114 0.0063 0.0780 
   NS_SS0927  1 0.0055 0.0434 0.0055 0.0096 0.0083 0.0120 0.0128 0.9030 
   NS_SS0992  1 0.1009 0.1113 0.0032 0.0401 0.0675 0.0193 0.0679 0.5898 
   NS_SS0912  1 0.1518 0.1687 0.0027 0.3210 0.0461 0.0676 0.1454 0.0966 
   NS_SS0981  1 0.0349 0.0117 0.0038 0.0234 0.7197 0.0219 0.1502 0.0344 
   NS_SS0729  2 0.0072 0.6572 0.0040 0.0275 0.0130 0.0045 0.2768 0.0098 
   NS_SS0967  2 0.0217 0.0299 0.0112 0.0542 0.0506 0.2036 0.0430 0.5858 
   NS_SS0941  2 0.2642 0.1042 0.0950 0.0369 0.0750 0.1560 0.2100 0.0587 
   NS_SS0768  2 0.0140 0.2295 0.0043 0.0177 0.1834 0.4744 0.0602 0.0166 
   NS_SS0726  2 0.0297 0.0267 0.0078 0.0352 0.1369 0.0082 0.0828 0.6728 
   NS_SS0763  2 0.0154 0.1100 0.0027 0.0965 0.0743 0.1933 0.4415 0.0664 
   NS_SS0730  2 0.0546 0.0752 0.0030 0.0290 0.1031 0.3564 0.0433 0.3355 
   NS_SS0774  2 0.2845 0.0251 0.0009 0.0102 0.1293 0.4262 0.0131 0.1107 
   NS_SS0723  2 0.0755 0.0365 0.0017 0.0063 0.1840 0.1649 0.3379 0.1932 
   NS_SS0940  2 0.3577 0.0712 0.0064 0.0471 0.0666 0.1110 0.2032 0.1368 
   NS_SS0762  2 0.0751 0.0097 0.0025 0.0115 0.0104 0.4766 0.1833 0.2310 
   NS_SS0766  2 0.0254 0.0541 0.0156 0.0325 0.0203 0.5336 0.0258 0.2927 
   NS_SS0724  2 0.0210 0.0136 0.0037 0.0087 0.0273 0.0440 0.8685 0.0133 
   NS_SS0769  2 0.0257 0.1939 0.0047 0.0149 0.2004 0.3196 0.0965 0.1442 
   NS_SS0777  2 0.0299 0.0215 0.0126 0.1942 0.0273 0.0302 0.6294 0.0548 
   NS_SS0734  2 0.0733 0.0459 0.0357 0.3214 0.0253 0.2094 0.0653 0.2237 
   NS_SS0737  2 0.0209 0.0069 0.0053 0.0095 0.0845 0.4178 0.0169 0.4382 
   NS_SS0732  2 0.8860 0.0045 0.0061 0.0073 0.0073 0.0157 0.0412 0.0320 
   NS_SS0728  2 0.0426 0.0484 0.0104 0.0243 0.1594 0.0969 0.2274 0.3906 
   NS_SS0735  2 0.1599 0.0229 0.0093 0.0181 0.0280 0.0352 0.5326 0.1940 
   NS_SS0725  2 0.0651 0.0427 0.0100 0.0447 0.3944 0.4024 0.0230 0.0176 
   NS_SS0788  2 0.0182 0.0295 0.0013 0.0102 0.1191 0.0119 0.0822 0.7277 
   NS_SS0778  2 0.0356 0.0901 0.0017 0.0096 0.0335 0.0104 0.0221 0.7969 
   NS_SS0792  2 0.2233 0.2725 0.0062 0.0493 0.0119 0.0501 0.0122 0.3745 
   NS_SS0943  2 0.0265 0.0238 0.0077 0.2210 0.0078 0.0190 0.6855 0.0086 
   NS_SS0791  2 0.1098 0.0083 0.0151 0.0276 0.0203 0.0185 0.0092 0.7911 
   NS_SS0790  2 0.0155 0.0659 0.0043 0.0041 0.0079 0.8057 0.0910 0.0056 
   NS_SS0731  2 0.0217 0.0259 0.0130 0.0090 0.0241 0.7498 0.1482 0.0082 
   NS_SS0727  2 0.0238 0.0666 0.0020 0.3365 0.0116 0.1808 0.2867 0.0919 
   NS_SS0779  2 0.0659 0.0258 0.0051 0.0200 0.0465 0.0519 0.4995 0.2853 
   NS_SS0776  2 0.0423 0.0143 0.0079 0.0737 0.4481 0.0223 0.3479 0.0434 
   NS_SS0775  2 0.0153 0.0160 0.0062 0.0082 0.0089 0.9197 0.0060 0.0197 
   NS_SS0965  3 0.0317 0.0273 0.0016 0.0566 0.0784 0.0809 0.3227 0.4009 
   NS_SS0754  3 0.0720 0.1148 0.0136 0.1054 0.0135 0.1385 0.3303 0.2119 
   NS_SS0838  3 0.0131 0.0181 0.0344 0.0108 0.8730 0.0226 0.0128 0.0152 
   NS_SS0839  3 0.0655 0.0093 0.0045 0.0075 0.6707 0.2028 0.0067 0.0330 
   NS_SS0832  3 0.0298 0.0129 0.0570 0.0054 0.0187 0.1621 0.5841 0.1301 
   NS_SS0820  3 0.0039 0.0079 0.0053 0.0032 0.0432 0.6531 0.0156 0.2678 
   NS_SS0886  3 0.0460 0.0999 0.0023 0.0195 0.0455 0.0208 0.0238 0.7422 
   NS_SS0748  3 0.0266 0.0579 0.0094 0.3374 0.1077 0.1022 0.3241 0.0348 
   NS_SS0884  3 0.0992 0.3114 0.0257 0.0180 0.0994 0.2943 0.0295 0.1227 
   NS_SS0752  3 0.1472 0.0716 0.0019 0.0152 0.4871 0.0422 0.2078 0.0270 
   NS_SS0862  3 0.6546 0.0127 0.0047 0.0045 0.0127 0.0392 0.1256 0.1460 
   NS_SS0787  3 0.0050 0.8728 0.0065 0.0408 0.0274 0.0121 0.0124 0.0230 
   NS_SS0843  3 0.0242 0.0201 0.0017 0.0161 0.0182 0.0335 0.8705 0.0156 
   NS_SS0856  3 0.0198 0.3865 0.0034 0.0095 0.0228 0.0583 0.0105 0.4893 
   NS_SS0846  3 0.0235 0.7057 0.0038 0.0187 0.0794 0.0095 0.1098 0.0496 
   NS_SS0825  3 0.0221 0.4460 0.0110 0.0113 0.4477 0.0257 0.0153 0.0209 
   NS_SS0757  3 0.3506 0.0526 0.0047 0.0290 0.0410 0.0305 0.4267 0.0649 
   NS_SS0876  3 0.1352 0.0335 0.2216 0.0367 0.0357 0.0091 0.1222 0.4059 
   NS_SS0903  3 0.5234 0.0698 0.0025 0.0073 0.0342 0.0167 0.2604 0.0857 
   NS_SS0875  3 0.0924 0.1549 0.0033 0.0365 0.0328 0.4067 0.0103 0.2630 
   NS_SS0740  3 0.0482 0.0102 0.0026 0.0075 0.0115 0.0097 0.8846 0.0257 
   NS_SS0811  3 0.0473 0.0060 0.0082 0.0062 0.0084 0.9096 0.0057 0.0086 
   NS_SS0751  3 0.0463 0.0102 0.0025 0.0691 0.7583 0.0367 0.0262 0.0507 
   NS_SS0891  3 0.0575 0.0323 0.0082 0.0161 0.3759 0.4369 0.0215 0.0517 
   NS_SS0867  3 0.0421 0.0749 0.0226 0.0186 0.0127 0.0099 0.7983 0.0209 
   NS_SS0890  3 0.0337 0.0100 0.0029 0.0133 0.0081 0.0383 0.0187 0.8751 
   NS_SS0866  3 0.0065 0.9540 0.0045 0.0070 0.0058 0.0119 0.0041 0.0062 
   NS_SS0755  3 0.0336 0.0281 0.0090 0.0346 0.0254 0.6383 0.0689 0.1622 
   NS_SS0758  3 0.0332 0.2910 0.0023 0.0202 0.2381 0.0161 0.0250 0.3741 
   NS_SS0840  3 0.0247 0.0123 0.0023 0.0062 0.8565 0.0600 0.0240 0.0141 
   NS_SS0889  3 0.0525 0.4361 0.0023 0.3945 0.0440 0.0295 0.0242 0.0169 
   NS_SS1010  3 0.0811 0.0407 0.0463 0.0272 0.6482 0.0316 0.0227 0.1022 
   NS_SS0888  3 0.0061 0.1300 0.0015 0.2055 0.0060 0.0086 0.0423 0.6001 
   NS_SS0837  3 0.0189 0.0126 0.0028 0.0204 0.0064 0.2079 0.6708 0.0602 
   NS_SS0794  3 0.0183 0.0445 0.0022 0.8864 0.0053 0.0234 0.0101 0.0098 
   NS_SS0823  3 0.1533 0.0246 0.0052 0.0086 0.3250 0.0553 0.1570 0.2711 
   NS_SS0829  3 0.0494 0.8076 0.0919 0.0126 0.0062 0.0145 0.0126 0.0053 
   NS_SS0844  3 0.1367 0.0217 0.0026 0.0078 0.0254 0.1395 0.4902 0.1760 
   NS_SS1008  3 0.0415 0.0472 0.0142 0.3091 0.0142 0.4596 0.0883 0.0259 
   NS_SS0881  3 0.0329 0.0247 0.0022 0.0716 0.3922 0.0427 0.0374 0.3962 
   NS_SS0834  3 0.0067 0.0139 0.0049 0.0036 0.9353 0.0104 0.0129 0.0124 
   NS_SS0744  3 0.0849 0.0353 0.0070 0.0156 0.0358 0.0639 0.0234 0.7340 
   NS_SS0899  3 0.9565 0.0066 0.0015 0.0030 0.0094 0.0137 0.0059 0.0034 
   NS_SS0804  3 0.5634 0.0281 0.0058 0.0062 0.1361 0.1162 0.0800 0.0642 
   NS_SS0781  3 0.0858 0.0222 0.0034 0.0042 0.7526 0.0281 0.0757 0.0280 
   NS_SS0822  3 0.4055 0.1824 0.0022 0.2932 0.0218 0.0125 0.0452 0.0371 
   NS_SS1004  3 0.0566 0.0118 0.0048 0.0333 0.0264 0.0165 0.5011 0.3495 
   NS_SS0746  3 0.0140 0.0809 0.0133 0.0570 0.0309 0.1076 0.6549 0.0416 
   NS_SS0880  3 0.2057 0.0133 0.0020 0.0880 0.5734 0.0153 0.0194 0.0830 
   NS_SS0879  3 0.0440 0.5181 0.0163 0.0228 0.0211 0.2958 0.0233 0.0586 
   NS_SS0753  3 0.0309 0.1851 0.0081 0.0341 0.0080 0.0116 0.6998 0.0225 
   NS_SS1007  3 0.0279 0.0215 0.0018 0.0080 0.0152 0.0325 0.0074 0.8857 
   NS_SS0872  3 0.0215 0.0339 0.0027 0.0363 0.2583 0.2096 0.2308 0.2070 
   NS_SS1005  3 0.0613 0.1015 0.0014 0.0112 0.4971 0.0387 0.2296 0.0591 
   NS_SS0892  3 0.0112 0.0171 0.0022 0.0239 0.0684 0.0775 0.1396 0.6602 
   NS_SS0898  3 0.0357 0.0114 0.0059 0.9004 0.0117 0.0147 0.0068 0.0134 
   NS_SS0801  3 0.0224 0.0365 0.0124 0.0071 0.1073 0.0668 0.4791 0.2686 
   NS_SS0827  3 0.1607 0.2606 0.1236 0.0856 0.0115 0.1918 0.0940 0.0722 
   NS_SS0853  3 0.0074 0.0099 0.0044 0.0094 0.0056 0.9455 0.0096 0.0082 
   NS_SS0780  3 0.0160 0.0136 0.0042 0.0053 0.8019 0.0218 0.1049 0.0324 
   NS_SS0826  3 0.0101 0.0252 0.0028 0.0402 0.8720 0.0055 0.0254 0.0191 
   NS_SS0818  3 0.1645 0.0310 0.0016 0.0257 0.0279 0.0239 0.0430 0.6824 
   NS_SS0745  3 0.0139 0.0045 0.0013 0.0072 0.0397 0.9221 0.0071 0.0041 
   NS_SS0849  3 0.7481 0.0152 0.0019 0.0391 0.0333 0.0256 0.1070 0.0298 
   NS_SS0739  3 0.2148 0.0086 0.0154 0.0192 0.0605 0.0984 0.0062 0.5769 
   NS_SS0799  3 0.6615 0.0955 0.0014 0.1057 0.0084 0.0249 0.0323 0.0704 
   NS_SS0756  3 0.5098 0.0698 0.0050 0.0175 0.1153 0.0282 0.2138 0.0406 
   NS_SS0802  3 0.0037 0.0327 0.1841 0.0089 0.0236 0.0100 0.0354 0.7016 
   NS_SS0747  3 0.0550 0.0143 0.0046 0.0086 0.1438 0.0526 0.3550 0.3661 
   NS_SS0835  3 0.0066 0.9075 0.0012 0.0159 0.0116 0.0101 0.0251 0.0220 
   NS_SS0742  3 0.6956 0.0185 0.0015 0.0157 0.1106 0.0105 0.0486 0.0990 
   NS_SS0760  3 0.0145 0.0759 0.0536 0.7572 0.0091 0.0227 0.0204 0.0465 
   NS_SS0803  3 0.5248 0.0272 0.0104 0.0076 0.0077 0.0119 0.3574 0.0530 
   NS_SS0828  3 0.1570 0.0126 0.0015 0.0365 0.0126 0.1667 0.2062 0.4069 
   NS_SS0865  3 0.0333 0.0376 0.0258 0.0143 0.1527 0.3959 0.0242 0.3162 
   NS_SS0759  3 0.0537 0.0082 0.0034 0.0073 0.0480 0.0401 0.1312 0.7081 
   NS_SS0851  3 0.0137 0.0177 0.0153 0.0092 0.0121 0.9126 0.0096 0.0098 
   NS_SS0874  3 0.6012 0.0254 0.0014 0.0057 0.0440 0.0194 0.2978 0.0050 
   NS_SS0761  3 0.0511 0.2642 0.0036 0.5320 0.0350 0.0395 0.0261 0.0485 
   NS_SS0842  3 0.0957 0.1137 0.0083 0.1129 0.0099 0.6117 0.0214 0.0263 
   NS_SS0785  3 0.0542 0.0504 0.0070 0.0343 0.0194 0.0250 0.7689 0.0408 
   NS_SS0860  3 0.0267 0.8841 0.0026 0.0060 0.0090 0.0062 0.0113 0.0541 
   NS_SS0897  3 0.0098 0.1101 0.0021 0.8219 0.0084 0.0186 0.0108 0.0183 
   NS_SS0841  3 0.0989 0.0172 0.0037 0.0321 0.1718 0.6358 0.0189 0.0216 
   NS_SS0797  3 0.0131 0.0166 0.0311 0.4131 0.1695 0.1424 0.0411 0.1729 
   NS_SS0830  3 0.2345 0.0547 0.0024 0.1518 0.2460 0.0724 0.0611 0.1771 
   NS_SS1011  3 0.0086 0.0213 0.0060 0.0038 0.9042 0.0091 0.0170 0.0298 
   NS_SS0883  3 0.4374 0.0746 0.0073 0.0215 0.0075 0.3374 0.0137 0.1007 
   NS_SS0782  3 0.0341 0.8169 0.0026 0.0222 0.0113 0.0424 0.0138 0.0569 
   NS_SS0831  3 0.0736 0.8623 0.0030 0.0204 0.0082 0.0117 0.0092 0.0117 
   NS_SS0749  3 0.1429 0.0144 0.0044 0.0186 0.0116 0.0132 0.0225 0.7724 
   NS_SS0854  3 0.4499 0.0379 0.0033 0.1616 0.0399 0.0231 0.0442 0.2401 
   HI_SS0193  4 0.0133 0.0047 0.0014 0.9453 0.0129 0.0107 0.0069 0.0048 
   HI_SS0194  4 0.0088 0.0085 0.0021 0.0100 0.9138 0.0159 0.0341 0.0068 
   HI_SS0195  4 0.0612 0.0076 0.1076 0.0102 0.7082 0.0345 0.0204 0.0503 
   HI_SS0196  4 0.0581 0.2781 0.0033 0.1414 0.0927 0.2215 0.0485 0.1564 
   HI_SS0197  4 0.0123 0.0079 0.0075 0.0032 0.9418 0.0034 0.0046 0.0193 
   HI_SS0198  4 0.7399 0.0280 0.0102 0.0232 0.0236 0.0677 0.0119 0.0954 
   HI_SS0199  4 0.0284 0.5299 0.0024 0.0098 0.0078 0.0085 0.0467 0.3665 
   HI_SS0201  4 0.0115 0.0297 0.0026 0.7976 0.0205 0.0150 0.1010 0.0220 
   HI_SS0215  4 0.0084 0.9244 0.0030 0.0125 0.0134 0.0076 0.0186 0.0121 
   HI_SS0218  4 0.0123 0.0096 0.0069 0.9051 0.0114 0.0315 0.0058 0.0174 
   HI_SS0222  4 0.0078 0.3571 0.0046 0.0168 0.0348 0.5483 0.0097 0.0207 
   HI_SS0230  4 0.0218 0.0259 0.0053 0.0092 0.3038 0.1237 0.4903 0.0199 
   HI_SS0234  4 0.0498 0.1548 0.1519 0.0136 0.0413 0.0144 0.0379 0.5364 
   HI_SS0240  4 0.0079 0.0141 0.0073 0.0084 0.0069 0.0235 0.0164 0.9154 
   HI_SS0241  4 0.0086 0.0996 0.0028 0.0653 0.1140 0.0271 0.0567 0.6259 
   HI_SS0242  4 0.0244 0.0229 0.0027 0.0684 0.0131 0.1647 0.0903 0.6134 
   HI_SS0247  4 0.4525 0.0082 0.0213 0.0125 0.1489 0.0094 0.3420 0.0053 
   HI_SS0248  4 0.0108 0.0314 0.0010 0.8624 0.0123 0.0137 0.0532 0.0152 
   HI_SS0252  4 0.4299 0.0121 0.0020 0.0236 0.1994 0.0150 0.2943 0.0236 
   HI_SS0254  4 0.0326 0.0181 0.0914 0.3277 0.1078 0.0080 0.1060 0.3085 
   HI_SS0256  4 0.0315 0.0075 0.0017 0.0042 0.0574 0.4587 0.3611 0.0781 
   HI_SS0257  4 0.0219 0.2952 0.0026 0.0214 0.0073 0.0086 0.5985 0.0445 
   HI_SS0258  4 0.0094 0.2274 0.0061 0.6226 0.0084 0.0261 0.0582 0.0420 
   HI_SS0259  4 0.0211 0.0163 0.0023 0.0059 0.5273 0.0245 0.0652 0.3374 
   HI_SS0260  4 0.0136 0.4849 0.0015 0.0996 0.0348 0.1629 0.1926 0.0102 
   HI_SS0261  4 0.0074 0.0693 0.0031 0.0303 0.0868 0.0267 0.4143 0.3621 
   HI_SS0262  4 0.0231 0.0955 0.0056 0.0093 0.0248 0.1986 0.0821 0.5610 
   HI_SS0264  4 0.0105 0.0112 0.0041 0.0082 0.6023 0.3295 0.0235 0.0108 
   HI_SS0265  4 0.0176 0.0380 0.0974 0.0101 0.0563 0.2666 0.0790 0.4350 
   HI_SS0268  4 0.0167 0.0105 0.0031 0.0908 0.7855 0.0480 0.0064 0.0391 
   HI_SS0269  4 0.0417 0.2829 0.0020 0.5334 0.0246 0.0086 0.0269 0.0801 
   HI_SS0273  4 0.0157 0.0213 0.0018 0.7782 0.0586 0.0248 0.0291 0.0706 
   HI_SS0277  4 0.0290 0.1033 0.0031 0.0110 0.6846 0.0110 0.0107 0.1473 
   HI_SS0280  4 0.2121 0.0627 0.0065 0.0609 0.5488 0.0578 0.0218 0.0293 
   HI_SS0282  4 0.1458 0.0284 0.0014 0.0805 0.0350 0.0074 0.6917 0.0099 
   HI_SS0286  4 0.0111 0.6071 0.0086 0.0339 0.0149 0.0691 0.0812 0.1741 
   NS_SS1252  5 0.0095 0.9551 0.0030 0.0114 0.0044 0.0062 0.0053 0.0050 
   NS_SS1261  5 0.5178 0.1911 0.0210 0.0164 0.1759 0.0254 0.0250 0.0273 
   NS_SS1225  5 0.1056 0.0532 0.0830 0.0132 0.2931 0.0080 0.4376 0.0063 
   NS_SS1266  5 0.1567 0.0089 0.0091 0.0070 0.2187 0.3722 0.1447 0.0827 
   NS_SS1228  5 0.8666 0.0059 0.0139 0.0123 0.0198 0.0415 0.0153 0.0247 
   NS_SS1255  5 0.2722 0.4312 0.0015 0.1421 0.0174 0.1121 0.0088 0.0147 
   NS_SS1267  5 0.0067 0.7392 0.0147 0.1187 0.0055 0.0713 0.0130 0.0310 
   NS_SS1238  5 0.0161 0.0134 0.0026 0.3031 0.6279 0.0083 0.0167 0.0119 
   NS_SS1233  5 0.5391 0.0121 0.0025 0.1318 0.1939 0.0958 0.0189 0.0060 
   NS_SS1277  5 0.0068 0.0086 0.0010 0.9416 0.0074 0.0119 0.0069 0.0159 
   NS_SS1245  5 0.0337 0.0335 0.0024 0.1666 0.1889 0.0477 0.5015 0.0257 
   NS_SS1240  5 0.0090 0.5136 0.0020 0.4110 0.0260 0.0104 0.0127 0.0154 
   NS_SS1275  5 0.0072 0.0095 0.0031 0.0048 0.5645 0.0638 0.0451 0.3020 
   NS_SS1235  5 0.0277 0.0095 0.0063 0.0536 0.0965 0.0191 0.6073 0.1800 
   NS_SS1263  5 0.3415 0.0364 0.0013 0.0089 0.0603 0.0324 0.5135 0.0056 
   NS_SS1251  5 0.1712 0.3378 0.0016 0.0100 0.0927 0.0191 0.3523 0.0153 
   NS_SS1248  5 0.2204 0.0416 0.1287 0.3971 0.0341 0.1390 0.0180 0.0210 
   NS_SS1244  5 0.0311 0.0087 0.0051 0.1531 0.7046 0.0060 0.0123 0.0790 
   NS_SS1257  5 0.1638 0.1045 0.0269 0.2240 0.0311 0.0386 0.0303 0.3809 
   NS_SS1242  5 0.0068 0.0222 0.0030 0.0080 0.0212 0.9004 0.0193 0.0191 
   NS_SS1271  5 0.0174 0.0259 0.0404 0.8720 0.0065 0.0150 0.0111 0.0117 
   NS_SS1265  5 0.0129 0.8411 0.0170 0.0164 0.0152 0.0310 0.0555 0.0109 
   NS_SS1243  5 0.4507 0.0116 0.0938 0.0710 0.0571 0.1180 0.1665 0.0313 
   NS_SS1273  5 0.0057 0.0071 0.0101 0.0129 0.0287 0.9119 0.0071 0.0165 
   NS_SS1254  5 0.2414 0.0180 0.0070 0.0081 0.0249 0.6702 0.0225 0.0079 
   NS_SS1224  5 0.1813 0.0229 0.0065 0.0047 0.0153 0.0576 0.6777 0.0341 
   NS_SS1227  5 0.0166 0.0427 0.0022 0.0385 0.0141 0.2056 0.5856 0.0948 
   NS_SS1274  5 0.7004 0.0112 0.0199 0.0317 0.0583 0.0585 0.0905 0.0294 
   NS_SS1241  5 0.0349 0.0054 0.0011 0.9018 0.0157 0.0079 0.0232 0.0100 
   NS_SS1256  5 0.0090 0.0307 0.0500 0.0846 0.6419 0.0585 0.0995 0.0257 
   NS_SS1260  5 0.0072 0.5124 0.0751 0.0105 0.0072 0.0410 0.0404 0.3062 
   NS_SS1262  5 0.0199 0.1635 0.1790 0.1871 0.1810 0.0347 0.0925 0.1424 
   NS_SS1230  5 0.0101 0.0283 0.0097 0.6520 0.0372 0.1484 0.0966 0.0176 
   NS_SS1270  5 0.2294 0.0066 0.0019 0.0131 0.0800 0.0150 0.6450 0.0090 
   NS_SS1229  5 0.0247 0.1381 0.0045 0.0077 0.4126 0.0074 0.3561 0.0488 
   NS_SS1246  5 0.0450 0.2912 0.0039 0.0181 0.5723 0.0081 0.0281 0.0332 
   NS_SS1269  5 0.0095 0.0225 0.0020 0.0507 0.0305 0.0300 0.0103 0.8445 
   NS_SS1239  5 0.6166 0.0492 0.0045 0.0215 0.0087 0.0124 0.0423 0.2447 
   NS_SS1272  5 0.0135 0.1563 0.0077 0.0090 0.7648 0.0121 0.0118 0.0247 
   NS_SS1268  5 0.4267 0.0048 0.0028 0.0170 0.0106 0.0448 0.4786 0.0148 
   NS_SS1249  5 0.0093 0.2475 0.0133 0.6515 0.0108 0.0267 0.0138 0.0272 
   HI_SS0559  6 0.0138 0.0084 0.0017 0.0111 0.0089 0.0208 0.9187 0.0165 
   HI_SS0563  6 0.3852 0.4877 0.0036 0.0368 0.0128 0.0181 0.0129 0.0430 
   HI_SS0564  6 0.5213 0.0204 0.0591 0.0115 0.0685 0.0657 0.0633 0.1902 
   HI_SS0565  6 0.0106 0.8369 0.0034 0.0084 0.0390 0.0383 0.0276 0.0359 
   HI_SS0569  6 0.1803 0.1442 0.0020 0.1229 0.0088 0.0054 0.5223 0.0140 
   HI_SS0570  6 0.0102 0.0138 0.0467 0.8750 0.0130 0.0187 0.0083 0.0143 
   HI_SS0572  6 0.0108 0.0212 0.0025 0.0062 0.0274 0.0309 0.8356 0.0654 
   HI_SS0576  6 0.0951 0.0180 0.0068 0.0454 0.0270 0.6531 0.0588 0.0958 
   HI_SS0579  6 0.0117 0.0107 0.0127 0.0179 0.0054 0.0057 0.9279 0.0080 
   HI_SS0580  6 0.0164 0.3981 0.0039 0.0487 0.0085 0.4229 0.0436 0.0580 
   HI_SS0581  6 0.0185 0.0064 0.0602 0.0052 0.7988 0.0134 0.0120 0.0855 
   HI_SS0583  6 0.0124 0.8371 0.0024 0.0128 0.0160 0.1007 0.0131 0.0055 
   HI_SS0586  6 0.0196 0.3342 0.0011 0.5716 0.0055 0.0378 0.0181 0.0122 
   HI_SS0588  6 0.0270 0.1101 0.0206 0.4569 0.0093 0.0493 0.1829 0.1438 
   HI_SS0595  6 0.0251 0.1197 0.0318 0.4023 0.1112 0.0301 0.0371 0.2427 
   HI_SS0596  6 0.1145 0.0112 0.0024 0.0475 0.0103 0.1497 0.6278 0.0367 
   HI_SS0597  6 0.1296 0.0210 0.0017 0.0133 0.7702 0.0405 0.0162 0.0075 
   HI_SS0600  6 0.0487 0.0118 0.0031 0.0748 0.0119 0.0063 0.0084 0.8350 
   HI_SS0601  6 0.0645 0.0135 0.0084 0.0062 0.0115 0.0100 0.8756 0.0102 
   HI_SS0602  6 0.0074 0.0174 0.0026 0.0057 0.0151 0.0313 0.8717 0.0489 
   HI_SS0604  6 0.2636 0.2360 0.0020 0.0238 0.1012 0.0449 0.3145 0.0140 
   HI_SS0605  6 0.0063 0.0071 0.0053 0.0088 0.0042 0.0142 0.0209 0.9333 
   HI_SS0608  6 0.7866 0.0102 0.0012 0.1320 0.0083 0.0448 0.0099 0.0069 
   HI_SS0609  6 0.4329 0.0311 0.0009 0.0285 0.2940 0.0216 0.1053 0.0857 
   HI_SS0611  6 0.1850 0.6632 0.0033 0.0632 0.0085 0.0327 0.0360 0.0080 
   HI_SS0612  6 0.0670 0.0408 0.0075 0.0546 0.0260 0.0094 0.5049 0.2899 
   HI_SS0613  6 0.0174 0.1231 0.0018 0.0134 0.0173 0.7141 0.0311 0.0818 
   HI_SS0615  6 0.0859 0.0066 0.0106 0.0101 0.0182 0.1140 0.0343 0.7202 
   HI_SS0001  6 0.0099 0.0371 0.0035 0.1381 0.6119 0.0509 0.0138 0.1349 
   HI_SS0002  6 0.1298 0.2663 0.0329 0.0106 0.1459 0.0753 0.2325 0.1067 
   HI_SS0004  6 0.0656 0.2432 0.0080 0.1630 0.0489 0.2917 0.0751 0.1045 
   HI_SS0005  6 0.0243 0.0223 0.0055 0.0861 0.0947 0.4658 0.0168 0.2845 
   HI_SS0006  6 0.0397 0.8325 0.0017 0.0189 0.0381 0.0093 0.0283 0.0314 
   HI_SS0007  6 0.0132 0.0227 0.0030 0.9247 0.0070 0.0139 0.0076 0.0079 
   HI_SS0008  6 0.0106 0.0066 0.0344 0.0192 0.0092 0.0162 0.8204 0.0834 
   HI_SS0009  6 0.1016 0.0159 0.0055 0.0334 0.0052 0.6313 0.1053 0.1018 
   HI_SS0010  6 0.2101 0.0489 0.0052 0.5638 0.0214 0.0477 0.0714 0.0316 
   HI_SS0011  6 0.0106 0.0124 0.0797 0.0168 0.6552 0.0354 0.1745 0.0155 
   HI_SS0012  6 0.3565 0.0219 0.0065 0.0071 0.0190 0.0461 0.0822 0.4606 
   HI_SS0017  6 0.0101 0.0066 0.0022 0.0748 0.3345 0.5445 0.0175 0.0098 
   HI_SS0021  6 0.0056 0.4462 0.2396 0.1052 0.0315 0.0634 0.1027 0.0058 
   HI_SS0024  6 0.0466 0.0224 0.0020 0.0831 0.2240 0.5553 0.0098 0.0567 
   HI_SS0025  6 0.0142 0.0640 0.0033 0.0075 0.0067 0.8436 0.0204 0.0403 
   HI_SS0027  6 0.1705 0.0253 0.0104 0.1939 0.0077 0.0045 0.5767 0.0111 
   HI_SS0028  6 0.0071 0.0076 0.0019 0.0043 0.0276 0.9328 0.0113 0.0073 
   HI_SS0029  6 0.0112 0.0328 0.0061 0.0096 0.0150 0.8939 0.0179 0.0134 
   HI_SS0030  6 0.0248 0.0757 0.0061 0.0693 0.1450 0.0376 0.4376 0.2038 
   HI_SS0031  6 0.0331 0.0137 0.0030 0.0350 0.0152 0.2412 0.1017 0.5571 
   HI_SS0034  6 0.0090 0.1467 0.0069 0.2731 0.0505 0.0133 0.4495 0.0510 
   HI_SS0036  6 0.0059 0.0663 0.0102 0.1416 0.2055 0.0418 0.0102 0.5185 
   HI_SS0037  6 0.0692 0.4434 0.0056 0.1914 0.0128 0.2383 0.0207 0.0184 
   HI_SS0039  6 0.0075 0.2024 0.0031 0.1960 0.0227 0.4521 0.0948 0.0213 
   HI_SS0041  6 0.0564 0.0102 0.0016 0.0034 0.0463 0.8239 0.0133 0.0449 
   HI_SS0042  6 0.0266 0.0447 0.1134 0.0083 0.1643 0.2457 0.0084 0.3886 
   HI_SS0043  6 0.1479 0.2631 0.0045 0.3214 0.0833 0.0096 0.0283 0.1418 
   HI_SS0044  6 0.0052 0.0106 0.0034 0.2929 0.0293 0.6172 0.0108 0.0306 
   HI_SS0047  6 0.0698 0.0310 0.0025 0.0225 0.4446 0.0989 0.2835 0.0472 
   HI_SS0049  6 0.1095 0.0098 0.0037 0.0354 0.0243 0.1525 0.6430 0.0217 
   HI_SS0051  6 0.1240 0.2756 0.0025 0.0340 0.0208 0.2178 0.0815 0.2439 
   HI_SS0053  6 0.0111 0.0123 0.0043 0.0606 0.1665 0.0068 0.7168 0.0215 
   HI_SS0054  6 0.0375 0.0302 0.0043 0.6745 0.0378 0.0132 0.1932 0.0094 
   HI_SS0057  6 0.6329 0.0467 0.0035 0.0162 0.2377 0.0165 0.0324 0.0142 
   HI_SS0058  6 0.0195 0.8141 0.0066 0.0123 0.0234 0.0242 0.0348 0.0651 
   HI_SS0060  6 0.0211 0.0068 0.0699 0.1063 0.0159 0.0138 0.0505 0.7155 
   HI_SS0087  6 0.0209 0.6774 0.0030 0.0153 0.1081 0.0079 0.1472 0.0202 
   HI_SS0091  6 0.0321 0.8170 0.0011 0.0167 0.0916 0.0038 0.0133 0.0244 
   HI_SS0095  6 0.0122 0.0704 0.0485 0.0044 0.0392 0.0181 0.5639 0.2433 
   HI_SS0097  6 0.6890 0.0295 0.0038 0.0092 0.0228 0.0111 0.2280 0.0065 
   HI_SS0099  6 0.0101 0.1310 0.0051 0.0111 0.0218 0.5388 0.0256 0.2565 
   HI_SS0103  6 0.0161 0.3941 0.0036 0.0114 0.1667 0.1304 0.0600 0.2176 
   HI_SS0105  6 0.0170 0.0276 0.0259 0.0103 0.8773 0.0058 0.0216 0.0143 
   HI_SS0107  6 0.0229 0.0729 0.0012 0.0113 0.2419 0.1792 0.4470 0.0238 
   HI_SS0108  6 0.0185 0.1122 0.0301 0.7916 0.0137 0.0070 0.0134 0.0135 
   HI_SS0110  6 0.0073 0.0341 0.0012 0.0130 0.4113 0.0224 0.0175 0.4932 
   HI_SS0111  6 0.0359 0.0179 0.0257 0.0137 0.0450 0.0144 0.0155 0.8318 
   HI_SS0112  6 0.0140 0.0073 0.0016 0.9496 0.0064 0.0060 0.0074 0.0077 
   HI_SS0113  6 0.0226 0.0088 0.0039 0.0067 0.9085 0.0278 0.0148 0.0069 
   HI_SS0114  6 0.0213 0.3629 0.0063 0.0720 0.0117 0.0583 0.1566 0.3110 
   HI_SS0115  6 0.0245 0.0145 0.0113 0.0374 0.0033 0.5608 0.2654 0.0827 
   HI_SS0116  6 0.0086 0.9282 0.0024 0.0249 0.0047 0.0171 0.0088 0.0053 
   HI_SS0117  6 0.0071 0.0243 0.0020 0.0896 0.8143 0.0068 0.0156 0.0404 
   HI_SS0118  6 0.0074 0.9100 0.0104 0.0091 0.0192 0.0241 0.0091 0.0105 
   HI_SS0119  6 0.6567 0.0862 0.0022 0.0293 0.0667 0.0049 0.0104 0.1435 
   HI_SS0120  6 0.0056 0.0111 0.0032 0.0053 0.9263 0.0329 0.0074 0.0081 
   HI_SS0121  6 0.0827 0.0470 0.0014 0.0051 0.7484 0.0698 0.0205 0.0251 
   HI_SS0122  6 0.1615 0.1040 0.0248 0.0557 0.1573 0.1865 0.0110 0.2993 
   HI_SS0123  6 0.0585 0.0730 0.0056 0.0052 0.7558 0.0201 0.0372 0.0447 
   HI_SS0124  6 0.3951 0.0105 0.0034 0.0289 0.0596 0.3470 0.0437 0.1119 
   HI_SS0125  6 0.0114 0.0032 0.0215 0.0042 0.0098 0.0102 0.0079 0.9317 
   HI_SS0126  6 0.0091 0.0455 0.0010 0.8374 0.0173 0.0731 0.0082 0.0085 
   HI_SS0127  6 0.0303 0.0121 0.0066 0.0120 0.0075 0.0743 0.7301 0.1272 
   HI_SS0128  6 0.0291 0.0087 0.0031 0.0903 0.0614 0.1408 0.2816 0.3850 
   HI_SS0129  6 0.0075 0.0410 0.0108 0.0702 0.1714 0.0542 0.0172 0.6276 
   HI_SS0131  6 0.0112 0.0052 0.0467 0.8502 0.0097 0.0589 0.0076 0.0104 
   HI_SS0132  6 0.1702 0.0369 0.0009 0.3839 0.1387 0.1271 0.0176 0.1247 
   HI_SS0133  6 0.0053 0.0091 0.0014 0.9699 0.0055 0.0025 0.0034 0.0028 
   HI_SS0134  6 0.0217 0.1499 0.0024 0.4108 0.1669 0.1201 0.0547 0.0734 
   HI_SS0142  6 0.1180 0.0956 0.0155 0.0032 0.1121 0.0333 0.5565 0.0659 
   HI_SS0145  6 0.0190 0.0178 0.0014 0.0177 0.0079 0.0110 0.9121 0.0130 
   HI_SS0146  6 0.0285 0.0126 0.0011 0.9119 0.0044 0.0083 0.0123 0.0209 
   HI_SS0147  6 0.3248 0.1624 0.0249 0.0061 0.0317 0.2970 0.1185 0.0346 
   HI_SS0149  6 0.0104 0.0066 0.0042 0.0146 0.9439 0.0060 0.0053 0.0091 
   HI_SS0150  6 0.0303 0.0095 0.0054 0.0179 0.0977 0.3996 0.0309 0.4088 
   HI_SS0151  6 0.1569 0.0466 0.0122 0.0528 0.0098 0.0142 0.2490 0.4585 
   NS_SS1451  6 0.3284 0.0039 0.0032 0.0237 0.0801 0.0628 0.0172 0.4807 
   NS_SS1404  6 0.0158 0.0266 0.0115 0.0174 0.0095 0.8833 0.0146 0.0213 
   NS_SS1432  6 0.0361 0.0064 0.0379 0.0054 0.4509 0.2806 0.0063 0.1764 
   NS_SS1405  6 0.0164 0.4145 0.0036 0.0852 0.0254 0.3527 0.0183 0.0840 
   NS_SS1431  6 0.0313 0.0108 0.0009 0.0055 0.8790 0.0528 0.0100 0.0098 
   NS_SS1402  6 0.2653 0.2199 0.0027 0.0127 0.0885 0.0584 0.1770 0.1755 
   NS_SS1450  6 0.0125 0.2563 0.0045 0.0350 0.2350 0.2122 0.1305 0.1140 
   NS_SS1396  6 0.0697 0.0384 0.0066 0.0212 0.6025 0.1168 0.0699 0.0750 
   NS_SS1393  6 0.1533 0.7519 0.0032 0.0078 0.0140 0.0389 0.0183 0.0126 
   NS_SS1392  6 0.0160 0.0352 0.0167 0.0134 0.0472 0.2827 0.0171 0.5716 
   NS_SS1445  6 0.0072 0.1947 0.0071 0.0084 0.0098 0.0180 0.7270 0.0278 
   NS_SS1423  6 0.0229 0.0320 0.0015 0.5126 0.2626 0.0123 0.1271 0.0291 
   NS_SS1421  6 0.0651 0.0369 0.0804 0.0230 0.7503 0.0121 0.0081 0.0241 
   NS_SS1411  6 0.0371 0.1215 0.0017 0.6729 0.0121 0.1153 0.0197 0.0197 
   NS_SS1453  6 0.0203 0.1725 0.0061 0.0310 0.6786 0.0179 0.0155 0.0582 
   NS_SS1442  6 0.0316 0.0547 0.0042 0.0830 0.0131 0.0366 0.6798 0.0970 
   NS_SS1422  6 0.3290 0.0415 0.0130 0.0181 0.0086 0.0108 0.5646 0.0144 
   NS_SS1419  6 0.8120 0.0151 0.1278 0.0048 0.0132 0.0124 0.0066 0.0082 
   NS_SS1427  6 0.0089 0.0323 0.0023 0.8836 0.0058 0.0063 0.0079 0.0529 
   NS_SS1444  6 0.2406 0.0116 0.0031 0.0079 0.0102 0.2935 0.3935 0.0396 
   NS_SS1455  6 0.1225 0.0918 0.0015 0.0122 0.6813 0.0327 0.0530 0.0050 
   NS_SS1425  6 0.0855 0.0331 0.0013 0.8446 0.0114 0.0051 0.0116 0.0074 
   NS_SS1400  6 0.0281 0.2219 0.0015 0.6292 0.0191 0.0620 0.0306 0.0076 
   NS_SS1406  6 0.0945 0.0083 0.0083 0.0052 0.6392 0.0200 0.2090 0.0155 
   NS_SS1417  6 0.0475 0.5463 0.0090 0.0368 0.1749 0.1327 0.0180 0.0348 
   NS_SS1454  6 0.0129 0.0288 0.0017 0.0455 0.8634 0.0279 0.0091 0.0106 
   NS_SS1412  6 0.0228 0.2827 0.0297 0.1209 0.2016 0.1047 0.1610 0.0766 
   NS_SS1438  6 0.0983 0.6511 0.0015 0.0824 0.0190 0.0146 0.1172 0.0160 
   NS_SS1416  6 0.4722 0.3677 0.0071 0.0044 0.0286 0.0815 0.0148 0.0236 
   NS_SS1401  6 0.0382 0.0062 0.0135 0.0502 0.7785 0.0233 0.0531 0.0370 
   NS_SS1424  6 0.0443 0.4105 0.0130 0.3737 0.0255 0.0226 0.0692 0.0412 
   NS_SS1435  6 0.0117 0.0084 0.0033 0.8559 0.0303 0.0273 0.0435 0.0197 
   NS_SS1447  6 0.0170 0.0277 0.0090 0.0176 0.1644 0.2743 0.4486 0.0415 
   NS_SS1414  6 0.0095 0.0202 0.0063 0.0104 0.0688 0.7071 0.1695 0.0083 
   NS_SS1449  6 0.9418 0.0041 0.0038 0.0096 0.0158 0.0032 0.0154 0.0064 
   NS_SS1443  6 0.0547 0.0102 0.0018 0.3075 0.0120 0.0051 0.5696 0.0393 
   NS_SS1434  6 0.0315 0.0303 0.0008 0.7075 0.0296 0.0334 0.0201 0.1469 
   NS_SS1398  6 0.0145 0.0532 0.0159 0.0775 0.1493 0.3504 0.0656 0.2735 
   NS_SS1426  6 0.0152 0.4114 0.0024 0.1126 0.0308 0.0225 0.3365 0.0686 
   NS_SS1413  6 0.0046 0.0051 0.0092 0.9598 0.0046 0.0062 0.0062 0.0044 
   NS_SS1395  6 0.0642 0.0694 0.0099 0.0245 0.1179 0.0109 0.6485 0.0547 
   NS_SS1448  6 0.0136 0.0058 0.0017 0.8074 0.0215 0.0225 0.0130 0.1145 
   NS_SS1446  6 0.0135 0.6616 0.0033 0.0116 0.0131 0.0232 0.0268 0.2469 
   NS_SS1403  6 0.1373 0.6941 0.0061 0.0054 0.0329 0.0924 0.0148 0.0172 
   NS_SS1415  6 0.0111 0.0084 0.0125 0.9267 0.0079 0.0111 0.0123 0.0100 
   NS_SS1437  6 0.0122 0.0231 0.0083 0.0317 0.1519 0.4813 0.2436 0.0479 
   NS_SS1439  6 0.0066 0.1120 0.0031 0.0067 0.0703 0.0255 0.6903 0.0855 
   NS_SS1441  6 0.0994 0.0648 0.0024 0.3100 0.0877 0.0412 0.1647 0.2298 
   NS_SS1420  6 0.2743 0.0161 0.0030 0.0083 0.0067 0.6629 0.0187 0.0100 
   NS_SS1394  6 0.0336 0.0101 0.0355 0.0047 0.0166 0.4868 0.0918 0.3208 
   NS_SS1391  6 0.0059 0.3367 0.0116 0.0424 0.1112 0.1191 0.3369 0.0362 
   NS_SS1410  6 0.1512 0.6503 0.0164 0.0480 0.0770 0.0321 0.0092 0.0158 
   NS_SS1408  6 0.0155 0.0082 0.0613 0.0102 0.4150 0.0153 0.0170 0.4574 
   NS_SS1409  6 0.0099 0.6492 0.0027 0.0086 0.0270 0.0119 0.0230 0.2678 
   HI_SS0617  7 0.0225 0.7364 0.0013 0.0065 0.0106 0.0755 0.0114 0.1357 
   HI_SS0618  7 0.7177 0.0374 0.0024 0.0083 0.0140 0.0811 0.0259 0.1130 
   HI_SS0619  7 0.0253 0.0219 0.0025 0.0631 0.0897 0.7401 0.0359 0.0216 
   HI_SS0620  7 0.0170 0.0118 0.0024 0.9049 0.0059 0.0042 0.0253 0.0284 
   HI_SS0621  7 0.0529 0.0233 0.0143 0.0093 0.0338 0.2848 0.1212 0.4604 
   HI_SS0622  7 0.0181 0.0201 0.0093 0.0357 0.0117 0.0350 0.8571 0.0131 
   HI_SS0626  7 0.0088 0.0111 0.0083 0.0150 0.0107 0.8189 0.0126 0.1146 
   HI_SS0627  7 0.4659 0.0380 0.0097 0.0110 0.4386 0.0114 0.0123 0.0131 
   HI_SS0628  7 0.0065 0.3202 0.0639 0.1196 0.3222 0.0337 0.0137 0.1202 
   HI_SS0629  7 0.1470 0.0778 0.0052 0.0278 0.0099 0.0131 0.0366 0.6827 
   HI_SS0630  7 0.0407 0.0599 0.0772 0.6904 0.0136 0.0610 0.0136 0.0437 
   HI_SS0631  7 0.0500 0.0275 0.0010 0.8148 0.0177 0.0293 0.0221 0.0377 
   HI_SS0632  7 0.6373 0.0057 0.0032 0.2692 0.0189 0.0354 0.0172 0.0131 
   HI_SS0633  7 0.0069 0.0387 0.0031 0.0044 0.0065 0.8928 0.0295 0.0180 
   HI_SS0634  7 0.0226 0.0149 0.0022 0.0183 0.0963 0.0388 0.0053 0.8016 
   HI_SS0635  7 0.0223 0.0473 0.0086 0.0239 0.0166 0.6820 0.0430 0.1564 
   HI_SS0637  7 0.0136 0.0325 0.0031 0.0043 0.0134 0.0180 0.2954 0.6198 
   HI_SS0638  7 0.0824 0.0234 0.0011 0.5232 0.0663 0.0376 0.1780 0.0879 
   HI_SS0639  7 0.0373 0.0077 0.0543 0.0084 0.0247 0.0878 0.1183 0.6615 
   HI_SS0640  7 0.0305 0.0089 0.0021 0.0223 0.0105 0.0439 0.8633 0.0184 
   HI_SS0641  7 0.0179 0.0651 0.0067 0.1553 0.0035 0.5908 0.0157 0.1449 
   HI_SS0642  7 0.0205 0.0069 0.0022 0.0092 0.8835 0.0079 0.0376 0.0321 
   HI_SS0645  7 0.7187 0.0079 0.0008 0.0100 0.0057 0.2424 0.0102 0.0042 
   HI_SS0646  7 0.0059 0.0249 0.0026 0.0100 0.0302 0.0098 0.8688 0.0477 
   HI_SS0647  7 0.0276 0.0379 0.0011 0.1505 0.6716 0.0626 0.0120 0.0367 
   HI_SS0648  7 0.0322 0.0113 0.0022 0.0356 0.0347 0.6444 0.1186 0.1209 
   HI_SS0649  7 0.2806 0.3036 0.0020 0.0091 0.0270 0.2173 0.0792 0.0813 
   HI_SS0650  7 0.0455 0.0153 0.0046 0.0076 0.0305 0.0174 0.0158 0.8634 
   HI_SS0651  7 0.0338 0.0314 0.0047 0.0154 0.0132 0.0431 0.7940 0.0643 
   HI_SS0652  7 0.0151 0.0160 0.0033 0.0111 0.0191 0.8978 0.0118 0.0259 
   NS_SS1371  7 0.0104 0.0328 0.0047 0.0078 0.0067 0.0072 0.0099 0.9205 
   NS_SS1374  7 0.0102 0.1499 0.0022 0.1550 0.0235 0.4079 0.0095 0.2418 
   NS_SS1337  7 0.0184 0.0344 0.0044 0.0175 0.7552 0.0143 0.0093 0.1465 
   NS_SS1385  7 0.0173 0.7568 0.0053 0.0106 0.0361 0.0512 0.0995 0.0233 
   NS_SS1388  7 0.0139 0.0530 0.0059 0.0243 0.0141 0.8384 0.0180 0.0324 
   NS_SS1370  7 0.9252 0.0078 0.0092 0.0130 0.0111 0.0087 0.0172 0.0077 
   NS_SS1389  7 0.0065 0.0070 0.0028 0.0078 0.0117 0.9517 0.0080 0.0045 
   NS_SS1360  7 0.1986 0.0197 0.0040 0.3840 0.0074 0.0218 0.2691 0.0954 
   NS_SS1330  7 0.0105 0.0777 0.0049 0.0118 0.0871 0.4323 0.1845 0.1912 
   NS_SS1328  7 0.0056 0.0105 0.0023 0.9123 0.0214 0.0113 0.0146 0.0220 
   NS_SS1384  7 0.0069 0.0127 0.0033 0.0093 0.0078 0.0069 0.9137 0.0395 
   NS_SS1381  7 0.3976 0.1879 0.0008 0.0052 0.0475 0.0236 0.0195 0.3180 
   NS_SS1375  7 0.0109 0.0064 0.0011 0.0240 0.0148 0.7568 0.0120 0.1739 
   NS_SS1319  7 0.0090 0.0217 0.0943 0.0492 0.0555 0.0380 0.0205 0.7119 
   NS_SS1326  7 0.0103 0.0118 0.0136 0.8683 0.0539 0.0075 0.0054 0.0292 
   NS_SS1341  7 0.3362 0.2152 0.0046 0.0132 0.3768 0.0107 0.0154 0.0278 
   NS_SS1383  7 0.0284 0.0223 0.0048 0.0206 0.2940 0.0113 0.0322 0.5865 
   NS_SS1318  7 0.1124 0.0724 0.0173 0.1158 0.0087 0.4721 0.1215 0.0798 
   NS_SS1348  7 0.0214 0.0829 0.0018 0.8469 0.0061 0.0107 0.0199 0.0104 
   NS_SS1363  7 0.5943 0.0173 0.0069 0.0826 0.0108 0.0704 0.0331 0.1848 
   NS_SS1335  7 0.1623 0.0378 0.0396 0.5559 0.0261 0.0170 0.0969 0.0644 
   NS_SS1358  7 0.7231 0.0640 0.0133 0.0236 0.1279 0.0036 0.0286 0.0158 
   NS_SS1342  7 0.0114 0.8701 0.0015 0.0083 0.0826 0.0079 0.0097 0.0084 
   NS_SS1320  7 0.0197 0.0063 0.0053 0.0062 0.3812 0.4763 0.0340 0.0711 
   NS_SS1355  7 0.0414 0.0161 0.0100 0.0032 0.0230 0.1449 0.7227 0.0386 
   NS_SS1345  7 0.0836 0.0255 0.0166 0.0211 0.0093 0.0125 0.8215 0.0099 
   NS_SS1324  7 0.2203 0.0248 0.0031 0.4592 0.0135 0.0257 0.1041 0.1493 
   NS_SS1347  7 0.0294 0.0146 0.0033 0.0119 0.0241 0.0098 0.8640 0.0428 
   NS_SS1321  7 0.0691 0.0492 0.0015 0.0712 0.4795 0.0086 0.0071 0.3136 
   NS_SS1333  7 0.0047 0.0522 0.0028 0.2559 0.0628 0.0996 0.0074 0.5146 
   NS_SS1364  7 0.0251 0.1164 0.0025 0.1647 0.0327 0.0068 0.6414 0.0104 
   NS_SS1379  7 0.4851 0.0328 0.0452 0.0060 0.3847 0.0108 0.0265 0.0090 
   NS_SS1332  7 0.0038 0.0199 0.0081 0.9104 0.0123 0.0230 0.0109 0.0116 
   NS_SS1338  7 0.5535 0.3597 0.0082 0.0087 0.0071 0.0213 0.0201 0.0214 
   NS_SS1368  7 0.0075 0.0454 0.0064 0.7444 0.0859 0.0574 0.0430 0.0100 
   NS_SS1354  7 0.2334 0.2134 0.0174 0.0264 0.0774 0.1604 0.1899 0.0816 
   NS_SS1365  7 0.0161 0.0130 0.0086 0.2195 0.0206 0.5699 0.0391 0.1131 
   NS_SS1380  7 0.0073 0.0155 0.0244 0.0043 0.2740 0.4283 0.1848 0.0613 
   NS_SS1329  7 0.0101 0.4714 0.0034 0.0265 0.4495 0.0110 0.0140 0.0141 
   NS_SS1362  7 0.0130 0.2865 0.0054 0.0222 0.0388 0.0301 0.4974 0.1066 
   NS_SS1327  7 0.0061 0.2891 0.0032 0.6756 0.0042 0.0039 0.0076 0.0105 
   NS_SS1350  7 0.0027 0.0048 0.0064 0.0079 0.0041 0.0100 0.0061 0.9582 
   NS_SS1387  7 0.5330 0.0369 0.0027 0.0082 0.0393 0.1863 0.1790 0.0147 
   NS_SS1369  7 0.3256 0.0227 0.0041 0.4741 0.0265 0.0165 0.0529 0.0777 
   NS_SS1331  7 0.0919 0.0846 0.0109 0.0346 0.7124 0.0515 0.0094 0.0048 
   NS_SS1357  7 0.0973 0.0673 0.0036 0.0625 0.4778 0.0150 0.2354 0.0412 
   NS_SS1386  7 0.0099 0.0253 0.0033 0.8804 0.0566 0.0040 0.0083 0.0124 
   NS_SS1353  7 0.0126 0.0117 0.0036 0.0360 0.8806 0.0177 0.0256 0.0123 
   NS_SS1323  7 0.0083 0.0062 0.0630 0.0056 0.1192 0.0800 0.6988 0.0189 
   HI_SS0296  8 0.9123 0.0097 0.0016 0.0376 0.0049 0.0074 0.0157 0.0107 
   HI_SS0297  8 0.1053 0.0157 0.0010 0.0604 0.4977 0.0177 0.0084 0.2939 
   HI_SS0299  8 0.0622 0.6825 0.0351 0.0242 0.1094 0.0117 0.0303 0.0445 
   HI_SS0300  8 0.9420 0.0082 0.0012 0.0195 0.0072 0.0052 0.0101 0.0065 
   HI_SS0301  8 0.0486 0.0384 0.0045 0.0624 0.1097 0.0579 0.4694 0.2091 
   HI_SS0302  8 0.0445 0.0049 0.0232 0.8545 0.0047 0.0147 0.0411 0.0124 
   HI_SS0303  8 0.0313 0.0319 0.0074 0.8745 0.0226 0.0089 0.0151 0.0083 
   HI_SS0304  8 0.0504 0.0365 0.0027 0.0492 0.4547 0.3617 0.0060 0.0386 
   HI_SS0306  8 0.0053 0.0086 0.0038 0.9586 0.0071 0.0057 0.0068 0.0043 
   HI_SS0307  8 0.0147 0.3920 0.0082 0.0046 0.0119 0.4515 0.0649 0.0521 
   HI_SS0308  8 0.6815 0.0125 0.0891 0.0172 0.0136 0.0358 0.0290 0.1214 
   HI_SS0309  8 0.3760 0.0364 0.0039 0.0097 0.0294 0.0916 0.3596 0.0934 
   HI_SS0310  8 0.0076 0.1594 0.0055 0.1132 0.0085 0.0427 0.6568 0.0062 
   HI_SS0311  8 0.3698 0.0075 0.0021 0.2628 0.1877 0.0299 0.1201 0.0200 
   HI_SS0314  8 0.0154 0.0068 0.0015 0.0460 0.0096 0.8291 0.0800 0.0116 
   HI_SS0316  8 0.0534 0.0566 0.0036 0.0354 0.0296 0.1122 0.6912 0.0180 
   HI_SS0317  8 0.0375 0.0808 0.0025 0.0256 0.0372 0.0097 0.0287 0.7779 
   HI_SS0318  8 0.0535 0.0360 0.1923 0.1126 0.3686 0.0111 0.0244 0.2015 
   HI_SS0319  8 0.0054 0.9272 0.0035 0.0236 0.0082 0.0051 0.0138 0.0132 
   HI_SS0320  8 0.0175 0.0663 0.0011 0.0045 0.4155 0.2454 0.0078 0.2420 
   HI_SS0321  8 0.0109 0.0312 0.0013 0.0212 0.0098 0.0062 0.0275 0.8919 
   HI_SS0323  8 0.0124 0.1044 0.0018 0.0168 0.0112 0.0405 0.0212 0.7918 
   HI_SS0325  8 0.0106 0.0169 0.0018 0.8410 0.0238 0.0726 0.0142 0.0191 
   HI_SS0327  8 0.0204 0.0520 0.0014 0.2281 0.0147 0.0041 0.2666 0.4127 
   HI_SS0329  8 0.0941 0.0425 0.0014 0.0402 0.0440 0.6753 0.0066 0.0959 
   HI_SS0333  8 0.2233 0.4506 0.0032 0.0167 0.0597 0.0391 0.0276 0.1798 
   HI_SS0334  8 0.7226 0.0094 0.0012 0.0096 0.0155 0.0103 0.2061 0.0254 
   HI_SS0335  8 0.0085 0.0096 0.0162 0.0049 0.0151 0.0059 0.9263 0.0136 
   HI_SS0339  8 0.1499 0.0349 0.0106 0.0064 0.0281 0.0281 0.7326 0.0095 
   HI_SS0343  8 0.0223 0.0092 0.0022 0.0166 0.3002 0.0293 0.6086 0.0117 
   HI_SS0344  8 0.0100 0.0080 0.0026 0.9471 0.0092 0.0045 0.0069 0.0117 
   HI_SS0345  8 0.0554 0.0143 0.0071 0.1279 0.5465 0.2029 0.0313 0.0145 
   HI_SS0346  8 0.0081 0.0214 0.0031 0.0227 0.9100 0.0071 0.0044 0.0232 
   HI_SS0350  8 0.5074 0.0115 0.0115 0.0028 0.0106 0.1837 0.2684 0.0042 
   HI_SS0351  8 0.0322 0.0172 0.0031 0.0168 0.0713 0.0069 0.8324 0.0201 
   HI_SS0352  8 0.1144 0.3160 0.1191 0.0289 0.2675 0.0354 0.0483 0.0705 
   HI_SS0362  8 0.0275 0.0148 0.0029 0.7460 0.0176 0.0124 0.0605 0.1183 
   HI_SS0363  8 0.0932 0.2781 0.0035 0.3178 0.0145 0.0115 0.1329 0.1485 
   HI_SS0365  8 0.2471 0.5689 0.0047 0.0183 0.0092 0.0175 0.1102 0.0241 
   HI_SS0366  8 0.0094 0.9431 0.0015 0.0176 0.0051 0.0069 0.0101 0.0063 
   HI_SS0367  8 0.0635 0.1285 0.0026 0.0048 0.0504 0.5830 0.1469 0.0204 
   HI_SS0369  8 0.6808 0.0557 0.0022 0.0057 0.0658 0.1246 0.0244 0.0408 
