   NS_SS0963  1 0.0096 0.0097 0.0275 0.0588 0.8464 0.0423 0.0057 
   NS_SS0983  1 0.0055 0.0037 0.0053 0.9693 0.0034 0.0102 0.0026 
   NS_SS0719  1 0.0258 0.3741 0.0500 0.0551 0.0326 0.4569 0.0055 
   NS_SS1001  1 0.1648 0.4787 0.0152 0.0458 0.2332 0.0556 0.0067 
   NS_SS0936  1 0.0150 0.0214 0.8926 0.0122 0.0364 0.0205 0.0020 
   NS_SS0955  1 0.1829 0.0217 0.0317 0.2940 0.1104 0.3559 0.0035 
   NS_SS0944  1 0.8136 0.0116 0.0309 0.0237 0.1033 0.0148 0.0021 
   NS_SS0945  1 0.6559 0.0873 0.0552 0.0562 0.1216 0.0153 0.0085 
   NS_SS0922  1 0.0088 0.7072 0.0185 0.0185 0.1715 0.0523 0.0232 
   NS_SS0929  1 0.0481 0.0380 0.4517 0.3757 0.0398 0.0436 0.0032 
   NS_SS0956  1 0.0218 0.8129 0.0205 0.0314 0.0503 0.0589 0.0043 
   NS_SS0906  1 0.0258 0.0384 0.7425 0.0389 0.0095 0.1414 0.0035 
   NS_SS0721  1 0.0062 0.0150 0.0061 0.5900 0.0095 0.3688 0.0045 
   NS_SS0982  1 0.0074 0.0486 0.8156 0.0147 0.0083 0.0920 0.0134 
   NS_SS0923  1 0.0076 0.5790 0.0527 0.2218 0.0592 0.0750 0.0048 
   NS_SS0905  1 0.0620 0.2309 0.2465 0.1568 0.0070 0.2947 0.0020 
   NS_SS0925  1 0.0068 0.0118 0.4983 0.0259 0.0377 0.4157 0.0039 
   NS_SS0947  1 0.0342 0.1712 0.2146 0.0612 0.3951 0.1175 0.0062 
   NS_SS0926  1 0.4846 0.0782 0.0166 0.3073 0.0973 0.0143 0.0016 
   NS_SS0918  1 0.1012 0.0484 0.2241 0.4231 0.1791 0.0214 0.0026 
   NS_SS0966  1 0.0453 0.0272 0.7118 0.0299 0.1158 0.0178 0.0523 
   NS_SS0938  1 0.0101 0.1519 0.0203 0.0132 0.7934 0.0098 0.0014 
   NS_SS0917  1 0.0149 0.2119 0.0206 0.2494 0.0160 0.4428 0.0443 
   NS_SS0957  1 0.0147 0.3369 0.5542 0.0091 0.0641 0.0149 0.0061 
   NS_SS0987  1 0.0113 0.5599 0.0078 0.0870 0.0095 0.0890 0.2355 
   NS_SS0717  1 0.0117 0.8275 0.0670 0.0647 0.0079 0.0184 0.0027 
   NS_SS0986  1 0.0249 0.0277 0.0147 0.8286 0.0889 0.0116 0.0037 
   NS_SS0953  1 0.0304 0.0229 0.7629 0.1031 0.0123 0.0562 0.0122 
   NS_SS0907  1 0.0122 0.0170 0.7528 0.0245 0.0081 0.1571 0.0283 
   NS_SS0974  1 0.3598 0.0484 0.0752 0.1059 0.3131 0.0939 0.0037 
   NS_SS0989  1 0.0389 0.0154 0.0319 0.2612 0.5764 0.0750 0.0013 
   NS_SS0991  1 0.3374 0.0104 0.0309 0.4445 0.0104 0.1647 0.0016 
   NS_SS0994  1 0.3900 0.0359 0.0107 0.5084 0.0232 0.0294 0.0024 
   NS_SS0931  1 0.6016 0.0108 0.0111 0.0854 0.2571 0.0234 0.0106 
   NS_SS1000  1 0.0284 0.1571 0.2872 0.0312 0.1302 0.3620 0.0039 
   NS_SS0919  1 0.0151 0.0106 0.0167 0.6171 0.0229 0.3141 0.0034 
   NS_SS0949  1 0.7457 0.0074 0.0085 0.0424 0.0232 0.1712 0.0016 
   NS_SS0960  1 0.4392 0.1045 0.1093 0.1305 0.0125 0.1968 0.0072 
   NS_SS0716  1 0.0046 0.9721 0.0050 0.0043 0.0031 0.0055 0.0056 
   NS_SS0924  1 0.1201 0.0330 0.0733 0.5042 0.0424 0.2039 0.0232 
   NS_SS0935  1 0.0547 0.0413 0.0168 0.0323 0.0081 0.8414 0.0054 
   NS_SS0952  1 0.7738 0.0231 0.0348 0.0473 0.0176 0.0588 0.0446 
   NS_SS0962  1 0.0121 0.2560 0.0925 0.0285 0.5690 0.0324 0.0095 
   NS_SS0973  1 0.0064 0.0053 0.0261 0.0070 0.0066 0.9454 0.0031 
   NS_SS0722  1 0.0065 0.7054 0.1649 0.0270 0.0217 0.0719 0.0026 
   NS_SS0979  1 0.0127 0.6215 0.0386 0.0759 0.1902 0.0589 0.0021 
   NS_SS0993  1 0.0181 0.1503 0.5192 0.0384 0.0776 0.1785 0.0178 
   NS_SS0958  1 0.8332 0.0536 0.0635 0.0173 0.0157 0.0146 0.0021 
   NS_SS0988  1 0.0097 0.0461 0.7679 0.0808 0.0670 0.0239 0.0047 
   NS_SS1003  1 0.0107 0.0084 0.0258 0.0128 0.9073 0.0231 0.0119 
   NS_SS0976  1 0.0851 0.0100 0.0125 0.0204 0.8565 0.0141 0.0015 
   NS_SS0964  1 0.0088 0.9287 0.0135 0.0080 0.0148 0.0237 0.0024 
   NS_SS0939  1 0.0060 0.9607 0.0044 0.0034 0.0108 0.0107 0.0040 
   NS_SS0990  1 0.0118 0.2634 0.0272 0.0447 0.6354 0.0138 0.0036 
   NS_SS0984  1 0.0036 0.9397 0.0072 0.0205 0.0199 0.0076 0.0015 
   NS_SS0980  1 0.0176 0.0298 0.3257 0.0432 0.0129 0.5687 0.0020 
   NS_SS0978  1 0.0105 0.0174 0.1989 0.0075 0.0197 0.7435 0.0024 
   NS_SS0951  1 0.2070 0.0707 0.2321 0.2470 0.0376 0.2027 0.0029 
   NS_SS0913  1 0.0183 0.7975 0.0166 0.0238 0.0811 0.0281 0.0346 
   NS_SS1002  1 0.0071 0.0109 0.8161 0.0117 0.1085 0.0088 0.0369 
   NS_SS0948  1 0.0596 0.0640 0.5216 0.2800 0.0200 0.0082 0.0466 
   NS_SS0916  1 0.0278 0.0217 0.2033 0.1175 0.1580 0.4674 0.0044 
   NS_SS0995  1 0.0136 0.4126 0.1022 0.1787 0.0196 0.2697 0.0035 
   NS_SS0927  1 0.0242 0.0756 0.1233 0.1513 0.0277 0.5923 0.0056 
   NS_SS0992  1 0.0146 0.0123 0.1053 0.0688 0.0356 0.7609 0.0025 
   NS_SS0912  1 0.1413 0.0174 0.0237 0.7394 0.0377 0.0387 0.0018 
   NS_SS0981  1 0.0179 0.0355 0.0228 0.3584 0.1666 0.3956 0.0032 
   NS_SS0729  2 0.1041 0.0043 0.0241 0.5927 0.0746 0.1968 0.0034 
   NS_SS0967  2 0.0511 0.0408 0.2016 0.3180 0.1967 0.1779 0.0138 
   NS_SS0941  2 0.0189 0.1935 0.0905 0.1902 0.1557 0.2620 0.0893 
   NS_SS0768  2 0.0137 0.0152 0.9322 0.0103 0.0166 0.0070 0.0049 
   NS_SS0726  2 0.0247 0.0069 0.0136 0.0345 0.7726 0.1405 0.0071 
   NS_SS0763  2 0.0315 0.0226 0.0143 0.4112 0.0922 0.4255 0.0027 
   NS_SS0730  2 0.0099 0.9029 0.0275 0.0135 0.0322 0.0105 0.0034 
   NS_SS0774  2 0.0074 0.2729 0.5453 0.0113 0.1444 0.0178 0.0009 
   NS_SS0723  2 0.0055 0.2499 0.0684 0.1760 0.0658 0.4328 0.0016 
   NS_SS0940  2 0.0489 0.0789 0.0142 0.1105 0.0621 0.6794 0.0059 
   NS_SS0762  2 0.0076 0.9392 0.0188 0.0085 0.0107 0.0126 0.0026 
   NS_SS0766  2 0.0365 0.7569 0.0148 0.0795 0.0303 0.0696 0.0123 
   NS_SS0724  2 0.0223 0.3370 0.1252 0.2343 0.1869 0.0892 0.0051 
   NS_SS0769  2 0.0088 0.0499 0.4022 0.2619 0.0214 0.2516 0.0042 
   NS_SS0777  2 0.0437 0.0141 0.0097 0.2107 0.0102 0.7004 0.0112 
   NS_SS0734  2 0.2398 0.2375 0.0183 0.0365 0.0344 0.4067 0.0267 
   NS_SS0737  2 0.0065 0.1976 0.1255 0.0056 0.6451 0.0152 0.0046 
   NS_SS0732  2 0.0079 0.0284 0.0535 0.0276 0.0122 0.8654 0.0050 
   NS_SS0728  2 0.0162 0.0864 0.1014 0.1530 0.3204 0.3105 0.0122 
   NS_SS0735  2 0.0134 0.0191 0.2231 0.0778 0.0461 0.6137 0.0068 
   NS_SS0725  2 0.0142 0.0979 0.0072 0.0129 0.8557 0.0057 0.0064 
   NS_SS0788  2 0.0105 0.0800 0.3928 0.0418 0.1504 0.3228 0.0017 
   NS_SS0778  2 0.0147 0.0338 0.0186 0.2814 0.0258 0.6244 0.0014 
   NS_SS0792  2 0.0475 0.0853 0.7372 0.0651 0.0443 0.0152 0.0055 
   NS_SS0943  2 0.4880 0.0096 0.0625 0.1052 0.0615 0.2657 0.0074 
   NS_SS0791  2 0.0455 0.1178 0.0279 0.0320 0.2549 0.5073 0.0146 
   NS_SS0790  2 0.0038 0.2700 0.7013 0.0092 0.0056 0.0063 0.0039 
   NS_SS0731  2 0.0080 0.8694 0.0110 0.0477 0.0359 0.0143 0.0138 
   NS_SS0727  2 0.2565 0.1933 0.0146 0.3527 0.0381 0.1434 0.0014 
   NS_SS0779  2 0.0081 0.0246 0.0180 0.1986 0.0184 0.7270 0.0053 
   NS_SS0776  2 0.0918 0.0381 0.0473 0.0120 0.4944 0.3083 0.0081 
   NS_SS0775  2 0.0054 0.9453 0.0200 0.0086 0.0083 0.0064 0.0061 
   NS_SS0965  3 0.0237 0.0374 0.0788 0.6114 0.0320 0.2150 0.0017 
   NS_SS0754  3 0.0607 0.0246 0.0401 0.1534 0.0396 0.6704 0.0113 
   NS_SS0838  3 0.0905 0.0190 0.0217 0.0333 0.7724 0.0263 0.0368 
   NS_SS0839  3 0.0084 0.1064 0.2690 0.0052 0.5817 0.0245 0.0048 
   NS_SS0832  3 0.0045 0.1179 0.6985 0.0524 0.0422 0.0387 0.0458 
   NS_SS0820  3 0.0050 0.1600 0.0271 0.0187 0.7709 0.0121 0.0063 
   NS_SS0886  3 0.0273 0.0473 0.0414 0.5174 0.0543 0.3104 0.0019 
   NS_SS0748  3 0.3271 0.0430 0.3348 0.2254 0.0370 0.0233 0.0093 
   NS_SS0884  3 0.0285 0.0315 0.6229 0.0230 0.1102 0.1622 0.0217 
   NS_SS0752  3 0.0193 0.1439 0.1933 0.0458 0.0394 0.5563 0.0019 
   NS_SS0862  3 0.0058 0.0165 0.0454 0.0760 0.0817 0.7704 0.0043 
   NS_SS0787  3 0.7716 0.0193 0.0305 0.0684 0.0156 0.0857 0.0090 
   NS_SS0843  3 0.0111 0.0212 0.0245 0.1292 0.0138 0.7983 0.0018 
   NS_SS0856  3 0.0464 0.2932 0.2545 0.2116 0.0421 0.1487 0.0034 
   NS_SS0846  3 0.0209 0.0086 0.5147 0.3497 0.0446 0.0586 0.0029 
   NS_SS0825  3 0.0225 0.0569 0.3221 0.0859 0.4772 0.0241 0.0114 
   NS_SS0757  3 0.0113 0.0160 0.0223 0.0470 0.0572 0.8429 0.0034 
   NS_SS0876  3 0.0349 0.0277 0.1399 0.0719 0.0135 0.4929 0.2192 
   NS_SS0903  3 0.0087 0.0063 0.7582 0.0094 0.0068 0.2082 0.0023 
   NS_SS0875  3 0.0163 0.7284 0.0282 0.2020 0.0104 0.0105 0.0043 
   NS_SS0740  3 0.0069 0.0078 0.0089 0.0143 0.0071 0.9526 0.0024 
   NS_SS0811  3 0.1119 0.6621 0.0427 0.0388 0.0620 0.0718 0.0108 
   NS_SS0751  3 0.3164 0.2859 0.0452 0.0289 0.2298 0.0914 0.0024 
   NS_SS0891  3 0.0243 0.7451 0.1359 0.0418 0.0315 0.0147 0.0066 
   NS_SS0867  3 0.0284 0.0178 0.3573 0.1546 0.0116 0.4045 0.0258 
   NS_SS0890  3 0.0232 0.0951 0.0244 0.0659 0.0189 0.7696 0.0029 
   NS_SS0866  3 0.2726 0.2390 0.0394 0.3616 0.0444 0.0375 0.0055 
   NS_SS0755  3 0.0362 0.6826 0.0742 0.0431 0.0796 0.0755 0.0088 
   NS_SS0758  3 0.0087 0.0090 0.0206 0.8988 0.0158 0.0449 0.0022 
   NS_SS0840  3 0.0107 0.0958 0.1454 0.0243 0.6868 0.0349 0.0021 
   NS_SS0889  3 0.5705 0.0338 0.0966 0.1518 0.0444 0.1011 0.0018 
   NS_SS1010  3 0.0402 0.0904 0.3936 0.1530 0.1838 0.0898 0.0493 
   NS_SS0888  3 0.1203 0.0181 0.0109 0.0355 0.0074 0.8064 0.0014 
   NS_SS0837  3 0.0392 0.6229 0.0464 0.0348 0.0236 0.2307 0.0024 
   NS_SS0794  3 0.9081 0.0181 0.0166 0.0370 0.0057 0.0123 0.0022 
   NS_SS0823  3 0.0102 0.0225 0.6154 0.0211 0.1952 0.1321 0.0036 
   NS_SS0829  3 0.4702 0.0091 0.0244 0.2534 0.0076 0.1222 0.1130 
   NS_SS0844  3 0.0044 0.0074 0.9593 0.0134 0.0085 0.0052 0.0017 
   NS_SS1008  3 0.1385 0.5086 0.0259 0.0376 0.0222 0.2562 0.0110 
   NS_SS0881  3 0.1531 0.2029 0.0461 0.1083 0.3809 0.1063 0.0023 
   NS_SS0834  3 0.0084 0.0071 0.1799 0.0087 0.7847 0.0062 0.0050 
   NS_SS0744  3 0.0144 0.0094 0.0498 0.0314 0.0725 0.8161 0.0065 
   NS_SS0899  3 0.0067 0.0535 0.8385 0.0180 0.0403 0.0416 0.0013 
   NS_SS0804  3 0.0061 0.0676 0.8065 0.0415 0.0518 0.0217 0.0047 
   NS_SS0781  3 0.0056 0.0278 0.6555 0.2033 0.0857 0.0187 0.0034 
   NS_SS0822  3 0.6975 0.0120 0.0889 0.0121 0.1199 0.0675 0.0020 
   NS_SS1004  3 0.0199 0.0118 0.3901 0.0152 0.0228 0.5376 0.0028 
   NS_SS0746  3 0.0488 0.0742 0.2208 0.4486 0.0156 0.1763 0.0156 
   NS_SS0880  3 0.0250 0.0218 0.0183 0.0213 0.8398 0.0723 0.0014 
   NS_SS0879  3 0.0240 0.1475 0.6681 0.0364 0.0922 0.0179 0.0139 
   NS_SS0753  3 0.0163 0.0262 0.0565 0.0279 0.0055 0.8600 0.0075 
   NS_SS1007  3 0.0217 0.0511 0.0909 0.0553 0.0751 0.7044 0.0016 
   NS_SS0872  3 0.0131 0.0448 0.8707 0.0149 0.0275 0.0271 0.0019 
   NS_SS1005  3 0.0131 0.0103 0.8522 0.0528 0.0321 0.0384 0.0011 
   NS_SS0892  3 0.0211 0.0888 0.0190 0.0123 0.0278 0.8289 0.0021 
   NS_SS0898  3 0.4618 0.4906 0.0142 0.0166 0.0084 0.0041 0.0044 
   NS_SS0801  3 0.0060 0.0159 0.0852 0.0485 0.7533 0.0818 0.0093 
   NS_SS0827  3 0.0382 0.6288 0.0366 0.1591 0.0063 0.0224 0.1086 
   NS_SS0853  3 0.0346 0.5570 0.0830 0.2831 0.0097 0.0254 0.0071 
   NS_SS0780  3 0.0058 0.0133 0.0173 0.2179 0.6000 0.1425 0.0033 
   NS_SS0826  3 0.0424 0.0055 0.5168 0.0176 0.4053 0.0091 0.0033 
   NS_SS0818  3 0.0182 0.0661 0.4175 0.0361 0.4324 0.0280 0.0018 
   NS_SS0745  3 0.0095 0.9624 0.0089 0.0036 0.0089 0.0056 0.0011 
   NS_SS0849  3 0.0296 0.3682 0.0632 0.1426 0.0181 0.3765 0.0017 
   NS_SS0739  3 0.0213 0.4854 0.0754 0.0214 0.0877 0.2945 0.0142 
   NS_SS0799  3 0.0381 0.0219 0.0291 0.0677 0.0152 0.8268 0.0012 
   NS_SS0756  3 0.0076 0.0136 0.9106 0.0402 0.0105 0.0143 0.0033 
   NS_SS0802  3 0.0151 0.0137 0.0223 0.0171 0.0447 0.6982 0.1888 
   NS_SS0747  3 0.0050 0.0072 0.0309 0.0106 0.0099 0.9315 0.0049 
   NS_SS0835  3 0.0212 0.0384 0.0179 0.8451 0.0120 0.0643 0.0012 
   NS_SS0742  3 0.0216 0.0450 0.2612 0.0400 0.3665 0.2646 0.0012 
   NS_SS0760  3 0.6075 0.0136 0.0167 0.2680 0.0134 0.0315 0.0494 
   NS_SS0803  3 0.0037 0.0038 0.9648 0.0111 0.0042 0.0064 0.0061 
   NS_SS0828  3 0.0479 0.3283 0.0586 0.0517 0.0289 0.4832 0.0015 
   NS_SS0865  3 0.0250 0.0207 0.0161 0.0142 0.1065 0.7946 0.0229 
   NS_SS0759  3 0.0162 0.1028 0.0376 0.0255 0.0892 0.7243 0.0043 
   NS_SS0851  3 0.0066 0.9248 0.0135 0.0084 0.0271 0.0063 0.0132 
   NS_SS0874  3 0.0110 0.0246 0.8355 0.0196 0.0280 0.0800 0.0014 
   NS_SS0761  3 0.1919 0.0217 0.0195 0.6867 0.0410 0.0362 0.0031 
   NS_SS0842  3 0.1888 0.6081 0.1188 0.0199 0.0166 0.0388 0.0091 
   NS_SS0785  3 0.0293 0.0168 0.1577 0.2084 0.0285 0.5528 0.0065 
   NS_SS0860  3 0.0127 0.0120 0.0874 0.5382 0.0090 0.3386 0.0020 
   NS_SS0897  3 0.9423 0.0098 0.0070 0.0133 0.0087 0.0171 0.0019 
   NS_SS0841  3 0.1510 0.3626 0.0993 0.0122 0.3350 0.0356 0.0043 
   NS_SS0797  3 0.2424 0.5687 0.0114 0.0232 0.1178 0.0132 0.0234 
   NS_SS0830  3 0.1557 0.4666 0.0565 0.0268 0.0669 0.2253 0.0022 
   NS_SS1011  3 0.0035 0.0037 0.0697 0.0082 0.8991 0.0098 0.0059 
   NS_SS0883  3 0.0477 0.1645 0.0262 0.1504 0.0041 0.6001 0.0070 
   NS_SS0782  3 0.0317 0.1555 0.0352 0.7538 0.0072 0.0143 0.0024 
   NS_SS0831  3 0.0296 0.0320 0.0131 0.7518 0.0074 0.1636 0.0025 
   NS_SS0749  3 0.0154 0.0129 0.0109 0.0074 0.0100 0.9399 0.0037 
   NS_SS0854  3 0.1651 0.0368 0.0239 0.1205 0.2001 0.4503 0.0033 
   HI_SS0193  4 0.9443 0.0120 0.0050 0.0066 0.0243 0.0063 0.0016 
   HI_SS0194  4 0.0163 0.0144 0.0402 0.0050 0.9120 0.0103 0.0016 
   HI_SS0195  4 0.0079 0.1288 0.0630 0.0218 0.6269 0.0339 0.1176 
   HI_SS0196  4 0.4323 0.0679 0.0681 0.1259 0.0821 0.2208 0.0028 
   HI_SS0197  4 0.0029 0.0080 0.0664 0.0345 0.8656 0.0129 0.0097 
   HI_SS0198  4 0.0267 0.1206 0.0334 0.0358 0.0318 0.7418 0.0099 
   HI_SS0199  4 0.0159 0.0339 0.1273 0.3501 0.0113 0.4588 0.0027 
   HI_SS0201  4 0.6131 0.0059 0.0167 0.2999 0.0091 0.0535 0.0018 
   HI_SS0215  4 0.0089 0.0049 0.0174 0.9478 0.0083 0.0097 0.0029 
   HI_SS0218  4 0.9212 0.0164 0.0071 0.0208 0.0083 0.0189 0.0073 
   HI_SS0222  4 0.0229 0.2463 0.0144 0.6319 0.0151 0.0636 0.0059 
   HI_SS0230  4 0.0137 0.2162 0.0727 0.4946 0.1535 0.0425 0.0068 
   HI_SS0234  4 0.0114 0.0358 0.3623 0.3669 0.0164 0.0518 0.1553 
   HI_SS0240  4 0.0203 0.1047 0.1472 0.0371 0.0192 0.6632 0.0081 
   HI_SS0241  4 0.0732 0.0178 0.0303 0.3808 0.4447 0.0511 0.0021 
   HI_SS0242  4 0.0382 0.7153 0.0162 0.1001 0.0274 0.1001 0.0027 
   HI_SS0247  4 0.0058 0.0053 0.9325 0.0074 0.0320 0.0053 0.0118 
   HI_SS0248  4 0.8355 0.0134 0.0098 0.0286 0.0069 0.1051 0.0007 
   HI_SS0252  4 0.0274 0.0109 0.1431 0.1129 0.6909 0.0123 0.0027 
   HI_SS0254  4 0.1160 0.0384 0.0406 0.0340 0.0328 0.6606 0.0775 
   HI_SS0256  4 0.0033 0.0208 0.9477 0.0046 0.0127 0.0095 0.0015 
   HI_SS0257  4 0.0498 0.0165 0.0863 0.3954 0.0490 0.3995 0.0035 
   HI_SS0258  4 0.8742 0.0208 0.0138 0.0527 0.0163 0.0173 0.0048 
   HI_SS0259  4 0.0044 0.0080 0.0176 0.0067 0.9323 0.0288 0.0023 
   HI_SS0260  4 0.3314 0.1095 0.0288 0.0742 0.0112 0.4435 0.0014 
   HI_SS0261  4 0.0465 0.0350 0.0283 0.1130 0.3910 0.3834 0.0028 
   HI_SS0262  4 0.0186 0.6554 0.0394 0.0353 0.1082 0.1370 0.0061 
   HI_SS0264  4 0.0272 0.3557 0.1831 0.1263 0.2302 0.0736 0.0039 
   HI_SS0265  4 0.0122 0.5401 0.1193 0.0459 0.1054 0.0631 0.1140 
   HI_SS0268  4 0.4972 0.1723 0.0414 0.1549 0.1051 0.0255 0.0036 
   HI_SS0269  4 0.5245 0.0128 0.0353 0.2348 0.0763 0.1146 0.0018 
   HI_SS0273  4 0.8895 0.0191 0.0253 0.0166 0.0257 0.0221 0.0018 
   HI_SS0277  4 0.0082 0.0251 0.0953 0.5109 0.3433 0.0144 0.0028 
   HI_SS0280  4 0.0515 0.2570 0.0083 0.0379 0.3507 0.2903 0.0044 
   HI_SS0282  4 0.1469 0.0074 0.0524 0.0371 0.0547 0.7002 0.0012 
   HI_SS0286  4 0.0261 0.0174 0.0930 0.6275 0.0950 0.1328 0.0082 
   NS_SS1252  5 0.0146 0.0102 0.0107 0.9430 0.0035 0.0150 0.0030 
   NS_SS1261  5 0.0304 0.0371 0.7443 0.0367 0.0688 0.0651 0.0175 
   NS_SS1225  5 0.0299 0.0082 0.4481 0.0714 0.1348 0.2119 0.0956 
   NS_SS1266  5 0.0045 0.0100 0.9415 0.0067 0.0195 0.0104 0.0075 
   NS_SS1228  5 0.0111 0.7407 0.1424 0.0092 0.0331 0.0478 0.0156 
   NS_SS1255  5 0.4817 0.3708 0.0208 0.1019 0.0095 0.0138 0.0015 
   NS_SS1267  5 0.1296 0.0130 0.0081 0.7270 0.0096 0.1013 0.0114 
   NS_SS1238  5 0.8306 0.0257 0.0124 0.0165 0.1048 0.0079 0.0022 
   NS_SS1233  5 0.3238 0.0194 0.0700 0.2963 0.2786 0.0094 0.0024 
   NS_SS1277  5 0.5226 0.4228 0.0064 0.0247 0.0087 0.0140 0.0008 
   NS_SS1245  5 0.1320 0.0250 0.0462 0.2933 0.1028 0.3993 0.0016 
   NS_SS1240  5 0.0264 0.0044 0.0061 0.9030 0.0087 0.0498 0.0017 
   NS_SS1275  5 0.0028 0.0115 0.0096 0.0057 0.9626 0.0050 0.0030 
   NS_SS1235  5 0.0701 0.0119 0.3313 0.0141 0.5403 0.0280 0.0045 
   NS_SS1263  5 0.0079 0.1532 0.7713 0.0393 0.0125 0.0150 0.0008 
   NS_SS1251  5 0.0085 0.0103 0.6368 0.3235 0.0091 0.0107 0.0012 
   NS_SS1248  5 0.3240 0.1227 0.1979 0.1184 0.0919 0.0329 0.1123 
   NS_SS1244  5 0.0497 0.0037 0.0198 0.0039 0.9069 0.0123 0.0038 
   NS_SS1257  5 0.1330 0.0379 0.0164 0.5639 0.0308 0.1893 0.0288 
   NS_SS1242  5 0.0117 0.6486 0.2327 0.0157 0.0370 0.0520 0.0024 
   NS_SS1271  5 0.5012 0.3710 0.0108 0.0513 0.0116 0.0211 0.0330 
   NS_SS1265  5 0.1429 0.0103 0.0203 0.7755 0.0204 0.0130 0.0177 
   NS_SS1243  5 0.2699 0.2812 0.0219 0.0451 0.0726 0.2093 0.1000 
   NS_SS1273  5 0.0090 0.9169 0.0399 0.0056 0.0105 0.0080 0.0101 
   NS_SS1254  5 0.0131 0.1383 0.5242 0.2186 0.0727 0.0254 0.0078 
   NS_SS1224  5 0.0083 0.0877 0.2770 0.3230 0.0482 0.2460 0.0099 
   NS_SS1227  5 0.0333 0.0842 0.0083 0.0144 0.0087 0.8493 0.0018 
   NS_SS1274  5 0.0672 0.0125 0.0236 0.0538 0.1150 0.7147 0.0133 
   NS_SS1241  5 0.9183 0.0071 0.0244 0.0077 0.0228 0.0186 0.0011 
   NS_SS1256  5 0.0364 0.0651 0.1351 0.0888 0.6165 0.0129 0.0451 
   NS_SS1260  5 0.0228 0.0135 0.0949 0.2829 0.0270 0.4875 0.0714 
   NS_SS1262  5 0.0779 0.0131 0.5635 0.0370 0.0183 0.1347 0.1556 
   NS_SS1230  5 0.7430 0.0400 0.0749 0.0116 0.0324 0.0888 0.0093 
   NS_SS1270  5 0.0326 0.0265 0.1608 0.4517 0.2562 0.0700 0.0023 
   NS_SS1229  5 0.0087 0.0064 0.8256 0.0125 0.0818 0.0609 0.0041 
   NS_SS1246  5 0.0312 0.0302 0.0192 0.0564 0.8450 0.0148 0.0032 
   NS_SS1269  5 0.0956 0.0824 0.2873 0.2390 0.0566 0.2372 0.0018 
   NS_SS1239  5 0.0098 0.0643 0.0475 0.0392 0.0124 0.8230 0.0037 
   NS_SS1272  5 0.0081 0.0131 0.1551 0.1655 0.6456 0.0071 0.0054 
   NS_SS1268  5 0.0236 0.3918 0.0938 0.0089 0.0161 0.4639 0.0019 
   NS_SS1249  5 0.7492 0.0204 0.0251 0.1614 0.0145 0.0154 0.0141 
   HI_SS0559  6 0.0296 0.0478 0.0515 0.0097 0.0132 0.8466 0.0015 
   HI_SS0563  6 0.0685 0.0141 0.1321 0.7348 0.0205 0.0277 0.0024 
   HI_SS0564  6 0.0107 0.0518 0.0560 0.0840 0.3222 0.4212 0.0541 
   HI_SS0565  6 0.0252 0.0318 0.1819 0.5830 0.0645 0.1097 0.0039 
   HI_SS0569  6 0.0633 0.0050 0.0125 0.8102 0.0076 0.0994 0.0019 
   HI_SS0570  6 0.9144 0.0084 0.0057 0.0118 0.0133 0.0133 0.0330 
   HI_SS0572  6 0.0180 0.1242 0.3281 0.0224 0.0513 0.4539 0.0022 
   HI_SS0576  6 0.0686 0.5573 0.0358 0.0292 0.0749 0.2289 0.0053 
   HI_SS0579  6 0.0442 0.0095 0.0355 0.1437 0.0131 0.7384 0.0155 
   HI_SS0580  6 0.0474 0.5945 0.0215 0.2911 0.0151 0.0256 0.0047 
   HI_SS0581  6 0.0150 0.0265 0.0301 0.0142 0.5948 0.2473 0.0721 
   HI_SS0583  6 0.0096 0.0143 0.0148 0.9461 0.0063 0.0073 0.0015 
   HI_SS0586  6 0.2730 0.0252 0.0058 0.6750 0.0090 0.0108 0.0011 
   HI_SS0588  6 0.1824 0.0193 0.0180 0.4765 0.0169 0.2695 0.0175 
   HI_SS0595  6 0.2509 0.5329 0.0224 0.0816 0.0488 0.0343 0.0291 
   HI_SS0596  6 0.0121 0.8229 0.1209 0.0070 0.0116 0.0233 0.0022 
   HI_SS0597  6 0.0201 0.0570 0.4008 0.2749 0.2324 0.0130 0.0018 
   HI_SS0600  6 0.0274 0.0080 0.4325 0.0293 0.3962 0.1041 0.0026 
   HI_SS0601  6 0.0061 0.0187 0.2322 0.0175 0.0120 0.7027 0.0109 
   HI_SS0602  6 0.0097 0.0699 0.0073 0.1009 0.0067 0.8034 0.0020 
   HI_SS0604  6 0.0211 0.0126 0.0137 0.6266 0.0565 0.2673 0.0022 
   HI_SS0605  6 0.0152 0.0236 0.0071 0.0921 0.0186 0.8385 0.0049 
   HI_SS0608  6 0.1182 0.8222 0.0219 0.0123 0.0073 0.0170 0.0011 
   HI_SS0609  6 0.0478 0.0966 0.6970 0.0422 0.0994 0.0160 0.0009 
   HI_SS0611  6 0.0593 0.0542 0.0143 0.2783 0.0097 0.5814 0.0027 
   HI_SS0612  6 0.0244 0.0068 0.9037 0.0081 0.0185 0.0330 0.0054 
   HI_SS0613  6 0.0162 0.1813 0.0236 0.2434 0.0122 0.5216 0.0017 
   HI_SS0615  6 0.0090 0.1807 0.0157 0.0060 0.0595 0.7193 0.0099 
   HI_SS0001  6 0.0128 0.0073 0.0059 0.0119 0.9500 0.0085 0.0035 
   HI_SS0002  6 0.0057 0.0182 0.8161 0.1099 0.0083 0.0158 0.0260 
   HI_SS0004  6 0.5488 0.0821 0.0139 0.1018 0.0749 0.1734 0.0051 
   HI_SS0005  6 0.1267 0.3332 0.0417 0.0965 0.0726 0.3221 0.0072 
   HI_SS0006  6 0.0331 0.0101 0.1563 0.6396 0.1201 0.0390 0.0017 
   HI_SS0007  6 0.8725 0.0597 0.0084 0.0184 0.0196 0.0192 0.0022 
   HI_SS0008  6 0.0402 0.0731 0.0218 0.0731 0.0180 0.7399 0.0338 
   HI_SS0009  6 0.0654 0.8137 0.0437 0.0143 0.0075 0.0508 0.0047 
   HI_SS0010  6 0.7715 0.1113 0.0193 0.0231 0.0182 0.0533 0.0034 
   HI_SS0011  6 0.1070 0.1438 0.2013 0.0219 0.3715 0.0454 0.1090 
   HI_SS0012  6 0.0053 0.0428 0.3877 0.0219 0.0121 0.5251 0.0051 
   HI_SS0017  6 0.1885 0.2773 0.0425 0.0096 0.4694 0.0111 0.0016 
   HI_SS0021  6 0.1255 0.3003 0.0271 0.2664 0.0107 0.0232 0.2468 
   HI_SS0024  6 0.1087 0.2912 0.0263 0.0381 0.5155 0.0172 0.0029 
   HI_SS0025  6 0.0095 0.8432 0.0519 0.0634 0.0129 0.0151 0.0040 
   HI_SS0027  6 0.2047 0.0080 0.0086 0.0101 0.0066 0.7502 0.0118 
   HI_SS0028  6 0.0077 0.8965 0.0311 0.0174 0.0326 0.0126 0.0022 
   HI_SS0029  6 0.0073 0.8794 0.0096 0.0450 0.0193 0.0330 0.0064 
   HI_SS0030  6 0.0282 0.0117 0.0117 0.0288 0.1099 0.8049 0.0048 
   HI_SS0031  6 0.0284 0.2169 0.1250 0.1357 0.0178 0.4719 0.0044 
   HI_SS0034  6 0.0333 0.0063 0.0471 0.5180 0.0952 0.2953 0.0048 
   HI_SS0036  6 0.0442 0.0449 0.0043 0.0123 0.8723 0.0138 0.0083 
   HI_SS0037  6 0.5886 0.1132 0.0117 0.1251 0.0256 0.1307 0.0050 
   HI_SS0039  6 0.1611 0.5561 0.0188 0.1067 0.1127 0.0417 0.0029 
   HI_SS0041  6 0.0065 0.7936 0.0163 0.0119 0.1067 0.0632 0.0019 
   HI_SS0042  6 0.0070 0.3427 0.0465 0.0667 0.3722 0.0337 0.1312 
   HI_SS0043  6 0.4045 0.0074 0.0135 0.1933 0.0507 0.3273 0.0034 
   HI_SS0044  6 0.2038 0.7514 0.0054 0.0100 0.0156 0.0107 0.0030 
   HI_SS0047  6 0.0131 0.0160 0.0406 0.1774 0.3065 0.4440 0.0024 
   HI_SS0049  6 0.0212 0.4876 0.0251 0.0133 0.3876 0.0611 0.0041 
   HI_SS0051  6 0.0209 0.0257 0.0526 0.6656 0.0079 0.2249 0.0023 
   HI_SS0053  6 0.0430 0.0156 0.0093 0.1287 0.1568 0.6425 0.0040 
   HI_SS0054  6 0.6869 0.0151 0.0171 0.1209 0.1222 0.0334 0.0043 
   HI_SS0057  6 0.2027 0.0217 0.0275 0.0307 0.6800 0.0340 0.0034 
   HI_SS0058  6 0.0973 0.0296 0.6986 0.0254 0.0506 0.0931 0.0053 
   HI_SS0060  6 0.3982 0.0192 0.0815 0.0146 0.1364 0.2480 0.1020 
   HI_SS0087  6 0.0236 0.0079 0.0911 0.8221 0.0181 0.0347 0.0025 
   HI_SS0091  6 0.0189 0.0062 0.0603 0.4513 0.3106 0.1513 0.0013 
   HI_SS0095  6 0.0052 0.0091 0.0266 0.2251 0.0581 0.6285 0.0475 
   HI_SS0097  6 0.0136 0.0050 0.9235 0.0268 0.0076 0.0194 0.0040 
   HI_SS0099  6 0.0060 0.9643 0.0088 0.0066 0.0044 0.0071 0.0028 
   HI_SS0103  6 0.0114 0.0145 0.3680 0.0218 0.1609 0.4201 0.0032 
   HI_SS0105  6 0.0173 0.0079 0.1373 0.0261 0.7310 0.0500 0.0304 
   HI_SS0107  6 0.0079 0.0790 0.0435 0.0161 0.8332 0.0192 0.0011 
   HI_SS0108  6 0.9030 0.0074 0.0084 0.0227 0.0083 0.0190 0.0313 
   HI_SS0110  6 0.0153 0.0493 0.2911 0.0186 0.4121 0.2124 0.0011 
   HI_SS0111  6 0.0165 0.0769 0.2945 0.1484 0.0335 0.3941 0.0361 
   HI_SS0112  6 0.9661 0.0059 0.0038 0.0047 0.0071 0.0112 0.0011 
   HI_SS0113  6 0.0080 0.0329 0.0257 0.0728 0.8393 0.0178 0.0035 
   HI_SS0114  6 0.0286 0.0133 0.0091 0.8068 0.0145 0.1224 0.0053 
   HI_SS0115  6 0.0124 0.0181 0.0076 0.0071 0.0058 0.9364 0.0126 
   HI_SS0116  6 0.0747 0.7360 0.0136 0.1587 0.0051 0.0093 0.0027 
   HI_SS0117  6 0.1658 0.0075 0.1431 0.4532 0.2135 0.0147 0.0022 
   HI_SS0118  6 0.0365 0.2023 0.0455 0.6286 0.0477 0.0271 0.0122 
   HI_SS0119  6 0.0640 0.0051 0.2334 0.0293 0.1354 0.5310 0.0019 
   HI_SS0120  6 0.0072 0.0122 0.0100 0.0048 0.9575 0.0052 0.0030 
   HI_SS0121  6 0.0056 0.3030 0.3797 0.0156 0.2813 0.0131 0.0017 
   HI_SS0122  6 0.2065 0.2128 0.0932 0.0198 0.4107 0.0295 0.0275 
   HI_SS0123  6 0.0048 0.0083 0.0218 0.0639 0.2245 0.6712 0.0055 
   HI_SS0124  6 0.0113 0.9230 0.0280 0.0045 0.0158 0.0142 0.0031 
   HI_SS0125  6 0.0061 0.4663 0.1203 0.0333 0.3216 0.0157 0.0367 
   HI_SS0126  6 0.8559 0.1093 0.0070 0.0134 0.0054 0.0079 0.0010 
   HI_SS0127  6 0.0161 0.0165 0.0074 0.1140 0.0152 0.8225 0.0082 
   HI_SS0128  6 0.0697 0.0945 0.3603 0.1955 0.1035 0.1734 0.0031 
   HI_SS0129  6 0.0870 0.0998 0.0085 0.2075 0.2311 0.3558 0.0102 
   HI_SS0131  6 0.8883 0.0108 0.0464 0.0049 0.0073 0.0064 0.0360 
   HI_SS0132  6 0.2257 0.1865 0.0888 0.1706 0.2476 0.0801 0.0007 
   HI_SS0133  6 0.9818 0.0027 0.0026 0.0039 0.0044 0.0035 0.0011 
   HI_SS0134  6 0.3659 0.0483 0.1097 0.1326 0.1813 0.1602 0.0021 
   HI_SS0142  6 0.0073 0.0164 0.2812 0.3584 0.1111 0.2055 0.0201 
   HI_SS0145  6 0.0315 0.0058 0.2394 0.0108 0.0092 0.7018 0.0014 
   HI_SS0146  6 0.9418 0.0158 0.0122 0.0156 0.0057 0.0073 0.0015 
   HI_SS0147  6 0.0125 0.0476 0.6914 0.0753 0.0481 0.1002 0.0249 
   HI_SS0149  6 0.0187 0.0060 0.0099 0.0036 0.9513 0.0073 0.0033 
   HI_SS0150  6 0.0197 0.1593 0.0210 0.0407 0.7379 0.0164 0.0051 
   HI_SS0151  6 0.0238 0.0125 0.0089 0.0366 0.0264 0.8823 0.0094 
   NS_SS1451  6 0.0116 0.2285 0.0655 0.0056 0.4128 0.2720 0.0040 
   NS_SS1404  6 0.0209 0.8478 0.0560 0.0195 0.0265 0.0181 0.0112 
   NS_SS1432  6 0.0038 0.7427 0.0122 0.0102 0.1647 0.0282 0.0383 
   NS_SS1405  6 0.4089 0.3797 0.1179 0.0618 0.0102 0.0180 0.0034 
   NS_SS1431  6 0.0136 0.2324 0.0884 0.0185 0.6277 0.0186 0.0008 
   NS_SS1402  6 0.0127 0.0246 0.6898 0.0846 0.1276 0.0580 0.0027 
   NS_SS1450  6 0.0269 0.0075 0.0047 0.0213 0.8719 0.0644 0.0031 
   NS_SS1396  6 0.1361 0.1046 0.2976 0.0538 0.0882 0.3131 0.0065 
   NS_SS1393  6 0.0075 0.0065 0.0074 0.9471 0.0064 0.0224 0.0028 
   NS_SS1392  6 0.0452 0.5618 0.0382 0.0176 0.2391 0.0803 0.0177 
   NS_SS1445  6 0.0132 0.0210 0.0412 0.6038 0.0428 0.2692 0.0089 
   NS_SS1423  6 0.7293 0.0169 0.0502 0.0278 0.1384 0.0356 0.0018 
   NS_SS1421  6 0.2563 0.0039 0.0075 0.0079 0.6484 0.0069 0.0690 
   NS_SS1411  6 0.9418 0.0088 0.0067 0.0174 0.0059 0.0179 0.0015 
   NS_SS1453  6 0.0422 0.0219 0.0157 0.4249 0.4577 0.0321 0.0056 
   NS_SS1442  6 0.3238 0.0223 0.3973 0.1970 0.0144 0.0410 0.0043 
   NS_SS1422  6 0.0167 0.0112 0.8718 0.0256 0.0327 0.0316 0.0104 
   NS_SS1419  6 0.0120 0.0114 0.7764 0.0086 0.0266 0.0094 0.1555 
   NS_SS1427  6 0.6661 0.0898 0.0106 0.1490 0.0493 0.0328 0.0023 
   NS_SS1444  6 0.0105 0.6357 0.0574 0.2552 0.0168 0.0206 0.0037 
   NS_SS1455  6 0.0364 0.1753 0.7255 0.0291 0.0216 0.0104 0.0016 
   NS_SS1425  6 0.9502 0.0034 0.0070 0.0173 0.0051 0.0155 0.0016 
   NS_SS1400  6 0.9325 0.0120 0.0142 0.0220 0.0056 0.0123 0.0013 
   NS_SS1406  6 0.0050 0.0112 0.7717 0.0333 0.1379 0.0286 0.0122 
   NS_SS1417  6 0.0294 0.0206 0.8322 0.0222 0.0808 0.0086 0.0062 
   NS_SS1454  6 0.2980 0.0119 0.0130 0.0456 0.6183 0.0116 0.0015 
   NS_SS1412  6 0.1448 0.0858 0.1212 0.0382 0.0387 0.5470 0.0245 
   NS_SS1438  6 0.0365 0.0063 0.0283 0.9001 0.0076 0.0199 0.0013 
   NS_SS1416  6 0.0041 0.1282 0.1831 0.5188 0.0288 0.1304 0.0066 
   NS_SS1401  6 0.0942 0.0289 0.3382 0.0116 0.4749 0.0397 0.0125 
   NS_SS1424  6 0.0461 0.0188 0.8661 0.0138 0.0228 0.0202 0.0122 
   NS_SS1435  6 0.5187 0.3993 0.0146 0.0192 0.0284 0.0169 0.0030 
   NS_SS1447  6 0.0182 0.2048 0.1521 0.0592 0.4890 0.0675 0.0092 
   NS_SS1414  6 0.0105 0.5277 0.2786 0.0248 0.1333 0.0163 0.0089 
   NS_SS1449  6 0.0145 0.0041 0.2896 0.0060 0.6399 0.0423 0.0037 
   NS_SS1443  6 0.0837 0.0037 0.0507 0.0118 0.0067 0.8419 0.0014 
   NS_SS1434  6 0.5564 0.2239 0.0694 0.0573 0.0637 0.0286 0.0007 
   NS_SS1398  6 0.1278 0.3398 0.0112 0.2542 0.2166 0.0312 0.0192 
   NS_SS1426  6 0.0450 0.0073 0.0064 0.4117 0.0176 0.5099 0.0021 
   NS_SS1413  6 0.9690 0.0057 0.0045 0.0043 0.0046 0.0049 0.0070 
   NS_SS1395  6 0.0182 0.0046 0.0067 0.1246 0.0679 0.7700 0.0079 
   NS_SS1448  6 0.3619 0.1442 0.0061 0.0070 0.4570 0.0220 0.0019 
   NS_SS1446  6 0.0356 0.0187 0.8557 0.0404 0.0327 0.0144 0.0025 
   NS_SS1403  6 0.0108 0.0318 0.3105 0.3800 0.0870 0.1733 0.0066 
   NS_SS1415  6 0.9138 0.0169 0.0140 0.0110 0.0101 0.0245 0.0097 
   NS_SS1437  6 0.0373 0.5999 0.2027 0.0655 0.0330 0.0515 0.0102 
   NS_SS1439  6 0.0065 0.0128 0.0693 0.6058 0.0221 0.2803 0.0033 
   NS_SS1441  6 0.1654 0.0192 0.1894 0.1792 0.1400 0.3042 0.0026 
   NS_SS1420  6 0.0051 0.9362 0.0155 0.0090 0.0082 0.0233 0.0027 
   NS_SS1394  6 0.0065 0.1069 0.0253 0.0078 0.0199 0.8052 0.0284 
   NS_SS1391  6 0.1915 0.1329 0.0169 0.1250 0.0894 0.4306 0.0138 
   NS_SS1410  6 0.2614 0.1012 0.1673 0.1918 0.2484 0.0136 0.0164 
   NS_SS1408  6 0.0084 0.0148 0.0195 0.0491 0.6376 0.2130 0.0576 
   NS_SS1409  6 0.0235 0.0782 0.5833 0.1605 0.0298 0.1223 0.0025 
   HI_SS0617  7 0.0130 0.1245 0.2077 0.2830 0.0569 0.3135 0.0015 
   HI_SS0618  7 0.0100 0.0743 0.1880 0.0811 0.0365 0.6074 0.0027 
   HI_SS0619  7 0.0620 0.8599 0.0114 0.0131 0.0135 0.0369 0.0033 
   HI_SS0620  7 0.8867 0.0178 0.0135 0.0088 0.0095 0.0601 0.0036 
   HI_SS0621  7 0.0103 0.1102 0.6048 0.0243 0.0831 0.1537 0.0135 
   HI_SS0622  7 0.1848 0.0560 0.5297 0.0125 0.0183 0.1878 0.0109 
   HI_SS0626  7 0.0229 0.8658 0.0132 0.0184 0.0120 0.0602 0.0075 
   HI_SS0627  7 0.0129 0.1271 0.0792 0.4524 0.3066 0.0113 0.0105 
   HI_SS0628  7 0.2190 0.2457 0.0220 0.2651 0.1636 0.0264 0.0582 
   HI_SS0629  7 0.0325 0.1064 0.7374 0.0803 0.0166 0.0200 0.0069 
   HI_SS0630  7 0.5454 0.1968 0.0089 0.1333 0.0193 0.0389 0.0574 
   HI_SS0631  7 0.8755 0.0282 0.0156 0.0265 0.0186 0.0348 0.0006 
   HI_SS0632  7 0.6321 0.1431 0.0284 0.0599 0.1079 0.0251 0.0035 
   HI_SS0633  7 0.0085 0.9118 0.0202 0.0199 0.0154 0.0207 0.0036 
   HI_SS0634  7 0.0213 0.0261 0.0473 0.0173 0.7704 0.1153 0.0023 
   HI_SS0635  7 0.0345 0.3866 0.2209 0.2839 0.0109 0.0491 0.0141 
   HI_SS0637  7 0.0050 0.0056 0.0184 0.4871 0.0150 0.4664 0.0024 
   HI_SS0638  7 0.7499 0.0310 0.0661 0.0127 0.0457 0.0931 0.0014 
   HI_SS0639  7 0.0079 0.3097 0.0312 0.0433 0.0353 0.5291 0.0436 
   HI_SS0640  7 0.0211 0.0563 0.0399 0.7068 0.0089 0.1651 0.0019 
   HI_SS0641  7 0.0523 0.6393 0.0070 0.2104 0.0060 0.0795 0.0054 
   HI_SS0642  7 0.0062 0.0146 0.0066 0.0071 0.9497 0.0139 0.0018 
   HI_SS0645  7 0.0129 0.9410 0.0187 0.0072 0.0058 0.0135 0.0009 
   HI_SS0646  7 0.0145 0.0140 0.2676 0.3967 0.1540 0.1509 0.0023 
   HI_SS0647  7 0.0537 0.0243 0.0121 0.0227 0.8753 0.0106 0.0013 
   HI_SS0648  7 0.0493 0.3230 0.0898 0.0182 0.0167 0.5002 0.0029 
   HI_SS0649  7 0.0098 0.4879 0.0164 0.4369 0.0141 0.0334 0.0016 
   HI_SS0650  7 0.0129 0.0135 0.0227 0.0670 0.1053 0.7752 0.0035 
   HI_SS0651  7 0.0088 0.0305 0.0167 0.0152 0.0156 0.9089 0.0043 
   HI_SS0652  7 0.0096 0.7388 0.0089 0.0326 0.1428 0.0635 0.0038 
   NS_SS1371  7 0.0112 0.0169 0.0875 0.1990 0.0144 0.6650 0.0059 
   NS_SS1374  7 0.3490 0.0937 0.0100 0.0491 0.2566 0.2387 0.0028 
   NS_SS1337  7 0.0098 0.0097 0.0146 0.0090 0.9445 0.0095 0.0029 
   NS_SS1385  7 0.0154 0.0208 0.9140 0.0118 0.0096 0.0244 0.0040 
   NS_SS1388  7 0.0185 0.9211 0.0182 0.0229 0.0060 0.0069 0.0064 
   NS_SS1370  7 0.0559 0.0157 0.0689 0.0342 0.1090 0.7077 0.0088 
   NS_SS1389  7 0.0069 0.9510 0.0223 0.0067 0.0058 0.0042 0.0031 
   NS_SS1360  7 0.1989 0.0127 0.0196 0.0755 0.0124 0.6761 0.0047 
   NS_SS1330  7 0.0103 0.0209 0.3327 0.0755 0.0150 0.5414 0.0043 
   NS_SS1328  7 0.8218 0.0376 0.0073 0.0071 0.1137 0.0103 0.0022 
   NS_SS1384  7 0.0072 0.0130 0.0145 0.6819 0.0206 0.2590 0.0039 
   NS_SS1381  7 0.0045 0.0182 0.8907 0.0078 0.0130 0.0647 0.0011 
   NS_SS1375  7 0.0101 0.9351 0.0095 0.0089 0.0171 0.0183 0.0011 
   NS_SS1319  7 0.0218 0.2552 0.0579 0.0170 0.4765 0.0549 0.1168 
   NS_SS1326  7 0.9276 0.0131 0.0057 0.0211 0.0181 0.0061 0.0083 
   NS_SS1341  7 0.0093 0.0041 0.0079 0.0191 0.9457 0.0104 0.0035 
   NS_SS1383  7 0.0114 0.0056 0.0090 0.5092 0.4457 0.0153 0.0039 
   NS_SS1318  7 0.1914 0.1834 0.2082 0.2675 0.0487 0.0821 0.0186 
   NS_SS1348  7 0.4662 0.0149 0.0202 0.4267 0.0103 0.0602 0.0015 
   NS_SS1363  7 0.0322 0.1089 0.7789 0.0182 0.0193 0.0380 0.0044 
   NS_SS1335  7 0.4160 0.0137 0.1912 0.1323 0.0239 0.1911 0.0319 
   NS_SS1358  7 0.0301 0.0043 0.1422 0.0706 0.6307 0.1090 0.0131 
   NS_SS1342  7 0.0268 0.0158 0.0439 0.4297 0.4611 0.0213 0.0015 
   NS_SS1320  7 0.0052 0.2200 0.0470 0.0063 0.7051 0.0122 0.0041 
   NS_SS1355  7 0.0043 0.0300 0.0840 0.8354 0.0149 0.0184 0.0129 
   NS_SS1345  7 0.0475 0.0240 0.6719 0.0461 0.0253 0.1670 0.0181 
   NS_SS1324  7 0.4897 0.1681 0.0793 0.1516 0.0249 0.0828 0.0035 
   NS_SS1347  7 0.0081 0.0070 0.0247 0.0227 0.0087 0.9256 0.0033 
   NS_SS1321  7 0.0662 0.0225 0.1385 0.0191 0.2791 0.4733 0.0014 
   NS_SS1333  7 0.1672 0.5288 0.0344 0.0089 0.2378 0.0194 0.0036 
   NS_SS1364  7 0.2706 0.0084 0.1696 0.4802 0.0436 0.0250 0.0026 
   NS_SS1379  7 0.0102 0.0161 0.0124 0.0198 0.1389 0.7563 0.0463 
   NS_SS1332  7 0.9329 0.0154 0.0081 0.0185 0.0100 0.0092 0.0059 
   NS_SS1338  7 0.0299 0.0133 0.0242 0.1194 0.0170 0.7897 0.0065 
   NS_SS1368  7 0.4757 0.0775 0.2360 0.1579 0.0397 0.0064 0.0067 
   NS_SS1354  7 0.0181 0.0710 0.8206 0.0392 0.0166 0.0219 0.0124 
   NS_SS1365  7 0.2209 0.6507 0.0198 0.0321 0.0271 0.0403 0.0090 
   NS_SS1380  7 0.0069 0.0227 0.6191 0.0085 0.2975 0.0259 0.0194 
   NS_SS1329  7 0.1458 0.0045 0.6485 0.0464 0.1336 0.0184 0.0029 
   NS_SS1362  7 0.0125 0.0116 0.3097 0.5716 0.0160 0.0739 0.0047 
   NS_SS1327  7 0.8757 0.0051 0.0047 0.0977 0.0053 0.0086 0.0029 
   NS_SS1350  7 0.0107 0.0112 0.0098 0.0082 0.0130 0.9398 0.0073 
   NS_SS1387  7 0.0134 0.3152 0.0238 0.5035 0.0141 0.1275 0.0025 
   NS_SS1369  7 0.6548 0.0290 0.0253 0.0549 0.0834 0.1482 0.0044 
   NS_SS1331  7 0.0432 0.7724 0.0192 0.0205 0.1244 0.0126 0.0077 
   NS_SS1357  7 0.0324 0.0131 0.0664 0.0174 0.8333 0.0340 0.0033 
   NS_SS1386  7 0.9164 0.0040 0.0061 0.0252 0.0396 0.0057 0.0029 
   NS_SS1353  7 0.0806 0.1415 0.4652 0.0246 0.2221 0.0614 0.0045 
   NS_SS1323  7 0.0069 0.0480 0.0322 0.0080 0.7056 0.1236 0.0756 
   HI_SS0296  8 0.3978 0.0098 0.0223 0.0343 0.0136 0.5205 0.0017 
   HI_SS0297  8 0.0483 0.0311 0.0366 0.0988 0.7741 0.0103 0.0008 
   HI_SS0299  8 0.0082 0.0095 0.0121 0.8222 0.1031 0.0209 0.0241 
   HI_SS0300  8 0.2018 0.0204 0.0177 0.5729 0.0159 0.1698 0.0015 
   HI_SS0301  8 0.0301 0.1889 0.0152 0.4964 0.0262 0.2391 0.0041 
   HI_SS0302  8 0.8984 0.0114 0.0097 0.0183 0.0106 0.0337 0.0179 
   HI_SS0303  8 0.9208 0.0170 0.0116 0.0107 0.0153 0.0173 0.0072 
   HI_SS0304  8 0.2375 0.4063 0.0179 0.0092 0.2642 0.0619 0.0030 
   HI_SS0306  8 0.9549 0.0055 0.0043 0.0154 0.0089 0.0077 0.0032 
   HI_SS0307  8 0.0063 0.2006 0.5907 0.1534 0.0087 0.0324 0.0079 
   HI_SS0308  8 0.0581 0.0841 0.6596 0.0530 0.0111 0.0587 0.0752 
   HI_SS0309  8 0.0092 0.0719 0.6249 0.0172 0.0268 0.2468 0.0032 
   HI_SS0310  8 0.3930 0.0410 0.1652 0.3383 0.0106 0.0432 0.0087 
   HI_SS0311  8 0.0437 0.2239 0.0147 0.0295 0.6346 0.0511 0.0024 
   HI_SS0314  8 0.0529 0.8413 0.0347 0.0124 0.0348 0.0229 0.0010 
   HI_SS0316  8 0.0652 0.1229 0.0776 0.1721 0.1308 0.4279 0.0035 
   HI_SS0317  8 0.0421 0.0553 0.5655 0.0280 0.1801 0.1267 0.0024 
   HI_SS0318  8 0.2600 0.0067 0.0100 0.0214 0.2054 0.3113 0.1852 
   HI_SS0319  8 0.0156 0.0067 0.0094 0.9559 0.0054 0.0040 0.0030 
   HI_SS0320  8 0.0050 0.5579 0.0180 0.0295 0.3672 0.0211 0.0012 
   HI_SS0321  8 0.0155 0.0069 0.0067 0.1099 0.0048 0.8544 0.0018 
   HI_SS0323  8 0.0193 0.3217 0.0139 0.4835 0.0134 0.1470 0.0012 
   HI_SS0325  8 0.8921 0.0181 0.0074 0.0292 0.0111 0.0395 0.0026 
   HI_SS0327  8 0.3176 0.0095 0.1712 0.3402 0.0205 0.1393 0.0017 
   HI_SS0329  8 0.1225 0.3070 0.1225 0.0581 0.3757 0.0129 0.0013 
   HI_SS0333  8 0.0478 0.0554 0.3292 0.4680 0.0543 0.0420 0.0033 
   HI_SS0334  8 0.0112 0.0055 0.0170 0.0093 0.0060 0.9499 0.0012 
   HI_SS0335  8 0.0129 0.0117 0.6106 0.0564 0.0877 0.1978 0.0230 
   HI_SS0339  8 0.0108 0.0174 0.2986 0.5461 0.1039 0.0127 0.0106 
   HI_SS0343  8 0.0185 0.0229 0.8360 0.0276 0.0687 0.0245 0.0019 
   HI_SS0344  8 0.9405 0.0045 0.0058 0.0146 0.0153 0.0165 0.0028 
   HI_SS0345  8 0.2203 0.0337 0.0539 0.0221 0.6498 0.0108 0.0094 
   HI_SS0346  8 0.0563 0.0432 0.0061 0.5988 0.2730 0.0191 0.0035 
   HI_SS0350  8 0.0063 0.1629 0.7470 0.0140 0.0358 0.0242 0.0099 
   HI_SS0351  8 0.0371 0.0204 0.1121 0.4563 0.1626 0.2074 0.0041 
   HI_SS0352  8 0.0108 0.0076 0.8118 0.0259 0.0306 0.0135 0.0998 
   HI_SS0362  8 0.5547 0.3296 0.0070 0.0329 0.0167 0.0561 0.0029 
   HI_SS0363  8 0.2144 0.0194 0.0405 0.4834 0.0327 0.2055 0.0041 
   HI_SS0365  8 0.0349 0.0882 0.2467 0.1604 0.0151 0.4501 0.0046 
   HI_SS0366  8 0.1617 0.0163 0.1367 0.6082 0.0173 0.0584 0.0015 
   HI_SS0367  8 0.0088 0.2538 0.4496 0.1140 0.1567 0.0150 0.0021 
   HI_SS0369  8 0.0083 0.0643 0.5087 0.0579 0.2591 0.0990 0.0027 
   HI_SS0370  8 0.0136 0.0079 0.0673 0.0805 0.2988 0.5282 0.0036 
   HI_SS0371  8 0.6456 0.1356 0.0127 0.1371 0.0294 0.0351 0.0044 
   HI_SS0373  8 0.0313 0.9135 0.0060 0.0097 0.0063 0.0252 0.0080 
   HI_SS0374  8 0.0175 0.5739 0.1188 0.0091 0.0240 0.2238 0.0330 
   HI_SS0377  8 0.2549 0.0163 0.1649 0.0170 0.1234 0.3289 0.0945 
   HI_SS0379  8 0.8880 0.0040 0.0052 0.0812 0.0084 0.0125 0.0007 
   HI_SS0380  8 0.0095 0.2571 0.0368 0.6186 0.0361 0.0342 0.0077 
   HI_SS0381  8 0.0073 0.0252 0.9232 0.0079 0.0195 0.0124 0.0045 
   HI_SS0384  8 0.0255 0.4671 0.0063 0.2027 0.2633 0.0285 0.0067 
   HI_SS0385  8 0.8632 0.1018 0.0051 0.0107 0.0077 0.0100 0.0014 
   HI_SS0386  9 0.0014 0.0015 0.0020 0.0022 0.0022 0.0017 0.9889 
   HI_SS0387  9 0.0176 0.0071 0.0105 0.0066 0.0185 0.0120 0.9276 
   HI_SS0389  9 0.0038 0.0032 0.0033 0.0041 0.0048 0.0038 0.9770 
   HI_SS0390  9 0.0020 0.0022 0.0014 0.0015 0.0016 0.0018 0.9896 
   HI_SS0391  9 0.0024 0.0026 0.0036 0.0027 0.0031 0.0027 0.9829 
   HI_SS0392  9 0.0015 0.0017 0.0017 0.0020 0.0014 0.0017 0.9901 
   HI_SS0393  9 0.0021 0.0015 0.0017 0.0022 0.0018 0.0018 0.9889 
   HI_SS0394  9 0.0018 0.0018 0.0013 0.0016 0.0016 0.0018 0.9902 
   HI_SS0395  9 0.0031 0.0049 0.0037 0.0034 0.0045 0.0040 0.9765 
   HI_SS0396  9 0.0077 0.0124 0.0128 0.0070 0.0066 0.0111 0.9423 
   HI_SS0398  9 0.0053 0.0049 0.0083 0.0084 0.0053 0.0060 0.9619 
   HI_SS0399  9 0.0011 0.0012 0.0014 0.0011 0.0013 0.0010 0.9929 
   HI_SS0400  9 0.0019 0.0025 0.0027 0.0020 0.0026 0.0022 0.9861 
   HI_SS0401  9 0.0018 0.0016 0.0016 0.0013 0.0018 0.0019 0.9901 
   HI_SS0402  9 0.0018 0.0011 0.0015 0.0013 0.0017 0.0016 0.9911 
   HI_SS0403  9 0.0013 0.0014 0.0025 0.0016 0.0016 0.0015 0.9901 
   HI_SS0404  9 0.0010 0.0013 0.0013 0.0013 0.0011 0.0014 0.9926 
   HI_SS0405  9 0.0118 0.0085 0.0274 0.0101 0.0127 0.0186 0.9110 
   HI_SS0406  9 0.0020 0.0022 0.0021 0.0029 0.0023 0.0026 0.9858 
   HI_SS0407  9 0.0069 0.0096 0.0082 0.0061 0.0066 0.0076 0.9551 
   HI_SS0408  9 0.0012 0.0011 0.0014 0.0015 0.0016 0.0013 0.9919 
   HI_SS0409  9 0.0035 0.0035 0.0045 0.0028 0.0026 0.0033 0.9799 
   HI_SS0411  9 0.0021 0.0030 0.0020 0.0031 0.0030 0.0037 0.9832 
   HI_SS0412  9 0.0125 0.0226 0.0238 0.0333 0.0461 0.0637 0.7980 
   HI_SS0413  9 0.0020 0.0026 0.0027 0.0019 0.0026 0.0019 0.9862 
   HI_SS0414  9 0.0082 0.0178 0.0170 0.0151 0.0155 0.0108 0.9156 
   HI_SS0415  9 0.0023 0.0012 0.0021 0.0023 0.0020 0.0023 0.9878 
   HI_SS0416  9 0.0046 0.0036 0.0034 0.0037 0.0033 0.0040 0.9776 
   HI_SS0418  9 0.0042 0.0035 0.0061 0.0052 0.0050 0.0057 0.9703 
   HI_SS0419  9 0.0030 0.0034 0.0033 0.0029 0.0026 0.0031 0.9817 
   HI_SS0420  9 0.0034 0.0022 0.0023 0.0022 0.0020 0.0029 0.9848 
   HI_SS0421  9 0.0026 0.0045 0.0043 0.0045 0.0044 0.0046 0.9751 
   HI_SS0422  9 0.0019 0.0016 0.0020 0.0015 0.0018 0.0016 0.9895 
   HI_SS0423  9 0.0055 0.0046 0.0031 0.0042 0.0044 0.0046 0.9737 
   HI_SS0424  9 0.0013 0.0017 0.0018 0.0016 0.0022 0.0015 0.9899 
   HI_SS0425  9 0.0026 0.0041 0.0032 0.0028 0.0039 0.0020 0.9814 
   NS_SS1146 10 0.0026 0.0020 0.0026 0.0027 0.0026 0.0032 0.9843 
   NS_SS1157 10 0.0056 0.0053 0.0090 0.0074 0.0051 0.0072 0.9604 
   NS_SS1144 10 0.0183 0.0090 0.0137 0.0164 0.0081 0.0275 0.9071 
   NS_SS1074 10 0.0037 0.0034 0.0036 0.0041 0.0041 0.0037 0.9774 
   NS_SS1122 10 0.0041 0.0043 0.0053 0.0052 0.0037 0.0044 0.9730 
   NS_SS1136 10 0.0012 0.0011 0.0010 0.0008 0.0014 0.0012 0.9933 
   NS_SS1077 10 0.0007 0.0009 0.0008 0.0010 0.0010 0.0008 0.9947 
   NS_SS1134 10 0.0070 0.0133 0.0076 0.0069 0.0110 0.0136 0.9406 
   NS_SS1091 10 0.0015 0.0032 0.0028 0.0029 0.0023 0.0019 0.9855 
   NS_SS1089 10 0.0033 0.0030 0.0026 0.0032 0.0038 0.0033 0.9808 
   NS_SS1123 10 0.0015 0.0019 0.0012 0.0014 0.0023 0.0018 0.9899 
   NS_SS1158 10 0.0009 0.0009 0.0009 0.0010 0.0012 0.0012 0.9940 
   NS_SS1093 10 0.0029 0.0031 0.0022 0.0029 0.0021 0.0019 0.9850 
