   NS_SS0963  1 0.0054 0.1868 0.8079 
   NS_SS0983  1 0.0044 0.9772 0.0184 
   NS_SS0719  1 0.0058 0.8426 0.1516 
   NS_SS1001  1 0.0056 0.2789 0.7155 
   NS_SS0936  1 0.0023 0.2767 0.7210 
   NS_SS0955  1 0.0036 0.9489 0.0475 
   NS_SS0944  1 0.0019 0.9615 0.0366 
   NS_SS0945  1 0.0086 0.1876 0.8038 
   NS_SS0922  1 0.0213 0.0510 0.9277 
   NS_SS0929  1 0.0030 0.8870 0.1099 
   NS_SS0956  1 0.0031 0.0215 0.9754 
   NS_SS0906  1 0.0029 0.3499 0.6472 
   NS_SS0721  1 0.0043 0.2178 0.7780 
   NS_SS0982  1 0.0133 0.0514 0.9353 
   NS_SS0923  1 0.0037 0.1653 0.8310 
   NS_SS0905  1 0.0018 0.8572 0.1410 
   NS_SS0925  1 0.0040 0.1018 0.8942 
   NS_SS0947  1 0.0037 0.0398 0.9565 
   NS_SS0926  1 0.0012 0.9885 0.0103 
   NS_SS0918  1 0.0022 0.0703 0.9275 
   NS_SS0966  1 0.0474 0.1802 0.7725 
   NS_SS0938  1 0.0013 0.0178 0.9809 
   NS_SS0917  1 0.0400 0.6174 0.3426 
   NS_SS0957  1 0.0050 0.0554 0.9397 
   NS_SS0987  1 0.2312 0.1777 0.5912 
   NS_SS0717  1 0.0022 0.0171 0.9807 
   NS_SS0986  1 0.0027 0.0408 0.9565 
   NS_SS0953  1 0.0141 0.0309 0.9551 
   NS_SS0907  1 0.0397 0.2947 0.6656 
   NS_SS0974  1 0.0037 0.8950 0.1013 
   NS_SS0989  1 0.0011 0.9680 0.0309 
   NS_SS0991  1 0.0018 0.9596 0.0385 
   NS_SS0994  1 0.0016 0.9923 0.0060 
   NS_SS0931  1 0.0118 0.9303 0.0579 
   NS_SS1000  1 0.0030 0.0258 0.9712 
   NS_SS0919  1 0.0030 0.8912 0.1058 
   NS_SS0949  1 0.0013 0.9860 0.0128 
   NS_SS0960  1 0.0053 0.9681 0.0266 
   NS_SS0716  1 0.0052 0.0076 0.9872 
   NS_SS0924  1 0.0191 0.9294 0.0515 
   NS_SS0935  1 0.0079 0.9805 0.0115 
   NS_SS0952  1 0.0353 0.9335 0.0312 
   NS_SS0962  1 0.0053 0.0096 0.9852 
   NS_SS0973  1 0.0040 0.8636 0.1324 
   NS_SS0722  1 0.0018 0.0289 0.9692 
   NS_SS0979  1 0.0019 0.1749 0.8232 
   NS_SS0993  1 0.0138 0.1057 0.8805 
   NS_SS0958  1 0.0026 0.9540 0.0433 
   NS_SS0988  1 0.0040 0.1848 0.8112 
   NS_SS1003  1 0.0080 0.0258 0.9662 
   NS_SS0976  1 0.0018 0.9326 0.0656 
   NS_SS0964  1 0.0021 0.0301 0.9678 
   NS_SS0939  1 0.0043 0.0155 0.9802 
   NS_SS0990  1 0.0031 0.1619 0.8350 
   NS_SS0984  1 0.0018 0.0153 0.9829 
   NS_SS0980  1 0.0020 0.5051 0.4929 
   NS_SS0978  1 0.0031 0.6271 0.3698 
   NS_SS0951  1 0.0031 0.7435 0.2533 
   NS_SS0913  1 0.0352 0.1352 0.8296 
   NS_SS1002  1 0.0314 0.0086 0.9600 
   NS_SS0948  1 0.0420 0.1606 0.7974 
   NS_SS0916  1 0.0051 0.7838 0.2111 
   NS_SS0995  1 0.0027 0.1359 0.8614 
   NS_SS0927  1 0.0055 0.6204 0.3741 
   NS_SS0992  1 0.0027 0.8030 0.1943 
   NS_SS0912  1 0.0026 0.5673 0.4301 
   NS_SS0981  1 0.0029 0.1982 0.7989 
   NS_SS0729  2 0.0034 0.9894 0.0072 
   NS_SS0967  2 0.0109 0.2678 0.7212 
   NS_SS0941  2 0.0721 0.4615 0.4664 
   NS_SS0768  2 0.0044 0.0254 0.9701 
   NS_SS0726  2 0.0073 0.9774 0.0154 
   NS_SS0763  2 0.0025 0.9619 0.0356 
   NS_SS0730  2 0.0024 0.0108 0.9868 
   NS_SS0774  2 0.0007 0.0098 0.9895 
   NS_SS0723  2 0.0015 0.0313 0.9672 
   NS_SS0940  2 0.0069 0.7722 0.2208 
   NS_SS0762  2 0.0025 0.0245 0.9729 
   NS_SS0766  2 0.0134 0.5917 0.3948 
   NS_SS0724  2 0.0032 0.0326 0.9642 
   NS_SS0769  2 0.0037 0.0764 0.9199 
   NS_SS0777  2 0.0126 0.3568 0.6306 
   NS_SS0734  2 0.0267 0.7798 0.1936 
   NS_SS0737  2 0.0043 0.0114 0.9843 
   NS_SS0732  2 0.0044 0.0831 0.9124 
   NS_SS0728  2 0.0082 0.1763 0.8155 
   NS_SS0735  2 0.0060 0.0559 0.9381 
   NS_SS0725  2 0.0059 0.0288 0.9653 
   NS_SS0788  2 0.0012 0.3406 0.6582 
   NS_SS0778  2 0.0013 0.3967 0.6020 
   NS_SS0792  2 0.0047 0.2651 0.7302 
   NS_SS0943  2 0.0074 0.9762 0.0164 
   NS_SS0791  2 0.0173 0.6662 0.3165 
   NS_SS0790  2 0.0030 0.0049 0.9920 
   NS_SS0731  2 0.0094 0.0141 0.9766 
   NS_SS0727  2 0.0019 0.9505 0.0477 
   NS_SS0779  2 0.0047 0.2552 0.7401 
   NS_SS0776  2 0.0068 0.5030 0.4902 
   NS_SS0775  2 0.0055 0.0117 0.9828 
   NS_SS0965  3 0.0015 0.1199 0.8787 
   NS_SS0754  3 0.0120 0.8605 0.1275 
   NS_SS0838  3 0.0366 0.1273 0.8361 
   NS_SS0839  3 0.0032 0.0099 0.9869 
   NS_SS0832  3 0.0340 0.0078 0.9582 
   NS_SS0820  3 0.0048 0.0095 0.9857 
   NS_SS0886  3 0.0020 0.8379 0.1600 
   NS_SS0748  3 0.0079 0.6178 0.3742 
   NS_SS0884  3 0.0229 0.2484 0.7287 
   NS_SS0752  3 0.0021 0.3693 0.6286 
   NS_SS0862  3 0.0034 0.0166 0.9800 
   NS_SS0787  3 0.0066 0.9754 0.0180 
   NS_SS0843  3 0.0020 0.2967 0.7013 
   NS_SS0856  3 0.0028 0.0352 0.9620 
   NS_SS0846  3 0.0030 0.5911 0.4059 
   NS_SS0825  3 0.0087 0.0967 0.8946 
   NS_SS0757  3 0.0036 0.7600 0.2364 
   NS_SS0876  3 0.2023 0.0261 0.7717 
   NS_SS0903  3 0.0022 0.0878 0.9099 
   NS_SS0875  3 0.0028 0.0854 0.9118 
   NS_SS0740  3 0.0030 0.8353 0.1617 
   NS_SS0811  3 0.0080 0.0291 0.9629 
   NS_SS0751  3 0.0022 0.1137 0.8842 
   NS_SS0891  3 0.0042 0.0267 0.9691 
   NS_SS0867  3 0.0296 0.8995 0.0709 
   NS_SS0890  3 0.0033 0.8100 0.1867 
   NS_SS0866  3 0.0052 0.9458 0.0490 
   NS_SS0755  3 0.0066 0.5040 0.4894 
   NS_SS0758  3 0.0017 0.2370 0.7613 
   NS_SS0840  3 0.0016 0.0088 0.9896 
   NS_SS0889  3 0.0022 0.8766 0.1211 
   NS_SS1010  3 0.0359 0.1553 0.8088 
   NS_SS0888  3 0.0012 0.9910 0.0078 
   NS_SS0837  3 0.0024 0.2403 0.7573 
   NS_SS0794  3 0.0018 0.9764 0.0217 
   NS_SS0823  3 0.0035 0.0270 0.9695 
   NS_SS0829  3 0.1043 0.8842 0.0115 
   NS_SS0844  3 0.0016 0.0132 0.9851 
   NS_SS1008  3 0.0105 0.8546 0.1349 
   NS_SS0881  3 0.0024 0.7981 0.1995 
   NS_SS0834  3 0.0049 0.0179 0.9772 
   NS_SS0744  3 0.0070 0.5316 0.4614 
   NS_SS0899  3 0.0010 0.0100 0.9890 
   NS_SS0804  3 0.0030 0.0081 0.9889 
   NS_SS0781  3 0.0025 0.0060 0.9914 
   NS_SS0822  3 0.0021 0.9323 0.0656 
   NS_SS1004  3 0.0041 0.5977 0.3982 
   NS_SS0746  3 0.0144 0.6980 0.2876 
   NS_SS0880  3 0.0016 0.3851 0.6133 
   NS_SS0879  3 0.0113 0.0516 0.9370 
   NS_SS0753  3 0.0096 0.9777 0.0128 
   NS_SS1007  3 0.0018 0.3703 0.6279 
   NS_SS0872  3 0.0018 0.0187 0.9796 
   NS_SS1005  3 0.0012 0.0278 0.9711 
   NS_SS0892  3 0.0017 0.2709 0.7274 
   NS_SS0898  3 0.0050 0.8662 0.1288 
   NS_SS0801  3 0.0095 0.1710 0.8195 
   NS_SS0827  3 0.1146 0.5282 0.3573 
   NS_SS0853  3 0.0051 0.1048 0.8901 
   NS_SS0780  3 0.0035 0.0329 0.9636 
   NS_SS0826  3 0.0030 0.3932 0.6038 
   NS_SS0818  3 0.0015 0.0907 0.9078 
   NS_SS0745  3 0.0011 0.0075 0.9915 
   NS_SS0849  3 0.0015 0.1256 0.8728 
   NS_SS0739  3 0.0109 0.0566 0.9325 
   NS_SS0799  3 0.0009 0.9804 0.0187 
   NS_SS0756  3 0.0029 0.0098 0.9873 
   NS_SS0802  3 0.2100 0.4776 0.3124 
   NS_SS0747  3 0.0059 0.6349 0.3592 
   NS_SS0835  3 0.0010 0.9776 0.0214 
   NS_SS0742  3 0.0012 0.1496 0.8493 
   NS_SS0760  3 0.0407 0.9403 0.0189 
   NS_SS0803  3 0.0062 0.0132 0.9806 
   NS_SS0828  3 0.0015 0.9373 0.0613 
   NS_SS0865  3 0.0250 0.2314 0.7436 
   NS_SS0759  3 0.0036 0.0183 0.9781 
   NS_SS0851  3 0.0100 0.0052 0.9847 
   NS_SS0874  3 0.0014 0.0329 0.9657 
   NS_SS0761  3 0.0023 0.9648 0.0329 
   NS_SS0842  3 0.0082 0.8186 0.1731 
   NS_SS0785  3 0.0060 0.7029 0.2911 
   NS_SS0860  3 0.0023 0.9523 0.0454 
   NS_SS0897  3 0.0017 0.9876 0.0106 
   NS_SS0841  3 0.0030 0.0220 0.9750 
   NS_SS0797  3 0.0251 0.9017 0.0731 
   NS_SS0830  3 0.0020 0.7135 0.2844 
   NS_SS1011  3 0.0049 0.0144 0.9807 
   NS_SS0883  3 0.0065 0.8267 0.1668 
   NS_SS0782  3 0.0020 0.0970 0.9010 
   NS_SS0831  3 0.0027 0.9694 0.0279 
   NS_SS0749  3 0.0037 0.8625 0.1339 
   NS_SS0854  3 0.0031 0.8626 0.1343 
   HI_SS0193  4 0.0016 0.9824 0.0160 
   HI_SS0194  4 0.0016 0.0370 0.9614 
   HI_SS0195  4 0.0803 0.0044 0.9153 
   HI_SS0196  4 0.0026 0.4820 0.5154 
   HI_SS0197  4 0.0106 0.0108 0.9787 
   HI_SS0198  4 0.0093 0.3212 0.6695 
   HI_SS0199  4 0.0023 0.9217 0.0760 
   HI_SS0201  4 0.0019 0.9884 0.0097 
   HI_SS0215  4 0.0032 0.9130 0.0838 
   HI_SS0218  4 0.0049 0.9880 0.0071 
   HI_SS0222  4 0.0037 0.0421 0.9542 
   HI_SS0230  4 0.0049 0.0361 0.9591 
   HI_SS0234  4 0.1484 0.2870 0.5646 
   HI_SS0240  4 0.0067 0.1973 0.7960 
   HI_SS0241  4 0.0020 0.9802 0.0178 
   HI_SS0242  4 0.0033 0.6215 0.3752 
   HI_SS0247  4 0.0192 0.0241 0.9567 
   HI_SS0248  4 0.0007 0.9928 0.0065 
   HI_SS0252  4 0.0018 0.0269 0.9712 
   HI_SS0254  4 0.0798 0.9088 0.0115 
   HI_SS0256  4 0.0014 0.0057 0.9928 
   HI_SS0257  4 0.0026 0.9788 0.0186 
   HI_SS0258  4 0.0041 0.9822 0.0137 
   HI_SS0259  4 0.0023 0.0563 0.9413 
   HI_SS0260  4 0.0014 0.9657 0.0330 
   HI_SS0261  4 0.0027 0.9582 0.0391 
   HI_SS0262  4 0.0058 0.0317 0.9626 
   HI_SS0264  4 0.0032 0.0141 0.9828 
   HI_SS0265  4 0.0800 0.0484 0.8716 
   HI_SS0268  4 0.0025 0.0588 0.9387 
   HI_SS0269  4 0.0015 0.9899 0.0086 
   HI_SS0273  4 0.0016 0.9717 0.0267 
   HI_SS0277  4 0.0026 0.1779 0.8195 
   HI_SS0280  4 0.0053 0.4583 0.5364 
   HI_SS0282  4 0.0012 0.9605 0.0383 
   HI_SS0286  4 0.0079 0.5718 0.4203 
   NS_SS1252  5 0.0035 0.9830 0.0135 
   NS_SS1261  5 0.0140 0.0817 0.9044 
   NS_SS1225  5 0.1135 0.7264 0.1602 
   NS_SS1266  5 0.0065 0.0065 0.9870 
   NS_SS1228  5 0.0099 0.0439 0.9462 
   NS_SS1255  5 0.0012 0.1592 0.8395 
   NS_SS1267  5 0.0119 0.9824 0.0057 
   NS_SS1238  5 0.0023 0.2356 0.7621 
   NS_SS1233  5 0.0018 0.0740 0.9242 
   NS_SS1277  5 0.0008 0.9858 0.0134 
   NS_SS1245  5 0.0018 0.9367 0.0616 
   NS_SS1240  5 0.0019 0.9826 0.0154 
   NS_SS1275  5 0.0025 0.0064 0.9911 
   NS_SS1235  5 0.0058 0.5450 0.4492 
   NS_SS1263  5 0.0010 0.1078 0.8912 
   NS_SS1251  5 0.0012 0.1528 0.8460 
   NS_SS1248  5 0.0955 0.2063 0.6982 
   NS_SS1244  5 0.0048 0.8631 0.1321 
   NS_SS1257  5 0.0283 0.9386 0.0331 
   NS_SS1242  5 0.0021 0.0058 0.9921 
   NS_SS1271  5 0.0238 0.9634 0.0128 
   NS_SS1265  5 0.0196 0.6351 0.3452 
   NS_SS1243  5 0.0662 0.0463 0.8875 
   NS_SS1273  5 0.0075 0.0105 0.9819 
   NS_SS1254  5 0.0065 0.3486 0.6450 
   NS_SS1224  5 0.0065 0.0178 0.9757 
   NS_SS1227  5 0.0018 0.9861 0.0121 
   NS_SS1274  5 0.0178 0.9356 0.0466 
   NS_SS1241  5 0.0009 0.9819 0.0172 
   NS_SS1256  5 0.0377 0.2512 0.7110 
   NS_SS1260  5 0.0781 0.8389 0.0830 
   NS_SS1262  5 0.1808 0.7606 0.0586 
   NS_SS1230  5 0.0069 0.8473 0.1459 
   NS_SS1270  5 0.0020 0.0517 0.9463 
   NS_SS1229  5 0.0035 0.1407 0.8558 
   NS_SS1246  5 0.0029 0.9395 0.0576 
   NS_SS1269  5 0.0017 0.2075 0.7908 
   NS_SS1239  5 0.0044 0.1191 0.8765 
   NS_SS1272  5 0.0055 0.0735 0.9211 
   NS_SS1268  5 0.0019 0.2352 0.7629 
   NS_SS1249  5 0.0107 0.9772 0.0120 
   HI_SS0559  6 0.0016 0.8839 0.1145 
   HI_SS0563  6 0.0028 0.3355 0.6617 
   HI_SS0564  6 0.0497 0.1975 0.7528 
   HI_SS0565  6 0.0036 0.7198 0.2766 
   HI_SS0569  6 0.0020 0.9832 0.0148 
   HI_SS0570  6 0.0340 0.9498 0.0162 
   HI_SS0572  6 0.0021 0.0467 0.9512 
   HI_SS0576  6 0.0056 0.0936 0.9009 
   HI_SS0579  6 0.0162 0.9394 0.0444 
   HI_SS0580  6 0.0043 0.7063 0.2894 
   HI_SS0581  6 0.0503 0.0142 0.9355 
   HI_SS0583  6 0.0023 0.6063 0.3914 
   HI_SS0586  6 0.0010 0.9858 0.0132 
   HI_SS0588  6 0.0173 0.9385 0.0443 
   HI_SS0595  6 0.0221 0.9027 0.0751 
   HI_SS0596  6 0.0018 0.0172 0.9810 
   HI_SS0597  6 0.0018 0.0102 0.9880 
   HI_SS0600  6 0.0033 0.6279 0.3688 
   HI_SS0601  6 0.0125 0.8946 0.0929 
   HI_SS0602  6 0.0022 0.8650 0.1328 
   HI_SS0604  6 0.0016 0.2662 0.7322 
   HI_SS0605  6 0.0078 0.7273 0.2649 
   HI_SS0608  6 0.0012 0.7818 0.2170 
   HI_SS0609  6 0.0007 0.0394 0.9599 
   HI_SS0611  6 0.0027 0.9455 0.0518 
   HI_SS0612  6 0.0079 0.7836 0.2085 
   HI_SS0613  6 0.0013 0.1517 0.8470 
   HI_SS0615  6 0.0076 0.0379 0.9544 
   HI_SS0001  6 0.0038 0.7892 0.2070 
   HI_SS0002  6 0.0189 0.0351 0.9460 
   HI_SS0004  6 0.0054 0.8527 0.1419 
   HI_SS0005  6 0.0059 0.2539 0.7403 
   HI_SS0006  6 0.0017 0.4992 0.4991 
   HI_SS0007  6 0.0022 0.9844 0.0134 
   HI_SS0008  6 0.0404 0.7124 0.2472 
   HI_SS0009  6 0.0040 0.0944 0.9016 
   HI_SS0010  6 0.0029 0.9580 0.0391 
   HI_SS0011  6 0.0772 0.0579 0.8650 
   HI_SS0012  6 0.0047 0.0379 0.9574 
   HI_SS0017  6 0.0018 0.0332 0.9650 
   HI_SS0021  6 0.2435 0.4347 0.3218 
   HI_SS0024  6 0.0018 0.0292 0.9689 
   HI_SS0025  6 0.0027 0.0205 0.9767 
   HI_SS0027  6 0.0107 0.9799 0.0094 
   HI_SS0028  6 0.0017 0.0088 0.9894 
   HI_SS0029  6 0.0061 0.0611 0.9328 
   HI_SS0030  6 0.0048 0.9739 0.0213 
   HI_SS0031  6 0.0034 0.6618 0.3349 
   HI_SS0034  6 0.0041 0.9858 0.0101 
   HI_SS0036  6 0.0111 0.9762 0.0127 
   HI_SS0037  6 0.0041 0.6997 0.2962 
   HI_SS0039  6 0.0030 0.9576 0.0394 
   HI_SS0041  6 0.0018 0.0144 0.9838 
   HI_SS0042  6 0.1197 0.0779 0.8023 
   HI_SS0043  6 0.0023 0.9910 0.0068 
   HI_SS0044  6 0.0023 0.2247 0.7729 
   HI_SS0047  6 0.0022 0.1113 0.8865 
   HI_SS0049  6 0.0032 0.1373 0.8595 
   HI_SS0051  6 0.0023 0.1801 0.8176 
   HI_SS0053  6 0.0039 0.9876 0.0085 
   HI_SS0054  6 0.0029 0.9892 0.0079 
   HI_SS0057  6 0.0032 0.5435 0.4532 
   HI_SS0058  6 0.0060 0.6939 0.3000 
   HI_SS0060  6 0.0941 0.8261 0.0798 
   HI_SS0087  6 0.0022 0.4038 0.5940 
   HI_SS0091  6 0.0012 0.9825 0.0163 
   HI_SS0095  6 0.0659 0.7424 0.1917 
   HI_SS0097  6 0.0044 0.3804 0.6151 
   HI_SS0099  6 0.0033 0.0169 0.9798 
   HI_SS0103  6 0.0028 0.0976 0.8995 
   HI_SS0105  6 0.0230 0.0665 0.9106 
   HI_SS0107  6 0.0009 0.0137 0.9853 
   HI_SS0108  6 0.0194 0.9741 0.0065 
   HI_SS0110  6 0.0012 0.7129 0.2859 
   HI_SS0111  6 0.0196 0.0668 0.9136 
   HI_SS0112  6 0.0010 0.9926 0.0064 
   HI_SS0113  6 0.0027 0.0077 0.9896 
   HI_SS0114  6 0.0047 0.9599 0.0353 
   HI_SS0115  6 0.0174 0.6231 0.3595 
   HI_SS0116  6 0.0035 0.9028 0.0938 
   HI_SS0117  6 0.0020 0.9067 0.0913 
   HI_SS0118  6 0.0119 0.6362 0.3519 
   HI_SS0119  6 0.0020 0.9673 0.0307 
   HI_SS0120  6 0.0026 0.0085 0.9889 
   HI_SS0121  6 0.0013 0.0112 0.9875 
   HI_SS0122  6 0.0186 0.0850 0.8965 
   HI_SS0123  6 0.0039 0.2248 0.7713 
   HI_SS0124  6 0.0025 0.0158 0.9818 
   HI_SS0125  6 0.0369 0.0294 0.9337 
   HI_SS0126  6 0.0009 0.9910 0.0081 
   HI_SS0127  6 0.0099 0.8142 0.1759 
   HI_SS0128  6 0.0028 0.4378 0.5595 
   HI_SS0129  6 0.0106 0.5816 0.4078 
   HI_SS0131  6 0.0364 0.5129 0.4507 
   HI_SS0132  6 0.0006 0.7044 0.2951 
   HI_SS0133  6 0.0013 0.9941 0.0047 
   HI_SS0134  6 0.0016 0.6998 0.2986 
   HI_SS0142  6 0.0155 0.0796 0.9049 
   HI_SS0145  6 0.0014 0.8846 0.1140 
   HI_SS0146  6 0.0010 0.9754 0.0236 
   HI_SS0147  6 0.0151 0.0074 0.9775 
   HI_SS0149  6 0.0046 0.4957 0.4997 
   HI_SS0150  6 0.0038 0.0265 0.9697 
   HI_SS0151  6 0.0132 0.7564 0.2304 
   NS_SS1451  6 0.0029 0.0123 0.9847 
   NS_SS1404  6 0.0085 0.0210 0.9706 
   NS_SS1432  6 0.0288 0.0094 0.9618 
   NS_SS1405  6 0.0028 0.0995 0.8976 
   NS_SS1431  6 0.0007 0.0254 0.9739 
   NS_SS1402  6 0.0023 0.1350 0.8627 
   NS_SS1450  6 0.0038 0.8804 0.1158 
   NS_SS1396  6 0.0045 0.0336 0.9619 
   NS_SS1393  6 0.0035 0.3211 0.6754 
   NS_SS1392  6 0.0158 0.0653 0.9189 
   NS_SS1445  6 0.0099 0.9108 0.0793 
   NS_SS1423  6 0.0014 0.9540 0.0446 
   NS_SS1421  6 0.0976 0.7883 0.1140 
   NS_SS1411  6 0.0017 0.9520 0.0462 
   NS_SS1453  6 0.0059 0.7687 0.2255 
   NS_SS1442  6 0.0039 0.2515 0.7447 
   NS_SS1422  6 0.0103 0.7327 0.2570 
   NS_SS1419  6 0.1581 0.0834 0.7585 
   NS_SS1427  6 0.0017 0.9927 0.0057 
   NS_SS1444  6 0.0028 0.0207 0.9764 
   NS_SS1455  6 0.0011 0.0105 0.9884 
   NS_SS1425  6 0.0013 0.9896 0.0091 
   NS_SS1400  6 0.0014 0.9554 0.0432 
   NS_SS1406  6 0.0086 0.0152 0.9762 
   NS_SS1417  6 0.0058 0.1554 0.8388 
   NS_SS1454  6 0.0013 0.4558 0.5428 
   NS_SS1412  6 0.0256 0.6295 0.3449 
   NS_SS1438  6 0.0013 0.9796 0.0191 
   NS_SS1416  6 0.0056 0.0117 0.9827 
   NS_SS1401  6 0.0099 0.0762 0.9138 
   NS_SS1424  6 0.0124 0.7204 0.2673 
   NS_SS1435  6 0.0026 0.7777 0.2197 
   NS_SS1447  6 0.0047 0.0121 0.9832 
   NS_SS1414  6 0.0060 0.0146 0.9794 
   NS_SS1449  6 0.0044 0.4867 0.5089 
   NS_SS1443  6 0.0016 0.9924 0.0060 
   NS_SS1434  6 0.0007 0.8521 0.1472 
   NS_SS1398  6 0.0231 0.4979 0.4790 
   NS_SS1426  6 0.0022 0.9862 0.0116 
   NS_SS1413  6 0.0089 0.9822 0.0089 
   NS_SS1395  6 0.0112 0.9645 0.0243 
   NS_SS1448  6 0.0017 0.8818 0.1165 
   NS_SS1446  6 0.0028 0.2735 0.7237 
   NS_SS1403  6 0.0056 0.2537 0.7407 
   NS_SS1415  6 0.0087 0.9806 0.0107 
   NS_SS1437  6 0.0071 0.2641 0.7288 
   NS_SS1439  6 0.0029 0.1035 0.8936 
   NS_SS1441  6 0.0020 0.9645 0.0335 
   NS_SS1420  6 0.0024 0.0091 0.9884 
   NS_SS1394  6 0.0316 0.0448 0.9235 
   NS_SS1391  6 0.0137 0.8457 0.1405 
   NS_SS1410  6 0.0131 0.3362 0.6507 
   NS_SS1408  6 0.0600 0.5174 0.4226 
   NS_SS1409  6 0.0026 0.2968 0.7006 
   HI_SS0617  7 0.0014 0.4962 0.5023 
   HI_SS0618  7 0.0022 0.0884 0.9094 
   HI_SS0619  7 0.0029 0.2055 0.7915 
   HI_SS0620  7 0.0022 0.9904 0.0073 
   HI_SS0621  7 0.0112 0.0484 0.9404 
   HI_SS0622  7 0.0107 0.5539 0.4354 
   HI_SS0626  7 0.0074 0.2263 0.7663 
   HI_SS0627  7 0.0059 0.0143 0.9797 
   HI_SS0628  7 0.0518 0.3258 0.6224 
   HI_SS0629  7 0.0055 0.5102 0.4843 
   HI_SS0630  7 0.0518 0.8278 0.1204 
   HI_SS0631  7 0.0007 0.9810 0.0183 
   HI_SS0632  7 0.0026 0.4013 0.5962 
   HI_SS0633  7 0.0025 0.0108 0.9868 
   HI_SS0634  7 0.0018 0.1878 0.8104 
   HI_SS0635  7 0.0077 0.0590 0.9332 
   HI_SS0637  7 0.0027 0.1655 0.8318 
   HI_SS0638  7 0.0011 0.5361 0.4628 
   HI_SS0639  7 0.0336 0.0158 0.9506 
   HI_SS0640  7 0.0017 0.9303 0.0680 
   HI_SS0641  7 0.0049 0.9086 0.0865 
   HI_SS0642  7 0.0022 0.5182 0.4796 
   HI_SS0645  7 0.0008 0.0139 0.9854 
   HI_SS0646  7 0.0028 0.5848 0.4124 
   HI_SS0647  7 0.0012 0.6217 0.3771 
   HI_SS0648  7 0.0031 0.7754 0.2215 
   HI_SS0649  7 0.0016 0.1439 0.8544 
   HI_SS0650  7 0.0032 0.0659 0.9309 
   HI_SS0651  7 0.0040 0.8303 0.1657 
   HI_SS0652  7 0.0030 0.0206 0.9763 
   NS_SS1371  7 0.0058 0.9627 0.0314 
   NS_SS1374  7 0.0023 0.8845 0.1132 
   NS_SS1337  7 0.0027 0.0159 0.9814 
   NS_SS1385  7 0.0049 0.3728 0.6223 
   NS_SS1388  7 0.0051 0.0493 0.9456 
   NS_SS1370  7 0.0084 0.1312 0.8603 
   NS_SS1389  7 0.0028 0.0290 0.9682 
   NS_SS1360  7 0.0043 0.9528 0.0429 
   NS_SS1330  7 0.0031 0.0174 0.9795 
   NS_SS1328  7 0.0020 0.9671 0.0308 
   NS_SS1384  7 0.0038 0.9403 0.0559 
   NS_SS1381  7 0.0008 0.0365 0.9627 
   NS_SS1375  7 0.0010 0.0452 0.9538 
   NS_SS1319  7 0.1074 0.5070 0.3856 
   NS_SS1326  7 0.0100 0.9491 0.0409 
   NS_SS1341  7 0.0046 0.5737 0.4217 
   NS_SS1383  7 0.0048 0.5771 0.4182 
   NS_SS1318  7 0.0144 0.0846 0.9009 
   NS_SS1348  7 0.0012 0.9911 0.0077 
   NS_SS1363  7 0.0043 0.0964 0.8993 
   NS_SS1335  7 0.0270 0.9603 0.0127 
   NS_SS1358  7 0.0158 0.8749 0.1092 
   NS_SS1342  7 0.0013 0.9291 0.0696 
   NS_SS1320  7 0.0053 0.0070 0.9878 
   NS_SS1355  7 0.0100 0.0217 0.9683 
   NS_SS1345  7 0.0162 0.4216 0.5621 
   NS_SS1324  7 0.0024 0.9198 0.0778 
   NS_SS1347  7 0.0038 0.9501 0.0462 
   NS_SS1321  7 0.0013 0.7061 0.2926 
   NS_SS1333  7 0.0034 0.6631 0.3335 
   NS_SS1364  7 0.0022 0.9456 0.0523 
   NS_SS1379  7 0.0440 0.1041 0.8519 
   NS_SS1332  7 0.0047 0.9869 0.0084 
   NS_SS1338  7 0.0080 0.8231 0.1689 
   NS_SS1368  7 0.0044 0.8796 0.1160 
   NS_SS1354  7 0.0100 0.0480 0.9420 
   NS_SS1365  7 0.0078 0.1271 0.8651 
   NS_SS1380  7 0.0163 0.0149 0.9688 
   NS_SS1329  7 0.0030 0.8967 0.1003 
   NS_SS1362  7 0.0043 0.5219 0.4739 
   NS_SS1327  7 0.0030 0.9926 0.0044 
   NS_SS1350  7 0.0099 0.8728 0.1173 
   NS_SS1387  7 0.0023 0.0284 0.9693 
   NS_SS1369  7 0.0036 0.9583 0.0381 
   NS_SS1331  7 0.0075 0.1027 0.8898 
   NS_SS1357  7 0.0039 0.7160 0.2801 
   NS_SS1386  7 0.0024 0.9921 0.0055 
   NS_SS1353  7 0.0026 0.1149 0.8825 
   NS_SS1323  7 0.0683 0.0783 0.8534 
   HI_SS0296  8 0.0016 0.9733 0.0252 
   HI_SS0297  8 0.0008 0.6255 0.3736 
   HI_SS0299  8 0.0348 0.4779 0.4874 
   HI_SS0300  8 0.0012 0.7827 0.2161 
   HI_SS0301  8 0.0037 0.3593 0.6370 
   HI_SS0302  8 0.0193 0.9583 0.0223 
   HI_SS0303  8 0.0055 0.9791 0.0154 
   HI_SS0304  8 0.0020 0.0268 0.9712 
   HI_SS0306  8 0.0027 0.9904 0.0069 
   HI_SS0307  8 0.0066 0.0168 0.9766 
   HI_SS0308  8 0.0832 0.4385 0.4784 
   HI_SS0309  8 0.0030 0.1298 0.8672 
   HI_SS0310  8 0.0072 0.2820 0.7108 
   HI_SS0311  8 0.0020 0.2535 0.7445 
   HI_SS0314  8 0.0016 0.7707 0.2278 
   HI_SS0316  8 0.0039 0.8833 0.1128 
   HI_SS0317  8 0.0019 0.2661 0.7319 
   HI_SS0318  8 0.1982 0.7790 0.0229 
   HI_SS0319  8 0.0037 0.9903 0.0060 
   HI_SS0320  8 0.0009 0.0132 0.9860 
   HI_SS0321  8 0.0018 0.9334 0.0647 
   HI_SS0323  8 0.0016 0.4810 0.5174 
   HI_SS0325  8 0.0017 0.9302 0.0680 
   HI_SS0327  8 0.0012 0.9895 0.0093 
   HI_SS0329  8 0.0013 0.0820 0.9168 
   HI_SS0333  8 0.0022 0.1539 0.8439 
   HI_SS0334  8 0.0013 0.9785 0.0202 
   HI_SS0335  8 0.0177 0.0634 0.9189 
   HI_SS0339  8 0.0092 0.0424 0.9483 
   HI_SS0343  8 0.0017 0.1411 0.8572 
   HI_SS0344  8 0.0025 0.9919 0.0056 
   HI_SS0345  8 0.0056 0.1011 0.8933 
   HI_SS0346  8 0.0036 0.1981 0.7983 
   HI_SS0350  8 0.0077 0.0085 0.9839 
   HI_SS0351  8 0.0031 0.2567 0.7402 
   HI_SS0352  8 0.0903 0.0242 0.8856 
   HI_SS0362  8 0.0021 0.9116 0.0863 
   HI_SS0363  8 0.0036 0.9824 0.0140 
   HI_SS0365  8 0.0045 0.9382 0.0573 
   HI_SS0366  8 0.0015 0.9773 0.0212 
   HI_SS0367  8 0.0021 0.0071 0.9908 
   HI_SS0369  8 0.0019 0.0164 0.9818 
   HI_SS0370  8 0.0031 0.8184 0.1785 
   HI_SS0371  8 0.0039 0.9374 0.0587 
   HI_SS0373  8 0.0113 0.3609 0.6278 
   HI_SS0374  8 0.0212 0.0195 0.9593 
   HI_SS0377  8 0.0810 0.8626 0.0564 
   HI_SS0379  8 0.0009 0.9955 0.0036 
   HI_SS0380  8 0.0056 0.0409 0.9535 
   HI_SS0381  8 0.0033 0.0166 0.9800 
   HI_SS0384  8 0.0079 0.8151 0.1769 
   HI_SS0385  8 0.0012 0.5625 0.4363 
   HI_SS0386  9 0.9970 0.0016 0.0014 
   HI_SS0387  9 0.9732 0.0135 0.0133 
   HI_SS0389  9 0.9939 0.0030 0.0031 
   HI_SS0390  9 0.9966 0.0017 0.0017 
   HI_SS0391  9 0.9952 0.0020 0.0027 
   HI_SS0392  9 0.9971 0.0016 0.0013 
   HI_SS0393  9 0.9969 0.0018 0.0013 
   HI_SS0394  9 0.9972 0.0014 0.0014 
   HI_SS0395  9 0.9937 0.0028 0.0036 
   HI_SS0396  9 0.9826 0.0075 0.0099 
   HI_SS0398  9 0.9905 0.0048 0.0047 
   HI_SS0399  9 0.9981 0.0010 0.0009 
   HI_SS0400  9 0.9960 0.0019 0.0021 
   HI_SS0401  9 0.9970 0.0016 0.0015 
   HI_SS0402  9 0.9976 0.0012 0.0012 
   HI_SS0403  9 0.9972 0.0014 0.0015 
   HI_SS0404  9 0.9977 0.0011 0.0012 
   HI_SS0405  9 0.9645 0.0168 0.0187 
   HI_SS0406  9 0.9960 0.0019 0.0021 
   HI_SS0407  9 0.9851 0.0064 0.0085 
   HI_SS0408  9 0.9980 0.0008 0.0012 
   HI_SS0409  9 0.9942 0.0031 0.0027 
   HI_SS0411  9 0.9951 0.0026 0.0023 
   HI_SS0412  9 0.8215 0.0784 0.1001 
   HI_SS0413  9 0.9960 0.0020 0.0019 
   HI_SS0414  9 0.9653 0.0130 0.0217 
   HI_SS0415  9 0.9962 0.0023 0.0015 
   HI_SS0416  9 0.9937 0.0031 0.0032 
   HI_SS0418  9 0.9909 0.0053 0.0038 
   HI_SS0419  9 0.9940 0.0022 0.0038 
   HI_SS0420  9 0.9960 0.0022 0.0018 
   HI_SS0421  9 0.9916 0.0040 0.0043 
   HI_SS0422  9 0.9973 0.0013 0.0015 
   HI_SS0423  9 0.9922 0.0037 0.0041 
   HI_SS0424  9 0.9970 0.0015 0.0016 
   HI_SS0425  9 0.9937 0.0022 0.0042 
   NS_SS1146 10 0.9956 0.0027 0.0017 
   NS_SS1157 10 0.9886 0.0054 0.0060 
   NS_SS1144 10 0.9577 0.0254 0.0169 
   NS_SS1074 10 0.9938 0.0035 0.0027 
   NS_SS1122 10 0.9913 0.0050 0.0037 
   NS_SS1136 10 0.9980 0.0011 0.0009 
   NS_SS1077 10 0.9986 0.0008 0.0006 
   NS_SS1134 10 0.9804 0.0094 0.0102 
   NS_SS1091 10 0.9962 0.0018 0.0021 
   NS_SS1089 10 0.9951 0.0027 0.0022 
   NS_SS1123 10 0.9971 0.0015 0.0014 
   NS_SS1158 10 0.9981 0.0009 0.0010 
   NS_SS1093 10 0.9955 0.0024 0.0022 
   NS_SS1102 10 0.9898 0.0045 0.0057 
   NS_SS1056 10 0.9968 0.0016 0.0017 
   NS_SS1126 10 0.9947 0.0030 0.0024 
   NS_SS1058 10 0.9927 0.0037 0.0035 
   NS_SS1084 10 0.9975 0.0012 0.0013 
   NS_SS1095 10 0.9889 0.0066 0.0045 
   NS_SS1079 10 0.9970 0.0015 0.0015 
   NS_SS1149 10 0.9954 0.0020 0.0026 
   NS_SS1121 10 0.9970 0.0012 0.0018 
   NS_SS1067 10 0.9904 0.0041 0.0055 
   NS_SS1081 10 0.9951 0.0022 0.0026 
   NS_SS1130 10 0.9941 0.0025 0.0035 
   NS_SS1073 10 0.9952 0.0019 0.0030 
   NS_SS1133 10 0.9857 0.0036 0.0107 
   NS_SS1129 10 0.9976 0.0012 0.0012 
   NS_SS1085 10 0.9962 0.0020 0.0018 
   NS_SS1137 10 0.9921 0.0041 0.0038 
   NS_SS1135 10 0.9979 0.0010 0.0011 
   NS_SS1082 10 0.9973 0.0013 0.0014 
   NS_SS1125 10 0.9973 0.0012 0.0015 
   NS_SS1124 10 0.9880 0.0053 0.0067 
   NS_SS1155 10 0.9847 0.0090 0.0063 
   NS_SS1145 10 0.9967 0.0017 0.0017 
