   NS_SS0963  1 0.0069 0.0276 0.4252 0.2667 0.0057 0.2679 
   NS_SS0983  1 0.0320 0.0096 0.0070 0.0090 0.0032 0.9393 
   NS_SS0719  1 0.0236 0.0354 0.0064 0.6634 0.0046 0.2665 
   NS_SS1001  1 0.1342 0.6943 0.0780 0.0696 0.0067 0.0173 
   NS_SS0936  1 0.0136 0.8808 0.0715 0.0088 0.0022 0.0230 
   NS_SS0955  1 0.0231 0.0228 0.0085 0.0080 0.0030 0.9346 
   NS_SS0944  1 0.8345 0.0163 0.1072 0.0297 0.0020 0.0102 
   NS_SS0945  1 0.8590 0.0793 0.0279 0.0171 0.0094 0.0073 
   NS_SS0922  1 0.0049 0.1989 0.0249 0.7256 0.0243 0.0215 
   NS_SS0929  1 0.0326 0.8369 0.0465 0.0209 0.0033 0.0597 
   NS_SS0956  1 0.0073 0.0186 0.0087 0.9465 0.0029 0.0161 
   NS_SS0906  1 0.0364 0.0212 0.7733 0.0420 0.0030 0.1241 
   NS_SS0721  1 0.0201 0.0246 0.0107 0.3432 0.0043 0.5971 
   NS_SS0982  1 0.0068 0.0287 0.1804 0.1182 0.0176 0.6482 
   NS_SS0923  1 0.0093 0.5245 0.0463 0.3697 0.0047 0.0454 
   NS_SS0905  1 0.0216 0.0070 0.0117 0.7028 0.0018 0.2551 
   NS_SS0925  1 0.0075 0.1697 0.5851 0.0233 0.0041 0.2103 
   NS_SS0947  1 0.0204 0.0266 0.8686 0.0386 0.0050 0.0408 
   NS_SS0926  1 0.4048 0.5319 0.0088 0.0134 0.0011 0.0401 
   NS_SS0918  1 0.0531 0.6728 0.0894 0.1327 0.0028 0.0493 
   NS_SS0966  1 0.0656 0.0335 0.6698 0.1231 0.0506 0.0574 
   NS_SS0938  1 0.0049 0.9699 0.0084 0.0109 0.0013 0.0047 
   NS_SS0917  1 0.0208 0.0181 0.0190 0.0488 0.0330 0.8604 
   NS_SS0957  1 0.0060 0.8576 0.0170 0.0547 0.0058 0.0590 
   NS_SS0987  1 0.0070 0.0853 0.0104 0.6480 0.2298 0.0195 
   NS_SS0717  1 0.0117 0.0213 0.5350 0.2876 0.0027 0.1417 
   NS_SS0986  1 0.0839 0.5871 0.2322 0.0365 0.0033 0.0570 
   NS_SS0953  1 0.0149 0.0068 0.9239 0.0228 0.0134 0.0183 
   NS_SS0907  1 0.0275 0.0124 0.8366 0.0178 0.0323 0.0734 
   NS_SS0974  1 0.8620 0.0227 0.0456 0.0498 0.0044 0.0155 
   NS_SS0989  1 0.2185 0.0950 0.0299 0.0516 0.0011 0.6039 
   NS_SS0991  1 0.2140 0.0093 0.0934 0.0248 0.0020 0.6565 
   NS_SS0994  1 0.8300 0.0166 0.0067 0.0061 0.0021 0.1385 
   NS_SS0931  1 0.0721 0.8993 0.0070 0.0106 0.0064 0.0047 
   NS_SS1000  1 0.0096 0.0277 0.8878 0.0103 0.0039 0.0607 
   NS_SS0919  1 0.0104 0.0184 0.0248 0.0218 0.0027 0.9219 
   NS_SS0949  1 0.9170 0.0503 0.0104 0.0076 0.0014 0.0132 
   NS_SS0960  1 0.4714 0.0240 0.0332 0.2872 0.0067 0.1775 
   NS_SS0716  1 0.0120 0.0216 0.0227 0.9255 0.0061 0.0121 
   NS_SS0924  1 0.0202 0.2975 0.0445 0.1445 0.0183 0.4751 
   NS_SS0935  1 0.0321 0.0143 0.0115 0.0749 0.0077 0.8594 
   NS_SS0952  1 0.2632 0.0334 0.1019 0.0244 0.0373 0.5399 
   NS_SS0962  1 0.0102 0.8170 0.0445 0.1024 0.0069 0.0189 
   NS_SS0973  1 0.0956 0.0213 0.4184 0.1186 0.0041 0.3421 
   NS_SS0722  1 0.0054 0.1180 0.8416 0.0132 0.0025 0.0193 
   NS_SS0979  1 0.0178 0.2948 0.1485 0.1158 0.0025 0.4206 
   NS_SS0993  1 0.0174 0.2386 0.4184 0.2905 0.0186 0.0165 
   NS_SS0958  1 0.8387 0.0174 0.0617 0.0514 0.0027 0.0280 
   NS_SS0988  1 0.0116 0.4705 0.3844 0.1030 0.0049 0.0255 
   NS_SS1003  1 0.0057 0.1334 0.0239 0.8170 0.0097 0.0104 
   NS_SS0976  1 0.0439 0.8956 0.0301 0.0071 0.0018 0.0215 
   NS_SS0964  1 0.0269 0.0323 0.4045 0.5091 0.0021 0.0250 
   NS_SS0939  1 0.0042 0.8406 0.0046 0.1421 0.0043 0.0042 
   NS_SS0990  1 0.0124 0.8770 0.0128 0.0784 0.0029 0.0166 
   NS_SS0984  1 0.0051 0.7095 0.0171 0.2562 0.0021 0.0099 
   NS_SS0980  1 0.0085 0.0213 0.1125 0.0226 0.0018 0.8333 
   NS_SS0978  1 0.0306 0.0645 0.2736 0.0496 0.0028 0.5789 
   NS_SS0951  1 0.2145 0.0443 0.2387 0.4718 0.0027 0.0280 
   NS_SS0913  1 0.0356 0.0827 0.0667 0.7196 0.0400 0.0554 
   NS_SS1002  1 0.0074 0.2947 0.6246 0.0126 0.0383 0.0223 
   NS_SS0948  1 0.0800 0.7902 0.0376 0.0294 0.0439 0.0188 
   NS_SS0916  1 0.0531 0.3078 0.0227 0.5291 0.0039 0.0834 
   NS_SS0995  1 0.0102 0.0100 0.0148 0.9486 0.0023 0.0140 
   NS_SS0927  1 0.0618 0.0130 0.0375 0.0610 0.0055 0.8213 
   NS_SS0992  1 0.4527 0.0849 0.3259 0.0566 0.0032 0.0768 
   NS_SS0912  1 0.2564 0.1487 0.0258 0.2099 0.0028 0.3563 
   NS_SS0981  1 0.0102 0.6265 0.0655 0.1239 0.0036 0.1703 
   NS_SS0729  2 0.6068 0.0102 0.0611 0.0069 0.0042 0.3109 
   NS_SS0967  2 0.0370 0.4616 0.0866 0.0754 0.0110 0.3283 
   NS_SS0941  2 0.0118 0.7986 0.0155 0.0310 0.0757 0.0674 
   NS_SS0768  2 0.0202 0.0084 0.9135 0.0394 0.0044 0.0142 
   NS_SS0726  2 0.1673 0.6315 0.0313 0.0252 0.0089 0.1358 
   NS_SS0763  2 0.0849 0.0233 0.0661 0.0129 0.0021 0.8107 
   NS_SS0730  2 0.0114 0.0195 0.0120 0.9476 0.0027 0.0067 
   NS_SS0774  2 0.0164 0.5224 0.3605 0.0771 0.0010 0.0226 
   NS_SS0723  2 0.0078 0.1788 0.2327 0.0900 0.0018 0.4889 
   NS_SS0940  2 0.0433 0.8705 0.0087 0.0494 0.0052 0.0229 
   NS_SS0762  2 0.0108 0.0270 0.2405 0.7051 0.0029 0.0138 
   NS_SS0766  2 0.0244 0.1991 0.0151 0.5732 0.0139 0.1742 
   NS_SS0724  2 0.0133 0.0111 0.7780 0.1368 0.0052 0.0556 
   NS_SS0769  2 0.0084 0.0293 0.1340 0.2811 0.0047 0.5424 
   NS_SS0777  2 0.1551 0.4522 0.0602 0.0301 0.0155 0.2869 
   NS_SS0734  2 0.3252 0.0639 0.0186 0.4868 0.0315 0.0739 
   NS_SS0737  2 0.0090 0.4012 0.5290 0.0442 0.0053 0.0113 
   NS_SS0732  2 0.0091 0.0092 0.0124 0.9323 0.0046 0.0323 
   NS_SS0728  2 0.0292 0.0334 0.0318 0.1421 0.0115 0.7520 
   NS_SS0735  2 0.0373 0.0383 0.7860 0.0495 0.0097 0.0792 
   NS_SS0725  2 0.0657 0.3725 0.5030 0.0442 0.0079 0.0067 
   NS_SS0788  2 0.0122 0.0701 0.1424 0.2582 0.0018 0.5153 
   NS_SS0778  2 0.0080 0.4975 0.0304 0.0955 0.0016 0.3670 
   NS_SS0792  2 0.1031 0.0527 0.1015 0.7002 0.0051 0.0373 
   NS_SS0943  2 0.3977 0.0194 0.5244 0.0119 0.0070 0.0397 
   NS_SS0791  2 0.0264 0.5265 0.0052 0.3578 0.0119 0.0723 
   NS_SS0790  2 0.0031 0.0048 0.9758 0.0099 0.0030 0.0034 
   NS_SS0731  2 0.0075 0.0747 0.8387 0.0281 0.0117 0.0393 
   NS_SS0727  2 0.5606 0.0822 0.0534 0.0384 0.0017 0.2637 
   NS_SS0779  2 0.0361 0.5088 0.1187 0.0853 0.0057 0.2453 
   NS_SS0776  2 0.1239 0.4363 0.4032 0.0095 0.0082 0.0190 
   NS_SS0775  2 0.0121 0.7392 0.0219 0.2109 0.0066 0.0093 
   NS_SS0965  3 0.0146 0.0511 0.0310 0.1787 0.0016 0.7231 
   NS_SS0754  3 0.0342 0.1283 0.0166 0.0115 0.0117 0.7978 
   NS_SS0838  3 0.1204 0.4871 0.2607 0.0233 0.0475 0.0609 
   NS_SS0839  3 0.0082 0.4230 0.3185 0.2297 0.0044 0.0163 
   NS_SS0832  3 0.0033 0.0329 0.6665 0.2047 0.0429 0.0497 
   NS_SS0820  3 0.0045 0.0500 0.4364 0.4832 0.0060 0.0201 
   NS_SS0886  3 0.0852 0.0679 0.0870 0.5773 0.0020 0.1805 
   NS_SS0748  3 0.2210 0.1398 0.4771 0.0268 0.0084 0.1269 
   NS_SS0884  3 0.0633 0.2992 0.2916 0.0499 0.0262 0.2697 
   NS_SS0752  3 0.1252 0.3627 0.3036 0.0550 0.0020 0.1515 
   NS_SS0862  3 0.0081 0.0253 0.0931 0.5851 0.0040 0.2844 
   NS_SS0787  3 0.8067 0.0093 0.0117 0.0270 0.0070 0.1382 
   NS_SS0843  3 0.0161 0.0127 0.5438 0.1021 0.0016 0.3238 
   NS_SS0856  3 0.1548 0.0273 0.6372 0.1327 0.0030 0.0449 
   NS_SS0846  3 0.0498 0.0605 0.3838 0.0109 0.0034 0.4915 
   NS_SS0825  3 0.0403 0.5759 0.0257 0.3075 0.0087 0.0419 
   NS_SS0757  3 0.0427 0.0201 0.0489 0.0298 0.0033 0.8552 
   NS_SS0876  3 0.0168 0.0051 0.3097 0.3659 0.2183 0.0842 
   NS_SS0903  3 0.0160 0.0177 0.9226 0.0111 0.0027 0.0298 
   NS_SS0875  3 0.0160 0.0348 0.0162 0.9103 0.0028 0.0199 
   NS_SS0740  3 0.0130 0.0084 0.0268 0.0200 0.0034 0.9285 
   NS_SS0811  3 0.0277 0.0159 0.0831 0.8192 0.0113 0.0428 
   NS_SS0751  3 0.1369 0.4769 0.0151 0.3071 0.0031 0.0610 
   NS_SS0891  3 0.0125 0.1037 0.7938 0.0669 0.0054 0.0177 
   NS_SS0867  3 0.0970 0.0682 0.2614 0.0287 0.0271 0.5175 
   NS_SS0890  3 0.0326 0.0576 0.1546 0.4511 0.0042 0.2998 
   NS_SS0866  3 0.7717 0.1889 0.0065 0.0094 0.0052 0.0184 
   NS_SS0755  3 0.0468 0.0693 0.3317 0.4313 0.0076 0.1133 
   NS_SS0758  3 0.0180 0.0308 0.0681 0.0209 0.0019 0.8603 
   NS_SS0840  3 0.0088 0.0172 0.1356 0.8166 0.0022 0.0196 
   NS_SS0889  3 0.8474 0.0144 0.0162 0.1053 0.0020 0.0147 
   NS_SS1010  3 0.0390 0.0184 0.1281 0.0932 0.0454 0.6758 
   NS_SS0888  3 0.7922 0.0082 0.0095 0.0328 0.0014 0.1558 
   NS_SS0837  3 0.0597 0.0187 0.5583 0.3048 0.0023 0.0562 
   NS_SS0794  3 0.9589 0.0055 0.0113 0.0115 0.0024 0.0104 
   NS_SS0823  3 0.0400 0.0365 0.8835 0.0186 0.0042 0.0172 
   NS_SS0829  3 0.8192 0.0062 0.0113 0.0166 0.0958 0.0508 
   NS_SS0844  3 0.0047 0.0039 0.9628 0.0180 0.0015 0.0090 
   NS_SS1008  3 0.5200 0.0409 0.0866 0.0794 0.0104 0.2628 
   NS_SS0881  3 0.0670 0.1959 0.0141 0.7034 0.0032 0.0164 
   NS_SS0834  3 0.0115 0.0543 0.8807 0.0366 0.0066 0.0103 
   NS_SS0744  3 0.0584 0.0787 0.1201 0.1830 0.0071 0.5526 
   NS_SS0899  3 0.0078 0.0158 0.5053 0.4599 0.0017 0.0096 
   NS_SS0804  3 0.0051 0.0449 0.1366 0.7360 0.0043 0.0731 
   NS_SS0781  3 0.0054 0.1631 0.7561 0.0305 0.0031 0.0418 
   NS_SS0822  3 0.9077 0.0139 0.0528 0.0138 0.0022 0.0095 
   NS_SS1004  3 0.0327 0.0417 0.8197 0.0749 0.0041 0.0268 
   NS_SS0746  3 0.1418 0.0536 0.6886 0.0404 0.0109 0.0647 
   NS_SS0880  3 0.0286 0.8799 0.0616 0.0182 0.0015 0.0102 
   NS_SS0879  3 0.1001 0.0613 0.6072 0.1895 0.0141 0.0277 
   NS_SS0753  3 0.0765 0.0107 0.0126 0.0137 0.0091 0.8775 
   NS_SS1007  3 0.0309 0.2480 0.0131 0.3447 0.0019 0.3614 
   NS_SS0872  3 0.0060 0.0189 0.9366 0.0204 0.0018 0.0163 
   NS_SS1005  3 0.0116 0.0174 0.9394 0.0149 0.0011 0.0156 
   NS_SS0892  3 0.0403 0.0626 0.0485 0.4765 0.0021 0.3700 
   NS_SS0898  3 0.2949 0.5974 0.0090 0.0827 0.0062 0.0098 
   NS_SS0801  3 0.0457 0.0611 0.5490 0.1727 0.0107 0.1608 
   NS_SS0827  3 0.0111 0.0149 0.0089 0.8290 0.0808 0.0554 
   NS_SS0853  3 0.0085 0.0351 0.0253 0.0667 0.0063 0.8581 
   NS_SS0780  3 0.0051 0.4358 0.0516 0.0276 0.0038 0.4759 
   NS_SS0826  3 0.0869 0.1458 0.7416 0.0161 0.0035 0.0061 
   NS_SS0818  3 0.0184 0.0952 0.1188 0.3782 0.0018 0.3877 
   NS_SS0745  3 0.0079 0.4544 0.0075 0.5249 0.0016 0.0037 
   NS_SS0849  3 0.0125 0.0203 0.0103 0.9432 0.0015 0.0122 
   NS_SS0739  3 0.0076 0.0076 0.0053 0.9618 0.0091 0.0086 
   NS_SS0799  3 0.1467 0.0107 0.0146 0.1644 0.0010 0.6626 
   NS_SS0756  3 0.0065 0.0798 0.8419 0.0609 0.0039 0.0070 
   NS_SS0802  3 0.0090 0.0059 0.0361 0.0547 0.1967 0.6976 
   NS_SS0747  3 0.0111 0.0531 0.1013 0.0137 0.0064 0.8144 
   NS_SS0835  3 0.0578 0.0101 0.0154 0.0445 0.0011 0.8711 
   NS_SS0742  3 0.0302 0.0533 0.2882 0.5891 0.0011 0.0381 
   NS_SS0760  3 0.8339 0.0181 0.0532 0.0192 0.0442 0.0314 
   NS_SS0803  3 0.0049 0.0067 0.9626 0.0074 0.0062 0.0122 
   NS_SS0828  3 0.0106 0.0941 0.0227 0.6689 0.0016 0.2022 
   NS_SS0865  3 0.1349 0.2495 0.0457 0.4474 0.0293 0.0933 
   NS_SS0759  3 0.0119 0.0216 0.0583 0.8618 0.0050 0.0413 
   NS_SS0851  3 0.0084 0.0425 0.0464 0.8875 0.0108 0.0044 
   NS_SS0874  3 0.0081 0.0101 0.9451 0.0148 0.0016 0.0204 
   NS_SS0761  3 0.0614 0.0143 0.0132 0.0102 0.0021 0.8988 
   NS_SS0842  3 0.1576 0.5057 0.1401 0.1625 0.0074 0.0268 
   NS_SS0785  3 0.0767 0.0726 0.2551 0.0200 0.0059 0.5697 
   NS_SS0860  3 0.1657 0.0206 0.0457 0.0909 0.0021 0.6751 
   NS_SS0897  3 0.9653 0.0056 0.0060 0.0069 0.0019 0.0143 
   NS_SS0841  3 0.0635 0.2086 0.0494 0.6649 0.0032 0.0104 
   NS_SS0797  3 0.0521 0.2681 0.0104 0.6370 0.0167 0.0156 
   NS_SS0830  3 0.1191 0.0437 0.0213 0.7910 0.0020 0.0229 
   NS_SS1011  3 0.0056 0.3041 0.6312 0.0267 0.0053 0.0272 
   NS_SS0883  3 0.1041 0.0364 0.0091 0.5608 0.0056 0.2840 
   NS_SS0782  3 0.5718 0.0954 0.2223 0.0904 0.0030 0.0170 
   NS_SS0831  3 0.7060 0.0337 0.0528 0.1615 0.0040 0.0420 
   NS_SS0749  3 0.0314 0.0208 0.0059 0.0285 0.0043 0.9091 
   NS_SS0854  3 0.3550 0.0402 0.0923 0.0325 0.0041 0.4759 
   HI_SS0193  4 0.9069 0.0643 0.0061 0.0142 0.0016 0.0070 
   HI_SS0194  4 0.0100 0.2527 0.7226 0.0069 0.0017 0.0062 
   HI_SS0195  4 0.0040 0.2975 0.1062 0.4720 0.1056 0.0146 
   HI_SS0196  4 0.9269 0.0108 0.0352 0.0116 0.0027 0.0129 
   HI_SS0197  4 0.0033 0.8735 0.0096 0.0085 0.0099 0.0953 
   HI_SS0198  4 0.0493 0.0709 0.0142 0.7435 0.0102 0.1119 
   HI_SS0199  4 0.0906 0.0183 0.0143 0.0390 0.0025 0.8352 
   HI_SS0201  4 0.2667 0.0232 0.0363 0.0181 0.0020 0.6539 
   HI_SS0215  4 0.0165 0.0103 0.0165 0.0091 0.0030 0.9446 
   HI_SS0218  4 0.8504 0.0318 0.0044 0.0134 0.0063 0.0938 
   HI_SS0222  4 0.0515 0.3385 0.0956 0.3575 0.0052 0.1516 
   HI_SS0230  4 0.0112 0.1800 0.4494 0.2085 0.0064 0.1445 
   HI_SS0234  4 0.0145 0.0509 0.4138 0.0214 0.1402 0.3593 
   HI_SS0240  4 0.0137 0.0480 0.0333 0.1467 0.0089 0.7494 
   HI_SS0241  4 0.0701 0.1477 0.0318 0.1619 0.0014 0.5871 
   HI_SS0242  4 0.0198 0.1411 0.0967 0.5822 0.0030 0.1571 
   HI_SS0247  4 0.0062 0.0665 0.8772 0.0268 0.0176 0.0057 
   HI_SS0248  4 0.9017 0.0119 0.0308 0.0089 0.0009 0.0458 
   HI_SS0252  4 0.0652 0.0998 0.7820 0.0308 0.0028 0.0194 
   HI_SS0254  4 0.1271 0.3385 0.0167 0.0143 0.0821 0.4213 
   HI_SS0256  4 0.0045 0.0075 0.9616 0.0098 0.0012 0.0155 
   HI_SS0257  4 0.0288 0.0090 0.0320 0.0079 0.0028 0.9195 
   HI_SS0258  4 0.9270 0.0076 0.0102 0.0136 0.0051 0.0366 
   HI_SS0259  4 0.0060 0.3636 0.1553 0.3607 0.0027 0.1117 
   HI_SS0260  4 0.2806 0.0346 0.0339 0.0160 0.0015 0.6334 
   HI_SS0261  4 0.0703 0.8769 0.0296 0.0092 0.0029 0.0111 
   HI_SS0262  4 0.0100 0.0078 0.0149 0.9517 0.0057 0.0099 
   HI_SS0264  4 0.0170 0.1015 0.7737 0.0342 0.0038 0.0698 
   HI_SS0265  4 0.0083 0.0446 0.0459 0.7932 0.0908 0.0172 
   HI_SS0268  4 0.0739 0.1132 0.0412 0.0792 0.0034 0.6891 
   HI_SS0269  4 0.7230 0.1484 0.0592 0.0207 0.0018 0.0469 
   HI_SS0273  4 0.9379 0.0185 0.0077 0.0172 0.0014 0.0173 
   HI_SS0277  4 0.0207 0.7238 0.0459 0.1797 0.0027 0.0272 
   HI_SS0280  4 0.2067 0.1729 0.0140 0.5680 0.0053 0.0331 
   HI_SS0282  4 0.8882 0.0152 0.0416 0.0270 0.0015 0.0265 
   HI_SS0286  4 0.0100 0.0188 0.0325 0.0523 0.0066 0.8797 
   NS_SS1252  5 0.8059 0.0447 0.0118 0.0073 0.0046 0.1256 
   NS_SS1261  5 0.0699 0.3782 0.2343 0.1791 0.0197 0.1188 
   NS_SS1225  5 0.0262 0.0121 0.6148 0.0477 0.0755 0.2238 
   NS_SS1266  5 0.0050 0.0110 0.9536 0.0132 0.0086 0.0085 
   NS_SS1228  5 0.0078 0.0307 0.0074 0.9409 0.0092 0.0040 
   NS_SS1255  5 0.8197 0.0105 0.1435 0.0199 0.0014 0.0050 
   NS_SS1267  5 0.0251 0.0110 0.0061 0.0145 0.0095 0.9338 
   NS_SS1238  5 0.7145 0.1502 0.0214 0.1022 0.0027 0.0091 
   NS_SS1233  5 0.0795 0.3863 0.5024 0.0136 0.0021 0.0160 
   NS_SS1277  5 0.3552 0.5365 0.0066 0.0905 0.0009 0.0103 
   NS_SS1245  5 0.0812 0.5391 0.3010 0.0150 0.0016 0.0622 
   NS_SS1240  5 0.0238 0.0074 0.0074 0.0055 0.0022 0.9537 
   NS_SS1275  5 0.0041 0.8785 0.0213 0.0825 0.0020 0.0115 
   NS_SS1235  5 0.0114 0.0098 0.9559 0.0054 0.0046 0.0129 
   NS_SS1263  5 0.0170 0.0129 0.9539 0.0082 0.0008 0.0073 
   NS_SS1251  5 0.0122 0.0868 0.8778 0.0109 0.0014 0.0108 
   NS_SS1248  5 0.1637 0.4727 0.0412 0.2012 0.0922 0.0290 
   NS_SS1244  5 0.0210 0.9076 0.0277 0.0255 0.0042 0.0140 
   NS_SS1257  5 0.2993 0.1274 0.0587 0.3101 0.0287 0.1758 
   NS_SS1242  5 0.0090 0.0497 0.5917 0.3336 0.0026 0.0135 
   NS_SS1271  5 0.1624 0.7467 0.0059 0.0447 0.0202 0.0201 
   NS_SS1265  5 0.8086 0.0461 0.0436 0.0240 0.0273 0.0503 
   NS_SS1243  5 0.2600 0.0399 0.0415 0.5217 0.1019 0.0349 
   NS_SS1273  5 0.0106 0.9274 0.0247 0.0238 0.0089 0.0046 
   NS_SS1254  5 0.0164 0.2334 0.5099 0.1500 0.0065 0.0837 
   NS_SS1224  5 0.0074 0.0221 0.5190 0.4245 0.0079 0.0191 
   NS_SS1227  5 0.0165 0.0570 0.0061 0.0291 0.0017 0.8895 
   NS_SS1274  5 0.0530 0.1293 0.0548 0.0626 0.0185 0.6817 
   NS_SS1241  5 0.8203 0.0312 0.0513 0.0098 0.0008 0.0866 
   NS_SS1256  5 0.0202 0.3326 0.5782 0.0138 0.0348 0.0203 
   NS_SS1260  5 0.1876 0.0190 0.0207 0.0124 0.0696 0.6908 
   NS_SS1262  5 0.2767 0.0370 0.1950 0.1001 0.1804 0.2108 
   NS_SS1230  5 0.8660 0.0492 0.0362 0.0182 0.0086 0.0218 
   NS_SS1270  5 0.0211 0.0594 0.7464 0.1168 0.0026 0.0536 
   NS_SS1229  5 0.0478 0.1136 0.6938 0.0112 0.0038 0.1299 
   NS_SS1246  5 0.0167 0.9525 0.0085 0.0071 0.0020 0.0133 
   NS_SS1269  5 0.1529 0.0790 0.0722 0.1649 0.0021 0.5289 
   NS_SS1239  5 0.0130 0.0139 0.0130 0.9317 0.0035 0.0250 
   NS_SS1272  5 0.0084 0.6286 0.3323 0.0098 0.0057 0.0152 
   NS_SS1268  5 0.0145 0.0052 0.0536 0.9185 0.0017 0.0064 
   NS_SS1249  5 0.8786 0.0266 0.0525 0.0126 0.0116 0.0181 
   HI_SS0559  6 0.0479 0.0536 0.0811 0.0171 0.0017 0.7986 
   HI_SS0563  6 0.0838 0.1922 0.2154 0.3668 0.0028 0.1390 
   HI_SS0564  6 0.0184 0.4214 0.2306 0.2218 0.0612 0.0466 
   HI_SS0565  6 0.0899 0.2205 0.0839 0.0367 0.0035 0.5654 
   HI_SS0569  6 0.2013 0.1167 0.0242 0.0136 0.0020 0.6422 
   HI_SS0570  6 0.8355 0.0312 0.0216 0.0129 0.0406 0.0583 
   HI_SS0572  6 0.0074 0.0058 0.9661 0.0098 0.0025 0.0084 
   HI_SS0576  6 0.0238 0.5307 0.0358 0.3298 0.0054 0.0746 
   HI_SS0579  6 0.0170 0.0184 0.9134 0.0098 0.0108 0.0307 
   HI_SS0580  6 0.1450 0.1037 0.1234 0.3008 0.0041 0.3230 
   HI_SS0581  6 0.0077 0.4330 0.0604 0.3992 0.0671 0.0327 
   HI_SS0583  6 0.0261 0.0245 0.0379 0.0186 0.0025 0.8903 
   HI_SS0586  6 0.0648 0.0134 0.0047 0.0066 0.0011 0.9094 
   HI_SS0588  6 0.0139 0.0075 0.0088 0.0057 0.0144 0.9496 
   HI_SS0595  6 0.0631 0.5500 0.0227 0.2392 0.0250 0.1000 
   HI_SS0596  6 0.0228 0.0219 0.8717 0.0754 0.0021 0.0061 
   HI_SS0597  6 0.0134 0.5897 0.3514 0.0113 0.0020 0.0322 
   HI_SS0600  6 0.0454 0.2271 0.1747 0.1733 0.0035 0.3760 
   HI_SS0601  6 0.0127 0.1337 0.1936 0.0194 0.0097 0.6308 
   HI_SS0602  6 0.0081 0.0074 0.0077 0.0225 0.0024 0.9519 
   HI_SS0604  6 0.1102 0.0745 0.5595 0.0733 0.0017 0.1807 
   HI_SS0605  6 0.0158 0.0164 0.0164 0.0376 0.0069 0.9069 
   HI_SS0608  6 0.1609 0.5711 0.0074 0.2454 0.0010 0.0143 
   HI_SS0609  6 0.0216 0.0154 0.6084 0.3390 0.0007 0.0149 
   HI_SS0611  6 0.4637 0.0117 0.0219 0.3879 0.0029 0.1119 
   HI_SS0612  6 0.1150 0.0219 0.7608 0.0280 0.0067 0.0675 
   HI_SS0613  6 0.0682 0.0234 0.1246 0.6693 0.0014 0.1130 
   HI_SS0615  6 0.0164 0.0599 0.1047 0.7531 0.0109 0.0549 
   HI_SS0001  6 0.0348 0.9111 0.0242 0.0082 0.0040 0.0177 
   HI_SS0002  6 0.0064 0.0090 0.8948 0.0455 0.0218 0.0223 
   HI_SS0004  6 0.8574 0.0356 0.0333 0.0299 0.0058 0.0380 
   HI_SS0005  6 0.0257 0.5200 0.0111 0.4064 0.0048 0.0320 
   HI_SS0006  6 0.1509 0.0569 0.4445 0.0121 0.0018 0.3339 
   HI_SS0007  6 0.5911 0.0631 0.0088 0.3080 0.0023 0.0267 
   HI_SS0008  6 0.0067 0.0114 0.0216 0.2159 0.0341 0.7104 
   HI_SS0009  6 0.0304 0.0100 0.0188 0.9239 0.0036 0.0133 
   HI_SS0010  6 0.7636 0.0375 0.0150 0.0959 0.0043 0.0836 
   HI_SS0011  6 0.0457 0.6276 0.2116 0.0211 0.0856 0.0084 
   HI_SS0012  6 0.0061 0.0178 0.0548 0.4378 0.0047 0.4788 
   HI_SS0017  6 0.1399 0.4393 0.3835 0.0290 0.0021 0.0062 
   HI_SS0021  6 0.2120 0.0172 0.0653 0.4548 0.2338 0.0168 
   HI_SS0024  6 0.0641 0.6289 0.0674 0.2224 0.0020 0.0152 
   HI_SS0025  6 0.0159 0.0124 0.6309 0.3138 0.0034 0.0237 
   HI_SS0027  6 0.7822 0.0112 0.0122 0.0282 0.0134 0.1527 
   HI_SS0028  6 0.0041 0.0703 0.0084 0.8806 0.0017 0.0349 
   HI_SS0029  6 0.0143 0.8827 0.0083 0.0792 0.0071 0.0083 
   HI_SS0030  6 0.0801 0.3020 0.1000 0.0366 0.0046 0.4766 
   HI_SS0031  6 0.0050 0.0252 0.0075 0.0084 0.0030 0.9509 
   HI_SS0034  6 0.0244 0.0589 0.0625 0.0046 0.0043 0.8453 
   HI_SS0036  6 0.0295 0.7743 0.0036 0.0201 0.0080 0.1644 
   HI_SS0037  6 0.5791 0.0105 0.0275 0.0496 0.0048 0.3285 
   HI_SS0039  6 0.0306 0.9001 0.0053 0.0281 0.0024 0.0334 
   HI_SS0041  6 0.0094 0.0534 0.0226 0.9074 0.0018 0.0055 
   HI_SS0042  6 0.0133 0.3844 0.0270 0.4442 0.1214 0.0098 
   HI_SS0043  6 0.8313 0.0664 0.0078 0.0091 0.0038 0.0817 
   HI_SS0044  6 0.5711 0.2153 0.0269 0.1470 0.0027 0.0369 
   HI_SS0047  6 0.0771 0.0765 0.7205 0.0459 0.0023 0.0776 
   HI_SS0049  6 0.0553 0.1407 0.6289 0.1286 0.0042 0.0422 
   HI_SS0051  6 0.1034 0.0111 0.0996 0.3759 0.0022 0.4078 
   HI_SS0053  6 0.0568 0.5636 0.0110 0.0070 0.0039 0.3577 
   HI_SS0054  6 0.4978 0.2525 0.0566 0.0375 0.0034 0.1522 
   HI_SS0057  6 0.2598 0.6770 0.0266 0.0202 0.0029 0.0135 
   HI_SS0058  6 0.2996 0.0094 0.4147 0.0580 0.0065 0.2117 
   HI_SS0060  6 0.2263 0.2165 0.1248 0.1600 0.0950 0.1773 
   HI_SS0087  6 0.0223 0.0214 0.5201 0.0308 0.0023 0.4031 
   HI_SS0091  6 0.0625 0.0269 0.0696 0.0108 0.0014 0.8287 
   HI_SS0095  6 0.0055 0.0144 0.0718 0.0189 0.0452 0.8441 
   HI_SS0097  6 0.0249 0.0224 0.9218 0.0094 0.0048 0.0168 
   HI_SS0099  6 0.0082 0.0454 0.0215 0.8932 0.0031 0.0286 
   HI_SS0103  6 0.0652 0.1382 0.6093 0.1099 0.0031 0.0743 
   HI_SS0105  6 0.0377 0.2444 0.2468 0.0697 0.0338 0.3676 
   HI_SS0107  6 0.0064 0.0297 0.9511 0.0062 0.0010 0.0057 
   HI_SS0108  6 0.7600 0.0142 0.0076 0.0068 0.0246 0.1867 
   HI_SS0110  6 0.0364 0.7038 0.0240 0.0319 0.0011 0.2028 
   HI_SS0111  6 0.0092 0.1214 0.0212 0.6881 0.0300 0.1301 
   HI_SS0112  6 0.9703 0.0124 0.0032 0.0062 0.0012 0.0067 
   HI_SS0113  6 0.0092 0.2245 0.7365 0.0163 0.0036 0.0098 
   HI_SS0114  6 0.0125 0.0122 0.0108 0.0168 0.0043 0.9434 
   HI_SS0115  6 0.0305 0.0081 0.3450 0.0169 0.0178 0.5817 
   HI_SS0116  6 0.7005 0.1219 0.0900 0.0302 0.0039 0.0536 
   HI_SS0117  6 0.0662 0.4005 0.4461 0.0079 0.0018 0.0775 
   HI_SS0118  6 0.5683 0.1909 0.1633 0.0247 0.0129 0.0400 
   HI_SS0119  6 0.6530 0.1252 0.0158 0.0153 0.0021 0.1885 
   HI_SS0120  6 0.0339 0.2922 0.6449 0.0143 0.0033 0.0113 
   HI_SS0121  6 0.0065 0.0296 0.0177 0.9345 0.0013 0.0105 
   HI_SS0122  6 0.1303 0.0935 0.0639 0.6711 0.0235 0.0176 
   HI_SS0123  6 0.0146 0.0344 0.1289 0.0247 0.0054 0.7920 
   HI_SS0124  6 0.0081 0.0406 0.0501 0.8885 0.0026 0.0101 
   HI_SS0125  6 0.0028 0.0525 0.0058 0.9082 0.0248 0.0059 
   HI_SS0126  6 0.9558 0.0194 0.0078 0.0076 0.0008 0.0085 
   HI_SS0127  6 0.0384 0.0982 0.0393 0.3357 0.0103 0.4782 
   HI_SS0128  6 0.0179 0.4132 0.4380 0.0199 0.0026 0.1083 
   HI_SS0129  6 0.0777 0.5037 0.0195 0.1150 0.0092 0.2748 
   HI_SS0131  6 0.3423 0.0084 0.4830 0.1211 0.0321 0.0130 
   HI_SS0132  6 0.0672 0.8225 0.0163 0.0667 0.0007 0.0266 
   HI_SS0133  6 0.9833 0.0067 0.0024 0.0033 0.0012 0.0031 
   HI_SS0134  6 0.2020 0.0271 0.1104 0.0321 0.0020 0.6265 
   HI_SS0142  6 0.0084 0.1247 0.0926 0.0152 0.0165 0.7425 
   HI_SS0145  6 0.1580 0.0156 0.5577 0.0143 0.0014 0.2530 
   HI_SS0146  6 0.6502 0.0105 0.0070 0.3215 0.0010 0.0098 
   HI_SS0147  6 0.0117 0.0094 0.6848 0.2636 0.0202 0.0103 
   HI_SS0149  6 0.0177 0.9542 0.0072 0.0118 0.0037 0.0054 
   HI_SS0150  6 0.0076 0.7310 0.0255 0.2076 0.0050 0.0234 
   HI_SS0151  6 0.1316 0.0258 0.4189 0.1610 0.0125 0.2502 
   NS_SS1451  6 0.0098 0.1195 0.0479 0.8004 0.0029 0.0195 
   NS_SS1404  6 0.0114 0.0302 0.1073 0.8250 0.0110 0.0152 
   NS_SS1432  6 0.0049 0.7656 0.0132 0.1733 0.0352 0.0077 
   NS_SS1405  6 0.4542 0.0204 0.2849 0.2275 0.0033 0.0097 
   NS_SS1431  6 0.0112 0.7733 0.0389 0.1678 0.0009 0.0081 
   NS_SS1402  6 0.0126 0.2480 0.5387 0.0373 0.0026 0.1607 
   NS_SS1450  6 0.1201 0.8430 0.0072 0.0094 0.0035 0.0169 
   NS_SS1396  6 0.0764 0.3854 0.1640 0.3484 0.0055 0.0203 
   NS_SS1393  6 0.0099 0.0072 0.0076 0.0111 0.0032 0.9611 
   NS_SS1392  6 0.0151 0.1342 0.0554 0.7503 0.0187 0.0262 
   NS_SS1445  6 0.0211 0.2094 0.0164 0.0130 0.0085 0.7316 
   NS_SS1423  6 0.3373 0.0721 0.0834 0.0146 0.0015 0.4910 
   NS_SS1421  6 0.5968 0.2946 0.0079 0.0108 0.0840 0.0058 
   NS_SS1411  6 0.9523 0.0116 0.0068 0.0155 0.0014 0.0123 
   NS_SS1453  6 0.1480 0.2519 0.0433 0.2234 0.0066 0.3268 
   NS_SS1442  6 0.4177 0.0125 0.3806 0.0727 0.0036 0.1130 
   NS_SS1422  6 0.0307 0.0228 0.8789 0.0159 0.0129 0.0387 
   NS_SS1419  6 0.0531 0.2523 0.2380 0.2988 0.1512 0.0066 
   NS_SS1427  6 0.1534 0.7763 0.0067 0.0083 0.0022 0.0531 
   NS_SS1444  6 0.0096 0.0109 0.0660 0.8994 0.0032 0.0107 
   NS_SS1455  6 0.0175 0.0109 0.9484 0.0168 0.0015 0.0049 
   NS_SS1425  6 0.9695 0.0042 0.0056 0.0077 0.0015 0.0115 
   NS_SS1400  6 0.9731 0.0053 0.0073 0.0054 0.0013 0.0077 
   NS_SS1406  6 0.0040 0.1040 0.8631 0.0107 0.0080 0.0102 
   NS_SS1417  6 0.1038 0.0133 0.8574 0.0111 0.0060 0.0085 
   NS_SS1454  6 0.3788 0.5073 0.0103 0.0573 0.0017 0.0447 
   NS_SS1412  6 0.5830 0.0461 0.1445 0.0432 0.0334 0.1499 
   NS_SS1438  6 0.0439 0.0377 0.3102 0.0386 0.0014 0.5682 
   NS_SS1416  6 0.0121 0.0463 0.1825 0.7141 0.0070 0.0380 
   NS_SS1401  6 0.0674 0.1331 0.6938 0.0341 0.0115 0.0600 
   NS_SS1424  6 0.4412 0.0801 0.1243 0.0921 0.0133 0.2491 
   NS_SS1435  6 0.2318 0.4745 0.0132 0.2365 0.0032 0.0409 
   NS_SS1447  6 0.0163 0.0207 0.8880 0.0584 0.0061 0.0105 
   NS_SS1414  6 0.0093 0.0127 0.8840 0.0597 0.0075 0.0268 
   NS_SS1449  6 0.0157 0.5444 0.3384 0.0703 0.0038 0.0274 
   NS_SS1443  6 0.2544 0.0121 0.0091 0.0127 0.0020 0.7097 
   NS_SS1434  6 0.8086 0.1125 0.0571 0.0125 0.0007 0.0085 
   NS_SS1398  6 0.2026 0.4537 0.0352 0.2246 0.0238 0.0601 
   NS_SS1426  6 0.0675 0.0295 0.0107 0.0162 0.0023 0.8739 
   NS_SS1413  6 0.9571 0.0118 0.0118 0.0033 0.0102 0.0058 
   NS_SS1395  6 0.0143 0.0179 0.0100 0.0513 0.0086 0.8978 
   NS_SS1448  6 0.0852 0.8048 0.0081 0.0929 0.0014 0.0076 
   NS_SS1446  6 0.2283 0.3496 0.2460 0.1133 0.0036 0.0593 
   NS_SS1403  6 0.0062 0.0575 0.0102 0.0263 0.0057 0.8941 
   NS_SS1415  6 0.6678 0.0295 0.0130 0.0325 0.0109 0.2463 
   NS_SS1437  6 0.0095 0.9077 0.0349 0.0243 0.0072 0.0164 
   NS_SS1439  6 0.0060 0.0046 0.3465 0.0100 0.0024 0.6306 
   NS_SS1441  6 0.0270 0.0658 0.0125 0.0117 0.0017 0.8813 
   NS_SS1420  6 0.0080 0.0121 0.0262 0.9444 0.0031 0.0062 
   NS_SS1394  6 0.0066 0.0238 0.0116 0.9024 0.0272 0.0285 
   NS_SS1391  6 0.0418 0.0105 0.0331 0.0133 0.0094 0.8920 
   NS_SS1410  6 0.0664 0.7302 0.1246 0.0316 0.0143 0.0329 
   NS_SS1408  6 0.0091 0.7091 0.0163 0.0363 0.0464 0.1828 
   NS_SS1409  6 0.1010 0.1106 0.1301 0.1152 0.0024 0.5408 
   HI_SS0617  7 0.0248 0.1103 0.2558 0.4346 0.0013 0.1733 
   HI_SS0618  7 0.0089 0.1134 0.0664 0.7016 0.0019 0.1078 
   HI_SS0619  7 0.3320 0.0397 0.0391 0.5717 0.0035 0.0140 
   HI_SS0620  7 0.9273 0.0056 0.0121 0.0246 0.0034 0.0269 
   HI_SS0621  7 0.0206 0.2598 0.3146 0.3061 0.0148 0.0841 
   HI_SS0622  7 0.3718 0.0690 0.3519 0.1543 0.0127 0.0403 
   HI_SS0626  7 0.0131 0.1191 0.0070 0.8360 0.0068 0.0181 
   HI_SS0627  7 0.0177 0.4452 0.4334 0.0741 0.0092 0.0203 
   HI_SS0628  7 0.0844 0.5857 0.0202 0.2410 0.0524 0.0163 
   HI_SS0629  7 0.0368 0.0338 0.0811 0.7896 0.0044 0.0543 
   HI_SS0630  7 0.4815 0.0350 0.0229 0.2524 0.0543 0.1538 
   HI_SS0631  7 0.5544 0.1193 0.0190 0.1848 0.0009 0.1216 
   HI_SS0632  7 0.1834 0.6065 0.0445 0.1522 0.0032 0.0102 
   HI_SS0633  7 0.0298 0.0366 0.7422 0.1591 0.0040 0.0282 
   HI_SS0634  7 0.0418 0.0755 0.0174 0.8577 0.0018 0.0058 
   HI_SS0635  7 0.0109 0.0561 0.2804 0.5011 0.0102 0.1413 
   HI_SS0637  7 0.0095 0.0777 0.2570 0.1552 0.0032 0.4975 
   HI_SS0638  7 0.8186 0.0979 0.0241 0.0409 0.0016 0.0169 
   HI_SS0639  7 0.0035 0.0250 0.0331 0.8363 0.0386 0.0635 
   HI_SS0640  7 0.0429 0.0607 0.1433 0.2505 0.0018 0.5008 
   HI_SS0641  7 0.0349 0.0432 0.0260 0.2272 0.0043 0.6645 
   HI_SS0642  7 0.0074 0.9036 0.0110 0.0632 0.0021 0.0127 
   HI_SS0645  7 0.0186 0.0113 0.0103 0.9540 0.0007 0.0051 
   HI_SS0646  7 0.0126 0.0356 0.0382 0.0088 0.0029 0.9018 
   HI_SS0647  7 0.3480 0.4089 0.1699 0.0463 0.0014 0.0254 
   HI_SS0648  7 0.0742 0.4181 0.2785 0.1469 0.0029 0.0794 
   HI_SS0649  7 0.0087 0.0357 0.0904 0.0591 0.0022 0.8039 
   HI_SS0650  7 0.0446 0.0554 0.0661 0.1486 0.0048 0.6806 
   HI_SS0651  7 0.0065 0.0089 0.0601 0.0238 0.0034 0.8973 
   HI_SS0652  7 0.0074 0.2409 0.0139 0.6924 0.0032 0.0423 
   NS_SS1371  7 0.0077 0.0070 0.0106 0.0114 0.0055 0.9577 
   NS_SS1374  7 0.2658 0.5608 0.0087 0.0987 0.0027 0.0633 
   NS_SS1337  7 0.0788 0.3070 0.1180 0.4757 0.0032 0.0172 
   NS_SS1385  7 0.0290 0.0367 0.2129 0.0755 0.0043 0.6415 
   NS_SS1388  7 0.0527 0.1230 0.2846 0.4527 0.0065 0.0805 
   NS_SS1370  7 0.0251 0.0613 0.0131 0.8864 0.0067 0.0073 
   NS_SS1389  7 0.0404 0.1426 0.3124 0.4904 0.0037 0.0105 
   NS_SS1360  7 0.0433 0.0117 0.0246 0.0327 0.0042 0.8836 
   NS_SS1330  7 0.0107 0.0075 0.6816 0.1047 0.0044 0.1911 
   NS_SS1328  7 0.4356 0.5065 0.0182 0.0184 0.0021 0.0192 
   NS_SS1384  7 0.0094 0.0135 0.0177 0.0127 0.0034 0.9434 
   NS_SS1381  7 0.0080 0.0121 0.9042 0.0611 0.0009 0.0137 
   NS_SS1375  7 0.0162 0.5344 0.0095 0.4204 0.0013 0.0181 
   NS_SS1319  7 0.0123 0.0609 0.0092 0.2120 0.0753 0.6304 
   NS_SS1326  7 0.9477 0.0128 0.0093 0.0123 0.0095 0.0083 
   NS_SS1341  7 0.0203 0.2227 0.0998 0.0178 0.0049 0.6343 
   NS_SS1383  7 0.0137 0.9029 0.0078 0.0137 0.0042 0.0577 
   NS_SS1318  7 0.0630 0.0148 0.7992 0.0899 0.0165 0.0166 
   NS_SS1348  7 0.3022 0.0203 0.0193 0.0174 0.0014 0.6395 
   NS_SS1363  7 0.0285 0.0218 0.2433 0.6616 0.0049 0.0399 
   NS_SS1335  7 0.0234 0.0435 0.0071 0.0219 0.0262 0.8779 
   NS_SS1358  7 0.0791 0.0959 0.2555 0.0179 0.0125 0.5391 
   NS_SS1342  7 0.4127 0.1039 0.3853 0.0314 0.0016 0.0651 
   NS_SS1320  7 0.0114 0.0827 0.8631 0.0313 0.0064 0.0052 
   NS_SS1355  7 0.0063 0.0111 0.9233 0.0192 0.0106 0.0295 
   NS_SS1345  7 0.0153 0.0118 0.9446 0.0083 0.0135 0.0065 
   NS_SS1324  7 0.0871 0.1092 0.0567 0.7187 0.0028 0.0254 
   NS_SS1347  7 0.1118 0.0561 0.0434 0.0684 0.0034 0.7169 
   NS_SS1321  7 0.1007 0.0214 0.0079 0.0983 0.0015 0.7702 
   NS_SS1333  7 0.0233 0.0175 0.0056 0.9402 0.0032 0.0102 
   NS_SS1364  7 0.2213 0.0179 0.6569 0.0105 0.0020 0.0915 
   NS_SS1379  7 0.1029 0.1622 0.5373 0.0309 0.0685 0.0982 
   NS_SS1332  7 0.8693 0.0879 0.0056 0.0148 0.0058 0.0167 
   NS_SS1338  7 0.2217 0.0394 0.0125 0.5906 0.0060 0.1299 
   NS_SS1368  7 0.1718 0.5978 0.1630 0.0484 0.0053 0.0137 
   NS_SS1354  7 0.0234 0.0134 0.8218 0.0864 0.0118 0.0431 
   NS_SS1365  7 0.0509 0.6715 0.0198 0.2432 0.0089 0.0058 
   NS_SS1380  7 0.0066 0.0223 0.9016 0.0148 0.0193 0.0354 
   NS_SS1329  7 0.6252 0.0624 0.2644 0.0075 0.0034 0.0371 
   NS_SS1362  7 0.0109 0.0115 0.1833 0.0432 0.0044 0.7467 
   NS_SS1327  7 0.3466 0.0081 0.0036 0.0054 0.0035 0.6327 
   NS_SS1350  7 0.0260 0.0124 0.0085 0.0473 0.0082 0.8976 
   NS_SS1387  7 0.0206 0.2443 0.0350 0.5990 0.0029 0.0982 
   NS_SS1369  7 0.8688 0.0521 0.0271 0.0367 0.0034 0.0119 
   NS_SS1331  7 0.0425 0.8586 0.0067 0.0762 0.0074 0.0086 
   NS_SS1357  7 0.0134 0.9146 0.0324 0.0131 0.0029 0.0236 
   NS_SS1386  7 0.9237 0.0497 0.0068 0.0050 0.0029 0.0118 
   NS_SS1353  7 0.0858 0.6957 0.1461 0.0531 0.0029 0.0164 
   NS_SS1323  7 0.0100 0.7377 0.1190 0.0278 0.0686 0.0369 
   HI_SS0296  8 0.8532 0.0157 0.0078 0.0869 0.0017 0.0347 
   HI_SS0297  8 0.0169 0.9173 0.0104 0.0362 0.0010 0.0183 
   HI_SS0299  8 0.0317 0.4197 0.3463 0.0296 0.0337 0.1391 
   HI_SS0300  8 0.6985 0.0683 0.0894 0.0857 0.0013 0.0568 
   HI_SS0301  8 0.0090 0.0318 0.0177 0.5694 0.0038 0.3684 
   HI_SS0302  8 0.7236 0.0317 0.0391 0.1461 0.0268 0.0327 
   HI_SS0303  8 0.9110 0.0155 0.0171 0.0139 0.0082 0.0343 
   HI_SS0304  8 0.1565 0.3402 0.0242 0.4412 0.0027 0.0351 
   HI_SS0306  8 0.9634 0.0182 0.0048 0.0046 0.0030 0.0060 
   HI_SS0307  8 0.0112 0.0284 0.0924 0.8435 0.0070 0.0175 
   HI_SS0308  8 0.0850 0.0381 0.0771 0.6616 0.0853 0.0529 
   HI_SS0309  8 0.0154 0.0568 0.8436 0.0348 0.0033 0.0460 
   HI_SS0310  8 0.0512 0.0571 0.7422 0.0241 0.0073 0.1182 
   HI_SS0311  8 0.0117 0.7713 0.0158 0.1903 0.0024 0.0086 
   HI_SS0314  8 0.0241 0.8434 0.0338 0.0773 0.0012 0.0202 
   HI_SS0316  8 0.0140 0.0134 0.0128 0.0112 0.0031 0.9455 
   HI_SS0317  8 0.0506 0.0959 0.0844 0.7219 0.0015 0.0459 
   HI_SS0318  8 0.0579 0.0781 0.0050 0.0168 0.1862 0.6560 
   HI_SS0319  8 0.0884 0.0346 0.0081 0.0074 0.0040 0.8574 
   HI_SS0320  8 0.0078 0.6732 0.0082 0.3019 0.0011 0.0077 
   HI_SS0321  8 0.0103 0.0078 0.0040 0.0147 0.0015 0.9618 
   HI_SS0323  8 0.0107 0.0118 0.0064 0.9233 0.0015 0.0463 
   HI_SS0325  8 0.9464 0.0228 0.0086 0.0123 0.0021 0.0079 
   HI_SS0327  8 0.6329 0.0218 0.0248 0.0200 0.0013 0.2993 
   HI_SS0329  8 0.0152 0.9025 0.0195 0.0538 0.0015 0.0074 
   HI_SS0333  8 0.1641 0.1450 0.0793 0.2133 0.0031 0.3952 
   HI_SS0334  8 0.0295 0.0106 0.0216 0.0087 0.0014 0.9283 
   HI_SS0335  8 0.0072 0.0075 0.9351 0.0170 0.0169 0.0162 
   HI_SS0339  8 0.0083 0.0199 0.8956 0.0413 0.0117 0.0231 
   HI_SS0343  8 0.0099 0.0164 0.9415 0.0103 0.0019 0.0200 
   HI_SS0344  8 0.9347 0.0147 0.0088 0.0105 0.0026 0.0287 
   HI_SS0345  8 0.1664 0.0169 0.7824 0.0196 0.0062 0.0085 
   HI_SS0346  8 0.0314 0.8530 0.0082 0.0893 0.0033 0.0147 
   HI_SS0350  8 0.0052 0.0074 0.9372 0.0362 0.0069 0.0072 
   HI_SS0351  8 0.0108 0.0214 0.9035 0.0150 0.0027 0.0466 
   HI_SS0352  8 0.0131 0.0207 0.8375 0.0228 0.0919 0.0140 
   HI_SS0362  8 0.4614 0.0261 0.0052 0.4875 0.0020 0.0179 
   HI_SS0363  8 0.4674 0.0424 0.0269 0.2208 0.0048 0.2375 
   HI_SS0365  8 0.3776 0.0463 0.1538 0.0265 0.0063 0.3895 
   HI_SS0366  8 0.8852 0.0093 0.0344 0.0127 0.0015 0.0570 
   HI_SS0367  8 0.0169 0.0168 0.9308 0.0235 0.0020 0.0100 
   HI_SS0369  8 0.0089 0.0535 0.1437 0.7317 0.0023 0.0600 
   HI_SS0370  8 0.0120 0.3322 0.1380 0.0093 0.0028 0.5058 
   HI_SS0371  8 0.1762 0.3739 0.0169 0.4126 0.0045 0.0159 
   HI_SS0373  8 0.0729 0.0493 0.0198 0.8288 0.0082 0.0210 
   HI_SS0374  8 0.0170 0.4311 0.1048 0.2934 0.0348 0.1188 
   HI_SS0377  8 0.6294 0.1354 0.0733 0.0404 0.0895 0.0321 
   HI_SS0379  8 0.8999 0.0098 0.0092 0.0043 0.0010 0.0758 
   HI_SS0380  8 0.0101 0.0403 0.9054 0.0260 0.0055 0.0128 
   HI_SS0381  8 0.0186 0.1420 0.4858 0.3276 0.0043 0.0217 
   HI_SS0384  8 0.0274 0.8676 0.0129 0.0701 0.0069 0.0151 
   HI_SS0385  8 0.6067 0.0853 0.0136 0.2793 0.0010 0.0141 
   HI_SS0386  9 0.0014 0.0021 0.0017 0.0013 0.9915 0.0020 
   HI_SS0387  9 0.0143 0.0135 0.0097 0.0096 0.9415 0.0113 
   HI_SS0389  9 0.0043 0.0037 0.0028 0.0032 0.9827 0.0033 
   HI_SS0390  9 0.0018 0.0016 0.0015 0.0016 0.9915 0.0020 
   HI_SS0391  9 0.0025 0.0025 0.0034 0.0024 0.9865 0.0027 
   HI_SS0392  9 0.0017 0.0016 0.0017 0.0019 0.9916 0.0016 
   HI_SS0393  9 0.0016 0.0016 0.0016 0.0012 0.9922 0.0017 
   HI_SS0394  9 0.0022 0.0017 0.0015 0.0014 0.9918 0.0013 
   HI_SS0395  9 0.0036 0.0038 0.0045 0.0042 0.9804 0.0036 
   HI_SS0396  9 0.0068 0.0089 0.0100 0.0112 0.9551 0.0079 
   HI_SS0398  9 0.0057 0.0067 0.0060 0.0065 0.9705 0.0046 
   HI_SS0399  9 0.0010 0.0012 0.0009 0.0010 0.9946 0.0013 
   HI_SS0400  9 0.0018 0.0027 0.0022 0.0027 0.9886 0.0019 
   HI_SS0401  9 0.0012 0.0015 0.0017 0.0016 0.9923 0.0018 
   HI_SS0402  9 0.0012 0.0014 0.0016 0.0012 0.9930 0.0016 
   HI_SS0403  9 0.0013 0.0014 0.0016 0.0014 0.9931 0.0012 
   HI_SS0404  9 0.0013 0.0013 0.0016 0.0015 0.9930 0.0013 
   HI_SS0405  9 0.0115 0.0165 0.0181 0.0144 0.9253 0.0143 
   HI_SS0406  9 0.0020 0.0023 0.0019 0.0023 0.9889 0.0026 
   HI_SS0407  9 0.0075 0.0054 0.0060 0.0095 0.9659 0.0056 
   HI_SS0408  9 0.0009 0.0012 0.0012 0.0017 0.9936 0.0013 
   HI_SS0409  9 0.0036 0.0035 0.0031 0.0033 0.9829 0.0036 
   HI_SS0411  9 0.0031 0.0027 0.0020 0.0031 0.9857 0.0033 
   HI_SS0412  9 0.0186 0.0637 0.0276 0.0305 0.8002 0.0594 
   HI_SS0413  9 0.0021 0.0022 0.0025 0.0026 0.9882 0.0024 
   HI_SS0414  9 0.0087 0.0135 0.0148 0.0200 0.9283 0.0148 
   HI_SS0415  9 0.0021 0.0018 0.0022 0.0019 0.9896 0.0025 
   HI_SS0416  9 0.0043 0.0037 0.0024 0.0038 0.9828 0.0029 
   HI_SS0418  9 0.0035 0.0050 0.0059 0.0043 0.9742 0.0071 
   HI_SS0419  9 0.0026 0.0032 0.0038 0.0040 0.9838 0.0027 
   HI_SS0420  9 0.0026 0.0023 0.0023 0.0021 0.9883 0.0025 
   HI_SS0421  9 0.0056 0.0046 0.0046 0.0036 0.9772 0.0045 
   HI_SS0422  9 0.0016 0.0016 0.0015 0.0017 0.9922 0.0014 
   HI_SS0423  9 0.0046 0.0049 0.0036 0.0047 0.9768 0.0053 
   HI_SS0424  9 0.0017 0.0013 0.0021 0.0022 0.9911 0.0017 
   HI_SS0425  9 0.0023 0.0028 0.0044 0.0035 0.9842 0.0028 
   NS_SS1146 10 0.0031 0.0026 0.0022 0.0022 0.9867 0.0032 
   NS_SS1157 10 0.0064 0.0056 0.0065 0.0063 0.9675 0.0078 
   NS_SS1144 10 0.0190 0.0120 0.0157 0.0158 0.9188 0.0187 
   NS_SS1074 10 0.0031 0.0035 0.0044 0.0033 0.9826 0.0031 
   NS_SS1122 10 0.0060 0.0042 0.0048 0.0041 0.9768 0.0041 
   NS_SS1136 10 0.0011 0.0012 0.0014 0.0015 0.9938 0.0010 
   NS_SS1077 10 0.0010 0.0009 0.0008 0.0008 0.9958 0.0008 
   NS_SS1134 10 0.0074 0.0137 0.0065 0.0168 0.9483 0.0072 
   NS_SS1091 10 0.0016 0.0025 0.0020 0.0026 0.9891 0.0021 
   NS_SS1089 10 0.0040 0.0028 0.0029 0.0036 0.9840 0.0026 
   NS_SS1123 10 0.0018 0.0020 0.0013 0.0019 0.9913 0.0017 
   NS_SS1158 10 0.0009 0.0009 0.0010 0.0013 0.9951 0.0008 
   NS_SS1093 10 0.0024 0.0021 0.0021 0.0023 0.9887 0.0024 
   NS_SS1102 10 0.0062 0.0045 0.0062 0.0052 0.9719 0.0060 
   NS_SS1056 10 0.0014 0.0021 0.0019 0.0021 0.9904 0.0021 
   NS_SS1126 10 0.0029 0.0024 0.0037 0.0028 0.9850 0.0032 
   NS_SS1058 10 0.0055 0.0026 0.0044 0.0040 0.9793 0.0042 
   NS_SS1084 10 0.0012 0.0014 0.0013 0.0017 0.9931 0.0014 
   NS_SS1095 10 0.0052 0.0088 0.0047 0.0062 0.9692 0.0060 
   NS_SS1079 10 0.0019 0.0018 0.0018 0.0016 0.9913 0.0016 
   NS_SS1149 10 0.0022 0.0025 0.0034 0.0026 0.9865 0.0028 
   NS_SS1121 10 0.0015 0.0014 0.0017 0.0016 0.9917 0.0022 
   NS_SS1067 10 0.0038 0.0062 0.0059 0.0070 0.9721 0.0050 
   NS_SS1081 10 0.0027 0.0033 0.0022 0.0029 0.9864 0.0025 
   NS_SS1130 10 0.0022 0.0036 0.0035 0.0040 0.9835 0.0032 
   NS_SS1073 10 0.0019 0.0032 0.0027 0.0029 0.9862 0.0030 
   NS_SS1133 10 0.0060 0.0067 0.0114 0.0083 0.9637 0.0039 
   NS_SS1129 10 0.0011 0.0015 0.0016 0.0021 0.9924 0.0014 
   NS_SS1085 10 0.0019 0.0017 0.0021 0.0025 0.9894 0.0025 
   NS_SS1137 10 0.0044 0.0040 0.0052 0.0026 0.9772 0.0066 
   NS_SS1135 10 0.0011 0.0016 0.0014 0.0016 0.9931 0.0012 
   NS_SS1082 10 0.0013 0.0015 0.0021 0.0019 0.9918 0.0013 
   NS_SS1125 10 0.0012 0.0014 0.0013 0.0010 0.9937 0.0013 
   NS_SS1124 10 0.0052 0.0069 0.0064 0.0092 0.9670 0.0053 
   NS_SS1155 10 0.0064 0.0083 0.0084 0.0059 0.9574 0.0136 
   NS_SS1145 10 0.0020 0.0020 0.0019 0.0021 0.9900 0.0020 
