

----------------------------------------------------
STRUCTURE by Pritchard, Stephens and Donnelly (2000)
     and Falush, Stephens and Pritchard (2003)
       Code by Pritchard, Falush and Hubisz
             Version 2.3.4 (Jul 2012)
----------------------------------------------------



Command line arguments:   /home/genobiwan/Documents/Programs/Structure/structure -m parameter_job_k3_r3 
Input File:    /media/genobiwan/Storage/Projets/Mackerel_NWA_2021/data_job_k3_r3

Run parameters:
   629 individuals
   4140 loci
   3 populations assumed
   100000 Burn-in period
   200000 Reps


--------------------------------------------
Proportion of membership of each pre-defined
 population in each of the 3 clusters

Given    Inferred Clusters       Number of
 Pop       1      2      3      Individuals

  1:     0.440  0.012  0.549       67
  2:     0.360  0.009  0.632       32
  3:     0.428  0.013  0.559       92
  4:     0.504  0.015  0.481       36
  5:     0.474  0.019  0.507       41
  6:     0.502  0.013  0.486      158
  7:     0.480  0.009  0.510       79
  8:     0.510  0.013  0.477       52
  9:     0.006  0.988  0.007       36
 10:     0.003  0.993  0.004       36
--------------------------------------------

Allele-freq. divergence among pops (Net nucleotide distance),
computed using point estimates of P.

      1       2       3      
 1      -    0.0049  0.0002  
 2   0.0049     -    0.0047  
 3   0.0002  0.0047     -    

Average distances (expected heterozygosity) between individuals in same cluster:
cluster  1  : 0.3185 
cluster  2  : 0.3057 
cluster  3  : 0.3185 

--------------------------------------------
Estimated Ln Prob of Data   = -2471483.9
Mean value of ln likelihood = -2467752.6
Variance of ln likelihood   = 7462.6
Mean value of alpha         = 0.0370

Mean value of Fst_1         = 0.0021
Mean value of Fst_2         = 0.0375
Mean value of Fst_3         = 0.0010


Inferred ancestry of individuals:
        Label (%Miss) Pop:  Inferred clusters
  1 NS_SS0963    (4)    1 :  0.177 0.004 0.818 
  2 NS_SS0983    (1)    1 :  0.980 0.004 0.016 
  3 NS_SS0719    (9)    1 :  0.857 0.005 0.139 
  4 NS_SS1001    (8)    1 :  0.316 0.006 0.679 
  5 NS_SS0936    (4)    1 :  0.237 0.002 0.761 
  6 NS_SS0955    (6)    1 :  0.957 0.004 0.039 
  7 NS_SS0944    (3)    1 :  0.951 0.002 0.047 
  8 NS_SS0945    (3)    1 :  0.160 0.008 0.832 
  9 NS_SS0922    (2)    1 :  0.049 0.024 0.927 
 10 NS_SS0929    (7)    1 :  0.854 0.003 0.144 
 11 NS_SS0956    (1)    1 :  0.018 0.003 0.979 
 12 NS_SS0906    (3)    1 :  0.443 0.003 0.554 
 13 NS_SS0721    (6)    1 :  0.246 0.004 0.750 
 14 NS_SS0982    (4)    1 :  0.051 0.015 0.934 
 15 NS_SS0923    (6)    1 :  0.232 0.004 0.763 
 16 NS_SS0905    (6)    1 :  0.842 0.002 0.156 
 17 NS_SS0925    (3)    1 :  0.152 0.004 0.844 
 18 NS_SS0947    (6)    1 :  0.041 0.004 0.956 
 19 NS_SS0926    (2)    1 :  0.989 0.001 0.010 
 20 NS_SS0918    (6)    1 :  0.040 0.002 0.957 
 21 NS_SS0966    (4)    1 :  0.191 0.044 0.765 
 22 NS_SS0938    (2)    1 :  0.020 0.001 0.978 
 23 NS_SS0917    (2)    1 :  0.713 0.043 0.244 
 24 NS_SS0957   (11)    1 :  0.053 0.005 0.942 
 25 NS_SS0987    (1)    1 :  0.091 0.240 0.668 
 26 NS_SS0717    (4)    1 :  0.027 0.002 0.971 
 27 NS_SS0986    (2)    1 :  0.061 0.003 0.936 
 28 NS_SS0953    (3)    1 :  0.046 0.015 0.939 
 29 NS_SS0907    (3)    1 :  0.316 0.039 0.645 
 30 NS_SS0974    (6)    1 :  0.858 0.003 0.139 
 31 NS_SS0989    (1)    1 :  0.968 0.001 0.031 
 32 NS_SS0991    (3)    1 :  0.956 0.002 0.043 
 33 NS_SS0994    (2)    1 :  0.992 0.002 0.006 
 34 NS_SS0931    (6)    1 :  0.944 0.009 0.047 
 35 NS_SS1000    (5)    1 :  0.027 0.003 0.969 
 36 NS_SS0919    (1)    1 :  0.893 0.003 0.104 
 37 NS_SS0949    (4)    1 :  0.987 0.001 0.012 
 38 NS_SS0960   (10)    1 :  0.975 0.006 0.019 
 39 NS_SS0716    (2)    1 :  0.006 0.005 0.989 
 40 NS_SS0924    (8)    1 :  0.916 0.018 0.066 
 41 NS_SS0935    (2)    1 :  0.985 0.006 0.009 
 42 NS_SS0952   (14)    1 :  0.945 0.029 0.026 
 43 NS_SS0962   (11)    1 :  0.009 0.005 0.987 
 44 NS_SS0973    (5)    1 :  0.874 0.004 0.122 
 45 NS_SS0722    (1)    1 :  0.039 0.002 0.959 
 46 NS_SS0979   (13)    1 :  0.129 0.002 0.869 
 47 NS_SS0993    (2)    1 :  0.184 0.017 0.799 
 48 NS_SS0958    (1)    1 :  0.945 0.002 0.052 
 49 NS_SS0988    (4)    1 :  0.145 0.004 0.850 
 50 NS_SS1003    (2)    1 :  0.029 0.009 0.962 
 51 NS_SS0976    (1)    1 :  0.946 0.002 0.052 
 52 NS_SS0964   (10)    1 :  0.032 0.002 0.966 
 53 NS_SS0939    (4)    1 :  0.018 0.004 0.977 
 54 NS_SS0990    (6)    1 :  0.120 0.003 0.877 
 55 NS_SS0984    (2)    1 :  0.012 0.002 0.986 
 56 NS_SS0980   (10)    1 :  0.581 0.002 0.417 
 57 NS_SS0978    (4)    1 :  0.645 0.003 0.352 
 58 NS_SS0951   (18)    1 :  0.772 0.003 0.225 
 59 NS_SS0913    (3)    1 :  0.099 0.036 0.865 
 60 NS_SS1002    (1)    1 :  0.011 0.032 0.957 
 61 NS_SS0948    (1)    1 :  0.131 0.038 0.831 
 62 NS_SS0916    (4)    1 :  0.835 0.005 0.161 
 63 NS_SS0995    (1)    1 :  0.138 0.003 0.859 
 64 NS_SS0927    (6)    1 :  0.571 0.005 0.424 
 65 NS_SS0992    (5)    1 :  0.900 0.003 0.097 
 66 NS_SS0912    (1)    1 :  0.511 0.003 0.487 
 67 NS_SS0981    (1)    1 :  0.218 0.003 0.779 
 68 NS_SS0729    (5)    2 :  0.989 0.003 0.008 
 69 NS_SS0967   (15)    2 :  0.235 0.010 0.755 
 70 NS_SS0941    (8)    2 :  0.530 0.080 0.390 
 71 NS_SS0768   (12)    2 :  0.024 0.004 0.972 
 72 NS_SS0726    (5)    2 :  0.978 0.008 0.014 
 73 NS_SS0763    (4)    2 :  0.974 0.002 0.024 
 74 NS_SS0730    (6)    2 :  0.009 0.003 0.989 
 75 NS_SS0774    (2)    2 :  0.009 0.001 0.990 
 76 NS_SS0723    (3)    2 :  0.038 0.002 0.960 
 77 NS_SS0940   (10)    2 :  0.847 0.007 0.146 
 78 NS_SS0762    (1)    2 :  0.031 0.002 0.967 
 79 NS_SS0766   (11)    2 :  0.614 0.013 0.372 
 80 NS_SS0724    (1)    2 :  0.028 0.003 0.968 
 81 NS_SS0769    (3)    2 :  0.070 0.003 0.927 
 82 NS_SS0777    (1)    2 :  0.436 0.012 0.552 
 83 NS_SS0734    (6)    2 :  0.799 0.026 0.175 
 84 NS_SS0737    (3)    2 :  0.011 0.004 0.985 
 85 NS_SS0732    (5)    2 :  0.081 0.004 0.915 
 86 NS_SS0728    (5)    2 :  0.213 0.010 0.776 
 87 NS_SS0735    (9)    2 :  0.093 0.008 0.899 
 88 NS_SS0725    (1)    2 :  0.024 0.006 0.970 
 89 NS_SS0788    (2)    2 :  0.272 0.001 0.727 
 90 NS_SS0778    (2)    2 :  0.349 0.001 0.649 
 91 NS_SS0792    (6)    2 :  0.322 0.005 0.673 
 92 NS_SS0943   (11)    2 :  0.979 0.007 0.014 
 93 NS_SS0791    (2)    2 :  0.760 0.016 0.223 
 94 NS_SS0790    (5)    2 :  0.004 0.003 0.993 
 95 NS_SS0731    (6)    2 :  0.011 0.010 0.979 
 96 NS_SS0727    (7)    2 :  0.956 0.002 0.043 
 97 NS_SS0779   (13)    2 :  0.271 0.005 0.724 
 98 NS_SS0776    (3)    2 :  0.533 0.006 0.460 
 99 NS_SS0775    (5)    2 :  0.015 0.006 0.979 
100 NS_SS0965    (3)    3 :  0.115 0.002 0.883 
101 NS_SS0754   (14)    3 :  0.938 0.011 0.050 
102 NS_SS0838    (5)    3 :  0.175 0.036 0.789 
103 NS_SS0839    (3)    3 :  0.009 0.003 0.988 
104 NS_SS0832    (4)    3 :  0.010 0.035 0.956 
105 NS_SS0820    (5)    3 :  0.009 0.006 0.985 
106 NS_SS0886    (9)    3 :  0.867 0.002 0.131 
107 NS_SS0748    (5)    3 :  0.629 0.008 0.363 
108 NS_SS0884    (9)    3 :  0.292 0.023 0.685 
109 NS_SS0752    (4)    3 :  0.425 0.002 0.574 
110 NS_SS0862    (1)    3 :  0.031 0.004 0.966 
111 NS_SS0787    (9)    3 :  0.970 0.006 0.024 
112 NS_SS0843    (6)    3 :  0.367 0.002 0.631 
113 NS_SS0856    (4)    3 :  0.032 0.003 0.965 
114 NS_SS0846    (2)    3 :  0.652 0.003 0.345 
115 NS_SS0825    (1)    3 :  0.048 0.008 0.944 
116 NS_SS0757    (3)    3 :  0.768 0.004 0.229 
117 NS_SS0876    (3)    3 :  0.040 0.205 0.755 
118 NS_SS0903   (10)    3 :  0.116 0.002 0.881 
119 NS_SS0875    (7)    3 :  0.056 0.003 0.942 
120 NS_SS0740    (5)    3 :  0.875 0.003 0.122 
121 NS_SS0811    (5)    3 :  0.036 0.008 0.956 
122 NS_SS0751    (1)    3 :  0.111 0.002 0.887 
123 NS_SS0891    (6)    3 :  0.042 0.005 0.953 
124 NS_SS0867    (2)    3 :  0.924 0.028 0.048 
125 NS_SS0890    (6)    3 :  0.900 0.003 0.097 
126 NS_SS0866   (12)    3 :  0.939 0.005 0.056 
127 NS_SS0755    (4)    3 :  0.569 0.007 0.424 
128 NS_SS0758    (4)    3 :  0.240 0.002 0.758 
129 NS_SS0840    (2)    3 :  0.010 0.002 0.988 
130 NS_SS0889    (4)    3 :  0.857 0.002 0.141 
131 NS_SS1010    (1)    3 :  0.118 0.039 0.843 
132 NS_SS0888    (5)    3 :  0.991 0.001 0.008 
133 NS_SS0837    (3)    3 :  0.279 0.003 0.719 
134 NS_SS0794   (10)    3 :  0.974 0.002 0.024 
135 NS_SS0823    (5)    3 :  0.029 0.003 0.968 
136 NS_SS0829    (7)    3 :  0.886 0.102 0.012 
137 NS_SS0844    (5)    3 :  0.012 0.002 0.986 
138 NS_SS1008    (6)    3 :  0.904 0.011 0.084 
139 NS_SS0881    (3)    3 :  0.721 0.002 0.277 
140 NS_SS0834    (6)    3 :  0.026 0.006 0.968 
141 NS_SS0744   (10)    3 :  0.541 0.006 0.453 
142 NS_SS0899    (7)    3 :  0.010 0.001 0.988 
143 NS_SS0804    (5)    3 :  0.009 0.003 0.988 
144 NS_SS0781   (10)    3 :  0.005 0.003 0.992 
145 NS_SS0822    (6)    3 :  0.932 0.002 0.066 
146 NS_SS1004    (4)    3 :  0.648 0.004 0.348 
147 NS_SS0746    (5)    3 :  0.730 0.013 0.257 
148 NS_SS0880    (3)    3 :  0.356 0.002 0.642 
149 NS_SS0879    (5)    3 :  0.052 0.010 0.938 
150 NS_SS0753    (2)    3 :  0.978 0.010 0.012 
151 NS_SS1007    (3)    3 :  0.384 0.002 0.614 
152 NS_SS0872    (5)    3 :  0.014 0.002 0.984 
153 NS_SS1005    (7)    3 :  0.025 0.001 0.974 
154 NS_SS0892    (6)    3 :  0.285 0.002 0.714 
155 NS_SS0898    (0)    3 :  0.851 0.006 0.143 
156 NS_SS0801    (9)    3 :  0.185 0.010 0.804 
157 NS_SS0827    (9)    3 :  0.407 0.128 0.466 
158 NS_SS0853    (7)    3 :  0.109 0.005 0.886 
159 NS_SS0780    (2)    3 :  0.034 0.004 0.962 
160 NS_SS0826   (10)    3 :  0.316 0.004 0.681 
161 NS_SS0818    (5)    3 :  0.090 0.001 0.908 
162 NS_SS0745    (1)    3 :  0.006 0.001 0.993 
163 NS_SS0849    (3)    3 :  0.124 0.002 0.874 
164 NS_SS0739    (3)    3 :  0.063 0.011 0.926 
165 NS_SS0799    (1)    3 :  0.984 0.001 0.015 
166 NS_SS0756    (3)    3 :  0.009 0.003 0.988 
167 NS_SS0802    (2)    3 :  0.341 0.204 0.454 
168 NS_SS0747    (6)    3 :  0.741 0.006 0.253 
169 NS_SS0835    (1)    3 :  0.978 0.001 0.021 
170 NS_SS0742   (19)    3 :  0.163 0.001 0.836 
171 NS_SS0760    (9)    3 :  0.947 0.038 0.015 
172 NS_SS0803    (4)    3 :  0.017 0.007 0.976 
173 NS_SS0828   (14)    3 :  0.925 0.001 0.074 
174 NS_SS0865    (2)    3 :  0.285 0.027 0.688 
175 NS_SS0759    (5)    3 :  0.014 0.004 0.982 
176 NS_SS0851    (5)    3 :  0.005 0.010 0.985 
177 NS_SS0874   (16)    3 :  0.029 0.001 0.970 
178 NS_SS0761    (6)    3 :  0.954 0.002 0.044 
179 NS_SS0842   (26)    3 :  0.812 0.008 0.180 
180 NS_SS0785    (6)    3 :  0.736 0.005 0.259 
181 NS_SS0860   (11)    3 :  0.941 0.002 0.056 
182 NS_SS0897    (7)    3 :  0.988 0.002 0.010 
183 NS_SS0841   (15)    3 :  0.019 0.003 0.979 
184 NS_SS0797    (7)    3 :  0.877 0.024 0.099 
185 NS_SS0830   (11)    3 :  0.638 0.002 0.360 
186 NS_SS1011    (5)    3 :  0.022 0.005 0.973 
187 NS_SS0883    (5)    3 :  0.902 0.006 0.092 
188 NS_SS0782    (2)    3 :  0.122 0.002 0.876 
189 NS_SS0831    (5)    3 :  0.977 0.003 0.020 
190 NS_SS0749    (7)    3 :  0.949 0.003 0.047 
191 NS_SS0854    (2)    3 :  0.851 0.003 0.146 
192 HI_SS0193    (0)    4 :  0.982 0.001 0.017 
193 HI_SS0194    (1)    4 :  0.029 0.002 0.969 
194 HI_SS0195   (10)    4 :  0.006 0.078 0.916 
195 HI_SS0196    (6)    4 :  0.591 0.003 0.406 
196 HI_SS0197    (3)    4 :  0.009 0.011 0.980 
197 HI_SS0198    (1)    4 :  0.371 0.011 0.618 
198 HI_SS0199    (1)    4 :  0.962 0.002 0.036 
199 HI_SS0201    (5)    4 :  0.989 0.002 0.009 
200 HI_SS0215    (1)    4 :  0.898 0.003 0.099 
201 HI_SS0218    (1)    4 :  0.988 0.005 0.007 
202 HI_SS0222    (0)    4 :  0.053 0.003 0.943 
203 HI_SS0230    (1)    4 :  0.035 0.005 0.959 
204 HI_SS0234    (2)    4 :  0.331 0.158 0.511 
205 HI_SS0240    (1)    4 :  0.211 0.007 0.782 
206 HI_SS0241    (0)    4 :  0.978 0.002 0.019 
207 HI_SS0242    (0)    4 :  0.632 0.003 0.365 
208 HI_SS0247    (0)    4 :  0.023 0.017 0.960 
209 HI_SS0248    (1)    4 :  0.992 0.001 0.007 
210 HI_SS0252    (2)    4 :  0.042 0.002 0.957 
211 HI_SS0254    (0)    4 :  0.905 0.080 0.015 
212 HI_SS0256    (0)    4 :  0.005 0.001 0.993 
213 HI_SS0257    (0)    4 :  0.981 0.003 0.015 
214 HI_SS0258    (1)    4 :  0.976 0.004 0.019 
215 HI_SS0259    (1)    4 :  0.046 0.002 0.952 
216 HI_SS0260    (1)    4 :  0.969 0.002 0.029 
217 HI_SS0261    (2)    4 :  0.965 0.003 0.032 
218 HI_SS0262    (0)    4 :  0.041 0.006 0.953 
219 HI_SS0264    (0)    4 :  0.010 0.004 0.986 
220 HI_SS0265    (0)    4 :  0.066 0.083 0.850 
221 HI_SS0268    (1)    4 :  0.034 0.003 0.963 
222 HI_SS0269    (0)    4 :  0.991 0.002 0.007 
223 HI_SS0273    (0)    4 :  0.955 0.001 0.044 
224 HI_SS0277    (1)    4 :  0.123 0.003 0.874 
225 HI_SS0280    (0)    4 :  0.490 0.006 0.504 
226 HI_SS0282    (1)    4 :  0.957 0.001 0.042 
227 HI_SS0286    (1)    4 :  0.519 0.008 0.473 
228 NS_SS1252    (3)    5 :  0.981 0.004 0.015 
229 NS_SS1261    (1)    5 :  0.085 0.014 0.901 
230 NS_SS1225   (10)    5 :  0.725 0.104 0.171 
231 NS_SS1266    (1)    5 :  0.007 0.007 0.987 
232 NS_SS1228    (0)    5 :  0.061 0.013 0.926 
233 NS_SS1255    (3)    5 :  0.206 0.001 0.792 
234 NS_SS1267    (3)    5 :  0.984 0.010 0.006 
235 NS_SS1238    (6)    5 :  0.256 0.002 0.742 
236 NS_SS1233    (8)    5 :  0.106 0.002 0.893 
237 NS_SS1277    (3)    5 :  0.983 0.001 0.016 
238 NS_SS1245    (1)    5 :  0.945 0.002 0.053 
239 NS_SS1240    (4)    5 :  0.980 0.002 0.018 
240 NS_SS1275    (2)    5 :  0.007 0.002 0.991 
241 NS_SS1235    (1)    5 :  0.508 0.006 0.486 
242 NS_SS1263    (1)    5 :  0.127 0.001 0.872 
243 NS_SS1251    (2)    5 :  0.137 0.001 0.862 
244 NS_SS1248    (0)    5 :  0.197 0.087 0.716 
245 NS_SS1244    (0)    5 :  0.881 0.004 0.114 
246 NS_SS1257    (1)    5 :  0.928 0.028 0.044 
247 NS_SS1242    (2)    5 :  0.005 0.002 0.993 
248 NS_SS1271    (6)    5 :  0.965 0.026 0.009 
249 NS_SS1265    (1)    5 :  0.603 0.019 0.378 
250 NS_SS1243    (0)    5 :  0.047 0.069 0.885 
251 NS_SS1273    (1)    5 :  0.010 0.008 0.982 
252 NS_SS1254   (14)    5 :  0.363 0.006 0.631 
253 NS_SS1224    (1)    5 :  0.021 0.007 0.971 
254 NS_SS1227    (8)    5 :  0.988 0.002 0.010 
255 NS_SS1274    (9)    5 :  0.940 0.016 0.044 
256 NS_SS1241    (1)    5 :  0.981 0.001 0.018 
257 NS_SS1256    (3)    5 :  0.221 0.037 0.742 
258 NS_SS1260    (8)    5 :  0.835 0.075 0.090 
259 NS_SS1262    (0)    5 :  0.763 0.182 0.055 
260 NS_SS1230    (0)    5 :  0.860 0.007 0.133 
261 NS_SS1270    (2)    5 :  0.047 0.002 0.952 
262 NS_SS1229    (2)    5 :  0.144 0.003 0.852 
263 NS_SS1246    (5)    5 :  0.962 0.003 0.035 
264 NS_SS1269    (0)    5 :  0.203 0.002 0.795 
265 NS_SS1239    (1)    5 :  0.174 0.005 0.821 
266 NS_SS1272    (5)    5 :  0.030 0.005 0.965 
267 NS_SS1268    (1)    5 :  0.176 0.002 0.822 
268 NS_SS1249    (1)    5 :  0.981 0.010 0.009 
269 HI_SS0559    (0)    6 :  0.870 0.002 0.128 
270 HI_SS0563    (1)    6 :  0.405 0.003 0.593 
271 HI_SS0564    (0)    6 :  0.215 0.064 0.721 
272 HI_SS0565    (0)    6 :  0.589 0.003 0.408 
273 HI_SS0569    (1)    6 :  0.986 0.002 0.012 
274 HI_SS0570    (0)    6 :  0.958 0.031 0.011 
275 HI_SS0572    (1)    6 :  0.049 0.002 0.949 
276 HI_SS0576    (1)    6 :  0.102 0.006 0.893 
277 HI_SS0579    (1)    6 :  0.953 0.015 0.032 
278 HI_SS0580    (1)    6 :  0.690 0.004 0.306 
279 HI_SS0581    (0)    6 :  0.017 0.056 0.927 
280 HI_SS0583    (1)    6 :  0.576 0.003 0.422 
281 HI_SS0586    (1)    6 :  0.986 0.001 0.013 
282 HI_SS0588    (1)    6 :  0.958 0.016 0.025 
283 HI_SS0595    (4)    6 :  0.878 0.024 0.098 
284 HI_SS0596    (0)    6 :  0.018 0.002 0.981 
285 HI_SS0597    (1)    6 :  0.014 0.002 0.984 
286 HI_SS0600    (0)    6 :  0.645 0.004 0.351 
287 HI_SS0601    (1)    6 :  0.898 0.011 0.091 
288 HI_SS0602    (1)    6 :  0.912 0.002 0.085 
289 HI_SS0604    (0)    6 :  0.302 0.002 0.696 
290 HI_SS0605    (1)    6 :  0.785 0.007 0.208 
291 HI_SS0608    (0)    6 :  0.799 0.001 0.200 
292 HI_SS0609    (0)    6 :  0.038 0.001 0.961 
293 HI_SS0611    (5)    6 :  0.951 0.003 0.046 
294 HI_SS0612    (0)    6 :  0.851 0.007 0.141 
295 HI_SS0613    (1)    6 :  0.199 0.001 0.799 
296 HI_SS0615    (1)    6 :  0.048 0.009 0.943 
297 HI_SS0001    (1)    6 :  0.828 0.004 0.168 
298 HI_SS0002    (1)    6 :  0.040 0.022 0.937 
299 HI_SS0004    (0)    6 :  0.882 0.005 0.113 
300 HI_SS0005    (1)    6 :  0.206 0.006 0.789 
301 HI_SS0006    (1)    6 :  0.489 0.002 0.509 
302 HI_SS0007    (1)    6 :  0.985 0.002 0.013 
303 HI_SS0008    (0)    6 :  0.699 0.045 0.256 
304 HI_SS0009    (0)    6 :  0.164 0.004 0.832 
305 HI_SS0010    (1)    6 :  0.962 0.003 0.035 
306 HI_SS0011    (1)    6 :  0.065 0.079 0.856 
307 HI_SS0012    (0)    6 :  0.053 0.004 0.943 
308 HI_SS0017    (1)    6 :  0.055 0.002 0.943 
309 HI_SS0021    (1)    6 :  0.325 0.246 0.429 
310 HI_SS0024    (1)    6 :  0.030 0.002 0.968 
311 HI_SS0025    (1)    6 :  0.025 0.003 0.972 
312 HI_SS0027    (0)    6 :  0.978 0.011 0.011 
313 HI_SS0028    (0)    6 :  0.009 0.001 0.990 
314 HI_SS0029    (1)    6 :  0.065 0.007 0.928 
315 HI_SS0030    (2)    6 :  0.976 0.005 0.019 
316 HI_SS0031    (0)    6 :  0.730 0.004 0.266 
317 HI_SS0034    (0)    6 :  0.986 0.004 0.010 
318 HI_SS0036    (0)    6 :  0.974 0.010 0.016 
319 HI_SS0037    (1)    6 :  0.696 0.004 0.300 
320 HI_SS0039    (0)    6 :  0.956 0.003 0.041 
321 HI_SS0041    (1)    6 :  0.014 0.002 0.984 
322 HI_SS0042    (1)    6 :  0.069 0.113 0.818 
323 HI_SS0043    (1)    6 :  0.990 0.003 0.008 
324 HI_SS0044    (1)    6 :  0.243 0.002 0.755 
325 HI_SS0047    (1)    6 :  0.141 0.002 0.856 
326 HI_SS0049    (1)    6 :  0.182 0.004 0.815 
327 HI_SS0051    (1)    6 :  0.275 0.002 0.723 
328 HI_SS0053    (1)    6 :  0.988 0.004 0.008 
329 HI_SS0054    (4)    6 :  0.989 0.003 0.008 
330 HI_SS0057    (0)    6 :  0.608 0.003 0.389 
331 HI_SS0058    (0)    6 :  0.659 0.006 0.336 
332 HI_SS0060    (0)    6 :  0.827 0.089 0.085 
333 HI_SS0087    (1)    6 :  0.388 0.002 0.609 
334 HI_SS0091    (1)    6 :  0.981 0.001 0.017 
335 HI_SS0095    (1)    6 :  0.797 0.063 0.140 
336 HI_SS0097    (3)    6 :  0.462 0.004 0.533 
337 HI_SS0099    (1)    6 :  0.016 0.003 0.981 
338 HI_SS0103    (0)    6 :  0.107 0.003 0.890 
339 HI_SS0105    (1)    6 :  0.063 0.020 0.917 
340 HI_SS0107    (1)    6 :  0.017 0.001 0.983 
341 HI_SS0108    (1)    6 :  0.977 0.017 0.005 
342 HI_SS0110    (0)    6 :  0.709 0.001 0.290 
343 HI_SS0111    (1)    6 :  0.074 0.022 0.903 
344 HI_SS0112    (0)    6 :  0.994 0.001 0.005 
345 HI_SS0113    (1)    6 :  0.009 0.003 0.988 
346 HI_SS0114    (1)    6 :  0.967 0.005 0.028 
347 HI_SS0115    (1)    6 :  0.783 0.017 0.200 
348 HI_SS0116    (4)    6 :  0.848 0.003 0.149 
349 HI_SS0117    (0)    6 :  0.872 0.002 0.126 
350 HI_SS0118    (0)    6 :  0.664 0.010 0.326 
351 HI_SS0119    (1)    6 :  0.961 0.002 0.037 
352 HI_SS0120    (1)    6 :  0.009 0.003 0.988 
353 HI_SS0121    (0)    6 :  0.010 0.001 0.988 
354 HI_SS0122    (2)    6 :  0.077 0.019 0.904 
355 HI_SS0123    (0)    6 :  0.268 0.005 0.727 
356 HI_SS0124    (1)    6 :  0.019 0.002 0.979 
357 HI_SS0125    (1)    6 :  0.034 0.034 0.932 
358 HI_SS0126    (0)    6 :  0.991 0.001 0.009 
359 HI_SS0127    (0)    6 :  0.817 0.010 0.173 
360 HI_SS0128    (0)    6 :  0.531 0.003 0.466 
361 HI_SS0129    (1)    6 :  0.565 0.009 0.425 
362 HI_SS0131    (2)    6 :  0.529 0.039 0.432 
363 HI_SS0132    (0)    6 :  0.665 0.001 0.335 
364 HI_SS0133    (1)    6 :  0.995 0.001 0.004 
365 HI_SS0134    (1)    6 :  0.727 0.002 0.272 
366 HI_SS0142    (3)    6 :  0.105 0.016 0.880 
367 HI_SS0145    (0)    6 :  0.937 0.001 0.062 
368 HI_SS0146    (1)    6 :  0.973 0.001 0.025 
369 HI_SS0147    (1)    6 :  0.009 0.018 0.973 
370 HI_SS0149    (1)    6 :  0.399 0.004 0.597 
371 HI_SS0150    (2)    6 :  0.027 0.003 0.969 
372 HI_SS0151    (0)    6 :  0.868 0.012 0.119 
373 NS_SS1451    (1)    6 :  0.013 0.003 0.985 
374 NS_SS1404    (0)    6 :  0.019 0.008 0.973 
375 NS_SS1432    (2)    6 :  0.008 0.028 0.964 
376 NS_SS1405    (5)    6 :  0.111 0.003 0.886 
377 NS_SS1431   (10)    6 :  0.022 0.001 0.977 
378 NS_SS1402    (3)    6 :  0.118 0.002 0.880 
379 NS_SS1450    (3)    6 :  0.904 0.004 0.092 
380 NS_SS1396    (0)    6 :  0.029 0.004 0.967 
381 NS_SS1393    (5)    6 :  0.339 0.004 0.658 
382 NS_SS1392   (10)    6 :  0.078 0.017 0.905 
383 NS_SS1445    (0)    6 :  0.922 0.009 0.069 
384 NS_SS1423    (0)    6 :  0.957 0.001 0.041 
385 NS_SS1421    (9)    6 :  0.715 0.098 0.188 
386 NS_SS1411    (6)    6 :  0.958 0.002 0.040 
387 NS_SS1453    (6)    6 :  0.715 0.006 0.279 
388 NS_SS1442    (3)    6 :  0.204 0.003 0.793 
389 NS_SS1422    (1)    6 :  0.811 0.012 0.178 
390 NS_SS1419    (1)    6 :  0.094 0.157 0.749 
391 NS_SS1427    (0)    6 :  0.992 0.002 0.007 
392 NS_SS1444    (4)    6 :  0.022 0.003 0.975 
393 NS_SS1455    (0)    6 :  0.007 0.001 0.991 
394 NS_SS1425    (2)    6 :  0.989 0.001 0.010 
395 NS_SS1400    (0)    6 :  0.949 0.002 0.049 
396 NS_SS1406    (2)    6 :  0.019 0.007 0.974 
397 NS_SS1417    (6)    6 :  0.111 0.006 0.883 
398 NS_SS1454    (3)    6 :  0.380 0.001 0.619 
399 NS_SS1412    (1)    6 :  0.630 0.022 0.348 
400 NS_SS1438    (1)    6 :  0.982 0.001 0.017 
401 NS_SS1416    (4)    6 :  0.016 0.005 0.979 
402 NS_SS1401    (0)    6 :  0.062 0.010 0.927 
403 NS_SS1424    (6)    6 :  0.603 0.014 0.383 
404 NS_SS1435   (10)    6 :  0.742 0.003 0.255 
405 NS_SS1447    (4)    6 :  0.011 0.005 0.984 
406 NS_SS1414    (3)    6 :  0.014 0.006 0.980 
407 NS_SS1449   (14)    6 :  0.581 0.004 0.415 
408 NS_SS1443    (4)    6 :  0.992 0.002 0.007 
409 NS_SS1434    (1)    6 :  0.847 0.001 0.152 
410 NS_SS1398    (1)    6 :  0.431 0.023 0.547 
411 NS_SS1426    (1)    6 :  0.988 0.002 0.010 
412 NS_SS1413    (0)    6 :  0.981 0.009 0.010 
413 NS_SS1395    (1)    6 :  0.973 0.009 0.018 
414 NS_SS1448   (10)    6 :  0.864 0.002 0.134 
415 NS_SS1446    (0)    6 :  0.369 0.003 0.628 
416 NS_SS1403    (2)    6 :  0.211 0.006 0.784 
417 NS_SS1415    (0)    6 :  0.979 0.008 0.013 
418 NS_SS1437    (4)    6 :  0.221 0.008 0.771 
419 NS_SS1439    (2)    6 :  0.111 0.003 0.887 
420 NS_SS1441    (3)    6 :  0.969 0.002 0.029 
421 NS_SS1420    (2)    6 :  0.010 0.003 0.987 
422 NS_SS1394    (2)    6 :  0.059 0.034 0.907 
423 NS_SS1391    (7)    6 :  0.832 0.013 0.156 
424 NS_SS1410    (5)    6 :  0.329 0.012 0.659 
425 NS_SS1408    (1)    6 :  0.575 0.056 0.369 
426 NS_SS1409    (1)    6 :  0.281 0.003 0.716 
427 HI_SS0617    (1)    7 :  0.552 0.001 0.447 
428 HI_SS0618    (2)    7 :  0.121 0.002 0.877 
429 HI_SS0619    (0)    7 :  0.188 0.003 0.809 
430 HI_SS0620    (1)    7 :  0.990 0.002 0.008 
431 HI_SS0621    (3)    7 :  0.039 0.011 0.950 
432 HI_SS0622    (1)    7 :  0.578 0.012 0.410 
433 HI_SS0626    (0)    7 :  0.198 0.008 0.794 
434 HI_SS0627    (0)    7 :  0.012 0.006 0.982 
435 HI_SS0628    (3)    7 :  0.367 0.051 0.581 
436 HI_SS0629    (1)    7 :  0.365 0.006 0.629 
437 HI_SS0630    (1)    7 :  0.825 0.050 0.125 
438 HI_SS0631    (0)    7 :  0.980 0.001 0.019 
439 HI_SS0632    (0)    7 :  0.524 0.003 0.474 
440 HI_SS0633    (0)    7 :  0.012 0.003 0.985 
441 HI_SS0634    (1)    7 :  0.177 0.002 0.821 
442 HI_SS0635    (0)    7 :  0.061 0.007 0.932 
443 HI_SS0637    (1)    7 :  0.180 0.003 0.817 
444 HI_SS0638    (0)    7 :  0.516 0.001 0.483 
445 HI_SS0639    (1)    7 :  0.019 0.033 0.947 
446 HI_SS0640    (1)    7 :  0.930 0.002 0.069 
447 HI_SS0641    (1)    7 :  0.938 0.005 0.057 
448 HI_SS0642    (0)    7 :  0.477 0.002 0.521 
449 HI_SS0645    (0)    7 :  0.012 0.001 0.987 
450 HI_SS0646    (1)    7 :  0.584 0.003 0.414 
451 HI_SS0647    (1)    7 :  0.642 0.001 0.357 
452 HI_SS0648    (0)    7 :  0.800 0.003 0.196 
453 HI_SS0649    (1)    7 :  0.110 0.002 0.888 
454 HI_SS0650    (1)    7 :  0.107 0.004 0.889 
455 HI_SS0651    (1)    7 :  0.900 0.004 0.096 
456 HI_SS0652    (1)    7 :  0.023 0.003 0.974 
457 NS_SS1371    (3)    7 :  0.964 0.005 0.031 
458 NS_SS1374    (0)    7 :  0.813 0.002 0.185 
459 NS_SS1337    (3)    7 :  0.018 0.003 0.980 
460 NS_SS1385    (5)    7 :  0.302 0.004 0.694 
461 NS_SS1388    (0)    7 :  0.039 0.006 0.955 
462 NS_SS1370    (1)    7 :  0.190 0.010 0.800 
463 NS_SS1389    (3)    7 :  0.015 0.003 0.982 
464 NS_SS1360    (1)    7 :  0.966 0.004 0.030 
465 NS_SS1330    (0)    7 :  0.017 0.003 0.981 
466 NS_SS1328    (9)    7 :  0.963 0.002 0.035 
467 NS_SS1384    (1)    7 :  0.935 0.004 0.061 
468 NS_SS1381    (0)    7 :  0.030 0.001 0.969 
469 NS_SS1375    (1)    7 :  0.038 0.001 0.961 
470 NS_SS1319   (11)    7 :  0.574 0.114 0.312 
471 NS_SS1326    (2)    7 :  0.935 0.010 0.056 
472 NS_SS1341    (1)    7 :  0.513 0.005 0.483 
473 NS_SS1383    (2)    7 :  0.560 0.005 0.436 
474 NS_SS1318    (3)    7 :  0.130 0.013 0.857 
475 NS_SS1348    (2)    7 :  0.993 0.001 0.006 
476 NS_SS1363    (0)    7 :  0.066 0.004 0.930 
477 NS_SS1335    (4)    7 :  0.964 0.024 0.012 
478 NS_SS1358    (0)    7 :  0.922 0.016 0.062 
479 NS_SS1342    (1)    7 :  0.898 0.002 0.101 
480 NS_SS1320    (3)    7 :  0.006 0.005 0.989 
481 NS_SS1355    (1)    7 :  0.025 0.011 0.963 
482 NS_SS1345    (1)    7 :  0.506 0.020 0.474 
483 NS_SS1324    (0)    7 :  0.909 0.002 0.089 
484 NS_SS1347    (5)    7 :  0.957 0.003 0.040 
485 NS_SS1321    (4)    7 :  0.729 0.001 0.270 
486 NS_SS1333    (0)    7 :  0.551 0.003 0.446 
487 NS_SS1364    (1)    7 :  0.942 0.003 0.055 
488 NS_SS1379    (0)    7 :  0.142 0.051 0.806 
489 NS_SS1332    (0)    7 :  0.986 0.005 0.009 
490 NS_SS1338    (5)    7 :  0.841 0.007 0.151 
491 NS_SS1368    (6)    7 :  0.841 0.005 0.154 
492 NS_SS1354    (1)    7 :  0.054 0.011 0.936 
493 NS_SS1365    (0)    7 :  0.149 0.007 0.844 
494 NS_SS1380    (1)    7 :  0.016 0.017 0.967 
495 NS_SS1329    (8)    7 :  0.835 0.003 0.162 
496 NS_SS1362    (0)    7 :  0.460 0.004 0.536 
497 NS_SS1327    (2)    7 :  0.992 0.003 0.005 
498 NS_SS1350    (0)    7 :  0.924 0.011 0.065 
499 NS_SS1387    (2)    7 :  0.038 0.002 0.960 
500 NS_SS1369    (8)    7 :  0.958 0.004 0.038 
501 NS_SS1331    (1)    7 :  0.092 0.008 0.901 
502 NS_SS1357    (5)    7 :  0.751 0.003 0.246 
503 NS_SS1386    (1)    7 :  0.991 0.003 0.006 
504 NS_SS1353    (2)    7 :  0.070 0.003 0.927 
505 NS_SS1323    (0)    7 :  0.102 0.070 0.828 
506 HI_SS0296    (0)    8 :  0.981 0.001 0.018 
507 HI_SS0297    (0)    8 :  0.601 0.001 0.398 
508 HI_SS0299    (0)    8 :  0.624 0.027 0.349 
509 HI_SS0300    (0)    8 :  0.814 0.001 0.185 
510 HI_SS0301    (0)    8 :  0.305 0.004 0.692 
511 HI_SS0302    (0)    8 :  0.961 0.019 0.020 
512 HI_SS0303    (0)    8 :  0.977 0.006 0.017 
513 HI_SS0304    (0)    8 :  0.021 0.002 0.977 
514 HI_SS0306    (5)    8 :  0.988 0.003 0.009 
515 HI_SS0307    (1)    8 :  0.027 0.006 0.967 
516 HI_SS0308    (1)    8 :  0.397 0.085 0.518 
517 HI_SS0309    (0)    8 :  0.128 0.003 0.868 
518 HI_SS0310    (0)    8 :  0.331 0.006 0.663 
519 HI_SS0311    (4)    8 :  0.256 0.002 0.742 
520 HI_SS0314    (0)    8 :  0.788 0.001 0.211 
521 HI_SS0316    (1)    8 :  0.912 0.004 0.084 
522 HI_SS0317    (3)    8 :  0.282 0.002 0.716 
523 HI_SS0318    (1)    8 :  0.746 0.198 0.055 
524 HI_SS0319    (0)    8 :  0.990 0.004 0.007 
525 HI_SS0320    (3)    8 :  0.011 0.001 0.988 
526 HI_SS0321    (0)    8 :  0.915 0.002 0.083 
527 HI_SS0323    (1)    8 :  0.400 0.002 0.599 
528 HI_SS0325    (2)    8 :  0.919 0.002 0.079 
529 HI_SS0327    (1)    8 :  0.989 0.001 0.009 
530 HI_SS0329    (1)    8 :  0.086 0.001 0.913 
531 HI_SS0333    (1)    8 :  0.157 0.002 0.841 
532 HI_SS0334    (1)    8 :  0.980 0.001 0.019 
533 HI_SS0335    (1)    8 :  0.091 0.019 0.890 
534 HI_SS0339    (0)    8 :  0.045 0.009 0.946 
535 HI_SS0343    (2)    8 :  0.110 0.002 0.888 
536 HI_SS0344    (1)    8 :  0.993 0.002 0.004 
537 HI_SS0345    (3)    8 :  0.099 0.006 0.895 
538 HI_SS0346    (0)    8 :  0.176 0.003 0.820 
539 HI_SS0350    (1)    8 :  0.010 0.008 0.982 
540 HI_SS0351    (0)    8 :  0.266 0.003 0.731 
541 HI_SS0352    (3)    8 :  0.033 0.085 0.882 
542 HI_SS0362    (0)    8 :  0.924 0.002 0.074 
543 HI_SS0363    (1)    8 :  0.984 0.003 0.013 
544 HI_SS0365    (0)    8 :  0.932 0.004 0.064 
545 HI_SS0366    (0)    8 :  0.977 0.001 0.021 
546 HI_SS0367    (1)    8 :  0.009 0.002 0.989 
547 HI_SS0369    (1)    8 :  0.013 0.002 0.984 
548 HI_SS0370    (0)    8 :  0.847 0.003 0.150 
549 HI_SS0371    (4)    8 :  0.933 0.004 0.062 
550 HI_SS0373    (3)    8 :  0.296 0.011 0.693 
551 HI_SS0374    (0)    8 :  0.024 0.025 0.952 
552 HI_SS0377    (0)    8 :  0.878 0.083 0.039 
553 HI_SS0379    (1)    8 :  0.996 0.001 0.003 
554 HI_SS0380    (1)    8 :  0.061 0.007 0.932 
555 HI_SS0381    (2)    8 :  0.015 0.003 0.981 
556 HI_SS0384    (3)    8 :  0.800 0.006 0.194 
557 HI_SS0385    (1)    8 :  0.408 0.001 0.591 
558 HI_SS0386    (0)    9 :  0.002 0.997 0.001 
559 HI_SS0387    (0)    9 :  0.013 0.975 0.012 
560 HI_SS0389    (2)    9 :  0.004 0.993 0.003 
561 HI_SS0390    (2)    9 :  0.002 0.997 0.001 
562 HI_SS0391    (3)    9 :  0.002 0.995 0.003 
563 HI_SS0392    (0)    9 :  0.002 0.997 0.001 
564 HI_SS0393    (2)    9 :  0.002 0.997 0.001 
565 HI_SS0394    (2)    9 :  0.001 0.997 0.002 
566 HI_SS0395    (2)    9 :  0.003 0.993 0.004 
567 HI_SS0396    (2)    9 :  0.007 0.982 0.011 
568 HI_SS0398    (2)    9 :  0.006 0.988 0.005 
569 HI_SS0399    (2)    9 :  0.001 0.998 0.001 
570 HI_SS0400    (3)    9 :  0.002 0.996 0.002 
571 HI_SS0401    (5)    9 :  0.001 0.997 0.001 
572 HI_SS0402    (0)    9 :  0.001 0.998 0.001 
573 HI_SS0403    (0)    9 :  0.001 0.997 0.001 
574 HI_SS0404    (2)    9 :  0.001 0.998 0.001 
575 HI_SS0405    (2)    9 :  0.015 0.965 0.020 
576 HI_SS0406    (2)    9 :  0.002 0.996 0.002 
577 HI_SS0407    (0)    9 :  0.006 0.986 0.008 
578 HI_SS0408    (0)    9 :  0.001 0.998 0.001 
579 HI_SS0409    (2)    9 :  0.003 0.994 0.003 
580 HI_SS0411    (2)    9 :  0.003 0.995 0.003 
581 HI_SS0412   (11)    9 :  0.083 0.820 0.097 
582 HI_SS0413    (0)    9 :  0.002 0.996 0.002 
583 HI_SS0414    (2)    9 :  0.013 0.967 0.021 
584 HI_SS0415    (2)    9 :  0.002 0.997 0.002 
585 HI_SS0416    (2)    9 :  0.003 0.994 0.003 
586 HI_SS0418    (2)    9 :  0.005 0.991 0.004 
587 HI_SS0419    (3)    9 :  0.002 0.995 0.003 
588 HI_SS0420    (0)    9 :  0.002 0.996 0.002 
589 HI_SS0421    (4)    9 :  0.004 0.992 0.004 
590 HI_SS0422    (3)    9 :  0.001 0.997 0.001 
591 HI_SS0423    (2)    9 :  0.004 0.992 0.004 
592 HI_SS0424    (1)    9 :  0.001 0.997 0.002 
593 HI_SS0425    (0)    9 :  0.002 0.994 0.003 
594 NS_SS1146    (3)   10 :  0.003 0.996 0.002 
595 NS_SS1157    (1)   10 :  0.006 0.987 0.006 
596 NS_SS1144    (7)   10 :  0.023 0.958 0.019 
597 NS_SS1074    (3)   10 :  0.003 0.994 0.003 
598 NS_SS1122    (0)   10 :  0.004 0.992 0.004 
599 NS_SS1136    (2)   10 :  0.001 0.998 0.001 
600 NS_SS1077    (4)   10 :  0.001 0.999 0.001 
601 NS_SS1134    (2)   10 :  0.010 0.978 0.012 
602 NS_SS1091    (1)   10 :  0.002 0.996 0.002 
603 NS_SS1089   (10)   10 :  0.003 0.995 0.002 
604 NS_SS1123    (2)   10 :  0.001 0.997 0.001 
605 NS_SS1158    (3)   10 :  0.001 0.998 0.001 
606 NS_SS1093    (3)   10 :  0.002 0.996 0.002 
607 NS_SS1102    (5)   10 :  0.004 0.990 0.006 
608 NS_SS1056    (0)   10 :  0.002 0.997 0.002 
609 NS_SS1126    (2)   10 :  0.003 0.995 0.002 
610 NS_SS1058   (15)   10 :  0.003 0.993 0.004 
611 NS_SS1084    (2)   10 :  0.001 0.998 0.001 
612 NS_SS1095    (3)   10 :  0.006 0.990 0.005 
613 NS_SS1079    (3)   10 :  0.001 0.997 0.001 
614 NS_SS1149    (0)   10 :  0.002 0.996 0.002 
615 NS_SS1121    (0)   10 :  0.002 0.997 0.001 
616 NS_SS1067    (0)   10 :  0.005 0.989 0.006 
617 NS_SS1081    (2)   10 :  0.002 0.996 0.002 
618 NS_SS1130    (0)   10 :  0.003 0.994 0.003 
619 NS_SS1073    (2)   10 :  0.002 0.995 0.003 
620 NS_SS1133    (2)   10 :  0.003 0.985 0.011 
621 NS_SS1129    (2)   10 :  0.001 0.997 0.001 
622 NS_SS1085    (1)   10 :  0.002 0.996 0.002 
623 NS_SS1137    (2)   10 :  0.004 0.992 0.004 
624 NS_SS1135    (3)   10 :  0.001 0.998 0.001 
625 NS_SS1082    (3)   10 :  0.001 0.997 0.002 
626 NS_SS1125    (3)   10 :  0.001 0.998 0.001 
627 NS_SS1124    (2)   10 :  0.006 0.988 0.007 
628 NS_SS1155    (0)   10 :  0.009 0.985 0.006 
629 NS_SS1145    (2)   10 :  0.002 0.997 0.002 


Estimated Allele Frequencies in each cluster
First column gives estimated ancestral frequencies


Locus 1 : 
2 alleles
3.3% missing data
   1   (0.738) 0.737 0.730 0.739 
   2   (0.262) 0.263 0.270 0.261 

Locus 2 : 
2 alleles
4.6% missing data
   1   (0.886) 0.892 0.821 0.885 
   2   (0.114) 0.108 0.179 0.115 

Locus 3 : 
2 alleles
4.9% missing data
   1   (0.787) 0.774 0.808 0.793 
   2   (0.213) 0.226 0.192 0.207 

Locus 4 : 
2 alleles
4.6% missing data
   1   (0.865) 0.871 0.870 0.863 
   2   (0.135) 0.129 0.130 0.137 

Locus 5 : 
2 alleles
2.5% missing data
   1   (0.892) 0.895 0.930 0.890 
   2   (0.108) 0.105 0.070 0.110 

Locus 6 : 
2 alleles
2.7% missing data
   1   (0.825) 0.815 0.762 0.832 
   2   (0.175) 0.185 0.238 0.168 

Locus 7 : 
2 alleles
3.0% missing data
   1   (0.793) 0.791 0.756 0.796 
   2   (0.207) 0.209 0.244 0.204 

Locus 8 : 
2 alleles
4.8% missing data
   1   (0.728) 0.728 0.794 0.726 
   2   (0.272) 0.272 0.206 0.274 

Locus 9 : 
2 alleles
3.7% missing data
   1   (0.808) 0.804 0.810 0.811 
   2   (0.192) 0.196 0.190 0.189 

Locus 10 : 
2 alleles
4.8% missing data
   1   (0.711) 0.703 0.798 0.713 
   2   (0.289) 0.297 0.202 0.287 

Locus 11 : 
2 alleles
3.2% missing data
   1   (0.797) 0.781 0.783 0.806 
   2   (0.203) 0.219 0.217 0.194 

Locus 12 : 
2 alleles
4.9% missing data
   1   (0.893) 0.895 0.907 0.893 
   2   (0.107) 0.105 0.093 0.107 

Locus 13 : 
2 alleles
3.2% missing data
   1   (0.867) 0.865 0.915 0.868 
   2   (0.133) 0.135 0.085 0.132 

Locus 14 : 
2 alleles
4.6% missing data
   1   (0.732) 0.734 0.683 0.733 
   2   (0.268) 0.266 0.317 0.267 

Locus 15 : 
2 alleles
4.6% missing data
   1   (0.891) 0.891 0.918 0.892 
   2   (0.109) 0.109 0.082 0.108 

Locus 16 : 
2 alleles
3.8% missing data
   1   (0.885) 0.879 0.964 0.886 
   2   (0.115) 0.121 0.036 0.114 

Locus 17 : 
2 alleles
4.1% missing data
   1   (0.509) 0.508 0.645 0.507 
   2   (0.491) 0.492 0.355 0.493 

Locus 18 : 
2 alleles
4.1% missing data
   1   (0.611) 0.596 0.574 0.619 
   2   (0.389) 0.404 0.426 0.381 

Locus 19 : 
2 alleles
4.1% missing data
   1   (0.773) 0.773 0.637 0.777 
   2   (0.227) 0.227 0.363 0.223 

Locus 20 : 
2 alleles
2.2% missing data
   1   (0.897) 0.900 0.894 0.897 
   2   (0.103) 0.100 0.106 0.103 

Locus 21 : 
2 alleles
4.5% missing data
   1   (0.710) 0.708 0.600 0.715 
   2   (0.290) 0.292 0.400 0.285 

Locus 22 : 
2 alleles
3.0% missing data
   1   (0.887) 0.886 0.913 0.887 
   2   (0.113) 0.114 0.087 0.113 

Locus 23 : 
2 alleles
3.8% missing data
   1   (0.561) 0.547 0.578 0.568 
   2   (0.439) 0.453 0.422 0.432 

Locus 24 : 
2 alleles
4.9% missing data
   1   (0.860) 0.855 0.890 0.863 
   2   (0.140) 0.145 0.110 0.137 

Locus 25 : 
2 alleles
4.3% missing data
   1   (0.886) 0.881 0.877 0.889 
   2   (0.114) 0.119 0.123 0.111 

Locus 26 : 
2 alleles
3.0% missing data
   1   (0.544) 0.539 0.578 0.546 
   2   (0.456) 0.461 0.422 0.454 

Locus 27 : 
2 alleles
4.0% missing data
   2   (0.467) 0.480 0.416 0.462 
   1   (0.533) 0.520 0.584 0.538 

Locus 28 : 
2 alleles
4.0% missing data
   1   (0.842) 0.853 0.870 0.837 
   2   (0.158) 0.147 0.130 0.163 

Locus 29 : 
2 alleles
1.9% missing data
   1   (0.604) 0.608 0.699 0.600 
   2   (0.396) 0.392 0.301 0.400 

Locus 30 : 
2 alleles
4.6% missing data
   1   (0.864) 0.867 0.854 0.864 
   2   (0.136) 0.133 0.146 0.136 

Locus 31 : 
2 alleles
1.9% missing data
   1   (0.885) 0.882 0.904 0.887 
   2   (0.115) 0.118 0.096 0.113 

Locus 32 : 
2 alleles
4.3% missing data
   1   (0.867) 0.873 0.784 0.867 
   2   (0.133) 0.127 0.216 0.133 

Locus 33 : 
2 alleles
4.3% missing data
   1   (0.789) 0.794 0.761 0.788 
   2   (0.211) 0.206 0.239 0.212 

Locus 34 : 
2 alleles
2.2% missing data
   1   (0.736) 0.743 0.726 0.734 
   2   (0.264) 0.257 0.274 0.266 

Locus 35 : 
2 alleles
3.8% missing data
   1   (0.765) 0.760 0.781 0.768 
   2   (0.235) 0.240 0.219 0.232 

Locus 36 : 
2 alleles
3.3% missing data
   1   (0.811) 0.816 0.783 0.810 
   2   (0.189) 0.184 0.217 0.190 

Locus 37 : 
2 alleles
3.8% missing data
   1   (0.865) 0.878 0.643 0.863 
   2   (0.135) 0.122 0.357 0.137 

Locus 38 : 
2 alleles
4.9% missing data
   1   (0.800) 0.789 0.774 0.807 
   2   (0.200) 0.211 0.226 0.193 

Locus 39 : 
2 alleles
4.9% missing data
   1   (0.744) 0.739 0.779 0.747 
   2   (0.256) 0.261 0.221 0.253 

Locus 40 : 
2 alleles
2.7% missing data
   1   (0.758) 0.760 0.723 0.759 
   2   (0.242) 0.240 0.277 0.241 

Locus 41 : 
2 alleles
2.2% missing data
   1   (0.744) 0.744 0.760 0.743 
   2   (0.256) 0.256 0.240 0.257 

Locus 42 : 
2 alleles
4.9% missing data
   1   (0.768) 0.756 0.792 0.774 
   2   (0.232) 0.244 0.208 0.226 

Locus 43 : 
2 alleles
1.7% missing data
   1   (0.876) 0.865 0.918 0.881 
   2   (0.124) 0.135 0.082 0.119 

Locus 44 : 
2 alleles
3.7% missing data
   1   (0.704) 0.717 0.747 0.697 
   2   (0.296) 0.283 0.253 0.303 

Locus 45 : 
2 alleles
3.7% missing data
   1   (0.572) 0.564 0.487 0.579 
   2   (0.428) 0.436 0.513 0.421 

Locus 46 : 
2 alleles
3.8% missing data
   1   (0.882) 0.888 0.856 0.881 
   2   (0.118) 0.112 0.144 0.119 

Locus 47 : 
2 alleles
4.0% missing data
   2   (0.239) 0.216 0.235 0.250 
   1   (0.761) 0.784 0.765 0.750 

Locus 48 : 
2 alleles
2.1% missing data
   1   (0.822) 0.818 0.766 0.826 
   2   (0.178) 0.182 0.234 0.174 

Locus 49 : 
2 alleles
4.9% missing data
   1   (0.588) 0.579 0.700 0.590 
   2   (0.412) 0.421 0.300 0.410 

Locus 50 : 
2 alleles
3.5% missing data
   1   (0.872) 0.879 0.864 0.870 
   2   (0.128) 0.121 0.136 0.130 

Locus 51 : 
2 alleles
2.9% missing data
   1   (0.779) 0.785 0.785 0.776 
   2   (0.221) 0.215 0.215 0.224 

Locus 52 : 
2 alleles
4.1% missing data
   1   (0.889) 0.891 0.874 0.889 
   2   (0.111) 0.109 0.126 0.111 

Locus 53 : 
2 alleles
4.8% missing data
   1   (0.850) 0.850 0.863 0.851 
   2   (0.150) 0.150 0.137 0.149 

Locus 54 : 
2 alleles
4.1% missing data
   1   (0.819) 0.826 0.900 0.814 
   2   (0.181) 0.174 0.100 0.186 

Locus 55 : 
2 alleles
4.3% missing data
   1   (0.823) 0.818 0.883 0.824 
   2   (0.177) 0.182 0.117 0.176 

Locus 56 : 
2 alleles
3.7% missing data
   1   (0.658) 0.654 0.612 0.662 
   2   (0.342) 0.346 0.388 0.338 

Locus 57 : 
2 alleles
1.4% missing data
   1   (0.601) 0.599 0.570 0.604 
   2   (0.399) 0.401 0.430 0.396 

Locus 58 : 
2 alleles
3.8% missing data
   1   (0.660) 0.663 0.709 0.658 
   2   (0.340) 0.337 0.291 0.342 

Locus 59 : 
2 alleles
4.3% missing data
   1   (0.854) 0.850 0.864 0.856 
   2   (0.146) 0.150 0.136 0.144 

Locus 60 : 
2 alleles
4.0% missing data
   1   (0.870) 0.871 0.939 0.868 
   2   (0.130) 0.129 0.061 0.132 

Locus 61 : 
2 alleles
3.0% missing data
   1   (0.885) 0.884 0.907 0.886 
   2   (0.115) 0.116 0.093 0.114 

Locus 62 : 
2 alleles
2.9% missing data
   1   (0.799) 0.803 0.815 0.798 
   2   (0.201) 0.197 0.185 0.202 

Locus 63 : 
2 alleles
4.6% missing data
   1   (0.658) 0.674 0.589 0.653 
   2   (0.342) 0.326 0.411 0.347 

Locus 64 : 
2 alleles
4.5% missing data
   1   (0.839) 0.847 0.816 0.837 
   2   (0.161) 0.153 0.184 0.163 

Locus 65 : 
2 alleles
4.9% missing data
   1   (0.857) 0.849 0.860 0.862 
   2   (0.143) 0.151 0.140 0.138 

Locus 66 : 
2 alleles
4.5% missing data
   1   (0.821) 0.829 0.885 0.817 
   2   (0.179) 0.171 0.115 0.183 

Locus 67 : 
2 alleles
2.5% missing data
   1   (0.865) 0.856 0.875 0.869 
   2   (0.135) 0.144 0.125 0.131 

Locus 68 : 
2 alleles
4.3% missing data
   1   (0.783) 0.776 0.842 0.785 
   2   (0.217) 0.224 0.158 0.215 

Locus 69 : 
2 alleles
1.7% missing data
   1   (0.845) 0.835 0.835 0.852 
   2   (0.155) 0.165 0.165 0.148 

Locus 70 : 
2 alleles
4.9% missing data
   1   (0.778) 0.787 0.754 0.776 
   2   (0.222) 0.213 0.246 0.224 

Locus 71 : 
2 alleles
4.0% missing data
   1   (0.758) 0.757 0.705 0.760 
