   NS_SS0963  1 0.9078 0.0412 0.0044 0.0466 
   NS_SS0983  1 0.1238 0.0073 0.0035 0.8654 
   NS_SS0719  1 0.9485 0.0165 0.0036 0.0314 
   NS_SS1001  1 0.0310 0.7992 0.0059 0.1639 
   NS_SS0936  1 0.5866 0.3550 0.0026 0.0558 
   NS_SS0955  1 0.1433 0.0715 0.0037 0.7815 
   NS_SS0944  1 0.0284 0.0706 0.0016 0.8993 
   NS_SS0945  1 0.0472 0.6055 0.0101 0.3372 
   NS_SS0922  1 0.7613 0.2031 0.0230 0.0126 
   NS_SS0929  1 0.4063 0.1194 0.0031 0.4713 
   NS_SS0956  1 0.4759 0.4921 0.0036 0.0285 
   NS_SS0906  1 0.4686 0.4416 0.0031 0.0867 
   NS_SS0721  1 0.9718 0.0095 0.0039 0.0148 
   NS_SS0982  1 0.6061 0.3620 0.0167 0.0152 
   NS_SS0923  1 0.9375 0.0428 0.0038 0.0159 
   NS_SS0905  1 0.9213 0.0364 0.0015 0.0408 
   NS_SS0925  1 0.8550 0.1317 0.0039 0.0095 
   NS_SS0947  1 0.1998 0.7557 0.0042 0.0402 
   NS_SS0926  1 0.0097 0.0096 0.0013 0.9795 
   NS_SS0918  1 0.0553 0.8393 0.0025 0.1029 
   NS_SS0966  1 0.0486 0.8523 0.0486 0.0506 
   NS_SS0938  1 0.0167 0.9547 0.0013 0.0272 
   NS_SS0917  1 0.9094 0.0416 0.0303 0.0188 
   NS_SS0957  1 0.1245 0.8386 0.0071 0.0298 
   NS_SS0987  1 0.4342 0.2494 0.2409 0.0756 
   NS_SS0717  1 0.0457 0.9272 0.0023 0.0248 
   NS_SS0986  1 0.0909 0.7992 0.0033 0.1066 
   NS_SS0953  1 0.0881 0.8534 0.0165 0.0421 
   NS_SS0907  1 0.5876 0.3538 0.0382 0.0204 
   NS_SS0974  1 0.1659 0.0610 0.0038 0.7693 
   NS_SS0989  1 0.0813 0.0209 0.0012 0.8967 
   NS_SS0991  1 0.1192 0.0490 0.0018 0.8300 
   NS_SS0994  1 0.0092 0.0059 0.0017 0.9832 
   NS_SS0931  1 0.0294 0.0094 0.0108 0.9503 
   NS_SS1000  1 0.2836 0.6972 0.0035 0.0157 
   NS_SS0919  1 0.9498 0.0073 0.0024 0.0404 
   NS_SS0949  1 0.0335 0.0086 0.0015 0.9564 
   NS_SS0960  1 0.6562 0.0136 0.0060 0.3242 
   NS_SS0716  1 0.0220 0.9651 0.0072 0.0057 
   NS_SS0924  1 0.4730 0.0425 0.0190 0.4655 
   NS_SS0935  1 0.5591 0.0102 0.0078 0.4228 
   NS_SS0952  1 0.1416 0.0740 0.0405 0.7439 
   NS_SS0962  1 0.2630 0.7064 0.0071 0.0235 
   NS_SS0973  1 0.8703 0.0169 0.0035 0.1093 
   NS_SS0722  1 0.0940 0.8964 0.0022 0.0075 
   NS_SS0979  1 0.0432 0.9418 0.0018 0.0132 
   NS_SS0993  1 0.0324 0.9064 0.0181 0.0432 
   NS_SS0958  1 0.0290 0.0956 0.0029 0.8725 
   NS_SS0988  1 0.2584 0.5709 0.0046 0.1660 
   NS_SS1003  1 0.4050 0.5484 0.0086 0.0380 
   NS_SS0976  1 0.1827 0.0511 0.0020 0.7641 
   NS_SS0964  1 0.0806 0.9054 0.0022 0.0117 
   NS_SS0939  1 0.1824 0.8073 0.0046 0.0057 
   NS_SS0990  1 0.0292 0.8669 0.0035 0.1005 
   NS_SS0984  1 0.3826 0.6041 0.0022 0.0111 
   NS_SS0980  1 0.9305 0.0228 0.0017 0.0449 
   NS_SS0978  1 0.9668 0.0206 0.0027 0.0100 
   NS_SS0951  1 0.0701 0.3529 0.0030 0.5740 
   NS_SS0913  1 0.0361 0.9017 0.0370 0.0252 
   NS_SS1002  1 0.0653 0.8821 0.0392 0.0135 
   NS_SS0948  1 0.0643 0.7643 0.0441 0.1273 
   NS_SS0916  1 0.7376 0.0532 0.0044 0.2048 
   NS_SS0995  1 0.9112 0.0638 0.0027 0.0223 
   NS_SS0927  1 0.9539 0.0207 0.0037 0.0217 
   NS_SS0992  1 0.6578 0.1269 0.0027 0.2126 
   NS_SS0912  1 0.2633 0.2061 0.0030 0.5276 
   NS_SS0981  1 0.6055 0.3600 0.0030 0.0315 
   NS_SS0729  2 0.0133 0.0081 0.0026 0.9760 
   NS_SS0967  2 0.7089 0.1825 0.0104 0.0983 
   NS_SS0941  2 0.5769 0.2655 0.0685 0.0891 
   NS_SS0768  2 0.1329 0.8168 0.0043 0.0460 
   NS_SS0726  2 0.2092 0.0208 0.0082 0.7618 
   NS_SS0763  2 0.0609 0.1159 0.0021 0.8211 
   NS_SS0730  2 0.2631 0.6823 0.0026 0.0520 
   NS_SS0774  2 0.1442 0.8469 0.0009 0.0080 
   NS_SS0723  2 0.9823 0.0112 0.0014 0.0051 
   NS_SS0940  2 0.7741 0.0463 0.0056 0.1740 
   NS_SS0762  2 0.0687 0.9177 0.0027 0.0109 
   NS_SS0766  2 0.7207 0.1077 0.0120 0.1596 
   NS_SS0724  2 0.0179 0.9644 0.0038 0.0140 
   NS_SS0769  2 0.5937 0.3874 0.0040 0.0150 
   NS_SS0777  2 0.4394 0.1668 0.0137 0.3800 
   NS_SS0734  2 0.8102 0.0480 0.0218 0.1199 
   NS_SS0737  2 0.1706 0.8146 0.0052 0.0095 
   NS_SS0732  2 0.9536 0.0316 0.0036 0.0112 
   NS_SS0728  2 0.8452 0.0997 0.0092 0.0459 
   NS_SS0735  2 0.7188 0.2300 0.0074 0.0438 
   NS_SS0725  2 0.0065 0.9505 0.0061 0.0369 
   NS_SS0788  2 0.9700 0.0168 0.0014 0.0118 
   NS_SS0778  2 0.9184 0.0372 0.0013 0.0431 
   NS_SS0792  2 0.2490 0.5932 0.0057 0.1521 
   NS_SS0943  2 0.0158 0.0184 0.0075 0.9583 
   NS_SS0791  2 0.9593 0.0070 0.0099 0.0238 
   NS_SS0790  2 0.0078 0.9852 0.0033 0.0037 
   NS_SS0731  2 0.0163 0.9633 0.0101 0.0103 
   NS_SS0727  2 0.0283 0.1857 0.0019 0.7841 
   NS_SS0779  2 0.7943 0.1431 0.0051 0.0575 
   NS_SS0776  2 0.1307 0.7223 0.0070 0.1399 
   NS_SS0775  2 0.1080 0.8744 0.0070 0.0107 
   NS_SS0965  3 0.9043 0.0416 0.0016 0.0525 
   NS_SS0754  3 0.6324 0.0243 0.0125 0.3308 
   NS_SS0838  3 0.1668 0.6036 0.0423 0.1873 
   NS_SS0839  3 0.2089 0.7779 0.0042 0.0090 
   NS_SS0832  3 0.2779 0.6733 0.0430 0.0058 
   NS_SS0820  3 0.5080 0.4806 0.0058 0.0057 
   NS_SS0886  3 0.6895 0.0269 0.0017 0.2819 
   NS_SS0748  3 0.0870 0.4220 0.0098 0.4811 
   NS_SS0884  3 0.7654 0.1240 0.0225 0.0881 
   NS_SS0752  3 0.8952 0.0631 0.0016 0.0401 
   NS_SS0862  3 0.9100 0.0778 0.0036 0.0086 
   NS_SS0787  3 0.0407 0.0121 0.0055 0.9417 
   NS_SS0843  3 0.4745 0.3999 0.0016 0.1239 
   NS_SS0856  3 0.1065 0.8747 0.0032 0.0156 
   NS_SS0846  3 0.3527 0.1235 0.0034 0.5204 
   NS_SS0825  3 0.4414 0.3081 0.0112 0.2393 
   NS_SS0757  3 0.6555 0.0949 0.0034 0.2461 
   NS_SS0876  3 0.2853 0.4849 0.2219 0.0080 
   NS_SS0903  3 0.8560 0.1316 0.0023 0.0101 
   NS_SS0875  3 0.4410 0.4767 0.0030 0.0792 
   NS_SS0740  3 0.8387 0.0723 0.0024 0.0867 
   NS_SS0811  3 0.0148 0.9659 0.0092 0.0100 
   NS_SS0751  3 0.7311 0.1946 0.0022 0.0720 
   NS_SS0891  3 0.0323 0.9462 0.0050 0.0165 
   NS_SS0867  3 0.6071 0.0379 0.0282 0.3269 
   NS_SS0890  3 0.8644 0.0407 0.0029 0.0920 
   NS_SS0866  3 0.0209 0.0330 0.0055 0.9406 
   NS_SS0755  3 0.2060 0.7262 0.0066 0.0613 
   NS_SS0758  3 0.5818 0.2626 0.0021 0.1534 
   NS_SS0840  3 0.0812 0.9032 0.0024 0.0132 
   NS_SS0889  3 0.0157 0.0336 0.0021 0.9486 
   NS_SS1010  3 0.5079 0.3291 0.0412 0.1218 
   NS_SS0888  3 0.1890 0.0083 0.0014 0.8013 
   NS_SS0837  3 0.3080 0.5944 0.0027 0.0949 
   NS_SS0794  3 0.0550 0.1189 0.0020 0.8241 
   NS_SS0823  3 0.0565 0.9296 0.0034 0.0106 
   NS_SS0829  3 0.0446 0.0121 0.1176 0.8258 
   NS_SS0844  3 0.0539 0.9341 0.0019 0.0101 
   NS_SS1008  3 0.0829 0.1327 0.0121 0.7722 
   NS_SS0881  3 0.6303 0.0515 0.0027 0.3156 
   NS_SS0834  3 0.0171 0.9609 0.0055 0.0165 
   NS_SS0744  3 0.9598 0.0174 0.0052 0.0176 
   NS_SS0899  3 0.0128 0.9807 0.0012 0.0052 
   NS_SS0804  3 0.1179 0.8699 0.0044 0.0078 
   NS_SS0781  3 0.0689 0.9216 0.0029 0.0065 
   NS_SS0822  3 0.0457 0.0571 0.0022 0.8949 
   NS_SS1004  3 0.5361 0.3468 0.0035 0.1137 
   NS_SS0746  3 0.0936 0.6600 0.0126 0.2338 
   NS_SS0880  3 0.3845 0.2046 0.0015 0.4094 
   NS_SS0879  3 0.0751 0.8714 0.0130 0.0405 
   NS_SS0753  3 0.6181 0.0229 0.0086 0.3504 
   NS_SS1007  3 0.9742 0.0071 0.0016 0.0171 
   NS_SS0872  3 0.0259 0.9637 0.0020 0.0083 
   NS_SS1005  3 0.1333 0.8517 0.0010 0.0139 
   NS_SS0892  3 0.8468 0.1204 0.0018 0.0310 
   NS_SS0898  3 0.0290 0.0569 0.0060 0.9080 
   NS_SS0801  3 0.8848 0.0812 0.0094 0.0245 
   NS_SS0827  3 0.3702 0.2252 0.1272 0.2774 
   NS_SS0853  3 0.1024 0.8681 0.0053 0.0241 
   NS_SS0780  3 0.9659 0.0255 0.0028 0.0057 
   NS_SS0826  3 0.0150 0.4173 0.0034 0.5644 
   NS_SS0818  3 0.9402 0.0428 0.0015 0.0155 
   NS_SS0745  3 0.0598 0.9295 0.0016 0.0092 
   NS_SS0849  3 0.4577 0.4240 0.0017 0.1166 
   NS_SS0739  3 0.9602 0.0222 0.0099 0.0076 
   NS_SS0799  3 0.5236 0.0183 0.0011 0.4570 
   NS_SS0756  3 0.1040 0.8816 0.0034 0.0111 
   NS_SS0802  3 0.7673 0.0050 0.1844 0.0433 
   NS_SS0747  3 0.9668 0.0181 0.0045 0.0106 
   NS_SS0835  3 0.2091 0.0177 0.0011 0.7721 
   NS_SS0742  3 0.8071 0.1505 0.0011 0.0413 
   NS_SS0760  3 0.0238 0.0213 0.0505 0.9044 
   NS_SS0803  3 0.1765 0.8058 0.0081 0.0095 
   NS_SS0828  3 0.7749 0.0240 0.0012 0.1998 
   NS_SS0865  3 0.7246 0.1602 0.0271 0.0882 
   NS_SS0759  3 0.8591 0.1308 0.0039 0.0061 
   NS_SS0851  3 0.0424 0.9350 0.0125 0.0101 
   NS_SS0874  3 0.2046 0.7701 0.0014 0.0238 
   NS_SS0761  3 0.0795 0.0423 0.0026 0.8755 
   NS_SS0842  3 0.0344 0.6898 0.0083 0.2675 
   NS_SS0785  3 0.8509 0.0477 0.0043 0.0971 
   NS_SS0860  3 0.3004 0.0169 0.0022 0.6805 
   NS_SS0897  3 0.0103 0.0080 0.0017 0.9800 
   NS_SS0841  3 0.5126 0.4358 0.0038 0.0478 
   NS_SS0797  3 0.0167 0.0310 0.0240 0.9282 
   NS_SS0830  3 0.2001 0.2395 0.0020 0.5584 
   NS_SS1011  3 0.2663 0.7058 0.0054 0.0224 
   NS_SS0883  3 0.9465 0.0186 0.0045 0.0304 
   NS_SS0782  3 0.1018 0.6475 0.0028 0.2479 
   NS_SS0831  3 0.0445 0.0388 0.0035 0.9133 
   NS_SS0749  3 0.9754 0.0064 0.0024 0.0159 
   NS_SS0854  3 0.3801 0.1805 0.0031 0.4364 
   HI_SS0193  4 0.0075 0.0134 0.0015 0.9776 
   HI_SS0194  4 0.0166 0.9527 0.0016 0.0290 
   HI_SS0195  4 0.2386 0.6549 0.1017 0.0048 
   HI_SS0196  4 0.5094 0.1581 0.0026 0.3298 
   HI_SS0197  4 0.8198 0.1644 0.0102 0.0056 
   HI_SS0198  4 0.9202 0.0310 0.0071 0.0417 
   HI_SS0199  4 0.7523 0.0146 0.0023 0.2308 
   HI_SS0201  4 0.0782 0.0097 0.0020 0.9101 
   HI_SS0215  4 0.4017 0.0403 0.0032 0.5548 
   HI_SS0218  4 0.0108 0.0075 0.0053 0.9764 
   HI_SS0222  4 0.7684 0.1192 0.0039 0.1084 
   HI_SS0230  4 0.3437 0.6325 0.0050 0.0188 
   HI_SS0234  4 0.6492 0.1223 0.1492 0.0793 
   HI_SS0240  4 0.9807 0.0086 0.0041 0.0065 
   HI_SS0241  4 0.1523 0.0476 0.0021 0.7980 
   HI_SS0242  4 0.1917 0.5472 0.0031 0.2580 
   HI_SS0247  4 0.0144 0.9443 0.0177 0.0235 
   HI_SS0248  4 0.0102 0.0100 0.0007 0.9790 
   HI_SS0252  4 0.0637 0.8377 0.0022 0.0963 
   HI_SS0254  4 0.2027 0.0135 0.0884 0.6954 
   HI_SS0256  4 0.0467 0.9482 0.0014 0.0036 
   HI_SS0257  4 0.3193 0.0844 0.0032 0.5931 
   HI_SS0258  4 0.0861 0.0172 0.0050 0.8918 
   HI_SS0259  4 0.6518 0.3281 0.0029 0.0172 
   HI_SS0260  4 0.1702 0.0534 0.0017 0.7747 
   HI_SS0261  4 0.2507 0.0481 0.0032 0.6981 
   HI_SS0262  4 0.3664 0.5996 0.0064 0.0276 
   HI_SS0264  4 0.2469 0.7301 0.0043 0.0187 
   HI_SS0265  4 0.3059 0.5763 0.0947 0.0231 
   HI_SS0268  4 0.7557 0.2064 0.0033 0.0347 
   HI_SS0269  4 0.0431 0.0087 0.0018 0.9464 
   HI_SS0273  4 0.0315 0.0176 0.0019 0.9490 
   HI_SS0277  4 0.7942 0.0303 0.0022 0.1733 
   HI_SS0280  4 0.6569 0.1210 0.0050 0.2172 
   HI_SS0282  4 0.2881 0.0261 0.0012 0.6846 
   HI_SS0286  4 0.7379 0.0519 0.0069 0.2033 
   NS_SS1252  5 0.0158 0.0082 0.0032 0.9728 
   NS_SS1261  5 0.1655 0.7622 0.0158 0.0564 
   NS_SS1225  5 0.1298 0.1287 0.1229 0.6187 
   NS_SS1266  5 0.0220 0.9628 0.0084 0.0067 
   NS_SS1228  5 0.1304 0.8054 0.0134 0.0508 
   NS_SS1255  5 0.0146 0.5936 0.0012 0.3905 
   NS_SS1267  5 0.0220 0.0051 0.0135 0.9594 
   NS_SS1238  5 0.0521 0.2616 0.0029 0.6834 
   NS_SS1233  5 0.0198 0.8929 0.0020 0.0853 
   NS_SS1277  5 0.0108 0.0085 0.0008 0.9799 
   NS_SS1245  5 0.0215 0.1836 0.0019 0.7930 
   NS_SS1240  5 0.1081 0.0083 0.0019 0.8816 
   NS_SS1275  5 0.0138 0.9790 0.0024 0.0048 
   NS_SS1235  5 0.0649 0.8704 0.0048 0.0599 
   NS_SS1263  5 0.0182 0.9422 0.0011 0.0385 
   NS_SS1251  5 0.0546 0.8566 0.0019 0.0870 
   NS_SS1248  5 0.0332 0.5247 0.1138 0.3283 
   NS_SS1244  5 0.5054 0.0411 0.0056 0.4479 
   NS_SS1257  5 0.2750 0.0264 0.0288 0.6697 
   NS_SS1242  5 0.0277 0.9629 0.0023 0.0071 
   NS_SS1271  5 0.0195 0.0052 0.0281 0.9473 
   NS_SS1265  5 0.0443 0.3127 0.0234 0.6195 
   NS_SS1243  5 0.1181 0.7773 0.0759 0.0288 
   NS_SS1273  5 0.0695 0.9094 0.0090 0.0121 
   NS_SS1254  5 0.0122 0.9690 0.0049 0.0140 
   NS_SS1224  5 0.0396 0.9443 0.0060 0.0101 
   NS_SS1227  5 0.6266 0.0419 0.0016 0.3300 
   NS_SS1274  5 0.2530 0.0586 0.0170 0.6714 
   NS_SS1241  5 0.0161 0.1027 0.0010 0.8803 
   NS_SS1256  5 0.0437 0.6002 0.0385 0.3177 
   NS_SS1260  5 0.6295 0.0199 0.0686 0.2820 
   NS_SS1262  5 0.1314 0.0374 0.1720 0.6591 
   NS_SS1230  5 0.1433 0.3174 0.0076 0.5317 
   NS_SS1270  5 0.1035 0.8743 0.0019 0.0203 
   NS_SS1229  5 0.6880 0.2720 0.0036 0.0365 
   NS_SS1246  5 0.0262 0.0270 0.0031 0.9437 
   NS_SS1269  5 0.8856 0.0847 0.0020 0.0276 
   NS_SS1239  5 0.6874 0.2177 0.0048 0.0902 
   NS_SS1272  5 0.0117 0.9580 0.0047 0.0257 
   NS_SS1268  5 0.2382 0.7239 0.0023 0.0356 
   NS_SS1249  5 0.0090 0.0111 0.0127 0.9671 
   HI_SS0559  6 0.8180 0.0755 0.0015 0.1050 
   HI_SS0563  6 0.3220 0.1686 0.0029 0.5065 
   HI_SS0564  6 0.8206 0.0849 0.0458 0.0487 
   HI_SS0565  6 0.8531 0.0608 0.0027 0.0835 
   HI_SS0569  6 0.2405 0.0100 0.0025 0.7470 
   HI_SS0570  6 0.0370 0.0211 0.0378 0.9041 
   HI_SS0572  6 0.0425 0.9412 0.0019 0.0144 
   HI_SS0576  6 0.9288 0.0487 0.0040 0.0186 
   HI_SS0579  6 0.5235 0.0884 0.0168 0.3713 
   HI_SS0580  6 0.4039 0.0592 0.0040 0.5328 
   HI_SS0581  6 0.1559 0.7703 0.0653 0.0086 
   HI_SS0583  6 0.0382 0.2157 0.0025 0.7437 
   HI_SS0586  6 0.0225 0.0075 0.0011 0.9689 
   HI_SS0588  6 0.3588 0.0411 0.0200 0.5801 
   HI_SS0595  6 0.4534 0.0319 0.0268 0.4880 
   HI_SS0596  6 0.0110 0.9770 0.0022 0.0098 
   HI_SS0597  6 0.0141 0.9743 0.0023 0.0093 
   HI_SS0600  6 0.7902 0.0509 0.0032 0.1556 
   HI_SS0601  6 0.4467 0.0876 0.0132 0.4526 
   HI_SS0602  6 0.9346 0.0232 0.0023 0.0399 
   HI_SS0604  6 0.2637 0.5199 0.0021 0.2143 
   HI_SS0605  6 0.9054 0.0163 0.0054 0.0730 
   HI_SS0608  6 0.0719 0.5814 0.0013 0.3454 
   HI_SS0609  6 0.0131 0.9688 0.0007 0.0174 
   HI_SS0611  6 0.0835 0.0545 0.0026 0.8594 
   HI_SS0612  6 0.7588 0.0759 0.0064 0.1589 
   HI_SS0613  6 0.7475 0.1536 0.0018 0.0971 
   HI_SS0615  6 0.9247 0.0598 0.0084 0.0071 
   HI_SS0001  6 0.1138 0.1502 0.0041 0.7319 
   HI_SS0002  6 0.1159 0.8424 0.0252 0.0165 
   HI_SS0004  6 0.2418 0.2386 0.0056 0.5140 
   HI_SS0005  6 0.9046 0.0557 0.0051 0.0346 
   HI_SS0006  6 0.0547 0.1130 0.0016 0.8307 
   HI_SS0007  6 0.0119 0.0116 0.0021 0.9744 
   HI_SS0008  6 0.8808 0.0421 0.0278 0.0493 
   HI_SS0009  6 0.4942 0.4589 0.0050 0.0420 
   HI_SS0010  6 0.0716 0.0321 0.0034 0.8929 
   HI_SS0011  6 0.0141 0.8745 0.0719 0.0395 
   HI_SS0012  6 0.9607 0.0293 0.0040 0.0060 
   HI_SS0017  6 0.0082 0.9705 0.0014 0.0198 
   HI_SS0021  6 0.0165 0.2620 0.2424 0.4791 
   HI_SS0024  6 0.0647 0.7950 0.0021 0.1381 
   HI_SS0025  6 0.0221 0.9637 0.0032 0.0110 
   HI_SS0027  6 0.2860 0.0105 0.0127 0.6908 
   HI_SS0028  6 0.6138 0.3779 0.0017 0.0066 
   HI_SS0029  6 0.3291 0.6236 0.0081 0.0392 
   HI_SS0030  6 0.3140 0.0294 0.0048 0.6519 
   HI_SS0031  6 0.9783 0.0096 0.0023 0.0097 
   HI_SS0034  6 0.3176 0.0090 0.0050 0.6684 
   HI_SS0036  6 0.2316 0.0074 0.0109 0.7500 
   HI_SS0037  6 0.0512 0.3940 0.0043 0.5506 
   HI_SS0039  6 0.0725 0.0474 0.0030 0.8771 
   HI_SS0041  6 0.0464 0.9419 0.0017 0.0101 
   HI_SS0042  6 0.2917 0.5714 0.1125 0.0244 
   HI_SS0043  6 0.0159 0.0057 0.0035 0.9748 
   HI_SS0044  6 0.2315 0.5095 0.0026 0.2565 
   HI_SS0047  6 0.6356 0.3354 0.0024 0.0266 
   HI_SS0049  6 0.0274 0.9413 0.0031 0.0282 
   HI_SS0051  6 0.8574 0.0725 0.0024 0.0677 
   HI_SS0053  6 0.0665 0.0104 0.0047 0.9184 
   HI_SS0054  6 0.0071 0.0078 0.0032 0.9819 
   HI_SS0057  6 0.2500 0.4050 0.0032 0.3418 
   HI_SS0058  6 0.0902 0.5648 0.0067 0.3383 
   HI_SS0060  6 0.6694 0.0436 0.0775 0.2096 
   HI_SS0087  6 0.3019 0.1161 0.0027 0.5792 
   HI_SS0091  6 0.1435 0.0091 0.0012 0.8463 
   HI_SS0095  6 0.9153 0.0240 0.0389 0.0218 
   HI_SS0097  6 0.5465 0.3789 0.0047 0.0699 
   HI_SS0099  6 0.0195 0.9642 0.0031 0.0132 
   HI_SS0103  6 0.7752 0.1441 0.0027 0.0780 
   HI_SS0105  6 0.8023 0.1093 0.0266 0.0618 
   HI_SS0107  6 0.0179 0.9670 0.0009 0.0142 
   HI_SS0108  6 0.0100 0.0046 0.0223 0.9632 
   HI_SS0110  6 0.7923 0.0481 0.0012 0.1584 
   HI_SS0111  6 0.8448 0.0919 0.0222 0.0412 
   HI_SS0112  6 0.0101 0.0065 0.0013 0.9821 
   HI_SS0113  6 0.0107 0.9754 0.0032 0.0106 
   HI_SS0114  6 0.6640 0.0104 0.0048 0.3207 
   HI_SS0115  6 0.9081 0.0238 0.0120 0.0561 
   HI_SS0116  6 0.0283 0.0409 0.0032 0.9276 
   HI_SS0117  6 0.1887 0.0610 0.0024 0.7480 
   HI_SS0118  6 0.0414 0.4923 0.0107 0.4556 
   HI_SS0119  6 0.5745 0.0082 0.0020 0.4153 
   HI_SS0120  6 0.0078 0.9748 0.0032 0.0142 
   HI_SS0121  6 0.0287 0.9591 0.0012 0.0110 
   HI_SS0122  6 0.1208 0.7224 0.0233 0.1335 
   HI_SS0123  6 0.8847 0.0588 0.0044 0.0520 
   HI_SS0124  6 0.0582 0.9286 0.0027 0.0105 
   HI_SS0125  6 0.8692 0.0903 0.0343 0.0062 
   HI_SS0126  6 0.0065 0.0108 0.0008 0.9819 
   HI_SS0127  6 0.7061 0.0830 0.0083 0.2026 
   HI_SS0128  6 0.1084 0.6276 0.0031 0.2610 
   HI_SS0129  6 0.4371 0.0360 0.0096 0.5174 
   HI_SS0131  6 0.0249 0.4308 0.0381 0.5062 
   HI_SS0132  6 0.2743 0.1840 0.0007 0.5410 
   HI_SS0133  6 0.0031 0.0027 0.0011 0.9932 
   HI_SS0134  6 0.5257 0.1127 0.0017 0.3599 
   HI_SS0142  6 0.8568 0.1167 0.0166 0.0098 
   HI_SS0145  6 0.7414 0.0365 0.0014 0.2207 
   HI_SS0146  6 0.0337 0.0121 0.0011 0.9532 
   HI_SS0147  6 0.0730 0.8977 0.0217 0.0077 
   HI_SS0149  6 0.1633 0.1851 0.0052 0.6463 
   HI_SS0150  6 0.5609 0.3922 0.0047 0.0423 
   HI_SS0151  6 0.8128 0.0177 0.0107 0.1588 
   NS_SS1451  6 0.4599 0.5256 0.0032 0.0113 
   NS_SS1404  6 0.1032 0.8664 0.0119 0.0185 
   NS_SS1432  6 0.3675 0.5894 0.0352 0.0078 
   NS_SS1405  6 0.2843 0.5806 0.0030 0.1321 
   NS_SS1431  6 0.0762 0.9082 0.0010 0.0147 
   NS_SS1402  6 0.5713 0.2695 0.0025 0.1567 
   NS_SS1450  6 0.6952 0.0269 0.0038 0.2742 
   NS_SS1396  6 0.2584 0.6921 0.0066 0.0429 
   NS_SS1393  6 0.8766 0.0315 0.0031 0.0888 
   NS_SS1392  6 0.5671 0.3632 0.0164 0.0533 
   NS_SS1445  6 0.2198 0.0821 0.0095 0.6886 
   NS_SS1423  6 0.0869 0.0466 0.0016 0.8649 
   NS_SS1421  6 0.0778 0.0485 0.1028 0.7709 
   NS_SS1411  6 0.0928 0.0203 0.0018 0.8851 
   NS_SS1453  6 0.2524 0.1220 0.0072 0.6184 
   NS_SS1442  6 0.4168 0.4248 0.0041 0.1544 
   NS_SS1422  6 0.2403 0.1637 0.0141 0.5819 
   NS_SS1419  6 0.0122 0.7491 0.1618 0.0769 
   NS_SS1427  6 0.0132 0.0072 0.0017 0.9778 
   NS_SS1444  6 0.0290 0.9563 0.0031 0.0116 
   NS_SS1455  6 0.0057 0.9804 0.0013 0.0126 
   NS_SS1425  6 0.0333 0.0069 0.0013 0.9585 
   NS_SS1400  6 0.0055 0.0257 0.0013 0.9675 
   NS_SS1406  6 0.3935 0.5887 0.0100 0.0078 
   NS_SS1417  6 0.0186 0.5945 0.0082 0.3788 
   NS_SS1454  6 0.0537 0.2839 0.0013 0.6611 
   NS_SS1412  6 0.2769 0.4543 0.0231 0.2457 
   NS_SS1438  6 0.0359 0.0202 0.0014 0.9425 
   NS_SS1416  6 0.7611 0.2188 0.0054 0.0148 
   NS_SS1401  6 0.2800 0.6852 0.0109 0.0240 
   NS_SS1424  6 0.3626 0.0212 0.0123 0.6039 
   NS_SS1435  6 0.5184 0.0796 0.0027 0.3994 
   NS_SS1447  6 0.0173 0.9662 0.0061 0.0104 
   NS_SS1414  6 0.0062 0.9806 0.0060 0.0071 
   NS_SS1449  6 0.4942 0.3461 0.0045 0.1551 
   NS_SS1443  6 0.3251 0.0086 0.0018 0.6645 
   NS_SS1434  6 0.0632 0.1747 0.0007 0.7614 
   NS_SS1398  6 0.7667 0.0898 0.0182 0.1254 
   NS_SS1426  6 0.1085 0.0084 0.0018 0.8813 
   NS_SS1413  6 0.0109 0.0183 0.0119 0.9589 
   NS_SS1395  6 0.7788 0.0120 0.0073 0.2018 
   NS_SS1448  6 0.1156 0.1137 0.0019 0.7688 
   NS_SS1446  6 0.4579 0.2744 0.0028 0.2649 
   NS_SS1403  6 0.8583 0.1013 0.0055 0.0349 
   NS_SS1415  6 0.0262 0.0104 0.0086 0.9548 
   NS_SS1437  6 0.1557 0.6715 0.0074 0.1653 
   NS_SS1439  6 0.9191 0.0661 0.0027 0.0121 
   NS_SS1441  6 0.6878 0.0193 0.0019 0.2911 
   NS_SS1420  6 0.1046 0.8777 0.0029 0.0148 
   NS_SS1394  6 0.7357 0.2227 0.0328 0.0088 
   NS_SS1391  6 0.5225 0.0876 0.0130 0.3769 
   NS_SS1410  6 0.0460 0.5225 0.0155 0.4159 
   NS_SS1408  6 0.9283 0.0153 0.0394 0.0170 
   NS_SS1409  6 0.9280 0.0276 0.0023 0.0421 
   HI_SS0617  7 0.7223 0.1444 0.0011 0.1321 
   HI_SS0618  7 0.9088 0.0731 0.0019 0.0161 
   HI_SS0619  7 0.0569 0.8952 0.0035 0.0445 
   HI_SS0620  7 0.0157 0.0073 0.0026 0.9745 
   HI_SS0621  7 0.3657 0.6052 0.0135 0.0156 
   HI_SS0622  7 0.0559 0.7822 0.0113 0.1506 
   HI_SS0626  7 0.4920 0.4664 0.0078 0.0337 
   HI_SS0627  7 0.0638 0.9135 0.0065 0.0163 
   HI_SS0628  7 0.1940 0.0753 0.0631 0.6676 
   HI_SS0629  7 0.3573 0.4353 0.0071 0.2002 
   HI_SS0630  7 0.3053 0.0577 0.0623 0.5747 
   HI_SS0631  7 0.0432 0.0277 0.0010 0.9281 
   HI_SS0632  7 0.0855 0.6900 0.0027 0.2219 
   HI_SS0633  7 0.0556 0.9279 0.0036 0.0129 
   HI_SS0634  7 0.8698 0.0934 0.0020 0.0348 
   HI_SS0635  7 0.7704 0.1975 0.0073 0.0248 
   HI_SS0637  7 0.9592 0.0274 0.0027 0.0107 
   HI_SS0638  7 0.3355 0.1256 0.0012 0.5376 
   HI_SS0639  7 0.7014 0.2518 0.0377 0.0090 
   HI_SS0640  7 0.6922 0.0589 0.0015 0.2474 
   HI_SS0641  7 0.6079 0.0806 0.0043 0.3072 
   HI_SS0642  7 0.7397 0.0601 0.0021 0.1981 
   HI_SS0645  7 0.1910 0.7610 0.0007 0.0472 
   HI_SS0646  7 0.8987 0.0453 0.0020 0.0539 
   HI_SS0647  7 0.0279 0.2818 0.0009 0.6894 
   HI_SS0648  7 0.8247 0.0557 0.0024 0.1173 
   HI_SS0649  7 0.5642 0.3780 0.0018 0.0561 
   HI_SS0650  7 0.8590 0.1087 0.0037 0.0286 
   HI_SS0651  7 0.7909 0.0890 0.0044 0.1157 
   HI_SS0652  7 0.4884 0.4917 0.0035 0.0164 
   NS_SS1371  7 0.9241 0.0109 0.0045 0.0605 
   NS_SS1374  7 0.4421 0.0142 0.0024 0.5412 
   NS_SS1337  7 0.1866 0.6101 0.0036 0.1998 
   NS_SS1385  7 0.3006 0.5835 0.0048 0.1111 
   NS_SS1388  7 0.0100 0.9590 0.0064 0.0245 
   NS_SS1370  7 0.4017 0.4648 0.0108 0.1227 
   NS_SS1389  7 0.0080 0.9796 0.0029 0.0095 
   NS_SS1360  7 0.6712 0.0146 0.0040 0.3103 
   NS_SS1330  7 0.9273 0.0627 0.0033 0.0066 
   NS_SS1328  7 0.0509 0.0201 0.0019 0.9270 
   NS_SS1384  7 0.7054 0.0364 0.0032 0.2550 
   NS_SS1381  7 0.0500 0.9395 0.0009 0.0096 
   NS_SS1375  7 0.5323 0.4435 0.0011 0.0231 
   NS_SS1319  7 0.7930 0.0517 0.0808 0.0745 
   NS_SS1326  7 0.0145 0.0151 0.0098 0.9606 
   NS_SS1341  7 0.2899 0.4533 0.0054 0.2515 
   NS_SS1383  7 0.8664 0.0127 0.0038 0.1172 
   NS_SS1318  7 0.1670 0.7701 0.0141 0.0488 
   NS_SS1348  7 0.0139 0.0075 0.0013 0.9774 
   NS_SS1363  7 0.4004 0.5533 0.0045 0.0418 
   NS_SS1335  7 0.4191 0.0173 0.0303 0.5332 
   NS_SS1358  7 0.3663 0.0278 0.0167 0.5892 
   NS_SS1342  7 0.0384 0.0661 0.0014 0.8941 
   NS_SS1320  7 0.0418 0.9473 0.0056 0.0053 
   NS_SS1355  7 0.0159 0.9638 0.0106 0.0097 
   NS_SS1345  7 0.0530 0.7666 0.0195 0.1609 
   NS_SS1324  7 0.2656 0.0694 0.0025 0.6625 
   NS_SS1347  7 0.8156 0.0126 0.0030 0.1688 
   NS_SS1321  7 0.7189 0.0259 0.0014 0.2539 
   NS_SS1333  7 0.4659 0.0885 0.0033 0.4423 
   NS_SS1364  7 0.0365 0.1168 0.0020 0.8446 
   NS_SS1379  7 0.5179 0.3426 0.0493 0.0901 
   NS_SS1332  7 0.0121 0.0079 0.0049 0.9751 
   NS_SS1338  7 0.4257 0.0119 0.0072 0.5552 
   NS_SS1368  7 0.0172 0.3026 0.0051 0.6752 
   NS_SS1354  7 0.0698 0.8953 0.0107 0.0242 
   NS_SS1365  7 0.0721 0.8564 0.0080 0.0634 
   NS_SS1380  7 0.0250 0.9514 0.0156 0.0079 
   NS_SS1329  7 0.0406 0.1566 0.0031 0.7997 
   NS_SS1362  7 0.7570 0.0426 0.0036 0.1967 
   NS_SS1327  7 0.0085 0.0037 0.0032 0.9846 
   NS_SS1350  7 0.9607 0.0124 0.0072 0.0196 
   NS_SS1387  7 0.4738 0.4902 0.0030 0.0330 
   NS_SS1369  7 0.0228 0.0256 0.0038 0.9478 
   NS_SS1331  7 0.1228 0.5006 0.0122 0.3644 
   NS_SS1357  7 0.2167 0.3220 0.0039 0.4574 
   NS_SS1386  7 0.0049 0.0040 0.0027 0.9884 
   NS_SS1353  7 0.0435 0.9153 0.0033 0.0378 
   NS_SS1323  7 0.1199 0.7912 0.0717 0.0172 
   HI_SS0296  8 0.1702 0.0694 0.0019 0.7585 
   HI_SS0297  8 0.3792 0.0279 0.0008 0.5920 
   HI_SS0299  8 0.1392 0.0453 0.0346 0.7808 
   HI_SS0300  8 0.2913 0.1090 0.0017 0.5980 
   HI_SS0301  8 0.8778 0.0695 0.0034 0.0493 
   HI_SS0302  8 0.0211 0.0397 0.0228 0.9163 
   HI_SS0303  8 0.0088 0.0424 0.0060 0.9429 
   HI_SS0304  8 0.2723 0.6872 0.0020 0.0384 
   HI_SS0306  8 0.0069 0.0051 0.0029 0.9850 
   HI_SS0307  8 0.8310 0.1552 0.0065 0.0073 
   HI_SS0308  8 0.8440 0.0273 0.0699 0.0587 
   HI_SS0309  8 0.6983 0.2825 0.0027 0.0165 
   HI_SS0310  8 0.0693 0.5733 0.0075 0.3499 
   HI_SS0311  8 0.1731 0.4973 0.0021 0.3275 
   HI_SS0314  8 0.0758 0.8559 0.0013 0.0670 
   HI_SS0316  8 0.5984 0.0925 0.0037 0.3055 
   HI_SS0317  8 0.9013 0.0412 0.0022 0.0552 
   HI_SS0318  8 0.5132 0.0110 0.1881 0.2877 
   HI_SS0319  8 0.0130 0.0041 0.0038 0.9791 
   HI_SS0320  8 0.4536 0.5337 0.0010 0.0117 
   HI_SS0321  8 0.9730 0.0049 0.0016 0.0205 
   HI_SS0323  8 0.6294 0.0439 0.0015 0.3253 
   HI_SS0325  8 0.0144 0.0601 0.0016 0.9238 
   HI_SS0327  8 0.1574 0.0100 0.0013 0.8312 
   HI_SS0329  8 0.0116 0.9261 0.0012 0.0610 
   HI_SS0333  8 0.7599 0.1684 0.0023 0.0693 
   HI_SS0334  8 0.6710 0.0098 0.0012 0.3179 
   HI_SS0335  8 0.4120 0.5488 0.0220 0.0173 
   HI_SS0339  8 0.1249 0.8236 0.0125 0.0390 
   HI_SS0343  8 0.1020 0.8689 0.0019 0.0273 
   HI_SS0344  8 0.0069 0.0040 0.0027 0.9864 
   HI_SS0345  8 0.0362 0.8602 0.0073 0.0963 
   HI_SS0346  8 0.3754 0.1234 0.0044 0.4969 
   HI_SS0350  8 0.0112 0.9755 0.0077 0.0056 
   HI_SS0351  8 0.2722 0.5227 0.0033 0.2019 
   HI_SS0352  8 0.0801 0.7697 0.1060 0.0443 
   HI_SS0362  8 0.4482 0.0567 0.0020 0.4932 
   HI_SS0363  8 0.0559 0.0223 0.0031 0.9188 
   HI_SS0365  8 0.4465 0.0379 0.0040 0.5116 
   HI_SS0366  8 0.0194 0.0133 0.0016 0.9657 
   HI_SS0367  8 0.0112 0.9806 0.0019 0.0062 
   HI_SS0369  8 0.1292 0.8581 0.0022 0.0105 
   HI_SS0370  8 0.9579 0.0158 0.0026 0.0237 
   HI_SS0371  8 0.0145 0.0616 0.0043 0.9196 
   HI_SS0373  8 0.5975 0.2738 0.0109 0.1178 
   HI_SS0374  8 0.2375 0.7248 0.0279 0.0097 
   HI_SS0377  8 0.1380 0.1076 0.0952 0.6591 
   HI_SS0379  8 0.0060 0.0029 0.0009 0.9902 
   HI_SS0380  8 0.1048 0.8578 0.0069 0.0304 
   HI_SS0381  8 0.3762 0.6008 0.0047 0.0183 
   HI_SS0384  8 0.1509 0.3028 0.0078 0.5385 
   HI_SS0385  8 0.0577 0.1189 0.0012 0.8222 
   HI_SS0386  9 0.0015 0.0015 0.9955 0.0014 
   HI_SS0387  9 0.0161 0.0125 0.9586 0.0128 
   HI_SS0389  9 0.0034 0.0034 0.9898 0.0035 
   HI_SS0390  9 0.0019 0.0015 0.9950 0.0016 
   HI_SS0391  9 0.0023 0.0030 0.9921 0.0026 
   HI_SS0392  9 0.0017 0.0015 0.9952 0.0017 
   HI_SS0393  9 0.0013 0.0014 0.9958 0.0015 
   HI_SS0394  9 0.0016 0.0017 0.9954 0.0014 
   HI_SS0395  9 0.0033 0.0040 0.9896 0.0031 
   HI_SS0396  9 0.0107 0.0141 0.9683 0.0070 
   HI_SS0398  9 0.0057 0.0065 0.9828 0.0050 
   HI_SS0399  9 0.0012 0.0011 0.9965 0.0012 
   HI_SS0400  9 0.0020 0.0021 0.9940 0.0019 
   HI_SS0401  9 0.0018 0.0015 0.9953 0.0014 
   HI_SS0402  9 0.0015 0.0012 0.9961 0.0011 
   HI_SS0403  9 0.0014 0.0017 0.9956 0.0013 
   HI_SS0404  9 0.0012 0.0010 0.9966 0.0012 
   HI_SS0405  9 0.0221 0.0172 0.9496 0.0111 
   HI_SS0406  9 0.0025 0.0021 0.9935 0.0019 
   HI_SS0407  9 0.0067 0.0079 0.9775 0.0078 
   HI_SS0408  9 0.0012 0.0011 0.9965 0.0012 
   HI_SS0409  9 0.0037 0.0031 0.9905 0.0027 
   HI_SS0411  9 0.0029 0.0023 0.9920 0.0027 
   HI_SS0412  9 0.1089 0.0373 0.8102 0.0436 
   HI_SS0413  9 0.0021 0.0024 0.9936 0.0019 
   HI_SS0414  9 0.0213 0.0171 0.9513 0.0104 
   HI_SS0415  9 0.0020 0.0017 0.9941 0.0021 
   HI_SS0416  9 0.0035 0.0031 0.9899 0.0036 
   HI_SS0418  9 0.0057 0.0041 0.9857 0.0045 
   HI_SS0419  9 0.0030 0.0036 0.9903 0.0031 
   HI_SS0420  9 0.0020 0.0019 0.9938 0.0023 
   HI_SS0421  9 0.0047 0.0042 0.9866 0.0044 
   HI_SS0422  9 0.0014 0.0020 0.9954 0.0012 
   HI_SS0423  9 0.0044 0.0035 0.9875 0.0047 
   HI_SS0424  9 0.0014 0.0019 0.9951 0.0015 
   HI_SS0425  9 0.0031 0.0034 0.9909 0.0026 
   NS_SS1146 10 0.0025 0.0023 0.9927 0.0025 
   NS_SS1157 10 0.0064 0.0055 0.9817 0.0064 
   NS_SS1144 10 0.0191 0.0129 0.9447 0.0233 
   NS_SS1074 10 0.0034 0.0032 0.9896 0.0038 
   NS_SS1122 10 0.0047 0.0042 0.9866 0.0046 
   NS_SS1136 10 0.0010 0.0012 0.9970 0.0009 
   NS_SS1077 10 0.0009 0.0007 0.9976 0.0008 
   NS_SS1134 10 0.0110 0.0104 0.9672 0.0115 
   NS_SS1091 10 0.0023 0.0026 0.9936 0.0015 
   NS_SS1089 10 0.0023 0.0023 0.9924 0.0030 
   NS_SS1123 10 0.0018 0.0017 0.9951 0.0014 
   NS_SS1158 10 0.0008 0.0011 0.9972 0.0009 
   NS_SS1093 10 0.0024 0.0024 0.9923 0.0029 
   NS_SS1102 10 0.0058 0.0054 0.9844 0.0043 
   NS_SS1056 10 0.0016 0.0019 0.9951 0.0014 
   NS_SS1126 10 0.0031 0.0027 0.9910 0.0032 
   NS_SS1058 10 0.0046 0.0038 0.9884 0.0031 
   NS_SS1084 10 0.0013 0.0014 0.9961 0.0012 
   NS_SS1095 10 0.0059 0.0040 0.9831 0.0070 
   NS_SS1079 10 0.0022 0.0018 0.9944 0.0016 
   NS_SS1149 10 0.0025 0.0028 0.9927 0.0020 
   NS_SS1121 10 0.0016 0.0018 0.9952 0.0013 
   NS_SS1067 10 0.0054 0.0065 0.9835 0.0045 
   NS_SS1081 10 0.0023 0.0021 0.9929 0.0027 
   NS_SS1130 10 0.0034 0.0033 0.9911 0.0021 
   NS_SS1073 10 0.0028 0.0029 0.9925 0.0019 
   NS_SS1133 10 0.0057 0.0143 0.9758 0.0042 
   NS_SS1129 10 0.0016 0.0015 0.9956 0.0013 
   NS_SS1085 10 0.0022 0.0019 0.9935 0.0024 
   NS_SS1137 10 0.0050 0.0041 0.9867 0.0042 
   NS_SS1135 10 0.0012 0.0016 0.9962 0.0011 
   NS_SS1082 10 0.0013 0.0015 0.9957 0.0015 
   NS_SS1125 10 0.0012 0.0012 0.9964 0.0012 
   NS_SS1124 10 0.0074 0.0058 0.9811 0.0057 
   NS_SS1155 10 0.0090 0.0075 0.9764 0.0072 
   NS_SS1145 10 0.0022 0.0015 0.9947 0.0016 
