   NS_SS0963  1 0.0055 0.3006 0.6939 
   NS_SS0983  1 0.0036 0.9832 0.0132 
   NS_SS0719  1 0.0048 0.8785 0.1166 
   NS_SS1001  1 0.0054 0.2204 0.7743 
   NS_SS0936  1 0.0026 0.3517 0.6457 
   NS_SS0955  1 0.0031 0.9646 0.0323 
   NS_SS0944  1 0.0019 0.9457 0.0524 
   NS_SS0945  1 0.0084 0.1533 0.8383 
   NS_SS0922  1 0.0273 0.0455 0.9273 
   NS_SS0929  1 0.0027 0.8638 0.1335 
   NS_SS0956  1 0.0032 0.0154 0.9814 
   NS_SS0906  1 0.0031 0.5128 0.4840 
   NS_SS0721  1 0.0045 0.3222 0.6733 
   NS_SS0982  1 0.0129 0.0699 0.9173 
   NS_SS0923  1 0.0051 0.3100 0.6849 
   NS_SS0905  1 0.0017 0.8666 0.1316 
   NS_SS0925  1 0.0037 0.2402 0.7561 
   NS_SS0947  1 0.0036 0.0546 0.9418 
   NS_SS0926  1 0.0010 0.9814 0.0176 
   NS_SS0918  1 0.0023 0.0423 0.9554 
   NS_SS0966  1 0.0463 0.1858 0.7680 
   NS_SS0938  1 0.0012 0.0219 0.9769 
   NS_SS0917  1 0.0398 0.7360 0.2242 
   NS_SS0957  1 0.0061 0.0561 0.9377 
   NS_SS0987  1 0.2397 0.0864 0.6739 
   NS_SS0717  1 0.0025 0.0227 0.9749 
   NS_SS0986  1 0.0025 0.0348 0.9628 
   NS_SS0953  1 0.0137 0.0583 0.9281 
   NS_SS0907  1 0.0437 0.3435 0.6128 
   NS_SS0974  1 0.0032 0.8837 0.1131 
   NS_SS0989  1 0.0011 0.9670 0.0320 
   NS_SS0991  1 0.0020 0.9303 0.0676 
   NS_SS0994  1 0.0018 0.9903 0.0078 
   NS_SS0931  1 0.0103 0.9373 0.0524 
   NS_SS1000  1 0.0034 0.0265 0.9700 
   NS_SS0919  1 0.0026 0.9338 0.0635 
   NS_SS0949  1 0.0012 0.9865 0.0123 
   NS_SS0960  1 0.0052 0.9754 0.0193 
   NS_SS0716  1 0.0050 0.0048 0.9902 
   NS_SS0924  1 0.0168 0.9220 0.0612 
   NS_SS0935  1 0.0074 0.9849 0.0077 
   NS_SS0952  1 0.0283 0.9475 0.0242 
   NS_SS0962  1 0.0054 0.0111 0.9835 
   NS_SS0973  1 0.0037 0.9027 0.0936 
   NS_SS0722  1 0.0021 0.0387 0.9592 
   NS_SS0979  1 0.0020 0.0998 0.8981 
   NS_SS0993  1 0.0168 0.2291 0.7541 
   NS_SS0958  1 0.0027 0.9284 0.0689 
   NS_SS0988  1 0.0050 0.2501 0.7449 
   NS_SS1003  1 0.0084 0.0293 0.9623 
   NS_SS0976  1 0.0016 0.9346 0.0637 
   NS_SS0964  1 0.0026 0.0408 0.9566 
   NS_SS0939  1 0.0041 0.0155 0.9804 
   NS_SS0990  1 0.0027 0.1008 0.8965 
   NS_SS0984  1 0.0023 0.0180 0.9797 
   NS_SS0980  1 0.0020 0.7698 0.2282 
   NS_SS0978  1 0.0032 0.7166 0.2802 
   NS_SS0951  1 0.0027 0.6565 0.3408 
   NS_SS0913  1 0.0365 0.0787 0.8848 
   NS_SS1002  1 0.0285 0.0115 0.9600 
   NS_SS0948  1 0.0445 0.0984 0.8571 
   NS_SS0916  1 0.0039 0.8971 0.0990 
   NS_SS0995  1 0.0029 0.2996 0.6976 
   NS_SS0927  1 0.0052 0.6787 0.3161 
   NS_SS0992  1 0.0025 0.9165 0.0809 
   NS_SS0912  1 0.0025 0.4343 0.5632 
   NS_SS0981  1 0.0035 0.1599 0.8366 
   NS_SS0729  2 0.0031 0.9907 0.0062 
   NS_SS0967  2 0.0116 0.2831 0.7053 
   NS_SS0941  2 0.0742 0.6201 0.3057 
   NS_SS0768  2 0.0040 0.0248 0.9712 
   NS_SS0726  2 0.0070 0.9837 0.0093 
   NS_SS0763  2 0.0022 0.9457 0.0521 
   NS_SS0730  2 0.0026 0.0092 0.9881 
   NS_SS0774  2 0.0007 0.0098 0.9895 
   NS_SS0723  2 0.0013 0.0899 0.9088 
   NS_SS0940  2 0.0061 0.8351 0.1588 
   NS_SS0762  2 0.0027 0.0197 0.9776 
   NS_SS0766  2 0.0139 0.6639 0.3222 
   NS_SS0724  2 0.0034 0.0234 0.9732 
   NS_SS0769  2 0.0036 0.0613 0.9351 
   NS_SS0777  2 0.0111 0.3760 0.6129 
   NS_SS0734  2 0.0254 0.7795 0.1951 
   NS_SS0737  2 0.0046 0.0132 0.9822 
   NS_SS0732  2 0.0049 0.1686 0.8264 
   NS_SS0728  2 0.0101 0.3400 0.6498 
   NS_SS0735  2 0.0071 0.1385 0.8544 
   NS_SS0725  2 0.0067 0.0248 0.9684 
   NS_SS0788  2 0.0015 0.4019 0.5966 
   NS_SS0778  2 0.0014 0.4103 0.5883 
   NS_SS0792  2 0.0051 0.3198 0.6751 
   NS_SS0943  2 0.0065 0.9738 0.0197 
   NS_SS0791  2 0.0158 0.8182 0.1661 
   NS_SS0790  2 0.0033 0.0053 0.9913 
   NS_SS0731  2 0.0105 0.0132 0.9763 
   NS_SS0727  2 0.0015 0.9547 0.0438 
   NS_SS0779  2 0.0048 0.3370 0.6582 
   NS_SS0776  2 0.0062 0.4023 0.5915 
   NS_SS0775  2 0.0059 0.0186 0.9754 
   NS_SS0965  3 0.0016 0.1851 0.8133 
   NS_SS0754  3 0.0109 0.9393 0.0498 
   NS_SS0838  3 0.0378 0.1932 0.7691 
   NS_SS0839  3 0.0031 0.0119 0.9849 
   NS_SS0832  3 0.0406 0.0126 0.9468 
   NS_SS0820  3 0.0054 0.0094 0.9853 
   NS_SS0886  3 0.0018 0.9039 0.0943 
   NS_SS0748  3 0.0085 0.5937 0.3977 
   NS_SS0884  3 0.0242 0.5040 0.4717 
   NS_SS0752  3 0.0018 0.5276 0.4705 
   NS_SS0862  3 0.0037 0.0372 0.9591 
   NS_SS0787  3 0.0057 0.9757 0.0185 
   NS_SS0843  3 0.0018 0.3179 0.6803 
   NS_SS0856  3 0.0032 0.0419 0.9550 
   NS_SS0846  3 0.0031 0.7202 0.2767 
   NS_SS0825  3 0.0076 0.0828 0.9096 
   NS_SS0757  3 0.0033 0.8150 0.1817 
   NS_SS0876  3 0.2124 0.0313 0.7564 
   NS_SS0903  3 0.0025 0.2615 0.7360 
   NS_SS0875  3 0.0032 0.0423 0.9545 
   NS_SS0740  3 0.0030 0.8559 0.1411 
   NS_SS0811  3 0.0076 0.0183 0.9741 
   NS_SS0751  3 0.0020 0.1313 0.8667 
   NS_SS0891  3 0.0045 0.0308 0.9648 
   NS_SS0867  3 0.0255 0.9319 0.0426 
   NS_SS0890  3 0.0032 0.8939 0.1029 
   NS_SS0866  3 0.0050 0.9495 0.0455 
   NS_SS0755  3 0.0059 0.5303 0.4638 
   NS_SS0758  3 0.0019 0.2110 0.7871 
   NS_SS0840  3 0.0019 0.0086 0.9895 
   NS_SS0889  3 0.0019 0.8102 0.1879 
   NS_SS1010  3 0.0376 0.1150 0.8474 
   NS_SS0888  3 0.0012 0.9922 0.0066 
   NS_SS0837  3 0.0026 0.2295 0.7679 
   NS_SS0794  3 0.0017 0.9631 0.0353 
   NS_SS0823  3 0.0035 0.0592 0.9373 
   NS_SS0829  3 0.0963 0.8907 0.0130 
   NS_SS0844  3 0.0017 0.0173 0.9809 
   NS_SS1008  3 0.0109 0.9119 0.0773 
   NS_SS0881  3 0.0021 0.6633 0.3346 
   NS_SS0834  3 0.0057 0.0205 0.9737 
   NS_SS0744  3 0.0062 0.6643 0.3295 
   NS_SS0899  3 0.0013 0.0083 0.9904 
   NS_SS0804  3 0.0034 0.0099 0.9868 
   NS_SS0781  3 0.0024 0.0076 0.9900 
   NS_SS0822  3 0.0018 0.9121 0.0861 
   NS_SS1004  3 0.0037 0.6537 0.3426 
   NS_SS0746  3 0.0121 0.6096 0.3782 
   NS_SS0880  3 0.0016 0.4681 0.5303 
   NS_SS0879  3 0.0118 0.0598 0.9284 
   NS_SS0753  3 0.0079 0.9789 0.0132 
   NS_SS1007  3 0.0017 0.5062 0.4921 
   NS_SS0872  3 0.0019 0.0144 0.9837 
   NS_SS1005  3 0.0010 0.0303 0.9687 
   NS_SS0892  3 0.0015 0.2744 0.7241 
   NS_SS0898  3 0.0052 0.8874 0.1073 
   NS_SS0801  3 0.0103 0.1373 0.8523 
   NS_SS0827  3 0.1329 0.3939 0.4732 
   NS_SS0853  3 0.0051 0.0853 0.9097 
   NS_SS0780  3 0.0035 0.0758 0.9207 
   NS_SS0826  3 0.0030 0.2484 0.7486 
   NS_SS0818  3 0.0015 0.1825 0.8160 
   NS_SS0745  3 0.0011 0.0061 0.9928 
   NS_SS0849  3 0.0016 0.0941 0.9043 
   NS_SS0739  3 0.0116 0.1465 0.8419 
   NS_SS0799  3 0.0008 0.9871 0.0121 
   NS_SS0756  3 0.0033 0.0106 0.9861 
   NS_SS0802  3 0.1986 0.4269 0.3746 
   NS_SS0747  3 0.0061 0.7883 0.2056 
   NS_SS0835  3 0.0011 0.9828 0.0161 
   NS_SS0742  3 0.0011 0.2423 0.7566 
   NS_SS0760  3 0.0397 0.9339 0.0264 
   NS_SS0803  3 0.0060 0.0218 0.9722 
   NS_SS0828  3 0.0013 0.9362 0.0625 
   NS_SS0865  3 0.0267 0.2855 0.6878 
   NS_SS0759  3 0.0041 0.0129 0.9830 
   NS_SS0851  3 0.0101 0.0047 0.9852 
   NS_SS0874  3 0.0014 0.0478 0.9508 
   NS_SS0761  3 0.0023 0.9393 0.0584 
   NS_SS0842  3 0.0075 0.7331 0.2593 
   NS_SS0785  3 0.0055 0.7625 0.2321 
   NS_SS0860  3 0.0027 0.9524 0.0449 
   NS_SS0897  3 0.0017 0.9861 0.0123 
   NS_SS0841  3 0.0032 0.0238 0.9730 
   NS_SS0797  3 0.0223 0.7945 0.1832 
   NS_SS0830  3 0.0020 0.5992 0.3987 
   NS_SS1011  3 0.0046 0.0195 0.9759 
   NS_SS0883  3 0.0060 0.8775 0.1165 
   NS_SS0782  3 0.0021 0.0953 0.9026 
   NS_SS0831  3 0.0030 0.9629 0.0341 
   NS_SS0749  3 0.0034 0.9508 0.0459 
   NS_SS0854  3 0.0031 0.8975 0.0995 
   HI_SS0193  4 0.0015 0.9709 0.0276 
   HI_SS0194  4 0.0015 0.0246 0.9740 
   HI_SS0195  4 0.0820 0.0081 0.9099 
   HI_SS0196  4 0.0029 0.5178 0.4793 
   HI_SS0197  4 0.0108 0.0166 0.9726 
   HI_SS0198  4 0.0096 0.5137 0.4767 
   HI_SS0199  4 0.0027 0.9631 0.0342 
   HI_SS0201  4 0.0019 0.9883 0.0098 
   HI_SS0215  4 0.0028 0.9277 0.0695 
   HI_SS0218  4 0.0050 0.9894 0.0056 
   HI_SS0222  4 0.0036 0.0465 0.9498 
   HI_SS0230  4 0.0049 0.0320 0.9631 
   HI_SS0234  4 0.1636 0.3857 0.4508 
   HI_SS0240  4 0.0077 0.3408 0.6515 
   HI_SS0241  4 0.0021 0.9708 0.0271 
   HI_SS0242  4 0.0028 0.7056 0.2916 
   HI_SS0247  4 0.0169 0.0295 0.9536 
   HI_SS0248  4 0.0007 0.9919 0.0074 
   HI_SS0252  4 0.0018 0.0361 0.9621 
   HI_SS0254  4 0.0784 0.9031 0.0185 
   HI_SS0256  4 0.0012 0.0048 0.9940 
   HI_SS0257  4 0.0024 0.9862 0.0113 
   HI_SS0258  4 0.0035 0.9752 0.0213 
   HI_SS0259  4 0.0028 0.1018 0.8955 
   HI_SS0260  4 0.0013 0.9688 0.0299 
   HI_SS0261  4 0.0026 0.9543 0.0431 
   HI_SS0262  4 0.0066 0.0550 0.9385 
   HI_SS0264  4 0.0031 0.0109 0.9860 
   HI_SS0265  4 0.0867 0.0517 0.8616 
   HI_SS0268  4 0.0024 0.0478 0.9498 
   HI_SS0269  4 0.0016 0.9908 0.0076 
   HI_SS0273  4 0.0015 0.9488 0.0496 
   HI_SS0277  4 0.0023 0.2553 0.7425 
   HI_SS0280  4 0.0051 0.4253 0.5696 
   HI_SS0282  4 0.0011 0.9639 0.0351 
   HI_SS0286  4 0.0068 0.6184 0.3749 
   NS_SS1252  5 0.0032 0.9818 0.0151 
   NS_SS1261  5 0.0138 0.1134 0.8728 
   NS_SS1225  5 0.1017 0.7292 0.1691 
   NS_SS1266  5 0.0070 0.0090 0.9840 
   NS_SS1228  5 0.0118 0.0567 0.9315 
   NS_SS1255  5 0.0012 0.1472 0.8515 
   NS_SS1267  5 0.0106 0.9845 0.0049 
   NS_SS1238  5 0.0025 0.1704 0.8271 
   NS_SS1233  5 0.0019 0.0571 0.9410 
   NS_SS1277  5 0.0008 0.9808 0.0184 
   NS_SS1245  5 0.0015 0.9021 0.0964 
   NS_SS1240  5 0.0020 0.9822 0.0158 
   NS_SS1275  5 0.0023 0.0074 0.9904 
   NS_SS1235  5 0.0062 0.5258 0.4680 
   NS_SS1263  5 0.0010 0.1059 0.8931 
   NS_SS1251  5 0.0015 0.1181 0.8805 
   NS_SS1248  5 0.0898 0.0983 0.8119 
   NS_SS1244  5 0.0048 0.9256 0.0697 
   NS_SS1257  5 0.0280 0.8991 0.0729 
   NS_SS1242  5 0.0022 0.0061 0.9917 
   NS_SS1271  5 0.0205 0.9724 0.0071 
   NS_SS1265  5 0.0176 0.5339 0.4485 
   NS_SS1243  5 0.0720 0.0329 0.8951 
   NS_SS1273  5 0.0076 0.0100 0.9825 
   NS_SS1254  5 0.0061 0.3400 0.6539 
   NS_SS1224  5 0.0068 0.0188 0.9744 
   NS_SS1227  5 0.0016 0.9891 0.0094 
   NS_SS1274  5 0.0156 0.9458 0.0387 
   NS_SS1241  5 0.0009 0.9788 0.0203 
   NS_SS1256  5 0.0339 0.1948 0.7713 
   NS_SS1260  5 0.0626 0.8651 0.0724 
   NS_SS1262  5 0.1711 0.7087 0.1203 
   NS_SS1230  5 0.0069 0.8215 0.1716 
   NS_SS1270  5 0.0018 0.0397 0.9585 
   NS_SS1229  5 0.0042 0.3234 0.6725 
   NS_SS1246  5 0.0025 0.9568 0.0407 
   NS_SS1269  5 0.0020 0.2178 0.7802 
   NS_SS1239  5 0.0046 0.2818 0.7135 
   NS_SS1272  5 0.0052 0.0277 0.9670 
   NS_SS1268  5 0.0021 0.1286 0.8693 
   NS_SS1249  5 0.0080 0.9780 0.0140 
   HI_SS0559  6 0.0015 0.9111 0.0874 
   HI_SS0563  6 0.0030 0.4053 0.5917 
   HI_SS0564  6 0.0550 0.3736 0.5714 
   HI_SS0565  6 0.0040 0.6950 0.3010 
   HI_SS0569  6 0.0017 0.9833 0.0150 
   HI_SS0570  6 0.0316 0.9482 0.0202 
   HI_SS0572  6 0.0022 0.0580 0.9399 
   HI_SS0576  6 0.0049 0.1861 0.8090 
   HI_SS0579  6 0.0154 0.9589 0.0258 
   HI_SS0580  6 0.0041 0.8362 0.1598 
   HI_SS0581  6 0.0596 0.0150 0.9254 
   HI_SS0583  6 0.0024 0.5910 0.4066 
   HI_SS0586  6 0.0010 0.9855 0.0134 
   HI_SS0588  6 0.0148 0.9532 0.0320 
   HI_SS0595  6 0.0218 0.9079 0.0704 
   HI_SS0596  6 0.0018 0.0219 0.9763 
   HI_SS0597  6 0.0023 0.0105 0.9872 
   HI_SS0600  6 0.0036 0.7568 0.2396 
   HI_SS0601  6 0.0109 0.9431 0.0460 
   HI_SS0602  6 0.0024 0.8690 0.1287 
   HI_SS0604  6 0.0016 0.2826 0.7159 
   HI_SS0605  6 0.0069 0.8184 0.1748 
   HI_SS0608  6 0.0011 0.7210 0.2779 
   HI_SS0609  6 0.0008 0.0297 0.9696 
   HI_SS0611  6 0.0022 0.9463 0.0515 
   HI_SS0612  6 0.0069 0.9294 0.0637 
   HI_SS0613  6 0.0014 0.1327 0.8659 
   HI_SS0615  6 0.0098 0.1113 0.8789 
   HI_SS0001  6 0.0036 0.8299 0.1665 
   HI_SS0002  6 0.0223 0.0346 0.9432 
   HI_SS0004  6 0.0049 0.7979 0.1972 
   HI_SS0005  6 0.0059 0.2201 0.7740 
   HI_SS0006  6 0.0017 0.5526 0.4458 
   HI_SS0007  6 0.0019 0.9825 0.0155 
   HI_SS0008  6 0.0409 0.7217 0.2374 
   HI_SS0009  6 0.0041 0.1741 0.8219 
   HI_SS0010  6 0.0030 0.9358 0.0613 
   HI_SS0011  6 0.0834 0.0582 0.8584 
   HI_SS0012  6 0.0044 0.0948 0.9008 
   HI_SS0017  6 0.0016 0.0350 0.9633 
   HI_SS0021  6 0.2382 0.2210 0.5408 
   HI_SS0024  6 0.0017 0.0416 0.9568 
   HI_SS0025  6 0.0031 0.0224 0.9745 
   HI_SS0027  6 0.0105 0.9785 0.0110 
   HI_SS0028  6 0.0015 0.0092 0.9893 
   HI_SS0029  6 0.0067 0.1001 0.8932 
   HI_SS0030  6 0.0044 0.9792 0.0163 
   HI_SS0031  6 0.0036 0.8194 0.1770 
   HI_SS0034  6 0.0047 0.9882 0.0071 
   HI_SS0036  6 0.0118 0.9716 0.0166 
   HI_SS0037  6 0.0043 0.5648 0.4308 
   HI_SS0039  6 0.0029 0.9135 0.0836 
   HI_SS0041  6 0.0016 0.0143 0.9841 
   HI_SS0042  6 0.1117 0.0641 0.8241 
   HI_SS0043  6 0.0022 0.9907 0.0071 
   HI_SS0044  6 0.0025 0.2710 0.7265 
   HI_SS0047  6 0.0022 0.1305 0.8673 
   HI_SS0049  6 0.0035 0.1431 0.8534 
   HI_SS0051  6 0.0023 0.2147 0.7829 
   HI_SS0053  6 0.0035 0.9870 0.0095 
   HI_SS0054  6 0.0031 0.9887 0.0083 
   HI_SS0057  6 0.0029 0.5590 0.4380 
   HI_SS0058  6 0.0060 0.5681 0.4259 
   HI_SS0060  6 0.0888 0.8261 0.0850 
   HI_SS0087  6 0.0024 0.4159 0.5818 
   HI_SS0091  6 0.0011 0.9859 0.0130 
   HI_SS0095  6 0.0599 0.7952 0.1449 
   HI_SS0097  6 0.0046 0.5608 0.4346 
   HI_SS0099  6 0.0036 0.0170 0.9794 
   HI_SS0103  6 0.0030 0.1639 0.8331 
   HI_SS0105  6 0.0233 0.1014 0.8753 
   HI_SS0107  6 0.0008 0.0180 0.9811 
   HI_SS0108  6 0.0174 0.9766 0.0060 
   HI_SS0110  6 0.0012 0.8340 0.1648 
   HI_SS0111  6 0.0235 0.0738 0.9027 
   HI_SS0112  6 0.0011 0.9921 0.0067 
   HI_SS0113  6 0.0027 0.0076 0.9897 
   HI_SS0114  6 0.0042 0.9511 0.0446 
   HI_SS0115  6 0.0147 0.8256 0.1598 
   HI_SS0116  6 0.0029 0.8828 0.1143 
   HI_SS0117  6 0.0020 0.8892 0.1087 
   HI_SS0118  6 0.0110 0.5108 0.4782 
   HI_SS0119  6 0.0023 0.9775 0.0203 
   HI_SS0120  6 0.0031 0.0108 0.9861 
   HI_SS0121  6 0.0014 0.0096 0.9890 
   HI_SS0122  6 0.0194 0.1139 0.8668 
   HI_SS0123  6 0.0055 0.4402 0.5544 
   HI_SS0124  6 0.0025 0.0188 0.9787 
   HI_SS0125  6 0.0385 0.0435 0.9180 
   HI_SS0126  6 0.0007 0.9888 0.0104 
   HI_SS0127  6 0.0091 0.7957 0.1952 
   HI_SS0128  6 0.0030 0.5520 0.4449 
   HI_SS0129  6 0.0097 0.5479 0.4424 
   HI_SS0131  6 0.0365 0.4873 0.4762 
   HI_SS0132  6 0.0006 0.6136 0.3858 
   HI_SS0133  6 0.0011 0.9938 0.0051 
   HI_SS0134  6 0.0019 0.8449 0.1532 
   HI_SS0142  6 0.0173 0.1492 0.8335 
   HI_SS0145  6 0.0014 0.9327 0.0659 
   HI_SS0146  6 0.0012 0.9703 0.0286 
   HI_SS0147  6 0.0147 0.0088 0.9765 
   HI_SS0149  6 0.0049 0.4461 0.5489 
   HI_SS0150  6 0.0038 0.0247 0.9715 
   HI_SS0151  6 0.0113 0.9073 0.0814 
   NS_SS1451  6 0.0029 0.0144 0.9827 
   NS_SS1404  6 0.0095 0.0194 0.9711 
   NS_SS1432  6 0.0296 0.0149 0.9555 
   NS_SS1405  6 0.0027 0.0816 0.9158 
   NS_SS1431  6 0.0007 0.0178 0.9814 
   NS_SS1402  6 0.0022 0.2559 0.7418 
   NS_SS1450  6 0.0037 0.9060 0.0903 
   NS_SS1396  6 0.0051 0.0420 0.9529 
   NS_SS1393  6 0.0035 0.4749 0.5216 
   NS_SS1392  6 0.0170 0.1036 0.8794 
   NS_SS1445  6 0.0087 0.9512 0.0401 
   NS_SS1423  6 0.0015 0.9767 0.0218 
   NS_SS1421  6 0.0977 0.7052 0.1972 
   NS_SS1411  6 0.0016 0.9428 0.0556 
   NS_SS1453  6 0.0062 0.7163 0.2775 
   NS_SS1442  6 0.0038 0.1761 0.8201 
   NS_SS1422  6 0.0106 0.8902 0.0992 
   NS_SS1419  6 0.1687 0.0728 0.7585 
   NS_SS1427  6 0.0017 0.9911 0.0072 
   NS_SS1444  6 0.0028 0.0213 0.9759 
   NS_SS1455  6 0.0012 0.0084 0.9904 
   NS_SS1425  6 0.0015 0.9887 0.0099 
   NS_SS1400  6 0.0012 0.8522 0.1466 
   NS_SS1406  6 0.0076 0.0183 0.9741 
   NS_SS1417  6 0.0069 0.1455 0.8476 
   NS_SS1454  6 0.0012 0.2664 0.7324 
   NS_SS1412  6 0.0240 0.5670 0.4090 
   NS_SS1438  6 0.0011 0.9747 0.0242 
   NS_SS1416  6 0.0054 0.0151 0.9794 
   NS_SS1401  6 0.0106 0.1504 0.8390 
   NS_SS1424  6 0.0120 0.7008 0.2872 
   NS_SS1435  6 0.0025 0.7171 0.2803 
   NS_SS1447  6 0.0053 0.0088 0.9859 
   NS_SS1414  6 0.0059 0.0100 0.9841 
   NS_SS1449  6 0.0042 0.6712 0.3247 
   NS_SS1443  6 0.0015 0.9932 0.0054 
   NS_SS1434  6 0.0006 0.8670 0.1324 
   NS_SS1398  6 0.0213 0.4577 0.5210 
   NS_SS1426  6 0.0016 0.9863 0.0121 
   NS_SS1413  6 0.0084 0.9811 0.0105 
   NS_SS1395  6 0.0085 0.9749 0.0166 
   NS_SS1448  6 0.0017 0.8091 0.1892 
   NS_SS1446  6 0.0033 0.3877 0.6089 
   NS_SS1403  6 0.0059 0.3139 0.6803 
   NS_SS1415  6 0.0073 0.9813 0.0114 
   NS_SS1437  6 0.0077 0.2111 0.7811 
   NS_SS1439  6 0.0027 0.1620 0.8354 
   NS_SS1441  6 0.0018 0.9673 0.0309 
   NS_SS1420  6 0.0030 0.0148 0.9822 
   NS_SS1394  6 0.0336 0.0538 0.9126 
   NS_SS1391  6 0.0125 0.7714 0.2162 
   NS_SS1410  6 0.0143 0.3472 0.6385 
   NS_SS1408  6 0.0617 0.6301 0.3082 
   NS_SS1409  6 0.0025 0.4142 0.5833 
   HI_SS0617  7 0.0012 0.7182 0.2806 
   HI_SS0618  7 0.0022 0.1188 0.8790 
   HI_SS0619  7 0.0032 0.1650 0.8318 
   HI_SS0620  7 0.0020 0.9908 0.0072 
   HI_SS0621  7 0.0121 0.0609 0.9270 
   HI_SS0622  7 0.0106 0.5494 0.4400 
   HI_SS0626  7 0.0069 0.1567 0.8364 
   HI_SS0627  7 0.0060 0.0143 0.9797 
   HI_SS0628  7 0.0536 0.3555 0.5909 
   HI_SS0629  7 0.0064 0.4276 0.5660 
   HI_SS0630  7 0.0506 0.8727 0.0767 
   HI_SS0631  7 0.0008 0.9792 0.0200 
   HI_SS0632  7 0.0028 0.4743 0.5229 
   HI_SS0633  7 0.0028 0.0169 0.9803 
   HI_SS0634  7 0.0020 0.2369 0.7611 
   HI_SS0635  7 0.0071 0.0620 0.9310 
   HI_SS0637  7 0.0031 0.2679 0.7290 
   HI_SS0638  7 0.0011 0.4657 0.5332 
   HI_SS0639  7 0.0373 0.0247 0.9380 
   HI_SS0640  7 0.0017 0.9496 0.0487 
   HI_SS0641  7 0.0043 0.9129 0.0828 
   HI_SS0642  7 0.0019 0.5167 0.4813 
   HI_SS0645  7 0.0009 0.0107 0.9884 
   HI_SS0646  7 0.0024 0.6560 0.3416 
   HI_SS0647  7 0.0011 0.5420 0.4570 
   HI_SS0648  7 0.0027 0.8161 0.1812 
   HI_SS0649  7 0.0017 0.1184 0.8798 
   HI_SS0650  7 0.0035 0.1544 0.8421 
   HI_SS0651  7 0.0035 0.9062 0.0903 
   HI_SS0652  7 0.0032 0.0222 0.9746 
   NS_SS1371  7 0.0049 0.9697 0.0254 
   NS_SS1374  7 0.0026 0.8281 0.1693 
   NS_SS1337  7 0.0028 0.0136 0.9837 
   NS_SS1385  7 0.0040 0.3456 0.6504 
   NS_SS1388  7 0.0062 0.0438 0.9500 
   NS_SS1370  7 0.0099 0.2610 0.7291 
   NS_SS1389  7 0.0027 0.0159 0.9814 
   NS_SS1360  7 0.0037 0.9681 0.0282 
   NS_SS1330  7 0.0031 0.0297 0.9672 
   NS_SS1328  7 0.0021 0.9606 0.0373 
   NS_SS1384  7 0.0032 0.9593 0.0375 
   NS_SS1381  7 0.0007 0.0447 0.9545 
   NS_SS1375  7 0.0011 0.0430 0.9559 
   NS_SS1319  7 0.0989 0.6795 0.2216 
   NS_SS1326  7 0.0095 0.9008 0.0897 
   NS_SS1341  7 0.0043 0.4907 0.5050 
   NS_SS1383  7 0.0041 0.6811 0.3147 
   NS_SS1318  7 0.0132 0.0909 0.8959 
   NS_SS1348  7 0.0014 0.9909 0.0076 
   NS_SS1363  7 0.0048 0.0858 0.9093 
   NS_SS1335  7 0.0235 0.9642 0.0124 
   NS_SS1358  7 0.0132 0.9468 0.0400 
   NS_SS1342  7 0.0014 0.8867 0.1119 
   NS_SS1320  7 0.0059 0.0079 0.9862 
   NS_SS1355  7 0.0095 0.0216 0.9690 
   NS_SS1345  7 0.0208 0.4876 0.4916 
   NS_SS1324  7 0.0025 0.9015 0.0960 
   NS_SS1347  7 0.0038 0.9707 0.0255 
   NS_SS1321  7 0.0010 0.7738 0.2251 
   NS_SS1333  7 0.0032 0.6748 0.3220 
   NS_SS1364  7 0.0021 0.9132 0.0847 
   NS_SS1379  7 0.0468 0.1618 0.7913 
   NS_SS1332  7 0.0042 0.9845 0.0112 
   NS_SS1338  7 0.0070 0.8635 0.1295 
   NS_SS1368  7 0.0044 0.7902 0.2054 
   NS_SS1354  7 0.0099 0.0846 0.9054 
   NS_SS1365  7 0.0079 0.1349 0.8572 
   NS_SS1380  7 0.0165 0.0138 0.9696 
   NS_SS1329  7 0.0031 0.8047 0.1922 
   NS_SS1362  7 0.0042 0.5724 0.4234 
   NS_SS1327  7 0.0027 0.9931 0.0042 
   NS_SS1350  7 0.0104 0.9346 0.0550 
   NS_SS1387  7 0.0025 0.0306 0.9670 
   NS_SS1369  7 0.0035 0.9623 0.0342 
   NS_SS1331  7 0.0079 0.0695 0.9226 
   NS_SS1357  7 0.0031 0.8152 0.1818 
   NS_SS1386  7 0.0023 0.9926 0.0051 
   NS_SS1353  7 0.0030 0.0565 0.9404 
   NS_SS1323  7 0.0634 0.1338 0.8028 
   HI_SS0296  8 0.0016 0.9729 0.0254 
   HI_SS0297  8 0.0009 0.6617 0.3374 
   HI_SS0299  8 0.0352 0.6338 0.3310 
   HI_SS0300  8 0.0013 0.8377 0.1610 
   HI_SS0301  8 0.0032 0.3062 0.6907 
   HI_SS0302  8 0.0176 0.9444 0.0380 
   HI_SS0303  8 0.0053 0.9773 0.0175 
   HI_SS0304  8 0.0019 0.0249 0.9732 
   HI_SS0306  8 0.0030 0.9880 0.0090 
   HI_SS0307  8 0.0066 0.0316 0.9618 
   HI_SS0308  8 0.0962 0.5025 0.4013 
   HI_SS0309  8 0.0030 0.2297 0.7673 
   HI_SS0310  8 0.0064 0.3072 0.6864 
   HI_SS0311  8 0.0021 0.2649 0.7330 
   HI_SS0314  8 0.0013 0.6001 0.3986 
   HI_SS0316  8 0.0041 0.8874 0.1085 
   HI_SS0317  8 0.0019 0.3830 0.6151 
   HI_SS0318  8 0.1981 0.7752 0.0267 
   HI_SS0319  8 0.0041 0.9906 0.0054 
   HI_SS0320  8 0.0010 0.0144 0.9846 
   HI_SS0321  8 0.0018 0.9413 0.0569 
   HI_SS0323  8 0.0015 0.3369 0.6617 
   HI_SS0325  8 0.0017 0.8486 0.1497 
   HI_SS0327  8 0.0011 0.9928 0.0061 
   HI_SS0329  8 0.0013 0.0369 0.9617 
   HI_SS0333  8 0.0023 0.2116 0.7861 
   HI_SS0334  8 0.0011 0.9788 0.0201 
   HI_SS0335  8 0.0202 0.0736 0.9062 
   HI_SS0339  8 0.0102 0.0610 0.9288 
   HI_SS0343  8 0.0016 0.1356 0.8627 
   HI_SS0344  8 0.0026 0.9935 0.0040 
   HI_SS0345  8 0.0066 0.0705 0.9229 
   HI_SS0346  8 0.0035 0.1683 0.8282 
   HI_SS0350  8 0.0073 0.0082 0.9846 
   HI_SS0351  8 0.0031 0.2925 0.7044 
   HI_SS0352  8 0.0858 0.0566 0.8576 
   HI_SS0362  8 0.0021 0.8850 0.1129 
   HI_SS0363  8 0.0032 0.9782 0.0187 
   HI_SS0365  8 0.0040 0.9571 0.0389 
   HI_SS0366  8 0.0014 0.9802 0.0184 
   HI_SS0367  8 0.0017 0.0068 0.9915 
   HI_SS0369  8 0.0018 0.0142 0.9840 
   HI_SS0370  8 0.0028 0.8976 0.0996 
   HI_SS0371  8 0.0035 0.8591 0.1374 
   HI_SS0373  8 0.0104 0.2779 0.7117 
   HI_SS0374  8 0.0235 0.0311 0.9454 
   HI_SS0377  8 0.0771 0.8987 0.0243 
   HI_SS0379  8 0.0009 0.9961 0.0030 
   HI_SS0380  8 0.0059 0.0531 0.9411 
   HI_SS0381  8 0.0037 0.0204 0.9760 
   HI_SS0384  8 0.0067 0.8192 0.1741 
   HI_SS0385  8 0.0012 0.2874 0.7114 
   HI_SS0386  9 0.9971 0.0014 0.0015 
   HI_SS0387  9 0.9730 0.0138 0.0132 
   HI_SS0389  9 0.9936 0.0032 0.0032 
   HI_SS0390  9 0.9971 0.0015 0.0014 
   HI_SS0391  9 0.9951 0.0020 0.0029 
   HI_SS0392  9 0.9968 0.0017 0.0016 
   HI_SS0393  9 0.9970 0.0017 0.0013 
   HI_SS0394  9 0.9972 0.0013 0.0015 
   HI_SS0395  9 0.9931 0.0031 0.0038 
   HI_SS0396  9 0.9807 0.0076 0.0117 
   HI_SS0398  9 0.9877 0.0057 0.0066 
   HI_SS0399  9 0.9979 0.0011 0.0010 
   HI_SS0400  9 0.9958 0.0018 0.0025 
   HI_SS0401  9 0.9972 0.0014 0.0014 
   HI_SS0402  9 0.9977 0.0012 0.0011 
   HI_SS0403  9 0.9971 0.0015 0.0015 
   HI_SS0404  9 0.9978 0.0012 0.0011 
   HI_SS0405  9 0.9628 0.0172 0.0199 
   HI_SS0406  9 0.9960 0.0023 0.0017 
   HI_SS0407  9 0.9860 0.0060 0.0080 
   HI_SS0408  9 0.9974 0.0011 0.0014 
   HI_SS0409  9 0.9943 0.0030 0.0027 
   HI_SS0411  9 0.9947 0.0028 0.0025 
   HI_SS0412  9 0.8197 0.0933 0.0870 
   HI_SS0413  9 0.9961 0.0019 0.0020 
   HI_SS0414  9 0.9657 0.0138 0.0205 
   HI_SS0415  9 0.9969 0.0016 0.0015 
   HI_SS0416  9 0.9940 0.0028 0.0031 
   HI_SS0418  9 0.9901 0.0061 0.0038 
   HI_SS0419  9 0.9943 0.0022 0.0035 
   HI_SS0420  9 0.9960 0.0022 0.0018 
   HI_SS0421  9 0.9913 0.0041 0.0045 
   HI_SS0422  9 0.9972 0.0012 0.0016 
   HI_SS0423  9 0.9926 0.0040 0.0034 
   HI_SS0424  9 0.9970 0.0014 0.0016 
   HI_SS0425  9 0.9946 0.0020 0.0034 
   NS_SS1146 10 0.9954 0.0027 0.0019 
   NS_SS1157 10 0.9883 0.0061 0.0056 
   NS_SS1144 10 0.9587 0.0243 0.0170 
   NS_SS1074 10 0.9937 0.0034 0.0030 
   NS_SS1122 10 0.9928 0.0039 0.0034 
   NS_SS1136 10 0.9979 0.0010 0.0011 
   NS_SS1077 10 0.9986 0.0008 0.0007 
   NS_SS1134 10 0.9766 0.0099 0.0134 
   NS_SS1091 10 0.9959 0.0018 0.0023 
   NS_SS1089 10 0.9948 0.0027 0.0025 
   NS_SS1123 10 0.9970 0.0014 0.0016 
   NS_SS1158 10 0.9982 0.0008 0.0010 
   NS_SS1093 10 0.9957 0.0022 0.0021 
   NS_SS1102 10 0.9897 0.0047 0.0056 
   NS_SS1056 10 0.9970 0.0015 0.0015 
   NS_SS1126 10 0.9940 0.0032 0.0028 
   NS_SS1058 10 0.9931 0.0032 0.0037 
   NS_SS1084 10 0.9975 0.0013 0.0012 
   NS_SS1095 10 0.9881 0.0069 0.0050 
   NS_SS1079 10 0.9969 0.0014 0.0017 
   NS_SS1149 10 0.9954 0.0021 0.0025 
   NS_SS1121 10 0.9972 0.0014 0.0014 
   NS_SS1067 10 0.9906 0.0037 0.0058 
   NS_SS1081 10 0.9958 0.0022 0.0020 
   NS_SS1130 10 0.9941 0.0027 0.0032 
   NS_SS1073 10 0.9952 0.0021 0.0027 
   NS_SS1133 10 0.9850 0.0042 0.0107 
   NS_SS1129 10 0.9975 0.0012 0.0013 
   NS_SS1085 10 0.9960 0.0023 0.0016 
   NS_SS1137 10 0.9920 0.0044 0.0036 
   NS_SS1135 10 0.9977 0.0010 0.0013 
   NS_SS1082 10 0.9972 0.0014 0.0014 
   NS_SS1125 10 0.9975 0.0012 0.0013 
   NS_SS1124 10 0.9881 0.0061 0.0058 
   NS_SS1155 10 0.9846 0.0077 0.0077 
   NS_SS1145 10 0.9966 0.0019 0.0015 
