   NS_SS0963  1 0.4047 0.0153 0.5605 0.0147 0.0049 
   NS_SS0983  1 0.3362 0.6461 0.0078 0.0063 0.0036 
   NS_SS0719  1 0.5280 0.0274 0.0094 0.4305 0.0046 
   NS_SS1001  1 0.0330 0.3782 0.0670 0.5150 0.0067 
   NS_SS0936  1 0.3699 0.0458 0.0776 0.5043 0.0024 
   NS_SS0955  1 0.3148 0.5994 0.0586 0.0228 0.0043 
   NS_SS0944  1 0.0160 0.7033 0.2453 0.0335 0.0018 
   NS_SS0945  1 0.0258 0.8133 0.0914 0.0589 0.0105 
   NS_SS0922  1 0.2282 0.0086 0.2268 0.5036 0.0328 
   NS_SS0929  1 0.1482 0.3594 0.0955 0.3938 0.0031 
   NS_SS0956  1 0.0559 0.0260 0.0261 0.8876 0.0045 
   NS_SS0906  1 0.3253 0.0389 0.5725 0.0604 0.0028 
   NS_SS0721  1 0.7859 0.0276 0.0089 0.1737 0.0039 
   NS_SS0982  1 0.7020 0.0110 0.1295 0.1391 0.0183 
   NS_SS0923  1 0.2453 0.0256 0.2009 0.5236 0.0045 
   NS_SS0905  1 0.5575 0.0922 0.0713 0.2774 0.0017 
   NS_SS0925  1 0.8584 0.0092 0.0475 0.0802 0.0046 
   NS_SS0947  1 0.0782 0.0294 0.8568 0.0309 0.0048 
   NS_SS0926  1 0.0102 0.9463 0.0084 0.0340 0.0011 
   NS_SS0918  1 0.0386 0.3914 0.2094 0.3581 0.0025 
   NS_SS0966  1 0.0431 0.0816 0.7927 0.0290 0.0535 
   NS_SS0938  1 0.0593 0.0382 0.0971 0.8040 0.0014 
   NS_SS0917  1 0.9135 0.0077 0.0093 0.0417 0.0277 
   NS_SS0957  1 0.1015 0.0163 0.0210 0.8557 0.0055 
   NS_SS0987  1 0.0460 0.0194 0.0142 0.6830 0.2374 
   NS_SS0717  1 0.0517 0.0161 0.6418 0.2875 0.0029 
   NS_SS0986  1 0.0242 0.0993 0.6862 0.1870 0.0033 
   NS_SS0953  1 0.0173 0.0182 0.9382 0.0124 0.0139 
   NS_SS0907  1 0.3231 0.0260 0.5814 0.0253 0.0442 
   NS_SS0974  1 0.3023 0.4376 0.0616 0.1942 0.0043 
   NS_SS0989  1 0.1228 0.8086 0.0518 0.0158 0.0010 
   NS_SS0991  1 0.0604 0.7358 0.1763 0.0249 0.0026 
   NS_SS0994  1 0.0103 0.9394 0.0084 0.0401 0.0017 
   NS_SS0931  1 0.0121 0.9455 0.0080 0.0241 0.0103 
   NS_SS1000  1 0.0755 0.0156 0.8716 0.0332 0.0040 
   NS_SS0919  1 0.6333 0.2841 0.0363 0.0436 0.0028 
   NS_SS0949  1 0.0337 0.9494 0.0074 0.0082 0.0012 
   NS_SS0960  1 0.8038 0.1399 0.0150 0.0366 0.0048 
   NS_SS0716  1 0.0053 0.0052 0.0118 0.9722 0.0055 
   NS_SS0924  1 0.2487 0.5179 0.0548 0.1587 0.0199 
   NS_SS0935  1 0.0834 0.7458 0.0120 0.1497 0.0092 
   NS_SS0952  1 0.1556 0.3400 0.4435 0.0217 0.0391 
   NS_SS0962  1 0.0456 0.0141 0.0562 0.8782 0.0059 
   NS_SS0973  1 0.9453 0.0144 0.0287 0.0079 0.0036 
   NS_SS0722  1 0.1306 0.0086 0.6002 0.2581 0.0024 
   NS_SS0979  1 0.0264 0.0090 0.1575 0.8053 0.0018 
   NS_SS0993  1 0.1298 0.0170 0.3875 0.4445 0.0213 
   NS_SS0958  1 0.0653 0.8170 0.0917 0.0230 0.0030 
   NS_SS0988  1 0.2749 0.1042 0.3075 0.3076 0.0057 
   NS_SS1003  1 0.2687 0.0143 0.2321 0.4768 0.0080 
   NS_SS0976  1 0.0339 0.8622 0.0689 0.0332 0.0018 
   NS_SS0964  1 0.0169 0.0123 0.6940 0.2741 0.0027 
   NS_SS0939  1 0.0169 0.0059 0.0049 0.9683 0.0040 
   NS_SS0990  1 0.0328 0.0242 0.0151 0.9244 0.0035 
   NS_SS0984  1 0.0155 0.0072 0.0198 0.9560 0.0015 
   NS_SS0980  1 0.9555 0.0092 0.0191 0.0143 0.0018 
   NS_SS0978  1 0.9472 0.0085 0.0172 0.0242 0.0029 
   NS_SS0951  1 0.0643 0.3775 0.4889 0.0666 0.0027 
   NS_SS0913  1 0.0111 0.0138 0.1410 0.8038 0.0303 
   NS_SS1002  1 0.0888 0.0101 0.8450 0.0155 0.0407 
   NS_SS0948  1 0.0426 0.1496 0.2164 0.5429 0.0485 
   NS_SS0916  1 0.9016 0.0562 0.0082 0.0302 0.0038 
   NS_SS0995  1 0.7833 0.0100 0.0127 0.1906 0.0035 
   NS_SS0927  1 0.9418 0.0186 0.0166 0.0192 0.0038 
   NS_SS0992  1 0.8626 0.0560 0.0552 0.0237 0.0025 
   NS_SS0912  1 0.0191 0.7674 0.0612 0.1490 0.0031 
   NS_SS0981  1 0.0988 0.0465 0.2281 0.6225 0.0042 
   NS_SS0729  2 0.0229 0.9304 0.0360 0.0073 0.0034 
   NS_SS0967  2 0.2605 0.0853 0.3375 0.3036 0.0131 
   NS_SS0941  2 0.4274 0.1315 0.0350 0.3314 0.0747 
   NS_SS0768  2 0.0568 0.0143 0.8990 0.0254 0.0045 
   NS_SS0726  2 0.8116 0.1437 0.0224 0.0141 0.0082 
   NS_SS0763  2 0.0960 0.6253 0.2498 0.0265 0.0023 
   NS_SS0730  2 0.0415 0.0147 0.0558 0.8848 0.0032 
   NS_SS0774  2 0.4207 0.0069 0.1092 0.4622 0.0010 
   NS_SS0723  2 0.8957 0.0035 0.0561 0.0432 0.0015 
   NS_SS0940  2 0.2659 0.3936 0.0114 0.3221 0.0070 
   NS_SS0762  2 0.0225 0.0095 0.5640 0.4012 0.0027 
   NS_SS0766  2 0.1259 0.1932 0.0221 0.6437 0.0150 
   NS_SS0724  2 0.0101 0.0163 0.9537 0.0161 0.0038 
   NS_SS0769  2 0.1805 0.0269 0.6351 0.1532 0.0043 
   NS_SS0777  2 0.3916 0.3710 0.0485 0.1754 0.0135 
   NS_SS0734  2 0.1652 0.1474 0.0170 0.6464 0.0241 
   NS_SS0737  2 0.1897 0.0093 0.6468 0.1488 0.0054 
   NS_SS0732  2 0.7889 0.0121 0.0136 0.1811 0.0043 
   NS_SS0728  2 0.7452 0.0412 0.0486 0.1557 0.0093 
   NS_SS0735  2 0.5874 0.0307 0.3351 0.0393 0.0075 
   NS_SS0725  2 0.0056 0.0662 0.7676 0.1536 0.0070 
   NS_SS0788  2 0.9454 0.0072 0.0207 0.0250 0.0017 
   NS_SS0778  2 0.8682 0.0212 0.0123 0.0967 0.0016 
   NS_SS0792  2 0.3648 0.0584 0.3730 0.1984 0.0055 
   NS_SS0943  2 0.0302 0.6203 0.3317 0.0102 0.0076 
   NS_SS0791  2 0.7347 0.0984 0.0044 0.1503 0.0123 
   NS_SS0790  2 0.0081 0.0036 0.9686 0.0165 0.0031 
   NS_SS0731  2 0.0080 0.0116 0.7898 0.1770 0.0136 
   NS_SS0727  2 0.0542 0.7367 0.0714 0.1358 0.0019 
   NS_SS0779  2 0.7150 0.0601 0.0475 0.1705 0.0069 
   NS_SS0776  2 0.0235 0.0488 0.8538 0.0679 0.0060 
   NS_SS0775  2 0.0146 0.0101 0.0125 0.9558 0.0070 
   NS_SS0965  3 0.3385 0.1288 0.2515 0.2794 0.0018 
   NS_SS0754  3 0.7143 0.2370 0.0160 0.0217 0.0110 
   NS_SS0838  3 0.3444 0.2176 0.2836 0.1072 0.0473 
   NS_SS0839  3 0.1897 0.0111 0.4801 0.3153 0.0038 
   NS_SS0832  3 0.1077 0.0083 0.5752 0.2589 0.0500 
   NS_SS0820  3 0.0524 0.0046 0.8883 0.0476 0.0071 
   NS_SS0886  3 0.4195 0.4000 0.0507 0.1281 0.0017 
   NS_SS0748  3 0.1100 0.6584 0.1391 0.0845 0.0080 
   NS_SS0884  3 0.8078 0.0432 0.0775 0.0489 0.0227 
   NS_SS0752  3 0.7838 0.0226 0.0234 0.1685 0.0017 
   NS_SS0862  3 0.6760 0.0097 0.0743 0.2358 0.0043 
   NS_SS0787  3 0.0352 0.9330 0.0093 0.0162 0.0063 
   NS_SS0843  3 0.0879 0.0569 0.7870 0.0664 0.0018 
   NS_SS0856  3 0.3543 0.0289 0.4890 0.1246 0.0032 
   NS_SS0846  3 0.2386 0.0679 0.6805 0.0102 0.0028 
   NS_SS0825  3 0.0767 0.0283 0.0380 0.8471 0.0098 
   NS_SS0757  3 0.7543 0.1572 0.0230 0.0616 0.0039 
   NS_SS0876  3 0.1633 0.0187 0.5708 0.0345 0.2128 
   NS_SS0903  3 0.8929 0.0063 0.0888 0.0096 0.0024 
   NS_SS0875  3 0.0163 0.0183 0.0300 0.9327 0.0027 
   NS_SS0740  3 0.6757 0.0833 0.2031 0.0337 0.0040 
   NS_SS0811  3 0.0070 0.0201 0.1195 0.8447 0.0086 
   NS_SS0751  3 0.0531 0.0450 0.0185 0.8813 0.0022 
   NS_SS0891  3 0.0398 0.0205 0.7458 0.1886 0.0053 
   NS_SS0867  3 0.7579 0.1631 0.0281 0.0253 0.0257 
   NS_SS0890  3 0.8315 0.0996 0.0238 0.0414 0.0038 
   NS_SS0866  3 0.2024 0.5610 0.0150 0.2160 0.0056 
   NS_SS0755  3 0.4061 0.0385 0.2874 0.2610 0.0071 
   NS_SS0758  3 0.1286 0.1407 0.7088 0.0196 0.0023 
   NS_SS0840  3 0.0422 0.0113 0.5075 0.4367 0.0022 
   NS_SS0889  3 0.0270 0.8777 0.0484 0.0448 0.0021 
   NS_SS1010  3 0.2343 0.0392 0.5111 0.1766 0.0388 
   NS_SS0888  3 0.8333 0.1410 0.0078 0.0166 0.0013 
   NS_SS0837  3 0.0515 0.0435 0.5127 0.3898 0.0025 
   NS_SS0794  3 0.0285 0.8870 0.0728 0.0099 0.0017 
   NS_SS0823  3 0.0967 0.0491 0.8282 0.0219 0.0040 
   NS_SS0829  3 0.0434 0.7948 0.0312 0.0151 0.1155 
   NS_SS0844  3 0.0124 0.0050 0.9760 0.0049 0.0017 
   NS_SS1008  3 0.1629 0.6049 0.0540 0.1650 0.0131 
   NS_SS0881  3 0.1619 0.1232 0.0285 0.6833 0.0031 
   NS_SS0834  3 0.0098 0.0094 0.9217 0.0545 0.0047 
   NS_SS0744  3 0.9426 0.0091 0.0256 0.0171 0.0056 
   NS_SS0899  3 0.0115 0.0047 0.8145 0.1679 0.0014 
   NS_SS0804  3 0.1622 0.0088 0.3191 0.5056 0.0043 
   NS_SS0781  3 0.0228 0.0057 0.9337 0.0346 0.0031 
   NS_SS0822  3 0.1434 0.6462 0.1926 0.0159 0.0019 
   NS_SS1004  3 0.1727 0.0431 0.7400 0.0403 0.0039 
   NS_SS0746  3 0.0319 0.3033 0.6033 0.0472 0.0143 
   NS_SS0880  3 0.3727 0.1838 0.1479 0.2937 0.0019 
   NS_SS0879  3 0.0407 0.0278 0.8551 0.0638 0.0126 
   NS_SS0753  3 0.5600 0.3158 0.0463 0.0668 0.0111 
   NS_SS1007  3 0.8744 0.0114 0.0061 0.1066 0.0014 
   NS_SS0872  3 0.0220 0.0073 0.8792 0.0896 0.0019 
   NS_SS1005  3 0.0318 0.0127 0.9300 0.0244 0.0010 
   NS_SS0892  3 0.3678 0.0457 0.0718 0.5125 0.0021 
   NS_SS0898  3 0.0160 0.1954 0.0088 0.7754 0.0045 
   NS_SS0801  3 0.0668 0.0243 0.8087 0.0896 0.0107 
   NS_SS0827  3 0.0232 0.1838 0.0165 0.6589 0.1175 
   NS_SS0853  3 0.0353 0.0448 0.1645 0.7494 0.0060 
   NS_SS0780  3 0.8267 0.0077 0.0767 0.0853 0.0036 
   NS_SS0826  3 0.0095 0.0542 0.9137 0.0197 0.0029 
   NS_SS0818  3 0.8196 0.0093 0.0627 0.1065 0.0018 
   NS_SS0745  3 0.0035 0.0051 0.0101 0.9802 0.0010 
   NS_SS0849  3 0.1023 0.0341 0.0572 0.8045 0.0019 
   NS_SS0739  3 0.7737 0.0088 0.0056 0.2034 0.0085 
   NS_SS0799  3 0.8501 0.1115 0.0074 0.0300 0.0011 
   NS_SS0756  3 0.1519 0.0178 0.7240 0.1024 0.0039 
   NS_SS0802  3 0.7649 0.0210 0.0198 0.0079 0.1863 
   NS_SS0747  3 0.9274 0.0083 0.0439 0.0155 0.0049 
   NS_SS0835  3 0.4346 0.4858 0.0361 0.0424 0.0010 
   NS_SS0742  3 0.7865 0.0204 0.1290 0.0631 0.0011 
   NS_SS0760  3 0.0170 0.9169 0.0105 0.0124 0.0432 
   NS_SS0803  3 0.0117 0.0043 0.9721 0.0060 0.0060 
   NS_SS0828  3 0.1830 0.3382 0.0242 0.4532 0.0014 
   NS_SS0865  3 0.5231 0.0543 0.0413 0.3535 0.0278 
   NS_SS0759  3 0.2445 0.0086 0.0647 0.6785 0.0037 
   NS_SS0851  3 0.0095 0.0083 0.0568 0.9134 0.0119 
   NS_SS0874  3 0.0489 0.0107 0.8942 0.0448 0.0014 
   NS_SS0761  3 0.0494 0.8157 0.0652 0.0672 0.0024 
   NS_SS0842  3 0.0559 0.1345 0.0914 0.7090 0.0092 
   NS_SS0785  3 0.7033 0.1487 0.1180 0.0244 0.0056 
   NS_SS0860  3 0.7231 0.2283 0.0304 0.0154 0.0027 
   NS_SS0897  3 0.0135 0.9684 0.0078 0.0083 0.0020 
   NS_SS0841  3 0.2441 0.0250 0.0509 0.6762 0.0039 
   NS_SS0797  3 0.0088 0.5030 0.0156 0.4512 0.0214 
   NS_SS0830  3 0.2219 0.0827 0.1325 0.5604 0.0024 
   NS_SS1011  3 0.1130 0.0067 0.8464 0.0285 0.0054 
   NS_SS0883  3 0.6780 0.0340 0.0099 0.2731 0.0050 
   NS_SS0782  3 0.1051 0.2976 0.4994 0.0959 0.0020 
   NS_SS0831  3 0.0625 0.8459 0.0334 0.0550 0.0031 
   NS_SS0749  3 0.9493 0.0230 0.0061 0.0183 0.0034 
   NS_SS0854  3 0.3875 0.1683 0.3685 0.0729 0.0029 
   HI_SS0193  4 0.0081 0.9684 0.0116 0.0107 0.0012 
   HI_SS0194  4 0.0087 0.0130 0.9500 0.0265 0.0018 
   HI_SS0195  4 0.0934 0.0069 0.2440 0.5468 0.1088 
   HI_SS0196  4 0.6585 0.2198 0.0926 0.0267 0.0025 
   HI_SS0197  4 0.6390 0.0055 0.0362 0.3075 0.0118 
   HI_SS0198  4 0.8871 0.0315 0.0112 0.0615 0.0088 
   HI_SS0199  4 0.5602 0.3625 0.0133 0.0611 0.0029 
   HI_SS0201  4 0.0137 0.9644 0.0137 0.0059 0.0024 
   HI_SS0215  4 0.4146 0.3312 0.2334 0.0177 0.0032 
   HI_SS0218  4 0.0077 0.9584 0.0039 0.0246 0.0054 
   HI_SS0222  4 0.1249 0.3948 0.0350 0.4389 0.0064 
   HI_SS0230  4 0.0381 0.0150 0.7721 0.1693 0.0056 
   HI_SS0234  4 0.5410 0.0394 0.2166 0.0530 0.1499 
   HI_SS0240  4 0.9144 0.0124 0.0088 0.0579 0.0065 
   HI_SS0241  4 0.2468 0.4037 0.0284 0.3189 0.0021 
   HI_SS0242  4 0.2089 0.2937 0.1456 0.3485 0.0033 
   HI_SS0247  4 0.0155 0.0165 0.9119 0.0349 0.0212 
   HI_SS0248  4 0.0135 0.9637 0.0138 0.0083 0.0007 
   HI_SS0252  4 0.0413 0.0788 0.8034 0.0744 0.0021 
   HI_SS0254  4 0.3056 0.4388 0.0394 0.1045 0.1117 
   HI_SS0256  4 0.0239 0.0027 0.9602 0.0120 0.0011 
   HI_SS0257  4 0.2538 0.2784 0.4345 0.0303 0.0030 
   HI_SS0258  4 0.0279 0.9152 0.0143 0.0379 0.0046 
   HI_SS0259  4 0.7743 0.0128 0.0444 0.1652 0.0033 
   HI_SS0260  4 0.1717 0.7577 0.0330 0.0360 0.0016 
   HI_SS0261  4 0.1193 0.7851 0.0251 0.0677 0.0028 
   HI_SS0262  4 0.2963 0.0098 0.1487 0.5380 0.0073 
   HI_SS0264  4 0.0401 0.0177 0.8788 0.0600 0.0034 
   HI_SS0265  4 0.0738 0.0109 0.0439 0.7715 0.0999 
   HI_SS0268  4 0.2153 0.3560 0.1053 0.3203 0.0032 
   HI_SS0269  4 0.3544 0.6147 0.0141 0.0152 0.0016 
   HI_SS0273  4 0.1159 0.6568 0.0146 0.2110 0.0017 
   HI_SS0277  4 0.5981 0.0365 0.0590 0.3038 0.0025 
   HI_SS0280  4 0.1221 0.0909 0.0392 0.7418 0.0061 
   HI_SS0282  4 0.3670 0.5764 0.0407 0.0145 0.0014 
   HI_SS0286  4 0.6177 0.2061 0.1164 0.0513 0.0086 
   NS_SS1252  5 0.0161 0.9557 0.0112 0.0136 0.0034 
   NS_SS1261  5 0.2359 0.0788 0.3124 0.3516 0.0212 
   NS_SS1225  5 0.0130 0.0282 0.8878 0.0085 0.0626 
   NS_SS1266  5 0.0210 0.0035 0.9539 0.0147 0.0069 
   NS_SS1228  5 0.0261 0.0071 0.0248 0.9280 0.0140 
   NS_SS1255  5 0.0507 0.2880 0.3706 0.2889 0.0018 
   NS_SS1267  5 0.0450 0.9237 0.0052 0.0120 0.0142 
   NS_SS1238  5 0.0262 0.4647 0.1133 0.3932 0.0026 
   NS_SS1233  5 0.0064 0.0261 0.8921 0.0737 0.0017 
   NS_SS1277  5 0.0084 0.9444 0.0073 0.0392 0.0007 
   NS_SS1245  5 0.0331 0.6607 0.2374 0.0670 0.0018 
   NS_SS1240  5 0.0253 0.9573 0.0096 0.0060 0.0017 
   NS_SS1275  5 0.1587 0.0057 0.2770 0.5558 0.0028 
   NS_SS1235  5 0.0292 0.0215 0.9144 0.0309 0.0040 
   NS_SS1263  5 0.0101 0.0326 0.8919 0.0645 0.0009 
   NS_SS1251  5 0.0206 0.0264 0.9276 0.0241 0.0014 
   NS_SS1248  5 0.0075 0.1571 0.0099 0.7410 0.0845 
   NS_SS1244  5 0.3628 0.4942 0.0767 0.0609 0.0054 
   NS_SS1257  5 0.0968 0.7776 0.0343 0.0610 0.0303 
   NS_SS1242  5 0.0198 0.0066 0.8502 0.1212 0.0022 
   NS_SS1271  5 0.0157 0.9151 0.0054 0.0350 0.0287 
   NS_SS1265  5 0.0131 0.7480 0.1943 0.0215 0.0231 
   NS_SS1243  5 0.0541 0.0657 0.2066 0.5734 0.1002 
   NS_SS1273  5 0.0164 0.0071 0.0329 0.9339 0.0096 
   NS_SS1254  5 0.1503 0.0425 0.6386 0.1618 0.0068 
   NS_SS1224  5 0.0239 0.0090 0.8712 0.0874 0.0085 
   NS_SS1227  5 0.3705 0.4780 0.0086 0.1413 0.0016 
   NS_SS1274  5 0.1165 0.6925 0.1104 0.0625 0.0181 
   NS_SS1241  5 0.2936 0.5083 0.1629 0.0340 0.0012 
   NS_SS1256  5 0.0198 0.0755 0.8479 0.0195 0.0372 
   NS_SS1260  5 0.5710 0.3246 0.0221 0.0097 0.0726 
   NS_SS1262  5 0.1991 0.2521 0.3036 0.0717 0.1734 
   NS_SS1230  5 0.0737 0.5847 0.1062 0.2253 0.0102 
   NS_SS1270  5 0.0118 0.0161 0.9366 0.0334 0.0020 
   NS_SS1229  5 0.7881 0.0075 0.0671 0.1345 0.0028 
   NS_SS1246  5 0.0749 0.7363 0.0123 0.1736 0.0029 
   NS_SS1269  5 0.7158 0.0554 0.0929 0.1341 0.0019 
   NS_SS1239  5 0.7350 0.0124 0.0126 0.2361 0.0039 
   NS_SS1272  5 0.0280 0.0118 0.8308 0.1236 0.0058 
   NS_SS1268  5 0.0783 0.0272 0.2231 0.6691 0.0022 
   NS_SS1249  5 0.0094 0.9513 0.0113 0.0174 0.0107 
   HI_SS0559  6 0.4019 0.1964 0.0309 0.3693 0.0015 
   HI_SS0563  6 0.2241 0.4432 0.2060 0.1236 0.0032 
   HI_SS0564  6 0.8393 0.0357 0.0187 0.0606 0.0458 
   HI_SS0565  6 0.6137 0.1624 0.0364 0.1835 0.0039 
   HI_SS0569  6 0.0156 0.9530 0.0107 0.0186 0.0021 
   HI_SS0570  6 0.0821 0.8129 0.0358 0.0273 0.0419 
   HI_SS0572  6 0.0183 0.0069 0.8867 0.0860 0.0020 
   HI_SS0576  6 0.1218 0.0385 0.0181 0.8163 0.0053 
   HI_SS0579  6 0.0930 0.2712 0.6075 0.0137 0.0145 
   HI_SS0580  6 0.2534 0.4112 0.0793 0.2522 0.0038 
   HI_SS0581  6 0.1532 0.0074 0.1187 0.6642 0.0565 
   HI_SS0583  6 0.0204 0.8215 0.0372 0.1180 0.0030 
   HI_SS0586  6 0.0116 0.9650 0.0068 0.0155 0.0012 
   HI_SS0588  6 0.0631 0.7355 0.1462 0.0343 0.0208 
   HI_SS0595  6 0.1913 0.4520 0.0219 0.3022 0.0327 
   HI_SS0596  6 0.0210 0.0088 0.7135 0.2547 0.0020 
   HI_SS0597  6 0.0291 0.0135 0.8236 0.1317 0.0022 
   HI_SS0600  6 0.9286 0.0225 0.0159 0.0300 0.0030 
   HI_SS0601  6 0.2608 0.1897 0.4958 0.0389 0.0147 
   HI_SS0602  6 0.3419 0.1399 0.1201 0.3953 0.0028 
   HI_SS0604  6 0.0196 0.0679 0.8727 0.0384 0.0014 
   HI_SS0605  6 0.9521 0.0124 0.0062 0.0244 0.0048 
   HI_SS0608  6 0.0520 0.0414 0.0184 0.8871 0.0012 
   HI_SS0609  6 0.0123 0.0255 0.7311 0.2301 0.0010 
   HI_SS0611  6 0.2427 0.6014 0.0318 0.1206 0.0035 
   HI_SS0612  6 0.7383 0.0522 0.1951 0.0087 0.0057 
   HI_SS0613  6 0.3126 0.0296 0.2157 0.4405 0.0016 
   HI_SS0615  6 0.6206 0.0094 0.0195 0.3410 0.0095 
   HI_SS0001  6 0.0403 0.6795 0.1790 0.0965 0.0046 
   HI_SS0002  6 0.0127 0.0066 0.9425 0.0166 0.0216 
   HI_SS0004  6 0.0714 0.8561 0.0518 0.0146 0.0061 
   HI_SS0005  6 0.1065 0.0586 0.0103 0.8188 0.0058 
   HI_SS0006  6 0.0736 0.1158 0.7959 0.0130 0.0018 
   HI_SS0007  6 0.0146 0.7404 0.0084 0.2341 0.0025 
   HI_SS0008  6 0.6805 0.0269 0.0881 0.1660 0.0386 
   HI_SS0009  6 0.5014 0.0791 0.1553 0.2594 0.0048 
   HI_SS0010  6 0.0590 0.5699 0.0192 0.3487 0.0032 
   HI_SS0011  6 0.0136 0.0300 0.2032 0.6685 0.0846 
   HI_SS0012  6 0.9271 0.0061 0.0229 0.0395 0.0044 
   HI_SS0017  6 0.0144 0.0322 0.5864 0.3649 0.0021 
   HI_SS0021  6 0.0104 0.3993 0.1143 0.2337 0.2423 
   HI_SS0024  6 0.0550 0.0569 0.0612 0.8249 0.0021 
   HI_SS0025  6 0.0378 0.0187 0.7686 0.1721 0.0028 
   HI_SS0027  6 0.0742 0.8874 0.0117 0.0164 0.0103 
   HI_SS0028  6 0.0101 0.0065 0.0161 0.9655 0.0018 
   HI_SS0029  6 0.0228 0.0130 0.0098 0.9482 0.0061 
   HI_SS0030  6 0.7722 0.1250 0.0574 0.0402 0.0053 
   HI_SS0031  6 0.9095 0.0067 0.0083 0.0722 0.0033 
   HI_SS0034  6 0.1901 0.7452 0.0463 0.0130 0.0054 
   HI_SS0036  6 0.1253 0.6621 0.0079 0.1914 0.0133 
   HI_SS0037  6 0.0735 0.5531 0.3419 0.0268 0.0048 
   HI_SS0039  6 0.0131 0.2527 0.0069 0.7249 0.0023 
   HI_SS0041  6 0.0773 0.0113 0.2189 0.6902 0.0024 
   HI_SS0042  6 0.1024 0.0227 0.0673 0.6938 0.1137 
   HI_SS0043  6 0.0410 0.9396 0.0066 0.0103 0.0026 
   HI_SS0044  6 0.0222 0.0824 0.0082 0.8847 0.0025 
   HI_SS0047  6 0.0977 0.0389 0.8259 0.0354 0.0021 
   HI_SS0049  6 0.0139 0.0551 0.8051 0.1228 0.0032 
   HI_SS0051  6 0.7640 0.0796 0.1338 0.0202 0.0024 
   HI_SS0053  6 0.0835 0.8853 0.0074 0.0189 0.0049 
   HI_SS0054  6 0.0134 0.9410 0.0198 0.0221 0.0037 
   HI_SS0057  6 0.0756 0.0414 0.1073 0.7729 0.0029 
   HI_SS0058  6 0.0284 0.1287 0.8101 0.0262 0.0066 
   HI_SS0060  6 0.6353 0.1104 0.0474 0.1220 0.0848 
   HI_SS0087  6 0.1023 0.3055 0.5805 0.0090 0.0027 
   HI_SS0091  6 0.6148 0.2910 0.0801 0.0129 0.0013 
   HI_SS0095  6 0.7803 0.0494 0.1094 0.0172 0.0436 
   HI_SS0097  6 0.3129 0.0515 0.6151 0.0157 0.0047 
   HI_SS0099  6 0.0122 0.0087 0.0369 0.9388 0.0034 
   HI_SS0103  6 0.7921 0.0144 0.1475 0.0425 0.0034 
   HI_SS0105  6 0.4813 0.0200 0.4530 0.0206 0.0251 
   HI_SS0107  6 0.0191 0.0090 0.8408 0.1303 0.0009 
   HI_SS0108  6 0.0163 0.9514 0.0052 0.0069 0.0202 
   HI_SS0110  6 0.9218 0.0167 0.0112 0.0493 0.0009 
   HI_SS0111  6 0.7176 0.0113 0.0126 0.2343 0.0242 
   HI_SS0112  6 0.0056 0.9848 0.0042 0.0044 0.0010 
   HI_SS0113  6 0.0112 0.0088 0.9546 0.0225 0.0028 
   HI_SS0114  6 0.2368 0.6310 0.0458 0.0809 0.0056 
   HI_SS0115  6 0.6663 0.1438 0.1586 0.0163 0.0151 
   HI_SS0116  6 0.0580 0.6878 0.0390 0.2113 0.0039 
   HI_SS0117  6 0.0454 0.4471 0.4877 0.0175 0.0022 
   HI_SS0118  6 0.0539 0.2600 0.5221 0.1506 0.0134 
   HI_SS0119  6 0.9546 0.0239 0.0092 0.0109 0.0015 
   HI_SS0120  6 0.0090 0.0117 0.8505 0.1261 0.0027 
   HI_SS0121  6 0.0103 0.0053 0.1187 0.8645 0.0012 
   HI_SS0122  6 0.2718 0.0501 0.2044 0.4494 0.0243 
   HI_SS0123  6 0.9376 0.0118 0.0227 0.0234 0.0045 
   HI_SS0124  6 0.0460 0.0079 0.0525 0.8907 0.0028 
   HI_SS0125  6 0.1129 0.0063 0.0188 0.8309 0.0311 
   HI_SS0126  6 0.0122 0.8696 0.0122 0.1051 0.0010 
   HI_SS0127  6 0.0710 0.3434 0.1385 0.4386 0.0085 
   HI_SS0128  6 0.0992 0.1683 0.6028 0.1268 0.0030 
   HI_SS0129  6 0.1890 0.4903 0.0395 0.2693 0.0119 
   HI_SS0131  6 0.0187 0.3452 0.5966 0.0100 0.0296 
   HI_SS0132  6 0.2534 0.1456 0.0356 0.5648 0.0007 
   HI_SS0133  6 0.0035 0.9858 0.0029 0.0066 0.0012 
   HI_SS0134  6 0.6923 0.0656 0.1811 0.0590 0.0021 
   HI_SS0142  6 0.4071 0.0097 0.4381 0.1269 0.0182 
   HI_SS0145  6 0.5507 0.1560 0.2708 0.0211 0.0015 
   HI_SS0146  6 0.0263 0.7537 0.0091 0.2095 0.0014 
   HI_SS0147  6 0.0867 0.0055 0.8049 0.0761 0.0268 
   HI_SS0149  6 0.1742 0.0497 0.0445 0.7267 0.0048 
   HI_SS0150  6 0.0499 0.0632 0.0296 0.8527 0.0046 
   HI_SS0151  6 0.8321 0.0825 0.0590 0.0147 0.0117 
   NS_SS1451  6 0.3903 0.0063 0.0789 0.5208 0.0036 
   NS_SS1404  6 0.0303 0.0165 0.0758 0.8683 0.0091 
   NS_SS1432  6 0.1338 0.0047 0.0267 0.7999 0.0348 
   NS_SS1405  6 0.3337 0.1109 0.4112 0.1406 0.0036 
   NS_SS1431  6 0.0257 0.0145 0.1032 0.8557 0.0009 
   NS_SS1402  6 0.5012 0.0264 0.4266 0.0431 0.0026 
   NS_SS1450  6 0.3985 0.5326 0.0180 0.0468 0.0041 
   NS_SS1396  6 0.3943 0.0314 0.1217 0.4460 0.0066 
   NS_SS1393  6 0.8816 0.0492 0.0244 0.0417 0.0032 
   NS_SS1392  6 0.1954 0.1280 0.1072 0.5482 0.0212 
   NS_SS1445  6 0.2048 0.7360 0.0337 0.0154 0.0100 
   NS_SS1423  6 0.1629 0.6751 0.1048 0.0557 0.0015 
   NS_SS1421  6 0.0392 0.7835 0.0137 0.0716 0.0921 
   NS_SS1411  6 0.0600 0.8665 0.0104 0.0613 0.0018 
   NS_SS1453  6 0.3648 0.2843 0.1207 0.2246 0.0056 
   NS_SS1442  6 0.0924 0.2261 0.4026 0.2747 0.0042 
   NS_SS1422  6 0.4552 0.0880 0.4273 0.0173 0.0123 
   NS_SS1419  6 0.0422 0.0786 0.1936 0.5114 0.1743 
   NS_SS1427  6 0.0096 0.9737 0.0054 0.0099 0.0014 
   NS_SS1444  6 0.0230 0.0201 0.3876 0.5660 0.0033 
   NS_SS1455  6 0.0090 0.0102 0.9254 0.0540 0.0014 
   NS_SS1425  6 0.0576 0.9240 0.0085 0.0082 0.0018 
   NS_SS1400  6 0.0035 0.9678 0.0165 0.0111 0.0012 
   NS_SS1406  6 0.0840 0.0077 0.8738 0.0248 0.0097 
   NS_SS1417  6 0.0275 0.0223 0.9354 0.0093 0.0055 
   NS_SS1454  6 0.0403 0.3208 0.1645 0.4729 0.0014 
   NS_SS1412  6 0.1961 0.0787 0.1134 0.5848 0.0270 
   NS_SS1438  6 0.0341 0.8859 0.0703 0.0083 0.0013 
   NS_SS1416  6 0.6562 0.0145 0.0522 0.2704 0.0068 
   NS_SS1401  6 0.7233 0.0204 0.1077 0.1359 0.0127 
   NS_SS1424  6 0.6929 0.1924 0.0393 0.0643 0.0111 
   NS_SS1435  6 0.0201 0.2381 0.0309 0.7082 0.0027 
   NS_SS1447  6 0.0069 0.0108 0.9624 0.0134 0.0064 
   NS_SS1414  6 0.0050 0.0108 0.9342 0.0439 0.0061 
   NS_SS1449  6 0.8025 0.0171 0.1562 0.0200 0.0042 
   NS_SS1443  6 0.1880 0.7801 0.0197 0.0102 0.0019 
   NS_SS1434  6 0.2472 0.2250 0.3948 0.1323 0.0007 
   NS_SS1398  6 0.1360 0.2470 0.0525 0.5358 0.0288 
   NS_SS1426  6 0.0717 0.9000 0.0112 0.0150 0.0022 
   NS_SS1413  6 0.0118 0.9508 0.0127 0.0133 0.0114 
   NS_SS1395  6 0.7645 0.1863 0.0279 0.0128 0.0085 
   NS_SS1448  6 0.0088 0.6312 0.0129 0.3454 0.0017 
   NS_SS1446  6 0.4837 0.0992 0.2456 0.1683 0.0030 
   NS_SS1403  6 0.5830 0.0437 0.0231 0.3443 0.0058 
   NS_SS1415  6 0.0451 0.7853 0.0082 0.1530 0.0084 
   NS_SS1437  6 0.0354 0.0438 0.0327 0.8817 0.0063 
   NS_SS1439  6 0.0764 0.0073 0.9063 0.0080 0.0019 
   NS_SS1441  6 0.2648 0.6608 0.0475 0.0250 0.0019 
   NS_SS1420  6 0.0229 0.0079 0.0197 0.9467 0.0029 
   NS_SS1394  6 0.4337 0.0069 0.0167 0.5092 0.0335 
   NS_SS1391  6 0.2094 0.4873 0.1258 0.1633 0.0142 
   NS_SS1410  6 0.0562 0.2660 0.1386 0.5257 0.0135 
   NS_SS1408  6 0.9039 0.0138 0.0119 0.0251 0.0454 
   NS_SS1409  6 0.8757 0.0513 0.0131 0.0578 0.0023 
   HI_SS0617  7 0.8988 0.0106 0.0202 0.0692 0.0011 
   HI_SS0618  7 0.7413 0.0196 0.0210 0.2163 0.0018 
   HI_SS0619  7 0.0589 0.0613 0.1636 0.7129 0.0033 
   HI_SS0620  7 0.0161 0.9452 0.0146 0.0213 0.0027 
   HI_SS0621  7 0.7064 0.0178 0.0643 0.1986 0.0129 
   HI_SS0622  7 0.0307 0.3233 0.0904 0.5417 0.0139 
   HI_SS0626  7 0.0775 0.0167 0.0097 0.8885 0.0076 
   HI_SS0627  7 0.0566 0.0152 0.7217 0.1985 0.0080 
   HI_SS0628  7 0.0907 0.5895 0.0443 0.2204 0.0551 
   HI_SS0629  7 0.0821 0.0950 0.0918 0.7252 0.0059 
   HI_SS0630  7 0.0531 0.6053 0.0116 0.2749 0.0551 
   HI_SS0631  7 0.0332 0.9086 0.0087 0.0486 0.0009 
   HI_SS0632  7 0.0615 0.5636 0.0878 0.2838 0.0033 
   HI_SS0633  7 0.0196 0.0219 0.7096 0.2454 0.0035 
   HI_SS0634  7 0.6637 0.0166 0.0237 0.2938 0.0022 
   HI_SS0635  7 0.2519 0.0557 0.4179 0.2651 0.0095 
   HI_SS0637  7 0.9040 0.0171 0.0574 0.0184 0.0031 
   HI_SS0638  7 0.0961 0.5131 0.0321 0.3574 0.0013 
   HI_SS0639  7 0.5340 0.0070 0.0399 0.3814 0.0376 
   HI_SS0640  7 0.1325 0.5945 0.0431 0.2275 0.0023 
   HI_SS0641  7 0.1347 0.5296 0.0323 0.2966 0.0067 
   HI_SS0642  7 0.2843 0.0232 0.0295 0.6608 0.0022 
   HI_SS0645  7 0.0278 0.0073 0.0064 0.9578 0.0007 
   HI_SS0646  7 0.2192 0.2620 0.4722 0.0438 0.0027 
   HI_SS0647  7 0.0257 0.4294 0.4689 0.0746 0.0014 
   HI_SS0648  7 0.8496 0.0314 0.0371 0.0794 0.0026 
   HI_SS0649  7 0.2489 0.0366 0.4267 0.2856 0.0021 
   HI_SS0650  7 0.8123 0.0281 0.1268 0.0292 0.0036 
   HI_SS0651  7 0.6657 0.0637 0.2484 0.0182 0.0041 
   HI_SS0652  7 0.0251 0.0143 0.0164 0.9403 0.0038 
   NS_SS1371  7 0.8857 0.0677 0.0340 0.0078 0.0047 
   NS_SS1374  7 0.2864 0.6435 0.0098 0.0580 0.0024 
   NS_SS1337  7 0.0527 0.0274 0.7873 0.1287 0.0039 
   NS_SS1385  7 0.5124 0.0659 0.2527 0.1643 0.0047 
   NS_SS1388  7 0.0148 0.1128 0.3513 0.5140 0.0071 
   NS_SS1370  7 0.1886 0.1048 0.1104 0.5873 0.0089 
   NS_SS1389  7 0.0068 0.0155 0.0680 0.9062 0.0035 
   NS_SS1360  7 0.2428 0.5745 0.0779 0.1003 0.0044 
   NS_SS1330  7 0.7638 0.0064 0.1387 0.0876 0.0035 
   NS_SS1328  7 0.0491 0.8770 0.0260 0.0458 0.0021 
   NS_SS1384  7 0.4164 0.2389 0.2851 0.0559 0.0038 
   NS_SS1381  7 0.0365 0.0108 0.9218 0.0301 0.0008 
   NS_SS1375  7 0.0274 0.0168 0.0063 0.9484 0.0010 
   NS_SS1319  7 0.2787 0.0902 0.0504 0.4877 0.0929 
   NS_SS1326  7 0.0097 0.9586 0.0132 0.0106 0.0079 
   NS_SS1341  7 0.2689 0.0536 0.6489 0.0246 0.0039 
   NS_SS1383  7 0.4627 0.4062 0.0422 0.0844 0.0045 
   NS_SS1318  7 0.1417 0.0812 0.7184 0.0425 0.0162 
   NS_SS1348  7 0.0166 0.9647 0.0100 0.0072 0.0016 
   NS_SS1363  7 0.3167 0.0393 0.3451 0.2940 0.0050 
   NS_SS1335  7 0.2061 0.6812 0.0109 0.0742 0.0277 
   NS_SS1358  7 0.4305 0.1805 0.3680 0.0061 0.0149 
   NS_SS1342  7 0.0762 0.4210 0.4606 0.0408 0.0013 
   NS_SS1320  7 0.0133 0.0041 0.8610 0.1165 0.0051 
   NS_SS1355  7 0.0096 0.0083 0.9610 0.0105 0.0107 
   NS_SS1345  7 0.0316 0.0530 0.8733 0.0247 0.0173 
   NS_SS1324  7 0.0280 0.8822 0.0507 0.0361 0.0029 
   NS_SS1347  7 0.9274 0.0318 0.0218 0.0159 0.0031 
   NS_SS1321  7 0.7085 0.0339 0.0149 0.2412 0.0015 
   NS_SS1333  7 0.1271 0.0208 0.0078 0.8417 0.0027 
   NS_SS1364  7 0.0126 0.9298 0.0488 0.0065 0.0023 
   NS_SS1379  7 0.8107 0.0451 0.0523 0.0428 0.0491 
   NS_SS1332  7 0.0064 0.9334 0.0067 0.0483 0.0052 
   NS_SS1338  7 0.9194 0.0308 0.0073 0.0374 0.0052 
   NS_SS1368  7 0.0098 0.8367 0.1042 0.0435 0.0058 
   NS_SS1354  7 0.0374 0.0161 0.8898 0.0461 0.0105 
   NS_SS1365  7 0.0404 0.0282 0.0209 0.9028 0.0078 
   NS_SS1380  7 0.0124 0.0064 0.9250 0.0362 0.0200 
   NS_SS1329  7 0.1791 0.3907 0.4032 0.0239 0.0030 
   NS_SS1362  7 0.3172 0.1303 0.5179 0.0297 0.0048 
   NS_SS1327  7 0.0054 0.9835 0.0033 0.0051 0.0028 
   NS_SS1350  7 0.9631 0.0149 0.0072 0.0081 0.0067 
   NS_SS1387  7 0.3602 0.0242 0.0495 0.5633 0.0027 
   NS_SS1369  7 0.0346 0.8804 0.0260 0.0542 0.0048 
   NS_SS1331  7 0.0130 0.1242 0.0090 0.8468 0.0070 
   NS_SS1357  7 0.1605 0.4497 0.1172 0.2689 0.0036 
   NS_SS1386  7 0.0072 0.9783 0.0067 0.0050 0.0028 
   NS_SS1353  7 0.0229 0.0443 0.5116 0.4180 0.0033 
   NS_SS1323  7 0.1411 0.0225 0.1205 0.6373 0.0785 
   HI_SS0296  8 0.1102 0.8069 0.0246 0.0565 0.0018 
   HI_SS0297  8 0.1597 0.5810 0.0226 0.2356 0.0011 
   HI_SS0299  8 0.0643 0.3602 0.5234 0.0151 0.0370 
   HI_SS0300  8 0.4085 0.5379 0.0202 0.0321 0.0014 
   HI_SS0301  8 0.0434 0.0622 0.1303 0.7606 0.0035 
   HI_SS0302  8 0.0148 0.9061 0.0128 0.0458 0.0205 
   HI_SS0303  8 0.0305 0.8992 0.0237 0.0394 0.0072 
   HI_SS0304  8 0.0333 0.0342 0.0360 0.8940 0.0025 
   HI_SS0306  8 0.0087 0.9694 0.0049 0.0138 0.0033 
   HI_SS0307  8 0.6157 0.0117 0.0332 0.3321 0.0073 
   HI_SS0308  8 0.5742 0.1435 0.0852 0.1113 0.0858 
   HI_SS0309  8 0.8552 0.0133 0.1031 0.0253 0.0030 
   HI_SS0310  8 0.0095 0.2642 0.7041 0.0157 0.0065 
   HI_SS0311  8 0.0220 0.0862 0.0685 0.8213 0.0020 
   HI_SS0314  8 0.0163 0.0452 0.0258 0.9111 0.0016 
   HI_SS0316  8 0.4761 0.2351 0.0300 0.2547 0.0042 
   HI_SS0317  8 0.8405 0.0214 0.0267 0.1094 0.0021 
   HI_SS0318  8 0.2479 0.4883 0.0073 0.0593 0.1971 
   HI_SS0319  8 0.0080 0.9747 0.0071 0.0064 0.0039 
   HI_SS0320  8 0.0413 0.0055 0.0110 0.9411 0.0011 
   HI_SS0321  8 0.9576 0.0166 0.0047 0.0194 0.0018 
   HI_SS0323  8 0.2082 0.1576 0.0151 0.6174 0.0017 
   HI_SS0325  8 0.0150 0.9165 0.0283 0.0381 0.0021 
   HI_SS0327  8 0.2991 0.6590 0.0230 0.0174 0.0015 
   HI_SS0329  8 0.0178 0.0434 0.0704 0.8670 0.0014 
   HI_SS0333  8 0.4673 0.2611 0.0400 0.2283 0.0033 
   HI_SS0334  8 0.9416 0.0397 0.0083 0.0092 0.0012 
   HI_SS0335  8 0.0232 0.0080 0.9448 0.0066 0.0173 
   HI_SS0339  8 0.0087 0.0121 0.9326 0.0341 0.0125 
   HI_SS0343  8 0.0211 0.0137 0.9503 0.0132 0.0017 
   HI_SS0344  8 0.0121 0.9781 0.0037 0.0037 0.0024 
   HI_SS0345  8 0.0106 0.0359 0.9270 0.0205 0.0061 
   HI_SS0346  8 0.1898 0.2252 0.0436 0.5371 0.0043 
   HI_SS0350  8 0.0125 0.0064 0.9397 0.0339 0.0075 
   HI_SS0351  8 0.0673 0.0304 0.8912 0.0084 0.0029 
   HI_SS0352  8 0.1062 0.0191 0.7484 0.0271 0.0993 
   HI_SS0362  8 0.0674 0.1755 0.0059 0.7492 0.0020 
   HI_SS0363  8 0.0158 0.9534 0.0176 0.0098 0.0034 
   HI_SS0365  8 0.8349 0.1205 0.0106 0.0298 0.0042 
   HI_SS0366  8 0.0351 0.8863 0.0636 0.0133 0.0017 
   HI_SS0367  8 0.0060 0.0045 0.9407 0.0468 0.0019 
   HI_SS0369  8 0.1080 0.0122 0.1975 0.6799 0.0024 
   HI_SS0370  8 0.8838 0.0271 0.0763 0.0100 0.0028 
   HI_SS0371  8 0.0143 0.8941 0.0227 0.0648 0.0041 
   HI_SS0373  8 0.0099 0.0160 0.0059 0.9612 0.0071 
   HI_SS0374  8 0.2535 0.0058 0.0418 0.6757 0.0232 
   HI_SS0377  8 0.4933 0.3320 0.0567 0.0326 0.0853 
   HI_SS0379  8 0.0047 0.9867 0.0042 0.0035 0.0009 
   HI_SS0380  8 0.0199 0.0168 0.8843 0.0727 0.0063 
   HI_SS0381  8 0.1147 0.0186 0.1050 0.7574 0.0042 
   HI_SS0384  8 0.0903 0.4376 0.0244 0.4397 0.0080 
   HI_SS0385  8 0.0071 0.5468 0.0153 0.4297 0.0012 
   HI_SS0386  9 0.0016 0.0017 0.0017 0.0015 0.9936 
   HI_SS0387  9 0.0164 0.0145 0.0112 0.0103 0.9476 
   HI_SS0389  9 0.0033 0.0040 0.0037 0.0035 0.9855 
   HI_SS0390  9 0.0017 0.0017 0.0016 0.0016 0.9935 
   HI_SS0391  9 0.0027 0.0026 0.0033 0.0023 0.9892 
   HI_SS0392  9 0.0016 0.0021 0.0018 0.0018 0.9928 
   HI_SS0393  9 0.0016 0.0017 0.0013 0.0013 0.9940 
   HI_SS0394  9 0.0016 0.0013 0.0014 0.0018 0.9938 
   HI_SS0395  9 0.0042 0.0035 0.0031 0.0051 0.9841 
   HI_SS0396  9 0.0092 0.0079 0.0100 0.0127 0.9602 
   HI_SS0398  9 0.0055 0.0059 0.0068 0.0056 0.9763 
   HI_SS0399  9 0.0014 0.0012 0.0013 0.0013 0.9947 
   HI_SS0400  9 0.0018 0.0019 0.0023 0.0028 0.9912 
   HI_SS0401  9 0.0016 0.0017 0.0015 0.0016 0.9937 
   HI_SS0402  9 0.0016 0.0013 0.0016 0.0014 0.9941 
   HI_SS0403  9 0.0020 0.0015 0.0016 0.0016 0.9933 
   HI_SS0404  9 0.0014 0.0012 0.0010 0.0014 0.9950 
   HI_SS0405  9 0.0193 0.0122 0.0186 0.0161 0.9338 
   HI_SS0406  9 0.0022 0.0021 0.0025 0.0020 0.9911 
   HI_SS0407  9 0.0067 0.0072 0.0073 0.0101 0.9687 
   HI_SS0408  9 0.0016 0.0011 0.0013 0.0015 0.9944 
   HI_SS0409  9 0.0034 0.0032 0.0035 0.0031 0.9866 
   HI_SS0411  9 0.0032 0.0036 0.0026 0.0028 0.9879 
   HI_SS0412  9 0.1023 0.0327 0.0262 0.0397 0.7990 
   HI_SS0413  9 0.0024 0.0022 0.0026 0.0022 0.9906 
   HI_SS0414  9 0.0158 0.0104 0.0208 0.0177 0.9352 
   HI_SS0415  9 0.0018 0.0023 0.0021 0.0016 0.9923 
   HI_SS0416  9 0.0026 0.0039 0.0034 0.0040 0.9861 
   HI_SS0418  9 0.0057 0.0050 0.0062 0.0046 0.9786 
   HI_SS0419  9 0.0029 0.0028 0.0035 0.0038 0.9870 
   HI_SS0420  9 0.0022 0.0025 0.0022 0.0024 0.9907 
   HI_SS0421  9 0.0054 0.0032 0.0053 0.0044 0.9818 
   HI_SS0422  9 0.0016 0.0015 0.0019 0.0016 0.9934 
   HI_SS0423  9 0.0054 0.0036 0.0035 0.0046 0.9829 
   HI_SS0424  9 0.0015 0.0016 0.0023 0.0018 0.9929 
   HI_SS0425  9 0.0023 0.0027 0.0033 0.0038 0.9879 
   NS_SS1146 10 0.0022 0.0029 0.0023 0.0019 0.9907 
   NS_SS1157 10 0.0088 0.0056 0.0059 0.0057 0.9739 
   NS_SS1144 10 0.0179 0.0266 0.0133 0.0155 0.9267 
   NS_SS1074 10 0.0033 0.0034 0.0038 0.0033 0.9861 
   NS_SS1122 10 0.0046 0.0052 0.0046 0.0040 0.9816 
   NS_SS1136 10 0.0010 0.0011 0.0014 0.0014 0.9951 
   NS_SS1077 10 0.0007 0.0009 0.0006 0.0008 0.9970 
   NS_SS1134 10 0.0131 0.0090 0.0063 0.0150 0.9566 
   NS_SS1091 10 0.0020 0.0017 0.0026 0.0024 0.9913 
   NS_SS1089 10 0.0029 0.0037 0.0030 0.0026 0.9878 
   NS_SS1123 10 0.0014 0.0015 0.0017 0.0022 0.9932 
   NS_SS1158 10 0.0011 0.0011 0.0011 0.0010 0.9957 
   NS_SS1093 10 0.0020 0.0032 0.0027 0.0026 0.9895 
   NS_SS1102 10 0.0063 0.0054 0.0060 0.0054 0.9770 
   NS_SS1056 10 0.0021 0.0018 0.0018 0.0027 0.9916 
   NS_SS1126 10 0.0031 0.0027 0.0030 0.0028 0.9883 
   NS_SS1058 10 0.0049 0.0036 0.0038 0.0038 0.9839 
   NS_SS1084 10 0.0017 0.0016 0.0015 0.0019 0.9933 
   NS_SS1095 10 0.0062 0.0090 0.0039 0.0061 0.9750 
   NS_SS1079 10 0.0016 0.0018 0.0023 0.0016 0.9926 
   NS_SS1149 10 0.0026 0.0019 0.0035 0.0027 0.9893 
   NS_SS1121 10 0.0021 0.0018 0.0015 0.0015 0.9931 
   NS_SS1067 10 0.0045 0.0053 0.0052 0.0083 0.9766 
   NS_SS1081 10 0.0030 0.0021 0.0023 0.0020 0.9906 
   NS_SS1130 10 0.0035 0.0027 0.0033 0.0045 0.9859 
   NS_SS1073 10 0.0029 0.0020 0.0029 0.0030 0.9891 
   NS_SS1133 10 0.0048 0.0046 0.0091 0.0122 0.9692 
   NS_SS1129 10 0.0013 0.0013 0.0017 0.0016 0.9941 
   NS_SS1085 10 0.0027 0.0023 0.0023 0.0023 0.9905 
   NS_SS1137 10 0.0052 0.0054 0.0042 0.0045 0.9807 
   NS_SS1135 10 0.0015 0.0012 0.0012 0.0016 0.9946 
   NS_SS1082 10 0.0016 0.0015 0.0022 0.0018 0.9929 
   NS_SS1125 10 0.0013 0.0014 0.0015 0.0012 0.9946 
   NS_SS1124 10 0.0085 0.0045 0.0065 0.0053 0.9752 
   NS_SS1155 10 0.0104 0.0085 0.0083 0.0055 0.9673 
   NS_SS1145 10 0.0019 0.0018 0.0020 0.0022 0.9921 
