

----------------------------------------------------
STRUCTURE by Pritchard, Stephens and Donnelly (2000)
     and Falush, Stephens and Pritchard (2003)
       Code by Pritchard, Falush and Hubisz
             Version 2.3.4 (Jul 2012)
----------------------------------------------------



Command line arguments:   /home/genobiwan/Documents/Programs/Structure/structure -m parameter_job_k3_r6 
Input File:    /media/genobiwan/Storage/Projets/Mackerel_NWA_2021/data_job_k3_r6

Run parameters:
   629 individuals
   4140 loci
   3 populations assumed
   100000 Burn-in period
   200000 Reps


--------------------------------------------
Proportion of membership of each pre-defined
 population in each of the 3 clusters

Given    Inferred Clusters       Number of
 Pop       1      2      3      Individuals

  1:     0.012  0.435  0.553       67
  2:     0.008  0.347  0.645       32
  3:     0.013  0.422  0.565       92
  4:     0.014  0.500  0.486       36
  5:     0.019  0.473  0.508       41
  6:     0.013  0.497  0.490      158
  7:     0.009  0.480  0.511       79
  8:     0.013  0.512  0.475       52
  9:     0.988  0.006  0.007       36
 10:     0.993  0.004  0.004       36
--------------------------------------------

Allele-freq. divergence among pops (Net nucleotide distance),
computed using point estimates of P.

      1       2       3      
 1      -    0.0049  0.0047  
 2   0.0049     -    0.0002  
 3   0.0047  0.0002     -    

Average distances (expected heterozygosity) between individuals in same cluster:
cluster  1  : 0.3057 
cluster  2  : 0.3185 
cluster  3  : 0.3185 

--------------------------------------------
Estimated Ln Prob of Data   = -2471269.8
Mean value of ln likelihood = -2467745.4
Variance of ln likelihood   = 7048.7
Mean value of alpha         = 0.0370

Mean value of Fst_1         = 0.0375
Mean value of Fst_2         = 0.0023
Mean value of Fst_3         = 0.0008


Inferred ancestry of individuals:
        Label (%Miss) Pop:  Inferred clusters
  1 NS_SS0963    (4)    1 :  0.005 0.187 0.808 
  2 NS_SS0983    (1)    1 :  0.004 0.977 0.018 
  3 NS_SS0719    (9)    1 :  0.006 0.843 0.152 
  4 NS_SS1001    (8)    1 :  0.006 0.279 0.715 
  5 NS_SS0936    (4)    1 :  0.002 0.277 0.721 
  6 NS_SS0955    (6)    1 :  0.004 0.949 0.047 
  7 NS_SS0944    (3)    1 :  0.002 0.962 0.037 
  8 NS_SS0945    (3)    1 :  0.009 0.188 0.804 
  9 NS_SS0922    (2)    1 :  0.021 0.051 0.928 
 10 NS_SS0929    (7)    1 :  0.003 0.887 0.110 
 11 NS_SS0956    (1)    1 :  0.003 0.021 0.975 
 12 NS_SS0906    (3)    1 :  0.003 0.350 0.647 
 13 NS_SS0721    (6)    1 :  0.004 0.218 0.778 
 14 NS_SS0982    (4)    1 :  0.013 0.051 0.935 
 15 NS_SS0923    (6)    1 :  0.004 0.165 0.831 
 16 NS_SS0905    (6)    1 :  0.002 0.857 0.141 
 17 NS_SS0925    (3)    1 :  0.004 0.102 0.894 
 18 NS_SS0947    (6)    1 :  0.004 0.040 0.957 
 19 NS_SS0926    (2)    1 :  0.001 0.989 0.010 
 20 NS_SS0918    (6)    1 :  0.002 0.070 0.927 
 21 NS_SS0966    (4)    1 :  0.047 0.180 0.772 
 22 NS_SS0938    (2)    1 :  0.001 0.018 0.981 
 23 NS_SS0917    (2)    1 :  0.040 0.617 0.343 
 24 NS_SS0957   (11)    1 :  0.005 0.055 0.940 
 25 NS_SS0987    (1)    1 :  0.231 0.178 0.591 
 26 NS_SS0717    (4)    1 :  0.002 0.017 0.981 
 27 NS_SS0986    (2)    1 :  0.003 0.041 0.956 
 28 NS_SS0953    (3)    1 :  0.014 0.031 0.955 
 29 NS_SS0907    (3)    1 :  0.040 0.295 0.666 
 30 NS_SS0974    (6)    1 :  0.004 0.895 0.101 
 31 NS_SS0989    (1)    1 :  0.001 0.968 0.031 
 32 NS_SS0991    (3)    1 :  0.002 0.960 0.039 
 33 NS_SS0994    (2)    1 :  0.002 0.992 0.006 
 34 NS_SS0931    (6)    1 :  0.012 0.930 0.058 
 35 NS_SS1000    (5)    1 :  0.003 0.026 0.971 
 36 NS_SS0919    (1)    1 :  0.003 0.891 0.106 
 37 NS_SS0949    (4)    1 :  0.001 0.986 0.013 
 38 NS_SS0960   (10)    1 :  0.005 0.968 0.027 
 39 NS_SS0716    (2)    1 :  0.005 0.008 0.987 
 40 NS_SS0924    (8)    1 :  0.019 0.929 0.052 
 41 NS_SS0935    (2)    1 :  0.008 0.981 0.012 
 42 NS_SS0952   (14)    1 :  0.035 0.933 0.031 
 43 NS_SS0962   (11)    1 :  0.005 0.010 0.985 
 44 NS_SS0973    (5)    1 :  0.004 0.864 0.132 
 45 NS_SS0722    (1)    1 :  0.002 0.029 0.969 
 46 NS_SS0979   (13)    1 :  0.002 0.175 0.823 
 47 NS_SS0993    (2)    1 :  0.014 0.106 0.880 
 48 NS_SS0958    (1)    1 :  0.003 0.954 0.043 
 49 NS_SS0988    (4)    1 :  0.004 0.185 0.811 
 50 NS_SS1003    (2)    1 :  0.008 0.026 0.966 
 51 NS_SS0976    (1)    1 :  0.002 0.933 0.066 
 52 NS_SS0964   (10)    1 :  0.002 0.030 0.968 
 53 NS_SS0939    (4)    1 :  0.004 0.015 0.980 
 54 NS_SS0990    (6)    1 :  0.003 0.162 0.835 
 55 NS_SS0984    (2)    1 :  0.002 0.015 0.983 
 56 NS_SS0980   (10)    1 :  0.002 0.505 0.493 
 57 NS_SS0978    (4)    1 :  0.003 0.627 0.370 
 58 NS_SS0951   (18)    1 :  0.003 0.744 0.253 
 59 NS_SS0913    (3)    1 :  0.035 0.135 0.830 
 60 NS_SS1002    (1)    1 :  0.031 0.009 0.960 
 61 NS_SS0948    (1)    1 :  0.042 0.161 0.797 
 62 NS_SS0916    (4)    1 :  0.005 0.784 0.211 
 63 NS_SS0995    (1)    1 :  0.003 0.136 0.861 
 64 NS_SS0927    (6)    1 :  0.005 0.620 0.374 
 65 NS_SS0992    (5)    1 :  0.003 0.803 0.194 
 66 NS_SS0912    (1)    1 :  0.003 0.567 0.430 
 67 NS_SS0981    (1)    1 :  0.003 0.198 0.799 
 68 NS_SS0729    (5)    2 :  0.003 0.989 0.007 
 69 NS_SS0967   (15)    2 :  0.011 0.268 0.721 
 70 NS_SS0941    (8)    2 :  0.072 0.462 0.466 
 71 NS_SS0768   (12)    2 :  0.004 0.025 0.970 
 72 NS_SS0726    (5)    2 :  0.007 0.977 0.015 
 73 NS_SS0763    (4)    2 :  0.002 0.962 0.036 
 74 NS_SS0730    (6)    2 :  0.002 0.011 0.987 
 75 NS_SS0774    (2)    2 :  0.001 0.010 0.989 
 76 NS_SS0723    (3)    2 :  0.002 0.031 0.967 
 77 NS_SS0940   (10)    2 :  0.007 0.772 0.221 
 78 NS_SS0762    (1)    2 :  0.003 0.025 0.973 
 79 NS_SS0766   (11)    2 :  0.013 0.592 0.395 
 80 NS_SS0724    (1)    2 :  0.003 0.033 0.964 
 81 NS_SS0769    (3)    2 :  0.004 0.076 0.920 
 82 NS_SS0777    (1)    2 :  0.013 0.357 0.631 
 83 NS_SS0734    (6)    2 :  0.027 0.780 0.194 
 84 NS_SS0737    (3)    2 :  0.004 0.011 0.984 
 85 NS_SS0732    (5)    2 :  0.004 0.083 0.912 
 86 NS_SS0728    (5)    2 :  0.008 0.176 0.816 
 87 NS_SS0735    (9)    2 :  0.006 0.056 0.938 
 88 NS_SS0725    (1)    2 :  0.006 0.029 0.965 
 89 NS_SS0788    (2)    2 :  0.001 0.341 0.658 
 90 NS_SS0778    (2)    2 :  0.001 0.397 0.602 
 91 NS_SS0792    (6)    2 :  0.005 0.265 0.730 
 92 NS_SS0943   (11)    2 :  0.007 0.976 0.016 
 93 NS_SS0791    (2)    2 :  0.017 0.666 0.317 
 94 NS_SS0790    (5)    2 :  0.003 0.005 0.992 
 95 NS_SS0731    (6)    2 :  0.009 0.014 0.977 
 96 NS_SS0727    (7)    2 :  0.002 0.950 0.048 
 97 NS_SS0779   (13)    2 :  0.005 0.255 0.740 
 98 NS_SS0776    (3)    2 :  0.007 0.503 0.490 
 99 NS_SS0775    (5)    2 :  0.005 0.012 0.983 
100 NS_SS0965    (3)    3 :  0.001 0.120 0.879 
101 NS_SS0754   (14)    3 :  0.012 0.860 0.127 
102 NS_SS0838    (5)    3 :  0.037 0.127 0.836 
103 NS_SS0839    (3)    3 :  0.003 0.010 0.987 
104 NS_SS0832    (4)    3 :  0.034 0.008 0.958 
105 NS_SS0820    (5)    3 :  0.005 0.010 0.986 
106 NS_SS0886    (9)    3 :  0.002 0.838 0.160 
107 NS_SS0748    (5)    3 :  0.008 0.618 0.374 
108 NS_SS0884    (9)    3 :  0.023 0.248 0.729 
109 NS_SS0752    (4)    3 :  0.002 0.369 0.629 
110 NS_SS0862    (1)    3 :  0.003 0.017 0.980 
111 NS_SS0787    (9)    3 :  0.007 0.975 0.018 
112 NS_SS0843    (6)    3 :  0.002 0.297 0.701 
113 NS_SS0856    (4)    3 :  0.003 0.035 0.962 
114 NS_SS0846    (2)    3 :  0.003 0.591 0.406 
115 NS_SS0825    (1)    3 :  0.009 0.097 0.895 
116 NS_SS0757    (3)    3 :  0.004 0.760 0.236 
117 NS_SS0876    (3)    3 :  0.202 0.026 0.772 
118 NS_SS0903   (10)    3 :  0.002 0.088 0.910 
119 NS_SS0875    (7)    3 :  0.003 0.085 0.912 
120 NS_SS0740    (5)    3 :  0.003 0.835 0.162 
121 NS_SS0811    (5)    3 :  0.008 0.029 0.963 
122 NS_SS0751    (1)    3 :  0.002 0.114 0.884 
123 NS_SS0891    (6)    3 :  0.004 0.027 0.969 
124 NS_SS0867    (2)    3 :  0.030 0.900 0.071 
125 NS_SS0890    (6)    3 :  0.003 0.810 0.187 
126 NS_SS0866   (12)    3 :  0.005 0.946 0.049 
127 NS_SS0755    (4)    3 :  0.007 0.504 0.489 
128 NS_SS0758    (4)    3 :  0.002 0.237 0.761 
129 NS_SS0840    (2)    3 :  0.002 0.009 0.990 
130 NS_SS0889    (4)    3 :  0.002 0.877 0.121 
131 NS_SS1010    (1)    3 :  0.036 0.155 0.809 
132 NS_SS0888    (5)    3 :  0.001 0.991 0.008 
133 NS_SS0837    (3)    3 :  0.002 0.240 0.757 
134 NS_SS0794   (10)    3 :  0.002 0.976 0.022 
135 NS_SS0823    (5)    3 :  0.004 0.027 0.970 
136 NS_SS0829    (7)    3 :  0.104 0.884 0.011 
137 NS_SS0844    (5)    3 :  0.002 0.013 0.985 
138 NS_SS1008    (6)    3 :  0.010 0.855 0.135 
139 NS_SS0881    (3)    3 :  0.002 0.798 0.199 
140 NS_SS0834    (6)    3 :  0.005 0.018 0.977 
141 NS_SS0744   (10)    3 :  0.007 0.532 0.461 
142 NS_SS0899    (7)    3 :  0.001 0.010 0.989 
143 NS_SS0804    (5)    3 :  0.003 0.008 0.989 
144 NS_SS0781   (10)    3 :  0.003 0.006 0.991 
145 NS_SS0822    (6)    3 :  0.002 0.932 0.066 
146 NS_SS1004    (4)    3 :  0.004 0.598 0.398 
147 NS_SS0746    (5)    3 :  0.014 0.698 0.288 
148 NS_SS0880    (3)    3 :  0.002 0.385 0.613 
149 NS_SS0879    (5)    3 :  0.011 0.052 0.937 
150 NS_SS0753    (2)    3 :  0.010 0.978 0.013 
151 NS_SS1007    (3)    3 :  0.002 0.370 0.628 
152 NS_SS0872    (5)    3 :  0.002 0.019 0.980 
153 NS_SS1005    (7)    3 :  0.001 0.028 0.971 
154 NS_SS0892    (6)    3 :  0.002 0.271 0.727 
155 NS_SS0898    (0)    3 :  0.005 0.866 0.129 
156 NS_SS0801    (9)    3 :  0.010 0.171 0.819 
157 NS_SS0827    (9)    3 :  0.115 0.528 0.357 
158 NS_SS0853    (7)    3 :  0.005 0.105 0.890 
159 NS_SS0780    (2)    3 :  0.004 0.033 0.964 
160 NS_SS0826   (10)    3 :  0.003 0.393 0.604 
161 NS_SS0818    (5)    3 :  0.001 0.091 0.908 
162 NS_SS0745    (1)    3 :  0.001 0.007 0.991 
163 NS_SS0849    (3)    3 :  0.002 0.126 0.873 
164 NS_SS0739    (3)    3 :  0.011 0.057 0.933 
165 NS_SS0799    (1)    3 :  0.001 0.980 0.019 
166 NS_SS0756    (3)    3 :  0.003 0.010 0.987 
167 NS_SS0802    (2)    3 :  0.210 0.478 0.312 
168 NS_SS0747    (6)    3 :  0.006 0.635 0.359 
169 NS_SS0835    (1)    3 :  0.001 0.978 0.021 
170 NS_SS0742   (19)    3 :  0.001 0.150 0.849 
171 NS_SS0760    (9)    3 :  0.041 0.940 0.019 
172 NS_SS0803    (4)    3 :  0.006 0.013 0.981 
173 NS_SS0828   (14)    3 :  0.001 0.937 0.061 
174 NS_SS0865    (2)    3 :  0.025 0.231 0.744 
175 NS_SS0759    (5)    3 :  0.004 0.018 0.978 
176 NS_SS0851    (5)    3 :  0.010 0.005 0.985 
177 NS_SS0874   (16)    3 :  0.001 0.033 0.966 
178 NS_SS0761    (6)    3 :  0.002 0.965 0.033 
179 NS_SS0842   (26)    3 :  0.008 0.819 0.173 
180 NS_SS0785    (6)    3 :  0.006 0.703 0.291 
181 NS_SS0860   (11)    3 :  0.002 0.952 0.045 
182 NS_SS0897    (7)    3 :  0.002 0.988 0.011 
183 NS_SS0841   (15)    3 :  0.003 0.022 0.975 
184 NS_SS0797    (7)    3 :  0.025 0.902 0.073 
185 NS_SS0830   (11)    3 :  0.002 0.714 0.284 
186 NS_SS1011    (5)    3 :  0.005 0.014 0.981 
187 NS_SS0883    (5)    3 :  0.007 0.827 0.167 
188 NS_SS0782    (2)    3 :  0.002 0.097 0.901 
189 NS_SS0831    (5)    3 :  0.003 0.969 0.028 
190 NS_SS0749    (7)    3 :  0.004 0.862 0.134 
191 NS_SS0854    (2)    3 :  0.003 0.863 0.134 
192 HI_SS0193    (0)    4 :  0.002 0.982 0.016 
193 HI_SS0194    (1)    4 :  0.002 0.037 0.961 
194 HI_SS0195   (10)    4 :  0.080 0.004 0.915 
195 HI_SS0196    (6)    4 :  0.003 0.482 0.515 
196 HI_SS0197    (3)    4 :  0.011 0.011 0.979 
197 HI_SS0198    (1)    4 :  0.009 0.321 0.670 
198 HI_SS0199    (1)    4 :  0.002 0.922 0.076 
199 HI_SS0201    (5)    4 :  0.002 0.988 0.010 
200 HI_SS0215    (1)    4 :  0.003 0.913 0.084 
201 HI_SS0218    (1)    4 :  0.005 0.988 0.007 
202 HI_SS0222    (0)    4 :  0.004 0.042 0.954 
203 HI_SS0230    (1)    4 :  0.005 0.036 0.959 
204 HI_SS0234    (2)    4 :  0.148 0.287 0.565 
205 HI_SS0240    (1)    4 :  0.007 0.197 0.796 
206 HI_SS0241    (0)    4 :  0.002 0.980 0.018 
207 HI_SS0242    (0)    4 :  0.003 0.622 0.375 
208 HI_SS0247    (0)    4 :  0.019 0.024 0.957 
209 HI_SS0248    (1)    4 :  0.001 0.993 0.006 
210 HI_SS0252    (2)    4 :  0.002 0.027 0.971 
211 HI_SS0254    (0)    4 :  0.080 0.909 0.011 
212 HI_SS0256    (0)    4 :  0.001 0.006 0.993 
213 HI_SS0257    (0)    4 :  0.003 0.979 0.019 
214 HI_SS0258    (1)    4 :  0.004 0.982 0.014 
215 HI_SS0259    (1)    4 :  0.002 0.056 0.941 
216 HI_SS0260    (1)    4 :  0.001 0.966 0.033 
217 HI_SS0261    (2)    4 :  0.003 0.958 0.039 
218 HI_SS0262    (0)    4 :  0.006 0.032 0.963 
219 HI_SS0264    (0)    4 :  0.003 0.014 0.983 
220 HI_SS0265    (0)    4 :  0.080 0.048 0.872 
221 HI_SS0268    (1)    4 :  0.002 0.059 0.939 
222 HI_SS0269    (0)    4 :  0.002 0.990 0.009 
223 HI_SS0273    (0)    4 :  0.002 0.972 0.027 
224 HI_SS0277    (1)    4 :  0.003 0.178 0.820 
225 HI_SS0280    (0)    4 :  0.005 0.458 0.536 
226 HI_SS0282    (1)    4 :  0.001 0.961 0.038 
227 HI_SS0286    (1)    4 :  0.008 0.572 0.420 
228 NS_SS1252    (3)    5 :  0.004 0.983 0.014 
229 NS_SS1261    (1)    5 :  0.014 0.082 0.904 
230 NS_SS1225   (10)    5 :  0.113 0.726 0.160 
231 NS_SS1266    (1)    5 :  0.007 0.007 0.987 
232 NS_SS1228    (0)    5 :  0.010 0.044 0.946 
233 NS_SS1255    (3)    5 :  0.001 0.159 0.840 
234 NS_SS1267    (3)    5 :  0.012 0.982 0.006 
235 NS_SS1238    (6)    5 :  0.002 0.236 0.762 
236 NS_SS1233    (8)    5 :  0.002 0.074 0.924 
237 NS_SS1277    (3)    5 :  0.001 0.986 0.013 
238 NS_SS1245    (1)    5 :  0.002 0.937 0.062 
239 NS_SS1240    (4)    5 :  0.002 0.983 0.015 
240 NS_SS1275    (2)    5 :  0.003 0.006 0.991 
241 NS_SS1235    (1)    5 :  0.006 0.545 0.449 
242 NS_SS1263    (1)    5 :  0.001 0.108 0.891 
243 NS_SS1251    (2)    5 :  0.001 0.153 0.846 
244 NS_SS1248    (0)    5 :  0.095 0.206 0.698 
245 NS_SS1244    (0)    5 :  0.005 0.863 0.132 
246 NS_SS1257    (1)    5 :  0.028 0.939 0.033 
247 NS_SS1242    (2)    5 :  0.002 0.006 0.992 
248 NS_SS1271    (6)    5 :  0.024 0.963 0.013 
249 NS_SS1265    (1)    5 :  0.020 0.635 0.345 
250 NS_SS1243    (0)    5 :  0.066 0.046 0.887 
251 NS_SS1273    (1)    5 :  0.008 0.011 0.982 
252 NS_SS1254   (14)    5 :  0.006 0.349 0.645 
253 NS_SS1224    (1)    5 :  0.006 0.018 0.976 
254 NS_SS1227    (8)    5 :  0.002 0.986 0.012 
255 NS_SS1274    (9)    5 :  0.018 0.936 0.047 
256 NS_SS1241    (1)    5 :  0.001 0.982 0.017 
257 NS_SS1256    (3)    5 :  0.038 0.251 0.711 
258 NS_SS1260    (8)    5 :  0.078 0.839 0.083 
259 NS_SS1262    (0)    5 :  0.181 0.761 0.059 
260 NS_SS1230    (0)    5 :  0.007 0.847 0.146 
261 NS_SS1270    (2)    5 :  0.002 0.052 0.946 
262 NS_SS1229    (2)    5 :  0.003 0.141 0.856 
263 NS_SS1246    (5)    5 :  0.003 0.940 0.058 
264 NS_SS1269    (0)    5 :  0.002 0.208 0.791 
265 NS_SS1239    (1)    5 :  0.004 0.119 0.876 
266 NS_SS1272    (5)    5 :  0.005 0.073 0.921 
267 NS_SS1268    (1)    5 :  0.002 0.235 0.763 
268 NS_SS1249    (1)    5 :  0.011 0.977 0.012 
269 HI_SS0559    (0)    6 :  0.002 0.884 0.114 
270 HI_SS0563    (1)    6 :  0.003 0.335 0.662 
271 HI_SS0564    (0)    6 :  0.050 0.197 0.753 
272 HI_SS0565    (0)    6 :  0.004 0.720 0.277 
273 HI_SS0569    (1)    6 :  0.002 0.983 0.015 
274 HI_SS0570    (0)    6 :  0.034 0.950 0.016 
275 HI_SS0572    (1)    6 :  0.002 0.047 0.951 
276 HI_SS0576    (1)    6 :  0.006 0.094 0.901 
277 HI_SS0579    (1)    6 :  0.016 0.939 0.044 
278 HI_SS0580    (1)    6 :  0.004 0.706 0.289 
279 HI_SS0581    (0)    6 :  0.050 0.014 0.936 
280 HI_SS0583    (1)    6 :  0.002 0.606 0.391 
281 HI_SS0586    (1)    6 :  0.001 0.986 0.013 
282 HI_SS0588    (1)    6 :  0.017 0.938 0.044 
283 HI_SS0595    (4)    6 :  0.022 0.903 0.075 
284 HI_SS0596    (0)    6 :  0.002 0.017 0.981 
285 HI_SS0597    (1)    6 :  0.002 0.010 0.988 
286 HI_SS0600    (0)    6 :  0.003 0.628 0.369 
287 HI_SS0601    (1)    6 :  0.013 0.895 0.093 
288 HI_SS0602    (1)    6 :  0.002 0.865 0.133 
289 HI_SS0604    (0)    6 :  0.002 0.266 0.732 
290 HI_SS0605    (1)    6 :  0.008 0.727 0.265 
291 HI_SS0608    (0)    6 :  0.001 0.782 0.217 
292 HI_SS0609    (0)    6 :  0.001 0.039 0.960 
293 HI_SS0611    (5)    6 :  0.003 0.945 0.052 
294 HI_SS0612    (0)    6 :  0.008 0.784 0.209 
295 HI_SS0613    (1)    6 :  0.001 0.152 0.847 
296 HI_SS0615    (1)    6 :  0.008 0.038 0.954 
297 HI_SS0001    (1)    6 :  0.004 0.789 0.207 
298 HI_SS0002    (1)    6 :  0.019 0.035 0.946 
299 HI_SS0004    (0)    6 :  0.005 0.853 0.142 
300 HI_SS0005    (1)    6 :  0.006 0.254 0.740 
301 HI_SS0006    (1)    6 :  0.002 0.499 0.499 
302 HI_SS0007    (1)    6 :  0.002 0.984 0.013 
303 HI_SS0008    (0)    6 :  0.040 0.712 0.247 
304 HI_SS0009    (0)    6 :  0.004 0.094 0.902 
305 HI_SS0010    (1)    6 :  0.003 0.958 0.039 
306 HI_SS0011    (1)    6 :  0.077 0.058 0.865 
307 HI_SS0012    (0)    6 :  0.005 0.038 0.957 
308 HI_SS0017    (1)    6 :  0.002 0.033 0.965 
309 HI_SS0021    (1)    6 :  0.243 0.435 0.322 
310 HI_SS0024    (1)    6 :  0.002 0.029 0.969 
311 HI_SS0025    (1)    6 :  0.003 0.021 0.977 
312 HI_SS0027    (0)    6 :  0.011 0.980 0.009 
313 HI_SS0028    (0)    6 :  0.002 0.009 0.989 
314 HI_SS0029    (1)    6 :  0.006 0.061 0.933 
315 HI_SS0030    (2)    6 :  0.005 0.974 0.021 
316 HI_SS0031    (0)    6 :  0.003 0.662 0.335 
317 HI_SS0034    (0)    6 :  0.004 0.986 0.010 
318 HI_SS0036    (0)    6 :  0.011 0.976 0.013 
319 HI_SS0037    (1)    6 :  0.004 0.700 0.296 
320 HI_SS0039    (0)    6 :  0.003 0.958 0.039 
321 HI_SS0041    (1)    6 :  0.002 0.014 0.984 
322 HI_SS0042    (1)    6 :  0.120 0.078 0.802 
323 HI_SS0043    (1)    6 :  0.002 0.991 0.007 
324 HI_SS0044    (1)    6 :  0.002 0.225 0.773 
325 HI_SS0047    (1)    6 :  0.002 0.111 0.887 
326 HI_SS0049    (1)    6 :  0.003 0.137 0.859 
327 HI_SS0051    (1)    6 :  0.002 0.180 0.818 
328 HI_SS0053    (1)    6 :  0.004 0.988 0.009 
329 HI_SS0054    (4)    6 :  0.003 0.989 0.008 
330 HI_SS0057    (0)    6 :  0.003 0.544 0.453 
331 HI_SS0058    (0)    6 :  0.006 0.694 0.300 
332 HI_SS0060    (0)    6 :  0.094 0.826 0.080 
333 HI_SS0087    (1)    6 :  0.002 0.404 0.594 
334 HI_SS0091    (1)    6 :  0.001 0.982 0.016 
335 HI_SS0095    (1)    6 :  0.066 0.742 0.192 
336 HI_SS0097    (3)    6 :  0.004 0.380 0.615 
337 HI_SS0099    (1)    6 :  0.003 0.017 0.980 
338 HI_SS0103    (0)    6 :  0.003 0.098 0.900 
339 HI_SS0105    (1)    6 :  0.023 0.066 0.911 
340 HI_SS0107    (1)    6 :  0.001 0.014 0.985 
341 HI_SS0108    (1)    6 :  0.019 0.974 0.006 
342 HI_SS0110    (0)    6 :  0.001 0.713 0.286 
343 HI_SS0111    (1)    6 :  0.020 0.067 0.914 
344 HI_SS0112    (0)    6 :  0.001 0.993 0.006 
345 HI_SS0113    (1)    6 :  0.003 0.008 0.990 
346 HI_SS0114    (1)    6 :  0.005 0.960 0.035 
347 HI_SS0115    (1)    6 :  0.017 0.623 0.360 
348 HI_SS0116    (4)    6 :  0.003 0.903 0.094 
349 HI_SS0117    (0)    6 :  0.002 0.907 0.091 
350 HI_SS0118    (0)    6 :  0.012 0.636 0.352 
351 HI_SS0119    (1)    6 :  0.002 0.967 0.031 
352 HI_SS0120    (1)    6 :  0.003 0.009 0.989 
353 HI_SS0121    (0)    6 :  0.001 0.011 0.988 
354 HI_SS0122    (2)    6 :  0.019 0.085 0.896 
355 HI_SS0123    (0)    6 :  0.004 0.225 0.771 
356 HI_SS0124    (1)    6 :  0.002 0.016 0.982 
357 HI_SS0125    (1)    6 :  0.037 0.029 0.934 
358 HI_SS0126    (0)    6 :  0.001 0.991 0.008 
359 HI_SS0127    (0)    6 :  0.010 0.814 0.176 
360 HI_SS0128    (0)    6 :  0.003 0.438 0.559 
361 HI_SS0129    (1)    6 :  0.011 0.582 0.408 
362 HI_SS0131    (2)    6 :  0.036 0.513 0.451 
363 HI_SS0132    (0)    6 :  0.001 0.704 0.295 
364 HI_SS0133    (1)    6 :  0.001 0.994 0.005 
365 HI_SS0134    (1)    6 :  0.002 0.700 0.299 
366 HI_SS0142    (3)    6 :  0.015 0.080 0.905 
367 HI_SS0145    (0)    6 :  0.001 0.885 0.114 
368 HI_SS0146    (1)    6 :  0.001 0.975 0.024 
369 HI_SS0147    (1)    6 :  0.015 0.007 0.977 
370 HI_SS0149    (1)    6 :  0.005 0.496 0.500 
371 HI_SS0150    (2)    6 :  0.004 0.027 0.970 
372 HI_SS0151    (0)    6 :  0.013 0.756 0.230 
373 NS_SS1451    (1)    6 :  0.003 0.012 0.985 
374 NS_SS1404    (0)    6 :  0.008 0.021 0.971 
375 NS_SS1432    (2)    6 :  0.029 0.009 0.962 
376 NS_SS1405    (5)    6 :  0.003 0.100 0.898 
377 NS_SS1431   (10)    6 :  0.001 0.025 0.974 
378 NS_SS1402    (3)    6 :  0.002 0.135 0.863 
379 NS_SS1450    (3)    6 :  0.004 0.880 0.116 
380 NS_SS1396    (0)    6 :  0.004 0.034 0.962 
381 NS_SS1393    (5)    6 :  0.003 0.321 0.675 
382 NS_SS1392   (10)    6 :  0.016 0.065 0.919 
383 NS_SS1445    (0)    6 :  0.010 0.911 0.079 
384 NS_SS1423    (0)    6 :  0.001 0.954 0.045 
385 NS_SS1421    (9)    6 :  0.098 0.788 0.114 
386 NS_SS1411    (6)    6 :  0.002 0.952 0.046 
387 NS_SS1453    (6)    6 :  0.006 0.769 0.225 
388 NS_SS1442    (3)    6 :  0.004 0.251 0.745 
389 NS_SS1422    (1)    6 :  0.010 0.733 0.257 
390 NS_SS1419    (1)    6 :  0.158 0.083 0.758 
391 NS_SS1427    (0)    6 :  0.002 0.993 0.006 
392 NS_SS1444    (4)    6 :  0.003 0.021 0.976 
393 NS_SS1455    (0)    6 :  0.001 0.010 0.988 
394 NS_SS1425    (2)    6 :  0.001 0.990 0.009 
395 NS_SS1400    (0)    6 :  0.001 0.955 0.043 
396 NS_SS1406    (2)    6 :  0.009 0.015 0.976 
397 NS_SS1417    (6)    6 :  0.006 0.155 0.839 
398 NS_SS1454    (3)    6 :  0.001 0.456 0.543 
399 NS_SS1412    (1)    6 :  0.026 0.630 0.345 
400 NS_SS1438    (1)    6 :  0.001 0.980 0.019 
401 NS_SS1416    (4)    6 :  0.006 0.012 0.983 
402 NS_SS1401    (0)    6 :  0.010 0.076 0.914 
403 NS_SS1424    (6)    6 :  0.012 0.720 0.267 
404 NS_SS1435   (10)    6 :  0.003 0.778 0.220 
405 NS_SS1447    (4)    6 :  0.005 0.012 0.983 
406 NS_SS1414    (3)    6 :  0.006 0.015 0.979 
407 NS_SS1449   (14)    6 :  0.004 0.487 0.509 
408 NS_SS1443    (4)    6 :  0.002 0.992 0.006 
409 NS_SS1434    (1)    6 :  0.001 0.852 0.147 
410 NS_SS1398    (1)    6 :  0.023 0.498 0.479 
411 NS_SS1426    (1)    6 :  0.002 0.986 0.012 
412 NS_SS1413    (0)    6 :  0.009 0.982 0.009 
413 NS_SS1395    (1)    6 :  0.011 0.965 0.024 
414 NS_SS1448   (10)    6 :  0.002 0.882 0.117 
415 NS_SS1446    (0)    6 :  0.003 0.273 0.724 
416 NS_SS1403    (2)    6 :  0.006 0.254 0.741 
417 NS_SS1415    (0)    6 :  0.009 0.981 0.011 
418 NS_SS1437    (4)    6 :  0.007 0.264 0.729 
419 NS_SS1439    (2)    6 :  0.003 0.104 0.894 
420 NS_SS1441    (3)    6 :  0.002 0.965 0.034 
421 NS_SS1420    (2)    6 :  0.002 0.009 0.988 
422 NS_SS1394    (2)    6 :  0.032 0.045 0.924 
423 NS_SS1391    (7)    6 :  0.014 0.846 0.141 
424 NS_SS1410    (5)    6 :  0.013 0.336 0.651 
425 NS_SS1408    (1)    6 :  0.060 0.517 0.423 
426 NS_SS1409    (1)    6 :  0.003 0.297 0.701 
427 HI_SS0617    (1)    7 :  0.001 0.496 0.502 
428 HI_SS0618    (2)    7 :  0.002 0.088 0.909 
429 HI_SS0619    (0)    7 :  0.003 0.206 0.792 
430 HI_SS0620    (1)    7 :  0.002 0.990 0.007 
431 HI_SS0621    (3)    7 :  0.011 0.048 0.940 
432 HI_SS0622    (1)    7 :  0.011 0.554 0.435 
433 HI_SS0626    (0)    7 :  0.007 0.226 0.766 
434 HI_SS0627    (0)    7 :  0.006 0.014 0.980 
435 HI_SS0628    (3)    7 :  0.052 0.326 0.622 
436 HI_SS0629    (1)    7 :  0.005 0.510 0.484 
437 HI_SS0630    (1)    7 :  0.052 0.828 0.120 
438 HI_SS0631    (0)    7 :  0.001 0.981 0.018 
439 HI_SS0632    (0)    7 :  0.003 0.401 0.596 
440 HI_SS0633    (0)    7 :  0.002 0.011 0.987 
441 HI_SS0634    (1)    7 :  0.002 0.188 0.810 
442 HI_SS0635    (0)    7 :  0.008 0.059 0.933 
443 HI_SS0637    (1)    7 :  0.003 0.166 0.832 
444 HI_SS0638    (0)    7 :  0.001 0.536 0.463 
445 HI_SS0639    (1)    7 :  0.034 0.016 0.951 
446 HI_SS0640    (1)    7 :  0.002 0.930 0.068 
447 HI_SS0641    (1)    7 :  0.005 0.909 0.086 
448 HI_SS0642    (0)    7 :  0.002 0.518 0.480 
449 HI_SS0645    (0)    7 :  0.001 0.014 0.985 
450 HI_SS0646    (1)    7 :  0.003 0.585 0.412 
451 HI_SS0647    (1)    7 :  0.001 0.622 0.377 
452 HI_SS0648    (0)    7 :  0.003 0.775 0.221 
453 HI_SS0649    (1)    7 :  0.002 0.144 0.854 
454 HI_SS0650    (1)    7 :  0.003 0.066 0.931 
455 HI_SS0651    (1)    7 :  0.004 0.830 0.166 
456 HI_SS0652    (1)    7 :  0.003 0.021 0.976 
457 NS_SS1371    (3)    7 :  0.006 0.963 0.031 
458 NS_SS1374    (0)    7 :  0.002 0.885 0.113 
459 NS_SS1337    (3)    7 :  0.003 0.016 0.981 
460 NS_SS1385    (5)    7 :  0.005 0.373 0.622 
461 NS_SS1388    (0)    7 :  0.005 0.049 0.946 
462 NS_SS1370    (1)    7 :  0.008 0.131 0.860 
463 NS_SS1389    (3)    7 :  0.003 0.029 0.968 
464 NS_SS1360    (1)    7 :  0.004 0.953 0.043 
465 NS_SS1330    (0)    7 :  0.003 0.017 0.980 
466 NS_SS1328    (9)    7 :  0.002 0.967 0.031 
467 NS_SS1384    (1)    7 :  0.004 0.940 0.056 
468 NS_SS1381    (0)    7 :  0.001 0.036 0.963 
469 NS_SS1375    (1)    7 :  0.001 0.045 0.954 
470 NS_SS1319   (11)    7 :  0.107 0.507 0.386 
471 NS_SS1326    (2)    7 :  0.010 0.949 0.041 
472 NS_SS1341    (1)    7 :  0.005 0.574 0.422 
473 NS_SS1383    (2)    7 :  0.005 0.577 0.418 
474 NS_SS1318    (3)    7 :  0.014 0.085 0.901 
475 NS_SS1348    (2)    7 :  0.001 0.991 0.008 
476 NS_SS1363    (0)    7 :  0.004 0.096 0.899 
477 NS_SS1335    (4)    7 :  0.027 0.960 0.013 
478 NS_SS1358    (0)    7 :  0.016 0.875 0.109 
479 NS_SS1342    (1)    7 :  0.001 0.929 0.070 
480 NS_SS1320    (3)    7 :  0.005 0.007 0.988 
481 NS_SS1355    (1)    7 :  0.010 0.022 0.968 
482 NS_SS1345    (1)    7 :  0.016 0.422 0.562 
483 NS_SS1324    (0)    7 :  0.002 0.920 0.078 
484 NS_SS1347    (5)    7 :  0.004 0.950 0.046 
485 NS_SS1321    (4)    7 :  0.001 0.706 0.293 
486 NS_SS1333    (0)    7 :  0.003 0.663 0.334 
487 NS_SS1364    (1)    7 :  0.002 0.946 0.052 
488 NS_SS1379    (0)    7 :  0.044 0.104 0.852 
489 NS_SS1332    (0)    7 :  0.005 0.987 0.008 
490 NS_SS1338    (5)    7 :  0.008 0.823 0.169 
491 NS_SS1368    (6)    7 :  0.004 0.880 0.116 
492 NS_SS1354    (1)    7 :  0.010 0.048 0.942 
493 NS_SS1365    (0)    7 :  0.008 0.127 0.865 
494 NS_SS1380    (1)    7 :  0.016 0.015 0.969 
495 NS_SS1329    (8)    7 :  0.003 0.897 0.100 
496 NS_SS1362    (0)    7 :  0.004 0.522 0.474 
497 NS_SS1327    (2)    7 :  0.003 0.993 0.004 
498 NS_SS1350    (0)    7 :  0.010 0.873 0.117 
499 NS_SS1387    (2)    7 :  0.002 0.028 0.969 
500 NS_SS1369    (8)    7 :  0.004 0.958 0.038 
501 NS_SS1331    (1)    7 :  0.008 0.103 0.890 
502 NS_SS1357    (5)    7 :  0.004 0.716 0.280 
503 NS_SS1386    (1)    7 :  0.002 0.992 0.005 
504 NS_SS1353    (2)    7 :  0.003 0.115 0.882 
505 NS_SS1323    (0)    7 :  0.068 0.078 0.853 
506 HI_SS0296    (0)    8 :  0.002 0.973 0.025 
507 HI_SS0297    (0)    8 :  0.001 0.626 0.374 
508 HI_SS0299    (0)    8 :  0.035 0.478 0.487 
509 HI_SS0300    (0)    8 :  0.001 0.783 0.216 
510 HI_SS0301    (0)    8 :  0.004 0.359 0.637 
511 HI_SS0302    (0)    8 :  0.019 0.958 0.022 
512 HI_SS0303    (0)    8 :  0.006 0.979 0.015 
513 HI_SS0304    (0)    8 :  0.002 0.027 0.971 
514 HI_SS0306    (5)    8 :  0.003 0.990 0.007 
515 HI_SS0307    (1)    8 :  0.007 0.017 0.977 
516 HI_SS0308    (1)    8 :  0.083 0.438 0.478 
517 HI_SS0309    (0)    8 :  0.003 0.130 0.867 
518 HI_SS0310    (0)    8 :  0.007 0.282 0.711 
519 HI_SS0311    (4)    8 :  0.002 0.253 0.745 
520 HI_SS0314    (0)    8 :  0.002 0.771 0.228 
521 HI_SS0316    (1)    8 :  0.004 0.883 0.113 
522 HI_SS0317    (3)    8 :  0.002 0.266 0.732 
523 HI_SS0318    (1)    8 :  0.198 0.779 0.023 
524 HI_SS0319    (0)    8 :  0.004 0.990 0.006 
525 HI_SS0320    (3)    8 :  0.001 0.013 0.986 
526 HI_SS0321    (0)    8 :  0.002 0.933 0.065 
527 HI_SS0323    (1)    8 :  0.002 0.481 0.517 
528 HI_SS0325    (2)    8 :  0.002 0.930 0.068 
529 HI_SS0327    (1)    8 :  0.001 0.989 0.009 
530 HI_SS0329    (1)    8 :  0.001 0.082 0.917 
531 HI_SS0333    (1)    8 :  0.002 0.154 0.844 
532 HI_SS0334    (1)    8 :  0.001 0.978 0.020 
533 HI_SS0335    (1)    8 :  0.018 0.063 0.919 
534 HI_SS0339    (0)    8 :  0.009 0.042 0.948 
535 HI_SS0343    (2)    8 :  0.002 0.141 0.857 
536 HI_SS0344    (1)    8 :  0.003 0.992 0.006 
537 HI_SS0345    (3)    8 :  0.006 0.101 0.893 
538 HI_SS0346    (0)    8 :  0.004 0.198 0.798 
539 HI_SS0350    (1)    8 :  0.008 0.008 0.984 
540 HI_SS0351    (0)    8 :  0.003 0.257 0.740 
541 HI_SS0352    (3)    8 :  0.090 0.024 0.886 
542 HI_SS0362    (0)    8 :  0.002 0.912 0.086 
543 HI_SS0363    (1)    8 :  0.004 0.982 0.014 
544 HI_SS0365    (0)    8 :  0.005 0.938 0.057 
545 HI_SS0366    (0)    8 :  0.001 0.977 0.021 
546 HI_SS0367    (1)    8 :  0.002 0.007 0.991 
547 HI_SS0369    (1)    8 :  0.002 0.016 0.982 
548 HI_SS0370    (0)    8 :  0.003 0.818 0.178 
549 HI_SS0371    (4)    8 :  0.004 0.937 0.059 
550 HI_SS0373    (3)    8 :  0.011 0.361 0.628 
551 HI_SS0374    (0)    8 :  0.021 0.019 0.959 
552 HI_SS0377    (0)    8 :  0.081 0.863 0.056 
553 HI_SS0379    (1)    8 :  0.001 0.995 0.004 
554 HI_SS0380    (1)    8 :  0.006 0.041 0.953 
555 HI_SS0381    (2)    8 :  0.003 0.017 0.980 
556 HI_SS0384    (3)    8 :  0.008 0.815 0.177 
557 HI_SS0385    (1)    8 :  0.001 0.562 0.436 
558 HI_SS0386    (0)    9 :  0.997 0.002 0.001 
559 HI_SS0387    (0)    9 :  0.973 0.014 0.013 
560 HI_SS0389    (2)    9 :  0.994 0.003 0.003 
561 HI_SS0390    (2)    9 :  0.997 0.002 0.002 
562 HI_SS0391    (3)    9 :  0.995 0.002 0.003 
563 HI_SS0392    (0)    9 :  0.997 0.002 0.001 
564 HI_SS0393    (2)    9 :  0.997 0.002 0.001 
565 HI_SS0394    (2)    9 :  0.997 0.001 0.001 
566 HI_SS0395    (2)    9 :  0.994 0.003 0.004 
567 HI_SS0396    (2)    9 :  0.983 0.008 0.010 
568 HI_SS0398    (2)    9 :  0.991 0.005 0.005 
569 HI_SS0399    (2)    9 :  0.998 0.001 0.001 
570 HI_SS0400    (3)    9 :  0.996 0.002 0.002 
571 HI_SS0401    (5)    9 :  0.997 0.002 0.001 
572 HI_SS0402    (0)    9 :  0.998 0.001 0.001 
573 HI_SS0403    (0)    9 :  0.997 0.001 0.001 
574 HI_SS0404    (2)    9 :  0.998 0.001 0.001 
575 HI_SS0405    (2)    9 :  0.965 0.017 0.019 
576 HI_SS0406    (2)    9 :  0.996 0.002 0.002 
577 HI_SS0407    (0)    9 :  0.985 0.006 0.008 
578 HI_SS0408    (0)    9 :  0.998 0.001 0.001 
579 HI_SS0409    (2)    9 :  0.994 0.003 0.003 
580 HI_SS0411    (2)    9 :  0.995 0.003 0.002 
581 HI_SS0412   (11)    9 :  0.821 0.078 0.100 
582 HI_SS0413    (0)    9 :  0.996 0.002 0.002 
583 HI_SS0414    (2)    9 :  0.965 0.013 0.022 
584 HI_SS0415    (2)    9 :  0.996 0.002 0.002 
585 HI_SS0416    (2)    9 :  0.994 0.003 0.003 
586 HI_SS0418    (2)    9 :  0.991 0.005 0.004 
587 HI_SS0419    (3)    9 :  0.994 0.002 0.004 
588 HI_SS0420    (0)    9 :  0.996 0.002 0.002 
589 HI_SS0421    (4)    9 :  0.992 0.004 0.004 
590 HI_SS0422    (3)    9 :  0.997 0.001 0.001 
591 HI_SS0423    (2)    9 :  0.992 0.004 0.004 
592 HI_SS0424    (1)    9 :  0.997 0.001 0.002 
593 HI_SS0425    (0)    9 :  0.994 0.002 0.004 
594 NS_SS1146    (3)   10 :  0.996 0.003 0.002 
595 NS_SS1157    (1)   10 :  0.989 0.005 0.006 
596 NS_SS1144    (7)   10 :  0.958 0.025 0.017 
597 NS_SS1074    (3)   10 :  0.994 0.003 0.003 
598 NS_SS1122    (0)   10 :  0.991 0.005 0.004 
599 NS_SS1136    (2)   10 :  0.998 0.001 0.001 
600 NS_SS1077    (4)   10 :  0.999 0.001 0.001 
601 NS_SS1134    (2)   10 :  0.980 0.009 0.010 
602 NS_SS1091    (1)   10 :  0.996 0.002 0.002 
603 NS_SS1089   (10)   10 :  0.995 0.003 0.002 
604 NS_SS1123    (2)   10 :  0.997 0.001 0.001 
605 NS_SS1158    (3)   10 :  0.998 0.001 0.001 
606 NS_SS1093    (3)   10 :  0.995 0.002 0.002 
607 NS_SS1102    (5)   10 :  0.990 0.005 0.006 
608 NS_SS1056    (0)   10 :  0.997 0.002 0.002 
609 NS_SS1126    (2)   10 :  0.995 0.003 0.002 
610 NS_SS1058   (15)   10 :  0.993 0.004 0.004 
611 NS_SS1084    (2)   10 :  0.997 0.001 0.001 
612 NS_SS1095    (3)   10 :  0.989 0.007 0.005 
613 NS_SS1079    (3)   10 :  0.997 0.001 0.002 
614 NS_SS1149    (0)   10 :  0.995 0.002 0.003 
615 NS_SS1121    (0)   10 :  0.997 0.001 0.002 
616 NS_SS1067    (0)   10 :  0.990 0.004 0.005 
617 NS_SS1081    (2)   10 :  0.995 0.002 0.003 
618 NS_SS1130    (0)   10 :  0.994 0.002 0.003 
619 NS_SS1073    (2)   10 :  0.995 0.002 0.003 
620 NS_SS1133    (2)   10 :  0.986 0.004 0.011 
621 NS_SS1129    (2)   10 :  0.998 0.001 0.001 
622 NS_SS1085    (1)   10 :  0.996 0.002 0.002 
623 NS_SS1137    (2)   10 :  0.992 0.004 0.004 
624 NS_SS1135    (3)   10 :  0.998 0.001 0.001 
625 NS_SS1082    (3)   10 :  0.997 0.001 0.001 
626 NS_SS1125    (3)   10 :  0.997 0.001 0.002 
627 NS_SS1124    (2)   10 :  0.988 0.005 0.007 
628 NS_SS1155    (0)   10 :  0.985 0.009 0.006 
629 NS_SS1145    (2)   10 :  0.997 0.002 0.002 


Estimated Allele Frequencies in each cluster
First column gives estimated ancestral frequencies


Locus 1 : 
2 alleles
3.3% missing data
   1   (0.737) 0.730 0.738 0.738 
   2   (0.263) 0.270 0.262 0.262 

Locus 2 : 
2 alleles
4.6% missing data
   1   (0.885) 0.820 0.892 0.885 
   2   (0.115) 0.180 0.108 0.115 

Locus 3 : 
2 alleles
4.9% missing data
   1   (0.788) 0.809 0.773 0.794 
   2   (0.212) 0.191 0.227 0.206 

Locus 4 : 
2 alleles
4.6% missing data
   1   (0.864) 0.870 0.872 0.862 
   2   (0.136) 0.130 0.128 0.138 

Locus 5 : 
2 alleles
2.5% missing data
   1   (0.892) 0.929 0.895 0.891 
   2   (0.108) 0.071 0.105 0.109 

Locus 6 : 
2 alleles
2.7% missing data
   1   (0.826) 0.763 0.815 0.832 
   2   (0.174) 0.237 0.185 0.168 

Locus 7 : 
2 alleles
3.0% missing data
   1   (0.793) 0.756 0.791 0.795 
   2   (0.207) 0.244 0.209 0.205 

Locus 8 : 
2 alleles
4.8% missing data
   1   (0.728) 0.794 0.728 0.727 
   2   (0.272) 0.206 0.272 0.273 

Locus 9 : 
2 alleles
3.7% missing data
   1   (0.808) 0.810 0.804 0.811 
   2   (0.192) 0.190 0.196 0.189 

Locus 10 : 
2 alleles
4.8% missing data
   1   (0.711) 0.798 0.702 0.713 
   2   (0.289) 0.202 0.298 0.287 

Locus 11 : 
2 alleles
3.2% missing data
   1   (0.798) 0.783 0.782 0.805 
   2   (0.202) 0.217 0.218 0.195 

Locus 12 : 
2 alleles
4.9% missing data
   1   (0.893) 0.907 0.894 0.893 
   2   (0.107) 0.093 0.106 0.107 

Locus 13 : 
2 alleles
3.2% missing data
   1   (0.868) 0.916 0.865 0.868 
   2   (0.132) 0.084 0.135 0.132 

Locus 14 : 
2 alleles
4.6% missing data
   1   (0.732) 0.683 0.733 0.733 
   2   (0.268) 0.317 0.267 0.267 

Locus 15 : 
2 alleles
4.6% missing data
   1   (0.891) 0.918 0.892 0.891 
   2   (0.109) 0.082 0.108 0.109 

Locus 16 : 
2 alleles
3.8% missing data
   1   (0.886) 0.964 0.878 0.887 
   2   (0.114) 0.036 0.122 0.113 

Locus 17 : 
2 alleles
4.1% missing data
   1   (0.509) 0.645 0.508 0.506 
   2   (0.491) 0.355 0.492 0.494 

Locus 18 : 
2 alleles
4.1% missing data
   1   (0.612) 0.574 0.594 0.620 
   2   (0.388) 0.426 0.406 0.380 

Locus 19 : 
2 alleles
4.1% missing data
   1   (0.773) 0.637 0.773 0.777 
   2   (0.227) 0.363 0.227 0.223 

Locus 20 : 
2 alleles
2.2% missing data
   1   (0.897) 0.894 0.900 0.897 
   2   (0.103) 0.106 0.100 0.103 

Locus 21 : 
2 alleles
4.5% missing data
   1   (0.711) 0.601 0.708 0.714 
   2   (0.289) 0.399 0.292 0.286 

Locus 22 : 
2 alleles
3.0% missing data
   1   (0.886) 0.913 0.886 0.887 
   2   (0.114) 0.087 0.114 0.113 

Locus 23 : 
2 alleles
3.8% missing data
   1   (0.563) 0.578 0.546 0.568 
   2   (0.437) 0.422 0.454 0.432 

Locus 24 : 
2 alleles
4.9% missing data
   1   (0.861) 0.890 0.855 0.863 
   2   (0.139) 0.110 0.145 0.137 

Locus 25 : 
2 alleles
4.3% missing data
   1   (0.886) 0.877 0.881 0.889 
   2   (0.114) 0.123 0.119 0.111 

Locus 26 : 
2 alleles
3.0% missing data
   1   (0.545) 0.578 0.539 0.546 
   2   (0.455) 0.422 0.461 0.454 

Locus 27 : 
2 alleles
4.0% missing data
   2   (0.467) 0.416 0.478 0.464 
   1   (0.533) 0.584 0.522 0.536 

Locus 28 : 
2 alleles
4.0% missing data
   1   (0.841) 0.870 0.852 0.838 
   2   (0.159) 0.130 0.148 0.162 

Locus 29 : 
2 alleles
1.9% missing data
   1   (0.604) 0.699 0.607 0.600 
   2   (0.396) 0.301 0.393 0.400 

Locus 30 : 
2 alleles
4.6% missing data
   1   (0.864) 0.854 0.868 0.864 
   2   (0.136) 0.146 0.132 0.136 

Locus 31 : 
2 alleles
1.9% missing data
   1   (0.885) 0.905 0.883 0.887 
   2   (0.115) 0.095 0.117 0.113 

Locus 32 : 
2 alleles
4.3% missing data
   1   (0.867) 0.784 0.873 0.867 
   2   (0.133) 0.216 0.127 0.133 

Locus 33 : 
2 alleles
4.3% missing data
   1   (0.789) 0.761 0.795 0.788 
   2   (0.211) 0.239 0.205 0.212 

Locus 34 : 
2 alleles
2.2% missing data
   1   (0.736) 0.726 0.743 0.734 
   2   (0.264) 0.274 0.257 0.266 

Locus 35 : 
2 alleles
3.8% missing data
   1   (0.766) 0.781 0.760 0.768 
   2   (0.234) 0.219 0.240 0.232 

Locus 36 : 
2 alleles
3.3% missing data
   1   (0.811) 0.782 0.816 0.811 
   2   (0.189) 0.218 0.184 0.189 

Locus 37 : 
2 alleles
3.8% missing data
   1   (0.864) 0.643 0.878 0.864 
   2   (0.136) 0.357 0.122 0.136 

Locus 38 : 
2 alleles
4.9% missing data
   1   (0.801) 0.774 0.790 0.806 
   2   (0.199) 0.226 0.210 0.194 

Locus 39 : 
2 alleles
4.9% missing data
   1   (0.745) 0.779 0.739 0.747 
   2   (0.255) 0.221 0.261 0.253 

Locus 40 : 
2 alleles
2.7% missing data
   1   (0.758) 0.723 0.760 0.759 
   2   (0.242) 0.277 0.240 0.241 

Locus 41 : 
2 alleles
2.2% missing data
   1   (0.743) 0.759 0.744 0.744 
   2   (0.257) 0.241 0.256 0.256 

Locus 42 : 
2 alleles
4.9% missing data
   1   (0.769) 0.793 0.756 0.774 
   2   (0.231) 0.207 0.244 0.226 

Locus 43 : 
2 alleles
1.7% missing data
   1   (0.877) 0.918 0.865 0.881 
   2   (0.123) 0.082 0.135 0.119 

Locus 44 : 
2 alleles
3.7% missing data
   1   (0.703) 0.746 0.717 0.698 
   2   (0.297) 0.254 0.283 0.302 

Locus 45 : 
2 alleles
3.7% missing data
   1   (0.573) 0.487 0.564 0.578 
   2   (0.427) 0.513 0.436 0.422 

Locus 46 : 
2 alleles
3.8% missing data
   1   (0.882) 0.855 0.888 0.881 
   2   (0.118) 0.145 0.112 0.119 

Locus 47 : 
2 alleles
4.0% missing data
   2   (0.241) 0.235 0.215 0.250 
   1   (0.759) 0.765 0.785 0.750 

Locus 48 : 
2 alleles
2.1% missing data
   1   (0.822) 0.766 0.818 0.825 
   2   (0.178) 0.234 0.182 0.175 

Locus 49 : 
2 alleles
4.9% missing data
   1   (0.589) 0.700 0.578 0.590 
   2   (0.411) 0.300 0.422 0.410 

Locus 50 : 
2 alleles
3.5% missing data
   1   (0.871) 0.864 0.879 0.870 
   2   (0.129) 0.136 0.121 0.130 

Locus 51 : 
2 alleles
2.9% missing data
   1   (0.778) 0.785 0.785 0.776 
   2   (0.222) 0.215 0.215 0.224 

Locus 52 : 
2 alleles
4.1% missing data
   1   (0.888) 0.874 0.891 0.889 
   2   (0.112) 0.126 0.109 0.111 

Locus 53 : 
2 alleles
4.8% missing data
   1   (0.850) 0.863 0.849 0.851 
   2   (0.150) 0.137 0.151 0.149 

Locus 54 : 
2 alleles
4.1% missing data
   1   (0.818) 0.900 0.825 0.814 
   2   (0.182) 0.100 0.175 0.186 

Locus 55 : 
2 alleles
4.3% missing data
   1   (0.823) 0.883 0.819 0.824 
   2   (0.177) 0.117 0.181 0.176 

Locus 56 : 
2 alleles
3.7% missing data
   1   (0.658) 0.612 0.654 0.661 
   2   (0.342) 0.388 0.346 0.339 

Locus 57 : 
2 alleles
1.4% missing data
   1   (0.602) 0.569 0.599 0.603 
   2   (0.398) 0.431 0.401 0.397 

Locus 58 : 
2 alleles
3.8% missing data
   1   (0.660) 0.709 0.663 0.658 
   2   (0.340) 0.291 0.337 0.342 

Locus 59 : 
2 alleles
4.3% missing data
   1   (0.854) 0.864 0.849 0.857 
   2   (0.146) 0.136 0.151 0.143 

Locus 60 : 
2 alleles
4.0% missing data
   1   (0.870) 0.939 0.871 0.868 
   2   (0.130) 0.061 0.129 0.132 

Locus 61 : 
2 alleles
3.0% missing data
   1   (0.885) 0.907 0.883 0.887 
   2   (0.115) 0.093 0.117 0.113 

Locus 62 : 
2 alleles
2.9% missing data
   1   (0.799) 0.815 0.802 0.798 
   2   (0.201) 0.185 0.198 0.202 

Locus 63 : 
2 alleles
4.6% missing data
   1   (0.658) 0.589 0.673 0.654 
   2   (0.342) 0.411 0.327 0.346 

Locus 64 : 
2 alleles
4.5% missing data
   1   (0.839) 0.815 0.847 0.837 
   2   (0.161) 0.185 0.153 0.163 

Locus 65 : 
2 alleles
4.9% missing data
   1   (0.858) 0.860 0.849 0.861 
   2   (0.142) 0.140 0.151 0.139 

Locus 66 : 
2 alleles
4.5% missing data
   1   (0.821) 0.885 0.829 0.817 
   2   (0.179) 0.115 0.171 0.183 

Locus 67 : 
2 alleles
2.5% missing data
   1   (0.865) 0.875 0.857 0.869 
   2   (0.135) 0.125 0.143 0.131 

Locus 68 : 
2 alleles
4.3% missing data
   1   (0.783) 0.842 0.776 0.785 
   2   (0.217) 0.158 0.224 0.215 

Locus 69 : 
2 alleles
1.7% missing data
   1   (0.846) 0.835 0.834 0.852 
   2   (0.154) 0.165 0.166 0.148 

Locus 70 : 
2 alleles
4.9% missing data
   1   (0.778) 0.753 0.787 0.776 
   2   (0.222) 0.247 0.213 0.224 

Locus 71 : 
2 alleles
4.0% missing data
   1   (0.758) 0.705 0.756 0.761 
