   NS_SS0963  1 0.0055 0.0151 0.0105 0.2036 0.0177 0.6615 0.0206 0.0655 
   NS_SS0983  1 0.0035 0.9284 0.0023 0.0091 0.0095 0.0234 0.0173 0.0065 
   NS_SS0719  1 0.0052 0.0254 0.0796 0.2136 0.0132 0.1038 0.5479 0.0114 
   NS_SS1001  1 0.0057 0.0185 0.7809 0.0123 0.0820 0.0143 0.0703 0.0160 
   NS_SS0936  1 0.0030 0.1106 0.0268 0.0416 0.0086 0.2639 0.1080 0.4375 
   NS_SS0955  1 0.0043 0.3127 0.0685 0.2377 0.0727 0.2224 0.0542 0.0274 
   NS_SS0944  1 0.0019 0.0389 0.0308 0.1118 0.5520 0.1385 0.0183 0.1078 
   NS_SS0945  1 0.0105 0.0579 0.4224 0.0109 0.1424 0.2406 0.0816 0.0338 
   NS_SS0922  1 0.0262 0.0080 0.2585 0.0233 0.0056 0.5966 0.0464 0.0354 
   NS_SS0929  1 0.0044 0.0862 0.0603 0.0647 0.0385 0.1921 0.1729 0.3809 
   NS_SS0956  1 0.0044 0.0072 0.7606 0.0342 0.0386 0.1020 0.0244 0.0288 
   NS_SS0906  1 0.0041 0.5259 0.0845 0.2435 0.0113 0.0533 0.0328 0.0446 
   NS_SS0721  1 0.0046 0.8155 0.0107 0.0291 0.0097 0.0447 0.0744 0.0113 
   NS_SS0982  1 0.0200 0.0359 0.2136 0.2320 0.0187 0.3852 0.0138 0.0808 
   NS_SS0923  1 0.0041 0.0105 0.2356 0.0552 0.0121 0.0097 0.6436 0.0293 
   NS_SS0905  1 0.0024 0.7057 0.0280 0.1176 0.0189 0.0784 0.0374 0.0117 
   NS_SS0925  1 0.0051 0.1002 0.0414 0.4075 0.0059 0.0535 0.3650 0.0213 
   NS_SS0947  1 0.0042 0.0084 0.1535 0.0414 0.0126 0.0156 0.0341 0.7303 
   NS_SS0926  1 0.0014 0.0084 0.0124 0.0237 0.5701 0.0192 0.0145 0.3504 
   NS_SS0918  1 0.0024 0.9221 0.0173 0.0077 0.0182 0.0059 0.0142 0.0122 
   NS_SS0966  1 0.0398 0.0090 0.0262 0.1233 0.0155 0.4261 0.3060 0.0542 
   NS_SS0938  1 0.0020 0.0048 0.0979 0.0125 0.0324 0.0156 0.0858 0.7490 
   NS_SS0917  1 0.0349 0.0333 0.5680 0.0264 0.0135 0.2709 0.0388 0.0142 
   NS_SS0957  1 0.0069 0.0386 0.6813 0.0142 0.0464 0.1199 0.0377 0.0550 
   NS_SS0987  1 0.2451 0.1601 0.3921 0.0689 0.0198 0.0279 0.0399 0.0462 
   NS_SS0717  1 0.0031 0.0102 0.8549 0.0267 0.0228 0.0394 0.0131 0.0297 
   NS_SS0986  1 0.0030 0.0649 0.0893 0.0123 0.0415 0.0498 0.0128 0.7264 
   NS_SS0953  1 0.0180 0.0710 0.0402 0.0358 0.0148 0.1158 0.6962 0.0083 
   NS_SS0907  1 0.0473 0.4325 0.0149 0.2352 0.0101 0.1838 0.0133 0.0630 
   NS_SS0974  1 0.0037 0.0842 0.0602 0.0777 0.0489 0.4068 0.2254 0.0931 
   NS_SS0989  1 0.0011 0.1330 0.0122 0.0207 0.1737 0.0717 0.3287 0.2589 
   NS_SS0991  1 0.0020 0.3015 0.0090 0.5694 0.0794 0.0182 0.0084 0.0122 
   NS_SS0994  1 0.0023 0.0691 0.0127 0.2427 0.4994 0.0505 0.0286 0.0947 
   NS_SS0931  1 0.0115 0.0172 0.0102 0.0106 0.9002 0.0119 0.0131 0.0252 
   NS_SS1000  1 0.0041 0.0043 0.3817 0.0851 0.0132 0.0154 0.0239 0.4723 
   NS_SS0919  1 0.0025 0.0107 0.0054 0.8238 0.0106 0.0143 0.0929 0.0398 
   NS_SS0949  1 0.0015 0.0298 0.0168 0.2177 0.6237 0.0699 0.0289 0.0117 
   NS_SS0960  1 0.0065 0.3001 0.0206 0.0706 0.2119 0.2055 0.1589 0.0260 
   NS_SS0716  1 0.0082 0.0068 0.9571 0.0050 0.0062 0.0067 0.0037 0.0063 
   NS_SS0924  1 0.0214 0.0155 0.0487 0.2673 0.1236 0.1520 0.3594 0.0120 
   NS_SS0935  1 0.0073 0.0432 0.0117 0.7945 0.1134 0.0155 0.0102 0.0042 
   NS_SS0952  1 0.0467 0.1712 0.0353 0.5003 0.1681 0.0222 0.0321 0.0241 
   NS_SS0962  1 0.0071 0.0127 0.0151 0.0151 0.0057 0.0111 0.0110 0.9221 
   NS_SS0973  1 0.0034 0.0276 0.0082 0.3786 0.0070 0.5229 0.0404 0.0119 
   NS_SS0722  1 0.0025 0.0104 0.5027 0.4256 0.0044 0.0218 0.0178 0.0148 
   NS_SS0979  1 0.0026 0.3755 0.4875 0.0317 0.0093 0.0134 0.0095 0.0706 
   NS_SS0993  1 0.0157 0.0586 0.0206 0.2671 0.0092 0.0100 0.5956 0.0233 
   NS_SS0958  1 0.0029 0.0220 0.0763 0.0192 0.8065 0.0333 0.0150 0.0248 
   NS_SS0988  1 0.0053 0.0352 0.0940 0.2320 0.0283 0.0542 0.2093 0.3416 
   NS_SS1003  1 0.0091 0.0059 0.0103 0.0142 0.0073 0.0063 0.0099 0.9370 
   NS_SS0976  1 0.0020 0.0238 0.0226 0.0695 0.1076 0.0133 0.1438 0.6173 
   NS_SS0964  1 0.0025 0.0092 0.8494 0.0721 0.0077 0.0351 0.0118 0.0121 
   NS_SS0939  1 0.0043 0.0053 0.9466 0.0056 0.0081 0.0058 0.0181 0.0061 
   NS_SS0990  1 0.0032 0.0384 0.0301 0.0055 0.0071 0.0499 0.0078 0.8579 
   NS_SS0984  1 0.0024 0.0061 0.8880 0.0254 0.0064 0.0142 0.0343 0.0232 
   NS_SS0980  1 0.0020 0.0139 0.0093 0.0698 0.0088 0.0178 0.8654 0.0131 
   NS_SS0978  1 0.0027 0.0109 0.0299 0.2814 0.0172 0.5949 0.0518 0.0111 
   NS_SS0951  1 0.0032 0.7641 0.0176 0.1097 0.0558 0.0168 0.0232 0.0096 
   NS_SS0913  1 0.0555 0.1732 0.2240 0.0182 0.0561 0.0662 0.0544 0.3524 
   NS_SS1002  1 0.0216 0.0042 0.0040 0.0047 0.0037 0.0059 0.0087 0.9471 
   NS_SS0948  1 0.0475 0.1675 0.0167 0.0137 0.0192 0.0103 0.0157 0.7094 
   NS_SS0916  1 0.0036 0.0080 0.0078 0.0073 0.0119 0.0120 0.9394 0.0100 
   NS_SS0995  1 0.0026 0.0554 0.0111 0.0074 0.0030 0.0393 0.8667 0.0146 
   NS_SS0927  1 0.0049 0.0233 0.0268 0.0186 0.0139 0.8562 0.0431 0.0131 
   NS_SS0992  1 0.0034 0.1104 0.0170 0.0277 0.0268 0.1452 0.4145 0.2551 
   NS_SS0912  1 0.0033 0.3284 0.0284 0.0878 0.3679 0.0547 0.0103 0.1192 
   NS_SS0981  1 0.0036 0.0224 0.0123 0.0845 0.0103 0.0115 0.0137 0.8417 
   NS_SS0729  2 0.0039 0.0078 0.0056 0.2933 0.1654 0.0147 0.4484 0.0609 
   NS_SS0967  2 0.0103 0.0092 0.1398 0.0241 0.0222 0.7210 0.0392 0.0342 
   NS_SS0941  2 0.0744 0.0104 0.0365 0.0591 0.0202 0.0289 0.7498 0.0208 
   NS_SS0768  2 0.0047 0.0229 0.3150 0.0071 0.0133 0.5548 0.0105 0.0717 
   NS_SS0726  2 0.0069 0.0120 0.0056 0.1686 0.0318 0.0214 0.7393 0.0145 
   NS_SS0763  2 0.0024 0.0259 0.1108 0.6696 0.0587 0.0597 0.0431 0.0297 
   NS_SS0730  2 0.0038 0.0117 0.7389 0.0115 0.0424 0.0868 0.0463 0.0586 
   NS_SS0774  2 0.0009 0.0166 0.5910 0.0035 0.0053 0.3380 0.0168 0.0279 
   NS_SS0723  2 0.0017 0.0802 0.3267 0.0466 0.0055 0.4946 0.0183 0.0264 
   NS_SS0940  2 0.0048 0.0178 0.0288 0.0503 0.0311 0.0110 0.8452 0.0111 
   NS_SS0762  2 0.0028 0.0099 0.7865 0.0693 0.0101 0.0258 0.0818 0.0137 
   NS_SS0766  2 0.0151 0.0158 0.5460 0.0313 0.1692 0.1050 0.0987 0.0187 
   NS_SS0724  2 0.0044 0.0186 0.2867 0.5336 0.0183 0.0107 0.0942 0.0335 
   NS_SS0769  2 0.0038 0.0124 0.0443 0.7183 0.0228 0.0385 0.1047 0.0553 
   NS_SS0777  2 0.0114 0.0603 0.0165 0.4439 0.2940 0.0253 0.0061 0.1425 
   NS_SS0734  2 0.0336 0.0316 0.0590 0.0222 0.3307 0.4688 0.0376 0.0164 
   NS_SS0737  2 0.0053 0.0082 0.4325 0.0051 0.0090 0.1584 0.3627 0.0189 
   NS_SS0732  2 0.0060 0.8434 0.0277 0.0480 0.0048 0.0197 0.0397 0.0107 
   NS_SS0728  2 0.0090 0.0090 0.0499 0.0686 0.0161 0.0309 0.7959 0.0206 
   NS_SS0735  2 0.0069 0.0351 0.0364 0.0636 0.0135 0.7713 0.0599 0.0134 
   NS_SS0725  2 0.0087 0.0127 0.5265 0.0256 0.0372 0.0200 0.0539 0.3154 
   NS_SS0788  2 0.0017 0.0199 0.1763 0.0351 0.0092 0.7189 0.0183 0.0205 
   NS_SS0778  2 0.0017 0.0249 0.0097 0.0166 0.0093 0.9105 0.0126 0.0146 
   NS_SS0792  2 0.0048 0.0907 0.0168 0.0113 0.0259 0.0285 0.7842 0.0377 
   NS_SS0943  2 0.0047 0.0212 0.0064 0.8236 0.1181 0.0111 0.0068 0.0081 
   NS_SS0791  2 0.0106 0.0109 0.0135 0.0076 0.0510 0.0266 0.8728 0.0070 
   NS_SS0790  2 0.0031 0.0121 0.9343 0.0162 0.0025 0.0140 0.0051 0.0126 
   NS_SS0731  2 0.0153 0.0147 0.8683 0.0288 0.0194 0.0214 0.0129 0.0192 
   NS_SS0727  2 0.0025 0.0197 0.1955 0.1613 0.4356 0.0313 0.1458 0.0082 
   NS_SS0779  2 0.0052 0.2983 0.0803 0.2183 0.0430 0.2227 0.0773 0.0548 
   NS_SS0776  2 0.0067 0.0417 0.2283 0.1476 0.1197 0.2506 0.0404 0.1650 
   NS_SS0775  2 0.0060 0.0080 0.9352 0.0056 0.0099 0.0108 0.0184 0.0061 
   NS_SS0965  3 0.0023 0.0190 0.0952 0.3745 0.0971 0.2402 0.0716 0.1001 
   NS_SS0754  3 0.0114 0.0236 0.0560 0.1591 0.1041 0.0662 0.5678 0.0118 
   NS_SS0838  3 0.0417 0.1182 0.0355 0.0067 0.0209 0.0137 0.0403 0.7230 
   NS_SS0839  3 0.0030 0.0173 0.0250 0.0041 0.0075 0.0118 0.5943 0.3370 
   NS_SS0832  3 0.0660 0.0125 0.1018 0.3240 0.0047 0.1836 0.0307 0.2767 
   NS_SS0820  3 0.0064 0.0085 0.6642 0.0211 0.0038 0.2104 0.0079 0.0777 
   NS_SS0886  3 0.0020 0.3975 0.0273 0.0234 0.0532 0.3563 0.1002 0.0401 
   NS_SS0748  3 0.0090 0.0867 0.2834 0.0792 0.3591 0.0281 0.0490 0.1056 
   NS_SS0884  3 0.0208 0.0225 0.1624 0.0282 0.0434 0.1770 0.4020 0.1436 
   NS_SS0752  3 0.0025 0.2904 0.0961 0.1951 0.0225 0.1028 0.1504 0.1402 
   NS_SS0862  3 0.0049 0.6381 0.0277 0.0269 0.0046 0.0190 0.2582 0.0205 
   NS_SS0787  3 0.0081 0.0070 0.0099 0.3282 0.2000 0.4165 0.0143 0.0160 
   NS_SS0843  3 0.0017 0.0344 0.0273 0.8406 0.0092 0.0235 0.0231 0.0401 
   NS_SS0856  3 0.0034 0.0107 0.0627 0.0084 0.0121 0.8146 0.0553 0.0328 
   NS_SS0846  3 0.0033 0.0669 0.0087 0.1142 0.0747 0.1759 0.2769 0.2794 
   NS_SS0825  3 0.0114 0.0204 0.0141 0.0069 0.0073 0.3444 0.0735 0.5220 
   NS_SS0757  3 0.0045 0.8616 0.0164 0.0291 0.0117 0.0518 0.0096 0.0152 
   NS_SS0876  3 0.2131 0.0277 0.0207 0.0455 0.0112 0.6125 0.0119 0.0575 
   NS_SS0903  3 0.0022 0.0321 0.0098 0.0221 0.0036 0.0567 0.8631 0.0105 
   NS_SS0875  3 0.0035 0.0291 0.4027 0.0097 0.0256 0.4523 0.0155 0.0615 
   NS_SS0740  3 0.0027 0.0346 0.0087 0.9072 0.0067 0.0136 0.0121 0.0144 
   NS_SS0811  3 0.0081 0.0253 0.9234 0.0078 0.0071 0.0070 0.0077 0.0135 
   NS_SS0751  3 0.0026 0.1988 0.0319 0.0351 0.0310 0.0724 0.4054 0.2227 
   NS_SS0891  3 0.0059 0.0200 0.6709 0.0124 0.0112 0.0161 0.0173 0.2462 
   NS_SS0867  3 0.0266 0.0075 0.0056 0.8866 0.0191 0.0242 0.0182 0.0122 
   NS_SS0890  3 0.0034 0.1352 0.2575 0.1929 0.0244 0.3175 0.0585 0.0106 
   NS_SS0866  3 0.0061 0.3134 0.0790 0.0078 0.1558 0.3206 0.0547 0.0626 
   NS_SS0755  3 0.0059 0.0419 0.5684 0.2255 0.0469 0.0603 0.0090 0.0421 
   NS_SS0758  3 0.0019 0.0746 0.0171 0.0190 0.0167 0.1714 0.1521 0.5472 
   NS_SS0840  3 0.0017 0.0066 0.0173 0.0074 0.0053 0.0070 0.0329 0.9218 
   NS_SS0889  3 0.0026 0.0744 0.0264 0.0162 0.5765 0.2465 0.0127 0.0447 
   NS_SS1010  3 0.0460 0.0157 0.0373 0.0485 0.0168 0.3756 0.0745 0.3856 
   NS_SS0888  3 0.0018 0.0119 0.0165 0.0684 0.3073 0.5764 0.0120 0.0057 
   NS_SS0837  3 0.0023 0.0096 0.0972 0.7709 0.0147 0.0662 0.0165 0.0225 
   NS_SS0794  3 0.0024 0.1072 0.0459 0.0109 0.6100 0.2057 0.0109 0.0070 
   NS_SS0823  3 0.0047 0.0313 0.0219 0.0399 0.0056 0.0902 0.0497 0.7566 
   NS_SS0829  3 0.0826 0.8763 0.0047 0.0057 0.0114 0.0082 0.0073 0.0039 
   NS_SS0844  3 0.0021 0.0147 0.1680 0.3159 0.0053 0.4357 0.0366 0.0216 
   NS_SS1008  3 0.0123 0.0292 0.3683 0.0616 0.4589 0.0279 0.0188 0.0229 
   NS_SS0881  3 0.0026 0.0540 0.0857 0.2376 0.1370 0.0530 0.1442 0.2860 
   NS_SS0834  3 0.0050 0.0072 0.1479 0.0149 0.0079 0.1039 0.0273 0.6858 
   NS_SS0744  3 0.0070 0.0782 0.0086 0.0167 0.0151 0.7883 0.0438 0.0423 
   NS_SS0899  3 0.0019 0.8800 0.0249 0.0070 0.0035 0.0534 0.0083 0.0209 
   NS_SS0804  3 0.0037 0.0229 0.0386 0.0331 0.0057 0.0835 0.6004 0.2121 
   NS_SS0781  3 0.0033 0.0327 0.0533 0.0212 0.0045 0.0824 0.2079 0.5948 
   NS_SS0822  3 0.0024 0.8301 0.0103 0.0147 0.0500 0.0107 0.0702 0.0116 
   NS_SS1004  3 0.0044 0.0136 0.0109 0.4369 0.0667 0.2410 0.0558 0.1707 
   NS_SS0746  3 0.0146 0.0139 0.1818 0.3746 0.0639 0.2302 0.0172 0.1037 
   NS_SS0880  3 0.0014 0.0203 0.0179 0.0453 0.2673 0.0513 0.4733 0.1232 
   NS_SS0879  3 0.0144 0.0119 0.5262 0.0218 0.0185 0.3500 0.0414 0.0157 
   NS_SS0753  3 0.0082 0.0549 0.0121 0.7918 0.0503 0.0427 0.0287 0.0112 
   NS_SS1007  3 0.0019 0.0129 0.0110 0.0124 0.0082 0.2286 0.7134 0.0117 
   NS_SS0872  3 0.0025 0.0121 0.0463 0.0419 0.0145 0.1118 0.0252 0.7458 
   NS_SS1005  3 0.0014 0.0679 0.0365 0.1049 0.0129 0.1516 0.0962 0.5286 
   NS_SS0892  3 0.0026 0.0419 0.0636 0.3731 0.0729 0.1388 0.0627 0.2445 
   NS_SS0898  3 0.0060 0.0520 0.0540 0.0086 0.8126 0.0248 0.0103 0.0318 
   NS_SS0801  3 0.0126 0.0392 0.0283 0.1440 0.0091 0.4847 0.2279 0.0542 
   NS_SS0827  3 0.1318 0.1698 0.2221 0.2129 0.1026 0.0948 0.0583 0.0076 
   NS_SS0853  3 0.0050 0.0302 0.8647 0.0278 0.0120 0.0218 0.0119 0.0265 
   NS_SS0780  3 0.0044 0.0310 0.0314 0.1188 0.0078 0.1267 0.1995 0.4805 
   NS_SS0826  3 0.0031 0.0135 0.0052 0.0106 0.0127 0.0356 0.0158 0.9037 
   NS_SS0818  3 0.0016 0.0063 0.0186 0.0084 0.0295 0.0903 0.8224 0.0230 
   NS_SS0745  3 0.0014 0.0068 0.9485 0.0061 0.0082 0.0099 0.0056 0.0136 
   NS_SS0849  3 0.0019 0.8469 0.0289 0.0246 0.0208 0.0336 0.0302 0.0131 
   NS_SS0739  3 0.0122 0.1340 0.0436 0.0066 0.0173 0.5415 0.2123 0.0324 
   NS_SS0799  3 0.0012 0.4384 0.0225 0.0297 0.0411 0.2063 0.2524 0.0085 
   NS_SS0756  3 0.0033 0.0244 0.0118 0.0238 0.0106 0.0160 0.1133 0.7968 
   NS_SS0802  3 0.1856 0.0028 0.0044 0.0279 0.0244 0.7249 0.0076 0.0225 
   NS_SS0747  3 0.0073 0.1553 0.0241 0.4873 0.0070 0.1154 0.0749 0.1287 
   NS_SS0835  3 0.0013 0.0383 0.0491 0.2766 0.1866 0.3555 0.0229 0.0696 
   NS_SS0742  3 0.0016 0.3983 0.0082 0.0269 0.0156 0.1923 0.3108 0.0463 
   NS_SS0760  3 0.0492 0.0255 0.0191 0.0170 0.7305 0.1269 0.0115 0.0201 
   NS_SS0803  3 0.0089 0.0056 0.0081 0.0175 0.0076 0.8229 0.1056 0.0239 
   NS_SS0828  3 0.0013 0.0264 0.2898 0.4385 0.0344 0.0814 0.1190 0.0093 
   NS_SS0865  3 0.0341 0.1309 0.0293 0.0394 0.0102 0.0331 0.0107 0.7124 
   NS_SS0759  3 0.0064 0.3031 0.0714 0.1454 0.0097 0.4093 0.0211 0.0336 
   NS_SS0851  3 0.0126 0.0201 0.8883 0.0148 0.0179 0.0286 0.0055 0.0121 
   NS_SS0874  3 0.0016 0.3098 0.0932 0.4050 0.0083 0.0696 0.0616 0.0509 
   NS_SS0761  3 0.0028 0.3430 0.0364 0.0518 0.3741 0.0877 0.0203 0.0840 
   NS_SS0842  3 0.0101 0.0545 0.7578 0.0216 0.0497 0.0234 0.0564 0.0266 
   NS_SS0785  3 0.0062 0.0755 0.0237 0.2618 0.0692 0.3906 0.1414 0.0316 
   NS_SS0860  3 0.0024 0.8452 0.0057 0.0290 0.0096 0.0771 0.0086 0.0223 
   NS_SS0897  3 0.0019 0.0385 0.0164 0.0100 0.8725 0.0326 0.0172 0.0109 
   NS_SS0841  3 0.0039 0.1009 0.4554 0.0115 0.0414 0.0232 0.1226 0.2411 
   NS_SS0797  3 0.0298 0.0189 0.0304 0.0275 0.7952 0.0136 0.0574 0.0272 
   NS_SS0830  3 0.0032 0.3428 0.1199 0.0876 0.0598 0.1203 0.0167 0.2498 
   NS_SS1011  3 0.0065 0.0046 0.0065 0.0145 0.0041 0.0394 0.0103 0.9141 
   NS_SS0883  3 0.0067 0.8199 0.0553 0.0191 0.0205 0.0282 0.0403 0.0099 
   NS_SS0782  3 0.0022 0.0569 0.0529 0.0072 0.0273 0.6438 0.0486 0.1612 
   NS_SS0831  3 0.0032 0.8764 0.0135 0.0109 0.0302 0.0278 0.0236 0.0143 
   NS_SS0749  3 0.0035 0.1079 0.0114 0.1659 0.0189 0.0497 0.6295 0.0132 
   NS_SS0854  3 0.0033 0.0839 0.0252 0.0154 0.0636 0.1925 0.5907 0.0254 
   HI_SS0193  4 0.0014 0.0121 0.0157 0.0076 0.9150 0.0048 0.0312 0.0122 
   HI_SS0194  4 0.0018 0.0094 0.1952 0.0426 0.0202 0.0225 0.0219 0.6864 
   HI_SS0195  4 0.1254 0.0208 0.1773 0.0101 0.0060 0.1306 0.3312 0.1985 
   HI_SS0196  4 0.0034 0.1257 0.2484 0.0089 0.0338 0.4977 0.0598 0.0223 
   HI_SS0197  4 0.0075 0.0062 0.0059 0.0062 0.0026 0.0083 0.0224 0.9408 
   HI_SS0198  4 0.0148 0.4355 0.0919 0.0288 0.0726 0.1966 0.0816 0.0781 
   HI_SS0199  4 0.0020 0.0065 0.0082 0.1701 0.0135 0.0404 0.7508 0.0085 
   HI_SS0201  4 0.0022 0.0108 0.0072 0.2368 0.6620 0.0326 0.0160 0.0323 
   HI_SS0215  4 0.0032 0.0414 0.0090 0.0518 0.0500 0.5648 0.0169 0.2629 
   HI_SS0218  4 0.0083 0.0094 0.0145 0.0103 0.9092 0.0166 0.0217 0.0100 
   HI_SS0222  4 0.0048 0.0169 0.4599 0.0137 0.0210 0.0872 0.1300 0.2666 
   HI_SS0230  4 0.0062 0.0849 0.1126 0.2756 0.0118 0.0134 0.0357 0.4598 
   HI_SS0234  4 0.1434 0.0069 0.0415 0.0168 0.0774 0.1804 0.4830 0.0507 
   HI_SS0240  4 0.0067 0.0031 0.0228 0.0088 0.0072 0.2746 0.6697 0.0071 
   HI_SS0241  4 0.0022 0.0183 0.0212 0.0880 0.0538 0.7859 0.0151 0.0156 
   HI_SS0242  4 0.0030 0.0515 0.3716 0.1768 0.1530 0.0964 0.0609 0.0869 
   HI_SS0247  4 0.0288 0.0311 0.0266 0.1235 0.1125 0.0636 0.1558 0.4582 
   HI_SS0248  4 0.0008 0.0135 0.0183 0.0647 0.8588 0.0218 0.0072 0.0148 
   HI_SS0252  4 0.0022 0.0503 0.0154 0.0489 0.0209 0.1944 0.6105 0.0574 
   HI_SS0254  4 0.0845 0.0097 0.0057 0.5820 0.1588 0.0188 0.1023 0.0383 
   HI_SS0256  4 0.0020 0.0050 0.4208 0.1864 0.0040 0.2000 0.1028 0.0790 
   HI_SS0257  4 0.0024 0.0550 0.0065 0.7609 0.0235 0.0829 0.0539 0.0150 
   HI_SS0258  4 0.0051 0.0057 0.0240 0.0798 0.7884 0.0523 0.0368 0.0080 
   HI_SS0259  4 0.0037 0.0104 0.0890 0.0663 0.0099 0.6710 0.0233 0.1263 
   HI_SS0260  4 0.0015 0.0171 0.1812 0.4348 0.1435 0.1498 0.0398 0.0322 
   HI_SS0261  4 0.0022 0.0161 0.0200 0.7552 0.0432 0.0214 0.0117 0.1303 
   HI_SS0262  4 0.0076 0.0133 0.1926 0.0287 0.0084 0.2737 0.3653 0.1105 
   HI_SS0264  4 0.0036 0.0096 0.2903 0.0323 0.0236 0.0074 0.0081 0.6250 
   HI_SS0265  4 0.0951 0.0060 0.3983 0.2306 0.0071 0.0370 0.0090 0.2169 
   HI_SS0268  4 0.0035 0.0993 0.1487 0.0082 0.2526 0.3340 0.0460 0.1078 
   HI_SS0269  4 0.0016 0.0558 0.0079 0.0205 0.3965 0.1578 0.3229 0.0370 
   HI_SS0273  4 0.0017 0.0250 0.0173 0.0369 0.4184 0.1528 0.0079 0.3400 
   HI_SS0277  4 0.0024 0.0217 0.0111 0.0066 0.0069 0.0180 0.0422 0.8911 
   HI_SS0280  4 0.0078 0.0301 0.1449 0.0409 0.0931 0.2303 0.2424 0.2106 
   HI_SS0282  4 0.0011 0.1255 0.0106 0.5741 0.0582 0.1085 0.0288 0.0933 
   HI_SS0286  4 0.0083 0.0326 0.0411 0.1246 0.1043 0.5199 0.1404 0.0287 
   NS_SS1252  5 0.0034 0.9284 0.0070 0.0103 0.0146 0.0219 0.0072 0.0071 
   NS_SS1261  5 0.0118 0.0493 0.0105 0.0085 0.0184 0.0718 0.7473 0.0825 
   NS_SS1225  5 0.0760 0.0148 0.0063 0.6546 0.0131 0.0740 0.0151 0.1461 
   NS_SS1266  5 0.0103 0.0277 0.2447 0.0407 0.0039 0.0767 0.0139 0.5821 
   NS_SS1228  5 0.0127 0.0147 0.0305 0.0322 0.0088 0.0083 0.8781 0.0147 
   NS_SS1255  5 0.0017 0.0368 0.5960 0.0050 0.0332 0.2612 0.0379 0.0281 
   NS_SS1267  5 0.0151 0.1290 0.0457 0.0324 0.6830 0.0148 0.0730 0.0069 
   NS_SS1238  5 0.0020 0.0322 0.0057 0.0106 0.1812 0.0091 0.0641 0.6951 
   NS_SS1233  5 0.0023 0.9288 0.0209 0.0074 0.0113 0.0041 0.0055 0.0197 
   NS_SS1277  5 0.0011 0.0057 0.0118 0.0054 0.9582 0.0059 0.0088 0.0030 
   NS_SS1245  5 0.0018 0.0415 0.0244 0.1296 0.1291 0.0200 0.0494 0.6042 
   NS_SS1240  5 0.0022 0.0139 0.0064 0.0104 0.8817 0.0396 0.0151 0.0306 
   NS_SS1275  5 0.0031 0.0068 0.1534 0.0462 0.0049 0.0498 0.0732 0.6627 
   NS_SS1235  5 0.0058 0.0054 0.1005 0.2249 0.0234 0.1576 0.3923 0.0900 
   NS_SS1263  5 0.0012 0.1844 0.4631 0.1504 0.0102 0.0890 0.0258 0.0759 
   NS_SS1251  5 0.0013 0.0276 0.0238 0.0992 0.0102 0.0199 0.0698 0.7482 
   NS_SS1248  5 0.1386 0.2869 0.0464 0.0290 0.4096 0.0313 0.0295 0.0287 
   NS_SS1244  5 0.0059 0.0084 0.0071 0.0119 0.0780 0.0226 0.7768 0.0893 
   NS_SS1257  5 0.0346 0.0878 0.0074 0.0219 0.5029 0.0549 0.1176 0.1728 
   NS_SS1242  5 0.0022 0.0130 0.6686 0.0317 0.0172 0.1394 0.0057 0.1223 
   NS_SS1271  5 0.0335 0.0057 0.0140 0.0182 0.8746 0.0076 0.0400 0.0065 
   NS_SS1265  5 0.0183 0.1495 0.0176 0.0402 0.2068 0.3529 0.0052 0.2096 
   NS_SS1243  5 0.0961 0.6255 0.1928 0.0222 0.0154 0.0277 0.0141 0.0062 
   NS_SS1273  5 0.0109 0.0055 0.8354 0.0056 0.0186 0.0272 0.0087 0.0882 
   NS_SS1254  5 0.0064 0.2973 0.5368 0.0291 0.0054 0.0110 0.0268 0.0872 
   NS_SS1224  5 0.0094 0.0334 0.0503 0.5475 0.0051 0.0424 0.2769 0.0351 
   NS_SS1227  5 0.0019 0.0074 0.0367 0.9040 0.0241 0.0084 0.0109 0.0065 
   NS_SS1274  5 0.0224 0.6081 0.0361 0.0408 0.0954 0.0200 0.1454 0.0319 
   NS_SS1241  5 0.0012 0.0174 0.0082 0.0231 0.8925 0.0175 0.0120 0.0280 
   NS_SS1256  5 0.0426 0.0078 0.0143 0.0137 0.1479 0.0368 0.0107 0.7261 
   NS_SS1260  5 0.0640 0.0594 0.0289 0.0510 0.0108 0.5769 0.2007 0.0082 
   NS_SS1262  5 0.1704 0.0253 0.0316 0.1574 0.0621 0.0369 0.0318 0.4845 
   NS_SS1230  5 0.0090 0.0115 0.0614 0.0220 0.5481 0.1970 0.0150 0.1360 
   NS_SS1270  5 0.0025 0.0913 0.0276 0.5451 0.0179 0.0359 0.0214 0.2585 
   NS_SS1229  5 0.0039 0.0108 0.0065 0.0142 0.0044 0.2926 0.4247 0.2429 
   NS_SS1246  5 0.0026 0.0230 0.0087 0.0267 0.0368 0.0071 0.8589 0.0362 
   NS_SS1269  5 0.0022 0.0302 0.0421 0.0586 0.0640 0.6555 0.0768 0.0706 
   NS_SS1239  5 0.0047 0.0444 0.0261 0.1332 0.0106 0.4461 0.3280 0.0070 
   NS_SS1272  5 0.0058 0.0177 0.0145 0.0102 0.0141 0.0481 0.0459 0.8438 
   NS_SS1268  5 0.0025 0.4966 0.0214 0.3931 0.0238 0.0273 0.0175 0.0177 
   NS_SS1249  5 0.0188 0.0123 0.0206 0.0171 0.7783 0.0951 0.0357 0.0222 
   HI_SS0559  6 0.0016 0.0188 0.0426 0.8383 0.0258 0.0548 0.0073 0.0109 
   HI_SS0563  6 0.0031 0.0262 0.0205 0.0159 0.0585 0.0428 0.8119 0.0211 
   HI_SS0564  6 0.0473 0.8320 0.0275 0.0105 0.0077 0.0099 0.0282 0.0369 
   HI_SS0565  6 0.0036 0.0606 0.0423 0.1234 0.0116 0.6737 0.0174 0.0673 
   HI_SS0569  6 0.0022 0.0797 0.0051 0.8150 0.0649 0.0090 0.0144 0.0096 
   HI_SS0570  6 0.0479 0.0203 0.0349 0.0099 0.7504 0.1134 0.0101 0.0132 
   HI_SS0572  6 0.0025 0.0091 0.0714 0.5185 0.0045 0.3511 0.0129 0.0299 
   HI_SS0576  6 0.0057 0.0709 0.3978 0.0281 0.0332 0.3103 0.1094 0.0447 
   HI_SS0579  6 0.0107 0.0075 0.0044 0.9435 0.0119 0.0101 0.0064 0.0055 
   HI_SS0580  6 0.0043 0.0106 0.4428 0.0239 0.3365 0.1443 0.0275 0.0099 
   HI_SS0581  6 0.0475 0.0241 0.0096 0.0068 0.0043 0.0081 0.0108 0.8889 
   HI_SS0583  6 0.0036 0.2341 0.0675 0.0355 0.1075 0.0192 0.0224 0.5103 
   HI_SS0586  6 0.0010 0.0997 0.0145 0.0209 0.8342 0.0164 0.0064 0.0069 
   HI_SS0588  6 0.0193 0.0315 0.0369 0.1971 0.5116 0.1159 0.0611 0.0267 
   HI_SS0595  6 0.0283 0.0106 0.1151 0.0588 0.3171 0.0773 0.2323 0.1607 
   HI_SS0596  6 0.0026 0.0053 0.5803 0.2542 0.0186 0.0290 0.1021 0.0079 
   HI_SS0597  6 0.0023 0.0124 0.0152 0.0081 0.0106 0.0202 0.0113 0.9199 
   HI_SS0600  6 0.0032 0.0152 0.0053 0.0089 0.0266 0.8793 0.0532 0.0083 
   HI_SS0601  6 0.0093 0.0094 0.0100 0.9197 0.0088 0.0085 0.0278 0.0066 
   HI_SS0602  6 0.0019 0.0177 0.0143 0.9216 0.0051 0.0239 0.0086 0.0069 
   HI_SS0604  6 0.0021 0.6079 0.0267 0.0915 0.0256 0.0457 0.0240 0.1766 
   HI_SS0605  6 0.0061 0.0240 0.0166 0.0715 0.0153 0.8441 0.0166 0.0058 
   HI_SS0608  6 0.0012 0.7032 0.1646 0.0470 0.0392 0.0077 0.0237 0.0133 
   HI_SS0609  6 0.0009 0.0112 0.0332 0.0229 0.0255 0.4706 0.0368 0.3989 
   HI_SS0611  6 0.0022 0.7846 0.0387 0.0392 0.0850 0.0275 0.0128 0.0100 
   HI_SS0612  6 0.0061 0.0078 0.0068 0.2181 0.0352 0.6542 0.0162 0.0557 
   HI_SS0613  6 0.0015 0.2440 0.3780 0.0297 0.0131 0.3044 0.0086 0.0207 
   HI_SS0615  6 0.0101 0.0131 0.1483 0.0333 0.0042 0.2613 0.5083 0.0215 
   HI_SS0001  6 0.0041 0.0047 0.0400 0.0109 0.5900 0.1328 0.1450 0.0726 
   HI_SS0002  6 0.0269 0.0168 0.0425 0.0905 0.0056 0.1078 0.0083 0.7015 
   HI_SS0004  6 0.0055 0.4881 0.1697 0.0239 0.1750 0.0746 0.0214 0.0419 
   HI_SS0005  6 0.0079 0.0561 0.2090 0.0349 0.1231 0.1366 0.0130 0.4192 
   HI_SS0006  6 0.0015 0.0854 0.0070 0.0319 0.0431 0.3960 0.0074 0.4276 
   HI_SS0007  6 0.0025 0.0122 0.0124 0.0092 0.9380 0.0095 0.0120 0.0042 
   HI_SS0008  6 0.0295 0.0097 0.0142 0.8776 0.0168 0.0263 0.0162 0.0096 
   HI_SS0009  6 0.0044 0.0286 0.7967 0.0274 0.0427 0.0411 0.0562 0.0030 
   HI_SS0010  6 0.0035 0.6062 0.0547 0.1123 0.1104 0.0104 0.0847 0.0178 
   HI_SS0011  6 0.0684 0.0078 0.0124 0.0400 0.0070 0.0052 0.0102 0.8490 
   HI_SS0012  6 0.0050 0.0123 0.0135 0.0102 0.0053 0.0182 0.9235 0.0120 
   HI_SS0017  6 0.0021 0.0059 0.7044 0.0105 0.0454 0.0064 0.0069 0.2183 
   HI_SS0021  6 0.2342 0.0067 0.0985 0.0206 0.3309 0.0838 0.0097 0.2156 
   HI_SS0024  6 0.0029 0.0123 0.5542 0.0183 0.1501 0.0621 0.0862 0.1139 
   HI_SS0025  6 0.0032 0.0136 0.9306 0.0069 0.0085 0.0257 0.0069 0.0046 
   HI_SS0027  6 0.0127 0.1007 0.0069 0.6930 0.1109 0.0090 0.0622 0.0047 
   HI_SS0028  6 0.0015 0.0067 0.8610 0.0314 0.0054 0.0132 0.0243 0.0564 
   HI_SS0029  6 0.0090 0.0081 0.6801 0.0097 0.0308 0.0167 0.0429 0.2026 
   HI_SS0030  6 0.0055 0.0163 0.0270 0.8199 0.0156 0.0377 0.0599 0.0182 
   HI_SS0031  6 0.0036 0.0063 0.2464 0.2333 0.0382 0.3328 0.1273 0.0122 
   HI_SS0034  6 0.0051 0.0115 0.0096 0.1601 0.6410 0.0736 0.0614 0.0377 
   HI_SS0036  6 0.0143 0.0130 0.0237 0.0184 0.8544 0.0249 0.0332 0.0181 
   HI_SS0037  6 0.0053 0.7928 0.0841 0.0169 0.0630 0.0213 0.0062 0.0104 
   HI_SS0039  6 0.0030 0.0089 0.1629 0.1776 0.5786 0.0152 0.0194 0.0345 
   HI_SS0041  6 0.0022 0.0195 0.8195 0.0070 0.0039 0.0137 0.1236 0.0105 
   HI_SS0042  6 0.1150 0.0093 0.2369 0.0099 0.0161 0.3109 0.0387 0.2632 
   HI_SS0043  6 0.0020 0.9371 0.0060 0.0066 0.0269 0.0069 0.0072 0.0073 
   HI_SS0044  6 0.0020 0.0039 0.7285 0.0048 0.2108 0.0253 0.0123 0.0124 
   HI_SS0047  6 0.0026 0.0308 0.0482 0.1184 0.0474 0.0458 0.0341 0.6727 
   HI_SS0049  6 0.0046 0.0491 0.4685 0.4119 0.0248 0.0140 0.0171 0.0100 
   HI_SS0051  6 0.0020 0.7367 0.0234 0.0085 0.0084 0.1949 0.0113 0.0150 
   HI_SS0053  6 0.0038 0.0167 0.0098 0.8724 0.0551 0.0088 0.0179 0.0157 
   HI_SS0054  6 0.0034 0.0247 0.0050 0.2779 0.6582 0.0047 0.0102 0.0159 
   HI_SS0057  6 0.0030 0.6541 0.0156 0.0234 0.0155 0.0777 0.0198 0.1909 
   HI_SS0058  6 0.0076 0.0253 0.0382 0.0489 0.0358 0.7433 0.0296 0.0712 
   HI_SS0060  6 0.0920 0.0315 0.0158 0.7047 0.0848 0.0206 0.0343 0.0163 
   HI_SS0087  6 0.0025 0.0735 0.0139 0.5866 0.0293 0.0513 0.0755 0.1675 
   HI_SS0091  6 0.0014 0.1943 0.0043 0.0467 0.0115 0.5067 0.0271 0.2080 
   HI_SS0095  6 0.0523 0.0078 0.0076 0.2755 0.0079 0.3885 0.1863 0.0741 
   HI_SS0097  6 0.0051 0.5917 0.0096 0.2084 0.0067 0.0101 0.0459 0.1225 
   HI_SS0099  6 0.0045 0.0113 0.8113 0.0321 0.0356 0.0448 0.0193 0.0409 
   HI_SS0103  6 0.0031 0.0123 0.0240 0.0138 0.0090 0.8887 0.0200 0.0290 
   HI_SS0105  6 0.0275 0.0241 0.0082 0.0410 0.0155 0.0722 0.2981 0.5133 
   HI_SS0107  6 0.0010 0.0057 0.5012 0.1236 0.0120 0.2215 0.0329 0.1022 
   HI_SS0108  6 0.0255 0.0133 0.0065 0.0095 0.8920 0.0129 0.0281 0.0122 
   HI_SS0110  6 0.0013 0.0100 0.0297 0.0335 0.0264 0.1634 0.2938 0.4418 
   HI_SS0111  6 0.0259 0.0102 0.0344 0.0089 0.0209 0.6983 0.1431 0.0582 
   HI_SS0112  6 0.0011 0.0091 0.0079 0.0041 0.9560 0.0101 0.0075 0.0041 
   HI_SS0113  6 0.0033 0.0080 0.0176 0.0167 0.0063 0.0111 0.0165 0.9205 
   HI_SS0114  6 0.0050 0.1810 0.0206 0.2344 0.0965 0.3898 0.0314 0.0414 
   HI_SS0115  6 0.0164 0.0138 0.5696 0.3185 0.0239 0.0144 0.0384 0.0051 
   HI_SS0116  6 0.0034 0.2079 0.3294 0.0146 0.2948 0.0849 0.0538 0.0113 
   HI_SS0117  6 0.0018 0.0058 0.0061 0.0179 0.2472 0.0177 0.0188 0.6848 
   HI_SS0118  6 0.0124 0.0210 0.0578 0.0134 0.0141 0.2922 0.0463 0.5427 
   HI_SS0119  6 0.0018 0.5398 0.0037 0.0082 0.0315 0.0269 0.3624 0.0257 
   HI_SS0120  6 0.0029 0.0041 0.3645 0.0120 0.0064 0.0163 0.0437 0.5501 
   HI_SS0121  6 0.0016 0.0230 0.0150 0.0139 0.0053 0.0173 0.0101 0.9137 
   HI_SS0122  6 0.0275 0.2193 0.1844 0.0131 0.0243 0.3476 0.0422 0.1415 
   HI_SS0123  6 0.0044 0.0153 0.0085 0.0287 0.0049 0.0242 0.0091 0.9050 
   HI_SS0124  6 0.0030 0.0134 0.7438 0.0163 0.0184 0.1568 0.0274 0.0209 
   HI_SS0125  6 0.0262 0.0045 0.0222 0.0082 0.0044 0.0101 0.9166 0.0077 
   HI_SS0126  6 0.0011 0.0057 0.0232 0.0062 0.9278 0.0104 0.0080 0.0177 
   HI_SS0127  6 0.0069 0.0267 0.0093 0.9309 0.0085 0.0069 0.0071 0.0037 
   HI_SS0128  6 0.0029 0.0114 0.0639 0.5580 0.0429 0.0338 0.1979 0.0893 
   HI_SS0129  6 0.0137 0.0928 0.1344 0.0712 0.1525 0.4602 0.0272 0.0481 
   HI_SS0131  6 0.0377 0.0228 0.0427 0.0114 0.7810 0.0049 0.0360 0.0636 
   HI_SS0132  6 0.0008 0.1471 0.0525 0.0104 0.1117 0.0244 0.0470 0.6061 
   HI_SS0133  6 0.0014 0.0041 0.0022 0.0052 0.9724 0.0059 0.0056 0.0032 
   HI_SS0134  6 0.0018 0.0093 0.0206 0.0256 0.3607 0.0667 0.0938 0.4215 
   HI_SS0142  6 0.0162 0.0088 0.0156 0.2528 0.0043 0.0334 0.5895 0.0794 
   HI_SS0145  6 0.0013 0.0067 0.0087 0.7813 0.0148 0.1616 0.0123 0.0133 
   HI_SS0146  6 0.0011 0.0099 0.0144 0.0128 0.8476 0.0660 0.0428 0.0054 
   HI_SS0147  6 0.0325 0.0777 0.0711 0.1421 0.0056 0.4278 0.0374 0.2059 
   HI_SS0149  6 0.0039 0.0183 0.0089 0.0144 0.0335 0.0175 0.0099 0.8937 
   HI_SS0150  6 0.0046 0.0216 0.3360 0.0144 0.0133 0.0186 0.5550 0.0366 
   HI_SS0151  6 0.0132 0.0412 0.0162 0.0725 0.0444 0.2973 0.5092 0.0060 
   NS_SS1451  6 0.0033 0.0189 0.1006 0.0166 0.0143 0.4797 0.3475 0.0190 
   NS_SS1404  6 0.0099 0.0058 0.9041 0.0143 0.0131 0.0182 0.0121 0.0225 
   NS_SS1432  6 0.0362 0.0122 0.8438 0.0085 0.0089 0.0285 0.0158 0.0460 
   NS_SS1405  6 0.0031 0.0255 0.6270 0.0230 0.0462 0.2350 0.0197 0.0203 
   NS_SS1431  6 0.0008 0.0076 0.0450 0.0078 0.0052 0.0057 0.0127 0.9152 
   NS_SS1402  6 0.0030 0.0141 0.1557 0.0357 0.0103 0.6943 0.0445 0.0425 
   NS_SS1450  6 0.0039 0.0444 0.0949 0.2109 0.1421 0.2157 0.1867 0.1014 
   NS_SS1396  6 0.0074 0.0345 0.0857 0.0212 0.0265 0.0744 0.0937 0.6566 
   NS_SS1393  6 0.0039 0.9097 0.0285 0.0122 0.0083 0.0140 0.0135 0.0099 
   NS_SS1392  6 0.0177 0.0115 0.0970 0.0098 0.0228 0.0354 0.7967 0.0091 
   NS_SS1445  6 0.0065 0.0131 0.0069 0.9325 0.0123 0.0124 0.0065 0.0098 
   NS_SS1423  6 0.0014 0.0134 0.0217 0.2205 0.1381 0.0371 0.4676 0.1003 
   NS_SS1421  6 0.1050 0.1340 0.0470 0.0174 0.1318 0.0237 0.3905 0.1506 
   NS_SS1411  6 0.0015 0.8347 0.0221 0.0087 0.0986 0.0136 0.0109 0.0099 
   NS_SS1453  6 0.0074 0.0256 0.0130 0.0960 0.0208 0.0322 0.1684 0.6364 
   NS_SS1442  6 0.0038 0.1279 0.0391 0.1462 0.0280 0.5864 0.0364 0.0322 
   NS_SS1422  6 0.0097 0.0232 0.0257 0.1490 0.0347 0.0581 0.6893 0.0103 
   NS_SS1419  6 0.1523 0.6446 0.0496 0.0434 0.0066 0.0216 0.0698 0.0121 
   NS_SS1427  6 0.0020 0.0044 0.0094 0.0055 0.9355 0.0113 0.0286 0.0034 
   NS_SS1444  6 0.0032 0.0386 0.4893 0.4249 0.0066 0.0171 0.0141 0.0064 
   NS_SS1455  6 0.0014 0.0065 0.0243 0.0054 0.0073 0.0107 0.0103 0.9341 
   NS_SS1425  6 0.0013 0.8884 0.0024 0.0068 0.0782 0.0088 0.0067 0.0074 
   NS_SS1400  6 0.0017 0.0265 0.0202 0.0476 0.8355 0.0118 0.0139 0.0427 
   NS_SS1406  6 0.0119 0.0143 0.0220 0.0219 0.0053 0.0169 0.1037 0.8042 
   NS_SS1417  6 0.0084 0.0443 0.4556 0.0142 0.0384 0.3947 0.0146 0.0297 
   NS_SS1454  6 0.0011 0.0141 0.0125 0.0083 0.0536 0.0273 0.0146 0.8685 
   NS_SS1412  6 0.0184 0.0231 0.0202 0.0191 0.0390 0.8170 0.0062 0.0570 
   NS_SS1438  6 0.0019 0.5846 0.0163 0.0484 0.1886 0.0865 0.0560 0.0178 
   NS_SS1416  6 0.0084 0.5544 0.0407 0.0178 0.0034 0.1095 0.1150 0.1508 
   NS_SS1401  6 0.0145 0.1356 0.0925 0.0489 0.0417 0.2471 0.1568 0.2630 
   NS_SS1424  6 0.0111 0.0103 0.0134 0.0129 0.3894 0.4082 0.1335 0.0213 
   NS_SS1435  6 0.0030 0.0051 0.0190 0.0104 0.8775 0.0137 0.0499 0.0214 
   NS_SS1447  6 0.0079 0.0514 0.5144 0.0623 0.0147 0.2823 0.0132 0.0538 
   NS_SS1414  6 0.0076 0.0064 0.9144 0.0380 0.0075 0.0067 0.0067 0.0126 
   NS_SS1449  6 0.0031 0.0217 0.0038 0.0033 0.0041 0.0070 0.9479 0.0092 
   NS_SS1443  6 0.0018 0.0266 0.0051 0.6667 0.1965 0.0106 0.0505 0.0423 
   NS_SS1434  6 0.0008 0.0066 0.0442 0.0122 0.3577 0.2999 0.2292 0.0494 
   NS_SS1398  6 0.0302 0.4696 0.2064 0.0218 0.0542 0.1709 0.0275 0.0194 
   NS_SS1426  6 0.0024 0.0407 0.0112 0.7466 0.1521 0.0196 0.0127 0.0146 
   NS_SS1413  6 0.0103 0.0105 0.0145 0.0071 0.9291 0.0129 0.0096 0.0060 
   NS_SS1395  6 0.0097 0.0168 0.0081 0.6523 0.0142 0.0319 0.1563 0.1108 
   NS_SS1448  6 0.0016 0.0045 0.0097 0.0094 0.9410 0.0115 0.0115 0.0109 
   NS_SS1446  6 0.0024 0.0068 0.0191 0.0154 0.0100 0.8716 0.0622 0.0125 
   NS_SS1403  6 0.0050 0.0907 0.0290 0.1067 0.0114 0.0666 0.5239 0.1667 
   NS_SS1415  6 0.0102 0.0125 0.0098 0.0197 0.9206 0.0101 0.0126 0.0046 
   NS_SS1437  6 0.0077 0.0112 0.3408 0.1210 0.0411 0.0121 0.0082 0.4579 
   NS_SS1439  6 0.0024 0.0074 0.0090 0.0337 0.0075 0.8710 0.0136 0.0552 
   NS_SS1441  6 0.0023 0.1354 0.0313 0.1018 0.3391 0.2111 0.1448 0.0343 
   NS_SS1420  6 0.0030 0.0412 0.8924 0.0108 0.0082 0.0154 0.0220 0.0071 
   NS_SS1394  6 0.0430 0.0231 0.3235 0.5230 0.0066 0.0347 0.0155 0.0306 
   NS_SS1391  6 0.0114 0.0123 0.2689 0.1337 0.0426 0.4945 0.0221 0.0145 
   NS_SS1410  6 0.0133 0.0211 0.0100 0.0061 0.0181 0.0244 0.8578 0.0492 
   NS_SS1408  6 0.0639 0.0060 0.0062 0.0314 0.0193 0.1556 0.0796 0.6381 
   NS_SS1409  6 0.0026 0.0089 0.0106 0.0045 0.0085 0.9253 0.0322 0.0073 
   HI_SS0617  7 0.0013 0.0124 0.0745 0.0148 0.0071 0.7955 0.0863 0.0080 
   HI_SS0618  7 0.0030 0.0799 0.0402 0.0181 0.0080 0.0145 0.8187 0.0176 
   HI_SS0619  7 0.0039 0.0359 0.7262 0.0480 0.0423 0.1049 0.0074 0.0315 
   HI_SS0620  7 0.0023 0.0141 0.0061 0.0133 0.9178 0.0327 0.0102 0.0034 
   HI_SS0621  7 0.0159 0.0082 0.2167 0.0460 0.0134 0.6071 0.0623 0.0304 
   HI_SS0622  7 0.0113 0.0261 0.1482 0.6286 0.0622 0.0821 0.0258 0.0156 
   HI_SS0626  7 0.0088 0.0154 0.8432 0.0540 0.0131 0.0365 0.0088 0.0201 
   HI_SS0627  7 0.0087 0.3268 0.0190 0.0112 0.0080 0.0522 0.0358 0.5382 
   HI_SS0628  7 0.0567 0.0105 0.0362 0.0112 0.2979 0.0159 0.0478 0.5239 
   HI_SS0629  7 0.0066 0.1001 0.0450 0.0367 0.0843 0.5664 0.1393 0.0216 
   HI_SS0630  7 0.0746 0.1238 0.0469 0.0069 0.6905 0.0275 0.0190 0.0108 
   HI_SS0631  7 0.0010 0.0914 0.0237 0.0562 0.7672 0.0135 0.0367 0.0103 
   HI_SS0632  7 0.0040 0.5454 0.0282 0.0137 0.2790 0.0176 0.0412 0.0710 
   HI_SS0633  7 0.0035 0.0119 0.9286 0.0158 0.0053 0.0185 0.0119 0.0045 
   HI_SS0634  7 0.0023 0.0226 0.0132 0.0069 0.0195 0.7201 0.0358 0.1797 
   HI_SS0635  7 0.0104 0.0095 0.3938 0.0174 0.0111 0.5251 0.0131 0.0197 
   HI_SS0637  7 0.0031 0.0451 0.0101 0.3063 0.0065 0.5818 0.0166 0.0304 
   HI_SS0638  7 0.0014 0.0648 0.0679 0.0822 0.6893 0.0389 0.0262 0.0295 
   HI_SS0639  7 0.0512 0.0125 0.1123 0.4111 0.0069 0.1145 0.1894 0.1022 
   HI_SS0640  7 0.0015 0.0096 0.0104 0.9454 0.0118 0.0074 0.0079 0.0059 
   HI_SS0641  7 0.0053 0.0587 0.2930 0.0265 0.4667 0.1215 0.0212 0.0071 
   HI_SS0642  7 0.0025 0.0071 0.0367 0.0261 0.0136 0.0193 0.6703 0.2243 
   HI_SS0645  7 0.0009 0.7886 0.1670 0.0061 0.0081 0.0054 0.0181 0.0058 
   HI_SS0646  7 0.0022 0.0058 0.0157 0.6778 0.0127 0.0958 0.1788 0.0111 
   HI_SS0647  7 0.0015 0.0530 0.1122 0.0222 0.6179 0.0328 0.0877 0.0727 
   HI_SS0648  7 0.0032 0.0335 0.6231 0.1894 0.0758 0.0127 0.0325 0.0298 
   HI_SS0649  7 0.0018 0.5558 0.1523 0.0401 0.0089 0.1805 0.0474 0.0134 
   HI_SS0650  7 0.0037 0.0456 0.0187 0.0225 0.0070 0.5562 0.3165 0.0296 
   HI_SS0651  7 0.0031 0.0137 0.0160 0.9239 0.0099 0.0188 0.0066 0.0078 
   HI_SS0652  7 0.0038 0.1773 0.7040 0.0205 0.0384 0.0262 0.0100 0.0198 
   NS_SS1371  7 0.0056 0.0063 0.0090 0.0158 0.0078 0.7119 0.2332 0.0103 
   NS_SS1374  7 0.0022 0.0193 0.3728 0.0157 0.3501 0.0882 0.0264 0.1254 
   NS_SS1337  7 0.0045 0.0120 0.0134 0.0085 0.0292 0.0270 0.5407 0.3647 
   NS_SS1385  7 0.0046 0.0209 0.0191 0.2095 0.0089 0.4742 0.0191 0.2437 
   NS_SS1388  7 0.0061 0.0307 0.8721 0.0135 0.0388 0.0194 0.0055 0.0138 
   NS_SS1370  7 0.0125 0.6313 0.0079 0.0109 0.0080 0.0068 0.3042 0.0183 
   NS_SS1389  7 0.0029 0.0055 0.9598 0.0057 0.0063 0.0063 0.0063 0.0071 
   NS_SS1360  7 0.0050 0.1476 0.0171 0.5086 0.1779 0.0424 0.0794 0.0220 
   NS_SS1330  7 0.0035 0.0319 0.2718 0.0700 0.0088 0.3107 0.1990 0.1043 
   NS_SS1328  7 0.0023 0.0062 0.0163 0.0168 0.9175 0.0148 0.0132 0.0130 
   NS_SS1384  7 0.0029 0.0076 0.0044 0.9504 0.0072 0.0070 0.0143 0.0063 
   NS_SS1381  7 0.0010 0.0151 0.0800 0.0270 0.0058 0.1020 0.7233 0.0457 
   NS_SS1375  7 0.0011 0.0081 0.8495 0.0159 0.0289 0.0376 0.0484 0.0106 
   NS_SS1319  7 0.0736 0.0114 0.0152 0.0115 0.0117 0.0472 0.8197 0.0097 
   NS_SS1326  7 0.0116 0.0183 0.0181 0.0054 0.8223 0.0195 0.0144 0.0903 
   NS_SS1341  7 0.0048 0.7455 0.0067 0.0149 0.0116 0.0438 0.0151 0.1576 
   NS_SS1383  7 0.0041 0.0110 0.0046 0.0137 0.0204 0.0084 0.9114 0.0264 
   NS_SS1318  7 0.0156 0.0341 0.3610 0.0386 0.0598 0.4587 0.0184 0.0138 
   NS_SS1348  7 0.0016 0.0263 0.0095 0.0174 0.9119 0.0120 0.0123 0.0090 
   NS_SS1363  7 0.0037 0.0276 0.0219 0.0063 0.0510 0.8589 0.0121 0.0185 
   NS_SS1335  7 0.0344 0.2674 0.0101 0.1202 0.3231 0.0202 0.1008 0.1238 
   NS_SS1358  7 0.0121 0.0677 0.0029 0.0286 0.0554 0.0134 0.7641 0.0559 
   NS_SS1342  7 0.0017 0.0051 0.0092 0.0472 0.0484 0.1478 0.2597 0.4809 
   NS_SS1320  7 0.0050 0.0139 0.8216 0.0072 0.0049 0.0620 0.0333 0.0521 
   NS_SS1355  7 0.0151 0.0902 0.3826 0.4035 0.0040 0.0177 0.0215 0.0655 
   NS_SS1345  7 0.0133 0.0283 0.0218 0.8608 0.0093 0.0233 0.0317 0.0116 
   NS_SS1324  7 0.0028 0.0165 0.0230 0.1077 0.2592 0.0277 0.5420 0.0211 
   NS_SS1347  7 0.0037 0.0295 0.0130 0.7196 0.0074 0.0291 0.1840 0.0137 
   NS_SS1321  7 0.0014 0.1131 0.0110 0.0277 0.0327 0.1229 0.1408 0.5505 
   NS_SS1333  7 0.0027 0.0040 0.1711 0.0091 0.4067 0.3101 0.0416 0.0548 
   NS_SS1364  7 0.0020 0.2306 0.0059 0.5105 0.2067 0.0147 0.0086 0.0210 
   NS_SS1379  7 0.0549 0.8420 0.0107 0.0219 0.0071 0.0153 0.0120 0.0360 
   NS_SS1332  7 0.0071 0.0071 0.0193 0.0205 0.9025 0.0231 0.0062 0.0142 
   NS_SS1338  7 0.0045 0.9400 0.0064 0.0168 0.0052 0.0108 0.0116 0.0047 
   NS_SS1368  7 0.0061 0.0128 0.0452 0.0163 0.8346 0.0193 0.0196 0.0462 
   NS_SS1354  7 0.0166 0.0267 0.0637 0.1924 0.0463 0.2218 0.3497 0.0828 
   NS_SS1365  7 0.0099 0.0211 0.4403 0.0847 0.2755 0.1036 0.0114 0.0535 
   NS_SS1380  7 0.0174 0.0081 0.2825 0.3698 0.0066 0.1053 0.0241 0.1864 
   NS_SS1329  7 0.0029 0.0222 0.0054 0.0628 0.0336 0.0099 0.0078 0.8553 
   NS_SS1362  7 0.0048 0.0058 0.0347 0.3383 0.0539 0.4639 0.0346 0.0640 
   NS_SS1327  7 0.0033 0.0071 0.0034 0.0095 0.9556 0.0071 0.0094 0.0046 
   NS_SS1350  7 0.0054 0.0054 0.0324 0.0469 0.0200 0.7844 0.0962 0.0092 
   NS_SS1387  7 0.0041 0.4184 0.1319 0.3507 0.0107 0.0360 0.0201 0.0282 
   NS_SS1369  7 0.0028 0.9227 0.0056 0.0136 0.0241 0.0143 0.0087 0.0083 
   NS_SS1331  7 0.0099 0.2582 0.1677 0.0060 0.0244 0.0080 0.0632 0.4625 
   NS_SS1357  7 0.0026 0.0060 0.0082 0.0136 0.0178 0.0059 0.9263 0.0195 
   NS_SS1386  7 0.0029 0.0212 0.0042 0.0185 0.9107 0.0050 0.0050 0.0325 
   NS_SS1353  7 0.0034 0.0152 0.0637 0.0349 0.0223 0.1038 0.0101 0.7465 
   NS_SS1323  7 0.0556 0.0050 0.0372 0.7061 0.0053 0.0204 0.0162 0.1542 
   HI_SS0296  8 0.0013 0.8025 0.0070 0.0111 0.0151 0.0082 0.1466 0.0081 
   HI_SS0297  8 0.0007 0.0081 0.0125 0.0041 0.0513 0.0096 0.8895 0.0240 
   HI_SS0299  8 0.0264 0.1003 0.0144 0.1328 0.0175 0.0091 0.6699 0.0296 
   HI_SS0300  8 0.0010 0.9695 0.0055 0.0041 0.0065 0.0048 0.0039 0.0047 
   HI_SS0301  8 0.0044 0.2197 0.0186 0.1842 0.0320 0.1900 0.0078 0.3434 
   HI_SS0302  8 0.0187 0.0839 0.0180 0.3195 0.5264 0.0092 0.0133 0.0111 
   HI_SS0303  8 0.0074 0.0405 0.0146 0.0148 0.8482 0.0559 0.0041 0.0144 
   HI_SS0304  8 0.0030 0.1173 0.1040 0.0102 0.0509 0.0324 0.1245 0.5577 
   HI_SS0306  8 0.0025 0.0066 0.0081 0.0066 0.9581 0.0065 0.0049 0.0066 
   HI_SS0307  8 0.0085 0.0155 0.1411 0.0427 0.0049 0.7393 0.0082 0.0399 
   HI_SS0308  8 0.0592 0.0735 0.0074 0.0180 0.0094 0.0114 0.8081 0.0130 
   HI_SS0309  8 0.0047 0.0462 0.1915 0.2310 0.0075 0.2711 0.2083 0.0397 
   HI_SS0310  8 0.0064 0.0049 0.0663 0.8003 0.0687 0.0102 0.0326 0.0106 
   HI_SS0311  8 0.0039 0.0271 0.0820 0.0957 0.5874 0.0175 0.0904 0.0959 
   HI_SS0314  8 0.0014 0.0061 0.8822 0.0383 0.0436 0.0056 0.0101 0.0128 
   HI_SS0316  8 0.0047 0.0974 0.0512 0.6143 0.0689 0.0411 0.0294 0.0932 
   HI_SS0317  8 0.0020 0.0175 0.0130 0.0125 0.0084 0.9199 0.0147 0.0120 
   HI_SS0318  8 0.1680 0.7489 0.0036 0.0044 0.0180 0.0210 0.0074 0.0288 
   HI_SS0319  8 0.0065 0.0607 0.0093 0.0446 0.7512 0.0158 0.0869 0.0251 
   HI_SS0320  8 0.0011 0.0092 0.2966 0.0237 0.0051 0.0410 0.1409 0.4824 
   HI_SS0321  8 0.0019 0.0174 0.0067 0.0184 0.0116 0.7262 0.2096 0.0083 
   HI_SS0323  8 0.0016 0.0148 0.0416 0.0949 0.0409 0.7782 0.0178 0.0101 
   HI_SS0325  8 0.0020 0.0649 0.0934 0.0916 0.6496 0.0193 0.0067 0.0726 
   HI_SS0327  8 0.0014 0.0059 0.0047 0.0449 0.0275 0.0548 0.8381 0.0227 
   HI_SS0329  8 0.0017 0.1488 0.5859 0.0062 0.0388 0.1629 0.0117 0.0440 
   HI_SS0333  8 0.0030 0.5883 0.0202 0.0115 0.0203 0.0305 0.3074 0.0189 
   HI_SS0334  8 0.0013 0.9713 0.0032 0.0067 0.0028 0.0047 0.0055 0.0045 
   HI_SS0335  8 0.0190 0.0062 0.0109 0.5859 0.0065 0.0924 0.2677 0.0114 
   HI_SS0339  8 0.0127 0.2997 0.0613 0.3921 0.0102 0.0306 0.0942 0.0992 
   HI_SS0343  8 0.0020 0.0054 0.0616 0.2592 0.0103 0.0151 0.0589 0.5873 
   HI_SS0344  8 0.0033 0.0145 0.0044 0.0075 0.9472 0.0085 0.0067 0.0079 
   HI_SS0345  8 0.0092 0.0845 0.1450 0.0227 0.1325 0.0427 0.0242 0.5392 
   HI_SS0346  8 0.0032 0.0220 0.0114 0.0075 0.0403 0.0230 0.0101 0.8825 
   HI_SS0350  8 0.0088 0.1211 0.4606 0.2961 0.0033 0.0353 0.0647 0.0100 
   HI_SS0351  8 0.0027 0.0415 0.0160 0.7503 0.0111 0.1511 0.0052 0.0221 
   HI_SS0352  8 0.0885 0.0105 0.0119 0.0111 0.0149 0.0204 0.0098 0.8328 
   HI_SS0362  8 0.0027 0.0907 0.0388 0.3221 0.2701 0.2312 0.0161 0.0284 
   HI_SS0363  8 0.0027 0.0548 0.0118 0.3235 0.2292 0.0268 0.3191 0.0320 
   HI_SS0365  8 0.0053 0.2867 0.0360 0.0164 0.0486 0.4249 0.1472 0.0349 
   HI_SS0366  8 0.0016 0.0876 0.0203 0.0647 0.2296 0.5393 0.0406 0.0162 
   HI_SS0367  8 0.0025 0.0112 0.6121 0.0186 0.0045 0.3148 0.0126 0.0237 
   HI_SS0369  8 0.0029 0.2092 0.0410 0.0315 0.0063 0.0253 0.4910 0.1929 
