

----------------------------------------------------
STRUCTURE by Pritchard, Stephens and Donnelly (2000)
     and Falush, Stephens and Pritchard (2003)
       Code by Pritchard, Falush and Hubisz
             Version 2.3.4 (Jul 2012)
----------------------------------------------------



Command line arguments:   /home/genobiwan/Documents/Programs/Structure/structure -m parameter_job_k5_r8 
Input File:    /media/genobiwan/Storage/Projets/Mackerel_NWA_2021/data_job_k5_r8

Run parameters:
   629 individuals
   4140 loci
   5 populations assumed
   100000 Burn-in period
   200000 Reps


--------------------------------------------
Proportion of membership of each pre-defined
 population in each of the 5 clusters

Given    Inferred Clusters                     Number of
 Pop       1      2      3      4      5      Individuals

  1:     0.270  0.012  0.253  0.254  0.210       67
  2:     0.314  0.009  0.176  0.324  0.176       32
  3:     0.320  0.014  0.254  0.211  0.201       92
  4:     0.250  0.016  0.242  0.172  0.321       36
  5:     0.136  0.019  0.316  0.213  0.315       41
  6:     0.241  0.013  0.227  0.243  0.276      158
  7:     0.271  0.009  0.206  0.267  0.246       79
  8:     0.240  0.013  0.208  0.235  0.304       52
  9:     0.006  0.979  0.006  0.005  0.004       36
 10:     0.004  0.985  0.004  0.004  0.004       36
--------------------------------------------

Allele-freq. divergence among pops (Net nucleotide distance),
computed using point estimates of P.

      1       2       3       4       5      
 1      -    0.0048  0.0001  0.0001  0.0002  
 2   0.0048     -    0.0048  0.0049  0.0050  
 3   0.0001  0.0048     -    0.0002  0.0003  
 4   0.0001  0.0049  0.0002     -    0.0003  
 5   0.0002  0.0050  0.0003  0.0003     -    

Average distances (expected heterozygosity) between individuals in same cluster:
cluster  1  : 0.3189 
cluster  2  : 0.3055 
cluster  3  : 0.3183 
cluster  4  : 0.3184 
cluster  5  : 0.3181 

--------------------------------------------
Estimated Ln Prob of Data   = -2472809.6
Mean value of ln likelihood = -2465614.6
Variance of ln likelihood   = 14390.1
Mean value of alpha         = 0.0398

Mean value of Fst_1         = 0.0019
Mean value of Fst_2         = 0.0382
Mean value of Fst_3         = 0.0027
Mean value of Fst_4         = 0.0026
Mean value of Fst_5         = 0.0033


Inferred ancestry of individuals:
        Label (%Miss) Pop:  Inferred clusters
  1 NS_SS0963    (4)    1 :  0.524 0.005 0.422 0.033 0.016 
  2 NS_SS0983    (1)    1 :  0.693 0.004 0.011 0.005 0.287 
  3 NS_SS0719    (9)    1 :  0.655 0.004 0.022 0.290 0.029 
  4 NS_SS1001    (8)    1 :  0.038 0.007 0.017 0.625 0.313 
  5 NS_SS0936    (4)    1 :  0.051 0.003 0.861 0.056 0.031 
  6 NS_SS0955    (6)    1 :  0.060 0.003 0.195 0.036 0.706 
  7 NS_SS0944    (3)    1 :  0.021 0.002 0.097 0.072 0.807 
  8 NS_SS0945    (3)    1 :  0.057 0.010 0.073 0.192 0.668 
  9 NS_SS0922    (2)    1 :  0.325 0.024 0.098 0.546 0.006 
 10 NS_SS0929    (7)    1 :  0.086 0.003 0.655 0.067 0.188 
 11 NS_SS0956    (1)    1 :  0.175 0.005 0.034 0.766 0.020 
 12 NS_SS0906    (3)    1 :  0.368 0.002 0.352 0.249 0.028 
 13 NS_SS0721    (6)    1 :  0.964 0.003 0.007 0.014 0.011 
 14 NS_SS0982    (4)    1 :  0.255 0.018 0.512 0.195 0.021 
 15 NS_SS0923    (6)    1 :  0.296 0.004 0.268 0.420 0.013 
 16 NS_SS0905    (6)    1 :  0.690 0.002 0.032 0.259 0.018 
 17 NS_SS0925    (3)    1 :  0.744 0.004 0.204 0.040 0.008 
 18 NS_SS0947    (6)    1 :  0.085 0.005 0.806 0.084 0.020 
 19 NS_SS0926    (2)    1 :  0.010 0.001 0.012 0.018 0.959 
 20 NS_SS0918    (6)    1 :  0.046 0.003 0.798 0.070 0.082 
 21 NS_SS0966    (4)    1 :  0.081 0.042 0.788 0.052 0.037 
 22 NS_SS0938    (2)    1 :  0.008 0.001 0.495 0.476 0.020 
 23 NS_SS0917    (2)    1 :  0.742 0.032 0.011 0.189 0.026 
 24 NS_SS0957   (11)    1 :  0.032 0.006 0.473 0.462 0.027 
 25 NS_SS0987    (1)    1 :  0.136 0.240 0.211 0.339 0.075 
 26 NS_SS0717    (4)    1 :  0.022 0.003 0.027 0.933 0.015 
 27 NS_SS0986    (2)    1 :  0.275 0.003 0.158 0.402 0.162 
 28 NS_SS0953    (3)    1 :  0.013 0.013 0.905 0.053 0.016 
 29 NS_SS0907    (3)    1 :  0.310 0.040 0.584 0.047 0.020 
 30 NS_SS0974    (6)    1 :  0.250 0.005 0.173 0.188 0.384 
 31 NS_SS0989    (1)    1 :  0.082 0.001 0.413 0.015 0.489 
 32 NS_SS0991    (3)    1 :  0.104 0.002 0.037 0.014 0.843 
 33 NS_SS0994    (2)    1 :  0.009 0.002 0.011 0.023 0.955 
 34 NS_SS0931    (6)    1 :  0.019 0.009 0.013 0.008 0.950 
 35 NS_SS1000    (5)    1 :  0.265 0.004 0.634 0.079 0.018 
 36 NS_SS0919    (1)    1 :  0.740 0.002 0.200 0.017 0.041 
 37 NS_SS0949    (4)    1 :  0.043 0.001 0.010 0.007 0.939 
 38 NS_SS0960   (10)    1 :  0.688 0.006 0.051 0.094 0.161 
 39 NS_SS0716    (2)    1 :  0.009 0.006 0.005 0.975 0.005 
 40 NS_SS0924    (8)    1 :  0.545 0.019 0.092 0.071 0.273 
 41 NS_SS0935    (2)    1 :  0.247 0.008 0.012 0.042 0.690 
 42 NS_SS0952   (14)    1 :  0.244 0.041 0.259 0.048 0.409 
 43 NS_SS0962   (11)    1 :  0.232 0.008 0.291 0.459 0.010 
 44 NS_SS0973    (5)    1 :  0.820 0.003 0.090 0.022 0.065 
 45 NS_SS0722    (1)    1 :  0.148 0.002 0.128 0.709 0.013 
 46 NS_SS0979   (13)    1 :  0.043 0.002 0.243 0.693 0.018 
 47 NS_SS0993    (2)    1 :  0.070 0.019 0.314 0.582 0.015 
 48 NS_SS0958    (1)    1 :  0.040 0.003 0.043 0.048 0.866 
 49 NS_SS0988    (4)    1 :  0.141 0.005 0.306 0.351 0.197 
 50 NS_SS1003    (2)    1 :  0.379 0.010 0.468 0.131 0.011 
 51 NS_SS0976    (1)    1 :  0.085 0.002 0.588 0.018 0.308 
 52 NS_SS0964   (10)    1 :  0.132 0.002 0.029 0.829 0.008 
 53 NS_SS0939    (4)    1 :  0.009 0.004 0.005 0.977 0.006 
 54 NS_SS0990    (6)    1 :  0.015 0.003 0.320 0.639 0.023 
 55 NS_SS0984    (2)    1 :  0.009 0.002 0.014 0.968 0.006 
 56 NS_SS0980   (10)    1 :  0.305 0.002 0.628 0.044 0.021 
 57 NS_SS0978    (4)    1 :  0.836 0.003 0.087 0.030 0.045 
 58 NS_SS0951   (18)    1 :  0.107 0.003 0.019 0.286 0.585 
 59 NS_SS0913    (3)    1 :  0.017 0.028 0.030 0.915 0.011 
 60 NS_SS1002    (1)    1 :  0.012 0.031 0.942 0.009 0.005 
 61 NS_SS0948    (1)    1 :  0.018 0.043 0.670 0.173 0.095 
 62 NS_SS0916    (4)    1 :  0.710 0.005 0.148 0.077 0.061 
 63 NS_SS0995    (1)    1 :  0.660 0.002 0.024 0.306 0.007 
 64 NS_SS0927    (6)    1 :  0.903 0.004 0.016 0.045 0.032 
 65 NS_SS0992    (5)    1 :  0.692 0.003 0.190 0.066 0.049 
 66 NS_SS0912    (1)    1 :  0.109 0.003 0.025 0.047 0.815 
 67 NS_SS0981    (1)    1 :  0.605 0.003 0.320 0.034 0.038 
 68 NS_SS0729    (5)    2 :  0.107 0.004 0.027 0.008 0.855 
 69 NS_SS0967   (15)    2 :  0.488 0.011 0.427 0.032 0.042 
 70 NS_SS0941    (8)    2 :  0.180 0.083 0.086 0.522 0.128 
 71 NS_SS0768   (12)    2 :  0.028 0.004 0.891 0.046 0.031 
 72 NS_SS0726    (5)    2 :  0.362 0.008 0.137 0.035 0.458 
 73 NS_SS0763    (4)    2 :  0.220 0.002 0.067 0.069 0.642 
 74 NS_SS0730    (6)    2 :  0.031 0.003 0.097 0.856 0.013 
 75 NS_SS0774    (2)    2 :  0.132 0.001 0.520 0.342 0.005 
 76 NS_SS0723    (3)    2 :  0.597 0.002 0.230 0.166 0.006 
 77 NS_SS0940   (10)    2 :  0.415 0.007 0.020 0.140 0.419 
 78 NS_SS0762    (1)    2 :  0.011 0.003 0.022 0.957 0.007 
 79 NS_SS0766   (11)    2 :  0.165 0.012 0.014 0.725 0.084 
 80 NS_SS0724    (1)    2 :  0.090 0.005 0.262 0.603 0.039 
 81 NS_SS0769    (3)    2 :  0.475 0.003 0.382 0.095 0.045 
 82 NS_SS0777    (1)    2 :  0.429 0.013 0.017 0.054 0.488 
 83 NS_SS0734    (6)    2 :  0.445 0.022 0.011 0.309 0.213 
 84 NS_SS0737    (3)    2 :  0.083 0.006 0.188 0.714 0.008 
 85 NS_SS0732    (5)    2 :  0.897 0.005 0.030 0.057 0.011 
 86 NS_SS0728    (5)    2 :  0.338 0.010 0.251 0.348 0.052 
 87 NS_SS0735    (9)    2 :  0.724 0.007 0.205 0.043 0.021 
 88 NS_SS0725    (1)    2 :  0.006 0.008 0.365 0.584 0.037 
 89 NS_SS0788    (2)    2 :  0.661 0.001 0.121 0.207 0.009 
 90 NS_SS0778    (2)    2 :  0.835 0.001 0.078 0.055 0.030 
 91 NS_SS0792    (6)    2 :  0.167 0.005 0.307 0.476 0.045 
 92 NS_SS0943   (11)    2 :  0.014 0.008 0.045 0.010 0.923 
 93 NS_SS0791    (2)    2 :  0.852 0.012 0.009 0.060 0.066 
 94 NS_SS0790    (5)    2 :  0.013 0.004 0.591 0.387 0.005 
 95 NS_SS0731    (6)    2 :  0.026 0.012 0.017 0.937 0.009 
 96 NS_SS0727    (7)    2 :  0.029 0.002 0.012 0.297 0.660 
 97 NS_SS0779   (13)    2 :  0.873 0.006 0.017 0.066 0.038 
 98 NS_SS0776    (3)    2 :  0.352 0.008 0.175 0.223 0.243 
 99 NS_SS0775    (5)    2 :  0.012 0.006 0.025 0.947 0.009 
100 NS_SS0965    (3)    3 :  0.575 0.002 0.335 0.050 0.038 
101 NS_SS0754   (14)    3 :  0.433 0.013 0.055 0.024 0.475 
102 NS_SS0838    (5)    3 :  0.551 0.041 0.151 0.133 0.124 
103 NS_SS0839    (3)    3 :  0.068 0.003 0.581 0.343 0.005 
104 NS_SS0832    (4)    3 :  0.331 0.051 0.362 0.250 0.006 
105 NS_SS0820    (5)    3 :  0.492 0.007 0.137 0.359 0.005 
106 NS_SS0886    (9)    3 :  0.796 0.002 0.026 0.076 0.100 
107 NS_SS0748    (5)    3 :  0.094 0.009 0.113 0.083 0.700 
108 NS_SS0884    (9)    3 :  0.185 0.023 0.717 0.039 0.035 
109 NS_SS0752    (4)    3 :  0.774 0.002 0.130 0.078 0.016 
110 NS_SS0862    (1)    3 :  0.717 0.004 0.196 0.074 0.009 
111 NS_SS0787    (9)    3 :  0.018 0.007 0.014 0.014 0.946 
112 NS_SS0843    (6)    3 :  0.793 0.002 0.067 0.097 0.041 
113 NS_SS0856    (4)    3 :  0.252 0.003 0.044 0.686 0.014 
114 NS_SS0846    (2)    3 :  0.087 0.003 0.677 0.012 0.221 
115 NS_SS0825    (1)    3 :  0.078 0.010 0.512 0.372 0.029 
116 NS_SS0757    (3)    3 :  0.617 0.003 0.078 0.032 0.270 
117 NS_SS0876    (3)    3 :  0.279 0.210 0.375 0.129 0.008 
118 NS_SS0903   (10)    3 :  0.650 0.002 0.330 0.011 0.006 
119 NS_SS0875    (7)    3 :  0.100 0.003 0.027 0.812 0.058 
120 NS_SS0740    (5)    3 :  0.763 0.003 0.141 0.052 0.041 
121 NS_SS0811    (5)    3 :  0.118 0.009 0.309 0.535 0.028 
122 NS_SS0751    (1)    3 :  0.407 0.002 0.108 0.429 0.054 
123 NS_SS0891    (6)    3 :  0.021 0.005 0.370 0.587 0.017 
124 NS_SS0867    (2)    3 :  0.061 0.029 0.490 0.019 0.400 
125 NS_SS0890    (6)    3 :  0.851 0.004 0.035 0.035 0.075 
126 NS_SS0866   (12)    3 :  0.029 0.006 0.022 0.163 0.780 
127 NS_SS0755    (4)    3 :  0.085 0.007 0.082 0.757 0.070 
128 NS_SS0758    (4)    3 :  0.710 0.002 0.176 0.023 0.089 
129 NS_SS0840    (2)    3 :  0.184 0.002 0.457 0.349 0.008 
130 NS_SS0889    (4)    3 :  0.018 0.002 0.035 0.029 0.915 
131 NS_SS1010    (1)    3 :  0.140 0.033 0.775 0.033 0.018 
132 NS_SS0888    (5)    3 :  0.335 0.002 0.012 0.017 0.634 
133 NS_SS0837    (3)    3 :  0.123 0.003 0.137 0.689 0.047 
134 NS_SS0794   (10)    3 :  0.028 0.003 0.026 0.036 0.907 
135 NS_SS0823    (5)    3 :  0.134 0.004 0.764 0.064 0.033 
136 NS_SS0829    (7)    3 :  0.072 0.122 0.050 0.008 0.749 
137 NS_SS0844    (5)    3 :  0.031 0.002 0.953 0.009 0.005 
138 NS_SS1008    (6)    3 :  0.074 0.012 0.020 0.405 0.489 
139 NS_SS0881    (3)    3 :  0.376 0.003 0.170 0.257 0.195 
140 NS_SS0834    (6)    3 :  0.030 0.006 0.561 0.385 0.017 
141 NS_SS0744   (10)    3 :  0.864 0.005 0.101 0.014 0.016 
142 NS_SS0899    (7)    3 :  0.052 0.001 0.487 0.453 0.007 
143 NS_SS0804    (5)    3 :  0.159 0.005 0.602 0.228 0.007 
144 NS_SS0781   (10)    3 :  0.033 0.003 0.930 0.030 0.004 
145 NS_SS0822    (6)    3 :  0.095 0.002 0.055 0.013 0.835 
146 NS_SS1004    (4)    3 :  0.696 0.004 0.210 0.024 0.066 
147 NS_SS0746    (5)    3 :  0.190 0.014 0.127 0.178 0.491 
148 NS_SS0880    (3)    3 :  0.382 0.002 0.401 0.043 0.172 
149 NS_SS0879    (5)    3 :  0.022 0.014 0.433 0.481 0.050 
150 NS_SS0753    (2)    3 :  0.400 0.009 0.040 0.028 0.523 
151 NS_SS1007    (3)    3 :  0.921 0.002 0.012 0.054 0.011 
152 NS_SS0872    (5)    3 :  0.109 0.002 0.554 0.323 0.011 
153 NS_SS1005    (7)    3 :  0.353 0.001 0.550 0.061 0.036 
154 NS_SS0892    (6)    3 :  0.517 0.002 0.109 0.212 0.160 
155 NS_SS0898    (0)    3 :  0.009 0.006 0.029 0.632 0.325 
156 NS_SS0801    (9)    3 :  0.372 0.010 0.290 0.308 0.020 
157 NS_SS0827    (9)    3 :  0.128 0.117 0.022 0.599 0.135 
158 NS_SS0853    (7)    3 :  0.131 0.006 0.419 0.414 0.030 
159 NS_SS0780    (2)    3 :  0.608 0.004 0.360 0.021 0.007 
160 NS_SS0826   (10)    3 :  0.009 0.003 0.932 0.016 0.040 
161 NS_SS0818    (5)    3 :  0.093 0.001 0.379 0.508 0.018 
162 NS_SS0745    (1)    3 :  0.006 0.001 0.005 0.982 0.006 
163 NS_SS0849    (3)    3 :  0.354 0.002 0.034 0.581 0.029 
164 NS_SS0739    (3)    3 :  0.721 0.011 0.011 0.247 0.011 
165 NS_SS0799    (1)    3 :  0.507 0.001 0.016 0.045 0.431 
166 NS_SS0756    (3)    3 :  0.026 0.003 0.949 0.014 0.008 
167 NS_SS0802    (2)    3 :  0.697 0.183 0.008 0.017 0.096 
168 NS_SS0747    (6)    3 :  0.909 0.004 0.071 0.009 0.007 
169 NS_SS0835    (1)    3 :  0.075 0.001 0.070 0.115 0.739 
170 NS_SS0742   (19)    3 :  0.707 0.001 0.161 0.117 0.013 
171 NS_SS0760    (9)    3 :  0.034 0.049 0.019 0.014 0.884 
172 NS_SS0803    (4)    3 :  0.014 0.006 0.968 0.009 0.004 
173 NS_SS0828   (14)    3 :  0.398 0.001 0.063 0.312 0.225 
174 NS_SS0865    (2)    3 :  0.735 0.022 0.176 0.031 0.037 
175 NS_SS0759    (5)    3 :  0.864 0.004 0.021 0.101 0.010 
176 NS_SS0851    (5)    3 :  0.013 0.012 0.040 0.929 0.005 
177 NS_SS0874   (16)    3 :  0.017 0.001 0.950 0.024 0.008 
178 NS_SS0761    (6)    3 :  0.058 0.003 0.279 0.035 0.625 
179 NS_SS0842   (26)    3 :  0.031 0.008 0.088 0.762 0.111 
180 NS_SS0785    (6)    3 :  0.668 0.005 0.173 0.024 0.129 
181 NS_SS0860   (11)    3 :  0.479 0.003 0.051 0.025 0.442 
182 NS_SS0897    (7)    3 :  0.008 0.002 0.010 0.011 0.970 
183 NS_SS0841   (15)    3 :  0.330 0.004 0.352 0.289 0.026 
184 NS_SS0797    (7)    3 :  0.013 0.023 0.014 0.268 0.683 
185 NS_SS0830   (11)    3 :  0.304 0.002 0.083 0.507 0.104 
186 NS_SS1011    (5)    3 :  0.019 0.005 0.962 0.008 0.006 
187 NS_SS0883    (5)    3 :  0.925 0.005 0.010 0.045 0.016 
188 NS_SS0782    (2)    3 :  0.186 0.002 0.050 0.521 0.241 
189 NS_SS0831    (5)    3 :  0.116 0.003 0.035 0.055 0.791 
190 NS_SS0749    (7)    3 :  0.949 0.003 0.011 0.013 0.024 
191 NS_SS0854    (2)    3 :  0.628 0.002 0.071 0.139 0.160 
192 HI_SS0193    (0)    4 :  0.007 0.001 0.011 0.023 0.957 
193 HI_SS0194    (1)    4 :  0.010 0.002 0.604 0.334 0.050 
194 HI_SS0195   (10)    4 :  0.474 0.103 0.137 0.276 0.010 
195 HI_SS0196    (6)    4 :  0.619 0.003 0.048 0.106 0.224 
196 HI_SS0197    (3)    4 :  0.058 0.010 0.911 0.018 0.004 
197 HI_SS0198    (1)    4 :  0.678 0.008 0.139 0.121 0.055 
198 HI_SS0199    (1)    4 :  0.512 0.002 0.085 0.039 0.361 
199 HI_SS0201    (5)    4 :  0.080 0.002 0.038 0.009 0.872 
200 HI_SS0215    (1)    4 :  0.286 0.003 0.322 0.015 0.374 
201 HI_SS0218    (1)    4 :  0.050 0.005 0.010 0.023 0.911 
202 HI_SS0222    (0)    4 :  0.629 0.005 0.019 0.279 0.069 
203 HI_SS0230    (1)    4 :  0.515 0.005 0.185 0.280 0.015 
204 HI_SS0234    (2)    4 :  0.106 0.148 0.673 0.051 0.022 
205 HI_SS0240    (1)    4 :  0.911 0.006 0.035 0.037 0.011 
206 HI_SS0241    (0)    4 :  0.131 0.002 0.159 0.038 0.670 
207 HI_SS0242    (0)    4 :  0.045 0.003 0.055 0.645 0.252 
208 HI_SS0247    (0)    4 :  0.005 0.016 0.956 0.015 0.009 
209 HI_SS0248    (1)    4 :  0.020 0.001 0.008 0.013 0.958 
210 HI_SS0252    (2)    4 :  0.073 0.002 0.638 0.172 0.116 
211 HI_SS0254    (0)    4 :  0.247 0.086 0.045 0.024 0.597 
212 HI_SS0256    (0)    4 :  0.012 0.001 0.950 0.034 0.003 
213 HI_SS0257    (0)    4 :  0.107 0.003 0.619 0.018 0.253 
214 HI_SS0258    (1)    4 :  0.032 0.004 0.009 0.017 0.938 
215 HI_SS0259    (1)    4 :  0.161 0.003 0.412 0.404 0.021 
216 HI_SS0260    (1)    4 :  0.269 0.002 0.040 0.029 0.661 
217 HI_SS0261    (2)    4 :  0.104 0.003 0.083 0.069 0.740 
218 HI_SS0262    (0)    4 :  0.174 0.008 0.074 0.733 0.012 
219 HI_SS0264    (0)    4 :  0.161 0.004 0.276 0.499 0.059 
220 HI_SS0265    (0)    4 :  0.062 0.098 0.058 0.770 0.012 
221 HI_SS0268    (1)    4 :  0.629 0.003 0.193 0.081 0.095 
222 HI_SS0269    (0)    4 :  0.479 0.001 0.101 0.018 0.401 
223 HI_SS0273    (0)    4 :  0.146 0.002 0.080 0.037 0.736 
224 HI_SS0277    (1)    4 :  0.338 0.003 0.590 0.044 0.026 
225 HI_SS0280    (0)    4 :  0.268 0.006 0.016 0.644 0.067 
226 HI_SS0282    (1)    4 :  0.152 0.001 0.050 0.012 0.785 
227 HI_SS0286    (1)    4 :  0.447 0.008 0.075 0.254 0.215 
228 NS_SS1252    (3)    5 :  0.019 0.004 0.007 0.007 0.964 
229 NS_SS1261    (1)    5 :  0.176 0.017 0.686 0.082 0.039 
230 NS_SS1225   (10)    5 :  0.032 0.063 0.850 0.007 0.048 
231 NS_SS1266    (1)    5 :  0.018 0.006 0.944 0.027 0.005 
232 NS_SS1228    (0)    5 :  0.048 0.012 0.032 0.900 0.008 
233 NS_SS1255    (3)    5 :  0.022 0.001 0.335 0.610 0.031 
234 NS_SS1267    (3)    5 :  0.053 0.013 0.008 0.009 0.917 
235 NS_SS1238    (6)    5 :  0.092 0.003 0.085 0.432 0.387 
236 NS_SS1233    (8)    5 :  0.039 0.002 0.773 0.074 0.113 
237 NS_SS1277    (3)    5 :  0.011 0.001 0.006 0.061 0.921 
238 NS_SS1245    (1)    5 :  0.092 0.002 0.058 0.219 0.630 
239 NS_SS1240    (4)    5 :  0.072 0.002 0.010 0.006 0.910 
240 NS_SS1275    (2)    5 :  0.011 0.003 0.518 0.464 0.005 
241 NS_SS1235    (1)    5 :  0.049 0.005 0.831 0.078 0.037 
242 NS_SS1263    (1)    5 :  0.019 0.001 0.553 0.397 0.030 
243 NS_SS1251    (2)    5 :  0.011 0.002 0.962 0.013 0.012 
244 NS_SS1248    (0)    5 :  0.023 0.113 0.022 0.125 0.716 
245 NS_SS1244    (0)    5 :  0.060 0.004 0.842 0.009 0.084 
246 NS_SS1257    (1)    5 :  0.398 0.025 0.059 0.029 0.488 
247 NS_SS1242    (2)    5 :  0.029 0.002 0.022 0.938 0.008 
248 NS_SS1271    (6)    5 :  0.016 0.025 0.010 0.047 0.901 
249 NS_SS1265    (1)    5 :  0.024 0.024 0.037 0.028 0.888 
250 NS_SS1243    (0)    5 :  0.299 0.079 0.010 0.588 0.023 
251 NS_SS1273    (1)    5 :  0.027 0.009 0.067 0.886 0.011 
252 NS_SS1254   (14)    5 :  0.016 0.005 0.772 0.190 0.016 
253 NS_SS1224    (1)    5 :  0.246 0.007 0.308 0.423 0.016 
254 NS_SS1227    (8)    5 :  0.212 0.002 0.017 0.360 0.410 
255 NS_SS1274    (9)    5 :  0.278 0.019 0.273 0.019 0.412 
256 NS_SS1241    (1)    5 :  0.047 0.001 0.210 0.036 0.706 
257 NS_SS1256    (3)    5 :  0.028 0.037 0.598 0.075 0.262 
258 NS_SS1260    (8)    5 :  0.514 0.067 0.060 0.041 0.317 
259 NS_SS1262    (0)    5 :  0.179 0.175 0.402 0.024 0.219 
260 NS_SS1230    (0)    5 :  0.171 0.009 0.098 0.076 0.646 
261 NS_SS1270    (2)    5 :  0.184 0.002 0.529 0.250 0.035 
262 NS_SS1229    (2)    5 :  0.114 0.004 0.855 0.015 0.012 
263 NS_SS1246    (5)    5 :  0.095 0.003 0.199 0.084 0.620 
264 NS_SS1269    (0)    5 :  0.895 0.002 0.033 0.045 0.025 
265 NS_SS1239    (1)    5 :  0.655 0.005 0.036 0.277 0.027 
266 NS_SS1272    (5)    5 :  0.022 0.006 0.738 0.223 0.011 
267 NS_SS1268    (1)    5 :  0.282 0.003 0.087 0.548 0.080 
268 NS_SS1249    (1)    5 :  0.017 0.012 0.020 0.014 0.938 
269 HI_SS0559    (0)    6 :  0.452 0.002 0.064 0.138 0.344 
270 HI_SS0563    (1)    6 :  0.319 0.003 0.348 0.049 0.281 
271 HI_SS0564    (0)    6 :  0.663 0.045 0.110 0.161 0.021 
272 HI_SS0565    (0)    6 :  0.321 0.003 0.169 0.237 0.270 
273 HI_SS0569    (1)    6 :  0.181 0.002 0.027 0.010 0.780 
274 HI_SS0570    (0)    6 :  0.108 0.039 0.033 0.024 0.795 
275 HI_SS0572    (1)    6 :  0.135 0.002 0.207 0.641 0.014 
276 HI_SS0576    (1)    6 :  0.342 0.005 0.102 0.505 0.046 
277 HI_SS0579    (1)    6 :  0.350 0.016 0.161 0.023 0.449 
278 HI_SS0580    (1)    6 :  0.080 0.005 0.040 0.644 0.232 
279 HI_SS0581    (0)    6 :  0.391 0.064 0.041 0.494 0.010 
280 HI_SS0583    (1)    6 :  0.096 0.003 0.178 0.187 0.536 
281 HI_SS0586    (1)    6 :  0.015 0.001 0.008 0.014 0.961 
282 HI_SS0588    (1)    6 :  0.214 0.020 0.111 0.072 0.583 
283 HI_SS0595    (4)    6 :  0.178 0.023 0.083 0.453 0.263 
284 HI_SS0596    (0)    6 :  0.006 0.002 0.022 0.962 0.009 
285 HI_SS0597    (1)    6 :  0.032 0.002 0.378 0.575 0.013 
286 HI_SS0600    (0)    6 :  0.725 0.003 0.240 0.009 0.023 
287 HI_SS0601    (1)    6 :  0.124 0.012 0.756 0.018 0.089 
288 HI_SS0602    (1)    6 :  0.611 0.002 0.041 0.256 0.089 
289 HI_SS0604    (0)    6 :  0.457 0.002 0.140 0.190 0.212 
290 HI_SS0605    (1)    6 :  0.889 0.005 0.014 0.036 0.055 
291 HI_SS0608    (0)    6 :  0.017 0.001 0.011 0.947 0.024 
292 HI_SS0609    (0)    6 :  0.011 0.001 0.718 0.255 0.015 
293 HI_SS0611    (5)    6 :  0.272 0.003 0.024 0.074 0.627 
294 HI_SS0612    (0)    6 :  0.077 0.005 0.874 0.008 0.037 
295 HI_SS0613    (1)    6 :  0.861 0.001 0.050 0.052 0.035 
296 HI_SS0615    (1)    6 :  0.408 0.009 0.254 0.320 0.009 
297 HI_SS0001    (1)    6 :  0.040 0.004 0.240 0.083 0.633 
298 HI_SS0002    (1)    6 :  0.020 0.020 0.917 0.036 0.007 
299 HI_SS0004    (0)    6 :  0.100 0.006 0.019 0.096 0.780 
300 HI_SS0005    (1)    6 :  0.704 0.006 0.027 0.194 0.070 
301 HI_SS0006    (1)    6 :  0.161 0.002 0.616 0.017 0.204 
302 HI_SS0007    (1)    6 :  0.025 0.002 0.006 0.028 0.938 
303 HI_SS0008    (0)    6 :  0.511 0.034 0.087 0.293 0.075 
304 HI_SS0009    (0)    6 :  0.115 0.004 0.015 0.812 0.054 
305 HI_SS0010    (1)    6 :  0.184 0.003 0.029 0.080 0.704 
306 HI_SS0011    (1)    6 :  0.014 0.088 0.669 0.208 0.020 
307 HI_SS0012    (0)    6 :  0.645 0.004 0.203 0.142 0.007 
308 HI_SS0017    (1)    6 :  0.025 0.002 0.371 0.571 0.031 
309 HI_SS0021    (1)    6 :  0.022 0.236 0.015 0.252 0.474 
310 HI_SS0024    (1)    6 :  0.077 0.003 0.120 0.614 0.187 
311 HI_SS0025    (1)    6 :  0.012 0.003 0.015 0.960 0.010 
312 HI_SS0027    (0)    6 :  0.133 0.012 0.012 0.010 0.833 
313 HI_SS0028    (0)    6 :  0.109 0.002 0.225 0.656 0.008 
314 HI_SS0029    (1)    6 :  0.083 0.006 0.015 0.872 0.024 
315 HI_SS0030    (2)    6 :  0.444 0.006 0.050 0.144 0.356 
316 HI_SS0031    (0)    6 :  0.662 0.004 0.176 0.147 0.011 
317 HI_SS0034    (0)    6 :  0.088 0.005 0.012 0.007 0.887 
318 HI_SS0036    (0)    6 :  0.062 0.014 0.009 0.072 0.842 
319 HI_SS0037    (1)    6 :  0.141 0.005 0.118 0.103 0.633 
320 HI_SS0039    (0)    6 :  0.022 0.003 0.011 0.255 0.710 
321 HI_SS0041    (1)    6 :  0.033 0.001 0.013 0.946 0.007 
322 HI_SS0042    (1)    6 :  0.090 0.114 0.106 0.681 0.010 
323 HI_SS0043    (1)    6 :  0.126 0.003 0.009 0.007 0.855 
324 HI_SS0044    (1)    6 :  0.083 0.002 0.009 0.844 0.061 
325 HI_SS0047    (1)    6 :  0.759 0.002 0.126 0.094 0.019 
326 HI_SS0049    (1)    6 :  0.031 0.003 0.064 0.833 0.068 
327 HI_SS0051    (1)    6 :  0.901 0.002 0.043 0.032 0.022 
328 HI_SS0053    (1)    6 :  0.082 0.004 0.016 0.017 0.880 
329 HI_SS0054    (4)    6 :  0.012 0.004 0.013 0.008 0.963 
330 HI_SS0057    (0)    6 :  0.240 0.003 0.280 0.408 0.070 
331 HI_SS0058    (0)    6 :  0.066 0.006 0.770 0.053 0.105 
332 HI_SS0060    (0)    6 :  0.544 0.079 0.107 0.050 0.221 
333 HI_SS0087    (1)    6 :  0.151 0.003 0.534 0.020 0.293 
334 HI_SS0091    (1)    6 :  0.063 0.001 0.651 0.009 0.275 
335 HI_SS0095    (1)    6 :  0.715 0.039 0.190 0.023 0.032 
336 HI_SS0097    (3)    6 :  0.419 0.004 0.547 0.014 0.016 
337 HI_SS0099    (1)    6 :  0.008 0.004 0.011 0.970 0.008 
338 HI_SS0103    (0)    6 :  0.707 0.003 0.215 0.064 0.011 
339 HI_SS0105    (1)    6 :  0.363 0.025 0.553 0.033 0.026 
340 HI_SS0107    (1)    6 :  0.015 0.001 0.528 0.445 0.011 
341 HI_SS0108    (1)    6 :  0.022 0.021 0.008 0.006 0.943 
342 HI_SS0110    (0)    6 :  0.522 0.001 0.383 0.072 0.022 
343 HI_SS0111    (1)    6 :  0.866 0.025 0.046 0.056 0.008 
344 HI_SS0112    (0)    6 :  0.007 0.001 0.005 0.006 0.980 
345 HI_SS0113    (1)    6 :  0.042 0.003 0.582 0.360 0.014 
346 HI_SS0114    (1)    6 :  0.576 0.004 0.075 0.028 0.317 
347 HI_SS0115    (1)    6 :  0.779 0.015 0.018 0.066 0.122 
348 HI_SS0116    (4)    6 :  0.025 0.003 0.011 0.748 0.213 
349 HI_SS0117    (0)    6 :  0.037 0.002 0.817 0.011 0.133 
350 HI_SS0118    (0)    6 :  0.072 0.012 0.378 0.359 0.179 
351 HI_SS0119    (1)    6 :  0.696 0.002 0.155 0.008 0.139 
352 HI_SS0120    (1)    6 :  0.008 0.003 0.479 0.501 0.008 
353 HI_SS0121    (0)    6 :  0.072 0.001 0.769 0.153 0.005 
354 HI_SS0122    (2)    6 :  0.118 0.023 0.540 0.281 0.037 
355 HI_SS0123    (0)    6 :  0.468 0.004 0.483 0.030 0.015 
356 HI_SS0124    (1)    6 :  0.022 0.002 0.032 0.936 0.007 
357 HI_SS0125    (1)    6 :  0.271 0.032 0.058 0.632 0.006 
358 HI_SS0126    (0)    6 :  0.008 0.001 0.006 0.022 0.964 
359 HI_SS0127    (0)    6 :  0.753 0.008 0.026 0.032 0.181 
360 HI_SS0128    (0)    6 :  0.128 0.003 0.165 0.162 0.541 
361 HI_SS0129    (1)    6 :  0.361 0.010 0.022 0.121 0.486 
362 HI_SS0131    (2)    6 :  0.016 0.035 0.122 0.115 0.712 
363 HI_SS0132    (0)    6 :  0.127 0.001 0.636 0.087 0.149 
364 HI_SS0133    (1)    6 :  0.003 0.001 0.002 0.004 0.988 
365 HI_SS0134    (1)    6 :  0.253 0.002 0.536 0.107 0.102 
366 HI_SS0142    (3)    6 :  0.339 0.015 0.622 0.017 0.007 
367 HI_SS0145    (0)    6 :  0.296 0.001 0.300 0.020 0.383 
368 HI_SS0146    (1)    6 :  0.049 0.001 0.016 0.055 0.879 
369 HI_SS0147    (1)    6 :  0.171 0.027 0.595 0.200 0.008 
370 HI_SS0149    (1)    6 :  0.029 0.004 0.897 0.029 0.042 
371 HI_SS0150    (2)    6 :  0.385 0.005 0.248 0.335 0.027 
372 HI_SS0151    (0)    6 :  0.929 0.011 0.018 0.013 0.030 
373 NS_SS1451    (1)    6 :  0.347 0.004 0.044 0.597 0.007 
374 NS_SS1404    (0)    6 :  0.028 0.011 0.366 0.580 0.014 
375 NS_SS1432    (2)    6 :  0.109 0.031 0.031 0.825 0.004 
376 NS_SS1405    (5)    6 :  0.251 0.004 0.056 0.500 0.189 
377 NS_SS1431   (10)    6 :  0.052 0.001 0.076 0.847 0.024 
378 NS_SS1402    (3)    6 :  0.039 0.002 0.922 0.025 0.012 
379 NS_SS1450    (3)    6 :  0.162 0.004 0.058 0.047 0.729 
380 NS_SS1396    (0)    6 :  0.554 0.006 0.270 0.131 0.038 
381 NS_SS1393    (5)    6 :  0.875 0.003 0.041 0.057 0.023 
382 NS_SS1392   (10)    6 :  0.103 0.016 0.027 0.819 0.036 
383 NS_SS1445    (0)    6 :  0.063 0.009 0.027 0.016 0.885 
384 NS_SS1423    (0)    6 :  0.078 0.001 0.686 0.034 0.201 
385 NS_SS1421    (9)    6 :  0.065 0.094 0.160 0.024 0.657 
386 NS_SS1411    (6)    6 :  0.311 0.002 0.009 0.041 0.637 
387 NS_SS1453    (6)    6 :  0.297 0.005 0.411 0.064 0.222 
388 NS_SS1442    (3)    6 :  0.488 0.004 0.122 0.213 0.173 
389 NS_SS1422    (1)    6 :  0.109 0.010 0.771 0.030 0.079 
390 NS_SS1419    (1)    6 :  0.028 0.165 0.715 0.073 0.019 
391 NS_SS1427    (0)    6 :  0.009 0.002 0.007 0.007 0.975 
392 NS_SS1444    (4)    6 :  0.045 0.004 0.033 0.900 0.019 
393 NS_SS1455    (0)    6 :  0.022 0.001 0.503 0.461 0.013 
394 NS_SS1425    (2)    6 :  0.211 0.001 0.016 0.009 0.762 
395 NS_SS1400    (0)    6 :  0.005 0.001 0.009 0.011 0.974 
396 NS_SS1406    (2)    6 :  0.023 0.007 0.954 0.011 0.005 
397 NS_SS1417    (6)    6 :  0.024 0.007 0.716 0.141 0.112 
398 NS_SS1454    (3)    6 :  0.047 0.001 0.424 0.154 0.373 
399 NS_SS1412    (1)    6 :  0.287 0.027 0.127 0.234 0.324 
400 NS_SS1438    (1)    6 :  0.108 0.001 0.030 0.014 0.847 
401 NS_SS1416    (4)    6 :  0.637 0.005 0.186 0.160 0.011 
402 NS_SS1401    (0)    6 :  0.264 0.013 0.657 0.046 0.021 
403 NS_SS1424    (6)    6 :  0.072 0.015 0.204 0.167 0.542 
404 NS_SS1435   (10)    6 :  0.238 0.003 0.027 0.494 0.239 
405 NS_SS1447    (4)    6 :  0.074 0.008 0.269 0.612 0.037 
406 NS_SS1414    (3)    6 :  0.016 0.007 0.179 0.772 0.026 
407 NS_SS1449   (14)    6 :  0.170 0.003 0.802 0.018 0.007 
408 NS_SS1443    (4)    6 :  0.279 0.002 0.050 0.008 0.661 
409 NS_SS1434    (1)    6 :  0.042 0.001 0.099 0.522 0.337 
410 NS_SS1398    (1)    6 :  0.503 0.018 0.011 0.365 0.102 
411 NS_SS1426    (1)    6 :  0.085 0.002 0.011 0.007 0.894 
412 NS_SS1413    (0)    6 :  0.011 0.010 0.010 0.014 0.955 
413 NS_SS1395    (1)    6 :  0.881 0.008 0.020 0.009 0.082 
414 NS_SS1448   (10)    6 :  0.023 0.002 0.013 0.088 0.875 
415 NS_SS1446    (0)    6 :  0.151 0.004 0.580 0.143 0.122 
416 NS_SS1403    (2)    6 :  0.293 0.006 0.449 0.224 0.028 
417 NS_SS1415    (0)    6 :  0.020 0.010 0.010 0.009 0.951 
418 NS_SS1437    (4)    6 :  0.033 0.008 0.202 0.621 0.137 
419 NS_SS1439    (2)    6 :  0.424 0.003 0.496 0.068 0.009 
420 NS_SS1441    (3)    6 :  0.267 0.002 0.245 0.068 0.418 
421 NS_SS1420    (2)    6 :  0.023 0.003 0.009 0.960 0.006 
422 NS_SS1394    (2)    6 :  0.750 0.030 0.022 0.189 0.008 
423 NS_SS1391    (7)    6 :  0.074 0.016 0.032 0.391 0.486 
424 NS_SS1410    (5)    6 :  0.054 0.014 0.553 0.287 0.093 
425 NS_SS1408    (1)    6 :  0.851 0.040 0.076 0.012 0.022 
426 NS_SS1409    (1)    6 :  0.570 0.003 0.082 0.139 0.206 
427 HI_SS0617    (1)    7 :  0.372 0.001 0.203 0.394 0.029 
428 HI_SS0618    (2)    7 :  0.850 0.002 0.081 0.054 0.013 
429 HI_SS0619    (0)    7 :  0.024 0.003 0.012 0.935 0.026 
430 HI_SS0620    (1)    7 :  0.069 0.003 0.006 0.013 0.908 
431 HI_SS0621    (3)    7 :  0.351 0.014 0.229 0.382 0.024 
432 HI_SS0622    (1)    7 :  0.027 0.014 0.119 0.185 0.655 
433 HI_SS0626    (0)    7 :  0.254 0.008 0.022 0.670 0.047 
434 HI_SS0627    (0)    7 :  0.080 0.007 0.348 0.555 0.010 
435 HI_SS0628    (3)    7 :  0.098 0.052 0.034 0.484 0.332 
436 HI_SS0629    (1)    7 :  0.410 0.005 0.072 0.447 0.065 
437 HI_SS0630    (1)    7 :  0.121 0.053 0.033 0.444 0.349 
438 HI_SS0631    (0)    7 :  0.054 0.001 0.016 0.042 0.888 
439 HI_SS0632    (0)    7 :  0.246 0.004 0.043 0.285 0.422 
440 HI_SS0633    (0)    7 :  0.015 0.004 0.022 0.948 0.011 
441 HI_SS0634    (1)    7 :  0.742 0.002 0.092 0.141 0.023 
442 HI_SS0635    (0)    7 :  0.297 0.008 0.331 0.267 0.096 
443 HI_SS0637    (1)    7 :  0.945 0.003 0.038 0.006 0.009 
444 HI_SS0638    (0)    7 :  0.126 0.001 0.052 0.078 0.742 
445 HI_SS0639    (1)    7 :  0.422 0.036 0.073 0.463 0.007 
446 HI_SS0640    (1)    7 :  0.569 0.002 0.030 0.118 0.281 
447 HI_SS0641    (1)    7 :  0.311 0.005 0.022 0.360 0.303 
448 HI_SS0642    (0)    7 :  0.233 0.002 0.259 0.481 0.024 
449 HI_SS0645    (0)    7 :  0.053 0.001 0.023 0.914 0.010 
450 HI_SS0646    (1)    7 :  0.289 0.003 0.573 0.071 0.064 
451 HI_SS0647    (1)    7 :  0.017 0.001 0.124 0.103 0.754 
452 HI_SS0648    (0)    7 :  0.615 0.003 0.069 0.267 0.046 
453 HI_SS0649    (1)    7 :  0.443 0.002 0.071 0.474 0.010 
454 HI_SS0650    (1)    7 :  0.930 0.003 0.009 0.051 0.006 
455 HI_SS0651    (1)    7 :  0.705 0.004 0.106 0.104 0.081 
456 HI_SS0652    (1)    7 :  0.154 0.003 0.012 0.819 0.011 
457 NS_SS1371    (3)    7 :  0.910 0.005 0.039 0.025 0.021 
458 NS_SS1374    (0)    7 :  0.144 0.003 0.028 0.068 0.757 
459 NS_SS1337    (3)    7 :  0.068 0.004 0.543 0.328 0.056 
460 NS_SS1385    (5)    7 :  0.083 0.004 0.494 0.345 0.075 
461 NS_SS1388    (0)    7 :  0.011 0.006 0.015 0.947 0.021 
462 NS_SS1370    (1)    7 :  0.633 0.008 0.163 0.170 0.026 
463 NS_SS1389    (3)    7 :  0.006 0.003 0.008 0.971 0.011 
464 NS_SS1360    (1)    7 :  0.449 0.004 0.025 0.024 0.498 
465 NS_SS1330    (0)    7 :  0.871 0.003 0.112 0.009 0.005 
466 NS_SS1328    (9)    7 :  0.017 0.002 0.035 0.034 0.912 
467 NS_SS1384    (1)    7 :  0.486 0.004 0.233 0.157 0.120 
468 NS_SS1381    (0)    7 :  0.115 0.001 0.503 0.370 0.011 
469 NS_SS1375    (1)    7 :  0.037 0.001 0.007 0.940 0.015 
470 NS_SS1319   (11)    7 :  0.123 0.088 0.378 0.385 0.027 
471 NS_SS1326    (2)    7 :  0.009 0.009 0.007 0.016 0.958 
472 NS_SS1341    (1)    7 :  0.173 0.005 0.691 0.026 0.105 
473 NS_SS1383    (2)    7 :  0.614 0.004 0.272 0.015 0.094 
474 NS_SS1318    (3)    7 :  0.287 0.016 0.266 0.361 0.070 
475 NS_SS1348    (2)    7 :  0.017 0.001 0.012 0.009 0.960 
476 NS_SS1363    (0)    7 :  0.178 0.005 0.622 0.162 0.033 
477 NS_SS1335    (4)    7 :  0.344 0.029 0.127 0.010 0.490 
478 NS_SS1358    (0)    7 :  0.078 0.010 0.847 0.004 0.062 
479 NS_SS1342    (1)    7 :  0.011 0.001 0.753 0.016 0.219 
480 NS_SS1320    (3)    7 :  0.025 0.006 0.413 0.551 0.005 
481 NS_SS1355    (1)    7 :  0.236 0.013 0.506 0.233 0.012 
482 NS_SS1345    (1)    7 :  0.035 0.020 0.792 0.082 0.070 
483 NS_SS1324    (0)    7 :  0.219 0.003 0.108 0.178 0.492 
484 NS_SS1347    (5)    7 :  0.877 0.003 0.067 0.018 0.035 
485 NS_SS1321    (4)    7 :  0.498 0.001 0.348 0.042 0.110 
486 NS_SS1333    (0)    7 :  0.087 0.003 0.019 0.782 0.108 
487 NS_SS1364    (1)    7 :  0.017 0.002 0.016 0.019 0.946 
488 NS_SS1379    (0)    7 :  0.854 0.044 0.056 0.031 0.015 
489 NS_SS1332    (0)    7 :  0.010 0.005 0.006 0.009 0.970 
490 NS_SS1338    (5)    7 :  0.736 0.006 0.014 0.020 0.223 
491 NS_SS1368    (6)    7 :  0.011 0.006 0.170 0.071 0.741 
492 NS_SS1354    (1)    7 :  0.032 0.011 0.636 0.289 0.032 
493 NS_SS1365    (0)    7 :  0.287 0.009 0.075 0.550 0.080 
494 NS_SS1380    (1)    7 :  0.046 0.017 0.856 0.074 0.008 
495 NS_SS1329    (8)    7 :  0.039 0.003 0.555 0.011 0.392 
496 NS_SS1362    (0)    7 :  0.105 0.004 0.838 0.022 0.032 
497 NS_SS1327    (2)    7 :  0.011 0.003 0.005 0.005 0.976 
498 NS_SS1350    (0)    7 :  0.858 0.007 0.039 0.060 0.036 
499 NS_SS1387    (2)    7 :  0.682 0.003 0.032 0.262 0.021 
500 NS_SS1369    (8)    7 :  0.046 0.003 0.055 0.017 0.878 
501 NS_SS1331    (1)    7 :  0.011 0.010 0.055 0.863 0.061 
502 NS_SS1357    (5)    7 :  0.085 0.003 0.320 0.236 0.356 
503 NS_SS1386    (1)    7 :  0.011 0.003 0.017 0.005 0.964 
504 NS_SS1353    (2)    7 :  0.058 0.004 0.275 0.578 0.084 
505 NS_SS1323    (0)    7 :  0.031 0.069 0.712 0.171 0.017 
506 HI_SS0296    (0)    8 :  0.407 0.002 0.089 0.042 0.460 
507 HI_SS0297    (0)    8 :  0.258 0.001 0.313 0.128 0.301 
508 HI_SS0299    (0)    8 :  0.246 0.038 0.186 0.079 0.451 
509 HI_SS0300    (0)    8 :  0.695 0.001 0.013 0.063 0.228 
510 HI_SS0301    (0)    8 :  0.753 0.003 0.066 0.088 0.089 
511 HI_SS0302    (0)    8 :  0.017 0.019 0.010 0.010 0.943 
512 HI_SS0303    (0)    8 :  0.011 0.006 0.010 0.038 0.935 
513 HI_SS0304    (0)    8 :  0.168 0.002 0.120 0.675 0.034 
514 HI_SS0306    (5)    8 :  0.006 0.002 0.004 0.005 0.983 
515 HI_SS0307    (1)    8 :  0.376 0.008 0.067 0.540 0.009 
516 HI_SS0308    (1)    8 :  0.291 0.068 0.237 0.368 0.037 
517 HI_SS0309    (0)    8 :  0.305 0.003 0.577 0.103 0.011 
518 HI_SS0310    (0)    8 :  0.012 0.008 0.030 0.108 0.842 
519 HI_SS0311    (4)    8 :  0.060 0.003 0.213 0.573 0.151 
520 HI_SS0314    (0)    8 :  0.030 0.002 0.134 0.674 0.161 
521 HI_SS0316    (1)    8 :  0.209 0.005 0.079 0.262 0.445 
522 HI_SS0317    (3)    8 :  0.600 0.002 0.065 0.312 0.021 
523 HI_SS0318    (1)    8 :  0.502 0.180 0.019 0.053 0.246 
524 HI_SS0319    (0)    8 :  0.015 0.004 0.015 0.008 0.958 
525 HI_SS0320    (3)    8 :  0.061 0.001 0.098 0.833 0.007 
526 HI_SS0321    (0)    8 :  0.959 0.001 0.009 0.014 0.017 
527 HI_SS0323    (1)    8 :  0.455 0.002 0.010 0.456 0.077 
528 HI_SS0325    (2)    8 :  0.014 0.002 0.012 0.014 0.958 
529 HI_SS0327    (1)    8 :  0.561 0.001 0.110 0.011 0.317 
530 HI_SS0329    (1)    8 :  0.040 0.001 0.224 0.648 0.087 
531 HI_SS0333    (1)    8 :  0.444 0.003 0.172 0.210 0.172 
532 HI_SS0334    (1)    8 :  0.942 0.001 0.024 0.007 0.025 
533 HI_SS0335    (1)    8 :  0.147 0.017 0.817 0.009 0.010 
534 HI_SS0339    (0)    8 :  0.093 0.011 0.818 0.067 0.011 
535 HI_SS0343    (2)    8 :  0.016 0.002 0.953 0.021 0.009 
536 HI_SS0344    (1)    8 :  0.007 0.003 0.005 0.005 0.980 
537 HI_SS0345    (3)    8 :  0.017 0.007 0.817 0.079 0.079 
538 HI_SS0346    (0)    8 :  0.689 0.004 0.037 0.196 0.074 
539 HI_SS0350    (1)    8 :  0.010 0.010 0.860 0.114 0.006 
540 HI_SS0351    (0)    8 :  0.456 0.003 0.378 0.092 0.071 
541 HI_SS0352    (3)    8 :  0.030 0.081 0.864 0.011 0.014 
542 HI_SS0362    (0)    8 :  0.351 0.002 0.007 0.492 0.149 
543 HI_SS0363    (1)    8 :  0.060 0.004 0.071 0.020 0.845 
544 HI_SS0365    (0)    8 :  0.533 0.004 0.114 0.239 0.110 
545 HI_SS0366    (0)    8 :  0.027 0.001 0.038 0.013 0.920 
546 HI_SS0367    (1)    8 :  0.015 0.002 0.461 0.517 0.005 
547 HI_SS0369    (1)    8 :  0.049 0.003 0.649 0.288 0.011 
548 HI_SS0370    (0)    8 :  0.836 0.003 0.110 0.032 0.019 
549 HI_SS0371    (4)    8 :  0.015 0.004 0.007 0.055 0.919 
550 HI_SS0373    (3)    8 :  0.094 0.009 0.017 0.819 0.060 
551 HI_SS0374    (0)    8 :  0.166 0.027 0.031 0.759 0.017 
552 HI_SS0377    (0)    8 :  0.059 0.090 0.220 0.022 0.610 
553 HI_SS0379    (1)    8 :  0.010 0.001 0.006 0.003 0.980 
554 HI_SS0380    (1)    8 :  0.164 0.006 0.249 0.560 0.020 
555 HI_SS0381    (2)    8 :  0.102 0.004 0.375 0.492 0.026 
556 HI_SS0384    (3)    8 :  0.091 0.008 0.014 0.612 0.275 
557 HI_SS0385    (1)    8 :  0.010 0.001 0.013 0.370 0.606 
558 HI_SS0386    (0)    9 :  0.001 0.994 0.002 0.002 0.001 
559 HI_SS0387    (0)    9 :  0.013 0.947 0.016 0.010 0.015 
560 HI_SS0389    (2)    9 :  0.004 0.986 0.004 0.003 0.003 
561 HI_SS0390    (2)    9 :  0.002 0.992 0.002 0.002 0.002 
562 HI_SS0391    (3)    9 :  0.003 0.989 0.003 0.002 0.002 
563 HI_SS0392    (0)    9 :  0.001 0.993 0.002 0.002 0.002 
564 HI_SS0393    (2)    9 :  0.002 0.993 0.001 0.002 0.002 
565 HI_SS0394    (2)    9 :  0.002 0.994 0.001 0.002 0.002 
566 HI_SS0395    (2)    9 :  0.003 0.985 0.003 0.005 0.004 
567 HI_SS0396    (2)    9 :  0.009 0.961 0.012 0.009 0.010 
568 HI_SS0398    (2)    9 :  0.006 0.976 0.007 0.005 0.006 
569 HI_SS0399    (2)    9 :  0.001 0.995 0.001 0.001 0.001 
570 HI_SS0400    (3)    9 :  0.002 0.990 0.002 0.003 0.002 
571 HI_SS0401    (5)    9 :  0.002 0.994 0.001 0.001 0.001 
572 HI_SS0402    (0)    9 :  0.002 0.995 0.001 0.001 0.001 
573 HI_SS0403    (0)    9 :  0.002 0.994 0.002 0.002 0.001 
574 HI_SS0404    (2)    9 :  0.001 0.995 0.001 0.001 0.001 
575 HI_SS0405    (2)    9 :  0.018 0.934 0.025 0.011 0.012 
576 HI_SS0406    (2)    9 :  0.002 0.991 0.002 0.002 0.002 
577 HI_SS0407    (0)    9 :  0.007 0.969 0.007 0.010 0.007 
578 HI_SS0408    (0)    9 :  0.001 0.995 0.001 0.001 0.001 
579 HI_SS0409    (2)    9 :  0.004 0.987 0.003 0.003 0.003 
580 HI_SS0411    (2)    9 :  0.003 0.988 0.003 0.003 0.002 
581 HI_SS0412   (11)    9 :  0.090 0.802 0.042 0.030 0.036 
582 HI_SS0413    (0)    9 :  0.002 0.992 0.002 0.002 0.002 
583 HI_SS0414    (2)    9 :  0.017 0.937 0.019 0.019 0.008 
584 HI_SS0415    (2)    9 :  0.002 0.992 0.002 0.002 0.002 
585 HI_SS0416    (2)    9 :  0.004 0.985 0.003 0.004 0.005 
586 HI_SS0418    (2)    9 :  0.006 0.979 0.007 0.004 0.004 
587 HI_SS0419    (3)    9 :  0.003 0.988 0.003 0.003 0.003 
588 HI_SS0420    (0)    9 :  0.002 0.991 0.002 0.002 0.002 
589 HI_SS0421    (4)    9 :  0.006 0.981 0.005 0.004 0.003 
590 HI_SS0422    (3)    9 :  0.001 0.994 0.002 0.002 0.001 
591 HI_SS0423    (2)    9 :  0.005 0.984 0.003 0.005 0.003 
592 HI_SS0424    (1)    9 :  0.002 0.993 0.002 0.002 0.001 
593 HI_SS0425    (0)    9 :  0.003 0.987 0.003 0.004 0.002 
594 NS_SS1146    (3)   10 :  0.003 0.990 0.002 0.002 0.003 
595 NS_SS1157    (1)   10 :  0.007 0.971 0.010 0.005 0.006 
596 NS_SS1144    (7)   10 :  0.020 0.925 0.019 0.011 0.025 
597 NS_SS1074    (3)   10 :  0.003 0.985 0.004 0.004 0.005 
598 NS_SS1122    (0)   10 :  0.004 0.982 0.004 0.005 0.005 
599 NS_SS1136    (2)   10 :  0.001 0.995 0.001 0.001 0.001 
600 NS_SS1077    (4)   10 :  0.001 0.997 0.001 0.001 0.001 
601 NS_SS1134    (2)   10 :  0.010 0.960 0.007 0.015 0.008 
602 NS_SS1091    (1)   10 :  0.002 0.989 0.003 0.003 0.002 
603 NS_SS1089   (10)   10 :  0.003 0.988 0.003 0.002 0.004 
604 NS_SS1123    (2)   10 :  0.001 0.994 0.002 0.002 0.001 
605 NS_SS1158    (3)   10 :  0.001 0.995 0.001 0.001 0.001 
606 NS_SS1093    (3)   10 :  0.002 0.991 0.002 0.002 0.003 
607 NS_SS1102    (5)   10 :  0.006 0.978 0.006 0.006 0.005 
608 NS_SS1056    (0)   10 :  0.002 0.993 0.002 0.002 0.002 
609 NS_SS1126    (2)   10 :  0.004 0.988 0.003 0.003 0.003 
610 NS_SS1058   (15)   10 :  0.005 0.984 0.004 0.004 0.004 
611 NS_SS1084    (2)   10 :  0.001 0.994 0.001 0.002 0.002 
612 NS_SS1095    (3)   10 :  0.006 0.977 0.004 0.005 0.008 
613 NS_SS1079    (3)   10 :  0.002 0.993 0.002 0.002 0.002 
614 NS_SS1149    (0)   10 :  0.003 0.989 0.003 0.003 0.002 
615 NS_SS1121    (0)   10 :  0.002 0.994 0.001 0.002 0.001 
616 NS_SS1067    (0)   10 :  0.004 0.978 0.006 0.007 0.005 
617 NS_SS1081    (2)   10 :  0.002 0.990 0.003 0.003 0.002 
618 NS_SS1130    (0)   10 :  0.004 0.986 0.004 0.003 0.003 
619 NS_SS1073    (2)   10 :  0.003 0.989 0.003 0.003 0.002 
620 NS_SS1133    (2)   10 :  0.005 0.971 0.006 0.014 0.004 
621 NS_SS1129    (2)   10 :  0.002 0.994 0.001 0.001 0.001 
622 NS_SS1085    (1)   10 :  0.002 0.992 0.002 0.002 0.002 
623 NS_SS1137    (2)   10 :  0.004 0.981 0.005 0.005 0.005 
624 NS_SS1135    (3)   10 :  0.002 0.994 0.001 0.002 0.001 
625 NS_SS1082    (3)   10 :  0.002 0.993 0.002 0.002 0.001 
