

----------------------------------------------------
STRUCTURE by Pritchard, Stephens and Donnelly (2000)
     and Falush, Stephens and Pritchard (2003)
       Code by Pritchard, Falush and Hubisz
             Version 2.3.4 (Jul 2012)
----------------------------------------------------



Command line arguments:   /home/genobiwan/Documents/Programs/Structure/structure -m parameter_job_k7_r5 
Input File:    /media/genobiwan/Storage/Projets/Mackerel_NWA_2021/data_job_k7_r5

Run parameters:
   629 individuals
   4140 loci
   7 populations assumed
   100000 Burn-in period
   200000 Reps


--------------------------------------------
Proportion of membership of each pre-defined
 population in each of the 7 clusters

Given    Inferred Clusters                                   Number of
 Pop       1      2      3      4      5      6      7      Individuals

  1:     0.171  0.232  0.145  0.162  0.166  0.012  0.113       67
  2:     0.192  0.236  0.107  0.194  0.154  0.010  0.107       32
  3:     0.199  0.237  0.099  0.144  0.183  0.014  0.123       92
  4:     0.188  0.175  0.200  0.097  0.101  0.015  0.224       36
  5:     0.127  0.121  0.195  0.163  0.171  0.020  0.203       41
  6:     0.160  0.154  0.170  0.193  0.119  0.013  0.191      158
  7:     0.193  0.147  0.160  0.171  0.141  0.010  0.179       79
  8:     0.160  0.150  0.115  0.178  0.150  0.015  0.233       52
  9:     0.005  0.005  0.006  0.005  0.005  0.971  0.004       36
 10:     0.004  0.004  0.004  0.004  0.005  0.976  0.004       36
--------------------------------------------

Allele-freq. divergence among pops (Net nucleotide distance),
computed using point estimates of P.

      1       2       3       4       5       6       7      
 1      -    0.0001  0.0003  0.0002  0.0002  0.0049  0.0004  
 2   0.0001     -    0.0003  0.0002  0.0002  0.0049  0.0004  
 3   0.0003  0.0003     -    0.0003  0.0003  0.0050  0.0005  
 4   0.0002  0.0002  0.0003     -    0.0003  0.0050  0.0004  
 5   0.0002  0.0002  0.0003  0.0003     -    0.0050  0.0004  
 6   0.0049  0.0049  0.0050  0.0050  0.0050     -    0.0053  
 7   0.0004  0.0004  0.0005  0.0004  0.0004  0.0053     -    

Average distances (expected heterozygosity) between individuals in same cluster:
cluster  1  : 0.3189 
cluster  2  : 0.3188 
cluster  3  : 0.3182 
cluster  4  : 0.3185 
cluster  5  : 0.3178 
cluster  6  : 0.3053 
cluster  7  : 0.3178 

--------------------------------------------
Estimated Ln Prob of Data   = -2474529.0
Mean value of ln likelihood = -2463766.8
Variance of ln likelihood   = 21524.3
Mean value of alpha         = 0.0433

Mean value of Fst_1         = 0.0029
Mean value of Fst_2         = 0.0030
Mean value of Fst_3         = 0.0046
Mean value of Fst_4         = 0.0039
Mean value of Fst_5         = 0.0045
Mean value of Fst_6         = 0.0389
Mean value of Fst_7         = 0.0052


Inferred ancestry of individuals:
        Label (%Miss) Pop:  Inferred clusters
  1 NS_SS0963    (4)    1 :  0.015 0.457 0.496 0.008 0.008 0.006 0.009 
  2 NS_SS0983    (1)    1 :  0.641 0.010 0.014 0.012 0.289 0.004 0.030 
  3 NS_SS0719    (9)    1 :  0.317 0.593 0.014 0.029 0.023 0.004 0.020 
  4 NS_SS1001    (8)    1 :  0.013 0.052 0.018 0.039 0.640 0.006 0.232 
  5 NS_SS0936    (4)    1 :  0.036 0.188 0.446 0.259 0.037 0.003 0.031 
  6 NS_SS0955    (6)    1 :  0.165 0.499 0.066 0.017 0.052 0.004 0.197 
  7 NS_SS0944    (3)    1 :  0.019 0.335 0.022 0.012 0.016 0.002 0.594 
  8 NS_SS0945    (3)    1 :  0.048 0.014 0.037 0.587 0.056 0.011 0.248 
  9 NS_SS0922    (2)    1 :  0.753 0.172 0.021 0.011 0.011 0.024 0.008 
 10 NS_SS0929    (7)    1 :  0.029 0.481 0.063 0.042 0.341 0.003 0.040 
 11 NS_SS0956    (1)    1 :  0.075 0.088 0.016 0.028 0.775 0.003 0.014 
 12 NS_SS0906    (3)    1 :  0.021 0.764 0.020 0.082 0.099 0.004 0.010 
 13 NS_SS0721    (6)    1 :  0.547 0.073 0.010 0.010 0.348 0.004 0.007 
 14 NS_SS0982    (4)    1 :  0.181 0.405 0.137 0.231 0.019 0.020 0.007 
 15 NS_SS0923    (6)    1 :  0.178 0.691 0.040 0.045 0.035 0.004 0.007 
 16 NS_SS0905    (6)    1 :  0.254 0.445 0.008 0.051 0.213 0.002 0.026 
 17 NS_SS0925    (3)    1 :  0.303 0.298 0.136 0.030 0.219 0.004 0.010 
 18 NS_SS0947    (6)    1 :  0.315 0.163 0.049 0.148 0.303 0.005 0.018 
 19 NS_SS0926    (2)    1 :  0.012 0.030 0.272 0.077 0.006 0.002 0.600 
 20 NS_SS0918    (6)    1 :  0.011 0.036 0.237 0.026 0.664 0.002 0.024 
 21 NS_SS0966    (4)    1 :  0.188 0.519 0.107 0.023 0.068 0.052 0.043 
 22 NS_SS0938    (2)    1 :  0.008 0.007 0.953 0.017 0.006 0.001 0.008 
 23 NS_SS0917    (2)    1 :  0.921 0.008 0.006 0.021 0.014 0.023 0.006 
 24 NS_SS0957   (11)    1 :  0.008 0.039 0.044 0.309 0.580 0.007 0.014 
 25 NS_SS0987    (1)    1 :  0.046 0.347 0.004 0.027 0.328 0.232 0.016 
 26 NS_SS0717    (4)    1 :  0.242 0.321 0.006 0.368 0.046 0.003 0.014 
 27 NS_SS0986    (2)    1 :  0.393 0.426 0.021 0.022 0.105 0.003 0.031 
 28 NS_SS0953    (3)    1 :  0.017 0.619 0.008 0.066 0.260 0.018 0.013 
 29 NS_SS0907    (3)    1 :  0.366 0.166 0.013 0.381 0.020 0.035 0.019 
 30 NS_SS0974    (6)    1 :  0.071 0.075 0.237 0.233 0.129 0.004 0.250 
 31 NS_SS0989    (1)    1 :  0.042 0.019 0.681 0.009 0.046 0.001 0.201 
 32 NS_SS0991    (3)    1 :  0.017 0.797 0.007 0.013 0.056 0.002 0.108 
 33 NS_SS0994    (2)    1 :  0.021 0.017 0.035 0.019 0.012 0.002 0.895 
 34 NS_SS0931    (6)    1 :  0.041 0.017 0.051 0.019 0.011 0.014 0.848 
 35 NS_SS1000    (5)    1 :  0.039 0.040 0.021 0.730 0.150 0.004 0.015 
 36 NS_SS0919    (1)    1 :  0.121 0.780 0.024 0.053 0.008 0.002 0.012 
 37 NS_SS0949    (4)    1 :  0.026 0.013 0.023 0.012 0.012 0.001 0.913 
 38 NS_SS0960   (10)    1 :  0.099 0.714 0.007 0.007 0.075 0.005 0.092 
 39 NS_SS0716    (2)    1 :  0.025 0.010 0.005 0.463 0.481 0.008 0.008 
 40 NS_SS0924    (8)    1 :  0.796 0.110 0.013 0.011 0.012 0.013 0.045 
 41 NS_SS0935    (2)    1 :  0.090 0.589 0.011 0.017 0.062 0.008 0.224 
 42 NS_SS0952   (14)    1 :  0.038 0.570 0.015 0.023 0.080 0.037 0.237 
 43 NS_SS0962   (11)    1 :  0.105 0.023 0.510 0.301 0.041 0.008 0.011 
 44 NS_SS0973    (5)    1 :  0.075 0.752 0.012 0.033 0.109 0.004 0.015 
 45 NS_SS0722    (1)    1 :  0.011 0.010 0.008 0.951 0.013 0.002 0.005 
 46 NS_SS0979   (13)    1 :  0.067 0.027 0.065 0.738 0.093 0.002 0.007 
 47 NS_SS0993    (2)    1 :  0.015 0.055 0.080 0.637 0.180 0.021 0.013 
 48 NS_SS0958    (1)    1 :  0.042 0.105 0.013 0.130 0.048 0.004 0.658 
 49 NS_SS0988    (4)    1 :  0.155 0.240 0.384 0.149 0.042 0.006 0.024 
 50 NS_SS1003    (2)    1 :  0.014 0.013 0.907 0.018 0.026 0.011 0.010 
 51 NS_SS0976    (1)    1 :  0.028 0.025 0.764 0.013 0.018 0.002 0.151 
 52 NS_SS0964   (10)    1 :  0.033 0.085 0.007 0.755 0.088 0.003 0.029 
 53 NS_SS0939    (4)    1 :  0.090 0.009 0.039 0.408 0.438 0.005 0.010 
 54 NS_SS0990    (6)    1 :  0.094 0.027 0.651 0.072 0.114 0.003 0.038 
 55 NS_SS0984    (2)    1 :  0.166 0.167 0.010 0.624 0.024 0.002 0.007 
 56 NS_SS0980   (10)    1 :  0.005 0.916 0.006 0.006 0.055 0.002 0.011 
 57 NS_SS0978    (4)    1 :  0.316 0.404 0.029 0.150 0.080 0.003 0.018 
 58 NS_SS0951   (18)    1 :  0.066 0.068 0.015 0.130 0.636 0.003 0.081 
 59 NS_SS0913    (3)    1 :  0.474 0.043 0.049 0.028 0.351 0.039 0.015 
 60 NS_SS1002    (1)    1 :  0.011 0.016 0.688 0.238 0.006 0.036 0.005 
 61 NS_SS0948    (1)    1 :  0.048 0.039 0.311 0.341 0.176 0.053 0.031 
 62 NS_SS0916    (4)    1 :  0.196 0.017 0.449 0.019 0.276 0.004 0.038 
 63 NS_SS0995    (1)    1 :  0.405 0.021 0.014 0.009 0.539 0.003 0.008 
 64 NS_SS0927    (6)    1 :  0.857 0.019 0.061 0.031 0.007 0.005 0.019 
 65 NS_SS0992    (5)    1 :  0.072 0.335 0.160 0.015 0.353 0.004 0.060 
 66 NS_SS0912    (1)    1 :  0.528 0.037 0.021 0.021 0.278 0.003 0.112 
 67 NS_SS0981    (1)    1 :  0.022 0.077 0.039 0.425 0.414 0.004 0.018 
 68 NS_SS0729    (5)    2 :  0.078 0.116 0.043 0.122 0.014 0.004 0.623 
 69 NS_SS0967   (15)    2 :  0.400 0.505 0.043 0.018 0.008 0.008 0.018 
 70 NS_SS0941    (8)    2 :  0.088 0.498 0.073 0.103 0.128 0.082 0.027 
 71 NS_SS0768   (12)    2 :  0.108 0.132 0.324 0.069 0.324 0.005 0.038 
 72 NS_SS0726    (5)    2 :  0.066 0.149 0.641 0.012 0.012 0.009 0.111 
 73 NS_SS0763    (4)    2 :  0.235 0.102 0.031 0.377 0.025 0.003 0.227 
 74 NS_SS0730    (6)    2 :  0.233 0.244 0.041 0.196 0.250 0.004 0.032 
 75 NS_SS0774    (2)    2 :  0.021 0.038 0.068 0.360 0.504 0.001 0.008 
 76 NS_SS0723    (3)    2 :  0.023 0.912 0.019 0.020 0.021 0.002 0.004 
 77 NS_SS0940   (10)    2 :  0.444 0.062 0.162 0.058 0.201 0.006 0.067 
 78 NS_SS0762    (1)    2 :  0.134 0.524 0.010 0.139 0.168 0.004 0.022 
 79 NS_SS0766   (11)    2 :  0.621 0.189 0.018 0.064 0.043 0.012 0.054 
 80 NS_SS0724    (1)    2 :  0.008 0.859 0.009 0.069 0.036 0.004 0.014 
 81 NS_SS0769    (3)    2 :  0.304 0.480 0.027 0.023 0.156 0.003 0.006 
 82 NS_SS0777    (1)    2 :  0.013 0.007 0.009 0.912 0.011 0.010 0.039 
 83 NS_SS0734    (6)    2 :  0.485 0.040 0.017 0.019 0.127 0.029 0.285 
 84 NS_SS0737    (3)    2 :  0.210 0.033 0.376 0.289 0.073 0.007 0.013 
 85 NS_SS0732    (5)    2 :  0.015 0.028 0.009 0.009 0.927 0.005 0.006 
 86 NS_SS0728    (5)    2 :  0.187 0.314 0.175 0.032 0.246 0.014 0.033 
 87 NS_SS0735    (9)    2 :  0.649 0.271 0.013 0.021 0.030 0.006 0.009 
 88 NS_SS0725    (1)    2 :  0.012 0.018 0.597 0.310 0.023 0.009 0.031 
 89 NS_SS0788    (2)    2 :  0.687 0.198 0.026 0.068 0.012 0.002 0.007 
 90 NS_SS0778    (2)    2 :  0.070 0.699 0.060 0.029 0.110 0.002 0.030 
 91 NS_SS0792    (6)    2 :  0.047 0.305 0.174 0.034 0.380 0.007 0.052 
 92 NS_SS0943   (11)    2 :  0.037 0.071 0.024 0.011 0.027 0.009 0.822 
 93 NS_SS0791    (2)    2 :  0.694 0.023 0.142 0.011 0.051 0.015 0.065 
 94 NS_SS0790    (5)    2 :  0.015 0.220 0.015 0.079 0.664 0.004 0.003 
 95 NS_SS0731    (6)    2 :  0.072 0.262 0.013 0.556 0.058 0.017 0.022 
 96 NS_SS0727    (7)    2 :  0.029 0.032 0.011 0.235 0.039 0.002 0.652 
 97 NS_SS0779   (13)    2 :  0.052 0.039 0.018 0.802 0.059 0.006 0.024 
 98 NS_SS0776    (3)    2 :  0.027 0.020 0.230 0.607 0.052 0.007 0.057 
 99 NS_SS0775    (5)    2 :  0.086 0.178 0.020 0.552 0.143 0.009 0.012 
100 NS_SS0965    (3)    3 :  0.041 0.890 0.012 0.017 0.021 0.002 0.018 
101 NS_SS0754   (14)    3 :  0.380 0.358 0.053 0.044 0.033 0.011 0.120 
102 NS_SS0838    (5)    3 :  0.028 0.005 0.113 0.748 0.045 0.044 0.018 
103 NS_SS0839    (3)    3 :  0.060 0.033 0.162 0.054 0.681 0.003 0.007 
104 NS_SS0832    (4)    3 :  0.105 0.671 0.084 0.078 0.017 0.041 0.005 
105 NS_SS0820    (5)    3 :  0.480 0.116 0.352 0.027 0.016 0.006 0.004 
106 NS_SS0886    (9)    3 :  0.864 0.052 0.017 0.020 0.025 0.002 0.020 
107 NS_SS0748    (5)    3 :  0.010 0.016 0.012 0.913 0.005 0.006 0.038 
108 NS_SS0884    (9)    3 :  0.032 0.413 0.281 0.043 0.158 0.029 0.044 
109 NS_SS0752    (4)    3 :  0.177 0.203 0.072 0.295 0.219 0.002 0.032 
110 NS_SS0862    (1)    3 :  0.032 0.252 0.010 0.007 0.689 0.004 0.006 
111 NS_SS0787    (9)    3 :  0.036 0.265 0.033 0.009 0.016 0.008 0.633 
112 NS_SS0843    (6)    3 :  0.069 0.317 0.018 0.348 0.195 0.002 0.050 
113 NS_SS0856    (4)    3 :  0.727 0.014 0.106 0.129 0.011 0.004 0.009 
114 NS_SS0846    (2)    3 :  0.025 0.272 0.049 0.624 0.006 0.004 0.021 
115 NS_SS0825    (1)    3 :  0.217 0.064 0.635 0.016 0.032 0.013 0.023 
116 NS_SS0757    (3)    3 :  0.248 0.106 0.089 0.229 0.279 0.004 0.045 
117 NS_SS0876    (3)    3 :  0.591 0.027 0.007 0.026 0.135 0.200 0.014 
118 NS_SS0903   (10)    3 :  0.091 0.698 0.009 0.012 0.178 0.002 0.009 
119 NS_SS0875    (7)    3 :  0.776 0.020 0.016 0.105 0.056 0.004 0.023 
120 NS_SS0740    (5)    3 :  0.087 0.407 0.018 0.183 0.283 0.004 0.018 
121 NS_SS0811    (5)    3 :  0.013 0.008 0.009 0.021 0.937 0.007 0.006 
122 NS_SS0751    (1)    3 :  0.036 0.053 0.285 0.220 0.252 0.003 0.151 
123 NS_SS0891    (6)    3 :  0.397 0.059 0.152 0.322 0.050 0.006 0.014 
124 NS_SS0867    (2)    3 :  0.019 0.799 0.078 0.024 0.018 0.018 0.045 
125 NS_SS0890    (6)    3 :  0.622 0.120 0.018 0.174 0.021 0.004 0.042 
126 NS_SS0866   (12)    3 :  0.062 0.007 0.595 0.020 0.025 0.005 0.286 
127 NS_SS0755    (4)    3 :  0.117 0.554 0.140 0.051 0.065 0.006 0.067 
128 NS_SS0758    (4)    3 :  0.854 0.097 0.011 0.020 0.006 0.002 0.011 
129 NS_SS0840    (2)    3 :  0.031 0.236 0.031 0.126 0.568 0.002 0.007 
130 NS_SS0889    (4)    3 :  0.097 0.019 0.073 0.013 0.103 0.002 0.693 
131 NS_SS1010    (1)    3 :  0.075 0.268 0.162 0.055 0.354 0.051 0.033 
132 NS_SS0888    (5)    3 :  0.182 0.099 0.024 0.036 0.050 0.002 0.607 
133 NS_SS0837    (3)    3 :  0.018 0.904 0.005 0.017 0.035 0.003 0.018 
134 NS_SS0794   (10)    3 :  0.020 0.029 0.008 0.030 0.016 0.002 0.894 
135 NS_SS0823    (5)    3 :  0.193 0.048 0.346 0.325 0.066 0.005 0.017 
136 NS_SS0829    (7)    3 :  0.013 0.195 0.007 0.026 0.526 0.108 0.125 
137 NS_SS0844    (5)    3 :  0.076 0.683 0.019 0.032 0.180 0.002 0.008 
138 NS_SS1008    (6)    3 :  0.073 0.037 0.013 0.159 0.051 0.015 0.653 
139 NS_SS0881    (3)    3 :  0.128 0.055 0.150 0.425 0.108 0.002 0.130 
140 NS_SS0834    (6)    3 :  0.072 0.018 0.622 0.259 0.010 0.009 0.009 
141 NS_SS0744   (10)    3 :  0.684 0.110 0.056 0.011 0.108 0.006 0.025 
142 NS_SS0899    (7)    3 :  0.011 0.020 0.015 0.020 0.928 0.001 0.004 
143 NS_SS0804    (5)    3 :  0.031 0.800 0.060 0.043 0.056 0.004 0.006 
144 NS_SS0781   (10)    3 :  0.034 0.394 0.221 0.293 0.051 0.003 0.004 
145 NS_SS0822    (6)    3 :  0.016 0.014 0.023 0.044 0.100 0.002 0.801 
146 NS_SS1004    (4)    3 :  0.034 0.636 0.025 0.162 0.092 0.004 0.047 
147 NS_SS0746    (5)    3 :  0.030 0.059 0.008 0.844 0.008 0.012 0.039 
148 NS_SS0880    (3)    3 :  0.013 0.074 0.374 0.289 0.059 0.001 0.189 
149 NS_SS0879    (5)    3 :  0.043 0.161 0.198 0.369 0.159 0.017 0.053 
150 NS_SS0753    (2)    3 :  0.240 0.605 0.015 0.012 0.033 0.009 0.086 
151 NS_SS1007    (3)    3 :  0.895 0.022 0.023 0.021 0.024 0.002 0.014 
152 NS_SS0872    (5)    3 :  0.037 0.034 0.016 0.881 0.010 0.003 0.019 
153 NS_SS1005    (7)    3 :  0.039 0.217 0.027 0.675 0.031 0.001 0.009 
154 NS_SS0892    (6)    3 :  0.142 0.052 0.023 0.693 0.045 0.002 0.043 
155 NS_SS0898    (0)    3 :  0.010 0.016 0.013 0.014 0.018 0.008 0.921 
156 NS_SS0801    (9)    3 :  0.534 0.342 0.030 0.017 0.060 0.008 0.008 
157 NS_SS0827    (9)    3 :  0.077 0.417 0.006 0.167 0.047 0.141 0.145 
158 NS_SS0853    (7)    3 :  0.264 0.136 0.006 0.029 0.547 0.006 0.012 
159 NS_SS0780    (2)    3 :  0.146 0.529 0.177 0.012 0.124 0.005 0.006 
160 NS_SS0826   (10)    3 :  0.013 0.058 0.686 0.200 0.005 0.004 0.034 
161 NS_SS0818    (5)    3 :  0.037 0.765 0.117 0.034 0.030 0.002 0.015 
162 NS_SS0745    (1)    3 :  0.007 0.034 0.046 0.571 0.322 0.002 0.018 
163 NS_SS0849    (3)    3 :  0.053 0.021 0.013 0.044 0.852 0.002 0.015 
164 NS_SS0739    (3)    3 :  0.597 0.008 0.052 0.015 0.301 0.009 0.018 
165 NS_SS0799    (1)    3 :  0.073 0.099 0.022 0.037 0.422 0.001 0.346 
166 NS_SS0756    (3)    3 :  0.081 0.433 0.110 0.204 0.154 0.004 0.013 
167 NS_SS0802    (2)    3 :  0.771 0.009 0.010 0.019 0.006 0.176 0.009 
168 NS_SS0747    (6)    3 :  0.331 0.557 0.023 0.056 0.021 0.005 0.008 
169 NS_SS0835    (1)    3 :  0.156 0.490 0.087 0.054 0.009 0.001 0.203 
170 NS_SS0742   (19)    3 :  0.137 0.018 0.371 0.054 0.400 0.001 0.019 
171 NS_SS0760    (9)    3 :  0.168 0.019 0.034 0.037 0.011 0.057 0.675 
172 NS_SS0803    (4)    3 :  0.035 0.908 0.005 0.025 0.014 0.007 0.005 
173 NS_SS0828   (14)    3 :  0.190 0.739 0.014 0.013 0.021 0.001 0.021 
174 NS_SS0865    (2)    3 :  0.096 0.083 0.072 0.021 0.688 0.026 0.016 
175 NS_SS0759    (5)    3 :  0.661 0.061 0.034 0.140 0.092 0.005 0.006 
176 NS_SS0851    (5)    3 :  0.023 0.023 0.017 0.126 0.776 0.014 0.021 
177 NS_SS0874   (16)    3 :  0.012 0.381 0.018 0.035 0.546 0.001 0.007 
178 NS_SS0761    (6)    3 :  0.185 0.555 0.030 0.006 0.030 0.003 0.191 
179 NS_SS0842   (26)    3 :  0.119 0.206 0.020 0.303 0.175 0.009 0.168 
180 NS_SS0785    (6)    3 :  0.085 0.775 0.022 0.028 0.029 0.005 0.055 
181 NS_SS0860   (11)    3 :  0.222 0.242 0.022 0.043 0.432 0.003 0.036 
182 NS_SS0897    (7)    3 :  0.016 0.016 0.010 0.006 0.027 0.002 0.923 
183 NS_SS0841   (15)    3 :  0.017 0.030 0.011 0.014 0.903 0.004 0.020 
184 NS_SS0797    (7)    3 :  0.147 0.328 0.020 0.018 0.019 0.033 0.435 
185 NS_SS0830   (11)    3 :  0.200 0.061 0.057 0.162 0.237 0.003 0.280 
186 NS_SS1011    (5)    3 :  0.014 0.051 0.883 0.033 0.010 0.005 0.003 
187 NS_SS0883    (5)    3 :  0.269 0.018 0.005 0.015 0.669 0.005 0.019 
188 NS_SS0782    (2)    3 :  0.622 0.252 0.008 0.046 0.030 0.002 0.041 
189 NS_SS0831    (5)    3 :  0.261 0.153 0.016 0.031 0.385 0.003 0.151 
190 NS_SS0749    (7)    3 :  0.734 0.174 0.016 0.009 0.043 0.004 0.020 
191 NS_SS0854    (2)    3 :  0.564 0.086 0.038 0.016 0.147 0.004 0.145 
192 HI_SS0193    (0)    4 :  0.007 0.005 0.023 0.005 0.009 0.002 0.949 
193 HI_SS0194    (1)    4 :  0.011 0.019 0.663 0.280 0.011 0.002 0.014 
194 HI_SS0195   (10)    4 :  0.034 0.051 0.422 0.127 0.252 0.108 0.006 
195 HI_SS0196    (6)    4 :  0.474 0.028 0.032 0.110 0.206 0.003 0.148 
196 HI_SS0197    (3)    4 :  0.009 0.009 0.957 0.009 0.005 0.008 0.003 
197 HI_SS0198    (1)    4 :  0.078 0.029 0.016 0.010 0.835 0.008 0.024 
198 HI_SS0199    (1)    4 :  0.265 0.620 0.027 0.013 0.029 0.002 0.045 
199 HI_SS0201    (5)    4 :  0.067 0.115 0.017 0.016 0.018 0.003 0.764 
200 HI_SS0215    (1)    4 :  0.242 0.687 0.024 0.013 0.015 0.003 0.017 
201 HI_SS0218    (1)    4 :  0.017 0.041 0.004 0.006 0.016 0.006 0.909 
202 HI_SS0222    (0)    4 :  0.862 0.021 0.020 0.036 0.041 0.005 0.015 
203 HI_SS0230    (1)    4 :  0.035 0.032 0.088 0.651 0.179 0.007 0.008 
204 HI_SS0234    (2)    4 :  0.701 0.087 0.040 0.010 0.011 0.111 0.040 
205 HI_SS0240    (1)    4 :  0.734 0.135 0.006 0.042 0.065 0.008 0.010 
206 HI_SS0241    (0)    4 :  0.131 0.070 0.533 0.020 0.032 0.003 0.211 
207 HI_SS0242    (0)    4 :  0.394 0.387 0.027 0.078 0.060 0.003 0.051 
208 HI_SS0247    (0)    4 :  0.006 0.019 0.779 0.025 0.140 0.022 0.010 
209 HI_SS0248    (1)    4 :  0.009 0.009 0.003 0.041 0.006 0.001 0.930 
210 HI_SS0252    (2)    4 :  0.013 0.088 0.699 0.019 0.156 0.002 0.023 
211 HI_SS0254    (0)    4 :  0.282 0.120 0.163 0.059 0.010 0.101 0.266 
212 HI_SS0256    (0)    4 :  0.011 0.837 0.120 0.008 0.019 0.001 0.003 
213 HI_SS0257    (0)    4 :  0.251 0.576 0.101 0.015 0.011 0.003 0.042 
214 HI_SS0258    (1)    4 :  0.044 0.084 0.009 0.010 0.010 0.005 0.837 
215 HI_SS0259    (1)    4 :  0.020 0.010 0.927 0.010 0.023 0.003 0.007 
216 HI_SS0260    (1)    4 :  0.075 0.099 0.019 0.208 0.098 0.002 0.499 
217 HI_SS0261    (2)    4 :  0.055 0.131 0.021 0.725 0.008 0.004 0.057 
218 HI_SS0262    (0)    4 :  0.121 0.698 0.063 0.010 0.093 0.006 0.010 
219 HI_SS0264    (0)    4 :  0.023 0.114 0.030 0.696 0.123 0.005 0.009 
220 HI_SS0265    (0)    4 :  0.214 0.460 0.059 0.095 0.067 0.095 0.010 
221 HI_SS0268    (1)    4 :  0.721 0.027 0.069 0.061 0.079 0.003 0.039 
222 HI_SS0269    (0)    4 :  0.099 0.020 0.173 0.017 0.014 0.002 0.675 
223 HI_SS0273    (0)    4 :  0.032 0.042 0.045 0.017 0.023 0.002 0.839 
224 HI_SS0277    (1)    4 :  0.010 0.059 0.888 0.008 0.021 0.003 0.011 
225 HI_SS0280    (0)    4 :  0.031 0.057 0.036 0.009 0.813 0.007 0.046 
226 HI_SS0282    (1)    4 :  0.024 0.228 0.095 0.018 0.115 0.001 0.520 
227 HI_SS0286    (1)    4 :  0.677 0.265 0.009 0.007 0.015 0.007 0.020 
228 NS_SS1252    (3)    5 :  0.382 0.074 0.098 0.067 0.024 0.003 0.352 
229 NS_SS1261    (1)    5 :  0.031 0.020 0.819 0.046 0.047 0.021 0.017 
230 NS_SS1225   (10)    5 :  0.077 0.244 0.301 0.125 0.052 0.104 0.097 
231 NS_SS1266    (1)    5 :  0.064 0.291 0.148 0.079 0.405 0.009 0.005 
232 NS_SS1228    (0)    5 :  0.011 0.011 0.019 0.019 0.913 0.015 0.013 
233 NS_SS1255    (3)    5 :  0.021 0.035 0.102 0.070 0.312 0.002 0.457 
234 NS_SS1267    (3)    5 :  0.289 0.060 0.021 0.014 0.016 0.019 0.580 
235 NS_SS1238    (6)    5 :  0.028 0.023 0.283 0.128 0.063 0.003 0.472 
236 NS_SS1233    (8)    5 :  0.016 0.168 0.040 0.268 0.354 0.003 0.150 
237 NS_SS1277    (3)    5 :  0.008 0.008 0.005 0.008 0.013 0.001 0.958 
238 NS_SS1245    (1)    5 :  0.277 0.092 0.111 0.140 0.021 0.002 0.358 
239 NS_SS1240    (4)    5 :  0.504 0.019 0.018 0.016 0.009 0.002 0.432 
240 NS_SS1275    (2)    5 :  0.011 0.015 0.917 0.043 0.009 0.003 0.003 
241 NS_SS1235    (1)    5 :  0.116 0.156 0.583 0.102 0.008 0.005 0.030 
242 NS_SS1263    (1)    5 :  0.010 0.030 0.038 0.807 0.101 0.001 0.014 
243 NS_SS1251    (2)    5 :  0.034 0.560 0.030 0.309 0.050 0.002 0.015 
244 NS_SS1248    (0)    5 :  0.205 0.018 0.104 0.198 0.042 0.123 0.310 
245 NS_SS1244    (0)    5 :  0.009 0.009 0.897 0.005 0.007 0.005 0.068 
246 NS_SS1257    (1)    5 :  0.818 0.034 0.010 0.030 0.035 0.019 0.055 
247 NS_SS1242    (2)    5 :  0.053 0.179 0.016 0.548 0.185 0.002 0.017 
248 NS_SS1271    (6)    5 :  0.030 0.016 0.014 0.009 0.012 0.035 0.885 
249 NS_SS1265    (1)    5 :  0.159 0.010 0.042 0.711 0.012 0.021 0.044 
250 NS_SS1243    (0)    5 :  0.025 0.019 0.016 0.018 0.755 0.085 0.084 
251 NS_SS1273    (1)    5 :  0.010 0.007 0.009 0.950 0.009 0.009 0.006 
252 NS_SS1254   (14)    5 :  0.008 0.022 0.019 0.368 0.568 0.006 0.008 
253 NS_SS1224    (1)    5 :  0.033 0.652 0.008 0.044 0.250 0.007 0.005 
254 NS_SS1227    (8)    5 :  0.061 0.161 0.021 0.611 0.042 0.002 0.102 
255 NS_SS1274    (9)    5 :  0.079 0.016 0.018 0.008 0.817 0.015 0.046 
256 NS_SS1241    (1)    5 :  0.008 0.028 0.011 0.014 0.038 0.001 0.900 
257 NS_SS1256    (3)    5 :  0.030 0.297 0.320 0.243 0.007 0.051 0.052 
258 NS_SS1260    (8)    5 :  0.578 0.296 0.010 0.017 0.017 0.055 0.028 
259 NS_SS1262    (0)    5 :  0.055 0.585 0.050 0.013 0.089 0.162 0.046 
260 NS_SS1230    (0)    5 :  0.068 0.054 0.017 0.251 0.025 0.009 0.576 
261 NS_SS1270    (2)    5 :  0.018 0.466 0.359 0.027 0.113 0.003 0.015 
262 NS_SS1229    (2)    5 :  0.009 0.021 0.909 0.041 0.008 0.004 0.008 
263 NS_SS1246    (5)    5 :  0.008 0.017 0.886 0.014 0.013 0.002 0.060 
264 NS_SS1269    (0)    5 :  0.766 0.111 0.015 0.019 0.063 0.003 0.024 
265 NS_SS1239    (1)    5 :  0.229 0.083 0.019 0.014 0.575 0.006 0.075 
266 NS_SS1272    (5)    5 :  0.016 0.014 0.677 0.270 0.009 0.006 0.008 
267 NS_SS1268    (1)    5 :  0.014 0.013 0.006 0.011 0.928 0.002 0.026 
268 NS_SS1249    (1)    5 :  0.032 0.012 0.009 0.010 0.015 0.013 0.908 
269 HI_SS0559    (0)    6 :  0.208 0.354 0.005 0.089 0.250 0.002 0.092 
270 HI_SS0563    (1)    6 :  0.195 0.626 0.007 0.011 0.117 0.003 0.041 
271 HI_SS0564    (0)    6 :  0.184 0.075 0.169 0.043 0.450 0.058 0.020 
272 HI_SS0565    (0)    6 :  0.080 0.193 0.139 0.537 0.017 0.004 0.030 
273 HI_SS0569    (1)    6 :  0.033 0.763 0.008 0.041 0.020 0.002 0.133 
274 HI_SS0570    (0)    6 :  0.013 0.006 0.051 0.015 0.011 0.041 0.862 
275 HI_SS0572    (1)    6 :  0.042 0.024 0.023 0.887 0.010 0.002 0.011 
276 HI_SS0576    (1)    6 :  0.522 0.090 0.095 0.179 0.062 0.007 0.046 
277 HI_SS0579    (1)    6 :  0.018 0.899 0.008 0.011 0.015 0.015 0.034 
278 HI_SS0580    (1)    6 :  0.168 0.429 0.016 0.085 0.056 0.005 0.241 
279 HI_SS0581    (0)    6 :  0.272 0.010 0.490 0.063 0.078 0.076 0.011 
280 HI_SS0583    (1)    6 :  0.014 0.018 0.019 0.804 0.026 0.002 0.118 
281 HI_SS0586    (1)    6 :  0.082 0.232 0.007 0.010 0.027 0.001 0.640 
282 HI_SS0588    (1)    6 :  0.210 0.645 0.006 0.012 0.014 0.015 0.098 
283 HI_SS0595    (4)    6 :  0.210 0.416 0.087 0.023 0.013 0.026 0.226 
284 HI_SS0596    (0)    6 :  0.008 0.013 0.011 0.940 0.012 0.002 0.013 
285 HI_SS0597    (1)    6 :  0.012 0.034 0.030 0.899 0.014 0.002 0.009 
286 HI_SS0600    (0)    6 :  0.152 0.051 0.656 0.007 0.022 0.003 0.108 
287 HI_SS0601    (1)    6 :  0.008 0.740 0.162 0.013 0.049 0.012 0.017 
288 HI_SS0602    (1)    6 :  0.259 0.666 0.005 0.008 0.054 0.003 0.006 
289 HI_SS0604    (0)    6 :  0.096 0.063 0.012 0.646 0.140 0.003 0.041 
290 HI_SS0605    (1)    6 :  0.946 0.015 0.003 0.007 0.019 0.004 0.005 
291 HI_SS0608    (0)    6 :  0.010 0.020 0.010 0.165 0.641 0.001 0.154 
292 HI_SS0609    (0)    6 :  0.048 0.171 0.174 0.428 0.144 0.001 0.035 
293 HI_SS0611    (5)    6 :  0.053 0.012 0.011 0.021 0.741 0.003 0.160 
294 HI_SS0612    (0)    6 :  0.030 0.912 0.019 0.010 0.005 0.004 0.019 
295 HI_SS0613    (1)    6 :  0.327 0.029 0.010 0.027 0.587 0.002 0.018 
296 HI_SS0615    (1)    6 :  0.769 0.030 0.108 0.031 0.040 0.011 0.011 
297 HI_SS0001    (1)    6 :  0.033 0.021 0.679 0.019 0.010 0.004 0.234 
298 HI_SS0002    (1)    6 :  0.028 0.506 0.111 0.303 0.016 0.026 0.009 
299 HI_SS0004    (0)    6 :  0.576 0.010 0.010 0.100 0.126 0.005 0.172 
300 HI_SS0005    (1)    6 :  0.516 0.146 0.011 0.046 0.244 0.008 0.030 
301 HI_SS0006    (1)    6 :  0.091 0.091 0.645 0.034 0.009 0.002 0.128 
302 HI_SS0007    (1)    6 :  0.016 0.011 0.008 0.007 0.044 0.003 0.911 
303 HI_SS0008    (0)    6 :  0.059 0.583 0.041 0.232 0.013 0.038 0.033 
304 HI_SS0009    (0)    6 :  0.294 0.133 0.013 0.062 0.382 0.005 0.113 
305 HI_SS0010    (1)    6 :  0.017 0.028 0.022 0.116 0.242 0.003 0.571 
306 HI_SS0011    (1)    6 :  0.015 0.139 0.162 0.523 0.025 0.090 0.045 
307 HI_SS0012    (0)    6 :  0.409 0.343 0.036 0.033 0.168 0.005 0.006 
308 HI_SS0017    (1)    6 :  0.009 0.006 0.275 0.459 0.173 0.002 0.075 
309 HI_SS0021    (1)    6 :  0.270 0.024 0.013 0.102 0.025 0.235 0.331 
310 HI_SS0024    (1)    6 :  0.036 0.010 0.232 0.615 0.048 0.003 0.056 
311 HI_SS0025    (1)    6 :  0.077 0.011 0.008 0.848 0.043 0.003 0.009 
312 HI_SS0027    (0)    6 :  0.029 0.030 0.008 0.011 0.073 0.013 0.837 
313 HI_SS0028    (0)    6 :  0.140 0.202 0.128 0.157 0.366 0.002 0.005 
314 HI_SS0029    (1)    6 :  0.204 0.035 0.038 0.595 0.093 0.008 0.026 
315 HI_SS0030    (2)    6 :  0.159 0.263 0.360 0.019 0.047 0.004 0.148 
316 HI_SS0031    (0)    6 :  0.031 0.930 0.017 0.009 0.003 0.003 0.006 
317 HI_SS0034    (0)    6 :  0.442 0.058 0.008 0.063 0.005 0.006 0.418 
318 HI_SS0036    (0)    6 :  0.195 0.014 0.382 0.023 0.006 0.016 0.365 
319 HI_SS0037    (1)    6 :  0.016 0.012 0.018 0.014 0.844 0.003 0.092 
320 HI_SS0039    (0)    6 :  0.025 0.374 0.027 0.099 0.086 0.003 0.386 
321 HI_SS0041    (1)    6 :  0.065 0.007 0.135 0.217 0.567 0.002 0.007 
322 HI_SS0042    (1)    6 :  0.812 0.006 0.030 0.026 0.024 0.092 0.010 
323 HI_SS0043    (1)    6 :  0.019 0.025 0.188 0.021 0.037 0.005 0.705 
324 HI_SS0044    (1)    6 :  0.053 0.020 0.011 0.405 0.023 0.003 0.486 
325 HI_SS0047    (1)    6 :  0.113 0.057 0.392 0.154 0.249 0.003 0.031 
326 HI_SS0049    (1)    6 :  0.011 0.018 0.049 0.861 0.029 0.004 0.027 
327 HI_SS0051    (1)    6 :  0.638 0.179 0.005 0.008 0.157 0.001 0.011 
328 HI_SS0053    (1)    6 :  0.039 0.033 0.189 0.521 0.015 0.006 0.198 
329 HI_SS0054    (4)    6 :  0.013 0.194 0.034 0.008 0.014 0.004 0.733 
330 HI_SS0057    (0)    6 :  0.059 0.028 0.635 0.051 0.169 0.003 0.055 
331 HI_SS0058    (0)    6 :  0.654 0.137 0.014 0.024 0.106 0.006 0.057 
332 HI_SS0060    (0)    6 :  0.436 0.201 0.069 0.014 0.012 0.086 0.181 
333 HI_SS0087    (1)    6 :  0.159 0.273 0.113 0.383 0.038 0.002 0.032 
334 HI_SS0091    (1)    6 :  0.009 0.013 0.942 0.006 0.010 0.001 0.017 
335 HI_SS0095    (1)    6 :  0.842 0.060 0.027 0.020 0.010 0.037 0.005 
336 HI_SS0097    (3)    6 :  0.018 0.289 0.024 0.375 0.279 0.005 0.010 
337 HI_SS0099    (1)    6 :  0.012 0.011 0.006 0.941 0.018 0.003 0.008 
338 HI_SS0103    (0)    6 :  0.198 0.067 0.484 0.157 0.077 0.003 0.013 
339 HI_SS0105    (1)    6 :  0.022 0.041 0.790 0.013 0.088 0.027 0.019 
340 HI_SS0107    (1)    6 :  0.006 0.012 0.657 0.298 0.017 0.001 0.009 
341 HI_SS0108    (1)    6 :  0.023 0.022 0.008 0.007 0.012 0.028 0.900 
342 HI_SS0110    (0)    6 :  0.022 0.028 0.896 0.028 0.015 0.002 0.009 
343 HI_SS0111    (1)    6 :  0.879 0.012 0.034 0.017 0.021 0.020 0.017 
344 HI_SS0112    (0)    6 :  0.009 0.007 0.007 0.006 0.008 0.001 0.962 
345 HI_SS0113    (1)    6 :  0.080 0.017 0.452 0.408 0.031 0.004 0.008 
346 HI_SS0114    (1)    6 :  0.240 0.661 0.008 0.012 0.012 0.006 0.061 
347 HI_SS0115    (1)    6 :  0.218 0.414 0.005 0.136 0.145 0.015 0.067 
348 HI_SS0116    (4)    6 :  0.021 0.047 0.023 0.458 0.059 0.003 0.390 
349 HI_SS0117    (0)    6 :  0.028 0.559 0.114 0.026 0.013 0.002 0.258 
350 HI_SS0118    (0)    6 :  0.076 0.091 0.067 0.517 0.078 0.015 0.156 
351 HI_SS0119    (1)    6 :  0.077 0.038 0.693 0.006 0.105 0.002 0.079 
352 HI_SS0120    (1)    6 :  0.010 0.007 0.706 0.261 0.008 0.003 0.007 
353 HI_SS0121    (0)    6 :  0.023 0.019 0.828 0.018 0.104 0.002 0.006 
354 HI_SS0122    (2)    6 :  0.022 0.011 0.881 0.016 0.031 0.019 0.019 
355 HI_SS0123    (0)    6 :  0.155 0.424 0.195 0.078 0.122 0.007 0.018 
356 HI_SS0124    (1)    6 :  0.029 0.059 0.031 0.241 0.619 0.004 0.017 
357 HI_SS0125    (1)    6 :  0.385 0.374 0.134 0.028 0.041 0.034 0.004 
358 HI_SS0126    (0)    6 :  0.014 0.009 0.011 0.054 0.010 0.001 0.902 
359 HI_SS0127    (0)    6 :  0.262 0.129 0.007 0.475 0.075 0.009 0.044 
360 HI_SS0128    (0)    6 :  0.024 0.059 0.029 0.771 0.006 0.003 0.108 
361 HI_SS0129    (1)    6 :  0.843 0.012 0.026 0.045 0.014 0.008 0.052 
362 HI_SS0131    (2)    6 :  0.023 0.143 0.016 0.018 0.054 0.052 0.695 
363 HI_SS0132    (0)    6 :  0.082 0.121 0.519 0.012 0.179 0.001 0.087 
364 HI_SS0133    (1)    6 :  0.002 0.002 0.003 0.003 0.003 0.001 0.985 
365 HI_SS0134    (1)    6 :  0.051 0.589 0.084 0.022 0.021 0.002 0.232 
366 HI_SS0142    (3)    6 :  0.013 0.913 0.034 0.017 0.007 0.013 0.004 
367 HI_SS0145    (0)    6 :  0.177 0.178 0.039 0.446 0.027 0.002 0.131 
368 HI_SS0146    (1)    6 :  0.012 0.026 0.012 0.017 0.014 0.001 0.918 
369 HI_SS0147    (1)    6 :  0.197 0.397 0.086 0.037 0.248 0.028 0.007 
370 HI_SS0149    (1)    6 :  0.004 0.006 0.966 0.005 0.006 0.004 0.011 
371 HI_SS0150    (2)    6 :  0.329 0.100 0.280 0.050 0.213 0.004 0.024 
372 HI_SS0151    (0)    6 :  0.516 0.167 0.016 0.014 0.113 0.017 0.157 
373 NS_SS1451    (1)    6 :  0.055 0.051 0.096 0.188 0.588 0.005 0.017 
374 NS_SS1404    (0)    6 :  0.254 0.148 0.033 0.047 0.475 0.013 0.030 
375 NS_SS1432    (2)    6 :  0.027 0.005 0.191 0.719 0.010 0.045 0.004 
376 NS_SS1405    (5)    6 :  0.175 0.034 0.012 0.513 0.175 0.003 0.087 
377 NS_SS1431   (10)    6 :  0.009 0.009 0.051 0.913 0.012 0.001 0.006 
378 NS_SS1402    (3)    6 :  0.092 0.576 0.170 0.026 0.117 0.003 0.016 
379 NS_SS1450    (3)    6 :  0.383 0.036 0.181 0.073 0.096 0.004 0.227 
380 NS_SS1396    (0)    6 :  0.024 0.040 0.198 0.344 0.367 0.007 0.019 
381 NS_SS1393    (5)    6 :  0.223 0.274 0.012 0.026 0.450 0.004 0.012 
382 NS_SS1392   (10)    6 :  0.501 0.063 0.025 0.026 0.329 0.015 0.041 
383 NS_SS1445    (0)    6 :  0.193 0.019 0.110 0.620 0.023 0.011 0.023 
384 NS_SS1423    (0)    6 :  0.015 0.043 0.542 0.022 0.005 0.002 0.370 
385 NS_SS1421    (9)    6 :  0.018 0.009 0.425 0.118 0.012 0.097 0.321 
386 NS_SS1411    (6)    6 :  0.029 0.015 0.007 0.011 0.158 0.002 0.778 
387 NS_SS1453    (6)    6 :  0.114 0.013 0.812 0.022 0.017 0.005 0.017 
388 NS_SS1442    (3)    6 :  0.474 0.124 0.011 0.263 0.020 0.003 0.105 
389 NS_SS1422    (1)    6 :  0.041 0.348 0.452 0.031 0.053 0.013 0.062 
390 NS_SS1419    (1)    6 :  0.041 0.013 0.097 0.052 0.657 0.134 0.006 
391 NS_SS1427    (0)    6 :  0.093 0.010 0.079 0.024 0.005 0.002 0.787 
392 NS_SS1444    (4)    6 :  0.055 0.015 0.011 0.808 0.098 0.004 0.008 
393 NS_SS1455    (0)    6 :  0.007 0.031 0.041 0.886 0.018 0.001 0.015 
394 NS_SS1425    (2)    6 :  0.035 0.009 0.016 0.012 0.035 0.002 0.890 
395 NS_SS1400    (0)    6 :  0.011 0.017 0.008 0.017 0.027 0.001 0.919 
396 NS_SS1406    (2)    6 :  0.016 0.105 0.235 0.616 0.017 0.008 0.003 
397 NS_SS1417    (6)    6 :  0.043 0.074 0.519 0.227 0.059 0.008 0.070 
398 NS_SS1454    (3)    6 :  0.018 0.013 0.195 0.024 0.622 0.001 0.126 
399 NS_SS1412    (1)    6 :  0.234 0.054 0.167 0.307 0.047 0.026 0.166 
400 NS_SS1438    (1)    6 :  0.518 0.035 0.031 0.013 0.088 0.001 0.313 
401 NS_SS1416    (4)    6 :  0.037 0.057 0.019 0.010 0.868 0.005 0.004 
402 NS_SS1401    (0)    6 :  0.014 0.010 0.917 0.016 0.013 0.010 0.018 
403 NS_SS1424    (6)    6 :  0.178 0.227 0.126 0.023 0.010 0.015 0.421 
404 NS_SS1435   (10)    6 :  0.016 0.078 0.021 0.037 0.023 0.003 0.822 
405 NS_SS1447    (4)    6 :  0.018 0.018 0.020 0.913 0.012 0.009 0.011 
406 NS_SS1414    (3)    6 :  0.018 0.039 0.018 0.670 0.236 0.009 0.010 
407 NS_SS1449   (14)    6 :  0.009 0.005 0.922 0.004 0.050 0.003 0.006 
408 NS_SS1443    (4)    6 :  0.066 0.130 0.010 0.019 0.024 0.002 0.749 
409 NS_SS1434    (1)    6 :  0.023 0.031 0.031 0.178 0.009 0.001 0.728 
410 NS_SS1398    (1)    6 :  0.810 0.016 0.016 0.052 0.060 0.014 0.031 
411 NS_SS1426    (1)    6 :  0.229 0.215 0.065 0.030 0.015 0.002 0.443 
412 NS_SS1413    (0)    6 :  0.007 0.005 0.006 0.014 0.005 0.010 0.953 
413 NS_SS1395    (1)    6 :  0.121 0.151 0.470 0.112 0.087 0.012 0.047 
414 NS_SS1448   (10)    6 :  0.023 0.008 0.012 0.104 0.018 0.002 0.833 
415 NS_SS1446    (0)    6 :  0.245 0.051 0.563 0.089 0.017 0.003 0.033 
416 NS_SS1403    (2)    6 :  0.069 0.038 0.244 0.605 0.030 0.006 0.008 
417 NS_SS1415    (0)    6 :  0.012 0.012 0.012 0.007 0.009 0.010 0.938 
418 NS_SS1437    (4)    6 :  0.029 0.030 0.057 0.844 0.016 0.009 0.015 
419 NS_SS1439    (2)    6 :  0.013 0.937 0.017 0.018 0.007 0.002 0.005 
420 NS_SS1441    (3)    6 :  0.078 0.537 0.034 0.039 0.036 0.002 0.274 
421 NS_SS1420    (2)    6 :  0.009 0.009 0.007 0.009 0.957 0.003 0.006 
422 NS_SS1394    (2)    6 :  0.046 0.021 0.016 0.315 0.561 0.036 0.005 
423 NS_SS1391    (7)    6 :  0.217 0.488 0.040 0.084 0.012 0.013 0.147 
424 NS_SS1410    (5)    6 :  0.028 0.031 0.822 0.037 0.020 0.014 0.048 
425 NS_SS1408    (1)    6 :  0.886 0.029 0.019 0.012 0.008 0.036 0.011 
426 NS_SS1409    (1)    6 :  0.686 0.185 0.032 0.041 0.028 0.003 0.024 
427 HI_SS0617    (1)    7 :  0.864 0.067 0.021 0.015 0.025 0.001 0.007 
428 HI_SS0618    (2)    7 :  0.253 0.045 0.013 0.058 0.620 0.003 0.009 
429 HI_SS0619    (0)    7 :  0.098 0.025 0.090 0.201 0.431 0.004 0.150 
430 HI_SS0620    (1)    7 :  0.013 0.008 0.006 0.009 0.011 0.003 0.950 
431 HI_SS0621    (3)    7 :  0.512 0.069 0.065 0.266 0.063 0.015 0.010 
432 HI_SS0622    (1)    7 :  0.044 0.022 0.015 0.798 0.053 0.010 0.058 
433 HI_SS0626    (0)    7 :  0.599 0.023 0.021 0.033 0.307 0.008 0.009 
434 HI_SS0627    (0)    7 :  0.025 0.031 0.847 0.024 0.052 0.010 0.011 
435 HI_SS0628    (3)    7 :  0.496 0.045 0.064 0.029 0.028 0.049 0.289 
436 HI_SS0629    (1)    7 :  0.459 0.114 0.028 0.332 0.019 0.007 0.041 
437 HI_SS0630    (1)    7 :  0.040 0.027 0.008 0.025 0.084 0.066 0.751 
438 HI_SS0631    (0)    7 :  0.119 0.090 0.051 0.026 0.109 0.001 0.604 
439 HI_SS0632    (0)    7 :  0.213 0.035 0.041 0.084 0.352 0.003 0.271 
440 HI_SS0633    (0)    7 :  0.040 0.020 0.011 0.899 0.014 0.004 0.012 
441 HI_SS0634    (1)    7 :  0.115 0.022 0.772 0.009 0.057 0.002 0.023 
442 HI_SS0635    (0)    7 :  0.386 0.332 0.012 0.092 0.159 0.007 0.012 
443 HI_SS0637    (1)    7 :  0.882 0.070 0.012 0.009 0.020 0.002 0.004 
444 HI_SS0638    (0)    7 :  0.028 0.019 0.036 0.049 0.055 0.001 0.811 
445 HI_SS0639    (1)    7 :  0.597 0.199 0.035 0.054 0.061 0.046 0.007 
446 HI_SS0640    (1)    7 :  0.131 0.219 0.013 0.552 0.018 0.002 0.064 
447 HI_SS0641    (1)    7 :  0.939 0.010 0.003 0.006 0.021 0.004 0.017 
448 HI_SS0642    (0)    7 :  0.007 0.014 0.950 0.010 0.009 0.002 0.007 
449 HI_SS0645    (0)    7 :  0.005 0.006 0.007 0.008 0.964 0.001 0.009 
450 HI_SS0646    (1)    7 :  0.012 0.921 0.038 0.011 0.006 0.003 0.009 
451 HI_SS0647    (1)    7 :  0.020 0.014 0.247 0.266 0.036 0.001 0.414 
452 HI_SS0648    (0)    7 :  0.051 0.381 0.031 0.061 0.286 0.003 0.186 
453 HI_SS0649    (1)    7 :  0.487 0.039 0.026 0.343 0.094 0.002 0.009 
454 HI_SS0650    (1)    7 :  0.919 0.015 0.014 0.023 0.017 0.003 0.009 
455 HI_SS0651    (1)    7 :  0.237 0.634 0.009 0.021 0.080 0.004 0.015 
456 HI_SS0652    (1)    7 :  0.252 0.012 0.010 0.029 0.679 0.003 0.015 
457 NS_SS1371    (3)    7 :  0.575 0.370 0.009 0.027 0.007 0.004 0.009 
458 NS_SS1374    (0)    7 :  0.386 0.028 0.226 0.012 0.035 0.002 0.310 
459 NS_SS1337    (3)    7 :  0.103 0.011 0.748 0.013 0.108 0.004 0.013 
460 NS_SS1385    (5)    7 :  0.020 0.502 0.031 0.411 0.015 0.005 0.016 
461 NS_SS1388    (0)    7 :  0.012 0.007 0.010 0.931 0.021 0.006 0.013 
462 NS_SS1370    (1)    7 :  0.023 0.013 0.018 0.004 0.920 0.008 0.014 
463 NS_SS1389    (3)    7 :  0.009 0.006 0.005 0.937 0.032 0.004 0.008 
464 NS_SS1360    (1)    7 :  0.196 0.159 0.028 0.060 0.115 0.004 0.437 
465 NS_SS1330    (0)    7 :  0.131 0.494 0.009 0.025 0.329 0.003 0.009 
466 NS_SS1328    (9)    7 :  0.015 0.010 0.039 0.012 0.004 0.002 0.918 
467 NS_SS1384    (1)    7 :  0.014 0.956 0.007 0.005 0.008 0.003 0.008 
468 NS_SS1381    (0)    7 :  0.071 0.012 0.033 0.848 0.024 0.001 0.011 
469 NS_SS1375    (1)    7 :  0.065 0.269 0.026 0.411 0.169 0.001 0.058 
470 NS_SS1319   (11)    7 :  0.311 0.444 0.116 0.012 0.018 0.088 0.011 
471 NS_SS1326    (2)    7 :  0.020 0.006 0.021 0.010 0.010 0.012 0.921 
472 NS_SS1341    (1)    7 :  0.017 0.008 0.932 0.015 0.010 0.005 0.014 
473 NS_SS1383    (2)    7 :  0.240 0.068 0.652 0.010 0.009 0.004 0.017 
474 NS_SS1318    (3)    7 :  0.683 0.125 0.018 0.076 0.031 0.013 0.055 
475 NS_SS1348    (2)    7 :  0.022 0.029 0.023 0.013 0.011 0.002 0.900 
476 NS_SS1363    (0)    7 :  0.692 0.118 0.025 0.016 0.122 0.005 0.024 
477 NS_SS1335    (4)    7 :  0.074 0.397 0.029 0.014 0.154 0.032 0.299 
478 NS_SS1358    (0)    7 :  0.022 0.456 0.413 0.006 0.040 0.014 0.050 
479 NS_SS1342    (1)    7 :  0.027 0.055 0.783 0.079 0.008 0.002 0.046 
480 NS_SS1320    (3)    7 :  0.024 0.029 0.054 0.801 0.077 0.008 0.006 
481 NS_SS1355    (1)    7 :  0.012 0.017 0.008 0.931 0.020 0.009 0.004 
482 NS_SS1345    (1)    7 :  0.032 0.860 0.009 0.049 0.012 0.014 0.025 
483 NS_SS1324    (0)    7 :  0.566 0.038 0.015 0.025 0.013 0.003 0.339 
484 NS_SS1347    (5)    7 :  0.069 0.416 0.030 0.187 0.273 0.005 0.020 
485 NS_SS1321    (4)    7 :  0.047 0.036 0.830 0.010 0.027 0.001 0.049 
486 NS_SS1333    (0)    7 :  0.039 0.020 0.816 0.025 0.010 0.003 0.087 
487 NS_SS1364    (1)    7 :  0.023 0.035 0.023 0.476 0.043 0.002 0.398 
488 NS_SS1379    (0)    7 :  0.025 0.011 0.149 0.037 0.711 0.057 0.010 
489 NS_SS1332    (0)    7 :  0.011 0.012 0.011 0.141 0.005 0.007 0.812 
490 NS_SS1338    (5)    7 :  0.021 0.012 0.026 0.008 0.895 0.006 0.033 
491 NS_SS1368    (6)    7 :  0.026 0.023 0.056 0.304 0.007 0.007 0.576 
492 NS_SS1354    (1)    7 :  0.193 0.702 0.025 0.033 0.024 0.013 0.011 
493 NS_SS1365    (0)    7 :  0.085 0.038 0.014 0.406 0.219 0.010 0.227 
494 NS_SS1380    (1)    7 :  0.309 0.045 0.023 0.141 0.456 0.018 0.008 
495 NS_SS1329    (8)    7 :  0.011 0.016 0.515 0.416 0.013 0.003 0.026 
496 NS_SS1362    (0)    7 :  0.031 0.887 0.038 0.016 0.011 0.004 0.013 
497 NS_SS1327    (2)    7 :  0.016 0.019 0.010 0.008 0.005 0.004 0.937 
498 NS_SS1350    (0)    7 :  0.948 0.012 0.011 0.007 0.006 0.007 0.010 
499 NS_SS1387    (2)    7 :  0.045 0.121 0.013 0.277 0.528 0.003 0.013 
500 NS_SS1369    (8)    7 :  0.035 0.044 0.056 0.018 0.103 0.006 0.739 
501 NS_SS1331    (1)    7 :  0.017 0.016 0.237 0.019 0.645 0.008 0.058 
502 NS_SS1357    (5)    7 :  0.016 0.017 0.861 0.053 0.012 0.003 0.038 
503 NS_SS1386    (1)    7 :  0.009 0.036 0.219 0.009 0.009 0.004 0.715 
504 NS_SS1353    (2)    7 :  0.013 0.017 0.069 0.811 0.043 0.004 0.044 
505 NS_SS1323    (0)    7 :  0.011 0.059 0.791 0.031 0.019 0.080 0.009 
506 HI_SS0296    (0)    8 :  0.050 0.014 0.011 0.013 0.592 0.002 0.318 
507 HI_SS0297    (0)    8 :  0.169 0.021 0.746 0.020 0.011 0.001 0.031 
508 HI_SS0299    (0)    8 :  0.312 0.562 0.030 0.018 0.028 0.028 0.022 
509 HI_SS0300    (0)    8 :  0.029 0.015 0.008 0.080 0.697 0.002 0.170 
510 HI_SS0301    (0)    8 :  0.530 0.254 0.019 0.084 0.086 0.003 0.023 
511 HI_SS0302    (0)    8 :  0.021 0.021 0.010 0.026 0.051 0.033 0.838 
512 HI_SS0303    (0)    8 :  0.010 0.008 0.014 0.087 0.012 0.009 0.860 
513 HI_SS0304    (0)    8 :  0.048 0.014 0.053 0.085 0.741 0.003 0.056 
514 HI_SS0306    (5)    8 :  0.004 0.006 0.007 0.006 0.006 0.004 0.968 
