   NS_SS0963  1 0.5242 0.0050 0.4220 0.0331 0.0158 
   NS_SS0983  1 0.6931 0.0035 0.0114 0.0052 0.2867 
   NS_SS0719  1 0.6551 0.0040 0.0216 0.2898 0.0295 
   NS_SS1001  1 0.0382 0.0065 0.0171 0.6253 0.3129 
   NS_SS0936  1 0.0505 0.0026 0.8606 0.0557 0.0307 
   NS_SS0955  1 0.0604 0.0033 0.1945 0.0357 0.7061 
   NS_SS0944  1 0.0215 0.0021 0.0965 0.0724 0.8074 
   NS_SS0945  1 0.0573 0.0096 0.0727 0.1923 0.6681 
   NS_SS0922  1 0.3252 0.0242 0.0980 0.5465 0.0061 
   NS_SS0929  1 0.0864 0.0030 0.6552 0.0670 0.1884 
   NS_SS0956  1 0.1755 0.0046 0.0342 0.7658 0.0200 
   NS_SS0906  1 0.3679 0.0024 0.3521 0.2492 0.0283 
   NS_SS0721  1 0.9642 0.0033 0.0074 0.0137 0.0113 
   NS_SS0982  1 0.2546 0.0180 0.5118 0.1945 0.0211 
   NS_SS0923  1 0.2960 0.0036 0.2678 0.4197 0.0129 
   NS_SS0905  1 0.6897 0.0017 0.0320 0.2588 0.0179 
   NS_SS0925  1 0.7439 0.0040 0.2042 0.0396 0.0083 
   NS_SS0947  1 0.0849 0.0050 0.8058 0.0839 0.0203 
   NS_SS0926  1 0.0097 0.0014 0.0121 0.0177 0.9591 
   NS_SS0918  1 0.0463 0.0026 0.7983 0.0704 0.0825 
   NS_SS0966  1 0.0808 0.0422 0.7880 0.0517 0.0373 
   NS_SS0938  1 0.0083 0.0014 0.4948 0.4758 0.0196 
   NS_SS0917  1 0.7424 0.0319 0.0109 0.1889 0.0259 
   NS_SS0957  1 0.0316 0.0064 0.4733 0.4620 0.0267 
   NS_SS0987  1 0.1355 0.2397 0.2112 0.3386 0.0749 
   NS_SS0717  1 0.0219 0.0029 0.0274 0.9328 0.0150 
   NS_SS0986  1 0.2753 0.0033 0.1580 0.4017 0.1617 
   NS_SS0953  1 0.0127 0.0133 0.9046 0.0530 0.0165 
   NS_SS0907  1 0.3097 0.0396 0.5837 0.0469 0.0201 
   NS_SS0974  1 0.2502 0.0047 0.1726 0.1882 0.3842 
   NS_SS0989  1 0.0817 0.0013 0.4128 0.0154 0.4888 
   NS_SS0991  1 0.1045 0.0017 0.0369 0.0140 0.8429 
   NS_SS0994  1 0.0087 0.0025 0.0108 0.0233 0.9547 
   NS_SS0931  1 0.0193 0.0089 0.0132 0.0084 0.9502 
   NS_SS1000  1 0.2648 0.0040 0.6342 0.0788 0.0182 
   NS_SS0919  1 0.7397 0.0024 0.1996 0.0173 0.0410 
   NS_SS0949  1 0.0431 0.0015 0.0098 0.0068 0.9389 
   NS_SS0960  1 0.6882 0.0062 0.0506 0.0942 0.1609 
   NS_SS0716  1 0.0087 0.0057 0.0050 0.9751 0.0054 
   NS_SS0924  1 0.5448 0.0190 0.0922 0.0708 0.2732 
   NS_SS0935  1 0.2469 0.0083 0.0125 0.0425 0.6899 
   NS_SS0952  1 0.2445 0.0406 0.2588 0.0476 0.4085 
   NS_SS0962  1 0.2320 0.0075 0.2913 0.4589 0.0103 
   NS_SS0973  1 0.8197 0.0032 0.0905 0.0217 0.0650 
   NS_SS0722  1 0.1482 0.0020 0.1281 0.7091 0.0126 
   NS_SS0979  1 0.0435 0.0019 0.2428 0.6934 0.0184 
   NS_SS0993  1 0.0697 0.0191 0.3137 0.5825 0.0150 
   NS_SS0958  1 0.0397 0.0027 0.0433 0.0483 0.8660 
   NS_SS0988  1 0.1407 0.0050 0.3061 0.3514 0.1968 
   NS_SS1003  1 0.3794 0.0103 0.4676 0.1313 0.0114 
   NS_SS0976  1 0.0845 0.0018 0.5877 0.0178 0.3081 
   NS_SS0964  1 0.1319 0.0024 0.0288 0.8288 0.0081 
   NS_SS0939  1 0.0094 0.0036 0.0046 0.9766 0.0058 
   NS_SS0990  1 0.0152 0.0033 0.3201 0.6387 0.0227 
   NS_SS0984  1 0.0087 0.0023 0.0144 0.9685 0.0062 
   NS_SS0980  1 0.3050 0.0016 0.6279 0.0442 0.0212 
   NS_SS0978  1 0.8360 0.0031 0.0865 0.0296 0.0448 
   NS_SS0951  1 0.1068 0.0029 0.0187 0.2865 0.5852 
   NS_SS0913  1 0.0165 0.0281 0.0300 0.9148 0.0106 
   NS_SS1002  1 0.0125 0.0306 0.9424 0.0094 0.0051 
   NS_SS0948  1 0.0185 0.0430 0.6703 0.1729 0.0954 
   NS_SS0916  1 0.7098 0.0046 0.1479 0.0770 0.0607 
   NS_SS0995  1 0.6599 0.0022 0.0244 0.3064 0.0070 
   NS_SS0927  1 0.9031 0.0043 0.0155 0.0446 0.0325 
   NS_SS0992  1 0.6921 0.0029 0.1900 0.0663 0.0487 
   NS_SS0912  1 0.1094 0.0026 0.0255 0.0471 0.8153 
   NS_SS0981  1 0.6046 0.0030 0.3201 0.0344 0.0379 
   NS_SS0729  2 0.1066 0.0042 0.0266 0.0078 0.8549 
   NS_SS0967  2 0.4883 0.0110 0.4267 0.0320 0.0420 
   NS_SS0941  2 0.1804 0.0828 0.0861 0.5223 0.1285 
   NS_SS0768  2 0.0283 0.0043 0.8907 0.0461 0.0307 
   NS_SS0726  2 0.3617 0.0080 0.1369 0.0349 0.4584 
   NS_SS0763  2 0.2197 0.0021 0.0667 0.0692 0.6423 
   NS_SS0730  2 0.0309 0.0032 0.0967 0.8558 0.0134 
   NS_SS0774  2 0.1322 0.0008 0.5198 0.3422 0.0049 
   NS_SS0723  2 0.5971 0.0016 0.2298 0.1658 0.0058 
   NS_SS0940  2 0.4146 0.0070 0.0201 0.1397 0.4187 
   NS_SS0762  2 0.0114 0.0025 0.0221 0.9568 0.0071 
   NS_SS0766  2 0.1649 0.0121 0.0136 0.7254 0.0840 
   NS_SS0724  2 0.0904 0.0050 0.2622 0.6035 0.0389 
   NS_SS0769  2 0.4749 0.0034 0.3821 0.0947 0.0450 
   NS_SS0777  2 0.4289 0.0129 0.0166 0.0536 0.4880 
   NS_SS0734  2 0.4446 0.0220 0.0108 0.3094 0.2133 
   NS_SS0737  2 0.0832 0.0064 0.1882 0.7143 0.0079 
   NS_SS0732  2 0.8974 0.0048 0.0298 0.0569 0.0111 
   NS_SS0728  2 0.3384 0.0096 0.2514 0.3482 0.0524 
   NS_SS0735  2 0.7237 0.0067 0.2052 0.0433 0.0211 
   NS_SS0725  2 0.0062 0.0082 0.3648 0.5840 0.0368 
   NS_SS0788  2 0.6613 0.0015 0.1214 0.2072 0.0086 
   NS_SS0778  2 0.8348 0.0014 0.0780 0.0553 0.0304 
   NS_SS0792  2 0.1667 0.0050 0.3068 0.4761 0.0454 
   NS_SS0943  2 0.0144 0.0082 0.0446 0.0101 0.9227 
   NS_SS0791  2 0.8524 0.0123 0.0092 0.0600 0.0661 
   NS_SS0790  2 0.0134 0.0038 0.5905 0.3875 0.0048 
   NS_SS0731  2 0.0257 0.0116 0.0166 0.9370 0.0091 
   NS_SS0727  2 0.0289 0.0020 0.0119 0.2973 0.6599 
   NS_SS0779  2 0.8727 0.0062 0.0171 0.0657 0.0384 
   NS_SS0776  2 0.3516 0.0078 0.1746 0.2231 0.2429 
   NS_SS0775  2 0.0125 0.0064 0.0247 0.9473 0.0091 
   NS_SS0965  3 0.5749 0.0018 0.3349 0.0503 0.0381 
   NS_SS0754  3 0.4331 0.0126 0.0552 0.0244 0.4748 
   NS_SS0838  3 0.5506 0.0412 0.1509 0.1334 0.1239 
   NS_SS0839  3 0.0680 0.0034 0.5809 0.3426 0.0051 
   NS_SS0832  3 0.3307 0.0514 0.3625 0.2495 0.0059 
   NS_SS0820  3 0.4920 0.0069 0.1373 0.3586 0.0052 
   NS_SS0886  3 0.7959 0.0019 0.0260 0.0760 0.1002 
   NS_SS0748  3 0.0943 0.0093 0.1133 0.0832 0.6999 
   NS_SS0884  3 0.1854 0.0235 0.7170 0.0388 0.0353 
   NS_SS0752  3 0.7736 0.0020 0.1299 0.0783 0.0162 
   NS_SS0862  3 0.7172 0.0043 0.1958 0.0741 0.0085 
   NS_SS0787  3 0.0184 0.0070 0.0144 0.0142 0.9460 
   NS_SS0843  3 0.7927 0.0018 0.0674 0.0969 0.0412 
   NS_SS0856  3 0.2524 0.0032 0.0444 0.6861 0.0139 
   NS_SS0846  3 0.0870 0.0028 0.6770 0.0125 0.2208 
   NS_SS0825  3 0.0776 0.0098 0.5120 0.3720 0.0287 
   NS_SS0757  3 0.6170 0.0031 0.0778 0.0318 0.2702 
   NS_SS0876  3 0.2787 0.2099 0.3751 0.1285 0.0078 
   NS_SS0903  3 0.6499 0.0022 0.3304 0.0112 0.0063 
   NS_SS0875  3 0.1002 0.0032 0.0271 0.8116 0.0579 
   NS_SS0740  3 0.7632 0.0028 0.1408 0.0518 0.0414 
   NS_SS0811  3 0.1184 0.0092 0.3087 0.5354 0.0283 
   NS_SS0751  3 0.4069 0.0021 0.1079 0.4291 0.0540 
   NS_SS0891  3 0.0211 0.0049 0.3701 0.5867 0.0172 
   NS_SS0867  3 0.0610 0.0290 0.4901 0.0195 0.4005 
   NS_SS0890  3 0.8515 0.0035 0.0351 0.0353 0.0746 
   NS_SS0866  3 0.0287 0.0061 0.0219 0.1631 0.7802 
   NS_SS0755  3 0.0851 0.0065 0.0817 0.7569 0.0697 
   NS_SS0758  3 0.7102 0.0017 0.1763 0.0230 0.0888 
   NS_SS0840  3 0.1842 0.0021 0.4568 0.3488 0.0081 
   NS_SS0889  3 0.0184 0.0024 0.0347 0.0290 0.9154 
   NS_SS1010  3 0.1402 0.0333 0.7754 0.0333 0.0178 
   NS_SS0888  3 0.3353 0.0017 0.0123 0.0172 0.6336 
   NS_SS0837  3 0.1233 0.0028 0.1373 0.6893 0.0472 
   NS_SS0794  3 0.0280 0.0025 0.0262 0.0362 0.9071 
   NS_SS0823  3 0.1342 0.0042 0.7639 0.0644 0.0333 
   NS_SS0829  3 0.0717 0.1216 0.0502 0.0077 0.7488 
   NS_SS0844  3 0.0306 0.0018 0.9528 0.0094 0.0054 
   NS_SS1008  3 0.0740 0.0117 0.0197 0.4052 0.4894 
   NS_SS0881  3 0.3756 0.0028 0.1702 0.2565 0.1948 
   NS_SS0834  3 0.0303 0.0064 0.5607 0.3854 0.0172 
   NS_SS0744  3 0.8636 0.0047 0.1013 0.0142 0.0163 
   NS_SS0899  3 0.0519 0.0014 0.4868 0.4529 0.0069 
   NS_SS0804  3 0.1587 0.0045 0.6025 0.2276 0.0068 
   NS_SS0781  3 0.0331 0.0031 0.9297 0.0299 0.0043 
   NS_SS0822  3 0.0955 0.0017 0.0548 0.0127 0.8352 
   NS_SS1004  3 0.6959 0.0037 0.2104 0.0239 0.0661 
   NS_SS0746  3 0.1899 0.0136 0.1274 0.1784 0.4907 
   NS_SS0880  3 0.3824 0.0017 0.4013 0.0429 0.1718 
   NS_SS0879  3 0.0218 0.0145 0.4330 0.4810 0.0497 
   NS_SS0753  3 0.4004 0.0094 0.0396 0.0281 0.5225 
   NS_SS1007  3 0.9213 0.0020 0.0122 0.0538 0.0107 
   NS_SS0872  3 0.1093 0.0021 0.5543 0.3233 0.0110 
   NS_SS1005  3 0.3525 0.0011 0.5496 0.0610 0.0358 
   NS_SS0892  3 0.5174 0.0021 0.1087 0.2118 0.1600 
   NS_SS0898  3 0.0089 0.0057 0.0288 0.6320 0.3246 
   NS_SS0801  3 0.3720 0.0101 0.2899 0.3076 0.0203 
   NS_SS0827  3 0.1280 0.1167 0.0218 0.5987 0.1348 
   NS_SS0853  3 0.1306 0.0057 0.4193 0.4143 0.0301 
   NS_SS0780  3 0.6083 0.0037 0.3597 0.0211 0.0072 
   NS_SS0826  3 0.0090 0.0032 0.9318 0.0162 0.0398 
   NS_SS0818  3 0.0927 0.0014 0.3794 0.5085 0.0179 
   NS_SS0745  3 0.0057 0.0014 0.0053 0.9821 0.0055 
   NS_SS0849  3 0.3543 0.0017 0.0338 0.5808 0.0294 
   NS_SS0739  3 0.7206 0.0113 0.0105 0.2471 0.0106 
   NS_SS0799  3 0.5067 0.0010 0.0158 0.0455 0.4310 
   NS_SS0756  3 0.0261 0.0027 0.9487 0.0143 0.0082 
   NS_SS0802  3 0.6967 0.1829 0.0078 0.0168 0.0958 
   NS_SS0747  3 0.9089 0.0044 0.0705 0.0087 0.0074 
   NS_SS0835  3 0.0751 0.0013 0.0696 0.1151 0.7390 
   NS_SS0742  3 0.7075 0.0012 0.1608 0.1171 0.0133 
   NS_SS0760  3 0.0344 0.0492 0.0187 0.0141 0.8836 
   NS_SS0803  3 0.0136 0.0060 0.9679 0.0086 0.0040 
   NS_SS0828  3 0.3977 0.0013 0.0635 0.3123 0.2252 
   NS_SS0865  3 0.7351 0.0216 0.1758 0.0306 0.0369 
   NS_SS0759  3 0.8638 0.0043 0.0212 0.1007 0.0100 
   NS_SS0851  3 0.0132 0.0124 0.0400 0.9291 0.0053 
   NS_SS0874  3 0.0166 0.0013 0.9496 0.0241 0.0084 
   NS_SS0761  3 0.0577 0.0027 0.2792 0.0354 0.6250 
   NS_SS0842  3 0.0305 0.0083 0.0882 0.7618 0.1111 
   NS_SS0785  3 0.6685 0.0052 0.1734 0.0240 0.1290 
   NS_SS0860  3 0.4790 0.0026 0.0515 0.0245 0.4424 
   NS_SS0897  3 0.0078 0.0017 0.0096 0.0107 0.9702 
   NS_SS0841  3 0.3298 0.0039 0.3518 0.2889 0.0256 
   NS_SS0797  3 0.0128 0.0225 0.0137 0.2681 0.6828 
   NS_SS0830  3 0.3036 0.0021 0.0828 0.5071 0.1044 
   NS_SS1011  3 0.0190 0.0050 0.9619 0.0085 0.0056 
   NS_SS0883  3 0.9248 0.0051 0.0098 0.0446 0.0157 
   NS_SS0782  3 0.1862 0.0023 0.0495 0.5207 0.2413 
   NS_SS0831  3 0.1158 0.0030 0.0351 0.0553 0.7909 
   NS_SS0749  3 0.9486 0.0033 0.0111 0.0135 0.0235 
   NS_SS0854  3 0.6276 0.0025 0.0713 0.1387 0.1600 
   HI_SS0193  4 0.0071 0.0014 0.0114 0.0231 0.9570 
   HI_SS0194  4 0.0100 0.0018 0.6040 0.3343 0.0499 
   HI_SS0195  4 0.4744 0.1032 0.1367 0.2755 0.0102 
   HI_SS0196  4 0.6194 0.0029 0.0475 0.1057 0.2244 
   HI_SS0197  4 0.0577 0.0100 0.9106 0.0178 0.0039 
   HI_SS0198  4 0.6779 0.0076 0.1390 0.1209 0.0546 
   HI_SS0199  4 0.5122 0.0025 0.0855 0.0386 0.3611 
   HI_SS0201  4 0.0801 0.0018 0.0376 0.0086 0.8720 
   HI_SS0215  4 0.2858 0.0034 0.3220 0.0146 0.3743 
   HI_SS0218  4 0.0503 0.0054 0.0097 0.0234 0.9112 
   HI_SS0222  4 0.6289 0.0047 0.0185 0.2787 0.0692 
   HI_SS0230  4 0.5152 0.0050 0.1852 0.2799 0.0147 
   HI_SS0234  4 0.1061 0.1475 0.6731 0.0513 0.0220 
   HI_SS0240  4 0.9115 0.0064 0.0348 0.0367 0.0107 
   HI_SS0241  4 0.1306 0.0024 0.1595 0.0376 0.6699 
   HI_SS0242  4 0.0453 0.0028 0.0552 0.6452 0.2515 
   HI_SS0247  4 0.0047 0.0164 0.9557 0.0146 0.0086 
   HI_SS0248  4 0.0201 0.0009 0.0083 0.0126 0.9581 
   HI_SS0252  4 0.0726 0.0022 0.6380 0.1716 0.1157 
   HI_SS0254  4 0.2472 0.0860 0.0453 0.0243 0.5971 
   HI_SS0256  4 0.0123 0.0014 0.9496 0.0340 0.0028 
   HI_SS0257  4 0.1066 0.0029 0.6192 0.0180 0.2534 
   HI_SS0258  4 0.0319 0.0045 0.0089 0.0169 0.9378 
   HI_SS0259  4 0.1606 0.0026 0.4117 0.4041 0.0210 
   HI_SS0260  4 0.2689 0.0016 0.0396 0.0292 0.6606 
   HI_SS0261  4 0.1037 0.0033 0.0833 0.0694 0.7404 
   HI_SS0262  4 0.1739 0.0077 0.0742 0.7326 0.0117 
   HI_SS0264  4 0.1609 0.0041 0.2764 0.4994 0.0592 
   HI_SS0265  4 0.0618 0.0985 0.0579 0.7699 0.0119 
   HI_SS0268  4 0.6288 0.0028 0.1927 0.0810 0.0947 
   HI_SS0269  4 0.4790 0.0015 0.1013 0.0177 0.4005 
   HI_SS0273  4 0.1460 0.0017 0.0803 0.0365 0.7355 
   HI_SS0277  4 0.3381 0.0025 0.5902 0.0436 0.0256 
   HI_SS0280  4 0.2679 0.0058 0.0157 0.6440 0.0666 
   HI_SS0282  4 0.1515 0.0015 0.0503 0.0121 0.7845 
   HI_SS0286  4 0.4470 0.0083 0.0749 0.2544 0.2154 
   NS_SS1252  5 0.0189 0.0037 0.0067 0.0068 0.9639 
   NS_SS1261  5 0.1760 0.0166 0.6864 0.0820 0.0391 
   NS_SS1225  5 0.0320 0.0625 0.8496 0.0073 0.0484 
   NS_SS1266  5 0.0180 0.0061 0.9444 0.0266 0.0049 
   NS_SS1228  5 0.0479 0.0117 0.0320 0.9004 0.0080 
   NS_SS1255  5 0.0223 0.0014 0.3350 0.6099 0.0315 
   NS_SS1267  5 0.0532 0.0132 0.0076 0.0091 0.9169 
   NS_SS1238  5 0.0923 0.0026 0.0853 0.4324 0.3875 
   NS_SS1233  5 0.0390 0.0019 0.7730 0.0735 0.1126 
   NS_SS1277  5 0.0113 0.0010 0.0057 0.0612 0.9209 
   NS_SS1245  5 0.0917 0.0017 0.0578 0.2185 0.6303 
   NS_SS1240  5 0.0725 0.0019 0.0098 0.0057 0.9101 
   NS_SS1275  5 0.0111 0.0026 0.5178 0.4637 0.0048 
   NS_SS1235  5 0.0488 0.0050 0.8309 0.0781 0.0372 
   NS_SS1263  5 0.0187 0.0011 0.5529 0.3968 0.0304 
   NS_SS1251  5 0.0113 0.0016 0.9623 0.0130 0.0119 
   NS_SS1248  5 0.0232 0.1128 0.0222 0.1253 0.7165 
   NS_SS1244  5 0.0599 0.0044 0.8423 0.0092 0.0842 
   NS_SS1257  5 0.3979 0.0255 0.0592 0.0293 0.4882 
   NS_SS1242  5 0.0289 0.0024 0.0224 0.9384 0.0079 
   NS_SS1271  5 0.0162 0.0246 0.0105 0.0473 0.9014 
   NS_SS1265  5 0.0244 0.0238 0.0366 0.0276 0.8875 
   NS_SS1243  5 0.2994 0.0792 0.0105 0.5880 0.0228 
   NS_SS1273  5 0.0273 0.0094 0.0669 0.8856 0.0108 
   NS_SS1254  5 0.0164 0.0053 0.7724 0.1901 0.0157 
   NS_SS1224  5 0.2457 0.0071 0.3078 0.4231 0.0164 
   NS_SS1227  5 0.2118 0.0018 0.0168 0.3596 0.4100 
   NS_SS1274  5 0.2780 0.0187 0.2726 0.0186 0.4121 
   NS_SS1241  5 0.0473 0.0010 0.2098 0.0356 0.7064 
   NS_SS1256  5 0.0278 0.0370 0.5978 0.0753 0.2621 
   NS_SS1260  5 0.5141 0.0673 0.0597 0.0415 0.3174 
   NS_SS1262  5 0.1789 0.1754 0.4025 0.0240 0.2192 
   NS_SS1230  5 0.1709 0.0090 0.0980 0.0760 0.6461 
   NS_SS1270  5 0.1841 0.0024 0.5286 0.2502 0.0347 
   NS_SS1229  5 0.1137 0.0036 0.8549 0.0152 0.0125 
   NS_SS1246  5 0.0947 0.0030 0.1990 0.0836 0.6197 
   NS_SS1269  5 0.8947 0.0018 0.0328 0.0452 0.0255 
   NS_SS1239  5 0.6549 0.0046 0.0362 0.2772 0.0271 
   NS_SS1272  5 0.0220 0.0061 0.7378 0.2233 0.0108 
   NS_SS1268  5 0.2819 0.0027 0.0870 0.5484 0.0799 
   NS_SS1249  5 0.0171 0.0116 0.0197 0.0139 0.9378 
   HI_SS0559  6 0.4519 0.0016 0.0643 0.1377 0.3445 
   HI_SS0563  6 0.3192 0.0029 0.3482 0.0489 0.2809 
   HI_SS0564  6 0.6626 0.0454 0.1098 0.1610 0.0212 
   HI_SS0565  6 0.3214 0.0035 0.1686 0.2366 0.2698 
   HI_SS0569  6 0.1809 0.0025 0.0270 0.0097 0.7800 
   HI_SS0570  6 0.1085 0.0387 0.0334 0.0241 0.7954 
   HI_SS0572  6 0.1353 0.0020 0.2073 0.6412 0.0143 
   HI_SS0576  6 0.3419 0.0054 0.1017 0.5047 0.0463 
   HI_SS0579  6 0.3496 0.0165 0.1614 0.0231 0.4494 
   HI_SS0580  6 0.0796 0.0051 0.0400 0.6436 0.2316 
   HI_SS0581  6 0.3912 0.0644 0.0407 0.4938 0.0098 
   HI_SS0583  6 0.0964 0.0025 0.1785 0.1869 0.5357 
   HI_SS0586  6 0.0154 0.0012 0.0079 0.0142 0.9613 
   HI_SS0588  6 0.2144 0.0198 0.1106 0.0722 0.5830 
   HI_SS0595  6 0.1776 0.0231 0.0827 0.4535 0.2632 
   HI_SS0596  6 0.0056 0.0019 0.0220 0.9616 0.0088 
   HI_SS0597  6 0.0318 0.0023 0.3781 0.5751 0.0126 
   HI_SS0600  6 0.7253 0.0028 0.2399 0.0089 0.0231 
   HI_SS0601  6 0.1243 0.0119 0.7564 0.0183 0.0891 
   HI_SS0602  6 0.6114 0.0022 0.0407 0.2563 0.0893 
   HI_SS0604  6 0.4572 0.0017 0.1397 0.1900 0.2115 
   HI_SS0605  6 0.8893 0.0052 0.0141 0.0363 0.0550 
   HI_SS0608  6 0.0173 0.0010 0.0108 0.9472 0.0237 
   HI_SS0609  6 0.0110 0.0008 0.7177 0.2551 0.0154 
   HI_SS0611  6 0.2720 0.0029 0.0238 0.0744 0.6270 
   HI_SS0612  6 0.0767 0.0054 0.8735 0.0075 0.0368 
   HI_SS0613  6 0.8613 0.0014 0.0504 0.0519 0.0351 
   HI_SS0615  6 0.4078 0.0091 0.2539 0.3205 0.0087 
   HI_SS0001  6 0.0400 0.0042 0.2400 0.0832 0.6325 
   HI_SS0002  6 0.0199 0.0201 0.9168 0.0362 0.0070 
   HI_SS0004  6 0.0995 0.0059 0.0186 0.0959 0.7801 
   HI_SS0005  6 0.7036 0.0059 0.0269 0.1940 0.0696 
   HI_SS0006  6 0.1613 0.0016 0.6160 0.0175 0.2036 
   HI_SS0007  6 0.0249 0.0024 0.0063 0.0282 0.9382 
   HI_SS0008  6 0.5106 0.0340 0.0869 0.2931 0.0754 
   HI_SS0009  6 0.1151 0.0043 0.0146 0.8119 0.0541 
   HI_SS0010  6 0.1841 0.0033 0.0292 0.0798 0.7036 
   HI_SS0011  6 0.0141 0.0883 0.6691 0.2081 0.0204 
   HI_SS0012  6 0.6446 0.0041 0.2027 0.1417 0.0070 
   HI_SS0017  6 0.0248 0.0016 0.3710 0.5714 0.0312 
   HI_SS0021  6 0.0223 0.2365 0.0151 0.2520 0.4740 
   HI_SS0024  6 0.0768 0.0025 0.1198 0.6142 0.1866 
   HI_SS0025  6 0.0123 0.0031 0.0146 0.9598 0.0103 
   HI_SS0027  6 0.1329 0.0120 0.0125 0.0096 0.8330 
   HI_SS0028  6 0.1094 0.0018 0.2251 0.6557 0.0081 
   HI_SS0029  6 0.0831 0.0065 0.0149 0.8717 0.0239 
   HI_SS0030  6 0.4441 0.0058 0.0501 0.1438 0.3561 
   HI_SS0031  6 0.6621 0.0037 0.1765 0.1469 0.0108 
   HI_SS0034  6 0.0879 0.0050 0.0123 0.0072 0.8875 
   HI_SS0036  6 0.0623 0.0144 0.0090 0.0722 0.8420 
   HI_SS0037  6 0.1409 0.0052 0.1180 0.1031 0.6327 
   HI_SS0039  6 0.0219 0.0029 0.0108 0.2548 0.7097 
   HI_SS0041  6 0.0327 0.0015 0.0127 0.9457 0.0074 
   HI_SS0042  6 0.0897 0.1137 0.1064 0.6807 0.0095 
   HI_SS0043  6 0.1263 0.0027 0.0091 0.0069 0.8550 
   HI_SS0044  6 0.0834 0.0025 0.0093 0.8436 0.0612 
   HI_SS0047  6 0.7588 0.0021 0.1263 0.0943 0.0185 
   HI_SS0049  6 0.0311 0.0035 0.0640 0.8333 0.0681 
   HI_SS0051  6 0.9006 0.0022 0.0432 0.0317 0.0223 
   HI_SS0053  6 0.0825 0.0043 0.0157 0.0175 0.8801 
   HI_SS0054  6 0.0122 0.0038 0.0130 0.0081 0.9629 
   HI_SS0057  6 0.2398 0.0028 0.2800 0.4076 0.0698 
   HI_SS0058  6 0.0658 0.0057 0.7698 0.0532 0.1055 
   HI_SS0060  6 0.5435 0.0794 0.1066 0.0498 0.2207 
   HI_SS0087  6 0.1508 0.0026 0.5335 0.0197 0.2935 
   HI_SS0091  6 0.0633 0.0014 0.6508 0.0093 0.2752 
   HI_SS0095  6 0.7149 0.0395 0.1903 0.0229 0.0325 
   HI_SS0097  6 0.4194 0.0037 0.5470 0.0143 0.0157 
   HI_SS0099  6 0.0080 0.0037 0.0109 0.9698 0.0076 
   HI_SS0103  6 0.7072 0.0027 0.2150 0.0637 0.0114 
   HI_SS0105  6 0.3631 0.0253 0.5525 0.0329 0.0263 
   HI_SS0107  6 0.0147 0.0010 0.5285 0.4452 0.0106 
   HI_SS0108  6 0.0216 0.0211 0.0084 0.0057 0.9431 
   HI_SS0110  6 0.5220 0.0013 0.3834 0.0717 0.0216 
   HI_SS0111  6 0.8657 0.0247 0.0461 0.0557 0.0077 
   HI_SS0112  6 0.0075 0.0014 0.0047 0.0063 0.9801 
   HI_SS0113  6 0.0417 0.0027 0.5817 0.3602 0.0137 
   HI_SS0114  6 0.5757 0.0043 0.0752 0.0279 0.3169 
   HI_SS0115  6 0.7786 0.0154 0.0183 0.0658 0.1219 
   HI_SS0116  6 0.0252 0.0029 0.0112 0.7481 0.2126 
   HI_SS0117  6 0.0368 0.0019 0.8173 0.0108 0.1332 
   HI_SS0118  6 0.0716 0.0123 0.3777 0.3592 0.1792 
   HI_SS0119  6 0.6958 0.0022 0.1550 0.0084 0.1386 
   HI_SS0120  6 0.0084 0.0029 0.4795 0.5014 0.0078 
   HI_SS0121  6 0.0716 0.0014 0.7690 0.1526 0.0054 
   HI_SS0122  6 0.1182 0.0234 0.5402 0.2809 0.0374 
   HI_SS0123  6 0.4681 0.0044 0.4829 0.0296 0.0150 
   HI_SS0124  6 0.0225 0.0024 0.0317 0.9361 0.0074 
   HI_SS0125  6 0.2715 0.0317 0.0584 0.6323 0.0061 
   HI_SS0126  6 0.0076 0.0009 0.0058 0.0217 0.9640 
   HI_SS0127  6 0.7532 0.0085 0.0257 0.0317 0.1809 
   HI_SS0128  6 0.1283 0.0030 0.1653 0.1623 0.5411 
   HI_SS0129  6 0.3610 0.0101 0.0224 0.1209 0.4857 
   HI_SS0131  6 0.0165 0.0349 0.1219 0.1151 0.7116 
   HI_SS0132  6 0.1270 0.0006 0.6364 0.0868 0.1492 
   HI_SS0133  6 0.0035 0.0012 0.0024 0.0045 0.9884 
   HI_SS0134  6 0.2532 0.0020 0.5355 0.1071 0.1021 
   HI_SS0142  6 0.3386 0.0149 0.6223 0.0172 0.0071 
   HI_SS0145  6 0.2957 0.0013 0.2999 0.0198 0.3833 
   HI_SS0146  6 0.0488 0.0012 0.0157 0.0549 0.8794 
   HI_SS0147  6 0.1707 0.0266 0.5949 0.1998 0.0080 
   HI_SS0149  6 0.0291 0.0042 0.8967 0.0285 0.0415 
   HI_SS0150  6 0.3852 0.0051 0.2481 0.3349 0.0267 
   HI_SS0151  6 0.9287 0.0106 0.0177 0.0131 0.0298 
   NS_SS1451  6 0.3470 0.0038 0.0444 0.5974 0.0074 
   NS_SS1404  6 0.0280 0.0113 0.3662 0.5804 0.0141 
   NS_SS1432  6 0.1087 0.0311 0.0306 0.8250 0.0045 
   NS_SS1405  6 0.2510 0.0036 0.0563 0.5003 0.1888 
   NS_SS1431  6 0.0525 0.0007 0.0757 0.8475 0.0237 
   NS_SS1402  6 0.0388 0.0021 0.9219 0.0246 0.0125 
   NS_SS1450  6 0.1618 0.0043 0.0579 0.0466 0.7295 
   NS_SS1396  6 0.5541 0.0064 0.2700 0.1313 0.0383 
   NS_SS1393  6 0.8752 0.0033 0.0413 0.0573 0.0229 
   NS_SS1392  6 0.1027 0.0159 0.0265 0.8192 0.0357 
   NS_SS1445  6 0.0629 0.0087 0.0266 0.0165 0.8854 
   NS_SS1423  6 0.0778 0.0014 0.6856 0.0345 0.2007 
   NS_SS1421  6 0.0650 0.0940 0.1600 0.0242 0.6568 
   NS_SS1411  6 0.3114 0.0020 0.0086 0.0407 0.6373 
   NS_SS1453  6 0.2971 0.0053 0.4111 0.0644 0.2222 
   NS_SS1442  6 0.4880 0.0040 0.1222 0.2127 0.1732 
   NS_SS1422  6 0.1094 0.0104 0.7711 0.0303 0.0789 
   NS_SS1419  6 0.0285 0.1652 0.7149 0.0726 0.0188 
   NS_SS1427  6 0.0091 0.0015 0.0071 0.0068 0.9754 
   NS_SS1444  6 0.0449 0.0036 0.0326 0.8997 0.0193 
   NS_SS1455  6 0.0219 0.0015 0.5033 0.4606 0.0127 
   NS_SS1425  6 0.2111 0.0015 0.0163 0.0093 0.7618 
   NS_SS1400  6 0.0050 0.0013 0.0088 0.0113 0.9737 
   NS_SS1406  6 0.0228 0.0072 0.9537 0.0110 0.0054 
   NS_SS1417  6 0.0241 0.0067 0.7159 0.1409 0.1124 
   NS_SS1454  6 0.0474 0.0015 0.4236 0.1543 0.3731 
   NS_SS1412  6 0.2872 0.0272 0.1270 0.2341 0.3244 
   NS_SS1438  6 0.1084 0.0014 0.0295 0.0135 0.8472 
   NS_SS1416  6 0.6367 0.0055 0.1861 0.1603 0.0113 
   NS_SS1401  6 0.2637 0.0125 0.6566 0.0463 0.0209 
   NS_SS1424  6 0.0719 0.0148 0.2041 0.1673 0.5419 
   NS_SS1435  6 0.2381 0.0026 0.0265 0.4940 0.2386 
   NS_SS1447  6 0.0742 0.0079 0.2693 0.6116 0.0370 
   NS_SS1414  6 0.0159 0.0074 0.1792 0.7719 0.0256 
   NS_SS1449  6 0.1698 0.0035 0.8016 0.0181 0.0070 
   NS_SS1443  6 0.2791 0.0019 0.0501 0.0079 0.6610 
   NS_SS1434  6 0.0417 0.0007 0.0987 0.5223 0.3367 
   NS_SS1398  6 0.5030 0.0181 0.0112 0.3654 0.1023 
   NS_SS1426  6 0.0847 0.0023 0.0113 0.0073 0.8945 
   NS_SS1413  6 0.0107 0.0101 0.0099 0.0139 0.9554 
   NS_SS1395  6 0.8809 0.0080 0.0201 0.0089 0.0821 
   NS_SS1448  6 0.0226 0.0020 0.0128 0.0881 0.8746 
   NS_SS1446  6 0.1513 0.0037 0.5798 0.1435 0.1216 
   NS_SS1403  6 0.2933 0.0060 0.4490 0.2242 0.0275 
   NS_SS1415  6 0.0201 0.0099 0.0102 0.0091 0.9507 
   NS_SS1437  6 0.0330 0.0076 0.2015 0.6213 0.1366 
   NS_SS1439  6 0.4236 0.0027 0.4961 0.0681 0.0094 
   NS_SS1441  6 0.2667 0.0023 0.2446 0.0680 0.4183 
   NS_SS1420  6 0.0226 0.0027 0.0087 0.9603 0.0057 
   NS_SS1394  6 0.7501 0.0302 0.0224 0.1892 0.0080 
   NS_SS1391  6 0.0743 0.0163 0.0323 0.3911 0.4859 
   NS_SS1410  6 0.0535 0.0140 0.5532 0.2867 0.0925 
   NS_SS1408  6 0.8514 0.0397 0.0757 0.0116 0.0216 
   NS_SS1409  6 0.5697 0.0028 0.0817 0.1395 0.2063 
   HI_SS0617  7 0.3724 0.0011 0.2033 0.3938 0.0294 
   HI_SS0618  7 0.8498 0.0020 0.0814 0.0538 0.0129 
   HI_SS0619  7 0.0237 0.0028 0.0123 0.9348 0.0263 
   HI_SS0620  7 0.0695 0.0028 0.0064 0.0131 0.9082 
   HI_SS0621  7 0.3514 0.0142 0.2287 0.3815 0.0242 
   HI_SS0622  7 0.0273 0.0136 0.1193 0.1848 0.6550 
   HI_SS0626  7 0.2537 0.0083 0.0216 0.6697 0.0467 
   HI_SS0627  7 0.0797 0.0074 0.3476 0.5549 0.0104 
   HI_SS0628  7 0.0979 0.0518 0.0340 0.4840 0.3324 
   HI_SS0629  7 0.4101 0.0054 0.0720 0.4474 0.0652 
   HI_SS0630  7 0.1206 0.0534 0.0330 0.4443 0.3487 
   HI_SS0631  7 0.0541 0.0009 0.0157 0.0417 0.8876 
   HI_SS0632  7 0.2461 0.0039 0.0430 0.2847 0.4224 
   HI_SS0633  7 0.0152 0.0036 0.0216 0.9482 0.0114 
   HI_SS0634  7 0.7421 0.0021 0.0923 0.1410 0.0225 
   HI_SS0635  7 0.2969 0.0085 0.3313 0.2673 0.0961 
   HI_SS0637  7 0.9448 0.0025 0.0377 0.0065 0.0085 
   HI_SS0638  7 0.1258 0.0013 0.0519 0.0785 0.7425 
   HI_SS0639  7 0.4215 0.0363 0.0728 0.4629 0.0065 
   HI_SS0640  7 0.5693 0.0020 0.0298 0.1176 0.2814 
   HI_SS0641  7 0.3105 0.0048 0.0219 0.3595 0.3033 
   HI_SS0642  7 0.2332 0.0025 0.2587 0.4812 0.0244 
   HI_SS0645  7 0.0529 0.0009 0.0225 0.9137 0.0099 
   HI_SS0646  7 0.2891 0.0028 0.5731 0.0711 0.0639 
   HI_SS0647  7 0.0173 0.0011 0.1240 0.1032 0.7544 
   HI_SS0648  7 0.6152 0.0028 0.0686 0.2669 0.0464 
   HI_SS0649  7 0.4426 0.0018 0.0709 0.4743 0.0105 
   HI_SS0650  7 0.9300 0.0032 0.0095 0.0512 0.0062 
   HI_SS0651  7 0.7049 0.0040 0.1056 0.1043 0.0811 
   HI_SS0652  7 0.1545 0.0030 0.0120 0.8193 0.0112 
   NS_SS1371  7 0.9101 0.0052 0.0386 0.0247 0.0214 
   NS_SS1374  7 0.1439 0.0028 0.0281 0.0682 0.7570 
   NS_SS1337  7 0.0683 0.0036 0.5434 0.3283 0.0564 
   NS_SS1385  7 0.0827 0.0043 0.4936 0.3446 0.0748 
   NS_SS1388  7 0.0111 0.0056 0.0153 0.9473 0.0207 
   NS_SS1370  7 0.6327 0.0079 0.1626 0.1704 0.0264 
   NS_SS1389  7 0.0060 0.0029 0.0083 0.9713 0.0115 
   NS_SS1360  7 0.4491 0.0041 0.0254 0.0236 0.4978 
   NS_SS1330  7 0.8707 0.0027 0.1124 0.0092 0.0051 
   NS_SS1328  7 0.0174 0.0021 0.0346 0.0341 0.9118 
   NS_SS1384  7 0.4863 0.0037 0.2330 0.1568 0.1202 
   NS_SS1381  7 0.1149 0.0010 0.5029 0.3698 0.0114 
   NS_SS1375  7 0.0367 0.0010 0.0075 0.9399 0.0149 
   NS_SS1319  7 0.1227 0.0876 0.3776 0.3854 0.0266 
   NS_SS1326  7 0.0095 0.0093 0.0070 0.0159 0.9584 
   NS_SS1341  7 0.1731 0.0047 0.6914 0.0262 0.1045 
   NS_SS1383  7 0.6141 0.0040 0.2725 0.0150 0.0943 
   NS_SS1318  7 0.2872 0.0164 0.2658 0.3605 0.0702 
   NS_SS1348  7 0.0172 0.0013 0.0118 0.0093 0.9604 
   NS_SS1363  7 0.1780 0.0045 0.6218 0.1623 0.0334 
   NS_SS1335  7 0.3443 0.0292 0.1266 0.0101 0.4898 
   NS_SS1358  7 0.0779 0.0097 0.8470 0.0039 0.0616 
   NS_SS1342  7 0.0112 0.0013 0.7526 0.0160 0.2189 
   NS_SS1320  7 0.0249 0.0065 0.4129 0.5510 0.0048 
   NS_SS1355  7 0.2365 0.0127 0.5057 0.2331 0.0121 
   NS_SS1345  7 0.0353 0.0199 0.7923 0.0823 0.0702 
   NS_SS1324  7 0.2192 0.0028 0.1081 0.1782 0.4917 
   NS_SS1347  7 0.8772 0.0029 0.0668 0.0181 0.0350 
   NS_SS1321  7 0.4984 0.0015 0.3479 0.0422 0.1100 
   NS_SS1333  7 0.0875 0.0034 0.0191 0.7822 0.1078 
   NS_SS1364  7 0.0170 0.0022 0.0158 0.0191 0.9460 
   NS_SS1379  7 0.8541 0.0442 0.0556 0.0308 0.0153 
   NS_SS1332  7 0.0098 0.0052 0.0064 0.0085 0.9701 
   NS_SS1338  7 0.7364 0.0061 0.0141 0.0204 0.2231 
   NS_SS1368  7 0.0113 0.0059 0.1702 0.0712 0.7412 
   NS_SS1354  7 0.0324 0.0113 0.6359 0.2887 0.0318 
   NS_SS1365  7 0.2867 0.0092 0.0749 0.5496 0.0796 
   NS_SS1380  7 0.0458 0.0166 0.8559 0.0741 0.0077 
   NS_SS1329  7 0.0387 0.0030 0.5555 0.0107 0.3922 
   NS_SS1362  7 0.1048 0.0042 0.8378 0.0216 0.0315 
   NS_SS1327  7 0.0106 0.0030 0.0054 0.0055 0.9756 
   NS_SS1350  7 0.8580 0.0075 0.0387 0.0601 0.0358 
   NS_SS1387  7 0.6819 0.0029 0.0319 0.2618 0.0215 
   NS_SS1369  7 0.0464 0.0034 0.0551 0.0171 0.8780 
   NS_SS1331  7 0.0114 0.0097 0.0550 0.8629 0.0610 
   NS_SS1357  7 0.0849 0.0034 0.3196 0.2356 0.3564 
   NS_SS1386  7 0.0108 0.0033 0.0172 0.0048 0.9639 
   NS_SS1353  7 0.0583 0.0038 0.2753 0.5783 0.0843 
   NS_SS1323  7 0.0309 0.0692 0.7117 0.1714 0.0168 
   HI_SS0296  8 0.4074 0.0017 0.0888 0.0423 0.4599 
   HI_SS0297  8 0.2577 0.0007 0.3126 0.1282 0.3008 
   HI_SS0299  8 0.2464 0.0379 0.1864 0.0787 0.4506 
   HI_SS0300  8 0.6951 0.0011 0.0126 0.0629 0.2284 
   HI_SS0301  8 0.7532 0.0034 0.0661 0.0881 0.0893 
   HI_SS0302  8 0.0168 0.0192 0.0105 0.0102 0.9432 
   HI_SS0303  8 0.0105 0.0062 0.0103 0.0382 0.9348 
   HI_SS0304  8 0.1682 0.0021 0.1202 0.6752 0.0343 
   HI_SS0306  8 0.0059 0.0023 0.0036 0.0053 0.9829 
   HI_SS0307  8 0.3762 0.0079 0.0666 0.5404 0.0089 
   HI_SS0308  8 0.2906 0.0682 0.2366 0.3676 0.0370 
   HI_SS0309  8 0.3054 0.0029 0.5769 0.1035 0.0113 
   HI_SS0310  8 0.0123 0.0082 0.0297 0.1081 0.8418 
   HI_SS0311  8 0.0602 0.0025 0.2126 0.5735 0.1512 
   HI_SS0314  8 0.0298 0.0016 0.1339 0.6740 0.1607 
   HI_SS0316  8 0.2087 0.0045 0.0795 0.2621 0.4452 
   HI_SS0317  8 0.6001 0.0023 0.0649 0.3123 0.0205 
   HI_SS0318  8 0.5019 0.1803 0.0188 0.0529 0.2461 
   HI_SS0319  8 0.0147 0.0041 0.0147 0.0081 0.9583 
   HI_SS0320  8 0.0611 0.0011 0.0978 0.8330 0.0069 
   HI_SS0321  8 0.9591 0.0015 0.0090 0.0135 0.0170 
   HI_SS0323  8 0.4551 0.0017 0.0096 0.4562 0.0774 
   HI_SS0325  8 0.0139 0.0018 0.0117 0.0144 0.9582 
   HI_SS0327  8 0.5613 0.0010 0.1096 0.0112 0.3169 
   HI_SS0329  8 0.0399 0.0013 0.2242 0.6477 0.0868 
   HI_SS0333  8 0.4436 0.0029 0.1716 0.2101 0.1719 
   HI_SS0334  8 0.9424 0.0011 0.0241 0.0070 0.0253 
   HI_SS0335  8 0.1473 0.0172 0.8170 0.0087 0.0098 
   HI_SS0339  8 0.0934 0.0109 0.8182 0.0669 0.0107 
   HI_SS0343  8 0.0160 0.0015 0.9530 0.0209 0.0085 
   HI_SS0344  8 0.0066 0.0030 0.0055 0.0046 0.9804 
   HI_SS0345  8 0.0175 0.0071 0.8171 0.0793 0.0791 
   HI_SS0346  8 0.6886 0.0037 0.0372 0.1961 0.0744 
   HI_SS0350  8 0.0096 0.0096 0.8602 0.1145 0.0061 
   HI_SS0351  8 0.4556 0.0029 0.3783 0.0922 0.0710 
   HI_SS0352  8 0.0300 0.0812 0.8642 0.0108 0.0138 
   HI_SS0362  8 0.3505 0.0022 0.0067 0.4917 0.1489 
   HI_SS0363  8 0.0601 0.0037 0.0711 0.0197 0.8454 
   HI_SS0365  8 0.5330 0.0042 0.1135 0.2392 0.1100 
   HI_SS0366  8 0.0268 0.0014 0.0382 0.0134 0.9202 
   HI_SS0367  8 0.0152 0.0024 0.4612 0.5165 0.0046 
   HI_SS0369  8 0.0494 0.0027 0.6488 0.2882 0.0109 
   HI_SS0370  8 0.8358 0.0029 0.1098 0.0323 0.0192 
   HI_SS0371  8 0.0147 0.0043 0.0068 0.0554 0.9189 
   HI_SS0373  8 0.0941 0.0090 0.0173 0.8191 0.0605 
   HI_SS0374  8 0.1659 0.0269 0.0314 0.7590 0.0168 
   HI_SS0377  8 0.0589 0.0898 0.2196 0.0216 0.6101 
   HI_SS0379  8 0.0096 0.0009 0.0062 0.0030 0.9804 
   HI_SS0380  8 0.1644 0.0062 0.2489 0.5601 0.0205 
   HI_SS0381  8 0.1022 0.0043 0.3748 0.4925 0.0262 
   HI_SS0384  8 0.0913 0.0075 0.0136 0.6122 0.2754 
   HI_SS0385  8 0.0104 0.0012 0.0129 0.3696 0.6060 
   HI_SS0386  9 0.0015 0.9938 0.0016 0.0018 0.0013 
   HI_SS0387  9 0.0128 0.9467 0.0157 0.0097 0.0151 
   HI_SS0389  9 0.0037 0.9856 0.0040 0.0033 0.0033 
   HI_SS0390  9 0.0020 0.9924 0.0018 0.0019 0.0019 
   HI_SS0391  9 0.0034 0.9888 0.0032 0.0024 0.0023 
   HI_SS0392  9 0.0014 0.9933 0.0018 0.0017 0.0018 
   HI_SS0393  9 0.0018 0.9932 0.0015 0.0016 0.0019 
   HI_SS0394  9 0.0016 0.9938 0.0013 0.0018 0.0015 
   HI_SS0395  9 0.0035 0.9851 0.0029 0.0049 0.0037 
   HI_SS0396  9 0.0086 0.9610 0.0115 0.0090 0.0099 
   HI_SS0398  9 0.0063 0.9757 0.0066 0.0053 0.0060 
   HI_SS0399  9 0.0014 0.9954 0.0010 0.0010 0.0012 
   HI_SS0400  9 0.0023 0.9900 0.0024 0.0032 0.0022 
   HI_SS0401  9 0.0016 0.9941 0.0015 0.0015 0.0013 
   HI_SS0402  9 0.0015 0.9949 0.0013 0.0010 0.0012 
   HI_SS0403  9 0.0018 0.9937 0.0016 0.0016 0.0014 
   HI_SS0404  9 0.0010 0.9954 0.0012 0.0013 0.0011 
   HI_SS0405  9 0.0177 0.9339 0.0255 0.0110 0.0119 
   HI_SS0406  9 0.0020 0.9913 0.0022 0.0021 0.0024 
   HI_SS0407  9 0.0067 0.9685 0.0075 0.0102 0.0072 
   HI_SS0408  9 0.0014 0.9949 0.0014 0.0012 0.0011 
   HI_SS0409  9 0.0040 0.9870 0.0028 0.0032 0.0030 
   HI_SS0411  9 0.0033 0.9884 0.0027 0.0032 0.0024 
   HI_SS0412  9 0.0896 0.8020 0.0422 0.0305 0.0357 
   HI_SS0413  9 0.0022 0.9917 0.0023 0.0019 0.0018 
   HI_SS0414  9 0.0171 0.9371 0.0188 0.0191 0.0079 
   HI_SS0415  9 0.0018 0.9924 0.0019 0.0020 0.0019 
   HI_SS0416  9 0.0040 0.9851 0.0027 0.0037 0.0045 
   HI_SS0418  9 0.0062 0.9794 0.0071 0.0038 0.0036 
   HI_SS0419  9 0.0031 0.9880 0.0031 0.0031 0.0027 
   HI_SS0420  9 0.0019 0.9914 0.0024 0.0020 0.0023 
   HI_SS0421  9 0.0056 0.9815 0.0054 0.0042 0.0033 
   HI_SS0422  9 0.0015 0.9940 0.0017 0.0016 0.0013 
   HI_SS0423  9 0.0045 0.9836 0.0033 0.0054 0.0032 
   HI_SS0424  9 0.0017 0.9932 0.0019 0.0019 0.0013 
   HI_SS0425  9 0.0029 0.9873 0.0033 0.0044 0.0021 
   NS_SS1146 10 0.0026 0.9903 0.0022 0.0023 0.0026 
   NS_SS1157 10 0.0072 0.9713 0.0102 0.0049 0.0064 
   NS_SS1144 10 0.0202 0.9248 0.0194 0.0111 0.0246 
   NS_SS1074 10 0.0028 0.9848 0.0037 0.0037 0.0049 
   NS_SS1122 10 0.0043 0.9817 0.0036 0.0049 0.0054 
   NS_SS1136 10 0.0012 0.9953 0.0012 0.0010 0.0013 
   NS_SS1077 10 0.0007 0.9967 0.0009 0.0008 0.0009 
   NS_SS1134 10 0.0104 0.9596 0.0068 0.0151 0.0080 
   NS_SS1091 10 0.0022 0.9893 0.0030 0.0033 0.0023 
   NS_SS1089 10 0.0030 0.9883 0.0027 0.0024 0.0036 
   NS_SS1123 10 0.0015 0.9939 0.0016 0.0016 0.0015 
   NS_SS1158 10 0.0013 0.9955 0.0011 0.0013 0.0009 
   NS_SS1093 10 0.0022 0.9909 0.0021 0.0022 0.0026 
   NS_SS1102 10 0.0061 0.9775 0.0058 0.0057 0.0050 
   NS_SS1056 10 0.0017 0.9929 0.0019 0.0019 0.0016 
   NS_SS1126 10 0.0036 0.9875 0.0030 0.0031 0.0028 
   NS_SS1058 10 0.0048 0.9838 0.0035 0.0038 0.0041 
   NS_SS1084 10 0.0014 0.9941 0.0014 0.0016 0.0015 
   NS_SS1095 10 0.0061 0.9767 0.0041 0.0052 0.0080 
   NS_SS1079 10 0.0018 0.9928 0.0021 0.0015 0.0018 
   NS_SS1149 10 0.0028 0.9886 0.0029 0.0034 0.0023 
   NS_SS1121 10 0.0018 0.9939 0.0014 0.0016 0.0014 
   NS_SS1067 10 0.0041 0.9780 0.0061 0.0069 0.0048 
   NS_SS1081 10 0.0022 0.9896 0.0029 0.0028 0.0025 
   NS_SS1130 10 0.0038 0.9864 0.0036 0.0032 0.0030 
   NS_SS1073 10 0.0026 0.9894 0.0033 0.0027 0.0020 
   NS_SS1133 10 0.0054 0.9712 0.0057 0.0136 0.0041 
   NS_SS1129 10 0.0016 0.9943 0.0014 0.0014 0.0012 
   NS_SS1085 10 0.0020 0.9917 0.0018 0.0023 0.0022 
   NS_SS1137 10 0.0041 0.9807 0.0048 0.0054 0.0049 
   NS_SS1135 10 0.0017 0.9943 0.0013 0.0016 0.0011 
   NS_SS1082 10 0.0017 0.9931 0.0020 0.0016 0.0015 
   NS_SS1125 10 0.0014 0.9945 0.0015 0.0014 0.0012 
   NS_SS1124 10 0.0098 0.9721 0.0061 0.0071 0.0050 
   NS_SS1155 10 0.0095 0.9683 0.0099 0.0060 0.0063 
   NS_SS1145 10 0.0020 0.9922 0.0019 0.0018 0.0021 
