

----------------------------------------------------
STRUCTURE by Pritchard, Stephens and Donnelly (2000)
     and Falush, Stephens and Pritchard (2003)
       Code by Pritchard, Falush and Hubisz
             Version 2.3.4 (Jul 2012)
----------------------------------------------------



Command line arguments:   /home/genobiwan/Documents/Programs/Structure/structure -m parameter_job_k3_r2 
Input File:    /media/genobiwan/Storage/Projets/Mackerel_NWA_2021/data_job_k3_r2

Run parameters:
   629 individuals
   4140 loci
   3 populations assumed
   100000 Burn-in period
   200000 Reps


--------------------------------------------
Proportion of membership of each pre-defined
 population in each of the 3 clusters

Given    Inferred Clusters       Number of
 Pop       1      2      3      Individuals

  1:     0.012  0.455  0.533       67
  2:     0.008  0.377  0.615       32
  3:     0.013  0.437  0.550       92
  4:     0.015  0.520  0.465       36
  5:     0.018  0.467  0.514       41
  6:     0.013  0.512  0.475      158
  7:     0.009  0.493  0.498       79
  8:     0.013  0.510  0.477       52
  9:     0.987  0.006  0.006       36
 10:     0.993  0.004  0.004       36
--------------------------------------------

Allele-freq. divergence among pops (Net nucleotide distance),
computed using point estimates of P.

      1       2       3      
 1      -    0.0048  0.0047  
 2   0.0048     -    0.0002  
 3   0.0047  0.0002     -    

Average distances (expected heterozygosity) between individuals in same cluster:
cluster  1  : 0.3057 
cluster  2  : 0.3186 
cluster  3  : 0.3184 

--------------------------------------------
Estimated Ln Prob of Data   = -2471714.3
Mean value of ln likelihood = -2467748.3
Variance of ln likelihood   = 7931.9
Mean value of alpha         = 0.0369

Mean value of Fst_1         = 0.0376
Mean value of Fst_2         = 0.0019
Mean value of Fst_3         = 0.0013


Inferred ancestry of individuals:
        Label (%Miss) Pop:  Inferred clusters
  1 NS_SS0963    (4)    1 :  0.005 0.301 0.694 
  2 NS_SS0983    (1)    1 :  0.004 0.983 0.013 
  3 NS_SS0719    (9)    1 :  0.005 0.879 0.117 
  4 NS_SS1001    (8)    1 :  0.005 0.220 0.774 
  5 NS_SS0936    (4)    1 :  0.003 0.352 0.646 
  6 NS_SS0955    (6)    1 :  0.003 0.965 0.032 
  7 NS_SS0944    (3)    1 :  0.002 0.946 0.052 
  8 NS_SS0945    (3)    1 :  0.008 0.153 0.838 
  9 NS_SS0922    (2)    1 :  0.027 0.045 0.927 
 10 NS_SS0929    (7)    1 :  0.003 0.864 0.134 
 11 NS_SS0956    (1)    1 :  0.003 0.015 0.981 
 12 NS_SS0906    (3)    1 :  0.003 0.513 0.484 
 13 NS_SS0721    (6)    1 :  0.005 0.322 0.673 
 14 NS_SS0982    (4)    1 :  0.013 0.070 0.917 
 15 NS_SS0923    (6)    1 :  0.005 0.310 0.685 
 16 NS_SS0905    (6)    1 :  0.002 0.867 0.132 
 17 NS_SS0925    (3)    1 :  0.004 0.240 0.756 
 18 NS_SS0947    (6)    1 :  0.004 0.055 0.942 
 19 NS_SS0926    (2)    1 :  0.001 0.981 0.018 
 20 NS_SS0918    (6)    1 :  0.002 0.042 0.955 
 21 NS_SS0966    (4)    1 :  0.046 0.186 0.768 
 22 NS_SS0938    (2)    1 :  0.001 0.022 0.977 
 23 NS_SS0917    (2)    1 :  0.040 0.736 0.224 
 24 NS_SS0957   (11)    1 :  0.006 0.056 0.938 
 25 NS_SS0987    (1)    1 :  0.240 0.086 0.674 
 26 NS_SS0717    (4)    1 :  0.002 0.023 0.975 
 27 NS_SS0986    (2)    1 :  0.002 0.035 0.963 
 28 NS_SS0953    (3)    1 :  0.014 0.058 0.928 
 29 NS_SS0907    (3)    1 :  0.044 0.344 0.613 
 30 NS_SS0974    (6)    1 :  0.003 0.884 0.113 
 31 NS_SS0989    (1)    1 :  0.001 0.967 0.032 
 32 NS_SS0991    (3)    1 :  0.002 0.930 0.068 
 33 NS_SS0994    (2)    1 :  0.002 0.990 0.008 
 34 NS_SS0931    (6)    1 :  0.010 0.937 0.052 
 35 NS_SS1000    (5)    1 :  0.003 0.027 0.970 
 36 NS_SS0919    (1)    1 :  0.003 0.934 0.064 
 37 NS_SS0949    (4)    1 :  0.001 0.987 0.012 
 38 NS_SS0960   (10)    1 :  0.005 0.975 0.019 
 39 NS_SS0716    (2)    1 :  0.005 0.005 0.990 
 40 NS_SS0924    (8)    1 :  0.017 0.922 0.061 
 41 NS_SS0935    (2)    1 :  0.007 0.985 0.008 
 42 NS_SS0952   (14)    1 :  0.028 0.948 0.024 
 43 NS_SS0962   (11)    1 :  0.005 0.011 0.983 
 44 NS_SS0973    (5)    1 :  0.004 0.903 0.094 
 45 NS_SS0722    (1)    1 :  0.002 0.039 0.959 
 46 NS_SS0979   (13)    1 :  0.002 0.100 0.898 
 47 NS_SS0993    (2)    1 :  0.017 0.229 0.754 
 48 NS_SS0958    (1)    1 :  0.003 0.928 0.069 
 49 NS_SS0988    (4)    1 :  0.005 0.250 0.745 
 50 NS_SS1003    (2)    1 :  0.008 0.029 0.962 
 51 NS_SS0976    (1)    1 :  0.002 0.935 0.064 
 52 NS_SS0964   (10)    1 :  0.003 0.041 0.957 
 53 NS_SS0939    (4)    1 :  0.004 0.016 0.980 
 54 NS_SS0990    (6)    1 :  0.003 0.101 0.897 
 55 NS_SS0984    (2)    1 :  0.002 0.018 0.980 
 56 NS_SS0980   (10)    1 :  0.002 0.770 0.228 
 57 NS_SS0978    (4)    1 :  0.003 0.717 0.280 
 58 NS_SS0951   (18)    1 :  0.003 0.656 0.341 
 59 NS_SS0913    (3)    1 :  0.036 0.079 0.885 
 60 NS_SS1002    (1)    1 :  0.028 0.012 0.960 
 61 NS_SS0948    (1)    1 :  0.045 0.098 0.857 
 62 NS_SS0916    (4)    1 :  0.004 0.897 0.099 
 63 NS_SS0995    (1)    1 :  0.003 0.300 0.698 
 64 NS_SS0927    (6)    1 :  0.005 0.679 0.316 
 65 NS_SS0992    (5)    1 :  0.003 0.917 0.081 
 66 NS_SS0912    (1)    1 :  0.002 0.434 0.563 
 67 NS_SS0981    (1)    1 :  0.004 0.160 0.837 
 68 NS_SS0729    (5)    2 :  0.003 0.991 0.006 
 69 NS_SS0967   (15)    2 :  0.012 0.283 0.705 
 70 NS_SS0941    (8)    2 :  0.074 0.620 0.306 
 71 NS_SS0768   (12)    2 :  0.004 0.025 0.971 
 72 NS_SS0726    (5)    2 :  0.007 0.984 0.009 
 73 NS_SS0763    (4)    2 :  0.002 0.946 0.052 
 74 NS_SS0730    (6)    2 :  0.003 0.009 0.988 
 75 NS_SS0774    (2)    2 :  0.001 0.010 0.989 
 76 NS_SS0723    (3)    2 :  0.001 0.090 0.909 
 77 NS_SS0940   (10)    2 :  0.006 0.835 0.159 
 78 NS_SS0762    (1)    2 :  0.003 0.020 0.978 
 79 NS_SS0766   (11)    2 :  0.014 0.664 0.322 
 80 NS_SS0724    (1)    2 :  0.003 0.023 0.973 
 81 NS_SS0769    (3)    2 :  0.004 0.061 0.935 
 82 NS_SS0777    (1)    2 :  0.011 0.376 0.613 
 83 NS_SS0734    (6)    2 :  0.025 0.780 0.195 
 84 NS_SS0737    (3)    2 :  0.005 0.013 0.982 
 85 NS_SS0732    (5)    2 :  0.005 0.169 0.826 
 86 NS_SS0728    (5)    2 :  0.010 0.340 0.650 
 87 NS_SS0735    (9)    2 :  0.007 0.139 0.854 
 88 NS_SS0725    (1)    2 :  0.007 0.025 0.968 
 89 NS_SS0788    (2)    2 :  0.001 0.402 0.597 
 90 NS_SS0778    (2)    2 :  0.001 0.410 0.588 
 91 NS_SS0792    (6)    2 :  0.005 0.320 0.675 
 92 NS_SS0943   (11)    2 :  0.006 0.974 0.020 
 93 NS_SS0791    (2)    2 :  0.016 0.818 0.166 
 94 NS_SS0790    (5)    2 :  0.003 0.005 0.991 
 95 NS_SS0731    (6)    2 :  0.010 0.013 0.976 
 96 NS_SS0727    (7)    2 :  0.001 0.955 0.044 
 97 NS_SS0779   (13)    2 :  0.005 0.337 0.658 
 98 NS_SS0776    (3)    2 :  0.006 0.402 0.592 
 99 NS_SS0775    (5)    2 :  0.006 0.019 0.975 
100 NS_SS0965    (3)    3 :  0.002 0.185 0.813 
101 NS_SS0754   (14)    3 :  0.011 0.939 0.050 
102 NS_SS0838    (5)    3 :  0.038 0.193 0.769 
103 NS_SS0839    (3)    3 :  0.003 0.012 0.985 
104 NS_SS0832    (4)    3 :  0.041 0.013 0.947 
105 NS_SS0820    (5)    3 :  0.005 0.009 0.985 
106 NS_SS0886    (9)    3 :  0.002 0.904 0.094 
107 NS_SS0748    (5)    3 :  0.009 0.594 0.398 
108 NS_SS0884    (9)    3 :  0.024 0.504 0.472 
109 NS_SS0752    (4)    3 :  0.002 0.528 0.471 
110 NS_SS0862    (1)    3 :  0.004 0.037 0.959 
111 NS_SS0787    (9)    3 :  0.006 0.976 0.019 
112 NS_SS0843    (6)    3 :  0.002 0.318 0.680 
113 NS_SS0856    (4)    3 :  0.003 0.042 0.955 
114 NS_SS0846    (2)    3 :  0.003 0.720 0.277 
115 NS_SS0825    (1)    3 :  0.008 0.083 0.910 
116 NS_SS0757    (3)    3 :  0.003 0.815 0.182 
117 NS_SS0876    (3)    3 :  0.212 0.031 0.756 
118 NS_SS0903   (10)    3 :  0.003 0.261 0.736 
119 NS_SS0875    (7)    3 :  0.003 0.042 0.955 
120 NS_SS0740    (5)    3 :  0.003 0.856 0.141 
121 NS_SS0811    (5)    3 :  0.008 0.018 0.974 
122 NS_SS0751    (1)    3 :  0.002 0.131 0.867 
123 NS_SS0891    (6)    3 :  0.004 0.031 0.965 
124 NS_SS0867    (2)    3 :  0.025 0.932 0.043 
125 NS_SS0890    (6)    3 :  0.003 0.894 0.103 
126 NS_SS0866   (12)    3 :  0.005 0.950 0.045 
127 NS_SS0755    (4)    3 :  0.006 0.530 0.464 
128 NS_SS0758    (4)    3 :  0.002 0.211 0.787 
129 NS_SS0840    (2)    3 :  0.002 0.009 0.989 
130 NS_SS0889    (4)    3 :  0.002 0.810 0.188 
131 NS_SS1010    (1)    3 :  0.038 0.115 0.847 
132 NS_SS0888    (5)    3 :  0.001 0.992 0.007 
133 NS_SS0837    (3)    3 :  0.003 0.230 0.768 
134 NS_SS0794   (10)    3 :  0.002 0.963 0.035 
135 NS_SS0823    (5)    3 :  0.003 0.059 0.937 
136 NS_SS0829    (7)    3 :  0.096 0.891 0.013 
137 NS_SS0844    (5)    3 :  0.002 0.017 0.981 
138 NS_SS1008    (6)    3 :  0.011 0.912 0.077 
139 NS_SS0881    (3)    3 :  0.002 0.663 0.335 
140 NS_SS0834    (6)    3 :  0.006 0.021 0.974 
141 NS_SS0744   (10)    3 :  0.006 0.664 0.329 
142 NS_SS0899    (7)    3 :  0.001 0.008 0.990 
143 NS_SS0804    (5)    3 :  0.003 0.010 0.987 
144 NS_SS0781   (10)    3 :  0.002 0.008 0.990 
145 NS_SS0822    (6)    3 :  0.002 0.912 0.086 
146 NS_SS1004    (4)    3 :  0.004 0.654 0.343 
147 NS_SS0746    (5)    3 :  0.012 0.610 0.378 
148 NS_SS0880    (3)    3 :  0.002 0.468 0.530 
149 NS_SS0879    (5)    3 :  0.012 0.060 0.928 
150 NS_SS0753    (2)    3 :  0.008 0.979 0.013 
151 NS_SS1007    (3)    3 :  0.002 0.506 0.492 
152 NS_SS0872    (5)    3 :  0.002 0.014 0.984 
153 NS_SS1005    (7)    3 :  0.001 0.030 0.969 
154 NS_SS0892    (6)    3 :  0.002 0.274 0.724 
155 NS_SS0898    (0)    3 :  0.005 0.887 0.107 
156 NS_SS0801    (9)    3 :  0.010 0.137 0.852 
157 NS_SS0827    (9)    3 :  0.133 0.394 0.473 
158 NS_SS0853    (7)    3 :  0.005 0.085 0.910 
159 NS_SS0780    (2)    3 :  0.003 0.076 0.921 
160 NS_SS0826   (10)    3 :  0.003 0.248 0.749 
161 NS_SS0818    (5)    3 :  0.002 0.182 0.816 
162 NS_SS0745    (1)    3 :  0.001 0.006 0.993 
163 NS_SS0849    (3)    3 :  0.002 0.094 0.904 
164 NS_SS0739    (3)    3 :  0.012 0.147 0.842 
165 NS_SS0799    (1)    3 :  0.001 0.987 0.012 
166 NS_SS0756    (3)    3 :  0.003 0.011 0.986 
167 NS_SS0802    (2)    3 :  0.199 0.427 0.375 
168 NS_SS0747    (6)    3 :  0.006 0.788 0.206 
169 NS_SS0835    (1)    3 :  0.001 0.983 0.016 
170 NS_SS0742   (19)    3 :  0.001 0.242 0.757 
171 NS_SS0760    (9)    3 :  0.040 0.934 0.026 
172 NS_SS0803    (4)    3 :  0.006 0.022 0.972 
173 NS_SS0828   (14)    3 :  0.001 0.936 0.062 
174 NS_SS0865    (2)    3 :  0.027 0.286 0.688 
175 NS_SS0759    (5)    3 :  0.004 0.013 0.983 
176 NS_SS0851    (5)    3 :  0.010 0.005 0.985 
177 NS_SS0874   (16)    3 :  0.001 0.048 0.951 
178 NS_SS0761    (6)    3 :  0.002 0.939 0.058 
179 NS_SS0842   (26)    3 :  0.008 0.733 0.259 
180 NS_SS0785    (6)    3 :  0.005 0.762 0.232 
181 NS_SS0860   (11)    3 :  0.003 0.952 0.045 
182 NS_SS0897    (7)    3 :  0.002 0.986 0.012 
183 NS_SS0841   (15)    3 :  0.003 0.024 0.973 
184 NS_SS0797    (7)    3 :  0.022 0.794 0.183 
185 NS_SS0830   (11)    3 :  0.002 0.599 0.399 
186 NS_SS1011    (5)    3 :  0.005 0.020 0.976 
187 NS_SS0883    (5)    3 :  0.006 0.878 0.116 
188 NS_SS0782    (2)    3 :  0.002 0.095 0.903 
189 NS_SS0831    (5)    3 :  0.003 0.963 0.034 
190 NS_SS0749    (7)    3 :  0.003 0.951 0.046 
191 NS_SS0854    (2)    3 :  0.003 0.897 0.099 
192 HI_SS0193    (0)    4 :  0.001 0.971 0.028 
193 HI_SS0194    (1)    4 :  0.001 0.025 0.974 
194 HI_SS0195   (10)    4 :  0.082 0.008 0.910 
195 HI_SS0196    (6)    4 :  0.003 0.518 0.479 
196 HI_SS0197    (3)    4 :  0.011 0.017 0.973 
197 HI_SS0198    (1)    4 :  0.010 0.514 0.477 
198 HI_SS0199    (1)    4 :  0.003 0.963 0.034 
199 HI_SS0201    (5)    4 :  0.002 0.988 0.010 
200 HI_SS0215    (1)    4 :  0.003 0.928 0.070 
201 HI_SS0218    (1)    4 :  0.005 0.989 0.006 
202 HI_SS0222    (0)    4 :  0.004 0.047 0.950 
203 HI_SS0230    (1)    4 :  0.005 0.032 0.963 
204 HI_SS0234    (2)    4 :  0.164 0.386 0.451 
205 HI_SS0240    (1)    4 :  0.008 0.341 0.652 
206 HI_SS0241    (0)    4 :  0.002 0.971 0.027 
207 HI_SS0242    (0)    4 :  0.003 0.706 0.292 
208 HI_SS0247    (0)    4 :  0.017 0.030 0.954 
209 HI_SS0248    (1)    4 :  0.001 0.992 0.007 
210 HI_SS0252    (2)    4 :  0.002 0.036 0.962 
211 HI_SS0254    (0)    4 :  0.078 0.903 0.019 
212 HI_SS0256    (0)    4 :  0.001 0.005 0.994 
213 HI_SS0257    (0)    4 :  0.002 0.986 0.011 
214 HI_SS0258    (1)    4 :  0.004 0.975 0.021 
215 HI_SS0259    (1)    4 :  0.003 0.102 0.895 
216 HI_SS0260    (1)    4 :  0.001 0.969 0.030 
217 HI_SS0261    (2)    4 :  0.003 0.954 0.043 
218 HI_SS0262    (0)    4 :  0.007 0.055 0.938 
219 HI_SS0264    (0)    4 :  0.003 0.011 0.986 
220 HI_SS0265    (0)    4 :  0.087 0.052 0.862 
221 HI_SS0268    (1)    4 :  0.002 0.048 0.950 
222 HI_SS0269    (0)    4 :  0.002 0.991 0.008 
223 HI_SS0273    (0)    4 :  0.002 0.949 0.050 
224 HI_SS0277    (1)    4 :  0.002 0.255 0.742 
225 HI_SS0280    (0)    4 :  0.005 0.425 0.570 
226 HI_SS0282    (1)    4 :  0.001 0.964 0.035 
227 HI_SS0286    (1)    4 :  0.007 0.618 0.375 
228 NS_SS1252    (3)    5 :  0.003 0.982 0.015 
229 NS_SS1261    (1)    5 :  0.014 0.113 0.873 
230 NS_SS1225   (10)    5 :  0.102 0.729 0.169 
231 NS_SS1266    (1)    5 :  0.007 0.009 0.984 
232 NS_SS1228    (0)    5 :  0.012 0.057 0.932 
233 NS_SS1255    (3)    5 :  0.001 0.147 0.852 
234 NS_SS1267    (3)    5 :  0.011 0.985 0.005 
235 NS_SS1238    (6)    5 :  0.003 0.170 0.827 
236 NS_SS1233    (8)    5 :  0.002 0.057 0.941 
237 NS_SS1277    (3)    5 :  0.001 0.981 0.018 
238 NS_SS1245    (1)    5 :  0.001 0.902 0.096 
239 NS_SS1240    (4)    5 :  0.002 0.982 0.016 
240 NS_SS1275    (2)    5 :  0.002 0.007 0.990 
241 NS_SS1235    (1)    5 :  0.006 0.526 0.468 
242 NS_SS1263    (1)    5 :  0.001 0.106 0.893 
243 NS_SS1251    (2)    5 :  0.001 0.118 0.880 
244 NS_SS1248    (0)    5 :  0.090 0.098 0.812 
245 NS_SS1244    (0)    5 :  0.005 0.926 0.070 
246 NS_SS1257    (1)    5 :  0.028 0.899 0.073 
247 NS_SS1242    (2)    5 :  0.002 0.006 0.992 
248 NS_SS1271    (6)    5 :  0.020 0.972 0.007 
249 NS_SS1265    (1)    5 :  0.018 0.534 0.449 
250 NS_SS1243    (0)    5 :  0.072 0.033 0.895 
251 NS_SS1273    (1)    5 :  0.008 0.010 0.982 
252 NS_SS1254   (14)    5 :  0.006 0.340 0.654 
253 NS_SS1224    (1)    5 :  0.007 0.019 0.974 
254 NS_SS1227    (8)    5 :  0.002 0.989 0.009 
255 NS_SS1274    (9)    5 :  0.016 0.946 0.039 
256 NS_SS1241    (1)    5 :  0.001 0.979 0.020 
257 NS_SS1256    (3)    5 :  0.034 0.195 0.771 
258 NS_SS1260    (8)    5 :  0.063 0.865 0.072 
259 NS_SS1262    (0)    5 :  0.171 0.709 0.120 
260 NS_SS1230    (0)    5 :  0.007 0.822 0.172 
261 NS_SS1270    (2)    5 :  0.002 0.040 0.958 
262 NS_SS1229    (2)    5 :  0.004 0.323 0.672 
263 NS_SS1246    (5)    5 :  0.003 0.957 0.041 
264 NS_SS1269    (0)    5 :  0.002 0.218 0.780 
265 NS_SS1239    (1)    5 :  0.005 0.282 0.714 
266 NS_SS1272    (5)    5 :  0.005 0.028 0.967 
267 NS_SS1268    (1)    5 :  0.002 0.129 0.869 
268 NS_SS1249    (1)    5 :  0.008 0.978 0.014 
269 HI_SS0559    (0)    6 :  0.001 0.911 0.087 
270 HI_SS0563    (1)    6 :  0.003 0.405 0.592 
271 HI_SS0564    (0)    6 :  0.055 0.374 0.571 
272 HI_SS0565    (0)    6 :  0.004 0.695 0.301 
273 HI_SS0569    (1)    6 :  0.002 0.983 0.015 
274 HI_SS0570    (0)    6 :  0.032 0.948 0.020 
275 HI_SS0572    (1)    6 :  0.002 0.058 0.940 
276 HI_SS0576    (1)    6 :  0.005 0.186 0.809 
277 HI_SS0579    (1)    6 :  0.015 0.959 0.026 
278 HI_SS0580    (1)    6 :  0.004 0.836 0.160 
279 HI_SS0581    (0)    6 :  0.060 0.015 0.925 
280 HI_SS0583    (1)    6 :  0.002 0.591 0.407 
281 HI_SS0586    (1)    6 :  0.001 0.986 0.013 
282 HI_SS0588    (1)    6 :  0.015 0.953 0.032 
283 HI_SS0595    (4)    6 :  0.022 0.908 0.070 
284 HI_SS0596    (0)    6 :  0.002 0.022 0.976 
285 HI_SS0597    (1)    6 :  0.002 0.010 0.987 
286 HI_SS0600    (0)    6 :  0.004 0.757 0.240 
287 HI_SS0601    (1)    6 :  0.011 0.943 0.046 
288 HI_SS0602    (1)    6 :  0.002 0.869 0.129 
289 HI_SS0604    (0)    6 :  0.002 0.283 0.716 
290 HI_SS0605    (1)    6 :  0.007 0.818 0.175 
291 HI_SS0608    (0)    6 :  0.001 0.721 0.278 
292 HI_SS0609    (0)    6 :  0.001 0.030 0.970 
293 HI_SS0611    (5)    6 :  0.002 0.946 0.051 
294 HI_SS0612    (0)    6 :  0.007 0.929 0.064 
295 HI_SS0613    (1)    6 :  0.001 0.133 0.866 
296 HI_SS0615    (1)    6 :  0.010 0.111 0.879 
297 HI_SS0001    (1)    6 :  0.004 0.830 0.167 
298 HI_SS0002    (1)    6 :  0.022 0.035 0.943 
299 HI_SS0004    (0)    6 :  0.005 0.798 0.197 
300 HI_SS0005    (1)    6 :  0.006 0.220 0.774 
301 HI_SS0006    (1)    6 :  0.002 0.553 0.446 
302 HI_SS0007    (1)    6 :  0.002 0.983 0.016 
303 HI_SS0008    (0)    6 :  0.041 0.722 0.237 
304 HI_SS0009    (0)    6 :  0.004 0.174 0.822 
305 HI_SS0010    (1)    6 :  0.003 0.936 0.061 
306 HI_SS0011    (1)    6 :  0.083 0.058 0.858 
307 HI_SS0012    (0)    6 :  0.004 0.095 0.901 
308 HI_SS0017    (1)    6 :  0.002 0.035 0.963 
309 HI_SS0021    (1)    6 :  0.238 0.221 0.541 
310 HI_SS0024    (1)    6 :  0.002 0.042 0.957 
311 HI_SS0025    (1)    6 :  0.003 0.022 0.975 
312 HI_SS0027    (0)    6 :  0.010 0.978 0.011 
313 HI_SS0028    (0)    6 :  0.001 0.009 0.989 
314 HI_SS0029    (1)    6 :  0.007 0.100 0.893 
315 HI_SS0030    (2)    6 :  0.004 0.979 0.016 
316 HI_SS0031    (0)    6 :  0.004 0.819 0.177 
317 HI_SS0034    (0)    6 :  0.005 0.988 0.007 
318 HI_SS0036    (0)    6 :  0.012 0.972 0.017 
319 HI_SS0037    (1)    6 :  0.004 0.565 0.431 
320 HI_SS0039    (0)    6 :  0.003 0.914 0.084 
321 HI_SS0041    (1)    6 :  0.002 0.014 0.984 
322 HI_SS0042    (1)    6 :  0.112 0.064 0.824 
323 HI_SS0043    (1)    6 :  0.002 0.991 0.007 
324 HI_SS0044    (1)    6 :  0.002 0.271 0.727 
325 HI_SS0047    (1)    6 :  0.002 0.131 0.867 
326 HI_SS0049    (1)    6 :  0.003 0.143 0.853 
327 HI_SS0051    (1)    6 :  0.002 0.215 0.783 
328 HI_SS0053    (1)    6 :  0.003 0.987 0.009 
329 HI_SS0054    (4)    6 :  0.003 0.989 0.008 
330 HI_SS0057    (0)    6 :  0.003 0.559 0.438 
331 HI_SS0058    (0)    6 :  0.006 0.568 0.426 
332 HI_SS0060    (0)    6 :  0.089 0.826 0.085 
333 HI_SS0087    (1)    6 :  0.002 0.416 0.582 
334 HI_SS0091    (1)    6 :  0.001 0.986 0.013 
335 HI_SS0095    (1)    6 :  0.060 0.795 0.145 
336 HI_SS0097    (3)    6 :  0.005 0.561 0.435 
337 HI_SS0099    (1)    6 :  0.004 0.017 0.979 
338 HI_SS0103    (0)    6 :  0.003 0.164 0.833 
339 HI_SS0105    (1)    6 :  0.023 0.101 0.875 
340 HI_SS0107    (1)    6 :  0.001 0.018 0.981 
341 HI_SS0108    (1)    6 :  0.017 0.977 0.006 
342 HI_SS0110    (0)    6 :  0.001 0.834 0.165 
343 HI_SS0111    (1)    6 :  0.023 0.074 0.903 
344 HI_SS0112    (0)    6 :  0.001 0.992 0.007 
345 HI_SS0113    (1)    6 :  0.003 0.008 0.990 
346 HI_SS0114    (1)    6 :  0.004 0.951 0.045 
347 HI_SS0115    (1)    6 :  0.015 0.826 0.160 
348 HI_SS0116    (4)    6 :  0.003 0.883 0.114 
349 HI_SS0117    (0)    6 :  0.002 0.889 0.109 
350 HI_SS0118    (0)    6 :  0.011 0.511 0.478 
351 HI_SS0119    (1)    6 :  0.002 0.977 0.020 
352 HI_SS0120    (1)    6 :  0.003 0.011 0.986 
353 HI_SS0121    (0)    6 :  0.001 0.010 0.989 
354 HI_SS0122    (2)    6 :  0.019 0.114 0.867 
355 HI_SS0123    (0)    6 :  0.005 0.440 0.554 
356 HI_SS0124    (1)    6 :  0.002 0.019 0.979 
357 HI_SS0125    (1)    6 :  0.039 0.044 0.918 
358 HI_SS0126    (0)    6 :  0.001 0.989 0.010 
359 HI_SS0127    (0)    6 :  0.009 0.796 0.195 
360 HI_SS0128    (0)    6 :  0.003 0.552 0.445 
361 HI_SS0129    (1)    6 :  0.010 0.548 0.442 
362 HI_SS0131    (2)    6 :  0.037 0.487 0.476 
363 HI_SS0132    (0)    6 :  0.001 0.614 0.386 
364 HI_SS0133    (1)    6 :  0.001 0.994 0.005 
365 HI_SS0134    (1)    6 :  0.002 0.845 0.153 
366 HI_SS0142    (3)    6 :  0.017 0.149 0.834 
367 HI_SS0145    (0)    6 :  0.001 0.933 0.066 
368 HI_SS0146    (1)    6 :  0.001 0.970 0.029 
369 HI_SS0147    (1)    6 :  0.015 0.009 0.976 
370 HI_SS0149    (1)    6 :  0.005 0.446 0.549 
371 HI_SS0150    (2)    6 :  0.004 0.025 0.972 
372 HI_SS0151    (0)    6 :  0.011 0.907 0.081 
373 NS_SS1451    (1)    6 :  0.003 0.014 0.983 
374 NS_SS1404    (0)    6 :  0.009 0.019 0.971 
375 NS_SS1432    (2)    6 :  0.030 0.015 0.955 
376 NS_SS1405    (5)    6 :  0.003 0.082 0.916 
377 NS_SS1431   (10)    6 :  0.001 0.018 0.981 
378 NS_SS1402    (3)    6 :  0.002 0.256 0.742 
379 NS_SS1450    (3)    6 :  0.004 0.906 0.090 
380 NS_SS1396    (0)    6 :  0.005 0.042 0.953 
381 NS_SS1393    (5)    6 :  0.004 0.475 0.522 
382 NS_SS1392   (10)    6 :  0.017 0.104 0.879 
383 NS_SS1445    (0)    6 :  0.009 0.951 0.040 
384 NS_SS1423    (0)    6 :  0.002 0.977 0.022 
385 NS_SS1421    (9)    6 :  0.098 0.705 0.197 
386 NS_SS1411    (6)    6 :  0.002 0.943 0.056 
387 NS_SS1453    (6)    6 :  0.006 0.716 0.278 
388 NS_SS1442    (3)    6 :  0.004 0.176 0.820 
389 NS_SS1422    (1)    6 :  0.011 0.890 0.099 
390 NS_SS1419    (1)    6 :  0.169 0.073 0.758 
391 NS_SS1427    (0)    6 :  0.002 0.991 0.007 
392 NS_SS1444    (4)    6 :  0.003 0.021 0.976 
393 NS_SS1455    (0)    6 :  0.001 0.008 0.990 
394 NS_SS1425    (2)    6 :  0.001 0.989 0.010 
395 NS_SS1400    (0)    6 :  0.001 0.852 0.147 
396 NS_SS1406    (2)    6 :  0.008 0.018 0.974 
397 NS_SS1417    (6)    6 :  0.007 0.146 0.848 
398 NS_SS1454    (3)    6 :  0.001 0.266 0.732 
399 NS_SS1412    (1)    6 :  0.024 0.567 0.409 
400 NS_SS1438    (1)    6 :  0.001 0.975 0.024 
401 NS_SS1416    (4)    6 :  0.005 0.015 0.979 
402 NS_SS1401    (0)    6 :  0.011 0.150 0.839 
403 NS_SS1424    (6)    6 :  0.012 0.701 0.287 
404 NS_SS1435   (10)    6 :  0.003 0.717 0.280 
405 NS_SS1447    (4)    6 :  0.005 0.009 0.986 
406 NS_SS1414    (3)    6 :  0.006 0.010 0.984 
407 NS_SS1449   (14)    6 :  0.004 0.671 0.325 
408 NS_SS1443    (4)    6 :  0.001 0.993 0.005 
409 NS_SS1434    (1)    6 :  0.001 0.867 0.132 
410 NS_SS1398    (1)    6 :  0.021 0.458 0.521 
411 NS_SS1426    (1)    6 :  0.002 0.986 0.012 
412 NS_SS1413    (0)    6 :  0.008 0.981 0.011 
413 NS_SS1395    (1)    6 :  0.008 0.975 0.017 
414 NS_SS1448   (10)    6 :  0.002 0.809 0.189 
415 NS_SS1446    (0)    6 :  0.003 0.388 0.609 
416 NS_SS1403    (2)    6 :  0.006 0.314 0.680 
417 NS_SS1415    (0)    6 :  0.007 0.981 0.011 
418 NS_SS1437    (4)    6 :  0.008 0.211 0.781 
419 NS_SS1439    (2)    6 :  0.003 0.162 0.835 
420 NS_SS1441    (3)    6 :  0.002 0.967 0.031 
421 NS_SS1420    (2)    6 :  0.003 0.015 0.982 
422 NS_SS1394    (2)    6 :  0.034 0.054 0.913 
423 NS_SS1391    (7)    6 :  0.012 0.771 0.216 
424 NS_SS1410    (5)    6 :  0.014 0.347 0.638 
425 NS_SS1408    (1)    6 :  0.062 0.630 0.308 
426 NS_SS1409    (1)    6 :  0.002 0.414 0.583 
427 HI_SS0617    (1)    7 :  0.001 0.718 0.281 
428 HI_SS0618    (2)    7 :  0.002 0.119 0.879 
429 HI_SS0619    (0)    7 :  0.003 0.165 0.832 
430 HI_SS0620    (1)    7 :  0.002 0.991 0.007 
431 HI_SS0621    (3)    7 :  0.012 0.061 0.927 
432 HI_SS0622    (1)    7 :  0.011 0.549 0.440 
433 HI_SS0626    (0)    7 :  0.007 0.157 0.836 
434 HI_SS0627    (0)    7 :  0.006 0.014 0.980 
435 HI_SS0628    (3)    7 :  0.054 0.355 0.591 
436 HI_SS0629    (1)    7 :  0.006 0.428 0.566 
437 HI_SS0630    (1)    7 :  0.051 0.873 0.077 
438 HI_SS0631    (0)    7 :  0.001 0.979 0.020 
439 HI_SS0632    (0)    7 :  0.003 0.474 0.523 
440 HI_SS0633    (0)    7 :  0.003 0.017 0.980 
441 HI_SS0634    (1)    7 :  0.002 0.237 0.761 
442 HI_SS0635    (0)    7 :  0.007 0.062 0.931 
443 HI_SS0637    (1)    7 :  0.003 0.268 0.729 
444 HI_SS0638    (0)    7 :  0.001 0.466 0.533 
445 HI_SS0639    (1)    7 :  0.037 0.025 0.938 
446 HI_SS0640    (1)    7 :  0.002 0.950 0.049 
447 HI_SS0641    (1)    7 :  0.004 0.913 0.083 
448 HI_SS0642    (0)    7 :  0.002 0.517 0.481 
449 HI_SS0645    (0)    7 :  0.001 0.011 0.988 
450 HI_SS0646    (1)    7 :  0.002 0.656 0.342 
451 HI_SS0647    (1)    7 :  0.001 0.542 0.457 
452 HI_SS0648    (0)    7 :  0.003 0.816 0.181 
453 HI_SS0649    (1)    7 :  0.002 0.118 0.880 
454 HI_SS0650    (1)    7 :  0.004 0.154 0.842 
455 HI_SS0651    (1)    7 :  0.004 0.906 0.090 
456 HI_SS0652    (1)    7 :  0.003 0.022 0.975 
457 NS_SS1371    (3)    7 :  0.005 0.970 0.025 
458 NS_SS1374    (0)    7 :  0.003 0.828 0.169 
459 NS_SS1337    (3)    7 :  0.003 0.014 0.984 
460 NS_SS1385    (5)    7 :  0.004 0.346 0.650 
461 NS_SS1388    (0)    7 :  0.006 0.044 0.950 
462 NS_SS1370    (1)    7 :  0.010 0.261 0.729 
463 NS_SS1389    (3)    7 :  0.003 0.016 0.981 
464 NS_SS1360    (1)    7 :  0.004 0.968 0.028 
465 NS_SS1330    (0)    7 :  0.003 0.030 0.967 
466 NS_SS1328    (9)    7 :  0.002 0.961 0.037 
467 NS_SS1384    (1)    7 :  0.003 0.959 0.037 
468 NS_SS1381    (0)    7 :  0.001 0.045 0.955 
469 NS_SS1375    (1)    7 :  0.001 0.043 0.956 
470 NS_SS1319   (11)    7 :  0.099 0.679 0.222 
471 NS_SS1326    (2)    7 :  0.010 0.901 0.090 
472 NS_SS1341    (1)    7 :  0.004 0.491 0.505 
473 NS_SS1383    (2)    7 :  0.004 0.681 0.315 
474 NS_SS1318    (3)    7 :  0.013 0.091 0.896 
475 NS_SS1348    (2)    7 :  0.001 0.991 0.008 
476 NS_SS1363    (0)    7 :  0.005 0.086 0.909 
477 NS_SS1335    (4)    7 :  0.023 0.964 0.012 
478 NS_SS1358    (0)    7 :  0.013 0.947 0.040 
479 NS_SS1342    (1)    7 :  0.001 0.887 0.112 
480 NS_SS1320    (3)    7 :  0.006 0.008 0.986 
481 NS_SS1355    (1)    7 :  0.009 0.022 0.969 
482 NS_SS1345    (1)    7 :  0.021 0.488 0.492 
483 NS_SS1324    (0)    7 :  0.003 0.901 0.096 
484 NS_SS1347    (5)    7 :  0.004 0.971 0.025 
485 NS_SS1321    (4)    7 :  0.001 0.774 0.225 
486 NS_SS1333    (0)    7 :  0.003 0.675 0.322 
487 NS_SS1364    (1)    7 :  0.002 0.913 0.085 
488 NS_SS1379    (0)    7 :  0.047 0.162 0.791 
489 NS_SS1332    (0)    7 :  0.004 0.985 0.011 
490 NS_SS1338    (5)    7 :  0.007 0.863 0.129 
491 NS_SS1368    (6)    7 :  0.004 0.790 0.205 
492 NS_SS1354    (1)    7 :  0.010 0.085 0.905 
493 NS_SS1365    (0)    7 :  0.008 0.135 0.857 
494 NS_SS1380    (1)    7 :  0.017 0.014 0.970 
495 NS_SS1329    (8)    7 :  0.003 0.805 0.192 
496 NS_SS1362    (0)    7 :  0.004 0.572 0.423 
497 NS_SS1327    (2)    7 :  0.003 0.993 0.004 
498 NS_SS1350    (0)    7 :  0.010 0.935 0.055 
499 NS_SS1387    (2)    7 :  0.002 0.031 0.967 
500 NS_SS1369    (8)    7 :  0.003 0.962 0.034 
501 NS_SS1331    (1)    7 :  0.008 0.069 0.923 
502 NS_SS1357    (5)    7 :  0.003 0.815 0.182 
503 NS_SS1386    (1)    7 :  0.002 0.993 0.005 
504 NS_SS1353    (2)    7 :  0.003 0.057 0.940 
505 NS_SS1323    (0)    7 :  0.063 0.134 0.803 
506 HI_SS0296    (0)    8 :  0.002 0.973 0.025 
507 HI_SS0297    (0)    8 :  0.001 0.662 0.337 
508 HI_SS0299    (0)    8 :  0.035 0.634 0.331 
509 HI_SS0300    (0)    8 :  0.001 0.838 0.161 
510 HI_SS0301    (0)    8 :  0.003 0.306 0.691 
511 HI_SS0302    (0)    8 :  0.018 0.944 0.038 
512 HI_SS0303    (0)    8 :  0.005 0.977 0.017 
513 HI_SS0304    (0)    8 :  0.002 0.025 0.973 
514 HI_SS0306    (5)    8 :  0.003 0.988 0.009 
515 HI_SS0307    (1)    8 :  0.007 0.032 0.962 
516 HI_SS0308    (1)    8 :  0.096 0.502 0.401 
517 HI_SS0309    (0)    8 :  0.003 0.230 0.767 
518 HI_SS0310    (0)    8 :  0.006 0.307 0.686 
519 HI_SS0311    (4)    8 :  0.002 0.265 0.733 
520 HI_SS0314    (0)    8 :  0.001 0.600 0.399 
521 HI_SS0316    (1)    8 :  0.004 0.887 0.109 
522 HI_SS0317    (3)    8 :  0.002 0.383 0.615 
523 HI_SS0318    (1)    8 :  0.198 0.775 0.027 
524 HI_SS0319    (0)    8 :  0.004 0.991 0.005 
525 HI_SS0320    (3)    8 :  0.001 0.014 0.985 
526 HI_SS0321    (0)    8 :  0.002 0.941 0.057 
527 HI_SS0323    (1)    8 :  0.001 0.337 0.662 
528 HI_SS0325    (2)    8 :  0.002 0.849 0.150 
529 HI_SS0327    (1)    8 :  0.001 0.993 0.006 
530 HI_SS0329    (1)    8 :  0.001 0.037 0.962 
531 HI_SS0333    (1)    8 :  0.002 0.212 0.786 
532 HI_SS0334    (1)    8 :  0.001 0.979 0.020 
533 HI_SS0335    (1)    8 :  0.020 0.074 0.906 
534 HI_SS0339    (0)    8 :  0.010 0.061 0.929 
535 HI_SS0343    (2)    8 :  0.002 0.136 0.863 
536 HI_SS0344    (1)    8 :  0.003 0.993 0.004 
537 HI_SS0345    (3)    8 :  0.007 0.070 0.923 
538 HI_SS0346    (0)    8 :  0.004 0.168 0.828 
539 HI_SS0350    (1)    8 :  0.007 0.008 0.985 
540 HI_SS0351    (0)    8 :  0.003 0.292 0.704 
541 HI_SS0352    (3)    8 :  0.086 0.057 0.858 
542 HI_SS0362    (0)    8 :  0.002 0.885 0.113 
543 HI_SS0363    (1)    8 :  0.003 0.978 0.019 
544 HI_SS0365    (0)    8 :  0.004 0.957 0.039 
545 HI_SS0366    (0)    8 :  0.001 0.980 0.018 
546 HI_SS0367    (1)    8 :  0.002 0.007 0.991 
547 HI_SS0369    (1)    8 :  0.002 0.014 0.984 
548 HI_SS0370    (0)    8 :  0.003 0.898 0.100 
549 HI_SS0371    (4)    8 :  0.004 0.859 0.137 
550 HI_SS0373    (3)    8 :  0.010 0.278 0.712 
551 HI_SS0374    (0)    8 :  0.023 0.031 0.945 
552 HI_SS0377    (0)    8 :  0.077 0.899 0.024 
553 HI_SS0379    (1)    8 :  0.001 0.996 0.003 
554 HI_SS0380    (1)    8 :  0.006 0.053 0.941 
555 HI_SS0381    (2)    8 :  0.004 0.020 0.976 
556 HI_SS0384    (3)    8 :  0.007 0.819 0.174 
557 HI_SS0385    (1)    8 :  0.001 0.287 0.711 
558 HI_SS0386    (0)    9 :  0.997 0.001 0.001 
559 HI_SS0387    (0)    9 :  0.973 0.014 0.013 
560 HI_SS0389    (2)    9 :  0.994 0.003 0.003 
561 HI_SS0390    (2)    9 :  0.997 0.002 0.001 
562 HI_SS0391    (3)    9 :  0.995 0.002 0.003 
563 HI_SS0392    (0)    9 :  0.997 0.002 0.002 
564 HI_SS0393    (2)    9 :  0.997 0.002 0.001 
565 HI_SS0394    (2)    9 :  0.997 0.001 0.001 
566 HI_SS0395    (2)    9 :  0.993 0.003 0.004 
567 HI_SS0396    (2)    9 :  0.981 0.008 0.012 
568 HI_SS0398    (2)    9 :  0.988 0.006 0.007 
569 HI_SS0399    (2)    9 :  0.998 0.001 0.001 
570 HI_SS0400    (3)    9 :  0.996 0.002 0.002 
571 HI_SS0401    (5)    9 :  0.997 0.001 0.001 
572 HI_SS0402    (0)    9 :  0.998 0.001 0.001 
573 HI_SS0403    (0)    9 :  0.997 0.001 0.001 
574 HI_SS0404    (2)    9 :  0.998 0.001 0.001 
575 HI_SS0405    (2)    9 :  0.963 0.017 0.020 
576 HI_SS0406    (2)    9 :  0.996 0.002 0.002 
577 HI_SS0407    (0)    9 :  0.986 0.006 0.008 
578 HI_SS0408    (0)    9 :  0.997 0.001 0.001 
579 HI_SS0409    (2)    9 :  0.994 0.003 0.003 
580 HI_SS0411    (2)    9 :  0.995 0.003 0.002 
581 HI_SS0412   (11)    9 :  0.820 0.093 0.087 
582 HI_SS0413    (0)    9 :  0.996 0.002 0.002 
583 HI_SS0414    (2)    9 :  0.966 0.014 0.020 
584 HI_SS0415    (2)    9 :  0.997 0.002 0.002 
585 HI_SS0416    (2)    9 :  0.994 0.003 0.003 
586 HI_SS0418    (2)    9 :  0.990 0.006 0.004 
587 HI_SS0419    (3)    9 :  0.994 0.002 0.003 
588 HI_SS0420    (0)    9 :  0.996 0.002 0.002 
589 HI_SS0421    (4)    9 :  0.991 0.004 0.005 
590 HI_SS0422    (3)    9 :  0.997 0.001 0.002 
591 HI_SS0423    (2)    9 :  0.993 0.004 0.003 
592 HI_SS0424    (1)    9 :  0.997 0.001 0.002 
593 HI_SS0425    (0)    9 :  0.995 0.002 0.003 
594 NS_SS1146    (3)   10 :  0.995 0.003 0.002 
595 NS_SS1157    (1)   10 :  0.988 0.006 0.006 
596 NS_SS1144    (7)   10 :  0.959 0.024 0.017 
597 NS_SS1074    (3)   10 :  0.994 0.003 0.003 
598 NS_SS1122    (0)   10 :  0.993 0.004 0.003 
599 NS_SS1136    (2)   10 :  0.998 0.001 0.001 
600 NS_SS1077    (4)   10 :  0.999 0.001 0.001 
601 NS_SS1134    (2)   10 :  0.977 0.010 0.013 
602 NS_SS1091    (1)   10 :  0.996 0.002 0.002 
603 NS_SS1089   (10)   10 :  0.995 0.003 0.003 
604 NS_SS1123    (2)   10 :  0.997 0.001 0.002 
605 NS_SS1158    (3)   10 :  0.998 0.001 0.001 
606 NS_SS1093    (3)   10 :  0.996 0.002 0.002 
607 NS_SS1102    (5)   10 :  0.990 0.005 0.006 
608 NS_SS1056    (0)   10 :  0.997 0.002 0.002 
609 NS_SS1126    (2)   10 :  0.994 0.003 0.003 
610 NS_SS1058   (15)   10 :  0.993 0.003 0.004 
611 NS_SS1084    (2)   10 :  0.998 0.001 0.001 
612 NS_SS1095    (3)   10 :  0.988 0.007 0.005 
613 NS_SS1079    (3)   10 :  0.997 0.001 0.002 
614 NS_SS1149    (0)   10 :  0.995 0.002 0.003 
615 NS_SS1121    (0)   10 :  0.997 0.001 0.001 
616 NS_SS1067    (0)   10 :  0.991 0.004 0.006 
617 NS_SS1081    (2)   10 :  0.996 0.002 0.002 
618 NS_SS1130    (0)   10 :  0.994 0.003 0.003 
619 NS_SS1073    (2)   10 :  0.995 0.002 0.003 
620 NS_SS1133    (2)   10 :  0.985 0.004 0.011 
621 NS_SS1129    (2)   10 :  0.997 0.001 0.001 
622 NS_SS1085    (1)   10 :  0.996 0.002 0.002 
623 NS_SS1137    (2)   10 :  0.992 0.004 0.004 
624 NS_SS1135    (3)   10 :  0.998 0.001 0.001 
625 NS_SS1082    (3)   10 :  0.997 0.001 0.001 
626 NS_SS1125    (3)   10 :  0.998 0.001 0.001 
627 NS_SS1124    (2)   10 :  0.988 0.006 0.006 
628 NS_SS1155    (0)   10 :  0.985 0.008 0.008 
629 NS_SS1145    (2)   10 :  0.997 0.002 0.002 


Estimated Allele Frequencies in each cluster
First column gives estimated ancestral frequencies


Locus 1 : 
2 alleles
3.3% missing data
   1   (0.737) 0.730 0.738 0.738 
   2   (0.263) 0.270 0.262 0.262 

Locus 2 : 
2 alleles
4.6% missing data
   1   (0.886) 0.821 0.892 0.885 
   2   (0.114) 0.179 0.108 0.115 

Locus 3 : 
2 alleles
4.9% missing data
   1   (0.785) 0.808 0.774 0.793 
   2   (0.215) 0.192 0.226 0.207 

Locus 4 : 
2 alleles
4.6% missing data
   1   (0.866) 0.870 0.871 0.863 
   2   (0.134) 0.130 0.129 0.137 

Locus 5 : 
2 alleles
2.5% missing data
   1   (0.892) 0.930 0.896 0.890 
   2   (0.108) 0.070 0.104 0.110 

Locus 6 : 
2 alleles
2.7% missing data
   1   (0.824) 0.762 0.816 0.832 
   2   (0.176) 0.238 0.184 0.168 

Locus 7 : 
2 alleles
3.0% missing data
   1   (0.793) 0.756 0.791 0.796 
   2   (0.207) 0.244 0.209 0.204 

Locus 8 : 
2 alleles
4.8% missing data
   1   (0.728) 0.793 0.728 0.727 
   2   (0.272) 0.207 0.272 0.273 

Locus 9 : 
2 alleles
3.7% missing data
   1   (0.807) 0.810 0.804 0.811 
   2   (0.193) 0.190 0.196 0.189 

Locus 10 : 
2 alleles
4.8% missing data
   1   (0.710) 0.798 0.703 0.712 
   2   (0.290) 0.202 0.297 0.288 

Locus 11 : 
2 alleles
3.2% missing data
   1   (0.795) 0.782 0.782 0.806 
   2   (0.205) 0.218 0.218 0.194 

Locus 12 : 
2 alleles
4.9% missing data
   1   (0.893) 0.907 0.895 0.893 
   2   (0.107) 0.093 0.105 0.107 

Locus 13 : 
2 alleles
3.2% missing data
   1   (0.867) 0.915 0.866 0.868 
   2   (0.133) 0.085 0.134 0.132 

Locus 14 : 
2 alleles
4.6% missing data
   1   (0.732) 0.683 0.734 0.732 
   2   (0.268) 0.317 0.266 0.268 

Locus 15 : 
2 alleles
4.6% missing data
   1   (0.891) 0.918 0.891 0.892 
   2   (0.109) 0.082 0.109 0.108 

Locus 16 : 
2 alleles
3.8% missing data
   1   (0.885) 0.964 0.879 0.886 
   2   (0.115) 0.036 0.121 0.114 

Locus 17 : 
2 alleles
4.1% missing data
   1   (0.510) 0.645 0.508 0.506 
   2   (0.490) 0.355 0.492 0.494 

Locus 18 : 
2 alleles
4.1% missing data
   1   (0.609) 0.573 0.594 0.621 
   2   (0.391) 0.427 0.406 0.379 

Locus 19 : 
2 alleles
4.1% missing data
   1   (0.772) 0.636 0.773 0.776 
   2   (0.228) 0.364 0.227 0.224 

Locus 20 : 
2 alleles
2.2% missing data
   1   (0.897) 0.894 0.900 0.898 
   2   (0.103) 0.106 0.100 0.102 

Locus 21 : 
2 alleles
4.5% missing data
   1   (0.710) 0.600 0.706 0.716 
   2   (0.290) 0.400 0.294 0.284 

Locus 22 : 
2 alleles
3.0% missing data
   1   (0.886) 0.913 0.885 0.888 
   2   (0.114) 0.087 0.115 0.112 

Locus 23 : 
2 alleles
3.8% missing data
   1   (0.559) 0.578 0.547 0.568 
   2   (0.441) 0.422 0.453 0.432 

Locus 24 : 
2 alleles
4.9% missing data
   1   (0.859) 0.890 0.856 0.862 
   2   (0.141) 0.110 0.144 0.138 

Locus 25 : 
2 alleles
4.3% missing data
   1   (0.885) 0.877 0.881 0.889 
   2   (0.115) 0.123 0.119 0.111 

Locus 26 : 
2 alleles
3.0% missing data
   1   (0.544) 0.578 0.541 0.545 
   2   (0.456) 0.422 0.459 0.455 

Locus 27 : 
2 alleles
4.0% missing data
   2   (0.468) 0.416 0.479 0.463 
   1   (0.532) 0.584 0.521 0.537 

Locus 28 : 
2 alleles
4.0% missing data
   1   (0.843) 0.870 0.853 0.837 
   2   (0.157) 0.130 0.147 0.163 

Locus 29 : 
2 alleles
1.9% missing data
   1   (0.605) 0.699 0.608 0.600 
   2   (0.395) 0.301 0.392 0.400 

Locus 30 : 
2 alleles
4.6% missing data
   1   (0.864) 0.854 0.868 0.863 
   2   (0.136) 0.146 0.132 0.137 

Locus 31 : 
2 alleles
1.9% missing data
   1   (0.885) 0.904 0.883 0.887 
   2   (0.115) 0.096 0.117 0.113 

Locus 32 : 
2 alleles
4.3% missing data
   1   (0.867) 0.784 0.872 0.868 
   2   (0.133) 0.216 0.128 0.132 

Locus 33 : 
2 alleles
4.3% missing data
   1   (0.790) 0.761 0.795 0.788 
   2   (0.210) 0.239 0.205 0.212 

Locus 34 : 
2 alleles
2.2% missing data
   1   (0.737) 0.726 0.742 0.735 
   2   (0.263) 0.274 0.258 0.265 

Locus 35 : 
2 alleles
3.8% missing data
   1   (0.765) 0.781 0.760 0.769 
   2   (0.235) 0.219 0.240 0.231 

Locus 36 : 
2 alleles
3.3% missing data
   1   (0.812) 0.783 0.815 0.811 
   2   (0.188) 0.217 0.185 0.189 

Locus 37 : 
2 alleles
3.8% missing data
   1   (0.866) 0.643 0.878 0.864 
   2   (0.134) 0.357 0.122 0.136 

Locus 38 : 
2 alleles
4.9% missing data
   1   (0.799) 0.773 0.789 0.807 
   2   (0.201) 0.227 0.211 0.193 

Locus 39 : 
2 alleles
4.9% missing data
   1   (0.744) 0.779 0.739 0.747 
   2   (0.256) 0.221 0.261 0.253 

Locus 40 : 
2 alleles
2.7% missing data
   1   (0.758) 0.723 0.761 0.758 
   2   (0.242) 0.277 0.239 0.242 

Locus 41 : 
2 alleles
2.2% missing data
   1   (0.744) 0.760 0.745 0.742 
   2   (0.256) 0.240 0.255 0.258 

Locus 42 : 
2 alleles
4.9% missing data
   1   (0.767) 0.792 0.756 0.774 
   2   (0.233) 0.208 0.244 0.226 

Locus 43 : 
2 alleles
1.7% missing data
   1   (0.875) 0.917 0.865 0.881 
   2   (0.125) 0.083 0.135 0.119 

Locus 44 : 
2 alleles
3.7% missing data
   1   (0.706) 0.747 0.717 0.697 
   2   (0.294) 0.253 0.283 0.303 

Locus 45 : 
2 alleles
3.7% missing data
   1   (0.571) 0.487 0.564 0.579 
   2   (0.429) 0.513 0.436 0.421 

Locus 46 : 
2 alleles
3.8% missing data
   1   (0.882) 0.856 0.888 0.881 
   2   (0.118) 0.144 0.112 0.119 

Locus 47 : 
2 alleles
4.0% missing data
   2   (0.236) 0.234 0.217 0.249 
   1   (0.764) 0.766 0.783 0.751 

Locus 48 : 
2 alleles
2.1% missing data
   1   (0.821) 0.766 0.818 0.826 
   2   (0.179) 0.234 0.182 0.174 

Locus 49 : 
2 alleles
4.9% missing data
   1   (0.588) 0.699 0.578 0.591 
   2   (0.412) 0.301 0.422 0.409 

Locus 50 : 
2 alleles
3.5% missing data
   1   (0.873) 0.864 0.879 0.870 
   2   (0.127) 0.136 0.121 0.130 

Locus 51 : 
2 alleles
2.9% missing data
   1   (0.779) 0.786 0.783 0.777 
   2   (0.221) 0.214 0.217 0.223 

Locus 52 : 
2 alleles
4.1% missing data
   1   (0.889) 0.874 0.892 0.889 
   2   (0.111) 0.126 0.108 0.111 

Locus 53 : 
2 alleles
4.8% missing data
   1   (0.850) 0.863 0.850 0.851 
   2   (0.150) 0.137 0.150 0.149 

Locus 54 : 
2 alleles
4.1% missing data
   1   (0.820) 0.901 0.826 0.814 
   2   (0.180) 0.099 0.174 0.186 

Locus 55 : 
2 alleles
4.3% missing data
   1   (0.822) 0.883 0.817 0.825 
   2   (0.178) 0.117 0.183 0.175 

Locus 56 : 
2 alleles
3.7% missing data
   1   (0.658) 0.612 0.655 0.661 
   2   (0.342) 0.388 0.345 0.339 

Locus 57 : 
2 alleles
1.4% missing data
   1   (0.601) 0.569 0.598 0.604 
   2   (0.399) 0.431 0.402 0.396 

Locus 58 : 
2 alleles
3.8% missing data
   1   (0.661) 0.709 0.662 0.659 
   2   (0.339) 0.291 0.338 0.341 

Locus 59 : 
2 alleles
4.3% missing data
   1   (0.853) 0.864 0.850 0.856 
   2   (0.147) 0.136 0.150 0.144 

Locus 60 : 
2 alleles
4.0% missing data
   1   (0.870) 0.939 0.872 0.867 
   2   (0.130) 0.061 0.128 0.133 

Locus 61 : 
2 alleles
3.0% missing data
   1   (0.884) 0.907 0.884 0.886 
   2   (0.116) 0.093 0.116 0.114 

Locus 62 : 
2 alleles
2.9% missing data
   1   (0.799) 0.815 0.803 0.797 
   2   (0.201) 0.185 0.197 0.203 

Locus 63 : 
2 alleles
4.6% missing data
   1   (0.660) 0.589 0.674 0.652 
   2   (0.340) 0.411 0.326 0.348 

Locus 64 : 
2 alleles
4.5% missing data
   1   (0.840) 0.816 0.848 0.836 
   2   (0.160) 0.184 0.152 0.164 

Locus 65 : 
2 alleles
4.9% missing data
   1   (0.856) 0.859 0.848 0.863 
   2   (0.144) 0.141 0.152 0.137 

Locus 66 : 
2 alleles
4.5% missing data
   1   (0.822) 0.885 0.830 0.816 
   2   (0.178) 0.115 0.170 0.184 

Locus 67 : 
2 alleles
2.5% missing data
   1   (0.864) 0.875 0.857 0.869 
   2   (0.136) 0.125 0.143 0.131 

Locus 68 : 
2 alleles
4.3% missing data
   1   (0.782) 0.842 0.777 0.785 
   2   (0.218) 0.158 0.223 0.215 

Locus 69 : 
2 alleles
1.7% missing data
   1   (0.844) 0.835 0.834 0.852 
   2   (0.156) 0.165 0.166 0.148 

Locus 70 : 
2 alleles
4.9% missing data
   1   (0.779) 0.754 0.786 0.777 
   2   (0.221) 0.246 0.214 0.223 

Locus 71 : 
2 alleles
4.0% missing data
   1   (0.757) 0.705 0.756 0.761 
