   NS_SS0963  1 0.2329 0.0049 0.0577 0.0114 0.0063 0.0064 0.6804 
   NS_SS0983  1 0.0202 0.0036 0.0191 0.0127 0.0034 0.9375 0.0035 
   NS_SS0719  1 0.1661 0.0059 0.0437 0.0733 0.4867 0.1827 0.0417 
   NS_SS1001  1 0.0212 0.0053 0.1062 0.1370 0.6909 0.0135 0.0259 
   NS_SS0936  1 0.8493 0.0025 0.0802 0.0121 0.0202 0.0122 0.0235 
   NS_SS0955  1 0.0191 0.0041 0.0758 0.2338 0.0114 0.5579 0.0979 
   NS_SS0944  1 0.0108 0.0021 0.1031 0.6754 0.0166 0.0067 0.1852 
   NS_SS0945  1 0.0273 0.0082 0.0612 0.7941 0.0673 0.0159 0.0259 
   NS_SS0922  1 0.0359 0.0306 0.0114 0.0060 0.3643 0.4818 0.0700 
   NS_SS0929  1 0.2821 0.0037 0.1957 0.0300 0.0356 0.3201 0.1329 
   NS_SS0956  1 0.0944 0.0041 0.1454 0.0427 0.6569 0.0332 0.0235 
   NS_SS0906  1 0.8387 0.0027 0.1084 0.0113 0.0175 0.0110 0.0104 
   NS_SS0721  1 0.7284 0.0049 0.0579 0.0143 0.0162 0.1655 0.0128 
   NS_SS0982  1 0.4249 0.0173 0.2510 0.0118 0.0274 0.0356 0.2321 
   NS_SS0923  1 0.5609 0.0038 0.0480 0.0083 0.2921 0.0572 0.0296 
   NS_SS0905  1 0.3839 0.0021 0.2377 0.0731 0.1997 0.0948 0.0086 
   NS_SS0925  1 0.2037 0.0040 0.6465 0.0059 0.0274 0.0892 0.0234 
   NS_SS0947  1 0.0973 0.0058 0.6633 0.0258 0.0301 0.1095 0.0682 
   NS_SS0926  1 0.0662 0.0012 0.0093 0.7657 0.0652 0.0215 0.0709 
   NS_SS0918  1 0.0405 0.0026 0.4902 0.1968 0.2186 0.0079 0.0434 
   NS_SS0966  1 0.0175 0.0509 0.1690 0.0566 0.0135 0.0235 0.6690 
   NS_SS0938  1 0.0704 0.0019 0.0098 0.0126 0.7724 0.0419 0.0910 
   NS_SS0917  1 0.0593 0.0345 0.0287 0.0136 0.3112 0.5396 0.0131 
   NS_SS0957  1 0.0224 0.0064 0.8341 0.0254 0.0553 0.0094 0.0469 
   NS_SS0987  1 0.0082 0.2316 0.0185 0.0110 0.7101 0.0153 0.0053 
   NS_SS0717  1 0.0952 0.0031 0.0105 0.0178 0.7700 0.0783 0.0252 
   NS_SS0986  1 0.4697 0.0045 0.0143 0.1163 0.0548 0.2574 0.0829 
   NS_SS0953  1 0.0103 0.0134 0.8783 0.0096 0.0130 0.0178 0.0576 
   NS_SS0907  1 0.6254 0.0411 0.2290 0.0146 0.0128 0.0492 0.0280 
   NS_SS0974  1 0.0183 0.0036 0.0287 0.0943 0.0384 0.0542 0.7626 
   NS_SS0989  1 0.1018 0.0011 0.2016 0.0464 0.0088 0.3635 0.2768 
   NS_SS0991  1 0.3555 0.0024 0.0421 0.5417 0.0130 0.0270 0.0183 
   NS_SS0994  1 0.0091 0.0017 0.0094 0.1422 0.0227 0.6740 0.1409 
   NS_SS0931  1 0.0381 0.0091 0.0093 0.9109 0.0123 0.0096 0.0107 
   NS_SS1000  1 0.9269 0.0023 0.0111 0.0139 0.0197 0.0106 0.0155 
   NS_SS0919  1 0.8680 0.0023 0.0180 0.0580 0.0084 0.0320 0.0134 
   NS_SS0949  1 0.0192 0.0014 0.0284 0.8705 0.0071 0.0397 0.0338 
   NS_SS0960  1 0.1013 0.0060 0.2433 0.4370 0.0380 0.1544 0.0199 
   NS_SS0716  1 0.0092 0.0053 0.0050 0.0057 0.9654 0.0042 0.0052 
   NS_SS0924  1 0.0822 0.0234 0.0152 0.0350 0.0436 0.6456 0.1550 
   NS_SS0935  1 0.0446 0.0119 0.2805 0.4637 0.0664 0.1212 0.0118 
   NS_SS0952  1 0.0268 0.0407 0.1244 0.5965 0.0169 0.0251 0.1696 
   NS_SS0962  1 0.7565 0.0062 0.0166 0.0164 0.0634 0.0316 0.1093 
   NS_SS0973  1 0.2628 0.0043 0.4790 0.0113 0.0086 0.0920 0.1420 
   NS_SS0722  1 0.0633 0.0022 0.0630 0.0068 0.8301 0.0217 0.0130 
   NS_SS0979  1 0.2641 0.0023 0.0188 0.0145 0.5657 0.0127 0.1220 
   NS_SS0993  1 0.2387 0.0205 0.1315 0.0112 0.4243 0.0212 0.1526 
   NS_SS0958  1 0.0329 0.0032 0.0117 0.8806 0.0241 0.0257 0.0219 
   NS_SS0988  1 0.4198 0.0049 0.1784 0.0198 0.0624 0.0642 0.2505 
   NS_SS1003  1 0.0701 0.0098 0.0120 0.0106 0.0158 0.0076 0.8742 
   NS_SS0976  1 0.0502 0.0024 0.0821 0.4910 0.0085 0.0432 0.3227 
   NS_SS0964  1 0.0338 0.0022 0.0098 0.0072 0.4528 0.0208 0.4733 
   NS_SS0939  1 0.0036 0.0038 0.0065 0.0066 0.9707 0.0038 0.0049 
   NS_SS0990  1 0.0634 0.0032 0.0250 0.0129 0.5272 0.0331 0.3353 
   NS_SS0984  1 0.0105 0.0020 0.0072 0.0031 0.9447 0.0088 0.0238 
   NS_SS0980  1 0.0090 0.0019 0.9652 0.0053 0.0069 0.0075 0.0042 
   NS_SS0978  1 0.0121 0.0026 0.9412 0.0069 0.0105 0.0114 0.0153 
   NS_SS0951  1 0.0181 0.0036 0.4048 0.1675 0.1075 0.0709 0.2276 
   NS_SS0913  1 0.0280 0.0444 0.0186 0.0158 0.6003 0.1153 0.1777 
   NS_SS1002  1 0.9340 0.0263 0.0106 0.0044 0.0049 0.0063 0.0136 
   NS_SS0948  1 0.6117 0.0406 0.0372 0.1723 0.0527 0.0532 0.0323 
   NS_SS0916  1 0.0570 0.0045 0.4075 0.0150 0.0323 0.4736 0.0101 
   NS_SS0995  1 0.0230 0.0028 0.3396 0.0062 0.1353 0.4772 0.0159 
   NS_SS0927  1 0.0535 0.0057 0.0260 0.0171 0.0341 0.8384 0.0253 
   NS_SS0992  1 0.2589 0.0032 0.1664 0.0115 0.0231 0.4910 0.0459 
   NS_SS0912  1 0.5331 0.0024 0.0142 0.3780 0.0226 0.0305 0.0191 
   NS_SS0981  1 0.8491 0.0033 0.0629 0.0293 0.0248 0.0134 0.0173 
   NS_SS0729  2 0.0080 0.0021 0.0149 0.0171 0.0049 0.9090 0.0440 
   NS_SS0967  2 0.1534 0.0119 0.0238 0.0196 0.0144 0.0781 0.6989 
   NS_SS0941  2 0.1183 0.0900 0.2010 0.0257 0.2544 0.2217 0.0890 
   NS_SS0768  2 0.5613 0.0046 0.1120 0.0838 0.0505 0.0138 0.1739 
   NS_SS0726  2 0.0219 0.0070 0.0894 0.0199 0.0121 0.2860 0.5637 
   NS_SS0763  2 0.0126 0.0021 0.0137 0.0213 0.0249 0.7470 0.1783 
   NS_SS0730  2 0.0145 0.0030 0.0130 0.0136 0.9147 0.0193 0.0219 
   NS_SS0774  2 0.0089 0.0008 0.7718 0.0041 0.1035 0.0121 0.0987 
   NS_SS0723  2 0.1978 0.0018 0.6694 0.0047 0.0878 0.0225 0.0161 
   NS_SS0940  2 0.1014 0.0066 0.1027 0.2959 0.2005 0.2633 0.0295 
   NS_SS0762  2 0.0071 0.0031 0.0358 0.0046 0.9286 0.0078 0.0131 
   NS_SS0766  2 0.0288 0.0126 0.0176 0.0396 0.7069 0.1813 0.0132 
   NS_SS0724  2 0.1554 0.0054 0.0176 0.0133 0.0567 0.0171 0.7345 
   NS_SS0769  2 0.8272 0.0033 0.0144 0.0176 0.0822 0.0289 0.0265 
   NS_SS0777  2 0.4395 0.0130 0.1480 0.2336 0.1107 0.0453 0.0100 
   NS_SS0734  2 0.0423 0.0271 0.1338 0.2520 0.3205 0.1980 0.0263 
   NS_SS0737  2 0.0480 0.0067 0.0268 0.0091 0.3684 0.0675 0.4734 
   NS_SS0732  2 0.0159 0.0044 0.9218 0.0064 0.0320 0.0117 0.0077 
   NS_SS0728  2 0.1870 0.0122 0.3295 0.0151 0.1631 0.2656 0.0275 
   NS_SS0735  2 0.0711 0.0087 0.4820 0.0138 0.0351 0.3133 0.0759 
   NS_SS0725  2 0.0059 0.0057 0.0063 0.0097 0.0264 0.0081 0.9379 
   NS_SS0788  2 0.0312 0.0017 0.4723 0.0124 0.0521 0.0387 0.3915 
   NS_SS0778  2 0.0191 0.0015 0.7876 0.0151 0.0515 0.0336 0.0917 
   NS_SS0792  2 0.3593 0.0060 0.0531 0.0120 0.3656 0.1703 0.0337 
   NS_SS0943  2 0.0205 0.0080 0.0577 0.2253 0.0106 0.0757 0.6022 
   NS_SS0791  2 0.0095 0.0154 0.3292 0.0247 0.0213 0.5890 0.0108 
   NS_SS0790  2 0.0146 0.0041 0.4183 0.0043 0.0641 0.0055 0.4891 
   NS_SS0731  2 0.1387 0.0139 0.0147 0.0194 0.6978 0.0325 0.0830 
   NS_SS0727  2 0.0091 0.0021 0.0247 0.0372 0.3697 0.5389 0.0183 
   NS_SS0779  2 0.1769 0.0055 0.5753 0.0175 0.1596 0.0467 0.0184 
   NS_SS0776  2 0.0686 0.0073 0.1783 0.1510 0.0396 0.0146 0.5406 
   NS_SS0775  2 0.0076 0.0060 0.0096 0.0059 0.9551 0.0090 0.0067 
   NS_SS0965  3 0.8572 0.0014 0.0230 0.0285 0.0234 0.0164 0.0502 
   NS_SS0754  3 0.0663 0.0119 0.3028 0.0773 0.0383 0.4693 0.0343 
   NS_SS0838  3 0.0285 0.0387 0.1284 0.0607 0.0309 0.0974 0.6153 
   NS_SS0839  3 0.1669 0.0034 0.1983 0.0059 0.3580 0.0163 0.2511 
   NS_SS0832  3 0.7556 0.0377 0.1127 0.0062 0.0617 0.0083 0.0177 
   NS_SS0820  3 0.2308 0.0066 0.0054 0.0060 0.0784 0.0089 0.6640 
   NS_SS0886  3 0.0315 0.0020 0.0308 0.0293 0.0255 0.8536 0.0272 
   NS_SS0748  3 0.1040 0.0103 0.0762 0.6745 0.0720 0.0254 0.0375 
   NS_SS0884  3 0.0876 0.0229 0.6875 0.0163 0.0496 0.0293 0.1067 
   NS_SS0752  3 0.0456 0.0023 0.6681 0.0142 0.1545 0.0740 0.0413 
   NS_SS0862  3 0.0147 0.0036 0.9372 0.0062 0.0091 0.0122 0.0171 
   NS_SS0787  3 0.0134 0.0079 0.0105 0.8940 0.0120 0.0443 0.0180 
   NS_SS0843  3 0.1520 0.0017 0.2459 0.0114 0.0634 0.1581 0.3676 
   NS_SS0856  3 0.0479 0.0033 0.0120 0.0175 0.0401 0.6469 0.2323 
   NS_SS0846  3 0.8138 0.0027 0.0372 0.0292 0.0117 0.0405 0.0650 
   NS_SS0825  3 0.8204 0.0073 0.0073 0.0154 0.0261 0.0292 0.0942 
   NS_SS0757  3 0.1919 0.0034 0.4619 0.0488 0.0327 0.2067 0.0545 
   NS_SS0876  3 0.0061 0.2151 0.0346 0.0056 0.0180 0.4954 0.2253 
   NS_SS0903  3 0.0087 0.0019 0.9646 0.0035 0.0043 0.0102 0.0069 
   NS_SS0875  3 0.0186 0.0033 0.0164 0.0164 0.8145 0.1128 0.0180 
   NS_SS0740  3 0.2782 0.0030 0.3183 0.0216 0.0443 0.2682 0.0664 
   NS_SS0811  3 0.0241 0.0090 0.0983 0.0142 0.7337 0.0134 0.1074 
   NS_SS0751  3 0.4433 0.0026 0.0645 0.2098 0.2175 0.0284 0.0339 
   NS_SS0891  3 0.0468 0.0072 0.0386 0.0177 0.4221 0.3068 0.1609 
   NS_SS0867  3 0.2268 0.0256 0.6120 0.0721 0.0166 0.0202 0.0268 
   NS_SS0890  3 0.0396 0.0028 0.2536 0.0799 0.4643 0.1183 0.0416 
   NS_SS0866  3 0.0088 0.0051 0.0174 0.1099 0.0177 0.8085 0.0326 
   NS_SS0755  3 0.0371 0.0075 0.0349 0.0280 0.6089 0.0875 0.1960 
   NS_SS0758  3 0.1525 0.0023 0.0085 0.0097 0.0089 0.7964 0.0217 
   NS_SS0840  3 0.1196 0.0021 0.0484 0.0085 0.1062 0.0110 0.7041 
   NS_SS0889  3 0.0635 0.0022 0.0212 0.5865 0.0432 0.1747 0.1086 
   NS_SS1010  3 0.3608 0.0405 0.1415 0.0294 0.0156 0.0112 0.4011 
   NS_SS0888  3 0.0065 0.0016 0.0358 0.0960 0.0153 0.8281 0.0167 
   NS_SS0837  3 0.3144 0.0028 0.1501 0.0142 0.3169 0.0122 0.1895 
   NS_SS0794  3 0.0224 0.0024 0.0105 0.8333 0.0151 0.1004 0.0159 
   NS_SS0823  3 0.6342 0.0035 0.1349 0.0118 0.0388 0.1303 0.0466 
   NS_SS0829  3 0.0475 0.1263 0.0547 0.7176 0.0078 0.0369 0.0091 
   NS_SS0844  3 0.1257 0.0018 0.0694 0.0040 0.0114 0.0564 0.7314 
   NS_SS1008  3 0.0214 0.0126 0.0489 0.0980 0.5103 0.2582 0.0506 
   NS_SS0881  3 0.3545 0.0026 0.0197 0.0773 0.4546 0.0388 0.0525 
   NS_SS0834  3 0.0080 0.0050 0.0057 0.0058 0.0100 0.0149 0.9507 
   NS_SS0744  3 0.3416 0.0058 0.3475 0.0168 0.0150 0.2250 0.0482 
   NS_SS0899  3 0.0232 0.0017 0.3964 0.0058 0.0342 0.0076 0.5311 
   NS_SS0804  3 0.8274 0.0039 0.0678 0.0046 0.0538 0.0134 0.0292 
   NS_SS0781  3 0.6300 0.0037 0.1275 0.0043 0.0303 0.0091 0.1950 
   NS_SS0822  3 0.0192 0.0016 0.0424 0.6253 0.0104 0.0153 0.2858 
   NS_SS1004  3 0.8111 0.0041 0.0500 0.0202 0.0078 0.0106 0.0961 
   NS_SS0746  3 0.8220 0.0109 0.0081 0.0268 0.0438 0.0700 0.0184 
   NS_SS0880  3 0.0074 0.0016 0.2559 0.0250 0.0103 0.0082 0.6916 
   NS_SS0879  3 0.0200 0.0120 0.1797 0.0108 0.0332 0.0233 0.7210 
   NS_SS0753  3 0.2342 0.0091 0.4890 0.0566 0.0244 0.1680 0.0187 
   NS_SS1007  3 0.0710 0.0017 0.0143 0.0132 0.1069 0.7404 0.0526 
   NS_SS0872  3 0.7783 0.0023 0.0079 0.0123 0.0789 0.0560 0.0644 
   NS_SS1005  3 0.8198 0.0012 0.0319 0.0186 0.0123 0.0102 0.1060 
   NS_SS0892  3 0.3104 0.0024 0.0319 0.0817 0.5048 0.0353 0.0335 
   NS_SS0898  3 0.0136 0.0065 0.0218 0.4208 0.4546 0.0745 0.0082 
   NS_SS0801  3 0.1933 0.0068 0.1367 0.0082 0.0250 0.0830 0.5469 
   NS_SS0827  3 0.0190 0.1383 0.0656 0.2101 0.5136 0.0372 0.0161 
   NS_SS0853  3 0.0888 0.0051 0.0475 0.0386 0.4022 0.3500 0.0678 
   NS_SS0780  3 0.4623 0.0039 0.3240 0.0060 0.0239 0.0163 0.1636 
   NS_SS0826  3 0.0128 0.0042 0.0052 0.0149 0.0045 0.0070 0.9514 
   NS_SS0818  3 0.3822 0.0019 0.4606 0.0285 0.0770 0.0175 0.0323 
   NS_SS0745  3 0.0316 0.0014 0.0064 0.0101 0.9379 0.0030 0.0096 
   NS_SS0849  3 0.0423 0.0019 0.3224 0.0332 0.5542 0.0234 0.0225 
   NS_SS0739  3 0.0432 0.0150 0.2191 0.0456 0.3479 0.3127 0.0164 
   NS_SS0799  3 0.0285 0.0011 0.8560 0.0220 0.0307 0.0559 0.0057 
   NS_SS0756  3 0.5113 0.0042 0.4184 0.0130 0.0184 0.0162 0.0185 
   NS_SS0802  3 0.1968 0.2040 0.0478 0.1851 0.0262 0.3149 0.0252 
   NS_SS0747  3 0.2763 0.0050 0.4854 0.0087 0.0202 0.1653 0.0392 
   NS_SS0835  3 0.0210 0.0011 0.0123 0.0142 0.0344 0.8488 0.0682 
   NS_SS0742  3 0.2037 0.0016 0.5428 0.0230 0.0695 0.0642 0.0952 
   NS_SS0760  3 0.0190 0.0472 0.0350 0.7496 0.0147 0.1184 0.0161 
   NS_SS0803  3 0.7830 0.0074 0.0951 0.0061 0.0091 0.0528 0.0464 
   NS_SS0828  3 0.0213 0.0018 0.4309 0.1399 0.3274 0.0596 0.0191 
   NS_SS0865  3 0.0521 0.0328 0.5484 0.0324 0.1128 0.0203 0.2013 
   NS_SS0759  3 0.2386 0.0048 0.0629 0.0161 0.1823 0.1095 0.3857 
   NS_SS0851  3 0.0094 0.0124 0.0086 0.0121 0.7192 0.0056 0.2327 
   NS_SS0874  3 0.0100 0.0013 0.8971 0.0051 0.0168 0.0070 0.0626 
   NS_SS0761  3 0.1354 0.0025 0.0246 0.1844 0.0153 0.6240 0.0138 
   NS_SS0842  3 0.0299 0.0067 0.0146 0.0782 0.8053 0.0384 0.0269 
   NS_SS0785  3 0.4172 0.0052 0.4001 0.0492 0.0092 0.1063 0.0128 
   NS_SS0860  3 0.0195 0.0022 0.0460 0.0117 0.0100 0.8997 0.0109 
   NS_SS0897  3 0.0065 0.0018 0.0128 0.9358 0.0091 0.0289 0.0051 
   NS_SS0841  3 0.3243 0.0027 0.2539 0.0817 0.2925 0.0172 0.0278 
   NS_SS0797  3 0.0165 0.0279 0.0095 0.5114 0.2633 0.1142 0.0572 
   NS_SS0830  3 0.0470 0.0021 0.2152 0.0731 0.3067 0.1634 0.1926 
   NS_SS1011  3 0.0135 0.0053 0.0244 0.0048 0.0043 0.0099 0.9378 
   NS_SS0883  3 0.1285 0.0063 0.2072 0.0211 0.2902 0.3430 0.0038 
   NS_SS0782  3 0.0080 0.0023 0.0289 0.0182 0.0110 0.9249 0.0066 
   NS_SS0831  3 0.0182 0.0027 0.0510 0.0872 0.0149 0.8103 0.0158 
   NS_SS0749  3 0.1186 0.0029 0.3864 0.0277 0.0245 0.4317 0.0083 
   NS_SS0854  3 0.0130 0.0027 0.0304 0.0133 0.0118 0.8478 0.0811 
   HI_SS0193  4 0.0064 0.0013 0.0196 0.9425 0.0116 0.0090 0.0096 
   HI_SS0194  4 0.0111 0.0013 0.0108 0.0153 0.0070 0.0042 0.9503 
   HI_SS0195  4 0.2190 0.1193 0.0361 0.0182 0.0754 0.0129 0.5190 
   HI_SS0196  4 0.2451 0.0026 0.0686 0.1823 0.0341 0.4251 0.0421 
   HI_SS0197  4 0.9140 0.0075 0.0068 0.0029 0.0111 0.0063 0.0515 
   HI_SS0198  4 0.0462 0.0104 0.7480 0.0583 0.0258 0.0939 0.0174 
   HI_SS0199  4 0.0179 0.0022 0.0409 0.0237 0.0137 0.8939 0.0076 
   HI_SS0201  4 0.0194 0.0022 0.0185 0.7678 0.0054 0.0697 0.1169 
   HI_SS0215  4 0.5204 0.0027 0.0155 0.0120 0.0046 0.4351 0.0097 
   HI_SS0218  4 0.0055 0.0068 0.0119 0.7347 0.0406 0.1875 0.0130 
   HI_SS0222  4 0.0192 0.0042 0.0110 0.0137 0.0642 0.8682 0.0196 
   HI_SS0230  4 0.7365 0.0049 0.1364 0.0122 0.0437 0.0184 0.0479 
   HI_SS0234  4 0.1098 0.1318 0.0168 0.0082 0.0165 0.6930 0.0238 
   HI_SS0240  4 0.0639 0.0069 0.1224 0.0127 0.1063 0.6758 0.0120 
   HI_SS0241  4 0.0079 0.0019 0.0083 0.0227 0.0145 0.5711 0.3736 
   HI_SS0242  4 0.0472 0.0037 0.0157 0.0383 0.2628 0.6149 0.0175 
   HI_SS0247  4 0.3669 0.0195 0.4373 0.0184 0.0074 0.0054 0.1451 
   HI_SS0248  4 0.0126 0.0007 0.0254 0.8168 0.0364 0.1013 0.0067 
   HI_SS0252  4 0.7329 0.0026 0.1483 0.0190 0.0123 0.0246 0.0604 
   HI_SS0254  4 0.3353 0.0942 0.0280 0.3634 0.0475 0.0589 0.0728 
   HI_SS0256  4 0.2145 0.0012 0.0189 0.0029 0.0134 0.0062 0.7429 
   HI_SS0257  4 0.0537 0.0029 0.1061 0.0264 0.0104 0.7662 0.0342 
   HI_SS0258  4 0.0236 0.0051 0.0117 0.8548 0.0212 0.0688 0.0148 
   HI_SS0259  4 0.0684 0.0024 0.2612 0.0086 0.0982 0.0190 0.5421 
   HI_SS0260  4 0.1040 0.0015 0.1589 0.4874 0.0917 0.1296 0.0270 
   HI_SS0261  4 0.3197 0.0032 0.0253 0.2334 0.0423 0.1564 0.2197 
   HI_SS0262  4 0.0970 0.0080 0.0283 0.0090 0.6825 0.1282 0.0472 
   HI_SS0264  4 0.7854 0.0041 0.0171 0.0158 0.0711 0.0071 0.0993 
   HI_SS0265  4 0.0782 0.0922 0.0115 0.0107 0.1751 0.0249 0.6074 
   HI_SS0268  4 0.0559 0.0033 0.0108 0.8592 0.0176 0.0237 0.0296 
   HI_SS0269  4 0.0082 0.0016 0.0172 0.0335 0.0052 0.8799 0.0544 
   HI_SS0273  4 0.0237 0.0018 0.0424 0.8209 0.0242 0.0566 0.0303 
   HI_SS0277  4 0.8430 0.0022 0.0534 0.0062 0.0148 0.0465 0.0339 
   HI_SS0280  4 0.0519 0.0051 0.6445 0.0831 0.1650 0.0182 0.0322 
   HI_SS0282  4 0.0256 0.0013 0.8901 0.0424 0.0073 0.0089 0.0244 
   HI_SS0286  4 0.0828 0.0066 0.0103 0.0255 0.0093 0.8353 0.0302 
   NS_SS1252  5 0.0104 0.0029 0.0056 0.0320 0.0070 0.9370 0.0049 
   NS_SS1261  5 0.8592 0.0148 0.0276 0.0150 0.0236 0.0243 0.0355 
   NS_SS1225  5 0.0536 0.0771 0.0674 0.0209 0.0068 0.0422 0.7320 
   NS_SS1266  5 0.4765 0.0080 0.0760 0.0049 0.0123 0.0094 0.4129 
   NS_SS1228  5 0.0393 0.0168 0.1840 0.0093 0.7316 0.0064 0.0126 
   NS_SS1255  5 0.0178 0.0015 0.2358 0.0628 0.5742 0.0595 0.0484 
   NS_SS1267  5 0.0045 0.0084 0.0055 0.0157 0.0078 0.9537 0.0044 
   NS_SS1238  5 0.0211 0.0024 0.0072 0.9099 0.0253 0.0054 0.0287 
   NS_SS1233  5 0.0495 0.0017 0.0807 0.4693 0.0253 0.0157 0.3579 
   NS_SS1277  5 0.0074 0.0010 0.0161 0.5745 0.2899 0.1016 0.0097 
   NS_SS1245  5 0.0395 0.0025 0.0304 0.0956 0.0263 0.6722 0.1335 
   NS_SS1240  5 0.0166 0.0013 0.0068 0.1705 0.0053 0.7899 0.0095 
   NS_SS1275  5 0.0190 0.0024 0.0060 0.0040 0.0256 0.0103 0.9327 
   NS_SS1235  5 0.0234 0.0050 0.0181 0.0461 0.0110 0.0202 0.8761 
   NS_SS1263  5 0.0239 0.0010 0.6161 0.0172 0.0693 0.0225 0.2501 
   NS_SS1251  5 0.6509 0.0017 0.2785 0.0082 0.0192 0.0204 0.0211 
   NS_SS1248  5 0.0695 0.1253 0.0218 0.6906 0.0398 0.0164 0.0364 
   NS_SS1244  5 0.0377 0.0047 0.0287 0.3939 0.0069 0.0285 0.4997 
   NS_SS1257  5 0.0248 0.0211 0.0409 0.0810 0.0121 0.8096 0.0105 
   NS_SS1242  5 0.0766 0.0030 0.0243 0.0122 0.7219 0.0123 0.1497 
   NS_SS1271  5 0.0092 0.0355 0.0401 0.4541 0.2355 0.2100 0.0156 
   NS_SS1265  5 0.1852 0.0195 0.0123 0.3110 0.0774 0.3271 0.0675 
   NS_SS1243  5 0.1363 0.1032 0.2050 0.2110 0.2007 0.0436 0.1002 
   NS_SS1273  5 0.0170 0.0086 0.0084 0.0092 0.9307 0.0074 0.0189 
   NS_SS1254  5 0.0235 0.0058 0.8304 0.0052 0.0344 0.0280 0.0727 
   NS_SS1224  5 0.1694 0.0111 0.2795 0.0075 0.1097 0.0589 0.3638 
   NS_SS1227  5 0.0665 0.0015 0.1453 0.1241 0.6114 0.0207 0.0306 
   NS_SS1274  5 0.0132 0.0147 0.7703 0.0551 0.0066 0.0913 0.0488 
   NS_SS1241  5 0.2173 0.0011 0.1055 0.6192 0.0120 0.0092 0.0356 
   NS_SS1256  5 0.2426 0.0495 0.0126 0.0508 0.0147 0.0234 0.6064 
   NS_SS1260  5 0.0610 0.0565 0.0310 0.0215 0.0107 0.7978 0.0215 
   NS_SS1262  5 0.6101 0.1630 0.0616 0.0649 0.0261 0.0315 0.0428 
   NS_SS1230  5 0.4416 0.0080 0.0188 0.4471 0.0198 0.0269 0.0378 
   NS_SS1270  5 0.5531 0.0021 0.0229 0.0255 0.0097 0.0072 0.3796 
   NS_SS1229  5 0.9513 0.0030 0.0103 0.0054 0.0049 0.0067 0.0184 
   NS_SS1246  5 0.0250 0.0033 0.0394 0.0519 0.0874 0.3494 0.4435 
   NS_SS1269  5 0.2960 0.0026 0.1196 0.0654 0.0339 0.3972 0.0853 
   NS_SS1239  5 0.0527 0.0058 0.2711 0.0170 0.3857 0.2402 0.0276 
   NS_SS1272  5 0.1399 0.0053 0.0076 0.0082 0.0133 0.0156 0.8100 
   NS_SS1268  5 0.0260 0.0021 0.5098 0.0406 0.2362 0.0081 0.1773 
   NS_SS1249  5 0.0140 0.0108 0.0105 0.2857 0.0183 0.6366 0.0242 
   HI_SS0559  6 0.0162 0.0015 0.7545 0.0883 0.0665 0.0560 0.0170 
   HI_SS0563  6 0.1063 0.0028 0.3113 0.1876 0.0404 0.3251 0.0266 
   HI_SS0564  6 0.0123 0.0467 0.7951 0.0081 0.0295 0.0151 0.0931 
   HI_SS0565  6 0.2121 0.0031 0.1271 0.0830 0.1251 0.1079 0.3417 
   HI_SS0569  6 0.3463 0.0020 0.0267 0.5441 0.0065 0.0193 0.0552 
   HI_SS0570  6 0.0170 0.0400 0.0087 0.8962 0.0120 0.0111 0.0150 
   HI_SS0572  6 0.0162 0.0031 0.0555 0.0085 0.1919 0.3408 0.3840 
   HI_SS0576  6 0.3995 0.0060 0.0570 0.0510 0.4379 0.0399 0.0087 
   HI_SS0579  6 0.3748 0.0126 0.3943 0.0874 0.0140 0.0423 0.0745 
   HI_SS0580  6 0.0078 0.0032 0.0322 0.0202 0.3231 0.5936 0.0198 
   HI_SS0581  6 0.0584 0.0693 0.0213 0.0107 0.0217 0.0174 0.8012 
   HI_SS0583  6 0.0456 0.0022 0.0088 0.0187 0.0965 0.8055 0.0228 
   HI_SS0586  6 0.0170 0.0009 0.0496 0.7667 0.0201 0.1266 0.0191 
   HI_SS0588  6 0.1031 0.0183 0.0266 0.1142 0.0233 0.6516 0.0629 
   HI_SS0595  6 0.1575 0.0315 0.0715 0.2867 0.2390 0.1901 0.0238 
   HI_SS0596  6 0.0165 0.0018 0.0248 0.0083 0.9119 0.0087 0.0279 
   HI_SS0597  6 0.6833 0.0020 0.0440 0.0141 0.1157 0.0406 0.1001 
   HI_SS0600  6 0.4169 0.0030 0.3919 0.0204 0.0087 0.1336 0.0256 
   HI_SS0601  6 0.4488 0.0123 0.4511 0.0130 0.0136 0.0099 0.0512 
   HI_SS0602  6 0.6494 0.0021 0.0131 0.0254 0.0558 0.2335 0.0207 
   HI_SS0604  6 0.5218 0.0019 0.0296 0.0540 0.0663 0.2709 0.0555 
   HI_SS0605  6 0.0180 0.0069 0.0213 0.0089 0.0113 0.9280 0.0056 
   HI_SS0608  6 0.0123 0.0011 0.0209 0.0302 0.9208 0.0064 0.0084 
   HI_SS0609  6 0.1059 0.0008 0.2484 0.0369 0.0525 0.0308 0.5247 
   HI_SS0611  6 0.0157 0.0027 0.0359 0.0501 0.1561 0.7289 0.0106 
   HI_SS0612  6 0.0617 0.0058 0.7850 0.0174 0.0122 0.0222 0.0958 
   HI_SS0613  6 0.0838 0.0016 0.0826 0.0234 0.2069 0.4993 0.1024 
   HI_SS0615  6 0.1978 0.0133 0.0416 0.0196 0.6258 0.0824 0.0196 
   HI_SS0001  6 0.0087 0.0036 0.0227 0.0233 0.0098 0.4463 0.4856 
   HI_SS0002  6 0.4904 0.0276 0.0190 0.0067 0.0192 0.0190 0.4180 
   HI_SS0004  6 0.0108 0.0064 0.0239 0.6945 0.0264 0.1782 0.0599 
   HI_SS0005  6 0.3822 0.0069 0.0408 0.2842 0.1537 0.0810 0.0513 
   HI_SS0006  6 0.0788 0.0014 0.0353 0.0146 0.0066 0.2821 0.5813 
   HI_SS0007  6 0.0105 0.0026 0.0192 0.7289 0.0742 0.1457 0.0189 
   HI_SS0008  6 0.7244 0.0388 0.0757 0.0172 0.1001 0.0298 0.0140 
   HI_SS0009  6 0.0253 0.0048 0.0869 0.0465 0.7901 0.0317 0.0147 
   HI_SS0010  6 0.0545 0.0032 0.0405 0.7392 0.1378 0.0126 0.0121 
   HI_SS0011  6 0.4674 0.0844 0.0210 0.1998 0.0596 0.0062 0.1615 
   HI_SS0012  6 0.1349 0.0061 0.6037 0.0068 0.0977 0.1301 0.0207 
   HI_SS0017  6 0.0371 0.0021 0.0159 0.0806 0.5396 0.0095 0.3153 
   HI_SS0021  6 0.0898 0.2409 0.0049 0.2195 0.2940 0.0716 0.0793 
   HI_SS0024  6 0.0137 0.0020 0.0342 0.1134 0.6160 0.0144 0.2064 
   HI_SS0025  6 0.0134 0.0030 0.0131 0.0082 0.7608 0.0541 0.1475 
   HI_SS0027  6 0.0187 0.0129 0.3124 0.5937 0.0112 0.0431 0.0079 
   HI_SS0028  6 0.0224 0.0023 0.0143 0.0122 0.8952 0.0055 0.0481 
   HI_SS0029  6 0.0101 0.0063 0.0250 0.0091 0.9220 0.0196 0.0079 
   HI_SS0030  6 0.0347 0.0057 0.0606 0.0442 0.1302 0.1208 0.6036 
   HI_SS0031  6 0.9100 0.0030 0.0451 0.0095 0.0139 0.0118 0.0067 
   HI_SS0034  6 0.0820 0.0044 0.1341 0.0209 0.0083 0.7047 0.0457 
   HI_SS0036  6 0.0201 0.0128 0.0209 0.3661 0.0648 0.4001 0.1152 
   HI_SS0037  6 0.0209 0.0041 0.1052 0.6697 0.0250 0.1498 0.0254 
   HI_SS0039  6 0.0640 0.0030 0.0177 0.1356 0.7512 0.0097 0.0188 
   HI_SS0041  6 0.0181 0.0019 0.0332 0.0052 0.8351 0.0342 0.0723 
   HI_SS0042  6 0.0400 0.1243 0.0202 0.0060 0.6882 0.0691 0.0523 
   HI_SS0043  6 0.0130 0.0031 0.0991 0.7849 0.0094 0.0653 0.0252 
   HI_SS0044  6 0.0143 0.0027 0.0094 0.1035 0.8285 0.0280 0.0137 
   HI_SS0047  6 0.8743 0.0020 0.0156 0.0058 0.0122 0.0268 0.0633 
   HI_SS0049  6 0.0251 0.0036 0.0137 0.0232 0.2401 0.0153 0.6791 
   HI_SS0051  6 0.0764 0.0024 0.0370 0.0216 0.0090 0.8240 0.0298 
   HI_SS0053  6 0.0738 0.0051 0.1883 0.3443 0.0502 0.2063 0.1320 
   HI_SS0054  6 0.0332 0.0041 0.0140 0.7768 0.0182 0.0101 0.1435 
   HI_SS0057  6 0.0124 0.0029 0.0122 0.0134 0.0112 0.0085 0.9395 
   HI_SS0058  6 0.0146 0.0072 0.0193 0.0502 0.0187 0.3702 0.5198 
   HI_SS0060  6 0.1339 0.1062 0.0427 0.5357 0.0586 0.0429 0.0800 
   HI_SS0087  6 0.4190 0.0024 0.0290 0.2177 0.0191 0.2082 0.1046 
   HI_SS0091  6 0.0650 0.0012 0.2800 0.0122 0.0065 0.4176 0.2174 
   HI_SS0095  6 0.0365 0.0493 0.1434 0.0056 0.0138 0.6652 0.0862 
   HI_SS0097  6 0.5392 0.0044 0.4064 0.0163 0.0077 0.0110 0.0150 
   HI_SS0099  6 0.0090 0.0036 0.0052 0.0054 0.9571 0.0117 0.0080 
   HI_SS0103  6 0.1654 0.0030 0.0839 0.0086 0.0128 0.0680 0.6582 
   HI_SS0105  6 0.5672 0.0263 0.2257 0.0217 0.0139 0.0085 0.1366 
   HI_SS0107  6 0.0133 0.0010 0.0204 0.0054 0.0629 0.0093 0.8878 
   HI_SS0108  6 0.0168 0.0243 0.0264 0.7460 0.0071 0.1729 0.0064 
   HI_SS0110  6 0.8140 0.0010 0.1006 0.0078 0.0184 0.0314 0.0268 
   HI_SS0111  6 0.0353 0.0295 0.0442 0.0096 0.0280 0.7068 0.1466 
   HI_SS0112  6 0.0032 0.0011 0.0064 0.9782 0.0040 0.0038 0.0034 
   HI_SS0113  6 0.0744 0.0034 0.0170 0.0072 0.0290 0.0346 0.8344 
   HI_SS0114  6 0.0476 0.0061 0.0881 0.0956 0.0160 0.7348 0.0118 
   HI_SS0115  6 0.0072 0.0140 0.7087 0.0386 0.0946 0.1289 0.0080 
   HI_SS0116  6 0.0113 0.0026 0.0147 0.0233 0.9023 0.0377 0.0081 
   HI_SS0117  6 0.6438 0.0022 0.0247 0.1372 0.0077 0.0140 0.1703 
   HI_SS0118  6 0.0311 0.0119 0.0431 0.0504 0.1789 0.6053 0.0793 
   HI_SS0119  6 0.0391 0.0019 0.8106 0.0263 0.0045 0.0633 0.0543 
   HI_SS0120  6 0.0057 0.0031 0.0051 0.0048 0.0070 0.0092 0.9651 
   HI_SS0121  6 0.1494 0.0020 0.0612 0.0070 0.1196 0.0244 0.6364 
   HI_SS0122  6 0.0449 0.0227 0.0535 0.2114 0.1506 0.0687 0.4483 
   HI_SS0123  6 0.0262 0.0043 0.6091 0.0058 0.0104 0.0859 0.2584 
   HI_SS0124  6 0.0177 0.0030 0.2757 0.0078 0.6668 0.0084 0.0206 
   HI_SS0125  6 0.0671 0.0422 0.0125 0.0063 0.7835 0.0719 0.0165 
   HI_SS0126  6 0.0178 0.0008 0.0102 0.7575 0.1175 0.0923 0.0037 
   HI_SS0127  6 0.0477 0.0085 0.0330 0.0438 0.1244 0.1082 0.6345 
   HI_SS0128  6 0.6709 0.0033 0.0167 0.0616 0.2019 0.0341 0.0115 
   HI_SS0129  6 0.0186 0.0107 0.0121 0.1148 0.0357 0.7517 0.0563 
   HI_SS0131  6 0.0173 0.0299 0.0071 0.9255 0.0097 0.0048 0.0057 
   HI_SS0132  6 0.0639 0.0006 0.6037 0.1118 0.0585 0.0519 0.1096 
   HI_SS0133  6 0.0048 0.0014 0.0031 0.9768 0.0048 0.0049 0.0043 
   HI_SS0134  6 0.5736 0.0027 0.1313 0.0793 0.0319 0.0483 0.1327 
   HI_SS0142  6 0.9225 0.0140 0.0124 0.0055 0.0070 0.0149 0.0236 
   HI_SS0145  6 0.1419 0.0014 0.6738 0.0369 0.0459 0.0825 0.0176 
   HI_SS0146  6 0.0111 0.0014 0.0201 0.9212 0.0305 0.0073 0.0084 
   HI_SS0147  6 0.7070 0.0231 0.0514 0.0058 0.0993 0.0136 0.0999 
   HI_SS0149  6 0.0681 0.0045 0.0233 0.1087 0.0364 0.0063 0.7527 
   HI_SS0150  6 0.0820 0.0054 0.0881 0.0542 0.1740 0.0922 0.5041 
   HI_SS0151  6 0.0087 0.0117 0.0610 0.0156 0.0114 0.8756 0.0161 
   NS_SS1451  6 0.0147 0.0043 0.4196 0.0154 0.2981 0.0088 0.2391 
   NS_SS1404  6 0.0471 0.0108 0.0657 0.0112 0.6818 0.0268 0.1566 
   NS_SS1432  6 0.0192 0.0405 0.0153 0.0052 0.8964 0.0089 0.0145 
   NS_SS1405  6 0.0330 0.0029 0.0805 0.1833 0.6111 0.0622 0.0270 
   NS_SS1431  6 0.0933 0.0011 0.0435 0.0189 0.4940 0.0237 0.3254 
   NS_SS1402  6 0.0391 0.0026 0.4496 0.0188 0.0357 0.1109 0.3431 
   NS_SS1450  6 0.0248 0.0042 0.4467 0.1802 0.0143 0.0957 0.2340 
   NS_SS1396  6 0.7142 0.0049 0.1346 0.0470 0.0571 0.0160 0.0263 
   NS_SS1393  6 0.0428 0.0030 0.0223 0.0069 0.0106 0.9071 0.0073 
   NS_SS1392  6 0.0318 0.0210 0.0262 0.0305 0.6391 0.1751 0.0763 
   NS_SS1445  6 0.3458 0.0107 0.0150 0.1953 0.0901 0.2971 0.0461 
   NS_SS1423  6 0.1224 0.0018 0.0309 0.5585 0.0692 0.0755 0.1417 
   NS_SS1421  6 0.0073 0.0925 0.0298 0.6823 0.0074 0.0161 0.1645 
   NS_SS1411  6 0.0308 0.0015 0.0156 0.9124 0.0160 0.0153 0.0083 
   NS_SS1453  6 0.1212 0.0075 0.0264 0.0894 0.0307 0.4905 0.2342 
   NS_SS1442  6 0.3407 0.0035 0.0226 0.3715 0.0337 0.1479 0.0801 
   NS_SS1422  6 0.0179 0.0107 0.9127 0.0082 0.0107 0.0172 0.0227 
   NS_SS1419  6 0.1049 0.1778 0.1824 0.0386 0.2439 0.0147 0.2377 
   NS_SS1427  6 0.0050 0.0019 0.0053 0.4333 0.0180 0.5207 0.0158 
   NS_SS1444  6 0.0542 0.0036 0.0108 0.0184 0.7519 0.0966 0.0645 
   NS_SS1455  6 0.0853 0.0015 0.3249 0.0197 0.0773 0.0357 0.4556 
   NS_SS1425  6 0.0147 0.0014 0.0256 0.9325 0.0052 0.0132 0.0074 
   NS_SS1400  6 0.0117 0.0015 0.0101 0.9468 0.0072 0.0063 0.0162 
   NS_SS1406  6 0.5007 0.0086 0.3568 0.0058 0.0088 0.0075 0.1117 
   NS_SS1417  6 0.0090 0.0060 0.0120 0.0721 0.0086 0.0087 0.8836 
   NS_SS1454  6 0.1365 0.0012 0.0477 0.4723 0.0481 0.0248 0.2694 
   NS_SS1412  6 0.2630 0.0248 0.1812 0.0937 0.1455 0.2144 0.0773 
   NS_SS1438  6 0.0140 0.0013 0.0874 0.0397 0.0090 0.8240 0.0247 
   NS_SS1416  6 0.0112 0.0048 0.9084 0.0043 0.0442 0.0124 0.0147 
   NS_SS1401  6 0.6992 0.0125 0.0805 0.1113 0.0277 0.0142 0.0547 
   NS_SS1424  6 0.4767 0.0143 0.3495 0.0772 0.0459 0.0149 0.0213 
   NS_SS1435  6 0.2151 0.0031 0.0149 0.4737 0.2649 0.0157 0.0126 
   NS_SS1447  6 0.1300 0.0079 0.0124 0.0296 0.1025 0.0486 0.6691 
   NS_SS1414  6 0.0188 0.0073 0.0167 0.0184 0.2595 0.0119 0.6673 
   NS_SS1449  6 0.0046 0.0027 0.9355 0.0063 0.0032 0.0054 0.0424 
   NS_SS1443  6 0.0750 0.0017 0.7721 0.0646 0.0070 0.0474 0.0321 
   NS_SS1434  6 0.0235 0.0008 0.0413 0.0848 0.1256 0.6570 0.0671 
   NS_SS1398  6 0.0416 0.0266 0.0221 0.2260 0.1469 0.4700 0.0668 
   NS_SS1426  6 0.0585 0.0021 0.0262 0.4194 0.0158 0.4536 0.0244 
   NS_SS1413  6 0.0060 0.0108 0.0071 0.9409 0.0119 0.0093 0.0141 
   NS_SS1395  6 0.2813 0.0116 0.1222 0.0433 0.0156 0.3343 0.1917 
   NS_SS1448  6 0.0199 0.0022 0.0078 0.8843 0.0423 0.0125 0.0310 
   NS_SS1446  6 0.0365 0.0026 0.0126 0.0233 0.0135 0.7826 0.1290 
   NS_SS1403  6 0.3570 0.0055 0.1561 0.0083 0.0721 0.3455 0.0555 
   NS_SS1415  6 0.0605 0.0090 0.0117 0.8841 0.0139 0.0164 0.0044 
   NS_SS1437  6 0.1381 0.0074 0.1100 0.0473 0.6395 0.0183 0.0394 
   NS_SS1439  6 0.8699 0.0023 0.0466 0.0044 0.0058 0.0273 0.0437 
   NS_SS1441  6 0.5471 0.0021 0.2691 0.0734 0.0124 0.0662 0.0296 
   NS_SS1420  6 0.0088 0.0027 0.0936 0.0044 0.8737 0.0110 0.0059 
   NS_SS1394  6 0.0297 0.0419 0.2871 0.0129 0.5139 0.0195 0.0949 
   NS_SS1391  6 0.5105 0.0146 0.0277 0.0946 0.1449 0.1263 0.0813 
   NS_SS1410  6 0.3442 0.0185 0.0344 0.1336 0.0624 0.3662 0.0406 
   NS_SS1408  6 0.2095 0.0565 0.0766 0.0209 0.0218 0.4199 0.1946 
   NS_SS1409  6 0.4095 0.0023 0.0464 0.0135 0.0370 0.4782 0.0131 
   HI_SS0617  7 0.0077 0.0012 0.0828 0.0030 0.0133 0.8748 0.0173 
   HI_SS0618  7 0.0225 0.0025 0.7124 0.0121 0.1301 0.1089 0.0115 
   HI_SS0619  7 0.0247 0.0039 0.0336 0.0282 0.8113 0.0482 0.0501 
   HI_SS0620  7 0.0070 0.0030 0.0361 0.8003 0.0086 0.1323 0.0128 
   HI_SS0621  7 0.1174 0.0174 0.1457 0.0098 0.0995 0.3639 0.2463 
   HI_SS0622  7 0.0541 0.0168 0.0542 0.4959 0.1610 0.0202 0.1977 
   HI_SS0626  7 0.0302 0.0107 0.0403 0.0637 0.7874 0.0372 0.0305 
   HI_SS0627  7 0.7471 0.0097 0.0206 0.0191 0.0634 0.0397 0.1004 
   HI_SS0628  7 0.0194 0.0565 0.0149 0.2491 0.0818 0.5516 0.0268 
   HI_SS0629  7 0.1775 0.0058 0.0258 0.0473 0.2332 0.2117 0.2987 
   HI_SS0630  7 0.0096 0.0710 0.0465 0.3596 0.1757 0.3260 0.0117 
   HI_SS0631  7 0.0202 0.0009 0.0171 0.8743 0.0183 0.0574 0.0120 
   HI_SS0632  7 0.0370 0.0030 0.1029 0.7820 0.0340 0.0176 0.0236 
   HI_SS0633  7 0.0462 0.0029 0.0147 0.0067 0.9028 0.0182 0.0084 
   HI_SS0634  7 0.2603 0.0022 0.1896 0.0553 0.1534 0.2303 0.1091 
   HI_SS0635  7 0.6169 0.0097 0.0896 0.0666 0.1694 0.0374 0.0104 
   HI_SS0637  7 0.1270 0.0026 0.0478 0.0054 0.0055 0.8016 0.0099 
   HI_SS0638  7 0.1609 0.0014 0.1413 0.5692 0.0636 0.0229 0.0407 
   HI_SS0639  7 0.0363 0.0458 0.1216 0.0080 0.7394 0.0186 0.0303 
   HI_SS0640  7 0.4267 0.0021 0.1826 0.0815 0.1906 0.1024 0.0140 
   HI_SS0641  7 0.0186 0.0068 0.0181 0.0577 0.0634 0.8259 0.0095 
   HI_SS0642  7 0.0831 0.0028 0.2602 0.0280 0.0556 0.0098 0.5606 
   HI_SS0645  7 0.0051 0.0009 0.4145 0.0106 0.5594 0.0048 0.0047 
   HI_SS0646  7 0.8544 0.0024 0.0138 0.0116 0.0121 0.0711 0.0345 
   HI_SS0647  7 0.0099 0.0013 0.0140 0.0786 0.0179 0.0133 0.8651 
   HI_SS0648  7 0.1736 0.0026 0.5805 0.0306 0.1754 0.0260 0.0114 
   HI_SS0649  7 0.0683 0.0019 0.0268 0.0138 0.3853 0.4712 0.0326 
   HI_SS0650  7 0.0204 0.0043 0.0415 0.0071 0.0181 0.8460 0.0627 
   HI_SS0651  7 0.0352 0.0044 0.7124 0.0135 0.0540 0.1158 0.0647 
   HI_SS0652  7 0.0719 0.0038 0.0233 0.0094 0.8047 0.0327 0.0542 
   NS_SS1371  7 0.0819 0.0062 0.0405 0.0125 0.0202 0.8187 0.0200 
   NS_SS1374  7 0.0196 0.0024 0.0465 0.6523 0.1730 0.0670 0.0393 
   NS_SS1337  7 0.0357 0.0031 0.0251 0.0137 0.0075 0.0237 0.8912 
   NS_SS1385  7 0.5607 0.0042 0.1858 0.0159 0.1365 0.0437 0.0531 
   NS_SS1388  7 0.0105 0.0071 0.0077 0.0247 0.9201 0.0136 0.0163 
   NS_SS1370  7 0.0392 0.0128 0.7149 0.0744 0.0425 0.0287 0.0876 
   NS_SS1389  7 0.0147 0.0039 0.0054 0.0085 0.9496 0.0083 0.0095 
   NS_SS1360  7 0.1221 0.0046 0.4002 0.3477 0.0173 0.0938 0.0144 
   NS_SS1330  7 0.4429 0.0036 0.4393 0.0065 0.0101 0.0840 0.0137 
   NS_SS1328  7 0.0149 0.0025 0.0178 0.8329 0.0334 0.0364 0.0620 
   NS_SS1384  7 0.2999 0.0042 0.1377 0.0225 0.0219 0.2924 0.2214 
   NS_SS1381  7 0.0206 0.0010 0.3272 0.0058 0.0150 0.2542 0.3763 
   NS_SS1375  7 0.0445 0.0011 0.0271 0.0207 0.8926 0.0090 0.0050 
   NS_SS1319  7 0.1144 0.1048 0.0632 0.0200 0.0900 0.5195 0.0882 
   NS_SS1326  7 0.0063 0.0073 0.0057 0.9486 0.0152 0.0116 0.0054 
   NS_SS1341  7 0.0460 0.0033 0.0083 0.0106 0.0053 0.0288 0.8978 
   NS_SS1383  7 0.7045 0.0044 0.0116 0.1120 0.0227 0.1163 0.0284 
   NS_SS1318  7 0.0133 0.0151 0.0142 0.0540 0.0424 0.3395 0.5216 
   NS_SS1348  7 0.0151 0.0015 0.0126 0.9192 0.0116 0.0255 0.0145 
   NS_SS1363  7 0.8288 0.0033 0.0988 0.0196 0.0274 0.0138 0.0082 
   NS_SS1335  7 0.0775 0.0329 0.3567 0.4470 0.0067 0.0675 0.0117 
   NS_SS1358  7 0.0539 0.0155 0.6622 0.0478 0.0029 0.0297 0.1881 
   NS_SS1342  7 0.0585 0.0015 0.0155 0.0127 0.0106 0.2226 0.6786 
   NS_SS1320  7 0.0119 0.0068 0.0128 0.0048 0.2265 0.0095 0.7277 
   NS_SS1355  7 0.1720 0.0105 0.0152 0.0040 0.0963 0.4112 0.2909 
   NS_SS1345  7 0.0475 0.0185 0.3290 0.0316 0.0145 0.0476 0.5114 
   NS_SS1324  7 0.0316 0.0023 0.0308 0.5246 0.0735 0.2884 0.0488 
   NS_SS1347  7 0.4877 0.0038 0.3401 0.0164 0.0442 0.0892 0.0185 
   NS_SS1321  7 0.5013 0.0012 0.1550 0.1313 0.0428 0.1353 0.0330 
   NS_SS1333  7 0.0427 0.0032 0.0061 0.0310 0.7919 0.0517 0.0733 
   NS_SS1364  7 0.0478 0.0023 0.0786 0.6663 0.0088 0.0147 0.1815 
   NS_SS1379  7 0.0089 0.0369 0.8487 0.0069 0.0071 0.0116 0.0798 
   NS_SS1332  7 0.0136 0.0073 0.0030 0.9412 0.0206 0.0059 0.0086 
   NS_SS1338  7 0.0118 0.0076 0.8750 0.0247 0.0223 0.0244 0.0342 
   NS_SS1368  7 0.2558 0.0048 0.0156 0.5736 0.0816 0.0214 0.0472 
   NS_SS1354  7 0.3613 0.0133 0.0204 0.0255 0.0398 0.0695 0.4702 
   NS_SS1365  7 0.1759 0.0087 0.0272 0.0757 0.6063 0.0590 0.0471 
   NS_SS1380  7 0.0127 0.0156 0.0293 0.0041 0.0105 0.0288 0.8989 
   NS_SS1329  7 0.2425 0.0028 0.0442 0.1012 0.0099 0.0253 0.5741 
   NS_SS1362  7 0.6276 0.0041 0.0178 0.0333 0.0127 0.1520 0.1524 
   NS_SS1327  7 0.0064 0.0030 0.0059 0.9479 0.0061 0.0275 0.0032 
   NS_SS1350  7 0.0069 0.0092 0.0185 0.0076 0.0209 0.9265 0.0104 
   NS_SS1387  7 0.3760 0.0028 0.0446 0.0228 0.4877 0.0285 0.0376 
   NS_SS1369  7 0.0145 0.0041 0.1253 0.6213 0.0228 0.1788 0.0332 
   NS_SS1331  7 0.0468 0.0109 0.1514 0.2545 0.4492 0.0330 0.0543 
   NS_SS1357  7 0.0721 0.0035 0.0221 0.0202 0.1889 0.4705 0.2227 
   NS_SS1386  7 0.0059 0.0028 0.0090 0.9387 0.0046 0.0073 0.0318 
   NS_SS1353  7 0.6028 0.0046 0.0105 0.0774 0.0955 0.0145 0.1947 
   NS_SS1323  7 0.2395 0.0635 0.0317 0.0077 0.0355 0.0082 0.6139 
   HI_SS0296  8 0.0223 0.0021 0.4103 0.3994 0.0255 0.1223 0.0181 
   HI_SS0297  8 0.2268 0.0009 0.2225 0.1234 0.0889 0.1689 0.1687 
   HI_SS0299  8 0.0205 0.0250 0.0543 0.0260 0.0095 0.7653 0.0993 
   HI_SS0300  8 0.0081 0.0010 0.9094 0.0520 0.0094 0.0141 0.0059 
   HI_SS0301  8 0.6950 0.0040 0.0296 0.0855 0.0803 0.0375 0.0680 
   HI_SS0302  8 0.0099 0.0214 0.0077 0.9367 0.0100 0.0065 0.0078 
   HI_SS0303  8 0.0102 0.0073 0.0225 0.8709 0.0189 0.0362 0.0340 
   HI_SS0304  8 0.1061 0.0027 0.0394 0.1619 0.6265 0.0156 0.0479 
   HI_SS0306  8 0.0072 0.0033 0.0070 0.9643 0.0063 0.0067 0.0052 
   HI_SS0307  8 0.4589 0.0083 0.0504 0.0045 0.3896 0.0723 0.0159 
   HI_SS0308  8 0.0852 0.0836 0.5420 0.2338 0.0271 0.0137 0.0145 
   HI_SS0309  8 0.0134 0.0027 0.9391 0.0041 0.0091 0.0227 0.0090 
   HI_SS0310  8 0.0607 0.0075 0.0342 0.6597 0.1134 0.0499 0.0746 
   HI_SS0311  8 0.0994 0.0023 0.0585 0.1434 0.3906 0.0114 0.2945 
   HI_SS0314  8 0.0273 0.0013 0.0150 0.0288 0.8993 0.0067 0.0216 
   HI_SS0316  8 0.3510 0.0037 0.2685 0.0156 0.2572 0.0688 0.0351 
   HI_SS0317  8 0.5762 0.0021 0.2412 0.0246 0.0452 0.0799 0.0308 
   HI_SS0318  8 0.1161 0.2024 0.0881 0.5311 0.0068 0.0488 0.0068 
   HI_SS0319  8 0.0365 0.0039 0.0131 0.2336 0.0106 0.6510 0.0512 
   HI_SS0320  8 0.3451 0.0008 0.0133 0.0041 0.5896 0.0127 0.0344 
   HI_SS0321  8 0.0234 0.0020 0.0930 0.0265 0.0123 0.8335 0.0092 
   HI_SS0323  8 0.0082 0.0016 0.0059 0.0101 0.0459 0.9126 0.0157 
   HI_SS0325  8 0.0312 0.0020 0.0160 0.8789 0.0423 0.0199 0.0096 
   HI_SS0327  8 0.0446 0.0013 0.0182 0.0536 0.0067 0.8541 0.0214 
   HI_SS0329  8 0.0236 0.0013 0.0517 0.0604 0.1762 0.0932 0.5936 
   HI_SS0333  8 0.5428 0.0027 0.1197 0.1223 0.1347 0.0661 0.0119 
   HI_SS0334  8 0.0223 0.0013 0.8336 0.0122 0.0049 0.1178 0.0079 
   HI_SS0335  8 0.0304 0.0181 0.0237 0.0069 0.0066 0.2004 0.7138 
   HI_SS0339  8 0.6296 0.0125 0.0168 0.0221 0.2276 0.0183 0.0731 
   HI_SS0343  8 0.9284 0.0018 0.0092 0.0077 0.0131 0.0064 0.0335 
   HI_SS0344  8 0.0058 0.0025 0.0175 0.9391 0.0036 0.0173 0.0142 
   HI_SS0345  8 0.0517 0.0064 0.1192 0.2183 0.0154 0.0080 0.5810 
   HI_SS0346  8 0.4256 0.0044 0.0396 0.0657 0.1101 0.2174 0.1371 
   HI_SS0350  8 0.0295 0.0083 0.5332 0.0048 0.0506 0.0072 0.3665 
   HI_SS0351  8 0.0333 0.0037 0.0894 0.0170 0.0089 0.0219 0.8258 
   HI_SS0352  8 0.4929 0.1128 0.2866 0.0174 0.0298 0.0189 0.0417 
   HI_SS0362  8 0.0356 0.0026 0.0107 0.5959 0.2753 0.0438 0.0360 
   HI_SS0363  8 0.0132 0.0032 0.0592 0.1663 0.0157 0.6669 0.0755 
   HI_SS0365  8 0.0297 0.0058 0.8156 0.0209 0.0578 0.0525 0.0177 
   HI_SS0366  8 0.1254 0.0013 0.0496 0.2000 0.0118 0.5754 0.0366 
   HI_SS0367  8 0.0895 0.0021 0.0138 0.0034 0.1546 0.0153 0.7212 
   HI_SS0369  8 0.6486 0.0022 0.0294 0.0078 0.1426 0.1081 0.0613 
   HI_SS0370  8 0.0530 0.0028 0.0285 0.0119 0.0062 0.8156 0.0821 
   HI_SS0371  8 0.0074 0.0051 0.0104 0.8844 0.0345 0.0397 0.0185 
   HI_SS0373  8 0.0059 0.0057 0.0058 0.0119 0.9609 0.0058 0.0040 
   HI_SS0374  8 0.0791 0.0285 0.0615 0.0138 0.7713 0.0063 0.0396 
   HI_SS0377  8 0.0667 0.0755 0.4030 0.1691 0.0110 0.0076 0.2672 
   HI_SS0379  8 0.0060 0.0010 0.0067 0.9688 0.0030 0.0076 0.0070 
   HI_SS0380  8 0.1009 0.0094 0.0201 0.0139 0.3733 0.2521 0.2303 
   HI_SS0381  8 0.3463 0.0059 0.2372 0.0281 0.0958 0.0159 0.2708 
   HI_SS0384  8 0.0188 0.0059 0.0032 0.0071 0.0647 0.8903 0.0101 
   HI_SS0385  8 0.0061 0.0014 0.0059 0.9076 0.0639 0.0040 0.0111 
   HI_SS0386  9 0.0020 0.9907 0.0016 0.0013 0.0011 0.0015 0.0018 
   HI_SS0387  9 0.0134 0.9299 0.0111 0.0143 0.0087 0.0093 0.0133 
   HI_SS0389  9 0.0032 0.9789 0.0037 0.0033 0.0030 0.0036 0.0043 
   HI_SS0390  9 0.0018 0.9884 0.0020 0.0021 0.0023 0.0016 0.0017 
   HI_SS0391  9 0.0030 0.9820 0.0038 0.0024 0.0022 0.0030 0.0036 
   HI_SS0392  9 0.0013 0.9901 0.0022 0.0014 0.0016 0.0018 0.0017 
   HI_SS0393  9 0.0020 0.9897 0.0019 0.0021 0.0013 0.0017 0.0014 
   HI_SS0394  9 0.0020 0.9889 0.0015 0.0022 0.0022 0.0016 0.0016 
   HI_SS0395  9 0.0036 0.9757 0.0037 0.0033 0.0046 0.0051 0.0039 
   HI_SS0396  9 0.0086 0.9408 0.0074 0.0074 0.0102 0.0117 0.0139 
   HI_SS0398  9 0.0095 0.9632 0.0070 0.0048 0.0052 0.0059 0.0044 
   HI_SS0399  9 0.0009 0.9936 0.0014 0.0009 0.0009 0.0011 0.0010 
   HI_SS0400  9 0.0027 0.9866 0.0021 0.0019 0.0029 0.0019 0.0019 
   HI_SS0401  9 0.0016 0.9898 0.0015 0.0017 0.0017 0.0019 0.0017 
   HI_SS0402  9 0.0020 0.9911 0.0015 0.0016 0.0013 0.0013 0.0012 
   HI_SS0403  9 0.0015 0.9902 0.0018 0.0015 0.0016 0.0016 0.0018 
   HI_SS0404  9 0.0013 0.9925 0.0009 0.0014 0.0011 0.0015 0.0014 
   HI_SS0405  9 0.0274 0.9136 0.0178 0.0118 0.0093 0.0074 0.0128 
   HI_SS0406  9 0.0025 0.9865 0.0025 0.0022 0.0012 0.0027 0.0024 
   HI_SS0407  9 0.0068 0.9511 0.0062 0.0093 0.0120 0.0046 0.0100 
   HI_SS0408  9 0.0015 0.9923 0.0013 0.0010 0.0013 0.0015 0.0011 
   HI_SS0409  9 0.0035 0.9794 0.0033 0.0032 0.0026 0.0052 0.0028 
   HI_SS0411  9 0.0036 0.9822 0.0026 0.0033 0.0028 0.0031 0.0026 
   HI_SS0412  9 0.0387 0.7952 0.0679 0.0109 0.0177 0.0279 0.0418 
   HI_SS0413  9 0.0023 0.9841 0.0023 0.0024 0.0020 0.0032 0.0037 
   HI_SS0414  9 0.0245 0.9191 0.0083 0.0068 0.0149 0.0103 0.0163 
   HI_SS0415  9 0.0022 0.9874 0.0025 0.0024 0.0016 0.0020 0.0019 
   HI_SS0416  9 0.0034 0.9771 0.0038 0.0052 0.0038 0.0030 0.0037 
   HI_SS0418  9 0.0070 0.9694 0.0052 0.0046 0.0032 0.0053 0.0053 
   HI_SS0419  9 0.0030 0.9813 0.0028 0.0035 0.0035 0.0030 0.0030 
   HI_SS0420  9 0.0020 0.9856 0.0024 0.0029 0.0021 0.0027 0.0022 
   HI_SS0421  9 0.0050 0.9733 0.0052 0.0031 0.0031 0.0050 0.0052 
   HI_SS0422  9 0.0023 0.9888 0.0016 0.0021 0.0017 0.0017 0.0018 
   HI_SS0423  9 0.0044 0.9731 0.0039 0.0056 0.0049 0.0045 0.0036 
   HI_SS0424  9 0.0024 0.9894 0.0016 0.0014 0.0017 0.0019 0.0016 
   HI_SS0425  9 0.0035 0.9779 0.0035 0.0023 0.0062 0.0029 0.0037 
   NS_SS1146 10 0.0024 0.9842 0.0024 0.0028 0.0023 0.0031 0.0027 
   NS_SS1157 10 0.0076 0.9616 0.0088 0.0042 0.0039 0.0075 0.0064 
   NS_SS1144 10 0.0112 0.9028 0.0285 0.0171 0.0074 0.0216 0.0114 
   NS_SS1074 10 0.0039 0.9789 0.0037 0.0036 0.0029 0.0032 0.0038 
   NS_SS1122 10 0.0043 0.9704 0.0056 0.0052 0.0046 0.0057 0.0041 
   NS_SS1136 10 0.0013 0.9927 0.0014 0.0010 0.0013 0.0011 0.0013 
   NS_SS1077 10 0.0006 0.9958 0.0008 0.0008 0.0006 0.0008 0.0006 
   NS_SS1134 10 0.0054 0.9384 0.0187 0.0054 0.0150 0.0078 0.0094 
   NS_SS1091 10 0.0025 0.9849 0.0021 0.0016 0.0031 0.0026 0.0031 
   NS_SS1089 10 0.0021 0.9820 0.0032 0.0032 0.0034 0.0037 0.0025 
   NS_SS1123 10 0.0022 0.9889 0.0017 0.0016 0.0021 0.0018 0.0018 
   NS_SS1158 10 0.0010 0.9936 0.0013 0.0010 0.0010 0.0012 0.0009 
   NS_SS1093 10 0.0025 0.9847 0.0018 0.0029 0.0026 0.0030 0.0025 
