

----------------------------------------------------
STRUCTURE by Pritchard, Stephens and Donnelly (2000)
     and Falush, Stephens and Pritchard (2003)
       Code by Pritchard, Falush and Hubisz
             Version 2.3.4 (Jul 2012)
----------------------------------------------------



Command line arguments:   /home/genobiwan/Documents/Programs/Structure/structure -m parameter_job_k5_r2 
Input File:    /media/genobiwan/Storage/Projets/Mackerel_NWA_2021/data_job_k5_r2

Run parameters:
   629 individuals
   4140 loci
   5 populations assumed
   100000 Burn-in period
   200000 Reps


--------------------------------------------
Proportion of membership of each pre-defined
 population in each of the 5 clusters

Given    Inferred Clusters                     Number of
 Pop       1      2      3      4      5      Individuals

  1:     0.012  0.200  0.259  0.245  0.285       67
  2:     0.009  0.162  0.189  0.305  0.335       32
  3:     0.014  0.214  0.271  0.194  0.307       92
  4:     0.016  0.314  0.202  0.212  0.256       36
  5:     0.020  0.312  0.291  0.244  0.134       41
  6:     0.013  0.276  0.222  0.246  0.243      158
  7:     0.010  0.244  0.203  0.252  0.291       79
  8:     0.013  0.310  0.192  0.209  0.275       52
  9:     0.979  0.004  0.006  0.005  0.006       36
 10:     0.985  0.004  0.004  0.004  0.004       36
--------------------------------------------

Allele-freq. divergence among pops (Net nucleotide distance),
computed using point estimates of P.

      1       2       3       4       5      
 1      -    0.0051  0.0048  0.0049  0.0048  
 2   0.0051     -    0.0003  0.0003  0.0002  
 3   0.0048  0.0003     -    0.0002  0.0001  
 4   0.0049  0.0003  0.0002     -    0.0002  
 5   0.0048  0.0002  0.0001  0.0002     -    

Average distances (expected heterozygosity) between individuals in same cluster:
cluster  1  : 0.3055 
cluster  2  : 0.3180 
cluster  3  : 0.3183 
cluster  4  : 0.3183 
cluster  5  : 0.3190 

--------------------------------------------
Estimated Ln Prob of Data   = -2473237.0
Mean value of ln likelihood = -2465592.3
Variance of ln likelihood   = 15289.3
Mean value of alpha         = 0.0404

Mean value of Fst_1         = 0.0382
Mean value of Fst_2         = 0.0034
Mean value of Fst_3         = 0.0026
Mean value of Fst_4         = 0.0029
Mean value of Fst_5         = 0.0018


Inferred ancestry of individuals:
        Label (%Miss) Pop:  Inferred clusters
  1 NS_SS0963    (4)    1 :  0.004 0.013 0.544 0.033 0.406 
  2 NS_SS0983    (1)    1 :  0.004 0.382 0.015 0.008 0.591 
  3 NS_SS0719    (9)    1 :  0.005 0.020 0.014 0.017 0.945 
  4 NS_SS1001    (8)    1 :  0.006 0.087 0.010 0.887 0.010 
  5 NS_SS0936    (4)    1 :  0.002 0.014 0.941 0.027 0.015 
  6 NS_SS0955    (6)    1 :  0.003 0.611 0.283 0.067 0.036 
  7 NS_SS0944    (3)    1 :  0.002 0.690 0.163 0.110 0.034 
  8 NS_SS0945    (3)    1 :  0.010 0.573 0.061 0.314 0.042 
  9 NS_SS0922    (2)    1 :  0.024 0.006 0.063 0.083 0.824 
 10 NS_SS0929    (7)    1 :  0.003 0.101 0.823 0.025 0.048 
 11 NS_SS0956    (1)    1 :  0.004 0.017 0.091 0.168 0.719 
 12 NS_SS0906    (3)    1 :  0.003 0.022 0.796 0.093 0.086 
 13 NS_SS0721    (6)    1 :  0.003 0.026 0.009 0.023 0.938 
 14 NS_SS0982    (4)    1 :  0.015 0.014 0.848 0.021 0.102 
 15 NS_SS0923    (6)    1 :  0.004 0.011 0.247 0.178 0.559 
 16 NS_SS0905    (6)    1 :  0.002 0.027 0.018 0.013 0.941 
 17 NS_SS0925    (3)    1 :  0.004 0.007 0.198 0.046 0.745 
 18 NS_SS0947    (6)    1 :  0.005 0.017 0.847 0.080 0.050 
 19 NS_SS0926    (2)    1 :  0.001 0.956 0.013 0.019 0.011 
 20 NS_SS0918    (6)    1 :  0.002 0.030 0.826 0.070 0.072 
 21 NS_SS0966    (4)    1 :  0.044 0.023 0.695 0.060 0.178 
 22 NS_SS0938    (2)    1 :  0.001 0.019 0.067 0.904 0.009 
 23 NS_SS0917    (2)    1 :  0.035 0.025 0.013 0.245 0.682 
 24 NS_SS0957   (11)    1 :  0.005 0.017 0.504 0.441 0.033 
 25 NS_SS0987    (1)    1 :  0.241 0.061 0.047 0.101 0.551 
 26 NS_SS0717    (4)    1 :  0.002 0.017 0.068 0.855 0.057 
 27 NS_SS0986    (2)    1 :  0.004 0.151 0.096 0.681 0.069 
 28 NS_SS0953    (3)    1 :  0.014 0.013 0.941 0.020 0.012 
 29 NS_SS0907    (3)    1 :  0.040 0.032 0.717 0.023 0.188 
 30 NS_SS0974    (6)    1 :  0.005 0.430 0.222 0.231 0.112 
 31 NS_SS0989    (1)    1 :  0.001 0.787 0.152 0.014 0.046 
 32 NS_SS0991    (3)    1 :  0.002 0.832 0.047 0.011 0.108 
 33 NS_SS0994    (2)    1 :  0.002 0.955 0.006 0.028 0.009 
 34 NS_SS0931    (6)    1 :  0.010 0.932 0.016 0.011 0.030 
 35 NS_SS1000    (5)    1 :  0.004 0.016 0.518 0.399 0.063 
 36 NS_SS0919    (1)    1 :  0.003 0.022 0.131 0.005 0.839 
 37 NS_SS0949    (4)    1 :  0.001 0.952 0.008 0.010 0.029 
 38 NS_SS0960   (10)    1 :  0.006 0.156 0.135 0.015 0.689 
 39 NS_SS0716    (2)    1 :  0.006 0.006 0.004 0.971 0.013 
 40 NS_SS0924    (8)    1 :  0.018 0.238 0.051 0.029 0.664 
 41 NS_SS0935    (2)    1 :  0.009 0.604 0.025 0.023 0.339 
 42 NS_SS0952   (14)    1 :  0.041 0.434 0.272 0.043 0.211 
 43 NS_SS0962   (11)    1 :  0.007 0.012 0.363 0.457 0.160 
 44 NS_SS0973    (5)    1 :  0.004 0.090 0.170 0.011 0.726 
 45 NS_SS0722    (1)    1 :  0.002 0.009 0.043 0.878 0.068 
 46 NS_SS0979   (13)    1 :  0.002 0.018 0.165 0.724 0.091 
 47 NS_SS0993    (2)    1 :  0.019 0.011 0.059 0.883 0.029 
 48 NS_SS0958    (1)    1 :  0.003 0.860 0.084 0.028 0.025 
 49 NS_SS0988    (4)    1 :  0.006 0.084 0.725 0.121 0.064 
 50 NS_SS1003    (2)    1 :  0.009 0.011 0.297 0.089 0.594 
 51 NS_SS0976    (1)    1 :  0.002 0.300 0.556 0.035 0.107 
 52 NS_SS0964   (10)    1 :  0.003 0.011 0.014 0.860 0.112 
 53 NS_SS0939    (4)    1 :  0.004 0.006 0.005 0.972 0.012 
 54 NS_SS0990    (6)    1 :  0.003 0.015 0.032 0.938 0.011 
 55 NS_SS0984    (2)    1 :  0.002 0.006 0.009 0.924 0.058 
 56 NS_SS0980   (10)    1 :  0.002 0.013 0.830 0.008 0.147 
 57 NS_SS0978    (4)    1 :  0.003 0.021 0.103 0.020 0.854 
 58 NS_SS0951   (18)    1 :  0.003 0.556 0.025 0.337 0.079 
 59 NS_SS0913    (3)    1 :  0.029 0.012 0.026 0.903 0.031 
 60 NS_SS1002    (1)    1 :  0.029 0.006 0.938 0.020 0.007 
 61 NS_SS0948    (1)    1 :  0.046 0.130 0.476 0.315 0.033 
 62 NS_SS0916    (4)    1 :  0.004 0.041 0.117 0.084 0.754 
 63 NS_SS0995    (1)    1 :  0.003 0.007 0.027 0.059 0.905 
 64 NS_SS0927    (6)    1 :  0.004 0.038 0.012 0.036 0.910 
 65 NS_SS0992    (5)    1 :  0.003 0.078 0.484 0.105 0.330 
 66 NS_SS0912    (1)    1 :  0.003 0.685 0.030 0.048 0.233 
 67 NS_SS0981    (1)    1 :  0.003 0.040 0.206 0.121 0.629 
 68 NS_SS0729    (5)    2 :  0.004 0.926 0.036 0.012 0.022 
 69 NS_SS0967   (15)    2 :  0.010 0.023 0.592 0.041 0.334 
 70 NS_SS0941    (8)    2 :  0.087 0.063 0.094 0.672 0.085 
 71 NS_SS0768   (12)    2 :  0.004 0.025 0.849 0.078 0.044 
 72 NS_SS0726    (5)    2 :  0.009 0.354 0.152 0.109 0.376 
 73 NS_SS0763    (4)    2 :  0.002 0.697 0.044 0.064 0.193 
 74 NS_SS0730    (6)    2 :  0.004 0.030 0.265 0.401 0.300 
 75 NS_SS0774    (2)    2 :  0.001 0.006 0.722 0.231 0.040 
 76 NS_SS0723    (3)    2 :  0.002 0.004 0.330 0.028 0.636 
 77 NS_SS0940   (10)    2 :  0.006 0.216 0.013 0.228 0.536 
 78 NS_SS0762    (1)    2 :  0.002 0.010 0.019 0.902 0.066 
 79 NS_SS0766   (11)    2 :  0.012 0.112 0.009 0.461 0.407 
 80 NS_SS0724    (1)    2 :  0.004 0.025 0.181 0.717 0.073 
 81 NS_SS0769    (3)    2 :  0.004 0.012 0.161 0.068 0.755 
 82 NS_SS0777    (1)    2 :  0.016 0.614 0.015 0.111 0.245 
 83 NS_SS0734    (6)    2 :  0.019 0.119 0.012 0.141 0.710 
 84 NS_SS0737    (3)    2 :  0.005 0.007 0.265 0.682 0.042 
 85 NS_SS0732    (5)    2 :  0.004 0.010 0.058 0.021 0.906 
 86 NS_SS0728    (5)    2 :  0.010 0.047 0.196 0.132 0.616 
 87 NS_SS0735    (9)    2 :  0.008 0.026 0.260 0.134 0.572 
 88 NS_SS0725    (1)    2 :  0.007 0.013 0.015 0.960 0.005 
 89 NS_SS0788    (2)    2 :  0.001 0.011 0.087 0.017 0.884 
 90 NS_SS0778    (2)    2 :  0.001 0.032 0.061 0.012 0.893 
 91 NS_SS0792    (6)    2 :  0.005 0.091 0.656 0.103 0.145 
 92 NS_SS0943   (11)    2 :  0.008 0.869 0.102 0.008 0.012 
 93 NS_SS0791    (2)    2 :  0.010 0.017 0.010 0.018 0.945 
 94 NS_SS0790    (5)    2 :  0.003 0.004 0.659 0.320 0.013 
 95 NS_SS0731    (6)    2 :  0.009 0.005 0.015 0.962 0.008 
 96 NS_SS0727    (7)    2 :  0.002 0.541 0.012 0.422 0.022 
 97 NS_SS0779   (13)    2 :  0.006 0.063 0.029 0.126 0.776 
 98 NS_SS0776    (3)    2 :  0.007 0.213 0.083 0.638 0.058 
 99 NS_SS0775    (5)    2 :  0.006 0.011 0.034 0.938 0.011 
100 NS_SS0965    (3)    3 :  0.001 0.028 0.292 0.012 0.666 
101 NS_SS0754   (14)    3 :  0.014 0.567 0.088 0.024 0.307 
102 NS_SS0838    (5)    3 :  0.058 0.106 0.081 0.597 0.158 
103 NS_SS0839    (3)    3 :  0.004 0.005 0.411 0.539 0.040 
104 NS_SS0832    (4)    3 :  0.046 0.005 0.555 0.307 0.086 
105 NS_SS0820    (5)    3 :  0.007 0.005 0.161 0.306 0.521 
106 NS_SS0886    (9)    3 :  0.002 0.105 0.037 0.018 0.838 
107 NS_SS0748    (5)    3 :  0.010 0.619 0.208 0.104 0.060 
108 NS_SS0884    (9)    3 :  0.018 0.025 0.883 0.025 0.048 
109 NS_SS0752    (4)    3 :  0.002 0.042 0.091 0.138 0.728 
110 NS_SS0862    (1)    3 :  0.004 0.010 0.335 0.020 0.632 
111 NS_SS0787    (9)    3 :  0.006 0.904 0.012 0.010 0.068 
112 NS_SS0843    (6)    3 :  0.002 0.038 0.060 0.121 0.779 
113 NS_SS0856    (4)    3 :  0.004 0.013 0.030 0.856 0.098 
114 NS_SS0846    (2)    3 :  0.003 0.084 0.852 0.018 0.043 
115 NS_SS0825    (1)    3 :  0.009 0.068 0.682 0.032 0.209 
116 NS_SS0757    (3)    3 :  0.004 0.358 0.154 0.040 0.444 
117 NS_SS0876    (3)    3 :  0.218 0.010 0.238 0.134 0.400 
118 NS_SS0903   (10)    3 :  0.002 0.007 0.712 0.010 0.269 
119 NS_SS0875    (7)    3 :  0.004 0.038 0.060 0.363 0.536 
120 NS_SS0740    (5)    3 :  0.003 0.047 0.079 0.066 0.805 
121 NS_SS0811    (5)    3 :  0.011 0.030 0.291 0.591 0.077 
122 NS_SS0751    (1)    3 :  0.002 0.096 0.049 0.414 0.439 
123 NS_SS0891    (6)    3 :  0.005 0.011 0.033 0.930 0.021 
124 NS_SS0867    (2)    3 :  0.022 0.212 0.684 0.010 0.072 
125 NS_SS0890    (6)    3 :  0.003 0.034 0.024 0.016 0.922 
126 NS_SS0866   (12)    3 :  0.005 0.781 0.018 0.180 0.016 
127 NS_SS0755    (4)    3 :  0.007 0.068 0.182 0.604 0.139 
128 NS_SS0758    (4)    3 :  0.002 0.038 0.055 0.051 0.854 
129 NS_SS0840    (2)    3 :  0.002 0.010 0.405 0.403 0.180 
130 NS_SS0889    (4)    3 :  0.002 0.936 0.020 0.028 0.014 
131 NS_SS1010    (1)    3 :  0.032 0.037 0.732 0.021 0.178 
132 NS_SS0888    (5)    3 :  0.002 0.751 0.016 0.016 0.216 
133 NS_SS0837    (3)    3 :  0.003 0.051 0.309 0.506 0.131 
134 NS_SS0794   (10)    3 :  0.002 0.912 0.015 0.053 0.018 
135 NS_SS0823    (5)    3 :  0.004 0.018 0.789 0.105 0.084 
136 NS_SS0829    (7)    3 :  0.120 0.800 0.042 0.012 0.026 
137 NS_SS0844    (5)    3 :  0.002 0.006 0.973 0.010 0.010 
138 NS_SS1008    (6)    3 :  0.013 0.635 0.042 0.280 0.031 
139 NS_SS0881    (3)    3 :  0.002 0.128 0.064 0.188 0.618 
140 NS_SS0834    (6)    3 :  0.007 0.009 0.099 0.864 0.020 
141 NS_SS0744   (10)    3 :  0.006 0.018 0.175 0.024 0.777 
142 NS_SS0899    (7)    3 :  0.002 0.006 0.150 0.818 0.025 
143 NS_SS0804    (5)    3 :  0.004 0.006 0.588 0.304 0.098 
144 NS_SS0781   (10)    3 :  0.003 0.004 0.879 0.066 0.048 
145 NS_SS0822    (6)    3 :  0.002 0.911 0.030 0.020 0.037 
146 NS_SS1004    (4)    3 :  0.004 0.051 0.609 0.049 0.287 
147 NS_SS0746    (5)    3 :  0.017 0.352 0.084 0.476 0.072 
148 NS_SS0880    (3)    3 :  0.002 0.262 0.454 0.124 0.159 
149 NS_SS0879    (5)    3 :  0.014 0.044 0.361 0.563 0.017 
150 NS_SS0753    (2)    3 :  0.010 0.647 0.039 0.013 0.291 
151 NS_SS1007    (3)    3 :  0.002 0.008 0.009 0.020 0.960 
152 NS_SS0872    (5)    3 :  0.002 0.012 0.609 0.217 0.160 
153 NS_SS1005    (7)    3 :  0.001 0.023 0.636 0.196 0.144 
154 NS_SS0892    (6)    3 :  0.002 0.129 0.061 0.136 0.673 
155 NS_SS0898    (0)    3 :  0.007 0.638 0.082 0.232 0.041 
156 NS_SS0801    (9)    3 :  0.010 0.027 0.269 0.056 0.639 
157 NS_SS0827    (9)    3 :  0.116 0.149 0.024 0.168 0.543 
158 NS_SS0853    (7)    3 :  0.007 0.071 0.534 0.272 0.117 
159 NS_SS0780    (2)    3 :  0.004 0.011 0.424 0.035 0.526 
160 NS_SS0826   (10)    3 :  0.003 0.024 0.955 0.010 0.007 
161 NS_SS0818    (5)    3 :  0.001 0.012 0.455 0.058 0.474 
162 NS_SS0745    (1)    3 :  0.002 0.006 0.006 0.979 0.008 
163 NS_SS0849    (3)    3 :  0.002 0.032 0.035 0.158 0.773 
164 NS_SS0739    (3)    3 :  0.008 0.009 0.010 0.033 0.940 
165 NS_SS0799    (1)    3 :  0.001 0.682 0.028 0.022 0.267 
166 NS_SS0756    (3)    3 :  0.003 0.008 0.962 0.010 0.018 
167 NS_SS0802    (2)    3 :  0.175 0.026 0.008 0.028 0.763 
168 NS_SS0747    (6)    3 :  0.005 0.009 0.254 0.015 0.717 
169 NS_SS0835    (1)    3 :  0.001 0.767 0.063 0.039 0.130 
170 NS_SS0742   (19)    3 :  0.001 0.015 0.260 0.035 0.689 
171 NS_SS0760    (9)    3 :  0.045 0.904 0.017 0.012 0.021 
172 NS_SS0803    (4)    3 :  0.006 0.005 0.966 0.007 0.016 
173 NS_SS0828   (14)    3 :  0.001 0.067 0.059 0.026 0.847 
174 NS_SS0865    (2)    3 :  0.021 0.029 0.378 0.045 0.526 
175 NS_SS0759    (5)    3 :  0.004 0.007 0.016 0.071 0.902 
176 NS_SS0851    (5)    3 :  0.016 0.015 0.046 0.883 0.041 
177 NS_SS0874   (16)    3 :  0.002 0.007 0.937 0.043 0.012 
178 NS_SS0761    (6)    3 :  0.003 0.673 0.176 0.031 0.117 
179 NS_SS0842   (26)    3 :  0.008 0.080 0.217 0.653 0.042 
180 NS_SS0785    (6)    3 :  0.005 0.237 0.466 0.027 0.265 
181 NS_SS0860   (11)    3 :  0.003 0.642 0.047 0.018 0.289 
182 NS_SS0897    (7)    3 :  0.002 0.975 0.009 0.006 0.009 
183 NS_SS0841   (15)    3 :  0.004 0.034 0.430 0.201 0.331 
184 NS_SS0797    (7)    3 :  0.030 0.894 0.020 0.029 0.027 
185 NS_SS0830   (11)    3 :  0.002 0.256 0.083 0.420 0.238 
186 NS_SS1011    (5)    3 :  0.005 0.007 0.958 0.015 0.015 
187 NS_SS0883    (5)    3 :  0.006 0.023 0.021 0.017 0.933 
188 NS_SS0782    (2)    3 :  0.002 0.118 0.026 0.823 0.030 
189 NS_SS0831    (5)    3 :  0.003 0.856 0.034 0.037 0.069 
190 NS_SS0749    (7)    3 :  0.003 0.014 0.015 0.012 0.956 
191 NS_SS0854    (2)    3 :  0.003 0.234 0.125 0.267 0.370 
192 HI_SS0193    (0)    4 :  0.002 0.952 0.009 0.024 0.013 
193 HI_SS0194    (1)    4 :  0.002 0.026 0.072 0.890 0.010 
194 HI_SS0195   (10)    4 :  0.119 0.011 0.129 0.524 0.218 
195 HI_SS0196    (6)    4 :  0.003 0.311 0.061 0.380 0.245 
196 HI_SS0197    (3)    4 :  0.013 0.004 0.672 0.142 0.169 
197 HI_SS0198    (1)    4 :  0.008 0.045 0.055 0.023 0.869 
198 HI_SS0199    (1)    4 :  0.003 0.349 0.156 0.023 0.470 
199 HI_SS0201    (5)    4 :  0.003 0.657 0.079 0.009 0.253 
200 HI_SS0215    (1)    4 :  0.003 0.282 0.138 0.011 0.566 
201 HI_SS0218    (1)    4 :  0.005 0.965 0.009 0.014 0.007 
202 HI_SS0222    (0)    4 :  0.005 0.098 0.012 0.248 0.636 
203 HI_SS0230    (1)    4 :  0.005 0.011 0.096 0.478 0.410 
204 HI_SS0234    (2)    4 :  0.139 0.021 0.640 0.023 0.177 
205 HI_SS0240    (1)    4 :  0.007 0.007 0.014 0.017 0.956 
206 HI_SS0241    (0)    4 :  0.002 0.716 0.132 0.016 0.134 
207 HI_SS0242    (0)    4 :  0.003 0.210 0.092 0.539 0.157 
208 HI_SS0247    (0)    4 :  0.014 0.010 0.959 0.013 0.004 
209 HI_SS0248    (1)    4 :  0.001 0.956 0.008 0.022 0.013 
210 HI_SS0252    (2)    4 :  0.002 0.080 0.285 0.590 0.043 
211 HI_SS0254    (0)    4 :  0.099 0.528 0.038 0.024 0.312 
212 HI_SS0256    (0)    4 :  0.001 0.003 0.979 0.011 0.007 
213 HI_SS0257    (0)    4 :  0.003 0.108 0.713 0.024 0.152 
214 HI_SS0258    (1)    4 :  0.005 0.951 0.012 0.010 0.022 
215 HI_SS0259    (1)    4 :  0.003 0.016 0.137 0.575 0.269 
216 HI_SS0260    (1)    4 :  0.002 0.607 0.121 0.048 0.222 
217 HI_SS0261    (2)    4 :  0.003 0.751 0.045 0.095 0.106 
218 HI_SS0262    (0)    4 :  0.007 0.016 0.162 0.575 0.240 
219 HI_SS0264    (0)    4 :  0.004 0.014 0.125 0.825 0.033 
220 HI_SS0265    (0)    4 :  0.098 0.009 0.144 0.583 0.166 
221 HI_SS0268    (1)    4 :  0.003 0.092 0.093 0.037 0.775 
222 HI_SS0269    (0)    4 :  0.002 0.608 0.211 0.016 0.163 
223 HI_SS0273    (0)    4 :  0.002 0.815 0.097 0.016 0.070 
224 HI_SS0277    (1)    4 :  0.003 0.020 0.649 0.013 0.316 
225 HI_SS0280    (0)    4 :  0.006 0.068 0.013 0.734 0.179 
226 HI_SS0282    (1)    4 :  0.001 0.855 0.057 0.018 0.069 
227 HI_SS0286    (1)    4 :  0.007 0.141 0.054 0.030 0.768 
228 NS_SS1252    (3)    5 :  0.004 0.965 0.007 0.009 0.015 
229 NS_SS1261    (1)    5 :  0.017 0.033 0.804 0.100 0.047 
230 NS_SS1225   (10)    5 :  0.071 0.084 0.804 0.008 0.032 
231 NS_SS1266    (1)    5 :  0.006 0.004 0.951 0.017 0.022 
232 NS_SS1228    (0)    5 :  0.012 0.014 0.049 0.659 0.265 
233 NS_SS1255    (3)    5 :  0.001 0.034 0.018 0.938 0.009 
234 NS_SS1267    (3)    5 :  0.013 0.926 0.009 0.007 0.044 
235 NS_SS1238    (6)    5 :  0.003 0.210 0.064 0.614 0.109 
236 NS_SS1233    (8)    5 :  0.002 0.174 0.703 0.095 0.026 
237 NS_SS1277    (3)    5 :  0.001 0.966 0.004 0.020 0.009 
238 NS_SS1245    (1)    5 :  0.002 0.460 0.049 0.463 0.026 
239 NS_SS1240    (4)    5 :  0.002 0.948 0.006 0.010 0.034 
240 NS_SS1275    (2)    5 :  0.003 0.006 0.456 0.515 0.021 
241 NS_SS1235    (1)    5 :  0.005 0.019 0.852 0.107 0.017 
242 NS_SS1263    (1)    5 :  0.001 0.031 0.281 0.664 0.023 
243 NS_SS1251    (2)    5 :  0.001 0.011 0.947 0.025 0.016 
244 NS_SS1248    (0)    5 :  0.111 0.736 0.054 0.069 0.030 
245 NS_SS1244    (0)    5 :  0.004 0.030 0.909 0.006 0.052 
246 NS_SS1257    (1)    5 :  0.029 0.420 0.039 0.011 0.501 
247 NS_SS1242    (2)    5 :  0.003 0.008 0.080 0.881 0.029 
248 NS_SS1271    (6)    5 :  0.033 0.888 0.014 0.044 0.020 
249 NS_SS1265    (1)    5 :  0.028 0.873 0.018 0.046 0.035 
250 NS_SS1243    (0)    5 :  0.066 0.019 0.006 0.884 0.025 
251 NS_SS1273    (1)    5 :  0.011 0.014 0.124 0.800 0.051 
252 NS_SS1254   (14)    5 :  0.005 0.015 0.762 0.205 0.012 
253 NS_SS1224    (1)    5 :  0.008 0.010 0.127 0.811 0.043 
254 NS_SS1227    (8)    5 :  0.002 0.362 0.013 0.058 0.564 
255 NS_SS1274    (9)    5 :  0.021 0.499 0.285 0.021 0.174 
256 NS_SS1241    (1)    5 :  0.001 0.791 0.158 0.028 0.021 
257 NS_SS1256    (3)    5 :  0.042 0.301 0.576 0.061 0.020 
258 NS_SS1260    (8)    5 :  0.078 0.358 0.068 0.017 0.480 
259 NS_SS1262    (0)    5 :  0.171 0.226 0.491 0.008 0.105 
260 NS_SS1230    (0)    5 :  0.009 0.793 0.066 0.086 0.046 
261 NS_SS1270    (2)    5 :  0.002 0.036 0.353 0.441 0.169 
262 NS_SS1229    (2)    5 :  0.004 0.016 0.813 0.113 0.054 
263 NS_SS1246    (5)    5 :  0.003 0.406 0.179 0.377 0.036 
264 NS_SS1269    (0)    5 :  0.002 0.023 0.017 0.028 0.929 
265 NS_SS1239    (1)    5 :  0.006 0.030 0.074 0.255 0.635 
266 NS_SS1272    (5)    5 :  0.005 0.012 0.559 0.406 0.017 
267 NS_SS1268    (1)    5 :  0.002 0.077 0.123 0.068 0.730 
268 NS_SS1249    (1)    5 :  0.012 0.947 0.020 0.012 0.009 
269 HI_SS0559    (0)    6 :  0.002 0.405 0.105 0.050 0.438 
270 HI_SS0563    (1)    6 :  0.003 0.210 0.474 0.077 0.236 
271 HI_SS0564    (0)    6 :  0.054 0.021 0.113 0.071 0.740 
272 HI_SS0565    (0)    6 :  0.003 0.126 0.096 0.097 0.678 
273 HI_SS0569    (1)    6 :  0.002 0.591 0.081 0.008 0.317 
274 HI_SS0570    (0)    6 :  0.042 0.862 0.014 0.035 0.047 
275 HI_SS0572    (1)    6 :  0.002 0.012 0.119 0.764 0.103 
276 HI_SS0576    (1)    6 :  0.006 0.037 0.077 0.104 0.776 
277 HI_SS0579    (1)    6 :  0.017 0.181 0.229 0.040 0.532 
278 HI_SS0580    (1)    6 :  0.006 0.413 0.069 0.287 0.225 
279 HI_SS0581    (0)    6 :  0.062 0.007 0.076 0.777 0.077 
280 HI_SS0583    (1)    6 :  0.003 0.601 0.096 0.228 0.072 
281 HI_SS0586    (1)    6 :  0.001 0.969 0.008 0.008 0.014 
282 HI_SS0588    (1)    6 :  0.020 0.758 0.085 0.020 0.117 
283 HI_SS0595    (4)    6 :  0.030 0.273 0.138 0.092 0.467 
284 HI_SS0596    (0)    6 :  0.002 0.008 0.019 0.966 0.006 
285 HI_SS0597    (1)    6 :  0.002 0.008 0.073 0.908 0.009 
286 HI_SS0600    (0)    6 :  0.003 0.028 0.571 0.013 0.385 
287 HI_SS0601    (1)    6 :  0.010 0.039 0.894 0.005 0.053 
288 HI_SS0602    (1)    6 :  0.002 0.100 0.015 0.047 0.835 
289 HI_SS0604    (0)    6 :  0.001 0.077 0.076 0.631 0.215 
290 HI_SS0605    (1)    6 :  0.006 0.081 0.012 0.023 0.879 
291 HI_SS0608    (0)    6 :  0.001 0.025 0.007 0.950 0.017 
292 HI_SS0609    (0)    6 :  0.001 0.009 0.898 0.078 0.014 
293 HI_SS0611    (5)    6 :  0.003 0.855 0.019 0.018 0.104 
294 HI_SS0612    (0)    6 :  0.005 0.032 0.941 0.006 0.016 
295 HI_SS0613    (1)    6 :  0.002 0.070 0.106 0.092 0.731 
296 HI_SS0615    (1)    6 :  0.009 0.008 0.097 0.070 0.815 
297 HI_SS0001    (1)    6 :  0.005 0.628 0.230 0.113 0.024 
298 HI_SS0002    (1)    6 :  0.021 0.008 0.910 0.031 0.030 
299 HI_SS0004    (0)    6 :  0.005 0.715 0.016 0.168 0.095 
300 HI_SS0005    (1)    6 :  0.005 0.028 0.035 0.019 0.912 
301 HI_SS0006    (1)    6 :  0.002 0.287 0.581 0.031 0.099 
302 HI_SS0007    (1)    6 :  0.003 0.944 0.007 0.021 0.026 
303 HI_SS0008    (0)    6 :  0.031 0.026 0.054 0.027 0.862 
304 HI_SS0009    (0)    6 :  0.004 0.062 0.017 0.710 0.207 
305 HI_SS0010    (1)    6 :  0.004 0.746 0.034 0.076 0.140 
306 HI_SS0011    (1)    6 :  0.077 0.023 0.654 0.232 0.013 
307 HI_SS0012    (0)    6 :  0.004 0.008 0.229 0.016 0.742 
308 HI_SS0017    (1)    6 :  0.002 0.011 0.012 0.969 0.005 
309 HI_SS0021    (1)    6 :  0.241 0.597 0.018 0.078 0.066 
310 HI_SS0024    (1)    6 :  0.002 0.050 0.034 0.883 0.032 
311 HI_SS0025    (1)    6 :  0.003 0.011 0.010 0.964 0.013 
312 HI_SS0027    (0)    6 :  0.013 0.929 0.014 0.008 0.037 
313 HI_SS0028    (0)    6 :  0.002 0.008 0.135 0.198 0.658 
314 HI_SS0029    (1)    6 :  0.009 0.043 0.031 0.872 0.045 
315 HI_SS0030    (2)    6 :  0.006 0.202 0.036 0.481 0.276 
316 HI_SS0031    (0)    6 :  0.003 0.012 0.281 0.025 0.679 
317 HI_SS0034    (0)    6 :  0.005 0.934 0.012 0.011 0.038 
318 HI_SS0036    (0)    6 :  0.015 0.904 0.010 0.013 0.059 
319 HI_SS0037    (1)    6 :  0.005 0.732 0.120 0.080 0.064 
320 HI_SS0039    (0)    6 :  0.003 0.815 0.028 0.120 0.035 
321 HI_SS0041    (1)    6 :  0.001 0.006 0.009 0.964 0.019 
322 HI_SS0042    (1)    6 :  0.115 0.009 0.034 0.551 0.290 
323 HI_SS0043    (1)    6 :  0.003 0.944 0.010 0.009 0.033 
324 HI_SS0044    (1)    6 :  0.002 0.043 0.007 0.920 0.027 
325 HI_SS0047    (1)    6 :  0.003 0.023 0.114 0.739 0.121 
326 HI_SS0049    (1)    6 :  0.004 0.039 0.022 0.923 0.012 
327 HI_SS0051    (1)    6 :  0.002 0.023 0.037 0.023 0.915 
328 HI_SS0053    (1)    6 :  0.006 0.832 0.012 0.034 0.116 
329 HI_SS0054    (4)    6 :  0.003 0.965 0.017 0.007 0.008 
330 HI_SS0057    (0)    6 :  0.003 0.062 0.063 0.816 0.055 
331 HI_SS0058    (0)    6 :  0.005 0.154 0.748 0.021 0.072 
332 HI_SS0060    (0)    6 :  0.069 0.085 0.155 0.012 0.679 
333 HI_SS0087    (1)    6 :  0.002 0.194 0.335 0.019 0.450 
334 HI_SS0091    (1)    6 :  0.001 0.457 0.485 0.009 0.047 
335 HI_SS0095    (1)    6 :  0.040 0.016 0.149 0.012 0.783 
336 HI_SS0097    (3)    6 :  0.004 0.012 0.754 0.012 0.218 
337 HI_SS0099    (1)    6 :  0.003 0.008 0.010 0.969 0.009 
338 HI_SS0103    (0)    6 :  0.003 0.019 0.285 0.333 0.360 
339 HI_SS0105    (1)    6 :  0.024 0.032 0.568 0.216 0.160 
340 HI_SS0107    (1)    6 :  0.001 0.014 0.233 0.738 0.015 
341 HI_SS0108    (1)    6 :  0.025 0.953 0.009 0.006 0.009 
342 HI_SS0110    (0)    6 :  0.001 0.028 0.492 0.084 0.395 
343 HI_SS0111    (1)    6 :  0.023 0.014 0.132 0.025 0.806 
344 HI_SS0112    (0)    6 :  0.001 0.983 0.004 0.006 0.006 
345 HI_SS0113    (1)    6 :  0.004 0.010 0.066 0.910 0.011 
346 HI_SS0114    (1)    6 :  0.005 0.330 0.044 0.010 0.611 
347 HI_SS0115    (1)    6 :  0.015 0.103 0.038 0.059 0.786 
348 HI_SS0116    (4)    6 :  0.003 0.400 0.014 0.571 0.012 
349 HI_SS0117    (0)    6 :  0.002 0.059 0.898 0.010 0.031 
350 HI_SS0118    (0)    6 :  0.014 0.244 0.174 0.489 0.079 
351 HI_SS0119    (1)    6 :  0.002 0.268 0.501 0.007 0.223 
352 HI_SS0120    (1)    6 :  0.003 0.007 0.030 0.952 0.007 
353 HI_SS0121    (0)    6 :  0.001 0.005 0.897 0.032 0.065 
354 HI_SS0122    (2)    6 :  0.019 0.053 0.751 0.087 0.090 
355 HI_SS0123    (0)    6 :  0.004 0.017 0.713 0.037 0.229 
356 HI_SS0124    (1)    6 :  0.003 0.008 0.023 0.945 0.020 
357 HI_SS0125    (1)    6 :  0.031 0.005 0.037 0.086 0.840 
358 HI_SS0126    (0)    6 :  0.001 0.970 0.006 0.017 0.006 
359 HI_SS0127    (0)    6 :  0.007 0.056 0.027 0.012 0.897 
360 HI_SS0128    (0)    6 :  0.003 0.171 0.110 0.638 0.077 
361 HI_SS0129    (1)    6 :  0.009 0.285 0.018 0.036 0.652 
362 HI_SS0131    (2)    6 :  0.033 0.447 0.472 0.023 0.025 
363 HI_SS0132    (0)    6 :  0.001 0.074 0.765 0.014 0.145 
364 HI_SS0133    (1)    6 :  0.001 0.988 0.002 0.005 0.003 
365 HI_SS0134    (1)    6 :  0.002 0.213 0.545 0.123 0.117 
366 HI_SS0142    (3)    6 :  0.016 0.007 0.738 0.018 0.222 
367 HI_SS0145    (0)    6 :  0.001 0.300 0.457 0.017 0.225 
368 HI_SS0146    (1)    6 :  0.001 0.710 0.025 0.020 0.244 
369 HI_SS0147    (1)    6 :  0.026 0.007 0.697 0.253 0.018 
370 HI_SS0149    (1)    6 :  0.004 0.051 0.890 0.036 0.019 
371 HI_SS0150    (2)    6 :  0.005 0.020 0.159 0.102 0.713 
372 HI_SS0151    (0)    6 :  0.009 0.039 0.027 0.013 0.912 
373 NS_SS1451    (1)    6 :  0.003 0.008 0.050 0.680 0.259 
374 NS_SS1404    (0)    6 :  0.012 0.022 0.277 0.505 0.184 
375 NS_SS1432    (2)    6 :  0.040 0.006 0.015 0.886 0.053 
376 NS_SS1405    (5)    6 :  0.004 0.150 0.117 0.409 0.320 
377 NS_SS1431   (10)    6 :  0.001 0.012 0.012 0.954 0.022 
378 NS_SS1402    (3)    6 :  0.002 0.015 0.859 0.021 0.103 
379 NS_SS1450    (3)    6 :  0.004 0.792 0.020 0.065 0.119 
380 NS_SS1396    (0)    6 :  0.006 0.039 0.343 0.335 0.277 
381 NS_SS1393    (5)    6 :  0.004 0.023 0.107 0.026 0.840 
382 NS_SS1392   (10)    6 :  0.020 0.048 0.043 0.752 0.136 
383 NS_SS1445    (0)    6 :  0.011 0.696 0.025 0.034 0.235 
384 NS_SS1423    (0)    6 :  0.001 0.266 0.613 0.025 0.095 
385 NS_SS1421    (9)    6 :  0.102 0.830 0.031 0.018 0.020 
386 NS_SS1411    (6)    6 :  0.002 0.827 0.016 0.026 0.129 
387 NS_SS1453    (6)    6 :  0.006 0.177 0.228 0.266 0.323 
388 NS_SS1442    (3)    6 :  0.003 0.152 0.118 0.062 0.664 
389 NS_SS1422    (1)    6 :  0.010 0.058 0.870 0.019 0.043 
390 NS_SS1419    (1)    6 :  0.155 0.062 0.619 0.132 0.031 
391 NS_SS1427    (0)    6 :  0.002 0.969 0.008 0.010 0.011 
392 NS_SS1444    (4)    6 :  0.003 0.014 0.010 0.918 0.055 
393 NS_SS1455    (0)    6 :  0.001 0.011 0.343 0.631 0.014 
394 NS_SS1425    (2)    6 :  0.001 0.873 0.027 0.005 0.094 
395 NS_SS1400    (0)    6 :  0.001 0.973 0.008 0.013 0.004 
396 NS_SS1406    (2)    6 :  0.007 0.004 0.871 0.022 0.095 
397 NS_SS1417    (6)    6 :  0.007 0.103 0.756 0.114 0.019 
398 NS_SS1454    (3)    6 :  0.002 0.518 0.261 0.165 0.055 
399 NS_SS1412    (1)    6 :  0.028 0.507 0.076 0.305 0.083 
400 NS_SS1438    (1)    6 :  0.001 0.930 0.026 0.018 0.025 
401 NS_SS1416    (4)    6 :  0.007 0.013 0.238 0.080 0.663 
402 NS_SS1401    (0)    6 :  0.012 0.025 0.752 0.134 0.077 
403 NS_SS1424    (6)    6 :  0.014 0.608 0.295 0.026 0.057 
404 NS_SS1435   (10)    6 :  0.003 0.443 0.025 0.137 0.393 
405 NS_SS1447    (4)    6 :  0.008 0.021 0.046 0.899 0.027 
406 NS_SS1414    (3)    6 :  0.007 0.028 0.176 0.777 0.012 
407 NS_SS1449   (14)    6 :  0.004 0.011 0.872 0.047 0.066 
408 NS_SS1443    (4)    6 :  0.002 0.711 0.075 0.006 0.206 
409 NS_SS1434    (1)    6 :  0.001 0.146 0.018 0.817 0.018 
410 NS_SS1398    (1)    6 :  0.014 0.033 0.010 0.057 0.887 
411 NS_SS1426    (1)    6 :  0.002 0.938 0.010 0.009 0.042 
412 NS_SS1413    (0)    6 :  0.012 0.956 0.010 0.014 0.008 
413 NS_SS1395    (1)    6 :  0.008 0.049 0.016 0.010 0.917 
414 NS_SS1448   (10)    6 :  0.002 0.880 0.012 0.062 0.044 
415 NS_SS1446    (0)    6 :  0.003 0.074 0.575 0.229 0.119 
416 NS_SS1403    (2)    6 :  0.005 0.023 0.492 0.027 0.453 
417 NS_SS1415    (0)    6 :  0.009 0.944 0.013 0.008 0.025 
418 NS_SS1437    (4)    6 :  0.008 0.087 0.355 0.471 0.080 
419 NS_SS1439    (2)    6 :  0.002 0.010 0.661 0.033 0.294 
420 NS_SS1441    (3)    6 :  0.002 0.469 0.191 0.037 0.301 
421 NS_SS1420    (2)    6 :  0.003 0.008 0.018 0.885 0.087 
422 NS_SS1394    (2)    6 :  0.036 0.006 0.016 0.168 0.774 
423 NS_SS1391    (7)    6 :  0.014 0.308 0.033 0.507 0.138 
424 NS_SS1410    (5)    6 :  0.012 0.063 0.566 0.336 0.022 
425 NS_SS1408    (1)    6 :  0.044 0.008 0.035 0.010 0.903 
426 NS_SS1409    (1)    6 :  0.003 0.318 0.061 0.110 0.508 
427 HI_SS0617    (1)    7 :  0.001 0.026 0.195 0.328 0.451 
428 HI_SS0618    (2)    7 :  0.002 0.021 0.089 0.054 0.835 
429 HI_SS0619    (0)    7 :  0.003 0.027 0.010 0.945 0.014 
430 HI_SS0620    (1)    7 :  0.002 0.967 0.009 0.006 0.016 
431 HI_SS0621    (3)    7 :  0.018 0.033 0.337 0.276 0.336 
432 HI_SS0622    (1)    7 :  0.013 0.539 0.295 0.114 0.038 
433 HI_SS0626    (0)    7 :  0.007 0.051 0.044 0.116 0.782 
434 HI_SS0627    (0)    7 :  0.007 0.008 0.181 0.768 0.035 
435 HI_SS0628    (3)    7 :  0.062 0.468 0.018 0.276 0.175 
436 HI_SS0629    (1)    7 :  0.006 0.109 0.078 0.046 0.761 
437 HI_SS0630    (1)    7 :  0.059 0.568 0.029 0.170 0.174 
438 HI_SS0631    (0)    7 :  0.001 0.846 0.032 0.042 0.079 
439 HI_SS0632    (0)    7 :  0.003 0.273 0.026 0.657 0.042 
440 HI_SS0633    (0)    7 :  0.004 0.015 0.013 0.920 0.048 
441 HI_SS0634    (1)    7 :  0.002 0.035 0.184 0.131 0.647 
442 HI_SS0635    (0)    7 :  0.008 0.024 0.202 0.022 0.744 
443 HI_SS0637    (1)    7 :  0.003 0.008 0.070 0.007 0.912 
444 HI_SS0638    (0)    7 :  0.001 0.880 0.046 0.031 0.042 
445 HI_SS0639    (1)    7 :  0.029 0.007 0.020 0.130 0.813 
446 HI_SS0640    (1)    7 :  0.002 0.049 0.021 0.016 0.912 
447 HI_SS0641    (1)    7 :  0.005 0.553 0.036 0.032 0.374 
448 HI_SS0642    (0)    7 :  0.002 0.028 0.239 0.476 0.256 
449 HI_SS0645    (0)    7 :  0.001 0.022 0.146 0.620 0.210 
450 HI_SS0646    (1)    7 :  0.003 0.023 0.487 0.021 0.466 
451 HI_SS0647    (1)    7 :  0.002 0.807 0.021 0.156 0.014 
452 HI_SS0648    (0)    7 :  0.003 0.097 0.118 0.376 0.405 
453 HI_SS0649    (1)    7 :  0.002 0.020 0.069 0.163 0.746 
454 HI_SS0650    (1)    7 :  0.003 0.009 0.009 0.223 0.756 
455 HI_SS0651    (1)    7 :  0.005 0.045 0.274 0.118 0.558 
456 HI_SS0652    (1)    7 :  0.004 0.014 0.007 0.902 0.073 
457 NS_SS1371    (3)    7 :  0.005 0.013 0.017 0.008 0.958 
458 NS_SS1374    (0)    7 :  0.002 0.729 0.023 0.031 0.214 
459 NS_SS1337    (3)    7 :  0.004 0.053 0.564 0.210 0.169 
460 NS_SS1385    (5)    7 :  0.006 0.046 0.471 0.347 0.129 
461 NS_SS1388    (0)    7 :  0.007 0.038 0.011 0.928 0.015 
462 NS_SS1370    (1)    7 :  0.011 0.041 0.516 0.069 0.363 
463 NS_SS1389    (3)    7 :  0.004 0.009 0.009 0.971 0.007 
464 NS_SS1360    (1)    7 :  0.005 0.413 0.034 0.011 0.537 
465 NS_SS1330    (0)    7 :  0.003 0.007 0.264 0.018 0.707 
466 NS_SS1328    (9)    7 :  0.002 0.848 0.032 0.105 0.013 
467 NS_SS1384    (1)    7 :  0.003 0.053 0.064 0.014 0.866 
468 NS_SS1381    (0)    7 :  0.001 0.010 0.336 0.620 0.033 
469 NS_SS1375    (1)    7 :  0.001 0.025 0.006 0.902 0.065 
470 NS_SS1319   (11)    7 :  0.090 0.036 0.607 0.044 0.222 
471 NS_SS1326    (2)    7 :  0.008 0.961 0.007 0.015 0.009 
472 NS_SS1341    (1)    7 :  0.004 0.111 0.488 0.311 0.085 
473 NS_SS1383    (2)    7 :  0.004 0.039 0.190 0.021 0.747 
474 NS_SS1318    (3)    7 :  0.015 0.042 0.061 0.682 0.200 
475 NS_SS1348    (2)    7 :  0.001 0.955 0.015 0.007 0.021 
476 NS_SS1363    (0)    7 :  0.005 0.055 0.652 0.066 0.223 
477 NS_SS1335    (4)    7 :  0.031 0.487 0.217 0.010 0.256 
478 NS_SS1358    (0)    7 :  0.010 0.072 0.880 0.006 0.033 
479 NS_SS1342    (1)    7 :  0.001 0.295 0.661 0.010 0.032 
480 NS_SS1320    (3)    7 :  0.006 0.005 0.328 0.650 0.011 
481 NS_SS1355    (1)    7 :  0.016 0.012 0.131 0.614 0.226 
482 NS_SS1345    (1)    7 :  0.016 0.027 0.895 0.044 0.018 
483 NS_SS1324    (0)    7 :  0.002 0.309 0.104 0.036 0.548 
484 NS_SS1347    (5)    7 :  0.004 0.048 0.143 0.019 0.786 
485 NS_SS1321    (4)    7 :  0.001 0.167 0.523 0.013 0.295 
486 NS_SS1333    (0)    7 :  0.003 0.182 0.142 0.343 0.330 
487 NS_SS1364    (1)    7 :  0.002 0.884 0.024 0.030 0.060 
488 NS_SS1379    (0)    7 :  0.065 0.042 0.152 0.442 0.300 
489 NS_SS1332    (0)    7 :  0.005 0.964 0.010 0.011 0.010 
490 NS_SS1338    (5)    7 :  0.008 0.396 0.039 0.037 0.520 
491 NS_SS1368    (6)    7 :  0.005 0.569 0.260 0.134 0.033 
492 NS_SS1354    (1)    7 :  0.010 0.020 0.860 0.085 0.025 
493 NS_SS1365    (0)    7 :  0.010 0.046 0.028 0.837 0.080 
494 NS_SS1380    (1)    7 :  0.015 0.007 0.952 0.015 0.010 
495 NS_SS1329    (8)    7 :  0.003 0.442 0.483 0.020 0.052 
496 NS_SS1362    (0)    7 :  0.004 0.027 0.515 0.011 0.442 
497 NS_SS1327    (2)    7 :  0.003 0.978 0.006 0.004 0.009 
498 NS_SS1350    (0)    7 :  0.008 0.046 0.027 0.028 0.891 
499 NS_SS1387    (2)    7 :  0.003 0.021 0.023 0.359 0.594 
500 NS_SS1369    (8)    7 :  0.004 0.901 0.047 0.015 0.033 
501 NS_SS1331    (1)    7 :  0.009 0.102 0.033 0.840 0.015 
502 NS_SS1357    (5)    7 :  0.003 0.164 0.263 0.531 0.039 
503 NS_SS1386    (1)    7 :  0.003 0.963 0.020 0.005 0.009 
504 NS_SS1353    (2)    7 :  0.003 0.031 0.067 0.883 0.016 
505 NS_SS1323    (0)    7 :  0.083 0.012 0.540 0.333 0.033 
506 HI_SS0296    (0)    8 :  0.002 0.642 0.061 0.085 0.211 
507 HI_SS0297    (0)    8 :  0.001 0.290 0.101 0.046 0.561 
508 HI_SS0299    (0)    8 :  0.036 0.513 0.195 0.062 0.194 
509 HI_SS0300    (0)    8 :  0.001 0.256 0.013 0.196 0.534 
510 HI_SS0301    (0)    8 :  0.003 0.028 0.099 0.011 0.859 
511 HI_SS0302    (0)    8 :  0.022 0.930 0.017 0.014 0.017 
512 HI_SS0303    (0)    8 :  0.006 0.928 0.010 0.043 0.013 
513 HI_SS0304    (0)    8 :  0.002 0.058 0.049 0.834 0.057 
514 HI_SS0306    (5)    8 :  0.003 0.978 0.005 0.008 0.007 
515 HI_SS0307    (1)    8 :  0.006 0.009 0.034 0.084 0.867 
516 HI_SS0308    (1)    8 :  0.063 0.023 0.244 0.011 0.659 
517 HI_SS0309    (0)    8 :  0.003 0.007 0.644 0.019 0.327 
518 HI_SS0310    (0)    8 :  0.006 0.483 0.022 0.472 0.017 
519 HI_SS0311    (4)    8 :  0.003 0.175 0.164 0.509 0.149 
520 HI_SS0314    (0)    8 :  0.001 0.060 0.127 0.769 0.042 
521 HI_SS0316    (1)    8 :  0.004 0.626 0.101 0.099 0.169 
522 HI_SS0317    (3)    8 :  0.002 0.016 0.068 0.044 0.870 
523 HI_SS0318    (1)    8 :  0.185 0.244 0.008 0.010 0.553 
524 HI_SS0319    (0)    8 :  0.005 0.963 0.010 0.005 0.017 
525 HI_SS0320    (3)    8 :  0.001 0.008 0.052 0.839 0.100 
526 HI_SS0321    (0)    8 :  0.001 0.010 0.006 0.005 0.978 
527 HI_SS0323    (1)    8 :  0.002 0.036 0.009 0.045 0.909 
528 HI_SS0325    (2)    8 :  0.001 0.945 0.015 0.030 0.008 
529 HI_SS0327    (1)    8 :  0.002 0.208 0.041 0.007 0.743 
530 HI_SS0329    (1)    8 :  0.001 0.043 0.029 0.915 0.012 
531 HI_SS0333    (1)    8 :  0.003 0.099 0.191 0.210 0.497 
532 HI_SS0334    (1)    8 :  0.001 0.226 0.174 0.013 0.586 
533 HI_SS0335    (1)    8 :  0.019 0.009 0.825 0.014 0.133 
534 HI_SS0339    (0)    8 :  0.011 0.011 0.588 0.100 0.290 
535 HI_SS0343    (2)    8 :  0.002 0.008 0.925 0.054 0.012 
536 HI_SS0344    (1)    8 :  0.003 0.983 0.005 0.004 0.006 
537 HI_SS0345    (3)    8 :  0.006 0.098 0.775 0.099 0.021 
538 HI_SS0346    (0)    8 :  0.004 0.064 0.019 0.617 0.296 
539 HI_SS0350    (1)    8 :  0.007 0.005 0.877 0.091 0.020 
540 HI_SS0351    (0)    8 :  0.004 0.037 0.286 0.311 0.363 
541 HI_SS0352    (3)    8 :  0.084 0.010 0.850 0.038 0.017 
542 HI_SS0362    (0)    8 :  0.002 0.116 0.007 0.087 0.787 
543 HI_SS0363    (1)    8 :  0.004 0.877 0.043 0.015 0.062 
544 HI_SS0365    (0)    8 :  0.005 0.502 0.220 0.059 0.214 
545 HI_SS0366    (0)    8 :  0.002 0.944 0.025 0.017 0.012 
546 HI_SS0367    (1)    8 :  0.002 0.005 0.152 0.823 0.017 
547 HI_SS0369    (1)    8 :  0.002 0.013 0.565 0.306 0.113 
548 HI_SS0370    (0)    8 :  0.003 0.019 0.049 0.039 0.891 
549 HI_SS0371    (4)    8 :  0.005 0.837 0.007 0.114 0.038 
550 HI_SS0373    (3)    8 :  0.013 0.172 0.031 0.300 0.483 
551 HI_SS0374    (0)    8 :  0.026 0.010 0.051 0.839 0.073 
552 HI_SS0377    (0)    8 :  0.086 0.515 0.362 0.018 0.020 
553 HI_SS0379    (1)    8 :  0.001 0.982 0.006 0.004 0.007 
554 HI_SS0380    (1)    8 :  0.006 0.013 0.106 0.659 0.215 
555 HI_SS0381    (2)    8 :  0.004 0.015 0.728 0.103 0.149 
556 HI_SS0384    (3)    8 :  0.008 0.161 0.007 0.734 0.089 
557 HI_SS0385    (1)    8 :  0.001 0.901 0.011 0.052 0.035 
558 HI_SS0386    (0)    9 :  0.993 0.002 0.003 0.002 0.002 
559 HI_SS0387    (0)    9 :  0.951 0.013 0.014 0.010 0.012 
560 HI_SS0389    (2)    9 :  0.986 0.004 0.004 0.004 0.003 
561 HI_SS0390    (2)    9 :  0.992 0.002 0.002 0.002 0.002 
562 HI_SS0391    (3)    9 :  0.989 0.002 0.004 0.002 0.002 
563 HI_SS0392    (0)    9 :  0.992 0.002 0.002 0.002 0.002 
564 HI_SS0393    (2)    9 :  0.993 0.002 0.002 0.002 0.001 
565 HI_SS0394    (2)    9 :  0.993 0.002 0.001 0.002 0.002 
566 HI_SS0395    (2)    9 :  0.985 0.003 0.003 0.005 0.003 
567 HI_SS0396    (2)    9 :  0.958 0.009 0.012 0.009 0.012 
568 HI_SS0398    (2)    9 :  0.975 0.005 0.006 0.006 0.007 
569 HI_SS0399    (2)    9 :  0.995 0.001 0.001 0.001 0.001 
570 HI_SS0400    (3)    9 :  0.991 0.002 0.003 0.002 0.002 
571 HI_SS0401    (5)    9 :  0.994 0.002 0.001 0.002 0.002 
572 HI_SS0402    (0)    9 :  0.995 0.001 0.002 0.001 0.001 
573 HI_SS0403    (0)    9 :  0.994 0.001 0.002 0.002 0.002 
574 HI_SS0404    (2)    9 :  0.995 0.001 0.001 0.001 0.001 
575 HI_SS0405    (2)    9 :  0.935 0.011 0.027 0.010 0.017 
576 HI_SS0406    (2)    9 :  0.991 0.002 0.002 0.002 0.002 
577 HI_SS0407    (0)    9 :  0.968 0.006 0.007 0.011 0.007 
578 HI_SS0408    (0)    9 :  0.995 0.001 0.001 0.001 0.001 
579 HI_SS0409    (2)    9 :  0.987 0.003 0.004 0.003 0.003 
580 HI_SS0411    (2)    9 :  0.989 0.003 0.002 0.002 0.003 
581 HI_SS0412   (11)    9 :  0.806 0.037 0.053 0.040 0.064 
582 HI_SS0413    (0)    9 :  0.991 0.002 0.002 0.002 0.002 
583 HI_SS0414    (2)    9 :  0.933 0.008 0.018 0.020 0.022 
584 HI_SS0415    (2)    9 :  0.992 0.002 0.003 0.002 0.002 
585 HI_SS0416    (2)    9 :  0.986 0.004 0.003 0.004 0.004 
586 HI_SS0418    (2)    9 :  0.979 0.004 0.007 0.004 0.006 
587 HI_SS0419    (3)    9 :  0.986 0.003 0.003 0.004 0.004 
588 HI_SS0420    (0)    9 :  0.990 0.003 0.002 0.002 0.002 
589 HI_SS0421    (4)    9 :  0.981 0.004 0.007 0.004 0.005 
590 HI_SS0422    (3)    9 :  0.993 0.002 0.002 0.002 0.001 
591 HI_SS0423    (2)    9 :  0.982 0.005 0.003 0.005 0.004 
592 HI_SS0424    (1)    9 :  0.994 0.001 0.002 0.002 0.002 
593 HI_SS0425    (0)    9 :  0.987 0.002 0.003 0.004 0.003 
594 NS_SS1146    (3)   10 :  0.991 0.002 0.002 0.001 0.003 
595 NS_SS1157    (1)   10 :  0.973 0.006 0.010 0.005 0.006 
596 NS_SS1144    (7)   10 :  0.928 0.020 0.023 0.010 0.019 
597 NS_SS1074    (3)   10 :  0.985 0.004 0.004 0.003 0.003 
598 NS_SS1122    (0)   10 :  0.982 0.006 0.004 0.004 0.005 
599 NS_SS1136    (2)   10 :  0.996 0.001 0.001 0.001 0.001 
600 NS_SS1077    (4)   10 :  0.997 0.001 0.001 0.001 0.001 
601 NS_SS1134    (2)   10 :  0.959 0.009 0.008 0.013 0.011 
602 NS_SS1091    (1)   10 :  0.991 0.002 0.003 0.003 0.002 
603 NS_SS1089   (10)   10 :  0.987 0.003 0.003 0.003 0.003 
604 NS_SS1123    (2)   10 :  0.993 0.002 0.002 0.002 0.002 
605 NS_SS1158    (3)   10 :  0.996 0.001 0.001 0.001 0.001 
606 NS_SS1093    (3)   10 :  0.989 0.003 0.003 0.003 0.002 
607 NS_SS1102    (5)   10 :  0.978 0.005 0.007 0.005 0.006 
608 NS_SS1056    (0)   10 :  0.993 0.001 0.002 0.002 0.002 
609 NS_SS1126    (2)   10 :  0.988 0.003 0.003 0.003 0.003 
610 NS_SS1058   (15)   10 :  0.983 0.006 0.004 0.003 0.004 
611 NS_SS1084    (2)   10 :  0.994 0.001 0.001 0.001 0.002 
612 NS_SS1095    (3)   10 :  0.974 0.010 0.005 0.006 0.006 
613 NS_SS1079    (3)   10 :  0.994 0.002 0.001 0.002 0.002 
614 NS_SS1149    (0)   10 :  0.989 0.002 0.003 0.003 0.002 
615 NS_SS1121    (0)   10 :  0.993 0.002 0.002 0.002 0.002 
616 NS_SS1067    (0)   10 :  0.976 0.006 0.006 0.007 0.005 
617 NS_SS1081    (2)   10 :  0.991 0.002 0.002 0.003 0.002 
618 NS_SS1130    (0)   10 :  0.985 0.003 0.004 0.003 0.005 
619 NS_SS1073    (2)   10 :  0.988 0.002 0.003 0.003 0.003 
620 NS_SS1133    (2)   10 :  0.969 0.004 0.006 0.017 0.004 
621 NS_SS1129    (2)   10 :  0.994 0.002 0.001 0.001 0.001 
622 NS_SS1085    (1)   10 :  0.991 0.002 0.002 0.002 0.003 
623 NS_SS1137    (2)   10 :  0.983 0.004 0.005 0.005 0.004 
624 NS_SS1135    (3)   10 :  0.995 0.001 0.001 0.001 0.001 
625 NS_SS1082    (3)   10 :  0.994 0.001 0.002 0.002 0.002 
