   NS_SS0963  1 0.6004 0.0052 0.2567 0.0900 0.0476 
   NS_SS0983  1 0.6273 0.0037 0.0110 0.0082 0.3499 
   NS_SS0719  1 0.2618 0.0041 0.0178 0.6735 0.0427 
   NS_SS1001  1 0.0937 0.0066 0.0602 0.6733 0.1662 
   NS_SS0936  1 0.2140 0.0029 0.6286 0.1249 0.0296 
   NS_SS0955  1 0.2345 0.0034 0.0476 0.0131 0.7013 
   NS_SS0944  1 0.0413 0.0019 0.2148 0.0202 0.7218 
   NS_SS0945  1 0.0954 0.0105 0.2111 0.0834 0.5997 
   NS_SS0922  1 0.0371 0.0273 0.0514 0.8782 0.0060 
   NS_SS0929  1 0.2195 0.0032 0.3870 0.1972 0.1931 
   NS_SS0956  1 0.0315 0.0037 0.0095 0.9445 0.0108 
   NS_SS0906  1 0.3556 0.0035 0.5534 0.0567 0.0308 
   NS_SS0721  1 0.9646 0.0037 0.0060 0.0157 0.0100 
   NS_SS0982  1 0.4127 0.0145 0.4828 0.0774 0.0126 
   NS_SS0923  1 0.3453 0.0043 0.0429 0.5935 0.0141 
   NS_SS0905  1 0.6802 0.0013 0.0197 0.2772 0.0216 
   NS_SS0925  1 0.3955 0.0038 0.5731 0.0200 0.0076 
   NS_SS0947  1 0.0571 0.0047 0.8824 0.0333 0.0225 
   NS_SS0926  1 0.0313 0.0011 0.0117 0.0364 0.9194 
   NS_SS0918  1 0.4949 0.0024 0.1978 0.1778 0.1272 
   NS_SS0966  1 0.0577 0.0437 0.8461 0.0176 0.0350 
   NS_SS0938  1 0.0370 0.0013 0.1758 0.7290 0.0569 
   NS_SS0917  1 0.7071 0.0334 0.0112 0.2167 0.0316 
   NS_SS0957  1 0.2035 0.0061 0.2232 0.5402 0.0269 
   NS_SS0987  1 0.1323 0.2366 0.0323 0.5834 0.0154 
   NS_SS0717  1 0.1090 0.0033 0.4400 0.4306 0.0170 
   NS_SS0986  1 0.5720 0.0038 0.2248 0.1616 0.0379 
   NS_SS0953  1 0.0248 0.0135 0.9265 0.0108 0.0244 
   NS_SS0907  1 0.5074 0.0402 0.4081 0.0187 0.0256 
   NS_SS0974  1 0.0534 0.0038 0.1034 0.0334 0.8061 
   NS_SS0989  1 0.0974 0.0012 0.1622 0.0185 0.7207 
   NS_SS0991  1 0.3024 0.0024 0.0848 0.0147 0.5958 
   NS_SS0994  1 0.0090 0.0016 0.0068 0.0066 0.9760 
   NS_SS0931  1 0.0961 0.0101 0.0264 0.1449 0.7225 
   NS_SS1000  1 0.1102 0.0039 0.8333 0.0442 0.0084 
   NS_SS0919  1 0.7881 0.0026 0.1498 0.0340 0.0255 
   NS_SS0949  1 0.0181 0.0012 0.0098 0.0067 0.9642 
   NS_SS0960  1 0.5698 0.0061 0.0254 0.1382 0.2604 
   NS_SS0716  1 0.0195 0.0053 0.0065 0.9640 0.0047 
   NS_SS0924  1 0.6131 0.0189 0.0609 0.1527 0.1543 
   NS_SS0935  1 0.3985 0.0085 0.0193 0.0882 0.4854 
   NS_SS0952  1 0.2587 0.0347 0.3083 0.0344 0.3640 
   NS_SS0962  1 0.3434 0.0073 0.2821 0.3561 0.0111 
   NS_SS0973  1 0.6763 0.0037 0.0743 0.0289 0.2169 
   NS_SS0722  1 0.0491 0.0025 0.6250 0.3136 0.0098 
   NS_SS0979  1 0.4551 0.0022 0.2334 0.2925 0.0168 
   NS_SS0993  1 0.1286 0.0175 0.7310 0.1104 0.0125 
   NS_SS0958  1 0.0876 0.0029 0.0894 0.0847 0.7355 
   NS_SS0988  1 0.2116 0.0059 0.5636 0.1300 0.0889 
   NS_SS1003  1 0.3582 0.0102 0.1470 0.4739 0.0107 
   NS_SS0976  1 0.3265 0.0013 0.2564 0.0181 0.3977 
   NS_SS0964  1 0.0833 0.0021 0.1220 0.7740 0.0185 
   NS_SS0939  1 0.0363 0.0034 0.0059 0.9498 0.0046 
   NS_SS0990  1 0.0971 0.0031 0.0368 0.8162 0.0467 
   NS_SS0984  1 0.0108 0.0019 0.0127 0.9704 0.0042 
   NS_SS0980  1 0.4155 0.0020 0.5171 0.0404 0.0250 
   NS_SS0978  1 0.5497 0.0031 0.2086 0.2072 0.0313 
   NS_SS0951  1 0.1979 0.0033 0.2303 0.1998 0.3688 
   NS_SS0913  1 0.1099 0.0338 0.1082 0.7290 0.0191 
   NS_SS1002  1 0.0378 0.0364 0.9089 0.0097 0.0072 
   NS_SS0948  1 0.1814 0.0516 0.5239 0.1946 0.0486 
   NS_SS0916  1 0.5503 0.0039 0.0171 0.3389 0.0898 
   NS_SS0995  1 0.4720 0.0029 0.0150 0.5026 0.0075 
   NS_SS0927  1 0.7362 0.0050 0.0305 0.1634 0.0648 
   NS_SS0992  1 0.2914 0.0031 0.4647 0.0666 0.1742 
   NS_SS0912  1 0.5521 0.0028 0.0236 0.0938 0.3276 
   NS_SS0981  1 0.5753 0.0026 0.0805 0.3229 0.0187 
   NS_SS0729  2 0.0110 0.0033 0.0153 0.0046 0.9659 
   NS_SS0967  2 0.6822 0.0121 0.1254 0.1197 0.0605 
   NS_SS0941  2 0.4265 0.0789 0.1371 0.2406 0.1169 
   NS_SS0768  2 0.0390 0.0041 0.8938 0.0434 0.0197 
   NS_SS0726  2 0.2450 0.0075 0.0673 0.0144 0.6657 
   NS_SS0763  2 0.1054 0.0026 0.0553 0.0237 0.8130 
   NS_SS0730  2 0.0272 0.0030 0.0147 0.9443 0.0108 
   NS_SS0774  2 0.2547 0.0010 0.3567 0.3792 0.0084 
   NS_SS0723  2 0.5443 0.0016 0.2372 0.2109 0.0059 
   NS_SS0940  2 0.4680 0.0064 0.0123 0.1704 0.3428 
   NS_SS0762  2 0.0105 0.0033 0.1265 0.8487 0.0109 
   NS_SS0766  2 0.1117 0.0132 0.0113 0.7802 0.0835 
   NS_SS0724  2 0.0794 0.0040 0.8693 0.0239 0.0233 
   NS_SS0769  2 0.3933 0.0036 0.4320 0.1522 0.0189 
   NS_SS0777  2 0.5894 0.0118 0.0621 0.0943 0.2424 
   NS_SS0734  2 0.2560 0.0209 0.0160 0.5308 0.1764 
   NS_SS0737  2 0.1742 0.0051 0.3704 0.4400 0.0104 
   NS_SS0732  2 0.7896 0.0045 0.0166 0.1779 0.0114 
   NS_SS0728  2 0.4373 0.0111 0.2813 0.2321 0.0383 
   NS_SS0735  2 0.4819 0.0094 0.4341 0.0392 0.0354 
   NS_SS0725  2 0.0243 0.0079 0.6565 0.0893 0.2220 
   NS_SS0788  2 0.4687 0.0015 0.3301 0.1916 0.0081 
   NS_SS0778  2 0.6552 0.0017 0.0182 0.2992 0.0257 
   NS_SS0792  2 0.1997 0.0051 0.2914 0.4170 0.0867 
   NS_SS0943  2 0.0134 0.0069 0.1071 0.0070 0.8656 
   NS_SS0791  2 0.6317 0.0125 0.0052 0.2560 0.0945 
   NS_SS0790  2 0.0097 0.0031 0.9614 0.0223 0.0034 
   NS_SS0731  2 0.4434 0.0122 0.4300 0.1061 0.0083 
   NS_SS0727  2 0.0211 0.0020 0.0191 0.0486 0.9093 
   NS_SS0779  2 0.8570 0.0054 0.0317 0.0732 0.0327 
   NS_SS0776  2 0.3571 0.0065 0.4491 0.0238 0.1634 
   NS_SS0775  2 0.0217 0.0057 0.0380 0.9216 0.0129 
   NS_SS0965  3 0.8733 0.0017 0.0326 0.0643 0.0281 
   NS_SS0754  3 0.5198 0.0117 0.0236 0.0314 0.4136 
   NS_SS0838  3 0.4359 0.0483 0.2618 0.0577 0.1963 
   NS_SS0839  3 0.1228 0.0036 0.6069 0.2579 0.0087 
   NS_SS0832  3 0.3559 0.0540 0.4732 0.1102 0.0067 
   NS_SS0820  3 0.5169 0.0051 0.3471 0.1267 0.0042 
   NS_SS0886  3 0.6497 0.0021 0.0373 0.1369 0.1741 
   NS_SS0748  3 0.2464 0.0091 0.4772 0.0325 0.2348 
   NS_SS0884  3 0.4657 0.0212 0.3722 0.0447 0.0962 
   NS_SS0752  3 0.4296 0.0023 0.3695 0.1148 0.0838 
   NS_SS0862  3 0.7097 0.0041 0.0284 0.2496 0.0082 
   NS_SS0787  3 0.0311 0.0056 0.0103 0.0167 0.9363 
   NS_SS0843  3 0.4118 0.0021 0.4322 0.0691 0.0849 
   NS_SS0856  3 0.4919 0.0032 0.2697 0.2015 0.0338 
   NS_SS0846  3 0.1635 0.0024 0.5910 0.0082 0.2349 
   NS_SS0825  3 0.1940 0.0111 0.3769 0.3619 0.0562 
   NS_SS0757  3 0.7977 0.0029 0.0336 0.0405 0.1253 
   NS_SS0876  3 0.2957 0.2194 0.2442 0.2286 0.0121 
   NS_SS0903  3 0.3662 0.0024 0.6164 0.0076 0.0073 
   NS_SS0875  3 0.0195 0.0030 0.0117 0.9541 0.0118 
   NS_SS0740  3 0.5481 0.0029 0.3145 0.0399 0.0946 
   NS_SS0811  3 0.2657 0.0074 0.0340 0.6801 0.0128 
   NS_SS0751  3 0.3303 0.0027 0.0502 0.5821 0.0347 
   NS_SS0891  3 0.0227 0.0050 0.4604 0.4935 0.0185 
   NS_SS0867  3 0.2929 0.0253 0.4327 0.0274 0.2217 
   NS_SS0890  3 0.2945 0.0038 0.0262 0.6166 0.0589 
   NS_SS0866  3 0.0164 0.0049 0.0087 0.0201 0.9499 
   NS_SS0755  3 0.0859 0.0063 0.3857 0.4606 0.0615 
   NS_SS0758  3 0.7595 0.0018 0.1377 0.0237 0.0774 
   NS_SS0840  3 0.0981 0.0022 0.3650 0.5234 0.0113 
   NS_SS0889  3 0.0175 0.0022 0.0119 0.0399 0.9285 
   NS_SS1010  3 0.4553 0.0471 0.2584 0.1095 0.1298 
   NS_SS0888  3 0.0979 0.0015 0.0071 0.0139 0.8796 
   NS_SS0837  3 0.3802 0.0029 0.2205 0.3552 0.0412 
   NS_SS0794  3 0.0851 0.0020 0.0395 0.0232 0.8502 
   NS_SS0823  3 0.0757 0.0043 0.8571 0.0339 0.0290 
   NS_SS0829  3 0.0752 0.1204 0.0354 0.0105 0.7585 
   NS_SS0844  3 0.0127 0.0015 0.9746 0.0051 0.0062 
   NS_SS1008  3 0.0288 0.0126 0.0293 0.1267 0.8026 
   NS_SS0881  3 0.2282 0.0029 0.0248 0.6680 0.0761 
   NS_SS0834  3 0.0106 0.0060 0.9613 0.0103 0.0117 
   NS_SS0744  3 0.7804 0.0052 0.0846 0.0692 0.0606 
   NS_SS0899  3 0.2025 0.0015 0.4898 0.2998 0.0064 
   NS_SS0804  3 0.4527 0.0040 0.3017 0.2343 0.0074 
   NS_SS0781  3 0.0653 0.0032 0.8897 0.0373 0.0045 
   NS_SS0822  3 0.0299 0.0020 0.1189 0.0109 0.8383 
   NS_SS1004  3 0.4888 0.0032 0.4481 0.0266 0.0332 
   NS_SS0746  3 0.2805 0.0122 0.5467 0.0343 0.1263 
   NS_SS0880  3 0.3437 0.0015 0.2144 0.1169 0.3235 
   NS_SS0879  3 0.0335 0.0136 0.7823 0.0990 0.0716 
   NS_SS0753  3 0.4291 0.0109 0.0225 0.0246 0.5129 
   NS_SS1007  3 0.6032 0.0014 0.0066 0.3635 0.0252 
   NS_SS0872  3 0.0973 0.0019 0.8108 0.0801 0.0098 
   NS_SS1005  3 0.0695 0.0011 0.9068 0.0117 0.0109 
   NS_SS0892  3 0.2049 0.0021 0.0298 0.7289 0.0343 
   NS_SS0898  3 0.0145 0.0053 0.0164 0.7511 0.2127 
   NS_SS0801  3 0.5143 0.0113 0.3947 0.0492 0.0305 
   NS_SS0827  3 0.2262 0.1138 0.0115 0.5979 0.0506 
   NS_SS0853  3 0.3390 0.0048 0.0330 0.6027 0.0205 
   NS_SS0780  3 0.6727 0.0041 0.1051 0.2115 0.0065 
   NS_SS0826  3 0.0100 0.0028 0.8634 0.0076 0.1162 
   NS_SS0818  3 0.4679 0.0017 0.2296 0.2863 0.0146 
   NS_SS0745  3 0.0087 0.0015 0.0069 0.9773 0.0055 
   NS_SS0849  3 0.2377 0.0015 0.0227 0.7188 0.0192 
   NS_SS0739  3 0.2288 0.0122 0.0074 0.7411 0.0106 
   NS_SS0799  3 0.3895 0.0010 0.0105 0.0585 0.5405 
   NS_SS0756  3 0.1247 0.0035 0.8212 0.0410 0.0096 
   NS_SS0802  3 0.6689 0.1857 0.0149 0.0349 0.0955 
   NS_SS0747  3 0.8814 0.0047 0.0915 0.0092 0.0132 
   NS_SS0835  3 0.0751 0.0013 0.0881 0.0838 0.7517 
   NS_SS0742  3 0.6289 0.0012 0.1904 0.1492 0.0302 
   NS_SS0760  3 0.1377 0.0529 0.0151 0.0149 0.7793 
   NS_SS0803  3 0.0144 0.0066 0.9673 0.0071 0.0047 
   NS_SS0828  3 0.3342 0.0011 0.0430 0.5555 0.0661 
   NS_SS0865  3 0.4956 0.0256 0.0480 0.3156 0.1152 
   NS_SS0759  3 0.4094 0.0045 0.0257 0.5521 0.0083 
   NS_SS0851  3 0.0112 0.0109 0.0118 0.9613 0.0048 
   NS_SS0874  3 0.0146 0.0016 0.9673 0.0087 0.0077 
   NS_SS0761  3 0.3533 0.0024 0.0214 0.0448 0.5781 
   NS_SS0842  3 0.0475 0.0090 0.2490 0.6215 0.0730 
   NS_SS0785  3 0.7036 0.0054 0.0564 0.0150 0.2196 
   NS_SS0860  3 0.1658 0.0026 0.0172 0.0398 0.7746 
   NS_SS0897  3 0.0101 0.0018 0.0072 0.0081 0.9728 
   NS_SS0841  3 0.1033 0.0042 0.0887 0.7862 0.0176 
   NS_SS0797  3 0.0245 0.0185 0.0170 0.5876 0.3523 
   NS_SS0830  3 0.1530 0.0019 0.0736 0.5512 0.2203 
   NS_SS1011  3 0.1759 0.0054 0.7927 0.0170 0.0090 
   NS_SS0883  3 0.6230 0.0053 0.0074 0.3388 0.0256 
   NS_SS0782  3 0.2092 0.0027 0.2059 0.2730 0.3092 
   NS_SS0831  3 0.0670 0.0026 0.0170 0.0384 0.8749 
   NS_SS0749  3 0.9009 0.0038 0.0082 0.0398 0.0474 
   NS_SS0854  3 0.4936 0.0034 0.1720 0.0278 0.3032 
   HI_SS0193  4 0.0063 0.0014 0.0063 0.0138 0.9721 
   HI_SS0194  4 0.0082 0.0015 0.9558 0.0179 0.0166 
   HI_SS0195  4 0.2564 0.1020 0.0713 0.5643 0.0060 
   HI_SS0196  4 0.3013 0.0024 0.2644 0.0973 0.3346 
   HI_SS0197  4 0.6099 0.0112 0.0704 0.3028 0.0058 
   HI_SS0198  4 0.5134 0.0094 0.0575 0.3658 0.0539 
   HI_SS0199  4 0.2389 0.0024 0.0575 0.1464 0.5549 
   HI_SS0201  4 0.0763 0.0022 0.1137 0.0122 0.7956 
   HI_SS0215  4 0.4639 0.0037 0.1973 0.0132 0.3219 
   HI_SS0218  4 0.0358 0.0060 0.0052 0.0361 0.9170 
   HI_SS0222  4 0.3722 0.0050 0.0274 0.4718 0.1236 
   HI_SS0230  4 0.6067 0.0040 0.2688 0.1121 0.0084 
   HI_SS0234  4 0.1815 0.1317 0.6520 0.0169 0.0179 
   HI_SS0240  4 0.5125 0.0071 0.0174 0.4471 0.0160 
   HI_SS0241  4 0.2168 0.0017 0.1054 0.2187 0.4574 
   HI_SS0242  4 0.1575 0.0031 0.1173 0.5949 0.1272 
   HI_SS0247  4 0.0095 0.0178 0.9508 0.0112 0.0108 
   HI_SS0248  4 0.0116 0.0010 0.0253 0.0100 0.9520 
   HI_SS0252  4 0.3054 0.0021 0.4482 0.0473 0.1969 
   HI_SS0254  4 0.2986 0.0992 0.0547 0.0488 0.4986 
   HI_SS0256  4 0.0089 0.0012 0.9763 0.0109 0.0027 
   HI_SS0257  4 0.1953 0.0032 0.4028 0.0115 0.3873 
   HI_SS0258  4 0.0156 0.0046 0.0125 0.0118 0.9555 
   HI_SS0259  4 0.3805 0.0032 0.2916 0.3016 0.0233 
   HI_SS0260  4 0.1328 0.0014 0.0304 0.0262 0.8093 
   HI_SS0261  4 0.0679 0.0038 0.2174 0.0382 0.6727 
   HI_SS0262  4 0.0406 0.0066 0.0451 0.8922 0.0154 
   HI_SS0264  4 0.3764 0.0042 0.4779 0.1261 0.0155 
   HI_SS0265  4 0.1571 0.0908 0.2530 0.4866 0.0125 
   HI_SS0268  4 0.8873 0.0024 0.0300 0.0559 0.0244 
   HI_SS0269  4 0.1382 0.0018 0.0410 0.0171 0.8018 
   HI_SS0273  4 0.0395 0.0019 0.0142 0.0368 0.9075 
   HI_SS0277  4 0.5650 0.0028 0.1231 0.2484 0.0607 
   HI_SS0280  4 0.2688 0.0052 0.0160 0.6232 0.0868 
   HI_SS0282  4 0.1044 0.0014 0.0629 0.0113 0.8200 
   HI_SS0286  4 0.7428 0.0071 0.1026 0.0384 0.1091 
   NS_SS1252  5 0.0253 0.0035 0.0102 0.0072 0.9539 
   NS_SS1261  5 0.5506 0.0168 0.2656 0.1087 0.0584 
   NS_SS1225  5 0.0801 0.0757 0.6873 0.0084 0.1485 
   NS_SS1266  5 0.0124 0.0079 0.9624 0.0133 0.0039 
   NS_SS1228  5 0.0184 0.0113 0.0106 0.9530 0.0067 
   NS_SS1255  5 0.0232 0.0017 0.0793 0.4324 0.4634 
   NS_SS1267  5 0.0457 0.0174 0.0073 0.0134 0.9162 
   NS_SS1238  5 0.3720 0.0026 0.1607 0.1946 0.2700 
   NS_SS1233  5 0.3524 0.0016 0.5125 0.0510 0.0825 
   NS_SS1277  5 0.0067 0.0009 0.0055 0.2021 0.7848 
   NS_SS1245  5 0.1331 0.0019 0.4837 0.0564 0.3249 
   NS_SS1240  5 0.0327 0.0018 0.0091 0.0051 0.9513 
   NS_SS1275  5 0.1364 0.0028 0.4841 0.3704 0.0062 
   NS_SS1235  5 0.0092 0.0036 0.9704 0.0059 0.0110 
   NS_SS1263  5 0.0147 0.0011 0.9566 0.0101 0.0175 
   NS_SS1251  5 0.0110 0.0014 0.9607 0.0079 0.0189 
   NS_SS1248  5 0.2977 0.0902 0.0119 0.4559 0.1443 
   NS_SS1244  5 0.4999 0.0043 0.2002 0.0197 0.2758 
   NS_SS1257  5 0.1654 0.0327 0.0296 0.0525 0.7198 
   NS_SS1242  5 0.0461 0.0026 0.5795 0.3637 0.0081 
   NS_SS1271  5 0.0217 0.0266 0.0059 0.2209 0.7249 
   NS_SS1265  5 0.3777 0.0203 0.0693 0.0148 0.5179 
   NS_SS1243  5 0.4296 0.0807 0.0475 0.3901 0.0521 
   NS_SS1273  5 0.0401 0.0106 0.0627 0.8698 0.0168 
   NS_SS1254  5 0.0778 0.0057 0.7205 0.1694 0.0266 
   NS_SS1224  5 0.1064 0.0098 0.6619 0.1980 0.0239 
   NS_SS1227  5 0.3679 0.0021 0.0232 0.3432 0.2636 
   NS_SS1274  5 0.3436 0.0191 0.0497 0.0228 0.5648 
   NS_SS1241  5 0.1775 0.0011 0.2728 0.0209 0.5277 
   NS_SS1256  5 0.0379 0.0416 0.8523 0.0272 0.0410 
   NS_SS1260  5 0.2918 0.0664 0.0271 0.0172 0.5974 
   NS_SS1262  5 0.1589 0.1765 0.3454 0.0264 0.2927 
   NS_SS1230  5 0.4018 0.0084 0.0713 0.0827 0.4358 
   NS_SS1270  5 0.4663 0.0020 0.5133 0.0085 0.0097 
   NS_SS1229  5 0.2520 0.0034 0.7189 0.0134 0.0123 
   NS_SS1246  5 0.2214 0.0033 0.0651 0.0340 0.6762 
   NS_SS1269  5 0.8431 0.0019 0.0276 0.0933 0.0342 
   NS_SS1239  5 0.2780 0.0044 0.0197 0.6389 0.0590 
   NS_SS1272  5 0.0456 0.0053 0.9263 0.0129 0.0099 
   NS_SS1268  5 0.0324 0.0019 0.2181 0.7319 0.0158 
   NS_SS1249  5 0.0083 0.0100 0.0129 0.0134 0.9554 
   HI_SS0559  6 0.3875 0.0015 0.3473 0.0817 0.1820 
   HI_SS0563  6 0.3761 0.0032 0.2848 0.1437 0.1922 
   HI_SS0564  6 0.5129 0.0547 0.1076 0.2908 0.0341 
   HI_SS0565  6 0.4083 0.0034 0.4169 0.0449 0.1266 
   HI_SS0569  6 0.6228 0.0017 0.0286 0.0116 0.3353 
   HI_SS0570  6 0.0673 0.0413 0.0272 0.0385 0.8258 
   HI_SS0572  6 0.0084 0.0022 0.9580 0.0236 0.0079 
   HI_SS0576  6 0.4123 0.0049 0.0207 0.5345 0.0276 
   HI_SS0579  6 0.0930 0.0134 0.8098 0.0156 0.0683 
   HI_SS0580  6 0.0802 0.0045 0.1276 0.3820 0.4056 
   HI_SS0581  6 0.4756 0.0660 0.1204 0.3292 0.0089 
   HI_SS0583  6 0.1395 0.0027 0.1430 0.0442 0.6706 
   HI_SS0586  6 0.0387 0.0010 0.0073 0.0145 0.9385 
   HI_SS0588  6 0.5527 0.0170 0.0350 0.0315 0.3638 
   HI_SS0595  6 0.1435 0.0271 0.0296 0.6444 0.1553 
   HI_SS0596  6 0.0076 0.0023 0.8325 0.1465 0.0111 
   HI_SS0597  6 0.1119 0.0021 0.8590 0.0162 0.0108 
   HI_SS0600  6 0.8027 0.0032 0.0347 0.0987 0.0606 
   HI_SS0601  6 0.3874 0.0128 0.4780 0.0154 0.1064 
   HI_SS0602  6 0.7378 0.0021 0.0267 0.1512 0.0822 
   HI_SS0604  6 0.4791 0.0017 0.4697 0.0105 0.0390 
   HI_SS0605  6 0.6585 0.0057 0.0267 0.2681 0.0410 
   HI_SS0608  6 0.1322 0.0009 0.0141 0.8238 0.0291 
   HI_SS0609  6 0.0192 0.0009 0.7441 0.2238 0.0119 
   HI_SS0611  6 0.0968 0.0031 0.0229 0.0525 0.8247 
   HI_SS0612  6 0.1879 0.0077 0.6219 0.0171 0.1654 
   HI_SS0613  6 0.3449 0.0015 0.0712 0.5351 0.0473 
   HI_SS0615  6 0.2785 0.0084 0.0442 0.6594 0.0094 
   HI_SS0001  6 0.0950 0.0046 0.1361 0.0391 0.7253 
   HI_SS0002  6 0.0913 0.0245 0.8585 0.0170 0.0087 
   HI_SS0004  6 0.2369 0.0061 0.0447 0.0530 0.6593 
   HI_SS0005  6 0.4685 0.0047 0.0092 0.4984 0.0193 
   HI_SS0006  6 0.1296 0.0017 0.2955 0.0108 0.5624 
   HI_SS0007  6 0.0451 0.0026 0.0084 0.1143 0.8296 
   HI_SS0008  6 0.6060 0.0368 0.1145 0.2097 0.0330 
   HI_SS0009  6 0.1656 0.0050 0.0722 0.6912 0.0660 
   HI_SS0010  6 0.3287 0.0037 0.0179 0.1154 0.5342 
   HI_SS0011  6 0.0706 0.0976 0.6634 0.1237 0.0448 
   HI_SS0012  6 0.5149 0.0050 0.3186 0.1549 0.0066 
   HI_SS0017  6 0.0110 0.0020 0.6769 0.2666 0.0436 
   HI_SS0021  6 0.0661 0.2418 0.0133 0.2354 0.4434 
   HI_SS0024  6 0.1170 0.0023 0.1207 0.6846 0.0754 
   HI_SS0025  6 0.1254 0.0039 0.3329 0.5197 0.0181 
   HI_SS0027  6 0.1407 0.0136 0.0104 0.0152 0.8202 
   HI_SS0028  6 0.0304 0.0019 0.0165 0.9463 0.0050 
   HI_SS0029  6 0.0652 0.0074 0.0318 0.8551 0.0406 
   HI_SS0030  6 0.2689 0.0056 0.0739 0.0809 0.5708 
   HI_SS0031  6 0.7751 0.0036 0.0526 0.1574 0.0113 
   HI_SS0034  6 0.2166 0.0049 0.0348 0.0082 0.7354 
   HI_SS0036  6 0.2574 0.0114 0.0054 0.0803 0.6455 
   HI_SS0037  6 0.3696 0.0049 0.0531 0.1164 0.4560 
   HI_SS0039  6 0.0496 0.0027 0.0083 0.3905 0.5489 
   HI_SS0041  6 0.0274 0.0017 0.0521 0.9070 0.0118 
   HI_SS0042  6 0.0199 0.1104 0.0544 0.8083 0.0070 
   HI_SS0043  6 0.0875 0.0028 0.0081 0.0091 0.8924 
   HI_SS0044  6 0.0475 0.0032 0.0150 0.8699 0.0645 
   HI_SS0047  6 0.5161 0.0020 0.4476 0.0160 0.0183 
   HI_SS0049  6 0.2439 0.0041 0.4081 0.2315 0.1125 
   HI_SS0051  6 0.7795 0.0021 0.0434 0.0920 0.0830 
   HI_SS0053  6 0.1429 0.0046 0.0140 0.0181 0.8204 
   HI_SS0054  6 0.0174 0.0035 0.0178 0.0127 0.9486 
   HI_SS0057  6 0.5257 0.0033 0.1233 0.2275 0.1202 
   HI_SS0058  6 0.0319 0.0073 0.7852 0.0328 0.1429 
   HI_SS0060  6 0.6272 0.0788 0.2164 0.0534 0.0243 
   HI_SS0087  6 0.0754 0.0028 0.7492 0.0259 0.1467 
   HI_SS0091  6 0.1347 0.0013 0.0361 0.0095 0.8183 
   HI_SS0095  6 0.6658 0.0472 0.1972 0.0237 0.0662 
   HI_SS0097  6 0.1772 0.0038 0.7979 0.0069 0.0142 
   HI_SS0099  6 0.0074 0.0035 0.0117 0.9704 0.0069 
   HI_SS0103  6 0.2730 0.0032 0.6246 0.0459 0.0531 
   HI_SS0105  6 0.6783 0.0270 0.2092 0.0425 0.0430 
   HI_SS0107  6 0.0125 0.0010 0.9632 0.0150 0.0083 
   HI_SS0108  6 0.0175 0.0229 0.0065 0.0070 0.9461 
   HI_SS0110  6 0.4174 0.0012 0.1734 0.2317 0.1763 
   HI_SS0111  6 0.5944 0.0243 0.0209 0.3412 0.0191 
   HI_SS0112  6 0.0068 0.0013 0.0047 0.0094 0.9779 
   HI_SS0113  6 0.0742 0.0041 0.8662 0.0476 0.0078 
   HI_SS0114  6 0.7894 0.0052 0.0138 0.0255 0.1660 
   HI_SS0115  6 0.5370 0.0143 0.0948 0.1915 0.1623 
   HI_SS0116  6 0.0116 0.0042 0.0195 0.1940 0.7707 
   HI_SS0117  6 0.0251 0.0020 0.8129 0.0084 0.1516 
   HI_SS0118  6 0.1006 0.0142 0.1395 0.1629 0.5828 
   HI_SS0119  6 0.4210 0.0020 0.0217 0.0124 0.5428 
   HI_SS0120  6 0.0134 0.0031 0.8516 0.0901 0.0418 
   HI_SS0121  6 0.2828 0.0014 0.1298 0.5775 0.0085 
   HI_SS0122  6 0.3126 0.0242 0.0833 0.5158 0.0641 
   HI_SS0123  6 0.4935 0.0045 0.3565 0.1171 0.0285 
   HI_SS0124  6 0.0208 0.0027 0.0175 0.9518 0.0072 
   HI_SS0125  6 0.0674 0.0264 0.0082 0.8936 0.0043 
   HI_SS0126  6 0.0062 0.0008 0.0053 0.0197 0.9679 
   HI_SS0127  6 0.6516 0.0080 0.0388 0.1980 0.1036 
   HI_SS0128  6 0.1638 0.0035 0.4694 0.1359 0.2274 
   HI_SS0129  6 0.2810 0.0122 0.0295 0.4466 0.2307 
   HI_SS0131  6 0.2979 0.0316 0.5228 0.0396 0.1081 
   HI_SS0132  6 0.3637 0.0006 0.0651 0.3322 0.2385 
   HI_SS0133  6 0.0030 0.0011 0.0024 0.0035 0.9901 
   HI_SS0134  6 0.4374 0.0021 0.2499 0.0875 0.2231 
   HI_SS0142  6 0.7575 0.0183 0.1869 0.0278 0.0095 
   HI_SS0145  6 0.1975 0.0014 0.5872 0.0136 0.2002 
   HI_SS0146  6 0.0536 0.0011 0.0116 0.2099 0.7238 
   HI_SS0147  6 0.2618 0.0266 0.5513 0.1486 0.0116 
   HI_SS0149  6 0.2816 0.0049 0.0958 0.2891 0.3287 
   HI_SS0150  6 0.4488 0.0042 0.0368 0.4977 0.0125 
   HI_SS0151  6 0.6363 0.0122 0.0503 0.0593 0.2418 
   NS_SS1451  6 0.2162 0.0037 0.0374 0.7344 0.0083 
   NS_SS1404  6 0.0160 0.0090 0.0331 0.9206 0.0213 
   NS_SS1432  6 0.1584 0.0295 0.0126 0.7939 0.0056 
   NS_SS1405  6 0.1268 0.0034 0.2992 0.4090 0.1615 
   NS_SS1431  6 0.0563 0.0008 0.3029 0.6249 0.0151 
   NS_SS1402  6 0.2639 0.0024 0.6770 0.0358 0.0209 
   NS_SS1450  6 0.2180 0.0036 0.0204 0.0365 0.7216 
   NS_SS1396  6 0.6741 0.0065 0.1247 0.1490 0.0457 
   NS_SS1393  6 0.8674 0.0034 0.0170 0.0198 0.0923 
   NS_SS1392  6 0.0922 0.0148 0.0281 0.8190 0.0459 
   NS_SS1445  6 0.3753 0.0105 0.0608 0.0232 0.5301 
   NS_SS1423  6 0.0455 0.0013 0.4395 0.0131 0.5006 
   NS_SS1421  6 0.1311 0.0997 0.1065 0.0362 0.6266 
   NS_SS1411  6 0.3873 0.0015 0.0107 0.0516 0.5488 
   NS_SS1453  6 0.4660 0.0067 0.0442 0.0858 0.3973 
   NS_SS1442  6 0.3765 0.0036 0.4590 0.0740 0.0868 
   NS_SS1422  6 0.0971 0.0118 0.7207 0.0218 0.1485 
   NS_SS1419  6 0.1458 0.1738 0.1397 0.4203 0.1204 
   NS_SS1427  6 0.0139 0.0015 0.0065 0.0334 0.9448 
   NS_SS1444  6 0.3709 0.0033 0.2318 0.3846 0.0093 
   NS_SS1455  6 0.0091 0.0014 0.9710 0.0101 0.0084 
   NS_SS1425  6 0.0382 0.0016 0.0105 0.0092 0.9406 
   NS_SS1400  6 0.0078 0.0012 0.0121 0.0046 0.9742 
   NS_SS1406  6 0.1297 0.0092 0.8384 0.0166 0.0061 
   NS_SS1417  6 0.0211 0.0066 0.8967 0.0135 0.0621 
   NS_SS1454  6 0.1208 0.0017 0.0475 0.2115 0.6185 
   NS_SS1412  6 0.1057 0.0288 0.0833 0.2238 0.5585 
   NS_SS1438  6 0.3328 0.0015 0.0469 0.0094 0.6093 
   NS_SS1416  6 0.4448 0.0062 0.0871 0.4450 0.0168 
   NS_SS1401  6 0.4865 0.0120 0.4024 0.0774 0.0217 
   NS_SS1424  6 0.1595 0.0131 0.1490 0.0467 0.6317 
   NS_SS1435  6 0.2705 0.0026 0.0154 0.6320 0.0794 
   NS_SS1447  6 0.3761 0.0063 0.5444 0.0527 0.0205 
   NS_SS1414  6 0.0284 0.0077 0.6859 0.2572 0.0208 
   NS_SS1449  6 0.5141 0.0043 0.4164 0.0223 0.0429 
   NS_SS1443  6 0.1358 0.0023 0.0253 0.0072 0.8294 
   NS_SS1434  6 0.0155 0.0008 0.4086 0.0588 0.5163 
   NS_SS1398  6 0.4707 0.0178 0.0154 0.4206 0.0755 
   NS_SS1426  6 0.0941 0.0026 0.0127 0.0162 0.8745 
   NS_SS1413  6 0.0188 0.0119 0.0165 0.0086 0.9442 
   NS_SS1395  6 0.8659 0.0076 0.0198 0.0193 0.0874 
   NS_SS1448  6 0.0284 0.0020 0.0162 0.3784 0.5750 
   NS_SS1446  6 0.2990 0.0028 0.4000 0.1452 0.1530 
   NS_SS1403  6 0.6553 0.0063 0.1791 0.1269 0.0323 
   NS_SS1415  6 0.0411 0.0108 0.0095 0.0226 0.9161 
   NS_SS1437  6 0.0775 0.0088 0.4390 0.4446 0.0302 
   NS_SS1439  6 0.3469 0.0026 0.6287 0.0124 0.0094 
   NS_SS1441  6 0.5327 0.0021 0.0407 0.0260 0.3986 
   NS_SS1420  6 0.0223 0.0027 0.0128 0.9558 0.0065 
   NS_SS1394  6 0.2144 0.0281 0.0215 0.7302 0.0057 
   NS_SS1391  6 0.3409 0.0156 0.1387 0.0709 0.4339 
   NS_SS1410  6 0.3569 0.0150 0.2202 0.2354 0.1725 
   NS_SS1408  6 0.7558 0.0489 0.1298 0.0567 0.0088 
   NS_SS1409  6 0.3577 0.0023 0.0658 0.3065 0.2677 
   HI_SS0617  7 0.3247 0.0016 0.1899 0.3862 0.0975 
   HI_SS0618  7 0.4373 0.0021 0.0848 0.4580 0.0178 
   HI_SS0619  7 0.0770 0.0039 0.0725 0.7756 0.0710 
   HI_SS0620  7 0.0312 0.0025 0.0098 0.0122 0.9444 
   HI_SS0621  7 0.3317 0.0148 0.4085 0.2267 0.0183 
   HI_SS0622  7 0.0547 0.0115 0.5238 0.1627 0.2473 
   HI_SS0626  7 0.1304 0.0068 0.0120 0.8399 0.0109 
   HI_SS0627  7 0.4857 0.0076 0.3786 0.1182 0.0099 
   HI_SS0628  7 0.0588 0.0513 0.0260 0.6044 0.2595 
   HI_SS0629  7 0.1801 0.0064 0.2113 0.5466 0.0555 
   HI_SS0630  7 0.3904 0.0497 0.0273 0.2232 0.3094 
   HI_SS0631  7 0.3402 0.0008 0.0313 0.0631 0.5647 
   HI_SS0632  7 0.5473 0.0024 0.0957 0.2303 0.1243 
   HI_SS0633  7 0.0247 0.0031 0.3824 0.5587 0.0311 
   HI_SS0634  7 0.3081 0.0019 0.0182 0.6308 0.0410 
   HI_SS0635  7 0.1708 0.0083 0.1896 0.6183 0.0130 
   HI_SS0637  7 0.9435 0.0021 0.0362 0.0108 0.0073 
   HI_SS0638  7 0.0941 0.0012 0.0222 0.1864 0.6961 
   HI_SS0639  7 0.1427 0.0383 0.0708 0.7416 0.0067 
   HI_SS0640  7 0.6110 0.0020 0.0393 0.2845 0.0633 
   HI_SS0641  7 0.4792 0.0043 0.0098 0.3074 0.1993 
   HI_SS0642  7 0.3491 0.0027 0.0699 0.5154 0.0628 
   HI_SS0645  7 0.0133 0.0009 0.0122 0.9589 0.0147 
   HI_SS0646  7 0.5050 0.0026 0.3222 0.0309 0.1393 
   HI_SS0647  7 0.0517 0.0015 0.0989 0.0806 0.7674 
   HI_SS0648  7 0.2872 0.0027 0.1510 0.4612 0.0979 
   HI_SS0649  7 0.5710 0.0020 0.2427 0.1641 0.0203 
   HI_SS0650  7 0.8040 0.0044 0.0731 0.0773 0.0411 
   HI_SS0651  7 0.5122 0.0037 0.3259 0.1069 0.0514 
   HI_SS0652  7 0.1744 0.0029 0.0111 0.8006 0.0111 
   NS_SS1371  7 0.6920 0.0067 0.0773 0.0592 0.1648 
   NS_SS1374  7 0.1084 0.0032 0.0094 0.1676 0.7114 
   NS_SS1337  7 0.1730 0.0041 0.4856 0.2054 0.1320 
   NS_SS1385  7 0.1141 0.0043 0.7457 0.0431 0.0929 
   NS_SS1388  7 0.0685 0.0071 0.1319 0.7581 0.0345 
   NS_SS1370  7 0.7050 0.0093 0.0362 0.2182 0.0314 
   NS_SS1389  7 0.0108 0.0038 0.1075 0.8651 0.0129 
   NS_SS1360  7 0.5935 0.0044 0.0148 0.0190 0.3683 
   NS_SS1330  7 0.7661 0.0033 0.1784 0.0460 0.0062 
   NS_SS1328  7 0.0126 0.0021 0.0307 0.0569 0.8977 
   NS_SS1384  7 0.3280 0.0040 0.5693 0.0499 0.0488 
   NS_SS1381  7 0.0133 0.0010 0.9333 0.0452 0.0071 
   NS_SS1375  7 0.0129 0.0011 0.0054 0.9710 0.0096 
   NS_SS1319  7 0.3470 0.0914 0.0287 0.4919 0.0411 
   NS_SS1326  7 0.0139 0.0089 0.0115 0.0236 0.9420 
   NS_SS1341  7 0.5684 0.0047 0.3465 0.0190 0.0614 
   NS_SS1383  7 0.8989 0.0032 0.0110 0.0492 0.0377 
   NS_SS1318  7 0.4411 0.0155 0.3205 0.1303 0.0926 
   NS_SS1348  7 0.1570 0.0014 0.0179 0.0123 0.8113 
   NS_SS1363  7 0.3314 0.0047 0.1446 0.4603 0.0590 
   NS_SS1335  7 0.6364 0.0277 0.0157 0.0215 0.2986 
   NS_SS1358  7 0.3274 0.0139 0.1715 0.0087 0.4785 
   NS_SS1342  7 0.0194 0.0013 0.4606 0.0201 0.4986 
   NS_SS1320  7 0.0356 0.0071 0.7533 0.1962 0.0077 
   NS_SS1355  7 0.3949 0.0124 0.5699 0.0148 0.0080 
   NS_SS1345  7 0.0100 0.0149 0.9549 0.0083 0.0119 
   NS_SS1324  7 0.4921 0.0030 0.0338 0.3065 0.1646 
   NS_SS1347  7 0.6849 0.0038 0.1453 0.0349 0.1311 
   NS_SS1321  7 0.3205 0.0013 0.0160 0.1257 0.5365 
   NS_SS1333  7 0.0220 0.0030 0.0065 0.8994 0.0691 
   NS_SS1364  7 0.0284 0.0019 0.7748 0.0072 0.1877 
   NS_SS1379  7 0.7446 0.0496 0.1656 0.0165 0.0237 
   NS_SS1332  7 0.0169 0.0057 0.0107 0.0293 0.9374 
   NS_SS1338  7 0.4967 0.0084 0.0127 0.1419 0.3403 
   NS_SS1368  7 0.0260 0.0062 0.2345 0.1202 0.6131 
   NS_SS1354  7 0.0631 0.0123 0.8782 0.0348 0.0116 
   NS_SS1365  7 0.1068 0.0076 0.0416 0.8168 0.0271 
   NS_SS1380  7 0.0175 0.0175 0.9469 0.0121 0.0060 
   NS_SS1329  7 0.0208 0.0029 0.6958 0.0069 0.2736 
   NS_SS1362  7 0.1147 0.0043 0.8027 0.0268 0.0515 
   NS_SS1327  7 0.0118 0.0030 0.0031 0.0057 0.9765 
   NS_SS1350  7 0.4571 0.0075 0.0235 0.4425 0.0693 
   NS_SS1387  7 0.4985 0.0021 0.0168 0.4476 0.0349 
   NS_SS1369  7 0.0580 0.0041 0.0155 0.0384 0.8839 
   NS_SS1331  7 0.1133 0.0085 0.0111 0.7444 0.1227 
   NS_SS1357  7 0.1923 0.0041 0.1944 0.1826 0.4266 
   NS_SS1386  7 0.0092 0.0035 0.0144 0.0051 0.9678 
   NS_SS1353  7 0.0773 0.0036 0.5288 0.3284 0.0619 
   NS_SS1323  7 0.1505 0.0788 0.4583 0.2905 0.0220 
   HI_SS0296  8 0.3651 0.0013 0.0147 0.0543 0.5647 
   HI_SS0297  8 0.4123 0.0010 0.1864 0.2233 0.1771 
   HI_SS0299  8 0.3788 0.0342 0.1844 0.0181 0.3844 
   HI_SS0300  8 0.7310 0.0011 0.0193 0.0229 0.2257 
   HI_SS0301  8 0.5644 0.0032 0.0272 0.3883 0.0169 
   HI_SS0302  8 0.1621 0.0238 0.0311 0.0370 0.7459 
   HI_SS0303  8 0.0182 0.0065 0.0236 0.0164 0.9353 
   HI_SS0304  8 0.1607 0.0023 0.0451 0.7681 0.0239 
   HI_SS0306  8 0.0069 0.0030 0.0049 0.0088 0.9763 
   HI_SS0307  8 0.1873 0.0093 0.1268 0.6559 0.0206 
   HI_SS0308  8 0.5638 0.0746 0.1575 0.1725 0.0316 
   HI_SS0309  8 0.3710 0.0032 0.5836 0.0322 0.0101 
   HI_SS0310  8 0.0615 0.0066 0.6820 0.0270 0.2228 
   HI_SS0311  8 0.2423 0.0021 0.0236 0.6183 0.1136 
   HI_SS0314  8 0.0696 0.0013 0.1128 0.7771 0.0392 
   HI_SS0316  8 0.3124 0.0046 0.0493 0.1561 0.4776 
   HI_SS0317  8 0.5465 0.0018 0.0415 0.3888 0.0214 
   HI_SS0318  8 0.6260 0.1765 0.0072 0.0294 0.1609 
   HI_SS0319  8 0.0108 0.0045 0.0107 0.0081 0.9659 
   HI_SS0320  8 0.0386 0.0010 0.0159 0.9349 0.0096 
   HI_SS0321  8 0.9510 0.0019 0.0082 0.0148 0.0242 
   HI_SS0323  8 0.2078 0.0016 0.0072 0.7136 0.0698 
   HI_SS0325  8 0.1050 0.0020 0.0140 0.0201 0.8590 
   HI_SS0327  8 0.2106 0.0016 0.0769 0.0129 0.6980 
   HI_SS0329  8 0.2715 0.0015 0.0420 0.6329 0.0520 
   HI_SS0333  8 0.6468 0.0029 0.1644 0.0867 0.0992 
   HI_SS0334  8 0.7438 0.0013 0.0255 0.0083 0.2211 
   HI_SS0335  8 0.0532 0.0176 0.9137 0.0068 0.0087 
   HI_SS0339  8 0.0259 0.0128 0.9292 0.0228 0.0094 
   HI_SS0343  8 0.0169 0.0017 0.9550 0.0126 0.0138 
   HI_SS0344  8 0.0081 0.0026 0.0043 0.0045 0.9805 
   HI_SS0345  8 0.0641 0.0071 0.7793 0.0892 0.0604 
   HI_SS0346  8 0.6429 0.0035 0.0154 0.2863 0.0518 
   HI_SS0350  8 0.0243 0.0081 0.8520 0.1081 0.0075 
   HI_SS0351  8 0.3183 0.0041 0.5954 0.0183 0.0639 
   HI_SS0352  8 0.0382 0.0970 0.8341 0.0171 0.0136 
   HI_SS0362  8 0.1987 0.0015 0.0063 0.6802 0.1133 
   HI_SS0363  8 0.0319 0.0036 0.0212 0.0167 0.9266 
   HI_SS0365  8 0.2205 0.0049 0.0916 0.0762 0.6068 
   HI_SS0366  8 0.0126 0.0015 0.0523 0.0087 0.9249 
   HI_SS0367  8 0.1294 0.0021 0.8298 0.0316 0.0072 
   HI_SS0369  8 0.3153 0.0022 0.1920 0.4799 0.0107 
   HI_SS0370  8 0.3911 0.0027 0.5419 0.0316 0.0327 
   HI_SS0371  8 0.0199 0.0040 0.0167 0.3456 0.6139 
   HI_SS0373  8 0.0108 0.0067 0.0108 0.9597 0.0119 
   HI_SS0374  8 0.2462 0.0263 0.1416 0.5771 0.0089 
   HI_SS0377  8 0.0779 0.0965 0.0846 0.0149 0.7260 
   HI_SS0379  8 0.0080 0.0009 0.0057 0.0036 0.9818 
   HI_SS0380  8 0.1246 0.0060 0.7816 0.0739 0.0138 
   HI_SS0381  8 0.2843 0.0044 0.4161 0.2834 0.0118 
   HI_SS0384  8 0.0777 0.0068 0.0175 0.5073 0.3908 
   HI_SS0385  8 0.0074 0.0010 0.0084 0.7081 0.2750 
   HI_SS0386  9 0.0020 0.9931 0.0016 0.0016 0.0017 
   HI_SS0387  9 0.0138 0.9481 0.0109 0.0121 0.0152 
   HI_SS0389  9 0.0036 0.9858 0.0034 0.0032 0.0040 
   HI_SS0390  9 0.0017 0.9934 0.0015 0.0017 0.0016 
   HI_SS0391  9 0.0024 0.9896 0.0035 0.0022 0.0023 
   HI_SS0392  9 0.0016 0.9933 0.0017 0.0016 0.0019 
   HI_SS0393  9 0.0016 0.9937 0.0015 0.0013 0.0018 
   HI_SS0394  9 0.0019 0.9931 0.0013 0.0020 0.0017 
   HI_SS0395  9 0.0037 0.9846 0.0030 0.0053 0.0034 
   HI_SS0396  9 0.0095 0.9602 0.0106 0.0132 0.0064 
   HI_SS0398  9 0.0090 0.9736 0.0070 0.0048 0.0056 
   HI_SS0399  9 0.0014 0.9952 0.0011 0.0012 0.0011 
   HI_SS0400  9 0.0017 0.9913 0.0029 0.0023 0.0018 
   HI_SS0401  9 0.0017 0.9932 0.0014 0.0017 0.0020 
   HI_SS0402  9 0.0012 0.9950 0.0014 0.0010 0.0014 
   HI_SS0403  9 0.0016 0.9933 0.0017 0.0017 0.0017 
   HI_SS0404  9 0.0014 0.9952 0.0010 0.0012 0.0012 
   HI_SS0405  9 0.0173 0.9350 0.0266 0.0114 0.0097 
   HI_SS0406  9 0.0023 0.9911 0.0022 0.0023 0.0021 
   HI_SS0407  9 0.0065 0.9675 0.0085 0.0111 0.0064 
   HI_SS0408  9 0.0013 0.9955 0.0012 0.0009 0.0011 
   HI_SS0409  9 0.0040 0.9875 0.0029 0.0030 0.0025 
   HI_SS0411  9 0.0028 0.9880 0.0028 0.0031 0.0033 
   HI_SS0412  9 0.0696 0.8027 0.0542 0.0350 0.0385 
   HI_SS0413  9 0.0025 0.9909 0.0026 0.0019 0.0020 
   HI_SS0414  9 0.0233 0.9326 0.0134 0.0210 0.0098 
   HI_SS0415  9 0.0021 0.9924 0.0019 0.0017 0.0019 
   HI_SS0416  9 0.0034 0.9857 0.0032 0.0037 0.0040 
   HI_SS0418  9 0.0065 0.9783 0.0059 0.0051 0.0042 
   HI_SS0419  9 0.0032 0.9876 0.0035 0.0035 0.0022 
   HI_SS0420  9 0.0024 0.9907 0.0021 0.0024 0.0024 
   HI_SS0421  9 0.0047 0.9818 0.0057 0.0041 0.0037 
   HI_SS0422  9 0.0016 0.9935 0.0021 0.0015 0.0013 
   HI_SS0423  9 0.0047 0.9805 0.0032 0.0063 0.0053 
   HI_SS0424  9 0.0020 0.9928 0.0019 0.0018 0.0016 
   HI_SS0425  9 0.0027 0.9871 0.0036 0.0047 0.0020 
   NS_SS1146 10 0.0025 0.9904 0.0023 0.0020 0.0027 
   NS_SS1157 10 0.0069 0.9721 0.0083 0.0063 0.0063 
   NS_SS1144 10 0.0182 0.9298 0.0157 0.0165 0.0197 
   NS_SS1074 10 0.0035 0.9850 0.0039 0.0035 0.0042 
   NS_SS1122 10 0.0046 0.9814 0.0051 0.0046 0.0041 
   NS_SS1136 10 0.0011 0.9953 0.0014 0.0011 0.0010 
   NS_SS1077 10 0.0008 0.9971 0.0006 0.0007 0.0008 
   NS_SS1134 10 0.0098 0.9578 0.0082 0.0148 0.0093 
   NS_SS1091 10 0.0027 0.9895 0.0028 0.0029 0.0021 
   NS_SS1089 10 0.0028 0.9886 0.0024 0.0030 0.0032 
   NS_SS1123 10 0.0014 0.9938 0.0013 0.0020 0.0015 
   NS_SS1158 10 0.0010 0.9961 0.0010 0.0012 0.0008 
   NS_SS1093 10 0.0022 0.9903 0.0024 0.0024 0.0027 
   NS_SS1102 10 0.0060 0.9769 0.0072 0.0046 0.0053 
   NS_SS1056 10 0.0016 0.9932 0.0016 0.0019 0.0017 
   NS_SS1126 10 0.0026 0.9897 0.0025 0.0024 0.0028 
   NS_SS1058 10 0.0040 0.9829 0.0042 0.0043 0.0045 
   NS_SS1084 10 0.0014 0.9943 0.0012 0.0016 0.0015 
   NS_SS1095 10 0.0055 0.9769 0.0042 0.0057 0.0078 
   NS_SS1079 10 0.0017 0.9925 0.0022 0.0017 0.0019 
   NS_SS1149 10 0.0026 0.9898 0.0029 0.0022 0.0024 
   NS_SS1121 10 0.0023 0.9930 0.0017 0.0017 0.0014 
   NS_SS1067 10 0.0049 0.9773 0.0062 0.0069 0.0047 
   NS_SS1081 10 0.0026 0.9900 0.0020 0.0028 0.0026 
   NS_SS1130 10 0.0039 0.9862 0.0034 0.0038 0.0027 
   NS_SS1073 10 0.0028 0.9884 0.0036 0.0032 0.0019 
   NS_SS1133 10 0.0059 0.9711 0.0068 0.0129 0.0034 
   NS_SS1129 10 0.0013 0.9941 0.0014 0.0018 0.0015 
   NS_SS1085 10 0.0021 0.9921 0.0019 0.0020 0.0020 
   NS_SS1137 10 0.0036 0.9817 0.0043 0.0051 0.0054 
   NS_SS1135 10 0.0012 0.9949 0.0012 0.0016 0.0011 
   NS_SS1082 10 0.0019 0.9928 0.0020 0.0019 0.0015 
   NS_SS1125 10 0.0013 0.9949 0.0012 0.0011 0.0015 
   NS_SS1124 10 0.0087 0.9735 0.0061 0.0069 0.0048 
   NS_SS1155 10 0.0093 0.9661 0.0099 0.0062 0.0085 
   NS_SS1145 10 0.0021 0.9924 0.0015 0.0023 0.0018 
