

----------------------------------------------------
STRUCTURE by Pritchard, Stephens and Donnelly (2000)
     and Falush, Stephens and Pritchard (2003)
       Code by Pritchard, Falush and Hubisz
             Version 2.3.4 (Jul 2012)
----------------------------------------------------



Command line arguments:   /home/genobiwan/Documents/Programs/Structure/structure -m parameter_job_k6_r10 
Input File:    /media/genobiwan/Storage/Projets/Mackerel_NWA_2021/data_job_k6_r10

Run parameters:
   629 individuals
   4140 loci
   6 populations assumed
   100000 Burn-in period
   200000 Reps


--------------------------------------------
Proportion of membership of each pre-defined
 population in each of the 6 clusters

Given    Inferred Clusters                            Number of
 Pop       1      2      3      4      5      6      Individuals

  1:     0.013  0.199  0.139  0.201  0.257  0.192       67
  2:     0.009  0.138  0.095  0.278  0.243  0.237       32
  3:     0.014  0.177  0.131  0.173  0.278  0.227       92
  4:     0.016  0.197  0.210  0.184  0.155  0.238       36
  5:     0.019  0.230  0.262  0.190  0.160  0.139       41
  6:     0.013  0.192  0.210  0.221  0.190  0.174      158
  7:     0.010  0.225  0.164  0.197  0.182  0.222       79
  8:     0.014  0.211  0.219  0.154  0.206  0.197       52
  9:     0.975  0.005  0.004  0.004  0.006  0.006       36
 10:     0.981  0.004  0.003  0.004  0.004  0.004       36
--------------------------------------------

Allele-freq. divergence among pops (Net nucleotide distance),
computed using point estimates of P.

      1       2       3       4       5       6      
 1      -    0.0050  0.0050  0.0049  0.0049  0.0049  
 2   0.0050     -    0.0003  0.0003  0.0003  0.0003  
 3   0.0050  0.0003     -    0.0003  0.0003  0.0003  
 4   0.0049  0.0003  0.0003     -    0.0002  0.0002  
 5   0.0049  0.0003  0.0003  0.0002     -    0.0002  
 6   0.0049  0.0003  0.0003  0.0002  0.0002     -    

Average distances (expected heterozygosity) between individuals in same cluster:
cluster  1  : 0.3055 
cluster  2  : 0.3185 
cluster  3  : 0.3179 
cluster  4  : 0.3182 
cluster  5  : 0.3186 
cluster  6  : 0.3185 

--------------------------------------------
Estimated Ln Prob of Data   = -2473993.1
Mean value of ln likelihood = -2464595.0
Variance of ln likelihood   = 18796.2
Mean value of alpha         = 0.0412

Mean value of Fst_1         = 0.0386
Mean value of Fst_2         = 0.0034
Mean value of Fst_3         = 0.0040
Mean value of Fst_4         = 0.0032
Mean value of Fst_5         = 0.0029
Mean value of Fst_6         = 0.0031


Inferred ancestry of individuals:
        Label (%Miss) Pop:  Inferred clusters
  1 NS_SS0963    (4)    1 :  0.006 0.068 0.012 0.037 0.618 0.258 
  2 NS_SS0983    (1)    1 :  0.004 0.963 0.009 0.008 0.011 0.006 
  3 NS_SS0719    (9)    1 :  0.006 0.384 0.050 0.011 0.059 0.490 
  4 NS_SS1001    (8)    1 :  0.006 0.008 0.177 0.731 0.019 0.059 
  5 NS_SS0936    (4)    1 :  0.002 0.008 0.041 0.011 0.920 0.018 
  6 NS_SS0955    (6)    1 :  0.004 0.340 0.203 0.394 0.048 0.011 
  7 NS_SS0944    (3)    1 :  0.001 0.012 0.190 0.753 0.034 0.010 
  8 NS_SS0945    (3)    1 :  0.011 0.153 0.026 0.757 0.012 0.040 
  9 NS_SS0922    (2)    1 :  0.030 0.018 0.020 0.042 0.061 0.830 
 10 NS_SS0929    (7)    1 :  0.003 0.374 0.120 0.047 0.309 0.147 
 11 NS_SS0956    (1)    1 :  0.004 0.006 0.013 0.012 0.013 0.951 
 12 NS_SS0906    (3)    1 :  0.003 0.014 0.013 0.020 0.931 0.020 
 13 NS_SS0721    (6)    1 :  0.005 0.292 0.012 0.019 0.048 0.625 
 14 NS_SS0982    (4)    1 :  0.012 0.010 0.006 0.011 0.954 0.008 
 15 NS_SS0923    (6)    1 :  0.006 0.156 0.079 0.118 0.268 0.373 
 16 NS_SS0905    (6)    1 :  0.002 0.804 0.008 0.022 0.048 0.116 
 17 NS_SS0925    (3)    1 :  0.004 0.016 0.017 0.018 0.931 0.015 
 18 NS_SS0947    (6)    1 :  0.006 0.021 0.013 0.528 0.246 0.186 
 19 NS_SS0926    (2)    1 :  0.001 0.803 0.156 0.016 0.007 0.017 
 20 NS_SS0918    (6)    1 :  0.003 0.498 0.117 0.053 0.142 0.187 
 21 NS_SS0966    (4)    1 :  0.057 0.163 0.117 0.431 0.179 0.053 
 22 NS_SS0938    (2)    1 :  0.001 0.014 0.425 0.281 0.057 0.222 
 23 NS_SS0917    (2)    1 :  0.044 0.073 0.035 0.103 0.338 0.407 
 24 NS_SS0957   (11)    1 :  0.007 0.010 0.367 0.159 0.331 0.126 
 25 NS_SS0987    (1)    1 :  0.245 0.100 0.174 0.045 0.014 0.422 
 26 NS_SS0717    (4)    1 :  0.003 0.033 0.014 0.875 0.047 0.028 
 27 NS_SS0986    (2)    1 :  0.005 0.083 0.096 0.731 0.032 0.053 
 28 NS_SS0953    (3)    1 :  0.012 0.007 0.008 0.041 0.922 0.011 
 29 NS_SS0907    (3)    1 :  0.025 0.026 0.008 0.015 0.917 0.008 
 30 NS_SS0974    (6)    1 :  0.004 0.289 0.105 0.328 0.146 0.128 
 31 NS_SS0989    (1)    1 :  0.001 0.764 0.108 0.018 0.073 0.036 
 32 NS_SS0991    (3)    1 :  0.002 0.878 0.068 0.015 0.027 0.009 
 33 NS_SS0994    (2)    1 :  0.002 0.785 0.161 0.040 0.007 0.006 
 34 NS_SS0931    (6)    1 :  0.007 0.016 0.937 0.006 0.012 0.021 
 35 NS_SS1000    (5)    1 :  0.004 0.019 0.017 0.221 0.701 0.038 
 36 NS_SS0919    (1)    1 :  0.003 0.586 0.024 0.006 0.325 0.056 
 37 NS_SS0949    (4)    1 :  0.002 0.174 0.547 0.042 0.136 0.100 
 38 NS_SS0960   (10)    1 :  0.008 0.094 0.564 0.015 0.271 0.048 
 39 NS_SS0716    (2)    1 :  0.007 0.011 0.008 0.909 0.007 0.058 
 40 NS_SS0924    (8)    1 :  0.020 0.620 0.096 0.166 0.078 0.019 
 41 NS_SS0935    (2)    1 :  0.008 0.923 0.026 0.008 0.017 0.017 
 42 NS_SS0952   (14)    1 :  0.044 0.155 0.698 0.023 0.073 0.007 
 43 NS_SS0962   (11)    1 :  0.008 0.031 0.017 0.229 0.118 0.598 
 44 NS_SS0973    (5)    1 :  0.004 0.014 0.010 0.017 0.947 0.008 
 45 NS_SS0722    (1)    1 :  0.003 0.007 0.008 0.719 0.249 0.014 
 46 NS_SS0979   (13)    1 :  0.002 0.189 0.026 0.516 0.062 0.205 
 47 NS_SS0993    (2)    1 :  0.022 0.015 0.339 0.225 0.347 0.051 
 48 NS_SS0958    (1)    1 :  0.003 0.045 0.787 0.075 0.075 0.015 
 49 NS_SS0988    (4)    1 :  0.004 0.027 0.024 0.019 0.882 0.044 
 50 NS_SS1003    (2)    1 :  0.009 0.011 0.024 0.013 0.008 0.935 
 51 NS_SS0976    (1)    1 :  0.002 0.103 0.836 0.026 0.018 0.014 
 52 NS_SS0964   (10)    1 :  0.003 0.044 0.015 0.876 0.036 0.027 
 53 NS_SS0939    (4)    1 :  0.005 0.004 0.021 0.071 0.009 0.890 
 54 NS_SS0990    (6)    1 :  0.004 0.083 0.045 0.509 0.024 0.334 
 55 NS_SS0984    (2)    1 :  0.002 0.013 0.030 0.348 0.118 0.489 
 56 NS_SS0980   (10)    1 :  0.002 0.008 0.009 0.009 0.935 0.037 
 57 NS_SS0978    (4)    1 :  0.003 0.011 0.015 0.013 0.862 0.096 
 58 NS_SS0951   (18)    1 :  0.003 0.217 0.131 0.491 0.108 0.050 
 59 NS_SS0913    (3)    1 :  0.033 0.010 0.016 0.800 0.008 0.133 
 60 NS_SS1002    (1)    1 :  0.032 0.009 0.011 0.024 0.896 0.029 
 61 NS_SS0948    (1)    1 :  0.051 0.015 0.793 0.030 0.070 0.041 
 62 NS_SS0916    (4)    1 :  0.003 0.045 0.016 0.009 0.012 0.914 
 63 NS_SS0995    (1)    1 :  0.003 0.015 0.008 0.022 0.029 0.924 
 64 NS_SS0927    (6)    1 :  0.006 0.638 0.009 0.202 0.094 0.051 
 65 NS_SS0992    (5)    1 :  0.002 0.014 0.041 0.042 0.818 0.083 
 66 NS_SS0912    (1)    1 :  0.003 0.728 0.044 0.048 0.025 0.152 
 67 NS_SS0981    (1)    1 :  0.004 0.267 0.123 0.028 0.111 0.467 
 68 NS_SS0729    (5)    2 :  0.003 0.956 0.007 0.022 0.008 0.005 
 69 NS_SS0967   (15)    2 :  0.014 0.050 0.050 0.221 0.545 0.120 
 70 NS_SS0941    (8)    2 :  0.079 0.063 0.052 0.140 0.229 0.436 
 71 NS_SS0768   (12)    2 :  0.004 0.033 0.007 0.482 0.458 0.016 
 72 NS_SS0726    (5)    2 :  0.008 0.069 0.703 0.152 0.049 0.019 
 73 NS_SS0763    (4)    2 :  0.002 0.909 0.020 0.044 0.012 0.012 
 74 NS_SS0730    (6)    2 :  0.003 0.006 0.008 0.009 0.011 0.963 
 75 NS_SS0774    (2)    2 :  0.001 0.008 0.019 0.177 0.747 0.048 
 76 NS_SS0723    (3)    2 :  0.002 0.010 0.005 0.017 0.857 0.109 
 77 NS_SS0940   (10)    2 :  0.007 0.046 0.050 0.014 0.020 0.863 
 78 NS_SS0762    (1)    2 :  0.003 0.007 0.033 0.608 0.076 0.273 
 79 NS_SS0766   (11)    2 :  0.015 0.237 0.030 0.157 0.018 0.544 
 80 NS_SS0724    (1)    2 :  0.004 0.097 0.020 0.836 0.019 0.023 
 81 NS_SS0769    (3)    2 :  0.004 0.829 0.006 0.064 0.035 0.062 
 82 NS_SS0777    (1)    2 :  0.013 0.060 0.826 0.018 0.063 0.019 
 83 NS_SS0734    (6)    2 :  0.024 0.022 0.044 0.154 0.020 0.737 
 84 NS_SS0737    (3)    2 :  0.007 0.006 0.016 0.532 0.259 0.181 
 85 NS_SS0732    (5)    2 :  0.006 0.027 0.009 0.021 0.202 0.735 
 86 NS_SS0728    (5)    2 :  0.009 0.069 0.011 0.560 0.046 0.305 
 87 NS_SS0735    (9)    2 :  0.008 0.022 0.012 0.113 0.805 0.041 
 88 NS_SS0725    (1)    2 :  0.006 0.010 0.011 0.951 0.006 0.016 
 89 NS_SS0788    (2)    2 :  0.001 0.039 0.017 0.016 0.781 0.146 
 90 NS_SS0778    (2)    2 :  0.002 0.059 0.021 0.007 0.455 0.455 
 91 NS_SS0792    (6)    2 :  0.005 0.159 0.129 0.217 0.165 0.325 
 92 NS_SS0943   (11)    2 :  0.007 0.036 0.257 0.090 0.601 0.009 
 93 NS_SS0791    (2)    2 :  0.015 0.039 0.061 0.105 0.015 0.764 
 94 NS_SS0790    (5)    2 :  0.004 0.006 0.004 0.563 0.408 0.016 
 95 NS_SS0731    (6)    2 :  0.009 0.008 0.004 0.965 0.007 0.008 
 96 NS_SS0727    (7)    2 :  0.002 0.360 0.118 0.485 0.022 0.014 
 97 NS_SS0779   (13)    2 :  0.007 0.132 0.082 0.076 0.438 0.264 
 98 NS_SS0776    (3)    2 :  0.008 0.033 0.377 0.260 0.293 0.030 
 99 NS_SS0775    (5)    2 :  0.008 0.005 0.022 0.828 0.106 0.032 
100 NS_SS0965    (3)    3 :  0.002 0.329 0.074 0.030 0.384 0.182 
101 NS_SS0754   (14)    3 :  0.012 0.316 0.296 0.024 0.278 0.074 
102 NS_SS0838    (5)    3 :  0.040 0.031 0.079 0.804 0.026 0.021 
103 NS_SS0839    (3)    3 :  0.004 0.007 0.012 0.548 0.096 0.333 
104 NS_SS0832    (4)    3 :  0.036 0.007 0.005 0.019 0.914 0.020 
105 NS_SS0820    (5)    3 :  0.007 0.017 0.007 0.902 0.015 0.053 
106 NS_SS0886    (9)    3 :  0.002 0.364 0.057 0.043 0.320 0.214 
107 NS_SS0748    (5)    3 :  0.008 0.219 0.386 0.116 0.236 0.035 
108 NS_SS0884    (9)    3 :  0.021 0.023 0.032 0.070 0.824 0.031 
109 NS_SS0752    (4)    3 :  0.002 0.014 0.017 0.019 0.924 0.024 
110 NS_SS0862    (1)    3 :  0.004 0.011 0.005 0.019 0.108 0.854 
111 NS_SS0787    (9)    3 :  0.006 0.745 0.183 0.015 0.025 0.026 
112 NS_SS0843    (6)    3 :  0.002 0.821 0.010 0.057 0.064 0.046 
113 NS_SS0856    (4)    3 :  0.004 0.028 0.010 0.831 0.048 0.079 
114 NS_SS0846    (2)    3 :  0.002 0.231 0.120 0.015 0.621 0.011 
115 NS_SS0825    (1)    3 :  0.011 0.026 0.072 0.020 0.094 0.776 
116 NS_SS0757    (3)    3 :  0.004 0.140 0.031 0.038 0.703 0.084 
117 NS_SS0876    (3)    3 :  0.223 0.014 0.018 0.186 0.374 0.186 
118 NS_SS0903   (10)    3 :  0.002 0.003 0.007 0.006 0.971 0.012 
119 NS_SS0875    (7)    3 :  0.004 0.127 0.013 0.048 0.015 0.794 
120 NS_SS0740    (5)    3 :  0.003 0.690 0.020 0.072 0.174 0.041 
121 NS_SS0811    (5)    3 :  0.009 0.177 0.020 0.165 0.024 0.604 
122 NS_SS0751    (1)    3 :  0.002 0.029 0.045 0.044 0.016 0.864 
123 NS_SS0891    (6)    3 :  0.007 0.011 0.029 0.835 0.065 0.054 
124 NS_SS0867    (2)    3 :  0.021 0.046 0.018 0.008 0.900 0.008 
125 NS_SS0890    (6)    3 :  0.004 0.243 0.027 0.035 0.266 0.425 
126 NS_SS0866   (12)    3 :  0.005 0.403 0.236 0.289 0.050 0.016 
127 NS_SS0755    (4)    3 :  0.007 0.064 0.195 0.385 0.077 0.271 
128 NS_SS0758    (4)    3 :  0.002 0.816 0.013 0.118 0.028 0.024 
129 NS_SS0840    (2)    3 :  0.002 0.063 0.014 0.192 0.063 0.666 
130 NS_SS0889    (4)    3 :  0.003 0.469 0.236 0.090 0.055 0.147 
131 NS_SS1010    (1)    3 :  0.042 0.318 0.019 0.033 0.389 0.199 
132 NS_SS0888    (5)    3 :  0.002 0.312 0.373 0.041 0.254 0.019 
133 NS_SS0837    (3)    3 :  0.003 0.051 0.025 0.086 0.564 0.271 
134 NS_SS0794   (10)    3 :  0.002 0.016 0.036 0.936 0.005 0.005 
135 NS_SS0823    (5)    3 :  0.004 0.012 0.005 0.807 0.133 0.039 
136 NS_SS0829    (7)    3 :  0.118 0.362 0.449 0.015 0.035 0.021 
137 NS_SS0844    (5)    3 :  0.002 0.009 0.005 0.027 0.948 0.009 
138 NS_SS1008    (6)    3 :  0.013 0.065 0.174 0.661 0.057 0.030 
139 NS_SS0881    (3)    3 :  0.002 0.015 0.598 0.010 0.011 0.364 
140 NS_SS0834    (6)    3 :  0.004 0.007 0.005 0.969 0.008 0.006 
141 NS_SS0744   (10)    3 :  0.007 0.049 0.023 0.026 0.709 0.186 
142 NS_SS0899    (7)    3 :  0.001 0.026 0.008 0.421 0.249 0.295 
143 NS_SS0804    (5)    3 :  0.004 0.033 0.007 0.182 0.415 0.358 
144 NS_SS0781   (10)    3 :  0.004 0.018 0.009 0.074 0.805 0.090 
145 NS_SS0822    (6)    3 :  0.002 0.013 0.903 0.050 0.024 0.008 
146 NS_SS1004    (4)    3 :  0.004 0.019 0.021 0.010 0.921 0.025 
147 NS_SS0746    (5)    3 :  0.011 0.116 0.042 0.778 0.041 0.012 
148 NS_SS0880    (3)    3 :  0.002 0.006 0.650 0.013 0.135 0.194 
149 NS_SS0879    (5)    3 :  0.015 0.014 0.029 0.505 0.409 0.028 
150 NS_SS0753    (2)    3 :  0.008 0.541 0.030 0.009 0.397 0.014 
151 NS_SS1007    (3)    3 :  0.002 0.096 0.029 0.025 0.018 0.831 
152 NS_SS0872    (5)    3 :  0.002 0.045 0.106 0.081 0.650 0.116 
153 NS_SS1005    (7)    3 :  0.001 0.024 0.011 0.045 0.892 0.027 
154 NS_SS0892    (6)    3 :  0.002 0.133 0.038 0.092 0.328 0.407 
155 NS_SS0898    (0)    3 :  0.004 0.006 0.967 0.006 0.008 0.009 
156 NS_SS0801    (9)    3 :  0.009 0.088 0.013 0.761 0.082 0.046 
157 NS_SS0827    (9)    3 :  0.107 0.841 0.017 0.007 0.013 0.015 
158 NS_SS0853    (7)    3 :  0.007 0.567 0.013 0.152 0.042 0.220 
159 NS_SS0780    (2)    3 :  0.005 0.031 0.010 0.039 0.430 0.486 
160 NS_SS0826   (10)    3 :  0.003 0.007 0.878 0.010 0.094 0.008 
161 NS_SS0818    (5)    3 :  0.002 0.009 0.013 0.051 0.509 0.417 
162 NS_SS0745    (1)    3 :  0.001 0.006 0.052 0.076 0.009 0.855 
163 NS_SS0849    (3)    3 :  0.002 0.016 0.019 0.008 0.021 0.934 
164 NS_SS0739    (3)    3 :  0.013 0.011 0.012 0.008 0.009 0.948 
165 NS_SS0799    (1)    3 :  0.001 0.435 0.026 0.068 0.387 0.083 
166 NS_SS0756    (3)    3 :  0.004 0.008 0.017 0.009 0.915 0.048 
167 NS_SS0802    (2)    3 :  0.214 0.396 0.014 0.037 0.155 0.184 
168 NS_SS0747    (6)    3 :  0.005 0.032 0.012 0.010 0.919 0.022 
169 NS_SS0835    (1)    3 :  0.001 0.962 0.006 0.011 0.011 0.009 
170 NS_SS0742   (19)    3 :  0.001 0.031 0.017 0.058 0.026 0.868 
171 NS_SS0760    (9)    3 :  0.041 0.691 0.199 0.042 0.015 0.012 
172 NS_SS0803    (4)    3 :  0.007 0.009 0.008 0.010 0.962 0.005 
173 NS_SS0828   (14)    3 :  0.002 0.264 0.031 0.022 0.201 0.481 
174 NS_SS0865    (2)    3 :  0.026 0.026 0.024 0.021 0.059 0.843 
175 NS_SS0759    (5)    3 :  0.004 0.011 0.013 0.019 0.062 0.891 
176 NS_SS0851    (5)    3 :  0.014 0.006 0.008 0.191 0.010 0.771 
177 NS_SS0874   (16)    3 :  0.002 0.030 0.006 0.071 0.881 0.010 
178 NS_SS0761    (6)    3 :  0.002 0.756 0.162 0.021 0.028 0.030 
179 NS_SS0842   (26)    3 :  0.008 0.012 0.764 0.174 0.026 0.016 
180 NS_SS0785    (6)    3 :  0.005 0.016 0.014 0.015 0.929 0.022 
181 NS_SS0860   (11)    3 :  0.003 0.898 0.012 0.011 0.026 0.050 
182 NS_SS0897    (7)    3 :  0.002 0.240 0.606 0.028 0.029 0.094 
183 NS_SS0841   (15)    3 :  0.004 0.009 0.049 0.078 0.070 0.790 
184 NS_SS0797    (7)    3 :  0.023 0.028 0.884 0.023 0.011 0.032 
185 NS_SS0830   (11)    3 :  0.002 0.032 0.885 0.017 0.026 0.037 
186 NS_SS1011    (5)    3 :  0.007 0.027 0.008 0.044 0.827 0.087 
187 NS_SS0883    (5)    3 :  0.007 0.336 0.152 0.024 0.128 0.354 
188 NS_SS0782    (2)    3 :  0.002 0.016 0.024 0.891 0.030 0.037 
189 NS_SS0831    (5)    3 :  0.003 0.561 0.105 0.109 0.045 0.177 
190 NS_SS0749    (7)    3 :  0.004 0.083 0.062 0.032 0.425 0.393 
191 NS_SS0854    (2)    3 :  0.003 0.034 0.059 0.848 0.022 0.034 
192 HI_SS0193    (0)    4 :  0.002 0.009 0.791 0.041 0.005 0.153 
193 HI_SS0194    (1)    4 :  0.002 0.011 0.044 0.878 0.029 0.036 
194 HI_SS0195   (10)    4 :  0.097 0.006 0.010 0.180 0.040 0.668 
195 HI_SS0196    (6)    4 :  0.003 0.006 0.023 0.872 0.080 0.015 
196 HI_SS0197    (3)    4 :  0.013 0.022 0.009 0.052 0.334 0.570 
197 HI_SS0198    (1)    4 :  0.009 0.019 0.018 0.013 0.037 0.904 
198 HI_SS0199    (1)    4 :  0.003 0.846 0.012 0.008 0.050 0.081 
199 HI_SS0201    (5)    4 :  0.002 0.697 0.249 0.014 0.020 0.018 
200 HI_SS0215    (1)    4 :  0.003 0.958 0.007 0.008 0.014 0.010 
201 HI_SS0218    (1)    4 :  0.006 0.029 0.940 0.009 0.005 0.012 
202 HI_SS0222    (0)    4 :  0.004 0.036 0.010 0.045 0.016 0.889 
203 HI_SS0230    (1)    4 :  0.006 0.379 0.031 0.468 0.074 0.041 
204 HI_SS0234    (2)    4 :  0.143 0.040 0.025 0.056 0.724 0.012 
205 HI_SS0240    (1)    4 :  0.007 0.047 0.010 0.031 0.315 0.589 
206 HI_SS0241    (0)    4 :  0.002 0.243 0.451 0.077 0.084 0.143 
207 HI_SS0242    (0)    4 :  0.003 0.063 0.514 0.198 0.021 0.200 
208 HI_SS0247    (0)    4 :  0.021 0.008 0.016 0.201 0.735 0.019 
209 HI_SS0248    (1)    4 :  0.001 0.487 0.333 0.134 0.037 0.008 
210 HI_SS0252    (2)    4 :  0.002 0.032 0.012 0.757 0.119 0.078 
211 HI_SS0254    (0)    4 :  0.081 0.056 0.808 0.007 0.036 0.012 
212 HI_SS0256    (0)    4 :  0.002 0.004 0.004 0.015 0.968 0.007 
213 HI_SS0257    (0)    4 :  0.003 0.780 0.021 0.029 0.155 0.012 
214 HI_SS0258    (1)    4 :  0.006 0.270 0.614 0.059 0.019 0.033 
215 HI_SS0259    (1)    4 :  0.003 0.024 0.009 0.461 0.109 0.394 
216 HI_SS0260    (1)    4 :  0.002 0.658 0.028 0.238 0.045 0.030 
217 HI_SS0261    (2)    4 :  0.003 0.089 0.471 0.063 0.320 0.054 
218 HI_SS0262    (0)    4 :  0.006 0.006 0.011 0.042 0.013 0.922 
219 HI_SS0264    (0)    4 :  0.004 0.021 0.013 0.820 0.086 0.056 
220 HI_SS0265    (0)    4 :  0.111 0.051 0.022 0.386 0.075 0.355 
221 HI_SS0268    (1)    4 :  0.004 0.490 0.096 0.069 0.030 0.312 
222 HI_SS0269    (0)    4 :  0.002 0.033 0.830 0.015 0.101 0.018 
223 HI_SS0273    (0)    4 :  0.002 0.038 0.864 0.009 0.018 0.069 
224 HI_SS0277    (1)    4 :  0.003 0.023 0.017 0.005 0.082 0.870 
225 HI_SS0280    (0)    4 :  0.005 0.008 0.014 0.080 0.018 0.874 
226 HI_SS0282    (1)    4 :  0.001 0.064 0.191 0.016 0.679 0.048 
227 HI_SS0286    (1)    4 :  0.008 0.550 0.026 0.266 0.087 0.064 
228 NS_SS1252    (3)    5 :  0.003 0.854 0.115 0.012 0.010 0.007 
229 NS_SS1261    (1)    5 :  0.017 0.383 0.026 0.038 0.243 0.291 
230 NS_SS1225   (10)    5 :  0.086 0.813 0.026 0.015 0.053 0.006 
231 NS_SS1266    (1)    5 :  0.010 0.008 0.023 0.057 0.826 0.077 
232 NS_SS1228    (0)    5 :  0.007 0.004 0.012 0.004 0.006 0.966 
233 NS_SS1255    (3)    5 :  0.001 0.009 0.085 0.808 0.041 0.055 
234 NS_SS1267    (3)    5 :  0.010 0.964 0.014 0.004 0.004 0.004 
235 NS_SS1238    (6)    5 :  0.002 0.011 0.763 0.022 0.009 0.193 
236 NS_SS1233    (8)    5 :  0.002 0.017 0.936 0.019 0.011 0.014 
237 NS_SS1277    (3)    5 :  0.001 0.044 0.910 0.011 0.011 0.023 
238 NS_SS1245    (1)    5 :  0.002 0.044 0.043 0.856 0.045 0.011 
239 NS_SS1240    (4)    5 :  0.001 0.977 0.006 0.007 0.005 0.003 
240 NS_SS1275    (2)    5 :  0.003 0.006 0.053 0.469 0.069 0.400 
241 NS_SS1235    (1)    5 :  0.004 0.012 0.023 0.682 0.273 0.006 
242 NS_SS1263    (1)    5 :  0.001 0.041 0.039 0.382 0.523 0.013 
243 NS_SS1251    (2)    5 :  0.001 0.055 0.040 0.069 0.812 0.023 
244 NS_SS1248    (0)    5 :  0.098 0.032 0.752 0.013 0.012 0.092 
245 NS_SS1244    (0)    5 :  0.005 0.007 0.855 0.007 0.048 0.078 
246 NS_SS1257    (1)    5 :  0.031 0.662 0.190 0.040 0.022 0.054 
247 NS_SS1242    (2)    5 :  0.002 0.006 0.006 0.946 0.017 0.022 
248 NS_SS1271    (6)    5 :  0.023 0.011 0.945 0.004 0.008 0.009 
249 NS_SS1265    (1)    5 :  0.022 0.660 0.045 0.206 0.061 0.007 
250 NS_SS1243    (0)    5 :  0.073 0.014 0.027 0.763 0.007 0.116 
251 NS_SS1273    (1)    5 :  0.014 0.005 0.567 0.081 0.199 0.134 
252 NS_SS1254   (14)    5 :  0.006 0.021 0.012 0.664 0.278 0.020 
253 NS_SS1224    (1)    5 :  0.009 0.046 0.006 0.574 0.188 0.178 
254 NS_SS1227    (8)    5 :  0.002 0.882 0.022 0.053 0.017 0.025 
255 NS_SS1274    (9)    5 :  0.017 0.766 0.018 0.030 0.048 0.121 
256 NS_SS1241    (1)    5 :  0.001 0.018 0.868 0.068 0.039 0.006 
257 NS_SS1256    (3)    5 :  0.042 0.050 0.430 0.104 0.362 0.011 
258 NS_SS1260    (8)    5 :  0.077 0.816 0.007 0.033 0.061 0.007 
259 NS_SS1262    (0)    5 :  0.164 0.024 0.335 0.026 0.420 0.030 
260 NS_SS1230    (0)    5 :  0.009 0.162 0.598 0.171 0.035 0.025 
261 NS_SS1270    (2)    5 :  0.002 0.102 0.067 0.197 0.396 0.235 
262 NS_SS1229    (2)    5 :  0.004 0.011 0.006 0.021 0.937 0.022 
263 NS_SS1246    (5)    5 :  0.003 0.206 0.645 0.022 0.105 0.019 
264 NS_SS1269    (0)    5 :  0.003 0.227 0.029 0.098 0.125 0.519 
265 NS_SS1239    (1)    5 :  0.004 0.020 0.008 0.008 0.017 0.943 
266 NS_SS1272    (5)    5 :  0.007 0.390 0.264 0.133 0.193 0.013 
267 NS_SS1268    (1)    5 :  0.002 0.015 0.010 0.012 0.027 0.934 
268 NS_SS1249    (1)    5 :  0.011 0.017 0.898 0.053 0.013 0.007 
269 HI_SS0559    (0)    6 :  0.002 0.045 0.068 0.028 0.827 0.029 
270 HI_SS0563    (1)    6 :  0.003 0.104 0.449 0.028 0.242 0.175 
271 HI_SS0564    (0)    6 :  0.058 0.021 0.058 0.035 0.170 0.658 
272 HI_SS0565    (0)    6 :  0.003 0.560 0.019 0.036 0.362 0.020 
273 HI_SS0569    (1)    6 :  0.002 0.933 0.035 0.006 0.017 0.008 
274 HI_SS0570    (0)    6 :  0.036 0.035 0.597 0.109 0.018 0.204 
275 HI_SS0572    (1)    6 :  0.002 0.011 0.006 0.953 0.022 0.006 
276 HI_SS0576    (1)    6 :  0.006 0.016 0.117 0.019 0.036 0.805 
277 HI_SS0579    (1)    6 :  0.017 0.172 0.132 0.048 0.621 0.010 
278 HI_SS0580    (1)    6 :  0.004 0.043 0.009 0.905 0.022 0.016 
279 HI_SS0581    (0)    6 :  0.071 0.009 0.015 0.325 0.013 0.568 
280 HI_SS0583    (1)    6 :  0.002 0.971 0.004 0.011 0.006 0.006 
281 HI_SS0586    (1)    6 :  0.001 0.953 0.023 0.010 0.004 0.007 
282 HI_SS0588    (1)    6 :  0.019 0.744 0.021 0.175 0.029 0.011 
283 HI_SS0595    (4)    6 :  0.030 0.059 0.539 0.057 0.103 0.211 
284 HI_SS0596    (0)    6 :  0.002 0.005 0.021 0.949 0.014 0.010 
285 HI_SS0597    (1)    6 :  0.002 0.010 0.013 0.787 0.175 0.012 
286 HI_SS0600    (0)    6 :  0.004 0.021 0.055 0.010 0.581 0.330 
287 HI_SS0601    (1)    6 :  0.010 0.297 0.017 0.009 0.656 0.011 
288 HI_SS0602    (1)    6 :  0.002 0.938 0.005 0.028 0.011 0.016 
289 HI_SS0604    (0)    6 :  0.002 0.118 0.011 0.851 0.009 0.010 
290 HI_SS0605    (1)    6 :  0.009 0.071 0.043 0.163 0.310 0.405 
291 HI_SS0608    (0)    6 :  0.001 0.058 0.716 0.088 0.034 0.104 
292 HI_SS0609    (0)    6 :  0.001 0.050 0.039 0.243 0.472 0.194 
293 HI_SS0611    (5)    6 :  0.004 0.772 0.057 0.073 0.031 0.062 
294 HI_SS0612    (0)    6 :  0.005 0.008 0.018 0.006 0.956 0.007 
295 HI_SS0613    (1)    6 :  0.002 0.039 0.024 0.072 0.207 0.657 
296 HI_SS0615    (1)    6 :  0.010 0.011 0.007 0.020 0.049 0.903 
297 HI_SS0001    (1)    6 :  0.004 0.030 0.047 0.860 0.021 0.038 
298 HI_SS0002    (1)    6 :  0.030 0.646 0.021 0.128 0.150 0.024 
299 HI_SS0004    (0)    6 :  0.006 0.267 0.101 0.560 0.017 0.050 
300 HI_SS0005    (1)    6 :  0.005 0.018 0.123 0.006 0.017 0.830 
301 HI_SS0006    (1)    6 :  0.001 0.875 0.014 0.018 0.079 0.012 
302 HI_SS0007    (1)    6 :  0.002 0.009 0.964 0.009 0.004 0.011 
303 HI_SS0008    (0)    6 :  0.054 0.251 0.065 0.067 0.310 0.253 
304 HI_SS0009    (0)    6 :  0.004 0.009 0.010 0.915 0.021 0.041 
305 HI_SS0010    (1)    6 :  0.003 0.053 0.897 0.015 0.012 0.020 
306 HI_SS0011    (1)    6 :  0.091 0.010 0.797 0.018 0.064 0.020 
307 HI_SS0012    (0)    6 :  0.006 0.036 0.005 0.036 0.549 0.369 
308 HI_SS0017    (1)    6 :  0.002 0.005 0.280 0.665 0.016 0.031 
309 HI_SS0021    (1)    6 :  0.230 0.419 0.034 0.293 0.003 0.021 
310 HI_SS0024    (1)    6 :  0.002 0.019 0.248 0.182 0.010 0.539 
311 HI_SS0025    (1)    6 :  0.003 0.011 0.005 0.964 0.007 0.009 
312 HI_SS0027    (0)    6 :  0.015 0.613 0.244 0.020 0.087 0.020 
313 HI_SS0028    (0)    6 :  0.002 0.060 0.006 0.013 0.021 0.898 
314 HI_SS0029    (1)    6 :  0.009 0.047 0.144 0.126 0.324 0.350 
315 HI_SS0030    (2)    6 :  0.006 0.384 0.432 0.051 0.060 0.067 
316 HI_SS0031    (0)    6 :  0.004 0.029 0.065 0.009 0.863 0.030 
317 HI_SS0034    (0)    6 :  0.004 0.033 0.132 0.134 0.689 0.009 
318 HI_SS0036    (0)    6 :  0.013 0.023 0.888 0.026 0.013 0.037 
319 HI_SS0037    (1)    6 :  0.004 0.232 0.131 0.552 0.024 0.056 
320 HI_SS0039    (0)    6 :  0.003 0.084 0.785 0.011 0.015 0.101 
321 HI_SS0041    (1)    6 :  0.002 0.007 0.006 0.254 0.010 0.720 
322 HI_SS0042    (1)    6 :  0.122 0.014 0.033 0.566 0.020 0.245 
323 HI_SS0043    (1)    6 :  0.002 0.304 0.665 0.009 0.010 0.009 
324 HI_SS0044    (1)    6 :  0.003 0.064 0.126 0.715 0.015 0.078 
325 HI_SS0047    (1)    6 :  0.002 0.072 0.015 0.685 0.166 0.059 
326 HI_SS0049    (1)    6 :  0.003 0.008 0.012 0.961 0.008 0.007 
327 HI_SS0051    (1)    6 :  0.002 0.122 0.105 0.338 0.345 0.088 
328 HI_SS0053    (1)    6 :  0.004 0.790 0.162 0.011 0.015 0.018 
329 HI_SS0054    (4)    6 :  0.003 0.086 0.878 0.007 0.008 0.018 
330 HI_SS0057    (0)    6 :  0.003 0.012 0.849 0.031 0.049 0.055 
331 HI_SS0058    (0)    6 :  0.007 0.346 0.009 0.598 0.032 0.009 
332 HI_SS0060    (0)    6 :  0.074 0.011 0.846 0.009 0.027 0.034 
333 HI_SS0087    (1)    6 :  0.002 0.910 0.016 0.012 0.032 0.028 
334 HI_SS0091    (1)    6 :  0.001 0.924 0.024 0.006 0.028 0.016 
335 HI_SS0095    (1)    6 :  0.060 0.205 0.011 0.154 0.468 0.103 
336 HI_SS0097    (3)    6 :  0.004 0.035 0.031 0.014 0.908 0.008 
337 HI_SS0099    (1)    6 :  0.004 0.027 0.017 0.829 0.025 0.097 
338 HI_SS0103    (0)    6 :  0.003 0.027 0.018 0.287 0.611 0.053 
339 HI_SS0105    (1)    6 :  0.031 0.028 0.032 0.108 0.537 0.265 
340 HI_SS0107    (1)    6 :  0.001 0.007 0.015 0.760 0.190 0.028 
341 HI_SS0108    (1)    6 :  0.020 0.040 0.912 0.007 0.012 0.009 
342 HI_SS0110    (0)    6 :  0.001 0.051 0.017 0.052 0.632 0.247 
343 HI_SS0111    (1)    6 :  0.030 0.067 0.129 0.020 0.320 0.435 
344 HI_SS0112    (0)    6 :  0.002 0.144 0.763 0.012 0.024 0.055 
345 HI_SS0113    (1)    6 :  0.003 0.009 0.009 0.856 0.096 0.026 
346 HI_SS0114    (1)    6 :  0.005 0.956 0.016 0.006 0.008 0.009 
347 HI_SS0115    (1)    6 :  0.016 0.039 0.011 0.834 0.082 0.018 
348 HI_SS0116    (4)    6 :  0.004 0.625 0.044 0.278 0.028 0.020 
349 HI_SS0117    (0)    6 :  0.002 0.176 0.580 0.015 0.200 0.026 
350 HI_SS0118    (0)    6 :  0.010 0.671 0.016 0.279 0.009 0.014 
351 HI_SS0119    (1)    6 :  0.002 0.054 0.096 0.006 0.694 0.147 
352 HI_SS0120    (1)    6 :  0.003 0.005 0.011 0.962 0.008 0.012 
353 HI_SS0121    (0)    6 :  0.001 0.038 0.011 0.006 0.053 0.891 
354 HI_SS0122    (2)    6 :  0.018 0.021 0.303 0.047 0.021 0.589 
355 HI_SS0123    (0)    6 :  0.004 0.035 0.008 0.014 0.682 0.257 
356 HI_SS0124    (1)    6 :  0.003 0.007 0.038 0.818 0.025 0.109 
357 HI_SS0125    (1)    6 :  0.023 0.005 0.008 0.012 0.005 0.947 
358 HI_SS0126    (0)    6 :  0.001 0.009 0.964 0.010 0.006 0.010 
359 HI_SS0127    (0)    6 :  0.011 0.849 0.076 0.016 0.011 0.038 
360 HI_SS0128    (0)    6 :  0.003 0.095 0.201 0.244 0.419 0.039 
361 HI_SS0129    (1)    6 :  0.011 0.053 0.322 0.211 0.023 0.380 
362 HI_SS0131    (2)    6 :  0.029 0.007 0.830 0.081 0.012 0.041 
363 HI_SS0132    (0)    6 :  0.001 0.010 0.460 0.007 0.033 0.490 
364 HI_SS0133    (1)    6 :  0.001 0.004 0.987 0.003 0.002 0.003 
365 HI_SS0134    (1)    6 :  0.002 0.121 0.026 0.506 0.300 0.045 
366 HI_SS0142    (3)    6 :  0.020 0.214 0.021 0.008 0.697 0.041 
367 HI_SS0145    (0)    6 :  0.001 0.019 0.016 0.010 0.948 0.007 
368 HI_SS0146    (1)    6 :  0.001 0.107 0.834 0.009 0.012 0.037 
369 HI_SS0147    (1)    6 :  0.024 0.007 0.008 0.213 0.603 0.144 
370 HI_SS0149    (1)    6 :  0.004 0.005 0.891 0.008 0.042 0.051 
371 HI_SS0150    (2)    6 :  0.005 0.027 0.028 0.016 0.011 0.912 
372 HI_SS0151    (0)    6 :  0.016 0.068 0.155 0.301 0.265 0.193 
373 NS_SS1451    (1)    6 :  0.004 0.007 0.084 0.255 0.139 0.510 
374 NS_SS1404    (0)    6 :  0.009 0.012 0.024 0.037 0.013 0.905 
375 NS_SS1432    (2)    6 :  0.041 0.008 0.026 0.293 0.032 0.600 
376 NS_SS1405    (5)    6 :  0.004 0.049 0.096 0.594 0.075 0.183 
377 NS_SS1431   (10)    6 :  0.001 0.008 0.049 0.061 0.015 0.865 
378 NS_SS1402    (3)    6 :  0.003 0.108 0.020 0.016 0.774 0.078 
379 NS_SS1450    (3)    6 :  0.004 0.053 0.535 0.240 0.039 0.129 
380 NS_SS1396    (0)    6 :  0.008 0.196 0.056 0.053 0.301 0.387 
381 NS_SS1393    (5)    6 :  0.003 0.951 0.006 0.009 0.018 0.012 
382 NS_SS1392   (10)    6 :  0.016 0.007 0.014 0.280 0.012 0.671 
383 NS_SS1445    (0)    6 :  0.007 0.945 0.011 0.013 0.012 0.012 
384 NS_SS1423    (0)    6 :  0.002 0.213 0.645 0.032 0.035 0.074 
385 NS_SS1421    (9)    6 :  0.078 0.014 0.871 0.010 0.010 0.017 
386 NS_SS1411    (6)    6 :  0.002 0.497 0.259 0.052 0.021 0.170 
387 NS_SS1453    (6)    6 :  0.006 0.594 0.179 0.165 0.023 0.032 
388 NS_SS1442    (3)    6 :  0.004 0.230 0.029 0.463 0.111 0.162 
389 NS_SS1422    (1)    6 :  0.009 0.020 0.014 0.044 0.906 0.007 
390 NS_SS1419    (1)    6 :  0.163 0.179 0.138 0.102 0.024 0.395 
391 NS_SS1427    (0)    6 :  0.002 0.023 0.950 0.013 0.005 0.007 
392 NS_SS1444    (4)    6 :  0.004 0.024 0.019 0.880 0.048 0.025 
393 NS_SS1455    (0)    6 :  0.001 0.018 0.021 0.497 0.440 0.024 
394 NS_SS1425    (2)    6 :  0.001 0.248 0.683 0.009 0.016 0.042 
395 NS_SS1400    (0)    6 :  0.001 0.570 0.297 0.112 0.010 0.009 
396 NS_SS1406    (2)    6 :  0.008 0.020 0.007 0.028 0.917 0.020 
397 NS_SS1417    (6)    6 :  0.007 0.023 0.436 0.169 0.338 0.027 
398 NS_SS1454    (3)    6 :  0.001 0.072 0.318 0.066 0.011 0.531 
399 NS_SS1412    (1)    6 :  0.022 0.016 0.094 0.050 0.777 0.040 
400 NS_SS1438    (1)    6 :  0.001 0.606 0.024 0.110 0.241 0.017 
401 NS_SS1416    (4)    6 :  0.006 0.036 0.004 0.013 0.158 0.783 
402 NS_SS1401    (0)    6 :  0.013 0.011 0.073 0.109 0.588 0.205 
403 NS_SS1424    (6)    6 :  0.011 0.033 0.039 0.011 0.889 0.017 
404 NS_SS1435   (10)    6 :  0.003 0.175 0.394 0.050 0.013 0.365 
405 NS_SS1447    (4)    6 :  0.007 0.010 0.010 0.940 0.021 0.013 
406 NS_SS1414    (3)    6 :  0.009 0.032 0.013 0.889 0.044 0.014 
407 NS_SS1449   (14)    6 :  0.005 0.012 0.144 0.029 0.673 0.138 
408 NS_SS1443    (4)    6 :  0.002 0.796 0.056 0.009 0.122 0.014 
409 NS_SS1434    (1)    6 :  0.001 0.008 0.092 0.868 0.026 0.006 
410 NS_SS1398    (1)    6 :  0.024 0.119 0.115 0.419 0.008 0.316 
411 NS_SS1426    (1)    6 :  0.002 0.892 0.059 0.011 0.014 0.022 
412 NS_SS1413    (0)    6 :  0.007 0.006 0.963 0.011 0.009 0.005 
413 NS_SS1395    (1)    6 :  0.009 0.923 0.016 0.019 0.008 0.024 
414 NS_SS1448   (10)    6 :  0.002 0.004 0.960 0.014 0.005 0.016 
415 NS_SS1446    (0)    6 :  0.003 0.110 0.079 0.494 0.271 0.043 
416 NS_SS1403    (2)    6 :  0.005 0.929 0.006 0.010 0.028 0.022 
417 NS_SS1415    (0)    6 :  0.010 0.018 0.933 0.008 0.021 0.011 
418 NS_SS1437    (4)    6 :  0.009 0.092 0.484 0.060 0.270 0.084 
419 NS_SS1439    (2)    6 :  0.003 0.314 0.004 0.137 0.535 0.008 
420 NS_SS1441    (3)    6 :  0.002 0.108 0.096 0.307 0.460 0.027 
421 NS_SS1420    (2)    6 :  0.003 0.012 0.009 0.331 0.021 0.625 
422 NS_SS1394    (2)    6 :  0.033 0.034 0.020 0.011 0.050 0.852 
423 NS_SS1391    (7)    6 :  0.010 0.082 0.020 0.831 0.046 0.011 
424 NS_SS1410    (5)    6 :  0.015 0.045 0.127 0.693 0.058 0.062 
425 NS_SS1408    (1)    6 :  0.067 0.054 0.347 0.026 0.310 0.196 
426 NS_SS1409    (1)    6 :  0.002 0.041 0.009 0.048 0.792 0.107 
427 HI_SS0617    (1)    7 :  0.001 0.017 0.015 0.532 0.351 0.084 
428 HI_SS0618    (2)    7 :  0.003 0.018 0.009 0.011 0.153 0.805 
429 HI_SS0619    (0)    7 :  0.003 0.014 0.009 0.951 0.009 0.014 
430 HI_SS0620    (1)    7 :  0.003 0.107 0.760 0.008 0.115 0.008 
431 HI_SS0621    (3)    7 :  0.016 0.018 0.023 0.137 0.727 0.078 
432 HI_SS0622    (1)    7 :  0.012 0.013 0.650 0.032 0.269 0.024 
433 HI_SS0626    (0)    7 :  0.008 0.019 0.028 0.011 0.013 0.921 
434 HI_SS0627    (0)    7 :  0.008 0.033 0.028 0.200 0.197 0.535 
435 HI_SS0628    (3)    7 :  0.057 0.049 0.548 0.190 0.024 0.132 
436 HI_SS0629    (1)    7 :  0.006 0.742 0.037 0.066 0.086 0.061 
437 HI_SS0630    (1)    7 :  0.049 0.222 0.093 0.489 0.059 0.088 
438 HI_SS0631    (0)    7 :  0.001 0.040 0.923 0.014 0.013 0.009 
439 HI_SS0632    (0)    7 :  0.003 0.008 0.692 0.211 0.030 0.055 
440 HI_SS0633    (0)    7 :  0.003 0.022 0.005 0.930 0.026 0.015 
441 HI_SS0634    (1)    7 :  0.002 0.006 0.016 0.030 0.028 0.917 
442 HI_SS0635    (0)    7 :  0.010 0.042 0.020 0.014 0.475 0.440 
443 HI_SS0637    (1)    7 :  0.003 0.037 0.014 0.136 0.741 0.070 
444 HI_SS0638    (0)    7 :  0.001 0.011 0.080 0.019 0.056 0.833 
445 HI_SS0639    (1)    7 :  0.050 0.022 0.016 0.032 0.119 0.761 
446 HI_SS0640    (1)    7 :  0.001 0.959 0.006 0.007 0.013 0.013 
447 HI_SS0641    (1)    7 :  0.006 0.490 0.095 0.317 0.022 0.071 
448 HI_SS0642    (0)    7 :  0.002 0.013 0.018 0.012 0.041 0.914 
449 HI_SS0645    (0)    7 :  0.001 0.005 0.012 0.021 0.021 0.941 
450 HI_SS0646    (1)    7 :  0.003 0.884 0.009 0.037 0.045 0.022 
451 HI_SS0647    (1)    7 :  0.001 0.021 0.446 0.484 0.016 0.032 
452 HI_SS0648    (0)    7 :  0.002 0.009 0.082 0.030 0.828 0.049 
453 HI_SS0649    (1)    7 :  0.001 0.867 0.011 0.094 0.009 0.019 
454 HI_SS0650    (1)    7 :  0.004 0.039 0.008 0.837 0.012 0.100 
455 HI_SS0651    (1)    7 :  0.004 0.121 0.010 0.070 0.786 0.009 
456 HI_SS0652    (1)    7 :  0.003 0.007 0.015 0.670 0.010 0.296 
457 NS_SS1371    (3)    7 :  0.007 0.719 0.015 0.021 0.220 0.018 
458 NS_SS1374    (0)    7 :  0.003 0.039 0.122 0.017 0.022 0.797 
459 NS_SS1337    (3)    7 :  0.003 0.009 0.015 0.030 0.018 0.925 
460 NS_SS1385    (5)    7 :  0.004 0.069 0.012 0.135 0.768 0.013 
461 NS_SS1388    (0)    7 :  0.006 0.066 0.008 0.903 0.008 0.010 
462 NS_SS1370    (1)    7 :  0.009 0.010 0.022 0.027 0.021 0.911 
463 NS_SS1389    (3)    7 :  0.003 0.021 0.007 0.942 0.006 0.020 
464 NS_SS1360    (1)    7 :  0.004 0.773 0.101 0.021 0.053 0.048 
465 NS_SS1330    (0)    7 :  0.003 0.023 0.004 0.018 0.734 0.217 
466 NS_SS1328    (9)    7 :  0.002 0.010 0.901 0.041 0.023 0.024 
467 NS_SS1384    (1)    7 :  0.004 0.832 0.063 0.034 0.052 0.015 
468 NS_SS1381    (0)    7 :  0.001 0.027 0.007 0.269 0.665 0.031 
469 NS_SS1375    (1)    7 :  0.001 0.009 0.020 0.068 0.062 0.841 
470 NS_SS1319   (11)    7 :  0.092 0.038 0.051 0.016 0.068 0.734 
471 NS_SS1326    (2)    7 :  0.010 0.046 0.731 0.162 0.010 0.042 
472 NS_SS1341    (1)    7 :  0.006 0.382 0.057 0.463 0.029 0.064 
473 NS_SS1383    (2)    7 :  0.005 0.473 0.135 0.008 0.036 0.343 
474 NS_SS1318    (3)    7 :  0.015 0.064 0.059 0.815 0.035 0.012 
475 NS_SS1348    (2)    7 :  0.001 0.917 0.051 0.008 0.014 0.008 
476 NS_SS1363    (0)    7 :  0.005 0.010 0.046 0.019 0.800 0.119 
477 NS_SS1335    (4)    7 :  0.021 0.812 0.043 0.005 0.078 0.041 
478 NS_SS1358    (0)    7 :  0.016 0.360 0.072 0.009 0.479 0.064 
479 NS_SS1342    (1)    7 :  0.001 0.908 0.021 0.022 0.028 0.020 
480 NS_SS1320    (3)    7 :  0.006 0.003 0.015 0.918 0.029 0.029 
481 NS_SS1355    (1)    7 :  0.013 0.440 0.008 0.504 0.023 0.012 
482 NS_SS1345    (1)    7 :  0.016 0.020 0.042 0.043 0.873 0.007 
483 NS_SS1324    (0)    7 :  0.003 0.403 0.401 0.131 0.012 0.050 
484 NS_SS1347    (5)    7 :  0.004 0.246 0.043 0.011 0.669 0.027 
485 NS_SS1321    (4)    7 :  0.001 0.088 0.034 0.007 0.049 0.821 
486 NS_SS1333    (0)    7 :  0.002 0.021 0.121 0.030 0.007 0.819 
487 NS_SS1364    (1)    7 :  0.002 0.219 0.235 0.245 0.292 0.007 
488 NS_SS1379    (0)    7 :  0.060 0.035 0.054 0.282 0.544 0.025 
489 NS_SS1332    (0)    7 :  0.006 0.244 0.725 0.011 0.007 0.007 
490 NS_SS1338    (5)    7 :  0.008 0.604 0.079 0.033 0.050 0.226 
491 NS_SS1368    (6)    7 :  0.005 0.141 0.469 0.116 0.252 0.016 
492 NS_SS1354    (1)    7 :  0.012 0.070 0.031 0.385 0.463 0.038 
493 NS_SS1365    (0)    7 :  0.009 0.011 0.827 0.050 0.052 0.051 
494 NS_SS1380    (1)    7 :  0.020 0.022 0.008 0.505 0.412 0.034 
495 NS_SS1329    (8)    7 :  0.003 0.360 0.471 0.038 0.118 0.009 
496 NS_SS1362    (0)    7 :  0.004 0.930 0.008 0.014 0.023 0.022 
497 NS_SS1327    (2)    7 :  0.002 0.976 0.012 0.003 0.003 0.003 
498 NS_SS1350    (0)    7 :  0.011 0.219 0.019 0.221 0.207 0.323 
499 NS_SS1387    (2)    7 :  0.003 0.787 0.016 0.048 0.037 0.110 
500 NS_SS1369    (8)    7 :  0.004 0.012 0.956 0.007 0.011 0.009 
501 NS_SS1331    (1)    7 :  0.010 0.013 0.067 0.022 0.017 0.872 
502 NS_SS1357    (5)    7 :  0.004 0.084 0.190 0.646 0.048 0.027 
503 NS_SS1386    (1)    7 :  0.003 0.216 0.753 0.007 0.008 0.012 
504 NS_SS1353    (2)    7 :  0.004 0.065 0.101 0.246 0.405 0.179 
505 NS_SS1323    (0)    7 :  0.084 0.033 0.019 0.422 0.271 0.171 
506 HI_SS0296    (0)    8 :  0.002 0.344 0.124 0.044 0.018 0.469 
507 HI_SS0297    (0)    8 :  0.001 0.012 0.632 0.011 0.014 0.331 
508 HI_SS0299    (0)    8 :  0.035 0.070 0.504 0.318 0.043 0.030 
509 HI_SS0300    (0)    8 :  0.001 0.575 0.130 0.082 0.036 0.177 
510 HI_SS0301    (0)    8 :  0.004 0.268 0.067 0.011 0.090 0.561 
511 HI_SS0302    (0)    8 :  0.015 0.009 0.950 0.008 0.008 0.010 
512 HI_SS0303    (0)    8 :  0.006 0.039 0.296 0.645 0.010 0.005 
513 HI_SS0304    (0)    8 :  0.002 0.010 0.060 0.096 0.012 0.820 
514 HI_SS0306    (5)    8 :  0.002 0.007 0.972 0.006 0.005 0.007 
515 HI_SS0307    (1)    8 :  0.008 0.034 0.005 0.061 0.670 0.223 
516 HI_SS0308    (1)    8 :  0.082 0.173 0.039 0.017 0.362 0.327 
517 HI_SS0309    (0)    8 :  0.003 0.009 0.010 0.015 0.946 0.017 
518 HI_SS0310    (0)    8 :  0.007 0.116 0.158 0.658 0.042 0.019 
519 HI_SS0311    (4)    8 :  0.003 0.025 0.595 0.019 0.028 0.331 
520 HI_SS0314    (0)    8 :  0.002 0.105 0.512 0.150 0.134 0.096 
521 HI_SS0316    (1)    8 :  0.004 0.246 0.018 0.245 0.346 0.141 
522 HI_SS0317    (3)    8 :  0.002 0.012 0.017 0.019 0.214 0.736 
523 HI_SS0318    (1)    8 :  0.177 0.660 0.039 0.013 0.013 0.097 
524 HI_SS0319    (0)    8 :  0.004 0.925 0.053 0.003 0.009 0.006 
525 HI_SS0320    (3)    8 :  0.001 0.006 0.005 0.022 0.007 0.959 
526 HI_SS0321    (0)    8 :  0.001 0.827 0.007 0.009 0.027 0.129 
527 HI_SS0323    (1)    8 :  0.002 0.773 0.016 0.057 0.011 0.142 
528 HI_SS0325    (2)    8 :  0.002 0.008 0.957 0.015 0.008 0.010 
529 HI_SS0327    (1)    8 :  0.002 0.807 0.118 0.025 0.029 0.019 
530 HI_SS0329    (1)    8 :  0.001 0.009 0.355 0.473 0.015 0.148 
531 HI_SS0333    (1)    8 :  0.003 0.089 0.044 0.350 0.375 0.139 
532 HI_SS0334    (1)    8 :  0.001 0.045 0.083 0.010 0.853 0.008 
533 HI_SS0335    (1)    8 :  0.023 0.023 0.008 0.352 0.583 0.010 
534 HI_SS0339    (0)    8 :  0.015 0.602 0.059 0.174 0.124 0.026 
535 HI_SS0343    (2)    8 :  0.002 0.036 0.030 0.248 0.662 0.023 
536 HI_SS0344    (1)    8 :  0.002 0.044 0.927 0.014 0.007 0.007 
537 HI_SS0345    (3)    8 :  0.009 0.010 0.134 0.211 0.083 0.553 
538 HI_SS0346    (0)    8 :  0.005 0.061 0.396 0.042 0.010 0.485 
539 HI_SS0350    (1)    8 :  0.007 0.010 0.007 0.063 0.901 0.012 
540 HI_SS0351    (0)    8 :  0.004 0.432 0.022 0.128 0.392 0.022 
541 HI_SS0352    (3)    8 :  0.115 0.025 0.028 0.140 0.661 0.031 
542 HI_SS0362    (0)    8 :  0.002 0.033 0.817 0.012 0.011 0.126 
543 HI_SS0363    (1)    8 :  0.003 0.868 0.046 0.054 0.009 0.020 
544 HI_SS0365    (0)    8 :  0.004 0.071 0.008 0.013 0.892 0.012 
545 HI_SS0366    (0)    8 :  0.002 0.917 0.024 0.013 0.032 0.012 
546 HI_SS0367    (1)    8 :  0.002 0.018 0.007 0.953 0.011 0.009 
547 HI_SS0369    (1)    8 :  0.002 0.061 0.015 0.052 0.031 0.839 
548 HI_SS0370    (0)    8 :  0.004 0.021 0.019 0.636 0.308 0.014 
549 HI_SS0371    (4)    8 :  0.004 0.014 0.924 0.039 0.006 0.014 
550 HI_SS0373    (3)    8 :  0.010 0.018 0.090 0.042 0.070 0.770 
551 HI_SS0374    (0)    8 :  0.032 0.026 0.029 0.382 0.437 0.093 
552 HI_SS0377    (0)    8 :  0.079 0.028 0.489 0.009 0.369 0.026 
553 HI_SS0379    (1)    8 :  0.001 0.926 0.056 0.006 0.006 0.005 
554 HI_SS0380    (1)    8 :  0.008 0.212 0.027 0.631 0.058 0.065 
555 HI_SS0381    (2)    8 :  0.005 0.025 0.017 0.071 0.695 0.188 
556 HI_SS0384    (3)    8 :  0.008 0.235 0.356 0.294 0.012 0.095 
557 HI_SS0385    (1)    8 :  0.001 0.063 0.075 0.039 0.004 0.817 
558 HI_SS0386    (0)    9 :  0.992 0.002 0.002 0.002 0.001 0.002 
559 HI_SS0387    (0)    9 :  0.942 0.010 0.016 0.009 0.011 0.013 
560 HI_SS0389    (2)    9 :  0.982 0.004 0.003 0.005 0.003 0.003 
561 HI_SS0390    (2)    9 :  0.990 0.002 0.002 0.002 0.002 0.002 
562 HI_SS0391    (3)    9 :  0.985 0.003 0.002 0.003 0.003 0.003 
563 HI_SS0392    (0)    9 :  0.992 0.002 0.002 0.001 0.002 0.002 
564 HI_SS0393    (2)    9 :  0.992 0.002 0.002 0.001 0.001 0.001 
565 HI_SS0394    (2)    9 :  0.992 0.001 0.001 0.002 0.002 0.002 
