   NS_SS0963  1 0.0156 0.0323 0.0042 0.0091 0.9302 0.0085 
   NS_SS0983  1 0.3420 0.5912 0.0042 0.0038 0.0109 0.0479 
   NS_SS0719  1 0.6303 0.0845 0.0055 0.0194 0.2002 0.0601 
   NS_SS1001  1 0.0107 0.0950 0.0054 0.7589 0.0097 0.1204 
   NS_SS0936  1 0.1657 0.0171 0.0031 0.1519 0.6384 0.0239 
   NS_SS0955  1 0.3554 0.0545 0.0040 0.1880 0.2311 0.1670 
   NS_SS0944  1 0.0138 0.0197 0.0024 0.0316 0.0201 0.9125 
   NS_SS0945  1 0.0431 0.0271 0.0097 0.7303 0.0115 0.1784 
   NS_SS0922  1 0.8265 0.0079 0.0225 0.0752 0.0602 0.0076 
   NS_SS0929  1 0.0670 0.1600 0.0031 0.0392 0.6011 0.1296 
   NS_SS0956  1 0.1841 0.2806 0.0042 0.4601 0.0421 0.0288 
   NS_SS0906  1 0.0590 0.1994 0.0030 0.0453 0.6714 0.0219 
   NS_SS0721  1 0.6995 0.2048 0.0045 0.0144 0.0702 0.0066 
   NS_SS0982  1 0.0269 0.0122 0.0144 0.0126 0.9268 0.0071 
   NS_SS0923  1 0.1809 0.1646 0.0048 0.1398 0.4981 0.0117 
   NS_SS0905  1 0.1138 0.6099 0.0021 0.0142 0.1895 0.0704 
   NS_SS0925  1 0.0359 0.9115 0.0035 0.0236 0.0178 0.0076 
   NS_SS0947  1 0.0990 0.0726 0.0050 0.7071 0.1001 0.0162 
   NS_SS0926  1 0.0136 0.0065 0.0013 0.0290 0.1636 0.7859 
   NS_SS0918  1 0.0395 0.7514 0.0024 0.0481 0.1082 0.0503 
   NS_SS0966  1 0.0381 0.4443 0.0634 0.1622 0.1445 0.1474 
   NS_SS0938  1 0.0400 0.0103 0.0014 0.7740 0.1574 0.0169 
   NS_SS0917  1 0.7027 0.0119 0.0343 0.2127 0.0280 0.0104 
   NS_SS0957  1 0.0219 0.1588 0.0068 0.6588 0.1246 0.0290 
   NS_SS0987  1 0.0330 0.6098 0.2401 0.0389 0.0637 0.0145 
   NS_SS0717  1 0.0946 0.0395 0.0029 0.7795 0.0630 0.0205 
   NS_SS0986  1 0.4482 0.0115 0.0034 0.1642 0.2741 0.0985 
   NS_SS0953  1 0.0122 0.6713 0.0170 0.0604 0.2217 0.0175 
   NS_SS0907  1 0.5416 0.0320 0.0325 0.0189 0.3635 0.0114 
   NS_SS0974  1 0.0649 0.3239 0.0035 0.1398 0.0638 0.4042 
   NS_SS0989  1 0.1145 0.3927 0.0012 0.0223 0.2829 0.1865 
   NS_SS0991  1 0.0465 0.1350 0.0024 0.0214 0.1465 0.6483 
   NS_SS0994  1 0.1436 0.0263 0.0023 0.0149 0.0453 0.7676 
   NS_SS0931  1 0.0099 0.0077 0.0096 0.0121 0.0141 0.9466 
   NS_SS1000  1 0.0168 0.0099 0.0035 0.5047 0.4556 0.0095 
   NS_SS0919  1 0.0300 0.1102 0.0031 0.0085 0.7415 0.1067 
   NS_SS0949  1 0.0307 0.0259 0.0013 0.0112 0.0227 0.9082 
   NS_SS0960  1 0.1145 0.2837 0.0088 0.0124 0.0742 0.5064 
   NS_SS0716  1 0.0117 0.0125 0.0068 0.9532 0.0066 0.0092 
   NS_SS0924  1 0.7495 0.1030 0.0171 0.0240 0.0262 0.0802 
   NS_SS0935  1 0.1428 0.3090 0.0123 0.0139 0.0446 0.4775 
   NS_SS0952  1 0.0416 0.0801 0.0468 0.0514 0.0723 0.7078 
   NS_SS0962  1 0.1291 0.0450 0.0083 0.3710 0.4233 0.0233 
   NS_SS0973  1 0.0207 0.9281 0.0040 0.0093 0.0282 0.0097 
   NS_SS0722  1 0.0106 0.0241 0.0024 0.9498 0.0083 0.0048 
   NS_SS0979  1 0.0451 0.0182 0.0023 0.7205 0.2043 0.0097 
   NS_SS0993  1 0.0044 0.9245 0.0128 0.0319 0.0178 0.0085 
   NS_SS0958  1 0.0237 0.0180 0.0037 0.0921 0.0294 0.8331 
   NS_SS0988  1 0.0298 0.0680 0.0047 0.0301 0.8384 0.0291 
   NS_SS1003  1 0.0136 0.0575 0.0110 0.0196 0.8670 0.0313 
   NS_SS0976  1 0.0304 0.0494 0.0025 0.0353 0.0306 0.8518 
   NS_SS0964  1 0.0143 0.0190 0.0030 0.9444 0.0098 0.0095 
   NS_SS0939  1 0.0102 0.0142 0.0044 0.9560 0.0052 0.0100 
   NS_SS0990  1 0.1518 0.0300 0.0036 0.5695 0.2264 0.0188 
   NS_SS0984  1 0.0741 0.0183 0.0024 0.8717 0.0244 0.0090 
   NS_SS0980  1 0.0048 0.9151 0.0023 0.0052 0.0667 0.0059 
   NS_SS0978  1 0.1315 0.2397 0.0037 0.0525 0.5594 0.0131 
   NS_SS0951  1 0.0391 0.8756 0.0024 0.0275 0.0104 0.0449 
   NS_SS0913  1 0.3625 0.1659 0.0423 0.3795 0.0142 0.0355 
   NS_SS1002  1 0.0180 0.0119 0.0285 0.0645 0.8716 0.0055 
   NS_SS0948  1 0.0242 0.1155 0.0520 0.0861 0.5503 0.1720 
   NS_SS0916  1 0.0181 0.8674 0.0041 0.0147 0.0556 0.0401 
   NS_SS0995  1 0.0644 0.9028 0.0028 0.0095 0.0135 0.0070 
   NS_SS0927  1 0.8624 0.0106 0.0044 0.0261 0.0863 0.0103 
   NS_SS0992  1 0.1310 0.4142 0.0031 0.0318 0.3928 0.0271 
   NS_SS0912  1 0.8313 0.0122 0.0025 0.0114 0.0662 0.0764 
   NS_SS0981  1 0.0490 0.1613 0.0034 0.0307 0.7188 0.0368 
   NS_SS0729  2 0.2307 0.2156 0.0041 0.0390 0.0190 0.4916 
   NS_SS0967  2 0.3333 0.0170 0.0102 0.0368 0.5635 0.0391 
   NS_SS0941  2 0.1479 0.2308 0.0896 0.3488 0.1488 0.0341 
   NS_SS0768  2 0.3269 0.0255 0.0056 0.1000 0.4833 0.0585 
   NS_SS0726  2 0.0880 0.3677 0.0086 0.0879 0.2835 0.1643 
   NS_SS0763  2 0.0862 0.2047 0.0026 0.4982 0.0241 0.1843 
   NS_SS0730  2 0.1702 0.0828 0.0038 0.4700 0.2372 0.0359 
   NS_SS0774  2 0.0152 0.0937 0.0008 0.8497 0.0342 0.0063 
   NS_SS0723  2 0.1914 0.5327 0.0018 0.0344 0.2337 0.0059 
   NS_SS0940  2 0.1681 0.4292 0.0090 0.0557 0.0991 0.2388 
   NS_SS0762  2 0.0164 0.1773 0.0022 0.7785 0.0144 0.0112 
   NS_SS0766  2 0.3367 0.0492 0.0145 0.4805 0.0342 0.0850 
   NS_SS0724  2 0.0269 0.1223 0.0044 0.7666 0.0425 0.0372 
   NS_SS0769  2 0.3310 0.0859 0.0036 0.0226 0.5483 0.0087 
   NS_SS0777  2 0.1373 0.0668 0.0139 0.2947 0.1219 0.3655 
   NS_SS0734  2 0.4398 0.0603 0.0259 0.1115 0.0346 0.3279 
   NS_SS0737  2 0.0263 0.0242 0.0057 0.8536 0.0796 0.0107 
   NS_SS0732  2 0.0069 0.9710 0.0036 0.0073 0.0072 0.0039 
   NS_SS0728  2 0.5008 0.1299 0.0087 0.1131 0.2255 0.0220 
   NS_SS0735  2 0.2100 0.6986 0.0073 0.0578 0.0146 0.0118 
   NS_SS0725  2 0.0064 0.0073 0.0066 0.9617 0.0095 0.0085 
   NS_SS0788  2 0.6924 0.0306 0.0013 0.0230 0.2425 0.0101 
   NS_SS0778  2 0.4469 0.0865 0.0015 0.0219 0.4166 0.0266 
   NS_SS0792  2 0.0936 0.1058 0.0050 0.0194 0.7313 0.0449 
   NS_SS0943  2 0.0596 0.1324 0.0081 0.0205 0.1056 0.6738 
   NS_SS0791  2 0.2511 0.6406 0.0147 0.0342 0.0136 0.0458 
   NS_SS0790  2 0.0066 0.2608 0.0046 0.7094 0.0132 0.0054 
   NS_SS0731  2 0.0328 0.0091 0.0113 0.9238 0.0117 0.0111 
   NS_SS0727  2 0.0489 0.0682 0.0020 0.5740 0.0100 0.2969 
   NS_SS0779  2 0.1334 0.3889 0.0062 0.3013 0.1343 0.0359 
   NS_SS0776  2 0.0251 0.0300 0.0088 0.7526 0.0438 0.1397 
   NS_SS0775  2 0.0233 0.0129 0.0050 0.9322 0.0203 0.0064 
   NS_SS0965  3 0.1396 0.0571 0.0017 0.0333 0.6969 0.0713 
   NS_SS0754  3 0.7848 0.0870 0.0107 0.0306 0.0362 0.0506 
   NS_SS0838  3 0.0798 0.1537 0.0421 0.6421 0.0340 0.0483 
   NS_SS0839  3 0.0194 0.0642 0.0038 0.6474 0.2571 0.0081 
   NS_SS0832  3 0.0433 0.0281 0.0515 0.0578 0.8151 0.0043 
   NS_SS0820  3 0.7476 0.0053 0.0056 0.1316 0.1050 0.0049 
   NS_SS0886  3 0.8342 0.0636 0.0021 0.0199 0.0467 0.0334 
   NS_SS0748  3 0.0385 0.0218 0.0123 0.4552 0.0773 0.3951 
   NS_SS0884  3 0.0401 0.1256 0.0250 0.0865 0.6862 0.0367 
   NS_SS0752  3 0.0407 0.8479 0.0020 0.0691 0.0232 0.0171 
   NS_SS0862  3 0.0654 0.8811 0.0041 0.0194 0.0247 0.0053 
   NS_SS0787  3 0.0755 0.0134 0.0064 0.0103 0.0255 0.8690 
   NS_SS0843  3 0.0738 0.6134 0.0016 0.1932 0.0891 0.0289 
   NS_SS0856  3 0.5924 0.0105 0.0032 0.3239 0.0591 0.0109 
   NS_SS0846  3 0.0324 0.0118 0.0027 0.0160 0.8960 0.0411 
   NS_SS0825  3 0.2878 0.0113 0.0096 0.0106 0.6646 0.0161 
   NS_SS0757  3 0.1676 0.6792 0.0035 0.0655 0.0690 0.0152 
   NS_SS0876  3 0.4335 0.1993 0.2249 0.0235 0.1117 0.0071 
   NS_SS0903  3 0.0117 0.9597 0.0022 0.0086 0.0112 0.0066 
   NS_SS0875  3 0.7571 0.0259 0.0035 0.0703 0.1167 0.0265 
   NS_SS0740  3 0.0521 0.8900 0.0025 0.0151 0.0274 0.0129 
   NS_SS0811  3 0.0162 0.4539 0.0107 0.4974 0.0111 0.0108 
   NS_SS0751  3 0.0536 0.0798 0.0025 0.0689 0.5285 0.2668 
   NS_SS0891  3 0.0659 0.0198 0.0057 0.8785 0.0171 0.0130 
   NS_SS0867  3 0.0186 0.0587 0.0208 0.0073 0.8638 0.0307 
   NS_SS0890  3 0.2545 0.5266 0.0035 0.0737 0.0776 0.0641 
   NS_SS0866  3 0.4212 0.0180 0.0047 0.0551 0.3187 0.1824 
   NS_SS0755  3 0.1705 0.0295 0.0071 0.6140 0.1513 0.0276 
   NS_SS0758  3 0.8620 0.0147 0.0018 0.0538 0.0522 0.0155 
   NS_SS0840  3 0.0235 0.1106 0.0020 0.7240 0.1273 0.0126 
   NS_SS0889  3 0.5030 0.1118 0.0024 0.0174 0.0632 0.3023 
   NS_SS1010  3 0.0450 0.0361 0.0383 0.0450 0.7989 0.0367 
   NS_SS0888  3 0.6179 0.0280 0.0016 0.0109 0.0229 0.3187 
   NS_SS0837  3 0.0411 0.3731 0.0028 0.4012 0.1367 0.0451 
   NS_SS0794  3 0.1097 0.0120 0.0019 0.0670 0.0238 0.7856 
   NS_SS0823  3 0.1267 0.2068 0.0052 0.4803 0.1728 0.0081 
   NS_SS0829  3 0.0234 0.4191 0.1090 0.0178 0.0177 0.4130 
   NS_SS0844  3 0.2085 0.3533 0.0020 0.0719 0.3564 0.0079 
   NS_SS1008  3 0.0694 0.1248 0.0124 0.4323 0.0217 0.3394 
   NS_SS0881  3 0.0845 0.0195 0.0029 0.0322 0.5866 0.2743 
   NS_SS0834  3 0.0529 0.0127 0.0061 0.8821 0.0328 0.0134 
   NS_SS0744  3 0.5683 0.1686 0.0049 0.0137 0.2337 0.0108 
   NS_SS0899  3 0.0137 0.8467 0.0016 0.1045 0.0298 0.0038 
   NS_SS0804  3 0.0392 0.3252 0.0044 0.0536 0.5722 0.0053 
   NS_SS0781  3 0.0418 0.0382 0.0030 0.0764 0.8362 0.0044 
   NS_SS0822  3 0.0130 0.1468 0.0022 0.0285 0.0348 0.7748 
   NS_SS1004  3 0.0136 0.1910 0.0044 0.0548 0.6848 0.0516 
   NS_SS0746  3 0.3498 0.0158 0.0116 0.4211 0.1476 0.0540 
   NS_SS0880  3 0.0146 0.2286 0.0016 0.3028 0.1775 0.2749 
   NS_SS0879  3 0.0276 0.0266 0.0130 0.7176 0.1935 0.0216 
   NS_SS0753  3 0.3090 0.5435 0.0089 0.0077 0.0844 0.0465 
   NS_SS1007  3 0.7299 0.1460 0.0018 0.0419 0.0604 0.0199 
   NS_SS0872  3 0.0219 0.0245 0.0019 0.4701 0.4604 0.0211 
   NS_SS1005  3 0.0756 0.0639 0.0013 0.4046 0.4365 0.0181 
   NS_SS0892  3 0.1128 0.0205 0.0022 0.0577 0.7897 0.0170 
   NS_SS0898  3 0.0084 0.0178 0.0072 0.0218 0.0338 0.9111 
   NS_SS0801  3 0.7931 0.0367 0.0108 0.0198 0.1287 0.0108 
   NS_SS0827  3 0.0393 0.2230 0.1362 0.1478 0.0611 0.3926 
   NS_SS0853  3 0.2532 0.0139 0.0060 0.6513 0.0552 0.0204 
   NS_SS0780  3 0.1039 0.0408 0.0033 0.0222 0.8250 0.0047 
   NS_SS0826  3 0.0169 0.0072 0.0033 0.0459 0.6631 0.2637 
   NS_SS0818  3 0.0285 0.0112 0.0015 0.0148 0.9308 0.0132 
   NS_SS0745  3 0.0062 0.0068 0.0016 0.9575 0.0122 0.0157 
   NS_SS0849  3 0.1451 0.7788 0.0015 0.0220 0.0303 0.0224 
   NS_SS0739  3 0.7601 0.1159 0.0141 0.0367 0.0542 0.0189 
   NS_SS0799  3 0.0917 0.8237 0.0012 0.0105 0.0233 0.0496 
   NS_SS0756  3 0.0117 0.1088 0.0030 0.0133 0.8546 0.0086 
   NS_SS0802  3 0.5319 0.0308 0.1773 0.0166 0.2362 0.0073 
   NS_SS0747  3 0.3319 0.3464 0.0061 0.0306 0.2764 0.0086 
   NS_SS0835  3 0.2937 0.0078 0.0012 0.0198 0.6133 0.0643 
   NS_SS0742  3 0.0802 0.5630 0.0013 0.0226 0.3148 0.0179 
   NS_SS0760  3 0.1201 0.0183 0.0468 0.0213 0.0112 0.7824 
   NS_SS0803  3 0.0378 0.5454 0.0091 0.0239 0.3759 0.0079 
   NS_SS0828  3 0.0902 0.7571 0.0015 0.0176 0.0625 0.0711 
   NS_SS0865  3 0.0145 0.2942 0.0215 0.0187 0.6363 0.0148 
   NS_SS0759  3 0.6017 0.1616 0.0047 0.0712 0.1488 0.0120 
   NS_SS0851  3 0.0332 0.0289 0.0176 0.8675 0.0425 0.0103 
   NS_SS0874  3 0.0077 0.9261 0.0014 0.0333 0.0248 0.0067 
   NS_SS0761  3 0.6699 0.0653 0.0024 0.0144 0.0473 0.2008 
   NS_SS0842  3 0.0983 0.0596 0.0109 0.4404 0.0244 0.3664 
   NS_SS0785  3 0.1836 0.0746 0.0047 0.0273 0.6311 0.0786 
   NS_SS0860  3 0.8372 0.0566 0.0023 0.0078 0.0823 0.0139 
   NS_SS0897  3 0.0128 0.0135 0.0016 0.0072 0.0098 0.9551 
   NS_SS0841  3 0.0530 0.6269 0.0037 0.1616 0.0994 0.0555 
   NS_SS0797  3 0.0877 0.0098 0.0290 0.0176 0.0127 0.8432 
   NS_SS0830  3 0.2202 0.3061 0.0022 0.1953 0.0396 0.2367 
   NS_SS1011  3 0.0173 0.0140 0.0048 0.0192 0.9391 0.0056 
   NS_SS0883  3 0.2818 0.6684 0.0059 0.0080 0.0177 0.0182 
   NS_SS0782  3 0.6720 0.0356 0.0019 0.2449 0.0223 0.0232 
   NS_SS0831  3 0.2220 0.5836 0.0031 0.0319 0.0255 0.1340 
   NS_SS0749  3 0.5571 0.3952 0.0038 0.0091 0.0195 0.0153 
   NS_SS0854  3 0.8711 0.0564 0.0027 0.0219 0.0127 0.0352 
   HI_SS0193  4 0.0057 0.0120 0.0016 0.0153 0.0071 0.9583 
   HI_SS0194  4 0.0122 0.0113 0.0019 0.9291 0.0234 0.0222 
   HI_SS0195  4 0.0552 0.0565 0.1250 0.6550 0.0939 0.0144 
   HI_SS0196  4 0.5901 0.0454 0.0028 0.2795 0.0139 0.0682 
   HI_SS0197  4 0.0078 0.0032 0.0082 0.0067 0.9716 0.0024 
   HI_SS0198  4 0.0467 0.8811 0.0097 0.0134 0.0311 0.0180 
   HI_SS0199  4 0.3699 0.2222 0.0027 0.0119 0.2663 0.1269 
   HI_SS0201  4 0.0111 0.0213 0.0022 0.0064 0.0264 0.9326 
   HI_SS0215  4 0.8791 0.0189 0.0029 0.0079 0.0766 0.0146 
   HI_SS0218  4 0.0260 0.0083 0.0065 0.0161 0.0044 0.9386 
   HI_SS0222  4 0.6438 0.0399 0.0049 0.2570 0.0255 0.0289 
   HI_SS0230  4 0.0767 0.0333 0.0059 0.3265 0.5475 0.0101 
   HI_SS0234  4 0.3956 0.0173 0.1385 0.0632 0.3640 0.0214 
   HI_SS0240  4 0.7407 0.0459 0.0076 0.1256 0.0682 0.0120 
   HI_SS0241  4 0.4040 0.0093 0.0020 0.0477 0.2606 0.2764 
   HI_SS0242  4 0.4635 0.0753 0.0034 0.2956 0.0665 0.0958 
   HI_SS0247  4 0.0072 0.6321 0.0253 0.0177 0.2976 0.0202 
   HI_SS0248  4 0.0128 0.0643 0.0007 0.0199 0.0087 0.8937 
   HI_SS0252  4 0.0283 0.5512 0.0021 0.0668 0.3323 0.0195 
   HI_SS0254  4 0.0347 0.1289 0.0901 0.0124 0.3084 0.4256 
   HI_SS0256  4 0.0175 0.0121 0.0014 0.1881 0.7774 0.0034 
   HI_SS0257  4 0.5172 0.1215 0.0027 0.0088 0.3119 0.0378 
   HI_SS0258  4 0.1717 0.0163 0.0045 0.0149 0.0322 0.7603 
   HI_SS0259  4 0.1119 0.0451 0.0032 0.2711 0.5489 0.0199 
   HI_SS0260  4 0.0628 0.1710 0.0016 0.1342 0.0539 0.5764 
   HI_SS0261  4 0.0351 0.0817 0.0036 0.2684 0.3728 0.2385 
   HI_SS0262  4 0.0778 0.1443 0.0083 0.2826 0.4663 0.0206 
   HI_SS0264  4 0.0210 0.0089 0.0049 0.4041 0.5511 0.0099 
   HI_SS0265  4 0.0829 0.0187 0.0998 0.3422 0.4427 0.0137 
   HI_SS0268  4 0.4321 0.0179 0.0033 0.1029 0.0441 0.3998 
   HI_SS0269  4 0.2023 0.0499 0.0019 0.0093 0.0811 0.6555 
   HI_SS0273  4 0.0549 0.0101 0.0020 0.0179 0.0547 0.8604 
   HI_SS0277  4 0.0113 0.0174 0.0024 0.0073 0.9526 0.0091 
   HI_SS0280  4 0.0573 0.6961 0.0047 0.0988 0.0729 0.0702 
   HI_SS0282  4 0.0083 0.9279 0.0011 0.0076 0.0172 0.0380 
   HI_SS0286  4 0.9424 0.0113 0.0048 0.0083 0.0179 0.0153 
   NS_SS1252  5 0.8555 0.0249 0.0036 0.0094 0.0243 0.0823 
   NS_SS1261  5 0.0992 0.1242 0.0177 0.0818 0.6434 0.0337 
   NS_SS1225  5 0.1420 0.4972 0.0878 0.0433 0.1519 0.0777 
   NS_SS1266  5 0.0327 0.0576 0.0099 0.3364 0.5573 0.0061 
   NS_SS1228  5 0.0107 0.9185 0.0154 0.0209 0.0181 0.0163 
   NS_SS1255  5 0.0187 0.1225 0.0015 0.5751 0.0126 0.2697 
   NS_SS1267  5 0.5939 0.0098 0.0118 0.0066 0.0090 0.3689 
   NS_SS1238  5 0.0181 0.0107 0.0027 0.0249 0.0206 0.9229 
   NS_SS1233  5 0.0464 0.1680 0.0020 0.3754 0.0882 0.3200 
   NS_SS1277  5 0.0145 0.0173 0.0011 0.0228 0.0063 0.9380 
   NS_SS1245  5 0.1460 0.2016 0.0016 0.3387 0.0271 0.2851 
   NS_SS1240  5 0.5450 0.0091 0.0019 0.0340 0.0453 0.3647 
   NS_SS1275  5 0.0218 0.0041 0.0025 0.5976 0.3694 0.0047 
   NS_SS1235  5 0.1716 0.0147 0.0058 0.6221 0.1449 0.0409 
   NS_SS1263  5 0.0107 0.2723 0.0012 0.6735 0.0256 0.0167 
   NS_SS1251  5 0.0119 0.1487 0.0016 0.0732 0.7425 0.0222 
   NS_SS1248  5 0.2459 0.1399 0.1108 0.0831 0.0205 0.3997 
   NS_SS1244  5 0.0143 0.0549 0.0049 0.0102 0.2703 0.6454 
   NS_SS1257  5 0.6943 0.0868 0.0257 0.0110 0.0350 0.1471 
   NS_SS1242  5 0.0304 0.0082 0.0033 0.9184 0.0296 0.0102 
   NS_SS1271  5 0.0102 0.0179 0.0319 0.0091 0.0073 0.9236 
   NS_SS1265  5 0.7504 0.0161 0.0172 0.0679 0.0873 0.0612 
   NS_SS1243  5 0.0291 0.3874 0.0857 0.4135 0.0340 0.0503 
   NS_SS1273  5 0.0550 0.0059 0.0093 0.8673 0.0469 0.0156 
   NS_SS1254  5 0.0093 0.1161 0.0057 0.7402 0.1225 0.0061 
   NS_SS1224  5 0.1076 0.4981 0.0075 0.3447 0.0352 0.0068 
   NS_SS1227  5 0.0619 0.1452 0.0016 0.1907 0.4591 0.1415 
   NS_SS1274  5 0.0928 0.8432 0.0109 0.0148 0.0060 0.0323 
   NS_SS1241  5 0.0074 0.0290 0.0010 0.0217 0.0410 0.8999 
   NS_SS1256  5 0.0408 0.0089 0.0391 0.5266 0.3142 0.0704 
   NS_SS1260  5 0.8571 0.0215 0.0621 0.0102 0.0339 0.0152 
   NS_SS1262  5 0.0269 0.2135 0.1708 0.0212 0.3180 0.2496 
   NS_SS1230  5 0.1716 0.0283 0.0058 0.3464 0.0317 0.4161 
   NS_SS1270  5 0.0705 0.3493 0.0023 0.0287 0.5239 0.0252 
   NS_SS1229  5 0.0120 0.0187 0.0041 0.0100 0.9491 0.0062 
   NS_SS1246  5 0.0459 0.2011 0.0028 0.1116 0.1069 0.5317 
   NS_SS1269  5 0.8096 0.0160 0.0020 0.0916 0.0455 0.0353 
   NS_SS1239  5 0.0081 0.9592 0.0040 0.0097 0.0104 0.0087 
   NS_SS1272  5 0.0314 0.0057 0.0052 0.1435 0.8001 0.0140 
   NS_SS1268  5 0.0365 0.8985 0.0026 0.0266 0.0165 0.0193 
   NS_SS1249  5 0.0412 0.0130 0.0127 0.0274 0.0085 0.8972 
   HI_SS0559  6 0.3238 0.3726 0.0020 0.0700 0.0252 0.2064 
   HI_SS0563  6 0.0471 0.6736 0.0026 0.0364 0.0457 0.1946 
   HI_SS0564  6 0.0132 0.8773 0.0407 0.0208 0.0396 0.0084 
   HI_SS0565  6 0.0729 0.0433 0.0039 0.0745 0.7706 0.0348 
   HI_SS0569  6 0.0320 0.1646 0.0025 0.0061 0.2551 0.5397 
   HI_SS0570  6 0.0185 0.0107 0.0449 0.0183 0.0140 0.8936 
   HI_SS0572  6 0.0438 0.0902 0.0026 0.8398 0.0146 0.0089 
   HI_SS0576  6 0.5140 0.3479 0.0056 0.0287 0.0807 0.0229 
   HI_SS0579  6 0.0227 0.8267 0.0137 0.0102 0.0191 0.1076 
   HI_SS0580  6 0.4408 0.0673 0.0039 0.2547 0.0645 0.1687 
   HI_SS0581  6 0.2581 0.0178 0.0777 0.5384 0.0992 0.0088 
   HI_SS0583  6 0.1715 0.0320 0.0028 0.3691 0.1876 0.2369 
   HI_SS0586  6 0.1159 0.0182 0.0011 0.0107 0.0163 0.8378 
   HI_SS0588  6 0.7634 0.0108 0.0207 0.0184 0.0611 0.1257 
   HI_SS0595  6 0.0680 0.0232 0.0331 0.0321 0.1742 0.6693 
   HI_SS0596  6 0.0088 0.0109 0.0023 0.9539 0.0123 0.0117 
   HI_SS0597  6 0.0222 0.0127 0.0025 0.8739 0.0792 0.0095 
   HI_SS0600  6 0.1440 0.0456 0.0038 0.0100 0.7143 0.0823 
   HI_SS0601  6 0.0084 0.8991 0.0114 0.0049 0.0622 0.0140 
   HI_SS0602  6 0.7831 0.0244 0.0021 0.0226 0.1537 0.0140 
   HI_SS0604  6 0.0811 0.4887 0.0024 0.3469 0.0499 0.0311 
   HI_SS0605  6 0.9659 0.0081 0.0050 0.0086 0.0080 0.0045 
   HI_SS0608  6 0.0063 0.5617 0.0011 0.3179 0.0158 0.0972 
   HI_SS0609  6 0.0266 0.2774 0.0009 0.3661 0.2587 0.0702 
   HI_SS0611  6 0.0870 0.8242 0.0029 0.0174 0.0117 0.0569 
   HI_SS0612  6 0.0311 0.0814 0.0070 0.0102 0.8104 0.0599 
   HI_SS0613  6 0.7155 0.1586 0.0017 0.0391 0.0724 0.0128 
   HI_SS0615  6 0.0883 0.7551 0.0108 0.0394 0.0963 0.0101 
   HI_SS0001  6 0.4126 0.0105 0.0033 0.2721 0.1366 0.1648 
   HI_SS0002  6 0.0207 0.0136 0.0191 0.0242 0.9157 0.0068 
   HI_SS0004  6 0.4829 0.0203 0.0049 0.2660 0.0154 0.2104 
   HI_SS0005  6 0.5458 0.0909 0.0060 0.0199 0.1110 0.2264 
   HI_SS0006  6 0.2471 0.0655 0.0014 0.0188 0.6071 0.0602 
   HI_SS0007  6 0.0215 0.0294 0.0024 0.0134 0.0080 0.9252 
   HI_SS0008  6 0.1138 0.0214 0.0294 0.0144 0.8035 0.0176 
   HI_SS0009  6 0.1813 0.3774 0.0052 0.3687 0.0222 0.0452 
   HI_SS0010  6 0.0150 0.0563 0.0040 0.0315 0.0523 0.8410 
   HI_SS0011  6 0.0120 0.0275 0.0951 0.5044 0.2505 0.1105 
   HI_SS0012  6 0.1009 0.6653 0.0052 0.0215 0.2019 0.0054 
   HI_SS0017  6 0.0043 0.0044 0.0020 0.9668 0.0077 0.0149 
   HI_SS0021  6 0.1350 0.0126 0.2422 0.1621 0.1416 0.3065 
   HI_SS0024  6 0.0190 0.0181 0.0020 0.8626 0.0398 0.0585 
   HI_SS0025  6 0.0129 0.0059 0.0032 0.9684 0.0049 0.0046 
   HI_SS0027  6 0.0268 0.7351 0.0113 0.0048 0.0064 0.2157 
   HI_SS0028  6 0.0205 0.0877 0.0016 0.2976 0.5757 0.0169 
   HI_SS0029  6 0.2037 0.0392 0.0082 0.7137 0.0130 0.0220 
   HI_SS0030  6 0.0678 0.4292 0.0051 0.0927 0.0719 0.3333 
   HI_SS0031  6 0.0157 0.0356 0.0026 0.0116 0.9206 0.0140 
   HI_SS0034  6 0.7631 0.0576 0.0045 0.0253 0.0661 0.0833 
   HI_SS0036  6 0.4917 0.0050 0.0124 0.0206 0.0202 0.4501 
   HI_SS0037  6 0.4286 0.0775 0.0048 0.1029 0.0182 0.3681 
   HI_SS0039  6 0.0388 0.0113 0.0035 0.1175 0.3114 0.5175 
   HI_SS0041  6 0.0149 0.0445 0.0017 0.9278 0.0066 0.0046 
   HI_SS0042  6 0.5309 0.0263 0.1052 0.2969 0.0335 0.0072 
   HI_SS0043  6 0.0327 0.1084 0.0035 0.0138 0.0145 0.8270 
   HI_SS0044  6 0.0108 0.0062 0.0025 0.8066 0.0069 0.1670 
   HI_SS0047  6 0.0364 0.0517 0.0024 0.1244 0.7683 0.0169 
   HI_SS0049  6 0.0095 0.0174 0.0036 0.9386 0.0102 0.0206 
   HI_SS0051  6 0.9350 0.0298 0.0019 0.0079 0.0106 0.0148 
   HI_SS0053  6 0.0679 0.2327 0.0059 0.1167 0.0674 0.5095 
   HI_SS0054  6 0.0136 0.0359 0.0037 0.0100 0.0200 0.9168 
   HI_SS0057  6 0.0283 0.5416 0.0037 0.0985 0.1732 0.1547 
   HI_SS0058  6 0.9188 0.0115 0.0053 0.0215 0.0210 0.0220 
   HI_SS0060  6 0.1022 0.0582 0.0861 0.0107 0.2357 0.5071 
   HI_SS0087  6 0.3462 0.1534 0.0024 0.0179 0.3548 0.1252 
   HI_SS0091  6 0.1262 0.0365 0.0013 0.0064 0.7815 0.0481 
   HI_SS0095  6 0.6329 0.0477 0.0445 0.0244 0.2419 0.0086 
   HI_SS0097  6 0.0061 0.9280 0.0040 0.0057 0.0456 0.0107 
   HI_SS0099  6 0.0077 0.0061 0.0040 0.9635 0.0112 0.0076 
   HI_SS0103  6 0.1422 0.0544 0.0035 0.0797 0.7065 0.0136 
   HI_SS0105  6 0.0558 0.0303 0.0283 0.0110 0.8529 0.0218 
   HI_SS0107  6 0.0155 0.0339 0.0010 0.7758 0.1626 0.0112 
   HI_SS0108  6 0.0339 0.0129 0.0236 0.0055 0.0089 0.9152 
   HI_SS0110  6 0.0207 0.0155 0.0010 0.0218 0.9329 0.0081 
   HI_SS0111  6 0.6088 0.0696 0.0238 0.0209 0.2538 0.0231 
   HI_SS0112  6 0.0068 0.0095 0.0010 0.0047 0.0048 0.9731 
   HI_SS0113  6 0.0573 0.0256 0.0042 0.7841 0.1226 0.0061 
   HI_SS0114  6 0.6934 0.0335 0.0061 0.0117 0.0520 0.2032 
   HI_SS0115  6 0.1365 0.4404 0.0154 0.3558 0.0131 0.0388 
   HI_SS0116  6 0.0810 0.0545 0.0032 0.3608 0.0273 0.4731 
   HI_SS0117  6 0.0228 0.0095 0.0022 0.0184 0.4345 0.5125 
   HI_SS0118  6 0.2423 0.0301 0.0122 0.4886 0.0727 0.1540 
   HI_SS0119  6 0.0548 0.4327 0.0016 0.0057 0.4714 0.0338 
   HI_SS0120  6 0.0122 0.0058 0.0032 0.9541 0.0163 0.0083 
   HI_SS0121  6 0.1431 0.0674 0.0016 0.1752 0.6052 0.0075 
   HI_SS0122  6 0.2295 0.0196 0.0306 0.2057 0.3199 0.1946 
   HI_SS0123  6 0.0260 0.5073 0.0063 0.1268 0.3253 0.0084 
   HI_SS0124  6 0.0207 0.1375 0.0031 0.7831 0.0430 0.0126 
   HI_SS0125  6 0.2402 0.0414 0.0374 0.1621 0.5025 0.0163 
   HI_SS0126  6 0.0219 0.0064 0.0009 0.0426 0.0106 0.9176 
   HI_SS0127  6 0.1838 0.7400 0.0084 0.0341 0.0096 0.0241 
   HI_SS0128  6 0.0193 0.0252 0.0030 0.5067 0.3841 0.0617 
   HI_SS0129  6 0.8634 0.0105 0.0069 0.0287 0.0103 0.0802 
   HI_SS0131  6 0.0065 0.0108 0.0413 0.0490 0.0157 0.8767 
   HI_SS0132  6 0.0159 0.0640 0.0006 0.0135 0.6421 0.2639 
   HI_SS0133  6 0.0024 0.0030 0.0012 0.0027 0.0023 0.9885 
   HI_SS0134  6 0.0776 0.0275 0.0017 0.0296 0.7633 0.1002 
   HI_SS0142  6 0.0267 0.0093 0.0131 0.0073 0.9380 0.0055 
   HI_SS0145  6 0.2140 0.4775 0.0018 0.0273 0.1882 0.0913 
   HI_SS0146  6 0.0074 0.0121 0.0012 0.0060 0.0119 0.9615 
   HI_SS0147  6 0.1607 0.0569 0.0216 0.0797 0.6761 0.0050 
   HI_SS0149  6 0.0083 0.0094 0.0039 0.0098 0.8304 0.1381 
   HI_SS0150  6 0.0675 0.1207 0.0056 0.5315 0.1886 0.0861 
   HI_SS0151  6 0.0483 0.8811 0.0114 0.0088 0.0095 0.0409 
   NS_SS1451  6 0.0324 0.4019 0.0039 0.4719 0.0714 0.0185 
   NS_SS1404  6 0.1440 0.0431 0.0134 0.5402 0.2387 0.0206 
   NS_SS1432  6 0.0140 0.0314 0.0359 0.6744 0.2391 0.0051 
   NS_SS1405  6 0.3024 0.0185 0.0033 0.5576 0.0317 0.0866 
   NS_SS1431  6 0.0262 0.0180 0.0010 0.8706 0.0686 0.0156 
   NS_SS1402  6 0.3541 0.1640 0.0022 0.0524 0.3801 0.0472 
   NS_SS1450  6 0.6084 0.0384 0.0043 0.2230 0.0338 0.0920 
   NS_SS1396  6 0.0331 0.1763 0.0074 0.3841 0.3421 0.0571 
   NS_SS1393  6 0.5832 0.2176 0.0032 0.0179 0.1645 0.0135 
   NS_SS1392  6 0.3218 0.0653 0.0213 0.5232 0.0365 0.0321 
   NS_SS1445  6 0.7817 0.0261 0.0087 0.0306 0.1310 0.0218 
   NS_SS1423  6 0.0104 0.0212 0.0017 0.0213 0.1867 0.7586 
   NS_SS1421  6 0.0561 0.1559 0.1043 0.0951 0.0497 0.5389 
   NS_SS1411  6 0.0257 0.0375 0.0015 0.0123 0.0120 0.9109 
   NS_SS1453  6 0.5556 0.1119 0.0063 0.0619 0.1743 0.0901 
   NS_SS1442  6 0.6172 0.0421 0.0034 0.0490 0.0863 0.2020 
   NS_SS1422  6 0.0131 0.8983 0.0119 0.0125 0.0433 0.0209 
   NS_SS1419  6 0.0139 0.7492 0.1391 0.0241 0.0609 0.0127 
   NS_SS1427  6 0.0220 0.0103 0.0019 0.0094 0.0086 0.9479 
   NS_SS1444  6 0.0526 0.0795 0.0036 0.8309 0.0141 0.0194 
   NS_SS1455  6 0.0104 0.1615 0.0012 0.6351 0.1725 0.0192 
   NS_SS1425  6 0.0093 0.0359 0.0015 0.0037 0.0085 0.9412 
   NS_SS1400  6 0.0263 0.0089 0.0016 0.0249 0.0125 0.9257 
   NS_SS1406  6 0.0203 0.1859 0.0083 0.0709 0.7109 0.0038 
   NS_SS1417  6 0.0651 0.0513 0.0093 0.4020 0.2398 0.2325 
   NS_SS1454  6 0.1133 0.0140 0.0015 0.1262 0.1648 0.5802 
   NS_SS1412  6 0.3211 0.0277 0.0223 0.1499 0.4058 0.0732 
   NS_SS1438  6 0.3201 0.2227 0.0017 0.0176 0.1015 0.3365 
   NS_SS1416  6 0.2173 0.7149 0.0050 0.0212 0.0365 0.0050 
   NS_SS1401  6 0.0990 0.0892 0.0139 0.0770 0.6528 0.0681 
   NS_SS1424  6 0.2952 0.0177 0.0123 0.0208 0.4879 0.1662 
   NS_SS1435  6 0.0249 0.0135 0.0032 0.0521 0.1479 0.7584 
   NS_SS1447  6 0.0432 0.0122 0.0075 0.8937 0.0202 0.0232 
   NS_SS1414  6 0.0164 0.0088 0.0079 0.9489 0.0098 0.0082 
   NS_SS1449  6 0.0078 0.9608 0.0034 0.0044 0.0147 0.0088 
   NS_SS1443  6 0.0128 0.5587 0.0017 0.0055 0.0489 0.3724 
   NS_SS1434  6 0.0296 0.0275 0.0006 0.5047 0.0207 0.4169 
   NS_SS1398  6 0.8526 0.0156 0.0138 0.0467 0.0131 0.0583 
   NS_SS1426  6 0.3756 0.1041 0.0023 0.0142 0.1560 0.3478 
   NS_SS1413  6 0.0109 0.0039 0.0107 0.0129 0.0061 0.9554 
   NS_SS1395  6 0.1063 0.2565 0.0100 0.0196 0.5334 0.0741 
   NS_SS1448  6 0.0116 0.0106 0.0018 0.1017 0.0083 0.8661 
   NS_SS1446  6 0.1883 0.0121 0.0023 0.0183 0.7572 0.0219 
   NS_SS1403  6 0.0451 0.0254 0.0043 0.0253 0.8923 0.0075 
   NS_SS1415  6 0.0167 0.0189 0.0097 0.0075 0.0215 0.9257 
   NS_SS1437  6 0.0192 0.0268 0.0076 0.5824 0.2770 0.0870 
   NS_SS1439  6 0.3004 0.0120 0.0026 0.0170 0.6629 0.0050 
   NS_SS1441  6 0.1241 0.0157 0.0020 0.0561 0.4990 0.3030 
   NS_SS1420  6 0.0118 0.6724 0.0027 0.3000 0.0084 0.0047 
   NS_SS1394  6 0.0440 0.5685 0.0373 0.2323 0.1084 0.0095 
   NS_SS1391  6 0.5476 0.0144 0.0126 0.1358 0.1098 0.1798 
   NS_SS1410  6 0.0955 0.0217 0.0177 0.0880 0.5442 0.2330 
   NS_SS1408  6 0.7967 0.0565 0.0422 0.0124 0.0780 0.0143 
   NS_SS1409  6 0.8469 0.0241 0.0025 0.0180 0.0969 0.0116 
   HI_SS0617  7 0.9368 0.0252 0.0011 0.0196 0.0128 0.0045 
   HI_SS0618  7 0.0229 0.9309 0.0020 0.0270 0.0093 0.0079 
   HI_SS0619  7 0.0751 0.0363 0.0034 0.8228 0.0223 0.0401 
   HI_SS0620  7 0.1186 0.0331 0.0024 0.0056 0.0046 0.8357 
   HI_SS0621  7 0.4126 0.1132 0.0138 0.4120 0.0402 0.0082 
   HI_SS0622  7 0.0941 0.0734 0.0128 0.5796 0.0424 0.1977 
   HI_SS0626  7 0.4554 0.0338 0.0106 0.3854 0.0641 0.0507 
   HI_SS0627  7 0.0421 0.0891 0.0077 0.0777 0.7685 0.0149 
   HI_SS0628  7 0.2573 0.0239 0.0522 0.0752 0.0538 0.5377 
   HI_SS0629  7 0.7035 0.1229 0.0063 0.0267 0.1065 0.0341 
   HI_SS0630  7 0.0375 0.1037 0.0735 0.1508 0.0381 0.5964 
   HI_SS0631  7 0.0260 0.0557 0.0009 0.0129 0.0211 0.8835 
   HI_SS0632  7 0.0808 0.2822 0.0038 0.1262 0.0314 0.4755 
   HI_SS0633  7 0.0550 0.0220 0.0030 0.9037 0.0096 0.0068 
   HI_SS0634  7 0.2409 0.0137 0.0017 0.0162 0.7152 0.0123 
   HI_SS0635  7 0.3239 0.0529 0.0104 0.0426 0.5208 0.0495 
   HI_SS0637  7 0.9279 0.0314 0.0028 0.0097 0.0236 0.0046 
   HI_SS0638  7 0.0553 0.0429 0.0014 0.1731 0.2452 0.4820 
   HI_SS0639  7 0.2198 0.4261 0.0498 0.1368 0.1540 0.0134 
   HI_SS0640  7 0.0610 0.5525 0.0019 0.0320 0.2286 0.1241 
   HI_SS0641  7 0.9611 0.0068 0.0036 0.0085 0.0074 0.0125 
   HI_SS0642  7 0.0049 0.1295 0.0019 0.0280 0.8198 0.0159 
   HI_SS0645  7 0.0053 0.9604 0.0011 0.0189 0.0057 0.0087 
   HI_SS0646  7 0.2058 0.0170 0.0029 0.0132 0.7451 0.0161 
   HI_SS0647  7 0.0332 0.0209 0.0009 0.6335 0.0252 0.2863 
   HI_SS0648  7 0.0344 0.3361 0.0030 0.0463 0.5019 0.0783 
   HI_SS0649  7 0.8721 0.0252 0.0021 0.0626 0.0265 0.0115 
   HI_SS0650  7 0.8721 0.0242 0.0038 0.0818 0.0112 0.0068 
   HI_SS0651  7 0.0612 0.7266 0.0045 0.0470 0.1317 0.0290 
   HI_SS0652  7 0.3691 0.0195 0.0030 0.5854 0.0153 0.0077 
   NS_SS1371  7 0.8929 0.0202 0.0039 0.0085 0.0655 0.0091 
   NS_SS1374  7 0.4734 0.0109 0.0027 0.0429 0.1764 0.2937 
   NS_SS1337  7 0.5200 0.0500 0.0032 0.1493 0.2515 0.0260 
   NS_SS1385  7 0.1467 0.0227 0.0048 0.0959 0.6999 0.0299 
   NS_SS1388  7 0.0133 0.0076 0.0064 0.9430 0.0143 0.0153 
   NS_SS1370  7 0.0058 0.9622 0.0066 0.0056 0.0080 0.0118 
   NS_SS1389  7 0.0094 0.0043 0.0033 0.9704 0.0067 0.0059 
   NS_SS1360  7 0.2596 0.5440 0.0042 0.0139 0.0625 0.1157 
   NS_SS1330  7 0.2155 0.1687 0.0038 0.2507 0.3510 0.0103 
   NS_SS1328  7 0.0201 0.0093 0.0021 0.0566 0.0129 0.8990 
   NS_SS1384  7 0.1669 0.2489 0.0038 0.0169 0.4736 0.0899 
   NS_SS1381  7 0.0748 0.5203 0.0010 0.3131 0.0803 0.0104 
   NS_SS1375  7 0.0227 0.0195 0.0012 0.8638 0.0545 0.0383 
   NS_SS1319  7 0.4941 0.0267 0.0837 0.0559 0.3084 0.0310 
   NS_SS1326  7 0.0113 0.0091 0.0081 0.0118 0.0065 0.9532 
   NS_SS1341  7 0.3653 0.0103 0.0037 0.0122 0.5998 0.0087 
   NS_SS1383  7 0.1104 0.0413 0.0045 0.0083 0.7737 0.0618 
   NS_SS1318  7 0.3752 0.0631 0.0167 0.4280 0.0481 0.0688 
   NS_SS1348  7 0.0439 0.0121 0.0015 0.0084 0.0149 0.9193 
   NS_SS1363  7 0.4465 0.3625 0.0058 0.0379 0.1154 0.0320 
   NS_SS1335  7 0.1218 0.3823 0.0311 0.0093 0.0361 0.4195 
   NS_SS1358  7 0.0198 0.4979 0.0128 0.0057 0.3977 0.0661 
   NS_SS1342  7 0.0889 0.0190 0.0013 0.0185 0.7595 0.1129 
   NS_SS1320  7 0.0370 0.0204 0.0054 0.9092 0.0237 0.0044 
   NS_SS1355  7 0.2339 0.0873 0.0112 0.6135 0.0483 0.0058 
   NS_SS1345  7 0.0124 0.6457 0.0218 0.1553 0.1233 0.0415 
   NS_SS1324  7 0.0531 0.1037 0.0029 0.0397 0.0144 0.7862 
   NS_SS1347  7 0.0579 0.7875 0.0032 0.0170 0.1061 0.0283 
   NS_SS1321  7 0.1967 0.0297 0.0011 0.0088 0.7249 0.0387 
   NS_SS1333  7 0.1367 0.0040 0.0034 0.0542 0.6421 0.1597 
   NS_SS1364  7 0.0218 0.0459 0.0023 0.0245 0.0373 0.8681 
   NS_SS1379  7 0.0088 0.8859 0.0413 0.0450 0.0084 0.0106 
   NS_SS1332  7 0.0144 0.0048 0.0069 0.0173 0.0079 0.9487 
   NS_SS1338  7 0.0251 0.9198 0.0053 0.0076 0.0315 0.0108 
   NS_SS1368  7 0.0184 0.0071 0.0050 0.0684 0.1848 0.7162 
   NS_SS1354  7 0.3826 0.0337 0.0122 0.1287 0.4041 0.0388 
   NS_SS1365  7 0.0868 0.0536 0.0084 0.7606 0.0306 0.0599 
   NS_SS1380  7 0.2118 0.0213 0.0233 0.5818 0.1557 0.0060 
   NS_SS1329  7 0.0893 0.0282 0.0031 0.0194 0.6686 0.1914 
   NS_SS1362  7 0.6373 0.0157 0.0042 0.0128 0.3107 0.0192 
   NS_SS1327  7 0.0158 0.0068 0.0032 0.0036 0.0076 0.9629 
   NS_SS1350  7 0.9596 0.0056 0.0061 0.0080 0.0149 0.0058 
   NS_SS1387  7 0.0152 0.7919 0.0022 0.1268 0.0519 0.0120 
   NS_SS1369  7 0.1075 0.3048 0.0039 0.0155 0.0095 0.5588 
   NS_SS1331  7 0.0996 0.0521 0.0119 0.3190 0.1050 0.4124 
   NS_SS1357  7 0.1172 0.2323 0.0037 0.2961 0.2600 0.0908 
   NS_SS1386  7 0.0094 0.0096 0.0036 0.0054 0.0158 0.9561 
   NS_SS1353  7 0.0176 0.0121 0.0046 0.6677 0.2356 0.0625 
   NS_SS1323  7 0.0169 0.0357 0.0642 0.0782 0.7954 0.0096 
   HI_SS0296  8 0.0118 0.9168 0.0015 0.0061 0.0050 0.0588 
   HI_SS0297  8 0.0879 0.3498 0.0009 0.0862 0.1980 0.2772 
   HI_SS0299  8 0.5093 0.1987 0.0381 0.0609 0.0712 0.1218 
   HI_SS0300  8 0.0092 0.9330 0.0011 0.0086 0.0061 0.0420 
   HI_SS0301  8 0.3240 0.0255 0.0034 0.0125 0.5503 0.0843 
   HI_SS0302  8 0.0091 0.0975 0.0233 0.0150 0.0096 0.8455 
   HI_SS0303  8 0.0128 0.0242 0.0067 0.0535 0.0094 0.8934 
   HI_SS0304  8 0.1668 0.0537 0.0026 0.4862 0.1802 0.1105 
   HI_SS0306  8 0.0063 0.0060 0.0033 0.0058 0.0067 0.9720 
   HI_SS0307  8 0.6588 0.0476 0.0056 0.0700 0.2123 0.0057 
   HI_SS0308  8 0.1008 0.5854 0.0782 0.0152 0.1109 0.1096 
   HI_SS0309  8 0.0370 0.8389 0.0031 0.0340 0.0779 0.0091 
   HI_SS0310  8 0.0295 0.0110 0.0074 0.6222 0.0332 0.2968 
   HI_SS0311  8 0.0151 0.3941 0.0029 0.0738 0.0844 0.4297 
   HI_SS0314  8 0.0104 0.0173 0.0013 0.9093 0.0196 0.0421 
   HI_SS0316  8 0.2545 0.0429 0.0036 0.2585 0.3789 0.0615 
   HI_SS0317  8 0.3088 0.0099 0.0024 0.0103 0.6532 0.0153 
   HI_SS0318  8 0.1946 0.0182 0.1858 0.0075 0.2034 0.3904 
   HI_SS0319  8 0.0408 0.0145 0.0068 0.0083 0.0986 0.8310 
   HI_SS0320  8 0.0568 0.0088 0.0013 0.0724 0.8573 0.0035 
   HI_SS0321  8 0.9435 0.0126 0.0018 0.0049 0.0297 0.0075 
   HI_SS0323  8 0.9580 0.0077 0.0015 0.0102 0.0112 0.0114 
   HI_SS0325  8 0.0589 0.0192 0.0021 0.0568 0.0251 0.8380 
   HI_SS0327  8 0.1651 0.2186 0.0014 0.0060 0.0612 0.5477 
   HI_SS0329  8 0.0356 0.0121 0.0017 0.8530 0.0408 0.0568 
   HI_SS0333  8 0.1430 0.0321 0.0026 0.0337 0.7572 0.0312 
   HI_SS0334  8 0.0457 0.9111 0.0015 0.0056 0.0184 0.0176 
   HI_SS0335  8 0.7354 0.1333 0.0220 0.0356 0.0642 0.0095 
   HI_SS0339  8 0.0572 0.5026 0.0112 0.0735 0.3361 0.0193 
   HI_SS0343  8 0.0071 0.0182 0.0020 0.1672 0.7897 0.0159 
   HI_SS0344  8 0.0084 0.0077 0.0025 0.0048 0.0059 0.9706 
   HI_SS0345  8 0.0443 0.1139 0.0100 0.3119 0.2826 0.2372 
   HI_SS0346  8 0.2279 0.0303 0.0037 0.0968 0.3754 0.2659 
   HI_SS0350  8 0.0054 0.9153 0.0068 0.0592 0.0097 0.0035 
   HI_SS0351  8 0.2849 0.2992 0.0038 0.1679 0.1783 0.0659 
   HI_SS0352  8 0.0110 0.0539 0.1003 0.1908 0.6205 0.0235 
   HI_SS0362  8 0.0593 0.0594 0.0028 0.0221 0.0331 0.8232 
   HI_SS0363  8 0.0470 0.3250 0.0041 0.0315 0.0278 0.5646 
   HI_SS0365  8 0.0348 0.8223 0.0051 0.0105 0.0879 0.0396 
   HI_SS0366  8 0.3073 0.0812 0.0015 0.0384 0.0948 0.4769 
   HI_SS0367  8 0.0207 0.0081 0.0028 0.9187 0.0448 0.0049 
   HI_SS0369  8 0.1507 0.0875 0.0023 0.1452 0.6064 0.0079 
   HI_SS0370  8 0.8978 0.0140 0.0026 0.0472 0.0248 0.0137 
   HI_SS0371  8 0.0139 0.0196 0.0037 0.0215 0.0057 0.9356 
   HI_SS0373  8 0.1024 0.0323 0.0130 0.3718 0.1265 0.3540 
   HI_SS0374  8 0.0290 0.0250 0.0288 0.7311 0.1753 0.0109 
   HI_SS0377  8 0.0103 0.6406 0.0746 0.0067 0.1781 0.0896 
   HI_SS0379  8 0.0110 0.0083 0.0011 0.0035 0.0100 0.9662 
   HI_SS0380  8 0.3190 0.0222 0.0084 0.5976 0.0403 0.0125 
   HI_SS0381  8 0.0510 0.1085 0.0047 0.0818 0.7277 0.0263 
   HI_SS0384  8 0.4039 0.0052 0.0066 0.5357 0.0161 0.0325 
   HI_SS0385  8 0.0136 0.0072 0.0013 0.0963 0.0119 0.8698 
   HI_SS0386  9 0.0019 0.0022 0.9905 0.0019 0.0021 0.0016 
   HI_SS0387  9 0.0105 0.0154 0.9354 0.0102 0.0148 0.0137 
   HI_SS0389  9 0.0035 0.0029 0.9816 0.0040 0.0045 0.0035 
   HI_SS0390  9 0.0021 0.0016 0.9910 0.0014 0.0018 0.0020 
   HI_SS0391  9 0.0026 0.0031 0.9862 0.0034 0.0027 0.0020 
   HI_SS0392  9 0.0020 0.0016 0.9915 0.0018 0.0014 0.0017 
   HI_SS0393  9 0.0018 0.0014 0.9921 0.0012 0.0018 0.0018 
   HI_SS0394  9 0.0017 0.0015 0.9918 0.0019 0.0018 0.0012 
   HI_SS0395  9 0.0044 0.0032 0.9805 0.0047 0.0038 0.0034 
   HI_SS0396  9 0.0100 0.0113 0.9491 0.0150 0.0088 0.0058 
   HI_SS0398  9 0.0060 0.0070 0.9674 0.0072 0.0069 0.0055 
   HI_SS0399  9 0.0010 0.0014 0.9942 0.0011 0.0012 0.0011 
   HI_SS0400  9 0.0021 0.0026 0.9881 0.0025 0.0023 0.0024 
   HI_SS0401  9 0.0017 0.0014 0.9916 0.0013 0.0022 0.0018 
   HI_SS0402  9 0.0014 0.0014 0.9930 0.0011 0.0015 0.0017 
   HI_SS0403  9 0.0022 0.0018 0.9910 0.0015 0.0018 0.0017 
   HI_SS0404  9 0.0012 0.0012 0.9941 0.0011 0.0014 0.0010 
   HI_SS0405  9 0.0113 0.0206 0.9183 0.0097 0.0291 0.0110 
   HI_SS0406  9 0.0030 0.0026 0.9879 0.0015 0.0031 0.0020 
   HI_SS0407  9 0.0061 0.0091 0.9611 0.0096 0.0057 0.0083 
   HI_SS0408  9 0.0013 0.0011 0.9935 0.0012 0.0015 0.0013 
   HI_SS0409  9 0.0031 0.0040 0.9831 0.0026 0.0042 0.0030 
   HI_SS0411  9 0.0034 0.0034 0.9841 0.0031 0.0029 0.0032 
   HI_SS0412  9 0.0605 0.0768 0.7948 0.0166 0.0396 0.0116 
   HI_SS0413  9 0.0028 0.0019 0.9885 0.0023 0.0026 0.0019 
   HI_SS0414  9 0.0169 0.0156 0.9288 0.0156 0.0141 0.0089 
   HI_SS0415  9 0.0019 0.0025 0.9892 0.0016 0.0028 0.0021 
   HI_SS0416  9 0.0043 0.0033 0.9811 0.0039 0.0032 0.0042 
   HI_SS0418  9 0.0057 0.0047 0.9748 0.0026 0.0076 0.0047 
   HI_SS0419  9 0.0030 0.0031 0.9840 0.0035 0.0031 0.0031 
   HI_SS0420  9 0.0029 0.0023 0.9882 0.0020 0.0020 0.0026 
   HI_SS0421  9 0.0041 0.0048 0.9784 0.0040 0.0051 0.0035 
   HI_SS0422  9 0.0015 0.0016 0.9918 0.0018 0.0018 0.0015 
   HI_SS0423  9 0.0048 0.0053 0.9772 0.0043 0.0040 0.0042 
   HI_SS0424  9 0.0016 0.0016 0.9915 0.0018 0.0023 0.0013 
   HI_SS0425  9 0.0027 0.0027 0.9837 0.0046 0.0039 0.0025 
   NS_SS1146 10 0.0032 0.0021 0.9869 0.0019 0.0023 0.0037 
   NS_SS1157 10 0.0077 0.0087 0.9664 0.0062 0.0062 0.0048 
   NS_SS1144 10 0.0240 0.0249 0.9149 0.0099 0.0113 0.0150 
   NS_SS1074 10 0.0036 0.0027 0.9822 0.0041 0.0036 0.0037 
   NS_SS1122 10 0.0071 0.0042 0.9746 0.0054 0.0039 0.0048 
   NS_SS1136 10 0.0010 0.0013 0.9939 0.0015 0.0013 0.0011 
   NS_SS1077 10 0.0009 0.0009 0.9960 0.0006 0.0009 0.0007 
   NS_SS1134 10 0.0086 0.0228 0.9460 0.0091 0.0067 0.0068 
   NS_SS1091 10 0.0033 0.0019 0.9884 0.0026 0.0022 0.0016 
   NS_SS1089 10 0.0035 0.0032 0.9830 0.0033 0.0035 0.0035 
   NS_SS1123 10 0.0019 0.0018 0.9909 0.0022 0.0016 0.0016 
   NS_SS1158 10 0.0012 0.0012 0.9943 0.0013 0.0011 0.0009 
   NS_SS1093 10 0.0032 0.0022 0.9876 0.0022 0.0021 0.0027 
   NS_SS1102 10 0.0068 0.0053 0.9718 0.0042 0.0068 0.0051 
   NS_SS1056 10 0.0021 0.0019 0.9896 0.0022 0.0025 0.0016 
   NS_SS1126 10 0.0034 0.0032 0.9841 0.0035 0.0027 0.0031 
   NS_SS1058 10 0.0049 0.0047 0.9779 0.0047 0.0034 0.0044 
   NS_SS1084 10 0.0013 0.0014 0.9928 0.0012 0.0018 0.0015 
   NS_SS1095 10 0.0063 0.0052 0.9680 0.0063 0.0061 0.0081 
   NS_SS1079 10 0.0022 0.0017 0.9911 0.0018 0.0016 0.0016 
   NS_SS1149 10 0.0032 0.0027 0.9842 0.0034 0.0034 0.0031 
   NS_SS1121 10 0.0018 0.0016 0.9909 0.0021 0.0020 0.0017 
   NS_SS1067 10 0.0050 0.0056 0.9716 0.0060 0.0066 0.0052 
   NS_SS1081 10 0.0025 0.0023 0.9866 0.0025 0.0036 0.0025 
   NS_SS1130 10 0.0036 0.0040 0.9825 0.0031 0.0034 0.0034 
   NS_SS1073 10 0.0028 0.0027 0.9863 0.0024 0.0041 0.0017 
   NS_SS1133 10 0.0057 0.0055 0.9587 0.0212 0.0050 0.0039 
   NS_SS1129 10 0.0013 0.0016 0.9926 0.0014 0.0016 0.0015 
   NS_SS1085 10 0.0022 0.0032 0.9879 0.0021 0.0022 0.0023 
   NS_SS1137 10 0.0051 0.0037 0.9762 0.0061 0.0049 0.0041 
   NS_SS1135 10 0.0016 0.0014 0.9933 0.0015 0.0012 0.0011 
   NS_SS1082 10 0.0016 0.0013 0.9922 0.0020 0.0016 0.0013 
   NS_SS1125 10 0.0016 0.0013 0.9932 0.0013 0.0015 0.0011 
   NS_SS1124 10 0.0066 0.0133 0.9643 0.0053 0.0060 0.0045 
   NS_SS1155 10 0.0092 0.0068 0.9577 0.0078 0.0097 0.0087 
   NS_SS1145 10 0.0024 0.0024 0.9900 0.0017 0.0016 0.0019 
