

----------------------------------------------------
STRUCTURE by Pritchard, Stephens and Donnelly (2000)
     and Falush, Stephens and Pritchard (2003)
       Code by Pritchard, Falush and Hubisz
             Version 2.3.4 (Jul 2012)
----------------------------------------------------



Command line arguments:   /home/genobiwan/Documents/Programs/Structure/structure -m parameter_job_k6_r3 
Input File:    /media/genobiwan/Storage/Projets/Mackerel_NWA_2021/data_job_k6_r3

Run parameters:
   629 individuals
   4140 loci
   6 populations assumed
   100000 Burn-in period
   200000 Reps


--------------------------------------------
Proportion of membership of each pre-defined
 population in each of the 6 clusters

Given    Inferred Clusters                            Number of
 Pop       1      2      3      4      5      6      Individuals

  1:     0.156  0.224  0.013  0.216  0.225  0.166       67
  2:     0.175  0.199  0.009  0.353  0.156  0.108       32
  3:     0.224  0.221  0.014  0.168  0.243  0.130       92
  4:     0.212  0.145  0.017  0.148  0.239  0.240       36
  5:     0.171  0.187  0.019  0.217  0.177  0.229       41
  6:     0.185  0.163  0.013  0.212  0.211  0.216      158
  7:     0.216  0.183  0.010  0.188  0.199  0.204       79
  8:     0.174  0.195  0.014  0.164  0.184  0.268       52
  9:     0.005  0.006  0.975  0.004  0.006  0.004       36
 10:     0.004  0.004  0.980  0.004  0.004  0.003       36
--------------------------------------------

Allele-freq. divergence among pops (Net nucleotide distance),
computed using point estimates of P.

      1       2       3       4       5       6      
 1      -    0.0002  0.0049  0.0002  0.0002  0.0003  
 2   0.0002     -    0.0049  0.0003  0.0002  0.0004  
 3   0.0049  0.0049     -    0.0050  0.0049  0.0052  
 4   0.0002  0.0003  0.0050     -    0.0002  0.0004  
 5   0.0002  0.0002  0.0049  0.0002     -    0.0003  
 6   0.0003  0.0004  0.0052  0.0004  0.0003     -    

Average distances (expected heterozygosity) between individuals in same cluster:
cluster  1  : 0.3187 
cluster  2  : 0.3183 
cluster  3  : 0.3054 
cluster  4  : 0.3182 
cluster  5  : 0.3187 
cluster  6  : 0.3179 

--------------------------------------------
Estimated Ln Prob of Data   = -2474056.9
Mean value of ln likelihood = -2464655.4
Variance of ln likelihood   = 18803.0
Mean value of alpha         = 0.0418

Mean value of Fst_1         = 0.0028
Mean value of Fst_2         = 0.0033
Mean value of Fst_3         = 0.0386
Mean value of Fst_4         = 0.0035
Mean value of Fst_5         = 0.0027
Mean value of Fst_6         = 0.0043


Inferred ancestry of individuals:
        Label (%Miss) Pop:  Inferred clusters
  1 NS_SS0963    (4)    1 :  0.016 0.032 0.004 0.009 0.930 0.009 
  2 NS_SS0983    (1)    1 :  0.342 0.591 0.004 0.004 0.011 0.048 
  3 NS_SS0719    (9)    1 :  0.630 0.084 0.005 0.019 0.200 0.060 
  4 NS_SS1001    (8)    1 :  0.011 0.095 0.005 0.759 0.010 0.120 
  5 NS_SS0936    (4)    1 :  0.166 0.017 0.003 0.152 0.638 0.024 
  6 NS_SS0955    (6)    1 :  0.355 0.055 0.004 0.188 0.231 0.167 
  7 NS_SS0944    (3)    1 :  0.014 0.020 0.002 0.032 0.020 0.912 
  8 NS_SS0945    (3)    1 :  0.043 0.027 0.010 0.730 0.011 0.178 
  9 NS_SS0922    (2)    1 :  0.827 0.008 0.023 0.075 0.060 0.008 
 10 NS_SS0929    (7)    1 :  0.067 0.160 0.003 0.039 0.601 0.130 
 11 NS_SS0956    (1)    1 :  0.184 0.281 0.004 0.460 0.042 0.029 
 12 NS_SS0906    (3)    1 :  0.059 0.199 0.003 0.045 0.671 0.022 
 13 NS_SS0721    (6)    1 :  0.700 0.205 0.004 0.014 0.070 0.007 
 14 NS_SS0982    (4)    1 :  0.027 0.012 0.014 0.013 0.927 0.007 
 15 NS_SS0923    (6)    1 :  0.181 0.165 0.005 0.140 0.498 0.012 
 16 NS_SS0905    (6)    1 :  0.114 0.610 0.002 0.014 0.189 0.070 
 17 NS_SS0925    (3)    1 :  0.036 0.912 0.003 0.024 0.018 0.008 
 18 NS_SS0947    (6)    1 :  0.099 0.073 0.005 0.707 0.100 0.016 
 19 NS_SS0926    (2)    1 :  0.014 0.007 0.001 0.029 0.164 0.786 
 20 NS_SS0918    (6)    1 :  0.040 0.751 0.002 0.048 0.108 0.050 
 21 NS_SS0966    (4)    1 :  0.038 0.444 0.063 0.162 0.145 0.147 
 22 NS_SS0938    (2)    1 :  0.040 0.010 0.001 0.774 0.157 0.017 
 23 NS_SS0917    (2)    1 :  0.703 0.012 0.034 0.213 0.028 0.010 
 24 NS_SS0957   (11)    1 :  0.022 0.159 0.007 0.659 0.125 0.029 
 25 NS_SS0987    (1)    1 :  0.033 0.610 0.240 0.039 0.064 0.014 
 26 NS_SS0717    (4)    1 :  0.095 0.039 0.003 0.780 0.063 0.020 
 27 NS_SS0986    (2)    1 :  0.448 0.011 0.003 0.164 0.274 0.099 
 28 NS_SS0953    (3)    1 :  0.012 0.671 0.017 0.060 0.222 0.017 
 29 NS_SS0907    (3)    1 :  0.542 0.032 0.032 0.019 0.363 0.011 
 30 NS_SS0974    (6)    1 :  0.065 0.324 0.003 0.140 0.064 0.404 
 31 NS_SS0989    (1)    1 :  0.114 0.393 0.001 0.022 0.283 0.186 
 32 NS_SS0991    (3)    1 :  0.046 0.135 0.002 0.021 0.146 0.648 
 33 NS_SS0994    (2)    1 :  0.144 0.026 0.002 0.015 0.045 0.768 
 34 NS_SS0931    (6)    1 :  0.010 0.008 0.010 0.012 0.014 0.947 
 35 NS_SS1000    (5)    1 :  0.017 0.010 0.003 0.505 0.456 0.010 
 36 NS_SS0919    (1)    1 :  0.030 0.110 0.003 0.008 0.742 0.107 
 37 NS_SS0949    (4)    1 :  0.031 0.026 0.001 0.011 0.023 0.908 
 38 NS_SS0960   (10)    1 :  0.115 0.284 0.009 0.012 0.074 0.506 
 39 NS_SS0716    (2)    1 :  0.012 0.012 0.007 0.953 0.007 0.009 
 40 NS_SS0924    (8)    1 :  0.750 0.103 0.017 0.024 0.026 0.080 
 41 NS_SS0935    (2)    1 :  0.143 0.309 0.012 0.014 0.045 0.477 
 42 NS_SS0952   (14)    1 :  0.042 0.080 0.047 0.051 0.072 0.708 
 43 NS_SS0962   (11)    1 :  0.129 0.045 0.008 0.371 0.423 0.023 
 44 NS_SS0973    (5)    1 :  0.021 0.928 0.004 0.009 0.028 0.010 
 45 NS_SS0722    (1)    1 :  0.011 0.024 0.002 0.950 0.008 0.005 
 46 NS_SS0979   (13)    1 :  0.045 0.018 0.002 0.720 0.204 0.010 
 47 NS_SS0993    (2)    1 :  0.004 0.924 0.013 0.032 0.018 0.009 
 48 NS_SS0958    (1)    1 :  0.024 0.018 0.004 0.092 0.029 0.833 
 49 NS_SS0988    (4)    1 :  0.030 0.068 0.005 0.030 0.838 0.029 
 50 NS_SS1003    (2)    1 :  0.014 0.057 0.011 0.020 0.867 0.031 
 51 NS_SS0976    (1)    1 :  0.030 0.049 0.002 0.035 0.031 0.852 
 52 NS_SS0964   (10)    1 :  0.014 0.019 0.003 0.944 0.010 0.009 
 53 NS_SS0939    (4)    1 :  0.010 0.014 0.004 0.956 0.005 0.010 
 54 NS_SS0990    (6)    1 :  0.152 0.030 0.004 0.570 0.226 0.019 
 55 NS_SS0984    (2)    1 :  0.074 0.018 0.002 0.872 0.024 0.009 
 56 NS_SS0980   (10)    1 :  0.005 0.915 0.002 0.005 0.067 0.006 
 57 NS_SS0978    (4)    1 :  0.132 0.240 0.004 0.053 0.559 0.013 
 58 NS_SS0951   (18)    1 :  0.039 0.876 0.002 0.028 0.010 0.045 
 59 NS_SS0913    (3)    1 :  0.363 0.166 0.042 0.380 0.014 0.036 
 60 NS_SS1002    (1)    1 :  0.018 0.012 0.029 0.065 0.872 0.005 
 61 NS_SS0948    (1)    1 :  0.024 0.116 0.052 0.086 0.550 0.172 
 62 NS_SS0916    (4)    1 :  0.018 0.867 0.004 0.015 0.056 0.040 
 63 NS_SS0995    (1)    1 :  0.064 0.903 0.003 0.010 0.013 0.007 
 64 NS_SS0927    (6)    1 :  0.862 0.011 0.004 0.026 0.086 0.010 
 65 NS_SS0992    (5)    1 :  0.131 0.414 0.003 0.032 0.393 0.027 
 66 NS_SS0912    (1)    1 :  0.831 0.012 0.003 0.011 0.066 0.076 
 67 NS_SS0981    (1)    1 :  0.049 0.161 0.003 0.031 0.719 0.037 
 68 NS_SS0729    (5)    2 :  0.231 0.216 0.004 0.039 0.019 0.492 
 69 NS_SS0967   (15)    2 :  0.333 0.017 0.010 0.037 0.564 0.039 
 70 NS_SS0941    (8)    2 :  0.148 0.231 0.090 0.349 0.149 0.034 
 71 NS_SS0768   (12)    2 :  0.327 0.025 0.006 0.100 0.483 0.059 
 72 NS_SS0726    (5)    2 :  0.088 0.368 0.009 0.088 0.283 0.164 
 73 NS_SS0763    (4)    2 :  0.086 0.205 0.003 0.498 0.024 0.184 
 74 NS_SS0730    (6)    2 :  0.170 0.083 0.004 0.470 0.237 0.036 
 75 NS_SS0774    (2)    2 :  0.015 0.094 0.001 0.850 0.034 0.006 
 76 NS_SS0723    (3)    2 :  0.191 0.533 0.002 0.034 0.234 0.006 
 77 NS_SS0940   (10)    2 :  0.168 0.429 0.009 0.056 0.099 0.239 
 78 NS_SS0762    (1)    2 :  0.016 0.177 0.002 0.779 0.014 0.011 
 79 NS_SS0766   (11)    2 :  0.337 0.049 0.014 0.480 0.034 0.085 
 80 NS_SS0724    (1)    2 :  0.027 0.122 0.004 0.767 0.043 0.037 
 81 NS_SS0769    (3)    2 :  0.331 0.086 0.004 0.023 0.548 0.009 
 82 NS_SS0777    (1)    2 :  0.137 0.067 0.014 0.295 0.122 0.366 
 83 NS_SS0734    (6)    2 :  0.440 0.060 0.026 0.112 0.035 0.328 
 84 NS_SS0737    (3)    2 :  0.026 0.024 0.006 0.854 0.080 0.011 
 85 NS_SS0732    (5)    2 :  0.007 0.971 0.004 0.007 0.007 0.004 
 86 NS_SS0728    (5)    2 :  0.501 0.130 0.009 0.113 0.225 0.022 
 87 NS_SS0735    (9)    2 :  0.210 0.699 0.007 0.058 0.015 0.012 
 88 NS_SS0725    (1)    2 :  0.006 0.007 0.007 0.962 0.009 0.009 
 89 NS_SS0788    (2)    2 :  0.692 0.031 0.001 0.023 0.243 0.010 
 90 NS_SS0778    (2)    2 :  0.447 0.086 0.002 0.022 0.417 0.027 
 91 NS_SS0792    (6)    2 :  0.094 0.106 0.005 0.019 0.731 0.045 
 92 NS_SS0943   (11)    2 :  0.060 0.132 0.008 0.021 0.106 0.674 
 93 NS_SS0791    (2)    2 :  0.251 0.641 0.015 0.034 0.014 0.046 
 94 NS_SS0790    (5)    2 :  0.007 0.261 0.005 0.709 0.013 0.005 
 95 NS_SS0731    (6)    2 :  0.033 0.009 0.011 0.924 0.012 0.011 
 96 NS_SS0727    (7)    2 :  0.049 0.068 0.002 0.574 0.010 0.297 
 97 NS_SS0779   (13)    2 :  0.133 0.389 0.006 0.301 0.134 0.036 
 98 NS_SS0776    (3)    2 :  0.025 0.030 0.009 0.753 0.044 0.140 
 99 NS_SS0775    (5)    2 :  0.023 0.013 0.005 0.932 0.020 0.006 
100 NS_SS0965    (3)    3 :  0.140 0.057 0.002 0.033 0.697 0.071 
101 NS_SS0754   (14)    3 :  0.785 0.087 0.011 0.031 0.036 0.051 
102 NS_SS0838    (5)    3 :  0.080 0.154 0.042 0.642 0.034 0.048 
103 NS_SS0839    (3)    3 :  0.019 0.064 0.004 0.647 0.257 0.008 
104 NS_SS0832    (4)    3 :  0.043 0.028 0.051 0.058 0.815 0.004 
105 NS_SS0820    (5)    3 :  0.748 0.005 0.006 0.132 0.105 0.005 
106 NS_SS0886    (9)    3 :  0.834 0.064 0.002 0.020 0.047 0.033 
107 NS_SS0748    (5)    3 :  0.038 0.022 0.012 0.455 0.077 0.395 
108 NS_SS0884    (9)    3 :  0.040 0.126 0.025 0.087 0.686 0.037 
109 NS_SS0752    (4)    3 :  0.041 0.848 0.002 0.069 0.023 0.017 
110 NS_SS0862    (1)    3 :  0.065 0.881 0.004 0.019 0.025 0.005 
111 NS_SS0787    (9)    3 :  0.075 0.013 0.006 0.010 0.025 0.869 
112 NS_SS0843    (6)    3 :  0.074 0.613 0.002 0.193 0.089 0.029 
113 NS_SS0856    (4)    3 :  0.592 0.011 0.003 0.324 0.059 0.011 
114 NS_SS0846    (2)    3 :  0.032 0.012 0.003 0.016 0.896 0.041 
115 NS_SS0825    (1)    3 :  0.288 0.011 0.010 0.011 0.665 0.016 
116 NS_SS0757    (3)    3 :  0.168 0.679 0.004 0.066 0.069 0.015 
117 NS_SS0876    (3)    3 :  0.434 0.199 0.225 0.024 0.112 0.007 
118 NS_SS0903   (10)    3 :  0.012 0.960 0.002 0.009 0.011 0.007 
119 NS_SS0875    (7)    3 :  0.757 0.026 0.003 0.070 0.117 0.026 
120 NS_SS0740    (5)    3 :  0.052 0.890 0.002 0.015 0.027 0.013 
121 NS_SS0811    (5)    3 :  0.016 0.454 0.011 0.497 0.011 0.011 
122 NS_SS0751    (1)    3 :  0.054 0.080 0.002 0.069 0.528 0.267 
123 NS_SS0891    (6)    3 :  0.066 0.020 0.006 0.879 0.017 0.013 
124 NS_SS0867    (2)    3 :  0.019 0.059 0.021 0.007 0.864 0.031 
125 NS_SS0890    (6)    3 :  0.255 0.527 0.003 0.074 0.078 0.064 
126 NS_SS0866   (12)    3 :  0.421 0.018 0.005 0.055 0.319 0.182 
127 NS_SS0755    (4)    3 :  0.170 0.030 0.007 0.614 0.151 0.028 
128 NS_SS0758    (4)    3 :  0.862 0.015 0.002 0.054 0.052 0.016 
129 NS_SS0840    (2)    3 :  0.023 0.111 0.002 0.724 0.127 0.013 
130 NS_SS0889    (4)    3 :  0.503 0.112 0.002 0.017 0.063 0.302 
131 NS_SS1010    (1)    3 :  0.045 0.036 0.038 0.045 0.799 0.037 
132 NS_SS0888    (5)    3 :  0.618 0.028 0.002 0.011 0.023 0.319 
133 NS_SS0837    (3)    3 :  0.041 0.373 0.003 0.401 0.137 0.045 
134 NS_SS0794   (10)    3 :  0.110 0.012 0.002 0.067 0.024 0.786 
135 NS_SS0823    (5)    3 :  0.127 0.207 0.005 0.480 0.173 0.008 
136 NS_SS0829    (7)    3 :  0.023 0.419 0.109 0.018 0.018 0.413 
137 NS_SS0844    (5)    3 :  0.209 0.353 0.002 0.072 0.356 0.008 
138 NS_SS1008    (6)    3 :  0.069 0.125 0.012 0.432 0.022 0.339 
139 NS_SS0881    (3)    3 :  0.085 0.020 0.003 0.032 0.587 0.274 
140 NS_SS0834    (6)    3 :  0.053 0.013 0.006 0.882 0.033 0.013 
141 NS_SS0744   (10)    3 :  0.568 0.169 0.005 0.014 0.234 0.011 
142 NS_SS0899    (7)    3 :  0.014 0.847 0.002 0.105 0.030 0.004 
143 NS_SS0804    (5)    3 :  0.039 0.325 0.004 0.054 0.572 0.005 
144 NS_SS0781   (10)    3 :  0.042 0.038 0.003 0.076 0.836 0.004 
145 NS_SS0822    (6)    3 :  0.013 0.147 0.002 0.029 0.035 0.775 
146 NS_SS1004    (4)    3 :  0.014 0.191 0.004 0.055 0.685 0.052 
147 NS_SS0746    (5)    3 :  0.350 0.016 0.012 0.421 0.148 0.054 
148 NS_SS0880    (3)    3 :  0.015 0.229 0.002 0.303 0.178 0.275 
149 NS_SS0879    (5)    3 :  0.028 0.027 0.013 0.718 0.194 0.022 
150 NS_SS0753    (2)    3 :  0.309 0.544 0.009 0.008 0.084 0.047 
151 NS_SS1007    (3)    3 :  0.730 0.146 0.002 0.042 0.060 0.020 
152 NS_SS0872    (5)    3 :  0.022 0.025 0.002 0.470 0.460 0.021 
153 NS_SS1005    (7)    3 :  0.076 0.064 0.001 0.405 0.436 0.018 
154 NS_SS0892    (6)    3 :  0.113 0.021 0.002 0.058 0.790 0.017 
155 NS_SS0898    (0)    3 :  0.008 0.018 0.007 0.022 0.034 0.911 
156 NS_SS0801    (9)    3 :  0.793 0.037 0.011 0.020 0.129 0.011 
157 NS_SS0827    (9)    3 :  0.039 0.223 0.136 0.148 0.061 0.393 
158 NS_SS0853    (7)    3 :  0.253 0.014 0.006 0.651 0.055 0.020 
159 NS_SS0780    (2)    3 :  0.104 0.041 0.003 0.022 0.825 0.005 
160 NS_SS0826   (10)    3 :  0.017 0.007 0.003 0.046 0.663 0.264 
161 NS_SS0818    (5)    3 :  0.028 0.011 0.001 0.015 0.931 0.013 
162 NS_SS0745    (1)    3 :  0.006 0.007 0.002 0.957 0.012 0.016 
163 NS_SS0849    (3)    3 :  0.145 0.779 0.001 0.022 0.030 0.022 
164 NS_SS0739    (3)    3 :  0.760 0.116 0.014 0.037 0.054 0.019 
165 NS_SS0799    (1)    3 :  0.092 0.824 0.001 0.010 0.023 0.050 
166 NS_SS0756    (3)    3 :  0.012 0.109 0.003 0.013 0.855 0.009 
167 NS_SS0802    (2)    3 :  0.532 0.031 0.177 0.017 0.236 0.007 
168 NS_SS0747    (6)    3 :  0.332 0.346 0.006 0.031 0.276 0.009 
169 NS_SS0835    (1)    3 :  0.294 0.008 0.001 0.020 0.613 0.064 
170 NS_SS0742   (19)    3 :  0.080 0.563 0.001 0.023 0.315 0.018 
171 NS_SS0760    (9)    3 :  0.120 0.018 0.047 0.021 0.011 0.782 
172 NS_SS0803    (4)    3 :  0.038 0.545 0.009 0.024 0.376 0.008 
173 NS_SS0828   (14)    3 :  0.090 0.757 0.001 0.018 0.062 0.071 
174 NS_SS0865    (2)    3 :  0.014 0.294 0.022 0.019 0.636 0.015 
175 NS_SS0759    (5)    3 :  0.602 0.162 0.005 0.071 0.149 0.012 
176 NS_SS0851    (5)    3 :  0.033 0.029 0.018 0.867 0.042 0.010 
177 NS_SS0874   (16)    3 :  0.008 0.926 0.001 0.033 0.025 0.007 
178 NS_SS0761    (6)    3 :  0.670 0.065 0.002 0.014 0.047 0.201 
179 NS_SS0842   (26)    3 :  0.098 0.060 0.011 0.440 0.024 0.366 
180 NS_SS0785    (6)    3 :  0.184 0.075 0.005 0.027 0.631 0.079 
181 NS_SS0860   (11)    3 :  0.837 0.057 0.002 0.008 0.082 0.014 
182 NS_SS0897    (7)    3 :  0.013 0.013 0.002 0.007 0.010 0.955 
183 NS_SS0841   (15)    3 :  0.053 0.627 0.004 0.162 0.099 0.056 
184 NS_SS0797    (7)    3 :  0.088 0.010 0.029 0.018 0.013 0.843 
185 NS_SS0830   (11)    3 :  0.220 0.306 0.002 0.195 0.040 0.237 
186 NS_SS1011    (5)    3 :  0.017 0.014 0.005 0.019 0.939 0.006 
187 NS_SS0883    (5)    3 :  0.282 0.668 0.006 0.008 0.018 0.018 
188 NS_SS0782    (2)    3 :  0.672 0.036 0.002 0.245 0.022 0.023 
189 NS_SS0831    (5)    3 :  0.222 0.584 0.003 0.032 0.025 0.134 
190 NS_SS0749    (7)    3 :  0.557 0.395 0.004 0.009 0.019 0.015 
191 NS_SS0854    (2)    3 :  0.871 0.056 0.003 0.022 0.013 0.035 
192 HI_SS0193    (0)    4 :  0.006 0.012 0.002 0.015 0.007 0.958 
193 HI_SS0194    (1)    4 :  0.012 0.011 0.002 0.929 0.023 0.022 
194 HI_SS0195   (10)    4 :  0.055 0.056 0.125 0.655 0.094 0.014 
195 HI_SS0196    (6)    4 :  0.590 0.045 0.003 0.280 0.014 0.068 
196 HI_SS0197    (3)    4 :  0.008 0.003 0.008 0.007 0.972 0.002 
197 HI_SS0198    (1)    4 :  0.047 0.881 0.010 0.013 0.031 0.018 
198 HI_SS0199    (1)    4 :  0.370 0.222 0.003 0.012 0.266 0.127 
199 HI_SS0201    (5)    4 :  0.011 0.021 0.002 0.006 0.026 0.933 
200 HI_SS0215    (1)    4 :  0.879 0.019 0.003 0.008 0.077 0.015 
201 HI_SS0218    (1)    4 :  0.026 0.008 0.007 0.016 0.004 0.939 
202 HI_SS0222    (0)    4 :  0.644 0.040 0.005 0.257 0.026 0.029 
203 HI_SS0230    (1)    4 :  0.077 0.033 0.006 0.326 0.548 0.010 
204 HI_SS0234    (2)    4 :  0.396 0.017 0.138 0.063 0.364 0.021 
205 HI_SS0240    (1)    4 :  0.741 0.046 0.008 0.126 0.068 0.012 
206 HI_SS0241    (0)    4 :  0.404 0.009 0.002 0.048 0.261 0.276 
207 HI_SS0242    (0)    4 :  0.463 0.075 0.003 0.296 0.066 0.096 
208 HI_SS0247    (0)    4 :  0.007 0.632 0.025 0.018 0.298 0.020 
209 HI_SS0248    (1)    4 :  0.013 0.064 0.001 0.020 0.009 0.894 
210 HI_SS0252    (2)    4 :  0.028 0.551 0.002 0.067 0.332 0.019 
211 HI_SS0254    (0)    4 :  0.035 0.129 0.090 0.012 0.308 0.426 
212 HI_SS0256    (0)    4 :  0.018 0.012 0.001 0.188 0.777 0.003 
213 HI_SS0257    (0)    4 :  0.517 0.122 0.003 0.009 0.312 0.038 
214 HI_SS0258    (1)    4 :  0.172 0.016 0.005 0.015 0.032 0.760 
215 HI_SS0259    (1)    4 :  0.112 0.045 0.003 0.271 0.549 0.020 
216 HI_SS0260    (1)    4 :  0.063 0.171 0.002 0.134 0.054 0.576 
217 HI_SS0261    (2)    4 :  0.035 0.082 0.004 0.268 0.373 0.238 
218 HI_SS0262    (0)    4 :  0.078 0.144 0.008 0.283 0.466 0.021 
219 HI_SS0264    (0)    4 :  0.021 0.009 0.005 0.404 0.551 0.010 
220 HI_SS0265    (0)    4 :  0.083 0.019 0.100 0.342 0.443 0.014 
221 HI_SS0268    (1)    4 :  0.432 0.018 0.003 0.103 0.044 0.400 
222 HI_SS0269    (0)    4 :  0.202 0.050 0.002 0.009 0.081 0.655 
223 HI_SS0273    (0)    4 :  0.055 0.010 0.002 0.018 0.055 0.860 
224 HI_SS0277    (1)    4 :  0.011 0.017 0.002 0.007 0.953 0.009 
225 HI_SS0280    (0)    4 :  0.057 0.696 0.005 0.099 0.073 0.070 
226 HI_SS0282    (1)    4 :  0.008 0.928 0.001 0.008 0.017 0.038 
227 HI_SS0286    (1)    4 :  0.942 0.011 0.005 0.008 0.018 0.015 
228 NS_SS1252    (3)    5 :  0.855 0.025 0.004 0.009 0.024 0.082 
229 NS_SS1261    (1)    5 :  0.099 0.124 0.018 0.082 0.643 0.034 
230 NS_SS1225   (10)    5 :  0.142 0.497 0.088 0.043 0.152 0.078 
231 NS_SS1266    (1)    5 :  0.033 0.058 0.010 0.336 0.557 0.006 
232 NS_SS1228    (0)    5 :  0.011 0.919 0.015 0.021 0.018 0.016 
233 NS_SS1255    (3)    5 :  0.019 0.122 0.002 0.575 0.013 0.270 
234 NS_SS1267    (3)    5 :  0.594 0.010 0.012 0.007 0.009 0.369 
235 NS_SS1238    (6)    5 :  0.018 0.011 0.003 0.025 0.021 0.923 
236 NS_SS1233    (8)    5 :  0.046 0.168 0.002 0.375 0.088 0.320 
237 NS_SS1277    (3)    5 :  0.015 0.017 0.001 0.023 0.006 0.938 
238 NS_SS1245    (1)    5 :  0.146 0.202 0.002 0.339 0.027 0.285 
239 NS_SS1240    (4)    5 :  0.545 0.009 0.002 0.034 0.045 0.365 
240 NS_SS1275    (2)    5 :  0.022 0.004 0.002 0.598 0.369 0.005 
241 NS_SS1235    (1)    5 :  0.172 0.015 0.006 0.622 0.145 0.041 
242 NS_SS1263    (1)    5 :  0.011 0.272 0.001 0.673 0.026 0.017 
243 NS_SS1251    (2)    5 :  0.012 0.149 0.002 0.073 0.742 0.022 
244 NS_SS1248    (0)    5 :  0.246 0.140 0.111 0.083 0.021 0.400 
245 NS_SS1244    (0)    5 :  0.014 0.055 0.005 0.010 0.270 0.645 
246 NS_SS1257    (1)    5 :  0.694 0.087 0.026 0.011 0.035 0.147 
247 NS_SS1242    (2)    5 :  0.030 0.008 0.003 0.918 0.030 0.010 
248 NS_SS1271    (6)    5 :  0.010 0.018 0.032 0.009 0.007 0.924 
249 NS_SS1265    (1)    5 :  0.750 0.016 0.017 0.068 0.087 0.061 
250 NS_SS1243    (0)    5 :  0.029 0.387 0.086 0.413 0.034 0.050 
251 NS_SS1273    (1)    5 :  0.055 0.006 0.009 0.867 0.047 0.016 
252 NS_SS1254   (14)    5 :  0.009 0.116 0.006 0.740 0.123 0.006 
253 NS_SS1224    (1)    5 :  0.108 0.498 0.008 0.345 0.035 0.007 
254 NS_SS1227    (8)    5 :  0.062 0.145 0.002 0.191 0.459 0.141 
255 NS_SS1274    (9)    5 :  0.093 0.843 0.011 0.015 0.006 0.032 
256 NS_SS1241    (1)    5 :  0.007 0.029 0.001 0.022 0.041 0.900 
257 NS_SS1256    (3)    5 :  0.041 0.009 0.039 0.527 0.314 0.070 
258 NS_SS1260    (8)    5 :  0.857 0.021 0.062 0.010 0.034 0.015 
259 NS_SS1262    (0)    5 :  0.027 0.213 0.171 0.021 0.318 0.250 
260 NS_SS1230    (0)    5 :  0.172 0.028 0.006 0.346 0.032 0.416 
261 NS_SS1270    (2)    5 :  0.071 0.349 0.002 0.029 0.524 0.025 
262 NS_SS1229    (2)    5 :  0.012 0.019 0.004 0.010 0.949 0.006 
263 NS_SS1246    (5)    5 :  0.046 0.201 0.003 0.112 0.107 0.532 
264 NS_SS1269    (0)    5 :  0.810 0.016 0.002 0.092 0.045 0.035 
265 NS_SS1239    (1)    5 :  0.008 0.959 0.004 0.010 0.010 0.009 
266 NS_SS1272    (5)    5 :  0.031 0.006 0.005 0.144 0.800 0.014 
267 NS_SS1268    (1)    5 :  0.037 0.898 0.003 0.027 0.016 0.019 
268 NS_SS1249    (1)    5 :  0.041 0.013 0.013 0.027 0.008 0.897 
269 HI_SS0559    (0)    6 :  0.324 0.373 0.002 0.070 0.025 0.206 
270 HI_SS0563    (1)    6 :  0.047 0.674 0.003 0.036 0.046 0.195 
271 HI_SS0564    (0)    6 :  0.013 0.877 0.041 0.021 0.040 0.008 
272 HI_SS0565    (0)    6 :  0.073 0.043 0.004 0.075 0.771 0.035 
273 HI_SS0569    (1)    6 :  0.032 0.165 0.003 0.006 0.255 0.540 
274 HI_SS0570    (0)    6 :  0.019 0.011 0.045 0.018 0.014 0.894 
275 HI_SS0572    (1)    6 :  0.044 0.090 0.003 0.840 0.015 0.009 
276 HI_SS0576    (1)    6 :  0.514 0.348 0.006 0.029 0.081 0.023 
277 HI_SS0579    (1)    6 :  0.023 0.827 0.014 0.010 0.019 0.108 
278 HI_SS0580    (1)    6 :  0.441 0.067 0.004 0.255 0.065 0.169 
279 HI_SS0581    (0)    6 :  0.258 0.018 0.078 0.538 0.099 0.009 
280 HI_SS0583    (1)    6 :  0.172 0.032 0.003 0.369 0.188 0.237 
281 HI_SS0586    (1)    6 :  0.116 0.018 0.001 0.011 0.016 0.838 
282 HI_SS0588    (1)    6 :  0.763 0.011 0.021 0.018 0.061 0.126 
283 HI_SS0595    (4)    6 :  0.068 0.023 0.033 0.032 0.174 0.669 
284 HI_SS0596    (0)    6 :  0.009 0.011 0.002 0.954 0.012 0.012 
285 HI_SS0597    (1)    6 :  0.022 0.013 0.002 0.874 0.079 0.010 
286 HI_SS0600    (0)    6 :  0.144 0.046 0.004 0.010 0.714 0.082 
287 HI_SS0601    (1)    6 :  0.008 0.899 0.011 0.005 0.062 0.014 
288 HI_SS0602    (1)    6 :  0.783 0.024 0.002 0.023 0.154 0.014 
289 HI_SS0604    (0)    6 :  0.081 0.489 0.002 0.347 0.050 0.031 
290 HI_SS0605    (1)    6 :  0.966 0.008 0.005 0.009 0.008 0.005 
291 HI_SS0608    (0)    6 :  0.006 0.562 0.001 0.318 0.016 0.097 
292 HI_SS0609    (0)    6 :  0.027 0.277 0.001 0.366 0.259 0.070 
293 HI_SS0611    (5)    6 :  0.087 0.824 0.003 0.017 0.012 0.057 
294 HI_SS0612    (0)    6 :  0.031 0.081 0.007 0.010 0.810 0.060 
295 HI_SS0613    (1)    6 :  0.715 0.159 0.002 0.039 0.072 0.013 
296 HI_SS0615    (1)    6 :  0.088 0.755 0.011 0.039 0.096 0.010 
297 HI_SS0001    (1)    6 :  0.413 0.011 0.003 0.272 0.137 0.165 
298 HI_SS0002    (1)    6 :  0.021 0.014 0.019 0.024 0.916 0.007 
299 HI_SS0004    (0)    6 :  0.483 0.020 0.005 0.266 0.015 0.210 
300 HI_SS0005    (1)    6 :  0.546 0.091 0.006 0.020 0.111 0.226 
301 HI_SS0006    (1)    6 :  0.247 0.065 0.001 0.019 0.607 0.060 
302 HI_SS0007    (1)    6 :  0.022 0.029 0.002 0.013 0.008 0.925 
303 HI_SS0008    (0)    6 :  0.114 0.021 0.029 0.014 0.803 0.018 
304 HI_SS0009    (0)    6 :  0.181 0.377 0.005 0.369 0.022 0.045 
305 HI_SS0010    (1)    6 :  0.015 0.056 0.004 0.031 0.052 0.841 
306 HI_SS0011    (1)    6 :  0.012 0.027 0.095 0.504 0.250 0.110 
307 HI_SS0012    (0)    6 :  0.101 0.665 0.005 0.021 0.202 0.005 
308 HI_SS0017    (1)    6 :  0.004 0.004 0.002 0.967 0.008 0.015 
309 HI_SS0021    (1)    6 :  0.135 0.013 0.242 0.162 0.142 0.307 
310 HI_SS0024    (1)    6 :  0.019 0.018 0.002 0.863 0.040 0.058 
311 HI_SS0025    (1)    6 :  0.013 0.006 0.003 0.968 0.005 0.005 
312 HI_SS0027    (0)    6 :  0.027 0.735 0.011 0.005 0.006 0.216 
313 HI_SS0028    (0)    6 :  0.020 0.088 0.002 0.298 0.576 0.017 
314 HI_SS0029    (1)    6 :  0.204 0.039 0.008 0.714 0.013 0.022 
315 HI_SS0030    (2)    6 :  0.068 0.429 0.005 0.093 0.072 0.333 
316 HI_SS0031    (0)    6 :  0.016 0.036 0.003 0.012 0.921 0.014 
317 HI_SS0034    (0)    6 :  0.763 0.058 0.004 0.025 0.066 0.083 
318 HI_SS0036    (0)    6 :  0.492 0.005 0.012 0.021 0.020 0.450 
319 HI_SS0037    (1)    6 :  0.429 0.077 0.005 0.103 0.018 0.368 
320 HI_SS0039    (0)    6 :  0.039 0.011 0.003 0.118 0.311 0.518 
321 HI_SS0041    (1)    6 :  0.015 0.045 0.002 0.928 0.007 0.005 
322 HI_SS0042    (1)    6 :  0.531 0.026 0.105 0.297 0.033 0.007 
323 HI_SS0043    (1)    6 :  0.033 0.108 0.004 0.014 0.015 0.827 
324 HI_SS0044    (1)    6 :  0.011 0.006 0.002 0.807 0.007 0.167 
325 HI_SS0047    (1)    6 :  0.036 0.052 0.002 0.124 0.768 0.017 
326 HI_SS0049    (1)    6 :  0.010 0.017 0.004 0.939 0.010 0.021 
327 HI_SS0051    (1)    6 :  0.935 0.030 0.002 0.008 0.011 0.015 
328 HI_SS0053    (1)    6 :  0.068 0.233 0.006 0.117 0.067 0.509 
329 HI_SS0054    (4)    6 :  0.014 0.036 0.004 0.010 0.020 0.917 
330 HI_SS0057    (0)    6 :  0.028 0.542 0.004 0.099 0.173 0.155 
331 HI_SS0058    (0)    6 :  0.919 0.011 0.005 0.022 0.021 0.022 
332 HI_SS0060    (0)    6 :  0.102 0.058 0.086 0.011 0.236 0.507 
333 HI_SS0087    (1)    6 :  0.346 0.153 0.002 0.018 0.355 0.125 
334 HI_SS0091    (1)    6 :  0.126 0.037 0.001 0.006 0.782 0.048 
335 HI_SS0095    (1)    6 :  0.633 0.048 0.044 0.024 0.242 0.009 
336 HI_SS0097    (3)    6 :  0.006 0.928 0.004 0.006 0.046 0.011 
337 HI_SS0099    (1)    6 :  0.008 0.006 0.004 0.963 0.011 0.008 
338 HI_SS0103    (0)    6 :  0.142 0.054 0.003 0.080 0.707 0.014 
339 HI_SS0105    (1)    6 :  0.056 0.030 0.028 0.011 0.853 0.022 
340 HI_SS0107    (1)    6 :  0.015 0.034 0.001 0.776 0.163 0.011 
341 HI_SS0108    (1)    6 :  0.034 0.013 0.024 0.005 0.009 0.915 
342 HI_SS0110    (0)    6 :  0.021 0.016 0.001 0.022 0.933 0.008 
343 HI_SS0111    (1)    6 :  0.609 0.070 0.024 0.021 0.254 0.023 
344 HI_SS0112    (0)    6 :  0.007 0.010 0.001 0.005 0.005 0.973 
345 HI_SS0113    (1)    6 :  0.057 0.026 0.004 0.784 0.123 0.006 
346 HI_SS0114    (1)    6 :  0.693 0.034 0.006 0.012 0.052 0.203 
347 HI_SS0115    (1)    6 :  0.137 0.440 0.015 0.356 0.013 0.039 
348 HI_SS0116    (4)    6 :  0.081 0.054 0.003 0.361 0.027 0.473 
349 HI_SS0117    (0)    6 :  0.023 0.010 0.002 0.018 0.435 0.513 
350 HI_SS0118    (0)    6 :  0.242 0.030 0.012 0.489 0.073 0.154 
351 HI_SS0119    (1)    6 :  0.055 0.433 0.002 0.006 0.471 0.034 
352 HI_SS0120    (1)    6 :  0.012 0.006 0.003 0.954 0.016 0.008 
353 HI_SS0121    (0)    6 :  0.143 0.067 0.002 0.175 0.605 0.007 
354 HI_SS0122    (2)    6 :  0.229 0.020 0.031 0.206 0.320 0.195 
355 HI_SS0123    (0)    6 :  0.026 0.507 0.006 0.127 0.325 0.008 
356 HI_SS0124    (1)    6 :  0.021 0.138 0.003 0.783 0.043 0.013 
357 HI_SS0125    (1)    6 :  0.240 0.041 0.037 0.162 0.503 0.016 
358 HI_SS0126    (0)    6 :  0.022 0.006 0.001 0.043 0.011 0.918 
359 HI_SS0127    (0)    6 :  0.184 0.740 0.008 0.034 0.010 0.024 
360 HI_SS0128    (0)    6 :  0.019 0.025 0.003 0.507 0.384 0.062 
361 HI_SS0129    (1)    6 :  0.863 0.011 0.007 0.029 0.010 0.080 
362 HI_SS0131    (2)    6 :  0.006 0.011 0.041 0.049 0.016 0.877 
363 HI_SS0132    (0)    6 :  0.016 0.064 0.001 0.013 0.642 0.264 
364 HI_SS0133    (1)    6 :  0.002 0.003 0.001 0.003 0.002 0.989 
365 HI_SS0134    (1)    6 :  0.078 0.027 0.002 0.030 0.763 0.100 
366 HI_SS0142    (3)    6 :  0.027 0.009 0.013 0.007 0.938 0.006 
367 HI_SS0145    (0)    6 :  0.214 0.477 0.002 0.027 0.188 0.091 
368 HI_SS0146    (1)    6 :  0.007 0.012 0.001 0.006 0.012 0.961 
369 HI_SS0147    (1)    6 :  0.161 0.057 0.022 0.080 0.676 0.005 
370 HI_SS0149    (1)    6 :  0.008 0.009 0.004 0.010 0.830 0.138 
371 HI_SS0150    (2)    6 :  0.068 0.121 0.006 0.531 0.189 0.086 
372 HI_SS0151    (0)    6 :  0.048 0.881 0.011 0.009 0.010 0.041 
373 NS_SS1451    (1)    6 :  0.032 0.402 0.004 0.472 0.071 0.019 
374 NS_SS1404    (0)    6 :  0.144 0.043 0.013 0.540 0.239 0.021 
375 NS_SS1432    (2)    6 :  0.014 0.031 0.036 0.674 0.239 0.005 
376 NS_SS1405    (5)    6 :  0.302 0.018 0.003 0.558 0.032 0.087 
377 NS_SS1431   (10)    6 :  0.026 0.018 0.001 0.871 0.069 0.016 
378 NS_SS1402    (3)    6 :  0.354 0.164 0.002 0.052 0.380 0.047 
379 NS_SS1450    (3)    6 :  0.608 0.038 0.004 0.223 0.034 0.092 
380 NS_SS1396    (0)    6 :  0.033 0.176 0.007 0.384 0.342 0.057 
381 NS_SS1393    (5)    6 :  0.583 0.218 0.003 0.018 0.165 0.014 
382 NS_SS1392   (10)    6 :  0.322 0.065 0.021 0.523 0.036 0.032 
383 NS_SS1445    (0)    6 :  0.782 0.026 0.009 0.031 0.131 0.022 
384 NS_SS1423    (0)    6 :  0.010 0.021 0.002 0.021 0.187 0.759 
385 NS_SS1421    (9)    6 :  0.056 0.156 0.104 0.095 0.050 0.539 
386 NS_SS1411    (6)    6 :  0.026 0.038 0.002 0.012 0.012 0.911 
387 NS_SS1453    (6)    6 :  0.556 0.112 0.006 0.062 0.174 0.090 
388 NS_SS1442    (3)    6 :  0.617 0.042 0.003 0.049 0.086 0.202 
389 NS_SS1422    (1)    6 :  0.013 0.898 0.012 0.013 0.043 0.021 
390 NS_SS1419    (1)    6 :  0.014 0.749 0.139 0.024 0.061 0.013 
391 NS_SS1427    (0)    6 :  0.022 0.010 0.002 0.009 0.009 0.948 
392 NS_SS1444    (4)    6 :  0.053 0.080 0.004 0.831 0.014 0.019 
393 NS_SS1455    (0)    6 :  0.010 0.162 0.001 0.635 0.172 0.019 
394 NS_SS1425    (2)    6 :  0.009 0.036 0.001 0.004 0.009 0.941 
395 NS_SS1400    (0)    6 :  0.026 0.009 0.002 0.025 0.013 0.926 
396 NS_SS1406    (2)    6 :  0.020 0.186 0.008 0.071 0.711 0.004 
397 NS_SS1417    (6)    6 :  0.065 0.051 0.009 0.402 0.240 0.232 
398 NS_SS1454    (3)    6 :  0.113 0.014 0.001 0.126 0.165 0.580 
399 NS_SS1412    (1)    6 :  0.321 0.028 0.022 0.150 0.406 0.073 
400 NS_SS1438    (1)    6 :  0.320 0.223 0.002 0.018 0.101 0.337 
401 NS_SS1416    (4)    6 :  0.217 0.715 0.005 0.021 0.037 0.005 
402 NS_SS1401    (0)    6 :  0.099 0.089 0.014 0.077 0.653 0.068 
403 NS_SS1424    (6)    6 :  0.295 0.018 0.012 0.021 0.488 0.166 
404 NS_SS1435   (10)    6 :  0.025 0.013 0.003 0.052 0.148 0.758 
405 NS_SS1447    (4)    6 :  0.043 0.012 0.008 0.894 0.020 0.023 
406 NS_SS1414    (3)    6 :  0.016 0.009 0.008 0.949 0.010 0.008 
407 NS_SS1449   (14)    6 :  0.008 0.961 0.003 0.004 0.015 0.009 
408 NS_SS1443    (4)    6 :  0.013 0.559 0.002 0.005 0.049 0.372 
409 NS_SS1434    (1)    6 :  0.030 0.027 0.001 0.505 0.021 0.417 
410 NS_SS1398    (1)    6 :  0.853 0.016 0.014 0.047 0.013 0.058 
411 NS_SS1426    (1)    6 :  0.376 0.104 0.002 0.014 0.156 0.348 
412 NS_SS1413    (0)    6 :  0.011 0.004 0.011 0.013 0.006 0.955 
413 NS_SS1395    (1)    6 :  0.106 0.256 0.010 0.020 0.533 0.074 
414 NS_SS1448   (10)    6 :  0.012 0.011 0.002 0.102 0.008 0.866 
415 NS_SS1446    (0)    6 :  0.188 0.012 0.002 0.018 0.757 0.022 
416 NS_SS1403    (2)    6 :  0.045 0.025 0.004 0.025 0.892 0.007 
417 NS_SS1415    (0)    6 :  0.017 0.019 0.010 0.007 0.022 0.926 
418 NS_SS1437    (4)    6 :  0.019 0.027 0.008 0.582 0.277 0.087 
419 NS_SS1439    (2)    6 :  0.300 0.012 0.003 0.017 0.663 0.005 
420 NS_SS1441    (3)    6 :  0.124 0.016 0.002 0.056 0.499 0.303 
421 NS_SS1420    (2)    6 :  0.012 0.672 0.003 0.300 0.008 0.005 
422 NS_SS1394    (2)    6 :  0.044 0.568 0.037 0.232 0.108 0.009 
423 NS_SS1391    (7)    6 :  0.548 0.014 0.013 0.136 0.110 0.180 
424 NS_SS1410    (5)    6 :  0.096 0.022 0.018 0.088 0.544 0.233 
425 NS_SS1408    (1)    6 :  0.797 0.057 0.042 0.012 0.078 0.014 
426 NS_SS1409    (1)    6 :  0.847 0.024 0.002 0.018 0.097 0.012 
427 HI_SS0617    (1)    7 :  0.937 0.025 0.001 0.020 0.013 0.005 
428 HI_SS0618    (2)    7 :  0.023 0.931 0.002 0.027 0.009 0.008 
429 HI_SS0619    (0)    7 :  0.075 0.036 0.003 0.823 0.022 0.040 
430 HI_SS0620    (1)    7 :  0.119 0.033 0.002 0.006 0.005 0.836 
431 HI_SS0621    (3)    7 :  0.413 0.113 0.014 0.412 0.040 0.008 
432 HI_SS0622    (1)    7 :  0.094 0.073 0.013 0.580 0.042 0.198 
433 HI_SS0626    (0)    7 :  0.455 0.034 0.011 0.385 0.064 0.051 
434 HI_SS0627    (0)    7 :  0.042 0.089 0.008 0.078 0.769 0.015 
435 HI_SS0628    (3)    7 :  0.257 0.024 0.052 0.075 0.054 0.538 
436 HI_SS0629    (1)    7 :  0.704 0.123 0.006 0.027 0.106 0.034 
437 HI_SS0630    (1)    7 :  0.038 0.104 0.073 0.151 0.038 0.596 
438 HI_SS0631    (0)    7 :  0.026 0.056 0.001 0.013 0.021 0.884 
439 HI_SS0632    (0)    7 :  0.081 0.282 0.004 0.126 0.031 0.476 
440 HI_SS0633    (0)    7 :  0.055 0.022 0.003 0.904 0.010 0.007 
441 HI_SS0634    (1)    7 :  0.241 0.014 0.002 0.016 0.715 0.012 
442 HI_SS0635    (0)    7 :  0.324 0.053 0.010 0.043 0.521 0.049 
443 HI_SS0637    (1)    7 :  0.928 0.031 0.003 0.010 0.024 0.005 
444 HI_SS0638    (0)    7 :  0.055 0.043 0.001 0.173 0.245 0.482 
445 HI_SS0639    (1)    7 :  0.220 0.426 0.050 0.137 0.154 0.013 
446 HI_SS0640    (1)    7 :  0.061 0.553 0.002 0.032 0.229 0.124 
447 HI_SS0641    (1)    7 :  0.961 0.007 0.004 0.009 0.007 0.013 
448 HI_SS0642    (0)    7 :  0.005 0.129 0.002 0.028 0.820 0.016 
449 HI_SS0645    (0)    7 :  0.005 0.960 0.001 0.019 0.006 0.009 
450 HI_SS0646    (1)    7 :  0.206 0.017 0.003 0.013 0.745 0.016 
451 HI_SS0647    (1)    7 :  0.033 0.021 0.001 0.633 0.025 0.286 
452 HI_SS0648    (0)    7 :  0.034 0.336 0.003 0.046 0.502 0.078 
453 HI_SS0649    (1)    7 :  0.872 0.025 0.002 0.063 0.026 0.011 
454 HI_SS0650    (1)    7 :  0.872 0.024 0.004 0.082 0.011 0.007 
455 HI_SS0651    (1)    7 :  0.061 0.727 0.004 0.047 0.132 0.029 
456 HI_SS0652    (1)    7 :  0.369 0.019 0.003 0.585 0.015 0.008 
457 NS_SS1371    (3)    7 :  0.893 0.020 0.004 0.008 0.065 0.009 
458 NS_SS1374    (0)    7 :  0.473 0.011 0.003 0.043 0.176 0.294 
459 NS_SS1337    (3)    7 :  0.520 0.050 0.003 0.149 0.251 0.026 
460 NS_SS1385    (5)    7 :  0.147 0.023 0.005 0.096 0.700 0.030 
461 NS_SS1388    (0)    7 :  0.013 0.008 0.006 0.943 0.014 0.015 
462 NS_SS1370    (1)    7 :  0.006 0.962 0.007 0.006 0.008 0.012 
463 NS_SS1389    (3)    7 :  0.009 0.004 0.003 0.970 0.007 0.006 
464 NS_SS1360    (1)    7 :  0.260 0.544 0.004 0.014 0.063 0.116 
465 NS_SS1330    (0)    7 :  0.216 0.169 0.004 0.251 0.351 0.010 
466 NS_SS1328    (9)    7 :  0.020 0.009 0.002 0.057 0.013 0.899 
467 NS_SS1384    (1)    7 :  0.167 0.249 0.004 0.017 0.474 0.090 
468 NS_SS1381    (0)    7 :  0.075 0.520 0.001 0.313 0.080 0.010 
469 NS_SS1375    (1)    7 :  0.023 0.020 0.001 0.864 0.054 0.038 
470 NS_SS1319   (11)    7 :  0.494 0.027 0.084 0.056 0.308 0.031 
471 NS_SS1326    (2)    7 :  0.011 0.009 0.008 0.012 0.006 0.953 
472 NS_SS1341    (1)    7 :  0.365 0.010 0.004 0.012 0.600 0.009 
473 NS_SS1383    (2)    7 :  0.110 0.041 0.004 0.008 0.774 0.062 
474 NS_SS1318    (3)    7 :  0.375 0.063 0.017 0.428 0.048 0.069 
475 NS_SS1348    (2)    7 :  0.044 0.012 0.002 0.008 0.015 0.919 
476 NS_SS1363    (0)    7 :  0.446 0.362 0.006 0.038 0.115 0.032 
477 NS_SS1335    (4)    7 :  0.122 0.382 0.031 0.009 0.036 0.419 
478 NS_SS1358    (0)    7 :  0.020 0.498 0.013 0.006 0.398 0.066 
479 NS_SS1342    (1)    7 :  0.089 0.019 0.001 0.018 0.759 0.113 
480 NS_SS1320    (3)    7 :  0.037 0.020 0.005 0.909 0.024 0.004 
481 NS_SS1355    (1)    7 :  0.234 0.087 0.011 0.614 0.048 0.006 
482 NS_SS1345    (1)    7 :  0.012 0.646 0.022 0.155 0.123 0.042 
483 NS_SS1324    (0)    7 :  0.053 0.104 0.003 0.040 0.014 0.786 
484 NS_SS1347    (5)    7 :  0.058 0.787 0.003 0.017 0.106 0.028 
485 NS_SS1321    (4)    7 :  0.197 0.030 0.001 0.009 0.725 0.039 
486 NS_SS1333    (0)    7 :  0.137 0.004 0.003 0.054 0.642 0.160 
487 NS_SS1364    (1)    7 :  0.022 0.046 0.002 0.024 0.037 0.868 
488 NS_SS1379    (0)    7 :  0.009 0.886 0.041 0.045 0.008 0.011 
489 NS_SS1332    (0)    7 :  0.014 0.005 0.007 0.017 0.008 0.949 
490 NS_SS1338    (5)    7 :  0.025 0.920 0.005 0.008 0.031 0.011 
491 NS_SS1368    (6)    7 :  0.018 0.007 0.005 0.068 0.185 0.716 
492 NS_SS1354    (1)    7 :  0.383 0.034 0.012 0.129 0.404 0.039 
493 NS_SS1365    (0)    7 :  0.087 0.054 0.008 0.761 0.031 0.060 
494 NS_SS1380    (1)    7 :  0.212 0.021 0.023 0.582 0.156 0.006 
495 NS_SS1329    (8)    7 :  0.089 0.028 0.003 0.019 0.669 0.191 
496 NS_SS1362    (0)    7 :  0.637 0.016 0.004 0.013 0.311 0.019 
497 NS_SS1327    (2)    7 :  0.016 0.007 0.003 0.004 0.008 0.963 
498 NS_SS1350    (0)    7 :  0.960 0.006 0.006 0.008 0.015 0.006 
499 NS_SS1387    (2)    7 :  0.015 0.792 0.002 0.127 0.052 0.012 
500 NS_SS1369    (8)    7 :  0.108 0.305 0.004 0.016 0.009 0.559 
501 NS_SS1331    (1)    7 :  0.100 0.052 0.012 0.319 0.105 0.412 
502 NS_SS1357    (5)    7 :  0.117 0.232 0.004 0.296 0.260 0.091 
503 NS_SS1386    (1)    7 :  0.009 0.010 0.004 0.005 0.016 0.956 
504 NS_SS1353    (2)    7 :  0.018 0.012 0.005 0.668 0.236 0.063 
505 NS_SS1323    (0)    7 :  0.017 0.036 0.064 0.078 0.795 0.010 
506 HI_SS0296    (0)    8 :  0.012 0.917 0.002 0.006 0.005 0.059 
507 HI_SS0297    (0)    8 :  0.088 0.350 0.001 0.086 0.198 0.277 
508 HI_SS0299    (0)    8 :  0.509 0.199 0.038 0.061 0.071 0.122 
509 HI_SS0300    (0)    8 :  0.009 0.933 0.001 0.009 0.006 0.042 
510 HI_SS0301    (0)    8 :  0.324 0.026 0.003 0.012 0.550 0.084 
511 HI_SS0302    (0)    8 :  0.009 0.098 0.023 0.015 0.010 0.846 
512 HI_SS0303    (0)    8 :  0.013 0.024 0.007 0.053 0.009 0.893 
513 HI_SS0304    (0)    8 :  0.167 0.054 0.003 0.486 0.180 0.111 
514 HI_SS0306    (5)    8 :  0.006 0.006 0.003 0.006 0.007 0.972 
515 HI_SS0307    (1)    8 :  0.659 0.048 0.006 0.070 0.212 0.006 
516 HI_SS0308    (1)    8 :  0.101 0.585 0.078 0.015 0.111 0.110 
517 HI_SS0309    (0)    8 :  0.037 0.839 0.003 0.034 0.078 0.009 
518 HI_SS0310    (0)    8 :  0.030 0.011 0.007 0.622 0.033 0.297 
519 HI_SS0311    (4)    8 :  0.015 0.394 0.003 0.074 0.084 0.430 
520 HI_SS0314    (0)    8 :  0.010 0.017 0.001 0.909 0.020 0.042 
521 HI_SS0316    (1)    8 :  0.254 0.043 0.004 0.259 0.379 0.062 
522 HI_SS0317    (3)    8 :  0.309 0.010 0.002 0.010 0.653 0.015 
523 HI_SS0318    (1)    8 :  0.195 0.018 0.186 0.008 0.203 0.390 
524 HI_SS0319    (0)    8 :  0.041 0.014 0.007 0.008 0.099 0.831 
525 HI_SS0320    (3)    8 :  0.057 0.009 0.001 0.072 0.857 0.003 
526 HI_SS0321    (0)    8 :  0.943 0.013 0.002 0.005 0.030 0.008 
527 HI_SS0323    (1)    8 :  0.958 0.008 0.002 0.010 0.011 0.011 
528 HI_SS0325    (2)    8 :  0.059 0.019 0.002 0.057 0.025 0.838 
529 HI_SS0327    (1)    8 :  0.165 0.219 0.001 0.006 0.061 0.548 
530 HI_SS0329    (1)    8 :  0.036 0.012 0.002 0.853 0.041 0.057 
531 HI_SS0333    (1)    8 :  0.143 0.032 0.003 0.034 0.757 0.031 
532 HI_SS0334    (1)    8 :  0.046 0.911 0.001 0.006 0.018 0.018 
533 HI_SS0335    (1)    8 :  0.735 0.133 0.022 0.036 0.064 0.010 
534 HI_SS0339    (0)    8 :  0.057 0.503 0.011 0.073 0.336 0.019 
535 HI_SS0343    (2)    8 :  0.007 0.018 0.002 0.167 0.790 0.016 
536 HI_SS0344    (1)    8 :  0.008 0.008 0.003 0.005 0.006 0.971 
537 HI_SS0345    (3)    8 :  0.044 0.114 0.010 0.312 0.283 0.237 
538 HI_SS0346    (0)    8 :  0.228 0.030 0.004 0.097 0.375 0.266 
539 HI_SS0350    (1)    8 :  0.005 0.915 0.007 0.059 0.010 0.004 
540 HI_SS0351    (0)    8 :  0.285 0.299 0.004 0.168 0.178 0.066 
541 HI_SS0352    (3)    8 :  0.011 0.054 0.100 0.191 0.620 0.024 
542 HI_SS0362    (0)    8 :  0.059 0.059 0.003 0.022 0.033 0.823 
543 HI_SS0363    (1)    8 :  0.047 0.325 0.004 0.031 0.028 0.565 
544 HI_SS0365    (0)    8 :  0.035 0.822 0.005 0.010 0.088 0.040 
545 HI_SS0366    (0)    8 :  0.307 0.081 0.002 0.038 0.095 0.477 
546 HI_SS0367    (1)    8 :  0.021 0.008 0.003 0.919 0.045 0.005 
547 HI_SS0369    (1)    8 :  0.151 0.088 0.002 0.145 0.606 0.008 
548 HI_SS0370    (0)    8 :  0.898 0.014 0.003 0.047 0.025 0.014 
549 HI_SS0371    (4)    8 :  0.014 0.020 0.004 0.021 0.006 0.936 
550 HI_SS0373    (3)    8 :  0.102 0.032 0.013 0.372 0.126 0.354 
551 HI_SS0374    (0)    8 :  0.029 0.025 0.029 0.731 0.175 0.011 
552 HI_SS0377    (0)    8 :  0.010 0.641 0.075 0.007 0.178 0.090 
553 HI_SS0379    (1)    8 :  0.011 0.008 0.001 0.004 0.010 0.966 
554 HI_SS0380    (1)    8 :  0.319 0.022 0.008 0.598 0.040 0.013 
555 HI_SS0381    (2)    8 :  0.051 0.108 0.005 0.082 0.728 0.026 
556 HI_SS0384    (3)    8 :  0.404 0.005 0.007 0.536 0.016 0.032 
557 HI_SS0385    (1)    8 :  0.014 0.007 0.001 0.096 0.012 0.870 
558 HI_SS0386    (0)    9 :  0.002 0.002 0.990 0.002 0.002 0.002 
559 HI_SS0387    (0)    9 :  0.010 0.015 0.935 0.010 0.015 0.014 
560 HI_SS0389    (2)    9 :  0.004 0.003 0.982 0.004 0.005 0.003 
561 HI_SS0390    (2)    9 :  0.002 0.002 0.991 0.001 0.002 0.002 
562 HI_SS0391    (3)    9 :  0.003 0.003 0.986 0.003 0.003 0.002 
563 HI_SS0392    (0)    9 :  0.002 0.002 0.992 0.002 0.001 0.002 
564 HI_SS0393    (2)    9 :  0.002 0.001 0.992 0.001 0.002 0.002 
565 HI_SS0394    (2)    9 :  0.002 0.002 0.992 0.002 0.002 0.001 
