   NS_SS0963  1 0.0825 0.1247 0.0162 0.0364 0.0061 0.1946 0.0147 0.0106 0.5142 
   NS_SS0983  1 0.0073 0.0071 0.0184 0.0050 0.0039 0.0080 0.9387 0.0048 0.0069 
   NS_SS0719  1 0.5786 0.0179 0.1517 0.0182 0.0062 0.0942 0.0478 0.0221 0.0633 
   NS_SS1001  1 0.0307 0.7176 0.0080 0.0182 0.0053 0.0158 0.0085 0.1352 0.0606 
   NS_SS0936  1 0.4501 0.0239 0.0926 0.0356 0.0031 0.1021 0.0085 0.0183 0.2657 
   NS_SS0955  1 0.0105 0.3788 0.2068 0.0219 0.0049 0.0115 0.1597 0.0946 0.1111 
   NS_SS0944  1 0.0107 0.4878 0.0376 0.0093 0.0022 0.0900 0.0112 0.2799 0.0714 
   NS_SS0945  1 0.1153 0.0712 0.0180 0.0923 0.0120 0.0142 0.3710 0.2667 0.0392 
   NS_SS0922  1 0.5911 0.0402 0.0859 0.0646 0.0311 0.0372 0.0134 0.0086 0.1280 
   NS_SS0929  1 0.0483 0.0482 0.0602 0.1337 0.0041 0.1350 0.4076 0.0320 0.1310 
   NS_SS0956  1 0.1558 0.0393 0.0143 0.5143 0.0030 0.0838 0.0111 0.1262 0.0522 
   NS_SS0906  1 0.0584 0.3371 0.3246 0.0312 0.0035 0.1668 0.0189 0.0064 0.0531 
   NS_SS0721  1 0.2336 0.0115 0.0274 0.0273 0.0068 0.5941 0.0272 0.0056 0.0665 
   NS_SS0982  1 0.0990 0.0345 0.0249 0.6804 0.0150 0.0522 0.0219 0.0070 0.0652 
   NS_SS0923  1 0.5969 0.0391 0.0699 0.0193 0.0051 0.1869 0.0068 0.0176 0.0585 
   NS_SS0905  1 0.2201 0.0438 0.2324 0.0339 0.0022 0.1613 0.2763 0.0160 0.0141 
   NS_SS0925  1 0.0512 0.0296 0.8081 0.0107 0.0036 0.0287 0.0064 0.0054 0.0564 
   NS_SS0947  1 0.0169 0.9211 0.0107 0.0154 0.0041 0.0069 0.0077 0.0070 0.0103 
   NS_SS0926  1 0.0168 0.0116 0.0166 0.0056 0.0012 0.0241 0.7184 0.0733 0.1324 
   NS_SS0918  1 0.0165 0.9016 0.0128 0.0195 0.0023 0.0073 0.0183 0.0099 0.0119 
   NS_SS0966  1 0.0182 0.0160 0.0267 0.8367 0.0353 0.0098 0.0186 0.0173 0.0213 
   NS_SS0938  1 0.1481 0.0463 0.0081 0.0375 0.0017 0.0097 0.0137 0.0221 0.7130 
   NS_SS0917  1 0.4946 0.0456 0.0788 0.0838 0.0440 0.0269 0.0937 0.0190 0.1137 
   NS_SS0957  1 0.0273 0.0196 0.0276 0.2501 0.0078 0.0781 0.0072 0.1002 0.4821 
   NS_SS0987  1 0.0604 0.2401 0.0888 0.1031 0.2427 0.1275 0.0077 0.0207 0.1090 
   NS_SS0717  1 0.0373 0.6537 0.0146 0.1623 0.0038 0.0298 0.0352 0.0115 0.0519 
   NS_SS0986  1 0.0105 0.0743 0.0198 0.0500 0.0039 0.0207 0.0436 0.0183 0.7589 
   NS_SS0953  1 0.0084 0.9194 0.0078 0.0110 0.0170 0.0069 0.0099 0.0137 0.0059 
   NS_SS0907  1 0.0259 0.2137 0.1924 0.2885 0.0521 0.1089 0.0447 0.0185 0.0553 
   NS_SS0974  1 0.0310 0.0299 0.3042 0.0665 0.0041 0.1026 0.3174 0.0909 0.0534 
   NS_SS0989  1 0.0295 0.0090 0.4450 0.0118 0.0013 0.0109 0.3585 0.0332 0.1009 
   NS_SS0991  1 0.0062 0.0089 0.0154 0.0117 0.0018 0.8936 0.0408 0.0131 0.0085 
   NS_SS0994  1 0.0034 0.0084 0.0088 0.0047 0.0018 0.0081 0.9335 0.0202 0.0111 
   NS_SS0931  1 0.0115 0.0141 0.3365 0.0057 0.0106 0.1208 0.0214 0.4410 0.0385 
   NS_SS1000  1 0.0539 0.0268 0.0143 0.0476 0.0037 0.5115 0.0067 0.0203 0.3152 
   NS_SS0919  1 0.0137 0.0164 0.0202 0.0045 0.0029 0.8686 0.0470 0.0061 0.0206 
   NS_SS0949  1 0.0878 0.0149 0.0479 0.0056 0.0015 0.0207 0.0349 0.7700 0.0167 
   NS_SS0960  1 0.0179 0.0244 0.7527 0.0199 0.0057 0.0218 0.0365 0.1068 0.0142 
   NS_SS0716  1 0.0156 0.0176 0.0145 0.8792 0.0071 0.0091 0.0100 0.0268 0.0201 
   NS_SS0924  1 0.0076 0.0036 0.8647 0.0828 0.0102 0.0104 0.0070 0.0066 0.0071 
   NS_SS0935  1 0.0100 0.0031 0.0088 0.0072 0.0048 0.9406 0.0079 0.0140 0.0036 
   NS_SS0952  1 0.0131 0.0155 0.8014 0.0117 0.0295 0.0408 0.0293 0.0456 0.0132 
   NS_SS0962  1 0.0484 0.0615 0.1652 0.0124 0.0061 0.0449 0.0601 0.0106 0.5909 
   NS_SS0973  1 0.2648 0.0159 0.0132 0.0181 0.0036 0.6515 0.0085 0.0092 0.0151 
   NS_SS0722  1 0.0098 0.9112 0.0048 0.0124 0.0026 0.0325 0.0057 0.0056 0.0154 
   NS_SS0979  1 0.0425 0.0378 0.0451 0.2099 0.0028 0.1474 0.0410 0.0176 0.4558 
   NS_SS0993  1 0.1399 0.0977 0.2731 0.0230 0.0197 0.1441 0.0075 0.0457 0.2493 
   NS_SS0958  1 0.0964 0.0088 0.1132 0.0943 0.0031 0.0327 0.0307 0.6056 0.0153 
   NS_SS0988  1 0.1874 0.3917 0.0984 0.0577 0.0054 0.0652 0.0890 0.0080 0.0971 
   NS_SS1003  1 0.1273 0.0160 0.1009 0.0361 0.0114 0.0186 0.0041 0.0062 0.6794 
   NS_SS0976  1 0.0180 0.0061 0.5462 0.0265 0.0021 0.1704 0.0577 0.0436 0.1296 
   NS_SS0964  1 0.1079 0.3040 0.0405 0.1465 0.0025 0.2633 0.0142 0.0842 0.0369 
   NS_SS0939  1 0.8960 0.0223 0.0094 0.0365 0.0036 0.0041 0.0036 0.0137 0.0108 
   NS_SS0990  1 0.0081 0.0087 0.0043 0.0144 0.0031 0.0042 0.0151 0.0073 0.9349 
   NS_SS0984  1 0.2928 0.0325 0.0265 0.0378 0.0018 0.0171 0.0099 0.0076 0.5740 
   NS_SS0980  1 0.0084 0.8566 0.0415 0.0035 0.0021 0.0166 0.0042 0.0097 0.0573 
   NS_SS0978  1 0.2620 0.0238 0.0345 0.1342 0.0026 0.2023 0.0094 0.0578 0.2732 
   NS_SS0951  1 0.0436 0.0686 0.2025 0.4453 0.0030 0.0509 0.0961 0.0431 0.0470 
   NS_SS0913  1 0.0092 0.0221 0.0240 0.5315 0.0395 0.0123 0.0064 0.0218 0.3331 
   NS_SS1002  1 0.0126 0.0437 0.2462 0.0104 0.0410 0.0141 0.0317 0.0048 0.5956 
   NS_SS0948  1 0.0079 0.0118 0.0556 0.3810 0.0510 0.1004 0.0190 0.0299 0.3433 
   NS_SS0916  1 0.9207 0.0057 0.0082 0.0086 0.0039 0.0075 0.0152 0.0224 0.0079 
   NS_SS0995  1 0.8761 0.0239 0.0187 0.0168 0.0024 0.0068 0.0323 0.0047 0.0185 
   NS_SS0927  1 0.6234 0.0081 0.0548 0.0405 0.0057 0.0214 0.1989 0.0234 0.0237 
   NS_SS0992  1 0.2497 0.0500 0.3870 0.0216 0.0039 0.0171 0.0153 0.1960 0.0596 
   NS_SS0912  1 0.0088 0.0051 0.0277 0.0633 0.0026 0.7860 0.0418 0.0237 0.0410 
   NS_SS0981  1 0.0142 0.0143 0.0817 0.0121 0.0033 0.3811 0.0086 0.0142 0.4704 
   NS_SS0729  2 0.0194 0.0065 0.0364 0.0047 0.0032 0.0118 0.9017 0.0107 0.0055 
   NS_SS0967  2 0.2098 0.1237 0.1020 0.1478 0.0152 0.1723 0.0444 0.0416 0.1432 
   NS_SS0941  2 0.5949 0.0361 0.0260 0.0326 0.0770 0.1327 0.0242 0.0319 0.0446 
   NS_SS0768  2 0.0144 0.0236 0.0458 0.7362 0.0040 0.0065 0.0408 0.0088 0.1201 
   NS_SS0726  2 0.1554 0.0332 0.3354 0.0068 0.0075 0.0520 0.0155 0.0854 0.3088 
   NS_SS0763  2 0.0323 0.0417 0.0297 0.0439 0.0031 0.0521 0.7491 0.0296 0.0185 
   NS_SS0730  2 0.3174 0.5020 0.0224 0.0587 0.0039 0.0180 0.0278 0.0131 0.0365 
   NS_SS0774  2 0.0172 0.7150 0.0128 0.2002 0.0010 0.0077 0.0072 0.0118 0.0270 
   NS_SS0723  2 0.0520 0.4866 0.1659 0.0255 0.0019 0.0808 0.0084 0.0037 0.1752 
   NS_SS0940  2 0.8401 0.0134 0.0359 0.0063 0.0054 0.0357 0.0236 0.0150 0.0246 
   NS_SS0762  2 0.0636 0.2194 0.0056 0.6312 0.0025 0.0170 0.0073 0.0184 0.0351 
   NS_SS0766  2 0.5189 0.0434 0.0295 0.0632 0.0171 0.0707 0.0950 0.0472 0.1149 
   NS_SS0724  2 0.0123 0.0704 0.0335 0.0808 0.0057 0.7545 0.0115 0.0105 0.0208 
   NS_SS0769  2 0.1231 0.0247 0.0441 0.1278 0.0054 0.2795 0.0982 0.0089 0.2883 
   NS_SS0777  2 0.0053 0.0062 0.0042 0.0028 0.0060 0.9361 0.0054 0.0247 0.0093 
   NS_SS0734  2 0.0850 0.0399 0.0146 0.0496 0.0334 0.0780 0.0267 0.5202 0.1526 
   NS_SS0737  2 0.9388 0.0112 0.0048 0.0092 0.0042 0.0039 0.0045 0.0086 0.0148 
   NS_SS0732  2 0.0242 0.0208 0.8479 0.0528 0.0051 0.0201 0.0048 0.0067 0.0176 
   NS_SS0728  2 0.7083 0.0697 0.0068 0.0260 0.0096 0.0463 0.0290 0.0363 0.0681 
   NS_SS0735  2 0.2627 0.5646 0.0128 0.0137 0.0082 0.0510 0.0123 0.0306 0.0438 
   NS_SS0725  2 0.0240 0.3461 0.0135 0.0372 0.0085 0.0076 0.0768 0.0450 0.4415 
   NS_SS0788  2 0.2356 0.0278 0.5444 0.0263 0.0011 0.0103 0.0090 0.0045 0.1409 
   NS_SS0778  2 0.2247 0.0576 0.0109 0.0067 0.0014 0.2483 0.0304 0.0125 0.4075 
   NS_SS0792  2 0.5092 0.0262 0.0113 0.2101 0.0058 0.0103 0.0262 0.0693 0.1317 
   NS_SS0943  2 0.0058 0.6078 0.0130 0.0143 0.0093 0.0327 0.0145 0.2892 0.0134 
   NS_SS0791  2 0.6098 0.0415 0.1474 0.0064 0.0143 0.0104 0.0172 0.1343 0.0188 
   NS_SS0790  2 0.0022 0.0073 0.0048 0.9713 0.0028 0.0031 0.0023 0.0023 0.0040 
   NS_SS0731  2 0.0168 0.4083 0.0077 0.1213 0.0216 0.1025 0.1680 0.0109 0.1429 
   NS_SS0727  2 0.0475 0.1878 0.0204 0.0101 0.0020 0.0244 0.1058 0.5846 0.0174 
   NS_SS0779  2 0.0819 0.0410 0.0391 0.0085 0.0061 0.7571 0.0156 0.0155 0.0352 
   NS_SS0776  2 0.0128 0.0091 0.0687 0.0149 0.0063 0.6007 0.0055 0.0688 0.2132 
   NS_SS0775  2 0.4575 0.2611 0.0080 0.0962 0.0095 0.0125 0.0094 0.0581 0.0876 
   NS_SS0965  3 0.0088 0.0140 0.0101 0.0644 0.0020 0.8534 0.0118 0.0147 0.0208 
   NS_SS0754  3 0.0773 0.0110 0.0338 0.0169 0.0110 0.7924 0.0215 0.0264 0.0097 
   NS_SS0838  3 0.0207 0.0128 0.7089 0.0154 0.0438 0.0187 0.0168 0.0078 0.1550 
   NS_SS0839  3 0.0226 0.0175 0.0138 0.0099 0.0028 0.0030 0.0058 0.0081 0.9164 
   NS_SS0832  3 0.0286 0.2692 0.0106 0.0260 0.0609 0.1418 0.0069 0.0043 0.4517 
   NS_SS0820  3 0.0260 0.0061 0.0344 0.8339 0.0040 0.0624 0.0038 0.0030 0.0262 
   NS_SS0886  3 0.2669 0.0477 0.3139 0.0402 0.0026 0.0292 0.1646 0.0195 0.1154 
   NS_SS0748  3 0.0188 0.0979 0.0709 0.0451 0.0092 0.6006 0.0539 0.0697 0.0339 
   NS_SS0884  3 0.2428 0.1436 0.4304 0.0417 0.0310 0.0156 0.0305 0.0123 0.0520 
   NS_SS0752  3 0.1742 0.1547 0.5277 0.0151 0.0021 0.0249 0.0328 0.0222 0.0462 
   NS_SS0862  3 0.3764 0.4609 0.0086 0.0330 0.0044 0.0313 0.0094 0.0068 0.0692 
   NS_SS0787  3 0.0082 0.0096 0.0336 0.0222 0.0063 0.0210 0.8578 0.0310 0.0103 
   NS_SS0843  3 0.0084 0.0311 0.0145 0.0171 0.0025 0.8607 0.0451 0.0064 0.0142 
   NS_SS0856  3 0.3905 0.0939 0.0201 0.1550 0.0028 0.0177 0.1422 0.0291 0.1488 
   NS_SS0846  3 0.0080 0.1430 0.1023 0.0074 0.0039 0.2227 0.3284 0.0427 0.1414 
   NS_SS0825  3 0.4499 0.0324 0.0189 0.0219 0.0131 0.0215 0.0937 0.0187 0.3299 
   NS_SS0757  3 0.2384 0.1115 0.0978 0.0136 0.0033 0.4088 0.0353 0.0289 0.0624 
   NS_SS0876  3 0.0699 0.0320 0.0047 0.3560 0.2266 0.0107 0.0134 0.2489 0.0379 
   NS_SS0903  3 0.0225 0.9356 0.0079 0.0053 0.0022 0.0074 0.0089 0.0054 0.0048 
   NS_SS0875  3 0.1178 0.0262 0.0157 0.6411 0.0034 0.0136 0.1245 0.0267 0.0310 
   NS_SS0740  3 0.0109 0.0345 0.0215 0.0208 0.0028 0.8697 0.0110 0.0131 0.0157 
   NS_SS0811  3 0.0124 0.0097 0.0046 0.9366 0.0066 0.0083 0.0054 0.0083 0.0080 
   NS_SS0751  3 0.0998 0.0308 0.1527 0.0088 0.0026 0.0551 0.0118 0.0483 0.5901 
   NS_SS0891  3 0.0246 0.0190 0.0235 0.8714 0.0052 0.0047 0.0120 0.0082 0.0316 
   NS_SS0867  3 0.0273 0.3916 0.0435 0.0106 0.0282 0.2825 0.1386 0.0392 0.0387 
   NS_SS0890  3 0.7963 0.0380 0.0293 0.0378 0.0037 0.0225 0.0332 0.0182 0.0210 
   NS_SS0866  3 0.0206 0.0213 0.0211 0.0119 0.0046 0.0039 0.8140 0.0862 0.0164 
   NS_SS0755  3 0.0686 0.0617 0.0118 0.6850 0.0106 0.0413 0.0317 0.0169 0.0724 
   NS_SS0758  3 0.1835 0.1247 0.0247 0.0182 0.0021 0.0372 0.4933 0.0150 0.1013 
   NS_SS0840  3 0.3101 0.0692 0.0719 0.0915 0.0027 0.0386 0.0153 0.0133 0.3873 
   NS_SS0889  3 0.0185 0.0081 0.0774 0.4832 0.0021 0.0348 0.1435 0.1875 0.0448 
   NS_SS1010  3 0.0770 0.0385 0.2226 0.2770 0.0523 0.0472 0.0548 0.0182 0.2124 
   NS_SS0888  3 0.0734 0.0066 0.0239 0.0282 0.0013 0.0907 0.0782 0.6880 0.0097 
   NS_SS0837  3 0.0222 0.0861 0.0102 0.0483 0.0024 0.7720 0.0206 0.0112 0.0269 
   NS_SS0794  3 0.0132 0.0072 0.0074 0.0845 0.0020 0.0079 0.0156 0.8525 0.0098 
   NS_SS0823  3 0.4397 0.0490 0.0076 0.2394 0.0035 0.0352 0.0111 0.0089 0.2057 
   NS_SS0829  3 0.0285 0.0152 0.2458 0.0219 0.1161 0.1444 0.3837 0.0379 0.0066 
   NS_SS0844  3 0.0051 0.0165 0.0064 0.9500 0.0016 0.0064 0.0045 0.0036 0.0059 
   NS_SS1008  3 0.0356 0.2577 0.1436 0.0419 0.0184 0.0443 0.1314 0.3128 0.0143 
   NS_SS0881  3 0.0318 0.0128 0.3432 0.0074 0.0022 0.0701 0.0077 0.0751 0.4497 
   NS_SS0834  3 0.0081 0.0121 0.0506 0.3997 0.0053 0.0095 0.0250 0.0074 0.4822 
   NS_SS0744  3 0.4387 0.0596 0.0705 0.0109 0.0079 0.0432 0.0241 0.0538 0.2913 
   NS_SS0899  3 0.0095 0.0157 0.0138 0.9196 0.0013 0.0122 0.0091 0.0041 0.0146 
   NS_SS0804  3 0.0421 0.0283 0.0250 0.2873 0.0052 0.0313 0.0145 0.0043 0.5620 
   NS_SS0781  3 0.0130 0.0598 0.0098 0.1367 0.0039 0.0353 0.0100 0.0035 0.7280 
   NS_SS0822  3 0.0171 0.0315 0.1224 0.0439 0.0020 0.0485 0.0606 0.6584 0.0155 
   NS_SS1004  3 0.0929 0.0167 0.0234 0.0144 0.0029 0.7586 0.0075 0.0305 0.0532 
   NS_SS0746  3 0.0171 0.0073 0.0087 0.0946 0.0120 0.7483 0.0149 0.0761 0.0210 
   NS_SS0880  3 0.0247 0.1558 0.2739 0.0064 0.0015 0.0151 0.0056 0.2420 0.2750 
   NS_SS0879  3 0.0170 0.0210 0.0271 0.8470 0.0140 0.0176 0.0140 0.0255 0.0170 
   NS_SS0753  3 0.0250 0.0075 0.0113 0.0121 0.0082 0.8495 0.0577 0.0197 0.0089 
   NS_SS1007  3 0.9117 0.0165 0.0261 0.0029 0.0016 0.0059 0.0108 0.0073 0.0172 
   NS_SS0872  3 0.5622 0.0538 0.0254 0.0750 0.0027 0.1034 0.0380 0.0418 0.0977 
   NS_SS1005  3 0.1794 0.0393 0.0934 0.1343 0.0014 0.3516 0.0552 0.0121 0.1332 
   NS_SS0892  3 0.1401 0.0151 0.0062 0.0134 0.0018 0.6867 0.0065 0.0248 0.1055 
   NS_SS0898  3 0.0105 0.0095 0.0058 0.0146 0.0087 0.0076 0.0149 0.9230 0.0053 
   NS_SS0801  3 0.0178 0.0428 0.0117 0.0497 0.0114 0.0839 0.0216 0.0096 0.7516 
   NS_SS0827  3 0.0165 0.0169 0.0145 0.0508 0.1205 0.0500 0.7018 0.0114 0.0176 
   NS_SS0853  3 0.0142 0.0192 0.0131 0.8178 0.0058 0.0252 0.0903 0.0071 0.0073 
   NS_SS0780  3 0.0341 0.1221 0.0064 0.0066 0.0045 0.2497 0.0107 0.0075 0.5586 
   NS_SS0826  3 0.0070 0.0325 0.6129 0.0157 0.0035 0.0260 0.0129 0.0240 0.2655 
   NS_SS0818  3 0.5991 0.2201 0.0064 0.0055 0.0015 0.0279 0.0088 0.0098 0.1209 
   NS_SS0745  3 0.0420 0.0097 0.0128 0.1237 0.0014 0.4958 0.0090 0.0269 0.2787 
   NS_SS0849  3 0.2914 0.0303 0.4962 0.0416 0.0017 0.0754 0.0092 0.0188 0.0353 
   NS_SS0739  3 0.9076 0.0106 0.0243 0.0125 0.0103 0.0043 0.0069 0.0078 0.0157 
   NS_SS0799  3 0.2173 0.1501 0.0502 0.0168 0.0015 0.1093 0.2189 0.2032 0.0327 
   NS_SS0756  3 0.0294 0.7661 0.0081 0.0506 0.0042 0.0140 0.0068 0.0088 0.1121 
   NS_SS0802  3 0.2036 0.0141 0.0455 0.0154 0.2052 0.0789 0.1798 0.0237 0.2337 
   NS_SS0747  3 0.2002 0.0573 0.1114 0.0158 0.0055 0.4639 0.0088 0.0059 0.1313 
   NS_SS0835  3 0.0058 0.0166 0.0042 0.0057 0.0012 0.0096 0.9296 0.0117 0.0154 
   NS_SS0742  3 0.4314 0.0332 0.0323 0.0086 0.0013 0.0156 0.0224 0.0261 0.4291 
   NS_SS0760  3 0.0274 0.0192 0.0311 0.0188 0.0539 0.0491 0.7288 0.0525 0.0194 
   NS_SS0803  3 0.1789 0.0387 0.0139 0.6512 0.0088 0.0301 0.0335 0.0220 0.0229 
   NS_SS0828  3 0.2796 0.0090 0.2054 0.0443 0.0014 0.4226 0.0134 0.0122 0.0121 
   NS_SS0865  3 0.0188 0.3143 0.0142 0.0090 0.0319 0.0365 0.0199 0.0123 0.5432 
   NS_SS0759  3 0.5172 0.0212 0.0190 0.0213 0.0050 0.3027 0.0125 0.0143 0.0867 
   NS_SS0851  3 0.0084 0.0054 0.0052 0.9375 0.0108 0.0045 0.0077 0.0104 0.0101 
   NS_SS0874  3 0.0151 0.5009 0.0631 0.3429 0.0018 0.0172 0.0289 0.0070 0.0231 
   NS_SS0761  3 0.0295 0.1550 0.0310 0.0346 0.0035 0.1036 0.3819 0.1705 0.0905 
   NS_SS0842  3 0.0183 0.1199 0.5210 0.2042 0.0098 0.0146 0.0205 0.0721 0.0196 
   NS_SS0785  3 0.0621 0.1828 0.0157 0.0195 0.0071 0.5861 0.0309 0.0499 0.0458 
   NS_SS0860  3 0.0643 0.0137 0.0769 0.0160 0.0029 0.0135 0.7860 0.0100 0.0167 
   NS_SS0897  3 0.0186 0.0317 0.0160 0.0076 0.0016 0.0102 0.2780 0.6303 0.0060 
   NS_SS0841  3 0.1380 0.2314 0.0315 0.0332 0.0056 0.0160 0.0087 0.3185 0.2171 
   NS_SS0797  3 0.0225 0.0202 0.4430 0.0847 0.0220 0.0313 0.0222 0.2353 0.1187 
   NS_SS0830  3 0.0117 0.1221 0.7079 0.0165 0.0025 0.0130 0.0155 0.0792 0.0316 
   NS_SS1011  3 0.0130 0.0464 0.1204 0.0582 0.0058 0.0099 0.0228 0.0036 0.7199 
   NS_SS0883  3 0.4695 0.0267 0.1646 0.0931 0.0046 0.0377 0.0678 0.0835 0.0525 
   NS_SS0782  3 0.0878 0.6109 0.0086 0.0298 0.0029 0.0099 0.0957 0.1251 0.0292 
   NS_SS0831  3 0.0461 0.0328 0.0432 0.0415 0.0034 0.0125 0.7923 0.0161 0.0121 
   NS_SS0749  3 0.5899 0.0073 0.1619 0.0072 0.0041 0.1968 0.0071 0.0115 0.0143 
   NS_SS0854  3 0.0976 0.1879 0.1853 0.1117 0.0031 0.0351 0.0270 0.2691 0.0832 
   HI_SS0193  4 0.0096 0.0038 0.0113 0.0059 0.0018 0.0051 0.0045 0.9511 0.0069 
   HI_SS0194  4 0.0171 0.0327 0.3174 0.0354 0.0018 0.0294 0.0061 0.0308 0.5293 
   HI_SS0195  4 0.7006 0.0114 0.0131 0.0184 0.0828 0.0162 0.0041 0.0054 0.1481 
   HI_SS0196  4 0.3916 0.0910 0.0372 0.0360 0.0031 0.0252 0.0252 0.3658 0.0250 
   HI_SS0197  4 0.0324 0.0070 0.0133 0.0049 0.0090 0.0083 0.0083 0.0025 0.9143 
   HI_SS0198  4 0.6033 0.0151 0.1512 0.0206 0.0091 0.0309 0.0160 0.0282 0.1256 
   HI_SS0199  4 0.4568 0.0130 0.0073 0.0060 0.0027 0.0524 0.4379 0.0163 0.0076 
   HI_SS0201  4 0.0117 0.0162 0.3541 0.0471 0.0025 0.1828 0.2675 0.0841 0.0339 
   HI_SS0215  4 0.0107 0.0060 0.0049 0.0070 0.0033 0.0209 0.9225 0.0050 0.0196 
   HI_SS0218  4 0.0479 0.0064 0.0114 0.0180 0.0068 0.0081 0.0249 0.8678 0.0087 
   HI_SS0222  4 0.2672 0.0159 0.0163 0.0575 0.0060 0.0136 0.5473 0.0133 0.0628 
   HI_SS0230  4 0.0118 0.0121 0.7896 0.0188 0.0059 0.1181 0.0068 0.0054 0.0314 
   HI_SS0234  4 0.2924 0.0442 0.2271 0.0488 0.1606 0.0140 0.1263 0.0458 0.0408 
   HI_SS0240  4 0.9229 0.0105 0.0074 0.0097 0.0069 0.0124 0.0061 0.0139 0.0103 
   HI_SS0241  4 0.0704 0.0132 0.0349 0.4405 0.0020 0.0618 0.1848 0.1125 0.0798 
   HI_SS0242  4 0.2604 0.5942 0.0282 0.0171 0.0031 0.0271 0.0190 0.0411 0.0098 
   HI_SS0247  4 0.0063 0.0209 0.0152 0.8775 0.0216 0.0107 0.0039 0.0102 0.0337 
   HI_SS0248  4 0.0203 0.0570 0.0181 0.0045 0.0009 0.0184 0.1352 0.7372 0.0084 
   HI_SS0252  4 0.0687 0.0862 0.0066 0.0280 0.0022 0.0289 0.0234 0.0304 0.7257 
   HI_SS0254  4 0.0159 0.0117 0.2202 0.0082 0.0925 0.2639 0.0145 0.1916 0.1815 
   HI_SS0256  4 0.0111 0.0476 0.0065 0.8986 0.0015 0.0149 0.0027 0.0038 0.0133 
   HI_SS0257  4 0.0242 0.4134 0.0752 0.0345 0.0036 0.1099 0.3105 0.0149 0.0137 
   HI_SS0258  4 0.0184 0.0111 0.0260 0.0391 0.0066 0.1197 0.1417 0.6201 0.0174 
   HI_SS0259  4 0.0145 0.0197 0.0303 0.4858 0.0029 0.0097 0.0161 0.0046 0.4164 
   HI_SS0260  4 0.0447 0.0647 0.0347 0.0153 0.0020 0.1363 0.5961 0.0803 0.0259 
   HI_SS0261  4 0.0122 0.1027 0.1120 0.0063 0.0031 0.5803 0.0295 0.0246 0.1292 
   HI_SS0262  4 0.4973 0.2943 0.0267 0.0438 0.0091 0.0156 0.0097 0.0121 0.0913 
   HI_SS0264  4 0.0142 0.0534 0.0148 0.0333 0.0056 0.1249 0.0065 0.0097 0.7375 
   HI_SS0265  4 0.0272 0.0160 0.0616 0.6770 0.0930 0.0608 0.0142 0.0041 0.0462 
   HI_SS0268  4 0.0196 0.0083 0.7641 0.0726 0.0025 0.0158 0.0152 0.0105 0.0914 
   HI_SS0269  4 0.1130 0.0313 0.2233 0.0106 0.0024 0.0111 0.2022 0.3973 0.0088 
   HI_SS0273  4 0.0111 0.0909 0.2013 0.0210 0.0015 0.0946 0.0223 0.5271 0.0302 
   HI_SS0277  4 0.0519 0.0303 0.4370 0.0078 0.0026 0.0053 0.0315 0.0056 0.4279 
   HI_SS0280  4 0.1241 0.0130 0.0330 0.0149 0.0037 0.0107 0.0191 0.0290 0.7526 
   HI_SS0282  4 0.0199 0.7748 0.0192 0.0093 0.0011 0.0349 0.0199 0.1057 0.0151 
   HI_SS0286  4 0.1227 0.0260 0.1037 0.1233 0.0080 0.1099 0.3946 0.0755 0.0363 
   NS_SS1252  5 0.0076 0.0064 0.0068 0.0077 0.0031 0.0069 0.9449 0.0101 0.0065 
   NS_SS1261  5 0.7774 0.0092 0.0320 0.0125 0.0141 0.0202 0.0674 0.0085 0.0586 
   NS_SS1225  5 0.0100 0.0075 0.1784 0.3333 0.0796 0.2973 0.0773 0.0069 0.0097 
   NS_SS1266  5 0.2774 0.2168 0.0215 0.2339 0.0097 0.0440 0.0046 0.0074 0.1847 
   NS_SS1228  5 0.8321 0.0206 0.0065 0.0106 0.0132 0.0103 0.0067 0.0139 0.0861 
   NS_SS1255  5 0.0096 0.8703 0.0144 0.0079 0.0017 0.0032 0.0278 0.0496 0.0155 
   NS_SS1267  5 0.0080 0.0040 0.0347 0.0063 0.0100 0.0045 0.9074 0.0197 0.0053 
   NS_SS1238  5 0.0219 0.0111 0.8960 0.0100 0.0021 0.0078 0.0075 0.0305 0.0132 
   NS_SS1233  5 0.0061 0.8603 0.0088 0.0242 0.0021 0.0098 0.0087 0.0197 0.0604 
   NS_SS1277  5 0.0100 0.0085 0.0076 0.0048 0.0012 0.0051 0.0151 0.9405 0.0071 
   NS_SS1245  5 0.0196 0.4745 0.0286 0.0099 0.0022 0.0432 0.0408 0.1993 0.1820 
   NS_SS1240  5 0.0068 0.0079 0.0098 0.0047 0.0024 0.0136 0.9326 0.0169 0.0054 
   NS_SS1275  5 0.0202 0.0210 0.0200 0.3350 0.0027 0.0122 0.0043 0.0065 0.5781 
   NS_SS1235  5 0.0126 0.9228 0.0147 0.0106 0.0046 0.0120 0.0043 0.0128 0.0057 
   NS_SS1263  5 0.0076 0.9285 0.0187 0.0140 0.0010 0.0068 0.0121 0.0054 0.0058 
   NS_SS1251  5 0.0052 0.9096 0.0089 0.0077 0.0013 0.0134 0.0204 0.0049 0.0285 
   NS_SS1248  5 0.0145 0.0068 0.0284 0.6024 0.0821 0.0441 0.0106 0.1958 0.0155 
   NS_SS1244  5 0.0930 0.0054 0.8087 0.0080 0.0041 0.0081 0.0068 0.0264 0.0396 
   NS_SS1257  5 0.0479 0.0616 0.2661 0.0235 0.0415 0.0182 0.1568 0.3136 0.0708 
   NS_SS1242  5 0.0152 0.8461 0.0087 0.0226 0.0032 0.0130 0.0055 0.0072 0.0787 
   NS_SS1271  5 0.0872 0.0134 0.0089 0.0057 0.0356 0.0148 0.2354 0.5879 0.0111 
   NS_SS1265  5 0.0073 0.0127 0.0468 0.1990 0.0208 0.2834 0.3796 0.0303 0.0200 
   NS_SS1243  5 0.0196 0.0099 0.0094 0.0511 0.0892 0.0857 0.0091 0.2166 0.5094 
   NS_SS1273  5 0.2918 0.1971 0.0566 0.0567 0.0147 0.0298 0.0097 0.2064 0.1373 
   NS_SS1254  5 0.0173 0.8247 0.0195 0.0764 0.0063 0.0098 0.0119 0.0103 0.0238 
   NS_SS1224  5 0.0319 0.7669 0.0118 0.0287 0.0089 0.0591 0.0183 0.0034 0.0710 
   NS_SS1227  5 0.0146 0.0099 0.0190 0.0059 0.0016 0.9177 0.0139 0.0094 0.0080 
   NS_SS1274  5 0.0142 0.0235 0.7673 0.0412 0.0193 0.0320 0.0549 0.0158 0.0319 
   NS_SS1241  5 0.0093 0.0101 0.0678 0.0396 0.0010 0.0167 0.0083 0.8200 0.0274 
   NS_SS1256  5 0.0143 0.2606 0.0732 0.0286 0.0430 0.0512 0.0153 0.1396 0.3744 
   NS_SS1260  5 0.0595 0.0255 0.2292 0.0495 0.0749 0.0306 0.5071 0.0093 0.0144 
   NS_SS1262  5 0.0116 0.0130 0.4727 0.1160 0.1703 0.0354 0.0292 0.0261 0.1258 
   NS_SS1230  5 0.0755 0.0060 0.0146 0.0146 0.0100 0.1045 0.0093 0.7457 0.0198 
   NS_SS1270  5 0.0119 0.0226 0.0182 0.0852 0.0029 0.4534 0.0056 0.0188 0.3815 
   NS_SS1229  5 0.6045 0.0115 0.0078 0.0085 0.0040 0.0891 0.0233 0.0056 0.2457 
   NS_SS1246  5 0.0178 0.0108 0.5551 0.0033 0.0033 0.0045 0.3278 0.0116 0.0658 
   NS_SS1269  5 0.7262 0.0200 0.0162 0.0205 0.0024 0.1008 0.0163 0.0332 0.0644 
   NS_SS1239  5 0.9067 0.0131 0.0061 0.0164 0.0039 0.0102 0.0077 0.0273 0.0087 
   NS_SS1272  5 0.0117 0.3271 0.0323 0.0102 0.0057 0.0115 0.0689 0.0091 0.5235 
   NS_SS1268  5 0.0242 0.7387 0.0067 0.0170 0.0030 0.0706 0.0053 0.1182 0.0164 
   NS_SS1249  5 0.0107 0.0118 0.0111 0.0347 0.0158 0.0056 0.0287 0.8769 0.0047 
   HI_SS0559  6 0.0085 0.0798 0.0080 0.0336 0.0016 0.8021 0.0064 0.0433 0.0165 
   HI_SS0563  6 0.1411 0.6468 0.0406 0.0202 0.0045 0.0257 0.0842 0.0148 0.0219 
   HI_SS0564  6 0.1824 0.6486 0.0676 0.0035 0.0607 0.0078 0.0060 0.0071 0.0164 
   HI_SS0565  6 0.0525 0.0162 0.0152 0.0916 0.0040 0.1088 0.6286 0.0087 0.0744 
   HI_SS0569  6 0.0065 0.0053 0.0199 0.0116 0.0021 0.8589 0.0721 0.0160 0.0077 
   HI_SS0570  6 0.0295 0.0227 0.0561 0.0123 0.0334 0.0068 0.0199 0.8077 0.0115 
   HI_SS0572  6 0.0129 0.9175 0.0105 0.0162 0.0025 0.0090 0.0122 0.0080 0.0111 
   HI_SS0576  6 0.7995 0.0281 0.0177 0.0213 0.0064 0.0623 0.0108 0.0268 0.0271 
   HI_SS0579  6 0.0084 0.0261 0.0167 0.0073 0.0175 0.8823 0.0116 0.0205 0.0097 
   HI_SS0580  6 0.1814 0.2065 0.0220 0.1267 0.0051 0.0220 0.3444 0.0784 0.0134 
   HI_SS0581  6 0.0879 0.0085 0.0055 0.0118 0.0474 0.0084 0.0040 0.0051 0.8213 
   HI_SS0583  6 0.0054 0.0120 0.0037 0.0066 0.0022 0.0052 0.9570 0.0034 0.0044 
   HI_SS0586  6 0.0127 0.0197 0.0156 0.0131 0.0010 0.0457 0.8557 0.0242 0.0125 
   HI_SS0588  6 0.0431 0.0248 0.0073 0.0189 0.0138 0.8018 0.0320 0.0499 0.0084 
   HI_SS0595  6 0.1382 0.0826 0.4693 0.0133 0.0260 0.0133 0.0182 0.0810 0.1581 
   HI_SS0596  6 0.0616 0.8242 0.0093 0.0293 0.0019 0.0184 0.0055 0.0398 0.0100 
   HI_SS0597  6 0.0238 0.0822 0.0266 0.0066 0.0025 0.0151 0.0348 0.0286 0.7799 
   HI_SS0600  6 0.6626 0.0487 0.0137 0.0458 0.0040 0.0134 0.1472 0.0319 0.0328 
   HI_SS0601  6 0.0133 0.0147 0.5497 0.1084 0.0097 0.2596 0.0328 0.0050 0.0069 
   HI_SS0602  6 0.0207 0.0036 0.0062 0.0079 0.0019 0.9347 0.0135 0.0042 0.0073 
   HI_SS0604  6 0.0298 0.0578 0.0142 0.0192 0.0019 0.2234 0.3815 0.0581 0.2139 
   HI_SS0605  6 0.3608 0.1852 0.0127 0.0567 0.0080 0.0280 0.0393 0.2775 0.0317 
   HI_SS0608  6 0.0438 0.0096 0.7423 0.0280 0.0010 0.0154 0.0075 0.0996 0.0528 
   HI_SS0609  6 0.0385 0.0981 0.0114 0.5954 0.0007 0.0189 0.0509 0.0508 0.1352 
   HI_SS0611  6 0.0264 0.0119 0.0316 0.1076 0.0032 0.0105 0.5175 0.2856 0.0058 
   HI_SS0612  6 0.0875 0.4833 0.0170 0.0692 0.0080 0.2294 0.0387 0.0221 0.0447 
   HI_SS0613  6 0.1170 0.0615 0.0191 0.6523 0.0018 0.0213 0.0369 0.0327 0.0574 
   HI_SS0615  6 0.9245 0.0082 0.0234 0.0061 0.0092 0.0116 0.0054 0.0060 0.0056 
   HI_SS0001  6 0.0311 0.0258 0.0067 0.0220 0.0043 0.0139 0.1402 0.3999 0.3561 
   HI_SS0002  6 0.0345 0.1437 0.0411 0.2753 0.0281 0.3065 0.0340 0.0091 0.1278 
   HI_SS0004  6 0.2386 0.0400 0.0591 0.1345 0.0064 0.1107 0.0981 0.2488 0.0638 
   HI_SS0005  6 0.2528 0.0076 0.1443 0.1117 0.0060 0.1098 0.0048 0.0619 0.3010 
   HI_SS0006  6 0.0110 0.0110 0.0073 0.0121 0.0016 0.0130 0.8903 0.0087 0.0450 
   HI_SS0007  6 0.0038 0.0045 0.0082 0.0110 0.0029 0.0095 0.0041 0.9495 0.0065 
   HI_SS0008  6 0.0290 0.0318 0.0155 0.0132 0.0284 0.8495 0.0064 0.0176 0.0086 
   HI_SS0009  6 0.0128 0.0281 0.0214 0.8671 0.0046 0.0104 0.0040 0.0471 0.0046 
   HI_SS0010  6 0.0065 0.0077 0.9141 0.0087 0.0031 0.0138 0.0096 0.0281 0.0083 
   HI_SS0011  6 0.0241 0.4852 0.0610 0.0215 0.0886 0.0529 0.0100 0.0173 0.2393 
   HI_SS0012  6 0.7246 0.0341 0.1428 0.0122 0.0052 0.0212 0.0329 0.0044 0.0226 
   HI_SS0017  6 0.0131 0.2767 0.0121 0.0525 0.0032 0.0267 0.0073 0.4583 0.1500 
   HI_SS0021  6 0.0086 0.0071 0.0074 0.5250 0.2287 0.0106 0.1201 0.0773 0.0152 
   HI_SS0024  6 0.5706 0.0740 0.0164 0.0265 0.0027 0.0081 0.0364 0.1886 0.0767 
   HI_SS0025  6 0.0659 0.0853 0.0058 0.7840 0.0034 0.0110 0.0297 0.0093 0.0057 
   HI_SS0027  6 0.0504 0.0733 0.0292 0.0096 0.0167 0.0864 0.0797 0.6481 0.0065 
   HI_SS0028  6 0.0112 0.0038 0.0144 0.8844 0.0025 0.0534 0.0067 0.0037 0.0199 
   HI_SS0029  6 0.4833 0.1091 0.0281 0.0272 0.0071 0.0374 0.1046 0.0286 0.1745 
   HI_SS0030  6 0.0804 0.0293 0.3578 0.0067 0.0072 0.1387 0.1330 0.0416 0.2054 
   HI_SS0031  6 0.2372 0.0142 0.0128 0.0066 0.0031 0.7034 0.0038 0.0103 0.0084 
   HI_SS0034  6 0.0124 0.0151 0.0488 0.0125 0.0073 0.4600 0.0366 0.3856 0.0218 
   HI_SS0036  6 0.0186 0.0041 0.5706 0.0097 0.0116 0.0212 0.0390 0.2939 0.0313 
   HI_SS0037  6 0.0078 0.0334 0.6530 0.2123 0.0048 0.0110 0.0227 0.0446 0.0105 
   HI_SS0039  6 0.0211 0.0430 0.0238 0.0127 0.0032 0.4180 0.0721 0.2272 0.1787 
   HI_SS0041  6 0.9376 0.0115 0.0104 0.0128 0.0017 0.0051 0.0068 0.0039 0.0102 
   HI_SS0042  6 0.0189 0.0132 0.0238 0.6469 0.1137 0.0048 0.0042 0.0193 0.1550 
   HI_SS0043  6 0.0053 0.0036 0.9417 0.0043 0.0027 0.0062 0.0246 0.0082 0.0033 
   HI_SS0044  6 0.0568 0.0241 0.0174 0.0251 0.0031 0.0148 0.0207 0.7266 0.1114 
   HI_SS0047  6 0.0926 0.0097 0.0226 0.0101 0.0027 0.2545 0.0080 0.0434 0.5565 
   HI_SS0049  6 0.0234 0.0274 0.0162 0.1580 0.0035 0.6657 0.0074 0.0773 0.0210 
   HI_SS0051  6 0.0461 0.1502 0.4429 0.1414 0.0019 0.0485 0.0243 0.0105 0.1342 
   HI_SS0053  6 0.0441 0.0074 0.0181 0.0047 0.0037 0.6031 0.2299 0.0540 0.0351 
   HI_SS0054  6 0.0062 0.0127 0.0250 0.0066 0.0028 0.8146 0.0208 0.1020 0.0092 
   HI_SS0057  6 0.0090 0.0095 0.3986 0.0200 0.0032 0.0080 0.0078 0.0108 0.5332 
   HI_SS0058  6 0.0067 0.0089 0.0134 0.9211 0.0044 0.0061 0.0252 0.0081 0.0060 
   HI_SS0060  6 0.0151 0.0116 0.7242 0.0167 0.0931 0.0661 0.0025 0.0383 0.0323 
   HI_SS0087  6 0.0246 0.0297 0.0241 0.0161 0.0027 0.0984 0.7732 0.0068 0.0243 
   HI_SS0091  6 0.0116 0.0157 0.0100 0.0170 0.0014 0.0137 0.8827 0.0089 0.0389 
   HI_SS0095  6 0.2250 0.1178 0.0394 0.0402 0.0564 0.4051 0.0736 0.0047 0.0377 
   HI_SS0097  6 0.0096 0.0177 0.8736 0.0078 0.0040 0.0387 0.0078 0.0058 0.0350 
   HI_SS0099  6 0.4097 0.1632 0.0358 0.1091 0.0052 0.0525 0.1556 0.0176 0.0513 
   HI_SS0103  6 0.1157 0.1683 0.1172 0.1023 0.0040 0.0719 0.1078 0.0345 0.2782 
   HI_SS0105  6 0.0593 0.0172 0.0633 0.0162 0.0302 0.0239 0.0116 0.0076 0.7707 
   HI_SS0107  6 0.0167 0.8626 0.0063 0.0489 0.0010 0.0091 0.0170 0.0122 0.0263 
   HI_SS0108  6 0.0118 0.0105 0.0235 0.0032 0.0314 0.0238 0.0567 0.8232 0.0158 
   HI_SS0110  6 0.5494 0.0109 0.2512 0.0140 0.0010 0.0319 0.0192 0.0248 0.0976 
   HI_SS0111  6 0.1940 0.0052 0.1092 0.5874 0.0231 0.0137 0.0324 0.0223 0.0127 
   HI_SS0112  6 0.0160 0.0131 0.0791 0.0056 0.0014 0.0121 0.0075 0.8595 0.0056 
   HI_SS0113  6 0.0259 0.1841 0.0067 0.0126 0.0038 0.0136 0.0071 0.0049 0.7414 
   HI_SS0114  6 0.0334 0.0322 0.0756 0.0197 0.0058 0.1008 0.6923 0.0181 0.0222 
   HI_SS0115  6 0.0590 0.6499 0.0156 0.0353 0.0181 0.1294 0.0100 0.0768 0.0059 
   HI_SS0116  6 0.0069 0.0213 0.0087 0.0051 0.0035 0.0053 0.9317 0.0119 0.0056 
   HI_SS0117  6 0.0056 0.0725 0.4658 0.0055 0.0024 0.0222 0.0500 0.0974 0.2785 
   HI_SS0118  6 0.0075 0.0796 0.0074 0.0133 0.0100 0.0070 0.8534 0.0101 0.0117 
   HI_SS0119  6 0.0135 0.0055 0.8789 0.0080 0.0017 0.0113 0.0146 0.0180 0.0486 
   HI_SS0120  6 0.0284 0.1452 0.2366 0.0456 0.0025 0.0096 0.0086 0.0057 0.5179 
   HI_SS0121  6 0.0478 0.0101 0.0843 0.7538 0.0015 0.0221 0.0136 0.0033 0.0634 
   HI_SS0122  6 0.5950 0.0137 0.1056 0.1586 0.0194 0.0077 0.0190 0.0282 0.0529 
   HI_SS0123  6 0.0156 0.4314 0.0243 0.0069 0.0043 0.0149 0.1542 0.0058 0.3426 
   HI_SS0124  6 0.0273 0.1139 0.0091 0.7819 0.0032 0.0119 0.0047 0.0310 0.0170 
   HI_SS0125  6 0.9189 0.0056 0.0056 0.0077 0.0261 0.0100 0.0035 0.0067 0.0159 
   HI_SS0126  6 0.0142 0.0105 0.0136 0.0099 0.0011 0.0139 0.0143 0.9119 0.0107 
   HI_SS0127  6 0.0086 0.0135 0.0244 0.0540 0.0095 0.8510 0.0089 0.0218 0.0083 
   HI_SS0128  6 0.7486 0.0188 0.0217 0.0066 0.0031 0.1143 0.0183 0.0209 0.0476 
   HI_SS0129  6 0.3054 0.0125 0.0474 0.0236 0.0148 0.0239 0.0220 0.4575 0.0930 
   HI_SS0131  6 0.1796 0.0165 0.0350 0.1363 0.0408 0.0074 0.0048 0.5722 0.0074 
   HI_SS0132  6 0.0440 0.2614 0.0713 0.0130 0.0008 0.0134 0.0196 0.1281 0.4484 
   HI_SS0133  6 0.0036 0.0044 0.0125 0.0035 0.0015 0.0029 0.0156 0.9506 0.0054 
   HI_SS0134  6 0.1061 0.1657 0.0274 0.0141 0.0026 0.0281 0.1292 0.1742 0.3527 
   HI_SS0142  6 0.0083 0.0033 0.0067 0.0071 0.0111 0.9185 0.0076 0.0041 0.0333 
   HI_SS0145  6 0.0123 0.0122 0.0375 0.0120 0.0016 0.8827 0.0099 0.0238 0.0080 
   HI_SS0146  6 0.0220 0.0578 0.0886 0.0083 0.0015 0.0152 0.0788 0.7130 0.0149 
   HI_SS0147  6 0.1193 0.3222 0.0365 0.4229 0.0319 0.0183 0.0081 0.0092 0.0316 
   HI_SS0149  6 0.0076 0.0081 0.3460 0.0149 0.0043 0.0134 0.0049 0.0205 0.5803 
   HI_SS0150  6 0.7277 0.0309 0.0468 0.1001 0.0045 0.0237 0.0208 0.0110 0.0344 
   HI_SS0151  6 0.4849 0.1338 0.0172 0.0209 0.0125 0.0785 0.0451 0.2028 0.0043 
   NS_SS1451  6 0.3279 0.0813 0.0143 0.0412 0.0039 0.0178 0.0035 0.1140 0.3961 
   NS_SS1404  6 0.1204 0.2091 0.0199 0.5032 0.0123 0.0113 0.0135 0.0879 0.0224 
   NS_SS1432  6 0.2890 0.0261 0.0180 0.0201 0.0367 0.0118 0.0107 0.0102 0.5775 
   NS_SS1405  6 0.0706 0.6594 0.0337 0.0259 0.0036 0.0078 0.0359 0.1454 0.0177 
   NS_SS1431  6 0.0194 0.0180 0.0225 0.0111 0.0009 0.0357 0.0051 0.0059 0.8814 
   NS_SS1402  6 0.1157 0.6991 0.0507 0.0171 0.0028 0.0095 0.0798 0.0064 0.0189 
   NS_SS1450  6 0.0357 0.2987 0.0263 0.0055 0.0032 0.3285 0.0102 0.1903 0.1017 
   NS_SS1396  6 0.5501 0.0141 0.3328 0.0160 0.0053 0.0241 0.0215 0.0107 0.0254 
   NS_SS1393  6 0.0075 0.0056 0.0182 0.0063 0.0036 0.0070 0.9421 0.0050 0.0049 
   NS_SS1392  6 0.9083 0.0182 0.0057 0.0078 0.0151 0.0100 0.0075 0.0137 0.0136 
   NS_SS1445  6 0.0070 0.0060 0.0122 0.0168 0.0082 0.9065 0.0302 0.0052 0.0078 
   NS_SS1423  6 0.0530 0.0888 0.5077 0.0183 0.0016 0.0687 0.1185 0.1111 0.0322 
   NS_SS1421  6 0.0087 0.0084 0.8447 0.0046 0.0666 0.0051 0.0050 0.0376 0.0194 
   NS_SS1411  6 0.0270 0.0107 0.0310 0.0095 0.0018 0.0262 0.5676 0.3034 0.0228 
   NS_SS1453  6 0.0112 0.0096 0.8825 0.0234 0.0047 0.0094 0.0308 0.0069 0.0214 
   NS_SS1442  6 0.0604 0.0469 0.0403 0.1472 0.0054 0.4647 0.0973 0.0425 0.0955 
   NS_SS1422  6 0.0156 0.8641 0.0395 0.0138 0.0103 0.0074 0.0238 0.0190 0.0065 
   NS_SS1419  6 0.0042 0.0155 0.0090 0.8390 0.1081 0.0072 0.0080 0.0045 0.0045 
   NS_SS1427  6 0.0680 0.0094 0.0072 0.0134 0.0020 0.0370 0.0662 0.7822 0.0145 
   NS_SS1444  6 0.0094 0.0079 0.0183 0.9121 0.0047 0.0252 0.0077 0.0063 0.0082 
   NS_SS1455  6 0.0068 0.6194 0.0104 0.0216 0.0014 0.0127 0.0739 0.0095 0.2443 
   NS_SS1425  6 0.0156 0.0107 0.6016 0.0039 0.0016 0.0142 0.0305 0.3172 0.0048 
   NS_SS1400  6 0.0087 0.0241 0.0085 0.0342 0.0018 0.0262 0.4040 0.4771 0.0154 
   NS_SS1406  6 0.0277 0.6149 0.0746 0.0930 0.0109 0.0560 0.0090 0.0052 0.1087 
   NS_SS1417  6 0.0549 0.0265 0.3135 0.3907 0.0073 0.0121 0.1411 0.0264 0.0275 
   NS_SS1454  6 0.0299 0.0064 0.0085 0.0262 0.0015 0.0115 0.0352 0.0302 0.8505 
   NS_SS1412  6 0.0566 0.1862 0.0168 0.1160 0.0273 0.0966 0.0390 0.2764 0.1850 
   NS_SS1438  6 0.0101 0.0107 0.0159 0.1732 0.0016 0.0111 0.7477 0.0184 0.0114 
   NS_SS1416  6 0.0213 0.3488 0.0217 0.0311 0.0062 0.0146 0.1548 0.0040 0.3976 
   NS_SS1401  6 0.2796 0.0813 0.3735 0.0699 0.0155 0.0097 0.0071 0.0296 0.1338 
   NS_SS1424  6 0.0415 0.0705 0.0484 0.0180 0.0160 0.0896 0.1736 0.2913 0.2510 
   NS_SS1435  6 0.0452 0.0061 0.0136 0.0048 0.0026 0.1049 0.0069 0.7927 0.0230 
   NS_SS1447  6 0.0258 0.0752 0.0747 0.3850 0.0082 0.3600 0.0121 0.0139 0.0450 
   NS_SS1414  6 0.0120 0.1419 0.0137 0.7477 0.0064 0.0327 0.0111 0.0104 0.0240 
   NS_SS1449  6 0.0568 0.1603 0.5093 0.0102 0.0048 0.0085 0.0064 0.0122 0.2314 
   NS_SS1443  6 0.0162 0.0871 0.0247 0.0042 0.0021 0.5010 0.0447 0.2908 0.0292 
   NS_SS1434  6 0.1081 0.0316 0.0090 0.0070 0.0008 0.0089 0.0283 0.7904 0.0160 
   NS_SS1398  6 0.0464 0.2475 0.5064 0.0138 0.0213 0.0224 0.0172 0.0728 0.0521 
   NS_SS1426  6 0.0080 0.0122 0.0126 0.0122 0.0024 0.7772 0.1291 0.0328 0.0135 
   NS_SS1413  6 0.0053 0.0068 0.0187 0.0050 0.0122 0.0082 0.0045 0.9353 0.0041 
   NS_SS1395  6 0.0162 0.0102 0.0196 0.0049 0.0093 0.8499 0.0423 0.0056 0.0420 
   NS_SS1448  6 0.0187 0.0049 0.0057 0.0111 0.0019 0.0088 0.0038 0.9349 0.0101 
   NS_SS1446  6 0.1061 0.0155 0.0102 0.5623 0.0032 0.0144 0.1710 0.0617 0.0555 
   NS_SS1403  6 0.0727 0.0092 0.0063 0.0365 0.0052 0.0110 0.8414 0.0028 0.0150 
   NS_SS1415  6 0.0074 0.0169 0.0072 0.0067 0.0076 0.0186 0.0118 0.9169 0.0069 
   NS_SS1437  6 0.0180 0.1564 0.1720 0.1866 0.0077 0.0641 0.0465 0.0157 0.3330 
   NS_SS1439  6 0.0079 0.0189 0.0100 0.0286 0.0033 0.7895 0.0574 0.0050 0.0794 
   NS_SS1441  6 0.1502 0.0211 0.1557 0.0122 0.0026 0.2873 0.0225 0.1392 0.2093 
   NS_SS1420  6 0.0154 0.0126 0.0076 0.9238 0.0022 0.0132 0.0055 0.0103 0.0095 
   NS_SS1394  6 0.1687 0.0096 0.1088 0.0661 0.0401 0.5533 0.0099 0.0068 0.0367 
   NS_SS1391  6 0.0403 0.0400 0.0476 0.0168 0.0116 0.7454 0.0223 0.0427 0.0333 
   NS_SS1410  6 0.1924 0.0575 0.2529 0.0535 0.0168 0.0062 0.3408 0.0224 0.0575 
   NS_SS1408  6 0.0993 0.0180 0.3791 0.0049 0.0479 0.0263 0.0221 0.0266 0.3758 
   NS_SS1409  6 0.6399 0.0091 0.0089 0.0933 0.0027 0.0343 0.1036 0.0167 0.0916 
   HI_SS0617  7 0.0411 0.8822 0.0060 0.0131 0.0013 0.0045 0.0283 0.0107 0.0126 
   HI_SS0618  7 0.8990 0.0115 0.0222 0.0123 0.0020 0.0081 0.0242 0.0064 0.0143 
   HI_SS0619  7 0.0233 0.0101 0.0132 0.4697 0.0047 0.0208 0.0283 0.2237 0.2063 
   HI_SS0620  7 0.0049 0.0089 0.0192 0.0104 0.0029 0.0159 0.0096 0.9235 0.0047 
   HI_SS0621  7 0.0562 0.0254 0.0457 0.8157 0.0113 0.0162 0.0065 0.0126 0.0104 
   HI_SS0622  7 0.0070 0.0573 0.0408 0.1993 0.0127 0.5631 0.0068 0.1052 0.0078 
   HI_SS0626  7 0.1841 0.0072 0.0113 0.6978 0.0054 0.0283 0.0157 0.0210 0.0293 
   HI_SS0627  7 0.1324 0.0273 0.0302 0.0129 0.0074 0.0113 0.0309 0.0097 0.7380 
   HI_SS0628  7 0.1283 0.0211 0.2010 0.0199 0.0666 0.0069 0.1319 0.1197 0.3047 
   HI_SS0629  7 0.2185 0.0051 0.4000 0.1550 0.0053 0.0349 0.1471 0.0112 0.0229 
   HI_SS0630  7 0.0539 0.0110 0.0196 0.0295 0.0736 0.0073 0.0724 0.7138 0.0188 
   HI_SS0631  7 0.0154 0.0131 0.7049 0.0284 0.0009 0.0655 0.0211 0.1415 0.0092 
   HI_SS0632  7 0.0524 0.2194 0.2003 0.0556 0.0033 0.0921 0.0087 0.2303 0.1379 
   HI_SS0633  7 0.6661 0.1796 0.0067 0.0744 0.0048 0.0272 0.0232 0.0056 0.0124 
   HI_SS0634  7 0.2711 0.0848 0.0097 0.0089 0.0025 0.0042 0.0155 0.1334 0.4699 
   HI_SS0635  7 0.3395 0.0901 0.0123 0.3995 0.0078 0.0801 0.0353 0.0097 0.0258 
   HI_SS0637  7 0.2593 0.0605 0.3353 0.1918 0.0035 0.0684 0.0538 0.0052 0.0222 
   HI_SS0638  7 0.0375 0.0186 0.0180 0.0210 0.0016 0.1109 0.0072 0.7562 0.0289 
   HI_SS0639  7 0.4006 0.2189 0.0253 0.0131 0.0463 0.1221 0.0181 0.0102 0.1454 
   HI_SS0640  7 0.0075 0.0083 0.0060 0.0067 0.0021 0.9240 0.0336 0.0074 0.0043 
   HI_SS0641  7 0.0286 0.0086 0.0204 0.8109 0.0052 0.0148 0.0487 0.0555 0.0072 
   HI_SS0642  7 0.1065 0.0079 0.0403 0.0047 0.0019 0.0917 0.0119 0.0054 0.7297 
   HI_SS0645  7 0.0740 0.7981 0.0158 0.0580 0.0009 0.0039 0.0122 0.0206 0.0164 
   HI_SS0646  7 0.0135 0.0336 0.0145 0.0091 0.0023 0.8773 0.0192 0.0098 0.0207 
   HI_SS0647  7 0.0318 0.0395 0.0604 0.2177 0.0013 0.0135 0.0277 0.4788 0.1292 
   HI_SS0648  7 0.0586 0.0448 0.6432 0.0145 0.0028 0.0832 0.0086 0.0307 0.1136 
   HI_SS0649  7 0.0334 0.0119 0.2296 0.0781 0.0025 0.0167 0.5920 0.0078 0.0278 
   HI_SS0650  7 0.4877 0.0576 0.0655 0.0106 0.0045 0.0317 0.0220 0.0189 0.3014 
   HI_SS0651  7 0.0115 0.4108 0.2308 0.0328 0.0051 0.2564 0.0187 0.0069 0.0270 
   HI_SS0652  7 0.0801 0.3177 0.0118 0.1024 0.0040 0.0511 0.0078 0.0458 0.3793 
   NS_SS1371  7 0.2640 0.0069 0.4114 0.0204 0.0059 0.0508 0.2177 0.0087 0.0143 
   NS_SS1374  7 0.2985 0.0204 0.0582 0.0194 0.0028 0.0290 0.0968 0.1520 0.3230 
   NS_SS1337  7 0.2960 0.0195 0.0171 0.0147 0.0032 0.0052 0.0143 0.0177 0.6124 
   NS_SS1385  7 0.0227 0.3130 0.0179 0.0169 0.0063 0.0513 0.3657 0.0136 0.1924 
   NS_SS1388  7 0.1205 0.0067 0.0172 0.6900 0.0067 0.0380 0.0845 0.0123 0.0239 
   NS_SS1370  7 0.4237 0.0672 0.2288 0.2174 0.0092 0.0087 0.0096 0.0202 0.0151 
   NS_SS1389  7 0.0161 0.0144 0.0080 0.8905 0.0035 0.0104 0.0191 0.0197 0.0184 
   NS_SS1360  7 0.0276 0.0256 0.0617 0.0177 0.0043 0.7153 0.0367 0.0930 0.0182 
   NS_SS1330  7 0.5765 0.1067 0.0073 0.0240 0.0035 0.1689 0.0290 0.0083 0.0758 
   NS_SS1328  7 0.0288 0.0130 0.0064 0.0041 0.0021 0.0141 0.0073 0.8967 0.0274 
   NS_SS1384  7 0.0062 0.0060 0.0344 0.0079 0.0026 0.9079 0.0173 0.0072 0.0105 
   NS_SS1381  7 0.5980 0.1927 0.0197 0.0524 0.0012 0.0124 0.0788 0.0066 0.0381 
   NS_SS1375  7 0.8703 0.0079 0.0041 0.0062 0.0013 0.0584 0.0037 0.0186 0.0295 
   NS_SS1319  7 0.6605 0.0080 0.0591 0.0509 0.0979 0.0447 0.0085 0.0125 0.0580 
   NS_SS1326  7 0.0180 0.0086 0.0125 0.0131 0.0132 0.0074 0.0149 0.8868 0.0253 
   NS_SS1341  7 0.0076 0.0076 0.0170 0.0078 0.0041 0.0484 0.0924 0.0071 0.8082 
   NS_SS1383  7 0.6463 0.0057 0.1155 0.0049 0.0036 0.0331 0.0373 0.0136 0.1400 
   NS_SS1318  7 0.0177 0.0329 0.0300 0.7664 0.0119 0.0422 0.0234 0.0595 0.0159 
   NS_SS1348  7 0.0094 0.0044 0.0138 0.0093 0.0019 0.0240 0.8541 0.0769 0.0062 
   NS_SS1363  7 0.1009 0.0089 0.0334 0.7502 0.0039 0.0131 0.0056 0.0747 0.0093 
   NS_SS1335  7 0.0200 0.0064 0.7209 0.0203 0.0240 0.0334 0.1243 0.0368 0.0138 
   NS_SS1358  7 0.0227 0.2836 0.2792 0.0061 0.0171 0.0717 0.1556 0.0262 0.1379 
   NS_SS1342  7 0.0113 0.1144 0.0199 0.0137 0.0017 0.0144 0.7855 0.0089 0.0303 
   NS_SS1320  7 0.0307 0.7903 0.0148 0.0661 0.0065 0.0054 0.0029 0.0130 0.0702 
   NS_SS1355  7 0.0111 0.0473 0.0145 0.5257 0.0144 0.3453 0.0265 0.0053 0.0099 
   NS_SS1345  7 0.0042 0.9213 0.0049 0.0204 0.0112 0.0160 0.0068 0.0119 0.0034 
   NS_SS1324  7 0.4586 0.0158 0.2658 0.0552 0.0031 0.0428 0.0183 0.1333 0.0071 
   NS_SS1347  7 0.0181 0.0272 0.6502 0.0071 0.0040 0.2488 0.0167 0.0078 0.0201 
   NS_SS1321  7 0.1562 0.0050 0.1794 0.0156 0.0012 0.0377 0.0330 0.0659 0.5060 
   NS_SS1333  7 0.8080 0.0044 0.0462 0.0174 0.0031 0.0112 0.0119 0.0742 0.0237 
   NS_SS1364  7 0.0059 0.0763 0.5800 0.0426 0.0019 0.1178 0.1395 0.0243 0.0117 
   NS_SS1379  7 0.0089 0.7745 0.0911 0.0064 0.0510 0.0198 0.0113 0.0080 0.0290 
   NS_SS1332  7 0.0112 0.0039 0.0188 0.0111 0.0075 0.0853 0.0525 0.7938 0.0158 
   NS_SS1338  7 0.0190 0.0572 0.8317 0.0092 0.0073 0.0201 0.0286 0.0068 0.0200 
   NS_SS1368  7 0.0218 0.0559 0.0306 0.0171 0.0060 0.0150 0.1555 0.4444 0.2538 
   NS_SS1354  7 0.0754 0.2452 0.1440 0.1252 0.0159 0.0721 0.0512 0.0158 0.2551 
   NS_SS1365  7 0.0907 0.0584 0.0173 0.1601 0.0098 0.0519 0.0125 0.5832 0.0160 
   NS_SS1380  7 0.0052 0.0056 0.0057 0.9497 0.0100 0.0107 0.0025 0.0038 0.0068 
   NS_SS1329  7 0.0060 0.0077 0.7430 0.0179 0.0036 0.0122 0.0970 0.0121 0.1005 
   NS_SS1362  7 0.0159 0.1808 0.0365 0.0304 0.0043 0.5984 0.1075 0.0117 0.0146 
   NS_SS1327  7 0.0036 0.0022 0.0070 0.0047 0.0043 0.0118 0.9331 0.0293 0.0040 
   NS_SS1350  7 0.9007 0.0151 0.0046 0.0059 0.0064 0.0215 0.0101 0.0246 0.0111 
   NS_SS1387  7 0.2055 0.0385 0.0811 0.0502 0.0034 0.4440 0.1009 0.0139 0.0626 
   NS_SS1369  7 0.0110 0.5815 0.0231 0.0092 0.0043 0.0059 0.0158 0.3356 0.0138 
