

----------------------------------------------------
STRUCTURE by Pritchard, Stephens and Donnelly (2000)
     and Falush, Stephens and Pritchard (2003)
       Code by Pritchard, Falush and Hubisz
             Version 2.3.4 (Jul 2012)
----------------------------------------------------



Command line arguments:   /home/genobiwan/Documents/Programs/Structure/structure -m parameter_job_k9_r10 
Input File:    /media/genobiwan/Storage/Projets/Mackerel_NWA_2021/data_job_k9_r10

Run parameters:
   629 individuals
   4140 loci
   9 populations assumed
   100000 Burn-in period
   200000 Reps


--------------------------------------------
Proportion of membership of each pre-defined
 population in each of the 9 clusters

Given    Inferred Clusters                                                 Number of
 Pop       1      2      3      4      5      6      7      8      9      Individuals

  1:     0.167  0.013  0.109  0.105  0.114  0.134  0.114  0.099  0.145       67
  2:     0.147  0.010  0.066  0.063  0.072  0.226  0.064  0.188  0.164       32
  3:     0.120  0.014  0.067  0.106  0.192  0.118  0.124  0.178  0.082       92
  4:     0.123  0.017  0.178  0.055  0.121  0.138  0.188  0.134  0.047       36
  5:     0.087  0.020  0.139  0.094  0.117  0.146  0.104  0.221  0.072       41
  6:     0.142  0.014  0.160  0.104  0.121  0.124  0.113  0.118  0.105      158
  7:     0.124  0.010  0.141  0.099  0.123  0.132  0.126  0.118  0.128       79
  8:     0.093  0.015  0.152  0.133  0.099  0.130  0.094  0.166  0.118       52
  9:     0.005  0.962  0.004  0.004  0.005  0.006  0.005  0.005  0.004       36
 10:     0.004  0.966  0.004  0.004  0.005  0.005  0.004  0.004  0.004       36
--------------------------------------------

Allele-freq. divergence among pops (Net nucleotide distance),
computed using point estimates of P.

      1       2       3       4       5       6       7       8       9      
 1      -    0.0051  0.0005  0.0004  0.0003  0.0003  0.0003  0.0004  0.0004  
 2   0.0051     -    0.0054  0.0053  0.0050  0.0051  0.0051  0.0052  0.0052  
 3   0.0005  0.0054     -    0.0006  0.0005  0.0005  0.0005  0.0006  0.0006  
 4   0.0004  0.0053  0.0006     -    0.0004  0.0004  0.0005  0.0005  0.0005  
 5   0.0003  0.0050  0.0005  0.0004     -    0.0003  0.0003  0.0004  0.0004  
 6   0.0003  0.0051  0.0005  0.0004  0.0003     -    0.0003  0.0004  0.0004  
 7   0.0003  0.0051  0.0005  0.0005  0.0003  0.0003     -    0.0004  0.0004  
 8   0.0004  0.0052  0.0006  0.0005  0.0004  0.0004  0.0004     -    0.0005  
 9   0.0004  0.0052  0.0006  0.0005  0.0004  0.0004  0.0004  0.0005     -    

Average distances (expected heterozygosity) between individuals in same cluster:
cluster  1  : 0.3190 
cluster  2  : 0.3052 
cluster  3  : 0.3177 
cluster  4  : 0.3175 
cluster  5  : 0.3185 
cluster  6  : 0.3189 
cluster  7  : 0.3180 
cluster  8  : 0.3180 
cluster  9  : 0.3180 

--------------------------------------------
Estimated Ln Prob of Data   = -2474217.1
Mean value of ln likelihood = -2462029.5
Variance of ln likelihood   = 24375.1
Mean value of alpha         = 0.0463

Mean value of Fst_1         = 0.0044
Mean value of Fst_2         = 0.0397
Mean value of Fst_3         = 0.0067
Mean value of Fst_4         = 0.0073
Mean value of Fst_5         = 0.0044
Mean value of Fst_6         = 0.0046
Mean value of Fst_7         = 0.0052
Mean value of Fst_8         = 0.0053
Mean value of Fst_9         = 0.0064


Inferred ancestry of individuals:
        Label (%Miss) Pop:  Inferred clusters
  1 NS_SS0963    (4)    1 :  0.247 0.006 0.025 0.020 0.010 0.054 0.310 0.322 0.007 
  2 NS_SS0983    (1)    1 :  0.009 0.003 0.006 0.932 0.023 0.016 0.004 0.003 0.003 
  3 NS_SS0719    (9)    1 :  0.305 0.007 0.029 0.015 0.044 0.240 0.304 0.015 0.041 
  4 NS_SS1001    (8)    1 :  0.030 0.009 0.536 0.015 0.080 0.082 0.022 0.019 0.206 
  5 NS_SS0936    (4)    1 :  0.033 0.003 0.019 0.029 0.062 0.163 0.067 0.096 0.529 
  6 NS_SS0955    (6)    1 :  0.012 0.004 0.399 0.122 0.299 0.046 0.023 0.081 0.014 
  7 NS_SS0944    (3)    1 :  0.100 0.002 0.530 0.026 0.019 0.009 0.246 0.056 0.011 
  8 NS_SS0945    (3)    1 :  0.009 0.010 0.149 0.050 0.015 0.011 0.014 0.029 0.711 
  9 NS_SS0922    (2)    1 :  0.457 0.033 0.010 0.008 0.153 0.040 0.213 0.051 0.035 
 10 NS_SS0929    (7)    1 :  0.711 0.003 0.021 0.046 0.045 0.085 0.018 0.043 0.027 
 11 NS_SS0956    (1)    1 :  0.138 0.004 0.043 0.006 0.242 0.042 0.457 0.017 0.050 
 12 NS_SS0906    (3)    1 :  0.500 0.004 0.019 0.105 0.070 0.043 0.019 0.213 0.026 
 13 NS_SS0721    (6)    1 :  0.036 0.006 0.010 0.162 0.534 0.032 0.179 0.007 0.034 
 14 NS_SS0982    (4)    1 :  0.854 0.018 0.008 0.028 0.006 0.015 0.019 0.025 0.027 
 15 NS_SS0923    (6)    1 :  0.760 0.005 0.010 0.015 0.024 0.056 0.067 0.048 0.015 
 16 NS_SS0905    (6)    1 :  0.680 0.002 0.006 0.166 0.024 0.036 0.026 0.010 0.050 
 17 NS_SS0925    (3)    1 :  0.004 0.004 0.005 0.014 0.015 0.925 0.007 0.016 0.009 
 18 NS_SS0947    (6)    1 :  0.019 0.005 0.017 0.009 0.101 0.034 0.022 0.772 0.022 
 19 NS_SS0926    (2)    1 :  0.096 0.001 0.738 0.009 0.022 0.012 0.046 0.007 0.068 
 20 NS_SS0918    (6)    1 :  0.025 0.003 0.023 0.604 0.024 0.041 0.039 0.054 0.186 
 21 NS_SS0966    (4)    1 :  0.033 0.058 0.036 0.011 0.011 0.032 0.013 0.789 0.018 
 22 NS_SS0938    (2)    1 :  0.006 0.002 0.025 0.017 0.038 0.479 0.255 0.020 0.159 
 23 NS_SS0917    (2)    1 :  0.051 0.035 0.009 0.038 0.678 0.080 0.015 0.006 0.088 
 24 NS_SS0957   (11)    1 :  0.019 0.007 0.005 0.007 0.008 0.007 0.019 0.012 0.917 
 25 NS_SS0987    (1)    1 :  0.102 0.240 0.015 0.040 0.176 0.035 0.265 0.074 0.052 
 26 NS_SS0717    (4)    1 :  0.016 0.004 0.019 0.012 0.423 0.014 0.020 0.221 0.271 
 27 NS_SS0986    (2)    1 :  0.015 0.004 0.021 0.005 0.859 0.006 0.045 0.026 0.020 
 28 NS_SS0953    (3)    1 :  0.013 0.018 0.013 0.018 0.017 0.007 0.005 0.894 0.016 
 29 NS_SS0907    (3)    1 :  0.026 0.047 0.010 0.075 0.568 0.036 0.034 0.185 0.019 
 30 NS_SS0974    (6)    1 :  0.012 0.004 0.028 0.639 0.017 0.207 0.021 0.039 0.034 
 31 NS_SS0989    (1)    1 :  0.016 0.001 0.070 0.061 0.030 0.774 0.019 0.023 0.007 
 32 NS_SS0991    (3)    1 :  0.057 0.002 0.187 0.649 0.027 0.008 0.023 0.037 0.009 
 33 NS_SS0994    (2)    1 :  0.016 0.002 0.626 0.188 0.091 0.040 0.008 0.011 0.017 
 34 NS_SS0931    (6)    1 :  0.027 0.015 0.887 0.010 0.015 0.006 0.016 0.006 0.019 
 35 NS_SS1000    (5)    1 :  0.034 0.005 0.036 0.004 0.042 0.021 0.015 0.817 0.027 
 36 NS_SS0919    (1)    1 :  0.878 0.003 0.016 0.006 0.016 0.011 0.035 0.010 0.024 
 37 NS_SS0949    (4)    1 :  0.009 0.001 0.866 0.034 0.016 0.041 0.008 0.014 0.011 
 38 NS_SS0960   (10)    1 :  0.785 0.006 0.022 0.052 0.031 0.042 0.031 0.013 0.018 
 39 NS_SS0716    (2)    1 :  0.005 0.008 0.006 0.006 0.020 0.006 0.022 0.008 0.918 
 40 NS_SS0924    (8)    1 :  0.021 0.017 0.020 0.007 0.241 0.661 0.016 0.011 0.006 
 41 NS_SS0935    (2)    1 :  0.425 0.010 0.364 0.025 0.015 0.083 0.037 0.011 0.029 
 42 NS_SS0952   (14)    1 :  0.691 0.031 0.095 0.059 0.008 0.016 0.013 0.072 0.015 
 43 NS_SS0962   (11)    1 :  0.010 0.006 0.008 0.015 0.014 0.005 0.891 0.014 0.038 
 44 NS_SS0973    (5)    1 :  0.103 0.004 0.009 0.562 0.018 0.229 0.018 0.047 0.010 
 45 NS_SS0722    (1)    1 :  0.017 0.002 0.008 0.011 0.015 0.016 0.006 0.031 0.894 
 46 NS_SS0979   (13)    1 :  0.029 0.002 0.005 0.040 0.015 0.008 0.236 0.024 0.640 
 47 NS_SS0993    (2)    1 :  0.022 0.026 0.010 0.196 0.026 0.470 0.031 0.146 0.073 
 48 NS_SS0958    (1)    1 :  0.078 0.004 0.698 0.029 0.039 0.024 0.009 0.037 0.082 
 49 NS_SS0988    (4)    1 :  0.082 0.005 0.076 0.119 0.046 0.051 0.063 0.225 0.333 
 50 NS_SS1003    (2)    1 :  0.012 0.007 0.010 0.004 0.004 0.008 0.930 0.020 0.005 
 51 NS_SS0976    (1)    1 :  0.051 0.002 0.033 0.035 0.013 0.346 0.447 0.065 0.008 
 52 NS_SS0964   (10)    1 :  0.014 0.003 0.023 0.011 0.064 0.116 0.040 0.470 0.259 
 53 NS_SS0939    (4)    1 :  0.004 0.004 0.005 0.006 0.007 0.019 0.020 0.005 0.930 
 54 NS_SS0990    (6)    1 :  0.148 0.004 0.032 0.205 0.266 0.010 0.137 0.027 0.170 
 55 NS_SS0984    (2)    1 :  0.076 0.002 0.008 0.007 0.036 0.059 0.031 0.010 0.771 
 56 NS_SS0980   (10)    1 :  0.930 0.003 0.005 0.010 0.006 0.009 0.010 0.018 0.008 
 57 NS_SS0978    (4)    1 :  0.938 0.003 0.006 0.005 0.005 0.010 0.011 0.008 0.015 
 58 NS_SS0951   (18)    1 :  0.046 0.003 0.041 0.607 0.193 0.034 0.027 0.032 0.017 
 59 NS_SS0913    (3)    1 :  0.015 0.041 0.013 0.027 0.732 0.044 0.088 0.022 0.019 
 60 NS_SS1002    (1)    1 :  0.019 0.034 0.005 0.010 0.013 0.028 0.504 0.077 0.309 
 61 NS_SS0948    (1)    1 :  0.048 0.062 0.016 0.476 0.093 0.021 0.022 0.051 0.211 
 62 NS_SS0916    (4)    1 :  0.007 0.003 0.007 0.007 0.007 0.936 0.023 0.005 0.005 
 63 NS_SS0995    (1)    1 :  0.040 0.003 0.005 0.144 0.130 0.617 0.045 0.009 0.008 
 64 NS_SS0927    (6)    1 :  0.102 0.005 0.031 0.047 0.133 0.565 0.038 0.021 0.059 
 65 NS_SS0992    (5)    1 :  0.048 0.003 0.012 0.029 0.059 0.722 0.058 0.058 0.012 
 66 NS_SS0912    (1)    1 :  0.036 0.003 0.255 0.077 0.520 0.008 0.079 0.009 0.013 
 67 NS_SS0981    (1)    1 :  0.034 0.004 0.010 0.018 0.016 0.019 0.849 0.016 0.036 
 68 NS_SS0729    (5)    2 :  0.012 0.003 0.052 0.082 0.024 0.744 0.005 0.071 0.007 
 69 NS_SS0967   (15)    2 :  0.408 0.014 0.027 0.028 0.062 0.032 0.028 0.252 0.148 
 70 NS_SS0941    (8)    2 :  0.168 0.084 0.022 0.009 0.031 0.583 0.009 0.014 0.079 
 71 NS_SS0768   (12)    2 :  0.025 0.005 0.043 0.016 0.210 0.020 0.121 0.528 0.032 
 72 NS_SS0726    (5)    2 :  0.008 0.007 0.017 0.033 0.005 0.904 0.006 0.012 0.007 
 73 NS_SS0763    (4)    2 :  0.185 0.003 0.096 0.043 0.156 0.239 0.023 0.195 0.061 
 74 NS_SS0730    (6)    2 :  0.033 0.003 0.032 0.008 0.118 0.043 0.286 0.338 0.138 
 75 NS_SS0774    (2)    2 :  0.015 0.001 0.005 0.015 0.011 0.007 0.007 0.091 0.848 
 76 NS_SS0723    (3)    2 :  0.505 0.002 0.006 0.037 0.035 0.023 0.228 0.065 0.100 
 77 NS_SS0940   (10)    2 :  0.019 0.006 0.045 0.032 0.063 0.560 0.031 0.005 0.238 
 78 NS_SS0762    (1)    2 :  0.638 0.003 0.011 0.009 0.012 0.025 0.053 0.177 0.071 
 79 NS_SS0766   (11)    2 :  0.097 0.015 0.052 0.012 0.278 0.334 0.025 0.007 0.180 
 80 NS_SS0724    (1)    2 :  0.056 0.005 0.025 0.019 0.010 0.038 0.078 0.746 0.023 
 81 NS_SS0769    (3)    2 :  0.027 0.004 0.024 0.017 0.050 0.053 0.158 0.606 0.061 
 82 NS_SS0777    (1)    2 :  0.238 0.014 0.086 0.188 0.016 0.009 0.012 0.008 0.429 
 83 NS_SS0734    (6)    2 :  0.053 0.027 0.294 0.023 0.380 0.045 0.102 0.009 0.067 
 84 NS_SS0737    (3)    2 :  0.022 0.006 0.007 0.007 0.008 0.830 0.017 0.084 0.019 
 85 NS_SS0732    (5)    2 :  0.040 0.007 0.006 0.659 0.026 0.149 0.075 0.015 0.024 
 86 NS_SS0728    (5)    2 :  0.211 0.013 0.020 0.017 0.221 0.327 0.050 0.079 0.063 
 87 NS_SS0735    (9)    2 :  0.032 0.010 0.015 0.169 0.101 0.304 0.011 0.342 0.017 
 88 NS_SS0725    (1)    2 :  0.009 0.009 0.037 0.024 0.011 0.017 0.097 0.767 0.028 
 89 NS_SS0788    (2)    2 :  0.274 0.002 0.012 0.028 0.083 0.126 0.157 0.261 0.057 
 90 NS_SS0778    (2)    2 :  0.817 0.001 0.015 0.045 0.015 0.010 0.046 0.016 0.034 
 91 NS_SS0792    (6)    2 :  0.425 0.005 0.018 0.098 0.032 0.348 0.055 0.011 0.008 
 92 NS_SS0943   (11)    2 :  0.017 0.009 0.778 0.011 0.021 0.010 0.011 0.139 0.004 
 93 NS_SS0791    (2)    2 :  0.008 0.010 0.019 0.009 0.031 0.769 0.142 0.004 0.007 
 94 NS_SS0790    (5)    2 :  0.009 0.003 0.003 0.007 0.056 0.007 0.017 0.883 0.016 
 95 NS_SS0731    (6)    2 :  0.024 0.017 0.018 0.018 0.118 0.008 0.032 0.098 0.667 
 96 NS_SS0727    (7)    2 :  0.007 0.002 0.267 0.018 0.058 0.573 0.004 0.011 0.060 
 97 NS_SS0779   (13)    2 :  0.267 0.007 0.014 0.241 0.030 0.063 0.016 0.014 0.347 
 98 NS_SS0776    (3)    2 :  0.038 0.007 0.045 0.097 0.011 0.029 0.141 0.164 0.469 
 99 NS_SS0775    (5)    2 :  0.009 0.006 0.005 0.004 0.012 0.009 0.011 0.008 0.935 
100 NS_SS0965    (3)    3 :  0.632 0.002 0.020 0.005 0.054 0.014 0.223 0.036 0.015 
101 NS_SS0754   (14)    3 :  0.086 0.011 0.073 0.014 0.050 0.712 0.014 0.011 0.028 
102 NS_SS0838    (5)    3 :  0.011 0.052 0.018 0.241 0.154 0.370 0.039 0.070 0.044 
103 NS_SS0839    (3)    3 :  0.008 0.004 0.009 0.009 0.011 0.295 0.078 0.526 0.060 
104 NS_SS0832    (4)    3 :  0.195 0.054 0.006 0.016 0.086 0.020 0.124 0.043 0.456 
105 NS_SS0820    (5)    3 :  0.009 0.005 0.004 0.005 0.021 0.010 0.915 0.018 0.014 
106 NS_SS0886    (9)    3 :  0.015 0.002 0.022 0.040 0.657 0.143 0.061 0.027 0.032 
107 NS_SS0748    (5)    3 :  0.024 0.010 0.045 0.061 0.024 0.014 0.015 0.062 0.745 
108 NS_SS0884    (9)    3 :  0.310 0.026 0.037 0.024 0.010 0.330 0.028 0.082 0.153 
109 NS_SS0752    (4)    3 :  0.039 0.002 0.018 0.150 0.017 0.670 0.031 0.035 0.038 
110 NS_SS0862    (1)    3 :  0.019 0.007 0.007 0.037 0.074 0.090 0.520 0.238 0.009 
111 NS_SS0787    (9)    3 :  0.064 0.007 0.846 0.009 0.007 0.005 0.046 0.008 0.007 
112 NS_SS0843    (6)    3 :  0.083 0.002 0.014 0.048 0.027 0.051 0.095 0.669 0.011 
113 NS_SS0856    (4)    3 :  0.008 0.003 0.011 0.020 0.753 0.064 0.054 0.050 0.037 
114 NS_SS0846    (2)    3 :  0.045 0.003 0.023 0.052 0.026 0.017 0.023 0.750 0.061 
115 NS_SS0825    (1)    3 :  0.040 0.013 0.017 0.077 0.056 0.048 0.699 0.031 0.019 
116 NS_SS0757    (3)    3 :  0.205 0.006 0.021 0.586 0.066 0.029 0.013 0.018 0.056 
117 NS_SS0876    (3)    3 :  0.007 0.203 0.007 0.005 0.710 0.009 0.008 0.042 0.010 
118 NS_SS0903   (10)    3 :  0.016 0.003 0.006 0.043 0.021 0.188 0.010 0.694 0.019 
119 NS_SS0875    (7)    3 :  0.029 0.003 0.015 0.021 0.839 0.008 0.025 0.022 0.037 
120 NS_SS0740    (5)    3 :  0.193 0.004 0.020 0.470 0.017 0.160 0.027 0.064 0.045 
121 NS_SS0811    (5)    3 :  0.012 0.010 0.017 0.024 0.345 0.012 0.135 0.041 0.404 
122 NS_SS0751    (1)    3 :  0.025 0.003 0.041 0.077 0.013 0.117 0.559 0.020 0.146 
123 NS_SS0891    (6)    3 :  0.012 0.006 0.008 0.011 0.500 0.013 0.017 0.417 0.017 
124 NS_SS0867    (2)    3 :  0.857 0.022 0.042 0.013 0.016 0.013 0.011 0.018 0.009 
125 NS_SS0890    (6)    3 :  0.148 0.004 0.027 0.044 0.118 0.461 0.012 0.024 0.163 
126 NS_SS0866   (12)    3 :  0.022 0.006 0.091 0.804 0.017 0.011 0.019 0.006 0.024 
127 NS_SS0755    (4)    3 :  0.040 0.009 0.047 0.034 0.163 0.022 0.376 0.088 0.222 
128 NS_SS0758    (4)    3 :  0.014 0.002 0.012 0.039 0.630 0.227 0.012 0.046 0.017 
129 NS_SS0840    (2)    3 :  0.011 0.003 0.006 0.010 0.084 0.020 0.110 0.744 0.012 
130 NS_SS0889    (4)    3 :  0.009 0.002 0.520 0.065 0.339 0.013 0.027 0.020 0.006 
131 NS_SS1010    (1)    3 :  0.141 0.053 0.015 0.008 0.028 0.024 0.289 0.430 0.012 
132 NS_SS0888    (5)    3 :  0.153 0.002 0.299 0.019 0.047 0.437 0.017 0.007 0.019 
133 NS_SS0837    (3)    3 :  0.232 0.002 0.028 0.025 0.167 0.016 0.331 0.139 0.060 
134 NS_SS0794   (10)    3 :  0.124 0.002 0.383 0.031 0.352 0.041 0.011 0.007 0.049 
135 NS_SS0823    (5)    3 :  0.025 0.006 0.009 0.152 0.442 0.167 0.039 0.145 0.016 
136 NS_SS0829    (7)    3 :  0.013 0.089 0.010 0.839 0.022 0.007 0.005 0.008 0.007 
137 NS_SS0844    (5)    3 :  0.009 0.002 0.005 0.007 0.010 0.014 0.010 0.939 0.005 
138 NS_SS1008    (6)    3 :  0.012 0.012 0.409 0.096 0.196 0.088 0.014 0.043 0.130 
139 NS_SS0881    (3)    3 :  0.163 0.003 0.082 0.010 0.056 0.017 0.565 0.028 0.076 
140 NS_SS0834    (6)    3 :  0.011 0.006 0.010 0.004 0.012 0.035 0.043 0.870 0.010 
141 NS_SS0744   (10)    3 :  0.037 0.007 0.015 0.019 0.752 0.104 0.027 0.033 0.007 
142 NS_SS0899    (7)    3 :  0.010 0.001 0.003 0.574 0.011 0.005 0.016 0.372 0.008 
143 NS_SS0804    (5)    3 :  0.041 0.005 0.004 0.019 0.078 0.105 0.401 0.255 0.091 
144 NS_SS0781   (10)    3 :  0.188 0.004 0.004 0.027 0.030 0.008 0.048 0.575 0.116 
145 NS_SS0822    (6)    3 :  0.004 0.002 0.033 0.906 0.006 0.012 0.007 0.020 0.009 
146 NS_SS1004    (4)    3 :  0.637 0.005 0.047 0.012 0.029 0.048 0.097 0.118 0.008 
147 NS_SS0746    (5)    3 :  0.014 0.010 0.014 0.011 0.867 0.026 0.010 0.020 0.027 
148 NS_SS0880    (3)    3 :  0.023 0.002 0.093 0.041 0.014 0.031 0.071 0.589 0.138 
149 NS_SS0879    (5)    3 :  0.054 0.021 0.030 0.052 0.089 0.022 0.022 0.626 0.084 
150 NS_SS0753    (2)    3 :  0.276 0.010 0.126 0.430 0.042 0.063 0.010 0.013 0.030 
151 NS_SS1007    (3)    3 :  0.007 0.002 0.008 0.009 0.010 0.932 0.010 0.004 0.018 
152 NS_SS0872    (5)    3 :  0.088 0.002 0.009 0.006 0.093 0.029 0.055 0.551 0.168 
153 NS_SS1005    (7)    3 :  0.140 0.002 0.012 0.063 0.080 0.015 0.023 0.613 0.052 
154 NS_SS0892    (6)    3 :  0.387 0.002 0.060 0.030 0.038 0.263 0.079 0.057 0.085 
155 NS_SS0898    (0)    3 :  0.634 0.006 0.124 0.153 0.010 0.008 0.036 0.008 0.021 
156 NS_SS0801    (9)    3 :  0.062 0.010 0.005 0.013 0.612 0.011 0.073 0.199 0.014 
157 NS_SS0827    (9)    3 :  0.210 0.118 0.028 0.040 0.008 0.007 0.011 0.016 0.562 
158 NS_SS0853    (7)    3 :  0.205 0.006 0.017 0.019 0.236 0.015 0.018 0.026 0.457 
159 NS_SS0780    (2)    3 :  0.567 0.004 0.009 0.013 0.099 0.008 0.089 0.206 0.005 
160 NS_SS0826   (10)    3 :  0.007 0.003 0.018 0.038 0.005 0.005 0.010 0.906 0.007 
161 NS_SS0818    (5)    3 :  0.900 0.002 0.011 0.006 0.009 0.015 0.030 0.020 0.007 
162 NS_SS0745    (1)    3 :  0.010 0.002 0.021 0.007 0.019 0.006 0.028 0.007 0.901 
163 NS_SS0849    (3)    3 :  0.023 0.001 0.021 0.329 0.474 0.009 0.103 0.024 0.015 
164 NS_SS0739    (3)    3 :  0.011 0.014 0.010 0.039 0.127 0.701 0.076 0.006 0.016 
165 NS_SS0799    (1)    3 :  0.041 0.001 0.039 0.253 0.018 0.619 0.010 0.008 0.011 
166 NS_SS0756    (3)    3 :  0.037 0.005 0.013 0.017 0.064 0.029 0.068 0.712 0.054 
167 NS_SS0802    (2)    3 :  0.009 0.170 0.026 0.016 0.698 0.049 0.018 0.007 0.007 
168 NS_SS0747    (6)    3 :  0.113 0.008 0.010 0.055 0.099 0.470 0.016 0.140 0.088 
169 NS_SS0835    (1)    3 :  0.410 0.001 0.111 0.056 0.329 0.011 0.022 0.038 0.022 
170 NS_SS0742   (19)    3 :  0.025 0.002 0.010 0.235 0.021 0.545 0.048 0.092 0.022 
171 NS_SS0760    (9)    3 :  0.030 0.045 0.387 0.016 0.463 0.011 0.020 0.014 0.015 
172 NS_SS0803    (4)    3 :  0.045 0.011 0.004 0.006 0.012 0.135 0.003 0.775 0.008 
173 NS_SS0828   (14)    3 :  0.657 0.002 0.067 0.017 0.029 0.138 0.015 0.011 0.064 
174 NS_SS0865    (2)    3 :  0.020 0.025 0.013 0.049 0.013 0.006 0.850 0.014 0.010 
175 NS_SS0759    (5)    3 :  0.058 0.005 0.009 0.046 0.301 0.017 0.374 0.131 0.059 
176 NS_SS0851    (5)    3 :  0.010 0.012 0.010 0.006 0.261 0.004 0.566 0.101 0.029 
177 NS_SS0874   (16)    3 :  0.013 0.001 0.007 0.056 0.010 0.007 0.007 0.885 0.013 
178 NS_SS0761    (6)    3 :  0.061 0.003 0.135 0.076 0.648 0.028 0.025 0.016 0.009 
179 NS_SS0842   (26)    3 :  0.011 0.011 0.050 0.026 0.170 0.009 0.011 0.021 0.691 
180 NS_SS0785    (6)    3 :  0.604 0.007 0.042 0.036 0.168 0.033 0.015 0.063 0.031 
181 NS_SS0860   (11)    3 :  0.051 0.003 0.007 0.794 0.065 0.012 0.044 0.019 0.005 
182 NS_SS0897    (7)    3 :  0.035 0.002 0.677 0.150 0.046 0.044 0.024 0.014 0.006 
183 NS_SS0841   (15)    3 :  0.042 0.004 0.055 0.040 0.076 0.018 0.681 0.026 0.059 
184 NS_SS0797    (7)    3 :  0.024 0.029 0.247 0.006 0.032 0.009 0.621 0.013 0.019 
185 NS_SS0830   (11)    3 :  0.029 0.003 0.089 0.395 0.049 0.066 0.266 0.030 0.072 
186 NS_SS1011    (5)    3 :  0.025 0.007 0.007 0.007 0.018 0.032 0.598 0.290 0.016 
187 NS_SS0883    (5)    3 :  0.012 0.005 0.006 0.115 0.782 0.040 0.017 0.004 0.018 
188 NS_SS0782    (2)    3 :  0.004 0.003 0.023 0.015 0.902 0.017 0.007 0.017 0.011 
189 NS_SS0831    (5)    3 :  0.010 0.003 0.013 0.087 0.825 0.017 0.013 0.025 0.007 
190 NS_SS0749    (7)    3 :  0.033 0.004 0.019 0.027 0.245 0.632 0.015 0.008 0.017 
191 NS_SS0854    (2)    3 :  0.032 0.003 0.034 0.067 0.369 0.366 0.045 0.066 0.018 
192 HI_SS0193    (0)    4 :  0.005 0.002 0.937 0.006 0.007 0.015 0.010 0.011 0.005 
193 HI_SS0194    (1)    4 :  0.008 0.002 0.021 0.008 0.013 0.014 0.011 0.904 0.019 
194 HI_SS0195   (10)    4 :  0.034 0.105 0.011 0.009 0.095 0.019 0.444 0.248 0.035 
195 HI_SS0196    (6)    4 :  0.020 0.003 0.194 0.157 0.416 0.118 0.013 0.038 0.042 
196 HI_SS0197    (3)    4 :  0.387 0.012 0.003 0.013 0.045 0.032 0.468 0.011 0.028 
197 HI_SS0198    (1)    4 :  0.073 0.011 0.021 0.103 0.205 0.492 0.049 0.030 0.018 
198 HI_SS0199    (1)    4 :  0.040 0.002 0.011 0.007 0.007 0.916 0.006 0.005 0.007 
199 HI_SS0201    (5)    4 :  0.301 0.003 0.357 0.043 0.064 0.112 0.034 0.070 0.016 
200 HI_SS0215    (1)    4 :  0.684 0.003 0.013 0.010 0.251 0.008 0.011 0.015 0.006 
201 HI_SS0218    (1)    4 :  0.321 0.009 0.391 0.013 0.022 0.203 0.022 0.010 0.009 
202 HI_SS0222    (0)    4 :  0.005 0.004 0.008 0.005 0.915 0.019 0.027 0.006 0.011 
203 HI_SS0230    (1)    4 :  0.050 0.006 0.010 0.032 0.070 0.021 0.601 0.194 0.015 
204 HI_SS0234    (2)    4 :  0.008 0.132 0.010 0.007 0.049 0.652 0.014 0.117 0.010 
205 HI_SS0240    (1)    4 :  0.107 0.008 0.014 0.005 0.026 0.792 0.021 0.013 0.014 
206 HI_SS0241    (0)    4 :  0.842 0.002 0.009 0.009 0.010 0.053 0.052 0.009 0.014 
207 HI_SS0242    (0)    4 :  0.127 0.003 0.051 0.018 0.620 0.064 0.033 0.058 0.027 
208 HI_SS0247    (0)    4 :  0.014 0.032 0.009 0.010 0.009 0.007 0.200 0.702 0.017 
209 HI_SS0248    (1)    4 :  0.007 0.001 0.901 0.018 0.012 0.022 0.006 0.009 0.024 
210 HI_SS0252    (2)    4 :  0.046 0.003 0.027 0.189 0.041 0.378 0.050 0.259 0.007 
211 HI_SS0254    (0)    4 :  0.026 0.114 0.628 0.012 0.015 0.121 0.030 0.030 0.026 
212 HI_SS0256    (0)    4 :  0.070 0.002 0.003 0.003 0.005 0.012 0.010 0.888 0.006 
213 HI_SS0257    (0)    4 :  0.342 0.004 0.053 0.224 0.156 0.111 0.013 0.088 0.008 
214 HI_SS0258    (1)    4 :  0.014 0.007 0.883 0.016 0.030 0.020 0.011 0.009 0.009 
215 HI_SS0259    (1)    4 :  0.018 0.003 0.005 0.006 0.015 0.012 0.901 0.022 0.019 
216 HI_SS0260    (1)    4 :  0.095 0.002 0.115 0.018 0.027 0.031 0.027 0.033 0.652 
217 HI_SS0261    (2)    4 :  0.126 0.003 0.172 0.150 0.014 0.159 0.039 0.066 0.273 
218 HI_SS0262    (0)    4 :  0.044 0.007 0.006 0.015 0.090 0.046 0.752 0.020 0.020 
219 HI_SS0264    (0)    4 :  0.026 0.006 0.050 0.009 0.029 0.009 0.106 0.714 0.051 
220 HI_SS0265    (0)    4 :  0.045 0.098 0.014 0.007 0.031 0.013 0.652 0.055 0.085 
221 HI_SS0268    (1)    4 :  0.059 0.004 0.086 0.012 0.052 0.027 0.560 0.060 0.139 
222 HI_SS0269    (0)    4 :  0.075 0.002 0.059 0.455 0.037 0.311 0.024 0.026 0.009 
223 HI_SS0273    (0)    4 :  0.087 0.002 0.628 0.086 0.011 0.029 0.128 0.018 0.011 
224 HI_SS0277    (1)    4 :  0.031 0.004 0.005 0.110 0.018 0.062 0.738 0.027 0.005 
225 HI_SS0280    (0)    4 :  0.217 0.006 0.023 0.013 0.047 0.006 0.663 0.008 0.018 
226 HI_SS0282    (1)    4 :  0.048 0.002 0.659 0.148 0.034 0.031 0.041 0.026 0.011 
227 HI_SS0286    (1)    4 :  0.016 0.007 0.030 0.017 0.857 0.024 0.018 0.023 0.009 
228 NS_SS1252    (3)    5 :  0.005 0.003 0.009 0.926 0.020 0.011 0.004 0.005 0.018 
229 NS_SS1261    (1)    5 :  0.013 0.019 0.014 0.073 0.013 0.746 0.016 0.055 0.050 
230 NS_SS1225   (10)    5 :  0.008 0.057 0.009 0.018 0.006 0.008 0.010 0.879 0.004 
231 NS_SS1266    (1)    5 :  0.067 0.008 0.006 0.020 0.023 0.019 0.032 0.817 0.008 
232 NS_SS1228    (0)    5 :  0.008 0.013 0.007 0.006 0.009 0.114 0.810 0.009 0.024 
233 NS_SS1255    (3)    5 :  0.010 0.002 0.261 0.043 0.281 0.047 0.040 0.244 0.071 
234 NS_SS1267    (3)    5 :  0.009 0.015 0.237 0.111 0.126 0.383 0.009 0.007 0.104 
235 NS_SS1238    (6)    5 :  0.009 0.003 0.615 0.027 0.019 0.020 0.256 0.030 0.020 
236 NS_SS1233    (8)    5 :  0.013 0.002 0.024 0.206 0.008 0.004 0.023 0.709 0.011 
237 NS_SS1277    (3)    5 :  0.007 0.001 0.897 0.005 0.007 0.032 0.011 0.006 0.034 
238 NS_SS1245    (1)    5 :  0.053 0.002 0.177 0.062 0.521 0.029 0.010 0.131 0.014 
239 NS_SS1240    (4)    5 :  0.015 0.002 0.281 0.204 0.143 0.310 0.011 0.018 0.015 
240 NS_SS1275    (2)    5 :  0.033 0.002 0.004 0.006 0.044 0.024 0.820 0.031 0.036 
241 NS_SS1235    (1)    5 :  0.010 0.005 0.022 0.006 0.013 0.092 0.012 0.834 0.007 
242 NS_SS1263    (1)    5 :  0.012 0.001 0.007 0.018 0.006 0.007 0.005 0.898 0.047 
243 NS_SS1251    (2)    5 :  0.040 0.002 0.006 0.018 0.009 0.008 0.010 0.890 0.017 
244 NS_SS1248    (0)    5 :  0.004 0.089 0.241 0.014 0.551 0.009 0.056 0.006 0.030 
245 NS_SS1244    (0)    5 :  0.011 0.004 0.038 0.005 0.006 0.423 0.488 0.018 0.007 
246 NS_SS1257    (1)    5 :  0.024 0.025 0.096 0.039 0.577 0.168 0.028 0.024 0.018 
247 NS_SS1242    (2)    5 :  0.020 0.003 0.013 0.010 0.065 0.004 0.142 0.593 0.149 
248 NS_SS1271    (6)    5 :  0.048 0.043 0.624 0.012 0.014 0.084 0.011 0.005 0.159 
249 NS_SS1265    (1)    5 :  0.047 0.018 0.240 0.114 0.486 0.008 0.012 0.018 0.056 
250 NS_SS1243    (0)    5 :  0.013 0.097 0.023 0.390 0.132 0.018 0.294 0.012 0.021 
251 NS_SS1273    (1)    5 :  0.006 0.008 0.005 0.011 0.005 0.006 0.005 0.011 0.943 
252 NS_SS1254   (14)    5 :  0.366 0.008 0.009 0.100 0.058 0.043 0.026 0.088 0.301 
253 NS_SS1224    (1)    5 :  0.056 0.009 0.010 0.022 0.183 0.128 0.021 0.530 0.040 
254 NS_SS1227    (8)    5 :  0.762 0.002 0.014 0.011 0.007 0.034 0.007 0.005 0.158 
255 NS_SS1274    (9)    5 :  0.011 0.019 0.076 0.097 0.061 0.436 0.159 0.126 0.015 
256 NS_SS1241    (1)    5 :  0.313 0.001 0.455 0.082 0.017 0.051 0.033 0.027 0.020 
257 NS_SS1256    (3)    5 :  0.401 0.041 0.030 0.011 0.040 0.011 0.018 0.420 0.028 
258 NS_SS1260    (8)    5 :  0.039 0.065 0.011 0.175 0.095 0.588 0.008 0.012 0.008 
259 NS_SS1262    (0)    5 :  0.121 0.180 0.109 0.063 0.024 0.244 0.058 0.193 0.008 
260 NS_SS1230    (0)    5 :  0.068 0.008 0.318 0.017 0.370 0.025 0.079 0.034 0.080 
261 NS_SS1270    (2)    5 :  0.182 0.003 0.066 0.019 0.275 0.006 0.268 0.171 0.010 
262 NS_SS1229    (2)    5 :  0.023 0.004 0.008 0.077 0.007 0.840 0.013 0.020 0.009 
263 NS_SS1246    (5)    5 :  0.020 0.004 0.066 0.397 0.009 0.086 0.027 0.032 0.360 
264 NS_SS1269    (0)    5 :  0.591 0.003 0.015 0.011 0.272 0.049 0.034 0.009 0.016 
265 NS_SS1239    (1)    5 :  0.021 0.007 0.027 0.063 0.014 0.750 0.103 0.006 0.009 
266 NS_SS1272    (5)    5 :  0.007 0.007 0.009 0.013 0.014 0.014 0.066 0.862 0.008 
267 NS_SS1268    (1)    5 :  0.075 0.004 0.079 0.323 0.016 0.005 0.232 0.245 0.020 
268 NS_SS1249    (1)    5 :  0.035 0.015 0.526 0.017 0.270 0.093 0.015 0.018 0.011 
269 HI_SS0559    (0)    6 :  0.620 0.002 0.190 0.011 0.025 0.026 0.018 0.039 0.071 
270 HI_SS0563    (1)    6 :  0.085 0.003 0.076 0.015 0.270 0.109 0.010 0.406 0.025 
271 HI_SS0564    (0)    6 :  0.024 0.050 0.014 0.468 0.010 0.268 0.017 0.139 0.009 
272 HI_SS0565    (0)    6 :  0.367 0.005 0.040 0.087 0.040 0.009 0.022 0.021 0.410 
273 HI_SS0569    (1)    6 :  0.800 0.002 0.064 0.058 0.019 0.010 0.013 0.010 0.024 
274 HI_SS0570    (0)    6 :  0.008 0.037 0.866 0.007 0.018 0.028 0.005 0.013 0.018 
275 HI_SS0572    (1)    6 :  0.011 0.003 0.006 0.004 0.022 0.079 0.010 0.830 0.034 
276 HI_SS0576    (1)    6 :  0.048 0.006 0.090 0.038 0.104 0.421 0.147 0.020 0.127 
277 HI_SS0579    (1)    6 :  0.600 0.015 0.184 0.013 0.013 0.047 0.006 0.114 0.008 
278 HI_SS0580    (1)    6 :  0.852 0.005 0.024 0.009 0.039 0.019 0.011 0.017 0.023 
279 HI_SS0581    (0)    6 :  0.004 0.036 0.005 0.011 0.017 0.008 0.903 0.006 0.009 
280 HI_SS0583    (1)    6 :  0.041 0.003 0.023 0.490 0.017 0.089 0.014 0.087 0.236 
281 HI_SS0586    (1)    6 :  0.099 0.001 0.567 0.246 0.015 0.014 0.011 0.011 0.036 
282 HI_SS0588    (1)    6 :  0.893 0.013 0.019 0.015 0.017 0.018 0.007 0.014 0.004 
283 HI_SS0595    (4)    6 :  0.789 0.028 0.031 0.008 0.026 0.026 0.063 0.010 0.020 
284 HI_SS0596    (0)    6 :  0.007 0.002 0.026 0.010 0.015 0.020 0.010 0.153 0.758 
285 HI_SS0597    (1)    6 :  0.024 0.003 0.012 0.053 0.096 0.027 0.344 0.098 0.343 
286 HI_SS0600    (0)    6 :  0.699 0.003 0.010 0.083 0.021 0.058 0.112 0.007 0.007 
287 HI_SS0601    (1)    6 :  0.166 0.011 0.022 0.082 0.013 0.267 0.177 0.251 0.011 
288 HI_SS0602    (1)    6 :  0.911 0.002 0.006 0.016 0.015 0.017 0.012 0.007 0.012 
289 HI_SS0604    (0)    6 :  0.027 0.002 0.025 0.387 0.209 0.028 0.008 0.278 0.036 
290 HI_SS0605    (1)    6 :  0.009 0.004 0.006 0.008 0.951 0.008 0.005 0.003 0.005 
291 HI_SS0608    (0)    6 :  0.337 0.001 0.033 0.510 0.020 0.048 0.010 0.009 0.032 
292 HI_SS0609    (0)    6 :  0.232 0.001 0.024 0.024 0.109 0.016 0.124 0.409 0.062 
293 HI_SS0611    (5)    6 :  0.013 0.003 0.052 0.698 0.068 0.107 0.036 0.011 0.012 
294 HI_SS0612    (0)    6 :  0.854 0.007 0.009 0.006 0.007 0.017 0.004 0.089 0.007 
295 HI_SS0613    (1)    6 :  0.013 0.001 0.009 0.019 0.788 0.006 0.118 0.027 0.020 
296 HI_SS0615    (1)    6 :  0.011 0.011 0.005 0.011 0.009 0.925 0.013 0.008 0.008 
297 HI_SS0001    (1)    6 :  0.066 0.005 0.286 0.011 0.036 0.198 0.327 0.050 0.021 
298 HI_SS0002    (1)    6 :  0.155 0.032 0.007 0.022 0.039 0.014 0.058 0.663 0.009 
299 HI_SS0004    (0)    6 :  0.010 0.007 0.205 0.065 0.472 0.133 0.024 0.035 0.049 
300 HI_SS0005    (1)    6 :  0.014 0.007 0.046 0.016 0.023 0.029 0.838 0.006 0.021 
301 HI_SS0006    (1)    6 :  0.066 0.002 0.010 0.537 0.048 0.032 0.026 0.262 0.016 
302 HI_SS0007    (1)    6 :  0.008 0.003 0.814 0.015 0.127 0.006 0.008 0.007 0.013 
303 HI_SS0008    (0)    6 :  0.848 0.039 0.008 0.021 0.014 0.022 0.019 0.016 0.014 
304 HI_SS0009    (0)    6 :  0.027 0.008 0.367 0.029 0.264 0.095 0.114 0.030 0.066 
305 HI_SS0010    (1)    6 :  0.070 0.004 0.387 0.040 0.009 0.015 0.049 0.013 0.412 
306 HI_SS0011    (1)    6 :  0.028 0.099 0.044 0.021 0.016 0.010 0.147 0.575 0.061 
307 HI_SS0012    (0)    6 :  0.045 0.006 0.005 0.072 0.041 0.651 0.048 0.100 0.031 
308 HI_SS0017    (1)    6 :  0.009 0.002 0.230 0.014 0.010 0.016 0.032 0.345 0.341 
309 HI_SS0021    (1)    6 :  0.007 0.238 0.383 0.020 0.149 0.009 0.033 0.026 0.135 
310 HI_SS0024    (1)    6 :  0.010 0.002 0.165 0.009 0.030 0.074 0.086 0.055 0.569 
311 HI_SS0025    (1)    6 :  0.013 0.003 0.007 0.008 0.916 0.014 0.004 0.017 0.020 
312 HI_SS0027    (0)    6 :  0.055 0.015 0.592 0.185 0.054 0.061 0.009 0.019 0.008 
313 HI_SS0028    (0)    6 :  0.050 0.002 0.008 0.004 0.023 0.018 0.330 0.036 0.528 
314 HI_SS0029    (1)    6 :  0.008 0.006 0.021 0.014 0.012 0.018 0.005 0.008 0.908 
315 HI_SS0030    (2)    6 :  0.021 0.006 0.034 0.176 0.015 0.617 0.104 0.016 0.011 
316 HI_SS0031    (0)    6 :  0.954 0.002 0.004 0.003 0.006 0.008 0.005 0.004 0.013 
317 HI_SS0034    (0)    6 :  0.084 0.004 0.029 0.007 0.845 0.007 0.007 0.011 0.006 
318 HI_SS0036    (0)    6 :  0.021 0.016 0.494 0.018 0.027 0.014 0.386 0.004 0.021 
319 HI_SS0037    (1)    6 :  0.040 0.004 0.072 0.291 0.400 0.007 0.144 0.030 0.012 
320 HI_SS0039    (0)    6 :  0.043 0.003 0.514 0.005 0.025 0.012 0.038 0.005 0.356 
321 HI_SS0041    (1)    6 :  0.006 0.002 0.006 0.027 0.028 0.402 0.470 0.016 0.042 
322 HI_SS0042    (1)    6 :  0.007 0.076 0.006 0.007 0.841 0.015 0.007 0.008 0.033 
323 HI_SS0043    (1)    6 :  0.011 0.003 0.034 0.900 0.008 0.022 0.008 0.006 0.008 
324 HI_SS0044    (1)    6 :  0.016 0.002 0.167 0.004 0.019 0.026 0.008 0.006 0.752 
325 HI_SS0047    (1)    6 :  0.090 0.003 0.033 0.128 0.194 0.265 0.129 0.129 0.030 
326 HI_SS0049    (1)    6 :  0.121 0.005 0.027 0.302 0.011 0.036 0.112 0.289 0.096 
327 HI_SS0051    (1)    6 :  0.005 0.002 0.006 0.051 0.914 0.006 0.004 0.009 0.004 
328 HI_SS0053    (1)    6 :  0.111 0.006 0.178 0.120 0.013 0.206 0.186 0.012 0.169 
329 HI_SS0054    (4)    6 :  0.017 0.005 0.760 0.079 0.011 0.008 0.086 0.030 0.004 
330 HI_SS0057    (0)    6 :  0.037 0.004 0.035 0.726 0.016 0.025 0.111 0.028 0.017 
331 HI_SS0058    (0)    6 :  0.006 0.006 0.022 0.017 0.507 0.015 0.011 0.404 0.013 
332 HI_SS0060    (0)    6 :  0.264 0.109 0.252 0.102 0.055 0.055 0.126 0.027 0.011 
333 HI_SS0087    (1)    6 :  0.019 0.003 0.045 0.114 0.051 0.030 0.049 0.674 0.014 
334 HI_SS0091    (1)    6 :  0.528 0.001 0.013 0.322 0.023 0.038 0.058 0.013 0.005 
335 HI_SS0095    (1)    6 :  0.047 0.047 0.007 0.017 0.106 0.678 0.019 0.064 0.016 
336 HI_SS0097    (3)    6 :  0.020 0.005 0.012 0.501 0.018 0.101 0.016 0.264 0.062 
337 HI_SS0099    (1)    6 :  0.011 0.004 0.005 0.006 0.006 0.010 0.008 0.012 0.938 
338 HI_SS0103    (0)    6 :  0.012 0.004 0.031 0.096 0.026 0.414 0.019 0.371 0.028 
339 HI_SS0105    (1)    6 :  0.031 0.025 0.024 0.019 0.054 0.015 0.769 0.057 0.005 
340 HI_SS0107    (1)    6 :  0.012 0.001 0.012 0.008 0.012 0.027 0.009 0.903 0.017 
341 HI_SS0108    (1)    6 :  0.007 0.026 0.813 0.048 0.076 0.009 0.009 0.005 0.007 
342 HI_SS0110    (0)    6 :  0.108 0.001 0.011 0.020 0.007 0.659 0.168 0.007 0.019 
343 HI_SS0111    (1)    6 :  0.034 0.035 0.026 0.057 0.467 0.207 0.108 0.022 0.043 
344 HI_SS0112    (0)    6 :  0.010 0.001 0.945 0.007 0.005 0.010 0.007 0.006 0.008 
345 HI_SS0113    (1)    6 :  0.012 0.005 0.005 0.017 0.248 0.042 0.024 0.618 0.029 
346 HI_SS0114    (1)    6 :  0.759 0.005 0.032 0.043 0.054 0.069 0.020 0.008 0.010 
347 HI_SS0115    (1)    6 :  0.588 0.017 0.084 0.010 0.026 0.196 0.008 0.046 0.024 
348 HI_SS0116    (4)    6 :  0.015 0.003 0.033 0.820 0.011 0.035 0.006 0.008 0.068 
349 HI_SS0117    (0)    6 :  0.165 0.003 0.330 0.006 0.008 0.019 0.017 0.438 0.015 
350 HI_SS0118    (0)    6 :  0.208 0.012 0.032 0.043 0.447 0.021 0.084 0.102 0.051 
351 HI_SS0119    (1)    6 :  0.028 0.002 0.038 0.640 0.016 0.143 0.107 0.019 0.007 
352 HI_SS0120    (1)    6 :  0.007 0.004 0.009 0.008 0.018 0.079 0.054 0.790 0.032 
353 HI_SS0121    (0)    6 :  0.008 0.001 0.005 0.025 0.041 0.024 0.765 0.049 0.082 
354 HI_SS0122    (2)    6 :  0.028 0.020 0.023 0.055 0.018 0.019 0.802 0.021 0.014 
355 HI_SS0123    (0)    6 :  0.792 0.006 0.004 0.032 0.011 0.012 0.039 0.091 0.013 
356 HI_SS0124    (1)    6 :  0.020 0.003 0.019 0.018 0.025 0.010 0.595 0.017 0.294 
357 HI_SS0125    (1)    6 :  0.264 0.034 0.005 0.005 0.005 0.568 0.092 0.009 0.017 
358 HI_SS0126    (0)    6 :  0.009 0.001 0.883 0.009 0.008 0.010 0.004 0.008 0.068 
359 HI_SS0127    (0)    6 :  0.032 0.011 0.145 0.086 0.178 0.206 0.021 0.155 0.166 
360 HI_SS0128    (0)    6 :  0.019 0.003 0.019 0.009 0.008 0.794 0.011 0.015 0.122 
361 HI_SS0129    (1)    6 :  0.010 0.007 0.098 0.014 0.725 0.038 0.068 0.022 0.017 
362 HI_SS0131    (2)    6 :  0.023 0.040 0.804 0.007 0.014 0.018 0.062 0.026 0.006 
363 HI_SS0132    (0)    6 :  0.648 0.001 0.036 0.012 0.024 0.017 0.214 0.016 0.033 
364 HI_SS0133    (1)    6 :  0.004 0.001 0.968 0.009 0.005 0.003 0.004 0.003 0.003 
365 HI_SS0134    (1)    6 :  0.357 0.002 0.244 0.024 0.097 0.047 0.027 0.187 0.014 
366 HI_SS0142    (3)    6 :  0.571 0.025 0.007 0.057 0.020 0.022 0.078 0.137 0.083 
367 HI_SS0145    (0)    6 :  0.184 0.002 0.282 0.031 0.089 0.125 0.017 0.166 0.103 
368 HI_SS0146    (1)    6 :  0.027 0.002 0.804 0.015 0.010 0.042 0.039 0.013 0.049 
369 HI_SS0147    (1)    6 :  0.026 0.033 0.014 0.014 0.650 0.010 0.077 0.151 0.024 
370 HI_SS0149    (1)    6 :  0.010 0.004 0.024 0.056 0.005 0.007 0.816 0.061 0.018 
371 HI_SS0150    (2)    6 :  0.068 0.006 0.011 0.009 0.020 0.402 0.387 0.032 0.066 
372 HI_SS0151    (0)    6 :  0.023 0.011 0.011 0.053 0.036 0.825 0.012 0.024 0.004 
373 NS_SS1451    (1)    6 :  0.027 0.004 0.024 0.016 0.015 0.214 0.436 0.160 0.103 
374 NS_SS1404    (0)    6 :  0.015 0.012 0.033 0.007 0.548 0.012 0.059 0.228 0.085 
375 NS_SS1432    (2)    6 :  0.011 0.044 0.005 0.013 0.012 0.017 0.131 0.008 0.758 
376 NS_SS1405    (5)    6 :  0.020 0.004 0.321 0.011 0.176 0.027 0.010 0.066 0.365 
377 NS_SS1431   (10)    6 :  0.008 0.001 0.011 0.014 0.012 0.010 0.188 0.019 0.738 
378 NS_SS1402    (3)    6 :  0.042 0.003 0.009 0.020 0.011 0.146 0.011 0.747 0.010 
379 NS_SS1450    (3)    6 :  0.085 0.004 0.421 0.026 0.160 0.171 0.090 0.024 0.019 
380 NS_SS1396    (0)    6 :  0.004 0.007 0.026 0.041 0.008 0.034 0.720 0.010 0.151 
381 NS_SS1393    (5)    6 :  0.016 0.004 0.004 0.890 0.018 0.012 0.026 0.007 0.023 
382 NS_SS1392   (10)    6 :  0.074 0.021 0.044 0.017 0.060 0.636 0.094 0.036 0.017 
383 NS_SS1445    (0)    6 :  0.126 0.012 0.503 0.077 0.060 0.132 0.037 0.018 0.034 
384 NS_SS1423    (0)    6 :  0.023 0.001 0.294 0.010 0.007 0.512 0.009 0.136 0.009 
385 NS_SS1421    (9)    6 :  0.007 0.103 0.464 0.114 0.008 0.060 0.192 0.032 0.020 
386 NS_SS1411    (6)    6 :  0.008 0.002 0.668 0.206 0.047 0.010 0.035 0.004 0.019 
387 NS_SS1453    (6)    6 :  0.010 0.006 0.061 0.077 0.125 0.219 0.446 0.024 0.031 
388 NS_SS1442    (3)    6 :  0.032 0.004 0.232 0.406 0.052 0.052 0.041 0.052 0.130 
389 NS_SS1422    (1)    6 :  0.025 0.012 0.047 0.014 0.011 0.624 0.016 0.244 0.008 
390 NS_SS1419    (1)    6 :  0.006 0.175 0.009 0.514 0.158 0.035 0.014 0.072 0.018 
391 NS_SS1427    (0)    6 :  0.023 0.002 0.252 0.028 0.009 0.653 0.011 0.006 0.015 
392 NS_SS1444    (4)    6 :  0.014 0.003 0.007 0.032 0.052 0.011 0.021 0.011 0.849 
393 NS_SS1455    (0)    6 :  0.008 0.002 0.010 0.016 0.007 0.013 0.017 0.884 0.044 
394 NS_SS1425    (2)    6 :  0.005 0.001 0.049 0.918 0.007 0.005 0.007 0.005 0.003 
395 NS_SS1400    (0)    6 :  0.007 0.002 0.876 0.054 0.016 0.005 0.009 0.019 0.012 
396 NS_SS1406    (2)    6 :  0.017 0.009 0.004 0.008 0.010 0.012 0.035 0.892 0.012 
397 NS_SS1417    (6)    6 :  0.008 0.008 0.046 0.050 0.010 0.011 0.012 0.842 0.013 
398 NS_SS1454    (3)    6 :  0.010 0.001 0.147 0.037 0.017 0.015 0.711 0.040 0.022 
399 NS_SS1412    (1)    6 :  0.036 0.020 0.108 0.027 0.594 0.010 0.026 0.045 0.133 
400 NS_SS1438    (1)    6 :  0.016 0.001 0.022 0.138 0.783 0.020 0.006 0.011 0.003 
401 NS_SS1416    (4)    6 :  0.010 0.006 0.005 0.055 0.799 0.022 0.021 0.028 0.054 
402 NS_SS1401    (0)    6 :  0.071 0.016 0.020 0.213 0.019 0.079 0.405 0.051 0.126 
403 NS_SS1424    (6)    6 :  0.020 0.016 0.692 0.105 0.023 0.011 0.053 0.023 0.058 
404 NS_SS1435   (10)    6 :  0.380 0.003 0.404 0.006 0.015 0.017 0.141 0.011 0.023 
405 NS_SS1447    (4)    6 :  0.014 0.007 0.012 0.023 0.102 0.014 0.167 0.608 0.052 
406 NS_SS1414    (3)    6 :  0.034 0.007 0.018 0.016 0.084 0.006 0.017 0.787 0.031 
407 NS_SS1449   (14)    6 :  0.006 0.003 0.005 0.014 0.006 0.914 0.018 0.028 0.005 
408 NS_SS1443    (4)    6 :  0.429 0.002 0.094 0.034 0.006 0.400 0.014 0.014 0.007 
409 NS_SS1434    (1)    6 :  0.055 0.001 0.339 0.080 0.082 0.249 0.024 0.027 0.144 
410 NS_SS1398    (1)    6 :  0.116 0.021 0.054 0.063 0.389 0.043 0.228 0.023 0.063 
411 NS_SS1426    (1)    6 :  0.146 0.002 0.177 0.593 0.017 0.031 0.014 0.009 0.011 
412 NS_SS1413    (0)    6 :  0.007 0.010 0.937 0.011 0.004 0.008 0.004 0.011 0.009 
413 NS_SS1395    (1)    6 :  0.289 0.010 0.019 0.046 0.020 0.550 0.048 0.013 0.004 
414 NS_SS1448   (10)    6 :  0.009 0.002 0.787 0.004 0.014 0.021 0.022 0.014 0.126 
415 NS_SS1446    (0)    6 :  0.126 0.004 0.038 0.017 0.216 0.298 0.127 0.118 0.056 
416 NS_SS1403    (2)    6 :  0.110 0.007 0.008 0.067 0.023 0.202 0.029 0.020 0.534 
417 NS_SS1415    (0)    6 :  0.013 0.008 0.924 0.013 0.006 0.014 0.006 0.006 0.010 
418 NS_SS1437    (4)    6 :  0.042 0.011 0.035 0.008 0.017 0.018 0.024 0.030 0.815 
419 NS_SS1439    (2)    6 :  0.849 0.003 0.004 0.008 0.023 0.017 0.026 0.061 0.008 
420 NS_SS1441    (3)    6 :  0.901 0.002 0.014 0.008 0.017 0.030 0.006 0.007 0.015 
421 NS_SS1420    (2)    6 :  0.049 0.003 0.009 0.240 0.282 0.033 0.342 0.018 0.024 
422 NS_SS1394    (2)    6 :  0.016 0.050 0.008 0.072 0.017 0.021 0.054 0.038 0.724 
423 NS_SS1391    (7)    6 :  0.168 0.014 0.249 0.017 0.078 0.350 0.030 0.032 0.061 
424 NS_SS1410    (5)    6 :  0.015 0.013 0.031 0.056 0.077 0.273 0.423 0.016 0.096 
425 NS_SS1408    (1)    6 :  0.087 0.054 0.016 0.006 0.518 0.132 0.152 0.014 0.021 
426 NS_SS1409    (1)    6 :  0.202 0.002 0.026 0.110 0.370 0.212 0.019 0.013 0.045 
427 HI_SS0617    (1)    7 :  0.015 0.001 0.007 0.013 0.630 0.283 0.012 0.023 0.015 
428 HI_SS0618    (2)    7 :  0.037 0.003 0.018 0.241 0.046 0.463 0.022 0.036 0.132 
429 HI_SS0619    (0)    7 :  0.051 0.005 0.032 0.084 0.059 0.018 0.078 0.020 0.654 
430 HI_SS0620    (1)    7 :  0.009 0.003 0.870 0.022 0.023 0.043 0.005 0.016 0.009 
431 HI_SS0621    (3)    7 :  0.020 0.013 0.013 0.016 0.166 0.561 0.020 0.044 0.147 
432 HI_SS0622    (1)    7 :  0.038 0.014 0.127 0.016 0.030 0.018 0.025 0.106 0.627 
433 HI_SS0626    (0)    7 :  0.064 0.007 0.052 0.028 0.198 0.028 0.371 0.015 0.236 
434 HI_SS0627    (0)    7 :  0.008 0.008 0.009 0.095 0.057 0.018 0.766 0.025 0.014 
