   NS_SS0963  1 0.0264 0.0066 0.0052 0.0361 0.0115 0.0082 0.0053 0.8417 0.0589 
   NS_SS0983  1 0.0068 0.0022 0.0041 0.0037 0.0111 0.9574 0.0028 0.0048 0.0070 
   NS_SS0719  1 0.2473 0.0106 0.0173 0.0154 0.0254 0.0127 0.0049 0.0169 0.6495 
   NS_SS1001  1 0.0125 0.5865 0.1740 0.0551 0.0257 0.0125 0.0064 0.0974 0.0300 
   NS_SS0936  1 0.0111 0.0186 0.0093 0.9004 0.0144 0.0094 0.0029 0.0217 0.0124 
   NS_SS0955  1 0.1463 0.1202 0.0468 0.0298 0.2251 0.0329 0.0034 0.3803 0.0152 
   NS_SS0944  1 0.0148 0.0167 0.7043 0.0143 0.0119 0.0153 0.0014 0.1664 0.0549 
   NS_SS0945  1 0.0106 0.0556 0.8505 0.0380 0.0060 0.0125 0.0078 0.0109 0.0083 
   NS_SS0922  1 0.4819 0.0415 0.0035 0.0288 0.0099 0.0328 0.0267 0.1114 0.2634 
   NS_SS0929  1 0.0528 0.0355 0.0297 0.1729 0.0586 0.4893 0.0031 0.0781 0.0800 
   NS_SS0956  1 0.3347 0.4988 0.0158 0.0139 0.0111 0.0163 0.0047 0.0198 0.0850 
   NS_SS0906  1 0.0574 0.0670 0.0100 0.0143 0.4135 0.0208 0.0034 0.2029 0.2108 
   NS_SS0721  1 0.0631 0.0125 0.0094 0.0409 0.0829 0.0584 0.0049 0.0696 0.6582 
   NS_SS0982  1 0.0436 0.3222 0.0101 0.0644 0.4205 0.0234 0.0178 0.0454 0.0525 
   NS_SS0923  1 0.0377 0.3029 0.0099 0.0397 0.0333 0.0121 0.0053 0.0983 0.4607 
   NS_SS0905  1 0.0329 0.0164 0.0103 0.0117 0.7828 0.0613 0.0024 0.0143 0.0679 
   NS_SS0925  1 0.0220 0.0414 0.0042 0.1628 0.7129 0.0235 0.0032 0.0091 0.0210 
   NS_SS0947  1 0.0611 0.3235 0.0629 0.0786 0.0302 0.0368 0.0052 0.3782 0.0235 
   NS_SS0926  1 0.0171 0.0209 0.3205 0.1229 0.0130 0.4599 0.0008 0.0104 0.0344 
   NS_SS0918  1 0.0137 0.1192 0.0630 0.0812 0.0309 0.1467 0.0021 0.2051 0.3382 
   NS_SS0966  1 0.1435 0.0967 0.0888 0.0445 0.0986 0.0478 0.0716 0.3858 0.0227 
   NS_SS0938  1 0.0081 0.0700 0.0056 0.8654 0.0053 0.0222 0.0017 0.0110 0.0107 
   NS_SS0917  1 0.8290 0.0690 0.0093 0.0099 0.0164 0.0065 0.0356 0.0139 0.0103 
   NS_SS0957  1 0.0396 0.8219 0.0086 0.0590 0.0146 0.0032 0.0059 0.0379 0.0094 
   NS_SS0987  1 0.0062 0.1165 0.0030 0.0077 0.1007 0.0164 0.2257 0.0078 0.5160 
   NS_SS0717  1 0.0145 0.8125 0.0059 0.0074 0.0424 0.0264 0.0027 0.0640 0.0243 
   NS_SS0986  1 0.0122 0.0286 0.1062 0.0458 0.0118 0.0635 0.0034 0.6367 0.0918 
   NS_SS0953  1 0.0063 0.0417 0.0195 0.0108 0.0105 0.0109 0.0163 0.8779 0.0062 
   NS_SS0907  1 0.0187 0.0224 0.0112 0.0264 0.3738 0.0377 0.0323 0.2266 0.2508 
   NS_SS0974  1 0.0510 0.0347 0.5214 0.0167 0.0643 0.0411 0.0046 0.2184 0.0479 
   NS_SS0989  1 0.0098 0.0073 0.0117 0.3751 0.0345 0.5412 0.0012 0.0093 0.0099 
   NS_SS0991  1 0.0082 0.0161 0.3788 0.0078 0.1456 0.1602 0.0023 0.0684 0.2126 
   NS_SS0994  1 0.0057 0.0042 0.0678 0.0296 0.0174 0.8636 0.0016 0.0038 0.0062 
   NS_SS0931  1 0.0099 0.0073 0.0881 0.0941 0.6750 0.0680 0.0088 0.0211 0.0277 
   NS_SS1000  1 0.0114 0.5995 0.0749 0.2068 0.0195 0.0081 0.0037 0.0598 0.0164 
   NS_SS0919  1 0.0113 0.0058 0.0212 0.0163 0.0285 0.0327 0.0030 0.2125 0.6687 
   NS_SS0949  1 0.0194 0.0122 0.7109 0.0537 0.1325 0.0240 0.0016 0.0315 0.0140 
   NS_SS0960  1 0.2180 0.0084 0.1033 0.0137 0.4235 0.0207 0.0072 0.1558 0.0494 
   NS_SS0716  1 0.0029 0.9398 0.0116 0.0045 0.0089 0.0045 0.0057 0.0044 0.0177 
   NS_SS0924  1 0.0363 0.0414 0.0081 0.0110 0.6396 0.1683 0.0175 0.0160 0.0618 
   NS_SS0935  1 0.0196 0.0059 0.0262 0.0242 0.1643 0.0732 0.0069 0.0071 0.6725 
   NS_SS0952  1 0.0225 0.0224 0.3508 0.0058 0.4582 0.0114 0.0307 0.0864 0.0119 
   NS_SS0962  1 0.0135 0.2241 0.0114 0.2124 0.0483 0.0516 0.0083 0.0924 0.3380 
   NS_SS0973  1 0.0285 0.0035 0.0078 0.0126 0.1106 0.0044 0.0031 0.8113 0.0183 
   NS_SS0722  1 0.0098 0.9108 0.0032 0.0306 0.0082 0.0048 0.0020 0.0196 0.0110 
   NS_SS0979  1 0.0124 0.7908 0.0088 0.0259 0.0246 0.0200 0.0021 0.0119 0.1034 
   NS_SS0993  1 0.0068 0.0293 0.0046 0.0183 0.8830 0.0072 0.0129 0.0126 0.0252 
   NS_SS0958  1 0.0101 0.0674 0.7996 0.0092 0.0623 0.0231 0.0025 0.0129 0.0129 
   NS_SS0988  1 0.0195 0.0299 0.0091 0.0473 0.4647 0.0470 0.0052 0.3421 0.0352 
   NS_SS1003  1 0.8981 0.0092 0.0034 0.0319 0.0138 0.0063 0.0077 0.0192 0.0103 
   NS_SS0976  1 0.0114 0.0220 0.1056 0.2229 0.1546 0.4179 0.0018 0.0105 0.0532 
   NS_SS0964  1 0.0300 0.6602 0.0064 0.0092 0.0160 0.0091 0.0028 0.0263 0.2400 
   NS_SS0939  1 0.0060 0.8347 0.0096 0.0478 0.0513 0.0028 0.0036 0.0044 0.0399 
   NS_SS0990  1 0.0226 0.0107 0.0075 0.8983 0.0165 0.0117 0.0022 0.0137 0.0167 
   NS_SS0984  1 0.0070 0.3819 0.0029 0.4831 0.0074 0.0349 0.0028 0.0167 0.0633 
   NS_SS0980  1 0.0087 0.0104 0.0067 0.0212 0.0474 0.0256 0.0020 0.8251 0.0529 
   NS_SS0978  1 0.8710 0.0235 0.0176 0.0101 0.0366 0.0059 0.0025 0.0241 0.0086 
   NS_SS0951  1 0.0359 0.1308 0.1425 0.0057 0.5518 0.0236 0.0033 0.0569 0.0494 
   NS_SS0913  1 0.0475 0.0382 0.0101 0.0325 0.1399 0.0100 0.0351 0.0319 0.6547 
   NS_SS1002  1 0.0100 0.0088 0.0051 0.8174 0.0519 0.0101 0.0418 0.0493 0.0056 
   NS_SS0948  1 0.0094 0.0205 0.0295 0.6530 0.0922 0.0633 0.0524 0.0322 0.0474 
   NS_SS0916  1 0.8807 0.0075 0.0084 0.0118 0.0148 0.0641 0.0037 0.0044 0.0046 
   NS_SS0995  1 0.4399 0.0115 0.0036 0.0326 0.3798 0.0564 0.0033 0.0279 0.0451 
   NS_SS0927  1 0.8314 0.0122 0.0138 0.0072 0.0303 0.0765 0.0044 0.0092 0.0150 
   NS_SS0992  1 0.1299 0.0103 0.0248 0.0120 0.6989 0.0078 0.0027 0.0918 0.0218 
   NS_SS0912  1 0.0076 0.0111 0.0691 0.0667 0.0155 0.1923 0.0026 0.0109 0.6242 
   NS_SS0981  1 0.0349 0.1046 0.0123 0.2100 0.3203 0.0379 0.0041 0.0369 0.2390 
   NS_SS0729  2 0.0135 0.0044 0.0102 0.0098 0.0130 0.9264 0.0045 0.0129 0.0054 
   NS_SS0967  2 0.0194 0.0124 0.0107 0.0232 0.0084 0.0080 0.0084 0.8982 0.0113 
   NS_SS0941  2 0.0337 0.1027 0.0251 0.4710 0.0984 0.0387 0.1006 0.0856 0.0441 
   NS_SS0768  2 0.0333 0.3142 0.0849 0.2169 0.0282 0.0167 0.0047 0.2199 0.0811 
   NS_SS0726  2 0.2379 0.0161 0.0108 0.1703 0.4647 0.0423 0.0087 0.0384 0.0110 
   NS_SS0763  2 0.0317 0.2879 0.0173 0.0082 0.0226 0.5040 0.0020 0.0943 0.0320 
   NS_SS0730  2 0.0444 0.3345 0.0425 0.0176 0.0252 0.0238 0.0035 0.3935 0.1150 
   NS_SS0774  2 0.0234 0.8071 0.0063 0.0247 0.0109 0.0100 0.0009 0.1052 0.0116 
   NS_SS0723  2 0.0416 0.0194 0.0067 0.1036 0.1435 0.0208 0.0017 0.5402 0.1225 
   NS_SS0940  2 0.0722 0.0355 0.0717 0.2052 0.4117 0.0275 0.0059 0.0259 0.1444 
   NS_SS0762  2 0.1751 0.5158 0.0124 0.0194 0.0125 0.0146 0.0029 0.2297 0.0177 
   NS_SS0766  2 0.1411 0.1972 0.0368 0.0491 0.0278 0.0871 0.0159 0.0267 0.4183 
   NS_SS0724  2 0.0155 0.3659 0.0162 0.0523 0.0953 0.0787 0.0052 0.2333 0.1376 
   NS_SS0769  2 0.1686 0.0243 0.0076 0.0637 0.4191 0.1683 0.0041 0.0555 0.0889 
   NS_SS0777  2 0.0197 0.0771 0.0325 0.0295 0.3007 0.1180 0.0110 0.0062 0.4053 
   NS_SS0734  2 0.0674 0.0079 0.0512 0.0069 0.0114 0.0182 0.0241 0.0139 0.7989 
   NS_SS0737  2 0.4302 0.2828 0.0153 0.1897 0.0098 0.0043 0.0056 0.0318 0.0304 
   NS_SS0732  2 0.0165 0.0078 0.0055 0.0049 0.9313 0.0052 0.0039 0.0121 0.0127 
   NS_SS0728  2 0.0859 0.0845 0.0467 0.5281 0.0099 0.1000 0.0128 0.0360 0.0960 
   NS_SS0735  2 0.0302 0.0300 0.0239 0.0129 0.0375 0.0309 0.0079 0.7782 0.0486 
   NS_SS0725  2 0.0216 0.5917 0.0990 0.1237 0.0059 0.0380 0.0100 0.0988 0.0113 
   NS_SS0788  2 0.3271 0.0156 0.0120 0.0321 0.0307 0.0131 0.0015 0.3272 0.2407 
   NS_SS0778  2 0.8526 0.0064 0.0084 0.0372 0.0088 0.0074 0.0017 0.0591 0.0185 
   NS_SS0792  2 0.8342 0.0135 0.0089 0.0491 0.0087 0.0409 0.0052 0.0176 0.0221 
   NS_SS0943  2 0.0098 0.0086 0.3326 0.0054 0.0416 0.0056 0.0063 0.5670 0.0232 
   NS_SS0791  2 0.7862 0.0118 0.0093 0.0087 0.1177 0.0075 0.0120 0.0089 0.0379 
   NS_SS0790  2 0.0071 0.7609 0.0045 0.0077 0.0100 0.0045 0.0041 0.1503 0.0509 
   NS_SS0731  2 0.0076 0.5859 0.0076 0.0685 0.0071 0.0966 0.0119 0.0219 0.1929 
   NS_SS0727  2 0.1987 0.3689 0.0898 0.0310 0.0233 0.2030 0.0017 0.0631 0.0206 
   NS_SS0779  2 0.1262 0.1925 0.0142 0.0250 0.3291 0.0787 0.0056 0.0388 0.1898 
   NS_SS0776  2 0.0221 0.2518 0.0218 0.2151 0.4209 0.0149 0.0070 0.0174 0.0290 
   NS_SS0775  2 0.0087 0.8133 0.0055 0.0245 0.0046 0.0053 0.0069 0.0184 0.1128 
   NS_SS0965  3 0.0087 0.0418 0.0069 0.0150 0.1487 0.1339 0.0019 0.2412 0.4018 
   NS_SS0754  3 0.7133 0.0689 0.0202 0.0073 0.0387 0.0539 0.0104 0.0143 0.0730 
   NS_SS0838  3 0.0321 0.5166 0.1465 0.0693 0.1460 0.0143 0.0441 0.0142 0.0168 
   NS_SS0839  3 0.0117 0.0632 0.0054 0.7734 0.0124 0.0094 0.0045 0.1017 0.0182 
   NS_SS0832  3 0.0109 0.0090 0.0029 0.0179 0.0238 0.0052 0.0397 0.8355 0.0550 
   NS_SS0820  3 0.6539 0.2324 0.0049 0.0167 0.0118 0.0053 0.0078 0.0119 0.0554 
   NS_SS0886  3 0.1298 0.0108 0.0155 0.0276 0.0705 0.0969 0.0019 0.1535 0.4935 
   NS_SS0748  3 0.0126 0.6834 0.0363 0.0113 0.0242 0.1313 0.0079 0.0642 0.0289 
   NS_SS0884  3 0.6036 0.0515 0.0343 0.0933 0.0704 0.0118 0.0290 0.0864 0.0197 
   NS_SS0752  3 0.0155 0.0344 0.0708 0.2307 0.2657 0.0138 0.0026 0.0382 0.3282 
   NS_SS0862  3 0.0659 0.0757 0.0079 0.0123 0.0352 0.0084 0.0042 0.4537 0.3366 
   NS_SS0787  3 0.0185 0.0043 0.9108 0.0144 0.0100 0.0168 0.0054 0.0117 0.0080 
   NS_SS0843  3 0.0125 0.0469 0.0099 0.0129 0.1950 0.3434 0.0018 0.2018 0.1759 
   NS_SS0856  3 0.8478 0.0475 0.0127 0.0176 0.0097 0.0151 0.0036 0.0326 0.0136 
   NS_SS0846  3 0.0266 0.0103 0.0144 0.0423 0.0223 0.1080 0.0031 0.7567 0.0162 
   NS_SS0825  3 0.0217 0.0058 0.0257 0.5174 0.0055 0.1093 0.0097 0.0449 0.2601 
   NS_SS0757  3 0.0207 0.0259 0.0276 0.0381 0.0883 0.0233 0.0033 0.4931 0.2798 
   NS_SS0876  3 0.5152 0.0129 0.0395 0.0066 0.0289 0.0098 0.2174 0.1409 0.0288 
   NS_SS0903  3 0.0075 0.0089 0.0051 0.0103 0.0079 0.0077 0.0022 0.9447 0.0057 
   NS_SS0875  3 0.1478 0.2115 0.0229 0.0141 0.0110 0.1908 0.0033 0.0121 0.3865 
   NS_SS0740  3 0.0184 0.0177 0.0160 0.0288 0.8576 0.0145 0.0027 0.0188 0.0255 
   NS_SS0811  3 0.0088 0.8876 0.0115 0.0045 0.0248 0.0114 0.0091 0.0077 0.0347 
   NS_SS0751  3 0.0072 0.0117 0.1363 0.7735 0.0186 0.0095 0.0023 0.0052 0.0356 
   NS_SS0891  3 0.0245 0.5236 0.0146 0.3581 0.0102 0.0286 0.0074 0.0206 0.0124 
   NS_SS0867  3 0.0103 0.0149 0.0383 0.0198 0.0278 0.0280 0.0192 0.7842 0.0574 
   NS_SS0890  3 0.5739 0.1057 0.0461 0.0275 0.1684 0.0280 0.0034 0.0214 0.0255 
   NS_SS0866  3 0.6403 0.0901 0.1025 0.0199 0.0217 0.0754 0.0051 0.0204 0.0246 
   NS_SS0755  3 0.4325 0.4150 0.0117 0.0102 0.0108 0.0141 0.0076 0.0446 0.0536 
   NS_SS0758  3 0.0285 0.0097 0.0075 0.0160 0.0136 0.8211 0.0026 0.0659 0.0352 
   NS_SS0840  3 0.0075 0.0216 0.0190 0.0200 0.0054 0.0061 0.0018 0.9111 0.0075 
   NS_SS0889  3 0.0933 0.0143 0.2566 0.0309 0.1188 0.1373 0.0020 0.0290 0.3179 
   NS_SS1010  3 0.0154 0.2640 0.1187 0.0268 0.0265 0.0350 0.0506 0.4240 0.0392 
   NS_SS0888  3 0.9079 0.0088 0.0191 0.0035 0.0107 0.0105 0.0012 0.0092 0.0293 
   NS_SS0837  3 0.0072 0.0329 0.0102 0.0081 0.0162 0.0064 0.0023 0.5722 0.3445 
   NS_SS0794  3 0.0115 0.0340 0.8964 0.0098 0.0048 0.0144 0.0016 0.0062 0.0213 
   NS_SS0823  3 0.0204 0.2442 0.0641 0.2777 0.0512 0.0277 0.0062 0.2950 0.0136 
   NS_SS0829  3 0.0042 0.0175 0.7326 0.0068 0.0187 0.0121 0.0940 0.0997 0.0144 
   NS_SS0844  3 0.0393 0.2339 0.0059 0.0077 0.0178 0.0188 0.0023 0.6681 0.0062 
   NS_SS1008  3 0.0141 0.2423 0.1145 0.0081 0.3778 0.1110 0.0116 0.0294 0.0912 
   NS_SS0881  3 0.0619 0.0289 0.0330 0.1831 0.4540 0.0288 0.0031 0.0222 0.1852 
   NS_SS0834  3 0.0139 0.0270 0.0066 0.9075 0.0079 0.0102 0.0054 0.0114 0.0100 
   NS_SS0744  3 0.6508 0.0085 0.0107 0.0175 0.0982 0.0104 0.0074 0.1326 0.0640 
   NS_SS0899  3 0.0173 0.1682 0.0083 0.3478 0.3022 0.0061 0.0018 0.0252 0.1232 
   NS_SS0804  3 0.0154 0.0212 0.0031 0.1145 0.0142 0.0117 0.0029 0.7959 0.0210 
   NS_SS0781  3 0.0169 0.1014 0.0054 0.5520 0.0173 0.0110 0.0036 0.2539 0.0385 
   NS_SS0822  3 0.0427 0.0226 0.2474 0.0176 0.6081 0.0278 0.0023 0.0144 0.0170 
   NS_SS1004  3 0.0925 0.0188 0.0099 0.0073 0.5620 0.0407 0.0040 0.2176 0.0473 
   NS_SS0746  3 0.0202 0.3713 0.1006 0.0861 0.0806 0.0815 0.0135 0.2176 0.0286 
   NS_SS0880  3 0.0062 0.0227 0.0197 0.0327 0.0274 0.0061 0.0016 0.8406 0.0430 
   NS_SS0879  3 0.0556 0.3956 0.0173 0.0525 0.0480 0.0127 0.0187 0.3838 0.0158 
   NS_SS0753  3 0.0152 0.0075 0.0282 0.0081 0.8047 0.0352 0.0099 0.0124 0.0787 
   NS_SS1007  3 0.6788 0.0141 0.0134 0.0192 0.2143 0.0191 0.0018 0.0152 0.0240 
   NS_SS0872  3 0.0224 0.4062 0.0054 0.0708 0.0444 0.0199 0.0024 0.2523 0.1762 
   NS_SS1005  3 0.0175 0.0571 0.0239 0.3409 0.0769 0.0254 0.0012 0.4438 0.0134 
   NS_SS0892  3 0.1066 0.0703 0.0266 0.2558 0.0576 0.0141 0.0020 0.0271 0.4398 
   NS_SS0898  3 0.0377 0.0318 0.0578 0.0082 0.0148 0.1936 0.0068 0.0234 0.6260 
   NS_SS0801  3 0.0155 0.0183 0.0193 0.0461 0.0183 0.0199 0.0090 0.0998 0.7539 
   NS_SS0827  3 0.0079 0.0454 0.0470 0.0054 0.0223 0.5252 0.1155 0.0674 0.1639 
   NS_SS0853  3 0.0068 0.7880 0.0268 0.0069 0.0117 0.0730 0.0054 0.0527 0.0289 
   NS_SS0780  3 0.1027 0.0195 0.0099 0.5537 0.0121 0.0232 0.0044 0.1856 0.0889 
   NS_SS0826  3 0.0116 0.0103 0.0330 0.0453 0.0154 0.0073 0.0035 0.8662 0.0074 
   NS_SS0818  3 0.2206 0.0290 0.0137 0.1769 0.0230 0.0205 0.0018 0.3614 0.1531 
   NS_SS0745  3 0.0080 0.3059 0.0160 0.5080 0.0089 0.0074 0.0019 0.0067 0.1371 
   NS_SS0849  3 0.0357 0.0147 0.0200 0.0196 0.0598 0.0152 0.0015 0.1023 0.7313 
   NS_SS0739  3 0.9040 0.0166 0.0081 0.0116 0.0100 0.0110 0.0104 0.0105 0.0178 
   NS_SS0799  3 0.3178 0.0218 0.0284 0.0427 0.3952 0.0985 0.0011 0.0302 0.0643 
   NS_SS0756  3 0.0082 0.0116 0.0049 0.0290 0.0072 0.0074 0.0026 0.9210 0.0083 
   NS_SS0802  3 0.4556 0.0096 0.0191 0.1371 0.0242 0.0131 0.2065 0.0361 0.0989 
   NS_SS0747  3 0.0638 0.0162 0.0116 0.0369 0.6351 0.0159 0.0074 0.1913 0.0217 
   NS_SS0835  3 0.0518 0.0071 0.0082 0.0195 0.0056 0.8788 0.0009 0.0226 0.0056 
   NS_SS0742  3 0.8470 0.0106 0.0076 0.0293 0.0341 0.0152 0.0011 0.0388 0.0162 
   NS_SS0760  3 0.0142 0.0106 0.1461 0.0070 0.0222 0.7123 0.0366 0.0103 0.0408 
   NS_SS0803  3 0.0059 0.0121 0.0034 0.0061 0.0094 0.0066 0.0060 0.9384 0.0120 
   NS_SS0828  3 0.0262 0.0274 0.0180 0.0303 0.0820 0.0178 0.0015 0.0402 0.7566 
   NS_SS0865  3 0.7786 0.0143 0.0446 0.0087 0.0076 0.0064 0.0245 0.0884 0.0270 
   NS_SS0759  3 0.0247 0.0167 0.0084 0.0154 0.0851 0.0092 0.0049 0.0929 0.7427 
   NS_SS0851  3 0.0076 0.6551 0.0284 0.0713 0.0069 0.0088 0.0168 0.0331 0.1720 
   NS_SS0874  3 0.0099 0.1832 0.0073 0.0481 0.6338 0.0199 0.0015 0.0852 0.0111 
   NS_SS0761  3 0.0063 0.0151 0.1180 0.0245 0.0311 0.3932 0.0025 0.2682 0.1412 
   NS_SS0842  3 0.0197 0.2410 0.0274 0.0167 0.3672 0.0098 0.0083 0.2236 0.0862 
   NS_SS0785  3 0.0167 0.0111 0.0198 0.0097 0.0228 0.0160 0.0048 0.8548 0.0443 
   NS_SS0860  3 0.7272 0.0092 0.0127 0.0062 0.0180 0.1966 0.0030 0.0171 0.0100 
   NS_SS0897  3 0.0125 0.0071 0.9164 0.0042 0.0074 0.0259 0.0024 0.0066 0.0176 
   NS_SS0841  3 0.0432 0.2749 0.2220 0.0211 0.0242 0.0083 0.0046 0.2271 0.1746 
   NS_SS0797  3 0.0209 0.0200 0.1138 0.0078 0.0228 0.0602 0.0243 0.1196 0.6107 
   NS_SS0830  3 0.0549 0.1370 0.0275 0.0132 0.4180 0.0130 0.0028 0.0280 0.3057 
   NS_SS1011  3 0.0477 0.0268 0.0030 0.0931 0.0131 0.0167 0.0045 0.7162 0.0789 
   NS_SS0883  3 0.0403 0.0210 0.0356 0.0115 0.4204 0.0437 0.0065 0.0133 0.4077 
   NS_SS0782  3 0.0398 0.0365 0.0347 0.0121 0.0089 0.3252 0.0032 0.5219 0.0178 
   NS_SS0831  3 0.0131 0.0105 0.1275 0.0093 0.0193 0.2255 0.0024 0.1737 0.4187 
   NS_SS0749  3 0.0760 0.0080 0.0156 0.0288 0.7567 0.0149 0.0024 0.0161 0.0815 
   NS_SS0854  3 0.6995 0.0237 0.0671 0.0290 0.1000 0.0245 0.0033 0.0120 0.0408 
   HI_SS0193  4 0.0098 0.0069 0.9435 0.0105 0.0040 0.0076 0.0014 0.0100 0.0064 
   HI_SS0194  4 0.0047 0.0187 0.0577 0.8245 0.0096 0.0061 0.0019 0.0674 0.0095 
   HI_SS0195  4 0.0486 0.1037 0.0087 0.2943 0.0069 0.0042 0.1141 0.3733 0.0463 
   HI_SS0196  4 0.0278 0.0739 0.7627 0.0549 0.0214 0.0130 0.0031 0.0233 0.0200 
   HI_SS0197  4 0.0128 0.0060 0.0031 0.9507 0.0050 0.0047 0.0077 0.0059 0.0039 
   HI_SS0198  4 0.1584 0.0768 0.0583 0.0414 0.2610 0.1596 0.0102 0.0440 0.1902 
   HI_SS0199  4 0.3089 0.0040 0.0346 0.0261 0.0127 0.5407 0.0026 0.0212 0.0492 
   HI_SS0201  4 0.0469 0.0085 0.1112 0.0097 0.0739 0.4968 0.0024 0.0242 0.2263 
   HI_SS0215  4 0.0160 0.0080 0.0198 0.0122 0.0071 0.8735 0.0034 0.0272 0.0329 
   HI_SS0218  4 0.0126 0.0149 0.8756 0.0162 0.0050 0.0306 0.0071 0.0108 0.0273 
   HI_SS0222  4 0.0270 0.0420 0.0142 0.0103 0.0079 0.8471 0.0065 0.0070 0.0381 
   HI_SS0230  4 0.0108 0.1624 0.0062 0.0310 0.6722 0.0407 0.0059 0.0435 0.0273 
   HI_SS0234  4 0.0090 0.0079 0.0046 0.0314 0.0333 0.7566 0.1314 0.0195 0.0062 
   HI_SS0240  4 0.8113 0.0701 0.0138 0.0155 0.0053 0.0159 0.0069 0.0338 0.0275 
   HI_SS0241  4 0.8028 0.0113 0.0112 0.0683 0.0062 0.0784 0.0025 0.0071 0.0122 
   HI_SS0242  4 0.3288 0.2149 0.0161 0.0098 0.1086 0.0510 0.0027 0.0851 0.1830 
   HI_SS0247  4 0.0115 0.0351 0.0103 0.5157 0.0559 0.0133 0.0249 0.0616 0.2718 
   HI_SS0248  4 0.0103 0.0772 0.2811 0.0092 0.4176 0.1434 0.0010 0.0092 0.0510 
   HI_SS0252  4 0.0099 0.0125 0.0209 0.5158 0.0094 0.0105 0.0030 0.3786 0.0394 
   HI_SS0254  4 0.0102 0.0068 0.0082 0.0254 0.7811 0.0705 0.0721 0.0078 0.0178 
   HI_SS0256  4 0.0105 0.3077 0.0028 0.0092 0.0073 0.0031 0.0014 0.6494 0.0085 
   HI_SS0257  4 0.2141 0.0155 0.0595 0.0436 0.2384 0.2154 0.0035 0.1896 0.0205 
   HI_SS0258  4 0.0177 0.0137 0.8736 0.0103 0.0256 0.0205 0.0046 0.0116 0.0223 
   HI_SS0259  4 0.0374 0.0125 0.0043 0.9048 0.0115 0.0090 0.0030 0.0057 0.0118 
   HI_SS0260  4 0.0510 0.3991 0.3902 0.0172 0.0625 0.0271 0.0021 0.0347 0.0163 
   HI_SS0261  4 0.0398 0.0961 0.1062 0.1749 0.3533 0.1355 0.0038 0.0416 0.0488 
   HI_SS0262  4 0.1332 0.0269 0.0094 0.0213 0.0114 0.0061 0.0062 0.7316 0.0539 
   HI_SS0264  4 0.0103 0.6065 0.0415 0.2396 0.0233 0.0099 0.0059 0.0494 0.0135 
   HI_SS0265  4 0.1990 0.4326 0.0068 0.0721 0.0403 0.0126 0.1160 0.0161 0.1045 
   HI_SS0268  4 0.0752 0.0546 0.4796 0.1301 0.0300 0.0297 0.0034 0.0109 0.1866 
   HI_SS0269  4 0.6305 0.0071 0.0442 0.0109 0.0368 0.2532 0.0014 0.0095 0.0063 
   HI_SS0273  4 0.0499 0.0102 0.7230 0.0086 0.0168 0.0065 0.0016 0.0566 0.1268 
   HI_SS0277  4 0.0315 0.0084 0.0170 0.0339 0.0547 0.4632 0.0028 0.3732 0.0152 
   HI_SS0280  4 0.0275 0.0346 0.0933 0.1353 0.3892 0.0273 0.0050 0.0555 0.2323 
   HI_SS0282  4 0.0067 0.0083 0.4059 0.0233 0.0610 0.0146 0.0014 0.3493 0.1294 
   HI_SS0286  4 0.2936 0.0201 0.0331 0.1027 0.0402 0.2837 0.0086 0.1463 0.0717 
   NS_SS1252  5 0.0053 0.0036 0.0174 0.0096 0.0103 0.9324 0.0035 0.0065 0.0114 
   NS_SS1261  5 0.0257 0.0313 0.1665 0.5142 0.0671 0.0358 0.0182 0.1040 0.0373 
   NS_SS1225  5 0.0169 0.0248 0.0286 0.0594 0.0928 0.4904 0.1052 0.1238 0.0583 
   NS_SS1266  5 0.0708 0.3282 0.0072 0.0267 0.0914 0.0056 0.0069 0.4489 0.0143 
   NS_SS1228  5 0.1383 0.1390 0.0166 0.0350 0.0353 0.0097 0.0193 0.0129 0.5939 
   NS_SS1255  5 0.0081 0.1097 0.6522 0.1184 0.0125 0.0610 0.0015 0.0308 0.0058 
   NS_SS1267  5 0.0059 0.0059 0.0081 0.0049 0.0145 0.9368 0.0097 0.0039 0.0103 
   NS_SS1238  5 0.0091 0.0102 0.7827 0.1309 0.0284 0.0102 0.0027 0.0151 0.0106 
   NS_SS1233  5 0.0040 0.2984 0.1446 0.0149 0.0119 0.0196 0.0028 0.2544 0.2496 
   NS_SS1277  5 0.0124 0.0197 0.0284 0.0302 0.0684 0.8134 0.0011 0.0118 0.0148 
   NS_SS1245  5 0.0142 0.1403 0.0340 0.1345 0.0771 0.1461 0.0020 0.2090 0.2428 
   NS_SS1240  5 0.0066 0.0053 0.0093 0.0092 0.0052 0.9513 0.0021 0.0067 0.0044 
   NS_SS1275  5 0.0845 0.1479 0.0052 0.5845 0.0140 0.0089 0.0031 0.1258 0.0262 
   NS_SS1235  5 0.0142 0.0316 0.1626 0.1183 0.0109 0.0069 0.0040 0.6428 0.0087 
   NS_SS1263  5 0.0074 0.7133 0.0124 0.1399 0.0291 0.0356 0.0009 0.0258 0.0357 
   NS_SS1251  5 0.0093 0.0249 0.0112 0.0763 0.0725 0.3024 0.0016 0.4920 0.0098 
   NS_SS1248  5 0.0041 0.0064 0.0210 0.0071 0.0055 0.0035 0.0620 0.0059 0.8843 
   NS_SS1244  5 0.4273 0.0069 0.0244 0.1561 0.2738 0.0193 0.0040 0.0248 0.0636 
   NS_SS1257  5 0.4252 0.0088 0.0528 0.0077 0.0428 0.1909 0.0247 0.0219 0.2253 
   NS_SS1242  5 0.0244 0.5881 0.0102 0.0296 0.0183 0.0085 0.0029 0.2822 0.0359 
   NS_SS1271  5 0.0994 0.0130 0.0266 0.0111 0.0120 0.6982 0.0402 0.0087 0.0908 
   NS_SS1265  5 0.0195 0.0336 0.2721 0.0173 0.0260 0.5750 0.0208 0.0178 0.0180 
   NS_SS1243  5 0.0241 0.5209 0.0827 0.0969 0.0552 0.0123 0.1000 0.0091 0.0988 
   NS_SS1273  5 0.0257 0.9164 0.0073 0.0087 0.0052 0.0033 0.0093 0.0132 0.0108 
   NS_SS1254  5 0.0197 0.9030 0.0069 0.0103 0.0108 0.0084 0.0053 0.0323 0.0033 
   NS_SS1224  5 0.0426 0.0761 0.0094 0.0170 0.0263 0.0184 0.0074 0.7759 0.0269 
   NS_SS1227  5 0.5630 0.1305 0.0125 0.0295 0.1813 0.0358 0.0015 0.0073 0.0386 
   NS_SS1274  5 0.0263 0.0252 0.1710 0.0476 0.5535 0.0300 0.0177 0.0216 0.1072 
   NS_SS1241  5 0.0183 0.0806 0.5904 0.0244 0.2187 0.0126 0.0011 0.0356 0.0183 
   NS_SS1256  5 0.0047 0.0136 0.0099 0.0538 0.0073 0.0196 0.0367 0.8451 0.0093 
   NS_SS1260  5 0.5831 0.0248 0.0228 0.0159 0.0145 0.0577 0.0603 0.0190 0.2018 
   NS_SS1262  5 0.0268 0.0156 0.0236 0.0067 0.5826 0.0168 0.1588 0.1580 0.0111 
   NS_SS1230  5 0.0099 0.0638 0.6889 0.0366 0.0225 0.0083 0.0081 0.0201 0.1418 
   NS_SS1270  5 0.0146 0.0128 0.0116 0.0916 0.0683 0.0155 0.0023 0.3862 0.3971 
   NS_SS1229  5 0.0055 0.0031 0.0030 0.9680 0.0056 0.0036 0.0030 0.0044 0.0037 
   NS_SS1246  5 0.0057 0.0051 0.0065 0.9437 0.0070 0.0191 0.0023 0.0057 0.0049 
   NS_SS1269  5 0.3709 0.1210 0.1521 0.0658 0.0155 0.0963 0.0024 0.1139 0.0620 
   NS_SS1239  5 0.8430 0.0133 0.0084 0.0067 0.0582 0.0125 0.0060 0.0282 0.0237 
   NS_SS1272  5 0.0107 0.0276 0.0042 0.5838 0.0070 0.3039 0.0049 0.0365 0.0215 
   NS_SS1268  5 0.0136 0.0118 0.0115 0.0072 0.0085 0.0038 0.0024 0.0564 0.8848 
   NS_SS1249  5 0.0486 0.0503 0.7898 0.0135 0.0087 0.0488 0.0123 0.0141 0.0139 
   HI_SS0559  6 0.0130 0.0425 0.0293 0.0120 0.0520 0.0105 0.0019 0.0134 0.8254 
   HI_SS0563  6 0.0158 0.0261 0.0187 0.0049 0.0181 0.0926 0.0027 0.8119 0.0093 
   HI_SS0564  6 0.0886 0.0246 0.0154 0.0530 0.4060 0.0125 0.0704 0.2675 0.0620 
   HI_SS0565  6 0.0448 0.0580 0.0574 0.3589 0.0285 0.1886 0.0029 0.0398 0.2211 
   HI_SS0569  6 0.0065 0.0060 0.0514 0.0131 0.1441 0.6586 0.0024 0.0191 0.0988 
   HI_SS0570  6 0.0450 0.0138 0.8458 0.0182 0.0102 0.0102 0.0403 0.0101 0.0064 
   HI_SS0572  6 0.5850 0.1393 0.0097 0.0846 0.0092 0.0202 0.0019 0.1340 0.0160 
   HI_SS0576  6 0.0159 0.0174 0.0238 0.0088 0.0064 0.0059 0.0043 0.0167 0.9008 
   HI_SS0579  6 0.0113 0.0050 0.0051 0.0050 0.8804 0.0514 0.0091 0.0192 0.0136 
   HI_SS0580  6 0.0513 0.2384 0.0356 0.0356 0.0129 0.5562 0.0052 0.0105 0.0543 
   HI_SS0581  6 0.8642 0.0089 0.0054 0.0188 0.0071 0.0055 0.0445 0.0087 0.0369 
   HI_SS0583  6 0.0038 0.0088 0.0027 0.0063 0.0024 0.9683 0.0021 0.0029 0.0027 
   HI_SS0586  6 0.0054 0.0113 0.0201 0.0077 0.0256 0.7152 0.0012 0.0080 0.2056 
   HI_SS0588  6 0.0229 0.0530 0.1267 0.0141 0.0263 0.5504 0.0232 0.1259 0.0576 
   HI_SS0595  6 0.0713 0.0543 0.0985 0.0289 0.2710 0.1524 0.0294 0.0318 0.2623 
   HI_SS0596  6 0.0591 0.7204 0.0165 0.1174 0.0453 0.0086 0.0025 0.0204 0.0098 
   HI_SS0597  6 0.0100 0.0741 0.0261 0.7601 0.0208 0.0477 0.0020 0.0385 0.0208 
   HI_SS0600  6 0.9339 0.0044 0.0048 0.0081 0.0107 0.0120 0.0034 0.0190 0.0037 
   HI_SS0601  6 0.0067 0.0120 0.0056 0.0098 0.9139 0.0224 0.0070 0.0121 0.0104 
   HI_SS0602  6 0.0092 0.0099 0.0141 0.0097 0.1320 0.1209 0.0026 0.0184 0.6832 
   HI_SS0604  6 0.0212 0.0315 0.0277 0.0410 0.1151 0.6531 0.0020 0.0390 0.0694 
   HI_SS0605  6 0.7220 0.0191 0.0153 0.0045 0.0093 0.0178 0.0065 0.0529 0.1526 
   HI_SS0608  6 0.0066 0.0404 0.0158 0.0333 0.8699 0.0207 0.0010 0.0039 0.0083 
   HI_SS0609  6 0.0593 0.1390 0.0782 0.0454 0.0130 0.0508 0.0010 0.5903 0.0230 
   HI_SS0611  6 0.0075 0.0572 0.0370 0.0066 0.3067 0.3783 0.0026 0.0071 0.1969 
   HI_SS0612  6 0.2066 0.0072 0.0115 0.0088 0.0054 0.0187 0.0078 0.7263 0.0078 
   HI_SS0613  6 0.0483 0.0458 0.0101 0.0043 0.0224 0.0174 0.0018 0.0486 0.8011 
   HI_SS0615  6 0.1960 0.0321 0.0085 0.0223 0.4388 0.0069 0.0093 0.0503 0.2359 
   HI_SS0001  6 0.2679 0.0439 0.0165 0.4389 0.0063 0.1776 0.0035 0.0118 0.0336 
   HI_SS0002  6 0.0321 0.1175 0.0094 0.0110 0.0166 0.2273 0.0300 0.5297 0.0265 
   HI_SS0004  6 0.5169 0.0309 0.3552 0.0364 0.0099 0.0176 0.0064 0.0102 0.0165 
   HI_SS0005  6 0.0273 0.0107 0.0239 0.0118 0.0135 0.0064 0.0042 0.0110 0.8912 
   HI_SS0006  6 0.0185 0.0095 0.0254 0.0113 0.0214 0.7383 0.0018 0.1625 0.0113 
   HI_SS0007  6 0.0126 0.0099 0.1219 0.0061 0.3289 0.0334 0.0024 0.0079 0.4769 
   HI_SS0008  6 0.0553 0.0317 0.0047 0.0795 0.5753 0.0188 0.0413 0.1328 0.0606 
   HI_SS0009  6 0.0221 0.5514 0.0441 0.0278 0.2334 0.0124 0.0056 0.0194 0.0838 
   HI_SS0010  6 0.0066 0.0141 0.0228 0.0083 0.9227 0.0082 0.0027 0.0063 0.0083 
   HI_SS0011  6 0.0110 0.1980 0.0612 0.0670 0.0244 0.0064 0.0750 0.4956 0.0615 
   HI_SS0012  6 0.0702 0.0139 0.0070 0.0163 0.4071 0.0349 0.0064 0.2861 0.1581 
   HI_SS0017  6 0.0115 0.6028 0.0386 0.2915 0.0322 0.0098 0.0017 0.0068 0.0051 
   HI_SS0021  6 0.0470 0.1970 0.0727 0.0060 0.0147 0.3890 0.2424 0.0071 0.0241 
   HI_SS0024  6 0.0651 0.7464 0.0557 0.0505 0.0077 0.0089 0.0020 0.0209 0.0429 
   HI_SS0025  6 0.0072 0.9496 0.0091 0.0050 0.0063 0.0096 0.0029 0.0046 0.0056 
   HI_SS0027  6 0.0077 0.0091 0.7274 0.0058 0.1401 0.0193 0.0127 0.0283 0.0497 
   HI_SS0028  6 0.0058 0.3994 0.0091 0.0301 0.0089 0.0361 0.0020 0.0164 0.4922 
   HI_SS0029  6 0.0098 0.4083 0.0136 0.0339 0.0168 0.0498 0.0068 0.0231 0.4380 
   HI_SS0030  6 0.0665 0.0072 0.0089 0.0218 0.8453 0.0305 0.0044 0.0067 0.0087 
   HI_SS0031  6 0.2144 0.1131 0.0105 0.0541 0.3865 0.0296 0.0041 0.1502 0.0375 
   HI_SS0034  6 0.0300 0.0128 0.0219 0.1368 0.0387 0.1833 0.0037 0.1159 0.4568 
   HI_SS0036  6 0.2359 0.0170 0.0549 0.0493 0.1244 0.0576 0.0088 0.0044 0.4477 
   HI_SS0037  6 0.0117 0.0572 0.8212 0.0078 0.0588 0.0170 0.0048 0.0126 0.0088 
   HI_SS0039  6 0.0061 0.0131 0.0208 0.0056 0.0089 0.0083 0.0026 0.0262 0.9084 
   HI_SS0041  6 0.0396 0.8129 0.0157 0.0482 0.0168 0.0302 0.0019 0.0121 0.0226 
   HI_SS0042  6 0.0579 0.1937 0.0123 0.4476 0.0599 0.0123 0.1386 0.0242 0.0534 
   HI_SS0043  6 0.0109 0.0058 0.1229 0.0139 0.7880 0.0405 0.0029 0.0066 0.0086 
   HI_SS0044  6 0.0386 0.6328 0.2408 0.0259 0.0087 0.0124 0.0028 0.0067 0.0313 
   HI_SS0047  6 0.0173 0.0201 0.0050 0.2340 0.4684 0.0287 0.0022 0.0227 0.2016 
   HI_SS0049  6 0.0089 0.7959 0.0215 0.0390 0.0602 0.0139 0.0052 0.0312 0.0242 
   HI_SS0051  6 0.0376 0.0227 0.0148 0.0061 0.0116 0.0164 0.0019 0.8187 0.0702 
   HI_SS0053  6 0.0458 0.0126 0.0712 0.0694 0.0507 0.6405 0.0060 0.0077 0.0961 
   HI_SS0054  6 0.0051 0.0051 0.2432 0.0140 0.0230 0.0690 0.0037 0.0165 0.6204 
   HI_SS0057  6 0.0065 0.0074 0.0140 0.0466 0.6914 0.0105 0.0027 0.0142 0.2067 
   HI_SS0058  6 0.0813 0.0918 0.3471 0.0446 0.0862 0.1316 0.0094 0.1294 0.0785 
   HI_SS0060  6 0.0265 0.0062 0.0139 0.0060 0.8785 0.0038 0.0530 0.0056 0.0065 
   HI_SS0087  6 0.0221 0.0083 0.0278 0.0207 0.0178 0.8167 0.0020 0.0549 0.0298 
   HI_SS0091  6 0.1911 0.0086 0.0118 0.0405 0.0146 0.7163 0.0013 0.0084 0.0075 
   HI_SS0095  6 0.8495 0.0181 0.0045 0.0149 0.0145 0.0150 0.0357 0.0285 0.0193 
   HI_SS0097  6 0.0039 0.0061 0.0082 0.0094 0.9401 0.0041 0.0029 0.0191 0.0062 
   HI_SS0099  6 0.0289 0.8707 0.0081 0.0151 0.0119 0.0084 0.0050 0.0377 0.0141 
   HI_SS0103  6 0.7203 0.0300 0.0083 0.0329 0.1069 0.0371 0.0028 0.0497 0.0120 
   HI_SS0105  6 0.0312 0.0101 0.0154 0.8171 0.0286 0.0082 0.0295 0.0488 0.0112 
   HI_SS0107  6 0.0263 0.5407 0.0135 0.2987 0.0166 0.0286 0.0011 0.0671 0.0076 
   HI_SS0108  6 0.0080 0.0051 0.9025 0.0087 0.0108 0.0259 0.0204 0.0087 0.0099 
   HI_SS0110  6 0.2717 0.0278 0.0241 0.4374 0.1769 0.0235 0.0013 0.0232 0.0141 
   HI_SS0111  6 0.4305 0.0109 0.0050 0.0144 0.4038 0.0489 0.0273 0.0339 0.0254 
   HI_SS0112  6 0.0028 0.0026 0.9733 0.0033 0.0043 0.0039 0.0011 0.0056 0.0030 
   HI_SS0113  6 0.0139 0.1281 0.0110 0.3043 0.0106 0.0534 0.0036 0.4643 0.0107 
   HI_SS0114  6 0.0193 0.0184 0.0239 0.0047 0.0131 0.6081 0.0047 0.1880 0.1199 
   HI_SS0115  6 0.0626 0.6087 0.0469 0.0030 0.1755 0.0315 0.0139 0.0375 0.0204 
   HI_SS0116  6 0.0066 0.0333 0.0426 0.0276 0.0071 0.8607 0.0035 0.0068 0.0119 
   HI_SS0117  6 0.0048 0.0065 0.0993 0.7490 0.0115 0.0715 0.0022 0.0136 0.0416 
   HI_SS0118  6 0.0203 0.1484 0.0319 0.0075 0.0072 0.6594 0.0117 0.0846 0.0292 
   HI_SS0119  6 0.2935 0.0043 0.1213 0.0129 0.4728 0.0139 0.0011 0.0503 0.0298 
   HI_SS0120  6 0.0091 0.0345 0.0121 0.9098 0.0067 0.0144 0.0025 0.0078 0.0031 
   HI_SS0121  6 0.0906 0.1998 0.0067 0.0543 0.0816 0.0163 0.0013 0.2860 0.2634 
   HI_SS0122  6 0.8134 0.0421 0.0628 0.0109 0.0087 0.0099 0.0213 0.0089 0.0219 
   HI_SS0123  6 0.1391 0.0147 0.0093 0.0322 0.0339 0.0745 0.0045 0.6815 0.0102 
   HI_SS0124  6 0.0479 0.4841 0.0111 0.0909 0.0226 0.0106 0.0029 0.0587 0.2713 
   HI_SS0125  6 0.8647 0.0130 0.0044 0.0418 0.0058 0.0085 0.0289 0.0103 0.0227 
   HI_SS0126  6 0.0150 0.0223 0.8517 0.0137 0.0101 0.0127 0.0012 0.0107 0.0627 
   HI_SS0127  6 0.0091 0.0235 0.0110 0.0027 0.3661 0.0084 0.0065 0.0112 0.5614 
   HI_SS0128  6 0.1538 0.4190 0.0145 0.2135 0.1235 0.0350 0.0025 0.0262 0.0119 
   HI_SS0129  6 0.2525 0.0464 0.0681 0.1546 0.0103 0.3475 0.0125 0.0111 0.0972 
   HI_SS0131  6 0.0148 0.0259 0.8391 0.0063 0.0174 0.0074 0.0379 0.0211 0.0301 
   HI_SS0132  6 0.7954 0.0104 0.0301 0.0157 0.0196 0.0299 0.0007 0.0581 0.0401 
   HI_SS0133  6 0.0041 0.0031 0.9623 0.0043 0.0043 0.0081 0.0012 0.0033 0.0094 
   HI_SS0134  6 0.1405 0.0399 0.1938 0.0833 0.0152 0.0322 0.0023 0.4636 0.0291 
   HI_SS0142  6 0.0223 0.0129 0.0056 0.0250 0.0081 0.0137 0.0107 0.8452 0.0565 
   HI_SS0145  6 0.0088 0.0109 0.0127 0.0077 0.8725 0.0551 0.0014 0.0189 0.0119 
   HI_SS0146  6 0.1106 0.0162 0.3311 0.0053 0.0137 0.0259 0.0011 0.2310 0.2651 
   HI_SS0147  6 0.0108 0.0186 0.0187 0.0229 0.0163 0.0051 0.0216 0.8665 0.0196 
   HI_SS0149  6 0.0652 0.0171 0.1260 0.4813 0.1904 0.0060 0.0037 0.0516 0.0587 
   HI_SS0150  6 0.0698 0.2520 0.0094 0.1538 0.0216 0.0515 0.0061 0.0175 0.4184 
   HI_SS0151  6 0.1057 0.0241 0.0487 0.0094 0.2813 0.0749 0.0126 0.0445 0.3987 
   NS_SS1451  6 0.5364 0.1934 0.0072 0.0211 0.0151 0.0036 0.0037 0.0402 0.1793 
   NS_SS1404  6 0.0587 0.5435 0.0417 0.0192 0.0199 0.0136 0.0129 0.1054 0.1852 
   NS_SS1432  6 0.0316 0.7310 0.0049 0.1099 0.0167 0.0100 0.0437 0.0136 0.0386 
   NS_SS1405  6 0.0307 0.6560 0.2278 0.0089 0.0327 0.0117 0.0040 0.0190 0.0092 
   NS_SS1431  6 0.0106 0.0661 0.0084 0.8542 0.0160 0.0070 0.0008 0.0111 0.0259 
   NS_SS1402  6 0.0538 0.0256 0.0100 0.0260 0.0231 0.6602 0.0036 0.1815 0.0160 
   NS_SS1450  6 0.0398 0.0534 0.3036 0.2605 0.0184 0.1028 0.0043 0.0274 0.1897 
   NS_SS1396  6 0.0637 0.3642 0.0277 0.0460 0.4539 0.0118 0.0066 0.0108 0.0152 
   NS_SS1393  6 0.0090 0.0180 0.0048 0.0066 0.0141 0.9210 0.0040 0.0103 0.0122 
   NS_SS1392  6 0.1843 0.0286 0.0418 0.6847 0.0072 0.0098 0.0192 0.0100 0.0145 
   NS_SS1445  6 0.1624 0.1001 0.0177 0.0677 0.0975 0.1831 0.0101 0.0222 0.3392 
   NS_SS1423  6 0.0685 0.0113 0.6846 0.0862 0.0202 0.0859 0.0014 0.0245 0.0173 
   NS_SS1421  6 0.0065 0.0142 0.3918 0.4244 0.0434 0.0067 0.0851 0.0106 0.0174 
   NS_SS1411  6 0.0088 0.0090 0.9082 0.0078 0.0244 0.0154 0.0012 0.0055 0.0197 
   NS_SS1453  6 0.0526 0.0248 0.0533 0.1467 0.4513 0.1675 0.0074 0.0741 0.0224 
   NS_SS1442  6 0.0706 0.0275 0.3342 0.0868 0.0151 0.0417 0.0034 0.0508 0.3699 
   NS_SS1422  6 0.1642 0.0324 0.0112 0.0199 0.0653 0.0876 0.0125 0.5748 0.0321 
   NS_SS1419  6 0.0170 0.3846 0.0497 0.0534 0.1733 0.0295 0.1608 0.0701 0.0616 
   NS_SS1427  6 0.0535 0.0139 0.0696 0.0433 0.0554 0.7454 0.0020 0.0037 0.0131 
   NS_SS1444  6 0.0156 0.7997 0.0111 0.0154 0.0975 0.0221 0.0034 0.0179 0.0173 
   NS_SS1455  6 0.0037 0.0855 0.0327 0.0234 0.0160 0.0142 0.0014 0.8094 0.0136 
   NS_SS1425  6 0.0061 0.0026 0.9304 0.0066 0.0152 0.0139 0.0014 0.0080 0.0158 
   NS_SS1400  6 0.0032 0.0063 0.9541 0.0042 0.0062 0.0072 0.0013 0.0085 0.0091 
   NS_SS1406  6 0.0083 0.0375 0.0044 0.0597 0.0192 0.0128 0.0075 0.8363 0.0143 
   NS_SS1417  6 0.0666 0.4397 0.1318 0.0128 0.0643 0.0707 0.0081 0.1940 0.0119 
   NS_SS1454  6 0.0184 0.0332 0.5738 0.3080 0.0077 0.0107 0.0014 0.0127 0.0342 
   NS_SS1412  6 0.1445 0.0942 0.1621 0.1672 0.0195 0.0277 0.0319 0.0496 0.3032 
   NS_SS1438  6 0.0259 0.0169 0.0461 0.0144 0.0246 0.7739 0.0015 0.0853 0.0115 
   NS_SS1416  6 0.0244 0.0082 0.0062 0.0221 0.0077 0.0196 0.0049 0.8982 0.0088 
   NS_SS1401  6 0.1582 0.0269 0.0814 0.6711 0.0118 0.0043 0.0137 0.0259 0.0065 
   NS_SS1424  6 0.0167 0.0068 0.0530 0.0187 0.0151 0.0213 0.0104 0.6817 0.1763 
   NS_SS1435  6 0.0167 0.0085 0.0448 0.1535 0.0095 0.0179 0.0023 0.0106 0.7363 
   NS_SS1447  6 0.0161 0.8583 0.0183 0.0109 0.0155 0.0084 0.0074 0.0284 0.0368 
   NS_SS1414  6 0.0031 0.9339 0.0053 0.0081 0.0063 0.0096 0.0057 0.0157 0.0123 
   NS_SS1449  6 0.5690 0.0064 0.0093 0.0527 0.3276 0.0094 0.0025 0.0151 0.0080 
   NS_SS1443  6 0.0132 0.0060 0.0627 0.0143 0.7076 0.1046 0.0017 0.0290 0.0609 
   NS_SS1434  6 0.0545 0.0781 0.1163 0.1933 0.1531 0.3886 0.0006 0.0116 0.0038 
   NS_SS1398  6 0.0506 0.0241 0.0190 0.0315 0.0078 0.0078 0.0134 0.0048 0.8409 
   NS_SS1426  6 0.1114 0.0101 0.0441 0.0191 0.1024 0.6660 0.0024 0.0309 0.0137 
   NS_SS1413  6 0.0076 0.0039 0.9430 0.0063 0.0054 0.0046 0.0106 0.0045 0.0141 
   NS_SS1395  6 0.2510 0.0088 0.0209 0.0099 0.5744 0.0971 0.0090 0.0096 0.0193 
   NS_SS1448  6 0.0101 0.0302 0.0237 0.1111 0.0918 0.0061 0.0017 0.0071 0.7182 
   NS_SS1446  6 0.8967 0.0071 0.0117 0.0315 0.0068 0.0202 0.0029 0.0122 0.0109 
   NS_SS1403  6 0.0151 0.0220 0.0046 0.0550 0.0081 0.8605 0.0054 0.0065 0.0227 
   NS_SS1415  6 0.0033 0.0070 0.1975 0.0071 0.0134 0.0079 0.0050 0.0136 0.7453 
   NS_SS1437  6 0.0078 0.4620 0.0115 0.1728 0.0623 0.0300 0.0089 0.1020 0.1427 
   NS_SS1439  6 0.0866 0.0478 0.0064 0.0585 0.0146 0.3456 0.0031 0.3768 0.0607 
   NS_SS1441  6 0.0133 0.0162 0.0415 0.7665 0.0955 0.0279 0.0019 0.0229 0.0143 
   NS_SS1420  6 0.0192 0.7940 0.0063 0.0101 0.0352 0.0065 0.0032 0.0083 0.1171 
   NS_SS1394  6 0.1200 0.0516 0.0042 0.0078 0.7504 0.0061 0.0295 0.0180 0.0123 
   NS_SS1391  6 0.0150 0.0133 0.0828 0.7975 0.0197 0.0206 0.0095 0.0121 0.0295 
   NS_SS1410  6 0.0334 0.0331 0.0798 0.4291 0.0259 0.2959 0.0171 0.0793 0.0064 
   NS_SS1408  6 0.8028 0.0067 0.0079 0.0312 0.0567 0.0097 0.0366 0.0279 0.0205 
   NS_SS1409  6 0.0512 0.0058 0.0163 0.7544 0.0184 0.0340 0.0026 0.0200 0.0972 
   HI_SS0617  7 0.7959 0.0323 0.0057 0.0254 0.0182 0.0174 0.0012 0.0276 0.0763 
   HI_SS0618  7 0.0206 0.0508 0.0099 0.0207 0.4143 0.0557 0.0029 0.4126 0.0126 
   HI_SS0619  7 0.0438 0.4453 0.1724 0.2220 0.0680 0.0115 0.0037 0.0128 0.0204 
   HI_SS0620  7 0.0888 0.0109 0.3266 0.0042 0.2603 0.0142 0.0026 0.0194 0.2730 
   HI_SS0621  7 0.4391 0.2072 0.0080 0.0202 0.0341 0.0222 0.0152 0.2348 0.0192 
   HI_SS0622  7 0.0148 0.3721 0.0883 0.0126 0.0322 0.0065 0.0148 0.2560 0.2027 
   HI_SS0626  7 0.1068 0.2150 0.0859 0.0091 0.0103 0.0073 0.0091 0.0065 0.5501 
   HI_SS0627  7 0.0162 0.0144 0.0230 0.3618 0.2779 0.1220 0.0093 0.0736 0.1017 
   HI_SS0628  7 0.1303 0.0206 0.1616 0.1942 0.0381 0.2355 0.0669 0.0194 0.1334 
   HI_SS0629  7 0.2102 0.0176 0.0175 0.0128 0.0574 0.0671 0.0071 0.0370 0.5733 
   HI_SS0630  7 0.0143 0.0653 0.0801 0.0095 0.0164 0.0354 0.0363 0.0207 0.7221 
   HI_SS0631  7 0.0303 0.0169 0.0897 0.0103 0.7662 0.0340 0.0008 0.0069 0.0449 
   HI_SS0632  7 0.0452 0.0411 0.1616 0.0564 0.4779 0.0099 0.0032 0.0803 0.1244 
   HI_SS0633  7 0.0121 0.7949 0.0297 0.1144 0.0066 0.0124 0.0027 0.0058 0.0214 
   HI_SS0634  7 0.9286 0.0036 0.0162 0.0154 0.0073 0.0050 0.0016 0.0096 0.0127 
   HI_SS0635  7 0.0985 0.2241 0.0240 0.0100 0.0346 0.0652 0.0078 0.3731 0.1626 
   HI_SS0637  7 0.1127 0.0127 0.0061 0.0113 0.1244 0.0381 0.0032 0.4425 0.2489 
   HI_SS0638  7 0.0254 0.0200 0.6725 0.1479 0.0375 0.0055 0.0013 0.0596 0.0304 
   HI_SS0639  7 0.3760 0.0582 0.0035 0.0105 0.0509 0.0146 0.0408 0.1190 0.3266 
   HI_SS0640  7 0.0151 0.0375 0.0118 0.0045 0.0403 0.4425 0.0017 0.0331 0.4136 
   HI_SS0641  7 0.0435 0.0626 0.0283 0.0040 0.0152 0.0171 0.0051 0.0103 0.8139 
   HI_SS0642  7 0.0797 0.0182 0.0080 0.6280 0.0682 0.0409 0.0021 0.0364 0.1185 
   HI_SS0645  7 0.0190 0.3953 0.0194 0.0089 0.0581 0.0084 0.0009 0.0245 0.4656 
   HI_SS0646  7 0.0183 0.0146 0.0193 0.0609 0.0112 0.5827 0.0031 0.2675 0.0224 
   HI_SS0647  7 0.0179 0.3884 0.3371 0.0807 0.0207 0.0738 0.0012 0.0415 0.0385 
   HI_SS0648  7 0.0060 0.0165 0.0098 0.0100 0.9218 0.0074 0.0025 0.0078 0.0182 
   HI_SS0649  7 0.4446 0.1046 0.0081 0.0144 0.0242 0.3807 0.0023 0.0121 0.0089 
   HI_SS0650  7 0.4524 0.0240 0.0147 0.1221 0.3408 0.0143 0.0055 0.0163 0.0099 
   HI_SS0651  7 0.0132 0.0378 0.0071 0.0090 0.8910 0.0099 0.0033 0.0211 0.0077 
   HI_SS0652  7 0.0153 0.1169 0.0047 0.0246 0.0077 0.0073 0.0027 0.0093 0.8116 
   NS_SS1371  7 0.8864 0.0056 0.0080 0.0083 0.0262 0.0346 0.0052 0.0126 0.0132 
   NS_SS1374  7 0.4878 0.0192 0.3223 0.0654 0.0095 0.0234 0.0033 0.0063 0.0628 
   NS_SS1337  7 0.6757 0.0485 0.0422 0.0806 0.0158 0.0178 0.0030 0.0866 0.0299 
   NS_SS1385  7 0.0207 0.0152 0.0159 0.8273 0.0221 0.0381 0.0048 0.0453 0.0106 
   NS_SS1388  7 0.0105 0.9235 0.0211 0.0099 0.0064 0.0112 0.0059 0.0048 0.0067 
   NS_SS1370  7 0.0359 0.0399 0.0225 0.0073 0.4005 0.0064 0.0092 0.0726 0.4058 
   NS_SS1389  7 0.0044 0.9613 0.0062 0.0053 0.0046 0.0044 0.0024 0.0045 0.0069 
   NS_SS1360  7 0.0073 0.0064 0.0532 0.0065 0.7720 0.0518 0.0045 0.0187 0.0796 
   NS_SS1330  7 0.2333 0.0500 0.0107 0.0087 0.0128 0.0066 0.0033 0.6505 0.0242 
   NS_SS1328  7 0.1187 0.0226 0.3139 0.4477 0.0239 0.0181 0.0026 0.0276 0.0249 
   NS_SS1384  7 0.0538 0.0103 0.0076 0.0187 0.1177 0.7103 0.0052 0.0428 0.0335 
   NS_SS1381  7 0.1407 0.1585 0.0032 0.0371 0.5134 0.0518 0.0009 0.0861 0.0082 
   NS_SS1375  7 0.0305 0.5263 0.0282 0.3313 0.0132 0.0162 0.0012 0.0091 0.0440 
   NS_SS1319  7 0.2063 0.0139 0.0126 0.0141 0.0145 0.0328 0.1030 0.1254 0.4775 
   NS_SS1326  7 0.0128 0.0072 0.9226 0.0170 0.0067 0.0096 0.0088 0.0057 0.0097 
   NS_SS1341  7 0.5429 0.0113 0.0107 0.2774 0.0574 0.0751 0.0033 0.0153 0.0065 
   NS_SS1383  7 0.0953 0.0066 0.0146 0.4161 0.0371 0.3328 0.0050 0.0522 0.0404 
   NS_SS1318  7 0.1111 0.2270 0.0337 0.0236 0.3410 0.0178 0.0138 0.1350 0.0969 
   NS_SS1348  7 0.0083 0.0038 0.0097 0.0044 0.0104 0.9493 0.0011 0.0055 0.0073 
   NS_SS1363  7 0.0138 0.0369 0.0600 0.0917 0.2189 0.0086 0.0057 0.4254 0.1389 
   NS_SS1335  7 0.0217 0.0104 0.0610 0.0101 0.6127 0.0353 0.0289 0.0566 0.1633 
   NS_SS1358  7 0.0099 0.0032 0.0189 0.0065 0.0115 0.0083 0.0107 0.9229 0.0080 
   NS_SS1342  7 0.0163 0.0075 0.0281 0.0366 0.0172 0.8211 0.0019 0.0603 0.0111 
   NS_SS1320  7 0.0150 0.9049 0.0088 0.0235 0.0099 0.0028 0.0055 0.0215 0.0082 
   NS_SS1355  7 0.0087 0.8469 0.0023 0.0039 0.0088 0.0611 0.0118 0.0325 0.0238 
   NS_SS1345  7 0.0035 0.0112 0.0078 0.0047 0.0099 0.0092 0.0121 0.9350 0.0067 
   NS_SS1324  7 0.1706 0.0313 0.2229 0.0281 0.2877 0.1554 0.0032 0.0320 0.0688 
   NS_SS1347  7 0.0874 0.0222 0.0202 0.0174 0.5811 0.0266 0.0026 0.2113 0.0311 
   NS_SS1321  7 0.3070 0.0107 0.1457 0.1872 0.1353 0.0207 0.0012 0.1465 0.0458 
   NS_SS1333  7 0.8793 0.0193 0.0173 0.0276 0.0070 0.0249 0.0035 0.0042 0.0169 
   NS_SS1364  7 0.0040 0.0108 0.0505 0.1223 0.4012 0.2639 0.0017 0.1079 0.0378 
   NS_SS1379  7 0.0135 0.0392 0.0119 0.0207 0.7927 0.0156 0.0522 0.0353 0.0189 
   NS_SS1332  7 0.0202 0.0479 0.7798 0.0168 0.0114 0.0970 0.0064 0.0086 0.0120 
   NS_SS1338  7 0.0141 0.0050 0.0061 0.0034 0.9514 0.0052 0.0041 0.0070 0.0037 
   NS_SS1368  7 0.0110 0.1194 0.0783 0.1812 0.0096 0.2339 0.0060 0.2962 0.0643 
   NS_SS1354  7 0.0322 0.0469 0.0190 0.0414 0.0668 0.0171 0.0129 0.4823 0.2814 
   NS_SS1365  7 0.0458 0.5872 0.0631 0.0272 0.0451 0.0120 0.0068 0.0389 0.1739 
   NS_SS1380  7 0.0111 0.8644 0.0101 0.0249 0.0108 0.0052 0.0201 0.0326 0.0207 
   NS_SS1329  7 0.0154 0.0119 0.0878 0.0752 0.6860 0.0830 0.0028 0.0220 0.0160 
   NS_SS1362  7 0.0094 0.0111 0.0077 0.0320 0.0309 0.5240 0.0054 0.3090 0.0706 
   NS_SS1327  7 0.0066 0.0033 0.3565 0.0084 0.0072 0.5931 0.0038 0.0035 0.0176 
   NS_SS1350  7 0.9594 0.0047 0.0059 0.0050 0.0064 0.0060 0.0051 0.0043 0.0034 
   NS_SS1387  7 0.0142 0.4804 0.0083 0.0076 0.3448 0.0380 0.0026 0.0435 0.0606 
   NS_SS1369  7 0.0231 0.0461 0.2469 0.0064 0.0246 0.0468 0.0029 0.3343 0.2689 
