

----------------------------------------------------
STRUCTURE by Pritchard, Stephens and Donnelly (2000)
     and Falush, Stephens and Pritchard (2003)
       Code by Pritchard, Falush and Hubisz
             Version 2.3.4 (Jul 2012)
----------------------------------------------------



Command line arguments:   /home/genobiwan/Documents/Programs/Structure/structure -m parameter_job_k3_r7 
Input File:    /media/genobiwan/Storage/Projets/Mackerel_NWA_2021/data_job_k3_r7

Run parameters:
   629 individuals
   4140 loci
   3 populations assumed
   100000 Burn-in period
   200000 Reps


--------------------------------------------
Proportion of membership of each pre-defined
 population in each of the 3 clusters

Given    Inferred Clusters       Number of
 Pop       1      2      3      Individuals

  1:     0.446  0.012  0.543       67
  2:     0.374  0.008  0.617       32
  3:     0.436  0.013  0.551       92
  4:     0.509  0.015  0.476       36
  5:     0.473  0.019  0.507       41
  6:     0.505  0.013  0.482      158
  7:     0.487  0.009  0.504       79
  8:     0.513  0.013  0.474       52
  9:     0.006  0.987  0.007       36
 10:     0.004  0.993  0.004       36
--------------------------------------------

Allele-freq. divergence among pops (Net nucleotide distance),
computed using point estimates of P.

      1       2       3      
 1      -    0.0049  0.0002  
 2   0.0049     -    0.0047  
 3   0.0002  0.0047     -    

Average distances (expected heterozygosity) between individuals in same cluster:
cluster  1  : 0.3185 
cluster  2  : 0.3057 
cluster  3  : 0.3185 

--------------------------------------------
Estimated Ln Prob of Data   = -2471328.6
Mean value of ln likelihood = -2467759.8
Variance of ln likelihood   = 7137.5
Mean value of alpha         = 0.0371

Mean value of Fst_1         = 0.0021
Mean value of Fst_2         = 0.0375
Mean value of Fst_3         = 0.0010


Inferred ancestry of individuals:
        Label (%Miss) Pop:  Inferred clusters
  1 NS_SS0963    (4)    1 :  0.231 0.005 0.764 
  2 NS_SS0983    (1)    1 :  0.980 0.003 0.016 
  3 NS_SS0719    (9)    1 :  0.869 0.005 0.125 
  4 NS_SS1001    (8)    1 :  0.298 0.006 0.697 
  5 NS_SS0936    (4)    1 :  0.266 0.002 0.731 
  6 NS_SS0955    (6)    1 :  0.958 0.004 0.038 
  7 NS_SS0944    (3)    1 :  0.940 0.002 0.058 
  8 NS_SS0945    (3)    1 :  0.200 0.007 0.792 
  9 NS_SS0922    (2)    1 :  0.073 0.023 0.904 
 10 NS_SS0929    (7)    1 :  0.861 0.003 0.136 
 11 NS_SS0956    (1)    1 :  0.027 0.003 0.969 
 12 NS_SS0906    (3)    1 :  0.424 0.003 0.573 
 13 NS_SS0721    (6)    1 :  0.307 0.005 0.689 
 14 NS_SS0982    (4)    1 :  0.049 0.014 0.937 
 15 NS_SS0923    (6)    1 :  0.249 0.004 0.747 
 16 NS_SS0905    (6)    1 :  0.799 0.002 0.199 
 17 NS_SS0925    (3)    1 :  0.109 0.004 0.887 
 18 NS_SS0947    (6)    1 :  0.040 0.004 0.956 
 19 NS_SS0926    (2)    1 :  0.985 0.001 0.014 
 20 NS_SS0918    (6)    1 :  0.069 0.002 0.928 
 21 NS_SS0966    (4)    1 :  0.174 0.043 0.783 
 22 NS_SS0938    (2)    1 :  0.021 0.001 0.978 
 23 NS_SS0917    (2)    1 :  0.697 0.041 0.262 
 24 NS_SS0957   (11)    1 :  0.068 0.006 0.927 
 25 NS_SS0987    (1)    1 :  0.128 0.241 0.631 
 26 NS_SS0717    (4)    1 :  0.019 0.002 0.979 
 27 NS_SS0986    (2)    1 :  0.063 0.003 0.935 
 28 NS_SS0953    (3)    1 :  0.035 0.013 0.952 
 29 NS_SS0907    (3)    1 :  0.358 0.043 0.599 
 30 NS_SS0974    (6)    1 :  0.899 0.003 0.097 
 31 NS_SS0989    (1)    1 :  0.961 0.001 0.038 
 32 NS_SS0991    (3)    1 :  0.948 0.002 0.051 
 33 NS_SS0994    (2)    1 :  0.992 0.002 0.007 
 34 NS_SS0931    (6)    1 :  0.930 0.011 0.059 
 35 NS_SS1000    (5)    1 :  0.027 0.003 0.970 
 36 NS_SS0919    (1)    1 :  0.904 0.003 0.093 
 37 NS_SS0949    (4)    1 :  0.986 0.001 0.013 
 38 NS_SS0960   (10)    1 :  0.977 0.005 0.018 
 39 NS_SS0716    (2)    1 :  0.006 0.005 0.989 
 40 NS_SS0924    (8)    1 :  0.917 0.017 0.066 
 41 NS_SS0935    (2)    1 :  0.979 0.008 0.013 
 42 NS_SS0952   (14)    1 :  0.947 0.033 0.020 
 43 NS_SS0962   (11)    1 :  0.011 0.005 0.983 
 44 NS_SS0973    (5)    1 :  0.884 0.004 0.112 
 45 NS_SS0722    (1)    1 :  0.032 0.002 0.966 
 46 NS_SS0979   (13)    1 :  0.118 0.002 0.880 
 47 NS_SS0993    (2)    1 :  0.128 0.016 0.856 
 48 NS_SS0958    (1)    1 :  0.940 0.002 0.058 
 49 NS_SS0988    (4)    1 :  0.157 0.004 0.839 
 50 NS_SS1003    (2)    1 :  0.044 0.009 0.948 
 51 NS_SS0976    (1)    1 :  0.932 0.002 0.066 
 52 NS_SS0964   (10)    1 :  0.028 0.002 0.970 
 53 NS_SS0939    (4)    1 :  0.016 0.004 0.980 
 54 NS_SS0990    (6)    1 :  0.186 0.003 0.811 
 55 NS_SS0984    (2)    1 :  0.014 0.002 0.984 
 56 NS_SS0980   (10)    1 :  0.624 0.002 0.375 
 57 NS_SS0978    (4)    1 :  0.710 0.003 0.287 
 58 NS_SS0951   (18)    1 :  0.732 0.003 0.266 
 59 NS_SS0913    (3)    1 :  0.095 0.035 0.870 
 60 NS_SS1002    (1)    1 :  0.009 0.033 0.957 
 61 NS_SS0948    (1)    1 :  0.115 0.039 0.846 
 62 NS_SS0916    (4)    1 :  0.795 0.004 0.201 
 63 NS_SS0995    (1)    1 :  0.179 0.003 0.818 
 64 NS_SS0927    (6)    1 :  0.617 0.005 0.378 
 65 NS_SS0992    (5)    1 :  0.900 0.003 0.097 
 66 NS_SS0912    (1)    1 :  0.597 0.003 0.400 
 67 NS_SS0981    (1)    1 :  0.230 0.003 0.767 
 68 NS_SS0729    (5)    2 :  0.989 0.003 0.008 
 69 NS_SS0967   (15)    2 :  0.295 0.013 0.692 
 70 NS_SS0941    (8)    2 :  0.461 0.074 0.465 
 71 NS_SS0768   (12)    2 :  0.025 0.004 0.971 
 72 NS_SS0726    (5)    2 :  0.981 0.007 0.013 
 73 NS_SS0763    (4)    2 :  0.966 0.002 0.032 
 74 NS_SS0730    (6)    2 :  0.010 0.003 0.987 
 75 NS_SS0774    (2)    2 :  0.012 0.001 0.987 
 76 NS_SS0723    (3)    2 :  0.058 0.002 0.941 
 77 NS_SS0940   (10)    2 :  0.844 0.007 0.149 
 78 NS_SS0762    (1)    2 :  0.027 0.003 0.970 
 79 NS_SS0766   (11)    2 :  0.649 0.013 0.338 
 80 NS_SS0724    (1)    2 :  0.028 0.004 0.969 
 81 NS_SS0769    (3)    2 :  0.062 0.003 0.935 
 82 NS_SS0777    (1)    2 :  0.456 0.012 0.532 
 83 NS_SS0734    (6)    2 :  0.837 0.024 0.138 
 84 NS_SS0737    (3)    2 :  0.013 0.004 0.983 
 85 NS_SS0732    (5)    2 :  0.141 0.005 0.854 
 86 NS_SS0728    (5)    2 :  0.193 0.010 0.797 
 87 NS_SS0735    (9)    2 :  0.088 0.008 0.904 
 88 NS_SS0725    (1)    2 :  0.028 0.006 0.966 
 89 NS_SS0788    (2)    2 :  0.388 0.002 0.611 
 90 NS_SS0778    (2)    2 :  0.503 0.002 0.495 
 91 NS_SS0792    (6)    2 :  0.318 0.005 0.676 
 92 NS_SS0943   (11)    2 :  0.982 0.006 0.011 
 93 NS_SS0791    (2)    2 :  0.785 0.017 0.198 
 94 NS_SS0790    (5)    2 :  0.004 0.003 0.993 
 95 NS_SS0731    (6)    2 :  0.014 0.009 0.976 
 96 NS_SS0727    (7)    2 :  0.960 0.002 0.039 
 97 NS_SS0779   (13)    2 :  0.311 0.006 0.683 
 98 NS_SS0776    (3)    2 :  0.534 0.007 0.459 
 99 NS_SS0775    (5)    2 :  0.020 0.005 0.975 
100 NS_SS0965    (3)    3 :  0.147 0.002 0.851 
101 NS_SS0754   (14)    3 :  0.912 0.012 0.076 
102 NS_SS0838    (5)    3 :  0.154 0.037 0.809 
103 NS_SS0839    (3)    3 :  0.009 0.003 0.988 
104 NS_SS0832    (4)    3 :  0.012 0.037 0.951 
105 NS_SS0820    (5)    3 :  0.009 0.005 0.985 
106 NS_SS0886    (9)    3 :  0.893 0.002 0.105 
107 NS_SS0748    (5)    3 :  0.523 0.008 0.468 
108 NS_SS0884    (9)    3 :  0.382 0.024 0.594 
109 NS_SS0752    (4)    3 :  0.429 0.002 0.569 
110 NS_SS0862    (1)    3 :  0.042 0.004 0.954 
111 NS_SS0787    (9)    3 :  0.972 0.006 0.022 
112 NS_SS0843    (6)    3 :  0.381 0.002 0.617 
113 NS_SS0856    (4)    3 :  0.047 0.003 0.950 
114 NS_SS0846    (2)    3 :  0.639 0.003 0.358 
115 NS_SS0825    (1)    3 :  0.084 0.008 0.908 
116 NS_SS0757    (3)    3 :  0.799 0.004 0.198 
117 NS_SS0876    (3)    3 :  0.063 0.210 0.727 
118 NS_SS0903   (10)    3 :  0.134 0.003 0.864 
119 NS_SS0875    (7)    3 :  0.045 0.003 0.953 
120 NS_SS0740    (5)    3 :  0.844 0.003 0.153 
121 NS_SS0811    (5)    3 :  0.038 0.008 0.954 
122 NS_SS0751    (1)    3 :  0.100 0.002 0.898 
123 NS_SS0891    (6)    3 :  0.024 0.005 0.971 
124 NS_SS0867    (2)    3 :  0.914 0.028 0.058 
125 NS_SS0890    (6)    3 :  0.862 0.003 0.135 
126 NS_SS0866   (12)    3 :  0.949 0.005 0.046 
127 NS_SS0755    (4)    3 :  0.551 0.007 0.442 
128 NS_SS0758    (4)    3 :  0.254 0.002 0.744 
129 NS_SS0840    (2)    3 :  0.008 0.002 0.990 
130 NS_SS0889    (4)    3 :  0.875 0.002 0.123 
131 NS_SS1010    (1)    3 :  0.109 0.030 0.861 
132 NS_SS0888    (5)    3 :  0.992 0.001 0.007 
133 NS_SS0837    (3)    3 :  0.297 0.003 0.700 
134 NS_SS0794   (10)    3 :  0.968 0.002 0.030 
135 NS_SS0823    (5)    3 :  0.031 0.003 0.966 
136 NS_SS0829    (7)    3 :  0.883 0.106 0.010 
137 NS_SS0844    (5)    3 :  0.011 0.002 0.987 
138 NS_SS1008    (6)    3 :  0.899 0.011 0.089 
139 NS_SS0881    (3)    3 :  0.776 0.003 0.222 
140 NS_SS0834    (6)    3 :  0.029 0.005 0.965 
141 NS_SS0744   (10)    3 :  0.641 0.006 0.353 
142 NS_SS0899    (7)    3 :  0.009 0.001 0.989 
143 NS_SS0804    (5)    3 :  0.009 0.004 0.987 
144 NS_SS0781   (10)    3 :  0.005 0.002 0.992 
145 NS_SS0822    (6)    3 :  0.929 0.002 0.068 
146 NS_SS1004    (4)    3 :  0.676 0.003 0.320 
147 NS_SS0746    (5)    3 :  0.624 0.013 0.363 
148 NS_SS0880    (3)    3 :  0.456 0.001 0.543 
149 NS_SS0879    (5)    3 :  0.060 0.011 0.928 
150 NS_SS0753    (2)    3 :  0.977 0.008 0.015 
151 NS_SS1007    (3)    3 :  0.439 0.002 0.559 
152 NS_SS0872    (5)    3 :  0.015 0.002 0.983 
153 NS_SS1005    (7)    3 :  0.034 0.001 0.965 
154 NS_SS0892    (6)    3 :  0.339 0.002 0.659 
155 NS_SS0898    (0)    3 :  0.882 0.006 0.112 
156 NS_SS0801    (9)    3 :  0.201 0.010 0.789 
157 NS_SS0827    (9)    3 :  0.383 0.114 0.503 
158 NS_SS0853    (7)    3 :  0.075 0.005 0.920 
159 NS_SS0780    (2)    3 :  0.052 0.004 0.944 
160 NS_SS0826   (10)    3 :  0.328 0.003 0.669 
161 NS_SS0818    (5)    3 :  0.096 0.001 0.903 
162 NS_SS0745    (1)    3 :  0.007 0.001 0.992 
163 NS_SS0849    (3)    3 :  0.153 0.001 0.845 
164 NS_SS0739    (3)    3 :  0.089 0.013 0.898 
165 NS_SS0799    (1)    3 :  0.980 0.001 0.019 
166 NS_SS0756    (3)    3 :  0.010 0.003 0.987 
167 NS_SS0802    (2)    3 :  0.466 0.219 0.316 
168 NS_SS0747    (6)    3 :  0.742 0.006 0.252 
169 NS_SS0835    (1)    3 :  0.979 0.001 0.020 
170 NS_SS0742   (19)    3 :  0.206 0.001 0.793 
171 NS_SS0760    (9)    3 :  0.940 0.041 0.019 
172 NS_SS0803    (4)    3 :  0.013 0.006 0.980 
173 NS_SS0828   (14)    3 :  0.924 0.001 0.075 
174 NS_SS0865    (2)    3 :  0.375 0.026 0.598 
175 NS_SS0759    (5)    3 :  0.019 0.003 0.978 
176 NS_SS0851    (5)    3 :  0.006 0.009 0.985 
177 NS_SS0874   (16)    3 :  0.029 0.001 0.970 
178 NS_SS0761    (6)    3 :  0.945 0.002 0.053 
179 NS_SS0842   (26)    3 :  0.742 0.008 0.250 
180 NS_SS0785    (6)    3 :  0.758 0.005 0.237 
181 NS_SS0860   (11)    3 :  0.961 0.002 0.036 
182 NS_SS0897    (7)    3 :  0.988 0.002 0.010 
183 NS_SS0841   (15)    3 :  0.030 0.003 0.967 
184 NS_SS0797    (7)    3 :  0.890 0.026 0.083 
185 NS_SS0830   (11)    3 :  0.654 0.002 0.344 
186 NS_SS1011    (5)    3 :  0.022 0.005 0.973 
187 NS_SS0883    (5)    3 :  0.898 0.006 0.096 
188 NS_SS0782    (2)    3 :  0.167 0.002 0.830 
189 NS_SS0831    (5)    3 :  0.979 0.003 0.018 
190 NS_SS0749    (7)    3 :  0.926 0.004 0.070 
191 NS_SS0854    (2)    3 :  0.851 0.003 0.146 
192 HI_SS0193    (0)    4 :  0.983 0.002 0.015 
193 HI_SS0194    (1)    4 :  0.038 0.002 0.960 
194 HI_SS0195   (10)    4 :  0.006 0.081 0.912 
195 HI_SS0196    (6)    4 :  0.563 0.002 0.435 
196 HI_SS0197    (3)    4 :  0.012 0.010 0.978 
197 HI_SS0198    (1)    4 :  0.479 0.010 0.511 
198 HI_SS0199    (1)    4 :  0.962 0.002 0.035 
199 HI_SS0201    (5)    4 :  0.990 0.002 0.008 
200 HI_SS0215    (1)    4 :  0.910 0.003 0.087 
201 HI_SS0218    (1)    4 :  0.989 0.005 0.006 
202 HI_SS0222    (0)    4 :  0.051 0.003 0.945 
203 HI_SS0230    (1)    4 :  0.032 0.004 0.964 
204 HI_SS0234    (2)    4 :  0.183 0.153 0.664 
205 HI_SS0240    (1)    4 :  0.237 0.008 0.755 
206 HI_SS0241    (0)    4 :  0.976 0.002 0.022 
207 HI_SS0242    (0)    4 :  0.675 0.003 0.322 
208 HI_SS0247    (0)    4 :  0.022 0.016 0.961 
209 HI_SS0248    (1)    4 :  0.993 0.001 0.006 
210 HI_SS0252    (2)    4 :  0.037 0.002 0.961 
211 HI_SS0254    (0)    4 :  0.893 0.093 0.014 
212 HI_SS0256    (0)    4 :  0.005 0.001 0.993 
213 HI_SS0257    (0)    4 :  0.983 0.003 0.014 
214 HI_SS0258    (1)    4 :  0.976 0.004 0.019 
215 HI_SS0259    (1)    4 :  0.066 0.003 0.931 
216 HI_SS0260    (1)    4 :  0.972 0.002 0.026 
217 HI_SS0261    (2)    4 :  0.957 0.003 0.040 
218 HI_SS0262    (0)    4 :  0.056 0.006 0.938 
219 HI_SS0264    (0)    4 :  0.011 0.003 0.986 
220 HI_SS0265    (0)    4 :  0.045 0.086 0.869 
221 HI_SS0268    (1)    4 :  0.042 0.003 0.955 
222 HI_SS0269    (0)    4 :  0.990 0.001 0.008 
223 HI_SS0273    (0)    4 :  0.974 0.001 0.024 
224 HI_SS0277    (1)    4 :  0.199 0.002 0.799 
225 HI_SS0280    (0)    4 :  0.527 0.005 0.468 
226 HI_SS0282    (1)    4 :  0.961 0.001 0.037 
227 HI_SS0286    (1)    4 :  0.517 0.007 0.476 
228 NS_SS1252    (3)    5 :  0.982 0.003 0.015 
229 NS_SS1261    (1)    5 :  0.076 0.013 0.911 
230 NS_SS1225   (10)    5 :  0.713 0.112 0.175 
231 NS_SS1266    (1)    5 :  0.008 0.007 0.985 
232 NS_SS1228    (0)    5 :  0.062 0.011 0.927 
233 NS_SS1255    (3)    5 :  0.179 0.001 0.820 
234 NS_SS1267    (3)    5 :  0.983 0.011 0.005 
235 NS_SS1238    (6)    5 :  0.198 0.002 0.799 
236 NS_SS1233    (8)    5 :  0.117 0.002 0.881 
237 NS_SS1277    (3)    5 :  0.984 0.001 0.015 
238 NS_SS1245    (1)    5 :  0.949 0.002 0.050 
239 NS_SS1240    (4)    5 :  0.979 0.002 0.020 
240 NS_SS1275    (2)    5 :  0.007 0.002 0.991 
241 NS_SS1235    (1)    5 :  0.491 0.006 0.503 
242 NS_SS1263    (1)    5 :  0.079 0.001 0.920 
243 NS_SS1251    (2)    5 :  0.140 0.001 0.859 
244 NS_SS1248    (0)    5 :  0.209 0.101 0.691 
245 NS_SS1244    (0)    5 :  0.885 0.005 0.110 
246 NS_SS1257    (1)    5 :  0.936 0.029 0.035 
247 NS_SS1242    (2)    5 :  0.006 0.002 0.992 
248 NS_SS1271    (6)    5 :  0.967 0.025 0.008 
249 NS_SS1265    (1)    5 :  0.638 0.019 0.343 
250 NS_SS1243    (0)    5 :  0.070 0.075 0.855 
251 NS_SS1273    (1)    5 :  0.012 0.007 0.981 
252 NS_SS1254   (14)    5 :  0.307 0.006 0.687 
253 NS_SS1224    (1)    5 :  0.016 0.006 0.978 
254 NS_SS1227    (8)    5 :  0.988 0.001 0.011 
255 NS_SS1274    (9)    5 :  0.931 0.017 0.053 
256 NS_SS1241    (1)    5 :  0.980 0.001 0.018 
257 NS_SS1256    (3)    5 :  0.239 0.033 0.728 
258 NS_SS1260    (8)    5 :  0.854 0.075 0.071 
259 NS_SS1262    (0)    5 :  0.741 0.177 0.082 
260 NS_SS1230    (0)    5 :  0.864 0.008 0.128 
261 NS_SS1270    (2)    5 :  0.070 0.002 0.928 
262 NS_SS1229    (2)    5 :  0.110 0.004 0.886 
263 NS_SS1246    (5)    5 :  0.949 0.003 0.048 
264 NS_SS1269    (0)    5 :  0.219 0.002 0.779 
265 NS_SS1239    (1)    5 :  0.223 0.005 0.772 
266 NS_SS1272    (5)    5 :  0.047 0.006 0.948 
267 NS_SS1268    (1)    5 :  0.216 0.002 0.782 
268 NS_SS1249    (1)    5 :  0.980 0.010 0.010 
269 HI_SS0559    (0)    6 :  0.888 0.002 0.110 
270 HI_SS0563    (1)    6 :  0.329 0.002 0.668 
271 HI_SS0564    (0)    6 :  0.257 0.057 0.685 
272 HI_SS0565    (0)    6 :  0.665 0.004 0.331 
273 HI_SS0569    (1)    6 :  0.983 0.002 0.015 
274 HI_SS0570    (0)    6 :  0.954 0.031 0.015 
275 HI_SS0572    (1)    6 :  0.046 0.002 0.952 
276 HI_SS0576    (1)    6 :  0.137 0.006 0.857 
277 HI_SS0579    (1)    6 :  0.955 0.014 0.031 
278 HI_SS0580    (1)    6 :  0.768 0.004 0.228 
279 HI_SS0581    (0)    6 :  0.021 0.052 0.927 
280 HI_SS0583    (1)    6 :  0.563 0.002 0.435 
281 HI_SS0586    (1)    6 :  0.985 0.001 0.014 
282 HI_SS0588    (1)    6 :  0.939 0.018 0.044 
283 HI_SS0595    (4)    6 :  0.904 0.026 0.071 
284 HI_SS0596    (0)    6 :  0.017 0.002 0.981 
285 HI_SS0597    (1)    6 :  0.011 0.002 0.987 
286 HI_SS0600    (0)    6 :  0.673 0.004 0.324 
287 HI_SS0601    (1)    6 :  0.911 0.013 0.077 
288 HI_SS0602    (1)    6 :  0.909 0.002 0.089 
289 HI_SS0604    (0)    6 :  0.286 0.002 0.713 
290 HI_SS0605    (1)    6 :  0.820 0.007 0.173 
291 HI_SS0608    (0)    6 :  0.751 0.001 0.248 
292 HI_SS0609    (0)    6 :  0.039 0.001 0.960 
293 HI_SS0611    (5)    6 :  0.959 0.003 0.038 
294 HI_SS0612    (0)    6 :  0.875 0.007 0.119 
295 HI_SS0613    (1)    6 :  0.285 0.001 0.714 
296 HI_SS0615    (1)    6 :  0.068 0.009 0.923 
297 HI_SS0001    (1)    6 :  0.865 0.004 0.131 
298 HI_SS0002    (1)    6 :  0.032 0.022 0.946 
299 HI_SS0004    (0)    6 :  0.866 0.005 0.129 
300 HI_SS0005    (1)    6 :  0.320 0.006 0.674 
301 HI_SS0006    (1)    6 :  0.528 0.002 0.470 
302 HI_SS0007    (1)    6 :  0.987 0.002 0.011 
303 HI_SS0008    (0)    6 :  0.639 0.044 0.317 
304 HI_SS0009    (0)    6 :  0.102 0.004 0.893 
305 HI_SS0010    (1)    6 :  0.957 0.003 0.040 
306 HI_SS0011    (1)    6 :  0.073 0.074 0.853 
307 HI_SS0012    (0)    6 :  0.037 0.005 0.958 
308 HI_SS0017    (1)    6 :  0.038 0.002 0.960 
309 HI_SS0021    (1)    6 :  0.329 0.243 0.429 
310 HI_SS0024    (1)    6 :  0.030 0.002 0.968 
311 HI_SS0025    (1)    6 :  0.019 0.003 0.978 
312 HI_SS0027    (0)    6 :  0.978 0.012 0.010 
313 HI_SS0028    (0)    6 :  0.009 0.002 0.990 
314 HI_SS0029    (1)    6 :  0.100 0.007 0.893 
315 HI_SS0030    (2)    6 :  0.970 0.004 0.025 
316 HI_SS0031    (0)    6 :  0.727 0.004 0.269 
317 HI_SS0034    (0)    6 :  0.988 0.004 0.008 
318 HI_SS0036    (0)    6 :  0.977 0.011 0.012 
319 HI_SS0037    (1)    6 :  0.705 0.004 0.290 
320 HI_SS0039    (0)    6 :  0.950 0.003 0.048 
321 HI_SS0041    (1)    6 :  0.017 0.002 0.981 
322 HI_SS0042    (1)    6 :  0.058 0.112 0.830 
323 HI_SS0043    (1)    6 :  0.992 0.002 0.006 
324 HI_SS0044    (1)    6 :  0.272 0.002 0.726 
325 HI_SS0047    (1)    6 :  0.172 0.002 0.826 
326 HI_SS0049    (1)    6 :  0.174 0.004 0.822 
327 HI_SS0051    (1)    6 :  0.259 0.002 0.739 
328 HI_SS0053    (1)    6 :  0.988 0.004 0.008 
329 HI_SS0054    (4)    6 :  0.990 0.003 0.008 
330 HI_SS0057    (0)    6 :  0.603 0.003 0.394 
331 HI_SS0058    (0)    6 :  0.586 0.006 0.408 
332 HI_SS0060    (0)    6 :  0.815 0.089 0.096 
333 HI_SS0087    (1)    6 :  0.384 0.002 0.613 
334 HI_SS0091    (1)    6 :  0.983 0.001 0.016 
335 HI_SS0095    (1)    6 :  0.744 0.064 0.192 
336 HI_SS0097    (3)    6 :  0.410 0.005 0.586 
337 HI_SS0099    (1)    6 :  0.014 0.004 0.982 
338 HI_SS0103    (0)    6 :  0.118 0.003 0.879 
339 HI_SS0105    (1)    6 :  0.094 0.026 0.880 
340 HI_SS0107    (1)    6 :  0.014 0.001 0.985 
341 HI_SS0108    (1)    6 :  0.979 0.015 0.006 
342 HI_SS0110    (0)    6 :  0.775 0.001 0.223 
343 HI_SS0111    (1)    6 :  0.096 0.023 0.882 
344 HI_SS0112    (0)    6 :  0.993 0.001 0.006 
345 HI_SS0113    (1)    6 :  0.008 0.003 0.989 
346 HI_SS0114    (1)    6 :  0.966 0.005 0.028 
347 HI_SS0115    (1)    6 :  0.776 0.016 0.208 
348 HI_SS0116    (4)    6 :  0.824 0.003 0.172 
349 HI_SS0117    (0)    6 :  0.868 0.002 0.130 
350 HI_SS0118    (0)    6 :  0.663 0.010 0.327 
351 HI_SS0119    (1)    6 :  0.977 0.002 0.021 
352 HI_SS0120    (1)    6 :  0.009 0.003 0.988 
353 HI_SS0121    (0)    6 :  0.010 0.001 0.989 
354 HI_SS0122    (2)    6 :  0.100 0.021 0.879 
355 HI_SS0123    (0)    6 :  0.370 0.005 0.625 
356 HI_SS0124    (1)    6 :  0.020 0.002 0.977 
357 HI_SS0125    (1)    6 :  0.038 0.034 0.928 
358 HI_SS0126    (0)    6 :  0.992 0.001 0.008 
359 HI_SS0127    (0)    6 :  0.803 0.010 0.187 
360 HI_SS0128    (0)    6 :  0.403 0.003 0.594 
361 HI_SS0129    (1)    6 :  0.627 0.011 0.361 
362 HI_SS0131    (2)    6 :  0.482 0.036 0.482 
363 HI_SS0132    (0)    6 :  0.770 0.001 0.229 
364 HI_SS0133    (1)    6 :  0.994 0.001 0.005 
365 HI_SS0134    (1)    6 :  0.738 0.002 0.260 
366 HI_SS0142    (3)    6 :  0.112 0.015 0.873 
367 HI_SS0145    (0)    6 :  0.897 0.001 0.101 
368 HI_SS0146    (1)    6 :  0.966 0.001 0.033 
369 HI_SS0147    (1)    6 :  0.011 0.016 0.973 
370 HI_SS0149    (1)    6 :  0.571 0.005 0.424 
371 HI_SS0150    (2)    6 :  0.030 0.004 0.967 
372 HI_SS0151    (0)    6 :  0.859 0.014 0.127 
373 NS_SS1451    (1)    6 :  0.014 0.003 0.983 
374 NS_SS1404    (0)    6 :  0.022 0.008 0.970 
375 NS_SS1432    (2)    6 :  0.013 0.028 0.959 
376 NS_SS1405    (5)    6 :  0.091 0.003 0.906 
377 NS_SS1431   (10)    6 :  0.025 0.001 0.974 
378 NS_SS1402    (3)    6 :  0.165 0.002 0.832 
379 NS_SS1450    (3)    6 :  0.911 0.004 0.086 
380 NS_SS1396    (0)    6 :  0.027 0.005 0.968 
381 NS_SS1393    (5)    6 :  0.385 0.004 0.611 
382 NS_SS1392   (10)    6 :  0.086 0.016 0.899 
383 NS_SS1445    (0)    6 :  0.931 0.011 0.058 
384 NS_SS1423    (0)    6 :  0.936 0.001 0.062 
385 NS_SS1421    (9)    6 :  0.749 0.103 0.148 
386 NS_SS1411    (6)    6 :  0.943 0.002 0.056 
387 NS_SS1453    (6)    6 :  0.745 0.006 0.249 
388 NS_SS1442    (3)    6 :  0.184 0.004 0.813 
389 NS_SS1422    (1)    6 :  0.753 0.011 0.237 
390 NS_SS1419    (1)    6 :  0.065 0.151 0.785 
391 NS_SS1427    (0)    6 :  0.992 0.002 0.007 
392 NS_SS1444    (4)    6 :  0.020 0.003 0.977 
393 NS_SS1455    (0)    6 :  0.008 0.001 0.991 
394 NS_SS1425    (2)    6 :  0.989 0.001 0.010 
395 NS_SS1400    (0)    6 :  0.903 0.001 0.096 
396 NS_SS1406    (2)    6 :  0.015 0.007 0.977 
397 NS_SS1417    (6)    6 :  0.123 0.006 0.871 
398 NS_SS1454    (3)    6 :  0.439 0.001 0.559 
399 NS_SS1412    (1)    6 :  0.619 0.021 0.360 
400 NS_SS1438    (1)    6 :  0.982 0.001 0.017 
401 NS_SS1416    (4)    6 :  0.022 0.006 0.972 
402 NS_SS1401    (0)    6 :  0.087 0.011 0.902 
403 NS_SS1424    (6)    6 :  0.568 0.013 0.419 
404 NS_SS1435   (10)    6 :  0.734 0.002 0.264 
405 NS_SS1447    (4)    6 :  0.010 0.006 0.984 
406 NS_SS1414    (3)    6 :  0.015 0.006 0.979 
407 NS_SS1449   (14)    6 :  0.528 0.004 0.468 
408 NS_SS1443    (4)    6 :  0.993 0.002 0.006 
409 NS_SS1434    (1)    6 :  0.834 0.001 0.166 
410 NS_SS1398    (1)    6 :  0.493 0.024 0.484 
411 NS_SS1426    (1)    6 :  0.985 0.002 0.013 
412 NS_SS1413    (0)    6 :  0.982 0.009 0.009 
413 NS_SS1395    (1)    6 :  0.968 0.010 0.021 
414 NS_SS1448   (10)    6 :  0.890 0.002 0.109 
415 NS_SS1446    (0)    6 :  0.399 0.003 0.599 
416 NS_SS1403    (2)    6 :  0.199 0.005 0.795 
417 NS_SS1415    (0)    6 :  0.979 0.008 0.013 
418 NS_SS1437    (4)    6 :  0.201 0.007 0.792 
419 NS_SS1439    (2)    6 :  0.122 0.003 0.875 
420 NS_SS1441    (3)    6 :  0.968 0.002 0.030 
421 NS_SS1420    (2)    6 :  0.017 0.003 0.980 
422 NS_SS1394    (2)    6 :  0.083 0.030 0.887 
423 NS_SS1391    (7)    6 :  0.775 0.013 0.211 
424 NS_SS1410    (5)    6 :  0.288 0.013 0.699 
425 NS_SS1408    (1)    6 :  0.631 0.057 0.312 
426 NS_SS1409    (1)    6 :  0.278 0.002 0.719 
427 HI_SS0617    (1)    7 :  0.601 0.001 0.398 
428 HI_SS0618    (2)    7 :  0.127 0.002 0.870 
429 HI_SS0619    (0)    7 :  0.252 0.003 0.744 
430 HI_SS0620    (1)    7 :  0.991 0.003 0.006 
431 HI_SS0621    (3)    7 :  0.048 0.012 0.939 
432 HI_SS0622    (1)    7 :  0.547 0.012 0.441 
433 HI_SS0626    (0)    7 :  0.260 0.009 0.731 
434 HI_SS0627    (0)    7 :  0.011 0.006 0.982 
435 HI_SS0628    (3)    7 :  0.423 0.050 0.527 
436 HI_SS0629    (1)    7 :  0.393 0.005 0.601 
437 HI_SS0630    (1)    7 :  0.863 0.052 0.085 
438 HI_SS0631    (0)    7 :  0.982 0.001 0.017 
439 HI_SS0632    (0)    7 :  0.557 0.003 0.440 
440 HI_SS0633    (0)    7 :  0.012 0.003 0.986 
441 HI_SS0634    (1)    7 :  0.253 0.002 0.745 
442 HI_SS0635    (0)    7 :  0.069 0.008 0.923 
443 HI_SS0637    (1)    7 :  0.288 0.003 0.709 
444 HI_SS0638    (0)    7 :  0.588 0.001 0.411 
445 HI_SS0639    (1)    7 :  0.018 0.035 0.947 
446 HI_SS0640    (1)    7 :  0.916 0.002 0.082 
447 HI_SS0641    (1)    7 :  0.949 0.005 0.046 
448 HI_SS0642    (0)    7 :  0.452 0.002 0.546 
449 HI_SS0645    (0)    7 :  0.018 0.001 0.982 
450 HI_SS0646    (1)    7 :  0.552 0.003 0.445 
451 HI_SS0647    (1)    7 :  0.583 0.001 0.416 
452 HI_SS0648    (0)    7 :  0.813 0.004 0.183 
453 HI_SS0649    (1)    7 :  0.139 0.002 0.860 
454 HI_SS0650    (1)    7 :  0.147 0.003 0.850 
455 HI_SS0651    (1)    7 :  0.902 0.004 0.095 
456 HI_SS0652    (1)    7 :  0.035 0.003 0.962 
457 NS_SS1371    (3)    7 :  0.966 0.006 0.028 
458 NS_SS1374    (0)    7 :  0.905 0.002 0.093 
459 NS_SS1337    (3)    7 :  0.023 0.003 0.974 
460 NS_SS1385    (5)    7 :  0.269 0.005 0.727 
461 NS_SS1388    (0)    7 :  0.050 0.006 0.945 
462 NS_SS1370    (1)    7 :  0.217 0.008 0.774 
463 NS_SS1389    (3)    7 :  0.017 0.003 0.980 
464 NS_SS1360    (1)    7 :  0.962 0.004 0.034 
465 NS_SS1330    (0)    7 :  0.024 0.003 0.973 
466 NS_SS1328    (9)    7 :  0.960 0.002 0.038 
467 NS_SS1384    (1)    7 :  0.946 0.003 0.050 
468 NS_SS1381    (0)    7 :  0.025 0.001 0.974 
469 NS_SS1375    (1)    7 :  0.033 0.001 0.966 
470 NS_SS1319   (11)    7 :  0.546 0.102 0.352 
471 NS_SS1326    (2)    7 :  0.934 0.009 0.057 
472 NS_SS1341    (1)    7 :  0.569 0.005 0.427 
473 NS_SS1383    (2)    7 :  0.520 0.004 0.476 
474 NS_SS1318    (3)    7 :  0.105 0.015 0.881 
475 NS_SS1348    (2)    7 :  0.990 0.001 0.008 
476 NS_SS1363    (0)    7 :  0.077 0.004 0.919 
477 NS_SS1335    (4)    7 :  0.963 0.024 0.013 
478 NS_SS1358    (0)    7 :  0.921 0.014 0.065 
479 NS_SS1342    (1)    7 :  0.865 0.001 0.134 
480 NS_SS1320    (3)    7 :  0.007 0.006 0.987 
481 NS_SS1355    (1)    7 :  0.025 0.011 0.964 
482 NS_SS1345    (1)    7 :  0.457 0.020 0.523 
483 NS_SS1324    (0)    7 :  0.866 0.003 0.131 
484 NS_SS1347    (5)    7 :  0.962 0.004 0.034 
485 NS_SS1321    (4)    7 :  0.752 0.001 0.246 
486 NS_SS1333    (0)    7 :  0.569 0.003 0.427 
487 NS_SS1364    (1)    7 :  0.879 0.002 0.119 
488 NS_SS1379    (0)    7 :  0.168 0.047 0.784 
489 NS_SS1332    (0)    7 :  0.985 0.005 0.010 
490 NS_SS1338    (5)    7 :  0.856 0.007 0.136 
491 NS_SS1368    (6)    7 :  0.840 0.005 0.155 
492 NS_SS1354    (1)    7 :  0.053 0.010 0.937 
493 NS_SS1365    (0)    7 :  0.182 0.008 0.810 
494 NS_SS1380    (1)    7 :  0.018 0.017 0.965 
495 NS_SS1329    (8)    7 :  0.815 0.003 0.181 
496 NS_SS1362    (0)    7 :  0.426 0.004 0.570 
497 NS_SS1327    (2)    7 :  0.993 0.002 0.005 
498 NS_SS1350    (0)    7 :  0.939 0.010 0.051 
499 NS_SS1387    (2)    7 :  0.039 0.002 0.958 
500 NS_SS1369    (8)    7 :  0.968 0.004 0.029 
501 NS_SS1331    (1)    7 :  0.131 0.008 0.861 
502 NS_SS1357    (5)    7 :  0.717 0.003 0.280 
503 NS_SS1386    (1)    7 :  0.991 0.002 0.007 
504 NS_SS1353    (2)    7 :  0.081 0.003 0.916 
505 NS_SS1323    (0)    7 :  0.089 0.069 0.842 
506 HI_SS0296    (0)    8 :  0.978 0.002 0.021 
507 HI_SS0297    (0)    8 :  0.625 0.001 0.374 
508 HI_SS0299    (0)    8 :  0.621 0.033 0.346 
509 HI_SS0300    (0)    8 :  0.829 0.001 0.170 
510 HI_SS0301    (0)    8 :  0.346 0.004 0.650 
511 HI_SS0302    (0)    8 :  0.951 0.018 0.031 
512 HI_SS0303    (0)    8 :  0.969 0.006 0.026 
513 HI_SS0304    (0)    8 :  0.029 0.002 0.969 
514 HI_SS0306    (5)    8 :  0.990 0.003 0.007 
515 HI_SS0307    (1)    8 :  0.024 0.007 0.969 
516 HI_SS0308    (1)    8 :  0.403 0.087 0.509 
517 HI_SS0309    (0)    8 :  0.186 0.003 0.811 
518 HI_SS0310    (0)    8 :  0.272 0.007 0.722 
519 HI_SS0311    (4)    8 :  0.318 0.002 0.680 
520 HI_SS0314    (0)    8 :  0.693 0.001 0.306 
521 HI_SS0316    (1)    8 :  0.860 0.004 0.136 
522 HI_SS0317    (3)    8 :  0.266 0.002 0.732 
523 HI_SS0318    (1)    8 :  0.775 0.200 0.024 
524 HI_SS0319    (0)    8 :  0.989 0.004 0.007 
525 HI_SS0320    (3)    8 :  0.022 0.001 0.977 
526 HI_SS0321    (0)    8 :  0.927 0.002 0.071 
527 HI_SS0323    (1)    8 :  0.472 0.001 0.527 
528 HI_SS0325    (2)    8 :  0.917 0.002 0.081 
529 HI_SS0327    (1)    8 :  0.991 0.001 0.008 
530 HI_SS0329    (1)    8 :  0.089 0.001 0.909 
531 HI_SS0333    (1)    8 :  0.135 0.002 0.862 
532 HI_SS0334    (1)    8 :  0.977 0.001 0.022 
533 HI_SS0335    (1)    8 :  0.072 0.019 0.909 
534 HI_SS0339    (0)    8 :  0.046 0.010 0.944 
535 HI_SS0343    (2)    8 :  0.071 0.002 0.927 
536 HI_SS0344    (1)    8 :  0.993 0.002 0.004 
537 HI_SS0345    (3)    8 :  0.105 0.006 0.888 
538 HI_SS0346    (0)    8 :  0.286 0.004 0.710 
539 HI_SS0350    (1)    8 :  0.010 0.007 0.983 
540 HI_SS0351    (0)    8 :  0.259 0.003 0.737 
541 HI_SS0352    (3)    8 :  0.022 0.088 0.889 
542 HI_SS0362    (0)    8 :  0.932 0.002 0.066 
543 HI_SS0363    (1)    8 :  0.985 0.003 0.012 
544 HI_SS0365    (0)    8 :  0.942 0.005 0.053 
545 HI_SS0366    (0)    8 :  0.977 0.001 0.021 
546 HI_SS0367    (1)    8 :  0.009 0.002 0.990 
547 HI_SS0369    (1)    8 :  0.014 0.002 0.984 
548 HI_SS0370    (0)    8 :  0.854 0.003 0.143 
549 HI_SS0371    (4)    8 :  0.927 0.004 0.069 
550 HI_SS0373    (3)    8 :  0.316 0.010 0.674 
551 HI_SS0374    (0)    8 :  0.019 0.022 0.960 
552 HI_SS0377    (0)    8 :  0.873 0.087 0.039 
553 HI_SS0379    (1)    8 :  0.996 0.001 0.003 
554 HI_SS0380    (1)    8 :  0.047 0.006 0.947 
555 HI_SS0381    (2)    8 :  0.017 0.004 0.979 
556 HI_SS0384    (3)    8 :  0.840 0.008 0.153 
557 HI_SS0385    (1)    8 :  0.398 0.001 0.601 
558 HI_SS0386    (0)    9 :  0.001 0.997 0.002 
559 HI_SS0387    (0)    9 :  0.014 0.974 0.012 
560 HI_SS0389    (2)    9 :  0.003 0.993 0.003 
561 HI_SS0390    (2)    9 :  0.002 0.997 0.002 
562 HI_SS0391    (3)    9 :  0.002 0.996 0.002 
563 HI_SS0392    (0)    9 :  0.002 0.997 0.001 
564 HI_SS0393    (2)    9 :  0.002 0.997 0.001 
565 HI_SS0394    (2)    9 :  0.001 0.997 0.001 
566 HI_SS0395    (2)    9 :  0.003 0.993 0.004 
567 HI_SS0396    (2)    9 :  0.007 0.980 0.012 
568 HI_SS0398    (2)    9 :  0.005 0.989 0.006 
569 HI_SS0399    (2)    9 :  0.001 0.998 0.001 
570 HI_SS0400    (3)    9 :  0.002 0.996 0.002 
571 HI_SS0401    (5)    9 :  0.001 0.997 0.001 
572 HI_SS0402    (0)    9 :  0.001 0.998 0.001 
573 HI_SS0403    (0)    9 :  0.001 0.997 0.001 
574 HI_SS0404    (2)    9 :  0.001 0.998 0.001 
575 HI_SS0405    (2)    9 :  0.016 0.966 0.018 
576 HI_SS0406    (2)    9 :  0.002 0.996 0.002 
577 HI_SS0407    (0)    9 :  0.006 0.987 0.007 
578 HI_SS0408    (0)    9 :  0.001 0.998 0.001 
579 HI_SS0409    (2)    9 :  0.003 0.995 0.003 
580 HI_SS0411    (2)    9 :  0.003 0.995 0.002 
581 HI_SS0412   (11)    9 :  0.083 0.813 0.103 
582 HI_SS0413    (0)    9 :  0.002 0.996 0.002 
583 HI_SS0414    (2)    9 :  0.014 0.965 0.021 
584 HI_SS0415    (2)    9 :  0.002 0.996 0.002 
585 HI_SS0416    (2)    9 :  0.003 0.993 0.003 
586 HI_SS0418    (2)    9 :  0.005 0.991 0.004 
587 HI_SS0419    (3)    9 :  0.002 0.994 0.003 
588 HI_SS0420    (0)    9 :  0.002 0.996 0.002 
589 HI_SS0421    (4)    9 :  0.004 0.991 0.004 
590 HI_SS0422    (3)    9 :  0.001 0.997 0.001 
591 HI_SS0423    (2)    9 :  0.004 0.993 0.003 
592 HI_SS0424    (1)    9 :  0.002 0.997 0.002 
593 HI_SS0425    (0)    9 :  0.002 0.994 0.004 
594 NS_SS1146    (3)   10 :  0.002 0.996 0.002 
595 NS_SS1157    (1)   10 :  0.006 0.989 0.005 
596 NS_SS1144    (7)   10 :  0.023 0.961 0.016 
597 NS_SS1074    (3)   10 :  0.003 0.993 0.003 
598 NS_SS1122    (0)   10 :  0.004 0.992 0.004 
599 NS_SS1136    (2)   10 :  0.001 0.998 0.001 
600 NS_SS1077    (4)   10 :  0.001 0.999 0.001 
601 NS_SS1134    (2)   10 :  0.011 0.979 0.010 
602 NS_SS1091    (1)   10 :  0.002 0.996 0.002 
603 NS_SS1089   (10)   10 :  0.003 0.995 0.002 
604 NS_SS1123    (2)   10 :  0.001 0.997 0.001 
605 NS_SS1158    (3)   10 :  0.001 0.998 0.001 
606 NS_SS1093    (3)   10 :  0.002 0.996 0.002 
607 NS_SS1102    (5)   10 :  0.004 0.991 0.005 
608 NS_SS1056    (0)   10 :  0.001 0.997 0.002 
609 NS_SS1126    (2)   10 :  0.003 0.995 0.002 
610 NS_SS1058   (15)   10 :  0.004 0.993 0.003 
611 NS_SS1084    (2)   10 :  0.001 0.997 0.001 
612 NS_SS1095    (3)   10 :  0.007 0.988 0.005 
613 NS_SS1079    (3)   10 :  0.002 0.997 0.001 
614 NS_SS1149    (0)   10 :  0.002 0.995 0.002 
615 NS_SS1121    (0)   10 :  0.001 0.997 0.002 
616 NS_SS1067    (0)   10 :  0.005 0.989 0.006 
617 NS_SS1081    (2)   10 :  0.002 0.995 0.002 
618 NS_SS1130    (0)   10 :  0.002 0.994 0.004 
619 NS_SS1073    (2)   10 :  0.002 0.995 0.003 
620 NS_SS1133    (2)   10 :  0.003 0.986 0.011 
621 NS_SS1129    (2)   10 :  0.001 0.997 0.001 
622 NS_SS1085    (1)   10 :  0.002 0.996 0.002 
623 NS_SS1137    (2)   10 :  0.004 0.992 0.004 
624 NS_SS1135    (3)   10 :  0.001 0.998 0.001 
625 NS_SS1082    (3)   10 :  0.001 0.997 0.001 
626 NS_SS1125    (3)   10 :  0.001 0.998 0.001 
627 NS_SS1124    (2)   10 :  0.006 0.988 0.006 
628 NS_SS1155    (0)   10 :  0.009 0.985 0.006 
629 NS_SS1145    (2)   10 :  0.002 0.997 0.002 


Estimated Allele Frequencies in each cluster
First column gives estimated ancestral frequencies


Locus 1 : 
2 alleles
3.3% missing data
   1   (0.738) 0.737 0.730 0.739 
   2   (0.262) 0.263 0.270 0.261 

Locus 2 : 
2 alleles
4.6% missing data
   1   (0.886) 0.891 0.821 0.886 
   2   (0.114) 0.109 0.179 0.114 

Locus 3 : 
2 alleles
4.9% missing data
   1   (0.787) 0.774 0.808 0.793 
   2   (0.213) 0.226 0.192 0.207 

Locus 4 : 
2 alleles
4.6% missing data
   1   (0.865) 0.872 0.870 0.863 
   2   (0.135) 0.128 0.130 0.137 

Locus 5 : 
2 alleles
2.5% missing data
   1   (0.892) 0.896 0.930 0.890 
   2   (0.108) 0.104 0.070 0.110 

Locus 6 : 
2 alleles
2.7% missing data
   1   (0.825) 0.816 0.763 0.832 
   2   (0.175) 0.184 0.237 0.168 

Locus 7 : 
2 alleles
3.0% missing data
   1   (0.793) 0.790 0.756 0.796 
   2   (0.207) 0.210 0.244 0.204 

Locus 8 : 
2 alleles
4.8% missing data
   1   (0.728) 0.727 0.794 0.727 
   2   (0.272) 0.273 0.206 0.273 

Locus 9 : 
2 alleles
3.7% missing data
   1   (0.808) 0.804 0.810 0.811 
   2   (0.192) 0.196 0.190 0.189 

Locus 10 : 
2 alleles
4.8% missing data
   1   (0.711) 0.703 0.798 0.713 
   2   (0.289) 0.297 0.202 0.287 

Locus 11 : 
2 alleles
3.2% missing data
   1   (0.797) 0.781 0.783 0.806 
   2   (0.203) 0.219 0.217 0.194 

Locus 12 : 
2 alleles
4.9% missing data
   1   (0.893) 0.894 0.907 0.893 
   2   (0.107) 0.106 0.093 0.107 

Locus 13 : 
2 alleles
3.2% missing data
   1   (0.867) 0.865 0.915 0.868 
   2   (0.133) 0.135 0.085 0.132 

Locus 14 : 
2 alleles
4.6% missing data
   1   (0.732) 0.734 0.683 0.733 
   2   (0.268) 0.266 0.317 0.267 

Locus 15 : 
2 alleles
4.6% missing data
   1   (0.892) 0.891 0.918 0.892 
   2   (0.108) 0.109 0.082 0.108 

Locus 16 : 
2 alleles
3.8% missing data
   1   (0.885) 0.879 0.964 0.886 
   2   (0.115) 0.121 0.036 0.114 

Locus 17 : 
2 alleles
4.1% missing data
   1   (0.509) 0.508 0.645 0.507 
   2   (0.491) 0.492 0.355 0.493 

Locus 18 : 
2 alleles
4.1% missing data
   1   (0.610) 0.597 0.574 0.618 
   2   (0.390) 0.403 0.426 0.382 

Locus 19 : 
2 alleles
4.1% missing data
   1   (0.773) 0.773 0.637 0.776 
   2   (0.227) 0.227 0.363 0.224 

Locus 20 : 
2 alleles
2.2% missing data
   1   (0.898) 0.900 0.894 0.897 
   2   (0.102) 0.100 0.106 0.103 

Locus 21 : 
2 alleles
4.5% missing data
   1   (0.710) 0.707 0.601 0.715 
   2   (0.290) 0.293 0.399 0.285 

Locus 22 : 
2 alleles
3.0% missing data
   1   (0.887) 0.886 0.913 0.887 
   2   (0.113) 0.114 0.087 0.113 

Locus 23 : 
2 alleles
3.8% missing data
   1   (0.562) 0.546 0.578 0.569 
   2   (0.438) 0.454 0.422 0.431 

Locus 24 : 
2 alleles
4.9% missing data
   1   (0.860) 0.855 0.890 0.863 
   2   (0.140) 0.145 0.110 0.137 

Locus 25 : 
2 alleles
4.3% missing data
   1   (0.886) 0.882 0.877 0.889 
   2   (0.114) 0.118 0.123 0.111 

Locus 26 : 
2 alleles
3.0% missing data
   1   (0.545) 0.540 0.578 0.546 
   2   (0.455) 0.460 0.422 0.454 

Locus 27 : 
2 alleles
4.0% missing data
   2   (0.467) 0.479 0.416 0.463 
   1   (0.533) 0.521 0.584 0.537 

Locus 28 : 
2 alleles
4.0% missing data
   1   (0.842) 0.852 0.870 0.837 
   2   (0.158) 0.148 0.130 0.163 

Locus 29 : 
2 alleles
1.9% missing data
   1   (0.604) 0.608 0.699 0.600 
   2   (0.396) 0.392 0.301 0.400 

Locus 30 : 
2 alleles
4.6% missing data
   1   (0.864) 0.867 0.854 0.864 
   2   (0.136) 0.133 0.146 0.136 

Locus 31 : 
2 alleles
1.9% missing data
   1   (0.885) 0.883 0.904 0.887 
   2   (0.115) 0.117 0.096 0.113 

Locus 32 : 
2 alleles
4.3% missing data
   1   (0.867) 0.873 0.784 0.867 
   2   (0.133) 0.127 0.216 0.133 

Locus 33 : 
2 alleles
4.3% missing data
   1   (0.789) 0.794 0.761 0.789 
   2   (0.211) 0.206 0.239 0.211 

Locus 34 : 
2 alleles
2.2% missing data
   1   (0.737) 0.742 0.726 0.735 
   2   (0.263) 0.258 0.274 0.265 

Locus 35 : 
2 alleles
3.8% missing data
   1   (0.765) 0.761 0.781 0.768 
   2   (0.235) 0.239 0.219 0.232 

Locus 36 : 
2 alleles
3.3% missing data
   1   (0.812) 0.815 0.782 0.811 
   2   (0.188) 0.185 0.218 0.189 

Locus 37 : 
2 alleles
3.8% missing data
   1   (0.865) 0.879 0.643 0.863 
   2   (0.135) 0.121 0.357 0.137 

Locus 38 : 
2 alleles
4.9% missing data
   1   (0.800) 0.790 0.774 0.806 
   2   (0.200) 0.210 0.226 0.194 

Locus 39 : 
2 alleles
4.9% missing data
   1   (0.745) 0.739 0.779 0.747 
   2   (0.255) 0.261 0.221 0.253 

Locus 40 : 
2 alleles
2.7% missing data
   1   (0.759) 0.760 0.723 0.759 
   2   (0.241) 0.240 0.277 0.241 

Locus 41 : 
2 alleles
2.2% missing data
   1   (0.744) 0.744 0.759 0.744 
   2   (0.256) 0.256 0.241 0.256 

Locus 42 : 
2 alleles
4.9% missing data
   1   (0.768) 0.756 0.792 0.773 
   2   (0.232) 0.244 0.208 0.227 

Locus 43 : 
2 alleles
1.7% missing data
   1   (0.877) 0.865 0.918 0.882 
   2   (0.123) 0.135 0.082 0.118 

Locus 44 : 
2 alleles
3.7% missing data
   1   (0.704) 0.717 0.747 0.697 
   2   (0.296) 0.283 0.253 0.303 

Locus 45 : 
2 alleles
3.7% missing data
   1   (0.572) 0.564 0.487 0.578 
   2   (0.428) 0.436 0.513 0.422 

Locus 46 : 
2 alleles
3.8% missing data
   1   (0.882) 0.888 0.856 0.881 
   2   (0.118) 0.112 0.144 0.119 

Locus 47 : 
2 alleles
4.0% missing data
   2   (0.239) 0.215 0.235 0.250 
   1   (0.761) 0.785 0.765 0.750 

Locus 48 : 
2 alleles
2.1% missing data
   1   (0.822) 0.818 0.766 0.826 
   2   (0.178) 0.182 0.234 0.174 

Locus 49 : 
2 alleles
4.9% missing data
   1   (0.588) 0.579 0.699 0.590 
   2   (0.412) 0.421 0.301 0.410 

Locus 50 : 
2 alleles
3.5% missing data
   1   (0.872) 0.880 0.864 0.869 
   2   (0.128) 0.120 0.136 0.131 

Locus 51 : 
2 alleles
2.9% missing data
   1   (0.779) 0.784 0.785 0.777 
   2   (0.221) 0.216 0.215 0.223 

Locus 52 : 
2 alleles
4.1% missing data
   1   (0.888) 0.891 0.874 0.889 
   2   (0.112) 0.109 0.126 0.111 

Locus 53 : 
2 alleles
4.8% missing data
   1   (0.850) 0.850 0.863 0.851 
   2   (0.150) 0.150 0.137 0.149 

Locus 54 : 
2 alleles
4.1% missing data
   1   (0.819) 0.825 0.900 0.814 
   2   (0.181) 0.175 0.100 0.186 

Locus 55 : 
2 alleles
4.3% missing data
   1   (0.823) 0.818 0.883 0.825 
   2   (0.177) 0.182 0.117 0.175 

Locus 56 : 
2 alleles
3.7% missing data
   1   (0.658) 0.655 0.612 0.661 
   2   (0.342) 0.345 0.388 0.339 

Locus 57 : 
2 alleles
1.4% missing data
   1   (0.601) 0.599 0.569 0.603 
   2   (0.399) 0.401 0.431 0.397 

Locus 58 : 
2 alleles
3.8% missing data
   1   (0.660) 0.664 0.709 0.657 
   2   (0.340) 0.336 0.291 0.343 

Locus 59 : 
2 alleles
4.3% missing data
   1   (0.854) 0.850 0.864 0.857 
   2   (0.146) 0.150 0.136 0.143 

Locus 60 : 
2 alleles
4.0% missing data
   1   (0.870) 0.871 0.939 0.867 
   2   (0.130) 0.129 0.061 0.133 

Locus 61 : 
2 alleles
3.0% missing data
   1   (0.885) 0.884 0.907 0.886 
   2   (0.115) 0.116 0.093 0.114 

Locus 62 : 
2 alleles
2.9% missing data
   1   (0.799) 0.803 0.815 0.798 
   2   (0.201) 0.197 0.185 0.202 

Locus 63 : 
2 alleles
4.6% missing data
   1   (0.658) 0.674 0.589 0.653 
   2   (0.342) 0.326 0.411 0.347 

Locus 64 : 
2 alleles
4.5% missing data
   1   (0.839) 0.847 0.816 0.837 
   2   (0.161) 0.153 0.184 0.163 

Locus 65 : 
2 alleles
4.9% missing data
   1   (0.857) 0.849 0.859 0.862 
   2   (0.143) 0.151 0.141 0.138 

Locus 66 : 
2 alleles
4.5% missing data
   1   (0.821) 0.829 0.885 0.816 
   2   (0.179) 0.171 0.115 0.184 

Locus 67 : 
2 alleles
2.5% missing data
   1   (0.865) 0.857 0.875 0.869 
   2   (0.135) 0.143 0.125 0.131 

Locus 68 : 
2 alleles
4.3% missing data
   1   (0.783) 0.777 0.842 0.785 
   2   (0.217) 0.223 0.158 0.215 

Locus 69 : 
2 alleles
1.7% missing data
   1   (0.845) 0.835 0.835 0.851 
   2   (0.155) 0.165 0.165 0.149 

Locus 70 : 
2 alleles
4.9% missing data
   1   (0.779) 0.786 0.754 0.777 
   2   (0.221) 0.214 0.246 0.223 

Locus 71 : 
2 alleles
4.0% missing data
   1   (0.758) 0.757 0.705 0.760 
