   NS_SS0963  1 0.2313 0.0049 0.7638 
   NS_SS0983  1 0.9801 0.0034 0.0165 
   NS_SS0719  1 0.8695 0.0053 0.1253 
   NS_SS1001  1 0.2977 0.0055 0.6967 
   NS_SS0936  1 0.2664 0.0023 0.7313 
   NS_SS0955  1 0.9579 0.0040 0.0381 
   NS_SS0944  1 0.9397 0.0020 0.0584 
   NS_SS0945  1 0.2005 0.0071 0.7924 
   NS_SS0922  1 0.0726 0.0233 0.9041 
   NS_SS0929  1 0.8608 0.0028 0.1364 
   NS_SS0956  1 0.0272 0.0034 0.9693 
   NS_SS0906  1 0.4239 0.0030 0.5731 
   NS_SS0721  1 0.3067 0.0047 0.6886 
   NS_SS0982  1 0.0488 0.0137 0.9375 
   NS_SS0923  1 0.2491 0.0042 0.7467 
   NS_SS0905  1 0.7995 0.0018 0.1987 
   NS_SS0925  1 0.1093 0.0041 0.8866 
   NS_SS0947  1 0.0398 0.0041 0.9561 
   NS_SS0926  1 0.9850 0.0011 0.0139 
   NS_SS0918  1 0.0694 0.0022 0.9284 
   NS_SS0966  1 0.1744 0.0430 0.7826 
   NS_SS0938  1 0.0206 0.0012 0.9781 
   NS_SS0917  1 0.6967 0.0409 0.2624 
   NS_SS0957  1 0.0676 0.0059 0.9265 
   NS_SS0987  1 0.1280 0.2414 0.6306 
   NS_SS0717  1 0.0188 0.0021 0.9792 
   NS_SS0986  1 0.0625 0.0028 0.9346 
   NS_SS0953  1 0.0349 0.0132 0.9519 
   NS_SS0907  1 0.3578 0.0427 0.5995 
   NS_SS0974  1 0.8995 0.0032 0.0973 
   NS_SS0989  1 0.9609 0.0009 0.0382 
   NS_SS0991  1 0.9476 0.0018 0.0505 
   NS_SS0994  1 0.9917 0.0016 0.0067 
   NS_SS0931  1 0.9300 0.0107 0.0593 
   NS_SS1000  1 0.0269 0.0027 0.9704 
   NS_SS0919  1 0.9038 0.0029 0.0934 
   NS_SS0949  1 0.9859 0.0013 0.0128 
   NS_SS0960  1 0.9774 0.0050 0.0176 
   NS_SS0716  1 0.0060 0.0048 0.9892 
   NS_SS0924  1 0.9168 0.0171 0.0661 
   NS_SS0935  1 0.9794 0.0076 0.0130 
   NS_SS0952  1 0.9468 0.0331 0.0200 
   NS_SS0962  1 0.0114 0.0053 0.9832 
   NS_SS0973  1 0.8836 0.0040 0.1124 
   NS_SS0722  1 0.0317 0.0022 0.9661 
   NS_SS0979  1 0.1178 0.0021 0.8801 
   NS_SS0993  1 0.1280 0.0157 0.8563 
   NS_SS0958  1 0.9399 0.0023 0.0577 
   NS_SS0988  1 0.1573 0.0041 0.8386 
   NS_SS1003  1 0.0438 0.0086 0.9475 
   NS_SS0976  1 0.9319 0.0018 0.0662 
   NS_SS0964  1 0.0277 0.0022 0.9701 
   NS_SS0939  1 0.0156 0.0043 0.9800 
   NS_SS0990  1 0.1862 0.0029 0.8110 
   NS_SS0984  1 0.0145 0.0018 0.9837 
   NS_SS0980  1 0.6236 0.0018 0.3746 
   NS_SS0978  1 0.7098 0.0032 0.2869 
   NS_SS0951  1 0.7316 0.0029 0.2655 
   NS_SS0913  1 0.0950 0.0347 0.8703 
   NS_SS1002  1 0.0095 0.0331 0.9575 
   NS_SS0948  1 0.1154 0.0389 0.8457 
   NS_SS0916  1 0.7946 0.0043 0.2011 
   NS_SS0995  1 0.1788 0.0030 0.8182 
   NS_SS0927  1 0.6171 0.0045 0.3784 
   NS_SS0992  1 0.8999 0.0027 0.0974 
   NS_SS0912  1 0.5975 0.0026 0.4000 
   NS_SS0981  1 0.2299 0.0035 0.7666 
   NS_SS0729  2 0.9890 0.0031 0.0079 
   NS_SS0967  2 0.2952 0.0126 0.6922 
   NS_SS0941  2 0.4606 0.0741 0.4653 
   NS_SS0768  2 0.0251 0.0038 0.9710 
   NS_SS0726  2 0.9808 0.0067 0.0125 
   NS_SS0763  2 0.9661 0.0023 0.0316 
   NS_SS0730  2 0.0104 0.0025 0.9870 
   NS_SS0774  2 0.0119 0.0008 0.9873 
   NS_SS0723  2 0.0578 0.0016 0.9407 
   NS_SS0940  2 0.8443 0.0071 0.1486 
   NS_SS0762  2 0.0272 0.0025 0.9703 
   NS_SS0766  2 0.6494 0.0128 0.3378 
   NS_SS0724  2 0.0276 0.0035 0.9689 
   NS_SS0769  2 0.0622 0.0032 0.9345 
   NS_SS0777  2 0.4558 0.0117 0.5325 
   NS_SS0734  2 0.8373 0.0243 0.1384 
   NS_SS0737  2 0.0129 0.0040 0.9831 
   NS_SS0732  2 0.1410 0.0048 0.8541 
   NS_SS0728  2 0.1926 0.0104 0.7970 
   NS_SS0735  2 0.0881 0.0076 0.9044 
   NS_SS0725  2 0.0281 0.0061 0.9657 
   NS_SS0788  2 0.3876 0.0017 0.6107 
   NS_SS0778  2 0.5033 0.0016 0.4951 
   NS_SS0792  2 0.3184 0.0051 0.6765 
   NS_SS0943  2 0.9822 0.0064 0.0114 
   NS_SS0791  2 0.7850 0.0165 0.1985 
   NS_SS0790  2 0.0045 0.0029 0.9926 
   NS_SS0731  2 0.0142 0.0094 0.9764 
   NS_SS0727  2 0.9596 0.0018 0.0386 
   NS_SS0779  2 0.3112 0.0057 0.6830 
   NS_SS0776  2 0.5335 0.0074 0.4591 
   NS_SS0775  2 0.0200 0.0054 0.9746 
   NS_SS0965  3 0.1472 0.0015 0.8513 
   NS_SS0754  3 0.9124 0.0116 0.0760 
   NS_SS0838  3 0.1542 0.0370 0.8088 
   NS_SS0839  3 0.0092 0.0026 0.9882 
   NS_SS0832  3 0.0118 0.0367 0.9514 
   NS_SS0820  3 0.0092 0.0055 0.9854 
   NS_SS0886  3 0.8931 0.0020 0.1049 
   NS_SS0748  3 0.5232 0.0084 0.4683 
   NS_SS0884  3 0.3820 0.0236 0.5943 
   NS_SS0752  3 0.4293 0.0021 0.5686 
   NS_SS0862  3 0.0422 0.0040 0.9538 
   NS_SS0787  3 0.9716 0.0064 0.0221 
   NS_SS0843  3 0.3812 0.0018 0.6170 
   NS_SS0856  3 0.0470 0.0030 0.9500 
   NS_SS0846  3 0.6392 0.0030 0.3579 
   NS_SS0825  3 0.0836 0.0084 0.9080 
   NS_SS0757  3 0.7987 0.0036 0.1977 
   NS_SS0876  3 0.0631 0.2098 0.7271 
   NS_SS0903  3 0.1339 0.0026 0.8636 
   NS_SS0875  3 0.0447 0.0028 0.9525 
   NS_SS0740  3 0.8436 0.0035 0.1529 
   NS_SS0811  3 0.0381 0.0083 0.9536 
   NS_SS0751  3 0.0997 0.0022 0.8981 
   NS_SS0891  3 0.0240 0.0048 0.9711 
   NS_SS0867  3 0.9142 0.0283 0.0575 
   NS_SS0890  3 0.8618 0.0031 0.1351 
   NS_SS0866  3 0.9494 0.0051 0.0455 
   NS_SS0755  3 0.5510 0.0068 0.4423 
   NS_SS0758  3 0.2541 0.0019 0.7440 
   NS_SS0840  3 0.0078 0.0019 0.9903 
   NS_SS0889  3 0.8754 0.0021 0.1225 
   NS_SS1010  3 0.1090 0.0301 0.8609 
   NS_SS0888  3 0.9919 0.0014 0.0068 
   NS_SS0837  3 0.2975 0.0027 0.6998 
   NS_SS0794  3 0.9675 0.0020 0.0305 
   NS_SS0823  3 0.0311 0.0034 0.9655 
   NS_SS0829  3 0.8832 0.1063 0.0105 
   NS_SS0844  3 0.0114 0.0019 0.9868 
   NS_SS1008  3 0.8992 0.0113 0.0895 
   NS_SS0881  3 0.7757 0.0025 0.2218 
   NS_SS0834  3 0.0295 0.0052 0.9653 
   NS_SS0744  3 0.6410 0.0064 0.3527 
   NS_SS0899  3 0.0094 0.0012 0.9894 
   NS_SS0804  3 0.0095 0.0039 0.9867 
   NS_SS0781  3 0.0052 0.0024 0.9924 
   NS_SS0822  3 0.9295 0.0022 0.0683 
   NS_SS1004  3 0.6765 0.0035 0.3200 
   NS_SS0746  3 0.6242 0.0131 0.3627 
   NS_SS0880  3 0.4557 0.0015 0.5429 
   NS_SS0879  3 0.0604 0.0114 0.9282 
   NS_SS0753  3 0.9770 0.0079 0.0152 
   NS_SS1007  3 0.4388 0.0017 0.5595 
   NS_SS0872  3 0.0149 0.0021 0.9830 
   NS_SS1005  3 0.0339 0.0010 0.9651 
   NS_SS0892  3 0.3390 0.0017 0.6592 
   NS_SS0898  3 0.8817 0.0060 0.1123 
   NS_SS0801  3 0.2015 0.0095 0.7890 
   NS_SS0827  3 0.3829 0.1142 0.5029 
   NS_SS0853  3 0.0750 0.0051 0.9199 
   NS_SS0780  3 0.0524 0.0038 0.9438 
   NS_SS0826  3 0.3280 0.0034 0.6686 
   NS_SS0818  3 0.0958 0.0013 0.9029 
   NS_SS0745  3 0.0066 0.0011 0.9923 
   NS_SS0849  3 0.1535 0.0015 0.8450 
   NS_SS0739  3 0.0887 0.0133 0.8980 
   NS_SS0799  3 0.9802 0.0010 0.0188 
   NS_SS0756  3 0.0103 0.0029 0.9868 
   NS_SS0802  3 0.4655 0.2187 0.3157 
   NS_SS0747  3 0.7424 0.0057 0.2519 
   NS_SS0835  3 0.9785 0.0010 0.0205 
   NS_SS0742  3 0.2058 0.0012 0.7930 
   NS_SS0760  3 0.9401 0.0413 0.0186 
   NS_SS0803  3 0.0134 0.0063 0.9803 
   NS_SS0828  3 0.9241 0.0012 0.0747 
   NS_SS0865  3 0.3753 0.0265 0.5983 
   NS_SS0759  3 0.0190 0.0035 0.9775 
   NS_SS0851  3 0.0056 0.0092 0.9852 
   NS_SS0874  3 0.0293 0.0011 0.9696 
   NS_SS0761  3 0.9451 0.0023 0.0526 
   NS_SS0842  3 0.7416 0.0081 0.2503 
   NS_SS0785  3 0.7580 0.0049 0.2371 
   NS_SS0860  3 0.9612 0.0025 0.0363 
   NS_SS0897  3 0.9878 0.0018 0.0104 
   NS_SS0841  3 0.0300 0.0031 0.9670 
   NS_SS0797  3 0.8903 0.0264 0.0833 
   NS_SS0830  3 0.6539 0.0021 0.3440 
   NS_SS1011  3 0.0220 0.0049 0.9731 
   NS_SS0883  3 0.8978 0.0060 0.0962 
   NS_SS0782  3 0.1673 0.0023 0.8304 
   NS_SS0831  3 0.9789 0.0030 0.0181 
   NS_SS0749  3 0.9262 0.0040 0.0698 
   NS_SS0854  3 0.8510 0.0029 0.1461 
   HI_SS0193  4 0.9832 0.0015 0.0153 
   HI_SS0194  4 0.0382 0.0015 0.9603 
   HI_SS0195  4 0.0064 0.0811 0.9125 
   HI_SS0196  4 0.5630 0.0023 0.4346 
   HI_SS0197  4 0.0116 0.0100 0.9784 
   HI_SS0198  4 0.4788 0.0101 0.5111 
   HI_SS0199  4 0.9621 0.0025 0.0354 
   HI_SS0201  4 0.9900 0.0019 0.0080 
   HI_SS0215  4 0.9099 0.0031 0.0870 
   HI_SS0218  4 0.9887 0.0051 0.0063 
   HI_SS0222  4 0.0514 0.0032 0.9454 
   HI_SS0230  4 0.0318 0.0043 0.9639 
   HI_SS0234  4 0.1832 0.1529 0.6639 
   HI_SS0240  4 0.2374 0.0078 0.7548 
   HI_SS0241  4 0.9755 0.0021 0.0224 
   HI_SS0242  4 0.6753 0.0031 0.3215 
   HI_SS0247  4 0.0222 0.0164 0.9614 
   HI_SS0248  4 0.9930 0.0008 0.0062 
   HI_SS0252  4 0.0375 0.0020 0.9605 
   HI_SS0254  4 0.8930 0.0932 0.0138 
   HI_SS0256  4 0.0053 0.0012 0.9935 
   HI_SS0257  4 0.9832 0.0027 0.0140 
   HI_SS0258  4 0.9765 0.0044 0.0191 
   HI_SS0259  4 0.0661 0.0025 0.9314 
   HI_SS0260  4 0.9721 0.0015 0.0264 
   HI_SS0261  4 0.9575 0.0025 0.0400 
   HI_SS0262  4 0.0556 0.0062 0.9382 
   HI_SS0264  4 0.0109 0.0030 0.9861 
   HI_SS0265  4 0.0454 0.0858 0.8688 
   HI_SS0268  4 0.0421 0.0026 0.9553 
   HI_SS0269  4 0.9903 0.0013 0.0083 
   HI_SS0273  4 0.9741 0.0015 0.0244 
   HI_SS0277  4 0.1989 0.0024 0.7987 
   HI_SS0280  4 0.5272 0.0052 0.4676 
   HI_SS0282  4 0.9614 0.0012 0.0374 
   HI_SS0286  4 0.5166 0.0072 0.4763 
   NS_SS1252  5 0.9818 0.0033 0.0149 
   NS_SS1261  5 0.0760 0.0126 0.9114 
   NS_SS1225  5 0.7131 0.1117 0.1752 
   NS_SS1266  5 0.0081 0.0066 0.9853 
   NS_SS1228  5 0.0621 0.0113 0.9266 
   NS_SS1255  5 0.1794 0.0011 0.8195 
   NS_SS1267  5 0.9832 0.0113 0.0055 
   NS_SS1238  5 0.1985 0.0021 0.7994 
   NS_SS1233  5 0.1166 0.0020 0.8815 
   NS_SS1277  5 0.9838 0.0010 0.0153 
   NS_SS1245  5 0.9486 0.0017 0.0498 
   NS_SS1240  5 0.9787 0.0018 0.0195 
   NS_SS1275  5 0.0067 0.0024 0.9909 
   NS_SS1235  5 0.4912 0.0060 0.5028 
   NS_SS1263  5 0.0789 0.0009 0.9202 
   NS_SS1251  5 0.1400 0.0014 0.8586 
   NS_SS1248  5 0.2087 0.1007 0.6906 
   NS_SS1244  5 0.8851 0.0051 0.1098 
   NS_SS1257  5 0.9357 0.0290 0.0353 
   NS_SS1242  5 0.0064 0.0021 0.9915 
   NS_SS1271  5 0.9669 0.0246 0.0085 
   NS_SS1265  5 0.6380 0.0193 0.3427 
   NS_SS1243  5 0.0697 0.0748 0.8554 
   NS_SS1273  5 0.0120 0.0074 0.9806 
   NS_SS1254  5 0.3071 0.0060 0.6869 
   NS_SS1224  5 0.0157 0.0065 0.9778 
   NS_SS1227  5 0.9878 0.0014 0.0108 
   NS_SS1274  5 0.9306 0.0165 0.0529 
   NS_SS1241  5 0.9805 0.0010 0.0185 
   NS_SS1256  5 0.2388 0.0332 0.7280 
   NS_SS1260  5 0.8537 0.0751 0.0712 
   NS_SS1262  5 0.7408 0.1770 0.0822 
   NS_SS1230  5 0.8636 0.0084 0.1280 
   NS_SS1270  5 0.0701 0.0018 0.9281 
   NS_SS1229  5 0.1103 0.0035 0.8861 
   NS_SS1246  5 0.9495 0.0028 0.0478 
   NS_SS1269  5 0.2193 0.0021 0.7786 
   NS_SS1239  5 0.2228 0.0050 0.7722 
   NS_SS1272  5 0.0467 0.0057 0.9476 
   NS_SS1268  5 0.2157 0.0021 0.7821 
   NS_SS1249  5 0.9803 0.0101 0.0096 
   HI_SS0559  6 0.8880 0.0015 0.1105 
   HI_SS0563  6 0.3294 0.0025 0.6682 
   HI_SS0564  6 0.2572 0.0573 0.6855 
   HI_SS0565  6 0.6650 0.0037 0.3314 
   HI_SS0569  6 0.9833 0.0021 0.0146 
   HI_SS0570  6 0.9538 0.0308 0.0155 
   HI_SS0572  6 0.0465 0.0020 0.9515 
   HI_SS0576  6 0.1374 0.0058 0.8568 
   HI_SS0579  6 0.9553 0.0141 0.0306 
   HI_SS0580  6 0.7676 0.0045 0.2279 
   HI_SS0581  6 0.0214 0.0519 0.9267 
   HI_SS0583  6 0.5626 0.0023 0.4350 
   HI_SS0586  6 0.9848 0.0010 0.0142 
   HI_SS0588  6 0.9389 0.0175 0.0436 
   HI_SS0595  6 0.9037 0.0256 0.0707 
   HI_SS0596  6 0.0172 0.0018 0.9810 
   HI_SS0597  6 0.0108 0.0020 0.9872 
   HI_SS0600  6 0.6726 0.0036 0.3238 
   HI_SS0601  6 0.9106 0.0128 0.0766 
   HI_SS0602  6 0.9089 0.0024 0.0887 
   HI_SS0604  6 0.2855 0.0016 0.7129 
   HI_SS0605  6 0.8197 0.0071 0.1731 
   HI_SS0608  6 0.7508 0.0012 0.2480 
   HI_SS0609  6 0.0392 0.0008 0.9600 
   HI_SS0611  6 0.9590 0.0029 0.0382 
   HI_SS0612  6 0.8748 0.0065 0.1187 
   HI_SS0613  6 0.2845 0.0014 0.7141 
   HI_SS0615  6 0.0678 0.0093 0.9229 
   HI_SS0001  6 0.8649 0.0036 0.1315 
   HI_SS0002  6 0.0323 0.0219 0.9458 
   HI_SS0004  6 0.8657 0.0050 0.1292 
   HI_SS0005  6 0.3200 0.0062 0.6737 
   HI_SS0006  6 0.5281 0.0016 0.4703 
   HI_SS0007  6 0.9868 0.0023 0.0109 
   HI_SS0008  6 0.6393 0.0438 0.3169 
   HI_SS0009  6 0.1025 0.0044 0.8931 
   HI_SS0010  6 0.9571 0.0032 0.0397 
   HI_SS0011  6 0.0730 0.0743 0.8528 
   HI_SS0012  6 0.0373 0.0048 0.9579 
   HI_SS0017  6 0.0383 0.0018 0.9599 
   HI_SS0021  6 0.3288 0.2426 0.4285 
   HI_SS0024  6 0.0303 0.0018 0.9679 
   HI_SS0025  6 0.0185 0.0030 0.9784 
   HI_SS0027  6 0.9780 0.0121 0.0099 
   HI_SS0028  6 0.0087 0.0016 0.9897 
   HI_SS0029  6 0.1000 0.0071 0.8929 
   HI_SS0030  6 0.9701 0.0045 0.0254 
   HI_SS0031  6 0.7273 0.0038 0.2688 
   HI_SS0034  6 0.9875 0.0040 0.0085 
   HI_SS0036  6 0.9772 0.0106 0.0122 
   HI_SS0037  6 0.7054 0.0042 0.2904 
   HI_SS0039  6 0.9495 0.0028 0.0477 
   HI_SS0041  6 0.0173 0.0015 0.9812 
   HI_SS0042  6 0.0580 0.1123 0.8297 
   HI_SS0043  6 0.9916 0.0024 0.0060 
   HI_SS0044  6 0.2719 0.0024 0.7257 
   HI_SS0047  6 0.1718 0.0019 0.8263 
   HI_SS0049  6 0.1738 0.0038 0.8225 
   HI_SS0051  6 0.2591 0.0022 0.7387 
   HI_SS0053  6 0.9882 0.0040 0.0078 
   HI_SS0054  6 0.9896 0.0028 0.0076 
   HI_SS0057  6 0.6027 0.0030 0.3943 
   HI_SS0058  6 0.5861 0.0062 0.4077 
   HI_SS0060  6 0.8151 0.0890 0.0959 
   HI_SS0087  6 0.3845 0.0023 0.6132 
   HI_SS0091  6 0.9833 0.0009 0.0158 
   HI_SS0095  6 0.7439 0.0642 0.1919 
   HI_SS0097  6 0.4096 0.0046 0.5858 
   HI_SS0099  6 0.0138 0.0037 0.9825 
   HI_SS0103  6 0.1180 0.0031 0.8790 
   HI_SS0105  6 0.0936 0.0261 0.8803 
   HI_SS0107  6 0.0142 0.0009 0.9849 
   HI_SS0108  6 0.9788 0.0152 0.0060 
   HI_SS0110  6 0.7754 0.0012 0.2235 
   HI_SS0111  6 0.0958 0.0225 0.8817 
   HI_SS0112  6 0.9926 0.0010 0.0064 
   HI_SS0113  6 0.0081 0.0028 0.9891 
   HI_SS0114  6 0.9665 0.0051 0.0284 
   HI_SS0115  6 0.7760 0.0159 0.2081 
   HI_SS0116  6 0.8244 0.0032 0.1724 
   HI_SS0117  6 0.8677 0.0022 0.1301 
   HI_SS0118  6 0.6626 0.0100 0.3274 
   HI_SS0119  6 0.9768 0.0022 0.0210 
   HI_SS0120  6 0.0091 0.0028 0.9881 
   HI_SS0121  6 0.0101 0.0011 0.9888 
   HI_SS0122  6 0.0999 0.0208 0.8793 
   HI_SS0123  6 0.3698 0.0053 0.6249 
   HI_SS0124  6 0.0204 0.0022 0.9774 
   HI_SS0125  6 0.0381 0.0343 0.9276 
   HI_SS0126  6 0.9916 0.0008 0.0076 
   HI_SS0127  6 0.8033 0.0097 0.1870 
   HI_SS0128  6 0.4029 0.0029 0.5943 
   HI_SS0129  6 0.6275 0.0110 0.3615 
   HI_SS0131  6 0.4824 0.0356 0.4820 
   HI_SS0132  6 0.7703 0.0006 0.2290 
   HI_SS0133  6 0.9940 0.0011 0.0049 
   HI_SS0134  6 0.7384 0.0019 0.2598 
   HI_SS0142  6 0.1123 0.0150 0.8727 
   HI_SS0145  6 0.8973 0.0014 0.1013 
   HI_SS0146  6 0.9663 0.0010 0.0327 
   HI_SS0147  6 0.0106 0.0164 0.9729 
   HI_SS0149  6 0.5709 0.0047 0.4243 
   HI_SS0150  6 0.0299 0.0036 0.9665 
   HI_SS0151  6 0.8593 0.0136 0.1272 
   NS_SS1451  6 0.0141 0.0031 0.9828 
   NS_SS1404  6 0.0216 0.0083 0.9702 
   NS_SS1432  6 0.0125 0.0283 0.9592 
   NS_SS1405  6 0.0914 0.0027 0.9059 
   NS_SS1431  6 0.0251 0.0007 0.9741 
   NS_SS1402  6 0.1653 0.0022 0.8324 
   NS_SS1450  6 0.9107 0.0038 0.0855 
   NS_SS1396  6 0.0271 0.0047 0.9682 
   NS_SS1393  6 0.3851 0.0038 0.6111 
   NS_SS1392  6 0.0857 0.0157 0.8986 
   NS_SS1445  6 0.9309 0.0107 0.0584 
   NS_SS1423  6 0.9363 0.0014 0.0623 
   NS_SS1421  6 0.7493 0.1026 0.1481 
   NS_SS1411  6 0.9426 0.0017 0.0557 
   NS_SS1453  6 0.7447 0.0065 0.2488 
   NS_SS1442  6 0.1837 0.0037 0.8127 
   NS_SS1422  6 0.7526 0.0107 0.2367 
   NS_SS1419  6 0.0646 0.1509 0.7845 
   NS_SS1427  6 0.9917 0.0017 0.0066 
   NS_SS1444  6 0.0205 0.0029 0.9766 
   NS_SS1455  6 0.0077 0.0012 0.9911 
   NS_SS1425  6 0.9886 0.0014 0.0100 
   NS_SS1400  6 0.9028 0.0012 0.0960 
   NS_SS1406  6 0.0151 0.0074 0.9775 
   NS_SS1417  6 0.1228 0.0065 0.8708 
   NS_SS1454  6 0.4395 0.0013 0.5592 
   NS_SS1412  6 0.6190 0.0209 0.3601 
   NS_SS1438  6 0.9817 0.0012 0.0170 
   NS_SS1416  6 0.0221 0.0058 0.9721 
   NS_SS1401  6 0.0869 0.0112 0.9020 
   NS_SS1424  6 0.5683 0.0127 0.4191 
   NS_SS1435  6 0.7335 0.0025 0.2640 
   NS_SS1447  6 0.0102 0.0059 0.9839 
   NS_SS1414  6 0.0149 0.0065 0.9786 
   NS_SS1449  6 0.5279 0.0044 0.4676 
   NS_SS1443  6 0.9927 0.0018 0.0055 
   NS_SS1434  6 0.8336 0.0006 0.1658 
   NS_SS1398  6 0.4928 0.0237 0.4835 
   NS_SS1426  6 0.9847 0.0021 0.0132 
   NS_SS1413  6 0.9816 0.0090 0.0094 
   NS_SS1395  6 0.9683 0.0102 0.0215 
   NS_SS1448  6 0.8896 0.0017 0.1087 
   NS_SS1446  6 0.3986 0.0028 0.5987 
   NS_SS1403  6 0.1993 0.0053 0.7954 
   NS_SS1415  6 0.9789 0.0085 0.0126 
   NS_SS1437  6 0.2010 0.0071 0.7919 
   NS_SS1439  6 0.1215 0.0030 0.8755 
   NS_SS1441  6 0.9679 0.0017 0.0304 
   NS_SS1420  6 0.0172 0.0027 0.9801 
   NS_SS1394  6 0.0832 0.0301 0.8866 
   NS_SS1391  6 0.7750 0.0135 0.2115 
   NS_SS1410  6 0.2882 0.0131 0.6987 
   NS_SS1408  6 0.6312 0.0570 0.3118 
   NS_SS1409  6 0.2784 0.0024 0.7192 
   HI_SS0617  7 0.6011 0.0012 0.3977 
   HI_SS0618  7 0.1274 0.0025 0.8701 
   HI_SS0619  7 0.2523 0.0033 0.7445 
   HI_SS0620  7 0.9911 0.0026 0.0063 
   HI_SS0621  7 0.0483 0.0124 0.9392 
   HI_SS0622  7 0.5471 0.0120 0.4409 
   HI_SS0626  7 0.2605 0.0086 0.7310 
   HI_SS0627  7 0.0115 0.0061 0.9824 
   HI_SS0628  7 0.4225 0.0504 0.5271 
   HI_SS0629  7 0.3935 0.0052 0.6014 
   HI_SS0630  7 0.8629 0.0521 0.0851 
   HI_SS0631  7 0.9819 0.0008 0.0174 
   HI_SS0632  7 0.5570 0.0031 0.4399 
   HI_SS0633  7 0.0117 0.0028 0.9855 
   HI_SS0634  7 0.2529 0.0020 0.7451 
   HI_SS0635  7 0.0691 0.0079 0.9230 
   HI_SS0637  7 0.2884 0.0030 0.7086 
   HI_SS0638  7 0.5883 0.0010 0.4106 
   HI_SS0639  7 0.0178 0.0351 0.9471 
   HI_SS0640  7 0.9165 0.0019 0.0817 
   HI_SS0641  7 0.9487 0.0054 0.0459 
   HI_SS0642  7 0.4517 0.0023 0.5460 
   HI_SS0645  7 0.0175 0.0008 0.9817 
   HI_SS0646  7 0.5520 0.0029 0.4451 
   HI_SS0647  7 0.5825 0.0010 0.4164 
   HI_SS0648  7 0.8129 0.0036 0.1835 
   HI_SS0649  7 0.1387 0.0016 0.8597 
   HI_SS0650  7 0.1470 0.0033 0.8498 
   HI_SS0651  7 0.9015 0.0039 0.0945 
   HI_SS0652  7 0.0351 0.0026 0.9623 
   NS_SS1371  7 0.9663 0.0057 0.0280 
   NS_SS1374  7 0.9048 0.0023 0.0929 
   NS_SS1337  7 0.0229 0.0029 0.9741 
   NS_SS1385  7 0.2688 0.0046 0.7266 
   NS_SS1388  7 0.0497 0.0056 0.9446 
   NS_SS1370  7 0.2174 0.0081 0.7745 
   NS_SS1389  7 0.0174 0.0031 0.9795 
   NS_SS1360  7 0.9620 0.0044 0.0335 
   NS_SS1330  7 0.0237 0.0030 0.9734 
   NS_SS1328  7 0.9601 0.0021 0.0378 
   NS_SS1384  7 0.9463 0.0033 0.0504 
   NS_SS1381  7 0.0246 0.0010 0.9744 
   NS_SS1375  7 0.0330 0.0012 0.9658 
   NS_SS1319  7 0.5458 0.1022 0.3520 
   NS_SS1326  7 0.9335 0.0092 0.0573 
   NS_SS1341  7 0.5687 0.0047 0.4266 
   NS_SS1383  7 0.5202 0.0039 0.4758 
   NS_SS1318  7 0.1047 0.0145 0.8808 
   NS_SS1348  7 0.9903 0.0013 0.0084 
   NS_SS1363  7 0.0766 0.0043 0.9191 
   NS_SS1335  7 0.9633 0.0237 0.0130 
   NS_SS1358  7 0.9210 0.0145 0.0645 
   NS_SS1342  7 0.8647 0.0014 0.1339 
   NS_SS1320  7 0.0072 0.0058 0.9870 
   NS_SS1355  7 0.0247 0.0111 0.9642 
   NS_SS1345  7 0.4571 0.0198 0.5231 
   NS_SS1324  7 0.8661 0.0026 0.1313 
   NS_SS1347  7 0.9623 0.0039 0.0338 
   NS_SS1321  7 0.7523 0.0013 0.2464 
   NS_SS1333  7 0.5692 0.0033 0.4275 
   NS_SS1364  7 0.8790 0.0021 0.1190 
   NS_SS1379  7 0.1685 0.0472 0.7844 
   NS_SS1332  7 0.9850 0.0047 0.0102 
   NS_SS1338  7 0.8562 0.0074 0.1364 
   NS_SS1368  7 0.8397 0.0052 0.1551 
   NS_SS1354  7 0.0532 0.0097 0.9372 
   NS_SS1365  7 0.1820 0.0077 0.8104 
   NS_SS1380  7 0.0176 0.0171 0.9653 
   NS_SS1329  7 0.8154 0.0031 0.1815 
   NS_SS1362  7 0.4263 0.0040 0.5697 
   NS_SS1327  7 0.9930 0.0025 0.0046 
   NS_SS1350  7 0.9394 0.0100 0.0506 
   NS_SS1387  7 0.0395 0.0023 0.9583 
   NS_SS1369  7 0.9675 0.0035 0.0290 
   NS_SS1331  7 0.1309 0.0077 0.8614 
   NS_SS1357  7 0.7167 0.0033 0.2800 
   NS_SS1386  7 0.9912 0.0022 0.0066 
   NS_SS1353  7 0.0811 0.0032 0.9157 
   NS_SS1323  7 0.0895 0.0687 0.8418 
   HI_SS0296  8 0.9777 0.0016 0.0206 
   HI_SS0297  8 0.6253 0.0008 0.3739 
   HI_SS0299  8 0.6207 0.0334 0.3459 
   HI_SS0300  8 0.8290 0.0012 0.1697 
   HI_SS0301  8 0.3465 0.0039 0.6496 
   HI_SS0302  8 0.9509 0.0181 0.0310 
   HI_SS0303  8 0.9688 0.0055 0.0257 
   HI_SS0304  8 0.0287 0.0019 0.9694 
   HI_SS0306  8 0.9903 0.0025 0.0071 
   HI_SS0307  8 0.0240 0.0070 0.9689 
   HI_SS0308  8 0.4033 0.0875 0.5093 
   HI_SS0309  8 0.1864 0.0029 0.8107 
   HI_SS0310  8 0.2715 0.0066 0.7219 
   HI_SS0311  8 0.3176 0.0022 0.6802 
   HI_SS0314  8 0.6929 0.0014 0.3057 
   HI_SS0316  8 0.8601 0.0039 0.1360 
   HI_SS0317  8 0.2656 0.0021 0.7323 
   HI_SS0318  8 0.7754 0.2002 0.0245 
   HI_SS0319  8 0.9892 0.0040 0.0069 
   HI_SS0320  8 0.0216 0.0009 0.9775 
   HI_SS0321  8 0.9272 0.0016 0.0712 
   HI_SS0323  8 0.4721 0.0014 0.5265 
   HI_SS0325  8 0.9169 0.0018 0.0813 
   HI_SS0327  8 0.9908 0.0012 0.0081 
   HI_SS0329  8 0.0894 0.0014 0.9092 
   HI_SS0333  8 0.1353 0.0024 0.8623 
   HI_SS0334  8 0.9770 0.0013 0.0217 
   HI_SS0335  8 0.0718 0.0187 0.9095 
   HI_SS0339  8 0.0462 0.0102 0.9436 
   HI_SS0343  8 0.0708 0.0019 0.9274 
   HI_SS0344  8 0.9933 0.0024 0.0042 
   HI_SS0345  8 0.1053 0.0062 0.8885 
   HI_SS0346  8 0.2859 0.0038 0.7103 
   HI_SS0350  8 0.0095 0.0073 0.9831 
   HI_SS0351  8 0.2592 0.0033 0.7374 
   HI_SS0352  8 0.0224 0.0881 0.8894 
   HI_SS0362  8 0.9320 0.0025 0.0656 
   HI_SS0363  8 0.9848 0.0034 0.0118 
   HI_SS0365  8 0.9425 0.0048 0.0527 
   HI_SS0366  8 0.9773 0.0012 0.0215 
   HI_SS0367  8 0.0086 0.0019 0.9896 
   HI_SS0369  8 0.0141 0.0019 0.9840 
   HI_SS0370  8 0.8538 0.0029 0.1433 
   HI_SS0371  8 0.9270 0.0037 0.0693 
   HI_SS0373  8 0.3158 0.0098 0.6744 
   HI_SS0374  8 0.0186 0.0215 0.9598 
   HI_SS0377  8 0.8731 0.0875 0.0394 
   HI_SS0379  8 0.9958 0.0009 0.0033 
   HI_SS0380  8 0.0469 0.0061 0.9469 
   HI_SS0381  8 0.0170 0.0040 0.9790 
   HI_SS0384  8 0.8400 0.0075 0.1525 
   HI_SS0385  8 0.3982 0.0011 0.6007 
   HI_SS0386  9 0.0014 0.9969 0.0017 
   HI_SS0387  9 0.0144 0.9736 0.0120 
   HI_SS0389  9 0.0034 0.9934 0.0032 
   HI_SS0390  9 0.0016 0.9968 0.0016 
   HI_SS0391  9 0.0022 0.9957 0.0021 
   HI_SS0392  9 0.0016 0.9970 0.0014 
   HI_SS0393  9 0.0016 0.9972 0.0012 
   HI_SS0394  9 0.0012 0.9974 0.0014 
   HI_SS0395  9 0.0033 0.9927 0.0039 
   HI_SS0396  9 0.0075 0.9801 0.0124 
   HI_SS0398  9 0.0051 0.9887 0.0062 
   HI_SS0399  9 0.0010 0.9978 0.0013 
   HI_SS0400  9 0.0017 0.9963 0.0020 
   HI_SS0401  9 0.0013 0.9973 0.0014 
   HI_SS0402  9 0.0013 0.9975 0.0012 
   HI_SS0403  9 0.0013 0.9973 0.0015 
   HI_SS0404  9 0.0011 0.9979 0.0010 
   HI_SS0405  9 0.0156 0.9660 0.0184 
   HI_SS0406  9 0.0022 0.9959 0.0020 
   HI_SS0407  9 0.0056 0.9869 0.0075 
   HI_SS0408  9 0.0012 0.9976 0.0013 
   HI_SS0409  9 0.0027 0.9947 0.0026 
   HI_SS0411  9 0.0025 0.9950 0.0025 
   HI_SS0412  9 0.0834 0.8132 0.1034 
   HI_SS0413  9 0.0020 0.9960 0.0019 
   HI_SS0414  9 0.0142 0.9647 0.0211 
   HI_SS0415  9 0.0019 0.9963 0.0017 
   HI_SS0416  9 0.0033 0.9933 0.0034 
   HI_SS0418  9 0.0052 0.9906 0.0042 
   HI_SS0419  9 0.0024 0.9943 0.0033 
   HI_SS0420  9 0.0022 0.9960 0.0018 
   HI_SS0421  9 0.0045 0.9913 0.0042 
   HI_SS0422  9 0.0013 0.9972 0.0015 
   HI_SS0423  9 0.0040 0.9926 0.0034 
   HI_SS0424  9 0.0016 0.9969 0.0015 
   HI_SS0425  9 0.0020 0.9943 0.0037 
   NS_SS1146 10 0.0022 0.9959 0.0019 
   NS_SS1157 10 0.0064 0.9885 0.0050 
   NS_SS1144 10 0.0228 0.9610 0.0163 
   NS_SS1074 10 0.0033 0.9934 0.0032 
   NS_SS1122 10 0.0043 0.9918 0.0040 
   NS_SS1136 10 0.0010 0.9977 0.0013 
   NS_SS1077 10 0.0007 0.9987 0.0006 
   NS_SS1134 10 0.0109 0.9790 0.0101 
   NS_SS1091 10 0.0016 0.9963 0.0022 
   NS_SS1089 10 0.0027 0.9950 0.0023 
   NS_SS1123 10 0.0014 0.9972 0.0013 
   NS_SS1158 10 0.0010 0.9980 0.0011 
   NS_SS1093 10 0.0019 0.9959 0.0022 
   NS_SS1102 10 0.0043 0.9907 0.0050 
   NS_SS1056 10 0.0014 0.9967 0.0019 
   NS_SS1126 10 0.0028 0.9948 0.0024 
   NS_SS1058 10 0.0037 0.9930 0.0033 
   NS_SS1084 10 0.0012 0.9975 0.0013 
   NS_SS1095 10 0.0074 0.9875 0.0051 
   NS_SS1079 10 0.0018 0.9967 0.0015 
   NS_SS1149 10 0.0022 0.9955 0.0024 
   NS_SS1121 10 0.0014 0.9969 0.0017 
   NS_SS1067 10 0.0048 0.9888 0.0064 
   NS_SS1081 10 0.0025 0.9954 0.0021 
   NS_SS1130 10 0.0025 0.9936 0.0039 
   NS_SS1073 10 0.0025 0.9950 0.0025 
   NS_SS1133 10 0.0034 0.9861 0.0105 
   NS_SS1129 10 0.0013 0.9974 0.0013 
   NS_SS1085 10 0.0021 0.9962 0.0017 
   NS_SS1137 10 0.0044 0.9917 0.0039 
   NS_SS1135 10 0.0011 0.9976 0.0012 
   NS_SS1082 10 0.0013 0.9974 0.0014 
   NS_SS1125 10 0.0011 0.9976 0.0013 
   NS_SS1124 10 0.0061 0.9878 0.0061 
   NS_SS1155 10 0.0093 0.9845 0.0062 
   NS_SS1145 10 0.0017 0.9966 0.0016 
