   NS_SS0963  1 0.0058 0.6230 0.2600 0.0554 0.0558 
   NS_SS0983  1 0.0036 0.0099 0.0583 0.0139 0.9143 
   NS_SS0719  1 0.0041 0.0093 0.1838 0.7754 0.0274 
   NS_SS1001  1 0.0070 0.0493 0.5971 0.1014 0.2453 
   NS_SS0936  1 0.0028 0.5100 0.2429 0.2210 0.0233 
   NS_SS0955  1 0.0037 0.0255 0.2529 0.0592 0.6586 
   NS_SS0944  1 0.0019 0.3282 0.0535 0.0198 0.5966 
   NS_SS0945  1 0.0086 0.2453 0.1308 0.1865 0.4288 
   NS_SS0922  1 0.0257 0.0871 0.5071 0.3730 0.0070 
   NS_SS0929  1 0.0035 0.2500 0.2601 0.0785 0.4080 
   NS_SS0956  1 0.0037 0.0124 0.7174 0.2565 0.0100 
   NS_SS0906  1 0.0031 0.6276 0.1824 0.1417 0.0451 
   NS_SS0721  1 0.0043 0.0112 0.4448 0.5157 0.0240 
   NS_SS0982  1 0.0155 0.0936 0.2191 0.6597 0.0121 
   NS_SS0923  1 0.0043 0.0476 0.4055 0.5286 0.0141 
   NS_SS0905  1 0.0017 0.0176 0.1610 0.7964 0.0234 
   NS_SS0925  1 0.0041 0.3597 0.5873 0.0326 0.0164 
   NS_SS0947  1 0.0040 0.8077 0.1484 0.0237 0.0163 
   NS_SS0926  1 0.0013 0.0068 0.0300 0.0204 0.9416 
   NS_SS0918  1 0.0024 0.2448 0.5235 0.1700 0.0594 
   NS_SS0966  1 0.0450 0.8435 0.0483 0.0254 0.0378 
   NS_SS0938  1 0.0014 0.0488 0.7010 0.2090 0.0398 
   NS_SS0917  1 0.0370 0.0138 0.2703 0.6206 0.0583 
   NS_SS0957  1 0.0059 0.0657 0.6821 0.2237 0.0226 
   NS_SS0987  1 0.2400 0.0174 0.1909 0.5211 0.0306 
   NS_SS0717  1 0.0028 0.2850 0.0257 0.6655 0.0211 
   NS_SS0986  1 0.0033 0.2422 0.3896 0.2845 0.0805 
   NS_SS0953  1 0.0136 0.9389 0.0126 0.0069 0.0281 
   NS_SS0907  1 0.0402 0.6580 0.1611 0.0374 0.1033 
   NS_SS0974  1 0.0036 0.1430 0.1121 0.0833 0.6580 
   NS_SS0989  1 0.0012 0.0565 0.0975 0.0220 0.8228 
   NS_SS0991  1 0.0020 0.0885 0.0399 0.0233 0.8463 
   NS_SS0994  1 0.0021 0.0078 0.0098 0.0083 0.9719 
   NS_SS0931  1 0.0100 0.0192 0.4931 0.0119 0.4658 
   NS_SS1000  1 0.0039 0.9121 0.0623 0.0111 0.0106 
   NS_SS0919  1 0.0026 0.1334 0.3318 0.3852 0.1470 
   NS_SS0949  1 0.0016 0.0132 0.0218 0.0135 0.9498 
   NS_SS0960  1 0.0058 0.0186 0.1935 0.6564 0.1256 
   NS_SS0716  1 0.0051 0.0079 0.0060 0.9764 0.0047 
   NS_SS0924  1 0.0163 0.0295 0.2379 0.5372 0.1792 
   NS_SS0935  1 0.0092 0.0254 0.2344 0.0629 0.6680 
   NS_SS0952  1 0.0395 0.2064 0.1403 0.0301 0.5837 
   NS_SS0962  1 0.0059 0.0954 0.1353 0.7515 0.0119 
   NS_SS0973  1 0.0036 0.1692 0.3496 0.0252 0.4524 
   NS_SS0722  1 0.0024 0.8137 0.1362 0.0355 0.0123 
   NS_SS0979  1 0.0020 0.2133 0.1178 0.6440 0.0229 
   NS_SS0993  1 0.0183 0.5271 0.2979 0.1319 0.0249 
   NS_SS0958  1 0.0023 0.0700 0.0158 0.4343 0.4776 
   NS_SS0988  1 0.0051 0.1242 0.0699 0.7433 0.0575 
   NS_SS1003  1 0.0079 0.0679 0.7151 0.2030 0.0061 
   NS_SS0976  1 0.0019 0.2265 0.3696 0.0548 0.3472 
   NS_SS0964  1 0.0027 0.7264 0.1540 0.0951 0.0218 
   NS_SS0939  1 0.0034 0.0047 0.0836 0.9035 0.0048 
   NS_SS0990  1 0.0028 0.0628 0.6597 0.2362 0.0385 
   NS_SS0984  1 0.0017 0.0391 0.4320 0.5185 0.0087 
   NS_SS0980  1 0.0020 0.3640 0.5087 0.0156 0.1097 
   NS_SS0978  1 0.0033 0.1059 0.7672 0.0609 0.0626 
   NS_SS0951  1 0.0031 0.1597 0.0790 0.1248 0.6334 
   NS_SS0913  1 0.0375 0.1854 0.3666 0.3828 0.0277 
   NS_SS1002  1 0.0384 0.8127 0.0503 0.0910 0.0076 
   NS_SS0948  1 0.0452 0.3058 0.3818 0.1371 0.1301 
   NS_SS0916  1 0.0042 0.0106 0.8035 0.0737 0.1080 
   NS_SS0995  1 0.0028 0.0204 0.3082 0.6571 0.0116 
   NS_SS0927  1 0.0044 0.0181 0.2408 0.6682 0.0685 
   NS_SS0992  1 0.0031 0.2406 0.5238 0.1007 0.1318 
   NS_SS0912  1 0.0027 0.0236 0.1355 0.4511 0.3871 
   NS_SS0981  1 0.0037 0.0710 0.6214 0.2872 0.0166 
   NS_SS0729  2 0.0040 0.0372 0.0201 0.0073 0.9314 
   NS_SS0967  2 0.0117 0.3050 0.2446 0.3459 0.0927 
   NS_SS0941  2 0.0755 0.0298 0.7592 0.0777 0.0577 
   NS_SS0768  2 0.0043 0.9010 0.0532 0.0282 0.0133 
   NS_SS0726  2 0.0072 0.0361 0.3655 0.0146 0.5766 
   NS_SS0763  2 0.0018 0.0823 0.0975 0.0272 0.7912 
   NS_SS0730  2 0.0028 0.0163 0.0187 0.9526 0.0096 
   NS_SS0774  2 0.0010 0.6407 0.1780 0.1715 0.0088 
   NS_SS0723  2 0.0014 0.1800 0.2405 0.5723 0.0058 
   NS_SS0940  2 0.0054 0.0086 0.3564 0.4774 0.1523 
   NS_SS0762  2 0.0026 0.3445 0.4497 0.1820 0.0212 
   NS_SS0766  2 0.0114 0.0144 0.2308 0.6114 0.1320 
   NS_SS0724  2 0.0041 0.9068 0.0433 0.0308 0.0150 
   NS_SS0769  2 0.0033 0.1561 0.1233 0.6957 0.0216 
   NS_SS0777  2 0.0140 0.1122 0.3460 0.1134 0.4144 
   NS_SS0734  2 0.0242 0.0270 0.3369 0.4691 0.1428 
   NS_SS0737  2 0.0049 0.3082 0.6178 0.0604 0.0087 
   NS_SS0732  2 0.0045 0.0191 0.1700 0.7986 0.0079 
   NS_SS0728  2 0.0096 0.0798 0.8306 0.0274 0.0526 
   NS_SS0735  2 0.0087 0.6578 0.2772 0.0172 0.0390 
   NS_SS0725  2 0.0098 0.6448 0.2781 0.0112 0.0561 
   NS_SS0788  2 0.0014 0.0684 0.2517 0.6697 0.0087 
   NS_SS0778  2 0.0014 0.0437 0.7677 0.1604 0.0268 
   NS_SS0792  2 0.0044 0.1592 0.6937 0.0911 0.0516 
   NS_SS0943  2 0.0085 0.1535 0.0274 0.0097 0.8010 
   NS_SS0791  2 0.0124 0.0056 0.5473 0.4032 0.0314 
   NS_SS0790  2 0.0032 0.9734 0.0075 0.0126 0.0032 
   NS_SS0731  2 0.0103 0.6709 0.0416 0.2638 0.0133 
   NS_SS0727  2 0.0018 0.0225 0.0720 0.0159 0.8879 
   NS_SS0779  2 0.0060 0.1041 0.6707 0.1439 0.0753 
   NS_SS0776  2 0.0073 0.7343 0.1962 0.0235 0.0387 
   NS_SS0775  2 0.0065 0.0275 0.0762 0.8799 0.0099 
   NS_SS0965  3 0.0014 0.0926 0.4781 0.3461 0.0816 
   NS_SS0754  3 0.0125 0.0290 0.4352 0.0502 0.4732 
   NS_SS0838  3 0.0450 0.2992 0.4092 0.0980 0.1486 
   NS_SS0839  3 0.0036 0.2883 0.6021 0.1010 0.0051 
   NS_SS0832  3 0.0490 0.4240 0.4229 0.0986 0.0055 
   NS_SS0820  3 0.0052 0.3171 0.0342 0.6400 0.0036 
   NS_SS0886  3 0.0017 0.0431 0.1502 0.5866 0.2183 
   NS_SS0748  3 0.0077 0.4840 0.0641 0.1016 0.3426 
   NS_SS0884  3 0.0196 0.1732 0.7456 0.0210 0.0407 
   NS_SS0752  3 0.0024 0.4121 0.3405 0.0605 0.1844 
   NS_SS0862  3 0.0037 0.0631 0.7541 0.1689 0.0103 
   NS_SS0787  3 0.0070 0.0135 0.0254 0.0206 0.9335 
   NS_SS0843  3 0.0019 0.7266 0.1301 0.0461 0.0954 
   NS_SS0856  3 0.0030 0.4837 0.2174 0.2693 0.0265 
   NS_SS0846  3 0.0035 0.7465 0.0787 0.0196 0.1516 
   NS_SS0825  3 0.0099 0.1157 0.3436 0.5041 0.0267 
   NS_SS0757  3 0.0037 0.0673 0.3494 0.1268 0.4527 
   NS_SS0876  3 0.2189 0.4866 0.1904 0.0933 0.0107 
   NS_SS0903  3 0.0026 0.7652 0.2127 0.0115 0.0081 
   NS_SS0875  3 0.0030 0.0161 0.0181 0.9431 0.0197 
   NS_SS0740  3 0.0029 0.3423 0.2867 0.0747 0.2934 
   NS_SS0811  3 0.0098 0.0762 0.0759 0.8184 0.0197 
   NS_SS0751  3 0.0017 0.0437 0.1288 0.7891 0.0367 
   NS_SS0891  3 0.0051 0.8092 0.1002 0.0672 0.0183 
   NS_SS0867  3 0.0247 0.1454 0.3661 0.0210 0.4427 
   NS_SS0890  3 0.0033 0.0837 0.3617 0.2931 0.2582 
   NS_SS0866  3 0.0051 0.0074 0.0394 0.0342 0.9140 
   NS_SS0755  3 0.0072 0.2831 0.3282 0.2492 0.1323 
   NS_SS0758  3 0.0018 0.3798 0.3754 0.1659 0.0771 
   NS_SS0840  3 0.0026 0.2764 0.5193 0.1852 0.0165 
   NS_SS0889  3 0.0026 0.0328 0.0203 0.0367 0.9076 
   NS_SS1010  3 0.0448 0.1772 0.1907 0.5227 0.0646 
   NS_SS0888  3 0.0016 0.0135 0.1372 0.0158 0.8319 
   NS_SS0837  3 0.0028 0.5503 0.0429 0.3092 0.0948 
   NS_SS0794  3 0.0018 0.0357 0.0147 0.0283 0.9196 
   NS_SS0823  3 0.0032 0.7241 0.2277 0.0120 0.0329 
   NS_SS0829  3 0.1142 0.0187 0.0220 0.0077 0.8374 
   NS_SS0844  3 0.0014 0.9768 0.0081 0.0082 0.0055 
   NS_SS1008  3 0.0163 0.0551 0.0634 0.0484 0.8167 
   NS_SS0881  3 0.0024 0.0170 0.0944 0.8636 0.0226 
   NS_SS0834  3 0.0053 0.8864 0.0840 0.0158 0.0085 
   NS_SS0744  3 0.0051 0.0581 0.7786 0.0932 0.0649 
   NS_SS0899  3 0.0013 0.7483 0.1384 0.1022 0.0097 
   NS_SS0804  3 0.0039 0.2216 0.5198 0.2470 0.0078 
   NS_SS0781  3 0.0027 0.8976 0.0729 0.0226 0.0042 
   NS_SS0822  3 0.0020 0.2833 0.0453 0.0110 0.6584 
   NS_SS1004  3 0.0034 0.6255 0.3309 0.0147 0.0254 
   NS_SS0746  3 0.0135 0.5616 0.0720 0.0317 0.3213 
   NS_SS0880  3 0.0015 0.3428 0.5616 0.0356 0.0585 
   NS_SS0879  3 0.0135 0.6637 0.2591 0.0263 0.0376 
   NS_SS0753  3 0.0088 0.0173 0.2597 0.0358 0.6783 
   NS_SS1007  3 0.0014 0.0101 0.3065 0.6682 0.0137 
   NS_SS0872  3 0.0020 0.8978 0.0246 0.0682 0.0075 
   NS_SS1005  3 0.0013 0.9146 0.0535 0.0175 0.0131 
   NS_SS0892  3 0.0019 0.0709 0.6797 0.1785 0.0691 
   NS_SS0898  3 0.0059 0.0127 0.2182 0.1290 0.6343 
   NS_SS0801  3 0.0096 0.6218 0.2799 0.0783 0.0104 
   NS_SS0827  3 0.1036 0.0195 0.0310 0.7587 0.0872 
   NS_SS0853  3 0.0054 0.0774 0.3223 0.5439 0.0509 
   NS_SS0780  3 0.0035 0.0265 0.9398 0.0247 0.0055 
   NS_SS0826  3 0.0034 0.9264 0.0263 0.0080 0.0359 
   NS_SS0818  3 0.0017 0.0639 0.8652 0.0580 0.0112 
   NS_SS0745  3 0.0012 0.0600 0.4072 0.5256 0.0059 
   NS_SS0849  3 0.0015 0.0682 0.2163 0.6626 0.0514 
   NS_SS0739  3 0.0115 0.0067 0.0804 0.8934 0.0080 
   NS_SS0799  3 0.0010 0.0091 0.3362 0.0219 0.6318 
   NS_SS0756  3 0.0040 0.6110 0.2914 0.0795 0.0141 
   NS_SS0802  3 0.2018 0.0246 0.2988 0.3422 0.1325 
   NS_SS0747  3 0.0044 0.3717 0.4217 0.1669 0.0353 
   NS_SS0835  3 0.0011 0.0318 0.0267 0.0935 0.8468 
   NS_SS0742  3 0.0011 0.1975 0.5994 0.1721 0.0298 
   NS_SS0760  3 0.0467 0.0155 0.0100 0.1088 0.8191 
   NS_SS0803  3 0.0074 0.9483 0.0310 0.0077 0.0055 
   NS_SS0828  3 0.0013 0.0357 0.1586 0.5842 0.2202 
   NS_SS0865  3 0.0228 0.0406 0.7707 0.1197 0.0461 
   NS_SS0759  3 0.0041 0.0730 0.1234 0.7921 0.0074 
   NS_SS0851  3 0.0154 0.0714 0.4829 0.4220 0.0083 
   NS_SS0874  3 0.0014 0.9510 0.0288 0.0092 0.0096 
   NS_SS0761  3 0.0026 0.0189 0.0796 0.0448 0.8540 
   NS_SS0842  3 0.0066 0.2300 0.0590 0.6227 0.0818 
   NS_SS0785  3 0.0065 0.2450 0.4439 0.0411 0.2634 
   NS_SS0860  3 0.0025 0.0219 0.1564 0.0423 0.7770 
   NS_SS0897  3 0.0015 0.0086 0.0082 0.0066 0.9752 
   NS_SS0841  3 0.0040 0.0393 0.4986 0.4402 0.0180 
   NS_SS0797  3 0.0204 0.0092 0.0760 0.6892 0.2052 
   NS_SS0830  3 0.0019 0.0351 0.0616 0.8212 0.0801 
   NS_SS1011  3 0.0057 0.4978 0.4700 0.0172 0.0094 
   NS_SS0883  3 0.0047 0.0068 0.1889 0.7680 0.0316 
   NS_SS0782  3 0.0024 0.2750 0.2514 0.1163 0.3549 
   NS_SS0831  3 0.0036 0.0182 0.0200 0.0286 0.9297 
   NS_SS0749  3 0.0040 0.0199 0.6153 0.2779 0.0830 
   NS_SS0854  3 0.0031 0.2897 0.3701 0.0499 0.2872 
   HI_SS0193  4 0.0015 0.0139 0.0369 0.0136 0.9341 
   HI_SS0194  4 0.0016 0.7877 0.1901 0.0092 0.0114 
   HI_SS0195  4 0.0838 0.0856 0.4965 0.3282 0.0060 
   HI_SS0196  4 0.0031 0.4299 0.1012 0.1342 0.3316 
   HI_SS0197  4 0.0112 0.0126 0.8912 0.0803 0.0047 
   HI_SS0198  4 0.0088 0.0244 0.5213 0.3720 0.0735 
   HI_SS0199  4 0.0023 0.0251 0.3919 0.0319 0.5489 
   HI_SS0201  4 0.0025 0.0421 0.0303 0.0133 0.9119 
   HI_SS0215  4 0.0041 0.1600 0.1754 0.0405 0.6200 
   HI_SS0218  4 0.0045 0.0049 0.0134 0.0084 0.9688 
   HI_SS0222  4 0.0047 0.0827 0.2183 0.5661 0.1283 
   HI_SS0230  4 0.0046 0.0708 0.0486 0.8682 0.0077 
   HI_SS0234  4 0.1545 0.4445 0.1195 0.2359 0.0456 
   HI_SS0240  4 0.0069 0.0269 0.8123 0.1175 0.0363 
   HI_SS0241  4 0.0022 0.0397 0.2465 0.0811 0.6305 
   HI_SS0242  4 0.0036 0.1280 0.3980 0.2502 0.2203 
   HI_SS0247  4 0.0215 0.9311 0.0215 0.0130 0.0129 
   HI_SS0248  4 0.0007 0.0150 0.0092 0.0069 0.9681 
   HI_SS0252  4 0.0020 0.2455 0.6712 0.0091 0.0721 
   HI_SS0254  4 0.0966 0.0221 0.1579 0.3544 0.3690 
   HI_SS0256  4 0.0012 0.9556 0.0143 0.0258 0.0031 
   HI_SS0257  4 0.0036 0.2317 0.1563 0.0612 0.5471 
   HI_SS0258  4 0.0046 0.0181 0.0271 0.0174 0.9328 
   HI_SS0259  4 0.0032 0.2045 0.3278 0.4484 0.0162 
   HI_SS0260  4 0.0018 0.0604 0.0876 0.1035 0.7467 
   HI_SS0261  4 0.0031 0.0586 0.2215 0.0181 0.6988 
   HI_SS0262  4 0.0059 0.0841 0.0806 0.8189 0.0105 
   HI_SS0264  4 0.0033 0.4223 0.0690 0.4928 0.0127 
   HI_SS0265  4 0.0881 0.0374 0.0655 0.7982 0.0108 
   HI_SS0268  4 0.0025 0.0252 0.0957 0.8259 0.0507 
   HI_SS0269  4 0.0019 0.0343 0.0301 0.0104 0.9234 
   HI_SS0273  4 0.0017 0.0151 0.0385 0.0627 0.8820 
   HI_SS0277  4 0.0026 0.0230 0.1518 0.8026 0.0200 
   HI_SS0280  4 0.0042 0.0103 0.6100 0.3422 0.0333 
   HI_SS0282  4 0.0015 0.0553 0.2443 0.0202 0.6787 
   HI_SS0286  4 0.0061 0.0560 0.2287 0.5267 0.1825 
   NS_SS1252  5 0.0040 0.0096 0.0084 0.0135 0.9646 
   NS_SS1261  5 0.0155 0.1867 0.1213 0.6320 0.0444 
   NS_SS1225  5 0.0811 0.7625 0.0083 0.0112 0.1368 
   NS_SS1266  5 0.0071 0.9378 0.0435 0.0078 0.0039 
   NS_SS1228  5 0.0124 0.0601 0.4124 0.5005 0.0146 
   NS_SS1255  5 0.0017 0.5415 0.0649 0.1202 0.2717 
   NS_SS1267  5 0.0143 0.0055 0.0179 0.1400 0.8223 
   NS_SS1238  5 0.0026 0.1061 0.1074 0.6378 0.1461 
   NS_SS1233  5 0.0022 0.8636 0.0676 0.0150 0.0515 
   NS_SS1277  5 0.0009 0.0080 0.2416 0.0135 0.7360 
   NS_SS1245  5 0.0020 0.2020 0.0654 0.0153 0.7152 
   NS_SS1240  5 0.0020 0.0082 0.0101 0.0061 0.9737 
   NS_SS1275  5 0.0021 0.2445 0.6525 0.0955 0.0053 
   NS_SS1235  5 0.0037 0.9726 0.0102 0.0047 0.0088 
   NS_SS1263  5 0.0009 0.9560 0.0118 0.0167 0.0146 
   NS_SS1251  5 0.0014 0.9437 0.0282 0.0132 0.0135 
   NS_SS1248  5 0.0901 0.0131 0.0477 0.7688 0.0803 
   NS_SS1244  5 0.0044 0.1660 0.6314 0.1140 0.0842 
   NS_SS1257  5 0.0318 0.0274 0.2267 0.1556 0.5585 
   NS_SS1242  5 0.0027 0.5824 0.0963 0.3096 0.0091 
   NS_SS1271  5 0.0259 0.0066 0.0637 0.0216 0.8822 
   NS_SS1265  5 0.0218 0.1157 0.0332 0.3103 0.5190 
   NS_SS1243  5 0.0835 0.0492 0.6537 0.1618 0.0518 
   NS_SS1273  5 0.0087 0.0917 0.3348 0.5554 0.0094 
   NS_SS1254  5 0.0065 0.4591 0.4174 0.0399 0.0771 
   NS_SS1224  5 0.0076 0.6480 0.3108 0.0237 0.0100 
   NS_SS1227  5 0.0015 0.0075 0.2429 0.3311 0.4169 
   NS_SS1274  5 0.0210 0.0573 0.1453 0.1513 0.6252 
   NS_SS1241  5 0.0011 0.1418 0.0941 0.0388 0.7241 
   NS_SS1256  5 0.0408 0.5788 0.2737 0.0172 0.0896 
   NS_SS1260  5 0.0686 0.0441 0.2671 0.0152 0.6050 
   NS_SS1262  5 0.1811 0.1599 0.0950 0.1006 0.4633 
   NS_SS1230  5 0.0077 0.1193 0.0731 0.2288 0.5711 
   NS_SS1270  5 0.0022 0.7871 0.1197 0.0747 0.0164 
   NS_SS1229  5 0.0039 0.5540 0.3783 0.0108 0.0531 
   NS_SS1246  5 0.0029 0.1156 0.2087 0.1880 0.4847 
   NS_SS1269  5 0.0020 0.0600 0.7494 0.1217 0.0669 
   NS_SS1239  5 0.0045 0.0297 0.5325 0.3236 0.1097 
   NS_SS1272  5 0.0056 0.7693 0.1716 0.0438 0.0097 
   NS_SS1268  5 0.0022 0.4290 0.3112 0.2062 0.0514 
   NS_SS1249  5 0.0127 0.0135 0.0143 0.0071 0.9524 
   HI_SS0559  6 0.0016 0.2287 0.5855 0.0405 0.1437 
   HI_SS0563  6 0.0030 0.1166 0.4978 0.1673 0.2153 
   HI_SS0564  6 0.0555 0.0239 0.8424 0.0631 0.0151 
   HI_SS0565  6 0.0030 0.1799 0.2363 0.5378 0.0429 
   HI_SS0569  6 0.0023 0.0253 0.1235 0.0589 0.7900 
   HI_SS0570  6 0.0408 0.0548 0.0402 0.0160 0.8482 
   HI_SS0572  6 0.0018 0.9772 0.0065 0.0066 0.0080 
   HI_SS0576  6 0.0048 0.0135 0.0533 0.9136 0.0147 
   HI_SS0579  6 0.0122 0.7883 0.0563 0.0098 0.1334 
   HI_SS0580  6 0.0045 0.1016 0.0859 0.1679 0.6401 
   HI_SS0581  6 0.0633 0.0965 0.6222 0.2104 0.0075 
   HI_SS0583  6 0.0025 0.0371 0.0163 0.0189 0.9252 
   HI_SS0586  6 0.0009 0.0062 0.0087 0.0328 0.9515 
   HI_SS0588  6 0.0208 0.0494 0.0813 0.0280 0.8205 
   HI_SS0595  6 0.0232 0.0216 0.0690 0.6835 0.2027 
   HI_SS0596  6 0.0020 0.9542 0.0101 0.0259 0.0077 
   HI_SS0597  6 0.0024 0.8549 0.1029 0.0271 0.0127 
   HI_SS0600  6 0.0029 0.0254 0.8166 0.0435 0.1116 
   HI_SS0601  6 0.0120 0.3349 0.2602 0.1621 0.2308 
   HI_SS0602  6 0.0020 0.0197 0.1950 0.7509 0.0325 
   HI_SS0604  6 0.0015 0.6025 0.2288 0.0239 0.1433 
   HI_SS0605  6 0.0060 0.0171 0.8353 0.0796 0.0620 
   HI_SS0608  6 0.0012 0.0120 0.1878 0.6917 0.1073 
   HI_SS0609  6 0.0007 0.7466 0.1655 0.0717 0.0155 
   HI_SS0611  6 0.0032 0.0178 0.0429 0.1227 0.8134 
   HI_SS0612  6 0.0063 0.5898 0.2258 0.0116 0.1665 
   HI_SS0613  6 0.0018 0.4072 0.0370 0.5050 0.0490 
   HI_SS0615  6 0.0092 0.0432 0.3474 0.5880 0.0122 
   HI_SS0001  6 0.0033 0.0268 0.5957 0.0127 0.3615 
   HI_SS0002  6 0.0231 0.9212 0.0119 0.0368 0.0069 
   HI_SS0004  6 0.0061 0.0885 0.1625 0.0475 0.6955 
   HI_SS0005  6 0.0058 0.0076 0.1829 0.7858 0.0178 
   HI_SS0006  6 0.0017 0.2642 0.0234 0.0115 0.6992 
   HI_SS0007  6 0.0025 0.0163 0.1295 0.1478 0.7039 
   HI_SS0008  6 0.0382 0.0371 0.2159 0.6518 0.0570 
   HI_SS0009  6 0.0046 0.0359 0.1517 0.7579 0.0498 
   HI_SS0010  6 0.0030 0.0121 0.0647 0.7209 0.1994 
   HI_SS0011  6 0.0926 0.5956 0.1789 0.1140 0.0188 
   HI_SS0012  6 0.0047 0.0281 0.2465 0.7143 0.0065 
   HI_SS0017  6 0.0020 0.6103 0.2866 0.0252 0.0760 
   HI_SS0021  6 0.2312 0.0159 0.0058 0.5474 0.1997 
   HI_SS0024  6 0.0020 0.0601 0.1810 0.7023 0.0546 
   HI_SS0025  6 0.0037 0.5555 0.0736 0.3463 0.0209 
   HI_SS0027  6 0.0116 0.0087 0.2450 0.0116 0.7230 
   HI_SS0028  6 0.0018 0.0074 0.0075 0.9797 0.0036 
   HI_SS0029  6 0.0076 0.0185 0.0246 0.9359 0.0133 
   HI_SS0030  6 0.0055 0.0312 0.4269 0.0221 0.5143 
   HI_SS0031  6 0.0030 0.0226 0.4183 0.5380 0.0181 
   HI_SS0034  6 0.0045 0.0202 0.1482 0.0093 0.8178 
   HI_SS0036  6 0.0098 0.0053 0.0793 0.6324 0.2732 
   HI_SS0037  6 0.0038 0.0614 0.0417 0.4988 0.3944 
   HI_SS0039  6 0.0030 0.0092 0.2772 0.4618 0.2487 
   HI_SS0041  6 0.0019 0.0394 0.0809 0.8694 0.0084 
   HI_SS0042  6 0.1088 0.0607 0.2189 0.6036 0.0081 
   HI_SS0043  6 0.0033 0.0097 0.0322 0.0628 0.8920 
   HI_SS0044  6 0.0022 0.0390 0.0917 0.7794 0.0877 
   HI_SS0047  6 0.0022 0.6689 0.2831 0.0215 0.0243 
   HI_SS0049  6 0.0040 0.6718 0.1355 0.0786 0.1101 
   HI_SS0051  6 0.0025 0.2285 0.5035 0.2067 0.0588 
   HI_SS0053  6 0.0054 0.0089 0.2292 0.0168 0.7397 
   HI_SS0054  6 0.0036 0.0148 0.0108 0.0125 0.9582 
   HI_SS0057  6 0.0035 0.3258 0.4052 0.1366 0.1290 
   HI_SS0058  6 0.0062 0.8379 0.0301 0.0368 0.0890 
   HI_SS0060  6 0.0666 0.0198 0.2096 0.6897 0.0143 
   HI_SS0087  6 0.0026 0.7975 0.0682 0.0242 0.1075 
   HI_SS0091  6 0.0014 0.0265 0.2675 0.0104 0.6941 
   HI_SS0095  6 0.0450 0.2907 0.4600 0.1159 0.0884 
   HI_SS0097  6 0.0038 0.8368 0.0963 0.0277 0.0354 
   HI_SS0099  6 0.0032 0.0117 0.0376 0.9379 0.0096 
   HI_SS0103  6 0.0034 0.6219 0.3428 0.0125 0.0195 
   HI_SS0105  6 0.0282 0.1829 0.6802 0.0382 0.0705 
   HI_SS0107  6 0.0009 0.9606 0.0240 0.0071 0.0074 
   HI_SS0108  6 0.0221 0.0058 0.0165 0.0075 0.9482 
   HI_SS0110  6 0.0011 0.0667 0.6608 0.0984 0.1731 
   HI_SS0111  6 0.0227 0.0190 0.2432 0.6977 0.0174 
   HI_SS0112  6 0.0011 0.0062 0.0082 0.0132 0.9712 
   HI_SS0113  6 0.0031 0.8044 0.1529 0.0282 0.0113 
   HI_SS0114  6 0.0050 0.0230 0.4722 0.0848 0.4150 
   HI_SS0115  6 0.0170 0.2110 0.2966 0.0856 0.3898 
   HI_SS0116  6 0.0037 0.0352 0.0100 0.0361 0.9151 
   HI_SS0117  6 0.0018 0.6979 0.0895 0.0095 0.2014 
   HI_SS0118  6 0.0131 0.3119 0.0392 0.0374 0.5983 
   HI_SS0119  6 0.0018 0.0126 0.3691 0.0145 0.6020 
   HI_SS0120  6 0.0027 0.7004 0.2837 0.0056 0.0076 
   HI_SS0121  6 0.0015 0.1016 0.0528 0.8355 0.0086 
   HI_SS0122  6 0.0204 0.0781 0.0917 0.7884 0.0214 
   HI_SS0123  6 0.0044 0.1449 0.7667 0.0194 0.0646 
   HI_SS0124  6 0.0025 0.0431 0.0812 0.8641 0.0091 
   HI_SS0125  6 0.0266 0.0072 0.5487 0.4111 0.0064 
   HI_SS0126  6 0.0008 0.0113 0.0060 0.0334 0.9485 
   HI_SS0127  6 0.0103 0.1929 0.3487 0.1801 0.2680 
   HI_SS0128  6 0.0038 0.2442 0.3454 0.1046 0.3020 
   HI_SS0129  6 0.0117 0.0402 0.5267 0.1523 0.2691 
   HI_SS0131  6 0.0325 0.0943 0.0135 0.6098 0.2499 
   HI_SS0132  6 0.0006 0.0422 0.5230 0.2845 0.1497 
   HI_SS0133  6 0.0013 0.0027 0.0060 0.0039 0.9861 
   HI_SS0134  6 0.0021 0.1352 0.5061 0.0266 0.3300 
   HI_SS0142  6 0.0142 0.1027 0.7775 0.0932 0.0123 
   HI_SS0145  6 0.0015 0.5441 0.2289 0.0200 0.2056 
   HI_SS0146  6 0.0011 0.0129 0.0729 0.0900 0.8231 
   HI_SS0147  6 0.0241 0.6410 0.0728 0.2519 0.0102 
   HI_SS0149  6 0.0051 0.0174 0.3543 0.5904 0.0328 
   HI_SS0150  6 0.0048 0.0417 0.7731 0.1619 0.0186 
   HI_SS0151  6 0.0146 0.2214 0.2940 0.0367 0.4333 
   NS_SS1451  6 0.0033 0.0479 0.6597 0.2810 0.0081 
   NS_SS1404  6 0.0125 0.2401 0.2683 0.4549 0.0242 
   NS_SS1432  6 0.0284 0.0127 0.0445 0.9101 0.0044 
   NS_SS1405  6 0.0034 0.1815 0.0496 0.6869 0.0786 
   NS_SS1431  6 0.0008 0.3224 0.4112 0.2546 0.0111 
   NS_SS1402  6 0.0028 0.7958 0.1360 0.0267 0.0386 
   NS_SS1450  6 0.0034 0.0147 0.8661 0.0149 0.1009 
   NS_SS1396  6 0.0064 0.0321 0.1894 0.7502 0.0220 
   NS_SS1393  6 0.0036 0.0117 0.2440 0.5142 0.2265 
   NS_SS1392  6 0.0164 0.0499 0.5733 0.3417 0.0188 
   NS_SS1445  6 0.0107 0.0266 0.1533 0.0419 0.7674 
   NS_SS1423  6 0.0015 0.3085 0.0819 0.0146 0.5936 
   NS_SS1421  6 0.0952 0.0598 0.2061 0.2142 0.4248 
   NS_SS1411  6 0.0019 0.0139 0.0484 0.0379 0.8979 
   NS_SS1453  6 0.0059 0.0235 0.0941 0.7265 0.1500 
   NS_SS1442  6 0.0034 0.6603 0.0838 0.0933 0.1592 
   NS_SS1422  6 0.0122 0.6924 0.0896 0.0165 0.1893 
   NS_SS1419  6 0.1852 0.3178 0.2937 0.0672 0.1361 
   NS_SS1427  6 0.0019 0.0067 0.1349 0.0102 0.8463 
   NS_SS1444  6 0.0037 0.0948 0.0331 0.8446 0.0237 
   NS_SS1455  6 0.0011 0.9739 0.0052 0.0120 0.0078 
   NS_SS1425  6 0.0014 0.0078 0.0354 0.0152 0.9401 
   NS_SS1400  6 0.0010 0.0118 0.0052 0.0068 0.9751 
   NS_SS1406  6 0.0084 0.8939 0.0516 0.0415 0.0046 
   NS_SS1417  6 0.0059 0.9282 0.0121 0.0191 0.0347 
   NS_SS1454  6 0.0012 0.0432 0.3997 0.1784 0.3775 
   NS_SS1412  6 0.0268 0.3625 0.1845 0.0788 0.3474 
   NS_SS1438  6 0.0013 0.0311 0.0265 0.0125 0.9286 
   NS_SS1416  6 0.0057 0.1148 0.6111 0.2493 0.0191 
   NS_SS1401  6 0.0112 0.1601 0.2601 0.5471 0.0215 
   NS_SS1424  6 0.0134 0.0452 0.2672 0.0903 0.5840 
   NS_SS1435  6 0.0025 0.0242 0.3528 0.4749 0.1455 
   NS_SS1447  6 0.0071 0.8745 0.0592 0.0367 0.0225 
   NS_SS1414  6 0.0079 0.7929 0.1404 0.0410 0.0178 
   NS_SS1449  6 0.0041 0.2632 0.7010 0.0152 0.0165 
   NS_SS1443  6 0.0018 0.0150 0.2127 0.0061 0.7643 
   NS_SS1434  6 0.0007 0.3611 0.0518 0.0238 0.5626 
   NS_SS1398  6 0.0171 0.0141 0.0746 0.8751 0.0191 
   NS_SS1426  6 0.0020 0.0089 0.0388 0.0117 0.9387 
   NS_SS1413  6 0.0121 0.0230 0.0124 0.0107 0.9418 
   NS_SS1395  6 0.0121 0.0309 0.5315 0.0779 0.3476 
   NS_SS1448  6 0.0016 0.0231 0.5497 0.0620 0.3637 
   NS_SS1446  6 0.0037 0.4022 0.2738 0.0704 0.2499 
   NS_SS1403  6 0.0047 0.0154 0.2502 0.7127 0.0169 
   NS_SS1415  6 0.0086 0.0073 0.0224 0.0383 0.9233 
   NS_SS1437  6 0.0076 0.1073 0.2106 0.6537 0.0208 
   NS_SS1439  6 0.0028 0.8144 0.1401 0.0261 0.0166 
   NS_SS1441  6 0.0020 0.0384 0.3179 0.0759 0.5658 
   NS_SS1420  6 0.0035 0.0533 0.4612 0.4728 0.0092 
   NS_SS1394  6 0.0289 0.0193 0.2289 0.7176 0.0053 
   NS_SS1391  6 0.0139 0.2623 0.1363 0.1979 0.3896 
   NS_SS1410  6 0.0145 0.1121 0.2596 0.3486 0.2652 
   NS_SS1408  6 0.0456 0.0099 0.9043 0.0251 0.0151 
   NS_SS1409  6 0.0031 0.1042 0.4467 0.2550 0.1912 
   HI_SS0617  7 0.0012 0.2159 0.4766 0.2366 0.0698 
   HI_SS0618  7 0.0023 0.0682 0.5606 0.3565 0.0124 
   HI_SS0619  7 0.0037 0.0494 0.0584 0.8247 0.0638 
   HI_SS0620  7 0.0028 0.0142 0.0163 0.0164 0.9504 
   HI_SS0621  7 0.0174 0.1389 0.2862 0.5304 0.0272 
   HI_SS0622  7 0.0108 0.4516 0.0906 0.1959 0.2512 
   HI_SS0626  7 0.0069 0.0122 0.1180 0.8461 0.0167 
   HI_SS0627  7 0.0083 0.4087 0.1366 0.4328 0.0137 
   HI_SS0628  7 0.0515 0.0146 0.4338 0.2563 0.2438 
   HI_SS0629  7 0.0052 0.1153 0.0692 0.7362 0.0741 
   HI_SS0630  7 0.0509 0.0213 0.1356 0.1958 0.5963 
   HI_SS0631  7 0.0007 0.0081 0.0330 0.6545 0.3037 
   HI_SS0632  7 0.0030 0.0747 0.4858 0.1871 0.2494 
   HI_SS0633  7 0.0033 0.5494 0.1147 0.3166 0.0161 
   HI_SS0634  7 0.0019 0.0185 0.6878 0.2670 0.0248 
   HI_SS0635  7 0.0073 0.2034 0.3413 0.4242 0.0237 
   HI_SS0637  7 0.0026 0.1007 0.4063 0.4789 0.0115 
   HI_SS0638  7 0.0011 0.0342 0.2324 0.2882 0.4441 
   HI_SS0639  7 0.0371 0.0343 0.8188 0.1027 0.0071 
   HI_SS0640  7 0.0021 0.1648 0.2649 0.0969 0.4713 
   HI_SS0641  7 0.0044 0.0097 0.0440 0.6982 0.2437 
   HI_SS0642  7 0.0022 0.0351 0.6979 0.2204 0.0443 
   HI_SS0645  7 0.0008 0.0431 0.0680 0.8692 0.0189 
   HI_SS0646  7 0.0027 0.3542 0.5123 0.0552 0.0757 
   HI_SS0647  7 0.0011 0.1999 0.1964 0.0886 0.5141 
   HI_SS0648  7 0.0027 0.2099 0.2874 0.4523 0.0476 
   HI_SS0649  7 0.0016 0.1698 0.0452 0.7634 0.0200 
   HI_SS0650  7 0.0036 0.1857 0.6413 0.1235 0.0459 
   HI_SS0651  7 0.0040 0.2334 0.2620 0.3806 0.1200 
   HI_SS0652  7 0.0034 0.0173 0.5461 0.4236 0.0097 
   NS_SS1371  7 0.0060 0.1142 0.3763 0.1304 0.3731 
   NS_SS1374  7 0.0031 0.0082 0.3896 0.2831 0.3161 
   NS_SS1337  7 0.0032 0.1969 0.7095 0.0652 0.0252 
   NS_SS1385  7 0.0041 0.7801 0.0998 0.0227 0.0932 
   NS_SS1388  7 0.0063 0.0710 0.0127 0.8009 0.1089 
   NS_SS1370  7 0.0081 0.0199 0.2587 0.6910 0.0223 
   NS_SS1389  7 0.0032 0.0906 0.0080 0.8830 0.0151 
   NS_SS1360  7 0.0045 0.0230 0.1862 0.0930 0.6933 
   NS_SS1330  7 0.0040 0.4880 0.3940 0.1003 0.0138 
   NS_SS1328  7 0.0019 0.0249 0.2663 0.0110 0.6958 
   NS_SS1384  7 0.0039 0.3445 0.4850 0.0367 0.1301 
   NS_SS1381  7 0.0008 0.8908 0.0844 0.0161 0.0079 
   NS_SS1375  7 0.0010 0.0084 0.6097 0.3507 0.0301 
   NS_SS1319  7 0.0823 0.0095 0.7002 0.1690 0.0390 
   NS_SS1326  7 0.0104 0.0104 0.0154 0.0674 0.8965 
   NS_SS1341  7 0.0054 0.4550 0.3351 0.0836 0.1210 
   NS_SS1383  7 0.0040 0.0081 0.8422 0.0755 0.0702 
   NS_SS1318  7 0.0150 0.7343 0.1128 0.0812 0.0567 
   NS_SS1348  7 0.0015 0.0113 0.0097 0.0114 0.9661 
   NS_SS1363  7 0.0043 0.2016 0.0516 0.7093 0.0331 
   NS_SS1335  7 0.0260 0.0083 0.2790 0.0188 0.6678 
   NS_SS1358  7 0.0139 0.2246 0.4340 0.0078 0.3197 
   NS_SS1342  7 0.0014 0.5973 0.0283 0.0248 0.3481 
   NS_SS1320  7 0.0061 0.8867 0.0571 0.0456 0.0045 
   NS_SS1355  7 0.0098 0.9160 0.0126 0.0516 0.0100 
   NS_SS1345  7 0.0159 0.8988 0.0548 0.0068 0.0237 
   NS_SS1324  7 0.0023 0.0627 0.0222 0.6521 0.2607 
   NS_SS1347  7 0.0030 0.0797 0.3047 0.4166 0.1959 
   NS_SS1321  7 0.0014 0.0184 0.4159 0.2160 0.3482 
   NS_SS1333  7 0.0023 0.0065 0.0459 0.9145 0.0308 
   NS_SS1364  7 0.0023 0.4335 0.0118 0.0282 0.5242 
   NS_SS1379  7 0.0511 0.3236 0.5217 0.0450 0.0587 
   NS_SS1332  7 0.0054 0.0087 0.0187 0.0660 0.9011 
   NS_SS1338  7 0.0060 0.0089 0.1982 0.6364 0.1505 
   NS_SS1368  7 0.0054 0.1902 0.0354 0.0919 0.6771 
   NS_SS1354  7 0.0111 0.8878 0.0175 0.0666 0.0171 
   NS_SS1365  7 0.0095 0.1600 0.3186 0.4420 0.0699 
   NS_SS1380  7 0.0172 0.8932 0.0719 0.0117 0.0060 
   NS_SS1329  7 0.0032 0.6216 0.0373 0.0475 0.2903 
   NS_SS1362  7 0.0041 0.8306 0.0601 0.0294 0.0757 
   NS_SS1327  7 0.0029 0.0032 0.0059 0.0070 0.9811 
   NS_SS1350  7 0.0082 0.0193 0.7920 0.0958 0.0848 
   NS_SS1387  7 0.0025 0.0197 0.2619 0.6891 0.0268 
   NS_SS1369  7 0.0038 0.0255 0.0643 0.0651 0.8413 
   NS_SS1331  7 0.0082 0.0088 0.3728 0.5741 0.0361 
   NS_SS1357  7 0.0034 0.0431 0.5450 0.0279 0.3806 
   NS_SS1386  7 0.0029 0.0078 0.0076 0.0091 0.9726 
   NS_SS1353  7 0.0036 0.6378 0.2873 0.0298 0.0414 
   NS_SS1323  7 0.0629 0.1948 0.6746 0.0520 0.0157 
   HI_SS0296  8 0.0017 0.0219 0.1012 0.0358 0.8393 
   HI_SS0297  8 0.0008 0.0355 0.6512 0.1613 0.1512 
   HI_SS0299  8 0.0425 0.3296 0.2369 0.0777 0.3132 
   HI_SS0300  8 0.0012 0.0347 0.2593 0.0214 0.6834 
   HI_SS0301  8 0.0041 0.0535 0.3715 0.5280 0.0428 
   HI_SS0302  8 0.0223 0.0233 0.0958 0.0317 0.8270 
   HI_SS0303  8 0.0063 0.0192 0.0093 0.0159 0.9493 
   HI_SS0304  8 0.0019 0.0120 0.7107 0.2629 0.0125 
   HI_SS0306  8 0.0035 0.0065 0.0269 0.0069 0.9562 
   HI_SS0307  8 0.0080 0.1547 0.4695 0.3465 0.0213 
   HI_SS0308  8 0.0656 0.0190 0.1324 0.7691 0.0139 
   HI_SS0309  8 0.0028 0.5475 0.3833 0.0492 0.0172 
   HI_SS0310  8 0.0065 0.6169 0.0193 0.0332 0.3240 
   HI_SS0311  8 0.0018 0.0624 0.6808 0.1938 0.0612 
   HI_SS0314  8 0.0014 0.0904 0.2176 0.6421 0.0485 
   HI_SS0316  8 0.0039 0.0393 0.2294 0.0583 0.6691 
   HI_SS0317  8 0.0018 0.0361 0.2040 0.7385 0.0196 
   HI_SS0318  8 0.1946 0.0073 0.3592 0.0733 0.3656 
   HI_SS0319  8 0.0043 0.0072 0.0123 0.0065 0.9698 
   HI_SS0320  8 0.0012 0.0111 0.3304 0.6522 0.0050 
   HI_SS0321  8 0.0019 0.0060 0.3032 0.6126 0.0762 
   HI_SS0323  8 0.0014 0.0064 0.0764 0.8073 0.1084 
   HI_SS0325  8 0.0019 0.0318 0.1323 0.0197 0.8142 
   HI_SS0327  8 0.0016 0.0981 0.1911 0.0415 0.6678 
   HI_SS0329  8 0.0015 0.0920 0.5913 0.2312 0.0839 
   HI_SS0333  8 0.0022 0.0581 0.1947 0.6999 0.0452 
   HI_SS0334  8 0.0013 0.1053 0.3167 0.0799 0.4968 
   HI_SS0335  8 0.0142 0.9626 0.0115 0.0060 0.0057 
   HI_SS0339  8 0.0118 0.9362 0.0157 0.0255 0.0107 
   HI_SS0343  8 0.0016 0.9480 0.0257 0.0124 0.0123 
   HI_SS0344  8 0.0026 0.0041 0.0134 0.0059 0.9740 
   HI_SS0345  8 0.0063 0.9162 0.0204 0.0266 0.0306 
   HI_SS0346  8 0.0035 0.0270 0.1875 0.7393 0.0428 
   HI_SS0350  8 0.0088 0.8214 0.0116 0.1523 0.0059 
   HI_SS0351  8 0.0031 0.8004 0.0465 0.0112 0.1388 
   HI_SS0352  8 0.0954 0.8348 0.0329 0.0153 0.0215 
   HI_SS0362  8 0.0026 0.0063 0.0958 0.7413 0.1540 
   HI_SS0363  8 0.0032 0.0293 0.0365 0.0136 0.9174 
   HI_SS0365  8 0.0048 0.0596 0.3284 0.0186 0.5886 
   HI_SS0366  8 0.0017 0.0380 0.0152 0.0097 0.9354 
   HI_SS0367  8 0.0017 0.9264 0.0156 0.0503 0.0059 
   HI_SS0369  8 0.0026 0.2420 0.4898 0.2531 0.0124 
   HI_SS0370  8 0.0028 0.5536 0.3792 0.0292 0.0352 
   HI_SS0371  8 0.0032 0.0111 0.1755 0.0260 0.7841 
   HI_SS0373  8 0.0081 0.0252 0.0608 0.8720 0.0339 
   HI_SS0374  8 0.0242 0.0568 0.2211 0.6861 0.0118 
   HI_SS0377  8 0.0878 0.0687 0.2086 0.0128 0.6221 
   HI_SS0379  8 0.0010 0.0035 0.0046 0.0043 0.9866 
   HI_SS0380  8 0.0054 0.8143 0.0631 0.1045 0.0127 
   HI_SS0381  8 0.0044 0.2061 0.3402 0.4327 0.0166 
   HI_SS0384  8 0.0076 0.0194 0.3762 0.1540 0.4429 
   HI_SS0385  8 0.0013 0.0190 0.0977 0.3185 0.5635 
   HI_SS0386  9 0.9936 0.0014 0.0016 0.0019 0.0015 
   HI_SS0387  9 0.9520 0.0094 0.0161 0.0110 0.0116 
   HI_SS0389  9 0.9855 0.0026 0.0046 0.0029 0.0044 
   HI_SS0390  9 0.9930 0.0017 0.0016 0.0018 0.0019 
   HI_SS0391  9 0.9902 0.0030 0.0022 0.0020 0.0027 
   HI_SS0392  9 0.9940 0.0016 0.0012 0.0016 0.0016 
   HI_SS0393  9 0.9938 0.0016 0.0018 0.0014 0.0014 
   HI_SS0394  9 0.9935 0.0018 0.0016 0.0017 0.0014 
   HI_SS0395  9 0.9847 0.0032 0.0041 0.0038 0.0043 
   HI_SS0396  9 0.9616 0.0096 0.0098 0.0126 0.0063 
   HI_SS0398  9 0.9776 0.0060 0.0058 0.0058 0.0048 
   HI_SS0399  9 0.9956 0.0009 0.0011 0.0013 0.0011 
   HI_SS0400  9 0.9908 0.0024 0.0024 0.0024 0.0020 
   HI_SS0401  9 0.9939 0.0014 0.0017 0.0012 0.0018 
   HI_SS0402  9 0.9946 0.0013 0.0015 0.0015 0.0012 
   HI_SS0403  9 0.9934 0.0019 0.0017 0.0014 0.0015 
   HI_SS0404  9 0.9956 0.0011 0.0011 0.0009 0.0012 
   HI_SS0405  9 0.9376 0.0218 0.0162 0.0143 0.0100 
   HI_SS0406  9 0.9911 0.0022 0.0025 0.0022 0.0021 
   HI_SS0407  9 0.9680 0.0089 0.0079 0.0089 0.0063 
   HI_SS0408  9 0.9952 0.0012 0.0013 0.0014 0.0010 
   HI_SS0409  9 0.9871 0.0028 0.0029 0.0043 0.0030 
   HI_SS0411  9 0.9878 0.0023 0.0028 0.0039 0.0032 
   HI_SS0412  9 0.8069 0.0499 0.0707 0.0439 0.0286 
   HI_SS0413  9 0.9913 0.0026 0.0026 0.0017 0.0018 
   HI_SS0414  9 0.9366 0.0155 0.0266 0.0127 0.0086 
   HI_SS0415  9 0.9931 0.0019 0.0014 0.0019 0.0017 
   HI_SS0416  9 0.9864 0.0028 0.0035 0.0040 0.0033 
   HI_SS0418  9 0.9800 0.0049 0.0052 0.0051 0.0048 
   HI_SS0419  9 0.9872 0.0029 0.0035 0.0034 0.0030 
   HI_SS0420  9 0.9906 0.0022 0.0020 0.0019 0.0032 
   HI_SS0421  9 0.9820 0.0061 0.0037 0.0042 0.0040 
   HI_SS0422  9 0.9935 0.0016 0.0015 0.0019 0.0014 
   HI_SS0423  9 0.9849 0.0036 0.0040 0.0040 0.0036 
   HI_SS0424  9 0.9928 0.0020 0.0018 0.0021 0.0013 
   HI_SS0425  9 0.9868 0.0041 0.0038 0.0032 0.0021 
   NS_SS1146 10 0.9902 0.0019 0.0022 0.0028 0.0029 
   NS_SS1157 10 0.9736 0.0079 0.0070 0.0053 0.0062 
   NS_SS1144 10 0.9281 0.0184 0.0168 0.0152 0.0214 
   NS_SS1074 10 0.9857 0.0041 0.0037 0.0027 0.0038 
   NS_SS1122 10 0.9825 0.0054 0.0035 0.0037 0.0050 
   NS_SS1136 10 0.9949 0.0013 0.0015 0.0011 0.0012 
   NS_SS1077 10 0.9968 0.0007 0.0008 0.0009 0.0008 
   NS_SS1134 10 0.9554 0.0075 0.0138 0.0139 0.0094 
   NS_SS1091 10 0.9914 0.0022 0.0023 0.0023 0.0018 
   NS_SS1089 10 0.9889 0.0025 0.0025 0.0029 0.0032 
   NS_SS1123 10 0.9935 0.0015 0.0020 0.0014 0.0016 
   NS_SS1158 10 0.9959 0.0012 0.0011 0.0011 0.0008 
   NS_SS1093 10 0.9899 0.0021 0.0028 0.0029 0.0023 
   NS_SS1102 10 0.9771 0.0056 0.0057 0.0059 0.0057 
   NS_SS1056 10 0.9928 0.0018 0.0015 0.0021 0.0018 
   NS_SS1126 10 0.9880 0.0027 0.0024 0.0038 0.0031 
   NS_SS1058 10 0.9852 0.0040 0.0040 0.0039 0.0029 
   NS_SS1084 10 0.9939 0.0011 0.0018 0.0015 0.0017 
   NS_SS1095 10 0.9767 0.0044 0.0059 0.0058 0.0072 
   NS_SS1079 10 0.9937 0.0017 0.0014 0.0017 0.0016 
   NS_SS1149 10 0.9894 0.0034 0.0024 0.0023 0.0024 
   NS_SS1121 10 0.9943 0.0015 0.0015 0.0016 0.0012 
   NS_SS1067 10 0.9762 0.0059 0.0067 0.0068 0.0045 
   NS_SS1081 10 0.9904 0.0023 0.0026 0.0024 0.0024 
   NS_SS1130 10 0.9876 0.0026 0.0029 0.0043 0.0026 
   NS_SS1073 10 0.9887 0.0030 0.0031 0.0026 0.0026 
   NS_SS1133 10 0.9729 0.0082 0.0057 0.0093 0.0039 
   NS_SS1129 10 0.9943 0.0013 0.0015 0.0016 0.0013 
   NS_SS1085 10 0.9909 0.0020 0.0024 0.0022 0.0025 
   NS_SS1137 10 0.9809 0.0051 0.0052 0.0043 0.0045 
   NS_SS1135 10 0.9948 0.0011 0.0014 0.0013 0.0014 
   NS_SS1082 10 0.9937 0.0019 0.0016 0.0013 0.0016 
   NS_SS1125 10 0.9947 0.0012 0.0015 0.0015 0.0010 
   NS_SS1124 10 0.9733 0.0075 0.0075 0.0075 0.0042 
   NS_SS1155 10 0.9684 0.0087 0.0090 0.0064 0.0075 
   NS_SS1145 10 0.9923 0.0018 0.0020 0.0019 0.0021 
