   NS_SS0963  1 0.0067 0.0148 0.0212 0.0165 0.0052 0.1553 0.7803 
   NS_SS0983  1 0.0084 0.9520 0.0066 0.0193 0.0034 0.0032 0.0071 
   NS_SS0719  1 0.0342 0.0179 0.8391 0.0158 0.0047 0.0178 0.0705 
   NS_SS1001  1 0.2339 0.0323 0.0818 0.0855 0.0094 0.5170 0.0402 
   NS_SS0936  1 0.0191 0.1293 0.3175 0.0276 0.0029 0.0253 0.4784 
   NS_SS0955  1 0.0569 0.6410 0.0076 0.0217 0.0031 0.0473 0.2224 
   NS_SS0944  1 0.7505 0.0468 0.0119 0.0124 0.0017 0.1439 0.0328 
   NS_SS0945  1 0.4885 0.0554 0.0550 0.0111 0.0108 0.3549 0.0243 
   NS_SS0922  1 0.0073 0.0225 0.6886 0.0087 0.0288 0.1849 0.0592 
   NS_SS0929  1 0.1239 0.2209 0.2740 0.1147 0.0036 0.0173 0.2456 
   NS_SS0956  1 0.0179 0.0606 0.0870 0.0468 0.0041 0.3301 0.4535 
   NS_SS0906  1 0.0227 0.0338 0.4551 0.1177 0.0033 0.0212 0.3462 
   NS_SS0721  1 0.0054 0.4160 0.0441 0.3760 0.0053 0.0171 0.1362 
   NS_SS0982  1 0.0049 0.0426 0.3126 0.0306 0.0203 0.0819 0.5071 
   NS_SS0923  1 0.0080 0.0154 0.8982 0.0249 0.0043 0.0267 0.0225 
   NS_SS0905  1 0.0352 0.0243 0.1976 0.6546 0.0017 0.0055 0.0811 
   NS_SS0925  1 0.0081 0.0626 0.0229 0.7076 0.0045 0.0527 0.1416 
   NS_SS0947  1 0.0311 0.0296 0.0146 0.0115 0.0056 0.7612 0.1463 
   NS_SS0926  1 0.8478 0.0188 0.1034 0.0065 0.0012 0.0103 0.0120 
   NS_SS0918  1 0.0378 0.1233 0.4452 0.3173 0.0031 0.0393 0.0340 
   NS_SS0966  1 0.1327 0.0355 0.0293 0.0504 0.0538 0.0989 0.5995 
   NS_SS0938  1 0.0112 0.5360 0.2368 0.0179 0.0015 0.1773 0.0193 
   NS_SS0917  1 0.0072 0.6022 0.0784 0.0250 0.0390 0.2114 0.0367 
   NS_SS0957  1 0.0167 0.0134 0.1360 0.0638 0.0064 0.0202 0.7436 
   NS_SS0987  1 0.0307 0.0643 0.5382 0.0805 0.2396 0.0175 0.0292 
   NS_SS0717  1 0.0113 0.3626 0.3890 0.0142 0.0030 0.2036 0.0163 
   NS_SS0986  1 0.0261 0.5773 0.1005 0.0096 0.0030 0.0487 0.2348 
   NS_SS0953  1 0.0091 0.0127 0.0168 0.0936 0.0166 0.0729 0.7784 
   NS_SS0907  1 0.0193 0.1954 0.0750 0.1755 0.0540 0.2380 0.2429 
   NS_SS0974  1 0.5699 0.0854 0.0342 0.0492 0.0041 0.2043 0.0529 
   NS_SS0989  1 0.4096 0.1175 0.0290 0.2669 0.0013 0.0168 0.1589 
   NS_SS0991  1 0.4042 0.0710 0.0178 0.2366 0.0023 0.0595 0.2086 
   NS_SS0994  1 0.7739 0.1714 0.0088 0.0156 0.0024 0.0193 0.0086 
   NS_SS0931  1 0.8994 0.0268 0.0218 0.0204 0.0125 0.0102 0.0088 
   NS_SS1000  1 0.0238 0.0244 0.1716 0.0159 0.0045 0.0715 0.6883 
   NS_SS0919  1 0.0162 0.0177 0.9174 0.0147 0.0031 0.0058 0.0251 
   NS_SS0949  1 0.9092 0.0191 0.0104 0.0347 0.0016 0.0098 0.0151 
   NS_SS0960  1 0.4315 0.0304 0.3345 0.1272 0.0086 0.0163 0.0515 
   NS_SS0716  1 0.0069 0.0072 0.9355 0.0088 0.0070 0.0283 0.0062 
   NS_SS0924  1 0.1106 0.5382 0.0929 0.1144 0.0217 0.0543 0.0679 
   NS_SS0935  1 0.1733 0.0144 0.0298 0.7377 0.0096 0.0070 0.0283 
   NS_SS0952  1 0.4606 0.0186 0.0347 0.1501 0.0505 0.2058 0.0796 
   NS_SS0962  1 0.0129 0.2006 0.7245 0.0164 0.0068 0.0259 0.0128 
   NS_SS0973  1 0.0074 0.0201 0.0108 0.9040 0.0041 0.0234 0.0303 
   NS_SS0722  1 0.0062 0.0213 0.0179 0.0266 0.0022 0.8007 0.1252 
   NS_SS0979  1 0.0061 0.2026 0.5961 0.0211 0.0022 0.1602 0.0117 
   NS_SS0993  1 0.0059 0.0117 0.0349 0.9018 0.0121 0.0271 0.0065 
   NS_SS0958  1 0.6611 0.0278 0.2517 0.0189 0.0032 0.0206 0.0167 
   NS_SS0988  1 0.0189 0.0868 0.6694 0.0771 0.0047 0.0293 0.1138 
   NS_SS1003  1 0.0170 0.0105 0.1900 0.0724 0.0114 0.3149 0.3839 
   NS_SS0976  1 0.6089 0.0289 0.0757 0.2302 0.0023 0.0415 0.0125 
   NS_SS0964  1 0.0239 0.0116 0.2516 0.0537 0.0033 0.6225 0.0335 
   NS_SS0939  1 0.0098 0.0049 0.4489 0.0735 0.0054 0.4509 0.0066 
   NS_SS0990  1 0.0238 0.7366 0.1145 0.0269 0.0041 0.0121 0.0820 
   NS_SS0984  1 0.0051 0.0130 0.9448 0.0056 0.0024 0.0215 0.0077 
   NS_SS0980  1 0.0118 0.0063 0.0337 0.0129 0.0022 0.0065 0.9266 
   NS_SS0978  1 0.0121 0.0105 0.0148 0.0357 0.0036 0.0107 0.9126 
   NS_SS0951  1 0.0413 0.0913 0.0216 0.4635 0.0028 0.3277 0.0518 
   NS_SS0913  1 0.0146 0.5785 0.1252 0.1212 0.0503 0.0819 0.0284 
   NS_SS1002  1 0.0064 0.1771 0.4199 0.0156 0.0465 0.0221 0.3124 
   NS_SS0948  1 0.0356 0.3243 0.2059 0.3174 0.0486 0.0119 0.0565 
   NS_SS0916  1 0.0290 0.0689 0.0281 0.7197 0.0053 0.0165 0.1326 
   NS_SS0995  1 0.0133 0.1777 0.0425 0.7046 0.0035 0.0171 0.0413 
   NS_SS0927  1 0.0159 0.6377 0.2285 0.0193 0.0053 0.0320 0.0613 
   NS_SS0992  1 0.0402 0.0695 0.0123 0.3687 0.0032 0.0142 0.4918 
   NS_SS0912  1 0.0691 0.8577 0.0322 0.0155 0.0026 0.0094 0.0134 
   NS_SS0981  1 0.0147 0.0205 0.5663 0.1687 0.0040 0.0100 0.2159 
   NS_SS0729  2 0.5376 0.3145 0.0087 0.0681 0.0041 0.0463 0.0207 
   NS_SS0967  2 0.0349 0.4731 0.0862 0.0102 0.0114 0.0521 0.3321 
   NS_SS0941  2 0.0286 0.0754 0.1859 0.1708 0.0751 0.2021 0.2623 
   NS_SS0768  2 0.0243 0.0412 0.0223 0.0056 0.0047 0.0522 0.8498 
   NS_SS0726  2 0.2000 0.1180 0.0217 0.1359 0.0092 0.4094 0.1057 
   NS_SS0763  2 0.0856 0.0623 0.1110 0.0864 0.0023 0.6386 0.0139 
   NS_SS0730  2 0.0130 0.0385 0.8345 0.0158 0.0036 0.0551 0.0395 
   NS_SS0774  2 0.0054 0.0217 0.0611 0.0166 0.0007 0.0209 0.8735 
   NS_SS0723  2 0.0054 0.0133 0.8319 0.0846 0.0015 0.0270 0.0362 
   NS_SS0940  2 0.1380 0.0704 0.3916 0.3040 0.0077 0.0602 0.0281 
   NS_SS0762  2 0.0066 0.0046 0.0267 0.0127 0.0031 0.9320 0.0143 
   NS_SS0766  2 0.0997 0.1749 0.4675 0.0536 0.0180 0.1366 0.0497 
   NS_SS0724  2 0.0142 0.0129 0.0140 0.0217 0.0036 0.9125 0.0211 
   NS_SS0769  2 0.0134 0.0991 0.0520 0.0160 0.0039 0.0345 0.7810 
   NS_SS0777  2 0.0423 0.0534 0.2817 0.5854 0.0116 0.0092 0.0164 
   NS_SS0734  2 0.2528 0.2365 0.1180 0.0605 0.0259 0.0229 0.2833 
   NS_SS0737  2 0.0057 0.0098 0.0451 0.0086 0.0040 0.8894 0.0375 
   NS_SS0732  2 0.0045 0.0088 0.0093 0.9538 0.0041 0.0061 0.0135 
   NS_SS0728  2 0.0285 0.3937 0.0178 0.0302 0.0112 0.1668 0.3518 
   NS_SS0735  2 0.0146 0.3377 0.0284 0.2657 0.0080 0.1344 0.2114 
   NS_SS0725  2 0.0154 0.0051 0.0039 0.0053 0.0060 0.9552 0.0091 
   NS_SS0788  2 0.0099 0.0248 0.5270 0.0340 0.0018 0.0172 0.3853 
   NS_SS0778  2 0.0096 0.0216 0.0482 0.0366 0.0019 0.0080 0.8741 
   NS_SS0792  2 0.0270 0.0147 0.0107 0.0384 0.0047 0.0402 0.8642 
   NS_SS0943  2 0.1514 0.0181 0.0072 0.0459 0.0064 0.7539 0.0171 
   NS_SS0791  2 0.0494 0.2009 0.1853 0.4785 0.0171 0.0284 0.0405 
   NS_SS0790  2 0.0033 0.0113 0.0386 0.0583 0.0041 0.6822 0.2022 
   NS_SS0731  2 0.0074 0.0209 0.0116 0.0060 0.0094 0.9385 0.0062 
   NS_SS0727  2 0.3976 0.1099 0.0150 0.0238 0.0019 0.4388 0.0131 
   NS_SS0779  2 0.0157 0.0346 0.1462 0.6889 0.0070 0.0316 0.0760 
   NS_SS0776  2 0.0633 0.0108 0.0142 0.7496 0.0072 0.1022 0.0527 
   NS_SS0775  2 0.0078 0.0102 0.7032 0.0089 0.0071 0.1136 0.1492 
   NS_SS0965  3 0.0420 0.0459 0.0438 0.0832 0.0020 0.0159 0.7672 
   NS_SS0754  3 0.0531 0.3897 0.0265 0.0902 0.0122 0.0449 0.3833 
   NS_SS0838  3 0.2253 0.2159 0.1487 0.1674 0.0479 0.1666 0.0283 
   NS_SS0839  3 0.0132 0.0102 0.0756 0.0088 0.0045 0.1812 0.7066 
   NS_SS0832  3 0.0042 0.0159 0.0486 0.0217 0.0498 0.0184 0.8414 
   NS_SS0820  3 0.0038 0.0177 0.0104 0.0067 0.0066 0.9455 0.0092 
   NS_SS0886  3 0.0474 0.5924 0.1267 0.0677 0.0020 0.0128 0.1510 
   NS_SS0748  3 0.1640 0.0345 0.5963 0.0615 0.0087 0.0912 0.0438 
   NS_SS0884  3 0.0324 0.0091 0.0118 0.0268 0.0193 0.0195 0.8811 
   NS_SS0752  3 0.0231 0.0116 0.2174 0.7073 0.0021 0.0120 0.0265 
   NS_SS0862  3 0.0055 0.0493 0.0144 0.1416 0.0047 0.0558 0.7288 
   NS_SS0787  3 0.8915 0.0303 0.0104 0.0088 0.0060 0.0101 0.0428 
   NS_SS0843  3 0.0157 0.0342 0.0375 0.6635 0.0019 0.2133 0.0340 
   NS_SS0856  3 0.0146 0.6102 0.0512 0.0105 0.0031 0.2559 0.0545 
   NS_SS0846  3 0.0988 0.1285 0.1045 0.0087 0.0035 0.0153 0.6407 
   NS_SS0825  3 0.0235 0.6080 0.2039 0.0110 0.0103 0.0166 0.1268 
   NS_SS0757  3 0.0122 0.0622 0.0163 0.8643 0.0035 0.0176 0.0240 
   NS_SS0876  3 0.0072 0.4875 0.0092 0.1185 0.2203 0.0547 0.1026 
   NS_SS0903  3 0.0076 0.0178 0.0630 0.0383 0.0028 0.0187 0.8518 
   NS_SS0875  3 0.0124 0.2445 0.7041 0.0065 0.0029 0.0105 0.0191 
   NS_SS0740  3 0.0077 0.0282 0.0138 0.9107 0.0029 0.0261 0.0106 
   NS_SS0811  3 0.0077 0.0365 0.0511 0.8635 0.0095 0.0220 0.0096 
   NS_SS0751  3 0.0677 0.0293 0.8601 0.0144 0.0021 0.0127 0.0137 
   NS_SS0891  3 0.0171 0.0599 0.0704 0.0083 0.0057 0.8232 0.0153 
   NS_SS0867  3 0.0261 0.0161 0.0814 0.0282 0.0223 0.0350 0.7908 
   NS_SS0890  3 0.0371 0.1334 0.6448 0.0618 0.0036 0.0925 0.0268 
   NS_SS0866  3 0.1041 0.7315 0.0146 0.0186 0.0043 0.0223 0.1046 
   NS_SS0755  3 0.0276 0.0386 0.0253 0.0289 0.0081 0.7799 0.0917 
   NS_SS0758  3 0.0106 0.8949 0.0133 0.0111 0.0018 0.0181 0.0502 
   NS_SS0840  3 0.0095 0.0273 0.0427 0.0189 0.0027 0.5290 0.3699 
   NS_SS0889  3 0.3128 0.5134 0.0105 0.1192 0.0028 0.0219 0.0195 
   NS_SS1010  3 0.0144 0.0124 0.1167 0.0129 0.0334 0.0221 0.7881 
   NS_SS0888  3 0.1868 0.2192 0.0063 0.3565 0.0018 0.0183 0.2111 
   NS_SS0837  3 0.0399 0.0479 0.0516 0.2994 0.0032 0.3719 0.1862 
   NS_SS0794  3 0.4999 0.2187 0.0097 0.0140 0.0025 0.2156 0.0396 
   NS_SS0823  3 0.0082 0.3212 0.0095 0.0430 0.0037 0.1661 0.4484 
   NS_SS0829  3 0.2434 0.0705 0.0129 0.3889 0.1211 0.0248 0.1384 
   NS_SS0844  3 0.0058 0.0750 0.0245 0.0195 0.0019 0.2723 0.6010 
   NS_SS1008  3 0.4108 0.1426 0.0481 0.1663 0.0169 0.1584 0.0569 
   NS_SS0881  3 0.2348 0.0318 0.5892 0.0587 0.0033 0.0307 0.0515 
   NS_SS0834  3 0.0127 0.0218 0.0113 0.0094 0.0043 0.9293 0.0112 
   NS_SS0744  3 0.0105 0.3797 0.0106 0.0276 0.0061 0.0096 0.5559 
   NS_SS0899  3 0.0031 0.0269 0.0443 0.6435 0.0012 0.2029 0.0781 
   NS_SS0804  3 0.0061 0.0235 0.0519 0.0180 0.0041 0.0237 0.8726 
   NS_SS0781  3 0.0044 0.0289 0.2109 0.0151 0.0028 0.0179 0.7200 
   NS_SS0822  3 0.4615 0.0133 0.0097 0.3927 0.0019 0.0914 0.0294 
   NS_SS1004  3 0.0236 0.0115 0.0120 0.6506 0.0038 0.0250 0.2736 
   NS_SS0746  3 0.0685 0.5565 0.1015 0.0496 0.0171 0.1366 0.0702 
   NS_SS0880  3 0.3111 0.0067 0.3328 0.0335 0.0020 0.0506 0.2633 
   NS_SS0879  3 0.0166 0.0233 0.0082 0.0103 0.0121 0.4494 0.4802 
   NS_SS0753  3 0.0096 0.0406 0.0153 0.9040 0.0074 0.0059 0.0173 
   NS_SS1007  3 0.0158 0.0390 0.8612 0.0380 0.0021 0.0110 0.0329 
   NS_SS0872  3 0.0140 0.1101 0.6232 0.0233 0.0021 0.0746 0.1527 
   NS_SS1005  3 0.0173 0.0687 0.1032 0.0444 0.0014 0.1589 0.6061 
   NS_SS0892  3 0.0120 0.0228 0.8966 0.0231 0.0021 0.0162 0.0271 
   NS_SS0898  3 0.2630 0.0837 0.5825 0.0149 0.0073 0.0306 0.0180 
   NS_SS0801  3 0.0050 0.2686 0.0181 0.0149 0.0115 0.0303 0.6517 
   NS_SS0827  3 0.0507 0.0202 0.6150 0.0925 0.1158 0.0111 0.0948 
   NS_SS0853  3 0.0208 0.3772 0.3815 0.0283 0.0076 0.0303 0.1543 
   NS_SS0780  3 0.0046 0.0369 0.0949 0.0477 0.0037 0.0226 0.7895 
   NS_SS0826  3 0.4626 0.3076 0.0775 0.0080 0.0045 0.0236 0.1162 
   NS_SS0818  3 0.0062 0.0066 0.0555 0.0058 0.0015 0.0135 0.9109 
   NS_SS0745  3 0.0253 0.0049 0.8528 0.0113 0.0013 0.0213 0.0833 
   NS_SS0849  3 0.0088 0.1271 0.1675 0.6679 0.0018 0.0071 0.0198 
   NS_SS0739  3 0.0123 0.2707 0.5863 0.0649 0.0145 0.0321 0.0191 
   NS_SS0799  3 0.0262 0.0864 0.0251 0.7937 0.0011 0.0168 0.0508 
   NS_SS0756  3 0.0063 0.0200 0.1549 0.0173 0.0033 0.0570 0.7412 
   NS_SS0802  3 0.0123 0.6683 0.0239 0.0169 0.2012 0.0148 0.0627 
   NS_SS0747  3 0.0089 0.1827 0.0667 0.4964 0.0058 0.0234 0.2162 
   NS_SS0835  3 0.0820 0.6180 0.0360 0.0111 0.0012 0.0191 0.2326 
   NS_SS0742  3 0.0236 0.0869 0.1871 0.2042 0.0017 0.0371 0.4594 
   NS_SS0760  3 0.6722 0.1770 0.0304 0.0264 0.0579 0.0180 0.0181 
   NS_SS0803  3 0.0042 0.0081 0.0042 0.0295 0.0064 0.0075 0.9402 
   NS_SS0828  3 0.0471 0.0284 0.1647 0.6385 0.0016 0.0146 0.1050 
   NS_SS0865  3 0.0360 0.0121 0.0285 0.0204 0.0201 0.1263 0.7565 
   NS_SS0759  3 0.0062 0.0968 0.6902 0.0448 0.0053 0.0349 0.1218 
   NS_SS0851  3 0.0049 0.0076 0.0089 0.0062 0.0118 0.9356 0.0250 
   NS_SS0874  3 0.0091 0.0122 0.0102 0.6934 0.0017 0.0815 0.1918 
   NS_SS0761  3 0.0532 0.8647 0.0135 0.0325 0.0027 0.0109 0.0226 
   NS_SS0842  3 0.2926 0.0664 0.4593 0.0563 0.0102 0.0553 0.0599 
   NS_SS0785  3 0.0500 0.0513 0.0240 0.0359 0.0048 0.0098 0.8242 
   NS_SS0860  3 0.0340 0.5405 0.0196 0.0272 0.0029 0.0213 0.3545 
   NS_SS0897  3 0.9200 0.0279 0.0080 0.0137 0.0016 0.0197 0.0091 
   NS_SS0841  3 0.0414 0.0470 0.3128 0.0639 0.0046 0.1463 0.3840 
   NS_SS0797  3 0.7286 0.0235 0.1639 0.0100 0.0364 0.0290 0.0087 
   NS_SS0830  3 0.1066 0.0932 0.1789 0.5367 0.0024 0.0594 0.0228 
   NS_SS1011  3 0.0064 0.0086 0.0094 0.0077 0.0063 0.0204 0.9411 
   NS_SS0883  3 0.0170 0.1516 0.0861 0.7120 0.0052 0.0093 0.0188 
   NS_SS0782  3 0.0126 0.9093 0.0088 0.0063 0.0026 0.0403 0.0202 
   NS_SS0831  3 0.1349 0.5601 0.0367 0.2040 0.0037 0.0374 0.0232 
   NS_SS0749  3 0.0156 0.3042 0.0464 0.4587 0.0042 0.0069 0.1640 
   NS_SS0854  3 0.0169 0.8658 0.0079 0.0280 0.0024 0.0464 0.0326 
   HI_SS0193  4 0.9100 0.0098 0.0108 0.0154 0.0020 0.0454 0.0067 
   HI_SS0194  4 0.0139 0.0079 0.0058 0.0073 0.0015 0.9400 0.0235 
   HI_SS0195  4 0.0064 0.0559 0.0469 0.0464 0.1017 0.1602 0.5826 
   HI_SS0196  4 0.1548 0.4697 0.0233 0.0180 0.0026 0.2463 0.0853 
   HI_SS0197  4 0.0032 0.0336 0.3797 0.0053 0.0104 0.0071 0.5608 
   HI_SS0198  4 0.0141 0.0200 0.0280 0.8944 0.0087 0.0097 0.0252 
   HI_SS0199  4 0.0950 0.0495 0.0204 0.3816 0.0023 0.0155 0.4356 
   HI_SS0201  4 0.8887 0.0231 0.0057 0.0387 0.0031 0.0139 0.0269 
   HI_SS0215  4 0.0115 0.8763 0.0131 0.0123 0.0026 0.0111 0.0731 
   HI_SS0218  4 0.9371 0.0126 0.0120 0.0073 0.0073 0.0065 0.0172 
   HI_SS0222  4 0.0245 0.8047 0.0974 0.0082 0.0056 0.0487 0.0108 
   HI_SS0230  4 0.0081 0.0133 0.6069 0.2731 0.0055 0.0704 0.0227 
   HI_SS0234  4 0.0267 0.5955 0.0688 0.0119 0.1572 0.1033 0.0367 
   HI_SS0240  4 0.0136 0.0168 0.0332 0.0064 0.0067 0.0234 0.9000 
   HI_SS0241  4 0.0668 0.4039 0.0209 0.0252 0.0021 0.1469 0.3342 
   HI_SS0242  4 0.0229 0.5433 0.1481 0.0569 0.0029 0.2046 0.0213 
   HI_SS0247  4 0.0104 0.0068 0.0266 0.5792 0.0226 0.0695 0.2849 
   HI_SS0248  4 0.9005 0.0215 0.0097 0.0491 0.0007 0.0115 0.0068 
   HI_SS0252  4 0.0148 0.0445 0.0070 0.0868 0.0019 0.2261 0.6189 
   HI_SS0254  4 0.2373 0.1694 0.3662 0.0769 0.1126 0.0098 0.0278 
   HI_SS0256  4 0.0029 0.0086 0.0308 0.0095 0.0016 0.2070 0.7396 
   HI_SS0257  4 0.0334 0.7875 0.0228 0.0558 0.0034 0.0505 0.0464 
   HI_SS0258  4 0.8175 0.0637 0.0244 0.0287 0.0062 0.0235 0.0359 
   HI_SS0259  4 0.0138 0.0230 0.0178 0.0361 0.0030 0.7227 0.1836 
   HI_SS0260  4 0.8414 0.0203 0.0201 0.0504 0.0016 0.0332 0.0329 
   HI_SS0261  4 0.2771 0.0527 0.3250 0.0370 0.0031 0.2572 0.0479 
   HI_SS0262  4 0.0214 0.0788 0.2043 0.0548 0.0084 0.4592 0.1731 
   HI_SS0264  4 0.0073 0.0245 0.8073 0.0098 0.0051 0.1271 0.0188 
   HI_SS0265  4 0.0121 0.0510 0.1345 0.0523 0.1092 0.5826 0.0583 
   HI_SS0268  4 0.2477 0.0294 0.6596 0.0101 0.0036 0.0176 0.0319 
   HI_SS0269  4 0.5913 0.3183 0.0135 0.0400 0.0022 0.0108 0.0239 
   HI_SS0273  4 0.8602 0.0182 0.0407 0.0128 0.0017 0.0111 0.0554 
   HI_SS0277  4 0.0121 0.1395 0.4501 0.0071 0.0025 0.0076 0.3811 
   HI_SS0280  4 0.0597 0.0285 0.1220 0.6552 0.0052 0.0286 0.1008 
   HI_SS0282  4 0.0499 0.0114 0.0061 0.8876 0.0012 0.0219 0.0219 
   HI_SS0286  4 0.0152 0.8876 0.0100 0.0073 0.0062 0.0443 0.0294 
   NS_SS1252  5 0.0334 0.9271 0.0086 0.0131 0.0030 0.0085 0.0063 
   NS_SS1261  5 0.1134 0.3999 0.3335 0.0525 0.0207 0.0084 0.0715 
   NS_SS1225  5 0.0125 0.0112 0.0124 0.7854 0.0811 0.0157 0.0816 
   NS_SS1266  5 0.0042 0.0226 0.0118 0.0336 0.0076 0.0520 0.8682 
   NS_SS1228  5 0.0092 0.0059 0.1775 0.7053 0.0155 0.0461 0.0406 
   NS_SS1255  5 0.5598 0.0138 0.0134 0.0175 0.0016 0.3777 0.0162 
   NS_SS1267  5 0.4429 0.4866 0.0319 0.0107 0.0139 0.0094 0.0046 
   NS_SS1238  5 0.6780 0.0185 0.2479 0.0164 0.0029 0.0262 0.0102 
   NS_SS1233  5 0.0170 0.0103 0.6287 0.0268 0.0021 0.3071 0.0080 
   NS_SS1277  5 0.8714 0.0447 0.0210 0.0176 0.0015 0.0293 0.0145 
   NS_SS1245  5 0.0748 0.8255 0.0320 0.0247 0.0020 0.0349 0.0061 
   NS_SS1240  5 0.2915 0.6715 0.0098 0.0046 0.0021 0.0110 0.0095 
   NS_SS1275  5 0.0053 0.0347 0.0488 0.0052 0.0026 0.7220 0.1813 
   NS_SS1235  5 0.0225 0.0202 0.0053 0.0058 0.0051 0.9333 0.0077 
   NS_SS1263  5 0.0196 0.0199 0.2315 0.4248 0.0012 0.1818 0.1211 
   NS_SS1251  5 0.0323 0.0615 0.7882 0.0184 0.0019 0.0273 0.0703 
   NS_SS1248  5 0.0287 0.3330 0.2728 0.2011 0.1069 0.0278 0.0297 
   NS_SS1244  5 0.6540 0.0146 0.0378 0.0858 0.0062 0.0271 0.1745 
   NS_SS1257  5 0.2383 0.6468 0.0294 0.0366 0.0279 0.0095 0.0114 
   NS_SS1242  5 0.0063 0.0123 0.0289 0.0063 0.0028 0.9212 0.0222 
   NS_SS1271  5 0.8822 0.0157 0.0175 0.0244 0.0389 0.0091 0.0121 
   NS_SS1265  5 0.0284 0.9036 0.0113 0.0116 0.0201 0.0153 0.0096 
   NS_SS1243  5 0.0136 0.0300 0.0081 0.7438 0.0784 0.0572 0.0688 
   NS_SS1273  5 0.0084 0.0084 0.9331 0.0065 0.0091 0.0175 0.0171 
   NS_SS1254  5 0.0051 0.0345 0.0149 0.0155 0.0070 0.7340 0.1890 
   NS_SS1224  5 0.0107 0.0852 0.0164 0.0434 0.0093 0.5574 0.2777 
   NS_SS1227  5 0.0472 0.0149 0.6369 0.1859 0.0017 0.0922 0.0212 
   NS_SS1274  5 0.0843 0.1038 0.0159 0.7287 0.0149 0.0158 0.0366 
   NS_SS1241  5 0.9115 0.0082 0.0108 0.0310 0.0011 0.0171 0.0203 
   NS_SS1256  5 0.0480 0.0412 0.0593 0.0049 0.0334 0.2761 0.5372 
   NS_SS1260  5 0.1233 0.1882 0.0595 0.1441 0.0683 0.0794 0.3372 
   NS_SS1262  5 0.1346 0.0943 0.0204 0.1005 0.1730 0.0240 0.4532 
   NS_SS1230  5 0.4346 0.0693 0.0725 0.2854 0.0085 0.0595 0.0702 
   NS_SS1270  5 0.0115 0.1418 0.0203 0.7020 0.0017 0.0770 0.0458 
   NS_SS1229  5 0.0136 0.1905 0.0248 0.0265 0.0043 0.0310 0.7093 
   NS_SS1246  5 0.8401 0.0692 0.0323 0.0248 0.0038 0.0150 0.0149 
   NS_SS1269  5 0.0251 0.2969 0.0183 0.0211 0.0023 0.0572 0.5791 
   NS_SS1239  5 0.0061 0.0073 0.0058 0.9560 0.0036 0.0096 0.0117 
   NS_SS1272  5 0.0164 0.3264 0.5205 0.0079 0.0075 0.0934 0.0279 
   NS_SS1268  5 0.0197 0.0076 0.2260 0.5054 0.0024 0.2212 0.0177 
   NS_SS1249  5 0.8710 0.0199 0.0080 0.0066 0.0129 0.0719 0.0096 
   HI_SS0559  6 0.0382 0.0221 0.0283 0.7948 0.0020 0.0553 0.0593 
   HI_SS0563  6 0.0726 0.0459 0.0246 0.0470 0.0029 0.0089 0.7980 
   HI_SS0564  6 0.0137 0.0134 0.1582 0.5048 0.0632 0.1028 0.1439 
   HI_SS0565  6 0.0454 0.0459 0.8020 0.0492 0.0041 0.0204 0.0331 
   HI_SS0569  6 0.3487 0.0339 0.0764 0.4517 0.0019 0.0048 0.0826 
   HI_SS0570  6 0.8884 0.0127 0.0105 0.0113 0.0474 0.0234 0.0064 
   HI_SS0572  6 0.0061 0.0092 0.0086 0.0076 0.0019 0.9590 0.0076 
   HI_SS0576  6 0.0100 0.0444 0.7835 0.1434 0.0049 0.0069 0.0069 
   HI_SS0579  6 0.0532 0.0223 0.0080 0.8743 0.0123 0.0218 0.0082 
   HI_SS0580  6 0.0365 0.4349 0.1213 0.0144 0.0040 0.3680 0.0208 
   HI_SS0581  6 0.0077 0.4983 0.1323 0.0981 0.0868 0.1240 0.0529 
   HI_SS0583  6 0.1396 0.6865 0.0393 0.0134 0.0023 0.0325 0.0863 
   HI_SS0586  6 0.2049 0.5247 0.2377 0.0136 0.0012 0.0050 0.0129 
   HI_SS0588  6 0.0335 0.8746 0.0211 0.0116 0.0157 0.0122 0.0314 
   HI_SS0595  6 0.1984 0.0342 0.6612 0.0112 0.0274 0.0401 0.0276 
   HI_SS0596  6 0.0503 0.0102 0.0146 0.0214 0.0022 0.8905 0.0108 
   HI_SS0597  6 0.0297 0.2871 0.0772 0.0173 0.0021 0.5272 0.0594 
   HI_SS0600  6 0.0147 0.0654 0.0138 0.0329 0.0038 0.0136 0.8559 
   HI_SS0601  6 0.0091 0.0073 0.0131 0.9340 0.0101 0.0061 0.0203 
   HI_SS0602  6 0.0104 0.1738 0.3523 0.4321 0.0028 0.0141 0.0145 
   HI_SS0604  6 0.0450 0.3178 0.0296 0.2163 0.0019 0.3121 0.0774 
   HI_SS0605  6 0.0055 0.5370 0.0055 0.0080 0.0049 0.0115 0.4276 
   HI_SS0608  6 0.0193 0.0083 0.1227 0.8178 0.0013 0.0231 0.0075 
   HI_SS0609  6 0.1116 0.1872 0.2847 0.0568 0.0009 0.0570 0.3019 
   HI_SS0611  6 0.0200 0.0271 0.0069 0.9307 0.0026 0.0069 0.0059 
   HI_SS0612  6 0.0380 0.0075 0.0111 0.0114 0.0053 0.0301 0.8966 
   HI_SS0613  6 0.0202 0.3632 0.2172 0.2713 0.0017 0.0437 0.0827 
   HI_SS0615  6 0.0075 0.0537 0.3456 0.5353 0.0143 0.0226 0.0209 
   HI_SS0001  6 0.1843 0.2828 0.0278 0.0054 0.0041 0.2250 0.2705 
   HI_SS0002  6 0.0128 0.1465 0.1094 0.0270 0.0319 0.2152 0.4572 
   HI_SS0004  6 0.1040 0.1484 0.0073 0.0213 0.0047 0.6919 0.0223 
   HI_SS0005  6 0.0261 0.0168 0.8980 0.0308 0.0065 0.0046 0.0171 
   HI_SS0006  6 0.0237 0.5792 0.0121 0.0174 0.0018 0.0163 0.3495 
   HI_SS0007  6 0.8780 0.0493 0.0063 0.0466 0.0024 0.0074 0.0101 
   HI_SS0008  6 0.0264 0.2151 0.3188 0.1294 0.0439 0.1683 0.0982 
   HI_SS0009  6 0.0073 0.0132 0.0109 0.0303 0.0044 0.9215 0.0125 
   HI_SS0010  6 0.5036 0.0084 0.1097 0.3535 0.0035 0.0112 0.0101 
   HI_SS0011  6 0.0541 0.0168 0.6045 0.0359 0.0961 0.1317 0.0609 
   HI_SS0012  6 0.0059 0.0452 0.7657 0.0373 0.0046 0.0133 0.1279 
   HI_SS0017  6 0.0370 0.0101 0.0120 0.0105 0.0021 0.9135 0.0147 
   HI_SS0021  6 0.3451 0.2294 0.1159 0.0069 0.2336 0.0611 0.0078 
   HI_SS0024  6 0.0887 0.0621 0.5263 0.0085 0.0025 0.2837 0.0282 
   HI_SS0025  6 0.0044 0.0246 0.0073 0.0094 0.0027 0.9446 0.0069 
   HI_SS0027  6 0.0403 0.0128 0.0076 0.9140 0.0089 0.0100 0.0065 
   HI_SS0028  6 0.0037 0.0048 0.9670 0.0093 0.0016 0.0070 0.0067 
   HI_SS0029  6 0.0117 0.0214 0.9316 0.0135 0.0061 0.0090 0.0066 
   HI_SS0030  6 0.0766 0.0321 0.0154 0.6384 0.0046 0.2172 0.0157 
   HI_SS0031  6 0.0081 0.0139 0.9268 0.0209 0.0031 0.0053 0.0219 
   HI_SS0034  6 0.0668 0.4925 0.0141 0.0276 0.0039 0.1121 0.2830 
   HI_SS0036  6 0.4228 0.1849 0.3118 0.0077 0.0158 0.0436 0.0135 
   HI_SS0037  6 0.2675 0.2458 0.0111 0.1715 0.0050 0.2716 0.0276 
   HI_SS0039  6 0.4584 0.0391 0.3684 0.0179 0.0037 0.0141 0.0984 
   HI_SS0041  6 0.0062 0.0472 0.0749 0.0877 0.0014 0.7732 0.0094 
   HI_SS0042  6 0.0090 0.5916 0.0334 0.0117 0.1136 0.2166 0.0241 
   HI_SS0043  6 0.1697 0.1723 0.0283 0.6166 0.0034 0.0045 0.0052 
   HI_SS0044  6 0.7500 0.0227 0.1544 0.0089 0.0028 0.0389 0.0222 
   HI_SS0047  6 0.0405 0.3206 0.0248 0.4344 0.0027 0.0415 0.1355 
   HI_SS0049  6 0.0097 0.0080 0.0082 0.0235 0.0037 0.9406 0.0064 
   HI_SS0051  6 0.0082 0.7330 0.0075 0.0214 0.0021 0.0117 0.2161 
   HI_SS0053  6 0.3268 0.0419 0.0810 0.4395 0.0044 0.0985 0.0079 
   HI_SS0054  6 0.8697 0.0228 0.0453 0.0283 0.0043 0.0203 0.0093 
   HI_SS0057  6 0.0133 0.0201 0.0255 0.9163 0.0028 0.0121 0.0099 
   HI_SS0058  6 0.0698 0.6501 0.0134 0.0224 0.0061 0.1774 0.0609 
   HI_SS0060  6 0.1052 0.0250 0.2958 0.3719 0.0959 0.0805 0.0258 
   HI_SS0087  6 0.1603 0.4362 0.0840 0.1164 0.0025 0.0681 0.1325 
   HI_SS0091  6 0.0196 0.2822 0.0154 0.0873 0.0011 0.0133 0.5810 
   HI_SS0095  6 0.0061 0.6406 0.0255 0.0522 0.0542 0.0461 0.1752 
   HI_SS0097  6 0.0099 0.0104 0.0118 0.9353 0.0035 0.0077 0.0215 
   HI_SS0099  6 0.0080 0.0154 0.8653 0.0061 0.0044 0.0912 0.0096 
   HI_SS0103  6 0.0384 0.1713 0.0166 0.0330 0.0037 0.0287 0.7083 
   HI_SS0105  6 0.0314 0.0205 0.0112 0.0231 0.0262 0.0272 0.8603 
   HI_SS0107  6 0.0065 0.0091 0.0046 0.0087 0.0009 0.9545 0.0157 
   HI_SS0108  6 0.8970 0.0378 0.0062 0.0156 0.0245 0.0037 0.0151 
   HI_SS0110  6 0.0814 0.1844 0.2771 0.0187 0.0014 0.0240 0.4130 
   HI_SS0111  6 0.0332 0.4979 0.1696 0.0727 0.0320 0.0099 0.1846 
   HI_SS0112  6 0.9618 0.0071 0.0104 0.0066 0.0012 0.0062 0.0067 
   HI_SS0113  6 0.0084 0.3868 0.0363 0.0193 0.0041 0.4828 0.0624 
   HI_SS0114  6 0.0690 0.3136 0.0271 0.0373 0.0049 0.0133 0.5349 
   HI_SS0115  6 0.0123 0.0157 0.0210 0.2179 0.0145 0.6558 0.0628 
   HI_SS0116  6 0.6397 0.2217 0.0355 0.0370 0.0036 0.0367 0.0257 
   HI_SS0117  6 0.8580 0.0149 0.0543 0.0059 0.0029 0.0106 0.0534 
   HI_SS0118  6 0.1383 0.2538 0.0994 0.0260 0.0119 0.4184 0.0522 
   HI_SS0119  6 0.0566 0.0132 0.0170 0.0514 0.0016 0.0045 0.8557 
   HI_SS0120  6 0.0067 0.0066 0.0055 0.0039 0.0022 0.9697 0.0054 
   HI_SS0121  6 0.0044 0.4866 0.4500 0.0333 0.0017 0.0110 0.0130 
   HI_SS0122  6 0.0689 0.1823 0.1574 0.0970 0.0267 0.3845 0.0831 
   HI_SS0123  6 0.0116 0.0649 0.0747 0.0437 0.0047 0.0212 0.7792 
   HI_SS0124  6 0.0108 0.0114 0.1220 0.4178 0.0032 0.3049 0.1299 
   HI_SS0125  6 0.0076 0.0501 0.7239 0.0074 0.0409 0.0673 0.1027 
   HI_SS0126  6 0.8658 0.0170 0.0851 0.0098 0.0011 0.0126 0.0087 
   HI_SS0127  6 0.0090 0.0082 0.0132 0.9471 0.0066 0.0113 0.0046 
   HI_SS0128  6 0.0869 0.0260 0.1224 0.0603 0.0029 0.6090 0.0925 
   HI_SS0129  6 0.0303 0.8349 0.0253 0.0104 0.0087 0.0738 0.0166 
   HI_SS0131  6 0.3977 0.0114 0.0549 0.0197 0.0395 0.4619 0.0148 
   HI_SS0132  6 0.1543 0.0291 0.6472 0.0288 0.0006 0.0099 0.1301 
   HI_SS0133  6 0.9852 0.0020 0.0026 0.0033 0.0010 0.0028 0.0029 
   HI_SS0134  6 0.1166 0.1447 0.0905 0.0133 0.0019 0.0797 0.5532 
   HI_SS0142  6 0.0034 0.0128 0.0107 0.0111 0.0147 0.0091 0.9381 
   HI_SS0145  6 0.0269 0.0395 0.0122 0.8125 0.0018 0.0235 0.0836 
   HI_SS0146  6 0.9448 0.0110 0.0197 0.0069 0.0017 0.0042 0.0117 
   HI_SS0147  6 0.0068 0.2246 0.0173 0.0415 0.0332 0.3052 0.3714 
   HI_SS0149  6 0.2968 0.0614 0.4576 0.0252 0.0044 0.0086 0.1460 
   HI_SS0150  6 0.0200 0.0177 0.7996 0.0187 0.0050 0.0998 0.0391 
   HI_SS0151  6 0.0502 0.0660 0.0079 0.7511 0.0151 0.0837 0.0260 
   NS_SS1451  6 0.0206 0.0066 0.0231 0.0972 0.0032 0.1447 0.7046 
   NS_SS1404  6 0.0461 0.0670 0.0630 0.0255 0.0122 0.5183 0.2679 
   NS_SS1432  6 0.0048 0.0071 0.9346 0.0101 0.0282 0.0070 0.0082 
   NS_SS1405  6 0.0568 0.0585 0.2117 0.0102 0.0035 0.5825 0.0769 
   NS_SS1431  6 0.0160 0.0608 0.8413 0.0079 0.0008 0.0540 0.0192 
   NS_SS1402  6 0.0192 0.1329 0.4330 0.0558 0.0027 0.0340 0.3225 
   NS_SS1450  6 0.0999 0.1223 0.0467 0.0346 0.0044 0.6586 0.0334 
   NS_SS1396  6 0.0497 0.0412 0.1104 0.7279 0.0068 0.0225 0.0415 
   NS_SS1393  6 0.0134 0.4313 0.2218 0.1312 0.0051 0.0090 0.1882 
   NS_SS1392  6 0.0197 0.0141 0.0763 0.0082 0.0166 0.8269 0.0380 
   NS_SS1445  6 0.0110 0.5227 0.0226 0.3319 0.0080 0.0480 0.0558 
   NS_SS1423  6 0.7875 0.0273 0.1211 0.0123 0.0017 0.0305 0.0196 
   NS_SS1421  6 0.3704 0.0241 0.3104 0.1485 0.1153 0.0140 0.0172 
   NS_SS1411  6 0.8635 0.0300 0.0232 0.0537 0.0021 0.0164 0.0112 
   NS_SS1453  6 0.0257 0.7540 0.1219 0.0581 0.0063 0.0199 0.0142 
   NS_SS1442  6 0.1059 0.5781 0.2584 0.0170 0.0046 0.0131 0.0229 
   NS_SS1422  6 0.0333 0.0366 0.0179 0.3677 0.0100 0.0598 0.4747 
   NS_SS1419  6 0.0130 0.0198 0.1361 0.4558 0.1734 0.0101 0.1919 
   NS_SS1427  6 0.8729 0.0829 0.0146 0.0109 0.0018 0.0090 0.0078 
   NS_SS1444  6 0.0110 0.0431 0.0188 0.1935 0.0044 0.7205 0.0086 
   NS_SS1455  6 0.0326 0.1783 0.6570 0.0206 0.0016 0.0415 0.0683 
   NS_SS1425  6 0.8792 0.0182 0.0275 0.0574 0.0016 0.0090 0.0072 
   NS_SS1400  6 0.9196 0.0302 0.0079 0.0142 0.0015 0.0065 0.0200 
   NS_SS1406  6 0.0041 0.0168 0.8645 0.0170 0.0084 0.0337 0.0555 
   NS_SS1417  6 0.0265 0.0640 0.0105 0.0160 0.0053 0.2290 0.6488 
   NS_SS1454  6 0.4531 0.0384 0.3633 0.0251 0.0017 0.0347 0.0837 
   NS_SS1412  6 0.0916 0.3432 0.2464 0.1767 0.0235 0.0140 0.1046 
   NS_SS1438  6 0.0654 0.7765 0.0084 0.0269 0.0013 0.0542 0.0673 
   NS_SS1416  6 0.0055 0.0532 0.0186 0.0345 0.0059 0.0140 0.8684 
   NS_SS1401  6 0.0403 0.0157 0.7811 0.0383 0.0122 0.0540 0.0584 
   NS_SS1424  6 0.0376 0.0535 0.0182 0.0175 0.0087 0.0088 0.8556 
   NS_SS1435  6 0.4752 0.0103 0.4394 0.0212 0.0027 0.0235 0.0277 
   NS_SS1447  6 0.0117 0.0220 0.0138 0.0141 0.0063 0.9191 0.0130 
   NS_SS1414  6 0.0054 0.0064 0.0096 0.0122 0.0076 0.9491 0.0097 
   NS_SS1449  6 0.0138 0.0115 0.0061 0.7622 0.0040 0.0070 0.1954 
   NS_SS1443  6 0.2550 0.0146 0.0102 0.6109 0.0018 0.0122 0.0953 
   NS_SS1434  6 0.2427 0.2354 0.0156 0.0174 0.0008 0.4586 0.0295 
   NS_SS1398  6 0.0965 0.1154 0.6258 0.0140 0.0225 0.1172 0.0086 
   NS_SS1426  6 0.0874 0.7901 0.0233 0.0592 0.0021 0.0235 0.0144 
   NS_SS1413  6 0.9436 0.0090 0.0078 0.0063 0.0130 0.0137 0.0065 
   NS_SS1395  6 0.0759 0.2810 0.0339 0.4990 0.0105 0.0248 0.0749 
   NS_SS1448  6 0.7556 0.0179 0.0291 0.0641 0.0022 0.0997 0.0314 
   NS_SS1446  6 0.0163 0.2446 0.0127 0.0050 0.0030 0.0228 0.6955 
   NS_SS1403  6 0.0057 0.1152 0.7696 0.0187 0.0060 0.0045 0.0803 
   NS_SS1415  6 0.7185 0.0149 0.1320 0.0661 0.0140 0.0059 0.0486 
   NS_SS1437  6 0.0584 0.0203 0.8065 0.0194 0.0081 0.0414 0.0459 
   NS_SS1439  6 0.0043 0.0324 0.0064 0.0083 0.0025 0.0152 0.9309 
   NS_SS1441  6 0.3241 0.1054 0.0911 0.0569 0.0021 0.0550 0.3654 
   NS_SS1420  6 0.0039 0.0114 0.0083 0.9226 0.0027 0.0451 0.0059 
   NS_SS1394  6 0.0061 0.0119 0.2815 0.5691 0.0347 0.0529 0.0437 
   NS_SS1391  6 0.1143 0.2877 0.1736 0.0186 0.0125 0.3797 0.0137 
   NS_SS1410  6 0.1082 0.5785 0.2007 0.0116 0.0141 0.0413 0.0456 
   NS_SS1408  6 0.0349 0.3450 0.0635 0.0294 0.0564 0.0347 0.4362 
   NS_SS1409  6 0.0168 0.4031 0.0289 0.0207 0.0022 0.0099 0.5183 
   HI_SS0617  7 0.0062 0.8758 0.0096 0.0089 0.0013 0.0586 0.0397 
   HI_SS0618  7 0.0087 0.0275 0.0332 0.6158 0.0024 0.0098 0.3026 
   HI_SS0619  7 0.0598 0.0658 0.1300 0.1467 0.0036 0.5762 0.0179 
   HI_SS0620  7 0.5348 0.0262 0.0067 0.4145 0.0025 0.0057 0.0096 
   HI_SS0621  7 0.0068 0.2524 0.0542 0.0337 0.0158 0.3603 0.2768 
   HI_SS0622  7 0.1729 0.0132 0.0745 0.3683 0.0115 0.3086 0.0509 
   HI_SS0626  7 0.0202 0.1562 0.5113 0.0637 0.0089 0.2244 0.0153 
   HI_SS0627  7 0.0088 0.6408 0.1734 0.1020 0.0082 0.0125 0.0543 
   HI_SS0628  7 0.3219 0.1075 0.3419 0.0190 0.0655 0.1070 0.0373 
   HI_SS0629  7 0.0488 0.1650 0.6464 0.0710 0.0062 0.0089 0.0536 
   HI_SS0630  7 0.4559 0.1230 0.0483 0.0911 0.0704 0.0161 0.1953 
   HI_SS0631  7 0.8886 0.0267 0.0208 0.0491 0.0010 0.0068 0.0070 
   HI_SS0632  7 0.2462 0.0643 0.0383 0.4994 0.0036 0.1328 0.0153 
   HI_SS0633  7 0.0105 0.0316 0.0552 0.0117 0.0030 0.8801 0.0079 
   HI_SS0634  7 0.0111 0.2117 0.0438 0.0085 0.0023 0.0123 0.7102 
   HI_SS0635  7 0.0096 0.0181 0.8545 0.0093 0.0100 0.0169 0.0816 
   HI_SS0637  7 0.0040 0.6780 0.0122 0.0400 0.0032 0.0119 0.2508 
   HI_SS0638  7 0.6069 0.0165 0.0798 0.0993 0.0020 0.0543 0.1412 
   HI_SS0639  7 0.0098 0.0835 0.3231 0.2014 0.0518 0.1212 0.2093 
   HI_SS0640  7 0.0683 0.0438 0.1908 0.6238 0.0022 0.0406 0.0304 
   HI_SS0641  7 0.0387 0.6995 0.1544 0.0507 0.0052 0.0224 0.0290 
   HI_SS0642  7 0.0123 0.0079 0.7976 0.0515 0.0020 0.0312 0.0975 
   HI_SS0645  7 0.0070 0.0062 0.6881 0.2758 0.0009 0.0113 0.0107 
   HI_SS0646  7 0.0156 0.0433 0.0254 0.0503 0.0026 0.0185 0.8443 
   HI_SS0647  7 0.0471 0.0105 0.0185 0.0067 0.0010 0.9051 0.0110 
   HI_SS0648  7 0.0571 0.0120 0.7109 0.1663 0.0030 0.0165 0.0343 
   HI_SS0649  7 0.0107 0.6392 0.2595 0.0224 0.0019 0.0413 0.0250 
   HI_SS0650  7 0.0081 0.9388 0.0075 0.0121 0.0029 0.0172 0.0135 
   HI_SS0651  7 0.0147 0.0246 0.0148 0.8635 0.0046 0.0663 0.0115 
   HI_SS0652  7 0.0139 0.2139 0.1337 0.0543 0.0033 0.5226 0.0583 
   NS_SS1371  7 0.0223 0.1571 0.0600 0.0172 0.0065 0.0167 0.7203 
   NS_SS1374  7 0.6543 0.1079 0.1088 0.0172 0.0029 0.0775 0.0314 
   NS_SS1337  7 0.0170 0.0308 0.0099 0.0148 0.0040 0.5516 0.3720 
   NS_SS1385  7 0.0624 0.1550 0.0523 0.0304 0.0049 0.1848 0.5102 
   NS_SS1388  7 0.0254 0.0174 0.5998 0.0132 0.0065 0.3297 0.0080 
   NS_SS1370  7 0.0062 0.0083 0.0071 0.9492 0.0083 0.0093 0.0116 
   NS_SS1389  7 0.0165 0.0133 0.4503 0.0075 0.0033 0.5039 0.0053 
   NS_SS1360  7 0.0489 0.0294 0.0127 0.8281 0.0052 0.0138 0.0619 
   NS_SS1330  7 0.0058 0.0088 0.0104 0.0129 0.0035 0.0319 0.9267 
   NS_SS1328  7 0.8295 0.0221 0.0113 0.0103 0.0020 0.0595 0.0653 
   NS_SS1384  7 0.0972 0.0685 0.0522 0.2088 0.0041 0.1453 0.4238 
   NS_SS1381  7 0.0064 0.1682 0.0249 0.3905 0.0009 0.2148 0.1943 
   NS_SS1375  7 0.0193 0.0157 0.8273 0.0467 0.0012 0.0142 0.0757 
   NS_SS1319  7 0.0407 0.1469 0.0918 0.0091 0.0977 0.0276 0.5863 
   NS_SS1326  7 0.9172 0.0203 0.0160 0.0120 0.0155 0.0125 0.0065 
   NS_SS1341  7 0.0070 0.8799 0.0300 0.0119 0.0044 0.0294 0.0374 
   NS_SS1383  7 0.0566 0.4154 0.4102 0.0230 0.0051 0.0079 0.0818 
   NS_SS1318  7 0.0254 0.1823 0.0100 0.0971 0.0168 0.6403 0.0280 
   NS_SS1348  7 0.8836 0.0466 0.0099 0.0351 0.0014 0.0121 0.0114 
   NS_SS1363  7 0.0184 0.2433 0.0225 0.1785 0.0052 0.0118 0.5204 
   NS_SS1335  7 0.1390 0.0263 0.0463 0.7115 0.0309 0.0056 0.0405 
   NS_SS1358  7 0.0357 0.0096 0.0063 0.0124 0.0112 0.0095 0.9155 
   NS_SS1342  7 0.4478 0.2198 0.1032 0.0104 0.0016 0.1000 0.1173 
   NS_SS1320  7 0.0051 0.0070 0.1054 0.0096 0.0071 0.8498 0.0158 
   NS_SS1355  7 0.0042 0.2485 0.0207 0.1922 0.0109 0.5129 0.0106 
   NS_SS1345  7 0.0098 0.0100 0.0047 0.0213 0.0165 0.8992 0.0385 
   NS_SS1324  7 0.8267 0.0531 0.0295 0.0479 0.0028 0.0322 0.0078 
   NS_SS1347  7 0.0422 0.0173 0.0390 0.8458 0.0038 0.0123 0.0397 
   NS_SS1321  7 0.0641 0.1037 0.1548 0.0674 0.0013 0.0062 0.6024 
   NS_SS1333  7 0.1216 0.0428 0.7904 0.0053 0.0029 0.0177 0.0194 
   NS_SS1364  7 0.3837 0.0461 0.0868 0.0665 0.0021 0.4050 0.0098 
   NS_SS1379  7 0.0080 0.0128 0.0088 0.8893 0.0379 0.0215 0.0218 
   NS_SS1332  7 0.9272 0.0162 0.0329 0.0056 0.0064 0.0049 0.0068 
   NS_SS1338  7 0.0094 0.0209 0.0158 0.8604 0.0053 0.0088 0.0793 
   NS_SS1368  7 0.8020 0.0244 0.0782 0.0072 0.0059 0.0651 0.0172 
   NS_SS1354  7 0.0313 0.0824 0.2427 0.0141 0.0138 0.1222 0.4934 
   NS_SS1365  7 0.2042 0.0652 0.0966 0.1819 0.0125 0.4259 0.0136 
   NS_SS1380  7 0.0060 0.0343 0.0160 0.0086 0.0209 0.8540 0.0604 
   NS_SS1329  7 0.2037 0.1849 0.1121 0.0363 0.0028 0.0370 0.4232 
   NS_SS1362  7 0.0220 0.5881 0.1854 0.0108 0.0049 0.0236 0.1651 
   NS_SS1327  7 0.9345 0.0285 0.0118 0.0101 0.0030 0.0042 0.0078 
   NS_SS1350  7 0.0128 0.5417 0.0256 0.0097 0.0092 0.0975 0.3035 
   NS_SS1387  7 0.0061 0.0139 0.0710 0.8747 0.0023 0.0180 0.0140 
   NS_SS1369  7 0.0872 0.1504 0.0373 0.6652 0.0035 0.0331 0.0232 
   NS_SS1331  7 0.0743 0.0106 0.8556 0.0183 0.0069 0.0179 0.0164 
   NS_SS1357  7 0.0615 0.4533 0.0170 0.0722 0.0037 0.3656 0.0268 
   NS_SS1386  7 0.9600 0.0068 0.0077 0.0085 0.0039 0.0066 0.0064 
   NS_SS1353  7 0.0833 0.0343 0.6265 0.0387 0.0037 0.1782 0.0353 
   NS_SS1323  7 0.0344 0.0257 0.0909 0.0467 0.0762 0.4548 0.2714 
   HI_SS0296  8 0.0282 0.0145 0.0033 0.9428 0.0012 0.0054 0.0046 
   HI_SS0297  8 0.0688 0.0805 0.7871 0.0133 0.0011 0.0148 0.0345 
   HI_SS0299  8 0.0170 0.3495 0.0077 0.0155 0.0279 0.5597 0.0226 
   HI_SS0300  8 0.0212 0.0079 0.0065 0.9428 0.0011 0.0072 0.0132 
   HI_SS0301  8 0.0331 0.3014 0.4297 0.0336 0.0038 0.0078 0.1906 
   HI_SS0302  8 0.3152 0.0122 0.0125 0.6241 0.0209 0.0088 0.0063 
   HI_SS0303  8 0.7931 0.0411 0.0527 0.0361 0.0069 0.0554 0.0147 
   HI_SS0304  8 0.0758 0.0578 0.1161 0.0382 0.0025 0.0610 0.6486 
   HI_SS0306  8 0.9342 0.0111 0.0088 0.0208 0.0040 0.0108 0.0104 
   HI_SS0307  8 0.0064 0.1383 0.2556 0.0281 0.0098 0.0865 0.4753 
   HI_SS0308  8 0.0454 0.0118 0.7509 0.0313 0.0689 0.0067 0.0849 
   HI_SS0309  8 0.0075 0.0139 0.4230 0.2007 0.0033 0.0463 0.3052 
   HI_SS0310  8 0.0326 0.0125 0.0252 0.0098 0.0065 0.8989 0.0145 
   HI_SS0311  8 0.0624 0.0111 0.0484 0.8116 0.0026 0.0230 0.0410 
   HI_SS0314  8 0.0789 0.0082 0.8152 0.0380 0.0013 0.0515 0.0070 
   HI_SS0316  8 0.0829 0.0423 0.1121 0.1181 0.0051 0.4846 0.1549 
   HI_SS0317  8 0.0182 0.0769 0.1235 0.0193 0.0025 0.0332 0.7264 
   HI_SS0318  8 0.3234 0.0471 0.3391 0.0662 0.1981 0.0044 0.0217 
   HI_SS0319  8 0.5193 0.2774 0.0622 0.0135 0.0068 0.0086 0.1123 
   HI_SS0320  8 0.0048 0.0206 0.9211 0.0084 0.0012 0.0146 0.0294 
   HI_SS0321  8 0.0114 0.8907 0.0559 0.0225 0.0016 0.0045 0.0133 
   HI_SS0323  8 0.0079 0.9198 0.0089 0.0250 0.0017 0.0236 0.0131 
   HI_SS0325  8 0.6541 0.0766 0.0510 0.0459 0.0019 0.1490 0.0216 
   HI_SS0327  8 0.7637 0.1472 0.0265 0.0285 0.0017 0.0173 0.0151 
   HI_SS0329  8 0.0689 0.4021 0.1411 0.0173 0.0016 0.3037 0.0652 
   HI_SS0333  8 0.0500 0.0813 0.6973 0.0387 0.0034 0.0246 0.1046 
   HI_SS0334  8 0.0099 0.0143 0.0083 0.9538 0.0012 0.0039 0.0085 
   HI_SS0335  8 0.0106 0.1602 0.0176 0.1028 0.0277 0.3337 0.3474 
   HI_SS0339  8 0.0153 0.0438 0.4375 0.1960 0.0142 0.2663 0.0269 
   HI_SS0343  8 0.0216 0.0280 0.0580 0.0143 0.0019 0.6269 0.2493 
   HI_SS0344  8 0.9616 0.0080 0.0035 0.0081 0.0035 0.0090 0.0063 
   HI_SS0345  8 0.1095 0.0206 0.1451 0.0349 0.0077 0.6375 0.0448 
   HI_SS0346  8 0.3937 0.1797 0.2868 0.0258 0.0050 0.0654 0.0437 
   HI_SS0350  8 0.0043 0.0041 0.0109 0.8578 0.0113 0.0431 0.0686 
   HI_SS0351  8 0.0760 0.0341 0.0113 0.1237 0.0042 0.6213 0.1295 
   HI_SS0352  8 0.0117 0.0088 0.0161 0.0167 0.0933 0.6031 0.2503 
   HI_SS0362  8 0.1854 0.0120 0.0599 0.7241 0.0026 0.0087 0.0073 
   HI_SS0363  8 0.6322 0.0314 0.0145 0.0652 0.0038 0.2431 0.0098 
   HI_SS0365  8 0.0892 0.0613 0.1147 0.3685 0.0045 0.0143 0.3474 
   HI_SS0366  8 0.4548 0.4003 0.0078 0.0584 0.0016 0.0243 0.0528 
   HI_SS0367  8 0.0044 0.0951 0.0460 0.0241 0.0029 0.6418 0.1857 
   HI_SS0369  8 0.0070 0.2426 0.0589 0.2293 0.0028 0.4072 0.0522 
   HI_SS0370  8 0.0346 0.5898 0.2024 0.0138 0.0035 0.1120 0.0438 
   HI_SS0371  8 0.5351 0.0707 0.0427 0.0199 0.0056 0.3181 0.0078 
   HI_SS0373  8 0.0603 0.0107 0.8879 0.0084 0.0099 0.0095 0.0134 
   HI_SS0374  8 0.0072 0.0109 0.2669 0.1302 0.0274 0.5429 0.0144 
   HI_SS0377  8 0.0521 0.0087 0.0206 0.8250 0.0644 0.0088 0.0205 
   HI_SS0379  8 0.9551 0.0128 0.0079 0.0111 0.0011 0.0061 0.0058 
   HI_SS0380  8 0.0095 0.1043 0.0128 0.0169 0.0073 0.8313 0.0179 
   HI_SS0381  8 0.0194 0.0830 0.2340 0.1279 0.0045 0.0167 0.5146 
   HI_SS0384  8 0.0860 0.7243 0.0912 0.0086 0.0080 0.0740 0.0078 
   HI_SS0385  8 0.3787 0.0070 0.5675 0.0052 0.0010 0.0343 0.0064 
   HI_SS0386  9 0.0016 0.0016 0.0016 0.0021 0.9891 0.0017 0.0023 
   HI_SS0387  9 0.0174 0.0104 0.0098 0.0096 0.9305 0.0089 0.0135 
   HI_SS0389  9 0.0054 0.0036 0.0039 0.0024 0.9768 0.0034 0.0045 
   HI_SS0390  9 0.0023 0.0019 0.0024 0.0018 0.9883 0.0015 0.0017 
   HI_SS0391  9 0.0025 0.0027 0.0025 0.0033 0.9824 0.0033 0.0033 
   HI_SS0392  9 0.0015 0.0015 0.0015 0.0022 0.9895 0.0018 0.0021 
   HI_SS0393  9 0.0018 0.0018 0.0015 0.0018 0.9901 0.0015 0.0015 
   HI_SS0394  9 0.0018 0.0020 0.0018 0.0014 0.9899 0.0017 0.0013 
   HI_SS0395  9 0.0031 0.0046 0.0036 0.0041 0.9774 0.0035 0.0036 
   HI_SS0396  9 0.0052 0.0102 0.0110 0.0096 0.9398 0.0138 0.0104 
   HI_SS0398  9 0.0055 0.0055 0.0067 0.0075 0.9628 0.0069 0.0050 
   HI_SS0399  9 0.0010 0.0014 0.0014 0.0013 0.9924 0.0013 0.0012 
   HI_SS0400  9 0.0021 0.0021 0.0032 0.0028 0.9853 0.0023 0.0022 
   HI_SS0401  9 0.0017 0.0018 0.0016 0.0018 0.9893 0.0020 0.0019 
   HI_SS0402  9 0.0018 0.0014 0.0017 0.0015 0.9908 0.0013 0.0015 
   HI_SS0403  9 0.0012 0.0026 0.0019 0.0018 0.9890 0.0017 0.0018 
   HI_SS0404  9 0.0013 0.0017 0.0014 0.0013 0.9917 0.0013 0.0013 
   HI_SS0405  9 0.0124 0.0107 0.0176 0.0108 0.9085 0.0098 0.0302 
   HI_SS0406  9 0.0022 0.0032 0.0026 0.0030 0.9844 0.0023 0.0023 
   HI_SS0407  9 0.0074 0.0061 0.0065 0.0099 0.9552 0.0072 0.0077 
   HI_SS0408  9 0.0012 0.0015 0.0014 0.0013 0.9920 0.0011 0.0014 
   HI_SS0409  9 0.0032 0.0040 0.0032 0.0055 0.9781 0.0030 0.0030 
   HI_SS0411  9 0.0031 0.0032 0.0025 0.0035 0.9818 0.0027 0.0032 
   HI_SS0412  9 0.0108 0.0269 0.0237 0.0832 0.7917 0.0228 0.0409 
   HI_SS0413  9 0.0020 0.0028 0.0019 0.0023 0.9851 0.0030 0.0030 
   HI_SS0414  9 0.0059 0.0169 0.0145 0.0135 0.9175 0.0162 0.0154 
   HI_SS0415  9 0.0020 0.0021 0.0021 0.0018 0.9880 0.0016 0.0024 
   HI_SS0416  9 0.0038 0.0033 0.0046 0.0052 0.9778 0.0027 0.0026 
   HI_SS0418  9 0.0051 0.0049 0.0067 0.0057 0.9686 0.0034 0.0056 
   HI_SS0419  9 0.0031 0.0032 0.0040 0.0028 0.9790 0.0048 0.0031 
   HI_SS0420  9 0.0025 0.0028 0.0020 0.0028 0.9855 0.0023 0.0022 
   HI_SS0421  9 0.0036 0.0056 0.0047 0.0051 0.9713 0.0049 0.0049 
   HI_SS0422  9 0.0018 0.0014 0.0016 0.0016 0.9900 0.0018 0.0018 
   HI_SS0423  9 0.0046 0.0034 0.0060 0.0062 0.9703 0.0054 0.0041 
   HI_SS0424  9 0.0014 0.0022 0.0023 0.0018 0.9882 0.0018 0.0023 
   HI_SS0425  9 0.0026 0.0038 0.0049 0.0032 0.9775 0.0052 0.0028 
   NS_SS1146 10 0.0033 0.0031 0.0025 0.0025 0.9844 0.0020 0.0021 
   NS_SS1157 10 0.0047 0.0052 0.0046 0.0089 0.9594 0.0060 0.0112 
   NS_SS1144 10 0.0169 0.0182 0.0099 0.0184 0.9052 0.0149 0.0166 
   NS_SS1074 10 0.0042 0.0040 0.0039 0.0025 0.9767 0.0038 0.0050 
   NS_SS1122 10 0.0046 0.0059 0.0034 0.0065 0.9700 0.0040 0.0055 
   NS_SS1136 10 0.0010 0.0011 0.0013 0.0013 0.9924 0.0017 0.0012 
   NS_SS1077 10 0.0008 0.0007 0.0008 0.0008 0.9955 0.0007 0.0006 
   NS_SS1134 10 0.0078 0.0066 0.0084 0.0228 0.9389 0.0064 0.0092 
   NS_SS1091 10 0.0016 0.0035 0.0027 0.0026 0.9841 0.0027 0.0029 
   NS_SS1089 10 0.0034 0.0042 0.0024 0.0045 0.9795 0.0035 0.0025 
   NS_SS1123 10 0.0014 0.0022 0.0020 0.0025 0.9878 0.0026 0.0016 
   NS_SS1158 10 0.0009 0.0013 0.0013 0.0011 0.9929 0.0013 0.0012 
   NS_SS1093 10 0.0030 0.0037 0.0032 0.0023 0.9833 0.0024 0.0021 
