

----------------------------------------------------
STRUCTURE by Pritchard, Stephens and Donnelly (2000)
     and Falush, Stephens and Pritchard (2003)
       Code by Pritchard, Falush and Hubisz
             Version 2.3.4 (Jul 2012)
----------------------------------------------------



Command line arguments:   /home/genobiwan/Documents/Programs/Structure/structure -m parameter_job_k9_r8 
Input File:    /media/genobiwan/Storage/Projets/Mackerel_NWA_2021/data_job_k9_r8

Run parameters:
   629 individuals
   4140 loci
   9 populations assumed
   100000 Burn-in period
   200000 Reps


--------------------------------------------
Proportion of membership of each pre-defined
 population in each of the 9 clusters

Given    Inferred Clusters                                                 Number of
 Pop       1      2      3      4      5      6      7      8      9      Individuals

  1:     0.136  0.145  0.135  0.076  0.130  0.012  0.148  0.092  0.125       67
  2:     0.213  0.147  0.092  0.069  0.073  0.010  0.190  0.079  0.129       32
  3:     0.131  0.152  0.166  0.094  0.097  0.014  0.118  0.110  0.118       92
  4:     0.168  0.125  0.102  0.178  0.138  0.017  0.060  0.124  0.088       36
  5:     0.066  0.094  0.078  0.168  0.190  0.021  0.102  0.135  0.146       41
  6:     0.116  0.159  0.111  0.146  0.126  0.013  0.119  0.111  0.100      158
  7:     0.159  0.132  0.129  0.151  0.105  0.010  0.119  0.079  0.115       79
  8:     0.159  0.144  0.094  0.172  0.092  0.014  0.109  0.099  0.116       52
  9:     0.005  0.005  0.005  0.004  0.005  0.963  0.004  0.004  0.005       36
 10:     0.004  0.004  0.004  0.004  0.004  0.968  0.004  0.004  0.004       36
--------------------------------------------

Allele-freq. divergence among pops (Net nucleotide distance),
computed using point estimates of P.

      1       2       3       4       5       6       7       8       9      
 1      -    0.0003  0.0002  0.0005  0.0003  0.0050  0.0004  0.0004  0.0003  
 2   0.0003     -    0.0003  0.0005  0.0004  0.0051  0.0004  0.0004  0.0004  
 3   0.0002  0.0003     -    0.0005  0.0003  0.0050  0.0004  0.0004  0.0003  
 4   0.0005  0.0005  0.0005     -    0.0006  0.0054  0.0006  0.0006  0.0005  
 5   0.0003  0.0004  0.0003  0.0006     -    0.0051  0.0004  0.0005  0.0004  
 6   0.0050  0.0051  0.0050  0.0054  0.0051     -    0.0051  0.0053  0.0052  
 7   0.0004  0.0004  0.0004  0.0006  0.0004  0.0051     -    0.0006  0.0004  
 8   0.0004  0.0004  0.0004  0.0006  0.0005  0.0053  0.0006     -    0.0005  
 9   0.0003  0.0004  0.0003  0.0005  0.0004  0.0052  0.0004  0.0005     -    

Average distances (expected heterozygosity) between individuals in same cluster:
cluster  1  : 0.3189 
cluster  2  : 0.3190 
cluster  3  : 0.3182 
cluster  4  : 0.3178 
cluster  5  : 0.3182 
cluster  6  : 0.3052 
cluster  7  : 0.3175 
cluster  8  : 0.3177 
cluster  9  : 0.3183 

--------------------------------------------
Estimated Ln Prob of Data   = -2478690.2
Mean value of ln likelihood = -2462060.2
Variance of ln likelihood   = 33259.8
Mean value of alpha         = 0.0446

Mean value of Fst_1         = 0.0040
Mean value of Fst_2         = 0.0042
Mean value of Fst_3         = 0.0046
Mean value of Fst_4         = 0.0065
Mean value of Fst_5         = 0.0057
Mean value of Fst_6         = 0.0396
Mean value of Fst_7         = 0.0059
Mean value of Fst_8         = 0.0071
Mean value of Fst_9         = 0.0056


Inferred ancestry of individuals:
        Label (%Miss) Pop:  Inferred clusters
  1 NS_SS0963    (4)    1 :  0.279 0.445 0.072 0.014 0.133 0.005 0.013 0.012 0.027 
  2 NS_SS0983    (1)    1 :  0.025 0.011 0.008 0.007 0.006 0.004 0.002 0.816 0.121 
  3 NS_SS0719    (9)    1 :  0.837 0.044 0.036 0.020 0.014 0.005 0.008 0.026 0.009 
  4 NS_SS1001    (8)    1 :  0.009 0.021 0.331 0.243 0.042 0.009 0.168 0.010 0.166 
  5 NS_SS0936    (4)    1 :  0.026 0.029 0.036 0.017 0.828 0.003 0.043 0.006 0.012 
  6 NS_SS0955    (6)    1 :  0.115 0.053 0.177 0.086 0.046 0.004 0.066 0.442 0.012 
  7 NS_SS0944    (3)    1 :  0.022 0.141 0.015 0.549 0.016 0.002 0.010 0.014 0.232 
  8 NS_SS0945    (3)    1 :  0.015 0.012 0.045 0.141 0.035 0.010 0.428 0.281 0.031 
  9 NS_SS0922    (2)    1 :  0.843 0.021 0.012 0.006 0.031 0.020 0.009 0.010 0.049 
 10 NS_SS0929    (7)    1 :  0.024 0.102 0.060 0.038 0.075 0.003 0.057 0.556 0.083 
 11 NS_SS0956    (1)    1 :  0.027 0.014 0.019 0.037 0.009 0.004 0.769 0.008 0.114 
 12 NS_SS0906    (3)    1 :  0.020 0.736 0.083 0.009 0.013 0.003 0.017 0.037 0.082 
 13 NS_SS0721    (6)    1 :  0.481 0.228 0.181 0.010 0.023 0.005 0.013 0.015 0.043 
 14 NS_SS0982    (4)    1 :  0.384 0.277 0.015 0.012 0.040 0.016 0.224 0.021 0.012 
 15 NS_SS0923    (6)    1 :  0.537 0.137 0.245 0.015 0.011 0.004 0.027 0.008 0.016 
 16 NS_SS0905    (6)    1 :  0.192 0.213 0.083 0.023 0.008 0.002 0.028 0.156 0.296 
 17 NS_SS0925    (3)    1 :  0.051 0.246 0.587 0.006 0.030 0.004 0.028 0.008 0.041 
 18 NS_SS0947    (6)    1 :  0.016 0.041 0.694 0.011 0.029 0.004 0.096 0.024 0.085 
 19 NS_SS0926    (2)    1 :  0.013 0.030 0.011 0.150 0.109 0.001 0.009 0.670 0.007 
 20 NS_SS0918    (6)    1 :  0.102 0.027 0.100 0.047 0.027 0.003 0.210 0.109 0.375 
 21 NS_SS0966    (4)    1 :  0.156 0.053 0.033 0.036 0.088 0.056 0.080 0.027 0.472 
 22 NS_SS0938    (2)    1 :  0.007 0.005 0.012 0.011 0.932 0.002 0.013 0.009 0.010 
 23 NS_SS0917    (2)    1 :  0.138 0.016 0.711 0.015 0.010 0.031 0.047 0.028 0.005 
 24 NS_SS0957   (11)    1 :  0.005 0.011 0.010 0.011 0.017 0.005 0.914 0.006 0.021 
 25 NS_SS0987    (1)    1 :  0.247 0.047 0.377 0.008 0.009 0.232 0.041 0.018 0.020 
 26 NS_SS0717    (4)    1 :  0.045 0.076 0.074 0.014 0.013 0.004 0.568 0.099 0.107 
 27 NS_SS0986    (2)    1 :  0.033 0.029 0.604 0.047 0.097 0.005 0.066 0.097 0.022 
 28 NS_SS0953    (3)    1 :  0.008 0.016 0.014 0.009 0.005 0.015 0.032 0.027 0.873 
 29 NS_SS0907    (3)    1 :  0.150 0.077 0.627 0.028 0.028 0.036 0.018 0.023 0.012 
 30 NS_SS0974    (6)    1 :  0.016 0.060 0.294 0.075 0.061 0.004 0.064 0.368 0.058 
 31 NS_SS0989    (1)    1 :  0.164 0.019 0.010 0.057 0.496 0.001 0.013 0.207 0.034 
 32 NS_SS0991    (3)    1 :  0.009 0.875 0.016 0.017 0.008 0.002 0.007 0.058 0.007 
 33 NS_SS0994    (2)    1 :  0.004 0.007 0.005 0.017 0.005 0.002 0.004 0.953 0.003 
 34 NS_SS0931    (6)    1 :  0.012 0.149 0.224 0.471 0.103 0.009 0.005 0.019 0.007 
 35 NS_SS1000    (5)    1 :  0.016 0.223 0.415 0.016 0.037 0.004 0.265 0.007 0.016 
 36 NS_SS0919    (1)    1 :  0.020 0.781 0.103 0.023 0.013 0.003 0.006 0.045 0.005 
 37 NS_SS0949    (4)    1 :  0.106 0.034 0.026 0.744 0.026 0.001 0.007 0.043 0.013 
 38 NS_SS0960   (10)    1 :  0.200 0.094 0.085 0.376 0.009 0.010 0.046 0.093 0.087 
 39 NS_SS0716    (2)    1 :  0.007 0.007 0.009 0.008 0.004 0.005 0.949 0.006 0.005 
 40 NS_SS0924    (8)    1 :  0.767 0.022 0.094 0.019 0.005 0.013 0.062 0.012 0.005 
 41 NS_SS0935    (2)    1 :  0.008 0.939 0.005 0.023 0.002 0.006 0.004 0.006 0.006 
 42 NS_SS0952   (14)    1 :  0.052 0.302 0.040 0.376 0.051 0.046 0.081 0.036 0.016 
 43 NS_SS0962   (11)    1 :  0.023 0.011 0.043 0.005 0.857 0.007 0.025 0.020 0.010 
 44 NS_SS0973    (5)    1 :  0.033 0.836 0.064 0.008 0.013 0.004 0.006 0.006 0.030 
 45 NS_SS0722    (1)    1 :  0.007 0.043 0.140 0.009 0.025 0.003 0.738 0.006 0.030 
 46 NS_SS0979   (13)    1 :  0.042 0.035 0.013 0.008 0.089 0.002 0.780 0.021 0.009 
 47 NS_SS0993    (2)    1 :  0.015 0.111 0.015 0.014 0.157 0.021 0.014 0.009 0.643 
 48 NS_SS0958    (1)    1 :  0.040 0.048 0.012 0.590 0.020 0.003 0.260 0.014 0.013 
 49 NS_SS0988    (4)    1 :  0.087 0.209 0.161 0.011 0.185 0.006 0.040 0.167 0.133 
 50 NS_SS1003    (2)    1 :  0.012 0.021 0.316 0.019 0.476 0.012 0.007 0.004 0.135 
 51 NS_SS0976    (1)    1 :  0.184 0.062 0.031 0.115 0.559 0.002 0.018 0.022 0.007 
 52 NS_SS0964   (10)    1 :  0.047 0.036 0.120 0.011 0.016 0.004 0.716 0.016 0.034 
 53 NS_SS0939    (4)    1 :  0.051 0.006 0.038 0.011 0.028 0.005 0.844 0.004 0.013 
 54 NS_SS0990    (6)    1 :  0.014 0.006 0.026 0.009 0.842 0.004 0.045 0.040 0.015 
 55 NS_SS0984    (2)    1 :  0.688 0.109 0.015 0.004 0.071 0.002 0.083 0.013 0.015 
 56 NS_SS0980   (10)    1 :  0.018 0.069 0.198 0.025 0.027 0.002 0.007 0.014 0.641 
 57 NS_SS0978    (4)    1 :  0.212 0.203 0.408 0.043 0.011 0.003 0.084 0.005 0.032 
 58 NS_SS0951   (18)    1 :  0.010 0.041 0.026 0.035 0.007 0.003 0.139 0.033 0.705 
 59 NS_SS0913    (3)    1 :  0.108 0.018 0.073 0.074 0.035 0.048 0.429 0.017 0.197 
 60 NS_SS1002    (1)    1 :  0.009 0.007 0.009 0.004 0.924 0.027 0.007 0.007 0.006 
 61 NS_SS0948    (1)    1 :  0.042 0.058 0.020 0.042 0.632 0.050 0.046 0.038 0.072 
 62 NS_SS0916    (4)    1 :  0.015 0.006 0.009 0.014 0.007 0.005 0.018 0.012 0.914 
 63 NS_SS0995    (1)    1 :  0.108 0.004 0.009 0.006 0.006 0.003 0.004 0.024 0.835 
 64 NS_SS0927    (6)    1 :  0.663 0.022 0.080 0.011 0.021 0.005 0.011 0.175 0.011 
 65 NS_SS0992    (5)    1 :  0.240 0.049 0.173 0.148 0.122 0.004 0.015 0.032 0.217 
 66 NS_SS0912    (1)    1 :  0.260 0.579 0.023 0.052 0.014 0.003 0.020 0.042 0.009 
 67 NS_SS0981    (1)    1 :  0.010 0.447 0.443 0.008 0.028 0.003 0.023 0.010 0.027 
 68 NS_SS0729    (5)    2 :  0.011 0.032 0.011 0.019 0.021 0.005 0.005 0.881 0.016 
 69 NS_SS0967   (15)    2 :  0.530 0.071 0.023 0.067 0.126 0.011 0.148 0.013 0.012 
 70 NS_SS0941    (8)    2 :  0.104 0.189 0.072 0.037 0.068 0.088 0.077 0.038 0.327 
 71 NS_SS0768   (12)    2 :  0.073 0.010 0.076 0.011 0.122 0.004 0.673 0.024 0.007 
 72 NS_SS0726    (5)    2 :  0.257 0.160 0.062 0.137 0.321 0.007 0.012 0.020 0.024 
 73 NS_SS0763    (4)    2 :  0.030 0.130 0.021 0.055 0.019 0.003 0.119 0.611 0.011 
 74 NS_SS0730    (6)    2 :  0.586 0.006 0.028 0.022 0.044 0.002 0.238 0.028 0.047 
 75 NS_SS0774    (2)    2 :  0.014 0.005 0.007 0.007 0.022 0.001 0.926 0.006 0.011 
 76 NS_SS0723    (3)    2 :  0.636 0.178 0.096 0.004 0.035 0.001 0.015 0.008 0.025 
 77 NS_SS0940   (10)    2 :  0.178 0.163 0.394 0.032 0.065 0.007 0.016 0.039 0.105 
 78 NS_SS0762    (1)    2 :  0.028 0.013 0.010 0.013 0.006 0.003 0.253 0.005 0.668 
 79 NS_SS0766   (11)    2 :  0.516 0.044 0.045 0.050 0.020 0.013 0.188 0.081 0.043 
 80 NS_SS0724    (1)    2 :  0.014 0.530 0.016 0.013 0.017 0.005 0.318 0.009 0.078 
 81 NS_SS0769    (3)    2 :  0.093 0.144 0.599 0.007 0.019 0.004 0.067 0.052 0.016 
 82 NS_SS0777    (1)    2 :  0.007 0.813 0.016 0.111 0.017 0.010 0.006 0.014 0.006 
 83 NS_SS0734    (6)    2 :  0.131 0.040 0.265 0.380 0.018 0.037 0.061 0.047 0.022 
 84 NS_SS0737    (3)    2 :  0.300 0.007 0.029 0.019 0.049 0.005 0.273 0.013 0.305 
 85 NS_SS0732    (5)    2 :  0.587 0.031 0.271 0.007 0.006 0.004 0.021 0.005 0.069 
 86 NS_SS0728    (5)    2 :  0.236 0.107 0.238 0.019 0.188 0.015 0.035 0.050 0.112 
 87 NS_SS0735    (9)    2 :  0.163 0.116 0.114 0.019 0.022 0.009 0.014 0.017 0.525 
 88 NS_SS0725    (1)    2 :  0.009 0.010 0.015 0.020 0.783 0.008 0.101 0.020 0.035 
 89 NS_SS0788    (2)    2 :  0.896 0.009 0.034 0.009 0.024 0.002 0.010 0.008 0.009 
 90 NS_SS0778    (2)    2 :  0.560 0.141 0.036 0.015 0.027 0.002 0.012 0.028 0.179 
 91 NS_SS0792    (6)    2 :  0.025 0.011 0.018 0.037 0.015 0.005 0.012 0.026 0.852 
 92 NS_SS0943   (11)    2 :  0.019 0.461 0.081 0.335 0.024 0.010 0.023 0.022 0.025 
 93 NS_SS0791    (2)    2 :  0.565 0.006 0.050 0.058 0.006 0.012 0.007 0.024 0.272 
 94 NS_SS0790    (5)    2 :  0.005 0.005 0.010 0.003 0.007 0.003 0.922 0.005 0.038 
 95 NS_SS0731    (6)    2 :  0.021 0.201 0.057 0.010 0.045 0.022 0.333 0.228 0.082 
 96 NS_SS0727    (7)    2 :  0.025 0.040 0.124 0.474 0.019 0.002 0.086 0.161 0.068 
 97 NS_SS0779   (13)    2 :  0.138 0.610 0.069 0.021 0.023 0.005 0.039 0.018 0.077 
 98 NS_SS0776    (3)    2 :  0.014 0.404 0.026 0.180 0.123 0.009 0.195 0.006 0.042 
 99 NS_SS0775    (5)    2 :  0.027 0.008 0.019 0.009 0.031 0.007 0.869 0.011 0.020 
100 NS_SS0965    (3)    3 :  0.063 0.776 0.061 0.015 0.022 0.002 0.037 0.013 0.011 
101 NS_SS0754   (14)    3 :  0.038 0.600 0.063 0.037 0.017 0.011 0.181 0.040 0.014 
102 NS_SS0838    (5)    3 :  0.012 0.010 0.612 0.012 0.270 0.027 0.034 0.015 0.007 
103 NS_SS0839    (3)    3 :  0.033 0.004 0.696 0.006 0.055 0.003 0.127 0.005 0.072 
104 NS_SS0832    (4)    3 :  0.025 0.228 0.553 0.003 0.037 0.055 0.015 0.006 0.077 
105 NS_SS0820    (5)    3 :  0.292 0.054 0.034 0.004 0.041 0.007 0.557 0.004 0.007 
106 NS_SS0886    (9)    3 :  0.768 0.012 0.020 0.024 0.018 0.002 0.010 0.104 0.040 
107 NS_SS0748    (5)    3 :  0.022 0.349 0.024 0.128 0.037 0.008 0.392 0.024 0.017 
108 NS_SS0884    (9)    3 :  0.042 0.026 0.555 0.035 0.083 0.023 0.119 0.066 0.051 
109 NS_SS0752    (4)    3 :  0.397 0.049 0.351 0.037 0.114 0.002 0.013 0.021 0.016 
110 NS_SS0862    (1)    3 :  0.035 0.033 0.362 0.005 0.008 0.005 0.024 0.017 0.513 
111 NS_SS0787    (9)    3 :  0.016 0.027 0.014 0.050 0.015 0.006 0.011 0.854 0.008 
112 NS_SS0843    (6)    3 :  0.015 0.734 0.134 0.006 0.021 0.002 0.016 0.035 0.037 
113 NS_SS0856    (4)    3 :  0.270 0.016 0.088 0.007 0.047 0.003 0.023 0.136 0.412 
114 NS_SS0846    (2)    3 :  0.029 0.274 0.231 0.028 0.037 0.004 0.028 0.350 0.021 
115 NS_SS0825    (1)    3 :  0.075 0.016 0.014 0.014 0.762 0.010 0.008 0.079 0.020 
116 NS_SS0757    (3)    3 :  0.108 0.419 0.224 0.081 0.053 0.003 0.029 0.024 0.060 
117 NS_SS0876    (3)    3 :  0.094 0.008 0.014 0.033 0.082 0.236 0.011 0.033 0.490 
118 NS_SS0903   (10)    3 :  0.018 0.016 0.017 0.011 0.016 0.003 0.007 0.014 0.897 
119 NS_SS0875    (7)    3 :  0.621 0.010 0.017 0.028 0.064 0.004 0.086 0.114 0.056 
120 NS_SS0740    (5)    3 :  0.015 0.878 0.010 0.011 0.036 0.003 0.010 0.009 0.028 
121 NS_SS0811    (5)    3 :  0.004 0.010 0.013 0.005 0.008 0.008 0.926 0.006 0.020 
122 NS_SS0751    (1)    3 :  0.196 0.102 0.141 0.058 0.458 0.002 0.009 0.007 0.027 
123 NS_SS0891    (6)    3 :  0.023 0.008 0.019 0.012 0.418 0.006 0.419 0.040 0.054 
124 NS_SS0867    (2)    3 :  0.016 0.631 0.046 0.016 0.037 0.025 0.012 0.148 0.069 
125 NS_SS0890    (6)    3 :  0.568 0.170 0.026 0.033 0.016 0.004 0.083 0.021 0.078 
126 NS_SS0866   (12)    3 :  0.007 0.005 0.014 0.014 0.014 0.005 0.026 0.906 0.010 
127 NS_SS0755    (4)    3 :  0.011 0.030 0.128 0.022 0.034 0.009 0.709 0.035 0.023 
128 NS_SS0758    (4)    3 :  0.244 0.052 0.126 0.009 0.099 0.002 0.013 0.429 0.026 
129 NS_SS0840    (2)    3 :  0.013 0.009 0.657 0.012 0.276 0.002 0.015 0.006 0.010 
130 NS_SS0889    (4)    3 :  0.030 0.026 0.053 0.541 0.036 0.002 0.022 0.228 0.061 
131 NS_SS1010    (1)    3 :  0.063 0.089 0.140 0.039 0.048 0.055 0.439 0.079 0.049 
132 NS_SS0888    (5)    3 :  0.036 0.071 0.016 0.727 0.009 0.002 0.030 0.080 0.028 
133 NS_SS0837    (3)    3 :  0.014 0.902 0.019 0.015 0.006 0.003 0.011 0.011 0.020 
134 NS_SS0794   (10)    3 :  0.015 0.012 0.008 0.865 0.011 0.002 0.046 0.020 0.022 
135 NS_SS0823    (5)    3 :  0.035 0.053 0.167 0.008 0.241 0.004 0.036 0.040 0.416 
136 NS_SS0829    (7)    3 :  0.008 0.068 0.014 0.020 0.009 0.098 0.105 0.667 0.010 
137 NS_SS0844    (5)    3 :  0.069 0.162 0.012 0.006 0.012 0.002 0.621 0.015 0.101 
138 NS_SS1008    (6)    3 :  0.038 0.065 0.332 0.291 0.012 0.012 0.139 0.097 0.014 
139 NS_SS0881    (3)    3 :  0.488 0.066 0.125 0.204 0.064 0.003 0.016 0.011 0.025 
140 NS_SS0834    (6)    3 :  0.015 0.008 0.007 0.006 0.848 0.004 0.090 0.014 0.008 
141 NS_SS0744   (10)    3 :  0.176 0.010 0.737 0.021 0.011 0.007 0.008 0.015 0.016 
142 NS_SS0899    (7)    3 :  0.006 0.006 0.008 0.003 0.010 0.001 0.018 0.007 0.940 
143 NS_SS0804    (5)    3 :  0.014 0.019 0.065 0.004 0.042 0.005 0.023 0.017 0.811 
144 NS_SS0781   (10)    3 :  0.041 0.043 0.067 0.005 0.671 0.004 0.059 0.013 0.095 
145 NS_SS0822    (6)    3 :  0.010 0.020 0.037 0.800 0.026 0.002 0.018 0.021 0.065 
146 NS_SS1004    (4)    3 :  0.026 0.710 0.024 0.030 0.015 0.004 0.015 0.007 0.170 
147 NS_SS0746    (5)    3 :  0.015 0.786 0.038 0.059 0.016 0.011 0.049 0.016 0.010 
148 NS_SS0880    (3)    3 :  0.293 0.024 0.275 0.203 0.072 0.002 0.025 0.009 0.097 
149 NS_SS0879    (5)    3 :  0.040 0.021 0.039 0.039 0.043 0.018 0.607 0.060 0.133 
150 NS_SS0753    (2)    3 :  0.013 0.794 0.013 0.021 0.008 0.008 0.011 0.122 0.010 
151 NS_SS1007    (3)    3 :  0.899 0.005 0.037 0.011 0.009 0.002 0.010 0.014 0.012 
152 NS_SS0872    (5)    3 :  0.064 0.055 0.043 0.056 0.610 0.003 0.116 0.026 0.027 
153 NS_SS1005    (7)    3 :  0.068 0.319 0.087 0.013 0.220 0.001 0.050 0.071 0.171 
154 NS_SS0892    (6)    3 :  0.114 0.760 0.036 0.013 0.028 0.002 0.020 0.014 0.012 
155 NS_SS0898    (0)    3 :  0.009 0.009 0.006 0.901 0.012 0.006 0.017 0.015 0.024 
156 NS_SS0801    (9)    3 :  0.045 0.134 0.710 0.007 0.012 0.010 0.041 0.020 0.021 
157 NS_SS0827    (9)    3 :  0.032 0.041 0.021 0.027 0.004 0.133 0.142 0.535 0.065 
158 NS_SS0853    (7)    3 :  0.005 0.006 0.006 0.005 0.004 0.004 0.957 0.009 0.004 
159 NS_SS0780    (2)    3 :  0.032 0.116 0.678 0.006 0.133 0.004 0.012 0.008 0.012 
160 NS_SS0826   (10)    3 :  0.011 0.009 0.008 0.048 0.891 0.004 0.013 0.009 0.006 
161 NS_SS0818    (5)    3 :  0.329 0.033 0.293 0.011 0.012 0.001 0.005 0.005 0.309 
162 NS_SS0745    (1)    3 :  0.012 0.089 0.070 0.030 0.160 0.002 0.624 0.005 0.009 
163 NS_SS0849    (3)    3 :  0.735 0.088 0.031 0.051 0.027 0.002 0.022 0.007 0.037 
164 NS_SS0739    (3)    3 :  0.739 0.006 0.032 0.018 0.062 0.013 0.015 0.005 0.111 
165 NS_SS0799    (1)    3 :  0.110 0.079 0.136 0.134 0.006 0.001 0.033 0.150 0.351 
166 NS_SS0756    (3)    3 :  0.031 0.019 0.538 0.013 0.100 0.004 0.016 0.010 0.267 
167 NS_SS0802    (2)    3 :  0.417 0.012 0.341 0.004 0.018 0.166 0.003 0.033 0.005 
168 NS_SS0747    (6)    3 :  0.169 0.559 0.194 0.005 0.029 0.006 0.019 0.010 0.009 
169 NS_SS0835    (1)    3 :  0.029 0.014 0.006 0.008 0.013 0.001 0.004 0.920 0.005 
170 NS_SS0742   (19)    3 :  0.057 0.013 0.136 0.020 0.044 0.001 0.007 0.015 0.708 
171 NS_SS0760    (9)    3 :  0.071 0.016 0.075 0.509 0.008 0.053 0.015 0.247 0.006 
172 NS_SS0803    (4)    3 :  0.013 0.012 0.006 0.007 0.005 0.008 0.010 0.015 0.923 
173 NS_SS0828   (14)    3 :  0.457 0.411 0.010 0.015 0.016 0.002 0.045 0.012 0.033 
174 NS_SS0865    (2)    3 :  0.007 0.011 0.921 0.005 0.011 0.018 0.011 0.006 0.011 
175 NS_SS0759    (5)    3 :  0.570 0.246 0.048 0.016 0.018 0.006 0.070 0.012 0.014 
176 NS_SS0851    (5)    3 :  0.026 0.005 0.014 0.014 0.017 0.014 0.887 0.009 0.014 
177 NS_SS0874   (16)    3 :  0.013 0.031 0.528 0.004 0.026 0.001 0.262 0.059 0.075 
178 NS_SS0761    (6)    3 :  0.071 0.150 0.032 0.224 0.037 0.003 0.019 0.442 0.022 
179 NS_SS0842   (26)    3 :  0.035 0.011 0.044 0.067 0.032 0.008 0.753 0.020 0.030 
180 NS_SS0785    (6)    3 :  0.052 0.712 0.070 0.028 0.013 0.006 0.017 0.037 0.064 
181 NS_SS0860   (11)    3 :  0.046 0.015 0.402 0.008 0.007 0.003 0.005 0.499 0.015 
182 NS_SS0897    (7)    3 :  0.011 0.011 0.016 0.695 0.005 0.002 0.015 0.229 0.015 
183 NS_SS0841   (15)    3 :  0.008 0.004 0.878 0.025 0.010 0.002 0.059 0.006 0.008 
184 NS_SS0797    (7)    3 :  0.290 0.039 0.058 0.448 0.020 0.034 0.051 0.026 0.034 
185 NS_SS0830   (11)    3 :  0.221 0.064 0.087 0.335 0.076 0.002 0.053 0.041 0.122 
186 NS_SS1011    (5)    3 :  0.009 0.012 0.193 0.003 0.721 0.006 0.017 0.022 0.018 
187 NS_SS0883    (5)    3 :  0.046 0.008 0.885 0.012 0.004 0.006 0.006 0.018 0.015 
188 NS_SS0782    (2)    3 :  0.104 0.008 0.034 0.070 0.014 0.003 0.032 0.591 0.145 
189 NS_SS0831    (5)    3 :  0.014 0.018 0.018 0.020 0.009 0.004 0.023 0.841 0.053 
190 NS_SS0749    (7)    3 :  0.541 0.279 0.047 0.016 0.014 0.003 0.012 0.008 0.079 
191 NS_SS0854    (2)    3 :  0.035 0.023 0.071 0.044 0.039 0.003 0.013 0.015 0.757 
192 HI_SS0193    (0)    4 :  0.007 0.006 0.008 0.922 0.011 0.002 0.007 0.007 0.030 
193 HI_SS0194    (1)    4 :  0.008 0.013 0.014 0.011 0.930 0.002 0.010 0.005 0.008 
194 HI_SS0195   (10)    4 :  0.083 0.011 0.039 0.005 0.600 0.103 0.123 0.004 0.032 
195 HI_SS0196    (6)    4 :  0.110 0.028 0.147 0.359 0.130 0.004 0.152 0.031 0.038 
196 HI_SS0197    (3)    4 :  0.007 0.004 0.010 0.002 0.957 0.007 0.004 0.006 0.004 
197 HI_SS0198    (1)    4 :  0.736 0.017 0.105 0.022 0.014 0.011 0.034 0.026 0.035 
198 HI_SS0199    (1)    4 :  0.043 0.093 0.048 0.019 0.014 0.002 0.008 0.602 0.171 
199 HI_SS0201    (5)    4 :  0.114 0.356 0.095 0.296 0.026 0.002 0.008 0.087 0.017 
200 HI_SS0215    (1)    4 :  0.015 0.022 0.010 0.006 0.020 0.003 0.006 0.910 0.008 
201 HI_SS0218    (1)    4 :  0.011 0.007 0.010 0.916 0.005 0.007 0.010 0.025 0.010 
202 HI_SS0222    (0)    4 :  0.195 0.010 0.223 0.009 0.025 0.006 0.057 0.466 0.009 
203 HI_SS0230    (1)    4 :  0.017 0.459 0.465 0.008 0.011 0.005 0.017 0.012 0.006 
204 HI_SS0234    (2)    4 :  0.608 0.025 0.063 0.016 0.103 0.140 0.007 0.027 0.012 
205 HI_SS0240    (1)    4 :  0.735 0.019 0.121 0.014 0.004 0.007 0.021 0.009 0.070 
206 HI_SS0241    (0)    4 :  0.052 0.125 0.017 0.382 0.156 0.002 0.191 0.055 0.020 
207 HI_SS0242    (0)    4 :  0.479 0.091 0.034 0.065 0.018 0.002 0.055 0.038 0.219 
208 HI_SS0247    (0)    4 :  0.008 0.084 0.007 0.014 0.329 0.027 0.029 0.004 0.498 
209 HI_SS0248    (1)    4 :  0.008 0.021 0.090 0.681 0.007 0.001 0.007 0.177 0.008 
210 HI_SS0252    (2)    4 :  0.009 0.009 0.012 0.005 0.081 0.002 0.009 0.012 0.862 
211 HI_SS0254    (0)    4 :  0.101 0.524 0.009 0.203 0.019 0.092 0.005 0.015 0.032 
212 HI_SS0256    (0)    4 :  0.014 0.158 0.009 0.004 0.058 0.002 0.725 0.004 0.026 
213 HI_SS0257    (0)    4 :  0.034 0.495 0.020 0.025 0.022 0.003 0.008 0.375 0.017 
214 HI_SS0258    (1)    4 :  0.080 0.094 0.045 0.580 0.005 0.006 0.040 0.141 0.010 
215 HI_SS0259    (1)    4 :  0.231 0.021 0.096 0.012 0.548 0.004 0.031 0.018 0.040 
216 HI_SS0260    (1)    4 :  0.008 0.053 0.217 0.073 0.013 0.002 0.091 0.529 0.015 
217 HI_SS0261    (2)    4 :  0.041 0.821 0.042 0.025 0.022 0.003 0.012 0.026 0.007 
218 HI_SS0262    (0)    4 :  0.482 0.015 0.203 0.013 0.083 0.008 0.018 0.020 0.159 
219 HI_SS0264    (0)    4 :  0.025 0.477 0.305 0.005 0.014 0.004 0.152 0.009 0.009 
220 HI_SS0265    (0)    4 :  0.154 0.117 0.058 0.015 0.358 0.120 0.129 0.033 0.016 
221 HI_SS0268    (1)    4 :  0.820 0.008 0.037 0.016 0.011 0.003 0.088 0.008 0.009 
222 HI_SS0269    (0)    4 :  0.054 0.010 0.026 0.483 0.104 0.002 0.012 0.261 0.049 
223 HI_SS0273    (0)    4 :  0.016 0.037 0.034 0.817 0.028 0.002 0.019 0.039 0.009 
224 HI_SS0277    (1)    4 :  0.336 0.008 0.425 0.010 0.169 0.003 0.010 0.031 0.007 
225 HI_SS0280    (0)    4 :  0.016 0.024 0.224 0.097 0.023 0.006 0.026 0.031 0.553 
226 HI_SS0282    (1)    4 :  0.016 0.153 0.356 0.261 0.036 0.001 0.009 0.023 0.144 
227 HI_SS0286    (1)    4 :  0.363 0.083 0.043 0.015 0.026 0.010 0.044 0.398 0.019 
228 NS_SS1252    (3)    5 :  0.008 0.006 0.003 0.010 0.006 0.003 0.005 0.952 0.006 
229 NS_SS1261    (1)    5 :  0.078 0.014 0.017 0.016 0.730 0.017 0.016 0.060 0.052 
230 NS_SS1225   (10)    5 :  0.013 0.523 0.016 0.020 0.109 0.100 0.036 0.159 0.025 
231 NS_SS1266    (1)    5 :  0.012 0.146 0.149 0.007 0.156 0.009 0.473 0.004 0.045 
232 NS_SS1228    (0)    5 :  0.006 0.005 0.005 0.005 0.006 0.015 0.008 0.003 0.946 
233 NS_SS1255    (3)    5 :  0.018 0.005 0.039 0.083 0.022 0.001 0.018 0.195 0.619 
234 NS_SS1267    (3)    5 :  0.014 0.007 0.010 0.025 0.005 0.014 0.006 0.915 0.004 
235 NS_SS1238    (6)    5 :  0.020 0.019 0.016 0.609 0.287 0.002 0.006 0.009 0.031 
236 NS_SS1233    (8)    5 :  0.013 0.028 0.138 0.303 0.070 0.002 0.297 0.067 0.081 
237 NS_SS1277    (3)    5 :  0.027 0.009 0.005 0.911 0.005 0.001 0.005 0.013 0.023 
238 NS_SS1245    (1)    5 :  0.022 0.206 0.105 0.236 0.287 0.002 0.014 0.102 0.027 
239 NS_SS1240    (4)    5 :  0.016 0.040 0.030 0.032 0.014 0.002 0.006 0.848 0.012 
240 NS_SS1275    (2)    5 :  0.018 0.008 0.010 0.005 0.883 0.002 0.056 0.007 0.011 
241 NS_SS1235    (1)    5 :  0.037 0.056 0.046 0.030 0.756 0.005 0.027 0.004 0.037 
242 NS_SS1263    (1)    5 :  0.017 0.083 0.011 0.010 0.123 0.001 0.270 0.064 0.420 
243 NS_SS1251    (2)    5 :  0.046 0.243 0.046 0.009 0.063 0.002 0.021 0.319 0.250 
244 NS_SS1248    (0)    5 :  0.017 0.069 0.015 0.456 0.041 0.123 0.203 0.023 0.054 
245 NS_SS1244    (0)    5 :  0.263 0.013 0.032 0.238 0.423 0.005 0.006 0.009 0.011 
246 NS_SS1257    (1)    5 :  0.473 0.011 0.319 0.084 0.009 0.020 0.012 0.055 0.017 
247 NS_SS1242    (2)    5 :  0.017 0.008 0.892 0.010 0.016 0.002 0.039 0.004 0.012 
248 NS_SS1271    (6)    5 :  0.019 0.025 0.008 0.696 0.013 0.042 0.018 0.139 0.041 
249 NS_SS1265    (1)    5 :  0.041 0.088 0.013 0.078 0.038 0.024 0.144 0.561 0.013 
250 NS_SS1243    (0)    5 :  0.009 0.042 0.151 0.072 0.011 0.095 0.075 0.021 0.525 
251 NS_SS1273    (1)    5 :  0.025 0.009 0.037 0.027 0.011 0.011 0.864 0.008 0.009 
252 NS_SS1254   (14)    5 :  0.006 0.011 0.035 0.005 0.013 0.006 0.875 0.013 0.036 
253 NS_SS1224    (1)    5 :  0.012 0.192 0.023 0.004 0.015 0.007 0.014 0.016 0.718 
254 NS_SS1227    (8)    5 :  0.012 0.893 0.017 0.008 0.011 0.002 0.032 0.018 0.009 
255 NS_SS1274    (9)    5 :  0.191 0.117 0.431 0.031 0.020 0.016 0.100 0.046 0.048 
256 NS_SS1241    (1)    5 :  0.008 0.015 0.007 0.930 0.008 0.001 0.012 0.004 0.015 
257 NS_SS1256    (3)    5 :  0.012 0.067 0.047 0.134 0.571 0.044 0.080 0.036 0.008 
258 NS_SS1260    (8)    5 :  0.317 0.026 0.100 0.015 0.006 0.075 0.021 0.420 0.020 
259 NS_SS1262    (0)    5 :  0.050 0.214 0.050 0.146 0.075 0.161 0.240 0.041 0.025 
260 NS_SS1230    (0)    5 :  0.017 0.079 0.032 0.783 0.028 0.009 0.027 0.017 0.010 
261 NS_SS1270    (2)    5 :  0.016 0.456 0.011 0.011 0.441 0.002 0.008 0.009 0.046 
262 NS_SS1229    (2)    5 :  0.015 0.028 0.017 0.008 0.893 0.004 0.004 0.011 0.020 
263 NS_SS1246    (5)    5 :  0.051 0.006 0.005 0.007 0.693 0.002 0.004 0.222 0.010 
264 NS_SS1269    (0)    5 :  0.712 0.013 0.184 0.024 0.009 0.002 0.028 0.019 0.009 
265 NS_SS1239    (1)    5 :  0.016 0.021 0.013 0.011 0.010 0.004 0.005 0.009 0.911 
266 NS_SS1272    (5)    5 :  0.016 0.007 0.013 0.012 0.896 0.005 0.022 0.013 0.017 
267 NS_SS1268    (1)    5 :  0.021 0.038 0.072 0.037 0.013 0.002 0.010 0.006 0.802 
268 NS_SS1249    (1)    5 :  0.012 0.012 0.016 0.766 0.014 0.015 0.064 0.079 0.022 
269 HI_SS0559    (0)    6 :  0.013 0.776 0.088 0.053 0.006 0.002 0.022 0.008 0.031 
270 HI_SS0563    (1)    6 :  0.026 0.025 0.119 0.029 0.006 0.002 0.033 0.059 0.700 
271 HI_SS0564    (0)    6 :  0.024 0.007 0.879 0.008 0.018 0.035 0.007 0.006 0.016 
272 HI_SS0565    (0)    6 :  0.029 0.072 0.028 0.011 0.179 0.005 0.038 0.630 0.007 
273 HI_SS0569    (1)    6 :  0.006 0.837 0.010 0.022 0.009 0.003 0.006 0.100 0.007 
274 HI_SS0570    (0)    6 :  0.013 0.008 0.010 0.851 0.018 0.049 0.013 0.012 0.025 
275 HI_SS0572    (1)    6 :  0.055 0.148 0.077 0.010 0.239 0.003 0.041 0.016 0.412 
276 HI_SS0576    (1)    6 :  0.804 0.022 0.040 0.025 0.013 0.007 0.012 0.010 0.066 
277 HI_SS0579    (1)    6 :  0.005 0.908 0.037 0.011 0.005 0.008 0.003 0.005 0.017 
278 HI_SS0580    (1)    6 :  0.302 0.023 0.014 0.020 0.012 0.004 0.161 0.441 0.022 
279 HI_SS0581    (0)    6 :  0.023 0.017 0.038 0.006 0.821 0.060 0.011 0.004 0.020 
280 HI_SS0583    (1)    6 :  0.004 0.005 0.006 0.003 0.008 0.002 0.007 0.958 0.007 
281 HI_SS0586    (1)    6 :  0.033 0.138 0.026 0.132 0.008 0.001 0.030 0.626 0.005 
282 HI_SS0588    (1)    6 :  0.020 0.840 0.010 0.023 0.010 0.018 0.015 0.052 0.011 
283 HI_SS0595    (4)    6 :  0.582 0.027 0.020 0.270 0.025 0.030 0.012 0.025 0.010 
284 HI_SS0596    (0)    6 :  0.016 0.017 0.006 0.041 0.016 0.002 0.069 0.005 0.827 
285 HI_SS0597    (1)    6 :  0.011 0.013 0.030 0.011 0.884 0.002 0.010 0.018 0.020 
286 HI_SS0600    (0)    6 :  0.096 0.012 0.013 0.065 0.061 0.004 0.008 0.025 0.716 
287 HI_SS0601    (1)    6 :  0.015 0.836 0.007 0.006 0.013 0.008 0.015 0.015 0.085 
288 HI_SS0602    (1)    6 :  0.017 0.930 0.009 0.004 0.005 0.002 0.007 0.020 0.007 
289 HI_SS0604    (0)    6 :  0.025 0.170 0.268 0.013 0.101 0.002 0.028 0.330 0.063 
290 HI_SS0605    (1)    6 :  0.527 0.018 0.380 0.011 0.005 0.006 0.013 0.024 0.016 
291 HI_SS0608    (0)    6 :  0.042 0.030 0.007 0.115 0.018 0.001 0.064 0.009 0.715 
292 HI_SS0609    (0)    6 :  0.022 0.019 0.007 0.025 0.177 0.001 0.086 0.050 0.613 
293 HI_SS0611    (5)    6 :  0.013 0.022 0.038 0.066 0.004 0.003 0.065 0.689 0.101 
294 HI_SS0612    (0)    6 :  0.056 0.518 0.061 0.062 0.043 0.008 0.011 0.034 0.207 
295 HI_SS0613    (1)    6 :  0.092 0.106 0.541 0.014 0.010 0.001 0.166 0.054 0.016 
296 HI_SS0615    (1)    6 :  0.745 0.011 0.008 0.007 0.021 0.012 0.011 0.004 0.181 
297 HI_SS0001    (1)    6 :  0.082 0.013 0.020 0.142 0.362 0.005 0.151 0.198 0.027 
298 HI_SS0002    (1)    6 :  0.044 0.400 0.060 0.006 0.250 0.029 0.134 0.041 0.036 
299 HI_SS0004    (0)    6 :  0.054 0.033 0.176 0.172 0.041 0.006 0.413 0.091 0.014 
300 HI_SS0005    (1)    6 :  0.434 0.035 0.441 0.038 0.016 0.006 0.014 0.007 0.009 
301 HI_SS0006    (1)    6 :  0.016 0.024 0.005 0.013 0.060 0.002 0.008 0.857 0.015 
302 HI_SS0007    (1)    6 :  0.011 0.013 0.012 0.894 0.007 0.002 0.023 0.012 0.027 
303 HI_SS0008    (0)    6 :  0.023 0.905 0.007 0.011 0.010 0.022 0.007 0.005 0.011 
304 HI_SS0009    (0)    6 :  0.083 0.043 0.040 0.020 0.004 0.006 0.295 0.011 0.498 
305 HI_SS0010    (1)    6 :  0.021 0.087 0.061 0.667 0.010 0.004 0.043 0.022 0.085 
306 HI_SS0011    (1)    6 :  0.010 0.135 0.186 0.031 0.491 0.072 0.052 0.008 0.016 
307 HI_SS0012    (0)    6 :  0.684 0.021 0.128 0.007 0.014 0.006 0.011 0.023 0.107 
308 HI_SS0017    (1)    6 :  0.006 0.008 0.019 0.121 0.329 0.002 0.492 0.004 0.019 
309 HI_SS0021    (1)    6 :  0.074 0.042 0.020 0.148 0.069 0.244 0.219 0.178 0.005 
310 HI_SS0024    (1)    6 :  0.046 0.009 0.034 0.101 0.410 0.002 0.341 0.015 0.042 
311 HI_SS0025    (1)    6 :  0.024 0.011 0.007 0.006 0.007 0.003 0.896 0.027 0.020 
312 HI_SS0027    (0)    6 :  0.017 0.288 0.115 0.389 0.003 0.016 0.011 0.040 0.123 
313 HI_SS0028    (0)    6 :  0.230 0.045 0.032 0.004 0.024 0.002 0.643 0.015 0.005 
314 HI_SS0029    (1)    6 :  0.165 0.021 0.106 0.033 0.058 0.008 0.404 0.197 0.008 
315 HI_SS0030    (2)    6 :  0.016 0.420 0.242 0.042 0.074 0.005 0.012 0.106 0.082 
316 HI_SS0031    (0)    6 :  0.205 0.726 0.012 0.006 0.008 0.003 0.028 0.004 0.007 
317 HI_SS0034    (0)    6 :  0.072 0.384 0.218 0.235 0.008 0.006 0.008 0.060 0.009 
318 HI_SS0036    (0)    6 :  0.646 0.014 0.020 0.231 0.048 0.009 0.010 0.019 0.003 
319 HI_SS0037    (1)    6 :  0.036 0.012 0.072 0.095 0.014 0.004 0.725 0.033 0.009 
320 HI_SS0039    (0)    6 :  0.008 0.564 0.097 0.222 0.012 0.003 0.058 0.029 0.007 
321 HI_SS0041    (1)    6 :  0.078 0.009 0.049 0.006 0.119 0.002 0.651 0.020 0.065 
322 HI_SS0042    (1)    6 :  0.592 0.005 0.017 0.008 0.172 0.110 0.064 0.007 0.023 
323 HI_SS0043    (1)    6 :  0.307 0.017 0.017 0.498 0.061 0.004 0.011 0.077 0.007 
324 HI_SS0044    (1)    6 :  0.050 0.009 0.018 0.601 0.039 0.003 0.254 0.017 0.009 
325 HI_SS0047    (1)    6 :  0.009 0.266 0.439 0.011 0.245 0.003 0.006 0.012 0.009 
326 HI_SS0049    (1)    6 :  0.009 0.335 0.014 0.028 0.047 0.004 0.478 0.007 0.079 
327 HI_SS0051    (1)    6 :  0.358 0.044 0.437 0.020 0.013 0.002 0.076 0.026 0.024 
328 HI_SS0053    (1)    6 :  0.019 0.579 0.085 0.048 0.204 0.004 0.008 0.045 0.007 
329 HI_SS0054    (4)    6 :  0.006 0.823 0.008 0.119 0.012 0.003 0.006 0.015 0.008 
330 HI_SS0057    (0)    6 :  0.040 0.036 0.091 0.132 0.396 0.004 0.032 0.019 0.251 
331 HI_SS0058    (0)    6 :  0.041 0.026 0.083 0.019 0.045 0.008 0.397 0.351 0.030 
332 HI_SS0060    (0)    6 :  0.445 0.222 0.031 0.175 0.010 0.079 0.006 0.006 0.026 
333 HI_SS0087    (1)    6 :  0.029 0.178 0.053 0.014 0.073 0.004 0.024 0.591 0.034 
334 HI_SS0091    (1)    6 :  0.014 0.012 0.014 0.016 0.054 0.001 0.010 0.851 0.028 
335 HI_SS0095    (1)    6 :  0.098 0.734 0.021 0.006 0.026 0.042 0.019 0.018 0.037 
336 HI_SS0097    (3)    6 :  0.013 0.242 0.625 0.013 0.017 0.005 0.019 0.011 0.054 
337 HI_SS0099    (1)    6 :  0.062 0.031 0.011 0.014 0.053 0.005 0.655 0.138 0.030 
338 HI_SS0103    (0)    6 :  0.032 0.030 0.805 0.016 0.052 0.003 0.011 0.029 0.022 
339 HI_SS0105    (1)    6 :  0.013 0.022 0.703 0.010 0.058 0.023 0.007 0.008 0.157 
340 HI_SS0107    (1)    6 :  0.009 0.012 0.032 0.009 0.757 0.001 0.095 0.010 0.075 
341 HI_SS0108    (1)    6 :  0.020 0.026 0.032 0.728 0.009 0.028 0.004 0.137 0.017 
342 HI_SS0110    (0)    6 :  0.270 0.030 0.018 0.013 0.607 0.001 0.035 0.020 0.007 
343 HI_SS0111    (1)    6 :  0.674 0.022 0.033 0.013 0.119 0.029 0.049 0.027 0.034 
344 HI_SS0112    (0)    6 :  0.014 0.008 0.007 0.937 0.005 0.002 0.007 0.005 0.016 
345 HI_SS0113    (1)    6 :  0.010 0.014 0.017 0.005 0.860 0.003 0.041 0.008 0.041 
346 HI_SS0114    (1)    6 :  0.062 0.190 0.091 0.054 0.005 0.005 0.025 0.552 0.016 
347 HI_SS0115    (1)    6 :  0.091 0.202 0.280 0.026 0.004 0.013 0.347 0.017 0.021 
348 HI_SS0116    (4)    6 :  0.009 0.010 0.007 0.012 0.010 0.003 0.009 0.891 0.048 
349 HI_SS0117    (0)    6 :  0.182 0.056 0.013 0.081 0.604 0.002 0.012 0.045 0.005 
350 HI_SS0118    (0)    6 :  0.007 0.006 0.016 0.010 0.025 0.009 0.021 0.899 0.006 
351 HI_SS0119    (1)    6 :  0.185 0.035 0.315 0.044 0.034 0.002 0.006 0.128 0.251 
352 HI_SS0120    (1)    6 :  0.012 0.006 0.005 0.004 0.932 0.003 0.024 0.005 0.006 
353 HI_SS0121    (0)    6 :  0.016 0.015 0.007 0.004 0.799 0.002 0.133 0.014 0.010 
354 HI_SS0122    (2)    6 :  0.026 0.008 0.013 0.049 0.554 0.019 0.289 0.018 0.023 
355 HI_SS0123    (0)    6 :  0.015 0.021 0.664 0.006 0.175 0.005 0.005 0.088 0.021 
356 HI_SS0124    (1)    6 :  0.021 0.021 0.010 0.012 0.036 0.002 0.255 0.006 0.635 
357 HI_SS0125    (1)    6 :  0.810 0.052 0.019 0.006 0.015 0.037 0.018 0.004 0.040 
358 HI_SS0126    (0)    6 :  0.006 0.010 0.007 0.924 0.009 0.001 0.018 0.017 0.008 
359 HI_SS0127    (0)    6 :  0.023 0.834 0.054 0.019 0.004 0.008 0.040 0.008 0.010 
360 HI_SS0128    (0)    6 :  0.039 0.536 0.028 0.128 0.084 0.004 0.085 0.031 0.066 
361 HI_SS0129    (1)    6 :  0.763 0.013 0.035 0.065 0.081 0.008 0.016 0.011 0.007 
362 HI_SS0131    (2)    6 :  0.009 0.005 0.009 0.846 0.010 0.038 0.060 0.008 0.014 
363 HI_SS0132    (0)    6 :  0.054 0.019 0.026 0.373 0.118 0.001 0.068 0.021 0.320 
364 HI_SS0133    (1)    6 :  0.003 0.003 0.003 0.966 0.003 0.001 0.003 0.012 0.006 
365 HI_SS0134    (1)    6 :  0.010 0.013 0.861 0.044 0.018 0.002 0.012 0.033 0.007 
366 HI_SS0142    (3)    6 :  0.008 0.834 0.070 0.004 0.017 0.015 0.016 0.019 0.017 
367 HI_SS0145    (0)    6 :  0.019 0.872 0.036 0.029 0.007 0.002 0.010 0.018 0.008 
368 HI_SS0146    (1)    6 :  0.019 0.008 0.009 0.842 0.005 0.001 0.009 0.029 0.078 
369 HI_SS0147    (1)    6 :  0.094 0.148 0.045 0.007 0.061 0.027 0.175 0.051 0.393 
370 HI_SS0149    (1)    6 :  0.011 0.020 0.048 0.055 0.841 0.004 0.012 0.003 0.005 
371 HI_SS0150    (2)    6 :  0.329 0.012 0.036 0.017 0.046 0.007 0.512 0.020 0.022 
372 HI_SS0151    (0)    6 :  0.486 0.044 0.025 0.053 0.009 0.013 0.013 0.039 0.318 
373 NS_SS1451    (1)    6 :  0.065 0.016 0.082 0.021 0.016 0.003 0.030 0.004 0.764 
374 NS_SS1404    (0)    6 :  0.059 0.018 0.092 0.026 0.060 0.013 0.602 0.010 0.121 
375 NS_SS1432    (2)    6 :  0.589 0.007 0.019 0.005 0.139 0.040 0.185 0.006 0.012 
376 NS_SS1405    (5)    6 :  0.111 0.011 0.417 0.067 0.005 0.003 0.317 0.057 0.012 
377 NS_SS1431   (10)    6 :  0.013 0.012 0.010 0.006 0.920 0.001 0.018 0.008 0.012 
378 NS_SS1402    (3)    6 :  0.530 0.014 0.087 0.010 0.172 0.002 0.100 0.072 0.013 
379 NS_SS1450    (3)    6 :  0.031 0.036 0.842 0.033 0.018 0.004 0.012 0.017 0.005 
380 NS_SS1396    (0)    6 :  0.028 0.014 0.588 0.024 0.261 0.005 0.025 0.020 0.035 
381 NS_SS1393    (5)    6 :  0.020 0.008 0.012 0.003 0.009 0.004 0.011 0.929 0.005 
382 NS_SS1392   (10)    6 :  0.282 0.011 0.035 0.016 0.017 0.013 0.024 0.008 0.593 
383 NS_SS1445    (0)    6 :  0.008 0.925 0.010 0.005 0.011 0.007 0.010 0.022 0.003 
384 NS_SS1423    (0)    6 :  0.048 0.023 0.014 0.197 0.600 0.002 0.017 0.064 0.035 
385 NS_SS1421    (9)    6 :  0.278 0.012 0.018 0.402 0.168 0.089 0.013 0.013 0.007 
386 NS_SS1411    (6)    6 :  0.014 0.010 0.116 0.285 0.014 0.001 0.072 0.473 0.015 
387 NS_SS1453    (6)    6 :  0.132 0.021 0.047 0.035 0.594 0.005 0.019 0.139 0.007 
388 NS_SS1442    (3)    6 :  0.352 0.325 0.052 0.102 0.041 0.004 0.067 0.037 0.022 
389 NS_SS1422    (1)    6 :  0.024 0.092 0.033 0.033 0.017 0.012 0.021 0.058 0.710 
390 NS_SS1419    (1)    6 :  0.006 0.006 0.009 0.007 0.007 0.119 0.672 0.007 0.167 
391 NS_SS1427    (0)    6 :  0.032 0.015 0.008 0.817 0.007 0.002 0.013 0.058 0.050 
392 NS_SS1444    (4)    6 :  0.023 0.063 0.013 0.012 0.015 0.004 0.818 0.009 0.043 
393 NS_SS1455    (0)    6 :  0.007 0.009 0.011 0.008 0.338 0.002 0.015 0.024 0.587 
394 NS_SS1425    (2)    6 :  0.016 0.013 0.045 0.857 0.012 0.001 0.005 0.043 0.007 
395 NS_SS1400    (0)    6 :  0.005 0.024 0.045 0.433 0.016 0.002 0.032 0.429 0.014 
396 NS_SS1406    (2)    6 :  0.022 0.236 0.251 0.005 0.388 0.012 0.041 0.014 0.032 
397 NS_SS1417    (6)    6 :  0.015 0.009 0.010 0.036 0.015 0.007 0.833 0.062 0.013 
398 NS_SS1454    (3)    6 :  0.042 0.040 0.026 0.231 0.180 0.001 0.331 0.103 0.047 
399 NS_SS1412    (1)    6 :  0.049 0.068 0.055 0.228 0.293 0.031 0.201 0.054 0.021 
400 NS_SS1438    (1)    6 :  0.013 0.062 0.022 0.017 0.010 0.001 0.020 0.685 0.171 
401 NS_SS1416    (4)    6 :  0.008 0.005 0.911 0.003 0.005 0.005 0.009 0.042 0.013 
402 NS_SS1401    (0)    6 :  0.012 0.010 0.006 0.012 0.914 0.012 0.011 0.002 0.021 
403 NS_SS1424    (6)    6 :  0.047 0.106 0.337 0.263 0.044 0.013 0.013 0.065 0.111 
404 NS_SS1435   (10)    6 :  0.033 0.064 0.032 0.811 0.020 0.004 0.012 0.010 0.014 
405 NS_SS1447    (4)    6 :  0.024 0.166 0.025 0.017 0.038 0.008 0.668 0.021 0.033 
406 NS_SS1414    (3)    6 :  0.005 0.023 0.008 0.005 0.011 0.006 0.925 0.008 0.010 
407 NS_SS1449   (14)    6 :  0.005 0.005 0.005 0.007 0.010 0.004 0.004 0.003 0.957 
408 NS_SS1443    (4)    6 :  0.024 0.628 0.016 0.243 0.018 0.002 0.004 0.025 0.042 
409 NS_SS1434    (1)    6 :  0.022 0.011 0.011 0.654 0.121 0.001 0.010 0.025 0.143 
410 NS_SS1398    (1)    6 :  0.799 0.008 0.045 0.086 0.011 0.015 0.017 0.011 0.008 
411 NS_SS1426    (1)    6 :  0.015 0.851 0.007 0.018 0.013 0.002 0.007 0.079 0.007 
412 NS_SS1413    (0)    6 :  0.005 0.009 0.005 0.955 0.006 0.008 0.005 0.004 0.003 
413 NS_SS1395    (1)    6 :  0.007 0.688 0.212 0.009 0.017 0.008 0.006 0.048 0.005 
414 NS_SS1448   (10)    6 :  0.024 0.008 0.007 0.912 0.014 0.002 0.022 0.004 0.007 
415 NS_SS1446    (0)    6 :  0.050 0.030 0.054 0.040 0.069 0.003 0.299 0.308 0.146 
416 NS_SS1403    (2)    6 :  0.018 0.014 0.023 0.006 0.040 0.006 0.021 0.856 0.017 
417 NS_SS1415    (0)    6 :  0.007 0.011 0.007 0.933 0.007 0.010 0.006 0.008 0.012 
418 NS_SS1437    (4)    6 :  0.174 0.143 0.136 0.046 0.135 0.012 0.319 0.019 0.017 
419 NS_SS1439    (2)    6 :  0.048 0.745 0.054 0.004 0.016 0.003 0.021 0.097 0.012 
420 NS_SS1441    (3)    6 :  0.278 0.258 0.056 0.294 0.044 0.002 0.039 0.017 0.012 
421 NS_SS1420    (2)    6 :  0.011 0.007 0.006 0.005 0.003 0.003 0.085 0.005 0.874 
422 NS_SS1394    (2)    6 :  0.095 0.122 0.144 0.003 0.009 0.038 0.560 0.005 0.024 
423 NS_SS1391    (7)    6 :  0.078 0.610 0.017 0.056 0.134 0.009 0.015 0.074 0.007 
424 NS_SS1410    (5)    6 :  0.016 0.008 0.007 0.014 0.222 0.013 0.022 0.501 0.198 
425 NS_SS1408    (1)    6 :  0.029 0.009 0.888 0.008 0.013 0.039 0.004 0.005 0.006 
426 NS_SS1409    (1)    6 :  0.525 0.014 0.172 0.015 0.026 0.003 0.016 0.206 0.022 
427 HI_SS0617    (1)    7 :  0.340 0.011 0.376 0.007 0.048 0.001 0.068 0.098 0.051 
428 HI_SS0618    (2)    7 :  0.145 0.023 0.279 0.006 0.014 0.003 0.058 0.035 0.437 
429 HI_SS0619    (0)    7 :  0.028 0.020 0.022 0.153 0.060 0.004 0.655 0.041 0.017 
430 HI_SS0620    (1)    7 :  0.013 0.009 0.008 0.942 0.004 0.003 0.006 0.008 0.008 
431 HI_SS0621    (3)    7 :  0.390 0.022 0.020 0.014 0.045 0.013 0.406 0.014 0.077 
432 HI_SS0622    (1)    7 :  0.038 0.465 0.053 0.269 0.024 0.011 0.123 0.005 0.013 
433 HI_SS0626    (0)    7 :  0.188 0.015 0.032 0.009 0.016 0.008 0.714 0.012 0.006 
434 HI_SS0627    (0)    7 :  0.013 0.017 0.008 0.006 0.860 0.008 0.006 0.053 0.030 
