   NS_SS0963  1 0.0043 0.2374 0.0151 0.7268 0.0164 
   NS_SS0983  1 0.0044 0.1271 0.0050 0.0488 0.8146 
   NS_SS0719  1 0.0043 0.8198 0.0101 0.1456 0.0203 
   NS_SS1001  1 0.0063 0.0210 0.8440 0.0224 0.1064 
   NS_SS0936  1 0.0027 0.5899 0.1491 0.2234 0.0349 
   NS_SS0955  1 0.0044 0.2268 0.0888 0.1224 0.5577 
   NS_SS0944  1 0.0018 0.0179 0.0619 0.0383 0.8802 
   NS_SS0945  1 0.0105 0.0206 0.4439 0.0452 0.4797 
   NS_SS0922  1 0.0265 0.4741 0.2641 0.2233 0.0120 
   NS_SS0929  1 0.0028 0.3441 0.1123 0.2689 0.2718 
   NS_SS0956  1 0.0047 0.0485 0.8411 0.0906 0.0152 
   NS_SS0906  1 0.0030 0.5151 0.1045 0.3530 0.0243 
   NS_SS0721  1 0.0041 0.5875 0.0103 0.3820 0.0162 
   NS_SS0982  1 0.0145 0.2113 0.0910 0.6741 0.0090 
   NS_SS0923  1 0.0039 0.7609 0.1103 0.1106 0.0144 
   NS_SS0905  1 0.0015 0.5785 0.0214 0.3511 0.0476 
   NS_SS0925  1 0.0037 0.8558 0.0307 0.1042 0.0055 
   NS_SS0947  1 0.0041 0.0949 0.8138 0.0681 0.0190 
   NS_SS0926  1 0.0013 0.0096 0.0080 0.0280 0.9531 
   NS_SS0918  1 0.0027 0.0392 0.5954 0.2822 0.0805 
   NS_SS0966  1 0.0587 0.1125 0.3454 0.3825 0.1009 
   NS_SS0938  1 0.0017 0.0284 0.3313 0.5873 0.0512 
   NS_SS0917  1 0.0302 0.7315 0.0442 0.1783 0.0158 
   NS_SS0957  1 0.0067 0.1059 0.7137 0.1589 0.0149 
   NS_SS0987  1 0.2428 0.2738 0.3000 0.1123 0.0711 
   NS_SS0717  1 0.0031 0.0342 0.8936 0.0507 0.0183 
   NS_SS0986  1 0.0036 0.0764 0.2875 0.4847 0.1477 
   NS_SS0953  1 0.0160 0.1138 0.7887 0.0429 0.0387 
   NS_SS0907  1 0.0351 0.6305 0.0309 0.2827 0.0208 
   NS_SS0974  1 0.0042 0.3064 0.1242 0.1973 0.3678 
   NS_SS0989  1 0.0011 0.2446 0.0175 0.1888 0.5480 
   NS_SS0991  1 0.0019 0.1185 0.0216 0.0473 0.8107 
   NS_SS0994  1 0.0020 0.0315 0.0114 0.0102 0.9450 
   NS_SS0931  1 0.0099 0.0096 0.0065 0.0499 0.9241 
   NS_SS1000  1 0.0041 0.0501 0.9071 0.0270 0.0116 
   NS_SS0919  1 0.0024 0.8311 0.0042 0.1219 0.0404 
   NS_SS0949  1 0.0015 0.0449 0.0082 0.0137 0.9317 
   NS_SS0960  1 0.0067 0.6395 0.0187 0.1385 0.1967 
   NS_SS0716  1 0.0063 0.0071 0.9717 0.0085 0.0063 
   NS_SS0924  1 0.0180 0.4884 0.0401 0.1952 0.2584 
   NS_SS0935  1 0.0092 0.6565 0.0127 0.0156 0.3061 
   NS_SS0952  1 0.0406 0.4026 0.0997 0.0382 0.4189 
   NS_SS0962  1 0.0064 0.0515 0.0597 0.8733 0.0090 
   NS_SS0973  1 0.0032 0.9316 0.0106 0.0410 0.0135 
   NS_SS0722  1 0.0022 0.0652 0.9116 0.0152 0.0058 
   NS_SS0979  1 0.0020 0.0429 0.7146 0.2302 0.0103 
   NS_SS0993  1 0.0201 0.2286 0.3218 0.4076 0.0219 
   NS_SS0958  1 0.0033 0.0266 0.0839 0.0259 0.8603 
   NS_SS0988  1 0.0047 0.0412 0.0347 0.8735 0.0460 
   NS_SS1003  1 0.0081 0.0610 0.0165 0.9060 0.0083 
   NS_SS0976  1 0.0016 0.3535 0.0288 0.1438 0.4723 
   NS_SS0964  1 0.0026 0.0452 0.9339 0.0105 0.0078 
   NS_SS0939  1 0.0048 0.0185 0.9524 0.0174 0.0069 
   NS_SS0990  1 0.0031 0.0284 0.5515 0.3613 0.0557 
   NS_SS0984  1 0.0021 0.0864 0.7774 0.1261 0.0080 
   NS_SS0980  1 0.0018 0.9236 0.0186 0.0349 0.0212 
   NS_SS0978  1 0.0025 0.7666 0.0412 0.1759 0.0139 
   NS_SS0951  1 0.0035 0.0911 0.3376 0.0774 0.4904 
   NS_SS0913  1 0.0487 0.1562 0.5910 0.1827 0.0214 
   NS_SS1002  1 0.0363 0.0917 0.0630 0.7995 0.0096 
   NS_SS0948  1 0.0529 0.0284 0.1926 0.3866 0.3395 
   NS_SS0916  1 0.0039 0.4477 0.0623 0.4212 0.0649 
   NS_SS0995  1 0.0029 0.5067 0.0450 0.4381 0.0073 
   NS_SS0927  1 0.0044 0.4944 0.0205 0.4530 0.0277 
   NS_SS0992  1 0.0026 0.6153 0.0149 0.2972 0.0700 
   NS_SS0912  1 0.0026 0.1107 0.0363 0.3212 0.5292 
   NS_SS0981  1 0.0031 0.2439 0.0970 0.6299 0.0260 
   NS_SS0729  2 0.0040 0.2412 0.0088 0.0177 0.7284 
   NS_SS0967  2 0.0106 0.2827 0.0483 0.6099 0.0485 
   NS_SS0941  2 0.0753 0.5414 0.2896 0.0485 0.0451 
   NS_SS0768  2 0.0044 0.0975 0.7130 0.1600 0.0251 
   NS_SS0726  2 0.0082 0.5863 0.0163 0.1506 0.2386 
   NS_SS0763  2 0.0026 0.3444 0.1652 0.0209 0.4669 
   NS_SS0730  2 0.0035 0.0646 0.2885 0.6290 0.0144 
   NS_SS0774  2 0.0009 0.0372 0.9365 0.0192 0.0061 
   NS_SS0723  2 0.0015 0.7865 0.0182 0.1897 0.0041 
   NS_SS0940  2 0.0061 0.6127 0.0308 0.1307 0.2198 
   NS_SS0762  2 0.0027 0.0151 0.9682 0.0069 0.0071 
   NS_SS0766  2 0.0160 0.3057 0.2948 0.1742 0.2093 
   NS_SS0724  2 0.0047 0.0489 0.8880 0.0410 0.0175 
   NS_SS0769  2 0.0033 0.5575 0.1022 0.3258 0.0112 
   NS_SS0777  2 0.0120 0.2583 0.0373 0.3222 0.3702 
   NS_SS0734  2 0.0261 0.3523 0.0602 0.3155 0.2459 
   NS_SS0737  2 0.0054 0.0346 0.8423 0.1083 0.0094 
   NS_SS0732  2 0.0049 0.6419 0.0530 0.2886 0.0116 
   NS_SS0728  2 0.0088 0.7062 0.1226 0.1326 0.0298 
   NS_SS0735  2 0.0076 0.6984 0.1367 0.1190 0.0383 
   NS_SS0725  2 0.0076 0.0049 0.9598 0.0119 0.0157 
   NS_SS0788  2 0.0016 0.6157 0.0121 0.3591 0.0115 
   NS_SS0778  2 0.0018 0.4129 0.0229 0.4947 0.0677 
   NS_SS0792  2 0.0047 0.0833 0.0439 0.7745 0.0937 
   NS_SS0943  2 0.0084 0.0732 0.0168 0.0277 0.8739 
   NS_SS0791  2 0.0137 0.5845 0.0134 0.3404 0.0480 
   NS_SS0790  2 0.0035 0.0088 0.9762 0.0076 0.0039 
   NS_SS0731  2 0.0124 0.0123 0.9238 0.0357 0.0158 
   NS_SS0727  2 0.0019 0.0788 0.1775 0.0144 0.7274 
   NS_SS0779  2 0.0049 0.4572 0.1125 0.3777 0.0477 
   NS_SS0776  2 0.0086 0.1139 0.6641 0.1243 0.0891 
   NS_SS0775  2 0.0082 0.0384 0.9097 0.0275 0.0161 
   NS_SS0965  3 0.0016 0.4019 0.0186 0.5528 0.0251 
   NS_SS0754  3 0.0103 0.8495 0.0158 0.0599 0.0645 
   NS_SS0838  3 0.0411 0.3208 0.3121 0.2365 0.0894 
   NS_SS0839  3 0.0036 0.0216 0.9369 0.0298 0.0081 
   NS_SS0832  3 0.0450 0.1874 0.0720 0.6914 0.0043 
   NS_SS0820  3 0.0063 0.0632 0.2083 0.7182 0.0041 
   NS_SS0886  3 0.0017 0.4146 0.0160 0.2937 0.2739 
   NS_SS0748  3 0.0081 0.0693 0.1795 0.3200 0.4232 
   NS_SS0884  3 0.0210 0.5698 0.1784 0.1916 0.0391 
   NS_SS0752  3 0.0018 0.9376 0.0312 0.0191 0.0103 
   NS_SS0862  3 0.0041 0.6070 0.1696 0.2095 0.0098 
   NS_SS0787  3 0.0074 0.0742 0.0104 0.0228 0.8852 
   NS_SS0843  3 0.0019 0.6153 0.1125 0.2187 0.0516 
   NS_SS0856  3 0.0030 0.0735 0.2870 0.6204 0.0161 
   NS_SS0846  3 0.0022 0.4559 0.0184 0.4367 0.0868 
   NS_SS0825  3 0.0073 0.0222 0.0155 0.9212 0.0338 
   NS_SS0757  3 0.0036 0.6049 0.1100 0.2045 0.0770 
   NS_SS0876  3 0.2157 0.2963 0.2447 0.2327 0.0106 
   NS_SS0903  3 0.0023 0.8222 0.1113 0.0562 0.0079 
   NS_SS0875  3 0.0036 0.0790 0.2597 0.5405 0.1172 
   NS_SS0740  3 0.0024 0.9068 0.0390 0.0345 0.0174 
   NS_SS0811  3 0.0110 0.0130 0.8606 0.1026 0.0127 
   NS_SS0751  3 0.0023 0.2356 0.1101 0.5977 0.0543 
   NS_SS0891  3 0.0048 0.0131 0.9598 0.0105 0.0118 
   NS_SS0867  3 0.0226 0.5837 0.0070 0.2656 0.1211 
   NS_SS0890  3 0.0036 0.7267 0.0318 0.1281 0.1098 
   NS_SS0866  3 0.0051 0.0205 0.0349 0.0939 0.8455 
   NS_SS0755  3 0.0060 0.0810 0.6691 0.1026 0.1413 
   NS_SS0758  3 0.0020 0.3084 0.0673 0.5505 0.0718 
   NS_SS0840  3 0.0028 0.1271 0.6629 0.1956 0.0116 
   NS_SS0889  3 0.0024 0.0220 0.0362 0.0230 0.9163 
   NS_SS1010  3 0.0394 0.2284 0.2267 0.4847 0.0208 
   NS_SS0888  3 0.0016 0.5018 0.0111 0.0157 0.4699 
   NS_SS0837  3 0.0025 0.2662 0.2293 0.4475 0.0546 
   NS_SS0794  3 0.0022 0.0369 0.0828 0.0167 0.8614 
   NS_SS0823  3 0.0049 0.1299 0.5649 0.2808 0.0196 
   NS_SS0829  3 0.1314 0.0542 0.0169 0.0179 0.7797 
   NS_SS0844  3 0.0020 0.1021 0.7344 0.1545 0.0071 
   NS_SS1008  3 0.0152 0.1654 0.3015 0.0398 0.4781 
   NS_SS0881  3 0.0027 0.0878 0.0552 0.7409 0.1134 
   NS_SS0834  3 0.0055 0.0122 0.9237 0.0460 0.0126 
   NS_SS0744  3 0.0047 0.6915 0.0115 0.2769 0.0155 
   NS_SS0899  3 0.0013 0.0088 0.9739 0.0107 0.0052 
   NS_SS0804  3 0.0044 0.1698 0.4386 0.3794 0.0077 
   NS_SS0781  3 0.0036 0.1101 0.4746 0.4060 0.0057 
   NS_SS0822  3 0.0023 0.0653 0.0350 0.0270 0.8703 
   NS_SS1004  3 0.0029 0.3794 0.0687 0.5056 0.0434 
   NS_SS0746  3 0.0139 0.1311 0.3511 0.1959 0.3080 
   NS_SS0880  3 0.0015 0.2374 0.2371 0.3625 0.1616 
   NS_SS0879  3 0.0135 0.0192 0.8805 0.0597 0.0270 
   NS_SS0753  3 0.0081 0.7810 0.0069 0.0936 0.1103 
   NS_SS1007  3 0.0018 0.7251 0.0103 0.2515 0.0113 
   NS_SS0872  3 0.0016 0.0900 0.1850 0.7110 0.0123 
   NS_SS1005  3 0.0012 0.0853 0.6886 0.2029 0.0220 
   NS_SS0892  3 0.0018 0.5229 0.0896 0.3428 0.0429 
   NS_SS0898  3 0.0056 0.0091 0.0285 0.0457 0.9110 
   NS_SS0801  3 0.0086 0.5624 0.1483 0.2675 0.0132 
   NS_SS0827  3 0.1333 0.1541 0.2806 0.2445 0.1875 
   NS_SS0853  3 0.0056 0.0228 0.9089 0.0467 0.0159 
   NS_SS0780  3 0.0031 0.7299 0.0437 0.2155 0.0078 
   NS_SS0826  3 0.0032 0.0463 0.1091 0.4824 0.3591 
   NS_SS0818  3 0.0016 0.3324 0.1150 0.5391 0.0119 
   NS_SS0745  3 0.0014 0.0067 0.9565 0.0264 0.0090 
   NS_SS0849  3 0.0015 0.2649 0.0602 0.6300 0.0434 
   NS_SS0739  3 0.0108 0.2949 0.0227 0.6628 0.0087 
   NS_SS0799  3 0.0010 0.6504 0.0141 0.0338 0.3007 
   NS_SS0756  3 0.0031 0.0401 0.1322 0.8137 0.0108 
   NS_SS0802  3 0.1919 0.4435 0.0087 0.2933 0.0626 
   NS_SS0747  3 0.0042 0.9598 0.0085 0.0226 0.0049 
   NS_SS0835  3 0.0011 0.1326 0.0113 0.0692 0.7858 
   NS_SS0742  3 0.0011 0.1498 0.0242 0.8034 0.0216 
   NS_SS0760  3 0.0448 0.0165 0.0090 0.0170 0.9126 
   NS_SS0803  3 0.0085 0.3808 0.3866 0.2114 0.0127 
   NS_SS0828  3 0.0012 0.7155 0.0196 0.1345 0.1292 
   NS_SS0865  3 0.0213 0.1819 0.0452 0.7263 0.0254 
   NS_SS0759  3 0.0046 0.3259 0.0772 0.5830 0.0092 
   NS_SS0851  3 0.0112 0.0064 0.9624 0.0118 0.0082 
   NS_SS0874  3 0.0013 0.3269 0.6253 0.0328 0.0137 
   NS_SS0761  3 0.0031 0.2111 0.0296 0.1062 0.6500 
   NS_SS0842  3 0.0092 0.1050 0.5261 0.1745 0.1853 
   NS_SS0785  3 0.0050 0.7982 0.0221 0.0865 0.0881 
   NS_SS0860  3 0.0022 0.4402 0.0117 0.1485 0.3973 
   NS_SS0897  3 0.0017 0.0072 0.0093 0.0072 0.9746 
   NS_SS0841  3 0.0037 0.2198 0.3672 0.3609 0.0484 
   NS_SS0797  3 0.0300 0.0176 0.0186 0.1183 0.8155 
   NS_SS0830  3 0.0021 0.1998 0.1282 0.4642 0.2057 
   NS_SS1011  3 0.0054 0.1495 0.0481 0.7897 0.0072 
   NS_SS0883  3 0.0055 0.6581 0.0145 0.2867 0.0352 
   NS_SS0782  3 0.0026 0.0984 0.4664 0.1021 0.3305 
   NS_SS0831  3 0.0037 0.0914 0.0248 0.0184 0.8617 
   NS_SS0749  3 0.0028 0.9577 0.0066 0.0224 0.0105 
   NS_SS0854  3 0.0029 0.6077 0.1368 0.0744 0.1781 
   HI_SS0193  4 0.0018 0.0122 0.0289 0.0105 0.9465 
   HI_SS0194  4 0.0014 0.0259 0.9371 0.0172 0.0184 
   HI_SS0195  4 0.1191 0.0671 0.4761 0.3327 0.0049 
   HI_SS0196  4 0.0028 0.2799 0.4603 0.0874 0.1696 
   HI_SS0197  4 0.0096 0.0951 0.0182 0.8739 0.0032 
   HI_SS0198  4 0.0091 0.6541 0.0341 0.2495 0.0532 
   HI_SS0199  4 0.0023 0.7397 0.0094 0.1078 0.1409 
   HI_SS0201  4 0.0019 0.0407 0.0091 0.0262 0.9221 
   HI_SS0215  4 0.0031 0.4734 0.0093 0.3006 0.2137 
   HI_SS0218  4 0.0067 0.0148 0.0092 0.0062 0.9631 
   HI_SS0222  4 0.0046 0.3058 0.0915 0.4546 0.1435 
   HI_SS0230  4 0.0044 0.1905 0.0674 0.7280 0.0096 
   HI_SS0234  4 0.1481 0.3693 0.0886 0.3074 0.0866 
   HI_SS0240  4 0.0062 0.8122 0.0625 0.1099 0.0092 
   HI_SS0241  4 0.0021 0.1518 0.0315 0.1393 0.6752 
   HI_SS0242  4 0.0031 0.1218 0.3112 0.1639 0.3999 
   HI_SS0247  4 0.0238 0.0267 0.4393 0.4556 0.0546 
   HI_SS0248  4 0.0010 0.0148 0.0145 0.0066 0.9632 
   HI_SS0252  4 0.0020 0.0969 0.5839 0.2272 0.0900 
   HI_SS0254  4 0.0784 0.2607 0.0078 0.4380 0.2151 
   HI_SS0256  4 0.0016 0.1387 0.7687 0.0878 0.0032 
   HI_SS0257  4 0.0032 0.6963 0.0145 0.0985 0.1875 
   HI_SS0258  4 0.0054 0.1115 0.0227 0.0519 0.8084 
   HI_SS0259  4 0.0028 0.2657 0.3138 0.4047 0.0130 
   HI_SS0260  4 0.0016 0.5267 0.0770 0.0170 0.3777 
   HI_SS0261  4 0.0040 0.2588 0.0773 0.0812 0.5788 
   HI_SS0262  4 0.0063 0.1074 0.0781 0.7955 0.0128 
   HI_SS0264  4 0.0038 0.0388 0.8829 0.0603 0.0142 
   HI_SS0265  4 0.1001 0.1338 0.1276 0.6176 0.0209 
   HI_SS0268  4 0.0034 0.2668 0.2152 0.4335 0.0811 
   HI_SS0269  4 0.0018 0.0551 0.0073 0.0720 0.8637 
   HI_SS0273  4 0.0019 0.1216 0.0174 0.0703 0.7887 
   HI_SS0277  4 0.0020 0.0248 0.0049 0.9544 0.0139 
   HI_SS0280  4 0.0048 0.3770 0.1670 0.2878 0.1634 
   HI_SS0282  4 0.0012 0.4604 0.0210 0.0810 0.4364 
   HI_SS0286  4 0.0065 0.4637 0.0275 0.3954 0.1070 
   NS_SS1252  5 0.0039 0.0501 0.0062 0.0136 0.9263 
   NS_SS1261  5 0.0124 0.0282 0.0270 0.9153 0.0172 
   NS_SS1225  5 0.1016 0.4707 0.1280 0.1547 0.1449 
   NS_SS1266  5 0.0085 0.0398 0.8501 0.0959 0.0057 
   NS_SS1228  5 0.0139 0.0783 0.3183 0.5801 0.0094 
   NS_SS1255  5 0.0016 0.0157 0.8147 0.0371 0.1308 
   NS_SS1267  5 0.0146 0.1307 0.0048 0.0100 0.8399 
   NS_SS1238  5 0.0025 0.0394 0.0974 0.4336 0.4271 
   NS_SS1233  5 0.0022 0.0320 0.8526 0.0342 0.0791 
   NS_SS1277  5 0.0011 0.0076 0.0093 0.0086 0.9734 
   NS_SS1245  5 0.0019 0.0378 0.0960 0.0452 0.8191 
   NS_SS1240  5 0.0020 0.0512 0.0100 0.0176 0.9191 
   NS_SS1275  5 0.0026 0.0187 0.3493 0.6237 0.0057 
   NS_SS1235  5 0.0065 0.2642 0.5900 0.1089 0.0305 
   NS_SS1263  5 0.0011 0.0150 0.9563 0.0115 0.0161 
   NS_SS1251  5 0.0016 0.1045 0.5298 0.2650 0.0991 
   NS_SS1248  5 0.1126 0.0327 0.1195 0.3238 0.4114 
   NS_SS1244  5 0.0046 0.3277 0.0120 0.4283 0.2274 
   NS_SS1257  5 0.0323 0.2025 0.0147 0.0793 0.6711 
   NS_SS1242  5 0.0025 0.0147 0.9181 0.0564 0.0083 
   NS_SS1271  5 0.0302 0.0086 0.0073 0.0122 0.9418 
   NS_SS1265  5 0.0213 0.0628 0.1141 0.1071 0.6946 
   NS_SS1243  5 0.0937 0.0561 0.6870 0.0945 0.0687 
   NS_SS1273  5 0.0099 0.0137 0.8085 0.1549 0.0131 
   NS_SS1254  5 0.0064 0.0239 0.9317 0.0225 0.0155 
   NS_SS1224  5 0.0082 0.0664 0.8714 0.0429 0.0111 
   NS_SS1227  5 0.0020 0.6232 0.0665 0.1055 0.2028 
   NS_SS1274  5 0.0143 0.7353 0.0729 0.0933 0.0842 
   NS_SS1241  5 0.0010 0.0760 0.0496 0.0404 0.8329 
   NS_SS1256  5 0.0481 0.0408 0.3639 0.1498 0.3973 
   NS_SS1260  5 0.0529 0.7847 0.0123 0.0491 0.1010 
   NS_SS1262  5 0.1610 0.3051 0.0356 0.3829 0.1153 
   NS_SS1230  5 0.0087 0.1451 0.1048 0.1673 0.5741 
   NS_SS1270  5 0.0020 0.1992 0.0247 0.7597 0.0145 
   NS_SS1229  5 0.0033 0.4945 0.0121 0.4768 0.0133 
   NS_SS1246  5 0.0024 0.0610 0.0426 0.0390 0.8549 
   NS_SS1269  5 0.0021 0.4338 0.1900 0.3364 0.0377 
   NS_SS1239  5 0.0054 0.4585 0.0565 0.4278 0.0517 
   NS_SS1272  5 0.0060 0.0232 0.1779 0.7753 0.0176 
   NS_SS1268  5 0.0021 0.1764 0.5461 0.1782 0.0971 
   NS_SS1249  5 0.0130 0.0083 0.0157 0.0080 0.9550 
   HI_SS0559  6 0.0017 0.8579 0.0651 0.0149 0.0604 
   HI_SS0563  6 0.0030 0.1668 0.1820 0.3582 0.2900 
   HI_SS0564  6 0.0461 0.5265 0.0589 0.3514 0.0171 
   HI_SS0565  6 0.0031 0.3913 0.0439 0.4674 0.0943 
   HI_SS0569  6 0.0021 0.3215 0.0061 0.1114 0.5589 
   HI_SS0570  6 0.0410 0.0305 0.0415 0.0151 0.8719 
   HI_SS0572  6 0.0022 0.0967 0.8655 0.0226 0.0131 
   HI_SS0576  6 0.0057 0.3960 0.0173 0.5697 0.0112 
   HI_SS0579  6 0.0172 0.6945 0.0168 0.0339 0.2377 
   HI_SS0580  6 0.0054 0.2070 0.1146 0.0252 0.6478 
   HI_SS0581  6 0.0588 0.0557 0.1000 0.7752 0.0102 
   HI_SS0583  6 0.0023 0.0353 0.2071 0.0455 0.7098 
   HI_SS0586  6 0.0010 0.0264 0.0091 0.0107 0.9529 
   HI_SS0588  6 0.0222 0.4135 0.0419 0.0459 0.4765 
   HI_SS0595  6 0.0251 0.3681 0.0280 0.2495 0.3292 
   HI_SS0596  6 0.0017 0.0120 0.9658 0.0118 0.0087 
   HI_SS0597  6 0.0022 0.0276 0.4122 0.5330 0.0250 
   HI_SS0600  6 0.0029 0.0901 0.0095 0.7926 0.1050 
   HI_SS0601  6 0.0092 0.6528 0.0075 0.3014 0.0290 
   HI_SS0602  6 0.0021 0.9224 0.0233 0.0336 0.0187 
   HI_SS0604  6 0.0021 0.1619 0.5392 0.0701 0.2267 
   HI_SS0605  6 0.0066 0.6397 0.0370 0.2412 0.0754 
   HI_SS0608  6 0.0010 0.1328 0.6739 0.1185 0.0738 
   HI_SS0609  6 0.0007 0.0245 0.6976 0.2347 0.0424 
   HI_SS0611  6 0.0032 0.1643 0.0665 0.0662 0.6998 
   HI_SS0612  6 0.0063 0.6449 0.0224 0.2191 0.1073 
   HI_SS0613  6 0.0018 0.4219 0.2826 0.2490 0.0447 
   HI_SS0615  6 0.0093 0.4983 0.0308 0.4536 0.0080 
   HI_SS0001  6 0.0051 0.0463 0.0953 0.0835 0.7698 
   HI_SS0002  6 0.0248 0.0939 0.1153 0.7550 0.0109 
   HI_SS0004  6 0.0053 0.0408 0.5539 0.0290 0.3711 
   HI_SS0005  6 0.0062 0.3219 0.0133 0.6307 0.0279 
   HI_SS0006  6 0.0019 0.0849 0.0313 0.4344 0.4475 
   HI_SS0007  6 0.0021 0.0089 0.0112 0.0148 0.9630 
   HI_SS0008  6 0.0282 0.3200 0.0165 0.6103 0.0250 
   HI_SS0009  6 0.0053 0.1413 0.6793 0.1186 0.0555 
   HI_SS0010  6 0.0038 0.1132 0.0691 0.2508 0.5631 
   HI_SS0011  6 0.0844 0.0850 0.3948 0.3872 0.0486 
   HI_SS0012  6 0.0049 0.6484 0.0201 0.3204 0.0062 
   HI_SS0017  6 0.0016 0.0053 0.9733 0.0060 0.0138 
   HI_SS0021  6 0.2324 0.0051 0.0425 0.3188 0.4012 
   HI_SS0024  6 0.0021 0.0195 0.4340 0.4724 0.0719 
   HI_SS0025  6 0.0032 0.0094 0.9716 0.0079 0.0077 
   HI_SS0027  6 0.0133 0.5105 0.0099 0.0238 0.4425 
   HI_SS0028  6 0.0019 0.2154 0.2184 0.5594 0.0050 
   HI_SS0029  6 0.0078 0.1947 0.5512 0.2168 0.0295 
   HI_SS0030  6 0.0049 0.6415 0.0478 0.1018 0.2041 
   HI_SS0031  6 0.0029 0.8046 0.0076 0.1763 0.0086 
   HI_SS0034  6 0.0044 0.2168 0.0101 0.0118 0.7569 
   HI_SS0036  6 0.0140 0.0591 0.0086 0.0828 0.8355 
   HI_SS0037  6 0.0044 0.0702 0.3917 0.0631 0.4706 
   HI_SS0039  6 0.0026 0.1294 0.0351 0.4435 0.3893 
   HI_SS0041  6 0.0017 0.0103 0.9161 0.0629 0.0090 
   HI_SS0042  6 0.1187 0.1649 0.2371 0.4590 0.0202 
   HI_SS0043  6 0.0027 0.0615 0.0070 0.0347 0.8941 
   HI_SS0044  6 0.0027 0.0395 0.6235 0.0803 0.2541 
   HI_SS0047  6 0.0023 0.4324 0.0583 0.4800 0.0269 
   HI_SS0049  6 0.0037 0.0247 0.9141 0.0166 0.0408 
   HI_SS0051  6 0.0026 0.6012 0.0500 0.2769 0.0692 
   HI_SS0053  6 0.0045 0.2906 0.0075 0.0517 0.6457 
   HI_SS0054  6 0.0035 0.0158 0.0054 0.0103 0.9650 
   HI_SS0057  6 0.0028 0.1799 0.0977 0.6418 0.0777 
   HI_SS0058  6 0.0081 0.2801 0.5152 0.0584 0.1383 
   HI_SS0060  6 0.0665 0.1958 0.0100 0.6830 0.0447 
   HI_SS0087  6 0.0024 0.1963 0.0382 0.4181 0.3450 
   HI_SS0091  6 0.0016 0.2618 0.0133 0.2882 0.4352 
   HI_SS0095  6 0.0395 0.7560 0.0143 0.1789 0.0114 
   HI_SS0097  6 0.0031 0.7771 0.0091 0.1989 0.0118 
   HI_SS0099  6 0.0038 0.0122 0.9316 0.0404 0.0120 
   HI_SS0103  6 0.0026 0.3739 0.0979 0.5071 0.0185 
   HI_SS0105  6 0.0249 0.2928 0.0385 0.6309 0.0129 
   HI_SS0107  6 0.0011 0.0359 0.8644 0.0834 0.0152 
   HI_SS0108  6 0.0212 0.0173 0.0046 0.0086 0.9483 
   HI_SS0110  6 0.0010 0.4397 0.0116 0.5325 0.0152 
   HI_SS0111  6 0.0224 0.1423 0.0130 0.8100 0.0123 
   HI_SS0112  6 0.0014 0.0112 0.0038 0.0081 0.9755 
   HI_SS0113  6 0.0035 0.0169 0.8513 0.1148 0.0135 
   HI_SS0114  6 0.0054 0.4872 0.0143 0.2287 0.2644 
   HI_SS0115  6 0.0131 0.7424 0.2013 0.0137 0.0295 
   HI_SS0116  6 0.0035 0.0225 0.0975 0.0249 0.8516 
   HI_SS0117  6 0.0029 0.1722 0.0232 0.0888 0.7129 
   HI_SS0118  6 0.0122 0.0957 0.2637 0.2370 0.3914 
   HI_SS0119  6 0.0015 0.4853 0.0051 0.4202 0.0879 
   HI_SS0120  6 0.0033 0.0059 0.9522 0.0309 0.0078 
   HI_SS0121  6 0.0012 0.0180 0.0326 0.9435 0.0047 
   HI_SS0122  6 0.0163 0.0271 0.0658 0.8700 0.0208 
   HI_SS0123  6 0.0042 0.7212 0.0401 0.2090 0.0255 
   HI_SS0124  6 0.0030 0.0156 0.9433 0.0310 0.0071 
   HI_SS0125  6 0.0347 0.1438 0.0461 0.7680 0.0073 
   HI_SS0126  6 0.0009 0.0102 0.0264 0.0097 0.9529 
   HI_SS0127  6 0.0081 0.6670 0.0747 0.2039 0.0464 
   HI_SS0128  6 0.0030 0.2109 0.3700 0.2299 0.1861 
   HI_SS0129  6 0.0121 0.2177 0.0447 0.1174 0.6080 
   HI_SS0131  6 0.0376 0.0117 0.1802 0.1627 0.6078 
   HI_SS0132  6 0.0006 0.1036 0.0278 0.7402 0.1277 
   HI_SS0133  6 0.0011 0.0036 0.0029 0.0029 0.9895 
   HI_SS0134  6 0.0020 0.5306 0.0341 0.2979 0.1354 
   HI_SS0142  6 0.0125 0.5911 0.0136 0.3773 0.0055 
   HI_SS0145  6 0.0016 0.8701 0.0203 0.0442 0.0638 
   HI_SS0146  6 0.0014 0.0232 0.0217 0.0347 0.9190 
   HI_SS0147  6 0.0225 0.1584 0.3400 0.4707 0.0084 
   HI_SS0149  6 0.0031 0.1401 0.0100 0.8029 0.0439 
   HI_SS0150  6 0.0051 0.1392 0.3893 0.4398 0.0266 
   HI_SS0151  6 0.0110 0.7932 0.0127 0.0963 0.0868 
   NS_SS1451  6 0.0034 0.0734 0.7492 0.1671 0.0068 
   NS_SS1404  6 0.0117 0.0207 0.7662 0.1814 0.0201 
   NS_SS1432  6 0.0295 0.0307 0.1849 0.7500 0.0049 
   NS_SS1405  6 0.0034 0.0679 0.7439 0.0879 0.0970 
   NS_SS1431  6 0.0009 0.0660 0.6176 0.2989 0.0165 
   NS_SS1402  6 0.0027 0.5797 0.2142 0.1596 0.0439 
   NS_SS1450  6 0.0035 0.5639 0.0982 0.1106 0.2238 
   NS_SS1396  6 0.0055 0.1227 0.0438 0.8138 0.0142 
   NS_SS1393  6 0.0032 0.7641 0.0164 0.1894 0.0269 
   NS_SS1392  6 0.0232 0.0467 0.8156 0.0688 0.0456 
   NS_SS1445  6 0.0085 0.5055 0.0154 0.2561 0.2145 
   NS_SS1423  6 0.0016 0.3621 0.0221 0.2414 0.3729 
   NS_SS1421  6 0.1079 0.0515 0.0249 0.2746 0.5411 
   NS_SS1411  6 0.0017 0.0562 0.0261 0.0342 0.8817 
   NS_SS1453  6 0.0055 0.4398 0.0312 0.3041 0.2194 
   NS_SS1442  6 0.0044 0.2628 0.1188 0.4661 0.1479 
   NS_SS1422  6 0.0106 0.5498 0.0689 0.2728 0.0978 
   NS_SS1419  6 0.1620 0.0355 0.7448 0.0253 0.0324 
   NS_SS1427  6 0.0015 0.0091 0.0079 0.0112 0.9702 
   NS_SS1444  6 0.0037 0.0133 0.9145 0.0567 0.0118 
   NS_SS1455  6 0.0013 0.0150 0.8937 0.0744 0.0156 
   NS_SS1425  6 0.0013 0.0240 0.0042 0.0143 0.9562 
   NS_SS1400  6 0.0013 0.0072 0.0177 0.0079 0.9659 
   NS_SS1406  6 0.0084 0.3063 0.2368 0.4417 0.0069 
   NS_SS1417  6 0.0078 0.0437 0.5830 0.1988 0.1668 
   NS_SS1454  6 0.0014 0.0372 0.5032 0.1148 0.3434 
   NS_SS1412  6 0.0268 0.2347 0.2119 0.2504 0.2761 
   NS_SS1438  6 0.0016 0.0173 0.0186 0.0290 0.9334 
   NS_SS1416  6 0.0061 0.5259 0.0580 0.4014 0.0086 
   NS_SS1401  6 0.0119 0.1643 0.0991 0.7008 0.0239 
   NS_SS1424  6 0.0101 0.1593 0.0101 0.6366 0.1840 
   NS_SS1435  6 0.0024 0.1866 0.0281 0.4527 0.3303 
   NS_SS1447  6 0.0069 0.0169 0.8847 0.0659 0.0257 
   NS_SS1414  6 0.0064 0.0064 0.9737 0.0065 0.0070 
   NS_SS1449  6 0.0039 0.5785 0.0575 0.3314 0.0287 
   NS_SS1443  6 0.0019 0.6145 0.0052 0.0177 0.3607 
   NS_SS1434  6 0.0007 0.0282 0.2790 0.0430 0.6491 
   NS_SS1398  6 0.0170 0.3135 0.2398 0.3662 0.0635 
   NS_SS1426  6 0.0021 0.0551 0.0110 0.0258 0.9060 
   NS_SS1413  6 0.0116 0.0177 0.0185 0.0092 0.9430 
   NS_SS1395  6 0.0064 0.6621 0.0060 0.3032 0.0223 
   NS_SS1448  6 0.0019 0.0124 0.0845 0.0339 0.8673 
   NS_SS1446  6 0.0028 0.1559 0.1055 0.6339 0.1018 
   NS_SS1403  6 0.0065 0.4007 0.0276 0.5496 0.0157 
   NS_SS1415  6 0.0094 0.0182 0.0063 0.0178 0.9483 
   NS_SS1437  6 0.0087 0.1193 0.3195 0.5098 0.0427 
   NS_SS1439  6 0.0024 0.7043 0.0377 0.2470 0.0086 
   NS_SS1441  6 0.0022 0.5462 0.0649 0.0938 0.2930 
   NS_SS1420  6 0.0029 0.0139 0.9342 0.0409 0.0081 
   NS_SS1394  6 0.0417 0.2639 0.5610 0.1268 0.0066 
   NS_SS1391  6 0.0128 0.6126 0.1349 0.0755 0.1643 
   NS_SS1410  6 0.0112 0.0331 0.0624 0.7007 0.1927 
   NS_SS1408  6 0.0379 0.7737 0.0105 0.1590 0.0190 
   NS_SS1409  6 0.0021 0.7228 0.0223 0.2124 0.0404 
   HI_SS0617  7 0.0013 0.5776 0.1861 0.2014 0.0336 
   HI_SS0618  7 0.0024 0.7055 0.0842 0.1870 0.0208 
   HI_SS0619  7 0.0032 0.0287 0.8612 0.0297 0.0772 
   HI_SS0620  7 0.0030 0.0775 0.0086 0.0108 0.9000 
   HI_SS0621  7 0.0187 0.1779 0.6232 0.1596 0.0205 
   HI_SS0622  7 0.0114 0.2143 0.4839 0.1214 0.1690 
   HI_SS0626  7 0.0082 0.0899 0.4042 0.4608 0.0369 
   HI_SS0627  7 0.0063 0.0103 0.0469 0.9260 0.0104 
   HI_SS0628  7 0.0609 0.0423 0.0486 0.3235 0.5247 
   HI_SS0629  7 0.0053 0.1949 0.0487 0.6545 0.0966 
   HI_SS0630  7 0.0658 0.0644 0.0241 0.0456 0.8001 
   HI_SS0631  7 0.0008 0.0336 0.0181 0.0691 0.8784 
   HI_SS0632  7 0.0030 0.0457 0.1654 0.2455 0.5403 
   HI_SS0633  7 0.0033 0.0534 0.8968 0.0369 0.0096 
   HI_SS0634  7 0.0018 0.0939 0.0213 0.8669 0.0160 
   HI_SS0635  7 0.0101 0.2378 0.3454 0.3619 0.0447 
   HI_SS0637  7 0.0027 0.6134 0.0115 0.3657 0.0067 
   HI_SS0638  7 0.0013 0.0403 0.0443 0.1807 0.7335 
   HI_SS0639  7 0.0383 0.3807 0.0885 0.4858 0.0068 
   HI_SS0640  7 0.0019 0.6104 0.0251 0.1925 0.1702 
   HI_SS0641  7 0.0053 0.3054 0.1099 0.1578 0.4217 
   HI_SS0642  7 0.0021 0.2716 0.0113 0.7012 0.0138 
   HI_SS0645  7 0.0009 0.0222 0.8897 0.0688 0.0184 
   HI_SS0646  7 0.0024 0.7365 0.0375 0.1985 0.0251 
   HI_SS0647  7 0.0012 0.0146 0.4655 0.0220 0.4967 
   HI_SS0648  7 0.0026 0.6883 0.1622 0.1060 0.0410 
   HI_SS0649  7 0.0018 0.3744 0.1474 0.4578 0.0186 
   HI_SS0650  7 0.0033 0.7062 0.0566 0.2199 0.0141 
   HI_SS0651  7 0.0037 0.8608 0.0923 0.0262 0.0171 
   HI_SS0652  7 0.0037 0.0845 0.8427 0.0486 0.0205 
   NS_SS1371  7 0.0054 0.9319 0.0076 0.0369 0.0181 
   NS_SS1374  7 0.0022 0.1470 0.0445 0.2156 0.5907 
   NS_SS1337  7 0.0038 0.0225 0.2917 0.6381 0.0439 
   NS_SS1385  7 0.0049 0.4783 0.3459 0.1479 0.0230 
   NS_SS1388  7 0.0064 0.0079 0.9095 0.0172 0.0590 
   NS_SS1370  7 0.0075 0.0727 0.0116 0.8926 0.0156 
   NS_SS1389  7 0.0035 0.0059 0.9704 0.0100 0.0102 
   NS_SS1360  7 0.0037 0.6900 0.0125 0.0504 0.2435 
   NS_SS1330  7 0.0027 0.6942 0.1864 0.1094 0.0073 
   NS_SS1328  7 0.0021 0.0191 0.0186 0.0278 0.9324 
   NS_SS1384  7 0.0032 0.7782 0.0339 0.0598 0.1248 
   NS_SS1381  7 0.0010 0.0735 0.6763 0.2378 0.0115 
   NS_SS1375  7 0.0010 0.0963 0.7973 0.0735 0.0319 
   NS_SS1319  7 0.0871 0.4298 0.0425 0.4107 0.0299 
   NS_SS1326  7 0.0101 0.0057 0.0186 0.0105 0.9551 
   NS_SS1341  7 0.0043 0.0743 0.0159 0.8366 0.0689 
   NS_SS1383  7 0.0039 0.1404 0.0049 0.7728 0.0779 
   NS_SS1318  7 0.0168 0.0474 0.8158 0.0701 0.0499 
   NS_SS1348  7 0.0016 0.0143 0.0060 0.0155 0.9626 
   NS_SS1363  7 0.0044 0.1912 0.0906 0.6843 0.0295 
   NS_SS1335  7 0.0315 0.5368 0.0071 0.1649 0.2597 
   NS_SS1358  7 0.0108 0.6009 0.0092 0.2787 0.1004 
   NS_SS1342  7 0.0011 0.1930 0.0268 0.3464 0.4327 
   NS_SS1320  7 0.0063 0.0400 0.9097 0.0388 0.0052 
   NS_SS1355  7 0.0142 0.0988 0.6516 0.2226 0.0129 
   NS_SS1345  7 0.0217 0.1146 0.6802 0.0260 0.1574 
   NS_SS1324  7 0.0028 0.1812 0.0279 0.2769 0.5112 
   NS_SS1347  7 0.0032 0.8167 0.0098 0.1346 0.0358 
   NS_SS1321  7 0.0013 0.4316 0.0058 0.5130 0.0482 
   NS_SS1333  7 0.0031 0.0183 0.0205 0.6886 0.2694 
   NS_SS1364  7 0.0025 0.0280 0.0769 0.0138 0.8787 
   NS_SS1379  7 0.0681 0.4390 0.3388 0.1213 0.0329 
   NS_SS1332  7 0.0046 0.0091 0.0065 0.0141 0.9658 
   NS_SS1338  7 0.0070 0.5650 0.0345 0.2228 0.1707 
   NS_SS1368  7 0.0050 0.0147 0.0735 0.0746 0.8322 
   NS_SS1354  7 0.0119 0.1604 0.1680 0.6407 0.0189 
   NS_SS1365  7 0.0106 0.0551 0.6171 0.1829 0.1344 
   NS_SS1380  7 0.0170 0.0415 0.9280 0.0079 0.0057 
   NS_SS1329  7 0.0031 0.1633 0.0219 0.5919 0.2197 
   NS_SS1362  7 0.0037 0.7280 0.0490 0.1921 0.0271 
   NS_SS1327  7 0.0027 0.0072 0.0030 0.0074 0.9797 
   NS_SS1350  7 0.0080 0.8351 0.0182 0.1248 0.0138 
   NS_SS1387  7 0.0032 0.3859 0.3097 0.2728 0.0284 
   NS_SS1369  7 0.0036 0.0245 0.0367 0.0651 0.8701 
   NS_SS1331  7 0.0114 0.0405 0.4812 0.3207 0.1462 
   NS_SS1357  7 0.0030 0.4091 0.1488 0.2185 0.2206 
   NS_SS1386  7 0.0023 0.0086 0.0042 0.0108 0.9741 
   NS_SS1353  7 0.0035 0.0553 0.7160 0.1384 0.0868 
   NS_SS1323  7 0.0752 0.1980 0.2572 0.4613 0.0083 
   HI_SS0296  8 0.0020 0.1348 0.0963 0.0816 0.6852 
   HI_SS0297  8 0.0010 0.3160 0.0356 0.3060 0.3414 
   HI_SS0299  8 0.0333 0.2174 0.0421 0.1840 0.5232 
   HI_SS0300  8 0.0014 0.1257 0.0646 0.0582 0.7501 
   HI_SS0301  8 0.0033 0.1828 0.0180 0.7486 0.0473 
   HI_SS0302  8 0.0202 0.0154 0.0227 0.0183 0.9234 
   HI_SS0303  8 0.0071 0.0116 0.0166 0.0092 0.9556 
   HI_SS0304  8 0.0023 0.0609 0.7085 0.1862 0.0421 
   HI_SS0306  8 0.0036 0.0052 0.0057 0.0065 0.9791 
   HI_SS0307  8 0.0072 0.5795 0.1191 0.2864 0.0079 
   HI_SS0308  8 0.0754 0.6687 0.0228 0.2159 0.0171 
   HI_SS0309  8 0.0036 0.6884 0.2009 0.0965 0.0105 
   HI_SS0310  8 0.0077 0.0597 0.5620 0.0243 0.3463 
   HI_SS0311  8 0.0022 0.0439 0.1519 0.6417 0.1602 
   HI_SS0314  8 0.0014 0.1602 0.7687 0.0266 0.0431 
   HI_SS0316  8 0.0037 0.6680 0.0568 0.1376 0.1338 
   HI_SS0317  8 0.0017 0.0434 0.0087 0.9364 0.0098 
   HI_SS0318  8 0.1881 0.3895 0.0077 0.1835 0.2312 
   HI_SS0319  8 0.0049 0.0213 0.0050 0.0125 0.9564 
   HI_SS0320  8 0.0010 0.0192 0.1566 0.8170 0.0062 
   HI_SS0321  8 0.0014 0.6988 0.0038 0.2822 0.0139 
   HI_SS0323  8 0.0014 0.3544 0.0354 0.2339 0.3750 
   HI_SS0325  8 0.0017 0.0184 0.0418 0.0417 0.8963 
   HI_SS0327  8 0.0011 0.6582 0.0049 0.0636 0.2721 
   HI_SS0329  8 0.0013 0.0076 0.8803 0.0268 0.0840 
   HI_SS0333  8 0.0028 0.2969 0.1713 0.4089 0.1201 
   HI_SS0334  8 0.0010 0.9065 0.0151 0.0489 0.0285 
   HI_SS0335  8 0.0169 0.8405 0.0912 0.0436 0.0078 
   HI_SS0339  8 0.0135 0.3076 0.4901 0.1554 0.0333 
   HI_SS0343  8 0.0017 0.2416 0.3096 0.4321 0.0150 
   HI_SS0344  8 0.0026 0.0081 0.0044 0.0078 0.9772 
   HI_SS0345  8 0.0077 0.0337 0.7025 0.1775 0.0786 
   HI_SS0346  8 0.0031 0.0630 0.0201 0.7404 0.1733 
   HI_SS0350  8 0.0095 0.0235 0.9473 0.0145 0.0052 
   HI_SS0351  8 0.0038 0.5540 0.1654 0.2337 0.0432 
   HI_SS0352  8 0.1052 0.0600 0.4766 0.3276 0.0306 
   HI_SS0362  8 0.0027 0.1548 0.0138 0.4337 0.3949 
   HI_SS0363  8 0.0034 0.0607 0.0226 0.0350 0.8782 
   HI_SS0365  8 0.0049 0.6532 0.0503 0.0704 0.2212 
   HI_SS0366  8 0.0015 0.0497 0.0171 0.0210 0.9108 
   HI_SS0367  8 0.0021 0.0081 0.9529 0.0321 0.0048 
   HI_SS0369  8 0.0024 0.0491 0.6547 0.2810 0.0128 
   HI_SS0370  8 0.0024 0.8858 0.0125 0.0860 0.0133 
   HI_SS0371  8 0.0043 0.0089 0.0234 0.0125 0.9509 
   HI_SS0373  8 0.0108 0.1107 0.3487 0.3065 0.2233 
   HI_SS0374  8 0.0256 0.3051 0.3238 0.3339 0.0116 
   HI_SS0377  8 0.0907 0.1728 0.0195 0.1881 0.5288 
   HI_SS0379  8 0.0011 0.0087 0.0032 0.0056 0.9814 
   HI_SS0380  8 0.0069 0.1320 0.7335 0.1048 0.0228 
   HI_SS0381  8 0.0042 0.0263 0.0532 0.9033 0.0131 
   HI_SS0384  8 0.0085 0.0604 0.2085 0.1597 0.5630 
   HI_SS0385  8 0.0014 0.0127 0.3235 0.0266 0.6359 
   HI_SS0386  9 0.9942 0.0017 0.0014 0.0017 0.0010 
   HI_SS0387  9 0.9496 0.0143 0.0090 0.0143 0.0129 
   HI_SS0389  9 0.9855 0.0036 0.0038 0.0036 0.0035 
   HI_SS0390  9 0.9925 0.0020 0.0017 0.0019 0.0020 
   HI_SS0391  9 0.9895 0.0022 0.0029 0.0030 0.0024 
   HI_SS0392  9 0.9938 0.0016 0.0016 0.0017 0.0013 
   HI_SS0393  9 0.9932 0.0018 0.0015 0.0016 0.0019 
   HI_SS0394  9 0.9935 0.0014 0.0019 0.0014 0.0017 
   HI_SS0395  9 0.9843 0.0041 0.0040 0.0042 0.0034 
   HI_SS0396  9 0.9607 0.0083 0.0136 0.0117 0.0057 
   HI_SS0398  9 0.9764 0.0061 0.0050 0.0073 0.0053 
   HI_SS0399  9 0.9951 0.0012 0.0011 0.0013 0.0013 
   HI_SS0400  9 0.9910 0.0019 0.0025 0.0026 0.0019 
   HI_SS0401  9 0.9936 0.0016 0.0016 0.0016 0.0017 
   HI_SS0402  9 0.9945 0.0015 0.0012 0.0016 0.0012 
   HI_SS0403  9 0.9941 0.0016 0.0013 0.0017 0.0013 
   HI_SS0404  9 0.9950 0.0011 0.0013 0.0012 0.0014 
   HI_SS0405  9 0.9329 0.0202 0.0102 0.0249 0.0118 
   HI_SS0406  9 0.9905 0.0029 0.0019 0.0021 0.0026 
   HI_SS0407  9 0.9702 0.0064 0.0113 0.0066 0.0055 
   HI_SS0408  9 0.9948 0.0013 0.0012 0.0016 0.0011 
   HI_SS0409  9 0.9870 0.0034 0.0036 0.0031 0.0029 
   HI_SS0411  9 0.9884 0.0032 0.0027 0.0029 0.0027 
   HI_SS0412  9 0.7994 0.0925 0.0223 0.0603 0.0255 
   HI_SS0413  9 0.9910 0.0024 0.0020 0.0023 0.0023 
   HI_SS0414  9 0.9385 0.0187 0.0164 0.0177 0.0087 
   HI_SS0415  9 0.9920 0.0025 0.0013 0.0019 0.0023 
   HI_SS0416  9 0.9848 0.0042 0.0037 0.0042 0.0031 
   HI_SS0418  9 0.9808 0.0058 0.0035 0.0055 0.0044 
   HI_SS0419  9 0.9876 0.0028 0.0034 0.0038 0.0025 
   HI_SS0420  9 0.9918 0.0021 0.0016 0.0021 0.0025 
   HI_SS0421  9 0.9819 0.0056 0.0047 0.0048 0.0030 
   HI_SS0422  9 0.9942 0.0011 0.0018 0.0017 0.0011 
   HI_SS0423  9 0.9828 0.0047 0.0046 0.0038 0.0040 
   HI_SS0424  9 0.9930 0.0015 0.0019 0.0021 0.0015 
   HI_SS0425  9 0.9863 0.0033 0.0053 0.0031 0.0020 
   NS_SS1146 10 0.9906 0.0021 0.0016 0.0028 0.0029 
   NS_SS1157 10 0.9737 0.0081 0.0059 0.0069 0.0054 
   NS_SS1144 10 0.9297 0.0199 0.0130 0.0179 0.0195 
   NS_SS1074 10 0.9861 0.0027 0.0041 0.0031 0.0040 
   NS_SS1122 10 0.9807 0.0047 0.0048 0.0040 0.0057 
   NS_SS1136 10 0.9952 0.0010 0.0017 0.0011 0.0011 
   NS_SS1077 10 0.9970 0.0010 0.0006 0.0007 0.0007 
   NS_SS1134 10 0.9606 0.0096 0.0100 0.0103 0.0095 
   NS_SS1091 10 0.9915 0.0021 0.0026 0.0023 0.0015 
   NS_SS1089 10 0.9877 0.0031 0.0032 0.0028 0.0032 
   NS_SS1123 10 0.9934 0.0019 0.0018 0.0016 0.0014 
   NS_SS1158 10 0.9957 0.0011 0.0012 0.0009 0.0011 
   NS_SS1093 10 0.9915 0.0017 0.0019 0.0023 0.0025 
   NS_SS1102 10 0.9774 0.0063 0.0037 0.0080 0.0046 
   NS_SS1056 10 0.9923 0.0022 0.0018 0.0022 0.0015 
   NS_SS1126 10 0.9875 0.0033 0.0031 0.0030 0.0031 
   NS_SS1058 10 0.9836 0.0046 0.0037 0.0040 0.0042 
   NS_SS1084 10 0.9943 0.0015 0.0013 0.0015 0.0014 
   NS_SS1095 10 0.9738 0.0057 0.0048 0.0061 0.0097 
   NS_SS1079 10 0.9933 0.0014 0.0020 0.0016 0.0017 
   NS_SS1149 10 0.9902 0.0022 0.0024 0.0026 0.0025 
   NS_SS1121 10 0.9928 0.0018 0.0016 0.0021 0.0017 
   NS_SS1067 10 0.9778 0.0063 0.0065 0.0048 0.0045 
   NS_SS1081 10 0.9903 0.0027 0.0021 0.0023 0.0025 
   NS_SS1130 10 0.9867 0.0034 0.0032 0.0040 0.0026 
   NS_SS1073 10 0.9894 0.0031 0.0030 0.0028 0.0017 
   NS_SS1133 10 0.9676 0.0040 0.0188 0.0057 0.0039 
   NS_SS1129 10 0.9944 0.0014 0.0014 0.0013 0.0016 
   NS_SS1085 10 0.9917 0.0019 0.0020 0.0019 0.0024 
   NS_SS1137 10 0.9824 0.0045 0.0050 0.0042 0.0040 
   NS_SS1135 10 0.9949 0.0012 0.0014 0.0015 0.0010 
   NS_SS1082 10 0.9933 0.0014 0.0020 0.0017 0.0016 
   NS_SS1125 10 0.9948 0.0015 0.0013 0.0011 0.0013 
   NS_SS1124 10 0.9728 0.0087 0.0067 0.0075 0.0043 
   NS_SS1155 10 0.9677 0.0096 0.0064 0.0099 0.0064 
   NS_SS1145 10 0.9928 0.0020 0.0016 0.0019 0.0017 
