

----------------------------------------------------
STRUCTURE by Pritchard, Stephens and Donnelly (2000)
     and Falush, Stephens and Pritchard (2003)
       Code by Pritchard, Falush and Hubisz
             Version 2.3.4 (Jul 2012)
----------------------------------------------------



Command line arguments:   /home/genobiwan/Documents/Programs/Structure/structure -m parameter_job_k9_r1 
Input File:    /media/genobiwan/Storage/Projets/Mackerel_NWA_2021/data_job_k9_r1

Run parameters:
   629 individuals
   4140 loci
   9 populations assumed
   100000 Burn-in period
   200000 Reps


--------------------------------------------
Proportion of membership of each pre-defined
 population in each of the 9 clusters

Given    Inferred Clusters                                                 Number of
 Pop       1      2      3      4      5      6      7      8      9      Individuals

  1:     0.113  0.161  0.094  0.116  0.159  0.088  0.012  0.127  0.129       67
  2:     0.153  0.223  0.036  0.089  0.128  0.086  0.010  0.163  0.112       32
  3:     0.156  0.111  0.075  0.095  0.118  0.078  0.014  0.216  0.137       92
  4:     0.125  0.084  0.182  0.150  0.109  0.158  0.016  0.111  0.065       36
  5:     0.100  0.139  0.125  0.128  0.070  0.170  0.019  0.133  0.115       41
  6:     0.116  0.137  0.122  0.110  0.138  0.130  0.013  0.108  0.128      158
  7:     0.141  0.141  0.097  0.111  0.163  0.101  0.010  0.111  0.124       79
  8:     0.079  0.131  0.159  0.123  0.103  0.138  0.014  0.118  0.135       52
  9:     0.005  0.004  0.004  0.005  0.005  0.004  0.964  0.005  0.004       36
 10:     0.004  0.004  0.004  0.004  0.003  0.004  0.970  0.004  0.004       36
--------------------------------------------

Allele-freq. divergence among pops (Net nucleotide distance),
computed using point estimates of P.

      1       2       3       4       5       6       7       8       9      
 1      -    0.0004  0.0005  0.0004  0.0003  0.0004  0.0051  0.0003  0.0003  
 2   0.0004     -    0.0006  0.0004  0.0004  0.0005  0.0051  0.0003  0.0003  
 3   0.0005  0.0006     -    0.0006  0.0005  0.0005  0.0053  0.0005  0.0004  
 4   0.0004  0.0004  0.0006     -    0.0004  0.0005  0.0052  0.0004  0.0004  
 5   0.0003  0.0004  0.0005  0.0004     -    0.0004  0.0051  0.0003  0.0003  
 6   0.0004  0.0005  0.0005  0.0005  0.0004     -    0.0053  0.0004  0.0004  
 7   0.0051  0.0051  0.0053  0.0052  0.0051  0.0053     -    0.0050  0.0050  
 8   0.0003  0.0003  0.0005  0.0004  0.0003  0.0004  0.0050     -    0.0003  
 9   0.0003  0.0003  0.0004  0.0004  0.0003  0.0004  0.0050  0.0003     -    

Average distances (expected heterozygosity) between individuals in same cluster:
cluster  1  : 0.3185 
cluster  2  : 0.3177 
cluster  3  : 0.3177 
cluster  4  : 0.3181 
cluster  5  : 0.3186 
cluster  6  : 0.3183 
cluster  7  : 0.3052 
cluster  8  : 0.3182 
cluster  9  : 0.3187 

--------------------------------------------
Estimated Ln Prob of Data   = -2476412.2
Mean value of ln likelihood = -2462121.5
Variance of ln likelihood   = 28581.3
Mean value of alpha         = 0.0429

Mean value of Fst_1         = 0.0047
Mean value of Fst_2         = 0.0052
Mean value of Fst_3         = 0.0069
Mean value of Fst_4         = 0.0061
Mean value of Fst_5         = 0.0045
Mean value of Fst_6         = 0.0060
Mean value of Fst_7         = 0.0395
Mean value of Fst_8         = 0.0044
Mean value of Fst_9         = 0.0043


Inferred ancestry of individuals:
        Label (%Miss) Pop:  Inferred clusters
  1 NS_SS0963    (4)    1 :  0.026 0.007 0.005 0.036 0.012 0.008 0.005 0.842 0.059 
  2 NS_SS0983    (1)    1 :  0.007 0.002 0.004 0.004 0.011 0.957 0.003 0.005 0.007 
  3 NS_SS0719    (9)    1 :  0.247 0.011 0.017 0.015 0.025 0.013 0.005 0.017 0.649 
  4 NS_SS1001    (8)    1 :  0.012 0.587 0.174 0.055 0.026 0.012 0.006 0.097 0.030 
  5 NS_SS0936    (4)    1 :  0.011 0.019 0.009 0.900 0.014 0.009 0.003 0.022 0.012 
  6 NS_SS0955    (6)    1 :  0.146 0.120 0.047 0.030 0.225 0.033 0.003 0.380 0.015 
  7 NS_SS0944    (3)    1 :  0.015 0.017 0.704 0.014 0.012 0.015 0.001 0.166 0.055 
  8 NS_SS0945    (3)    1 :  0.011 0.056 0.850 0.038 0.006 0.012 0.008 0.011 0.008 
  9 NS_SS0922    (2)    1 :  0.482 0.042 0.004 0.029 0.010 0.033 0.027 0.111 0.263 
 10 NS_SS0929    (7)    1 :  0.053 0.036 0.030 0.173 0.059 0.489 0.003 0.078 0.080 
 11 NS_SS0956    (1)    1 :  0.335 0.499 0.016 0.014 0.011 0.016 0.005 0.020 0.085 
 12 NS_SS0906    (3)    1 :  0.057 0.067 0.010 0.014 0.413 0.021 0.003 0.203 0.211 
 13 NS_SS0721    (6)    1 :  0.063 0.012 0.009 0.041 0.083 0.058 0.005 0.070 0.658 
 14 NS_SS0982    (4)    1 :  0.044 0.322 0.010 0.064 0.420 0.023 0.018 0.045 0.052 
 15 NS_SS0923    (6)    1 :  0.038 0.303 0.010 0.040 0.033 0.012 0.005 0.098 0.461 
 16 NS_SS0905    (6)    1 :  0.033 0.016 0.010 0.012 0.783 0.061 0.002 0.014 0.068 
 17 NS_SS0925    (3)    1 :  0.022 0.041 0.004 0.163 0.713 0.023 0.003 0.009 0.021 
 18 NS_SS0947    (6)    1 :  0.061 0.324 0.063 0.079 0.030 0.037 0.005 0.378 0.024 
 19 NS_SS0926    (2)    1 :  0.017 0.021 0.320 0.123 0.013 0.460 0.001 0.010 0.034 
 20 NS_SS0918    (6)    1 :  0.014 0.119 0.063 0.081 0.031 0.147 0.002 0.205 0.338 
 21 NS_SS0966    (4)    1 :  0.143 0.097 0.089 0.044 0.099 0.048 0.072 0.386 0.023 
 22 NS_SS0938    (2)    1 :  0.008 0.070 0.006 0.865 0.005 0.022 0.002 0.011 0.011 
 23 NS_SS0917    (2)    1 :  0.829 0.069 0.009 0.010 0.016 0.007 0.036 0.014 0.010 
 24 NS_SS0957   (11)    1 :  0.040 0.822 0.009 0.059 0.015 0.003 0.006 0.038 0.009 
 25 NS_SS0987    (1)    1 :  0.006 0.116 0.003 0.008 0.101 0.016 0.226 0.008 0.516 
 26 NS_SS0717    (4)    1 :  0.015 0.813 0.006 0.007 0.042 0.026 0.003 0.064 0.024 
 27 NS_SS0986    (2)    1 :  0.012 0.029 0.106 0.046 0.012 0.064 0.003 0.637 0.092 
 28 NS_SS0953    (3)    1 :  0.006 0.042 0.020 0.011 0.010 0.011 0.016 0.878 0.006 
 29 NS_SS0907    (3)    1 :  0.019 0.022 0.011 0.026 0.374 0.038 0.032 0.227 0.251 
 30 NS_SS0974    (6)    1 :  0.051 0.035 0.521 0.017 0.064 0.041 0.005 0.218 0.048 
 31 NS_SS0989    (1)    1 :  0.010 0.007 0.012 0.375 0.034 0.541 0.001 0.009 0.010 
 32 NS_SS0991    (3)    1 :  0.008 0.016 0.379 0.008 0.146 0.160 0.002 0.068 0.213 
 33 NS_SS0994    (2)    1 :  0.006 0.004 0.068 0.030 0.017 0.864 0.002 0.004 0.006 
 34 NS_SS0931    (6)    1 :  0.010 0.007 0.088 0.094 0.675 0.068 0.009 0.021 0.028 
 35 NS_SS1000    (5)    1 :  0.011 0.600 0.075 0.207 0.019 0.008 0.004 0.060 0.016 
 36 NS_SS0919    (1)    1 :  0.011 0.006 0.021 0.016 0.028 0.033 0.003 0.212 0.669 
 37 NS_SS0949    (4)    1 :  0.019 0.012 0.711 0.054 0.133 0.024 0.002 0.031 0.014 
 38 NS_SS0960   (10)    1 :  0.218 0.008 0.103 0.014 0.423 0.021 0.007 0.156 0.049 
 39 NS_SS0716    (2)    1 :  0.003 0.940 0.012 0.005 0.009 0.005 0.006 0.004 0.018 
 40 NS_SS0924    (8)    1 :  0.036 0.041 0.008 0.011 0.640 0.168 0.018 0.016 0.062 
 41 NS_SS0935    (2)    1 :  0.020 0.006 0.026 0.024 0.164 0.073 0.007 0.007 0.673 
 42 NS_SS0952   (14)    1 :  0.022 0.022 0.351 0.006 0.458 0.011 0.031 0.086 0.012 
 43 NS_SS0962   (11)    1 :  0.014 0.224 0.011 0.212 0.048 0.052 0.008 0.092 0.338 
 44 NS_SS0973    (5)    1 :  0.028 0.003 0.008 0.013 0.111 0.004 0.003 0.811 0.018 
 45 NS_SS0722    (1)    1 :  0.010 0.911 0.003 0.031 0.008 0.005 0.002 0.020 0.011 
 46 NS_SS0979   (13)    1 :  0.012 0.791 0.009 0.026 0.025 0.020 0.002 0.012 0.103 
 47 NS_SS0993    (2)    1 :  0.007 0.029 0.005 0.018 0.883 0.007 0.013 0.013 0.025 
 48 NS_SS0958    (1)    1 :  0.010 0.067 0.800 0.009 0.062 0.023 0.002 0.013 0.013 
 49 NS_SS0988    (4)    1 :  0.019 0.030 0.009 0.047 0.465 0.047 0.005 0.342 0.035 
 50 NS_SS1003    (2)    1 :  0.898 0.009 0.003 0.032 0.014 0.006 0.008 0.019 0.010 
 51 NS_SS0976    (1)    1 :  0.011 0.022 0.106 0.223 0.155 0.418 0.002 0.011 0.053 
 52 NS_SS0964   (10)    1 :  0.030 0.660 0.006 0.009 0.016 0.009 0.003 0.026 0.240 
 53 NS_SS0939    (4)    1 :  0.006 0.835 0.010 0.048 0.051 0.003 0.004 0.004 0.040 
 54 NS_SS0990    (6)    1 :  0.023 0.011 0.007 0.898 0.016 0.012 0.002 0.014 0.017 
 55 NS_SS0984    (2)    1 :  0.007 0.382 0.003 0.483 0.007 0.035 0.003 0.017 0.063 
 56 NS_SS0980   (10)    1 :  0.009 0.010 0.007 0.021 0.047 0.026 0.002 0.825 0.053 
 57 NS_SS0978    (4)    1 :  0.871 0.024 0.018 0.010 0.037 0.006 0.002 0.024 0.009 
 58 NS_SS0951   (18)    1 :  0.036 0.131 0.142 0.006 0.552 0.024 0.003 0.057 0.049 
 59 NS_SS0913    (3)    1 :  0.047 0.038 0.010 0.033 0.140 0.010 0.035 0.032 0.655 
 60 NS_SS1002    (1)    1 :  0.010 0.009 0.005 0.817 0.052 0.010 0.042 0.049 0.006 
 61 NS_SS0948    (1)    1 :  0.009 0.021 0.030 0.653 0.092 0.063 0.052 0.032 0.047 
 62 NS_SS0916    (4)    1 :  0.881 0.008 0.008 0.012 0.015 0.064 0.004 0.004 0.005 
 63 NS_SS0995    (1)    1 :  0.440 0.011 0.004 0.033 0.380 0.056 0.003 0.028 0.045 
 64 NS_SS0927    (6)    1 :  0.831 0.012 0.014 0.007 0.030 0.076 0.004 0.009 0.015 
 65 NS_SS0992    (5)    1 :  0.130 0.010 0.025 0.012 0.699 0.008 0.003 0.092 0.022 
 66 NS_SS0912    (1)    1 :  0.008 0.011 0.069 0.067 0.016 0.192 0.003 0.011 0.624 
 67 NS_SS0981    (1)    1 :  0.035 0.105 0.012 0.210 0.320 0.038 0.004 0.037 0.239 
 68 NS_SS0729    (5)    2 :  0.013 0.004 0.010 0.010 0.013 0.926 0.004 0.013 0.005 
 69 NS_SS0967   (15)    2 :  0.019 0.012 0.011 0.023 0.008 0.008 0.008 0.898 0.011 
 70 NS_SS0941    (8)    2 :  0.034 0.103 0.025 0.471 0.098 0.039 0.101 0.086 0.044 
 71 NS_SS0768   (12)    2 :  0.033 0.314 0.085 0.217 0.028 0.017 0.005 0.220 0.081 
 72 NS_SS0726    (5)    2 :  0.238 0.016 0.011 0.170 0.465 0.042 0.009 0.038 0.011 
 73 NS_SS0763    (4)    2 :  0.032 0.288 0.017 0.008 0.023 0.504 0.002 0.094 0.032 
 74 NS_SS0730    (6)    2 :  0.044 0.335 0.043 0.018 0.025 0.024 0.003 0.394 0.115 
 75 NS_SS0774    (2)    2 :  0.023 0.807 0.006 0.025 0.011 0.010 0.001 0.105 0.012 
 76 NS_SS0723    (3)    2 :  0.042 0.019 0.007 0.104 0.143 0.021 0.002 0.540 0.123 
 77 NS_SS0940   (10)    2 :  0.072 0.036 0.072 0.205 0.412 0.028 0.006 0.026 0.144 
 78 NS_SS0762    (1)    2 :  0.175 0.516 0.012 0.019 0.012 0.015 0.003 0.230 0.018 
 79 NS_SS0766   (11)    2 :  0.141 0.197 0.037 0.049 0.028 0.087 0.016 0.027 0.418 
 80 NS_SS0724    (1)    2 :  0.016 0.366 0.016 0.052 0.095 0.079 0.005 0.233 0.138 
 81 NS_SS0769    (3)    2 :  0.169 0.024 0.008 0.064 0.419 0.168 0.004 0.055 0.089 
 82 NS_SS0777    (1)    2 :  0.020 0.077 0.033 0.029 0.301 0.118 0.011 0.006 0.405 
 83 NS_SS0734    (6)    2 :  0.067 0.008 0.051 0.007 0.011 0.018 0.024 0.014 0.799 
 84 NS_SS0737    (3)    2 :  0.430 0.283 0.015 0.190 0.010 0.004 0.006 0.032 0.030 
 85 NS_SS0732    (5)    2 :  0.016 0.008 0.006 0.005 0.931 0.005 0.004 0.012 0.013 
 86 NS_SS0728    (5)    2 :  0.086 0.084 0.047 0.528 0.010 0.100 0.013 0.036 0.096 
 87 NS_SS0735    (9)    2 :  0.030 0.030 0.024 0.013 0.038 0.031 0.008 0.778 0.049 
 88 NS_SS0725    (1)    2 :  0.022 0.592 0.099 0.124 0.006 0.038 0.010 0.099 0.011 
 89 NS_SS0788    (2)    2 :  0.327 0.016 0.012 0.032 0.031 0.013 0.001 0.327 0.241 
 90 NS_SS0778    (2)    2 :  0.853 0.006 0.008 0.037 0.009 0.007 0.002 0.059 0.018 
 91 NS_SS0792    (6)    2 :  0.834 0.013 0.009 0.049 0.009 0.041 0.005 0.018 0.022 
 92 NS_SS0943   (11)    2 :  0.010 0.009 0.333 0.005 0.042 0.006 0.006 0.567 0.023 
 93 NS_SS0791    (2)    2 :  0.786 0.012 0.009 0.009 0.118 0.007 0.012 0.009 0.038 
 94 NS_SS0790    (5)    2 :  0.007 0.761 0.004 0.008 0.010 0.005 0.004 0.150 0.051 
 95 NS_SS0731    (6)    2 :  0.008 0.586 0.008 0.068 0.007 0.097 0.012 0.022 0.193 
 96 NS_SS0727    (7)    2 :  0.199 0.369 0.090 0.031 0.023 0.203 0.002 0.063 0.021 
 97 NS_SS0779   (13)    2 :  0.126 0.193 0.014 0.025 0.329 0.079 0.006 0.039 0.190 
 98 NS_SS0776    (3)    2 :  0.022 0.252 0.022 0.215 0.421 0.015 0.007 0.017 0.029 
 99 NS_SS0775    (5)    2 :  0.009 0.813 0.005 0.025 0.005 0.005 0.007 0.018 0.113 
100 NS_SS0965    (3)    3 :  0.009 0.042 0.007 0.015 0.149 0.134 0.002 0.241 0.402 
101 NS_SS0754   (14)    3 :  0.713 0.069 0.020 0.007 0.039 0.054 0.010 0.014 0.073 
102 NS_SS0838    (5)    3 :  0.032 0.517 0.147 0.069 0.146 0.014 0.044 0.014 0.017 
103 NS_SS0839    (3)    3 :  0.012 0.063 0.005 0.773 0.012 0.009 0.005 0.102 0.018 
104 NS_SS0832    (4)    3 :  0.011 0.009 0.003 0.018 0.024 0.005 0.040 0.836 0.055 
105 NS_SS0820    (5)    3 :  0.654 0.232 0.005 0.017 0.012 0.005 0.008 0.012 0.055 
106 NS_SS0886    (9)    3 :  0.130 0.011 0.016 0.028 0.070 0.097 0.002 0.154 0.493 
107 NS_SS0748    (5)    3 :  0.013 0.683 0.036 0.011 0.024 0.131 0.008 0.064 0.029 
108 NS_SS0884    (9)    3 :  0.604 0.051 0.034 0.093 0.070 0.012 0.029 0.086 0.020 
109 NS_SS0752    (4)    3 :  0.016 0.034 0.071 0.231 0.266 0.014 0.003 0.038 0.328 
110 NS_SS0862    (1)    3 :  0.066 0.076 0.008 0.012 0.035 0.008 0.004 0.454 0.337 
111 NS_SS0787    (9)    3 :  0.019 0.004 0.911 0.014 0.010 0.017 0.005 0.012 0.008 
112 NS_SS0843    (6)    3 :  0.012 0.047 0.010 0.013 0.195 0.343 0.002 0.202 0.176 
113 NS_SS0856    (4)    3 :  0.848 0.047 0.013 0.018 0.010 0.015 0.004 0.033 0.014 
114 NS_SS0846    (2)    3 :  0.027 0.010 0.014 0.042 0.022 0.108 0.003 0.757 0.016 
115 NS_SS0825    (1)    3 :  0.022 0.006 0.026 0.517 0.006 0.109 0.010 0.045 0.260 
116 NS_SS0757    (3)    3 :  0.021 0.026 0.028 0.038 0.088 0.023 0.003 0.493 0.280 
117 NS_SS0876    (3)    3 :  0.515 0.013 0.040 0.007 0.029 0.010 0.217 0.141 0.029 
118 NS_SS0903   (10)    3 :  0.007 0.009 0.005 0.010 0.008 0.008 0.002 0.945 0.006 
119 NS_SS0875    (7)    3 :  0.148 0.212 0.023 0.014 0.011 0.191 0.003 0.012 0.386 
120 NS_SS0740    (5)    3 :  0.018 0.018 0.016 0.029 0.858 0.015 0.003 0.019 0.025 
121 NS_SS0811    (5)    3 :  0.009 0.888 0.011 0.005 0.025 0.011 0.009 0.008 0.035 
122 NS_SS0751    (1)    3 :  0.007 0.012 0.136 0.774 0.019 0.010 0.002 0.005 0.036 
123 NS_SS0891    (6)    3 :  0.025 0.524 0.015 0.358 0.010 0.029 0.007 0.021 0.012 
124 NS_SS0867    (2)    3 :  0.010 0.015 0.038 0.020 0.028 0.028 0.019 0.784 0.057 
125 NS_SS0890    (6)    3 :  0.574 0.106 0.046 0.027 0.168 0.028 0.003 0.021 0.026 
126 NS_SS0866   (12)    3 :  0.640 0.090 0.103 0.020 0.022 0.075 0.005 0.020 0.025 
127 NS_SS0755    (4)    3 :  0.432 0.415 0.012 0.010 0.011 0.014 0.008 0.045 0.054 
128 NS_SS0758    (4)    3 :  0.028 0.010 0.007 0.016 0.014 0.821 0.003 0.066 0.035 
129 NS_SS0840    (2)    3 :  0.007 0.022 0.019 0.020 0.005 0.006 0.002 0.911 0.008 
130 NS_SS0889    (4)    3 :  0.093 0.014 0.257 0.031 0.119 0.137 0.002 0.029 0.318 
131 NS_SS1010    (1)    3 :  0.015 0.264 0.119 0.027 0.026 0.035 0.051 0.424 0.039 
132 NS_SS0888    (5)    3 :  0.908 0.009 0.019 0.003 0.011 0.010 0.001 0.009 0.029 
133 NS_SS0837    (3)    3 :  0.007 0.033 0.010 0.008 0.016 0.006 0.002 0.572 0.344 
134 NS_SS0794   (10)    3 :  0.012 0.034 0.896 0.010 0.005 0.014 0.002 0.006 0.021 
135 NS_SS0823    (5)    3 :  0.020 0.244 0.064 0.278 0.051 0.028 0.006 0.295 0.014 
136 NS_SS0829    (7)    3 :  0.004 0.018 0.733 0.007 0.019 0.012 0.094 0.100 0.014 
137 NS_SS0844    (5)    3 :  0.039 0.234 0.006 0.008 0.018 0.019 0.002 0.668 0.006 
138 NS_SS1008    (6)    3 :  0.014 0.242 0.114 0.008 0.378 0.111 0.012 0.029 0.091 
139 NS_SS0881    (3)    3 :  0.062 0.029 0.033 0.183 0.454 0.029 0.003 0.022 0.185 
140 NS_SS0834    (6)    3 :  0.014 0.027 0.007 0.908 0.008 0.010 0.005 0.011 0.010 
141 NS_SS0744   (10)    3 :  0.651 0.008 0.011 0.017 0.098 0.010 0.007 0.133 0.064 
142 NS_SS0899    (7)    3 :  0.017 0.168 0.008 0.348 0.302 0.006 0.002 0.025 0.123 
143 NS_SS0804    (5)    3 :  0.015 0.021 0.003 0.114 0.014 0.012 0.003 0.796 0.021 
144 NS_SS0781   (10)    3 :  0.017 0.101 0.005 0.552 0.017 0.011 0.004 0.254 0.039 
145 NS_SS0822    (6)    3 :  0.043 0.023 0.247 0.018 0.608 0.028 0.002 0.014 0.017 
146 NS_SS1004    (4)    3 :  0.092 0.019 0.010 0.007 0.562 0.041 0.004 0.218 0.047 
147 NS_SS0746    (5)    3 :  0.020 0.371 0.101 0.086 0.081 0.081 0.014 0.218 0.029 
148 NS_SS0880    (3)    3 :  0.006 0.023 0.020 0.033 0.027 0.006 0.002 0.841 0.043 
149 NS_SS0879    (5)    3 :  0.056 0.396 0.017 0.052 0.048 0.013 0.019 0.384 0.016 
150 NS_SS0753    (2)    3 :  0.015 0.008 0.028 0.008 0.805 0.035 0.010 0.012 0.079 
151 NS_SS1007    (3)    3 :  0.679 0.014 0.013 0.019 0.214 0.019 0.002 0.015 0.024 
152 NS_SS0872    (5)    3 :  0.022 0.406 0.005 0.071 0.044 0.020 0.002 0.252 0.176 
153 NS_SS1005    (7)    3 :  0.017 0.057 0.024 0.341 0.077 0.025 0.001 0.444 0.013 
154 NS_SS0892    (6)    3 :  0.107 0.070 0.027 0.256 0.058 0.014 0.002 0.027 0.440 
155 NS_SS0898    (0)    3 :  0.038 0.032 0.058 0.008 0.015 0.194 0.007 0.023 0.626 
156 NS_SS0801    (9)    3 :  0.015 0.018 0.019 0.046 0.018 0.020 0.009 0.100 0.754 
157 NS_SS0827    (9)    3 :  0.008 0.045 0.047 0.005 0.022 0.525 0.116 0.067 0.164 
158 NS_SS0853    (7)    3 :  0.007 0.788 0.027 0.007 0.012 0.073 0.005 0.053 0.029 
159 NS_SS0780    (2)    3 :  0.103 0.020 0.010 0.554 0.012 0.023 0.004 0.186 0.089 
160 NS_SS0826   (10)    3 :  0.012 0.010 0.033 0.045 0.015 0.007 0.003 0.866 0.007 
161 NS_SS0818    (5)    3 :  0.221 0.029 0.014 0.177 0.023 0.020 0.002 0.361 0.153 
162 NS_SS0745    (1)    3 :  0.008 0.306 0.016 0.508 0.009 0.007 0.002 0.007 0.137 
163 NS_SS0849    (3)    3 :  0.036 0.015 0.020 0.020 0.060 0.015 0.002 0.102 0.731 
164 NS_SS0739    (3)    3 :  0.904 0.017 0.008 0.012 0.010 0.011 0.010 0.010 0.018 
165 NS_SS0799    (1)    3 :  0.318 0.022 0.028 0.043 0.395 0.098 0.001 0.030 0.064 
166 NS_SS0756    (3)    3 :  0.008 0.012 0.005 0.029 0.007 0.007 0.003 0.921 0.008 
167 NS_SS0802    (2)    3 :  0.456 0.010 0.019 0.137 0.024 0.013 0.206 0.036 0.099 
168 NS_SS0747    (6)    3 :  0.064 0.016 0.012 0.037 0.635 0.016 0.007 0.191 0.022 
169 NS_SS0835    (1)    3 :  0.052 0.007 0.008 0.019 0.006 0.879 0.001 0.023 0.006 
170 NS_SS0742   (19)    3 :  0.847 0.011 0.008 0.029 0.034 0.015 0.001 0.039 0.016 
171 NS_SS0760    (9)    3 :  0.014 0.011 0.146 0.007 0.022 0.712 0.037 0.010 0.041 
172 NS_SS0803    (4)    3 :  0.006 0.012 0.003 0.006 0.009 0.007 0.006 0.938 0.012 
173 NS_SS0828   (14)    3 :  0.026 0.027 0.018 0.030 0.082 0.018 0.001 0.040 0.757 
174 NS_SS0865    (2)    3 :  0.779 0.014 0.045 0.009 0.008 0.006 0.024 0.088 0.027 
175 NS_SS0759    (5)    3 :  0.025 0.017 0.008 0.015 0.085 0.009 0.005 0.093 0.743 
176 NS_SS0851    (5)    3 :  0.008 0.655 0.028 0.071 0.007 0.009 0.017 0.033 0.172 
177 NS_SS0874   (16)    3 :  0.010 0.183 0.007 0.048 0.634 0.020 0.001 0.085 0.011 
178 NS_SS0761    (6)    3 :  0.006 0.015 0.118 0.024 0.031 0.393 0.003 0.268 0.141 
179 NS_SS0842   (26)    3 :  0.020 0.241 0.027 0.017 0.367 0.010 0.008 0.224 0.086 
180 NS_SS0785    (6)    3 :  0.017 0.011 0.020 0.010 0.023 0.016 0.005 0.855 0.044 
181 NS_SS0860   (11)    3 :  0.727 0.009 0.013 0.006 0.018 0.197 0.003 0.017 0.010 
182 NS_SS0897    (7)    3 :  0.012 0.007 0.916 0.004 0.007 0.026 0.002 0.007 0.018 
183 NS_SS0841   (15)    3 :  0.043 0.275 0.222 0.021 0.024 0.008 0.005 0.227 0.175 
184 NS_SS0797    (7)    3 :  0.021 0.020 0.114 0.008 0.023 0.060 0.024 0.120 0.611 
185 NS_SS0830   (11)    3 :  0.055 0.137 0.028 0.013 0.418 0.013 0.003 0.028 0.306 
186 NS_SS1011    (5)    3 :  0.048 0.027 0.003 0.093 0.013 0.017 0.004 0.716 0.079 
187 NS_SS0883    (5)    3 :  0.040 0.021 0.036 0.012 0.420 0.044 0.007 0.013 0.408 
188 NS_SS0782    (2)    3 :  0.040 0.037 0.035 0.012 0.009 0.325 0.003 0.522 0.018 
189 NS_SS0831    (5)    3 :  0.013 0.010 0.128 0.009 0.019 0.226 0.002 0.174 0.419 
190 NS_SS0749    (7)    3 :  0.076 0.008 0.016 0.029 0.757 0.015 0.002 0.016 0.082 
191 NS_SS0854    (2)    3 :  0.700 0.024 0.067 0.029 0.100 0.025 0.003 0.012 0.041 
192 HI_SS0193    (0)    4 :  0.010 0.007 0.943 0.010 0.004 0.008 0.001 0.010 0.006 
193 HI_SS0194    (1)    4 :  0.005 0.019 0.058 0.824 0.010 0.006 0.002 0.067 0.010 
194 HI_SS0195   (10)    4 :  0.049 0.104 0.009 0.294 0.007 0.004 0.114 0.373 0.046 
195 HI_SS0196    (6)    4 :  0.028 0.074 0.763 0.055 0.021 0.013 0.003 0.023 0.020 
196 HI_SS0197    (3)    4 :  0.013 0.006 0.003 0.951 0.005 0.005 0.008 0.006 0.004 
197 HI_SS0198    (1)    4 :  0.158 0.077 0.058 0.041 0.261 0.160 0.010 0.044 0.190 
198 HI_SS0199    (1)    4 :  0.309 0.004 0.035 0.026 0.013 0.541 0.003 0.021 0.049 
199 HI_SS0201    (5)    4 :  0.047 0.009 0.111 0.010 0.074 0.497 0.002 0.024 0.226 
200 HI_SS0215    (1)    4 :  0.016 0.008 0.020 0.012 0.007 0.874 0.003 0.027 0.033 
201 HI_SS0218    (1)    4 :  0.013 0.015 0.876 0.016 0.005 0.031 0.007 0.011 0.027 
202 HI_SS0222    (0)    4 :  0.027 0.042 0.014 0.010 0.008 0.847 0.006 0.007 0.038 
203 HI_SS0230    (1)    4 :  0.011 0.162 0.006 0.031 0.672 0.041 0.006 0.043 0.027 
204 HI_SS0234    (2)    4 :  0.009 0.008 0.005 0.031 0.033 0.757 0.131 0.019 0.006 
205 HI_SS0240    (1)    4 :  0.811 0.070 0.014 0.015 0.005 0.016 0.007 0.034 0.027 
206 HI_SS0241    (0)    4 :  0.803 0.011 0.011 0.068 0.006 0.078 0.002 0.007 0.012 
207 HI_SS0242    (0)    4 :  0.329 0.215 0.016 0.010 0.109 0.051 0.003 0.085 0.183 
208 HI_SS0247    (0)    4 :  0.011 0.035 0.010 0.516 0.056 0.013 0.025 0.062 0.272 
209 HI_SS0248    (1)    4 :  0.010 0.077 0.281 0.009 0.418 0.143 0.001 0.009 0.051 
210 HI_SS0252    (2)    4 :  0.010 0.013 0.021 0.516 0.009 0.010 0.003 0.379 0.039 
211 HI_SS0254    (0)    4 :  0.010 0.007 0.008 0.025 0.781 0.071 0.072 0.008 0.018 
212 HI_SS0256    (0)    4 :  0.011 0.308 0.003 0.009 0.007 0.003 0.001 0.649 0.009 
213 HI_SS0257    (0)    4 :  0.214 0.016 0.059 0.044 0.238 0.215 0.003 0.190 0.020 
214 HI_SS0258    (1)    4 :  0.018 0.014 0.874 0.010 0.026 0.021 0.005 0.012 0.022 
215 HI_SS0259    (1)    4 :  0.037 0.012 0.004 0.905 0.012 0.009 0.003 0.006 0.012 
216 HI_SS0260    (1)    4 :  0.051 0.399 0.390 0.017 0.063 0.027 0.002 0.035 0.016 
217 HI_SS0261    (2)    4 :  0.040 0.096 0.106 0.175 0.353 0.136 0.004 0.042 0.049 
218 HI_SS0262    (0)    4 :  0.133 0.027 0.009 0.021 0.011 0.006 0.006 0.732 0.054 
219 HI_SS0264    (0)    4 :  0.010 0.607 0.042 0.240 0.023 0.010 0.006 0.049 0.013 
220 HI_SS0265    (0)    4 :  0.199 0.433 0.007 0.072 0.040 0.013 0.116 0.016 0.104 
221 HI_SS0268    (1)    4 :  0.075 0.055 0.480 0.130 0.030 0.030 0.003 0.011 0.187 
222 HI_SS0269    (0)    4 :  0.630 0.007 0.044 0.011 0.037 0.253 0.001 0.010 0.006 
223 HI_SS0273    (0)    4 :  0.050 0.010 0.723 0.009 0.017 0.007 0.002 0.057 0.127 
224 HI_SS0277    (1)    4 :  0.032 0.008 0.017 0.034 0.055 0.463 0.003 0.373 0.015 
225 HI_SS0280    (0)    4 :  0.027 0.035 0.093 0.135 0.389 0.027 0.005 0.056 0.232 
226 HI_SS0282    (1)    4 :  0.007 0.008 0.406 0.023 0.061 0.015 0.001 0.349 0.129 
227 HI_SS0286    (1)    4 :  0.294 0.020 0.033 0.103 0.040 0.284 0.009 0.146 0.072 
228 NS_SS1252    (3)    5 :  0.005 0.004 0.017 0.010 0.010 0.932 0.003 0.007 0.011 
229 NS_SS1261    (1)    5 :  0.026 0.031 0.166 0.514 0.067 0.036 0.018 0.104 0.037 
230 NS_SS1225   (10)    5 :  0.017 0.025 0.029 0.059 0.093 0.490 0.105 0.124 0.058 
231 NS_SS1266    (1)    5 :  0.071 0.328 0.007 0.027 0.091 0.006 0.007 0.449 0.014 
232 NS_SS1228    (0)    5 :  0.138 0.139 0.017 0.035 0.035 0.010 0.019 0.013 0.594 
233 NS_SS1255    (3)    5 :  0.008 0.110 0.652 0.118 0.013 0.061 0.002 0.031 0.006 
234 NS_SS1267    (3)    5 :  0.006 0.006 0.008 0.005 0.014 0.937 0.010 0.004 0.010 
235 NS_SS1238    (6)    5 :  0.009 0.010 0.783 0.131 0.028 0.010 0.003 0.015 0.011 
236 NS_SS1233    (8)    5 :  0.004 0.298 0.145 0.015 0.012 0.020 0.003 0.254 0.250 
237 NS_SS1277    (3)    5 :  0.012 0.020 0.028 0.030 0.068 0.813 0.001 0.012 0.015 
238 NS_SS1245    (1)    5 :  0.014 0.140 0.034 0.135 0.077 0.146 0.002 0.209 0.243 
239 NS_SS1240    (4)    5 :  0.007 0.005 0.009 0.009 0.005 0.951 0.002 0.007 0.004 
240 NS_SS1275    (2)    5 :  0.085 0.148 0.005 0.584 0.014 0.009 0.003 0.126 0.026 
241 NS_SS1235    (1)    5 :  0.014 0.032 0.163 0.118 0.011 0.007 0.004 0.643 0.009 
242 NS_SS1263    (1)    5 :  0.007 0.713 0.012 0.140 0.029 0.036 0.001 0.026 0.036 
243 NS_SS1251    (2)    5 :  0.009 0.025 0.011 0.076 0.072 0.302 0.002 0.492 0.010 
244 NS_SS1248    (0)    5 :  0.004 0.006 0.021 0.007 0.006 0.004 0.062 0.006 0.884 
245 NS_SS1244    (0)    5 :  0.427 0.007 0.024 0.156 0.274 0.019 0.004 0.025 0.064 
246 NS_SS1257    (1)    5 :  0.425 0.009 0.053 0.008 0.043 0.191 0.025 0.022 0.225 
247 NS_SS1242    (2)    5 :  0.024 0.588 0.010 0.030 0.018 0.008 0.003 0.282 0.036 
248 NS_SS1271    (6)    5 :  0.099 0.013 0.027 0.011 0.012 0.698 0.040 0.009 0.091 
249 NS_SS1265    (1)    5 :  0.020 0.034 0.272 0.017 0.026 0.575 0.021 0.018 0.018 
250 NS_SS1243    (0)    5 :  0.024 0.521 0.083 0.097 0.055 0.012 0.100 0.009 0.099 
251 NS_SS1273    (1)    5 :  0.026 0.916 0.007 0.009 0.005 0.003 0.009 0.013 0.011 
252 NS_SS1254   (14)    5 :  0.020 0.903 0.007 0.010 0.011 0.008 0.005 0.032 0.003 
253 NS_SS1224    (1)    5 :  0.043 0.076 0.009 0.017 0.026 0.018 0.007 0.776 0.027 
254 NS_SS1227    (8)    5 :  0.563 0.130 0.012 0.029 0.181 0.036 0.002 0.007 0.039 
255 NS_SS1274    (9)    5 :  0.026 0.025 0.171 0.048 0.554 0.030 0.018 0.022 0.107 
256 NS_SS1241    (1)    5 :  0.018 0.081 0.590 0.024 0.219 0.013 0.001 0.036 0.018 
257 NS_SS1256    (3)    5 :  0.005 0.014 0.010 0.054 0.007 0.020 0.037 0.845 0.009 
258 NS_SS1260    (8)    5 :  0.583 0.025 0.023 0.016 0.015 0.058 0.060 0.019 0.202 
259 NS_SS1262    (0)    5 :  0.027 0.016 0.024 0.007 0.583 0.017 0.159 0.158 0.011 
260 NS_SS1230    (0)    5 :  0.010 0.064 0.689 0.037 0.022 0.008 0.008 0.020 0.142 
261 NS_SS1270    (2)    5 :  0.015 0.013 0.012 0.092 0.068 0.015 0.002 0.386 0.397 
262 NS_SS1229    (2)    5 :  0.005 0.003 0.003 0.968 0.006 0.004 0.003 0.004 0.004 
263 NS_SS1246    (5)    5 :  0.006 0.005 0.007 0.944 0.007 0.019 0.002 0.006 0.005 
264 NS_SS1269    (0)    5 :  0.371 0.121 0.152 0.066 0.016 0.096 0.002 0.114 0.062 
265 NS_SS1239    (1)    5 :  0.843 0.013 0.008 0.007 0.058 0.012 0.006 0.028 0.024 
266 NS_SS1272    (5)    5 :  0.011 0.028 0.004 0.584 0.007 0.304 0.005 0.036 0.021 
267 NS_SS1268    (1)    5 :  0.014 0.012 0.012 0.007 0.008 0.004 0.002 0.056 0.885 
268 NS_SS1249    (1)    5 :  0.049 0.050 0.790 0.014 0.009 0.049 0.012 0.014 0.014 
269 HI_SS0559    (0)    6 :  0.013 0.043 0.029 0.012 0.052 0.010 0.002 0.013 0.825 
270 HI_SS0563    (1)    6 :  0.016 0.026 0.019 0.005 0.018 0.093 0.003 0.812 0.009 
271 HI_SS0564    (0)    6 :  0.089 0.025 0.015 0.053 0.406 0.013 0.070 0.268 0.062 
272 HI_SS0565    (0)    6 :  0.045 0.058 0.057 0.359 0.029 0.189 0.003 0.040 0.221 
273 HI_SS0569    (1)    6 :  0.006 0.006 0.051 0.013 0.144 0.659 0.002 0.019 0.099 
274 HI_SS0570    (0)    6 :  0.045 0.014 0.846 0.018 0.010 0.010 0.040 0.010 0.006 
275 HI_SS0572    (1)    6 :  0.585 0.139 0.010 0.085 0.009 0.020 0.002 0.134 0.016 
276 HI_SS0576    (1)    6 :  0.016 0.017 0.024 0.009 0.006 0.006 0.004 0.017 0.901 
277 HI_SS0579    (1)    6 :  0.011 0.005 0.005 0.005 0.880 0.051 0.009 0.019 0.014 
278 HI_SS0580    (1)    6 :  0.051 0.238 0.036 0.036 0.013 0.556 0.005 0.010 0.054 
279 HI_SS0581    (0)    6 :  0.864 0.009 0.005 0.019 0.007 0.006 0.044 0.009 0.037 
280 HI_SS0583    (1)    6 :  0.004 0.009 0.003 0.006 0.002 0.968 0.002 0.003 0.003 
281 HI_SS0586    (1)    6 :  0.005 0.011 0.020 0.008 0.026 0.715 0.001 0.008 0.206 
282 HI_SS0588    (1)    6 :  0.023 0.053 0.127 0.014 0.026 0.550 0.023 0.126 0.058 
283 HI_SS0595    (4)    6 :  0.071 0.054 0.098 0.029 0.271 0.152 0.029 0.032 0.262 
284 HI_SS0596    (0)    6 :  0.059 0.720 0.017 0.117 0.045 0.009 0.002 0.020 0.010 
285 HI_SS0597    (1)    6 :  0.010 0.074 0.026 0.760 0.021 0.048 0.002 0.038 0.021 
286 HI_SS0600    (0)    6 :  0.934 0.004 0.005 0.008 0.011 0.012 0.003 0.019 0.004 
287 HI_SS0601    (1)    6 :  0.007 0.012 0.006 0.010 0.914 0.022 0.007 0.012 0.010 
288 HI_SS0602    (1)    6 :  0.009 0.010 0.014 0.010 0.132 0.121 0.003 0.018 0.683 
289 HI_SS0604    (0)    6 :  0.021 0.031 0.028 0.041 0.115 0.653 0.002 0.039 0.069 
290 HI_SS0605    (1)    6 :  0.722 0.019 0.015 0.004 0.009 0.018 0.007 0.053 0.153 
291 HI_SS0608    (0)    6 :  0.007 0.040 0.016 0.033 0.870 0.021 0.001 0.004 0.008 
292 HI_SS0609    (0)    6 :  0.059 0.139 0.078 0.045 0.013 0.051 0.001 0.590 0.023 
293 HI_SS0611    (5)    6 :  0.007 0.057 0.037 0.007 0.307 0.378 0.003 0.007 0.197 
294 HI_SS0612    (0)    6 :  0.207 0.007 0.012 0.009 0.005 0.019 0.008 0.726 0.008 
295 HI_SS0613    (1)    6 :  0.048 0.046 0.010 0.004 0.022 0.017 0.002 0.049 0.801 
296 HI_SS0615    (1)    6 :  0.196 0.032 0.008 0.022 0.439 0.007 0.009 0.050 0.236 
297 HI_SS0001    (1)    6 :  0.268 0.044 0.017 0.439 0.006 0.178 0.004 0.012 0.034 
298 HI_SS0002    (1)    6 :  0.032 0.117 0.009 0.011 0.017 0.227 0.030 0.530 0.026 
299 HI_SS0004    (0)    6 :  0.517 0.031 0.355 0.036 0.010 0.018 0.006 0.010 0.017 
300 HI_SS0005    (1)    6 :  0.027 0.011 0.024 0.012 0.013 0.006 0.004 0.011 0.891 
301 HI_SS0006    (1)    6 :  0.019 0.010 0.025 0.011 0.021 0.738 0.002 0.162 0.011 
302 HI_SS0007    (1)    6 :  0.013 0.010 0.122 0.006 0.329 0.033 0.002 0.008 0.477 
303 HI_SS0008    (0)    6 :  0.055 0.032 0.005 0.079 0.575 0.019 0.041 0.133 0.061 
304 HI_SS0009    (0)    6 :  0.022 0.551 0.044 0.028 0.233 0.012 0.006 0.019 0.084 
305 HI_SS0010    (1)    6 :  0.007 0.014 0.023 0.008 0.923 0.008 0.003 0.006 0.008 
306 HI_SS0011    (1)    6 :  0.011 0.198 0.061 0.067 0.024 0.006 0.075 0.496 0.061 
307 HI_SS0012    (0)    6 :  0.070 0.014 0.007 0.016 0.407 0.035 0.006 0.286 0.158 
308 HI_SS0017    (1)    6 :  0.011 0.603 0.039 0.292 0.032 0.010 0.002 0.007 0.005 
309 HI_SS0021    (1)    6 :  0.047 0.197 0.073 0.006 0.015 0.389 0.242 0.007 0.024 
310 HI_SS0024    (1)    6 :  0.065 0.746 0.056 0.051 0.008 0.009 0.002 0.021 0.043 
311 HI_SS0025    (1)    6 :  0.007 0.950 0.009 0.005 0.006 0.010 0.003 0.005 0.006 
312 HI_SS0027    (0)    6 :  0.008 0.009 0.727 0.006 0.140 0.019 0.013 0.028 0.050 
313 HI_SS0028    (0)    6 :  0.006 0.399 0.009 0.030 0.009 0.036 0.002 0.016 0.492 
314 HI_SS0029    (1)    6 :  0.010 0.408 0.014 0.034 0.017 0.050 0.007 0.023 0.438 
315 HI_SS0030    (2)    6 :  0.066 0.007 0.009 0.022 0.845 0.030 0.004 0.007 0.009 
316 HI_SS0031    (0)    6 :  0.214 0.113 0.011 0.054 0.387 0.030 0.004 0.150 0.038 
317 HI_SS0034    (0)    6 :  0.030 0.013 0.022 0.137 0.039 0.183 0.004 0.116 0.457 
318 HI_SS0036    (0)    6 :  0.236 0.017 0.055 0.049 0.124 0.058 0.009 0.004 0.448 
319 HI_SS0037    (1)    6 :  0.012 0.057 0.821 0.008 0.059 0.017 0.005 0.013 0.009 
320 HI_SS0039    (0)    6 :  0.006 0.013 0.021 0.006 0.009 0.008 0.003 0.026 0.908 
321 HI_SS0041    (1)    6 :  0.040 0.813 0.016 0.048 0.017 0.030 0.002 0.012 0.023 
322 HI_SS0042    (1)    6 :  0.058 0.194 0.012 0.448 0.060 0.012 0.139 0.024 0.053 
323 HI_SS0043    (1)    6 :  0.011 0.006 0.123 0.014 0.788 0.041 0.003 0.007 0.009 
324 HI_SS0044    (1)    6 :  0.039 0.633 0.241 0.026 0.009 0.012 0.003 0.007 0.031 
325 HI_SS0047    (1)    6 :  0.017 0.020 0.005 0.234 0.468 0.029 0.002 0.023 0.202 
326 HI_SS0049    (1)    6 :  0.009 0.796 0.021 0.039 0.060 0.014 0.005 0.031 0.024 
327 HI_SS0051    (1)    6 :  0.038 0.023 0.015 0.006 0.012 0.016 0.002 0.819 0.070 
328 HI_SS0053    (1)    6 :  0.046 0.013 0.071 0.069 0.051 0.640 0.006 0.008 0.096 
329 HI_SS0054    (4)    6 :  0.005 0.005 0.243 0.014 0.023 0.069 0.004 0.017 0.620 
330 HI_SS0057    (0)    6 :  0.006 0.007 0.014 0.047 0.691 0.010 0.003 0.014 0.207 
331 HI_SS0058    (0)    6 :  0.081 0.092 0.347 0.045 0.086 0.132 0.009 0.129 0.078 
332 HI_SS0060    (0)    6 :  0.027 0.006 0.014 0.006 0.878 0.004 0.053 0.006 0.006 
333 HI_SS0087    (1)    6 :  0.022 0.008 0.028 0.021 0.018 0.817 0.002 0.055 0.030 
334 HI_SS0091    (1)    6 :  0.191 0.009 0.012 0.040 0.015 0.716 0.001 0.008 0.007 
335 HI_SS0095    (1)    6 :  0.850 0.018 0.004 0.015 0.014 0.015 0.036 0.029 0.019 
336 HI_SS0097    (3)    6 :  0.004 0.006 0.008 0.009 0.940 0.004 0.003 0.019 0.006 
337 HI_SS0099    (1)    6 :  0.029 0.871 0.008 0.015 0.012 0.008 0.005 0.038 0.014 
338 HI_SS0103    (0)    6 :  0.720 0.030 0.008 0.033 0.107 0.037 0.003 0.050 0.012 
339 HI_SS0105    (1)    6 :  0.031 0.010 0.015 0.817 0.029 0.008 0.029 0.049 0.011 
340 HI_SS0107    (1)    6 :  0.026 0.541 0.013 0.299 0.017 0.029 0.001 0.067 0.008 
341 HI_SS0108    (1)    6 :  0.008 0.005 0.903 0.009 0.011 0.026 0.020 0.009 0.010 
342 HI_SS0110    (0)    6 :  0.272 0.028 0.024 0.437 0.177 0.024 0.001 0.023 0.014 
343 HI_SS0111    (1)    6 :  0.430 0.011 0.005 0.014 0.404 0.049 0.027 0.034 0.025 
344 HI_SS0112    (0)    6 :  0.003 0.003 0.973 0.003 0.004 0.004 0.001 0.006 0.003 
345 HI_SS0113    (1)    6 :  0.014 0.128 0.011 0.304 0.011 0.053 0.004 0.464 0.011 
346 HI_SS0114    (1)    6 :  0.019 0.018 0.024 0.005 0.013 0.608 0.005 0.188 0.120 
347 HI_SS0115    (1)    6 :  0.063 0.609 0.047 0.003 0.176 0.032 0.014 0.037 0.020 
348 HI_SS0116    (4)    6 :  0.007 0.033 0.043 0.028 0.007 0.861 0.003 0.007 0.012 
349 HI_SS0117    (0)    6 :  0.005 0.007 0.099 0.749 0.012 0.072 0.002 0.014 0.042 
350 HI_SS0118    (0)    6 :  0.020 0.148 0.032 0.007 0.007 0.659 0.012 0.085 0.029 
351 HI_SS0119    (1)    6 :  0.293 0.004 0.121 0.013 0.473 0.014 0.001 0.050 0.030 
352 HI_SS0120    (1)    6 :  0.009 0.034 0.012 0.910 0.007 0.014 0.003 0.008 0.003 
353 HI_SS0121    (0)    6 :  0.091 0.200 0.007 0.054 0.082 0.016 0.001 0.286 0.263 
354 HI_SS0122    (2)    6 :  0.813 0.042 0.063 0.011 0.009 0.010 0.021 0.009 0.022 
355 HI_SS0123    (0)    6 :  0.139 0.015 0.009 0.032 0.034 0.075 0.005 0.681 0.010 
356 HI_SS0124    (1)    6 :  0.048 0.484 0.011 0.091 0.023 0.011 0.003 0.059 0.271 
357 HI_SS0125    (1)    6 :  0.865 0.013 0.004 0.042 0.006 0.008 0.029 0.010 0.023 
358 HI_SS0126    (0)    6 :  0.015 0.022 0.852 0.014 0.010 0.013 0.001 0.011 0.063 
359 HI_SS0127    (0)    6 :  0.009 0.024 0.011 0.003 0.366 0.008 0.006 0.011 0.561 
360 HI_SS0128    (0)    6 :  0.154 0.419 0.014 0.214 0.124 0.035 0.003 0.026 0.012 
361 HI_SS0129    (1)    6 :  0.252 0.046 0.068 0.155 0.010 0.347 0.012 0.011 0.097 
362 HI_SS0131    (2)    6 :  0.015 0.026 0.839 0.006 0.017 0.007 0.038 0.021 0.030 
363 HI_SS0132    (0)    6 :  0.795 0.010 0.030 0.016 0.020 0.030 0.001 0.058 0.040 
364 HI_SS0133    (1)    6 :  0.004 0.003 0.962 0.004 0.004 0.008 0.001 0.003 0.009 
365 HI_SS0134    (1)    6 :  0.141 0.040 0.194 0.083 0.015 0.032 0.002 0.464 0.029 
366 HI_SS0142    (3)    6 :  0.022 0.013 0.006 0.025 0.008 0.014 0.011 0.845 0.057 
367 HI_SS0145    (0)    6 :  0.009 0.011 0.013 0.008 0.873 0.055 0.001 0.019 0.012 
368 HI_SS0146    (1)    6 :  0.111 0.016 0.331 0.005 0.014 0.026 0.001 0.231 0.265 
369 HI_SS0147    (1)    6 :  0.011 0.019 0.019 0.023 0.016 0.005 0.022 0.866 0.020 
370 HI_SS0149    (1)    6 :  0.065 0.017 0.126 0.481 0.190 0.006 0.004 0.052 0.059 
371 HI_SS0150    (2)    6 :  0.070 0.252 0.009 0.154 0.022 0.051 0.006 0.018 0.418 
372 HI_SS0151    (0)    6 :  0.106 0.024 0.049 0.009 0.281 0.075 0.013 0.045 0.399 
373 NS_SS1451    (1)    6 :  0.536 0.193 0.007 0.021 0.015 0.004 0.004 0.040 0.179 
374 NS_SS1404    (0)    6 :  0.059 0.543 0.042 0.019 0.020 0.014 0.013 0.105 0.185 
375 NS_SS1432    (2)    6 :  0.032 0.731 0.005 0.110 0.017 0.010 0.044 0.014 0.039 
376 NS_SS1405    (5)    6 :  0.031 0.656 0.228 0.009 0.033 0.012 0.004 0.019 0.009 
377 NS_SS1431   (10)    6 :  0.011 0.066 0.008 0.854 0.016 0.007 0.001 0.011 0.026 
378 NS_SS1402    (3)    6 :  0.054 0.026 0.010 0.026 0.023 0.660 0.004 0.182 0.016 
379 NS_SS1450    (3)    6 :  0.040 0.053 0.304 0.261 0.018 0.103 0.004 0.027 0.190 
380 NS_SS1396    (0)    6 :  0.064 0.364 0.028 0.046 0.454 0.012 0.007 0.011 0.015 
381 NS_SS1393    (5)    6 :  0.009 0.018 0.005 0.007 0.014 0.921 0.004 0.010 0.012 
382 NS_SS1392   (10)    6 :  0.184 0.029 0.042 0.685 0.007 0.010 0.019 0.010 0.015 
383 NS_SS1445    (0)    6 :  0.162 0.100 0.018 0.068 0.097 0.183 0.010 0.022 0.339 
384 NS_SS1423    (0)    6 :  0.069 0.011 0.685 0.086 0.020 0.086 0.001 0.024 0.017 
385 NS_SS1421    (9)    6 :  0.006 0.014 0.392 0.424 0.043 0.007 0.085 0.011 0.017 
386 NS_SS1411    (6)    6 :  0.009 0.009 0.908 0.008 0.024 0.015 0.001 0.006 0.020 
387 NS_SS1453    (6)    6 :  0.053 0.025 0.053 0.147 0.451 0.167 0.007 0.074 0.022 
388 NS_SS1442    (3)    6 :  0.071 0.027 0.334 0.087 0.015 0.042 0.003 0.051 0.370 
389 NS_SS1422    (1)    6 :  0.164 0.032 0.011 0.020 0.065 0.088 0.013 0.575 0.032 
390 NS_SS1419    (1)    6 :  0.017 0.385 0.050 0.053 0.173 0.030 0.161 0.070 0.062 
391 NS_SS1427    (0)    6 :  0.053 0.014 0.070 0.043 0.055 0.745 0.002 0.004 0.013 
392 NS_SS1444    (4)    6 :  0.016 0.800 0.011 0.015 0.098 0.022 0.003 0.018 0.017 
393 NS_SS1455    (0)    6 :  0.004 0.085 0.033 0.023 0.016 0.014 0.001 0.809 0.014 
394 NS_SS1425    (2)    6 :  0.006 0.003 0.930 0.007 0.015 0.014 0.001 0.008 0.016 
395 NS_SS1400    (0)    6 :  0.003 0.006 0.954 0.004 0.006 0.007 0.001 0.009 0.009 
396 NS_SS1406    (2)    6 :  0.008 0.038 0.004 0.060 0.019 0.013 0.007 0.836 0.014 
397 NS_SS1417    (6)    6 :  0.067 0.440 0.132 0.013 0.064 0.071 0.008 0.194 0.012 
398 NS_SS1454    (3)    6 :  0.018 0.033 0.574 0.308 0.008 0.011 0.001 0.013 0.034 
399 NS_SS1412    (1)    6 :  0.145 0.094 0.162 0.167 0.020 0.028 0.032 0.050 0.303 
400 NS_SS1438    (1)    6 :  0.026 0.017 0.046 0.014 0.025 0.774 0.001 0.085 0.012 
401 NS_SS1416    (4)    6 :  0.024 0.008 0.006 0.022 0.008 0.020 0.005 0.898 0.009 
402 NS_SS1401    (0)    6 :  0.158 0.027 0.081 0.671 0.012 0.004 0.014 0.026 0.006 
403 NS_SS1424    (6)    6 :  0.017 0.007 0.053 0.019 0.015 0.021 0.010 0.682 0.176 
404 NS_SS1435   (10)    6 :  0.017 0.008 0.045 0.154 0.009 0.018 0.002 0.011 0.736 
405 NS_SS1447    (4)    6 :  0.016 0.858 0.018 0.011 0.015 0.008 0.007 0.028 0.037 
406 NS_SS1414    (3)    6 :  0.003 0.934 0.005 0.008 0.006 0.010 0.006 0.016 0.012 
407 NS_SS1449   (14)    6 :  0.569 0.006 0.009 0.053 0.328 0.009 0.003 0.015 0.008 
408 NS_SS1443    (4)    6 :  0.013 0.006 0.063 0.014 0.708 0.105 0.002 0.029 0.061 
409 NS_SS1434    (1)    6 :  0.054 0.078 0.116 0.193 0.153 0.389 0.001 0.012 0.004 
410 NS_SS1398    (1)    6 :  0.051 0.024 0.019 0.031 0.008 0.008 0.013 0.005 0.841 
411 NS_SS1426    (1)    6 :  0.111 0.010 0.044 0.019 0.102 0.666 0.002 0.031 0.014 
412 NS_SS1413    (0)    6 :  0.008 0.004 0.943 0.006 0.005 0.005 0.011 0.005 0.014 
413 NS_SS1395    (1)    6 :  0.251 0.009 0.021 0.010 0.574 0.097 0.009 0.010 0.019 
414 NS_SS1448   (10)    6 :  0.010 0.030 0.024 0.111 0.092 0.006 0.002 0.007 0.718 
415 NS_SS1446    (0)    6 :  0.897 0.007 0.012 0.032 0.007 0.020 0.003 0.012 0.011 
416 NS_SS1403    (2)    6 :  0.015 0.022 0.005 0.055 0.008 0.861 0.005 0.007 0.023 
417 NS_SS1415    (0)    6 :  0.003 0.007 0.198 0.007 0.013 0.008 0.005 0.014 0.745 
418 NS_SS1437    (4)    6 :  0.008 0.462 0.011 0.173 0.062 0.030 0.009 0.102 0.143 
419 NS_SS1439    (2)    6 :  0.087 0.048 0.006 0.058 0.015 0.346 0.003 0.377 0.061 
420 NS_SS1441    (3)    6 :  0.013 0.016 0.042 0.767 0.095 0.028 0.002 0.023 0.014 
421 NS_SS1420    (2)    6 :  0.019 0.794 0.006 0.010 0.035 0.007 0.003 0.008 0.117 
422 NS_SS1394    (2)    6 :  0.120 0.052 0.004 0.008 0.750 0.006 0.030 0.018 0.012 
423 NS_SS1391    (7)    6 :  0.015 0.013 0.083 0.798 0.020 0.021 0.009 0.012 0.030 
424 NS_SS1410    (5)    6 :  0.033 0.033 0.080 0.429 0.026 0.296 0.017 0.079 0.006 
425 NS_SS1408    (1)    6 :  0.803 0.007 0.008 0.031 0.057 0.010 0.037 0.028 0.021 
426 NS_SS1409    (1)    6 :  0.051 0.006 0.016 0.754 0.018 0.034 0.003 0.020 0.097 
427 HI_SS0617    (1)    7 :  0.796 0.032 0.006 0.025 0.018 0.017 0.001 0.028 0.076 
428 HI_SS0618    (2)    7 :  0.021 0.051 0.010 0.021 0.414 0.056 0.003 0.413 0.013 
429 HI_SS0619    (0)    7 :  0.044 0.445 0.172 0.222 0.068 0.012 0.004 0.013 0.020 
430 HI_SS0620    (1)    7 :  0.089 0.011 0.327 0.004 0.260 0.014 0.003 0.019 0.273 
431 HI_SS0621    (3)    7 :  0.439 0.207 0.008 0.020 0.034 0.022 0.015 0.235 0.019 
432 HI_SS0622    (1)    7 :  0.015 0.372 0.088 0.013 0.032 0.007 0.015 0.256 0.203 
433 HI_SS0626    (0)    7 :  0.107 0.215 0.086 0.009 0.010 0.007 0.009 0.006 0.550 
434 HI_SS0627    (0)    7 :  0.016 0.014 0.023 0.362 0.278 0.122 0.009 0.074 0.102 
