   NS_SS0963  1 0.3466 0.2530 0.1664 0.0063 0.0192 0.1961 0.0125 
   NS_SS0983  1 0.0096 0.8506 0.1178 0.0036 0.0037 0.0061 0.0086 
   NS_SS0719  1 0.0351 0.1209 0.1437 0.0066 0.6307 0.0275 0.0355 
   NS_SS1001  1 0.1614 0.0439 0.0402 0.0087 0.4982 0.1451 0.1024 
   NS_SS0936  1 0.7231 0.0154 0.1098 0.0026 0.0410 0.0748 0.0332 
   NS_SS0955  1 0.0689 0.1089 0.0438 0.0040 0.0208 0.1740 0.5797 
   NS_SS0944  1 0.0255 0.0298 0.0212 0.0026 0.0229 0.0394 0.8586 
   NS_SS0945  1 0.0410 0.0087 0.0232 0.0077 0.0233 0.0476 0.8484 
   NS_SS0922  1 0.0259 0.0160 0.1246 0.0229 0.7899 0.0172 0.0036 
   NS_SS0929  1 0.1930 0.1834 0.1693 0.0035 0.0203 0.3754 0.0551 
   NS_SS0956  1 0.0158 0.0250 0.0301 0.0051 0.7517 0.1654 0.0070 
   NS_SS0906  1 0.0276 0.3504 0.3486 0.0042 0.0373 0.2125 0.0194 
   NS_SS0721  1 0.0127 0.5659 0.3489 0.0046 0.0139 0.0377 0.0162 
   NS_SS0982  1 0.0248 0.0497 0.1511 0.0152 0.0411 0.7116 0.0064 
   NS_SS0923  1 0.0253 0.0541 0.0228 0.0049 0.8461 0.0406 0.0061 
   NS_SS0905  1 0.0109 0.6476 0.1651 0.0017 0.0407 0.1101 0.0240 
   NS_SS0925  1 0.0447 0.4126 0.4444 0.0044 0.0146 0.0699 0.0095 
   NS_SS0947  1 0.1421 0.0145 0.4087 0.0049 0.0143 0.3868 0.0287 
   NS_SS0926  1 0.3118 0.3616 0.0075 0.0010 0.0385 0.0098 0.2699 
   NS_SS0918  1 0.1616 0.0573 0.0224 0.0029 0.0760 0.5679 0.1119 
   NS_SS0966  1 0.1446 0.1604 0.0750 0.0425 0.0189 0.5400 0.0185 
   NS_SS0938  1 0.8948 0.0069 0.0064 0.0014 0.0766 0.0078 0.0060 
   NS_SS0917  1 0.0100 0.0158 0.8575 0.0318 0.0346 0.0358 0.0145 
   NS_SS0957  1 0.2437 0.0988 0.0437 0.0072 0.2169 0.3717 0.0180 
   NS_SS0987  1 0.0058 0.1495 0.0053 0.2318 0.5671 0.0303 0.0101 
   NS_SS0717  1 0.0130 0.2113 0.0971 0.0033 0.5210 0.1473 0.0069 
   NS_SS0986  1 0.0507 0.1340 0.3733 0.0033 0.0232 0.3876 0.0280 
   NS_SS0953  1 0.0209 0.0239 0.2395 0.0192 0.0646 0.5763 0.0555 
   NS_SS0907  1 0.0255 0.0531 0.1645 0.0472 0.0472 0.6093 0.0533 
   NS_SS0974  1 0.3362 0.0272 0.1163 0.0040 0.0257 0.0425 0.4480 
   NS_SS0989  1 0.6638 0.0772 0.0616 0.0014 0.0093 0.0428 0.1439 
   NS_SS0991  1 0.0086 0.7955 0.0124 0.0021 0.0069 0.0215 0.1529 
   NS_SS0994  1 0.0258 0.0282 0.0091 0.0021 0.0265 0.0066 0.9017 
   NS_SS0931  1 0.0978 0.7567 0.0070 0.0073 0.0853 0.0060 0.0399 
   NS_SS1000  1 0.0205 0.0215 0.5997 0.0042 0.0350 0.3080 0.0112 
   NS_SS0919  1 0.0089 0.9041 0.0654 0.0022 0.0051 0.0069 0.0073 
   NS_SS0949  1 0.0375 0.0514 0.0739 0.0013 0.0097 0.0087 0.8176 
   NS_SS0960  1 0.0119 0.0874 0.4718 0.0065 0.0421 0.2627 0.1175 
   NS_SS0716  1 0.0051 0.0079 0.0070 0.0053 0.6119 0.3582 0.0047 
   NS_SS0924  1 0.0172 0.4715 0.0621 0.0156 0.0336 0.3901 0.0098 
   NS_SS0935  1 0.0046 0.9129 0.0117 0.0074 0.0158 0.0358 0.0117 
   NS_SS0952  1 0.0329 0.2385 0.0506 0.0391 0.0289 0.3357 0.2742 
   NS_SS0962  1 0.8371 0.0220 0.0307 0.0076 0.0743 0.0195 0.0089 
   NS_SS0973  1 0.0105 0.0228 0.9007 0.0040 0.0087 0.0111 0.0423 
   NS_SS0722  1 0.0292 0.0817 0.0742 0.0020 0.7527 0.0547 0.0055 
   NS_SS0979  1 0.2519 0.0263 0.0095 0.0023 0.2468 0.4499 0.0133 
   NS_SS0993  1 0.3421 0.4701 0.0462 0.0182 0.0830 0.0326 0.0077 
   NS_SS0958  1 0.0126 0.0831 0.0293 0.0027 0.0346 0.3954 0.4422 
   NS_SS0988  1 0.1464 0.5157 0.1310 0.0044 0.0498 0.1343 0.0184 
   NS_SS1003  1 0.9027 0.0161 0.0339 0.0091 0.0172 0.0153 0.0057 
   NS_SS0976  1 0.9090 0.0298 0.0088 0.0017 0.0084 0.0116 0.0307 
   NS_SS0964  1 0.0112 0.0089 0.0219 0.0023 0.9126 0.0318 0.0114 
   NS_SS0939  1 0.0208 0.0038 0.0068 0.0041 0.9498 0.0082 0.0066 
   NS_SS0990  1 0.8099 0.0066 0.0376 0.0034 0.1006 0.0229 0.0190 
   NS_SS0984  1 0.0135 0.0149 0.0068 0.0021 0.9540 0.0054 0.0033 
   NS_SS0980  1 0.0233 0.0905 0.7613 0.0020 0.0239 0.0613 0.0377 
   NS_SS0978  1 0.0134 0.0112 0.8054 0.0030 0.0405 0.1012 0.0254 
   NS_SS0951  1 0.0141 0.1478 0.0421 0.0025 0.0239 0.6927 0.0769 
   NS_SS0913  1 0.0337 0.0099 0.0727 0.0328 0.2467 0.5902 0.0140 
   NS_SS1002  1 0.9059 0.0190 0.0101 0.0325 0.0041 0.0237 0.0047 
   NS_SS0948  1 0.3239 0.2800 0.0136 0.0484 0.0220 0.2702 0.0419 
   NS_SS0916  1 0.3516 0.0541 0.4879 0.0052 0.0478 0.0323 0.0211 
   NS_SS0995  1 0.0600 0.0214 0.7528 0.0027 0.1345 0.0242 0.0044 
   NS_SS0927  1 0.0175 0.1078 0.6323 0.0062 0.0928 0.0742 0.0692 
   NS_SS0992  1 0.0520 0.0158 0.8483 0.0030 0.0134 0.0279 0.0396 
   NS_SS0912  1 0.0135 0.7865 0.0274 0.0020 0.0231 0.0868 0.0608 
   NS_SS0981  1 0.0213 0.7974 0.0298 0.0037 0.0855 0.0575 0.0047 
   NS_SS0729  2 0.0564 0.3832 0.0676 0.0033 0.0054 0.0198 0.4643 
   NS_SS0967  2 0.0636 0.0609 0.5231 0.0105 0.0350 0.2887 0.0182 
   NS_SS0941  2 0.3633 0.1446 0.2630 0.0828 0.0781 0.0188 0.0495 
   NS_SS0768  2 0.0202 0.0123 0.0198 0.0041 0.0107 0.9145 0.0185 
   NS_SS0726  2 0.5496 0.2407 0.0945 0.0081 0.0245 0.0084 0.0741 
   NS_SS0763  2 0.0685 0.3589 0.2193 0.0030 0.0214 0.1341 0.1949 
   NS_SS0730  2 0.0160 0.0108 0.0338 0.0037 0.8522 0.0634 0.0201 
   NS_SS0774  2 0.0269 0.0046 0.3495 0.0009 0.2321 0.3804 0.0055 
   NS_SS0723  2 0.0461 0.1049 0.4468 0.0023 0.2673 0.1254 0.0071 
   NS_SS0940  2 0.2955 0.2324 0.2838 0.0065 0.1033 0.0101 0.0685 
   NS_SS0762  2 0.0064 0.0073 0.0498 0.0031 0.8254 0.1023 0.0055 
   NS_SS0766  2 0.0226 0.1701 0.2212 0.0121 0.5050 0.0336 0.0353 
   NS_SS0724  2 0.0307 0.2481 0.0177 0.0044 0.1436 0.5313 0.0241 
   NS_SS0769  2 0.0148 0.6468 0.0424 0.0033 0.0202 0.2683 0.0042 
   NS_SS0777  2 0.0092 0.7596 0.0399 0.0079 0.1658 0.0068 0.0108 
   NS_SS0734  2 0.0161 0.0163 0.5420 0.0253 0.1735 0.0521 0.1747 
   NS_SS0737  2 0.2784 0.0052 0.1982 0.0054 0.4682 0.0361 0.0085 
   NS_SS0732  2 0.0083 0.0795 0.2218 0.0054 0.0766 0.5884 0.0200 
   NS_SS0728  2 0.3880 0.0584 0.2041 0.0125 0.1943 0.1231 0.0196 
   NS_SS0735  2 0.0295 0.0526 0.8508 0.0077 0.0170 0.0253 0.0171 
   NS_SS0725  2 0.8803 0.0097 0.0081 0.0087 0.0546 0.0178 0.0208 
   NS_SS0788  2 0.1497 0.0399 0.5531 0.0014 0.1574 0.0894 0.0091 
   NS_SS0778  2 0.0581 0.0731 0.3564 0.0014 0.4619 0.0276 0.0214 
   NS_SS0792  2 0.1240 0.0755 0.0509 0.0056 0.3076 0.4114 0.0249 
   NS_SS0943  2 0.0139 0.0136 0.0181 0.0076 0.0068 0.1162 0.8238 
   NS_SS0791  2 0.0235 0.0144 0.2255 0.0140 0.6491 0.0301 0.0435 
   NS_SS0790  2 0.0052 0.0049 0.0070 0.0027 0.0064 0.9717 0.0021 
   NS_SS0731  2 0.0474 0.0913 0.0618 0.0146 0.3890 0.3899 0.0060 
   NS_SS0727  2 0.0363 0.2274 0.0615 0.0027 0.2187 0.0311 0.4223 
   NS_SS0779  2 0.0178 0.5976 0.1177 0.0053 0.2222 0.0249 0.0146 
   NS_SS0776  2 0.0907 0.0614 0.3262 0.0057 0.1673 0.2887 0.0599 
   NS_SS0775  2 0.0080 0.0046 0.0101 0.0062 0.9508 0.0126 0.0078 
   NS_SS0965  3 0.0221 0.7332 0.1010 0.0018 0.0459 0.0856 0.0104 
   NS_SS0754  3 0.0318 0.2030 0.5451 0.0139 0.0314 0.1010 0.0738 
   NS_SS0838  3 0.6646 0.0188 0.0790 0.0422 0.0083 0.1390 0.0482 
   NS_SS0839  3 0.3343 0.0048 0.0634 0.0037 0.1018 0.4846 0.0073 
   NS_SS0832  3 0.0781 0.0883 0.5730 0.0502 0.1580 0.0482 0.0042 
   NS_SS0820  3 0.0284 0.0330 0.0619 0.0065 0.1042 0.7629 0.0030 
   NS_SS0886  3 0.0379 0.1394 0.7021 0.0021 0.0520 0.0260 0.0405 
   NS_SS0748  3 0.0216 0.6555 0.0262 0.0110 0.0743 0.1506 0.0608 
   NS_SS0884  3 0.3630 0.0468 0.2398 0.0329 0.0371 0.1660 0.1144 
   NS_SS0752  3 0.1915 0.0130 0.5337 0.0021 0.1179 0.0259 0.1159 
   NS_SS0862  3 0.0108 0.0162 0.7098 0.0041 0.0092 0.2401 0.0098 
   NS_SS0787  3 0.0104 0.0196 0.0368 0.0061 0.0107 0.0087 0.9078 
   NS_SS0843  3 0.0344 0.6903 0.1592 0.0019 0.0216 0.0779 0.0147 
   NS_SS0856  3 0.0250 0.0148 0.7325 0.0027 0.0558 0.1462 0.0231 
   NS_SS0846  3 0.2005 0.5005 0.1264 0.0032 0.0077 0.1359 0.0257 
   NS_SS0825  3 0.7994 0.0272 0.0199 0.0107 0.0695 0.0097 0.0637 
   NS_SS0757  3 0.1563 0.0823 0.5556 0.0046 0.0444 0.0428 0.1141 
   NS_SS0876  3 0.0465 0.0086 0.4981 0.2138 0.0270 0.1925 0.0134 
   NS_SS0903  3 0.0438 0.0105 0.8443 0.0020 0.0185 0.0751 0.0059 
   NS_SS0875  3 0.0128 0.0230 0.0124 0.0033 0.8641 0.0749 0.0094 
   NS_SS0740  3 0.0636 0.5414 0.2471 0.0033 0.0271 0.0436 0.0739 
   NS_SS0811  3 0.0103 0.0234 0.0185 0.0076 0.1082 0.8206 0.0114 
   NS_SS0751  3 0.6949 0.0247 0.0224 0.0027 0.1773 0.0122 0.0658 
   NS_SS0891  3 0.2475 0.0103 0.0427 0.0064 0.2016 0.4763 0.0152 
   NS_SS0867  3 0.0337 0.5270 0.1687 0.0235 0.0158 0.0348 0.1965 
   NS_SS0890  3 0.0139 0.4573 0.3710 0.0035 0.1187 0.0256 0.0100 
   NS_SS0866  3 0.0309 0.0066 0.0176 0.0058 0.0173 0.0080 0.9138 
   NS_SS0755  3 0.0343 0.1209 0.0320 0.0089 0.4597 0.3237 0.0205 
   NS_SS0758  3 0.0250 0.3923 0.5227 0.0022 0.0097 0.0274 0.0207 
   NS_SS0840  3 0.3129 0.0118 0.3228 0.0024 0.1643 0.1759 0.0101 
   NS_SS0889  3 0.0594 0.1101 0.0337 0.0024 0.0355 0.1586 0.6003 
   NS_SS1010  3 0.1223 0.1411 0.0455 0.0516 0.0165 0.5850 0.0380 
   NS_SS0888  3 0.0061 0.0382 0.4723 0.0014 0.0585 0.0117 0.4118 
   NS_SS0837  3 0.0130 0.1330 0.1965 0.0033 0.4346 0.1598 0.0597 
   NS_SS0794  3 0.0063 0.0040 0.0097 0.0016 0.0133 0.0737 0.8914 
   NS_SS0823  3 0.2740 0.0218 0.4394 0.0037 0.0075 0.1863 0.0672 
   NS_SS0829  3 0.0042 0.0379 0.0098 0.1012 0.0035 0.0558 0.7877 
   NS_SS0844  3 0.0059 0.0074 0.0066 0.0017 0.0047 0.9708 0.0030 
   NS_SS1008  3 0.0122 0.0375 0.0467 0.0150 0.5375 0.0342 0.3170 
   NS_SS0881  3 0.1089 0.0988 0.0413 0.0027 0.7127 0.0142 0.0214 
   NS_SS0834  3 0.5375 0.0088 0.0156 0.0051 0.0149 0.4100 0.0081 
   NS_SS0744  3 0.0166 0.0103 0.8608 0.0053 0.0085 0.0637 0.0348 
   NS_SS0899  3 0.0315 0.0095 0.0928 0.0012 0.0300 0.8287 0.0062 
   NS_SS0804  3 0.4273 0.0492 0.2309 0.0051 0.0456 0.2358 0.0061 
   NS_SS0781  3 0.4774 0.0146 0.1373 0.0047 0.0286 0.3324 0.0049 
   NS_SS0822  3 0.0183 0.0337 0.0211 0.0025 0.0120 0.0127 0.8996 
   NS_SS1004  3 0.0213 0.2013 0.6822 0.0040 0.0181 0.0618 0.0112 
   NS_SS0746  3 0.0363 0.4704 0.2817 0.0164 0.0221 0.1193 0.0539 
   NS_SS0880  3 0.5086 0.0109 0.0575 0.0016 0.2998 0.0531 0.0685 
   NS_SS0879  3 0.0277 0.0135 0.0479 0.0132 0.0218 0.7573 0.1186 
   NS_SS0753  3 0.0068 0.1993 0.1561 0.0125 0.0166 0.0281 0.5807 
   NS_SS1007  3 0.0484 0.0140 0.6753 0.0019 0.2203 0.0087 0.0314 
   NS_SS0872  3 0.2859 0.0493 0.2211 0.0025 0.2344 0.1965 0.0104 
   NS_SS1005  3 0.0984 0.0881 0.6152 0.0010 0.0096 0.1777 0.0100 
   NS_SS0892  3 0.0390 0.5777 0.1159 0.0027 0.2107 0.0221 0.0319 
   NS_SS0898  3 0.0068 0.0060 0.0054 0.0044 0.9556 0.0069 0.0148 
   NS_SS0801  3 0.2303 0.0288 0.1768 0.0102 0.0243 0.5166 0.0131 
   NS_SS0827  3 0.0052 0.4241 0.0179 0.1044 0.3719 0.0585 0.0179 
   NS_SS0853  3 0.0045 0.0304 0.0128 0.0039 0.0099 0.9324 0.0061 
   NS_SS0780  3 0.3083 0.0320 0.5524 0.0047 0.0772 0.0185 0.0068 
   NS_SS0826  3 0.6535 0.0214 0.0158 0.0036 0.0057 0.1906 0.1094 
   NS_SS0818  3 0.2226 0.0216 0.2472 0.0021 0.4601 0.0268 0.0195 
   NS_SS0745  3 0.0240 0.0076 0.0063 0.0015 0.9387 0.0140 0.0078 
   NS_SS0849  3 0.0739 0.0271 0.0439 0.0017 0.7161 0.1100 0.0274 
   NS_SS0739  3 0.0340 0.0167 0.1017 0.0125 0.8110 0.0124 0.0117 
   NS_SS0799  3 0.0191 0.0413 0.3034 0.0012 0.0788 0.0557 0.5006 
   NS_SS0756  3 0.1264 0.0592 0.3956 0.0028 0.0292 0.3761 0.0108 
   NS_SS0802  3 0.0313 0.0691 0.5960 0.1950 0.0230 0.0636 0.0219 
   NS_SS0747  3 0.0298 0.0551 0.8506 0.0057 0.0094 0.0408 0.0088 
   NS_SS0835  3 0.0634 0.4557 0.1392 0.0013 0.1101 0.0183 0.2121 
   NS_SS0742  3 0.4158 0.0331 0.2367 0.0012 0.1989 0.0745 0.0398 
   NS_SS0760  3 0.0467 0.2601 0.3665 0.0473 0.0150 0.0741 0.1903 
   NS_SS0803  3 0.0111 0.0288 0.6981 0.0063 0.0106 0.2408 0.0041 
   NS_SS0828  3 0.0124 0.2272 0.1439 0.0013 0.5124 0.0735 0.0293 
   NS_SS0865  3 0.0989 0.0288 0.4424 0.0347 0.0387 0.2051 0.1514 
   NS_SS0759  3 0.0144 0.0332 0.7549 0.0045 0.1259 0.0576 0.0096 
   NS_SS0851  3 0.0124 0.0045 0.0049 0.0114 0.3883 0.5703 0.0082 
   NS_SS0874  3 0.0425 0.0187 0.0178 0.0016 0.0143 0.8864 0.0188 
   NS_SS0761  3 0.0509 0.4408 0.1573 0.0025 0.0223 0.0536 0.2725 
   NS_SS0842  3 0.0449 0.0377 0.0617 0.0103 0.5343 0.2524 0.0587 
   NS_SS0785  3 0.0115 0.0419 0.8048 0.0045 0.0189 0.0416 0.0768 
   NS_SS0860  3 0.0142 0.1626 0.4982 0.0023 0.0146 0.0528 0.2553 
   NS_SS0897  3 0.0082 0.0124 0.0151 0.0019 0.0102 0.0141 0.9381 
   NS_SS0841  3 0.0590 0.0254 0.0774 0.0034 0.4138 0.3780 0.0431 
   NS_SS0797  3 0.0162 0.0765 0.0073 0.0178 0.8345 0.0214 0.0263 
   NS_SS0830  3 0.0231 0.0311 0.0457 0.0022 0.6767 0.0438 0.1774 
   NS_SS1011  3 0.9209 0.0123 0.0223 0.0043 0.0063 0.0283 0.0057 
   NS_SS0883  3 0.0056 0.0788 0.5515 0.0074 0.1281 0.2089 0.0198 
   NS_SS0782  3 0.0122 0.0629 0.7388 0.0027 0.0208 0.0498 0.1129 
   NS_SS0831  3 0.0162 0.1515 0.1748 0.0035 0.0426 0.0490 0.5624 
   NS_SS0749  3 0.0109 0.0360 0.8681 0.0036 0.0135 0.0091 0.0590 
   NS_SS0854  3 0.1418 0.0273 0.2842 0.0030 0.0275 0.3043 0.2119 
   HI_SS0193  4 0.0142 0.0065 0.0042 0.0013 0.0073 0.0041 0.9624 
   HI_SS0194  4 0.9044 0.0083 0.0097 0.0023 0.0138 0.0248 0.0368 
   HI_SS0195  4 0.3183 0.0085 0.4755 0.1033 0.0604 0.0290 0.0049 
   HI_SS0196  4 0.0161 0.0074 0.7203 0.0027 0.0138 0.0266 0.2131 
   HI_SS0197  4 0.9650 0.0072 0.0072 0.0088 0.0058 0.0038 0.0022 
   HI_SS0198  4 0.0262 0.0271 0.6337 0.0103 0.1274 0.1505 0.0248 
   HI_SS0199  4 0.0234 0.1076 0.6240 0.0030 0.0487 0.0097 0.1837 
   HI_SS0201  4 0.0123 0.8849 0.0236 0.0021 0.0055 0.0143 0.0572 
   HI_SS0215  4 0.0848 0.7018 0.1043 0.0026 0.0121 0.0795 0.0149 
   HI_SS0218  4 0.0058 0.0086 0.0085 0.0057 0.0183 0.0074 0.9457 
   HI_SS0222  4 0.0325 0.1499 0.7005 0.0041 0.0209 0.0731 0.0190 
   HI_SS0230  4 0.0315 0.3197 0.0138 0.0059 0.0526 0.5717 0.0047 
   HI_SS0234  4 0.0289 0.2331 0.5197 0.1404 0.0175 0.0545 0.0058 
   HI_SS0240  4 0.0075 0.0086 0.9116 0.0070 0.0481 0.0093 0.0078 
   HI_SS0241  4 0.1875 0.2799 0.1007 0.0019 0.0332 0.3717 0.0250 
   HI_SS0242  4 0.0117 0.1728 0.0186 0.0029 0.7594 0.0164 0.0182 
   HI_SS0247  4 0.3537 0.0114 0.0052 0.0182 0.0060 0.5998 0.0057 
   HI_SS0248  4 0.0059 0.0661 0.0191 0.0008 0.0265 0.0065 0.8751 
   HI_SS0252  4 0.7288 0.0264 0.0226 0.0021 0.0137 0.1839 0.0226 
   HI_SS0254  4 0.0948 0.7035 0.0211 0.0760 0.0667 0.0082 0.0297 
   HI_SS0256  4 0.0827 0.0059 0.0932 0.0015 0.0090 0.8021 0.0057 
   HI_SS0257  4 0.0624 0.2557 0.1328 0.0033 0.0159 0.2658 0.2641 
   HI_SS0258  4 0.0061 0.0424 0.0163 0.0037 0.0128 0.0185 0.9001 
   HI_SS0259  4 0.8969 0.0062 0.0512 0.0027 0.0131 0.0248 0.0052 
   HI_SS0260  4 0.0221 0.0881 0.2428 0.0017 0.0246 0.0604 0.5603 
   HI_SS0261  4 0.0511 0.6460 0.1031 0.0031 0.0681 0.0068 0.1218 
   HI_SS0262  4 0.0422 0.0098 0.2020 0.0072 0.6779 0.0388 0.0221 
   HI_SS0264  4 0.0414 0.1043 0.0161 0.0045 0.0291 0.7957 0.0088 
   HI_SS0265  4 0.0888 0.1755 0.0362 0.1083 0.3102 0.2728 0.0082 
   HI_SS0268  4 0.0660 0.0673 0.0701 0.0040 0.0992 0.6502 0.0432 
   HI_SS0269  4 0.3286 0.0349 0.2022 0.0020 0.0177 0.0164 0.3982 
   HI_SS0273  4 0.0257 0.0085 0.0153 0.0017 0.0129 0.0118 0.9241 
   HI_SS0277  4 0.7753 0.1133 0.0375 0.0030 0.0148 0.0428 0.0134 
   HI_SS0280  4 0.2317 0.0252 0.3012 0.0063 0.1504 0.1497 0.1355 
   HI_SS0282  4 0.0334 0.0193 0.0301 0.0013 0.0060 0.0115 0.8985 
   HI_SS0286  4 0.0503 0.3184 0.2944 0.0074 0.0448 0.2395 0.0450 
   NS_SS1252  5 0.0101 0.0841 0.0229 0.0038 0.0108 0.0287 0.8396 
   NS_SS1261  5 0.6030 0.0153 0.0326 0.0146 0.0420 0.2692 0.0233 
   NS_SS1225  5 0.0485 0.0856 0.0238 0.0781 0.0080 0.7089 0.0470 
   NS_SS1266  5 0.0767 0.0140 0.4047 0.0085 0.0080 0.4802 0.0079 
   NS_SS1228  5 0.0400 0.0081 0.0104 0.0128 0.8916 0.0229 0.0141 
   NS_SS1255  5 0.0399 0.0059 0.0235 0.0015 0.3095 0.0180 0.6016 
   NS_SS1267  5 0.0166 0.7861 0.0239 0.0135 0.0174 0.0112 0.1312 
   NS_SS1238  5 0.6633 0.0453 0.0118 0.0022 0.0910 0.0533 0.1329 
   NS_SS1233  5 0.1066 0.0210 0.0125 0.0021 0.2358 0.4728 0.1492 
   NS_SS1277  5 0.0069 0.0229 0.0081 0.0009 0.9084 0.0053 0.0475 
   NS_SS1245  5 0.3192 0.1790 0.2285 0.0016 0.0519 0.0815 0.1382 
   NS_SS1240  5 0.0285 0.7353 0.1085 0.0017 0.0071 0.0064 0.1125 
   NS_SS1275  5 0.8670 0.0091 0.0078 0.0032 0.0268 0.0816 0.0046 
   NS_SS1235  5 0.6432 0.0174 0.0502 0.0055 0.0096 0.2539 0.0202 
   NS_SS1263  5 0.1913 0.1029 0.0364 0.0014 0.0958 0.4802 0.0921 
   NS_SS1251  5 0.0646 0.6789 0.0166 0.0012 0.0135 0.2070 0.0181 
   NS_SS1248  5 0.0155 0.1967 0.0122 0.1113 0.1769 0.3054 0.1820 
   NS_SS1244  5 0.9389 0.0057 0.0119 0.0040 0.0058 0.0114 0.0222 
   NS_SS1257  5 0.0267 0.3166 0.3638 0.0297 0.0276 0.0865 0.1490 
   NS_SS1242  5 0.0212 0.0119 0.0890 0.0029 0.6257 0.2393 0.0100 
   NS_SS1271  5 0.0205 0.0730 0.0166 0.0221 0.8196 0.0045 0.0436 
   NS_SS1265  5 0.0774 0.3612 0.0412 0.0179 0.0342 0.1144 0.3537 
   NS_SS1243  5 0.0258 0.0284 0.4052 0.0876 0.1142 0.2325 0.1062 
   NS_SS1273  5 0.0111 0.0056 0.0082 0.0091 0.9499 0.0107 0.0054 
   NS_SS1254  5 0.1246 0.0158 0.0102 0.0052 0.0123 0.8094 0.0225 
   NS_SS1224  5 0.0305 0.1062 0.4855 0.0067 0.0250 0.3352 0.0108 
   NS_SS1227  5 0.0119 0.8452 0.0094 0.0017 0.1030 0.0065 0.0223 
   NS_SS1274  5 0.1125 0.0664 0.0905 0.0186 0.0167 0.3287 0.3665 
   NS_SS1241  5 0.1092 0.0527 0.0379 0.0010 0.0252 0.2928 0.4811 
   NS_SS1256  5 0.3577 0.1781 0.0673 0.0464 0.0460 0.2940 0.0106 
   NS_SS1260  5 0.0058 0.0592 0.3307 0.0753 0.0151 0.0928 0.4211 
   NS_SS1262  5 0.1053 0.2643 0.1355 0.1774 0.0157 0.1984 0.1034 
   NS_SS1230  5 0.0247 0.0209 0.0776 0.0084 0.0354 0.0566 0.7763 
   NS_SS1270  5 0.4797 0.1477 0.0278 0.0024 0.0170 0.3115 0.0139 
   NS_SS1229  5 0.9328 0.0260 0.0141 0.0042 0.0065 0.0077 0.0086 
   NS_SS1246  5 0.8890 0.0302 0.0057 0.0018 0.0491 0.0047 0.0195 
   NS_SS1269  5 0.0161 0.0225 0.7265 0.0023 0.0158 0.1888 0.0279 
   NS_SS1239  5 0.0239 0.0235 0.4919 0.0045 0.3529 0.0088 0.0946 
   NS_SS1272  5 0.8138 0.0456 0.0094 0.0048 0.0210 0.1006 0.0047 
   NS_SS1268  5 0.0109 0.0268 0.0136 0.0020 0.8051 0.1066 0.0351 
   NS_SS1249  5 0.0145 0.0280 0.0284 0.0128 0.0172 0.0232 0.8759 
   HI_SS0559  6 0.0126 0.1425 0.5586 0.0016 0.1254 0.1109 0.0484 
   HI_SS0563  6 0.0087 0.3884 0.4574 0.0032 0.0162 0.0992 0.0268 
   HI_SS0564  6 0.3166 0.1272 0.2821 0.0552 0.0805 0.0182 0.1202 
   HI_SS0565  6 0.2702 0.5229 0.0362 0.0040 0.0207 0.0263 0.1197 
   HI_SS0569  6 0.0095 0.9519 0.0077 0.0016 0.0045 0.0162 0.0086 
   HI_SS0570  6 0.0733 0.0127 0.0144 0.0421 0.0212 0.0116 0.8248 
   HI_SS0572  6 0.2558 0.0323 0.2208 0.0025 0.1945 0.2779 0.0161 
   HI_SS0576  6 0.0279 0.0116 0.0599 0.0064 0.7987 0.0173 0.0782 
   HI_SS0579  6 0.0098 0.6231 0.3079 0.0137 0.0088 0.0243 0.0124 
   HI_SS0580  6 0.0227 0.0695 0.0694 0.0040 0.6350 0.1648 0.0345 
   HI_SS0581  6 0.6915 0.0079 0.1723 0.0830 0.0168 0.0199 0.0086 
   HI_SS0583  6 0.0607 0.8400 0.0374 0.0020 0.0244 0.0181 0.0174 
   HI_SS0586  6 0.0045 0.7389 0.0066 0.0010 0.0136 0.0457 0.1897 
   HI_SS0588  6 0.0110 0.6121 0.1838 0.0194 0.0125 0.0847 0.0764 
   HI_SS0595  6 0.0536 0.1839 0.0476 0.0241 0.6088 0.0390 0.0429 
   HI_SS0596  6 0.0224 0.0110 0.0083 0.0022 0.9252 0.0242 0.0067 
   HI_SS0597  6 0.8985 0.0135 0.0453 0.0020 0.0182 0.0131 0.0094 
   HI_SS0600  6 0.2730 0.0472 0.4920 0.0030 0.0144 0.1524 0.0179 
   HI_SS0601  6 0.0437 0.6230 0.0348 0.0086 0.0080 0.2695 0.0123 
   HI_SS0602  6 0.0084 0.4744 0.4125 0.0025 0.0265 0.0581 0.0176 
   HI_SS0604  6 0.0335 0.5840 0.2000 0.0018 0.0280 0.1263 0.0264 
   HI_SS0605  6 0.0056 0.0167 0.9078 0.0064 0.0231 0.0255 0.0150 
   HI_SS0608  6 0.0209 0.0468 0.0093 0.0010 0.8764 0.0156 0.0300 
   HI_SS0609  6 0.4706 0.0598 0.1166 0.0009 0.0689 0.2717 0.0115 
   HI_SS0611  6 0.0144 0.1336 0.0327 0.0029 0.0983 0.1896 0.5285 
   HI_SS0612  6 0.0520 0.0236 0.7256 0.0056 0.0102 0.1227 0.0603 
   HI_SS0613  6 0.0131 0.0514 0.3426 0.0015 0.0700 0.4983 0.0230 
   HI_SS0615  6 0.0737 0.0491 0.3376 0.0115 0.4906 0.0208 0.0167 
   HI_SS0001  6 0.8813 0.0114 0.0194 0.0041 0.0263 0.0444 0.0131 
   HI_SS0002  6 0.1201 0.2539 0.0999 0.0273 0.0264 0.4654 0.0072 
   HI_SS0004  6 0.0324 0.0354 0.1364 0.0055 0.0196 0.2167 0.5540 
   HI_SS0005  6 0.0160 0.0840 0.4604 0.0066 0.2510 0.1429 0.0391 
   HI_SS0006  6 0.3592 0.1758 0.1652 0.0022 0.0152 0.0922 0.1903 
   HI_SS0007  6 0.0257 0.0573 0.1185 0.0029 0.2192 0.0420 0.5345 
   HI_SS0008  6 0.0110 0.8473 0.0817 0.0340 0.0108 0.0072 0.0080 
   HI_SS0009  6 0.0088 0.0165 0.0390 0.0035 0.3373 0.5664 0.0285 
   HI_SS0010  6 0.0256 0.4613 0.0116 0.0032 0.1742 0.1058 0.2183 
   HI_SS0011  6 0.4861 0.0545 0.0243 0.0922 0.1496 0.1524 0.0408 
   HI_SS0012  6 0.0184 0.0854 0.7726 0.0052 0.0403 0.0724 0.0058 
   HI_SS0017  6 0.6543 0.0234 0.0191 0.0017 0.1999 0.0338 0.0678 
   HI_SS0021  6 0.0209 0.2878 0.0229 0.2301 0.1662 0.2238 0.0484 
   HI_SS0024  6 0.2759 0.0210 0.0237 0.0024 0.6320 0.0183 0.0266 
   HI_SS0025  6 0.0071 0.0090 0.0351 0.0028 0.3133 0.6240 0.0087 
   HI_SS0027  6 0.0044 0.0160 0.0177 0.0151 0.0078 0.0084 0.9306 
   HI_SS0028  6 0.0513 0.0694 0.0251 0.0023 0.3939 0.4538 0.0043 
   HI_SS0029  6 0.0177 0.0116 0.0810 0.0078 0.8580 0.0113 0.0127 
   HI_SS0030  6 0.2526 0.5142 0.1351 0.0060 0.0144 0.0131 0.0647 
   HI_SS0031  6 0.0079 0.5434 0.4099 0.0037 0.0121 0.0187 0.0043 
   HI_SS0034  6 0.0208 0.3993 0.4664 0.0044 0.0102 0.0207 0.0782 
   HI_SS0036  6 0.2312 0.0365 0.0247 0.0105 0.5740 0.0123 0.1107 
   HI_SS0037  6 0.0062 0.0100 0.0231 0.0034 0.0091 0.8439 0.1042 
   HI_SS0039  6 0.0232 0.2275 0.0185 0.0034 0.6224 0.0389 0.0661 
   HI_SS0041  6 0.0558 0.0057 0.0179 0.0018 0.7759 0.1297 0.0132 
   HI_SS0042  6 0.1149 0.0217 0.0905 0.1179 0.6090 0.0368 0.0093 
   HI_SS0043  6 0.0284 0.0473 0.0154 0.0032 0.0098 0.0073 0.8887 
   HI_SS0044  6 0.0149 0.0108 0.0134 0.0026 0.8996 0.0068 0.0520 
   HI_SS0047  6 0.2424 0.1684 0.5037 0.0024 0.0140 0.0558 0.0134 
   HI_SS0049  6 0.0283 0.0208 0.0225 0.0044 0.5044 0.3928 0.0268 
   HI_SS0051  6 0.0058 0.0219 0.5346 0.0022 0.0069 0.4186 0.0100 
   HI_SS0053  6 0.4558 0.4381 0.0259 0.0042 0.0154 0.0086 0.0521 
   HI_SS0054  6 0.0179 0.5942 0.0098 0.0032 0.0142 0.0211 0.3396 
   HI_SS0057  6 0.5519 0.0155 0.0493 0.0040 0.0162 0.0669 0.2961 
   HI_SS0058  6 0.0122 0.0120 0.0234 0.0049 0.0079 0.8965 0.0430 
   HI_SS0060  6 0.0180 0.4998 0.1146 0.0820 0.0672 0.0319 0.1866 
   HI_SS0087  6 0.0327 0.8669 0.0296 0.0023 0.0099 0.0396 0.0190 
   HI_SS0091  6 0.8005 0.0720 0.0461 0.0013 0.0063 0.0195 0.0544 
   HI_SS0095  6 0.0721 0.1713 0.6669 0.0451 0.0130 0.0192 0.0124 
   HI_SS0097  6 0.0266 0.5338 0.2589 0.0039 0.0067 0.1437 0.0265 
   HI_SS0099  6 0.0070 0.0133 0.0054 0.0033 0.9468 0.0192 0.0049 
   HI_SS0103  6 0.0772 0.0187 0.8246 0.0030 0.0106 0.0514 0.0146 
   HI_SS0105  6 0.4550 0.0334 0.1755 0.0279 0.0069 0.2795 0.0218 
   HI_SS0107  6 0.8809 0.0183 0.0198 0.0011 0.0382 0.0323 0.0094 
   HI_SS0108  6 0.0109 0.0125 0.0335 0.0224 0.0085 0.0070 0.9052 
   HI_SS0110  6 0.8284 0.0192 0.0552 0.0015 0.0630 0.0095 0.0233 
   HI_SS0111  6 0.0464 0.0561 0.6672 0.0290 0.0292 0.1614 0.0108 
   HI_SS0112  6 0.0044 0.0060 0.0049 0.0012 0.0145 0.0040 0.9650 
   HI_SS0113  6 0.7381 0.0528 0.1150 0.0033 0.0207 0.0630 0.0070 
   HI_SS0114  6 0.0091 0.5084 0.2984 0.0054 0.0216 0.0440 0.1131 
   HI_SS0115  6 0.0048 0.0264 0.4374 0.0125 0.0862 0.3403 0.0924 
   HI_SS0116  6 0.0571 0.0534 0.0426 0.0038 0.6882 0.0289 0.1260 
   HI_SS0117  6 0.3538 0.3955 0.0212 0.0022 0.0083 0.1896 0.0294 
   HI_SS0118  6 0.1146 0.1721 0.0759 0.0154 0.1263 0.1392 0.3565 
   HI_SS0119  6 0.0674 0.0111 0.1477 0.0020 0.0063 0.0322 0.7332 
   HI_SS0120  6 0.9611 0.0051 0.0082 0.0023 0.0058 0.0088 0.0087 
   HI_SS0121  6 0.6311 0.0115 0.0081 0.0012 0.0125 0.3306 0.0051 
   HI_SS0122  6 0.5812 0.0080 0.0155 0.0218 0.0724 0.2236 0.0776 
   HI_SS0123  6 0.2517 0.0208 0.6703 0.0046 0.0108 0.0300 0.0118 
   HI_SS0124  6 0.0405 0.0061 0.0280 0.0028 0.7244 0.1862 0.0120 
   HI_SS0125  6 0.0124 0.0159 0.0357 0.0341 0.8919 0.0072 0.0028 
   HI_SS0126  6 0.0107 0.0127 0.0092 0.0010 0.2306 0.0131 0.7228 
   HI_SS0127  6 0.0059 0.8192 0.0235 0.0077 0.0186 0.1021 0.0229 
   HI_SS0128  6 0.0625 0.7744 0.1038 0.0030 0.0233 0.0114 0.0216 
   HI_SS0129  6 0.0954 0.0315 0.0569 0.0104 0.7618 0.0128 0.0312 
   HI_SS0131  6 0.0071 0.0521 0.0104 0.0267 0.0252 0.8062 0.0723 
   HI_SS0132  6 0.4131 0.0359 0.1160 0.0007 0.1847 0.1742 0.0754 
   HI_SS0133  6 0.0044 0.0054 0.0035 0.0010 0.0069 0.0026 0.9762 
   HI_SS0134  6 0.1153 0.1185 0.2457 0.0021 0.0402 0.0449 0.4332 
   HI_SS0142  6 0.0492 0.4111 0.3784 0.0195 0.0112 0.1200 0.0106 
   HI_SS0145  6 0.0111 0.3678 0.5127 0.0020 0.0076 0.0232 0.0755 
   HI_SS0146  6 0.0098 0.2079 0.0489 0.0013 0.3223 0.0089 0.4009 
   HI_SS0147  6 0.0842 0.0080 0.2105 0.0257 0.0293 0.6183 0.0240 
   HI_SS0149  6 0.9481 0.0063 0.0054 0.0042 0.0085 0.0086 0.0190 
   HI_SS0150  6 0.1163 0.1004 0.0313 0.0050 0.2965 0.4429 0.0075 
   HI_SS0151  6 0.0083 0.0244 0.9023 0.0097 0.0210 0.0082 0.0261 
   NS_SS1451  6 0.0447 0.0064 0.0291 0.0038 0.8919 0.0176 0.0065 
   NS_SS1404  6 0.0382 0.0156 0.0329 0.0114 0.7205 0.1621 0.0194 
   NS_SS1432  6 0.0976 0.0109 0.0298 0.0387 0.8067 0.0119 0.0044 
   NS_SS1405  6 0.0060 0.0143 0.2126 0.0035 0.3960 0.1231 0.2445 
   NS_SS1431  6 0.9290 0.0228 0.0120 0.0008 0.0203 0.0080 0.0070 
   NS_SS1402  6 0.4316 0.0435 0.1376 0.0029 0.1016 0.2628 0.0198 
   NS_SS1450  6 0.2198 0.0212 0.0362 0.0045 0.0472 0.0172 0.6538 
   NS_SS1396  6 0.4691 0.0761 0.1348 0.0077 0.1693 0.0959 0.0472 
   NS_SS1393  6 0.0353 0.2859 0.3671 0.0043 0.0168 0.2598 0.0310 
   NS_SS1392  6 0.0501 0.0333 0.1010 0.0156 0.6804 0.0856 0.0340 
   NS_SS1445  6 0.0274 0.8917 0.0117 0.0069 0.0257 0.0155 0.0211 
   NS_SS1423  6 0.5942 0.0265 0.0168 0.0014 0.0223 0.0670 0.2718 
   NS_SS1421  6 0.1005 0.0062 0.0035 0.0877 0.0230 0.0112 0.7679 
   NS_SS1411  6 0.0090 0.0285 0.0239 0.0019 0.0122 0.0180 0.9065 
   NS_SS1453  6 0.6972 0.0652 0.0463 0.0077 0.0163 0.1273 0.0400 
   NS_SS1442  6 0.0363 0.2846 0.1833 0.0049 0.0246 0.0780 0.3881 
   NS_SS1422  6 0.2880 0.0700 0.2907 0.0143 0.0168 0.2504 0.0696 
   NS_SS1419  6 0.0072 0.0055 0.0077 0.1292 0.0175 0.8185 0.0144 
   NS_SS1427  6 0.1128 0.3231 0.0479 0.0022 0.2087 0.0123 0.2929 
   NS_SS1444  6 0.0085 0.0947 0.0094 0.0039 0.2424 0.6338 0.0072 
   NS_SS1455  6 0.5649 0.0116 0.1047 0.0014 0.0320 0.2614 0.0240 
   NS_SS1425  6 0.0104 0.0205 0.0097 0.0016 0.0058 0.0106 0.9415 
   NS_SS1400  6 0.0084 0.0073 0.0040 0.0014 0.0041 0.0103 0.9644 
   NS_SS1406  6 0.5718 0.0671 0.0496 0.0108 0.0114 0.2841 0.0053 
   NS_SS1417  6 0.0350 0.0176 0.0237 0.0081 0.0179 0.7714 0.1263 
   NS_SS1454  6 0.4699 0.0135 0.0138 0.0015 0.0288 0.2295 0.2431 
   NS_SS1412  6 0.1341 0.0163 0.1490 0.0267 0.0492 0.0822 0.5424 
   NS_SS1438  6 0.0170 0.3556 0.0897 0.0011 0.0066 0.4738 0.0563 
   NS_SS1416  6 0.0389 0.0103 0.7129 0.0064 0.0261 0.1964 0.0090 
   NS_SS1401  6 0.7825 0.0064 0.0151 0.0121 0.0075 0.1628 0.0135 
   NS_SS1424  6 0.1036 0.0259 0.1524 0.0155 0.0348 0.0308 0.6370 
   NS_SS1435  6 0.0179 0.2451 0.0337 0.0027 0.6240 0.0119 0.0646 
   NS_SS1447  6 0.1088 0.1358 0.0704 0.0066 0.0572 0.6037 0.0176 
   NS_SS1414  6 0.0170 0.0203 0.0091 0.0059 0.0910 0.8506 0.0061 
   NS_SS1449  6 0.8999 0.0081 0.0510 0.0042 0.0053 0.0141 0.0174 
   NS_SS1443  6 0.0212 0.1902 0.1080 0.0017 0.0058 0.0145 0.6586 
   NS_SS1434  6 0.2087 0.0407 0.1886 0.0007 0.1505 0.0200 0.3907 
   NS_SS1398  6 0.0331 0.0430 0.1549 0.0176 0.6542 0.0242 0.0731 
   NS_SS1426  6 0.0089 0.8901 0.0182 0.0022 0.0110 0.0081 0.0614 
   NS_SS1413  6 0.0088 0.0053 0.0071 0.0074 0.0079 0.0085 0.9550 
   NS_SS1395  6 0.0553 0.7492 0.1540 0.0086 0.0051 0.0147 0.0131 
   NS_SS1448  6 0.0326 0.0392 0.0367 0.0017 0.7928 0.0123 0.0846 
   NS_SS1446  6 0.0801 0.0978 0.2270 0.0038 0.0231 0.4892 0.0790 
   NS_SS1403  6 0.5846 0.2740 0.0768 0.0074 0.0126 0.0358 0.0087 
   NS_SS1415  6 0.0260 0.2392 0.0479 0.0118 0.0929 0.0275 0.5546 
   NS_SS1437  6 0.1081 0.6594 0.0266 0.0081 0.1372 0.0503 0.0103 
   NS_SS1439  6 0.0350 0.4058 0.4048 0.0022 0.0153 0.1225 0.0144 
   NS_SS1441  6 0.0879 0.0926 0.4186 0.0018 0.0404 0.1775 0.1812 
   NS_SS1420  6 0.0084 0.0075 0.0229 0.0027 0.6329 0.3188 0.0068 
   NS_SS1394  6 0.0072 0.5124 0.1794 0.0293 0.0596 0.2076 0.0044 
   NS_SS1391  6 0.1193 0.4361 0.0989 0.0148 0.0598 0.0280 0.2432 
   NS_SS1410  6 0.6993 0.0233 0.0104 0.0132 0.0140 0.2089 0.0309 
   NS_SS1408  6 0.0425 0.2437 0.6542 0.0355 0.0094 0.0075 0.0072 
   NS_SS1409  6 0.0154 0.0083 0.9149 0.0022 0.0171 0.0150 0.0271 
   HI_SS0617  7 0.0455 0.0079 0.8689 0.0013 0.0375 0.0241 0.0148 
   HI_SS0618  7 0.0117 0.0277 0.8829 0.0026 0.0296 0.0359 0.0095 
   HI_SS0619  7 0.0543 0.0119 0.0302 0.0037 0.3555 0.4563 0.0881 
   HI_SS0620  7 0.0052 0.0129 0.0185 0.0030 0.0329 0.0088 0.9187 
   HI_SS0621  7 0.0591 0.0574 0.2156 0.0127 0.0501 0.5948 0.0104 
   HI_SS0622  7 0.0314 0.1871 0.1336 0.0106 0.1188 0.1865 0.3319 
   HI_SS0626  7 0.0085 0.0176 0.0501 0.0081 0.5366 0.3643 0.0147 
   HI_SS0627  7 0.8476 0.0165 0.0223 0.0093 0.0366 0.0606 0.0072 
   HI_SS0628  7 0.0802 0.0582 0.0780 0.0614 0.6259 0.0139 0.0825 
   HI_SS0629  7 0.0363 0.3720 0.0592 0.0071 0.3098 0.1622 0.0534 
   HI_SS0630  7 0.0164 0.0396 0.1573 0.0476 0.3197 0.2150 0.2043 
   HI_SS0631  7 0.0686 0.7160 0.0432 0.0008 0.0285 0.0386 0.1043 
   HI_SS0632  7 0.1116 0.2960 0.1296 0.0030 0.1108 0.1033 0.2456 
   HI_SS0633  7 0.0207 0.0145 0.1058 0.0036 0.7437 0.0750 0.0367 
   HI_SS0634  7 0.2191 0.0086 0.5594 0.0022 0.1055 0.0311 0.0741 
   HI_SS0635  7 0.0175 0.2855 0.1978 0.0106 0.2472 0.2324 0.0089 
   HI_SS0637  7 0.0075 0.1360 0.7897 0.0026 0.0055 0.0540 0.0047 
   HI_SS0638  7 0.0446 0.0126 0.0595 0.0013 0.0422 0.0180 0.8218 
   HI_SS0639  7 0.0213 0.2108 0.3025 0.0519 0.3792 0.0303 0.0041 
   HI_SS0640  7 0.0049 0.9598 0.0084 0.0016 0.0135 0.0066 0.0052 
   HI_SS0641  7 0.0028 0.0823 0.1327 0.0049 0.1214 0.6294 0.0264 
   HI_SS0642  7 0.9317 0.0144 0.0130 0.0024 0.0241 0.0064 0.0081 
   HI_SS0645  7 0.0045 0.0048 0.0051 0.0010 0.9562 0.0208 0.0078 
   HI_SS0646  7 0.3299 0.3071 0.2222 0.0027 0.0357 0.0472 0.0553 
   HI_SS0647  7 0.5263 0.0161 0.0172 0.0012 0.2473 0.0832 0.1087 
   HI_SS0648  7 0.0151 0.2902 0.3582 0.0033 0.2273 0.0322 0.0737 
   HI_SS0649  7 0.0651 0.1350 0.0832 0.0021 0.5247 0.1822 0.0077 
   HI_SS0650  7 0.0335 0.0236 0.9063 0.0032 0.0089 0.0135 0.0109 
   HI_SS0651  7 0.0101 0.3428 0.4189 0.0036 0.0246 0.1819 0.0181 
   HI_SS0652  7 0.0087 0.0072 0.1605 0.0031 0.4741 0.3383 0.0081 
   NS_SS1371  7 0.0126 0.2512 0.6576 0.0043 0.0173 0.0477 0.0094 
   NS_SS1374  7 0.1730 0.0419 0.0599 0.0024 0.0996 0.0271 0.5961 
   NS_SS1337  7 0.7858 0.0110 0.0197 0.0042 0.0207 0.1368 0.0217 
   NS_SS1385  7 0.5591 0.0898 0.1684 0.0053 0.0271 0.0811 0.0693 
   NS_SS1388  7 0.0079 0.0290 0.0078 0.0082 0.6500 0.2882 0.0089 
   NS_SS1370  7 0.2341 0.0178 0.1804 0.0099 0.0341 0.4443 0.0794 
   NS_SS1389  7 0.0137 0.0130 0.0056 0.0035 0.8859 0.0669 0.0114 
   NS_SS1360  7 0.0121 0.4598 0.0927 0.0046 0.0210 0.1092 0.3005 
   NS_SS1330  7 0.0081 0.0087 0.8899 0.0028 0.0089 0.0777 0.0038 
   NS_SS1328  7 0.0942 0.0138 0.0271 0.0022 0.0513 0.0062 0.8052 
   NS_SS1384  7 0.0097 0.9534 0.0086 0.0032 0.0098 0.0107 0.0046 
   NS_SS1381  7 0.2702 0.0174 0.5598 0.0009 0.0285 0.1082 0.0150 
   NS_SS1375  7 0.0087 0.0076 0.0263 0.0011 0.9433 0.0054 0.0076 
   NS_SS1319  7 0.2162 0.0399 0.3822 0.1016 0.0974 0.1382 0.0244 
   NS_SS1326  7 0.0142 0.0096 0.0143 0.0101 0.0226 0.0096 0.9196 
   NS_SS1341  7 0.8990 0.0155 0.0139 0.0036 0.0045 0.0497 0.0138 
   NS_SS1383  7 0.1952 0.7437 0.0277 0.0036 0.0085 0.0131 0.0083 
   NS_SS1318  7 0.0367 0.0423 0.6733 0.0151 0.0229 0.1763 0.0334 
   NS_SS1348  7 0.0157 0.8980 0.0319 0.0013 0.0121 0.0092 0.0317 
   NS_SS1363  7 0.0255 0.0211 0.6348 0.0050 0.1378 0.1189 0.0568 
   NS_SS1335  7 0.0261 0.1501 0.0415 0.0322 0.0081 0.4044 0.3377 
   NS_SS1358  7 0.2182 0.1904 0.1798 0.0162 0.0077 0.1264 0.2612 
   NS_SS1342  7 0.5827 0.1457 0.0140 0.0013 0.0106 0.1431 0.1026 
   NS_SS1320  7 0.1331 0.0054 0.0491 0.0066 0.6452 0.1435 0.0171 
   NS_SS1355  7 0.0222 0.3792 0.0261 0.0139 0.0203 0.5300 0.0083 
   NS_SS1345  7 0.0377 0.3964 0.2195 0.0187 0.0378 0.2685 0.0214 
   NS_SS1324  7 0.0391 0.4953 0.0775 0.0030 0.1312 0.2186 0.0353 
   NS_SS1347  7 0.0172 0.5946 0.3289 0.0036 0.0210 0.0176 0.0172 
   NS_SS1321  7 0.4306 0.0094 0.1594 0.0013 0.0104 0.0223 0.3666 
   NS_SS1333  7 0.1644 0.0216 0.0217 0.0035 0.7443 0.0145 0.0301 
   NS_SS1364  7 0.0165 0.9188 0.0057 0.0019 0.0067 0.0322 0.0181 
   NS_SS1379  7 0.1886 0.0765 0.5423 0.0626 0.0074 0.0398 0.0827 
   NS_SS1332  7 0.0100 0.7060 0.0090 0.0076 0.0436 0.0138 0.2101 
   NS_SS1338  7 0.0158 0.5211 0.1420 0.0058 0.0238 0.1101 0.1814 
   NS_SS1368  7 0.4682 0.1901 0.0288 0.0049 0.2017 0.0366 0.0696 
   NS_SS1354  7 0.0532 0.1088 0.1230 0.0167 0.0476 0.6305 0.0203 
   NS_SS1365  7 0.0189 0.0145 0.0587 0.0081 0.8355 0.0142 0.0501 
   NS_SS1380  7 0.0119 0.0063 0.0079 0.0102 0.0045 0.9553 0.0038 
   NS_SS1329  7 0.3938 0.2187 0.0365 0.0032 0.0054 0.0399 0.3025 
   NS_SS1362  7 0.0136 0.9315 0.0121 0.0055 0.0080 0.0178 0.0114 
   NS_SS1327  7 0.0088 0.1597 0.0054 0.0040 0.0060 0.0050 0.8110 
   NS_SS1350  7 0.0057 0.0095 0.9444 0.0075 0.0121 0.0049 0.0158 
   NS_SS1387  7 0.0129 0.5863 0.0593 0.0021 0.3067 0.0175 0.0152 
   NS_SS1369  7 0.0220 0.0268 0.0211 0.0041 0.0399 0.0089 0.8771 
   NS_SS1331  7 0.2499 0.0050 0.0130 0.0093 0.6117 0.0699 0.0412 
   NS_SS1357  7 0.9261 0.0090 0.0156 0.0031 0.0227 0.0054 0.0180 
   NS_SS1386  7 0.0439 0.0299 0.0079 0.0036 0.0043 0.0111 0.8994 
   NS_SS1353  7 0.8721 0.0101 0.0231 0.0036 0.0328 0.0274 0.0308 
   NS_SS1323  7 0.8382 0.0195 0.0326 0.0699 0.0113 0.0208 0.0077 
   HI_SS0296  8 0.0131 0.0196 0.0236 0.0019 0.0149 0.0251 0.9019 
   HI_SS0297  8 0.8483 0.0566 0.0198 0.0008 0.0414 0.0099 0.0232 
   HI_SS0299  8 0.0978 0.2966 0.1556 0.0373 0.0299 0.3106 0.0723 
   HI_SS0300  8 0.0211 0.3498 0.0865 0.0015 0.0504 0.0215 0.4693 
   HI_SS0301  8 0.0122 0.8414 0.0400 0.0034 0.0668 0.0217 0.0145 
   HI_SS0302  8 0.0095 0.4519 0.0241 0.0228 0.0223 0.0415 0.4279 
   HI_SS0303  8 0.0189 0.0195 0.0158 0.0082 0.0300 0.0097 0.8977 
   HI_SS0304  8 0.2333 0.0217 0.2245 0.0020 0.2060 0.1721 0.1403 
   HI_SS0306  8 0.0085 0.0170 0.0065 0.0026 0.0101 0.0042 0.9511 
   HI_SS0307  8 0.0182 0.1140 0.6635 0.0085 0.1558 0.0298 0.0103 
   HI_SS0308  8 0.0113 0.3270 0.0625 0.0737 0.0794 0.4340 0.0121 
   HI_SS0309  8 0.0716 0.0240 0.2648 0.0034 0.2311 0.3585 0.0467 
   HI_SS0310  8 0.0093 0.8524 0.0138 0.0069 0.0200 0.0476 0.0502 
   HI_SS0311  8 0.0874 0.0282 0.0145 0.0029 0.8088 0.0341 0.0241 
   HI_SS0314  8 0.0136 0.1983 0.0134 0.0015 0.7424 0.0203 0.0104 
   HI_SS0316  8 0.1256 0.2385 0.1764 0.0047 0.2071 0.0501 0.1977 
   HI_SS0317  8 0.1588 0.0644 0.3859 0.0024 0.1326 0.2190 0.0369 
   HI_SS0318  8 0.2304 0.1187 0.1092 0.2019 0.0190 0.0165 0.3043 
   HI_SS0319  8 0.0093 0.6506 0.0142 0.0035 0.0156 0.0097 0.2969 
   HI_SS0320  8 0.7926 0.0100 0.0124 0.0013 0.1669 0.0097 0.0071 
   HI_SS0321  8 0.0478 0.3444 0.5637 0.0017 0.0147 0.0072 0.0206 
   HI_SS0323  8 0.0104 0.1840 0.0339 0.0015 0.6911 0.0658 0.0133 
   HI_SS0325  8 0.0085 0.0096 0.0273 0.0021 0.0188 0.0325 0.9011 
   HI_SS0327  8 0.0350 0.4566 0.0980 0.0017 0.0104 0.0182 0.3803 
   HI_SS0329  8 0.2706 0.0223 0.0688 0.0016 0.3366 0.2542 0.0459 
   HI_SS0333  8 0.1990 0.2526 0.0907 0.0028 0.0815 0.3116 0.0617 
   HI_SS0334  8 0.1052 0.0592 0.3043 0.0013 0.0135 0.2380 0.2786 
   HI_SS0335  8 0.0540 0.0237 0.2934 0.0166 0.0061 0.5964 0.0098 
   HI_SS0339  8 0.0550 0.7298 0.0148 0.0106 0.0196 0.1599 0.0102 
   HI_SS0343  8 0.7853 0.0497 0.0469 0.0020 0.0171 0.0734 0.0255 
   HI_SS0344  8 0.0148 0.0078 0.0099 0.0033 0.0049 0.0055 0.9539 
   HI_SS0345  8 0.3445 0.0137 0.0122 0.0074 0.0093 0.3916 0.2213 
   HI_SS0346  8 0.7847 0.0800 0.0293 0.0040 0.0765 0.0122 0.0133 
   HI_SS0350  8 0.0087 0.0055 0.0194 0.0072 0.0168 0.9374 0.0050 
   HI_SS0351  8 0.1357 0.1462 0.1783 0.0032 0.0158 0.4825 0.0382 
   HI_SS0352  8 0.3808 0.0164 0.0994 0.1033 0.0200 0.3662 0.0138 
   HI_SS0362  8 0.0152 0.0326 0.0150 0.0019 0.7763 0.0165 0.1424 
   HI_SS0363  8 0.0206 0.3647 0.0180 0.0038 0.0213 0.0563 0.5154 
   HI_SS0365  8 0.0188 0.0180 0.5570 0.0044 0.0219 0.0283 0.3517 
   HI_SS0366  8 0.0105 0.0435 0.0226 0.0018 0.0116 0.0235 0.8865 
   HI_SS0367  8 0.0375 0.0329 0.0242 0.0021 0.0328 0.8641 0.0064 
   HI_SS0369  8 0.5079 0.0384 0.0916 0.0021 0.0623 0.2862 0.0114 
   HI_SS0370  8 0.0963 0.0297 0.8450 0.0025 0.0132 0.0067 0.0066 
   HI_SS0371  8 0.0105 0.3200 0.0077 0.0049 0.6121 0.0093 0.0356 
   HI_SS0373  8 0.0034 0.0087 0.0060 0.0067 0.9522 0.0093 0.0137 
   HI_SS0374  8 0.0412 0.4380 0.1745 0.0297 0.2635 0.0451 0.0080 
   HI_SS0377  8 0.1241 0.0510 0.0472 0.0979 0.0199 0.0547 0.6053 
   HI_SS0379  8 0.0200 0.1013 0.0064 0.0014 0.0040 0.0077 0.8591 
   HI_SS0380  8 0.0939 0.0919 0.3279 0.0080 0.1033 0.3586 0.0164 
   HI_SS0381  8 0.0775 0.0364 0.2078 0.0049 0.1580 0.4846 0.0309 
   HI_SS0384  8 0.1028 0.1497 0.0889 0.0071 0.6047 0.0119 0.0350 
   HI_SS0385  8 0.0117 0.0205 0.0054 0.0015 0.3021 0.0679 0.5910 
   HI_SS0386  9 0.0017 0.0019 0.0018 0.9899 0.0013 0.0017 0.0017 
   HI_SS0387  9 0.0129 0.0096 0.0111 0.9300 0.0095 0.0083 0.0186 
   HI_SS0389  9 0.0050 0.0039 0.0035 0.9764 0.0027 0.0035 0.0048 
   HI_SS0390  9 0.0016 0.0018 0.0017 0.9894 0.0020 0.0015 0.0020 
   HI_SS0391  9 0.0032 0.0025 0.0038 0.9824 0.0023 0.0034 0.0025 
   HI_SS0392  9 0.0019 0.0021 0.0018 0.9887 0.0018 0.0019 0.0018 
   HI_SS0393  9 0.0012 0.0019 0.0017 0.9898 0.0016 0.0016 0.0023 
   HI_SS0394  9 0.0019 0.0013 0.0018 0.9897 0.0014 0.0019 0.0020 
   HI_SS0395  9 0.0042 0.0037 0.0050 0.9757 0.0043 0.0030 0.0042 
   HI_SS0396  9 0.0078 0.0084 0.0081 0.9429 0.0095 0.0162 0.0070 
   HI_SS0398  9 0.0053 0.0085 0.0080 0.9637 0.0049 0.0054 0.0042 
   HI_SS0399  9 0.0011 0.0010 0.0015 0.9930 0.0012 0.0011 0.0013 
   HI_SS0400  9 0.0021 0.0017 0.0019 0.9869 0.0026 0.0024 0.0024 
   HI_SS0401  9 0.0016 0.0017 0.0018 0.9897 0.0018 0.0019 0.0016 
   HI_SS0402  9 0.0018 0.0013 0.0016 0.9914 0.0012 0.0014 0.0013 
   HI_SS0403  9 0.0024 0.0019 0.0015 0.9897 0.0016 0.0014 0.0015 
   HI_SS0404  9 0.0012 0.0017 0.0014 0.9908 0.0014 0.0018 0.0017 
   HI_SS0405  9 0.0250 0.0162 0.0168 0.9126 0.0091 0.0142 0.0061 
   HI_SS0406  9 0.0021 0.0035 0.0028 0.9852 0.0021 0.0024 0.0019 
   HI_SS0407  9 0.0089 0.0068 0.0069 0.9537 0.0093 0.0059 0.0085 
   HI_SS0408  9 0.0016 0.0015 0.0015 0.9912 0.0015 0.0012 0.0014 
   HI_SS0409  9 0.0029 0.0033 0.0043 0.9786 0.0033 0.0028 0.0048 
   HI_SS0411  9 0.0031 0.0034 0.0033 0.9812 0.0034 0.0028 0.0028 
   HI_SS0412  9 0.0466 0.0520 0.0549 0.7946 0.0174 0.0156 0.0189 
   HI_SS0413  9 0.0020 0.0018 0.0020 0.9873 0.0022 0.0022 0.0025 
   HI_SS0414  9 0.0129 0.0198 0.0159 0.9163 0.0166 0.0136 0.0049 
   HI_SS0415  9 0.0021 0.0026 0.0022 0.9877 0.0019 0.0017 0.0018 
   HI_SS0416  9 0.0024 0.0047 0.0036 0.9772 0.0043 0.0043 0.0036 
   HI_SS0418  9 0.0065 0.0066 0.0048 0.9690 0.0059 0.0037 0.0035 
   HI_SS0419  9 0.0038 0.0020 0.0032 0.9794 0.0037 0.0043 0.0036 
   HI_SS0420  9 0.0019 0.0029 0.0026 0.9848 0.0019 0.0025 0.0034 
   HI_SS0421  9 0.0047 0.0047 0.0052 0.9700 0.0046 0.0063 0.0046 
   HI_SS0422  9 0.0022 0.0017 0.0019 0.9897 0.0013 0.0019 0.0014 
   HI_SS0423  9 0.0039 0.0041 0.0056 0.9724 0.0056 0.0044 0.0040 
   HI_SS0424  9 0.0023 0.0019 0.0016 0.9885 0.0017 0.0025 0.0015 
   HI_SS0425  9 0.0040 0.0032 0.0029 0.9793 0.0043 0.0039 0.0025 
   NS_SS1146 10 0.0023 0.0035 0.0023 0.9848 0.0022 0.0027 0.0022 
   NS_SS1157 10 0.0070 0.0070 0.0076 0.9601 0.0063 0.0060 0.0060 
   NS_SS1144 10 0.0067 0.0160 0.0257 0.9025 0.0081 0.0230 0.0180 
   NS_SS1074 10 0.0038 0.0033 0.0037 0.9784 0.0031 0.0040 0.0036 
   NS_SS1122 10 0.0029 0.0049 0.0067 0.9706 0.0046 0.0059 0.0044 
   NS_SS1136 10 0.0017 0.0012 0.0013 0.9922 0.0012 0.0014 0.0010 
   NS_SS1077 10 0.0008 0.0008 0.0009 0.9947 0.0011 0.0008 0.0008 
   NS_SS1134 10 0.0092 0.0075 0.0097 0.9395 0.0168 0.0085 0.0088 
   NS_SS1091 10 0.0026 0.0021 0.0021 0.9866 0.0026 0.0025 0.0016 
   NS_SS1089 10 0.0037 0.0031 0.0023 0.9811 0.0030 0.0027 0.0040 
   NS_SS1123 10 0.0016 0.0016 0.0013 0.9905 0.0018 0.0015 0.0016 
   NS_SS1158 10 0.0015 0.0011 0.0012 0.9930 0.0010 0.0013 0.0009 
   NS_SS1093 10 0.0023 0.0028 0.0023 0.9846 0.0032 0.0022 0.0026 
