

----------------------------------------------------
STRUCTURE by Pritchard, Stephens and Donnelly (2000)
     and Falush, Stephens and Pritchard (2003)
       Code by Pritchard, Falush and Hubisz
             Version 2.3.4 (Jul 2012)
----------------------------------------------------



Command line arguments:   /home/genobiwan/Documents/Programs/Structure/structure -m parameter_job_k4_r10 
Input File:    /media/genobiwan/Storage/Projets/Mackerel_NWA_2021/data_job_k4_r10

Run parameters:
   629 individuals
   4140 loci
   4 populations assumed
   100000 Burn-in period
   200000 Reps


--------------------------------------------
Proportion of membership of each pre-defined
 population in each of the 4 clusters

Given    Inferred Clusters              Number of
 Pop       1      2      3      4      Individuals

  1:     0.365  0.372  0.012  0.250       67
  2:     0.419  0.383  0.008  0.190       32
  3:     0.394  0.343  0.014  0.250       92
  4:     0.358  0.255  0.016  0.372       36
  5:     0.159  0.441  0.020  0.380       41
  6:     0.346  0.300  0.013  0.341      158
  7:     0.366  0.328  0.010  0.296       79
  8:     0.302  0.306  0.014  0.377       52
  9:     0.007  0.005  0.983  0.005       36
 10:     0.004  0.004  0.989  0.004       36
--------------------------------------------

Allele-freq. divergence among pops (Net nucleotide distance),
computed using point estimates of P.

      1       2       3       4      
 1      -    0.0001  0.0047  0.0002  
 2   0.0001     -    0.0048  0.0003  
 3   0.0047  0.0048     -    0.0050  
 4   0.0002  0.0003  0.0050     -    

Average distances (expected heterozygosity) between individuals in same cluster:
cluster  1  : 0.3189 
cluster  2  : 0.3182 
cluster  3  : 0.3056 
cluster  4  : 0.3182 

--------------------------------------------
Estimated Ln Prob of Data   = -2471696.7
Mean value of ln likelihood = -2466588.7
Variance of ln likelihood   = 10216.1
Mean value of alpha         = 0.0388

Mean value of Fst_1         = 0.0014
Mean value of Fst_2         = 0.0022
Mean value of Fst_3         = 0.0379
Mean value of Fst_4         = 0.0028


Inferred ancestry of individuals:
        Label (%Miss) Pop:  Inferred clusters
  1 NS_SS0963    (4)    1 :  0.908 0.041 0.004 0.047 
  2 NS_SS0983    (1)    1 :  0.124 0.007 0.004 0.865 
  3 NS_SS0719    (9)    1 :  0.948 0.017 0.004 0.031 
  4 NS_SS1001    (8)    1 :  0.031 0.799 0.006 0.164 
  5 NS_SS0936    (4)    1 :  0.587 0.355 0.003 0.056 
  6 NS_SS0955    (6)    1 :  0.143 0.072 0.004 0.781 
  7 NS_SS0944    (3)    1 :  0.028 0.071 0.002 0.899 
  8 NS_SS0945    (3)    1 :  0.047 0.605 0.010 0.337 
  9 NS_SS0922    (2)    1 :  0.761 0.203 0.023 0.013 
 10 NS_SS0929    (7)    1 :  0.406 0.119 0.003 0.471 
 11 NS_SS0956    (1)    1 :  0.476 0.492 0.004 0.028 
 12 NS_SS0906    (3)    1 :  0.469 0.442 0.003 0.087 
 13 NS_SS0721    (6)    1 :  0.972 0.010 0.004 0.015 
 14 NS_SS0982    (4)    1 :  0.606 0.362 0.017 0.015 
 15 NS_SS0923    (6)    1 :  0.938 0.043 0.004 0.016 
 16 NS_SS0905    (6)    1 :  0.921 0.036 0.001 0.041 
 17 NS_SS0925    (3)    1 :  0.855 0.132 0.004 0.010 
 18 NS_SS0947    (6)    1 :  0.200 0.756 0.004 0.040 
 19 NS_SS0926    (2)    1 :  0.010 0.010 0.001 0.979 
 20 NS_SS0918    (6)    1 :  0.055 0.839 0.003 0.103 
 21 NS_SS0966    (4)    1 :  0.049 0.852 0.049 0.051 
 22 NS_SS0938    (2)    1 :  0.017 0.955 0.001 0.027 
 23 NS_SS0917    (2)    1 :  0.909 0.042 0.030 0.019 
 24 NS_SS0957   (11)    1 :  0.125 0.839 0.007 0.030 
 25 NS_SS0987    (1)    1 :  0.434 0.249 0.241 0.076 
 26 NS_SS0717    (4)    1 :  0.046 0.927 0.002 0.025 
 27 NS_SS0986    (2)    1 :  0.091 0.799 0.003 0.107 
 28 NS_SS0953    (3)    1 :  0.088 0.853 0.016 0.042 
 29 NS_SS0907    (3)    1 :  0.588 0.354 0.038 0.020 
 30 NS_SS0974    (6)    1 :  0.166 0.061 0.004 0.769 
 31 NS_SS0989    (1)    1 :  0.081 0.021 0.001 0.897 
 32 NS_SS0991    (3)    1 :  0.119 0.049 0.002 0.830 
 33 NS_SS0994    (2)    1 :  0.009 0.006 0.002 0.983 
 34 NS_SS0931    (6)    1 :  0.029 0.009 0.011 0.950 
 35 NS_SS1000    (5)    1 :  0.284 0.697 0.004 0.016 
 36 NS_SS0919    (1)    1 :  0.950 0.007 0.002 0.040 
 37 NS_SS0949    (4)    1 :  0.034 0.009 0.001 0.956 
 38 NS_SS0960   (10)    1 :  0.656 0.014 0.006 0.324 
 39 NS_SS0716    (2)    1 :  0.022 0.965 0.007 0.006 
 40 NS_SS0924    (8)    1 :  0.473 0.043 0.019 0.466 
 41 NS_SS0935    (2)    1 :  0.559 0.010 0.008 0.423 
 42 NS_SS0952   (14)    1 :  0.142 0.074 0.041 0.744 
 43 NS_SS0962   (11)    1 :  0.263 0.706 0.007 0.023 
 44 NS_SS0973    (5)    1 :  0.870 0.017 0.004 0.109 
 45 NS_SS0722    (1)    1 :  0.094 0.896 0.002 0.008 
 46 NS_SS0979   (13)    1 :  0.043 0.942 0.002 0.013 
 47 NS_SS0993    (2)    1 :  0.032 0.906 0.018 0.043 
 48 NS_SS0958    (1)    1 :  0.029 0.096 0.003 0.873 
 49 NS_SS0988    (4)    1 :  0.258 0.571 0.005 0.166 
 50 NS_SS1003    (2)    1 :  0.405 0.548 0.009 0.038 
 51 NS_SS0976    (1)    1 :  0.183 0.051 0.002 0.764 
 52 NS_SS0964   (10)    1 :  0.081 0.905 0.002 0.012 
 53 NS_SS0939    (4)    1 :  0.182 0.807 0.005 0.006 
 54 NS_SS0990    (6)    1 :  0.029 0.867 0.004 0.100 
 55 NS_SS0984    (2)    1 :  0.383 0.604 0.002 0.011 
 56 NS_SS0980   (10)    1 :  0.931 0.023 0.002 0.045 
 57 NS_SS0978    (4)    1 :  0.967 0.021 0.003 0.010 
 58 NS_SS0951   (18)    1 :  0.070 0.353 0.003 0.574 
 59 NS_SS0913    (3)    1 :  0.036 0.902 0.037 0.025 
 60 NS_SS1002    (1)    1 :  0.065 0.882 0.039 0.013 
 61 NS_SS0948    (1)    1 :  0.064 0.764 0.044 0.127 
 62 NS_SS0916    (4)    1 :  0.738 0.053 0.004 0.205 
 63 NS_SS0995    (1)    1 :  0.911 0.064 0.003 0.022 
 64 NS_SS0927    (6)    1 :  0.954 0.021 0.004 0.022 
 65 NS_SS0992    (5)    1 :  0.658 0.127 0.003 0.213 
 66 NS_SS0912    (1)    1 :  0.263 0.206 0.003 0.528 
 67 NS_SS0981    (1)    1 :  0.605 0.360 0.003 0.031 
 68 NS_SS0729    (5)    2 :  0.013 0.008 0.003 0.976 
 69 NS_SS0967   (15)    2 :  0.709 0.182 0.010 0.098 
 70 NS_SS0941    (8)    2 :  0.577 0.266 0.068 0.089 
 71 NS_SS0768   (12)    2 :  0.133 0.817 0.004 0.046 
 72 NS_SS0726    (5)    2 :  0.209 0.021 0.008 0.762 
 73 NS_SS0763    (4)    2 :  0.061 0.116 0.002 0.821 
 74 NS_SS0730    (6)    2 :  0.263 0.682 0.003 0.052 
 75 NS_SS0774    (2)    2 :  0.144 0.847 0.001 0.008 
 76 NS_SS0723    (3)    2 :  0.982 0.011 0.001 0.005 
 77 NS_SS0940   (10)    2 :  0.774 0.046 0.006 0.174 
 78 NS_SS0762    (1)    2 :  0.069 0.918 0.003 0.011 
 79 NS_SS0766   (11)    2 :  0.721 0.108 0.012 0.160 
 80 NS_SS0724    (1)    2 :  0.018 0.964 0.004 0.014 
 81 NS_SS0769    (3)    2 :  0.594 0.387 0.004 0.015 
 82 NS_SS0777    (1)    2 :  0.439 0.167 0.014 0.380 
 83 NS_SS0734    (6)    2 :  0.810 0.048 0.022 0.120 
 84 NS_SS0737    (3)    2 :  0.171 0.815 0.005 0.010 
 85 NS_SS0732    (5)    2 :  0.954 0.032 0.004 0.011 
 86 NS_SS0728    (5)    2 :  0.845 0.100 0.009 0.046 
 87 NS_SS0735    (9)    2 :  0.719 0.230 0.007 0.044 
 88 NS_SS0725    (1)    2 :  0.006 0.950 0.006 0.037 
 89 NS_SS0788    (2)    2 :  0.970 0.017 0.001 0.012 
 90 NS_SS0778    (2)    2 :  0.918 0.037 0.001 0.043 
 91 NS_SS0792    (6)    2 :  0.249 0.593 0.006 0.152 
 92 NS_SS0943   (11)    2 :  0.016 0.018 0.008 0.958 
 93 NS_SS0791    (2)    2 :  0.959 0.007 0.010 0.024 
 94 NS_SS0790    (5)    2 :  0.008 0.985 0.003 0.004 
 95 NS_SS0731    (6)    2 :  0.016 0.963 0.010 0.010 
 96 NS_SS0727    (7)    2 :  0.028 0.186 0.002 0.784 
 97 NS_SS0779   (13)    2 :  0.794 0.143 0.005 0.058 
 98 NS_SS0776    (3)    2 :  0.131 0.722 0.007 0.140 
 99 NS_SS0775    (5)    2 :  0.108 0.874 0.007 0.011 
100 NS_SS0965    (3)    3 :  0.904 0.042 0.002 0.052 
101 NS_SS0754   (14)    3 :  0.632 0.024 0.013 0.331 
102 NS_SS0838    (5)    3 :  0.167 0.604 0.042 0.187 
103 NS_SS0839    (3)    3 :  0.209 0.778 0.004 0.009 
104 NS_SS0832    (4)    3 :  0.278 0.673 0.043 0.006 
105 NS_SS0820    (5)    3 :  0.508 0.481 0.006 0.006 
106 NS_SS0886    (9)    3 :  0.689 0.027 0.002 0.282 
107 NS_SS0748    (5)    3 :  0.087 0.422 0.010 0.481 
108 NS_SS0884    (9)    3 :  0.765 0.124 0.022 0.088 
109 NS_SS0752    (4)    3 :  0.895 0.063 0.002 0.040 
110 NS_SS0862    (1)    3 :  0.910 0.078 0.004 0.009 
111 NS_SS0787    (9)    3 :  0.041 0.012 0.006 0.942 
112 NS_SS0843    (6)    3 :  0.475 0.400 0.002 0.124 
113 NS_SS0856    (4)    3 :  0.106 0.875 0.003 0.016 
114 NS_SS0846    (2)    3 :  0.353 0.123 0.003 0.520 
115 NS_SS0825    (1)    3 :  0.441 0.308 0.011 0.239 
116 NS_SS0757    (3)    3 :  0.656 0.095 0.003 0.246 
117 NS_SS0876    (3)    3 :  0.285 0.485 0.222 0.008 
118 NS_SS0903   (10)    3 :  0.856 0.132 0.002 0.010 
119 NS_SS0875    (7)    3 :  0.441 0.477 0.003 0.079 
120 NS_SS0740    (5)    3 :  0.839 0.072 0.002 0.087 
121 NS_SS0811    (5)    3 :  0.015 0.966 0.009 0.010 
122 NS_SS0751    (1)    3 :  0.731 0.195 0.002 0.072 
123 NS_SS0891    (6)    3 :  0.032 0.946 0.005 0.017 
124 NS_SS0867    (2)    3 :  0.607 0.038 0.028 0.327 
125 NS_SS0890    (6)    3 :  0.864 0.041 0.003 0.092 
126 NS_SS0866   (12)    3 :  0.021 0.033 0.005 0.941 
127 NS_SS0755    (4)    3 :  0.206 0.726 0.007 0.061 
128 NS_SS0758    (4)    3 :  0.582 0.263 0.002 0.153 
129 NS_SS0840    (2)    3 :  0.081 0.903 0.002 0.013 
130 NS_SS0889    (4)    3 :  0.016 0.034 0.002 0.949 
131 NS_SS1010    (1)    3 :  0.508 0.329 0.041 0.122 
132 NS_SS0888    (5)    3 :  0.189 0.008 0.001 0.801 
133 NS_SS0837    (3)    3 :  0.308 0.594 0.003 0.095 
134 NS_SS0794   (10)    3 :  0.055 0.119 0.002 0.824 
135 NS_SS0823    (5)    3 :  0.056 0.930 0.003 0.011 
136 NS_SS0829    (7)    3 :  0.045 0.012 0.118 0.826 
137 NS_SS0844    (5)    3 :  0.054 0.934 0.002 0.010 
138 NS_SS1008    (6)    3 :  0.083 0.133 0.012 0.772 
139 NS_SS0881    (3)    3 :  0.630 0.051 0.003 0.316 
140 NS_SS0834    (6)    3 :  0.017 0.961 0.005 0.017 
141 NS_SS0744   (10)    3 :  0.960 0.017 0.005 0.018 
142 NS_SS0899    (7)    3 :  0.013 0.981 0.001 0.005 
143 NS_SS0804    (5)    3 :  0.118 0.870 0.004 0.008 
144 NS_SS0781   (10)    3 :  0.069 0.922 0.003 0.007 
145 NS_SS0822    (6)    3 :  0.046 0.057 0.002 0.895 
146 NS_SS1004    (4)    3 :  0.536 0.347 0.003 0.114 
147 NS_SS0746    (5)    3 :  0.094 0.660 0.013 0.234 
148 NS_SS0880    (3)    3 :  0.385 0.205 0.002 0.409 
149 NS_SS0879    (5)    3 :  0.075 0.871 0.013 0.040 
150 NS_SS0753    (2)    3 :  0.618 0.023 0.009 0.350 
151 NS_SS1007    (3)    3 :  0.974 0.007 0.002 0.017 
152 NS_SS0872    (5)    3 :  0.026 0.964 0.002 0.008 
153 NS_SS1005    (7)    3 :  0.133 0.852 0.001 0.014 
154 NS_SS0892    (6)    3 :  0.847 0.120 0.002 0.031 
155 NS_SS0898    (0)    3 :  0.029 0.057 0.006 0.908 
156 NS_SS0801    (9)    3 :  0.885 0.081 0.009 0.025 
157 NS_SS0827    (9)    3 :  0.370 0.225 0.127 0.277 
158 NS_SS0853    (7)    3 :  0.102 0.868 0.005 0.024 
159 NS_SS0780    (2)    3 :  0.966 0.026 0.003 0.006 
160 NS_SS0826   (10)    3 :  0.015 0.417 0.003 0.564 
161 NS_SS0818    (5)    3 :  0.940 0.043 0.001 0.015 
162 NS_SS0745    (1)    3 :  0.060 0.929 0.002 0.009 
163 NS_SS0849    (3)    3 :  0.458 0.424 0.002 0.117 
164 NS_SS0739    (3)    3 :  0.960 0.022 0.010 0.008 
165 NS_SS0799    (1)    3 :  0.524 0.018 0.001 0.457 
166 NS_SS0756    (3)    3 :  0.104 0.882 0.003 0.011 
167 NS_SS0802    (2)    3 :  0.767 0.005 0.184 0.043 
168 NS_SS0747    (6)    3 :  0.967 0.018 0.004 0.011 
169 NS_SS0835    (1)    3 :  0.209 0.018 0.001 0.772 
170 NS_SS0742   (19)    3 :  0.807 0.151 0.001 0.041 
171 NS_SS0760    (9)    3 :  0.024 0.021 0.051 0.904 
172 NS_SS0803    (4)    3 :  0.177 0.806 0.008 0.009 
173 NS_SS0828   (14)    3 :  0.775 0.024 0.001 0.200 
174 NS_SS0865    (2)    3 :  0.725 0.160 0.027 0.088 
175 NS_SS0759    (5)    3 :  0.859 0.131 0.004 0.006 
176 NS_SS0851    (5)    3 :  0.042 0.935 0.013 0.010 
177 NS_SS0874   (16)    3 :  0.205 0.770 0.001 0.024 
178 NS_SS0761    (6)    3 :  0.080 0.042 0.003 0.876 
179 NS_SS0842   (26)    3 :  0.034 0.690 0.008 0.268 
180 NS_SS0785    (6)    3 :  0.851 0.048 0.004 0.097 
181 NS_SS0860   (11)    3 :  0.300 0.017 0.002 0.680 
182 NS_SS0897    (7)    3 :  0.010 0.008 0.002 0.980 
183 NS_SS0841   (15)    3 :  0.513 0.436 0.004 0.048 
184 NS_SS0797    (7)    3 :  0.017 0.031 0.024 0.928 
185 NS_SS0830   (11)    3 :  0.200 0.239 0.002 0.558 
186 NS_SS1011    (5)    3 :  0.266 0.706 0.005 0.022 
187 NS_SS0883    (5)    3 :  0.946 0.019 0.004 0.030 
188 NS_SS0782    (2)    3 :  0.102 0.647 0.003 0.248 
189 NS_SS0831    (5)    3 :  0.045 0.039 0.003 0.913 
190 NS_SS0749    (7)    3 :  0.975 0.006 0.002 0.016 
191 NS_SS0854    (2)    3 :  0.380 0.180 0.003 0.436 
192 HI_SS0193    (0)    4 :  0.008 0.013 0.001 0.978 
193 HI_SS0194    (1)    4 :  0.017 0.953 0.002 0.029 
194 HI_SS0195   (10)    4 :  0.239 0.655 0.102 0.005 
195 HI_SS0196    (6)    4 :  0.509 0.158 0.003 0.330 
196 HI_SS0197    (3)    4 :  0.820 0.164 0.010 0.006 
197 HI_SS0198    (1)    4 :  0.920 0.031 0.007 0.042 
198 HI_SS0199    (1)    4 :  0.752 0.015 0.002 0.231 
199 HI_SS0201    (5)    4 :  0.078 0.010 0.002 0.910 
200 HI_SS0215    (1)    4 :  0.402 0.040 0.003 0.555 
201 HI_SS0218    (1)    4 :  0.011 0.008 0.005 0.976 
202 HI_SS0222    (0)    4 :  0.768 0.119 0.004 0.108 
203 HI_SS0230    (1)    4 :  0.344 0.632 0.005 0.019 
204 HI_SS0234    (2)    4 :  0.649 0.122 0.149 0.079 
205 HI_SS0240    (1)    4 :  0.981 0.009 0.004 0.007 
206 HI_SS0241    (0)    4 :  0.152 0.048 0.002 0.798 
207 HI_SS0242    (0)    4 :  0.192 0.547 0.003 0.258 
208 HI_SS0247    (0)    4 :  0.014 0.944 0.018 0.024 
209 HI_SS0248    (1)    4 :  0.010 0.010 0.001 0.979 
210 HI_SS0252    (2)    4 :  0.064 0.838 0.002 0.096 
211 HI_SS0254    (0)    4 :  0.203 0.014 0.088 0.695 
212 HI_SS0256    (0)    4 :  0.047 0.948 0.001 0.004 
213 HI_SS0257    (0)    4 :  0.319 0.084 0.003 0.593 
214 HI_SS0258    (1)    4 :  0.086 0.017 0.005 0.892 
215 HI_SS0259    (1)    4 :  0.652 0.328 0.003 0.017 
216 HI_SS0260    (1)    4 :  0.170 0.053 0.002 0.775 
217 HI_SS0261    (2)    4 :  0.251 0.048 0.003 0.698 
218 HI_SS0262    (0)    4 :  0.366 0.600 0.006 0.028 
219 HI_SS0264    (0)    4 :  0.247 0.730 0.004 0.019 
220 HI_SS0265    (0)    4 :  0.306 0.576 0.095 0.023 
221 HI_SS0268    (1)    4 :  0.756 0.206 0.003 0.035 
222 HI_SS0269    (0)    4 :  0.043 0.009 0.002 0.946 
223 HI_SS0273    (0)    4 :  0.032 0.018 0.002 0.949 
224 HI_SS0277    (1)    4 :  0.794 0.030 0.002 0.173 
225 HI_SS0280    (0)    4 :  0.657 0.121 0.005 0.217 
226 HI_SS0282    (1)    4 :  0.288 0.026 0.001 0.685 
227 HI_SS0286    (1)    4 :  0.738 0.052 0.007 0.203 
228 NS_SS1252    (3)    5 :  0.016 0.008 0.003 0.973 
229 NS_SS1261    (1)    5 :  0.166 0.762 0.016 0.056 
230 NS_SS1225   (10)    5 :  0.130 0.129 0.123 0.619 
231 NS_SS1266    (1)    5 :  0.022 0.963 0.008 0.007 
232 NS_SS1228    (0)    5 :  0.130 0.805 0.013 0.051 
233 NS_SS1255    (3)    5 :  0.015 0.594 0.001 0.391 
234 NS_SS1267    (3)    5 :  0.022 0.005 0.013 0.959 
235 NS_SS1238    (6)    5 :  0.052 0.262 0.003 0.683 
236 NS_SS1233    (8)    5 :  0.020 0.893 0.002 0.085 
237 NS_SS1277    (3)    5 :  0.011 0.008 0.001 0.980 
238 NS_SS1245    (1)    5 :  0.022 0.184 0.002 0.793 
239 NS_SS1240    (4)    5 :  0.108 0.008 0.002 0.882 
240 NS_SS1275    (2)    5 :  0.014 0.979 0.002 0.005 
241 NS_SS1235    (1)    5 :  0.065 0.870 0.005 0.060 
242 NS_SS1263    (1)    5 :  0.018 0.942 0.001 0.039 
243 NS_SS1251    (2)    5 :  0.055 0.857 0.002 0.087 
244 NS_SS1248    (0)    5 :  0.033 0.525 0.114 0.328 
245 NS_SS1244    (0)    5 :  0.505 0.041 0.006 0.448 
246 NS_SS1257    (1)    5 :  0.275 0.026 0.029 0.670 
247 NS_SS1242    (2)    5 :  0.028 0.963 0.002 0.007 
248 NS_SS1271    (6)    5 :  0.019 0.005 0.028 0.947 
249 NS_SS1265    (1)    5 :  0.044 0.313 0.023 0.619 
250 NS_SS1243    (0)    5 :  0.118 0.777 0.076 0.029 
251 NS_SS1273    (1)    5 :  0.069 0.909 0.009 0.012 
252 NS_SS1254   (14)    5 :  0.012 0.969 0.005 0.014 
253 NS_SS1224    (1)    5 :  0.040 0.944 0.006 0.010 
254 NS_SS1227    (8)    5 :  0.627 0.042 0.002 0.330 
255 NS_SS1274    (9)    5 :  0.253 0.059 0.017 0.671 
256 NS_SS1241    (1)    5 :  0.016 0.103 0.001 0.880 
257 NS_SS1256    (3)    5 :  0.044 0.600 0.038 0.318 
258 NS_SS1260    (8)    5 :  0.630 0.020 0.069 0.282 
259 NS_SS1262    (0)    5 :  0.131 0.037 0.172 0.659 
260 NS_SS1230    (0)    5 :  0.143 0.317 0.008 0.532 
261 NS_SS1270    (2)    5 :  0.104 0.874 0.002 0.020 
262 NS_SS1229    (2)    5 :  0.688 0.272 0.004 0.036 
263 NS_SS1246    (5)    5 :  0.026 0.027 0.003 0.944 
264 NS_SS1269    (0)    5 :  0.886 0.085 0.002 0.028 
265 NS_SS1239    (1)    5 :  0.687 0.218 0.005 0.090 
266 NS_SS1272    (5)    5 :  0.012 0.958 0.005 0.026 
267 NS_SS1268    (1)    5 :  0.238 0.724 0.002 0.036 
268 NS_SS1249    (1)    5 :  0.009 0.011 0.013 0.967 
269 HI_SS0559    (0)    6 :  0.818 0.076 0.001 0.105 
270 HI_SS0563    (1)    6 :  0.322 0.169 0.003 0.506 
271 HI_SS0564    (0)    6 :  0.821 0.085 0.046 0.049 
272 HI_SS0565    (0)    6 :  0.853 0.061 0.003 0.084 
273 HI_SS0569    (1)    6 :  0.241 0.010 0.002 0.747 
274 HI_SS0570    (0)    6 :  0.037 0.021 0.038 0.904 
275 HI_SS0572    (1)    6 :  0.043 0.941 0.002 0.014 
276 HI_SS0576    (1)    6 :  0.929 0.049 0.004 0.019 
277 HI_SS0579    (1)    6 :  0.524 0.088 0.017 0.371 
278 HI_SS0580    (1)    6 :  0.404 0.059 0.004 0.533 
279 HI_SS0581    (0)    6 :  0.156 0.770 0.065 0.009 
280 HI_SS0583    (1)    6 :  0.038 0.216 0.002 0.744 
281 HI_SS0586    (1)    6 :  0.023 0.008 0.001 0.969 
282 HI_SS0588    (1)    6 :  0.359 0.041 0.020 0.580 
283 HI_SS0595    (4)    6 :  0.453 0.032 0.027 0.488 
284 HI_SS0596    (0)    6 :  0.011 0.977 0.002 0.010 
285 HI_SS0597    (1)    6 :  0.014 0.974 0.002 0.009 
286 HI_SS0600    (0)    6 :  0.790 0.051 0.003 0.156 
287 HI_SS0601    (1)    6 :  0.447 0.088 0.013 0.453 
288 HI_SS0602    (1)    6 :  0.935 0.023 0.002 0.040 
289 HI_SS0604    (0)    6 :  0.264 0.520 0.002 0.214 
290 HI_SS0605    (1)    6 :  0.905 0.016 0.005 0.073 
291 HI_SS0608    (0)    6 :  0.072 0.581 0.001 0.345 
292 HI_SS0609    (0)    6 :  0.013 0.969 0.001 0.017 
293 HI_SS0611    (5)    6 :  0.083 0.055 0.003 0.859 
294 HI_SS0612    (0)    6 :  0.759 0.076 0.006 0.159 
295 HI_SS0613    (1)    6 :  0.748 0.154 0.002 0.097 
296 HI_SS0615    (1)    6 :  0.925 0.060 0.008 0.007 
297 HI_SS0001    (1)    6 :  0.114 0.150 0.004 0.732 
298 HI_SS0002    (1)    6 :  0.116 0.842 0.025 0.016 
299 HI_SS0004    (0)    6 :  0.242 0.239 0.006 0.514 
300 HI_SS0005    (1)    6 :  0.905 0.056 0.005 0.035 
301 HI_SS0006    (1)    6 :  0.055 0.113 0.002 0.831 
302 HI_SS0007    (1)    6 :  0.012 0.012 0.002 0.974 
303 HI_SS0008    (0)    6 :  0.881 0.042 0.028 0.049 
304 HI_SS0009    (0)    6 :  0.494 0.459 0.005 0.042 
305 HI_SS0010    (1)    6 :  0.072 0.032 0.003 0.893 
306 HI_SS0011    (1)    6 :  0.014 0.875 0.072 0.039 
307 HI_SS0012    (0)    6 :  0.961 0.029 0.004 0.006 
308 HI_SS0017    (1)    6 :  0.008 0.970 0.001 0.020 
309 HI_SS0021    (1)    6 :  0.016 0.262 0.242 0.479 
310 HI_SS0024    (1)    6 :  0.065 0.795 0.002 0.138 
311 HI_SS0025    (1)    6 :  0.022 0.964 0.003 0.011 
312 HI_SS0027    (0)    6 :  0.286 0.010 0.013 0.691 
313 HI_SS0028    (0)    6 :  0.614 0.378 0.002 0.007 
314 HI_SS0029    (1)    6 :  0.329 0.624 0.008 0.039 
315 HI_SS0030    (2)    6 :  0.314 0.029 0.005 0.652 
316 HI_SS0031    (0)    6 :  0.978 0.010 0.002 0.010 
317 HI_SS0034    (0)    6 :  0.318 0.009 0.005 0.668 
318 HI_SS0036    (0)    6 :  0.232 0.007 0.011 0.750 
319 HI_SS0037    (1)    6 :  0.051 0.394 0.004 0.551 
320 HI_SS0039    (0)    6 :  0.072 0.047 0.003 0.877 
321 HI_SS0041    (1)    6 :  0.046 0.942 0.002 0.010 
322 HI_SS0042    (1)    6 :  0.292 0.571 0.113 0.024 
323 HI_SS0043    (1)    6 :  0.016 0.006 0.004 0.975 
324 HI_SS0044    (1)    6 :  0.231 0.509 0.003 0.256 
325 HI_SS0047    (1)    6 :  0.636 0.335 0.002 0.027 
326 HI_SS0049    (1)    6 :  0.027 0.941 0.003 0.028 
327 HI_SS0051    (1)    6 :  0.857 0.073 0.002 0.068 
328 HI_SS0053    (1)    6 :  0.066 0.010 0.005 0.918 
329 HI_SS0054    (4)    6 :  0.007 0.008 0.003 0.982 
330 HI_SS0057    (0)    6 :  0.250 0.405 0.003 0.342 
331 HI_SS0058    (0)    6 :  0.090 0.565 0.007 0.338 
332 HI_SS0060    (0)    6 :  0.669 0.044 0.078 0.210 
333 HI_SS0087    (1)    6 :  0.302 0.116 0.003 0.579 
334 HI_SS0091    (1)    6 :  0.143 0.009 0.001 0.846 
335 HI_SS0095    (1)    6 :  0.915 0.024 0.039 0.022 
336 HI_SS0097    (3)    6 :  0.547 0.379 0.005 0.070 
337 HI_SS0099    (1)    6 :  0.020 0.964 0.003 0.013 
338 HI_SS0103    (0)    6 :  0.775 0.144 0.003 0.078 
339 HI_SS0105    (1)    6 :  0.802 0.109 0.027 0.062 
340 HI_SS0107    (1)    6 :  0.018 0.967 0.001 0.014 
341 HI_SS0108    (1)    6 :  0.010 0.005 0.022 0.963 
342 HI_SS0110    (0)    6 :  0.792 0.048 0.001 0.158 
343 HI_SS0111    (1)    6 :  0.845 0.092 0.022 0.041 
344 HI_SS0112    (0)    6 :  0.010 0.006 0.001 0.982 
345 HI_SS0113    (1)    6 :  0.011 0.975 0.003 0.011 
346 HI_SS0114    (1)    6 :  0.664 0.010 0.005 0.321 
347 HI_SS0115    (1)    6 :  0.908 0.024 0.012 0.056 
348 HI_SS0116    (4)    6 :  0.028 0.041 0.003 0.928 
349 HI_SS0117    (0)    6 :  0.189 0.061 0.002 0.748 
350 HI_SS0118    (0)    6 :  0.041 0.492 0.011 0.456 
351 HI_SS0119    (1)    6 :  0.575 0.008 0.002 0.415 
352 HI_SS0120    (1)    6 :  0.008 0.975 0.003 0.014 
353 HI_SS0121    (0)    6 :  0.029 0.959 0.001 0.011 
354 HI_SS0122    (2)    6 :  0.121 0.722 0.023 0.133 
355 HI_SS0123    (0)    6 :  0.885 0.059 0.004 0.052 
356 HI_SS0124    (1)    6 :  0.058 0.929 0.003 0.010 
357 HI_SS0125    (1)    6 :  0.869 0.090 0.034 0.006 
358 HI_SS0126    (0)    6 :  0.007 0.011 0.001 0.982 
359 HI_SS0127    (0)    6 :  0.706 0.083 0.008 0.203 
360 HI_SS0128    (0)    6 :  0.108 0.628 0.003 0.261 
361 HI_SS0129    (1)    6 :  0.437 0.036 0.010 0.517 
362 HI_SS0131    (2)    6 :  0.025 0.431 0.038 0.506 
363 HI_SS0132    (0)    6 :  0.274 0.184 0.001 0.541 
364 HI_SS0133    (1)    6 :  0.003 0.003 0.001 0.993 
365 HI_SS0134    (1)    6 :  0.526 0.113 0.002 0.360 
366 HI_SS0142    (3)    6 :  0.857 0.117 0.017 0.010 
367 HI_SS0145    (0)    6 :  0.741 0.036 0.001 0.221 
368 HI_SS0146    (1)    6 :  0.034 0.012 0.001 0.953 
369 HI_SS0147    (1)    6 :  0.073 0.898 0.022 0.008 
370 HI_SS0149    (1)    6 :  0.163 0.185 0.005 0.646 
371 HI_SS0150    (2)    6 :  0.561 0.392 0.005 0.042 
372 HI_SS0151    (0)    6 :  0.813 0.018 0.011 0.159 
373 NS_SS1451    (1)    6 :  0.460 0.526 0.003 0.011 
374 NS_SS1404    (0)    6 :  0.103 0.866 0.012 0.018 
375 NS_SS1432    (2)    6 :  0.368 0.589 0.035 0.008 
376 NS_SS1405    (5)    6 :  0.284 0.581 0.003 0.132 
377 NS_SS1431   (10)    6 :  0.076 0.908 0.001 0.015 
378 NS_SS1402    (3)    6 :  0.571 0.269 0.003 0.157 
379 NS_SS1450    (3)    6 :  0.695 0.027 0.004 0.274 
380 NS_SS1396    (0)    6 :  0.258 0.692 0.007 0.043 
381 NS_SS1393    (5)    6 :  0.877 0.032 0.003 0.089 
382 NS_SS1392   (10)    6 :  0.567 0.363 0.016 0.053 
383 NS_SS1445    (0)    6 :  0.220 0.082 0.009 0.689 
384 NS_SS1423    (0)    6 :  0.087 0.047 0.002 0.865 
385 NS_SS1421    (9)    6 :  0.078 0.048 0.103 0.771 
386 NS_SS1411    (6)    6 :  0.093 0.020 0.002 0.885 
387 NS_SS1453    (6)    6 :  0.252 0.122 0.007 0.618 
388 NS_SS1442    (3)    6 :  0.417 0.425 0.004 0.154 
389 NS_SS1422    (1)    6 :  0.240 0.164 0.014 0.582 
390 NS_SS1419    (1)    6 :  0.012 0.749 0.162 0.077 
391 NS_SS1427    (0)    6 :  0.013 0.007 0.002 0.978 
392 NS_SS1444    (4)    6 :  0.029 0.956 0.003 0.012 
393 NS_SS1455    (0)    6 :  0.006 0.980 0.001 0.013 
394 NS_SS1425    (2)    6 :  0.033 0.007 0.001 0.958 
395 NS_SS1400    (0)    6 :  0.006 0.026 0.001 0.968 
396 NS_SS1406    (2)    6 :  0.393 0.589 0.010 0.008 
397 NS_SS1417    (6)    6 :  0.019 0.594 0.008 0.379 
398 NS_SS1454    (3)    6 :  0.054 0.284 0.001 0.661 
399 NS_SS1412    (1)    6 :  0.277 0.454 0.023 0.246 
400 NS_SS1438    (1)    6 :  0.036 0.020 0.001 0.943 
401 NS_SS1416    (4)    6 :  0.761 0.219 0.005 0.015 
402 NS_SS1401    (0)    6 :  0.280 0.685 0.011 0.024 
403 NS_SS1424    (6)    6 :  0.363 0.021 0.012 0.604 
404 NS_SS1435   (10)    6 :  0.518 0.080 0.003 0.399 
405 NS_SS1447    (4)    6 :  0.017 0.966 0.006 0.010 
406 NS_SS1414    (3)    6 :  0.006 0.981 0.006 0.007 
407 NS_SS1449   (14)    6 :  0.494 0.346 0.005 0.155 
408 NS_SS1443    (4)    6 :  0.325 0.009 0.002 0.664 
409 NS_SS1434    (1)    6 :  0.063 0.175 0.001 0.761 
410 NS_SS1398    (1)    6 :  0.767 0.090 0.018 0.125 
411 NS_SS1426    (1)    6 :  0.108 0.008 0.002 0.881 
412 NS_SS1413    (0)    6 :  0.011 0.018 0.012 0.959 
413 NS_SS1395    (1)    6 :  0.779 0.012 0.007 0.202 
414 NS_SS1448   (10)    6 :  0.116 0.114 0.002 0.769 
415 NS_SS1446    (0)    6 :  0.458 0.274 0.003 0.265 
416 NS_SS1403    (2)    6 :  0.858 0.101 0.006 0.035 
417 NS_SS1415    (0)    6 :  0.026 0.010 0.009 0.955 
418 NS_SS1437    (4)    6 :  0.156 0.672 0.007 0.165 
419 NS_SS1439    (2)    6 :  0.919 0.066 0.003 0.012 
420 NS_SS1441    (3)    6 :  0.688 0.019 0.002 0.291 
421 NS_SS1420    (2)    6 :  0.105 0.878 0.003 0.015 
422 NS_SS1394    (2)    6 :  0.736 0.223 0.033 0.009 
423 NS_SS1391    (7)    6 :  0.523 0.088 0.013 0.377 
424 NS_SS1410    (5)    6 :  0.046 0.523 0.016 0.416 
425 NS_SS1408    (1)    6 :  0.928 0.015 0.039 0.017 
426 NS_SS1409    (1)    6 :  0.928 0.028 0.002 0.042 
427 HI_SS0617    (1)    7 :  0.722 0.144 0.001 0.132 
428 HI_SS0618    (2)    7 :  0.909 0.073 0.002 0.016 
429 HI_SS0619    (0)    7 :  0.057 0.895 0.003 0.044 
430 HI_SS0620    (1)    7 :  0.016 0.007 0.003 0.974 
431 HI_SS0621    (3)    7 :  0.366 0.605 0.014 0.016 
432 HI_SS0622    (1)    7 :  0.056 0.782 0.011 0.151 
433 HI_SS0626    (0)    7 :  0.492 0.466 0.008 0.034 
434 HI_SS0627    (0)    7 :  0.064 0.913 0.007 0.016 
435 HI_SS0628    (3)    7 :  0.194 0.075 0.063 0.668 
436 HI_SS0629    (1)    7 :  0.357 0.435 0.007 0.200 
437 HI_SS0630    (1)    7 :  0.305 0.058 0.062 0.575 
438 HI_SS0631    (0)    7 :  0.043 0.028 0.001 0.928 
439 HI_SS0632    (0)    7 :  0.085 0.690 0.003 0.222 
440 HI_SS0633    (0)    7 :  0.056 0.928 0.004 0.013 
441 HI_SS0634    (1)    7 :  0.870 0.093 0.002 0.035 
442 HI_SS0635    (0)    7 :  0.770 0.198 0.007 0.025 
443 HI_SS0637    (1)    7 :  0.959 0.027 0.003 0.011 
444 HI_SS0638    (0)    7 :  0.336 0.126 0.001 0.538 
445 HI_SS0639    (1)    7 :  0.701 0.252 0.038 0.009 
446 HI_SS0640    (1)    7 :  0.692 0.059 0.001 0.247 
447 HI_SS0641    (1)    7 :  0.608 0.081 0.004 0.307 
448 HI_SS0642    (0)    7 :  0.740 0.060 0.002 0.198 
449 HI_SS0645    (0)    7 :  0.191 0.761 0.001 0.047 
450 HI_SS0646    (1)    7 :  0.899 0.045 0.002 0.054 
451 HI_SS0647    (1)    7 :  0.028 0.282 0.001 0.689 
452 HI_SS0648    (0)    7 :  0.825 0.056 0.002 0.117 
453 HI_SS0649    (1)    7 :  0.564 0.378 0.002 0.056 
454 HI_SS0650    (1)    7 :  0.859 0.109 0.004 0.029 
455 HI_SS0651    (1)    7 :  0.791 0.089 0.004 0.116 
456 HI_SS0652    (1)    7 :  0.488 0.492 0.004 0.016 
457 NS_SS1371    (3)    7 :  0.924 0.011 0.004 0.061 
458 NS_SS1374    (0)    7 :  0.442 0.014 0.002 0.541 
459 NS_SS1337    (3)    7 :  0.187 0.610 0.004 0.200 
460 NS_SS1385    (5)    7 :  0.301 0.584 0.005 0.111 
461 NS_SS1388    (0)    7 :  0.010 0.959 0.006 0.025 
462 NS_SS1370    (1)    7 :  0.402 0.465 0.011 0.123 
463 NS_SS1389    (3)    7 :  0.008 0.980 0.003 0.009 
464 NS_SS1360    (1)    7 :  0.671 0.015 0.004 0.310 
465 NS_SS1330    (0)    7 :  0.927 0.063 0.003 0.007 
466 NS_SS1328    (9)    7 :  0.051 0.020 0.002 0.927 
467 NS_SS1384    (1)    7 :  0.705 0.036 0.003 0.255 
468 NS_SS1381    (0)    7 :  0.050 0.939 0.001 0.010 
469 NS_SS1375    (1)    7 :  0.532 0.443 0.001 0.023 
470 NS_SS1319   (11)    7 :  0.793 0.052 0.081 0.074 
471 NS_SS1326    (2)    7 :  0.014 0.015 0.010 0.961 
472 NS_SS1341    (1)    7 :  0.290 0.453 0.005 0.251 
473 NS_SS1383    (2)    7 :  0.866 0.013 0.004 0.117 
474 NS_SS1318    (3)    7 :  0.167 0.770 0.014 0.049 
475 NS_SS1348    (2)    7 :  0.014 0.007 0.001 0.977 
476 NS_SS1363    (0)    7 :  0.400 0.553 0.004 0.042 
477 NS_SS1335    (4)    7 :  0.419 0.017 0.030 0.533 
478 NS_SS1358    (0)    7 :  0.366 0.028 0.017 0.589 
479 NS_SS1342    (1)    7 :  0.038 0.066 0.001 0.894 
480 NS_SS1320    (3)    7 :  0.042 0.947 0.006 0.005 
481 NS_SS1355    (1)    7 :  0.016 0.964 0.011 0.010 
482 NS_SS1345    (1)    7 :  0.053 0.767 0.020 0.161 
483 NS_SS1324    (0)    7 :  0.266 0.069 0.003 0.662 
484 NS_SS1347    (5)    7 :  0.816 0.013 0.003 0.169 
485 NS_SS1321    (4)    7 :  0.719 0.026 0.001 0.254 
486 NS_SS1333    (0)    7 :  0.466 0.089 0.003 0.442 
487 NS_SS1364    (1)    7 :  0.037 0.117 0.002 0.845 
488 NS_SS1379    (0)    7 :  0.518 0.343 0.049 0.090 
489 NS_SS1332    (0)    7 :  0.012 0.008 0.005 0.975 
490 NS_SS1338    (5)    7 :  0.426 0.012 0.007 0.555 
491 NS_SS1368    (6)    7 :  0.017 0.303 0.005 0.675 
492 NS_SS1354    (1)    7 :  0.070 0.895 0.011 0.024 
493 NS_SS1365    (0)    7 :  0.072 0.856 0.008 0.063 
494 NS_SS1380    (1)    7 :  0.025 0.951 0.016 0.008 
495 NS_SS1329    (8)    7 :  0.041 0.157 0.003 0.800 
496 NS_SS1362    (0)    7 :  0.757 0.043 0.004 0.197 
497 NS_SS1327    (2)    7 :  0.009 0.004 0.003 0.985 
498 NS_SS1350    (0)    7 :  0.961 0.012 0.007 0.020 
499 NS_SS1387    (2)    7 :  0.474 0.490 0.003 0.033 
500 NS_SS1369    (8)    7 :  0.023 0.026 0.004 0.948 
501 NS_SS1331    (1)    7 :  0.123 0.501 0.012 0.364 
502 NS_SS1357    (5)    7 :  0.217 0.322 0.004 0.457 
503 NS_SS1386    (1)    7 :  0.005 0.004 0.003 0.988 
504 NS_SS1353    (2)    7 :  0.044 0.915 0.003 0.038 
505 NS_SS1323    (0)    7 :  0.120 0.791 0.072 0.017 
506 HI_SS0296    (0)    8 :  0.170 0.069 0.002 0.759 
507 HI_SS0297    (0)    8 :  0.379 0.028 0.001 0.592 
508 HI_SS0299    (0)    8 :  0.139 0.045 0.035 0.781 
509 HI_SS0300    (0)    8 :  0.291 0.109 0.002 0.598 
510 HI_SS0301    (0)    8 :  0.878 0.069 0.003 0.049 
511 HI_SS0302    (0)    8 :  0.021 0.040 0.023 0.916 
512 HI_SS0303    (0)    8 :  0.009 0.042 0.006 0.943 
513 HI_SS0304    (0)    8 :  0.272 0.687 0.002 0.038 
514 HI_SS0306    (5)    8 :  0.007 0.005 0.003 0.985 
515 HI_SS0307    (1)    8 :  0.831 0.155 0.006 0.007 
516 HI_SS0308    (1)    8 :  0.844 0.027 0.070 0.059 
517 HI_SS0309    (0)    8 :  0.698 0.283 0.003 0.016 
518 HI_SS0310    (0)    8 :  0.069 0.573 0.008 0.350 
519 HI_SS0311    (4)    8 :  0.173 0.497 0.002 0.328 
520 HI_SS0314    (0)    8 :  0.076 0.856 0.001 0.067 
521 HI_SS0316    (1)    8 :  0.598 0.092 0.004 0.305 
522 HI_SS0317    (3)    8 :  0.901 0.041 0.002 0.055 
523 HI_SS0318    (1)    8 :  0.513 0.011 0.188 0.288 
524 HI_SS0319    (0)    8 :  0.013 0.004 0.004 0.979 
525 HI_SS0320    (3)    8 :  0.454 0.534 0.001 0.012 
526 HI_SS0321    (0)    8 :  0.973 0.005 0.002 0.020 
527 HI_SS0323    (1)    8 :  0.629 0.044 0.001 0.325 
528 HI_SS0325    (2)    8 :  0.014 0.060 0.002 0.924 
529 HI_SS0327    (1)    8 :  0.157 0.010 0.001 0.831 
530 HI_SS0329    (1)    8 :  0.012 0.926 0.001 0.061 
531 HI_SS0333    (1)    8 :  0.760 0.168 0.002 0.069 
532 HI_SS0334    (1)    8 :  0.671 0.010 0.001 0.318 
533 HI_SS0335    (1)    8 :  0.412 0.549 0.022 0.017 
534 HI_SS0339    (0)    8 :  0.125 0.824 0.012 0.039 
535 HI_SS0343    (2)    8 :  0.102 0.869 0.002 0.027 
536 HI_SS0344    (1)    8 :  0.007 0.004 0.003 0.986 
537 HI_SS0345    (3)    8 :  0.036 0.860 0.007 0.096 
538 HI_SS0346    (0)    8 :  0.375 0.123 0.004 0.497 
539 HI_SS0350    (1)    8 :  0.011 0.975 0.008 0.006 
540 HI_SS0351    (0)    8 :  0.272 0.523 0.003 0.202 
541 HI_SS0352    (3)    8 :  0.080 0.770 0.106 0.044 
542 HI_SS0362    (0)    8 :  0.448 0.057 0.002 0.493 
543 HI_SS0363    (1)    8 :  0.056 0.022 0.003 0.919 
544 HI_SS0365    (0)    8 :  0.446 0.038 0.004 0.512 
545 HI_SS0366    (0)    8 :  0.019 0.013 0.002 0.966 
546 HI_SS0367    (1)    8 :  0.011 0.981 0.002 0.006 
547 HI_SS0369    (1)    8 :  0.129 0.858 0.002 0.010 
548 HI_SS0370    (0)    8 :  0.958 0.016 0.003 0.024 
549 HI_SS0371    (4)    8 :  0.015 0.062 0.004 0.920 
550 HI_SS0373    (3)    8 :  0.597 0.274 0.011 0.118 
551 HI_SS0374    (0)    8 :  0.238 0.725 0.028 0.010 
552 HI_SS0377    (0)    8 :  0.138 0.108 0.095 0.659 
553 HI_SS0379    (1)    8 :  0.006 0.003 0.001 0.990 
554 HI_SS0380    (1)    8 :  0.105 0.858 0.007 0.030 
555 HI_SS0381    (2)    8 :  0.376 0.601 0.005 0.018 
556 HI_SS0384    (3)    8 :  0.151 0.303 0.008 0.538 
557 HI_SS0385    (1)    8 :  0.058 0.119 0.001 0.822 
558 HI_SS0386    (0)    9 :  0.001 0.002 0.996 0.001 
559 HI_SS0387    (0)    9 :  0.016 0.013 0.959 0.013 
560 HI_SS0389    (2)    9 :  0.003 0.003 0.990 0.003 
561 HI_SS0390    (2)    9 :  0.002 0.001 0.995 0.002 
562 HI_SS0391    (3)    9 :  0.002 0.003 0.992 0.003 
563 HI_SS0392    (0)    9 :  0.002 0.001 0.995 0.002 
564 HI_SS0393    (2)    9 :  0.001 0.001 0.996 0.002 
565 HI_SS0394    (2)    9 :  0.002 0.002 0.995 0.001 
566 HI_SS0395    (2)    9 :  0.003 0.004 0.990 0.003 
567 HI_SS0396    (2)    9 :  0.011 0.014 0.968 0.007 
568 HI_SS0398    (2)    9 :  0.006 0.006 0.983 0.005 
569 HI_SS0399    (2)    9 :  0.001 0.001 0.997 0.001 
570 HI_SS0400    (3)    9 :  0.002 0.002 0.994 0.002 
571 HI_SS0401    (5)    9 :  0.002 0.001 0.995 0.001 
572 HI_SS0402    (0)    9 :  0.002 0.001 0.996 0.001 
573 HI_SS0403    (0)    9 :  0.001 0.002 0.996 0.001 
574 HI_SS0404    (2)    9 :  0.001 0.001 0.997 0.001 
575 HI_SS0405    (2)    9 :  0.022 0.017 0.950 0.011 
576 HI_SS0406    (2)    9 :  0.003 0.002 0.994 0.002 
577 HI_SS0407    (0)    9 :  0.007 0.008 0.978 0.008 
578 HI_SS0408    (0)    9 :  0.001 0.001 0.997 0.001 
579 HI_SS0409    (2)    9 :  0.004 0.003 0.990 0.003 
580 HI_SS0411    (2)    9 :  0.003 0.002 0.992 0.003 
581 HI_SS0412   (11)    9 :  0.109 0.037 0.810 0.044 
582 HI_SS0413    (0)    9 :  0.002 0.002 0.994 0.002 
583 HI_SS0414    (2)    9 :  0.021 0.017 0.951 0.010 
584 HI_SS0415    (2)    9 :  0.002 0.002 0.994 0.002 
585 HI_SS0416    (2)    9 :  0.004 0.003 0.990 0.004 
586 HI_SS0418    (2)    9 :  0.006 0.004 0.986 0.004 
587 HI_SS0419    (3)    9 :  0.003 0.004 0.990 0.003 
588 HI_SS0420    (0)    9 :  0.002 0.002 0.994 0.002 
589 HI_SS0421    (4)    9 :  0.005 0.004 0.987 0.004 
590 HI_SS0422    (3)    9 :  0.001 0.002 0.995 0.001 
591 HI_SS0423    (2)    9 :  0.004 0.003 0.987 0.005 
592 HI_SS0424    (1)    9 :  0.001 0.002 0.995 0.002 
593 HI_SS0425    (0)    9 :  0.003 0.003 0.991 0.003 
594 NS_SS1146    (3)   10 :  0.002 0.002 0.993 0.003 
595 NS_SS1157    (1)   10 :  0.006 0.005 0.982 0.006 
596 NS_SS1144    (7)   10 :  0.019 0.013 0.945 0.023 
597 NS_SS1074    (3)   10 :  0.003 0.003 0.990 0.004 
598 NS_SS1122    (0)   10 :  0.005 0.004 0.987 0.005 
599 NS_SS1136    (2)   10 :  0.001 0.001 0.997 0.001 
600 NS_SS1077    (4)   10 :  0.001 0.001 0.998 0.001 
601 NS_SS1134    (2)   10 :  0.011 0.010 0.967 0.012 
602 NS_SS1091    (1)   10 :  0.002 0.003 0.994 0.001 
603 NS_SS1089   (10)   10 :  0.002 0.002 0.992 0.003 
604 NS_SS1123    (2)   10 :  0.002 0.002 0.995 0.001 
605 NS_SS1158    (3)   10 :  0.001 0.001 0.997 0.001 
606 NS_SS1093    (3)   10 :  0.002 0.002 0.992 0.003 
607 NS_SS1102    (5)   10 :  0.006 0.005 0.984 0.004 
608 NS_SS1056    (0)   10 :  0.002 0.002 0.995 0.001 
609 NS_SS1126    (2)   10 :  0.003 0.003 0.991 0.003 
610 NS_SS1058   (15)   10 :  0.005 0.004 0.988 0.003 
611 NS_SS1084    (2)   10 :  0.001 0.001 0.996 0.001 
612 NS_SS1095    (3)   10 :  0.006 0.004 0.983 0.007 
613 NS_SS1079    (3)   10 :  0.002 0.002 0.994 0.002 
614 NS_SS1149    (0)   10 :  0.002 0.003 0.993 0.002 
615 NS_SS1121    (0)   10 :  0.002 0.002 0.995 0.001 
616 NS_SS1067    (0)   10 :  0.005 0.007 0.984 0.005 
617 NS_SS1081    (2)   10 :  0.002 0.002 0.993 0.003 
618 NS_SS1130    (0)   10 :  0.003 0.003 0.991 0.002 
619 NS_SS1073    (2)   10 :  0.003 0.003 0.992 0.002 
620 NS_SS1133    (2)   10 :  0.006 0.014 0.976 0.004 
621 NS_SS1129    (2)   10 :  0.002 0.002 0.996 0.001 
622 NS_SS1085    (1)   10 :  0.002 0.002 0.993 0.002 
623 NS_SS1137    (2)   10 :  0.005 0.004 0.987 0.004 
624 NS_SS1135    (3)   10 :  0.001 0.002 0.996 0.001 
625 NS_SS1082    (3)   10 :  0.001 0.002 0.996 0.001 
626 NS_SS1125    (3)   10 :  0.001 0.001 0.996 0.001 
627 NS_SS1124    (2)   10 :  0.007 0.006 0.981 0.006 
628 NS_SS1155    (0)   10 :  0.009 0.007 0.976 0.007 
629 NS_SS1145    (2)   10 :  0.002 0.001 0.995 0.002 


Estimated Allele Frequencies in each cluster
First column gives estimated ancestral frequencies


Locus 1 : 
2 alleles
3.3% missing data
   1   (0.737) 0.738 0.741 0.730 0.735 
   2   (0.263) 0.262 0.259 0.270 0.265 

Locus 2 : 
2 alleles
4.6% missing data
   1   (0.886) 0.886 0.883 0.821 0.897 
   2   (0.114) 0.114 0.117 0.179 0.103 

Locus 3 : 
2 alleles
4.9% missing data
   1   (0.787) 0.795 0.793 0.809 0.763 
   2   (0.213) 0.205 0.207 0.191 0.237 

Locus 4 : 
2 alleles
4.6% missing data
   1   (0.866) 0.866 0.866 0.870 0.869 
   2   (0.134) 0.134 0.134 0.130 0.131 

Locus 5 : 
2 alleles
2.5% missing data
   1   (0.892) 0.891 0.888 0.930 0.899 
   2   (0.108) 0.109 0.112 0.070 0.101 

Locus 6 : 
2 alleles
2.7% missing data
   1   (0.821) 0.818 0.829 0.762 0.826 
   2   (0.179) 0.182 0.171 0.238 0.174 

Locus 7 : 
2 alleles
3.0% missing data
   1   (0.792) 0.792 0.796 0.756 0.792 
   2   (0.208) 0.208 0.204 0.244 0.208 

Locus 8 : 
2 alleles
4.8% missing data
   1   (0.729) 0.731 0.729 0.794 0.721 
   2   (0.271) 0.269 0.271 0.206 0.279 

Locus 9 : 
2 alleles
3.7% missing data
   1   (0.806) 0.805 0.810 0.809 0.808 
   2   (0.194) 0.195 0.190 0.191 0.192 

Locus 10 : 
2 alleles
4.8% missing data
   1   (0.710) 0.713 0.705 0.798 0.705 
   2   (0.290) 0.287 0.295 0.202 0.295 

Locus 11 : 
2 alleles
3.2% missing data
   1   (0.795) 0.797 0.807 0.783 0.776 
   2   (0.205) 0.203 0.193 0.217 0.224 

Locus 12 : 
2 alleles
4.9% missing data
   1   (0.892) 0.884 0.901 0.907 0.898 
   2   (0.108) 0.116 0.099 0.093 0.102 

Locus 13 : 
2 alleles
3.2% missing data
   1   (0.866) 0.864 0.872 0.915 0.864 
   2   (0.134) 0.136 0.128 0.085 0.136 

Locus 14 : 
2 alleles
4.6% missing data
   1   (0.732) 0.733 0.732 0.683 0.734 
   2   (0.268) 0.267 0.268 0.317 0.266 

Locus 15 : 
2 alleles
4.6% missing data
   1   (0.891) 0.889 0.894 0.918 0.892 
   2   (0.109) 0.111 0.106 0.082 0.108 

Locus 16 : 
2 alleles
3.8% missing data
   1   (0.884) 0.883 0.886 0.964 0.878 
   2   (0.116) 0.117 0.114 0.036 0.122 

Locus 17 : 
2 alleles
4.1% missing data
   1   (0.509) 0.503 0.510 0.646 0.509 
   2   (0.491) 0.497 0.490 0.354 0.491 

Locus 18 : 
2 alleles
4.1% missing data
   1   (0.608) 0.609 0.624 0.574 0.589 
   2   (0.392) 0.391 0.376 0.426 0.411 

Locus 19 : 
2 alleles
4.1% missing data
   1   (0.773) 0.777 0.774 0.636 0.772 
   2   (0.227) 0.223 0.226 0.364 0.228 

Locus 20 : 
2 alleles
2.2% missing data
   1   (0.898) 0.901 0.898 0.894 0.897 
   2   (0.102) 0.099 0.102 0.106 0.103 

Locus 21 : 
2 alleles
4.5% missing data
   1   (0.708) 0.702 0.724 0.600 0.708 
   2   (0.292) 0.298 0.276 0.400 0.292 

Locus 22 : 
2 alleles
3.0% missing data
   1   (0.885) 0.878 0.892 0.913 0.891 
   2   (0.115) 0.122 0.108 0.087 0.109 

Locus 23 : 
2 alleles
3.8% missing data
   1   (0.558) 0.552 0.578 0.578 0.542 
   2   (0.442) 0.448 0.422 0.422 0.458 

Locus 24 : 
2 alleles
4.9% missing data
   1   (0.860) 0.863 0.862 0.890 0.851 
   2   (0.140) 0.137 0.138 0.110 0.149 

Locus 25 : 
2 alleles
4.3% missing data
   1   (0.884) 0.881 0.892 0.877 0.884 
   2   (0.116) 0.119 0.108 0.123 0.116 

Locus 26 : 
2 alleles
3.0% missing data
   1   (0.546) 0.553 0.544 0.577 0.531 
   2   (0.454) 0.447 0.456 0.423 0.469 

Locus 27 : 
2 alleles
4.0% missing data
   2   (0.469) 0.469 0.466 0.416 0.477 
   1   (0.531) 0.531 0.534 0.584 0.523 

Locus 28 : 
2 alleles
4.0% missing data
   1   (0.845) 0.848 0.842 0.870 0.843 
   2   (0.155) 0.152 0.158 0.130 0.157 

Locus 29 : 
2 alleles
1.9% missing data
   1   (0.605) 0.606 0.601 0.700 0.603 
   2   (0.395) 0.394 0.399 0.300 0.397 

Locus 30 : 
2 alleles
4.6% missing data
   1   (0.864) 0.865 0.862 0.853 0.869 
   2   (0.136) 0.135 0.138 0.147 0.131 

Locus 31 : 
2 alleles
1.9% missing data
   1   (0.885) 0.888 0.884 0.904 0.881 
