

----------------------------------------------------
STRUCTURE by Pritchard, Stephens and Donnelly (2000)
     and Falush, Stephens and Pritchard (2003)
       Code by Pritchard, Falush and Hubisz
             Version 2.3.4 (Jul 2012)
----------------------------------------------------



Command line arguments:   /home/genobiwan/Documents/Programs/Structure/structure -m parameter_job_k8_r3 
Input File:    /media/genobiwan/Storage/Projets/Mackerel_NWA_2021/data_job_k8_r3

Run parameters:
   629 individuals
   4140 loci
   8 populations assumed
   100000 Burn-in period
   200000 Reps


--------------------------------------------
Proportion of membership of each pre-defined
 population in each of the 8 clusters

Given    Inferred Clusters                                          Number of
 Pop       1      2      3      4      5      6      7      8      Individuals

  1:     0.013  0.135  0.179  0.129  0.096  0.122  0.140  0.186       67
  2:     0.009  0.057  0.268  0.151  0.068  0.195  0.209  0.043       32
  3:     0.014  0.151  0.132  0.131  0.095  0.180  0.128  0.169       92
  4:     0.017  0.041  0.108  0.149  0.182  0.174  0.142  0.188       36
  5:     0.021  0.132  0.110  0.113  0.191  0.101  0.147  0.184       41
  6:     0.013  0.113  0.150  0.147  0.158  0.153  0.106  0.159      158
  7:     0.010  0.121  0.161  0.150  0.180  0.145  0.137  0.097       79
  8:     0.013  0.148  0.126  0.136  0.180  0.150  0.132  0.117       52
  9:     0.966  0.004  0.005  0.005  0.004  0.005  0.006  0.005       36
 10:     0.972  0.004  0.004  0.004  0.004  0.004  0.004  0.004       36
--------------------------------------------

Allele-freq. divergence among pops (Net nucleotide distance),
computed using point estimates of P.

      1       2       3       4       5       6       7       8      
 1      -    0.0052  0.0051  0.0050  0.0053  0.0050  0.0050  0.0051  
 2   0.0052     -    0.0004  0.0004  0.0005  0.0003  0.0004  0.0004  
 3   0.0051  0.0004     -    0.0003  0.0005  0.0003  0.0003  0.0003  
 4   0.0050  0.0004  0.0003     -    0.0004  0.0002  0.0003  0.0003  
 5   0.0053  0.0005  0.0005  0.0004     -    0.0004  0.0004  0.0005  
 6   0.0050  0.0003  0.0003  0.0002  0.0004     -    0.0002  0.0002  
 7   0.0050  0.0004  0.0003  0.0003  0.0004  0.0002     -    0.0003  
 8   0.0051  0.0004  0.0003  0.0003  0.0005  0.0002  0.0003     -    

Average distances (expected heterozygosity) between individuals in same cluster:
cluster  1  : 0.3052 
cluster  2  : 0.3178 
cluster  3  : 0.3180 
cluster  4  : 0.3187 
cluster  5  : 0.3182 
cluster  6  : 0.3186 
cluster  7  : 0.3185 
cluster  8  : 0.3181 

--------------------------------------------
Estimated Ln Prob of Data   = -2474848.5
Mean value of ln likelihood = -2462916.7
Variance of ln likelihood   = 23863.7
Mean value of alpha         = 0.0436

Mean value of Fst_1         = 0.0393
Mean value of Fst_2         = 0.0057
Mean value of Fst_3         = 0.0046
Mean value of Fst_4         = 0.0043
Mean value of Fst_5         = 0.0058
Mean value of Fst_6         = 0.0033
Mean value of Fst_7         = 0.0043
Mean value of Fst_8         = 0.0043


Inferred ancestry of individuals:
        Label (%Miss) Pop:  Inferred clusters
  1 NS_SS0963    (4)    1 :  0.006 0.015 0.010 0.204 0.018 0.662 0.021 0.066 
  2 NS_SS0983    (1)    1 :  0.003 0.928 0.002 0.009 0.010 0.023 0.017 0.007 
  3 NS_SS0719    (9)    1 :  0.005 0.025 0.080 0.214 0.013 0.104 0.548 0.011 
  4 NS_SS1001    (8)    1 :  0.006 0.019 0.781 0.012 0.082 0.014 0.070 0.016 
  5 NS_SS0936    (4)    1 :  0.003 0.111 0.027 0.042 0.009 0.264 0.108 0.437 
  6 NS_SS0955    (6)    1 :  0.004 0.313 0.069 0.238 0.073 0.222 0.054 0.027 
  7 NS_SS0944    (3)    1 :  0.002 0.039 0.031 0.112 0.552 0.138 0.018 0.108 
  8 NS_SS0945    (3)    1 :  0.010 0.058 0.422 0.011 0.142 0.241 0.082 0.034 
  9 NS_SS0922    (2)    1 :  0.026 0.008 0.258 0.023 0.006 0.597 0.046 0.035 
 10 NS_SS0929    (7)    1 :  0.004 0.086 0.060 0.065 0.038 0.192 0.173 0.381 
 11 NS_SS0956    (1)    1 :  0.004 0.007 0.761 0.034 0.039 0.102 0.024 0.029 
 12 NS_SS0906    (3)    1 :  0.004 0.526 0.084 0.244 0.011 0.053 0.033 0.045 
 13 NS_SS0721    (6)    1 :  0.005 0.816 0.011 0.029 0.010 0.045 0.074 0.011 
 14 NS_SS0982    (4)    1 :  0.020 0.036 0.214 0.232 0.019 0.385 0.014 0.081 
 15 NS_SS0923    (6)    1 :  0.004 0.010 0.236 0.055 0.012 0.010 0.644 0.029 
 16 NS_SS0905    (6)    1 :  0.002 0.706 0.028 0.118 0.019 0.078 0.037 0.012 
 17 NS_SS0925    (3)    1 :  0.005 0.100 0.041 0.408 0.006 0.054 0.365 0.021 
 18 NS_SS0947    (6)    1 :  0.004 0.008 0.153 0.041 0.013 0.016 0.034 0.730 
 19 NS_SS0926    (2)    1 :  0.001 0.008 0.012 0.024 0.570 0.019 0.014 0.350 
 20 NS_SS0918    (6)    1 :  0.002 0.922 0.017 0.008 0.018 0.006 0.014 0.012 
 21 NS_SS0966    (4)    1 :  0.040 0.009 0.026 0.123 0.015 0.426 0.306 0.054 
 22 NS_SS0938    (2)    1 :  0.002 0.005 0.098 0.012 0.032 0.016 0.086 0.749 
 23 NS_SS0917    (2)    1 :  0.035 0.033 0.568 0.026 0.013 0.271 0.039 0.014 
 24 NS_SS0957   (11)    1 :  0.007 0.039 0.681 0.014 0.046 0.120 0.038 0.055 
 25 NS_SS0987    (1)    1 :  0.245 0.160 0.392 0.069 0.020 0.028 0.040 0.046 
 26 NS_SS0717    (4)    1 :  0.003 0.010 0.855 0.027 0.023 0.039 0.013 0.030 
 27 NS_SS0986    (2)    1 :  0.003 0.065 0.089 0.012 0.041 0.050 0.013 0.726 
 28 NS_SS0953    (3)    1 :  0.018 0.071 0.040 0.036 0.015 0.116 0.696 0.008 
 29 NS_SS0907    (3)    1 :  0.047 0.432 0.015 0.235 0.010 0.184 0.013 0.063 
 30 NS_SS0974    (6)    1 :  0.004 0.084 0.060 0.078 0.049 0.407 0.225 0.093 
 31 NS_SS0989    (1)    1 :  0.001 0.133 0.012 0.021 0.174 0.072 0.329 0.259 
 32 NS_SS0991    (3)    1 :  0.002 0.301 0.009 0.569 0.079 0.018 0.008 0.012 
 33 NS_SS0994    (2)    1 :  0.002 0.069 0.013 0.243 0.499 0.050 0.029 0.095 
 34 NS_SS0931    (6)    1 :  0.012 0.017 0.010 0.011 0.900 0.012 0.013 0.025 
 35 NS_SS1000    (5)    1 :  0.004 0.004 0.382 0.085 0.013 0.015 0.024 0.472 
 36 NS_SS0919    (1)    1 :  0.002 0.011 0.005 0.824 0.011 0.014 0.093 0.040 
 37 NS_SS0949    (4)    1 :  0.001 0.030 0.017 0.218 0.624 0.070 0.029 0.012 
 38 NS_SS0960   (10)    1 :  0.006 0.300 0.021 0.071 0.212 0.206 0.159 0.026 
 39 NS_SS0716    (2)    1 :  0.008 0.007 0.957 0.005 0.006 0.007 0.004 0.006 
 40 NS_SS0924    (8)    1 :  0.021 0.016 0.049 0.267 0.124 0.152 0.359 0.012 
 41 NS_SS0935    (2)    1 :  0.007 0.043 0.012 0.794 0.113 0.016 0.010 0.004 
 42 NS_SS0952   (14)    1 :  0.047 0.171 0.035 0.500 0.168 0.022 0.032 0.024 
 43 NS_SS0962   (11)    1 :  0.007 0.013 0.015 0.015 0.006 0.011 0.011 0.922 
 44 NS_SS0973    (5)    1 :  0.003 0.028 0.008 0.379 0.007 0.523 0.040 0.012 
 45 NS_SS0722    (1)    1 :  0.002 0.010 0.503 0.426 0.004 0.022 0.018 0.015 
 46 NS_SS0979   (13)    1 :  0.003 0.376 0.488 0.032 0.009 0.013 0.009 0.071 
 47 NS_SS0993    (2)    1 :  0.016 0.059 0.021 0.267 0.009 0.010 0.596 0.023 
 48 NS_SS0958    (1)    1 :  0.003 0.022 0.076 0.019 0.807 0.033 0.015 0.025 
 49 NS_SS0988    (4)    1 :  0.005 0.035 0.094 0.232 0.028 0.054 0.209 0.342 
 50 NS_SS1003    (2)    1 :  0.009 0.006 0.010 0.014 0.007 0.006 0.010 0.937 
 51 NS_SS0976    (1)    1 :  0.002 0.024 0.023 0.070 0.108 0.013 0.144 0.617 
 52 NS_SS0964   (10)    1 :  0.003 0.009 0.849 0.072 0.008 0.035 0.012 0.012 
 53 NS_SS0939    (4)    1 :  0.004 0.005 0.947 0.006 0.008 0.006 0.018 0.006 
 54 NS_SS0990    (6)    1 :  0.003 0.038 0.030 0.005 0.007 0.050 0.008 0.858 
 55 NS_SS0984    (2)    1 :  0.002 0.006 0.888 0.025 0.006 0.014 0.034 0.023 
 56 NS_SS0980   (10)    1 :  0.002 0.014 0.009 0.070 0.009 0.018 0.865 0.013 
 57 NS_SS0978    (4)    1 :  0.003 0.011 0.030 0.281 0.017 0.595 0.052 0.011 
 58 NS_SS0951   (18)    1 :  0.003 0.764 0.018 0.110 0.056 0.017 0.023 0.010 
 59 NS_SS0913    (3)    1 :  0.056 0.173 0.224 0.018 0.056 0.066 0.054 0.352 
 60 NS_SS1002    (1)    1 :  0.022 0.004 0.004 0.005 0.004 0.006 0.009 0.947 
 61 NS_SS0948    (1)    1 :  0.048 0.167 0.017 0.014 0.019 0.010 0.016 0.709 
 62 NS_SS0916    (4)    1 :  0.004 0.008 0.008 0.007 0.012 0.012 0.939 0.010 
 63 NS_SS0995    (1)    1 :  0.003 0.055 0.011 0.007 0.003 0.039 0.867 0.015 
 64 NS_SS0927    (6)    1 :  0.005 0.023 0.027 0.019 0.014 0.856 0.043 0.013 
 65 NS_SS0992    (5)    1 :  0.003 0.110 0.017 0.028 0.027 0.145 0.415 0.255 
 66 NS_SS0912    (1)    1 :  0.003 0.328 0.028 0.088 0.368 0.055 0.010 0.119 
 67 NS_SS0981    (1)    1 :  0.004 0.022 0.012 0.085 0.010 0.011 0.014 0.842 
 68 NS_SS0729    (5)    2 :  0.004 0.008 0.006 0.293 0.165 0.015 0.448 0.061 
 69 NS_SS0967   (15)    2 :  0.010 0.009 0.140 0.024 0.022 0.721 0.039 0.034 
 70 NS_SS0941    (8)    2 :  0.074 0.010 0.037 0.059 0.020 0.029 0.750 0.021 
 71 NS_SS0768   (12)    2 :  0.005 0.023 0.315 0.007 0.013 0.555 0.011 0.072 
 72 NS_SS0726    (5)    2 :  0.007 0.012 0.006 0.169 0.032 0.021 0.739 0.015 
 73 NS_SS0763    (4)    2 :  0.002 0.026 0.111 0.670 0.059 0.060 0.043 0.030 
 74 NS_SS0730    (6)    2 :  0.004 0.012 0.739 0.011 0.042 0.087 0.046 0.059 
 75 NS_SS0774    (2)    2 :  0.001 0.017 0.591 0.004 0.005 0.338 0.017 0.028 
 76 NS_SS0723    (3)    2 :  0.002 0.080 0.327 0.047 0.005 0.495 0.018 0.026 
 77 NS_SS0940   (10)    2 :  0.005 0.018 0.029 0.050 0.031 0.011 0.845 0.011 
 78 NS_SS0762    (1)    2 :  0.003 0.010 0.786 0.069 0.010 0.026 0.082 0.014 
 79 NS_SS0766   (11)    2 :  0.015 0.016 0.546 0.031 0.169 0.105 0.099 0.019 
 80 NS_SS0724    (1)    2 :  0.004 0.019 0.287 0.534 0.018 0.011 0.094 0.034 
 81 NS_SS0769    (3)    2 :  0.004 0.012 0.044 0.718 0.023 0.038 0.105 0.055 
 82 NS_SS0777    (1)    2 :  0.011 0.060 0.017 0.444 0.294 0.025 0.006 0.142 
 83 NS_SS0734    (6)    2 :  0.034 0.032 0.059 0.022 0.331 0.469 0.038 0.016 
 84 NS_SS0737    (3)    2 :  0.005 0.008 0.433 0.005 0.009 0.158 0.363 0.019 
 85 NS_SS0732    (5)    2 :  0.006 0.843 0.028 0.048 0.005 0.020 0.040 0.011 
 86 NS_SS0728    (5)    2 :  0.009 0.009 0.050 0.069 0.016 0.031 0.796 0.021 
 87 NS_SS0735    (9)    2 :  0.007 0.035 0.036 0.064 0.014 0.771 0.060 0.013 
 88 NS_SS0725    (1)    2 :  0.009 0.013 0.526 0.026 0.037 0.020 0.054 0.315 
 89 NS_SS0788    (2)    2 :  0.002 0.020 0.176 0.035 0.009 0.719 0.018 0.020 
 90 NS_SS0778    (2)    2 :  0.002 0.025 0.010 0.017 0.009 0.911 0.013 0.015 
 91 NS_SS0792    (6)    2 :  0.005 0.091 0.017 0.011 0.026 0.028 0.784 0.038 
 92 NS_SS0943   (11)    2 :  0.005 0.021 0.006 0.824 0.118 0.011 0.007 0.008 
 93 NS_SS0791    (2)    2 :  0.011 0.011 0.014 0.008 0.051 0.027 0.873 0.007 
 94 NS_SS0790    (5)    2 :  0.003 0.012 0.934 0.016 0.002 0.014 0.005 0.013 
 95 NS_SS0731    (6)    2 :  0.015 0.015 0.868 0.029 0.019 0.021 0.013 0.019 
 96 NS_SS0727    (7)    2 :  0.003 0.020 0.195 0.161 0.436 0.031 0.146 0.008 
 97 NS_SS0779   (13)    2 :  0.005 0.298 0.080 0.218 0.043 0.223 0.077 0.055 
 98 NS_SS0776    (3)    2 :  0.007 0.042 0.228 0.148 0.120 0.251 0.040 0.165 
 99 NS_SS0775    (5)    2 :  0.006 0.008 0.935 0.006 0.010 0.011 0.018 0.006 
100 NS_SS0965    (3)    3 :  0.002 0.019 0.095 0.375 0.097 0.240 0.072 0.100 
101 NS_SS0754   (14)    3 :  0.011 0.024 0.056 0.159 0.104 0.066 0.568 0.012 
102 NS_SS0838    (5)    3 :  0.042 0.118 0.035 0.007 0.021 0.014 0.040 0.723 
103 NS_SS0839    (3)    3 :  0.003 0.017 0.025 0.004 0.007 0.012 0.594 0.337 
104 NS_SS0832    (4)    3 :  0.066 0.012 0.102 0.324 0.005 0.184 0.031 0.277 
105 NS_SS0820    (5)    3 :  0.006 0.008 0.664 0.021 0.004 0.210 0.008 0.078 
106 NS_SS0886    (9)    3 :  0.002 0.398 0.027 0.023 0.053 0.356 0.100 0.040 
107 NS_SS0748    (5)    3 :  0.009 0.087 0.283 0.079 0.359 0.028 0.049 0.106 
108 NS_SS0884    (9)    3 :  0.021 0.023 0.162 0.028 0.043 0.177 0.402 0.144 
109 NS_SS0752    (4)    3 :  0.002 0.290 0.096 0.195 0.022 0.103 0.150 0.140 
110 NS_SS0862    (1)    3 :  0.005 0.638 0.028 0.027 0.005 0.019 0.258 0.021 
111 NS_SS0787    (9)    3 :  0.008 0.007 0.010 0.328 0.200 0.417 0.014 0.016 
112 NS_SS0843    (6)    3 :  0.002 0.034 0.027 0.841 0.009 0.023 0.023 0.040 
113 NS_SS0856    (4)    3 :  0.003 0.011 0.063 0.008 0.012 0.815 0.055 0.033 
114 NS_SS0846    (2)    3 :  0.003 0.067 0.009 0.114 0.075 0.176 0.277 0.279 
115 NS_SS0825    (1)    3 :  0.011 0.020 0.014 0.007 0.007 0.344 0.073 0.522 
116 NS_SS0757    (3)    3 :  0.004 0.862 0.016 0.029 0.012 0.052 0.010 0.015 
117 NS_SS0876    (3)    3 :  0.213 0.028 0.021 0.045 0.011 0.612 0.012 0.057 
118 NS_SS0903   (10)    3 :  0.002 0.032 0.010 0.022 0.004 0.057 0.863 0.010 
119 NS_SS0875    (7)    3 :  0.004 0.029 0.403 0.010 0.026 0.452 0.016 0.062 
120 NS_SS0740    (5)    3 :  0.003 0.035 0.009 0.907 0.007 0.014 0.012 0.014 
121 NS_SS0811    (5)    3 :  0.008 0.025 0.923 0.008 0.007 0.007 0.008 0.013 
122 NS_SS0751    (1)    3 :  0.003 0.199 0.032 0.035 0.031 0.072 0.405 0.223 
123 NS_SS0891    (6)    3 :  0.006 0.020 0.671 0.012 0.011 0.016 0.017 0.246 
124 NS_SS0867    (2)    3 :  0.027 0.008 0.006 0.887 0.019 0.024 0.018 0.012 
125 NS_SS0890    (6)    3 :  0.003 0.135 0.257 0.193 0.024 0.318 0.059 0.011 
126 NS_SS0866   (12)    3 :  0.006 0.313 0.079 0.008 0.156 0.321 0.055 0.063 
127 NS_SS0755    (4)    3 :  0.006 0.042 0.568 0.226 0.047 0.060 0.009 0.042 
128 NS_SS0758    (4)    3 :  0.002 0.075 0.017 0.019 0.017 0.171 0.152 0.547 
129 NS_SS0840    (2)    3 :  0.002 0.007 0.017 0.007 0.005 0.007 0.033 0.922 
130 NS_SS0889    (4)    3 :  0.003 0.074 0.026 0.016 0.576 0.247 0.013 0.045 
131 NS_SS1010    (1)    3 :  0.046 0.016 0.037 0.048 0.017 0.376 0.074 0.386 
132 NS_SS0888    (5)    3 :  0.002 0.012 0.017 0.068 0.307 0.576 0.012 0.006 
133 NS_SS0837    (3)    3 :  0.002 0.010 0.097 0.771 0.015 0.066 0.017 0.023 
134 NS_SS0794   (10)    3 :  0.002 0.107 0.046 0.011 0.610 0.206 0.011 0.007 
135 NS_SS0823    (5)    3 :  0.005 0.031 0.022 0.040 0.006 0.090 0.050 0.757 
136 NS_SS0829    (7)    3 :  0.083 0.876 0.005 0.006 0.011 0.008 0.007 0.004 
137 NS_SS0844    (5)    3 :  0.002 0.015 0.168 0.316 0.005 0.436 0.037 0.022 
138 NS_SS1008    (6)    3 :  0.012 0.029 0.368 0.062 0.459 0.028 0.019 0.023 
139 NS_SS0881    (3)    3 :  0.003 0.054 0.086 0.238 0.137 0.053 0.144 0.286 
140 NS_SS0834    (6)    3 :  0.005 0.007 0.148 0.015 0.008 0.104 0.027 0.686 
141 NS_SS0744   (10)    3 :  0.007 0.078 0.009 0.017 0.015 0.788 0.044 0.042 
142 NS_SS0899    (7)    3 :  0.002 0.880 0.025 0.007 0.003 0.053 0.008 0.021 
143 NS_SS0804    (5)    3 :  0.004 0.023 0.039 0.033 0.006 0.083 0.600 0.212 
144 NS_SS0781   (10)    3 :  0.003 0.033 0.053 0.021 0.004 0.082 0.208 0.595 
145 NS_SS0822    (6)    3 :  0.002 0.830 0.010 0.015 0.050 0.011 0.070 0.012 
146 NS_SS1004    (4)    3 :  0.004 0.014 0.011 0.437 0.067 0.241 0.056 0.171 
147 NS_SS0746    (5)    3 :  0.015 0.014 0.182 0.375 0.064 0.230 0.017 0.104 
148 NS_SS0880    (3)    3 :  0.001 0.020 0.018 0.045 0.267 0.051 0.473 0.123 
149 NS_SS0879    (5)    3 :  0.014 0.012 0.526 0.022 0.019 0.350 0.041 0.016 
150 NS_SS0753    (2)    3 :  0.008 0.055 0.012 0.792 0.050 0.043 0.029 0.011 
151 NS_SS1007    (3)    3 :  0.002 0.013 0.011 0.012 0.008 0.229 0.713 0.012 
152 NS_SS0872    (5)    3 :  0.003 0.012 0.046 0.042 0.014 0.112 0.025 0.746 
153 NS_SS1005    (7)    3 :  0.001 0.068 0.037 0.105 0.013 0.152 0.096 0.529 
154 NS_SS0892    (6)    3 :  0.003 0.042 0.064 0.373 0.073 0.139 0.063 0.245 
155 NS_SS0898    (0)    3 :  0.006 0.052 0.054 0.009 0.813 0.025 0.010 0.032 
156 NS_SS0801    (9)    3 :  0.013 0.039 0.028 0.144 0.009 0.485 0.228 0.054 
157 NS_SS0827    (9)    3 :  0.132 0.170 0.222 0.213 0.103 0.095 0.058 0.008 
158 NS_SS0853    (7)    3 :  0.005 0.030 0.865 0.028 0.012 0.022 0.012 0.027 
159 NS_SS0780    (2)    3 :  0.004 0.031 0.031 0.119 0.008 0.127 0.200 0.481 
160 NS_SS0826   (10)    3 :  0.003 0.013 0.005 0.011 0.013 0.036 0.016 0.904 
161 NS_SS0818    (5)    3 :  0.002 0.006 0.019 0.008 0.029 0.090 0.822 0.023 
162 NS_SS0745    (1)    3 :  0.001 0.007 0.948 0.006 0.008 0.010 0.006 0.014 
163 NS_SS0849    (3)    3 :  0.002 0.847 0.029 0.025 0.021 0.034 0.030 0.013 
164 NS_SS0739    (3)    3 :  0.012 0.134 0.044 0.007 0.017 0.542 0.212 0.032 
165 NS_SS0799    (1)    3 :  0.001 0.438 0.022 0.030 0.041 0.206 0.252 0.008 
166 NS_SS0756    (3)    3 :  0.003 0.024 0.012 0.024 0.011 0.016 0.113 0.797 
167 NS_SS0802    (2)    3 :  0.186 0.003 0.004 0.028 0.024 0.725 0.008 0.023 
168 NS_SS0747    (6)    3 :  0.007 0.155 0.024 0.487 0.007 0.115 0.075 0.129 
169 NS_SS0835    (1)    3 :  0.001 0.038 0.049 0.277 0.187 0.356 0.023 0.070 
170 NS_SS0742   (19)    3 :  0.002 0.398 0.008 0.027 0.016 0.192 0.311 0.046 
171 NS_SS0760    (9)    3 :  0.049 0.026 0.019 0.017 0.731 0.127 0.012 0.020 
172 NS_SS0803    (4)    3 :  0.009 0.006 0.008 0.017 0.008 0.823 0.106 0.024 
173 NS_SS0828   (14)    3 :  0.001 0.026 0.290 0.439 0.034 0.081 0.119 0.009 
174 NS_SS0865    (2)    3 :  0.034 0.131 0.029 0.039 0.010 0.033 0.011 0.712 
175 NS_SS0759    (5)    3 :  0.006 0.303 0.071 0.145 0.010 0.409 0.021 0.034 
176 NS_SS0851    (5)    3 :  0.013 0.020 0.888 0.015 0.018 0.029 0.006 0.012 
177 NS_SS0874   (16)    3 :  0.002 0.310 0.093 0.405 0.008 0.070 0.062 0.051 
178 NS_SS0761    (6)    3 :  0.003 0.343 0.036 0.052 0.374 0.088 0.020 0.084 
179 NS_SS0842   (26)    3 :  0.010 0.054 0.758 0.022 0.050 0.023 0.056 0.027 
180 NS_SS0785    (6)    3 :  0.006 0.076 0.024 0.262 0.069 0.391 0.141 0.032 
181 NS_SS0860   (11)    3 :  0.002 0.845 0.006 0.029 0.010 0.077 0.009 0.022 
182 NS_SS0897    (7)    3 :  0.002 0.039 0.016 0.010 0.872 0.033 0.017 0.011 
183 NS_SS0841   (15)    3 :  0.004 0.101 0.455 0.011 0.041 0.023 0.123 0.241 
184 NS_SS0797    (7)    3 :  0.030 0.019 0.030 0.028 0.795 0.014 0.057 0.027 
185 NS_SS0830   (11)    3 :  0.003 0.343 0.120 0.088 0.060 0.120 0.017 0.250 
186 NS_SS1011    (5)    3 :  0.007 0.005 0.006 0.015 0.004 0.039 0.010 0.914 
187 NS_SS0883    (5)    3 :  0.007 0.820 0.055 0.019 0.021 0.028 0.040 0.010 
188 NS_SS0782    (2)    3 :  0.002 0.057 0.053 0.007 0.027 0.644 0.049 0.161 
189 NS_SS0831    (5)    3 :  0.003 0.876 0.014 0.011 0.030 0.028 0.024 0.014 
190 NS_SS0749    (7)    3 :  0.003 0.108 0.011 0.166 0.019 0.050 0.629 0.013 
191 NS_SS0854    (2)    3 :  0.003 0.084 0.025 0.015 0.064 0.192 0.591 0.025 
192 HI_SS0193    (0)    4 :  0.001 0.012 0.016 0.008 0.915 0.005 0.031 0.012 
193 HI_SS0194    (1)    4 :  0.002 0.009 0.195 0.043 0.020 0.022 0.022 0.686 
194 HI_SS0195   (10)    4 :  0.125 0.021 0.177 0.010 0.006 0.131 0.331 0.199 
195 HI_SS0196    (6)    4 :  0.003 0.126 0.248 0.009 0.034 0.498 0.060 0.022 
196 HI_SS0197    (3)    4 :  0.008 0.006 0.006 0.006 0.003 0.008 0.022 0.941 
197 HI_SS0198    (1)    4 :  0.015 0.436 0.092 0.029 0.073 0.197 0.082 0.078 
198 HI_SS0199    (1)    4 :  0.002 0.007 0.008 0.170 0.014 0.040 0.751 0.008 
199 HI_SS0201    (5)    4 :  0.002 0.011 0.007 0.237 0.662 0.033 0.016 0.032 
200 HI_SS0215    (1)    4 :  0.003 0.041 0.009 0.052 0.050 0.565 0.017 0.263 
201 HI_SS0218    (1)    4 :  0.008 0.009 0.015 0.010 0.909 0.017 0.022 0.010 
202 HI_SS0222    (0)    4 :  0.005 0.017 0.460 0.014 0.021 0.087 0.130 0.267 
203 HI_SS0230    (1)    4 :  0.006 0.085 0.113 0.276 0.012 0.013 0.036 0.460 
204 HI_SS0234    (2)    4 :  0.143 0.007 0.041 0.017 0.077 0.180 0.483 0.051 
205 HI_SS0240    (1)    4 :  0.007 0.003 0.023 0.009 0.007 0.275 0.670 0.007 
206 HI_SS0241    (0)    4 :  0.002 0.018 0.021 0.088 0.054 0.786 0.015 0.016 
207 HI_SS0242    (0)    4 :  0.003 0.051 0.372 0.177 0.153 0.096 0.061 0.087 
208 HI_SS0247    (0)    4 :  0.029 0.031 0.027 0.124 0.112 0.064 0.156 0.458 
209 HI_SS0248    (1)    4 :  0.001 0.014 0.018 0.065 0.859 0.022 0.007 0.015 
210 HI_SS0252    (2)    4 :  0.002 0.050 0.015 0.049 0.021 0.194 0.610 0.057 
211 HI_SS0254    (0)    4 :  0.084 0.010 0.006 0.582 0.159 0.019 0.102 0.038 
212 HI_SS0256    (0)    4 :  0.002 0.005 0.421 0.186 0.004 0.200 0.103 0.079 
213 HI_SS0257    (0)    4 :  0.002 0.055 0.006 0.761 0.023 0.083 0.054 0.015 
214 HI_SS0258    (1)    4 :  0.005 0.006 0.024 0.080 0.788 0.052 0.037 0.008 
215 HI_SS0259    (1)    4 :  0.004 0.010 0.089 0.066 0.010 0.671 0.023 0.126 
216 HI_SS0260    (1)    4 :  0.001 0.017 0.181 0.435 0.144 0.150 0.040 0.032 
217 HI_SS0261    (2)    4 :  0.002 0.016 0.020 0.755 0.043 0.021 0.012 0.130 
218 HI_SS0262    (0)    4 :  0.008 0.013 0.193 0.029 0.008 0.274 0.365 0.111 
219 HI_SS0264    (0)    4 :  0.004 0.010 0.290 0.032 0.024 0.007 0.008 0.625 
220 HI_SS0265    (0)    4 :  0.095 0.006 0.398 0.231 0.007 0.037 0.009 0.217 
221 HI_SS0268    (1)    4 :  0.003 0.099 0.149 0.008 0.253 0.334 0.046 0.108 
222 HI_SS0269    (0)    4 :  0.002 0.056 0.008 0.021 0.397 0.158 0.323 0.037 
223 HI_SS0273    (0)    4 :  0.002 0.025 0.017 0.037 0.418 0.153 0.008 0.340 
224 HI_SS0277    (1)    4 :  0.002 0.022 0.011 0.007 0.007 0.018 0.042 0.891 
225 HI_SS0280    (0)    4 :  0.008 0.030 0.145 0.041 0.093 0.230 0.242 0.211 
226 HI_SS0282    (1)    4 :  0.001 0.125 0.011 0.574 0.058 0.108 0.029 0.093 
227 HI_SS0286    (1)    4 :  0.008 0.033 0.041 0.125 0.104 0.520 0.140 0.029 
228 NS_SS1252    (3)    5 :  0.003 0.928 0.007 0.010 0.015 0.022 0.007 0.007 
229 NS_SS1261    (1)    5 :  0.012 0.049 0.011 0.008 0.018 0.072 0.747 0.082 
230 NS_SS1225   (10)    5 :  0.076 0.015 0.006 0.655 0.013 0.074 0.015 0.146 
231 NS_SS1266    (1)    5 :  0.010 0.028 0.245 0.041 0.004 0.077 0.014 0.582 
232 NS_SS1228    (0)    5 :  0.013 0.015 0.031 0.032 0.009 0.008 0.878 0.015 
233 NS_SS1255    (3)    5 :  0.002 0.037 0.596 0.005 0.033 0.261 0.038 0.028 
234 NS_SS1267    (3)    5 :  0.015 0.129 0.046 0.032 0.683 0.015 0.073 0.007 
235 NS_SS1238    (6)    5 :  0.002 0.032 0.006 0.011 0.181 0.009 0.064 0.695 
236 NS_SS1233    (8)    5 :  0.002 0.929 0.021 0.007 0.011 0.004 0.006 0.020 
237 NS_SS1277    (3)    5 :  0.001 0.006 0.012 0.005 0.958 0.006 0.009 0.003 
238 NS_SS1245    (1)    5 :  0.002 0.041 0.024 0.130 0.129 0.020 0.049 0.604 
239 NS_SS1240    (4)    5 :  0.002 0.014 0.006 0.010 0.882 0.040 0.015 0.031 
240 NS_SS1275    (2)    5 :  0.003 0.007 0.153 0.046 0.005 0.050 0.073 0.663 
241 NS_SS1235    (1)    5 :  0.006 0.005 0.101 0.225 0.023 0.158 0.392 0.090 
242 NS_SS1263    (1)    5 :  0.001 0.184 0.463 0.150 0.010 0.089 0.026 0.076 
243 NS_SS1251    (2)    5 :  0.001 0.028 0.024 0.099 0.010 0.020 0.070 0.748 
244 NS_SS1248    (0)    5 :  0.139 0.287 0.046 0.029 0.410 0.031 0.029 0.029 
245 NS_SS1244    (0)    5 :  0.006 0.008 0.007 0.012 0.078 0.023 0.777 0.089 
246 NS_SS1257    (1)    5 :  0.035 0.088 0.007 0.022 0.503 0.055 0.118 0.173 
247 NS_SS1242    (2)    5 :  0.002 0.013 0.669 0.032 0.017 0.139 0.006 0.122 
248 NS_SS1271    (6)    5 :  0.034 0.006 0.014 0.018 0.875 0.008 0.040 0.006 
249 NS_SS1265    (1)    5 :  0.018 0.149 0.018 0.040 0.207 0.353 0.005 0.210 
250 NS_SS1243    (0)    5 :  0.096 0.626 0.193 0.022 0.015 0.028 0.014 0.006 
251 NS_SS1273    (1)    5 :  0.011 0.006 0.835 0.006 0.019 0.027 0.009 0.088 
252 NS_SS1254   (14)    5 :  0.006 0.297 0.537 0.029 0.005 0.011 0.027 0.087 
253 NS_SS1224    (1)    5 :  0.009 0.033 0.050 0.547 0.005 0.042 0.277 0.035 
254 NS_SS1227    (8)    5 :  0.002 0.007 0.037 0.904 0.024 0.008 0.011 0.007 
255 NS_SS1274    (9)    5 :  0.022 0.608 0.036 0.041 0.095 0.020 0.145 0.032 
256 NS_SS1241    (1)    5 :  0.001 0.017 0.008 0.023 0.893 0.017 0.012 0.028 
257 NS_SS1256    (3)    5 :  0.043 0.008 0.014 0.014 0.148 0.037 0.011 0.726 
258 NS_SS1260    (8)    5 :  0.064 0.059 0.029 0.051 0.011 0.577 0.201 0.008 
259 NS_SS1262    (0)    5 :  0.170 0.025 0.032 0.157 0.062 0.037 0.032 0.485 
260 NS_SS1230    (0)    5 :  0.009 0.012 0.061 0.022 0.548 0.197 0.015 0.136 
261 NS_SS1270    (2)    5 :  0.002 0.091 0.028 0.545 0.018 0.036 0.021 0.258 
262 NS_SS1229    (2)    5 :  0.004 0.011 0.007 0.014 0.004 0.293 0.425 0.243 
263 NS_SS1246    (5)    5 :  0.003 0.023 0.009 0.027 0.037 0.007 0.859 0.036 
264 NS_SS1269    (0)    5 :  0.002 0.030 0.042 0.059 0.064 0.656 0.077 0.071 
265 NS_SS1239    (1)    5 :  0.005 0.044 0.026 0.133 0.011 0.446 0.328 0.007 
266 NS_SS1272    (5)    5 :  0.006 0.018 0.014 0.010 0.014 0.048 0.046 0.844 
267 NS_SS1268    (1)    5 :  0.002 0.497 0.021 0.393 0.024 0.027 0.017 0.018 
268 NS_SS1249    (1)    5 :  0.019 0.012 0.021 0.017 0.778 0.095 0.036 0.022 
269 HI_SS0559    (0)    6 :  0.002 0.019 0.043 0.838 0.026 0.055 0.007 0.011 
270 HI_SS0563    (1)    6 :  0.003 0.026 0.021 0.016 0.059 0.043 0.812 0.021 
271 HI_SS0564    (0)    6 :  0.047 0.832 0.027 0.010 0.008 0.010 0.028 0.037 
272 HI_SS0565    (0)    6 :  0.004 0.061 0.042 0.123 0.012 0.674 0.017 0.067 
273 HI_SS0569    (1)    6 :  0.002 0.080 0.005 0.815 0.065 0.009 0.014 0.010 
274 HI_SS0570    (0)    6 :  0.048 0.020 0.035 0.010 0.750 0.113 0.010 0.013 
275 HI_SS0572    (1)    6 :  0.003 0.009 0.071 0.519 0.005 0.351 0.013 0.030 
276 HI_SS0576    (1)    6 :  0.006 0.071 0.398 0.028 0.033 0.310 0.109 0.045 
277 HI_SS0579    (1)    6 :  0.011 0.008 0.004 0.943 0.012 0.010 0.006 0.006 
278 HI_SS0580    (1)    6 :  0.004 0.011 0.443 0.024 0.337 0.144 0.027 0.010 
279 HI_SS0581    (0)    6 :  0.048 0.024 0.010 0.007 0.004 0.008 0.011 0.889 
280 HI_SS0583    (1)    6 :  0.004 0.234 0.067 0.036 0.107 0.019 0.022 0.510 
281 HI_SS0586    (1)    6 :  0.001 0.100 0.014 0.021 0.834 0.016 0.006 0.007 
282 HI_SS0588    (1)    6 :  0.019 0.031 0.037 0.197 0.512 0.116 0.061 0.027 
283 HI_SS0595    (4)    6 :  0.028 0.011 0.115 0.059 0.317 0.077 0.232 0.161 
284 HI_SS0596    (0)    6 :  0.003 0.005 0.580 0.254 0.019 0.029 0.102 0.008 
285 HI_SS0597    (1)    6 :  0.002 0.012 0.015 0.008 0.011 0.020 0.011 0.920 
286 HI_SS0600    (0)    6 :  0.003 0.015 0.005 0.009 0.027 0.879 0.053 0.008 
287 HI_SS0601    (1)    6 :  0.009 0.009 0.010 0.920 0.009 0.009 0.028 0.007 
288 HI_SS0602    (1)    6 :  0.002 0.018 0.014 0.922 0.005 0.024 0.009 0.007 
289 HI_SS0604    (0)    6 :  0.002 0.608 0.027 0.091 0.026 0.046 0.024 0.177 
290 HI_SS0605    (1)    6 :  0.006 0.024 0.017 0.071 0.015 0.844 0.017 0.006 
291 HI_SS0608    (0)    6 :  0.001 0.703 0.165 0.047 0.039 0.008 0.024 0.013 
292 HI_SS0609    (0)    6 :  0.001 0.011 0.033 0.023 0.025 0.471 0.037 0.399 
293 HI_SS0611    (5)    6 :  0.002 0.785 0.039 0.039 0.085 0.028 0.013 0.010 
294 HI_SS0612    (0)    6 :  0.006 0.008 0.007 0.218 0.035 0.654 0.016 0.056 
295 HI_SS0613    (1)    6 :  0.001 0.244 0.378 0.030 0.013 0.304 0.009 0.021 
296 HI_SS0615    (1)    6 :  0.010 0.013 0.148 0.033 0.004 0.261 0.508 0.022 
297 HI_SS0001    (1)    6 :  0.004 0.005 0.040 0.011 0.590 0.133 0.145 0.073 
298 HI_SS0002    (1)    6 :  0.027 0.017 0.043 0.091 0.006 0.108 0.008 0.702 
299 HI_SS0004    (0)    6 :  0.005 0.488 0.170 0.024 0.175 0.075 0.021 0.042 
300 HI_SS0005    (1)    6 :  0.008 0.056 0.209 0.035 0.123 0.137 0.013 0.419 
301 HI_SS0006    (1)    6 :  0.002 0.085 0.007 0.032 0.043 0.396 0.007 0.428 
302 HI_SS0007    (1)    6 :  0.002 0.012 0.012 0.009 0.938 0.010 0.012 0.004 
303 HI_SS0008    (0)    6 :  0.030 0.010 0.014 0.878 0.017 0.026 0.016 0.010 
304 HI_SS0009    (0)    6 :  0.004 0.029 0.797 0.027 0.043 0.041 0.056 0.003 
305 HI_SS0010    (1)    6 :  0.003 0.606 0.055 0.112 0.110 0.010 0.085 0.018 
306 HI_SS0011    (1)    6 :  0.068 0.008 0.012 0.040 0.007 0.005 0.010 0.849 
307 HI_SS0012    (0)    6 :  0.005 0.012 0.013 0.010 0.005 0.018 0.924 0.012 
308 HI_SS0017    (1)    6 :  0.002 0.006 0.704 0.011 0.045 0.006 0.007 0.218 
309 HI_SS0021    (1)    6 :  0.234 0.007 0.099 0.021 0.331 0.084 0.010 0.216 
310 HI_SS0024    (1)    6 :  0.003 0.012 0.554 0.018 0.150 0.062 0.086 0.114 
311 HI_SS0025    (1)    6 :  0.003 0.014 0.931 0.007 0.009 0.026 0.007 0.005 
312 HI_SS0027    (0)    6 :  0.013 0.101 0.007 0.693 0.111 0.009 0.062 0.005 
313 HI_SS0028    (0)    6 :  0.001 0.007 0.861 0.031 0.005 0.013 0.024 0.056 
314 HI_SS0029    (1)    6 :  0.009 0.008 0.680 0.010 0.031 0.017 0.043 0.203 
315 HI_SS0030    (2)    6 :  0.005 0.016 0.027 0.820 0.016 0.038 0.060 0.018 
316 HI_SS0031    (0)    6 :  0.004 0.006 0.246 0.233 0.038 0.333 0.127 0.012 
317 HI_SS0034    (0)    6 :  0.005 0.011 0.010 0.160 0.641 0.074 0.061 0.038 
318 HI_SS0036    (0)    6 :  0.014 0.013 0.024 0.018 0.854 0.025 0.033 0.018 
319 HI_SS0037    (1)    6 :  0.005 0.793 0.084 0.017 0.063 0.021 0.006 0.010 
320 HI_SS0039    (0)    6 :  0.003 0.009 0.163 0.178 0.579 0.015 0.019 0.035 
321 HI_SS0041    (1)    6 :  0.002 0.020 0.820 0.007 0.004 0.014 0.124 0.011 
322 HI_SS0042    (1)    6 :  0.115 0.009 0.237 0.010 0.016 0.311 0.039 0.263 
323 HI_SS0043    (1)    6 :  0.002 0.937 0.006 0.007 0.027 0.007 0.007 0.007 
324 HI_SS0044    (1)    6 :  0.002 0.004 0.729 0.005 0.211 0.025 0.012 0.012 
325 HI_SS0047    (1)    6 :  0.003 0.031 0.048 0.118 0.047 0.046 0.034 0.673 
326 HI_SS0049    (1)    6 :  0.005 0.049 0.468 0.412 0.025 0.014 0.017 0.010 
327 HI_SS0051    (1)    6 :  0.002 0.737 0.023 0.009 0.008 0.195 0.011 0.015 
328 HI_SS0053    (1)    6 :  0.004 0.017 0.010 0.872 0.055 0.009 0.018 0.016 
329 HI_SS0054    (4)    6 :  0.003 0.025 0.005 0.278 0.658 0.005 0.010 0.016 
330 HI_SS0057    (0)    6 :  0.003 0.654 0.016 0.023 0.015 0.078 0.020 0.191 
331 HI_SS0058    (0)    6 :  0.008 0.025 0.038 0.049 0.036 0.743 0.030 0.071 
332 HI_SS0060    (0)    6 :  0.092 0.031 0.016 0.705 0.085 0.021 0.034 0.016 
333 HI_SS0087    (1)    6 :  0.003 0.073 0.014 0.587 0.029 0.051 0.075 0.168 
334 HI_SS0091    (1)    6 :  0.001 0.194 0.004 0.047 0.012 0.507 0.027 0.208 
335 HI_SS0095    (1)    6 :  0.052 0.008 0.008 0.276 0.008 0.389 0.186 0.074 
336 HI_SS0097    (3)    6 :  0.005 0.592 0.010 0.208 0.007 0.010 0.046 0.122 
337 HI_SS0099    (1)    6 :  0.005 0.011 0.811 0.032 0.036 0.045 0.019 0.041 
338 HI_SS0103    (0)    6 :  0.003 0.012 0.024 0.014 0.009 0.889 0.020 0.029 
339 HI_SS0105    (1)    6 :  0.028 0.024 0.008 0.041 0.015 0.072 0.298 0.513 
340 HI_SS0107    (1)    6 :  0.001 0.006 0.501 0.124 0.012 0.221 0.033 0.102 
341 HI_SS0108    (1)    6 :  0.026 0.013 0.007 0.009 0.892 0.013 0.028 0.012 
342 HI_SS0110    (0)    6 :  0.001 0.010 0.030 0.034 0.026 0.163 0.294 0.442 
343 HI_SS0111    (1)    6 :  0.026 0.010 0.034 0.009 0.021 0.698 0.143 0.058 
344 HI_SS0112    (0)    6 :  0.001 0.009 0.008 0.004 0.956 0.010 0.008 0.004 
345 HI_SS0113    (1)    6 :  0.003 0.008 0.018 0.017 0.006 0.011 0.017 0.921 
346 HI_SS0114    (1)    6 :  0.005 0.181 0.021 0.234 0.096 0.390 0.031 0.041 
347 HI_SS0115    (1)    6 :  0.016 0.014 0.570 0.318 0.024 0.014 0.038 0.005 
348 HI_SS0116    (4)    6 :  0.003 0.208 0.329 0.015 0.295 0.085 0.054 0.011 
349 HI_SS0117    (0)    6 :  0.002 0.006 0.006 0.018 0.247 0.018 0.019 0.685 
350 HI_SS0118    (0)    6 :  0.012 0.021 0.058 0.013 0.014 0.292 0.046 0.543 
351 HI_SS0119    (1)    6 :  0.002 0.540 0.004 0.008 0.032 0.027 0.362 0.026 
352 HI_SS0120    (1)    6 :  0.003 0.004 0.365 0.012 0.006 0.016 0.044 0.550 
353 HI_SS0121    (0)    6 :  0.002 0.023 0.015 0.014 0.005 0.017 0.010 0.914 
354 HI_SS0122    (2)    6 :  0.028 0.219 0.184 0.013 0.024 0.348 0.042 0.142 
355 HI_SS0123    (0)    6 :  0.004 0.015 0.008 0.029 0.005 0.024 0.009 0.905 
356 HI_SS0124    (1)    6 :  0.003 0.013 0.744 0.016 0.018 0.157 0.027 0.021 
357 HI_SS0125    (1)    6 :  0.026 0.004 0.022 0.008 0.004 0.010 0.917 0.008 
358 HI_SS0126    (0)    6 :  0.001 0.006 0.023 0.006 0.928 0.010 0.008 0.018 
359 HI_SS0127    (0)    6 :  0.007 0.027 0.009 0.931 0.009 0.007 0.007 0.004 
360 HI_SS0128    (0)    6 :  0.003 0.011 0.064 0.558 0.043 0.034 0.198 0.089 
361 HI_SS0129    (1)    6 :  0.014 0.093 0.134 0.071 0.152 0.460 0.027 0.048 
362 HI_SS0131    (2)    6 :  0.038 0.023 0.043 0.011 0.781 0.005 0.036 0.064 
363 HI_SS0132    (0)    6 :  0.001 0.147 0.053 0.010 0.112 0.024 0.047 0.606 
364 HI_SS0133    (1)    6 :  0.001 0.004 0.002 0.005 0.972 0.006 0.006 0.003 
365 HI_SS0134    (1)    6 :  0.002 0.009 0.021 0.026 0.361 0.067 0.094 0.421 
366 HI_SS0142    (3)    6 :  0.016 0.009 0.016 0.253 0.004 0.033 0.590 0.079 
367 HI_SS0145    (0)    6 :  0.001 0.007 0.009 0.781 0.015 0.162 0.012 0.013 
368 HI_SS0146    (1)    6 :  0.001 0.010 0.014 0.013 0.848 0.066 0.043 0.005 
369 HI_SS0147    (1)    6 :  0.033 0.078 0.071 0.142 0.006 0.428 0.037 0.206 
370 HI_SS0149    (1)    6 :  0.004 0.018 0.009 0.014 0.033 0.018 0.010 0.894 
371 HI_SS0150    (2)    6 :  0.005 0.022 0.336 0.014 0.013 0.019 0.555 0.037 
372 HI_SS0151    (0)    6 :  0.013 0.041 0.016 0.073 0.044 0.297 0.509 0.006 
373 NS_SS1451    (1)    6 :  0.003 0.019 0.101 0.017 0.014 0.480 0.347 0.019 
374 NS_SS1404    (0)    6 :  0.010 0.006 0.904 0.014 0.013 0.018 0.012 0.023 
375 NS_SS1432    (2)    6 :  0.036 0.012 0.844 0.008 0.009 0.029 0.016 0.046 
376 NS_SS1405    (5)    6 :  0.003 0.025 0.627 0.023 0.046 0.235 0.020 0.020 
377 NS_SS1431   (10)    6 :  0.001 0.008 0.045 0.008 0.005 0.006 0.013 0.915 
378 NS_SS1402    (3)    6 :  0.003 0.014 0.156 0.036 0.010 0.694 0.045 0.042 
379 NS_SS1450    (3)    6 :  0.004 0.044 0.095 0.211 0.142 0.216 0.187 0.101 
380 NS_SS1396    (0)    6 :  0.007 0.035 0.086 0.021 0.027 0.074 0.094 0.657 
381 NS_SS1393    (5)    6 :  0.004 0.910 0.029 0.012 0.008 0.014 0.013 0.010 
382 NS_SS1392   (10)    6 :  0.018 0.012 0.097 0.010 0.023 0.035 0.797 0.009 
383 NS_SS1445    (0)    6 :  0.006 0.013 0.007 0.933 0.012 0.012 0.006 0.010 
384 NS_SS1423    (0)    6 :  0.001 0.013 0.022 0.220 0.138 0.037 0.468 0.100 
385 NS_SS1421    (9)    6 :  0.105 0.134 0.047 0.017 0.132 0.024 0.391 0.151 
386 NS_SS1411    (6)    6 :  0.001 0.835 0.022 0.009 0.099 0.014 0.011 0.010 
387 NS_SS1453    (6)    6 :  0.007 0.026 0.013 0.096 0.021 0.032 0.168 0.636 
388 NS_SS1442    (3)    6 :  0.004 0.128 0.039 0.146 0.028 0.586 0.036 0.032 
389 NS_SS1422    (1)    6 :  0.010 0.023 0.026 0.149 0.035 0.058 0.689 0.010 
390 NS_SS1419    (1)    6 :  0.152 0.645 0.050 0.043 0.007 0.022 0.070 0.012 
391 NS_SS1427    (0)    6 :  0.002 0.004 0.009 0.006 0.935 0.011 0.029 0.003 
392 NS_SS1444    (4)    6 :  0.003 0.039 0.489 0.425 0.007 0.017 0.014 0.006 
393 NS_SS1455    (0)    6 :  0.001 0.006 0.024 0.005 0.007 0.011 0.010 0.934 
394 NS_SS1425    (2)    6 :  0.001 0.888 0.002 0.007 0.078 0.009 0.007 0.007 
395 NS_SS1400    (0)    6 :  0.002 0.027 0.020 0.048 0.835 0.012 0.014 0.043 
396 NS_SS1406    (2)    6 :  0.012 0.014 0.022 0.022 0.005 0.017 0.104 0.804 
397 NS_SS1417    (6)    6 :  0.008 0.044 0.456 0.014 0.038 0.395 0.015 0.030 
398 NS_SS1454    (3)    6 :  0.001 0.014 0.013 0.008 0.054 0.027 0.015 0.869 
399 NS_SS1412    (1)    6 :  0.018 0.023 0.020 0.019 0.039 0.817 0.006 0.057 
400 NS_SS1438    (1)    6 :  0.002 0.585 0.016 0.048 0.189 0.086 0.056 0.018 
401 NS_SS1416    (4)    6 :  0.008 0.554 0.041 0.018 0.003 0.109 0.115 0.151 
402 NS_SS1401    (0)    6 :  0.014 0.136 0.093 0.049 0.042 0.247 0.157 0.263 
403 NS_SS1424    (6)    6 :  0.011 0.010 0.013 0.013 0.389 0.408 0.133 0.021 
404 NS_SS1435   (10)    6 :  0.003 0.005 0.019 0.010 0.877 0.014 0.050 0.021 
405 NS_SS1447    (4)    6 :  0.008 0.051 0.514 0.062 0.015 0.282 0.013 0.054 
406 NS_SS1414    (3)    6 :  0.008 0.006 0.914 0.038 0.007 0.007 0.007 0.013 
407 NS_SS1449   (14)    6 :  0.003 0.022 0.004 0.003 0.004 0.007 0.948 0.009 
408 NS_SS1443    (4)    6 :  0.002 0.027 0.005 0.667 0.196 0.011 0.050 0.042 
409 NS_SS1434    (1)    6 :  0.001 0.007 0.044 0.012 0.358 0.300 0.229 0.049 
410 NS_SS1398    (1)    6 :  0.030 0.470 0.206 0.022 0.054 0.171 0.027 0.019 
411 NS_SS1426    (1)    6 :  0.002 0.041 0.011 0.747 0.152 0.020 0.013 0.015 
412 NS_SS1413    (0)    6 :  0.010 0.011 0.015 0.007 0.929 0.013 0.010 0.006 
413 NS_SS1395    (1)    6 :  0.010 0.017 0.008 0.652 0.014 0.032 0.156 0.111 
414 NS_SS1448   (10)    6 :  0.002 0.005 0.010 0.009 0.941 0.011 0.012 0.011 
415 NS_SS1446    (0)    6 :  0.002 0.007 0.019 0.015 0.010 0.872 0.062 0.012 
416 NS_SS1403    (2)    6 :  0.005 0.091 0.029 0.107 0.011 0.067 0.524 0.167 
417 NS_SS1415    (0)    6 :  0.010 0.012 0.010 0.020 0.921 0.010 0.013 0.005 
418 NS_SS1437    (4)    6 :  0.008 0.011 0.341 0.121 0.041 0.012 0.008 0.458 
419 NS_SS1439    (2)    6 :  0.002 0.007 0.009 0.034 0.008 0.871 0.014 0.055 
420 NS_SS1441    (3)    6 :  0.002 0.135 0.031 0.102 0.339 0.211 0.145 0.034 
421 NS_SS1420    (2)    6 :  0.003 0.041 0.892 0.011 0.008 0.015 0.022 0.007 
422 NS_SS1394    (2)    6 :  0.043 0.023 0.324 0.523 0.007 0.035 0.015 0.031 
423 NS_SS1391    (7)    6 :  0.011 0.012 0.269 0.134 0.043 0.494 0.022 0.014 
424 NS_SS1410    (5)    6 :  0.013 0.021 0.010 0.006 0.018 0.024 0.858 0.049 
425 NS_SS1408    (1)    6 :  0.064 0.006 0.006 0.031 0.019 0.156 0.080 0.638 
426 NS_SS1409    (1)    6 :  0.003 0.009 0.011 0.005 0.009 0.925 0.032 0.007 
427 HI_SS0617    (1)    7 :  0.001 0.012 0.075 0.015 0.007 0.796 0.086 0.008 
428 HI_SS0618    (2)    7 :  0.003 0.080 0.040 0.018 0.008 0.015 0.819 0.018 
429 HI_SS0619    (0)    7 :  0.004 0.036 0.726 0.048 0.042 0.105 0.007 0.031 
430 HI_SS0620    (1)    7 :  0.002 0.014 0.006 0.013 0.918 0.033 0.010 0.003 
431 HI_SS0621    (3)    7 :  0.016 0.008 0.217 0.046 0.013 0.607 0.062 0.030 
432 HI_SS0622    (1)    7 :  0.011 0.026 0.148 0.629 0.062 0.082 0.026 0.016 
433 HI_SS0626    (0)    7 :  0.009 0.015 0.843 0.054 0.013 0.036 0.009 0.020 
434 HI_SS0627    (0)    7 :  0.009 0.327 0.019 0.011 0.008 0.052 0.036 0.538 
435 HI_SS0628    (3)    7 :  0.057 0.010 0.036 0.011 0.298 0.016 0.048 0.524 
436 HI_SS0629    (1)    7 :  0.007 0.100 0.045 0.037 0.084 0.566 0.139 0.022 
437 HI_SS0630    (1)    7 :  0.075 0.124 0.047 0.007 0.690 0.028 0.019 0.011 
438 HI_SS0631    (0)    7 :  0.001 0.091 0.024 0.056 0.767 0.013 0.037 0.010 
439 HI_SS0632    (0)    7 :  0.004 0.545 0.028 0.014 0.279 0.018 0.041 0.071 
440 HI_SS0633    (0)    7 :  0.003 0.012 0.929 0.016 0.005 0.018 0.012 0.004 
441 HI_SS0634    (1)    7 :  0.002 0.023 0.013 0.007 0.019 0.720 0.036 0.180 
442 HI_SS0635    (0)    7 :  0.010 0.009 0.394 0.017 0.011 0.525 0.013 0.020 
443 HI_SS0637    (1)    7 :  0.003 0.045 0.010 0.306 0.006 0.582 0.017 0.030 
444 HI_SS0638    (0)    7 :  0.001 0.065 0.068 0.082 0.689 0.039 0.026 0.029 
445 HI_SS0639    (1)    7 :  0.051 0.013 0.112 0.411 0.007 0.115 0.189 0.102 
446 HI_SS0640    (1)    7 :  0.002 0.010 0.010 0.945 0.012 0.007 0.008 0.006 
447 HI_SS0641    (1)    7 :  0.005 0.059 0.293 0.026 0.467 0.121 0.021 0.007 
448 HI_SS0642    (0)    7 :  0.003 0.007 0.037 0.026 0.014 0.019 0.670 0.224 
449 HI_SS0645    (0)    7 :  0.001 0.789 0.167 0.006 0.008 0.005 0.018 0.006 
450 HI_SS0646    (1)    7 :  0.002 0.006 0.016 0.678 0.013 0.096 0.179 0.011 
451 HI_SS0647    (1)    7 :  0.002 0.053 0.112 0.022 0.618 0.033 0.088 0.073 
452 HI_SS0648    (0)    7 :  0.003 0.033 0.623 0.189 0.076 0.013 0.032 0.030 
453 HI_SS0649    (1)    7 :  0.002 0.556 0.152 0.040 0.009 0.181 0.047 0.013 
454 HI_SS0650    (1)    7 :  0.004 0.046 0.019 0.023 0.007 0.556 0.317 0.030 
455 HI_SS0651    (1)    7 :  0.003 0.014 0.016 0.924 0.010 0.019 0.007 0.008 
456 HI_SS0652    (1)    7 :  0.004 0.177 0.704 0.020 0.038 0.026 0.010 0.020 
457 NS_SS1371    (3)    7 :  0.006 0.006 0.009 0.016 0.008 0.712 0.233 0.010 
458 NS_SS1374    (0)    7 :  0.002 0.019 0.373 0.016 0.350 0.088 0.026 0.125 
459 NS_SS1337    (3)    7 :  0.004 0.012 0.013 0.009 0.029 0.027 0.541 0.365 
460 NS_SS1385    (5)    7 :  0.005 0.021 0.019 0.209 0.009 0.474 0.019 0.244 
461 NS_SS1388    (0)    7 :  0.006 0.031 0.872 0.014 0.039 0.019 0.006 0.014 
462 NS_SS1370    (1)    7 :  0.013 0.631 0.008 0.011 0.008 0.007 0.304 0.018 
463 NS_SS1389    (3)    7 :  0.003 0.006 0.960 0.006 0.006 0.006 0.006 0.007 
464 NS_SS1360    (1)    7 :  0.005 0.148 0.017 0.509 0.178 0.042 0.079 0.022 
465 NS_SS1330    (0)    7 :  0.003 0.032 0.272 0.070 0.009 0.311 0.199 0.104 
466 NS_SS1328    (9)    7 :  0.002 0.006 0.016 0.017 0.917 0.015 0.013 0.013 
467 NS_SS1384    (1)    7 :  0.003 0.008 0.004 0.950 0.007 0.007 0.014 0.006 
468 NS_SS1381    (0)    7 :  0.001 0.015 0.080 0.027 0.006 0.102 0.723 0.046 
469 NS_SS1375    (1)    7 :  0.001 0.008 0.850 0.016 0.029 0.038 0.048 0.011 
470 NS_SS1319   (11)    7 :  0.074 0.011 0.015 0.011 0.012 0.047 0.820 0.010 
471 NS_SS1326    (2)    7 :  0.012 0.018 0.018 0.005 0.822 0.020 0.014 0.090 
