   NS_SS0963  1 0.0061 0.0678 0.0122 0.0374 0.6181 0.2583 
   NS_SS0983  1 0.0035 0.9628 0.0094 0.0075 0.0107 0.0060 
   NS_SS0719  1 0.0056 0.3839 0.0503 0.0109 0.0589 0.4904 
   NS_SS1001  1 0.0056 0.0084 0.1773 0.7310 0.0191 0.0586 
   NS_SS0936  1 0.0018 0.0076 0.0414 0.0105 0.9204 0.0184 
   NS_SS0955  1 0.0036 0.3403 0.2032 0.3939 0.0476 0.0115 
   NS_SS0944  1 0.0014 0.0120 0.1905 0.7525 0.0338 0.0098 
   NS_SS0945  1 0.0111 0.1532 0.0255 0.7574 0.0124 0.0403 
   NS_SS0922  1 0.0297 0.0178 0.0200 0.0418 0.0609 0.8297 
   NS_SS0929  1 0.0030 0.3737 0.1205 0.0473 0.3089 0.1466 
   NS_SS0956  1 0.0042 0.0062 0.0133 0.0124 0.0126 0.9512 
   NS_SS0906  1 0.0026 0.0140 0.0127 0.0200 0.9308 0.0199 
   NS_SS0721  1 0.0045 0.2920 0.0118 0.0189 0.0478 0.6250 
   NS_SS0982  1 0.0117 0.0096 0.0055 0.0110 0.9541 0.0081 
   NS_SS0923  1 0.0062 0.1561 0.0787 0.1181 0.2681 0.3728 
   NS_SS0905  1 0.0018 0.8044 0.0085 0.0216 0.0481 0.1157 
   NS_SS0925  1 0.0039 0.0156 0.0170 0.0178 0.9309 0.0148 
   NS_SS0947  1 0.0056 0.0205 0.0133 0.5281 0.2465 0.1860 
   NS_SS0926  1 0.0009 0.8027 0.1565 0.0159 0.0070 0.0171 
   NS_SS0918  1 0.0032 0.4979 0.1175 0.0532 0.1417 0.1866 
   NS_SS0966  1 0.0569 0.1632 0.1172 0.4311 0.1787 0.0529 
   NS_SS0938  1 0.0015 0.0136 0.4246 0.2810 0.0570 0.2223 
   NS_SS0917  1 0.0439 0.0731 0.0355 0.1028 0.3376 0.4071 
   NS_SS0957  1 0.0068 0.0101 0.3667 0.1594 0.3310 0.1260 
   NS_SS0987  1 0.2453 0.0997 0.1738 0.0455 0.0141 0.4217 
   NS_SS0717  1 0.0031 0.0326 0.0144 0.8752 0.0468 0.0278 
   NS_SS0986  1 0.0045 0.0835 0.0962 0.7313 0.0319 0.0526 
   NS_SS0953  1 0.0124 0.0070 0.0076 0.0409 0.9216 0.0106 
   NS_SS0907  1 0.0250 0.0259 0.0083 0.0151 0.9175 0.0082 
   NS_SS0974  1 0.0038 0.2894 0.1048 0.3279 0.1456 0.1284 
   NS_SS0989  1 0.0013 0.7645 0.1075 0.0176 0.0734 0.0356 
   NS_SS0991  1 0.0023 0.8783 0.0683 0.0153 0.0265 0.0093 
   NS_SS0994  1 0.0022 0.7846 0.1610 0.0396 0.0066 0.0059 
   NS_SS0931  1 0.0067 0.0165 0.9374 0.0065 0.0119 0.0210 
   NS_SS1000  1 0.0038 0.0188 0.0173 0.2212 0.7009 0.0380 
   NS_SS0919  1 0.0029 0.5862 0.0241 0.0060 0.3252 0.0556 
   NS_SS0949  1 0.0017 0.1740 0.5471 0.0415 0.1361 0.0995 
   NS_SS0960  1 0.0076 0.0939 0.5643 0.0146 0.2713 0.0483 
   NS_SS0716  1 0.0066 0.0113 0.0075 0.9089 0.0072 0.0585 
   NS_SS0924  1 0.0199 0.6203 0.0960 0.1659 0.0785 0.0194 
   NS_SS0935  1 0.0084 0.9231 0.0260 0.0081 0.0169 0.0175 
   NS_SS0952  1 0.0435 0.1553 0.6975 0.0235 0.0731 0.0072 
   NS_SS0962  1 0.0080 0.0307 0.0168 0.2290 0.1179 0.5976 
   NS_SS0973  1 0.0042 0.0142 0.0096 0.0173 0.9470 0.0077 
   NS_SS0722  1 0.0027 0.0071 0.0082 0.7191 0.2491 0.0138 
   NS_SS0979  1 0.0019 0.1892 0.0261 0.5163 0.0618 0.2046 
   NS_SS0993  1 0.0223 0.0150 0.3390 0.2251 0.3472 0.0514 
   NS_SS0958  1 0.0025 0.0452 0.7869 0.0750 0.0750 0.0155 
   NS_SS0988  1 0.0038 0.0270 0.0242 0.0190 0.8823 0.0436 
   NS_SS1003  1 0.0090 0.0114 0.0241 0.0130 0.0077 0.9348 
   NS_SS0976  1 0.0020 0.1034 0.8363 0.0262 0.0185 0.0137 
   NS_SS0964  1 0.0025 0.0439 0.0150 0.8765 0.0356 0.0265 
   NS_SS0939  1 0.0046 0.0037 0.0214 0.0714 0.0090 0.8900 
   NS_SS0990  1 0.0035 0.0833 0.0455 0.5093 0.0244 0.3340 
   NS_SS0984  1 0.0018 0.0132 0.0302 0.3477 0.1181 0.4890 
   NS_SS0980  1 0.0019 0.0083 0.0092 0.0092 0.9345 0.0369 
   NS_SS0978  1 0.0027 0.0113 0.0148 0.0132 0.8619 0.0962 
   NS_SS0951  1 0.0029 0.2171 0.1312 0.4913 0.1078 0.0496 
   NS_SS0913  1 0.0330 0.0100 0.0162 0.8000 0.0082 0.1325 
   NS_SS1002  1 0.0318 0.0089 0.0111 0.0237 0.8958 0.0288 
   NS_SS0948  1 0.0507 0.0152 0.7927 0.0299 0.0701 0.0414 
   NS_SS0916  1 0.0033 0.0450 0.0164 0.0089 0.0124 0.9141 
   NS_SS0995  1 0.0030 0.0147 0.0079 0.0217 0.0289 0.9239 
   NS_SS0927  1 0.0062 0.6379 0.0086 0.2022 0.0941 0.0509 
   NS_SS0992  1 0.0024 0.0139 0.0409 0.0423 0.8175 0.0829 
   NS_SS0912  1 0.0034 0.7276 0.0440 0.0482 0.0249 0.1519 
   NS_SS0981  1 0.0036 0.2667 0.1228 0.0283 0.1114 0.4672 
   NS_SS0729  2 0.0027 0.9559 0.0073 0.0217 0.0079 0.0045 
   NS_SS0967  2 0.0136 0.0498 0.0503 0.2208 0.5455 0.1200 
   NS_SS0941  2 0.0786 0.0632 0.0520 0.1403 0.2295 0.4365 
   NS_SS0768  2 0.0038 0.0335 0.0066 0.4821 0.4582 0.0158 
   NS_SS0726  2 0.0084 0.0689 0.7029 0.1521 0.0491 0.0185 
   NS_SS0763  2 0.0024 0.9089 0.0204 0.0444 0.0116 0.0123 
   NS_SS0730  2 0.0030 0.0063 0.0079 0.0091 0.0107 0.9631 
   NS_SS0774  2 0.0009 0.0078 0.0194 0.1768 0.7473 0.0478 
   NS_SS0723  2 0.0016 0.0102 0.0048 0.0171 0.8571 0.1091 
   NS_SS0940  2 0.0067 0.0459 0.0501 0.0136 0.0203 0.8634 
   NS_SS0762  2 0.0031 0.0071 0.0332 0.6078 0.0760 0.2727 
   NS_SS0766  2 0.0151 0.2367 0.0299 0.1568 0.0179 0.5437 
   NS_SS0724  2 0.0039 0.0974 0.0203 0.8360 0.0194 0.0231 
   NS_SS0769  2 0.0036 0.8292 0.0060 0.0641 0.0351 0.0620 
   NS_SS0777  2 0.0133 0.0604 0.8259 0.0178 0.0631 0.0195 
   NS_SS0734  2 0.0241 0.0217 0.0439 0.1541 0.0197 0.7366 
   NS_SS0737  2 0.0069 0.0055 0.0158 0.5317 0.2591 0.1810 
   NS_SS0732  2 0.0060 0.0270 0.0094 0.0208 0.2019 0.7349 
   NS_SS0728  2 0.0091 0.0688 0.0109 0.5599 0.0457 0.3054 
   NS_SS0735  2 0.0078 0.0218 0.0116 0.1125 0.8052 0.0411 
   NS_SS0725  2 0.0058 0.0102 0.0113 0.9509 0.0057 0.0160 
   NS_SS0788  2 0.0015 0.0388 0.0167 0.0155 0.7813 0.1463 
   NS_SS0778  2 0.0019 0.0592 0.0207 0.0074 0.4554 0.4553 
   NS_SS0792  2 0.0050 0.1593 0.1285 0.2167 0.1651 0.3255 
   NS_SS0943  2 0.0074 0.0358 0.2570 0.0898 0.6009 0.0091 
   NS_SS0791  2 0.0155 0.0392 0.0608 0.1054 0.0148 0.7644 
   NS_SS0790  2 0.0035 0.0063 0.0037 0.5629 0.4078 0.0158 
   NS_SS0731  2 0.0086 0.0078 0.0039 0.9647 0.0075 0.0076 
   NS_SS0727  2 0.0018 0.3601 0.1176 0.4854 0.0215 0.0135 
   NS_SS0779  2 0.0074 0.1325 0.0820 0.0759 0.4382 0.2639 
   NS_SS0776  2 0.0077 0.0326 0.3766 0.2600 0.2932 0.0298 
   NS_SS0775  2 0.0079 0.0046 0.0218 0.8281 0.1055 0.0320 
   NS_SS0965  3 0.0020 0.3290 0.0736 0.0301 0.3837 0.1815 
   NS_SS0754  3 0.0125 0.3156 0.2956 0.0242 0.2778 0.0742 
   NS_SS0838  3 0.0396 0.0305 0.0793 0.8037 0.0256 0.0213 
   NS_SS0839  3 0.0038 0.0070 0.0118 0.5484 0.0963 0.3327 
   NS_SS0832  3 0.0355 0.0066 0.0048 0.0191 0.9136 0.0204 
   NS_SS0820  3 0.0066 0.0170 0.0072 0.9020 0.0146 0.0526 
   NS_SS0886  3 0.0020 0.3643 0.0565 0.0431 0.3200 0.2141 
   NS_SS0748  3 0.0084 0.2186 0.3863 0.1161 0.2360 0.0346 
   NS_SS0884  3 0.0209 0.0225 0.0318 0.0697 0.8243 0.0308 
   NS_SS0752  3 0.0017 0.0137 0.0167 0.0191 0.9244 0.0244 
   NS_SS0862  3 0.0038 0.0109 0.0049 0.0188 0.1076 0.8539 
   NS_SS0787  3 0.0064 0.7447 0.1830 0.0150 0.0246 0.0264 
   NS_SS0843  3 0.0021 0.8212 0.0104 0.0573 0.0635 0.0455 
   NS_SS0856  3 0.0037 0.0282 0.0103 0.8306 0.0483 0.0789 
   NS_SS0846  3 0.0024 0.2308 0.1203 0.0149 0.6209 0.0106 
   NS_SS0825  3 0.0113 0.0264 0.0722 0.0197 0.0942 0.7762 
   NS_SS0757  3 0.0037 0.1405 0.0306 0.0379 0.7030 0.0843 
   NS_SS0876  3 0.2231 0.0136 0.0178 0.1859 0.3737 0.1858 
   NS_SS0903  3 0.0017 0.0031 0.0067 0.0062 0.9708 0.0115 
   NS_SS0875  3 0.0036 0.1269 0.0134 0.0477 0.0146 0.7938 
   NS_SS0740  3 0.0032 0.6903 0.0202 0.0717 0.1738 0.0407 
   NS_SS0811  3 0.0092 0.1765 0.0204 0.1652 0.0243 0.6044 
   NS_SS0751  3 0.0024 0.0294 0.0451 0.0438 0.0156 0.8637 
   NS_SS0891  3 0.0066 0.0110 0.0288 0.8346 0.0653 0.0537 
   NS_SS0867  3 0.0209 0.0458 0.0179 0.0075 0.9000 0.0079 
   NS_SS0890  3 0.0035 0.2435 0.0271 0.0347 0.2660 0.4252 
   NS_SS0866  3 0.0054 0.4032 0.2356 0.2894 0.0503 0.0161 
   NS_SS0755  3 0.0072 0.0644 0.1950 0.3851 0.0773 0.2711 
   NS_SS0758  3 0.0019 0.8155 0.0127 0.1178 0.0284 0.0238 
   NS_SS0840  3 0.0024 0.0630 0.0137 0.1923 0.0631 0.6656 
   NS_SS0889  3 0.0026 0.4693 0.2355 0.0900 0.0551 0.1474 
   NS_SS1010  3 0.0420 0.3176 0.0190 0.0333 0.3889 0.1992 
   NS_SS0888  3 0.0017 0.3125 0.3729 0.0407 0.2536 0.0187 
   NS_SS0837  3 0.0028 0.0514 0.0245 0.0858 0.5644 0.2711 
   NS_SS0794  3 0.0019 0.0156 0.0356 0.9363 0.0052 0.0054 
   NS_SS0823  3 0.0039 0.0119 0.0049 0.8071 0.1328 0.0394 
   NS_SS0829  3 0.1180 0.3621 0.4493 0.0150 0.0348 0.0207 
   NS_SS0844  3 0.0016 0.0090 0.0055 0.0269 0.9479 0.0092 
   NS_SS1008  3 0.0132 0.0647 0.1742 0.6614 0.0569 0.0296 
   NS_SS0881  3 0.0024 0.0149 0.5978 0.0103 0.0107 0.3639 
   NS_SS0834  3 0.0040 0.0073 0.0054 0.9692 0.0079 0.0061 
   NS_SS0744  3 0.0070 0.0494 0.0235 0.0257 0.7087 0.1857 
   NS_SS0899  3 0.0013 0.0262 0.0076 0.4207 0.2494 0.2948 
   NS_SS0804  3 0.0043 0.0332 0.0073 0.1821 0.4151 0.3581 
   NS_SS0781  3 0.0039 0.0185 0.0085 0.0737 0.8055 0.0898 
   NS_SS0822  3 0.0020 0.0128 0.9029 0.0498 0.0243 0.0082 
   NS_SS1004  3 0.0042 0.0190 0.0206 0.0099 0.9208 0.0254 
   NS_SS0746  3 0.0112 0.1160 0.0415 0.7777 0.0415 0.0121 
   NS_SS0880  3 0.0017 0.0065 0.6502 0.0130 0.1345 0.1941 
   NS_SS0879  3 0.0150 0.0142 0.0285 0.5053 0.4091 0.0279 
   NS_SS0753  3 0.0083 0.5412 0.0300 0.0093 0.3969 0.0143 
   NS_SS1007  3 0.0018 0.0959 0.0288 0.0249 0.0179 0.8307 
   NS_SS0872  3 0.0018 0.0452 0.1056 0.0810 0.6499 0.1165 
   NS_SS1005  3 0.0011 0.0241 0.0114 0.0450 0.8919 0.0265 
   NS_SS0892  3 0.0021 0.1330 0.0376 0.0924 0.3284 0.4065 
   NS_SS0898  3 0.0037 0.0058 0.9675 0.0057 0.0080 0.0093 
   NS_SS0801  3 0.0094 0.0885 0.0126 0.7615 0.0819 0.0461 
   NS_SS0827  3 0.1071 0.8414 0.0165 0.0067 0.0130 0.0152 
   NS_SS0853  3 0.0069 0.5670 0.0125 0.1523 0.0417 0.2196 
   NS_SS0780  3 0.0045 0.0310 0.0097 0.0387 0.4299 0.4862 
   NS_SS0826  3 0.0028 0.0071 0.8776 0.0102 0.0940 0.0084 
   NS_SS0818  3 0.0017 0.0088 0.0129 0.0508 0.5092 0.4167 
   NS_SS0745  3 0.0013 0.0061 0.0522 0.0762 0.0088 0.8555 
   NS_SS0849  3 0.0015 0.0159 0.0190 0.0083 0.0209 0.9344 
   NS_SS0739  3 0.0127 0.0107 0.0121 0.0077 0.0088 0.9480 
   NS_SS0799  3 0.0013 0.4351 0.0260 0.0685 0.3866 0.0826 
   NS_SS0756  3 0.0037 0.0077 0.0168 0.0093 0.9146 0.0480 
   NS_SS0802  3 0.2138 0.3960 0.0140 0.0368 0.1553 0.1842 
   NS_SS0747  3 0.0046 0.0323 0.0116 0.0103 0.9194 0.0217 
   NS_SS0835  3 0.0012 0.9620 0.0059 0.0107 0.0111 0.0091 
   NS_SS0742  3 0.0012 0.0306 0.0172 0.0578 0.0255 0.8677 
   NS_SS0760  3 0.0411 0.6911 0.1985 0.0425 0.0148 0.0119 
   NS_SS0803  3 0.0066 0.0091 0.0081 0.0102 0.9615 0.0046 
   NS_SS0828  3 0.0017 0.2644 0.0309 0.0217 0.2006 0.4806 
   NS_SS0865  3 0.0265 0.0264 0.0240 0.0208 0.0595 0.8430 
   NS_SS0759  3 0.0042 0.0114 0.0127 0.0190 0.0616 0.8912 
   NS_SS0851  3 0.0143 0.0064 0.0080 0.1907 0.0098 0.7708 
   NS_SS0874  3 0.0015 0.0304 0.0060 0.0712 0.8813 0.0096 
   NS_SS0761  3 0.0023 0.7562 0.1625 0.0211 0.0283 0.0297 
   NS_SS0842  3 0.0077 0.0124 0.7644 0.1735 0.0262 0.0158 
   NS_SS0785  3 0.0047 0.0159 0.0138 0.0155 0.9286 0.0215 
   NS_SS0860  3 0.0026 0.8979 0.0122 0.0114 0.0260 0.0497 
   NS_SS0897  3 0.0021 0.2403 0.6061 0.0285 0.0289 0.0941 
   NS_SS0841  3 0.0037 0.0094 0.0488 0.0780 0.0701 0.7900 
   NS_SS0797  3 0.0229 0.0276 0.8841 0.0228 0.0107 0.0319 
   NS_SS0830  3 0.0024 0.0321 0.8854 0.0166 0.0260 0.0375 
   NS_SS1011  3 0.0067 0.0266 0.0084 0.0437 0.8275 0.0871 
   NS_SS0883  3 0.0072 0.3356 0.1521 0.0239 0.1276 0.3536 
   NS_SS0782  3 0.0017 0.0157 0.0243 0.8912 0.0300 0.0371 
   NS_SS0831  3 0.0034 0.5606 0.1052 0.1089 0.0453 0.1766 
   NS_SS0749  3 0.0036 0.0833 0.0623 0.0320 0.4254 0.3933 
   NS_SS0854  3 0.0025 0.0337 0.0590 0.8484 0.0220 0.0344 
   HI_SS0193  4 0.0016 0.0091 0.7909 0.0411 0.0046 0.1526 
   HI_SS0194  4 0.0018 0.0108 0.0444 0.8784 0.0285 0.0361 
   HI_SS0195  4 0.0974 0.0056 0.0096 0.1802 0.0395 0.6676 
   HI_SS0196  4 0.0028 0.0063 0.0230 0.8722 0.0804 0.0153 
   HI_SS0197  4 0.0135 0.0222 0.0087 0.0518 0.3339 0.5700 
   HI_SS0198  4 0.0089 0.0195 0.0181 0.0126 0.0372 0.9038 
   HI_SS0199  4 0.0027 0.8461 0.0118 0.0081 0.0501 0.0812 
   HI_SS0201  4 0.0020 0.6966 0.2494 0.0141 0.0196 0.0184 
   HI_SS0215  4 0.0030 0.9579 0.0067 0.0084 0.0141 0.0099 
   HI_SS0218  4 0.0056 0.0290 0.9396 0.0087 0.0047 0.0124 
   HI_SS0222  4 0.0042 0.0359 0.0100 0.0452 0.0156 0.8891 
   HI_SS0230  4 0.0064 0.3793 0.0307 0.4681 0.0742 0.0413 
   HI_SS0234  4 0.1429 0.0400 0.0254 0.0557 0.7242 0.0117 
   HI_SS0240  4 0.0071 0.0474 0.0103 0.0312 0.3148 0.5891 
   HI_SS0241  4 0.0021 0.2433 0.4506 0.0774 0.0835 0.1431 
   HI_SS0242  4 0.0031 0.0631 0.5139 0.1980 0.0215 0.2004 
   HI_SS0247  4 0.0209 0.0075 0.0163 0.2015 0.7345 0.0193 
   HI_SS0248  4 0.0008 0.4870 0.3326 0.1341 0.0373 0.0082 
   HI_SS0252  4 0.0024 0.0317 0.0125 0.7572 0.1186 0.0777 
   HI_SS0254  4 0.0810 0.0560 0.8081 0.0069 0.0356 0.0125 
   HI_SS0256  4 0.0016 0.0040 0.0042 0.0146 0.9682 0.0073 
   HI_SS0257  4 0.0028 0.7801 0.0208 0.0286 0.1555 0.0123 
   HI_SS0258  4 0.0056 0.2700 0.6139 0.0586 0.0193 0.0327 
   HI_SS0259  4 0.0032 0.0242 0.0092 0.4606 0.1088 0.3938 
   HI_SS0260  4 0.0021 0.6576 0.0283 0.2377 0.0446 0.0297 
   HI_SS0261  4 0.0029 0.0888 0.4710 0.0625 0.3205 0.0544 
   HI_SS0262  4 0.0061 0.0060 0.0107 0.0415 0.0135 0.9222 
   HI_SS0264  4 0.0041 0.0211 0.0129 0.8198 0.0861 0.0559 
   HI_SS0265  4 0.1113 0.0512 0.0217 0.3859 0.0747 0.3553 
   HI_SS0268  4 0.0036 0.4900 0.0958 0.0688 0.0303 0.3116 
   HI_SS0269  4 0.0020 0.0331 0.8300 0.0153 0.1013 0.0183 
   HI_SS0273  4 0.0019 0.0383 0.8636 0.0094 0.0178 0.0691 
   HI_SS0277  4 0.0027 0.0225 0.0174 0.0052 0.0822 0.8700 
   HI_SS0280  4 0.0046 0.0085 0.0142 0.0803 0.0181 0.8743 
   HI_SS0282  4 0.0013 0.0640 0.1907 0.0162 0.6795 0.0483 
   HI_SS0286  4 0.0076 0.5499 0.0262 0.2657 0.0865 0.0642 
   NS_SS1252  5 0.0029 0.8539 0.1146 0.0123 0.0096 0.0066 
   NS_SS1261  5 0.0174 0.3835 0.0264 0.0379 0.2434 0.2914 
   NS_SS1225  5 0.0864 0.8134 0.0261 0.0147 0.0529 0.0063 
   NS_SS1266  5 0.0096 0.0079 0.0226 0.0571 0.8257 0.0771 
   NS_SS1228  5 0.0075 0.0044 0.0116 0.0045 0.0060 0.9660 
   NS_SS1255  5 0.0012 0.0091 0.0853 0.8080 0.0410 0.0553 
   NS_SS1267  5 0.0098 0.9642 0.0136 0.0041 0.0043 0.0040 
   NS_SS1238  5 0.0022 0.0115 0.7625 0.0220 0.0087 0.1931 
   NS_SS1233  5 0.0023 0.0170 0.9363 0.0192 0.0110 0.0141 
   NS_SS1277  5 0.0011 0.0443 0.9103 0.0110 0.0109 0.0225 
   NS_SS1245  5 0.0017 0.0438 0.0426 0.8563 0.0445 0.0111 
   NS_SS1240  5 0.0014 0.9773 0.0058 0.0073 0.0049 0.0033 
   NS_SS1275  5 0.0029 0.0057 0.0533 0.4686 0.0691 0.4005 
   NS_SS1235  5 0.0044 0.0121 0.0233 0.6821 0.2727 0.0055 
   NS_SS1263  5 0.0011 0.0414 0.0388 0.3821 0.5233 0.0133 
   NS_SS1251  5 0.0013 0.0547 0.0399 0.0691 0.8124 0.0226 
   NS_SS1248  5 0.0985 0.0322 0.7518 0.0132 0.0121 0.0922 
   NS_SS1244  5 0.0051 0.0071 0.8550 0.0069 0.0483 0.0776 
   NS_SS1257  5 0.0310 0.6618 0.1904 0.0401 0.0223 0.0543 
   NS_SS1242  5 0.0021 0.0060 0.0063 0.9460 0.0173 0.0223 
   NS_SS1271  5 0.0233 0.0108 0.9449 0.0036 0.0084 0.0090 
   NS_SS1265  5 0.0217 0.6598 0.0446 0.2058 0.0607 0.0074 
   NS_SS1243  5 0.0730 0.0144 0.0266 0.7626 0.0074 0.1161 
   NS_SS1273  5 0.0140 0.0055 0.5668 0.0807 0.1986 0.1345 
   NS_SS1254  5 0.0062 0.0210 0.0118 0.6637 0.2778 0.0196 
   NS_SS1224  5 0.0091 0.0457 0.0057 0.5737 0.1883 0.1776 
   NS_SS1227  5 0.0015 0.8816 0.0218 0.0526 0.0174 0.0252 
   NS_SS1274  5 0.0166 0.7664 0.0177 0.0297 0.0483 0.1213 
   NS_SS1241  5 0.0010 0.0178 0.8681 0.0682 0.0390 0.0060 
   NS_SS1256  5 0.0419 0.0502 0.4300 0.1042 0.3625 0.0112 
   NS_SS1260  5 0.0768 0.8162 0.0071 0.0326 0.0607 0.0065 
   NS_SS1262  5 0.1637 0.0245 0.3350 0.0259 0.4204 0.0305 
   NS_SS1230  5 0.0091 0.1624 0.5981 0.1713 0.0346 0.0246 
   NS_SS1270  5 0.0023 0.1025 0.0670 0.1973 0.3960 0.2348 
   NS_SS1229  5 0.0042 0.0108 0.0056 0.0207 0.9371 0.0217 
   NS_SS1246  5 0.0027 0.2062 0.6453 0.0218 0.1054 0.0187 
   NS_SS1269  5 0.0028 0.2266 0.0287 0.0984 0.1248 0.5187 
   NS_SS1239  5 0.0045 0.0195 0.0082 0.0082 0.0169 0.9427 
   NS_SS1272  5 0.0074 0.3895 0.2640 0.1328 0.1934 0.0130 
   NS_SS1268  5 0.0019 0.0152 0.0103 0.0121 0.0269 0.9336 
   NS_SS1249  5 0.0109 0.0173 0.8984 0.0532 0.0135 0.0067 
   HI_SS0559  6 0.0019 0.0454 0.0683 0.0284 0.8270 0.0290 
   HI_SS0563  6 0.0027 0.1041 0.4489 0.0277 0.2418 0.1747 
   HI_SS0564  6 0.0576 0.0214 0.0577 0.0352 0.1702 0.6579 
   HI_SS0565  6 0.0033 0.5596 0.0192 0.0363 0.3621 0.0195 
   HI_SS0569  6 0.0018 0.9326 0.0350 0.0064 0.0165 0.0076 
   HI_SS0570  6 0.0364 0.0349 0.5969 0.1091 0.0184 0.2044 
   HI_SS0572  6 0.0022 0.0115 0.0055 0.9532 0.0220 0.0055 
   HI_SS0576  6 0.0064 0.0164 0.1170 0.0187 0.0362 0.8053 
   HI_SS0579  6 0.0169 0.1720 0.1319 0.0475 0.6213 0.0104 
   HI_SS0580  6 0.0042 0.0434 0.0093 0.9048 0.0222 0.0161 
   HI_SS0581  6 0.0711 0.0089 0.0147 0.3245 0.0126 0.5681 
   HI_SS0583  6 0.0020 0.9710 0.0043 0.0110 0.0060 0.0057 
   HI_SS0586  6 0.0007 0.9535 0.0235 0.0104 0.0045 0.0074 
   HI_SS0588  6 0.0194 0.7444 0.0207 0.1754 0.0295 0.0106 
   HI_SS0595  6 0.0304 0.0591 0.5393 0.0566 0.1034 0.2111 
   HI_SS0596  6 0.0020 0.0045 0.0208 0.9486 0.0141 0.0099 
   HI_SS0597  6 0.0025 0.0098 0.0134 0.7870 0.1748 0.0125 
   HI_SS0600  6 0.0039 0.0209 0.0548 0.0096 0.5810 0.3298 
   HI_SS0601  6 0.0103 0.2974 0.0168 0.0090 0.6556 0.0109 
   HI_SS0602  6 0.0022 0.9375 0.0054 0.0280 0.0112 0.0157 
   HI_SS0604  6 0.0015 0.1177 0.0106 0.8510 0.0095 0.0097 
   HI_SS0605  6 0.0086 0.0707 0.0427 0.1626 0.3100 0.4054 
   HI_SS0608  6 0.0013 0.0579 0.7158 0.0876 0.0338 0.1037 
   HI_SS0609  6 0.0008 0.0504 0.0395 0.2435 0.4715 0.1944 
   HI_SS0611  6 0.0036 0.7723 0.0574 0.0735 0.0308 0.0625 
   HI_SS0612  6 0.0054 0.0083 0.0178 0.0058 0.9558 0.0070 
   HI_SS0613  6 0.0020 0.0387 0.0244 0.0716 0.2067 0.6566 
   HI_SS0615  6 0.0095 0.0110 0.0072 0.0202 0.0490 0.9031 
   HI_SS0001  6 0.0036 0.0302 0.0471 0.8602 0.0205 0.0383 
   HI_SS0002  6 0.0304 0.6460 0.0207 0.1281 0.1505 0.0243 
   HI_SS0004  6 0.0062 0.2672 0.1007 0.5598 0.0165 0.0496 
   HI_SS0005  6 0.0054 0.0184 0.1232 0.0061 0.0172 0.8298 
   HI_SS0006  6 0.0014 0.8752 0.0139 0.0179 0.0793 0.0123 
   HI_SS0007  6 0.0019 0.0090 0.9644 0.0095 0.0043 0.0109 
   HI_SS0008  6 0.0538 0.2505 0.0650 0.0674 0.3105 0.2527 
   HI_SS0009  6 0.0042 0.0093 0.0101 0.9147 0.0205 0.0411 
   HI_SS0010  6 0.0028 0.0533 0.8966 0.0146 0.0124 0.0202 
   HI_SS0011  6 0.0912 0.0102 0.7965 0.0184 0.0640 0.0196 
   HI_SS0012  6 0.0056 0.0357 0.0048 0.0360 0.5491 0.3688 
   HI_SS0017  6 0.0019 0.0050 0.2802 0.6654 0.0161 0.0314 
   HI_SS0021  6 0.2305 0.4189 0.0336 0.2931 0.0031 0.0209 
   HI_SS0024  6 0.0017 0.0191 0.2478 0.1824 0.0104 0.5386 
   HI_SS0025  6 0.0029 0.0112 0.0055 0.9637 0.0074 0.0094 
   HI_SS0027  6 0.0147 0.6130 0.2441 0.0204 0.0875 0.0203 
   HI_SS0028  6 0.0020 0.0601 0.0057 0.0130 0.0214 0.8978 
   HI_SS0029  6 0.0091 0.0465 0.1444 0.1260 0.3236 0.3504 
   HI_SS0030  6 0.0059 0.3843 0.4322 0.0513 0.0597 0.0667 
   HI_SS0031  6 0.0040 0.0295 0.0655 0.0085 0.8628 0.0298 
   HI_SS0034  6 0.0044 0.0328 0.1318 0.1339 0.6885 0.0086 
   HI_SS0036  6 0.0130 0.0227 0.8882 0.0258 0.0129 0.0373 
   HI_SS0037  6 0.0044 0.2318 0.1311 0.5524 0.0241 0.0562 
   HI_SS0039  6 0.0032 0.0844 0.7851 0.0114 0.0146 0.1014 
   HI_SS0041  6 0.0021 0.0075 0.0061 0.2540 0.0101 0.7201 
   HI_SS0042  6 0.1222 0.0139 0.0329 0.5660 0.0199 0.2451 
   HI_SS0043  6 0.0022 0.3045 0.6654 0.0090 0.0096 0.0094 
   HI_SS0044  6 0.0028 0.0638 0.1256 0.7146 0.0150 0.0782 
   HI_SS0047  6 0.0024 0.0720 0.0151 0.6852 0.1660 0.0593 
   HI_SS0049  6 0.0033 0.0083 0.0120 0.9614 0.0083 0.0067 
   HI_SS0051  6 0.0023 0.1218 0.1052 0.3377 0.3447 0.0884 
   HI_SS0053  6 0.0044 0.7901 0.1616 0.0110 0.0149 0.0181 
   HI_SS0054  6 0.0030 0.0857 0.8781 0.0073 0.0079 0.0180 
   HI_SS0057  6 0.0034 0.0123 0.8491 0.0313 0.0486 0.0553 
   HI_SS0058  6 0.0067 0.3458 0.0085 0.5983 0.0321 0.0087 
   HI_SS0060  6 0.0737 0.0110 0.8462 0.0087 0.0265 0.0339 
   HI_SS0087  6 0.0024 0.9099 0.0161 0.0122 0.0317 0.0278 
   HI_SS0091  6 0.0011 0.9240 0.0239 0.0064 0.0285 0.0161 
   HI_SS0095  6 0.0596 0.2051 0.0108 0.1536 0.4679 0.1030 
   HI_SS0097  6 0.0045 0.0354 0.0309 0.0142 0.9075 0.0075 
   HI_SS0099  6 0.0042 0.0274 0.0172 0.8291 0.0253 0.0968 
   HI_SS0103  6 0.0035 0.0266 0.0185 0.2874 0.6111 0.0529 
   HI_SS0105  6 0.0307 0.0282 0.0318 0.1080 0.5365 0.2647 
   HI_SS0107  6 0.0009 0.0069 0.0146 0.7600 0.1898 0.0279 
   HI_SS0108  6 0.0196 0.0402 0.9121 0.0074 0.0119 0.0088 
   HI_SS0110  6 0.0012 0.0508 0.0169 0.0518 0.6318 0.2475 
   HI_SS0111  6 0.0297 0.0670 0.1293 0.0195 0.3195 0.4349 
   HI_SS0112  6 0.0017 0.1444 0.7626 0.0117 0.0242 0.0553 
   HI_SS0113  6 0.0035 0.0092 0.0094 0.8556 0.0965 0.0259 
   HI_SS0114  6 0.0050 0.9559 0.0156 0.0064 0.0084 0.0087 
   HI_SS0115  6 0.0164 0.0385 0.0112 0.8335 0.0819 0.0184 
   HI_SS0116  6 0.0039 0.6255 0.0445 0.2776 0.0283 0.0204 
   HI_SS0117  6 0.0021 0.1764 0.5801 0.0150 0.2003 0.0261 
   HI_SS0118  6 0.0100 0.6710 0.0158 0.2794 0.0093 0.0144 
   HI_SS0119  6 0.0020 0.0544 0.0963 0.0056 0.6943 0.1473 
   HI_SS0120  6 0.0035 0.0047 0.0109 0.9616 0.0076 0.0117 
   HI_SS0121  6 0.0011 0.0376 0.0110 0.0062 0.0531 0.8910 
   HI_SS0122  6 0.0185 0.0210 0.3031 0.0469 0.0210 0.5894 
   HI_SS0123  6 0.0038 0.0347 0.0084 0.0142 0.6820 0.2571 
   HI_SS0124  6 0.0029 0.0070 0.0376 0.8176 0.0255 0.1093 
   HI_SS0125  6 0.0234 0.0050 0.0080 0.0116 0.0046 0.9475 
   HI_SS0126  6 0.0008 0.0093 0.9641 0.0098 0.0061 0.0099 
   HI_SS0127  6 0.0106 0.8491 0.0757 0.0157 0.0113 0.0377 
   HI_SS0128  6 0.0030 0.0946 0.2009 0.2435 0.4192 0.0387 
   HI_SS0129  6 0.0105 0.0533 0.3217 0.2111 0.0234 0.3800 
   HI_SS0131  6 0.0290 0.0071 0.8296 0.0808 0.0124 0.0410 
   HI_SS0132  6 0.0006 0.0096 0.4597 0.0073 0.0329 0.4899 
   HI_SS0133  6 0.0010 0.0044 0.9869 0.0028 0.0017 0.0031 
   HI_SS0134  6 0.0017 0.1208 0.0260 0.5063 0.3003 0.0448 
   HI_SS0142  6 0.0196 0.2137 0.0210 0.0078 0.6972 0.0408 
   HI_SS0145  6 0.0013 0.0185 0.0156 0.0095 0.9480 0.0071 
   HI_SS0146  6 0.0012 0.1066 0.8338 0.0091 0.0124 0.0369 
   HI_SS0147  6 0.0244 0.0073 0.0081 0.2134 0.6033 0.1435 
   HI_SS0149  6 0.0042 0.0049 0.8905 0.0076 0.0418 0.0510 
   HI_SS0150  6 0.0051 0.0271 0.0281 0.0162 0.0113 0.9122 
   HI_SS0151  6 0.0164 0.0682 0.1551 0.3015 0.2654 0.1935 
   NS_SS1451  6 0.0037 0.0073 0.0844 0.2548 0.1394 0.5104 
   NS_SS1404  6 0.0091 0.0119 0.0241 0.0369 0.0133 0.9046 
   NS_SS1432  6 0.0411 0.0082 0.0263 0.2930 0.0318 0.5997 
   NS_SS1405  6 0.0040 0.0486 0.0958 0.5941 0.0749 0.1826 
   NS_SS1431  6 0.0008 0.0080 0.0495 0.0615 0.0149 0.8655 
   NS_SS1402  6 0.0030 0.1083 0.0204 0.0161 0.7744 0.0778 
   NS_SS1450  6 0.0039 0.0535 0.5354 0.2400 0.0385 0.1287 
   NS_SS1396  6 0.0075 0.1955 0.0560 0.0533 0.3006 0.3870 
   NS_SS1393  6 0.0034 0.9514 0.0059 0.0092 0.0177 0.0125 
   NS_SS1392  6 0.0156 0.0070 0.0136 0.2800 0.0123 0.6714 
   NS_SS1445  6 0.0073 0.9447 0.0112 0.0132 0.0120 0.0116 
   NS_SS1423  6 0.0016 0.2129 0.6447 0.0318 0.0346 0.0745 
   NS_SS1421  6 0.0782 0.0141 0.8708 0.0099 0.0100 0.0170 
   NS_SS1411  6 0.0016 0.4968 0.2588 0.0517 0.0208 0.1702 
   NS_SS1453  6 0.0064 0.5938 0.1792 0.1648 0.0235 0.0323 
   NS_SS1442  6 0.0043 0.2295 0.0290 0.4634 0.1115 0.1623 
   NS_SS1422  6 0.0092 0.0203 0.0140 0.0435 0.9060 0.0070 
   NS_SS1419  6 0.1626 0.1786 0.1380 0.1020 0.0239 0.3949 
   NS_SS1427  6 0.0017 0.0228 0.9502 0.0132 0.0048 0.0074 
   NS_SS1444  6 0.0043 0.0237 0.0189 0.8802 0.0477 0.0253 
   NS_SS1455  6 0.0014 0.0176 0.0205 0.4965 0.4396 0.0243 
   NS_SS1425  6 0.0012 0.2482 0.6832 0.0094 0.0159 0.0420 
   NS_SS1400  6 0.0013 0.5703 0.2973 0.1117 0.0101 0.0093 
   NS_SS1406  6 0.0081 0.0198 0.0065 0.0284 0.9169 0.0203 
   NS_SS1417  6 0.0067 0.0232 0.4359 0.1687 0.3383 0.0271 
   NS_SS1454  6 0.0014 0.0722 0.3178 0.0660 0.0112 0.5314 
   NS_SS1412  6 0.0222 0.0160 0.0938 0.0504 0.7775 0.0401 
   NS_SS1438  6 0.0014 0.6060 0.0238 0.1105 0.2411 0.0173 
   NS_SS1416  6 0.0065 0.0364 0.0039 0.0128 0.1579 0.7825 
   NS_SS1401  6 0.0133 0.0114 0.0729 0.1093 0.5882 0.2050 
   NS_SS1424  6 0.0106 0.0333 0.0394 0.0113 0.8888 0.0166 
   NS_SS1435  6 0.0033 0.1747 0.3937 0.0499 0.0132 0.3651 
   NS_SS1447  6 0.0072 0.0099 0.0095 0.9401 0.0205 0.0127 
   NS_SS1414  6 0.0085 0.0316 0.0131 0.8888 0.0439 0.0141 
   NS_SS1449  6 0.0047 0.0117 0.1438 0.0288 0.6732 0.1379 
   NS_SS1443  6 0.0024 0.7965 0.0561 0.0087 0.1223 0.0140 
   NS_SS1434  6 0.0006 0.0081 0.0918 0.8679 0.0255 0.0061 
   NS_SS1398  6 0.0236 0.1188 0.1150 0.4187 0.0080 0.3158 
   NS_SS1426  6 0.0021 0.8917 0.0594 0.0113 0.0136 0.0219 
   NS_SS1413  6 0.0072 0.0055 0.9630 0.0111 0.0085 0.0047 
   NS_SS1395  6 0.0092 0.9227 0.0163 0.0193 0.0083 0.0242 
   NS_SS1448  6 0.0018 0.0040 0.9598 0.0135 0.0046 0.0163 
   NS_SS1446  6 0.0033 0.1102 0.0787 0.4941 0.2706 0.0431 
   NS_SS1403  6 0.0048 0.9291 0.0058 0.0102 0.0280 0.0221 
   NS_SS1415  6 0.0098 0.0177 0.9326 0.0078 0.0207 0.0114 
   NS_SS1437  6 0.0092 0.0924 0.4835 0.0604 0.2704 0.0841 
   NS_SS1439  6 0.0026 0.3136 0.0037 0.1366 0.5352 0.0082 
   NS_SS1441  6 0.0019 0.1075 0.0959 0.3068 0.4604 0.0274 
   NS_SS1420  6 0.0033 0.0119 0.0087 0.3306 0.0210 0.6246 
   NS_SS1394  6 0.0330 0.0335 0.0198 0.0110 0.0504 0.8524 
   NS_SS1391  6 0.0101 0.0822 0.0202 0.8308 0.0460 0.0106 
   NS_SS1410  6 0.0146 0.0450 0.1275 0.6925 0.0584 0.0620 
   NS_SS1408  6 0.0672 0.0538 0.3466 0.0257 0.3104 0.1964 
   NS_SS1409  6 0.0019 0.0410 0.0095 0.0482 0.7921 0.1073 
   HI_SS0617  7 0.0012 0.0171 0.0152 0.5318 0.3507 0.0840 
   HI_SS0618  7 0.0027 0.0182 0.0092 0.0112 0.1535 0.8052 
   HI_SS0619  7 0.0033 0.0141 0.0091 0.9507 0.0092 0.0135 
   HI_SS0620  7 0.0027 0.1074 0.7596 0.0081 0.1146 0.0076 
   HI_SS0621  7 0.0159 0.0182 0.0232 0.1374 0.7269 0.0783 
   HI_SS0622  7 0.0125 0.0134 0.6500 0.0316 0.2688 0.0238 
   HI_SS0626  7 0.0077 0.0192 0.0280 0.0109 0.0130 0.9212 
   HI_SS0627  7 0.0077 0.0331 0.0282 0.1997 0.1968 0.5345 
   HI_SS0628  7 0.0568 0.0494 0.5482 0.1896 0.0244 0.1317 
   HI_SS0629  7 0.0065 0.7421 0.0373 0.0663 0.0864 0.0614 
   HI_SS0630  7 0.0488 0.2224 0.0931 0.4886 0.0590 0.0882 
   HI_SS0631  7 0.0009 0.0398 0.9228 0.0140 0.0132 0.0093 
   HI_SS0632  7 0.0032 0.0083 0.6925 0.2113 0.0301 0.0546 
   HI_SS0633  7 0.0035 0.0215 0.0049 0.9298 0.0256 0.0147 
   HI_SS0634  7 0.0020 0.0062 0.0163 0.0299 0.0283 0.9173 
   HI_SS0635  7 0.0103 0.0421 0.0197 0.0137 0.4746 0.4395 
   HI_SS0637  7 0.0029 0.0367 0.0144 0.1355 0.7408 0.0697 
   HI_SS0638  7 0.0011 0.0111 0.0799 0.0186 0.0562 0.8331 
   HI_SS0639  7 0.0497 0.0224 0.0158 0.0321 0.1191 0.7608 
   HI_SS0640  7 0.0013 0.9592 0.0063 0.0072 0.0131 0.0129 
   HI_SS0641  7 0.0061 0.4899 0.0945 0.3167 0.0216 0.0711 
   HI_SS0642  7 0.0024 0.0133 0.0178 0.0116 0.0406 0.9142 
   HI_SS0645  7 0.0009 0.0046 0.0116 0.0210 0.0212 0.9407 
   HI_SS0646  7 0.0030 0.8843 0.0085 0.0374 0.0445 0.0223 
   HI_SS0647  7 0.0012 0.0207 0.4460 0.4841 0.0155 0.0324 
   HI_SS0648  7 0.0023 0.0090 0.0818 0.0297 0.8277 0.0495 
   HI_SS0649  7 0.0014 0.8670 0.0109 0.0935 0.0085 0.0186 
   HI_SS0650  7 0.0043 0.0395 0.0080 0.8366 0.0118 0.0998 
   HI_SS0651  7 0.0040 0.1210 0.0102 0.0704 0.7859 0.0085 
   HI_SS0652  7 0.0029 0.0068 0.0149 0.6700 0.0098 0.2957 
   NS_SS1371  7 0.0072 0.7185 0.0154 0.0210 0.2203 0.0176 
   NS_SS1374  7 0.0028 0.0394 0.1222 0.0168 0.0220 0.7967 
   NS_SS1337  7 0.0032 0.0089 0.0145 0.0301 0.0178 0.9254 
   NS_SS1385  7 0.0038 0.0686 0.0118 0.1346 0.7681 0.0130 
   NS_SS1388  7 0.0056 0.0657 0.0079 0.9025 0.0080 0.0102 
   NS_SS1370  7 0.0087 0.0100 0.0218 0.0268 0.0213 0.9114 
   NS_SS1389  7 0.0031 0.0210 0.0074 0.9420 0.0062 0.0204 
   NS_SS1360  7 0.0041 0.7725 0.1005 0.0211 0.0534 0.0483 
   NS_SS1330  7 0.0034 0.0230 0.0044 0.0179 0.7343 0.2170 
   NS_SS1328  7 0.0024 0.0097 0.9005 0.0406 0.0231 0.0238 
   NS_SS1384  7 0.0044 0.8319 0.0625 0.0340 0.0522 0.0150 
   NS_SS1381  7 0.0010 0.0274 0.0068 0.2687 0.6653 0.0308 
   NS_SS1375  7 0.0008 0.0088 0.0197 0.0679 0.0619 0.8409 
   NS_SS1319  7 0.0923 0.0382 0.0513 0.0159 0.0680 0.7343 
   NS_SS1326  7 0.0096 0.0463 0.7306 0.1618 0.0096 0.0420 
   NS_SS1341  7 0.0056 0.3816 0.0569 0.4625 0.0290 0.0644 
   NS_SS1383  7 0.0050 0.4726 0.1350 0.0083 0.0365 0.3426 
   NS_SS1318  7 0.0148 0.0641 0.0586 0.8150 0.0353 0.0122 
   NS_SS1348  7 0.0014 0.9174 0.0512 0.0080 0.0141 0.0078 
   NS_SS1363  7 0.0050 0.0102 0.0460 0.0195 0.8005 0.1189 
   NS_SS1335  7 0.0212 0.8118 0.0431 0.0050 0.0779 0.0410 
   NS_SS1358  7 0.0162 0.3601 0.0717 0.0092 0.4788 0.0640 
   NS_SS1342  7 0.0015 0.9077 0.0211 0.0220 0.0276 0.0200 
   NS_SS1320  7 0.0057 0.0031 0.0152 0.9177 0.0289 0.0294 
   NS_SS1355  7 0.0126 0.4402 0.0084 0.5038 0.0234 0.0117 
   NS_SS1345  7 0.0157 0.0197 0.0419 0.0427 0.8733 0.0068 
   NS_SS1324  7 0.0034 0.4031 0.4007 0.1307 0.0121 0.0501 
   NS_SS1347  7 0.0044 0.2455 0.0431 0.0109 0.6693 0.0268 
   NS_SS1321  7 0.0012 0.0880 0.0336 0.0072 0.0493 0.8207 
   NS_SS1333  7 0.0025 0.0210 0.1211 0.0296 0.0070 0.8189 
   NS_SS1364  7 0.0019 0.2194 0.2353 0.2446 0.2919 0.0069 
   NS_SS1379  7 0.0599 0.0350 0.0540 0.2821 0.5444 0.0246 
   NS_SS1332  7 0.0057 0.2438 0.7249 0.0108 0.0074 0.0073 
   NS_SS1338  7 0.0076 0.6035 0.0793 0.0327 0.0504 0.2265 
   NS_SS1368  7 0.0050 0.1413 0.4692 0.1156 0.2524 0.0165 
   NS_SS1354  7 0.0123 0.0704 0.0308 0.3852 0.4631 0.0382 
   NS_SS1365  7 0.0094 0.0105 0.8272 0.0501 0.0517 0.0510 
   NS_SS1380  7 0.0202 0.0221 0.0076 0.5047 0.4116 0.0339 
   NS_SS1329  7 0.0033 0.3598 0.4712 0.0384 0.1180 0.0093 
   NS_SS1362  7 0.0040 0.9296 0.0075 0.0136 0.0231 0.0222 
   NS_SS1327  7 0.0025 0.9763 0.0117 0.0027 0.0034 0.0035 
   NS_SS1350  7 0.0109 0.2191 0.0186 0.2215 0.2068 0.3231 
   NS_SS1387  7 0.0030 0.7871 0.0160 0.0476 0.0366 0.1099 
   NS_SS1369  7 0.0036 0.0121 0.9564 0.0074 0.0114 0.0091 
   NS_SS1331  7 0.0096 0.0130 0.0667 0.0217 0.0168 0.8722 
   NS_SS1357  7 0.0036 0.0842 0.1905 0.6463 0.0481 0.0273 
   NS_SS1386  7 0.0029 0.2164 0.7534 0.0071 0.0082 0.0120 
   NS_SS1353  7 0.0037 0.0646 0.1014 0.2463 0.4046 0.1794 
   NS_SS1323  7 0.0836 0.0334 0.0192 0.4216 0.2712 0.1709 
   HI_SS0296  8 0.0016 0.3435 0.1245 0.0440 0.0178 0.4686 
   HI_SS0297  8 0.0009 0.0117 0.6317 0.0112 0.0135 0.3310 
   HI_SS0299  8 0.0348 0.0702 0.5036 0.3182 0.0434 0.0298 
   HI_SS0300  8 0.0011 0.5745 0.1301 0.0819 0.0356 0.1768 
   HI_SS0301  8 0.0039 0.2681 0.0665 0.0109 0.0898 0.5608 
   HI_SS0302  8 0.0147 0.0088 0.9505 0.0084 0.0080 0.0096 
   HI_SS0303  8 0.0057 0.0390 0.2956 0.6445 0.0102 0.0049 
   HI_SS0304  8 0.0020 0.0099 0.0596 0.0961 0.0118 0.8205 
   HI_SS0306  8 0.0025 0.0071 0.9723 0.0061 0.0054 0.0066 
   HI_SS0307  8 0.0075 0.0340 0.0046 0.0607 0.6704 0.2228 
   HI_SS0308  8 0.0819 0.1729 0.0386 0.0172 0.3621 0.3273 
   HI_SS0309  8 0.0029 0.0093 0.0101 0.0145 0.9462 0.0169 
   HI_SS0310  8 0.0067 0.1158 0.1584 0.6585 0.0419 0.0187 
   HI_SS0311  8 0.0026 0.0249 0.5948 0.0185 0.0284 0.3308 
   HI_SS0314  8 0.0016 0.1052 0.5124 0.1502 0.1343 0.0963 
   HI_SS0316  8 0.0042 0.2462 0.0177 0.2448 0.3463 0.1408 
   HI_SS0317  8 0.0023 0.0123 0.0167 0.0188 0.2137 0.7362 
   HI_SS0318  8 0.1773 0.6599 0.0388 0.0135 0.0134 0.0971 
   HI_SS0319  8 0.0038 0.9248 0.0535 0.0030 0.0091 0.0058 
   HI_SS0320  8 0.0010 0.0055 0.0045 0.0224 0.0074 0.9592 
   HI_SS0321  8 0.0014 0.8266 0.0071 0.0089 0.0265 0.1295 
   HI_SS0323  8 0.0016 0.7725 0.0161 0.0567 0.0112 0.1419 
   HI_SS0325  8 0.0019 0.0079 0.9575 0.0154 0.0075 0.0098 
   HI_SS0327  8 0.0017 0.8070 0.1182 0.0250 0.0294 0.0187 
   HI_SS0329  8 0.0012 0.0089 0.3545 0.4728 0.0149 0.1476 
   HI_SS0333  8 0.0031 0.0891 0.0440 0.3499 0.3748 0.1391 
   HI_SS0334  8 0.0011 0.0451 0.0829 0.0102 0.8528 0.0078 
   HI_SS0335  8 0.0233 0.0231 0.0080 0.3522 0.5829 0.0105 
   HI_SS0339  8 0.0149 0.6020 0.0591 0.1736 0.1241 0.0262 
   HI_SS0343  8 0.0023 0.0359 0.0298 0.2476 0.6617 0.0226 
   HI_SS0344  8 0.0024 0.0436 0.9267 0.0138 0.0066 0.0069 
   HI_SS0345  8 0.0087 0.0103 0.1342 0.2112 0.0827 0.5529 
   HI_SS0346  8 0.0046 0.0613 0.3964 0.0425 0.0105 0.4848 
   HI_SS0350  8 0.0070 0.0104 0.0069 0.0630 0.9009 0.0119 
   HI_SS0351  8 0.0037 0.4321 0.0218 0.1284 0.3919 0.0223 
   HI_SS0352  8 0.1151 0.0249 0.0278 0.1401 0.6612 0.0309 
   HI_SS0362  8 0.0021 0.0328 0.8167 0.0118 0.0109 0.1257 
   HI_SS0363  8 0.0034 0.8683 0.0456 0.0542 0.0087 0.0198 
   HI_SS0365  8 0.0043 0.0706 0.0081 0.0126 0.8922 0.0122 
   HI_SS0366  8 0.0017 0.9171 0.0244 0.0127 0.0315 0.0125 
   HI_SS0367  8 0.0023 0.0176 0.0068 0.9530 0.0109 0.0094 
   HI_SS0369  8 0.0023 0.0607 0.0145 0.0525 0.0314 0.8385 
   HI_SS0370  8 0.0035 0.0207 0.0185 0.6355 0.3082 0.0136 
   HI_SS0371  8 0.0041 0.0142 0.9236 0.0386 0.0056 0.0139 
   HI_SS0373  8 0.0098 0.0181 0.0898 0.0421 0.0700 0.7703 
   HI_SS0374  8 0.0322 0.0261 0.0293 0.3820 0.4372 0.0932 
   HI_SS0377  8 0.0790 0.0277 0.4894 0.0093 0.3692 0.0255 
   HI_SS0379  8 0.0010 0.9258 0.0561 0.0062 0.0059 0.0050 
   HI_SS0380  8 0.0078 0.2115 0.0270 0.6309 0.0575 0.0652 
   HI_SS0381  8 0.0047 0.0246 0.0169 0.0710 0.6947 0.1880 
   HI_SS0384  8 0.0075 0.2347 0.3563 0.2943 0.0119 0.0952 
   HI_SS0385  8 0.0011 0.0629 0.0751 0.0394 0.0044 0.8172 
   HI_SS0386  9 0.9916 0.0023 0.0015 0.0015 0.0014 0.0016 
   HI_SS0387  9 0.9416 0.0100 0.0155 0.0090 0.0108 0.0130 
   HI_SS0389  9 0.9823 0.0042 0.0029 0.0045 0.0026 0.0035 
   HI_SS0390  9 0.9904 0.0018 0.0019 0.0018 0.0019 0.0021 
   HI_SS0391  9 0.9853 0.0031 0.0023 0.0032 0.0033 0.0028 
   HI_SS0392  9 0.9916 0.0018 0.0018 0.0013 0.0017 0.0019 
   HI_SS0393  9 0.9923 0.0019 0.0018 0.0015 0.0011 0.0013 
   HI_SS0394  9 0.9923 0.0014 0.0014 0.0015 0.0016 0.0017 
   HI_SS0395  9 0.9791 0.0039 0.0036 0.0044 0.0042 0.0048 
   HI_SS0396  9 0.9496 0.0093 0.0095 0.0094 0.0094 0.0128 
   HI_SS0398  9 0.9693 0.0044 0.0062 0.0061 0.0080 0.0061 
   HI_SS0399  9 0.9939 0.0012 0.0010 0.0010 0.0015 0.0014 
   HI_SS0400  9 0.9886 0.0021 0.0020 0.0022 0.0023 0.0027 
   HI_SS0401  9 0.9915 0.0019 0.0016 0.0016 0.0018 0.0016 
   HI_SS0402  9 0.9930 0.0012 0.0014 0.0011 0.0020 0.0014 
   HI_SS0403  9 0.9921 0.0015 0.0017 0.0014 0.0018 0.0014 
   HI_SS0404  9 0.9935 0.0012 0.0013 0.0015 0.0013 0.0011 
   HI_SS0405  9 0.9228 0.0094 0.0110 0.0142 0.0307 0.0119 
   HI_SS0406  9 0.9884 0.0026 0.0022 0.0018 0.0029 0.0021 
   HI_SS0407  9 0.9605 0.0054 0.0104 0.0088 0.0058 0.0090 
   HI_SS0408  9 0.9934 0.0012 0.0011 0.0010 0.0015 0.0017 
   HI_SS0409  9 0.9836 0.0028 0.0033 0.0036 0.0033 0.0034 
   HI_SS0411  9 0.9851 0.0032 0.0023 0.0030 0.0031 0.0034 
   HI_SS0412  9 0.8038 0.0388 0.0254 0.0176 0.0613 0.0531 
   HI_SS0413  9 0.9891 0.0020 0.0015 0.0031 0.0023 0.0020 
   HI_SS0414  9 0.9275 0.0149 0.0124 0.0196 0.0125 0.0132 
   HI_SS0415  9 0.9907 0.0018 0.0020 0.0017 0.0019 0.0019 
   HI_SS0416  9 0.9802 0.0042 0.0049 0.0039 0.0030 0.0038 
   HI_SS0418  9 0.9740 0.0067 0.0050 0.0036 0.0051 0.0055 
   HI_SS0419  9 0.9839 0.0023 0.0032 0.0033 0.0023 0.0050 
   HI_SS0420  9 0.9884 0.0024 0.0027 0.0019 0.0020 0.0026 
   HI_SS0421  9 0.9784 0.0045 0.0035 0.0041 0.0056 0.0040 
   HI_SS0422  9 0.9912 0.0013 0.0021 0.0018 0.0019 0.0017 
   HI_SS0423  9 0.9788 0.0043 0.0037 0.0040 0.0038 0.0054 
   HI_SS0424  9 0.9905 0.0014 0.0013 0.0021 0.0024 0.0023 
   HI_SS0425  9 0.9807 0.0027 0.0033 0.0048 0.0032 0.0054 
   NS_SS1146 10 0.9882 0.0023 0.0030 0.0021 0.0023 0.0021 
   NS_SS1157 10 0.9651 0.0071 0.0075 0.0054 0.0085 0.0065 
   NS_SS1144 10 0.9182 0.0188 0.0114 0.0148 0.0191 0.0177 
   NS_SS1074 10 0.9815 0.0035 0.0035 0.0042 0.0042 0.0032 
   NS_SS1122 10 0.9775 0.0032 0.0056 0.0053 0.0047 0.0036 
   NS_SS1136 10 0.9939 0.0011 0.0014 0.0013 0.0009 0.0014 
   NS_SS1077 10 0.9962 0.0009 0.0007 0.0007 0.0008 0.0006 
   NS_SS1134 10 0.9459 0.0059 0.0089 0.0075 0.0070 0.0248 
   NS_SS1091 10 0.9874 0.0019 0.0024 0.0032 0.0021 0.0030 
   NS_SS1089 10 0.9856 0.0029 0.0040 0.0028 0.0024 0.0023 
   NS_SS1123 10 0.9920 0.0020 0.0014 0.0014 0.0013 0.0019 
   NS_SS1158 10 0.9946 0.0012 0.0008 0.0010 0.0011 0.0012 
   NS_SS1093 10 0.9877 0.0028 0.0030 0.0024 0.0020 0.0022 
   NS_SS1102 10 0.9715 0.0051 0.0039 0.0070 0.0064 0.0060 
   NS_SS1056 10 0.9905 0.0017 0.0021 0.0023 0.0015 0.0019 
   NS_SS1126 10 0.9853 0.0030 0.0028 0.0033 0.0027 0.0029 
   NS_SS1058 10 0.9791 0.0035 0.0034 0.0042 0.0069 0.0029 
   NS_SS1084 10 0.9925 0.0013 0.0014 0.0017 0.0015 0.0016 
   NS_SS1095 10 0.9677 0.0066 0.0095 0.0050 0.0053 0.0058 
   NS_SS1079 10 0.9910 0.0017 0.0018 0.0021 0.0016 0.0017 
   NS_SS1149 10 0.9869 0.0029 0.0024 0.0027 0.0029 0.0021 
   NS_SS1121 10 0.9909 0.0015 0.0018 0.0018 0.0024 0.0016 
   NS_SS1067 10 0.9722 0.0044 0.0045 0.0067 0.0061 0.0061 
   NS_SS1081 10 0.9877 0.0025 0.0023 0.0028 0.0019 0.0028 
   NS_SS1130 10 0.9824 0.0038 0.0033 0.0029 0.0032 0.0043 
   NS_SS1073 10 0.9856 0.0026 0.0029 0.0026 0.0034 0.0029 
   NS_SS1133 10 0.9630 0.0042 0.0046 0.0147 0.0062 0.0074 
   NS_SS1129 10 0.9930 0.0012 0.0014 0.0014 0.0016 0.0013 
   NS_SS1085 10 0.9881 0.0022 0.0021 0.0026 0.0022 0.0028 
   NS_SS1137 10 0.9757 0.0061 0.0041 0.0057 0.0039 0.0045 
   NS_SS1135 10 0.9927 0.0015 0.0012 0.0014 0.0015 0.0017 
   NS_SS1082 10 0.9913 0.0013 0.0020 0.0020 0.0017 0.0016 
   NS_SS1125 10 0.9936 0.0011 0.0012 0.0011 0.0017 0.0012 
   NS_SS1124 10 0.9677 0.0058 0.0053 0.0065 0.0076 0.0072 
   NS_SS1155 10 0.9605 0.0115 0.0054 0.0076 0.0082 0.0067 
   NS_SS1145 10 0.9901 0.0020 0.0023 0.0017 0.0019 0.0020 
