

----------------------------------------------------
STRUCTURE by Pritchard, Stephens and Donnelly (2000)
     and Falush, Stephens and Pritchard (2003)
       Code by Pritchard, Falush and Hubisz
             Version 2.3.4 (Jul 2012)
----------------------------------------------------



Command line arguments:   /home/genobiwan/Documents/Programs/Structure/structure -m parameter_job_k8_r6 
Input File:    /media/genobiwan/Storage/Projets/Mackerel_NWA_2021/data_job_k8_r6

Run parameters:
   629 individuals
   4140 loci
   8 populations assumed
   100000 Burn-in period
   200000 Reps


--------------------------------------------
Proportion of membership of each pre-defined
 population in each of the 8 clusters

Given    Inferred Clusters                                          Number of
 Pop       1      2      3      4      5      6      7      8      Individuals

  1:     0.127  0.136  0.131  0.190  0.092  0.153  0.012  0.159       67
  2:     0.170  0.075  0.196  0.219  0.039  0.147  0.009  0.145       32
  3:     0.186  0.128  0.176  0.122  0.091  0.196  0.014  0.087       92
  4:     0.128  0.161  0.192  0.050  0.184  0.131  0.017  0.137       36
  5:     0.236  0.165  0.081  0.109  0.158  0.072  0.020  0.159       41
  6:     0.129  0.135  0.138  0.135  0.156  0.175  0.013  0.119      158
  7:     0.137  0.080  0.185  0.142  0.182  0.136  0.010  0.127       79
  8:     0.184  0.136  0.108  0.116  0.206  0.109  0.014  0.126       52
  9:     0.005  0.004  0.006  0.004  0.004  0.005  0.967  0.006       36
 10:     0.004  0.004  0.004  0.004  0.003  0.004  0.972  0.004       36
--------------------------------------------

Allele-freq. divergence among pops (Net nucleotide distance),
computed using point estimates of P.

      1       2       3       4       5       6       7       8      
 1      -    0.0004  0.0003  0.0004  0.0005  0.0003  0.0051  0.0003  
 2   0.0004     -    0.0003  0.0004  0.0005  0.0003  0.0051  0.0003  
 3   0.0003  0.0003     -    0.0003  0.0004  0.0002  0.0050  0.0003  
 4   0.0004  0.0004  0.0003     -    0.0005  0.0004  0.0051  0.0004  
 5   0.0005  0.0005  0.0004  0.0005     -    0.0005  0.0054  0.0005  
 6   0.0003  0.0003  0.0002  0.0004  0.0005     -    0.0050  0.0003  
 7   0.0051  0.0051  0.0050  0.0051  0.0054  0.0050     -    0.0050  
 8   0.0003  0.0003  0.0003  0.0004  0.0005  0.0003  0.0050     -    

Average distances (expected heterozygosity) between individuals in same cluster:
cluster  1  : 0.3181 
cluster  2  : 0.3178 
cluster  3  : 0.3187 
cluster  4  : 0.3180 
cluster  5  : 0.3177 
cluster  6  : 0.3190 
cluster  7  : 0.3053 
cluster  8  : 0.3184 

--------------------------------------------
Estimated Ln Prob of Data   = -2473063.2
Mean value of ln likelihood = -2462845.2
Variance of ln likelihood   = 20436.0
Mean value of alpha         = 0.0429

Mean value of Fst_1         = 0.0045
Mean value of Fst_2         = 0.0049
Mean value of Fst_3         = 0.0037
Mean value of Fst_4         = 0.0051
Mean value of Fst_5         = 0.0060
Mean value of Fst_6         = 0.0038
Mean value of Fst_7         = 0.0392
Mean value of Fst_8         = 0.0047


Inferred ancestry of individuals:
        Label (%Miss) Pop:  Inferred clusters
  1 NS_SS0963    (4)    1 :  0.364 0.008 0.436 0.006 0.010 0.152 0.005 0.018 
  2 NS_SS0983    (1)    1 :  0.004 0.806 0.117 0.004 0.015 0.026 0.003 0.025 
  3 NS_SS0719    (9)    1 :  0.012 0.039 0.830 0.022 0.024 0.027 0.005 0.042 
  4 NS_SS1001    (8)    1 :  0.008 0.015 0.005 0.826 0.064 0.027 0.005 0.049 
  5 NS_SS0936    (4)    1 :  0.090 0.016 0.022 0.034 0.021 0.042 0.003 0.772 
  6 NS_SS0955    (6)    1 :  0.084 0.094 0.361 0.072 0.233 0.109 0.005 0.041 
  7 NS_SS0944    (3)    1 :  0.198 0.010 0.019 0.020 0.717 0.020 0.002 0.014 
  8 NS_SS0945    (3)    1 :  0.049 0.417 0.023 0.144 0.253 0.015 0.011 0.087 
  9 NS_SS0922    (2)    1 :  0.200 0.043 0.628 0.049 0.005 0.019 0.029 0.026 
 10 NS_SS0929    (7)    1 :  0.086 0.626 0.013 0.046 0.024 0.164 0.003 0.037 
 11 NS_SS0956    (1)    1 :  0.010 0.015 0.075 0.832 0.013 0.022 0.004 0.030 
 12 NS_SS0906    (3)    1 :  0.390 0.038 0.024 0.043 0.012 0.472 0.003 0.019 
 13 NS_SS0721    (6)    1 :  0.006 0.083 0.491 0.018 0.012 0.316 0.005 0.069 
 14 NS_SS0982    (4)    1 :  0.150 0.027 0.204 0.084 0.011 0.379 0.015 0.132 
 15 NS_SS0923    (6)    1 :  0.255 0.019 0.100 0.214 0.014 0.279 0.006 0.113 
 16 NS_SS0905    (6)    1 :  0.028 0.116 0.155 0.087 0.039 0.546 0.002 0.027 
 17 NS_SS0925    (3)    1 :  0.248 0.019 0.015 0.033 0.008 0.077 0.005 0.596 
 18 NS_SS0947    (6)    1 :  0.894 0.020 0.019 0.026 0.009 0.015 0.004 0.012 
 19 NS_SS0926    (2)    1 :  0.019 0.188 0.022 0.024 0.540 0.113 0.001 0.093 
 20 NS_SS0918    (6)    1 :  0.288 0.023 0.011 0.357 0.044 0.011 0.003 0.264 
 21 NS_SS0966    (4)    1 :  0.720 0.012 0.162 0.015 0.027 0.008 0.037 0.020 
 22 NS_SS0938    (2)    1 :  0.010 0.017 0.007 0.020 0.011 0.006 0.001 0.928 
 23 NS_SS0917    (2)    1 :  0.011 0.108 0.617 0.078 0.008 0.102 0.040 0.037 
 24 NS_SS0957   (11)    1 :  0.025 0.006 0.016 0.852 0.013 0.020 0.006 0.061 
 25 NS_SS0987    (1)    1 :  0.013 0.012 0.009 0.703 0.007 0.024 0.224 0.006 
 26 NS_SS0717    (4)    1 :  0.030 0.016 0.014 0.894 0.013 0.018 0.003 0.012 
 27 NS_SS0986    (2)    1 :  0.041 0.409 0.043 0.360 0.050 0.060 0.004 0.034 
 28 NS_SS0953    (3)    1 :  0.917 0.007 0.006 0.021 0.008 0.011 0.013 0.016 
 29 NS_SS0907    (3)    1 :  0.576 0.012 0.022 0.009 0.014 0.317 0.040 0.011 
 30 NS_SS0974    (6)    1 :  0.076 0.791 0.015 0.016 0.032 0.036 0.002 0.032 
 31 NS_SS0989    (1)    1 :  0.053 0.694 0.023 0.007 0.057 0.015 0.001 0.151 
 32 NS_SS0991    (3)    1 :  0.013 0.065 0.015 0.010 0.083 0.803 0.002 0.008 
 33 NS_SS0994    (2)    1 :  0.008 0.927 0.005 0.005 0.039 0.008 0.002 0.006 
 34 NS_SS0931    (6)    1 :  0.010 0.021 0.018 0.019 0.685 0.060 0.014 0.174 
 35 NS_SS1000    (5)    1 :  0.239 0.012 0.015 0.057 0.009 0.647 0.003 0.017 
 36 NS_SS0919    (1)    1 :  0.021 0.009 0.019 0.004 0.018 0.913 0.002 0.014 
 37 NS_SS0949    (4)    1 :  0.017 0.058 0.044 0.005 0.816 0.024 0.002 0.035 
 38 NS_SS0960   (10)    1 :  0.034 0.409 0.208 0.049 0.206 0.074 0.008 0.013 
 39 NS_SS0716    (2)    1 :  0.003 0.004 0.005 0.969 0.006 0.005 0.004 0.003 
 40 NS_SS0924    (8)    1 :  0.024 0.024 0.653 0.034 0.058 0.136 0.018 0.054 
 41 NS_SS0935    (2)    1 :  0.008 0.003 0.008 0.011 0.046 0.911 0.007 0.006 
 42 NS_SS0952   (14)    1 :  0.283 0.052 0.065 0.021 0.426 0.094 0.043 0.015 
 43 NS_SS0962   (11)    1 :  0.061 0.181 0.092 0.069 0.007 0.097 0.007 0.486 
 44 NS_SS0973    (5)    1 :  0.040 0.014 0.042 0.009 0.009 0.862 0.004 0.020 
 45 NS_SS0722    (1)    1 :  0.052 0.016 0.010 0.602 0.007 0.302 0.003 0.009 
 46 NS_SS0979   (13)    1 :  0.021 0.007 0.048 0.778 0.007 0.110 0.002 0.027 
 47 NS_SS0993    (2)    1 :  0.035 0.012 0.009 0.029 0.008 0.028 0.016 0.863 
 48 NS_SS0958    (1)    1 :  0.044 0.020 0.018 0.240 0.646 0.016 0.003 0.013 
 49 NS_SS0988    (4)    1 :  0.308 0.125 0.040 0.057 0.019 0.073 0.006 0.372 
 50 NS_SS1003    (2)    1 :  0.185 0.008 0.307 0.015 0.044 0.091 0.012 0.338 
 51 NS_SS0976    (1)    1 :  0.176 0.034 0.009 0.011 0.178 0.056 0.002 0.534 
 52 NS_SS0964   (10)    1 :  0.016 0.010 0.011 0.911 0.006 0.038 0.002 0.006 
 53 NS_SS0939    (4)    1 :  0.005 0.004 0.006 0.683 0.006 0.004 0.004 0.288 
 54 NS_SS0990    (6)    1 :  0.022 0.420 0.034 0.373 0.021 0.009 0.003 0.118 
 55 NS_SS0984    (2)    1 :  0.011 0.012 0.012 0.890 0.006 0.008 0.002 0.058 
 56 NS_SS0980   (10)    1 :  0.636 0.076 0.018 0.027 0.010 0.105 0.002 0.125 
 57 NS_SS0978    (4)    1 :  0.022 0.006 0.843 0.024 0.008 0.087 0.004 0.007 
 58 NS_SS0951   (18)    1 :  0.025 0.800 0.015 0.067 0.051 0.031 0.003 0.009 
 59 NS_SS0913    (3)    1 :  0.026 0.087 0.024 0.666 0.031 0.009 0.036 0.121 
 60 NS_SS1002    (1)    1 :  0.079 0.020 0.007 0.006 0.003 0.009 0.035 0.840 
 61 NS_SS0948    (1)    1 :  0.032 0.041 0.008 0.049 0.033 0.031 0.043 0.764 
 62 NS_SS0916    (4)    1 :  0.007 0.025 0.018 0.013 0.025 0.008 0.004 0.900 
 63 NS_SS0995    (1)    1 :  0.012 0.261 0.347 0.019 0.005 0.007 0.003 0.346 
 64 NS_SS0927    (6)    1 :  0.007 0.033 0.916 0.009 0.008 0.017 0.004 0.006 
 65 NS_SS0992    (5)    1 :  0.099 0.481 0.115 0.010 0.026 0.016 0.004 0.250 
 66 NS_SS0912    (1)    1 :  0.028 0.110 0.226 0.047 0.295 0.257 0.005 0.033 
 67 NS_SS0981    (1)    1 :  0.035 0.009 0.021 0.041 0.013 0.841 0.003 0.037 
 68 NS_SS0729    (5)    2 :  0.237 0.545 0.012 0.003 0.052 0.127 0.004 0.020 
 69 NS_SS0967   (15)    2 :  0.209 0.011 0.588 0.029 0.028 0.100 0.010 0.025 
 70 NS_SS0941    (8)    2 :  0.011 0.028 0.010 0.031 0.012 0.054 0.063 0.792 
 71 NS_SS0768   (12)    2 :  0.291 0.070 0.034 0.514 0.032 0.032 0.005 0.021 
 72 NS_SS0726    (5)    2 :  0.051 0.123 0.236 0.010 0.049 0.015 0.008 0.510 
 73 NS_SS0763    (4)    2 :  0.240 0.270 0.056 0.208 0.061 0.146 0.002 0.016 
 74 NS_SS0730    (6)    2 :  0.183 0.060 0.173 0.436 0.055 0.032 0.005 0.057 
 75 NS_SS0774    (2)    2 :  0.273 0.020 0.023 0.655 0.006 0.011 0.001 0.011 
 76 NS_SS0723    (3)    2 :  0.216 0.033 0.247 0.069 0.007 0.382 0.002 0.044 
 77 NS_SS0940   (10)    2 :  0.005 0.026 0.041 0.008 0.015 0.029 0.005 0.871 
 78 NS_SS0762    (1)    2 :  0.199 0.013 0.021 0.734 0.008 0.017 0.003 0.006 
 79 NS_SS0766   (11)    2 :  0.012 0.065 0.167 0.596 0.059 0.049 0.018 0.034 
 80 NS_SS0724    (1)    2 :  0.625 0.009 0.009 0.115 0.017 0.187 0.004 0.033 
 81 NS_SS0769    (3)    2 :  0.213 0.035 0.473 0.056 0.009 0.186 0.003 0.025 
 82 NS_SS0777    (1)    2 :  0.003 0.007 0.004 0.006 0.018 0.947 0.007 0.008 
 83 NS_SS0734    (6)    2 :  0.010 0.052 0.422 0.108 0.244 0.120 0.029 0.015 
 84 NS_SS0737    (3)    2 :  0.130 0.013 0.041 0.384 0.007 0.007 0.005 0.413 
 85 NS_SS0732    (5)    2 :  0.030 0.012 0.826 0.068 0.008 0.032 0.006 0.017 
 86 NS_SS0728    (5)    2 :  0.028 0.028 0.028 0.086 0.014 0.067 0.010 0.741 
 87 NS_SS0735    (9)    2 :  0.484 0.046 0.128 0.032 0.016 0.216 0.010 0.069 
 88 NS_SS0725    (1)    2 :  0.455 0.080 0.014 0.304 0.029 0.007 0.009 0.102 
 89 NS_SS0788    (2)    2 :  0.031 0.011 0.913 0.009 0.009 0.016 0.001 0.010 
 90 NS_SS0778    (2)    2 :  0.014 0.010 0.924 0.006 0.009 0.027 0.001 0.008 
 91 NS_SS0792    (6)    2 :  0.016 0.355 0.051 0.030 0.021 0.009 0.005 0.513 
 92 NS_SS0943   (11)    2 :  0.710 0.030 0.011 0.009 0.163 0.063 0.006 0.008 
 93 NS_SS0791    (2)    2 :  0.006 0.023 0.696 0.027 0.044 0.020 0.015 0.169 
 94 NS_SS0790    (5)    2 :  0.677 0.019 0.006 0.283 0.004 0.005 0.003 0.003 
 95 NS_SS0731    (6)    2 :  0.017 0.016 0.014 0.850 0.008 0.061 0.014 0.020 
 96 NS_SS0727    (7)    2 :  0.029 0.366 0.031 0.325 0.182 0.027 0.003 0.038 
 97 NS_SS0779   (13)    2 :  0.015 0.013 0.046 0.038 0.013 0.843 0.006 0.025 
 98 NS_SS0776    (3)    2 :  0.025 0.012 0.024 0.021 0.042 0.852 0.006 0.019 
 99 NS_SS0775    (5)    2 :  0.005 0.008 0.005 0.956 0.006 0.006 0.007 0.007 
100 NS_SS0965    (3)    3 :  0.022 0.013 0.035 0.067 0.027 0.811 0.002 0.025 
101 NS_SS0754   (14)    3 :  0.016 0.052 0.118 0.019 0.046 0.707 0.012 0.029 
102 NS_SS0838    (5)    3 :  0.114 0.286 0.047 0.075 0.048 0.100 0.048 0.282 
103 NS_SS0839    (3)    3 :  0.136 0.007 0.037 0.517 0.005 0.008 0.005 0.284 
104 NS_SS0832    (4)    3 :  0.104 0.014 0.217 0.143 0.004 0.406 0.058 0.054 
105 NS_SS0820    (5)    3 :  0.013 0.008 0.852 0.068 0.003 0.034 0.005 0.017 
106 NS_SS0886    (9)    3 :  0.019 0.148 0.780 0.010 0.012 0.017 0.001 0.013 
107 NS_SS0748    (5)    3 :  0.151 0.018 0.020 0.103 0.291 0.383 0.010 0.023 
108 NS_SS0884    (9)    3 :  0.198 0.138 0.194 0.140 0.040 0.046 0.030 0.214 
109 NS_SS0752    (4)    3 :  0.222 0.329 0.038 0.085 0.023 0.221 0.002 0.080 
110 NS_SS0862    (1)    3 :  0.301 0.022 0.089 0.210 0.010 0.207 0.007 0.154 
111 NS_SS0787    (9)    3 :  0.029 0.540 0.046 0.007 0.329 0.028 0.006 0.014 
112 NS_SS0843    (6)    3 :  0.212 0.029 0.011 0.015 0.010 0.712 0.002 0.009 
113 NS_SS0856    (4)    3 :  0.028 0.252 0.556 0.027 0.010 0.011 0.003 0.112 
114 NS_SS0846    (2)    3 :  0.375 0.097 0.044 0.008 0.030 0.421 0.002 0.023 
115 NS_SS0825    (1)    3 :  0.010 0.021 0.014 0.007 0.014 0.007 0.007 0.919 
116 NS_SS0757    (3)    3 :  0.026 0.074 0.037 0.047 0.034 0.714 0.003 0.064 
117 NS_SS0876    (3)    3 :  0.216 0.018 0.493 0.005 0.027 0.031 0.200 0.010 
118 NS_SS0903   (10)    3 :  0.886 0.034 0.017 0.007 0.006 0.014 0.003 0.033 
119 NS_SS0875    (7)    3 :  0.033 0.112 0.616 0.175 0.023 0.024 0.004 0.013 
120 NS_SS0740    (5)    3 :  0.020 0.009 0.014 0.010 0.009 0.918 0.003 0.018 
121 NS_SS0811    (5)    3 :  0.009 0.018 0.010 0.921 0.006 0.013 0.011 0.012 
122 NS_SS0751    (1)    3 :  0.012 0.008 0.026 0.054 0.055 0.190 0.002 0.652 
123 NS_SS0891    (6)    3 :  0.453 0.026 0.112 0.349 0.008 0.010 0.006 0.035 
124 NS_SS0867    (2)    3 :  0.342 0.164 0.029 0.012 0.042 0.209 0.024 0.179 
125 NS_SS0890    (6)    3 :  0.035 0.020 0.804 0.034 0.019 0.073 0.003 0.013 
126 NS_SS0866   (12)    3 :  0.004 0.946 0.010 0.010 0.009 0.005 0.004 0.013 
127 NS_SS0755    (4)    3 :  0.118 0.071 0.322 0.269 0.084 0.068 0.009 0.059 
128 NS_SS0758    (4)    3 :  0.060 0.213 0.298 0.017 0.025 0.228 0.002 0.157 
129 NS_SS0840    (2)    3 :  0.848 0.018 0.013 0.057 0.011 0.014 0.003 0.037 
130 NS_SS0889    (4)    3 :  0.037 0.283 0.070 0.020 0.528 0.032 0.002 0.028 
131 NS_SS1010    (1)    3 :  0.540 0.074 0.046 0.044 0.027 0.140 0.049 0.080 
132 NS_SS0888    (5)    3 :  0.011 0.263 0.470 0.021 0.137 0.090 0.002 0.006 
133 NS_SS0837    (3)    3 :  0.081 0.014 0.008 0.153 0.039 0.689 0.002 0.014 
134 NS_SS0794   (10)    3 :  0.007 0.093 0.013 0.042 0.822 0.009 0.002 0.011 
135 NS_SS0823    (5)    3 :  0.312 0.035 0.097 0.031 0.009 0.058 0.004 0.453 
136 NS_SS0829    (7)    3 :  0.006 0.876 0.004 0.007 0.014 0.016 0.073 0.005 
137 NS_SS0844    (5)    3 :  0.954 0.009 0.008 0.010 0.004 0.009 0.002 0.006 
138 NS_SS1008    (6)    3 :  0.015 0.033 0.016 0.689 0.176 0.045 0.012 0.014 
139 NS_SS0881    (3)    3 :  0.014 0.085 0.427 0.110 0.055 0.259 0.003 0.047 
140 NS_SS0834    (6)    3 :  0.784 0.022 0.095 0.021 0.007 0.010 0.008 0.053 
141 NS_SS0744   (10)    3 :  0.027 0.044 0.806 0.012 0.022 0.045 0.006 0.039 
142 NS_SS0899    (7)    3 :  0.692 0.067 0.017 0.155 0.003 0.027 0.002 0.038 
143 NS_SS0804    (5)    3 :  0.124 0.010 0.074 0.237 0.006 0.024 0.004 0.521 
144 NS_SS0781   (10)    3 :  0.687 0.021 0.040 0.026 0.004 0.095 0.003 0.124 
145 NS_SS0822    (6)    3 :  0.044 0.023 0.026 0.007 0.652 0.204 0.003 0.040 
146 NS_SS1004    (4)    3 :  0.041 0.010 0.024 0.008 0.036 0.861 0.003 0.016 
147 NS_SS0746    (5)    3 :  0.018 0.038 0.015 0.038 0.040 0.814 0.009 0.029 
148 NS_SS0880    (3)    3 :  0.540 0.016 0.060 0.052 0.163 0.098 0.002 0.069 
149 NS_SS0879    (5)    3 :  0.373 0.287 0.099 0.177 0.011 0.024 0.012 0.019 
150 NS_SS0753    (2)    3 :  0.009 0.044 0.011 0.009 0.021 0.892 0.008 0.007 
151 NS_SS1007    (3)    3 :  0.005 0.024 0.428 0.030 0.009 0.018 0.002 0.485 
152 NS_SS0872    (5)    3 :  0.620 0.010 0.095 0.079 0.020 0.084 0.002 0.089 
153 NS_SS1005    (7)    3 :  0.359 0.041 0.046 0.038 0.015 0.299 0.001 0.202 
154 NS_SS0892    (6)    3 :  0.016 0.007 0.044 0.036 0.011 0.865 0.002 0.019 
155 NS_SS0898    (0)    3 :  0.009 0.012 0.009 0.130 0.810 0.009 0.006 0.014 
156 NS_SS0801    (9)    3 :  0.219 0.018 0.141 0.021 0.009 0.573 0.010 0.009 
157 NS_SS0827    (9)    3 :  0.022 0.019 0.128 0.502 0.095 0.093 0.133 0.009 
158 NS_SS0853    (7)    3 :  0.009 0.023 0.006 0.934 0.007 0.011 0.005 0.005 
159 NS_SS0780    (2)    3 :  0.082 0.021 0.042 0.029 0.005 0.748 0.004 0.070 
160 NS_SS0826   (10)    3 :  0.899 0.014 0.013 0.004 0.046 0.013 0.003 0.007 
161 NS_SS0818    (5)    3 :  0.083 0.016 0.196 0.046 0.049 0.101 0.002 0.507 
162 NS_SS0745    (1)    3 :  0.004 0.004 0.006 0.950 0.008 0.019 0.002 0.008 
163 NS_SS0849    (3)    3 :  0.085 0.018 0.667 0.021 0.050 0.124 0.002 0.033 
164 NS_SS0739    (3)    3 :  0.005 0.009 0.884 0.010 0.015 0.006 0.012 0.059 
165 NS_SS0799    (1)    3 :  0.012 0.142 0.063 0.064 0.133 0.418 0.001 0.166 
166 NS_SS0756    (3)    3 :  0.889 0.009 0.020 0.013 0.008 0.014 0.004 0.044 
167 NS_SS0802    (2)    3 :  0.005 0.008 0.777 0.004 0.005 0.032 0.162 0.007 
168 NS_SS0747    (6)    3 :  0.195 0.018 0.066 0.015 0.006 0.671 0.005 0.023 
169 NS_SS0835    (1)    3 :  0.027 0.836 0.070 0.012 0.028 0.020 0.001 0.005 
170 NS_SS0742   (19)    3 :  0.069 0.020 0.592 0.016 0.017 0.022 0.001 0.264 
171 NS_SS0760    (9)    3 :  0.015 0.283 0.040 0.010 0.559 0.017 0.067 0.009 
172 NS_SS0803    (4)    3 :  0.911 0.019 0.006 0.006 0.006 0.010 0.009 0.034 
173 NS_SS0828   (14)    3 :  0.017 0.007 0.384 0.177 0.052 0.336 0.002 0.026 
174 NS_SS0865    (2)    3 :  0.030 0.052 0.782 0.028 0.011 0.060 0.020 0.017 
175 NS_SS0759    (5)    3 :  0.053 0.011 0.496 0.021 0.008 0.395 0.004 0.011 
176 NS_SS0851    (5)    3 :  0.043 0.012 0.028 0.878 0.011 0.004 0.014 0.009 
177 NS_SS0874   (16)    3 :  0.949 0.009 0.006 0.013 0.006 0.010 0.001 0.007 
178 NS_SS0761    (6)    3 :  0.050 0.313 0.032 0.063 0.399 0.067 0.003 0.073 
179 NS_SS0842   (26)    3 :  0.051 0.048 0.033 0.716 0.099 0.013 0.010 0.031 
180 NS_SS0785    (6)    3 :  0.071 0.029 0.018 0.011 0.019 0.834 0.005 0.012 
181 NS_SS0860   (11)    3 :  0.009 0.942 0.023 0.004 0.005 0.010 0.002 0.004 
182 NS_SS0897    (7)    3 :  0.009 0.061 0.015 0.015 0.873 0.009 0.002 0.016 
183 NS_SS0841   (15)    3 :  0.024 0.070 0.031 0.684 0.073 0.017 0.004 0.097 
184 NS_SS0797    (7)    3 :  0.025 0.023 0.179 0.108 0.544 0.040 0.037 0.044 
185 NS_SS0830   (11)    3 :  0.095 0.140 0.385 0.129 0.184 0.038 0.003 0.026 
186 NS_SS1011    (5)    3 :  0.695 0.022 0.131 0.008 0.006 0.019 0.006 0.113 
187 NS_SS0883    (5)    3 :  0.013 0.504 0.079 0.045 0.015 0.310 0.005 0.031 
188 NS_SS0782    (2)    3 :  0.014 0.946 0.010 0.006 0.007 0.006 0.002 0.009 
189 NS_SS0831    (5)    3 :  0.008 0.949 0.008 0.007 0.011 0.008 0.003 0.007 
190 NS_SS0749    (7)    3 :  0.008 0.012 0.356 0.014 0.019 0.510 0.004 0.076 
191 NS_SS0854    (2)    3 :  0.091 0.037 0.553 0.027 0.047 0.083 0.004 0.160 
192 HI_SS0193    (0)    4 :  0.012 0.005 0.006 0.010 0.910 0.007 0.002 0.048 
193 HI_SS0194    (1)    4 :  0.893 0.007 0.015 0.016 0.015 0.012 0.002 0.041 
194 HI_SS0195   (10)    4 :  0.075 0.009 0.397 0.108 0.019 0.036 0.116 0.240 
195 HI_SS0196    (6)    4 :  0.024 0.714 0.074 0.062 0.047 0.060 0.003 0.015 
196 HI_SS0197    (3)    4 :  0.008 0.022 0.043 0.007 0.003 0.011 0.010 0.896 
197 HI_SS0198    (1)    4 :  0.023 0.249 0.339 0.084 0.055 0.055 0.010 0.185 
198 HI_SS0199    (1)    4 :  0.009 0.617 0.033 0.006 0.010 0.072 0.002 0.252 
199 HI_SS0201    (5)    4 :  0.045 0.031 0.041 0.007 0.835 0.030 0.003 0.009 
200 HI_SS0215    (1)    4 :  0.015 0.897 0.016 0.006 0.009 0.047 0.003 0.007 
201 HI_SS0218    (1)    4 :  0.011 0.019 0.014 0.021 0.903 0.007 0.009 0.015 
202 HI_SS0222    (0)    4 :  0.007 0.735 0.120 0.016 0.010 0.075 0.004 0.034 
203 HI_SS0230    (1)    4 :  0.137 0.017 0.050 0.061 0.013 0.668 0.005 0.049 
204 HI_SS0234    (2)    4 :  0.106 0.019 0.217 0.009 0.010 0.007 0.153 0.478 
205 HI_SS0240    (1)    4 :  0.015 0.020 0.673 0.035 0.007 0.085 0.006 0.160 
206 HI_SS0241    (0)    4 :  0.029 0.116 0.490 0.027 0.093 0.216 0.003 0.027 
207 HI_SS0242    (0)    4 :  0.161 0.015 0.430 0.179 0.132 0.039 0.003 0.040 
208 HI_SS0247    (0)    4 :  0.728 0.004 0.007 0.009 0.014 0.008 0.021 0.210 
209 HI_SS0248    (1)    4 :  0.019 0.035 0.009 0.014 0.864 0.049 0.001 0.009 
210 HI_SS0252    (2)    4 :  0.059 0.073 0.009 0.040 0.020 0.024 0.002 0.772 
211 HI_SS0254    (0)    4 :  0.007 0.008 0.145 0.017 0.228 0.378 0.086 0.130 
212 HI_SS0256    (0)    4 :  0.943 0.003 0.007 0.020 0.003 0.010 0.001 0.011 
213 HI_SS0257    (0)    4 :  0.407 0.121 0.051 0.010 0.042 0.330 0.003 0.036 
214 HI_SS0258    (1)    4 :  0.014 0.090 0.022 0.014 0.705 0.134 0.005 0.016 
215 HI_SS0259    (1)    4 :  0.019 0.009 0.612 0.028 0.008 0.043 0.003 0.278 
216 HI_SS0260    (1)    4 :  0.049 0.333 0.016 0.096 0.118 0.368 0.001 0.019 
217 HI_SS0261    (2)    4 :  0.025 0.130 0.144 0.027 0.029 0.623 0.003 0.019 
218 HI_SS0262    (0)    4 :  0.075 0.152 0.667 0.036 0.008 0.011 0.006 0.044 
219 HI_SS0264    (0)    4 :  0.132 0.013 0.022 0.408 0.010 0.399 0.004 0.012 
220 HI_SS0265    (0)    4 :  0.154 0.023 0.495 0.135 0.016 0.027 0.108 0.042 
221 HI_SS0268    (1)    4 :  0.034 0.011 0.587 0.103 0.158 0.029 0.004 0.074 
222 HI_SS0269    (0)    4 :  0.024 0.424 0.357 0.005 0.137 0.010 0.002 0.041 
223 HI_SS0273    (0)    4 :  0.038 0.041 0.028 0.018 0.843 0.016 0.002 0.014 
224 HI_SS0277    (1)    4 :  0.075 0.308 0.294 0.011 0.006 0.020 0.003 0.284 
225 HI_SS0280    (0)    4 :  0.006 0.420 0.038 0.117 0.044 0.256 0.006 0.113 
226 HI_SS0282    (1)    4 :  0.198 0.046 0.016 0.007 0.259 0.449 0.002 0.025 
227 HI_SS0286    (1)    4 :  0.045 0.051 0.445 0.028 0.045 0.097 0.007 0.282 
228 NS_SS1252    (3)    5 :  0.005 0.960 0.004 0.005 0.013 0.005 0.002 0.007 
229 NS_SS1261    (1)    5 :  0.019 0.022 0.017 0.011 0.009 0.015 0.014 0.892 
230 NS_SS1225   (10)    5 :  0.892 0.008 0.007 0.004 0.009 0.019 0.056 0.004 
231 NS_SS1266    (1)    5 :  0.802 0.006 0.038 0.075 0.008 0.028 0.010 0.034 
232 NS_SS1228    (0)    5 :  0.025 0.019 0.095 0.155 0.017 0.014 0.015 0.660 
233 NS_SS1255    (3)    5 :  0.110 0.831 0.004 0.030 0.011 0.004 0.001 0.008 
234 NS_SS1267    (3)    5 :  0.007 0.572 0.013 0.036 0.311 0.017 0.015 0.030 
235 NS_SS1238    (6)    5 :  0.042 0.019 0.011 0.011 0.477 0.012 0.002 0.426 
236 NS_SS1233    (8)    5 :  0.705 0.027 0.006 0.129 0.109 0.018 0.002 0.005 
237 NS_SS1277    (3)    5 :  0.007 0.008 0.009 0.025 0.935 0.007 0.001 0.007 
238 NS_SS1245    (1)    5 :  0.319 0.092 0.023 0.045 0.181 0.269 0.002 0.069 
239 NS_SS1240    (4)    5 :  0.011 0.652 0.128 0.007 0.146 0.038 0.002 0.015 
240 NS_SS1275    (2)    5 :  0.083 0.011 0.399 0.101 0.004 0.026 0.003 0.373 
241 NS_SS1235    (1)    5 :  0.939 0.004 0.019 0.006 0.009 0.006 0.005 0.012 
242 NS_SS1263    (1)    5 :  0.906 0.008 0.006 0.053 0.006 0.011 0.001 0.009 
243 NS_SS1251    (2)    5 :  0.874 0.042 0.006 0.011 0.007 0.028 0.001 0.031 
244 NS_SS1248    (0)    5 :  0.011 0.021 0.017 0.156 0.584 0.047 0.124 0.041 
245 NS_SS1244    (0)    5 :  0.018 0.004 0.022 0.004 0.073 0.007 0.005 0.869 
246 NS_SS1257    (1)    5 :  0.049 0.136 0.694 0.016 0.058 0.014 0.021 0.013 
247 NS_SS1242    (2)    5 :  0.095 0.016 0.019 0.811 0.010 0.031 0.003 0.015 
248 NS_SS1271    (6)    5 :  0.005 0.040 0.011 0.014 0.863 0.022 0.030 0.016 
249 NS_SS1265    (1)    5 :  0.008 0.697 0.042 0.010 0.020 0.196 0.018 0.009 
250 NS_SS1243    (0)    5 :  0.009 0.141 0.025 0.422 0.077 0.158 0.100 0.068 
251 NS_SS1273    (1)    5 :  0.020 0.005 0.019 0.915 0.012 0.008 0.009 0.012 
252 NS_SS1254   (14)    5 :  0.036 0.062 0.006 0.861 0.006 0.007 0.005 0.018 
253 NS_SS1224    (1)    5 :  0.529 0.205 0.037 0.087 0.008 0.111 0.008 0.016 
254 NS_SS1227    (8)    5 :  0.007 0.007 0.087 0.073 0.023 0.790 0.001 0.012 
255 NS_SS1274    (9)    5 :  0.508 0.052 0.111 0.066 0.123 0.101 0.017 0.023 
256 NS_SS1241    (1)    5 :  0.016 0.007 0.007 0.011 0.933 0.014 0.001 0.013 
257 NS_SS1256    (3)    5 :  0.676 0.049 0.025 0.038 0.097 0.044 0.045 0.026 
258 NS_SS1260    (8)    5 :  0.016 0.594 0.262 0.011 0.012 0.030 0.063 0.012 
259 NS_SS1262    (0)    5 :  0.077 0.422 0.023 0.015 0.047 0.209 0.175 0.031 
260 NS_SS1230    (0)    5 :  0.012 0.050 0.026 0.061 0.716 0.113 0.009 0.014 
261 NS_SS1270    (2)    5 :  0.380 0.011 0.081 0.031 0.049 0.378 0.003 0.068 
262 NS_SS1229    (2)    5 :  0.006 0.007 0.006 0.003 0.003 0.009 0.003 0.964 
263 NS_SS1246    (5)    5 :  0.043 0.041 0.028 0.009 0.014 0.006 0.003 0.855 
264 NS_SS1269    (0)    5 :  0.013 0.134 0.641 0.039 0.027 0.068 0.002 0.075 
265 NS_SS1239    (1)    5 :  0.012 0.232 0.178 0.028 0.023 0.014 0.005 0.508 
266 NS_SS1272    (5)    5 :  0.584 0.033 0.074 0.017 0.019 0.012 0.007 0.253 
267 NS_SS1268    (1)    5 :  0.758 0.008 0.088 0.045 0.042 0.049 0.003 0.007 
268 NS_SS1249    (1)    5 :  0.021 0.520 0.017 0.015 0.380 0.018 0.012 0.016 
269 HI_SS0559    (0)    6 :  0.017 0.007 0.007 0.014 0.012 0.937 0.002 0.004 
270 HI_SS0563    (1)    6 :  0.068 0.689 0.030 0.025 0.079 0.009 0.003 0.096 
271 HI_SS0564    (0)    6 :  0.290 0.214 0.170 0.061 0.031 0.020 0.061 0.152 
272 HI_SS0565    (0)    6 :  0.056 0.327 0.097 0.015 0.018 0.411 0.004 0.071 
273 HI_SS0569    (1)    6 :  0.006 0.037 0.004 0.004 0.041 0.899 0.002 0.007 
274 HI_SS0570    (0)    6 :  0.014 0.008 0.014 0.016 0.877 0.010 0.047 0.015 
275 HI_SS0572    (1)    6 :  0.799 0.023 0.108 0.029 0.006 0.019 0.003 0.014 
276 HI_SS0576    (1)    6 :  0.023 0.010 0.310 0.265 0.046 0.064 0.007 0.275 
277 HI_SS0579    (1)    6 :  0.210 0.037 0.007 0.005 0.023 0.695 0.014 0.008 
278 HI_SS0580    (1)    6 :  0.030 0.315 0.087 0.504 0.021 0.027 0.004 0.011 
279 HI_SS0581    (0)    6 :  0.012 0.004 0.509 0.010 0.006 0.009 0.059 0.392 
280 HI_SS0583    (1)    6 :  0.016 0.820 0.005 0.092 0.010 0.010 0.002 0.045 
281 HI_SS0586    (1)    6 :  0.008 0.134 0.017 0.059 0.736 0.040 0.001 0.005 
282 HI_SS0588    (1)    6 :  0.015 0.021 0.020 0.009 0.047 0.848 0.023 0.018 
283 HI_SS0595    (4)    6 :  0.048 0.132 0.364 0.087 0.275 0.016 0.035 0.043 
284 HI_SS0596    (0)    6 :  0.210 0.007 0.018 0.583 0.018 0.042 0.003 0.120 
285 HI_SS0597    (1)    6 :  0.108 0.072 0.048 0.030 0.026 0.015 0.002 0.699 
286 HI_SS0600    (0)    6 :  0.008 0.025 0.872 0.006 0.038 0.013 0.003 0.036 
287 HI_SS0601    (1)    6 :  0.276 0.008 0.019 0.006 0.009 0.543 0.013 0.126 
288 HI_SS0602    (1)    6 :  0.009 0.008 0.013 0.013 0.006 0.944 0.002 0.006 
289 HI_SS0604    (0)    6 :  0.114 0.118 0.016 0.131 0.016 0.567 0.002 0.037 
290 HI_SS0605    (1)    6 :  0.005 0.010 0.953 0.007 0.006 0.011 0.005 0.003 
291 HI_SS0608    (0)    6 :  0.008 0.015 0.008 0.617 0.106 0.016 0.001 0.229 
292 HI_SS0609    (0)    6 :  0.723 0.031 0.094 0.041 0.032 0.010 0.001 0.069 
293 HI_SS0611    (5)    6 :  0.008 0.764 0.011 0.064 0.047 0.032 0.003 0.072 
294 HI_SS0612    (0)    6 :  0.862 0.026 0.024 0.004 0.014 0.059 0.005 0.007 
295 HI_SS0613    (1)    6 :  0.107 0.229 0.272 0.132 0.011 0.240 0.002 0.006 
296 HI_SS0615    (1)    6 :  0.015 0.008 0.163 0.069 0.008 0.014 0.010 0.712 
297 HI_SS0001    (1)    6 :  0.098 0.030 0.397 0.043 0.180 0.011 0.004 0.237 
298 HI_SS0002    (1)    6 :  0.857 0.016 0.027 0.018 0.008 0.033 0.028 0.013 
299 HI_SS0004    (0)    6 :  0.025 0.263 0.341 0.148 0.137 0.062 0.005 0.019 
300 HI_SS0005    (1)    6 :  0.011 0.025 0.660 0.107 0.089 0.078 0.007 0.023 
301 HI_SS0006    (1)    6 :  0.300 0.569 0.054 0.006 0.032 0.021 0.002 0.017 
302 HI_SS0007    (1)    6 :  0.008 0.040 0.014 0.047 0.868 0.014 0.002 0.007 
303 HI_SS0008    (0)    6 :  0.019 0.005 0.023 0.010 0.015 0.884 0.026 0.018 
304 HI_SS0009    (0)    6 :  0.012 0.031 0.059 0.777 0.036 0.038 0.005 0.041 
305 HI_SS0010    (1)    6 :  0.006 0.063 0.023 0.242 0.453 0.142 0.003 0.068 
306 HI_SS0011    (1)    6 :  0.805 0.009 0.009 0.018 0.017 0.042 0.079 0.022 
307 HI_SS0012    (0)    6 :  0.021 0.014 0.548 0.023 0.007 0.026 0.005 0.356 
308 HI_SS0017    (1)    6 :  0.057 0.008 0.011 0.798 0.054 0.019 0.001 0.052 
309 HI_SS0021    (1)    6 :  0.036 0.291 0.132 0.064 0.143 0.090 0.236 0.008 
310 HI_SS0024    (1)    6 :  0.090 0.025 0.248 0.339 0.167 0.012 0.003 0.117 
311 HI_SS0025    (1)    6 :  0.026 0.255 0.016 0.669 0.007 0.011 0.004 0.012 
312 HI_SS0027    (0)    6 :  0.014 0.030 0.010 0.010 0.512 0.381 0.014 0.029 
313 HI_SS0028    (0)    6 :  0.055 0.011 0.015 0.846 0.007 0.044 0.002 0.020 
314 HI_SS0029    (1)    6 :  0.018 0.131 0.024 0.723 0.015 0.029 0.007 0.053 
315 HI_SS0030    (2)    6 :  0.035 0.042 0.066 0.041 0.068 0.244 0.006 0.499 
316 HI_SS0031    (0)    6 :  0.012 0.005 0.040 0.021 0.014 0.885 0.004 0.019 
317 HI_SS0034    (0)    6 :  0.018 0.054 0.046 0.004 0.070 0.796 0.005 0.007 
318 HI_SS0036    (0)    6 :  0.003 0.004 0.821 0.022 0.083 0.045 0.009 0.014 
319 HI_SS0037    (1)    6 :  0.010 0.735 0.029 0.079 0.089 0.043 0.005 0.010 
320 HI_SS0039    (0)    6 :  0.008 0.089 0.018 0.245 0.266 0.355 0.003 0.017 
321 HI_SS0041    (1)    6 :  0.013 0.018 0.043 0.547 0.004 0.006 0.002 0.368 
322 HI_SS0042    (1)    6 :  0.058 0.009 0.743 0.059 0.006 0.004 0.105 0.015 
323 HI_SS0043    (1)    6 :  0.010 0.203 0.216 0.012 0.441 0.065 0.004 0.049 
324 HI_SS0044    (1)    6 :  0.005 0.008 0.024 0.857 0.091 0.007 0.002 0.005 
325 HI_SS0047    (1)    6 :  0.013 0.030 0.018 0.014 0.009 0.875 0.003 0.039 
326 HI_SS0049    (1)    6 :  0.058 0.007 0.012 0.361 0.045 0.483 0.005 0.028 
327 HI_SS0051    (1)    6 :  0.015 0.788 0.101 0.045 0.012 0.028 0.003 0.008 
328 HI_SS0053    (1)    6 :  0.006 0.020 0.015 0.008 0.034 0.899 0.004 0.015 
329 HI_SS0054    (4)    6 :  0.066 0.015 0.006 0.011 0.761 0.105 0.004 0.032 
330 HI_SS0057    (0)    6 :  0.115 0.295 0.095 0.032 0.101 0.102 0.004 0.257 
331 HI_SS0058    (0)    6 :  0.674 0.230 0.050 0.011 0.014 0.008 0.006 0.006 
332 HI_SS0060    (0)    6 :  0.021 0.015 0.497 0.007 0.208 0.133 0.088 0.032 
333 HI_SS0087    (1)    6 :  0.178 0.476 0.111 0.006 0.027 0.091 0.003 0.108 
334 HI_SS0091    (1)    6 :  0.025 0.845 0.014 0.004 0.011 0.011 0.001 0.090 
335 HI_SS0095    (1)    6 :  0.059 0.016 0.167 0.006 0.005 0.646 0.047 0.055 
336 HI_SS0097    (3)    6 :  0.529 0.117 0.014 0.012 0.018 0.157 0.004 0.149 
337 HI_SS0099    (1)    6 :  0.011 0.008 0.019 0.921 0.007 0.015 0.004 0.016 
338 HI_SS0103    (0)    6 :  0.240 0.153 0.373 0.026 0.012 0.086 0.004 0.106 
339 HI_SS0105    (1)    6 :  0.064 0.047 0.044 0.006 0.013 0.327 0.026 0.473 
340 HI_SS0107    (1)    6 :  0.806 0.011 0.022 0.043 0.007 0.013 0.001 0.098 
341 HI_SS0108    (1)    6 :  0.007 0.075 0.019 0.010 0.813 0.029 0.033 0.013 
342 HI_SS0110    (0)    6 :  0.009 0.094 0.466 0.017 0.009 0.040 0.001 0.364 
343 HI_SS0111    (1)    6 :  0.010 0.021 0.895 0.015 0.011 0.010 0.021 0.017 
344 HI_SS0112    (0)    6 :  0.008 0.006 0.009 0.004 0.960 0.007 0.001 0.005 
345 HI_SS0113    (1)    6 :  0.578 0.174 0.012 0.027 0.007 0.036 0.004 0.162 
346 HI_SS0114    (1)    6 :  0.014 0.384 0.196 0.017 0.056 0.315 0.005 0.012 
347 HI_SS0115    (1)    6 :  0.077 0.012 0.041 0.365 0.031 0.453 0.016 0.004 
348 HI_SS0116    (4)    6 :  0.009 0.878 0.007 0.063 0.014 0.010 0.003 0.016 
349 HI_SS0117    (0)    6 :  0.838 0.019 0.014 0.006 0.082 0.016 0.002 0.023 
350 HI_SS0118    (0)    6 :  0.023 0.929 0.008 0.012 0.007 0.009 0.008 0.005 
351 HI_SS0119    (1)    6 :  0.019 0.045 0.614 0.005 0.061 0.023 0.002 0.230 
352 HI_SS0120    (1)    6 :  0.472 0.012 0.044 0.029 0.009 0.007 0.003 0.424 
353 HI_SS0121    (0)    6 :  0.451 0.080 0.067 0.065 0.006 0.022 0.001 0.308 
354 HI_SS0122    (2)    6 :  0.015 0.023 0.682 0.025 0.023 0.008 0.018 0.207 
355 HI_SS0123    (0)    6 :  0.407 0.442 0.036 0.023 0.003 0.066 0.004 0.019 
356 HI_SS0124    (1)    6 :  0.027 0.011 0.071 0.809 0.032 0.016 0.003 0.030 
357 HI_SS0125    (1)    6 :  0.007 0.006 0.868 0.023 0.004 0.014 0.028 0.049 
358 HI_SS0126    (0)    6 :  0.008 0.159 0.009 0.040 0.765 0.010 0.001 0.008 
359 HI_SS0127    (0)    6 :  0.032 0.006 0.086 0.058 0.048 0.754 0.007 0.009 
360 HI_SS0128    (0)    6 :  0.013 0.021 0.013 0.139 0.076 0.040 0.003 0.696 
361 HI_SS0129    (1)    6 :  0.023 0.017 0.820 0.025 0.049 0.025 0.009 0.032 
362 HI_SS0131    (2)    6 :  0.021 0.005 0.007 0.010 0.883 0.006 0.033 0.034 
363 HI_SS0132    (0)    6 :  0.116 0.123 0.239 0.123 0.200 0.093 0.001 0.105 
364 HI_SS0133    (1)    6 :  0.003 0.010 0.003 0.003 0.973 0.003 0.001 0.005 
365 HI_SS0134    (1)    6 :  0.199 0.020 0.083 0.072 0.439 0.133 0.002 0.052 
366 HI_SS0142    (3)    6 :  0.010 0.008 0.007 0.008 0.004 0.926 0.012 0.025 
367 HI_SS0145    (0)    6 :  0.048 0.016 0.015 0.012 0.027 0.858 0.001 0.023 
368 HI_SS0146    (1)    6 :  0.009 0.011 0.011 0.024 0.924 0.008 0.001 0.011 
369 HI_SS0147    (1)    6 :  0.571 0.100 0.100 0.084 0.010 0.025 0.025 0.085 
370 HI_SS0149    (1)    6 :  0.203 0.017 0.234 0.011 0.120 0.029 0.005 0.382 
371 HI_SS0150    (2)    6 :  0.143 0.012 0.101 0.478 0.025 0.022 0.005 0.213 
372 HI_SS0151    (0)    6 :  0.060 0.108 0.341 0.010 0.057 0.186 0.014 0.224 
373 NS_SS1451    (1)    6 :  0.031 0.006 0.528 0.356 0.031 0.017 0.003 0.029 
374 NS_SS1404    (0)    6 :  0.283 0.019 0.125 0.480 0.028 0.010 0.014 0.041 
375 NS_SS1432    (2)    6 :  0.006 0.014 0.333 0.507 0.005 0.027 0.039 0.070 
376 NS_SS1405    (5)    6 :  0.106 0.678 0.039 0.090 0.060 0.011 0.003 0.012 
377 NS_SS1431   (10)    6 :  0.054 0.027 0.057 0.316 0.013 0.027 0.001 0.504 
378 NS_SS1402    (3)    6 :  0.882 0.017 0.029 0.019 0.011 0.010 0.002 0.028 
379 NS_SS1450    (3)    6 :  0.035 0.149 0.043 0.018 0.063 0.660 0.004 0.028 
380 NS_SS1396    (0)    6 :  0.011 0.030 0.031 0.027 0.017 0.023 0.007 0.854 
381 NS_SS1393    (5)    6 :  0.005 0.940 0.010 0.013 0.004 0.012 0.003 0.012 
382 NS_SS1392   (10)    6 :  0.019 0.032 0.248 0.180 0.014 0.014 0.018 0.474 
383 NS_SS1445    (0)    6 :  0.011 0.019 0.242 0.008 0.024 0.668 0.009 0.020 
384 NS_SS1423    (0)    6 :  0.448 0.062 0.028 0.013 0.229 0.032 0.002 0.186 
385 NS_SS1421    (9)    6 :  0.061 0.019 0.066 0.014 0.493 0.010 0.088 0.249 
386 NS_SS1411    (6)    6 :  0.006 0.273 0.014 0.048 0.611 0.026 0.002 0.018 
387 NS_SS1453    (6)    6 :  0.061 0.292 0.273 0.024 0.025 0.045 0.008 0.273 
388 NS_SS1442    (3)    6 :  0.052 0.034 0.245 0.030 0.154 0.458 0.004 0.022 
389 NS_SS1422    (1)    6 :  0.805 0.037 0.014 0.028 0.039 0.029 0.012 0.035 
390 NS_SS1419    (1)    6 :  0.176 0.050 0.011 0.383 0.005 0.013 0.164 0.198 
391 NS_SS1427    (0)    6 :  0.004 0.048 0.017 0.019 0.751 0.018 0.002 0.141 
392 NS_SS1444    (4)    6 :  0.012 0.015 0.020 0.726 0.007 0.197 0.003 0.020 
393 NS_SS1455    (0)    6 :  0.928 0.015 0.004 0.023 0.005 0.007 0.001 0.016 
394 NS_SS1425    (2)    6 :  0.007 0.185 0.012 0.004 0.767 0.015 0.001 0.008 
395 NS_SS1400    (0)    6 :  0.024 0.034 0.006 0.018 0.892 0.011 0.002 0.013 
396 NS_SS1406    (2)    6 :  0.933 0.005 0.006 0.008 0.004 0.022 0.008 0.014 
397 NS_SS1417    (6)    6 :  0.527 0.242 0.030 0.035 0.126 0.010 0.009 0.020 
398 NS_SS1454    (3)    6 :  0.034 0.187 0.027 0.054 0.284 0.026 0.002 0.386 
399 NS_SS1412    (1)    6 :  0.094 0.139 0.052 0.032 0.042 0.601 0.024 0.016 
400 NS_SS1438    (1)    6 :  0.034 0.806 0.018 0.013 0.049 0.052 0.001 0.026 
401 NS_SS1416    (4)    6 :  0.026 0.929 0.009 0.012 0.003 0.005 0.005 0.010 
402 NS_SS1401    (0)    6 :  0.068 0.007 0.121 0.025 0.024 0.007 0.009 0.738 
403 NS_SS1424    (6)    6 :  0.027 0.040 0.110 0.035 0.694 0.027 0.018 0.050 
404 NS_SS1435   (10)    6 :  0.013 0.007 0.017 0.039 0.775 0.133 0.004 0.011 
405 NS_SS1447    (4)    6 :  0.069 0.033 0.019 0.242 0.013 0.600 0.007 0.018 
406 NS_SS1414    (3)    6 :  0.161 0.029 0.009 0.729 0.016 0.032 0.008 0.017 
407 NS_SS1449   (14)    6 :  0.006 0.004 0.007 0.004 0.008 0.003 0.004 0.964 
408 NS_SS1443    (4)    6 :  0.026 0.013 0.011 0.005 0.360 0.547 0.002 0.036 
409 NS_SS1434    (1)    6 :  0.045 0.073 0.035 0.035 0.323 0.010 0.001 0.478 
410 NS_SS1398    (1)    6 :  0.027 0.040 0.525 0.193 0.121 0.024 0.025 0.045 
411 NS_SS1426    (1)    6 :  0.010 0.161 0.017 0.011 0.056 0.723 0.002 0.019 
412 NS_SS1413    (0)    6 :  0.006 0.005 0.005 0.004 0.962 0.005 0.007 0.006 
413 NS_SS1395    (1)    6 :  0.010 0.023 0.015 0.005 0.009 0.913 0.007 0.019 
414 NS_SS1448   (10)    6 :  0.006 0.005 0.027 0.059 0.875 0.017 0.002 0.009 
415 NS_SS1446    (0)    6 :  0.020 0.530 0.381 0.017 0.009 0.019 0.002 0.021 
416 NS_SS1403    (2)    6 :  0.021 0.081 0.033 0.139 0.007 0.035 0.006 0.678 
417 NS_SS1415    (0)    6 :  0.006 0.008 0.006 0.009 0.940 0.013 0.007 0.011 
418 NS_SS1437    (4)    6 :  0.055 0.013 0.033 0.746 0.014 0.074 0.008 0.056 
419 NS_SS1439    (2)    6 :  0.065 0.050 0.047 0.010 0.004 0.812 0.003 0.008 
420 NS_SS1441    (3)    6 :  0.024 0.047 0.057 0.043 0.158 0.581 0.002 0.088 
421 NS_SS1420    (2)    6 :  0.006 0.011 0.013 0.917 0.006 0.014 0.003 0.030 
422 NS_SS1394    (2)    6 :  0.013 0.013 0.178 0.611 0.006 0.136 0.036 0.008 
423 NS_SS1391    (7)    6 :  0.015 0.086 0.024 0.058 0.042 0.727 0.012 0.036 
424 NS_SS1410    (5)    6 :  0.021 0.041 0.010 0.017 0.018 0.007 0.009 0.879 
425 NS_SS1408    (1)    6 :  0.009 0.006 0.892 0.009 0.008 0.015 0.049 0.012 
426 NS_SS1409    (1)    6 :  0.010 0.663 0.083 0.016 0.009 0.035 0.003 0.181 
427 HI_SS0617    (1)    7 :  0.008 0.823 0.124 0.019 0.005 0.007 0.001 0.013 
428 HI_SS0618    (2)    7 :  0.049 0.164 0.189 0.039 0.012 0.076 0.003 0.468 
429 HI_SS0619    (0)    7 :  0.009 0.039 0.038 0.858 0.025 0.012 0.004 0.017 
430 HI_SS0620    (1)    7 :  0.009 0.006 0.016 0.006 0.940 0.016 0.002 0.005 
431 HI_SS0621    (3)    7 :  0.106 0.020 0.571 0.208 0.008 0.010 0.013 0.064 
432 HI_SS0622    (1)    7 :  0.187 0.013 0.037 0.052 0.112 0.574 0.012 0.014 
433 HI_SS0626    (0)    7 :  0.010 0.016 0.487 0.439 0.009 0.022 0.007 0.010 
434 HI_SS0627    (0)    7 :  0.033 0.075 0.032 0.011 0.015 0.011 0.010 0.813 
435 HI_SS0628    (3)    7 :  0.010 0.769 0.053 0.020 0.072 0.010 0.046 0.019 
436 HI_SS0629    (1)    7 :  0.048 0.073 0.758 0.041 0.032 0.017 0.005 0.026 
437 HI_SS0630    (1)    7 :  0.007 0.048 0.025 0.106 0.695 0.025 0.071 0.022 
438 HI_SS0631    (0)    7 :  0.011 0.018 0.036 0.022 0.746 0.090 0.001 0.076 
439 HI_SS0632    (0)    7 :  0.019 0.022 0.052 0.052 0.610 0.088 0.004 0.154 
440 HI_SS0633    (0)    7 :  0.055 0.040 0.014 0.813 0.006 0.031 0.003 0.038 
441 HI_SS0634    (1)    7 :  0.007 0.012 0.942 0.010 0.010 0.005 0.002 0.012 
442 HI_SS0635    (0)    7 :  0.261 0.068 0.093 0.364 0.036 0.144 0.011 0.022 
443 HI_SS0637    (1)    7 :  0.017 0.032 0.836 0.005 0.003 0.095 0.002 0.011 
444 HI_SS0638    (0)    7 :  0.019 0.012 0.156 0.022 0.715 0.047 0.001 0.027 
445 HI_SS0639    (1)    7 :  0.021 0.011 0.436 0.193 0.006 0.250 0.048 0.036 
446 HI_SS0640    (1)    7 :  0.014 0.007 0.013 0.015 0.023 0.920 0.002 0.006 
447 HI_SS0641    (1)    7 :  0.009 0.019 0.589 0.234 0.111 0.030 0.003 0.005 
448 HI_SS0642    (0)    7 :  0.010 0.007 0.037 0.008 0.009 0.325 0.002 0.601 
449 HI_SS0645    (0)    7 :  0.017 0.017 0.008 0.927 0.012 0.004 0.001 0.014 
450 HI_SS0646    (1)    7 :  0.075 0.020 0.030 0.017 0.012 0.716 0.003 0.127 
451 HI_SS0647    (1)    7 :  0.329 0.035 0.070 0.040 0.412 0.044 0.001 0.068 
452 HI_SS0648    (0)    7 :  0.061 0.022 0.063 0.414 0.037 0.377 0.003 0.023 
453 HI_SS0649    (1)    7 :  0.026 0.057 0.762 0.071 0.005 0.037 0.002 0.040 
454 HI_SS0650    (1)    7 :  0.007 0.032 0.822 0.016 0.007 0.029 0.004 0.082 
455 HI_SS0651    (1)    7 :  0.102 0.033 0.046 0.039 0.010 0.758 0.005 0.007 
456 HI_SS0652    (1)    7 :  0.008 0.018 0.031 0.862 0.010 0.056 0.003 0.012 
457 NS_SS1371    (3)    7 :  0.018 0.027 0.918 0.005 0.005 0.015 0.004 0.009 
458 NS_SS1374    (0)    7 :  0.011 0.122 0.517 0.037 0.226 0.024 0.002 0.060 
459 NS_SS1337    (3)    7 :  0.014 0.011 0.146 0.007 0.012 0.005 0.003 0.803 
460 NS_SS1385    (5)    7 :  0.112 0.221 0.026 0.189 0.015 0.303 0.005 0.130 
461 NS_SS1388    (0)    7 :  0.012 0.060 0.017 0.868 0.017 0.007 0.008 0.011 
462 NS_SS1370    (1)    7 :  0.019 0.011 0.071 0.007 0.022 0.010 0.010 0.849 
463 NS_SS1389    (3)    7 :  0.009 0.005 0.009 0.959 0.006 0.004 0.002 0.005 
464 NS_SS1360    (1)    7 :  0.028 0.016 0.029 0.010 0.186 0.697 0.004 0.030 
465 NS_SS1330    (0)    7 :  0.179 0.171 0.093 0.115 0.007 0.417 0.004 0.013 
466 NS_SS1328    (9)    7 :  0.010 0.010 0.038 0.018 0.887 0.010 0.002 0.025 
467 NS_SS1384    (1)    7 :  0.251 0.018 0.037 0.008 0.006 0.668 0.003 0.009 
468 NS_SS1381    (0)    7 :  0.198 0.052 0.061 0.020 0.008 0.009 0.001 0.651 
469 NS_SS1375    (1)    7 :  0.004 0.009 0.013 0.897 0.024 0.032 0.001 0.019 
470 NS_SS1319   (11)    7 :  0.013 0.063 0.122 0.074 0.026 0.093 0.105 0.504 
471 NS_SS1326    (2)    7 :  0.007 0.011 0.014 0.011 0.926 0.006 0.010 0.015 
