   NS_SS0963  1 0.2789 0.4449 0.0719 0.0138 0.1325 0.0054 0.0133 0.0125 0.0268 
   NS_SS0983  1 0.0247 0.0112 0.0080 0.0066 0.0057 0.0035 0.0024 0.8165 0.1215 
   NS_SS0719  1 0.8374 0.0437 0.0361 0.0202 0.0145 0.0045 0.0082 0.0262 0.0092 
   NS_SS1001  1 0.0093 0.0212 0.3315 0.2432 0.0420 0.0085 0.1683 0.0100 0.1660 
   NS_SS0936  1 0.0262 0.0290 0.0357 0.0173 0.8281 0.0026 0.0426 0.0062 0.0125 
   NS_SS0955  1 0.1150 0.0525 0.1767 0.0862 0.0455 0.0045 0.0657 0.4418 0.0121 
   NS_SS0944  1 0.0216 0.1406 0.0149 0.5494 0.0156 0.0022 0.0098 0.0142 0.2318 
   NS_SS0945  1 0.0153 0.0121 0.0453 0.1414 0.0351 0.0105 0.4277 0.2814 0.0312 
   NS_SS0922  1 0.8432 0.0212 0.0118 0.0056 0.0307 0.0201 0.0092 0.0095 0.0487 
   NS_SS0929  1 0.0244 0.1025 0.0604 0.0375 0.0754 0.0034 0.0571 0.5563 0.0830 
   NS_SS0956  1 0.0272 0.0142 0.0186 0.0366 0.0086 0.0036 0.7691 0.0080 0.1142 
   NS_SS0906  1 0.0195 0.7363 0.0831 0.0086 0.0131 0.0030 0.0170 0.0374 0.0820 
   NS_SS0721  1 0.4811 0.2283 0.1814 0.0104 0.0228 0.0054 0.0128 0.0149 0.0428 
   NS_SS0982  1 0.3836 0.2766 0.0151 0.0116 0.0397 0.0162 0.2242 0.0211 0.0120 
   NS_SS0923  1 0.5374 0.1372 0.2447 0.0154 0.0113 0.0042 0.0268 0.0075 0.0155 
   NS_SS0905  1 0.1920 0.2132 0.0831 0.0226 0.0080 0.0021 0.0275 0.1557 0.2959 
   NS_SS0925  1 0.0509 0.2458 0.5867 0.0062 0.0296 0.0045 0.0280 0.0076 0.0407 
   NS_SS0947  1 0.0163 0.0406 0.6942 0.0105 0.0293 0.0041 0.0959 0.0240 0.0850 
   NS_SS0926  1 0.0125 0.0300 0.0108 0.1503 0.1095 0.0009 0.0088 0.6699 0.0074 
   NS_SS0918  1 0.1017 0.0271 0.0997 0.0468 0.0274 0.0032 0.2101 0.1089 0.3752 
   NS_SS0966  1 0.1562 0.0527 0.0329 0.0356 0.0882 0.0560 0.0797 0.0265 0.4722 
   NS_SS0938  1 0.0071 0.0046 0.0115 0.0109 0.9319 0.0019 0.0130 0.0085 0.0105 
   NS_SS0917  1 0.1381 0.0156 0.7105 0.0153 0.0103 0.0309 0.0465 0.0279 0.0049 
   NS_SS0957  1 0.0050 0.0108 0.0101 0.0107 0.0169 0.0055 0.9141 0.0061 0.0208 
   NS_SS0987  1 0.2469 0.0468 0.3775 0.0084 0.0095 0.2318 0.0412 0.0177 0.0203 
   NS_SS0717  1 0.0447 0.0760 0.0745 0.0139 0.0132 0.0042 0.5685 0.0986 0.1065 
   NS_SS0986  1 0.0326 0.0292 0.6038 0.0465 0.0974 0.0050 0.0662 0.0973 0.0220 
   NS_SS0953  1 0.0080 0.0160 0.0145 0.0093 0.0046 0.0150 0.0325 0.0273 0.8728 
   NS_SS0907  1 0.1499 0.0771 0.6269 0.0282 0.0277 0.0365 0.0183 0.0233 0.0122 
   NS_SS0974  1 0.0163 0.0600 0.2942 0.0753 0.0609 0.0038 0.0637 0.3678 0.0579 
   NS_SS0989  1 0.1640 0.0190 0.0104 0.0569 0.4958 0.0012 0.0127 0.2065 0.0335 
   NS_SS0991  1 0.0095 0.8751 0.0159 0.0167 0.0083 0.0015 0.0070 0.0585 0.0075 
   NS_SS0994  1 0.0036 0.0070 0.0046 0.0174 0.0053 0.0019 0.0040 0.9531 0.0030 
   NS_SS0931  1 0.0122 0.1491 0.2239 0.4706 0.1028 0.0092 0.0055 0.0194 0.0073 
   NS_SS1000  1 0.0163 0.2228 0.4145 0.0161 0.0371 0.0043 0.2653 0.0072 0.0164 
   NS_SS0919  1 0.0205 0.7807 0.1034 0.0234 0.0127 0.0032 0.0055 0.0453 0.0051 
   NS_SS0949  1 0.1060 0.0342 0.0261 0.7437 0.0260 0.0015 0.0067 0.0429 0.0130 
   NS_SS0960  1 0.1998 0.0943 0.0850 0.3761 0.0093 0.0099 0.0459 0.0928 0.0867 
   NS_SS0716  1 0.0071 0.0070 0.0090 0.0076 0.0040 0.0055 0.9489 0.0062 0.0048 
   NS_SS0924  1 0.7674 0.0223 0.0939 0.0189 0.0049 0.0130 0.0622 0.0120 0.0055 
   NS_SS0935  1 0.0077 0.9392 0.0049 0.0233 0.0023 0.0059 0.0045 0.0063 0.0058 
   NS_SS0952  1 0.0524 0.3018 0.0397 0.3757 0.0512 0.0462 0.0814 0.0358 0.0158 
   NS_SS0962  1 0.0229 0.0114 0.0425 0.0048 0.8571 0.0065 0.0249 0.0202 0.0097 
   NS_SS0973  1 0.0330 0.8361 0.0640 0.0075 0.0128 0.0043 0.0063 0.0058 0.0301 
   NS_SS0722  1 0.0073 0.0431 0.1400 0.0086 0.0247 0.0028 0.7378 0.0059 0.0297 
   NS_SS0979  1 0.0422 0.0352 0.0130 0.0085 0.0890 0.0021 0.7804 0.0211 0.0085 
   NS_SS0993  1 0.0151 0.1113 0.0145 0.0144 0.1574 0.0208 0.0140 0.0092 0.6434 
   NS_SS0958  1 0.0396 0.0478 0.0118 0.5902 0.0202 0.0029 0.2604 0.0141 0.0130 
   NS_SS0988  1 0.0874 0.2090 0.1612 0.0112 0.1851 0.0057 0.0401 0.1671 0.1331 
   NS_SS1003  1 0.0120 0.0205 0.3163 0.0185 0.4756 0.0117 0.0072 0.0036 0.1345 
   NS_SS0976  1 0.1837 0.0619 0.0314 0.1155 0.5587 0.0022 0.0182 0.0216 0.0069 
   NS_SS0964  1 0.0467 0.0355 0.1200 0.0113 0.0165 0.0035 0.7164 0.0157 0.0344 
   NS_SS0939  1 0.0505 0.0061 0.0385 0.0113 0.0279 0.0047 0.8443 0.0038 0.0131 
   NS_SS0990  1 0.0140 0.0058 0.0259 0.0086 0.8421 0.0036 0.0451 0.0402 0.0148 
   NS_SS0984  1 0.6881 0.1086 0.0151 0.0042 0.0707 0.0021 0.0833 0.0132 0.0147 
   NS_SS0980  1 0.0175 0.0688 0.1976 0.0250 0.0269 0.0025 0.0069 0.0140 0.6408 
   NS_SS0978  1 0.2119 0.2027 0.4079 0.0426 0.0109 0.0031 0.0836 0.0050 0.0323 
   NS_SS0951  1 0.0099 0.0415 0.0265 0.0347 0.0069 0.0034 0.1390 0.0329 0.7052 
   NS_SS0913  1 0.1081 0.0181 0.0731 0.0738 0.0354 0.0479 0.4293 0.0173 0.1970 
   NS_SS1002  1 0.0088 0.0069 0.0088 0.0037 0.9244 0.0269 0.0071 0.0073 0.0061 
   NS_SS0948  1 0.0421 0.0580 0.0196 0.0418 0.6323 0.0504 0.0456 0.0379 0.0722 
   NS_SS0916  1 0.0155 0.0059 0.0092 0.0142 0.0070 0.0047 0.0180 0.0119 0.9135 
   NS_SS0995  1 0.1079 0.0043 0.0087 0.0059 0.0065 0.0029 0.0044 0.0241 0.8353 
   NS_SS0927  1 0.6630 0.0221 0.0801 0.0113 0.0210 0.0049 0.0114 0.1754 0.0108 
   NS_SS0992  1 0.2398 0.0493 0.1733 0.1482 0.1217 0.0041 0.0147 0.0316 0.2172 
   NS_SS0912  1 0.2597 0.5788 0.0227 0.0516 0.0139 0.0025 0.0196 0.0422 0.0090 
   NS_SS0981  1 0.0100 0.4468 0.4432 0.0080 0.0280 0.0033 0.0235 0.0104 0.0269 
   NS_SS0729  2 0.0111 0.0315 0.0108 0.0191 0.0210 0.0049 0.0047 0.8806 0.0162 
   NS_SS0967  2 0.5298 0.0715 0.0226 0.0668 0.1255 0.0112 0.1482 0.0126 0.0118 
   NS_SS0941  2 0.1039 0.1886 0.0721 0.0373 0.0676 0.0883 0.0771 0.0383 0.3268 
   NS_SS0768  2 0.0728 0.0096 0.0758 0.0113 0.1217 0.0037 0.6735 0.0244 0.0072 
   NS_SS0726  2 0.2568 0.1597 0.0624 0.1369 0.3213 0.0074 0.0121 0.0198 0.0236 
   NS_SS0763  2 0.0303 0.1301 0.0211 0.0549 0.0186 0.0034 0.1189 0.6114 0.0112 
   NS_SS0730  2 0.5855 0.0065 0.0278 0.0219 0.0437 0.0022 0.2379 0.0275 0.0470 
   NS_SS0774  2 0.0141 0.0049 0.0073 0.0071 0.0225 0.0008 0.9262 0.0060 0.0109 
   NS_SS0723  2 0.6360 0.1777 0.0963 0.0044 0.0354 0.0014 0.0153 0.0080 0.0255 
   NS_SS0940  2 0.1782 0.1633 0.3941 0.0318 0.0655 0.0073 0.0163 0.0387 0.1048 
   NS_SS0762  2 0.0280 0.0133 0.0097 0.0133 0.0064 0.0033 0.2532 0.0050 0.6678 
   NS_SS0766  2 0.5156 0.0440 0.0453 0.0504 0.0199 0.0128 0.1881 0.0812 0.0428 
   NS_SS0724  2 0.0142 0.5295 0.0161 0.0127 0.0171 0.0052 0.3179 0.0088 0.0784 
   NS_SS0769  2 0.0934 0.1439 0.5989 0.0068 0.0187 0.0038 0.0665 0.0518 0.0162 
   NS_SS0777  2 0.0073 0.8126 0.0158 0.1111 0.0166 0.0103 0.0062 0.0142 0.0059 
   NS_SS0734  2 0.1312 0.0400 0.2648 0.3800 0.0175 0.0367 0.0606 0.0472 0.0220 
   NS_SS0737  2 0.3004 0.0066 0.0293 0.0191 0.0489 0.0050 0.2730 0.0129 0.3048 
   NS_SS0732  2 0.5866 0.0306 0.2708 0.0071 0.0061 0.0041 0.0207 0.0051 0.0691 
   NS_SS0728  2 0.2358 0.1069 0.2381 0.0185 0.1879 0.0152 0.0353 0.0500 0.1122 
   NS_SS0735  2 0.1631 0.1158 0.1143 0.0193 0.0223 0.0093 0.0138 0.0172 0.5249 
   NS_SS0725  2 0.0087 0.0099 0.0149 0.0200 0.7828 0.0083 0.1011 0.0197 0.0346 
   NS_SS0788  2 0.8964 0.0092 0.0336 0.0088 0.0236 0.0015 0.0098 0.0080 0.0091 
   NS_SS0778  2 0.5598 0.1405 0.0362 0.0152 0.0274 0.0017 0.0125 0.0281 0.1786 
   NS_SS0792  2 0.0248 0.0109 0.0177 0.0369 0.0153 0.0047 0.0120 0.0255 0.8521 
   NS_SS0943  2 0.0188 0.4606 0.0809 0.3350 0.0243 0.0103 0.0234 0.0215 0.0252 
   NS_SS0791  2 0.5655 0.0060 0.0499 0.0578 0.0062 0.0119 0.0067 0.0242 0.2718 
   NS_SS0790  2 0.0052 0.0054 0.0105 0.0034 0.0075 0.0032 0.9217 0.0048 0.0382 
   NS_SS0731  2 0.0212 0.2006 0.0573 0.0098 0.0451 0.0225 0.3335 0.2282 0.0817 
   NS_SS0727  2 0.0253 0.0398 0.1241 0.4744 0.0190 0.0022 0.0859 0.1614 0.0678 
   NS_SS0779  2 0.1384 0.6101 0.0689 0.0208 0.0229 0.0051 0.0388 0.0178 0.0773 
   NS_SS0776  2 0.0145 0.4045 0.0261 0.1797 0.1228 0.0090 0.1954 0.0059 0.0422 
   NS_SS0775  2 0.0271 0.0075 0.0187 0.0085 0.0308 0.0073 0.8693 0.0112 0.0196 
   NS_SS0965  3 0.0626 0.7762 0.0612 0.0149 0.0221 0.0018 0.0368 0.0132 0.0112 
   NS_SS0754  3 0.0378 0.6000 0.0629 0.0366 0.0171 0.0113 0.1805 0.0400 0.0138 
   NS_SS0838  3 0.0121 0.0101 0.6124 0.0121 0.2704 0.0274 0.0341 0.0147 0.0067 
   NS_SS0839  3 0.0329 0.0037 0.6957 0.0065 0.0546 0.0034 0.1271 0.0046 0.0715 
   NS_SS0832  3 0.0253 0.2283 0.5526 0.0035 0.0369 0.0551 0.0152 0.0062 0.0769 
   NS_SS0820  3 0.2918 0.0538 0.0337 0.0043 0.0409 0.0074 0.5572 0.0043 0.0066 
   NS_SS0886  3 0.7684 0.0121 0.0204 0.0244 0.0185 0.0019 0.0104 0.1039 0.0399 
   NS_SS0748  3 0.0217 0.3487 0.0241 0.1281 0.0365 0.0081 0.3920 0.0238 0.0170 
   NS_SS0884  3 0.0423 0.0257 0.5547 0.0346 0.0832 0.0231 0.1190 0.0662 0.0512 
   NS_SS0752  3 0.3973 0.0486 0.3505 0.0373 0.1141 0.0021 0.0130 0.0209 0.0161 
   NS_SS0862  3 0.0345 0.0330 0.3619 0.0048 0.0079 0.0046 0.0237 0.0168 0.5128 
   NS_SS0787  3 0.0157 0.0267 0.0142 0.0499 0.0147 0.0065 0.0106 0.8535 0.0082 
   NS_SS0843  3 0.0148 0.7340 0.1343 0.0057 0.0209 0.0019 0.0165 0.0345 0.0374 
   NS_SS0856  3 0.2698 0.0161 0.0876 0.0068 0.0466 0.0028 0.0230 0.1358 0.4115 
   NS_SS0846  3 0.0293 0.2737 0.2312 0.0276 0.0366 0.0038 0.0276 0.3496 0.0205 
   NS_SS0825  3 0.0754 0.0163 0.0140 0.0142 0.7621 0.0104 0.0077 0.0795 0.0204 
   NS_SS0757  3 0.1077 0.4185 0.2241 0.0808 0.0527 0.0034 0.0286 0.0241 0.0601 
   NS_SS0876  3 0.0938 0.0082 0.0143 0.0331 0.0815 0.2356 0.0109 0.0331 0.4896 
   NS_SS0903  3 0.0184 0.0156 0.0174 0.0109 0.0159 0.0029 0.0075 0.0140 0.8973 
   NS_SS0875  3 0.6208 0.0096 0.0166 0.0283 0.0644 0.0036 0.0860 0.1144 0.0563 
   NS_SS0740  3 0.0153 0.8780 0.0101 0.0115 0.0359 0.0031 0.0096 0.0087 0.0277 
   NS_SS0811  3 0.0042 0.0097 0.0133 0.0047 0.0079 0.0080 0.9256 0.0063 0.0203 
   NS_SS0751  3 0.1962 0.1019 0.1413 0.0579 0.4577 0.0021 0.0087 0.0072 0.0268 
   NS_SS0891  3 0.0230 0.0077 0.0191 0.0122 0.4178 0.0064 0.4194 0.0399 0.0545 
   NS_SS0867  3 0.0156 0.6313 0.0462 0.0158 0.0366 0.0245 0.0125 0.1480 0.0694 
   NS_SS0890  3 0.5682 0.1699 0.0260 0.0334 0.0157 0.0043 0.0829 0.0212 0.0785 
   NS_SS0866  3 0.0068 0.0049 0.0138 0.0136 0.0135 0.0050 0.0262 0.9057 0.0104 
   NS_SS0755  3 0.0113 0.0297 0.1280 0.0219 0.0336 0.0090 0.7092 0.0346 0.0228 
   NS_SS0758  3 0.2444 0.0519 0.1264 0.0086 0.0991 0.0022 0.0126 0.4290 0.0259 
   NS_SS0840  3 0.0133 0.0093 0.6568 0.0116 0.2763 0.0018 0.0152 0.0060 0.0097 
   NS_SS0889  3 0.0296 0.0263 0.0529 0.5414 0.0357 0.0022 0.0225 0.2281 0.0612 
   NS_SS1010  3 0.0627 0.0888 0.1399 0.0395 0.0480 0.0553 0.4385 0.0788 0.0485 
   NS_SS0888  3 0.0363 0.0711 0.0161 0.7273 0.0088 0.0019 0.0302 0.0801 0.0282 
   NS_SS0837  3 0.0145 0.9015 0.0188 0.0149 0.0061 0.0026 0.0106 0.0107 0.0203 
   NS_SS0794  3 0.0149 0.0117 0.0084 0.8648 0.0106 0.0021 0.0456 0.0199 0.0221 
   NS_SS0823  3 0.0349 0.0527 0.1670 0.0078 0.2410 0.0040 0.0361 0.0399 0.4165 
   NS_SS0829  3 0.0080 0.0685 0.0138 0.0204 0.0095 0.0979 0.1050 0.6667 0.0103 
   NS_SS0844  3 0.0691 0.1624 0.0123 0.0056 0.0125 0.0019 0.6213 0.0145 0.1006 
   NS_SS1008  3 0.0380 0.0653 0.3318 0.2909 0.0121 0.0115 0.1394 0.0966 0.0143 
   NS_SS0881  3 0.4882 0.0660 0.1245 0.2036 0.0635 0.0029 0.0156 0.0110 0.0247 
   NS_SS0834  3 0.0153 0.0076 0.0070 0.0061 0.8479 0.0043 0.0896 0.0139 0.0082 
   NS_SS0744  3 0.1761 0.0101 0.7369 0.0206 0.0109 0.0066 0.0084 0.0146 0.0159 
   NS_SS0899  3 0.0060 0.0062 0.0084 0.0033 0.0101 0.0014 0.0177 0.0071 0.9399 
   NS_SS0804  3 0.0141 0.0193 0.0648 0.0035 0.0423 0.0052 0.0226 0.0172 0.8109 
   NS_SS0781  3 0.0409 0.0435 0.0674 0.0054 0.6712 0.0038 0.0595 0.0129 0.0955 
   NS_SS0822  3 0.0105 0.0197 0.0373 0.7999 0.0261 0.0023 0.0179 0.0212 0.0651 
   NS_SS1004  3 0.0261 0.7097 0.0235 0.0297 0.0152 0.0037 0.0148 0.0074 0.1699 
   NS_SS0746  3 0.0153 0.7864 0.0376 0.0586 0.0164 0.0106 0.0489 0.0158 0.0102 
   NS_SS0880  3 0.2926 0.0242 0.2748 0.2034 0.0721 0.0018 0.0253 0.0089 0.0970 
   NS_SS0879  3 0.0403 0.0208 0.0392 0.0390 0.0432 0.0178 0.6072 0.0596 0.1329 
   NS_SS0753  3 0.0127 0.7935 0.0133 0.0213 0.0081 0.0084 0.0106 0.1216 0.0104 
   NS_SS1007  3 0.8993 0.0049 0.0370 0.0106 0.0095 0.0023 0.0100 0.0141 0.0123 
   NS_SS0872  3 0.0643 0.0551 0.0427 0.0561 0.6098 0.0032 0.1159 0.0256 0.0274 
   NS_SS1005  3 0.0678 0.3192 0.0869 0.0129 0.2204 0.0014 0.0495 0.0707 0.1712 
   NS_SS0892  3 0.1141 0.7602 0.0357 0.0133 0.0284 0.0022 0.0201 0.0137 0.0123 
   NS_SS0898  3 0.0092 0.0086 0.0060 0.9012 0.0125 0.0061 0.0169 0.0153 0.0241 
   NS_SS0801  3 0.0447 0.1344 0.7101 0.0075 0.0116 0.0101 0.0405 0.0200 0.0212 
   NS_SS0827  3 0.0320 0.0412 0.0208 0.0267 0.0043 0.1333 0.1415 0.5349 0.0653 
   NS_SS0853  3 0.0052 0.0058 0.0065 0.0049 0.0037 0.0036 0.9571 0.0089 0.0044 
   NS_SS0780  3 0.0317 0.1159 0.6778 0.0056 0.1331 0.0042 0.0116 0.0082 0.0119 
   NS_SS0826  3 0.0114 0.0087 0.0082 0.0482 0.8912 0.0041 0.0134 0.0093 0.0056 
   NS_SS0818  3 0.3294 0.0333 0.2931 0.0108 0.0122 0.0013 0.0053 0.0055 0.3091 
   NS_SS0745  3 0.0118 0.0893 0.0696 0.0297 0.1600 0.0016 0.6238 0.0049 0.0092 
   NS_SS0849  3 0.7350 0.0884 0.0307 0.0514 0.0265 0.0017 0.0222 0.0067 0.0374 
   NS_SS0739  3 0.7395 0.0058 0.0316 0.0179 0.0617 0.0128 0.0150 0.0048 0.1109 
   NS_SS0799  3 0.1099 0.0792 0.1358 0.1336 0.0065 0.0013 0.0328 0.1502 0.3508 
   NS_SS0756  3 0.0312 0.0191 0.5382 0.0130 0.1003 0.0038 0.0163 0.0105 0.2674 
   NS_SS0802  3 0.4169 0.0125 0.3413 0.0044 0.0180 0.1663 0.0029 0.0331 0.0047 
   NS_SS0747  3 0.1690 0.5588 0.1937 0.0055 0.0293 0.0059 0.0193 0.0102 0.0085 
   NS_SS0835  3 0.0286 0.0139 0.0058 0.0081 0.0134 0.0012 0.0045 0.9200 0.0047 
   NS_SS0742  3 0.0574 0.0127 0.1355 0.0197 0.0444 0.0013 0.0068 0.0147 0.7075 
   NS_SS0760  3 0.0712 0.0162 0.0746 0.5095 0.0078 0.0528 0.0153 0.2471 0.0055 
   NS_SS0803  3 0.0131 0.0125 0.0061 0.0066 0.0048 0.0085 0.0097 0.0154 0.9233 
   NS_SS0828  3 0.4568 0.4110 0.0098 0.0147 0.0162 0.0016 0.0447 0.0123 0.0329 
   NS_SS0865  3 0.0066 0.0105 0.9208 0.0053 0.0107 0.0179 0.0109 0.0062 0.0111 
   NS_SS0759  3 0.5697 0.2464 0.0477 0.0163 0.0177 0.0064 0.0701 0.0116 0.0142 
   NS_SS0851  3 0.0256 0.0048 0.0141 0.0138 0.0172 0.0140 0.8874 0.0094 0.0137 
   NS_SS0874  3 0.0130 0.0311 0.5276 0.0039 0.0263 0.0013 0.2624 0.0593 0.0750 
   NS_SS0761  3 0.0710 0.1504 0.0319 0.2241 0.0371 0.0028 0.0188 0.4420 0.0219 
   NS_SS0842  3 0.0346 0.0108 0.0435 0.0675 0.0318 0.0083 0.7530 0.0200 0.0305 
   NS_SS0785  3 0.0516 0.7124 0.0698 0.0282 0.0134 0.0064 0.0166 0.0372 0.0645 
   NS_SS0860  3 0.0455 0.0153 0.4024 0.0082 0.0073 0.0029 0.0051 0.4986 0.0145 
   NS_SS0897  3 0.0114 0.0113 0.0156 0.6954 0.0050 0.0019 0.0153 0.2289 0.0151 
   NS_SS0841  3 0.0076 0.0043 0.8784 0.0254 0.0097 0.0023 0.0587 0.0055 0.0081 
   NS_SS0797  3 0.2896 0.0395 0.0580 0.4479 0.0201 0.0338 0.0513 0.0256 0.0341 
   NS_SS0830  3 0.2207 0.0638 0.0868 0.3353 0.0757 0.0023 0.0525 0.0408 0.1219 
   NS_SS1011  3 0.0091 0.0120 0.1931 0.0031 0.7206 0.0057 0.0171 0.0217 0.0176 
   NS_SS0883  3 0.0463 0.0081 0.8849 0.0116 0.0036 0.0062 0.0057 0.0181 0.0154 
   NS_SS0782  3 0.1039 0.0077 0.0339 0.0701 0.0139 0.0030 0.0322 0.5908 0.1446 
   NS_SS0831  3 0.0138 0.0177 0.0182 0.0205 0.0092 0.0040 0.0231 0.8407 0.0529 
   NS_SS0749  3 0.5412 0.2788 0.0467 0.0160 0.0144 0.0034 0.0119 0.0083 0.0792 
   NS_SS0854  3 0.0345 0.0234 0.0705 0.0443 0.0388 0.0035 0.0127 0.0154 0.7568 
   HI_SS0193  4 0.0068 0.0060 0.0083 0.9219 0.0113 0.0019 0.0074 0.0068 0.0297 
   HI_SS0194  4 0.0084 0.0127 0.0139 0.0111 0.9298 0.0016 0.0101 0.0047 0.0077 
   HI_SS0195  4 0.0832 0.0109 0.0391 0.0049 0.5998 0.1034 0.1229 0.0043 0.0316 
   HI_SS0196  4 0.1102 0.0284 0.1470 0.3594 0.1304 0.0038 0.1519 0.0313 0.0377 
   HI_SS0197  4 0.0073 0.0036 0.0097 0.0021 0.9568 0.0073 0.0035 0.0059 0.0039 
   HI_SS0198  4 0.7364 0.0169 0.1053 0.0220 0.0141 0.0108 0.0336 0.0256 0.0352 
   HI_SS0199  4 0.0433 0.0928 0.0475 0.0191 0.0139 0.0024 0.0084 0.6016 0.1710 
   HI_SS0201  4 0.1137 0.3556 0.0948 0.2963 0.0256 0.0023 0.0078 0.0871 0.0169 
   HI_SS0215  4 0.0147 0.0216 0.0105 0.0057 0.0198 0.0033 0.0063 0.9097 0.0083 
   HI_SS0218  4 0.0105 0.0073 0.0095 0.9158 0.0050 0.0068 0.0098 0.0251 0.0101 
   HI_SS0222  4 0.1947 0.0104 0.2225 0.0094 0.0253 0.0057 0.0568 0.4665 0.0088 
   HI_SS0230  4 0.0167 0.4591 0.4654 0.0078 0.0109 0.0047 0.0175 0.0120 0.0060 
   HI_SS0234  4 0.6079 0.0248 0.0629 0.0158 0.1026 0.1401 0.0071 0.0266 0.0122 
   HI_SS0240  4 0.7352 0.0186 0.1209 0.0141 0.0036 0.0067 0.0214 0.0092 0.0703 
   HI_SS0241  4 0.0518 0.1248 0.0171 0.3820 0.1556 0.0021 0.1912 0.0553 0.0201 
   HI_SS0242  4 0.4789 0.0906 0.0336 0.0650 0.0175 0.0024 0.0549 0.0378 0.2192 
   HI_SS0247  4 0.0076 0.0841 0.0070 0.0141 0.3294 0.0267 0.0286 0.0041 0.4984 
   HI_SS0248  4 0.0081 0.0206 0.0902 0.6812 0.0074 0.0009 0.0066 0.1774 0.0076 
   HI_SS0252  4 0.0088 0.0089 0.0119 0.0051 0.0806 0.0023 0.0086 0.0119 0.8620 
   HI_SS0254  4 0.1006 0.5240 0.0091 0.2029 0.0193 0.0918 0.0055 0.0154 0.0315 
   HI_SS0256  4 0.0141 0.1579 0.0092 0.0039 0.0585 0.0019 0.7253 0.0038 0.0255 
   HI_SS0257  4 0.0336 0.4946 0.0204 0.0245 0.0223 0.0033 0.0083 0.3755 0.0175 
   HI_SS0258  4 0.0796 0.0944 0.0451 0.5799 0.0045 0.0061 0.0396 0.1414 0.0095 
   HI_SS0259  4 0.2310 0.0214 0.0965 0.0116 0.5475 0.0038 0.0306 0.0175 0.0401 
   HI_SS0260  4 0.0081 0.0529 0.2168 0.0727 0.0129 0.0017 0.0910 0.5292 0.0146 
   HI_SS0261  4 0.0409 0.8211 0.0416 0.0252 0.0223 0.0032 0.0124 0.0258 0.0073 
   HI_SS0262  4 0.4819 0.0149 0.2025 0.0131 0.0826 0.0084 0.0179 0.0201 0.1587 
   HI_SS0264  4 0.0248 0.4768 0.3049 0.0053 0.0141 0.0042 0.1522 0.0091 0.0086 
   HI_SS0265  4 0.1536 0.1172 0.0582 0.0153 0.3580 0.1198 0.1290 0.0332 0.0158 
   HI_SS0268  4 0.8201 0.0079 0.0374 0.0165 0.0107 0.0028 0.0880 0.0079 0.0088 
   HI_SS0269  4 0.0537 0.0100 0.0257 0.4827 0.1037 0.0023 0.0119 0.2613 0.0488 
   HI_SS0273  4 0.0155 0.0374 0.0341 0.8166 0.0280 0.0018 0.0187 0.0392 0.0086 
   HI_SS0277  4 0.3357 0.0085 0.4248 0.0096 0.1692 0.0028 0.0105 0.0315 0.0075 
   HI_SS0280  4 0.0165 0.0238 0.2235 0.0968 0.0233 0.0057 0.0261 0.0312 0.5532 
   HI_SS0282  4 0.0164 0.1532 0.3559 0.2607 0.0361 0.0014 0.0093 0.0226 0.1444 
   HI_SS0286  4 0.3627 0.0828 0.0428 0.0149 0.0256 0.0104 0.0436 0.3979 0.0193 
   NS_SS1252  5 0.0084 0.0058 0.0034 0.0105 0.0059 0.0033 0.0053 0.9516 0.0060 
   NS_SS1261  5 0.0781 0.0142 0.0171 0.0160 0.7300 0.0166 0.0160 0.0602 0.0518 
   NS_SS1225  5 0.0125 0.5226 0.0163 0.0203 0.1086 0.0995 0.0360 0.1587 0.0254 
   NS_SS1266  5 0.0118 0.1456 0.1485 0.0070 0.1558 0.0087 0.4733 0.0041 0.0452 
   NS_SS1228  5 0.0063 0.0051 0.0048 0.0053 0.0062 0.0148 0.0084 0.0029 0.9461 
   NS_SS1255  5 0.0178 0.0049 0.0388 0.0830 0.0224 0.0014 0.0177 0.1953 0.6187 
   NS_SS1267  5 0.0143 0.0068 0.0103 0.0251 0.0052 0.0140 0.0056 0.9146 0.0040 
   NS_SS1238  5 0.0204 0.0186 0.0163 0.6095 0.2868 0.0024 0.0064 0.0088 0.0308 
   NS_SS1233  5 0.0133 0.0281 0.1379 0.3026 0.0702 0.0021 0.2975 0.0670 0.0813 
   NS_SS1277  5 0.0272 0.0094 0.0052 0.9106 0.0049 0.0009 0.0053 0.0134 0.0231 
   NS_SS1245  5 0.0215 0.2056 0.1046 0.2361 0.2875 0.0017 0.0136 0.1024 0.0270 
   NS_SS1240  5 0.0159 0.0400 0.0300 0.0317 0.0140 0.0024 0.0055 0.8482 0.0123 
   NS_SS1275  5 0.0179 0.0081 0.0096 0.0050 0.8834 0.0022 0.0560 0.0069 0.0110 
   NS_SS1235  5 0.0374 0.0559 0.0464 0.0302 0.7562 0.0050 0.0275 0.0042 0.0372 
   NS_SS1263  5 0.0172 0.0834 0.0114 0.0097 0.1228 0.0013 0.2701 0.0635 0.4205 
   NS_SS1251  5 0.0464 0.2434 0.0463 0.0095 0.0630 0.0016 0.0211 0.3192 0.2496 
   NS_SS1248  5 0.0170 0.0687 0.0150 0.4562 0.0412 0.1228 0.2025 0.0226 0.0540 
   NS_SS1244  5 0.2630 0.0131 0.0320 0.2379 0.4233 0.0052 0.0061 0.0086 0.0107 
   NS_SS1257  5 0.4729 0.0114 0.3192 0.0837 0.0090 0.0199 0.0122 0.0550 0.0166 
   NS_SS1242  5 0.0169 0.0083 0.8916 0.0099 0.0163 0.0024 0.0387 0.0040 0.0119 
   NS_SS1271  5 0.0189 0.0246 0.0078 0.6959 0.0125 0.0424 0.0179 0.1392 0.0408 
   NS_SS1265  5 0.0405 0.0882 0.0134 0.0782 0.0383 0.0236 0.1443 0.5609 0.0125 
   NS_SS1243  5 0.0086 0.0423 0.1510 0.0722 0.0106 0.0945 0.0752 0.0206 0.5250 
   NS_SS1273  5 0.0248 0.0087 0.0373 0.0273 0.0109 0.0106 0.8641 0.0078 0.0086 
   NS_SS1254  5 0.0056 0.0109 0.0353 0.0048 0.0134 0.0060 0.8751 0.0126 0.0364 
   NS_SS1224  5 0.0116 0.1920 0.0231 0.0037 0.0146 0.0073 0.0139 0.0162 0.7176 
   NS_SS1227  5 0.0119 0.8929 0.0171 0.0077 0.0105 0.0018 0.0320 0.0176 0.0086 
   NS_SS1274  5 0.1907 0.1166 0.4310 0.0314 0.0202 0.0161 0.0999 0.0462 0.0479 
   NS_SS1241  5 0.0077 0.0150 0.0068 0.9299 0.0084 0.0011 0.0116 0.0043 0.0153 
   NS_SS1256  5 0.0120 0.0669 0.0465 0.1344 0.5710 0.0442 0.0805 0.0362 0.0084 
   NS_SS1260  5 0.3166 0.0259 0.0997 0.0151 0.0063 0.0749 0.0209 0.4202 0.0204 
   NS_SS1262  5 0.0498 0.2136 0.0496 0.1456 0.0750 0.1612 0.2400 0.0407 0.0245 
   NS_SS1230  5 0.0167 0.0790 0.0317 0.7830 0.0277 0.0086 0.0268 0.0165 0.0101 
   NS_SS1270  5 0.0160 0.4562 0.0108 0.0106 0.4412 0.0024 0.0081 0.0091 0.0456 
   NS_SS1229  5 0.0146 0.0276 0.0175 0.0077 0.8934 0.0043 0.0036 0.0108 0.0204 
   NS_SS1246  5 0.0513 0.0056 0.0047 0.0067 0.6932 0.0020 0.0037 0.2224 0.0105 
   NS_SS1269  5 0.7124 0.0127 0.1838 0.0239 0.0091 0.0018 0.0279 0.0192 0.0091 
   NS_SS1239  5 0.0158 0.0209 0.0132 0.0112 0.0097 0.0041 0.0054 0.0090 0.9107 
   NS_SS1272  5 0.0158 0.0074 0.0126 0.0116 0.8957 0.0049 0.0223 0.0129 0.0168 
   NS_SS1268  5 0.0207 0.0384 0.0715 0.0370 0.0125 0.0019 0.0103 0.0058 0.8019 
   NS_SS1249  5 0.0119 0.0124 0.0157 0.7664 0.0137 0.0146 0.0644 0.0789 0.0221 
   HI_SS0559  6 0.0133 0.7764 0.0876 0.0533 0.0060 0.0023 0.0219 0.0080 0.0312 
   HI_SS0563  6 0.0256 0.0253 0.1190 0.0293 0.0064 0.0021 0.0334 0.0590 0.6999 
   HI_SS0564  6 0.0235 0.0071 0.8786 0.0080 0.0178 0.0352 0.0074 0.0065 0.0158 
   HI_SS0565  6 0.0293 0.0723 0.0284 0.0108 0.1789 0.0047 0.0383 0.6304 0.0070 
   HI_SS0569  6 0.0062 0.8371 0.0102 0.0216 0.0093 0.0027 0.0060 0.0995 0.0074 
   HI_SS0570  6 0.0130 0.0079 0.0102 0.8508 0.0182 0.0490 0.0134 0.0123 0.0251 
   HI_SS0572  6 0.0547 0.1477 0.0770 0.0102 0.2387 0.0032 0.0410 0.0157 0.4118 
   HI_SS0576  6 0.8039 0.0221 0.0404 0.0255 0.0133 0.0070 0.0121 0.0098 0.0659 
   HI_SS0579  6 0.0054 0.9083 0.0368 0.0113 0.0050 0.0085 0.0035 0.0046 0.0166 
   HI_SS0580  6 0.3020 0.0230 0.0145 0.0203 0.0120 0.0039 0.1613 0.4406 0.0224 
   HI_SS0581  6 0.0231 0.0169 0.0381 0.0063 0.8208 0.0604 0.0107 0.0038 0.0199 
   HI_SS0583  6 0.0038 0.0052 0.0057 0.0029 0.0076 0.0022 0.0075 0.9585 0.0066 
   HI_SS0586  6 0.0330 0.1382 0.0259 0.1322 0.0080 0.0012 0.0303 0.6263 0.0050 
   HI_SS0588  6 0.0203 0.8397 0.0102 0.0233 0.0102 0.0185 0.0155 0.0518 0.0105 
   HI_SS0595  6 0.5819 0.0269 0.0201 0.2695 0.0251 0.0297 0.0116 0.0248 0.0102 
   HI_SS0596  6 0.0164 0.0174 0.0064 0.0411 0.0161 0.0022 0.0688 0.0051 0.8266 
   HI_SS0597  6 0.0111 0.0134 0.0299 0.0112 0.8837 0.0023 0.0102 0.0185 0.0197 
   HI_SS0600  6 0.0956 0.0122 0.0130 0.0654 0.0605 0.0042 0.0085 0.0250 0.7156 
   HI_SS0601  6 0.0152 0.8358 0.0068 0.0057 0.0127 0.0083 0.0155 0.0154 0.0847 
   HI_SS0602  6 0.0166 0.9298 0.0092 0.0040 0.0045 0.0019 0.0072 0.0201 0.0067 
   HI_SS0604  6 0.0246 0.1704 0.2676 0.0127 0.1009 0.0021 0.0277 0.3305 0.0634 
   HI_SS0605  6 0.5268 0.0178 0.3804 0.0109 0.0049 0.0062 0.0134 0.0238 0.0157 
   HI_SS0608  6 0.0419 0.0300 0.0068 0.1145 0.0181 0.0011 0.0640 0.0088 0.7146 
   HI_SS0609  6 0.0221 0.0195 0.0069 0.0247 0.1765 0.0010 0.0864 0.0498 0.6131 
   HI_SS0611  6 0.0129 0.0216 0.0381 0.0661 0.0043 0.0028 0.0647 0.6886 0.1008 
   HI_SS0612  6 0.0556 0.5181 0.0612 0.0622 0.0433 0.0085 0.0105 0.0340 0.2067 
   HI_SS0613  6 0.0915 0.1062 0.5408 0.0143 0.0099 0.0014 0.1658 0.0540 0.0161 
   HI_SS0615  6 0.7454 0.0105 0.0078 0.0071 0.0209 0.0117 0.0112 0.0044 0.1809 
   HI_SS0001  6 0.0817 0.0135 0.0199 0.1422 0.3620 0.0046 0.1511 0.1980 0.0269 
   HI_SS0002  6 0.0436 0.4002 0.0604 0.0062 0.2502 0.0286 0.1335 0.0409 0.0363 
   HI_SS0004  6 0.0540 0.0331 0.1761 0.1720 0.0411 0.0059 0.4126 0.0913 0.0140 
   HI_SS0005  6 0.4339 0.0347 0.4414 0.0378 0.0163 0.0059 0.0143 0.0067 0.0090 
   HI_SS0006  6 0.0161 0.0239 0.0053 0.0134 0.0598 0.0017 0.0084 0.8568 0.0147 
   HI_SS0007  6 0.0105 0.0127 0.0122 0.8942 0.0071 0.0022 0.0226 0.0118 0.0266 
   HI_SS0008  6 0.0230 0.9053 0.0068 0.0106 0.0097 0.0225 0.0066 0.0045 0.0110 
   HI_SS0009  6 0.0827 0.0431 0.0400 0.0200 0.0038 0.0059 0.2953 0.0111 0.4982 
   HI_SS0010  6 0.0214 0.0874 0.0607 0.6666 0.0101 0.0043 0.0428 0.0215 0.0851 
   HI_SS0011  6 0.0097 0.1347 0.1859 0.0309 0.4906 0.0717 0.0524 0.0080 0.0160 
   HI_SS0012  6 0.6845 0.0207 0.1277 0.0073 0.0137 0.0056 0.0112 0.0226 0.1067 
   HI_SS0017  6 0.0059 0.0081 0.0194 0.1212 0.3292 0.0018 0.4917 0.0041 0.0188 
   HI_SS0021  6 0.0735 0.0425 0.0195 0.1481 0.0692 0.2442 0.2192 0.1784 0.0054 
   HI_SS0024  6 0.0459 0.0091 0.0336 0.1012 0.4101 0.0017 0.3415 0.0147 0.0421 
   HI_SS0025  6 0.0237 0.0108 0.0073 0.0058 0.0065 0.0029 0.8963 0.0271 0.0197 
   HI_SS0027  6 0.0166 0.2879 0.1146 0.3886 0.0029 0.0156 0.0107 0.0401 0.1229 
   HI_SS0028  6 0.2300 0.0449 0.0318 0.0044 0.0235 0.0019 0.6430 0.0153 0.0052 
   HI_SS0029  6 0.1655 0.0209 0.1058 0.0329 0.0577 0.0084 0.4042 0.1967 0.0078 
   HI_SS0030  6 0.0160 0.4203 0.2420 0.0418 0.0743 0.0052 0.0120 0.1063 0.0821 
   HI_SS0031  6 0.2051 0.7265 0.0121 0.0062 0.0081 0.0033 0.0275 0.0043 0.0067 
   HI_SS0034  6 0.0722 0.3840 0.2175 0.2348 0.0082 0.0058 0.0077 0.0605 0.0093 
   HI_SS0036  6 0.6461 0.0135 0.0205 0.2305 0.0480 0.0090 0.0100 0.0195 0.0030 
   HI_SS0037  6 0.0361 0.0117 0.0723 0.0951 0.0140 0.0036 0.7252 0.0329 0.0090 
   HI_SS0039  6 0.0082 0.5642 0.0970 0.2223 0.0123 0.0028 0.0575 0.0289 0.0068 
   HI_SS0041  6 0.0780 0.0090 0.0494 0.0057 0.1191 0.0018 0.6513 0.0204 0.0655 
   HI_SS0042  6 0.5922 0.0051 0.0172 0.0084 0.1718 0.1104 0.0643 0.0074 0.0233 
   HI_SS0043  6 0.3070 0.0173 0.0168 0.4983 0.0611 0.0041 0.0109 0.0772 0.0073 
   HI_SS0044  6 0.0502 0.0091 0.0180 0.6009 0.0391 0.0031 0.2538 0.0166 0.0092 
   HI_SS0047  6 0.0094 0.2662 0.4389 0.0112 0.2450 0.0026 0.0062 0.0115 0.0090 
   HI_SS0049  6 0.0093 0.3349 0.0139 0.0275 0.0470 0.0040 0.4777 0.0069 0.0787 
   HI_SS0051  6 0.3577 0.0444 0.4373 0.0204 0.0125 0.0023 0.0758 0.0256 0.0239 
   HI_SS0053  6 0.0186 0.5792 0.0851 0.0483 0.2043 0.0045 0.0078 0.0449 0.0075 
   HI_SS0054  6 0.0063 0.8227 0.0079 0.1189 0.0115 0.0027 0.0064 0.0150 0.0085 
   HI_SS0057  6 0.0396 0.0356 0.0912 0.1319 0.3959 0.0038 0.0320 0.0194 0.2505 
   HI_SS0058  6 0.0415 0.0264 0.0828 0.0187 0.0454 0.0081 0.3970 0.3506 0.0295 
   HI_SS0060  6 0.4446 0.2221 0.0314 0.1749 0.0104 0.0790 0.0060 0.0058 0.0258 
   HI_SS0087  6 0.0292 0.1784 0.0532 0.0144 0.0730 0.0036 0.0240 0.5906 0.0336 
   HI_SS0091  6 0.0144 0.0117 0.0142 0.0157 0.0540 0.0011 0.0100 0.8514 0.0276 
   HI_SS0095  6 0.0978 0.7337 0.0207 0.0064 0.0257 0.0421 0.0185 0.0184 0.0369 
   HI_SS0097  6 0.0133 0.2420 0.6254 0.0130 0.0172 0.0046 0.0188 0.0113 0.0544 
   HI_SS0099  6 0.0619 0.0307 0.0113 0.0142 0.0529 0.0052 0.6555 0.1383 0.0299 
   HI_SS0103  6 0.0322 0.0301 0.8049 0.0156 0.0525 0.0029 0.0107 0.0292 0.0220 
   HI_SS0105  6 0.0127 0.0224 0.7026 0.0100 0.0577 0.0233 0.0065 0.0076 0.1569 
   HI_SS0107  6 0.0087 0.0120 0.0323 0.0088 0.7568 0.0010 0.0955 0.0099 0.0749 
   HI_SS0108  6 0.0196 0.0262 0.0322 0.7275 0.0086 0.0279 0.0038 0.1373 0.0167 
   HI_SS0110  6 0.2699 0.0296 0.0181 0.0127 0.6073 0.0011 0.0350 0.0196 0.0067 
   HI_SS0111  6 0.6739 0.0224 0.0327 0.0134 0.1194 0.0286 0.0488 0.0273 0.0336 
   HI_SS0112  6 0.0145 0.0078 0.0066 0.9367 0.0053 0.0017 0.0070 0.0050 0.0155 
   HI_SS0113  6 0.0095 0.0144 0.0171 0.0050 0.8598 0.0032 0.0414 0.0085 0.0410 
   HI_SS0114  6 0.0624 0.1901 0.0911 0.0537 0.0049 0.0055 0.0247 0.5516 0.0160 
   HI_SS0115  6 0.0906 0.2024 0.2799 0.0256 0.0036 0.0129 0.3469 0.0165 0.0215 
   HI_SS0116  6 0.0091 0.0104 0.0072 0.0124 0.0100 0.0034 0.0091 0.8905 0.0479 
   HI_SS0117  6 0.1819 0.0563 0.0131 0.0810 0.6042 0.0017 0.0125 0.0449 0.0046 
   HI_SS0118  6 0.0070 0.0062 0.0164 0.0099 0.0254 0.0091 0.0209 0.8989 0.0063 
   HI_SS0119  6 0.1846 0.0354 0.3151 0.0438 0.0342 0.0022 0.0061 0.1276 0.2510 
   HI_SS0120  6 0.0123 0.0061 0.0055 0.0044 0.9323 0.0034 0.0242 0.0055 0.0063 
   HI_SS0121  6 0.0159 0.0152 0.0071 0.0040 0.7988 0.0015 0.1332 0.0145 0.0098 
   HI_SS0122  6 0.0264 0.0082 0.0131 0.0487 0.5545 0.0194 0.2887 0.0176 0.0235 
   HI_SS0123  6 0.0148 0.0211 0.6645 0.0057 0.1748 0.0054 0.0047 0.0875 0.0214 
   HI_SS0124  6 0.0213 0.0212 0.0103 0.0120 0.0362 0.0024 0.2555 0.0057 0.6354 
   HI_SS0125  6 0.8097 0.0515 0.0193 0.0057 0.0145 0.0375 0.0175 0.0042 0.0401 
   HI_SS0126  6 0.0063 0.0096 0.0068 0.9238 0.0094 0.0010 0.0181 0.0166 0.0084 
   HI_SS0127  6 0.0229 0.8335 0.0542 0.0185 0.0038 0.0085 0.0400 0.0082 0.0102 
   HI_SS0128  6 0.0387 0.5355 0.0278 0.1279 0.0843 0.0041 0.0846 0.0306 0.0665 
   HI_SS0129  6 0.7628 0.0131 0.0352 0.0650 0.0811 0.0083 0.0162 0.0113 0.0069 
   HI_SS0131  6 0.0094 0.0052 0.0092 0.8459 0.0099 0.0380 0.0605 0.0083 0.0136 
   HI_SS0132  6 0.0535 0.0194 0.0265 0.3730 0.1178 0.0007 0.0679 0.0209 0.3202 
   HI_SS0133  6 0.0028 0.0031 0.0034 0.9658 0.0029 0.0013 0.0027 0.0124 0.0056 
   HI_SS0134  6 0.0104 0.0129 0.8606 0.0439 0.0185 0.0020 0.0123 0.0326 0.0068 
   HI_SS0142  6 0.0082 0.8336 0.0701 0.0045 0.0173 0.0147 0.0161 0.0187 0.0168 
   HI_SS0145  6 0.0191 0.8719 0.0355 0.0292 0.0065 0.0019 0.0097 0.0181 0.0080 
   HI_SS0146  6 0.0189 0.0084 0.0091 0.8418 0.0047 0.0013 0.0085 0.0294 0.0779 
   HI_SS0147  6 0.0938 0.1478 0.0450 0.0068 0.0608 0.0268 0.1750 0.0510 0.3931 
   HI_SS0149  6 0.0114 0.0201 0.0485 0.0555 0.8413 0.0039 0.0116 0.0031 0.0047 
   HI_SS0150  6 0.3294 0.0122 0.0355 0.0166 0.0455 0.0070 0.5118 0.0199 0.0222 
   HI_SS0151  6 0.4860 0.0438 0.0251 0.0532 0.0086 0.0125 0.0135 0.0395 0.3177 
   NS_SS1451  6 0.0647 0.0159 0.0817 0.0206 0.0157 0.0035 0.0303 0.0037 0.7638 
   NS_SS1404  6 0.0585 0.0181 0.0917 0.0257 0.0601 0.0127 0.6023 0.0103 0.1206 
   NS_SS1432  6 0.5893 0.0070 0.0185 0.0049 0.1386 0.0396 0.1846 0.0059 0.0115 
   NS_SS1405  6 0.1105 0.0112 0.4165 0.0672 0.0050 0.0031 0.3175 0.0573 0.0117 
   NS_SS1431  6 0.0130 0.0125 0.0097 0.0060 0.9195 0.0010 0.0182 0.0076 0.0124 
   NS_SS1402  6 0.5296 0.0138 0.0868 0.0102 0.1716 0.0024 0.1004 0.0722 0.0129 
   NS_SS1450  6 0.0310 0.0361 0.8421 0.0335 0.0184 0.0040 0.0124 0.0173 0.0053 
   NS_SS1396  6 0.0282 0.0140 0.5880 0.0240 0.2609 0.0049 0.0249 0.0197 0.0354 
   NS_SS1393  6 0.0200 0.0077 0.0125 0.0029 0.0085 0.0035 0.0110 0.9286 0.0054 
   NS_SS1392  6 0.2816 0.0110 0.0353 0.0158 0.0175 0.0128 0.0244 0.0083 0.5932 
   NS_SS1445  6 0.0080 0.9253 0.0098 0.0051 0.0111 0.0068 0.0096 0.0218 0.0025 
   NS_SS1423  6 0.0476 0.0235 0.0137 0.1970 0.5997 0.0017 0.0171 0.0642 0.0355 
   NS_SS1421  6 0.2781 0.0123 0.0179 0.4025 0.1679 0.0890 0.0128 0.0126 0.0070 
   NS_SS1411  6 0.0144 0.0098 0.1160 0.2846 0.0142 0.0014 0.0720 0.4729 0.0148 
   NS_SS1453  6 0.1323 0.0210 0.0471 0.0352 0.5944 0.0051 0.0188 0.1390 0.0072 
   NS_SS1442  6 0.3517 0.3251 0.0519 0.1017 0.0407 0.0040 0.0666 0.0366 0.0219 
   NS_SS1422  6 0.0239 0.0920 0.0329 0.0332 0.0165 0.0122 0.0211 0.0581 0.7102 
   NS_SS1419  6 0.0057 0.0064 0.0090 0.0072 0.0075 0.1186 0.6717 0.0068 0.1671 
   NS_SS1427  6 0.0315 0.0146 0.0077 0.8168 0.0069 0.0017 0.0132 0.0578 0.0498 
   NS_SS1444  6 0.0232 0.0632 0.0130 0.0123 0.0149 0.0041 0.8180 0.0085 0.0428 
   NS_SS1455  6 0.0067 0.0094 0.0110 0.0082 0.3379 0.0015 0.0146 0.0242 0.5866 
   NS_SS1425  6 0.0160 0.0135 0.0453 0.8571 0.0125 0.0013 0.0046 0.0431 0.0067 
   NS_SS1400  6 0.0055 0.0240 0.0454 0.4327 0.0157 0.0019 0.0321 0.4286 0.0140 
   NS_SS1406  6 0.0217 0.2364 0.2505 0.0047 0.3875 0.0118 0.0410 0.0138 0.0324 
   NS_SS1417  6 0.0147 0.0094 0.0098 0.0361 0.0150 0.0073 0.8325 0.0621 0.0131 
   NS_SS1454  6 0.0416 0.0397 0.0263 0.2307 0.1796 0.0012 0.3306 0.1033 0.0469 
   NS_SS1412  6 0.0490 0.0684 0.0548 0.2281 0.2932 0.0305 0.2006 0.0544 0.0210 
   NS_SS1438  6 0.0126 0.0622 0.0220 0.0170 0.0099 0.0012 0.0198 0.6845 0.1707 
   NS_SS1416  6 0.0082 0.0045 0.9107 0.0030 0.0051 0.0054 0.0086 0.0419 0.0125 
   NS_SS1401  6 0.0125 0.0095 0.0060 0.0115 0.9141 0.0119 0.0105 0.0025 0.0215 
   NS_SS1424  6 0.0470 0.1058 0.3371 0.2630 0.0438 0.0134 0.0134 0.0655 0.1109 
   NS_SS1435  6 0.0327 0.0643 0.0323 0.8111 0.0199 0.0038 0.0122 0.0102 0.0135 
   NS_SS1447  6 0.0239 0.1661 0.0252 0.0172 0.0382 0.0075 0.6683 0.0208 0.0329 
   NS_SS1414  6 0.0049 0.0226 0.0083 0.0050 0.0106 0.0058 0.9246 0.0079 0.0103 
   NS_SS1449  6 0.0053 0.0046 0.0051 0.0073 0.0096 0.0038 0.0040 0.0031 0.9572 
   NS_SS1443  6 0.0236 0.6278 0.0161 0.2425 0.0177 0.0022 0.0037 0.0246 0.0418 
   NS_SS1434  6 0.0224 0.0114 0.0108 0.6540 0.1214 0.0007 0.0103 0.0255 0.1434 
   NS_SS1398  6 0.7993 0.0078 0.0447 0.0857 0.0111 0.0154 0.0170 0.0108 0.0082 
   NS_SS1426  6 0.0148 0.8515 0.0066 0.0182 0.0134 0.0021 0.0070 0.0794 0.0069 
   NS_SS1413  6 0.0045 0.0094 0.0046 0.9551 0.0061 0.0082 0.0047 0.0042 0.0032 
   NS_SS1395  6 0.0069 0.6880 0.2116 0.0090 0.0173 0.0081 0.0063 0.0480 0.0047 
   NS_SS1448  6 0.0238 0.0079 0.0075 0.9123 0.0138 0.0017 0.0220 0.0041 0.0069 
   NS_SS1446  6 0.0499 0.0304 0.0541 0.0399 0.0690 0.0027 0.2994 0.3084 0.1461 
   NS_SS1403  6 0.0178 0.0137 0.0228 0.0058 0.0397 0.0061 0.0214 0.8561 0.0166 
   NS_SS1415  6 0.0067 0.0111 0.0065 0.9327 0.0074 0.0096 0.0056 0.0080 0.0123 
   NS_SS1437  6 0.1736 0.1432 0.1356 0.0459 0.1352 0.0117 0.3186 0.0191 0.0172 
   NS_SS1439  6 0.0483 0.7450 0.0542 0.0044 0.0159 0.0026 0.0206 0.0968 0.0122 
   NS_SS1441  6 0.2776 0.2578 0.0562 0.2942 0.0439 0.0025 0.0388 0.0168 0.0123 
   NS_SS1420  6 0.0114 0.0066 0.0061 0.0050 0.0033 0.0032 0.0853 0.0048 0.8742 
   NS_SS1394  6 0.0955 0.1218 0.1438 0.0034 0.0092 0.0378 0.5595 0.0052 0.0239 
   NS_SS1391  6 0.0779 0.6101 0.0168 0.0561 0.1337 0.0095 0.0146 0.0740 0.0073 
   NS_SS1410  6 0.0156 0.0080 0.0067 0.0138 0.2221 0.0135 0.0216 0.5011 0.1976 
   NS_SS1408  6 0.0289 0.0087 0.8876 0.0077 0.0128 0.0391 0.0038 0.0050 0.0064 
   NS_SS1409  6 0.5252 0.0141 0.1722 0.0146 0.0263 0.0026 0.0162 0.2064 0.0223 
   HI_SS0617  7 0.3398 0.0113 0.3764 0.0066 0.0478 0.0014 0.0682 0.0977 0.0509 
   HI_SS0618  7 0.1446 0.0230 0.2790 0.0065 0.0141 0.0026 0.0584 0.0351 0.4368 
   HI_SS0619  7 0.0279 0.0204 0.0225 0.1529 0.0597 0.0036 0.6554 0.0409 0.0166 
   HI_SS0620  7 0.0134 0.0091 0.0078 0.9416 0.0043 0.0026 0.0058 0.0076 0.0079 
   HI_SS0621  7 0.3904 0.0221 0.0197 0.0137 0.0450 0.0128 0.4056 0.0136 0.0770 
   HI_SS0622  7 0.0377 0.4649 0.0533 0.2687 0.0237 0.0108 0.1229 0.0049 0.0131 
   HI_SS0626  7 0.1876 0.0149 0.0321 0.0088 0.0157 0.0081 0.7145 0.0123 0.0060 
   HI_SS0627  7 0.0127 0.0166 0.0084 0.0057 0.8600 0.0077 0.0057 0.0534 0.0298 
   HI_SS0628  7 0.3432 0.0098 0.2248 0.1703 0.0949 0.0640 0.0123 0.0732 0.0075 
   HI_SS0629  7 0.7563 0.0410 0.0076 0.0104 0.0150 0.0053 0.0206 0.0962 0.0476 
   HI_SS0630  7 0.0548 0.0163 0.0687 0.5944 0.0080 0.0712 0.0340 0.1386 0.0139 
   HI_SS0631  7 0.0660 0.0458 0.0150 0.5542 0.0173 0.0008 0.0222 0.0153 0.2634 
   HI_SS0632  7 0.0119 0.0560 0.2232 0.1889 0.0339 0.0027 0.0316 0.0124 0.4394 
   HI_SS0633  7 0.0878 0.0244 0.0217 0.0056 0.0156 0.0042 0.7906 0.0310 0.0192 
   HI_SS0634  7 0.0922 0.0048 0.6868 0.0601 0.0315 0.0028 0.0183 0.0131 0.0905 
   HI_SS0635  7 0.3073 0.0553 0.0793 0.0141 0.0052 0.0103 0.4288 0.0177 0.0821 
   HI_SS0637  7 0.8955 0.0195 0.0295 0.0068 0.0093 0.0030 0.0127 0.0153 0.0084 
   HI_SS0638  7 0.0663 0.0687 0.0442 0.6943 0.0796 0.0014 0.0158 0.0145 0.0153 
   HI_SS0639  7 0.0489 0.0387 0.2660 0.0061 0.0255 0.0354 0.0261 0.0060 0.5472 
   HI_SS0640  7 0.0103 0.9288 0.0084 0.0064 0.0068 0.0015 0.0066 0.0219 0.0092 
   HI_SS0641  7 0.4914 0.0165 0.0670 0.0302 0.0040 0.0061 0.2991 0.0733 0.0125 
   HI_SS0642  7 0.0993 0.3307 0.0311 0.0098 0.3752 0.0023 0.0064 0.0239 0.1213 
   HI_SS0645  7 0.0067 0.0023 0.0080 0.0068 0.0047 0.0007 0.0214 0.0087 0.9406 
   HI_SS0646  7 0.0282 0.8885 0.0219 0.0084 0.0123 0.0029 0.0075 0.0188 0.0115 
   HI_SS0647  7 0.0978 0.0178 0.0408 0.6683 0.0465 0.0022 0.0601 0.0463 0.0202 
   HI_SS0648  7 0.1011 0.4980 0.2062 0.0641 0.0164 0.0040 0.0854 0.0084 0.0162 
   HI_SS0649  7 0.1493 0.0218 0.0179 0.0059 0.0345 0.0021 0.1760 0.5035 0.0889 
   HI_SS0650  7 0.8204 0.0109 0.0529 0.0102 0.0344 0.0043 0.0131 0.0082 0.0456 
   HI_SS0651  7 0.0351 0.7712 0.0295 0.0083 0.0148 0.0047 0.0824 0.0376 0.0164 
   HI_SS0652  7 0.0538 0.0236 0.8588 0.0082 0.0127 0.0037 0.0164 0.0046 0.0182 
   NS_SS1371  7 0.7037 0.0515 0.0198 0.0087 0.0130 0.0067 0.0316 0.0996 0.0654 
   NS_SS1374  7 0.4005 0.0089 0.1700 0.1573 0.0571 0.0025 0.0416 0.1493 0.0128 
   NS_SS1337  7 0.0387 0.0067 0.0287 0.0147 0.1024 0.0036 0.0756 0.0165 0.7132 
   NS_SS1385  7 0.0085 0.0304 0.0903 0.0087 0.3449 0.0050 0.0149 0.4419 0.0552 
   NS_SS1388  7 0.0119 0.0078 0.0070 0.0074 0.0085 0.0059 0.9122 0.0340 0.0054 
   NS_SS1370  7 0.0126 0.0083 0.0121 0.0104 0.0117 0.0093 0.0096 0.0064 0.9197 
   NS_SS1389  7 0.0242 0.0066 0.0056 0.0074 0.0160 0.0036 0.9111 0.0183 0.0072 
   NS_SS1360  7 0.0487 0.4539 0.1705 0.2254 0.0114 0.0038 0.0161 0.0345 0.0357 
   NS_SS1330  7 0.0281 0.0208 0.8679 0.0098 0.0048 0.0033 0.0496 0.0095 0.0062 
   NS_SS1328  7 0.0181 0.0226 0.0692 0.7635 0.0906 0.0024 0.0106 0.0111 0.0118 
   NS_SS1384  7 0.0114 0.9395 0.0049 0.0071 0.0135 0.0032 0.0048 0.0079 0.0077 
   NS_SS1381  7 0.0192 0.0061 0.0057 0.0046 0.0229 0.0011 0.0147 0.0236 0.9022 
   NS_SS1375  7 0.4263 0.0856 0.1155 0.0467 0.0366 0.0010 0.2054 0.0108 0.0721 
   NS_SS1319  7 0.5599 0.1172 0.0213 0.0457 0.0322 0.0974 0.0367 0.0473 0.0422 
   NS_SS1326  7 0.0223 0.0071 0.0044 0.9147 0.0128 0.0108 0.0095 0.0099 0.0085 
   NS_SS1341  7 0.0122 0.0527 0.0662 0.0074 0.7654 0.0033 0.0115 0.0729 0.0086 
   NS_SS1383  7 0.7700 0.0720 0.0206 0.0142 0.0295 0.0045 0.0043 0.0308 0.0541 
   NS_SS1318  7 0.0842 0.1036 0.1409 0.1510 0.0215 0.0173 0.2686 0.0369 0.1761 
   NS_SS1348  7 0.0154 0.0190 0.0103 0.4539 0.0080 0.0024 0.0072 0.4574 0.0264 
   NS_SS1363  7 0.5798 0.0167 0.0289 0.0383 0.0312 0.0044 0.0418 0.0076 0.2511 
   NS_SS1335  7 0.1735 0.1662 0.0615 0.3153 0.0230 0.0330 0.0639 0.1139 0.0497 
   NS_SS1358  7 0.0224 0.0680 0.3696 0.0151 0.0327 0.0131 0.0035 0.0951 0.3806 
   NS_SS1342  7 0.0159 0.0121 0.0169 0.0100 0.1119 0.0016 0.0057 0.8148 0.0110 
   NS_SS1320  7 0.0720 0.0077 0.3790 0.0135 0.0222 0.0051 0.4521 0.0032 0.0453 
   NS_SS1355  7 0.0294 0.5252 0.1119 0.0080 0.0416 0.0160 0.1740 0.0351 0.0588 
   NS_SS1345  7 0.0086 0.3685 0.0518 0.0299 0.0117 0.0230 0.0233 0.0257 0.4576 
   NS_SS1324  7 0.5981 0.0783 0.0083 0.1244 0.0186 0.0020 0.0363 0.0164 0.1177 
   NS_SS1347  7 0.0882 0.7283 0.0495 0.0124 0.0201 0.0040 0.0176 0.0205 0.0594 
   NS_SS1321  7 0.1259 0.0180 0.0591 0.0854 0.6199 0.0014 0.0114 0.0352 0.0437 
   NS_SS1333  7 0.5474 0.0160 0.0179 0.2534 0.1182 0.0035 0.0184 0.0148 0.0104 
   NS_SS1364  7 0.0805 0.4247 0.0283 0.2175 0.0665 0.0017 0.0157 0.1472 0.0177 
   NS_SS1379  7 0.0102 0.0145 0.8210 0.0065 0.0402 0.0469 0.0079 0.0109 0.0419 
   NS_SS1332  7 0.0124 0.0241 0.0080 0.7539 0.0130 0.0074 0.1218 0.0560 0.0035 
   NS_SS1338  7 0.0389 0.0735 0.6218 0.0088 0.0060 0.0076 0.0116 0.1192 0.1127 
   NS_SS1368  7 0.0333 0.0289 0.0155 0.5321 0.1603 0.0079 0.0193 0.1912 0.0114 
   NS_SS1354  7 0.1598 0.2865 0.0653 0.0194 0.1263 0.0150 0.1501 0.0682 0.1093 
   NS_SS1365  7 0.0231 0.0493 0.4362 0.2808 0.0617 0.0093 0.0907 0.0150 0.0339 
   NS_SS1380  7 0.0163 0.0372 0.0144 0.0029 0.0211 0.0132 0.8828 0.0034 0.0086 
   NS_SS1329  7 0.0193 0.0106 0.3345 0.0470 0.5114 0.0031 0.0171 0.0541 0.0027 
   NS_SS1362  7 0.2314 0.5689 0.0132 0.0087 0.0937 0.0039 0.0142 0.0520 0.0140 
   NS_SS1327  7 0.0085 0.0089 0.0044 0.0600 0.0048 0.0034 0.0038 0.9019 0.0043 
   NS_SS1350  7 0.5054 0.0736 0.3748 0.0076 0.0063 0.0073 0.0082 0.0072 0.0097 
   NS_SS1387  7 0.0193 0.1613 0.5125 0.0083 0.0111 0.0026 0.1617 0.0637 0.0593 
   NS_SS1369  7 0.0168 0.0111 0.0108 0.8008 0.0102 0.0045 0.0103 0.0087 0.1269 
