

----------------------------------------------------
STRUCTURE by Pritchard, Stephens and Donnelly (2000)
     and Falush, Stephens and Pritchard (2003)
       Code by Pritchard, Falush and Hubisz
             Version 2.3.4 (Jul 2012)
----------------------------------------------------



Command line arguments:   /home/genobiwan/Documents/Programs/Structure/structure -m parameter_job_k5_r1 
Input File:    /media/genobiwan/Storage/Projets/Mackerel_NWA_2021/data_job_k5_r1

Run parameters:
   629 individuals
   4140 loci
   5 populations assumed
   100000 Burn-in period
   200000 Reps


--------------------------------------------
Proportion of membership of each pre-defined
 population in each of the 5 clusters

Given    Inferred Clusters                     Number of
 Pop       1      2      3      4      5      Individuals

  1:     0.245  0.012  0.273  0.216  0.254       67
  2:     0.305  0.009  0.345  0.160  0.181       32
  3:     0.326  0.014  0.211  0.194  0.255       92
  4:     0.215  0.016  0.158  0.310  0.300       36
  5:     0.153  0.021  0.234  0.331  0.261       41
  6:     0.233  0.013  0.248  0.261  0.245      158
  7:     0.254  0.010  0.239  0.255  0.243       79
  8:     0.253  0.014  0.226  0.311  0.196       52
  9:     0.006  0.979  0.005  0.004  0.006       36
 10:     0.004  0.985  0.004  0.004  0.004       36
--------------------------------------------

Allele-freq. divergence among pops (Net nucleotide distance),
computed using point estimates of P.

      1       2       3       4       5      
 1      -    0.0048  0.0002  0.0002  0.0001  
 2   0.0048     -    0.0049  0.0050  0.0048  
 3   0.0002  0.0049     -    0.0003  0.0002  
 4   0.0002  0.0050  0.0003     -    0.0003  
 5   0.0001  0.0048  0.0002  0.0003     -    

Average distances (expected heterozygosity) between individuals in same cluster:
cluster  1  : 0.3189 
cluster  2  : 0.3055 
cluster  3  : 0.3181 
cluster  4  : 0.3180 
cluster  5  : 0.3186 

--------------------------------------------
Estimated Ln Prob of Data   = -2472057.6
Mean value of ln likelihood = -2465587.2
Variance of ln likelihood   = 12940.9
Mean value of alpha         = 0.0406

Mean value of Fst_1         = 0.0020
Mean value of Fst_2         = 0.0382
Mean value of Fst_3         = 0.0028
Mean value of Fst_4         = 0.0034
Mean value of Fst_5         = 0.0025


Inferred ancestry of individuals:
        Label (%Miss) Pop:  Inferred clusters
  1 NS_SS0963    (4)    1 :  0.036 0.004 0.007 0.008 0.945 
  2 NS_SS0983    (1)    1 :  0.651 0.003 0.005 0.319 0.021 
  3 NS_SS0719    (9)    1 :  0.772 0.005 0.016 0.030 0.177 
  4 NS_SS1001    (8)    1 :  0.011 0.006 0.918 0.058 0.007 
  5 NS_SS0936    (4)    1 :  0.022 0.003 0.093 0.036 0.846 
  6 NS_SS0955    (6)    1 :  0.093 0.004 0.028 0.585 0.290 
  7 NS_SS0944    (3)    1 :  0.018 0.002 0.062 0.856 0.062 
  8 NS_SS0945    (3)    1 :  0.035 0.009 0.599 0.339 0.018 
  9 NS_SS0922    (2)    1 :  0.329 0.029 0.417 0.011 0.214 
 10 NS_SS0929    (7)    1 :  0.109 0.003 0.196 0.287 0.405 
 11 NS_SS0956    (1)    1 :  0.364 0.004 0.592 0.016 0.023 
 12 NS_SS0906    (3)    1 :  0.102 0.003 0.110 0.026 0.760 
 13 NS_SS0721    (6)    1 :  0.955 0.004 0.010 0.012 0.018 
 14 NS_SS0982    (4)    1 :  0.057 0.013 0.015 0.010 0.904 
 15 NS_SS0923    (6)    1 :  0.282 0.004 0.194 0.014 0.506 
 16 NS_SS0905    (6)    1 :  0.778 0.002 0.040 0.077 0.102 
 17 NS_SS0925    (3)    1 :  0.732 0.004 0.040 0.008 0.216 
 18 NS_SS0947    (6)    1 :  0.084 0.005 0.725 0.019 0.166 
 19 NS_SS0926    (2)    1 :  0.013 0.001 0.015 0.952 0.020 
 20 NS_SS0918    (6)    1 :  0.065 0.003 0.307 0.056 0.570 
 21 NS_SS0966    (4)    1 :  0.116 0.048 0.154 0.075 0.607 
 22 NS_SS0938    (2)    1 :  0.016 0.002 0.291 0.020 0.672 
 23 NS_SS0917    (2)    1 :  0.771 0.030 0.114 0.015 0.070 
 24 NS_SS0957   (11)    1 :  0.035 0.007 0.712 0.020 0.226 
 25 NS_SS0987    (1)    1 :  0.369 0.246 0.318 0.042 0.025 
 26 NS_SS0717    (4)    1 :  0.042 0.003 0.910 0.017 0.028 
 27 NS_SS0986    (2)    1 :  0.187 0.004 0.480 0.165 0.164 
 28 NS_SS0953    (3)    1 :  0.020 0.015 0.207 0.025 0.733 
 29 NS_SS0907    (3)    1 :  0.259 0.034 0.015 0.016 0.676 
 30 NS_SS0974    (6)    1 :  0.293 0.004 0.276 0.336 0.091 
 31 NS_SS0989    (1)    1 :  0.069 0.001 0.018 0.635 0.277 
 32 NS_SS0991    (3)    1 :  0.208 0.002 0.019 0.734 0.038 
 33 NS_SS0994    (2)    1 :  0.012 0.002 0.023 0.955 0.008 
 34 NS_SS0931    (6)    1 :  0.013 0.009 0.006 0.954 0.018 
 35 NS_SS1000    (5)    1 :  0.071 0.004 0.843 0.014 0.068 
 36 NS_SS0919    (1)    1 :  0.349 0.002 0.006 0.032 0.611 
 37 NS_SS0949    (4)    1 :  0.082 0.001 0.007 0.898 0.012 
 38 NS_SS0960   (10)    1 :  0.453 0.006 0.034 0.382 0.124 
 39 NS_SS0716    (2)    1 :  0.007 0.006 0.977 0.005 0.004 
 40 NS_SS0924    (8)    1 :  0.395 0.019 0.042 0.509 0.035 
 41 NS_SS0935    (2)    1 :  0.248 0.010 0.014 0.714 0.014 
 42 NS_SS0952   (14)    1 :  0.054 0.038 0.091 0.651 0.166 
 43 NS_SS0962   (11)    1 :  0.207 0.007 0.346 0.014 0.426 
 44 NS_SS0973    (5)    1 :  0.875 0.004 0.008 0.043 0.071 
 45 NS_SS0722    (1)    1 :  0.027 0.002 0.949 0.009 0.014 
 46 NS_SS0979   (13)    1 :  0.030 0.002 0.796 0.015 0.157 
 47 NS_SS0993    (2)    1 :  0.123 0.023 0.429 0.027 0.398 
 48 NS_SS0958    (1)    1 :  0.023 0.003 0.075 0.856 0.044 
 49 NS_SS0988    (4)    1 :  0.043 0.005 0.028 0.072 0.851 
 50 NS_SS1003    (2)    1 :  0.384 0.010 0.064 0.014 0.528 
 51 NS_SS0976    (1)    1 :  0.091 0.002 0.024 0.694 0.189 
 52 NS_SS0964   (10)    1 :  0.065 0.003 0.913 0.009 0.010 
 53 NS_SS0939    (4)    1 :  0.009 0.004 0.977 0.005 0.005 
 54 NS_SS0990    (6)    1 :  0.022 0.004 0.880 0.017 0.077 
 55 NS_SS0984    (2)    1 :  0.019 0.002 0.958 0.008 0.013 
 56 NS_SS0980   (10)    1 :  0.207 0.002 0.028 0.039 0.723 
 57 NS_SS0978    (4)    1 :  0.774 0.003 0.023 0.011 0.189 
 58 NS_SS0951   (18)    1 :  0.109 0.003 0.294 0.584 0.011 
 59 NS_SS0913    (3)    1 :  0.049 0.038 0.872 0.015 0.027 
 60 NS_SS1002    (1)    1 :  0.006 0.029 0.008 0.006 0.951 
 61 NS_SS0948    (1)    1 :  0.029 0.054 0.243 0.205 0.469 
 62 NS_SS0916    (4)    1 :  0.608 0.005 0.079 0.109 0.199 
 63 NS_SS0995    (1)    1 :  0.883 0.003 0.086 0.008 0.020 
 64 NS_SS0927    (6)    1 :  0.902 0.004 0.026 0.029 0.040 
 65 NS_SS0992    (5)    1 :  0.516 0.003 0.023 0.035 0.423 
 66 NS_SS0912    (1)    1 :  0.206 0.003 0.054 0.680 0.056 
 67 NS_SS0981    (1)    1 :  0.607 0.004 0.165 0.062 0.162 
 68 NS_SS0729    (5)    2 :  0.104 0.004 0.013 0.854 0.025 
 69 NS_SS0967   (15)    2 :  0.156 0.010 0.018 0.053 0.762 
 70 NS_SS0941    (8)    2 :  0.125 0.087 0.517 0.103 0.168 
 71 NS_SS0768   (12)    2 :  0.042 0.005 0.301 0.030 0.623 
 72 NS_SS0726    (5)    2 :  0.167 0.008 0.022 0.448 0.355 
 73 NS_SS0763    (4)    2 :  0.383 0.002 0.082 0.517 0.016 
 74 NS_SS0730    (6)    2 :  0.088 0.004 0.597 0.030 0.281 
 75 NS_SS0774    (2)    2 :  0.019 0.001 0.818 0.005 0.157 
 76 NS_SS0723    (3)    2 :  0.214 0.001 0.045 0.005 0.734 
 77 NS_SS0940   (10)    2 :  0.588 0.008 0.081 0.290 0.034 
 78 NS_SS0762    (1)    2 :  0.010 0.003 0.972 0.008 0.008 
 79 NS_SS0766   (11)    2 :  0.223 0.015 0.570 0.175 0.017 
 80 NS_SS0724    (1)    2 :  0.051 0.005 0.747 0.038 0.159 
 81 NS_SS0769    (3)    2 :  0.495 0.004 0.126 0.017 0.357 
 82 NS_SS0777    (1)    2 :  0.571 0.012 0.035 0.369 0.013 
 83 NS_SS0734    (6)    2 :  0.615 0.023 0.147 0.204 0.012 
 84 NS_SS0737    (3)    2 :  0.030 0.006 0.790 0.010 0.164 
 85 NS_SS0732    (5)    2 :  0.925 0.005 0.035 0.009 0.026 
 86 NS_SS0728    (5)    2 :  0.512 0.010 0.169 0.026 0.282 
 87 NS_SS0735    (9)    2 :  0.851 0.007 0.069 0.015 0.058 
 88 NS_SS0725    (1)    2 :  0.006 0.007 0.938 0.020 0.028 
 89 NS_SS0788    (2)    2 :  0.717 0.001 0.012 0.009 0.261 
 90 NS_SS0778    (2)    2 :  0.769 0.002 0.011 0.025 0.193 
 91 NS_SS0792    (6)    2 :  0.143 0.005 0.037 0.031 0.783 
 92 NS_SS0943   (11)    2 :  0.017 0.008 0.011 0.895 0.069 
 93 NS_SS0791    (2)    2 :  0.877 0.013 0.015 0.074 0.021 
 94 NS_SS0790    (5)    2 :  0.017 0.004 0.946 0.004 0.028 
 95 NS_SS0731    (6)    2 :  0.022 0.012 0.943 0.010 0.013 
 96 NS_SS0727    (7)    2 :  0.047 0.002 0.278 0.652 0.021 
 97 NS_SS0779   (13)    2 :  0.869 0.005 0.060 0.039 0.028 
 98 NS_SS0776    (3)    2 :  0.096 0.008 0.665 0.150 0.081 
 99 NS_SS0775    (5)    2 :  0.010 0.006 0.963 0.008 0.013 
100 NS_SS0965    (3)    3 :  0.253 0.002 0.023 0.035 0.688 
101 NS_SS0754   (14)    3 :  0.577 0.012 0.023 0.334 0.053 
102 NS_SS0838    (5)    3 :  0.508 0.040 0.327 0.107 0.018 
103 NS_SS0839    (3)    3 :  0.036 0.003 0.884 0.005 0.071 
104 NS_SS0832    (4)    3 :  0.035 0.040 0.017 0.005 0.904 
105 NS_SS0820    (5)    3 :  0.237 0.006 0.205 0.005 0.547 
106 NS_SS0886    (9)    3 :  0.762 0.002 0.018 0.153 0.065 
107 NS_SS0748    (5)    3 :  0.071 0.009 0.131 0.657 0.132 
108 NS_SS0884    (9)    3 :  0.062 0.023 0.122 0.045 0.747 
109 NS_SS0752    (4)    3 :  0.788 0.002 0.095 0.020 0.095 
110 NS_SS0862    (1)    3 :  0.863 0.004 0.044 0.009 0.080 
111 NS_SS0787    (9)    3 :  0.042 0.007 0.023 0.912 0.016 
112 NS_SS0843    (6)    3 :  0.877 0.002 0.057 0.030 0.034 
113 NS_SS0856    (4)    3 :  0.283 0.003 0.538 0.013 0.162 
114 NS_SS0846    (2)    3 :  0.031 0.003 0.010 0.046 0.911 
115 NS_SS0825    (1)    3 :  0.174 0.010 0.033 0.034 0.749 
116 NS_SS0757    (3)    3 :  0.821 0.003 0.043 0.079 0.054 
117 NS_SS0876    (3)    3 :  0.561 0.212 0.059 0.007 0.160 
118 NS_SS0903   (10)    3 :  0.673 0.002 0.026 0.008 0.290 
119 NS_SS0875    (7)    3 :  0.285 0.004 0.571 0.046 0.093 
120 NS_SS0740    (5)    3 :  0.899 0.003 0.032 0.027 0.039 
121 NS_SS0811    (5)    3 :  0.054 0.008 0.900 0.013 0.025 
122 NS_SS0751    (1)    3 :  0.410 0.003 0.344 0.093 0.151 
123 NS_SS0891    (6)    3 :  0.014 0.006 0.956 0.011 0.013 
124 NS_SS0867    (2)    3 :  0.062 0.021 0.009 0.213 0.694 
125 NS_SS0890    (6)    3 :  0.854 0.004 0.058 0.058 0.025 
126 NS_SS0866   (12)    3 :  0.034 0.006 0.191 0.671 0.099 
127 NS_SS0755    (4)    3 :  0.107 0.008 0.627 0.059 0.199 
128 NS_SS0758    (4)    3 :  0.769 0.002 0.032 0.065 0.132 
129 NS_SS0840    (2)    3 :  0.268 0.002 0.466 0.013 0.251 
130 NS_SS0889    (4)    3 :  0.038 0.003 0.067 0.868 0.024 
131 NS_SS1010    (1)    3 :  0.043 0.041 0.140 0.036 0.740 
132 NS_SS0888    (5)    3 :  0.489 0.002 0.014 0.479 0.016 
133 NS_SS0837    (3)    3 :  0.157 0.003 0.361 0.095 0.384 
134 NS_SS0794   (10)    3 :  0.024 0.003 0.053 0.871 0.049 
135 NS_SS0823    (5)    3 :  0.273 0.005 0.292 0.033 0.398 
136 NS_SS0829    (7)    3 :  0.074 0.136 0.020 0.733 0.038 
137 NS_SS0844    (5)    3 :  0.029 0.002 0.045 0.006 0.918 
138 NS_SS1008    (6)    3 :  0.071 0.013 0.489 0.412 0.015 
139 NS_SS0881    (3)    3 :  0.320 0.002 0.216 0.360 0.101 
140 NS_SS0834    (6)    3 :  0.027 0.006 0.902 0.015 0.050 
141 NS_SS0744   (10)    3 :  0.670 0.006 0.012 0.014 0.298 
142 NS_SS0899    (7)    3 :  0.041 0.002 0.924 0.005 0.028 
143 NS_SS0804    (5)    3 :  0.112 0.004 0.116 0.006 0.762 
144 NS_SS0781   (10)    3 :  0.067 0.003 0.092 0.004 0.834 
145 NS_SS0822    (6)    3 :  0.079 0.002 0.021 0.883 0.015 
146 NS_SS1004    (4)    3 :  0.433 0.004 0.017 0.058 0.488 
147 NS_SS0746    (5)    3 :  0.150 0.013 0.349 0.394 0.093 
148 NS_SS0880    (3)    3 :  0.261 0.002 0.107 0.310 0.320 
149 NS_SS0879    (5)    3 :  0.013 0.014 0.796 0.029 0.148 
150 NS_SS0753    (2)    3 :  0.603 0.011 0.013 0.287 0.086 
151 NS_SS1007    (3)    3 :  0.957 0.002 0.016 0.010 0.015 
152 NS_SS0872    (5)    3 :  0.238 0.002 0.142 0.022 0.596 
153 NS_SS1005    (7)    3 :  0.239 0.001 0.266 0.033 0.461 
154 NS_SS0892    (6)    3 :  0.573 0.002 0.222 0.086 0.117 
155 NS_SS0898    (0)    3 :  0.021 0.007 0.176 0.695 0.101 
156 NS_SS0801    (9)    3 :  0.606 0.011 0.162 0.024 0.196 
157 NS_SS0827    (9)    3 :  0.219 0.134 0.250 0.369 0.028 
158 NS_SS0853    (7)    3 :  0.047 0.004 0.914 0.012 0.023 
159 NS_SS0780    (2)    3 :  0.360 0.003 0.049 0.006 0.583 
160 NS_SS0826   (10)    3 :  0.014 0.003 0.016 0.109 0.857 
161 NS_SS0818    (5)    3 :  0.047 0.001 0.047 0.015 0.889 
162 NS_SS0745    (1)    3 :  0.006 0.001 0.975 0.008 0.010 
163 NS_SS0849    (3)    3 :  0.766 0.002 0.082 0.021 0.129 
164 NS_SS0739    (3)    3 :  0.939 0.011 0.025 0.009 0.016 
165 NS_SS0799    (1)    3 :  0.448 0.001 0.021 0.507 0.024 
166 NS_SS0756    (3)    3 :  0.083 0.003 0.025 0.013 0.876 
167 NS_SS0802    (2)    3 :  0.670 0.195 0.008 0.015 0.112 
168 NS_SS0747    (6)    3 :  0.840 0.005 0.015 0.006 0.135 
169 NS_SS0835    (1)    3 :  0.063 0.001 0.020 0.579 0.336 
170 NS_SS0742   (19)    3 :  0.831 0.001 0.026 0.012 0.130 
171 NS_SS0760    (9)    3 :  0.049 0.039 0.012 0.886 0.015 
172 NS_SS0803    (4)    3 :  0.015 0.007 0.015 0.007 0.956 
173 NS_SS0828   (14)    3 :  0.427 0.001 0.091 0.342 0.138 
174 NS_SS0865    (2)    3 :  0.689 0.023 0.030 0.024 0.235 
175 NS_SS0759    (5)    3 :  0.900 0.004 0.072 0.006 0.018 
176 NS_SS0851    (5)    3 :  0.016 0.014 0.945 0.008 0.017 
177 NS_SS0874   (16)    3 :  0.059 0.002 0.356 0.012 0.571 
178 NS_SS0761    (6)    3 :  0.091 0.003 0.035 0.532 0.339 
179 NS_SS0842   (26)    3 :  0.029 0.010 0.653 0.186 0.122 
180 NS_SS0785    (6)    3 :  0.262 0.005 0.028 0.095 0.610 
181 NS_SS0860   (11)    3 :  0.716 0.003 0.024 0.185 0.073 
182 NS_SS0897    (7)    3 :  0.012 0.002 0.011 0.964 0.011 
183 NS_SS0841   (15)    3 :  0.444 0.003 0.402 0.021 0.129 
184 NS_SS0797    (7)    3 :  0.015 0.031 0.018 0.920 0.017 
185 NS_SS0830   (11)    3 :  0.270 0.003 0.345 0.296 0.086 
186 NS_SS1011    (5)    3 :  0.023 0.005 0.012 0.008 0.953 
187 NS_SS0883    (5)    3 :  0.968 0.005 0.007 0.013 0.007 
188 NS_SS0782    (2)    3 :  0.074 0.002 0.740 0.134 0.050 
189 NS_SS0831    (5)    3 :  0.225 0.004 0.048 0.698 0.025 
190 NS_SS0749    (7)    3 :  0.956 0.003 0.008 0.017 0.015 
191 NS_SS0854    (2)    3 :  0.436 0.003 0.203 0.227 0.132 
192 HI_SS0193    (0)    4 :  0.010 0.002 0.034 0.945 0.010 
193 HI_SS0194    (1)    4 :  0.011 0.002 0.816 0.040 0.131 
194 HI_SS0195   (10)    4 :  0.354 0.101 0.172 0.009 0.364 
195 HI_SS0196    (6)    4 :  0.522 0.003 0.412 0.049 0.015 
196 HI_SS0197    (3)    4 :  0.021 0.010 0.009 0.003 0.958 
197 HI_SS0198    (1)    4 :  0.866 0.008 0.062 0.026 0.038 
198 HI_SS0199    (1)    4 :  0.498 0.003 0.019 0.308 0.172 
199 HI_SS0201    (5)    4 :  0.052 0.002 0.008 0.919 0.019 
200 HI_SS0215    (1)    4 :  0.481 0.003 0.012 0.136 0.369 
201 HI_SS0218    (1)    4 :  0.018 0.005 0.017 0.952 0.008 
202 HI_SS0222    (0)    4 :  0.744 0.004 0.178 0.054 0.020 
203 HI_SS0230    (1)    4 :  0.309 0.006 0.153 0.020 0.512 
204 HI_SS0234    (2)    4 :  0.052 0.138 0.019 0.028 0.763 
205 HI_SS0240    (1)    4 :  0.910 0.006 0.050 0.008 0.026 
206 HI_SS0241    (0)    4 :  0.046 0.002 0.053 0.691 0.207 
207 HI_SS0242    (0)    4 :  0.098 0.003 0.318 0.281 0.300 
208 HI_SS0247    (0)    4 :  0.006 0.019 0.022 0.017 0.936 
209 HI_SS0248    (1)    4 :  0.012 0.001 0.010 0.971 0.006 
210 HI_SS0252    (2)    4 :  0.044 0.002 0.392 0.057 0.504 
211 HI_SS0254    (0)    4 :  0.172 0.099 0.019 0.606 0.104 
212 HI_SS0256    (0)    4 :  0.008 0.001 0.043 0.003 0.944 
213 HI_SS0257    (0)    4 :  0.096 0.003 0.008 0.099 0.793 
214 HI_SS0258    (1)    4 :  0.020 0.005 0.018 0.932 0.026 
215 HI_SS0259    (1)    4 :  0.185 0.003 0.353 0.032 0.426 
216 HI_SS0260    (1)    4 :  0.287 0.002 0.113 0.581 0.017 
217 HI_SS0261    (2)    4 :  0.135 0.003 0.087 0.714 0.061 
218 HI_SS0262    (0)    4 :  0.087 0.007 0.119 0.012 0.776 
219 HI_SS0264    (0)    4 :  0.028 0.004 0.895 0.012 0.061 
220 HI_SS0265    (0)    4 :  0.158 0.111 0.276 0.032 0.422 
221 HI_SS0268    (1)    4 :  0.329 0.003 0.337 0.189 0.142 
222 HI_SS0269    (0)    4 :  0.186 0.002 0.009 0.575 0.228 
223 HI_SS0273    (0)    4 :  0.100 0.002 0.024 0.812 0.063 
224 HI_SS0277    (1)    4 :  0.039 0.003 0.008 0.013 0.937 
225 HI_SS0280    (0)    4 :  0.169 0.006 0.573 0.217 0.036 
226 HI_SS0282    (1)    4 :  0.237 0.001 0.011 0.681 0.070 
227 HI_SS0286    (1)    4 :  0.467 0.008 0.042 0.145 0.338 
228 NS_SS1252    (3)    5 :  0.028 0.004 0.014 0.942 0.013 
229 NS_SS1261    (1)    5 :  0.070 0.015 0.019 0.024 0.873 
230 NS_SS1225   (10)    5 :  0.156 0.107 0.018 0.260 0.459 
231 NS_SS1266    (1)    5 :  0.116 0.009 0.304 0.006 0.565 
232 NS_SS1228    (0)    5 :  0.371 0.013 0.507 0.022 0.086 
233 NS_SS1255    (3)    5 :  0.010 0.001 0.953 0.026 0.010 
234 NS_SS1267    (3)    5 :  0.139 0.013 0.007 0.835 0.006 
235 NS_SS1238    (6)    5 :  0.095 0.003 0.258 0.541 0.103 
236 NS_SS1233    (8)    5 :  0.043 0.002 0.631 0.160 0.164 
237 NS_SS1277    (3)    5 :  0.007 0.001 0.014 0.971 0.007 
238 NS_SS1245    (1)    5 :  0.078 0.002 0.205 0.691 0.024 
239 NS_SS1240    (4)    5 :  0.122 0.002 0.009 0.856 0.011 
240 NS_SS1275    (2)    5 :  0.006 0.002 0.110 0.005 0.876 
241 NS_SS1235    (1)    5 :  0.023 0.005 0.095 0.030 0.847 
242 NS_SS1263    (1)    5 :  0.024 0.001 0.862 0.028 0.084 
243 NS_SS1251    (2)    5 :  0.032 0.002 0.159 0.025 0.783 
244 NS_SS1248    (0)    5 :  0.034 0.124 0.082 0.694 0.066 
245 NS_SS1244    (0)    5 :  0.027 0.004 0.005 0.192 0.771 
246 NS_SS1257    (1)    5 :  0.479 0.028 0.020 0.456 0.017 
247 NS_SS1242    (2)    5 :  0.017 0.003 0.941 0.008 0.032 
248 NS_SS1271    (6)    5 :  0.016 0.027 0.011 0.936 0.010 
249 NS_SS1265    (1)    5 :  0.069 0.023 0.193 0.666 0.049 
250 NS_SS1243    (0)    5 :  0.218 0.086 0.641 0.041 0.014 
251 NS_SS1273    (1)    5 :  0.030 0.010 0.928 0.011 0.020 
252 NS_SS1254   (14)    5 :  0.015 0.006 0.712 0.014 0.253 
253 NS_SS1224    (1)    5 :  0.113 0.009 0.729 0.012 0.137 
254 NS_SS1227    (8)    5 :  0.242 0.002 0.188 0.516 0.051 
255 NS_SS1274    (9)    5 :  0.445 0.019 0.066 0.445 0.026 
256 NS_SS1241    (1)    5 :  0.010 0.001 0.022 0.902 0.065 
257 NS_SS1256    (3)    5 :  0.013 0.043 0.088 0.274 0.583 
258 NS_SS1260    (8)    5 :  0.538 0.068 0.015 0.243 0.136 
259 NS_SS1262    (0)    5 :  0.103 0.176 0.023 0.451 0.247 
260 NS_SS1230    (0)    5 :  0.193 0.009 0.104 0.644 0.050 
261 NS_SS1270    (2)    5 :  0.083 0.002 0.014 0.015 0.886 
262 NS_SS1229    (2)    5 :  0.023 0.003 0.015 0.008 0.951 
263 NS_SS1246    (5)    5 :  0.035 0.003 0.085 0.601 0.277 
264 NS_SS1269    (0)    5 :  0.879 0.002 0.072 0.028 0.018 
265 NS_SS1239    (1)    5 :  0.657 0.005 0.114 0.021 0.203 
266 NS_SS1272    (5)    5 :  0.013 0.005 0.061 0.012 0.910 
267 NS_SS1268    (1)    5 :  0.689 0.002 0.270 0.020 0.019 
268 NS_SS1249    (1)    5 :  0.023 0.010 0.014 0.939 0.014 
269 HI_SS0559    (0)    6 :  0.624 0.002 0.153 0.201 0.021 
270 HI_SS0563    (1)    6 :  0.166 0.003 0.085 0.393 0.352 
271 HI_SS0564    (0)    6 :  0.776 0.050 0.057 0.030 0.087 
272 HI_SS0565    (0)    6 :  0.389 0.004 0.083 0.104 0.421 
273 HI_SS0569    (1)    6 :  0.116 0.003 0.008 0.725 0.149 
274 HI_SS0570    (0)    6 :  0.079 0.049 0.088 0.750 0.035 
275 HI_SS0572    (1)    6 :  0.165 0.003 0.727 0.012 0.093 
276 HI_SS0576    (1)    6 :  0.771 0.006 0.129 0.023 0.071 
277 HI_SS0579    (1)    6 :  0.393 0.017 0.018 0.426 0.146 
278 HI_SS0580    (1)    6 :  0.093 0.005 0.540 0.257 0.106 
279 HI_SS0581    (0)    6 :  0.505 0.057 0.216 0.008 0.213 
280 HI_SS0583    (1)    6 :  0.125 0.003 0.369 0.465 0.038 
281 HI_SS0586    (1)    6 :  0.012 0.001 0.015 0.963 0.008 
282 HI_SS0588    (1)    6 :  0.232 0.021 0.050 0.596 0.101 
283 HI_SS0595    (4)    6 :  0.055 0.031 0.117 0.544 0.253 
284 HI_SS0596    (0)    6 :  0.017 0.002 0.961 0.009 0.011 
285 HI_SS0597    (1)    6 :  0.029 0.002 0.262 0.011 0.695 
286 HI_SS0600    (0)    6 :  0.076 0.003 0.008 0.041 0.872 
287 HI_SS0601    (1)    6 :  0.035 0.008 0.007 0.031 0.919 
288 HI_SS0602    (1)    6 :  0.869 0.003 0.065 0.045 0.018 
289 HI_SS0604    (0)    6 :  0.599 0.002 0.270 0.094 0.035 
290 HI_SS0605    (1)    6 :  0.962 0.005 0.012 0.013 0.007 
291 HI_SS0608    (0)    6 :  0.016 0.001 0.900 0.065 0.019 
292 HI_SS0609    (0)    6 :  0.020 0.001 0.238 0.017 0.725 
293 HI_SS0611    (5)    6 :  0.600 0.003 0.036 0.342 0.020 
294 HI_SS0612    (0)    6 :  0.031 0.006 0.012 0.045 0.906 
295 HI_SS0613    (1)    6 :  0.902 0.002 0.060 0.018 0.018 
296 HI_SS0615    (1)    6 :  0.804 0.010 0.082 0.011 0.093 
297 HI_SS0001    (1)    6 :  0.019 0.004 0.147 0.507 0.324 
298 HI_SS0002    (1)    6 :  0.023 0.022 0.025 0.009 0.921 
299 HI_SS0004    (0)    6 :  0.053 0.006 0.511 0.423 0.007 
300 HI_SS0005    (1)    6 :  0.935 0.006 0.013 0.028 0.019 
301 HI_SS0006    (1)    6 :  0.032 0.002 0.011 0.063 0.892 
302 HI_SS0007    (1)    6 :  0.046 0.002 0.027 0.917 0.007 
303 HI_SS0008    (0)    6 :  0.288 0.037 0.029 0.053 0.595 
304 HI_SS0009    (0)    6 :  0.101 0.005 0.821 0.049 0.025 
305 HI_SS0010    (1)    6 :  0.063 0.004 0.115 0.800 0.019 
306 HI_SS0011    (1)    6 :  0.025 0.097 0.242 0.063 0.573 
307 HI_SS0012    (0)    6 :  0.760 0.005 0.017 0.006 0.211 
308 HI_SS0017    (1)    6 :  0.005 0.002 0.976 0.009 0.008 
309 HI_SS0021    (1)    6 :  0.044 0.235 0.127 0.569 0.025 
310 HI_SS0024    (1)    6 :  0.060 0.002 0.765 0.131 0.042 
311 HI_SS0025    (1)    6 :  0.012 0.003 0.969 0.007 0.008 
312 HI_SS0027    (0)    6 :  0.307 0.012 0.010 0.662 0.010 
313 HI_SS0028    (0)    6 :  0.191 0.002 0.565 0.010 0.232 
314 HI_SS0029    (1)    6 :  0.051 0.007 0.901 0.027 0.015 
315 HI_SS0030    (2)    6 :  0.270 0.005 0.192 0.418 0.115 
316 HI_SS0031    (0)    6 :  0.076 0.003 0.012 0.017 0.892 
317 HI_SS0034    (0)    6 :  0.082 0.005 0.015 0.875 0.023 
318 HI_SS0036    (0)    6 :  0.062 0.017 0.016 0.877 0.028 
319 HI_SS0037    (1)    6 :  0.109 0.005 0.448 0.413 0.026 
320 HI_SS0039    (0)    6 :  0.042 0.003 0.115 0.781 0.059 
321 HI_SS0041    (1)    6 :  0.075 0.002 0.905 0.007 0.011 
322 HI_SS0042    (1)    6 :  0.286 0.119 0.498 0.014 0.082 
323 HI_SS0043    (1)    6 :  0.052 0.003 0.006 0.927 0.012 
324 HI_SS0044    (1)    6 :  0.021 0.002 0.891 0.077 0.009 
325 HI_SS0047    (1)    6 :  0.735 0.002 0.075 0.035 0.153 
326 HI_SS0049    (1)    6 :  0.029 0.005 0.909 0.040 0.017 
327 HI_SS0051    (1)    6 :  0.930 0.002 0.033 0.021 0.014 
328 HI_SS0053    (1)    6 :  0.263 0.004 0.015 0.700 0.018 
329 HI_SS0054    (4)    6 :  0.012 0.004 0.006 0.961 0.017 
330 HI_SS0057    (0)    6 :  0.198 0.004 0.335 0.171 0.292 
331 HI_SS0058    (0)    6 :  0.272 0.009 0.375 0.160 0.185 
332 HI_SS0060    (0)    6 :  0.281 0.088 0.041 0.395 0.194 
333 HI_SS0087    (1)    6 :  0.461 0.002 0.025 0.205 0.307 
334 HI_SS0091    (1)    6 :  0.032 0.001 0.008 0.190 0.769 
335 HI_SS0095    (1)    6 :  0.816 0.043 0.018 0.018 0.104 
336 HI_SS0097    (3)    6 :  0.482 0.005 0.011 0.039 0.463 
337 HI_SS0099    (1)    6 :  0.010 0.003 0.963 0.012 0.012 
338 HI_SS0103    (0)    6 :  0.530 0.003 0.090 0.012 0.366 
339 HI_SS0105    (1)    6 :  0.116 0.025 0.031 0.021 0.807 
340 HI_SS0107    (1)    6 :  0.023 0.001 0.430 0.013 0.532 
341 HI_SS0108    (1)    6 :  0.017 0.023 0.007 0.944 0.009 
342 HI_SS0110    (0)    6 :  0.080 0.001 0.016 0.016 0.887 
343 HI_SS0111    (1)    6 :  0.743 0.024 0.018 0.016 0.198 
344 HI_SS0112    (0)    6 :  0.010 0.001 0.006 0.977 0.006 
345 HI_SS0113    (1)    6 :  0.046 0.003 0.762 0.021 0.168 
346 HI_SS0114    (1)    6 :  0.480 0.006 0.013 0.465 0.036 
347 HI_SS0115    (1)    6 :  0.640 0.018 0.261 0.067 0.015 
348 HI_SS0116    (4)    6 :  0.036 0.004 0.525 0.352 0.083 
349 HI_SS0117    (0)    6 :  0.014 0.002 0.010 0.288 0.686 
350 HI_SS0118    (0)    6 :  0.159 0.012 0.505 0.181 0.142 
351 HI_SS0119    (1)    6 :  0.341 0.002 0.007 0.121 0.530 
352 HI_SS0120    (1)    6 :  0.007 0.003 0.951 0.012 0.027 
353 HI_SS0121    (0)    6 :  0.072 0.001 0.073 0.006 0.848 
354 HI_SS0122    (2)    6 :  0.085 0.021 0.059 0.039 0.797 
355 HI_SS0123    (0)    6 :  0.598 0.005 0.088 0.015 0.293 
356 HI_SS0124    (1)    6 :  0.017 0.003 0.957 0.006 0.018 
357 HI_SS0125    (1)    6 :  0.406 0.039 0.159 0.008 0.388 
358 HI_SS0126    (0)    6 :  0.007 0.001 0.074 0.912 0.006 
359 HI_SS0127    (0)    6 :  0.878 0.008 0.020 0.082 0.012 
360 HI_SS0128    (0)    6 :  0.038 0.003 0.288 0.313 0.357 
361 HI_SS0129    (1)    6 :  0.609 0.010 0.062 0.302 0.016 
362 HI_SS0131    (2)    6 :  0.024 0.037 0.025 0.784 0.130 
363 HI_SS0132    (0)    6 :  0.088 0.001 0.035 0.125 0.751 
364 HI_SS0133    (1)    6 :  0.003 0.001 0.003 0.990 0.003 
365 HI_SS0134    (1)    6 :  0.098 0.002 0.040 0.116 0.744 
366 HI_SS0142    (3)    6 :  0.042 0.012 0.009 0.005 0.931 
367 HI_SS0145    (0)    6 :  0.463 0.002 0.029 0.341 0.166 
368 HI_SS0146    (1)    6 :  0.021 0.001 0.015 0.946 0.017 
369 HI_SS0147    (1)    6 :  0.021 0.018 0.057 0.006 0.898 
370 HI_SS0149    (1)    6 :  0.012 0.004 0.015 0.048 0.920 
371 HI_SS0150    (2)    6 :  0.343 0.005 0.427 0.039 0.186 
372 HI_SS0151    (0)    6 :  0.945 0.010 0.007 0.023 0.014 
373 NS_SS1451    (1)    6 :  0.242 0.003 0.705 0.008 0.042 
374 NS_SS1404    (0)    6 :  0.041 0.011 0.835 0.013 0.100 
375 NS_SS1432    (2)    6 :  0.116 0.038 0.619 0.007 0.221 
376 NS_SS1405    (5)    6 :  0.116 0.003 0.746 0.100 0.035 
377 NS_SS1431   (10)    6 :  0.032 0.001 0.941 0.012 0.015 
378 NS_SS1402    (3)    6 :  0.119 0.002 0.061 0.018 0.800 
379 NS_SS1450    (3)    6 :  0.182 0.004 0.354 0.438 0.022 
380 NS_SS1396    (0)    6 :  0.641 0.007 0.078 0.029 0.246 
381 NS_SS1393    (5)    6 :  0.720 0.003 0.021 0.014 0.241 
382 NS_SS1392   (10)    6 :  0.053 0.018 0.884 0.028 0.017 
383 NS_SS1445    (0)    6 :  0.353 0.011 0.016 0.540 0.080 
384 NS_SS1423    (0)    6 :  0.039 0.002 0.018 0.325 0.616 
385 NS_SS1421    (9)    6 :  0.027 0.094 0.029 0.823 0.026 
386 NS_SS1411    (6)    6 :  0.283 0.002 0.043 0.662 0.011 
387 NS_SS1453    (6)    6 :  0.297 0.005 0.081 0.253 0.363 
388 NS_SS1442    (3)    6 :  0.626 0.004 0.156 0.105 0.109 
389 NS_SS1422    (1)    6 :  0.025 0.010 0.008 0.037 0.920 
390 NS_SS1419    (1)    6 :  0.033 0.160 0.703 0.024 0.080 
391 NS_SS1427    (0)    6 :  0.006 0.002 0.009 0.972 0.011 
392 NS_SS1444    (4)    6 :  0.049 0.004 0.904 0.020 0.024 
393 NS_SS1455    (0)    6 :  0.029 0.001 0.835 0.022 0.112 
394 NS_SS1425    (2)    6 :  0.175 0.002 0.004 0.806 0.013 
395 NS_SS1400    (0)    6 :  0.006 0.001 0.014 0.970 0.009 
396 NS_SS1406    (2)    6 :  0.155 0.007 0.087 0.005 0.745 
397 NS_SS1417    (6)    6 :  0.016 0.007 0.184 0.140 0.653 
398 NS_SS1454    (3)    6 :  0.062 0.002 0.621 0.277 0.039 
399 NS_SS1412    (1)    6 :  0.284 0.026 0.292 0.160 0.239 
400 NS_SS1438    (1)    6 :  0.064 0.001 0.021 0.860 0.054 
401 NS_SS1416    (4)    6 :  0.742 0.006 0.150 0.010 0.092 
402 NS_SS1401    (0)    6 :  0.097 0.013 0.042 0.012 0.836 
403 NS_SS1424    (6)    6 :  0.045 0.011 0.019 0.383 0.542 
404 NS_SS1435   (10)    6 :  0.125 0.003 0.131 0.592 0.149 
405 NS_SS1447    (4)    6 :  0.053 0.008 0.875 0.023 0.041 
406 NS_SS1414    (3)    6 :  0.007 0.007 0.954 0.013 0.020 
407 NS_SS1449   (14)    6 :  0.052 0.004 0.019 0.025 0.900 
408 NS_SS1443    (4)    6 :  0.185 0.002 0.010 0.771 0.032 
409 NS_SS1434    (1)    6 :  0.038 0.001 0.608 0.306 0.048 
410 NS_SS1398    (1)    6 :  0.524 0.021 0.360 0.086 0.009 
411 NS_SS1426    (1)    6 :  0.163 0.002 0.009 0.804 0.022 
412 NS_SS1413    (0)    6 :  0.011 0.011 0.013 0.958 0.007 
413 NS_SS1395    (1)    6 :  0.908 0.007 0.008 0.055 0.023 
414 NS_SS1448   (10)    6 :  0.020 0.002 0.091 0.879 0.009 
415 NS_SS1446    (0)    6 :  0.050 0.003 0.039 0.043 0.865 
416 NS_SS1403    (2)    6 :  0.460 0.005 0.040 0.016 0.478 
417 NS_SS1415    (0)    6 :  0.029 0.010 0.007 0.927 0.027 
418 NS_SS1437    (4)    6 :  0.038 0.010 0.564 0.078 0.310 
419 NS_SS1439    (2)    6 :  0.062 0.002 0.025 0.007 0.903 
420 NS_SS1441    (3)    6 :  0.121 0.003 0.146 0.538 0.193 
421 NS_SS1420    (2)    6 :  0.153 0.004 0.826 0.008 0.010 
422 NS_SS1394    (2)    6 :  0.523 0.031 0.429 0.007 0.010 
423 NS_SS1391    (7)    6 :  0.078 0.015 0.451 0.310 0.145 
424 NS_SS1410    (5)    6 :  0.020 0.012 0.096 0.026 0.846 
425 NS_SS1408    (1)    6 :  0.878 0.043 0.015 0.026 0.038 
426 NS_SS1409    (1)    6 :  0.507 0.003 0.165 0.106 0.219 
427 HI_SS0617    (1)    7 :  0.396 0.001 0.464 0.016 0.122 
428 HI_SS0618    (2)    7 :  0.943 0.002 0.026 0.010 0.019 
429 HI_SS0619    (0)    7 :  0.022 0.003 0.943 0.024 0.008 
430 HI_SS0620    (1)    7 :  0.024 0.003 0.005 0.961 0.008 
431 HI_SS0621    (3)    7 :  0.237 0.020 0.459 0.027 0.257 
432 HI_SS0622    (1)    7 :  0.073 0.016 0.241 0.599 0.071 
433 HI_SS0626    (0)    7 :  0.535 0.009 0.412 0.024 0.020 
434 HI_SS0627    (0)    7 :  0.010 0.008 0.014 0.005 0.963 
435 HI_SS0628    (3)    7 :  0.091 0.063 0.220 0.553 0.073 
436 HI_SS0629    (1)    7 :  0.594 0.006 0.091 0.146 0.163 
437 HI_SS0630    (1)    7 :  0.123 0.057 0.166 0.631 0.023 
438 HI_SS0631    (0)    7 :  0.017 0.001 0.015 0.954 0.013 
439 HI_SS0632    (0)    7 :  0.171 0.003 0.234 0.509 0.083 
440 HI_SS0633    (0)    7 :  0.014 0.003 0.958 0.009 0.016 
441 HI_SS0634    (1)    7 :  0.336 0.002 0.036 0.018 0.608 
442 HI_SS0635    (0)    7 :  0.227 0.008 0.386 0.043 0.336 
443 HI_SS0637    (1)    7 :  0.952 0.002 0.006 0.007 0.033 
444 HI_SS0638    (0)    7 :  0.149 0.001 0.042 0.665 0.143 
445 HI_SS0639    (1)    7 :  0.669 0.041 0.230 0.007 0.053 
446 HI_SS0640    (1)    7 :  0.678 0.002 0.030 0.254 0.037 
447 HI_SS0641    (1)    7 :  0.350 0.005 0.360 0.273 0.011 
448 HI_SS0642    (0)    7 :  0.028 0.002 0.039 0.040 0.891 
449 HI_SS0645    (0)    7 :  0.080 0.001 0.899 0.008 0.012 
450 HI_SS0646    (1)    7 :  0.045 0.003 0.013 0.019 0.920 
451 HI_SS0647    (1)    7 :  0.015 0.001 0.270 0.697 0.017 
452 HI_SS0648    (0)    7 :  0.278 0.003 0.459 0.096 0.165 
453 HI_SS0649    (1)    7 :  0.682 0.002 0.141 0.014 0.161 
454 HI_SS0650    (1)    7 :  0.932 0.003 0.043 0.011 0.011 
455 HI_SS0651    (1)    7 :  0.373 0.004 0.206 0.106 0.311 
456 HI_SS0652    (1)    7 :  0.150 0.003 0.824 0.012 0.010 
457 NS_SS1371    (3)    7 :  0.727 0.005 0.011 0.059 0.198 
458 NS_SS1374    (0)    7 :  0.260 0.003 0.121 0.568 0.048 
459 NS_SS1337    (3)    7 :  0.182 0.003 0.131 0.021 0.664 
460 NS_SS1385    (5)    7 :  0.125 0.005 0.270 0.049 0.552 
461 NS_SS1388    (0)    7 :  0.009 0.005 0.963 0.015 0.008 
462 NS_SS1370    (1)    7 :  0.624 0.009 0.014 0.026 0.327 
463 NS_SS1389    (3)    7 :  0.005 0.003 0.982 0.007 0.004 
464 NS_SS1360    (1)    7 :  0.491 0.005 0.013 0.464 0.028 
465 NS_SS1330    (0)    7 :  0.917 0.003 0.022 0.005 0.052 
466 NS_SS1328    (9)    7 :  0.015 0.002 0.042 0.921 0.020 
467 NS_SS1384    (1)    7 :  0.421 0.004 0.023 0.164 0.388 
468 NS_SS1381    (0)    7 :  0.136 0.001 0.464 0.014 0.385 
469 NS_SS1375    (1)    7 :  0.036 0.001 0.933 0.020 0.011 
470 NS_SS1319   (11)    7 :  0.079 0.091 0.111 0.033 0.686 
471 NS_SS1326    (2)    7 :  0.009 0.009 0.030 0.942 0.010 
472 NS_SS1341    (1)    7 :  0.121 0.004 0.022 0.032 0.821 
473 NS_SS1383    (2)    7 :  0.156 0.004 0.007 0.053 0.780 
474 NS_SS1318    (3)    7 :  0.250 0.018 0.671 0.045 0.016 
475 NS_SS1348    (2)    7 :  0.015 0.002 0.005 0.956 0.023 
476 NS_SS1363    (0)    7 :  0.213 0.004 0.050 0.036 0.696 
477 NS_SS1335    (4)    7 :  0.158 0.033 0.011 0.732 0.066 
478 NS_SS1358    (0)    7 :  0.054 0.013 0.005 0.077 0.852 
479 NS_SS1342    (1)    7 :  0.014 0.001 0.012 0.247 0.726 
480 NS_SS1320    (3)    7 :  0.013 0.006 0.785 0.006 0.190 
481 NS_SS1355    (1)    7 :  0.498 0.013 0.312 0.009 0.168 
482 NS_SS1345    (1)    7 :  0.031 0.019 0.166 0.126 0.658 
483 NS_SS1324    (0)    7 :  0.245 0.003 0.035 0.654 0.064 
484 NS_SS1347    (5)    7 :  0.661 0.004 0.015 0.034 0.286 
485 NS_SS1321    (4)    7 :  0.405 0.001 0.019 0.046 0.529 
486 NS_SS1333    (0)    7 :  0.082 0.004 0.140 0.161 0.613 
487 NS_SS1364    (1)    7 :  0.013 0.003 0.032 0.940 0.013 
488 NS_SS1379    (0)    7 :  0.712 0.043 0.202 0.022 0.021 
489 NS_SS1332    (0)    7 :  0.011 0.006 0.013 0.961 0.009 
490 NS_SS1338    (5)    7 :  0.835 0.006 0.022 0.080 0.057 
491 NS_SS1368    (6)    7 :  0.013 0.005 0.042 0.816 0.124 
492 NS_SS1354    (1)    7 :  0.037 0.011 0.100 0.022 0.830 
493 NS_SS1365    (0)    7 :  0.209 0.009 0.671 0.068 0.042 
494 NS_SS1380    (1)    7 :  0.040 0.021 0.747 0.009 0.183 
495 NS_SS1329    (8)    7 :  0.135 0.003 0.024 0.558 0.280 
496 NS_SS1362    (0)    7 :  0.138 0.004 0.021 0.044 0.792 
497 NS_SS1327    (2)    7 :  0.010 0.003 0.005 0.975 0.008 
498 NS_SS1350    (0)    7 :  0.853 0.007 0.044 0.041 0.055 
499 NS_SS1387    (2)    7 :  0.679 0.002 0.213 0.011 0.094 
500 NS_SS1369    (8)    7 :  0.062 0.004 0.014 0.893 0.027 
501 NS_SS1331    (1)    7 :  0.017 0.009 0.828 0.114 0.031 
502 NS_SS1357    (5)    7 :  0.081 0.004 0.210 0.256 0.450 
503 NS_SS1386    (1)    7 :  0.005 0.003 0.005 0.969 0.018 
504 NS_SS1353    (2)    7 :  0.019 0.004 0.885 0.061 0.031 
505 NS_SS1323    (0)    7 :  0.021 0.076 0.154 0.007 0.742 
506 HI_SS0296    (0)    8 :  0.516 0.002 0.058 0.413 0.011 
507 HI_SS0297    (0)    8 :  0.164 0.001 0.057 0.591 0.187 
508 HI_SS0299    (0)    8 :  0.238 0.038 0.036 0.506 0.183 
509 HI_SS0300    (0)    8 :  0.707 0.001 0.079 0.205 0.007 
510 HI_SS0301    (0)    8 :  0.718 0.003 0.029 0.059 0.191 
511 HI_SS0302    (0)    8 :  0.037 0.025 0.015 0.904 0.019 
512 HI_SS0303    (0)    8 :  0.022 0.007 0.043 0.915 0.012 
513 HI_SS0304    (0)    8 :  0.046 0.002 0.918 0.022 0.012 
514 HI_SS0306    (5)    8 :  0.005 0.002 0.005 0.982 0.006 
515 HI_SS0307    (1)    8 :  0.782 0.008 0.135 0.009 0.066 
516 HI_SS0308    (1)    8 :  0.346 0.091 0.038 0.205 0.319 
517 HI_SS0309    (0)    8 :  0.480 0.004 0.147 0.012 0.358 
518 HI_SS0310    (0)    8 :  0.017 0.006 0.469 0.494 0.014 
519 HI_SS0311    (4)    8 :  0.205 0.003 0.280 0.304 0.208 
520 HI_SS0314    (0)    8 :  0.020 0.002 0.896 0.042 0.041 
521 HI_SS0316    (1)    8 :  0.292 0.005 0.297 0.273 0.134 
522 HI_SS0317    (3)    8 :  0.264 0.002 0.025 0.016 0.694 
523 HI_SS0318    (1)    8 :  0.581 0.187 0.008 0.199 0.024 
524 HI_SS0319    (0)    8 :  0.007 0.005 0.006 0.971 0.011 
525 HI_SS0320    (3)    8 :  0.031 0.001 0.632 0.006 0.329 
526 HI_SS0321    (0)    8 :  0.974 0.002 0.003 0.007 0.013 
527 HI_SS0323    (1)    8 :  0.811 0.001 0.054 0.118 0.015 
528 HI_SS0325    (2)    8 :  0.025 0.002 0.024 0.938 0.010 
529 HI_SS0327    (1)    8 :  0.299 0.002 0.008 0.565 0.127 
530 HI_SS0329    (1)    8 :  0.013 0.001 0.951 0.023 0.012 
531 HI_SS0333    (1)    8 :  0.386 0.003 0.166 0.105 0.340 
532 HI_SS0334    (1)    8 :  0.828 0.001 0.011 0.042 0.118 
533 HI_SS0335    (1)    8 :  0.291 0.020 0.027 0.009 0.653 
534 HI_SS0339    (0)    8 :  0.359 0.011 0.189 0.015 0.427 
535 HI_SS0343    (2)    8 :  0.017 0.002 0.039 0.011 0.930 
536 HI_SS0344    (1)    8 :  0.007 0.003 0.004 0.981 0.006 
537 HI_SS0345    (3)    8 :  0.023 0.008 0.313 0.155 0.499 
538 HI_SS0346    (0)    8 :  0.406 0.004 0.099 0.185 0.307 
539 HI_SS0350    (1)    8 :  0.022 0.011 0.623 0.006 0.338 
540 HI_SS0351    (0)    8 :  0.407 0.003 0.050 0.049 0.490 
541 HI_SS0352    (3)    8 :  0.038 0.099 0.157 0.019 0.687 
542 HI_SS0362    (0)    8 :  0.502 0.002 0.073 0.408 0.015 
543 HI_SS0363    (1)    8 :  0.039 0.005 0.025 0.913 0.018 
544 HI_SS0365    (0)    8 :  0.411 0.004 0.097 0.226 0.262 
545 HI_SS0366    (0)    8 :  0.025 0.001 0.024 0.908 0.042 
546 HI_SS0367    (1)    8 :  0.008 0.002 0.944 0.005 0.041 
547 HI_SS0369    (1)    8 :  0.170 0.002 0.509 0.011 0.308 
548 HI_SS0370    (0)    8 :  0.864 0.003 0.018 0.020 0.095 
549 HI_SS0371    (4)    8 :  0.021 0.004 0.037 0.934 0.005 
550 HI_SS0373    (3)    8 :  0.156 0.013 0.667 0.122 0.042 
551 HI_SS0374    (0)    8 :  0.109 0.028 0.813 0.013 0.037 
552 HI_SS0377    (0)    8 :  0.045 0.083 0.017 0.415 0.440 
553 HI_SS0379    (1)    8 :  0.004 0.001 0.004 0.986 0.005 
554 HI_SS0380    (1)    8 :  0.190 0.007 0.599 0.022 0.182 
555 HI_SS0381    (2)    8 :  0.075 0.005 0.046 0.016 0.859 
556 HI_SS0384    (3)    8 :  0.147 0.008 0.550 0.279 0.015 
557 HI_SS0385    (1)    8 :  0.021 0.001 0.423 0.546 0.009 
558 HI_SS0386    (0)    9 :  0.001 0.993 0.001 0.002 0.002 
559 HI_SS0387    (0)    9 :  0.011 0.949 0.009 0.016 0.016 
560 HI_SS0389    (2)    9 :  0.004 0.986 0.003 0.004 0.004 
561 HI_SS0390    (2)    9 :  0.002 0.994 0.002 0.002 0.001 
562 HI_SS0391    (3)    9 :  0.003 0.989 0.002 0.002 0.003 
563 HI_SS0392    (0)    9 :  0.001 0.993 0.002 0.002 0.002 
564 HI_SS0393    (2)    9 :  0.002 0.994 0.001 0.002 0.002 
565 HI_SS0394    (2)    9 :  0.002 0.994 0.002 0.002 0.001 
566 HI_SS0395    (2)    9 :  0.004 0.984 0.005 0.004 0.004 
567 HI_SS0396    (2)    9 :  0.012 0.961 0.011 0.008 0.009 
568 HI_SS0398    (2)    9 :  0.007 0.976 0.006 0.005 0.006 
569 HI_SS0399    (2)    9 :  0.001 0.995 0.001 0.002 0.001 
570 HI_SS0400    (3)    9 :  0.002 0.992 0.002 0.002 0.002 
571 HI_SS0401    (5)    9 :  0.002 0.994 0.002 0.002 0.001 
572 HI_SS0402    (0)    9 :  0.001 0.994 0.001 0.002 0.002 
573 HI_SS0403    (0)    9 :  0.001 0.994 0.001 0.001 0.002 
574 HI_SS0404    (2)    9 :  0.001 0.994 0.001 0.002 0.001 
575 HI_SS0405    (2)    9 :  0.015 0.933 0.011 0.013 0.028 
576 HI_SS0406    (2)    9 :  0.003 0.991 0.002 0.002 0.002 
577 HI_SS0407    (0)    9 :  0.008 0.970 0.010 0.006 0.005 
578 HI_SS0408    (0)    9 :  0.001 0.995 0.001 0.001 0.001 
579 HI_SS0409    (2)    9 :  0.004 0.988 0.003 0.003 0.003 
580 HI_SS0411    (2)    9 :  0.004 0.989 0.003 0.002 0.003 
581 HI_SS0412   (11)    9 :  0.073 0.806 0.028 0.029 0.065 
582 HI_SS0413    (0)    9 :  0.002 0.992 0.002 0.002 0.002 
583 HI_SS0414    (2)    9 :  0.014 0.937 0.021 0.009 0.018 
584 HI_SS0415    (2)    9 :  0.002 0.992 0.002 0.002 0.003 
585 HI_SS0416    (2)    9 :  0.004 0.986 0.004 0.003 0.003 
586 HI_SS0418    (2)    9 :  0.004 0.980 0.003 0.005 0.007 
587 HI_SS0419    (3)    9 :  0.004 0.988 0.003 0.003 0.003 
588 HI_SS0420    (0)    9 :  0.002 0.991 0.002 0.002 0.002 
589 HI_SS0421    (4)    9 :  0.006 0.980 0.005 0.004 0.006 
590 HI_SS0422    (3)    9 :  0.002 0.993 0.002 0.002 0.002 
591 HI_SS0423    (2)    9 :  0.004 0.983 0.004 0.004 0.004 
592 HI_SS0424    (1)    9 :  0.002 0.993 0.002 0.001 0.002 
593 HI_SS0425    (0)    9 :  0.003 0.985 0.005 0.003 0.004 
594 NS_SS1146    (3)   10 :  0.002 0.991 0.002 0.003 0.002 
595 NS_SS1157    (1)   10 :  0.008 0.973 0.005 0.006 0.008 
596 NS_SS1144    (7)   10 :  0.024 0.928 0.011 0.021 0.016 
597 NS_SS1074    (3)   10 :  0.003 0.985 0.004 0.004 0.003 
598 NS_SS1122    (0)   10 :  0.004 0.982 0.004 0.006 0.004 
599 NS_SS1136    (2)   10 :  0.001 0.995 0.001 0.001 0.001 
600 NS_SS1077    (4)   10 :  0.001 0.997 0.001 0.001 0.001 
601 NS_SS1134    (2)   10 :  0.013 0.959 0.010 0.008 0.009 
602 NS_SS1091    (1)   10 :  0.002 0.991 0.003 0.002 0.002 
603 NS_SS1089   (10)   10 :  0.003 0.989 0.002 0.003 0.003 
604 NS_SS1123    (2)   10 :  0.002 0.993 0.002 0.001 0.002 
605 NS_SS1158    (3)   10 :  0.001 0.996 0.001 0.001 0.001 
606 NS_SS1093    (3)   10 :  0.002 0.991 0.002 0.003 0.002 
607 NS_SS1102    (5)   10 :  0.006 0.979 0.004 0.005 0.006 
608 NS_SS1056    (0)   10 :  0.002 0.993 0.002 0.002 0.002 
609 NS_SS1126    (2)   10 :  0.003 0.987 0.003 0.003 0.003 
610 NS_SS1058   (15)   10 :  0.005 0.984 0.004 0.003 0.004 
611 NS_SS1084    (2)   10 :  0.001 0.994 0.002 0.001 0.002 
612 NS_SS1095    (3)   10 :  0.006 0.975 0.005 0.009 0.005 
613 NS_SS1079    (3)   10 :  0.002 0.993 0.002 0.002 0.002 
614 NS_SS1149    (0)   10 :  0.003 0.989 0.003 0.002 0.003 
615 NS_SS1121    (0)   10 :  0.002 0.994 0.001 0.001 0.002 
616 NS_SS1067    (0)   10 :  0.005 0.979 0.005 0.005 0.006 
617 NS_SS1081    (2)   10 :  0.002 0.990 0.002 0.002 0.003 
618 NS_SS1130    (0)   10 :  0.004 0.987 0.003 0.003 0.003 
619 NS_SS1073    (2)   10 :  0.003 0.989 0.003 0.002 0.004 
620 NS_SS1133    (2)   10 :  0.005 0.965 0.021 0.003 0.005 
621 NS_SS1129    (2)   10 :  0.002 0.994 0.001 0.001 0.001 
622 NS_SS1085    (1)   10 :  0.002 0.992 0.002 0.002 0.002 
623 NS_SS1137    (2)   10 :  0.004 0.981 0.007 0.004 0.004 
624 NS_SS1135    (3)   10 :  0.001 0.995 0.001 0.001 0.001 
625 NS_SS1082    (3)   10 :  0.001 0.993 0.002 0.002 0.002 
