

----------------------------------------------------
STRUCTURE by Pritchard, Stephens and Donnelly (2000)
     and Falush, Stephens and Pritchard (2003)
       Code by Pritchard, Falush and Hubisz
             Version 2.3.4 (Jul 2012)
----------------------------------------------------



Command line arguments:   /home/genobiwan/Documents/Programs/Structure/structure -m parameter_job_k5_r5 
Input File:    /media/genobiwan/Storage/Projets/Mackerel_NWA_2021/data_job_k5_r5

Run parameters:
   629 individuals
   4140 loci
   5 populations assumed
   100000 Burn-in period
   200000 Reps


--------------------------------------------
Proportion of membership of each pre-defined
 population in each of the 5 clusters

Given    Inferred Clusters                     Number of
 Pop       1      2      3      4      5      Individuals

  1:     0.290  0.012  0.240  0.262  0.196       67
  2:     0.307  0.009  0.246  0.248  0.190       32
  3:     0.297  0.014  0.257  0.231  0.202       92
  4:     0.258  0.015  0.210  0.180  0.336       36
  5:     0.191  0.019  0.319  0.178  0.293       41
  6:     0.264  0.013  0.226  0.222  0.274      158
  7:     0.278  0.009  0.219  0.268  0.225       79
  8:     0.237  0.013  0.227  0.234  0.289       52
  9:     0.006  0.979  0.006  0.005  0.004       36
 10:     0.004  0.985  0.004  0.004  0.004       36
--------------------------------------------

Allele-freq. divergence among pops (Net nucleotide distance),
computed using point estimates of P.

      1       2       3       4       5      
 1      -    0.0048  0.0001  0.0001  0.0002  
 2   0.0048     -    0.0049  0.0049  0.0051  
 3   0.0001  0.0049     -    0.0002  0.0003  
 4   0.0001  0.0049  0.0002     -    0.0003  
 5   0.0002  0.0051  0.0003  0.0003     -    

Average distances (expected heterozygosity) between individuals in same cluster:
cluster  1  : 0.3188 
cluster  2  : 0.3055 
cluster  3  : 0.3184 
cluster  4  : 0.3185 
cluster  5  : 0.3180 

--------------------------------------------
Estimated Ln Prob of Data   = -2474380.3
Mean value of ln likelihood = -2465587.8
Variance of ln likelihood   = 17585.0
Mean value of alpha         = 0.0405

Mean value of Fst_1         = 0.0016
Mean value of Fst_2         = 0.0383
Mean value of Fst_3         = 0.0029
Mean value of Fst_4         = 0.0029
Mean value of Fst_5         = 0.0034


Inferred ancestry of individuals:
        Label (%Miss) Pop:  Inferred clusters
  1 NS_SS0963    (4)    1 :  0.600 0.005 0.257 0.090 0.048 
  2 NS_SS0983    (1)    1 :  0.627 0.004 0.011 0.008 0.350 
  3 NS_SS0719    (9)    1 :  0.262 0.004 0.018 0.674 0.043 
  4 NS_SS1001    (8)    1 :  0.094 0.007 0.060 0.673 0.166 
  5 NS_SS0936    (4)    1 :  0.214 0.003 0.629 0.125 0.030 
  6 NS_SS0955    (6)    1 :  0.235 0.003 0.048 0.013 0.701 
  7 NS_SS0944    (3)    1 :  0.041 0.002 0.215 0.020 0.722 
  8 NS_SS0945    (3)    1 :  0.095 0.010 0.211 0.083 0.600 
  9 NS_SS0922    (2)    1 :  0.037 0.027 0.051 0.878 0.006 
 10 NS_SS0929    (7)    1 :  0.220 0.003 0.387 0.197 0.193 
 11 NS_SS0956    (1)    1 :  0.031 0.004 0.010 0.944 0.011 
 12 NS_SS0906    (3)    1 :  0.356 0.003 0.553 0.057 0.031 
 13 NS_SS0721    (6)    1 :  0.965 0.004 0.006 0.016 0.010 
 14 NS_SS0982    (4)    1 :  0.413 0.014 0.483 0.077 0.013 
 15 NS_SS0923    (6)    1 :  0.345 0.004 0.043 0.593 0.014 
 16 NS_SS0905    (6)    1 :  0.680 0.001 0.020 0.277 0.022 
 17 NS_SS0925    (3)    1 :  0.395 0.004 0.573 0.020 0.008 
 18 NS_SS0947    (6)    1 :  0.057 0.005 0.882 0.033 0.022 
 19 NS_SS0926    (2)    1 :  0.031 0.001 0.012 0.036 0.919 
 20 NS_SS0918    (6)    1 :  0.495 0.002 0.198 0.178 0.127 
 21 NS_SS0966    (4)    1 :  0.058 0.044 0.846 0.018 0.035 
 22 NS_SS0938    (2)    1 :  0.037 0.001 0.176 0.729 0.057 
 23 NS_SS0917    (2)    1 :  0.707 0.033 0.011 0.217 0.032 
 24 NS_SS0957   (11)    1 :  0.204 0.006 0.223 0.540 0.027 
 25 NS_SS0987    (1)    1 :  0.132 0.237 0.032 0.583 0.015 
 26 NS_SS0717    (4)    1 :  0.109 0.003 0.440 0.431 0.017 
 27 NS_SS0986    (2)    1 :  0.572 0.004 0.225 0.162 0.038 
 28 NS_SS0953    (3)    1 :  0.025 0.014 0.927 0.011 0.024 
 29 NS_SS0907    (3)    1 :  0.507 0.040 0.408 0.019 0.026 
 30 NS_SS0974    (6)    1 :  0.053 0.004 0.103 0.033 0.806 
 31 NS_SS0989    (1)    1 :  0.097 0.001 0.162 0.019 0.721 
 32 NS_SS0991    (3)    1 :  0.302 0.002 0.085 0.015 0.596 
 33 NS_SS0994    (2)    1 :  0.009 0.002 0.007 0.007 0.976 
 34 NS_SS0931    (6)    1 :  0.096 0.010 0.026 0.145 0.722 
 35 NS_SS1000    (5)    1 :  0.110 0.004 0.833 0.044 0.008 
 36 NS_SS0919    (1)    1 :  0.788 0.003 0.150 0.034 0.026 
 37 NS_SS0949    (4)    1 :  0.018 0.001 0.010 0.007 0.964 
 38 NS_SS0960   (10)    1 :  0.570 0.006 0.025 0.138 0.260 
 39 NS_SS0716    (2)    1 :  0.020 0.005 0.006 0.964 0.005 
 40 NS_SS0924    (8)    1 :  0.613 0.019 0.061 0.153 0.154 
 41 NS_SS0935    (2)    1 :  0.399 0.009 0.019 0.088 0.485 
 42 NS_SS0952   (14)    1 :  0.259 0.035 0.308 0.034 0.364 
 43 NS_SS0962   (11)    1 :  0.343 0.007 0.282 0.356 0.011 
 44 NS_SS0973    (5)    1 :  0.676 0.004 0.074 0.029 0.217 
 45 NS_SS0722    (1)    1 :  0.049 0.003 0.625 0.314 0.010 
 46 NS_SS0979   (13)    1 :  0.455 0.002 0.233 0.292 0.017 
 47 NS_SS0993    (2)    1 :  0.129 0.017 0.731 0.110 0.013 
 48 NS_SS0958    (1)    1 :  0.088 0.003 0.089 0.085 0.735 
 49 NS_SS0988    (4)    1 :  0.212 0.006 0.564 0.130 0.089 
 50 NS_SS1003    (2)    1 :  0.358 0.010 0.147 0.474 0.011 
 51 NS_SS0976    (1)    1 :  0.327 0.001 0.256 0.018 0.398 
 52 NS_SS0964   (10)    1 :  0.083 0.002 0.122 0.774 0.019 
 53 NS_SS0939    (4)    1 :  0.036 0.003 0.006 0.950 0.005 
 54 NS_SS0990    (6)    1 :  0.097 0.003 0.037 0.816 0.047 
 55 NS_SS0984    (2)    1 :  0.011 0.002 0.013 0.970 0.004 
 56 NS_SS0980   (10)    1 :  0.416 0.002 0.517 0.040 0.025 
 57 NS_SS0978    (4)    1 :  0.550 0.003 0.209 0.207 0.031 
 58 NS_SS0951   (18)    1 :  0.198 0.003 0.230 0.200 0.369 
 59 NS_SS0913    (3)    1 :  0.110 0.034 0.108 0.729 0.019 
 60 NS_SS1002    (1)    1 :  0.038 0.036 0.909 0.010 0.007 
 61 NS_SS0948    (1)    1 :  0.181 0.052 0.524 0.195 0.049 
 62 NS_SS0916    (4)    1 :  0.550 0.004 0.017 0.339 0.090 
 63 NS_SS0995    (1)    1 :  0.472 0.003 0.015 0.503 0.008 
 64 NS_SS0927    (6)    1 :  0.736 0.005 0.031 0.163 0.065 
 65 NS_SS0992    (5)    1 :  0.291 0.003 0.465 0.067 0.174 
 66 NS_SS0912    (1)    1 :  0.552 0.003 0.024 0.094 0.328 
 67 NS_SS0981    (1)    1 :  0.575 0.003 0.081 0.323 0.019 
 68 NS_SS0729    (5)    2 :  0.011 0.003 0.015 0.005 0.966 
 69 NS_SS0967   (15)    2 :  0.682 0.012 0.125 0.120 0.061 
 70 NS_SS0941    (8)    2 :  0.426 0.079 0.137 0.241 0.117 
 71 NS_SS0768   (12)    2 :  0.039 0.004 0.894 0.043 0.020 
 72 NS_SS0726    (5)    2 :  0.245 0.008 0.067 0.014 0.666 
 73 NS_SS0763    (4)    2 :  0.105 0.003 0.055 0.024 0.813 
 74 NS_SS0730    (6)    2 :  0.027 0.003 0.015 0.944 0.011 
 75 NS_SS0774    (2)    2 :  0.255 0.001 0.357 0.379 0.008 
 76 NS_SS0723    (3)    2 :  0.544 0.002 0.237 0.211 0.006 
 77 NS_SS0940   (10)    2 :  0.468 0.006 0.012 0.170 0.343 
 78 NS_SS0762    (1)    2 :  0.010 0.003 0.127 0.849 0.011 
 79 NS_SS0766   (11)    2 :  0.112 0.013 0.011 0.780 0.084 
 80 NS_SS0724    (1)    2 :  0.079 0.004 0.869 0.024 0.023 
 81 NS_SS0769    (3)    2 :  0.393 0.004 0.432 0.152 0.019 
 82 NS_SS0777    (1)    2 :  0.589 0.012 0.062 0.094 0.242 
 83 NS_SS0734    (6)    2 :  0.256 0.021 0.016 0.531 0.176 
 84 NS_SS0737    (3)    2 :  0.174 0.005 0.370 0.440 0.010 
 85 NS_SS0732    (5)    2 :  0.790 0.005 0.017 0.178 0.011 
 86 NS_SS0728    (5)    2 :  0.437 0.011 0.281 0.232 0.038 
 87 NS_SS0735    (9)    2 :  0.482 0.009 0.434 0.039 0.035 
 88 NS_SS0725    (1)    2 :  0.024 0.008 0.657 0.089 0.222 
 89 NS_SS0788    (2)    2 :  0.469 0.001 0.330 0.192 0.008 
 90 NS_SS0778    (2)    2 :  0.655 0.002 0.018 0.299 0.026 
 91 NS_SS0792    (6)    2 :  0.200 0.005 0.291 0.417 0.087 
 92 NS_SS0943   (11)    2 :  0.013 0.007 0.107 0.007 0.866 
 93 NS_SS0791    (2)    2 :  0.632 0.013 0.005 0.256 0.095 
 94 NS_SS0790    (5)    2 :  0.010 0.003 0.961 0.022 0.003 
 95 NS_SS0731    (6)    2 :  0.443 0.012 0.430 0.106 0.008 
 96 NS_SS0727    (7)    2 :  0.021 0.002 0.019 0.049 0.909 
 97 NS_SS0779   (13)    2 :  0.857 0.005 0.032 0.073 0.033 
 98 NS_SS0776    (3)    2 :  0.357 0.007 0.449 0.024 0.163 
 99 NS_SS0775    (5)    2 :  0.022 0.006 0.038 0.922 0.013 
100 NS_SS0965    (3)    3 :  0.873 0.002 0.033 0.064 0.028 
101 NS_SS0754   (14)    3 :  0.520 0.012 0.024 0.031 0.414 
102 NS_SS0838    (5)    3 :  0.436 0.048 0.262 0.058 0.196 
103 NS_SS0839    (3)    3 :  0.123 0.004 0.607 0.258 0.009 
104 NS_SS0832    (4)    3 :  0.356 0.054 0.473 0.110 0.007 
105 NS_SS0820    (5)    3 :  0.517 0.005 0.347 0.127 0.004 
106 NS_SS0886    (9)    3 :  0.650 0.002 0.037 0.137 0.174 
107 NS_SS0748    (5)    3 :  0.246 0.009 0.477 0.032 0.235 
108 NS_SS0884    (9)    3 :  0.466 0.021 0.372 0.045 0.096 
109 NS_SS0752    (4)    3 :  0.430 0.002 0.369 0.115 0.084 
110 NS_SS0862    (1)    3 :  0.710 0.004 0.028 0.250 0.008 
111 NS_SS0787    (9)    3 :  0.031 0.006 0.010 0.017 0.936 
112 NS_SS0843    (6)    3 :  0.412 0.002 0.432 0.069 0.085 
113 NS_SS0856    (4)    3 :  0.492 0.003 0.270 0.202 0.034 
114 NS_SS0846    (2)    3 :  0.163 0.002 0.591 0.008 0.235 
115 NS_SS0825    (1)    3 :  0.194 0.011 0.377 0.362 0.056 
116 NS_SS0757    (3)    3 :  0.798 0.003 0.034 0.040 0.125 
117 NS_SS0876    (3)    3 :  0.296 0.219 0.244 0.229 0.012 
118 NS_SS0903   (10)    3 :  0.366 0.002 0.616 0.008 0.007 
119 NS_SS0875    (7)    3 :  0.019 0.003 0.012 0.954 0.012 
120 NS_SS0740    (5)    3 :  0.548 0.003 0.314 0.040 0.095 
121 NS_SS0811    (5)    3 :  0.266 0.007 0.034 0.680 0.013 
122 NS_SS0751    (1)    3 :  0.330 0.003 0.050 0.582 0.035 
123 NS_SS0891    (6)    3 :  0.023 0.005 0.460 0.493 0.018 
124 NS_SS0867    (2)    3 :  0.293 0.025 0.433 0.027 0.222 
125 NS_SS0890    (6)    3 :  0.295 0.004 0.026 0.617 0.059 
126 NS_SS0866   (12)    3 :  0.016 0.005 0.009 0.020 0.950 
127 NS_SS0755    (4)    3 :  0.086 0.006 0.386 0.461 0.061 
128 NS_SS0758    (4)    3 :  0.759 0.002 0.138 0.024 0.077 
129 NS_SS0840    (2)    3 :  0.098 0.002 0.365 0.523 0.011 
130 NS_SS0889    (4)    3 :  0.018 0.002 0.012 0.040 0.929 
131 NS_SS1010    (1)    3 :  0.455 0.047 0.258 0.109 0.130 
132 NS_SS0888    (5)    3 :  0.098 0.001 0.007 0.014 0.880 
133 NS_SS0837    (3)    3 :  0.380 0.003 0.221 0.355 0.041 
134 NS_SS0794   (10)    3 :  0.085 0.002 0.039 0.023 0.850 
135 NS_SS0823    (5)    3 :  0.076 0.004 0.857 0.034 0.029 
136 NS_SS0829    (7)    3 :  0.075 0.120 0.035 0.011 0.758 
137 NS_SS0844    (5)    3 :  0.013 0.001 0.975 0.005 0.006 
138 NS_SS1008    (6)    3 :  0.029 0.013 0.029 0.127 0.803 
139 NS_SS0881    (3)    3 :  0.228 0.003 0.025 0.668 0.076 
140 NS_SS0834    (6)    3 :  0.011 0.006 0.961 0.010 0.012 
141 NS_SS0744   (10)    3 :  0.780 0.005 0.085 0.069 0.061 
142 NS_SS0899    (7)    3 :  0.203 0.002 0.490 0.300 0.006 
143 NS_SS0804    (5)    3 :  0.453 0.004 0.302 0.234 0.007 
144 NS_SS0781   (10)    3 :  0.065 0.003 0.890 0.037 0.004 
145 NS_SS0822    (6)    3 :  0.030 0.002 0.119 0.011 0.838 
146 NS_SS1004    (4)    3 :  0.489 0.003 0.448 0.027 0.033 
147 NS_SS0746    (5)    3 :  0.281 0.012 0.547 0.034 0.126 
148 NS_SS0880    (3)    3 :  0.344 0.002 0.214 0.117 0.323 
149 NS_SS0879    (5)    3 :  0.034 0.014 0.782 0.099 0.072 
150 NS_SS0753    (2)    3 :  0.429 0.011 0.022 0.025 0.513 
151 NS_SS1007    (3)    3 :  0.603 0.001 0.007 0.364 0.025 
152 NS_SS0872    (5)    3 :  0.097 0.002 0.811 0.080 0.010 
153 NS_SS1005    (7)    3 :  0.070 0.001 0.907 0.012 0.011 
154 NS_SS0892    (6)    3 :  0.205 0.002 0.030 0.729 0.034 
155 NS_SS0898    (0)    3 :  0.014 0.005 0.016 0.751 0.213 
156 NS_SS0801    (9)    3 :  0.514 0.011 0.395 0.049 0.030 
157 NS_SS0827    (9)    3 :  0.226 0.114 0.011 0.598 0.051 
158 NS_SS0853    (7)    3 :  0.339 0.005 0.033 0.603 0.020 
159 NS_SS0780    (2)    3 :  0.673 0.004 0.105 0.212 0.006 
160 NS_SS0826   (10)    3 :  0.010 0.003 0.863 0.008 0.116 
161 NS_SS0818    (5)    3 :  0.468 0.002 0.230 0.286 0.015 
162 NS_SS0745    (1)    3 :  0.009 0.002 0.007 0.977 0.006 
163 NS_SS0849    (3)    3 :  0.238 0.002 0.023 0.719 0.019 
164 NS_SS0739    (3)    3 :  0.229 0.012 0.007 0.741 0.011 
165 NS_SS0799    (1)    3 :  0.390 0.001 0.010 0.058 0.540 
166 NS_SS0756    (3)    3 :  0.125 0.003 0.821 0.041 0.010 
167 NS_SS0802    (2)    3 :  0.669 0.186 0.015 0.035 0.096 
168 NS_SS0747    (6)    3 :  0.881 0.005 0.092 0.009 0.013 
169 NS_SS0835    (1)    3 :  0.075 0.001 0.088 0.084 0.752 
170 NS_SS0742   (19)    3 :  0.629 0.001 0.190 0.149 0.030 
171 NS_SS0760    (9)    3 :  0.138 0.053 0.015 0.015 0.779 
172 NS_SS0803    (4)    3 :  0.014 0.007 0.967 0.007 0.005 
173 NS_SS0828   (14)    3 :  0.334 0.001 0.043 0.556 0.066 
174 NS_SS0865    (2)    3 :  0.496 0.026 0.048 0.316 0.115 
175 NS_SS0759    (5)    3 :  0.409 0.005 0.026 0.552 0.008 
176 NS_SS0851    (5)    3 :  0.011 0.011 0.012 0.961 0.005 
177 NS_SS0874   (16)    3 :  0.015 0.002 0.967 0.009 0.008 
178 NS_SS0761    (6)    3 :  0.353 0.002 0.021 0.045 0.578 
179 NS_SS0842   (26)    3 :  0.047 0.009 0.249 0.622 0.073 
180 NS_SS0785    (6)    3 :  0.704 0.005 0.056 0.015 0.220 
181 NS_SS0860   (11)    3 :  0.166 0.003 0.017 0.040 0.775 
182 NS_SS0897    (7)    3 :  0.010 0.002 0.007 0.008 0.973 
183 NS_SS0841   (15)    3 :  0.103 0.004 0.089 0.786 0.018 
184 NS_SS0797    (7)    3 :  0.025 0.019 0.017 0.588 0.352 
185 NS_SS0830   (11)    3 :  0.153 0.002 0.074 0.551 0.220 
186 NS_SS1011    (5)    3 :  0.176 0.005 0.793 0.017 0.009 
187 NS_SS0883    (5)    3 :  0.623 0.005 0.007 0.339 0.026 
188 NS_SS0782    (2)    3 :  0.209 0.003 0.206 0.273 0.309 
189 NS_SS0831    (5)    3 :  0.067 0.003 0.017 0.038 0.875 
190 NS_SS0749    (7)    3 :  0.901 0.004 0.008 0.040 0.047 
191 NS_SS0854    (2)    3 :  0.494 0.003 0.172 0.028 0.303 
192 HI_SS0193    (0)    4 :  0.006 0.001 0.006 0.014 0.972 
193 HI_SS0194    (1)    4 :  0.008 0.002 0.956 0.018 0.017 
194 HI_SS0195   (10)    4 :  0.256 0.102 0.071 0.564 0.006 
195 HI_SS0196    (6)    4 :  0.301 0.002 0.264 0.097 0.335 
196 HI_SS0197    (3)    4 :  0.610 0.011 0.070 0.303 0.006 
197 HI_SS0198    (1)    4 :  0.513 0.009 0.058 0.366 0.054 
198 HI_SS0199    (1)    4 :  0.239 0.002 0.057 0.146 0.555 
199 HI_SS0201    (5)    4 :  0.076 0.002 0.114 0.012 0.796 
200 HI_SS0215    (1)    4 :  0.464 0.004 0.197 0.013 0.322 
201 HI_SS0218    (1)    4 :  0.036 0.006 0.005 0.036 0.917 
202 HI_SS0222    (0)    4 :  0.372 0.005 0.027 0.472 0.124 
203 HI_SS0230    (1)    4 :  0.607 0.004 0.269 0.112 0.008 
204 HI_SS0234    (2)    4 :  0.181 0.132 0.652 0.017 0.018 
205 HI_SS0240    (1)    4 :  0.512 0.007 0.017 0.447 0.016 
206 HI_SS0241    (0)    4 :  0.217 0.002 0.105 0.219 0.457 
207 HI_SS0242    (0)    4 :  0.157 0.003 0.117 0.595 0.127 
208 HI_SS0247    (0)    4 :  0.009 0.018 0.951 0.011 0.011 
209 HI_SS0248    (1)    4 :  0.012 0.001 0.025 0.010 0.952 
210 HI_SS0252    (2)    4 :  0.305 0.002 0.448 0.047 0.197 
211 HI_SS0254    (0)    4 :  0.299 0.099 0.055 0.049 0.499 
212 HI_SS0256    (0)    4 :  0.009 0.001 0.976 0.011 0.003 
213 HI_SS0257    (0)    4 :  0.195 0.003 0.403 0.011 0.387 
214 HI_SS0258    (1)    4 :  0.016 0.005 0.013 0.012 0.956 
215 HI_SS0259    (1)    4 :  0.380 0.003 0.292 0.302 0.023 
216 HI_SS0260    (1)    4 :  0.133 0.001 0.030 0.026 0.809 
217 HI_SS0261    (2)    4 :  0.068 0.004 0.217 0.038 0.673 
218 HI_SS0262    (0)    4 :  0.041 0.007 0.045 0.892 0.015 
219 HI_SS0264    (0)    4 :  0.376 0.004 0.478 0.126 0.015 
220 HI_SS0265    (0)    4 :  0.157 0.091 0.253 0.487 0.012 
221 HI_SS0268    (1)    4 :  0.887 0.002 0.030 0.056 0.024 
222 HI_SS0269    (0)    4 :  0.138 0.002 0.041 0.017 0.802 
223 HI_SS0273    (0)    4 :  0.040 0.002 0.014 0.037 0.908 
224 HI_SS0277    (1)    4 :  0.565 0.003 0.123 0.248 0.061 
225 HI_SS0280    (0)    4 :  0.269 0.005 0.016 0.623 0.087 
226 HI_SS0282    (1)    4 :  0.104 0.001 0.063 0.011 0.820 
227 HI_SS0286    (1)    4 :  0.743 0.007 0.103 0.038 0.109 
228 NS_SS1252    (3)    5 :  0.025 0.003 0.010 0.007 0.954 
229 NS_SS1261    (1)    5 :  0.551 0.017 0.266 0.109 0.058 
230 NS_SS1225   (10)    5 :  0.080 0.076 0.687 0.008 0.149 
231 NS_SS1266    (1)    5 :  0.012 0.008 0.962 0.013 0.004 
232 NS_SS1228    (0)    5 :  0.018 0.011 0.011 0.953 0.007 
233 NS_SS1255    (3)    5 :  0.023 0.002 0.079 0.432 0.463 
234 NS_SS1267    (3)    5 :  0.046 0.017 0.007 0.013 0.916 
235 NS_SS1238    (6)    5 :  0.372 0.003 0.161 0.195 0.270 
236 NS_SS1233    (8)    5 :  0.352 0.002 0.512 0.051 0.082 
237 NS_SS1277    (3)    5 :  0.007 0.001 0.006 0.202 0.785 
238 NS_SS1245    (1)    5 :  0.133 0.002 0.484 0.056 0.325 
239 NS_SS1240    (4)    5 :  0.033 0.002 0.009 0.005 0.951 
240 NS_SS1275    (2)    5 :  0.136 0.003 0.484 0.370 0.006 
241 NS_SS1235    (1)    5 :  0.009 0.004 0.970 0.006 0.011 
242 NS_SS1263    (1)    5 :  0.015 0.001 0.957 0.010 0.018 
243 NS_SS1251    (2)    5 :  0.011 0.001 0.961 0.008 0.019 
244 NS_SS1248    (0)    5 :  0.298 0.090 0.012 0.456 0.144 
245 NS_SS1244    (0)    5 :  0.500 0.004 0.200 0.020 0.276 
246 NS_SS1257    (1)    5 :  0.165 0.033 0.030 0.052 0.720 
247 NS_SS1242    (2)    5 :  0.046 0.003 0.579 0.364 0.008 
248 NS_SS1271    (6)    5 :  0.022 0.027 0.006 0.221 0.725 
249 NS_SS1265    (1)    5 :  0.378 0.020 0.069 0.015 0.518 
250 NS_SS1243    (0)    5 :  0.430 0.081 0.047 0.390 0.052 
251 NS_SS1273    (1)    5 :  0.040 0.011 0.063 0.870 0.017 
252 NS_SS1254   (14)    5 :  0.078 0.006 0.720 0.169 0.027 
253 NS_SS1224    (1)    5 :  0.106 0.010 0.662 0.198 0.024 
254 NS_SS1227    (8)    5 :  0.368 0.002 0.023 0.343 0.264 
255 NS_SS1274    (9)    5 :  0.344 0.019 0.050 0.023 0.565 
256 NS_SS1241    (1)    5 :  0.178 0.001 0.273 0.021 0.528 
257 NS_SS1256    (3)    5 :  0.038 0.042 0.852 0.027 0.041 
258 NS_SS1260    (8)    5 :  0.292 0.066 0.027 0.017 0.597 
259 NS_SS1262    (0)    5 :  0.159 0.176 0.345 0.026 0.293 
260 NS_SS1230    (0)    5 :  0.402 0.008 0.071 0.083 0.436 
261 NS_SS1270    (2)    5 :  0.466 0.002 0.513 0.009 0.010 
262 NS_SS1229    (2)    5 :  0.252 0.003 0.719 0.013 0.012 
263 NS_SS1246    (5)    5 :  0.221 0.003 0.065 0.034 0.676 
264 NS_SS1269    (0)    5 :  0.843 0.002 0.028 0.093 0.034 
265 NS_SS1239    (1)    5 :  0.278 0.004 0.020 0.639 0.059 
266 NS_SS1272    (5)    5 :  0.046 0.005 0.926 0.013 0.010 
267 NS_SS1268    (1)    5 :  0.032 0.002 0.218 0.732 0.016 
268 NS_SS1249    (1)    5 :  0.008 0.010 0.013 0.013 0.955 
269 HI_SS0559    (0)    6 :  0.387 0.002 0.347 0.082 0.182 
270 HI_SS0563    (1)    6 :  0.376 0.003 0.285 0.144 0.192 
271 HI_SS0564    (0)    6 :  0.513 0.055 0.108 0.291 0.034 
272 HI_SS0565    (0)    6 :  0.408 0.003 0.417 0.045 0.127 
273 HI_SS0569    (1)    6 :  0.623 0.002 0.029 0.012 0.335 
274 HI_SS0570    (0)    6 :  0.067 0.041 0.027 0.038 0.826 
275 HI_SS0572    (1)    6 :  0.008 0.002 0.958 0.024 0.008 
276 HI_SS0576    (1)    6 :  0.412 0.005 0.021 0.534 0.028 
277 HI_SS0579    (1)    6 :  0.093 0.013 0.810 0.016 0.068 
278 HI_SS0580    (1)    6 :  0.080 0.005 0.128 0.382 0.406 
279 HI_SS0581    (0)    6 :  0.476 0.066 0.120 0.329 0.009 
280 HI_SS0583    (1)    6 :  0.139 0.003 0.143 0.044 0.671 
281 HI_SS0586    (1)    6 :  0.039 0.001 0.007 0.014 0.939 
282 HI_SS0588    (1)    6 :  0.553 0.017 0.035 0.032 0.364 
283 HI_SS0595    (4)    6 :  0.143 0.027 0.030 0.644 0.155 
284 HI_SS0596    (0)    6 :  0.008 0.002 0.832 0.146 0.011 
285 HI_SS0597    (1)    6 :  0.112 0.002 0.859 0.016 0.011 
286 HI_SS0600    (0)    6 :  0.803 0.003 0.035 0.099 0.061 
287 HI_SS0601    (1)    6 :  0.387 0.013 0.478 0.015 0.106 
288 HI_SS0602    (1)    6 :  0.738 0.002 0.027 0.151 0.082 
289 HI_SS0604    (0)    6 :  0.479 0.002 0.470 0.010 0.039 
290 HI_SS0605    (1)    6 :  0.659 0.006 0.027 0.268 0.041 
291 HI_SS0608    (0)    6 :  0.132 0.001 0.014 0.824 0.029 
292 HI_SS0609    (0)    6 :  0.019 0.001 0.744 0.224 0.012 
293 HI_SS0611    (5)    6 :  0.097 0.003 0.023 0.053 0.825 
294 HI_SS0612    (0)    6 :  0.188 0.008 0.622 0.017 0.165 
295 HI_SS0613    (1)    6 :  0.345 0.001 0.071 0.535 0.047 
296 HI_SS0615    (1)    6 :  0.279 0.008 0.044 0.659 0.009 
297 HI_SS0001    (1)    6 :  0.095 0.005 0.136 0.039 0.725 
298 HI_SS0002    (1)    6 :  0.091 0.024 0.859 0.017 0.009 
299 HI_SS0004    (0)    6 :  0.237 0.006 0.045 0.053 0.659 
300 HI_SS0005    (1)    6 :  0.468 0.005 0.009 0.498 0.019 
301 HI_SS0006    (1)    6 :  0.130 0.002 0.295 0.011 0.562 
302 HI_SS0007    (1)    6 :  0.045 0.003 0.008 0.114 0.830 
303 HI_SS0008    (0)    6 :  0.606 0.037 0.114 0.210 0.033 
304 HI_SS0009    (0)    6 :  0.166 0.005 0.072 0.691 0.066 
305 HI_SS0010    (1)    6 :  0.329 0.004 0.018 0.115 0.534 
306 HI_SS0011    (1)    6 :  0.071 0.098 0.663 0.124 0.045 
307 HI_SS0012    (0)    6 :  0.515 0.005 0.319 0.155 0.007 
308 HI_SS0017    (1)    6 :  0.011 0.002 0.677 0.267 0.044 
309 HI_SS0021    (1)    6 :  0.066 0.242 0.013 0.235 0.443 
310 HI_SS0024    (1)    6 :  0.117 0.002 0.121 0.685 0.075 
311 HI_SS0025    (1)    6 :  0.125 0.004 0.333 0.520 0.018 
312 HI_SS0027    (0)    6 :  0.141 0.014 0.010 0.015 0.820 
313 HI_SS0028    (0)    6 :  0.030 0.002 0.017 0.946 0.005 
314 HI_SS0029    (1)    6 :  0.065 0.007 0.032 0.855 0.041 
315 HI_SS0030    (2)    6 :  0.269 0.006 0.074 0.081 0.571 
316 HI_SS0031    (0)    6 :  0.775 0.004 0.053 0.157 0.011 
317 HI_SS0034    (0)    6 :  0.217 0.005 0.035 0.008 0.735 
318 HI_SS0036    (0)    6 :  0.257 0.011 0.005 0.080 0.645 
319 HI_SS0037    (1)    6 :  0.370 0.005 0.053 0.116 0.456 
320 HI_SS0039    (0)    6 :  0.050 0.003 0.008 0.391 0.549 
321 HI_SS0041    (1)    6 :  0.027 0.002 0.052 0.907 0.012 
322 HI_SS0042    (1)    6 :  0.020 0.110 0.054 0.808 0.007 
323 HI_SS0043    (1)    6 :  0.088 0.003 0.008 0.009 0.892 
324 HI_SS0044    (1)    6 :  0.047 0.003 0.015 0.870 0.064 
325 HI_SS0047    (1)    6 :  0.516 0.002 0.448 0.016 0.018 
326 HI_SS0049    (1)    6 :  0.244 0.004 0.408 0.231 0.112 
327 HI_SS0051    (1)    6 :  0.780 0.002 0.043 0.092 0.083 
328 HI_SS0053    (1)    6 :  0.143 0.005 0.014 0.018 0.820 
329 HI_SS0054    (4)    6 :  0.017 0.004 0.018 0.013 0.949 
330 HI_SS0057    (0)    6 :  0.526 0.003 0.123 0.227 0.120 
331 HI_SS0058    (0)    6 :  0.032 0.007 0.785 0.033 0.143 
332 HI_SS0060    (0)    6 :  0.627 0.079 0.216 0.053 0.024 
333 HI_SS0087    (1)    6 :  0.075 0.003 0.749 0.026 0.147 
334 HI_SS0091    (1)    6 :  0.135 0.001 0.036 0.010 0.818 
335 HI_SS0095    (1)    6 :  0.666 0.047 0.197 0.024 0.066 
336 HI_SS0097    (3)    6 :  0.177 0.004 0.798 0.007 0.014 
337 HI_SS0099    (1)    6 :  0.007 0.004 0.012 0.970 0.007 
338 HI_SS0103    (0)    6 :  0.273 0.003 0.625 0.046 0.053 
339 HI_SS0105    (1)    6 :  0.678 0.027 0.209 0.043 0.043 
340 HI_SS0107    (1)    6 :  0.013 0.001 0.963 0.015 0.008 
341 HI_SS0108    (1)    6 :  0.018 0.023 0.006 0.007 0.946 
342 HI_SS0110    (0)    6 :  0.417 0.001 0.173 0.232 0.176 
343 HI_SS0111    (1)    6 :  0.594 0.024 0.021 0.341 0.019 
344 HI_SS0112    (0)    6 :  0.007 0.001 0.005 0.009 0.978 
345 HI_SS0113    (1)    6 :  0.074 0.004 0.866 0.048 0.008 
346 HI_SS0114    (1)    6 :  0.789 0.005 0.014 0.025 0.166 
347 HI_SS0115    (1)    6 :  0.537 0.014 0.095 0.191 0.162 
348 HI_SS0116    (4)    6 :  0.012 0.004 0.020 0.194 0.771 
349 HI_SS0117    (0)    6 :  0.025 0.002 0.813 0.008 0.152 
350 HI_SS0118    (0)    6 :  0.101 0.014 0.139 0.163 0.583 
351 HI_SS0119    (1)    6 :  0.421 0.002 0.022 0.012 0.543 
352 HI_SS0120    (1)    6 :  0.013 0.003 0.852 0.090 0.042 
353 HI_SS0121    (0)    6 :  0.283 0.001 0.130 0.577 0.009 
354 HI_SS0122    (2)    6 :  0.313 0.024 0.083 0.516 0.064 
355 HI_SS0123    (0)    6 :  0.493 0.004 0.356 0.117 0.028 
356 HI_SS0124    (1)    6 :  0.021 0.003 0.017 0.952 0.007 
357 HI_SS0125    (1)    6 :  0.067 0.026 0.008 0.894 0.004 
358 HI_SS0126    (0)    6 :  0.006 0.001 0.005 0.020 0.968 
359 HI_SS0127    (0)    6 :  0.652 0.008 0.039 0.198 0.104 
360 HI_SS0128    (0)    6 :  0.164 0.004 0.469 0.136 0.227 
361 HI_SS0129    (1)    6 :  0.281 0.012 0.030 0.447 0.231 
362 HI_SS0131    (2)    6 :  0.298 0.032 0.523 0.040 0.108 
363 HI_SS0132    (0)    6 :  0.364 0.001 0.065 0.332 0.239 
364 HI_SS0133    (1)    6 :  0.003 0.001 0.002 0.004 0.990 
365 HI_SS0134    (1)    6 :  0.437 0.002 0.250 0.088 0.223 
366 HI_SS0142    (3)    6 :  0.758 0.018 0.187 0.028 0.010 
367 HI_SS0145    (0)    6 :  0.198 0.001 0.587 0.014 0.200 
368 HI_SS0146    (1)    6 :  0.054 0.001 0.012 0.210 0.724 
369 HI_SS0147    (1)    6 :  0.262 0.027 0.551 0.149 0.012 
370 HI_SS0149    (1)    6 :  0.282 0.005 0.096 0.289 0.329 
371 HI_SS0150    (2)    6 :  0.449 0.004 0.037 0.498 0.013 
372 HI_SS0151    (0)    6 :  0.636 0.012 0.050 0.059 0.242 
373 NS_SS1451    (1)    6 :  0.216 0.004 0.037 0.734 0.008 
374 NS_SS1404    (0)    6 :  0.016 0.009 0.033 0.921 0.021 
375 NS_SS1432    (2)    6 :  0.158 0.030 0.013 0.794 0.006 
376 NS_SS1405    (5)    6 :  0.127 0.003 0.299 0.409 0.162 
377 NS_SS1431   (10)    6 :  0.056 0.001 0.303 0.625 0.015 
378 NS_SS1402    (3)    6 :  0.264 0.002 0.677 0.036 0.021 
379 NS_SS1450    (3)    6 :  0.218 0.004 0.020 0.036 0.722 
380 NS_SS1396    (0)    6 :  0.674 0.007 0.125 0.149 0.046 
381 NS_SS1393    (5)    6 :  0.867 0.003 0.017 0.020 0.092 
382 NS_SS1392   (10)    6 :  0.092 0.015 0.028 0.819 0.046 
383 NS_SS1445    (0)    6 :  0.375 0.011 0.061 0.023 0.530 
384 NS_SS1423    (0)    6 :  0.046 0.001 0.439 0.013 0.501 
385 NS_SS1421    (9)    6 :  0.131 0.100 0.106 0.036 0.627 
386 NS_SS1411    (6)    6 :  0.387 0.001 0.011 0.052 0.549 
387 NS_SS1453    (6)    6 :  0.466 0.007 0.044 0.086 0.397 
388 NS_SS1442    (3)    6 :  0.376 0.004 0.459 0.074 0.087 
389 NS_SS1422    (1)    6 :  0.097 0.012 0.721 0.022 0.149 
390 NS_SS1419    (1)    6 :  0.146 0.174 0.140 0.420 0.120 
391 NS_SS1427    (0)    6 :  0.014 0.001 0.006 0.033 0.945 
392 NS_SS1444    (4)    6 :  0.371 0.003 0.232 0.385 0.009 
393 NS_SS1455    (0)    6 :  0.009 0.001 0.971 0.010 0.008 
394 NS_SS1425    (2)    6 :  0.038 0.002 0.010 0.009 0.941 
395 NS_SS1400    (0)    6 :  0.008 0.001 0.012 0.005 0.974 
396 NS_SS1406    (2)    6 :  0.130 0.009 0.838 0.017 0.006 
397 NS_SS1417    (6)    6 :  0.021 0.007 0.897 0.014 0.062 
398 NS_SS1454    (3)    6 :  0.121 0.002 0.048 0.212 0.619 
399 NS_SS1412    (1)    6 :  0.106 0.029 0.083 0.224 0.558 
400 NS_SS1438    (1)    6 :  0.333 0.002 0.047 0.009 0.609 
401 NS_SS1416    (4)    6 :  0.445 0.006 0.087 0.445 0.017 
402 NS_SS1401    (0)    6 :  0.486 0.012 0.402 0.077 0.022 
403 NS_SS1424    (6)    6 :  0.160 0.013 0.149 0.047 0.632 
404 NS_SS1435   (10)    6 :  0.271 0.003 0.015 0.632 0.079 
405 NS_SS1447    (4)    6 :  0.376 0.006 0.544 0.053 0.020 
406 NS_SS1414    (3)    6 :  0.028 0.008 0.686 0.257 0.021 
407 NS_SS1449   (14)    6 :  0.514 0.004 0.416 0.022 0.043 
408 NS_SS1443    (4)    6 :  0.136 0.002 0.025 0.007 0.829 
409 NS_SS1434    (1)    6 :  0.016 0.001 0.409 0.059 0.516 
410 NS_SS1398    (1)    6 :  0.471 0.018 0.015 0.421 0.075 
411 NS_SS1426    (1)    6 :  0.094 0.003 0.013 0.016 0.874 
412 NS_SS1413    (0)    6 :  0.019 0.012 0.016 0.009 0.944 
413 NS_SS1395    (1)    6 :  0.866 0.008 0.020 0.019 0.087 
414 NS_SS1448   (10)    6 :  0.028 0.002 0.016 0.378 0.575 
415 NS_SS1446    (0)    6 :  0.299 0.003 0.400 0.145 0.153 
416 NS_SS1403    (2)    6 :  0.655 0.006 0.179 0.127 0.032 
417 NS_SS1415    (0)    6 :  0.041 0.011 0.009 0.023 0.916 
418 NS_SS1437    (4)    6 :  0.077 0.009 0.439 0.445 0.030 
419 NS_SS1439    (2)    6 :  0.347 0.003 0.629 0.012 0.009 
420 NS_SS1441    (3)    6 :  0.533 0.002 0.041 0.026 0.399 
421 NS_SS1420    (2)    6 :  0.022 0.003 0.013 0.956 0.006 
422 NS_SS1394    (2)    6 :  0.214 0.028 0.022 0.730 0.006 
423 NS_SS1391    (7)    6 :  0.341 0.016 0.139 0.071 0.434 
424 NS_SS1410    (5)    6 :  0.357 0.015 0.220 0.235 0.173 
425 NS_SS1408    (1)    6 :  0.756 0.049 0.130 0.057 0.009 
426 NS_SS1409    (1)    6 :  0.358 0.002 0.066 0.307 0.268 
427 HI_SS0617    (1)    7 :  0.325 0.002 0.190 0.386 0.098 
428 HI_SS0618    (2)    7 :  0.437 0.002 0.085 0.458 0.018 
429 HI_SS0619    (0)    7 :  0.077 0.004 0.073 0.776 0.071 
430 HI_SS0620    (1)    7 :  0.031 0.002 0.010 0.012 0.944 
431 HI_SS0621    (3)    7 :  0.332 0.015 0.409 0.227 0.018 
432 HI_SS0622    (1)    7 :  0.055 0.012 0.524 0.163 0.247 
433 HI_SS0626    (0)    7 :  0.130 0.007 0.012 0.840 0.011 
434 HI_SS0627    (0)    7 :  0.486 0.008 0.379 0.118 0.010 
435 HI_SS0628    (3)    7 :  0.059 0.051 0.026 0.604 0.260 
436 HI_SS0629    (1)    7 :  0.180 0.006 0.211 0.547 0.056 
437 HI_SS0630    (1)    7 :  0.390 0.050 0.027 0.223 0.309 
438 HI_SS0631    (0)    7 :  0.340 0.001 0.031 0.063 0.565 
439 HI_SS0632    (0)    7 :  0.547 0.002 0.096 0.230 0.124 
440 HI_SS0633    (0)    7 :  0.025 0.003 0.382 0.559 0.031 
441 HI_SS0634    (1)    7 :  0.308 0.002 0.018 0.631 0.041 
442 HI_SS0635    (0)    7 :  0.171 0.008 0.190 0.618 0.013 
443 HI_SS0637    (1)    7 :  0.944 0.002 0.036 0.011 0.007 
444 HI_SS0638    (0)    7 :  0.094 0.001 0.022 0.186 0.696 
445 HI_SS0639    (1)    7 :  0.143 0.038 0.071 0.742 0.007 
446 HI_SS0640    (1)    7 :  0.611 0.002 0.039 0.284 0.063 
447 HI_SS0641    (1)    7 :  0.479 0.004 0.010 0.307 0.199 
448 HI_SS0642    (0)    7 :  0.349 0.003 0.070 0.515 0.063 
449 HI_SS0645    (0)    7 :  0.013 0.001 0.012 0.959 0.015 
450 HI_SS0646    (1)    7 :  0.505 0.003 0.322 0.031 0.139 
451 HI_SS0647    (1)    7 :  0.052 0.001 0.099 0.081 0.767 
452 HI_SS0648    (0)    7 :  0.287 0.003 0.151 0.461 0.098 
453 HI_SS0649    (1)    7 :  0.571 0.002 0.243 0.164 0.020 
454 HI_SS0650    (1)    7 :  0.804 0.004 0.073 0.077 0.041 
455 HI_SS0651    (1)    7 :  0.512 0.004 0.326 0.107 0.051 
456 HI_SS0652    (1)    7 :  0.174 0.003 0.011 0.801 0.011 
457 NS_SS1371    (3)    7 :  0.692 0.007 0.077 0.059 0.165 
458 NS_SS1374    (0)    7 :  0.108 0.003 0.009 0.168 0.711 
459 NS_SS1337    (3)    7 :  0.173 0.004 0.486 0.205 0.132 
460 NS_SS1385    (5)    7 :  0.114 0.004 0.746 0.043 0.093 
461 NS_SS1388    (0)    7 :  0.068 0.007 0.132 0.758 0.034 
462 NS_SS1370    (1)    7 :  0.705 0.009 0.036 0.218 0.031 
463 NS_SS1389    (3)    7 :  0.011 0.004 0.107 0.865 0.013 
464 NS_SS1360    (1)    7 :  0.593 0.004 0.015 0.019 0.368 
465 NS_SS1330    (0)    7 :  0.766 0.003 0.178 0.046 0.006 
466 NS_SS1328    (9)    7 :  0.013 0.002 0.031 0.057 0.898 
467 NS_SS1384    (1)    7 :  0.328 0.004 0.569 0.050 0.049 
468 NS_SS1381    (0)    7 :  0.013 0.001 0.933 0.045 0.007 
469 NS_SS1375    (1)    7 :  0.013 0.001 0.005 0.971 0.010 
470 NS_SS1319   (11)    7 :  0.347 0.091 0.029 0.492 0.041 
471 NS_SS1326    (2)    7 :  0.014 0.009 0.011 0.024 0.942 
472 NS_SS1341    (1)    7 :  0.568 0.005 0.346 0.019 0.061 
473 NS_SS1383    (2)    7 :  0.899 0.003 0.011 0.049 0.038 
474 NS_SS1318    (3)    7 :  0.441 0.016 0.321 0.130 0.093 
475 NS_SS1348    (2)    7 :  0.157 0.001 0.018 0.012 0.811 
476 NS_SS1363    (0)    7 :  0.331 0.005 0.145 0.460 0.059 
477 NS_SS1335    (4)    7 :  0.636 0.028 0.016 0.022 0.299 
478 NS_SS1358    (0)    7 :  0.327 0.014 0.172 0.009 0.479 
479 NS_SS1342    (1)    7 :  0.019 0.001 0.461 0.020 0.499 
480 NS_SS1320    (3)    7 :  0.036 0.007 0.753 0.196 0.008 
481 NS_SS1355    (1)    7 :  0.395 0.012 0.570 0.015 0.008 
482 NS_SS1345    (1)    7 :  0.010 0.015 0.955 0.008 0.012 
483 NS_SS1324    (0)    7 :  0.492 0.003 0.034 0.306 0.165 
484 NS_SS1347    (5)    7 :  0.685 0.004 0.145 0.035 0.131 
485 NS_SS1321    (4)    7 :  0.321 0.001 0.016 0.126 0.536 
486 NS_SS1333    (0)    7 :  0.022 0.003 0.006 0.899 0.069 
487 NS_SS1364    (1)    7 :  0.028 0.002 0.775 0.007 0.188 
488 NS_SS1379    (0)    7 :  0.745 0.050 0.166 0.016 0.024 
489 NS_SS1332    (0)    7 :  0.017 0.006 0.011 0.029 0.937 
490 NS_SS1338    (5)    7 :  0.497 0.008 0.013 0.142 0.340 
491 NS_SS1368    (6)    7 :  0.026 0.006 0.235 0.120 0.613 
492 NS_SS1354    (1)    7 :  0.063 0.012 0.878 0.035 0.012 
493 NS_SS1365    (0)    7 :  0.107 0.008 0.042 0.817 0.027 
494 NS_SS1380    (1)    7 :  0.018 0.018 0.947 0.012 0.006 
495 NS_SS1329    (8)    7 :  0.021 0.003 0.696 0.007 0.274 
496 NS_SS1362    (0)    7 :  0.115 0.004 0.803 0.027 0.051 
497 NS_SS1327    (2)    7 :  0.012 0.003 0.003 0.006 0.976 
498 NS_SS1350    (0)    7 :  0.457 0.008 0.024 0.442 0.069 
499 NS_SS1387    (2)    7 :  0.499 0.002 0.017 0.448 0.035 
500 NS_SS1369    (8)    7 :  0.058 0.004 0.016 0.038 0.884 
501 NS_SS1331    (1)    7 :  0.113 0.009 0.011 0.744 0.123 
502 NS_SS1357    (5)    7 :  0.192 0.004 0.194 0.183 0.427 
503 NS_SS1386    (1)    7 :  0.009 0.003 0.014 0.005 0.968 
504 NS_SS1353    (2)    7 :  0.077 0.004 0.529 0.328 0.062 
505 NS_SS1323    (0)    7 :  0.151 0.079 0.458 0.290 0.022 
506 HI_SS0296    (0)    8 :  0.365 0.001 0.015 0.054 0.565 
507 HI_SS0297    (0)    8 :  0.412 0.001 0.186 0.223 0.177 
508 HI_SS0299    (0)    8 :  0.379 0.034 0.184 0.018 0.384 
509 HI_SS0300    (0)    8 :  0.731 0.001 0.019 0.023 0.226 
510 HI_SS0301    (0)    8 :  0.564 0.003 0.027 0.388 0.017 
511 HI_SS0302    (0)    8 :  0.162 0.024 0.031 0.037 0.746 
512 HI_SS0303    (0)    8 :  0.018 0.006 0.024 0.016 0.935 
513 HI_SS0304    (0)    8 :  0.161 0.002 0.045 0.768 0.024 
514 HI_SS0306    (5)    8 :  0.007 0.003 0.005 0.009 0.976 
515 HI_SS0307    (1)    8 :  0.187 0.009 0.127 0.656 0.021 
516 HI_SS0308    (1)    8 :  0.564 0.075 0.158 0.172 0.032 
517 HI_SS0309    (0)    8 :  0.371 0.003 0.584 0.032 0.010 
518 HI_SS0310    (0)    8 :  0.061 0.007 0.682 0.027 0.223 
519 HI_SS0311    (4)    8 :  0.242 0.002 0.024 0.618 0.114 
520 HI_SS0314    (0)    8 :  0.070 0.001 0.113 0.777 0.039 
521 HI_SS0316    (1)    8 :  0.312 0.005 0.049 0.156 0.478 
522 HI_SS0317    (3)    8 :  0.546 0.002 0.042 0.389 0.021 
523 HI_SS0318    (1)    8 :  0.626 0.177 0.007 0.029 0.161 
524 HI_SS0319    (0)    8 :  0.011 0.005 0.011 0.008 0.966 
525 HI_SS0320    (3)    8 :  0.039 0.001 0.016 0.935 0.010 
526 HI_SS0321    (0)    8 :  0.951 0.002 0.008 0.015 0.024 
527 HI_SS0323    (1)    8 :  0.208 0.002 0.007 0.714 0.070 
528 HI_SS0325    (2)    8 :  0.105 0.002 0.014 0.020 0.859 
529 HI_SS0327    (1)    8 :  0.211 0.002 0.077 0.013 0.698 
530 HI_SS0329    (1)    8 :  0.271 0.002 0.042 0.633 0.052 
531 HI_SS0333    (1)    8 :  0.647 0.003 0.164 0.087 0.099 
532 HI_SS0334    (1)    8 :  0.744 0.001 0.025 0.008 0.221 
533 HI_SS0335    (1)    8 :  0.053 0.018 0.914 0.007 0.009 
534 HI_SS0339    (0)    8 :  0.026 0.013 0.929 0.023 0.009 
535 HI_SS0343    (2)    8 :  0.017 0.002 0.955 0.013 0.014 
536 HI_SS0344    (1)    8 :  0.008 0.003 0.004 0.004 0.981 
537 HI_SS0345    (3)    8 :  0.064 0.007 0.779 0.089 0.060 
538 HI_SS0346    (0)    8 :  0.643 0.004 0.015 0.286 0.052 
539 HI_SS0350    (1)    8 :  0.024 0.008 0.852 0.108 0.008 
540 HI_SS0351    (0)    8 :  0.318 0.004 0.595 0.018 0.064 
541 HI_SS0352    (3)    8 :  0.038 0.097 0.834 0.017 0.014 
542 HI_SS0362    (0)    8 :  0.199 0.001 0.006 0.680 0.113 
543 HI_SS0363    (1)    8 :  0.032 0.004 0.021 0.017 0.927 
544 HI_SS0365    (0)    8 :  0.221 0.005 0.092 0.076 0.607 
545 HI_SS0366    (0)    8 :  0.013 0.002 0.052 0.009 0.925 
546 HI_SS0367    (1)    8 :  0.129 0.002 0.830 0.032 0.007 
547 HI_SS0369    (1)    8 :  0.315 0.002 0.192 0.480 0.011 
548 HI_SS0370    (0)    8 :  0.391 0.003 0.542 0.032 0.033 
549 HI_SS0371    (4)    8 :  0.020 0.004 0.017 0.346 0.614 
550 HI_SS0373    (3)    8 :  0.011 0.007 0.011 0.960 0.012 
551 HI_SS0374    (0)    8 :  0.246 0.026 0.142 0.577 0.009 
552 HI_SS0377    (0)    8 :  0.078 0.096 0.085 0.015 0.726 
553 HI_SS0379    (1)    8 :  0.008 0.001 0.006 0.004 0.982 
554 HI_SS0380    (1)    8 :  0.125 0.006 0.782 0.074 0.014 
555 HI_SS0381    (2)    8 :  0.284 0.004 0.416 0.283 0.012 
556 HI_SS0384    (3)    8 :  0.078 0.007 0.017 0.507 0.391 
557 HI_SS0385    (1)    8 :  0.007 0.001 0.008 0.708 0.275 
558 HI_SS0386    (0)    9 :  0.002 0.993 0.002 0.002 0.002 
559 HI_SS0387    (0)    9 :  0.014 0.948 0.011 0.012 0.015 
560 HI_SS0389    (2)    9 :  0.004 0.986 0.003 0.003 0.004 
561 HI_SS0390    (2)    9 :  0.002 0.993 0.002 0.002 0.002 
562 HI_SS0391    (3)    9 :  0.002 0.990 0.004 0.002 0.002 
563 HI_SS0392    (0)    9 :  0.002 0.993 0.002 0.002 0.002 
564 HI_SS0393    (2)    9 :  0.002 0.994 0.002 0.001 0.002 
565 HI_SS0394    (2)    9 :  0.002 0.993 0.001 0.002 0.002 
566 HI_SS0395    (2)    9 :  0.004 0.985 0.003 0.005 0.003 
567 HI_SS0396    (2)    9 :  0.009 0.960 0.011 0.013 0.006 
568 HI_SS0398    (2)    9 :  0.009 0.974 0.007 0.005 0.006 
569 HI_SS0399    (2)    9 :  0.001 0.995 0.001 0.001 0.001 
570 HI_SS0400    (3)    9 :  0.002 0.991 0.003 0.002 0.002 
571 HI_SS0401    (5)    9 :  0.002 0.993 0.001 0.002 0.002 
572 HI_SS0402    (0)    9 :  0.001 0.995 0.001 0.001 0.001 
573 HI_SS0403    (0)    9 :  0.002 0.993 0.002 0.002 0.002 
574 HI_SS0404    (2)    9 :  0.001 0.995 0.001 0.001 0.001 
575 HI_SS0405    (2)    9 :  0.017 0.935 0.027 0.011 0.010 
576 HI_SS0406    (2)    9 :  0.002 0.991 0.002 0.002 0.002 
577 HI_SS0407    (0)    9 :  0.006 0.968 0.008 0.011 0.006 
578 HI_SS0408    (0)    9 :  0.001 0.995 0.001 0.001 0.001 
579 HI_SS0409    (2)    9 :  0.004 0.988 0.003 0.003 0.003 
580 HI_SS0411    (2)    9 :  0.003 0.988 0.003 0.003 0.003 
581 HI_SS0412   (11)    9 :  0.070 0.803 0.054 0.035 0.038 
582 HI_SS0413    (0)    9 :  0.003 0.991 0.003 0.002 0.002 
583 HI_SS0414    (2)    9 :  0.023 0.933 0.013 0.021 0.010 
584 HI_SS0415    (2)    9 :  0.002 0.992 0.002 0.002 0.002 
585 HI_SS0416    (2)    9 :  0.003 0.986 0.003 0.004 0.004 
586 HI_SS0418    (2)    9 :  0.007 0.978 0.006 0.005 0.004 
587 HI_SS0419    (3)    9 :  0.003 0.988 0.004 0.004 0.002 
588 HI_SS0420    (0)    9 :  0.002 0.991 0.002 0.002 0.002 
589 HI_SS0421    (4)    9 :  0.005 0.982 0.006 0.004 0.004 
590 HI_SS0422    (3)    9 :  0.002 0.994 0.002 0.002 0.001 
591 HI_SS0423    (2)    9 :  0.005 0.981 0.003 0.006 0.005 
592 HI_SS0424    (1)    9 :  0.002 0.993 0.002 0.002 0.002 
593 HI_SS0425    (0)    9 :  0.003 0.987 0.004 0.005 0.002 
594 NS_SS1146    (3)   10 :  0.003 0.990 0.002 0.002 0.003 
595 NS_SS1157    (1)   10 :  0.007 0.972 0.008 0.006 0.006 
596 NS_SS1144    (7)   10 :  0.018 0.930 0.016 0.016 0.020 
597 NS_SS1074    (3)   10 :  0.003 0.985 0.004 0.003 0.004 
598 NS_SS1122    (0)   10 :  0.005 0.981 0.005 0.005 0.004 
599 NS_SS1136    (2)   10 :  0.001 0.995 0.001 0.001 0.001 
600 NS_SS1077    (4)   10 :  0.001 0.997 0.001 0.001 0.001 
601 NS_SS1134    (2)   10 :  0.010 0.958 0.008 0.015 0.009 
602 NS_SS1091    (1)   10 :  0.003 0.990 0.003 0.003 0.002 
603 NS_SS1089   (10)   10 :  0.003 0.989 0.002 0.003 0.003 
604 NS_SS1123    (2)   10 :  0.001 0.994 0.001 0.002 0.002 
605 NS_SS1158    (3)   10 :  0.001 0.996 0.001 0.001 0.001 
606 NS_SS1093    (3)   10 :  0.002 0.990 0.002 0.002 0.003 
607 NS_SS1102    (5)   10 :  0.006 0.977 0.007 0.005 0.005 
608 NS_SS1056    (0)   10 :  0.002 0.993 0.002 0.002 0.002 
609 NS_SS1126    (2)   10 :  0.003 0.990 0.002 0.002 0.003 
610 NS_SS1058   (15)   10 :  0.004 0.983 0.004 0.004 0.005 
611 NS_SS1084    (2)   10 :  0.001 0.994 0.001 0.002 0.001 
612 NS_SS1095    (3)   10 :  0.005 0.977 0.004 0.006 0.008 
613 NS_SS1079    (3)   10 :  0.002 0.992 0.002 0.002 0.002 
614 NS_SS1149    (0)   10 :  0.003 0.990 0.003 0.002 0.002 
615 NS_SS1121    (0)   10 :  0.002 0.993 0.002 0.002 0.001 
616 NS_SS1067    (0)   10 :  0.005 0.977 0.006 0.007 0.005 
617 NS_SS1081    (2)   10 :  0.003 0.990 0.002 0.003 0.003 
618 NS_SS1130    (0)   10 :  0.004 0.986 0.003 0.004 0.003 
619 NS_SS1073    (2)   10 :  0.003 0.988 0.004 0.003 0.002 
620 NS_SS1133    (2)   10 :  0.006 0.971 0.007 0.013 0.003 
621 NS_SS1129    (2)   10 :  0.001 0.994 0.001 0.002 0.001 
622 NS_SS1085    (1)   10 :  0.002 0.992 0.002 0.002 0.002 
623 NS_SS1137    (2)   10 :  0.004 0.982 0.004 0.005 0.005 
624 NS_SS1135    (3)   10 :  0.001 0.995 0.001 0.002 0.001 
625 NS_SS1082    (3)   10 :  0.002 0.993 0.002 0.002 0.002 
