

----------------------------------------------------
STRUCTURE by Pritchard, Stephens and Donnelly (2000)
     and Falush, Stephens and Pritchard (2003)
       Code by Pritchard, Falush and Hubisz
             Version 2.3.4 (Jul 2012)
----------------------------------------------------



Command line arguments:   /home/genobiwan/Documents/Programs/Structure/structure -m parameter_job_k10_r2 
Input File:    /media/genobiwan/Storage/Projets/Mackerel_NWA_2021/data_job_k10_r2

Run parameters:
   629 individuals
   4140 loci
   10 populations assumed
   100000 Burn-in period
   200000 Reps


--------------------------------------------
Proportion of membership of each pre-defined
 population in each of the 10 clusters

Given    Inferred Clusters                                                        Number of
 Pop       1      2      3      4      5      6      7      8      9     10      Individuals

  1:     0.110  0.123  0.013  0.096  0.106  0.088  0.141  0.089  0.102  0.132       67
  2:     0.096  0.130  0.009  0.132  0.089  0.033  0.102  0.051  0.239  0.119       32
  3:     0.106  0.152  0.014  0.126  0.084  0.063  0.158  0.083  0.097  0.117       92
  4:     0.073  0.117  0.018  0.113  0.158  0.079  0.066  0.129  0.160  0.088       36
  5:     0.104  0.141  0.019  0.079  0.100  0.097  0.158  0.125  0.111  0.065       41
  6:     0.090  0.106  0.014  0.101  0.132  0.104  0.096  0.113  0.094  0.150      158
  7:     0.109  0.123  0.010  0.106  0.125  0.108  0.086  0.095  0.123  0.116       79
  8:     0.118  0.107  0.014  0.084  0.079  0.098  0.142  0.119  0.145  0.095       52
  9:     0.006  0.004  0.958  0.004  0.005  0.004  0.005  0.004  0.004  0.005       36
 10:     0.005  0.004  0.964  0.004  0.004  0.004  0.004  0.004  0.004  0.004       36
--------------------------------------------

Allele-freq. divergence among pops (Net nucleotide distance),
computed using point estimates of P.

      1       2       3       4       5       6       7       8       9      10      
 1      -    0.0004  0.0053  0.0006  0.0005  0.0006  0.0004  0.0006  0.0004  0.0004  
 2   0.0004     -    0.0051  0.0004  0.0003  0.0004  0.0002  0.0005  0.0003  0.0003  
 3   0.0053  0.0051     -    0.0052  0.0053  0.0054  0.0051  0.0054  0.0052  0.0051  
 4   0.0006  0.0004  0.0052     -    0.0005  0.0006  0.0004  0.0006  0.0005  0.0005  
 5   0.0005  0.0003  0.0053  0.0005     -    0.0005  0.0003  0.0005  0.0004  0.0004  
 6   0.0006  0.0004  0.0054  0.0006  0.0005     -    0.0005  0.0005  0.0005  0.0005  
 7   0.0004  0.0002  0.0051  0.0004  0.0003  0.0005     -    0.0005  0.0003  0.0003  
 8   0.0006  0.0005  0.0054  0.0006  0.0005  0.0005  0.0005     -    0.0005  0.0005  
 9   0.0004  0.0003  0.0052  0.0005  0.0004  0.0005  0.0003  0.0005     -    0.0004  
10   0.0004  0.0003  0.0051  0.0005  0.0004  0.0005  0.0003  0.0005  0.0004     -    

Average distances (expected heterozygosity) between individuals in same cluster:
cluster  1  : 0.3181 
cluster  2  : 0.3185 
cluster  3  : 0.3051 
cluster  4  : 0.3171 
cluster  5  : 0.3181 
cluster  6  : 0.3179 
cluster  7  : 0.3184 
cluster  8  : 0.3175 
cluster  9  : 0.3191 
cluster 10  : 0.3189 

--------------------------------------------
Estimated Ln Prob of Data   = -2489657.0
Mean value of ln likelihood = -2461300.3
Variance of ln likelihood   = 56713.3
Mean value of alpha         = 0.0458

Mean value of Fst_1         = 0.0069
Mean value of Fst_2         = 0.0044
Mean value of Fst_3         = 0.0400
Mean value of Fst_4         = 0.0074
Mean value of Fst_5         = 0.0061
Mean value of Fst_6         = 0.0082
Mean value of Fst_7         = 0.0049
Mean value of Fst_8         = 0.0080
Mean value of Fst_9         = 0.0054
Mean value of Fst_10         = 0.0050


Inferred ancestry of individuals:
        Label (%Miss) Pop:  Inferred clusters
  1 NS_SS0963    (4)    1 :  0.017 0.046 0.008 0.042 0.751 0.017 0.026 0.017 0.007 0.068 
  2 NS_SS0983    (1)    1 :  0.136 0.776 0.003 0.002 0.008 0.004 0.008 0.016 0.035 0.011 
  3 NS_SS0719    (9)    1 :  0.019 0.049 0.006 0.013 0.046 0.042 0.024 0.018 0.703 0.080 
  4 NS_SS1001    (8)    1 :  0.023 0.068 0.008 0.009 0.009 0.811 0.015 0.026 0.017 0.014 
  5 NS_SS0936    (4)    1 :  0.011 0.013 0.002 0.007 0.024 0.028 0.802 0.005 0.091 0.017 
  6 NS_SS0955    (6)    1 :  0.010 0.881 0.003 0.017 0.018 0.013 0.014 0.015 0.014 0.015 
  7 NS_SS0944    (3)    1 :  0.042 0.033 0.002 0.047 0.048 0.112 0.052 0.596 0.023 0.045 
  8 NS_SS0945    (3)    1 :  0.014 0.016 0.011 0.102 0.018 0.025 0.078 0.705 0.025 0.007 
  9 NS_SS0922    (2)    1 :  0.006 0.019 0.025 0.008 0.036 0.046 0.013 0.003 0.823 0.020 
 10 NS_SS0929    (7)    1 :  0.056 0.137 0.003 0.031 0.070 0.064 0.467 0.030 0.070 0.073 
 11 NS_SS0956    (1)    1 :  0.183 0.091 0.006 0.023 0.031 0.155 0.276 0.017 0.040 0.178 
 12 NS_SS0906    (3)    1 :  0.078 0.046 0.003 0.033 0.056 0.018 0.280 0.050 0.036 0.400 
 13 NS_SS0721    (6)    1 :  0.067 0.831 0.004 0.013 0.013 0.008 0.009 0.007 0.020 0.027 
 14 NS_SS0982    (4)    1 :  0.010 0.009 0.018 0.096 0.053 0.005 0.488 0.006 0.007 0.309 
 15 NS_SS0923    (6)    1 :  0.032 0.060 0.007 0.123 0.015 0.022 0.033 0.008 0.578 0.122 
 16 NS_SS0905    (6)    1 :  0.394 0.037 0.002 0.094 0.007 0.014 0.056 0.019 0.226 0.150 
 17 NS_SS0925    (3)    1 :  0.154 0.027 0.003 0.009 0.005 0.017 0.668 0.004 0.068 0.045 
 18 NS_SS0947    (6)    1 :  0.018 0.184 0.005 0.201 0.054 0.038 0.373 0.036 0.044 0.045 
 19 NS_SS0926    (2)    1 :  0.007 0.080 0.001 0.009 0.160 0.044 0.011 0.644 0.012 0.031 
 20 NS_SS0918    (6)    1 :  0.326 0.273 0.003 0.016 0.068 0.014 0.236 0.035 0.022 0.008 
 21 NS_SS0966    (4)    1 :  0.043 0.103 0.066 0.187 0.206 0.019 0.236 0.058 0.054 0.028 
 22 NS_SS0938    (2)    1 :  0.018 0.024 0.002 0.009 0.372 0.085 0.325 0.012 0.135 0.018 
 23 NS_SS0917    (2)    1 :  0.012 0.218 0.034 0.039 0.016 0.070 0.027 0.013 0.018 0.553 
 24 NS_SS0957   (11)    1 :  0.160 0.050 0.006 0.159 0.145 0.051 0.173 0.007 0.008 0.240 
 25 NS_SS0987    (1)    1 :  0.103 0.189 0.240 0.021 0.005 0.332 0.037 0.014 0.044 0.015 
 26 NS_SS0717    (4)    1 :  0.030 0.469 0.003 0.077 0.008 0.014 0.320 0.023 0.013 0.042 
 27 NS_SS0986    (2)    1 :  0.009 0.856 0.003 0.046 0.022 0.009 0.021 0.016 0.011 0.008 
 28 NS_SS0953    (3)    1 :  0.229 0.169 0.023 0.062 0.014 0.025 0.431 0.012 0.011 0.024 
 29 NS_SS0907    (3)    1 :  0.011 0.021 0.043 0.204 0.021 0.077 0.510 0.010 0.034 0.069 
 30 NS_SS0974    (6)    1 :  0.033 0.009 0.005 0.020 0.056 0.015 0.033 0.800 0.012 0.018 
 31 NS_SS0989    (1)    1 :  0.027 0.017 0.001 0.022 0.291 0.102 0.070 0.024 0.427 0.017 
 32 NS_SS0991    (3)    1 :  0.022 0.139 0.002 0.018 0.004 0.011 0.016 0.469 0.013 0.305 
 33 NS_SS0994    (2)    1 :  0.036 0.041 0.002 0.008 0.057 0.333 0.010 0.299 0.048 0.165 
 34 NS_SS0931    (6)    1 :  0.003 0.012 0.007 0.003 0.006 0.940 0.004 0.014 0.005 0.006 
 35 NS_SS1000    (5)    1 :  0.005 0.019 0.005 0.072 0.007 0.793 0.035 0.017 0.006 0.042 
 36 NS_SS0919    (1)    1 :  0.008 0.187 0.003 0.013 0.022 0.005 0.015 0.022 0.013 0.712 
 37 NS_SS0949    (4)    1 :  0.015 0.065 0.002 0.005 0.020 0.159 0.012 0.662 0.015 0.044 
 38 NS_SS0960   (10)    1 :  0.178 0.244 0.006 0.170 0.060 0.029 0.097 0.122 0.038 0.055 
 39 NS_SS0716    (2)    1 :  0.007 0.006 0.004 0.944 0.004 0.014 0.005 0.005 0.004 0.006 
 40 NS_SS0924    (8)    1 :  0.012 0.179 0.015 0.106 0.010 0.009 0.014 0.018 0.510 0.128 
 41 NS_SS0935    (2)    1 :  0.010 0.005 0.007 0.014 0.004 0.012 0.005 0.024 0.013 0.907 
 42 NS_SS0952   (14)    1 :  0.016 0.017 0.048 0.105 0.034 0.133 0.021 0.160 0.012 0.455 
 43 NS_SS0962   (11)    1 :  0.012 0.364 0.008 0.022 0.403 0.009 0.102 0.054 0.007 0.020 
 44 NS_SS0973    (5)    1 :  0.248 0.052 0.004 0.008 0.008 0.008 0.266 0.020 0.011 0.376 
 45 NS_SS0722    (1)    1 :  0.030 0.149 0.003 0.066 0.014 0.116 0.133 0.008 0.014 0.466 
 46 NS_SS0979   (13)    1 :  0.032 0.037 0.003 0.673 0.103 0.022 0.029 0.011 0.015 0.073 
 47 NS_SS0993    (2)    1 :  0.754 0.016 0.022 0.006 0.012 0.024 0.040 0.005 0.013 0.107 
 48 NS_SS0958    (1)    1 :  0.012 0.015 0.003 0.624 0.011 0.043 0.042 0.201 0.026 0.024 
 49 NS_SS0988    (4)    1 :  0.039 0.102 0.006 0.008 0.104 0.007 0.524 0.026 0.026 0.158 
 50 NS_SS1003    (2)    1 :  0.017 0.006 0.008 0.006 0.917 0.009 0.011 0.005 0.011 0.010 
 51 NS_SS0976    (1)    1 :  0.030 0.017 0.003 0.023 0.577 0.010 0.068 0.111 0.085 0.076 
 52 NS_SS0964   (10)    1 :  0.043 0.018 0.003 0.723 0.008 0.066 0.016 0.010 0.045 0.068 
 53 NS_SS0939    (4)    1 :  0.472 0.015 0.007 0.113 0.058 0.052 0.163 0.031 0.069 0.019 
 54 NS_SS0990    (6)    1 :  0.064 0.091 0.005 0.016 0.672 0.059 0.025 0.027 0.022 0.020 
 55 NS_SS0984    (2)    1 :  0.010 0.015 0.003 0.021 0.088 0.021 0.156 0.004 0.530 0.150 
 56 NS_SS0980   (10)    1 :  0.363 0.066 0.002 0.010 0.026 0.007 0.178 0.009 0.017 0.321 
 57 NS_SS0978    (4)    1 :  0.018 0.009 0.004 0.042 0.192 0.015 0.165 0.011 0.070 0.474 
 58 NS_SS0951   (18)    1 :  0.388 0.187 0.003 0.124 0.010 0.010 0.060 0.113 0.022 0.083 
 59 NS_SS0913    (3)    1 :  0.249 0.047 0.045 0.259 0.041 0.152 0.079 0.021 0.092 0.016 
 60 NS_SS1002    (1)    1 :  0.006 0.010 0.046 0.013 0.628 0.004 0.273 0.005 0.005 0.009 
 61 NS_SS0948    (1)    1 :  0.122 0.014 0.047 0.008 0.026 0.066 0.600 0.012 0.030 0.076 
 62 NS_SS0916    (4)    1 :  0.744 0.010 0.004 0.006 0.038 0.020 0.015 0.004 0.151 0.009 
 63 NS_SS0995    (1)    1 :  0.908 0.021 0.004 0.006 0.010 0.006 0.008 0.009 0.020 0.008 
 64 NS_SS0927    (6)    1 :  0.012 0.128 0.006 0.087 0.087 0.017 0.017 0.024 0.592 0.030 
 65 NS_SS0992    (5)    1 :  0.155 0.009 0.002 0.011 0.074 0.021 0.043 0.014 0.651 0.019 
 66 NS_SS0912    (1)    1 :  0.012 0.105 0.003 0.086 0.017 0.370 0.037 0.133 0.011 0.225 
 67 NS_SS0981    (1)    1 :  0.047 0.028 0.003 0.264 0.075 0.030 0.047 0.008 0.017 0.481 
 68 NS_SS0729    (5)    2 :  0.008 0.069 0.003 0.020 0.028 0.014 0.019 0.197 0.529 0.113 
 69 NS_SS0967   (15)    2 :  0.007 0.631 0.012 0.046 0.106 0.009 0.051 0.052 0.024 0.061 
 70 NS_SS0941    (8)    2 :  0.209 0.143 0.071 0.007 0.030 0.021 0.186 0.013 0.103 0.216 
 71 NS_SS0768   (12)    2 :  0.008 0.022 0.004 0.495 0.018 0.054 0.361 0.024 0.009 0.005 
 72 NS_SS0726    (5)    2 :  0.009 0.023 0.008 0.004 0.257 0.009 0.008 0.007 0.640 0.035 
 73 NS_SS0763    (4)    2 :  0.014 0.303 0.002 0.099 0.035 0.017 0.029 0.024 0.169 0.307 
 74 NS_SS0730    (6)    2 :  0.024 0.094 0.004 0.260 0.078 0.007 0.042 0.059 0.407 0.024 
 75 NS_SS0774    (2)    2 :  0.189 0.017 0.001 0.266 0.189 0.017 0.286 0.007 0.020 0.008 
 76 NS_SS0723    (3)    2 :  0.177 0.300 0.003 0.125 0.094 0.010 0.198 0.007 0.024 0.061 
 77 NS_SS0940   (10)    2 :  0.283 0.111 0.007 0.007 0.047 0.012 0.082 0.283 0.079 0.088 
 78 NS_SS0762    (1)    2 :  0.050 0.013 0.004 0.114 0.010 0.026 0.118 0.006 0.641 0.018 
 79 NS_SS0766   (11)    2 :  0.018 0.082 0.016 0.037 0.010 0.020 0.017 0.059 0.719 0.021 
 80 NS_SS0724    (1)    2 :  0.026 0.021 0.006 0.780 0.015 0.018 0.021 0.008 0.022 0.084 
 81 NS_SS0769    (3)    2 :  0.008 0.062 0.004 0.537 0.019 0.009 0.075 0.008 0.022 0.257 
 82 NS_SS0777    (1)    2 :  0.020 0.013 0.010 0.005 0.009 0.075 0.006 0.049 0.006 0.807 
 83 NS_SS0734    (6)    2 :  0.069 0.080 0.038 0.032 0.039 0.075 0.022 0.536 0.046 0.063 
 84 NS_SS0737    (3)    2 :  0.026 0.006 0.005 0.032 0.023 0.006 0.084 0.004 0.809 0.005 
 85 NS_SS0732    (5)    2 :  0.881 0.035 0.004 0.010 0.015 0.011 0.018 0.005 0.008 0.012 
 86 NS_SS0728    (5)    2 :  0.073 0.084 0.013 0.052 0.018 0.004 0.106 0.013 0.594 0.044 
 87 NS_SS0735    (9)    2 :  0.121 0.387 0.007 0.005 0.005 0.009 0.344 0.013 0.094 0.016 
 88 NS_SS0725    (1)    2 :  0.022 0.067 0.008 0.031 0.654 0.143 0.016 0.013 0.039 0.005 
 89 NS_SS0788    (2)    2 :  0.059 0.093 0.002 0.081 0.337 0.014 0.249 0.023 0.077 0.066 
 90 NS_SS0778    (2)    2 :  0.079 0.372 0.002 0.004 0.402 0.009 0.018 0.013 0.023 0.077 
 91 NS_SS0792    (6)    2 :  0.066 0.009 0.005 0.014 0.027 0.004 0.090 0.009 0.766 0.011 
 92 NS_SS0943   (11)    2 :  0.025 0.191 0.007 0.048 0.030 0.035 0.042 0.088 0.015 0.519 
 93 NS_SS0791    (2)    2 :  0.212 0.017 0.012 0.011 0.019 0.023 0.013 0.010 0.664 0.020 
 94 NS_SS0790    (5)    2 :  0.027 0.016 0.003 0.636 0.015 0.013 0.276 0.004 0.005 0.005 
 95 NS_SS0731    (6)    2 :  0.013 0.696 0.013 0.153 0.008 0.020 0.017 0.035 0.007 0.037 
 96 NS_SS0727    (7)    2 :  0.022 0.042 0.002 0.016 0.007 0.028 0.012 0.040 0.786 0.045 
 97 NS_SS0779   (13)    2 :  0.196 0.123 0.008 0.023 0.015 0.013 0.056 0.016 0.043 0.508 
 98 NS_SS0776    (3)    2 :  0.059 0.006 0.009 0.086 0.261 0.273 0.007 0.011 0.036 0.254 
 99 NS_SS0775    (5)    2 :  0.073 0.040 0.007 0.178 0.015 0.044 0.412 0.006 0.217 0.007 
100 NS_SS0965    (3)    3 :  0.007 0.316 0.002 0.043 0.052 0.018 0.041 0.029 0.012 0.479 
101 NS_SS0754   (14)    3 :  0.042 0.061 0.009 0.031 0.019 0.034 0.016 0.033 0.078 0.676 
102 NS_SS0838    (5)    3 :  0.087 0.071 0.040 0.419 0.073 0.017 0.093 0.123 0.054 0.023 
103 NS_SS0839    (3)    3 :  0.034 0.016 0.003 0.281 0.011 0.045 0.529 0.005 0.069 0.007 
104 NS_SS0832    (4)    3 :  0.010 0.224 0.050 0.011 0.070 0.100 0.378 0.014 0.018 0.125 
105 NS_SS0820    (5)    3 :  0.004 0.020 0.005 0.779 0.138 0.006 0.009 0.005 0.020 0.013 
106 NS_SS0886    (9)    3 :  0.015 0.297 0.002 0.020 0.104 0.019 0.045 0.009 0.467 0.021 
107 NS_SS0748    (5)    3 :  0.019 0.363 0.008 0.057 0.020 0.083 0.257 0.072 0.018 0.102 
108 NS_SS0884    (9)    3 :  0.044 0.036 0.029 0.019 0.151 0.071 0.491 0.041 0.093 0.025 
109 NS_SS0752    (4)    3 :  0.276 0.025 0.002 0.017 0.016 0.020 0.405 0.085 0.062 0.093 
110 NS_SS0862    (1)    3 :  0.382 0.356 0.006 0.036 0.028 0.004 0.098 0.007 0.056 0.027 
111 NS_SS0787    (9)    3 :  0.006 0.006 0.006 0.005 0.021 0.007 0.006 0.882 0.006 0.055 
112 NS_SS0843    (6)    3 :  0.048 0.062 0.002 0.034 0.014 0.057 0.030 0.007 0.015 0.731 
113 NS_SS0856    (4)    3 :  0.011 0.226 0.004 0.046 0.061 0.011 0.041 0.065 0.521 0.013 
114 NS_SS0846    (2)    3 :  0.005 0.198 0.003 0.016 0.070 0.016 0.488 0.038 0.028 0.138 
115 NS_SS0825    (1)    3 :  0.080 0.047 0.011 0.004 0.098 0.013 0.490 0.169 0.078 0.009 
116 NS_SS0757    (3)    3 :  0.434 0.180 0.004 0.010 0.051 0.028 0.072 0.012 0.005 0.205 
117 NS_SS0876    (3)    3 :  0.006 0.567 0.207 0.019 0.020 0.037 0.097 0.009 0.022 0.017 
118 NS_SS0903   (10)    3 :  0.373 0.015 0.003 0.006 0.006 0.016 0.549 0.006 0.019 0.008 
119 NS_SS0875    (7)    3 :  0.038 0.389 0.004 0.088 0.045 0.040 0.185 0.087 0.107 0.017 
120 NS_SS0740    (5)    3 :  0.113 0.065 0.003 0.016 0.007 0.006 0.013 0.008 0.011 0.759 
121 NS_SS0811    (5)    3 :  0.056 0.009 0.007 0.871 0.011 0.009 0.008 0.007 0.008 0.014 
122 NS_SS0751    (1)    3 :  0.048 0.042 0.004 0.028 0.094 0.171 0.057 0.427 0.085 0.045 
123 NS_SS0891    (6)    3 :  0.013 0.087 0.008 0.347 0.045 0.404 0.048 0.006 0.033 0.009 
124 NS_SS0867    (2)    3 :  0.019 0.010 0.024 0.003 0.023 0.010 0.306 0.023 0.009 0.575 
125 NS_SS0890    (6)    3 :  0.034 0.159 0.004 0.024 0.022 0.050 0.153 0.012 0.230 0.313 
126 NS_SS0866   (12)    3 :  0.032 0.026 0.005 0.005 0.500 0.006 0.008 0.389 0.021 0.007 
127 NS_SS0755    (4)    3 :  0.108 0.022 0.008 0.173 0.207 0.137 0.147 0.009 0.097 0.091 
128 NS_SS0758    (4)    3 :  0.011 0.728 0.002 0.012 0.008 0.014 0.018 0.007 0.188 0.012 
129 NS_SS0840    (2)    3 :  0.024 0.218 0.003 0.124 0.120 0.007 0.428 0.033 0.035 0.008 
130 NS_SS0889    (4)    3 :  0.058 0.027 0.002 0.015 0.039 0.391 0.019 0.431 0.007 0.010 
131 NS_SS1010    (1)    3 :  0.007 0.012 0.040 0.806 0.051 0.006 0.027 0.026 0.011 0.014 
132 NS_SS0888    (5)    3 :  0.056 0.017 0.002 0.027 0.110 0.032 0.011 0.030 0.665 0.051 
133 NS_SS0837    (3)    3 :  0.033 0.056 0.003 0.034 0.020 0.026 0.037 0.144 0.016 0.631 
134 NS_SS0794   (10)    3 :  0.008 0.041 0.002 0.771 0.010 0.008 0.007 0.116 0.020 0.018 
135 NS_SS0823    (5)    3 :  0.019 0.029 0.004 0.017 0.087 0.006 0.708 0.011 0.083 0.037 
136 NS_SS0829    (7)    3 :  0.084 0.048 0.116 0.302 0.006 0.014 0.085 0.291 0.014 0.041 
137 NS_SS0844    (5)    3 :  0.006 0.014 0.002 0.412 0.017 0.005 0.517 0.003 0.015 0.009 
138 NS_SS1008    (6)    3 :  0.059 0.077 0.012 0.181 0.025 0.136 0.032 0.344 0.083 0.052 
139 NS_SS0881    (3)    3 :  0.037 0.031 0.002 0.011 0.260 0.488 0.038 0.013 0.031 0.087 
140 NS_SS0834    (6)    3 :  0.007 0.004 0.007 0.868 0.039 0.028 0.015 0.006 0.020 0.006 
141 NS_SS0744   (10)    3 :  0.045 0.751 0.008 0.015 0.081 0.010 0.026 0.013 0.032 0.018 
142 NS_SS0899    (7)    3 :  0.799 0.028 0.002 0.099 0.017 0.007 0.029 0.004 0.009 0.006 
143 NS_SS0804    (5)    3 :  0.031 0.129 0.004 0.030 0.099 0.007 0.667 0.006 0.022 0.006 
144 NS_SS0781   (10)    3 :  0.013 0.367 0.003 0.068 0.240 0.012 0.261 0.007 0.005 0.023 
145 NS_SS0822    (6)    3 :  0.491 0.007 0.002 0.010 0.030 0.091 0.081 0.051 0.205 0.031 
146 NS_SS1004    (4)    3 :  0.017 0.294 0.004 0.009 0.060 0.070 0.110 0.012 0.021 0.402 
147 NS_SS0746    (5)    3 :  0.005 0.383 0.015 0.021 0.010 0.087 0.092 0.064 0.016 0.307 
148 NS_SS0880    (3)    3 :  0.029 0.050 0.002 0.010 0.496 0.316 0.036 0.019 0.028 0.014 
149 NS_SS0879    (5)    3 :  0.017 0.031 0.017 0.293 0.133 0.042 0.216 0.033 0.141 0.077 
150 NS_SS0753    (2)    3 :  0.021 0.022 0.008 0.015 0.009 0.015 0.020 0.020 0.022 0.848 
151 NS_SS1007    (3)    3 :  0.048 0.010 0.002 0.009 0.022 0.012 0.013 0.030 0.836 0.017 
152 NS_SS0872    (5)    3 :  0.013 0.100 0.002 0.017 0.046 0.021 0.729 0.006 0.034 0.033 
153 NS_SS1005    (7)    3 :  0.030 0.230 0.001 0.013 0.043 0.044 0.535 0.033 0.011 0.058 
154 NS_SS0892    (6)    3 :  0.015 0.015 0.002 0.011 0.025 0.043 0.052 0.029 0.334 0.474 
155 NS_SS0898    (0)    3 :  0.405 0.030 0.009 0.006 0.021 0.069 0.108 0.168 0.157 0.027 
156 NS_SS0801    (9)    3 :  0.006 0.055 0.011 0.763 0.030 0.006 0.044 0.016 0.041 0.027 
157 NS_SS0827    (9)    3 :  0.023 0.582 0.117 0.074 0.051 0.011 0.028 0.019 0.013 0.083 
158 NS_SS0853    (7)    3 :  0.005 0.010 0.005 0.922 0.004 0.015 0.010 0.010 0.008 0.012 
159 NS_SS0780    (2)    3 :  0.020 0.521 0.005 0.023 0.127 0.079 0.027 0.005 0.015 0.179 
160 NS_SS0826   (10)    3 :  0.004 0.019 0.004 0.009 0.408 0.107 0.410 0.023 0.005 0.010 
161 NS_SS0818    (5)    3 :  0.159 0.037 0.002 0.017 0.098 0.016 0.248 0.040 0.337 0.046 
162 NS_SS0745    (1)    3 :  0.009 0.005 0.001 0.016 0.012 0.920 0.007 0.010 0.005 0.016 
163 NS_SS0849    (3)    3 :  0.588 0.244 0.001 0.013 0.038 0.010 0.021 0.060 0.010 0.014 
164 NS_SS0739    (3)    3 :  0.793 0.019 0.017 0.013 0.043 0.011 0.022 0.015 0.059 0.009 
165 NS_SS0799    (1)    3 :  0.476 0.074 0.001 0.012 0.007 0.030 0.029 0.052 0.283 0.038 
166 NS_SS0756    (3)    3 :  0.053 0.090 0.005 0.009 0.036 0.011 0.748 0.006 0.011 0.031 
167 NS_SS0802    (2)    3 :  0.003 0.394 0.196 0.008 0.056 0.020 0.018 0.273 0.012 0.020 
168 NS_SS0747    (6)    3 :  0.043 0.107 0.007 0.031 0.035 0.010 0.266 0.011 0.019 0.472 
169 NS_SS0835    (1)    3 :  0.005 0.447 0.002 0.006 0.089 0.047 0.052 0.035 0.255 0.062 
170 NS_SS0742   (19)    3 :  0.612 0.050 0.001 0.009 0.209 0.011 0.064 0.011 0.023 0.008 
171 NS_SS0760    (9)    3 :  0.007 0.042 0.054 0.017 0.013 0.010 0.010 0.809 0.015 0.022 
172 NS_SS0803    (4)    3 :  0.030 0.013 0.007 0.009 0.004 0.007 0.909 0.004 0.011 0.006 
173 NS_SS0828   (14)    3 :  0.078 0.095 0.002 0.060 0.017 0.013 0.032 0.038 0.149 0.516 
174 NS_SS0865    (2)    3 :  0.035 0.030 0.036 0.023 0.726 0.024 0.017 0.038 0.012 0.059 
175 NS_SS0759    (5)    3 :  0.054 0.045 0.006 0.199 0.155 0.028 0.076 0.056 0.123 0.259 
176 NS_SS0851    (5)    3 :  0.039 0.014 0.010 0.872 0.017 0.018 0.010 0.009 0.005 0.006 
177 NS_SS0874   (16)    3 :  0.172 0.075 0.002 0.242 0.019 0.007 0.447 0.007 0.008 0.022 
178 NS_SS0761    (6)    3 :  0.011 0.783 0.003 0.010 0.017 0.012 0.019 0.087 0.048 0.009 
179 NS_SS0842   (26)    3 :  0.046 0.048 0.008 0.212 0.022 0.386 0.176 0.043 0.030 0.029 
180 NS_SS0785    (6)    3 :  0.039 0.297 0.007 0.041 0.020 0.182 0.142 0.031 0.045 0.198 
181 NS_SS0860   (11)    3 :  0.302 0.195 0.003 0.021 0.106 0.010 0.023 0.123 0.121 0.096 
182 NS_SS0897    (7)    3 :  0.018 0.009 0.002 0.011 0.009 0.006 0.007 0.894 0.038 0.006 
183 NS_SS0841   (15)    3 :  0.423 0.027 0.006 0.038 0.023 0.023 0.407 0.021 0.014 0.018 
184 NS_SS0797    (7)    3 :  0.018 0.058 0.029 0.032 0.041 0.027 0.031 0.172 0.571 0.021 
185 NS_SS0830   (11)    3 :  0.345 0.047 0.002 0.049 0.227 0.200 0.032 0.019 0.032 0.047 
186 NS_SS1011    (5)    3 :  0.005 0.008 0.007 0.014 0.927 0.003 0.018 0.005 0.009 0.005 
187 NS_SS0883    (5)    3 :  0.223 0.517 0.005 0.041 0.004 0.010 0.084 0.013 0.049 0.055 
188 NS_SS0782    (2)    3 :  0.006 0.246 0.002 0.013 0.014 0.014 0.042 0.034 0.625 0.004 
189 NS_SS0831    (5)    3 :  0.085 0.570 0.003 0.041 0.017 0.016 0.012 0.051 0.192 0.012 
190 NS_SS0749    (7)    3 :  0.218 0.126 0.005 0.009 0.013 0.032 0.017 0.008 0.178 0.393 
191 NS_SS0854    (2)    3 :  0.061 0.474 0.003 0.096 0.025 0.044 0.019 0.018 0.251 0.009 
192 HI_SS0193    (0)    4 :  0.039 0.006 0.002 0.013 0.022 0.802 0.008 0.088 0.012 0.008 
193 HI_SS0194    (1)    4 :  0.005 0.025 0.002 0.187 0.434 0.093 0.171 0.058 0.014 0.012 
194 HI_SS0195   (10)    4 :  0.112 0.487 0.124 0.024 0.145 0.019 0.029 0.016 0.036 0.008 
195 HI_SS0196    (6)    4 :  0.052 0.052 0.003 0.042 0.016 0.117 0.052 0.583 0.070 0.014 
196 HI_SS0197    (3)    4 :  0.004 0.023 0.013 0.007 0.870 0.005 0.054 0.004 0.008 0.012 
197 HI_SS0198    (1)    4 :  0.817 0.039 0.009 0.014 0.021 0.022 0.018 0.011 0.036 0.012 
198 HI_SS0199    (1)    4 :  0.010 0.005 0.002 0.003 0.005 0.005 0.012 0.006 0.908 0.043 
199 HI_SS0201    (5)    4 :  0.029 0.076 0.003 0.024 0.040 0.104 0.023 0.147 0.021 0.533 
200 HI_SS0215    (1)    4 :  0.007 0.856 0.003 0.014 0.022 0.009 0.024 0.010 0.023 0.033 
201 HI_SS0218    (1)    4 :  0.005 0.005 0.006 0.008 0.005 0.008 0.006 0.146 0.804 0.007 
202 HI_SS0222    (0)    4 :  0.009 0.437 0.006 0.103 0.016 0.204 0.037 0.045 0.125 0.018 
203 HI_SS0230    (1)    4 :  0.013 0.011 0.005 0.861 0.008 0.006 0.017 0.011 0.005 0.064 
204 HI_SS0234    (2)    4 :  0.012 0.055 0.155 0.010 0.024 0.018 0.150 0.007 0.563 0.007 
205 HI_SS0240    (1)    4 :  0.007 0.010 0.010 0.010 0.005 0.018 0.032 0.018 0.868 0.022 
206 HI_SS0241    (0)    4 :  0.006 0.014 0.002 0.013 0.339 0.008 0.005 0.010 0.415 0.188 
207 HI_SS0242    (0)    4 :  0.024 0.064 0.003 0.016 0.018 0.014 0.011 0.014 0.817 0.020 
208 HI_SS0247    (0)    4 :  0.184 0.007 0.023 0.095 0.372 0.010 0.258 0.018 0.012 0.020 
209 HI_SS0248    (1)    4 :  0.017 0.020 0.001 0.008 0.010 0.228 0.017 0.571 0.099 0.030 
210 HI_SS0252    (2)    4 :  0.309 0.108 0.004 0.015 0.056 0.030 0.327 0.042 0.095 0.013 
211 HI_SS0254    (0)    4 :  0.006 0.011 0.081 0.004 0.045 0.652 0.025 0.009 0.006 0.160 
212 HI_SS0256    (0)    4 :  0.005 0.008 0.001 0.436 0.034 0.004 0.480 0.005 0.006 0.020 
213 HI_SS0257    (0)    4 :  0.015 0.236 0.004 0.031 0.058 0.005 0.023 0.032 0.052 0.543 
214 HI_SS0258    (1)    4 :  0.006 0.014 0.006 0.018 0.009 0.017 0.011 0.873 0.022 0.024 
215 HI_SS0259    (1)    4 :  0.032 0.007 0.003 0.022 0.796 0.009 0.067 0.005 0.051 0.007 
216 HI_SS0260    (1)    4 :  0.020 0.057 0.002 0.258 0.016 0.032 0.017 0.253 0.011 0.336 
217 HI_SS0261    (2)    4 :  0.006 0.021 0.003 0.012 0.047 0.073 0.215 0.053 0.037 0.534 
218 HI_SS0262    (0)    4 :  0.138 0.176 0.009 0.025 0.266 0.011 0.025 0.014 0.321 0.016 
219 HI_SS0264    (0)    4 :  0.006 0.022 0.003 0.911 0.009 0.009 0.017 0.006 0.006 0.011 
220 HI_SS0265    (0)    4 :  0.034 0.069 0.123 0.036 0.411 0.011 0.050 0.025 0.018 0.221 
221 HI_SS0268    (1)    4 :  0.010 0.017 0.003 0.789 0.011 0.012 0.007 0.122 0.015 0.014 
222 HI_SS0269    (0)    4 :  0.044 0.092 0.002 0.007 0.390 0.199 0.024 0.093 0.134 0.014 
223 HI_SS0273    (0)    4 :  0.007 0.007 0.003 0.008 0.063 0.014 0.016 0.779 0.072 0.031 
224 HI_SS0277    (1)    4 :  0.012 0.014 0.003 0.007 0.866 0.006 0.055 0.015 0.014 0.007 
225 HI_SS0280    (0)    4 :  0.276 0.261 0.008 0.024 0.171 0.029 0.017 0.140 0.024 0.050 
226 HI_SS0282    (1)    4 :  0.346 0.015 0.001 0.007 0.066 0.014 0.045 0.400 0.013 0.092 
227 HI_SS0286    (1)    4 :  0.007 0.899 0.006 0.020 0.007 0.005 0.016 0.015 0.018 0.009 
228 NS_SS1252    (3)    5 :  0.027 0.190 0.005 0.010 0.025 0.015 0.092 0.186 0.436 0.014 
229 NS_SS1261    (1)    5 :  0.145 0.028 0.024 0.041 0.033 0.016 0.198 0.471 0.034 0.010 
230 NS_SS1225   (10)    5 :  0.007 0.016 0.090 0.641 0.023 0.009 0.010 0.014 0.011 0.179 
231 NS_SS1266    (1)    5 :  0.025 0.014 0.011 0.017 0.014 0.049 0.842 0.006 0.011 0.011 
232 NS_SS1228    (0)    5 :  0.892 0.016 0.012 0.005 0.014 0.009 0.007 0.009 0.025 0.012 
233 NS_SS1255    (3)    5 :  0.024 0.015 0.002 0.028 0.013 0.419 0.011 0.466 0.019 0.004 
234 NS_SS1267    (3)    5 :  0.006 0.045 0.009 0.051 0.007 0.061 0.011 0.012 0.764 0.033 
235 NS_SS1238    (6)    5 :  0.015 0.010 0.003 0.006 0.016 0.027 0.007 0.902 0.008 0.006 
236 NS_SS1233    (8)    5 :  0.019 0.035 0.002 0.140 0.059 0.578 0.140 0.011 0.004 0.013 
237 NS_SS1277    (3)    5 :  0.007 0.004 0.001 0.006 0.004 0.804 0.005 0.011 0.154 0.004 
238 NS_SS1245    (1)    5 :  0.008 0.733 0.002 0.010 0.020 0.046 0.028 0.084 0.019 0.050 
239 NS_SS1240    (4)    5 :  0.005 0.903 0.002 0.003 0.008 0.020 0.007 0.020 0.023 0.009 
240 NS_SS1275    (2)    5 :  0.004 0.014 0.003 0.012 0.928 0.008 0.010 0.003 0.007 0.009 
241 NS_SS1235    (1)    5 :  0.007 0.355 0.006 0.050 0.133 0.271 0.058 0.032 0.059 0.028 
242 NS_SS1263    (1)    5 :  0.099 0.009 0.001 0.164 0.011 0.109 0.541 0.017 0.009 0.039 
243 NS_SS1251    (2)    5 :  0.006 0.056 0.002 0.005 0.015 0.011 0.865 0.009 0.014 0.018 
244 NS_SS1248    (0)    5 :  0.033 0.105 0.106 0.029 0.018 0.330 0.068 0.241 0.014 0.058 
245 NS_SS1244    (0)    5 :  0.042 0.010 0.004 0.006 0.829 0.012 0.018 0.039 0.033 0.008 
246 NS_SS1257    (1)    5 :  0.008 0.052 0.020 0.012 0.009 0.011 0.102 0.015 0.764 0.007 
247 NS_SS1242    (2)    5 :  0.009 0.220 0.002 0.310 0.055 0.038 0.280 0.045 0.016 0.024 
248 NS_SS1271    (6)    5 :  0.034 0.019 0.026 0.006 0.026 0.018 0.008 0.174 0.175 0.514 
249 NS_SS1265    (1)    5 :  0.014 0.162 0.022 0.045 0.030 0.079 0.037 0.556 0.022 0.034 
250 NS_SS1243    (0)    5 :  0.449 0.078 0.108 0.127 0.010 0.079 0.013 0.041 0.070 0.024 
251 NS_SS1273    (1)    5 :  0.006 0.011 0.011 0.075 0.025 0.259 0.542 0.011 0.051 0.009 
252 NS_SS1254   (14)    5 :  0.063 0.385 0.008 0.264 0.023 0.010 0.214 0.006 0.011 0.017 
253 NS_SS1224    (1)    5 :  0.052 0.728 0.008 0.017 0.006 0.049 0.089 0.005 0.023 0.022 
254 NS_SS1227    (8)    5 :  0.006 0.003 0.002 0.005 0.006 0.003 0.004 0.008 0.007 0.956 
255 NS_SS1274    (9)    5 :  0.168 0.026 0.012 0.686 0.011 0.010 0.007 0.023 0.020 0.037 
256 NS_SS1241    (1)    5 :  0.068 0.012 0.001 0.046 0.029 0.043 0.069 0.571 0.058 0.103 
257 NS_SS1256    (3)    5 :  0.009 0.135 0.029 0.016 0.136 0.024 0.568 0.024 0.030 0.030 
258 NS_SS1260    (8)    5 :  0.007 0.012 0.062 0.151 0.007 0.003 0.006 0.032 0.706 0.013 
259 NS_SS1262    (0)    5 :  0.013 0.101 0.132 0.017 0.029 0.014 0.552 0.013 0.074 0.055 
260 NS_SS1230    (0)    5 :  0.012 0.071 0.007 0.068 0.020 0.041 0.080 0.528 0.016 0.157 
261 NS_SS1270    (2)    5 :  0.072 0.167 0.003 0.015 0.363 0.305 0.020 0.008 0.005 0.042 
262 NS_SS1229    (2)    5 :  0.032 0.009 0.004 0.004 0.019 0.026 0.745 0.020 0.126 0.016 
263 NS_SS1246    (5)    5 :  0.024 0.017 0.003 0.003 0.699 0.014 0.011 0.174 0.038 0.018 
264 NS_SS1269    (0)    5 :  0.017 0.594 0.002 0.018 0.017 0.016 0.084 0.085 0.142 0.025 
265 NS_SS1239    (1)    5 :  0.909 0.004 0.004 0.005 0.007 0.035 0.011 0.005 0.009 0.011 
266 NS_SS1272    (5)    5 :  0.014 0.375 0.006 0.039 0.393 0.056 0.081 0.014 0.013 0.008 
267 NS_SS1268    (1)    5 :  0.881 0.008 0.003 0.007 0.007 0.021 0.011 0.024 0.012 0.027 
268 NS_SS1249    (1)    5 :  0.013 0.052 0.010 0.061 0.017 0.047 0.041 0.219 0.520 0.020 
269 HI_SS0559    (0)    6 :  0.015 0.005 0.002 0.013 0.003 0.028 0.013 0.008 0.012 0.902 
270 HI_SS0563    (1)    6 :  0.047 0.860 0.003 0.006 0.007 0.006 0.025 0.014 0.020 0.011 
271 HI_SS0564    (0)    6 :  0.561 0.075 0.070 0.018 0.085 0.008 0.112 0.013 0.035 0.024 
272 HI_SS0565    (0)    6 :  0.016 0.197 0.004 0.024 0.106 0.010 0.353 0.067 0.034 0.189 
273 HI_SS0569    (1)    6 :  0.011 0.161 0.003 0.011 0.009 0.022 0.022 0.045 0.006 0.709 
274 HI_SS0570    (0)    6 :  0.007 0.018 0.025 0.004 0.007 0.852 0.006 0.069 0.006 0.005 
275 HI_SS0572    (1)    6 :  0.010 0.142 0.003 0.214 0.009 0.014 0.083 0.012 0.392 0.123 
276 HI_SS0576    (1)    6 :  0.078 0.011 0.008 0.026 0.017 0.015 0.496 0.206 0.119 0.024 
277 HI_SS0579    (1)    6 :  0.013 0.040 0.012 0.006 0.006 0.063 0.013 0.016 0.012 0.821 
278 HI_SS0580    (1)    6 :  0.045 0.083 0.006 0.278 0.014 0.018 0.105 0.027 0.324 0.102 
279 HI_SS0581    (0)    6 :  0.025 0.038 0.069 0.014 0.750 0.017 0.006 0.006 0.035 0.040 
280 HI_SS0583    (1)    6 :  0.014 0.149 0.003 0.046 0.018 0.029 0.413 0.023 0.205 0.099 
281 HI_SS0586    (1)    6 :  0.020 0.147 0.001 0.292 0.010 0.008 0.007 0.117 0.017 0.382 
282 HI_SS0588    (1)    6 :  0.007 0.237 0.013 0.010 0.010 0.018 0.042 0.045 0.169 0.448 
283 HI_SS0595    (4)    6 :  0.020 0.064 0.030 0.026 0.495 0.033 0.074 0.096 0.088 0.073 
284 HI_SS0596    (0)    6 :  0.044 0.008 0.002 0.018 0.004 0.837 0.024 0.017 0.028 0.018 
285 HI_SS0597    (1)    6 :  0.017 0.483 0.002 0.024 0.338 0.006 0.097 0.013 0.009 0.010 
286 HI_SS0600    (0)    6 :  0.054 0.095 0.003 0.006 0.419 0.043 0.079 0.012 0.263 0.026 
287 HI_SS0601    (1)    6 :  0.072 0.012 0.011 0.057 0.102 0.016 0.082 0.010 0.012 0.626 
288 HI_SS0602    (1)    6 :  0.008 0.010 0.003 0.015 0.003 0.006 0.007 0.006 0.010 0.932 
289 HI_SS0604    (0)    6 :  0.017 0.907 0.002 0.015 0.004 0.016 0.010 0.010 0.006 0.014 
290 HI_SS0605    (1)    6 :  0.058 0.606 0.007 0.006 0.014 0.017 0.010 0.009 0.259 0.015 
291 HI_SS0608    (0)    6 :  0.848 0.006 0.001 0.008 0.006 0.083 0.013 0.013 0.007 0.014 
292 HI_SS0609    (0)    6 :  0.103 0.019 0.001 0.074 0.292 0.006 0.415 0.054 0.020 0.017 
293 HI_SS0611    (5)    6 :  0.882 0.013 0.003 0.036 0.005 0.017 0.015 0.011 0.010 0.008 
294 HI_SS0612    (0)    6 :  0.007 0.015 0.005 0.006 0.043 0.005 0.609 0.015 0.145 0.149 
295 HI_SS0613    (1)    6 :  0.064 0.246 0.002 0.346 0.066 0.167 0.024 0.008 0.030 0.047 
296 HI_SS0615    (1)    6 :  0.396 0.008 0.011 0.011 0.016 0.060 0.087 0.009 0.382 0.021 
297 HI_SS0001    (1)    6 :  0.004 0.011 0.004 0.062 0.538 0.013 0.011 0.030 0.320 0.007 
298 HI_SS0002    (1)    6 :  0.016 0.023 0.032 0.232 0.099 0.009 0.465 0.009 0.064 0.051 
299 HI_SS0004    (0)    6 :  0.024 0.045 0.008 0.442 0.023 0.219 0.017 0.109 0.080 0.033 
300 HI_SS0005    (1)    6 :  0.028 0.040 0.008 0.095 0.078 0.056 0.130 0.121 0.256 0.188 
301 HI_SS0006    (1)    6 :  0.022 0.135 0.002 0.007 0.643 0.007 0.053 0.064 0.011 0.056 
302 HI_SS0007    (1)    6 :  0.021 0.007 0.002 0.004 0.004 0.932 0.004 0.015 0.008 0.004 
303 HI_SS0008    (0)    6 :  0.013 0.009 0.027 0.005 0.013 0.011 0.027 0.006 0.015 0.874 
304 HI_SS0009    (0)    6 :  0.287 0.044 0.005 0.500 0.005 0.036 0.022 0.032 0.051 0.017 
305 HI_SS0010    (1)    6 :  0.064 0.016 0.005 0.027 0.022 0.757 0.008 0.021 0.016 0.066 
306 HI_SS0011    (1)    6 :  0.012 0.022 0.086 0.007 0.208 0.040 0.293 0.154 0.011 0.166 
307 HI_SS0012    (0)    6 :  0.188 0.289 0.005 0.030 0.017 0.005 0.318 0.009 0.085 0.056 
308 HI_SS0017    (1)    6 :  0.006 0.005 0.002 0.018 0.013 0.933 0.005 0.007 0.005 0.005 
309 HI_SS0021    (1)    6 :  0.011 0.010 0.230 0.336 0.018 0.026 0.009 0.303 0.051 0.006 
310 HI_SS0024    (1)    6 :  0.017 0.099 0.002 0.133 0.469 0.058 0.041 0.102 0.053 0.025 
311 HI_SS0025    (1)    6 :  0.014 0.034 0.003 0.882 0.005 0.017 0.008 0.005 0.025 0.007 
312 HI_SS0027    (0)    6 :  0.301 0.029 0.017 0.009 0.005 0.008 0.010 0.259 0.014 0.348 
313 HI_SS0028    (0)    6 :  0.006 0.009 0.002 0.838 0.013 0.017 0.023 0.009 0.008 0.075 
314 HI_SS0029    (1)    6 :  0.014 0.060 0.010 0.052 0.023 0.012 0.179 0.323 0.301 0.025 
315 HI_SS0030    (2)    6 :  0.128 0.103 0.005 0.008 0.077 0.507 0.008 0.029 0.053 0.081 
316 HI_SS0031    (0)    6 :  0.005 0.015 0.003 0.007 0.011 0.008 0.030 0.005 0.071 0.845 
317 HI_SS0034    (0)    6 :  0.005 0.266 0.005 0.007 0.008 0.023 0.060 0.053 0.015 0.558 
318 HI_SS0036    (0)    6 :  0.008 0.042 0.011 0.048 0.513 0.017 0.003 0.094 0.213 0.051 
319 HI_SS0037    (1)    6 :  0.006 0.013 0.003 0.873 0.010 0.005 0.004 0.067 0.009 0.010 
320 HI_SS0039    (0)    6 :  0.007 0.013 0.005 0.016 0.034 0.189 0.009 0.159 0.023 0.546 
321 HI_SS0041    (1)    6 :  0.620 0.012 0.002 0.055 0.051 0.011 0.019 0.008 0.209 0.011 
322 HI_SS0042    (1)    6 :  0.026 0.330 0.118 0.021 0.051 0.012 0.392 0.010 0.035 0.006 
323 HI_SS0043    (1)    6 :  0.093 0.075 0.003 0.011 0.255 0.018 0.010 0.340 0.168 0.028 
324 HI_SS0044    (1)    6 :  0.005 0.007 0.003 0.018 0.015 0.862 0.011 0.037 0.033 0.008 
325 HI_SS0047    (1)    6 :  0.022 0.078 0.003 0.015 0.107 0.694 0.034 0.009 0.013 0.025 
326 HI_SS0049    (1)    6 :  0.189 0.024 0.003 0.418 0.037 0.006 0.013 0.023 0.017 0.269 
327 HI_SS0051    (1)    6 :  0.052 0.779 0.002 0.081 0.005 0.021 0.030 0.007 0.010 0.013 
328 HI_SS0053    (1)    6 :  0.008 0.014 0.003 0.011 0.034 0.008 0.007 0.014 0.031 0.869 
329 HI_SS0054    (4)    6 :  0.013 0.016 0.003 0.009 0.010 0.032 0.012 0.449 0.003 0.452 
330 HI_SS0057    (0)    6 :  0.149 0.013 0.004 0.006 0.614 0.117 0.022 0.035 0.007 0.033 
331 HI_SS0058    (0)    6 :  0.005 0.022 0.004 0.871 0.004 0.007 0.016 0.052 0.011 0.008 
332 HI_SS0060    (0)    6 :  0.038 0.011 0.096 0.022 0.119 0.017 0.020 0.019 0.016 0.642 
333 HI_SS0087    (1)    6 :  0.023 0.611 0.003 0.015 0.029 0.011 0.119 0.064 0.024 0.101 
334 HI_SS0091    (1)    6 :  0.024 0.013 0.002 0.009 0.795 0.004 0.013 0.033 0.073 0.035 
335 HI_SS0095    (1)    6 :  0.022 0.029 0.050 0.013 0.015 0.005 0.092 0.013 0.119 0.641 
336 HI_SS0097    (3)    6 :  0.282 0.008 0.004 0.017 0.007 0.007 0.637 0.007 0.006 0.025 
337 HI_SS0099    (1)    6 :  0.064 0.023 0.006 0.242 0.032 0.018 0.135 0.031 0.223 0.226 
338 HI_SS0103    (0)    6 :  0.007 0.012 0.003 0.018 0.112 0.733 0.078 0.011 0.016 0.009 
339 HI_SS0105    (1)    6 :  0.044 0.220 0.038 0.028 0.487 0.041 0.018 0.033 0.028 0.062 
340 HI_SS0107    (1)    6 :  0.033 0.063 0.001 0.053 0.233 0.081 0.478 0.010 0.025 0.024 
341 HI_SS0108    (1)    6 :  0.018 0.079 0.027 0.005 0.017 0.360 0.013 0.433 0.024 0.024 
342 HI_SS0110    (0)    6 :  0.032 0.015 0.001 0.009 0.749 0.023 0.047 0.015 0.095 0.015 
343 HI_SS0111    (1)    6 :  0.048 0.265 0.039 0.022 0.296 0.050 0.086 0.008 0.149 0.037 
344 HI_SS0112    (0)    6 :  0.005 0.004 0.001 0.010 0.006 0.014 0.005 0.941 0.008 0.005 
345 HI_SS0113    (1)    6 :  0.024 0.295 0.004 0.022 0.280 0.013 0.308 0.009 0.018 0.026 
346 HI_SS0114    (1)    6 :  0.016 0.491 0.005 0.009 0.031 0.004 0.035 0.147 0.051 0.211 
347 HI_SS0115    (1)    6 :  0.014 0.013 0.018 0.568 0.006 0.013 0.010 0.006 0.029 0.323 
348 HI_SS0116    (4)    6 :  0.047 0.012 0.004 0.063 0.010 0.034 0.019 0.776 0.025 0.010 
349 HI_SS0117    (0)    6 :  0.004 0.072 0.003 0.024 0.093 0.424 0.203 0.041 0.107 0.029 
350 HI_SS0118    (0)    6 :  0.008 0.625 0.010 0.041 0.073 0.018 0.014 0.188 0.014 0.011 
351 HI_SS0119    (1)    6 :  0.087 0.011 0.002 0.005 0.774 0.018 0.008 0.081 0.008 0.006 
352 HI_SS0120    (1)    6 :  0.005 0.062 0.004 0.047 0.526 0.238 0.011 0.014 0.087 0.005 
353 HI_SS0121    (0)    6 :  0.007 0.014 0.002 0.070 0.717 0.007 0.157 0.012 0.005 0.009 
354 HI_SS0122    (2)    6 :  0.037 0.020 0.024 0.128 0.727 0.004 0.011 0.033 0.010 0.006 
355 HI_SS0123    (0)    6 :  0.040 0.073 0.006 0.008 0.594 0.010 0.052 0.013 0.011 0.194 
356 HI_SS0124    (1)    6 :  0.295 0.014 0.004 0.542 0.019 0.026 0.033 0.014 0.042 0.011 
357 HI_SS0125    (1)    6 :  0.010 0.008 0.027 0.004 0.023 0.020 0.008 0.004 0.885 0.011 
358 HI_SS0126    (0)    6 :  0.010 0.005 0.001 0.010 0.007 0.556 0.011 0.366 0.024 0.009 
359 HI_SS0127    (0)    6 :  0.046 0.023 0.011 0.121 0.008 0.017 0.012 0.014 0.018 0.730 
360 HI_SS0128    (0)    6 :  0.010 0.013 0.003 0.007 0.034 0.042 0.402 0.007 0.135 0.347 
361 HI_SS0129    (1)    6 :  0.047 0.171 0.011 0.019 0.045 0.189 0.016 0.009 0.474 0.017 
362 HI_SS0131    (2)    6 :  0.035 0.065 0.042 0.141 0.005 0.014 0.167 0.495 0.019 0.016 
363 HI_SS0132    (0)    6 :  0.019 0.015 0.001 0.005 0.811 0.079 0.031 0.013 0.012 0.013 
364 HI_SS0133    (1)    6 :  0.006 0.005 0.001 0.003 0.007 0.051 0.003 0.911 0.007 0.006 
365 HI_SS0134    (1)    6 :  0.012 0.713 0.002 0.089 0.022 0.055 0.038 0.033 0.017 0.020 
366 HI_SS0142    (3)    6 :  0.007 0.164 0.015 0.011 0.057 0.007 0.034 0.008 0.015 0.681 
367 HI_SS0145    (0)    6 :  0.021 0.011 0.001 0.009 0.014 0.009 0.039 0.022 0.013 0.861 
368 HI_SS0146    (1)    6 :  0.018 0.017 0.001 0.006 0.007 0.165 0.018 0.743 0.016 0.010 
369 HI_SS0147    (1)    6 :  0.081 0.147 0.019 0.020 0.026 0.049 0.623 0.011 0.013 0.012 
370 HI_SS0149    (1)    6 :  0.009 0.003 0.004 0.005 0.941 0.012 0.007 0.010 0.004 0.006 
371 HI_SS0150    (2)    6 :  0.011 0.013 0.004 0.020 0.025 0.055 0.025 0.022 0.815 0.009 
372 HI_SS0151    (0)    6 :  0.575 0.094 0.017 0.012 0.008 0.014 0.012 0.027 0.183 0.058 
373 NS_SS1451    (1)    6 :  0.569 0.025 0.005 0.023 0.199 0.017 0.041 0.039 0.063 0.019 
374 NS_SS1404    (0)    6 :  0.030 0.015 0.017 0.046 0.025 0.810 0.018 0.006 0.022 0.012 
375 NS_SS1432    (2)    6 :  0.011 0.015 0.047 0.014 0.847 0.026 0.015 0.004 0.012 0.008 
376 NS_SS1405    (5)    6 :  0.026 0.087 0.002 0.518 0.014 0.016 0.039 0.202 0.080 0.017 
377 NS_SS1431   (10)    6 :  0.013 0.013 0.001 0.010 0.782 0.074 0.050 0.018 0.005 0.033 
378 NS_SS1402    (3)    6 :  0.147 0.091 0.003 0.040 0.044 0.005 0.510 0.007 0.141 0.013 
379 NS_SS1450    (3)    6 :  0.011 0.028 0.004 0.021 0.032 0.086 0.048 0.088 0.499 0.183 
380 NS_SS1396    (0)    6 :  0.580 0.029 0.007 0.073 0.044 0.039 0.160 0.031 0.024 0.014 
381 NS_SS1393    (5)    6 :  0.334 0.049 0.004 0.337 0.013 0.008 0.142 0.016 0.082 0.016 
382 NS_SS1392   (10)    6 :  0.045 0.021 0.013 0.017 0.007 0.049 0.007 0.008 0.818 0.013 
383 NS_SS1445    (0)    6 :  0.007 0.013 0.007 0.020 0.013 0.006 0.011 0.012 0.012 0.899 
384 NS_SS1423    (0)    6 :  0.009 0.032 0.001 0.022 0.061 0.345 0.023 0.313 0.072 0.122 
385 NS_SS1421    (9)    6 :  0.124 0.010 0.104 0.014 0.147 0.030 0.030 0.354 0.179 0.007 
386 NS_SS1411    (6)    6 :  0.042 0.110 0.002 0.009 0.008 0.345 0.016 0.452 0.008 0.007 
387 NS_SS1453    (6)    6 :  0.026 0.068 0.010 0.139 0.566 0.034 0.022 0.079 0.040 0.015 
388 NS_SS1442    (3)    6 :  0.011 0.090 0.004 0.038 0.010 0.021 0.023 0.766 0.015 0.024 
389 NS_SS1422    (1)    6 :  0.256 0.060 0.015 0.016 0.030 0.037 0.442 0.013 0.079 0.052 
390 NS_SS1419    (1)    6 :  0.703 0.026 0.154 0.073 0.008 0.004 0.009 0.013 0.004 0.006 
391 NS_SS1427    (0)    6 :  0.007 0.005 0.002 0.005 0.019 0.009 0.003 0.021 0.922 0.007 
392 NS_SS1444    (4)    6 :  0.197 0.051 0.004 0.533 0.012 0.048 0.029 0.015 0.040 0.070 
393 NS_SS1455    (0)    6 :  0.065 0.069 0.002 0.035 0.028 0.022 0.493 0.273 0.008 0.006 
394 NS_SS1425    (2)    6 :  0.039 0.012 0.001 0.006 0.007 0.010 0.006 0.906 0.005 0.007 
395 NS_SS1400    (0)    6 :  0.003 0.011 0.002 0.015 0.007 0.014 0.011 0.926 0.005 0.008 
396 NS_SS1406    (2)    6 :  0.023 0.013 0.009 0.027 0.064 0.004 0.797 0.004 0.008 0.051 
397 NS_SS1417    (6)    6 :  0.022 0.035 0.010 0.587 0.122 0.017 0.044 0.139 0.016 0.008 
398 NS_SS1454    (3)    6 :  0.057 0.013 0.001 0.047 0.317 0.023 0.046 0.479 0.008 0.008 
399 NS_SS1412    (1)    6 :  0.011 0.086 0.031 0.050 0.054 0.461 0.106 0.105 0.058 0.039 
400 NS_SS1438    (1)    6 :  0.020 0.902 0.002 0.016 0.008 0.010 0.010 0.012 0.007 0.013 
401 NS_SS1416    (4)    6 :  0.188 0.674 0.006 0.047 0.023 0.009 0.027 0.013 0.008 0.006 
