   NS_SS0963  1 0.3645 0.0080 0.4362 0.0062 0.0101 0.1522 0.0051 0.0176 
   NS_SS0983  1 0.0038 0.8064 0.1165 0.0042 0.0151 0.0258 0.0028 0.0254 
   NS_SS0719  1 0.0123 0.0390 0.8298 0.0217 0.0237 0.0266 0.0051 0.0420 
   NS_SS1001  1 0.0077 0.0152 0.0052 0.8262 0.0645 0.0269 0.0053 0.0490 
   NS_SS0936  1 0.0900 0.0158 0.0220 0.0339 0.0209 0.0423 0.0028 0.7723 
   NS_SS0955  1 0.0841 0.0941 0.3612 0.0723 0.2334 0.1094 0.0047 0.0407 
   NS_SS0944  1 0.1982 0.0096 0.0189 0.0204 0.7173 0.0200 0.0019 0.0137 
   NS_SS0945  1 0.0490 0.4173 0.0229 0.1444 0.2532 0.0149 0.0114 0.0868 
   NS_SS0922  1 0.2004 0.0429 0.6283 0.0494 0.0051 0.0193 0.0289 0.0258 
   NS_SS0929  1 0.0864 0.6263 0.0125 0.0464 0.0237 0.1645 0.0034 0.0368 
   NS_SS0956  1 0.0097 0.0147 0.0745 0.8318 0.0133 0.0217 0.0039 0.0304 
   NS_SS0906  1 0.3895 0.0378 0.0239 0.0434 0.0118 0.4715 0.0028 0.0193 
   NS_SS0721  1 0.0055 0.0831 0.4912 0.0181 0.0118 0.3163 0.0047 0.0693 
   NS_SS0982  1 0.1496 0.0265 0.2038 0.0837 0.0111 0.3790 0.0145 0.1316 
   NS_SS0923  1 0.2546 0.0190 0.0998 0.2145 0.0140 0.2792 0.0060 0.1129 
   NS_SS0905  1 0.0281 0.1156 0.1548 0.0871 0.0395 0.5462 0.0019 0.0268 
   NS_SS0925  1 0.2484 0.0186 0.0149 0.0327 0.0077 0.0774 0.0045 0.5957 
   NS_SS0947  1 0.8943 0.0197 0.0191 0.0258 0.0089 0.0155 0.0044 0.0124 
   NS_SS0926  1 0.0186 0.1881 0.0216 0.0244 0.5402 0.1130 0.0013 0.0928 
   NS_SS0918  1 0.2879 0.0229 0.0111 0.3572 0.0439 0.0105 0.0027 0.2636 
   NS_SS0966  1 0.7197 0.0118 0.1620 0.0147 0.0272 0.0075 0.0368 0.0203 
   NS_SS0938  1 0.0101 0.0170 0.0067 0.0197 0.0112 0.0057 0.0013 0.9283 
   NS_SS0917  1 0.0108 0.1077 0.6166 0.0775 0.0082 0.1023 0.0396 0.0373 
   NS_SS0957  1 0.0254 0.0064 0.0158 0.8525 0.0129 0.0200 0.0062 0.0607 
   NS_SS0987  1 0.0135 0.0123 0.0095 0.7027 0.0072 0.0244 0.2240 0.0064 
   NS_SS0717  1 0.0304 0.0158 0.0141 0.8940 0.0127 0.0183 0.0027 0.0120 
   NS_SS0986  1 0.0414 0.4090 0.0425 0.3599 0.0499 0.0600 0.0038 0.0335 
   NS_SS0953  1 0.9175 0.0069 0.0064 0.0205 0.0082 0.0114 0.0134 0.0157 
   NS_SS0907  1 0.5758 0.0124 0.0216 0.0087 0.0136 0.3170 0.0396 0.0113 
   NS_SS0974  1 0.0755 0.7913 0.0153 0.0157 0.0318 0.0365 0.0024 0.0316 
   NS_SS0989  1 0.0530 0.6939 0.0226 0.0066 0.0574 0.0149 0.0012 0.1505 
   NS_SS0991  1 0.0127 0.0655 0.0154 0.0104 0.0829 0.8029 0.0023 0.0080 
   NS_SS0994  1 0.0078 0.9272 0.0052 0.0046 0.0386 0.0083 0.0023 0.0060 
   NS_SS0931  1 0.0099 0.0208 0.0178 0.0190 0.6849 0.0597 0.0138 0.1740 
   NS_SS1000  1 0.2390 0.0120 0.0153 0.0571 0.0091 0.6474 0.0034 0.0166 
   NS_SS0919  1 0.0215 0.0089 0.0187 0.0036 0.0182 0.9134 0.0022 0.0135 
   NS_SS0949  1 0.0165 0.0575 0.0443 0.0051 0.8158 0.0244 0.0017 0.0347 
   NS_SS0960  1 0.0337 0.4087 0.2081 0.0487 0.2059 0.0735 0.0085 0.0130 
   NS_SS0716  1 0.0034 0.0039 0.0051 0.9690 0.0061 0.0048 0.0045 0.0032 
   NS_SS0924  1 0.0238 0.0235 0.6531 0.0344 0.0577 0.1362 0.0176 0.0537 
   NS_SS0935  1 0.0080 0.0030 0.0082 0.0113 0.0455 0.9112 0.0072 0.0055 
   NS_SS0952  1 0.2828 0.0521 0.0654 0.0213 0.4261 0.0942 0.0433 0.0147 
   NS_SS0962  1 0.0615 0.1806 0.0916 0.0692 0.0074 0.0966 0.0070 0.4861 
   NS_SS0973  1 0.0396 0.0142 0.0420 0.0092 0.0093 0.8620 0.0038 0.0199 
   NS_SS0722  1 0.0521 0.0164 0.0097 0.6017 0.0066 0.3021 0.0028 0.0086 
   NS_SS0979  1 0.0208 0.0069 0.0475 0.7780 0.0067 0.1104 0.0023 0.0275 
   NS_SS0993  1 0.0352 0.0119 0.0092 0.0292 0.0077 0.0275 0.0159 0.8634 
   NS_SS0958  1 0.0435 0.0203 0.0182 0.2400 0.6464 0.0157 0.0029 0.0130 
   NS_SS0988  1 0.3080 0.1251 0.0402 0.0567 0.0189 0.0730 0.0063 0.3718 
   NS_SS1003  1 0.1853 0.0082 0.3069 0.0152 0.0438 0.0906 0.0123 0.3377 
   NS_SS0976  1 0.1760 0.0340 0.0091 0.0110 0.1783 0.0559 0.0018 0.5339 
   NS_SS0964  1 0.0163 0.0101 0.0106 0.9113 0.0058 0.0379 0.0024 0.0056 
   NS_SS0939  1 0.0055 0.0039 0.0056 0.6830 0.0061 0.0040 0.0041 0.2879 
   NS_SS0990  1 0.0217 0.4203 0.0340 0.3726 0.0213 0.0092 0.0033 0.1176 
   NS_SS0984  1 0.0113 0.0124 0.0115 0.8903 0.0061 0.0084 0.0023 0.0577 
   NS_SS0980  1 0.6365 0.0762 0.0182 0.0267 0.0095 0.1053 0.0025 0.1251 
   NS_SS0978  1 0.0222 0.0056 0.8434 0.0239 0.0076 0.0869 0.0037 0.0066 
   NS_SS0951  1 0.0246 0.7997 0.0150 0.0671 0.0509 0.0309 0.0031 0.0088 
   NS_SS0913  1 0.0263 0.0865 0.0241 0.6662 0.0313 0.0090 0.0358 0.1209 
   NS_SS1002  1 0.0792 0.0204 0.0074 0.0064 0.0029 0.0089 0.0348 0.8401 
   NS_SS0948  1 0.0323 0.0414 0.0077 0.0486 0.0331 0.0309 0.0426 0.7636 
   NS_SS0916  1 0.0070 0.0247 0.0183 0.0133 0.0247 0.0081 0.0041 0.8998 
   NS_SS0995  1 0.0121 0.2606 0.3473 0.0192 0.0048 0.0074 0.0026 0.3461 
   NS_SS0927  1 0.0072 0.0331 0.9155 0.0090 0.0077 0.0171 0.0040 0.0063 
   NS_SS0992  1 0.0993 0.4810 0.1145 0.0098 0.0256 0.0163 0.0035 0.2501 
   NS_SS0912  1 0.0281 0.1096 0.2262 0.0465 0.2950 0.2566 0.0046 0.0333 
   NS_SS0981  1 0.0354 0.0090 0.0208 0.0406 0.0134 0.8412 0.0031 0.0365 
   NS_SS0729  2 0.2368 0.5449 0.0118 0.0033 0.0518 0.1270 0.0043 0.0201 
   NS_SS0967  2 0.2093 0.0108 0.5879 0.0291 0.0278 0.0996 0.0104 0.0251 
   NS_SS0941  2 0.0107 0.0278 0.0104 0.0305 0.0120 0.0542 0.0627 0.7916 
   NS_SS0768  2 0.2905 0.0701 0.0345 0.5142 0.0322 0.0320 0.0053 0.0212 
   NS_SS0726  2 0.0505 0.1228 0.2361 0.0096 0.0486 0.0147 0.0076 0.5100 
   NS_SS0763  2 0.2396 0.2702 0.0562 0.2084 0.0613 0.1459 0.0020 0.0164 
   NS_SS0730  2 0.1828 0.0600 0.1732 0.4356 0.0550 0.0315 0.0046 0.0574 
   NS_SS0774  2 0.2735 0.0199 0.0230 0.6551 0.0061 0.0110 0.0007 0.0106 
   NS_SS0723  2 0.2159 0.0329 0.2472 0.0688 0.0069 0.3819 0.0024 0.0440 
   NS_SS0940  2 0.0052 0.0259 0.0408 0.0076 0.0155 0.0287 0.0052 0.8710 
   NS_SS0762  2 0.1985 0.0129 0.0213 0.7339 0.0078 0.0168 0.0028 0.0061 
   NS_SS0766  2 0.0119 0.0651 0.1667 0.5960 0.0590 0.0493 0.0177 0.0342 
   NS_SS0724  2 0.6254 0.0094 0.0087 0.1151 0.0173 0.1869 0.0040 0.0331 
   NS_SS0769  2 0.2128 0.0351 0.4728 0.0562 0.0089 0.1856 0.0033 0.0253 
   NS_SS0777  2 0.0031 0.0067 0.0042 0.0063 0.0175 0.9470 0.0068 0.0084 
   NS_SS0734  2 0.0095 0.0524 0.4220 0.1083 0.2444 0.1199 0.0290 0.0145 
   NS_SS0737  2 0.1302 0.0126 0.0409 0.3845 0.0065 0.0073 0.0051 0.4130 
   NS_SS0732  2 0.0302 0.0125 0.8265 0.0682 0.0076 0.0323 0.0060 0.0168 
   NS_SS0728  2 0.0276 0.0282 0.0277 0.0856 0.0139 0.0667 0.0096 0.7408 
   NS_SS0735  2 0.4836 0.0458 0.1284 0.0317 0.0162 0.2160 0.0095 0.0688 
   NS_SS0725  2 0.4551 0.0798 0.0139 0.3039 0.0286 0.0068 0.0095 0.1024 
   NS_SS0788  2 0.0315 0.0106 0.9130 0.0089 0.0089 0.0162 0.0009 0.0100 
   NS_SS0778  2 0.0138 0.0103 0.9242 0.0058 0.0091 0.0274 0.0013 0.0081 
   NS_SS0792  2 0.0156 0.3552 0.0510 0.0301 0.0208 0.0089 0.0051 0.5132 
   NS_SS0943  2 0.7102 0.0295 0.0107 0.0090 0.1633 0.0625 0.0064 0.0084 
   NS_SS0791  2 0.0064 0.0228 0.6961 0.0273 0.0439 0.0195 0.0151 0.1688 
   NS_SS0790  2 0.6774 0.0187 0.0059 0.2830 0.0036 0.0054 0.0032 0.0029 
   NS_SS0731  2 0.0165 0.0160 0.0144 0.8501 0.0084 0.0612 0.0135 0.0198 
   NS_SS0727  2 0.0290 0.3658 0.0310 0.3253 0.1816 0.0265 0.0026 0.0382 
   NS_SS0779  2 0.0150 0.0132 0.0460 0.0383 0.0130 0.8432 0.0059 0.0254 
   NS_SS0776  2 0.0245 0.0121 0.0236 0.0210 0.0419 0.8520 0.0059 0.0191 
   NS_SS0775  2 0.0046 0.0083 0.0054 0.9564 0.0056 0.0058 0.0066 0.0073 
   NS_SS0965  3 0.0220 0.0126 0.0346 0.0668 0.0270 0.8107 0.0015 0.0248 
   NS_SS0754  3 0.0164 0.0523 0.1180 0.0187 0.0460 0.7069 0.0123 0.0294 
   NS_SS0838  3 0.1140 0.2857 0.0470 0.0753 0.0477 0.1000 0.0484 0.2819 
   NS_SS0839  3 0.1363 0.0073 0.0365 0.5174 0.0051 0.0078 0.0055 0.2842 
   NS_SS0832  3 0.1040 0.0145 0.2173 0.1427 0.0041 0.4056 0.0578 0.0540 
   NS_SS0820  3 0.0133 0.0076 0.8521 0.0679 0.0035 0.0340 0.0046 0.0170 
   NS_SS0886  3 0.0189 0.1484 0.7796 0.0096 0.0119 0.0167 0.0015 0.0134 
   NS_SS0748  3 0.1506 0.0181 0.0204 0.1033 0.2914 0.3831 0.0099 0.0233 
   NS_SS0884  3 0.1983 0.1376 0.1941 0.1399 0.0402 0.0458 0.0300 0.2142 
   NS_SS0752  3 0.2219 0.3289 0.0381 0.0854 0.0226 0.2210 0.0022 0.0799 
   NS_SS0862  3 0.3013 0.0221 0.0892 0.2097 0.0101 0.2068 0.0068 0.1539 
   NS_SS0787  3 0.0293 0.5404 0.0461 0.0073 0.3286 0.0278 0.0065 0.0139 
   NS_SS0843  3 0.2120 0.0294 0.0109 0.0153 0.0098 0.7115 0.0020 0.0090 
   NS_SS0856  3 0.0284 0.2524 0.5561 0.0267 0.0104 0.0109 0.0030 0.1121 
   NS_SS0846  3 0.3749 0.0965 0.0442 0.0078 0.0300 0.4211 0.0022 0.0233 
   NS_SS0825  3 0.0096 0.0215 0.0142 0.0072 0.0141 0.0070 0.0075 0.9189 
   NS_SS0757  3 0.0264 0.0736 0.0373 0.0472 0.0345 0.7137 0.0030 0.0643 
   NS_SS0876  3 0.2157 0.0183 0.4927 0.0054 0.0268 0.0314 0.1996 0.0102 
   NS_SS0903  3 0.8863 0.0342 0.0172 0.0074 0.0061 0.0136 0.0026 0.0326 
   NS_SS0875  3 0.0327 0.1122 0.6164 0.1747 0.0231 0.0236 0.0039 0.0134 
   NS_SS0740  3 0.0198 0.0094 0.0137 0.0097 0.0088 0.9178 0.0026 0.0181 
   NS_SS0811  3 0.0088 0.0179 0.0100 0.9214 0.0062 0.0135 0.0107 0.0116 
   NS_SS0751  3 0.0116 0.0083 0.0260 0.0540 0.0551 0.1905 0.0024 0.6522 
   NS_SS0891  3 0.4526 0.0265 0.1122 0.3492 0.0084 0.0098 0.0059 0.0355 
   NS_SS0867  3 0.3417 0.1638 0.0288 0.0116 0.0423 0.2090 0.0239 0.1789 
   NS_SS0890  3 0.0351 0.0198 0.8040 0.0335 0.0191 0.0726 0.0029 0.0129 
   NS_SS0866  3 0.0041 0.9463 0.0100 0.0098 0.0086 0.0046 0.0038 0.0128 
   NS_SS0755  3 0.1182 0.0707 0.3220 0.2689 0.0843 0.0679 0.0090 0.0590 
   NS_SS0758  3 0.0604 0.2131 0.2977 0.0167 0.0248 0.2280 0.0025 0.1568 
   NS_SS0840  3 0.8478 0.0179 0.0132 0.0568 0.0114 0.0136 0.0026 0.0368 
   NS_SS0889  3 0.0374 0.2828 0.0705 0.0198 0.5281 0.0315 0.0024 0.0275 
   NS_SS1010  3 0.5398 0.0742 0.0463 0.0443 0.0274 0.1398 0.0485 0.0798 
   NS_SS0888  3 0.0113 0.2630 0.4697 0.0211 0.1373 0.0897 0.0016 0.0062 
   NS_SS0837  3 0.0809 0.0142 0.0081 0.1532 0.0390 0.6886 0.0023 0.0137 
   NS_SS0794  3 0.0073 0.0929 0.0134 0.0420 0.8224 0.0087 0.0021 0.0113 
   NS_SS0823  3 0.3116 0.0349 0.0966 0.0314 0.0093 0.0584 0.0043 0.4534 
   NS_SS0829  3 0.0056 0.8759 0.0038 0.0066 0.0140 0.0156 0.0733 0.0052 
   NS_SS0844  3 0.9539 0.0089 0.0080 0.0096 0.0039 0.0086 0.0016 0.0055 
   NS_SS1008  3 0.0149 0.0333 0.0155 0.6891 0.1763 0.0451 0.0119 0.0139 
   NS_SS0881  3 0.0144 0.0846 0.4270 0.1100 0.0551 0.2595 0.0027 0.0467 
   NS_SS0834  3 0.7843 0.0215 0.0955 0.0212 0.0067 0.0098 0.0076 0.0533 
   NS_SS0744  3 0.0268 0.0437 0.8056 0.0118 0.0221 0.0446 0.0063 0.0392 
   NS_SS0899  3 0.6921 0.0665 0.0174 0.1546 0.0034 0.0269 0.0015 0.0375 
   NS_SS0804  3 0.1235 0.0098 0.0744 0.2366 0.0063 0.0239 0.0044 0.5212 
   NS_SS0781  3 0.6871 0.0207 0.0403 0.0263 0.0036 0.0945 0.0031 0.1245 
   NS_SS0822  3 0.0442 0.0234 0.0259 0.0075 0.6519 0.2038 0.0029 0.0404 
   NS_SS1004  3 0.0408 0.0098 0.0243 0.0083 0.0357 0.8612 0.0034 0.0164 
   NS_SS0746  3 0.0178 0.0384 0.0154 0.0377 0.0395 0.8137 0.0088 0.0287 
   NS_SS0880  3 0.5400 0.0163 0.0596 0.0518 0.1633 0.0980 0.0017 0.0692 
   NS_SS0879  3 0.3729 0.2865 0.0985 0.1767 0.0106 0.0236 0.0124 0.0187 
   NS_SS0753  3 0.0090 0.0436 0.0110 0.0085 0.0210 0.8918 0.0079 0.0072 
   NS_SS1007  3 0.0048 0.0244 0.4275 0.0296 0.0089 0.0183 0.0018 0.4846 
   NS_SS0872  3 0.6202 0.0098 0.0955 0.0793 0.0203 0.0841 0.0022 0.0886 
   NS_SS1005  3 0.3592 0.0408 0.0455 0.0381 0.0146 0.2993 0.0009 0.2016 
   NS_SS0892  3 0.0162 0.0068 0.0440 0.0355 0.0107 0.8655 0.0020 0.0194 
   NS_SS0898  3 0.0087 0.0124 0.0094 0.1297 0.8105 0.0091 0.0064 0.0138 
   NS_SS0801  3 0.2192 0.0179 0.1406 0.0208 0.0090 0.5730 0.0104 0.0090 
   NS_SS0827  3 0.0215 0.0187 0.1283 0.5016 0.0948 0.0931 0.1331 0.0089 
   NS_SS0853  3 0.0088 0.0234 0.0058 0.9340 0.0067 0.0112 0.0049 0.0052 
   NS_SS0780  3 0.0819 0.0207 0.0416 0.0288 0.0048 0.7480 0.0040 0.0703 
   NS_SS0826  3 0.8993 0.0144 0.0129 0.0041 0.0462 0.0128 0.0033 0.0071 
   NS_SS0818  3 0.0830 0.0164 0.1957 0.0460 0.0491 0.1010 0.0017 0.5071 
   NS_SS0745  3 0.0044 0.0039 0.0059 0.9495 0.0079 0.0187 0.0016 0.0080 
   NS_SS0849  3 0.0848 0.0176 0.6675 0.0211 0.0503 0.1241 0.0018 0.0329 
   NS_SS0739  3 0.0053 0.0092 0.8840 0.0096 0.0146 0.0063 0.0116 0.0594 
   NS_SS0799  3 0.0125 0.1420 0.0631 0.0637 0.1334 0.4185 0.0013 0.1656 
   NS_SS0756  3 0.8885 0.0092 0.0204 0.0128 0.0076 0.0137 0.0035 0.0443 
   NS_SS0802  3 0.0050 0.0081 0.7774 0.0042 0.0055 0.0317 0.1616 0.0065 
   NS_SS0747  3 0.1950 0.0182 0.0662 0.0153 0.0064 0.6710 0.0045 0.0234 
   NS_SS0835  3 0.0270 0.8360 0.0699 0.0122 0.0277 0.0205 0.0014 0.0053 
   NS_SS0742  3 0.0688 0.0199 0.5921 0.0161 0.0167 0.0215 0.0011 0.2638 
   NS_SS0760  3 0.0152 0.2832 0.0401 0.0104 0.5585 0.0168 0.0669 0.0089 
   NS_SS0803  3 0.9106 0.0187 0.0064 0.0063 0.0057 0.0096 0.0090 0.0337 
   NS_SS0828  3 0.0166 0.0071 0.3840 0.1771 0.0520 0.3357 0.0018 0.0256 
   NS_SS0865  3 0.0299 0.0524 0.7816 0.0278 0.0114 0.0600 0.0198 0.0171 
   NS_SS0759  3 0.0535 0.0107 0.4958 0.0215 0.0079 0.3952 0.0045 0.0110 
   NS_SS0851  3 0.0425 0.0123 0.0280 0.8783 0.0115 0.0045 0.0144 0.0085 
   NS_SS0874  3 0.9486 0.0087 0.0061 0.0129 0.0055 0.0101 0.0014 0.0067 
   NS_SS0761  3 0.0498 0.3127 0.0325 0.0632 0.3988 0.0668 0.0030 0.0733 
   NS_SS0842  3 0.0511 0.0480 0.0326 0.7156 0.0988 0.0128 0.0099 0.0312 
   NS_SS0785  3 0.0713 0.0290 0.0177 0.0107 0.0193 0.8344 0.0052 0.0124 
   NS_SS0860  3 0.0086 0.9423 0.0234 0.0041 0.0052 0.0102 0.0024 0.0038 
   NS_SS0897  3 0.0094 0.0607 0.0153 0.0146 0.8734 0.0085 0.0021 0.0159 
   NS_SS0841  3 0.0240 0.0704 0.0312 0.6843 0.0727 0.0166 0.0043 0.0966 
   NS_SS0797  3 0.0245 0.0228 0.1786 0.1085 0.5440 0.0405 0.0367 0.0444 
   NS_SS0830  3 0.0952 0.1403 0.3855 0.1286 0.1844 0.0378 0.0025 0.0257 
   NS_SS1011  3 0.6951 0.0219 0.1306 0.0077 0.0060 0.0195 0.0063 0.1130 
   NS_SS0883  3 0.0129 0.5036 0.0791 0.0446 0.0145 0.3099 0.0047 0.0308 
   NS_SS0782  3 0.0139 0.9455 0.0102 0.0060 0.0073 0.0062 0.0022 0.0086 
   NS_SS0831  3 0.0079 0.9491 0.0077 0.0068 0.0111 0.0076 0.0027 0.0071 
   NS_SS0749  3 0.0084 0.0117 0.3564 0.0144 0.0186 0.5103 0.0043 0.0759 
   NS_SS0854  3 0.0910 0.0366 0.5526 0.0269 0.0467 0.0827 0.0035 0.1598 
   HI_SS0193  4 0.0123 0.0048 0.0061 0.0095 0.9103 0.0067 0.0020 0.0483 
   HI_SS0194  4 0.8925 0.0073 0.0145 0.0160 0.0152 0.0118 0.0016 0.0409 
   HI_SS0195  4 0.0754 0.0086 0.3968 0.1076 0.0189 0.0362 0.1163 0.2403 
   HI_SS0196  4 0.0243 0.7143 0.0741 0.0620 0.0473 0.0600 0.0029 0.0150 
   HI_SS0197  4 0.0079 0.0221 0.0428 0.0067 0.0026 0.0114 0.0100 0.8965 
   HI_SS0198  4 0.0233 0.2493 0.3392 0.0837 0.0553 0.0545 0.0100 0.1848 
   HI_SS0199  4 0.0093 0.6169 0.0326 0.0059 0.0097 0.0720 0.0019 0.2516 
   HI_SS0201  4 0.0448 0.0307 0.0413 0.0066 0.8349 0.0299 0.0028 0.0090 
   HI_SS0215  4 0.0147 0.8973 0.0161 0.0064 0.0087 0.0467 0.0029 0.0072 
   HI_SS0218  4 0.0113 0.0188 0.0144 0.0213 0.9031 0.0071 0.0087 0.0154 
   HI_SS0222  4 0.0067 0.7345 0.1198 0.0161 0.0099 0.0750 0.0044 0.0336 
   HI_SS0230  4 0.1371 0.0175 0.0497 0.0606 0.0130 0.6679 0.0051 0.0492 
   HI_SS0234  4 0.1059 0.0191 0.2166 0.0090 0.0103 0.0074 0.1532 0.4785 
   HI_SS0240  4 0.0149 0.0199 0.6731 0.0348 0.0069 0.0852 0.0056 0.1596 
   HI_SS0241  4 0.0289 0.1158 0.4903 0.0267 0.0926 0.2156 0.0029 0.0273 
   HI_SS0242  4 0.1611 0.0148 0.4302 0.1795 0.1319 0.0392 0.0033 0.0400 
   HI_SS0247  4 0.7283 0.0037 0.0073 0.0085 0.0136 0.0080 0.0207 0.2099 
   HI_SS0248  4 0.0189 0.0353 0.0092 0.0141 0.8639 0.0489 0.0010 0.0086 
   HI_SS0252  4 0.0590 0.0734 0.0095 0.0404 0.0203 0.0236 0.0021 0.7718 
   HI_SS0254  4 0.0074 0.0078 0.1453 0.0171 0.2282 0.3784 0.0855 0.1302 
   HI_SS0256  4 0.9433 0.0034 0.0074 0.0204 0.0028 0.0102 0.0011 0.0112 
   HI_SS0257  4 0.4067 0.1210 0.0510 0.0100 0.0424 0.3298 0.0033 0.0359 
   HI_SS0258  4 0.0144 0.0904 0.0215 0.0144 0.7050 0.1337 0.0050 0.0156 
   HI_SS0259  4 0.0195 0.0086 0.6121 0.0276 0.0081 0.0429 0.0029 0.2783 
   HI_SS0260  4 0.0485 0.3334 0.0157 0.0957 0.1180 0.3684 0.0014 0.0189 
   HI_SS0261  4 0.0249 0.1301 0.1443 0.0266 0.0289 0.6231 0.0028 0.0192 
   HI_SS0262  4 0.0753 0.1522 0.6673 0.0359 0.0082 0.0106 0.0062 0.0443 
   HI_SS0264  4 0.1322 0.0134 0.0215 0.4084 0.0103 0.3987 0.0038 0.0117 
   HI_SS0265  4 0.1542 0.0227 0.4951 0.1346 0.0164 0.0272 0.1083 0.0415 
   HI_SS0268  4 0.0339 0.0114 0.5866 0.1028 0.1584 0.0293 0.0035 0.0740 
   HI_SS0269  4 0.0240 0.4235 0.3570 0.0051 0.1372 0.0102 0.0018 0.0411 
   HI_SS0273  4 0.0375 0.0409 0.0283 0.0183 0.8431 0.0164 0.0018 0.0138 
   HI_SS0277  4 0.0747 0.3081 0.2935 0.0106 0.0064 0.0198 0.0026 0.2843 
   HI_SS0280  4 0.0064 0.4197 0.0376 0.1172 0.0439 0.2564 0.0063 0.1127 
   HI_SS0282  4 0.1977 0.0456 0.0160 0.0066 0.2588 0.4486 0.0015 0.0253 
   HI_SS0286  4 0.0448 0.0509 0.4449 0.0283 0.0445 0.0973 0.0070 0.2822 
   NS_SS1252  5 0.0046 0.9598 0.0044 0.0047 0.0128 0.0049 0.0024 0.0065 
   NS_SS1261  5 0.0192 0.0222 0.0166 0.0109 0.0094 0.0155 0.0138 0.8924 
   NS_SS1225  5 0.8924 0.0080 0.0067 0.0038 0.0093 0.0192 0.0562 0.0044 
   NS_SS1266  5 0.8018 0.0061 0.0378 0.0745 0.0081 0.0278 0.0101 0.0338 
   NS_SS1228  5 0.0250 0.0190 0.0952 0.1547 0.0166 0.0139 0.0153 0.6605 
   NS_SS1255  5 0.1098 0.8311 0.0037 0.0304 0.0112 0.0043 0.0013 0.0083 
   NS_SS1267  5 0.0072 0.5719 0.0131 0.0355 0.3107 0.0168 0.0150 0.0298 
   NS_SS1238  5 0.0425 0.0187 0.0106 0.0112 0.4773 0.0119 0.0019 0.4259 
   NS_SS1233  5 0.7051 0.0269 0.0057 0.1287 0.1092 0.0178 0.0018 0.0048 
   NS_SS1277  5 0.0072 0.0080 0.0095 0.0250 0.9353 0.0068 0.0010 0.0071 
   NS_SS1245  5 0.3189 0.0923 0.0225 0.0455 0.1809 0.2693 0.0020 0.0685 
   NS_SS1240  5 0.0112 0.6522 0.1282 0.0074 0.1458 0.0383 0.0021 0.0148 
   NS_SS1275  5 0.0833 0.0108 0.3987 0.1008 0.0044 0.0260 0.0027 0.3732 
   NS_SS1235  5 0.9386 0.0044 0.0188 0.0059 0.0093 0.0061 0.0049 0.0121 
   NS_SS1263  5 0.9057 0.0081 0.0062 0.0532 0.0057 0.0108 0.0009 0.0094 
   NS_SS1251  5 0.8738 0.0416 0.0063 0.0110 0.0072 0.0278 0.0014 0.0310 
   NS_SS1248  5 0.0114 0.0207 0.0167 0.1563 0.5840 0.0465 0.1236 0.0408 
   NS_SS1244  5 0.0181 0.0036 0.0218 0.0040 0.0725 0.0065 0.0047 0.8687 
   NS_SS1257  5 0.0490 0.1358 0.6937 0.0160 0.0579 0.0140 0.0210 0.0127 
   NS_SS1242  5 0.0947 0.0160 0.0186 0.8113 0.0102 0.0312 0.0029 0.0150 
   NS_SS1271  5 0.0045 0.0398 0.0106 0.0138 0.8628 0.0224 0.0300 0.0161 
   NS_SS1265  5 0.0084 0.6971 0.0423 0.0096 0.0196 0.1962 0.0181 0.0087 
   NS_SS1243  5 0.0091 0.1412 0.0245 0.4221 0.0768 0.1576 0.1003 0.0684 
   NS_SS1273  5 0.0203 0.0053 0.0191 0.9148 0.0119 0.0078 0.0093 0.0116 
   NS_SS1254  5 0.0361 0.0622 0.0060 0.8608 0.0058 0.0067 0.0046 0.0176 
   NS_SS1224  5 0.5294 0.2045 0.0372 0.0872 0.0076 0.1107 0.0075 0.0160 
   NS_SS1227  5 0.0065 0.0066 0.0873 0.0734 0.0231 0.7895 0.0015 0.0121 
   NS_SS1274  5 0.5078 0.0521 0.1112 0.0662 0.1230 0.1007 0.0167 0.0225 
   NS_SS1241  5 0.0156 0.0065 0.0066 0.0107 0.9332 0.0135 0.0009 0.0129 
   NS_SS1256  5 0.6763 0.0491 0.0250 0.0381 0.0966 0.0439 0.0450 0.0262 
   NS_SS1260  5 0.0162 0.5945 0.2616 0.0106 0.0119 0.0295 0.0634 0.0123 
   NS_SS1262  5 0.0774 0.4218 0.0232 0.0148 0.0473 0.2093 0.1752 0.0309 
   NS_SS1230  5 0.0119 0.0501 0.0258 0.0611 0.7156 0.1133 0.0085 0.0137 
   NS_SS1270  5 0.3798 0.0111 0.0809 0.0312 0.0486 0.3776 0.0028 0.0680 
   NS_SS1229  5 0.0063 0.0065 0.0056 0.0028 0.0034 0.0086 0.0029 0.9639 
   NS_SS1246  5 0.0430 0.0408 0.0284 0.0094 0.0142 0.0057 0.0032 0.8552 
   NS_SS1269  5 0.0129 0.1340 0.6411 0.0390 0.0274 0.0683 0.0021 0.0751 
   NS_SS1239  5 0.0118 0.2317 0.1781 0.0281 0.0233 0.0143 0.0049 0.5080 
   NS_SS1272  5 0.5842 0.0331 0.0744 0.0170 0.0193 0.0124 0.0068 0.2528 
   NS_SS1268  5 0.7579 0.0084 0.0879 0.0448 0.0423 0.0487 0.0025 0.0074 
   NS_SS1249  5 0.0213 0.5205 0.0169 0.0151 0.3797 0.0183 0.0125 0.0158 
   HI_SS0559  6 0.0172 0.0070 0.0067 0.0141 0.0121 0.9371 0.0016 0.0044 
   HI_SS0563  6 0.0677 0.6894 0.0302 0.0247 0.0793 0.0091 0.0032 0.0964 
   HI_SS0564  6 0.2902 0.2143 0.1699 0.0607 0.0311 0.0203 0.0610 0.1525 
   HI_SS0565  6 0.0562 0.3272 0.0971 0.0149 0.0179 0.4113 0.0040 0.0715 
   HI_SS0569  6 0.0060 0.0366 0.0043 0.0039 0.0415 0.8986 0.0018 0.0072 
   HI_SS0570  6 0.0135 0.0079 0.0139 0.0156 0.8770 0.0100 0.0468 0.0153 
   HI_SS0572  6 0.7989 0.0227 0.1083 0.0286 0.0064 0.0186 0.0026 0.0138 
   HI_SS0576  6 0.0228 0.0104 0.3100 0.2651 0.0459 0.0636 0.0073 0.2748 
   HI_SS0579  6 0.2105 0.0366 0.0075 0.0052 0.0232 0.6947 0.0141 0.0083 
   HI_SS0580  6 0.0303 0.3146 0.0874 0.5042 0.0213 0.0270 0.0040 0.0112 
   HI_SS0581  6 0.0119 0.0040 0.5086 0.0099 0.0055 0.0087 0.0590 0.3925 
   HI_SS0583  6 0.0163 0.8195 0.0048 0.0923 0.0096 0.0103 0.0023 0.0448 
   HI_SS0586  6 0.0081 0.1337 0.0174 0.0591 0.7356 0.0396 0.0013 0.0051 
   HI_SS0588  6 0.0148 0.0212 0.0196 0.0088 0.0469 0.8481 0.0230 0.0177 
   HI_SS0595  6 0.0480 0.1320 0.3639 0.0869 0.2755 0.0160 0.0345 0.0432 
   HI_SS0596  6 0.2100 0.0072 0.0184 0.5826 0.0176 0.0419 0.0027 0.1195 
   HI_SS0597  6 0.1084 0.0719 0.0483 0.0299 0.0257 0.0146 0.0023 0.6990 
   HI_SS0600  6 0.0082 0.0250 0.8723 0.0058 0.0376 0.0125 0.0027 0.0360 
   HI_SS0601  6 0.2757 0.0081 0.0192 0.0063 0.0089 0.5429 0.0125 0.1265 
   HI_SS0602  6 0.0086 0.0085 0.0131 0.0128 0.0056 0.9435 0.0020 0.0058 
   HI_SS0604  6 0.1136 0.1179 0.0159 0.1308 0.0161 0.5671 0.0017 0.0368 
   HI_SS0605  6 0.0047 0.0098 0.9527 0.0069 0.0064 0.0112 0.0049 0.0035 
   HI_SS0608  6 0.0076 0.0154 0.0077 0.6171 0.1064 0.0155 0.0008 0.2295 
   HI_SS0609  6 0.7228 0.0308 0.0936 0.0407 0.0318 0.0104 0.0008 0.0692 
   HI_SS0611  6 0.0077 0.7642 0.0111 0.0637 0.0470 0.0318 0.0027 0.0718 
   HI_SS0612  6 0.8616 0.0256 0.0239 0.0040 0.0139 0.0586 0.0049 0.0075 
   HI_SS0613  6 0.1070 0.2292 0.2721 0.1323 0.0108 0.2403 0.0019 0.0064 
   HI_SS0615  6 0.0155 0.0084 0.1632 0.0691 0.0082 0.0135 0.0101 0.7120 
   HI_SS0001  6 0.0977 0.0296 0.3973 0.0434 0.1796 0.0112 0.0045 0.2368 
   HI_SS0002  6 0.8569 0.0157 0.0267 0.0179 0.0080 0.0334 0.0284 0.0129 
   HI_SS0004  6 0.0245 0.2635 0.3408 0.1476 0.1375 0.0622 0.0050 0.0190 
   HI_SS0005  6 0.0108 0.0252 0.6595 0.1071 0.0892 0.0778 0.0072 0.0232 
   HI_SS0006  6 0.2995 0.5686 0.0542 0.0061 0.0321 0.0210 0.0016 0.0168 
   HI_SS0007  6 0.0078 0.0395 0.0144 0.0466 0.8683 0.0137 0.0024 0.0072 
   HI_SS0008  6 0.0194 0.0050 0.0231 0.0101 0.0146 0.8836 0.0263 0.0179 
   HI_SS0009  6 0.0124 0.0312 0.0591 0.7770 0.0355 0.0382 0.0053 0.0412 
   HI_SS0010  6 0.0057 0.0631 0.0234 0.2425 0.4528 0.1420 0.0028 0.0678 
   HI_SS0011  6 0.8050 0.0086 0.0091 0.0176 0.0170 0.0418 0.0794 0.0216 
   HI_SS0012  6 0.0215 0.0144 0.5484 0.0227 0.0071 0.0256 0.0046 0.3557 
   HI_SS0017  6 0.0570 0.0084 0.0106 0.7982 0.0535 0.0188 0.0015 0.0519 
   HI_SS0021  6 0.0361 0.2911 0.1319 0.0643 0.1427 0.0896 0.2362 0.0080 
   HI_SS0024  6 0.0898 0.0248 0.2479 0.3395 0.1669 0.0116 0.0025 0.1170 
   HI_SS0025  6 0.0259 0.2553 0.0163 0.6690 0.0072 0.0106 0.0040 0.0117 
   HI_SS0027  6 0.0138 0.0300 0.0100 0.0103 0.5122 0.3806 0.0142 0.0288 
   HI_SS0028  6 0.0553 0.0107 0.0151 0.8458 0.0073 0.0439 0.0020 0.0199 
   HI_SS0029  6 0.0176 0.1313 0.0245 0.7227 0.0151 0.0293 0.0067 0.0528 
   HI_SS0030  6 0.0345 0.0417 0.0657 0.0411 0.0678 0.2440 0.0063 0.4989 
   HI_SS0031  6 0.0122 0.0048 0.0402 0.0213 0.0141 0.8852 0.0036 0.0186 
   HI_SS0034  6 0.0176 0.0536 0.0463 0.0042 0.0704 0.7963 0.0050 0.0066 
   HI_SS0036  6 0.0029 0.0042 0.8206 0.0221 0.0825 0.0453 0.0087 0.0137 
   HI_SS0037  6 0.0100 0.7354 0.0289 0.0790 0.0893 0.0430 0.0048 0.0096 
   HI_SS0039  6 0.0081 0.0887 0.0177 0.2449 0.2656 0.3553 0.0030 0.0167 
   HI_SS0041  6 0.0126 0.0177 0.0427 0.5465 0.0041 0.0060 0.0021 0.3681 
   HI_SS0042  6 0.0582 0.0088 0.7435 0.0595 0.0058 0.0043 0.1049 0.0150 
   HI_SS0043  6 0.0098 0.2030 0.2164 0.0122 0.4407 0.0647 0.0038 0.0494 
   HI_SS0044  6 0.0046 0.0080 0.0245 0.8568 0.0912 0.0075 0.0024 0.0052 
   HI_SS0047  6 0.0126 0.0297 0.0181 0.0143 0.0093 0.8745 0.0026 0.0389 
   HI_SS0049  6 0.0582 0.0074 0.0123 0.3607 0.0454 0.4829 0.0051 0.0281 
   HI_SS0051  6 0.0154 0.7877 0.1009 0.0451 0.0123 0.0278 0.0028 0.0081 
   HI_SS0053  6 0.0056 0.0199 0.0150 0.0082 0.0335 0.8987 0.0042 0.0150 
   HI_SS0054  6 0.0658 0.0147 0.0062 0.0108 0.7606 0.1050 0.0044 0.0325 
   HI_SS0057  6 0.1145 0.2946 0.0947 0.0317 0.1013 0.1020 0.0045 0.2567 
   HI_SS0058  6 0.6736 0.2299 0.0499 0.0114 0.0145 0.0078 0.0064 0.0064 
   HI_SS0060  6 0.0207 0.0147 0.4970 0.0068 0.2085 0.1330 0.0877 0.0315 
   HI_SS0087  6 0.1778 0.4762 0.1108 0.0061 0.0274 0.0909 0.0029 0.1079 
   HI_SS0091  6 0.0245 0.8445 0.0142 0.0035 0.0109 0.0113 0.0012 0.0899 
   HI_SS0095  6 0.0589 0.0162 0.1671 0.0057 0.0047 0.6459 0.0467 0.0549 
   HI_SS0097  6 0.5293 0.1168 0.0139 0.0116 0.0179 0.1574 0.0039 0.1492 
   HI_SS0099  6 0.0114 0.0078 0.0187 0.9205 0.0067 0.0148 0.0041 0.0159 
   HI_SS0103  6 0.2400 0.1529 0.3734 0.0259 0.0120 0.0863 0.0040 0.1055 
   HI_SS0105  6 0.0641 0.0473 0.0437 0.0063 0.0127 0.3271 0.0257 0.4732 
   HI_SS0107  6 0.8059 0.0107 0.0219 0.0426 0.0070 0.0134 0.0010 0.0975 
   HI_SS0108  6 0.0074 0.0748 0.0186 0.0102 0.8134 0.0289 0.0333 0.0134 
   HI_SS0110  6 0.0092 0.0937 0.4665 0.0166 0.0092 0.0398 0.0011 0.3640 
   HI_SS0111  6 0.0099 0.0208 0.8950 0.0146 0.0115 0.0102 0.0209 0.0170 
   HI_SS0112  6 0.0079 0.0063 0.0086 0.0038 0.9599 0.0071 0.0012 0.0053 
   HI_SS0113  6 0.5780 0.1742 0.0120 0.0270 0.0069 0.0356 0.0041 0.1622 
   HI_SS0114  6 0.0140 0.3841 0.1961 0.0174 0.0563 0.3146 0.0051 0.0124 
   HI_SS0115  6 0.0765 0.0125 0.0414 0.3650 0.0313 0.4533 0.0159 0.0042 
   HI_SS0116  6 0.0088 0.8780 0.0071 0.0633 0.0140 0.0100 0.0029 0.0159 
   HI_SS0117  6 0.8384 0.0185 0.0138 0.0062 0.0823 0.0156 0.0019 0.0234 
   HI_SS0118  6 0.0227 0.9293 0.0077 0.0124 0.0069 0.0088 0.0076 0.0048 
   HI_SS0119  6 0.0191 0.0447 0.6140 0.0054 0.0613 0.0228 0.0024 0.2304 
   HI_SS0120  6 0.4722 0.0121 0.0435 0.0291 0.0086 0.0069 0.0033 0.4243 
   HI_SS0121  6 0.4514 0.0800 0.0671 0.0647 0.0055 0.0220 0.0013 0.3081 
   HI_SS0122  6 0.0149 0.0226 0.6819 0.0252 0.0225 0.0077 0.0179 0.2074 
   HI_SS0123  6 0.4068 0.4417 0.0360 0.0233 0.0030 0.0663 0.0036 0.0192 
   HI_SS0124  6 0.0271 0.0107 0.0714 0.8087 0.0325 0.0165 0.0029 0.0302 
   HI_SS0125  6 0.0072 0.0059 0.8679 0.0227 0.0045 0.0142 0.0282 0.0494 
   HI_SS0126  6 0.0081 0.1587 0.0093 0.0401 0.7653 0.0095 0.0010 0.0078 
   HI_SS0127  6 0.0322 0.0059 0.0859 0.0584 0.0481 0.7542 0.0066 0.0088 
   HI_SS0128  6 0.0131 0.0211 0.0127 0.1390 0.0755 0.0397 0.0028 0.6960 
   HI_SS0129  6 0.0225 0.0175 0.8202 0.0248 0.0494 0.0253 0.0088 0.0315 
   HI_SS0131  6 0.0213 0.0051 0.0070 0.0103 0.8832 0.0061 0.0326 0.0344 
   HI_SS0132  6 0.1162 0.1231 0.2386 0.1230 0.2001 0.0934 0.0006 0.1050 
   HI_SS0133  6 0.0027 0.0096 0.0031 0.0031 0.9726 0.0031 0.0013 0.0045 
   HI_SS0134  6 0.1993 0.0202 0.0830 0.0720 0.4387 0.1331 0.0018 0.0519 
   HI_SS0142  6 0.0100 0.0081 0.0067 0.0075 0.0045 0.9263 0.0123 0.0246 
   HI_SS0145  6 0.0478 0.0155 0.0154 0.0121 0.0268 0.8581 0.0015 0.0229 
   HI_SS0146  6 0.0091 0.0111 0.0108 0.0239 0.9242 0.0082 0.0014 0.0112 
   HI_SS0147  6 0.5712 0.0999 0.1001 0.0844 0.0098 0.0246 0.0250 0.0849 
   HI_SS0149  6 0.2031 0.0167 0.2338 0.0109 0.1197 0.0286 0.0049 0.3824 
   HI_SS0150  6 0.1433 0.0120 0.1012 0.4785 0.0253 0.0224 0.0046 0.2128 
   HI_SS0151  6 0.0601 0.1085 0.3412 0.0096 0.0566 0.1861 0.0137 0.2242 
   NS_SS1451  6 0.0306 0.0059 0.5279 0.3555 0.0306 0.0170 0.0032 0.0292 
   NS_SS1404  6 0.2830 0.0193 0.1250 0.4797 0.0280 0.0099 0.0138 0.0413 
   NS_SS1432  6 0.0059 0.0139 0.3327 0.5067 0.0049 0.0266 0.0392 0.0700 
   NS_SS1405  6 0.1063 0.6776 0.0385 0.0901 0.0602 0.0114 0.0035 0.0123 
   NS_SS1431  6 0.0543 0.0266 0.0575 0.3159 0.0133 0.0275 0.0010 0.5039 
   NS_SS1402  6 0.8821 0.0174 0.0290 0.0187 0.0114 0.0104 0.0024 0.0285 
   NS_SS1450  6 0.0351 0.1494 0.0432 0.0175 0.0628 0.6600 0.0042 0.0278 
   NS_SS1396  6 0.0111 0.0301 0.0309 0.0273 0.0171 0.0229 0.0067 0.8538 
   NS_SS1393  6 0.0055 0.9403 0.0099 0.0130 0.0044 0.0119 0.0033 0.0117 
   NS_SS1392  6 0.0194 0.0319 0.2480 0.1801 0.0143 0.0140 0.0185 0.4739 
   NS_SS1445  6 0.0108 0.0186 0.2418 0.0084 0.0238 0.6676 0.0085 0.0204 
   NS_SS1423  6 0.4483 0.0622 0.0278 0.0126 0.2289 0.0325 0.0018 0.1859 
   NS_SS1421  6 0.0611 0.0191 0.0659 0.0137 0.4933 0.0096 0.0883 0.2490 
   NS_SS1411  6 0.0062 0.2733 0.0144 0.0479 0.6111 0.0264 0.0022 0.0184 
   NS_SS1453  6 0.0607 0.2917 0.2726 0.0243 0.0247 0.0452 0.0083 0.2726 
   NS_SS1442  6 0.0525 0.0340 0.2450 0.0301 0.1542 0.4583 0.0041 0.0218 
   NS_SS1422  6 0.8054 0.0371 0.0141 0.0277 0.0395 0.0293 0.0121 0.0350 
   NS_SS1419  6 0.1759 0.0495 0.0111 0.3835 0.0053 0.0128 0.1640 0.1979 
   NS_SS1427  6 0.0043 0.0476 0.0172 0.0187 0.7507 0.0181 0.0020 0.1414 
   NS_SS1444  6 0.0116 0.0149 0.0203 0.7259 0.0075 0.1970 0.0033 0.0196 
   NS_SS1455  6 0.9281 0.0152 0.0040 0.0230 0.0055 0.0068 0.0013 0.0161 
   NS_SS1425  6 0.0069 0.1855 0.0118 0.0039 0.7672 0.0152 0.0012 0.0083 
   NS_SS1400  6 0.0236 0.0344 0.0061 0.0182 0.8918 0.0113 0.0016 0.0131 
   NS_SS1406  6 0.9327 0.0054 0.0059 0.0078 0.0042 0.0218 0.0076 0.0145 
   NS_SS1417  6 0.5274 0.2424 0.0301 0.0354 0.1256 0.0098 0.0094 0.0198 
   NS_SS1454  6 0.0344 0.1869 0.0271 0.0539 0.2838 0.0263 0.0018 0.3857 
   NS_SS1412  6 0.0943 0.1390 0.0523 0.0322 0.0417 0.6014 0.0236 0.0155 
   NS_SS1438  6 0.0344 0.8064 0.0181 0.0127 0.0490 0.0519 0.0014 0.0261 
   NS_SS1416  6 0.0256 0.9293 0.0093 0.0122 0.0031 0.0053 0.0054 0.0098 
   NS_SS1401  6 0.0682 0.0071 0.1210 0.0254 0.0237 0.0072 0.0090 0.7385 
   NS_SS1424  6 0.0268 0.0404 0.1098 0.0346 0.6935 0.0269 0.0177 0.0503 
   NS_SS1435  6 0.0131 0.0074 0.0172 0.0391 0.7747 0.1328 0.0042 0.0114 
   NS_SS1447  6 0.0693 0.0327 0.0190 0.2417 0.0132 0.5997 0.0067 0.0177 
   NS_SS1414  6 0.1605 0.0289 0.0086 0.7287 0.0162 0.0319 0.0081 0.0170 
   NS_SS1449  6 0.0062 0.0045 0.0069 0.0041 0.0075 0.0032 0.0037 0.9639 
   NS_SS1443  6 0.0259 0.0127 0.0111 0.0053 0.3595 0.5468 0.0024 0.0364 
   NS_SS1434  6 0.0449 0.0732 0.0351 0.0346 0.3234 0.0097 0.0007 0.4785 
   NS_SS1398  6 0.0267 0.0402 0.5253 0.1930 0.1213 0.0236 0.0248 0.0450 
   NS_SS1426  6 0.0098 0.1611 0.0172 0.0109 0.0564 0.7229 0.0023 0.0194 
   NS_SS1413  6 0.0060 0.0051 0.0051 0.0042 0.9623 0.0049 0.0069 0.0056 
   NS_SS1395  6 0.0099 0.0232 0.0151 0.0046 0.0087 0.9128 0.0065 0.0192 
   NS_SS1448  6 0.0061 0.0054 0.0271 0.0585 0.8755 0.0166 0.0015 0.0092 
   NS_SS1446  6 0.0198 0.5303 0.3808 0.0170 0.0095 0.0189 0.0024 0.0212 
   NS_SS1403  6 0.0210 0.0814 0.0330 0.1387 0.0074 0.0351 0.0059 0.6776 
   NS_SS1415  6 0.0061 0.0085 0.0056 0.0086 0.9397 0.0134 0.0072 0.0108 
   NS_SS1437  6 0.0555 0.0129 0.0329 0.7458 0.0144 0.0744 0.0084 0.0558 
   NS_SS1439  6 0.0654 0.0504 0.0467 0.0105 0.0042 0.8122 0.0028 0.0078 
   NS_SS1441  6 0.0239 0.0465 0.0568 0.0432 0.1583 0.5811 0.0020 0.0881 
   NS_SS1420  6 0.0064 0.0107 0.0132 0.9167 0.0060 0.0135 0.0035 0.0300 
   NS_SS1394  6 0.0135 0.0130 0.1784 0.6107 0.0055 0.1358 0.0356 0.0076 
   NS_SS1391  6 0.0151 0.0860 0.0238 0.0578 0.0418 0.7272 0.0125 0.0358 
   NS_SS1410  6 0.0207 0.0406 0.0102 0.0165 0.0177 0.0071 0.0086 0.8786 
   NS_SS1408  6 0.0088 0.0062 0.8917 0.0092 0.0085 0.0147 0.0490 0.0120 
   NS_SS1409  6 0.0096 0.6633 0.0829 0.0161 0.0091 0.0347 0.0030 0.1813 
   HI_SS0617  7 0.0080 0.8225 0.1240 0.0191 0.0046 0.0071 0.0014 0.0132 
   HI_SS0618  7 0.0486 0.1644 0.1892 0.0387 0.0124 0.0765 0.0026 0.4676 
   HI_SS0619  7 0.0086 0.0393 0.0376 0.8578 0.0245 0.0118 0.0035 0.0169 
   HI_SS0620  7 0.0089 0.0062 0.0156 0.0056 0.9404 0.0160 0.0023 0.0050 
   HI_SS0621  7 0.1059 0.0201 0.5708 0.2083 0.0076 0.0100 0.0129 0.0643 
   HI_SS0622  7 0.1872 0.0128 0.0365 0.0518 0.1118 0.5744 0.0119 0.0135 
   HI_SS0626  7 0.0096 0.0157 0.4874 0.4390 0.0093 0.0220 0.0072 0.0099 
   HI_SS0627  7 0.0328 0.0748 0.0317 0.0109 0.0151 0.0114 0.0101 0.8133 
   HI_SS0628  7 0.0098 0.7695 0.0526 0.0205 0.0721 0.0097 0.0465 0.0193 
   HI_SS0629  7 0.0482 0.0731 0.7576 0.0407 0.0323 0.0170 0.0053 0.0258 
   HI_SS0630  7 0.0074 0.0477 0.0250 0.1059 0.6950 0.0254 0.0714 0.0221 
   HI_SS0631  7 0.0107 0.0180 0.0360 0.0220 0.7463 0.0901 0.0010 0.0760 
   HI_SS0632  7 0.0187 0.0217 0.0518 0.0525 0.6097 0.0883 0.0038 0.1535 
   HI_SS0633  7 0.0549 0.0401 0.0137 0.8130 0.0057 0.0313 0.0030 0.0384 
   HI_SS0634  7 0.0068 0.0125 0.9423 0.0099 0.0095 0.0053 0.0017 0.0119 
   HI_SS0635  7 0.2608 0.0683 0.0926 0.3644 0.0357 0.1444 0.0114 0.0223 
   HI_SS0637  7 0.0166 0.0318 0.8356 0.0047 0.0033 0.0945 0.0023 0.0111 
   HI_SS0638  7 0.0191 0.0120 0.1564 0.0215 0.7155 0.0471 0.0011 0.0273 
   HI_SS0639  7 0.0210 0.0110 0.4361 0.1925 0.0065 0.2495 0.0478 0.0356 
   HI_SS0640  7 0.0141 0.0072 0.0127 0.0153 0.0229 0.9202 0.0019 0.0058 
   HI_SS0641  7 0.0091 0.0188 0.5886 0.2336 0.1113 0.0297 0.0035 0.0054 
   HI_SS0642  7 0.0097 0.0073 0.0372 0.0078 0.0095 0.3253 0.0020 0.6012 
   HI_SS0645  7 0.0169 0.0173 0.0085 0.9269 0.0117 0.0039 0.0009 0.0140 
   HI_SS0646  7 0.0747 0.0200 0.0304 0.0168 0.0120 0.7163 0.0027 0.1270 
   HI_SS0647  7 0.3294 0.0350 0.0703 0.0400 0.4123 0.0439 0.0014 0.0676 
   HI_SS0648  7 0.0609 0.0218 0.0630 0.4137 0.0369 0.3775 0.0028 0.0235 
   HI_SS0649  7 0.0259 0.0568 0.7619 0.0705 0.0054 0.0371 0.0019 0.0405 
   HI_SS0650  7 0.0075 0.0320 0.8221 0.0162 0.0067 0.0288 0.0044 0.0824 
   HI_SS0651  7 0.1019 0.0330 0.0457 0.0389 0.0104 0.7584 0.0045 0.0073 
   HI_SS0652  7 0.0076 0.0180 0.0315 0.8618 0.0097 0.0560 0.0035 0.0119 
   NS_SS1371  7 0.0176 0.0273 0.9177 0.0051 0.0049 0.0148 0.0040 0.0086 
   NS_SS1374  7 0.0108 0.1224 0.5172 0.0372 0.2261 0.0242 0.0024 0.0598 
   NS_SS1337  7 0.0137 0.0108 0.1460 0.0066 0.0124 0.0050 0.0030 0.8025 
   NS_SS1385  7 0.1116 0.2210 0.0262 0.1887 0.0148 0.3028 0.0053 0.1297 
   NS_SS1388  7 0.0124 0.0598 0.0166 0.8685 0.0167 0.0074 0.0080 0.0106 
   NS_SS1370  7 0.0192 0.0113 0.0706 0.0074 0.0217 0.0103 0.0104 0.8492 
   NS_SS1389  7 0.0092 0.0049 0.0087 0.9587 0.0065 0.0042 0.0024 0.0054 
   NS_SS1360  7 0.0285 0.0157 0.0286 0.0099 0.1864 0.6968 0.0044 0.0297 
   NS_SS1330  7 0.1795 0.1709 0.0932 0.1151 0.0073 0.4173 0.0040 0.0128 
   NS_SS1328  7 0.0103 0.0096 0.0384 0.0177 0.8871 0.0100 0.0020 0.0251 
   NS_SS1384  7 0.2510 0.0175 0.0367 0.0079 0.0060 0.6681 0.0032 0.0095 
   NS_SS1381  7 0.1977 0.0516 0.0610 0.0200 0.0084 0.0093 0.0008 0.6513 
   NS_SS1375  7 0.0042 0.0090 0.0133 0.8972 0.0238 0.0321 0.0012 0.0190 
   NS_SS1319  7 0.0134 0.0634 0.1216 0.0739 0.0260 0.0930 0.1047 0.5041 
   NS_SS1326  7 0.0068 0.0111 0.0138 0.0111 0.9258 0.0061 0.0102 0.0151 
   NS_SS1341  7 0.0375 0.0539 0.2559 0.0070 0.0087 0.4323 0.0042 0.2005 
   NS_SS1383  7 0.0063 0.0083 0.0766 0.0055 0.0164 0.0151 0.0040 0.8677 
   NS_SS1318  7 0.1633 0.2847 0.2079 0.2130 0.0425 0.0577 0.0145 0.0165 
   NS_SS1348  7 0.0106 0.0230 0.0143 0.0080 0.9086 0.0184 0.0017 0.0153 
   NS_SS1363  7 0.0147 0.0218 0.7146 0.0354 0.0621 0.0124 0.0042 0.1348 
   NS_SS1335  7 0.0115 0.0339 0.0192 0.0116 0.6903 0.1494 0.0411 0.0431 
   NS_SS1358  7 0.8913 0.0176 0.0085 0.0025 0.0325 0.0152 0.0121 0.0203 
   NS_SS1342  7 0.8153 0.1275 0.0134 0.0036 0.0121 0.0095 0.0011 0.0175 
   NS_SS1320  7 0.8339 0.0066 0.0265 0.0793 0.0050 0.0169 0.0058 0.0260 
   NS_SS1355  7 0.4405 0.0143 0.0177 0.0893 0.0045 0.4065 0.0136 0.0135 
   NS_SS1345  7 0.9380 0.0083 0.0046 0.0065 0.0151 0.0081 0.0130 0.0064 
   NS_SS1324  7 0.1069 0.0242 0.2949 0.0270 0.3503 0.0364 0.0029 0.1575 
   NS_SS1347  7 0.0166 0.0368 0.1534 0.0088 0.0115 0.7314 0.0037 0.0379 
   NS_SS1321  7 0.0147 0.0289 0.6628 0.0094 0.0364 0.0238 0.0013 0.2227 
   NS_SS1333  7 0.0089 0.0096 0.8226 0.0374 0.0319 0.0075 0.0031 0.0791 
   NS_SS1364  7 0.5344 0.0625 0.0171 0.0113 0.2932 0.0679 0.0024 0.0113 
   NS_SS1379  7 0.1146 0.3269 0.0373 0.0293 0.0093 0.3902 0.0628 0.0295 
   NS_SS1332  7 0.0078 0.0166 0.0137 0.0406 0.8805 0.0256 0.0071 0.0082 
   NS_SS1338  7 0.0064 0.7141 0.2184 0.0131 0.0094 0.0203 0.0056 0.0127 
   NS_SS1368  7 0.0259 0.1121 0.0121 0.0302 0.7349 0.0267 0.0082 0.0498 
   NS_SS1354  7 0.6459 0.0593 0.1212 0.0344 0.0234 0.0296 0.0142 0.0719 
   NS_SS1365  7 0.0441 0.0296 0.1809 0.3767 0.2395 0.0986 0.0101 0.0206 
   NS_SS1380  7 0.9312 0.0051 0.0113 0.0199 0.0030 0.0100 0.0141 0.0053 
   NS_SS1329  7 0.3785 0.3818 0.1395 0.0090 0.0551 0.0164 0.0029 0.0168 
   NS_SS1362  7 0.7810 0.0270 0.0451 0.0128 0.0215 0.0899 0.0033 0.0193 
   NS_SS1327  7 0.0024 0.0370 0.0164 0.0042 0.9124 0.0138 0.0041 0.0098 
   NS_SS1350  7 0.0039 0.0069 0.9490 0.0073 0.0070 0.0137 0.0062 0.0061 
   NS_SS1387  7 0.0187 0.1587 0.0286 0.3991 0.0122 0.3526 0.0026 0.0275 
   NS_SS1369  7 0.0603 0.0296 0.0177 0.0103 0.8510 0.0095 0.0048 0.0167 
   NS_SS1331  7 0.0157 0.3060 0.0121 0.2377 0.1006 0.0111 0.0110 0.3055 
   NS_SS1357  7 0.0070 0.0084 0.0087 0.0138 0.0078 0.0102 0.0029 0.9410 
   NS_SS1386  7 0.0488 0.0113 0.0134 0.0041 0.8899 0.0066 0.0045 0.0215 
   NS_SS1353  7 0.0901 0.0196 0.0254 0.1703 0.0471 0.2992 0.0047 0.3437 
   NS_SS1323  7 0.3394 0.0101 0.0097 0.1011 0.0080 0.1440 0.0715 0.3161 
   HI_SS0296  8 0.0336 0.0956 0.0342 0.0122 0.2183 0.1983 0.0017 0.4061 
   HI_SS0297  8 0.0444 0.0344 0.0414 0.0120 0.1516 0.0095 0.0010 0.7057 
   HI_SS0299  8 0.2876 0.5371 0.0106 0.0082 0.0241 0.0178 0.0299 0.0847 
   HI_SS0300  8 0.0574 0.3144 0.0380 0.0251 0.3816 0.0864 0.0015 0.0955 
   HI_SS0301  8 0.0089 0.0076 0.0485 0.0293 0.0210 0.8760 0.0039 0.0049 
   HI_SS0302  8 0.0184 0.0104 0.0129 0.0122 0.8290 0.0749 0.0240 0.0182 
   HI_SS0303  8 0.0106 0.0189 0.0102 0.0305 0.9023 0.0153 0.0059 0.0062 
   HI_SS0304  8 0.0165 0.0741 0.1377 0.4370 0.1443 0.0186 0.0020 0.1698 
   HI_SS0306  8 0.0036 0.0041 0.0040 0.0041 0.9698 0.0069 0.0031 0.0044 
   HI_SS0307  8 0.0118 0.7852 0.0885 0.0753 0.0043 0.0183 0.0090 0.0078 
   HI_SS0308  8 0.4357 0.0200 0.1733 0.0207 0.0458 0.1355 0.0933 0.0759 
   HI_SS0309  8 0.8587 0.0220 0.0397 0.0318 0.0062 0.0191 0.0027 0.0198 
   HI_SS0310  8 0.1610 0.0682 0.0071 0.0212 0.0719 0.6526 0.0086 0.0095 
   HI_SS0311  8 0.0202 0.0155 0.0212 0.1821 0.3427 0.0798 0.0025 0.3361 
   HI_SS0314  8 0.0154 0.0060 0.0075 0.8515 0.0483 0.0602 0.0013 0.0097 
   HI_SS0316  8 0.0072 0.0242 0.0105 0.0166 0.0081 0.9201 0.0039 0.0093 
   HI_SS0317  8 0.0136 0.0246 0.8627 0.0067 0.0154 0.0229 0.0023 0.0518 
   HI_SS0318  8 0.0079 0.0144 0.3124 0.0044 0.1084 0.2737 0.1747 0.1040 
   HI_SS0319  8 0.0191 0.7405 0.0054 0.0072 0.1863 0.0300 0.0044 0.0071 
   HI_SS0320  8 0.0070 0.0306 0.1217 0.1772 0.0025 0.0389 0.0013 0.6208 
   HI_SS0321  8 0.0056 0.0132 0.8232 0.0047 0.0119 0.0271 0.0017 0.1125 
   HI_SS0323  8 0.0080 0.1140 0.7928 0.0346 0.0125 0.0187 0.0016 0.0177 
   HI_SS0325  8 0.0185 0.0236 0.1044 0.0161 0.7694 0.0429 0.0020 0.0230 
   HI_SS0327  8 0.3660 0.2903 0.0449 0.0051 0.1888 0.0162 0.0014 0.0874 
   HI_SS0329  8 0.0139 0.0327 0.0295 0.8479 0.0379 0.0078 0.0016 0.0288 
   HI_SS0333  8 0.0081 0.0677 0.0364 0.0490 0.0128 0.0735 0.0024 0.7500 
   HI_SS0334  8 0.0409 0.0981 0.1614 0.0118 0.0132 0.6494 0.0013 0.0238 
   HI_SS0335  8 0.9229 0.0056 0.0091 0.0048 0.0038 0.0295 0.0145 0.0097 
   HI_SS0339  8 0.8958 0.0093 0.0092 0.0148 0.0072 0.0286 0.0121 0.0230 
   HI_SS0343  8 0.3499 0.0045 0.0071 0.0132 0.0128 0.1028 0.0020 0.5077 
   HI_SS0344  8 0.0063 0.0110 0.0159 0.0046 0.9407 0.0107 0.0033 0.0076 
   HI_SS0345  8 0.7931 0.0170 0.0125 0.0276 0.1111 0.0109 0.0083 0.0195 
   HI_SS0346  8 0.0158 0.2482 0.4112 0.0116 0.0382 0.0487 0.0043 0.2220 
   HI_SS0350  8 0.8538 0.0157 0.0044 0.0826 0.0052 0.0123 0.0077 0.0183 
   HI_SS0351  8 0.7843 0.0300 0.0968 0.0067 0.0223 0.0496 0.0028 0.0075 
   HI_SS0352  8 0.6705 0.0371 0.0167 0.0252 0.0168 0.0617 0.1018 0.0702 
   HI_SS0362  8 0.0041 0.0229 0.1057 0.0366 0.7437 0.0527 0.0029 0.0314 
   HI_SS0363  8 0.0395 0.6608 0.0151 0.0069 0.0970 0.0534 0.0042 0.1230 
   HI_SS0365  8 0.0411 0.8327 0.0187 0.0324 0.0216 0.0175 0.0063 0.0298 
   HI_SS0366  8 0.0227 0.7929 0.0098 0.0083 0.0943 0.0218 0.0014 0.0487 
   HI_SS0367  8 0.3467 0.0784 0.0213 0.4966 0.0047 0.0371 0.0025 0.0127 
   HI_SS0369  8 0.1048 0.0147 0.0206 0.0403 0.0055 0.0590 0.0032 0.7520 
