   NS_SS0963  1 0.5411 0.0065 0.0107 0.0113 0.3686 0.0067 0.0081 0.0471 
   NS_SS0983  1 0.0060 0.0051 0.0278 0.0280 0.5109 0.4111 0.0037 0.0075 
   NS_SS0719  1 0.0147 0.0055 0.0200 0.8457 0.0627 0.0239 0.0121 0.0155 
   NS_SS1001  1 0.0182 0.0062 0.1580 0.0578 0.0140 0.0084 0.7235 0.0139 
   NS_SS0936  1 0.0208 0.0023 0.0173 0.0131 0.0109 0.0169 0.0272 0.8916 
   NS_SS0955  1 0.0212 0.0045 0.1390 0.0270 0.7177 0.0273 0.0384 0.0249 
   NS_SS0944  1 0.1850 0.0024 0.5887 0.0328 0.0132 0.0468 0.0296 0.1015 
   NS_SS0945  1 0.0357 0.0111 0.1011 0.0081 0.0194 0.7557 0.0577 0.0113 
   NS_SS0922  1 0.1095 0.0344 0.0133 0.6442 0.0770 0.0204 0.0605 0.0406 
   NS_SS0929  1 0.0242 0.0030 0.0121 0.0400 0.0164 0.8223 0.0242 0.0578 
   NS_SS0956  1 0.0265 0.0051 0.0454 0.0435 0.0347 0.0135 0.8202 0.0111 
   NS_SS0906  1 0.0076 0.0030 0.0125 0.0420 0.0382 0.0304 0.0254 0.8410 
   NS_SS0721  1 0.0135 0.0050 0.0063 0.0141 0.9359 0.0110 0.0070 0.0073 
   NS_SS0982  1 0.0127 0.0152 0.0119 0.0616 0.0492 0.0231 0.0395 0.7867 
   NS_SS0923  1 0.0438 0.0039 0.0050 0.7323 0.0260 0.0077 0.1468 0.0345 
   NS_SS0905  1 0.0085 0.0019 0.0158 0.8041 0.0365 0.0426 0.0344 0.0562 
   NS_SS0925  1 0.0066 0.0033 0.0066 0.2175 0.0243 0.0070 0.0207 0.7141 
   NS_SS0947  1 0.1731 0.0059 0.0157 0.0161 0.0147 0.0480 0.0543 0.6722 
   NS_SS0926  1 0.0687 0.0013 0.5066 0.0390 0.0106 0.3298 0.0283 0.0156 
   NS_SS0918  1 0.0327 0.0027 0.1380 0.0389 0.2597 0.0142 0.2333 0.2805 
   NS_SS0966  1 0.0254 0.0564 0.0576 0.1740 0.0313 0.1295 0.0688 0.4570 
   NS_SS0938  1 0.5110 0.0014 0.0143 0.1074 0.0079 0.0163 0.2207 0.1209 
   NS_SS0917  1 0.0184 0.0535 0.0191 0.3048 0.0347 0.0540 0.5008 0.0146 
   NS_SS0957  1 0.3229 0.0065 0.0162 0.0156 0.0088 0.0115 0.5724 0.0461 
   NS_SS0987  1 0.0201 0.2337 0.0123 0.0252 0.0244 0.0046 0.6691 0.0106 
   NS_SS0717  1 0.0058 0.0035 0.0273 0.0140 0.0137 0.0107 0.8850 0.0400 
   NS_SS0986  1 0.6686 0.0035 0.0441 0.0200 0.0528 0.0956 0.0819 0.0336 
   NS_SS0953  1 0.0080 0.0168 0.0222 0.0093 0.0306 0.0512 0.0313 0.8306 
   NS_SS0907  1 0.0120 0.0292 0.0089 0.0239 0.0680 0.1145 0.0160 0.7274 
   NS_SS0974  1 0.0262 0.0029 0.0197 0.0061 0.0106 0.9106 0.0108 0.0132 
   NS_SS0989  1 0.0854 0.0010 0.0429 0.4630 0.0271 0.2890 0.0088 0.0828 
   NS_SS0991  1 0.0090 0.0022 0.3432 0.0702 0.4719 0.0415 0.0125 0.0496 
   NS_SS0994  1 0.0072 0.0018 0.0261 0.0073 0.0086 0.9352 0.0094 0.0044 
   NS_SS0931  1 0.0255 0.0107 0.9174 0.0081 0.0133 0.0063 0.0088 0.0100 
   NS_SS1000  1 0.2602 0.0038 0.0384 0.0243 0.0331 0.0783 0.0820 0.4799 
   NS_SS0919  1 0.0479 0.0022 0.0514 0.3639 0.3447 0.0293 0.0046 0.1561 
   NS_SS0949  1 0.0091 0.0015 0.7646 0.0358 0.1328 0.0316 0.0082 0.0164 
   NS_SS0960  1 0.0409 0.0077 0.2038 0.3175 0.0554 0.2195 0.0439 0.1113 
   NS_SS0716  1 0.0058 0.0055 0.0067 0.0030 0.0035 0.0053 0.9670 0.0032 
   NS_SS0924  1 0.0801 0.0190 0.0672 0.6929 0.0342 0.0192 0.0153 0.0721 
   NS_SS0935  1 0.0087 0.0061 0.2294 0.6887 0.0301 0.0033 0.0091 0.0247 
   NS_SS0952  1 0.0300 0.0369 0.5292 0.1571 0.0462 0.0266 0.0498 0.1243 
   NS_SS0962  1 0.3706 0.0085 0.0089 0.0106 0.0416 0.2794 0.0849 0.1955 
   NS_SS0973  1 0.0051 0.0034 0.0062 0.0202 0.7829 0.0131 0.0057 0.1634 
   NS_SS0722  1 0.0114 0.0028 0.0070 0.0086 0.0354 0.0142 0.8198 0.1009 
   NS_SS0979  1 0.0639 0.0024 0.0089 0.0196 0.0165 0.0109 0.8190 0.0587 
   NS_SS0993  1 0.0266 0.0196 0.0104 0.0459 0.3169 0.0112 0.0572 0.5121 
   NS_SS0958  1 0.0156 0.0031 0.6511 0.0286 0.0105 0.0184 0.1368 0.1360 
   NS_SS0988  1 0.0211 0.0035 0.0166 0.0483 0.0145 0.1117 0.0121 0.7724 
   NS_SS1003  1 0.9450 0.0077 0.0070 0.0128 0.0082 0.0036 0.0052 0.0105 
   NS_SS0976  1 0.5571 0.0019 0.1107 0.1292 0.0569 0.0212 0.0093 0.1138 
   NS_SS0964  1 0.0088 0.0025 0.0053 0.0177 0.0194 0.0111 0.9266 0.0086 
   NS_SS0939  1 0.0093 0.0035 0.0069 0.0114 0.0124 0.0029 0.9496 0.0040 
   NS_SS0990  1 0.7432 0.0029 0.0128 0.0159 0.0228 0.0663 0.1264 0.0097 
   NS_SS0984  1 0.0713 0.0022 0.0032 0.1004 0.0102 0.0073 0.7945 0.0109 
   NS_SS0980  1 0.0162 0.0024 0.0100 0.0234 0.0854 0.0190 0.0189 0.8246 
   NS_SS0978  1 0.0947 0.0029 0.0080 0.4435 0.0435 0.0325 0.0501 0.3248 
   NS_SS0951  1 0.0518 0.0038 0.1132 0.0712 0.0844 0.5716 0.0572 0.0468 
   NS_SS0913  1 0.0703 0.0423 0.0149 0.0660 0.0166 0.0636 0.7031 0.0231 
   NS_SS1002  1 0.0271 0.0236 0.0030 0.0062 0.0062 0.0087 0.0040 0.9212 
   NS_SS0948  1 0.0453 0.0456 0.0772 0.0714 0.0512 0.0237 0.2148 0.4707 
   NS_SS0916  1 0.0368 0.0043 0.0110 0.8460 0.0569 0.0175 0.0126 0.0148 
   NS_SS0995  1 0.0141 0.0032 0.0057 0.4741 0.1774 0.1856 0.0807 0.0592 
   NS_SS0927  1 0.0209 0.0054 0.0174 0.1926 0.1311 0.5891 0.0272 0.0162 
   NS_SS0992  1 0.0259 0.0021 0.0089 0.1497 0.0852 0.1204 0.0116 0.5962 
   NS_SS0912  1 0.0343 0.0036 0.6768 0.0284 0.1375 0.0601 0.0178 0.0415 
   NS_SS0981  1 0.8274 0.0032 0.0156 0.0272 0.0734 0.0065 0.0198 0.0270 
   NS_SS0729  2 0.0134 0.0031 0.0711 0.3064 0.0350 0.4712 0.0029 0.0968 
   NS_SS0967  2 0.0332 0.0164 0.0351 0.4507 0.1530 0.0190 0.0773 0.2154 
   NS_SS0941  2 0.0181 0.0809 0.0156 0.7677 0.0079 0.0256 0.0459 0.0384 
   NS_SS0768  2 0.0777 0.0052 0.0232 0.0253 0.0093 0.3291 0.0742 0.4559 
   NS_SS0726  2 0.2201 0.0107 0.0419 0.5376 0.1249 0.0256 0.0118 0.0274 
   NS_SS0763  2 0.0330 0.0023 0.0349 0.4436 0.2389 0.0581 0.1660 0.0233 
   NS_SS0730  2 0.1299 0.0039 0.0127 0.0244 0.0896 0.0315 0.6253 0.0827 
   NS_SS0774  2 0.0367 0.0008 0.0046 0.0075 0.0893 0.0174 0.7082 0.1356 
   NS_SS0723  2 0.1179 0.0017 0.0059 0.0178 0.6507 0.0122 0.0302 0.1636 
   NS_SS0940  2 0.0794 0.0072 0.0659 0.6558 0.1084 0.0328 0.0229 0.0276 
   NS_SS0762  2 0.0179 0.0027 0.0080 0.0520 0.0083 0.0068 0.8857 0.0187 
   NS_SS0766  2 0.0207 0.0103 0.0162 0.5134 0.0181 0.0177 0.3972 0.0064 
   NS_SS0724  2 0.0991 0.0046 0.0274 0.1416 0.1352 0.0062 0.1148 0.4711 
   NS_SS0769  2 0.2876 0.0038 0.0281 0.3349 0.0246 0.0917 0.0422 0.1872 
   NS_SS0777  2 0.0576 0.0130 0.2840 0.0450 0.4767 0.0440 0.0371 0.0426 
   NS_SS0734  2 0.0998 0.0256 0.2765 0.1452 0.1160 0.2170 0.1044 0.0154 
   NS_SS0737  2 0.1140 0.0068 0.0061 0.4988 0.0106 0.0082 0.2698 0.0856 
   NS_SS0732  2 0.0124 0.0049 0.0036 0.0124 0.9095 0.0045 0.0323 0.0204 
   NS_SS0728  2 0.0683 0.0100 0.0129 0.4850 0.3048 0.0268 0.0574 0.0349 
   NS_SS0735  2 0.0114 0.0068 0.0115 0.0536 0.6611 0.0178 0.0156 0.2222 
   NS_SS0725  2 0.3230 0.0095 0.0372 0.0184 0.0228 0.0567 0.5091 0.0233 
   NS_SS0788  2 0.0933 0.0015 0.0154 0.1330 0.4559 0.0296 0.0314 0.2398 
   NS_SS0778  2 0.0489 0.0020 0.0100 0.0364 0.8548 0.0154 0.0070 0.0254 
   NS_SS0792  2 0.0144 0.0044 0.0103 0.6859 0.0198 0.0362 0.0184 0.2106 
   NS_SS0943  2 0.0323 0.0090 0.3968 0.0100 0.3738 0.0244 0.0099 0.1437 
   NS_SS0791  2 0.2206 0.0154 0.0229 0.6491 0.0365 0.0203 0.0296 0.0056 
   NS_SS0790  2 0.0125 0.0031 0.0027 0.0045 0.0208 0.0097 0.4843 0.4624 
   NS_SS0731  2 0.0116 0.0171 0.0200 0.0106 0.0273 0.0452 0.8329 0.0353 
   NS_SS0727  2 0.0109 0.0019 0.1017 0.3565 0.0446 0.0800 0.3835 0.0209 
   NS_SS0779  2 0.0238 0.0053 0.0160 0.0455 0.8410 0.0115 0.0347 0.0222 
   NS_SS0776  2 0.7141 0.0071 0.0650 0.0652 0.0491 0.0202 0.0346 0.0446 
   NS_SS0775  2 0.0070 0.0064 0.0034 0.0097 0.0044 0.0100 0.9514 0.0077 
   NS_SS0965  3 0.0256 0.0014 0.1130 0.2895 0.3315 0.0182 0.1055 0.1153 
   NS_SS0754  3 0.0291 0.0089 0.0955 0.6452 0.1245 0.0361 0.0334 0.0274 
   NS_SS0838  3 0.6955 0.0436 0.0121 0.0424 0.1062 0.0651 0.0179 0.0172 
   NS_SS0839  3 0.8872 0.0041 0.0033 0.0240 0.0052 0.0061 0.0364 0.0338 
   NS_SS0832  3 0.0371 0.0439 0.0102 0.0161 0.0315 0.0124 0.0393 0.8095 
   NS_SS0820  3 0.5312 0.0081 0.0050 0.1106 0.0141 0.0117 0.2912 0.0280 
   NS_SS0886  3 0.0489 0.0020 0.0317 0.3246 0.4014 0.1317 0.0142 0.0456 
   NS_SS0748  3 0.0355 0.0110 0.4390 0.0409 0.0654 0.0437 0.1185 0.2460 
   NS_SS0884  3 0.0812 0.0299 0.0315 0.2165 0.0862 0.1025 0.0659 0.3864 
   NS_SS0752  3 0.0604 0.0021 0.0230 0.1645 0.3407 0.1477 0.1099 0.1518 
   NS_SS0862  3 0.1061 0.0040 0.0078 0.1913 0.5305 0.0096 0.0305 0.1203 
   NS_SS0787  3 0.0209 0.0054 0.1067 0.0202 0.0225 0.8040 0.0088 0.0113 
   NS_SS0843  3 0.0186 0.0019 0.0190 0.0459 0.6483 0.0401 0.0746 0.1516 
   NS_SS0856  3 0.0649 0.0039 0.0090 0.2555 0.0456 0.5112 0.0676 0.0423 
   NS_SS0846  3 0.0537 0.0036 0.0250 0.0511 0.0594 0.1626 0.0068 0.6377 
   NS_SS0825  3 0.1244 0.0117 0.0239 0.0283 0.1450 0.2786 0.0203 0.3679 
   NS_SS0757  3 0.0126 0.0030 0.0060 0.0068 0.9261 0.0153 0.0068 0.0233 
   NS_SS0876  3 0.0204 0.2079 0.0050 0.0242 0.5040 0.0505 0.0373 0.1507 
   NS_SS0903  3 0.0048 0.0024 0.0056 0.0084 0.0579 0.0114 0.0065 0.9030 
   NS_SS0875  3 0.0277 0.0032 0.0283 0.0473 0.0580 0.2707 0.5460 0.0187 
   NS_SS0740  3 0.0116 0.0031 0.0067 0.0293 0.9003 0.0079 0.0215 0.0197 
   NS_SS0811  3 0.0287 0.0093 0.0110 0.0183 0.1941 0.0067 0.7108 0.0211 
   NS_SS0751  3 0.5619 0.0037 0.0550 0.1509 0.0875 0.0256 0.0755 0.0398 
   NS_SS0891  3 0.0332 0.0063 0.0118 0.0338 0.0139 0.0404 0.7096 0.1510 
   NS_SS0867  3 0.0104 0.0245 0.0397 0.0383 0.0695 0.1541 0.0096 0.6538 
   NS_SS0890  3 0.0181 0.0029 0.0460 0.6312 0.1934 0.0119 0.0729 0.0236 
   NS_SS0866  3 0.0041 0.0029 0.0072 0.0037 0.0045 0.9652 0.0078 0.0045 
   NS_SS0755  3 0.1024 0.0088 0.0521 0.0892 0.0762 0.0236 0.5754 0.0723 
   NS_SS0758  3 0.1434 0.0022 0.0168 0.3818 0.3319 0.0377 0.0147 0.0714 
   NS_SS0840  3 0.8547 0.0021 0.0058 0.0401 0.0220 0.0066 0.0194 0.0491 
   NS_SS0889  3 0.1222 0.0028 0.4994 0.0071 0.0631 0.2733 0.0112 0.0209 
   NS_SS1010  3 0.5136 0.0415 0.0128 0.1454 0.0188 0.0369 0.0243 0.2066 
   NS_SS0888  3 0.0129 0.0019 0.1070 0.4081 0.2408 0.1960 0.0249 0.0083 
   NS_SS0837  3 0.0146 0.0021 0.0277 0.0321 0.2125 0.0099 0.2981 0.4030 
   NS_SS0794  3 0.0097 0.0024 0.2236 0.0135 0.0097 0.6964 0.0352 0.0095 
   NS_SS0823  3 0.0350 0.0044 0.0049 0.0271 0.0246 0.0585 0.0325 0.8131 
   NS_SS0829  3 0.0050 0.0822 0.0364 0.0078 0.0825 0.7679 0.0084 0.0099 
   NS_SS0844  3 0.0076 0.0017 0.0037 0.0141 0.0108 0.0208 0.0140 0.9273 
   NS_SS1008  3 0.0135 0.0144 0.0961 0.0213 0.0316 0.0609 0.7407 0.0215 
   NS_SS0881  3 0.6901 0.0025 0.0699 0.0317 0.0371 0.0685 0.0848 0.0155 
   NS_SS0834  3 0.9370 0.0055 0.0104 0.0067 0.0055 0.0112 0.0136 0.0100 
   NS_SS0744  3 0.0584 0.0072 0.0167 0.0693 0.5673 0.1348 0.0091 0.1371 
   NS_SS0899  3 0.4529 0.0014 0.0053 0.0177 0.1540 0.1062 0.0998 0.1628 
   NS_SS0804  3 0.2023 0.0053 0.0052 0.0772 0.0375 0.0093 0.0679 0.5952 
   NS_SS0781  3 0.3156 0.0037 0.0036 0.0116 0.0374 0.0192 0.0366 0.5724 
   NS_SS0822  3 0.1409 0.0023 0.1920 0.0873 0.3743 0.0998 0.0186 0.0850 
   NS_SS1004  3 0.0237 0.0052 0.0340 0.0463 0.1478 0.0079 0.0109 0.7242 
   NS_SS0746  3 0.0169 0.0160 0.0358 0.0713 0.0455 0.4856 0.0798 0.2492 
   NS_SS0880  3 0.7417 0.0020 0.0271 0.0133 0.1696 0.0100 0.0160 0.0202 
   NS_SS0879  3 0.0606 0.0142 0.0091 0.0146 0.0125 0.7257 0.0663 0.0971 
   NS_SS0753  3 0.0099 0.0095 0.0283 0.3311 0.3456 0.1140 0.0139 0.1477 
   NS_SS1007  3 0.0515 0.0024 0.0074 0.8237 0.0523 0.0309 0.0250 0.0068 
   NS_SS0872  3 0.0162 0.0020 0.0158 0.0432 0.0259 0.0114 0.0274 0.8581 
   NS_SS1005  3 0.0314 0.0011 0.0101 0.0079 0.0138 0.0291 0.0146 0.8920 
   NS_SS0892  3 0.1628 0.0021 0.0330 0.5483 0.1551 0.0158 0.0465 0.0363 
   NS_SS0898  3 0.0069 0.0063 0.5935 0.0226 0.0220 0.0278 0.2969 0.0241 
   NS_SS0801  3 0.9280 0.0086 0.0051 0.0132 0.0096 0.0167 0.0076 0.0112 
   NS_SS0827  3 0.0063 0.1242 0.0340 0.1787 0.0964 0.1832 0.3570 0.0203 
   NS_SS0853  3 0.0099 0.0043 0.0107 0.1404 0.0175 0.0167 0.7756 0.0247 
   NS_SS0780  3 0.8336 0.0044 0.0035 0.0285 0.0422 0.0179 0.0243 0.0456 
   NS_SS0826  3 0.1614 0.0034 0.0585 0.0042 0.0311 0.0514 0.0071 0.6829 
   NS_SS0818  3 0.0883 0.0015 0.0752 0.3391 0.0317 0.0163 0.0414 0.4064 
   NS_SS0745  3 0.0372 0.0015 0.0138 0.0064 0.0071 0.0065 0.9193 0.0081 
   NS_SS0849  3 0.0057 0.0016 0.0087 0.0040 0.9600 0.0039 0.0085 0.0076 
   NS_SS0739  3 0.1131 0.0165 0.0204 0.0820 0.6840 0.0122 0.0648 0.0070 
   NS_SS0799  3 0.0098 0.0015 0.0204 0.5627 0.3131 0.0254 0.0517 0.0154 
   NS_SS0756  3 0.0178 0.0034 0.0073 0.0084 0.0104 0.0112 0.0086 0.9329 
   NS_SS0802  3 0.0424 0.2084 0.0337 0.0474 0.4680 0.1714 0.0117 0.0170 
   NS_SS0747  3 0.0438 0.0059 0.0061 0.1799 0.5526 0.0165 0.0122 0.1832 
   NS_SS0835  3 0.0086 0.0012 0.0447 0.0667 0.0241 0.7720 0.0488 0.0338 
   NS_SS0742  3 0.4329 0.0015 0.0147 0.0409 0.3707 0.0236 0.0212 0.0944 
   NS_SS0760  3 0.0248 0.0566 0.6180 0.0540 0.0091 0.2030 0.0099 0.0246 
   NS_SS0803  3 0.0042 0.0076 0.0033 0.0092 0.0044 0.0143 0.0067 0.9502 
   NS_SS0828  3 0.0100 0.0014 0.0773 0.7107 0.0663 0.0073 0.0884 0.0386 
   NS_SS0865  3 0.4744 0.0260 0.0149 0.0108 0.3700 0.0507 0.0331 0.0200 
   NS_SS0759  3 0.5057 0.0037 0.0119 0.0864 0.3073 0.0240 0.0418 0.0191 
   NS_SS0851  3 0.1096 0.0129 0.0078 0.0074 0.0156 0.0198 0.8167 0.0101 
   NS_SS0874  3 0.0197 0.0013 0.0040 0.0072 0.0854 0.0241 0.0333 0.8250 
   NS_SS0761  3 0.0181 0.0030 0.4662 0.3303 0.0777 0.0466 0.0236 0.0344 
   NS_SS0842  3 0.0152 0.0081 0.0722 0.0156 0.0127 0.0853 0.7398 0.0511 
   NS_SS0785  3 0.0215 0.0053 0.0477 0.2123 0.3596 0.0687 0.0275 0.2574 
   NS_SS0860  3 0.0085 0.0025 0.0041 0.0141 0.0441 0.9087 0.0041 0.0139 
   NS_SS0897  3 0.0093 0.0021 0.6656 0.0328 0.0312 0.2087 0.0208 0.0295 
   NS_SS0841  3 0.4231 0.0038 0.0355 0.0113 0.0825 0.0157 0.3673 0.0608 
   NS_SS0797  3 0.2757 0.0352 0.3281 0.2446 0.0456 0.0079 0.0491 0.0138 
   NS_SS0830  3 0.3164 0.0024 0.0708 0.0453 0.3456 0.0801 0.0665 0.0730 
   NS_SS1011  3 0.9393 0.0057 0.0038 0.0063 0.0079 0.0062 0.0049 0.0259 
   NS_SS0883  3 0.0117 0.0060 0.0093 0.2148 0.5203 0.1459 0.0607 0.0312 
   NS_SS0782  3 0.0105 0.0027 0.0108 0.0129 0.0140 0.9296 0.0098 0.0096 
   NS_SS0831  3 0.0049 0.0026 0.0091 0.0157 0.0939 0.8609 0.0055 0.0073 
   NS_SS0749  3 0.0191 0.0042 0.0143 0.6691 0.2594 0.0108 0.0107 0.0123 
   NS_SS0854  3 0.0891 0.0029 0.0243 0.7788 0.0354 0.0263 0.0259 0.0174 
   HI_SS0193  4 0.0144 0.0016 0.9386 0.0116 0.0103 0.0043 0.0126 0.0066 
   HI_SS0194  4 0.8747 0.0022 0.0339 0.0060 0.0134 0.0068 0.0204 0.0426 
   HI_SS0195  4 0.3336 0.1161 0.0099 0.0795 0.3194 0.0153 0.0618 0.0645 
   HI_SS0196  4 0.0290 0.0030 0.0374 0.0106 0.0640 0.7258 0.0177 0.1126 
   HI_SS0197  4 0.8368 0.0111 0.0028 0.0149 0.0086 0.0211 0.0072 0.0975 
   HI_SS0198  4 0.0514 0.0092 0.0229 0.0244 0.7793 0.0164 0.0484 0.0480 
   HI_SS0199  4 0.0033 0.0018 0.0038 0.9401 0.0061 0.0322 0.0036 0.0091 
   HI_SS0201  4 0.0187 0.0028 0.8611 0.0382 0.0232 0.0178 0.0071 0.0311 
   HI_SS0215  4 0.0077 0.0022 0.0124 0.0252 0.0127 0.9189 0.0045 0.0164 
   HI_SS0218  4 0.0052 0.0043 0.0548 0.9110 0.0047 0.0093 0.0054 0.0052 
   HI_SS0222  4 0.0179 0.0049 0.0135 0.0230 0.0236 0.8582 0.0239 0.0350 
   HI_SS0230  4 0.4965 0.0065 0.0316 0.0941 0.1212 0.0166 0.1193 0.1141 
   HI_SS0234  4 0.0062 0.1168 0.0113 0.1211 0.0164 0.0121 0.0088 0.7072 
   HI_SS0240  4 0.0104 0.0066 0.0066 0.9309 0.0088 0.0092 0.0150 0.0125 
   HI_SS0241  4 0.0832 0.0019 0.0190 0.8053 0.0131 0.0351 0.0222 0.0201 
   HI_SS0242  4 0.0112 0.0030 0.0318 0.4061 0.3215 0.0115 0.1581 0.0569 
   HI_SS0247  4 0.0227 0.0188 0.0123 0.0059 0.0064 0.0063 0.0099 0.9178 
   HI_SS0248  4 0.0090 0.0009 0.8779 0.0089 0.0314 0.0467 0.0089 0.0162 
   HI_SS0252  4 0.6421 0.0019 0.0273 0.0388 0.1085 0.0228 0.0142 0.1444 
   HI_SS0254  4 0.0462 0.1029 0.6847 0.0354 0.0265 0.0084 0.0173 0.0786 
   HI_SS0256  4 0.0068 0.0013 0.0024 0.0066 0.0060 0.0044 0.0416 0.9309 
   HI_SS0257  4 0.0099 0.0030 0.0317 0.3464 0.0761 0.1638 0.0320 0.3371 
   HI_SS0258  4 0.0162 0.0052 0.6684 0.1179 0.0207 0.1480 0.0087 0.0148 
   HI_SS0259  4 0.9103 0.0030 0.0041 0.0201 0.0105 0.0109 0.0221 0.0190 
   HI_SS0260  4 0.0203 0.0017 0.1106 0.0660 0.0641 0.5349 0.1644 0.0379 
   HI_SS0261  4 0.1738 0.0028 0.0739 0.1148 0.0943 0.4487 0.0327 0.0589 
   HI_SS0262  4 0.1357 0.0078 0.0084 0.1941 0.4432 0.1166 0.0531 0.0410 
   HI_SS0264  4 0.8000 0.0051 0.0266 0.0249 0.0158 0.0129 0.0623 0.0524 
   HI_SS0265  4 0.1597 0.1154 0.0149 0.0298 0.0852 0.1483 0.3280 0.1186 
   HI_SS0268  4 0.3155 0.0033 0.4130 0.1671 0.0178 0.0108 0.0487 0.0240 
   HI_SS0269  4 0.0114 0.0018 0.0566 0.0425 0.0829 0.7664 0.0059 0.0326 
   HI_SS0273  4 0.0257 0.0022 0.6480 0.2123 0.0152 0.0324 0.0235 0.0406 
   HI_SS0277  4 0.5917 0.0029 0.0108 0.0530 0.0565 0.0634 0.0136 0.2080 
   HI_SS0280  4 0.9061 0.0061 0.0208 0.0095 0.0104 0.0253 0.0116 0.0102 
   HI_SS0282  4 0.0365 0.0012 0.0941 0.0133 0.7818 0.0200 0.0055 0.0476 
   HI_SS0286  4 0.0244 0.0080 0.0485 0.2322 0.5407 0.0554 0.0170 0.0739 
   NS_SS1252  5 0.0032 0.0034 0.0078 0.0085 0.0382 0.9267 0.0052 0.0069 
   NS_SS1261  5 0.0144 0.0192 0.0477 0.0523 0.0433 0.1060 0.0131 0.7041 
   NS_SS1225  5 0.2640 0.0876 0.0228 0.0562 0.1014 0.0211 0.0147 0.4322 
   NS_SS1266  5 0.0197 0.0076 0.0038 0.0075 0.0148 0.0044 0.0138 0.9283 
   NS_SS1228  5 0.1830 0.0152 0.0114 0.3180 0.0662 0.0091 0.2835 0.1136 
   NS_SS1255  5 0.0141 0.0014 0.0326 0.0059 0.0097 0.6784 0.2455 0.0125 
   NS_SS1267  5 0.0058 0.0086 0.2007 0.7272 0.0125 0.0308 0.0083 0.0062 
   NS_SS1238  5 0.0537 0.0034 0.8836 0.0114 0.0124 0.0083 0.0083 0.0190 
   NS_SS1233  5 0.2548 0.0028 0.2002 0.0097 0.1049 0.0046 0.3156 0.1074 
   NS_SS1277  5 0.0062 0.0009 0.9134 0.0355 0.0099 0.0050 0.0234 0.0056 
   NS_SS1245  5 0.0594 0.0021 0.1134 0.1243 0.3594 0.1006 0.0370 0.2039 
   NS_SS1240  5 0.0200 0.0018 0.3166 0.2535 0.0304 0.3653 0.0042 0.0081 
   NS_SS1275  5 0.6831 0.0031 0.0052 0.0200 0.0069 0.0105 0.1401 0.1311 
   NS_SS1235  5 0.0157 0.0049 0.0634 0.0632 0.0125 0.0181 0.0309 0.7912 
   NS_SS1263  5 0.0131 0.0009 0.0112 0.0094 0.0648 0.0913 0.1639 0.6454 
   NS_SS1251  5 0.0128 0.0011 0.0109 0.0103 0.0577 0.0254 0.0111 0.8707 
   NS_SS1248  5 0.0212 0.1256 0.6826 0.0125 0.0270 0.0281 0.0423 0.0606 
   NS_SS1244  5 0.5426 0.0049 0.0500 0.1853 0.0169 0.0074 0.0061 0.1868 
   NS_SS1257  5 0.0177 0.0226 0.0397 0.8218 0.0364 0.0325 0.0089 0.0204 
   NS_SS1242  5 0.0592 0.0026 0.0103 0.0038 0.0390 0.0223 0.8333 0.0297 
   NS_SS1271  5 0.0052 0.0368 0.8171 0.0341 0.0156 0.0375 0.0439 0.0098 
   NS_SS1265  5 0.0062 0.0207 0.0369 0.0069 0.0121 0.8928 0.0115 0.0129 
   NS_SS1243  5 0.2563 0.0897 0.0392 0.0210 0.2498 0.0218 0.3025 0.0199 
   NS_SS1273  5 0.0137 0.0095 0.0102 0.0175 0.0056 0.0105 0.9183 0.0148 
   NS_SS1254  5 0.0501 0.0065 0.0067 0.0287 0.0112 0.0591 0.6775 0.1602 
   NS_SS1224  5 0.0843 0.0086 0.0087 0.1771 0.0605 0.0609 0.0397 0.5602 
   NS_SS1227  5 0.0084 0.0018 0.0552 0.3911 0.0237 0.0182 0.4912 0.0104 
   NS_SS1274  5 0.5181 0.0144 0.0287 0.2516 0.1209 0.0141 0.0173 0.0349 
   NS_SS1241  5 0.0465 0.0010 0.6770 0.0285 0.0345 0.0085 0.0124 0.1917 
   NS_SS1256  5 0.0996 0.0362 0.1225 0.0180 0.0151 0.0159 0.0361 0.6566 
   NS_SS1260  5 0.0056 0.0556 0.0056 0.4803 0.0167 0.4189 0.0068 0.0106 
   NS_SS1262  5 0.0286 0.1645 0.0360 0.2981 0.0232 0.0818 0.0143 0.3535 
   NS_SS1230  5 0.0227 0.0114 0.3511 0.0969 0.0805 0.0759 0.1578 0.2038 
   NS_SS1270  5 0.1410 0.0017 0.0989 0.0071 0.1241 0.0129 0.0171 0.5972 
   NS_SS1229  5 0.0260 0.0042 0.0046 0.1056 0.0175 0.0278 0.0059 0.8085 
   NS_SS1246  5 0.3080 0.0034 0.1160 0.2132 0.2169 0.0522 0.0250 0.0653 
   NS_SS1269  5 0.0209 0.0020 0.0252 0.7780 0.0840 0.0305 0.0291 0.0304 
   NS_SS1239  5 0.0090 0.0052 0.0203 0.1922 0.6987 0.0215 0.0150 0.0381 
   NS_SS1272  5 0.3549 0.0074 0.0157 0.0127 0.0099 0.1139 0.0154 0.4701 
   NS_SS1268  5 0.0160 0.0019 0.0239 0.0099 0.8738 0.0055 0.0230 0.0460 
   NS_SS1249  5 0.0065 0.0138 0.1490 0.0415 0.0171 0.7258 0.0342 0.0122 
   HI_SS0559  6 0.0225 0.0018 0.0845 0.3329 0.2843 0.0135 0.1242 0.1362 
   HI_SS0563  6 0.0117 0.0023 0.1756 0.1345 0.1429 0.3757 0.0209 0.1364 
   HI_SS0564  6 0.0188 0.0498 0.0164 0.0734 0.7600 0.0159 0.0143 0.0513 
   HI_SS0565  6 0.0225 0.0035 0.0139 0.0214 0.1089 0.7596 0.0191 0.0510 
   HI_SS0569  6 0.0119 0.0029 0.3244 0.0453 0.2112 0.3649 0.0059 0.0335 
   HI_SS0570  6 0.0095 0.0473 0.8775 0.0136 0.0128 0.0154 0.0189 0.0050 
   HI_SS0572  6 0.0160 0.0034 0.0104 0.0202 0.0638 0.0986 0.3194 0.4681 
   HI_SS0576  6 0.0233 0.0060 0.0409 0.1957 0.2148 0.0111 0.4400 0.0682 
   HI_SS0579  6 0.0068 0.0132 0.1891 0.0483 0.0433 0.0404 0.0049 0.6540 
   HI_SS0580  6 0.0060 0.0041 0.0327 0.0340 0.0213 0.2093 0.6671 0.0255 
   HI_SS0581  6 0.8564 0.0633 0.0058 0.0070 0.0348 0.0047 0.0149 0.0132 
   HI_SS0583  6 0.0141 0.0031 0.0333 0.0795 0.0538 0.4515 0.3221 0.0426 
   HI_SS0586  6 0.0117 0.0011 0.8659 0.0401 0.0312 0.0237 0.0188 0.0074 
   HI_SS0588  6 0.0061 0.0114 0.0629 0.8496 0.0279 0.0111 0.0117 0.0194 
   HI_SS0595  6 0.0430 0.0383 0.2738 0.3915 0.0207 0.0352 0.1620 0.0356 
   HI_SS0596  6 0.0096 0.0020 0.0164 0.0178 0.0131 0.0067 0.8822 0.0524 
   HI_SS0597  6 0.4028 0.0022 0.0089 0.0077 0.0417 0.0341 0.0349 0.4677 
   HI_SS0600  6 0.0348 0.0026 0.0351 0.5438 0.0563 0.0523 0.0051 0.2699 
   HI_SS0601  6 0.0071 0.0117 0.0103 0.0397 0.3027 0.0045 0.0075 0.6166 
   HI_SS0602  6 0.0274 0.0021 0.0070 0.6524 0.2508 0.0140 0.0162 0.0300 
   HI_SS0604  6 0.0678 0.0018 0.0397 0.0165 0.5672 0.2236 0.0438 0.0396 
   HI_SS0605  6 0.0078 0.0054 0.0084 0.0101 0.9384 0.0099 0.0128 0.0073 
   HI_SS0608  6 0.0077 0.0012 0.1056 0.0276 0.0173 0.0095 0.8185 0.0125 
   HI_SS0609  6 0.0142 0.0009 0.0269 0.0087 0.0146 0.0397 0.0248 0.8702 
   HI_SS0611  6 0.0040 0.0021 0.0170 0.0087 0.5817 0.2994 0.0672 0.0199 
   HI_SS0612  6 0.0135 0.0048 0.0151 0.0516 0.0059 0.0581 0.0039 0.8472 
   HI_SS0613  6 0.0184 0.0020 0.0103 0.0141 0.8345 0.0680 0.0409 0.0117 
   HI_SS0615  6 0.0226 0.0106 0.0115 0.3745 0.3076 0.0057 0.1678 0.0997 
   HI_SS0001  6 0.8481 0.0047 0.0374 0.0213 0.0058 0.0452 0.0134 0.0241 
   HI_SS0002  6 0.0184 0.0270 0.0065 0.0978 0.0153 0.0497 0.0539 0.7314 
   HI_SS0004  6 0.1228 0.0056 0.3725 0.0584 0.0251 0.2970 0.1012 0.0174 
   HI_SS0005  6 0.2298 0.0074 0.1310 0.3840 0.0588 0.0092 0.1317 0.0482 
   HI_SS0006  6 0.0260 0.0016 0.0342 0.0077 0.0532 0.8054 0.0071 0.0647 
   HI_SS0007  6 0.0093 0.0029 0.9165 0.0062 0.0259 0.0126 0.0216 0.0050 
   HI_SS0008  6 0.0132 0.0372 0.0372 0.4131 0.3531 0.0053 0.0261 0.1147 
   HI_SS0009  6 0.0152 0.0039 0.0266 0.0272 0.0315 0.0192 0.8611 0.0151 
   HI_SS0010  6 0.0247 0.0039 0.6584 0.0381 0.0756 0.0299 0.1500 0.0194 
   HI_SS0011  6 0.1018 0.0831 0.0357 0.0128 0.0192 0.0070 0.0487 0.6918 
   HI_SS0012  6 0.0154 0.0047 0.0041 0.0908 0.1414 0.0070 0.0200 0.7167 
   HI_SS0017  6 0.2544 0.0020 0.1268 0.0083 0.0132 0.0127 0.5559 0.0267 
   HI_SS0021  6 0.0038 0.2371 0.1508 0.0076 0.0150 0.5110 0.0612 0.0135 
   HI_SS0024  6 0.3658 0.0026 0.2044 0.0129 0.0375 0.0383 0.3211 0.0175 
   HI_SS0025  6 0.0048 0.0038 0.0058 0.0151 0.0101 0.0922 0.8611 0.0071 
   HI_SS0027  6 0.0067 0.0100 0.1220 0.0291 0.7795 0.0286 0.0067 0.0174 
   HI_SS0028  6 0.0460 0.0023 0.0202 0.0231 0.0115 0.0126 0.8639 0.0203 
   HI_SS0029  6 0.0154 0.0084 0.0175 0.0397 0.0174 0.0303 0.8050 0.0663 
   HI_SS0030  6 0.5210 0.0042 0.0667 0.1617 0.1813 0.0190 0.0261 0.0201 
   HI_SS0031  6 0.0062 0.0035 0.0258 0.8822 0.0088 0.0071 0.0341 0.0323 
   HI_SS0034  6 0.3767 0.0065 0.1497 0.0581 0.1268 0.2258 0.0081 0.0483 
   HI_SS0036  6 0.5633 0.0108 0.1961 0.0752 0.0660 0.0121 0.0710 0.0054 
   HI_SS0037  6 0.0284 0.0037 0.1067 0.0192 0.3402 0.3022 0.1867 0.0128 
   HI_SS0039  6 0.2326 0.0043 0.4440 0.0757 0.0159 0.1528 0.0637 0.0110 
   HI_SS0041  6 0.0825 0.0017 0.0046 0.0596 0.3120 0.0359 0.4701 0.0337 
   HI_SS0042  6 0.3110 0.1436 0.0079 0.0219 0.0625 0.0401 0.3811 0.0318 
   HI_SS0043  6 0.0186 0.0020 0.0508 0.0568 0.8082 0.0436 0.0091 0.0109 
   HI_SS0044  6 0.0120 0.0025 0.0538 0.0200 0.0058 0.0108 0.8887 0.0064 
   HI_SS0047  6 0.6527 0.0023 0.0153 0.0464 0.0760 0.1059 0.0172 0.0842 
   HI_SS0049  6 0.0807 0.0040 0.0282 0.0092 0.1018 0.0111 0.7394 0.0255 
   HI_SS0051  6 0.0065 0.0018 0.0187 0.0138 0.6726 0.2517 0.0120 0.0229 
   HI_SS0053  6 0.1113 0.0051 0.1078 0.2482 0.4515 0.0287 0.0142 0.0333 
   HI_SS0054  6 0.0295 0.0038 0.8851 0.0112 0.0185 0.0114 0.0073 0.0333 
   HI_SS0057  6 0.8886 0.0033 0.0162 0.0077 0.0268 0.0318 0.0169 0.0088 
   HI_SS0058  6 0.0294 0.0066 0.0128 0.0109 0.0079 0.7589 0.0127 0.1608 
   HI_SS0060  6 0.1856 0.1075 0.3470 0.0807 0.0959 0.0048 0.0253 0.1532 
   HI_SS0087  6 0.0256 0.0030 0.0331 0.0086 0.3371 0.3169 0.0053 0.2705 
   HI_SS0091  6 0.0821 0.0011 0.0090 0.0305 0.0334 0.8254 0.0040 0.0144 
   HI_SS0095  6 0.0231 0.0437 0.0073 0.7445 0.0856 0.0328 0.0135 0.0495 
   HI_SS0097  6 0.0074 0.0040 0.0109 0.0097 0.0091 0.0144 0.0067 0.9378 
   HI_SS0099  6 0.0077 0.0033 0.0052 0.0150 0.0065 0.0112 0.9352 0.0157 
   HI_SS0103  6 0.1572 0.0048 0.0085 0.0128 0.1251 0.6164 0.0134 0.0619 
   HI_SS0105  6 0.9127 0.0235 0.0108 0.0138 0.0081 0.0154 0.0039 0.0120 
   HI_SS0107  6 0.0606 0.0010 0.0132 0.0109 0.0180 0.0208 0.5144 0.3612 
   HI_SS0108  6 0.0118 0.0391 0.7722 0.0167 0.0299 0.1141 0.0061 0.0101 
   HI_SS0110  6 0.1614 0.0014 0.0084 0.1016 0.1229 0.3913 0.0130 0.1999 
   HI_SS0111  6 0.0268 0.0353 0.0188 0.1110 0.6269 0.0401 0.0237 0.1174 
   HI_SS0112  6 0.0080 0.0016 0.9339 0.0101 0.0239 0.0092 0.0076 0.0056 
   HI_SS0113  6 0.8924 0.0035 0.0047 0.0096 0.0118 0.0170 0.0133 0.0477 
   HI_SS0114  6 0.0202 0.0059 0.0151 0.5494 0.2255 0.1602 0.0139 0.0098 
   HI_SS0115  6 0.0062 0.0198 0.0325 0.1525 0.2221 0.0083 0.5335 0.0253 
   HI_SS0116  6 0.0033 0.0025 0.0133 0.0077 0.0041 0.7477 0.2141 0.0072 
   HI_SS0117  6 0.0389 0.0018 0.4079 0.0655 0.0093 0.0087 0.0073 0.4606 
   HI_SS0118  6 0.0163 0.0097 0.0064 0.0081 0.0072 0.9057 0.0365 0.0101 
   HI_SS0119  6 0.6459 0.0019 0.0304 0.0307 0.0370 0.0844 0.0041 0.1657 
   HI_SS0120  6 0.9066 0.0027 0.0060 0.0140 0.0134 0.0111 0.0286 0.0175 
   HI_SS0121  6 0.1563 0.0017 0.0060 0.0873 0.0280 0.0496 0.0497 0.6215 
   HI_SS0122  6 0.1465 0.0312 0.0614 0.0316 0.3160 0.1101 0.1486 0.1546 
   HI_SS0123  6 0.4743 0.0045 0.0059 0.0111 0.2879 0.0618 0.0144 0.1402 
   HI_SS0124  6 0.0580 0.0029 0.0106 0.0575 0.0212 0.0076 0.7825 0.0597 
   HI_SS0125  6 0.0351 0.0237 0.0071 0.8872 0.0120 0.0056 0.0167 0.0126 
   HI_SS0126  6 0.0108 0.0013 0.8614 0.0108 0.0091 0.0594 0.0389 0.0084 
   HI_SS0127  6 0.0118 0.0065 0.0102 0.0123 0.9331 0.0040 0.0158 0.0063 
   HI_SS0128  6 0.0156 0.0030 0.0682 0.5856 0.0095 0.0077 0.0600 0.2505 
   HI_SS0129  6 0.0621 0.0115 0.0511 0.0281 0.8009 0.0159 0.0214 0.0090 
   HI_SS0131  6 0.0025 0.0325 0.9111 0.0079 0.0050 0.0044 0.0070 0.0296 
   HI_SS0132  6 0.3956 0.0008 0.2866 0.0263 0.1054 0.0292 0.0445 0.1116 
   HI_SS0133  6 0.0071 0.0015 0.9643 0.0063 0.0038 0.0103 0.0033 0.0033 
   HI_SS0134  6 0.3528 0.0023 0.1201 0.0727 0.1496 0.0527 0.0309 0.2189 
   HI_SS0142  6 0.1397 0.0178 0.0042 0.3473 0.0151 0.0813 0.0123 0.3824 
   HI_SS0145  6 0.0179 0.0014 0.0618 0.0167 0.0177 0.0390 0.0094 0.8360 
   HI_SS0146  6 0.0068 0.0012 0.9105 0.0294 0.0107 0.0176 0.0121 0.0118 
   HI_SS0147  6 0.0173 0.0250 0.0081 0.0095 0.1967 0.0372 0.0240 0.6822 
   HI_SS0149  6 0.9313 0.0035 0.0207 0.0062 0.0094 0.0061 0.0071 0.0158 
   HI_SS0150  6 0.0710 0.0030 0.0113 0.7308 0.0197 0.0081 0.1451 0.0109 
   HI_SS0151  6 0.0074 0.0109 0.0109 0.0171 0.9096 0.0219 0.0102 0.0121 
   NS_SS1451  6 0.7666 0.0044 0.0213 0.0208 0.0262 0.0075 0.1222 0.0311 
   NS_SS1404  6 0.0528 0.0151 0.0295 0.0367 0.0866 0.0347 0.6805 0.0640 
   NS_SS1432  6 0.1617 0.0341 0.0044 0.0142 0.0406 0.0069 0.7253 0.0128 
   NS_SS1405  6 0.0106 0.0040 0.0416 0.0153 0.0288 0.7081 0.1483 0.0434 
   NS_SS1431  6 0.8438 0.0010 0.0118 0.0122 0.0107 0.0262 0.0654 0.0289 
   NS_SS1402  6 0.0274 0.0023 0.0104 0.2032 0.1583 0.0330 0.0226 0.5428 
   NS_SS1450  6 0.8261 0.0035 0.0182 0.0530 0.0147 0.0715 0.0084 0.0047 
   NS_SS1396  6 0.1656 0.0070 0.0436 0.0286 0.2940 0.0589 0.0579 0.3446 
   NS_SS1393  6 0.0106 0.0035 0.0108 0.2012 0.3501 0.3697 0.0309 0.0233 
   NS_SS1392  6 0.1022 0.0140 0.0093 0.7606 0.0160 0.0139 0.0734 0.0106 
   NS_SS1445  6 0.0323 0.0110 0.1961 0.0782 0.3972 0.1829 0.0361 0.0660 
   NS_SS1423  6 0.0066 0.0017 0.5129 0.1845 0.0234 0.0609 0.0460 0.1641 
   NS_SS1421  6 0.5637 0.0737 0.1261 0.0090 0.1831 0.0114 0.0090 0.0240 
   NS_SS1411  6 0.0155 0.0022 0.3625 0.0063 0.2316 0.3587 0.0155 0.0078 
   NS_SS1453  6 0.4942 0.0061 0.0852 0.1442 0.0968 0.0779 0.0329 0.0626 
   NS_SS1442  6 0.0099 0.0043 0.0517 0.0101 0.3032 0.3715 0.0178 0.2316 
   NS_SS1422  6 0.0054 0.0094 0.0098 0.0301 0.0097 0.0205 0.0143 0.9009 
   NS_SS1419  6 0.0229 0.1652 0.0162 0.0153 0.0516 0.2714 0.3712 0.0861 
   NS_SS1427  6 0.0093 0.0016 0.3633 0.5779 0.0053 0.0228 0.0159 0.0038 
   NS_SS1444  6 0.0102 0.0031 0.0100 0.0198 0.1755 0.0178 0.7354 0.0283 
   NS_SS1455  6 0.0302 0.0016 0.0111 0.0050 0.0142 0.1311 0.0929 0.7139 
   NS_SS1425  6 0.0121 0.0015 0.7225 0.0117 0.1617 0.0773 0.0047 0.0086 
   NS_SS1400  6 0.0164 0.0016 0.7978 0.0093 0.0043 0.1243 0.0233 0.0229 
   NS_SS1406  6 0.0550 0.0075 0.0040 0.0236 0.0228 0.0089 0.0078 0.8704 
   NS_SS1417  6 0.0207 0.0058 0.1121 0.0062 0.0121 0.3745 0.0247 0.4440 
   NS_SS1454  6 0.9068 0.0013 0.0380 0.0081 0.0136 0.0107 0.0149 0.0065 
   NS_SS1412  6 0.0625 0.0221 0.0635 0.0418 0.2081 0.4975 0.0406 0.0639 
   NS_SS1438  6 0.0113 0.0016 0.0661 0.0280 0.1126 0.7378 0.0187 0.0238 
   NS_SS1416  6 0.1592 0.0061 0.0045 0.0053 0.0999 0.6928 0.0155 0.0164 
   NS_SS1401  6 0.1847 0.0121 0.0289 0.0275 0.0268 0.0100 0.0510 0.6590 
   NS_SS1424  6 0.0222 0.0147 0.2362 0.0256 0.0552 0.2222 0.0119 0.4120 
   NS_SS1435  6 0.0524 0.0034 0.7398 0.1366 0.0158 0.0080 0.0265 0.0175 
   NS_SS1447  6 0.1272 0.0069 0.0134 0.0090 0.1165 0.3146 0.3209 0.0914 
   NS_SS1414  6 0.0400 0.0060 0.0191 0.0071 0.0091 0.0119 0.8761 0.0307 
   NS_SS1449  6 0.5616 0.0039 0.0173 0.1961 0.0108 0.0110 0.0051 0.1943 
   NS_SS1443  6 0.0162 0.0022 0.0708 0.6923 0.0737 0.0069 0.0052 0.1326 
   NS_SS1434  6 0.0314 0.0010 0.3763 0.1056 0.0098 0.3102 0.0640 0.1016 
   NS_SS1398  6 0.4072 0.0217 0.0279 0.1279 0.1024 0.0526 0.2541 0.0062 
   NS_SS1426  6 0.0188 0.0016 0.3220 0.1322 0.4098 0.0670 0.0127 0.0358 
   NS_SS1413  6 0.0041 0.0083 0.9522 0.0083 0.0050 0.0095 0.0069 0.0057 
   NS_SS1395  6 0.0593 0.0097 0.0107 0.6126 0.1262 0.1653 0.0075 0.0087 
   NS_SS1448  6 0.1760 0.0019 0.7589 0.0080 0.0163 0.0049 0.0284 0.0055 
   NS_SS1446  6 0.0108 0.0026 0.0179 0.0121 0.0136 0.8873 0.0123 0.0434 
   NS_SS1403  6 0.0460 0.0056 0.0092 0.1569 0.0518 0.3112 0.0752 0.3440 
   NS_SS1415  6 0.0045 0.0093 0.9415 0.0087 0.0098 0.0095 0.0095 0.0072 
   NS_SS1437  6 0.0229 0.0072 0.0280 0.0157 0.0252 0.0191 0.6747 0.2071 
   NS_SS1439  6 0.0594 0.0037 0.0065 0.2925 0.0930 0.2027 0.0151 0.3271 
   NS_SS1441  6 0.0493 0.0021 0.0326 0.7570 0.0154 0.0320 0.0526 0.0589 
   NS_SS1420  6 0.0050 0.0031 0.0041 0.0136 0.0518 0.0076 0.9070 0.0079 
   NS_SS1394  6 0.1978 0.0432 0.0071 0.0269 0.2438 0.0165 0.4347 0.0300 
   NS_SS1391  6 0.0470 0.0123 0.0634 0.5988 0.0982 0.0809 0.0868 0.0126 
   NS_SS1410  6 0.0406 0.0183 0.0470 0.0522 0.0160 0.5024 0.0621 0.2613 
   NS_SS1408  6 0.8022 0.0541 0.0084 0.0576 0.0287 0.0055 0.0072 0.0363 
   NS_SS1409  6 0.0183 0.0026 0.0075 0.0392 0.0102 0.8899 0.0073 0.0251 
   HI_SS0617  7 0.0145 0.0012 0.0041 0.0192 0.0832 0.8262 0.0251 0.0265 
   HI_SS0618  7 0.0325 0.0023 0.0136 0.1548 0.6242 0.0714 0.0266 0.0747 
   HI_SS0619  7 0.0190 0.0049 0.0104 0.0265 0.0190 0.0258 0.8810 0.0134 
   HI_SS0620  7 0.0096 0.0036 0.7764 0.0396 0.1336 0.0126 0.0090 0.0154 
   HI_SS0621  7 0.0188 0.0161 0.0121 0.1407 0.0957 0.0455 0.1628 0.5085 
   HI_SS0622  7 0.0084 0.0138 0.0855 0.0339 0.0910 0.0121 0.1352 0.6200 
   HI_SS0626  7 0.0126 0.0086 0.0262 0.0291 0.1757 0.0115 0.7215 0.0148 
   HI_SS0627  7 0.2211 0.0089 0.0233 0.0115 0.0210 0.0572 0.0396 0.6173 
   HI_SS0628  7 0.2948 0.0634 0.0799 0.0468 0.0359 0.4555 0.0145 0.0091 
   HI_SS0629  7 0.0086 0.0056 0.0153 0.7135 0.0236 0.0583 0.0188 0.1562 
   HI_SS0630  7 0.0221 0.0622 0.3617 0.0768 0.1307 0.0987 0.2338 0.0141 
   HI_SS0631  7 0.0181 0.0008 0.8512 0.0571 0.0111 0.0193 0.0279 0.0146 
   HI_SS0632  7 0.1543 0.0037 0.5656 0.0302 0.0786 0.0283 0.0664 0.0729 
   HI_SS0633  7 0.0089 0.0033 0.0051 0.0377 0.0175 0.0333 0.8560 0.0382 
   HI_SS0634  7 0.7519 0.0029 0.0121 0.0178 0.0143 0.1763 0.0096 0.0152 
   HI_SS0635  7 0.0157 0.0116 0.0905 0.1690 0.0383 0.2004 0.2253 0.2491 
   HI_SS0637  7 0.0081 0.0026 0.0030 0.0154 0.8625 0.0245 0.0047 0.0792 
   HI_SS0638  7 0.0932 0.0013 0.6630 0.0136 0.1083 0.0165 0.0230 0.0810 
   HI_SS0639  7 0.1775 0.0534 0.0119 0.3180 0.2008 0.0161 0.1672 0.0549 
   HI_SS0640  7 0.0077 0.0022 0.1102 0.2954 0.3788 0.0353 0.1117 0.0586 
   HI_SS0641  7 0.0060 0.0055 0.0468 0.2253 0.0224 0.0397 0.6464 0.0079 
   HI_SS0642  7 0.9613 0.0019 0.0068 0.0092 0.0062 0.0052 0.0055 0.0040 
   HI_SS0645  7 0.0069 0.0010 0.0205 0.0047 0.0386 0.0091 0.8953 0.0239 
   HI_SS0646  7 0.0404 0.0021 0.0077 0.6193 0.0107 0.0093 0.0107 0.2998 
   HI_SS0647  7 0.8432 0.0012 0.0935 0.0113 0.0110 0.0103 0.0227 0.0069 
   HI_SS0648  7 0.0564 0.0029 0.1409 0.0540 0.0590 0.0234 0.3091 0.3543 
   HI_SS0649  7 0.0223 0.0020 0.0075 0.0925 0.2288 0.1093 0.4321 0.1054 
   HI_SS0650  7 0.0753 0.0050 0.0072 0.3727 0.4545 0.0280 0.0401 0.0173 
   HI_SS0651  7 0.0159 0.0053 0.0243 0.0471 0.4698 0.0251 0.2044 0.2082 
   HI_SS0652  7 0.2103 0.0049 0.0114 0.0310 0.0749 0.0089 0.6539 0.0048 
   NS_SS1371  7 0.0197 0.0040 0.0057 0.8195 0.0209 0.1122 0.0063 0.0117 
   NS_SS1374  7 0.1235 0.0035 0.6296 0.0635 0.0633 0.0539 0.0530 0.0096 
   NS_SS1337  7 0.9067 0.0033 0.0087 0.0237 0.0154 0.0149 0.0083 0.0189 
   NS_SS1385  7 0.0280 0.0047 0.0192 0.0369 0.0169 0.4264 0.0480 0.4201 
   NS_SS1388  7 0.0084 0.0064 0.0156 0.0097 0.0153 0.0163 0.9211 0.0073 
   NS_SS1370  7 0.0263 0.0092 0.0101 0.0176 0.8523 0.0075 0.0122 0.0649 
   NS_SS1389  7 0.0096 0.0029 0.0058 0.0056 0.0039 0.0110 0.9540 0.0072 
   NS_SS1360  7 0.0216 0.0052 0.5874 0.2217 0.0851 0.0130 0.0248 0.0413 
   NS_SS1330  7 0.0366 0.0047 0.0071 0.1511 0.2257 0.0778 0.0502 0.4468 
   NS_SS1328  7 0.0272 0.0023 0.8985 0.0154 0.0160 0.0095 0.0169 0.0141 
   NS_SS1384  7 0.0134 0.0026 0.0125 0.6119 0.2210 0.0115 0.0154 0.1116 
   NS_SS1381  7 0.0163 0.0008 0.0077 0.0274 0.0219 0.1593 0.0125 0.7542 
   NS_SS1375  7 0.0106 0.0012 0.0305 0.2082 0.0191 0.0129 0.7023 0.0152 
   NS_SS1319  7 0.0159 0.0551 0.0086 0.8882 0.0050 0.0101 0.0110 0.0062 
   NS_SS1326  7 0.0190 0.0111 0.9007 0.0137 0.0081 0.0177 0.0190 0.0106 
   NS_SS1341  7 0.9203 0.0043 0.0056 0.0072 0.0195 0.0321 0.0031 0.0079 
   NS_SS1383  7 0.0247 0.0036 0.0351 0.7930 0.0706 0.0166 0.0048 0.0516 
   NS_SS1318  7 0.0363 0.0160 0.0509 0.0139 0.0405 0.4505 0.3552 0.0367 
   NS_SS1348  7 0.0044 0.0017 0.8897 0.0289 0.0157 0.0391 0.0083 0.0122 
   NS_SS1363  7 0.0115 0.0055 0.0493 0.0184 0.2746 0.0216 0.0382 0.5809 
   NS_SS1335  7 0.0148 0.0283 0.1954 0.6937 0.0252 0.0107 0.0061 0.0257 
   NS_SS1358  7 0.5094 0.0120 0.0753 0.0621 0.0690 0.0178 0.0037 0.2508 
   NS_SS1342  7 0.0842 0.0011 0.0164 0.0293 0.0078 0.6650 0.0049 0.1913 
   NS_SS1320  7 0.4708 0.0059 0.0030 0.0208 0.0076 0.0054 0.4480 0.0385 
   NS_SS1355  7 0.0092 0.0119 0.0029 0.0301 0.5174 0.0178 0.3137 0.0971 
   NS_SS1345  7 0.0056 0.0144 0.0083 0.0075 0.0738 0.0187 0.0077 0.8641 
   NS_SS1324  7 0.0071 0.0024 0.0899 0.8415 0.0129 0.0089 0.0255 0.0118 
   NS_SS1347  7 0.0140 0.0034 0.0107 0.0250 0.7121 0.0204 0.0116 0.2027 
   NS_SS1321  7 0.4823 0.0013 0.0489 0.0854 0.2028 0.0220 0.0081 0.1492 
   NS_SS1333  7 0.0325 0.0037 0.1254 0.7036 0.0157 0.0191 0.0897 0.0103 
   NS_SS1364  7 0.0449 0.0023 0.4535 0.0091 0.1705 0.1144 0.0088 0.1964 
   NS_SS1379  7 0.1222 0.0518 0.0089 0.0043 0.7680 0.0142 0.0144 0.0163 
   NS_SS1332  7 0.0072 0.0070 0.9293 0.0111 0.0072 0.0130 0.0189 0.0062 
   NS_SS1338  7 0.0123 0.0061 0.0116 0.0045 0.8922 0.0576 0.0108 0.0049 
   NS_SS1368  7 0.0496 0.0056 0.5309 0.0132 0.0071 0.1836 0.0407 0.1693 
   NS_SS1354  7 0.0212 0.0134 0.0076 0.1169 0.0094 0.1056 0.0316 0.6944 
   NS_SS1365  7 0.0160 0.0102 0.1377 0.0222 0.4229 0.0212 0.3403 0.0296 
   NS_SS1380  7 0.4738 0.0201 0.0042 0.0121 0.0148 0.0106 0.0294 0.4351 
   NS_SS1329  7 0.2346 0.0027 0.0267 0.0066 0.0144 0.4210 0.0072 0.2868 
   NS_SS1362  7 0.0060 0.0034 0.0409 0.3845 0.0336 0.0226 0.0108 0.4982 
   NS_SS1327  7 0.0049 0.0035 0.8902 0.0204 0.0105 0.0624 0.0042 0.0039 
   NS_SS1350  7 0.0082 0.0073 0.0049 0.9384 0.0162 0.0079 0.0084 0.0087 
   NS_SS1387  7 0.0082 0.0031 0.0091 0.0082 0.7735 0.0094 0.1812 0.0073 
   NS_SS1369  7 0.0120 0.0028 0.1051 0.0124 0.8113 0.0109 0.0145 0.0309 
   NS_SS1331  7 0.8577 0.0091 0.0193 0.0167 0.0108 0.0426 0.0384 0.0054 
   NS_SS1357  7 0.0227 0.0030 0.0240 0.7415 0.0206 0.0522 0.0417 0.0943 
   NS_SS1386  7 0.0199 0.0039 0.9441 0.0072 0.0056 0.0070 0.0042 0.0080 
   NS_SS1353  7 0.7843 0.0043 0.0416 0.0154 0.0108 0.0503 0.0405 0.0529 
   NS_SS1323  7 0.1556 0.0809 0.0095 0.2648 0.0387 0.0135 0.0784 0.3586 
   HI_SS0296  8 0.0084 0.0014 0.0236 0.0236 0.8712 0.0479 0.0070 0.0169 
   HI_SS0297  8 0.0672 0.0010 0.1169 0.7167 0.0143 0.0077 0.0200 0.0562 
   HI_SS0299  8 0.1044 0.0367 0.0328 0.0582 0.6068 0.0994 0.0266 0.0351 
   HI_SS0300  8 0.0110 0.0009 0.0876 0.0060 0.8687 0.0066 0.0100 0.0091 
   HI_SS0301  8 0.0324 0.0042 0.0703 0.0130 0.8227 0.0068 0.0144 0.0360 
   HI_SS0302  8 0.0050 0.0236 0.8863 0.0110 0.0410 0.0095 0.0088 0.0150 
   HI_SS0303  8 0.0128 0.0080 0.7901 0.0098 0.0307 0.0566 0.0769 0.0151 
   HI_SS0304  8 0.8724 0.0028 0.0510 0.0093 0.0066 0.0143 0.0354 0.0082 
   HI_SS0306  8 0.0077 0.0030 0.9629 0.0045 0.0059 0.0053 0.0061 0.0045 
   HI_SS0307  8 0.0075 0.0102 0.0044 0.1032 0.0174 0.7732 0.0364 0.0477 
   HI_SS0308  8 0.0144 0.0878 0.0664 0.3888 0.0160 0.0125 0.0129 0.4012 
   HI_SS0309  8 0.0199 0.0032 0.0051 0.0494 0.3887 0.0256 0.0276 0.4805 
   HI_SS0310  8 0.0114 0.0088 0.7528 0.0272 0.0062 0.1235 0.0343 0.0360 
   HI_SS0311  8 0.6488 0.0025 0.1572 0.0276 0.0419 0.0062 0.1045 0.0113 
   HI_SS0314  8 0.0096 0.0016 0.0435 0.0423 0.0078 0.0135 0.8712 0.0106 
   HI_SS0316  8 0.1548 0.0040 0.0480 0.2769 0.0631 0.1554 0.2283 0.0695 
   HI_SS0317  8 0.0367 0.0024 0.0354 0.3463 0.1600 0.3214 0.0186 0.0791 
   HI_SS0318  8 0.0264 0.1625 0.0299 0.2697 0.4866 0.0095 0.0060 0.0094 
   HI_SS0319  8 0.0052 0.0034 0.0151 0.7951 0.0047 0.1626 0.0053 0.0086 
   HI_SS0320  8 0.7332 0.0016 0.0055 0.0363 0.0061 0.0529 0.1516 0.0130 
   HI_SS0321  8 0.0041 0.0016 0.0090 0.2109 0.7514 0.0115 0.0046 0.0070 
   HI_SS0323  8 0.0059 0.0017 0.0162 0.1830 0.6428 0.0591 0.0858 0.0055 
   HI_SS0325  8 0.0272 0.0020 0.8026 0.0267 0.0673 0.0457 0.0161 0.0124 
   HI_SS0327  8 0.0040 0.0014 0.0088 0.9569 0.0051 0.0081 0.0018 0.0140 
   HI_SS0329  8 0.1191 0.0016 0.0329 0.0193 0.0159 0.1145 0.6827 0.0139 
   HI_SS0333  8 0.0259 0.0035 0.0429 0.2409 0.1467 0.3006 0.0962 0.1432 
   HI_SS0334  8 0.0061 0.0012 0.0061 0.0100 0.9124 0.0055 0.0063 0.0524 
   HI_SS0335  8 0.0368 0.0189 0.0071 0.0555 0.0139 0.0105 0.0074 0.8500 
   HI_SS0339  8 0.0118 0.0116 0.0127 0.0136 0.2755 0.0110 0.0646 0.5992 
   HI_SS0343  8 0.0291 0.0019 0.0071 0.0870 0.0093 0.0051 0.0192 0.8413 
   HI_SS0344  8 0.0210 0.0036 0.9049 0.0354 0.0111 0.0088 0.0070 0.0082 
   HI_SS0345  8 0.5860 0.0098 0.1885 0.0063 0.0174 0.0121 0.0239 0.1560 
   HI_SS0346  8 0.7154 0.0037 0.0456 0.0113 0.1541 0.0547 0.0060 0.0091 
   HI_SS0350  8 0.0075 0.0089 0.0038 0.0068 0.0155 0.0079 0.2455 0.7042 
   HI_SS0351  8 0.2060 0.0027 0.0286 0.0140 0.5904 0.0486 0.0247 0.0850 
   HI_SS0352  8 0.0128 0.0854 0.0117 0.0084 0.0159 0.0594 0.0140 0.7924 
   HI_SS0362  8 0.0400 0.0031 0.3652 0.1402 0.3378 0.0284 0.0796 0.0056 
   HI_SS0363  8 0.0326 0.0035 0.0445 0.4975 0.0517 0.3225 0.0107 0.0370 
   HI_SS0365  8 0.0152 0.0054 0.0276 0.1131 0.0600 0.6462 0.0322 0.1003 
   HI_SS0366  8 0.0085 0.0016 0.0377 0.0207 0.0167 0.8617 0.0074 0.0457 
   HI_SS0367  8 0.0429 0.0024 0.0030 0.0160 0.0108 0.2860 0.6191 0.0197 
   HI_SS0369  8 0.3870 0.0026 0.0076 0.1877 0.0286 0.0281 0.0769 0.2815 
