

----------------------------------------------------
STRUCTURE by Pritchard, Stephens and Donnelly (2000)
     and Falush, Stephens and Pritchard (2003)
       Code by Pritchard, Falush and Hubisz
             Version 2.3.4 (Jul 2012)
----------------------------------------------------



Command line arguments:   /home/genobiwan/Documents/Programs/Structure/structure -m parameter_job_k8_r8 
Input File:    /media/genobiwan/Storage/Projets/Mackerel_NWA_2021/data_job_k8_r8

Run parameters:
   629 individuals
   4140 loci
   8 populations assumed
   100000 Burn-in period
   200000 Reps


--------------------------------------------
Proportion of membership of each pre-defined
 population in each of the 8 clusters

Given    Inferred Clusters                                          Number of
 Pop       1      2      3      4      5      6      7      8      Individuals

  1:     0.115  0.013  0.106  0.151  0.105  0.120  0.189  0.202       67
  2:     0.096  0.009  0.053  0.236  0.216  0.057  0.220  0.113       32
  3:     0.167  0.014  0.068  0.131  0.171  0.143  0.117  0.190       92
  4:     0.213  0.016  0.165  0.172  0.118  0.149  0.040  0.127       36
  5:     0.105  0.020  0.153  0.145  0.092  0.127  0.124  0.234       41
  6:     0.148  0.014  0.152  0.119  0.137  0.138  0.149  0.144      158
  7:     0.138  0.010  0.165  0.162  0.155  0.076  0.153  0.141       79
  8:     0.104  0.013  0.185  0.148  0.179  0.107  0.117  0.147       52
  9:     0.005  0.967  0.004  0.005  0.005  0.004  0.004  0.006       36
 10:     0.004  0.973  0.003  0.004  0.004  0.004  0.004  0.004       36
--------------------------------------------

Allele-freq. divergence among pops (Net nucleotide distance),
computed using point estimates of P.

      1       2       3       4       5       6       7       8      
 1      -    0.0051  0.0005  0.0003  0.0003  0.0004  0.0004  0.0003  
 2   0.0051     -    0.0054  0.0050  0.0050  0.0051  0.0051  0.0050  
 3   0.0005  0.0054     -    0.0004  0.0005  0.0005  0.0006  0.0005  
 4   0.0003  0.0050  0.0004     -    0.0002  0.0003  0.0003  0.0003  
 5   0.0003  0.0050  0.0005  0.0002     -    0.0003  0.0003  0.0002  
 6   0.0004  0.0051  0.0005  0.0003  0.0003     -    0.0004  0.0003  
 7   0.0004  0.0051  0.0006  0.0003  0.0003  0.0004     -    0.0004  
 8   0.0003  0.0050  0.0005  0.0003  0.0002  0.0003  0.0004     -    

Average distances (expected heterozygosity) between individuals in same cluster:
cluster  1  : 0.3179 
cluster  2  : 0.3053 
cluster  3  : 0.3179 
cluster  4  : 0.3191 
cluster  5  : 0.3187 
cluster  6  : 0.3178 
cluster  7  : 0.3180 
cluster  8  : 0.3184 

--------------------------------------------
Estimated Ln Prob of Data   = -2476689.3
Mean value of ln likelihood = -2462878.1
Variance of ln likelihood   = 27622.5
Mean value of alpha         = 0.0435

Mean value of Fst_1         = 0.0049
Mean value of Fst_2         = 0.0392
Mean value of Fst_3         = 0.0063
Mean value of Fst_4         = 0.0039
Mean value of Fst_5         = 0.0038
Mean value of Fst_6         = 0.0052
Mean value of Fst_7         = 0.0050
Mean value of Fst_8         = 0.0037


Inferred ancestry of individuals:
        Label (%Miss) Pop:  Inferred clusters
  1 NS_SS0963    (4)    1 :  0.541 0.006 0.011 0.011 0.369 0.007 0.008 0.047 
  2 NS_SS0983    (1)    1 :  0.006 0.005 0.028 0.028 0.511 0.411 0.004 0.007 
  3 NS_SS0719    (9)    1 :  0.015 0.005 0.020 0.846 0.063 0.024 0.012 0.016 
  4 NS_SS1001    (8)    1 :  0.018 0.006 0.158 0.058 0.014 0.008 0.724 0.014 
  5 NS_SS0936    (4)    1 :  0.021 0.002 0.017 0.013 0.011 0.017 0.027 0.892 
  6 NS_SS0955    (6)    1 :  0.021 0.004 0.139 0.027 0.718 0.027 0.038 0.025 
  7 NS_SS0944    (3)    1 :  0.185 0.002 0.589 0.033 0.013 0.047 0.030 0.102 
  8 NS_SS0945    (3)    1 :  0.036 0.011 0.101 0.008 0.019 0.756 0.058 0.011 
  9 NS_SS0922    (2)    1 :  0.110 0.034 0.013 0.644 0.077 0.020 0.061 0.041 
 10 NS_SS0929    (7)    1 :  0.024 0.003 0.012 0.040 0.016 0.822 0.024 0.058 
 11 NS_SS0956    (1)    1 :  0.026 0.005 0.045 0.044 0.035 0.013 0.820 0.011 
 12 NS_SS0906    (3)    1 :  0.008 0.003 0.013 0.042 0.038 0.030 0.025 0.841 
 13 NS_SS0721    (6)    1 :  0.013 0.005 0.006 0.014 0.936 0.011 0.007 0.007 
 14 NS_SS0982    (4)    1 :  0.013 0.015 0.012 0.062 0.049 0.023 0.040 0.787 
 15 NS_SS0923    (6)    1 :  0.044 0.004 0.005 0.732 0.026 0.008 0.147 0.034 
 16 NS_SS0905    (6)    1 :  0.009 0.002 0.016 0.804 0.036 0.043 0.034 0.056 
 17 NS_SS0925    (3)    1 :  0.007 0.003 0.007 0.217 0.024 0.007 0.021 0.714 
 18 NS_SS0947    (6)    1 :  0.173 0.006 0.016 0.016 0.015 0.048 0.054 0.672 
 19 NS_SS0926    (2)    1 :  0.069 0.001 0.507 0.039 0.011 0.330 0.028 0.016 
 20 NS_SS0918    (6)    1 :  0.033 0.003 0.138 0.039 0.260 0.014 0.233 0.281 
 21 NS_SS0966    (4)    1 :  0.025 0.056 0.058 0.174 0.031 0.130 0.069 0.457 
 22 NS_SS0938    (2)    1 :  0.511 0.001 0.014 0.107 0.008 0.016 0.221 0.121 
 23 NS_SS0917    (2)    1 :  0.018 0.053 0.019 0.305 0.035 0.054 0.501 0.015 
 24 NS_SS0957   (11)    1 :  0.323 0.007 0.016 0.016 0.009 0.012 0.572 0.046 
 25 NS_SS0987    (1)    1 :  0.020 0.234 0.012 0.025 0.024 0.005 0.669 0.011 
 26 NS_SS0717    (4)    1 :  0.006 0.003 0.027 0.014 0.014 0.011 0.885 0.040 
 27 NS_SS0986    (2)    1 :  0.669 0.003 0.044 0.020 0.053 0.096 0.082 0.034 
 28 NS_SS0953    (3)    1 :  0.008 0.017 0.022 0.009 0.031 0.051 0.031 0.831 
 29 NS_SS0907    (3)    1 :  0.012 0.029 0.009 0.024 0.068 0.114 0.016 0.727 
 30 NS_SS0974    (6)    1 :  0.026 0.003 0.020 0.006 0.011 0.911 0.011 0.013 
 31 NS_SS0989    (1)    1 :  0.085 0.001 0.043 0.463 0.027 0.289 0.009 0.083 
 32 NS_SS0991    (3)    1 :  0.009 0.002 0.343 0.070 0.472 0.042 0.013 0.050 
 33 NS_SS0994    (2)    1 :  0.007 0.002 0.026 0.007 0.009 0.935 0.009 0.004 
 34 NS_SS0931    (6)    1 :  0.025 0.011 0.917 0.008 0.013 0.006 0.009 0.010 
 35 NS_SS1000    (5)    1 :  0.260 0.004 0.038 0.024 0.033 0.078 0.082 0.480 
 36 NS_SS0919    (1)    1 :  0.048 0.002 0.051 0.364 0.345 0.029 0.005 0.156 
 37 NS_SS0949    (4)    1 :  0.009 0.001 0.765 0.036 0.133 0.032 0.008 0.016 
 38 NS_SS0960   (10)    1 :  0.041 0.008 0.204 0.318 0.055 0.219 0.044 0.111 
 39 NS_SS0716    (2)    1 :  0.006 0.005 0.007 0.003 0.003 0.005 0.967 0.003 
 40 NS_SS0924    (8)    1 :  0.080 0.019 0.067 0.693 0.034 0.019 0.015 0.072 
 41 NS_SS0935    (2)    1 :  0.009 0.006 0.229 0.689 0.030 0.003 0.009 0.025 
 42 NS_SS0952   (14)    1 :  0.030 0.037 0.529 0.157 0.046 0.027 0.050 0.124 
 43 NS_SS0962   (11)    1 :  0.371 0.008 0.009 0.011 0.042 0.279 0.085 0.196 
 44 NS_SS0973    (5)    1 :  0.005 0.003 0.006 0.020 0.783 0.013 0.006 0.163 
 45 NS_SS0722    (1)    1 :  0.011 0.003 0.007 0.009 0.035 0.014 0.820 0.101 
 46 NS_SS0979   (13)    1 :  0.064 0.002 0.009 0.020 0.017 0.011 0.819 0.059 
 47 NS_SS0993    (2)    1 :  0.027 0.020 0.010 0.046 0.317 0.011 0.057 0.512 
 48 NS_SS0958    (1)    1 :  0.016 0.003 0.651 0.029 0.010 0.018 0.137 0.136 
 49 NS_SS0988    (4)    1 :  0.021 0.003 0.017 0.048 0.014 0.112 0.012 0.772 
 50 NS_SS1003    (2)    1 :  0.945 0.008 0.007 0.013 0.008 0.004 0.005 0.010 
 51 NS_SS0976    (1)    1 :  0.557 0.002 0.111 0.129 0.057 0.021 0.009 0.114 
 52 NS_SS0964   (10)    1 :  0.009 0.003 0.005 0.018 0.019 0.011 0.927 0.009 
 53 NS_SS0939    (4)    1 :  0.009 0.004 0.007 0.011 0.012 0.003 0.950 0.004 
 54 NS_SS0990    (6)    1 :  0.743 0.003 0.013 0.016 0.023 0.066 0.126 0.010 
 55 NS_SS0984    (2)    1 :  0.071 0.002 0.003 0.100 0.010 0.007 0.795 0.011 
 56 NS_SS0980   (10)    1 :  0.016 0.002 0.010 0.023 0.085 0.019 0.019 0.825 
 57 NS_SS0978    (4)    1 :  0.095 0.003 0.008 0.443 0.043 0.033 0.050 0.325 
 58 NS_SS0951   (18)    1 :  0.052 0.004 0.113 0.071 0.084 0.572 0.057 0.047 
 59 NS_SS0913    (3)    1 :  0.070 0.042 0.015 0.066 0.017 0.064 0.703 0.023 
 60 NS_SS1002    (1)    1 :  0.027 0.024 0.003 0.006 0.006 0.009 0.004 0.921 
 61 NS_SS0948    (1)    1 :  0.045 0.046 0.077 0.071 0.051 0.024 0.215 0.471 
 62 NS_SS0916    (4)    1 :  0.037 0.004 0.011 0.846 0.057 0.017 0.013 0.015 
 63 NS_SS0995    (1)    1 :  0.014 0.003 0.006 0.474 0.177 0.186 0.081 0.059 
 64 NS_SS0927    (6)    1 :  0.021 0.005 0.017 0.193 0.131 0.589 0.027 0.016 
 65 NS_SS0992    (5)    1 :  0.026 0.002 0.009 0.150 0.085 0.120 0.012 0.596 
 66 NS_SS0912    (1)    1 :  0.034 0.004 0.677 0.028 0.138 0.060 0.018 0.042 
 67 NS_SS0981    (1)    1 :  0.827 0.003 0.016 0.027 0.073 0.007 0.020 0.027 
 68 NS_SS0729    (5)    2 :  0.013 0.003 0.071 0.306 0.035 0.471 0.003 0.097 
 69 NS_SS0967   (15)    2 :  0.033 0.016 0.035 0.451 0.153 0.019 0.077 0.215 
 70 NS_SS0941    (8)    2 :  0.018 0.081 0.016 0.768 0.008 0.026 0.046 0.038 
 71 NS_SS0768   (12)    2 :  0.078 0.005 0.023 0.025 0.009 0.329 0.074 0.456 
 72 NS_SS0726    (5)    2 :  0.220 0.011 0.042 0.538 0.125 0.026 0.012 0.027 
 73 NS_SS0763    (4)    2 :  0.033 0.002 0.035 0.444 0.239 0.058 0.166 0.023 
 74 NS_SS0730    (6)    2 :  0.130 0.004 0.013 0.024 0.090 0.032 0.625 0.083 
 75 NS_SS0774    (2)    2 :  0.037 0.001 0.005 0.007 0.089 0.017 0.708 0.136 
 76 NS_SS0723    (3)    2 :  0.118 0.002 0.006 0.018 0.651 0.012 0.030 0.164 
 77 NS_SS0940   (10)    2 :  0.079 0.007 0.066 0.656 0.108 0.033 0.023 0.028 
 78 NS_SS0762    (1)    2 :  0.018 0.003 0.008 0.052 0.008 0.007 0.886 0.019 
 79 NS_SS0766   (11)    2 :  0.021 0.010 0.016 0.513 0.018 0.018 0.397 0.006 
 80 NS_SS0724    (1)    2 :  0.099 0.005 0.027 0.142 0.135 0.006 0.115 0.471 
 81 NS_SS0769    (3)    2 :  0.288 0.004 0.028 0.335 0.025 0.092 0.042 0.187 
 82 NS_SS0777    (1)    2 :  0.058 0.013 0.284 0.045 0.477 0.044 0.037 0.043 
 83 NS_SS0734    (6)    2 :  0.100 0.026 0.276 0.145 0.116 0.217 0.104 0.015 
 84 NS_SS0737    (3)    2 :  0.114 0.007 0.006 0.499 0.011 0.008 0.270 0.086 
 85 NS_SS0732    (5)    2 :  0.012 0.005 0.004 0.012 0.909 0.004 0.032 0.020 
 86 NS_SS0728    (5)    2 :  0.068 0.010 0.013 0.485 0.305 0.027 0.057 0.035 
 87 NS_SS0735    (9)    2 :  0.011 0.007 0.012 0.054 0.661 0.018 0.016 0.222 
 88 NS_SS0725    (1)    2 :  0.323 0.009 0.037 0.018 0.023 0.057 0.509 0.023 
 89 NS_SS0788    (2)    2 :  0.093 0.002 0.015 0.133 0.456 0.030 0.031 0.240 
 90 NS_SS0778    (2)    2 :  0.049 0.002 0.010 0.036 0.855 0.015 0.007 0.025 
 91 NS_SS0792    (6)    2 :  0.014 0.004 0.010 0.686 0.020 0.036 0.018 0.211 
 92 NS_SS0943   (11)    2 :  0.032 0.009 0.397 0.010 0.374 0.024 0.010 0.144 
 93 NS_SS0791    (2)    2 :  0.221 0.015 0.023 0.649 0.036 0.020 0.030 0.006 
 94 NS_SS0790    (5)    2 :  0.013 0.003 0.003 0.004 0.021 0.010 0.484 0.462 
 95 NS_SS0731    (6)    2 :  0.012 0.017 0.020 0.011 0.027 0.045 0.833 0.035 
 96 NS_SS0727    (7)    2 :  0.011 0.002 0.102 0.356 0.045 0.080 0.383 0.021 
 97 NS_SS0779   (13)    2 :  0.024 0.005 0.016 0.046 0.841 0.011 0.035 0.022 
 98 NS_SS0776    (3)    2 :  0.714 0.007 0.065 0.065 0.049 0.020 0.035 0.045 
 99 NS_SS0775    (5)    2 :  0.007 0.006 0.003 0.010 0.004 0.010 0.951 0.008 
100 NS_SS0965    (3)    3 :  0.026 0.001 0.113 0.289 0.331 0.018 0.106 0.115 
101 NS_SS0754   (14)    3 :  0.029 0.009 0.095 0.645 0.124 0.036 0.033 0.027 
102 NS_SS0838    (5)    3 :  0.695 0.044 0.012 0.042 0.106 0.065 0.018 0.017 
103 NS_SS0839    (3)    3 :  0.887 0.004 0.003 0.024 0.005 0.006 0.036 0.034 
104 NS_SS0832    (4)    3 :  0.037 0.044 0.010 0.016 0.032 0.012 0.039 0.810 
105 NS_SS0820    (5)    3 :  0.531 0.008 0.005 0.111 0.014 0.012 0.291 0.028 
106 NS_SS0886    (9)    3 :  0.049 0.002 0.032 0.325 0.401 0.132 0.014 0.046 
107 NS_SS0748    (5)    3 :  0.036 0.011 0.439 0.041 0.065 0.044 0.119 0.246 
108 NS_SS0884    (9)    3 :  0.081 0.030 0.031 0.216 0.086 0.102 0.066 0.386 
109 NS_SS0752    (4)    3 :  0.060 0.002 0.023 0.165 0.341 0.148 0.110 0.152 
110 NS_SS0862    (1)    3 :  0.106 0.004 0.008 0.191 0.530 0.010 0.030 0.120 
111 NS_SS0787    (9)    3 :  0.021 0.005 0.107 0.020 0.023 0.804 0.009 0.011 
112 NS_SS0843    (6)    3 :  0.019 0.002 0.019 0.046 0.648 0.040 0.075 0.152 
113 NS_SS0856    (4)    3 :  0.065 0.004 0.009 0.256 0.046 0.511 0.068 0.042 
114 NS_SS0846    (2)    3 :  0.054 0.004 0.025 0.051 0.059 0.163 0.007 0.638 
115 NS_SS0825    (1)    3 :  0.124 0.012 0.024 0.028 0.145 0.279 0.020 0.368 
116 NS_SS0757    (3)    3 :  0.013 0.003 0.006 0.007 0.926 0.015 0.007 0.023 
117 NS_SS0876    (3)    3 :  0.020 0.208 0.005 0.024 0.504 0.051 0.037 0.151 
118 NS_SS0903   (10)    3 :  0.005 0.002 0.006 0.008 0.058 0.011 0.007 0.903 
119 NS_SS0875    (7)    3 :  0.028 0.003 0.028 0.047 0.058 0.271 0.546 0.019 
120 NS_SS0740    (5)    3 :  0.012 0.003 0.007 0.029 0.900 0.008 0.021 0.020 
121 NS_SS0811    (5)    3 :  0.029 0.009 0.011 0.018 0.194 0.007 0.711 0.021 
122 NS_SS0751    (1)    3 :  0.562 0.004 0.055 0.151 0.088 0.026 0.075 0.040 
123 NS_SS0891    (6)    3 :  0.033 0.006 0.012 0.034 0.014 0.040 0.710 0.151 
124 NS_SS0867    (2)    3 :  0.010 0.025 0.040 0.038 0.070 0.154 0.010 0.654 
125 NS_SS0890    (6)    3 :  0.018 0.003 0.046 0.631 0.193 0.012 0.073 0.024 
126 NS_SS0866   (12)    3 :  0.004 0.003 0.007 0.004 0.005 0.965 0.008 0.005 
127 NS_SS0755    (4)    3 :  0.102 0.009 0.052 0.089 0.076 0.024 0.575 0.072 
128 NS_SS0758    (4)    3 :  0.143 0.002 0.017 0.382 0.332 0.038 0.015 0.071 
129 NS_SS0840    (2)    3 :  0.855 0.002 0.006 0.040 0.022 0.007 0.019 0.049 
130 NS_SS0889    (4)    3 :  0.122 0.003 0.499 0.007 0.063 0.273 0.011 0.021 
131 NS_SS1010    (1)    3 :  0.514 0.042 0.013 0.145 0.019 0.037 0.024 0.207 
132 NS_SS0888    (5)    3 :  0.013 0.002 0.107 0.408 0.241 0.196 0.025 0.008 
133 NS_SS0837    (3)    3 :  0.015 0.002 0.028 0.032 0.213 0.010 0.298 0.403 
134 NS_SS0794   (10)    3 :  0.010 0.002 0.224 0.013 0.010 0.696 0.035 0.009 
135 NS_SS0823    (5)    3 :  0.035 0.004 0.005 0.027 0.025 0.058 0.032 0.813 
136 NS_SS0829    (7)    3 :  0.005 0.082 0.036 0.008 0.082 0.768 0.008 0.010 
137 NS_SS0844    (5)    3 :  0.008 0.002 0.004 0.014 0.011 0.021 0.014 0.927 
138 NS_SS1008    (6)    3 :  0.014 0.014 0.096 0.021 0.032 0.061 0.741 0.021 
139 NS_SS0881    (3)    3 :  0.690 0.003 0.070 0.032 0.037 0.068 0.085 0.016 
140 NS_SS0834    (6)    3 :  0.937 0.006 0.010 0.007 0.006 0.011 0.014 0.010 
141 NS_SS0744   (10)    3 :  0.058 0.007 0.017 0.069 0.567 0.135 0.009 0.137 
142 NS_SS0899    (7)    3 :  0.453 0.001 0.005 0.018 0.154 0.106 0.100 0.163 
143 NS_SS0804    (5)    3 :  0.202 0.005 0.005 0.077 0.037 0.009 0.068 0.595 
144 NS_SS0781   (10)    3 :  0.316 0.004 0.004 0.012 0.037 0.019 0.037 0.572 
145 NS_SS0822    (6)    3 :  0.141 0.002 0.192 0.087 0.374 0.100 0.019 0.085 
146 NS_SS1004    (4)    3 :  0.024 0.005 0.034 0.046 0.148 0.008 0.011 0.724 
147 NS_SS0746    (5)    3 :  0.017 0.016 0.036 0.071 0.046 0.486 0.080 0.249 
148 NS_SS0880    (3)    3 :  0.742 0.002 0.027 0.013 0.170 0.010 0.016 0.020 
149 NS_SS0879    (5)    3 :  0.061 0.014 0.009 0.015 0.012 0.726 0.066 0.097 
150 NS_SS0753    (2)    3 :  0.010 0.009 0.028 0.331 0.346 0.114 0.014 0.148 
151 NS_SS1007    (3)    3 :  0.051 0.002 0.007 0.824 0.052 0.031 0.025 0.007 
152 NS_SS0872    (5)    3 :  0.016 0.002 0.016 0.043 0.026 0.011 0.027 0.858 
153 NS_SS1005    (7)    3 :  0.031 0.001 0.010 0.008 0.014 0.029 0.015 0.892 
154 NS_SS0892    (6)    3 :  0.163 0.002 0.033 0.548 0.155 0.016 0.047 0.036 
155 NS_SS0898    (0)    3 :  0.007 0.006 0.594 0.023 0.022 0.028 0.297 0.024 
156 NS_SS0801    (9)    3 :  0.928 0.009 0.005 0.013 0.010 0.017 0.008 0.011 
157 NS_SS0827    (9)    3 :  0.006 0.124 0.034 0.179 0.096 0.183 0.357 0.020 
158 NS_SS0853    (7)    3 :  0.010 0.004 0.011 0.140 0.018 0.017 0.776 0.025 
159 NS_SS0780    (2)    3 :  0.834 0.004 0.003 0.028 0.042 0.018 0.024 0.046 
160 NS_SS0826   (10)    3 :  0.161 0.003 0.059 0.004 0.031 0.051 0.007 0.683 
161 NS_SS0818    (5)    3 :  0.088 0.002 0.075 0.339 0.032 0.016 0.041 0.406 
162 NS_SS0745    (1)    3 :  0.037 0.002 0.014 0.006 0.007 0.007 0.919 0.008 
163 NS_SS0849    (3)    3 :  0.006 0.002 0.009 0.004 0.960 0.004 0.008 0.008 
164 NS_SS0739    (3)    3 :  0.113 0.016 0.020 0.082 0.684 0.012 0.065 0.007 
165 NS_SS0799    (1)    3 :  0.010 0.001 0.020 0.563 0.313 0.025 0.052 0.015 
166 NS_SS0756    (3)    3 :  0.018 0.003 0.007 0.008 0.010 0.011 0.009 0.933 
167 NS_SS0802    (2)    3 :  0.042 0.208 0.034 0.047 0.468 0.171 0.012 0.017 
168 NS_SS0747    (6)    3 :  0.044 0.006 0.006 0.180 0.553 0.016 0.012 0.183 
169 NS_SS0835    (1)    3 :  0.009 0.001 0.045 0.067 0.024 0.772 0.049 0.034 
170 NS_SS0742   (19)    3 :  0.433 0.002 0.015 0.041 0.371 0.024 0.021 0.094 
171 NS_SS0760    (9)    3 :  0.025 0.057 0.618 0.054 0.009 0.203 0.010 0.025 
172 NS_SS0803    (4)    3 :  0.004 0.008 0.003 0.009 0.004 0.014 0.007 0.950 
173 NS_SS0828   (14)    3 :  0.010 0.001 0.077 0.711 0.066 0.007 0.088 0.039 
174 NS_SS0865    (2)    3 :  0.474 0.026 0.015 0.011 0.370 0.051 0.033 0.020 
175 NS_SS0759    (5)    3 :  0.506 0.004 0.012 0.086 0.307 0.024 0.042 0.019 
176 NS_SS0851    (5)    3 :  0.110 0.013 0.008 0.007 0.016 0.020 0.817 0.010 
177 NS_SS0874   (16)    3 :  0.020 0.001 0.004 0.007 0.085 0.024 0.033 0.825 
178 NS_SS0761    (6)    3 :  0.018 0.003 0.466 0.330 0.078 0.047 0.024 0.034 
179 NS_SS0842   (26)    3 :  0.015 0.008 0.072 0.016 0.013 0.085 0.740 0.051 
180 NS_SS0785    (6)    3 :  0.021 0.005 0.048 0.212 0.360 0.069 0.028 0.257 
181 NS_SS0860   (11)    3 :  0.008 0.003 0.004 0.014 0.044 0.909 0.004 0.014 
182 NS_SS0897    (7)    3 :  0.009 0.002 0.666 0.033 0.031 0.209 0.021 0.030 
183 NS_SS0841   (15)    3 :  0.423 0.004 0.036 0.011 0.083 0.016 0.367 0.061 
184 NS_SS0797    (7)    3 :  0.276 0.035 0.328 0.245 0.046 0.008 0.049 0.014 
185 NS_SS0830   (11)    3 :  0.316 0.002 0.071 0.045 0.346 0.080 0.066 0.073 
186 NS_SS1011    (5)    3 :  0.939 0.006 0.004 0.006 0.008 0.006 0.005 0.026 
187 NS_SS0883    (5)    3 :  0.012 0.006 0.009 0.215 0.520 0.146 0.061 0.031 
188 NS_SS0782    (2)    3 :  0.010 0.003 0.011 0.013 0.014 0.930 0.010 0.010 
189 NS_SS0831    (5)    3 :  0.005 0.003 0.009 0.016 0.094 0.861 0.006 0.007 
190 NS_SS0749    (7)    3 :  0.019 0.004 0.014 0.669 0.259 0.011 0.011 0.012 
191 NS_SS0854    (2)    3 :  0.089 0.003 0.024 0.779 0.035 0.026 0.026 0.017 
192 HI_SS0193    (0)    4 :  0.014 0.002 0.939 0.012 0.010 0.004 0.013 0.007 
193 HI_SS0194    (1)    4 :  0.875 0.002 0.034 0.006 0.013 0.007 0.020 0.043 
194 HI_SS0195   (10)    4 :  0.334 0.116 0.010 0.080 0.319 0.015 0.062 0.065 
195 HI_SS0196    (6)    4 :  0.029 0.003 0.037 0.011 0.064 0.726 0.018 0.113 
196 HI_SS0197    (3)    4 :  0.837 0.011 0.003 0.015 0.009 0.021 0.007 0.097 
197 HI_SS0198    (1)    4 :  0.051 0.009 0.023 0.024 0.779 0.016 0.048 0.048 
198 HI_SS0199    (1)    4 :  0.003 0.002 0.004 0.940 0.006 0.032 0.004 0.009 
199 HI_SS0201    (5)    4 :  0.019 0.003 0.861 0.038 0.023 0.018 0.007 0.031 
200 HI_SS0215    (1)    4 :  0.008 0.002 0.012 0.025 0.013 0.919 0.004 0.016 
201 HI_SS0218    (1)    4 :  0.005 0.004 0.055 0.911 0.005 0.009 0.005 0.005 
202 HI_SS0222    (0)    4 :  0.018 0.005 0.013 0.023 0.024 0.858 0.024 0.035 
203 HI_SS0230    (1)    4 :  0.497 0.007 0.032 0.094 0.121 0.017 0.119 0.114 
204 HI_SS0234    (2)    4 :  0.006 0.117 0.011 0.121 0.016 0.012 0.009 0.707 
205 HI_SS0240    (1)    4 :  0.010 0.007 0.007 0.931 0.009 0.009 0.015 0.012 
206 HI_SS0241    (0)    4 :  0.083 0.002 0.019 0.805 0.013 0.035 0.022 0.020 
207 HI_SS0242    (0)    4 :  0.011 0.003 0.032 0.406 0.322 0.011 0.158 0.057 
208 HI_SS0247    (0)    4 :  0.023 0.019 0.012 0.006 0.006 0.006 0.010 0.918 
209 HI_SS0248    (1)    4 :  0.009 0.001 0.878 0.009 0.031 0.047 0.009 0.016 
210 HI_SS0252    (2)    4 :  0.642 0.002 0.027 0.039 0.109 0.023 0.014 0.144 
211 HI_SS0254    (0)    4 :  0.046 0.103 0.685 0.035 0.026 0.008 0.017 0.079 
212 HI_SS0256    (0)    4 :  0.007 0.001 0.002 0.007 0.006 0.004 0.042 0.931 
213 HI_SS0257    (0)    4 :  0.010 0.003 0.032 0.346 0.076 0.164 0.032 0.337 
214 HI_SS0258    (1)    4 :  0.016 0.005 0.668 0.118 0.021 0.148 0.009 0.015 
215 HI_SS0259    (1)    4 :  0.910 0.003 0.004 0.020 0.011 0.011 0.022 0.019 
216 HI_SS0260    (1)    4 :  0.020 0.002 0.111 0.066 0.064 0.535 0.164 0.038 
217 HI_SS0261    (2)    4 :  0.174 0.003 0.074 0.115 0.094 0.449 0.033 0.059 
218 HI_SS0262    (0)    4 :  0.136 0.008 0.008 0.194 0.443 0.117 0.053 0.041 
219 HI_SS0264    (0)    4 :  0.800 0.005 0.027 0.025 0.016 0.013 0.062 0.052 
220 HI_SS0265    (0)    4 :  0.160 0.115 0.015 0.030 0.085 0.148 0.328 0.119 
221 HI_SS0268    (1)    4 :  0.315 0.003 0.413 0.167 0.018 0.011 0.049 0.024 
222 HI_SS0269    (0)    4 :  0.011 0.002 0.057 0.042 0.083 0.766 0.006 0.033 
223 HI_SS0273    (0)    4 :  0.026 0.002 0.648 0.212 0.015 0.032 0.023 0.041 
224 HI_SS0277    (1)    4 :  0.592 0.003 0.011 0.053 0.057 0.063 0.014 0.208 
225 HI_SS0280    (0)    4 :  0.906 0.006 0.021 0.009 0.010 0.025 0.012 0.010 
226 HI_SS0282    (1)    4 :  0.036 0.001 0.094 0.013 0.782 0.020 0.006 0.048 
227 HI_SS0286    (1)    4 :  0.024 0.008 0.048 0.232 0.541 0.055 0.017 0.074 
228 NS_SS1252    (3)    5 :  0.003 0.003 0.008 0.008 0.038 0.927 0.005 0.007 
229 NS_SS1261    (1)    5 :  0.014 0.019 0.048 0.052 0.043 0.106 0.013 0.704 
230 NS_SS1225   (10)    5 :  0.264 0.088 0.023 0.056 0.101 0.021 0.015 0.432 
231 NS_SS1266    (1)    5 :  0.020 0.008 0.004 0.007 0.015 0.004 0.014 0.928 
232 NS_SS1228    (0)    5 :  0.183 0.015 0.011 0.318 0.066 0.009 0.284 0.114 
233 NS_SS1255    (3)    5 :  0.014 0.001 0.033 0.006 0.010 0.678 0.245 0.012 
234 NS_SS1267    (3)    5 :  0.006 0.009 0.201 0.727 0.013 0.031 0.008 0.006 
235 NS_SS1238    (6)    5 :  0.054 0.003 0.884 0.011 0.012 0.008 0.008 0.019 
236 NS_SS1233    (8)    5 :  0.255 0.003 0.200 0.010 0.105 0.005 0.316 0.107 
237 NS_SS1277    (3)    5 :  0.006 0.001 0.913 0.036 0.010 0.005 0.023 0.006 
238 NS_SS1245    (1)    5 :  0.059 0.002 0.113 0.124 0.359 0.101 0.037 0.204 
239 NS_SS1240    (4)    5 :  0.020 0.002 0.317 0.254 0.030 0.365 0.004 0.008 
240 NS_SS1275    (2)    5 :  0.683 0.003 0.005 0.020 0.007 0.010 0.140 0.131 
241 NS_SS1235    (1)    5 :  0.016 0.005 0.063 0.063 0.013 0.018 0.031 0.791 
242 NS_SS1263    (1)    5 :  0.013 0.001 0.011 0.009 0.065 0.091 0.164 0.645 
243 NS_SS1251    (2)    5 :  0.013 0.001 0.011 0.010 0.058 0.025 0.011 0.871 
244 NS_SS1248    (0)    5 :  0.021 0.126 0.683 0.013 0.027 0.028 0.042 0.061 
245 NS_SS1244    (0)    5 :  0.543 0.005 0.050 0.185 0.017 0.007 0.006 0.187 
246 NS_SS1257    (1)    5 :  0.018 0.023 0.040 0.822 0.036 0.033 0.009 0.020 
247 NS_SS1242    (2)    5 :  0.059 0.003 0.010 0.004 0.039 0.022 0.833 0.030 
248 NS_SS1271    (6)    5 :  0.005 0.037 0.817 0.034 0.016 0.038 0.044 0.010 
249 NS_SS1265    (1)    5 :  0.006 0.021 0.037 0.007 0.012 0.893 0.011 0.013 
250 NS_SS1243    (0)    5 :  0.256 0.090 0.039 0.021 0.250 0.022 0.303 0.020 
251 NS_SS1273    (1)    5 :  0.014 0.009 0.010 0.017 0.006 0.011 0.918 0.015 
252 NS_SS1254   (14)    5 :  0.050 0.006 0.007 0.029 0.011 0.059 0.678 0.160 
253 NS_SS1224    (1)    5 :  0.084 0.009 0.009 0.177 0.061 0.061 0.040 0.560 
254 NS_SS1227    (8)    5 :  0.008 0.002 0.055 0.391 0.024 0.018 0.491 0.010 
255 NS_SS1274    (9)    5 :  0.518 0.014 0.029 0.252 0.121 0.014 0.017 0.035 
256 NS_SS1241    (1)    5 :  0.047 0.001 0.677 0.028 0.034 0.009 0.012 0.192 
257 NS_SS1256    (3)    5 :  0.100 0.036 0.122 0.018 0.015 0.016 0.036 0.657 
258 NS_SS1260    (8)    5 :  0.006 0.056 0.006 0.480 0.017 0.419 0.007 0.011 
259 NS_SS1262    (0)    5 :  0.029 0.164 0.036 0.298 0.023 0.082 0.014 0.354 
260 NS_SS1230    (0)    5 :  0.023 0.011 0.351 0.097 0.081 0.076 0.158 0.204 
261 NS_SS1270    (2)    5 :  0.141 0.002 0.099 0.007 0.124 0.013 0.017 0.597 
262 NS_SS1229    (2)    5 :  0.026 0.004 0.005 0.106 0.017 0.028 0.006 0.808 
263 NS_SS1246    (5)    5 :  0.308 0.003 0.116 0.213 0.217 0.052 0.025 0.065 
264 NS_SS1269    (0)    5 :  0.021 0.002 0.025 0.778 0.084 0.030 0.029 0.030 
265 NS_SS1239    (1)    5 :  0.009 0.005 0.020 0.192 0.699 0.022 0.015 0.038 
266 NS_SS1272    (5)    5 :  0.355 0.007 0.016 0.013 0.010 0.114 0.015 0.470 
267 NS_SS1268    (1)    5 :  0.016 0.002 0.024 0.010 0.874 0.006 0.023 0.046 
268 NS_SS1249    (1)    5 :  0.006 0.014 0.149 0.041 0.017 0.726 0.034 0.012 
269 HI_SS0559    (0)    6 :  0.022 0.002 0.085 0.333 0.284 0.013 0.124 0.136 
270 HI_SS0563    (1)    6 :  0.012 0.002 0.176 0.135 0.143 0.376 0.021 0.136 
271 HI_SS0564    (0)    6 :  0.019 0.050 0.016 0.073 0.760 0.016 0.014 0.051 
272 HI_SS0565    (0)    6 :  0.023 0.004 0.014 0.021 0.109 0.760 0.019 0.051 
273 HI_SS0569    (1)    6 :  0.012 0.003 0.324 0.045 0.211 0.365 0.006 0.034 
274 HI_SS0570    (0)    6 :  0.009 0.047 0.878 0.014 0.013 0.015 0.019 0.005 
275 HI_SS0572    (1)    6 :  0.016 0.003 0.010 0.020 0.064 0.099 0.319 0.468 
276 HI_SS0576    (1)    6 :  0.023 0.006 0.041 0.196 0.215 0.011 0.440 0.068 
277 HI_SS0579    (1)    6 :  0.007 0.013 0.189 0.048 0.043 0.040 0.005 0.654 
278 HI_SS0580    (1)    6 :  0.006 0.004 0.033 0.034 0.021 0.209 0.667 0.026 
279 HI_SS0581    (0)    6 :  0.856 0.063 0.006 0.007 0.035 0.005 0.015 0.013 
280 HI_SS0583    (1)    6 :  0.014 0.003 0.033 0.080 0.054 0.452 0.322 0.043 
281 HI_SS0586    (1)    6 :  0.012 0.001 0.866 0.040 0.031 0.024 0.019 0.007 
282 HI_SS0588    (1)    6 :  0.006 0.011 0.063 0.850 0.028 0.011 0.012 0.019 
283 HI_SS0595    (4)    6 :  0.043 0.038 0.274 0.391 0.021 0.035 0.162 0.036 
284 HI_SS0596    (0)    6 :  0.010 0.002 0.016 0.018 0.013 0.007 0.882 0.052 
285 HI_SS0597    (1)    6 :  0.403 0.002 0.009 0.008 0.042 0.034 0.035 0.468 
286 HI_SS0600    (0)    6 :  0.035 0.003 0.035 0.544 0.056 0.052 0.005 0.270 
287 HI_SS0601    (1)    6 :  0.007 0.012 0.010 0.040 0.303 0.005 0.007 0.617 
288 HI_SS0602    (1)    6 :  0.027 0.002 0.007 0.652 0.251 0.014 0.016 0.030 
289 HI_SS0604    (0)    6 :  0.068 0.002 0.040 0.017 0.567 0.224 0.044 0.040 
290 HI_SS0605    (1)    6 :  0.008 0.005 0.008 0.010 0.938 0.010 0.013 0.007 
291 HI_SS0608    (0)    6 :  0.008 0.001 0.106 0.028 0.017 0.010 0.818 0.013 
292 HI_SS0609    (0)    6 :  0.014 0.001 0.027 0.009 0.015 0.040 0.025 0.870 
293 HI_SS0611    (5)    6 :  0.004 0.002 0.017 0.009 0.582 0.299 0.067 0.020 
294 HI_SS0612    (0)    6 :  0.013 0.005 0.015 0.052 0.006 0.058 0.004 0.847 
295 HI_SS0613    (1)    6 :  0.018 0.002 0.010 0.014 0.835 0.068 0.041 0.012 
296 HI_SS0615    (1)    6 :  0.023 0.011 0.012 0.374 0.308 0.006 0.168 0.100 
297 HI_SS0001    (1)    6 :  0.848 0.005 0.037 0.021 0.006 0.045 0.013 0.024 
298 HI_SS0002    (1)    6 :  0.018 0.027 0.006 0.098 0.015 0.050 0.054 0.731 
299 HI_SS0004    (0)    6 :  0.123 0.006 0.373 0.058 0.025 0.297 0.101 0.017 
300 HI_SS0005    (1)    6 :  0.230 0.007 0.131 0.384 0.059 0.009 0.132 0.048 
301 HI_SS0006    (1)    6 :  0.026 0.002 0.034 0.008 0.053 0.805 0.007 0.065 
302 HI_SS0007    (1)    6 :  0.009 0.003 0.917 0.006 0.026 0.013 0.022 0.005 
303 HI_SS0008    (0)    6 :  0.013 0.037 0.037 0.413 0.353 0.005 0.026 0.115 
304 HI_SS0009    (0)    6 :  0.015 0.004 0.027 0.027 0.032 0.019 0.861 0.015 
305 HI_SS0010    (1)    6 :  0.025 0.004 0.658 0.038 0.076 0.030 0.150 0.019 
306 HI_SS0011    (1)    6 :  0.102 0.083 0.036 0.013 0.019 0.007 0.049 0.692 
307 HI_SS0012    (0)    6 :  0.015 0.005 0.004 0.091 0.141 0.007 0.020 0.717 
308 HI_SS0017    (1)    6 :  0.254 0.002 0.127 0.008 0.013 0.013 0.556 0.027 
309 HI_SS0021    (1)    6 :  0.004 0.237 0.151 0.008 0.015 0.511 0.061 0.014 
310 HI_SS0024    (1)    6 :  0.366 0.003 0.204 0.013 0.037 0.038 0.321 0.018 
311 HI_SS0025    (1)    6 :  0.005 0.004 0.006 0.015 0.010 0.092 0.861 0.007 
312 HI_SS0027    (0)    6 :  0.007 0.010 0.122 0.029 0.779 0.029 0.007 0.017 
313 HI_SS0028    (0)    6 :  0.046 0.002 0.020 0.023 0.011 0.013 0.864 0.020 
314 HI_SS0029    (1)    6 :  0.015 0.008 0.017 0.040 0.017 0.030 0.805 0.066 
315 HI_SS0030    (2)    6 :  0.521 0.004 0.067 0.162 0.181 0.019 0.026 0.020 
316 HI_SS0031    (0)    6 :  0.006 0.004 0.026 0.882 0.009 0.007 0.034 0.032 
317 HI_SS0034    (0)    6 :  0.377 0.006 0.150 0.058 0.127 0.226 0.008 0.048 
318 HI_SS0036    (0)    6 :  0.563 0.011 0.196 0.075 0.066 0.012 0.071 0.005 
319 HI_SS0037    (1)    6 :  0.028 0.004 0.107 0.019 0.340 0.302 0.187 0.013 
320 HI_SS0039    (0)    6 :  0.233 0.004 0.444 0.076 0.016 0.153 0.064 0.011 
321 HI_SS0041    (1)    6 :  0.082 0.002 0.005 0.060 0.312 0.036 0.470 0.034 
322 HI_SS0042    (1)    6 :  0.311 0.144 0.008 0.022 0.063 0.040 0.381 0.032 
323 HI_SS0043    (1)    6 :  0.019 0.002 0.051 0.057 0.808 0.044 0.009 0.011 
324 HI_SS0044    (1)    6 :  0.012 0.003 0.054 0.020 0.006 0.011 0.889 0.006 
325 HI_SS0047    (1)    6 :  0.653 0.002 0.015 0.046 0.076 0.106 0.017 0.084 
326 HI_SS0049    (1)    6 :  0.081 0.004 0.028 0.009 0.102 0.011 0.739 0.026 
327 HI_SS0051    (1)    6 :  0.007 0.002 0.019 0.014 0.673 0.252 0.012 0.023 
328 HI_SS0053    (1)    6 :  0.111 0.005 0.108 0.248 0.452 0.029 0.014 0.033 
329 HI_SS0054    (4)    6 :  0.030 0.004 0.885 0.011 0.018 0.011 0.007 0.033 
330 HI_SS0057    (0)    6 :  0.889 0.003 0.016 0.008 0.027 0.032 0.017 0.009 
331 HI_SS0058    (0)    6 :  0.029 0.007 0.013 0.011 0.008 0.759 0.013 0.161 
332 HI_SS0060    (0)    6 :  0.186 0.107 0.347 0.081 0.096 0.005 0.025 0.153 
333 HI_SS0087    (1)    6 :  0.026 0.003 0.033 0.009 0.337 0.317 0.005 0.270 
334 HI_SS0091    (1)    6 :  0.082 0.001 0.009 0.031 0.033 0.825 0.004 0.014 
335 HI_SS0095    (1)    6 :  0.023 0.044 0.007 0.744 0.086 0.033 0.013 0.050 
336 HI_SS0097    (3)    6 :  0.007 0.004 0.011 0.010 0.009 0.014 0.007 0.938 
337 HI_SS0099    (1)    6 :  0.008 0.003 0.005 0.015 0.007 0.011 0.935 0.016 
338 HI_SS0103    (0)    6 :  0.157 0.005 0.008 0.013 0.125 0.616 0.013 0.062 
339 HI_SS0105    (1)    6 :  0.913 0.023 0.011 0.014 0.008 0.015 0.004 0.012 
340 HI_SS0107    (1)    6 :  0.061 0.001 0.013 0.011 0.018 0.021 0.514 0.361 
341 HI_SS0108    (1)    6 :  0.012 0.039 0.772 0.017 0.030 0.114 0.006 0.010 
342 HI_SS0110    (0)    6 :  0.161 0.001 0.008 0.102 0.123 0.391 0.013 0.200 
343 HI_SS0111    (1)    6 :  0.027 0.035 0.019 0.111 0.627 0.040 0.024 0.117 
344 HI_SS0112    (0)    6 :  0.008 0.002 0.934 0.010 0.024 0.009 0.008 0.006 
345 HI_SS0113    (1)    6 :  0.892 0.004 0.005 0.010 0.012 0.017 0.013 0.048 
346 HI_SS0114    (1)    6 :  0.020 0.006 0.015 0.549 0.225 0.160 0.014 0.010 
347 HI_SS0115    (1)    6 :  0.006 0.020 0.032 0.152 0.222 0.008 0.533 0.025 
348 HI_SS0116    (4)    6 :  0.003 0.002 0.013 0.008 0.004 0.748 0.214 0.007 
349 HI_SS0117    (0)    6 :  0.039 0.002 0.408 0.066 0.009 0.009 0.007 0.461 
350 HI_SS0118    (0)    6 :  0.016 0.010 0.006 0.008 0.007 0.906 0.037 0.010 
351 HI_SS0119    (1)    6 :  0.646 0.002 0.030 0.031 0.037 0.084 0.004 0.166 
352 HI_SS0120    (1)    6 :  0.907 0.003 0.006 0.014 0.013 0.011 0.029 0.018 
353 HI_SS0121    (0)    6 :  0.156 0.002 0.006 0.087 0.028 0.050 0.050 0.622 
354 HI_SS0122    (2)    6 :  0.147 0.031 0.061 0.032 0.316 0.110 0.149 0.155 
355 HI_SS0123    (0)    6 :  0.474 0.004 0.006 0.011 0.288 0.062 0.014 0.140 
356 HI_SS0124    (1)    6 :  0.058 0.003 0.011 0.058 0.021 0.008 0.782 0.060 
357 HI_SS0125    (1)    6 :  0.035 0.024 0.007 0.887 0.012 0.006 0.017 0.013 
358 HI_SS0126    (0)    6 :  0.011 0.001 0.861 0.011 0.009 0.059 0.039 0.008 
359 HI_SS0127    (0)    6 :  0.012 0.007 0.010 0.012 0.933 0.004 0.016 0.006 
360 HI_SS0128    (0)    6 :  0.016 0.003 0.068 0.586 0.010 0.008 0.060 0.250 
361 HI_SS0129    (1)    6 :  0.062 0.012 0.051 0.028 0.801 0.016 0.021 0.009 
362 HI_SS0131    (2)    6 :  0.003 0.033 0.911 0.008 0.005 0.004 0.007 0.030 
363 HI_SS0132    (0)    6 :  0.396 0.001 0.287 0.026 0.105 0.029 0.044 0.112 
364 HI_SS0133    (1)    6 :  0.007 0.001 0.964 0.006 0.004 0.010 0.003 0.003 
365 HI_SS0134    (1)    6 :  0.353 0.002 0.120 0.073 0.150 0.053 0.031 0.219 
366 HI_SS0142    (3)    6 :  0.140 0.018 0.004 0.347 0.015 0.081 0.012 0.382 
367 HI_SS0145    (0)    6 :  0.018 0.001 0.062 0.017 0.018 0.039 0.009 0.836 
368 HI_SS0146    (1)    6 :  0.007 0.001 0.910 0.029 0.011 0.018 0.012 0.012 
369 HI_SS0147    (1)    6 :  0.017 0.025 0.008 0.009 0.197 0.037 0.024 0.682 
370 HI_SS0149    (1)    6 :  0.931 0.004 0.021 0.006 0.009 0.006 0.007 0.016 
371 HI_SS0150    (2)    6 :  0.071 0.003 0.011 0.731 0.020 0.008 0.145 0.011 
372 HI_SS0151    (0)    6 :  0.007 0.011 0.011 0.017 0.910 0.022 0.010 0.012 
373 NS_SS1451    (1)    6 :  0.767 0.004 0.021 0.021 0.026 0.007 0.122 0.031 
374 NS_SS1404    (0)    6 :  0.053 0.015 0.030 0.037 0.087 0.035 0.680 0.064 
375 NS_SS1432    (2)    6 :  0.162 0.034 0.004 0.014 0.041 0.007 0.725 0.013 
376 NS_SS1405    (5)    6 :  0.011 0.004 0.042 0.015 0.029 0.708 0.148 0.043 
377 NS_SS1431   (10)    6 :  0.844 0.001 0.012 0.012 0.011 0.026 0.065 0.029 
378 NS_SS1402    (3)    6 :  0.027 0.002 0.010 0.203 0.158 0.033 0.023 0.543 
379 NS_SS1450    (3)    6 :  0.826 0.003 0.018 0.053 0.015 0.072 0.008 0.005 
380 NS_SS1396    (0)    6 :  0.166 0.007 0.044 0.029 0.294 0.059 0.058 0.345 
381 NS_SS1393    (5)    6 :  0.011 0.003 0.011 0.201 0.350 0.370 0.031 0.023 
382 NS_SS1392   (10)    6 :  0.102 0.014 0.009 0.761 0.016 0.014 0.073 0.011 
383 NS_SS1445    (0)    6 :  0.032 0.011 0.196 0.078 0.397 0.183 0.036 0.066 
384 NS_SS1423    (0)    6 :  0.007 0.002 0.513 0.185 0.023 0.061 0.046 0.164 
385 NS_SS1421    (9)    6 :  0.564 0.074 0.126 0.009 0.183 0.011 0.009 0.024 
386 NS_SS1411    (6)    6 :  0.015 0.002 0.362 0.006 0.232 0.359 0.015 0.008 
387 NS_SS1453    (6)    6 :  0.494 0.006 0.085 0.144 0.097 0.078 0.033 0.063 
388 NS_SS1442    (3)    6 :  0.010 0.004 0.052 0.010 0.303 0.371 0.018 0.232 
389 NS_SS1422    (1)    6 :  0.005 0.009 0.010 0.030 0.010 0.020 0.014 0.901 
390 NS_SS1419    (1)    6 :  0.023 0.165 0.016 0.015 0.052 0.271 0.371 0.086 
391 NS_SS1427    (0)    6 :  0.009 0.002 0.363 0.578 0.005 0.023 0.016 0.004 
392 NS_SS1444    (4)    6 :  0.010 0.003 0.010 0.020 0.175 0.018 0.735 0.028 
393 NS_SS1455    (0)    6 :  0.030 0.002 0.011 0.005 0.014 0.131 0.093 0.714 
394 NS_SS1425    (2)    6 :  0.012 0.002 0.723 0.012 0.162 0.077 0.005 0.009 
395 NS_SS1400    (0)    6 :  0.016 0.002 0.798 0.009 0.004 0.124 0.023 0.023 
396 NS_SS1406    (2)    6 :  0.055 0.008 0.004 0.024 0.023 0.009 0.008 0.870 
397 NS_SS1417    (6)    6 :  0.021 0.006 0.112 0.006 0.012 0.375 0.025 0.444 
398 NS_SS1454    (3)    6 :  0.907 0.001 0.038 0.008 0.014 0.011 0.015 0.007 
399 NS_SS1412    (1)    6 :  0.062 0.022 0.063 0.042 0.208 0.497 0.041 0.064 
400 NS_SS1438    (1)    6 :  0.011 0.002 0.066 0.028 0.113 0.738 0.019 0.024 
401 NS_SS1416    (4)    6 :  0.159 0.006 0.005 0.005 0.100 0.693 0.016 0.016 
402 NS_SS1401    (0)    6 :  0.185 0.012 0.029 0.028 0.027 0.010 0.051 0.659 
403 NS_SS1424    (6)    6 :  0.022 0.015 0.236 0.026 0.055 0.222 0.012 0.412 
404 NS_SS1435   (10)    6 :  0.052 0.003 0.740 0.137 0.016 0.008 0.026 0.017 
405 NS_SS1447    (4)    6 :  0.127 0.007 0.013 0.009 0.116 0.315 0.321 0.091 
406 NS_SS1414    (3)    6 :  0.040 0.006 0.019 0.007 0.009 0.012 0.876 0.031 
407 NS_SS1449   (14)    6 :  0.562 0.004 0.017 0.196 0.011 0.011 0.005 0.194 
408 NS_SS1443    (4)    6 :  0.016 0.002 0.071 0.692 0.074 0.007 0.005 0.133 
409 NS_SS1434    (1)    6 :  0.031 0.001 0.376 0.106 0.010 0.310 0.064 0.102 
410 NS_SS1398    (1)    6 :  0.407 0.022 0.028 0.128 0.102 0.053 0.254 0.006 
411 NS_SS1426    (1)    6 :  0.019 0.002 0.322 0.132 0.410 0.067 0.013 0.036 
412 NS_SS1413    (0)    6 :  0.004 0.008 0.952 0.008 0.005 0.009 0.007 0.006 
413 NS_SS1395    (1)    6 :  0.059 0.010 0.011 0.613 0.126 0.165 0.008 0.009 
414 NS_SS1448   (10)    6 :  0.176 0.002 0.759 0.008 0.016 0.005 0.028 0.006 
415 NS_SS1446    (0)    6 :  0.011 0.003 0.018 0.012 0.014 0.887 0.012 0.043 
416 NS_SS1403    (2)    6 :  0.046 0.006 0.009 0.157 0.052 0.311 0.075 0.344 
417 NS_SS1415    (0)    6 :  0.004 0.009 0.942 0.009 0.010 0.010 0.010 0.007 
418 NS_SS1437    (4)    6 :  0.023 0.007 0.028 0.016 0.025 0.019 0.675 0.207 
419 NS_SS1439    (2)    6 :  0.059 0.004 0.006 0.293 0.093 0.203 0.015 0.327 
420 NS_SS1441    (3)    6 :  0.049 0.002 0.033 0.757 0.015 0.032 0.053 0.059 
421 NS_SS1420    (2)    6 :  0.005 0.003 0.004 0.014 0.052 0.008 0.907 0.008 
422 NS_SS1394    (2)    6 :  0.198 0.043 0.007 0.027 0.244 0.016 0.435 0.030 
423 NS_SS1391    (7)    6 :  0.047 0.012 0.063 0.599 0.098 0.081 0.087 0.013 
424 NS_SS1410    (5)    6 :  0.041 0.018 0.047 0.052 0.016 0.502 0.062 0.261 
425 NS_SS1408    (1)    6 :  0.802 0.054 0.008 0.058 0.029 0.005 0.007 0.036 
426 NS_SS1409    (1)    6 :  0.018 0.003 0.007 0.039 0.010 0.890 0.007 0.025 
427 HI_SS0617    (1)    7 :  0.014 0.001 0.004 0.019 0.083 0.826 0.025 0.026 
428 HI_SS0618    (2)    7 :  0.032 0.002 0.014 0.155 0.624 0.071 0.027 0.075 
429 HI_SS0619    (0)    7 :  0.019 0.005 0.010 0.027 0.019 0.026 0.881 0.013 
430 HI_SS0620    (1)    7 :  0.010 0.004 0.776 0.040 0.134 0.013 0.009 0.015 
431 HI_SS0621    (3)    7 :  0.019 0.016 0.012 0.141 0.096 0.045 0.163 0.509 
432 HI_SS0622    (1)    7 :  0.008 0.014 0.086 0.034 0.091 0.012 0.135 0.620 
433 HI_SS0626    (0)    7 :  0.013 0.009 0.026 0.029 0.176 0.012 0.721 0.015 
434 HI_SS0627    (0)    7 :  0.221 0.009 0.023 0.012 0.021 0.057 0.040 0.617 
435 HI_SS0628    (3)    7 :  0.295 0.063 0.080 0.047 0.036 0.456 0.015 0.009 
436 HI_SS0629    (1)    7 :  0.009 0.006 0.015 0.714 0.024 0.058 0.019 0.156 
437 HI_SS0630    (1)    7 :  0.022 0.062 0.362 0.077 0.131 0.099 0.234 0.014 
438 HI_SS0631    (0)    7 :  0.018 0.001 0.851 0.057 0.011 0.019 0.028 0.015 
439 HI_SS0632    (0)    7 :  0.154 0.004 0.566 0.030 0.079 0.028 0.066 0.073 
440 HI_SS0633    (0)    7 :  0.009 0.003 0.005 0.038 0.017 0.033 0.856 0.038 
441 HI_SS0634    (1)    7 :  0.752 0.003 0.012 0.018 0.014 0.176 0.010 0.015 
442 HI_SS0635    (0)    7 :  0.016 0.012 0.090 0.169 0.038 0.200 0.225 0.249 
443 HI_SS0637    (1)    7 :  0.008 0.003 0.003 0.015 0.862 0.025 0.005 0.079 
444 HI_SS0638    (0)    7 :  0.093 0.001 0.663 0.014 0.108 0.016 0.023 0.081 
445 HI_SS0639    (1)    7 :  0.178 0.053 0.012 0.318 0.201 0.016 0.167 0.055 
446 HI_SS0640    (1)    7 :  0.008 0.002 0.110 0.295 0.379 0.035 0.112 0.059 
447 HI_SS0641    (1)    7 :  0.006 0.005 0.047 0.225 0.022 0.040 0.646 0.008 
448 HI_SS0642    (0)    7 :  0.961 0.002 0.007 0.009 0.006 0.005 0.005 0.004 
449 HI_SS0645    (0)    7 :  0.007 0.001 0.020 0.005 0.039 0.009 0.895 0.024 
450 HI_SS0646    (1)    7 :  0.040 0.002 0.008 0.619 0.011 0.009 0.011 0.300 
451 HI_SS0647    (1)    7 :  0.843 0.001 0.093 0.011 0.011 0.010 0.023 0.007 
452 HI_SS0648    (0)    7 :  0.056 0.003 0.141 0.054 0.059 0.023 0.309 0.354 
453 HI_SS0649    (1)    7 :  0.022 0.002 0.008 0.093 0.229 0.109 0.432 0.105 
454 HI_SS0650    (1)    7 :  0.075 0.005 0.007 0.373 0.455 0.028 0.040 0.017 
455 HI_SS0651    (1)    7 :  0.016 0.005 0.024 0.047 0.470 0.025 0.204 0.208 
456 HI_SS0652    (1)    7 :  0.210 0.005 0.011 0.031 0.075 0.009 0.654 0.005 
457 NS_SS1371    (3)    7 :  0.020 0.004 0.006 0.820 0.021 0.112 0.006 0.012 
458 NS_SS1374    (0)    7 :  0.123 0.004 0.630 0.064 0.063 0.054 0.053 0.010 
459 NS_SS1337    (3)    7 :  0.907 0.003 0.009 0.024 0.015 0.015 0.008 0.019 
460 NS_SS1385    (5)    7 :  0.028 0.005 0.019 0.037 0.017 0.426 0.048 0.420 
461 NS_SS1388    (0)    7 :  0.008 0.006 0.016 0.010 0.015 0.016 0.921 0.007 
462 NS_SS1370    (1)    7 :  0.026 0.009 0.010 0.018 0.852 0.007 0.012 0.065 
463 NS_SS1389    (3)    7 :  0.010 0.003 0.006 0.006 0.004 0.011 0.954 0.007 
464 NS_SS1360    (1)    7 :  0.022 0.005 0.587 0.222 0.085 0.013 0.025 0.041 
465 NS_SS1330    (0)    7 :  0.037 0.005 0.007 0.151 0.226 0.078 0.050 0.447 
466 NS_SS1328    (9)    7 :  0.027 0.002 0.898 0.015 0.016 0.009 0.017 0.014 
467 NS_SS1384    (1)    7 :  0.013 0.003 0.013 0.612 0.221 0.012 0.015 0.112 
468 NS_SS1381    (0)    7 :  0.016 0.001 0.008 0.027 0.022 0.159 0.012 0.754 
469 NS_SS1375    (1)    7 :  0.011 0.001 0.030 0.208 0.019 0.013 0.702 0.015 
470 NS_SS1319   (11)    7 :  0.016 0.055 0.009 0.888 0.005 0.010 0.011 0.006 
471 NS_SS1326    (2)    7 :  0.019 0.011 0.901 0.014 0.008 0.018 0.019 0.011 
