

----------------------------------------------------
STRUCTURE by Pritchard, Stephens and Donnelly (2000)
     and Falush, Stephens and Pritchard (2003)
       Code by Pritchard, Falush and Hubisz
             Version 2.3.4 (Jul 2012)
----------------------------------------------------



Command line arguments:   /home/genobiwan/Documents/Programs/Structure/structure -m parameter_job_k7_r1 
Input File:    /media/genobiwan/Storage/Projets/Mackerel_NWA_2021/data_job_k7_r1

Run parameters:
   629 individuals
   4140 loci
   7 populations assumed
   100000 Burn-in period
   200000 Reps


--------------------------------------------
Proportion of membership of each pre-defined
 population in each of the 7 clusters

Given    Inferred Clusters                                   Number of
 Pop       1      2      3      4      5      6      7      Individuals

  1:     0.169  0.167  0.194  0.171  0.122  0.013  0.164       67
  2:     0.161  0.283  0.201  0.172  0.131  0.009  0.044       32
  3:     0.208  0.140  0.132  0.194  0.186  0.014  0.127       92
  4:     0.214  0.207  0.043  0.160  0.124  0.015  0.237       36
  5:     0.089  0.224  0.123  0.102  0.250  0.020  0.192       41
  6:     0.180  0.144  0.165  0.191  0.135  0.013  0.172      158
  7:     0.177  0.158  0.192  0.137  0.145  0.010  0.180       79
  8:     0.122  0.185  0.154  0.101  0.191  0.014  0.233       52
  9:     0.005  0.005  0.004  0.006  0.005  0.970  0.004       36
 10:     0.004  0.004  0.004  0.004  0.004  0.976  0.004       36
--------------------------------------------

Allele-freq. divergence among pops (Net nucleotide distance),
computed using point estimates of P.

      1       2       3       4       5       6       7      
 1      -    0.0002  0.0003  0.0002  0.0003  0.0050  0.0004  
 2   0.0002     -    0.0003  0.0002  0.0003  0.0050  0.0003  
 3   0.0003  0.0003     -    0.0003  0.0004  0.0050  0.0004  
 4   0.0002  0.0002  0.0003     -    0.0003  0.0050  0.0003  
 5   0.0003  0.0003  0.0004  0.0003     -    0.0050  0.0005  
 6   0.0050  0.0050  0.0050  0.0050  0.0050     -    0.0052  
 7   0.0004  0.0003  0.0004  0.0003  0.0005  0.0052     -    

Average distances (expected heterozygosity) between individuals in same cluster:
cluster  1  : 0.3183 
cluster  2  : 0.3187 
cluster  3  : 0.3181 
cluster  4  : 0.3190 
cluster  5  : 0.3181 
cluster  6  : 0.3054 
cluster  7  : 0.3177 

--------------------------------------------
Estimated Ln Prob of Data   = -2473555.1
Mean value of ln likelihood = -2463695.5
Variance of ln likelihood   = 19719.1
Mean value of alpha         = 0.0424

Mean value of Fst_1         = 0.0034
Mean value of Fst_2         = 0.0034
Mean value of Fst_3         = 0.0044
Mean value of Fst_4         = 0.0034
Mean value of Fst_5         = 0.0045
Mean value of Fst_6         = 0.0390
Mean value of Fst_7         = 0.0046


Inferred ancestry of individuals:
        Label (%Miss) Pop:  Inferred clusters
  1 NS_SS0963    (4)    1 :  0.784 0.008 0.008 0.163 0.020 0.005 0.012 
  2 NS_SS0983    (1)    1 :  0.009 0.904 0.004 0.058 0.005 0.004 0.016 
  3 NS_SS0719    (9)    1 :  0.480 0.354 0.054 0.050 0.017 0.005 0.040 
  4 NS_SS1001    (8)    1 :  0.008 0.170 0.563 0.062 0.007 0.006 0.183 
  5 NS_SS0936    (4)    1 :  0.141 0.081 0.096 0.069 0.592 0.003 0.018 
  6 NS_SS0955    (6)    1 :  0.781 0.034 0.018 0.033 0.018 0.004 0.111 
  7 NS_SS0944    (3)    1 :  0.015 0.009 0.010 0.028 0.054 0.002 0.882 
  8 NS_SS0945    (3)    1 :  0.018 0.023 0.055 0.008 0.023 0.009 0.864 
  9 NS_SS0922    (2)    1 :  0.532 0.128 0.115 0.024 0.164 0.031 0.006 
 10 NS_SS0929    (7)    1 :  0.078 0.086 0.067 0.492 0.212 0.003 0.061 
 11 NS_SS0956    (1)    1 :  0.076 0.021 0.823 0.047 0.010 0.004 0.020 
 12 NS_SS0906    (3)    1 :  0.179 0.024 0.022 0.446 0.305 0.003 0.021 
 13 NS_SS0721    (6)    1 :  0.394 0.211 0.014 0.355 0.005 0.006 0.015 
 14 NS_SS0982    (4)    1 :  0.512 0.023 0.151 0.198 0.085 0.018 0.013 
 15 NS_SS0923    (6)    1 :  0.041 0.359 0.255 0.226 0.105 0.004 0.011 
 16 NS_SS0905    (6)    1 :  0.030 0.264 0.047 0.577 0.022 0.002 0.059 
 17 NS_SS0925    (3)    1 :  0.009 0.831 0.020 0.076 0.053 0.004 0.007 
 18 NS_SS0947    (6)    1 :  0.020 0.045 0.014 0.023 0.881 0.005 0.012 
 19 NS_SS0926    (2)    1 :  0.097 0.016 0.039 0.137 0.014 0.001 0.695 
 20 NS_SS0918    (6)    1 :  0.027 0.079 0.389 0.012 0.390 0.002 0.101 
 21 NS_SS0966    (4)    1 :  0.040 0.108 0.012 0.019 0.751 0.044 0.026 
 22 NS_SS0938    (2)    1 :  0.038 0.394 0.497 0.008 0.049 0.001 0.013 
 23 NS_SS0917    (2)    1 :  0.646 0.116 0.131 0.037 0.012 0.038 0.020 
 24 NS_SS0957   (11)    1 :  0.174 0.021 0.701 0.030 0.055 0.008 0.011 
 25 NS_SS0987    (1)    1 :  0.011 0.017 0.572 0.125 0.010 0.238 0.028 
 26 NS_SS0717    (4)    1 :  0.008 0.034 0.806 0.070 0.065 0.003 0.014 
 27 NS_SS0986    (2)    1 :  0.064 0.158 0.076 0.161 0.033 0.005 0.504 
 28 NS_SS0953    (3)    1 :  0.008 0.015 0.016 0.008 0.928 0.015 0.011 
 29 NS_SS0907    (3)    1 :  0.072 0.016 0.026 0.242 0.571 0.043 0.029 
 30 NS_SS0974    (6)    1 :  0.160 0.253 0.082 0.054 0.095 0.004 0.352 
 31 NS_SS0989    (1)    1 :  0.057 0.761 0.008 0.028 0.041 0.001 0.103 
 32 NS_SS0991    (3)    1 :  0.009 0.010 0.009 0.680 0.018 0.002 0.271 
 33 NS_SS0994    (2)    1 :  0.016 0.088 0.044 0.030 0.013 0.002 0.807 
 34 NS_SS0931    (6)    1 :  0.019 0.031 0.024 0.387 0.013 0.010 0.516 
 35 NS_SS1000    (5)    1 :  0.011 0.009 0.022 0.590 0.350 0.004 0.013 
 36 NS_SS0919    (1)    1 :  0.021 0.014 0.004 0.930 0.009 0.003 0.019 
 37 NS_SS0949    (4)    1 :  0.028 0.086 0.007 0.056 0.011 0.001 0.812 
 38 NS_SS0960   (10)    1 :  0.063 0.040 0.054 0.105 0.036 0.007 0.695 
 39 NS_SS0716    (2)    1 :  0.004 0.003 0.974 0.005 0.004 0.004 0.004 
 40 NS_SS0924    (8)    1 :  0.020 0.835 0.016 0.087 0.010 0.016 0.015 
 41 NS_SS0935    (2)    1 :  0.004 0.006 0.007 0.959 0.005 0.006 0.012 
 42 NS_SS0952   (14)    1 :  0.051 0.012 0.018 0.116 0.069 0.048 0.687 
 43 NS_SS0962   (11)    1 :  0.704 0.036 0.103 0.085 0.042 0.008 0.021 
 44 NS_SS0973    (5)    1 :  0.017 0.105 0.006 0.840 0.019 0.003 0.010 
 45 NS_SS0722    (1)    1 :  0.010 0.015 0.785 0.064 0.116 0.003 0.006 
 46 NS_SS0979   (13)    1 :  0.049 0.011 0.738 0.143 0.046 0.002 0.011 
 47 NS_SS0993    (2)    1 :  0.013 0.670 0.070 0.035 0.184 0.019 0.010 
 48 NS_SS0958    (1)    1 :  0.008 0.017 0.071 0.021 0.027 0.002 0.854 
 49 NS_SS0988    (4)    1 :  0.530 0.129 0.065 0.122 0.121 0.006 0.026 
 50 NS_SS1003    (2)    1 :  0.825 0.044 0.007 0.019 0.080 0.011 0.014 
 51 NS_SS0976    (1)    1 :  0.015 0.279 0.016 0.070 0.089 0.002 0.529 
 52 NS_SS0964   (10)    1 :  0.007 0.013 0.879 0.029 0.061 0.002 0.008 
 53 NS_SS0939    (4)    1 :  0.008 0.015 0.961 0.004 0.004 0.004 0.005 
 54 NS_SS0990    (6)    1 :  0.756 0.014 0.159 0.023 0.033 0.003 0.012 
 55 NS_SS0984    (2)    1 :  0.038 0.016 0.914 0.008 0.017 0.002 0.004 
 56 NS_SS0980   (10)    1 :  0.368 0.121 0.025 0.348 0.125 0.002 0.009 
 57 NS_SS0978    (4)    1 :  0.799 0.012 0.019 0.142 0.019 0.002 0.008 
 58 NS_SS0951   (18)    1 :  0.041 0.056 0.048 0.065 0.041 0.004 0.745 
 59 NS_SS0913    (3)    1 :  0.015 0.025 0.866 0.009 0.019 0.047 0.020 
 60 NS_SS1002    (1)    1 :  0.342 0.080 0.008 0.035 0.476 0.044 0.014 
 61 NS_SS0948    (1)    1 :  0.026 0.051 0.220 0.086 0.349 0.067 0.200 
 62 NS_SS0916    (4)    1 :  0.014 0.956 0.006 0.007 0.005 0.004 0.008 
 63 NS_SS0995    (1)    1 :  0.023 0.878 0.075 0.008 0.009 0.003 0.005 
 64 NS_SS0927    (6)    1 :  0.721 0.207 0.017 0.027 0.010 0.004 0.014 
 65 NS_SS0992    (5)    1 :  0.181 0.726 0.011 0.023 0.037 0.003 0.020 
 66 NS_SS0912    (1)    1 :  0.036 0.010 0.023 0.608 0.017 0.003 0.304 
 67 NS_SS0981    (1)    1 :  0.017 0.022 0.021 0.857 0.070 0.004 0.010 
 68 NS_SS0729    (5)    2 :  0.009 0.882 0.003 0.040 0.037 0.003 0.026 
 69 NS_SS0967   (15)    2 :  0.384 0.201 0.065 0.191 0.117 0.012 0.031 
 70 NS_SS0941    (8)    2 :  0.021 0.801 0.046 0.029 0.013 0.079 0.012 
 71 NS_SS0768   (12)    2 :  0.098 0.015 0.070 0.041 0.596 0.005 0.175 
 72 NS_SS0726    (5)    2 :  0.073 0.877 0.005 0.020 0.011 0.007 0.008 
 73 NS_SS0763    (4)    2 :  0.048 0.499 0.060 0.178 0.145 0.002 0.067 
 74 NS_SS0730    (6)    2 :  0.077 0.116 0.673 0.014 0.088 0.004 0.028 
 75 NS_SS0774    (2)    2 :  0.081 0.022 0.632 0.009 0.250 0.001 0.006 
 76 NS_SS0723    (3)    2 :  0.666 0.014 0.075 0.208 0.028 0.002 0.008 
 77 NS_SS0940   (10)    2 :  0.020 0.890 0.016 0.035 0.005 0.005 0.029 
 78 NS_SS0762    (1)    2 :  0.009 0.012 0.879 0.010 0.082 0.003 0.006 
 79 NS_SS0766   (11)    2 :  0.022 0.222 0.623 0.072 0.005 0.015 0.041 
 80 NS_SS0724    (1)    2 :  0.006 0.031 0.039 0.579 0.328 0.004 0.013 
 81 NS_SS0769    (3)    2 :  0.080 0.053 0.028 0.670 0.155 0.004 0.009 
 82 NS_SS0777    (1)    2 :  0.005 0.005 0.008 0.956 0.004 0.007 0.015 
 83 NS_SS0734    (6)    2 :  0.238 0.035 0.134 0.231 0.011 0.032 0.319 
 84 NS_SS0737    (3)    2 :  0.054 0.548 0.317 0.007 0.061 0.005 0.009 
 85 NS_SS0732    (5)    2 :  0.500 0.170 0.115 0.173 0.022 0.006 0.014 
 86 NS_SS0728    (5)    2 :  0.084 0.637 0.076 0.111 0.058 0.013 0.021 
 87 NS_SS0735    (9)    2 :  0.012 0.824 0.018 0.050 0.072 0.008 0.015 
 88 NS_SS0725    (1)    2 :  0.160 0.103 0.215 0.010 0.478 0.008 0.027 
 89 NS_SS0788    (2)    2 :  0.931 0.011 0.020 0.011 0.015 0.002 0.011 
 90 NS_SS0778    (2)    2 :  0.920 0.006 0.011 0.045 0.006 0.002 0.009 
 91 NS_SS0792    (6)    2 :  0.390 0.289 0.247 0.013 0.033 0.006 0.021 
 92 NS_SS0943   (11)    2 :  0.121 0.012 0.008 0.088 0.469 0.008 0.294 
 93 NS_SS0791    (2)    2 :  0.013 0.919 0.017 0.012 0.004 0.009 0.027 
 94 NS_SS0790    (5)    2 :  0.009 0.003 0.025 0.005 0.949 0.004 0.005 
 95 NS_SS0731    (6)    2 :  0.013 0.015 0.779 0.126 0.042 0.013 0.011 
 96 NS_SS0727    (7)    2 :  0.013 0.740 0.177 0.015 0.011 0.002 0.042 
 97 NS_SS0779   (13)    2 :  0.048 0.070 0.063 0.783 0.015 0.006 0.015 
 98 NS_SS0776    (3)    2 :  0.031 0.013 0.035 0.765 0.077 0.008 0.071 
 99 NS_SS0775    (5)    2 :  0.007 0.009 0.962 0.005 0.007 0.005 0.005 
100 NS_SS0965    (3)    3 :  0.017 0.019 0.051 0.890 0.008 0.002 0.012 
101 NS_SS0754   (14)    3 :  0.049 0.295 0.015 0.592 0.009 0.010 0.029 
102 NS_SS0838    (5)    3 :  0.031 0.702 0.033 0.044 0.087 0.043 0.059 
103 NS_SS0839    (3)    3 :  0.055 0.132 0.299 0.011 0.491 0.003 0.009 
104 NS_SS0832    (4)    3 :  0.427 0.018 0.056 0.411 0.035 0.046 0.006 
105 NS_SS0820    (5)    3 :  0.313 0.024 0.392 0.218 0.039 0.007 0.008 
106 NS_SS0886    (9)    3 :  0.292 0.566 0.031 0.029 0.027 0.002 0.053 
107 NS_SS0748    (5)    3 :  0.024 0.023 0.081 0.227 0.158 0.008 0.478 
108 NS_SS0884    (9)    3 :  0.572 0.204 0.027 0.045 0.091 0.024 0.037 
109 NS_SS0752    (4)    3 :  0.047 0.585 0.107 0.117 0.107 0.002 0.035 
110 NS_SS0862    (1)    3 :  0.222 0.418 0.033 0.234 0.081 0.004 0.009 
111 NS_SS0787    (9)    3 :  0.032 0.006 0.007 0.014 0.013 0.006 0.922 
112 NS_SS0843    (6)    3 :  0.011 0.030 0.015 0.777 0.159 0.002 0.005 
113 NS_SS0856    (4)    3 :  0.647 0.169 0.029 0.010 0.069 0.003 0.073 
114 NS_SS0846    (2)    3 :  0.196 0.023 0.007 0.535 0.192 0.003 0.045 
115 NS_SS0825    (1)    3 :  0.583 0.175 0.091 0.029 0.041 0.015 0.067 
116 NS_SS0757    (3)    3 :  0.534 0.028 0.040 0.248 0.022 0.004 0.124 
117 NS_SS0876    (3)    3 :  0.256 0.101 0.016 0.070 0.325 0.217 0.015 
118 NS_SS0903   (10)    3 :  0.007 0.164 0.007 0.075 0.738 0.003 0.006 
119 NS_SS0875    (7)    3 :  0.090 0.020 0.807 0.012 0.040 0.003 0.027 
120 NS_SS0740    (5)    3 :  0.020 0.052 0.020 0.810 0.060 0.003 0.036 
121 NS_SS0811    (5)    3 :  0.011 0.014 0.854 0.038 0.057 0.011 0.015 
122 NS_SS0751    (1)    3 :  0.175 0.161 0.046 0.138 0.059 0.003 0.419 
123 NS_SS0891    (6)    3 :  0.022 0.021 0.135 0.007 0.798 0.005 0.011 
124 NS_SS0867    (2)    3 :  0.356 0.020 0.010 0.302 0.114 0.032 0.166 
125 NS_SS0890    (6)    3 :  0.081 0.445 0.074 0.187 0.158 0.003 0.052 
126 NS_SS0866   (12)    3 :  0.824 0.015 0.026 0.008 0.006 0.005 0.115 
127 NS_SS0755    (4)    3 :  0.278 0.042 0.405 0.067 0.101 0.009 0.098 
128 NS_SS0758    (4)    3 :  0.017 0.701 0.010 0.175 0.039 0.002 0.055 
129 NS_SS0840    (2)    3 :  0.013 0.058 0.069 0.022 0.821 0.003 0.015 
130 NS_SS0889    (4)    3 :  0.076 0.020 0.020 0.050 0.034 0.002 0.797 
131 NS_SS1010    (1)    3 :  0.137 0.044 0.015 0.250 0.436 0.044 0.075 
132 NS_SS0888    (5)    3 :  0.149 0.431 0.061 0.253 0.008 0.002 0.097 
133 NS_SS0837    (3)    3 :  0.039 0.011 0.189 0.720 0.021 0.003 0.017 
134 NS_SS0794   (10)    3 :  0.005 0.007 0.013 0.007 0.006 0.002 0.961 
135 NS_SS0823    (5)    3 :  0.042 0.311 0.031 0.027 0.571 0.005 0.013 
136 NS_SS0829    (7)    3 :  0.006 0.009 0.005 0.045 0.007 0.098 0.829 
137 NS_SS0844    (5)    3 :  0.008 0.011 0.008 0.008 0.958 0.002 0.005 
138 NS_SS1008    (6)    3 :  0.018 0.033 0.786 0.050 0.019 0.012 0.082 
139 NS_SS0881    (3)    3 :  0.482 0.033 0.114 0.206 0.029 0.003 0.133 
140 NS_SS0834    (6)    3 :  0.023 0.047 0.012 0.012 0.884 0.007 0.014 
141 NS_SS0744   (10)    3 :  0.895 0.029 0.008 0.035 0.011 0.006 0.015 
142 NS_SS0899    (7)    3 :  0.016 0.006 0.019 0.011 0.937 0.002 0.008 
143 NS_SS0804    (5)    3 :  0.190 0.342 0.102 0.081 0.273 0.005 0.007 
144 NS_SS0781   (10)    3 :  0.048 0.011 0.023 0.032 0.878 0.004 0.005 
145 NS_SS0822    (6)    3 :  0.017 0.147 0.012 0.031 0.027 0.002 0.764 
146 NS_SS1004    (4)    3 :  0.059 0.014 0.013 0.848 0.050 0.003 0.014 
147 NS_SS0746    (5)    3 :  0.016 0.048 0.068 0.660 0.104 0.013 0.091 
148 NS_SS0880    (3)    3 :  0.606 0.025 0.035 0.045 0.146 0.002 0.142 
149 NS_SS0879    (5)    3 :  0.506 0.031 0.061 0.020 0.346 0.016 0.021 
150 NS_SS0753    (2)    3 :  0.015 0.011 0.011 0.924 0.010 0.006 0.023 
151 NS_SS1007    (3)    3 :  0.072 0.898 0.008 0.009 0.003 0.002 0.008 
152 NS_SS0872    (5)    3 :  0.028 0.023 0.045 0.105 0.788 0.002 0.009 
153 NS_SS1005    (7)    3 :  0.055 0.023 0.023 0.281 0.564 0.001 0.053 
154 NS_SS0892    (6)    3 :  0.073 0.037 0.039 0.790 0.025 0.002 0.034 
155 NS_SS0898    (0)    3 :  0.023 0.009 0.799 0.010 0.008 0.005 0.146 
156 NS_SS0801    (9)    3 :  0.039 0.018 0.018 0.888 0.020 0.009 0.009 
157 NS_SS0827    (9)    3 :  0.028 0.018 0.643 0.104 0.024 0.112 0.070 
158 NS_SS0853    (7)    3 :  0.007 0.028 0.818 0.101 0.031 0.005 0.011 
159 NS_SS0780    (2)    3 :  0.263 0.018 0.026 0.595 0.087 0.004 0.007 
160 NS_SS0826   (10)    3 :  0.072 0.007 0.005 0.013 0.866 0.003 0.034 
161 NS_SS0818    (5)    3 :  0.824 0.030 0.053 0.031 0.035 0.002 0.025 
162 NS_SS0745    (1)    3 :  0.011 0.004 0.938 0.024 0.008 0.002 0.013 
163 NS_SS0849    (3)    3 :  0.635 0.072 0.050 0.073 0.142 0.002 0.026 
164 NS_SS0739    (3)    3 :  0.685 0.195 0.075 0.009 0.009 0.014 0.013 
165 NS_SS0799    (1)    3 :  0.032 0.661 0.136 0.071 0.010 0.001 0.088 
166 NS_SS0756    (3)    3 :  0.050 0.021 0.012 0.010 0.893 0.004 0.010 
167 NS_SS0802    (2)    3 :  0.732 0.017 0.008 0.034 0.006 0.179 0.024 
168 NS_SS0747    (6)    3 :  0.143 0.102 0.017 0.631 0.094 0.005 0.007 
169 NS_SS0835    (1)    3 :  0.904 0.019 0.018 0.022 0.014 0.001 0.022 
170 NS_SS0742   (19)    3 :  0.699 0.205 0.024 0.018 0.034 0.001 0.018 
171 NS_SS0760    (9)    3 :  0.026 0.050 0.011 0.029 0.014 0.046 0.824 
172 NS_SS0803    (4)    3 :  0.005 0.061 0.007 0.031 0.880 0.009 0.008 
173 NS_SS0828   (14)    3 :  0.015 0.040 0.089 0.824 0.010 0.001 0.020 
174 NS_SS0865    (2)    3 :  0.927 0.004 0.008 0.021 0.011 0.018 0.011 
175 NS_SS0759    (5)    3 :  0.251 0.082 0.034 0.545 0.070 0.005 0.013 
176 NS_SS0851    (5)    3 :  0.015 0.005 0.931 0.005 0.023 0.011 0.010 
177 NS_SS0874   (16)    3 :  0.012 0.006 0.015 0.011 0.947 0.002 0.007 
178 NS_SS0761    (6)    3 :  0.028 0.274 0.060 0.200 0.038 0.003 0.397 
179 NS_SS0842   (26)    3 :  0.056 0.039 0.613 0.022 0.082 0.008 0.181 
180 NS_SS0785    (6)    3 :  0.089 0.097 0.026 0.724 0.036 0.005 0.022 
181 NS_SS0860   (11)    3 :  0.921 0.028 0.006 0.011 0.020 0.002 0.013 
182 NS_SS0897    (7)    3 :  0.008 0.012 0.010 0.007 0.007 0.002 0.954 
183 NS_SS0841   (15)    3 :  0.315 0.026 0.485 0.017 0.016 0.004 0.137 
184 NS_SS0797    (7)    3 :  0.025 0.050 0.203 0.025 0.012 0.027 0.658 
185 NS_SS0830   (11)    3 :  0.448 0.050 0.206 0.081 0.087 0.002 0.126 
186 NS_SS1011    (5)    3 :  0.746 0.021 0.005 0.011 0.205 0.005 0.007 
187 NS_SS0883    (5)    3 :  0.172 0.396 0.196 0.143 0.019 0.008 0.066 
188 NS_SS0782    (2)    3 :  0.065 0.718 0.029 0.009 0.066 0.003 0.110 
189 NS_SS0831    (5)    3 :  0.039 0.591 0.010 0.022 0.038 0.003 0.297 
190 NS_SS0749    (7)    3 :  0.017 0.392 0.008 0.554 0.007 0.003 0.019 
191 NS_SS0854    (2)    3 :  0.026 0.728 0.025 0.043 0.128 0.003 0.047 
192 HI_SS0193    (0)    4 :  0.011 0.061 0.014 0.006 0.024 0.002 0.884 
193 HI_SS0194    (1)    4 :  0.021 0.011 0.011 0.011 0.923 0.001 0.022 
194 HI_SS0195   (10)    4 :  0.355 0.256 0.056 0.074 0.132 0.120 0.007 
195 HI_SS0196    (6)    4 :  0.030 0.383 0.066 0.029 0.062 0.003 0.427 
196 HI_SS0197    (3)    4 :  0.929 0.016 0.011 0.020 0.013 0.009 0.003 
197 HI_SS0198    (1)    4 :  0.269 0.481 0.078 0.060 0.016 0.011 0.085 
198 HI_SS0199    (1)    4 :  0.012 0.942 0.010 0.011 0.013 0.002 0.009 
199 HI_SS0201    (5)    4 :  0.044 0.049 0.006 0.292 0.023 0.002 0.584 
200 HI_SS0215    (1)    4 :  0.213 0.023 0.009 0.622 0.062 0.003 0.068 
201 HI_SS0218    (1)    4 :  0.006 0.026 0.020 0.009 0.008 0.006 0.926 
202 HI_SS0222    (0)    4 :  0.061 0.757 0.082 0.068 0.009 0.005 0.018 
203 HI_SS0230    (1)    4 :  0.068 0.019 0.079 0.719 0.100 0.006 0.010 
204 HI_SS0234    (2)    4 :  0.010 0.761 0.005 0.039 0.055 0.122 0.008 
205 HI_SS0240    (1)    4 :  0.016 0.897 0.030 0.034 0.008 0.008 0.007 
206 HI_SS0241    (0)    4 :  0.646 0.102 0.041 0.064 0.046 0.002 0.099 
207 HI_SS0242    (0)    4 :  0.188 0.330 0.265 0.026 0.099 0.004 0.088 
208 HI_SS0247    (0)    4 :  0.010 0.007 0.011 0.010 0.941 0.015 0.006 
209 HI_SS0248    (1)    4 :  0.011 0.065 0.018 0.065 0.014 0.001 0.827 
210 HI_SS0252    (2)    4 :  0.033 0.694 0.063 0.031 0.088 0.002 0.089 
211 HI_SS0254    (0)    4 :  0.086 0.029 0.027 0.705 0.009 0.075 0.070 
212 HI_SS0256    (0)    4 :  0.063 0.006 0.014 0.028 0.883 0.001 0.004 
213 HI_SS0257    (0)    4 :  0.269 0.050 0.012 0.190 0.426 0.003 0.050 
214 HI_SS0258    (1)    4 :  0.012 0.013 0.012 0.035 0.005 0.005 0.918 
215 HI_SS0259    (1)    4 :  0.948 0.010 0.008 0.006 0.018 0.003 0.007 
216 HI_SS0260    (1)    4 :  0.036 0.034 0.089 0.582 0.024 0.002 0.234 
217 HI_SS0261    (2)    4 :  0.091 0.051 0.024 0.765 0.029 0.003 0.037 
218 HI_SS0262    (0)    4 :  0.839 0.066 0.021 0.011 0.041 0.006 0.016 
219 HI_SS0264    (0)    4 :  0.027 0.013 0.055 0.707 0.174 0.003 0.020 
220 HI_SS0265    (0)    4 :  0.593 0.020 0.154 0.060 0.056 0.101 0.017 
221 HI_SS0268    (1)    4 :  0.054 0.069 0.077 0.034 0.031 0.003 0.733 
222 HI_SS0269    (0)    4 :  0.467 0.339 0.013 0.014 0.027 0.002 0.138 
223 HI_SS0273    (0)    4 :  0.099 0.021 0.019 0.023 0.018 0.002 0.819 
224 HI_SS0277    (1)    4 :  0.905 0.047 0.009 0.014 0.014 0.003 0.009 
225 HI_SS0280    (0)    4 :  0.101 0.148 0.099 0.098 0.005 0.008 0.540 
226 HI_SS0282    (1)    4 :  0.086 0.059 0.007 0.117 0.031 0.001 0.699 
227 HI_SS0286    (1)    4 :  0.091 0.606 0.033 0.179 0.030 0.007 0.054 
228 NS_SS1252    (3)    5 :  0.026 0.229 0.036 0.012 0.007 0.004 0.685 
229 NS_SS1261    (1)    5 :  0.110 0.721 0.026 0.033 0.059 0.018 0.033 
230 NS_SS1225   (10)    5 :  0.009 0.005 0.006 0.066 0.847 0.060 0.007 
231 NS_SS1266    (1)    5 :  0.073 0.008 0.010 0.029 0.867 0.007 0.006 
232 NS_SS1228    (0)    5 :  0.026 0.329 0.537 0.016 0.058 0.014 0.020 
233 NS_SS1255    (3)    5 :  0.036 0.036 0.145 0.006 0.396 0.002 0.379 
234 NS_SS1267    (3)    5 :  0.009 0.851 0.017 0.013 0.005 0.010 0.096 
235 NS_SS1238    (6)    5 :  0.012 0.029 0.011 0.014 0.026 0.003 0.906 
236 NS_SS1233    (8)    5 :  0.006 0.005 0.061 0.022 0.708 0.002 0.195 
237 NS_SS1277    (3)    5 :  0.009 0.041 0.596 0.028 0.006 0.001 0.319 
238 NS_SS1245    (1)    5 :  0.119 0.269 0.065 0.218 0.239 0.002 0.089 
239 NS_SS1240    (4)    5 :  0.035 0.822 0.007 0.037 0.016 0.002 0.081 
240 NS_SS1275    (2)    5 :  0.740 0.022 0.064 0.040 0.124 0.003 0.006 
241 NS_SS1235    (1)    5 :  0.008 0.016 0.006 0.006 0.951 0.004 0.009 
242 NS_SS1263    (1)    5 :  0.006 0.005 0.008 0.008 0.962 0.001 0.010 
243 NS_SS1251    (2)    5 :  0.006 0.016 0.011 0.019 0.940 0.001 0.007 
244 NS_SS1248    (0)    5 :  0.028 0.066 0.167 0.036 0.015 0.118 0.569 
245 NS_SS1244    (0)    5 :  0.222 0.450 0.007 0.012 0.059 0.005 0.245 
246 NS_SS1257    (1)    5 :  0.026 0.712 0.025 0.048 0.061 0.022 0.105 
247 NS_SS1242    (2)    5 :  0.293 0.005 0.585 0.021 0.077 0.002 0.017 
248 NS_SS1271    (6)    5 :  0.036 0.399 0.202 0.147 0.005 0.032 0.179 
249 NS_SS1265    (1)    5 :  0.072 0.016 0.072 0.107 0.034 0.025 0.674 
250 NS_SS1243    (0)    5 :  0.110 0.055 0.304 0.160 0.009 0.112 0.249 
251 NS_SS1273    (1)    5 :  0.022 0.011 0.919 0.006 0.023 0.008 0.010 
252 NS_SS1254   (14)    5 :  0.073 0.020 0.411 0.013 0.462 0.006 0.015 
253 NS_SS1224    (1)    5 :  0.024 0.178 0.059 0.061 0.661 0.009 0.008 
254 NS_SS1227    (8)    5 :  0.054 0.013 0.042 0.875 0.004 0.002 0.010 
255 NS_SS1274    (9)    5 :  0.027 0.306 0.011 0.420 0.153 0.018 0.065 
256 NS_SS1241    (1)    5 :  0.010 0.013 0.010 0.022 0.022 0.001 0.923 
257 NS_SS1256    (3)    5 :  0.219 0.015 0.132 0.147 0.301 0.048 0.138 
258 NS_SS1260    (8)    5 :  0.075 0.720 0.021 0.059 0.015 0.070 0.039 
259 NS_SS1262    (0)    5 :  0.025 0.052 0.028 0.546 0.133 0.161 0.055 
260 NS_SS1230    (0)    5 :  0.028 0.012 0.044 0.109 0.018 0.009 0.780 
261 NS_SS1270    (2)    5 :  0.073 0.010 0.030 0.541 0.283 0.002 0.062 
262 NS_SS1229    (2)    5 :  0.142 0.624 0.007 0.032 0.182 0.004 0.009 
263 NS_SS1246    (5)    5 :  0.221 0.699 0.008 0.009 0.028 0.003 0.033 
264 NS_SS1269    (0)    5 :  0.223 0.438 0.038 0.117 0.037 0.002 0.145 
265 NS_SS1239    (1)    5 :  0.164 0.705 0.071 0.038 0.005 0.005 0.011 
266 NS_SS1272    (5)    5 :  0.155 0.012 0.025 0.012 0.781 0.007 0.007 
267 NS_SS1268    (1)    5 :  0.048 0.011 0.177 0.067 0.630 0.003 0.064 
268 NS_SS1249    (1)    5 :  0.033 0.252 0.039 0.015 0.049 0.015 0.597 
269 HI_SS0559    (0)    6 :  0.006 0.011 0.071 0.858 0.023 0.002 0.030 
270 HI_SS0563    (1)    6 :  0.064 0.752 0.012 0.014 0.038 0.002 0.117 
271 HI_SS0564    (0)    6 :  0.267 0.568 0.026 0.021 0.046 0.052 0.020 
272 HI_SS0565    (0)    6 :  0.627 0.033 0.063 0.155 0.031 0.004 0.086 
273 HI_SS0569    (1)    6 :  0.007 0.007 0.008 0.861 0.006 0.002 0.109 
274 HI_SS0570    (0)    6 :  0.007 0.018 0.021 0.010 0.021 0.037 0.886 
275 HI_SS0572    (1)    6 :  0.028 0.174 0.055 0.015 0.718 0.003 0.007 
276 HI_SS0576    (1)    6 :  0.062 0.057 0.763 0.059 0.012 0.006 0.041 
277 HI_SS0579    (1)    6 :  0.005 0.009 0.005 0.940 0.023 0.010 0.009 
278 HI_SS0580    (1)    6 :  0.011 0.020 0.932 0.013 0.011 0.004 0.010 
279 HI_SS0581    (0)    6 :  0.833 0.048 0.015 0.016 0.014 0.066 0.008 
280 HI_SS0583    (1)    6 :  0.012 0.348 0.439 0.081 0.101 0.002 0.015 
281 HI_SS0586    (1)    6 :  0.012 0.027 0.052 0.518 0.006 0.001 0.384 
282 HI_SS0588    (1)    6 :  0.005 0.032 0.014 0.898 0.011 0.014 0.026 
283 HI_SS0595    (4)    6 :  0.184 0.103 0.424 0.040 0.029 0.030 0.190 
284 HI_SS0596    (0)    6 :  0.011 0.013 0.740 0.024 0.200 0.003 0.009 
285 HI_SS0597    (1)    6 :  0.466 0.118 0.089 0.018 0.278 0.002 0.029 
286 HI_SS0600    (0)    6 :  0.729 0.226 0.005 0.016 0.007 0.004 0.012 
287 HI_SS0601    (1)    6 :  0.028 0.017 0.011 0.869 0.060 0.008 0.008 
288 HI_SS0602    (1)    6 :  0.006 0.006 0.007 0.962 0.008 0.003 0.009 
289 HI_SS0604    (0)    6 :  0.019 0.143 0.116 0.541 0.106 0.002 0.075 
290 HI_SS0605    (1)    6 :  0.570 0.352 0.028 0.020 0.008 0.007 0.015 
291 HI_SS0608    (0)    6 :  0.011 0.009 0.922 0.019 0.005 0.001 0.033 
292 HI_SS0609    (0)    6 :  0.141 0.011 0.048 0.010 0.771 0.001 0.018 
293 HI_SS0611    (5)    6 :  0.027 0.281 0.564 0.051 0.013 0.003 0.063 
294 HI_SS0612    (0)    6 :  0.210 0.016 0.008 0.045 0.701 0.005 0.014 
295 HI_SS0613    (1)    6 :  0.682 0.019 0.064 0.144 0.066 0.002 0.024 
296 HI_SS0615    (1)    6 :  0.017 0.805 0.125 0.018 0.016 0.011 0.007 
297 HI_SS0001    (1)    6 :  0.125 0.721 0.051 0.022 0.040 0.003 0.038 
298 HI_SS0002    (1)    6 :  0.068 0.009 0.029 0.041 0.816 0.028 0.009 
299 HI_SS0004    (0)    6 :  0.022 0.060 0.030 0.044 0.045 0.006 0.792 
300 HI_SS0005    (1)    6 :  0.198 0.058 0.280 0.327 0.010 0.007 0.118 
301 HI_SS0006    (1)    6 :  0.695 0.070 0.016 0.079 0.114 0.002 0.023 
302 HI_SS0007    (1)    6 :  0.041 0.030 0.186 0.103 0.014 0.002 0.624 
303 HI_SS0008    (0)    6 :  0.054 0.008 0.009 0.886 0.012 0.025 0.006 
304 HI_SS0009    (0)    6 :  0.015 0.039 0.886 0.014 0.012 0.005 0.029 
305 HI_SS0010    (1)    6 :  0.027 0.017 0.043 0.147 0.016 0.004 0.746 
306 HI_SS0011    (1)    6 :  0.013 0.006 0.018 0.016 0.822 0.086 0.038 
307 HI_SS0012    (0)    6 :  0.064 0.796 0.040 0.052 0.038 0.005 0.005 
308 HI_SS0017    (1)    6 :  0.014 0.025 0.448 0.015 0.425 0.002 0.071 
309 HI_SS0021    (1)    6 :  0.036 0.008 0.296 0.283 0.011 0.236 0.129 
310 HI_SS0024    (1)    6 :  0.625 0.056 0.175 0.018 0.039 0.002 0.085 
311 HI_SS0025    (1)    6 :  0.012 0.036 0.900 0.016 0.020 0.004 0.013 
312 HI_SS0027    (0)    6 :  0.011 0.022 0.010 0.081 0.009 0.012 0.856 
313 HI_SS0028    (0)    6 :  0.030 0.010 0.772 0.150 0.032 0.002 0.004 
314 HI_SS0029    (1)    6 :  0.019 0.048 0.893 0.011 0.010 0.006 0.012 
315 HI_SS0030    (2)    6 :  0.159 0.477 0.019 0.279 0.010 0.005 0.051 
316 HI_SS0031    (0)    6 :  0.038 0.070 0.011 0.865 0.007 0.002 0.007 
317 HI_SS0034    (0)    6 :  0.087 0.041 0.007 0.816 0.020 0.005 0.024 
318 HI_SS0036    (0)    6 :  0.448 0.100 0.143 0.078 0.004 0.012 0.217 
319 HI_SS0037    (1)    6 :  0.060 0.011 0.053 0.029 0.015 0.005 0.827 
320 HI_SS0039    (0)    6 :  0.172 0.009 0.115 0.561 0.010 0.003 0.130 
321 HI_SS0041    (1)    6 :  0.069 0.485 0.409 0.006 0.022 0.002 0.008 
322 HI_SS0042    (1)    6 :  0.030 0.068 0.640 0.006 0.140 0.109 0.008 
323 HI_SS0043    (1)    6 :  0.088 0.102 0.007 0.028 0.007 0.003 0.766 
324 HI_SS0044    (1)    6 :  0.016 0.014 0.794 0.013 0.005 0.002 0.155 
325 HI_SS0047    (1)    6 :  0.050 0.054 0.011 0.838 0.032 0.003 0.012 
326 HI_SS0049    (1)    6 :  0.006 0.010 0.825 0.092 0.048 0.004 0.016 
327 HI_SS0051    (1)    6 :  0.215 0.309 0.034 0.064 0.115 0.003 0.260 
328 HI_SS0053    (1)    6 :  0.110 0.105 0.015 0.737 0.008 0.004 0.022 
329 HI_SS0054    (4)    6 :  0.011 0.007 0.007 0.568 0.032 0.003 0.372 
330 HI_SS0057    (0)    6 :  0.564 0.042 0.025 0.040 0.039 0.003 0.287 
331 HI_SS0058    (0)    6 :  0.010 0.011 0.013 0.012 0.921 0.006 0.026 
332 HI_SS0060    (0)    6 :  0.225 0.060 0.007 0.285 0.022 0.091 0.311 
333 HI_SS0087    (1)    6 :  0.141 0.124 0.010 0.232 0.386 0.003 0.104 
334 HI_SS0091    (1)    6 :  0.918 0.029 0.003 0.012 0.024 0.001 0.012 
335 HI_SS0095    (1)    6 :  0.026 0.634 0.006 0.269 0.019 0.040 0.005 
336 HI_SS0097    (3)    6 :  0.019 0.089 0.011 0.222 0.617 0.004 0.037 
337 HI_SS0099    (1)    6 :  0.008 0.010 0.950 0.010 0.010 0.004 0.007 
338 HI_SS0103    (0)    6 :  0.748 0.094 0.016 0.046 0.082 0.003 0.011 
339 HI_SS0105    (1)    6 :  0.627 0.064 0.006 0.157 0.076 0.028 0.042 
340 HI_SS0107    (1)    6 :  0.053 0.076 0.130 0.014 0.716 0.001 0.011 
341 HI_SS0108    (1)    6 :  0.013 0.023 0.006 0.011 0.006 0.021 0.920 
342 HI_SS0110    (0)    6 :  0.842 0.104 0.012 0.025 0.009 0.001 0.007 
343 HI_SS0111    (1)    6 :  0.780 0.094 0.036 0.038 0.015 0.027 0.009 
344 HI_SS0112    (0)    6 :  0.006 0.004 0.004 0.004 0.004 0.001 0.977 
345 HI_SS0113    (1)    6 :  0.032 0.189 0.019 0.031 0.713 0.004 0.012 
346 HI_SS0114    (1)    6 :  0.059 0.120 0.019 0.544 0.010 0.005 0.242 
347 HI_SS0115    (1)    6 :  0.009 0.042 0.069 0.842 0.012 0.012 0.014 
348 HI_SS0116    (4)    6 :  0.011 0.035 0.899 0.024 0.009 0.003 0.020 
349 HI_SS0117    (0)    6 :  0.023 0.015 0.004 0.100 0.823 0.001 0.034 
350 HI_SS0118    (0)    6 :  0.091 0.053 0.356 0.021 0.241 0.013 0.225 
351 HI_SS0119    (1)    6 :  0.891 0.038 0.004 0.024 0.010 0.002 0.031 
352 HI_SS0120    (1)    6 :  0.028 0.087 0.011 0.005 0.851 0.003 0.016 
353 HI_SS0121    (0)    6 :  0.281 0.019 0.071 0.013 0.605 0.002 0.009 
354 HI_SS0122    (2)    6 :  0.887 0.018 0.020 0.007 0.018 0.019 0.030 
355 HI_SS0123    (0)    6 :  0.815 0.017 0.006 0.053 0.093 0.005 0.012 
356 HI_SS0124    (1)    6 :  0.083 0.012 0.826 0.010 0.056 0.002 0.010 
357 HI_SS0125    (1)    6 :  0.151 0.671 0.080 0.050 0.009 0.035 0.003 
358 HI_SS0126    (0)    6 :  0.010 0.005 0.044 0.012 0.007 0.001 0.920 
359 HI_SS0127    (0)    6 :  0.009 0.013 0.019 0.892 0.021 0.007 0.039 
360 HI_SS0128    (0)    6 :  0.009 0.756 0.021 0.129 0.046 0.004 0.035 
361 HI_SS0129    (1)    6 :  0.309 0.368 0.097 0.031 0.021 0.008 0.167 
362 HI_SS0131    (2)    6 :  0.007 0.004 0.010 0.008 0.015 0.040 0.916 
363 HI_SS0132    (0)    6 :  0.646 0.024 0.047 0.089 0.101 0.001 0.093 
364 HI_SS0133    (1)    6 :  0.005 0.006 0.003 0.003 0.003 0.001 0.979 
365 HI_SS0134    (1)    6 :  0.549 0.037 0.045 0.080 0.112 0.002 0.174 
366 HI_SS0142    (3)    6 :  0.036 0.038 0.008 0.869 0.028 0.015 0.005 
367 HI_SS0145    (0)    6 :  0.030 0.018 0.008 0.845 0.054 0.001 0.044 
368 HI_SS0146    (1)    6 :  0.017 0.014 0.023 0.008 0.009 0.001 0.928 
369 HI_SS0147    (1)    6 :  0.138 0.055 0.033 0.016 0.698 0.032 0.028 
370 HI_SS0149    (1)    6 :  0.943 0.005 0.007 0.005 0.013 0.004 0.023 
371 HI_SS0150    (2)    6 :  0.013 0.581 0.254 0.083 0.044 0.005 0.021 
372 HI_SS0151    (0)    6 :  0.025 0.894 0.012 0.025 0.014 0.013 0.017 
373 NS_SS1451    (1)    6 :  0.494 0.052 0.384 0.032 0.024 0.004 0.009 
374 NS_SS1404    (0)    6 :  0.127 0.026 0.348 0.012 0.464 0.011 0.011 
375 NS_SS1432    (2)    6 :  0.573 0.010 0.364 0.013 0.005 0.032 0.004 
376 NS_SS1405    (5)    6 :  0.069 0.051 0.198 0.021 0.112 0.005 0.544 
377 NS_SS1431   (10)    6 :  0.380 0.071 0.127 0.020 0.377 0.001 0.024 
378 NS_SS1402    (3)    6 :  0.184 0.113 0.026 0.009 0.656 0.003 0.009 
379 NS_SS1450    (3)    6 :  0.206 0.162 0.012 0.381 0.021 0.004 0.214 
380 NS_SS1396    (0)    6 :  0.456 0.140 0.047 0.139 0.044 0.006 0.165 
381 NS_SS1393    (5)    6 :  0.069 0.557 0.229 0.114 0.013 0.005 0.015 
382 NS_SS1392   (10)    6 :  0.009 0.899 0.048 0.011 0.009 0.014 0.010 
383 NS_SS1445    (0)    6 :  0.195 0.016 0.011 0.732 0.010 0.007 0.029 
384 NS_SS1423    (0)    6 :  0.029 0.283 0.012 0.041 0.439 0.002 0.194 
385 NS_SS1421    (9)    6 :  0.009 0.012 0.005 0.004 0.015 0.072 0.883 
386 NS_SS1411    (6)    6 :  0.008 0.011 0.009 0.007 0.005 0.001 0.959 
387 NS_SS1453    (6)    6 :  0.077 0.753 0.025 0.044 0.022 0.006 0.072 
388 NS_SS1442    (3)    6 :  0.111 0.017 0.028 0.223 0.053 0.004 0.564 
389 NS_SS1422    (1)    6 :  0.107 0.261 0.019 0.039 0.549 0.013 0.011 
390 NS_SS1419    (1)    6 :  0.008 0.041 0.244 0.004 0.516 0.171 0.017 
391 NS_SS1427    (0)    6 :  0.005 0.735 0.047 0.019 0.004 0.002 0.187 
392 NS_SS1444    (4)    6 :  0.008 0.013 0.940 0.013 0.015 0.003 0.008 
393 NS_SS1455    (0)    6 :  0.005 0.013 0.127 0.009 0.829 0.001 0.015 
394 NS_SS1425    (2)    6 :  0.011 0.011 0.004 0.010 0.006 0.002 0.957 
395 NS_SS1400    (0)    6 :  0.006 0.005 0.009 0.009 0.016 0.002 0.955 
396 NS_SS1406    (2)    6 :  0.009 0.006 0.006 0.017 0.952 0.007 0.003 
397 NS_SS1417    (6)    6 :  0.431 0.014 0.019 0.008 0.351 0.010 0.168 
398 NS_SS1454    (3)    6 :  0.095 0.029 0.085 0.029 0.069 0.002 0.692 
399 NS_SS1412    (1)    6 :  0.234 0.012 0.093 0.093 0.291 0.026 0.251 
400 NS_SS1438    (1)    6 :  0.260 0.303 0.021 0.148 0.081 0.002 0.185 
401 NS_SS1416    (4)    6 :  0.738 0.060 0.045 0.010 0.133 0.007 0.007 
402 NS_SS1401    (0)    6 :  0.187 0.114 0.050 0.018 0.508 0.014 0.108 
403 NS_SS1424    (6)    6 :  0.732 0.017 0.044 0.046 0.020 0.013 0.128 
404 NS_SS1435   (10)    6 :  0.008 0.026 0.178 0.540 0.011 0.002 0.236 
405 NS_SS1447    (4)    6 :  0.064 0.025 0.280 0.349 0.197 0.009 0.077 
406 NS_SS1414    (3)    6 :  0.006 0.007 0.812 0.024 0.127 0.008 0.017 
407 NS_SS1449   (14)    6 :  0.030 0.928 0.004 0.006 0.019 0.003 0.010 
408 NS_SS1443    (4)    6 :  0.023 0.059 0.006 0.806 0.018 0.002 0.085 
409 NS_SS1434    (1)    6 :  0.032 0.566 0.063 0.008 0.091 0.001 0.238 
410 NS_SS1398    (1)    6 :  0.041 0.164 0.344 0.095 0.038 0.031 0.286 
411 NS_SS1426    (1)    6 :  0.060 0.085 0.011 0.750 0.006 0.002 0.086 
412 NS_SS1413    (0)    6 :  0.007 0.007 0.007 0.006 0.015 0.010 0.947 
413 NS_SS1395    (1)    6 :  0.017 0.027 0.005 0.916 0.009 0.007 0.020 
414 NS_SS1448   (10)    6 :  0.010 0.074 0.564 0.062 0.008 0.001 0.282 
415 NS_SS1446    (0)    6 :  0.820 0.115 0.015 0.013 0.022 0.003 0.013 
416 NS_SS1403    (2)    6 :  0.421 0.434 0.045 0.046 0.039 0.006 0.010 
417 NS_SS1415    (0)    6 :  0.010 0.021 0.056 0.358 0.012 0.010 0.533 
418 NS_SS1437    (4)    6 :  0.272 0.024 0.471 0.060 0.127 0.009 0.036 
419 NS_SS1439    (2)    6 :  0.050 0.011 0.006 0.912 0.013 0.002 0.006 
420 NS_SS1441    (3)    6 :  0.023 0.048 0.017 0.791 0.014 0.002 0.105 
421 NS_SS1420    (2)    6 :  0.007 0.011 0.963 0.006 0.006 0.002 0.005 
422 NS_SS1394    (2)    6 :  0.139 0.021 0.340 0.418 0.035 0.041 0.007 
423 NS_SS1391    (7)    6 :  0.043 0.027 0.024 0.795 0.014 0.011 0.087 
424 NS_SS1410    (5)    6 :  0.058 0.760 0.065 0.010 0.046 0.011 0.049 
425 NS_SS1408    (1)    6 :  0.277 0.430 0.018 0.161 0.023 0.065 0.025 
426 NS_SS1409    (1)    6 :  0.474 0.414 0.028 0.041 0.013 0.003 0.026 
427 HI_SS0617    (1)    7 :  0.581 0.364 0.023 0.008 0.018 0.001 0.006 
428 HI_SS0618    (2)    7 :  0.015 0.901 0.031 0.029 0.014 0.002 0.008 
429 HI_SS0619    (0)    7 :  0.067 0.013 0.820 0.013 0.012 0.003 0.072 
430 HI_SS0620    (1)    7 :  0.006 0.076 0.014 0.037 0.007 0.004 0.855 
431 HI_SS0621    (3)    7 :  0.060 0.380 0.410 0.010 0.114 0.016 0.011 
432 HI_SS0622    (1)    7 :  0.036 0.015 0.031 0.224 0.499 0.012 0.184 
433 HI_SS0626    (0)    7 :  0.070 0.013 0.866 0.014 0.012 0.010 0.015 
434 HI_SS0627    (0)    7 :  0.653 0.204 0.058 0.015 0.034 0.010 0.027 
435 HI_SS0628    (3)    7 :  0.137 0.238 0.119 0.017 0.022 0.059 0.409 
436 HI_SS0629    (1)    7 :  0.056 0.449 0.217 0.064 0.126 0.007 0.081 
437 HI_SS0630    (1)    7 :  0.029 0.083 0.288 0.026 0.007 0.073 0.494 
438 HI_SS0631    (0)    7 :  0.016 0.111 0.024 0.081 0.008 0.001 0.760 
439 HI_SS0632    (0)    7 :  0.050 0.138 0.075 0.055 0.018 0.004 0.659 
440 HI_SS0633    (0)    7 :  0.007 0.030 0.911 0.015 0.024 0.004 0.008 
441 HI_SS0634    (1)    7 :  0.967 0.007 0.008 0.004 0.004 0.002 0.008 
442 HI_SS0635    (0)    7 :  0.012 0.018 0.515 0.243 0.138 0.010 0.063 
443 HI_SS0637    (1)    7 :  0.480 0.293 0.011 0.160 0.047 0.003 0.005 
444 HI_SS0638    (0)    7 :  0.379 0.023 0.016 0.062 0.020 0.002 0.499 
445 HI_SS0639    (1)    7 :  0.085 0.137 0.348 0.370 0.012 0.044 0.005 
446 HI_SS0640    (1)    7 :  0.006 0.015 0.034 0.917 0.014 0.001 0.012 
447 HI_SS0641    (1)    7 :  0.013 0.022 0.871 0.039 0.014 0.005 0.036 
448 HI_SS0642    (0)    7 :  0.713 0.032 0.014 0.220 0.010 0.002 0.009 
449 HI_SS0645    (0)    7 :  0.009 0.006 0.948 0.003 0.015 0.001 0.018 
450 HI_SS0646    (1)    7 :  0.030 0.021 0.008 0.910 0.019 0.003 0.009 
451 HI_SS0647    (1)    7 :  0.044 0.087 0.140 0.024 0.148 0.001 0.555 
452 HI_SS0648    (0)    7 :  0.224 0.022 0.218 0.401 0.107 0.003 0.024 
453 HI_SS0649    (1)    7 :  0.074 0.101 0.722 0.045 0.029 0.002 0.026 
454 HI_SS0650    (1)    7 :  0.070 0.862 0.016 0.033 0.010 0.003 0.006 
455 HI_SS0651    (1)    7 :  0.175 0.038 0.033 0.675 0.051 0.005 0.024 
456 HI_SS0652    (1)    7 :  0.028 0.012 0.902 0.038 0.011 0.003 0.007 
457 NS_SS1371    (3)    7 :  0.038 0.495 0.036 0.354 0.060 0.007 0.010 
458 NS_SS1374    (0)    7 :  0.636 0.050 0.026 0.010 0.008 0.002 0.268 
459 NS_SS1337    (3)    7 :  0.268 0.582 0.018 0.008 0.068 0.004 0.052 
460 NS_SS1385    (5)    7 :  0.096 0.018 0.069 0.255 0.510 0.006 0.046 
461 NS_SS1388    (0)    7 :  0.013 0.015 0.899 0.008 0.035 0.007 0.023 
462 NS_SS1370    (1)    7 :  0.098 0.676 0.023 0.043 0.023 0.011 0.127 
463 NS_SS1389    (3)    7 :  0.005 0.005 0.958 0.007 0.011 0.003 0.011 
464 NS_SS1360    (1)    7 :  0.017 0.029 0.011 0.867 0.012 0.004 0.060 
465 NS_SS1330    (0)    7 :  0.223 0.133 0.026 0.407 0.197 0.004 0.010 
466 NS_SS1328    (9)    7 :  0.355 0.020 0.060 0.033 0.012 0.003 0.518 
467 NS_SS1384    (1)    7 :  0.014 0.022 0.013 0.920 0.022 0.004 0.006 
468 NS_SS1381    (0)    7 :  0.115 0.490 0.012 0.016 0.357 0.001 0.008 
469 NS_SS1375    (1)    7 :  0.011 0.014 0.918 0.040 0.005 0.001 0.010 
470 NS_SS1319   (11)    7 :  0.024 0.770 0.058 0.034 0.012 0.085 0.017 
471 NS_SS1326    (2)    7 :  0.009 0.012 0.013 0.006 0.005 0.010 0.946 
472 NS_SS1341    (1)    7 :  0.898 0.014 0.005 0.023 0.045 0.004 0.012 
473 NS_SS1383    (2)    7 :  0.011 0.930 0.004 0.026 0.008 0.004 0.017 
474 NS_SS1318    (3)    7 :  0.033 0.116 0.216 0.055 0.487 0.015 0.079 
475 NS_SS1348    (2)    7 :  0.024 0.053 0.024 0.292 0.010 0.002 0.595 
476 NS_SS1363    (0)    7 :  0.564 0.046 0.162 0.028 0.169 0.006 0.025 
477 NS_SS1335    (4)    7 :  0.067 0.063 0.018 0.263 0.012 0.029 0.549 
478 NS_SS1358    (0)    7 :  0.289 0.080 0.003 0.035 0.545 0.015 0.034 
479 NS_SS1342    (1)    7 :  0.074 0.013 0.008 0.013 0.876 0.001 0.016 
480 NS_SS1320    (3)    7 :  0.020 0.011 0.341 0.009 0.602 0.008 0.010 
481 NS_SS1355    (1)    7 :  0.012 0.069 0.071 0.074 0.755 0.014 0.006 
482 NS_SS1345    (1)    7 :  0.011 0.008 0.011 0.011 0.930 0.017 0.011 
483 NS_SS1324    (0)    7 :  0.011 0.726 0.020 0.029 0.066 0.002 0.146 
484 NS_SS1347    (5)    7 :  0.119 0.249 0.024 0.579 0.013 0.003 0.014 
485 NS_SS1321    (4)    7 :  0.729 0.058 0.011 0.133 0.022 0.001 0.046 
486 NS_SS1333    (0)    7 :  0.782 0.057 0.119 0.010 0.008 0.003 0.021 
487 NS_SS1364    (1)    7 :  0.018 0.020 0.009 0.044 0.411 0.003 0.495 
488 NS_SS1379    (0)    7 :  0.326 0.135 0.028 0.330 0.096 0.063 0.021 
489 NS_SS1332    (0)    7 :  0.007 0.008 0.026 0.066 0.005 0.007 0.882 
490 NS_SS1338    (5)    7 :  0.924 0.011 0.009 0.020 0.005 0.006 0.024 
491 NS_SS1368    (6)    7 :  0.038 0.018 0.120 0.058 0.068 0.006 0.692 
492 NS_SS1354    (1)    7 :  0.225 0.021 0.029 0.067 0.623 0.010 0.024 
493 NS_SS1365    (0)    7 :  0.120 0.024 0.647 0.018 0.085 0.010 0.096 
494 NS_SS1380    (1)    7 :  0.005 0.006 0.009 0.010 0.952 0.015 0.004 
495 NS_SS1329    (8)    7 :  0.568 0.006 0.004 0.012 0.358 0.003 0.050 
496 NS_SS1362    (0)    7 :  0.013 0.026 0.007 0.318 0.624 0.003 0.008 
497 NS_SS1327    (2)    7 :  0.016 0.029 0.006 0.031 0.003 0.004 0.911 
498 NS_SS1350    (0)    7 :  0.346 0.610 0.009 0.015 0.005 0.008 0.007 
499 NS_SS1387    (2)    7 :  0.064 0.051 0.640 0.187 0.038 0.003 0.017 
500 NS_SS1369    (8)    7 :  0.018 0.018 0.019 0.007 0.021 0.005 0.913 
501 NS_SS1331    (1)    7 :  0.219 0.030 0.485 0.008 0.012 0.010 0.235 
502 NS_SS1357    (5)    7 :  0.019 0.915 0.019 0.018 0.017 0.003 0.008 
503 NS_SS1386    (1)    7 :  0.014 0.010 0.003 0.005 0.009 0.003 0.956 
504 NS_SS1353    (2)    7 :  0.161 0.012 0.039 0.155 0.378 0.004 0.251 
505 NS_SS1323    (0)    7 :  0.244 0.034 0.179 0.126 0.330 0.080 0.008 
506 HI_SS0296    (0)    8 :  0.011 0.391 0.010 0.027 0.041 0.002 0.518 
507 HI_SS0297    (0)    8 :  0.017 0.932 0.010 0.008 0.008 0.001 0.024 
508 HI_SS0299    (0)    8 :  0.018 0.738 0.011 0.020 0.138 0.035 0.040 
509 HI_SS0300    (0)    8 :  0.055 0.219 0.038 0.050 0.027 0.001 0.611 
510 HI_SS0301    (0)    8 :  0.041 0.006 0.029 0.885 0.021 0.003 0.015 
511 HI_SS0302    (0)    8 :  0.009 0.020 0.017 0.135 0.033 0.018 0.769 
512 HI_SS0303    (0)    8 :  0.017 0.018 0.050 0.012 0.009 0.006 0.886 
513 HI_SS0304    (0)    8 :  0.402 0.019 0.177 0.034 0.020 0.003 0.344 
514 HI_SS0306    (5)    8 :  0.009 0.005 0.004 0.007 0.004 0.003 0.968 
