   NS_SS0963  1 0.0153 0.0260 0.0056 0.1586 0.0194 0.7278 0.0472 
   NS_SS0983  1 0.0036 0.0105 0.0037 0.8305 0.0155 0.0080 0.1282 
   NS_SS0719  1 0.0210 0.1872 0.0061 0.3080 0.0556 0.4053 0.0168 
   NS_SS1001  1 0.8066 0.0101 0.0055 0.0221 0.0670 0.0073 0.0814 
   NS_SS0936  1 0.1019 0.6870 0.0033 0.0437 0.0147 0.1082 0.0413 
   NS_SS0955  1 0.0353 0.1824 0.0039 0.0705 0.3987 0.1646 0.1447 
   NS_SS0944  1 0.0221 0.0627 0.0024 0.0416 0.8002 0.0424 0.0285 
   NS_SS0945  1 0.6493 0.0682 0.0124 0.1231 0.1163 0.0104 0.0203 
   NS_SS0922  1 0.2218 0.2124 0.0306 0.1172 0.0098 0.3948 0.0134 
   NS_SS0929  1 0.1623 0.5291 0.0027 0.0693 0.0443 0.0929 0.0994 
   NS_SS0956  1 0.9063 0.0064 0.0039 0.0245 0.0196 0.0212 0.0181 
   NS_SS0906  1 0.0562 0.0700 0.0033 0.3069 0.0202 0.1524 0.3909 
   NS_SS0721  1 0.0099 0.0063 0.0038 0.9205 0.0060 0.0244 0.0292 
   NS_SS0982  1 0.0274 0.0153 0.0152 0.0073 0.0070 0.9107 0.0172 
   NS_SS0923  1 0.1525 0.0168 0.0056 0.6060 0.0164 0.0749 0.1277 
   NS_SS0905  1 0.0209 0.0527 0.0026 0.0981 0.0309 0.1469 0.6479 
   NS_SS0925  1 0.0125 0.0324 0.0038 0.0260 0.0058 0.0134 0.9061 
   NS_SS0947  1 0.4398 0.3510 0.0046 0.0166 0.0126 0.0205 0.1550 
   NS_SS0926  1 0.0109 0.2336 0.0011 0.0670 0.3493 0.3315 0.0066 
   NS_SS0918  1 0.0986 0.0118 0.0023 0.0881 0.1031 0.0335 0.6625 
   NS_SS0966  1 0.0404 0.4867 0.0476 0.0633 0.0771 0.1809 0.1040 
   NS_SS0938  1 0.1943 0.1890 0.0016 0.0391 0.0190 0.5508 0.0061 
   NS_SS0917  1 0.0357 0.2335 0.0377 0.1768 0.0176 0.4814 0.0173 
   NS_SS0957  1 0.8306 0.0058 0.0070 0.0193 0.0323 0.0632 0.0417 
   NS_SS0987  1 0.3181 0.0124 0.2382 0.0946 0.0233 0.0096 0.3038 
   NS_SS0717  1 0.5372 0.0982 0.0030 0.2840 0.0247 0.0219 0.0310 
   NS_SS0986  1 0.0146 0.0049 0.0029 0.9507 0.0158 0.0077 0.0034 
   NS_SS0953  1 0.0163 0.0467 0.0185 0.0354 0.0135 0.0086 0.8611 
   NS_SS0907  1 0.0164 0.3904 0.0474 0.2214 0.0142 0.1032 0.2069 
   NS_SS0974  1 0.0343 0.8987 0.0029 0.0109 0.0158 0.0182 0.0193 
   NS_SS0989  1 0.0138 0.5353 0.0013 0.0207 0.1188 0.0814 0.2286 
   NS_SS0991  1 0.0129 0.0201 0.0023 0.6068 0.2768 0.0155 0.0656 
   NS_SS0994  1 0.0168 0.8735 0.0019 0.0239 0.0651 0.0058 0.0131 
   NS_SS0931  1 0.0077 0.0568 0.0110 0.0468 0.8584 0.0099 0.0094 
   NS_SS1000  1 0.7445 0.0446 0.0043 0.1410 0.0109 0.0433 0.0114 
   NS_SS0919  1 0.0054 0.0134 0.0031 0.7872 0.0520 0.1234 0.0155 
   NS_SS0949  1 0.0149 0.4117 0.0014 0.0156 0.4618 0.0458 0.0488 
   NS_SS0960  1 0.0223 0.0290 0.0080 0.0419 0.7048 0.0520 0.1420 
   NS_SS0716  1 0.9541 0.0051 0.0063 0.0166 0.0075 0.0049 0.0055 
   NS_SS0924  1 0.1457 0.0700 0.0195 0.4019 0.2287 0.0608 0.0735 
   NS_SS0935  1 0.0174 0.0178 0.0081 0.0222 0.2579 0.0100 0.6665 
   NS_SS0952  1 0.0365 0.0311 0.0462 0.0261 0.7782 0.0479 0.0340 
   NS_SS0962  1 0.0884 0.2983 0.0091 0.2610 0.0206 0.2793 0.0434 
   NS_SS0973  1 0.0081 0.0403 0.0042 0.0314 0.0103 0.0486 0.8570 
   NS_SS0722  1 0.7663 0.0545 0.0026 0.1320 0.0067 0.0186 0.0192 
   NS_SS0979  1 0.6764 0.1060 0.0024 0.0483 0.0124 0.1382 0.0163 
   NS_SS0993  1 0.0218 0.1942 0.0158 0.0296 0.0096 0.0172 0.7118 
   NS_SS0958  1 0.0986 0.0176 0.0024 0.0127 0.8424 0.0135 0.0129 
   NS_SS0988  1 0.0216 0.3330 0.0051 0.0692 0.0186 0.3493 0.2033 
   NS_SS1003  1 0.0075 0.0080 0.0088 0.0074 0.0111 0.9502 0.0070 
   NS_SS0976  1 0.0333 0.1277 0.0021 0.0495 0.7340 0.0175 0.0360 
   NS_SS0964  1 0.7629 0.1807 0.0026 0.0180 0.0108 0.0087 0.0163 
   NS_SS0939  1 0.9500 0.0095 0.0052 0.0044 0.0067 0.0080 0.0161 
   NS_SS0990  1 0.4084 0.0704 0.0031 0.0685 0.0169 0.4243 0.0084 
   NS_SS0984  1 0.8231 0.1102 0.0021 0.0213 0.0087 0.0252 0.0094 
   NS_SS0980  1 0.0091 0.0200 0.0021 0.0124 0.0066 0.0152 0.9347 
   NS_SS0978  1 0.0218 0.0048 0.0026 0.0087 0.0051 0.9202 0.0368 
   NS_SS0951  1 0.0309 0.0081 0.0029 0.0482 0.0791 0.0153 0.8155 
   NS_SS0913  1 0.5278 0.0184 0.0459 0.2981 0.0235 0.0401 0.0463 
   NS_SS1002  1 0.0070 0.0154 0.0285 0.1304 0.0074 0.7951 0.0162 
   NS_SS0948  1 0.1632 0.2382 0.0563 0.1610 0.1434 0.2058 0.0322 
   NS_SS0916  1 0.0735 0.0221 0.0052 0.0073 0.0167 0.5451 0.3301 
   NS_SS0995  1 0.0384 0.0391 0.0028 0.0756 0.0059 0.0932 0.7450 
   NS_SS0927  1 0.0139 0.0748 0.0051 0.1089 0.0082 0.7749 0.0142 
   NS_SS0992  1 0.0141 0.1797 0.0033 0.0173 0.0203 0.5196 0.2457 
   NS_SS0912  1 0.0244 0.0108 0.0024 0.8960 0.0458 0.0125 0.0081 
   NS_SS0981  1 0.0562 0.0250 0.0041 0.3612 0.0408 0.4331 0.0795 
   NS_SS0729  2 0.0057 0.9416 0.0025 0.0110 0.0173 0.0068 0.0149 
   NS_SS0967  2 0.0254 0.2829 0.0145 0.4746 0.0206 0.1738 0.0083 
   NS_SS0941  2 0.1238 0.3030 0.0920 0.1815 0.0328 0.0716 0.1955 
   NS_SS0768  2 0.4570 0.0829 0.0057 0.2417 0.0410 0.1132 0.0585 
   NS_SS0726  2 0.0329 0.7411 0.0105 0.0132 0.0406 0.1149 0.0467 
   NS_SS0763  2 0.1863 0.3744 0.0026 0.1161 0.0876 0.1733 0.0597 
   NS_SS0730  2 0.5983 0.1745 0.0045 0.0564 0.0458 0.0610 0.0595 
   NS_SS0774  2 0.9449 0.0114 0.0008 0.0070 0.0059 0.0115 0.0185 
   NS_SS0723  2 0.0394 0.0223 0.0017 0.0815 0.0088 0.1171 0.7292 
   NS_SS0940  2 0.0286 0.2605 0.0069 0.3626 0.0472 0.0608 0.2334 
   NS_SS0762  2 0.9098 0.0130 0.0030 0.0117 0.0070 0.0163 0.0392 
   NS_SS0766  2 0.5850 0.0467 0.0180 0.1287 0.1445 0.0534 0.0237 
   NS_SS0724  2 0.4222 0.3115 0.0046 0.1958 0.0210 0.0077 0.0372 
   NS_SS0769  2 0.1164 0.0404 0.0046 0.4424 0.0112 0.3620 0.0230 
   NS_SS0777  2 0.0497 0.0165 0.0145 0.2744 0.4013 0.1901 0.0534 
   NS_SS0734  2 0.2005 0.0445 0.0319 0.2522 0.2464 0.1594 0.0651 
   NS_SS0737  2 0.7210 0.0491 0.0072 0.0115 0.0121 0.1805 0.0186 
   NS_SS0732  2 0.0130 0.0067 0.0047 0.0088 0.0040 0.0103 0.9525 
   NS_SS0728  2 0.0811 0.1434 0.0129 0.4270 0.0132 0.0843 0.2381 
   NS_SS0735  2 0.0249 0.0557 0.0092 0.4017 0.0095 0.0093 0.4897 
   NS_SS0725  2 0.4976 0.4371 0.0097 0.0130 0.0094 0.0283 0.0049 
   NS_SS0788  2 0.0301 0.4846 0.0017 0.0117 0.0125 0.3974 0.0620 
   NS_SS0778  2 0.0261 0.0234 0.0014 0.2281 0.0208 0.6283 0.0718 
   NS_SS0792  2 0.0137 0.0779 0.0055 0.0197 0.0145 0.8354 0.0332 
   NS_SS0943  2 0.0120 0.2930 0.0072 0.0757 0.3846 0.0452 0.1822 
   NS_SS0791  2 0.0591 0.0209 0.0158 0.0333 0.0733 0.1702 0.6273 
   NS_SS0790  2 0.8406 0.0094 0.0040 0.0367 0.0039 0.0092 0.0963 
   NS_SS0731  2 0.0541 0.0253 0.0107 0.8878 0.0106 0.0045 0.0072 
   NS_SS0727  2 0.1859 0.7032 0.0021 0.0247 0.0440 0.0142 0.0259 
   NS_SS0779  2 0.1350 0.0261 0.0078 0.3214 0.0593 0.1350 0.3155 
   NS_SS0776  2 0.3920 0.0267 0.0085 0.1198 0.3397 0.0274 0.0859 
   NS_SS0775  2 0.9414 0.0124 0.0066 0.0095 0.0069 0.0129 0.0102 
   NS_SS0965  3 0.0129 0.0079 0.0015 0.9229 0.0249 0.0149 0.0151 
   NS_SS0754  3 0.0748 0.0190 0.0133 0.5010 0.0784 0.1202 0.1932 
   NS_SS0838  3 0.3636 0.2434 0.0555 0.1682 0.0728 0.0680 0.0285 
   NS_SS0839  3 0.9196 0.0383 0.0034 0.0080 0.0049 0.0079 0.0179 
   NS_SS0832  3 0.0213 0.0119 0.0466 0.7456 0.0047 0.1181 0.0517 
   NS_SS0820  3 0.2183 0.0104 0.0069 0.5851 0.0055 0.1670 0.0068 
   NS_SS0886  3 0.0202 0.0961 0.0020 0.5019 0.1599 0.1096 0.1103 
   NS_SS0748  3 0.0520 0.0261 0.0087 0.1575 0.6841 0.0456 0.0260 
   NS_SS0884  3 0.2752 0.1343 0.0272 0.0276 0.0330 0.3366 0.1660 
   NS_SS0752  3 0.0227 0.0549 0.0023 0.0121 0.0154 0.0104 0.8823 
   NS_SS0862  3 0.0412 0.0143 0.0048 0.0496 0.0075 0.0255 0.8571 
   NS_SS0787  3 0.0217 0.0699 0.0091 0.0160 0.8237 0.0415 0.0181 
   NS_SS0843  3 0.0424 0.2672 0.0017 0.2490 0.0103 0.0468 0.3826 
   NS_SS0856  3 0.0359 0.3387 0.0029 0.1222 0.0108 0.4826 0.0069 
   NS_SS0846  3 0.0080 0.7095 0.0030 0.0284 0.0709 0.1680 0.0123 
   NS_SS0825  3 0.0329 0.6433 0.0099 0.0966 0.0242 0.1853 0.0078 
   NS_SS0757  3 0.0356 0.0092 0.0036 0.0678 0.0207 0.0305 0.8326 
   NS_SS0876  3 0.0142 0.0392 0.2145 0.3076 0.0123 0.0943 0.3179 
   NS_SS0903  3 0.0095 0.0243 0.0022 0.0087 0.0046 0.0082 0.9425 
   NS_SS0875  3 0.1870 0.0849 0.0027 0.5992 0.0155 0.0955 0.0152 
   NS_SS0740  3 0.0176 0.0975 0.0032 0.1186 0.0085 0.0264 0.7284 
   NS_SS0811  3 0.6719 0.0065 0.0087 0.0572 0.0162 0.0177 0.2219 
   NS_SS0751  3 0.0954 0.2735 0.0028 0.0256 0.0874 0.4625 0.0528 
   NS_SS0891  3 0.5348 0.3522 0.0068 0.0336 0.0170 0.0345 0.0210 
   NS_SS0867  3 0.0064 0.0270 0.0182 0.0255 0.0274 0.8525 0.0429 
   NS_SS0890  3 0.0918 0.0640 0.0026 0.0252 0.0239 0.4493 0.3432 
   NS_SS0866  3 0.0166 0.0703 0.0057 0.0460 0.0422 0.8048 0.0144 
   NS_SS0755  3 0.3591 0.0402 0.0075 0.0342 0.0307 0.5088 0.0194 
   NS_SS0758  3 0.0126 0.0168 0.0018 0.9334 0.0129 0.0144 0.0082 
   NS_SS0840  3 0.6718 0.0447 0.0029 0.1736 0.0105 0.0601 0.0365 
   NS_SS0889  3 0.0385 0.1030 0.0033 0.2269 0.4050 0.0453 0.1780 
   NS_SS1010  3 0.2161 0.0268 0.0394 0.1156 0.0496 0.5315 0.0211 
   NS_SS0888  3 0.0873 0.0437 0.0020 0.0216 0.2463 0.4184 0.1808 
   NS_SS0837  3 0.1046 0.0549 0.0030 0.4298 0.0402 0.1313 0.2362 
   NS_SS0794  3 0.0487 0.0182 0.0023 0.0242 0.8725 0.0202 0.0139 
   NS_SS0823  3 0.0987 0.0720 0.0048 0.3148 0.0063 0.2008 0.3025 
   NS_SS0829  3 0.0389 0.0160 0.1204 0.2075 0.3599 0.0133 0.2440 
   NS_SS0844  3 0.0980 0.3550 0.0026 0.1038 0.0083 0.1860 0.2464 
   NS_SS1008  3 0.3404 0.1497 0.0156 0.0255 0.3082 0.0228 0.1378 
   NS_SS0881  3 0.1713 0.4000 0.0033 0.0692 0.2185 0.1177 0.0200 
   NS_SS0834  3 0.4894 0.4025 0.0068 0.0118 0.0094 0.0727 0.0074 
   NS_SS0744  3 0.0267 0.0287 0.0079 0.4189 0.0160 0.2525 0.2492 
   NS_SS0899  3 0.0682 0.0075 0.0013 0.0169 0.0045 0.0101 0.8914 
   NS_SS0804  3 0.0931 0.0237 0.0041 0.6841 0.0058 0.1037 0.0854 
   NS_SS0781  3 0.0274 0.0219 0.0029 0.8202 0.0065 0.0943 0.0269 
   NS_SS0822  3 0.0098 0.1325 0.0022 0.0097 0.7744 0.0249 0.0465 
   NS_SS1004  3 0.0362 0.0395 0.0045 0.3639 0.0784 0.2823 0.1952 
   NS_SS0746  3 0.0330 0.0335 0.0111 0.8920 0.0128 0.0109 0.0067 
   NS_SS0880  3 0.1415 0.2355 0.0018 0.0205 0.4033 0.0418 0.1556 
   NS_SS0879  3 0.8090 0.0757 0.0128 0.0169 0.0154 0.0558 0.0145 
   NS_SS0753  3 0.0072 0.0112 0.0086 0.0358 0.0164 0.0234 0.8974 
   NS_SS1007  3 0.0256 0.4265 0.0015 0.0229 0.0131 0.4924 0.0179 
   NS_SS0872  3 0.1311 0.1620 0.0026 0.0943 0.0365 0.5560 0.0177 
   NS_SS1005  3 0.1501 0.1390 0.0012 0.4833 0.0241 0.1383 0.0639 
   NS_SS0892  3 0.1067 0.0228 0.0023 0.0439 0.0376 0.7376 0.0490 
   NS_SS0898  3 0.0717 0.0217 0.0068 0.0187 0.8278 0.0434 0.0099 
   NS_SS0801  3 0.0233 0.0110 0.0088 0.9213 0.0052 0.0104 0.0198 
   NS_SS0827  3 0.2189 0.0200 0.1209 0.0786 0.4400 0.0629 0.0589 
   NS_SS0853  3 0.9532 0.0052 0.0048 0.0170 0.0048 0.0064 0.0086 
   NS_SS0780  3 0.0410 0.0351 0.0033 0.7883 0.0062 0.0809 0.0452 
   NS_SS0826  3 0.0134 0.6599 0.0038 0.2061 0.0859 0.0243 0.0066 
   NS_SS0818  3 0.0220 0.0923 0.0016 0.0235 0.0240 0.8069 0.0298 
   NS_SS0745  3 0.9597 0.0043 0.0015 0.0093 0.0131 0.0071 0.0049 
   NS_SS0849  3 0.0204 0.0318 0.0014 0.3918 0.0236 0.0326 0.4985 
   NS_SS0739  3 0.0455 0.0242 0.0130 0.0256 0.0278 0.7107 0.1532 
   NS_SS0799  3 0.0217 0.0454 0.0011 0.0166 0.0905 0.0280 0.7967 
   NS_SS0756  3 0.0214 0.0116 0.0036 0.0739 0.0105 0.7598 0.1192 
   NS_SS0802  3 0.0082 0.3365 0.1932 0.2124 0.0104 0.2202 0.0190 
   NS_SS0747  3 0.0184 0.0338 0.0051 0.1434 0.0059 0.0564 0.7371 
   NS_SS0835  3 0.0090 0.3211 0.0011 0.0620 0.0250 0.5714 0.0104 
   NS_SS0742  3 0.0137 0.0247 0.0011 0.1099 0.0123 0.7667 0.0715 
   NS_SS0760  3 0.0150 0.0102 0.0508 0.1400 0.7299 0.0464 0.0076 
   NS_SS0803  3 0.0320 0.0338 0.0081 0.6430 0.0089 0.0142 0.2601 
   NS_SS0828  3 0.0507 0.0137 0.0015 0.0380 0.1086 0.0250 0.7625 
   NS_SS0865  3 0.0392 0.0199 0.0245 0.0158 0.0072 0.8569 0.0366 
   NS_SS0759  3 0.0754 0.0139 0.0048 0.4040 0.0162 0.3809 0.1047 
   NS_SS0851  3 0.9537 0.0049 0.0120 0.0081 0.0100 0.0062 0.0051 
   NS_SS0874  3 0.0139 0.0170 0.0012 0.0077 0.0050 0.0055 0.9497 
   NS_SS0761  3 0.0104 0.0097 0.0026 0.6827 0.2532 0.0101 0.0313 
   NS_SS0842  3 0.4925 0.2605 0.0089 0.0257 0.1691 0.0173 0.0261 
   NS_SS0785  3 0.0147 0.0274 0.0050 0.8134 0.0147 0.0357 0.0892 
   NS_SS0860  3 0.0160 0.1248 0.0025 0.1276 0.0079 0.6836 0.0375 
   NS_SS0897  3 0.0081 0.0169 0.0017 0.0109 0.9389 0.0121 0.0114 
   NS_SS0841  3 0.5727 0.0131 0.0040 0.0648 0.0623 0.0456 0.2374 
   NS_SS0797  3 0.0205 0.0098 0.0242 0.0257 0.9018 0.0123 0.0057 
   NS_SS0830  3 0.1103 0.0998 0.0027 0.0522 0.2198 0.0782 0.4369 
   NS_SS1011  3 0.0214 0.0404 0.0074 0.0394 0.0063 0.8707 0.0144 
   NS_SS0883  3 0.0429 0.0267 0.0047 0.0969 0.0148 0.0180 0.7959 
   NS_SS0782  3 0.1412 0.1244 0.0020 0.6974 0.0157 0.0079 0.0113 
   NS_SS0831  3 0.0200 0.0462 0.0031 0.5187 0.1335 0.0198 0.2588 
   NS_SS0749  3 0.0098 0.0085 0.0038 0.0865 0.0165 0.0138 0.8610 
   NS_SS0854  3 0.0119 0.4746 0.0025 0.3886 0.0273 0.0110 0.0841 
   HI_SS0193  4 0.0779 0.1880 0.0017 0.0088 0.6772 0.0109 0.0355 
   HI_SS0194  4 0.5265 0.4114 0.0019 0.0225 0.0171 0.0117 0.0090 
   HI_SS0195  4 0.1732 0.0129 0.0977 0.6396 0.0081 0.0465 0.0221 
   HI_SS0196  4 0.4055 0.0234 0.0028 0.4968 0.0179 0.0083 0.0452 
   HI_SS0197  4 0.0094 0.0117 0.0085 0.0469 0.0026 0.9168 0.0041 
   HI_SS0198  4 0.0259 0.0089 0.0088 0.0190 0.0280 0.0202 0.8892 
   HI_SS0199  4 0.0113 0.1569 0.0023 0.0147 0.0168 0.7528 0.0451 
   HI_SS0201  4 0.0077 0.0564 0.0024 0.0198 0.8711 0.0242 0.0185 
   HI_SS0215  4 0.0060 0.0338 0.0032 0.9196 0.0109 0.0189 0.0075 
   HI_SS0218  4 0.0194 0.0081 0.0056 0.0076 0.9449 0.0079 0.0064 
   HI_SS0222  4 0.0451 0.0362 0.0045 0.8730 0.0081 0.0116 0.0216 
   HI_SS0230  4 0.0386 0.0139 0.0056 0.4675 0.0132 0.2690 0.1922 
   HI_SS0234  4 0.0108 0.5044 0.1421 0.0922 0.0128 0.2128 0.0248 
   HI_SS0240  4 0.5435 0.0466 0.0102 0.0482 0.0161 0.3092 0.0262 
   HI_SS0241  4 0.0270 0.0499 0.0022 0.0172 0.2188 0.6776 0.0073 
   HI_SS0242  4 0.0567 0.0395 0.0029 0.0780 0.4031 0.3177 0.1021 
   HI_SS0247  4 0.0130 0.0128 0.0247 0.0202 0.0322 0.0644 0.8328 
   HI_SS0248  4 0.0093 0.1001 0.0008 0.0141 0.7832 0.0093 0.0833 
   HI_SS0252  4 0.0409 0.0203 0.0021 0.8764 0.0101 0.0136 0.0366 
   HI_SS0254  4 0.0062 0.2306 0.0949 0.0235 0.3354 0.2237 0.0856 
   HI_SS0256  4 0.4087 0.0998 0.0018 0.0167 0.0031 0.4258 0.0441 
   HI_SS0257  4 0.0074 0.1595 0.0038 0.0633 0.0241 0.3987 0.3432 
   HI_SS0258  4 0.0400 0.0646 0.0059 0.0409 0.8173 0.0166 0.0147 
   HI_SS0259  4 0.0196 0.0432 0.0026 0.0071 0.0205 0.8857 0.0212 
   HI_SS0260  4 0.1444 0.5420 0.0017 0.0334 0.1363 0.0423 0.0999 
   HI_SS0261  4 0.0792 0.7609 0.0032 0.0240 0.0488 0.0467 0.0372 
   HI_SS0262  4 0.0259 0.0395 0.0066 0.0131 0.0091 0.8317 0.0741 
   HI_SS0264  4 0.6804 0.0282 0.0038 0.1957 0.0338 0.0284 0.0296 
   HI_SS0265  4 0.0611 0.3273 0.1048 0.0472 0.0052 0.4392 0.0152 
   HI_SS0268  4 0.1110 0.0077 0.0031 0.0479 0.7525 0.0659 0.0120 
   HI_SS0269  4 0.0070 0.7630 0.0017 0.0250 0.0827 0.1100 0.0107 
   HI_SS0273  4 0.0160 0.0297 0.0018 0.0110 0.6234 0.3061 0.0119 
   HI_SS0277  4 0.0089 0.0363 0.0027 0.0870 0.0098 0.8462 0.0091 
   HI_SS0280  4 0.2691 0.0197 0.0064 0.2892 0.1740 0.0294 0.2123 
   HI_SS0282  4 0.0056 0.0222 0.0013 0.0112 0.0265 0.0107 0.9225 
   HI_SS0286  4 0.0171 0.1418 0.0068 0.7392 0.0608 0.0165 0.0177 
   NS_SS1252  5 0.0164 0.3532 0.0039 0.2895 0.2442 0.0472 0.0456 
   NS_SS1261  5 0.0391 0.1589 0.0242 0.2512 0.0261 0.3755 0.1249 
   NS_SS1225  5 0.0130 0.0393 0.0818 0.0206 0.0227 0.0833 0.7394 
   NS_SS1266  5 0.5393 0.0190 0.0104 0.0410 0.0068 0.3167 0.0669 
   NS_SS1228  5 0.0884 0.1113 0.0152 0.0100 0.0184 0.0265 0.7302 
   NS_SS1255  5 0.1072 0.8280 0.0013 0.0147 0.0132 0.0092 0.0265 
   NS_SS1267  5 0.0149 0.1809 0.0211 0.0202 0.6956 0.0423 0.0251 
   NS_SS1238  5 0.0158 0.0112 0.0028 0.0129 0.9264 0.0119 0.0191 
   NS_SS1233  5 0.0629 0.0081 0.0025 0.0526 0.8308 0.0093 0.0338 
   NS_SS1277  5 0.0222 0.0325 0.0011 0.0057 0.9219 0.0070 0.0097 
   NS_SS1245  5 0.0309 0.1123 0.0021 0.4929 0.0794 0.0170 0.2654 
   NS_SS1240  5 0.0060 0.1860 0.0020 0.7571 0.0308 0.0110 0.0072 
   NS_SS1275  5 0.0991 0.2002 0.0030 0.0158 0.0067 0.6702 0.0050 
   NS_SS1235  5 0.0351 0.9116 0.0049 0.0100 0.0115 0.0196 0.0073 
   NS_SS1263  5 0.2650 0.1380 0.0010 0.0158 0.0177 0.0083 0.5541 
   NS_SS1251  5 0.0241 0.8292 0.0014 0.0803 0.0108 0.0090 0.0452 
   NS_SS1248  5 0.0373 0.0049 0.1116 0.0938 0.7250 0.0097 0.0178 
   NS_SS1244  5 0.0096 0.0357 0.0052 0.0094 0.7418 0.1691 0.0291 
   NS_SS1257  5 0.0199 0.2005 0.0397 0.2652 0.3414 0.0702 0.0631 
   NS_SS1242  5 0.7171 0.1526 0.0026 0.0528 0.0113 0.0478 0.0159 
   NS_SS1271  5 0.0111 0.0132 0.0339 0.0106 0.9010 0.0125 0.0178 
   NS_SS1265  5 0.0437 0.0235 0.0150 0.8050 0.0878 0.0163 0.0087 
   NS_SS1243  5 0.2486 0.0080 0.0925 0.4719 0.0757 0.0268 0.0766 
   NS_SS1273  5 0.8631 0.0108 0.0114 0.0075 0.0151 0.0886 0.0034 
   NS_SS1254  5 0.8101 0.0301 0.0061 0.0100 0.0073 0.1115 0.0250 
   NS_SS1224  5 0.0433 0.0194 0.0092 0.5883 0.0078 0.0641 0.2679 
   NS_SS1227  5 0.1734 0.2823 0.0015 0.0090 0.0206 0.4690 0.0442 
   NS_SS1274  5 0.0296 0.0160 0.0120 0.0132 0.0352 0.0060 0.8881 
   NS_SS1241  5 0.0084 0.0110 0.0010 0.0071 0.9446 0.0143 0.0135 
   NS_SS1256  5 0.1376 0.0532 0.0420 0.2484 0.2777 0.2334 0.0077 
   NS_SS1260  5 0.0250 0.4213 0.0875 0.0721 0.0428 0.2756 0.0756 
   NS_SS1262  5 0.0656 0.2960 0.1872 0.0563 0.1390 0.0911 0.1648 
   NS_SS1230  5 0.1884 0.0140 0.0093 0.1240 0.6041 0.0244 0.0359 
   NS_SS1270  5 0.0082 0.0073 0.0022 0.8978 0.0088 0.0172 0.0584 
   NS_SS1229  5 0.0075 0.7037 0.0042 0.0285 0.0036 0.2291 0.0234 
   NS_SS1246  5 0.0091 0.9339 0.0031 0.0083 0.0186 0.0095 0.0176 
   NS_SS1269  5 0.1164 0.0200 0.0023 0.5394 0.0567 0.2550 0.0103 
   NS_SS1239  5 0.0112 0.0231 0.0040 0.0095 0.0071 0.2070 0.7380 
   NS_SS1272  5 0.0127 0.8957 0.0062 0.0163 0.0087 0.0560 0.0044 
   NS_SS1268  5 0.0500 0.0102 0.0024 0.0128 0.0135 0.0191 0.8921 
   NS_SS1249  5 0.0488 0.2923 0.0141 0.0364 0.5600 0.0325 0.0159 
   HI_SS0559  6 0.1060 0.0248 0.0017 0.0457 0.1123 0.0101 0.6995 
   HI_SS0563  6 0.0282 0.0871 0.0027 0.3945 0.2493 0.0512 0.1870 
   HI_SS0564  6 0.0273 0.0702 0.0423 0.0120 0.0139 0.0557 0.7786 
   HI_SS0565  6 0.0253 0.7514 0.0030 0.0337 0.0158 0.1538 0.0170 
   HI_SS0569  6 0.0051 0.0162 0.0024 0.8274 0.1049 0.0131 0.0309 
   HI_SS0570  6 0.0306 0.1115 0.0364 0.0256 0.7478 0.0331 0.0151 
   HI_SS0572  6 0.0257 0.9354 0.0023 0.0097 0.0040 0.0087 0.0142 
   HI_SS0576  6 0.1984 0.0161 0.0061 0.0388 0.0726 0.1576 0.5104 
   HI_SS0579  6 0.0068 0.0719 0.0136 0.1342 0.0315 0.0095 0.7324 
   HI_SS0580  6 0.3955 0.1260 0.0047 0.1588 0.0729 0.1768 0.0653 
   HI_SS0581  6 0.1152 0.1195 0.0672 0.0758 0.0058 0.5995 0.0170 
   HI_SS0583  6 0.0531 0.7932 0.0027 0.0837 0.0287 0.0307 0.0078 
   HI_SS0586  6 0.0187 0.0166 0.0011 0.0662 0.8686 0.0086 0.0203 
   HI_SS0588  6 0.0179 0.0134 0.0141 0.7681 0.1280 0.0450 0.0136 
   HI_SS0595  6 0.0425 0.0340 0.0275 0.0208 0.6427 0.2073 0.0254 
   HI_SS0596  6 0.0708 0.8939 0.0020 0.0064 0.0053 0.0066 0.0151 
   HI_SS0597  6 0.1684 0.1649 0.0028 0.5546 0.0200 0.0714 0.0178 
   HI_SS0600  6 0.0068 0.0107 0.0029 0.0376 0.0194 0.8998 0.0228 
   HI_SS0601  6 0.0032 0.0179 0.0104 0.0101 0.0093 0.0088 0.9403 
   HI_SS0602  6 0.0222 0.0079 0.0022 0.8926 0.0131 0.0499 0.0121 
   HI_SS0604  6 0.0157 0.0290 0.0021 0.9136 0.0115 0.0047 0.0234 
   HI_SS0605  6 0.0223 0.0118 0.0058 0.8034 0.0173 0.1264 0.0130 
   HI_SS0608  6 0.4189 0.0711 0.0014 0.0081 0.1365 0.0102 0.3539 
   HI_SS0609  6 0.1185 0.0828 0.0011 0.2835 0.0309 0.4054 0.0779 
   HI_SS0611  6 0.1148 0.0197 0.0033 0.0368 0.0270 0.0110 0.7874 
   HI_SS0612  6 0.0067 0.0139 0.0054 0.0126 0.0116 0.8929 0.0568 
   HI_SS0613  6 0.1294 0.0133 0.0017 0.4309 0.0217 0.0616 0.3414 
   HI_SS0615  6 0.0606 0.0157 0.0115 0.0111 0.0115 0.3566 0.5330 
   HI_SS0001  6 0.1992 0.0406 0.0043 0.0867 0.1585 0.4991 0.0115 
   HI_SS0002  6 0.0168 0.1383 0.0253 0.0244 0.0084 0.7697 0.0171 
   HI_SS0004  6 0.5306 0.2698 0.0056 0.0204 0.1498 0.0152 0.0085 
   HI_SS0005  6 0.0573 0.0096 0.0065 0.1160 0.2948 0.3957 0.1200 
   HI_SS0006  6 0.0089 0.0191 0.0017 0.4693 0.0180 0.4196 0.0634 
   HI_SS0007  6 0.0223 0.0151 0.0033 0.0332 0.8848 0.0086 0.0328 
   HI_SS0008  6 0.0108 0.0618 0.0381 0.0725 0.0331 0.7299 0.0538 
   HI_SS0009  6 0.4288 0.0612 0.0039 0.0335 0.0320 0.0084 0.4321 
   HI_SS0010  6 0.0257 0.0522 0.0034 0.0221 0.7663 0.0685 0.0616 
   HI_SS0011  6 0.1277 0.2389 0.1021 0.0778 0.2379 0.1783 0.0373 
   HI_SS0012  6 0.0244 0.0566 0.0078 0.0502 0.0068 0.1850 0.6693 
   HI_SS0017  6 0.7003 0.2740 0.0015 0.0053 0.0093 0.0056 0.0040 
   HI_SS0021  6 0.0611 0.4216 0.2302 0.0714 0.0985 0.1111 0.0061 
   HI_SS0024  6 0.3298 0.0765 0.0021 0.0155 0.0756 0.4867 0.0137 
   HI_SS0025  6 0.8861 0.0457 0.0033 0.0263 0.0083 0.0104 0.0198 
   HI_SS0027  6 0.0051 0.0071 0.0092 0.0111 0.0544 0.0043 0.9090 
   HI_SS0028  6 0.6349 0.0110 0.0021 0.0267 0.0129 0.2793 0.0332 
   HI_SS0029  6 0.6938 0.1515 0.0086 0.0301 0.0225 0.0098 0.0837 
   HI_SS0030  6 0.0454 0.4180 0.0053 0.1476 0.0831 0.1168 0.1837 
   HI_SS0031  6 0.0171 0.0498 0.0031 0.1438 0.0445 0.7152 0.0265 
   HI_SS0034  6 0.0103 0.0166 0.0033 0.7855 0.0688 0.0111 0.1044 
   HI_SS0036  6 0.0173 0.0109 0.0164 0.0230 0.8441 0.0758 0.0125 
   HI_SS0037  6 0.2371 0.0276 0.0045 0.0554 0.6107 0.0286 0.0362 
   HI_SS0039  6 0.0986 0.0271 0.0034 0.0693 0.5953 0.1930 0.0134 
   HI_SS0041  6 0.8826 0.0302 0.0018 0.0128 0.0037 0.0217 0.0472 
   HI_SS0042  6 0.2077 0.1710 0.1215 0.3725 0.0106 0.0885 0.0283 
   HI_SS0043  6 0.0077 0.0161 0.0033 0.0126 0.8740 0.0152 0.0712 
   HI_SS0044  6 0.8473 0.0239 0.0034 0.0136 0.0947 0.0110 0.0061 
   HI_SS0047  6 0.0100 0.0275 0.0025 0.8782 0.0073 0.0272 0.0473 
   HI_SS0049  6 0.7062 0.1278 0.0036 0.0292 0.0714 0.0233 0.0384 
   HI_SS0051  6 0.0182 0.0134 0.0021 0.9229 0.0140 0.0069 0.0225 
   HI_SS0053  6 0.0399 0.3693 0.0059 0.0519 0.1283 0.2915 0.1131 
   HI_SS0054  6 0.0089 0.0583 0.0045 0.0564 0.8085 0.0173 0.0461 
   HI_SS0057  6 0.0973 0.0712 0.0042 0.1565 0.1296 0.1365 0.4047 
   HI_SS0058  6 0.0904 0.6741 0.0069 0.1006 0.0318 0.0208 0.0754 
   HI_SS0060  6 0.0118 0.0173 0.0996 0.0098 0.5795 0.2436 0.0384 
   HI_SS0087  6 0.0073 0.2054 0.0022 0.6517 0.0625 0.0498 0.0210 
   HI_SS0091  6 0.0058 0.0124 0.0010 0.0483 0.0249 0.8852 0.0223 
   HI_SS0095  6 0.0125 0.3944 0.0444 0.0259 0.0078 0.4480 0.0669 
   HI_SS0097  6 0.0055 0.0107 0.0034 0.0352 0.0099 0.0091 0.9262 
   HI_SS0099  6 0.6780 0.0726 0.0034 0.0224 0.0195 0.1960 0.0080 
   HI_SS0103  6 0.0397 0.4126 0.0042 0.0168 0.0055 0.5059 0.0154 
   HI_SS0105  6 0.0094 0.1468 0.0339 0.2637 0.0165 0.3307 0.1991 
   HI_SS0107  6 0.0452 0.8103 0.0013 0.0250 0.0057 0.0851 0.0274 
   HI_SS0108  6 0.0065 0.0283 0.0256 0.0733 0.8338 0.0082 0.0242 
   HI_SS0110  6 0.0638 0.4708 0.0010 0.0104 0.0079 0.4292 0.0168 
   HI_SS0111  6 0.0155 0.0232 0.0278 0.1067 0.0107 0.7904 0.0256 
   HI_SS0112  6 0.0050 0.0052 0.0014 0.0046 0.9702 0.0055 0.0081 
   HI_SS0113  6 0.0678 0.0405 0.0032 0.8503 0.0058 0.0214 0.0110 
   HI_SS0114  6 0.0472 0.0130 0.0061 0.6914 0.1820 0.0421 0.0182 
   HI_SS0115  6 0.4270 0.0108 0.0175 0.0171 0.0210 0.0275 0.4792 
   HI_SS0116  6 0.0789 0.8306 0.0031 0.0162 0.0162 0.0062 0.0488 
   HI_SS0117  6 0.0108 0.6979 0.0020 0.0679 0.2008 0.0128 0.0079 
   HI_SS0118  6 0.0474 0.5748 0.0113 0.2486 0.0316 0.0673 0.0191 
   HI_SS0119  6 0.0046 0.0302 0.0018 0.0080 0.0189 0.4507 0.4858 
   HI_SS0120  6 0.5257 0.4322 0.0028 0.0078 0.0078 0.0171 0.0066 
   HI_SS0121  6 0.1545 0.0110 0.0017 0.1078 0.0062 0.6836 0.0352 
   HI_SS0122  6 0.0233 0.0319 0.0176 0.0122 0.0578 0.8490 0.0081 
   HI_SS0123  6 0.0493 0.0519 0.0055 0.0240 0.0074 0.5673 0.2947 
   HI_SS0124  6 0.8312 0.0233 0.0035 0.0098 0.0138 0.0459 0.0725 
   HI_SS0125  6 0.0497 0.0076 0.0332 0.0494 0.0061 0.8442 0.0098 
   HI_SS0126  6 0.0182 0.0107 0.0010 0.0047 0.9500 0.0102 0.0053 
   HI_SS0127  6 0.0905 0.0139 0.0088 0.2360 0.0524 0.0158 0.5827 
   HI_SS0128  6 0.2167 0.0762 0.0037 0.0292 0.0582 0.5906 0.0254 
   HI_SS0129  6 0.1283 0.0497 0.0133 0.5076 0.2691 0.0204 0.0117 
   HI_SS0131  6 0.0106 0.0030 0.0259 0.0058 0.9322 0.0166 0.0059 
   HI_SS0132  6 0.0850 0.0213 0.0006 0.0454 0.1558 0.6385 0.0534 
   HI_SS0133  6 0.0026 0.0057 0.0012 0.0027 0.9817 0.0032 0.0030 
   HI_SS0134  6 0.0495 0.1482 0.0020 0.4275 0.1415 0.1989 0.0325 
   HI_SS0142  6 0.0161 0.0152 0.0129 0.7325 0.0070 0.2047 0.0116 
   HI_SS0145  6 0.0190 0.0318 0.0018 0.0209 0.0353 0.0630 0.8281 
   HI_SS0146  6 0.0100 0.0120 0.0012 0.0066 0.9479 0.0144 0.0079 
   HI_SS0147  6 0.0516 0.0168 0.0274 0.7049 0.0057 0.1148 0.0789 
   HI_SS0149  6 0.0114 0.0095 0.0033 0.0060 0.0616 0.9006 0.0077 
   HI_SS0150  6 0.7625 0.0628 0.0052 0.0373 0.0451 0.0586 0.0286 
   HI_SS0151  6 0.0099 0.1433 0.0104 0.0826 0.0598 0.0139 0.6801 
   NS_SS1451  6 0.7228 0.0116 0.0038 0.0167 0.0149 0.1579 0.0722 
   NS_SS1404  6 0.7441 0.0630 0.0132 0.0205 0.0155 0.1103 0.0334 
   NS_SS1432  6 0.3669 0.0137 0.0445 0.0202 0.0059 0.5202 0.0287 
   NS_SS1405  6 0.6674 0.1089 0.0034 0.0749 0.1170 0.0176 0.0108 
   NS_SS1431  6 0.4289 0.4601 0.0010 0.0165 0.0117 0.0711 0.0106 
   NS_SS1402  6 0.0714 0.5031 0.0027 0.0321 0.0306 0.2464 0.1136 
   NS_SS1450  6 0.2913 0.4249 0.0040 0.0709 0.1248 0.0309 0.0531 
   NS_SS1396  6 0.0332 0.0653 0.0069 0.0765 0.0465 0.5875 0.1841 
   NS_SS1393  6 0.0200 0.0881 0.0034 0.5653 0.0115 0.1068 0.2050 
   NS_SS1392  6 0.5309 0.3722 0.0209 0.0223 0.0127 0.0224 0.0186 
   NS_SS1445  6 0.0256 0.0670 0.0108 0.2709 0.0352 0.5142 0.0763 
   NS_SS1423  6 0.0076 0.5339 0.0013 0.0078 0.1057 0.3312 0.0125 
   NS_SS1421  6 0.0228 0.0237 0.0868 0.0052 0.7746 0.0223 0.0646 
   NS_SS1411  6 0.0893 0.0965 0.0016 0.4015 0.3580 0.0081 0.0450 
   NS_SS1453  6 0.0374 0.1896 0.0061 0.4721 0.0850 0.0949 0.1150 
   NS_SS1442  6 0.0293 0.3479 0.0037 0.5472 0.0287 0.0272 0.0159 
   NS_SS1422  6 0.0087 0.0656 0.0108 0.0077 0.0093 0.0471 0.8508 
   NS_SS1419  6 0.4332 0.0116 0.1515 0.0376 0.0233 0.0143 0.3286 
   NS_SS1427  6 0.0087 0.0322 0.0020 0.0093 0.9315 0.0111 0.0051 
   NS_SS1444  6 0.5640 0.0254 0.0034 0.3728 0.0090 0.0120 0.0135 
   NS_SS1455  6 0.4392 0.2949 0.0016 0.1275 0.0169 0.0254 0.0945 
   NS_SS1425  6 0.0047 0.0558 0.0018 0.0149 0.8107 0.0075 0.1047 
   NS_SS1400  6 0.0638 0.0349 0.0017 0.1153 0.7337 0.0160 0.0348 
   NS_SS1406  6 0.0452 0.0879 0.0122 0.0879 0.0085 0.1925 0.5659 
   NS_SS1417  6 0.5625 0.0635 0.0081 0.0235 0.2810 0.0381 0.0233 
   NS_SS1454  6 0.5979 0.0565 0.0016 0.0351 0.2682 0.0298 0.0109 
   NS_SS1412  6 0.0986 0.5771 0.0304 0.1125 0.0540 0.0959 0.0314 
   NS_SS1438  6 0.0120 0.0764 0.0015 0.7530 0.0670 0.0123 0.0779 
   NS_SS1416  6 0.2162 0.0207 0.0069 0.4197 0.0039 0.0564 0.2763 
   NS_SS1401  6 0.0155 0.0454 0.0155 0.0626 0.0500 0.7920 0.0190 
   NS_SS1424  6 0.0332 0.1503 0.0136 0.0950 0.1430 0.5016 0.0633 
   NS_SS1435  6 0.0605 0.0982 0.0026 0.1211 0.6763 0.0327 0.0087 
   NS_SS1447  6 0.3155 0.0476 0.0087 0.5658 0.0219 0.0250 0.0155 
   NS_SS1414  6 0.9417 0.0075 0.0060 0.0136 0.0132 0.0072 0.0108 
   NS_SS1449  6 0.0073 0.0081 0.0037 0.0086 0.0068 0.0348 0.9306 
   NS_SS1443  6 0.0132 0.1090 0.0025 0.0175 0.1893 0.1086 0.5599 
   NS_SS1434  6 0.2127 0.5528 0.0007 0.0140 0.1362 0.0677 0.0160 
   NS_SS1398  6 0.4089 0.0388 0.0323 0.0907 0.3778 0.0315 0.0199 
   NS_SS1426  6 0.0159 0.2405 0.0019 0.1156 0.3727 0.1640 0.0893 
   NS_SS1413  6 0.0120 0.0395 0.0117 0.0048 0.9195 0.0065 0.0060 
   NS_SS1395  6 0.0109 0.2191 0.0089 0.1476 0.0312 0.5220 0.0604 
   NS_SS1448  6 0.0512 0.0059 0.0016 0.0084 0.9209 0.0058 0.0062 
   NS_SS1446  6 0.0141 0.0452 0.0026 0.0810 0.0086 0.8438 0.0047 
   NS_SS1403  6 0.0159 0.1013 0.0049 0.0117 0.0082 0.8391 0.0189 
   NS_SS1415  6 0.0090 0.0056 0.0086 0.0143 0.9362 0.0097 0.0166 
   NS_SS1437  6 0.3903 0.4029 0.0098 0.0162 0.0585 0.1054 0.0170 
   NS_SS1439  6 0.0082 0.0164 0.0021 0.9456 0.0039 0.0169 0.0070 
   NS_SS1441  6 0.1205 0.2653 0.0029 0.0578 0.3850 0.0724 0.0961 
   NS_SS1420  6 0.2479 0.0048 0.0032 0.0168 0.0109 0.0130 0.7034 
   NS_SS1394  6 0.7812 0.0088 0.0362 0.0114 0.0078 0.0230 0.1317 
   NS_SS1391  6 0.0125 0.9030 0.0102 0.0142 0.0293 0.0236 0.0071 
   NS_SS1410  6 0.0841 0.1419 0.0135 0.2948 0.1046 0.3478 0.0133 
   NS_SS1408  6 0.0155 0.0292 0.0575 0.7140 0.0175 0.1565 0.0098 
   NS_SS1409  6 0.0618 0.4528 0.0034 0.3174 0.0144 0.1182 0.0319 
   HI_SS0617  7 0.1398 0.4493 0.0013 0.0675 0.0061 0.2523 0.0836 
   HI_SS0618  7 0.0740 0.0064 0.0029 0.1073 0.0095 0.0173 0.7825 
   HI_SS0619  7 0.8890 0.0189 0.0039 0.0164 0.0207 0.0235 0.0275 
   HI_SS0620  7 0.0073 0.0082 0.0027 0.0074 0.9388 0.0056 0.0300 
   HI_SS0621  7 0.8015 0.0618 0.0191 0.0190 0.0150 0.0367 0.0470 
   HI_SS0622  7 0.1978 0.1039 0.0172 0.0314 0.4970 0.0600 0.0927 
   HI_SS0626  7 0.7884 0.0127 0.0080 0.0187 0.0268 0.1278 0.0176 
   HI_SS0627  7 0.0087 0.0444 0.0078 0.6291 0.0118 0.2814 0.0167 
   HI_SS0628  7 0.0834 0.0399 0.0642 0.0510 0.6184 0.1264 0.0168 
   HI_SS0629  7 0.0947 0.4579 0.0070 0.0513 0.0820 0.2247 0.0824 
   HI_SS0630  7 0.2681 0.0136 0.0622 0.0543 0.5449 0.0133 0.0437 
   HI_SS0631  7 0.0186 0.0321 0.0008 0.0235 0.8590 0.0190 0.0471 
   HI_SS0632  7 0.0284 0.0102 0.0045 0.2554 0.5371 0.0198 0.1446 
   HI_SS0633  7 0.7737 0.1514 0.0040 0.0215 0.0064 0.0122 0.0309 
   HI_SS0634  7 0.0098 0.0068 0.0018 0.0153 0.0091 0.9503 0.0069 
   HI_SS0635  7 0.5287 0.0161 0.0093 0.3496 0.0415 0.0345 0.0203 
   HI_SS0637  7 0.0059 0.0097 0.0026 0.9488 0.0034 0.0150 0.0146 
   HI_SS0638  7 0.0578 0.0483 0.0014 0.0384 0.3360 0.4400 0.0780 
   HI_SS0639  7 0.2398 0.0372 0.0549 0.2035 0.0135 0.3308 0.1204 
   HI_SS0640  7 0.0248 0.0287 0.0022 0.5855 0.0370 0.0621 0.2596 
   HI_SS0641  7 0.3096 0.0227 0.0041 0.4069 0.1456 0.0203 0.0908 
   HI_SS0642  7 0.0149 0.1576 0.0026 0.0210 0.0233 0.7296 0.0510 
   HI_SS0645  7 0.0635 0.0058 0.0009 0.0038 0.0084 0.0068 0.9108 
   HI_SS0646  7 0.0195 0.3585 0.0032 0.5031 0.0118 0.0906 0.0132 
   HI_SS0647  7 0.0951 0.0250 0.0014 0.0352 0.7980 0.0315 0.0138 
   HI_SS0648  7 0.2070 0.0672 0.0033 0.0257 0.0327 0.0247 0.6394 
   HI_SS0649  7 0.0508 0.2154 0.0016 0.4838 0.0209 0.1957 0.0319 
   HI_SS0650  7 0.0674 0.0865 0.0042 0.7961 0.0068 0.0217 0.0173 
   HI_SS0651  7 0.0185 0.0396 0.0042 0.0193 0.0127 0.0386 0.8670 
   HI_SS0652  7 0.5836 0.0165 0.0033 0.3396 0.0250 0.0132 0.0188 
   NS_SS1371  7 0.0096 0.4625 0.0050 0.0652 0.0105 0.4389 0.0082 
   NS_SS1374  7 0.2410 0.1947 0.0027 0.0213 0.2854 0.2325 0.0224 
   NS_SS1337  7 0.2796 0.1406 0.0036 0.1036 0.0337 0.4057 0.0332 
   NS_SS1385  7 0.0101 0.9584 0.0046 0.0082 0.0047 0.0087 0.0054 
   NS_SS1388  7 0.8857 0.0078 0.0077 0.0173 0.0422 0.0325 0.0067 
   NS_SS1370  7 0.0057 0.0052 0.0073 0.0121 0.0098 0.0091 0.9508 
   NS_SS1389  7 0.9617 0.0120 0.0035 0.0061 0.0059 0.0062 0.0046 
   NS_SS1360  7 0.0099 0.0116 0.0048 0.1298 0.0751 0.0240 0.7447 
   NS_SS1330  7 0.0688 0.0098 0.0036 0.7177 0.0037 0.1345 0.0619 
   NS_SS1328  7 0.0844 0.3594 0.0020 0.0120 0.4884 0.0450 0.0088 
   NS_SS1384  7 0.0131 0.4726 0.0049 0.4217 0.0168 0.0212 0.0498 
   NS_SS1381  7 0.0356 0.4926 0.0010 0.0091 0.0061 0.1265 0.3291 
   NS_SS1375  7 0.9111 0.0123 0.0012 0.0228 0.0164 0.0175 0.0186 
   NS_SS1319  7 0.0960 0.0417 0.1056 0.0699 0.0931 0.5591 0.0345 
   NS_SS1326  7 0.0090 0.0105 0.0073 0.0055 0.9567 0.0055 0.0054 
   NS_SS1341  7 0.0087 0.0664 0.0042 0.4826 0.0082 0.4168 0.0132 
   NS_SS1383  7 0.0109 0.0693 0.0044 0.4342 0.1574 0.2880 0.0358 
   NS_SS1318  7 0.1255 0.0704 0.0184 0.7029 0.0300 0.0306 0.0223 
   NS_SS1348  7 0.0052 0.0233 0.0017 0.0472 0.8966 0.0158 0.0102 
   NS_SS1363  7 0.0209 0.0293 0.0044 0.4540 0.0252 0.0413 0.4250 
   NS_SS1335  7 0.0160 0.0090 0.0340 0.0328 0.6237 0.0328 0.2519 
   NS_SS1358  7 0.0077 0.0247 0.0186 0.0994 0.1816 0.1838 0.4842 
   NS_SS1342  7 0.0068 0.9135 0.0014 0.0101 0.0124 0.0469 0.0088 
   NS_SS1320  7 0.5982 0.3345 0.0063 0.0073 0.0071 0.0308 0.0158 
   NS_SS1355  7 0.0192 0.0265 0.0095 0.9078 0.0037 0.0095 0.0239 
   NS_SS1345  7 0.0683 0.2508 0.0252 0.1840 0.0477 0.0210 0.4030 
   NS_SS1324  7 0.0261 0.1464 0.0029 0.1118 0.4200 0.0965 0.1963 
   NS_SS1347  7 0.0141 0.0991 0.0045 0.0532 0.0128 0.0245 0.7920 
   NS_SS1321  7 0.0049 0.0091 0.0013 0.0077 0.0298 0.9333 0.0139 
   NS_SS1333  7 0.0097 0.0752 0.0022 0.0042 0.0327 0.8727 0.0033 
   NS_SS1364  7 0.0103 0.1498 0.0029 0.0913 0.6977 0.0112 0.0367 
   NS_SS1379  7 0.0108 0.0184 0.0451 0.0082 0.0073 0.0058 0.9045 
   NS_SS1332  7 0.0353 0.0179 0.0070 0.0151 0.9076 0.0133 0.0039 
   NS_SS1338  7 0.0115 0.0114 0.0069 0.0125 0.0058 0.0287 0.9232 
   NS_SS1368  7 0.0351 0.1423 0.0066 0.1016 0.6225 0.0837 0.0083 
   NS_SS1354  7 0.0600 0.2141 0.0135 0.1753 0.0459 0.4564 0.0348 
   NS_SS1365  7 0.4803 0.0895 0.0126 0.2532 0.0928 0.0363 0.0353 
   NS_SS1380  7 0.8154 0.0500 0.0191 0.0265 0.0050 0.0722 0.0119 
   NS_SS1329  7 0.0090 0.2557 0.0032 0.0098 0.0467 0.6626 0.0130 
   NS_SS1362  7 0.0231 0.5150 0.0053 0.3267 0.0211 0.0664 0.0424 
   NS_SS1327  7 0.0033 0.0151 0.0039 0.0099 0.9528 0.0096 0.0054 
   NS_SS1350  7 0.1094 0.0539 0.0096 0.0218 0.0067 0.7854 0.0132 
   NS_SS1387  7 0.0265 0.0133 0.0027 0.6700 0.0095 0.0172 0.2608 
   NS_SS1369  7 0.0083 0.0069 0.0038 0.0112 0.9032 0.0125 0.0541 
   NS_SS1331  7 0.6744 0.0369 0.0101 0.0249 0.2044 0.0221 0.0273 
   NS_SS1357  7 0.0235 0.7439 0.0033 0.0165 0.0281 0.1218 0.0630 
   NS_SS1386  7 0.0047 0.0104 0.0032 0.0056 0.9582 0.0128 0.0052 
   NS_SS1353  7 0.4250 0.4798 0.0036 0.0287 0.0140 0.0391 0.0098 
   NS_SS1323  7 0.0949 0.2263 0.0744 0.0151 0.0072 0.5515 0.0305 
   HI_SS0296  8 0.0069 0.0101 0.0016 0.0101 0.0273 0.0074 0.9366 
   HI_SS0297  8 0.0592 0.1277 0.0009 0.0398 0.6095 0.0791 0.0838 
   HI_SS0299  8 0.0058 0.0595 0.0263 0.8163 0.0686 0.0071 0.0164 
   HI_SS0300  8 0.0077 0.0059 0.0013 0.0943 0.0362 0.0064 0.8481 
   HI_SS0301  8 0.0144 0.0111 0.0037 0.9169 0.0214 0.0216 0.0110 
   HI_SS0302  8 0.0179 0.0088 0.0233 0.0150 0.8706 0.0119 0.0524 
   HI_SS0303  8 0.0227 0.0132 0.0062 0.0090 0.8997 0.0144 0.0348 
   HI_SS0304  8 0.7673 0.0149 0.0022 0.0633 0.0683 0.0661 0.0179 
   HI_SS0306  8 0.0067 0.0056 0.0034 0.0078 0.9645 0.0049 0.0072 
   HI_SS0307  8 0.3037 0.1445 0.0082 0.3685 0.0056 0.0959 0.0735 
   HI_SS0308  8 0.0298 0.0428 0.1002 0.0553 0.1648 0.0143 0.5928 
   HI_SS0309  8 0.0325 0.0206 0.0034 0.0200 0.0091 0.0547 0.8596 
   HI_SS0310  8 0.1617 0.4089 0.0082 0.1798 0.1943 0.0317 0.0153 
   HI_SS0311  8 0.1838 0.0124 0.0027 0.0967 0.4200 0.0686 0.2159 
   HI_SS0314  8 0.8278 0.0769 0.0016 0.0112 0.0454 0.0248 0.0124 
   HI_SS0316  8 0.0448 0.2771 0.0040 0.0382 0.0251 0.4545 0.1564 
   HI_SS0317  8 0.0107 0.0109 0.0015 0.0201 0.0072 0.9258 0.0238 
   HI_SS0318  8 0.0140 0.1449 0.2092 0.0494 0.4219 0.0992 0.0614 
   HI_SS0319  8 0.0086 0.1157 0.0047 0.0498 0.7722 0.0414 0.0076 
   HI_SS0320  8 0.1510 0.0231 0.0010 0.0152 0.0035 0.8011 0.0051 
   HI_SS0321  8 0.0097 0.0756 0.0015 0.2313 0.0141 0.5960 0.0718 
   HI_SS0323  8 0.0192 0.0246 0.0013 0.7453 0.0330 0.1654 0.0111 
   HI_SS0325  8 0.1444 0.0409 0.0015 0.0641 0.7106 0.0203 0.0183 
   HI_SS0327  8 0.0042 0.9108 0.0014 0.0145 0.0431 0.0097 0.0164 
   HI_SS0329  8 0.8782 0.0100 0.0014 0.0415 0.0350 0.0269 0.0070 
   HI_SS0333  8 0.0678 0.6001 0.0032 0.1074 0.0394 0.0543 0.1278 
   HI_SS0334  8 0.0030 0.0054 0.0012 0.0044 0.0050 0.0070 0.9741 
   HI_SS0335  8 0.0383 0.0723 0.0229 0.5983 0.0079 0.0301 0.2303 
   HI_SS0339  8 0.0441 0.0679 0.0091 0.6384 0.0123 0.0091 0.2191 
   HI_SS0343  8 0.0201 0.9186 0.0017 0.0152 0.0126 0.0231 0.0087 
   HI_SS0344  8 0.0056 0.0159 0.0034 0.0072 0.9461 0.0097 0.0122 
   HI_SS0345  8 0.2412 0.0266 0.0106 0.0783 0.4662 0.0760 0.1010 
   HI_SS0346  8 0.0176 0.0631 0.0040 0.8514 0.0387 0.0171 0.0081 
   HI_SS0350  8 0.0440 0.0039 0.0097 0.0054 0.0035 0.0055 0.9279 
   HI_SS0351  8 0.0259 0.2862 0.0034 0.3844 0.0204 0.0582 0.2214 
   HI_SS0352  8 0.0489 0.0992 0.1245 0.0216 0.0253 0.5967 0.0838 
   HI_SS0362  8 0.0394 0.0094 0.0033 0.0558 0.7884 0.0416 0.0620 
   HI_SS0363  8 0.0393 0.8002 0.0043 0.0233 0.0468 0.0171 0.0689 
   HI_SS0365  8 0.0165 0.1493 0.0047 0.0191 0.0173 0.0436 0.7494 
   HI_SS0366  8 0.0106 0.8893 0.0014 0.0144 0.0495 0.0197 0.0150 
   HI_SS0367  8 0.8349 0.0148 0.0024 0.0905 0.0056 0.0437 0.0080 
   HI_SS0369  8 0.1727 0.2021 0.0030 0.0494 0.0100 0.4525 0.1104 
   HI_SS0370  8 0.0062 0.9388 0.0034 0.0251 0.0081 0.0084 0.0100 
   HI_SS0371  8 0.0210 0.0550 0.0053 0.0189 0.8691 0.0160 0.0147 
   HI_SS0373  8 0.5081 0.2887 0.0114 0.0240 0.1039 0.0390 0.0250 
   HI_SS0374  8 0.1938 0.0320 0.0248 0.0292 0.0086 0.6887 0.0229 
   HI_SS0377  8 0.0080 0.0131 0.0858 0.0119 0.1498 0.0495 0.6819 
   HI_SS0379  8 0.0050 0.0108 0.0010 0.0076 0.9612 0.0074 0.0071 
   HI_SS0380  8 0.0362 0.1881 0.0077 0.7350 0.0079 0.0151 0.0100 
   HI_SS0381  8 0.2405 0.0505 0.0050 0.1356 0.0236 0.4755 0.0692 
   HI_SS0384  8 0.7874 0.0609 0.0071 0.0151 0.0303 0.0944 0.0048 
   HI_SS0385  8 0.3491 0.0285 0.0012 0.0112 0.5944 0.0097 0.0059 
   HI_SS0386  9 0.0014 0.0018 0.9896 0.0018 0.0014 0.0021 0.0020 
   HI_SS0387  9 0.0096 0.0084 0.9280 0.0118 0.0117 0.0166 0.0139 
   HI_SS0389  9 0.0043 0.0042 0.9763 0.0049 0.0032 0.0042 0.0029 
   HI_SS0390  9 0.0021 0.0016 0.9885 0.0019 0.0014 0.0023 0.0021 
   HI_SS0391  9 0.0027 0.0031 0.9823 0.0031 0.0025 0.0031 0.0032 
   HI_SS0392  9 0.0018 0.0013 0.9894 0.0020 0.0020 0.0016 0.0018 
   HI_SS0393  9 0.0016 0.0018 0.9900 0.0017 0.0014 0.0018 0.0017 
   HI_SS0394  9 0.0023 0.0015 0.9902 0.0014 0.0015 0.0015 0.0016 
   HI_SS0395  9 0.0053 0.0052 0.9736 0.0040 0.0032 0.0046 0.0040 
   HI_SS0396  9 0.0169 0.0072 0.9392 0.0095 0.0071 0.0085 0.0117 
   HI_SS0398  9 0.0055 0.0073 0.9632 0.0080 0.0048 0.0050 0.0064 
   HI_SS0399  9 0.0009 0.0010 0.9934 0.0011 0.0009 0.0012 0.0015 
   HI_SS0400  9 0.0026 0.0023 0.9860 0.0019 0.0027 0.0023 0.0023 
   HI_SS0401  9 0.0019 0.0019 0.9892 0.0020 0.0015 0.0021 0.0015 
   HI_SS0402  9 0.0013 0.0012 0.9916 0.0014 0.0015 0.0014 0.0015 
   HI_SS0403  9 0.0014 0.0021 0.9894 0.0018 0.0011 0.0025 0.0017 
   HI_SS0404  9 0.0016 0.0012 0.9919 0.0014 0.0013 0.0012 0.0013 
   HI_SS0405  9 0.0097 0.0152 0.9138 0.0151 0.0123 0.0212 0.0127 
   HI_SS0406  9 0.0024 0.0021 0.9854 0.0026 0.0024 0.0021 0.0029 
   HI_SS0407  9 0.0098 0.0103 0.9516 0.0082 0.0079 0.0053 0.0068 
   HI_SS0408  9 0.0012 0.0016 0.9915 0.0015 0.0012 0.0018 0.0012 
   HI_SS0409  9 0.0038 0.0022 0.9795 0.0029 0.0032 0.0039 0.0046 
   HI_SS0411  9 0.0026 0.0036 0.9816 0.0028 0.0028 0.0030 0.0037 
   HI_SS0412  9 0.0096 0.0391 0.7883 0.0185 0.0097 0.0462 0.0886 
   HI_SS0413  9 0.0025 0.0029 0.9853 0.0024 0.0023 0.0028 0.0017 
   HI_SS0414  9 0.0173 0.0113 0.9163 0.0203 0.0091 0.0168 0.0088 
   HI_SS0415  9 0.0014 0.0019 0.9879 0.0018 0.0026 0.0020 0.0023 
   HI_SS0416  9 0.0034 0.0035 0.9777 0.0049 0.0040 0.0025 0.0040 
   HI_SS0418  9 0.0040 0.0053 0.9675 0.0072 0.0051 0.0054 0.0054 
   HI_SS0419  9 0.0035 0.0029 0.9801 0.0040 0.0030 0.0034 0.0032 
   HI_SS0420  9 0.0025 0.0018 0.9852 0.0027 0.0036 0.0022 0.0020 
   HI_SS0421  9 0.0058 0.0046 0.9704 0.0055 0.0034 0.0053 0.0051 
   HI_SS0422  9 0.0020 0.0018 0.9895 0.0016 0.0017 0.0019 0.0016 
   HI_SS0423  9 0.0058 0.0045 0.9723 0.0053 0.0038 0.0039 0.0044 
   HI_SS0424  9 0.0018 0.0016 0.9880 0.0022 0.0016 0.0026 0.0022 
   HI_SS0425  9 0.0045 0.0038 0.9779 0.0034 0.0023 0.0043 0.0038 
   NS_SS1146 10 0.0017 0.0031 0.9849 0.0023 0.0028 0.0027 0.0023 
   NS_SS1157 10 0.0054 0.0083 0.9583 0.0055 0.0050 0.0077 0.0097 
   NS_SS1144 10 0.0134 0.0123 0.9085 0.0187 0.0122 0.0145 0.0204 
   NS_SS1074 10 0.0041 0.0031 0.9780 0.0035 0.0040 0.0049 0.0024 
   NS_SS1122 10 0.0048 0.0036 0.9709 0.0048 0.0056 0.0043 0.0060 
   NS_SS1136 10 0.0013 0.0013 0.9917 0.0013 0.0013 0.0014 0.0016 
   NS_SS1077 10 0.0008 0.0008 0.9951 0.0009 0.0009 0.0008 0.0008 
   NS_SS1134 10 0.0093 0.0048 0.9361 0.0089 0.0096 0.0073 0.0241 
   NS_SS1091 10 0.0031 0.0034 0.9836 0.0034 0.0021 0.0024 0.0021 
   NS_SS1089 10 0.0030 0.0027 0.9816 0.0032 0.0036 0.0025 0.0034 
   NS_SS1123 10 0.0018 0.0019 0.9892 0.0018 0.0016 0.0017 0.0019 
   NS_SS1158 10 0.0012 0.0012 0.9932 0.0013 0.0008 0.0010 0.0014 
   NS_SS1093 10 0.0019 0.0024 0.9848 0.0029 0.0033 0.0023 0.0024 
