

----------------------------------------------------
STRUCTURE by Pritchard, Stephens and Donnelly (2000)
     and Falush, Stephens and Pritchard (2003)
       Code by Pritchard, Falush and Hubisz
             Version 2.3.4 (Jul 2012)
----------------------------------------------------



Command line arguments:   /home/genobiwan/Documents/Programs/Structure/structure -m parameter_job_k9_r9 
Input File:    /media/genobiwan/Storage/Projets/Mackerel_NWA_2021/data_job_k9_r9

Run parameters:
   629 individuals
   4140 loci
   9 populations assumed
   100000 Burn-in period
   200000 Reps


--------------------------------------------
Proportion of membership of each pre-defined
 population in each of the 9 clusters

Given    Inferred Clusters                                                 Number of
 Pop       1      2      3      4      5      6      7      8      9      Individuals

  1:     0.165  0.108  0.134  0.013  0.139  0.100  0.128  0.093  0.121       67
  2:     0.093  0.111  0.120  0.010  0.235  0.095  0.120  0.064  0.152       32
  3:     0.212  0.087  0.083  0.014  0.127  0.102  0.133  0.094  0.148       92
  4:     0.130  0.133  0.103  0.016  0.147  0.083  0.146  0.166  0.077       36
  5:     0.113  0.173  0.145  0.018  0.073  0.084  0.161  0.137  0.096       41
  6:     0.120  0.117  0.131  0.013  0.126  0.128  0.126  0.134  0.105      158
  7:     0.131  0.139  0.132  0.010  0.137  0.102  0.108  0.116  0.125       79
  8:     0.110  0.158  0.118  0.014  0.122  0.118  0.116  0.124  0.120       52
  9:     0.005  0.004  0.004  0.962  0.004  0.005  0.005  0.004  0.007       36
 10:     0.004  0.004  0.004  0.968  0.004  0.004  0.004  0.004  0.005       36
--------------------------------------------

Allele-freq. divergence among pops (Net nucleotide distance),
computed using point estimates of P.

      1       2       3       4       5       6       7       8       9      
 1      -    0.0004  0.0003  0.0050  0.0003  0.0003  0.0002  0.0004  0.0003  
 2   0.0004     -    0.0005  0.0053  0.0005  0.0004  0.0004  0.0005  0.0005  
 3   0.0003  0.0005     -    0.0051  0.0004  0.0004  0.0003  0.0005  0.0005  
 4   0.0050  0.0053  0.0051     -    0.0052  0.0051  0.0050  0.0054  0.0052  
 5   0.0003  0.0005  0.0004  0.0052     -    0.0004  0.0003  0.0005  0.0004  
 6   0.0003  0.0004  0.0004  0.0051  0.0004     -    0.0003  0.0005  0.0004  
 7   0.0002  0.0004  0.0003  0.0050  0.0003  0.0003     -    0.0004  0.0003  
 8   0.0004  0.0005  0.0005  0.0054  0.0005  0.0005  0.0004     -    0.0005  
 9   0.0003  0.0005  0.0005  0.0052  0.0004  0.0004  0.0003  0.0005     -    

Average distances (expected heterozygosity) between individuals in same cluster:
cluster  1  : 0.3185 
cluster  2  : 0.3185 
cluster  3  : 0.3178 
cluster  4  : 0.3052 
cluster  5  : 0.3185 
cluster  6  : 0.3187 
cluster  7  : 0.3179 
cluster  8  : 0.3179 
cluster  9  : 0.3181 

--------------------------------------------
Estimated Ln Prob of Data   = -2475172.0
Mean value of ln likelihood = -2462106.8
Variance of ln likelihood   = 26130.4
Mean value of alpha         = 0.0446

Mean value of Fst_1         = 0.0039
Mean value of Fst_2         = 0.0061
Mean value of Fst_3         = 0.0055
Mean value of Fst_4         = 0.0396
Mean value of Fst_5         = 0.0053
Mean value of Fst_6         = 0.0055
Mean value of Fst_7         = 0.0043
Mean value of Fst_8         = 0.0065
Mean value of Fst_9         = 0.0059


Inferred ancestry of individuals:
        Label (%Miss) Pop:  Inferred clusters
  1 NS_SS0963    (4)    1 :  0.029 0.058 0.015 0.008 0.194 0.238 0.416 0.022 0.020 
  2 NS_SS0983    (1)    1 :  0.032 0.875 0.006 0.005 0.006 0.016 0.012 0.006 0.043 
  3 NS_SS0719    (9)    1 :  0.223 0.271 0.007 0.008 0.267 0.092 0.033 0.031 0.069 
  4 NS_SS1001    (8)    1 :  0.389 0.008 0.013 0.004 0.414 0.039 0.011 0.056 0.065 
  5 NS_SS0936    (4)    1 :  0.067 0.009 0.063 0.003 0.618 0.070 0.134 0.016 0.020 
  6 NS_SS0955    (6)    1 :  0.091 0.067 0.041 0.004 0.011 0.415 0.316 0.018 0.037 
  7 NS_SS0944    (3)    1 :  0.063 0.011 0.011 0.002 0.015 0.037 0.040 0.810 0.011 
  8 NS_SS0945    (3)    1 :  0.273 0.018 0.119 0.011 0.239 0.006 0.012 0.276 0.045 
  9 NS_SS0922    (2)    1 :  0.075 0.046 0.016 0.037 0.698 0.023 0.084 0.009 0.012 
 10 NS_SS0929    (7)    1 :  0.479 0.088 0.024 0.004 0.176 0.023 0.127 0.026 0.055 
 11 NS_SS0956    (1)    1 :  0.518 0.025 0.124 0.003 0.034 0.016 0.075 0.090 0.114 
 12 NS_SS0906    (3)    1 :  0.806 0.016 0.022 0.003 0.009 0.027 0.066 0.016 0.035 
 13 NS_SS0721    (6)    1 :  0.294 0.082 0.026 0.004 0.067 0.019 0.270 0.014 0.224 
 14 NS_SS0982    (4)    1 :  0.014 0.047 0.120 0.015 0.009 0.422 0.345 0.010 0.016 
 15 NS_SS0923    (6)    1 :  0.099 0.048 0.379 0.006 0.340 0.012 0.028 0.023 0.066 
 16 NS_SS0905    (6)    1 :  0.043 0.415 0.143 0.001 0.010 0.025 0.014 0.091 0.258 
 17 NS_SS0925    (3)    1 :  0.068 0.012 0.202 0.005 0.013 0.400 0.042 0.008 0.250 
 18 NS_SS0947    (6)    1 :  0.685 0.025 0.054 0.003 0.075 0.076 0.012 0.025 0.043 
 19 NS_SS0926    (2)    1 :  0.423 0.156 0.019 0.001 0.110 0.105 0.026 0.154 0.005 
 20 NS_SS0918    (6)    1 :  0.017 0.040 0.016 0.003 0.032 0.007 0.131 0.013 0.742 
 21 NS_SS0966    (4)    1 :  0.053 0.074 0.026 0.046 0.045 0.086 0.507 0.049 0.115 
 22 NS_SS0938    (2)    1 :  0.024 0.011 0.027 0.002 0.788 0.021 0.110 0.007 0.008 
 23 NS_SS0917    (2)    1 :  0.005 0.006 0.010 0.022 0.007 0.925 0.010 0.007 0.006 
 24 NS_SS0957   (11)    1 :  0.011 0.006 0.869 0.006 0.016 0.006 0.046 0.011 0.030 
 25 NS_SS0987    (1)    1 :  0.487 0.051 0.012 0.235 0.007 0.006 0.068 0.010 0.125 
 26 NS_SS0717    (4)    1 :  0.072 0.022 0.645 0.003 0.009 0.044 0.075 0.094 0.037 
 27 NS_SS0986    (2)    1 :  0.921 0.012 0.010 0.003 0.012 0.007 0.023 0.007 0.005 
 28 NS_SS0953    (3)    1 :  0.040 0.008 0.078 0.018 0.011 0.066 0.014 0.009 0.755 
 29 NS_SS0907    (3)    1 :  0.022 0.019 0.031 0.039 0.011 0.668 0.174 0.009 0.027 
 30 NS_SS0974    (6)    1 :  0.021 0.009 0.027 0.004 0.018 0.095 0.068 0.738 0.019 
 31 NS_SS0989    (1)    1 :  0.010 0.793 0.006 0.001 0.032 0.063 0.027 0.008 0.061 
 32 NS_SS0991    (3)    1 :  0.468 0.278 0.014 0.002 0.010 0.015 0.076 0.120 0.017 
 33 NS_SS0994    (2)    1 :  0.093 0.258 0.019 0.003 0.023 0.095 0.013 0.481 0.014 
 34 NS_SS0931    (6)    1 :  0.304 0.029 0.011 0.010 0.521 0.022 0.030 0.068 0.006 
 35 NS_SS1000    (5)    1 :  0.713 0.005 0.089 0.003 0.088 0.066 0.018 0.010 0.007 
 36 NS_SS0919    (1)    1 :  0.707 0.206 0.035 0.003 0.010 0.011 0.013 0.009 0.006 
 37 NS_SS0949    (4)    1 :  0.009 0.011 0.004 0.002 0.042 0.753 0.053 0.113 0.014 
 38 NS_SS0960   (10)    1 :  0.075 0.017 0.021 0.007 0.007 0.012 0.015 0.736 0.110 
 39 NS_SS0716    (2)    1 :  0.006 0.004 0.960 0.005 0.005 0.005 0.005 0.006 0.004 
 40 NS_SS0924    (8)    1 :  0.039 0.736 0.045 0.018 0.052 0.036 0.031 0.015 0.029 
 41 NS_SS0935    (2)    1 :  0.009 0.851 0.016 0.009 0.017 0.018 0.013 0.035 0.033 
 42 NS_SS0952   (14)    1 :  0.042 0.193 0.080 0.052 0.017 0.092 0.043 0.454 0.027 
 43 NS_SS0962   (11)    1 :  0.101 0.009 0.199 0.008 0.093 0.012 0.540 0.019 0.020 
 44 NS_SS0973    (5)    1 :  0.227 0.011 0.010 0.005 0.008 0.350 0.095 0.043 0.251 
 45 NS_SS0722    (1)    1 :  0.030 0.005 0.904 0.002 0.019 0.021 0.006 0.005 0.008 
 46 NS_SS0979   (13)    1 :  0.008 0.019 0.576 0.002 0.020 0.037 0.316 0.009 0.012 
 47 NS_SS0993    (2)    1 :  0.020 0.007 0.025 0.021 0.024 0.046 0.018 0.026 0.814 
 48 NS_SS0958    (1)    1 :  0.018 0.021 0.123 0.003 0.013 0.015 0.039 0.745 0.023 
 49 NS_SS0988    (4)    1 :  0.124 0.013 0.042 0.004 0.019 0.061 0.687 0.008 0.042 
 50 NS_SS1003    (2)    1 :  0.237 0.029 0.018 0.011 0.329 0.177 0.141 0.015 0.044 
 51 NS_SS0976    (1)    1 :  0.015 0.421 0.023 0.002 0.382 0.011 0.038 0.054 0.056 
 52 NS_SS0964   (10)    1 :  0.042 0.017 0.825 0.002 0.020 0.010 0.041 0.024 0.018 
 53 NS_SS0939    (4)    1 :  0.011 0.003 0.180 0.005 0.760 0.010 0.008 0.004 0.019 
 54 NS_SS0990    (6)    1 :  0.023 0.030 0.006 0.003 0.885 0.010 0.024 0.011 0.008 
 55 NS_SS0984    (2)    1 :  0.009 0.014 0.037 0.002 0.902 0.015 0.009 0.004 0.009 
 56 NS_SS0980   (10)    1 :  0.022 0.009 0.008 0.002 0.037 0.009 0.005 0.018 0.890 
 57 NS_SS0978    (4)    1 :  0.034 0.022 0.238 0.005 0.217 0.219 0.025 0.154 0.086 
 58 NS_SS0951   (18)    1 :  0.174 0.021 0.163 0.003 0.008 0.041 0.089 0.052 0.449 
 59 NS_SS0913    (3)    1 :  0.041 0.018 0.027 0.040 0.022 0.016 0.697 0.100 0.040 
 60 NS_SS1002    (1)    1 :  0.293 0.008 0.083 0.042 0.030 0.008 0.511 0.007 0.018 
 61 NS_SS0948    (1)    1 :  0.135 0.015 0.049 0.030 0.050 0.022 0.672 0.014 0.014 
 62 NS_SS0916    (4)    1 :  0.013 0.028 0.010 0.004 0.285 0.097 0.009 0.013 0.543 
 63 NS_SS0995    (1)    1 :  0.061 0.019 0.006 0.003 0.021 0.016 0.018 0.020 0.837 
 64 NS_SS0927    (6)    1 :  0.090 0.420 0.071 0.007 0.021 0.214 0.116 0.036 0.026 
 65 NS_SS0992    (5)    1 :  0.375 0.053 0.011 0.003 0.059 0.038 0.110 0.117 0.235 
 66 NS_SS0912    (1)    1 :  0.059 0.100 0.020 0.002 0.012 0.027 0.734 0.020 0.025 
 67 NS_SS0981    (1)    1 :  0.044 0.019 0.877 0.004 0.015 0.012 0.010 0.010 0.008 
 68 NS_SS0729    (5)    2 :  0.012 0.785 0.019 0.004 0.008 0.032 0.014 0.116 0.010 
 69 NS_SS0967   (15)    2 :  0.062 0.010 0.012 0.011 0.021 0.217 0.605 0.054 0.006 
 70 NS_SS0941    (8)    2 :  0.042 0.019 0.013 0.088 0.744 0.036 0.022 0.012 0.024 
 71 NS_SS0768   (12)    2 :  0.233 0.015 0.012 0.005 0.014 0.061 0.600 0.029 0.030 
 72 NS_SS0726    (5)    2 :  0.049 0.107 0.015 0.011 0.366 0.178 0.217 0.023 0.035 
 73 NS_SS0763    (4)    2 :  0.080 0.635 0.165 0.003 0.020 0.056 0.014 0.019 0.009 
 74 NS_SS0730    (6)    2 :  0.024 0.010 0.047 0.005 0.050 0.087 0.405 0.066 0.306 
 75 NS_SS0774    (2)    2 :  0.019 0.009 0.303 0.001 0.265 0.008 0.016 0.021 0.358 
 76 NS_SS0723    (3)    2 :  0.090 0.020 0.025 0.002 0.130 0.091 0.058 0.010 0.573 
 77 NS_SS0940   (10)    2 :  0.132 0.026 0.018 0.006 0.699 0.035 0.018 0.021 0.046 
 78 NS_SS0762    (1)    2 :  0.030 0.020 0.102 0.003 0.762 0.029 0.020 0.015 0.021 
 79 NS_SS0766   (11)    2 :  0.060 0.395 0.027 0.014 0.409 0.020 0.016 0.042 0.019 
 80 NS_SS0724    (1)    2 :  0.073 0.212 0.169 0.005 0.022 0.011 0.327 0.041 0.139 
 81 NS_SS0769    (3)    2 :  0.299 0.250 0.022 0.005 0.043 0.021 0.337 0.007 0.017 
 82 NS_SS0777    (1)    2 :  0.110 0.023 0.654 0.014 0.015 0.036 0.033 0.083 0.031 
 83 NS_SS0734    (6)    2 :  0.068 0.009 0.015 0.042 0.022 0.034 0.057 0.730 0.023 
 84 NS_SS0737    (3)    2 :  0.009 0.007 0.007 0.004 0.937 0.009 0.006 0.006 0.014 
 85 NS_SS0732    (5)    2 :  0.004 0.006 0.011 0.004 0.007 0.007 0.012 0.008 0.939 
 86 NS_SS0728    (5)    2 :  0.089 0.052 0.017 0.010 0.314 0.113 0.015 0.040 0.350 
 87 NS_SS0735    (9)    2 :  0.368 0.023 0.017 0.009 0.024 0.054 0.050 0.017 0.438 
 88 NS_SS0725    (1)    2 :  0.018 0.012 0.013 0.009 0.834 0.009 0.059 0.025 0.021 
 89 NS_SS0788    (2)    2 :  0.012 0.032 0.013 0.002 0.174 0.643 0.057 0.005 0.063 
 90 NS_SS0778    (2)    2 :  0.257 0.073 0.016 0.002 0.430 0.072 0.030 0.008 0.113 
 91 NS_SS0792    (6)    2 :  0.378 0.068 0.018 0.004 0.016 0.114 0.210 0.099 0.092 
 92 NS_SS0943   (11)    2 :  0.079 0.011 0.016 0.007 0.009 0.694 0.026 0.146 0.012 
 93 NS_SS0791    (2)    2 :  0.043 0.143 0.020 0.018 0.086 0.026 0.016 0.050 0.598 
 94 NS_SS0790    (5)    2 :  0.028 0.004 0.817 0.004 0.011 0.014 0.080 0.006 0.038 
 95 NS_SS0731    (6)    2 :  0.166 0.008 0.339 0.012 0.021 0.064 0.361 0.019 0.008 
 96 NS_SS0727    (7)    2 :  0.029 0.343 0.082 0.002 0.115 0.136 0.006 0.244 0.043 
 97 NS_SS0779   (13)    2 :  0.056 0.026 0.502 0.007 0.052 0.090 0.014 0.014 0.239 
 98 NS_SS0776    (3)    2 :  0.016 0.189 0.277 0.007 0.298 0.023 0.090 0.054 0.046 
 99 NS_SS0775    (5)    2 :  0.035 0.005 0.046 0.009 0.607 0.016 0.048 0.031 0.202 
100 NS_SS0965    (3)    3 :  0.316 0.115 0.082 0.002 0.029 0.009 0.390 0.026 0.032 
101 NS_SS0754   (14)    3 :  0.073 0.256 0.179 0.018 0.041 0.065 0.156 0.056 0.157 
102 NS_SS0838    (5)    3 :  0.037 0.022 0.754 0.036 0.024 0.070 0.005 0.018 0.034 
103 NS_SS0839    (3)    3 :  0.008 0.008 0.021 0.005 0.922 0.004 0.008 0.007 0.017 
104 NS_SS0832    (4)    3 :  0.841 0.007 0.007 0.037 0.012 0.008 0.076 0.002 0.010 
105 NS_SS0820    (5)    3 :  0.119 0.008 0.061 0.006 0.026 0.018 0.752 0.003 0.006 
106 NS_SS0886    (9)    3 :  0.354 0.286 0.017 0.003 0.126 0.066 0.055 0.008 0.087 
107 NS_SS0748    (5)    3 :  0.025 0.017 0.890 0.008 0.008 0.013 0.012 0.017 0.009 
108 NS_SS0884    (9)    3 :  0.154 0.040 0.053 0.030 0.225 0.099 0.038 0.046 0.316 
109 NS_SS0752    (4)    3 :  0.127 0.011 0.095 0.002 0.078 0.076 0.022 0.048 0.540 
110 NS_SS0862    (1)    3 :  0.024 0.015 0.027 0.005 0.028 0.019 0.198 0.006 0.678 
111 NS_SS0787    (9)    3 :  0.015 0.743 0.004 0.007 0.024 0.121 0.018 0.060 0.009 
112 NS_SS0843    (6)    3 :  0.154 0.320 0.303 0.002 0.013 0.070 0.054 0.015 0.069 
113 NS_SS0856    (4)    3 :  0.018 0.026 0.027 0.003 0.009 0.522 0.355 0.030 0.012 
114 NS_SS0846    (2)    3 :  0.242 0.041 0.014 0.004 0.008 0.602 0.051 0.028 0.011 
115 NS_SS0825    (1)    3 :  0.050 0.015 0.003 0.009 0.035 0.071 0.791 0.008 0.018 
116 NS_SS0757    (3)    3 :  0.069 0.055 0.036 0.004 0.039 0.211 0.039 0.015 0.533 
117 NS_SS0876    (3)    3 :  0.174 0.008 0.056 0.223 0.028 0.236 0.021 0.029 0.224 
118 NS_SS0903   (10)    3 :  0.114 0.005 0.010 0.002 0.009 0.049 0.041 0.017 0.753 
119 NS_SS0875    (7)    3 :  0.059 0.037 0.145 0.004 0.123 0.168 0.426 0.012 0.026 
120 NS_SS0740    (5)    3 :  0.050 0.104 0.074 0.003 0.025 0.146 0.023 0.010 0.564 
121 NS_SS0811    (5)    3 :  0.006 0.008 0.941 0.007 0.006 0.005 0.008 0.007 0.013 
122 NS_SS0751    (1)    3 :  0.019 0.026 0.023 0.003 0.549 0.042 0.014 0.258 0.065 
123 NS_SS0891    (6)    3 :  0.025 0.048 0.051 0.007 0.557 0.235 0.042 0.018 0.019 
124 NS_SS0867    (2)    3 :  0.263 0.029 0.017 0.027 0.013 0.263 0.250 0.055 0.083 
125 NS_SS0890    (6)    3 :  0.033 0.019 0.082 0.004 0.023 0.757 0.006 0.012 0.064 
126 NS_SS0866   (12)    3 :  0.060 0.074 0.032 0.007 0.028 0.023 0.432 0.314 0.031 
127 NS_SS0755    (4)    3 :  0.547 0.072 0.021 0.005 0.037 0.100 0.177 0.022 0.018 
128 NS_SS0758    (4)    3 :  0.369 0.481 0.012 0.002 0.033 0.029 0.040 0.010 0.023 
129 NS_SS0840    (2)    3 :  0.815 0.013 0.015 0.003 0.068 0.031 0.024 0.011 0.020 
130 NS_SS0889    (4)    3 :  0.052 0.056 0.023 0.003 0.031 0.029 0.203 0.427 0.178 
131 NS_SS1010    (1)    3 :  0.049 0.077 0.382 0.052 0.024 0.150 0.116 0.106 0.044 
132 NS_SS0888    (5)    3 :  0.011 0.057 0.090 0.002 0.009 0.037 0.010 0.708 0.075 
133 NS_SS0837    (3)    3 :  0.138 0.017 0.060 0.002 0.011 0.035 0.604 0.087 0.045 
134 NS_SS0794   (10)    3 :  0.011 0.010 0.022 0.002 0.006 0.022 0.012 0.902 0.013 
135 NS_SS0823    (5)    3 :  0.662 0.017 0.059 0.005 0.078 0.008 0.073 0.011 0.086 
136 NS_SS0829    (7)    3 :  0.778 0.010 0.044 0.071 0.007 0.009 0.008 0.047 0.026 
137 NS_SS0844    (5)    3 :  0.011 0.007 0.064 0.001 0.006 0.070 0.817 0.009 0.016 
138 NS_SS1008    (6)    3 :  0.055 0.126 0.072 0.015 0.046 0.026 0.085 0.497 0.079 
139 NS_SS0881    (3)    3 :  0.030 0.018 0.010 0.003 0.707 0.068 0.030 0.119 0.015 
140 NS_SS0834    (6)    3 :  0.022 0.010 0.018 0.007 0.896 0.013 0.018 0.009 0.007 
141 NS_SS0744   (10)    3 :  0.820 0.006 0.008 0.008 0.017 0.053 0.023 0.009 0.056 
142 NS_SS0899    (7)    3 :  0.017 0.007 0.008 0.001 0.021 0.008 0.132 0.004 0.801 
143 NS_SS0804    (5)    3 :  0.552 0.013 0.017 0.004 0.175 0.013 0.155 0.005 0.065 
144 NS_SS0781   (10)    3 :  0.316 0.010 0.158 0.003 0.307 0.068 0.109 0.010 0.020 
145 NS_SS0822    (6)    3 :  0.019 0.058 0.035 0.002 0.018 0.072 0.058 0.449 0.289 
146 NS_SS1004    (4)    3 :  0.910 0.009 0.013 0.003 0.014 0.018 0.009 0.013 0.011 
147 NS_SS0746    (5)    3 :  0.544 0.032 0.141 0.012 0.016 0.186 0.038 0.025 0.006 
148 NS_SS0880    (3)    3 :  0.068 0.007 0.011 0.001 0.652 0.034 0.028 0.064 0.136 
149 NS_SS0879    (5)    3 :  0.053 0.023 0.069 0.018 0.357 0.037 0.385 0.045 0.014 
150 NS_SS0753    (2)    3 :  0.009 0.058 0.017 0.012 0.008 0.123 0.524 0.039 0.211 
151 NS_SS1007    (3)    3 :  0.097 0.138 0.018 0.002 0.326 0.107 0.023 0.024 0.264 
152 NS_SS0872    (5)    3 :  0.138 0.012 0.308 0.003 0.029 0.231 0.237 0.024 0.020 
153 NS_SS1005    (7)    3 :  0.849 0.018 0.022 0.001 0.040 0.023 0.023 0.009 0.016 
154 NS_SS0892    (6)    3 :  0.062 0.037 0.252 0.003 0.298 0.268 0.024 0.034 0.022 
155 NS_SS0898    (0)    3 :  0.010 0.007 0.007 0.007 0.031 0.006 0.017 0.899 0.015 
156 NS_SS0801    (9)    3 :  0.504 0.027 0.054 0.008 0.203 0.015 0.162 0.015 0.012 
157 NS_SS0827    (9)    3 :  0.008 0.701 0.046 0.121 0.016 0.010 0.059 0.014 0.025 
158 NS_SS0853    (7)    3 :  0.019 0.501 0.426 0.005 0.005 0.006 0.026 0.006 0.006 
159 NS_SS0780    (2)    3 :  0.202 0.011 0.011 0.005 0.670 0.053 0.011 0.006 0.030 
160 NS_SS0826   (10)    3 :  0.116 0.005 0.009 0.003 0.010 0.009 0.833 0.012 0.004 
161 NS_SS0818    (5)    3 :  0.023 0.009 0.016 0.002 0.692 0.044 0.065 0.060 0.088 
162 NS_SS0745    (1)    3 :  0.009 0.005 0.014 0.001 0.900 0.004 0.041 0.020 0.006 
163 NS_SS0849    (3)    3 :  0.013 0.011 0.016 0.002 0.016 0.008 0.047 0.015 0.872 
164 NS_SS0739    (3)    3 :  0.011 0.015 0.030 0.013 0.034 0.059 0.014 0.028 0.796 
165 NS_SS0799    (1)    3 :  0.020 0.339 0.019 0.001 0.014 0.384 0.009 0.024 0.190 
166 NS_SS0756    (3)    3 :  0.359 0.007 0.024 0.004 0.010 0.013 0.540 0.008 0.037 
167 NS_SS0802    (2)    3 :  0.008 0.010 0.005 0.174 0.020 0.766 0.007 0.007 0.004 
168 NS_SS0747    (6)    3 :  0.206 0.019 0.035 0.008 0.054 0.322 0.089 0.006 0.260 
169 NS_SS0835    (1)    3 :  0.043 0.658 0.007 0.001 0.031 0.140 0.074 0.041 0.007 
170 NS_SS0742   (19)    3 :  0.153 0.014 0.030 0.001 0.082 0.240 0.038 0.028 0.414 
171 NS_SS0760    (9)    3 :  0.025 0.386 0.010 0.046 0.004 0.007 0.014 0.504 0.005 
172 NS_SS0803    (4)    3 :  0.663 0.012 0.026 0.008 0.011 0.022 0.133 0.009 0.116 
173 NS_SS0828   (14)    3 :  0.069 0.262 0.013 0.002 0.131 0.013 0.119 0.021 0.370 
174 NS_SS0865    (2)    3 :  0.724 0.009 0.013 0.024 0.011 0.006 0.122 0.013 0.077 
175 NS_SS0759    (5)    3 :  0.159 0.015 0.060 0.005 0.240 0.053 0.156 0.026 0.286 
176 NS_SS0851    (5)    3 :  0.018 0.010 0.058 0.019 0.651 0.007 0.150 0.017 0.071 
177 NS_SS0874   (16)    3 :  0.020 0.014 0.166 0.002 0.021 0.036 0.063 0.003 0.674 
178 NS_SS0761    (6)    3 :  0.460 0.262 0.006 0.003 0.010 0.012 0.116 0.123 0.009 
179 NS_SS0842   (26)    3 :  0.196 0.011 0.057 0.009 0.050 0.028 0.346 0.203 0.100 
180 NS_SS0785    (6)    3 :  0.778 0.018 0.013 0.006 0.017 0.082 0.026 0.025 0.035 
181 NS_SS0860   (11)    3 :  0.222 0.219 0.016 0.002 0.042 0.162 0.126 0.053 0.157 
182 NS_SS0897    (7)    3 :  0.010 0.090 0.007 0.002 0.008 0.014 0.012 0.830 0.029 
183 NS_SS0841   (15)    3 :  0.084 0.005 0.047 0.004 0.025 0.004 0.050 0.182 0.600 
184 NS_SS0797    (7)    3 :  0.103 0.448 0.028 0.035 0.035 0.009 0.061 0.261 0.020 
185 NS_SS0830   (11)    3 :  0.029 0.012 0.292 0.002 0.011 0.039 0.130 0.190 0.295 
186 NS_SS1011    (5)    3 :  0.447 0.009 0.049 0.006 0.239 0.060 0.174 0.004 0.012 
187 NS_SS0883    (5)    3 :  0.519 0.038 0.026 0.005 0.007 0.067 0.024 0.042 0.271 
188 NS_SS0782    (2)    3 :  0.910 0.010 0.008 0.002 0.014 0.006 0.006 0.037 0.009 
189 NS_SS0831    (5)    3 :  0.835 0.052 0.007 0.003 0.012 0.010 0.016 0.021 0.043 
190 NS_SS0749    (7)    3 :  0.121 0.018 0.008 0.005 0.085 0.072 0.013 0.020 0.658 
191 NS_SS0854    (2)    3 :  0.011 0.034 0.008 0.003 0.012 0.791 0.050 0.043 0.047 
192 HI_SS0193    (0)    4 :  0.009 0.009 0.007 0.002 0.046 0.006 0.008 0.863 0.051 
193 HI_SS0194    (1)    4 :  0.017 0.004 0.006 0.002 0.946 0.009 0.005 0.007 0.004 
194 HI_SS0195   (10)    4 :  0.244 0.008 0.041 0.129 0.348 0.033 0.107 0.005 0.087 
195 HI_SS0196    (6)    4 :  0.391 0.007 0.035 0.003 0.026 0.069 0.015 0.422 0.032 
196 HI_SS0197    (3)    4 :  0.046 0.008 0.006 0.012 0.874 0.015 0.028 0.004 0.005 
197 HI_SS0198    (1)    4 :  0.024 0.023 0.010 0.009 0.016 0.011 0.015 0.013 0.879 
198 HI_SS0199    (1)    4 :  0.009 0.927 0.006 0.002 0.011 0.013 0.007 0.011 0.013 
199 HI_SS0201    (5)    4 :  0.149 0.583 0.014 0.002 0.006 0.119 0.013 0.102 0.011 
200 HI_SS0215    (1)    4 :  0.590 0.235 0.011 0.002 0.010 0.014 0.123 0.008 0.005 
201 HI_SS0218    (1)    4 :  0.006 0.319 0.007 0.007 0.018 0.008 0.005 0.625 0.005 
202 HI_SS0222    (0)    4 :  0.663 0.044 0.012 0.004 0.019 0.009 0.229 0.008 0.011 
203 HI_SS0230    (1)    4 :  0.010 0.008 0.934 0.005 0.005 0.009 0.017 0.006 0.007 
204 HI_SS0234    (2)    4 :  0.022 0.432 0.011 0.152 0.013 0.282 0.067 0.003 0.018 
205 HI_SS0240    (1)    4 :  0.053 0.192 0.041 0.010 0.474 0.138 0.012 0.037 0.043 
206 HI_SS0241    (0)    4 :  0.012 0.551 0.020 0.002 0.039 0.271 0.049 0.051 0.004 
207 HI_SS0242    (0)    4 :  0.228 0.312 0.063 0.003 0.041 0.019 0.262 0.029 0.043 
208 HI_SS0247    (0)    4 :  0.017 0.007 0.097 0.025 0.022 0.010 0.425 0.014 0.384 
209 HI_SS0248    (1)    4 :  0.011 0.118 0.254 0.001 0.015 0.025 0.006 0.555 0.015 
210 HI_SS0252    (2)    4 :  0.468 0.011 0.019 0.002 0.356 0.019 0.065 0.013 0.048 
211 HI_SS0254    (0)    4 :  0.073 0.094 0.007 0.060 0.056 0.045 0.555 0.098 0.012 
212 HI_SS0256    (0)    4 :  0.012 0.004 0.018 0.001 0.022 0.095 0.834 0.006 0.008 
213 HI_SS0257    (0)    4 :  0.080 0.180 0.014 0.004 0.006 0.584 0.045 0.062 0.025 
214 HI_SS0258    (1)    4 :  0.028 0.057 0.014 0.006 0.016 0.012 0.069 0.791 0.008 
215 HI_SS0259    (1)    4 :  0.008 0.025 0.009 0.003 0.849 0.073 0.006 0.004 0.022 
216 HI_SS0260    (1)    4 :  0.021 0.046 0.719 0.002 0.010 0.051 0.016 0.125 0.011 
217 HI_SS0261    (2)    4 :  0.612 0.043 0.037 0.003 0.245 0.025 0.012 0.014 0.008 
218 HI_SS0262    (0)    4 :  0.053 0.007 0.012 0.008 0.056 0.103 0.283 0.140 0.339 
219 HI_SS0264    (0)    4 :  0.071 0.009 0.750 0.005 0.058 0.013 0.068 0.018 0.008 
220 HI_SS0265    (0)    4 :  0.017 0.056 0.013 0.082 0.015 0.050 0.753 0.007 0.008 
221 HI_SS0268    (1)    4 :  0.013 0.190 0.455 0.003 0.161 0.011 0.050 0.090 0.027 
222 HI_SS0269    (0)    4 :  0.030 0.060 0.005 0.002 0.028 0.194 0.031 0.631 0.018 
223 HI_SS0273    (0)    4 :  0.011 0.049 0.005 0.001 0.005 0.006 0.050 0.867 0.005 
224 HI_SS0277    (1)    4 :  0.077 0.081 0.005 0.002 0.076 0.008 0.729 0.013 0.009 
225 HI_SS0280    (0)    4 :  0.248 0.027 0.015 0.006 0.354 0.011 0.011 0.187 0.140 
226 HI_SS0282    (1)    4 :  0.316 0.013 0.009 0.001 0.008 0.053 0.026 0.111 0.463 
227 HI_SS0286    (1)    4 :  0.043 0.039 0.013 0.009 0.024 0.565 0.254 0.040 0.013 
228 NS_SS1252    (3)    5 :  0.017 0.872 0.013 0.004 0.005 0.007 0.036 0.032 0.014 
229 NS_SS1261    (1)    5 :  0.010 0.018 0.009 0.015 0.008 0.016 0.827 0.021 0.076 
230 NS_SS1225   (10)    5 :  0.024 0.431 0.272 0.100 0.012 0.023 0.051 0.016 0.072 
231 NS_SS1266    (1)    5 :  0.340 0.006 0.015 0.008 0.024 0.011 0.519 0.005 0.072 
232 NS_SS1228    (0)    5 :  0.012 0.008 0.011 0.013 0.030 0.012 0.057 0.027 0.830 
233 NS_SS1255    (3)    5 :  0.019 0.005 0.009 0.002 0.046 0.020 0.009 0.827 0.064 
234 NS_SS1267    (3)    5 :  0.004 0.958 0.008 0.006 0.003 0.006 0.003 0.007 0.004 
235 NS_SS1238    (6)    5 :  0.013 0.007 0.013 0.002 0.032 0.008 0.271 0.630 0.023 
236 NS_SS1233    (8)    5 :  0.021 0.011 0.743 0.002 0.039 0.006 0.079 0.080 0.019 
237 NS_SS1277    (3)    5 :  0.010 0.489 0.008 0.001 0.142 0.006 0.014 0.310 0.021 
238 NS_SS1245    (1)    5 :  0.578 0.043 0.011 0.002 0.096 0.124 0.092 0.030 0.022 
239 NS_SS1240    (4)    5 :  0.013 0.942 0.008 0.002 0.006 0.014 0.004 0.007 0.005 
240 NS_SS1275    (2)    5 :  0.013 0.004 0.014 0.003 0.122 0.255 0.576 0.006 0.007 
241 NS_SS1235    (1)    5 :  0.014 0.014 0.018 0.005 0.031 0.789 0.112 0.009 0.009 
242 NS_SS1263    (1)    5 :  0.008 0.011 0.867 0.001 0.022 0.025 0.011 0.005 0.049 
243 NS_SS1251    (2)    5 :  0.635 0.060 0.030 0.002 0.019 0.041 0.143 0.033 0.037 
244 NS_SS1248    (0)    5 :  0.007 0.011 0.036 0.074 0.062 0.009 0.768 0.018 0.014 
245 NS_SS1244    (0)    5 :  0.042 0.097 0.005 0.004 0.588 0.014 0.037 0.040 0.173 
246 NS_SS1257    (1)    5 :  0.129 0.619 0.051 0.027 0.028 0.009 0.020 0.102 0.013 
247 NS_SS1242    (2)    5 :  0.372 0.004 0.168 0.002 0.099 0.018 0.299 0.024 0.013 
248 NS_SS1271    (6)    5 :  0.018 0.523 0.014 0.044 0.050 0.011 0.026 0.246 0.068 
249 NS_SS1265    (1)    5 :  0.056 0.071 0.628 0.021 0.021 0.017 0.051 0.130 0.006 
250 NS_SS1243    (0)    5 :  0.019 0.015 0.762 0.072 0.023 0.007 0.016 0.069 0.017 
251 NS_SS1273    (1)    5 :  0.012 0.004 0.810 0.009 0.063 0.007 0.023 0.067 0.005 
252 NS_SS1254   (14)    5 :  0.065 0.008 0.824 0.005 0.013 0.033 0.007 0.009 0.034 
253 NS_SS1224    (1)    5 :  0.809 0.009 0.018 0.009 0.025 0.024 0.042 0.008 0.057 
254 NS_SS1227    (8)    5 :  0.015 0.503 0.231 0.002 0.022 0.126 0.061 0.022 0.018 
255 NS_SS1274    (9)    5 :  0.012 0.420 0.060 0.018 0.040 0.008 0.010 0.011 0.421 
256 NS_SS1241    (1)    5 :  0.012 0.017 0.021 0.001 0.005 0.026 0.011 0.892 0.015 
257 NS_SS1256    (3)    5 :  0.407 0.022 0.018 0.036 0.060 0.009 0.408 0.034 0.006 
258 NS_SS1260    (8)    5 :  0.016 0.602 0.039 0.065 0.008 0.227 0.012 0.011 0.019 
259 NS_SS1262    (0)    5 :  0.090 0.038 0.028 0.136 0.009 0.008 0.649 0.030 0.011 
260 NS_SS1230    (0)    5 :  0.022 0.023 0.087 0.009 0.013 0.033 0.024 0.782 0.007 
261 NS_SS1270    (2)    5 :  0.259 0.007 0.018 0.002 0.049 0.038 0.578 0.007 0.043 
262 NS_SS1229    (2)    5 :  0.013 0.011 0.004 0.005 0.101 0.808 0.017 0.014 0.027 
263 NS_SS1246    (5)    5 :  0.005 0.016 0.004 0.003 0.922 0.022 0.007 0.009 0.012 
264 NS_SS1269    (0)    5 :  0.341 0.101 0.034 0.002 0.065 0.080 0.114 0.244 0.019 
265 NS_SS1239    (1)    5 :  0.010 0.010 0.006 0.004 0.036 0.199 0.014 0.010 0.710 
266 NS_SS1272    (5)    5 :  0.033 0.034 0.016 0.007 0.050 0.290 0.558 0.006 0.006 
267 NS_SS1268    (1)    5 :  0.013 0.006 0.017 0.002 0.008 0.016 0.012 0.045 0.881 
268 NS_SS1249    (1)    5 :  0.105 0.060 0.012 0.013 0.013 0.023 0.009 0.756 0.008 
269 HI_SS0559    (0)    6 :  0.040 0.109 0.498 0.001 0.024 0.158 0.020 0.104 0.046 
270 HI_SS0563    (1)    6 :  0.852 0.023 0.007 0.003 0.007 0.005 0.011 0.012 0.079 
271 HI_SS0564    (0)    6 :  0.124 0.009 0.008 0.042 0.078 0.008 0.012 0.009 0.712 
272 HI_SS0565    (0)    6 :  0.140 0.035 0.054 0.004 0.080 0.633 0.021 0.021 0.012 
273 HI_SS0569    (1)    6 :  0.508 0.318 0.042 0.003 0.011 0.013 0.033 0.064 0.008 
274 HI_SS0570    (0)    6 :  0.019 0.004 0.003 0.019 0.005 0.897 0.006 0.042 0.004 
275 HI_SS0572    (1)    6 :  0.009 0.008 0.018 0.002 0.007 0.938 0.007 0.005 0.006 
276 HI_SS0576    (1)    6 :  0.026 0.006 0.028 0.006 0.124 0.072 0.651 0.040 0.049 
277 HI_SS0579    (1)    6 :  0.783 0.069 0.006 0.015 0.011 0.043 0.015 0.015 0.043 
278 HI_SS0580    (1)    6 :  0.022 0.052 0.453 0.005 0.072 0.239 0.020 0.108 0.030 
279 HI_SS0581    (0)    6 :  0.019 0.010 0.050 0.063 0.163 0.134 0.517 0.009 0.034 
280 HI_SS0583    (1)    6 :  0.006 0.902 0.061 0.002 0.004 0.009 0.006 0.005 0.006 
281 HI_SS0586    (1)    6 :  0.004 0.919 0.019 0.001 0.005 0.016 0.009 0.021 0.006 
282 HI_SS0588    (1)    6 :  0.035 0.796 0.027 0.021 0.008 0.012 0.041 0.051 0.008 
283 HI_SS0595    (4)    6 :  0.098 0.074 0.014 0.031 0.227 0.090 0.127 0.311 0.028 
284 HI_SS0596    (0)    6 :  0.006 0.003 0.047 0.002 0.025 0.853 0.009 0.020 0.034 
285 HI_SS0597    (1)    6 :  0.294 0.022 0.198 0.005 0.215 0.084 0.117 0.034 0.031 
286 HI_SS0600    (0)    6 :  0.040 0.348 0.008 0.003 0.031 0.464 0.055 0.021 0.030 
287 HI_SS0601    (1)    6 :  0.022 0.162 0.095 0.010 0.009 0.125 0.347 0.004 0.226 
288 HI_SS0602    (1)    6 :  0.031 0.889 0.022 0.002 0.015 0.012 0.012 0.008 0.007 
289 HI_SS0604    (0)    6 :  0.893 0.008 0.044 0.002 0.007 0.011 0.006 0.011 0.017 
290 HI_SS0605    (1)    6 :  0.369 0.126 0.011 0.007 0.018 0.388 0.008 0.026 0.049 
291 HI_SS0608    (0)    6 :  0.008 0.011 0.116 0.001 0.341 0.029 0.025 0.158 0.312 
292 HI_SS0609    (0)    6 :  0.094 0.015 0.641 0.001 0.014 0.008 0.049 0.163 0.014 
293 HI_SS0611    (5)    6 :  0.014 0.051 0.427 0.003 0.005 0.017 0.022 0.120 0.341 
294 HI_SS0612    (0)    6 :  0.398 0.042 0.034 0.009 0.017 0.061 0.107 0.263 0.069 
295 HI_SS0613    (1)    6 :  0.678 0.014 0.058 0.002 0.009 0.028 0.090 0.014 0.107 
296 HI_SS0615    (1)    6 :  0.009 0.025 0.009 0.012 0.210 0.033 0.058 0.006 0.636 
297 HI_SS0001    (1)    6 :  0.008 0.030 0.028 0.004 0.879 0.009 0.012 0.026 0.004 
298 HI_SS0002    (1)    6 :  0.139 0.042 0.146 0.022 0.008 0.025 0.593 0.013 0.011 
299 HI_SS0004    (0)    6 :  0.054 0.032 0.056 0.008 0.604 0.049 0.030 0.152 0.015 
300 HI_SS0005    (1)    6 :  0.170 0.044 0.063 0.008 0.015 0.014 0.645 0.023 0.018 
301 HI_SS0006    (1)    6 :  0.103 0.070 0.028 0.002 0.011 0.018 0.717 0.019 0.033 
302 HI_SS0007    (1)    6 :  0.010 0.010 0.009 0.003 0.023 0.011 0.015 0.877 0.042 
303 HI_SS0008    (0)    6 :  0.009 0.018 0.017 0.029 0.008 0.875 0.022 0.009 0.013 
304 HI_SS0009    (0)    6 :  0.012 0.016 0.073 0.006 0.042 0.062 0.019 0.117 0.653 
305 HI_SS0010    (1)    6 :  0.018 0.063 0.579 0.003 0.012 0.021 0.025 0.241 0.038 
306 HI_SS0011    (1)    6 :  0.305 0.007 0.166 0.076 0.040 0.055 0.297 0.035 0.018 
307 HI_SS0012    (0)    6 :  0.020 0.033 0.007 0.005 0.010 0.039 0.031 0.006 0.848 
308 HI_SS0017    (1)    6 :  0.011 0.007 0.056 0.002 0.832 0.015 0.006 0.063 0.007 
309 HI_SS0021    (1)    6 :  0.010 0.361 0.056 0.230 0.005 0.024 0.272 0.038 0.005 
310 HI_SS0024    (1)    6 :  0.034 0.006 0.371 0.003 0.368 0.067 0.111 0.018 0.021 
311 HI_SS0025    (1)    6 :  0.023 0.010 0.843 0.004 0.018 0.036 0.041 0.011 0.013 
312 HI_SS0027    (0)    6 :  0.013 0.065 0.008 0.009 0.003 0.009 0.007 0.163 0.722 
313 HI_SS0028    (0)    6 :  0.013 0.016 0.403 0.002 0.067 0.014 0.462 0.008 0.015 
314 HI_SS0029    (1)    6 :  0.085 0.037 0.349 0.011 0.289 0.010 0.150 0.037 0.031 
315 HI_SS0030    (2)    6 :  0.015 0.090 0.015 0.004 0.349 0.418 0.041 0.028 0.038 
316 HI_SS0031    (0)    6 :  0.101 0.097 0.071 0.003 0.008 0.439 0.250 0.021 0.011 
317 HI_SS0034    (0)    6 :  0.425 0.010 0.016 0.003 0.047 0.408 0.009 0.062 0.020 
318 HI_SS0036    (0)    6 :  0.012 0.493 0.018 0.015 0.276 0.037 0.018 0.114 0.018 
319 HI_SS0037    (1)    6 :  0.091 0.021 0.686 0.005 0.005 0.032 0.018 0.131 0.010 
320 HI_SS0039    (0)    6 :  0.120 0.059 0.048 0.003 0.291 0.035 0.256 0.175 0.011 
321 HI_SS0041    (1)    6 :  0.023 0.012 0.021 0.002 0.192 0.010 0.040 0.006 0.694 
322 HI_SS0042    (1)    6 :  0.184 0.005 0.027 0.143 0.552 0.030 0.015 0.028 0.017 
323 HI_SS0043    (1)    6 :  0.007 0.878 0.011 0.003 0.008 0.018 0.010 0.013 0.053 
324 HI_SS0044    (1)    6 :  0.024 0.067 0.086 0.003 0.099 0.046 0.010 0.659 0.006 
325 HI_SS0047    (1)    6 :  0.844 0.007 0.021 0.002 0.030 0.012 0.035 0.037 0.012 
326 HI_SS0049    (1)    6 :  0.013 0.011 0.824 0.005 0.029 0.013 0.035 0.046 0.024 
327 HI_SS0051    (1)    6 :  0.711 0.009 0.009 0.003 0.005 0.022 0.206 0.008 0.027 
328 HI_SS0053    (1)    6 :  0.009 0.746 0.023 0.005 0.097 0.054 0.009 0.027 0.030 
329 HI_SS0054    (4)    6 :  0.012 0.039 0.011 0.004 0.008 0.006 0.524 0.384 0.012 
330 HI_SS0057    (0)    6 :  0.041 0.011 0.016 0.004 0.252 0.037 0.374 0.120 0.146 
331 HI_SS0058    (0)    6 :  0.040 0.095 0.348 0.005 0.008 0.142 0.199 0.133 0.030 
332 HI_SS0060    (0)    6 :  0.012 0.010 0.010 0.067 0.021 0.384 0.333 0.139 0.024 
333 HI_SS0087    (1)    6 :  0.354 0.429 0.024 0.003 0.009 0.059 0.045 0.011 0.067 
334 HI_SS0091    (1)    6 :  0.028 0.781 0.012 0.001 0.040 0.043 0.017 0.023 0.055 
335 HI_SS0095    (1)    6 :  0.057 0.029 0.025 0.042 0.007 0.800 0.019 0.005 0.016 
336 HI_SS0097    (3)    6 :  0.058 0.005 0.522 0.004 0.005 0.008 0.025 0.015 0.358 
337 HI_SS0099    (1)    6 :  0.013 0.032 0.815 0.003 0.071 0.017 0.014 0.024 0.011 
338 HI_SS0103    (0)    6 :  0.052 0.026 0.018 0.004 0.041 0.721 0.109 0.019 0.011 
339 HI_SS0105    (1)    6 :  0.093 0.007 0.012 0.025 0.111 0.635 0.044 0.008 0.066 
340 HI_SS0107    (1)    6 :  0.019 0.004 0.025 0.001 0.044 0.866 0.024 0.005 0.011 
341 HI_SS0108    (1)    6 :  0.044 0.055 0.006 0.028 0.022 0.016 0.013 0.799 0.016 
342 HI_SS0110    (0)    6 :  0.097 0.081 0.028 0.001 0.460 0.108 0.096 0.032 0.096 
343 HI_SS0111    (1)    6 :  0.010 0.050 0.010 0.024 0.036 0.021 0.693 0.009 0.146 
344 HI_SS0112    (0)    6 :  0.008 0.008 0.005 0.001 0.013 0.010 0.007 0.928 0.020 
345 HI_SS0113    (1)    6 :  0.688 0.008 0.113 0.004 0.087 0.045 0.033 0.008 0.015 
346 HI_SS0114    (1)    6 :  0.011 0.942 0.008 0.005 0.005 0.005 0.010 0.008 0.006 
347 HI_SS0115    (1)    6 :  0.023 0.046 0.820 0.016 0.007 0.018 0.007 0.013 0.050 
348 HI_SS0116    (4)    6 :  0.008 0.140 0.026 0.003 0.057 0.086 0.072 0.565 0.043 
349 HI_SS0117    (0)    6 :  0.284 0.122 0.011 0.002 0.206 0.212 0.036 0.124 0.003 
350 HI_SS0118    (0)    6 :  0.841 0.023 0.033 0.009 0.005 0.018 0.013 0.049 0.009 
351 HI_SS0119    (1)    6 :  0.012 0.024 0.007 0.001 0.015 0.028 0.424 0.031 0.458 
352 HI_SS0120    (1)    6 :  0.008 0.008 0.005 0.003 0.843 0.085 0.027 0.011 0.009 
353 HI_SS0121    (0)    6 :  0.005 0.004 0.010 0.001 0.006 0.003 0.962 0.004 0.004 
354 HI_SS0122    (2)    6 :  0.015 0.025 0.099 0.028 0.022 0.013 0.427 0.286 0.083 
355 HI_SS0123    (0)    6 :  0.826 0.022 0.009 0.004 0.046 0.022 0.012 0.005 0.054 
356 HI_SS0124    (1)    6 :  0.008 0.010 0.082 0.005 0.528 0.016 0.033 0.094 0.224 
357 HI_SS0125    (1)    6 :  0.025 0.017 0.018 0.054 0.766 0.012 0.075 0.006 0.028 
358 HI_SS0126    (0)    6 :  0.006 0.009 0.023 0.001 0.008 0.021 0.010 0.917 0.006 
359 HI_SS0127    (0)    6 :  0.011 0.017 0.886 0.007 0.005 0.015 0.025 0.007 0.027 
360 HI_SS0128    (0)    6 :  0.020 0.016 0.267 0.004 0.213 0.432 0.019 0.018 0.011 
361 HI_SS0129    (1)    6 :  0.011 0.198 0.029 0.011 0.668 0.045 0.009 0.020 0.007 
362 HI_SS0131    (2)    6 :  0.085 0.013 0.025 0.034 0.004 0.006 0.285 0.536 0.011 
363 HI_SS0132    (0)    6 :  0.393 0.018 0.006 0.001 0.086 0.010 0.190 0.217 0.078 
364 HI_SS0133    (1)    6 :  0.004 0.014 0.005 0.001 0.007 0.005 0.003 0.957 0.003 
365 HI_SS0134    (1)    6 :  0.180 0.025 0.018 0.003 0.031 0.102 0.061 0.561 0.020 
366 HI_SS0142    (3)    6 :  0.425 0.077 0.120 0.012 0.026 0.099 0.232 0.004 0.006 
367 HI_SS0145    (0)    6 :  0.060 0.095 0.341 0.002 0.022 0.012 0.050 0.201 0.217 
368 HI_SS0146    (1)    6 :  0.007 0.017 0.008 0.001 0.008 0.012 0.010 0.905 0.032 
369 HI_SS0147    (1)    6 :  0.119 0.004 0.023 0.025 0.007 0.345 0.445 0.012 0.020 
370 HI_SS0149    (1)    6 :  0.016 0.008 0.015 0.004 0.459 0.039 0.361 0.087 0.011 
371 HI_SS0150    (2)    6 :  0.024 0.278 0.071 0.005 0.396 0.018 0.172 0.008 0.027 
372 HI_SS0151    (0)    6 :  0.027 0.006 0.009 0.015 0.006 0.025 0.005 0.120 0.787 
373 NS_SS1451    (1)    6 :  0.013 0.007 0.036 0.004 0.504 0.042 0.026 0.024 0.343 
374 NS_SS1404    (0)    6 :  0.075 0.025 0.045 0.015 0.082 0.083 0.593 0.030 0.051 
375 NS_SS1432    (2)    6 :  0.016 0.006 0.071 0.045 0.655 0.012 0.156 0.004 0.035 
376 NS_SS1405    (5)    6 :  0.116 0.010 0.583 0.003 0.012 0.008 0.014 0.226 0.028 
377 NS_SS1431   (10)    6 :  0.013 0.004 0.010 0.001 0.922 0.011 0.013 0.013 0.012 
378 NS_SS1402    (3)    6 :  0.023 0.177 0.020 0.003 0.135 0.061 0.033 0.008 0.541 
379 NS_SS1450    (3)    6 :  0.060 0.051 0.043 0.004 0.794 0.013 0.009 0.011 0.015 
380 NS_SS1396    (0)    6 :  0.061 0.015 0.393 0.009 0.026 0.016 0.061 0.031 0.387 
381 NS_SS1393    (5)    6 :  0.007 0.732 0.173 0.005 0.011 0.006 0.011 0.009 0.047 
382 NS_SS1392   (10)    6 :  0.016 0.018 0.004 0.017 0.844 0.027 0.006 0.009 0.059 
383 NS_SS1445    (0)    6 :  0.011 0.054 0.745 0.005 0.013 0.019 0.138 0.005 0.008 
384 NS_SS1423    (0)    6 :  0.016 0.022 0.014 0.002 0.007 0.865 0.013 0.055 0.007 
385 NS_SS1421    (9)    6 :  0.007 0.043 0.022 0.078 0.187 0.011 0.042 0.016 0.595 
386 NS_SS1411    (6)    6 :  0.407 0.075 0.011 0.001 0.010 0.019 0.052 0.343 0.082 
387 NS_SS1453    (6)    6 :  0.064 0.476 0.049 0.009 0.034 0.155 0.115 0.050 0.049 
388 NS_SS1442    (3)    6 :  0.065 0.025 0.102 0.004 0.006 0.033 0.619 0.130 0.016 
389 NS_SS1422    (1)    6 :  0.058 0.031 0.046 0.014 0.011 0.214 0.052 0.021 0.554 
390 NS_SS1419    (1)    6 :  0.012 0.007 0.074 0.145 0.011 0.006 0.011 0.009 0.725 
391 NS_SS1427    (0)    6 :  0.006 0.869 0.009 0.002 0.026 0.018 0.006 0.059 0.006 
392 NS_SS1444    (4)    6 :  0.035 0.013 0.871 0.003 0.014 0.019 0.019 0.011 0.015 
393 NS_SS1455    (0)    6 :  0.160 0.008 0.221 0.002 0.013 0.029 0.457 0.062 0.047 
394 NS_SS1425    (2)    6 :  0.008 0.012 0.007 0.001 0.003 0.022 0.011 0.855 0.080 
395 NS_SS1400    (0)    6 :  0.033 0.037 0.028 0.001 0.007 0.010 0.200 0.675 0.009 
396 NS_SS1406    (2)    6 :  0.061 0.018 0.206 0.010 0.062 0.033 0.376 0.005 0.230 
397 NS_SS1417    (6)    6 :  0.010 0.006 0.021 0.005 0.009 0.007 0.910 0.024 0.008 
398 NS_SS1454    (3)    6 :  0.095 0.140 0.071 0.001 0.193 0.039 0.114 0.301 0.045 
399 NS_SS1412    (1)    6 :  0.047 0.007 0.030 0.026 0.031 0.646 0.023 0.180 0.010 
400 NS_SS1438    (1)    6 :  0.135 0.072 0.011 0.002 0.009 0.719 0.017 0.018 0.017 
401 NS_SS1416    (4)    6 :  0.672 0.009 0.058 0.008 0.035 0.016 0.037 0.004 0.161 
402 NS_SS1401    (0)    6 :  0.004 0.006 0.010 0.012 0.010 0.915 0.016 0.012 0.014 
403 NS_SS1424    (6)    6 :  0.012 0.014 0.004 0.008 0.009 0.009 0.907 0.024 0.013 
404 NS_SS1435   (10)    6 :  0.021 0.010 0.021 0.003 0.040 0.010 0.017 0.864 0.014 
405 NS_SS1447    (4)    6 :  0.045 0.008 0.745 0.006 0.009 0.016 0.153 0.009 0.009 
406 NS_SS1414    (3)    6 :  0.017 0.005 0.925 0.006 0.010 0.012 0.017 0.003 0.006 
407 NS_SS1449   (14)    6 :  0.004 0.006 0.004 0.003 0.006 0.006 0.005 0.004 0.962 
408 NS_SS1443    (4)    6 :  0.053 0.512 0.010 0.002 0.014 0.015 0.007 0.281 0.105 
409 NS_SS1434    (1)    6 :  0.019 0.011 0.012 0.001 0.048 0.019 0.006 0.865 0.019 
410 NS_SS1398    (1)    6 :  0.008 0.040 0.259 0.022 0.498 0.021 0.024 0.095 0.033 
411 NS_SS1426    (1)    6 :  0.048 0.690 0.009 0.002 0.016 0.076 0.119 0.011 0.028 
412 NS_SS1413    (0)    6 :  0.004 0.004 0.002 0.008 0.005 0.021 0.007 0.945 0.003 
413 NS_SS1395    (1)    6 :  0.017 0.661 0.062 0.010 0.012 0.180 0.012 0.013 0.034 
414 NS_SS1448   (10)    6 :  0.018 0.010 0.045 0.002 0.671 0.006 0.014 0.228 0.007 
415 NS_SS1446    (0)    6 :  0.488 0.027 0.007 0.003 0.017 0.016 0.392 0.028 0.022 
416 NS_SS1403    (2)    6 :  0.012 0.609 0.115 0.009 0.031 0.155 0.017 0.006 0.045 
417 NS_SS1415    (0)    6 :  0.009 0.010 0.013 0.010 0.006 0.018 0.043 0.882 0.009 
418 NS_SS1437    (4)    6 :  0.035 0.018 0.527 0.009 0.039 0.166 0.187 0.013 0.006 
419 NS_SS1439    (2)    6 :  0.561 0.288 0.064 0.003 0.005 0.026 0.039 0.007 0.007 
420 NS_SS1441    (3)    6 :  0.036 0.177 0.038 0.002 0.187 0.334 0.020 0.198 0.009 
421 NS_SS1420    (2)    6 :  0.020 0.010 0.228 0.003 0.012 0.007 0.011 0.009 0.700 
422 NS_SS1394    (2)    6 :  0.039 0.018 0.318 0.045 0.043 0.007 0.021 0.007 0.502 
423 NS_SS1391    (7)    6 :  0.004 0.011 0.009 0.008 0.008 0.932 0.006 0.017 0.004 
424 NS_SS1410    (5)    6 :  0.078 0.094 0.141 0.020 0.120 0.094 0.300 0.114 0.038 
425 NS_SS1408    (1)    6 :  0.767 0.009 0.012 0.047 0.118 0.020 0.008 0.010 0.009 
426 NS_SS1409    (1)    6 :  0.022 0.043 0.012 0.002 0.685 0.120 0.079 0.014 0.023 
427 HI_SS0617    (1)    7 :  0.173 0.018 0.055 0.002 0.143 0.202 0.203 0.117 0.088 
428 HI_SS0618    (2)    7 :  0.166 0.033 0.024 0.002 0.099 0.007 0.010 0.004 0.654 
429 HI_SS0619    (0)    7 :  0.013 0.017 0.119 0.004 0.054 0.006 0.028 0.741 0.017 
430 HI_SS0620    (1)    7 :  0.004 0.422 0.012 0.003 0.005 0.017 0.016 0.464 0.057 
431 HI_SS0621    (3)    7 :  0.083 0.077 0.035 0.020 0.043 0.317 0.385 0.009 0.031 
432 HI_SS0622    (1)    7 :  0.057 0.044 0.544 0.014 0.021 0.014 0.211 0.074 0.021 
433 HI_SS0626    (0)    7 :  0.012 0.029 0.130 0.007 0.092 0.012 0.686 0.015 0.018 
434 HI_SS0627    (0)    7 :  0.045 0.008 0.006 0.008 0.064 0.029 0.797 0.008 0.036 
