   NS_SS0963  1 0.8713 0.0614 0.0050 0.0622 
   NS_SS0983  1 0.0742 0.9125 0.0046 0.0087 
   NS_SS0719  1 0.9568 0.0271 0.0036 0.0124 
   NS_SS1001  1 0.0662 0.2689 0.0066 0.6584 
   NS_SS0936  1 0.5425 0.0505 0.0023 0.4047 
   NS_SS0955  1 0.1120 0.8396 0.0037 0.0446 
   NS_SS0944  1 0.0349 0.8288 0.0020 0.1343 
   NS_SS0945  1 0.0925 0.2606 0.0095 0.6374 
   NS_SS0922  1 0.7884 0.0123 0.0231 0.1761 
   NS_SS0929  1 0.3945 0.5212 0.0032 0.0811 
   NS_SS0956  1 0.5785 0.0224 0.0033 0.3958 
   NS_SS0906  1 0.5265 0.0548 0.0025 0.4163 
   NS_SS0721  1 0.9735 0.0120 0.0041 0.0105 
   NS_SS0982  1 0.6315 0.0161 0.0137 0.3387 
   NS_SS0923  1 0.9100 0.0134 0.0045 0.0720 
   NS_SS0905  1 0.8910 0.0819 0.0015 0.0256 
   NS_SS0925  1 0.8264 0.0113 0.0037 0.1586 
   NS_SS0947  1 0.2746 0.0260 0.0040 0.6953 
   NS_SS0926  1 0.0107 0.9790 0.0011 0.0091 
   NS_SS0918  1 0.1196 0.0949 0.0023 0.7833 
   NS_SS0966  1 0.0718 0.0671 0.0466 0.8145 
   NS_SS0938  1 0.0468 0.0308 0.0014 0.9210 
   NS_SS0917  1 0.9110 0.0181 0.0269 0.0440 
   NS_SS0957  1 0.0908 0.0177 0.0062 0.8853 
   NS_SS0987  1 0.4659 0.0583 0.2416 0.2342 
   NS_SS0717  1 0.1298 0.0202 0.0026 0.8474 
   NS_SS0986  1 0.1673 0.0745 0.0037 0.7544 
   NS_SS0953  1 0.1003 0.0267 0.0156 0.8574 
   NS_SS0907  1 0.5294 0.0522 0.0312 0.3872 
   NS_SS0974  1 0.1533 0.7585 0.0038 0.0845 
   NS_SS0989  1 0.1134 0.8589 0.0012 0.0266 
   NS_SS0991  1 0.0573 0.9081 0.0020 0.0326 
   NS_SS0994  1 0.0078 0.9843 0.0019 0.0060 
   NS_SS0931  1 0.0468 0.9252 0.0106 0.0173 
   NS_SS1000  1 0.3063 0.0160 0.0032 0.6745 
   NS_SS0919  1 0.9179 0.0717 0.0024 0.0081 
   NS_SS0949  1 0.0200 0.9699 0.0015 0.0086 
   NS_SS0960  1 0.7177 0.2602 0.0060 0.0161 
   NS_SS0716  1 0.1052 0.0068 0.0059 0.8821 
   NS_SS0924  1 0.4989 0.4561 0.0171 0.0279 
   NS_SS0935  1 0.3668 0.6144 0.0091 0.0097 
   NS_SS0952  1 0.1315 0.7624 0.0416 0.0645 
   NS_SS0962  1 0.3803 0.0234 0.0059 0.5904 
   NS_SS0973  1 0.7110 0.2582 0.0034 0.0275 
   NS_SS0722  1 0.1311 0.0092 0.0021 0.8576 
   NS_SS0979  1 0.0424 0.0140 0.0018 0.9418 
   NS_SS0993  1 0.0477 0.0216 0.0174 0.9133 
   NS_SS0958  1 0.0581 0.8173 0.0030 0.1216 
   NS_SS0988  1 0.4125 0.1470 0.0044 0.4361 
   NS_SS1003  1 0.3969 0.0215 0.0098 0.5718 
   NS_SS0976  1 0.1111 0.8246 0.0020 0.0624 
   NS_SS0964  1 0.0466 0.0099 0.0024 0.9411 
   NS_SS0939  1 0.4794 0.0059 0.0045 0.5101 
   NS_SS0990  1 0.0870 0.1060 0.0032 0.8037 
   NS_SS0984  1 0.5657 0.0106 0.0019 0.4219 
   NS_SS0980  1 0.8795 0.0870 0.0021 0.0314 
   NS_SS0978  1 0.9032 0.0316 0.0026 0.0626 
   NS_SS0951  1 0.0698 0.6078 0.0034 0.3191 
   NS_SS0913  1 0.0441 0.0148 0.0373 0.9038 
   NS_SS1002  1 0.0333 0.0093 0.0359 0.9215 
   NS_SS0948  1 0.0521 0.1152 0.0415 0.7912 
   NS_SS0916  1 0.7847 0.1513 0.0038 0.0601 
   NS_SS0995  1 0.9410 0.0203 0.0026 0.0361 
   NS_SS0927  1 0.9306 0.0372 0.0045 0.0277 
   NS_SS0992  1 0.6894 0.2106 0.0029 0.0971 
   NS_SS0912  1 0.2152 0.5257 0.0026 0.2565 
   NS_SS0981  1 0.5625 0.0373 0.0031 0.3971 
   NS_SS0729  2 0.0202 0.9690 0.0030 0.0078 
   NS_SS0967  2 0.6596 0.1395 0.0117 0.1892 
   NS_SS0941  2 0.6607 0.1096 0.0706 0.1591 
   NS_SS0768  2 0.0492 0.0217 0.0040 0.9252 
   NS_SS0726  2 0.1994 0.7760 0.0081 0.0164 
   NS_SS0763  2 0.0535 0.8767 0.0023 0.0676 
   NS_SS0730  2 0.4916 0.0293 0.0031 0.4760 
   NS_SS0774  2 0.2335 0.0081 0.0009 0.7575 
   NS_SS0723  2 0.9724 0.0049 0.0012 0.0215 
   NS_SS0940  2 0.7716 0.1901 0.0055 0.0328 
   NS_SS0762  2 0.1292 0.0138 0.0026 0.8544 
   NS_SS0766  2 0.8112 0.1098 0.0107 0.0682 
   NS_SS0724  2 0.0161 0.0114 0.0037 0.9688 
   NS_SS0769  2 0.5861 0.0192 0.0040 0.3907 
   NS_SS0777  2 0.3523 0.3894 0.0120 0.2463 
   NS_SS0734  2 0.7787 0.1630 0.0200 0.0383 
   NS_SS0737  2 0.3266 0.0106 0.0054 0.6574 
   NS_SS0732  2 0.9637 0.0115 0.0035 0.0212 
   NS_SS0728  2 0.8559 0.0324 0.0080 0.1037 
   NS_SS0735  2 0.7133 0.0445 0.0069 0.2353 
   NS_SS0725  2 0.0099 0.0604 0.0068 0.9230 
   NS_SS0788  2 0.9712 0.0100 0.0011 0.0177 
   NS_SS0778  2 0.9266 0.0524 0.0014 0.0196 
   NS_SS0792  2 0.2863 0.1566 0.0049 0.5522 
   NS_SS0943  2 0.0155 0.9544 0.0071 0.0229 
   NS_SS0791  2 0.9596 0.0224 0.0107 0.0073 
   NS_SS0790  2 0.0089 0.0044 0.0030 0.9837 
   NS_SS0731  2 0.0210 0.0100 0.0100 0.9590 
   NS_SS0727  2 0.0384 0.8387 0.0021 0.1208 
   NS_SS0779  2 0.7650 0.0557 0.0047 0.1747 
   NS_SS0776  2 0.1051 0.0885 0.0063 0.8001 
   NS_SS0775  2 0.2834 0.0105 0.0068 0.6993 
   NS_SS0965  3 0.9337 0.0297 0.0015 0.0351 
   NS_SS0754  3 0.4929 0.4606 0.0107 0.0357 
   NS_SS0838  3 0.1238 0.1434 0.0412 0.6916 
   NS_SS0839  3 0.2952 0.0086 0.0034 0.6929 
   NS_SS0832  3 0.2645 0.0053 0.0402 0.6901 
   NS_SS0820  3 0.3567 0.0048 0.0057 0.6328 
   NS_SS0886  3 0.7519 0.2238 0.0021 0.0222 
   NS_SS0748  3 0.1236 0.4104 0.0080 0.4580 
   NS_SS0884  3 0.7975 0.0628 0.0171 0.1225 
   NS_SS0752  3 0.8340 0.0538 0.0021 0.1101 
   NS_SS0862  3 0.8939 0.0089 0.0039 0.0932 
   NS_SS0787  3 0.0307 0.9555 0.0065 0.0073 
   NS_SS0843  3 0.3608 0.1561 0.0018 0.4813 
   NS_SS0856  3 0.0956 0.0178 0.0032 0.8834 
   NS_SS0846  3 0.3044 0.4724 0.0035 0.2197 
   NS_SS0825  3 0.5474 0.1903 0.0103 0.2520 
   NS_SS0757  3 0.5778 0.3387 0.0035 0.0801 
   NS_SS0876  3 0.2384 0.0200 0.2100 0.5316 
   NS_SS0903  3 0.7981 0.0151 0.0023 0.1845 
   NS_SS0875  3 0.5510 0.1092 0.0030 0.3368 
   NS_SS0740  3 0.7157 0.1764 0.0030 0.1048 
   NS_SS0811  3 0.0440 0.0111 0.0087 0.9362 
   NS_SS0751  3 0.6886 0.0533 0.0020 0.2562 
   NS_SS0891  3 0.0316 0.0204 0.0051 0.9429 
   NS_SS0867  3 0.5091 0.4251 0.0269 0.0388 
   NS_SS0890  3 0.8390 0.1307 0.0032 0.0270 
   NS_SS0866  3 0.0182 0.9438 0.0047 0.0333 
   NS_SS0755  3 0.2989 0.0749 0.0068 0.6194 
   NS_SS0758  3 0.5232 0.1146 0.0019 0.3603 
   NS_SS0840  3 0.2240 0.0128 0.0023 0.7608 
   NS_SS0889  3 0.0271 0.9310 0.0023 0.0395 
   NS_SS1010  3 0.5337 0.0850 0.0352 0.3462 
   NS_SS0888  3 0.1167 0.8734 0.0016 0.0083 
   NS_SS0837  3 0.3721 0.1131 0.0024 0.5125 
   NS_SS0794  3 0.0566 0.7989 0.0021 0.1424 
   NS_SS0823  3 0.0486 0.0131 0.0035 0.9348 
   NS_SS0829  3 0.0345 0.8321 0.1154 0.0179 
   NS_SS0844  3 0.0340 0.0101 0.0015 0.9544 
   NS_SS1008  3 0.0798 0.8287 0.0128 0.0787 
   NS_SS0881  3 0.7548 0.1895 0.0021 0.0537 
   NS_SS0834  3 0.0132 0.0093 0.0047 0.9727 
   NS_SS0744  3 0.9624 0.0163 0.0046 0.0167 
   NS_SS0899  3 0.0077 0.0057 0.0012 0.9854 
   NS_SS0804  3 0.1452 0.0073 0.0040 0.8435 
   NS_SS0781  3 0.0436 0.0050 0.0031 0.9483 
   NS_SS0822  3 0.0349 0.8292 0.0019 0.1340 
   NS_SS1004  3 0.4589 0.1028 0.0036 0.4348 
   NS_SS0746  3 0.0661 0.2439 0.0130 0.6770 
   NS_SS0880  3 0.4765 0.2574 0.0016 0.2644 
   NS_SS0879  3 0.0678 0.0294 0.0118 0.8910 
   NS_SS0753  3 0.4521 0.5198 0.0089 0.0191 
   NS_SS1007  3 0.9821 0.0097 0.0015 0.0068 
   NS_SS0872  3 0.0271 0.0082 0.0018 0.9629 
   NS_SS1005  3 0.1166 0.0199 0.0012 0.8623 
   NS_SS0892  3 0.7950 0.0385 0.0018 0.1647 
   NS_SS0898  3 0.0469 0.9049 0.0059 0.0423 
   NS_SS0801  3 0.7739 0.0228 0.0089 0.1945 
   NS_SS0827  3 0.4615 0.2884 0.1236 0.1265 
   NS_SS0853  3 0.1400 0.0193 0.0051 0.8357 
   NS_SS0780  3 0.9464 0.0071 0.0029 0.0436 
   NS_SS0826  3 0.0198 0.4197 0.0033 0.5571 
   NS_SS0818  3 0.9442 0.0110 0.0014 0.0433 
   NS_SS0745  3 0.0454 0.0089 0.0010 0.9448 
   NS_SS0849  3 0.6004 0.1423 0.0019 0.2555 
   NS_SS0739  3 0.9543 0.0078 0.0087 0.0293 
   NS_SS0799  3 0.3335 0.6481 0.0011 0.0173 
   NS_SS0756  3 0.1995 0.0113 0.0034 0.7858 
   NS_SS0802  3 0.7406 0.0699 0.1702 0.0193 
   NS_SS0747  3 0.9276 0.0136 0.0046 0.0543 
   NS_SS0835  3 0.1427 0.8423 0.0012 0.0139 
   NS_SS0742  3 0.7274 0.0279 0.0012 0.2435 
   NS_SS0760  3 0.0198 0.9131 0.0491 0.0181 
   NS_SS0803  3 0.1962 0.0095 0.0076 0.7868 
   NS_SS0828  3 0.7061 0.2734 0.0014 0.0191 
   NS_SS0865  3 0.7289 0.0611 0.0238 0.1862 
   NS_SS0759  3 0.8534 0.0055 0.0037 0.1374 
   NS_SS0851  3 0.1231 0.0083 0.0104 0.8582 
   NS_SS0874  3 0.1905 0.0230 0.0014 0.7851 
   NS_SS0761  3 0.0797 0.8858 0.0030 0.0316 
   NS_SS0842  3 0.0862 0.2535 0.0083 0.6520 
   NS_SS0785  3 0.7724 0.1342 0.0044 0.0891 
   NS_SS0860  3 0.1938 0.7792 0.0023 0.0247 
   NS_SS0897  3 0.0118 0.9772 0.0020 0.0089 
   NS_SS0841  3 0.6263 0.0238 0.0028 0.3471 
   NS_SS0797  3 0.0636 0.8723 0.0268 0.0374 
   NS_SS0830  3 0.3282 0.4132 0.0021 0.2565 
   NS_SS1011  3 0.1951 0.0141 0.0051 0.7857 
   NS_SS0883  3 0.9238 0.0556 0.0056 0.0151 
   NS_SS0782  3 0.1919 0.1985 0.0022 0.6074 
   NS_SS0831  3 0.0451 0.9152 0.0034 0.0363 
   NS_SS0749  3 0.9708 0.0208 0.0026 0.0058 
   NS_SS0854  3 0.2696 0.4117 0.0030 0.3156 
   HI_SS0193  4 0.0074 0.9803 0.0012 0.0111 
   HI_SS0194  4 0.0207 0.0245 0.0018 0.9530 
   HI_SS0195  4 0.2391 0.0054 0.0903 0.6652 
   HI_SS0196  4 0.5623 0.2673 0.0025 0.1678 
   HI_SS0197  4 0.7832 0.0052 0.0121 0.1995 
   HI_SS0198  4 0.9246 0.0403 0.0070 0.0280 
   HI_SS0199  4 0.6222 0.3633 0.0026 0.0119 
   HI_SS0201  4 0.0413 0.9459 0.0020 0.0107 
   HI_SS0215  4 0.3465 0.6128 0.0028 0.0379 
   HI_SS0218  4 0.0101 0.9788 0.0053 0.0059 
   HI_SS0222  4 0.8088 0.0898 0.0042 0.0972 
   HI_SS0230  4 0.2313 0.0175 0.0054 0.7458 
   HI_SS0234  4 0.6959 0.0934 0.1312 0.0795 
   HI_SS0240  4 0.9769 0.0088 0.0057 0.0086 
   HI_SS0241  4 0.0745 0.8874 0.0020 0.0361 
   HI_SS0242  4 0.2931 0.2954 0.0026 0.4088 
   HI_SS0247  4 0.0111 0.0128 0.0170 0.9590 
   HI_SS0248  4 0.0135 0.9769 0.0008 0.0089 
   HI_SS0252  4 0.0743 0.0483 0.0021 0.8753 
   HI_SS0254  4 0.1650 0.7262 0.0957 0.0132 
   HI_SS0256  4 0.0352 0.0031 0.0013 0.9604 
   HI_SS0257  4 0.3180 0.5929 0.0032 0.0859 
   HI_SS0258  4 0.1293 0.8538 0.0043 0.0126 
   HI_SS0259  4 0.6477 0.0165 0.0025 0.3334 
   HI_SS0260  4 0.1456 0.8121 0.0017 0.0406 
   HI_SS0261  4 0.2654 0.6908 0.0031 0.0407 
   HI_SS0262  4 0.5551 0.0169 0.0063 0.4218 
   HI_SS0264  4 0.2178 0.0166 0.0042 0.7614 
   HI_SS0265  4 0.4936 0.0132 0.0891 0.4040 
   HI_SS0268  4 0.7669 0.0301 0.0025 0.2005 
   HI_SS0269  4 0.0466 0.9356 0.0016 0.0163 
   HI_SS0273  4 0.0522 0.9214 0.0017 0.0248 
   HI_SS0277  4 0.8004 0.1696 0.0022 0.0278 
   HI_SS0280  4 0.7408 0.1561 0.0052 0.0978 
   HI_SS0282  4 0.2595 0.7117 0.0013 0.0275 
   HI_SS0286  4 0.7362 0.2090 0.0070 0.0477 
   NS_SS1252  5 0.0149 0.9733 0.0031 0.0087 
   NS_SS1261  5 0.1846 0.0646 0.0149 0.7359 
   NS_SS1225  5 0.0976 0.5033 0.1090 0.2900 
   NS_SS1266  5 0.0303 0.0063 0.0073 0.9562 
   NS_SS1228  5 0.2653 0.0206 0.0130 0.7011 
   NS_SS1255  5 0.0618 0.3653 0.0015 0.5715 
   NS_SS1267  5 0.0236 0.9597 0.0119 0.0048 
   NS_SS1238  5 0.1502 0.5757 0.0028 0.2714 
   NS_SS1233  5 0.0133 0.1408 0.0016 0.8443 
   NS_SS1277  5 0.0092 0.9823 0.0008 0.0077 
   NS_SS1245  5 0.0269 0.8406 0.0016 0.1309 
   NS_SS1240  5 0.0373 0.9523 0.0018 0.0086 
   NS_SS1275  5 0.0276 0.0065 0.0023 0.9636 
   NS_SS1235  5 0.0831 0.0479 0.0053 0.8637 
   NS_SS1263  5 0.0093 0.0253 0.0010 0.9644 
   NS_SS1251  5 0.0971 0.0394 0.0015 0.8621 
   NS_SS1248  5 0.1397 0.3688 0.1055 0.3860 
   NS_SS1244  5 0.5072 0.4336 0.0053 0.0540 
   NS_SS1257  5 0.2787 0.6640 0.0309 0.0264 
   NS_SS1242  5 0.0927 0.0062 0.0022 0.8989 
   NS_SS1271  5 0.0107 0.9564 0.0274 0.0055 
   NS_SS1265  5 0.0331 0.6101 0.0218 0.3351 
   NS_SS1243  5 0.0889 0.0415 0.0700 0.7996 
   NS_SS1273  5 0.1618 0.0132 0.0089 0.8160 
   NS_SS1254  5 0.0139 0.0222 0.0055 0.9584 
   NS_SS1224  5 0.0428 0.0103 0.0071 0.9398 
   NS_SS1227  5 0.4300 0.5413 0.0019 0.0269 
   NS_SS1274  5 0.1881 0.7340 0.0177 0.0602 
   NS_SS1241  5 0.0334 0.8701 0.0011 0.0954 
   NS_SS1256  5 0.0445 0.2402 0.0378 0.6775 
   NS_SS1260  5 0.5382 0.3685 0.0645 0.0288 
   NS_SS1262  5 0.1688 0.6111 0.1773 0.0428 
   NS_SS1230  5 0.1836 0.5158 0.0097 0.2909 
   NS_SS1270  5 0.0873 0.0232 0.0021 0.8874 
   NS_SS1229  5 0.4762 0.0390 0.0037 0.4811 
   NS_SS1246  5 0.0484 0.9031 0.0030 0.0455 
   NS_SS1269  5 0.8560 0.0572 0.0020 0.0848 
   NS_SS1239  5 0.7015 0.0744 0.0048 0.2193 
   NS_SS1272  5 0.0204 0.0240 0.0053 0.9503 
   NS_SS1268  5 0.2668 0.0495 0.0021 0.6816 
   NS_SS1249  5 0.0073 0.9693 0.0111 0.0123 
   HI_SS0559  6 0.6917 0.2338 0.0016 0.0729 
   HI_SS0563  6 0.5188 0.3802 0.0029 0.0981 
   HI_SS0564  6 0.8609 0.0298 0.0432 0.0660 
   HI_SS0565  6 0.8724 0.0703 0.0028 0.0545 
   HI_SS0569  6 0.1854 0.8023 0.0017 0.0106 
   HI_SS0570  6 0.0636 0.8710 0.0441 0.0213 
   HI_SS0572  6 0.0249 0.0118 0.0020 0.9613 
   HI_SS0576  6 0.9392 0.0215 0.0047 0.0346 
   HI_SS0579  6 0.3348 0.5072 0.0214 0.1365 
   HI_SS0580  6 0.3804 0.5664 0.0035 0.0496 
   HI_SS0581  6 0.1454 0.0077 0.0625 0.7843 
   HI_SS0583  6 0.0326 0.8162 0.0022 0.1490 
   HI_SS0586  6 0.0176 0.9743 0.0010 0.0071 
   HI_SS0588  6 0.2164 0.7198 0.0181 0.0457 
   HI_SS0595  6 0.5282 0.4291 0.0230 0.0197 
   HI_SS0596  6 0.0139 0.0101 0.0016 0.9745 
   HI_SS0597  6 0.0119 0.0066 0.0021 0.9794 
   HI_SS0600  6 0.7847 0.1422 0.0029 0.0703 
   HI_SS0601  6 0.3579 0.5584 0.0135 0.0701 
   HI_SS0602  6 0.8505 0.1115 0.0025 0.0354 
   HI_SS0604  6 0.1826 0.1539 0.0017 0.6618 
   HI_SS0605  6 0.9500 0.0320 0.0054 0.0126 
   HI_SS0608  6 0.1501 0.4542 0.0012 0.3945 
   HI_SS0609  6 0.0223 0.0189 0.0006 0.9581 
   HI_SS0611  6 0.0894 0.8591 0.0033 0.0483 
   HI_SS0612  6 0.6154 0.2053 0.0063 0.1730 
   HI_SS0613  6 0.6959 0.0638 0.0015 0.2388 
   HI_SS0615  6 0.9201 0.0086 0.0079 0.0634 
   HI_SS0001  6 0.1348 0.6899 0.0041 0.1712 
   HI_SS0002  6 0.0730 0.0164 0.0261 0.8845 
   HI_SS0004  6 0.1973 0.5638 0.0057 0.2332 
   HI_SS0005  6 0.9281 0.0304 0.0061 0.0354 
   HI_SS0006  6 0.0594 0.7652 0.0015 0.1739 
   HI_SS0007  6 0.0131 0.9662 0.0023 0.0184 
   HI_SS0008  6 0.8498 0.0736 0.0297 0.0469 
   HI_SS0009  6 0.5451 0.0463 0.0043 0.4043 
   HI_SS0010  6 0.1109 0.8490 0.0034 0.0367 
   HI_SS0011  6 0.0250 0.0499 0.0816 0.8434 
   HI_SS0012  6 0.9716 0.0052 0.0039 0.0194 
   HI_SS0017  6 0.0067 0.0142 0.0016 0.9775 
   HI_SS0021  6 0.0469 0.4524 0.2338 0.2668 
   HI_SS0024  6 0.2022 0.1057 0.0021 0.6900 
   HI_SS0025  6 0.0228 0.0146 0.0030 0.9596 
   HI_SS0027  6 0.2438 0.7329 0.0123 0.0110 
   HI_SS0028  6 0.6250 0.0067 0.0015 0.3668 
   HI_SS0029  6 0.5436 0.0316 0.0075 0.4173 
   HI_SS0030  6 0.2730 0.6848 0.0050 0.0372 
   HI_SS0031  6 0.9771 0.0089 0.0026 0.0115 
   HI_SS0034  6 0.1683 0.8191 0.0047 0.0079 
   HI_SS0036  6 0.2457 0.7368 0.0111 0.0064 
   HI_SS0037  6 0.0769 0.5414 0.0049 0.3768 
   HI_SS0039  6 0.1158 0.8309 0.0032 0.0501 
   HI_SS0041  6 0.2139 0.0087 0.0015 0.7759 
   HI_SS0042  6 0.5073 0.0168 0.1116 0.3643 
   HI_SS0043  6 0.0177 0.9727 0.0028 0.0068 
   HI_SS0044  6 0.3047 0.2119 0.0027 0.4807 
   HI_SS0047  6 0.4089 0.0256 0.0019 0.5636 
   HI_SS0049  6 0.0144 0.0330 0.0038 0.9488 
   HI_SS0051  6 0.8267 0.0416 0.0023 0.1295 
   HI_SS0053  6 0.0472 0.9339 0.0046 0.0142 
   HI_SS0054  6 0.0085 0.9820 0.0027 0.0068 
   HI_SS0057  6 0.2559 0.2177 0.0037 0.5227 
   HI_SS0058  6 0.1109 0.2308 0.0050 0.6533 
   HI_SS0060  6 0.7227 0.1756 0.0731 0.0286 
   HI_SS0087  6 0.2839 0.5645 0.0023 0.1493 
   HI_SS0091  6 0.0962 0.8890 0.0013 0.0135 
   HI_SS0095  6 0.8928 0.0261 0.0401 0.0410 
   HI_SS0097  6 0.4608 0.0996 0.0039 0.4357 
   HI_SS0099  6 0.1085 0.0152 0.0035 0.8727 
   HI_SS0103  6 0.6436 0.0482 0.0031 0.3052 
   HI_SS0105  6 0.7387 0.0597 0.0247 0.1769 
   HI_SS0107  6 0.0166 0.0114 0.0010 0.9711 
   HI_SS0108  6 0.0148 0.9613 0.0204 0.0035 
   HI_SS0110  6 0.8448 0.1174 0.0011 0.0367 
   HI_SS0111  6 0.8729 0.0242 0.0222 0.0807 
   HI_SS0112  6 0.0100 0.9840 0.0011 0.0049 
   HI_SS0113  6 0.0119 0.0117 0.0028 0.9736 
   HI_SS0114  6 0.4441 0.5402 0.0045 0.0112 
   HI_SS0115  6 0.7772 0.1839 0.0126 0.0263 
   HI_SS0116  6 0.0393 0.9167 0.0038 0.0402 
   HI_SS0117  6 0.2755 0.6485 0.0018 0.0742 
   HI_SS0118  6 0.0541 0.4643 0.0119 0.4697 
   HI_SS0119  6 0.5317 0.4547 0.0018 0.0118 
   HI_SS0120  6 0.0058 0.0116 0.0027 0.9799 
   HI_SS0121  6 0.0518 0.0101 0.0014 0.9368 
   HI_SS0122  6 0.1900 0.0575 0.0228 0.7298 
   HI_SS0123  6 0.8623 0.0659 0.0048 0.0670 
   HI_SS0124  6 0.1398 0.0108 0.0025 0.8468 
   HI_SS0125  6 0.9031 0.0082 0.0264 0.0624 
   HI_SS0126  6 0.0095 0.9777 0.0009 0.0119 
   HI_SS0127  6 0.6672 0.2571 0.0087 0.0670 
   HI_SS0128  6 0.1154 0.2962 0.0027 0.5857 
   HI_SS0129  6 0.4804 0.4485 0.0106 0.0605 
   HI_SS0131  6 0.0594 0.5662 0.0416 0.3329 
   HI_SS0132  6 0.4708 0.3942 0.0005 0.1344 
   HI_SS0133  6 0.0035 0.9921 0.0010 0.0033 
   HI_SS0134  6 0.5344 0.2788 0.0023 0.1844 
   HI_SS0142  6 0.7552 0.0146 0.0171 0.2132 
   HI_SS0145  6 0.5866 0.3205 0.0014 0.0915 
   HI_SS0146  6 0.0544 0.9290 0.0012 0.0154 
   HI_SS0147  6 0.1095 0.0057 0.0184 0.8665 
   HI_SS0149  6 0.2788 0.4618 0.0042 0.2553 
   HI_SS0150  6 0.6357 0.0270 0.0043 0.3329 
   HI_SS0151  6 0.7660 0.1955 0.0106 0.0279 
   NS_SS1451  6 0.4563 0.0114 0.0029 0.5294 
   NS_SS1404  6 0.2159 0.0191 0.0104 0.7546 
   NS_SS1432  6 0.5403 0.0099 0.0318 0.4180 
   NS_SS1405  6 0.4840 0.1111 0.0035 0.4013 
   NS_SS1431  6 0.0668 0.0200 0.0009 0.9123 
   NS_SS1402  6 0.6563 0.1039 0.0023 0.2375 
   NS_SS1450  6 0.6582 0.3098 0.0031 0.0289 
   NS_SS1396  6 0.3435 0.0593 0.0060 0.5912 
   NS_SS1393  6 0.8613 0.1001 0.0034 0.0352 
   NS_SS1392  6 0.7271 0.0376 0.0132 0.2221 
   NS_SS1445  6 0.1734 0.7559 0.0107 0.0601 
   NS_SS1423  6 0.1104 0.8518 0.0012 0.0366 
   NS_SS1421  6 0.1199 0.7324 0.0926 0.0550 
   NS_SS1411  6 0.1298 0.8304 0.0016 0.0381 
   NS_SS1453  6 0.3844 0.5123 0.0065 0.0968 
   NS_SS1442  6 0.3252 0.1539 0.0038 0.5170 
   NS_SS1422  6 0.2553 0.5000 0.0140 0.2308 
   NS_SS1419  6 0.0176 0.0409 0.1535 0.7880 
   NS_SS1427  6 0.0152 0.9773 0.0017 0.0058 
   NS_SS1444  6 0.0516 0.0210 0.0035 0.9240 
   NS_SS1455  6 0.0074 0.0082 0.0010 0.9834 
   NS_SS1425  6 0.0243 0.9678 0.0016 0.0063 
   NS_SS1400  6 0.0056 0.9705 0.0014 0.0225 
   NS_SS1406  6 0.2983 0.0069 0.0080 0.6868 
   NS_SS1417  6 0.0262 0.3020 0.0078 0.6641 
   NS_SS1454  6 0.1202 0.5640 0.0016 0.3142 
   NS_SS1412  6 0.2155 0.1925 0.0224 0.5696 
   NS_SS1438  6 0.0188 0.9597 0.0013 0.0202 
   NS_SS1416  6 0.7351 0.0146 0.0055 0.2449 
   NS_SS1401  6 0.2127 0.0273 0.0114 0.7485 
   NS_SS1424  6 0.3906 0.5673 0.0118 0.0303 
   NS_SS1435  6 0.5490 0.3823 0.0025 0.0662 
   NS_SS1447  6 0.0117 0.0117 0.0057 0.9710 
   NS_SS1414  6 0.0070 0.0092 0.0069 0.9770 
   NS_SS1449  6 0.3548 0.0843 0.0042 0.5567 
   NS_SS1443  6 0.2850 0.7030 0.0019 0.0102 
   NS_SS1434  6 0.0889 0.6969 0.0007 0.2135 
   NS_SS1398  6 0.8069 0.0784 0.0153 0.0994 
   NS_SS1426  6 0.0331 0.9580 0.0020 0.0069 
   NS_SS1413  6 0.0136 0.9589 0.0101 0.0174 
   NS_SS1395  6 0.6029 0.3649 0.0090 0.0232 
   NS_SS1448  6 0.1370 0.7645 0.0017 0.0968 
   NS_SS1446  6 0.3796 0.1923 0.0029 0.4253 
   NS_SS1403  6 0.8494 0.0354 0.0053 0.1099 
   NS_SS1415  6 0.0271 0.9552 0.0083 0.0093 
   NS_SS1437  6 0.2722 0.1387 0.0082 0.5810 
   NS_SS1439  6 0.6985 0.0178 0.0025 0.2813 
   NS_SS1441  6 0.5448 0.4298 0.0018 0.0236 
   NS_SS1420  6 0.2477 0.0129 0.0033 0.7361 
   NS_SS1394  6 0.7821 0.0093 0.0309 0.1776 
   NS_SS1391  6 0.4096 0.4410 0.0135 0.1359 
   NS_SS1410  6 0.0836 0.3054 0.0144 0.5965 
   NS_SS1408  6 0.9305 0.0153 0.0406 0.0136 
   NS_SS1409  6 0.8953 0.0593 0.0024 0.0430 
   HI_SS0617  7 0.7785 0.0880 0.0012 0.1323 
   HI_SS0618  7 0.9167 0.0161 0.0019 0.0654 
   HI_SS0619  7 0.1288 0.0479 0.0030 0.8202 
   HI_SS0620  7 0.0383 0.9501 0.0026 0.0091 
   HI_SS0621  7 0.4753 0.0162 0.0130 0.4955 
   HI_SS0622  7 0.1125 0.2525 0.0119 0.6231 
   HI_SS0626  7 0.5719 0.0545 0.0079 0.3657 
   HI_SS0627  7 0.0632 0.0127 0.0076 0.9164 
   HI_SS0628  7 0.2927 0.5855 0.0621 0.0598 
   HI_SS0629  7 0.4176 0.2053 0.0066 0.3705 
   HI_SS0630  7 0.3252 0.5910 0.0525 0.0314 
   HI_SS0631  7 0.0388 0.9397 0.0008 0.0207 
   HI_SS0632  7 0.0742 0.1425 0.0028 0.7804 
   HI_SS0633  7 0.1025 0.0187 0.0033 0.8754 
   HI_SS0634  7 0.8648 0.0195 0.0017 0.1140 
   HI_SS0635  7 0.7839 0.0252 0.0078 0.1830 
   HI_SS0637  7 0.9622 0.0102 0.0023 0.0253 
   HI_SS0638  7 0.3154 0.5785 0.0012 0.1049 
   HI_SS0639  7 0.7563 0.0064 0.0368 0.2005 
   HI_SS0640  7 0.5712 0.3844 0.0019 0.0425 
   HI_SS0641  7 0.6486 0.2981 0.0046 0.0487 
   HI_SS0642  7 0.8145 0.1270 0.0017 0.0568 
   HI_SS0645  7 0.3879 0.0213 0.0008 0.5899 
   HI_SS0646  7 0.8192 0.0744 0.0025 0.1039 
   HI_SS0647  7 0.0617 0.6755 0.0013 0.2614 
   HI_SS0648  7 0.8579 0.1029 0.0027 0.0365 
   HI_SS0649  7 0.4895 0.0421 0.0018 0.4667 
   HI_SS0650  7 0.8324 0.0208 0.0035 0.1433 
   HI_SS0651  7 0.7777 0.1484 0.0039 0.0699 
   HI_SS0652  7 0.5753 0.0193 0.0033 0.4020 
   NS_SS1371  7 0.7733 0.2027 0.0051 0.0190 
   NS_SS1374  7 0.5139 0.4687 0.0028 0.0146 
   NS_SS1337  7 0.2378 0.1162 0.0035 0.6425 
   NS_SS1385  7 0.3317 0.0775 0.0046 0.5862 
   NS_SS1388  7 0.0298 0.0264 0.0065 0.9372 
   NS_SS1370  7 0.4569 0.0686 0.0088 0.4658 
   NS_SS1389  7 0.0113 0.0125 0.0036 0.9726 
   NS_SS1360  7 0.4133 0.5646 0.0041 0.0180 
   NS_SS1330  7 0.8962 0.0069 0.0030 0.0939 
   NS_SS1328  7 0.0565 0.9175 0.0021 0.0240 
   NS_SS1384  7 0.6154 0.3392 0.0037 0.0417 
   NS_SS1381  7 0.0278 0.0118 0.0008 0.9595 
   NS_SS1375  7 0.6712 0.0210 0.0011 0.3067 
   NS_SS1319  7 0.8429 0.0585 0.0714 0.0272 
   NS_SS1326  7 0.0183 0.9537 0.0104 0.0176 
   NS_SS1341  7 0.1704 0.1912 0.0043 0.6342 
   NS_SS1383  7 0.8729 0.1122 0.0036 0.0113 
   NS_SS1318  7 0.1587 0.0525 0.0160 0.7728 
   NS_SS1348  7 0.0109 0.9802 0.0013 0.0076 
   NS_SS1363  7 0.4709 0.0421 0.0042 0.4828 
   NS_SS1335  7 0.3090 0.6452 0.0268 0.0191 
   NS_SS1358  7 0.3200 0.6205 0.0155 0.0439 
   NS_SS1342  7 0.0522 0.8910 0.0015 0.0554 
   NS_SS1320  7 0.0325 0.0048 0.0062 0.9566 
   NS_SS1355  7 0.0261 0.0106 0.0103 0.9530 
   NS_SS1345  7 0.0823 0.1922 0.0205 0.7049 
   NS_SS1324  7 0.2436 0.6653 0.0021 0.0890 
   NS_SS1347  7 0.7745 0.2047 0.0034 0.0174 
   NS_SS1321  7 0.7226 0.2469 0.0015 0.0291 
   NS_SS1333  7 0.6289 0.3115 0.0029 0.0567 
   NS_SS1364  7 0.0255 0.8805 0.0023 0.0917 
   NS_SS1379  7 0.4630 0.0760 0.0554 0.4056 
   NS_SS1332  7 0.0098 0.9762 0.0055 0.0085 
   NS_SS1338  7 0.5330 0.4454 0.0067 0.0149 
   NS_SS1368  7 0.0404 0.6999 0.0046 0.2551 
   NS_SS1354  7 0.0797 0.0355 0.0119 0.8729 
   NS_SS1365  7 0.2375 0.0680 0.0074 0.6871 
   NS_SS1380  7 0.0218 0.0070 0.0180 0.9532 
   NS_SS1329  7 0.0507 0.7321 0.0032 0.2140 
   NS_SS1362  7 0.7243 0.1887 0.0037 0.0834 
   NS_SS1327  7 0.0067 0.9870 0.0034 0.0029 
   NS_SS1350  7 0.9632 0.0208 0.0065 0.0096 
   NS_SS1387  7 0.6028 0.0279 0.0022 0.3671 
   NS_SS1369  7 0.0213 0.9460 0.0041 0.0286 
   NS_SS1331  7 0.2986 0.2707 0.0108 0.4199 
   NS_SS1357  7 0.1605 0.5670 0.0034 0.2691 
   NS_SS1386  7 0.0051 0.9876 0.0029 0.0043 
   NS_SS1353  7 0.0553 0.0278 0.0034 0.9134 
   NS_SS1323  7 0.1599 0.0352 0.0725 0.7323 
   HI_SS0296  8 0.2325 0.7292 0.0018 0.0365 
   HI_SS0297  8 0.4188 0.5520 0.0009 0.0283 
   HI_SS0299  8 0.1601 0.7372 0.0357 0.0670 
   HI_SS0300  8 0.2632 0.6292 0.0014 0.1063 
   HI_SS0301  8 0.8058 0.0605 0.0030 0.1307 
   HI_SS0302  8 0.0330 0.9216 0.0216 0.0239 
   HI_SS0303  8 0.0128 0.9372 0.0069 0.0431 
   HI_SS0304  8 0.3347 0.0286 0.0021 0.6346 
   HI_SS0306  8 0.0060 0.9863 0.0032 0.0044 
   HI_SS0307  8 0.8417 0.0082 0.0062 0.1438 
   HI_SS0308  8 0.8059 0.0934 0.0739 0.0269 
   HI_SS0309  8 0.6969 0.0123 0.0031 0.2878 
   HI_SS0310  8 0.0456 0.3959 0.0067 0.5518 
   HI_SS0311  8 0.1819 0.2469 0.0026 0.5685 
   HI_SS0314  8 0.1465 0.0713 0.0015 0.7807 
   HI_SS0316  8 0.4196 0.4772 0.0040 0.0992 
   HI_SS0317  8 0.9050 0.0367 0.0020 0.0563 
   HI_SS0318  8 0.4638 0.3335 0.1903 0.0124 
   HI_SS0319  8 0.0093 0.9826 0.0037 0.0043 
   HI_SS0320  8 0.6099 0.0101 0.0011 0.3789 
   HI_SS0321  8 0.9396 0.0538 0.0014 0.0053 
   HI_SS0323  8 0.6509 0.3103 0.0014 0.0374 
   HI_SS0325  8 0.0200 0.9273 0.0020 0.0507 
   HI_SS0327  8 0.2177 0.7678 0.0013 0.0132 
   HI_SS0329  8 0.0286 0.0663 0.0014 0.9036 
   HI_SS0333  8 0.8170 0.0390 0.0021 0.1419 
   HI_SS0334  8 0.5110 0.4700 0.0011 0.0179 
   HI_SS0335  8 0.2241 0.0136 0.0187 0.7437 
   HI_SS0339  8 0.1272 0.0325 0.0106 0.8297 
   HI_SS0343  8 0.0358 0.0211 0.0019 0.9411 
   HI_SS0344  8 0.0056 0.9879 0.0026 0.0039 
   HI_SS0345  8 0.0681 0.0972 0.0073 0.8275 
   HI_SS0346  8 0.5304 0.3403 0.0039 0.1253 
   HI_SS0350  8 0.0104 0.0055 0.0070 0.9771 
   HI_SS0351  8 0.1731 0.1851 0.0034 0.6384 
   HI_SS0352  8 0.0869 0.0202 0.1015 0.7914 
   HI_SS0362  8 0.4935 0.4480 0.0022 0.0564 
   HI_SS0363  8 0.0420 0.9298 0.0039 0.0242 
   HI_SS0365  8 0.4508 0.5012 0.0056 0.0424 
   HI_SS0366  8 0.0147 0.9709 0.0015 0.0130 
   HI_SS0367  8 0.0072 0.0054 0.0020 0.9854 
   HI_SS0369  8 0.1142 0.0122 0.0024 0.8711 
   HI_SS0370  8 0.9132 0.0554 0.0029 0.0285 
   HI_SS0371  8 0.0139 0.9604 0.0036 0.0221 
   HI_SS0373  8 0.7292 0.0659 0.0088 0.1961 
   HI_SS0374  8 0.3709 0.0123 0.0236 0.5933 
   HI_SS0377  8 0.1232 0.6776 0.0905 0.1086 
   HI_SS0379  8 0.0045 0.9908 0.0010 0.0037 
   HI_SS0380  8 0.1684 0.0286 0.0065 0.7965 
   HI_SS0381  8 0.4346 0.0166 0.0044 0.5445 
   HI_SS0384  8 0.1956 0.5754 0.0089 0.2201 
   HI_SS0385  8 0.1424 0.7814 0.0011 0.0751 
   HI_SS0386  9 0.0016 0.0016 0.9954 0.0014 
   HI_SS0387  9 0.0135 0.0124 0.9629 0.0111 
   HI_SS0389  9 0.0036 0.0035 0.9895 0.0034 
   HI_SS0390  9 0.0018 0.0017 0.9947 0.0018 
   HI_SS0391  9 0.0028 0.0022 0.9920 0.0030 
   HI_SS0392  9 0.0013 0.0017 0.9956 0.0014 
   HI_SS0393  9 0.0012 0.0019 0.9954 0.0015 
   HI_SS0394  9 0.0014 0.0013 0.9960 0.0012 
   HI_SS0395  9 0.0032 0.0034 0.9894 0.0040 
   HI_SS0396  9 0.0104 0.0078 0.9686 0.0133 
   HI_SS0398  9 0.0063 0.0054 0.9820 0.0063 
   HI_SS0399  9 0.0011 0.0010 0.9968 0.0011 
   HI_SS0400  9 0.0023 0.0021 0.9933 0.0023 
   HI_SS0401  9 0.0014 0.0015 0.9957 0.0014 
   HI_SS0402  9 0.0014 0.0011 0.9963 0.0013 
   HI_SS0403  9 0.0015 0.0014 0.9956 0.0015 
   HI_SS0404  9 0.0012 0.0012 0.9964 0.0011 
   HI_SS0405  9 0.0204 0.0117 0.9495 0.0184 
   HI_SS0406  9 0.0023 0.0022 0.9933 0.0022 
   HI_SS0407  9 0.0065 0.0065 0.9795 0.0075 
   HI_SS0408  9 0.0013 0.0011 0.9964 0.0012 
   HI_SS0409  9 0.0030 0.0026 0.9913 0.0031 
   HI_SS0411  9 0.0027 0.0025 0.9923 0.0025 
   HI_SS0412  9 0.1166 0.0323 0.8085 0.0426 
   HI_SS0413  9 0.0021 0.0019 0.9940 0.0020 
   HI_SS0414  9 0.0193 0.0094 0.9542 0.0172 
   HI_SS0415  9 0.0017 0.0017 0.9950 0.0016 
   HI_SS0416  9 0.0033 0.0033 0.9901 0.0033 
   HI_SS0418  9 0.0051 0.0047 0.9860 0.0042 
   HI_SS0419  9 0.0027 0.0024 0.9914 0.0035 
   HI_SS0420  9 0.0022 0.0023 0.9933 0.0022 
   HI_SS0421  9 0.0041 0.0041 0.9874 0.0044 
   HI_SS0422  9 0.0013 0.0013 0.9955 0.0019 
   HI_SS0423  9 0.0047 0.0040 0.9880 0.0033 
   HI_SS0424  9 0.0016 0.0014 0.9951 0.0019 
   HI_SS0425  9 0.0032 0.0025 0.9902 0.0041 
   NS_SS1146 10 0.0021 0.0024 0.9936 0.0018 
   NS_SS1157 10 0.0069 0.0055 0.9821 0.0055 
   NS_SS1144 10 0.0198 0.0212 0.9468 0.0121 
   NS_SS1074 10 0.0033 0.0037 0.9898 0.0032 
   NS_SS1122 10 0.0040 0.0044 0.9875 0.0040 
   NS_SS1136 10 0.0010 0.0011 0.9967 0.0012 
   NS_SS1077 10 0.0008 0.0007 0.9978 0.0007 
   NS_SS1134 10 0.0126 0.0091 0.9707 0.0076 
   NS_SS1091 10 0.0023 0.0018 0.9934 0.0025 
   NS_SS1089 10 0.0029 0.0031 0.9917 0.0023 
   NS_SS1123 10 0.0018 0.0016 0.9951 0.0016 
   NS_SS1158 10 0.0011 0.0012 0.9966 0.0011 
   NS_SS1093 10 0.0025 0.0026 0.9924 0.0025 
   NS_SS1102 10 0.0056 0.0041 0.9844 0.0059 
   NS_SS1056 10 0.0017 0.0016 0.9947 0.0020 
   NS_SS1126 10 0.0026 0.0031 0.9921 0.0021 
   NS_SS1058 10 0.0042 0.0036 0.9886 0.0037 
   NS_SS1084 10 0.0013 0.0015 0.9956 0.0016 
   NS_SS1095 10 0.0050 0.0079 0.9825 0.0046 
   NS_SS1079 10 0.0017 0.0016 0.9949 0.0018 
   NS_SS1149 10 0.0028 0.0024 0.9921 0.0027 
   NS_SS1121 10 0.0013 0.0012 0.9961 0.0014 
   NS_SS1067 10 0.0054 0.0037 0.9852 0.0058 
   NS_SS1081 10 0.0025 0.0025 0.9931 0.0020 
   NS_SS1130 10 0.0035 0.0025 0.9905 0.0035 
   NS_SS1073 10 0.0033 0.0023 0.9917 0.0027 
   NS_SS1133 10 0.0053 0.0030 0.9788 0.0130 
   NS_SS1129 10 0.0014 0.0012 0.9959 0.0015 
   NS_SS1085 10 0.0021 0.0022 0.9938 0.0019 
   NS_SS1137 10 0.0041 0.0043 0.9872 0.0045 
   NS_SS1135 10 0.0012 0.0012 0.9962 0.0014 
   NS_SS1082 10 0.0016 0.0012 0.9955 0.0017 
   NS_SS1125 10 0.0014 0.0013 0.9963 0.0010 
   NS_SS1124 10 0.0080 0.0049 0.9816 0.0055 
   NS_SS1155 10 0.0099 0.0071 0.9772 0.0059 
   NS_SS1145 10 0.0017 0.0018 0.9945 0.0019 
