   NS_SS0963  1 0.0168 0.0225 0.0097 0.3424 0.0071 0.2650 0.0208 0.2977 0.0180 
   NS_SS0983  1 0.0034 0.0172 0.0048 0.0076 0.0036 0.0057 0.8967 0.0103 0.0507 
   NS_SS0719  1 0.1057 0.1234 0.0424 0.1574 0.0067 0.0675 0.0373 0.3751 0.0845 
   NS_SS1001  1 0.8545 0.0331 0.0140 0.0164 0.0092 0.0151 0.0070 0.0253 0.0254 
   NS_SS0936  1 0.0620 0.0247 0.2911 0.2036 0.0022 0.3490 0.0213 0.0132 0.0329 
   NS_SS0955  1 0.0345 0.0116 0.0084 0.0533 0.0043 0.1261 0.6763 0.0216 0.0640 
   NS_SS0944  1 0.1410 0.0145 0.0145 0.1002 0.0019 0.4425 0.0158 0.2402 0.0294 
   NS_SS0945  1 0.0749 0.0319 0.6951 0.0143 0.0118 0.0164 0.0479 0.0710 0.0366 
   NS_SS0922  1 0.0467 0.5624 0.0212 0.1501 0.0396 0.1145 0.0164 0.0385 0.0106 
   NS_SS0929  1 0.0285 0.1260 0.0276 0.0867 0.0034 0.3556 0.2714 0.0278 0.0730 
   NS_SS0956  1 0.1549 0.1402 0.0525 0.2233 0.0051 0.1627 0.0237 0.0366 0.2011 
   NS_SS0906  1 0.0161 0.0074 0.0194 0.0360 0.0037 0.8138 0.0180 0.0366 0.0489 
   NS_SS0721  1 0.0053 0.0064 0.0077 0.1450 0.0053 0.0067 0.0168 0.0136 0.7931 
   NS_SS0982  1 0.0083 0.0225 0.1614 0.1513 0.0176 0.5502 0.0327 0.0260 0.0300 
   NS_SS0923  1 0.0154 0.0449 0.2112 0.1854 0.0058 0.1335 0.0125 0.3129 0.0783 
   NS_SS0905  1 0.0063 0.0361 0.1365 0.0776 0.0025 0.0547 0.0394 0.1264 0.5204 
   NS_SS0925  1 0.0241 0.0105 0.0134 0.0282 0.0037 0.8708 0.0091 0.0273 0.0127 
   NS_SS0947  1 0.0466 0.0845 0.0217 0.3432 0.0039 0.4408 0.0377 0.0067 0.0149 
   NS_SS0926  1 0.0652 0.0377 0.0387 0.1497 0.0013 0.0077 0.0781 0.6137 0.0079 
   NS_SS0918  1 0.0127 0.0147 0.0191 0.0892 0.0023 0.0314 0.0142 0.0449 0.7714 
   NS_SS0966  1 0.0255 0.2670 0.0448 0.1116 0.0530 0.3593 0.0120 0.0873 0.0394 
   NS_SS0938  1 0.0197 0.0651 0.2537 0.5540 0.0014 0.0170 0.0711 0.0063 0.0118 
   NS_SS0917  1 0.2851 0.0081 0.1383 0.0577 0.0432 0.0147 0.3505 0.0208 0.0815 
   NS_SS0957  1 0.0082 0.0117 0.8852 0.0424 0.0058 0.0213 0.0064 0.0075 0.0113 
   NS_SS0987  1 0.0143 0.0103 0.0590 0.1976 0.2381 0.1586 0.0302 0.0351 0.2568 
   NS_SS0717  1 0.0124 0.0072 0.4542 0.0424 0.0035 0.0652 0.3512 0.0211 0.0429 
   NS_SS0986  1 0.0089 0.0147 0.2280 0.2683 0.0045 0.0244 0.1993 0.1692 0.0828 
   NS_SS0953  1 0.0151 0.0127 0.0093 0.0120 0.0127 0.8809 0.0140 0.0064 0.0369 
   NS_SS0907  1 0.0060 0.0183 0.0472 0.6006 0.0323 0.0869 0.0955 0.0114 0.1017 
   NS_SS0974  1 0.1273 0.0511 0.2907 0.2087 0.0040 0.0541 0.1780 0.0540 0.0322 
   NS_SS0989  1 0.0536 0.8128 0.0076 0.0419 0.0013 0.0198 0.0146 0.0231 0.0254 
   NS_SS0991  1 0.0328 0.0154 0.0184 0.0483 0.0020 0.4170 0.1862 0.1211 0.1588 
   NS_SS0994  1 0.0447 0.0042 0.0075 0.0043 0.0018 0.0055 0.8943 0.0311 0.0065 
   NS_SS0931  1 0.7268 0.0177 0.0251 0.1269 0.0121 0.0146 0.0197 0.0461 0.0110 
   NS_SS1000  1 0.8515 0.0045 0.0078 0.0240 0.0044 0.0764 0.0075 0.0159 0.0080 
   NS_SS0919  1 0.0030 0.0073 0.0283 0.1167 0.0025 0.0375 0.0163 0.7845 0.0039 
   NS_SS0949  1 0.8277 0.0125 0.0183 0.0119 0.0010 0.0174 0.0291 0.0656 0.0165 
   NS_SS0960  1 0.0057 0.0136 0.0143 0.0131 0.0058 0.0445 0.0102 0.8317 0.0612 
   NS_SS0716  1 0.0112 0.0047 0.9300 0.0112 0.0060 0.0079 0.0076 0.0066 0.0148 
   NS_SS0924  1 0.0059 0.0203 0.0082 0.0047 0.0129 0.0155 0.0125 0.9102 0.0097 
   NS_SS0935  1 0.0197 0.0302 0.0083 0.0168 0.0133 0.3268 0.0166 0.5118 0.0565 
   NS_SS0952  1 0.0702 0.0102 0.0265 0.0226 0.0404 0.0747 0.0179 0.7223 0.0151 
   NS_SS0962  1 0.0085 0.0042 0.1262 0.7738 0.0079 0.0125 0.0246 0.0294 0.0130 
   NS_SS0973  1 0.0934 0.0316 0.0146 0.1080 0.0025 0.3805 0.0202 0.0365 0.3126 
   NS_SS0722  1 0.0202 0.0235 0.8308 0.0213 0.0029 0.0646 0.0063 0.0035 0.0270 
   NS_SS0979  1 0.0079 0.0090 0.1405 0.6823 0.0021 0.0254 0.0801 0.0135 0.0393 
   NS_SS0993  1 0.0825 0.0101 0.5040 0.0243 0.0178 0.0163 0.0200 0.0497 0.2752 
   NS_SS0958  1 0.0484 0.0311 0.1263 0.0263 0.0030 0.0362 0.0541 0.6157 0.0590 
   NS_SS0988  1 0.0114 0.0069 0.6316 0.0627 0.0059 0.1176 0.1431 0.0109 0.0100 
   NS_SS1003  1 0.0484 0.0112 0.0056 0.7355 0.0082 0.0048 0.0061 0.1707 0.0095 
   NS_SS0976  1 0.0068 0.0098 0.0089 0.0268 0.0023 0.0333 0.0178 0.8817 0.0126 
   NS_SS0964  1 0.6106 0.0729 0.0713 0.0729 0.0034 0.0755 0.0246 0.0278 0.0410 
   NS_SS0939  1 0.0103 0.0068 0.9531 0.0082 0.0035 0.0029 0.0024 0.0045 0.0083 
   NS_SS0990  1 0.2255 0.2621 0.0597 0.2111 0.0034 0.0089 0.1613 0.0054 0.0626 
   NS_SS0984  1 0.0117 0.0211 0.8577 0.0286 0.0021 0.0328 0.0132 0.0278 0.0051 
   NS_SS0980  1 0.0047 0.0262 0.0089 0.0101 0.0024 0.8650 0.0134 0.0405 0.0290 
   NS_SS0978  1 0.0160 0.4906 0.0502 0.0538 0.0033 0.3244 0.0079 0.0453 0.0086 
   NS_SS0951  1 0.0077 0.0190 0.0996 0.0219 0.0023 0.0402 0.0333 0.0868 0.6890 
   NS_SS0913  1 0.0343 0.1074 0.0201 0.1030 0.0541 0.0355 0.1020 0.0166 0.5270 
   NS_SS1002  1 0.0057 0.0052 0.0240 0.7553 0.0349 0.1393 0.0137 0.0172 0.0047 
   NS_SS0948  1 0.0226 0.0336 0.5486 0.1687 0.0424 0.0324 0.0560 0.0087 0.0871 
   NS_SS0916  1 0.0314 0.5418 0.0308 0.0627 0.0078 0.0207 0.0471 0.1009 0.1567 
   NS_SS0995  1 0.0072 0.0332 0.0112 0.0160 0.0033 0.0109 0.0659 0.0164 0.8359 
   NS_SS0927  1 0.0096 0.1701 0.1133 0.0494 0.0058 0.0197 0.5673 0.0440 0.0207 
   NS_SS0992  1 0.0158 0.6701 0.0102 0.0413 0.0031 0.1545 0.0103 0.0129 0.0817 
   NS_SS0912  1 0.0653 0.0072 0.0242 0.4554 0.0026 0.0266 0.2631 0.0338 0.1218 
   NS_SS0981  1 0.0082 0.0129 0.0737 0.6669 0.0035 0.1783 0.0101 0.0341 0.0123 
   NS_SS0729  2 0.0105 0.0252 0.0090 0.0076 0.0036 0.0256 0.8745 0.0381 0.0058 
   NS_SS0967  2 0.0306 0.0114 0.1604 0.1775 0.0134 0.0420 0.0311 0.5248 0.0087 
   NS_SS0941  2 0.1246 0.0292 0.5470 0.0160 0.0836 0.0715 0.0480 0.0324 0.0477 
   NS_SS0768  2 0.0667 0.0078 0.0138 0.4818 0.0042 0.3241 0.0295 0.0215 0.0507 
   NS_SS0726  2 0.0204 0.7511 0.0367 0.0743 0.0098 0.0219 0.0240 0.0510 0.0109 
   NS_SS0763  2 0.0336 0.1108 0.0998 0.0477 0.0025 0.1397 0.3896 0.1446 0.0317 
   NS_SS0730  2 0.0094 0.0167 0.2384 0.6047 0.0033 0.0182 0.0262 0.0174 0.0656 
   NS_SS0774  2 0.0307 0.0728 0.7290 0.0106 0.0008 0.1137 0.0097 0.0087 0.0240 
   NS_SS0723  2 0.0060 0.0190 0.0409 0.0991 0.0021 0.7867 0.0119 0.0167 0.0175 
   NS_SS0940  2 0.0223 0.0277 0.7524 0.0268 0.0041 0.0071 0.0252 0.0463 0.0881 
   NS_SS0762  2 0.0057 0.8762 0.0232 0.0062 0.0034 0.0518 0.0033 0.0068 0.0235 
   NS_SS0766  2 0.0498 0.3379 0.3304 0.0272 0.0171 0.0187 0.0515 0.1207 0.0465 
   NS_SS0724  2 0.0182 0.0124 0.0174 0.0155 0.0038 0.8952 0.0115 0.0113 0.0147 
   NS_SS0769  2 0.0090 0.0121 0.3070 0.2715 0.0041 0.1189 0.0912 0.0958 0.0904 
   NS_SS0777  2 0.0144 0.0080 0.8209 0.0290 0.0103 0.0081 0.0806 0.0138 0.0149 
   NS_SS0734  2 0.2522 0.0812 0.1108 0.1224 0.0377 0.0239 0.0822 0.1746 0.1149 
   NS_SS0737  2 0.0147 0.8899 0.0190 0.0231 0.0063 0.0186 0.0095 0.0083 0.0108 
   NS_SS0732  2 0.0127 0.0055 0.0146 0.0139 0.0060 0.0125 0.0100 0.0160 0.9088 
   NS_SS0728  2 0.0109 0.2597 0.1118 0.0528 0.0117 0.2770 0.2113 0.0090 0.0558 
   NS_SS0735  2 0.0509 0.1131 0.0613 0.0130 0.0091 0.4684 0.0529 0.0122 0.2192 
   NS_SS0725  2 0.8532 0.0419 0.0130 0.0259 0.0128 0.0066 0.0143 0.0099 0.0225 
   NS_SS0788  2 0.0148 0.0216 0.0423 0.0798 0.0022 0.4416 0.0284 0.3319 0.0374 
   NS_SS0778  2 0.0667 0.1844 0.1339 0.1324 0.0015 0.3135 0.1184 0.0190 0.0304 
   NS_SS0792  2 0.0093 0.7396 0.0282 0.0602 0.0049 0.0218 0.0233 0.0095 0.1031 
   NS_SS0943  2 0.0825 0.0173 0.0109 0.0208 0.0079 0.7351 0.0482 0.0185 0.0588 
   NS_SS0791  2 0.0055 0.7371 0.0078 0.0264 0.0168 0.0058 0.0118 0.1677 0.0210 
   NS_SS0790  2 0.0435 0.0048 0.0091 0.0091 0.0034 0.8814 0.0030 0.0056 0.0402 
   NS_SS0731  2 0.0466 0.0055 0.3119 0.0147 0.0187 0.0243 0.5536 0.0088 0.0158 
   NS_SS0727  2 0.0610 0.7624 0.0518 0.0046 0.0021 0.0156 0.0846 0.0072 0.0108 
   NS_SS0779  2 0.0149 0.0495 0.7298 0.0424 0.0078 0.0250 0.0454 0.0241 0.0610 
   NS_SS0776  2 0.0191 0.6474 0.2530 0.0148 0.0061 0.0405 0.0054 0.0067 0.0069 
   NS_SS0775  2 0.0176 0.0311 0.8848 0.0110 0.0073 0.0183 0.0073 0.0078 0.0149 
   NS_SS0965  3 0.0117 0.0142 0.0393 0.4166 0.0018 0.2199 0.0218 0.2266 0.0480 
   NS_SS0754  3 0.0265 0.3358 0.1039 0.0560 0.0106 0.1607 0.2024 0.0224 0.0818 
   NS_SS0838  3 0.0497 0.0285 0.4613 0.1940 0.0416 0.0091 0.0407 0.1540 0.0210 
   NS_SS0839  3 0.0140 0.4981 0.0235 0.1579 0.0043 0.2599 0.0061 0.0101 0.0261 
   NS_SS0832  3 0.0190 0.0525 0.0588 0.6178 0.0522 0.1551 0.0172 0.0116 0.0157 
   NS_SS0820  3 0.0104 0.0921 0.0178 0.7047 0.0063 0.1216 0.0161 0.0169 0.0141 
   NS_SS0886  3 0.0101 0.3355 0.0440 0.0946 0.0019 0.0274 0.0803 0.1322 0.2739 
   NS_SS0748  3 0.0106 0.0084 0.7769 0.0327 0.0082 0.0152 0.0190 0.1203 0.0088 
   NS_SS0884  3 0.1893 0.0225 0.1517 0.0774 0.0319 0.3304 0.1050 0.0701 0.0217 
   NS_SS0752  3 0.1114 0.0763 0.0512 0.0510 0.0024 0.4234 0.0116 0.1043 0.1685 
   NS_SS0862  3 0.0060 0.0143 0.0122 0.2690 0.0059 0.1435 0.0347 0.0057 0.5086 
   NS_SS0787  3 0.1220 0.0103 0.0090 0.0208 0.0070 0.0209 0.3199 0.4825 0.0076 
   NS_SS0843  3 0.0887 0.0141 0.0307 0.0790 0.0027 0.5984 0.1166 0.0120 0.0578 
   NS_SS0856  3 0.0609 0.0969 0.2633 0.0765 0.0031 0.0076 0.4548 0.0172 0.0198 
   NS_SS0846  3 0.0087 0.0104 0.0324 0.4230 0.0028 0.0302 0.3921 0.0917 0.0087 
   NS_SS0825  3 0.0162 0.0120 0.0079 0.4745 0.0090 0.0244 0.3738 0.0101 0.0722 
   NS_SS0757  3 0.0185 0.0153 0.0233 0.0227 0.0034 0.0287 0.0852 0.0135 0.7895 
   NS_SS0876  3 0.1027 0.0760 0.0101 0.0203 0.2237 0.0383 0.0164 0.0042 0.5084 
   NS_SS0903  3 0.0055 0.0237 0.0082 0.0131 0.0031 0.9203 0.0086 0.0059 0.0117 
   NS_SS0875  3 0.0171 0.0332 0.6329 0.0304 0.0034 0.0172 0.2123 0.0239 0.0297 
   NS_SS0740  3 0.0251 0.0422 0.0331 0.0273 0.0042 0.3651 0.0544 0.0807 0.3678 
   NS_SS0811  3 0.0128 0.0090 0.1318 0.0164 0.0076 0.0193 0.0061 0.0041 0.7929 
   NS_SS0751  3 0.0752 0.0268 0.2434 0.2307 0.0021 0.0156 0.0137 0.3667 0.0257 
   NS_SS0891  3 0.8436 0.0096 0.0105 0.0176 0.0077 0.0617 0.0187 0.0101 0.0206 
   NS_SS0867  3 0.0160 0.0105 0.0673 0.1314 0.0246 0.6017 0.0423 0.0850 0.0211 
   NS_SS0890  3 0.0568 0.0897 0.6803 0.0108 0.0034 0.0321 0.0063 0.0321 0.0887 
   NS_SS0866  3 0.0060 0.0113 0.0124 0.0097 0.0038 0.0040 0.9298 0.0055 0.0174 
   NS_SS0755  3 0.0328 0.1751 0.1555 0.2844 0.0080 0.2157 0.0468 0.0130 0.0687 
   NS_SS0758  3 0.0123 0.0321 0.0101 0.2053 0.0026 0.0177 0.6658 0.0250 0.0291 
   NS_SS0840  3 0.0479 0.0081 0.0830 0.5848 0.0028 0.1216 0.0580 0.0592 0.0347 
   NS_SS0889  3 0.0436 0.0153 0.0106 0.0461 0.0024 0.0492 0.3502 0.0236 0.4589 
   NS_SS1010  3 0.0109 0.0129 0.0679 0.5792 0.0396 0.1499 0.0222 0.0998 0.0177 
   NS_SS0888  3 0.0155 0.8885 0.0092 0.0082 0.0018 0.0141 0.0342 0.0091 0.0194 
   NS_SS0837  3 0.0175 0.0063 0.0107 0.0327 0.0027 0.7284 0.0120 0.0682 0.1216 
   NS_SS0794  3 0.0148 0.4001 0.1642 0.0359 0.0021 0.0181 0.1491 0.0690 0.1466 
   NS_SS0823  3 0.0115 0.1266 0.1247 0.2647 0.0034 0.2299 0.0711 0.0039 0.1643 
   NS_SS0829  3 0.0107 0.0109 0.0169 0.0099 0.0987 0.0447 0.0247 0.0217 0.7617 
   NS_SS0844  3 0.0035 0.0050 0.0032 0.0084 0.0015 0.9517 0.0140 0.0059 0.0067 
   NS_SS1008  3 0.1916 0.0543 0.0832 0.0936 0.0155 0.0590 0.4252 0.0194 0.0582 
   NS_SS0881  3 0.0400 0.0332 0.0706 0.5609 0.0028 0.0122 0.0186 0.2271 0.0346 
   NS_SS0834  3 0.6891 0.1128 0.0193 0.0326 0.0078 0.0690 0.0338 0.0282 0.0074 
   NS_SS0744  3 0.0087 0.0320 0.0089 0.2263 0.0101 0.0897 0.1193 0.0097 0.4952 
   NS_SS0899  3 0.0119 0.0130 0.0098 0.0189 0.0013 0.0397 0.0107 0.0075 0.8873 
   NS_SS0804  3 0.0063 0.0121 0.0230 0.4670 0.0050 0.2175 0.0146 0.0300 0.2245 
   NS_SS0781  3 0.0089 0.0081 0.1178 0.2947 0.0036 0.5081 0.0232 0.0076 0.0280 
   NS_SS0822  3 0.0164 0.3642 0.0221 0.0429 0.0019 0.0170 0.0219 0.0757 0.4378 
   NS_SS1004  3 0.0127 0.3049 0.0273 0.0573 0.0050 0.3947 0.0110 0.1146 0.0724 
   NS_SS0746  3 0.0633 0.0488 0.5764 0.0537 0.0137 0.0765 0.1056 0.0193 0.0428 
   NS_SS0880  3 0.1321 0.0190 0.0115 0.0672 0.0020 0.0158 0.0069 0.7084 0.0371 
   NS_SS0879  3 0.1980 0.3032 0.2563 0.0346 0.0205 0.0636 0.0433 0.0162 0.0644 
   NS_SS0753  3 0.0192 0.0157 0.0215 0.0346 0.0119 0.3602 0.4696 0.0064 0.0610 
   NS_SS1007  3 0.0211 0.0381 0.1980 0.3573 0.0020 0.0116 0.2089 0.1090 0.0541 
   NS_SS0872  3 0.0172 0.0776 0.5230 0.2342 0.0020 0.0478 0.0571 0.0225 0.0185 
   NS_SS1005  3 0.1316 0.0107 0.0851 0.1185 0.0011 0.4135 0.0586 0.1552 0.0258 
   NS_SS0892  3 0.0102 0.1476 0.4910 0.1936 0.0027 0.0147 0.0168 0.0127 0.1106 
   NS_SS0898  3 0.0119 0.5694 0.0581 0.0308 0.0068 0.0125 0.0507 0.2267 0.0332 
   NS_SS0801  3 0.0054 0.0133 0.0101 0.0917 0.0095 0.8202 0.0197 0.0170 0.0133 
   NS_SS0827  3 0.0069 0.0055 0.0252 0.0064 0.1179 0.0162 0.0678 0.7444 0.0097 
   NS_SS0853  3 0.1281 0.0903 0.0770 0.2005 0.0068 0.1920 0.2078 0.0158 0.0817 
   NS_SS0780  3 0.0709 0.0510 0.0286 0.5852 0.0043 0.1318 0.1012 0.0064 0.0207 
   NS_SS0826  3 0.1271 0.0093 0.0284 0.6646 0.0041 0.0827 0.0630 0.0149 0.0059 
   NS_SS0818  3 0.0218 0.0865 0.0152 0.5737 0.0013 0.1407 0.0209 0.1274 0.0124 
   NS_SS0745  3 0.9192 0.0044 0.0362 0.0104 0.0016 0.0031 0.0039 0.0091 0.0121 
   NS_SS0849  3 0.0099 0.0066 0.0089 0.0064 0.0014 0.0106 0.0065 0.0081 0.9416 
   NS_SS0739  3 0.0108 0.0441 0.0292 0.2027 0.0186 0.0054 0.0202 0.0197 0.6493 
   NS_SS0799  3 0.0087 0.7293 0.0299 0.0101 0.0013 0.0138 0.0419 0.0468 0.1182 
   NS_SS0756  3 0.0060 0.0166 0.0201 0.6802 0.0034 0.2230 0.0065 0.0100 0.0342 
   NS_SS0802  3 0.0966 0.0433 0.1259 0.0890 0.2106 0.0073 0.2959 0.1157 0.0158 
   NS_SS0747  3 0.0080 0.0174 0.0621 0.0853 0.0057 0.6863 0.0210 0.0191 0.0951 
   NS_SS0835  3 0.0110 0.0182 0.0099 0.0073 0.0012 0.0115 0.9263 0.0097 0.0049 
   NS_SS0742  3 0.0221 0.1512 0.0698 0.3598 0.0012 0.0266 0.0628 0.0201 0.2864 
   NS_SS0760  3 0.0055 0.0414 0.0168 0.0106 0.0427 0.0092 0.1464 0.7138 0.0135 
   NS_SS0803  3 0.0064 0.0321 0.0079 0.0098 0.0083 0.9114 0.0065 0.0055 0.0122 
   NS_SS0828  3 0.0076 0.1598 0.0536 0.0569 0.0013 0.2675 0.0133 0.3036 0.1363 
   NS_SS0865  3 0.0234 0.0418 0.0127 0.7889 0.0221 0.0141 0.0142 0.0077 0.0751 
   NS_SS0759  3 0.0212 0.0271 0.1337 0.4077 0.0038 0.0518 0.0151 0.0180 0.3215 
   NS_SS0851  3 0.2443 0.0149 0.0110 0.0623 0.0181 0.0108 0.0105 0.0439 0.5844 
   NS_SS0874  3 0.0102 0.0066 0.0133 0.0141 0.0016 0.9203 0.0129 0.0043 0.0167 
   NS_SS0761  3 0.0147 0.0172 0.0096 0.0556 0.0033 0.0639 0.5748 0.0705 0.1904 
   NS_SS0842  3 0.0660 0.0244 0.5274 0.0309 0.0087 0.0618 0.0434 0.0466 0.1907 
   NS_SS0785  3 0.0431 0.0755 0.0716 0.1944 0.0047 0.4660 0.0708 0.0274 0.0465 
   NS_SS0860  3 0.0086 0.0120 0.0097 0.0226 0.0020 0.0136 0.8656 0.0072 0.0587 
   NS_SS0897  3 0.0122 0.5039 0.0170 0.0329 0.0020 0.0303 0.1547 0.1462 0.1008 
   NS_SS0841  3 0.0666 0.0144 0.0429 0.2092 0.0042 0.3044 0.0152 0.0389 0.3044 
   NS_SS0797  3 0.0047 0.0628 0.0093 0.0207 0.0234 0.0084 0.0095 0.8536 0.0077 
   NS_SS0830  3 0.0218 0.0262 0.0716 0.3685 0.0019 0.0682 0.0316 0.0597 0.3504 
   NS_SS1011  3 0.0060 0.0140 0.0087 0.7185 0.0047 0.2010 0.0249 0.0169 0.0053 
   NS_SS0883  3 0.0040 0.0075 0.0133 0.0075 0.0051 0.0081 0.0199 0.0166 0.9182 
   NS_SS0782  3 0.0222 0.3973 0.0220 0.0145 0.0032 0.0497 0.4424 0.0154 0.0332 
   NS_SS0831  3 0.0360 0.0480 0.0189 0.0115 0.0036 0.0130 0.0675 0.0134 0.7881 
   NS_SS0749  3 0.0214 0.0316 0.0203 0.0154 0.0048 0.0855 0.0562 0.0151 0.7498 
   NS_SS0854  3 0.2593 0.2276 0.0129 0.0148 0.0031 0.0651 0.2743 0.0119 0.1310 
   HI_SS0193  4 0.9513 0.0067 0.0039 0.0058 0.0015 0.0048 0.0034 0.0115 0.0111 
   HI_SS0194  4 0.8484 0.0093 0.0192 0.0239 0.0019 0.0671 0.0078 0.0138 0.0087 
   HI_SS0195  4 0.5351 0.0058 0.0268 0.0422 0.1142 0.0322 0.0058 0.0072 0.2305 
   HI_SS0196  4 0.6066 0.1144 0.0422 0.0223 0.0023 0.0978 0.0476 0.0072 0.0596 
   HI_SS0197  4 0.0244 0.0104 0.0267 0.8732 0.0139 0.0074 0.0328 0.0064 0.0048 
   HI_SS0198  4 0.0090 0.0747 0.0231 0.0420 0.0105 0.0209 0.0118 0.0128 0.7953 
   HI_SS0199  4 0.0075 0.9215 0.0147 0.0051 0.0025 0.0206 0.0156 0.0057 0.0067 
   HI_SS0201  4 0.0136 0.0207 0.0119 0.0137 0.0024 0.0232 0.0234 0.8803 0.0108 
   HI_SS0215  4 0.0063 0.0066 0.0057 0.0196 0.0028 0.0373 0.8983 0.0146 0.0089 
   HI_SS0218  4 0.0115 0.7791 0.0078 0.0055 0.0062 0.0166 0.0159 0.1235 0.0339 
   HI_SS0222  4 0.0820 0.0047 0.0152 0.1863 0.0061 0.0121 0.6183 0.0296 0.0458 
   HI_SS0230  4 0.0103 0.0039 0.1929 0.7092 0.0045 0.0250 0.0163 0.0212 0.0166 
   HI_SS0234  4 0.0424 0.3779 0.0664 0.0077 0.1527 0.1655 0.1544 0.0288 0.0041 
   HI_SS0240  4 0.1709 0.6609 0.0135 0.0463 0.0092 0.0199 0.0221 0.0520 0.0051 
   HI_SS0241  4 0.0040 0.9003 0.0105 0.0117 0.0024 0.0062 0.0108 0.0479 0.0061 
   HI_SS0242  4 0.0089 0.2972 0.0221 0.0935 0.0031 0.0245 0.0261 0.0282 0.4964 
   HI_SS0247  4 0.0044 0.0582 0.0092 0.0515 0.0236 0.7242 0.0049 0.0203 0.1035 
   HI_SS0248  4 0.0785 0.0271 0.1113 0.0093 0.0011 0.0157 0.5280 0.2230 0.0061 
   HI_SS0252  4 0.0507 0.6004 0.0082 0.1435 0.0019 0.0807 0.0365 0.0174 0.0607 
   HI_SS0254  4 0.1164 0.0175 0.0369 0.4834 0.0891 0.0192 0.0912 0.1399 0.0065 
   HI_SS0256  4 0.0078 0.0042 0.0113 0.0206 0.0014 0.9422 0.0035 0.0038 0.0052 
   HI_SS0257  4 0.0040 0.0138 0.0056 0.0323 0.0027 0.3475 0.5705 0.0122 0.0115 
   HI_SS0258  4 0.0272 0.0291 0.0271 0.0191 0.0053 0.0196 0.1215 0.7391 0.0121 
   HI_SS0259  4 0.0303 0.3574 0.0221 0.1288 0.0031 0.0575 0.0171 0.3538 0.0299 
   HI_SS0260  4 0.0434 0.0636 0.2851 0.0398 0.0021 0.0834 0.3934 0.0780 0.0113 
   HI_SS0261  4 0.0623 0.1324 0.3843 0.1775 0.0048 0.1484 0.0133 0.0627 0.0143 
   HI_SS0262  4 0.0194 0.0217 0.1623 0.2201 0.0093 0.0159 0.0145 0.0837 0.4532 
   HI_SS0264  4 0.0248 0.0072 0.2221 0.6312 0.0045 0.0719 0.0167 0.0122 0.0094 
   HI_SS0265  4 0.0189 0.0103 0.4642 0.2096 0.1161 0.0528 0.0311 0.0710 0.0259 
   HI_SS0268  4 0.0068 0.0049 0.0086 0.0127 0.0026 0.0039 0.0049 0.9501 0.0057 
   HI_SS0269  4 0.1089 0.1630 0.0068 0.0086 0.0024 0.0240 0.6239 0.0473 0.0150 
   HI_SS0273  4 0.0203 0.2021 0.0122 0.5001 0.0015 0.0694 0.0226 0.1411 0.0306 
   HI_SS0277  4 0.0045 0.0059 0.0072 0.9123 0.0023 0.0176 0.0187 0.0241 0.0073 
   HI_SS0280  4 0.0151 0.1614 0.0299 0.2772 0.0054 0.0562 0.0109 0.2490 0.1948 
   HI_SS0282  4 0.1476 0.0152 0.0169 0.0731 0.0014 0.1514 0.0387 0.2001 0.3556 
   HI_SS0286  4 0.0129 0.0102 0.0133 0.0288 0.0066 0.1109 0.7511 0.0353 0.0307 
   NS_SS1252  5 0.0019 0.0083 0.0083 0.0058 0.0032 0.0057 0.9427 0.0058 0.0183 
   NS_SS1261  5 0.0502 0.0091 0.1333 0.2994 0.0152 0.0147 0.2906 0.0210 0.1664 
   NS_SS1225  5 0.0176 0.0048 0.0051 0.0194 0.0709 0.7363 0.0311 0.0354 0.0793 
   NS_SS1266  5 0.1413 0.0113 0.0073 0.2386 0.0090 0.4768 0.0085 0.0065 0.1007 
   NS_SS1228  5 0.0066 0.0672 0.0414 0.1684 0.0117 0.0110 0.0066 0.0202 0.6670 
   NS_SS1255  5 0.9376 0.0043 0.0059 0.0075 0.0017 0.0134 0.0065 0.0125 0.0106 
   NS_SS1267  5 0.0069 0.0159 0.0148 0.0048 0.0117 0.0074 0.9077 0.0162 0.0145 
   NS_SS1238  5 0.0225 0.0056 0.0124 0.0506 0.0016 0.0050 0.0122 0.8818 0.0082 
   NS_SS1233  5 0.0690 0.0081 0.0158 0.2992 0.0020 0.1401 0.0197 0.0582 0.3881 
   NS_SS1277  5 0.0836 0.8741 0.0069 0.0059 0.0012 0.0059 0.0084 0.0092 0.0049 
   NS_SS1245  5 0.2599 0.0277 0.0362 0.0452 0.0020 0.0878 0.3780 0.1178 0.0454 
   NS_SS1240  5 0.0127 0.0276 0.0145 0.0132 0.0019 0.0050 0.9089 0.0113 0.0049 
   NS_SS1275  5 0.0216 0.0523 0.1172 0.7642 0.0027 0.0175 0.0079 0.0107 0.0059 
   NS_SS1235  5 0.8765 0.0152 0.0090 0.0207 0.0059 0.0367 0.0120 0.0164 0.0075 
   NS_SS1263  5 0.1844 0.0036 0.1362 0.0056 0.0013 0.6222 0.0128 0.0100 0.0241 
   NS_SS1251  5 0.0199 0.0070 0.0524 0.1236 0.0015 0.7266 0.0514 0.0084 0.0092 
   NS_SS1248  5 0.0094 0.0140 0.1223 0.0489 0.1080 0.0207 0.0064 0.0991 0.5711 
   NS_SS1244  5 0.0050 0.0690 0.0047 0.0206 0.0052 0.0150 0.0053 0.8662 0.0088 
   NS_SS1257  5 0.0175 0.7243 0.0199 0.0190 0.0320 0.0063 0.0371 0.0472 0.0969 
   NS_SS1242  5 0.0170 0.0083 0.5395 0.2813 0.0032 0.0520 0.0657 0.0211 0.0120 
   NS_SS1271  5 0.0132 0.4197 0.2040 0.0141 0.0282 0.0121 0.1985 0.0879 0.0223 
   NS_SS1265  5 0.0218 0.0057 0.0930 0.0097 0.0165 0.0098 0.7888 0.0323 0.0225 
   NS_SS1243  5 0.0436 0.2456 0.0468 0.0844 0.1030 0.0228 0.0303 0.0067 0.4168 
   NS_SS1273  5 0.0229 0.0055 0.9182 0.0173 0.0079 0.0114 0.0038 0.0070 0.0060 
   NS_SS1254  5 0.0190 0.0344 0.2000 0.1537 0.0061 0.1988 0.0682 0.0191 0.3006 
   NS_SS1224  5 0.0238 0.0219 0.0213 0.0251 0.0077 0.5931 0.0246 0.0073 0.2752 
   NS_SS1227  5 0.0066 0.0183 0.8709 0.0131 0.0018 0.0115 0.0197 0.0495 0.0085 
   NS_SS1274  5 0.0149 0.0877 0.0091 0.0496 0.0174 0.2184 0.0646 0.0309 0.5074 
   NS_SS1241  5 0.0150 0.0871 0.0102 0.0215 0.0010 0.0200 0.0095 0.7728 0.0629 
   NS_SS1256  5 0.0057 0.3097 0.0532 0.3062 0.0447 0.0671 0.0187 0.1839 0.0107 
   NS_SS1260  5 0.0064 0.5757 0.0196 0.0141 0.0747 0.0395 0.1651 0.0948 0.0102 
   NS_SS1262  5 0.0101 0.0136 0.0135 0.1318 0.1635 0.6072 0.0381 0.0115 0.0108 
   NS_SS1230  5 0.0827 0.2734 0.0447 0.0403 0.0073 0.0552 0.0166 0.0790 0.4007 
   NS_SS1270  5 0.2327 0.0066 0.0097 0.1890 0.0026 0.2430 0.0119 0.0482 0.2564 
   NS_SS1229  5 0.0348 0.0575 0.1075 0.3753 0.0042 0.2253 0.1727 0.0097 0.0130 
   NS_SS1246  5 0.1341 0.0503 0.1412 0.0276 0.0032 0.0172 0.1312 0.4762 0.0189 
   NS_SS1269  5 0.0485 0.0333 0.0257 0.0673 0.0024 0.0635 0.1060 0.6146 0.0388 
   NS_SS1239  5 0.6131 0.0248 0.0049 0.0102 0.0055 0.0085 0.0131 0.0054 0.3145 
   NS_SS1272  5 0.1100 0.0080 0.0130 0.5176 0.0054 0.0168 0.2992 0.0209 0.0091 
   NS_SS1268  5 0.0593 0.0140 0.0090 0.0171 0.0022 0.1536 0.0042 0.0126 0.7280 
   NS_SS1249  5 0.0278 0.8520 0.0099 0.0101 0.0091 0.0202 0.0389 0.0156 0.0165 
   HI_SS0559  6 0.0139 0.1619 0.0104 0.0164 0.0015 0.7406 0.0268 0.0102 0.0183 
   HI_SS0563  6 0.0476 0.0828 0.1811 0.0612 0.0027 0.1200 0.0712 0.3150 0.1184 
   HI_SS0564  6 0.1045 0.0446 0.0252 0.3412 0.0601 0.0489 0.0334 0.0101 0.3320 
   HI_SS0565  6 0.0078 0.0098 0.8076 0.0261 0.0031 0.0233 0.0992 0.0157 0.0073 
   HI_SS0569  6 0.0119 0.0050 0.0206 0.0096 0.0025 0.0168 0.0308 0.8861 0.0167 
   HI_SS0570  6 0.9290 0.0127 0.0046 0.0067 0.0209 0.0038 0.0060 0.0076 0.0087 
   HI_SS0572  6 0.0290 0.7982 0.0510 0.0135 0.0026 0.0860 0.0101 0.0043 0.0052 
   HI_SS0576  6 0.0576 0.0115 0.0890 0.2713 0.0048 0.0650 0.0831 0.0396 0.3780 
   HI_SS0579  6 0.0160 0.0143 0.0046 0.0071 0.0121 0.9159 0.0100 0.0114 0.0084 
   HI_SS0580  6 0.0185 0.0730 0.1128 0.0065 0.0048 0.3786 0.3486 0.0133 0.0439 
   HI_SS0581  6 0.0069 0.0790 0.0670 0.6649 0.0492 0.0125 0.0246 0.0044 0.0914 
   HI_SS0583  6 0.0058 0.0084 0.0086 0.0081 0.0025 0.0053 0.9511 0.0059 0.0042 
   HI_SS0586  6 0.0034 0.0096 0.2376 0.0099 0.0013 0.0240 0.6578 0.0265 0.0299 
   HI_SS0588  6 0.0263 0.1350 0.0262 0.0168 0.0182 0.3360 0.3839 0.0297 0.0278 
   HI_SS0595  6 0.0220 0.0134 0.0238 0.0195 0.0233 0.0218 0.0115 0.8559 0.0088 
   HI_SS0596  6 0.6605 0.0187 0.2641 0.0077 0.0025 0.0196 0.0047 0.0042 0.0179 
   HI_SS0597  6 0.0173 0.0219 0.6141 0.1450 0.0023 0.0210 0.1394 0.0144 0.0246 
   HI_SS0600  6 0.0083 0.8523 0.0062 0.0718 0.0048 0.0085 0.0123 0.0177 0.0182 
   HI_SS0601  6 0.0033 0.0056 0.0076 0.0196 0.0088 0.9222 0.0078 0.0107 0.0144 
   HI_SS0602  6 0.0135 0.0207 0.0197 0.0219 0.0027 0.6835 0.1105 0.0887 0.0389 
   HI_SS0604  6 0.2182 0.0232 0.0689 0.0353 0.0012 0.0094 0.4538 0.0372 0.1527 
   HI_SS0605  6 0.0137 0.5614 0.0156 0.0116 0.0077 0.0159 0.1148 0.0054 0.2540 
   HI_SS0608  6 0.1112 0.0164 0.0605 0.0106 0.0012 0.0114 0.0110 0.0320 0.7456 
   HI_SS0609  6 0.0119 0.0576 0.1299 0.3320 0.0010 0.2204 0.0736 0.0337 0.1398 
   HI_SS0611  6 0.0087 0.0170 0.0145 0.0094 0.0028 0.0133 0.1908 0.0052 0.7383 
   HI_SS0612  6 0.0048 0.0652 0.0170 0.0101 0.0061 0.8763 0.0090 0.0075 0.0040 
   HI_SS0613  6 0.0166 0.0061 0.0203 0.0092 0.0018 0.0245 0.0121 0.0077 0.9015 
   HI_SS0615  6 0.0539 0.0526 0.0362 0.1311 0.0097 0.0462 0.0069 0.0208 0.6424 
   HI_SS0001  6 0.0134 0.8562 0.0209 0.0283 0.0041 0.0189 0.0431 0.0111 0.0039 
   HI_SS0002  6 0.0227 0.0205 0.0742 0.5040 0.0331 0.2098 0.0646 0.0231 0.0481 
   HI_SS0004  6 0.5365 0.2269 0.0270 0.0105 0.0070 0.0237 0.0957 0.0100 0.0627 
   HI_SS0005  6 0.0077 0.0230 0.0556 0.5865 0.0073 0.0488 0.0062 0.0460 0.2190 
   HI_SS0006  6 0.0041 0.0043 0.0066 0.0400 0.0020 0.0119 0.9165 0.0059 0.0087 
   HI_SS0007  6 0.9194 0.0136 0.0039 0.0060 0.0023 0.0064 0.0134 0.0103 0.0247 
   HI_SS0008  6 0.0182 0.0085 0.5557 0.0740 0.0403 0.1309 0.0935 0.0304 0.0486 
   HI_SS0009  6 0.0595 0.0656 0.0234 0.0112 0.0050 0.2750 0.0221 0.0119 0.5263 
   HI_SS0010  6 0.1088 0.0291 0.1063 0.1195 0.0030 0.0206 0.0077 0.3851 0.2198 
   HI_SS0011  6 0.0786 0.0049 0.1020 0.5443 0.0854 0.1163 0.0073 0.0434 0.0178 
   HI_SS0012  6 0.0091 0.0278 0.0489 0.2646 0.0049 0.4678 0.0328 0.0542 0.0898 
   HI_SS0017  6 0.9702 0.0057 0.0070 0.0037 0.0014 0.0034 0.0037 0.0025 0.0023 
   HI_SS0021  6 0.0154 0.0158 0.2469 0.1996 0.2338 0.0060 0.2526 0.0204 0.0095 
   HI_SS0024  6 0.0616 0.0158 0.7749 0.0831 0.0019 0.0076 0.0166 0.0186 0.0199 
   HI_SS0025  6 0.0422 0.0202 0.1942 0.0138 0.0032 0.0220 0.1275 0.0110 0.5660 
   HI_SS0027  6 0.0191 0.0443 0.0121 0.0107 0.0145 0.1231 0.0188 0.1296 0.6279 
   HI_SS0028  6 0.0244 0.0031 0.5206 0.3076 0.0014 0.0734 0.0107 0.0383 0.0204 
   HI_SS0029  6 0.0098 0.0151 0.7897 0.0255 0.0072 0.0126 0.1235 0.0088 0.0077 
   HI_SS0030  6 0.3611 0.0441 0.0302 0.0586 0.0065 0.0862 0.1723 0.2147 0.0262 
   HI_SS0031  6 0.0131 0.0159 0.2765 0.0967 0.0038 0.1443 0.0100 0.4285 0.0112 
   HI_SS0034  6 0.0164 0.1156 0.1468 0.0127 0.0052 0.0505 0.4596 0.1797 0.0135 
   HI_SS0036  6 0.0051 0.1037 0.0210 0.0905 0.0131 0.0055 0.2703 0.4793 0.0117 
   HI_SS0037  6 0.0129 0.0589 0.0766 0.0221 0.0049 0.0109 0.0384 0.1749 0.6005 
   HI_SS0039  6 0.0686 0.0273 0.5882 0.1482 0.0025 0.0238 0.0454 0.0718 0.0243 
   HI_SS0041  6 0.0157 0.0198 0.0288 0.0576 0.0018 0.0108 0.0233 0.0045 0.8377 
   HI_SS0042  6 0.0395 0.0056 0.5032 0.0745 0.1243 0.0278 0.0127 0.0107 0.2016 
   HI_SS0043  6 0.0128 0.0285 0.0319 0.0309 0.0026 0.0075 0.1189 0.5201 0.2467 
   HI_SS0044  6 0.8145 0.1021 0.0325 0.0103 0.0022 0.0048 0.0085 0.0203 0.0049 
   HI_SS0047  6 0.3994 0.0207 0.0088 0.4066 0.0029 0.0267 0.0640 0.0104 0.0604 
   HI_SS0049  6 0.0216 0.3685 0.3900 0.0249 0.0045 0.0342 0.0115 0.0221 0.1226 
   HI_SS0051  6 0.0094 0.0049 0.0048 0.1155 0.0022 0.0211 0.0240 0.0086 0.8095 
   HI_SS0053  6 0.0207 0.7710 0.0517 0.0479 0.0054 0.0210 0.0265 0.0381 0.0178 
   HI_SS0054  6 0.0094 0.0104 0.0104 0.3447 0.0032 0.4264 0.0707 0.0695 0.0553 
   HI_SS0057  6 0.1467 0.0114 0.0250 0.0503 0.0032 0.0214 0.0172 0.0138 0.7111 
   HI_SS0058  6 0.0284 0.0127 0.0337 0.0185 0.0074 0.6100 0.0989 0.0184 0.1721 
   HI_SS0060  6 0.0099 0.0157 0.0192 0.2223 0.1037 0.0245 0.0093 0.5735 0.0218 
   HI_SS0087  6 0.0162 0.0141 0.0410 0.2233 0.0025 0.1929 0.4781 0.0080 0.0240 
   HI_SS0091  6 0.0045 0.0440 0.0106 0.0286 0.0014 0.0153 0.8559 0.0113 0.0284 
   HI_SS0095  6 0.0091 0.0892 0.1981 0.0583 0.0581 0.2233 0.3449 0.0109 0.0080 
   HI_SS0097  6 0.0053 0.0046 0.0621 0.0262 0.0048 0.7390 0.0086 0.0939 0.0554 
   HI_SS0099  6 0.0060 0.0070 0.9335 0.0156 0.0032 0.0082 0.0078 0.0072 0.0116 
   HI_SS0103  6 0.9098 0.0080 0.0114 0.0239 0.0034 0.0129 0.0178 0.0065 0.0063 
   HI_SS0105  6 0.0104 0.0149 0.0072 0.8118 0.0225 0.0316 0.0101 0.0268 0.0647 
   HI_SS0107  6 0.7470 0.0210 0.0667 0.0125 0.0012 0.1219 0.0078 0.0102 0.0119 
   HI_SS0108  6 0.2651 0.0126 0.0083 0.0103 0.0183 0.0136 0.5192 0.1185 0.0341 
   HI_SS0110  6 0.0264 0.1512 0.0747 0.6232 0.0012 0.0202 0.0452 0.0424 0.0156 
   HI_SS0111  6 0.0282 0.2676 0.0313 0.1673 0.0386 0.0438 0.3411 0.0273 0.0547 
   HI_SS0112  6 0.0475 0.0134 0.0050 0.0040 0.0010 0.0055 0.0084 0.9088 0.0064 
   HI_SS0113  6 0.0301 0.0095 0.8035 0.0596 0.0040 0.0315 0.0217 0.0074 0.0326 
   HI_SS0114  6 0.0037 0.0254 0.0141 0.0711 0.0053 0.0437 0.4675 0.3488 0.0204 
   HI_SS0115  6 0.0171 0.1512 0.0538 0.0107 0.0165 0.6682 0.0391 0.0079 0.0354 
   HI_SS0116  6 0.0217 0.0134 0.2922 0.0088 0.0036 0.0094 0.6215 0.0108 0.0185 
   HI_SS0117  6 0.4687 0.0213 0.0106 0.0822 0.0021 0.3309 0.0127 0.0678 0.0036 
   HI_SS0118  6 0.0137 0.0265 0.0681 0.2462 0.0125 0.0200 0.5721 0.0207 0.0201 
   HI_SS0119  6 0.0209 0.0338 0.0082 0.6215 0.0021 0.0200 0.0628 0.0534 0.1773 
   HI_SS0120  6 0.8948 0.0099 0.0048 0.0333 0.0038 0.0115 0.0173 0.0204 0.0043 
   HI_SS0121  6 0.0054 0.0024 0.0284 0.8875 0.0014 0.0121 0.0194 0.0074 0.0359 
   HI_SS0122  6 0.0339 0.0935 0.0157 0.3364 0.0181 0.0258 0.0164 0.0217 0.4385 
   HI_SS0123  6 0.0112 0.0120 0.0279 0.4926 0.0059 0.2373 0.1801 0.0090 0.0241 
   HI_SS0124  6 0.0813 0.1912 0.0978 0.0269 0.0029 0.0348 0.0053 0.0133 0.5464 
   HI_SS0125  6 0.0161 0.6463 0.0861 0.1617 0.0364 0.0208 0.0062 0.0172 0.0093 
   HI_SS0126  6 0.4943 0.0188 0.1047 0.0120 0.0011 0.0093 0.0470 0.3016 0.0112 
   HI_SS0127  6 0.0111 0.0118 0.1984 0.0238 0.0112 0.0771 0.0095 0.0300 0.6272 
   HI_SS0128  6 0.0606 0.0480 0.6988 0.0735 0.0037 0.0210 0.0205 0.0598 0.0142 
   HI_SS0129  6 0.1264 0.5686 0.0198 0.0164 0.0098 0.0191 0.1674 0.0211 0.0515 
   HI_SS0131  6 0.0082 0.1464 0.0145 0.0492 0.0322 0.0403 0.0094 0.6782 0.0216 
   HI_SS0132  6 0.0141 0.4189 0.0771 0.3538 0.0008 0.0281 0.0117 0.0483 0.0472 
   HI_SS0133  6 0.0783 0.0150 0.0053 0.0060 0.0017 0.0026 0.0150 0.8669 0.0092 
   HI_SS0134  6 0.0624 0.0177 0.0210 0.2998 0.0024 0.0486 0.5039 0.0291 0.0151 
   HI_SS0142  6 0.0053 0.0111 0.1057 0.5427 0.0166 0.1539 0.1347 0.0248 0.0052 
   HI_SS0145  6 0.0053 0.0246 0.0197 0.0155 0.0018 0.8831 0.0311 0.0077 0.0112 
   HI_SS0146  6 0.0087 0.0138 0.0044 0.0086 0.0010 0.0072 0.0120 0.9392 0.0051 
   HI_SS0147  6 0.1694 0.0079 0.0327 0.0514 0.0258 0.1147 0.0161 0.0049 0.5770 
   HI_SS0149  6 0.0048 0.0085 0.0116 0.9071 0.0047 0.0068 0.0056 0.0426 0.0084 
   HI_SS0150  6 0.0471 0.2556 0.0237 0.5055 0.0051 0.0215 0.0094 0.1105 0.0217 
   HI_SS0151  6 0.0405 0.2492 0.0046 0.0082 0.0152 0.1828 0.0992 0.0467 0.3537 
   NS_SS1451  6 0.0155 0.7608 0.0473 0.0826 0.0037 0.0238 0.0045 0.0119 0.0500 
   NS_SS1404  6 0.8984 0.0093 0.0099 0.0260 0.0110 0.0207 0.0055 0.0043 0.0150 
   NS_SS1432  6 0.0113 0.0099 0.8050 0.1080 0.0303 0.0040 0.0115 0.0049 0.0151 
   NS_SS1405  6 0.0142 0.0149 0.8914 0.0124 0.0036 0.0098 0.0390 0.0086 0.0061 
   NS_SS1431  6 0.0258 0.0083 0.6923 0.2137 0.0009 0.0085 0.0146 0.0125 0.0233 
   NS_SS1402  6 0.0234 0.0551 0.0277 0.0487 0.0029 0.5955 0.1230 0.1051 0.0185 
   NS_SS1450  6 0.0378 0.5354 0.0722 0.0811 0.0042 0.0360 0.1808 0.0400 0.0124 
   NS_SS1396  6 0.0074 0.0150 0.4765 0.2927 0.0082 0.0194 0.0255 0.0324 0.1229 
   NS_SS1393  6 0.0044 0.0106 0.0215 0.0162 0.0046 0.0347 0.8355 0.0079 0.0646 
   NS_SS1392  6 0.7984 0.0894 0.0087 0.0251 0.0194 0.0095 0.0085 0.0116 0.0294 
   NS_SS1445  6 0.0060 0.0185 0.0686 0.0922 0.0107 0.0247 0.7344 0.0170 0.0277 
   NS_SS1423  6 0.9167 0.0102 0.0107 0.0168 0.0015 0.0170 0.0105 0.0123 0.0044 
   NS_SS1421  6 0.0163 0.0099 0.0111 0.0120 0.0955 0.0095 0.0104 0.8189 0.0164 
   NS_SS1411  6 0.6786 0.0095 0.0122 0.0301 0.0016 0.0096 0.1576 0.0304 0.0704 
   NS_SS1453  6 0.0287 0.0132 0.0413 0.5086 0.0059 0.0172 0.1246 0.1096 0.1509 
   NS_SS1442  6 0.0129 0.0040 0.0095 0.2357 0.0039 0.0181 0.6843 0.0238 0.0076 
   NS_SS1422  6 0.0105 0.2499 0.0059 0.0172 0.0111 0.6398 0.0208 0.0161 0.0287 
   NS_SS1419  6 0.0040 0.0108 0.0138 0.0107 0.1427 0.0109 0.0057 0.0113 0.7902 
   NS_SS1427  6 0.0045 0.9669 0.0059 0.0031 0.0016 0.0030 0.0052 0.0066 0.0033 
   NS_SS1444  6 0.0165 0.0341 0.7705 0.0061 0.0040 0.0125 0.0144 0.0126 0.1293 
   NS_SS1455  6 0.0498 0.0066 0.0815 0.2943 0.0014 0.4250 0.1008 0.0269 0.0137 
   NS_SS1425  6 0.0316 0.0119 0.0099 0.0577 0.0019 0.0098 0.0174 0.6690 0.1909 
   NS_SS1400  6 0.2659 0.0069 0.0187 0.1050 0.0014 0.0248 0.5162 0.0392 0.0219 
   NS_SS1406  6 0.0050 0.0055 0.0573 0.4131 0.0098 0.4744 0.0081 0.0132 0.0136 
   NS_SS1417  6 0.0235 0.0156 0.1156 0.2813 0.0083 0.1705 0.3426 0.0278 0.0149 
   NS_SS1454  6 0.0065 0.0189 0.1514 0.6537 0.0017 0.0309 0.0480 0.0334 0.0554 
   NS_SS1412  6 0.2423 0.1108 0.3305 0.0749 0.0194 0.0544 0.0866 0.0121 0.0690 
   NS_SS1438  6 0.0162 0.0263 0.0053 0.0113 0.0014 0.0271 0.7531 0.0262 0.1330 
   NS_SS1416  6 0.0158 0.0112 0.0997 0.3274 0.0090 0.0748 0.1220 0.0098 0.3303 
   NS_SS1401  6 0.1263 0.0228 0.4024 0.2740 0.0143 0.0336 0.0295 0.0761 0.0211 
   NS_SS1424  6 0.0241 0.0104 0.0160 0.5301 0.0139 0.0147 0.3661 0.0168 0.0076 
   NS_SS1435  6 0.0757 0.0646 0.0326 0.0407 0.0043 0.0091 0.0187 0.7455 0.0087 
   NS_SS1447  6 0.0423 0.0146 0.2037 0.3764 0.0091 0.0578 0.0401 0.2004 0.0557 
   NS_SS1414  6 0.1101 0.0070 0.1498 0.0352 0.0101 0.4912 0.0658 0.0468 0.0840 
   NS_SS1449  6 0.0100 0.7914 0.0056 0.0108 0.0029 0.0137 0.0035 0.0143 0.1479 
   NS_SS1443  6 0.0121 0.4300 0.0084 0.0388 0.0019 0.2814 0.0450 0.1591 0.0233 
   NS_SS1434  6 0.3551 0.4148 0.0731 0.0060 0.0008 0.0195 0.1155 0.0094 0.0058 
   NS_SS1398  6 0.0232 0.0236 0.0291 0.0460 0.0230 0.0086 0.0118 0.8126 0.0219 
   NS_SS1426  6 0.0144 0.0348 0.0358 0.0318 0.0023 0.0380 0.7982 0.0168 0.0278 
   NS_SS1413  6 0.9006 0.0065 0.0113 0.0056 0.0079 0.0054 0.0116 0.0437 0.0074 
   NS_SS1395  6 0.0191 0.0340 0.0149 0.3182 0.0092 0.0095 0.4957 0.0787 0.0207 
   NS_SS1448  6 0.0298 0.8621 0.0170 0.0064 0.0015 0.0064 0.0035 0.0507 0.0225 
   NS_SS1446  6 0.0279 0.7638 0.0195 0.0564 0.0037 0.0175 0.0918 0.0096 0.0099 
   NS_SS1403  6 0.0049 0.0047 0.0837 0.1373 0.0065 0.0137 0.6755 0.0599 0.0138 
   NS_SS1415  6 0.1706 0.0538 0.0433 0.1468 0.0126 0.0228 0.0326 0.4500 0.0674 
   NS_SS1437  6 0.0062 0.0102 0.8970 0.0279 0.0067 0.0256 0.0097 0.0099 0.0069 
   NS_SS1439  6 0.0062 0.0262 0.0117 0.0466 0.0029 0.8441 0.0470 0.0101 0.0051 
   NS_SS1441  6 0.0682 0.3027 0.0566 0.0407 0.0027 0.2894 0.0273 0.1971 0.0153 
   NS_SS1420  6 0.0071 0.0170 0.0102 0.0070 0.0024 0.0102 0.0051 0.0050 0.9360 
   NS_SS1394  6 0.0059 0.0145 0.7768 0.0358 0.0320 0.0111 0.0051 0.0128 0.1058 
   NS_SS1391  6 0.7747 0.0094 0.0465 0.0104 0.0154 0.0474 0.0587 0.0305 0.0069 
   NS_SS1410  6 0.0320 0.0417 0.0175 0.3369 0.0157 0.0137 0.3905 0.1291 0.0228 
   NS_SS1408  6 0.0166 0.0362 0.0628 0.3294 0.0643 0.0189 0.2026 0.2461 0.0231 
   NS_SS1409  6 0.0169 0.2369 0.0970 0.0487 0.0029 0.0260 0.5299 0.0159 0.0259 
   HI_SS0617  7 0.1009 0.0340 0.0171 0.0182 0.0017 0.0432 0.7464 0.0048 0.0336 
   HI_SS0618  7 0.0067 0.0183 0.2458 0.0328 0.0028 0.0421 0.0219 0.0066 0.6230 
   HI_SS0619  7 0.0442 0.3696 0.3304 0.0533 0.0033 0.0968 0.0127 0.0113 0.0784 
   HI_SS0620  7 0.0155 0.8702 0.0047 0.0042 0.0022 0.0085 0.0172 0.0252 0.0523 
   HI_SS0621  7 0.0096 0.4581 0.3226 0.0560 0.0149 0.0783 0.0202 0.0201 0.0201 
   HI_SS0622  7 0.0125 0.1573 0.4939 0.0173 0.0166 0.0908 0.0071 0.0641 0.1404 
   HI_SS0626  7 0.0969 0.0712 0.1069 0.3382 0.0099 0.0148 0.0156 0.0087 0.3379 
   HI_SS0627  7 0.0094 0.0084 0.0209 0.4123 0.0072 0.0101 0.4878 0.0085 0.0354 
   HI_SS0628  7 0.0550 0.3133 0.0732 0.3197 0.0619 0.0082 0.0731 0.0797 0.0159 
   HI_SS0629  7 0.0041 0.0667 0.2448 0.0548 0.0047 0.0784 0.3053 0.0415 0.1997 
   HI_SS0630  7 0.0087 0.0210 0.0233 0.0076 0.0514 0.0137 0.0908 0.7204 0.0632 
   HI_SS0631  7 0.0182 0.0204 0.0154 0.0097 0.0008 0.0125 0.0178 0.8377 0.0675 
   HI_SS0632  7 0.0251 0.0183 0.0324 0.1224 0.0029 0.0060 0.0133 0.0948 0.6848 
   HI_SS0633  7 0.0419 0.0124 0.7739 0.0143 0.0040 0.1143 0.0256 0.0047 0.0090 
   HI_SS0634  7 0.0150 0.2718 0.0086 0.6242 0.0026 0.0045 0.0148 0.0087 0.0497 
   HI_SS0635  7 0.0170 0.0338 0.6167 0.0906 0.0073 0.1702 0.0289 0.0210 0.0144 
   HI_SS0637  7 0.0086 0.0220 0.0282 0.1764 0.0035 0.0555 0.2029 0.0655 0.4373 
   HI_SS0638  7 0.8151 0.0173 0.0377 0.0366 0.0014 0.0132 0.0115 0.0194 0.0478 
   HI_SS0639  7 0.0250 0.1029 0.1489 0.5384 0.0481 0.0325 0.0186 0.0079 0.0778 
   HI_SS0640  7 0.0098 0.0169 0.0594 0.0387 0.0017 0.0659 0.0710 0.6882 0.0484 
   HI_SS0641  7 0.0098 0.0280 0.0741 0.0240 0.0064 0.0159 0.2599 0.0386 0.5434 
   HI_SS0642  7 0.0156 0.0109 0.0169 0.5980 0.0025 0.0324 0.0164 0.3003 0.0070 
   HI_SS0645  7 0.0061 0.0032 0.0110 0.0092 0.0009 0.0121 0.0064 0.0079 0.9432 
   HI_SS0646  7 0.0491 0.0720 0.0156 0.0636 0.0024 0.7282 0.0399 0.0216 0.0077 
   HI_SS0647  7 0.0577 0.0814 0.0241 0.0382 0.0017 0.0111 0.0183 0.7353 0.0323 
   HI_SS0648  7 0.3898 0.0082 0.0419 0.0744 0.0029 0.3968 0.0206 0.0512 0.0142 
   HI_SS0649  7 0.0047 0.0345 0.0669 0.1364 0.0025 0.0207 0.6280 0.0256 0.0806 
   HI_SS0650  7 0.0263 0.0367 0.1343 0.0309 0.0047 0.0156 0.5609 0.0155 0.1751 
   HI_SS0651  7 0.0180 0.0339 0.1525 0.0173 0.0045 0.5393 0.0724 0.1102 0.0520 
   HI_SS0652  7 0.0524 0.0236 0.0167 0.0688 0.0029 0.0111 0.0083 0.0120 0.8042 
   NS_SS1371  7 0.0149 0.4964 0.1566 0.0370 0.0101 0.0685 0.1672 0.0383 0.0109 
   NS_SS1374  7 0.6213 0.0197 0.0247 0.2011 0.0026 0.0062 0.0868 0.0130 0.0246 
   NS_SS1337  7 0.0125 0.0672 0.0106 0.7245 0.0044 0.0258 0.0231 0.0076 0.1243 
   NS_SS1385  7 0.4995 0.0050 0.0670 0.0272 0.0053 0.0300 0.3350 0.0244 0.0066 
   NS_SS1388  7 0.0037 0.0146 0.9400 0.0056 0.0049 0.0036 0.0140 0.0059 0.0078 
   NS_SS1370  7 0.0044 0.0055 0.0032 0.0151 0.0062 0.0079 0.0028 0.0065 0.9486 
   NS_SS1389  7 0.0272 0.0059 0.9354 0.0054 0.0030 0.0051 0.0072 0.0040 0.0068 
   NS_SS1360  7 0.0166 0.0780 0.0301 0.2412 0.0056 0.0377 0.1464 0.1261 0.3183 
   NS_SS1330  7 0.3214 0.0144 0.0234 0.0257 0.0038 0.5437 0.0247 0.0137 0.0292 
   NS_SS1328  7 0.4551 0.4156 0.0437 0.0427 0.0022 0.0100 0.0145 0.0100 0.0061 
   NS_SS1384  7 0.0171 0.0557 0.0045 0.0142 0.0037 0.7482 0.0519 0.0983 0.0065 
   NS_SS1381  7 0.0473 0.0396 0.0956 0.0144 0.0009 0.0579 0.6175 0.0092 0.1175 
   NS_SS1375  7 0.7309 0.1023 0.0752 0.0337 0.0015 0.0149 0.0078 0.0191 0.0146 
   NS_SS1319  7 0.0061 0.6808 0.0276 0.0545 0.1055 0.0551 0.0266 0.0246 0.0193 
   NS_SS1326  7 0.0123 0.7575 0.0089 0.0375 0.0104 0.0066 0.0191 0.1387 0.0090 
   NS_SS1341  7 0.0069 0.0087 0.0150 0.1945 0.0049 0.0050 0.7506 0.0032 0.0111 
   NS_SS1383  7 0.0153 0.0193 0.0181 0.1385 0.0053 0.0099 0.0472 0.7325 0.0138 
   NS_SS1318  7 0.8253 0.0133 0.0265 0.0078 0.0145 0.0236 0.0555 0.0113 0.0221 
   NS_SS1348  7 0.1067 0.0137 0.0041 0.0318 0.0012 0.0048 0.5453 0.2758 0.0166 
   NS_SS1363  7 0.0502 0.0177 0.0130 0.0611 0.0044 0.1015 0.0164 0.0093 0.7265 
   NS_SS1335  7 0.0042 0.0055 0.0043 0.0151 0.0245 0.0108 0.0135 0.8875 0.0346 
   NS_SS1358  7 0.0086 0.0179 0.0036 0.5039 0.0133 0.0330 0.3190 0.0821 0.0185 
   NS_SS1342  7 0.0420 0.0092 0.0312 0.2595 0.0017 0.0297 0.5650 0.0487 0.0131 
   NS_SS1320  7 0.0249 0.0123 0.4976 0.2702 0.0079 0.1457 0.0042 0.0200 0.0172 
   NS_SS1355  7 0.0132 0.0075 0.2860 0.0164 0.0130 0.0713 0.0681 0.0099 0.5147 
   NS_SS1345  7 0.0082 0.0128 0.0100 0.0085 0.0159 0.9060 0.0078 0.0172 0.0137 
   NS_SS1324  7 0.0423 0.1149 0.0528 0.0054 0.0029 0.0417 0.0110 0.7088 0.0201 
   NS_SS1347  7 0.0111 0.0358 0.0705 0.2553 0.0040 0.3106 0.0126 0.2274 0.0727 
   NS_SS1321  7 0.0108 0.0179 0.0060 0.7587 0.0011 0.0075 0.0508 0.0181 0.1291 
   NS_SS1333  7 0.0337 0.0265 0.8028 0.0498 0.0022 0.0055 0.0127 0.0607 0.0060 
   NS_SS1364  7 0.0206 0.0047 0.0151 0.0074 0.0019 0.0206 0.0174 0.8999 0.0124 
   NS_SS1379  7 0.2131 0.0181 0.0350 0.1209 0.0500 0.0317 0.0172 0.0175 0.4965 
   NS_SS1332  7 0.0078 0.0247 0.7938 0.0058 0.0038 0.0034 0.0178 0.1394 0.0035 
   NS_SS1338  7 0.0087 0.0044 0.0051 0.0203 0.0042 0.0071 0.0257 0.0120 0.9126 
   NS_SS1368  7 0.0433 0.0089 0.2374 0.0290 0.0053 0.0111 0.1642 0.4943 0.0065 
   NS_SS1354  7 0.0090 0.0103 0.1432 0.1112 0.0144 0.4359 0.1657 0.0871 0.0233 
   NS_SS1365  7 0.7519 0.0131 0.1215 0.0218 0.0095 0.0069 0.0176 0.0061 0.0518 
   NS_SS1380  7 0.0073 0.0151 0.1145 0.0278 0.0200 0.7869 0.0054 0.0043 0.0186 
   NS_SS1329  7 0.0122 0.0088 0.5311 0.1034 0.0035 0.0317 0.2706 0.0277 0.0109 
   NS_SS1362  7 0.0342 0.0125 0.0140 0.0203 0.0042 0.6035 0.2876 0.0138 0.0100 
   NS_SS1327  7 0.0065 0.0107 0.0096 0.0057 0.0034 0.0063 0.8723 0.0822 0.0034 
   NS_SS1350  7 0.0030 0.9576 0.0058 0.0056 0.0054 0.0048 0.0086 0.0034 0.0058 
   NS_SS1387  7 0.0068 0.0065 0.8036 0.0133 0.0029 0.0249 0.0395 0.0088 0.0938 
   NS_SS1369  7 0.0025 0.0810 0.0085 0.0096 0.0035 0.0093 0.0056 0.0535 0.8265 
