   NS_SS0963  1 0.0056 0.6989 0.0532 0.0136 0.0750 0.1384 0.0155 
   NS_SS0983  1 0.0037 0.0152 0.0126 0.0029 0.9253 0.0296 0.0109 
   NS_SS0719  1 0.0052 0.5494 0.2255 0.0291 0.0647 0.0918 0.0344 
   NS_SS1001  1 0.0064 0.0236 0.0176 0.8843 0.0225 0.0101 0.0355 
   NS_SS0936  1 0.0029 0.0457 0.1293 0.0340 0.2942 0.4765 0.0174 
   NS_SS0955  1 0.0040 0.1501 0.3107 0.0766 0.1121 0.2347 0.1119 
   NS_SS0944  1 0.0019 0.0418 0.0519 0.0237 0.0278 0.0361 0.8167 
   NS_SS0945  1 0.0095 0.0283 0.0120 0.4645 0.1869 0.1024 0.1964 
   NS_SS0922  1 0.0260 0.7046 0.0815 0.0851 0.0100 0.0780 0.0147 
   NS_SS0929  1 0.0030 0.1331 0.0615 0.0480 0.0641 0.6333 0.0569 
   NS_SS0956  1 0.0038 0.2575 0.0135 0.6665 0.0146 0.0120 0.0322 
   NS_SS0906  1 0.0045 0.1973 0.0580 0.0416 0.6293 0.0551 0.0144 
   NS_SS0721  1 0.0041 0.1766 0.0073 0.0073 0.7771 0.0215 0.0061 
   NS_SS0982  1 0.0187 0.1260 0.0186 0.1714 0.0230 0.6247 0.0176 
   NS_SS0923  1 0.0041 0.7109 0.0324 0.1746 0.0444 0.0103 0.0232 
   NS_SS0905  1 0.0020 0.2157 0.0511 0.0240 0.6162 0.0337 0.0573 
   NS_SS0925  1 0.0036 0.0236 0.7962 0.0207 0.0955 0.0557 0.0047 
   NS_SS0947  1 0.0054 0.4623 0.0723 0.3556 0.0467 0.0379 0.0197 
   NS_SS0926  1 0.0013 0.0891 0.2042 0.0279 0.0107 0.0368 0.6301 
   NS_SS0918  1 0.0025 0.0608 0.0183 0.0597 0.8003 0.0239 0.0346 
   NS_SS0966  1 0.0476 0.2111 0.1778 0.0533 0.0146 0.4798 0.0157 
   NS_SS0938  1 0.0013 0.0226 0.0267 0.6309 0.0086 0.2927 0.0172 
   NS_SS0917  1 0.0455 0.0328 0.0563 0.7954 0.0309 0.0236 0.0155 
   NS_SS0957  1 0.0064 0.2653 0.0162 0.5588 0.0316 0.0506 0.0710 
   NS_SS0987  1 0.2413 0.3291 0.0692 0.2494 0.0492 0.0264 0.0355 
   NS_SS0717  1 0.0032 0.0266 0.0203 0.7557 0.0227 0.1527 0.0188 
   NS_SS0986  1 0.0031 0.6620 0.0071 0.1462 0.0444 0.0304 0.1068 
   NS_SS0953  1 0.0158 0.7464 0.0277 0.0552 0.0373 0.0901 0.0274 
   NS_SS0907  1 0.0453 0.0685 0.2218 0.0306 0.3927 0.2333 0.0078 
   NS_SS0974  1 0.0043 0.0200 0.3467 0.0954 0.1427 0.3023 0.0885 
   NS_SS0989  1 0.0011 0.0898 0.0560 0.0097 0.2347 0.3496 0.2592 
   NS_SS0991  1 0.0025 0.1426 0.3002 0.0198 0.2963 0.0369 0.2016 
   NS_SS0994  1 0.0021 0.0097 0.5316 0.0275 0.0689 0.0864 0.2737 
   NS_SS0931  1 0.0100 0.0206 0.0461 0.0083 0.0316 0.0099 0.8736 
   NS_SS1000  1 0.0038 0.8686 0.0103 0.0657 0.0058 0.0356 0.0103 
   NS_SS0919  1 0.0035 0.6109 0.3293 0.0045 0.0097 0.0196 0.0226 
   NS_SS0949  1 0.0014 0.0100 0.2915 0.0098 0.0453 0.0671 0.5749 
   NS_SS0960  1 0.0078 0.0391 0.0204 0.0160 0.2204 0.0236 0.6727 
   NS_SS0716  1 0.0061 0.0070 0.0043 0.9649 0.0051 0.0058 0.0068 
   NS_SS0924  1 0.0232 0.0645 0.2208 0.0585 0.0540 0.1876 0.3915 
   NS_SS0935  1 0.0076 0.0089 0.9092 0.0057 0.0098 0.0061 0.0526 
   NS_SS0952  1 0.0496 0.0531 0.1313 0.0472 0.0973 0.0260 0.5955 
   NS_SS0962  1 0.0065 0.0186 0.0147 0.0250 0.0114 0.9166 0.0072 
   NS_SS0973  1 0.0034 0.0552 0.6578 0.0074 0.1922 0.0681 0.0159 
   NS_SS0722  1 0.0023 0.0376 0.2342 0.6979 0.0088 0.0129 0.0063 
   NS_SS0979  1 0.0023 0.0125 0.0372 0.7041 0.1746 0.0605 0.0089 
   NS_SS0993  1 0.0155 0.0142 0.7866 0.0347 0.0652 0.0773 0.0065 
   NS_SS0958  1 0.0029 0.0089 0.0103 0.0196 0.0118 0.0168 0.9297 
   NS_SS0988  1 0.0049 0.0253 0.0438 0.0256 0.0238 0.8653 0.0113 
   NS_SS1003  1 0.0070 0.8573 0.0490 0.0127 0.0109 0.0485 0.0146 
   NS_SS0976  1 0.0032 0.0194 0.2959 0.0203 0.2257 0.0381 0.3974 
   NS_SS0964  1 0.0030 0.0114 0.0561 0.8850 0.0074 0.0300 0.0072 
   NS_SS0939  1 0.0040 0.0050 0.0069 0.9678 0.0055 0.0047 0.0061 
   NS_SS0990  1 0.0030 0.3270 0.0082 0.2144 0.2125 0.2213 0.0136 
   NS_SS0984  1 0.0021 0.0408 0.0231 0.9029 0.0078 0.0145 0.0087 
   NS_SS0980  1 0.0018 0.8337 0.1258 0.0064 0.0117 0.0085 0.0122 
   NS_SS0978  1 0.0028 0.5748 0.1067 0.0470 0.0075 0.2022 0.0591 
   NS_SS0951  1 0.0029 0.0460 0.2230 0.0708 0.5470 0.0240 0.0862 
   NS_SS0913  1 0.0493 0.0600 0.0142 0.5550 0.1330 0.1491 0.0393 
   NS_SS1002  1 0.0382 0.0304 0.0051 0.0065 0.0152 0.8997 0.0048 
   NS_SS0948  1 0.0477 0.0286 0.0419 0.1322 0.2832 0.3567 0.1096 
   NS_SS0916  1 0.0047 0.1548 0.5008 0.0360 0.1469 0.0544 0.1025 
   NS_SS0995  1 0.0032 0.0392 0.0512 0.0443 0.8034 0.0496 0.0091 
   NS_SS0927  1 0.0064 0.0676 0.0390 0.0543 0.0540 0.7519 0.0267 
   NS_SS0992  1 0.0031 0.2046 0.0219 0.0120 0.1877 0.5388 0.0319 
   NS_SS0912  1 0.0027 0.0412 0.0432 0.0272 0.6322 0.0288 0.2246 
   NS_SS0981  1 0.0027 0.7938 0.0855 0.0166 0.0595 0.0226 0.0193 
   NS_SS0729  2 0.0032 0.0081 0.9424 0.0049 0.0068 0.0178 0.0168 
   NS_SS0967  2 0.0123 0.1715 0.0320 0.0596 0.0113 0.6423 0.0711 
   NS_SS0941  2 0.0826 0.1333 0.4860 0.1507 0.0168 0.0825 0.0480 
   NS_SS0768  2 0.0041 0.0642 0.0071 0.2237 0.0116 0.6708 0.0185 
   NS_SS0726  2 0.0065 0.0325 0.8222 0.0132 0.0384 0.0593 0.0279 
   NS_SS0763  2 0.0023 0.0144 0.8954 0.0287 0.0111 0.0213 0.0268 
   NS_SS0730  2 0.0039 0.0752 0.0102 0.6136 0.0290 0.2247 0.0434 
   NS_SS0774  2 0.0010 0.1403 0.0065 0.7506 0.0262 0.0620 0.0134 
   NS_SS0723  2 0.0018 0.4110 0.0552 0.0990 0.2742 0.1517 0.0071 
   NS_SS0940  2 0.0064 0.0773 0.7659 0.0275 0.0692 0.0136 0.0401 
   NS_SS0762  2 0.0031 0.1162 0.1227 0.7305 0.0079 0.0100 0.0096 
   NS_SS0766  2 0.0178 0.0652 0.0423 0.5633 0.0194 0.0249 0.2671 
   NS_SS0724  2 0.0040 0.0972 0.4970 0.1027 0.0334 0.2321 0.0337 
   NS_SS0769  2 0.0041 0.4227 0.2040 0.0591 0.0261 0.2682 0.0158 
   NS_SS0777  2 0.0138 0.2797 0.1864 0.0249 0.0421 0.1555 0.2977 
   NS_SS0734  2 0.0284 0.2709 0.0614 0.1971 0.0439 0.0342 0.3641 
   NS_SS0737  2 0.0056 0.3210 0.0118 0.4857 0.0170 0.1395 0.0194 
   NS_SS0732  2 0.0050 0.0092 0.0225 0.0098 0.9403 0.0082 0.0050 
   NS_SS0728  2 0.0085 0.7647 0.0561 0.1038 0.0112 0.0366 0.0191 
   NS_SS0735  2 0.0096 0.3636 0.2668 0.0389 0.1711 0.1365 0.0135 
   NS_SS0725  2 0.0085 0.0134 0.0233 0.8446 0.0099 0.0698 0.0306 
   NS_SS0788  2 0.0014 0.1227 0.0478 0.0241 0.1453 0.6400 0.0188 
   NS_SS0778  2 0.0016 0.8706 0.0100 0.0068 0.0677 0.0320 0.0113 
   NS_SS0792  2 0.0057 0.6578 0.0293 0.0169 0.0340 0.1753 0.0811 
   NS_SS0943  2 0.0078 0.0082 0.8453 0.0093 0.0112 0.0090 0.1092 
   NS_SS0791  2 0.0173 0.2108 0.2077 0.0249 0.2236 0.0151 0.3006 
   NS_SS0790  2 0.0046 0.0160 0.0082 0.9325 0.0186 0.0155 0.0047 
   NS_SS0731  2 0.0108 0.0188 0.0179 0.9174 0.0085 0.0179 0.0087 
   NS_SS0727  2 0.0016 0.0162 0.6213 0.2621 0.0150 0.0091 0.0746 
   NS_SS0779  2 0.0059 0.6437 0.1194 0.0382 0.1125 0.0467 0.0337 
   NS_SS0776  2 0.0083 0.3411 0.0771 0.1192 0.0289 0.0763 0.3490 
   NS_SS0775  2 0.0055 0.0160 0.0054 0.9482 0.0055 0.0125 0.0070 
   NS_SS0965  3 0.0019 0.6114 0.1403 0.0403 0.0106 0.1050 0.0905 
   NS_SS0754  3 0.0108 0.1812 0.6473 0.0366 0.0542 0.0138 0.0561 
   NS_SS0838  3 0.0389 0.1596 0.0386 0.0958 0.4394 0.1751 0.0526 
   NS_SS0839  3 0.0036 0.6208 0.0063 0.1172 0.0260 0.2109 0.0152 
   NS_SS0832  3 0.0380 0.8596 0.0390 0.0311 0.0090 0.0198 0.0034 
   NS_SS0820  3 0.0066 0.0729 0.0086 0.7320 0.0141 0.1606 0.0051 
   NS_SS0886  3 0.0026 0.0967 0.0176 0.0209 0.6365 0.1173 0.1084 
   NS_SS0748  3 0.0096 0.1490 0.0275 0.1027 0.0849 0.0898 0.5364 
   NS_SS0884  3 0.0198 0.5109 0.0240 0.2085 0.0350 0.1682 0.0337 
   NS_SS0752  3 0.0021 0.0192 0.1190 0.0398 0.4385 0.3584 0.0230 
   NS_SS0862  3 0.0035 0.6890 0.0421 0.0193 0.2290 0.0126 0.0046 
   NS_SS0787  3 0.0072 0.0631 0.3566 0.0173 0.0168 0.1156 0.4234 
   NS_SS0843  3 0.0021 0.0236 0.8969 0.0267 0.0158 0.0266 0.0084 
   NS_SS0856  3 0.0034 0.0452 0.0113 0.1754 0.0103 0.7419 0.0126 
   NS_SS0846  3 0.0037 0.3508 0.0700 0.0072 0.0394 0.5001 0.0288 
   NS_SS0825  3 0.0074 0.0167 0.0035 0.0068 0.0165 0.9427 0.0063 
   NS_SS0757  3 0.0037 0.0174 0.0321 0.0133 0.8691 0.0530 0.0115 
   NS_SS0876  3 0.2155 0.5140 0.1250 0.0708 0.0136 0.0473 0.0137 
   NS_SS0903  3 0.0034 0.1879 0.0871 0.0094 0.3120 0.3949 0.0053 
   NS_SS0875  3 0.0038 0.0596 0.0180 0.5938 0.0702 0.2043 0.0502 
   NS_SS0740  3 0.0026 0.0108 0.9145 0.0087 0.0281 0.0284 0.0069 
   NS_SS0811  3 0.0077 0.0121 0.0090 0.8532 0.1005 0.0086 0.0089 
   NS_SS0751  3 0.0032 0.0417 0.1038 0.0690 0.4329 0.2707 0.0787 
   NS_SS0891  3 0.0053 0.0313 0.0312 0.8692 0.0291 0.0165 0.0174 
   NS_SS0867  3 0.0212 0.2937 0.5547 0.0095 0.0133 0.0880 0.0195 
   NS_SS0890  3 0.0037 0.1328 0.3183 0.1926 0.2975 0.0252 0.0298 
   NS_SS0866  3 0.0060 0.0261 0.0224 0.2970 0.2799 0.3064 0.0622 
   NS_SS0755  3 0.0065 0.1196 0.0351 0.7186 0.0287 0.0557 0.0359 
   NS_SS0758  3 0.0020 0.6402 0.0219 0.0127 0.1528 0.1536 0.0167 
   NS_SS0840  3 0.0021 0.9084 0.0166 0.0196 0.0135 0.0308 0.0091 
   NS_SS0889  3 0.0024 0.0173 0.0130 0.0328 0.3652 0.2095 0.3598 
   NS_SS1010  3 0.0335 0.5932 0.0278 0.0261 0.0211 0.2531 0.0453 
   NS_SS0888  3 0.0014 0.0520 0.2344 0.0241 0.0212 0.0164 0.6506 
   NS_SS0837  3 0.0026 0.1622 0.3037 0.3527 0.0276 0.1315 0.0197 
   NS_SS0794  3 0.0023 0.0094 0.0179 0.0313 0.0156 0.0187 0.9047 
   NS_SS0823  3 0.0031 0.5580 0.0184 0.0677 0.0408 0.3041 0.0077 
   NS_SS0829  3 0.0804 0.0209 0.0157 0.0055 0.8470 0.0071 0.0234 
   NS_SS0844  3 0.0022 0.0250 0.1277 0.0800 0.0104 0.7494 0.0053 
   NS_SS1008  3 0.0137 0.0224 0.1570 0.4683 0.0373 0.0300 0.2713 
   NS_SS0881  3 0.0024 0.1276 0.0543 0.0814 0.1947 0.0685 0.4711 
   NS_SS0834  3 0.0074 0.0348 0.0666 0.0853 0.0122 0.7664 0.0272 
   NS_SS0744  3 0.0067 0.7470 0.0452 0.0106 0.0551 0.1230 0.0124 
   NS_SS0899  3 0.0014 0.0221 0.0050 0.0472 0.7850 0.1363 0.0030 
   NS_SS0804  3 0.0039 0.9140 0.0079 0.0291 0.0140 0.0269 0.0043 
   NS_SS0781  3 0.0032 0.7608 0.0105 0.0337 0.0478 0.1379 0.0061 
   NS_SS0822  3 0.0019 0.0143 0.0225 0.0100 0.7229 0.1225 0.1061 
   NS_SS1004  3 0.0036 0.4764 0.1280 0.0134 0.0180 0.2807 0.0798 
   NS_SS0746  3 0.0161 0.0365 0.3201 0.3437 0.0225 0.2043 0.0569 
   NS_SS0880  3 0.0022 0.4696 0.0468 0.0196 0.0996 0.0457 0.3166 
   NS_SS0879  3 0.0148 0.0892 0.0197 0.5270 0.0144 0.3131 0.0218 
   NS_SS0753  3 0.0092 0.0210 0.8248 0.0114 0.0426 0.0292 0.0619 
   NS_SS1007  3 0.0017 0.2577 0.0406 0.0401 0.0684 0.5817 0.0099 
   NS_SS0872  3 0.0023 0.1298 0.0528 0.0263 0.0113 0.7546 0.0228 
   NS_SS1005  3 0.0013 0.2591 0.0157 0.0179 0.0257 0.6681 0.0123 
   NS_SS0892  3 0.0023 0.7318 0.1173 0.0222 0.0216 0.0781 0.0266 
   NS_SS0898  3 0.0050 0.0155 0.0097 0.0995 0.0416 0.0577 0.7710 
   NS_SS0801  3 0.0100 0.9102 0.0254 0.0102 0.0175 0.0170 0.0097 
   NS_SS0827  3 0.1258 0.3865 0.1178 0.1115 0.0253 0.0656 0.1675 
   NS_SS0853  3 0.0060 0.2651 0.0113 0.6630 0.0137 0.0289 0.0120 
   NS_SS0780  3 0.0036 0.9502 0.0197 0.0086 0.0072 0.0061 0.0047 
   NS_SS0826  3 0.0029 0.0399 0.0247 0.0054 0.0350 0.7827 0.1093 
   NS_SS0818  3 0.0012 0.9585 0.0060 0.0072 0.0035 0.0118 0.0117 
   NS_SS0745  3 0.0012 0.0074 0.0041 0.9570 0.0096 0.0098 0.0109 
   NS_SS0849  3 0.0017 0.0654 0.0244 0.0784 0.8008 0.0194 0.0098 
   NS_SS0739  3 0.0149 0.0222 0.0250 0.0586 0.7688 0.0864 0.0240 
   NS_SS0799  3 0.0010 0.0885 0.1804 0.0345 0.6220 0.0170 0.0565 
   NS_SS0756  3 0.0035 0.5574 0.0144 0.0169 0.0728 0.3150 0.0200 
   NS_SS0802  3 0.1883 0.0362 0.1064 0.0140 0.0202 0.6107 0.0243 
   NS_SS0747  3 0.0060 0.2562 0.2948 0.0153 0.3570 0.0640 0.0067 
   NS_SS0835  3 0.0011 0.0637 0.2393 0.0556 0.0237 0.4502 0.1663 
   NS_SS0742  3 0.0015 0.1720 0.0347 0.0138 0.7253 0.0393 0.0134 
   NS_SS0760  3 0.0457 0.0165 0.0089 0.0110 0.0348 0.0231 0.8601 
   NS_SS0803  3 0.0083 0.8080 0.0716 0.0104 0.0208 0.0724 0.0085 
   NS_SS0828  3 0.0019 0.0740 0.7181 0.0636 0.0308 0.0132 0.0985 
   NS_SS0865  3 0.0204 0.8658 0.0552 0.0200 0.0164 0.0129 0.0093 
   NS_SS0759  3 0.0050 0.5905 0.0176 0.0333 0.2802 0.0645 0.0090 
   NS_SS0851  3 0.0142 0.0100 0.0056 0.9323 0.0164 0.0113 0.0102 
   NS_SS0874  3 0.0018 0.0279 0.2257 0.1189 0.2808 0.3343 0.0105 
   NS_SS0761  3 0.0027 0.1027 0.0226 0.0517 0.2602 0.0586 0.5013 
   NS_SS0842  3 0.0079 0.0255 0.0150 0.7036 0.0645 0.1057 0.0778 
   NS_SS0785  3 0.0046 0.7503 0.1279 0.0104 0.0622 0.0194 0.0253 
   NS_SS0860  3 0.0024 0.0168 0.0409 0.0101 0.6594 0.2606 0.0099 
   NS_SS0897  3 0.0019 0.0194 0.0098 0.0150 0.0317 0.0169 0.9053 
   NS_SS0841  3 0.0038 0.3488 0.0097 0.3645 0.0826 0.1446 0.0458 
   NS_SS0797  3 0.0275 0.0235 0.0081 0.0203 0.0071 0.0093 0.9041 
   NS_SS0830  3 0.0025 0.0296 0.1213 0.1640 0.4283 0.1170 0.1372 
   NS_SS1011  3 0.0048 0.9171 0.0078 0.0050 0.0047 0.0559 0.0046 
   NS_SS0883  3 0.0053 0.0189 0.0176 0.0295 0.8957 0.0122 0.0208 
   NS_SS0782  3 0.0027 0.2849 0.0107 0.3014 0.1568 0.1955 0.0480 
   NS_SS0831  3 0.0030 0.0429 0.0198 0.0166 0.8722 0.0132 0.0323 
   NS_SS0749  3 0.0035 0.3700 0.0962 0.0184 0.4581 0.0376 0.0163 
   NS_SS0854  3 0.0026 0.1234 0.1648 0.0534 0.3802 0.1444 0.1313 
   HI_SS0193  4 0.0014 0.0080 0.0237 0.0089 0.0081 0.0068 0.9430 
   HI_SS0194  4 0.0018 0.2505 0.2961 0.3216 0.0238 0.0612 0.0450 
   HI_SS0195  4 0.0825 0.7648 0.0065 0.0676 0.0526 0.0180 0.0080 
   HI_SS0196  4 0.0032 0.0443 0.0175 0.1251 0.6102 0.1662 0.0335 
   HI_SS0197  4 0.0101 0.9350 0.0047 0.0068 0.0098 0.0306 0.0029 
   HI_SS0198  4 0.0115 0.0462 0.0378 0.0409 0.7142 0.0517 0.0977 
   HI_SS0199  4 0.0023 0.0659 0.8084 0.0113 0.0250 0.0512 0.0358 
   HI_SS0201  4 0.0025 0.0183 0.2785 0.0063 0.0097 0.0115 0.6732 
   HI_SS0215  4 0.0027 0.1944 0.0704 0.0079 0.0140 0.6592 0.0513 
   HI_SS0218  4 0.0071 0.0170 0.0109 0.0112 0.0075 0.0079 0.9385 
   HI_SS0222  4 0.0049 0.0632 0.0277 0.5282 0.0750 0.2785 0.0225 
   HI_SS0230  4 0.0059 0.0539 0.3336 0.2371 0.3324 0.0249 0.0123 
   HI_SS0234  4 0.1592 0.0167 0.0186 0.0306 0.0173 0.6782 0.0794 
   HI_SS0240  4 0.0054 0.9097 0.0450 0.0103 0.0052 0.0134 0.0110 
   HI_SS0241  4 0.0025 0.0883 0.3336 0.0392 0.0217 0.0468 0.4679 
   HI_SS0242  4 0.0029 0.1046 0.0783 0.4220 0.0738 0.0902 0.2282 
   HI_SS0247  4 0.0313 0.0894 0.2051 0.0365 0.1049 0.3665 0.1663 
   HI_SS0248  4 0.0008 0.0079 0.3866 0.0129 0.0134 0.0146 0.5637 
   HI_SS0252  4 0.0016 0.8937 0.0413 0.0151 0.0306 0.0106 0.0071 
   HI_SS0254  4 0.0799 0.0326 0.4133 0.0051 0.0069 0.3266 0.1356 
   HI_SS0256  4 0.0016 0.1847 0.0147 0.1563 0.0059 0.6320 0.0049 
   HI_SS0257  4 0.0036 0.0115 0.9278 0.0076 0.0142 0.0214 0.0139 
   HI_SS0258  4 0.0045 0.0257 0.0791 0.0212 0.0095 0.0398 0.8202 
   HI_SS0259  4 0.0035 0.0755 0.0826 0.3847 0.0387 0.3848 0.0301 
   HI_SS0260  4 0.0017 0.0210 0.7428 0.0597 0.0124 0.0271 0.1353 
   HI_SS0261  4 0.0034 0.0757 0.5925 0.0459 0.0232 0.1874 0.0719 
   HI_SS0262  4 0.0092 0.3127 0.0626 0.4671 0.0306 0.1025 0.0152 
   HI_SS0264  4 0.0038 0.3008 0.0239 0.4198 0.0297 0.1178 0.1042 
   HI_SS0265  4 0.0910 0.0128 0.0212 0.3609 0.0056 0.5035 0.0051 
   HI_SS0268  4 0.0034 0.1281 0.0066 0.0243 0.0528 0.0667 0.7181 
   HI_SS0269  4 0.0021 0.0189 0.2067 0.0119 0.1357 0.2426 0.3822 
   HI_SS0273  4 0.0020 0.0275 0.0352 0.0333 0.0805 0.2427 0.5787 
   HI_SS0277  4 0.0026 0.1122 0.0091 0.0097 0.5120 0.3423 0.0120 
   HI_SS0280  4 0.0064 0.5638 0.0195 0.1120 0.0416 0.0111 0.2456 
   HI_SS0282  4 0.0014 0.0767 0.4587 0.0099 0.2839 0.0264 0.1430 
   HI_SS0286  4 0.0073 0.1048 0.1936 0.0170 0.1727 0.3478 0.1569 
   NS_SS1252  5 0.0036 0.0038 0.0116 0.0098 0.9370 0.0229 0.0113 
   NS_SS1261  5 0.0196 0.0097 0.0155 0.0125 0.3094 0.6129 0.0204 
   NS_SS1225  5 0.0768 0.0696 0.7990 0.0049 0.0170 0.0196 0.0131 
   NS_SS1266  5 0.0084 0.3250 0.0152 0.0660 0.0161 0.5636 0.0056 
   NS_SS1228  5 0.0158 0.1245 0.4302 0.2069 0.1314 0.0605 0.0308 
   NS_SS1255  5 0.0014 0.0092 0.0126 0.9213 0.0249 0.0122 0.0186 
   NS_SS1267  5 0.0184 0.0088 0.2493 0.0416 0.1532 0.0185 0.5102 
   NS_SS1238  5 0.0027 0.0157 0.0130 0.0146 0.3577 0.0596 0.5366 
   NS_SS1233  5 0.0025 0.0165 0.0070 0.1350 0.7471 0.0178 0.0741 
   NS_SS1277  5 0.0011 0.0073 0.0120 0.0173 0.0093 0.0075 0.9456 
   NS_SS1245  5 0.0018 0.0107 0.6915 0.0317 0.0241 0.1644 0.0757 
   NS_SS1240  5 0.0026 0.0928 0.1003 0.0085 0.0508 0.3600 0.3850 
   NS_SS1275  5 0.0027 0.0883 0.0251 0.4851 0.0086 0.3811 0.0092 
   NS_SS1235  5 0.0054 0.0313 0.5611 0.1491 0.0089 0.2155 0.0287 
   NS_SS1263  5 0.0010 0.0093 0.2168 0.3944 0.0280 0.3254 0.0252 
   NS_SS1251  5 0.0014 0.2498 0.0528 0.0175 0.0352 0.6305 0.0127 
   NS_SS1248  5 0.1244 0.0276 0.0084 0.0731 0.4183 0.0204 0.3277 
   NS_SS1244  5 0.0056 0.2051 0.1071 0.0117 0.0182 0.0321 0.6202 
   NS_SS1257  5 0.0316 0.0307 0.0185 0.0078 0.0770 0.0483 0.7861 
   NS_SS1242  5 0.0032 0.0319 0.0150 0.7449 0.0079 0.1889 0.0083 
   NS_SS1271  5 0.0317 0.0079 0.1030 0.0277 0.0097 0.0091 0.8109 
   NS_SS1265  5 0.0204 0.0134 0.0087 0.0332 0.4021 0.2829 0.2392 
   NS_SS1243  5 0.0791 0.2880 0.0150 0.4075 0.1710 0.0137 0.0258 
   NS_SS1273  5 0.0095 0.0191 0.0044 0.8964 0.0076 0.0361 0.0268 
   NS_SS1254  5 0.0054 0.0310 0.0297 0.7226 0.1241 0.0777 0.0096 
   NS_SS1224  5 0.0069 0.3776 0.4896 0.0716 0.0185 0.0293 0.0063 
   NS_SS1227  5 0.0015 0.0077 0.9357 0.0235 0.0120 0.0094 0.0102 
   NS_SS1274  5 0.0134 0.0139 0.0752 0.0092 0.8316 0.0087 0.0481 
   NS_SS1241  5 0.0011 0.0113 0.0147 0.0071 0.0291 0.0156 0.9210 
   NS_SS1256  5 0.0427 0.5199 0.0126 0.0150 0.0116 0.1109 0.2873 
   NS_SS1260  5 0.0778 0.1528 0.3662 0.0346 0.1496 0.1844 0.0346 
   NS_SS1262  5 0.1606 0.0637 0.1396 0.0090 0.0443 0.4985 0.0844 
   NS_SS1230  5 0.0095 0.0651 0.0181 0.0732 0.0247 0.0497 0.7598 
   NS_SS1270  5 0.0019 0.0199 0.1604 0.0262 0.5949 0.1669 0.0297 
   NS_SS1229  5 0.0035 0.0328 0.0363 0.0050 0.0138 0.9049 0.0038 
   NS_SS1246  5 0.0033 0.0243 0.3843 0.0398 0.2227 0.1350 0.1905 
   NS_SS1269  5 0.0022 0.4470 0.0128 0.0334 0.0453 0.2385 0.2207 
   NS_SS1239  5 0.0054 0.0221 0.8340 0.0289 0.0796 0.0225 0.0075 
   NS_SS1272  5 0.0042 0.0060 0.0047 0.0073 0.0072 0.9633 0.0072 
   NS_SS1268  5 0.0026 0.1476 0.3119 0.0621 0.3958 0.0476 0.0322 
   NS_SS1249  5 0.0165 0.0307 0.1203 0.0317 0.0280 0.0196 0.7533 
   HI_SS0559  6 0.0020 0.0323 0.8165 0.0307 0.0088 0.0150 0.0948 
   HI_SS0563  6 0.0027 0.7310 0.0223 0.0409 0.0336 0.0492 0.1204 
   HI_SS0564  6 0.0433 0.0820 0.0203 0.0253 0.8099 0.0127 0.0066 
   HI_SS0565  6 0.0034 0.0482 0.0422 0.0193 0.0381 0.8295 0.0192 
   HI_SS0569  6 0.0020 0.0543 0.6598 0.0039 0.1056 0.0132 0.1612 
   HI_SS0570  6 0.0439 0.0088 0.1010 0.0184 0.0131 0.0105 0.8043 
   HI_SS0572  6 0.0018 0.0102 0.8154 0.0959 0.0066 0.0647 0.0055 
   HI_SS0576  6 0.0074 0.0221 0.0205 0.2153 0.5075 0.1476 0.0795 
   HI_SS0579  6 0.0084 0.0090 0.9562 0.0041 0.0056 0.0069 0.0098 
   HI_SS0580  6 0.0046 0.0178 0.0427 0.4121 0.0264 0.0351 0.4613 
   HI_SS0581  6 0.0525 0.0916 0.0127 0.0160 0.0264 0.7947 0.0062 
   HI_SS0583  6 0.0025 0.0667 0.0363 0.1072 0.0407 0.6949 0.0517 
   HI_SS0586  6 0.0009 0.0208 0.0269 0.0131 0.1211 0.0137 0.8034 
   HI_SS0588  6 0.0190 0.2199 0.2393 0.0644 0.0455 0.0713 0.3406 
   HI_SS0595  6 0.0343 0.0427 0.0397 0.0768 0.0216 0.0322 0.7526 
   HI_SS0596  6 0.0021 0.0077 0.1968 0.6984 0.0073 0.0716 0.0161 
   HI_SS0597  6 0.0022 0.0378 0.0123 0.0348 0.0226 0.8776 0.0127 
   HI_SS0600  6 0.0036 0.7898 0.0159 0.0067 0.0282 0.0236 0.1323 
   HI_SS0601  6 0.0079 0.0114 0.9019 0.0050 0.0141 0.0513 0.0084 
   HI_SS0602  6 0.0022 0.1522 0.7333 0.0173 0.0726 0.0123 0.0101 
   HI_SS0604  6 0.0020 0.4330 0.2443 0.0392 0.1906 0.0545 0.0363 
   HI_SS0605  6 0.0062 0.9127 0.0116 0.0214 0.0145 0.0210 0.0125 
   HI_SS0608  6 0.0016 0.0088 0.0197 0.2998 0.6133 0.0189 0.0379 
   HI_SS0609  6 0.0009 0.3810 0.0567 0.0850 0.0628 0.3341 0.0796 
   HI_SS0611  6 0.0036 0.0067 0.0637 0.0331 0.8269 0.0273 0.0387 
   HI_SS0612  6 0.0054 0.6316 0.2352 0.0082 0.0157 0.0666 0.0374 
   HI_SS0613  6 0.0016 0.2093 0.0205 0.2362 0.4282 0.0854 0.0188 
   HI_SS0615  6 0.0147 0.4404 0.0669 0.2141 0.0919 0.1611 0.0110 
   HI_SS0001  6 0.0051 0.1044 0.0152 0.0406 0.0063 0.0472 0.7813 
   HI_SS0002  6 0.0302 0.1110 0.0291 0.0385 0.0168 0.7604 0.0140 
   HI_SS0004  6 0.0052 0.0295 0.0756 0.1790 0.3073 0.0302 0.3732 
   HI_SS0005  6 0.0085 0.2800 0.0114 0.0582 0.2009 0.1229 0.3181 
   HI_SS0006  6 0.0016 0.0473 0.1350 0.0129 0.0891 0.6990 0.0152 
   HI_SS0007  6 0.0027 0.0080 0.0100 0.0132 0.0177 0.0042 0.9442 
   HI_SS0008  6 0.0348 0.1123 0.6332 0.0300 0.0163 0.1357 0.0377 
   HI_SS0009  6 0.0049 0.0248 0.0430 0.8651 0.0372 0.0101 0.0148 
   HI_SS0010  6 0.0032 0.0131 0.0342 0.0277 0.4815 0.0140 0.4263 
   HI_SS0011  6 0.0815 0.5459 0.1739 0.0855 0.0140 0.0722 0.0269 
   HI_SS0012  6 0.0048 0.0800 0.0331 0.0151 0.1324 0.7298 0.0048 
   HI_SS0017  6 0.0020 0.0096 0.0086 0.8708 0.0042 0.0499 0.0550 
   HI_SS0021  6 0.2365 0.0128 0.0870 0.1711 0.0203 0.3325 0.1398 
   HI_SS0024  6 0.0019 0.0232 0.0457 0.6341 0.0291 0.2135 0.0525 
   HI_SS0025  6 0.0031 0.0052 0.0078 0.9582 0.0076 0.0136 0.0045 
   HI_SS0027  6 0.0096 0.0170 0.8913 0.0056 0.0228 0.0059 0.0477 
   HI_SS0028  6 0.0019 0.0162 0.0193 0.9137 0.0137 0.0225 0.0128 
   HI_SS0029  6 0.0058 0.0173 0.0132 0.7884 0.0185 0.1381 0.0186 
   HI_SS0030  6 0.0033 0.0096 0.9507 0.0095 0.0080 0.0088 0.0101 
   HI_SS0031  6 0.0047 0.4370 0.1173 0.0611 0.0149 0.2730 0.0921 
   HI_SS0034  6 0.0050 0.1648 0.3375 0.0126 0.0102 0.0200 0.4498 
   HI_SS0036  6 0.0141 0.0146 0.0092 0.0124 0.0100 0.0091 0.9304 
   HI_SS0037  6 0.0047 0.0250 0.0115 0.2044 0.3883 0.0149 0.3511 
   HI_SS0039  6 0.0029 0.0157 0.0730 0.2153 0.0085 0.0307 0.6540 
   HI_SS0041  6 0.0017 0.0116 0.0263 0.9038 0.0347 0.0169 0.0052 
   HI_SS0042  6 0.1064 0.0337 0.0116 0.6948 0.0417 0.0987 0.0132 
   HI_SS0043  6 0.0023 0.0036 0.0075 0.0060 0.8935 0.0093 0.0778 
   HI_SS0044  6 0.0025 0.0250 0.0090 0.6183 0.0065 0.0178 0.3210 
   HI_SS0047  6 0.0030 0.3435 0.0539 0.0395 0.0996 0.4417 0.0188 
   HI_SS0049  6 0.0046 0.0090 0.4351 0.4885 0.0313 0.0107 0.0208 
   HI_SS0051  6 0.0020 0.1609 0.0097 0.0479 0.7379 0.0323 0.0093 
   HI_SS0053  6 0.0035 0.0076 0.9383 0.0059 0.0078 0.0140 0.0229 
   HI_SS0054  6 0.0037 0.0135 0.3500 0.0103 0.0615 0.0248 0.5361 
   HI_SS0057  6 0.0029 0.0336 0.0163 0.0351 0.7119 0.1800 0.0203 
   HI_SS0058  6 0.0067 0.2028 0.0680 0.1008 0.1190 0.4299 0.0728 
   HI_SS0060  6 0.1032 0.1207 0.2272 0.0129 0.0934 0.0828 0.3598 
   HI_SS0087  6 0.0026 0.0279 0.1969 0.0101 0.0769 0.6710 0.0146 
   HI_SS0091  6 0.0013 0.3010 0.1626 0.0109 0.1875 0.2111 0.1256 
   HI_SS0095  6 0.0468 0.1722 0.5520 0.0093 0.0228 0.1909 0.0061 
   HI_SS0097  6 0.0044 0.0123 0.1164 0.0057 0.7986 0.0546 0.0080 
   HI_SS0099  6 0.0037 0.0468 0.0323 0.8695 0.0066 0.0290 0.0122 
   HI_SS0103  6 0.0029 0.1778 0.0197 0.0446 0.0132 0.7344 0.0073 
   HI_SS0105  6 0.0251 0.9086 0.0113 0.0052 0.0149 0.0251 0.0099 
   HI_SS0107  6 0.0010 0.0367 0.1089 0.5512 0.0076 0.2829 0.0117 
   HI_SS0108  6 0.0207 0.0113 0.0145 0.0047 0.0174 0.0118 0.9197 
   HI_SS0110  6 0.0013 0.0390 0.0279 0.0180 0.0494 0.8413 0.0231 
   HI_SS0111  6 0.0265 0.0690 0.0400 0.0380 0.0214 0.7912 0.0139 
   HI_SS0112  6 0.0013 0.0069 0.0061 0.0059 0.0066 0.0030 0.9702 
   HI_SS0113  6 0.0039 0.4702 0.0368 0.2702 0.0348 0.1741 0.0100 
   HI_SS0114  6 0.0038 0.7328 0.1160 0.0129 0.0649 0.0156 0.0539 
   HI_SS0115  6 0.0163 0.0706 0.5338 0.3380 0.0192 0.0062 0.0160 
   HI_SS0116  6 0.0035 0.0074 0.0162 0.6172 0.0494 0.2439 0.0624 
   HI_SS0117  6 0.0027 0.1140 0.0176 0.0069 0.0078 0.0964 0.7545 
   HI_SS0118  6 0.0118 0.1106 0.0758 0.5080 0.0327 0.2413 0.0197 
   HI_SS0119  6 0.0021 0.1940 0.0084 0.0049 0.5782 0.1886 0.0238 
   HI_SS0120  6 0.0037 0.0144 0.0226 0.5490 0.0164 0.3797 0.0143 
   HI_SS0121  6 0.0016 0.0206 0.0120 0.0938 0.1957 0.6698 0.0065 
   HI_SS0122  6 0.0250 0.0177 0.0143 0.1748 0.5623 0.1472 0.0587 
   HI_SS0123  6 0.0036 0.8467 0.0620 0.0077 0.0242 0.0501 0.0057 
   HI_SS0124  6 0.0033 0.0403 0.0179 0.8662 0.0187 0.0272 0.0264 
   HI_SS0125  6 0.0406 0.7433 0.0301 0.1088 0.0220 0.0412 0.0141 
   HI_SS0126  6 0.0008 0.0068 0.0049 0.0306 0.0065 0.0090 0.9415 
   HI_SS0127  6 0.0069 0.0165 0.9262 0.0096 0.0229 0.0082 0.0096 
   HI_SS0128  6 0.0031 0.0619 0.7542 0.0936 0.0109 0.0366 0.0398 
   HI_SS0129  6 0.0120 0.1351 0.1547 0.0874 0.0809 0.1321 0.3978 
   HI_SS0131  6 0.0340 0.0108 0.0050 0.0083 0.0152 0.0127 0.9139 
   HI_SS0132  6 0.0008 0.3814 0.0133 0.0147 0.1512 0.0552 0.3835 
   HI_SS0133  6 0.0013 0.0039 0.0045 0.0032 0.0060 0.0043 0.9769 
   HI_SS0134  6 0.0020 0.7522 0.0174 0.0278 0.0101 0.0399 0.1507 
   HI_SS0142  6 0.0126 0.9241 0.0365 0.0062 0.0067 0.0108 0.0030 
   HI_SS0145  6 0.0015 0.0744 0.7693 0.0126 0.0218 0.0869 0.0335 
   HI_SS0146  6 0.0013 0.0123 0.1421 0.0089 0.0093 0.0080 0.8181 
   HI_SS0147  6 0.0270 0.1189 0.0276 0.1644 0.5174 0.1379 0.0068 
   HI_SS0149  6 0.0063 0.1620 0.0360 0.0358 0.2136 0.2066 0.3396 
   HI_SS0150  6 0.0052 0.6034 0.1017 0.1520 0.0336 0.0470 0.0571 
   HI_SS0151  6 0.0129 0.0179 0.8317 0.0153 0.0788 0.0188 0.0245 
   NS_SS1451  6 0.0038 0.7845 0.0206 0.1102 0.0156 0.0414 0.0238 
   NS_SS1404  6 0.0095 0.0274 0.0124 0.9188 0.0102 0.0112 0.0105 
   NS_SS1432  6 0.0377 0.0477 0.0067 0.8192 0.0157 0.0653 0.0077 
   NS_SS1405  6 0.0030 0.0310 0.0142 0.7005 0.0196 0.0530 0.1786 
   NS_SS1431  6 0.0008 0.0548 0.0561 0.1904 0.0782 0.6061 0.0135 
   NS_SS1402  6 0.0029 0.0599 0.0135 0.0297 0.1043 0.7694 0.0204 
   NS_SS1450  6 0.0042 0.4393 0.2530 0.1542 0.0367 0.0223 0.0904 
   NS_SS1396  6 0.0057 0.0446 0.0453 0.1235 0.2033 0.5278 0.0498 
   NS_SS1393  6 0.0035 0.0070 0.0125 0.0148 0.9462 0.0095 0.0065 
   NS_SS1392  6 0.0164 0.5585 0.0752 0.2989 0.0130 0.0089 0.0290 
   NS_SS1445  6 0.0069 0.0058 0.8980 0.0069 0.0167 0.0573 0.0085 
   NS_SS1423  6 0.0015 0.0194 0.6594 0.0179 0.0242 0.0458 0.2317 
   NS_SS1421  6 0.1065 0.0129 0.0570 0.0301 0.2639 0.0782 0.4513 
   NS_SS1411  6 0.0020 0.0100 0.0116 0.0163 0.7201 0.1206 0.1193 
   NS_SS1453  6 0.0052 0.0366 0.0734 0.0312 0.6140 0.1742 0.0653 
   NS_SS1442  6 0.0031 0.0258 0.0632 0.0125 0.0460 0.8328 0.0167 
   NS_SS1422  6 0.0112 0.0286 0.8241 0.0247 0.0402 0.0488 0.0225 
   NS_SS1419  6 0.1575 0.0666 0.0336 0.1896 0.5052 0.0363 0.0113 
   NS_SS1427  6 0.0015 0.0076 0.0183 0.0067 0.0042 0.0052 0.9565 
   NS_SS1444  6 0.0032 0.0080 0.0567 0.6019 0.3005 0.0219 0.0078 
   NS_SS1455  6 0.0014 0.0147 0.0070 0.0224 0.0296 0.9173 0.0075 
   NS_SS1425  6 0.0011 0.0034 0.0065 0.0036 0.9219 0.0064 0.0572 
   NS_SS1400  6 0.0013 0.0113 0.0484 0.0223 0.0231 0.2048 0.6889 
   NS_SS1406  6 0.0100 0.1415 0.0960 0.0651 0.2524 0.4301 0.0049 
   NS_SS1417  6 0.0069 0.0171 0.0089 0.0350 0.0419 0.8612 0.0290 
   NS_SS1454  6 0.0014 0.2551 0.0148 0.0262 0.1158 0.2671 0.3196 
   NS_SS1412  6 0.0234 0.0646 0.1130 0.0914 0.0699 0.5003 0.1374 
   NS_SS1438  6 0.0014 0.0355 0.3383 0.0312 0.3283 0.0913 0.1741 
   NS_SS1416  6 0.0072 0.2002 0.0158 0.0625 0.6720 0.0386 0.0037 
   NS_SS1401  6 0.0155 0.0389 0.0628 0.1347 0.5857 0.1143 0.0481 
   NS_SS1424  6 0.0107 0.0216 0.0078 0.0072 0.0098 0.9168 0.0261 
   NS_SS1435  6 0.0028 0.0585 0.0203 0.0186 0.0064 0.0106 0.8828 
   NS_SS1447  6 0.0062 0.1095 0.0406 0.6918 0.0396 0.0982 0.0141 
   NS_SS1414  6 0.0066 0.0163 0.0129 0.9282 0.0056 0.0171 0.0134 
   NS_SS1449  6 0.0028 0.1008 0.0210 0.0083 0.8051 0.0535 0.0085 
   NS_SS1443  6 0.0017 0.0068 0.9464 0.0025 0.0077 0.0068 0.0281 
   NS_SS1434  6 0.0008 0.0153 0.0487 0.1472 0.0284 0.2012 0.5584 
   NS_SS1398  6 0.0328 0.0191 0.0192 0.1662 0.4115 0.0186 0.3327 
   NS_SS1426  6 0.0020 0.0155 0.8296 0.0098 0.0185 0.0969 0.0276 
   NS_SS1413  6 0.0103 0.0046 0.0179 0.0137 0.0157 0.0120 0.9258 
   NS_SS1395  6 0.0074 0.0507 0.9021 0.0057 0.0144 0.0082 0.0115 
   NS_SS1448  6 0.0019 0.0097 0.0064 0.0170 0.0034 0.0063 0.9554 
   NS_SS1446  6 0.0028 0.2888 0.0412 0.0289 0.0112 0.6105 0.0165 
   NS_SS1403  6 0.0057 0.0605 0.0184 0.0416 0.1329 0.7315 0.0095 
   NS_SS1415  6 0.0096 0.0123 0.0115 0.0085 0.0138 0.0149 0.9294 
   NS_SS1437  6 0.0089 0.0856 0.1090 0.3405 0.0127 0.4040 0.0393 
   NS_SS1439  6 0.0026 0.9066 0.0279 0.0110 0.0071 0.0401 0.0048 
   NS_SS1441  6 0.0025 0.0528 0.0282 0.0190 0.0512 0.0832 0.7632 
   NS_SS1420  6 0.0028 0.0150 0.0076 0.9094 0.0525 0.0073 0.0054 
   NS_SS1394  6 0.0489 0.2390 0.1178 0.4661 0.0767 0.0448 0.0066 
   NS_SS1391  6 0.0109 0.0133 0.6090 0.1239 0.0084 0.1578 0.0767 
   NS_SS1410  6 0.0153 0.0611 0.0171 0.1655 0.2078 0.3621 0.1711 
   NS_SS1408  6 0.0476 0.8385 0.0288 0.0070 0.0063 0.0623 0.0095 
   NS_SS1409  6 0.0020 0.1787 0.0214 0.0139 0.0879 0.6754 0.0207 
   HI_SS0617  7 0.0012 0.0345 0.1099 0.4080 0.0841 0.3495 0.0128 
   HI_SS0618  7 0.0031 0.5425 0.0352 0.0699 0.2765 0.0636 0.0093 
   HI_SS0619  7 0.0035 0.0129 0.0221 0.8454 0.0297 0.0203 0.0662 
   HI_SS0620  7 0.0031 0.0177 0.0293 0.0071 0.0195 0.0087 0.9147 
   HI_SS0621  7 0.0148 0.0779 0.1298 0.3395 0.0414 0.3785 0.0180 
   HI_SS0622  7 0.0134 0.0103 0.5442 0.2388 0.0330 0.0375 0.1228 
   HI_SS0626  7 0.0092 0.0171 0.0136 0.7755 0.0446 0.0551 0.0848 
   HI_SS0627  7 0.0094 0.0159 0.0066 0.0236 0.4523 0.4837 0.0085 
   HI_SS0628  7 0.0597 0.1738 0.0159 0.0674 0.0477 0.1181 0.5175 
   HI_SS0629  7 0.0058 0.0073 0.0081 0.0106 0.0328 0.9026 0.0328 
   HI_SS0630  7 0.0583 0.1143 0.0109 0.0910 0.0858 0.0134 0.6264 
   HI_SS0631  7 0.0009 0.0155 0.0197 0.0134 0.0937 0.0201 0.8367 
   HI_SS0632  7 0.0039 0.0219 0.0082 0.0319 0.8058 0.0159 0.1123 
   HI_SS0633  7 0.0034 0.0075 0.0505 0.9142 0.0078 0.0121 0.0045 
   HI_SS0634  7 0.0015 0.8931 0.0047 0.0173 0.0121 0.0452 0.0260 
   HI_SS0635  7 0.0087 0.4560 0.0118 0.1721 0.0240 0.3088 0.0185 
   HI_SS0637  7 0.0034 0.3315 0.0433 0.0091 0.5186 0.0859 0.0082 
   HI_SS0638  7 0.0011 0.0274 0.0662 0.0559 0.1832 0.0492 0.6170 
   HI_SS0639  7 0.0325 0.8532 0.0388 0.0312 0.0115 0.0282 0.0047 
   HI_SS0640  7 0.0020 0.0080 0.9425 0.0145 0.0131 0.0098 0.0101 
   HI_SS0641  7 0.0055 0.0146 0.0128 0.4617 0.0433 0.0088 0.4533 
   HI_SS0642  7 0.0022 0.4738 0.3510 0.0246 0.0130 0.1133 0.0221 
   HI_SS0645  7 0.0009 0.0085 0.0059 0.2476 0.7182 0.0107 0.0082 
   HI_SS0646  7 0.0030 0.1109 0.8341 0.0086 0.0064 0.0209 0.0161 
   HI_SS0647  7 0.0011 0.0343 0.0159 0.1299 0.0274 0.0379 0.7535 
   HI_SS0648  7 0.0028 0.0574 0.0930 0.4807 0.2093 0.1025 0.0542 
   HI_SS0649  7 0.0016 0.0175 0.0245 0.2197 0.6530 0.0736 0.0101 
   HI_SS0650  7 0.0042 0.0417 0.0859 0.0353 0.0922 0.7326 0.0081 
   HI_SS0651  7 0.0041 0.0083 0.9446 0.0146 0.0112 0.0094 0.0079 
   HI_SS0652  7 0.0029 0.0465 0.0104 0.8939 0.0190 0.0071 0.0201 
   NS_SS1371  7 0.0059 0.4263 0.1932 0.0134 0.0215 0.3107 0.0290 
   NS_SS1374  7 0.0021 0.0497 0.0150 0.2551 0.0330 0.0314 0.6137 
   NS_SS1337  7 0.0034 0.5652 0.0118 0.0163 0.0116 0.3588 0.0329 
   NS_SS1385  7 0.0045 0.0118 0.1229 0.0158 0.0141 0.8223 0.0086 
   NS_SS1388  7 0.0051 0.0066 0.0055 0.9286 0.0150 0.0095 0.0297 
   NS_SS1370  7 0.0069 0.0089 0.0171 0.0075 0.9414 0.0113 0.0069 
   NS_SS1389  7 0.0030 0.0053 0.0064 0.9646 0.0062 0.0072 0.0073 
   NS_SS1360  7 0.0042 0.0836 0.5721 0.0191 0.1783 0.0284 0.1143 
   NS_SS1330  7 0.0035 0.8920 0.0114 0.0279 0.0109 0.0486 0.0057 
   NS_SS1328  7 0.0023 0.0444 0.0440 0.0224 0.0050 0.0161 0.8658 
   NS_SS1384  7 0.0029 0.0437 0.9146 0.0062 0.0043 0.0153 0.0131 
   NS_SS1381  7 0.0009 0.0247 0.0099 0.0144 0.0125 0.9350 0.0026 
   NS_SS1375  7 0.0009 0.1072 0.0161 0.8268 0.0077 0.0239 0.0173 
   NS_SS1319  7 0.0717 0.7778 0.0132 0.0288 0.0150 0.0484 0.0451 
   NS_SS1326  7 0.0087 0.0077 0.0055 0.0096 0.0214 0.0228 0.9243 
   NS_SS1341  7 0.0056 0.0362 0.0206 0.0113 0.5757 0.3374 0.0133 
   NS_SS1383  7 0.0037 0.6334 0.0355 0.0073 0.0346 0.0671 0.2183 
   NS_SS1318  7 0.0155 0.0295 0.0514 0.7333 0.0401 0.0767 0.0535 
   NS_SS1348  7 0.0016 0.0087 0.0187 0.0062 0.0147 0.1601 0.7900 
   NS_SS1363  7 0.0053 0.2593 0.0109 0.1983 0.3510 0.1241 0.0513 
   NS_SS1335  7 0.0340 0.0211 0.2218 0.0069 0.3384 0.0587 0.3191 
   NS_SS1358  7 0.0085 0.8997 0.0152 0.0029 0.0463 0.0059 0.0216 
   NS_SS1342  7 0.0013 0.0766 0.2799 0.0107 0.0110 0.5737 0.0468 
   NS_SS1320  7 0.0061 0.2001 0.0132 0.7381 0.0150 0.0192 0.0083 
   NS_SS1355  7 0.0119 0.0182 0.2706 0.4320 0.2321 0.0301 0.0050 
   NS_SS1345  7 0.0193 0.0909 0.8274 0.0173 0.0165 0.0148 0.0138 
   NS_SS1324  7 0.0025 0.0167 0.4260 0.0189 0.0454 0.0155 0.4749 
   NS_SS1347  7 0.0036 0.0182 0.8877 0.0097 0.0607 0.0119 0.0081 
   NS_SS1321  7 0.0016 0.2831 0.0144 0.0079 0.3800 0.2132 0.0998 
   NS_SS1333  7 0.0037 0.0275 0.0098 0.1372 0.0060 0.1673 0.6485 
   NS_SS1364  7 0.0025 0.0071 0.4254 0.0092 0.0701 0.0271 0.4587 
   NS_SS1379  7 0.0408 0.0143 0.0082 0.0131 0.9061 0.0120 0.0056 
   NS_SS1332  7 0.0056 0.0075 0.0090 0.0083 0.0048 0.0107 0.9541 
   NS_SS1338  7 0.0061 0.0093 0.0249 0.0082 0.9398 0.0075 0.0043 
   NS_SS1368  7 0.0059 0.0095 0.0281 0.0370 0.0174 0.1028 0.7992 
   NS_SS1354  7 0.0164 0.2180 0.1095 0.1103 0.0337 0.4743 0.0378 
   NS_SS1365  7 0.0085 0.0364 0.0189 0.8529 0.0166 0.0155 0.0512 
   NS_SS1380  7 0.0226 0.2847 0.1151 0.2110 0.0094 0.3480 0.0092 
   NS_SS1329  7 0.0023 0.0064 0.0048 0.0089 0.0148 0.9419 0.0209 
   NS_SS1362  7 0.0036 0.0184 0.2586 0.0122 0.0059 0.6677 0.0337 
   NS_SS1327  7 0.0027 0.0090 0.0243 0.0054 0.0091 0.0141 0.9354 
   NS_SS1350  7 0.0093 0.5500 0.2367 0.0242 0.0108 0.1423 0.0267 
   NS_SS1387  7 0.0025 0.1760 0.1606 0.1806 0.4393 0.0302 0.0109 
   NS_SS1369  7 0.0034 0.0075 0.0122 0.0086 0.9285 0.0056 0.0342 
   NS_SS1331  7 0.0102 0.1701 0.0111 0.1887 0.5268 0.0182 0.0749 
   NS_SS1357  7 0.0038 0.0474 0.8483 0.0216 0.0160 0.0346 0.0283 
   NS_SS1386  7 0.0032 0.0054 0.0068 0.0061 0.0111 0.0073 0.9600 
   NS_SS1353  7 0.0033 0.1012 0.0621 0.0477 0.0259 0.7103 0.0495 
   NS_SS1323  7 0.0542 0.0680 0.8118 0.0295 0.0049 0.0248 0.0068 
   HI_SS0296  8 0.0018 0.0078 0.0568 0.0081 0.8889 0.0079 0.0286 
   HI_SS0297  8 0.0010 0.1398 0.0207 0.0402 0.1381 0.1105 0.5497 
   HI_SS0299  8 0.0343 0.1737 0.1180 0.0246 0.5511 0.0369 0.0614 
   HI_SS0300  8 0.0013 0.0069 0.0038 0.0061 0.9722 0.0042 0.0056 
   HI_SS0301  8 0.0037 0.5167 0.0277 0.0204 0.1915 0.2174 0.0227 
   HI_SS0302  8 0.0216 0.0174 0.2285 0.0238 0.0265 0.0100 0.6723 
   HI_SS0303  8 0.0067 0.0083 0.0177 0.0172 0.0217 0.0220 0.9063 
   HI_SS0304  8 0.0020 0.7611 0.0055 0.1514 0.0205 0.0283 0.0312 
   HI_SS0306  8 0.0033 0.0058 0.0101 0.0048 0.0101 0.0047 0.9613 
   HI_SS0307  8 0.0083 0.1209 0.0241 0.4230 0.0243 0.3926 0.0069 
   HI_SS0308  8 0.0925 0.0872 0.0381 0.0156 0.6733 0.0502 0.0431 
   HI_SS0309  8 0.0027 0.2029 0.0396 0.1682 0.3352 0.2396 0.0117 
   HI_SS0310  8 0.0076 0.0238 0.7419 0.1050 0.0079 0.0314 0.0823 
   HI_SS0311  8 0.0030 0.2718 0.1238 0.1526 0.1024 0.0219 0.3246 
   HI_SS0314  8 0.0012 0.0082 0.0822 0.8374 0.0071 0.0074 0.0566 
   HI_SS0316  8 0.0043 0.1411 0.6426 0.0787 0.0639 0.0366 0.0328 
   HI_SS0317  8 0.0023 0.1413 0.0192 0.0158 0.0596 0.7331 0.0287 
   HI_SS0318  8 0.1772 0.0621 0.0135 0.0031 0.6353 0.0833 0.0255 
   HI_SS0319  8 0.0050 0.0202 0.0545 0.0064 0.0130 0.0240 0.8768 
   HI_SS0320  8 0.0011 0.1740 0.0064 0.3998 0.0165 0.3951 0.0070 
   HI_SS0321  8 0.0026 0.0485 0.4578 0.0145 0.2297 0.2347 0.0122 
   HI_SS0323  8 0.0019 0.0295 0.0677 0.4433 0.1830 0.1623 0.1125 
   HI_SS0325  8 0.0026 0.0161 0.0528 0.0831 0.0871 0.0178 0.7406 
   HI_SS0327  8 0.0013 0.0085 0.7237 0.0048 0.0499 0.1417 0.0701 
   HI_SS0329  8 0.0017 0.0212 0.0060 0.7885 0.0375 0.0580 0.0871 
   HI_SS0333  8 0.0027 0.0312 0.0116 0.0207 0.7760 0.1343 0.0236 
   HI_SS0334  8 0.0011 0.0027 0.0059 0.0038 0.9785 0.0042 0.0037 
   HI_SS0335  8 0.0167 0.0162 0.9227 0.0161 0.0089 0.0128 0.0066 
   HI_SS0339  8 0.0128 0.0739 0.2921 0.1038 0.4740 0.0318 0.0116 
   HI_SS0343  8 0.0017 0.0387 0.5779 0.0210 0.0058 0.3437 0.0112 
   HI_SS0344  8 0.0034 0.0088 0.0184 0.0044 0.0210 0.0064 0.9375 
   HI_SS0345  8 0.0074 0.1815 0.0169 0.1754 0.2124 0.0287 0.3777 
   HI_SS0346  8 0.0042 0.1150 0.0195 0.0309 0.4903 0.0818 0.2584 
   HI_SS0350  8 0.0098 0.0129 0.0410 0.7395 0.1732 0.0194 0.0042 
   HI_SS0351  8 0.0036 0.0115 0.9047 0.0103 0.0429 0.0194 0.0075 
   HI_SS0352  8 0.1087 0.2946 0.0264 0.0534 0.0500 0.4465 0.0205 
   HI_SS0362  8 0.0033 0.0190 0.0854 0.0406 0.0875 0.0167 0.7475 
   HI_SS0363  8 0.0036 0.0132 0.8905 0.0156 0.0197 0.0149 0.0424 
   HI_SS0365  8 0.0045 0.1057 0.0162 0.0817 0.3650 0.3972 0.0296 
   HI_SS0366  8 0.0013 0.0098 0.0456 0.0085 0.0835 0.7261 0.1252 
   HI_SS0367  8 0.0025 0.0123 0.0184 0.8930 0.0149 0.0535 0.0054 
   HI_SS0369  8 0.0023 0.0651 0.0357 0.0532 0.5686 0.2684 0.0067 
   HI_SS0370  8 0.0026 0.0487 0.0680 0.0066 0.0195 0.8397 0.0150 
   HI_SS0371  8 0.0044 0.0132 0.3374 0.0265 0.0131 0.0129 0.5925 
   HI_SS0373  8 0.0117 0.0362 0.0446 0.7074 0.0154 0.0855 0.0993 
   HI_SS0374  8 0.0340 0.0238 0.1950 0.6957 0.0113 0.0332 0.0070 
   HI_SS0377  8 0.0779 0.0099 0.0730 0.0119 0.7874 0.0168 0.0231 
   HI_SS0379  8 0.0009 0.0059 0.1782 0.0050 0.0135 0.0112 0.7853 
   HI_SS0380  8 0.0067 0.0487 0.1055 0.7422 0.0608 0.0285 0.0076 
   HI_SS0381  8 0.0051 0.0436 0.0503 0.1140 0.0363 0.7407 0.0100 
   HI_SS0384  8 0.0078 0.0112 0.0249 0.7696 0.0160 0.1182 0.0523 
   HI_SS0385  8 0.0011 0.0304 0.0070 0.2166 0.0163 0.0362 0.6924 
   HI_SS0386  9 0.9885 0.0021 0.0019 0.0021 0.0020 0.0018 0.0016 
   HI_SS0387  9 0.9297 0.0204 0.0107 0.0082 0.0092 0.0096 0.0122 
   HI_SS0389  9 0.9764 0.0044 0.0038 0.0042 0.0043 0.0032 0.0037 
   HI_SS0390  9 0.9874 0.0020 0.0021 0.0019 0.0021 0.0020 0.0025 
   HI_SS0391  9 0.9817 0.0032 0.0027 0.0024 0.0038 0.0039 0.0023 
   HI_SS0392  9 0.9894 0.0020 0.0018 0.0015 0.0019 0.0020 0.0014 
   HI_SS0393  9 0.9901 0.0013 0.0017 0.0017 0.0018 0.0015 0.0018 
   HI_SS0394  9 0.9895 0.0017 0.0016 0.0021 0.0017 0.0017 0.0017 
   HI_SS0395  9 0.9784 0.0034 0.0039 0.0042 0.0031 0.0043 0.0028 
   HI_SS0396  9 0.9412 0.0076 0.0105 0.0145 0.0085 0.0113 0.0064 
   HI_SS0398  9 0.9611 0.0084 0.0067 0.0038 0.0088 0.0067 0.0046 
   HI_SS0399  9 0.9914 0.0011 0.0016 0.0012 0.0011 0.0020 0.0015 
   HI_SS0400  9 0.9852 0.0023 0.0023 0.0026 0.0033 0.0023 0.0020 
   HI_SS0401  9 0.9908 0.0015 0.0017 0.0020 0.0013 0.0012 0.0016 
   HI_SS0402  9 0.9912 0.0018 0.0015 0.0013 0.0011 0.0014 0.0018 
   HI_SS0403  9 0.9890 0.0018 0.0017 0.0016 0.0020 0.0024 0.0015 
   HI_SS0404  9 0.9917 0.0013 0.0013 0.0013 0.0014 0.0014 0.0017 
   HI_SS0405  9 0.9119 0.0216 0.0168 0.0075 0.0141 0.0193 0.0088 
   HI_SS0406  9 0.9848 0.0020 0.0027 0.0023 0.0036 0.0025 0.0021 
   HI_SS0407  9 0.9515 0.0071 0.0086 0.0121 0.0061 0.0068 0.0078 
   HI_SS0408  9 0.9917 0.0019 0.0011 0.0015 0.0013 0.0015 0.0011 
   HI_SS0409  9 0.9771 0.0024 0.0036 0.0033 0.0056 0.0039 0.0040 
   HI_SS0411  9 0.9822 0.0032 0.0035 0.0026 0.0032 0.0025 0.0029 
   HI_SS0412  9 0.7954 0.0394 0.0385 0.0153 0.0454 0.0514 0.0146 
   HI_SS0413  9 0.9861 0.0026 0.0026 0.0026 0.0017 0.0024 0.0020 
   HI_SS0414  9 0.9124 0.0228 0.0130 0.0186 0.0109 0.0125 0.0098 
   HI_SS0415  9 0.9878 0.0020 0.0022 0.0020 0.0019 0.0021 0.0020 
   HI_SS0416  9 0.9767 0.0024 0.0047 0.0051 0.0046 0.0028 0.0038 
   HI_SS0418  9 0.9692 0.0057 0.0052 0.0038 0.0047 0.0061 0.0052 
   HI_SS0419  9 0.9795 0.0027 0.0033 0.0035 0.0030 0.0044 0.0035 
   HI_SS0420  9 0.9861 0.0019 0.0021 0.0021 0.0023 0.0022 0.0032 
   HI_SS0421  9 0.9704 0.0061 0.0037 0.0061 0.0054 0.0058 0.0024 
   HI_SS0422  9 0.9895 0.0014 0.0020 0.0020 0.0017 0.0019 0.0014 
   HI_SS0423  9 0.9716 0.0043 0.0058 0.0055 0.0036 0.0051 0.0040 
   HI_SS0424  9 0.9889 0.0021 0.0017 0.0019 0.0023 0.0018 0.0012 
   HI_SS0425  9 0.9763 0.0039 0.0042 0.0055 0.0031 0.0045 0.0024 
   NS_SS1146 10 0.9827 0.0022 0.0027 0.0024 0.0029 0.0039 0.0032 
   NS_SS1157 10 0.9586 0.0060 0.0070 0.0058 0.0083 0.0097 0.0045 
   NS_SS1144 10 0.9056 0.0152 0.0206 0.0062 0.0121 0.0178 0.0226 
   NS_SS1074 10 0.9782 0.0046 0.0025 0.0030 0.0030 0.0042 0.0044 
   NS_SS1122 10 0.9693 0.0033 0.0051 0.0049 0.0068 0.0033 0.0072 
   NS_SS1136 10 0.9924 0.0014 0.0014 0.0012 0.0012 0.0012 0.0013 
   NS_SS1077 10 0.9949 0.0007 0.0009 0.0007 0.0007 0.0009 0.0011 
   NS_SS1134 10 0.9388 0.0075 0.0092 0.0136 0.0154 0.0093 0.0062 
   NS_SS1091 10 0.9852 0.0023 0.0026 0.0029 0.0024 0.0030 0.0016 
   NS_SS1089 10 0.9805 0.0025 0.0030 0.0034 0.0038 0.0025 0.0044 
   NS_SS1123 10 0.9893 0.0016 0.0016 0.0017 0.0027 0.0016 0.0016 
   NS_SS1158 10 0.9934 0.0012 0.0011 0.0011 0.0010 0.0012 0.0010 
   NS_SS1093 10 0.9854 0.0023 0.0025 0.0026 0.0018 0.0024 0.0029 
