   NS_SS0963  1 0.0069 0.0108 0.0263 0.2835 0.0040 0.4241 0.1102 0.0982 0.0160 0.0200 
   NS_SS0983  1 0.0032 0.0052 0.8766 0.0607 0.0058 0.0052 0.0137 0.0056 0.0081 0.0158 
   NS_SS0719  1 0.0038 0.0198 0.0601 0.1050 0.1330 0.0663 0.4290 0.0061 0.0330 0.1440 
   NS_SS1001  1 0.0074 0.0107 0.1122 0.0369 0.3559 0.0276 0.0067 0.2159 0.1480 0.0785 
   NS_SS0936  1 0.0029 0.1924 0.0175 0.0718 0.5130 0.0534 0.0771 0.0202 0.0079 0.0437 
   NS_SS0955  1 0.0038 0.0313 0.0117 0.1203 0.0145 0.1017 0.2795 0.0125 0.0200 0.4047 
   NS_SS0944  1 0.0017 0.0641 0.0115 0.0158 0.0068 0.2314 0.0176 0.0110 0.6006 0.0396 
   NS_SS0945  1 0.0076 0.0288 0.0119 0.0109 0.1141 0.0074 0.0175 0.0286 0.7694 0.0038 
   NS_SS0922  1 0.0361 0.0381 0.5806 0.1253 0.0383 0.0862 0.0383 0.0264 0.0049 0.0257 
   NS_SS0929  1 0.0031 0.2107 0.5966 0.0091 0.0320 0.0478 0.0305 0.0266 0.0169 0.0268 
   NS_SS0956  1 0.0048 0.0175 0.0250 0.6817 0.0280 0.1515 0.0192 0.0291 0.0189 0.0244 
   NS_SS0906  1 0.0026 0.4712 0.0285 0.0612 0.0475 0.0103 0.0765 0.0359 0.0510 0.2153 
   NS_SS0721  1 0.0055 0.0042 0.0426 0.7010 0.0349 0.0195 0.1291 0.0080 0.0147 0.0405 
   NS_SS0982  1 0.0164 0.1111 0.0417 0.0941 0.2350 0.0548 0.2893 0.0458 0.0088 0.1031 
   NS_SS0923  1 0.0052 0.1308 0.1953 0.0501 0.2926 0.1768 0.0544 0.0100 0.0096 0.0752 
   NS_SS0905  1 0.0019 0.0235 0.6511 0.0144 0.0326 0.0137 0.0368 0.0073 0.0507 0.1681 
   NS_SS0925  1 0.0028 0.4039 0.0214 0.0212 0.0396 0.0104 0.1616 0.0112 0.0039 0.3239 
   NS_SS0947  1 0.0053 0.7695 0.0294 0.0135 0.0238 0.0660 0.0477 0.0215 0.0170 0.0064 
   NS_SS0926  1 0.0013 0.0038 0.1522 0.0076 0.2400 0.0905 0.0077 0.0107 0.4588 0.0274 
   NS_SS0918  1 0.0022 0.6884 0.0173 0.0644 0.0381 0.0804 0.0166 0.0062 0.0756 0.0109 
   NS_SS0966  1 0.0438 0.5288 0.2075 0.0118 0.0231 0.0178 0.0088 0.1010 0.0354 0.0220 
   NS_SS0938  1 0.0015 0.0644 0.0453 0.0187 0.7730 0.0520 0.0097 0.0134 0.0057 0.0162 
   NS_SS0917  1 0.0346 0.0049 0.0189 0.0173 0.0372 0.0087 0.8469 0.0141 0.0090 0.0084 
   NS_SS0957  1 0.0054 0.0369 0.0066 0.0110 0.4333 0.4658 0.0118 0.0108 0.0089 0.0096 
   NS_SS0987  1 0.2268 0.0152 0.0159 0.1349 0.0944 0.0197 0.0080 0.0303 0.0050 0.4500 
   NS_SS0717  1 0.0022 0.0845 0.0124 0.0162 0.1511 0.0078 0.0193 0.0542 0.0100 0.6423 
   NS_SS0986  1 0.0040 0.0183 0.0656 0.0234 0.2067 0.1936 0.0883 0.2994 0.0840 0.0167 
   NS_SS0953  1 0.0111 0.8956 0.0102 0.0100 0.0082 0.0212 0.0097 0.0133 0.0118 0.0088 
   NS_SS0907  1 0.0415 0.3555 0.0056 0.0070 0.0117 0.0098 0.4908 0.0112 0.0071 0.0598 
   NS_SS0974  1 0.0041 0.0252 0.0321 0.0095 0.0434 0.0483 0.3647 0.0243 0.4040 0.0444 
   NS_SS0989  1 0.0011 0.0094 0.8947 0.0094 0.0063 0.0114 0.0162 0.0287 0.0122 0.0107 
   NS_SS0991  1 0.0020 0.0345 0.0109 0.1498 0.0139 0.0114 0.0311 0.0314 0.3479 0.3671 
   NS_SS0994  1 0.0020 0.0063 0.0626 0.0106 0.0213 0.0178 0.0375 0.0136 0.1796 0.6488 
   NS_SS0931  1 0.0136 0.0068 0.0296 0.0276 0.0169 0.0566 0.0084 0.0135 0.1169 0.7103 
   NS_SS1000  1 0.0038 0.0478 0.0119 0.0098 0.0212 0.0321 0.0090 0.7818 0.0310 0.0515 
   NS_SS0919  1 0.0023 0.0392 0.1500 0.0062 0.0635 0.0393 0.1798 0.0114 0.2275 0.2809 
   NS_SS0949  1 0.0016 0.0063 0.0414 0.2062 0.0369 0.0082 0.0302 0.0303 0.5776 0.0613 
   NS_SS0960  1 0.0067 0.0630 0.2010 0.0186 0.0139 0.0253 0.2184 0.0072 0.4008 0.0451 
   NS_SS0716  1 0.0075 0.0064 0.0077 0.0157 0.9010 0.0082 0.0131 0.0127 0.0105 0.0171 
   NS_SS0924  1 0.0187 0.0172 0.3572 0.0366 0.0170 0.0079 0.1912 0.0137 0.0165 0.3241 
   NS_SS0935  1 0.0076 0.0190 0.0489 0.0127 0.0056 0.0071 0.0209 0.0050 0.0350 0.8383 
   NS_SS0952  1 0.0374 0.0389 0.0600 0.0085 0.0107 0.0110 0.0322 0.0243 0.5086 0.2684 
   NS_SS0962  1 0.0078 0.0331 0.0120 0.0114 0.7497 0.0979 0.0310 0.0345 0.0123 0.0103 
   NS_SS0973  1 0.0031 0.0182 0.0119 0.0751 0.0042 0.0093 0.7769 0.0163 0.0041 0.0808 
   NS_SS0722  1 0.0027 0.1832 0.0268 0.0175 0.5257 0.0254 0.0328 0.0853 0.0069 0.0936 
   NS_SS0979  1 0.0024 0.0219 0.0105 0.0290 0.5187 0.0260 0.3496 0.0167 0.0079 0.0173 
   NS_SS0993  1 0.0148 0.0135 0.0143 0.0379 0.0491 0.0067 0.0086 0.2653 0.0040 0.5857 
   NS_SS0958  1 0.0037 0.0227 0.0188 0.0176 0.0378 0.0070 0.0309 0.0306 0.7976 0.0333 
   NS_SS0988  1 0.0050 0.0601 0.0304 0.0157 0.4101 0.0148 0.0306 0.0219 0.0060 0.4056 
   NS_SS1003  1 0.0070 0.0057 0.0163 0.0090 0.0073 0.9251 0.0038 0.0133 0.0046 0.0078 
   NS_SS0976  1 0.0024 0.2059 0.1191 0.0131 0.0360 0.3791 0.0240 0.0083 0.1619 0.0502 
   NS_SS0964  1 0.0029 0.0051 0.0061 0.0107 0.0389 0.0167 0.0173 0.8754 0.0072 0.0195 
   NS_SS0939  1 0.0023 0.0024 0.0035 0.0066 0.9652 0.0057 0.0027 0.0031 0.0047 0.0038 
   NS_SS0990  1 0.0034 0.0063 0.0116 0.0263 0.1129 0.1504 0.0214 0.6368 0.0079 0.0230 
   NS_SS0984  1 0.0024 0.0158 0.0625 0.0080 0.5228 0.0995 0.0258 0.0076 0.0034 0.2522 
   NS_SS0980  1 0.0020 0.7024 0.0569 0.0091 0.0080 0.1484 0.0231 0.0052 0.0076 0.0372 
   NS_SS0978  1 0.0036 0.1516 0.1903 0.0157 0.0573 0.5044 0.0182 0.0293 0.0121 0.0175 
   NS_SS0951  1 0.0036 0.0660 0.0421 0.0263 0.1153 0.0526 0.0700 0.0506 0.1284 0.4451 
   NS_SS0913  1 0.0418 0.0537 0.0197 0.1824 0.1763 0.0656 0.1841 0.2479 0.0178 0.0107 
   NS_SS1002  1 0.0442 0.3350 0.0276 0.0083 0.4503 0.0406 0.0164 0.0542 0.0092 0.0142 
   NS_SS0948  1 0.0501 0.1545 0.1621 0.0214 0.3538 0.0175 0.0362 0.1230 0.0231 0.0582 
   NS_SS0916  1 0.0046 0.0084 0.7518 0.0201 0.0108 0.1580 0.0186 0.0073 0.0124 0.0082 
   NS_SS0995  1 0.0042 0.0476 0.6393 0.2026 0.0147 0.0175 0.0485 0.0060 0.0057 0.0142 
   NS_SS0927  1 0.0064 0.0070 0.1616 0.0183 0.1200 0.0266 0.5162 0.0656 0.0467 0.0316 
   NS_SS0992  1 0.0039 0.0435 0.2285 0.2056 0.0148 0.0343 0.2520 0.1797 0.0193 0.0183 
   NS_SS0912  1 0.0025 0.0073 0.0132 0.6189 0.0063 0.0089 0.0246 0.0145 0.0746 0.2293 
   NS_SS0981  1 0.0037 0.0511 0.0099 0.0051 0.0176 0.6990 0.0124 0.0050 0.0082 0.1880 
   NS_SS0729  2 0.0040 0.0453 0.5822 0.0057 0.0055 0.0079 0.2618 0.0154 0.0236 0.0485 
   NS_SS0967  2 0.0123 0.0279 0.4907 0.0202 0.1541 0.0314 0.1288 0.0725 0.0485 0.0135 
   NS_SS0941  2 0.0792 0.0226 0.2072 0.0172 0.4792 0.0492 0.0250 0.0643 0.0088 0.0473 
   NS_SS0768  2 0.0046 0.2036 0.0115 0.0843 0.0197 0.0266 0.0126 0.4942 0.1322 0.0108 
   NS_SS0726  2 0.0093 0.0087 0.2174 0.0104 0.0213 0.1842 0.0590 0.0168 0.0134 0.4595 
   NS_SS0763  2 0.0027 0.0465 0.3158 0.0219 0.1350 0.0225 0.1705 0.0776 0.0844 0.1232 
   NS_SS0730  2 0.0044 0.1058 0.0640 0.0816 0.3175 0.2786 0.0412 0.0207 0.0357 0.0504 
   NS_SS0774  2 0.0008 0.5715 0.0440 0.0153 0.0949 0.0540 0.0081 0.2004 0.0060 0.0051 
   NS_SS0723  2 0.0017 0.1830 0.0653 0.0292 0.0743 0.0351 0.5829 0.0086 0.0064 0.0136 
   NS_SS0940  2 0.0048 0.0067 0.0618 0.0153 0.6830 0.0477 0.0131 0.0062 0.0528 0.1087 
   NS_SS0762  2 0.0030 0.3906 0.4257 0.0285 0.0310 0.0462 0.0213 0.0164 0.0099 0.0274 
   NS_SS0766  2 0.0173 0.0043 0.4631 0.0490 0.1712 0.0262 0.1302 0.0648 0.0355 0.0385 
   NS_SS0724  2 0.0043 0.2054 0.0187 0.0416 0.0283 0.0406 0.0201 0.3836 0.0140 0.2433 
   NS_SS0769  2 0.0048 0.0259 0.0129 0.0081 0.0224 0.0192 0.1125 0.1156 0.0073 0.6712 
   NS_SS0777  2 0.0107 0.0104 0.0133 0.0073 0.0373 0.0162 0.0202 0.0200 0.0260 0.8387 
   NS_SS0734  2 0.0272 0.0104 0.0770 0.1679 0.1701 0.1793 0.0915 0.0397 0.2076 0.0293 
   NS_SS0737  2 0.0053 0.0202 0.2003 0.0265 0.0487 0.1136 0.0342 0.5358 0.0067 0.0087 
   NS_SS0732  2 0.0054 0.0402 0.0071 0.8133 0.0081 0.0219 0.0183 0.0097 0.0060 0.0700 
   NS_SS0728  2 0.0109 0.0611 0.0590 0.1727 0.0407 0.1299 0.4394 0.0079 0.0134 0.0650 
   NS_SS0735  2 0.0095 0.3327 0.0983 0.1614 0.0142 0.0249 0.0522 0.1371 0.0144 0.1553 
   NS_SS0725  2 0.0119 0.0070 0.0097 0.0309 0.0119 0.0186 0.0069 0.8759 0.0210 0.0061 
   NS_SS0788  2 0.0019 0.0660 0.0309 0.0551 0.0913 0.1288 0.5447 0.0283 0.0107 0.0422 
   NS_SS0778  2 0.0016 0.0239 0.0931 0.0717 0.0896 0.5777 0.0824 0.0199 0.0093 0.0307 
   NS_SS0792  2 0.0054 0.0107 0.7091 0.0455 0.0258 0.1306 0.0302 0.0230 0.0136 0.0062 
   NS_SS0943  2 0.0059 0.0179 0.0041 0.3894 0.0066 0.0108 0.0240 0.0051 0.0415 0.4948 
   NS_SS0791  2 0.0165 0.0115 0.1824 0.0211 0.1300 0.4493 0.1524 0.0058 0.0125 0.0184 
   NS_SS0790  2 0.0028 0.9513 0.0037 0.0085 0.0051 0.0030 0.0034 0.0153 0.0034 0.0034 
   NS_SS0731  2 0.0143 0.0282 0.0090 0.0391 0.3592 0.0070 0.0395 0.4597 0.0193 0.0247 
   NS_SS0727  2 0.0019 0.0106 0.0501 0.0164 0.0455 0.0130 0.5263 0.0413 0.0385 0.2564 
   NS_SS0779  2 0.0074 0.0165 0.0900 0.0213 0.1063 0.0639 0.0988 0.0900 0.0091 0.4968 
   NS_SS0776  2 0.0087 0.0107 0.0193 0.0110 0.0120 0.0915 0.0109 0.8119 0.0054 0.0188 
   NS_SS0775  2 0.0063 0.0095 0.0089 0.0079 0.9267 0.0058 0.0141 0.0113 0.0052 0.0044 
   NS_SS0965  3 0.0018 0.0420 0.1741 0.1262 0.0148 0.1316 0.0086 0.0079 0.0092 0.4837 
   NS_SS0754  3 0.0107 0.0644 0.1384 0.0364 0.0172 0.0795 0.1286 0.0092 0.0554 0.4601 
   NS_SS0838  3 0.0509 0.0131 0.0138 0.0084 0.0605 0.2539 0.2581 0.2105 0.1138 0.0169 
   NS_SS0839  3 0.0034 0.2247 0.0229 0.0101 0.0212 0.6837 0.0079 0.0183 0.0043 0.0035 
   NS_SS0832  3 0.0571 0.0418 0.0093 0.0252 0.1147 0.0900 0.0340 0.5549 0.0039 0.0691 
   NS_SS0820  3 0.0070 0.0107 0.0102 0.0115 0.0188 0.2527 0.5396 0.1290 0.0051 0.0155 
   NS_SS0886  3 0.0023 0.0123 0.2244 0.2957 0.0249 0.0213 0.3369 0.0297 0.0168 0.0357 
   NS_SS0748  3 0.0078 0.2024 0.0494 0.0154 0.5568 0.0150 0.0223 0.0217 0.0791 0.0301 
   NS_SS0884  3 0.0300 0.2686 0.0505 0.0952 0.0274 0.1826 0.2174 0.0618 0.0331 0.0334 
   NS_SS0752  3 0.0020 0.1612 0.0782 0.0467 0.0755 0.0218 0.5010 0.0449 0.0353 0.0334 
   NS_SS0862  3 0.0049 0.2364 0.0162 0.1376 0.0109 0.5105 0.0389 0.0073 0.0066 0.0307 
   NS_SS0787  3 0.0067 0.0080 0.0089 0.0109 0.0082 0.0108 0.0251 0.0101 0.8925 0.0187 
   NS_SS0843  3 0.0028 0.0372 0.0229 0.0181 0.0120 0.0085 0.0210 0.4070 0.0057 0.4648 
   NS_SS0856  3 0.0036 0.0148 0.0182 0.0072 0.0423 0.0229 0.2163 0.6258 0.0349 0.0141 
   NS_SS0846  3 0.0037 0.1729 0.0136 0.0180 0.0180 0.0595 0.4181 0.1521 0.0406 0.1036 
   NS_SS0825  3 0.0156 0.0097 0.0129 0.7623 0.0198 0.0527 0.0575 0.0351 0.0266 0.0079 
   NS_SS0757  3 0.0035 0.0266 0.0109 0.5976 0.0574 0.0378 0.1701 0.0432 0.0227 0.0302 
   NS_SS0876  3 0.2098 0.0919 0.0148 0.0577 0.0135 0.0389 0.0322 0.5227 0.0092 0.0093 
   NS_SS0903  3 0.0031 0.9195 0.0253 0.0082 0.0090 0.0052 0.0101 0.0075 0.0056 0.0064 
   NS_SS0875  3 0.0033 0.0295 0.0617 0.0252 0.7752 0.0243 0.0234 0.0103 0.0298 0.0174 
   NS_SS0740  3 0.0045 0.0219 0.0295 0.1108 0.0196 0.0132 0.0404 0.0410 0.0100 0.7090 
   NS_SS0811  3 0.0105 0.1850 0.0169 0.3188 0.3988 0.0104 0.0176 0.0154 0.0159 0.0106 
   NS_SS0751  3 0.0031 0.0164 0.0473 0.0187 0.2531 0.1224 0.0242 0.0160 0.4148 0.0841 
   NS_SS0891  3 0.0072 0.3161 0.0300 0.0101 0.0710 0.0094 0.0240 0.5017 0.0218 0.0087 
   NS_SS0867  3 0.0278 0.1401 0.0707 0.3611 0.0477 0.0804 0.0411 0.0068 0.0224 0.2019 
   NS_SS0890  3 0.0045 0.0904 0.2719 0.0163 0.0809 0.0096 0.0536 0.0149 0.0165 0.4413 
   NS_SS0866  3 0.0049 0.0047 0.0190 0.0583 0.4766 0.0386 0.3475 0.0193 0.0217 0.0093 
   NS_SS0755  3 0.0084 0.0943 0.0396 0.2221 0.3597 0.0835 0.0532 0.0595 0.0192 0.0604 
   NS_SS0758  3 0.0019 0.0199 0.4177 0.0267 0.0434 0.0713 0.1663 0.2091 0.0164 0.0273 
   NS_SS0840  3 0.0024 0.1078 0.0077 0.0262 0.1378 0.6021 0.0184 0.0731 0.0135 0.0110 
   NS_SS0889  3 0.0026 0.0185 0.0054 0.7811 0.0089 0.0126 0.0483 0.0157 0.0923 0.0146 
   NS_SS1010  3 0.0399 0.1316 0.1209 0.0076 0.0733 0.4573 0.0505 0.0320 0.0674 0.0194 
   NS_SS0888  3 0.0015 0.0063 0.0174 0.2329 0.0064 0.0276 0.6516 0.0087 0.0103 0.0373 
   NS_SS0837  3 0.0032 0.0359 0.0110 0.7813 0.0249 0.0115 0.0157 0.0236 0.0187 0.0742 
   NS_SS0794  3 0.0020 0.0122 0.0097 0.0040 0.0154 0.0076 0.3164 0.0514 0.5772 0.0042 
   NS_SS0823  3 0.0051 0.5006 0.0316 0.0880 0.0292 0.0404 0.0208 0.2630 0.0104 0.0108 
   NS_SS0829  3 0.1032 0.0198 0.0105 0.2799 0.0048 0.0080 0.0312 0.0109 0.4799 0.0519 
   NS_SS0844  3 0.0013 0.9478 0.0068 0.0055 0.0061 0.0053 0.0115 0.0070 0.0028 0.0060 
   NS_SS1008  3 0.0149 0.0208 0.0119 0.0821 0.0762 0.0232 0.0486 0.0910 0.1126 0.5186 
   NS_SS0881  3 0.0025 0.0132 0.0339 0.0667 0.0338 0.6406 0.0258 0.0206 0.0144 0.1485 
   NS_SS0834  3 0.0056 0.0103 0.0056 0.0051 0.0072 0.0282 0.0083 0.9174 0.0074 0.0048 
   NS_SS0744  3 0.0072 0.0310 0.0121 0.1668 0.0151 0.3474 0.3182 0.0294 0.0133 0.0596 
   NS_SS0899  3 0.0013 0.3923 0.0079 0.0215 0.0060 0.0405 0.0076 0.5046 0.0052 0.0130 
   NS_SS0804  3 0.0040 0.2387 0.0215 0.0235 0.1889 0.4316 0.0174 0.0511 0.0038 0.0194 
   NS_SS0781  3 0.0051 0.4985 0.0107 0.0079 0.1703 0.1979 0.0104 0.0857 0.0046 0.0089 
   NS_SS0822  3 0.0021 0.0140 0.1091 0.2385 0.0071 0.1059 0.0333 0.3122 0.0960 0.0819 
   NS_SS1004  3 0.0035 0.0142 0.0483 0.0451 0.0050 0.0240 0.0173 0.7495 0.0093 0.0839 
   NS_SS0746  3 0.0163 0.0392 0.0398 0.0168 0.2697 0.0198 0.0601 0.3775 0.0380 0.1229 
   NS_SS0880  3 0.0014 0.0196 0.0178 0.0224 0.0113 0.7393 0.0078 0.1500 0.0205 0.0098 
   NS_SS0879  3 0.0138 0.0287 0.0200 0.0179 0.0111 0.0151 0.0241 0.8447 0.0112 0.0133 
   NS_SS0753  3 0.0067 0.0079 0.0130 0.0097 0.0084 0.0071 0.0754 0.0054 0.0081 0.8583 
   NS_SS1007  3 0.0016 0.0051 0.0726 0.0140 0.3662 0.0367 0.4057 0.0106 0.0262 0.0613 
   NS_SS0872  3 0.0021 0.0886 0.0547 0.0377 0.1132 0.0084 0.0415 0.6321 0.0081 0.0135 
   NS_SS1005  3 0.0014 0.0650 0.0182 0.0170 0.0188 0.0226 0.0266 0.7987 0.0213 0.0104 
   NS_SS0892  3 0.0027 0.0190 0.0350 0.0573 0.1554 0.0715 0.0594 0.0471 0.0352 0.5175 
   NS_SS0898  3 0.0051 0.0376 0.6131 0.0271 0.0653 0.0796 0.0152 0.0167 0.0988 0.0414 
   NS_SS0801  3 0.0078 0.0178 0.0058 0.0120 0.0061 0.9131 0.0113 0.0114 0.0036 0.0112 
   NS_SS0827  3 0.1092 0.0233 0.3377 0.0064 0.3681 0.0111 0.0064 0.0093 0.0685 0.0601 
   NS_SS0853  3 0.0061 0.0653 0.2097 0.0235 0.0454 0.0081 0.5110 0.0770 0.0259 0.0279 
   NS_SS0780  3 0.0038 0.0285 0.0173 0.0081 0.0093 0.8820 0.0120 0.0140 0.0065 0.0184 
   NS_SS0826  3 0.0041 0.1657 0.0383 0.0221 0.0135 0.0250 0.0137 0.6767 0.0264 0.0146 
   NS_SS0818  3 0.0018 0.0194 0.1471 0.0102 0.0144 0.7160 0.0397 0.0149 0.0081 0.0283 
   NS_SS0745  3 0.0014 0.0028 0.0102 0.0140 0.0212 0.0102 0.0059 0.9087 0.0160 0.0096 
   NS_SS0849  3 0.0014 0.0057 0.0060 0.9528 0.0067 0.0056 0.0052 0.0072 0.0046 0.0048 
   NS_SS0739  3 0.0163 0.0081 0.0269 0.6095 0.0552 0.0402 0.1961 0.0117 0.0156 0.0202 
   NS_SS0799  3 0.0010 0.0159 0.3256 0.1177 0.0157 0.0928 0.3176 0.0082 0.0274 0.0781 
   NS_SS0756  3 0.0042 0.8466 0.0236 0.0109 0.0287 0.0433 0.0117 0.0127 0.0047 0.0135 
   NS_SS0802  3 0.1826 0.0087 0.0069 0.0343 0.0658 0.1122 0.4965 0.0406 0.0166 0.0359 
   NS_SS0747  3 0.0073 0.3297 0.0181 0.0637 0.0735 0.0412 0.1215 0.0296 0.0079 0.3075 
   NS_SS0835  3 0.0014 0.0077 0.1965 0.0472 0.0440 0.0222 0.4731 0.0207 0.0185 0.1686 
   NS_SS0742  3 0.0013 0.0540 0.0477 0.0516 0.0436 0.6811 0.0601 0.0158 0.0106 0.0343 
   NS_SS0760  3 0.0510 0.0974 0.0358 0.0128 0.0809 0.0355 0.0663 0.0215 0.5647 0.0340 
   NS_SS0803  3 0.0083 0.8378 0.0310 0.0119 0.0060 0.0072 0.0260 0.0617 0.0060 0.0041 
   NS_SS0828  3 0.0015 0.0449 0.2312 0.0657 0.0402 0.0148 0.0350 0.0124 0.0258 0.5285 
   NS_SS0865  3 0.0273 0.0106 0.0064 0.0148 0.0136 0.8394 0.0219 0.0164 0.0332 0.0164 
   NS_SS0759  3 0.0048 0.0392 0.0307 0.0944 0.0242 0.2971 0.0576 0.1846 0.0095 0.2578 
   NS_SS0851  3 0.0131 0.0092 0.0072 0.7695 0.0125 0.0204 0.0080 0.1492 0.0065 0.0044 
   NS_SS0874  3 0.0020 0.9279 0.0088 0.0088 0.0090 0.0086 0.0068 0.0098 0.0041 0.0140 
   NS_SS0761  3 0.0020 0.0454 0.0507 0.3171 0.0285 0.0157 0.3069 0.0073 0.1926 0.0338 
   NS_SS0842  3 0.0072 0.0416 0.0251 0.0299 0.6595 0.0109 0.0673 0.0857 0.0318 0.0411 
   NS_SS0785  3 0.0067 0.0928 0.1543 0.3337 0.0265 0.1072 0.0580 0.0755 0.0439 0.1013 
   NS_SS0860  3 0.0025 0.0101 0.0398 0.0072 0.0117 0.0109 0.8865 0.0128 0.0098 0.0086 
   NS_SS0897  3 0.0024 0.0062 0.0172 0.0945 0.0058 0.0106 0.0259 0.0051 0.8264 0.0059 
   NS_SS0841  3 0.0030 0.0779 0.0092 0.2141 0.0315 0.5929 0.0193 0.0143 0.0252 0.0127 
   NS_SS0797  3 0.0181 0.0089 0.2831 0.0271 0.1291 0.2936 0.0127 0.0042 0.2076 0.0155 
   NS_SS0830  3 0.0026 0.0508 0.0323 0.1693 0.2506 0.2189 0.0518 0.0316 0.0255 0.1666 
   NS_SS1011  3 0.0060 0.0174 0.0044 0.0048 0.0148 0.9216 0.0071 0.0139 0.0040 0.0061 
   NS_SS0883  3 0.0063 0.0296 0.0484 0.1017 0.1590 0.0250 0.5838 0.0037 0.0145 0.0281 
   NS_SS0782  3 0.0023 0.0166 0.2731 0.0306 0.0376 0.0087 0.2442 0.3601 0.0196 0.0073 
   NS_SS0831  3 0.0037 0.0181 0.1465 0.4338 0.0297 0.0090 0.2570 0.0323 0.0559 0.0141 
   NS_SS0749  3 0.0046 0.0081 0.0244 0.4077 0.0109 0.0074 0.1499 0.0096 0.0129 0.3647 
   NS_SS0854  3 0.0037 0.0904 0.2594 0.0419 0.0095 0.1085 0.3634 0.0619 0.0378 0.0234 
   HI_SS0193  4 0.0016 0.0173 0.0187 0.0510 0.0092 0.0247 0.0094 0.0227 0.8339 0.0115 
   HI_SS0194  4 0.0018 0.0362 0.0030 0.0076 0.0068 0.0198 0.0072 0.8727 0.0295 0.0153 
   HI_SS0195  4 0.1291 0.0147 0.0174 0.1364 0.0339 0.0735 0.0080 0.5745 0.0068 0.0057 
   HI_SS0196  4 0.0034 0.0708 0.0528 0.1284 0.1602 0.0149 0.0388 0.1493 0.3714 0.0101 
   HI_SS0197  4 0.0111 0.0076 0.0149 0.0049 0.3322 0.5764 0.0239 0.0089 0.0056 0.0146 
   HI_SS0198  4 0.0119 0.0109 0.0337 0.8524 0.0081 0.0266 0.0121 0.0095 0.0190 0.0158 
   HI_SS0199  4 0.0017 0.0161 0.7550 0.0094 0.0065 0.0062 0.1826 0.0069 0.0067 0.0088 
   HI_SS0201  4 0.0021 0.0251 0.0879 0.0688 0.0049 0.0225 0.0270 0.0159 0.4630 0.2827 
   HI_SS0215  4 0.0028 0.0230 0.2756 0.1240 0.0141 0.0224 0.4770 0.0083 0.0245 0.0283 
   HI_SS0218  4 0.0062 0.0072 0.2915 0.0358 0.0085 0.0086 0.0355 0.0044 0.5979 0.0046 
   HI_SS0222  4 0.0052 0.0078 0.6419 0.0731 0.0308 0.0246 0.0711 0.1141 0.0233 0.0082 
   HI_SS0230  4 0.0079 0.0217 0.0166 0.0081 0.1678 0.1480 0.1218 0.0350 0.0125 0.4604 
   HI_SS0234  4 0.1295 0.1198 0.5655 0.0046 0.1126 0.0027 0.0464 0.0072 0.0044 0.0073 
   HI_SS0240  4 0.0090 0.0137 0.7588 0.0241 0.0086 0.0692 0.0676 0.0112 0.0222 0.0157 
   HI_SS0241  4 0.0020 0.0065 0.8440 0.0105 0.0063 0.0680 0.0116 0.0073 0.0283 0.0155 
   HI_SS0242  4 0.0027 0.0211 0.0388 0.4223 0.3294 0.0111 0.0736 0.0266 0.0094 0.0648 
   HI_SS0247  4 0.0176 0.8992 0.0086 0.0095 0.0065 0.0298 0.0052 0.0075 0.0057 0.0104 
   HI_SS0248  4 0.0009 0.0087 0.0095 0.0071 0.1106 0.0101 0.0165 0.0153 0.3962 0.4250 
   HI_SS0252  4 0.0024 0.0267 0.0298 0.1569 0.0058 0.6529 0.0134 0.0737 0.0315 0.0069 
   HI_SS0254  4 0.0569 0.0049 0.0156 0.0047 0.0070 0.0066 0.0075 0.0081 0.0077 0.8811 
   HI_SS0256  4 0.0013 0.8552 0.0041 0.0071 0.0140 0.0124 0.0073 0.0901 0.0038 0.0047 
   HI_SS0257  4 0.0034 0.2795 0.0148 0.0134 0.0290 0.0224 0.1029 0.0047 0.0655 0.4643 
   HI_SS0258  4 0.0069 0.0097 0.0227 0.0206 0.0130 0.0145 0.0230 0.0099 0.8111 0.0686 
   HI_SS0259  4 0.0042 0.0265 0.0158 0.0435 0.0173 0.8215 0.0229 0.0288 0.0065 0.0130 
   HI_SS0260  4 0.0017 0.0119 0.0145 0.0400 0.0186 0.0135 0.5365 0.0055 0.2051 0.1527 
   HI_SS0261  4 0.0024 0.0136 0.0527 0.0085 0.0379 0.0296 0.1214 0.3284 0.0158 0.3895 
   HI_SS0262  4 0.0116 0.0329 0.0388 0.4532 0.1159 0.0334 0.2738 0.0132 0.0179 0.0095 
   HI_SS0264  4 0.0032 0.0716 0.0059 0.0224 0.1394 0.0967 0.0741 0.1156 0.0276 0.4435 
   HI_SS0265  4 0.1143 0.0077 0.0216 0.0875 0.4354 0.0131 0.0637 0.1780 0.0076 0.0711 
   HI_SS0268  4 0.0038 0.0158 0.0154 0.0152 0.0177 0.0355 0.0221 0.0102 0.8549 0.0094 
   HI_SS0269  4 0.0014 0.0204 0.7921 0.0096 0.0158 0.0108 0.0755 0.0138 0.0434 0.0171 
   HI_SS0273  4 0.0022 0.0201 0.0303 0.0393 0.0107 0.0223 0.0468 0.0090 0.8094 0.0099 
   HI_SS0277  4 0.0032 0.0400 0.2091 0.2373 0.0985 0.3186 0.0489 0.0134 0.0169 0.0141 
   HI_SS0280  4 0.0060 0.0045 0.0206 0.0182 0.0325 0.8442 0.0185 0.0113 0.0309 0.0133 
   HI_SS0282  4 0.0010 0.0187 0.0090 0.8441 0.0078 0.0153 0.0194 0.0060 0.0663 0.0123 
   HI_SS0286  4 0.0061 0.0109 0.0400 0.0955 0.0148 0.0130 0.7359 0.0201 0.0181 0.0455 
   NS_SS1252  5 0.0032 0.0081 0.0809 0.0750 0.0087 0.0043 0.7890 0.0084 0.0098 0.0124 
   NS_SS1261  5 0.0196 0.0321 0.0239 0.0323 0.3516 0.0043 0.1995 0.2012 0.1250 0.0105 
   NS_SS1225  5 0.0610 0.7255 0.0099 0.0082 0.0071 0.0177 0.0479 0.0431 0.0164 0.0632 
   NS_SS1266  5 0.0092 0.0527 0.0059 0.0181 0.0048 0.0129 0.0054 0.8794 0.0039 0.0078 
   NS_SS1228  5 0.0166 0.0298 0.1214 0.3458 0.0880 0.2957 0.0254 0.0156 0.0177 0.0438 
   NS_SS1255  5 0.0017 0.2371 0.0419 0.0145 0.0129 0.0080 0.0072 0.0429 0.6284 0.0056 
   NS_SS1267  5 0.0111 0.0050 0.2091 0.0220 0.0272 0.0047 0.4957 0.0036 0.0153 0.2063 
   NS_SS1238  5 0.0029 0.0073 0.0079 0.0148 0.0125 0.0130 0.0089 0.0244 0.8927 0.0156 
   NS_SS1233  5 0.0022 0.6172 0.0144 0.0201 0.0222 0.0633 0.0099 0.1365 0.1011 0.0131 
   NS_SS1277  5 0.0008 0.0040 0.9135 0.0229 0.0057 0.0061 0.0073 0.0116 0.0158 0.0123 
   NS_SS1245  5 0.0016 0.0376 0.2451 0.0421 0.3415 0.0560 0.0221 0.1312 0.0276 0.0951 
   NS_SS1240  5 0.0021 0.0190 0.5959 0.0035 0.0256 0.0243 0.1684 0.0140 0.1207 0.0265 
   NS_SS1275  5 0.0034 0.0376 0.0114 0.0173 0.1939 0.2724 0.0374 0.4111 0.0033 0.0123 
   NS_SS1235  5 0.0055 0.4902 0.0977 0.0136 0.0173 0.0096 0.0144 0.2004 0.1402 0.0111 
   NS_SS1263  5 0.0012 0.6963 0.0063 0.0047 0.0294 0.0093 0.0055 0.2276 0.0077 0.0120 
   NS_SS1251  5 0.0012 0.8936 0.0381 0.0066 0.0104 0.0071 0.0043 0.0126 0.0070 0.0191 
   NS_SS1248  5 0.0941 0.0065 0.0074 0.6796 0.0607 0.0099 0.0164 0.0344 0.0249 0.0662 
   NS_SS1244  5 0.0044 0.0793 0.1142 0.0099 0.0088 0.7028 0.0145 0.0099 0.0481 0.0081 
   NS_SS1257  5 0.0254 0.0142 0.5581 0.1873 0.0126 0.0090 0.1412 0.0100 0.0327 0.0096 
   NS_SS1242  5 0.0032 0.0452 0.0048 0.0211 0.3314 0.0778 0.0628 0.3838 0.0098 0.0601 
   NS_SS1271  5 0.0257 0.0067 0.7519 0.0131 0.1149 0.0086 0.0112 0.0049 0.0226 0.0404 
   NS_SS1265  5 0.0238 0.0156 0.0123 0.1016 0.0661 0.0321 0.0785 0.4903 0.1560 0.0237 
   NS_SS1243  5 0.0976 0.0130 0.0168 0.1241 0.0984 0.4408 0.0170 0.1524 0.0228 0.0171 
   NS_SS1273  5 0.0095 0.0147 0.0051 0.0109 0.8687 0.0076 0.0152 0.0530 0.0072 0.0083 
   NS_SS1254  5 0.0072 0.2742 0.1007 0.0102 0.2193 0.2249 0.0397 0.0627 0.0130 0.0481 
   NS_SS1224  5 0.0109 0.4901 0.0697 0.0549 0.0109 0.0181 0.0078 0.1618 0.0073 0.1684 
   NS_SS1227  5 0.0018 0.0027 0.0511 0.0066 0.2286 0.0063 0.0142 0.0075 0.0133 0.6678 
   NS_SS1274  5 0.0158 0.1334 0.0217 0.0606 0.0072 0.1473 0.3329 0.0073 0.0698 0.2040 
   NS_SS1241  5 0.0011 0.0229 0.0264 0.1352 0.0127 0.0538 0.0185 0.0150 0.6705 0.0438 
   NS_SS1256  5 0.0417 0.0213 0.0476 0.0074 0.0276 0.0132 0.0183 0.7884 0.0191 0.0153 
   NS_SS1260  5 0.0413 0.0070 0.0165 0.0039 0.0094 0.0071 0.8973 0.0040 0.0084 0.0050 
   NS_SS1262  5 0.1663 0.0590 0.4275 0.0375 0.0089 0.0116 0.0148 0.0095 0.0150 0.2500 
   NS_SS1230  5 0.0080 0.0108 0.0117 0.0344 0.0762 0.0131 0.1805 0.1629 0.4934 0.0091 
   NS_SS1270  5 0.0020 0.0148 0.0062 0.7924 0.0091 0.0154 0.0130 0.1184 0.0063 0.0223 
   NS_SS1229  5 0.0039 0.0529 0.0196 0.0078 0.1365 0.0785 0.4214 0.1384 0.0136 0.1273 
   NS_SS1246  5 0.0022 0.0091 0.1555 0.0169 0.5372 0.0374 0.0628 0.0147 0.1383 0.0258 
   NS_SS1269  5 0.0035 0.0159 0.3470 0.0711 0.0175 0.0498 0.0707 0.2123 0.1746 0.0376 
   NS_SS1239  5 0.0043 0.0075 0.0802 0.8086 0.0048 0.0130 0.0283 0.0330 0.0053 0.0149 
   NS_SS1272  5 0.0037 0.0117 0.0098 0.0050 0.0281 0.0128 0.0058 0.9149 0.0044 0.0039 
   NS_SS1268  5 0.0021 0.0890 0.0058 0.8252 0.0066 0.0112 0.0095 0.0140 0.0079 0.0286 
   NS_SS1249  5 0.0111 0.0292 0.5658 0.0219 0.0145 0.0200 0.0286 0.0084 0.2957 0.0050 
   HI_SS0559  6 0.0018 0.0875 0.0674 0.0499 0.0233 0.0874 0.2224 0.0143 0.0359 0.4102 
   HI_SS0563  6 0.0037 0.1923 0.6848 0.0096 0.0223 0.0084 0.0176 0.0115 0.0224 0.0273 
   HI_SS0564  6 0.0648 0.0897 0.1065 0.0807 0.0306 0.0800 0.0555 0.0606 0.0267 0.4048 
   HI_SS0565  6 0.0031 0.0134 0.0070 0.0057 0.8001 0.0116 0.1071 0.0158 0.0126 0.0236 
   HI_SS0569  6 0.0025 0.0160 0.3905 0.0097 0.0151 0.0108 0.0435 0.0066 0.2390 0.2661 
   HI_SS0570  6 0.0555 0.0056 0.0121 0.0309 0.0091 0.0112 0.0128 0.0399 0.8114 0.0114 
   HI_SS0572  6 0.0032 0.0408 0.0576 0.0066 0.0128 0.0068 0.0311 0.8122 0.0084 0.0205 
   HI_SS0576  6 0.0041 0.0130 0.0143 0.4096 0.1030 0.0099 0.3947 0.0109 0.0225 0.0181 
   HI_SS0579  6 0.0104 0.0131 0.0125 0.0197 0.0029 0.0047 0.0107 0.0146 0.0056 0.9059 
   HI_SS0580  6 0.0065 0.1038 0.2795 0.2333 0.1775 0.0146 0.1170 0.0175 0.0350 0.0156 
   HI_SS0581  6 0.0689 0.0056 0.0077 0.2111 0.0570 0.3778 0.0313 0.2247 0.0075 0.0086 
   HI_SS0583  6 0.0024 0.0318 0.3813 0.0053 0.0701 0.0100 0.2571 0.1819 0.0083 0.0519 
   HI_SS0586  6 0.0010 0.0050 0.0064 0.0086 0.0370 0.0055 0.0298 0.0041 0.0449 0.8577 
   HI_SS0588  6 0.0145 0.0322 0.5182 0.0265 0.0399 0.0101 0.1604 0.0390 0.0677 0.0916 
   HI_SS0595  6 0.0265 0.0315 0.6224 0.0236 0.1565 0.0218 0.0324 0.0065 0.0506 0.0283 
   HI_SS0596  6 0.0022 0.0125 0.0088 0.0130 0.0842 0.0059 0.0114 0.7999 0.0068 0.0553 
   HI_SS0597  6 0.0024 0.0167 0.0226 0.0042 0.5721 0.0614 0.0549 0.2361 0.0217 0.0078 
   HI_SS0600  6 0.0029 0.0123 0.7842 0.0101 0.0030 0.1155 0.0119 0.0477 0.0060 0.0064 
   HI_SS0601  6 0.0100 0.4959 0.0065 0.0144 0.0109 0.0061 0.0272 0.0055 0.0059 0.4175 
   HI_SS0602  6 0.0022 0.0189 0.0260 0.0816 0.0155 0.0356 0.4126 0.0094 0.0140 0.3840 
   HI_SS0604  6 0.0014 0.0092 0.0196 0.0329 0.0169 0.0189 0.0415 0.8016 0.0260 0.0319 
   HI_SS0605  6 0.0063 0.0062 0.0091 0.7387 0.0068 0.0155 0.1962 0.0058 0.0043 0.0111 
   HI_SS0608  6 0.0011 0.0073 0.1590 0.0800 0.1235 0.0260 0.0119 0.1712 0.0198 0.4002 
   HI_SS0609  6 0.0011 0.5564 0.0393 0.0476 0.1706 0.0822 0.0131 0.0400 0.0432 0.0065 
   HI_SS0611  6 0.0027 0.0069 0.0039 0.9370 0.0071 0.0044 0.0146 0.0081 0.0057 0.0095 
   HI_SS0612  6 0.0048 0.8689 0.0195 0.0046 0.0120 0.0286 0.0245 0.0056 0.0087 0.0228 
   HI_SS0613  6 0.0016 0.0103 0.0040 0.9055 0.0082 0.0134 0.0242 0.0184 0.0063 0.0082 
   HI_SS0615  6 0.0124 0.0597 0.1103 0.5189 0.0499 0.0315 0.0981 0.0327 0.0308 0.0558 
   HI_SS0001  6 0.0033 0.0141 0.1770 0.0082 0.0325 0.7076 0.0124 0.0261 0.0150 0.0038 
   HI_SS0002  6 0.0346 0.0453 0.0084 0.0075 0.0177 0.0059 0.0404 0.8229 0.0085 0.0087 
   HI_SS0004  6 0.0081 0.0119 0.0928 0.1025 0.0086 0.0219 0.0352 0.3563 0.3417 0.0211 
   HI_SS0005  6 0.0090 0.0188 0.0229 0.1780 0.2131 0.0507 0.3345 0.0645 0.0757 0.0328 
   HI_SS0006  6 0.0023 0.1161 0.0315 0.0120 0.0132 0.0484 0.1536 0.5178 0.0441 0.0608 
   HI_SS0007  6 0.0024 0.0055 0.0166 0.7925 0.0056 0.0080 0.0069 0.0979 0.0520 0.0126 
   HI_SS0008  6 0.0280 0.0074 0.0063 0.0128 0.0067 0.0068 0.0400 0.0061 0.0042 0.8817 
   HI_SS0009  6 0.0052 0.0338 0.0334 0.1126 0.0354 0.0358 0.0794 0.0082 0.0188 0.6374 
   HI_SS0010  6 0.0040 0.0116 0.0171 0.0155 0.0425 0.0237 0.0115 0.0066 0.1672 0.7003 
   HI_SS0011  6 0.0989 0.3472 0.0057 0.0507 0.2670 0.0391 0.0071 0.0825 0.0691 0.0328 
   HI_SS0012  6 0.0047 0.5116 0.1219 0.0245 0.0770 0.0312 0.1794 0.0109 0.0056 0.0334 
   HI_SS0017  6 0.0019 0.0121 0.0122 0.0086 0.0169 0.0124 0.0041 0.8822 0.0202 0.0296 
   HI_SS0021  6 0.2319 0.0073 0.0795 0.0120 0.3936 0.0042 0.1128 0.1202 0.0245 0.0141 
   HI_SS0024  6 0.0024 0.0122 0.0138 0.0286 0.7420 0.0727 0.0243 0.0398 0.0542 0.0101 
   HI_SS0025  6 0.0034 0.0083 0.0163 0.0323 0.0388 0.0036 0.0858 0.7936 0.0079 0.0100 
   HI_SS0027  6 0.0139 0.0382 0.0204 0.0345 0.0118 0.0598 0.0257 0.0064 0.4618 0.3276 
   HI_SS0028  6 0.0025 0.0668 0.0289 0.0215 0.6142 0.0156 0.1171 0.0573 0.0119 0.0642 
   HI_SS0029  6 0.0051 0.0132 0.0064 0.0054 0.9001 0.0052 0.0438 0.0062 0.0058 0.0087 
   HI_SS0030  6 0.0061 0.0056 0.0204 0.0122 0.0134 0.0737 0.0170 0.0338 0.0125 0.8053 
   HI_SS0031  6 0.0044 0.0087 0.5817 0.0058 0.0316 0.0108 0.0279 0.0049 0.0126 0.3116 
   HI_SS0034  6 0.0036 0.0080 0.1352 0.0330 0.0233 0.6193 0.0764 0.0152 0.0092 0.0769 
   HI_SS0036  6 0.0096 0.0030 0.0073 0.0169 0.4420 0.3370 0.0352 0.0045 0.0325 0.1121 
   HI_SS0037  6 0.0042 0.0147 0.0076 0.0673 0.0078 0.0118 0.0596 0.0190 0.7980 0.0101 
   HI_SS0039  6 0.0023 0.0084 0.0080 0.0582 0.3099 0.0319 0.3216 0.0048 0.0289 0.2261 
   HI_SS0041  6 0.0016 0.0070 0.0109 0.5748 0.2485 0.0419 0.0137 0.0856 0.0029 0.0131 
   HI_SS0042  6 0.1128 0.0393 0.0096 0.0997 0.6230 0.0640 0.0159 0.0144 0.0055 0.0158 
   HI_SS0043  6 0.0024 0.0065 0.0405 0.0543 0.0171 0.0110 0.5756 0.0687 0.2030 0.0210 
   HI_SS0044  6 0.0025 0.0105 0.0288 0.1044 0.2417 0.0144 0.0220 0.1666 0.4037 0.0055 
   HI_SS0047  6 0.0027 0.0037 0.0316 0.0586 0.0087 0.0246 0.0187 0.8234 0.0063 0.0218 
   HI_SS0049  6 0.0040 0.0233 0.0150 0.0267 0.0591 0.1231 0.0375 0.5371 0.0207 0.1535 
   HI_SS0051  6 0.0027 0.0137 0.0064 0.7168 0.0076 0.0093 0.2045 0.0106 0.0121 0.0164 
   HI_SS0053  6 0.0050 0.0102 0.2973 0.0191 0.0908 0.0389 0.2771 0.0211 0.0299 0.2108 
   HI_SS0054  6 0.0040 0.0154 0.0180 0.0134 0.0051 0.0239 0.0067 0.0064 0.1961 0.7109 
   HI_SS0057  6 0.0037 0.0090 0.0148 0.0733 0.0444 0.1483 0.0208 0.6000 0.0244 0.0611 
   HI_SS0058  6 0.0059 0.7421 0.0110 0.0092 0.0080 0.0080 0.0402 0.0434 0.1211 0.0111 
   HI_SS0060  6 0.0494 0.0063 0.0074 0.0060 0.0079 0.0082 0.0066 0.0046 0.0145 0.8891 
   HI_SS0087  6 0.0023 0.2894 0.0409 0.1224 0.0211 0.0506 0.1835 0.0679 0.0251 0.1969 
   HI_SS0091  6 0.0011 0.0218 0.0946 0.0138 0.0053 0.5477 0.2731 0.0114 0.0073 0.0237 
   HI_SS0095  6 0.0683 0.0631 0.1325 0.0247 0.0857 0.0738 0.3098 0.0143 0.0053 0.2224 
   HI_SS0097  6 0.0044 0.7803 0.0200 0.0173 0.0177 0.0137 0.0393 0.0094 0.0166 0.0813 
   HI_SS0099  6 0.0037 0.0064 0.0065 0.0066 0.9228 0.0059 0.0114 0.0100 0.0081 0.0186 
   HI_SS0103  6 0.0026 0.0163 0.0195 0.0128 0.0061 0.0375 0.0684 0.8149 0.0080 0.0139 
   HI_SS0105  6 0.0253 0.0171 0.0529 0.0074 0.0082 0.8118 0.0176 0.0196 0.0201 0.0200 
   HI_SS0107  6 0.0011 0.0194 0.0070 0.0100 0.0170 0.0110 0.0101 0.9034 0.0072 0.0138 
   HI_SS0108  6 0.0318 0.0060 0.0350 0.0286 0.0077 0.0265 0.0132 0.0061 0.8350 0.0100 
   HI_SS0110  6 0.0014 0.0200 0.1146 0.0139 0.1736 0.0741 0.3916 0.1298 0.0213 0.0599 
   HI_SS0111  6 0.0368 0.0500 0.5914 0.0455 0.0314 0.0256 0.0316 0.0470 0.0063 0.1343 
   HI_SS0112  6 0.0011 0.0031 0.0035 0.0043 0.0053 0.0062 0.0032 0.0023 0.9682 0.0028 
   HI_SS0113  6 0.0047 0.0221 0.0180 0.0194 0.0777 0.0821 0.0062 0.7548 0.0031 0.0119 
   HI_SS0114  6 0.0057 0.0082 0.2347 0.0073 0.0333 0.1273 0.4385 0.0105 0.0880 0.0466 
   HI_SS0115  6 0.0163 0.1005 0.0593 0.0123 0.0098 0.0078 0.3922 0.0087 0.0119 0.3812 
   HI_SS0116  6 0.0033 0.0198 0.3397 0.0096 0.1674 0.0041 0.2438 0.0361 0.1613 0.0146 
   HI_SS0117  6 0.0017 0.3118 0.1893 0.0045 0.0264 0.0136 0.0232 0.0207 0.3900 0.0186 
   HI_SS0118  6 0.0115 0.1434 0.0650 0.0071 0.3071 0.0327 0.1473 0.2170 0.0552 0.0136 
   HI_SS0119  6 0.0018 0.0172 0.0058 0.0099 0.0064 0.8465 0.0277 0.0068 0.0688 0.0091 
   HI_SS0120  6 0.0030 0.0038 0.0035 0.0041 0.0047 0.0070 0.0051 0.9583 0.0074 0.0029 
   HI_SS0121  6 0.0013 0.4886 0.0128 0.0339 0.3944 0.0140 0.0135 0.0155 0.0086 0.0174 
   HI_SS0122  6 0.0207 0.0355 0.0357 0.2726 0.2626 0.1072 0.0312 0.0267 0.1950 0.0127 
   HI_SS0123  6 0.0049 0.0951 0.0265 0.0208 0.0286 0.7340 0.0248 0.0418 0.0111 0.0125 
   HI_SS0124  6 0.0035 0.0379 0.1231 0.0450 0.4539 0.1037 0.0218 0.1785 0.0165 0.0161 
   HI_SS0125  6 0.0445 0.0062 0.8352 0.0152 0.0245 0.0244 0.0099 0.0099 0.0050 0.0252 
   HI_SS0126  6 0.0011 0.0118 0.0355 0.0123 0.0420 0.0108 0.0157 0.0068 0.8539 0.0103 
   HI_SS0127  6 0.0069 0.0153 0.0076 0.2523 0.0120 0.0186 0.0422 0.0179 0.0117 0.6153 
   HI_SS0128  6 0.0038 0.0212 0.1379 0.0099 0.0483 0.0073 0.0336 0.0539 0.0162 0.6677 
   HI_SS0129  6 0.0093 0.0065 0.0238 0.7567 0.0367 0.0467 0.0853 0.0119 0.0125 0.0106 
   HI_SS0131  6 0.0418 0.0154 0.0242 0.0084 0.0336 0.0065 0.0078 0.0085 0.8414 0.0124 
   HI_SS0132  6 0.0006 0.0813 0.2880 0.0362 0.0291 0.4690 0.0110 0.0139 0.0531 0.0178 
   HI_SS0133  6 0.0015 0.0024 0.0069 0.0045 0.0045 0.0059 0.0078 0.0057 0.9536 0.0072 
   HI_SS0134  6 0.0021 0.1571 0.0112 0.0142 0.0216 0.3135 0.2790 0.0193 0.1090 0.0729 
   HI_SS0142  6 0.0233 0.0491 0.0275 0.0095 0.0457 0.2823 0.4041 0.0959 0.0069 0.0559 
   HI_SS0145  6 0.0013 0.0797 0.0049 0.0208 0.0083 0.0157 0.0169 0.0125 0.0066 0.8333 
   HI_SS0146  6 0.0014 0.0164 0.0665 0.0474 0.0171 0.0247 0.0210 0.0059 0.7292 0.0706 
   HI_SS0147  6 0.0197 0.0221 0.0054 0.8833 0.0084 0.0057 0.0078 0.0373 0.0051 0.0051 
   HI_SS0149  6 0.0045 0.0231 0.0063 0.0160 0.0610 0.8089 0.0123 0.0094 0.0228 0.0357 
   HI_SS0150  6 0.0062 0.0748 0.7143 0.0086 0.0157 0.0807 0.0148 0.0455 0.0166 0.0228 
   HI_SS0151  6 0.0138 0.0513 0.1803 0.4795 0.0092 0.0179 0.0697 0.0443 0.0404 0.0937 
   NS_SS1451  6 0.0021 0.0326 0.0198 0.0512 0.0306 0.7920 0.0077 0.0478 0.0075 0.0087 
   NS_SS1404  6 0.0087 0.0380 0.0193 0.8109 0.0426 0.0217 0.0116 0.0242 0.0065 0.0165 
   NS_SS1432  6 0.0328 0.0054 0.0094 0.0065 0.8825 0.0256 0.0068 0.0201 0.0030 0.0079 
   NS_SS1405  6 0.0034 0.0627 0.0072 0.0084 0.6424 0.0152 0.0458 0.0136 0.0998 0.1015 
   NS_SS1431  6 0.0010 0.0291 0.0076 0.0163 0.3826 0.0758 0.0415 0.4154 0.0184 0.0123 
   NS_SS1402  6 0.0027 0.7601 0.1003 0.0240 0.0151 0.0148 0.0184 0.0406 0.0078 0.0162 
   NS_SS1450  6 0.0029 0.0099 0.0222 0.0094 0.0105 0.7050 0.1868 0.0090 0.0205 0.0237 
   NS_SS1396  6 0.0068 0.0295 0.0059 0.3388 0.4102 0.0367 0.0462 0.0262 0.0483 0.0516 
   NS_SS1393  6 0.0028 0.0065 0.0188 0.0077 0.0089 0.0039 0.9350 0.0032 0.0072 0.0060 
   NS_SS1392  6 0.0156 0.0075 0.6674 0.0548 0.0189 0.0219 0.0535 0.1126 0.0409 0.0069 
   NS_SS1445  6 0.0070 0.0053 0.0061 0.0267 0.0113 0.0066 0.1340 0.0044 0.0049 0.7938 
   NS_SS1423  6 0.0021 0.0804 0.1411 0.0047 0.0394 0.0065 0.0141 0.0147 0.6717 0.0254 
   NS_SS1421  6 0.0911 0.0091 0.0112 0.2117 0.0509 0.3224 0.0243 0.0117 0.2586 0.0092 
   NS_SS1411  6 0.0021 0.0036 0.0079 0.0217 0.0126 0.0094 0.0137 0.0144 0.8899 0.0249 
   NS_SS1453  6 0.0046 0.0332 0.0306 0.2457 0.2027 0.0362 0.2743 0.0559 0.0384 0.0783 
   NS_SS1442  6 0.0045 0.0182 0.0122 0.0093 0.0201 0.0078 0.3578 0.1041 0.4151 0.0510 
   NS_SS1422  6 0.0124 0.8220 0.0796 0.0128 0.0083 0.0135 0.0201 0.0062 0.0070 0.0181 
   NS_SS1419  6 0.1690 0.6759 0.0130 0.0293 0.0097 0.0439 0.0058 0.0297 0.0151 0.0084 
   NS_SS1427  6 0.0015 0.0041 0.8550 0.0047 0.0108 0.0123 0.0380 0.0045 0.0358 0.0331 
   NS_SS1444  6 0.0030 0.0186 0.0748 0.3806 0.4148 0.0114 0.0111 0.0464 0.0078 0.0316 
   NS_SS1455  6 0.0014 0.1710 0.0101 0.0061 0.0684 0.0155 0.0125 0.6734 0.0372 0.0045 
   NS_SS1425  6 0.0012 0.0056 0.0079 0.0155 0.0039 0.0043 0.0141 0.0047 0.9360 0.0068 
   NS_SS1400  6 0.0015 0.0314 0.0041 0.0083 0.0104 0.0082 0.0062 0.0148 0.8844 0.0307 
   NS_SS1406  6 0.0102 0.8651 0.0102 0.0075 0.0432 0.0207 0.0099 0.0102 0.0043 0.0187 
   NS_SS1417  6 0.0094 0.0636 0.0172 0.0133 0.0077 0.0158 0.0119 0.7480 0.0992 0.0139 
   NS_SS1454  6 0.0010 0.0102 0.0074 0.0081 0.0157 0.7171 0.0180 0.0059 0.2088 0.0077 
   NS_SS1412  6 0.0293 0.0141 0.0154 0.2808 0.1277 0.0091 0.0952 0.3088 0.0931 0.0266 
   NS_SS1438  6 0.0013 0.0448 0.7408 0.0323 0.0096 0.0165 0.0426 0.0355 0.0592 0.0173 
   NS_SS1416  6 0.0099 0.3245 0.0353 0.0539 0.0562 0.3828 0.0995 0.0169 0.0090 0.0120 
   NS_SS1401  6 0.0165 0.0654 0.0126 0.0314 0.4091 0.0328 0.0695 0.0220 0.3246 0.0160 
   NS_SS1424  6 0.0137 0.0822 0.0714 0.1471 0.1212 0.3444 0.0613 0.0205 0.1008 0.0374 
   NS_SS1435  6 0.0022 0.0067 0.3933 0.0154 0.0235 0.0304 0.0120 0.0827 0.3413 0.0927 
   NS_SS1447  6 0.0077 0.0239 0.0179 0.0176 0.1202 0.1551 0.0422 0.5563 0.0251 0.0339 
   NS_SS1414  6 0.0071 0.1142 0.0065 0.0100 0.0302 0.0387 0.0259 0.6806 0.0284 0.0585 
   NS_SS1449  6 0.0046 0.2238 0.1962 0.0063 0.0057 0.5271 0.0079 0.0104 0.0072 0.0109 
   NS_SS1443  6 0.0019 0.0301 0.4778 0.0141 0.0097 0.0920 0.0396 0.0147 0.0406 0.2795 
   NS_SS1434  6 0.0006 0.0158 0.6234 0.0126 0.0749 0.0109 0.0133 0.2066 0.0294 0.0126 
   NS_SS1398  6 0.0194 0.0109 0.0264 0.0302 0.0641 0.3062 0.4179 0.0210 0.0968 0.0071 
   NS_SS1426  6 0.0021 0.0031 0.0229 0.0128 0.0086 0.0053 0.0177 0.0137 0.0117 0.9021 
   NS_SS1413  6 0.0112 0.0034 0.0077 0.0095 0.0098 0.0049 0.0082 0.0183 0.9209 0.0062 
   NS_SS1395  6 0.0074 0.0067 0.0133 0.0050 0.0069 0.0838 0.0352 0.0177 0.0221 0.8019 
   NS_SS1448  6 0.0022 0.0056 0.0287 0.5259 0.0159 0.2025 0.0041 0.1305 0.0269 0.0578 
   NS_SS1446  6 0.0033 0.0315 0.2486 0.0244 0.0278 0.0421 0.0374 0.5128 0.0519 0.0201 
   NS_SS1403  6 0.0046 0.0220 0.0103 0.0085 0.7054 0.1959 0.0273 0.0074 0.0085 0.0102 
   NS_SS1415  6 0.0097 0.0079 0.0322 0.0480 0.0198 0.0083 0.0659 0.0064 0.6348 0.1668 
   NS_SS1437  6 0.0092 0.1114 0.1186 0.0166 0.5927 0.0153 0.0157 0.0231 0.0148 0.0824 
   NS_SS1439  6 0.0026 0.0465 0.0414 0.0111 0.0109 0.1795 0.3961 0.2924 0.0066 0.0130 
   NS_SS1441  6 0.0021 0.0263 0.5992 0.0075 0.0134 0.0262 0.2881 0.0078 0.0188 0.0105 
   NS_SS1420  6 0.0029 0.0143 0.0086 0.9393 0.0104 0.0073 0.0046 0.0042 0.0034 0.0051 
   NS_SS1394  6 0.0313 0.0167 0.0081 0.0119 0.0141 0.0308 0.0097 0.1591 0.0070 0.7115 
   NS_SS1391  6 0.0065 0.0040 0.0129 0.0114 0.0131 0.0062 0.7805 0.0223 0.0512 0.0918 
   NS_SS1410  6 0.0152 0.0329 0.2066 0.0175 0.4353 0.0285 0.0258 0.0439 0.1814 0.0129 
   NS_SS1408  6 0.0674 0.0132 0.0352 0.0052 0.0134 0.7920 0.0164 0.0187 0.0078 0.0307 
   NS_SS1409  6 0.0027 0.0290 0.2135 0.0179 0.0393 0.0257 0.5716 0.0203 0.0203 0.0598 
   HI_SS0617  7 0.0014 0.0171 0.0561 0.0969 0.0097 0.0218 0.7282 0.0521 0.0054 0.0114 
   HI_SS0618  7 0.0023 0.0559 0.5771 0.2289 0.0529 0.0325 0.0091 0.0143 0.0082 0.0188 
   HI_SS0619  7 0.0033 0.0171 0.0198 0.1789 0.2074 0.0117 0.2274 0.0945 0.1597 0.0801 
   HI_SS0620  7 0.0023 0.0163 0.0160 0.6635 0.0045 0.0064 0.1586 0.0060 0.1184 0.0079 
   HI_SS0621  7 0.0170 0.0620 0.1008 0.2392 0.3308 0.0115 0.1519 0.0361 0.0066 0.0442 
   HI_SS0622  7 0.0095 0.1465 0.0083 0.6716 0.0420 0.0077 0.0153 0.0217 0.0239 0.0535 
   HI_SS0626  7 0.0123 0.0160 0.0532 0.3688 0.2371 0.0131 0.1301 0.0273 0.1195 0.0225 
   HI_SS0627  7 0.0087 0.0114 0.0396 0.0305 0.3328 0.0543 0.0393 0.4438 0.0146 0.0249 
   HI_SS0628  7 0.0624 0.0052 0.2025 0.0137 0.1478 0.1385 0.1023 0.1136 0.1800 0.0340 
   HI_SS0629  7 0.0048 0.0332 0.1259 0.0507 0.2713 0.0086 0.4291 0.0309 0.0225 0.0229 
   HI_SS0630  7 0.0459 0.0122 0.0458 0.0401 0.1983 0.1305 0.1349 0.0101 0.3698 0.0124 
   HI_SS0631  7 0.0010 0.0081 0.0811 0.0556 0.0274 0.0336 0.0167 0.0240 0.4739 0.2785 
   HI_SS0632  7 0.0043 0.0257 0.0318 0.1860 0.1223 0.0837 0.0237 0.1379 0.1638 0.2208 
   HI_SS0633  7 0.0036 0.0087 0.0039 0.0104 0.1871 0.0044 0.7007 0.0124 0.0237 0.0451 
   HI_SS0634  7 0.0020 0.0038 0.0094 0.0091 0.0078 0.9325 0.0078 0.0121 0.0081 0.0074 
   HI_SS0635  7 0.0111 0.0534 0.4933 0.0131 0.0945 0.0114 0.0272 0.0135 0.0461 0.2365 
   HI_SS0637  7 0.0036 0.0254 0.0154 0.7855 0.0169 0.0112 0.0985 0.0130 0.0040 0.0265 
   HI_SS0638  7 0.0010 0.0159 0.0245 0.3344 0.0176 0.0375 0.0079 0.0556 0.4965 0.0091 
   HI_SS0639  7 0.0444 0.0171 0.3864 0.0631 0.0398 0.2057 0.0361 0.0367 0.0038 0.1668 
   HI_SS0640  7 0.0016 0.0431 0.2598 0.0093 0.0413 0.0051 0.0153 0.0062 0.0156 0.6028 
   HI_SS0641  7 0.0054 0.0322 0.1587 0.2386 0.0979 0.0109 0.3514 0.0124 0.0375 0.0550 
   HI_SS0642  7 0.0021 0.0064 0.0118 0.0065 0.0077 0.9409 0.0038 0.0061 0.0033 0.0115 
   HI_SS0645  7 0.0010 0.2415 0.0046 0.5928 0.0420 0.0296 0.0266 0.0118 0.0300 0.0202 
   HI_SS0646  7 0.0028 0.0311 0.0734 0.0441 0.0162 0.0883 0.6412 0.0544 0.0109 0.0377 
   HI_SS0647  7 0.0012 0.0275 0.0234 0.0091 0.0206 0.7580 0.0153 0.0556 0.0666 0.0227 
   HI_SS0648  7 0.0030 0.0288 0.0169 0.0151 0.0375 0.0134 0.0104 0.0212 0.0113 0.8424 
   HI_SS0649  7 0.0020 0.0102 0.0935 0.0119 0.3702 0.0161 0.4392 0.0253 0.0113 0.0202 
   HI_SS0650  7 0.0047 0.0066 0.0988 0.0526 0.0205 0.0176 0.4229 0.3357 0.0114 0.0291 
   HI_SS0651  7 0.0041 0.0795 0.0117 0.0259 0.0143 0.0088 0.0093 0.0120 0.0059 0.8285 
   HI_SS0652  7 0.0045 0.0083 0.0116 0.7373 0.0300 0.0700 0.0831 0.0301 0.0069 0.0182 
   NS_SS1371  7 0.0065 0.0135 0.1651 0.0056 0.0103 0.0081 0.7605 0.0059 0.0076 0.0169 
   NS_SS1374  7 0.0025 0.0063 0.0162 0.5952 0.0152 0.1063 0.0402 0.0060 0.1876 0.0244 
   NS_SS1337  7 0.0033 0.0061 0.0158 0.0293 0.0034 0.9184 0.0046 0.0088 0.0049 0.0053 
