   NS_SS0963  1 0.1742 0.0172 0.0055 0.0235 0.6745 0.1052 
   NS_SS0983  1 0.0055 0.0045 0.0031 0.0229 0.0425 0.9214 
   NS_SS0719  1 0.0205 0.0134 0.0047 0.0197 0.8424 0.0994 
   NS_SS1001  1 0.0059 0.9154 0.0057 0.0390 0.0108 0.0233 
   NS_SS0936  1 0.6595 0.0372 0.0028 0.0280 0.2254 0.0470 
   NS_SS0955  1 0.0911 0.0234 0.0044 0.3122 0.4855 0.0834 
   NS_SS0944  1 0.1113 0.0253 0.0020 0.8018 0.0359 0.0237 
   NS_SS0945  1 0.0576 0.2762 0.0085 0.4720 0.0159 0.1698 
   NS_SS0922  1 0.2271 0.1949 0.0354 0.0119 0.4793 0.0515 
   NS_SS0929  1 0.3916 0.2205 0.0036 0.1340 0.1001 0.1502 
   NS_SS0956  1 0.0128 0.8396 0.0044 0.0270 0.0675 0.0487 
   NS_SS0906  1 0.3953 0.0290 0.0033 0.0131 0.1034 0.4559 
   NS_SS0721  1 0.0050 0.0107 0.0037 0.0092 0.0812 0.8901 
   NS_SS0982  1 0.3620 0.0776 0.0173 0.0176 0.3497 0.1757 
   NS_SS0923  1 0.0832 0.3409 0.0042 0.0105 0.2606 0.3005 
   NS_SS0905  1 0.0482 0.3289 0.0017 0.0445 0.0946 0.4820 
   NS_SS0925  1 0.5067 0.0380 0.0049 0.0082 0.1273 0.3148 
   NS_SS0947  1 0.9024 0.0174 0.0043 0.0114 0.0289 0.0356 
   NS_SS0926  1 0.0201 0.0301 0.0013 0.8682 0.0463 0.0340 
   NS_SS0918  1 0.0203 0.9071 0.0022 0.0354 0.0127 0.0223 
   NS_SS0966  1 0.8754 0.0114 0.0439 0.0255 0.0292 0.0146 
   NS_SS0938  1 0.0444 0.2399 0.0012 0.0228 0.6817 0.0101 
   NS_SS0917  1 0.0078 0.0471 0.0322 0.0108 0.6939 0.2082 
   NS_SS0957  1 0.0540 0.8376 0.0075 0.0439 0.0377 0.0193 
   NS_SS0987  1 0.0207 0.6997 0.2335 0.0102 0.0052 0.0308 
   NS_SS0717  1 0.0539 0.8807 0.0035 0.0123 0.0152 0.0344 
   NS_SS0986  1 0.0425 0.0507 0.0036 0.3111 0.0150 0.5771 
   NS_SS0953  1 0.9277 0.0258 0.0155 0.0101 0.0072 0.0137 
   NS_SS0907  1 0.4714 0.0603 0.0475 0.0189 0.0995 0.3024 
   NS_SS0974  1 0.2252 0.1463 0.0039 0.1408 0.4090 0.0749 
   NS_SS0989  1 0.0783 0.0161 0.0012 0.7821 0.0788 0.0436 
   NS_SS0991  1 0.0302 0.0146 0.0018 0.1691 0.0128 0.7714 
   NS_SS0994  1 0.0139 0.0365 0.0023 0.8743 0.0420 0.0310 
   NS_SS0931  1 0.0165 0.0108 0.0103 0.8384 0.0115 0.1124 
   NS_SS1000  1 0.4639 0.0898 0.0035 0.0105 0.0263 0.4060 
   NS_SS0919  1 0.2041 0.0063 0.0032 0.0288 0.1401 0.6175 
   NS_SS0949  1 0.0156 0.0045 0.0017 0.8367 0.0487 0.0927 
   NS_SS0960  1 0.0390 0.2228 0.0081 0.3817 0.1687 0.1797 
   NS_SS0716  1 0.0041 0.9757 0.0049 0.0042 0.0039 0.0072 
   NS_SS0924  1 0.0442 0.0716 0.0217 0.2403 0.3652 0.2570 
   NS_SS0935  1 0.0274 0.0446 0.0116 0.5420 0.0182 0.3562 
   NS_SS0952  1 0.2902 0.0947 0.0451 0.3959 0.0874 0.0868 
   NS_SS0962  1 0.1672 0.4012 0.0086 0.0116 0.1109 0.3005 
   NS_SS0973  1 0.0914 0.0053 0.0036 0.0201 0.1739 0.7057 
   NS_SS0722  1 0.0601 0.8811 0.0024 0.0062 0.0180 0.0322 
   NS_SS0979  1 0.0211 0.9190 0.0020 0.0094 0.0267 0.0217 
   NS_SS0993  1 0.5331 0.1990 0.0213 0.0130 0.1636 0.0700 
   NS_SS0958  1 0.0572 0.1438 0.0028 0.7653 0.0119 0.0190 
   NS_SS0988  1 0.4140 0.0380 0.0057 0.0392 0.4357 0.0674 
   NS_SS1003  1 0.0855 0.0069 0.0077 0.0111 0.8584 0.0305 
   NS_SS0976  1 0.2274 0.0213 0.0026 0.5938 0.0311 0.1239 
   NS_SS0964  1 0.0255 0.8960 0.0024 0.0123 0.0091 0.0547 
   NS_SS0939  1 0.0045 0.9669 0.0048 0.0052 0.0118 0.0068 
   NS_SS0990  1 0.1365 0.4053 0.0042 0.0435 0.3444 0.0662 
   NS_SS0984  1 0.0162 0.9469 0.0021 0.0078 0.0199 0.0072 
   NS_SS0980  1 0.5898 0.0204 0.0019 0.0134 0.0494 0.3250 
   NS_SS0978  1 0.0375 0.0256 0.0032 0.0110 0.7011 0.2217 
   NS_SS0951  1 0.0287 0.1183 0.0028 0.4104 0.0954 0.3445 
   NS_SS0913  1 0.0304 0.8250 0.0387 0.0226 0.0183 0.0650 
   NS_SS1002  1 0.7043 0.0091 0.0348 0.0086 0.2244 0.0188 
   NS_SS0948  1 0.4506 0.2232 0.0525 0.1935 0.0347 0.0456 
   NS_SS0916  1 0.0056 0.0142 0.0035 0.0117 0.9543 0.0106 
   NS_SS0995  1 0.0201 0.1191 0.0037 0.0094 0.6447 0.2029 
   NS_SS0927  1 0.0109 0.0148 0.0051 0.0120 0.8909 0.0663 
   NS_SS0992  1 0.2326 0.0121 0.0033 0.0326 0.5160 0.2034 
   NS_SS0912  1 0.0160 0.0215 0.0026 0.4396 0.0130 0.5073 
   NS_SS0981  1 0.1155 0.1998 0.0036 0.0563 0.2084 0.4163 
   NS_SS0729  2 0.3397 0.0035 0.0033 0.4586 0.0735 0.1214 
   NS_SS0967  2 0.2743 0.0417 0.0140 0.0522 0.1772 0.4406 
   NS_SS0941  2 0.0845 0.1549 0.0787 0.0336 0.5296 0.1186 
   NS_SS0768  2 0.6176 0.2035 0.0050 0.0458 0.0642 0.0637 
   NS_SS0726  2 0.0445 0.0051 0.0072 0.1154 0.8111 0.0167 
   NS_SS0763  2 0.0660 0.0501 0.0023 0.4520 0.0332 0.3963 
   NS_SS0730  2 0.1197 0.8144 0.0034 0.0157 0.0308 0.0160 
   NS_SS0774  2 0.0999 0.8662 0.0010 0.0049 0.0156 0.0125 
   NS_SS0723  2 0.3351 0.1291 0.0015 0.0060 0.2257 0.3027 
   NS_SS0940  2 0.0194 0.0611 0.0068 0.1424 0.4440 0.3264 
   NS_SS0762  2 0.0727 0.8813 0.0026 0.0089 0.0243 0.0102 
   NS_SS0766  2 0.0117 0.5819 0.0137 0.1737 0.1266 0.0923 
   NS_SS0724  2 0.8737 0.0286 0.0046 0.0172 0.0093 0.0665 
   NS_SS0769  2 0.4254 0.0525 0.0048 0.0207 0.4240 0.0726 
   NS_SS0777  2 0.0144 0.0296 0.0115 0.1163 0.0231 0.8052 
   NS_SS0734  2 0.0102 0.1665 0.0315 0.2314 0.0650 0.4954 
   NS_SS0737  2 0.0675 0.4289 0.0064 0.0170 0.4608 0.0194 
   NS_SS0732  2 0.0300 0.2060 0.0049 0.0099 0.0632 0.6860 
   NS_SS0728  2 0.1344 0.0299 0.0104 0.0183 0.5656 0.2414 
   NS_SS0735  2 0.1723 0.0201 0.0064 0.0134 0.0196 0.7683 
   NS_SS0725  2 0.5948 0.1118 0.0094 0.0768 0.1868 0.0203 
   NS_SS0788  2 0.5101 0.0276 0.0014 0.0248 0.2593 0.1768 
   NS_SS0778  2 0.0418 0.0259 0.0015 0.0368 0.3457 0.5483 
   NS_SS0792  2 0.0206 0.0146 0.0047 0.0175 0.9206 0.0220 
   NS_SS0943  2 0.3003 0.0071 0.0069 0.6266 0.0150 0.0441 
   NS_SS0791  2 0.0061 0.0426 0.0109 0.0557 0.7271 0.1575 
   NS_SS0790  2 0.8708 0.1041 0.0035 0.0042 0.0070 0.0104 
   NS_SS0731  2 0.0364 0.5136 0.0127 0.0122 0.0078 0.4173 
   NS_SS0727  2 0.0160 0.2210 0.0019 0.6342 0.1027 0.0243 
   NS_SS0779  2 0.0228 0.0598 0.0050 0.0294 0.0348 0.8483 
   NS_SS0776  2 0.1042 0.0411 0.0065 0.2633 0.0248 0.5600 
   NS_SS0775  2 0.0075 0.9668 0.0062 0.0057 0.0076 0.0062 
   NS_SS0965  3 0.0286 0.1963 0.0017 0.0246 0.0141 0.7348 
   NS_SS0754  3 0.0139 0.0243 0.0149 0.1892 0.3277 0.4300 
   NS_SS0838  3 0.0871 0.0755 0.0559 0.1641 0.2487 0.3687 
   NS_SS0839  3 0.3431 0.5515 0.0038 0.0128 0.0735 0.0154 
   NS_SS0832  3 0.2102 0.0304 0.0495 0.0075 0.1022 0.6003 
   NS_SS0820  3 0.0528 0.1754 0.0060 0.0056 0.7038 0.0564 
   NS_SS0886  3 0.0413 0.0231 0.0019 0.1432 0.1606 0.6298 
   NS_SS0748  3 0.2038 0.0592 0.0083 0.4284 0.0199 0.2804 
   NS_SS0884  3 0.1078 0.0503 0.0202 0.0407 0.7241 0.0569 
   NS_SS0752  3 0.2616 0.1001 0.0021 0.0423 0.0319 0.5621 
   NS_SS0862  3 0.0290 0.0331 0.0043 0.0067 0.1727 0.7543 
   NS_SS0787  3 0.0288 0.0086 0.0072 0.8550 0.0852 0.0152 
   NS_SS0843  3 0.3201 0.0246 0.0016 0.0178 0.0156 0.6203 
   NS_SS0856  3 0.0482 0.0209 0.0038 0.0115 0.8239 0.0918 
   NS_SS0846  3 0.6331 0.0063 0.0030 0.0735 0.1415 0.1426 
   NS_SS0825  3 0.1701 0.0869 0.0109 0.0821 0.5724 0.0776 
   NS_SS0757  3 0.0289 0.0141 0.0033 0.0501 0.0350 0.8685 
   NS_SS0876  3 0.3305 0.0099 0.2206 0.0102 0.0487 0.3801 
   NS_SS0903  3 0.7970 0.0072 0.0022 0.0064 0.0118 0.1753 
   NS_SS0875  3 0.0199 0.8872 0.0035 0.0144 0.0262 0.0487 
   NS_SS0740  3 0.2274 0.0176 0.0034 0.0242 0.0467 0.6806 
   NS_SS0811  3 0.0135 0.8457 0.0096 0.0130 0.0139 0.1042 
   NS_SS0751  3 0.0795 0.2186 0.0029 0.1585 0.2118 0.3287 
   NS_SS0891  3 0.6353 0.2781 0.0067 0.0192 0.0335 0.0271 
   NS_SS0867  3 0.2937 0.0111 0.0275 0.0572 0.4299 0.1805 
   NS_SS0890  3 0.0341 0.0917 0.0033 0.0354 0.4748 0.3607 
   NS_SS0866  3 0.0071 0.0417 0.0040 0.2278 0.6972 0.0222 
   NS_SS0755  3 0.0386 0.1286 0.0067 0.0332 0.7560 0.0370 
   NS_SS0758  3 0.1056 0.0132 0.0023 0.1008 0.0182 0.7600 
   NS_SS0840  3 0.5196 0.2165 0.0026 0.0167 0.0578 0.1868 
   NS_SS0889  3 0.0317 0.0154 0.0022 0.8068 0.0464 0.0976 
   NS_SS1010  3 0.5200 0.1068 0.0438 0.0399 0.2276 0.0619 
   NS_SS0888  3 0.0106 0.0335 0.0012 0.2754 0.5468 0.1324 
   NS_SS0837  3 0.1134 0.1800 0.0025 0.0334 0.0632 0.6074 
   NS_SS0794  3 0.0152 0.0846 0.0022 0.8271 0.0361 0.0348 
   NS_SS0823  3 0.3792 0.0259 0.0040 0.0110 0.2913 0.2886 
   NS_SS0829  3 0.0153 0.0104 0.1078 0.4174 0.0501 0.3992 
   NS_SS0844  3 0.9689 0.0074 0.0018 0.0052 0.0093 0.0074 
   NS_SS1008  3 0.0262 0.4990 0.0119 0.3891 0.0154 0.0585 
   NS_SS0881  3 0.0234 0.4318 0.0025 0.2119 0.2244 0.1061 
   NS_SS0834  3 0.9096 0.0119 0.0052 0.0175 0.0468 0.0089 
   NS_SS0744  3 0.0262 0.0070 0.0061 0.0098 0.7657 0.1851 
   NS_SS0899  3 0.4979 0.2352 0.0016 0.0062 0.0156 0.2435 
   NS_SS0804  3 0.3986 0.0469 0.0041 0.0060 0.2642 0.2803 
   NS_SS0781  3 0.8120 0.0517 0.0029 0.0046 0.0270 0.1018 
   NS_SS0822  3 0.0466 0.0095 0.0021 0.8250 0.0506 0.0662 
   NS_SS1004  3 0.1191 0.0109 0.0040 0.0572 0.0702 0.7386 
   NS_SS0746  3 0.1462 0.0961 0.0163 0.0797 0.0534 0.6083 
   NS_SS0880  3 0.1962 0.0875 0.0021 0.4509 0.0789 0.1843 
   NS_SS0879  3 0.6343 0.1714 0.0156 0.0737 0.0863 0.0187 
   NS_SS0753  3 0.0285 0.0173 0.0102 0.1972 0.0493 0.6974 
   NS_SS1007  3 0.0063 0.0245 0.0013 0.0114 0.9289 0.0277 
   NS_SS0872  3 0.7236 0.0376 0.0017 0.0111 0.0644 0.1615 
   NS_SS1005  3 0.6254 0.0226 0.0010 0.0177 0.0350 0.2982 
   NS_SS0892  3 0.0343 0.0655 0.0020 0.0413 0.5027 0.3541 
   NS_SS0898  3 0.0149 0.8118 0.0053 0.1189 0.0410 0.0081 
   NS_SS0801  3 0.1829 0.0195 0.0104 0.0134 0.0266 0.7472 
   NS_SS0827  3 0.0243 0.7081 0.1260 0.0619 0.0098 0.0699 
   NS_SS0853  3 0.0088 0.9406 0.0050 0.0108 0.0081 0.0267 
   NS_SS0780  3 0.0396 0.0653 0.0041 0.0069 0.3390 0.5451 
   NS_SS0826  3 0.9378 0.0058 0.0030 0.0320 0.0095 0.0118 
   NS_SS0818  3 0.2070 0.0388 0.0016 0.0112 0.7310 0.0104 
   NS_SS0745  3 0.0051 0.9713 0.0013 0.0074 0.0061 0.0089 
   NS_SS0849  3 0.0773 0.0253 0.0018 0.0108 0.0180 0.8668 
   NS_SS0739  3 0.0093 0.0365 0.0120 0.0131 0.9065 0.0225 
   NS_SS0799  3 0.0060 0.0996 0.0012 0.2949 0.2340 0.3643 
   NS_SS0756  3 0.8653 0.0208 0.0039 0.0115 0.0602 0.0383 
   NS_SS0802  3 0.0197 0.0049 0.1901 0.0173 0.5394 0.2286 
   NS_SS0747  3 0.0909 0.0115 0.0050 0.0089 0.0682 0.8155 
   NS_SS0835  3 0.1005 0.0299 0.0011 0.1198 0.6911 0.0576 
   NS_SS0742  3 0.0261 0.0141 0.0012 0.0100 0.8651 0.0834 
   NS_SS0760  3 0.0253 0.0170 0.0491 0.6633 0.0158 0.2296 
   NS_SS0803  3 0.9423 0.0090 0.0074 0.0061 0.0083 0.0269 
   NS_SS0828  3 0.0481 0.2497 0.0013 0.0929 0.1138 0.4942 
   NS_SS0865  3 0.0308 0.0256 0.0310 0.0229 0.5448 0.3449 
   NS_SS0759  3 0.0285 0.1135 0.0040 0.0090 0.0892 0.7558 
   NS_SS0851  3 0.0154 0.9475 0.0117 0.0085 0.0074 0.0096 
   NS_SS0874  3 0.9404 0.0203 0.0015 0.0060 0.0065 0.0253 
   NS_SS0761  3 0.0658 0.0537 0.0026 0.2989 0.0255 0.5535 
   NS_SS0842  3 0.0668 0.8386 0.0077 0.0428 0.0216 0.0225 
   NS_SS0785  3 0.0380 0.0116 0.0048 0.0422 0.0306 0.8728 
   NS_SS0860  3 0.0156 0.0088 0.0024 0.0511 0.8578 0.0642 
   NS_SS0897  3 0.0116 0.0089 0.0018 0.9519 0.0112 0.0146 
   NS_SS0841  3 0.0180 0.8441 0.0039 0.0189 0.0386 0.0765 
   NS_SS0797  3 0.0100 0.0470 0.0276 0.8856 0.0123 0.0175 
   NS_SS0830  3 0.1497 0.3863 0.0022 0.1757 0.1263 0.1597 
   NS_SS1011  3 0.6827 0.0085 0.0065 0.0084 0.2783 0.0156 
   NS_SS0883  3 0.0088 0.0689 0.0047 0.0145 0.0442 0.8590 
   NS_SS0782  3 0.1184 0.0418 0.0029 0.1501 0.1712 0.5156 
   NS_SS0831  3 0.0187 0.0122 0.0031 0.3768 0.0126 0.5765 
   NS_SS0749  3 0.0076 0.0072 0.0033 0.0185 0.0446 0.9187 
   NS_SS0854  3 0.0687 0.0269 0.0030 0.0848 0.5415 0.2750 
   HI_SS0193  4 0.0117 0.0084 0.0018 0.9503 0.0198 0.0080 
   HI_SS0194  4 0.9607 0.0065 0.0016 0.0106 0.0095 0.0110 
   HI_SS0195  4 0.0860 0.0412 0.0937 0.0088 0.1853 0.5850 
   HI_SS0196  4 0.0323 0.0494 0.0027 0.1029 0.0296 0.7832 
   HI_SS0197  4 0.0163 0.0093 0.0104 0.0033 0.9501 0.0106 
   HI_SS0198  4 0.0372 0.1465 0.0127 0.0961 0.1483 0.5592 
   HI_SS0199  4 0.0121 0.0103 0.0029 0.1075 0.7684 0.0988 
   HI_SS0201  4 0.0899 0.0065 0.0020 0.8138 0.0355 0.0522 
   HI_SS0215  4 0.1873 0.0096 0.0033 0.0991 0.1511 0.5496 
   HI_SS0218  4 0.0038 0.0065 0.0045 0.9682 0.0085 0.0085 
   HI_SS0222  4 0.0167 0.0560 0.0051 0.1316 0.0446 0.7460 
   HI_SS0230  4 0.2321 0.1788 0.0055 0.0151 0.0728 0.4956 
   HI_SS0234  4 0.5805 0.0086 0.1401 0.0119 0.2388 0.0200 
   HI_SS0240  4 0.0109 0.0390 0.0057 0.0106 0.7690 0.1648 
   HI_SS0241  4 0.0295 0.0269 0.0022 0.1154 0.7602 0.0658 
   HI_SS0242  4 0.1896 0.2320 0.0032 0.1969 0.2629 0.1153 
   HI_SS0247  4 0.9416 0.0087 0.0177 0.0122 0.0115 0.0082 
   HI_SS0248  4 0.0173 0.0192 0.0007 0.8829 0.0077 0.0722 
   HI_SS0252  4 0.1418 0.0819 0.0025 0.0339 0.2796 0.4602 
   HI_SS0254  4 0.0542 0.0165 0.1062 0.6283 0.0874 0.1073 
   HI_SS0256  4 0.9589 0.0127 0.0015 0.0028 0.0153 0.0088 
   HI_SS0257  4 0.3920 0.0146 0.0028 0.0200 0.5521 0.0185 
   HI_SS0258  4 0.0115 0.0089 0.0050 0.9470 0.0124 0.0151 
   HI_SS0259  4 0.0371 0.0172 0.0021 0.0127 0.9204 0.0106 
   HI_SS0260  4 0.0360 0.0867 0.0014 0.5851 0.0378 0.2531 
   HI_SS0261  4 0.1057 0.0453 0.0035 0.5596 0.0932 0.1927 
   HI_SS0262  4 0.2411 0.0626 0.0065 0.0108 0.6605 0.0185 
   HI_SS0264  4 0.3666 0.3516 0.0039 0.0401 0.0992 0.1386 
   HI_SS0265  4 0.3386 0.1305 0.1096 0.0157 0.3831 0.0226 
   HI_SS0268  4 0.0694 0.3586 0.0036 0.3756 0.1201 0.0727 
   HI_SS0269  4 0.0613 0.0074 0.0018 0.2044 0.5476 0.1775 
   HI_SS0273  4 0.0267 0.0240 0.0018 0.8251 0.0968 0.0256 
   HI_SS0277  4 0.1409 0.0136 0.0021 0.0205 0.7977 0.0253 
   HI_SS0280  4 0.0106 0.2790 0.0060 0.1968 0.0471 0.4605 
   HI_SS0282  4 0.0269 0.0048 0.0014 0.4830 0.0140 0.4699 
   HI_SS0286  4 0.2266 0.0148 0.0084 0.0997 0.4767 0.1739 
   NS_SS1252  5 0.0072 0.0143 0.0042 0.8541 0.0262 0.0940 
   NS_SS1261  5 0.1256 0.0317 0.0156 0.0351 0.5122 0.2798 
   NS_SS1225  5 0.8382 0.0071 0.0690 0.0256 0.0156 0.0446 
   NS_SS1266  5 0.7938 0.0192 0.0077 0.0065 0.1427 0.0301 
   NS_SS1228  5 0.0559 0.5161 0.0173 0.0192 0.3353 0.0562 
   NS_SS1255  5 0.2468 0.5925 0.0017 0.0668 0.0148 0.0774 
   NS_SS1267  5 0.0143 0.0129 0.0182 0.9115 0.0231 0.0200 
   NS_SS1238  5 0.1450 0.0865 0.0027 0.4883 0.0823 0.1952 
   NS_SS1233  5 0.2189 0.6290 0.0023 0.1131 0.0044 0.0323 
   NS_SS1277  5 0.0050 0.0243 0.0009 0.9573 0.0061 0.0063 
   NS_SS1245  5 0.1476 0.0408 0.0021 0.1175 0.0164 0.6756 
   NS_SS1240  5 0.0072 0.0065 0.0020 0.8582 0.0320 0.0941 
   NS_SS1275  5 0.2773 0.0605 0.0025 0.0062 0.6437 0.0098 
   NS_SS1235  5 0.9573 0.0064 0.0038 0.0094 0.0169 0.0062 
   NS_SS1263  5 0.9145 0.0396 0.0011 0.0129 0.0065 0.0255 
   NS_SS1251  5 0.9453 0.0116 0.0014 0.0132 0.0057 0.0229 
   NS_SS1248  5 0.0097 0.0818 0.1071 0.4212 0.0264 0.3538 
   NS_SS1244  5 0.1320 0.0072 0.0050 0.1517 0.6919 0.0122 
   NS_SS1257  5 0.0549 0.0250 0.0396 0.6455 0.0985 0.1365 
   NS_SS1242  5 0.1928 0.7442 0.0025 0.0101 0.0278 0.0227 
   NS_SS1271  5 0.0052 0.0205 0.0364 0.9023 0.0231 0.0125 
   NS_SS1265  5 0.0551 0.0426 0.0246 0.4672 0.0149 0.3955 
   NS_SS1243  5 0.0118 0.3144 0.0745 0.0251 0.0399 0.5343 
   NS_SS1273  5 0.0134 0.9441 0.0118 0.0083 0.0122 0.0102 
   NS_SS1254  5 0.0669 0.8800 0.0063 0.0116 0.0220 0.0132 
   NS_SS1224  5 0.5837 0.0480 0.0087 0.0082 0.0398 0.3117 
   NS_SS1227  5 0.0080 0.2327 0.0018 0.0314 0.5921 0.1341 
   NS_SS1274  5 0.1725 0.0351 0.0209 0.5745 0.0122 0.1848 
   NS_SS1241  5 0.0252 0.0125 0.0012 0.9233 0.0241 0.0137 
   NS_SS1256  5 0.6769 0.0366 0.0467 0.1687 0.0304 0.0406 
   NS_SS1260  5 0.0296 0.0173 0.0694 0.1610 0.5965 0.1262 
   NS_SS1262  5 0.2087 0.0172 0.1730 0.4632 0.0575 0.0804 
   NS_SS1230  5 0.0374 0.0905 0.0070 0.5432 0.0226 0.2994 
   NS_SS1270  5 0.2836 0.0106 0.0020 0.0145 0.1237 0.5656 
   NS_SS1229  5 0.2442 0.0051 0.0032 0.0053 0.7304 0.0118 
   NS_SS1246  5 0.3610 0.0082 0.0036 0.2360 0.3677 0.0235 
   NS_SS1269  5 0.0186 0.0664 0.0022 0.0766 0.1479 0.6883 
   NS_SS1239  5 0.0108 0.0226 0.0039 0.0126 0.9286 0.0215 
   NS_SS1272  5 0.7965 0.0139 0.0067 0.0098 0.1642 0.0089 
   NS_SS1268  5 0.3950 0.2859 0.0023 0.0276 0.0170 0.2723 
   NS_SS1249  5 0.0323 0.0266 0.0146 0.8909 0.0187 0.0169 
   HI_SS0559  6 0.2144 0.0505 0.0017 0.2015 0.0094 0.5225 
   HI_SS0563  6 0.2585 0.0290 0.0025 0.3689 0.0705 0.2707 
   HI_SS0564  6 0.1071 0.0535 0.0564 0.0144 0.5560 0.2125 
   HI_SS0565  6 0.3760 0.0338 0.0037 0.0748 0.2509 0.2608 
   HI_SS0569  6 0.0114 0.0040 0.0019 0.2409 0.0099 0.7318 
   HI_SS0570  6 0.0141 0.0233 0.0416 0.8281 0.0648 0.0281 
   HI_SS0572  6 0.9041 0.0198 0.0024 0.0067 0.0370 0.0299 
   HI_SS0576  6 0.0384 0.4638 0.0056 0.0696 0.2188 0.2038 
   HI_SS0579  6 0.5460 0.0059 0.0121 0.0388 0.0119 0.3853 
   HI_SS0580  6 0.0509 0.8052 0.0041 0.0459 0.0288 0.0651 
   HI_SS0581  6 0.0774 0.0073 0.0577 0.0060 0.8246 0.0271 
   HI_SS0583  6 0.1159 0.6598 0.0024 0.1173 0.0446 0.0599 
   HI_SS0586  6 0.0083 0.0259 0.0010 0.9388 0.0063 0.0198 
   HI_SS0588  6 0.0326 0.0235 0.0172 0.2069 0.0525 0.6673 
   HI_SS0595  6 0.0817 0.3184 0.0254 0.1581 0.3906 0.0258 
   HI_SS0596  6 0.3899 0.5467 0.0027 0.0160 0.0355 0.0092 
   HI_SS0597  6 0.6031 0.0809 0.0024 0.0174 0.0870 0.2092 
   HI_SS0600  6 0.0064 0.0049 0.0024 0.0133 0.9308 0.0421 
   HI_SS0601  6 0.6588 0.0108 0.0131 0.0360 0.0450 0.2363 
   HI_SS0602  6 0.0154 0.0208 0.0022 0.0152 0.0094 0.9370 
   HI_SS0604  6 0.0700 0.0194 0.0016 0.0157 0.0126 0.8806 
   HI_SS0605  6 0.0074 0.0125 0.0056 0.0103 0.2153 0.7488 
   HI_SS0608  6 0.0069 0.9488 0.0012 0.0184 0.0111 0.0136 
   HI_SS0609  6 0.8501 0.0673 0.0010 0.0153 0.0298 0.0365 
   HI_SS0611  6 0.0233 0.2202 0.0028 0.1441 0.0570 0.5527 
   HI_SS0612  6 0.6030 0.0077 0.0065 0.0366 0.3088 0.0373 
   HI_SS0613  6 0.0322 0.0213 0.0014 0.0093 0.0108 0.9250 
   HI_SS0615  6 0.0230 0.1704 0.0123 0.0088 0.7375 0.0480 
   HI_SS0001  6 0.0396 0.0222 0.0038 0.5909 0.3298 0.0137 
   HI_SS0002  6 0.8453 0.0315 0.0224 0.0067 0.0785 0.0155 
   HI_SS0004  6 0.0208 0.1253 0.0063 0.5975 0.1968 0.0532 
   HI_SS0005  6 0.0166 0.0886 0.0072 0.3103 0.1769 0.4003 
   HI_SS0006  6 0.3271 0.0126 0.0017 0.0561 0.2767 0.3258 
   HI_SS0007  6 0.0065 0.0253 0.0030 0.8813 0.0099 0.0740 
   HI_SS0008  6 0.0528 0.0142 0.0355 0.0116 0.6369 0.2489 
   HI_SS0009  6 0.0236 0.8514 0.0048 0.0300 0.0603 0.0298 
   HI_SS0010  6 0.0231 0.1068 0.0037 0.7785 0.0211 0.0668 
   HI_SS0011  6 0.7403 0.0649 0.0857 0.0454 0.0399 0.0239 
   HI_SS0012  6 0.4399 0.0503 0.0058 0.0055 0.2120 0.2865 
   HI_SS0017  6 0.2000 0.7241 0.0020 0.0359 0.0274 0.0105 
   HI_SS0021  6 0.0526 0.1330 0.2346 0.5059 0.0453 0.0286 
   HI_SS0024  6 0.1353 0.1366 0.0025 0.1118 0.5964 0.0175 
   HI_SS0025  6 0.0379 0.8900 0.0043 0.0135 0.0198 0.0345 
   HI_SS0027  6 0.0102 0.0130 0.0112 0.5085 0.0136 0.4435 
   HI_SS0028  6 0.0273 0.9244 0.0014 0.0104 0.0137 0.0229 
   HI_SS0029  6 0.0197 0.8580 0.0077 0.0330 0.0395 0.0421 
   HI_SS0030  6 0.0206 0.0214 0.0044 0.0807 0.7952 0.0778 
   HI_SS0031  6 0.0386 0.0358 0.0043 0.0145 0.6570 0.2498 
   HI_SS0034  6 0.0463 0.0072 0.0048 0.3798 0.0354 0.5264 
   HI_SS0036  6 0.0057 0.0290 0.0123 0.8003 0.1012 0.0515 
   HI_SS0037  6 0.0268 0.4162 0.0042 0.4597 0.0160 0.0771 
   HI_SS0039  6 0.0095 0.0348 0.0033 0.8722 0.0579 0.0223 
   HI_SS0041  6 0.0176 0.5266 0.0019 0.0093 0.3651 0.0795 
   HI_SS0042  6 0.0231 0.6311 0.1263 0.0128 0.0999 0.1069 
   HI_SS0043  6 0.0094 0.0081 0.0030 0.8707 0.0266 0.0823 
   HI_SS0044  6 0.0064 0.9023 0.0029 0.0597 0.0200 0.0088 
   HI_SS0047  6 0.0131 0.0063 0.0019 0.0125 0.0414 0.9248 
   HI_SS0049  6 0.0433 0.8406 0.0037 0.0260 0.0150 0.0714 
   HI_SS0051  6 0.0760 0.0240 0.0022 0.1229 0.0263 0.7486 
   HI_SS0053  6 0.0157 0.0095 0.0041 0.4006 0.1238 0.4464 
   HI_SS0054  6 0.0247 0.0082 0.0034 0.9407 0.0098 0.0132 
   HI_SS0057  6 0.0983 0.0269 0.0031 0.0627 0.2173 0.5916 
   HI_SS0058  6 0.9061 0.0301 0.0052 0.0212 0.0173 0.0201 
   HI_SS0060  6 0.1476 0.0148 0.0906 0.1060 0.6044 0.0367 
   HI_SS0087  6 0.6775 0.0088 0.0026 0.1374 0.0416 0.1322 
   HI_SS0091  6 0.0373 0.0053 0.0011 0.0309 0.9033 0.0222 
   HI_SS0095  6 0.0246 0.0057 0.0358 0.0086 0.6715 0.2539 
   HI_SS0097  6 0.7868 0.0102 0.0040 0.0103 0.0160 0.1727 
   HI_SS0099  6 0.0106 0.9509 0.0043 0.0074 0.0158 0.0110 
   HI_SS0103  6 0.2135 0.0117 0.0032 0.0132 0.7002 0.0581 
   HI_SS0105  6 0.0604 0.0086 0.0283 0.0252 0.6975 0.1799 
   HI_SS0107  6 0.8741 0.0311 0.0010 0.0088 0.0727 0.0123 
   HI_SS0108  6 0.0064 0.0061 0.0250 0.8874 0.0082 0.0670 
   HI_SS0110  6 0.0198 0.0235 0.0012 0.0122 0.9212 0.0221 
   HI_SS0111  6 0.0234 0.0455 0.0328 0.0241 0.4945 0.3798 
   HI_SS0112  6 0.0052 0.0060 0.0014 0.9737 0.0045 0.0093 
   HI_SS0113  6 0.4873 0.0242 0.0037 0.0171 0.1449 0.3229 
   HI_SS0114  6 0.0123 0.0464 0.0053 0.2787 0.0720 0.5853 
   HI_SS0115  6 0.0329 0.3568 0.0135 0.0612 0.1177 0.4178 
   HI_SS0116  6 0.0113 0.9314 0.0029 0.0252 0.0131 0.0162 
   HI_SS0117  6 0.7761 0.0052 0.0020 0.1885 0.0147 0.0135 
   HI_SS0118  6 0.1120 0.5766 0.0146 0.0430 0.0470 0.2068 
   HI_SS0119  6 0.0175 0.0043 0.0016 0.0714 0.8529 0.0524 
   HI_SS0120  6 0.7460 0.0192 0.0038 0.0140 0.2056 0.0114 
   HI_SS0121  6 0.3293 0.1741 0.0013 0.0069 0.3877 0.1008 
   HI_SS0122  6 0.0690 0.0360 0.0174 0.0214 0.8453 0.0109 
   HI_SS0123  6 0.2880 0.0135 0.0044 0.0075 0.3295 0.3571 
   HI_SS0124  6 0.0271 0.9164 0.0036 0.0101 0.0323 0.0105 
   HI_SS0125  6 0.0074 0.0152 0.0231 0.0034 0.9366 0.0142 
   HI_SS0126  6 0.0058 0.0135 0.0011 0.9687 0.0067 0.0042 
   HI_SS0127  6 0.0411 0.0455 0.0077 0.0883 0.0187 0.7986 
   HI_SS0128  6 0.0408 0.0318 0.0030 0.0996 0.8126 0.0122 
   HI_SS0129  6 0.0516 0.0817 0.0114 0.3142 0.1029 0.4381 
   HI_SS0131  6 0.2260 0.0553 0.0407 0.6393 0.0238 0.0149 
   HI_SS0132  6 0.0792 0.1234 0.0005 0.4035 0.2556 0.1378 
   HI_SS0133  6 0.0031 0.0039 0.0011 0.9857 0.0032 0.0030 
   HI_SS0134  6 0.2333 0.0426 0.0019 0.0663 0.4705 0.1854 
   HI_SS0142  6 0.0971 0.0116 0.0188 0.0079 0.4092 0.4554 
   HI_SS0145  6 0.3696 0.0190 0.0016 0.1663 0.0218 0.4217 
   HI_SS0146  6 0.0084 0.0934 0.0012 0.8543 0.0299 0.0128 
   HI_SS0147  6 0.4037 0.0332 0.0224 0.0063 0.0723 0.4621 
   HI_SS0149  6 0.1706 0.0186 0.0041 0.0499 0.7488 0.0081 
   HI_SS0150  6 0.0654 0.6656 0.0046 0.0590 0.0551 0.1502 
   HI_SS0151  6 0.0186 0.0165 0.0111 0.0291 0.0691 0.8554 
   NS_SS1451  6 0.0294 0.3425 0.0036 0.0103 0.5886 0.0255 
   NS_SS1404  6 0.2993 0.5250 0.0122 0.0164 0.1025 0.0446 
   NS_SS1432  6 0.0088 0.7539 0.0381 0.0062 0.1730 0.0199 
   NS_SS1405  6 0.1197 0.6881 0.0036 0.1259 0.0346 0.0281 
   NS_SS1431  6 0.3633 0.3691 0.0011 0.0222 0.1938 0.0505 
   NS_SS1402  6 0.9167 0.0154 0.0022 0.0108 0.0397 0.0151 
   NS_SS1450  6 0.0151 0.0304 0.0046 0.6379 0.1052 0.2068 
   NS_SS1396  6 0.0497 0.1107 0.0056 0.0420 0.5817 0.2103 
   NS_SS1393  6 0.0247 0.3401 0.0037 0.0197 0.0694 0.5424 
   NS_SS1392  6 0.0252 0.1332 0.0183 0.0361 0.7297 0.0575 
   NS_SS1445  6 0.0189 0.0218 0.0088 0.1531 0.6613 0.1361 
   NS_SS1423  6 0.3721 0.0108 0.0015 0.2593 0.3376 0.0187 
   NS_SS1421  6 0.0207 0.0086 0.0889 0.8561 0.0145 0.0112 
   NS_SS1411  6 0.0057 0.0295 0.0016 0.3757 0.0113 0.5761 
   NS_SS1453  6 0.1229 0.0367 0.0066 0.1414 0.4879 0.2044 
   NS_SS1442  6 0.3233 0.0396 0.0050 0.0607 0.0505 0.5209 
   NS_SS1422  6 0.6689 0.0137 0.0106 0.1669 0.1191 0.0208 
   NS_SS1419  6 0.0120 0.8106 0.1540 0.0096 0.0085 0.0053 
   NS_SS1427  6 0.0050 0.0074 0.0021 0.9642 0.0153 0.0060 
   NS_SS1444  6 0.0235 0.6384 0.0037 0.0098 0.0131 0.3115 
   NS_SS1455  6 0.8978 0.0732 0.0012 0.0098 0.0067 0.0113 
   NS_SS1425  6 0.0258 0.0124 0.0018 0.6543 0.0196 0.2862 
   NS_SS1400  6 0.0362 0.0171 0.0014 0.9194 0.0060 0.0199 
   NS_SS1406  6 0.9396 0.0133 0.0080 0.0054 0.0139 0.0198 
   NS_SS1417  6 0.8047 0.0337 0.0068 0.0890 0.0533 0.0125 
   NS_SS1454  6 0.0370 0.3165 0.0013 0.5565 0.0603 0.0284 
   NS_SS1412  6 0.1182 0.0690 0.0267 0.1462 0.1576 0.4824 
   NS_SS1438  6 0.0426 0.0192 0.0014 0.4240 0.0218 0.4910 
   NS_SS1416  6 0.1495 0.2114 0.0075 0.0109 0.1220 0.4987 
   NS_SS1401  6 0.0670 0.0323 0.0122 0.0107 0.8639 0.0140 
   NS_SS1424  6 0.1297 0.0204 0.0137 0.5048 0.3042 0.0271 
   NS_SS1435  6 0.0263 0.1444 0.0037 0.6018 0.0535 0.1702 
   NS_SS1447  6 0.1905 0.3202 0.0094 0.0482 0.0611 0.3706 
   NS_SS1414  6 0.0842 0.8700 0.0084 0.0160 0.0086 0.0127 
   NS_SS1449  6 0.0878 0.0072 0.0045 0.0116 0.8760 0.0129 
   NS_SS1443  6 0.0487 0.0137 0.0020 0.5584 0.0188 0.3584 
   NS_SS1434  6 0.4043 0.0612 0.0007 0.2234 0.2951 0.0154 
   NS_SS1398  6 0.0258 0.5799 0.0208 0.1283 0.1753 0.0699 
   NS_SS1426  6 0.0143 0.0109 0.0022 0.5107 0.1333 0.3286 
   NS_SS1413  6 0.0118 0.0187 0.0115 0.9362 0.0094 0.0124 
   NS_SS1395  6 0.0111 0.0080 0.0078 0.0238 0.5435 0.4059 
   NS_SS1448  6 0.0083 0.0763 0.0017 0.8839 0.0141 0.0156 
   NS_SS1446  6 0.0392 0.0182 0.0026 0.0160 0.9128 0.0112 
   NS_SS1403  6 0.1409 0.0850 0.0046 0.0145 0.6693 0.0857 
   NS_SS1415  6 0.0105 0.0387 0.0086 0.8831 0.0110 0.0481 
   NS_SS1437  6 0.4044 0.4661 0.0105 0.0599 0.0307 0.0284 
   NS_SS1439  6 0.2213 0.0167 0.0029 0.0069 0.2640 0.4883 
   NS_SS1441  6 0.0339 0.1215 0.0024 0.4933 0.1227 0.2262 
   NS_SS1420  6 0.0128 0.8206 0.0031 0.0072 0.0211 0.1352 
   NS_SS1394  6 0.0173 0.6267 0.0405 0.0060 0.0353 0.2742 
   NS_SS1391  6 0.1506 0.0955 0.0139 0.3280 0.2433 0.1687 
   NS_SS1410  6 0.0587 0.1012 0.0128 0.0703 0.6749 0.0820 
   NS_SS1408  6 0.0308 0.0145 0.0616 0.0219 0.5396 0.3316 
   NS_SS1409  6 0.0285 0.0596 0.0024 0.0310 0.6744 0.2042 
   HI_SS0617  7 0.0432 0.0329 0.0012 0.0071 0.8930 0.0226 
   HI_SS0618  7 0.0286 0.0768 0.0024 0.0229 0.0261 0.8433 
   HI_SS0619  7 0.0146 0.9263 0.0040 0.0206 0.0200 0.0144 
   HI_SS0620  7 0.0094 0.0073 0.0027 0.8579 0.0279 0.0948 
   HI_SS0621  7 0.1800 0.3784 0.0151 0.0220 0.3629 0.0415 
   HI_SS0622  7 0.4417 0.0617 0.0143 0.3862 0.0175 0.0785 
   HI_SS0626  7 0.0154 0.8253 0.0092 0.0245 0.0326 0.0930 
   HI_SS0627  7 0.1780 0.0315 0.0072 0.0106 0.3456 0.4272 
   HI_SS0628  7 0.0207 0.0751 0.0523 0.5175 0.1817 0.1526 
   HI_SS0629  7 0.2514 0.0826 0.0075 0.2093 0.3502 0.0989 
   HI_SS0630  7 0.0107 0.5098 0.0529 0.2111 0.0208 0.1946 
   HI_SS0631  7 0.0160 0.0140 0.0009 0.8061 0.0481 0.1149 
   HI_SS0632  7 0.0210 0.0357 0.0037 0.4105 0.0484 0.4807 
   HI_SS0633  7 0.0706 0.8666 0.0035 0.0074 0.0422 0.0097 
   HI_SS0634  7 0.0047 0.0097 0.0021 0.0075 0.9662 0.0099 
   HI_SS0635  7 0.0992 0.6676 0.0095 0.0838 0.0307 0.1091 
   HI_SS0637  7 0.0098 0.0049 0.0022 0.0061 0.0256 0.9514 
   HI_SS0638  7 0.0239 0.0415 0.0013 0.5943 0.0572 0.2818 
   HI_SS0639  7 0.0125 0.1595 0.0434 0.0064 0.5601 0.2180 
   HI_SS0640  7 0.0229 0.0654 0.0017 0.0419 0.0739 0.7942 
   HI_SS0641  7 0.0099 0.6963 0.0050 0.0699 0.0342 0.1846 
   HI_SS0642  7 0.0348 0.0137 0.0020 0.0122 0.8622 0.0752 
   HI_SS0645  7 0.0063 0.9711 0.0009 0.0061 0.0095 0.0062 
   HI_SS0646  7 0.5697 0.0160 0.0029 0.0501 0.1331 0.2281 
   HI_SS0647  7 0.0720 0.0418 0.0014 0.8400 0.0179 0.0269 
   HI_SS0648  7 0.1933 0.3685 0.0030 0.0476 0.0457 0.3419 
   HI_SS0649  7 0.0905 0.5365 0.0021 0.0206 0.1944 0.1559 
   HI_SS0650  7 0.0398 0.0294 0.0047 0.0114 0.2336 0.6811 
   HI_SS0651  7 0.1418 0.0820 0.0047 0.0413 0.2268 0.5034 
   HI_SS0652  7 0.0081 0.8640 0.0039 0.0136 0.0285 0.0819 
   NS_SS1371  7 0.0337 0.0131 0.0052 0.0183 0.7360 0.1937 
   NS_SS1374  7 0.0089 0.0381 0.0029 0.4114 0.5189 0.0197 
   NS_SS1337  7 0.1061 0.0332 0.0033 0.0688 0.7732 0.0153 
   NS_SS1385  7 0.6537 0.0594 0.0044 0.0445 0.1107 0.1274 
   NS_SS1388  7 0.0331 0.8787 0.0060 0.0257 0.0257 0.0308 
   NS_SS1370  7 0.0158 0.0107 0.0079 0.0237 0.2378 0.7041 
   NS_SS1389  7 0.0156 0.9636 0.0036 0.0063 0.0051 0.0058 
   NS_SS1360  7 0.0221 0.0346 0.0046 0.1012 0.0313 0.8062 
   NS_SS1330  7 0.0232 0.0151 0.0037 0.0038 0.0215 0.9328 
   NS_SS1328  7 0.0312 0.0431 0.0026 0.7937 0.1163 0.0131 
   NS_SS1384  7 0.5291 0.0066 0.0034 0.0167 0.0471 0.3972 
   NS_SS1381  7 0.6111 0.0117 0.0008 0.0076 0.3570 0.0118 
   NS_SS1375  7 0.0044 0.9273 0.0012 0.0199 0.0245 0.0226 
   NS_SS1319  7 0.0171 0.0432 0.0959 0.0368 0.7466 0.0604 
   NS_SS1326  7 0.0083 0.0335 0.0093 0.9275 0.0134 0.0079 
   NS_SS1341  7 0.0971 0.0045 0.0037 0.0136 0.8324 0.0488 
   NS_SS1383  7 0.0123 0.0049 0.0041 0.0410 0.9093 0.0284 
   NS_SS1318  7 0.1263 0.1856 0.0187 0.0729 0.1070 0.4894 
   NS_SS1348  7 0.0286 0.0115 0.0016 0.8825 0.0312 0.0445 
   NS_SS1363  7 0.1867 0.1423 0.0054 0.0765 0.1379 0.4512 
   NS_SS1335  7 0.0171 0.0261 0.0306 0.6031 0.0976 0.2256 
   NS_SS1358  7 0.3885 0.0041 0.0129 0.1818 0.3679 0.0450 
   NS_SS1342  7 0.8821 0.0095 0.0013 0.0357 0.0637 0.0077 
   NS_SS1320  7 0.3923 0.5558 0.0074 0.0053 0.0319 0.0073 
   NS_SS1355  7 0.3179 0.0669 0.0141 0.0050 0.0112 0.5849 
   NS_SS1345  7 0.9450 0.0092 0.0154 0.0104 0.0065 0.0135 
   NS_SS1324  7 0.1523 0.0380 0.0030 0.3788 0.1309 0.2970 
   NS_SS1347  7 0.1214 0.0125 0.0032 0.0227 0.4015 0.4388 
   NS_SS1321  7 0.0171 0.0120 0.0012 0.0650 0.8251 0.0796 
   NS_SS1333  7 0.0060 0.0178 0.0025 0.0206 0.9482 0.0049 
   NS_SS1364  7 0.5390 0.0073 0.0025 0.4167 0.0085 0.0260 
   NS_SS1379  7 0.0738 0.0439 0.0514 0.0142 0.0512 0.7655 
   NS_SS1332  7 0.0088 0.0200 0.0058 0.9470 0.0111 0.0073 
   NS_SS1338  7 0.0082 0.0383 0.0078 0.0453 0.5088 0.3917 
   NS_SS1368  7 0.0612 0.0421 0.0047 0.8609 0.0160 0.0150 
   NS_SS1354  7 0.8285 0.0168 0.0104 0.0141 0.1109 0.0193 
   NS_SS1365  7 0.0446 0.4957 0.0092 0.0813 0.0679 0.3013 
   NS_SS1380  7 0.9192 0.0172 0.0173 0.0095 0.0111 0.0256 
   NS_SS1329  7 0.7154 0.0073 0.0027 0.2315 0.0322 0.0108 
   NS_SS1362  7 0.8903 0.0066 0.0035 0.0155 0.0544 0.0297 
   NS_SS1327  7 0.0048 0.0045 0.0032 0.9623 0.0139 0.0112 
   NS_SS1350  7 0.0059 0.0082 0.0086 0.0136 0.8168 0.1470 
   NS_SS1387  7 0.0111 0.3455 0.0030 0.0088 0.0105 0.6211 
   NS_SS1369  7 0.0203 0.0279 0.0040 0.8180 0.0392 0.0906 
   NS_SS1331  7 0.0148 0.7595 0.0091 0.1494 0.0557 0.0115 
   NS_SS1357  7 0.1133 0.0246 0.0031 0.1235 0.7110 0.0245 
   NS_SS1386  7 0.0279 0.0041 0.0038 0.9212 0.0351 0.0078 
   NS_SS1353  7 0.4920 0.2056 0.0038 0.1705 0.0774 0.0507 
   NS_SS1323  7 0.3500 0.2188 0.0826 0.0111 0.2971 0.0405 
   HI_SS0296  8 0.0339 0.0134 0.0020 0.2384 0.0413 0.6710 
   HI_SS0297  8 0.0959 0.0293 0.0010 0.6272 0.2219 0.0247 
   HI_SS0299  8 0.1660 0.0117 0.0347 0.2642 0.0188 0.5046 
   HI_SS0300  8 0.0091 0.0375 0.0010 0.0674 0.0209 0.8640 
   HI_SS0301  8 0.0214 0.0170 0.0033 0.0150 0.0289 0.9144 
   HI_SS0302  8 0.0306 0.0099 0.0191 0.5466 0.0232 0.3705 
   HI_SS0303  8 0.0147 0.0596 0.0068 0.8722 0.0133 0.0333 
   HI_SS0304  8 0.0289 0.6062 0.0024 0.0648 0.2042 0.0935 
   HI_SS0306  8 0.0033 0.0046 0.0023 0.9769 0.0057 0.0073 
   HI_SS0307  8 0.0794 0.5922 0.0114 0.0167 0.0942 0.2061 
   HI_SS0308  8 0.5234 0.0678 0.0979 0.1247 0.1032 0.0830 
   HI_SS0309  8 0.7035 0.0294 0.0034 0.0126 0.1392 0.1118 
   HI_SS0310  8 0.5780 0.0244 0.0071 0.2913 0.0123 0.0870 
   HI_SS0311  8 0.0204 0.4814 0.0026 0.1520 0.1523 0.1914 
   HI_SS0314  8 0.0151 0.9276 0.0015 0.0288 0.0145 0.0125 
   HI_SS0316  8 0.0346 0.0815 0.0047 0.0751 0.4153 0.3886 
   HI_SS0317  8 0.0171 0.0118 0.0023 0.0128 0.8726 0.0834 
   HI_SS0318  8 0.0095 0.0067 0.1801 0.3086 0.1621 0.3330 
   HI_SS0319  8 0.0119 0.0117 0.0048 0.9488 0.0092 0.0136 
   HI_SS0320  8 0.0212 0.2445 0.0010 0.0053 0.7094 0.0187 
   HI_SS0321  8 0.0065 0.0042 0.0016 0.0144 0.7313 0.2420 
   HI_SS0323  8 0.0089 0.2037 0.0018 0.0349 0.4673 0.2834 
   HI_SS0325  8 0.0140 0.0142 0.0018 0.7462 0.0168 0.2071 
   HI_SS0327  8 0.2818 0.0052 0.0015 0.4561 0.1984 0.0569 
   HI_SS0329  8 0.0113 0.7884 0.0014 0.0417 0.0549 0.1022 
   HI_SS0333  8 0.1570 0.2917 0.0030 0.2158 0.1300 0.2024 
   HI_SS0334  8 0.0811 0.0095 0.0014 0.0195 0.0258 0.8627 
   HI_SS0335  8 0.9486 0.0052 0.0129 0.0050 0.0107 0.0176 
   HI_SS0339  8 0.9203 0.0272 0.0133 0.0067 0.0068 0.0256 
   HI_SS0343  8 0.9141 0.0217 0.0017 0.0165 0.0206 0.0253 
   HI_SS0344  8 0.0042 0.0034 0.0026 0.9770 0.0068 0.0061 
   HI_SS0345  8 0.7264 0.0452 0.0080 0.1191 0.0205 0.0808 
   HI_SS0346  8 0.0168 0.0139 0.0048 0.1977 0.1773 0.5895 
   HI_SS0350  8 0.6618 0.2996 0.0078 0.0057 0.0069 0.0182 
   HI_SS0351  8 0.6894 0.0107 0.0031 0.0312 0.1145 0.1509 
   HI_SS0352  8 0.8249 0.0154 0.1043 0.0139 0.0250 0.0165 
   HI_SS0362  8 0.0078 0.3302 0.0025 0.2672 0.0458 0.3465 
   HI_SS0363  8 0.1147 0.0158 0.0041 0.7673 0.0410 0.0571 
   HI_SS0365  8 0.0648 0.3141 0.0060 0.1235 0.2210 0.2705 
   HI_SS0366  8 0.1202 0.0110 0.0015 0.7892 0.0456 0.0325 
   HI_SS0367  8 0.2414 0.6818 0.0025 0.0065 0.0324 0.0354 
   HI_SS0369  8 0.2099 0.2736 0.0029 0.0138 0.3169 0.1829 
   HI_SS0370  8 0.4428 0.0090 0.0032 0.0158 0.3380 0.1912 
   HI_SS0371  8 0.0078 0.0942 0.0043 0.8668 0.0152 0.0117 
   HI_SS0373  8 0.0057 0.9450 0.0090 0.0180 0.0112 0.0111 
   HI_SS0374  8 0.0149 0.8733 0.0290 0.0071 0.0527 0.0229 
   HI_SS0377  8 0.1148 0.0207 0.0965 0.4123 0.1707 0.1851 
   HI_SS0379  8 0.0050 0.0033 0.0013 0.9741 0.0091 0.0071 
   HI_SS0380  8 0.6991 0.0796 0.0070 0.0104 0.0229 0.1811 
   HI_SS0381  8 0.3054 0.2273 0.0053 0.0164 0.2113 0.2343 
   HI_SS0384  8 0.0118 0.1636 0.0089 0.1802 0.5646 0.0709 
   HI_SS0385  8 0.0079 0.5345 0.0011 0.4401 0.0066 0.0098 
   HI_SS0386  9 0.0016 0.0014 0.9913 0.0016 0.0021 0.0020 
   HI_SS0387  9 0.0107 0.0078 0.9375 0.0123 0.0174 0.0143 
   HI_SS0389  9 0.0040 0.0039 0.9801 0.0044 0.0039 0.0037 
   HI_SS0390  9 0.0019 0.0017 0.9903 0.0021 0.0021 0.0020 
   HI_SS0391  9 0.0039 0.0021 0.9861 0.0023 0.0033 0.0023 
   HI_SS0392  9 0.0018 0.0015 0.9914 0.0021 0.0014 0.0019 
   HI_SS0393  9 0.0017 0.0014 0.9917 0.0018 0.0017 0.0018 
   HI_SS0394  9 0.0017 0.0019 0.9919 0.0016 0.0015 0.0014 
   HI_SS0395  9 0.0038 0.0052 0.9790 0.0032 0.0050 0.0037 
   HI_SS0396  9 0.0130 0.0143 0.9468 0.0093 0.0076 0.0089 
   HI_SS0398  9 0.0061 0.0050 0.9697 0.0067 0.0055 0.0071 
   HI_SS0399  9 0.0011 0.0012 0.9940 0.0012 0.0013 0.0013 
   HI_SS0400  9 0.0025 0.0023 0.9881 0.0024 0.0025 0.0023 
   HI_SS0401  9 0.0016 0.0015 0.9916 0.0019 0.0017 0.0016 
   HI_SS0402  9 0.0013 0.0012 0.9931 0.0015 0.0013 0.0016 
   HI_SS0403  9 0.0016 0.0016 0.9915 0.0015 0.0021 0.0017 
   HI_SS0404  9 0.0013 0.0013 0.9937 0.0014 0.0011 0.0013 
   HI_SS0405  9 0.0226 0.0084 0.9203 0.0159 0.0187 0.0142 
   HI_SS0406  9 0.0026 0.0018 0.9888 0.0025 0.0023 0.0020 
   HI_SS0407  9 0.0085 0.0104 0.9613 0.0071 0.0053 0.0073 
   HI_SS0408  9 0.0014 0.0013 0.9931 0.0013 0.0016 0.0013 
   HI_SS0409  9 0.0027 0.0033 0.9836 0.0040 0.0028 0.0035 
   HI_SS0411  9 0.0026 0.0031 0.9845 0.0035 0.0031 0.0033 
   HI_SS0412  9 0.0501 0.0127 0.8000 0.0210 0.0761 0.0401 
   HI_SS0413  9 0.0032 0.0024 0.9878 0.0022 0.0027 0.0017 
   HI_SS0414  9 0.0110 0.0243 0.9280 0.0064 0.0153 0.0150 
   HI_SS0415  9 0.0025 0.0016 0.9898 0.0020 0.0022 0.0020 
   HI_SS0416  9 0.0028 0.0051 0.9807 0.0037 0.0041 0.0037 
   HI_SS0418  9 0.0059 0.0048 0.9755 0.0045 0.0054 0.0038 
   HI_SS0419  9 0.0037 0.0036 0.9835 0.0033 0.0029 0.0031 
   HI_SS0420  9 0.0024 0.0023 0.9880 0.0024 0.0024 0.0025 
   HI_SS0421  9 0.0048 0.0053 0.9770 0.0034 0.0042 0.0051 
   HI_SS0422  9 0.0016 0.0020 0.9914 0.0016 0.0015 0.0018 
   HI_SS0423  9 0.0039 0.0035 0.9779 0.0051 0.0053 0.0043 
   HI_SS0424  9 0.0020 0.0017 0.9904 0.0017 0.0019 0.0023 
   HI_SS0425  9 0.0042 0.0051 0.9814 0.0024 0.0044 0.0025 
   NS_SS1146 10 0.0026 0.0018 0.9873 0.0034 0.0025 0.0023 
   NS_SS1157 10 0.0090 0.0046 0.9672 0.0072 0.0060 0.0060 
   NS_SS1144 10 0.0259 0.0073 0.9141 0.0162 0.0142 0.0224 
   NS_SS1074 10 0.0036 0.0027 0.9831 0.0041 0.0032 0.0032 
   NS_SS1122 10 0.0052 0.0047 0.9757 0.0057 0.0043 0.0045 
   NS_SS1136 10 0.0013 0.0015 0.9938 0.0009 0.0014 0.0011 
   NS_SS1077 10 0.0008 0.0009 0.9957 0.0009 0.0010 0.0008 
   NS_SS1134 10 0.0082 0.0132 0.9507 0.0078 0.0094 0.0107 
   NS_SS1091 10 0.0024 0.0039 0.9872 0.0019 0.0024 0.0022 
   NS_SS1089 10 0.0024 0.0025 0.9851 0.0044 0.0035 0.0021 
   NS_SS1123 10 0.0016 0.0017 0.9909 0.0023 0.0018 0.0017 
   NS_SS1158 10 0.0009 0.0012 0.9946 0.0009 0.0013 0.0011 
   NS_SS1093 10 0.0031 0.0021 0.9878 0.0030 0.0021 0.0019 
   NS_SS1102 10 0.0067 0.0052 0.9696 0.0051 0.0071 0.0064 
   NS_SS1056 10 0.0019 0.0020 0.9903 0.0021 0.0020 0.0016 
   NS_SS1126 10 0.0032 0.0027 0.9846 0.0033 0.0035 0.0027 
   NS_SS1058 10 0.0045 0.0044 0.9785 0.0041 0.0036 0.0049 
   NS_SS1084 10 0.0012 0.0017 0.9925 0.0011 0.0019 0.0016 
   NS_SS1095 10 0.0039 0.0055 0.9678 0.0088 0.0069 0.0070 
   NS_SS1079 10 0.0024 0.0016 0.9905 0.0020 0.0015 0.0021 
   NS_SS1149 10 0.0033 0.0028 0.9859 0.0025 0.0030 0.0025 
   NS_SS1121 10 0.0014 0.0014 0.9915 0.0017 0.0018 0.0021 
   NS_SS1067 10 0.0067 0.0063 0.9707 0.0050 0.0063 0.0051 
   NS_SS1081 10 0.0022 0.0031 0.9869 0.0022 0.0033 0.0023 
   NS_SS1130 10 0.0031 0.0041 0.9828 0.0025 0.0034 0.0039 
   NS_SS1073 10 0.0030 0.0029 0.9867 0.0017 0.0029 0.0029 
   NS_SS1133 10 0.0059 0.0183 0.9616 0.0037 0.0052 0.0053 
   NS_SS1129 10 0.0015 0.0016 0.9923 0.0016 0.0015 0.0015 
   NS_SS1085 10 0.0020 0.0024 0.9891 0.0017 0.0018 0.0029 
   NS_SS1137 10 0.0033 0.0053 0.9776 0.0047 0.0049 0.0041 
   NS_SS1135 10 0.0013 0.0014 0.9929 0.0010 0.0019 0.0016 
   NS_SS1082 10 0.0017 0.0020 0.9913 0.0019 0.0016 0.0016 
   NS_SS1125 10 0.0016 0.0016 0.9924 0.0013 0.0016 0.0015 
   NS_SS1124 10 0.0064 0.0058 0.9657 0.0047 0.0100 0.0075 
   NS_SS1155 10 0.0081 0.0043 0.9581 0.0100 0.0116 0.0078 
   NS_SS1145 10 0.0018 0.0018 0.9895 0.0022 0.0025 0.0022 
