

----------------------------------------------------
STRUCTURE by Pritchard, Stephens and Donnelly (2000)
     and Falush, Stephens and Pritchard (2003)
       Code by Pritchard, Falush and Hubisz
             Version 2.3.4 (Jul 2012)
----------------------------------------------------



Command line arguments:   /home/genobiwan/Documents/Programs/Structure/structure -m parameter_job_k4_r9 
Input File:    /media/genobiwan/Storage/Projets/Mackerel_NWA_2021/data_job_k4_r9

Run parameters:
   629 individuals
   4140 loci
   4 populations assumed
   100000 Burn-in period
   200000 Reps


--------------------------------------------
Proportion of membership of each pre-defined
 population in each of the 4 clusters

Given    Inferred Clusters              Number of
 Pop       1      2      3      4      Individuals

  1:     0.012  0.282  0.364  0.342       67
  2:     0.008  0.205  0.461  0.326       32
  3:     0.013  0.260  0.353  0.374       92
  4:     0.015  0.398  0.370  0.217       36
  5:     0.019  0.394  0.156  0.430       41
  6:     0.012  0.358  0.331  0.299      158
  7:     0.009  0.307  0.387  0.297       79
  8:     0.013  0.379  0.309  0.298       52
  9:     0.984  0.004  0.006  0.006       36
 10:     0.989  0.003  0.004  0.004       36
--------------------------------------------

Allele-freq. divergence among pops (Net nucleotide distance),
computed using point estimates of P.

      1       2       3       4      
 1      -    0.0050  0.0047  0.0048  
 2   0.0050     -    0.0002  0.0003  
 3   0.0047  0.0002     -    0.0001  
 4   0.0048  0.0003  0.0001     -    

Average distances (expected heterozygosity) between individuals in same cluster:
cluster  1  : 0.3056 
cluster  2  : 0.3181 
cluster  3  : 0.3188 
cluster  4  : 0.3184 

--------------------------------------------
Estimated Ln Prob of Data   = -2471744.7
Mean value of ln likelihood = -2466617.3
Variance of ln likelihood   = 10255.0
Mean value of alpha         = 0.0377

Mean value of Fst_1         = 0.0379
Mean value of Fst_2         = 0.0027
Mean value of Fst_3         = 0.0013
Mean value of Fst_4         = 0.0021


Inferred ancestry of individuals:
        Label (%Miss) Pop:  Inferred clusters
  1 NS_SS0963    (4)    1 :  0.005 0.085 0.643 0.267 
  2 NS_SS0983    (1)    1 :  0.004 0.933 0.051 0.013 
  3 NS_SS0719    (9)    1 :  0.003 0.028 0.961 0.008 
  4 NS_SS1001    (8)    1 :  0.006 0.340 0.088 0.565 
  5 NS_SS0936    (4)    1 :  0.002 0.057 0.616 0.325 
  6 NS_SS0955    (6)    1 :  0.003 0.887 0.043 0.066 
  7 NS_SS0944    (3)    1 :  0.002 0.770 0.025 0.203 
  8 NS_SS0945    (3)    1 :  0.010 0.180 0.226 0.584 
  9 NS_SS0922    (2)    1 :  0.020 0.007 0.883 0.090 
 10 NS_SS0929    (7)    1 :  0.003 0.604 0.230 0.163 
 11 NS_SS0956    (1)    1 :  0.003 0.015 0.898 0.084 
 12 NS_SS0906    (3)    1 :  0.003 0.075 0.339 0.583 
 13 NS_SS0721    (6)    1 :  0.003 0.025 0.961 0.011 
 14 NS_SS0982    (4)    1 :  0.015 0.022 0.615 0.348 
 15 NS_SS0923    (6)    1 :  0.004 0.011 0.941 0.044 
 16 NS_SS0905    (6)    1 :  0.002 0.208 0.726 0.065 
 17 NS_SS0925    (3)    1 :  0.004 0.020 0.651 0.325 
 18 NS_SS0947    (6)    1 :  0.004 0.021 0.174 0.801 
 19 NS_SS0926    (2)    1 :  0.001 0.984 0.008 0.007 
 20 NS_SS0918    (6)    1 :  0.002 0.142 0.227 0.629 
 21 NS_SS0966    (4)    1 :  0.052 0.071 0.114 0.763 
 22 NS_SS0938    (2)    1 :  0.001 0.032 0.093 0.874 
 23 NS_SS0917    (2)    1 :  0.031 0.032 0.904 0.033 
 24 NS_SS0957   (11)    1 :  0.006 0.027 0.214 0.753 
 25 NS_SS0987    (1)    1 :  0.234 0.037 0.622 0.107 
 26 NS_SS0717    (4)    1 :  0.002 0.016 0.206 0.775 
 27 NS_SS0986    (2)    1 :  0.003 0.048 0.112 0.836 
 28 NS_SS0953    (3)    1 :  0.013 0.018 0.033 0.936 
 29 NS_SS0907    (3)    1 :  0.038 0.055 0.103 0.804 
 30 NS_SS0974    (6)    1 :  0.003 0.837 0.069 0.090 
 31 NS_SS0989    (1)    1 :  0.001 0.947 0.032 0.020 
 32 NS_SS0991    (3)    1 :  0.002 0.939 0.020 0.039 
 33 NS_SS0994    (2)    1 :  0.002 0.987 0.006 0.005 
 34 NS_SS0931    (6)    1 :  0.008 0.927 0.027 0.038 
 35 NS_SS1000    (5)    1 :  0.003 0.010 0.120 0.867 
 36 NS_SS0919    (1)    1 :  0.003 0.298 0.680 0.019 
 37 NS_SS0949    (4)    1 :  0.001 0.971 0.020 0.007 
 38 NS_SS0960   (10)    1 :  0.006 0.356 0.617 0.021 
 39 NS_SS0716    (2)    1 :  0.006 0.007 0.431 0.557 
 40 NS_SS0924    (8)    1 :  0.017 0.419 0.526 0.038 
 41 NS_SS0935    (2)    1 :  0.009 0.910 0.066 0.015 
 42 NS_SS0952   (14)    1 :  0.036 0.847 0.038 0.078 
 43 NS_SS0962   (11)    1 :  0.006 0.013 0.603 0.378 
 44 NS_SS0973    (5)    1 :  0.004 0.615 0.300 0.081 
 45 NS_SS0722    (1)    1 :  0.002 0.009 0.054 0.935 
 46 NS_SS0979   (13)    1 :  0.002 0.017 0.085 0.897 
 47 NS_SS0993    (2)    1 :  0.016 0.050 0.065 0.869 
 48 NS_SS0958    (1)    1 :  0.002 0.772 0.093 0.133 
 49 NS_SS0988    (4)    1 :  0.005 0.099 0.388 0.508 
 50 NS_SS1003    (2)    1 :  0.008 0.012 0.505 0.474 
 51 NS_SS0976    (1)    1 :  0.002 0.790 0.120 0.088 
 52 NS_SS0964   (10)    1 :  0.002 0.013 0.162 0.823 
 53 NS_SS0939    (4)    1 :  0.003 0.004 0.948 0.045 
 54 NS_SS0990    (6)    1 :  0.003 0.083 0.100 0.814 
 55 NS_SS0984    (2)    1 :  0.002 0.006 0.879 0.113 
 56 NS_SS0980   (10)    1 :  0.002 0.144 0.771 0.083 
 57 NS_SS0978    (4)    1 :  0.003 0.032 0.862 0.104 
 58 NS_SS0951   (18)    1 :  0.003 0.788 0.037 0.172 
 59 NS_SS0913    (3)    1 :  0.034 0.041 0.069 0.857 
 60 NS_SS1002    (1)    1 :  0.032 0.007 0.038 0.924 
 61 NS_SS0948    (1)    1 :  0.042 0.089 0.042 0.827 
 62 NS_SS0916    (4)    1 :  0.004 0.111 0.857 0.028 
 63 NS_SS0995    (1)    1 :  0.002 0.010 0.971 0.017 
 64 NS_SS0927    (6)    1 :  0.004 0.053 0.919 0.024 
 65 NS_SS0992    (5)    1 :  0.003 0.281 0.601 0.116 
 66 NS_SS0912    (1)    1 :  0.003 0.582 0.162 0.254 
 67 NS_SS0981    (1)    1 :  0.003 0.046 0.424 0.527 
 68 NS_SS0729    (5)    2 :  0.003 0.985 0.005 0.007 
 69 NS_SS0967   (15)    2 :  0.010 0.073 0.524 0.392 
 70 NS_SS0941    (8)    2 :  0.069 0.149 0.665 0.117 
 71 NS_SS0768   (12)    2 :  0.004 0.027 0.034 0.935 
 72 NS_SS0726    (5)    2 :  0.009 0.860 0.106 0.025 
 73 NS_SS0763    (4)    2 :  0.002 0.940 0.022 0.035 
 74 NS_SS0730    (6)    2 :  0.003 0.015 0.846 0.137 
 75 NS_SS0774    (2)    2 :  0.001 0.006 0.430 0.564 
 76 NS_SS0723    (3)    2 :  0.001 0.006 0.977 0.016 
 77 NS_SS0940   (10)    2 :  0.005 0.156 0.824 0.015 
 78 NS_SS0762    (1)    2 :  0.002 0.023 0.317 0.658 
 79 NS_SS0766   (11)    2 :  0.010 0.063 0.901 0.027 
 80 NS_SS0724    (1)    2 :  0.004 0.014 0.016 0.966 
 81 NS_SS0769    (3)    2 :  0.003 0.032 0.608 0.357 
 82 NS_SS0777    (1)    2 :  0.012 0.360 0.127 0.501 
 83 NS_SS0734    (6)    2 :  0.019 0.154 0.794 0.032 
 84 NS_SS0737    (3)    2 :  0.005 0.010 0.698 0.287 
 85 NS_SS0732    (5)    2 :  0.004 0.017 0.966 0.013 
 86 NS_SS0728    (5)    2 :  0.008 0.028 0.898 0.066 
 87 NS_SS0735    (9)    2 :  0.007 0.056 0.573 0.363 
 88 NS_SS0725    (1)    2 :  0.009 0.103 0.033 0.855 
 89 NS_SS0788    (2)    2 :  0.001 0.009 0.975 0.014 
 90 NS_SS0778    (2)    2 :  0.001 0.047 0.913 0.039 
 91 NS_SS0792    (6)    2 :  0.005 0.303 0.216 0.475 
 92 NS_SS0943   (11)    2 :  0.006 0.954 0.009 0.030 
 93 NS_SS0791    (2)    2 :  0.011 0.020 0.963 0.006 
 94 NS_SS0790    (5)    2 :  0.003 0.004 0.012 0.980 
 95 NS_SS0731    (6)    2 :  0.011 0.009 0.026 0.954 
 96 NS_SS0727    (7)    2 :  0.002 0.937 0.020 0.041 
 97 NS_SS0779   (13)    2 :  0.005 0.088 0.467 0.439 
 98 NS_SS0776    (3)    2 :  0.006 0.098 0.040 0.855 
 99 NS_SS0775    (5)    2 :  0.006 0.008 0.745 0.241 
100 NS_SS0965    (3)    3 :  0.001 0.059 0.831 0.109 
101 NS_SS0754   (14)    3 :  0.014 0.725 0.223 0.038 
102 NS_SS0838    (5)    3 :  0.036 0.075 0.082 0.807 
103 NS_SS0839    (3)    3 :  0.003 0.007 0.251 0.739 
104 NS_SS0832    (4)    3 :  0.037 0.004 0.043 0.916 
105 NS_SS0820    (5)    3 :  0.006 0.005 0.470 0.518 
106 NS_SS0886    (9)    3 :  0.002 0.105 0.870 0.024 
107 NS_SS0748    (5)    3 :  0.007 0.361 0.090 0.541 
108 NS_SS0884    (9)    3 :  0.021 0.088 0.625 0.266 
109 NS_SS0752    (4)    3 :  0.002 0.079 0.840 0.079 
110 NS_SS0862    (1)    3 :  0.004 0.010 0.880 0.106 
111 NS_SS0787    (9)    3 :  0.005 0.964 0.024 0.007 
112 NS_SS0843    (6)    3 :  0.002 0.123 0.119 0.757 
113 NS_SS0856    (4)    3 :  0.003 0.016 0.149 0.832 
114 NS_SS0846    (2)    3 :  0.003 0.416 0.065 0.515 
115 NS_SS0825    (1)    3 :  0.008 0.038 0.853 0.100 
116 NS_SS0757    (3)    3 :  0.004 0.592 0.340 0.065 
117 NS_SS0876    (3)    3 :  0.210 0.020 0.154 0.617 
118 NS_SS0903   (10)    3 :  0.002 0.017 0.641 0.340 
119 NS_SS0875    (7)    3 :  0.003 0.020 0.849 0.129 
120 NS_SS0740    (5)    3 :  0.003 0.456 0.368 0.173 
121 NS_SS0811    (5)    3 :  0.008 0.019 0.145 0.828 
122 NS_SS0751    (1)    3 :  0.002 0.043 0.826 0.128 
123 NS_SS0891    (6)    3 :  0.005 0.015 0.184 0.796 
124 NS_SS0867    (2)    3 :  0.029 0.686 0.253 0.031 
125 NS_SS0890    (6)    3 :  0.003 0.112 0.859 0.027 
126 NS_SS0866   (12)    3 :  0.004 0.940 0.021 0.035 
127 NS_SS0755    (4)    3 :  0.006 0.104 0.393 0.497 
128 NS_SS0758    (4)    3 :  0.002 0.105 0.285 0.608 
129 NS_SS0840    (2)    3 :  0.002 0.015 0.256 0.727 
130 NS_SS0889    (4)    3 :  0.002 0.931 0.022 0.044 
131 NS_SS1010    (1)    3 :  0.039 0.169 0.522 0.270 
132 NS_SS0888    (5)    3 :  0.001 0.957 0.035 0.007 
133 NS_SS0837    (3)    3 :  0.003 0.125 0.217 0.656 
134 NS_SS0794   (10)    3 :  0.002 0.888 0.020 0.091 
135 NS_SS0823    (5)    3 :  0.004 0.013 0.046 0.936 
136 NS_SS0829    (7)    3 :  0.109 0.871 0.010 0.009 
137 NS_SS0844    (5)    3 :  0.002 0.011 0.025 0.962 
138 NS_SS1008    (6)    3 :  0.011 0.909 0.041 0.040 
139 NS_SS0881    (3)    3 :  0.002 0.066 0.901 0.031 
140 NS_SS0834    (6)    3 :  0.005 0.008 0.016 0.972 
141 NS_SS0744   (10)    3 :  0.005 0.026 0.910 0.059 
142 NS_SS0899    (7)    3 :  0.001 0.005 0.009 0.984 
143 NS_SS0804    (5)    3 :  0.004 0.008 0.166 0.822 
144 NS_SS0781   (10)    3 :  0.003 0.005 0.036 0.957 
145 NS_SS0822    (6)    3 :  0.002 0.807 0.014 0.177 
146 NS_SS1004    (4)    3 :  0.004 0.131 0.150 0.716 
147 NS_SS0746    (5)    3 :  0.012 0.137 0.021 0.830 
148 NS_SS0880    (3)    3 :  0.001 0.146 0.440 0.413 
149 NS_SS0879    (5)    3 :  0.013 0.035 0.060 0.892 
150 NS_SS0753    (2)    3 :  0.010 0.915 0.054 0.022 
151 NS_SS1007    (3)    3 :  0.001 0.009 0.984 0.006 
152 NS_SS0872    (5)    3 :  0.002 0.008 0.046 0.944 
153 NS_SS1005    (7)    3 :  0.001 0.012 0.076 0.910 
154 NS_SS0892    (6)    3 :  0.002 0.051 0.726 0.221 
155 NS_SS0898    (0)    3 :  0.005 0.669 0.301 0.024 
156 NS_SS0801    (9)    3 :  0.010 0.028 0.407 0.556 
157 NS_SS0827    (9)    3 :  0.120 0.325 0.484 0.070 
158 NS_SS0853    (7)    3 :  0.006 0.064 0.135 0.794 
159 NS_SS0780    (2)    3 :  0.003 0.008 0.902 0.086 
160 NS_SS0826   (10)    3 :  0.003 0.091 0.014 0.892 
161 NS_SS0818    (5)    3 :  0.001 0.014 0.961 0.024 
162 NS_SS0745    (1)    3 :  0.001 0.009 0.129 0.861 
163 NS_SS0849    (3)    3 :  0.002 0.048 0.837 0.113 
164 NS_SS0739    (3)    3 :  0.008 0.006 0.980 0.006 
165 NS_SS0799    (1)    3 :  0.001 0.923 0.064 0.012 
166 NS_SS0756    (3)    3 :  0.004 0.011 0.155 0.830 
167 NS_SS0802    (2)    3 :  0.179 0.090 0.679 0.052 
168 NS_SS0747    (6)    3 :  0.005 0.043 0.628 0.324 
169 NS_SS0835    (1)    3 :  0.001 0.843 0.137 0.019 
170 NS_SS0742   (19)    3 :  0.001 0.034 0.567 0.397 
171 NS_SS0760    (9)    3 :  0.048 0.885 0.041 0.026 
172 NS_SS0803    (4)    3 :  0.006 0.008 0.030 0.955 
173 NS_SS0828   (14)    3 :  0.001 0.249 0.739 0.011 
174 NS_SS0865    (2)    3 :  0.022 0.087 0.657 0.234 
175 NS_SS0759    (5)    3 :  0.004 0.006 0.895 0.095 
176 NS_SS0851    (5)    3 :  0.011 0.007 0.553 0.428 
177 NS_SS0874   (16)    3 :  0.002 0.022 0.049 0.927 
178 NS_SS0761    (6)    3 :  0.002 0.907 0.039 0.051 
179 NS_SS0842   (26)    3 :  0.008 0.387 0.168 0.437 
180 NS_SS0785    (6)    3 :  0.005 0.281 0.368 0.346 
181 NS_SS0860   (11)    3 :  0.002 0.830 0.149 0.018 
182 NS_SS0897    (7)    3 :  0.002 0.976 0.013 0.008 
183 NS_SS0841   (15)    3 :  0.003 0.013 0.867 0.116 
184 NS_SS0797    (7)    3 :  0.028 0.804 0.125 0.043 
185 NS_SS0830   (11)    3 :  0.002 0.406 0.392 0.200 
186 NS_SS1011    (5)    3 :  0.005 0.011 0.118 0.865 
187 NS_SS0883    (5)    3 :  0.005 0.032 0.946 0.018 
188 NS_SS0782    (2)    3 :  0.002 0.055 0.274 0.669 
189 NS_SS0831    (5)    3 :  0.003 0.884 0.072 0.042 
190 NS_SS0749    (7)    3 :  0.004 0.050 0.936 0.010 
191 NS_SS0854    (2)    3 :  0.003 0.346 0.104 0.547 
192 HI_SS0193    (0)    4 :  0.001 0.972 0.009 0.017 
193 HI_SS0194    (1)    4 :  0.001 0.018 0.031 0.949 
194 HI_SS0195   (10)    4 :  0.080 0.004 0.626 0.289 
195 HI_SS0196    (6)    4 :  0.003 0.188 0.644 0.165 
196 HI_SS0197    (3)    4 :  0.009 0.005 0.852 0.134 
197 HI_SS0198    (1)    4 :  0.007 0.028 0.952 0.013 
198 HI_SS0199    (1)    4 :  0.002 0.695 0.286 0.018 
199 HI_SS0201    (5)    4 :  0.002 0.958 0.025 0.015 
200 HI_SS0215    (1)    4 :  0.003 0.777 0.158 0.062 
201 HI_SS0218    (1)    4 :  0.005 0.981 0.009 0.005 
202 HI_SS0222    (0)    4 :  0.004 0.019 0.928 0.049 
203 HI_SS0230    (1)    4 :  0.005 0.018 0.138 0.840 
204 HI_SS0234    (2)    4 :  0.133 0.028 0.679 0.160 
205 HI_SS0240    (1)    4 :  0.005 0.009 0.976 0.010 
206 HI_SS0241    (0)    4 :  0.002 0.886 0.095 0.017 
207 HI_SS0242    (0)    4 :  0.003 0.156 0.548 0.292 
208 HI_SS0247    (0)    4 :  0.018 0.010 0.012 0.959 
209 HI_SS0248    (1)    4 :  0.001 0.981 0.008 0.010 
210 HI_SS0252    (2)    4 :  0.002 0.051 0.022 0.925 
211 HI_SS0254    (0)    4 :  0.104 0.834 0.047 0.016 
212 HI_SS0256    (0)    4 :  0.001 0.004 0.017 0.979 
213 HI_SS0257    (0)    4 :  0.003 0.760 0.055 0.182 
214 HI_SS0258    (1)    4 :  0.004 0.964 0.021 0.011 
215 HI_SS0259    (1)    4 :  0.002 0.012 0.847 0.139 
216 HI_SS0260    (1)    4 :  0.002 0.937 0.034 0.027 
217 HI_SS0261    (2)    4 :  0.003 0.783 0.156 0.058 
218 HI_SS0262    (0)    4 :  0.005 0.013 0.823 0.159 
219 HI_SS0264    (0)    4 :  0.004 0.012 0.123 0.861 
220 HI_SS0265    (0)    4 :  0.087 0.010 0.763 0.140 
221 HI_SS0268    (1)    4 :  0.002 0.017 0.909 0.072 
222 HI_SS0269    (0)    4 :  0.002 0.943 0.031 0.025 
223 HI_SS0273    (0)    4 :  0.002 0.959 0.022 0.017 
224 HI_SS0277    (1)    4 :  0.002 0.041 0.935 0.022 
225 HI_SS0280    (0)    4 :  0.005 0.132 0.817 0.046 
226 HI_SS0282    (1)    4 :  0.001 0.902 0.060 0.036 
227 HI_SS0286    (1)    4 :  0.008 0.223 0.664 0.105 
228 NS_SS1252    (3)    5 :  0.003 0.982 0.008 0.007 
229 NS_SS1261    (1)    5 :  0.016 0.078 0.154 0.752 
230 NS_SS1225   (10)    5 :  0.100 0.538 0.023 0.339 
231 NS_SS1266    (1)    5 :  0.006 0.004 0.016 0.973 
232 NS_SS1228    (0)    5 :  0.012 0.026 0.696 0.267 
233 NS_SS1255    (3)    5 :  0.001 0.398 0.138 0.463 
234 NS_SS1267    (3)    5 :  0.013 0.965 0.018 0.005 
235 NS_SS1238    (6)    5 :  0.002 0.403 0.247 0.348 
236 NS_SS1233    (8)    5 :  0.002 0.029 0.010 0.960 
237 NS_SS1277    (3)    5 :  0.001 0.969 0.023 0.008 
238 NS_SS1245    (1)    5 :  0.002 0.661 0.021 0.316 
239 NS_SS1240    (4)    5 :  0.002 0.971 0.014 0.013 
240 NS_SS1275    (2)    5 :  0.003 0.005 0.085 0.907 
241 NS_SS1235    (1)    5 :  0.005 0.048 0.012 0.935 
242 NS_SS1263    (1)    5 :  0.001 0.037 0.013 0.948 
243 NS_SS1251    (2)    5 :  0.001 0.022 0.027 0.949 
244 NS_SS1248    (0)    5 :  0.116 0.449 0.301 0.135 
245 NS_SS1244    (0)    5 :  0.004 0.334 0.547 0.115 
246 NS_SS1257    (1)    5 :  0.032 0.712 0.199 0.057 
247 NS_SS1242    (2)    5 :  0.002 0.006 0.090 0.901 
248 NS_SS1271    (6)    5 :  0.021 0.959 0.015 0.005 
249 NS_SS1265    (1)    5 :  0.018 0.495 0.037 0.451 
250 NS_SS1243    (0)    5 :  0.067 0.060 0.129 0.743 
251 NS_SS1273    (1)    5 :  0.009 0.009 0.328 0.654 
252 NS_SS1254   (14)    5 :  0.006 0.034 0.020 0.941 
253 NS_SS1224    (1)    5 :  0.007 0.016 0.086 0.891 
254 NS_SS1227    (8)    5 :  0.002 0.797 0.190 0.011 
255 NS_SS1274    (9)    5 :  0.016 0.916 0.036 0.032 
256 NS_SS1241    (1)    5 :  0.001 0.910 0.010 0.078 
257 NS_SS1256    (3)    5 :  0.034 0.151 0.026 0.789 
258 NS_SS1260    (8)    5 :  0.071 0.689 0.212 0.029 
259 NS_SS1262    (0)    5 :  0.179 0.727 0.054 0.040 
260 NS_SS1230    (0)    5 :  0.007 0.554 0.164 0.275 
261 NS_SS1270    (2)    5 :  0.002 0.018 0.017 0.964 
262 NS_SS1229    (2)    5 :  0.004 0.072 0.286 0.638 
263 NS_SS1246    (5)    5 :  0.003 0.840 0.123 0.034 
264 NS_SS1269    (0)    5 :  0.002 0.027 0.902 0.070 
265 NS_SS1239    (1)    5 :  0.005 0.198 0.702 0.095 
266 NS_SS1272    (5)    5 :  0.005 0.008 0.018 0.969 
267 NS_SS1268    (1)    5 :  0.002 0.065 0.408 0.525 
268 NS_SS1249    (1)    5 :  0.009 0.971 0.009 0.010 
269 HI_SS0559    (0)    6 :  0.002 0.572 0.311 0.115 
270 HI_SS0563    (1)    6 :  0.003 0.292 0.567 0.139 
271 HI_SS0564    (0)    6 :  0.045 0.021 0.878 0.056 
272 HI_SS0565    (0)    6 :  0.003 0.111 0.781 0.105 
273 HI_SS0569    (1)    6 :  0.002 0.959 0.025 0.014 
274 HI_SS0570    (0)    6 :  0.042 0.879 0.045 0.034 
275 HI_SS0572    (1)    6 :  0.002 0.008 0.011 0.979 
276 HI_SS0576    (1)    6 :  0.004 0.014 0.968 0.014 
277 HI_SS0579    (1)    6 :  0.017 0.662 0.063 0.259 
278 HI_SS0580    (1)    6 :  0.004 0.316 0.639 0.040 
279 HI_SS0581    (0)    6 :  0.067 0.007 0.287 0.640 
280 HI_SS0583    (1)    6 :  0.003 0.699 0.016 0.282 
281 HI_SS0586    (1)    6 :  0.001 0.979 0.012 0.008 
282 HI_SS0588    (1)    6 :  0.021 0.814 0.062 0.104 
283 HI_SS0595    (4)    6 :  0.020 0.220 0.748 0.011 
284 HI_SS0596    (0)    6 :  0.002 0.008 0.012 0.978 
285 HI_SS0597    (1)    6 :  0.002 0.007 0.019 0.973 
286 HI_SS0600    (0)    6 :  0.003 0.228 0.630 0.138 
287 HI_SS0601    (1)    6 :  0.015 0.892 0.046 0.047 
288 HI_SS0602    (1)    6 :  0.002 0.240 0.706 0.051 
289 HI_SS0604    (0)    6 :  0.002 0.075 0.035 0.889 
290 HI_SS0605    (1)    6 :  0.005 0.022 0.961 0.012 
291 HI_SS0608    (0)    6 :  0.001 0.606 0.226 0.166 
292 HI_SS0609    (0)    6 :  0.001 0.014 0.021 0.965 
293 HI_SS0611    (5)    6 :  0.003 0.953 0.029 0.016 
294 HI_SS0612    (0)    6 :  0.007 0.287 0.291 0.416 
295 HI_SS0613    (1)    6 :  0.001 0.048 0.707 0.244 
296 HI_SS0615    (1)    6 :  0.007 0.009 0.958 0.026 
297 HI_SS0001    (1)    6 :  0.004 0.518 0.283 0.195 
298 HI_SS0002    (1)    6 :  0.018 0.010 0.019 0.953 
299 HI_SS0004    (0)    6 :  0.005 0.691 0.132 0.172 
300 HI_SS0005    (1)    6 :  0.004 0.019 0.961 0.015 
301 HI_SS0006    (1)    6 :  0.002 0.541 0.018 0.440 
302 HI_SS0007    (1)    6 :  0.002 0.956 0.022 0.019 
303 HI_SS0008    (0)    6 :  0.033 0.187 0.621 0.159 
304 HI_SS0009    (0)    6 :  0.004 0.038 0.770 0.188 
305 HI_SS0010    (1)    6 :  0.003 0.936 0.040 0.020 
306 HI_SS0011    (1)    6 :  0.075 0.026 0.029 0.871 
307 HI_SS0012    (0)    6 :  0.004 0.008 0.971 0.017 
308 HI_SS0017    (1)    6 :  0.002 0.013 0.012 0.974 
309 HI_SS0021    (1)    6 :  0.242 0.465 0.018 0.275 
310 HI_SS0024    (1)    6 :  0.002 0.040 0.601 0.358 
311 HI_SS0025    (1)    6 :  0.003 0.020 0.145 0.832 
312 HI_SS0027    (0)    6 :  0.012 0.946 0.033 0.010 
313 HI_SS0028    (0)    6 :  0.001 0.007 0.880 0.112 
314 HI_SS0029    (1)    6 :  0.006 0.024 0.751 0.218 
315 HI_SS0030    (2)    6 :  0.006 0.907 0.052 0.035 
316 HI_SS0031    (0)    6 :  0.003 0.023 0.955 0.019 
317 HI_SS0034    (0)    6 :  0.006 0.904 0.072 0.018 
318 HI_SS0036    (0)    6 :  0.011 0.430 0.553 0.006 
319 HI_SS0037    (1)    6 :  0.003 0.699 0.066 0.232 
320 HI_SS0039    (0)    6 :  0.003 0.910 0.065 0.022 
321 HI_SS0041    (1)    6 :  0.002 0.007 0.782 0.210 
322 HI_SS0042    (1)    6 :  0.103 0.013 0.673 0.211 
323 HI_SS0043    (1)    6 :  0.003 0.978 0.009 0.010 
324 HI_SS0044    (1)    6 :  0.003 0.158 0.611 0.228 
325 HI_SS0047    (1)    6 :  0.002 0.025 0.062 0.911 
326 HI_SS0049    (1)    6 :  0.003 0.076 0.038 0.883 
327 HI_SS0051    (1)    6 :  0.002 0.072 0.682 0.244 
328 HI_SS0053    (1)    6 :  0.004 0.966 0.021 0.009 
329 HI_SS0054    (4)    6 :  0.003 0.984 0.005 0.008 
330 HI_SS0057    (0)    6 :  0.003 0.174 0.142 0.681 
331 HI_SS0058    (0)    6 :  0.006 0.216 0.025 0.753 
332 HI_SS0060    (0)    6 :  0.069 0.155 0.702 0.075 
333 HI_SS0087    (1)    6 :  0.003 0.385 0.245 0.368 
334 HI_SS0091    (1)    6 :  0.001 0.950 0.028 0.020 
335 HI_SS0095    (1)    6 :  0.051 0.121 0.669 0.158 
336 HI_SS0097    (3)    6 :  0.004 0.171 0.070 0.755 
337 HI_SS0099    (1)    6 :  0.004 0.015 0.467 0.514 
338 HI_SS0103    (0)    6 :  0.003 0.029 0.221 0.747 
339 HI_SS0105    (1)    6 :  0.025 0.069 0.505 0.400 
340 HI_SS0107    (1)    6 :  0.001 0.010 0.021 0.968 
341 HI_SS0108    (1)    6 :  0.023 0.960 0.011 0.005 
342 HI_SS0110    (0)    6 :  0.001 0.166 0.804 0.029 
343 HI_SS0111    (1)    6 :  0.023 0.024 0.920 0.033 
344 HI_SS0112    (0)    6 :  0.001 0.983 0.011 0.005 
345 HI_SS0113    (1)    6 :  0.003 0.006 0.013 0.979 
346 HI_SS0114    (1)    6 :  0.005 0.815 0.166 0.014 
347 HI_SS0115    (1)    6 :  0.013 0.325 0.597 0.065 
348 HI_SS0116    (4)    6 :  0.004 0.926 0.033 0.037 
349 HI_SS0117    (0)    6 :  0.002 0.399 0.168 0.431 
350 HI_SS0118    (0)    6 :  0.012 0.353 0.036 0.600 
351 HI_SS0119    (1)    6 :  0.002 0.702 0.277 0.020 
352 HI_SS0120    (1)    6 :  0.002 0.007 0.008 0.983 
353 HI_SS0121    (0)    6 :  0.001 0.011 0.109 0.879 
354 HI_SS0122    (2)    6 :  0.024 0.089 0.587 0.300 
355 HI_SS0123    (0)    6 :  0.005 0.054 0.734 0.208 
356 HI_SS0124    (1)    6 :  0.003 0.011 0.555 0.431 
357 HI_SS0125    (1)    6 :  0.023 0.005 0.960 0.011 
358 HI_SS0126    (0)    6 :  0.001 0.981 0.009 0.009 
359 HI_SS0127    (0)    6 :  0.011 0.479 0.319 0.192 
360 HI_SS0128    (0)    6 :  0.003 0.385 0.111 0.500 
361 HI_SS0129    (1)    6 :  0.009 0.142 0.818 0.031 
362 HI_SS0131    (2)    6 :  0.034 0.542 0.155 0.269 
363 HI_SS0132    (0)    6 :  0.001 0.381 0.478 0.141 
364 HI_SS0133    (1)    6 :  0.001 0.991 0.005 0.003 
365 HI_SS0134    (1)    6 :  0.002 0.361 0.349 0.288 
366 HI_SS0142    (3)    6 :  0.016 0.023 0.231 0.730 
367 HI_SS0145    (0)    6 :  0.001 0.594 0.167 0.237 
368 HI_SS0146    (1)    6 :  0.001 0.946 0.039 0.015 
369 HI_SS0147    (1)    6 :  0.017 0.007 0.102 0.873 
370 HI_SS0149    (1)    6 :  0.004 0.327 0.495 0.174 
371 HI_SS0150    (2)    6 :  0.004 0.012 0.848 0.136 
372 HI_SS0151    (0)    6 :  0.012 0.215 0.735 0.038 
373 NS_SS1451    (1)    6 :  0.003 0.008 0.770 0.219 
374 NS_SS1404    (0)    6 :  0.011 0.030 0.489 0.470 
375 NS_SS1432    (2)    6 :  0.028 0.005 0.886 0.082 
376 NS_SS1405    (5)    6 :  0.004 0.054 0.748 0.195 
377 NS_SS1431   (10)    6 :  0.001 0.012 0.220 0.768 
378 NS_SS1402    (3)    6 :  0.002 0.038 0.769 0.191 
379 NS_SS1450    (3)    6 :  0.004 0.451 0.470 0.075 
380 NS_SS1396    (0)    6 :  0.006 0.078 0.543 0.373 
381 NS_SS1393    (5)    6 :  0.003 0.228 0.744 0.024 
382 NS_SS1392   (10)    6 :  0.014 0.018 0.901 0.067 
383 NS_SS1445    (0)    6 :  0.008 0.914 0.038 0.040 
384 NS_SS1423    (0)    6 :  0.002 0.831 0.030 0.138 
385 NS_SS1421    (9)    6 :  0.091 0.706 0.183 0.021 
386 NS_SS1411    (6)    6 :  0.002 0.854 0.116 0.028 
387 NS_SS1453    (6)    6 :  0.006 0.379 0.381 0.235 
388 NS_SS1442    (3)    6 :  0.004 0.098 0.050 0.848 
389 NS_SS1422    (1)    6 :  0.014 0.645 0.066 0.275 
390 NS_SS1419    (1)    6 :  0.151 0.063 0.031 0.756 
391 NS_SS1427    (0)    6 :  0.002 0.972 0.021 0.006 
392 NS_SS1444    (4)    6 :  0.003 0.013 0.091 0.893 
393 NS_SS1455    (0)    6 :  0.001 0.006 0.007 0.985 
394 NS_SS1425    (2)    6 :  0.001 0.977 0.012 0.009 
395 NS_SS1400    (0)    6 :  0.001 0.964 0.005 0.030 
396 NS_SS1406    (2)    6 :  0.008 0.007 0.196 0.789 
397 NS_SS1417    (6)    6 :  0.008 0.204 0.032 0.757 
398 NS_SS1454    (3)    6 :  0.001 0.568 0.174 0.257 
399 NS_SS1412    (1)    6 :  0.023 0.209 0.060 0.708 
400 NS_SS1438    (1)    6 :  0.001 0.956 0.014 0.029 
401 NS_SS1416    (4)    6 :  0.006 0.016 0.614 0.364 
402 NS_SS1401    (0)    6 :  0.011 0.034 0.355 0.600 
403 NS_SS1424    (6)    6 :  0.012 0.798 0.167 0.022 
404 NS_SS1435   (10)    6 :  0.002 0.395 0.547 0.055 
405 NS_SS1447    (4)    6 :  0.006 0.007 0.008 0.979 
406 NS_SS1414    (3)    6 :  0.006 0.011 0.008 0.975 
407 NS_SS1449   (14)    6 :  0.005 0.131 0.217 0.648 
408 NS_SS1443    (4)    6 :  0.002 0.975 0.015 0.008 
409 NS_SS1434    (1)    6 :  0.001 0.490 0.193 0.317 
410 NS_SS1398    (1)    6 :  0.014 0.048 0.899 0.039 
411 NS_SS1426    (1)    6 :  0.002 0.975 0.015 0.008 
412 NS_SS1413    (0)    6 :  0.010 0.967 0.007 0.016 
413 NS_SS1395    (1)    6 :  0.012 0.723 0.209 0.055 
414 NS_SS1448   (10)    6 :  0.002 0.652 0.274 0.073 
415 NS_SS1446    (0)    6 :  0.002 0.197 0.414 0.386 
416 NS_SS1403    (2)    6 :  0.005 0.035 0.872 0.088 
417 NS_SS1415    (0)    6 :  0.008 0.961 0.021 0.011 
418 NS_SS1437    (4)    6 :  0.008 0.153 0.356 0.483 
419 NS_SS1439    (2)    6 :  0.003 0.021 0.208 0.768 
420 NS_SS1441    (3)    6 :  0.002 0.647 0.310 0.040 
421 NS_SS1420    (2)    6 :  0.003 0.017 0.718 0.261 
422 NS_SS1394    (2)    6 :  0.031 0.006 0.861 0.102 
423 NS_SS1391    (7)    6 :  0.013 0.684 0.127 0.175 
424 NS_SS1410    (5)    6 :  0.013 0.176 0.163 0.647 
425 NS_SS1408    (1)    6 :  0.040 0.024 0.882 0.054 
426 NS_SS1409    (1)    6 :  0.002 0.081 0.885 0.032 
427 HI_SS0617    (1)    7 :  0.001 0.076 0.781 0.141 
428 HI_SS0618    (2)    7 :  0.002 0.016 0.930 0.052 
429 HI_SS0619    (0)    7 :  0.003 0.122 0.346 0.529 
430 HI_SS0620    (1)    7 :  0.002 0.980 0.010 0.008 
431 HI_SS0621    (3)    7 :  0.013 0.018 0.680 0.289 
432 HI_SS0622    (1)    7 :  0.013 0.497 0.081 0.409 
433 HI_SS0626    (0)    7 :  0.007 0.022 0.877 0.094 
434 HI_SS0627    (0)    7 :  0.007 0.008 0.091 0.894 
435 HI_SS0628    (3)    7 :  0.050 0.354 0.536 0.059 
436 HI_SS0629    (1)    7 :  0.006 0.209 0.486 0.300 
437 HI_SS0630    (1)    7 :  0.044 0.393 0.544 0.018 
438 HI_SS0631    (0)    7 :  0.001 0.935 0.037 0.027 
439 HI_SS0632    (0)    7 :  0.003 0.057 0.092 0.848 
440 HI_SS0633    (0)    7 :  0.003 0.016 0.282 0.699 
441 HI_SS0634    (1)    7 :  0.001 0.017 0.924 0.058 
442 HI_SS0635    (0)    7 :  0.008 0.021 0.851 0.119 
443 HI_SS0637    (1)    7 :  0.002 0.013 0.888 0.096 
444 HI_SS0638    (0)    7 :  0.001 0.523 0.402 0.074 
445 HI_SS0639    (1)    7 :  0.038 0.008 0.650 0.303 
446 HI_SS0640    (1)    7 :  0.002 0.599 0.304 0.096 
447 HI_SS0641    (1)    7 :  0.005 0.323 0.636 0.036 
448 HI_SS0642    (0)    7 :  0.002 0.091 0.811 0.096 
449 HI_SS0645    (0)    7 :  0.001 0.015 0.848 0.136 
450 HI_SS0646    (1)    7 :  0.003 0.133 0.641 0.224 
451 HI_SS0647    (1)    7 :  0.001 0.502 0.192 0.304 
452 HI_SS0648    (0)    7 :  0.003 0.105 0.817 0.075 
453 HI_SS0649    (1)    7 :  0.002 0.036 0.358 0.603 
454 HI_SS0650    (1)    7 :  0.004 0.024 0.655 0.317 
455 HI_SS0651    (1)    7 :  0.003 0.393 0.458 0.145 
456 HI_SS0652    (1)    7 :  0.003 0.017 0.806 0.174 
457 NS_SS1371    (3)    7 :  0.006 0.325 0.615 0.054 
458 NS_SS1374    (0)    7 :  0.002 0.366 0.619 0.012 
459 NS_SS1337    (3)    7 :  0.003 0.047 0.400 0.549 
460 NS_SS1385    (5)    7 :  0.005 0.131 0.093 0.770 
461 NS_SS1388    (0)    7 :  0.006 0.027 0.257 0.710 
462 NS_SS1370    (1)    7 :  0.010 0.091 0.709 0.191 
463 NS_SS1389    (3)    7 :  0.003 0.010 0.142 0.844 
464 NS_SS1360    (1)    7 :  0.004 0.844 0.129 0.023 
465 NS_SS1330    (0)    7 :  0.003 0.007 0.780 0.211 
466 NS_SS1328    (9)    7 :  0.002 0.872 0.095 0.031 
467 NS_SS1384    (1)    7 :  0.003 0.473 0.391 0.132 
468 NS_SS1381    (0)    7 :  0.001 0.009 0.030 0.960 
469 NS_SS1375    (1)    7 :  0.001 0.025 0.877 0.098 
470 NS_SS1319   (11)    7 :  0.075 0.071 0.826 0.029 
471 NS_SS1326    (2)    7 :  0.010 0.947 0.027 0.017 
472 NS_SS1341    (1)    7 :  0.004 0.063 0.024 0.909 
473 NS_SS1383    (2)    7 :  0.003 0.071 0.902 0.024 
474 NS_SS1318    (3)    7 :  0.013 0.028 0.048 0.911 
475 NS_SS1348    (2)    7 :  0.001 0.981 0.009 0.008 
476 NS_SS1363    (0)    7 :  0.004 0.040 0.616 0.339 
477 NS_SS1335    (4)    7 :  0.028 0.918 0.045 0.009 
478 NS_SS1358    (0)    7 :  0.016 0.735 0.101 0.148 
479 NS_SS1342    (1)    7 :  0.001 0.848 0.042 0.109 
480 NS_SS1320    (3)    7 :  0.005 0.005 0.051 0.939 
481 NS_SS1355    (1)    7 :  0.008 0.007 0.009 0.975 
482 NS_SS1345    (1)    7 :  0.018 0.095 0.024 0.863 
483 NS_SS1324    (0)    7 :  0.002 0.608 0.308 0.082 
484 NS_SS1347    (5)    7 :  0.004 0.565 0.404 0.027 
485 NS_SS1321    (4)    7 :  0.001 0.457 0.514 0.028 
486 NS_SS1333    (0)    7 :  0.003 0.094 0.893 0.010 
487 NS_SS1364    (1)    7 :  0.002 0.763 0.024 0.211 
488 NS_SS1379    (0)    7 :  0.049 0.074 0.211 0.666 
489 NS_SS1332    (0)    7 :  0.005 0.973 0.008 0.014 
490 NS_SS1338    (5)    7 :  0.007 0.630 0.354 0.010 
491 NS_SS1368    (6)    7 :  0.005 0.586 0.029 0.380 
492 NS_SS1354    (1)    7 :  0.011 0.030 0.130 0.829 
493 NS_SS1365    (0)    7 :  0.008 0.040 0.503 0.449 
494 NS_SS1380    (1)    7 :  0.015 0.005 0.016 0.964 
495 NS_SS1329    (8)    7 :  0.003 0.663 0.038 0.297 
496 NS_SS1362    (0)    7 :  0.005 0.252 0.471 0.272 
497 NS_SS1327    (2)    7 :  0.003 0.987 0.007 0.004 
498 NS_SS1350    (0)    7 :  0.007 0.030 0.954 0.008 
499 NS_SS1387    (2)    7 :  0.003 0.044 0.732 0.221 
500 NS_SS1369    (8)    7 :  0.004 0.956 0.024 0.016 
501 NS_SS1331    (1)    7 :  0.011 0.239 0.662 0.089 
502 NS_SS1357    (5)    7 :  0.004 0.645 0.185 0.166 
503 NS_SS1386    (1)    7 :  0.003 0.983 0.009 0.005 
504 NS_SS1353    (2)    7 :  0.004 0.034 0.055 0.907 
505 NS_SS1323    (0)    7 :  0.071 0.044 0.147 0.738 
506 HI_SS0296    (0)    8 :  0.002 0.864 0.110 0.025 
507 HI_SS0297    (0)    8 :  0.001 0.319 0.660 0.020 
508 HI_SS0299    (0)    8 :  0.036 0.594 0.165 0.205 
509 HI_SS0300    (0)    8 :  0.001 0.556 0.276 0.167 
510 HI_SS0301    (0)    8 :  0.004 0.069 0.475 0.452 
511 HI_SS0302    (0)    8 :  0.020 0.930 0.029 0.022 
512 HI_SS0303    (0)    8 :  0.006 0.912 0.013 0.069 
513 HI_SS0304    (0)    8 :  0.002 0.039 0.516 0.443 
514 HI_SS0306    (5)    8 :  0.003 0.985 0.007 0.005 
515 HI_SS0307    (1)    8 :  0.007 0.010 0.833 0.150 
516 HI_SS0308    (1)    8 :  0.072 0.063 0.783 0.082 
517 HI_SS0309    (0)    8 :  0.003 0.017 0.759 0.221 
518 HI_SS0310    (0)    8 :  0.006 0.345 0.025 0.623 
519 HI_SS0311    (4)    8 :  0.002 0.226 0.407 0.365 
520 HI_SS0314    (0)    8 :  0.001 0.132 0.210 0.657 
521 HI_SS0316    (1)    8 :  0.005 0.803 0.111 0.081 
522 HI_SS0317    (3)    8 :  0.002 0.023 0.947 0.028 
523 HI_SS0318    (1)    8 :  0.201 0.563 0.230 0.006 
524 HI_SS0319    (0)    8 :  0.004 0.983 0.009 0.004 
525 HI_SS0320    (3)    8 :  0.001 0.006 0.809 0.184 
526 HI_SS0321    (0)    8 :  0.002 0.063 0.927 0.008 
527 HI_SS0323    (1)    8 :  0.001 0.092 0.873 0.034 
528 HI_SS0325    (2)    8 :  0.002 0.934 0.028 0.036 
529 HI_SS0327    (1)    8 :  0.001 0.898 0.084 0.017 
530 HI_SS0329    (1)    8 :  0.001 0.035 0.136 0.828 
531 HI_SS0333    (1)    8 :  0.002 0.042 0.819 0.137 
532 HI_SS0334    (1)    8 :  0.001 0.794 0.183 0.021 
533 HI_SS0335    (1)    8 :  0.016 0.013 0.024 0.947 
534 HI_SS0339    (0)    8 :  0.010 0.040 0.084 0.866 
535 HI_SS0343    (2)    8 :  0.002 0.017 0.019 0.962 
536 HI_SS0344    (1)    8 :  0.003 0.988 0.005 0.004 
537 HI_SS0345    (3)    8 :  0.007 0.038 0.053 0.902 
538 HI_SS0346    (0)    8 :  0.003 0.109 0.797 0.090 
539 HI_SS0350    (1)    8 :  0.007 0.006 0.017 0.970 
540 HI_SS0351    (0)    8 :  0.003 0.126 0.039 0.832 
541 HI_SS0352    (3)    8 :  0.096 0.018 0.035 0.851 
542 HI_SS0362    (0)    8 :  0.002 0.344 0.639 0.015 
543 HI_SS0363    (1)    8 :  0.004 0.961 0.021 0.015 
544 HI_SS0365    (0)    8 :  0.005 0.724 0.232 0.039 
545 HI_SS0366    (0)    8 :  0.002 0.972 0.011 0.015 
546 HI_SS0367    (1)    8 :  0.002 0.005 0.009 0.984 
547 HI_SS0369    (1)    8 :  0.002 0.014 0.118 0.866 
548 HI_SS0370    (0)    8 :  0.002 0.085 0.842 0.071 
549 HI_SS0371    (4)    8 :  0.004 0.906 0.073 0.017 
550 HI_SS0373    (3)    8 :  0.009 0.053 0.876 0.062 
551 HI_SS0374    (0)    8 :  0.027 0.012 0.448 0.512 
552 HI_SS0377    (0)    8 :  0.089 0.841 0.033 0.037 
553 HI_SS0379    (1)    8 :  0.001 0.991 0.003 0.004 
554 HI_SS0380    (1)    8 :  0.005 0.015 0.199 0.781 
555 HI_SS0381    (2)    8 :  0.004 0.012 0.454 0.529 
556 HI_SS0384    (3)    8 :  0.007 0.451 0.335 0.206 
557 HI_SS0385    (1)    8 :  0.001 0.692 0.265 0.042 
558 HI_SS0386    (0)    9 :  0.996 0.002 0.001 0.001 
559 HI_SS0387    (0)    9 :  0.961 0.012 0.016 0.011 
560 HI_SS0389    (2)    9 :  0.990 0.004 0.003 0.003 
561 HI_SS0390    (2)    9 :  0.995 0.002 0.002 0.001 
562 HI_SS0391    (3)    9 :  0.993 0.002 0.002 0.003 
563 HI_SS0392    (0)    9 :  0.996 0.002 0.001 0.002 
564 HI_SS0393    (2)    9 :  0.995 0.002 0.001 0.002 
565 HI_SS0394    (2)    9 :  0.996 0.001 0.002 0.002 
566 HI_SS0395    (2)    9 :  0.990 0.003 0.004 0.003 
567 HI_SS0396    (2)    9 :  0.972 0.007 0.012 0.009 
568 HI_SS0398    (2)    9 :  0.983 0.005 0.005 0.007 
569 HI_SS0399    (2)    9 :  0.997 0.001 0.001 0.001 
570 HI_SS0400    (3)    9 :  0.994 0.002 0.002 0.002 
571 HI_SS0401    (5)    9 :  0.996 0.002 0.001 0.001 
572 HI_SS0402    (0)    9 :  0.996 0.001 0.001 0.001 
573 HI_SS0403    (0)    9 :  0.995 0.001 0.002 0.002 
574 HI_SS0404    (2)    9 :  0.997 0.001 0.001 0.001 
575 HI_SS0405    (2)    9 :  0.950 0.013 0.017 0.019 
576 HI_SS0406    (2)    9 :  0.993 0.002 0.002 0.002 
577 HI_SS0407    (0)    9 :  0.978 0.006 0.007 0.009 
578 HI_SS0408    (0)    9 :  0.996 0.001 0.001 0.001 
579 HI_SS0409    (2)    9 :  0.991 0.003 0.003 0.003 
580 HI_SS0411    (2)    9 :  0.993 0.003 0.003 0.002 
581 HI_SS0412   (11)    9 :  0.812 0.044 0.085 0.059 
582 HI_SS0413    (0)    9 :  0.994 0.002 0.002 0.002 
583 HI_SS0414    (2)    9 :  0.952 0.010 0.018 0.020 
584 HI_SS0415    (2)    9 :  0.995 0.002 0.002 0.002 
585 HI_SS0416    (2)    9 :  0.990 0.003 0.003 0.003 
586 HI_SS0418    (2)    9 :  0.985 0.005 0.005 0.005 
587 HI_SS0419    (3)    9 :  0.991 0.003 0.003 0.003 
588 HI_SS0420    (0)    9 :  0.994 0.002 0.002 0.002 
589 HI_SS0421    (4)    9 :  0.988 0.003 0.004 0.004 
590 HI_SS0422    (3)    9 :  0.996 0.002 0.001 0.002 
591 HI_SS0423    (2)    9 :  0.989 0.004 0.004 0.003 
592 HI_SS0424    (1)    9 :  0.995 0.001 0.002 0.002 
593 HI_SS0425    (0)    9 :  0.991 0.002 0.003 0.004 
594 NS_SS1146    (3)   10 :  0.993 0.003 0.002 0.002 
595 NS_SS1157    (1)   10 :  0.981 0.006 0.006 0.006 
596 NS_SS1144    (7)   10 :  0.946 0.021 0.018 0.015 
597 NS_SS1074    (3)   10 :  0.990 0.003 0.003 0.004 
598 NS_SS1122    (0)   10 :  0.987 0.005 0.004 0.004 
599 NS_SS1136    (2)   10 :  0.996 0.001 0.001 0.001 
600 NS_SS1077    (4)   10 :  0.998 0.001 0.001 0.001 
601 NS_SS1134    (2)   10 :  0.970 0.010 0.011 0.010 
602 NS_SS1091    (1)   10 :  0.994 0.002 0.002 0.003 
603 NS_SS1089   (10)   10 :  0.991 0.003 0.003 0.003 
604 NS_SS1123    (2)   10 :  0.996 0.002 0.002 0.001 
605 NS_SS1158    (3)   10 :  0.997 0.001 0.001 0.001 
606 NS_SS1093    (3)   10 :  0.993 0.002 0.002 0.002 
607 NS_SS1102    (5)   10 :  0.984 0.004 0.005 0.007 
608 NS_SS1056    (0)   10 :  0.995 0.002 0.002 0.002 
609 NS_SS1126    (2)   10 :  0.993 0.003 0.002 0.002 
610 NS_SS1058   (15)   10 :  0.989 0.004 0.004 0.004 
611 NS_SS1084    (2)   10 :  0.996 0.001 0.001 0.002 
612 NS_SS1095    (3)   10 :  0.983 0.007 0.005 0.005 
613 NS_SS1079    (3)   10 :  0.995 0.002 0.002 0.001 
614 NS_SS1149    (0)   10 :  0.992 0.002 0.002 0.003 
615 NS_SS1121    (0)   10 :  0.995 0.001 0.002 0.002 
616 NS_SS1067    (0)   10 :  0.984 0.004 0.006 0.006 
617 NS_SS1081    (2)   10 :  0.993 0.002 0.002 0.002 
618 NS_SS1130    (0)   10 :  0.991 0.002 0.003 0.003 
619 NS_SS1073    (2)   10 :  0.992 0.002 0.003 0.003 
620 NS_SS1133    (2)   10 :  0.979 0.003 0.008 0.010 
621 NS_SS1129    (2)   10 :  0.996 0.001 0.001 0.001 
622 NS_SS1085    (1)   10 :  0.994 0.002 0.002 0.002 
623 NS_SS1137    (2)   10 :  0.987 0.004 0.004 0.004 
624 NS_SS1135    (3)   10 :  0.996 0.001 0.001 0.001 
625 NS_SS1082    (3)   10 :  0.996 0.001 0.002 0.002 
626 NS_SS1125    (3)   10 :  0.996 0.001 0.001 0.001 
627 NS_SS1124    (2)   10 :  0.982 0.005 0.008 0.005 
628 NS_SS1155    (0)   10 :  0.976 0.009 0.009 0.007 
629 NS_SS1145    (2)   10 :  0.995 0.002 0.002 0.002 


Estimated Allele Frequencies in each cluster
First column gives estimated ancestral frequencies


Locus 1 : 
2 alleles
3.3% missing data
   1   (0.738) 0.730 0.734 0.740 0.741 
   2   (0.262) 0.270 0.266 0.260 0.259 

Locus 2 : 
2 alleles
4.6% missing data
   1   (0.886) 0.821 0.895 0.884 0.887 
   2   (0.114) 0.179 0.105 0.116 0.113 

Locus 3 : 
2 alleles
4.9% missing data
   1   (0.788) 0.808 0.766 0.800 0.786 
   2   (0.212) 0.192 0.234 0.200 0.214 

Locus 4 : 
2 alleles
4.6% missing data
   1   (0.865) 0.870 0.871 0.864 0.865 
   2   (0.135) 0.130 0.129 0.136 0.135 

Locus 5 : 
2 alleles
2.5% missing data
   1   (0.892) 0.930 0.899 0.889 0.890 
   2   (0.108) 0.070 0.101 0.111 0.110 

Locus 6 : 
2 alleles
2.7% missing data
   1   (0.822) 0.762 0.823 0.823 0.825 
   2   (0.178) 0.238 0.177 0.177 0.175 

Locus 7 : 
2 alleles
3.0% missing data
   1   (0.793) 0.756 0.787 0.796 0.796 
   2   (0.207) 0.244 0.213 0.204 0.204 

Locus 8 : 
2 alleles
4.8% missing data
   1   (0.728) 0.794 0.730 0.727 0.724 
   2   (0.272) 0.206 0.270 0.273 0.276 

Locus 9 : 
2 alleles
3.7% missing data
   1   (0.807) 0.809 0.806 0.809 0.808 
   2   (0.193) 0.191 0.194 0.191 0.192 

Locus 10 : 
2 alleles
4.8% missing data
   1   (0.710) 0.798 0.707 0.709 0.708 
   2   (0.290) 0.202 0.293 0.291 0.292 

Locus 11 : 
2 alleles
3.2% missing data
   1   (0.795) 0.782 0.780 0.797 0.804 
   2   (0.205) 0.218 0.220 0.203 0.196 

Locus 12 : 
2 alleles
4.9% missing data
   1   (0.892) 0.907 0.900 0.884 0.897 
   2   (0.108) 0.093 0.100 0.116 0.103 

Locus 13 : 
2 alleles
3.2% missing data
   1   (0.867) 0.916 0.863 0.862 0.875 
   2   (0.133) 0.084 0.137 0.138 0.125 

Locus 14 : 
2 alleles
4.6% missing data
   1   (0.732) 0.683 0.734 0.735 0.731 
   2   (0.268) 0.317 0.266 0.265 0.269 

Locus 15 : 
2 alleles
4.6% missing data
   1   (0.891) 0.918 0.889 0.891 0.895 
   2   (0.109) 0.082 0.111 0.109 0.105 

Locus 16 : 
2 alleles
3.8% missing data
   1   (0.884) 0.964 0.877 0.883 0.888 
   2   (0.116) 0.036 0.123 0.117 0.112 

Locus 17 : 
2 alleles
4.1% missing data
   1   (0.508) 0.646 0.512 0.499 0.511 
   2   (0.492) 0.354 0.488 0.501 0.489 

Locus 18 : 
2 alleles
4.1% missing data
   1   (0.609) 0.574 0.588 0.609 0.627 
   2   (0.391) 0.426 0.412 0.391 0.373 

Locus 19 : 
2 alleles
4.1% missing data
   1   (0.773) 0.636 0.773 0.776 0.775 
   2   (0.227) 0.364 0.227 0.224 0.225 

Locus 20 : 
2 alleles
2.2% missing data
   1   (0.898) 0.894 0.898 0.903 0.895 
   2   (0.102) 0.106 0.102 0.097 0.105 

Locus 21 : 
2 alleles
4.5% missing data
   1   (0.708) 0.600 0.711 0.703 0.720 
   2   (0.292) 0.400 0.289 0.297 0.280 

Locus 22 : 
2 alleles
3.0% missing data
   1   (0.885) 0.913 0.895 0.880 0.886 
   2   (0.115) 0.087 0.105 0.120 0.114 

Locus 23 : 
2 alleles
3.8% missing data
   1   (0.558) 0.579 0.544 0.553 0.577 
   2   (0.442) 0.421 0.456 0.447 0.423 

Locus 24 : 
2 alleles
4.9% missing data
   1   (0.861) 0.890 0.848 0.866 0.863 
   2   (0.139) 0.110 0.152 0.134 0.137 

Locus 25 : 
2 alleles
4.3% missing data
   1   (0.884) 0.877 0.882 0.880 0.895 
   2   (0.116) 0.123 0.118 0.120 0.105 

Locus 26 : 
2 alleles
3.0% missing data
   1   (0.546) 0.578 0.530 0.556 0.543 
   2   (0.454) 0.422 0.470 0.444 0.457 

Locus 27 : 
2 alleles
4.0% missing data
   2   (0.468) 0.416 0.482 0.466 0.464 
   1   (0.532) 0.584 0.518 0.534 0.536 

Locus 28 : 
2 alleles
4.0% missing data
   1   (0.844) 0.870 0.848 0.844 0.841 
   2   (0.156) 0.130 0.152 0.156 0.159 

Locus 29 : 
2 alleles
1.9% missing data
   1   (0.605) 0.700 0.603 0.605 0.603 
   2   (0.395) 0.300 0.397 0.395 0.397 

Locus 30 : 
2 alleles
4.6% missing data
   1   (0.865) 0.854 0.871 0.869 0.856 
   2   (0.135) 0.146 0.129 0.131 0.144 

Locus 31 : 
2 alleles
1.9% missing data
   1   (0.885) 0.904 0.880 0.887 0.887 
