

----------------------------------------------------
STRUCTURE by Pritchard, Stephens and Donnelly (2000)
     and Falush, Stephens and Pritchard (2003)
       Code by Pritchard, Falush and Hubisz
             Version 2.3.4 (Jul 2012)
----------------------------------------------------



Command line arguments:   /home/genobiwan/Documents/Programs/Structure/structure -m parameter_job_k6_r6 
Input File:    /media/genobiwan/Storage/Projets/Mackerel_NWA_2021/data_job_k6_r6

Run parameters:
   629 individuals
   4140 loci
   6 populations assumed
   100000 Burn-in period
   200000 Reps


--------------------------------------------
Proportion of membership of each pre-defined
 population in each of the 6 clusters

Given    Inferred Clusters                            Number of
 Pop       1      2      3      4      5      6      Individuals

  1:     0.187  0.193  0.146  0.258  0.012  0.205       67
  2:     0.110  0.249  0.161  0.263  0.009  0.208       32
  3:     0.169  0.212  0.176  0.190  0.013  0.239       92
  4:     0.213  0.161  0.291  0.168  0.017  0.151       36
  5:     0.270  0.128  0.256  0.108  0.021  0.217       41
  6:     0.181  0.205  0.217  0.211  0.013  0.173      158
  7:     0.164  0.207  0.194  0.243  0.010  0.183       79
  8:     0.172  0.198  0.268  0.191  0.013  0.159       52
  9:     0.005  0.006  0.004  0.005  0.976  0.005       36
 10:     0.004  0.004  0.004  0.004  0.981  0.004       36
--------------------------------------------

Allele-freq. divergence among pops (Net nucleotide distance),
computed using point estimates of P.

      1       2       3       4       5       6      
 1      -    0.0002  0.0003  0.0003  0.0050  0.0002  
 2   0.0002     -    0.0003  0.0002  0.0049  0.0002  
 3   0.0003  0.0003     -    0.0003  0.0051  0.0003  
 4   0.0003  0.0002  0.0003     -    0.0049  0.0002  
 5   0.0050  0.0049  0.0051  0.0049     -    0.0049  
 6   0.0002  0.0002  0.0003  0.0002  0.0049     -    

Average distances (expected heterozygosity) between individuals in same cluster:
cluster  1  : 0.3183 
cluster  2  : 0.3189 
cluster  3  : 0.3180 
cluster  4  : 0.3187 
cluster  5  : 0.3055 
cluster  6  : 0.3181 

--------------------------------------------
Estimated Ln Prob of Data   = -2474738.6
Mean value of ln likelihood = -2464650.6
Variance of ln likelihood   = 20176.0
Mean value of alpha         = 0.0407

Mean value of Fst_1         = 0.0035
Mean value of Fst_2         = 0.0027
Mean value of Fst_3         = 0.0039
Mean value of Fst_4         = 0.0030
Mean value of Fst_5         = 0.0386
Mean value of Fst_6         = 0.0031


Inferred ancestry of individuals:
        Label (%Miss) Pop:  Inferred clusters
  1 NS_SS0963    (4)    1 :  0.129 0.706 0.027 0.040 0.005 0.092 
  2 NS_SS0983    (1)    1 :  0.021 0.782 0.032 0.003 0.004 0.158 
  3 NS_SS0719    (9)    1 :  0.017 0.031 0.037 0.857 0.005 0.053 
  4 NS_SS1001    (8)    1 :  0.093 0.021 0.196 0.194 0.007 0.488 
  5 NS_SS0936    (4)    1 :  0.922 0.012 0.018 0.015 0.003 0.030 
  6 NS_SS0955    (6)    1 :  0.088 0.045 0.749 0.015 0.004 0.098 
  7 NS_SS0944    (3)    1 :  0.072 0.035 0.766 0.086 0.002 0.039 
  8 NS_SS0945    (3)    1 :  0.287 0.035 0.480 0.105 0.011 0.082 
  9 NS_SS0922    (2)    1 :  0.012 0.013 0.005 0.937 0.018 0.014 
 10 NS_SS0929    (7)    1 :  0.469 0.115 0.082 0.034 0.003 0.298 
 11 NS_SS0956    (1)    1 :  0.013 0.092 0.012 0.043 0.005 0.835 
 12 NS_SS0906    (3)    1 :  0.018 0.203 0.018 0.526 0.003 0.232 
 13 NS_SS0721    (6)    1 :  0.009 0.730 0.010 0.014 0.004 0.233 
 14 NS_SS0982    (4)    1 :  0.018 0.019 0.010 0.911 0.014 0.029 
 15 NS_SS0923    (6)    1 :  0.015 0.019 0.006 0.943 0.004 0.012 
 16 NS_SS0905    (6)    1 :  0.008 0.035 0.033 0.889 0.002 0.033 
 17 NS_SS0925    (3)    1 :  0.236 0.712 0.009 0.011 0.003 0.029 
 18 NS_SS0947    (6)    1 :  0.587 0.016 0.020 0.016 0.005 0.357 
 19 NS_SS0926    (2)    1 :  0.241 0.013 0.703 0.035 0.001 0.008 
 20 NS_SS0918    (6)    1 :  0.100 0.054 0.041 0.055 0.002 0.747 
 21 NS_SS0966    (4)    1 :  0.334 0.082 0.017 0.031 0.060 0.475 
 22 NS_SS0938    (2)    1 :  0.952 0.010 0.015 0.016 0.001 0.007 
 23 NS_SS0917    (2)    1 :  0.020 0.131 0.065 0.703 0.044 0.037 
 24 NS_SS0957   (11)    1 :  0.023 0.013 0.012 0.009 0.005 0.937 
 25 NS_SS0987    (1)    1 :  0.012 0.090 0.024 0.557 0.235 0.081 
 26 NS_SS0717    (4)    1 :  0.020 0.059 0.014 0.884 0.003 0.021 
 27 NS_SS0986    (2)    1 :  0.075 0.550 0.045 0.242 0.003 0.085 
 28 NS_SS0953    (3)    1 :  0.015 0.071 0.014 0.016 0.016 0.868 
 29 NS_SS0907    (3)    1 :  0.032 0.661 0.056 0.192 0.040 0.020 
 30 NS_SS0974    (6)    1 :  0.341 0.295 0.269 0.047 0.004 0.044 
 31 NS_SS0989    (1)    1 :  0.336 0.020 0.533 0.023 0.001 0.087 
 32 NS_SS0991    (3)    1 :  0.013 0.736 0.217 0.010 0.002 0.022 
 33 NS_SS0994    (2)    1 :  0.031 0.019 0.927 0.012 0.002 0.008 
 34 NS_SS0931    (6)    1 :  0.098 0.142 0.727 0.012 0.012 0.009 
 35 NS_SS1000    (5)    1 :  0.497 0.216 0.008 0.054 0.004 0.221 
 36 NS_SS0919    (1)    1 :  0.066 0.832 0.014 0.079 0.003 0.007 
 37 NS_SS0949    (4)    1 :  0.046 0.026 0.902 0.013 0.002 0.011 
 38 NS_SS0960   (10)    1 :  0.014 0.067 0.166 0.585 0.008 0.161 
 39 NS_SS0716    (2)    1 :  0.005 0.006 0.004 0.967 0.005 0.013 
 40 NS_SS0924    (8)    1 :  0.021 0.226 0.118 0.531 0.017 0.087 
 41 NS_SS0935    (2)    1 :  0.010 0.194 0.586 0.172 0.010 0.028 
 42 NS_SS0952   (14)    1 :  0.093 0.155 0.363 0.157 0.044 0.190 
 43 NS_SS0962   (11)    1 :  0.918 0.017 0.006 0.040 0.006 0.013 
 44 NS_SS0973    (5)    1 :  0.027 0.908 0.025 0.012 0.004 0.024 
 45 NS_SS0722    (1)    1 :  0.186 0.619 0.010 0.036 0.002 0.147 
 46 NS_SS0979   (13)    1 :  0.225 0.371 0.017 0.349 0.002 0.036 
 47 NS_SS0993    (2)    1 :  0.416 0.467 0.009 0.018 0.018 0.071 
 48 NS_SS0958    (1)    1 :  0.014 0.012 0.346 0.600 0.002 0.025 
 49 NS_SS0988    (4)    1 :  0.130 0.053 0.027 0.681 0.006 0.103 
 50 NS_SS1003    (2)    1 :  0.466 0.019 0.007 0.018 0.008 0.482 
 51 NS_SS0976    (1)    1 :  0.835 0.052 0.090 0.009 0.002 0.012 
 52 NS_SS0964   (10)    1 :  0.036 0.101 0.032 0.737 0.003 0.090 
 53 NS_SS0939    (4)    1 :  0.124 0.005 0.007 0.829 0.005 0.031 
 54 NS_SS0990    (6)    1 :  0.410 0.013 0.035 0.021 0.004 0.518 
 55 NS_SS0984    (2)    1 :  0.024 0.015 0.005 0.949 0.002 0.005 
 56 NS_SS0980   (10)    1 :  0.164 0.083 0.030 0.013 0.002 0.708 
 57 NS_SS0978    (4)    1 :  0.013 0.069 0.021 0.078 0.003 0.816 
 58 NS_SS0951   (18)    1 :  0.013 0.038 0.216 0.199 0.003 0.531 
 59 NS_SS0913    (3)    1 :  0.038 0.151 0.020 0.493 0.038 0.260 
 60 NS_SS1002    (1)    1 :  0.920 0.010 0.004 0.011 0.033 0.022 
 61 NS_SS0948    (1)    1 :  0.652 0.177 0.085 0.021 0.043 0.022 
 62 NS_SS0916    (4)    1 :  0.052 0.027 0.037 0.018 0.004 0.862 
 63 NS_SS0995    (1)    1 :  0.039 0.177 0.009 0.083 0.003 0.689 
 64 NS_SS0927    (6)    1 :  0.013 0.065 0.028 0.857 0.005 0.032 
 65 NS_SS0992    (5)    1 :  0.157 0.039 0.089 0.047 0.003 0.665 
 66 NS_SS0912    (1)    1 :  0.037 0.635 0.240 0.030 0.003 0.054 
 67 NS_SS0981    (1)    1 :  0.185 0.507 0.021 0.064 0.004 0.219 
 68 NS_SS0729    (5)    2 :  0.055 0.188 0.740 0.006 0.004 0.007 
 69 NS_SS0967   (15)    2 :  0.086 0.558 0.026 0.294 0.010 0.026 
 70 NS_SS0941    (8)    2 :  0.307 0.131 0.081 0.131 0.091 0.260 
 71 NS_SS0768   (12)    2 :  0.047 0.046 0.031 0.031 0.004 0.840 
 72 NS_SS0726    (5)    2 :  0.386 0.171 0.407 0.012 0.008 0.016 
 73 NS_SS0763    (4)    2 :  0.085 0.249 0.587 0.053 0.003 0.023 
 74 NS_SS0730    (6)    2 :  0.009 0.007 0.009 0.955 0.003 0.017 
 75 NS_SS0774    (2)    2 :  0.054 0.069 0.005 0.012 0.001 0.859 
 76 NS_SS0723    (3)    2 :  0.075 0.321 0.005 0.552 0.002 0.045 
 77 NS_SS0940   (10)    2 :  0.254 0.252 0.236 0.192 0.008 0.058 
 78 NS_SS0762    (1)    2 :  0.007 0.011 0.010 0.949 0.003 0.020 
 79 NS_SS0766   (11)    2 :  0.013 0.025 0.054 0.881 0.012 0.015 
 80 NS_SS0724    (1)    2 :  0.135 0.703 0.029 0.051 0.004 0.078 
 81 NS_SS0769    (3)    2 :  0.028 0.106 0.013 0.324 0.004 0.526 
 82 NS_SS0777    (1)    2 :  0.023 0.842 0.090 0.027 0.010 0.008 
 83 NS_SS0734    (6)    2 :  0.015 0.301 0.337 0.084 0.031 0.232 
 84 NS_SS0737    (3)    2 :  0.097 0.010 0.009 0.864 0.005 0.014 
 85 NS_SS0732    (5)    2 :  0.009 0.221 0.008 0.050 0.005 0.708 
 86 NS_SS0728    (5)    2 :  0.447 0.158 0.036 0.064 0.012 0.283 
 87 NS_SS0735    (9)    2 :  0.043 0.660 0.034 0.026 0.007 0.230 
 88 NS_SS0725    (1)    2 :  0.811 0.024 0.048 0.011 0.007 0.099 
 89 NS_SS0788    (2)    2 :  0.057 0.018 0.006 0.893 0.001 0.024 
 90 NS_SS0778    (2)    2 :  0.064 0.502 0.027 0.017 0.002 0.388 
 91 NS_SS0792    (6)    2 :  0.027 0.085 0.070 0.328 0.006 0.485 
 92 NS_SS0943   (11)    2 :  0.015 0.021 0.923 0.007 0.007 0.027 
 93 NS_SS0791    (2)    2 :  0.044 0.142 0.265 0.358 0.017 0.173 
 94 NS_SS0790    (5)    2 :  0.009 0.014 0.003 0.013 0.004 0.957 
 95 NS_SS0731    (6)    2 :  0.020 0.776 0.008 0.168 0.012 0.015 
 96 NS_SS0727    (7)    2 :  0.015 0.094 0.843 0.022 0.002 0.023 
 97 NS_SS0779   (13)    2 :  0.026 0.798 0.021 0.096 0.006 0.054 
 98 NS_SS0776    (3)    2 :  0.229 0.461 0.175 0.046 0.006 0.082 
 99 NS_SS0775    (5)    2 :  0.025 0.007 0.013 0.896 0.006 0.052 
100 NS_SS0965    (3)    3 :  0.033 0.917 0.012 0.018 0.002 0.018 
101 NS_SS0754   (14)    3 :  0.011 0.457 0.278 0.030 0.013 0.210 
102 NS_SS0838    (5)    3 :  0.716 0.079 0.017 0.032 0.036 0.120 
103 NS_SS0839    (3)    3 :  0.377 0.008 0.009 0.038 0.003 0.565 
104 NS_SS0832    (4)    3 :  0.014 0.777 0.004 0.099 0.037 0.069 
105 NS_SS0820    (5)    3 :  0.014 0.058 0.003 0.902 0.005 0.017 
106 NS_SS0886    (9)    3 :  0.058 0.256 0.124 0.454 0.002 0.105 
107 NS_SS0748    (5)    3 :  0.207 0.437 0.206 0.124 0.010 0.017 
108 NS_SS0884    (9)    3 :  0.053 0.037 0.033 0.016 0.022 0.838 
109 NS_SS0752    (4)    3 :  0.485 0.105 0.091 0.125 0.002 0.192 
110 NS_SS0862    (1)    3 :  0.013 0.133 0.005 0.012 0.004 0.832 
111 NS_SS0787    (9)    3 :  0.039 0.035 0.857 0.013 0.007 0.050 
112 NS_SS0843    (6)    3 :  0.053 0.851 0.020 0.013 0.002 0.061 
113 NS_SS0856    (4)    3 :  0.061 0.093 0.018 0.638 0.004 0.186 
114 NS_SS0846    (2)    3 :  0.469 0.439 0.048 0.018 0.003 0.022 
115 NS_SS0825    (1)    3 :  0.909 0.020 0.021 0.023 0.011 0.016 
116 NS_SS0757    (3)    3 :  0.030 0.617 0.105 0.067 0.003 0.178 
117 NS_SS0876    (3)    3 :  0.030 0.091 0.011 0.011 0.215 0.641 
118 NS_SS0903   (10)    3 :  0.393 0.075 0.010 0.011 0.003 0.508 
119 NS_SS0875    (7)    3 :  0.010 0.013 0.009 0.952 0.003 0.013 
120 NS_SS0740    (5)    3 :  0.141 0.777 0.024 0.024 0.003 0.031 
121 NS_SS0811    (5)    3 :  0.013 0.029 0.009 0.168 0.008 0.773 
122 NS_SS0751    (1)    3 :  0.532 0.073 0.057 0.293 0.002 0.043 
123 NS_SS0891    (6)    3 :  0.814 0.013 0.013 0.099 0.006 0.056 
124 NS_SS0867    (2)    3 :  0.254 0.192 0.242 0.029 0.028 0.255 
125 NS_SS0890    (6)    3 :  0.022 0.028 0.033 0.875 0.003 0.039 
126 NS_SS0866   (12)    3 :  0.032 0.019 0.885 0.022 0.005 0.037 
127 NS_SS0755    (4)    3 :  0.052 0.045 0.142 0.266 0.007 0.488 
128 NS_SS0758    (4)    3 :  0.120 0.828 0.022 0.016 0.002 0.012 
129 NS_SS0840    (2)    3 :  0.800 0.084 0.008 0.041 0.002 0.065 
130 NS_SS0889    (4)    3 :  0.025 0.016 0.875 0.011 0.002 0.071 
131 NS_SS1010    (1)    3 :  0.087 0.043 0.020 0.100 0.037 0.713 
132 NS_SS0888    (5)    3 :  0.005 0.061 0.867 0.016 0.002 0.049 
133 NS_SS0837    (3)    3 :  0.010 0.642 0.037 0.256 0.003 0.052 
134 NS_SS0794   (10)    3 :  0.006 0.020 0.907 0.035 0.002 0.030 
135 NS_SS0823    (5)    3 :  0.453 0.057 0.018 0.010 0.004 0.457 
136 NS_SS0829    (7)    3 :  0.014 0.033 0.460 0.019 0.111 0.363 
137 NS_SS0844    (5)    3 :  0.012 0.442 0.006 0.022 0.002 0.516 
138 NS_SS1008    (6)    3 :  0.013 0.040 0.785 0.101 0.012 0.048 
139 NS_SS0881    (3)    3 :  0.159 0.038 0.041 0.730 0.003 0.030 
140 NS_SS0834    (6)    3 :  0.945 0.010 0.008 0.013 0.006 0.018 
141 NS_SS0744   (10)    3 :  0.024 0.289 0.053 0.036 0.007 0.590 
142 NS_SS0899    (7)    3 :  0.056 0.010 0.005 0.016 0.001 0.912 
143 NS_SS0804    (5)    3 :  0.167 0.202 0.005 0.051 0.004 0.569 
144 NS_SS0781   (10)    3 :  0.669 0.209 0.004 0.023 0.003 0.092 
145 NS_SS0822    (6)    3 :  0.019 0.065 0.885 0.007 0.002 0.023 
146 NS_SS1004    (4)    3 :  0.030 0.708 0.019 0.015 0.004 0.224 
147 NS_SS0746    (5)    3 :  0.106 0.653 0.132 0.051 0.013 0.045 
148 NS_SS0880    (3)    3 :  0.668 0.061 0.088 0.018 0.001 0.165 
149 NS_SS0879    (5)    3 :  0.057 0.025 0.056 0.027 0.013 0.822 
150 NS_SS0753    (2)    3 :  0.010 0.341 0.561 0.033 0.011 0.042 
151 NS_SS1007    (3)    3 :  0.018 0.022 0.012 0.932 0.002 0.015 
152 NS_SS0872    (5)    3 :  0.500 0.251 0.014 0.197 0.002 0.036 
153 NS_SS1005    (7)    3 :  0.541 0.345 0.009 0.036 0.001 0.069 
154 NS_SS0892    (6)    3 :  0.074 0.121 0.057 0.723 0.002 0.022 
155 NS_SS0898    (0)    3 :  0.022 0.012 0.717 0.218 0.006 0.025 
156 NS_SS0801    (9)    3 :  0.033 0.625 0.018 0.159 0.011 0.155 
157 NS_SS0827    (9)    3 :  0.009 0.218 0.097 0.545 0.112 0.019 
158 NS_SS0853    (7)    3 :  0.008 0.046 0.023 0.293 0.005 0.626 
159 NS_SS0780    (2)    3 :  0.569 0.366 0.009 0.028 0.004 0.024 
160 NS_SS0826   (10)    3 :  0.903 0.059 0.019 0.006 0.003 0.010 
161 NS_SS0818    (5)    3 :  0.201 0.047 0.017 0.514 0.002 0.219 
162 NS_SS0745    (1)    3 :  0.041 0.057 0.007 0.715 0.001 0.180 
163 NS_SS0849    (3)    3 :  0.016 0.387 0.013 0.031 0.002 0.551 
164 NS_SS0739    (3)    3 :  0.037 0.049 0.019 0.712 0.014 0.169 
165 NS_SS0799    (1)    3 :  0.011 0.056 0.784 0.056 0.001 0.093 
166 NS_SS0756    (3)    3 :  0.456 0.018 0.019 0.051 0.004 0.453 
167 NS_SS0802    (2)    3 :  0.023 0.670 0.038 0.067 0.186 0.015 
168 NS_SS0747    (6)    3 :  0.073 0.613 0.015 0.129 0.006 0.164 
169 NS_SS0835    (1)    3 :  0.090 0.038 0.616 0.234 0.001 0.021 
170 NS_SS0742   (19)    3 :  0.078 0.610 0.024 0.044 0.001 0.244 
171 NS_SS0760    (9)    3 :  0.016 0.019 0.680 0.217 0.045 0.023 
172 NS_SS0803    (4)    3 :  0.025 0.759 0.005 0.009 0.006 0.195 
173 NS_SS0828   (14)    3 :  0.017 0.107 0.033 0.789 0.001 0.053 
174 NS_SS0865    (2)    3 :  0.030 0.025 0.020 0.012 0.021 0.891 
175 NS_SS0759    (5)    3 :  0.019 0.238 0.008 0.692 0.004 0.039 
176 NS_SS0851    (5)    3 :  0.027 0.033 0.012 0.108 0.012 0.808 
177 NS_SS0874   (16)    3 :  0.222 0.090 0.010 0.014 0.001 0.663 
178 NS_SS0761    (6)    3 :  0.034 0.322 0.565 0.021 0.003 0.056 
179 NS_SS0842   (26)    3 :  0.097 0.014 0.043 0.762 0.007 0.076 
180 NS_SS0785    (6)    3 :  0.018 0.669 0.148 0.018 0.005 0.142 
181 NS_SS0860   (11)    3 :  0.014 0.074 0.331 0.038 0.002 0.542 
182 NS_SS0897    (7)    3 :  0.006 0.008 0.963 0.007 0.002 0.014 
183 NS_SS0841   (15)    3 :  0.038 0.017 0.027 0.314 0.004 0.600 
184 NS_SS0797    (7)    3 :  0.016 0.018 0.249 0.688 0.018 0.011 
185 NS_SS0830   (11)    3 :  0.117 0.050 0.198 0.520 0.002 0.112 
186 NS_SS1011    (5)    3 :  0.611 0.032 0.008 0.008 0.005 0.335 
187 NS_SS0883    (5)    3 :  0.007 0.054 0.037 0.344 0.006 0.551 
188 NS_SS0782    (2)    3 :  0.103 0.167 0.275 0.081 0.003 0.372 
189 NS_SS0831    (5)    3 :  0.015 0.028 0.574 0.015 0.004 0.364 
190 NS_SS0749    (7)    3 :  0.026 0.441 0.056 0.121 0.004 0.351 
191 NS_SS0854    (2)    3 :  0.094 0.208 0.241 0.025 0.003 0.428 
192 HI_SS0193    (0)    4 :  0.013 0.005 0.964 0.006 0.002 0.011 
193 HI_SS0194    (1)    4 :  0.955 0.016 0.010 0.010 0.001 0.008 
194 HI_SS0195   (10)    4 :  0.409 0.104 0.005 0.025 0.107 0.349 
195 HI_SS0196    (6)    4 :  0.360 0.200 0.155 0.028 0.003 0.253 
196 HI_SS0197    (3)    4 :  0.938 0.014 0.003 0.019 0.010 0.016 
197 HI_SS0198    (1)    4 :  0.031 0.128 0.075 0.194 0.009 0.562 
198 HI_SS0199    (1)    4 :  0.029 0.145 0.486 0.214 0.003 0.123 
199 HI_SS0201    (5)    4 :  0.048 0.298 0.596 0.008 0.003 0.047 
200 HI_SS0215    (1)    4 :  0.067 0.807 0.067 0.010 0.003 0.048 
201 HI_SS0218    (1)    4 :  0.007 0.004 0.967 0.010 0.006 0.007 
202 HI_SS0222    (0)    4 :  0.302 0.270 0.075 0.146 0.006 0.201 
203 HI_SS0230    (1)    4 :  0.058 0.258 0.007 0.649 0.005 0.023 
204 HI_SS0234    (2)    4 :  0.413 0.136 0.027 0.245 0.156 0.023 
205 HI_SS0240    (1)    4 :  0.016 0.149 0.017 0.373 0.008 0.437 
206 HI_SS0241    (0)    4 :  0.244 0.049 0.398 0.072 0.002 0.235 
207 HI_SS0242    (0)    4 :  0.110 0.060 0.380 0.377 0.004 0.068 
208 HI_SS0247    (0)    4 :  0.535 0.011 0.014 0.005 0.019 0.416 
209 HI_SS0248    (1)    4 :  0.007 0.022 0.953 0.012 0.001 0.004 
210 HI_SS0252    (2)    4 :  0.037 0.744 0.045 0.005 0.002 0.167 
211 HI_SS0254    (0)    4 :  0.166 0.314 0.337 0.065 0.098 0.021 
212 HI_SS0256    (0)    4 :  0.145 0.056 0.004 0.265 0.001 0.528 
213 HI_SS0257    (0)    4 :  0.047 0.500 0.287 0.082 0.004 0.080 
214 HI_SS0258    (1)    4 :  0.006 0.020 0.938 0.020 0.005 0.011 
215 HI_SS0259    (1)    4 :  0.697 0.016 0.014 0.067 0.002 0.203 
216 HI_SS0260    (1)    4 :  0.029 0.222 0.642 0.029 0.002 0.077 
217 HI_SS0261    (2)    4 :  0.458 0.166 0.331 0.026 0.003 0.016 
218 HI_SS0262    (0)    4 :  0.041 0.031 0.014 0.618 0.007 0.289 
219 HI_SS0264    (0)    4 :  0.052 0.049 0.008 0.827 0.004 0.060 
220 HI_SS0265    (0)    4 :  0.176 0.028 0.012 0.576 0.104 0.104 
221 HI_SS0268    (1)    4 :  0.113 0.016 0.020 0.808 0.003 0.040 
222 HI_SS0269    (0)    4 :  0.097 0.094 0.726 0.010 0.002 0.071 
223 HI_SS0273    (0)    4 :  0.017 0.010 0.921 0.013 0.001 0.038 
224 HI_SS0277    (1)    4 :  0.798 0.069 0.013 0.071 0.003 0.046 
225 HI_SS0280    (0)    4 :  0.065 0.023 0.095 0.058 0.004 0.755 
226 HI_SS0282    (1)    4 :  0.054 0.072 0.801 0.008 0.002 0.064 
227 HI_SS0286    (1)    4 :  0.114 0.674 0.070 0.113 0.006 0.023 
228 NS_SS1252    (3)    5 :  0.015 0.058 0.906 0.011 0.004 0.006 
229 NS_SS1261    (1)    5 :  0.515 0.211 0.032 0.133 0.019 0.091 
230 NS_SS1225   (10)    5 :  0.262 0.095 0.144 0.017 0.104 0.379 
231 NS_SS1266    (1)    5 :  0.377 0.047 0.007 0.014 0.010 0.545 
232 NS_SS1228    (0)    5 :  0.022 0.014 0.009 0.067 0.014 0.875 
233 NS_SS1255    (3)    5 :  0.075 0.008 0.198 0.023 0.001 0.695 
234 NS_SS1267    (3)    5 :  0.007 0.012 0.875 0.072 0.016 0.019 
235 NS_SS1238    (6)    5 :  0.776 0.036 0.058 0.116 0.002 0.012 
236 NS_SS1233    (8)    5 :  0.357 0.343 0.138 0.038 0.002 0.122 
237 NS_SS1277    (3)    5 :  0.007 0.007 0.969 0.011 0.001 0.006 
238 NS_SS1245    (1)    5 :  0.632 0.076 0.252 0.025 0.001 0.014 
239 NS_SS1240    (4)    5 :  0.027 0.112 0.847 0.007 0.002 0.005 
240 NS_SS1275    (2)    5 :  0.903 0.040 0.006 0.016 0.003 0.033 
241 NS_SS1235    (1)    5 :  0.838 0.110 0.012 0.018 0.004 0.017 
242 NS_SS1263    (1)    5 :  0.712 0.029 0.036 0.010 0.001 0.213 
243 NS_SS1251    (2)    5 :  0.802 0.086 0.013 0.043 0.001 0.055 
244 NS_SS1248    (0)    5 :  0.033 0.078 0.429 0.165 0.115 0.180 
245 NS_SS1244    (0)    5 :  0.821 0.011 0.126 0.006 0.005 0.030 
246 NS_SS1257    (1)    5 :  0.035 0.140 0.624 0.096 0.039 0.067 
247 NS_SS1242    (2)    5 :  0.025 0.037 0.007 0.900 0.003 0.028 
248 NS_SS1271    (6)    5 :  0.009 0.015 0.903 0.025 0.031 0.017 
249 NS_SS1265    (1)    5 :  0.049 0.606 0.272 0.030 0.023 0.021 
250 NS_SS1243    (0)    5 :  0.013 0.516 0.068 0.021 0.077 0.305 
251 NS_SS1273    (1)    5 :  0.024 0.011 0.012 0.936 0.007 0.011 
252 NS_SS1254   (14)    5 :  0.057 0.008 0.010 0.013 0.006 0.906 
253 NS_SS1224    (1)    5 :  0.012 0.023 0.008 0.015 0.007 0.934 
254 NS_SS1227    (8)    5 :  0.010 0.011 0.029 0.941 0.001 0.007 
255 NS_SS1274    (9)    5 :  0.021 0.036 0.157 0.011 0.015 0.760 
256 NS_SS1241    (1)    5 :  0.090 0.089 0.687 0.014 0.001 0.119 
257 NS_SS1256    (3)    5 :  0.601 0.152 0.097 0.065 0.041 0.045 
258 NS_SS1260    (8)    5 :  0.014 0.219 0.487 0.159 0.074 0.047 
259 NS_SS1262    (0)    5 :  0.192 0.234 0.205 0.055 0.181 0.134 
260 NS_SS1230    (0)    5 :  0.044 0.062 0.753 0.091 0.009 0.041 
261 NS_SS1270    (2)    5 :  0.050 0.923 0.006 0.006 0.002 0.013 
262 NS_SS1229    (2)    5 :  0.775 0.194 0.007 0.005 0.004 0.015 
263 NS_SS1246    (5)    5 :  0.893 0.043 0.044 0.009 0.003 0.008 
264 NS_SS1269    (0)    5 :  0.015 0.241 0.035 0.183 0.002 0.525 
265 NS_SS1239    (1)    5 :  0.008 0.254 0.058 0.024 0.004 0.652 
266 NS_SS1272    (5)    5 :  0.949 0.013 0.006 0.018 0.006 0.008 
267 NS_SS1268    (1)    5 :  0.011 0.026 0.030 0.023 0.002 0.908 
268 NS_SS1249    (1)    5 :  0.012 0.009 0.939 0.009 0.010 0.021 
269 HI_SS0559    (0)    6 :  0.037 0.425 0.320 0.088 0.002 0.128 
270 HI_SS0563    (1)    6 :  0.014 0.017 0.022 0.016 0.003 0.929 
271 HI_SS0564    (0)    6 :  0.177 0.038 0.027 0.052 0.058 0.647 
272 HI_SS0565    (0)    6 :  0.467 0.208 0.059 0.253 0.003 0.010 
273 HI_SS0569    (1)    6 :  0.007 0.948 0.022 0.005 0.002 0.016 
274 HI_SS0570    (0)    6 :  0.088 0.024 0.801 0.012 0.045 0.030 
275 HI_SS0572    (1)    6 :  0.549 0.231 0.008 0.194 0.003 0.015 
276 HI_SS0576    (1)    6 :  0.020 0.089 0.021 0.851 0.006 0.013 
277 HI_SS0579    (1)    6 :  0.050 0.815 0.087 0.011 0.014 0.023 
278 HI_SS0580    (1)    6 :  0.050 0.062 0.300 0.565 0.004 0.019 
279 HI_SS0581    (0)    6 :  0.479 0.055 0.006 0.022 0.072 0.366 
280 HI_SS0583    (1)    6 :  0.261 0.472 0.220 0.027 0.003 0.016 
281 HI_SS0586    (1)    6 :  0.005 0.030 0.932 0.023 0.001 0.009 
282 HI_SS0588    (1)    6 :  0.015 0.585 0.262 0.103 0.018 0.017 
283 HI_SS0595    (4)    6 :  0.072 0.009 0.034 0.845 0.022 0.018 
284 HI_SS0596    (0)    6 :  0.403 0.119 0.029 0.410 0.002 0.037 
285 HI_SS0597    (1)    6 :  0.891 0.076 0.009 0.011 0.002 0.011 
286 HI_SS0600    (0)    6 :  0.037 0.079 0.121 0.018 0.003 0.742 
287 HI_SS0601    (1)    6 :  0.029 0.707 0.050 0.013 0.011 0.190 
288 HI_SS0602    (1)    6 :  0.005 0.388 0.014 0.586 0.002 0.006 
289 HI_SS0604    (0)    6 :  0.068 0.888 0.021 0.007 0.002 0.014 
290 HI_SS0605    (1)    6 :  0.006 0.543 0.038 0.061 0.006 0.346 
291 HI_SS0608    (0)    6 :  0.039 0.022 0.040 0.800 0.001 0.097 
292 HI_SS0609    (0)    6 :  0.090 0.154 0.009 0.017 0.001 0.729 
293 HI_SS0611    (5)    6 :  0.009 0.165 0.705 0.012 0.003 0.107 
294 HI_SS0612    (0)    6 :  0.124 0.251 0.292 0.062 0.008 0.263 
295 HI_SS0613    (1)    6 :  0.012 0.183 0.018 0.024 0.001 0.762 
296 HI_SS0615    (1)    6 :  0.015 0.025 0.006 0.935 0.009 0.011 
297 HI_SS0001    (1)    6 :  0.375 0.013 0.394 0.016 0.003 0.198 
298 HI_SS0002    (1)    6 :  0.295 0.253 0.008 0.358 0.030 0.055 
299 HI_SS0004    (0)    6 :  0.102 0.111 0.606 0.087 0.005 0.089 
300 HI_SS0005    (1)    6 :  0.023 0.140 0.029 0.769 0.006 0.034 
301 HI_SS0006    (1)    6 :  0.059 0.686 0.201 0.007 0.002 0.045 
302 HI_SS0007    (1)    6 :  0.009 0.022 0.936 0.007 0.002 0.024 
303 HI_SS0008    (0)    6 :  0.041 0.326 0.016 0.564 0.036 0.016 
304 HI_SS0009    (0)    6 :  0.007 0.019 0.021 0.922 0.005 0.025 
305 HI_SS0010    (1)    6 :  0.028 0.078 0.529 0.311 0.004 0.050 
306 HI_SS0011    (1)    6 :  0.844 0.021 0.023 0.012 0.084 0.016 
307 HI_SS0012    (0)    6 :  0.100 0.086 0.007 0.723 0.005 0.080 
308 HI_SS0017    (1)    6 :  0.828 0.019 0.122 0.012 0.002 0.017 
309 HI_SS0021    (1)    6 :  0.021 0.023 0.228 0.478 0.236 0.014 
310 HI_SS0024    (1)    6 :  0.540 0.022 0.056 0.288 0.002 0.092 
311 HI_SS0025    (1)    6 :  0.017 0.030 0.010 0.738 0.003 0.202 
312 HI_SS0027    (0)    6 :  0.007 0.047 0.901 0.010 0.011 0.024 
313 HI_SS0028    (0)    6 :  0.009 0.008 0.003 0.947 0.002 0.030 
314 HI_SS0029    (1)    6 :  0.018 0.009 0.019 0.933 0.006 0.015 
315 HI_SS0030    (2)    6 :  0.152 0.480 0.317 0.026 0.006 0.019 
316 HI_SS0031    (0)    6 :  0.007 0.016 0.006 0.963 0.003 0.005 
317 HI_SS0034    (0)    6 :  0.024 0.360 0.592 0.012 0.004 0.008 
318 HI_SS0036    (0)    6 :  0.030 0.014 0.398 0.537 0.012 0.007 
319 HI_SS0037    (1)    6 :  0.013 0.026 0.132 0.110 0.004 0.716 
320 HI_SS0039    (0)    6 :  0.019 0.052 0.558 0.260 0.003 0.107 
321 HI_SS0041    (1)    6 :  0.061 0.014 0.009 0.633 0.002 0.281 
322 HI_SS0042    (1)    6 :  0.296 0.075 0.025 0.450 0.122 0.033 
323 HI_SS0043    (1)    6 :  0.034 0.034 0.896 0.015 0.004 0.018 
324 HI_SS0044    (1)    6 :  0.049 0.024 0.211 0.693 0.003 0.021 
325 HI_SS0047    (1)    6 :  0.209 0.757 0.013 0.008 0.003 0.010 
326 HI_SS0049    (1)    6 :  0.070 0.429 0.090 0.391 0.005 0.016 
327 HI_SS0051    (1)    6 :  0.006 0.486 0.010 0.012 0.002 0.484 
328 HI_SS0053    (1)    6 :  0.250 0.234 0.486 0.013 0.006 0.011 
329 HI_SS0054    (4)    6 :  0.032 0.027 0.915 0.011 0.004 0.011 
330 HI_SS0057    (0)    6 :  0.394 0.211 0.067 0.052 0.003 0.272 
331 HI_SS0058    (0)    6 :  0.143 0.044 0.101 0.075 0.006 0.631 
332 HI_SS0060    (0)    6 :  0.017 0.025 0.060 0.794 0.068 0.036 
333 HI_SS0087    (1)    6 :  0.261 0.685 0.024 0.006 0.002 0.022 
334 HI_SS0091    (1)    6 :  0.147 0.027 0.283 0.008 0.001 0.533 
335 HI_SS0095    (1)    6 :  0.344 0.480 0.017 0.072 0.051 0.036 
336 HI_SS0097    (3)    6 :  0.244 0.703 0.011 0.012 0.005 0.026 
337 HI_SS0099    (1)    6 :  0.009 0.007 0.008 0.964 0.004 0.008 
338 HI_SS0103    (0)    6 :  0.352 0.428 0.018 0.022 0.003 0.176 
339 HI_SS0105    (1)    6 :  0.349 0.076 0.016 0.024 0.028 0.506 
340 HI_SS0107    (1)    6 :  0.719 0.232 0.006 0.013 0.001 0.028 
341 HI_SS0108    (1)    6 :  0.009 0.013 0.936 0.005 0.023 0.014 
342 HI_SS0110    (0)    6 :  0.748 0.058 0.055 0.068 0.001 0.069 
343 HI_SS0111    (1)    6 :  0.056 0.453 0.029 0.341 0.028 0.093 
344 HI_SS0112    (0)    6 :  0.007 0.005 0.963 0.014 0.001 0.009 
345 HI_SS0113    (1)    6 :  0.928 0.035 0.005 0.012 0.003 0.016 
346 HI_SS0114    (1)    6 :  0.007 0.775 0.079 0.116 0.004 0.019 
347 HI_SS0115    (1)    6 :  0.007 0.241 0.122 0.411 0.016 0.203 
348 HI_SS0116    (4)    6 :  0.037 0.060 0.479 0.396 0.004 0.024 
349 HI_SS0117    (0)    6 :  0.932 0.018 0.031 0.011 0.002 0.007 
350 HI_SS0118    (0)    6 :  0.243 0.110 0.469 0.050 0.016 0.112 
351 HI_SS0119    (1)    6 :  0.118 0.014 0.244 0.012 0.002 0.610 
352 HI_SS0120    (1)    6 :  0.971 0.007 0.005 0.006 0.003 0.008 
353 HI_SS0121    (0)    6 :  0.377 0.047 0.007 0.020 0.001 0.547 
354 HI_SS0122    (2)    6 :  0.160 0.016 0.022 0.074 0.023 0.705 
355 HI_SS0123    (0)    6 :  0.467 0.039 0.015 0.020 0.005 0.455 
356 HI_SS0124    (1)    6 :  0.028 0.006 0.011 0.292 0.003 0.661 
357 HI_SS0125    (1)    6 :  0.009 0.013 0.005 0.927 0.028 0.017 
358 HI_SS0126    (0)    6 :  0.008 0.007 0.948 0.027 0.001 0.009 
359 HI_SS0127    (0)    6 :  0.004 0.918 0.034 0.022 0.007 0.015 
360 HI_SS0128    (0)    6 :  0.140 0.382 0.103 0.356 0.003 0.016 
361 HI_SS0129    (1)    6 :  0.171 0.355 0.278 0.153 0.013 0.031 
362 HI_SS0131    (2)    6 :  0.010 0.009 0.183 0.740 0.034 0.023 
363 HI_SS0132    (0)    6 :  0.298 0.016 0.063 0.061 0.001 0.562 
364 HI_SS0133    (1)    6 :  0.003 0.003 0.987 0.003 0.001 0.003 
365 HI_SS0134    (1)    6 :  0.228 0.201 0.357 0.165 0.003 0.047 
366 HI_SS0142    (3)    6 :  0.021 0.913 0.005 0.012 0.016 0.034 
367 HI_SS0145    (0)    6 :  0.022 0.653 0.238 0.022 0.001 0.064 
368 HI_SS0146    (1)    6 :  0.007 0.161 0.756 0.036 0.001 0.039 
369 HI_SS0147    (1)    6 :  0.040 0.125 0.007 0.034 0.025 0.769 
370 HI_SS0149    (1)    6 :  0.522 0.010 0.072 0.016 0.004 0.376 
371 HI_SS0150    (2)    6 :  0.190 0.072 0.014 0.548 0.005 0.171 
372 HI_SS0151    (0)    6 :  0.013 0.815 0.075 0.012 0.011 0.073 
373 NS_SS1451    (1)    6 :  0.013 0.024 0.009 0.153 0.003 0.798 
374 NS_SS1404    (0)    6 :  0.026 0.016 0.035 0.114 0.011 0.798 
375 NS_SS1432    (2)    6 :  0.133 0.014 0.005 0.778 0.032 0.038 
376 NS_SS1405    (5)    6 :  0.014 0.018 0.051 0.804 0.003 0.110 
377 NS_SS1431   (10)    6 :  0.945 0.010 0.005 0.024 0.001 0.016 
378 NS_SS1402    (3)    6 :  0.366 0.045 0.028 0.124 0.003 0.434 
379 NS_SS1450    (3)    6 :  0.156 0.083 0.690 0.032 0.005 0.034 
380 NS_SS1396    (0)    6 :  0.330 0.133 0.028 0.141 0.008 0.361 
381 NS_SS1393    (5)    6 :  0.020 0.787 0.068 0.049 0.004 0.072 
382 NS_SS1392   (10)    6 :  0.020 0.009 0.012 0.858 0.013 0.089 
383 NS_SS1445    (0)    6 :  0.011 0.860 0.091 0.019 0.007 0.012 
384 NS_SS1423    (0)    6 :  0.747 0.146 0.087 0.010 0.002 0.009 
385 NS_SS1421    (9)    6 :  0.470 0.008 0.389 0.040 0.080 0.012 
386 NS_SS1411    (6)    6 :  0.018 0.144 0.732 0.047 0.002 0.057 
387 NS_SS1453    (6)    6 :  0.550 0.136 0.107 0.071 0.007 0.129 
388 NS_SS1442    (3)    6 :  0.013 0.956 0.013 0.008 0.003 0.007 
389 NS_SS1422    (1)    6 :  0.127 0.272 0.228 0.012 0.013 0.348 
390 NS_SS1419    (1)    6 :  0.015 0.025 0.011 0.007 0.143 0.799 
391 NS_SS1427    (0)    6 :  0.008 0.012 0.955 0.014 0.002 0.008 
392 NS_SS1444    (4)    6 :  0.011 0.887 0.007 0.083 0.003 0.009 
393 NS_SS1455    (0)    6 :  0.893 0.074 0.009 0.012 0.001 0.011 
394 NS_SS1425    (2)    6 :  0.037 0.024 0.905 0.015 0.001 0.018 
395 NS_SS1400    (0)    6 :  0.010 0.009 0.967 0.005 0.001 0.008 
396 NS_SS1406    (2)    6 :  0.837 0.022 0.004 0.023 0.009 0.105 
397 NS_SS1417    (6)    6 :  0.147 0.024 0.069 0.058 0.006 0.696 
398 NS_SS1454    (3)    6 :  0.293 0.010 0.061 0.007 0.001 0.628 
399 NS_SS1412    (1)    6 :  0.173 0.077 0.555 0.044 0.031 0.120 
400 NS_SS1438    (1)    6 :  0.036 0.312 0.452 0.008 0.001 0.191 
401 NS_SS1416    (4)    6 :  0.007 0.025 0.006 0.007 0.005 0.951 
402 NS_SS1401    (0)    6 :  0.776 0.018 0.012 0.148 0.014 0.031 
403 NS_SS1424    (6)    6 :  0.034 0.106 0.634 0.083 0.014 0.129 
404 NS_SS1435   (10)    6 :  0.041 0.069 0.153 0.723 0.003 0.012 
405 NS_SS1447    (4)    6 :  0.058 0.885 0.010 0.029 0.006 0.012 
406 NS_SS1414    (3)    6 :  0.034 0.093 0.019 0.505 0.009 0.341 
407 NS_SS1449   (14)    6 :  0.149 0.010 0.010 0.005 0.003 0.823 
408 NS_SS1443    (4)    6 :  0.025 0.110 0.832 0.010 0.002 0.021 
409 NS_SS1434    (1)    6 :  0.423 0.023 0.499 0.027 0.001 0.027 
410 NS_SS1398    (1)    6 :  0.019 0.023 0.031 0.899 0.016 0.012 
411 NS_SS1426    (1)    6 :  0.040 0.274 0.646 0.023 0.002 0.016 
412 NS_SS1413    (0)    6 :  0.023 0.005 0.941 0.014 0.011 0.006 
413 NS_SS1395    (1)    6 :  0.032 0.898 0.021 0.031 0.007 0.010 
414 NS_SS1448   (10)    6 :  0.035 0.023 0.887 0.034 0.002 0.020 
415 NS_SS1446    (0)    6 :  0.171 0.233 0.085 0.049 0.003 0.459 
416 NS_SS1403    (2)    6 :  0.556 0.054 0.011 0.158 0.006 0.214 
417 NS_SS1415    (0)    6 :  0.007 0.011 0.953 0.010 0.010 0.009 
418 NS_SS1437    (4)    6 :  0.207 0.026 0.016 0.712 0.008 0.031 
419 NS_SS1439    (2)    6 :  0.013 0.933 0.006 0.019 0.002 0.028 
420 NS_SS1441    (3)    6 :  0.080 0.157 0.355 0.335 0.002 0.071 
421 NS_SS1420    (2)    6 :  0.007 0.053 0.009 0.035 0.003 0.893 
422 NS_SS1394    (2)    6 :  0.010 0.071 0.005 0.303 0.033 0.577 
423 NS_SS1391    (7)    6 :  0.061 0.217 0.038 0.668 0.011 0.005 
424 NS_SS1410    (5)    6 :  0.567 0.124 0.042 0.043 0.014 0.210 
425 NS_SS1408    (1)    6 :  0.440 0.456 0.012 0.031 0.047 0.015 
426 NS_SS1409    (1)    6 :  0.027 0.339 0.057 0.543 0.002 0.032 
427 HI_SS0617    (1)    7 :  0.025 0.058 0.042 0.090 0.001 0.785 
428 HI_SS0618    (2)    7 :  0.020 0.160 0.012 0.021 0.003 0.785 
429 HI_SS0619    (0)    7 :  0.028 0.014 0.084 0.814 0.003 0.057 
430 HI_SS0620    (1)    7 :  0.004 0.017 0.961 0.006 0.002 0.009 
431 HI_SS0621    (3)    7 :  0.274 0.058 0.021 0.365 0.015 0.267 
432 HI_SS0622    (1)    7 :  0.137 0.107 0.579 0.033 0.014 0.131 
433 HI_SS0626    (0)    7 :  0.017 0.056 0.013 0.865 0.007 0.043 
434 HI_SS0627    (0)    7 :  0.459 0.474 0.009 0.032 0.008 0.018 
435 HI_SS0628    (3)    7 :  0.074 0.016 0.138 0.707 0.042 0.023 
436 HI_SS0629    (1)    7 :  0.021 0.056 0.057 0.827 0.005 0.034 
437 HI_SS0630    (1)    7 :  0.012 0.057 0.554 0.200 0.065 0.113 
438 HI_SS0631    (0)    7 :  0.048 0.064 0.517 0.337 0.001 0.033 
439 HI_SS0632    (0)    7 :  0.092 0.398 0.227 0.063 0.003 0.217 
440 HI_SS0633    (0)    7 :  0.014 0.201 0.011 0.760 0.003 0.010 
441 HI_SS0634    (1)    7 :  0.096 0.053 0.041 0.058 0.002 0.750 
442 HI_SS0635    (0)    7 :  0.011 0.110 0.009 0.836 0.008 0.027 
443 HI_SS0637    (1)    7 :  0.016 0.670 0.008 0.010 0.003 0.293 
444 HI_SS0638    (0)    7 :  0.052 0.021 0.855 0.026 0.001 0.044 
445 HI_SS0639    (1)    7 :  0.016 0.372 0.009 0.440 0.043 0.120 
446 HI_SS0640    (1)    7 :  0.013 0.925 0.015 0.036 0.001 0.009 
447 HI_SS0641    (1)    7 :  0.004 0.037 0.202 0.708 0.004 0.045 
448 HI_SS0642    (0)    7 :  0.753 0.090 0.020 0.100 0.002 0.035 
449 HI_SS0645    (0)    7 :  0.007 0.005 0.009 0.177 0.001 0.800 
450 HI_SS0646    (1)    7 :  0.151 0.751 0.051 0.020 0.002 0.025 
451 HI_SS0647    (1)    7 :  0.256 0.014 0.612 0.082 0.001 0.034 
452 HI_SS0648    (0)    7 :  0.054 0.058 0.059 0.688 0.003 0.138 
453 HI_SS0649    (1)    7 :  0.026 0.741 0.011 0.199 0.002 0.020 
454 HI_SS0650    (1)    7 :  0.080 0.741 0.012 0.044 0.005 0.118 
455 HI_SS0651    (1)    7 :  0.017 0.329 0.040 0.520 0.003 0.091 
456 HI_SS0652    (1)    7 :  0.035 0.087 0.026 0.573 0.004 0.276 
457 NS_SS1371    (3)    7 :  0.035 0.621 0.034 0.282 0.006 0.022 
458 NS_SS1374    (0)    7 :  0.035 0.007 0.481 0.353 0.003 0.121 
459 NS_SS1337    (3)    7 :  0.256 0.014 0.020 0.014 0.003 0.693 
460 NS_SS1385    (5)    7 :  0.729 0.223 0.021 0.008 0.005 0.014 
461 NS_SS1388    (0)    7 :  0.009 0.010 0.011 0.942 0.006 0.021 
462 NS_SS1370    (1)    7 :  0.011 0.039 0.025 0.007 0.009 0.910 
463 NS_SS1389    (3)    7 :  0.023 0.013 0.016 0.937 0.004 0.007 
464 NS_SS1360    (1)    7 :  0.011 0.391 0.525 0.025 0.005 0.043 
465 NS_SS1330    (0)    7 :  0.026 0.529 0.007 0.045 0.004 0.390 
466 NS_SS1328    (9)    7 :  0.025 0.010 0.923 0.023 0.002 0.017 
467 NS_SS1384    (1)    7 :  0.235 0.688 0.017 0.031 0.004 0.026 
468 NS_SS1381    (0)    7 :  0.223 0.090 0.011 0.035 0.001 0.641 
469 NS_SS1375    (1)    7 :  0.022 0.012 0.025 0.889 0.001 0.050 
470 NS_SS1319   (11)    7 :  0.058 0.016 0.032 0.550 0.103 0.241 
471 NS_SS1326    (2)    7 :  0.031 0.009 0.900 0.045 0.010 0.006 
472 NS_SS1341    (1)    7 :  0.234 0.661 0.032 0.014 0.004 0.056 
473 NS_SS1383    (2)    7 :  0.434 0.307 0.032 0.205 0.004 0.018 
474 NS_SS1318    (3)    7 :  0.021 0.813 0.067 0.051 0.016 0.032 
475 NS_SS1348    (2)    7 :  0.018 0.170 0.772 0.022 0.002 0.015 
476 NS_SS1363    (0)    7 :  0.039 0.151 0.060 0.150 0.004 0.597 
477 NS_SS1335    (4)    7 :  0.044 0.049 0.522 0.025 0.033 0.328 
478 NS_SS1358    (0)    7 :  0.125 0.092 0.089 0.004 0.015 0.674 
479 NS_SS1342    (1)    7 :  0.896 0.012 0.064 0.009 0.001 0.018 
480 NS_SS1320    (3)    7 :  0.062 0.008 0.006 0.893 0.006 0.025 
481 NS_SS1355    (1)    7 :  0.023 0.931 0.006 0.018 0.010 0.012 
482 NS_SS1345    (1)    7 :  0.496 0.181 0.095 0.009 0.019 0.200 
483 NS_SS1324    (0)    7 :  0.019 0.070 0.096 0.770 0.003 0.043 
484 NS_SS1347    (5)    7 :  0.116 0.810 0.037 0.019 0.003 0.015 
485 NS_SS1321    (4)    7 :  0.262 0.032 0.247 0.018 0.001 0.439 
486 NS_SS1333    (0)    7 :  0.014 0.005 0.019 0.954 0.002 0.006 
487 NS_SS1364    (1)    7 :  0.469 0.303 0.171 0.039 0.002 0.016 
488 NS_SS1379    (0)    7 :  0.120 0.210 0.011 0.010 0.045 0.605 
489 NS_SS1332    (0)    7 :  0.014 0.033 0.812 0.130 0.006 0.006 
490 NS_SS1338    (5)    7 :  0.005 0.028 0.047 0.052 0.007 0.860 
491 NS_SS1368    (6)    7 :  0.261 0.082 0.590 0.044 0.005 0.017 
492 NS_SS1354    (1)    7 :  0.040 0.040 0.019 0.687 0.011 0.203 
493 NS_SS1365    (0)    7 :  0.204 0.316 0.257 0.078 0.011 0.134 
494 NS_SS1380    (1)    7 :  0.306 0.024 0.007 0.017 0.020 0.627 
495 NS_SS1329    (8)    7 :  0.835 0.051 0.087 0.011 0.003 0.013 
496 NS_SS1362    (0)    7 :  0.439 0.481 0.031 0.032 0.004 0.012 
497 NS_SS1327    (2)    7 :  0.004 0.011 0.969 0.008 0.002 0.006 
498 NS_SS1350    (0)    7 :  0.006 0.018 0.101 0.681 0.008 0.185 
499 NS_SS1387    (2)    7 :  0.012 0.939 0.013 0.015 0.002 0.020 
500 NS_SS1369    (8)    7 :  0.022 0.015 0.830 0.007 0.004 0.123 
501 NS_SS1331    (1)    7 :  0.219 0.007 0.077 0.273 0.010 0.415 
502 NS_SS1357    (5)    7 :  0.907 0.017 0.056 0.009 0.003 0.008 
503 NS_SS1386    (1)    7 :  0.173 0.009 0.794 0.010 0.003 0.010 
504 NS_SS1353    (2)    7 :  0.868 0.030 0.035 0.052 0.003 0.011 
505 NS_SS1323    (0)    7 :  0.689 0.054 0.010 0.024 0.081 0.143 
506 HI_SS0296    (0)    8 :  0.021 0.116 0.393 0.009 0.002 0.459 
507 HI_SS0297    (0)    8 :  0.878 0.011 0.040 0.051 0.001 0.019 
508 HI_SS0299    (0)    8 :  0.418 0.365 0.072 0.027 0.037 0.081 
509 HI_SS0300    (0)    8 :  0.023 0.423 0.067 0.007 0.001 0.478 
510 HI_SS0301    (0)    8 :  0.050 0.886 0.017 0.028 0.003 0.017 
511 HI_SS0302    (0)    8 :  0.009 0.051 0.861 0.033 0.022 0.023 
512 HI_SS0303    (0)    8 :  0.008 0.013 0.948 0.017 0.006 0.008 
513 HI_SS0304    (0)    8 :  0.024 0.008 0.024 0.036 0.002 0.907 
514 HI_SS0306    (5)    8 :  0.005 0.005 0.978 0.005 0.003 0.004 
515 HI_SS0307    (1)    8 :  0.057 0.335 0.029 0.360 0.007 0.213 
516 HI_SS0308    (1)    8 :  0.032 0.019 0.009 0.814 0.064 0.063 
517 HI_SS0309    (0)    8 :  0.221 0.019 0.011 0.038 0.003 0.709 
518 HI_SS0310    (0)    8 :  0.169 0.168 0.398 0.244 0.007 0.014 
519 HI_SS0311    (4)    8 :  0.154 0.395 0.179 0.074 0.002 0.196 
520 HI_SS0314    (0)    8 :  0.010 0.010 0.020 0.949 0.001 0.010 
521 HI_SS0316    (1)    8 :  0.085 0.460 0.320 0.105 0.005 0.025 
522 HI_SS0317    (3)    8 :  0.040 0.076 0.013 0.626 0.002 0.243 
523 HI_SS0318    (1)    8 :  0.297 0.145 0.296 0.037 0.201 0.023 
524 HI_SS0319    (0)    8 :  0.024 0.125 0.816 0.022 0.005 0.008 
525 HI_SS0320    (3)    8 :  0.318 0.009 0.004 0.648 0.001 0.021 
526 HI_SS0321    (0)    8 :  0.013 0.734 0.047 0.195 0.001 0.009 
527 HI_SS0323    (1)    8 :  0.008 0.502 0.051 0.407 0.002 0.030 
528 HI_SS0325    (2)    8 :  0.016 0.042 0.908 0.007 0.002 0.026 
529 HI_SS0327    (1)    8 :  0.408 0.221 0.343 0.015 0.002 0.012 
530 HI_SS0329    (1)    8 :  0.063 0.023 0.078 0.107 0.001 0.727 
531 HI_SS0333    (1)    8 :  0.248 0.152 0.031 0.528 0.003 0.037 
532 HI_SS0334    (1)    8 :  0.056 0.354 0.080 0.009 0.001 0.500 
533 HI_SS0335    (1)    8 :  0.110 0.823 0.011 0.012 0.017 0.027 
534 HI_SS0339    (0)    8 :  0.267 0.693 0.006 0.015 0.008 0.010 
535 HI_SS0343    (2)    8 :  0.726 0.229 0.017 0.017 0.002 0.009 
536 HI_SS0344    (1)    8 :  0.006 0.004 0.977 0.005 0.003 0.005 
537 HI_SS0345    (3)    8 :  0.467 0.032 0.026 0.017 0.007 0.451 
538 HI_SS0346    (0)    8 :  0.632 0.189 0.020 0.044 0.004 0.110 
539 HI_SS0350    (1)    8 :  0.011 0.021 0.006 0.019 0.009 0.934 
540 HI_SS0351    (0)    8 :  0.104 0.802 0.047 0.008 0.003 0.035 
541 HI_SS0352    (3)    8 :  0.721 0.028 0.013 0.010 0.106 0.123 
542 HI_SS0362    (0)    8 :  0.014 0.140 0.442 0.366 0.003 0.035 
543 HI_SS0363    (1)    8 :  0.015 0.065 0.891 0.012 0.003 0.014 
544 HI_SS0365    (0)    8 :  0.025 0.039 0.355 0.047 0.006 0.529 
545 HI_SS0366    (0)    8 :  0.009 0.016 0.945 0.009 0.001 0.020 
546 HI_SS0367    (1)    8 :  0.119 0.373 0.008 0.286 0.002 0.212 
547 HI_SS0369    (1)    8 :  0.489 0.100 0.015 0.051 0.002 0.342 
548 HI_SS0370    (0)    8 :  0.750 0.128 0.015 0.092 0.003 0.013 
549 HI_SS0371    (4)    8 :  0.015 0.014 0.918 0.033 0.004 0.017 
550 HI_SS0373    (3)    8 :  0.006 0.012 0.027 0.939 0.007 0.009 
551 HI_SS0374    (0)    8 :  0.028 0.039 0.010 0.886 0.023 0.015 
552 HI_SS0377    (0)    8 :  0.039 0.012 0.704 0.009 0.079 0.157 
553 HI_SS0379    (1)    8 :  0.012 0.009 0.967 0.006 0.001 0.004 
554 HI_SS0380    (1)    8 :  0.518 0.194 0.014 0.236 0.007 0.031 
555 HI_SS0381    (2)    8 :  0.047 0.628 0.013 0.078 0.005 0.230 
556 HI_SS0384    (3)    8 :  0.119 0.027 0.162 0.675 0.007 0.010 
557 HI_SS0385    (1)    8 :  0.017 0.006 0.270 0.648 0.001 0.058 
558 HI_SS0386    (0)    9 :  0.002 0.002 0.002 0.002 0.992 0.002 
559 HI_SS0387    (0)    9 :  0.011 0.011 0.014 0.010 0.942 0.011 
560 HI_SS0389    (2)    9 :  0.004 0.004 0.004 0.003 0.982 0.004 
561 HI_SS0390    (2)    9 :  0.002 0.002 0.002 0.002 0.991 0.002 
562 HI_SS0391    (3)    9 :  0.003 0.003 0.002 0.003 0.985 0.003 
563 HI_SS0392    (0)    9 :  0.002 0.002 0.002 0.002 0.991 0.002 
564 HI_SS0393    (2)    9 :  0.001 0.002 0.002 0.001 0.992 0.002 
565 HI_SS0394    (2)    9 :  0.002 0.002 0.002 0.002 0.992 0.001 
