

----------------------------------------------------
STRUCTURE by Pritchard, Stephens and Donnelly (2000)
     and Falush, Stephens and Pritchard (2003)
       Code by Pritchard, Falush and Hubisz
             Version 2.3.4 (Jul 2012)
----------------------------------------------------



Command line arguments:   /home/genobiwan/Documents/Programs/Structure/structure -m parameter_job_k4_r7 
Input File:    /media/genobiwan/Storage/Projets/Mackerel_NWA_2021/data_job_k4_r7

Run parameters:
   629 individuals
   4140 loci
   4 populations assumed
   100000 Burn-in period
   200000 Reps


--------------------------------------------
Proportion of membership of each pre-defined
 population in each of the 4 clusters

Given    Inferred Clusters              Number of
 Pop       1      2      3      4      Individuals

  1:     0.012  0.243  0.379  0.366       67
  2:     0.008  0.191  0.382  0.419       32
  3:     0.013  0.255  0.340  0.391       92
  4:     0.016  0.369  0.262  0.353       36
  5:     0.021  0.374  0.449  0.156       41
  6:     0.013  0.344  0.302  0.342      158
  7:     0.010  0.292  0.322  0.377       79
  8:     0.014  0.373  0.309  0.305       52
  9:     0.983  0.004  0.005  0.007       36
 10:     0.989  0.004  0.004  0.004       36
--------------------------------------------

Allele-freq. divergence among pops (Net nucleotide distance),
computed using point estimates of P.

      1       2       3       4      
 1      -    0.0050  0.0048  0.0047  
 2   0.0050     -    0.0003  0.0002  
 3   0.0048  0.0003     -    0.0001  
 4   0.0047  0.0002  0.0001     -    

Average distances (expected heterozygosity) between individuals in same cluster:
cluster  1  : 0.3056 
cluster  2  : 0.3181 
cluster  3  : 0.3182 
cluster  4  : 0.3190 

--------------------------------------------
Estimated Ln Prob of Data   = -2471673.9
Mean value of ln likelihood = -2466584.4
Variance of ln likelihood   = 10179.1
Mean value of alpha         = 0.0393

Mean value of Fst_1         = 0.0379
Mean value of Fst_2         = 0.0029
Mean value of Fst_3         = 0.0022
Mean value of Fst_4         = 0.0013


Inferred ancestry of individuals:
        Label (%Miss) Pop:  Inferred clusters
  1 NS_SS0963    (4)    1 :  0.005 0.059 0.022 0.915 
  2 NS_SS0983    (1)    1 :  0.004 0.801 0.008 0.187 
  3 NS_SS0719    (9)    1 :  0.004 0.038 0.016 0.942 
  4 NS_SS1001    (8)    1 :  0.005 0.092 0.861 0.041 
  5 NS_SS0936    (4)    1 :  0.003 0.056 0.488 0.453 
  6 NS_SS0955    (6)    1 :  0.003 0.887 0.041 0.068 
  7 NS_SS0944    (3)    1 :  0.002 0.880 0.096 0.022 
  8 NS_SS0945    (3)    1 :  0.008 0.204 0.711 0.076 
  9 NS_SS0922    (2)    1 :  0.026 0.014 0.124 0.836 
 10 NS_SS0929    (7)    1 :  0.003 0.386 0.124 0.487 
 11 NS_SS0956    (1)    1 :  0.004 0.015 0.336 0.645 
 12 NS_SS0906    (3)    1 :  0.003 0.077 0.498 0.422 
 13 NS_SS0721    (6)    1 :  0.004 0.009 0.010 0.977 
 14 NS_SS0982    (4)    1 :  0.015 0.014 0.441 0.530 
 15 NS_SS0923    (6)    1 :  0.004 0.016 0.088 0.893 
 16 NS_SS0905    (6)    1 :  0.002 0.059 0.030 0.909 
 17 NS_SS0925    (3)    1 :  0.003 0.011 0.173 0.813 
 18 NS_SS0947    (6)    1 :  0.005 0.024 0.805 0.166 
 19 NS_SS0926    (2)    1 :  0.001 0.978 0.012 0.009 
 20 NS_SS0918    (6)    1 :  0.002 0.068 0.848 0.082 
 21 NS_SS0966    (4)    1 :  0.049 0.055 0.823 0.072 
 22 NS_SS0938    (2)    1 :  0.001 0.035 0.941 0.023 
 23 NS_SS0917    (2)    1 :  0.031 0.023 0.054 0.892 
 24 NS_SS0957   (11)    1 :  0.007 0.035 0.862 0.097 
 25 NS_SS0987    (1)    1 :  0.238 0.038 0.287 0.437 
 26 NS_SS0717    (4)    1 :  0.002 0.016 0.944 0.037 
 27 NS_SS0986    (2)    1 :  0.003 0.040 0.848 0.109 
 28 NS_SS0953    (3)    1 :  0.019 0.038 0.865 0.078 
 29 NS_SS0907    (3)    1 :  0.037 0.031 0.461 0.471 
 30 NS_SS0974    (6)    1 :  0.004 0.868 0.056 0.072 
 31 NS_SS0989    (1)    1 :  0.001 0.908 0.015 0.075 
 32 NS_SS0991    (3)    1 :  0.002 0.840 0.037 0.121 
 33 NS_SS0994    (2)    1 :  0.002 0.984 0.005 0.008 
 34 NS_SS0931    (6)    1 :  0.011 0.957 0.012 0.020 
 35 NS_SS1000    (5)    1 :  0.004 0.014 0.745 0.237 
 36 NS_SS0919    (1)    1 :  0.002 0.051 0.007 0.939 
 37 NS_SS0949    (4)    1 :  0.002 0.958 0.007 0.033 
 38 NS_SS0960   (10)    1 :  0.005 0.457 0.014 0.524 
 39 NS_SS0716    (2)    1 :  0.006 0.006 0.964 0.024 
 40 NS_SS0924    (8)    1 :  0.017 0.418 0.045 0.520 
 41 NS_SS0935    (2)    1 :  0.008 0.367 0.013 0.612 
 42 NS_SS0952   (14)    1 :  0.038 0.801 0.062 0.098 
 43 NS_SS0962   (11)    1 :  0.006 0.023 0.649 0.322 
 44 NS_SS0973    (5)    1 :  0.003 0.087 0.032 0.878 
 45 NS_SS0722    (1)    1 :  0.002 0.008 0.927 0.063 
 46 NS_SS0979   (13)    1 :  0.002 0.013 0.924 0.061 
 47 NS_SS0993    (2)    1 :  0.017 0.026 0.932 0.025 
 48 NS_SS0958    (1)    1 :  0.003 0.855 0.117 0.025 
 49 NS_SS0988    (4)    1 :  0.005 0.146 0.643 0.205 
 50 NS_SS1003    (2)    1 :  0.009 0.029 0.400 0.562 
 51 NS_SS0976    (1)    1 :  0.002 0.777 0.045 0.176 
 52 NS_SS0964   (10)    1 :  0.003 0.013 0.836 0.148 
 53 NS_SS0939    (4)    1 :  0.004 0.006 0.793 0.197 
 54 NS_SS0990    (6)    1 :  0.004 0.130 0.812 0.055 
 55 NS_SS0984    (2)    1 :  0.002 0.008 0.409 0.580 
 56 NS_SS0980   (10)    1 :  0.002 0.136 0.054 0.807 
 57 NS_SS0978    (4)    1 :  0.002 0.015 0.033 0.949 
 58 NS_SS0951   (18)    1 :  0.003 0.477 0.469 0.050 
 59 NS_SS0913    (3)    1 :  0.033 0.014 0.919 0.034 
 60 NS_SS1002    (1)    1 :  0.038 0.012 0.929 0.022 
 61 NS_SS0948    (1)    1 :  0.042 0.100 0.822 0.036 
 62 NS_SS0916    (4)    1 :  0.005 0.167 0.060 0.767 
 63 NS_SS0995    (1)    1 :  0.003 0.010 0.052 0.936 
 64 NS_SS0927    (6)    1 :  0.004 0.029 0.019 0.949 
 65 NS_SS0992    (5)    1 :  0.003 0.166 0.138 0.693 
 66 NS_SS0912    (1)    1 :  0.003 0.394 0.238 0.364 
 67 NS_SS0981    (1)    1 :  0.004 0.035 0.333 0.628 
 68 NS_SS0729    (5)    2 :  0.004 0.979 0.006 0.011 
 69 NS_SS0967   (15)    2 :  0.010 0.104 0.129 0.757 
 70 NS_SS0941    (8)    2 :  0.074 0.090 0.287 0.549 
 71 NS_SS0768   (12)    2 :  0.005 0.028 0.896 0.071 
 72 NS_SS0726    (5)    2 :  0.009 0.918 0.014 0.059 
 73 NS_SS0763    (4)    2 :  0.003 0.896 0.055 0.046 
 74 NS_SS0730    (6)    2 :  0.003 0.050 0.487 0.459 
 75 NS_SS0774    (2)    2 :  0.001 0.009 0.804 0.185 
 76 NS_SS0723    (3)    2 :  0.001 0.006 0.022 0.971 
 77 NS_SS0940   (10)    2 :  0.006 0.190 0.083 0.721 
 78 NS_SS0762    (1)    2 :  0.003 0.012 0.919 0.066 
 79 NS_SS0766   (11)    2 :  0.012 0.084 0.061 0.843 
 80 NS_SS0724    (1)    2 :  0.004 0.015 0.949 0.032 
 81 NS_SS0769    (3)    2 :  0.003 0.027 0.479 0.491 
 82 NS_SS0777    (1)    2 :  0.013 0.268 0.171 0.548 
 83 NS_SS0734    (6)    2 :  0.020 0.075 0.029 0.876 
 84 NS_SS0737    (3)    2 :  0.005 0.008 0.857 0.131 
 85 NS_SS0732    (5)    2 :  0.004 0.013 0.027 0.956 
 86 NS_SS0728    (5)    2 :  0.009 0.028 0.189 0.773 
 87 NS_SS0735    (9)    2 :  0.007 0.031 0.269 0.694 
 88 NS_SS0725    (1)    2 :  0.007 0.064 0.919 0.010 
 89 NS_SS0788    (2)    2 :  0.001 0.014 0.020 0.965 
 90 NS_SS0778    (2)    2 :  0.001 0.035 0.015 0.949 
 91 NS_SS0792    (6)    2 :  0.005 0.138 0.688 0.168 
 92 NS_SS0943   (11)    2 :  0.007 0.968 0.016 0.010 
 93 NS_SS0791    (2)    2 :  0.011 0.028 0.010 0.951 
 94 NS_SS0790    (5)    2 :  0.003 0.004 0.986 0.007 
 95 NS_SS0731    (6)    2 :  0.011 0.009 0.962 0.018 
 96 NS_SS0727    (7)    2 :  0.002 0.834 0.139 0.025 
 97 NS_SS0779   (13)    2 :  0.004 0.034 0.114 0.847 
 98 NS_SS0776    (3)    2 :  0.007 0.139 0.711 0.142 
 99 NS_SS0775    (5)    2 :  0.007 0.008 0.899 0.086 
100 NS_SS0965    (3)    3 :  0.001 0.023 0.033 0.943 
101 NS_SS0754   (14)    3 :  0.010 0.357 0.037 0.596 
102 NS_SS0838    (5)    3 :  0.042 0.306 0.523 0.129 
103 NS_SS0839    (3)    3 :  0.003 0.008 0.840 0.149 
104 NS_SS0832    (4)    3 :  0.044 0.005 0.698 0.252 
105 NS_SS0820    (5)    3 :  0.005 0.007 0.524 0.464 
106 NS_SS0886    (9)    3 :  0.002 0.147 0.022 0.829 
107 NS_SS0748    (5)    3 :  0.009 0.291 0.598 0.102 
108 NS_SS0884    (9)    3 :  0.025 0.174 0.122 0.679 
109 NS_SS0752    (4)    3 :  0.002 0.055 0.064 0.879 
110 NS_SS0862    (1)    3 :  0.004 0.009 0.100 0.887 
111 NS_SS0787    (9)    3 :  0.006 0.966 0.010 0.018 
112 NS_SS0843    (6)    3 :  0.002 0.107 0.329 0.562 
113 NS_SS0856    (4)    3 :  0.003 0.016 0.818 0.163 
114 NS_SS0846    (2)    3 :  0.004 0.671 0.116 0.209 
115 NS_SS0825    (1)    3 :  0.011 0.148 0.232 0.608 
116 NS_SS0757    (3)    3 :  0.003 0.170 0.121 0.706 
117 NS_SS0876    (3)    3 :  0.220 0.019 0.467 0.294 
118 NS_SS0903   (10)    3 :  0.003 0.016 0.245 0.736 
119 NS_SS0875    (7)    3 :  0.003 0.056 0.436 0.505 
120 NS_SS0740    (5)    3 :  0.003 0.059 0.059 0.879 
121 NS_SS0811    (5)    3 :  0.009 0.010 0.946 0.035 
122 NS_SS0751    (1)    3 :  0.002 0.055 0.216 0.726 
123 NS_SS0891    (6)    3 :  0.005 0.015 0.960 0.020 
124 NS_SS0867    (2)    3 :  0.027 0.381 0.058 0.534 
125 NS_SS0890    (6)    3 :  0.004 0.084 0.037 0.876 
126 NS_SS0866   (12)    3 :  0.006 0.952 0.033 0.010 
127 NS_SS0755    (4)    3 :  0.007 0.054 0.799 0.140 
128 NS_SS0758    (4)    3 :  0.002 0.096 0.273 0.629 
129 NS_SS0840    (2)    3 :  0.002 0.013 0.801 0.184 
130 NS_SS0889    (4)    3 :  0.002 0.944 0.035 0.020 
131 NS_SS1010    (1)    3 :  0.047 0.197 0.317 0.439 
132 NS_SS0888    (5)    3 :  0.002 0.895 0.007 0.096 
133 NS_SS0837    (3)    3 :  0.002 0.068 0.447 0.483 
134 NS_SS0794   (10)    3 :  0.002 0.753 0.170 0.075 
135 NS_SS0823    (5)    3 :  0.004 0.009 0.937 0.050 
136 NS_SS0829    (7)    3 :  0.108 0.828 0.019 0.046 
137 NS_SS0844    (5)    3 :  0.002 0.010 0.948 0.040 
138 NS_SS1008    (6)    3 :  0.014 0.846 0.092 0.049 
139 NS_SS0881    (3)    3 :  0.003 0.321 0.042 0.635 
140 NS_SS0834    (6)    3 :  0.005 0.013 0.959 0.023 
141 NS_SS0744   (10)    3 :  0.006 0.021 0.019 0.955 
142 NS_SS0899    (7)    3 :  0.001 0.005 0.980 0.013 
143 NS_SS0804    (5)    3 :  0.004 0.008 0.911 0.078 
144 NS_SS0781   (10)    3 :  0.003 0.006 0.910 0.081 
145 NS_SS0822    (6)    3 :  0.002 0.894 0.069 0.035 
146 NS_SS1004    (4)    3 :  0.003 0.099 0.286 0.611 
147 NS_SS0746    (5)    3 :  0.013 0.169 0.706 0.112 
148 NS_SS0880    (3)    3 :  0.001 0.494 0.141 0.363 
149 NS_SS0879    (5)    3 :  0.012 0.052 0.892 0.044 
150 NS_SS0753    (2)    3 :  0.011 0.468 0.023 0.497 
151 NS_SS1007    (3)    3 :  0.002 0.011 0.008 0.979 
152 NS_SS0872    (5)    3 :  0.002 0.009 0.949 0.040 
153 NS_SS1005    (7)    3 :  0.001 0.013 0.894 0.092 
154 NS_SS0892    (6)    3 :  0.002 0.031 0.140 0.827 
155 NS_SS0898    (0)    3 :  0.006 0.874 0.077 0.044 
156 NS_SS0801    (9)    3 :  0.010 0.025 0.113 0.853 
157 NS_SS0827    (9)    3 :  0.120 0.255 0.145 0.479 
158 NS_SS0853    (7)    3 :  0.005 0.030 0.826 0.139 
159 NS_SS0780    (2)    3 :  0.003 0.007 0.023 0.967 
160 NS_SS0826   (10)    3 :  0.004 0.689 0.291 0.015 
161 NS_SS0818    (5)    3 :  0.002 0.011 0.084 0.904 
162 NS_SS0745    (1)    3 :  0.001 0.009 0.934 0.055 
163 NS_SS0849    (3)    3 :  0.001 0.079 0.210 0.709 
164 NS_SS0739    (3)    3 :  0.011 0.007 0.024 0.958 
165 NS_SS0799    (1)    3 :  0.001 0.621 0.021 0.357 
166 NS_SS0756    (3)    3 :  0.003 0.009 0.902 0.085 
167 NS_SS0802    (2)    3 :  0.169 0.077 0.031 0.723 
168 NS_SS0747    (6)    3 :  0.004 0.012 0.022 0.961 
169 NS_SS0835    (1)    3 :  0.001 0.828 0.020 0.150 
170 NS_SS0742   (19)    3 :  0.001 0.035 0.178 0.786 
171 NS_SS0760    (9)    3 :  0.049 0.904 0.017 0.030 
172 NS_SS0803    (4)    3 :  0.007 0.010 0.819 0.165 
173 NS_SS0828   (14)    3 :  0.001 0.143 0.018 0.838 
174 NS_SS0865    (2)    3 :  0.026 0.139 0.109 0.726 
175 NS_SS0759    (5)    3 :  0.004 0.006 0.048 0.943 
176 NS_SS0851    (5)    3 :  0.010 0.009 0.947 0.034 
177 NS_SS0874   (16)    3 :  0.002 0.033 0.835 0.130 
178 NS_SS0761    (6)    3 :  0.003 0.828 0.057 0.113 
179 NS_SS0842   (26)    3 :  0.009 0.306 0.644 0.041 
180 NS_SS0785    (6)    3 :  0.005 0.162 0.078 0.755 
181 NS_SS0860   (11)    3 :  0.002 0.795 0.020 0.183 
182 NS_SS0897    (7)    3 :  0.002 0.981 0.009 0.009 
183 NS_SS0841   (15)    3 :  0.004 0.030 0.428 0.538 
184 NS_SS0797    (7)    3 :  0.027 0.921 0.030 0.022 
185 NS_SS0830   (11)    3 :  0.002 0.613 0.206 0.179 
186 NS_SS1011    (5)    3 :  0.006 0.030 0.726 0.238 
187 NS_SS0883    (5)    3 :  0.005 0.038 0.023 0.934 
188 NS_SS0782    (2)    3 :  0.002 0.106 0.741 0.151 
189 NS_SS0831    (5)    3 :  0.003 0.884 0.039 0.073 
190 NS_SS0749    (7)    3 :  0.003 0.017 0.008 0.972 
191 NS_SS0854    (2)    3 :  0.003 0.526 0.169 0.302 
192 HI_SS0193    (0)    4 :  0.001 0.982 0.010 0.006 
193 HI_SS0194    (1)    4 :  0.002 0.022 0.964 0.012 
194 HI_SS0195   (10)    4 :  0.096 0.005 0.617 0.282 
195 HI_SS0196    (6)    4 :  0.003 0.228 0.251 0.518 
196 HI_SS0197    (3)    4 :  0.011 0.006 0.226 0.756 
197 HI_SS0198    (1)    4 :  0.007 0.026 0.022 0.944 
198 HI_SS0199    (1)    4 :  0.002 0.205 0.014 0.779 
199 HI_SS0201    (5)    4 :  0.002 0.898 0.011 0.089 
200 HI_SS0215    (1)    4 :  0.003 0.508 0.031 0.458 
201 HI_SS0218    (1)    4 :  0.007 0.977 0.007 0.009 
202 HI_SS0222    (0)    4 :  0.004 0.049 0.055 0.892 
203 HI_SS0230    (1)    4 :  0.005 0.017 0.707 0.271 
204 HI_SS0234    (2)    4 :  0.156 0.043 0.143 0.657 
205 HI_SS0240    (1)    4 :  0.005 0.006 0.009 0.979 
206 HI_SS0241    (0)    4 :  0.002 0.808 0.036 0.154 
207 HI_SS0242    (0)    4 :  0.003 0.223 0.614 0.161 
208 HI_SS0247    (0)    4 :  0.018 0.017 0.953 0.012 
209 HI_SS0248    (1)    4 :  0.001 0.978 0.010 0.011 
210 HI_SS0252    (2)    4 :  0.002 0.051 0.910 0.036 
211 HI_SS0254    (0)    4 :  0.096 0.778 0.012 0.114 
212 HI_SS0256    (0)    4 :  0.001 0.004 0.960 0.035 
213 HI_SS0257    (0)    4 :  0.003 0.617 0.090 0.290 
214 HI_SS0258    (1)    4 :  0.004 0.867 0.013 0.115 
215 HI_SS0259    (1)    4 :  0.002 0.019 0.415 0.563 
216 HI_SS0260    (1)    4 :  0.002 0.866 0.044 0.088 
217 HI_SS0261    (2)    4 :  0.003 0.644 0.053 0.300 
218 HI_SS0262    (0)    4 :  0.007 0.030 0.536 0.427 
219 HI_SS0264    (0)    4 :  0.004 0.022 0.780 0.194 
220 HI_SS0265    (0)    4 :  0.095 0.020 0.473 0.412 
221 HI_SS0268    (1)    4 :  0.002 0.026 0.188 0.784 
222 HI_SS0269    (0)    4 :  0.002 0.976 0.007 0.015 
223 HI_SS0273    (0)    4 :  0.001 0.939 0.018 0.041 
224 HI_SS0277    (1)    4 :  0.002 0.223 0.038 0.737 
225 HI_SS0280    (0)    4 :  0.005 0.229 0.115 0.651 
226 HI_SS0282    (1)    4 :  0.002 0.753 0.029 0.216 
227 HI_SS0286    (1)    4 :  0.007 0.213 0.070 0.710 
228 NS_SS1252    (3)    5 :  0.004 0.971 0.011 0.014 
229 NS_SS1261    (1)    5 :  0.017 0.066 0.792 0.126 
230 NS_SS1225   (10)    5 :  0.123 0.707 0.108 0.063 
231 NS_SS1266    (1)    5 :  0.008 0.006 0.953 0.033 
232 NS_SS1228    (0)    5 :  0.014 0.021 0.748 0.217 
233 NS_SS1255    (3)    5 :  0.001 0.493 0.473 0.032 
234 NS_SS1267    (3)    5 :  0.014 0.956 0.005 0.024 
235 NS_SS1238    (6)    5 :  0.002 0.642 0.255 0.101 
236 NS_SS1233    (8)    5 :  0.002 0.089 0.890 0.019 
237 NS_SS1277    (3)    5 :  0.001 0.977 0.010 0.012 
238 NS_SS1245    (1)    5 :  0.002 0.700 0.260 0.038 
239 NS_SS1240    (4)    5 :  0.002 0.924 0.008 0.065 
240 NS_SS1275    (2)    5 :  0.003 0.008 0.968 0.021 
241 NS_SS1235    (1)    5 :  0.005 0.090 0.851 0.055 
242 NS_SS1263    (1)    5 :  0.001 0.024 0.965 0.010 
243 NS_SS1251    (2)    5 :  0.001 0.066 0.866 0.067 
244 NS_SS1248    (0)    5 :  0.111 0.174 0.663 0.052 
245 NS_SS1244    (0)    5 :  0.005 0.503 0.055 0.437 
246 NS_SS1257    (1)    5 :  0.031 0.689 0.026 0.253 
247 NS_SS1242    (2)    5 :  0.003 0.006 0.957 0.034 
248 NS_SS1271    (6)    5 :  0.027 0.951 0.008 0.014 
249 NS_SS1265    (1)    5 :  0.019 0.501 0.401 0.079 
250 NS_SS1243    (0)    5 :  0.074 0.024 0.728 0.174 
251 NS_SS1273    (1)    5 :  0.010 0.018 0.892 0.079 
252 NS_SS1254   (14)    5 :  0.005 0.016 0.968 0.011 
253 NS_SS1224    (1)    5 :  0.007 0.010 0.945 0.037 
254 NS_SS1227    (8)    5 :  0.002 0.277 0.036 0.686 
255 NS_SS1274    (9)    5 :  0.020 0.810 0.058 0.111 
256 NS_SS1241    (1)    5 :  0.001 0.909 0.077 0.013 
257 NS_SS1256    (3)    5 :  0.040 0.223 0.708 0.029 
258 NS_SS1260    (8)    5 :  0.071 0.374 0.020 0.535 
259 NS_SS1262    (0)    5 :  0.191 0.695 0.030 0.084 
260 NS_SS1230    (0)    5 :  0.007 0.364 0.418 0.211 
261 NS_SS1270    (2)    5 :  0.002 0.017 0.855 0.126 
262 NS_SS1229    (2)    5 :  0.004 0.032 0.534 0.430 
263 NS_SS1246    (5)    5 :  0.003 0.918 0.048 0.031 
264 NS_SS1269    (0)    5 :  0.002 0.025 0.065 0.908 
265 NS_SS1239    (1)    5 :  0.005 0.042 0.151 0.801 
266 NS_SS1272    (5)    5 :  0.005 0.019 0.958 0.018 
267 NS_SS1268    (1)    5 :  0.002 0.027 0.641 0.330 
268 NS_SS1249    (1)    5 :  0.012 0.970 0.011 0.007 
269 HI_SS0559    (0)    6 :  0.002 0.104 0.052 0.843 
270 HI_SS0563    (1)    6 :  0.003 0.377 0.188 0.431 
271 HI_SS0564    (0)    6 :  0.046 0.051 0.098 0.805 
272 HI_SS0565    (0)    6 :  0.003 0.094 0.079 0.824 
273 HI_SS0569    (1)    6 :  0.002 0.676 0.013 0.308 
274 HI_SS0570    (0)    6 :  0.037 0.903 0.016 0.045 
275 HI_SS0572    (1)    6 :  0.002 0.011 0.962 0.025 
276 HI_SS0576    (1)    6 :  0.005 0.013 0.066 0.916 
277 HI_SS0579    (1)    6 :  0.017 0.329 0.105 0.548 
278 HI_SS0580    (1)    6 :  0.004 0.487 0.097 0.411 
279 HI_SS0581    (0)    6 :  0.057 0.010 0.694 0.239 
280 HI_SS0583    (1)    6 :  0.002 0.738 0.202 0.059 
281 HI_SS0586    (1)    6 :  0.001 0.975 0.008 0.016 
282 HI_SS0588    (1)    6 :  0.022 0.530 0.051 0.397 
283 HI_SS0595    (4)    6 :  0.028 0.471 0.028 0.473 
284 HI_SS0596    (0)    6 :  0.002 0.009 0.980 0.009 
285 HI_SS0597    (1)    6 :  0.002 0.007 0.976 0.015 
286 HI_SS0600    (0)    6 :  0.003 0.215 0.070 0.712 
287 HI_SS0601    (1)    6 :  0.013 0.552 0.098 0.336 
288 HI_SS0602    (1)    6 :  0.002 0.038 0.022 0.938 
289 HI_SS0604    (0)    6 :  0.002 0.151 0.544 0.303 
290 HI_SS0605    (1)    6 :  0.005 0.019 0.011 0.966 
291 HI_SS0608    (0)    6 :  0.001 0.378 0.539 0.082 
292 HI_SS0609    (0)    6 :  0.001 0.018 0.959 0.022 
293 HI_SS0611    (5)    6 :  0.003 0.799 0.067 0.131 
294 HI_SS0612    (0)    6 :  0.007 0.267 0.092 0.634 
295 HI_SS0613    (1)    6 :  0.002 0.078 0.156 0.764 
296 HI_SS0615    (1)    6 :  0.008 0.008 0.044 0.940 
297 HI_SS0001    (1)    6 :  0.004 0.725 0.169 0.102 
298 HI_SS0002    (1)    6 :  0.027 0.011 0.851 0.111 
299 HI_SS0004    (0)    6 :  0.005 0.405 0.317 0.272 
300 HI_SS0005    (1)    6 :  0.005 0.017 0.021 0.957 
301 HI_SS0006    (1)    6 :  0.002 0.904 0.059 0.035 
302 HI_SS0007    (1)    6 :  0.002 0.973 0.010 0.015 
303 HI_SS0008    (0)    6 :  0.034 0.073 0.044 0.849 
304 HI_SS0009    (0)    6 :  0.005 0.040 0.623 0.332 
305 HI_SS0010    (1)    6 :  0.004 0.926 0.036 0.034 
306 HI_SS0011    (1)    6 :  0.080 0.061 0.836 0.023 
307 HI_SS0012    (0)    6 :  0.004 0.009 0.033 0.954 
308 HI_SS0017    (1)    6 :  0.001 0.018 0.972 0.008 
309 HI_SS0021    (1)    6 :  0.241 0.508 0.196 0.055 
310 HI_SS0024    (1)    6 :  0.002 0.103 0.762 0.132 
311 HI_SS0025    (1)    6 :  0.003 0.012 0.954 0.032 
312 HI_SS0027    (0)    6 :  0.012 0.743 0.012 0.233 
313 HI_SS0028    (0)    6 :  0.001 0.008 0.252 0.739 
314 HI_SS0029    (1)    6 :  0.007 0.040 0.604 0.349 
315 HI_SS0030    (2)    6 :  0.005 0.849 0.020 0.126 
316 HI_SS0031    (0)    6 :  0.002 0.008 0.009 0.980 
317 HI_SS0034    (0)    6 :  0.005 0.688 0.011 0.296 
318 HI_SS0036    (0)    6 :  0.013 0.807 0.007 0.173 
319 HI_SS0037    (1)    6 :  0.005 0.571 0.379 0.045 
320 HI_SS0039    (0)    6 :  0.003 0.876 0.046 0.074 
321 HI_SS0041    (1)    6 :  0.002 0.010 0.880 0.108 
322 HI_SS0042    (1)    6 :  0.109 0.015 0.468 0.408 
323 HI_SS0043    (1)    6 :  0.003 0.981 0.005 0.011 
324 HI_SS0044    (1)    6 :  0.003 0.218 0.486 0.293 
325 HI_SS0047    (1)    6 :  0.002 0.028 0.413 0.556 
326 HI_SS0049    (1)    6 :  0.004 0.027 0.946 0.023 
327 HI_SS0051    (1)    6 :  0.002 0.048 0.097 0.853 
328 HI_SS0053    (1)    6 :  0.005 0.924 0.009 0.062 
329 HI_SS0054    (4)    6 :  0.003 0.982 0.006 0.009 
330 HI_SS0057    (0)    6 :  0.003 0.347 0.362 0.288 
331 HI_SS0058    (0)    6 :  0.007 0.335 0.551 0.107 
332 HI_SS0060    (0)    6 :  0.088 0.194 0.048 0.669 
333 HI_SS0087    (1)    6 :  0.003 0.520 0.077 0.400 
334 HI_SS0091    (1)    6 :  0.001 0.969 0.009 0.021 
335 HI_SS0095    (1)    6 :  0.037 0.026 0.034 0.903 
336 HI_SS0097    (3)    6 :  0.005 0.072 0.568 0.355 
337 HI_SS0099    (1)    6 :  0.004 0.012 0.960 0.023 
338 HI_SS0103    (0)    6 :  0.003 0.112 0.162 0.722 
339 HI_SS0105    (1)    6 :  0.029 0.180 0.174 0.617 
340 HI_SS0107    (1)    6 :  0.001 0.014 0.958 0.026 
341 HI_SS0108    (1)    6 :  0.019 0.959 0.004 0.018 
342 HI_SS0110    (0)    6 :  0.001 0.262 0.041 0.696 
343 HI_SS0111    (1)    6 :  0.022 0.045 0.042 0.891 
344 HI_SS0112    (0)    6 :  0.001 0.981 0.006 0.012 
345 HI_SS0113    (1)    6 :  0.003 0.008 0.979 0.010 
346 HI_SS0114    (1)    6 :  0.004 0.258 0.009 0.729 
347 HI_SS0115    (1)    6 :  0.013 0.093 0.032 0.862 
348 HI_SS0116    (4)    6 :  0.003 0.950 0.031 0.016 
349 HI_SS0117    (0)    6 :  0.002 0.769 0.045 0.184 
350 HI_SS0118    (0)    6 :  0.010 0.588 0.362 0.040 
351 HI_SS0119    (1)    6 :  0.002 0.616 0.010 0.372 
352 HI_SS0120    (1)    6 :  0.003 0.011 0.979 0.007 
353 HI_SS0121    (0)    6 :  0.001 0.011 0.895 0.092 
354 HI_SS0122    (2)    6 :  0.026 0.178 0.646 0.149 
355 HI_SS0123    (0)    6 :  0.004 0.047 0.068 0.881 
356 HI_SS0124    (1)    6 :  0.002 0.009 0.932 0.056 
357 HI_SS0125    (1)    6 :  0.028 0.007 0.030 0.935 
358 HI_SS0126    (0)    6 :  0.001 0.982 0.009 0.007 
359 HI_SS0127    (0)    6 :  0.008 0.112 0.030 0.849 
360 HI_SS0128    (0)    6 :  0.003 0.204 0.725 0.068 
361 HI_SS0129    (1)    6 :  0.010 0.430 0.035 0.525 
362 HI_SS0131    (2)    6 :  0.032 0.238 0.687 0.043 
363 HI_SS0132    (0)    6 :  0.001 0.508 0.120 0.372 
364 HI_SS0133    (1)    6 :  0.001 0.992 0.003 0.003 
365 HI_SS0134    (1)    6 :  0.002 0.461 0.148 0.390 
366 HI_SS0142    (3)    6 :  0.015 0.014 0.142 0.829 
367 HI_SS0145    (0)    6 :  0.001 0.282 0.054 0.663 
368 HI_SS0146    (1)    6 :  0.001 0.958 0.009 0.033 
369 HI_SS0147    (1)    6 :  0.020 0.007 0.932 0.041 
370 HI_SS0149    (1)    6 :  0.005 0.814 0.108 0.072 
371 HI_SS0150    (2)    6 :  0.004 0.023 0.279 0.694 
372 HI_SS0151    (0)    6 :  0.011 0.079 0.013 0.897 
373 NS_SS1451    (1)    6 :  0.003 0.011 0.580 0.406 
374 NS_SS1404    (0)    6 :  0.011 0.025 0.795 0.170 
375 NS_SS1432    (2)    6 :  0.037 0.009 0.547 0.407 
376 NS_SS1405    (5)    6 :  0.003 0.103 0.633 0.261 
377 NS_SS1431   (10)    6 :  0.001 0.015 0.903 0.082 
378 NS_SS1402    (3)    6 :  0.002 0.157 0.232 0.609 
379 NS_SS1450    (3)    6 :  0.004 0.372 0.028 0.596 
380 NS_SS1396    (0)    6 :  0.006 0.042 0.757 0.194 
381 NS_SS1393    (5)    6 :  0.004 0.167 0.034 0.796 
382 NS_SS1392   (10)    6 :  0.018 0.021 0.261 0.700 
383 NS_SS1445    (0)    6 :  0.009 0.541 0.119 0.331 
384 NS_SS1423    (0)    6 :  0.001 0.880 0.046 0.073 
385 NS_SS1421    (9)    6 :  0.103 0.763 0.043 0.091 
386 NS_SS1411    (6)    6 :  0.002 0.813 0.030 0.156 
387 NS_SS1453    (6)    6 :  0.007 0.773 0.066 0.154 
388 NS_SS1442    (3)    6 :  0.003 0.095 0.390 0.511 
389 NS_SS1422    (1)    6 :  0.015 0.525 0.270 0.190 
390 NS_SS1419    (1)    6 :  0.147 0.049 0.780 0.024 
391 NS_SS1427    (0)    6 :  0.002 0.980 0.007 0.011 
392 NS_SS1444    (4)    6 :  0.003 0.010 0.957 0.030 
393 NS_SS1455    (0)    6 :  0.001 0.008 0.984 0.007 
394 NS_SS1425    (2)    6 :  0.001 0.965 0.007 0.027 
395 NS_SS1400    (0)    6 :  0.001 0.968 0.025 0.006 
396 NS_SS1406    (2)    6 :  0.008 0.008 0.752 0.232 
397 NS_SS1417    (6)    6 :  0.007 0.422 0.554 0.017 
398 NS_SS1454    (3)    6 :  0.001 0.751 0.187 0.061 
399 NS_SS1412    (1)    6 :  0.025 0.393 0.392 0.190 
400 NS_SS1438    (1)    6 :  0.001 0.956 0.018 0.025 
401 NS_SS1416    (4)    6 :  0.005 0.014 0.189 0.792 
402 NS_SS1401    (0)    6 :  0.011 0.030 0.785 0.175 
403 NS_SS1424    (6)    6 :  0.013 0.658 0.037 0.293 
404 NS_SS1435   (10)    6 :  0.003 0.259 0.068 0.671 
405 NS_SS1447    (4)    6 :  0.006 0.012 0.957 0.025 
406 NS_SS1414    (3)    6 :  0.005 0.009 0.979 0.007 
407 NS_SS1449   (14)    6 :  0.004 0.151 0.469 0.376 
408 NS_SS1443    (4)    6 :  0.002 0.737 0.010 0.251 
409 NS_SS1434    (1)    6 :  0.001 0.654 0.300 0.045 
410 NS_SS1398    (1)    6 :  0.015 0.052 0.045 0.889 
411 NS_SS1426    (1)    6 :  0.002 0.897 0.008 0.093 
412 NS_SS1413    (0)    6 :  0.010 0.968 0.012 0.009 
413 NS_SS1395    (1)    6 :  0.008 0.262 0.012 0.717 
414 NS_SS1448   (10)    6 :  0.002 0.743 0.115 0.141 
415 NS_SS1446    (0)    6 :  0.003 0.200 0.446 0.351 
416 NS_SS1403    (2)    6 :  0.006 0.023 0.118 0.854 
417 NS_SS1415    (0)    6 :  0.009 0.948 0.011 0.032 
418 NS_SS1437    (4)    6 :  0.009 0.090 0.722 0.180 
419 NS_SS1439    (2)    6 :  0.002 0.013 0.144 0.841 
420 NS_SS1441    (3)    6 :  0.002 0.337 0.038 0.624 
421 NS_SS1420    (2)    6 :  0.003 0.011 0.844 0.142 
422 NS_SS1394    (2)    6 :  0.037 0.010 0.151 0.801 
423 NS_SS1391    (7)    6 :  0.013 0.422 0.109 0.456 
424 NS_SS1410    (5)    6 :  0.016 0.366 0.572 0.045 
425 NS_SS1408    (1)    6 :  0.036 0.010 0.011 0.943 
426 NS_SS1409    (1)    6 :  0.002 0.058 0.055 0.885 
427 HI_SS0617    (1)    7 :  0.001 0.105 0.158 0.736 
428 HI_SS0618    (2)    7 :  0.002 0.017 0.106 0.874 
429 HI_SS0619    (0)    7 :  0.003 0.055 0.850 0.092 
430 HI_SS0620    (1)    7 :  0.003 0.969 0.010 0.018 
431 HI_SS0621    (3)    7 :  0.011 0.016 0.640 0.332 
432 HI_SS0622    (1)    7 :  0.009 0.163 0.737 0.092 
433 HI_SS0626    (0)    7 :  0.008 0.026 0.283 0.683 
434 HI_SS0627    (0)    7 :  0.007 0.013 0.895 0.085 
435 HI_SS0628    (3)    7 :  0.067 0.578 0.070 0.285 
436 HI_SS0629    (1)    7 :  0.007 0.161 0.304 0.528 
437 HI_SS0630    (1)    7 :  0.052 0.412 0.073 0.463 
438 HI_SS0631    (0)    7 :  0.001 0.863 0.050 0.087 
439 HI_SS0632    (0)    7 :  0.003 0.119 0.765 0.113 
440 HI_SS0633    (0)    7 :  0.003 0.010 0.911 0.075 
441 HI_SS0634    (1)    7 :  0.002 0.040 0.131 0.827 
442 HI_SS0635    (0)    7 :  0.008 0.015 0.226 0.751 
443 HI_SS0637    (1)    7 :  0.002 0.009 0.034 0.955 
444 HI_SS0638    (0)    7 :  0.001 0.503 0.084 0.412 
445 HI_SS0639    (1)    7 :  0.031 0.011 0.158 0.800 
446 HI_SS0640    (1)    7 :  0.001 0.127 0.036 0.836 
447 HI_SS0641    (1)    7 :  0.005 0.258 0.077 0.659 
448 HI_SS0642    (0)    7 :  0.002 0.227 0.060 0.711 
449 HI_SS0645    (0)    7 :  0.001 0.048 0.723 0.228 
450 HI_SS0646    (1)    7 :  0.002 0.087 0.049 0.862 
451 HI_SS0647    (1)    7 :  0.001 0.764 0.205 0.029 
452 HI_SS0648    (0)    7 :  0.002 0.201 0.061 0.735 
453 HI_SS0649    (1)    7 :  0.002 0.074 0.348 0.576 
454 HI_SS0650    (1)    7 :  0.004 0.024 0.067 0.905 
455 HI_SS0651    (1)    7 :  0.004 0.095 0.133 0.768 
456 HI_SS0652    (1)    7 :  0.003 0.019 0.388 0.590 
457 NS_SS1371    (3)    7 :  0.004 0.146 0.014 0.836 
458 NS_SS1374    (0)    7 :  0.002 0.581 0.018 0.399 
459 NS_SS1337    (3)    7 :  0.004 0.183 0.530 0.283 
460 NS_SS1385    (5)    7 :  0.005 0.122 0.602 0.271 
461 NS_SS1388    (0)    7 :  0.006 0.019 0.961 0.014 
462 NS_SS1370    (1)    7 :  0.010 0.063 0.504 0.422 
463 NS_SS1389    (3)    7 :  0.003 0.008 0.983 0.007 
464 NS_SS1360    (1)    7 :  0.004 0.354 0.019 0.622 
465 NS_SS1330    (0)    7 :  0.003 0.007 0.074 0.916 
466 NS_SS1328    (9)    7 :  0.002 0.912 0.026 0.060 
467 NS_SS1384    (1)    7 :  0.003 0.163 0.020 0.813 
468 NS_SS1381    (0)    7 :  0.001 0.008 0.975 0.016 
469 NS_SS1375    (1)    7 :  0.001 0.017 0.355 0.627 
470 NS_SS1319   (11)    7 :  0.088 0.063 0.048 0.800 
471 NS_SS1326    (2)    7 :  0.010 0.961 0.014 0.015 
472 NS_SS1341    (1)    7 :  0.005 0.320 0.428 0.248 
473 NS_SS1383    (2)    7 :  0.004 0.065 0.016 0.914 
474 NS_SS1318    (3)    7 :  0.014 0.028 0.788 0.170 
475 NS_SS1348    (2)    7 :  0.002 0.976 0.008 0.014 
476 NS_SS1363    (0)    7 :  0.004 0.048 0.573 0.375 
477 NS_SS1335    (4)    7 :  0.027 0.541 0.017 0.414 
478 NS_SS1358    (0)    7 :  0.015 0.760 0.035 0.190 
479 NS_SS1342    (1)    7 :  0.001 0.917 0.047 0.035 
480 NS_SS1320    (3)    7 :  0.006 0.005 0.956 0.033 
481 NS_SS1355    (1)    7 :  0.012 0.009 0.939 0.040 
482 NS_SS1345    (1)    7 :  0.020 0.137 0.783 0.061 
483 NS_SS1324    (0)    7 :  0.002 0.507 0.106 0.385 
484 NS_SS1347    (5)    7 :  0.004 0.196 0.014 0.786 
485 NS_SS1321    (4)    7 :  0.001 0.451 0.025 0.523 
486 NS_SS1333    (0)    7 :  0.003 0.456 0.068 0.473 
487 NS_SS1364    (1)    7 :  0.002 0.771 0.186 0.040 
488 NS_SS1379    (0)    7 :  0.058 0.114 0.423 0.405 
489 NS_SS1332    (0)    7 :  0.005 0.975 0.010 0.011 
490 NS_SS1338    (5)    7 :  0.008 0.679 0.015 0.298 
491 NS_SS1368    (6)    7 :  0.006 0.642 0.333 0.020 
492 NS_SS1354    (1)    7 :  0.012 0.016 0.914 0.058 
493 NS_SS1365    (0)    7 :  0.007 0.062 0.772 0.159 
494 NS_SS1380    (1)    7 :  0.020 0.007 0.938 0.035 
495 NS_SS1329    (8)    7 :  0.004 0.842 0.120 0.035 
496 NS_SS1362    (0)    7 :  0.004 0.174 0.053 0.769 
497 NS_SS1327    (2)    7 :  0.003 0.982 0.003 0.012 
498 NS_SS1350    (0)    7 :  0.008 0.019 0.010 0.963 
499 NS_SS1387    (2)    7 :  0.003 0.028 0.472 0.497 
500 NS_SS1369    (8)    7 :  0.005 0.927 0.033 0.035 
501 NS_SS1331    (1)    7 :  0.011 0.357 0.469 0.163 
502 NS_SS1357    (5)    7 :  0.003 0.383 0.439 0.175 
503 NS_SS1386    (1)    7 :  0.003 0.988 0.004 0.005 
504 NS_SS1353    (2)    7 :  0.003 0.040 0.926 0.030 
505 NS_SS1323    (0)    7 :  0.074 0.018 0.744 0.164 
506 HI_SS0296    (0)    8 :  0.002 0.590 0.101 0.307 
507 HI_SS0297    (0)    8 :  0.001 0.528 0.028 0.443 
508 HI_SS0299    (0)    8 :  0.037 0.757 0.078 0.127 
509 HI_SS0300    (0)    8 :  0.002 0.388 0.209 0.402 
510 HI_SS0301    (0)    8 :  0.003 0.034 0.041 0.921 
511 HI_SS0302    (0)    8 :  0.024 0.889 0.057 0.029 
512 HI_SS0303    (0)    8 :  0.006 0.958 0.025 0.011 
513 HI_SS0304    (0)    8 :  0.003 0.036 0.620 0.342 
514 HI_SS0306    (5)    8 :  0.003 0.987 0.004 0.005 
515 HI_SS0307    (1)    8 :  0.006 0.008 0.092 0.894 
516 HI_SS0308    (1)    8 :  0.068 0.067 0.093 0.772 
517 HI_SS0309    (0)    8 :  0.003 0.016 0.377 0.603 
518 HI_SS0310    (0)    8 :  0.007 0.253 0.692 0.048 
519 HI_SS0311    (4)    8 :  0.002 0.344 0.473 0.180 
520 HI_SS0314    (0)    8 :  0.001 0.074 0.836 0.088 
521 HI_SS0316    (1)    8 :  0.005 0.434 0.074 0.487 
522 HI_SS0317    (3)    8 :  0.002 0.034 0.033 0.931 
523 HI_SS0318    (1)    8 :  0.180 0.252 0.023 0.546 
524 HI_SS0319    (0)    8 :  0.004 0.981 0.004 0.010 
525 HI_SS0320    (3)    8 :  0.001 0.013 0.484 0.502 
526 HI_SS0321    (0)    8 :  0.001 0.020 0.005 0.974 
527 HI_SS0323    (1)    8 :  0.001 0.251 0.048 0.700 
528 HI_SS0325    (2)    8 :  0.002 0.894 0.087 0.017 
529 HI_SS0327    (1)    8 :  0.001 0.834 0.009 0.156 
530 HI_SS0329    (1)    8 :  0.001 0.094 0.888 0.017 
531 HI_SS0333    (1)    8 :  0.003 0.059 0.225 0.713 
532 HI_SS0334    (1)    8 :  0.001 0.535 0.016 0.447 
533 HI_SS0335    (1)    8 :  0.019 0.021 0.620 0.340 
534 HI_SS0339    (0)    8 :  0.012 0.021 0.814 0.153 
535 HI_SS0343    (2)    8 :  0.002 0.025 0.925 0.048 
536 HI_SS0344    (1)    8 :  0.003 0.987 0.004 0.007 
537 HI_SS0345    (3)    8 :  0.007 0.160 0.791 0.042 
538 HI_SS0346    (0)    8 :  0.005 0.435 0.111 0.450 
539 HI_SS0350    (1)    8 :  0.007 0.006 0.976 0.011 
540 HI_SS0351    (0)    8 :  0.003 0.345 0.494 0.158 
541 HI_SS0352    (3)    8 :  0.102 0.032 0.833 0.032 
542 HI_SS0362    (0)    8 :  0.002 0.304 0.047 0.646 
543 HI_SS0363    (1)    8 :  0.004 0.948 0.018 0.030 
544 HI_SS0365    (0)    8 :  0.005 0.685 0.056 0.255 
545 HI_SS0366    (0)    8 :  0.001 0.971 0.015 0.013 
546 HI_SS0367    (1)    8 :  0.002 0.006 0.978 0.013 
547 HI_SS0369    (1)    8 :  0.002 0.012 0.887 0.099 
548 HI_SS0370    (0)    8 :  0.003 0.045 0.019 0.934 
549 HI_SS0371    (4)    8 :  0.004 0.906 0.065 0.024 
550 HI_SS0373    (3)    8 :  0.009 0.049 0.216 0.725 
551 HI_SS0374    (0)    8 :  0.027 0.013 0.706 0.255 
552 HI_SS0377    (0)    8 :  0.092 0.786 0.087 0.035 
553 HI_SS0379    (1)    8 :  0.001 0.988 0.004 0.007 
554 HI_SS0380    (1)    8 :  0.007 0.026 0.835 0.132 
555 HI_SS0381    (2)    8 :  0.004 0.011 0.554 0.430 
556 HI_SS0384    (3)    8 :  0.008 0.464 0.276 0.252 
557 HI_SS0385    (1)    8 :  0.001 0.792 0.113 0.094 
558 HI_SS0386    (0)    9 :  0.996 0.002 0.002 0.001 
559 HI_SS0387    (0)    9 :  0.959 0.014 0.012 0.015 
560 HI_SS0389    (2)    9 :  0.990 0.004 0.004 0.003 
561 HI_SS0390    (2)    9 :  0.995 0.002 0.001 0.002 
562 HI_SS0391    (3)    9 :  0.993 0.002 0.003 0.003 
563 HI_SS0392    (0)    9 :  0.995 0.002 0.002 0.002 
564 HI_SS0393    (2)    9 :  0.995 0.002 0.001 0.002 
565 HI_SS0394    (2)    9 :  0.995 0.001 0.001 0.002 
566 HI_SS0395    (2)    9 :  0.988 0.003 0.005 0.004 
567 HI_SS0396    (2)    9 :  0.968 0.007 0.014 0.011 
568 HI_SS0398    (2)    9 :  0.983 0.005 0.006 0.005 
569 HI_SS0399    (2)    9 :  0.997 0.001 0.001 0.001 
570 HI_SS0400    (3)    9 :  0.994 0.002 0.002 0.002 
571 HI_SS0401    (5)    9 :  0.996 0.001 0.001 0.002 
572 HI_SS0402    (0)    9 :  0.996 0.001 0.001 0.001 
573 HI_SS0403    (0)    9 :  0.995 0.001 0.002 0.002 
574 HI_SS0404    (2)    9 :  0.996 0.001 0.001 0.001 
575 HI_SS0405    (2)    9 :  0.950 0.013 0.018 0.018 
576 HI_SS0406    (2)    9 :  0.994 0.002 0.002 0.002 
577 HI_SS0407    (0)    9 :  0.978 0.007 0.008 0.007 
578 HI_SS0408    (0)    9 :  0.996 0.001 0.001 0.001 
579 HI_SS0409    (2)    9 :  0.991 0.003 0.003 0.003 
580 HI_SS0411    (2)    9 :  0.991 0.003 0.003 0.003 
581 HI_SS0412   (11)    9 :  0.807 0.038 0.041 0.115 
582 HI_SS0413    (0)    9 :  0.994 0.002 0.002 0.002 
583 HI_SS0414    (2)    9 :  0.951 0.010 0.019 0.019 
584 HI_SS0415    (2)    9 :  0.995 0.002 0.002 0.002 
585 HI_SS0416    (2)    9 :  0.991 0.003 0.003 0.003 
586 HI_SS0418    (2)    9 :  0.985 0.006 0.004 0.005 
587 HI_SS0419    (3)    9 :  0.991 0.003 0.003 0.003 
588 HI_SS0420    (0)    9 :  0.993 0.002 0.002 0.002 
589 HI_SS0421    (4)    9 :  0.987 0.004 0.005 0.004 
590 HI_SS0422    (3)    9 :  0.995 0.001 0.002 0.001 
591 HI_SS0423    (2)    9 :  0.987 0.004 0.004 0.005 
592 HI_SS0424    (1)    9 :  0.995 0.001 0.002 0.002 
593 HI_SS0425    (0)    9 :  0.991 0.002 0.004 0.003 
594 NS_SS1146    (3)   10 :  0.993 0.003 0.002 0.002 
595 NS_SS1157    (1)   10 :  0.982 0.006 0.006 0.006 
596 NS_SS1144    (7)   10 :  0.944 0.021 0.015 0.020 
597 NS_SS1074    (3)   10 :  0.990 0.004 0.003 0.003 
598 NS_SS1122    (0)   10 :  0.987 0.004 0.005 0.004 
599 NS_SS1136    (2)   10 :  0.997 0.001 0.001 0.001 
600 NS_SS1077    (4)   10 :  0.998 0.001 0.001 0.001 
601 NS_SS1134    (2)   10 :  0.969 0.010 0.010 0.011 
602 NS_SS1091    (1)   10 :  0.994 0.002 0.003 0.002 
603 NS_SS1089   (10)   10 :  0.991 0.004 0.003 0.003 
604 NS_SS1123    (2)   10 :  0.995 0.002 0.002 0.002 
605 NS_SS1158    (3)   10 :  0.997 0.001 0.001 0.001 
606 NS_SS1093    (3)   10 :  0.993 0.002 0.002 0.002 
607 NS_SS1102    (5)   10 :  0.985 0.005 0.006 0.005 
608 NS_SS1056    (0)   10 :  0.994 0.002 0.002 0.002 
609 NS_SS1126    (2)   10 :  0.991 0.004 0.003 0.003 
610 NS_SS1058   (15)   10 :  0.988 0.004 0.003 0.004 
611 NS_SS1084    (2)   10 :  0.996 0.001 0.001 0.001 
612 NS_SS1095    (3)   10 :  0.981 0.008 0.005 0.006 
613 NS_SS1079    (3)   10 :  0.995 0.002 0.002 0.002 
614 NS_SS1149    (0)   10 :  0.992 0.002 0.003 0.003 
615 NS_SS1121    (0)   10 :  0.996 0.001 0.002 0.002 
616 NS_SS1067    (0)   10 :  0.984 0.004 0.006 0.006 
617 NS_SS1081    (2)   10 :  0.993 0.002 0.002 0.002 
618 NS_SS1130    (0)   10 :  0.990 0.002 0.003 0.004 
619 NS_SS1073    (2)   10 :  0.993 0.002 0.002 0.003 
620 NS_SS1133    (2)   10 :  0.977 0.004 0.015 0.005 
621 NS_SS1129    (2)   10 :  0.996 0.001 0.002 0.001 
622 NS_SS1085    (1)   10 :  0.994 0.002 0.002 0.002 
623 NS_SS1137    (2)   10 :  0.987 0.005 0.004 0.004 
624 NS_SS1135    (3)   10 :  0.996 0.001 0.001 0.001 
625 NS_SS1082    (3)   10 :  0.995 0.001 0.002 0.001 
626 NS_SS1125    (3)   10 :  0.996 0.001 0.001 0.001 
627 NS_SS1124    (2)   10 :  0.980 0.005 0.006 0.009 
628 NS_SS1155    (0)   10 :  0.976 0.008 0.007 0.009 
629 NS_SS1145    (2)   10 :  0.995 0.002 0.002 0.002 


Estimated Allele Frequencies in each cluster
First column gives estimated ancestral frequencies


Locus 1 : 
2 alleles
3.3% missing data
   1   (0.737) 0.730 0.737 0.739 0.738 
   2   (0.263) 0.270 0.263 0.261 0.262 

Locus 2 : 
2 alleles
4.6% missing data
   1   (0.886) 0.821 0.898 0.882 0.886 
   2   (0.114) 0.179 0.102 0.118 0.114 

Locus 3 : 
2 alleles
4.9% missing data
   1   (0.787) 0.808 0.762 0.792 0.796 
   2   (0.213) 0.192 0.238 0.208 0.204 

Locus 4 : 
2 alleles
4.6% missing data
   1   (0.866) 0.870 0.870 0.866 0.866 
   2   (0.134) 0.130 0.130 0.134 0.134 

Locus 5 : 
2 alleles
2.5% missing data
   1   (0.892) 0.930 0.898 0.890 0.891 
   2   (0.108) 0.070 0.102 0.110 0.109 

Locus 6 : 
2 alleles
2.7% missing data
   1   (0.821) 0.762 0.825 0.829 0.818 
   2   (0.179) 0.238 0.175 0.171 0.182 

Locus 7 : 
2 alleles
3.0% missing data
   1   (0.792) 0.756 0.790 0.797 0.793 
   2   (0.208) 0.244 0.210 0.203 0.207 

Locus 8 : 
2 alleles
4.8% missing data
   1   (0.728) 0.794 0.723 0.728 0.729 
   2   (0.272) 0.206 0.277 0.272 0.271 

Locus 9 : 
2 alleles
3.7% missing data
   1   (0.806) 0.810 0.807 0.810 0.805 
   2   (0.194) 0.190 0.193 0.190 0.195 

Locus 10 : 
2 alleles
4.8% missing data
   1   (0.710) 0.798 0.704 0.706 0.713 
   2   (0.290) 0.202 0.296 0.294 0.287 

Locus 11 : 
2 alleles
3.2% missing data
   1   (0.794) 0.783 0.777 0.807 0.796 
   2   (0.206) 0.217 0.223 0.193 0.204 

Locus 12 : 
2 alleles
4.9% missing data
   1   (0.891) 0.907 0.898 0.901 0.884 
   2   (0.109) 0.093 0.102 0.099 0.116 

Locus 13 : 
2 alleles
3.2% missing data
   1   (0.866) 0.915 0.867 0.872 0.862 
   2   (0.134) 0.085 0.133 0.128 0.138 

Locus 14 : 
2 alleles
4.6% missing data
   1   (0.732) 0.683 0.735 0.731 0.734 
   2   (0.268) 0.317 0.265 0.269 0.266 

Locus 15 : 
2 alleles
4.6% missing data
   1   (0.891) 0.918 0.891 0.895 0.889 
   2   (0.109) 0.082 0.109 0.105 0.111 

Locus 16 : 
2 alleles
3.8% missing data
   1   (0.884) 0.964 0.878 0.885 0.884 
   2   (0.116) 0.036 0.122 0.115 0.116 

Locus 17 : 
2 alleles
4.1% missing data
   1   (0.508) 0.646 0.511 0.509 0.502 
   2   (0.492) 0.354 0.489 0.491 0.498 

Locus 18 : 
2 alleles
4.1% missing data
   1   (0.608) 0.573 0.590 0.624 0.608 
   2   (0.392) 0.427 0.410 0.376 0.392 

Locus 19 : 
2 alleles
4.1% missing data
   1   (0.772) 0.636 0.774 0.774 0.775 
   2   (0.228) 0.364 0.226 0.226 0.225 

Locus 20 : 
2 alleles
2.2% missing data
   1   (0.898) 0.894 0.897 0.898 0.901 
   2   (0.102) 0.106 0.103 0.102 0.099 

Locus 21 : 
2 alleles
4.5% missing data
   1   (0.708) 0.599 0.709 0.724 0.701 
   2   (0.292) 0.401 0.291 0.276 0.299 

Locus 22 : 
2 alleles
3.0% missing data
   1   (0.885) 0.913 0.891 0.892 0.879 
   2   (0.115) 0.087 0.109 0.108 0.121 

Locus 23 : 
2 alleles
3.8% missing data
   1   (0.557) 0.578 0.542 0.580 0.551 
   2   (0.443) 0.422 0.458 0.420 0.449 

Locus 24 : 
2 alleles
4.9% missing data
   1   (0.860) 0.890 0.851 0.861 0.864 
   2   (0.140) 0.110 0.149 0.139 0.136 

Locus 25 : 
2 alleles
4.3% missing data
   1   (0.883) 0.877 0.885 0.892 0.880 
   2   (0.117) 0.123 0.115 0.108 0.120 

Locus 26 : 
2 alleles
3.0% missing data
   1   (0.546) 0.578 0.532 0.545 0.551 
   2   (0.454) 0.422 0.468 0.455 0.449 

Locus 27 : 
2 alleles
4.0% missing data
   2   (0.469) 0.415 0.477 0.468 0.468 
   1   (0.531) 0.585 0.523 0.532 0.532 

Locus 28 : 
2 alleles
4.0% missing data
   1   (0.845) 0.870 0.843 0.842 0.848 
   2   (0.155) 0.130 0.157 0.158 0.152 

Locus 29 : 
2 alleles
1.9% missing data
   1   (0.605) 0.700 0.604 0.599 0.607 
   2   (0.395) 0.300 0.396 0.401 0.393 

Locus 30 : 
2 alleles
4.6% missing data
   1   (0.865) 0.853 0.866 0.863 0.867 
   2   (0.135) 0.147 0.134 0.137 0.133 

Locus 31 : 
2 alleles
1.9% missing data
   1   (0.885) 0.904 0.880 0.885 0.889 
