

----------------------------------------------------
STRUCTURE by Pritchard, Stephens and Donnelly (2000)
     and Falush, Stephens and Pritchard (2003)
       Code by Pritchard, Falush and Hubisz
             Version 2.3.4 (Jul 2012)
----------------------------------------------------



Command line arguments:   /home/genobiwan/Documents/Programs/Structure/structure -m parameter_job_k6_r8 
Input File:    /media/genobiwan/Storage/Projets/Mackerel_NWA_2021/data_job_k6_r8

Run parameters:
   629 individuals
   4140 loci
   6 populations assumed
   100000 Burn-in period
   200000 Reps


--------------------------------------------
Proportion of membership of each pre-defined
 population in each of the 6 clusters

Given    Inferred Clusters                            Number of
 Pop       1      2      3      4      5      6      Individuals

  1:     0.181  0.244  0.013  0.170  0.204  0.188       67
  2:     0.198  0.215  0.009  0.117  0.213  0.247       32
  3:     0.206  0.153  0.014  0.135  0.209  0.284       92
  4:     0.186  0.066  0.016  0.267  0.270  0.195       36
  5:     0.247  0.148  0.020  0.275  0.164  0.145       41
  6:     0.170  0.184  0.013  0.217  0.222  0.194      158
  7:     0.172  0.190  0.010  0.204  0.222  0.203       79
  8:     0.213  0.185  0.014  0.259  0.142  0.188       52
  9:     0.005  0.004  0.975  0.004  0.006  0.005       36
 10:     0.004  0.004  0.981  0.004  0.004  0.004       36
--------------------------------------------

Allele-freq. divergence among pops (Net nucleotide distance),
computed using point estimates of P.

      1       2       3       4       5       6      
 1      -    0.0003  0.0049  0.0004  0.0002  0.0002  
 2   0.0003     -    0.0050  0.0004  0.0003  0.0002  
 3   0.0049  0.0050     -    0.0051  0.0049  0.0049  
 4   0.0004  0.0004  0.0051     -    0.0003  0.0003  
 5   0.0002  0.0003  0.0049  0.0003     -    0.0002  
 6   0.0002  0.0002  0.0049  0.0003  0.0002     -    

Average distances (expected heterozygosity) between individuals in same cluster:
cluster  1  : 0.3183 
cluster  2  : 0.3180 
cluster  3  : 0.3054 
cluster  4  : 0.3180 
cluster  5  : 0.3187 
cluster  6  : 0.3188 

--------------------------------------------
Estimated Ln Prob of Data   = -2474156.1
Mean value of ln likelihood = -2464564.6
Variance of ln likelihood   = 19183.1
Mean value of alpha         = 0.0420

Mean value of Fst_1         = 0.0035
Mean value of Fst_2         = 0.0040
Mean value of Fst_3         = 0.0386
Mean value of Fst_4         = 0.0041
Mean value of Fst_5         = 0.0027
Mean value of Fst_6         = 0.0026


Inferred ancestry of individuals:
        Label (%Miss) Pop:  Inferred clusters
  1 NS_SS0963    (4)    1 :  0.174 0.017 0.005 0.023 0.674 0.105 
  2 NS_SS0983    (1)    1 :  0.006 0.005 0.003 0.023 0.043 0.921 
  3 NS_SS0719    (9)    1 :  0.020 0.013 0.005 0.020 0.842 0.099 
  4 NS_SS1001    (8)    1 :  0.006 0.915 0.006 0.039 0.011 0.023 
  5 NS_SS0936    (4)    1 :  0.660 0.037 0.003 0.028 0.225 0.047 
  6 NS_SS0955    (6)    1 :  0.091 0.023 0.004 0.312 0.485 0.083 
  7 NS_SS0944    (3)    1 :  0.111 0.025 0.002 0.802 0.036 0.024 
  8 NS_SS0945    (3)    1 :  0.058 0.276 0.008 0.472 0.016 0.170 
  9 NS_SS0922    (2)    1 :  0.227 0.195 0.035 0.012 0.479 0.051 
 10 NS_SS0929    (7)    1 :  0.392 0.220 0.004 0.134 0.100 0.150 
 11 NS_SS0956    (1)    1 :  0.013 0.840 0.004 0.027 0.068 0.049 
 12 NS_SS0906    (3)    1 :  0.395 0.029 0.003 0.013 0.103 0.456 
 13 NS_SS0721    (6)    1 :  0.005 0.011 0.004 0.009 0.081 0.890 
 14 NS_SS0982    (4)    1 :  0.362 0.078 0.017 0.018 0.350 0.176 
 15 NS_SS0923    (6)    1 :  0.083 0.341 0.004 0.011 0.261 0.301 
 16 NS_SS0905    (6)    1 :  0.048 0.329 0.002 0.045 0.095 0.482 
 17 NS_SS0925    (3)    1 :  0.507 0.038 0.005 0.008 0.127 0.315 
 18 NS_SS0947    (6)    1 :  0.902 0.017 0.004 0.011 0.029 0.036 
 19 NS_SS0926    (2)    1 :  0.020 0.030 0.001 0.868 0.046 0.034 
 20 NS_SS0918    (6)    1 :  0.020 0.907 0.002 0.035 0.013 0.022 
 21 NS_SS0966    (4)    1 :  0.875 0.011 0.044 0.025 0.029 0.015 
 22 NS_SS0938    (2)    1 :  0.044 0.240 0.001 0.023 0.682 0.010 
 23 NS_SS0917    (2)    1 :  0.008 0.047 0.032 0.011 0.694 0.208 
 24 NS_SS0957   (11)    1 :  0.054 0.838 0.007 0.044 0.038 0.019 
 25 NS_SS0987    (1)    1 :  0.021 0.700 0.233 0.010 0.005 0.031 
 26 NS_SS0717    (4)    1 :  0.054 0.881 0.004 0.012 0.015 0.034 
 27 NS_SS0986    (2)    1 :  0.042 0.051 0.004 0.311 0.015 0.577 
 28 NS_SS0953    (3)    1 :  0.928 0.026 0.016 0.010 0.007 0.014 
 29 NS_SS0907    (3)    1 :  0.471 0.060 0.048 0.019 0.100 0.302 
 30 NS_SS0974    (6)    1 :  0.225 0.146 0.004 0.141 0.409 0.075 
 31 NS_SS0989    (1)    1 :  0.078 0.016 0.001 0.782 0.079 0.044 
 32 NS_SS0991    (3)    1 :  0.030 0.015 0.002 0.169 0.013 0.771 
 33 NS_SS0994    (2)    1 :  0.014 0.036 0.002 0.874 0.042 0.031 
 34 NS_SS0931    (6)    1 :  0.017 0.011 0.010 0.838 0.012 0.112 
 35 NS_SS1000    (5)    1 :  0.464 0.090 0.004 0.010 0.026 0.406 
 36 NS_SS0919    (1)    1 :  0.204 0.006 0.003 0.029 0.140 0.617 
 37 NS_SS0949    (4)    1 :  0.016 0.005 0.002 0.837 0.049 0.093 
 38 NS_SS0960   (10)    1 :  0.039 0.223 0.008 0.382 0.169 0.180 
 39 NS_SS0716    (2)    1 :  0.004 0.976 0.005 0.004 0.004 0.007 
 40 NS_SS0924    (8)    1 :  0.044 0.072 0.022 0.240 0.365 0.257 
 41 NS_SS0935    (2)    1 :  0.027 0.045 0.012 0.542 0.018 0.356 
 42 NS_SS0952   (14)    1 :  0.290 0.095 0.045 0.396 0.087 0.087 
 43 NS_SS0962   (11)    1 :  0.167 0.401 0.009 0.012 0.111 0.301 
 44 NS_SS0973    (5)    1 :  0.091 0.005 0.004 0.020 0.174 0.706 
 45 NS_SS0722    (1)    1 :  0.060 0.881 0.002 0.006 0.018 0.032 
 46 NS_SS0979   (13)    1 :  0.021 0.919 0.002 0.009 0.027 0.022 
 47 NS_SS0993    (2)    1 :  0.533 0.199 0.021 0.013 0.164 0.070 
 48 NS_SS0958    (1)    1 :  0.057 0.144 0.003 0.765 0.012 0.019 
 49 NS_SS0988    (4)    1 :  0.414 0.038 0.006 0.039 0.436 0.067 
 50 NS_SS1003    (2)    1 :  0.085 0.007 0.008 0.011 0.858 0.031 
 51 NS_SS0976    (1)    1 :  0.227 0.021 0.003 0.594 0.031 0.124 
 52 NS_SS0964   (10)    1 :  0.025 0.896 0.002 0.012 0.009 0.055 
 53 NS_SS0939    (4)    1 :  0.004 0.967 0.005 0.005 0.012 0.007 
 54 NS_SS0990    (6)    1 :  0.137 0.405 0.004 0.044 0.344 0.066 
 55 NS_SS0984    (2)    1 :  0.016 0.947 0.002 0.008 0.020 0.007 
 56 NS_SS0980   (10)    1 :  0.590 0.020 0.002 0.013 0.049 0.325 
 57 NS_SS0978    (4)    1 :  0.037 0.026 0.003 0.011 0.701 0.222 
 58 NS_SS0951   (18)    1 :  0.029 0.118 0.003 0.410 0.095 0.344 
 59 NS_SS0913    (3)    1 :  0.030 0.825 0.039 0.023 0.018 0.065 
 60 NS_SS1002    (1)    1 :  0.704 0.009 0.035 0.009 0.224 0.019 
 61 NS_SS0948    (1)    1 :  0.451 0.223 0.053 0.193 0.035 0.046 
 62 NS_SS0916    (4)    1 :  0.006 0.014 0.004 0.012 0.954 0.011 
 63 NS_SS0995    (1)    1 :  0.020 0.119 0.004 0.009 0.645 0.203 
 64 NS_SS0927    (6)    1 :  0.011 0.015 0.005 0.012 0.891 0.066 
 65 NS_SS0992    (5)    1 :  0.233 0.012 0.003 0.033 0.516 0.203 
 66 NS_SS0912    (1)    1 :  0.016 0.021 0.003 0.440 0.013 0.507 
 67 NS_SS0981    (1)    1 :  0.116 0.200 0.004 0.056 0.208 0.416 
 68 NS_SS0729    (5)    2 :  0.340 0.003 0.003 0.459 0.073 0.121 
 69 NS_SS0967   (15)    2 :  0.274 0.042 0.014 0.052 0.177 0.441 
 70 NS_SS0941    (8)    2 :  0.085 0.155 0.079 0.034 0.530 0.119 
 71 NS_SS0768   (12)    2 :  0.618 0.204 0.005 0.046 0.064 0.064 
 72 NS_SS0726    (5)    2 :  0.045 0.005 0.007 0.115 0.811 0.017 
 73 NS_SS0763    (4)    2 :  0.066 0.050 0.002 0.452 0.033 0.396 
 74 NS_SS0730    (6)    2 :  0.120 0.814 0.003 0.016 0.031 0.016 
 75 NS_SS0774    (2)    2 :  0.100 0.866 0.001 0.005 0.016 0.012 
 76 NS_SS0723    (3)    2 :  0.335 0.129 0.001 0.006 0.226 0.303 
 77 NS_SS0940   (10)    2 :  0.019 0.061 0.007 0.142 0.444 0.326 
 78 NS_SS0762    (1)    2 :  0.073 0.881 0.003 0.009 0.024 0.010 
 79 NS_SS0766   (11)    2 :  0.012 0.582 0.014 0.174 0.127 0.092 
 80 NS_SS0724    (1)    2 :  0.874 0.029 0.005 0.017 0.009 0.067 
 81 NS_SS0769    (3)    2 :  0.425 0.052 0.005 0.021 0.424 0.073 
 82 NS_SS0777    (1)    2 :  0.014 0.030 0.012 0.116 0.023 0.805 
 83 NS_SS0734    (6)    2 :  0.010 0.166 0.032 0.231 0.065 0.495 
 84 NS_SS0737    (3)    2 :  0.067 0.429 0.006 0.017 0.461 0.019 
 85 NS_SS0732    (5)    2 :  0.030 0.206 0.005 0.010 0.063 0.686 
 86 NS_SS0728    (5)    2 :  0.134 0.030 0.010 0.018 0.566 0.241 
 87 NS_SS0735    (9)    2 :  0.172 0.020 0.006 0.013 0.020 0.768 
 88 NS_SS0725    (1)    2 :  0.595 0.112 0.009 0.077 0.187 0.020 
 89 NS_SS0788    (2)    2 :  0.510 0.028 0.001 0.025 0.259 0.177 
 90 NS_SS0778    (2)    2 :  0.042 0.026 0.001 0.037 0.346 0.548 
 91 NS_SS0792    (6)    2 :  0.021 0.015 0.005 0.018 0.921 0.022 
 92 NS_SS0943   (11)    2 :  0.300 0.007 0.007 0.627 0.015 0.044 
 93 NS_SS0791    (2)    2 :  0.006 0.043 0.011 0.056 0.727 0.157 
 94 NS_SS0790    (5)    2 :  0.871 0.104 0.003 0.004 0.007 0.010 
 95 NS_SS0731    (6)    2 :  0.036 0.514 0.013 0.012 0.008 0.417 
 96 NS_SS0727    (7)    2 :  0.016 0.221 0.002 0.634 0.103 0.024 
 97 NS_SS0779   (13)    2 :  0.023 0.060 0.005 0.029 0.035 0.848 
 98 NS_SS0776    (3)    2 :  0.104 0.041 0.007 0.263 0.025 0.560 
 99 NS_SS0775    (5)    2 :  0.008 0.967 0.006 0.006 0.008 0.006 
100 NS_SS0965    (3)    3 :  0.029 0.196 0.002 0.025 0.014 0.735 
101 NS_SS0754   (14)    3 :  0.014 0.024 0.015 0.189 0.328 0.430 
102 NS_SS0838    (5)    3 :  0.087 0.076 0.056 0.164 0.249 0.369 
103 NS_SS0839    (3)    3 :  0.343 0.552 0.004 0.013 0.073 0.015 
104 NS_SS0832    (4)    3 :  0.210 0.030 0.050 0.007 0.102 0.600 
105 NS_SS0820    (5)    3 :  0.053 0.175 0.006 0.006 0.704 0.056 
106 NS_SS0886    (9)    3 :  0.041 0.023 0.002 0.143 0.161 0.630 
107 NS_SS0748    (5)    3 :  0.204 0.059 0.008 0.428 0.020 0.280 
108 NS_SS0884    (9)    3 :  0.108 0.050 0.020 0.041 0.724 0.057 
109 NS_SS0752    (4)    3 :  0.262 0.100 0.002 0.042 0.032 0.562 
110 NS_SS0862    (1)    3 :  0.029 0.033 0.004 0.007 0.173 0.754 
111 NS_SS0787    (9)    3 :  0.029 0.009 0.007 0.855 0.085 0.015 
112 NS_SS0843    (6)    3 :  0.320 0.025 0.002 0.018 0.016 0.620 
113 NS_SS0856    (4)    3 :  0.048 0.021 0.004 0.011 0.824 0.092 
114 NS_SS0846    (2)    3 :  0.633 0.006 0.003 0.074 0.141 0.143 
115 NS_SS0825    (1)    3 :  0.170 0.087 0.011 0.082 0.572 0.078 
116 NS_SS0757    (3)    3 :  0.029 0.014 0.003 0.050 0.035 0.869 
117 NS_SS0876    (3)    3 :  0.331 0.010 0.221 0.010 0.049 0.380 
118 NS_SS0903   (10)    3 :  0.797 0.007 0.002 0.006 0.012 0.175 
119 NS_SS0875    (7)    3 :  0.020 0.887 0.004 0.014 0.026 0.049 
120 NS_SS0740    (5)    3 :  0.227 0.018 0.003 0.024 0.047 0.681 
121 NS_SS0811    (5)    3 :  0.014 0.846 0.010 0.013 0.014 0.104 
122 NS_SS0751    (1)    3 :  0.080 0.219 0.003 0.158 0.212 0.329 
123 NS_SS0891    (6)    3 :  0.635 0.278 0.007 0.019 0.034 0.027 
124 NS_SS0867    (2)    3 :  0.294 0.011 0.028 0.057 0.430 0.180 
125 NS_SS0890    (6)    3 :  0.034 0.092 0.003 0.035 0.475 0.361 
126 NS_SS0866   (12)    3 :  0.007 0.042 0.004 0.228 0.697 0.022 
127 NS_SS0755    (4)    3 :  0.039 0.129 0.007 0.033 0.756 0.037 
128 NS_SS0758    (4)    3 :  0.106 0.013 0.002 0.101 0.018 0.760 
129 NS_SS0840    (2)    3 :  0.520 0.216 0.003 0.017 0.058 0.187 
130 NS_SS0889    (4)    3 :  0.032 0.015 0.002 0.807 0.046 0.098 
131 NS_SS1010    (1)    3 :  0.520 0.107 0.044 0.040 0.228 0.062 
132 NS_SS0888    (5)    3 :  0.011 0.034 0.001 0.275 0.547 0.132 
133 NS_SS0837    (3)    3 :  0.113 0.180 0.002 0.033 0.063 0.607 
134 NS_SS0794   (10)    3 :  0.015 0.085 0.002 0.827 0.036 0.035 
135 NS_SS0823    (5)    3 :  0.379 0.026 0.004 0.011 0.291 0.289 
136 NS_SS0829    (7)    3 :  0.015 0.010 0.108 0.417 0.050 0.399 
137 NS_SS0844    (5)    3 :  0.969 0.007 0.002 0.005 0.009 0.007 
138 NS_SS1008    (6)    3 :  0.026 0.499 0.012 0.389 0.015 0.058 
139 NS_SS0881    (3)    3 :  0.023 0.432 0.002 0.212 0.224 0.106 
140 NS_SS0834    (6)    3 :  0.910 0.012 0.005 0.017 0.047 0.009 
141 NS_SS0744   (10)    3 :  0.026 0.007 0.006 0.010 0.766 0.185 
142 NS_SS0899    (7)    3 :  0.498 0.235 0.002 0.006 0.016 0.243 
143 NS_SS0804    (5)    3 :  0.399 0.047 0.004 0.006 0.264 0.280 
144 NS_SS0781   (10)    3 :  0.812 0.052 0.003 0.005 0.027 0.102 
145 NS_SS0822    (6)    3 :  0.047 0.010 0.002 0.825 0.051 0.066 
146 NS_SS1004    (4)    3 :  0.119 0.011 0.004 0.057 0.070 0.739 
147 NS_SS0746    (5)    3 :  0.146 0.096 0.016 0.080 0.053 0.608 
148 NS_SS0880    (3)    3 :  0.196 0.088 0.002 0.451 0.079 0.184 
149 NS_SS0879    (5)    3 :  0.634 0.171 0.016 0.074 0.086 0.019 
150 NS_SS0753    (2)    3 :  0.028 0.017 0.010 0.197 0.049 0.697 
151 NS_SS1007    (3)    3 :  0.006 0.024 0.001 0.011 0.929 0.028 
152 NS_SS0872    (5)    3 :  0.724 0.038 0.002 0.011 0.064 0.161 
153 NS_SS1005    (7)    3 :  0.625 0.023 0.001 0.018 0.035 0.298 
154 NS_SS0892    (6)    3 :  0.034 0.066 0.002 0.041 0.503 0.354 
155 NS_SS0898    (0)    3 :  0.015 0.812 0.005 0.119 0.041 0.008 
156 NS_SS0801    (9)    3 :  0.183 0.019 0.010 0.013 0.027 0.747 
157 NS_SS0827    (9)    3 :  0.024 0.708 0.126 0.062 0.010 0.070 
158 NS_SS0853    (7)    3 :  0.009 0.941 0.005 0.011 0.008 0.027 
159 NS_SS0780    (2)    3 :  0.040 0.065 0.004 0.007 0.339 0.545 
160 NS_SS0826   (10)    3 :  0.938 0.006 0.003 0.032 0.010 0.012 
161 NS_SS0818    (5)    3 :  0.207 0.039 0.002 0.011 0.731 0.010 
162 NS_SS0745    (1)    3 :  0.005 0.971 0.001 0.007 0.006 0.009 
163 NS_SS0849    (3)    3 :  0.077 0.025 0.002 0.011 0.018 0.867 
164 NS_SS0739    (3)    3 :  0.009 0.036 0.012 0.013 0.907 0.023 
165 NS_SS0799    (1)    3 :  0.006 0.100 0.001 0.295 0.234 0.364 
166 NS_SS0756    (3)    3 :  0.865 0.021 0.004 0.011 0.060 0.038 
167 NS_SS0802    (2)    3 :  0.020 0.005 0.190 0.017 0.539 0.229 
168 NS_SS0747    (6)    3 :  0.091 0.011 0.005 0.009 0.068 0.816 
169 NS_SS0835    (1)    3 :  0.100 0.030 0.001 0.120 0.691 0.058 
170 NS_SS0742   (19)    3 :  0.026 0.014 0.001 0.010 0.865 0.083 
171 NS_SS0760    (9)    3 :  0.025 0.017 0.049 0.663 0.016 0.230 
172 NS_SS0803    (4)    3 :  0.942 0.009 0.007 0.006 0.008 0.027 
173 NS_SS0828   (14)    3 :  0.048 0.250 0.001 0.093 0.114 0.494 
174 NS_SS0865    (2)    3 :  0.031 0.026 0.031 0.023 0.545 0.345 
175 NS_SS0759    (5)    3 :  0.029 0.113 0.004 0.009 0.089 0.756 
176 NS_SS0851    (5)    3 :  0.015 0.947 0.012 0.009 0.007 0.010 
177 NS_SS0874   (16)    3 :  0.940 0.020 0.001 0.006 0.006 0.025 
178 NS_SS0761    (6)    3 :  0.066 0.054 0.003 0.299 0.025 0.554 
179 NS_SS0842   (26)    3 :  0.067 0.839 0.008 0.043 0.022 0.023 
180 NS_SS0785    (6)    3 :  0.038 0.012 0.005 0.042 0.031 0.873 
181 NS_SS0860   (11)    3 :  0.016 0.009 0.002 0.051 0.858 0.064 
182 NS_SS0897    (7)    3 :  0.012 0.009 0.002 0.952 0.011 0.015 
183 NS_SS0841   (15)    3 :  0.018 0.844 0.004 0.019 0.039 0.076 
184 NS_SS0797    (7)    3 :  0.010 0.047 0.028 0.886 0.012 0.018 
185 NS_SS0830   (11)    3 :  0.150 0.386 0.002 0.176 0.126 0.160 
186 NS_SS1011    (5)    3 :  0.683 0.009 0.006 0.008 0.278 0.016 
187 NS_SS0883    (5)    3 :  0.009 0.069 0.005 0.014 0.044 0.859 
188 NS_SS0782    (2)    3 :  0.118 0.042 0.003 0.150 0.171 0.516 
189 NS_SS0831    (5)    3 :  0.019 0.012 0.003 0.377 0.013 0.577 
190 NS_SS0749    (7)    3 :  0.008 0.007 0.003 0.018 0.045 0.919 
191 NS_SS0854    (2)    3 :  0.069 0.027 0.003 0.085 0.542 0.275 
192 HI_SS0193    (0)    4 :  0.012 0.008 0.002 0.950 0.020 0.008 
193 HI_SS0194    (1)    4 :  0.961 0.007 0.002 0.011 0.010 0.011 
194 HI_SS0195   (10)    4 :  0.086 0.041 0.094 0.009 0.185 0.585 
195 HI_SS0196    (6)    4 :  0.032 0.049 0.003 0.103 0.030 0.783 
196 HI_SS0197    (3)    4 :  0.016 0.009 0.010 0.003 0.950 0.011 
197 HI_SS0198    (1)    4 :  0.037 0.146 0.013 0.096 0.148 0.559 
198 HI_SS0199    (1)    4 :  0.012 0.010 0.003 0.107 0.768 0.099 
199 HI_SS0201    (5)    4 :  0.090 0.006 0.002 0.814 0.036 0.052 
200 HI_SS0215    (1)    4 :  0.187 0.010 0.003 0.099 0.151 0.550 
201 HI_SS0218    (1)    4 :  0.004 0.007 0.004 0.968 0.008 0.009 
202 HI_SS0222    (0)    4 :  0.017 0.056 0.005 0.132 0.045 0.746 
203 HI_SS0230    (1)    4 :  0.232 0.179 0.006 0.015 0.073 0.496 
204 HI_SS0234    (2)    4 :  0.581 0.009 0.140 0.012 0.239 0.020 
205 HI_SS0240    (1)    4 :  0.011 0.039 0.006 0.011 0.769 0.165 
206 HI_SS0241    (0)    4 :  0.030 0.027 0.002 0.115 0.760 0.066 
207 HI_SS0242    (0)    4 :  0.190 0.232 0.003 0.197 0.263 0.115 
208 HI_SS0247    (0)    4 :  0.942 0.009 0.018 0.012 0.012 0.008 
209 HI_SS0248    (1)    4 :  0.017 0.019 0.001 0.883 0.008 0.072 
210 HI_SS0252    (2)    4 :  0.142 0.082 0.003 0.034 0.280 0.460 
211 HI_SS0254    (0)    4 :  0.054 0.017 0.106 0.628 0.087 0.107 
212 HI_SS0256    (0)    4 :  0.959 0.013 0.002 0.003 0.015 0.009 
213 HI_SS0257    (0)    4 :  0.392 0.015 0.003 0.020 0.552 0.019 
214 HI_SS0258    (1)    4 :  0.012 0.009 0.005 0.947 0.012 0.015 
215 HI_SS0259    (1)    4 :  0.037 0.017 0.002 0.013 0.920 0.011 
216 HI_SS0260    (1)    4 :  0.036 0.087 0.001 0.585 0.038 0.253 
217 HI_SS0261    (2)    4 :  0.106 0.045 0.003 0.560 0.093 0.193 
218 HI_SS0262    (0)    4 :  0.241 0.063 0.007 0.011 0.660 0.019 
219 HI_SS0264    (0)    4 :  0.367 0.352 0.004 0.040 0.099 0.139 
220 HI_SS0265    (0)    4 :  0.339 0.130 0.110 0.016 0.383 0.023 
221 HI_SS0268    (1)    4 :  0.069 0.359 0.004 0.376 0.120 0.073 
222 HI_SS0269    (0)    4 :  0.061 0.007 0.002 0.204 0.548 0.178 
223 HI_SS0273    (0)    4 :  0.027 0.024 0.002 0.825 0.097 0.026 
224 HI_SS0277    (1)    4 :  0.141 0.014 0.002 0.020 0.798 0.025 
225 HI_SS0280    (0)    4 :  0.011 0.279 0.006 0.197 0.047 0.460 
226 HI_SS0282    (1)    4 :  0.027 0.005 0.001 0.483 0.014 0.470 
227 HI_SS0286    (1)    4 :  0.227 0.015 0.008 0.100 0.477 0.174 
228 NS_SS1252    (3)    5 :  0.007 0.014 0.004 0.854 0.026 0.094 
229 NS_SS1261    (1)    5 :  0.126 0.032 0.016 0.035 0.512 0.280 
230 NS_SS1225   (10)    5 :  0.838 0.007 0.069 0.026 0.016 0.045 
231 NS_SS1266    (1)    5 :  0.794 0.019 0.008 0.007 0.143 0.030 
232 NS_SS1228    (0)    5 :  0.056 0.516 0.017 0.019 0.335 0.056 
233 NS_SS1255    (3)    5 :  0.247 0.593 0.002 0.067 0.015 0.077 
234 NS_SS1267    (3)    5 :  0.014 0.013 0.018 0.912 0.023 0.020 
235 NS_SS1238    (6)    5 :  0.145 0.086 0.003 0.488 0.082 0.195 
236 NS_SS1233    (8)    5 :  0.219 0.629 0.002 0.113 0.004 0.032 
237 NS_SS1277    (3)    5 :  0.005 0.024 0.001 0.957 0.006 0.006 
238 NS_SS1245    (1)    5 :  0.148 0.041 0.002 0.118 0.016 0.676 
239 NS_SS1240    (4)    5 :  0.007 0.006 0.002 0.858 0.032 0.094 
240 NS_SS1275    (2)    5 :  0.277 0.060 0.003 0.006 0.644 0.010 
241 NS_SS1235    (1)    5 :  0.957 0.006 0.004 0.009 0.017 0.006 
242 NS_SS1263    (1)    5 :  0.914 0.040 0.001 0.013 0.006 0.025 
243 NS_SS1251    (2)    5 :  0.945 0.012 0.001 0.013 0.006 0.023 
244 NS_SS1248    (0)    5 :  0.010 0.082 0.107 0.421 0.026 0.354 
245 NS_SS1244    (0)    5 :  0.132 0.007 0.005 0.152 0.692 0.012 
246 NS_SS1257    (1)    5 :  0.055 0.025 0.040 0.646 0.099 0.136 
247 NS_SS1242    (2)    5 :  0.193 0.744 0.002 0.010 0.028 0.023 
248 NS_SS1271    (6)    5 :  0.005 0.020 0.036 0.902 0.023 0.013 
249 NS_SS1265    (1)    5 :  0.055 0.043 0.025 0.467 0.015 0.396 
250 NS_SS1243    (0)    5 :  0.012 0.314 0.075 0.025 0.040 0.534 
251 NS_SS1273    (1)    5 :  0.013 0.944 0.012 0.008 0.012 0.010 
252 NS_SS1254   (14)    5 :  0.067 0.880 0.006 0.012 0.022 0.013 
253 NS_SS1224    (1)    5 :  0.584 0.048 0.009 0.008 0.040 0.312 
254 NS_SS1227    (8)    5 :  0.008 0.233 0.002 0.031 0.592 0.134 
255 NS_SS1274    (9)    5 :  0.173 0.035 0.021 0.574 0.012 0.185 
256 NS_SS1241    (1)    5 :  0.025 0.012 0.001 0.923 0.024 0.014 
257 NS_SS1256    (3)    5 :  0.677 0.037 0.047 0.169 0.030 0.041 
258 NS_SS1260    (8)    5 :  0.030 0.017 0.069 0.161 0.597 0.126 
259 NS_SS1262    (0)    5 :  0.209 0.017 0.173 0.463 0.058 0.080 
260 NS_SS1230    (0)    5 :  0.037 0.090 0.007 0.543 0.023 0.299 
261 NS_SS1270    (2)    5 :  0.284 0.011 0.002 0.014 0.124 0.566 
262 NS_SS1229    (2)    5 :  0.244 0.005 0.003 0.005 0.730 0.012 
263 NS_SS1246    (5)    5 :  0.361 0.008 0.004 0.236 0.368 0.023 
264 NS_SS1269    (0)    5 :  0.019 0.066 0.002 0.077 0.148 0.688 
265 NS_SS1239    (1)    5 :  0.011 0.023 0.004 0.013 0.929 0.022 
266 NS_SS1272    (5)    5 :  0.797 0.014 0.007 0.010 0.164 0.009 
267 NS_SS1268    (1)    5 :  0.395 0.286 0.002 0.028 0.017 0.272 
268 NS_SS1249    (1)    5 :  0.032 0.027 0.015 0.891 0.019 0.017 
269 HI_SS0559    (0)    6 :  0.214 0.050 0.002 0.201 0.009 0.523 
270 HI_SS0563    (1)    6 :  0.258 0.029 0.002 0.369 0.070 0.271 
271 HI_SS0564    (0)    6 :  0.107 0.054 0.056 0.014 0.556 0.213 
272 HI_SS0565    (0)    6 :  0.376 0.034 0.004 0.075 0.251 0.261 
273 HI_SS0569    (1)    6 :  0.011 0.004 0.002 0.241 0.010 0.732 
274 HI_SS0570    (0)    6 :  0.014 0.023 0.042 0.828 0.065 0.028 
275 HI_SS0572    (1)    6 :  0.904 0.020 0.002 0.007 0.037 0.030 
276 HI_SS0576    (1)    6 :  0.038 0.464 0.006 0.070 0.219 0.204 
277 HI_SS0579    (1)    6 :  0.546 0.006 0.012 0.039 0.012 0.385 
278 HI_SS0580    (1)    6 :  0.051 0.805 0.004 0.046 0.029 0.065 
279 HI_SS0581    (0)    6 :  0.077 0.007 0.058 0.006 0.825 0.027 
280 HI_SS0583    (1)    6 :  0.116 0.660 0.002 0.117 0.045 0.060 
281 HI_SS0586    (1)    6 :  0.008 0.026 0.001 0.939 0.006 0.020 
282 HI_SS0588    (1)    6 :  0.033 0.023 0.017 0.207 0.052 0.667 
283 HI_SS0595    (4)    6 :  0.082 0.318 0.025 0.158 0.391 0.026 
284 HI_SS0596    (0)    6 :  0.390 0.547 0.003 0.016 0.035 0.009 
285 HI_SS0597    (1)    6 :  0.603 0.081 0.002 0.017 0.087 0.209 
286 HI_SS0600    (0)    6 :  0.006 0.005 0.002 0.013 0.931 0.042 
287 HI_SS0601    (1)    6 :  0.659 0.011 0.013 0.036 0.045 0.236 
288 HI_SS0602    (1)    6 :  0.015 0.021 0.002 0.015 0.009 0.937 
289 HI_SS0604    (0)    6 :  0.070 0.019 0.002 0.016 0.013 0.881 
290 HI_SS0605    (1)    6 :  0.007 0.012 0.006 0.010 0.215 0.749 
291 HI_SS0608    (0)    6 :  0.007 0.949 0.001 0.018 0.011 0.014 
292 HI_SS0609    (0)    6 :  0.850 0.067 0.001 0.015 0.030 0.036 
293 HI_SS0611    (5)    6 :  0.023 0.220 0.003 0.144 0.057 0.553 
294 HI_SS0612    (0)    6 :  0.603 0.008 0.007 0.037 0.309 0.037 
295 HI_SS0613    (1)    6 :  0.032 0.021 0.001 0.009 0.011 0.925 
296 HI_SS0615    (1)    6 :  0.023 0.170 0.012 0.009 0.738 0.048 
297 HI_SS0001    (1)    6 :  0.040 0.022 0.004 0.591 0.330 0.014 
298 HI_SS0002    (1)    6 :  0.845 0.031 0.022 0.007 0.079 0.016 
299 HI_SS0004    (0)    6 :  0.021 0.125 0.006 0.598 0.197 0.053 
300 HI_SS0005    (1)    6 :  0.017 0.089 0.007 0.310 0.177 0.400 
301 HI_SS0006    (1)    6 :  0.327 0.013 0.002 0.056 0.277 0.326 
302 HI_SS0007    (1)    6 :  0.007 0.025 0.003 0.881 0.010 0.074 
303 HI_SS0008    (0)    6 :  0.053 0.014 0.035 0.012 0.637 0.249 
304 HI_SS0009    (0)    6 :  0.024 0.851 0.005 0.030 0.060 0.030 
305 HI_SS0010    (1)    6 :  0.023 0.107 0.004 0.779 0.021 0.067 
306 HI_SS0011    (1)    6 :  0.740 0.065 0.086 0.045 0.040 0.024 
307 HI_SS0012    (0)    6 :  0.440 0.050 0.006 0.006 0.212 0.286 
308 HI_SS0017    (1)    6 :  0.200 0.724 0.002 0.036 0.027 0.010 
309 HI_SS0021    (1)    6 :  0.053 0.133 0.235 0.506 0.045 0.029 
310 HI_SS0024    (1)    6 :  0.135 0.137 0.002 0.112 0.596 0.018 
311 HI_SS0025    (1)    6 :  0.038 0.890 0.004 0.014 0.020 0.034 
312 HI_SS0027    (0)    6 :  0.010 0.013 0.011 0.508 0.014 0.443 
313 HI_SS0028    (0)    6 :  0.027 0.924 0.001 0.010 0.014 0.023 
314 HI_SS0029    (1)    6 :  0.020 0.858 0.008 0.033 0.040 0.042 
315 HI_SS0030    (2)    6 :  0.021 0.021 0.004 0.081 0.795 0.078 
316 HI_SS0031    (0)    6 :  0.039 0.036 0.004 0.014 0.657 0.250 
317 HI_SS0034    (0)    6 :  0.046 0.007 0.005 0.380 0.035 0.526 
318 HI_SS0036    (0)    6 :  0.006 0.029 0.012 0.800 0.101 0.051 
319 HI_SS0037    (1)    6 :  0.027 0.416 0.004 0.460 0.016 0.077 
320 HI_SS0039    (0)    6 :  0.010 0.035 0.003 0.872 0.058 0.022 
321 HI_SS0041    (1)    6 :  0.018 0.527 0.002 0.009 0.365 0.079 
322 HI_SS0042    (1)    6 :  0.023 0.631 0.126 0.013 0.100 0.107 
323 HI_SS0043    (1)    6 :  0.009 0.008 0.003 0.871 0.027 0.082 
324 HI_SS0044    (1)    6 :  0.006 0.902 0.003 0.060 0.020 0.009 
325 HI_SS0047    (1)    6 :  0.013 0.006 0.002 0.013 0.041 0.925 
326 HI_SS0049    (1)    6 :  0.043 0.841 0.004 0.026 0.015 0.071 
327 HI_SS0051    (1)    6 :  0.076 0.024 0.002 0.123 0.026 0.749 
328 HI_SS0053    (1)    6 :  0.016 0.010 0.004 0.401 0.124 0.446 
329 HI_SS0054    (4)    6 :  0.025 0.008 0.003 0.941 0.010 0.013 
330 HI_SS0057    (0)    6 :  0.098 0.027 0.003 0.063 0.217 0.592 
331 HI_SS0058    (0)    6 :  0.906 0.030 0.005 0.021 0.017 0.020 
332 HI_SS0060    (0)    6 :  0.148 0.015 0.091 0.106 0.604 0.037 
333 HI_SS0087    (1)    6 :  0.677 0.009 0.003 0.137 0.042 0.132 
334 HI_SS0091    (1)    6 :  0.037 0.005 0.001 0.031 0.903 0.022 
335 HI_SS0095    (1)    6 :  0.025 0.006 0.036 0.009 0.672 0.254 
336 HI_SS0097    (3)    6 :  0.787 0.010 0.004 0.010 0.016 0.173 
337 HI_SS0099    (1)    6 :  0.011 0.951 0.004 0.007 0.016 0.011 
338 HI_SS0103    (0)    6 :  0.214 0.012 0.003 0.013 0.700 0.058 
339 HI_SS0105    (1)    6 :  0.060 0.009 0.028 0.025 0.698 0.180 
340 HI_SS0107    (1)    6 :  0.874 0.031 0.001 0.009 0.073 0.012 
341 HI_SS0108    (1)    6 :  0.006 0.006 0.025 0.887 0.008 0.067 
342 HI_SS0110    (0)    6 :  0.020 0.024 0.001 0.012 0.921 0.022 
343 HI_SS0111    (1)    6 :  0.023 0.045 0.033 0.024 0.494 0.380 
344 HI_SS0112    (0)    6 :  0.005 0.006 0.001 0.974 0.004 0.009 
345 HI_SS0113    (1)    6 :  0.487 0.024 0.004 0.017 0.145 0.323 
346 HI_SS0114    (1)    6 :  0.012 0.046 0.005 0.279 0.072 0.585 
347 HI_SS0115    (1)    6 :  0.033 0.357 0.014 0.061 0.118 0.418 
348 HI_SS0116    (4)    6 :  0.011 0.931 0.003 0.025 0.013 0.016 
349 HI_SS0117    (0)    6 :  0.776 0.005 0.002 0.188 0.015 0.013 
350 HI_SS0118    (0)    6 :  0.112 0.577 0.015 0.043 0.047 0.207 
351 HI_SS0119    (1)    6 :  0.018 0.004 0.002 0.071 0.853 0.052 
352 HI_SS0120    (1)    6 :  0.746 0.019 0.004 0.014 0.206 0.011 
353 HI_SS0121    (0)    6 :  0.329 0.174 0.001 0.007 0.388 0.101 
354 HI_SS0122    (2)    6 :  0.069 0.036 0.017 0.021 0.845 0.011 
355 HI_SS0123    (0)    6 :  0.288 0.013 0.004 0.007 0.330 0.357 
356 HI_SS0124    (1)    6 :  0.027 0.916 0.004 0.010 0.032 0.011 
357 HI_SS0125    (1)    6 :  0.007 0.015 0.023 0.003 0.937 0.014 
358 HI_SS0126    (0)    6 :  0.006 0.013 0.001 0.969 0.007 0.004 
359 HI_SS0127    (0)    6 :  0.041 0.045 0.008 0.088 0.019 0.799 
360 HI_SS0128    (0)    6 :  0.041 0.032 0.003 0.100 0.813 0.012 
361 HI_SS0129    (1)    6 :  0.052 0.082 0.011 0.314 0.103 0.438 
362 HI_SS0131    (2)    6 :  0.226 0.055 0.041 0.639 0.024 0.015 
363 HI_SS0132    (0)    6 :  0.079 0.123 0.001 0.404 0.256 0.138 
364 HI_SS0133    (1)    6 :  0.003 0.004 0.001 0.986 0.003 0.003 
365 HI_SS0134    (1)    6 :  0.233 0.043 0.002 0.066 0.470 0.185 
366 HI_SS0142    (3)    6 :  0.097 0.012 0.019 0.008 0.409 0.455 
367 HI_SS0145    (0)    6 :  0.370 0.019 0.002 0.166 0.022 0.422 
368 HI_SS0146    (1)    6 :  0.008 0.093 0.001 0.854 0.030 0.013 
369 HI_SS0147    (1)    6 :  0.404 0.033 0.022 0.006 0.072 0.462 
370 HI_SS0149    (1)    6 :  0.171 0.019 0.004 0.050 0.749 0.008 
371 HI_SS0150    (2)    6 :  0.065 0.666 0.005 0.059 0.055 0.150 
372 HI_SS0151    (0)    6 :  0.019 0.017 0.011 0.029 0.069 0.855 
373 NS_SS1451    (1)    6 :  0.029 0.343 0.004 0.010 0.589 0.026 
374 NS_SS1404    (0)    6 :  0.299 0.525 0.012 0.016 0.102 0.045 
375 NS_SS1432    (2)    6 :  0.009 0.754 0.038 0.006 0.173 0.020 
376 NS_SS1405    (5)    6 :  0.120 0.688 0.004 0.126 0.035 0.028 
377 NS_SS1431   (10)    6 :  0.363 0.369 0.001 0.022 0.194 0.051 
378 NS_SS1402    (3)    6 :  0.917 0.015 0.002 0.011 0.040 0.015 
379 NS_SS1450    (3)    6 :  0.015 0.030 0.005 0.638 0.105 0.207 
380 NS_SS1396    (0)    6 :  0.050 0.111 0.006 0.042 0.582 0.210 
381 NS_SS1393    (5)    6 :  0.025 0.340 0.004 0.020 0.069 0.542 
382 NS_SS1392   (10)    6 :  0.025 0.133 0.018 0.036 0.730 0.057 
383 NS_SS1445    (0)    6 :  0.019 0.022 0.009 0.153 0.661 0.136 
384 NS_SS1423    (0)    6 :  0.372 0.011 0.001 0.259 0.338 0.019 
385 NS_SS1421    (9)    6 :  0.021 0.009 0.089 0.856 0.015 0.011 
386 NS_SS1411    (6)    6 :  0.006 0.029 0.002 0.376 0.011 0.576 
387 NS_SS1453    (6)    6 :  0.123 0.037 0.007 0.141 0.488 0.204 
388 NS_SS1442    (3)    6 :  0.323 0.040 0.005 0.061 0.051 0.521 
389 NS_SS1422    (1)    6 :  0.669 0.014 0.011 0.167 0.119 0.021 
390 NS_SS1419    (1)    6 :  0.012 0.811 0.154 0.010 0.009 0.005 
391 NS_SS1427    (0)    6 :  0.005 0.007 0.002 0.964 0.015 0.006 
392 NS_SS1444    (4)    6 :  0.023 0.638 0.004 0.010 0.013 0.311 
393 NS_SS1455    (0)    6 :  0.898 0.073 0.001 0.010 0.007 0.011 
394 NS_SS1425    (2)    6 :  0.026 0.012 0.002 0.654 0.020 0.286 
395 NS_SS1400    (0)    6 :  0.036 0.017 0.001 0.919 0.006 0.020 
396 NS_SS1406    (2)    6 :  0.940 0.013 0.008 0.005 0.014 0.020 
397 NS_SS1417    (6)    6 :  0.805 0.034 0.007 0.089 0.053 0.013 
398 NS_SS1454    (3)    6 :  0.037 0.316 0.001 0.557 0.060 0.028 
399 NS_SS1412    (1)    6 :  0.118 0.069 0.027 0.146 0.158 0.482 
400 NS_SS1438    (1)    6 :  0.043 0.019 0.001 0.424 0.022 0.491 
401 NS_SS1416    (4)    6 :  0.150 0.211 0.007 0.011 0.122 0.499 
402 NS_SS1401    (0)    6 :  0.067 0.032 0.012 0.011 0.864 0.014 
403 NS_SS1424    (6)    6 :  0.130 0.020 0.014 0.505 0.304 0.027 
404 NS_SS1435   (10)    6 :  0.026 0.144 0.004 0.602 0.054 0.170 
405 NS_SS1447    (4)    6 :  0.191 0.320 0.009 0.048 0.061 0.371 
406 NS_SS1414    (3)    6 :  0.084 0.870 0.008 0.016 0.009 0.013 
407 NS_SS1449   (14)    6 :  0.088 0.007 0.004 0.012 0.876 0.013 
408 NS_SS1443    (4)    6 :  0.049 0.014 0.002 0.558 0.019 0.358 
409 NS_SS1434    (1)    6 :  0.404 0.061 0.001 0.223 0.295 0.015 
410 NS_SS1398    (1)    6 :  0.026 0.580 0.021 0.128 0.175 0.070 
411 NS_SS1426    (1)    6 :  0.014 0.011 0.002 0.511 0.133 0.329 
412 NS_SS1413    (0)    6 :  0.012 0.019 0.012 0.936 0.009 0.012 
413 NS_SS1395    (1)    6 :  0.011 0.008 0.008 0.024 0.543 0.406 
414 NS_SS1448   (10)    6 :  0.008 0.076 0.002 0.884 0.014 0.016 
415 NS_SS1446    (0)    6 :  0.039 0.018 0.003 0.016 0.913 0.011 
416 NS_SS1403    (2)    6 :  0.141 0.085 0.005 0.015 0.669 0.086 
417 NS_SS1415    (0)    6 :  0.010 0.039 0.009 0.883 0.011 0.048 
418 NS_SS1437    (4)    6 :  0.404 0.466 0.011 0.060 0.031 0.028 
419 NS_SS1439    (2)    6 :  0.221 0.017 0.003 0.007 0.264 0.488 
420 NS_SS1441    (3)    6 :  0.034 0.121 0.002 0.493 0.123 0.226 
421 NS_SS1420    (2)    6 :  0.013 0.821 0.003 0.007 0.021 0.135 
422 NS_SS1394    (2)    6 :  0.017 0.627 0.041 0.006 0.035 0.274 
423 NS_SS1391    (7)    6 :  0.151 0.096 0.014 0.328 0.243 0.169 
424 NS_SS1410    (5)    6 :  0.059 0.101 0.013 0.070 0.675 0.082 
425 NS_SS1408    (1)    6 :  0.031 0.014 0.062 0.022 0.540 0.332 
426 NS_SS1409    (1)    6 :  0.028 0.060 0.002 0.031 0.674 0.204 
427 HI_SS0617    (1)    7 :  0.043 0.033 0.001 0.007 0.893 0.023 
428 HI_SS0618    (2)    7 :  0.029 0.077 0.002 0.023 0.026 0.843 
429 HI_SS0619    (0)    7 :  0.015 0.926 0.004 0.021 0.020 0.014 
430 HI_SS0620    (1)    7 :  0.009 0.007 0.003 0.858 0.028 0.095 
431 HI_SS0621    (3)    7 :  0.180 0.378 0.015 0.022 0.363 0.042 
432 HI_SS0622    (1)    7 :  0.442 0.062 0.014 0.386 0.018 0.079 
433 HI_SS0626    (0)    7 :  0.015 0.825 0.009 0.024 0.033 0.093 
434 HI_SS0627    (0)    7 :  0.178 0.031 0.007 0.011 0.346 0.427 
435 HI_SS0628    (3)    7 :  0.021 0.075 0.052 0.518 0.182 0.153 
436 HI_SS0629    (1)    7 :  0.251 0.083 0.008 0.209 0.350 0.099 
437 HI_SS0630    (1)    7 :  0.011 0.510 0.053 0.211 0.021 0.195 
438 HI_SS0631    (0)    7 :  0.016 0.014 0.001 0.806 0.048 0.115 
439 HI_SS0632    (0)    7 :  0.021 0.036 0.004 0.411 0.048 0.481 
440 HI_SS0633    (0)    7 :  0.071 0.867 0.004 0.007 0.042 0.010 
441 HI_SS0634    (1)    7 :  0.005 0.010 0.002 0.008 0.966 0.010 
442 HI_SS0635    (0)    7 :  0.099 0.668 0.010 0.084 0.031 0.109 
443 HI_SS0637    (1)    7 :  0.010 0.005 0.002 0.006 0.026 0.951 
444 HI_SS0638    (0)    7 :  0.024 0.042 0.001 0.594 0.057 0.282 
445 HI_SS0639    (1)    7 :  0.013 0.159 0.043 0.006 0.560 0.218 
446 HI_SS0640    (1)    7 :  0.023 0.065 0.002 0.042 0.074 0.794 
447 HI_SS0641    (1)    7 :  0.010 0.696 0.005 0.070 0.034 0.185 
448 HI_SS0642    (0)    7 :  0.035 0.014 0.002 0.012 0.862 0.075 
449 HI_SS0645    (0)    7 :  0.006 0.971 0.001 0.006 0.010 0.006 
450 HI_SS0646    (1)    7 :  0.570 0.016 0.003 0.050 0.133 0.228 
451 HI_SS0647    (1)    7 :  0.072 0.042 0.001 0.840 0.018 0.027 
452 HI_SS0648    (0)    7 :  0.193 0.369 0.003 0.048 0.046 0.342 
453 HI_SS0649    (1)    7 :  0.090 0.537 0.002 0.021 0.194 0.156 
454 HI_SS0650    (1)    7 :  0.040 0.029 0.005 0.011 0.234 0.681 
455 HI_SS0651    (1)    7 :  0.142 0.082 0.005 0.041 0.227 0.503 
456 HI_SS0652    (1)    7 :  0.008 0.864 0.004 0.014 0.029 0.082 
457 NS_SS1371    (3)    7 :  0.034 0.013 0.005 0.018 0.736 0.194 
458 NS_SS1374    (0)    7 :  0.009 0.038 0.003 0.411 0.519 0.020 
459 NS_SS1337    (3)    7 :  0.106 0.033 0.003 0.069 0.773 0.015 
460 NS_SS1385    (5)    7 :  0.654 0.059 0.004 0.044 0.111 0.127 
461 NS_SS1388    (0)    7 :  0.033 0.879 0.006 0.026 0.026 0.031 
462 NS_SS1370    (1)    7 :  0.016 0.011 0.008 0.024 0.238 0.704 
463 NS_SS1389    (3)    7 :  0.016 0.964 0.004 0.006 0.005 0.006 
464 NS_SS1360    (1)    7 :  0.022 0.035 0.005 0.101 0.031 0.806 
465 NS_SS1330    (0)    7 :  0.023 0.015 0.004 0.004 0.021 0.933 
466 NS_SS1328    (9)    7 :  0.031 0.043 0.003 0.794 0.116 0.013 
467 NS_SS1384    (1)    7 :  0.529 0.007 0.003 0.017 0.047 0.397 
468 NS_SS1381    (0)    7 :  0.611 0.012 0.001 0.008 0.357 0.012 
469 NS_SS1375    (1)    7 :  0.004 0.927 0.001 0.020 0.025 0.023 
470 NS_SS1319   (11)    7 :  0.017 0.043 0.096 0.037 0.747 0.060 
471 NS_SS1326    (2)    7 :  0.008 0.034 0.009 0.927 0.013 0.008 
472 NS_SS1341    (1)    7 :  0.097 0.005 0.004 0.014 0.832 0.049 
473 NS_SS1383    (2)    7 :  0.012 0.005 0.004 0.041 0.909 0.028 
474 NS_SS1318    (3)    7 :  0.126 0.186 0.019 0.073 0.107 0.489 
475 NS_SS1348    (2)    7 :  0.029 0.012 0.002 0.883 0.031 0.045 
476 NS_SS1363    (0)    7 :  0.187 0.142 0.005 0.077 0.138 0.451 
477 NS_SS1335    (4)    7 :  0.017 0.026 0.031 0.603 0.098 0.226 
478 NS_SS1358    (0)    7 :  0.388 0.004 0.013 0.182 0.368 0.045 
479 NS_SS1342    (1)    7 :  0.882 0.010 0.001 0.036 0.064 0.008 
480 NS_SS1320    (3)    7 :  0.392 0.556 0.007 0.005 0.032 0.007 
481 NS_SS1355    (1)    7 :  0.318 0.067 0.014 0.005 0.011 0.585 
482 NS_SS1345    (1)    7 :  0.945 0.009 0.015 0.010 0.007 0.014 
483 NS_SS1324    (0)    7 :  0.152 0.038 0.003 0.379 0.131 0.297 
484 NS_SS1347    (5)    7 :  0.121 0.012 0.003 0.023 0.402 0.439 
485 NS_SS1321    (4)    7 :  0.017 0.012 0.001 0.065 0.825 0.080 
486 NS_SS1333    (0)    7 :  0.006 0.018 0.003 0.021 0.948 0.005 
487 NS_SS1364    (1)    7 :  0.539 0.007 0.003 0.417 0.008 0.026 
488 NS_SS1379    (0)    7 :  0.074 0.044 0.051 0.014 0.051 0.765 
489 NS_SS1332    (0)    7 :  0.009 0.020 0.006 0.947 0.011 0.007 
490 NS_SS1338    (5)    7 :  0.008 0.038 0.008 0.045 0.509 0.392 
491 NS_SS1368    (6)    7 :  0.061 0.042 0.005 0.861 0.016 0.015 
492 NS_SS1354    (1)    7 :  0.828 0.017 0.010 0.014 0.111 0.019 
493 NS_SS1365    (0)    7 :  0.045 0.496 0.009 0.081 0.068 0.301 
494 NS_SS1380    (1)    7 :  0.919 0.017 0.017 0.009 0.011 0.026 
495 NS_SS1329    (8)    7 :  0.715 0.007 0.003 0.232 0.032 0.011 
496 NS_SS1362    (0)    7 :  0.890 0.007 0.003 0.016 0.054 0.030 
497 NS_SS1327    (2)    7 :  0.005 0.005 0.003 0.962 0.014 0.011 
498 NS_SS1350    (0)    7 :  0.006 0.008 0.009 0.014 0.817 0.147 
499 NS_SS1387    (2)    7 :  0.011 0.346 0.003 0.009 0.011 0.621 
500 NS_SS1369    (8)    7 :  0.020 0.028 0.004 0.818 0.039 0.091 
501 NS_SS1331    (1)    7 :  0.015 0.759 0.009 0.149 0.056 0.011 
502 NS_SS1357    (5)    7 :  0.113 0.025 0.003 0.123 0.711 0.025 
503 NS_SS1386    (1)    7 :  0.028 0.004 0.004 0.921 0.035 0.008 
504 NS_SS1353    (2)    7 :  0.492 0.206 0.004 0.171 0.077 0.051 
505 NS_SS1323    (0)    7 :  0.350 0.219 0.083 0.011 0.297 0.040 
506 HI_SS0296    (0)    8 :  0.034 0.013 0.002 0.238 0.041 0.671 
507 HI_SS0297    (0)    8 :  0.096 0.029 0.001 0.627 0.222 0.025 
508 HI_SS0299    (0)    8 :  0.166 0.012 0.035 0.264 0.019 0.505 
509 HI_SS0300    (0)    8 :  0.009 0.038 0.001 0.067 0.021 0.864 
510 HI_SS0301    (0)    8 :  0.021 0.017 0.003 0.015 0.029 0.914 
511 HI_SS0302    (0)    8 :  0.031 0.010 0.019 0.547 0.023 0.371 
512 HI_SS0303    (0)    8 :  0.015 0.060 0.007 0.872 0.013 0.033 
513 HI_SS0304    (0)    8 :  0.029 0.606 0.002 0.065 0.204 0.093 
514 HI_SS0306    (5)    8 :  0.003 0.005 0.002 0.977 0.006 0.007 
515 HI_SS0307    (1)    8 :  0.079 0.592 0.011 0.017 0.094 0.206 
516 HI_SS0308    (1)    8 :  0.523 0.068 0.098 0.125 0.103 0.083 
517 HI_SS0309    (0)    8 :  0.704 0.029 0.003 0.013 0.139 0.112 
518 HI_SS0310    (0)    8 :  0.578 0.024 0.007 0.291 0.012 0.087 
519 HI_SS0311    (4)    8 :  0.020 0.481 0.003 0.152 0.152 0.191 
520 HI_SS0314    (0)    8 :  0.015 0.928 0.001 0.029 0.014 0.012 
521 HI_SS0316    (1)    8 :  0.035 0.082 0.005 0.075 0.415 0.389 
522 HI_SS0317    (3)    8 :  0.017 0.012 0.002 0.013 0.873 0.083 
523 HI_SS0318    (1)    8 :  0.010 0.007 0.180 0.309 0.162 0.333 
524 HI_SS0319    (0)    8 :  0.012 0.012 0.005 0.949 0.009 0.014 
525 HI_SS0320    (3)    8 :  0.021 0.244 0.001 0.005 0.709 0.019 
526 HI_SS0321    (0)    8 :  0.007 0.004 0.002 0.014 0.731 0.242 
527 HI_SS0323    (1)    8 :  0.009 0.204 0.002 0.035 0.467 0.283 
528 HI_SS0325    (2)    8 :  0.014 0.014 0.002 0.746 0.017 0.207 
529 HI_SS0327    (1)    8 :  0.282 0.005 0.002 0.456 0.198 0.057 
530 HI_SS0329    (1)    8 :  0.011 0.788 0.001 0.042 0.055 0.102 
531 HI_SS0333    (1)    8 :  0.157 0.292 0.003 0.216 0.130 0.202 
532 HI_SS0334    (1)    8 :  0.081 0.009 0.001 0.019 0.026 0.863 
533 HI_SS0335    (1)    8 :  0.949 0.005 0.013 0.005 0.011 0.018 
534 HI_SS0339    (0)    8 :  0.920 0.027 0.013 0.007 0.007 0.026 
535 HI_SS0343    (2)    8 :  0.914 0.022 0.002 0.017 0.021 0.025 
536 HI_SS0344    (1)    8 :  0.004 0.003 0.003 0.977 0.007 0.006 
537 HI_SS0345    (3)    8 :  0.726 0.045 0.008 0.119 0.020 0.081 
538 HI_SS0346    (0)    8 :  0.017 0.014 0.005 0.198 0.177 0.590 
539 HI_SS0350    (1)    8 :  0.662 0.300 0.008 0.006 0.007 0.018 
540 HI_SS0351    (0)    8 :  0.689 0.011 0.003 0.031 0.115 0.151 
541 HI_SS0352    (3)    8 :  0.825 0.015 0.104 0.014 0.025 0.017 
542 HI_SS0362    (0)    8 :  0.008 0.330 0.002 0.267 0.046 0.347 
543 HI_SS0363    (1)    8 :  0.115 0.016 0.004 0.767 0.041 0.057 
544 HI_SS0365    (0)    8 :  0.065 0.314 0.006 0.124 0.221 0.271 
545 HI_SS0366    (0)    8 :  0.120 0.011 0.002 0.789 0.046 0.032 
546 HI_SS0367    (1)    8 :  0.241 0.682 0.002 0.006 0.032 0.035 
547 HI_SS0369    (1)    8 :  0.210 0.274 0.003 0.014 0.317 0.183 
548 HI_SS0370    (0)    8 :  0.443 0.009 0.003 0.016 0.338 0.191 
549 HI_SS0371    (4)    8 :  0.008 0.094 0.004 0.867 0.015 0.012 
550 HI_SS0373    (3)    8 :  0.006 0.945 0.009 0.018 0.011 0.011 
551 HI_SS0374    (0)    8 :  0.015 0.873 0.029 0.007 0.053 0.023 
552 HI_SS0377    (0)    8 :  0.115 0.021 0.096 0.412 0.171 0.185 
553 HI_SS0379    (1)    8 :  0.005 0.003 0.001 0.974 0.009 0.007 
554 HI_SS0380    (1)    8 :  0.699 0.080 0.007 0.010 0.023 0.181 
555 HI_SS0381    (2)    8 :  0.305 0.227 0.005 0.016 0.211 0.234 
556 HI_SS0384    (3)    8 :  0.012 0.164 0.009 0.180 0.565 0.071 
557 HI_SS0385    (1)    8 :  0.008 0.534 0.001 0.440 0.007 0.010 
558 HI_SS0386    (0)    9 :  0.002 0.001 0.991 0.002 0.002 0.002 
559 HI_SS0387    (0)    9 :  0.011 0.008 0.937 0.012 0.017 0.014 
560 HI_SS0389    (2)    9 :  0.004 0.004 0.980 0.004 0.004 0.004 
561 HI_SS0390    (2)    9 :  0.002 0.002 0.990 0.002 0.002 0.002 
562 HI_SS0391    (3)    9 :  0.004 0.002 0.986 0.002 0.003 0.002 
563 HI_SS0392    (0)    9 :  0.002 0.002 0.991 0.002 0.001 0.002 
564 HI_SS0393    (2)    9 :  0.002 0.001 0.992 0.002 0.002 0.002 
565 HI_SS0394    (2)    9 :  0.002 0.002 0.992 0.002 0.001 0.001 
