   NS_SS0963  1 0.0048 0.0133 0.1200 0.0096 0.2052 0.0084 0.0071 0.1215 0.0314 0.4786 
   NS_SS0983  1 0.0033 0.7055 0.0166 0.0064 0.0096 0.0065 0.0033 0.0049 0.0287 0.2151 
   NS_SS0719  1 0.0121 0.0449 0.7563 0.0173 0.0079 0.0147 0.0050 0.0786 0.0164 0.0468 
   NS_SS1001  1 0.0128 0.0060 0.0171 0.1720 0.0786 0.0189 0.0062 0.0595 0.6221 0.0067 
   NS_SS0936  1 0.2461 0.0215 0.0234 0.0152 0.4745 0.0660 0.0028 0.0131 0.0646 0.0728 
   NS_SS0955  1 0.0103 0.0143 0.0122 0.1123 0.0307 0.0783 0.0045 0.0528 0.0220 0.6626 
   NS_SS0944  1 0.0046 0.0064 0.0258 0.4250 0.1847 0.0104 0.0016 0.2985 0.0329 0.0099 
   NS_SS0945  1 0.6575 0.0171 0.0147 0.1811 0.0073 0.0117 0.0097 0.0103 0.0790 0.0115 
   NS_SS0922  1 0.0171 0.0202 0.1111 0.0049 0.0249 0.0145 0.0255 0.6400 0.1347 0.0071 
   NS_SS0929  1 0.0177 0.3304 0.0355 0.0234 0.3742 0.1455 0.0031 0.0294 0.0186 0.0221 
   NS_SS0956  1 0.0124 0.0091 0.0424 0.0159 0.0135 0.0845 0.0054 0.7861 0.0242 0.0065 
   NS_SS0906  1 0.0177 0.0135 0.1319 0.0127 0.7361 0.0266 0.0027 0.0051 0.0127 0.0410 
   NS_SS0721  1 0.0180 0.0160 0.0535 0.0117 0.0174 0.0168 0.0055 0.0258 0.0087 0.8265 
   NS_SS0982  1 0.1770 0.0292 0.2036 0.0049 0.1790 0.1991 0.0219 0.0615 0.0245 0.0993 
   NS_SS0923  1 0.0388 0.0111 0.6215 0.0114 0.1014 0.0777 0.0048 0.1109 0.0088 0.0137 
   NS_SS0905  1 0.0558 0.0398 0.7066 0.0104 0.0538 0.0249 0.0019 0.0246 0.0054 0.0768 
   NS_SS0925  1 0.0204 0.1601 0.1824 0.0056 0.0358 0.1460 0.0038 0.0144 0.3645 0.0671 
   NS_SS0947  1 0.0198 0.0220 0.0087 0.0163 0.6565 0.0591 0.0049 0.1400 0.0629 0.0098 
   NS_SS0926  1 0.0637 0.2329 0.0330 0.5114 0.0614 0.0166 0.0016 0.0440 0.0183 0.0170 
   NS_SS0918  1 0.0517 0.0190 0.0085 0.0298 0.0180 0.0251 0.0027 0.0779 0.0093 0.7580 
   NS_SS0966  1 0.0180 0.0309 0.4804 0.0242 0.0815 0.2767 0.0418 0.0047 0.0345 0.0072 
   NS_SS0938  1 0.2601 0.0480 0.0095 0.0122 0.0414 0.0251 0.0014 0.0463 0.5358 0.0201 
   NS_SS0917  1 0.3769 0.1000 0.2548 0.0166 0.0140 0.0127 0.0478 0.0230 0.0950 0.0591 
   NS_SS0957  1 0.9215 0.0068 0.0058 0.0071 0.0105 0.0166 0.0050 0.0097 0.0051 0.0120 
   NS_SS0987  1 0.0312 0.0084 0.0490 0.0088 0.0222 0.0153 0.2199 0.6260 0.0066 0.0126 
   NS_SS0717  1 0.0873 0.0169 0.0271 0.0137 0.6811 0.0265 0.0029 0.0242 0.1002 0.0201 
   NS_SS0986  1 0.0238 0.0083 0.0077 0.0171 0.5711 0.0354 0.0035 0.2808 0.0179 0.0344 
   NS_SS0953  1 0.0175 0.0245 0.0281 0.0177 0.5273 0.2721 0.0250 0.0249 0.0177 0.0453 
   NS_SS0907  1 0.0493 0.0168 0.0407 0.0244 0.2608 0.1679 0.0561 0.0264 0.0068 0.3507 
   NS_SS0974  1 0.1008 0.4312 0.0175 0.0977 0.0267 0.0226 0.0044 0.0622 0.2057 0.0313 
   NS_SS0989  1 0.0053 0.7513 0.0215 0.0141 0.0131 0.0101 0.0012 0.0124 0.0554 0.1158 
   NS_SS0991  1 0.0071 0.0440 0.3158 0.2949 0.2056 0.0307 0.0022 0.0112 0.0317 0.0568 
   NS_SS0994  1 0.0090 0.5863 0.0097 0.2391 0.0214 0.0070 0.0025 0.0458 0.0583 0.0209 
   NS_SS0931  1 0.0309 0.0074 0.0277 0.8317 0.0173 0.0075 0.0147 0.0269 0.0174 0.0185 
   NS_SS1000  1 0.0213 0.0048 0.0141 0.0183 0.8916 0.0135 0.0031 0.0144 0.0160 0.0030 
   NS_SS0919  1 0.0108 0.0062 0.9292 0.0085 0.0183 0.0043 0.0024 0.0096 0.0051 0.0055 
   NS_SS0949  1 0.0117 0.0455 0.0365 0.6763 0.0076 0.0042 0.0017 0.0070 0.1504 0.0593 
   NS_SS0960  1 0.0117 0.0886 0.3875 0.0660 0.2360 0.0582 0.0072 0.0817 0.0085 0.0546 
   NS_SS0716  1 0.7776 0.0043 0.0158 0.0096 0.0118 0.1481 0.0067 0.0124 0.0065 0.0072 
   NS_SS0924  1 0.0089 0.2159 0.4402 0.0152 0.0488 0.2064 0.0176 0.0115 0.0121 0.0234 
   NS_SS0935  1 0.0109 0.0146 0.8607 0.0324 0.0198 0.0160 0.0080 0.0160 0.0129 0.0088 
   NS_SS0952  1 0.0242 0.0181 0.3530 0.4077 0.0618 0.0377 0.0487 0.0178 0.0140 0.0170 
   NS_SS0962  1 0.0382 0.0187 0.0083 0.0067 0.0244 0.0150 0.0063 0.8594 0.0134 0.0096 
   NS_SS0973  1 0.0101 0.0460 0.0858 0.0073 0.4817 0.0109 0.0041 0.0062 0.2692 0.0788 
   NS_SS0722  1 0.8340 0.0271 0.0188 0.0054 0.0215 0.0175 0.0024 0.0083 0.0555 0.0093 
   NS_SS0979  1 0.5362 0.0200 0.0327 0.0093 0.0897 0.0513 0.0030 0.1248 0.0338 0.0993 
   NS_SS0993  1 0.0596 0.1171 0.0879 0.0059 0.0410 0.0220 0.0230 0.0193 0.5456 0.0786 
   NS_SS0958  1 0.0930 0.0143 0.0462 0.6022 0.1348 0.0514 0.0040 0.0116 0.0143 0.0282 
   NS_SS0988  1 0.2816 0.0594 0.0644 0.0067 0.4541 0.0113 0.0057 0.0238 0.0393 0.0536 
   NS_SS1003  1 0.0045 0.0052 0.0238 0.0072 0.0098 0.0081 0.0065 0.8852 0.0430 0.0068 
   NS_SS0976  1 0.0084 0.0286 0.0932 0.0355 0.0076 0.0244 0.0015 0.6854 0.1044 0.0110 
   NS_SS0964  1 0.1520 0.0984 0.2114 0.0132 0.0482 0.0608 0.0031 0.1871 0.2047 0.0211 
   NS_SS0939  1 0.9280 0.0030 0.0069 0.0084 0.0032 0.0159 0.0043 0.0129 0.0133 0.0042 
   NS_SS0990  1 0.0396 0.0089 0.0096 0.0088 0.0271 0.0207 0.0042 0.0205 0.2129 0.6478 
   NS_SS0984  1 0.5690 0.0265 0.0416 0.0043 0.0169 0.0079 0.0030 0.1778 0.1212 0.0318 
   NS_SS0980  1 0.0209 0.1463 0.6600 0.0049 0.0326 0.0104 0.0024 0.0702 0.0318 0.0205 
   NS_SS0978  1 0.0482 0.0228 0.8565 0.0093 0.0071 0.0102 0.0037 0.0224 0.0088 0.0109 
   NS_SS0951  1 0.0151 0.0214 0.0146 0.0179 0.0134 0.8411 0.0029 0.0404 0.0115 0.0217 
   NS_SS0913  1 0.0170 0.0188 0.0209 0.0125 0.0335 0.4657 0.0366 0.3142 0.0431 0.0378 
   NS_SS1002  1 0.1789 0.0442 0.0078 0.0034 0.6445 0.0061 0.0362 0.0118 0.0377 0.0294 
   NS_SS0948  1 0.4377 0.0388 0.0184 0.0296 0.1229 0.2669 0.0412 0.0093 0.0230 0.0123 
   NS_SS0916  1 0.0232 0.3883 0.2573 0.0244 0.0704 0.0508 0.0058 0.0753 0.0902 0.0142 
   NS_SS0995  1 0.0090 0.1479 0.1629 0.0056 0.0327 0.0146 0.0039 0.0178 0.0372 0.5683 
   NS_SS0927  1 0.0242 0.3393 0.3051 0.0199 0.0198 0.0395 0.0048 0.0151 0.0175 0.2146 
   NS_SS0992  1 0.0090 0.5140 0.1821 0.0256 0.1288 0.0480 0.0048 0.0279 0.0192 0.0406 
   NS_SS0912  1 0.0114 0.0488 0.0674 0.0919 0.0851 0.0206 0.0026 0.0185 0.0084 0.6454 
   NS_SS0981  1 0.0672 0.0094 0.0420 0.0056 0.1278 0.0257 0.0037 0.7019 0.0050 0.0117 
   NS_SS0729  2 0.0040 0.8811 0.0139 0.0181 0.0163 0.0117 0.0041 0.0053 0.0399 0.0056 
   NS_SS0967  2 0.0564 0.0734 0.0602 0.0264 0.5309 0.0148 0.0116 0.0472 0.1461 0.0331 
   NS_SS0941  2 0.1462 0.1141 0.1134 0.0127 0.0381 0.0170 0.0947 0.0156 0.4279 0.0204 
   NS_SS0768  2 0.0142 0.0146 0.0131 0.0497 0.1968 0.5788 0.0032 0.0736 0.0406 0.0155 
   NS_SS0726  2 0.0123 0.2106 0.1070 0.0103 0.0166 0.0052 0.0085 0.0249 0.5804 0.0242 
   NS_SS0763  2 0.0294 0.2808 0.2946 0.0456 0.0667 0.0414 0.0024 0.0569 0.1645 0.0177 
   NS_SS0730  2 0.0285 0.0276 0.0146 0.0114 0.0138 0.0215 0.0036 0.8554 0.0146 0.0091 
   NS_SS0774  2 0.8467 0.0178 0.0058 0.0040 0.0133 0.0324 0.0010 0.0191 0.0235 0.0364 
   NS_SS0723  2 0.0520 0.0124 0.0282 0.0048 0.0550 0.0124 0.0017 0.0743 0.0279 0.7314 
   NS_SS0940  2 0.3490 0.0174 0.2842 0.0645 0.0223 0.0069 0.0049 0.0346 0.1969 0.0193 
   NS_SS0762  2 0.0346 0.0112 0.1307 0.0093 0.0172 0.4863 0.0029 0.0547 0.2483 0.0049 
   NS_SS0766  2 0.2324 0.1672 0.3519 0.0267 0.0476 0.0189 0.0189 0.0444 0.0712 0.0209 
   NS_SS0724  2 0.0205 0.0086 0.1661 0.0108 0.3113 0.0992 0.0047 0.2266 0.1266 0.0256 
   NS_SS0769  2 0.0165 0.0270 0.8092 0.0041 0.0961 0.0166 0.0029 0.0106 0.0052 0.0118 
   NS_SS0777  2 0.8655 0.0152 0.0192 0.0180 0.0169 0.0083 0.0128 0.0240 0.0100 0.0101 
   NS_SS0734  2 0.0762 0.0207 0.2417 0.2109 0.0154 0.0095 0.0330 0.3427 0.0293 0.0205 
   NS_SS0737  2 0.0135 0.0168 0.0063 0.0070 0.0219 0.0219 0.0050 0.0349 0.8642 0.0085 
   NS_SS0732  2 0.0097 0.0064 0.0264 0.0071 0.0076 0.0192 0.0034 0.0220 0.0053 0.8928 
   NS_SS0728  2 0.0738 0.0286 0.1051 0.0189 0.0409 0.1284 0.0110 0.3093 0.2615 0.0225 
   NS_SS0735  2 0.0168 0.0446 0.0190 0.0073 0.3985 0.0073 0.0079 0.0163 0.4615 0.0207 
   NS_SS0725  2 0.0157 0.0263 0.0061 0.0166 0.0186 0.0084 0.0088 0.0169 0.8700 0.0127 
   NS_SS0788  2 0.0486 0.0311 0.2939 0.0119 0.0247 0.0645 0.0018 0.1663 0.0675 0.2898 
   NS_SS0778  2 0.0469 0.0146 0.0215 0.0090 0.0164 0.0042 0.0016 0.0389 0.0124 0.8345 
   NS_SS0792  2 0.0077 0.0639 0.0531 0.0188 0.0438 0.7178 0.0063 0.0431 0.0251 0.0204 
   NS_SS0943  2 0.0059 0.0104 0.0228 0.6414 0.0696 0.0492 0.0112 0.0119 0.1249 0.0526 
   NS_SS0791  2 0.0117 0.0168 0.0224 0.0151 0.0044 0.0071 0.0151 0.8517 0.0107 0.0449 
   NS_SS0790  2 0.0095 0.0020 0.0029 0.0021 0.0094 0.9573 0.0025 0.0029 0.0037 0.0075 
   NS_SS0731  2 0.4324 0.0134 0.0127 0.0096 0.1057 0.0267 0.0172 0.0110 0.3399 0.0314 
   NS_SS0727  2 0.0350 0.1806 0.0082 0.1643 0.0223 0.0227 0.0023 0.0134 0.5412 0.0100 
   NS_SS0779  2 0.6077 0.0247 0.0367 0.0054 0.0340 0.0115 0.0062 0.0438 0.0396 0.1905 
   NS_SS0776  2 0.8442 0.0107 0.0130 0.0208 0.0199 0.0160 0.0063 0.0223 0.0311 0.0158 
   NS_SS0775  2 0.9135 0.0098 0.0068 0.0043 0.0100 0.0105 0.0064 0.0200 0.0133 0.0054 
   NS_SS0965  3 0.0209 0.0225 0.2709 0.0145 0.0316 0.0276 0.0021 0.5871 0.0097 0.0131 
   NS_SS0754  3 0.0402 0.1216 0.4114 0.0873 0.0418 0.0644 0.0120 0.0729 0.0282 0.1202 
   NS_SS0838  3 0.0716 0.0565 0.0084 0.0325 0.0615 0.0983 0.0495 0.2608 0.3000 0.0608 
   NS_SS0839  3 0.0190 0.0326 0.0174 0.0064 0.2921 0.1009 0.0032 0.2991 0.2012 0.0282 
   NS_SS0832  3 0.0375 0.0077 0.0310 0.0044 0.7866 0.0056 0.0305 0.0393 0.0329 0.0246 
   NS_SS0820  3 0.0142 0.0079 0.0724 0.0033 0.0353 0.3170 0.0059 0.4844 0.0204 0.0392 
   NS_SS0886  3 0.0304 0.2467 0.0912 0.0144 0.1920 0.0154 0.0019 0.0351 0.0174 0.3554 
   NS_SS0748  3 0.8574 0.0141 0.0141 0.0313 0.0243 0.0204 0.0075 0.0107 0.0105 0.0098 
   NS_SS0884  3 0.0820 0.0730 0.1358 0.0247 0.2888 0.0516 0.0285 0.0678 0.2034 0.0445 
   NS_SS0752  3 0.0731 0.3742 0.0618 0.0195 0.0167 0.0218 0.0021 0.0270 0.2915 0.1123 
   NS_SS0862  3 0.0059 0.0088 0.0178 0.0053 0.0289 0.0333 0.0049 0.8614 0.0061 0.0275 
   NS_SS0787  3 0.0086 0.1013 0.0199 0.7972 0.0092 0.0120 0.0090 0.0212 0.0133 0.0082 
   NS_SS0843  3 0.0171 0.1971 0.4913 0.0202 0.0414 0.0344 0.0022 0.0470 0.0372 0.1122 
   NS_SS0856  3 0.0651 0.1379 0.0441 0.0106 0.1411 0.0956 0.0041 0.2910 0.0661 0.1444 
   NS_SS0846  3 0.0259 0.0397 0.0222 0.0199 0.7960 0.0053 0.0033 0.0556 0.0165 0.0156 
   NS_SS0825  3 0.0116 0.0520 0.0119 0.0210 0.3190 0.0105 0.0083 0.4503 0.0691 0.0462 
   NS_SS0757  3 0.0404 0.0141 0.0358 0.0187 0.0163 0.0377 0.0045 0.0183 0.0475 0.7668 
   NS_SS0876  3 0.0082 0.0054 0.0375 0.0078 0.0402 0.4610 0.2114 0.0145 0.0824 0.1317 
   NS_SS0903  3 0.0061 0.1338 0.0136 0.0059 0.8032 0.0039 0.0024 0.0066 0.0111 0.0134 
   NS_SS0875  3 0.2435 0.1294 0.1100 0.0460 0.0260 0.2283 0.0046 0.0555 0.0078 0.1489 
   NS_SS0740  3 0.0255 0.0457 0.4297 0.0176 0.0175 0.0803 0.0026 0.0306 0.1904 0.1601 
   NS_SS0811  3 0.0355 0.0032 0.0060 0.0051 0.0054 0.9182 0.0060 0.0059 0.0027 0.0119 
   NS_SS0751  3 0.1622 0.0136 0.1494 0.1417 0.0191 0.0115 0.0025 0.2525 0.1675 0.0799 
   NS_SS0891  3 0.0190 0.0140 0.0277 0.0154 0.0195 0.7180 0.0039 0.0086 0.1602 0.0137 
   NS_SS0867  3 0.0383 0.1340 0.2628 0.0383 0.3759 0.0284 0.0309 0.0229 0.0546 0.0139 
   NS_SS0890  3 0.0986 0.0101 0.6770 0.0151 0.0496 0.0746 0.0033 0.0043 0.0489 0.0185 
   NS_SS0866  3 0.1772 0.6270 0.0049 0.0929 0.0224 0.0090 0.0053 0.0193 0.0109 0.0311 
   NS_SS0755  3 0.0491 0.0425 0.1908 0.0154 0.1600 0.4496 0.0078 0.0544 0.0185 0.0118 
   NS_SS0758  3 0.0126 0.1402 0.0808 0.0117 0.2550 0.0163 0.0025 0.2128 0.0978 0.1702 
   NS_SS0840  3 0.0058 0.0056 0.0051 0.0051 0.0212 0.0226 0.0024 0.9155 0.0101 0.0066 
   NS_SS0889  3 0.0129 0.1692 0.0100 0.2071 0.0098 0.4549 0.0027 0.0275 0.0196 0.0862 
   NS_SS1010  3 0.0261 0.0462 0.3468 0.0369 0.0761 0.1630 0.0545 0.1883 0.0369 0.0252 
   NS_SS0888  3 0.0201 0.6600 0.0571 0.0561 0.0154 0.1182 0.0014 0.0109 0.0188 0.0420 
   NS_SS0837  3 0.0214 0.0083 0.1259 0.0199 0.6616 0.0226 0.0029 0.0902 0.0082 0.0389 
   NS_SS0794  3 0.0876 0.0830 0.0112 0.5434 0.0120 0.2324 0.0016 0.0094 0.0101 0.0094 
   NS_SS0823  3 0.0116 0.0208 0.0229 0.0090 0.2101 0.5480 0.0041 0.0392 0.1231 0.0111 
   NS_SS0829  3 0.0072 0.2298 0.0105 0.1870 0.0724 0.3402 0.1220 0.0110 0.0088 0.0111 
   NS_SS0844  3 0.0043 0.0105 0.0125 0.0039 0.0363 0.8870 0.0020 0.0092 0.0122 0.0221 
   NS_SS1008  3 0.1093 0.2107 0.1108 0.1751 0.0263 0.0389 0.0120 0.0502 0.1478 0.1187 
   NS_SS0881  3 0.0253 0.0248 0.1887 0.0381 0.0100 0.0052 0.0023 0.6746 0.0165 0.0144 
   NS_SS0834  3 0.0086 0.0125 0.0122 0.0043 0.0067 0.0563 0.0055 0.0107 0.8785 0.0049 
   NS_SS0744  3 0.0080 0.0389 0.0516 0.0174 0.3297 0.0409 0.0088 0.1176 0.0119 0.3750 
   NS_SS0899  3 0.0126 0.0067 0.0133 0.0031 0.0140 0.7855 0.0011 0.0210 0.1250 0.0176 
   NS_SS0804  3 0.0208 0.0070 0.0329 0.0048 0.7004 0.1085 0.0054 0.0561 0.0442 0.0200 
   NS_SS0781  3 0.1331 0.0124 0.0257 0.0053 0.6136 0.0814 0.0041 0.0290 0.0147 0.0806 
   NS_SS0822  3 0.0194 0.1053 0.0143 0.4433 0.0336 0.0314 0.0029 0.0491 0.2299 0.0709 
   NS_SS1004  3 0.0056 0.0131 0.0444 0.0100 0.8614 0.0176 0.0040 0.0217 0.0139 0.0083 
   NS_SS0746  3 0.2124 0.0175 0.0500 0.0256 0.4887 0.1299 0.0138 0.0184 0.0224 0.0213 
   NS_SS0880  3 0.0309 0.0072 0.0073 0.0109 0.0154 0.0055 0.0012 0.8683 0.0214 0.0320 
   NS_SS0879  3 0.1186 0.0256 0.0225 0.0117 0.0319 0.5985 0.0165 0.0095 0.1477 0.0177 
   NS_SS0753  3 0.0218 0.0706 0.6124 0.0409 0.0303 0.0501 0.0122 0.0088 0.0073 0.1457 
   NS_SS1007  3 0.0196 0.0381 0.2830 0.0216 0.0274 0.0025 0.0018 0.5109 0.0338 0.0614 
   NS_SS0872  3 0.2812 0.0347 0.0928 0.0124 0.3112 0.1904 0.0019 0.0203 0.0266 0.0285 
   NS_SS1005  3 0.0368 0.0128 0.0151 0.0068 0.8432 0.0189 0.0011 0.0123 0.0383 0.0148 
   NS_SS0892  3 0.1695 0.0130 0.5221 0.0192 0.1026 0.0596 0.0022 0.0801 0.0181 0.0137 
   NS_SS0898  3 0.0471 0.2531 0.0433 0.3714 0.0598 0.0561 0.0067 0.1161 0.0149 0.0317 
   NS_SS0801  3 0.0075 0.0065 0.0537 0.0049 0.0373 0.0214 0.0091 0.8248 0.0208 0.0139 
   NS_SS0827  3 0.3976 0.1296 0.2447 0.0221 0.0098 0.0216 0.1099 0.0271 0.0045 0.0331 
   NS_SS0853  3 0.0449 0.0156 0.0133 0.0056 0.0153 0.8774 0.0058 0.0077 0.0041 0.0103 
   NS_SS0780  3 0.0041 0.0061 0.0098 0.0042 0.0416 0.0059 0.0044 0.8987 0.0108 0.0145 
   NS_SS0826  3 0.0099 0.0124 0.0026 0.0608 0.8715 0.0045 0.0033 0.0071 0.0088 0.0191 
   NS_SS0818  3 0.0162 0.0164 0.0242 0.0240 0.0489 0.0076 0.0016 0.7785 0.0636 0.0190 
   NS_SS0745  3 0.7675 0.0034 0.0105 0.0170 0.0192 0.0073 0.0018 0.0144 0.1466 0.0123 
   NS_SS0849  3 0.0050 0.0057 0.0049 0.0071 0.0097 0.0126 0.0012 0.0065 0.0056 0.9417 
   NS_SS0739  3 0.0085 0.0178 0.0129 0.0085 0.0060 0.0059 0.0105 0.0091 0.0071 0.9137 
   NS_SS0799  3 0.0153 0.3382 0.2020 0.0527 0.0082 0.0845 0.0019 0.0165 0.1364 0.1445 
   NS_SS0756  3 0.0165 0.0093 0.0125 0.0070 0.8797 0.0214 0.0033 0.0147 0.0083 0.0272 
   NS_SS0802  3 0.0331 0.0411 0.2564 0.0413 0.0085 0.0054 0.2011 0.0195 0.1620 0.2317 
   NS_SS0747  3 0.0366 0.0183 0.5129 0.0058 0.2326 0.0100 0.0064 0.0133 0.0143 0.1497 
   NS_SS0835  3 0.0206 0.7053 0.0586 0.0181 0.0361 0.0034 0.0011 0.0057 0.0102 0.1410 
   NS_SS0742  3 0.0129 0.0291 0.0104 0.0113 0.0228 0.0076 0.0014 0.0275 0.0192 0.8577 
   NS_SS0760  3 0.0178 0.2113 0.0597 0.5049 0.0463 0.0463 0.0671 0.0193 0.0096 0.0177 
   NS_SS0803  3 0.0067 0.0247 0.0067 0.0046 0.9029 0.0177 0.0075 0.0058 0.0167 0.0065 
   NS_SS0828  3 0.0185 0.0123 0.8466 0.0165 0.0236 0.0232 0.0015 0.0172 0.0158 0.0247 
   NS_SS0865  3 0.0105 0.0062 0.0441 0.0379 0.0605 0.0180 0.0259 0.7554 0.0079 0.0335 
   NS_SS0759  3 0.0482 0.0075 0.1692 0.0074 0.0244 0.0129 0.0038 0.6269 0.0240 0.0756 
   NS_SS0851  3 0.0188 0.0113 0.0106 0.0156 0.0102 0.7493 0.0112 0.0382 0.1034 0.0315 
   NS_SS0874  3 0.0126 0.0424 0.0523 0.0089 0.0295 0.2310 0.0015 0.0100 0.1292 0.4826 
   NS_SS0761  3 0.0119 0.2284 0.0774 0.1588 0.2021 0.0460 0.0036 0.0302 0.0168 0.2248 
   NS_SS0842  3 0.5805 0.0236 0.0466 0.0506 0.0299 0.1940 0.0089 0.0320 0.0170 0.0168 
   NS_SS0785  3 0.0147 0.0211 0.1276 0.0378 0.6892 0.0158 0.0055 0.0215 0.0206 0.0463 
   NS_SS0860  3 0.0063 0.7698 0.0137 0.0108 0.0130 0.0223 0.0026 0.0086 0.0085 0.1443 
   NS_SS0897  3 0.0071 0.1284 0.0114 0.7796 0.0150 0.0197 0.0020 0.0156 0.0086 0.0127 
   NS_SS0841  3 0.0114 0.0061 0.0095 0.0362 0.0143 0.0180 0.0034 0.8770 0.0095 0.0146 
   NS_SS0797  3 0.0134 0.0081 0.0126 0.0437 0.0167 0.0117 0.0150 0.8692 0.0048 0.0048 
   NS_SS0830  3 0.0796 0.0940 0.0444 0.0284 0.0486 0.0205 0.0026 0.5484 0.0130 0.1204 
   NS_SS1011  3 0.0045 0.0073 0.0056 0.0036 0.0139 0.0103 0.0050 0.9136 0.0254 0.0108 
   NS_SS0883  3 0.0117 0.0254 0.2618 0.0107 0.0194 0.6152 0.0058 0.0272 0.0050 0.0177 
   NS_SS0782  3 0.0103 0.2348 0.0081 0.0110 0.5361 0.0182 0.0022 0.0217 0.1498 0.0079 
   NS_SS0831  3 0.0122 0.5394 0.0218 0.0331 0.1191 0.1980 0.0028 0.0139 0.0099 0.0497 
   NS_SS0749  3 0.0280 0.0145 0.6665 0.0362 0.0356 0.0168 0.0057 0.0163 0.0166 0.1639 
   NS_SS0854  3 0.0098 0.0916 0.0737 0.0617 0.0576 0.2309 0.0034 0.0296 0.2933 0.1483 
   HI_SS0193  4 0.0032 0.0084 0.0038 0.9079 0.0063 0.0047 0.0016 0.0134 0.0465 0.0042 
   HI_SS0194  4 0.0057 0.0039 0.0061 0.0195 0.0115 0.0071 0.0018 0.0069 0.9235 0.0139 
   HI_SS0195  4 0.1600 0.0042 0.0222 0.0085 0.3026 0.0478 0.1114 0.0916 0.0758 0.1759 
   HI_SS0196  4 0.0245 0.1621 0.0148 0.2486 0.1892 0.0691 0.0043 0.0138 0.2417 0.0317 
   HI_SS0197  4 0.0668 0.0151 0.0961 0.0031 0.1311 0.0054 0.0138 0.3888 0.0867 0.1932 
   HI_SS0198  4 0.0233 0.2649 0.0519 0.0155 0.0177 0.0346 0.0105 0.1304 0.0216 0.4295 
   HI_SS0199  4 0.0083 0.7864 0.1360 0.0072 0.0118 0.0044 0.0024 0.0051 0.0300 0.0082 
   HI_SS0201  4 0.0058 0.1974 0.4048 0.2340 0.0369 0.0142 0.0018 0.0510 0.0098 0.0444 
   HI_SS0215  4 0.0075 0.6549 0.1220 0.0157 0.0260 0.0123 0.0032 0.0204 0.0049 0.1331 
   HI_SS0218  4 0.0086 0.2416 0.0365 0.6451 0.0148 0.0195 0.0070 0.0113 0.0103 0.0053 
   HI_SS0222  4 0.0241 0.6352 0.0192 0.0202 0.1293 0.0277 0.0061 0.1042 0.0247 0.0092 
   HI_SS0230  4 0.1226 0.0114 0.0902 0.0091 0.2778 0.0205 0.0055 0.2482 0.0082 0.2065 
   HI_SS0234  4 0.0051 0.4993 0.0542 0.0076 0.2341 0.0135 0.1387 0.0062 0.0360 0.0052 
   HI_SS0240  4 0.0226 0.0701 0.3978 0.0229 0.0578 0.0086 0.0064 0.3108 0.0969 0.0061 
   HI_SS0241  4 0.0252 0.2087 0.2688 0.0238 0.0049 0.3726 0.0021 0.0639 0.0204 0.0094 
   HI_SS0242  4 0.0129 0.1197 0.2114 0.0513 0.1637 0.0656 0.0033 0.2069 0.0495 0.1157 
   HI_SS0247  4 0.0143 0.0048 0.0090 0.0067 0.0153 0.8892 0.0207 0.0165 0.0124 0.0110 
   HI_SS0248  4 0.0294 0.0992 0.1085 0.6810 0.0145 0.0064 0.0010 0.0185 0.0274 0.0142 
   HI_SS0252  4 0.0046 0.0184 0.0051 0.0105 0.0825 0.0225 0.0025 0.0196 0.8252 0.0091 
   HI_SS0254  4 0.0192 0.0299 0.6968 0.0924 0.0240 0.0063 0.0885 0.0099 0.0144 0.0185 
   HI_SS0256  4 0.0144 0.0078 0.0345 0.0031 0.5685 0.3161 0.0011 0.0105 0.0357 0.0084 
   HI_SS0257  4 0.0085 0.0345 0.2210 0.0471 0.0248 0.0831 0.0025 0.0157 0.0178 0.5450 
   HI_SS0258  4 0.0200 0.0359 0.0827 0.6949 0.0288 0.0413 0.0068 0.0675 0.0157 0.0062 
   HI_SS0259  4 0.0128 0.0122 0.0431 0.0037 0.0081 0.0681 0.0027 0.3530 0.4873 0.0090 
   HI_SS0260  4 0.5303 0.1072 0.0564 0.1961 0.0234 0.0222 0.0014 0.0217 0.0336 0.0076 
   HI_SS0261  4 0.1651 0.2958 0.0471 0.0168 0.3106 0.0035 0.0033 0.0564 0.0950 0.0064 
   HI_SS0262  4 0.0352 0.0170 0.2013 0.0115 0.0773 0.0815 0.0074 0.4779 0.0325 0.0585 
   HI_SS0264  4 0.0321 0.0047 0.0189 0.0104 0.8597 0.0133 0.0037 0.0217 0.0223 0.0132 
   HI_SS0265  4 0.1953 0.0488 0.1928 0.0071 0.0120 0.1942 0.0915 0.2019 0.0228 0.0336 
   HI_SS0268  4 0.1882 0.0075 0.2319 0.2393 0.0130 0.0367 0.0031 0.2040 0.0310 0.0453 
   HI_SS0269  4 0.0096 0.6082 0.0422 0.2084 0.0188 0.0132 0.0019 0.0093 0.0619 0.0263 
   HI_SS0273  4 0.0198 0.0416 0.0311 0.7723 0.0215 0.0120 0.0019 0.0591 0.0084 0.0321 
   HI_SS0277  4 0.0177 0.0562 0.0353 0.0094 0.3411 0.0054 0.0025 0.0246 0.0051 0.5028 
   HI_SS0280  4 0.0209 0.0170 0.0260 0.0169 0.0134 0.0315 0.0045 0.8329 0.0181 0.0187 
   HI_SS0282  4 0.0208 0.0240 0.1745 0.2600 0.0509 0.0330 0.0015 0.0214 0.2448 0.1692 
   HI_SS0286  4 0.0082 0.0456 0.0528 0.0252 0.0750 0.1586 0.0077 0.0988 0.1766 0.3516 
   NS_SS1252  5 0.0593 0.6630 0.0041 0.0114 0.0103 0.0086 0.0032 0.0049 0.0063 0.2289 
   NS_SS1261  5 0.1083 0.0364 0.0178 0.0180 0.1713 0.0226 0.0180 0.0057 0.0272 0.5746 
   NS_SS1225  5 0.0067 0.0459 0.0229 0.0130 0.0298 0.7168 0.0674 0.0091 0.0096 0.0788 
   NS_SS1266  5 0.0048 0.0035 0.0084 0.0052 0.8956 0.0427 0.0052 0.0114 0.0113 0.0119 
   NS_SS1228  5 0.0396 0.0160 0.1281 0.0164 0.0115 0.1095 0.0164 0.6221 0.0281 0.0123 
   NS_SS1255  5 0.0101 0.0963 0.0060 0.2953 0.0165 0.0148 0.0012 0.0106 0.5383 0.0109 
   NS_SS1267  5 0.0185 0.8095 0.0652 0.0161 0.0070 0.0137 0.0158 0.0060 0.0090 0.0391 
   NS_SS1238  5 0.0253 0.0046 0.0102 0.7881 0.0194 0.0055 0.0024 0.0294 0.0454 0.0699 
   NS_SS1233  5 0.0180 0.0054 0.0069 0.2223 0.2866 0.0233 0.0025 0.1402 0.0081 0.2866 
   NS_SS1277  5 0.0190 0.4792 0.0079 0.4309 0.0066 0.0048 0.0010 0.0094 0.0146 0.0266 
   NS_SS1245  5 0.0098 0.0692 0.0322 0.0630 0.3916 0.0244 0.0025 0.0383 0.3556 0.0134 
   NS_SS1240  5 0.0128 0.8639 0.0106 0.0254 0.0077 0.0053 0.0029 0.0079 0.0494 0.0141 
   NS_SS1275  5 0.0797 0.0060 0.0081 0.0040 0.0083 0.0948 0.0022 0.7539 0.0347 0.0083 
   NS_SS1235  5 0.0082 0.0090 0.0092 0.0414 0.0296 0.0134 0.0060 0.0089 0.8614 0.0127 
   NS_SS1263  5 0.6270 0.0311 0.0088 0.0137 0.0528 0.1529 0.0013 0.0098 0.0927 0.0099 
   NS_SS1251  5 0.0133 0.0148 0.0093 0.0076 0.9159 0.0128 0.0010 0.0075 0.0106 0.0071 
   NS_SS1248  5 0.4006 0.0138 0.0330 0.1358 0.0147 0.1742 0.1123 0.0519 0.0214 0.0424 
   NS_SS1244  5 0.0092 0.0117 0.0263 0.1313 0.0343 0.0070 0.0036 0.7257 0.0387 0.0121 
   NS_SS1257  5 0.0192 0.3705 0.1138 0.1213 0.1398 0.0272 0.0427 0.0490 0.0326 0.0840 
   NS_SS1242  5 0.1692 0.0107 0.0068 0.0056 0.0750 0.0110 0.0028 0.6224 0.0807 0.0157 
   NS_SS1271  5 0.0303 0.5872 0.0254 0.2583 0.0132 0.0107 0.0275 0.0079 0.0060 0.0334 
   NS_SS1265  5 0.3328 0.0912 0.0172 0.1299 0.0304 0.0976 0.0213 0.0067 0.0208 0.2521 
   NS_SS1243  5 0.1094 0.0108 0.0147 0.0315 0.0096 0.0915 0.0812 0.6030 0.0170 0.0313 
   NS_SS1273  5 0.9409 0.0048 0.0042 0.0058 0.0125 0.0058 0.0086 0.0077 0.0049 0.0048 
   NS_SS1254  5 0.0743 0.0274 0.0208 0.0074 0.2956 0.5149 0.0071 0.0082 0.0220 0.0223 
   NS_SS1224  5 0.0201 0.0137 0.0173 0.0043 0.8231 0.0708 0.0084 0.0128 0.0173 0.0123 
   NS_SS1227  5 0.0524 0.0075 0.8931 0.0129 0.0035 0.0058 0.0015 0.0032 0.0120 0.0082 
   NS_SS1274  5 0.0061 0.0145 0.0567 0.0593 0.0093 0.0455 0.0147 0.0196 0.0317 0.7426 
   NS_SS1241  5 0.0112 0.0154 0.0483 0.4127 0.0345 0.3860 0.0010 0.0265 0.0299 0.0345 
   NS_SS1256  5 0.0180 0.0149 0.0143 0.0114 0.8484 0.0070 0.0340 0.0117 0.0269 0.0134 
   NS_SS1260  5 0.0086 0.7471 0.0670 0.0059 0.0154 0.0375 0.0652 0.0222 0.0084 0.0228 
   NS_SS1262  5 0.0031 0.1732 0.0794 0.0545 0.4506 0.0544 0.1651 0.0088 0.0045 0.0062 
   NS_SS1230  5 0.3687 0.0319 0.0249 0.3253 0.1533 0.0313 0.0095 0.0180 0.0140 0.0231 
   NS_SS1270  5 0.0075 0.0036 0.0298 0.0090 0.0547 0.0193 0.0024 0.0074 0.0223 0.8441 
   NS_SS1229  5 0.0057 0.1114 0.0109 0.0076 0.0125 0.0090 0.0040 0.0069 0.8123 0.0198 
   NS_SS1246  5 0.1330 0.0197 0.0077 0.0267 0.0127 0.0038 0.0024 0.0120 0.7671 0.0148 
   NS_SS1269  5 0.0320 0.0555 0.3548 0.0726 0.0909 0.1107 0.0030 0.1499 0.0162 0.1144 
   NS_SS1239  5 0.0060 0.0276 0.0459 0.0594 0.0154 0.0131 0.0070 0.0235 0.3291 0.4731 
   NS_SS1272  5 0.0131 0.3341 0.0051 0.0052 0.2895 0.0145 0.0069 0.0739 0.1512 0.1066 
   NS_SS1268  5 0.0141 0.0099 0.2105 0.0699 0.0330 0.2024 0.0025 0.2594 0.0336 0.1648 
   NS_SS1249  5 0.0109 0.0993 0.0159 0.5467 0.0114 0.2152 0.0144 0.0342 0.0475 0.0044 
   HI_SS0559  6 0.1068 0.0568 0.2356 0.0377 0.0253 0.1232 0.0018 0.3551 0.0449 0.0129 
   HI_SS0563  6 0.0149 0.2036 0.0260 0.0487 0.5946 0.0243 0.0027 0.0083 0.0314 0.0455 
   HI_SS0564  6 0.0076 0.0049 0.0205 0.0126 0.0373 0.0082 0.0427 0.0563 0.0813 0.7286 
   HI_SS0565  6 0.5051 0.1175 0.0923 0.0135 0.0291 0.0313 0.0043 0.0269 0.1328 0.0472 
   HI_SS0569  6 0.0160 0.0312 0.8209 0.0403 0.0258 0.0083 0.0020 0.0165 0.0068 0.0321 
   HI_SS0570  6 0.0077 0.0094 0.0072 0.8539 0.0101 0.0107 0.0347 0.0045 0.0523 0.0094 
   HI_SS0572  6 0.0448 0.0279 0.0233 0.0072 0.0307 0.0137 0.0029 0.0155 0.8105 0.0237 
   HI_SS0576  6 0.0582 0.0084 0.0179 0.0457 0.1547 0.0158 0.0067 0.0500 0.0139 0.6288 
   HI_SS0579  6 0.0052 0.0108 0.6289 0.0219 0.1124 0.0131 0.0128 0.0051 0.1561 0.0336 
   HI_SS0580  6 0.0328 0.4554 0.0583 0.0326 0.0178 0.3055 0.0052 0.0153 0.0644 0.0125 
   HI_SS0581  6 0.0241 0.0081 0.0085 0.0066 0.0204 0.0101 0.0517 0.6364 0.0208 0.2133 
   HI_SS0583  6 0.0177 0.9236 0.0065 0.0034 0.0091 0.0096 0.0022 0.0070 0.0140 0.0069 
   HI_SS0586  6 0.0227 0.0532 0.0381 0.0936 0.0056 0.0084 0.0012 0.0056 0.0045 0.7673 
   HI_SS0588  6 0.0061 0.0343 0.5843 0.0556 0.2649 0.0154 0.0162 0.0076 0.0043 0.0112 
   HI_SS0595  6 0.0182 0.0415 0.7565 0.0426 0.0656 0.0087 0.0271 0.0196 0.0106 0.0096 
   HI_SS0596  6 0.6435 0.0071 0.0081 0.0175 0.0096 0.0217 0.0019 0.0090 0.2718 0.0097 
   HI_SS0597  6 0.4057 0.0548 0.0104 0.0066 0.1362 0.0083 0.0019 0.0384 0.2368 0.1011 
   HI_SS0600  6 0.0106 0.1149 0.1351 0.0128 0.1830 0.0226 0.0040 0.0201 0.0325 0.4644 
   HI_SS0601  6 0.0127 0.0458 0.4731 0.0092 0.0415 0.2906 0.0117 0.0121 0.0095 0.0938 
   HI_SS0602  6 0.0116 0.0137 0.9313 0.0044 0.0076 0.0084 0.0022 0.0095 0.0038 0.0074 
   HI_SS0604  6 0.0355 0.0243 0.0131 0.0120 0.4840 0.0170 0.0017 0.0460 0.3383 0.0281 
   HI_SS0605  6 0.0100 0.0362 0.0898 0.0283 0.0283 0.1213 0.0074 0.4976 0.0151 0.1659 
   HI_SS0608  6 0.0364 0.0100 0.0864 0.0436 0.0166 0.0280 0.0013 0.0042 0.1939 0.5797 
   HI_SS0609  6 0.0345 0.0563 0.0325 0.0225 0.5994 0.1166 0.0010 0.0173 0.0147 0.1054 
   HI_SS0611  6 0.0105 0.3060 0.0143 0.0433 0.0092 0.4882 0.0040 0.0101 0.0210 0.0934 
   HI_SS0612  6 0.0105 0.1174 0.1883 0.0102 0.6171 0.0149 0.0061 0.0158 0.0133 0.0065 
   HI_SS0613  6 0.0255 0.0568 0.0291 0.0141 0.0232 0.7032 0.0016 0.0758 0.0046 0.0661 
   HI_SS0615  6 0.0267 0.0309 0.4200 0.0064 0.0773 0.0443 0.0148 0.1187 0.2196 0.0413 
   HI_SS0001  6 0.0210 0.2222 0.0104 0.0119 0.0134 0.0125 0.0047 0.3957 0.2995 0.0086 
   HI_SS0002  6 0.0131 0.0602 0.1240 0.0097 0.7111 0.0270 0.0182 0.0105 0.0147 0.0116 
   HI_SS0004  6 0.0280 0.0616 0.0268 0.2700 0.0180 0.0505 0.0061 0.0132 0.4150 0.1108 
   HI_SS0005  6 0.0822 0.0130 0.0191 0.0507 0.0254 0.0141 0.0093 0.7368 0.0053 0.0441 
   HI_SS0006  6 0.0077 0.8300 0.0153 0.0153 0.0784 0.0083 0.0017 0.0102 0.0139 0.0192 
   HI_SS0007  6 0.0140 0.0216 0.0217 0.6766 0.0263 0.1623 0.0031 0.0351 0.0117 0.0277 
   HI_SS0008  6 0.0251 0.0048 0.8521 0.0055 0.0278 0.0181 0.0300 0.0058 0.0117 0.0191 
   HI_SS0009  6 0.0171 0.0066 0.0269 0.0191 0.0040 0.6005 0.0049 0.0193 0.2804 0.0212 
   HI_SS0010  6 0.3458 0.0210 0.0479 0.4366 0.0134 0.0104 0.0044 0.0209 0.0066 0.0931 
   HI_SS0011  6 0.0625 0.0047 0.0159 0.0639 0.5992 0.0097 0.0864 0.1276 0.0171 0.0129 
   HI_SS0012  6 0.0145 0.3347 0.4286 0.0043 0.0973 0.0082 0.0052 0.0216 0.0398 0.0459 
   HI_SS0017  6 0.0338 0.0063 0.0037 0.0544 0.0111 0.0059 0.0022 0.0086 0.8714 0.0026 
   HI_SS0021  6 0.1659 0.0857 0.0678 0.0897 0.0614 0.1862 0.2362 0.0222 0.0042 0.0807 
   HI_SS0024  6 0.7304 0.0149 0.0161 0.1020 0.0117 0.0092 0.0020 0.0621 0.0252 0.0264 
   HI_SS0025  6 0.0115 0.0151 0.0063 0.0062 0.0081 0.8997 0.0032 0.0061 0.0267 0.0170 
   HI_SS0027  6 0.0051 0.0244 0.2812 0.4252 0.0116 0.0347 0.0130 0.1109 0.0174 0.0765 
   HI_SS0028  6 0.5249 0.0160 0.3153 0.0052 0.0112 0.0773 0.0016 0.0304 0.0079 0.0100 
   HI_SS0029  6 0.8741 0.0314 0.0081 0.0087 0.0277 0.0065 0.0066 0.0150 0.0139 0.0081 
   HI_SS0030  6 0.0089 0.1115 0.1286 0.0329 0.0078 0.0064 0.0051 0.0359 0.6428 0.0202 
   HI_SS0031  6 0.0215 0.0161 0.9087 0.0058 0.0268 0.0039 0.0027 0.0042 0.0044 0.0059 
   HI_SS0034  6 0.0271 0.1024 0.2574 0.0125 0.0581 0.0145 0.0052 0.4420 0.0758 0.0051 
   HI_SS0036  6 0.0085 0.0153 0.0098 0.0318 0.0050 0.0117 0.0068 0.8956 0.0067 0.0088 
   HI_SS0037  6 0.0053 0.0115 0.0098 0.0478 0.0073 0.8348 0.0038 0.0286 0.0073 0.0439 
   HI_SS0039  6 0.6450 0.0127 0.0428 0.1546 0.0396 0.0081 0.0026 0.0715 0.0067 0.0165 
   HI_SS0041  6 0.0702 0.0728 0.0347 0.0091 0.0395 0.1392 0.0016 0.1356 0.3375 0.1597 
   HI_SS0042  6 0.0427 0.0334 0.0199 0.0102 0.1386 0.2602 0.1355 0.1255 0.0602 0.1737 
   HI_SS0043  6 0.0160 0.0239 0.0093 0.0816 0.0052 0.0076 0.0025 0.0054 0.0059 0.8427 
   HI_SS0044  6 0.6505 0.0130 0.0364 0.1739 0.0072 0.0058 0.0035 0.0146 0.0881 0.0070 
   HI_SS0047  6 0.0100 0.1707 0.0219 0.0077 0.5059 0.0066 0.0021 0.0496 0.2130 0.0126 
   HI_SS0049  6 0.4698 0.0158 0.0388 0.0172 0.0188 0.2680 0.0044 0.0812 0.0551 0.0308 
   HI_SS0051  6 0.0053 0.0398 0.0089 0.0192 0.1364 0.0491 0.0028 0.0119 0.0056 0.7211 
   HI_SS0053  6 0.2910 0.2149 0.2194 0.0822 0.0076 0.0107 0.0050 0.0239 0.1098 0.0355 
   HI_SS0054  6 0.0065 0.0244 0.0824 0.6043 0.0672 0.0169 0.0043 0.1631 0.0105 0.0204 
   HI_SS0057  6 0.0370 0.0126 0.0230 0.0693 0.0205 0.0187 0.0041 0.0390 0.0847 0.6910 
   HI_SS0058  6 0.0079 0.0142 0.0080 0.0122 0.0090 0.9206 0.0055 0.0058 0.0111 0.0057 
   HI_SS0060  6 0.0093 0.0065 0.6150 0.0631 0.0217 0.0068 0.0689 0.1572 0.0064 0.0451 
   HI_SS0087  6 0.0126 0.4385 0.0781 0.0247 0.1785 0.0225 0.0027 0.0370 0.0309 0.1744 
   HI_SS0091  6 0.0064 0.6375 0.0229 0.0063 0.0092 0.1423 0.0014 0.0131 0.0109 0.1499 
   HI_SS0095  6 0.0163 0.0258 0.1801 0.0054 0.3516 0.0110 0.0523 0.0539 0.2955 0.0082 
   HI_SS0097  6 0.0230 0.1246 0.0560 0.0107 0.3683 0.0372 0.0047 0.0125 0.0132 0.3498 
   HI_SS0099  6 0.9229 0.0066 0.0113 0.0041 0.0132 0.0196 0.0040 0.0072 0.0085 0.0026 
   HI_SS0103  6 0.0271 0.2982 0.0208 0.0167 0.0383 0.0289 0.0036 0.0359 0.4794 0.0510 
   HI_SS0105  6 0.0063 0.0110 0.0141 0.0189 0.0294 0.0579 0.0239 0.7877 0.0280 0.0228 
   HI_SS0107  6 0.0067 0.0184 0.0050 0.0069 0.0093 0.0123 0.0009 0.0080 0.9217 0.0108 
   HI_SS0108  6 0.0055 0.0340 0.0168 0.8713 0.0101 0.0082 0.0252 0.0140 0.0076 0.0073 
   HI_SS0110  6 0.0298 0.5055 0.0591 0.0068 0.1324 0.0249 0.0012 0.0736 0.0545 0.1121 
   HI_SS0111  6 0.0688 0.3345 0.0426 0.0178 0.0526 0.1963 0.0367 0.1263 0.0176 0.1068 
   HI_SS0112  6 0.0062 0.0043 0.0083 0.9534 0.0046 0.0045 0.0016 0.0046 0.0070 0.0057 
   HI_SS0113  6 0.0528 0.0160 0.0067 0.0047 0.6468 0.0082 0.0044 0.0262 0.2197 0.0145 
   HI_SS0114  6 0.0107 0.1988 0.1750 0.0231 0.0172 0.0227 0.0044 0.5258 0.0047 0.0176 
   HI_SS0115  6 0.0521 0.0431 0.6753 0.0635 0.0616 0.0501 0.0146 0.0111 0.0132 0.0154 
   HI_SS0116  6 0.0281 0.8935 0.0052 0.0190 0.0053 0.0163 0.0039 0.0034 0.0177 0.0076 
   HI_SS0117  6 0.0081 0.0658 0.0382 0.1296 0.6275 0.0087 0.0024 0.0967 0.0137 0.0093 
   HI_SS0118  6 0.0159 0.6534 0.0128 0.0168 0.0455 0.0630 0.0128 0.1599 0.0102 0.0096 
   HI_SS0119  6 0.0080 0.2645 0.0518 0.2156 0.0604 0.0161 0.0021 0.2038 0.0076 0.1701 
   HI_SS0120  6 0.0063 0.0060 0.0030 0.0054 0.0043 0.0060 0.0029 0.0058 0.9513 0.0090 
   HI_SS0121  6 0.0318 0.0161 0.1013 0.0134 0.0819 0.2342 0.0017 0.0235 0.0088 0.4872 
   HI_SS0122  6 0.0131 0.0094 0.0062 0.0374 0.0058 0.0601 0.0221 0.0120 0.0240 0.8099 
   HI_SS0123  6 0.0085 0.0440 0.0317 0.0054 0.0883 0.0069 0.0024 0.7886 0.0100 0.0143 
   HI_SS0124  6 0.1555 0.0070 0.0521 0.0082 0.0147 0.3581 0.0027 0.0602 0.2669 0.0746 
   HI_SS0125  6 0.0188 0.0060 0.7893 0.0037 0.0228 0.0124 0.0314 0.0811 0.0138 0.0206 
   HI_SS0126  6 0.1985 0.0391 0.0110 0.6786 0.0228 0.0224 0.0010 0.0059 0.0101 0.0105 
   HI_SS0127  6 0.2596 0.0080 0.2068 0.0398 0.0313 0.1445 0.0103 0.0678 0.0092 0.2228 
   HI_SS0128  6 0.2458 0.0545 0.1155 0.0210 0.3105 0.0072 0.0032 0.0057 0.2242 0.0125 
   HI_SS0129  6 0.0431 0.0538 0.0303 0.1184 0.0085 0.0863 0.0112 0.2849 0.2047 0.1588 
   HI_SS0131  6 0.0043 0.0052 0.0180 0.7803 0.0278 0.0954 0.0406 0.0107 0.0078 0.0099 
   HI_SS0132  6 0.0147 0.0214 0.0329 0.1014 0.1752 0.0359 0.0008 0.3205 0.0041 0.2933 
   HI_SS0133  6 0.0028 0.0086 0.0045 0.9658 0.0042 0.0027 0.0012 0.0042 0.0036 0.0024 
   HI_SS0134  6 0.0104 0.0647 0.0323 0.1940 0.3085 0.0229 0.0025 0.1829 0.1139 0.0680 
   HI_SS0142  6 0.0561 0.0110 0.0927 0.0030 0.7337 0.0067 0.0128 0.0740 0.0057 0.0044 
   HI_SS0145  6 0.0538 0.4166 0.1872 0.0686 0.1571 0.0314 0.0016 0.0247 0.0386 0.0204 
   HI_SS0146  6 0.0229 0.0275 0.0518 0.8002 0.0246 0.0065 0.0014 0.0356 0.0154 0.0141 
   HI_SS0147  6 0.0058 0.0051 0.0069 0.0136 0.8534 0.0257 0.0202 0.0046 0.0082 0.0564 
   HI_SS0149  6 0.1035 0.0085 0.0126 0.1416 0.0751 0.0053 0.0043 0.4374 0.0117 0.2000 
   HI_SS0150  6 0.0191 0.0078 0.0498 0.0074 0.0065 0.0356 0.0061 0.8275 0.0229 0.0174 
   HI_SS0151  6 0.0045 0.3063 0.1306 0.0191 0.0229 0.0126 0.0167 0.0717 0.3904 0.0252 
   NS_SS1451  6 0.0842 0.0111 0.0358 0.0094 0.0154 0.0164 0.0043 0.5552 0.1705 0.0977 
   NS_SS1404  6 0.1198 0.0266 0.1761 0.1467 0.0880 0.2291 0.0122 0.0310 0.0508 0.1197 
   NS_SS1432  6 0.8334 0.0070 0.0182 0.0026 0.0054 0.0042 0.0324 0.0169 0.0086 0.0712 
   NS_SS1405  6 0.5027 0.0979 0.0217 0.2375 0.0388 0.0094 0.0028 0.0566 0.0101 0.0226 
   NS_SS1431  6 0.7227 0.0077 0.0164 0.0111 0.0164 0.0083 0.0010 0.0336 0.1529 0.0300 
   NS_SS1402  6 0.0056 0.3587 0.0488 0.0166 0.0281 0.0672 0.0025 0.0386 0.1582 0.2758 
   NS_SS1450  6 0.0159 0.0214 0.0909 0.0667 0.0062 0.0064 0.0041 0.6161 0.1655 0.0069 
   NS_SS1396  6 0.4404 0.0783 0.0163 0.0257 0.0553 0.0186 0.0071 0.1229 0.0481 0.1873 
   NS_SS1393  6 0.0091 0.3748 0.0051 0.0037 0.0093 0.0060 0.0025 0.0079 0.0050 0.5766 
   NS_SS1392  6 0.0047 0.0079 0.0172 0.0145 0.0108 0.0063 0.0212 0.0267 0.8849 0.0059 
   NS_SS1445  6 0.0582 0.1914 0.1170 0.0387 0.0231 0.0207 0.0102 0.0157 0.0101 0.5148 
   NS_SS1423  6 0.0116 0.1428 0.0436 0.6856 0.0101 0.0094 0.0015 0.0075 0.0625 0.0254 
   NS_SS1421  6 0.0149 0.0133 0.0063 0.0997 0.0076 0.0039 0.0700 0.7574 0.0125 0.0145 
   NS_SS1411  6 0.0092 0.0176 0.0106 0.8804 0.0070 0.0117 0.0017 0.0393 0.0081 0.0145 
   NS_SS1453  6 0.0154 0.0633 0.0809 0.0403 0.0316 0.1609 0.0068 0.0159 0.0397 0.5451 
   NS_SS1442  6 0.0684 0.0135 0.0467 0.2800 0.0855 0.0174 0.0036 0.0130 0.2654 0.2067 
   NS_SS1422  6 0.0097 0.2600 0.0258 0.0252 0.1212 0.0960 0.0113 0.0074 0.3667 0.0768 
   NS_SS1419  6 0.0056 0.0050 0.0052 0.0058 0.0086 0.8517 0.1045 0.0059 0.0044 0.0033 
   NS_SS1427  6 0.1375 0.4269 0.0824 0.2610 0.0071 0.0185 0.0024 0.0146 0.0448 0.0049 
   NS_SS1444  6 0.6577 0.0061 0.0153 0.0055 0.0114 0.2257 0.0044 0.0099 0.0255 0.0385 
   NS_SS1455  6 0.0751 0.1022 0.0052 0.0212 0.6375 0.0158 0.0012 0.0167 0.1041 0.0209 
   NS_SS1425  6 0.0047 0.0129 0.0209 0.8646 0.0064 0.0044 0.0014 0.0050 0.0193 0.0604 
   NS_SS1400  6 0.0087 0.0428 0.0074 0.8546 0.0243 0.0371 0.0018 0.0074 0.0079 0.0079 
   NS_SS1406  6 0.0169 0.0126 0.0480 0.0030 0.8220 0.0211 0.0060 0.0134 0.0171 0.0400 
   NS_SS1417  6 0.0200 0.0866 0.0074 0.1012 0.0507 0.6604 0.0065 0.0123 0.0148 0.0402 
   NS_SS1454  6 0.0245 0.0141 0.0089 0.0612 0.0151 0.0191 0.0013 0.8306 0.0084 0.0168 
   NS_SS1412  6 0.3016 0.0558 0.0199 0.1477 0.1091 0.2025 0.0290 0.0200 0.0500 0.0644 
   NS_SS1438  6 0.0054 0.1199 0.0222 0.0483 0.0155 0.6566 0.0016 0.0070 0.0074 0.1161 
   NS_SS1416  6 0.0160 0.0680 0.0093 0.0054 0.0590 0.0585 0.0050 0.0419 0.0068 0.7301 
   NS_SS1401  6 0.0833 0.0055 0.0563 0.0602 0.0557 0.0407 0.0178 0.0415 0.4142 0.2249 
   NS_SS1424  6 0.0183 0.3317 0.0110 0.3528 0.0921 0.0090 0.0165 0.0339 0.0447 0.0901 
   NS_SS1435  6 0.0636 0.0191 0.4405 0.2263 0.0536 0.0103 0.0025 0.1444 0.0323 0.0073 
   NS_SS1447  6 0.0724 0.0108 0.0162 0.0127 0.0558 0.1749 0.0078 0.4527 0.1764 0.0202 
   NS_SS1414  6 0.0253 0.0086 0.0108 0.0061 0.0122 0.8066 0.0072 0.0718 0.0443 0.0071 
   NS_SS1449  6 0.0042 0.1001 0.0068 0.0581 0.0112 0.0240 0.0042 0.0160 0.5702 0.2052 
   NS_SS1443  6 0.0056 0.2497 0.6228 0.0515 0.0101 0.0056 0.0019 0.0166 0.0208 0.0155 
   NS_SS1434  6 0.0543 0.4555 0.0080 0.0651 0.0126 0.0035 0.0006 0.0082 0.3851 0.0071 
   NS_SS1398  6 0.0130 0.0157 0.0389 0.0655 0.0042 0.0136 0.0216 0.7521 0.0141 0.0612 
   NS_SS1426  6 0.0254 0.1984 0.4128 0.0831 0.0792 0.0187 0.0021 0.0138 0.0576 0.1089 
   NS_SS1413  6 0.0092 0.0050 0.0056 0.9433 0.0058 0.0063 0.0067 0.0026 0.0096 0.0060 
   NS_SS1395  6 0.0077 0.0481 0.7132 0.0098 0.0051 0.0057 0.0075 0.1259 0.0649 0.0122 
   NS_SS1448  6 0.2012 0.0303 0.0180 0.3169 0.0199 0.0208 0.0020 0.3559 0.0268 0.0083 
   NS_SS1446  6 0.0299 0.5189 0.0296 0.0120 0.2081 0.0850 0.0040 0.0190 0.0672 0.0263 
   NS_SS1403  6 0.1140 0.3327 0.3448 0.0077 0.1147 0.0122 0.0072 0.0303 0.0141 0.0223 
   NS_SS1415  6 0.0146 0.0133 0.0314 0.8820 0.0110 0.0074 0.0126 0.0109 0.0091 0.0076 
   NS_SS1437  6 0.8880 0.0131 0.0235 0.0062 0.0202 0.0108 0.0082 0.0146 0.0083 0.0072 
   NS_SS1439  6 0.0070 0.1315 0.1885 0.0072 0.5140 0.0342 0.0032 0.0574 0.0115 0.0455 
   NS_SS1441  6 0.0575 0.1809 0.3574 0.0314 0.2269 0.0174 0.0019 0.0351 0.0350 0.0565 
   NS_SS1420  6 0.0135 0.0055 0.0041 0.0046 0.0054 0.9314 0.0028 0.0106 0.0114 0.0107 
   NS_SS1394  6 0.5950 0.0091 0.2934 0.0051 0.0103 0.0087 0.0384 0.0148 0.0154 0.0099 
   NS_SS1391  6 0.0057 0.0067 0.0162 0.0115 0.0051 0.0061 0.0094 0.0070 0.9207 0.0115 
   NS_SS1410  6 0.0278 0.1676 0.0194 0.0519 0.3421 0.0950 0.0182 0.0117 0.2100 0.0563 
   NS_SS1408  6 0.0121 0.0174 0.0850 0.0100 0.0368 0.0049 0.0380 0.7672 0.0216 0.0070 
   NS_SS1409  6 0.0509 0.5556 0.0448 0.0076 0.0137 0.0404 0.0037 0.0222 0.1269 0.1342 
   HI_SS0617  7 0.0294 0.4082 0.0294 0.0055 0.0355 0.0271 0.0017 0.0215 0.3704 0.0713 
   HI_SS0618  7 0.2287 0.2481 0.0694 0.0169 0.1958 0.0580 0.0030 0.0582 0.0273 0.0946 
   HI_SS0619  7 0.3094 0.0222 0.0313 0.0479 0.0170 0.4103 0.0037 0.0266 0.0720 0.0597 
   HI_SS0620  7 0.0088 0.1220 0.0157 0.7206 0.0063 0.0552 0.0042 0.0124 0.0126 0.0421 
   HI_SS0621  7 0.2922 0.0349 0.0437 0.0093 0.1843 0.2546 0.0144 0.0178 0.0874 0.0614 
   HI_SS0622  7 0.8181 0.0081 0.0172 0.0317 0.0237 0.0474 0.0084 0.0162 0.0184 0.0107 
   HI_SS0626  7 0.0811 0.0198 0.0693 0.1625 0.0099 0.5032 0.0099 0.0402 0.0184 0.0859 
   HI_SS0627  7 0.0116 0.0118 0.0140 0.0090 0.1280 0.0043 0.0097 0.0230 0.0137 0.7747 
   HI_SS0628  7 0.0191 0.0943 0.0142 0.0328 0.0166 0.0081 0.0395 0.7528 0.0128 0.0098 
   HI_SS0629  7 0.1776 0.4058 0.0785 0.0154 0.0210 0.1923 0.0063 0.0191 0.0143 0.0697 
   HI_SS0630  7 0.0140 0.0262 0.0128 0.0587 0.0060 0.0488 0.0311 0.7903 0.0049 0.0072 
   HI_SS0631  7 0.0382 0.0566 0.3206 0.3844 0.0279 0.0315 0.0008 0.0530 0.0684 0.0185 
   HI_SS0632  7 0.0365 0.0070 0.0282 0.3349 0.2558 0.0309 0.0047 0.0981 0.0262 0.1778 
   HI_SS0633  7 0.5857 0.0153 0.0208 0.0068 0.0115 0.0131 0.0054 0.0077 0.3078 0.0259 
   HI_SS0634  7 0.0056 0.0233 0.0091 0.0140 0.0144 0.0071 0.0016 0.8921 0.0085 0.0244 
   HI_SS0635  7 0.1708 0.0349 0.2601 0.0154 0.4025 0.0367 0.0103 0.0394 0.0070 0.0229 
   HI_SS0637  7 0.0105 0.0172 0.1147 0.0039 0.2542 0.0596 0.0029 0.2158 0.0192 0.3020 
   HI_SS0638  7 0.0358 0.0087 0.0217 0.7482 0.0199 0.0319 0.0012 0.0335 0.0840 0.0152 
   HI_SS0639  7 0.0632 0.0152 0.2758 0.0044 0.0653 0.0228 0.0455 0.4306 0.0473 0.0299 
   HI_SS0640  7 0.0185 0.0354 0.8505 0.0171 0.0294 0.0115 0.0013 0.0075 0.0195 0.0092 
   HI_SS0641  7 0.0327 0.0273 0.2243 0.0307 0.0121 0.6030 0.0051 0.0106 0.0027 0.0514 
   HI_SS0642  7 0.0112 0.0125 0.0659 0.0062 0.0126 0.0051 0.0023 0.8309 0.0339 0.0194 
   HI_SS0645  7 0.0561 0.0101 0.0122 0.0085 0.0096 0.3278 0.0010 0.0216 0.0243 0.5287 
   HI_SS0646  7 0.0068 0.0518 0.7878 0.0115 0.0860 0.0051 0.0022 0.0301 0.0118 0.0069 
   HI_SS0647  7 0.0192 0.0426 0.0158 0.0991 0.0095 0.1771 0.0009 0.2732 0.3509 0.0118 
   HI_SS0648  7 0.0180 0.1666 0.1900 0.0579 0.5177 0.0107 0.0025 0.0104 0.0086 0.0175 
   HI_SS0649  7 0.0342 0.0585 0.0316 0.0032 0.0157 0.0241 0.0023 0.0084 0.0098 0.8121 
   HI_SS0650  7 0.0125 0.2078 0.0592 0.0083 0.0367 0.0091 0.0055 0.0376 0.3128 0.3105 
   HI_SS0651  7 0.0287 0.0147 0.7778 0.0069 0.0457 0.0490 0.0041 0.0088 0.0212 0.0432 
   HI_SS0652  7 0.0205 0.0059 0.0101 0.0088 0.0093 0.1519 0.0031 0.7128 0.0420 0.0354 
   NS_SS1371  7 0.0136 0.4396 0.4616 0.0072 0.0176 0.0120 0.0066 0.0083 0.0170 0.0165 
   NS_SS1374  7 0.0426 0.0472 0.0371 0.6653 0.0218 0.0165 0.0032 0.0498 0.0390 0.0775 
   NS_SS1337  7 0.0034 0.0074 0.0039 0.0050 0.0082 0.0094 0.0020 0.9508 0.0060 0.0039 
