

----------------------------------------------------
STRUCTURE by Pritchard, Stephens and Donnelly (2000)
     and Falush, Stephens and Pritchard (2003)
       Code by Pritchard, Falush and Hubisz
             Version 2.3.4 (Jul 2012)
----------------------------------------------------



Command line arguments:   /home/genobiwan/Documents/Programs/Structure/structure -m parameter_job_k10_r4 
Input File:    /media/genobiwan/Storage/Projets/Mackerel_NWA_2021/data_job_k10_r4

Run parameters:
   629 individuals
   4140 loci
   10 populations assumed
   100000 Burn-in period
   200000 Reps


--------------------------------------------
Proportion of membership of each pre-defined
 population in each of the 10 clusters

Given    Inferred Clusters                                                        Number of
 Pop       1      2      3      4      5      6      7      8      9     10      Individuals

  1:     0.130  0.096  0.161  0.081  0.145  0.068  0.013  0.124  0.075  0.107       67
  2:     0.184  0.075  0.103  0.046  0.073  0.108  0.010  0.110  0.182  0.108       32
  3:     0.066  0.096  0.114  0.065  0.171  0.137  0.014  0.172  0.063  0.101       92
  4:     0.053  0.150  0.118  0.154  0.117  0.077  0.016  0.117  0.108  0.091       36
  5:     0.094  0.145  0.061  0.109  0.155  0.084  0.019  0.108  0.114  0.110       41
  6:     0.105  0.110  0.119  0.126  0.104  0.095  0.013  0.114  0.109  0.106      158
  7:     0.122  0.094  0.141  0.115  0.093  0.089  0.009  0.133  0.093  0.112       79
  8:     0.138  0.127  0.096  0.149  0.105  0.081  0.013  0.091  0.068  0.131       52
  9:     0.004  0.004  0.005  0.004  0.005  0.005  0.958  0.005  0.005  0.006       36
 10:     0.004  0.004  0.004  0.004  0.004  0.004  0.963  0.004  0.004  0.004       36
--------------------------------------------

Allele-freq. divergence among pops (Net nucleotide distance),
computed using point estimates of P.

      1       2       3       4       5       6       7       8       9      10      
 1      -    0.0005  0.0004  0.0007  0.0004  0.0005  0.0052  0.0005  0.0005  0.0005  
 2   0.0005     -    0.0003  0.0006  0.0004  0.0005  0.0053  0.0005  0.0004  0.0004  
 3   0.0004  0.0003     -    0.0005  0.0003  0.0004  0.0051  0.0003  0.0004  0.0003  
 4   0.0007  0.0006  0.0005     -    0.0006  0.0007  0.0055  0.0006  0.0006  0.0006  
 5   0.0004  0.0004  0.0003  0.0006     -    0.0004  0.0051  0.0003  0.0004  0.0003  
 6   0.0005  0.0005  0.0004  0.0007  0.0004     -    0.0052  0.0005  0.0005  0.0005  
 7   0.0052  0.0053  0.0051  0.0055  0.0051  0.0052     -    0.0051  0.0053  0.0052  
 8   0.0005  0.0005  0.0003  0.0006  0.0003  0.0005  0.0051     -    0.0004  0.0004  
 9   0.0005  0.0004  0.0004  0.0006  0.0004  0.0005  0.0053  0.0004     -    0.0004  
10   0.0005  0.0004  0.0003  0.0006  0.0003  0.0005  0.0052  0.0004  0.0004     -    

Average distances (expected heterozygosity) between individuals in same cluster:
cluster  1  : 0.3182 
cluster  2  : 0.3181 
cluster  3  : 0.3192 
cluster  4  : 0.3175 
cluster  5  : 0.3186 
cluster  6  : 0.3174 
cluster  7  : 0.3051 
cluster  8  : 0.3176 
cluster  9  : 0.3185 
cluster 10  : 0.3184 

--------------------------------------------
Estimated Ln Prob of Data   = -2476348.3
Mean value of ln likelihood = -2461278.5
Variance of ln likelihood   = 30139.6
Mean value of alpha         = 0.0453

Mean value of Fst_1         = 0.0066
Mean value of Fst_2         = 0.0067
Mean value of Fst_3         = 0.0046
Mean value of Fst_4         = 0.0082
Mean value of Fst_5         = 0.0046
Mean value of Fst_6         = 0.0075
Mean value of Fst_7         = 0.0400
Mean value of Fst_8         = 0.0051
Mean value of Fst_9         = 0.0072
Mean value of Fst_10         = 0.0060


Inferred ancestry of individuals:
        Label (%Miss) Pop:  Inferred clusters
  1 NS_SS0963    (4)    1 :  0.005 0.013 0.120 0.010 0.205 0.008 0.007 0.121 0.031 0.479 
  2 NS_SS0983    (1)    1 :  0.003 0.705 0.017 0.006 0.010 0.007 0.003 0.005 0.029 0.215 
  3 NS_SS0719    (9)    1 :  0.012 0.045 0.756 0.017 0.008 0.015 0.005 0.079 0.016 0.047 
  4 NS_SS1001    (8)    1 :  0.013 0.006 0.017 0.172 0.079 0.019 0.006 0.059 0.622 0.007 
  5 NS_SS0936    (4)    1 :  0.246 0.022 0.023 0.015 0.474 0.066 0.003 0.013 0.065 0.073 
  6 NS_SS0955    (6)    1 :  0.010 0.014 0.012 0.112 0.031 0.078 0.004 0.053 0.022 0.663 
  7 NS_SS0944    (3)    1 :  0.005 0.006 0.026 0.425 0.185 0.010 0.002 0.299 0.033 0.010 
  8 NS_SS0945    (3)    1 :  0.657 0.017 0.015 0.181 0.007 0.012 0.010 0.010 0.079 0.012 
  9 NS_SS0922    (2)    1 :  0.017 0.020 0.111 0.005 0.025 0.014 0.025 0.640 0.135 0.007 
 10 NS_SS0929    (7)    1 :  0.018 0.330 0.036 0.023 0.374 0.145 0.003 0.029 0.019 0.022 
 11 NS_SS0956    (1)    1 :  0.012 0.009 0.042 0.016 0.014 0.085 0.005 0.786 0.024 0.007 
 12 NS_SS0906    (3)    1 :  0.018 0.014 0.132 0.013 0.736 0.027 0.003 0.005 0.013 0.041 
 13 NS_SS0721    (6)    1 :  0.018 0.016 0.053 0.012 0.017 0.017 0.006 0.026 0.009 0.827 
 14 NS_SS0982    (4)    1 :  0.177 0.029 0.204 0.005 0.179 0.199 0.022 0.061 0.025 0.099 
 15 NS_SS0923    (6)    1 :  0.039 0.011 0.621 0.011 0.101 0.078 0.005 0.111 0.009 0.014 
 16 NS_SS0905    (6)    1 :  0.056 0.040 0.707 0.010 0.054 0.025 0.002 0.025 0.005 0.077 
 17 NS_SS0925    (3)    1 :  0.020 0.160 0.182 0.006 0.036 0.146 0.004 0.014 0.365 0.067 
 18 NS_SS0947    (6)    1 :  0.020 0.022 0.009 0.016 0.656 0.059 0.005 0.140 0.063 0.010 
 19 NS_SS0926    (2)    1 :  0.064 0.233 0.033 0.511 0.061 0.017 0.002 0.044 0.018 0.017 
 20 NS_SS0918    (6)    1 :  0.052 0.019 0.008 0.030 0.018 0.025 0.003 0.078 0.009 0.758 
 21 NS_SS0966    (4)    1 :  0.018 0.031 0.480 0.024 0.081 0.277 0.042 0.005 0.035 0.007 
 22 NS_SS0938    (2)    1 :  0.260 0.048 0.010 0.012 0.041 0.025 0.001 0.046 0.536 0.020 
 23 NS_SS0917    (2)    1 :  0.377 0.100 0.255 0.017 0.014 0.013 0.048 0.023 0.095 0.059 
 24 NS_SS0957   (11)    1 :  0.921 0.007 0.006 0.007 0.010 0.017 0.005 0.010 0.005 0.012 
 25 NS_SS0987    (1)    1 :  0.031 0.008 0.049 0.009 0.022 0.015 0.220 0.626 0.007 0.013 
 26 NS_SS0717    (4)    1 :  0.087 0.017 0.027 0.014 0.681 0.026 0.003 0.024 0.100 0.020 
 27 NS_SS0986    (2)    1 :  0.024 0.008 0.008 0.017 0.571 0.035 0.004 0.281 0.018 0.034 
 28 NS_SS0953    (3)    1 :  0.018 0.025 0.028 0.018 0.527 0.272 0.025 0.025 0.018 0.045 
 29 NS_SS0907    (3)    1 :  0.049 0.017 0.041 0.024 0.261 0.168 0.056 0.026 0.007 0.351 
 30 NS_SS0974    (6)    1 :  0.101 0.431 0.017 0.098 0.027 0.023 0.004 0.062 0.206 0.031 
 31 NS_SS0989    (1)    1 :  0.005 0.751 0.022 0.014 0.013 0.010 0.001 0.012 0.055 0.116 
 32 NS_SS0991    (3)    1 :  0.007 0.044 0.316 0.295 0.206 0.031 0.002 0.011 0.032 0.057 
 33 NS_SS0994    (2)    1 :  0.009 0.586 0.010 0.239 0.021 0.007 0.002 0.046 0.058 0.021 
 34 NS_SS0931    (6)    1 :  0.031 0.007 0.028 0.832 0.017 0.008 0.015 0.027 0.017 0.019 
 35 NS_SS1000    (5)    1 :  0.021 0.005 0.014 0.018 0.892 0.014 0.003 0.014 0.016 0.003 
 36 NS_SS0919    (1)    1 :  0.011 0.006 0.929 0.009 0.018 0.004 0.002 0.010 0.005 0.006 
 37 NS_SS0949    (4)    1 :  0.012 0.045 0.036 0.676 0.008 0.004 0.002 0.007 0.150 0.059 
 38 NS_SS0960   (10)    1 :  0.012 0.089 0.387 0.066 0.236 0.058 0.007 0.082 0.009 0.055 
 39 NS_SS0716    (2)    1 :  0.778 0.004 0.016 0.010 0.012 0.148 0.007 0.012 0.007 0.007 
 40 NS_SS0924    (8)    1 :  0.009 0.216 0.440 0.015 0.049 0.206 0.018 0.012 0.012 0.023 
 41 NS_SS0935    (2)    1 :  0.011 0.015 0.861 0.032 0.020 0.016 0.008 0.016 0.013 0.009 
 42 NS_SS0952   (14)    1 :  0.024 0.018 0.353 0.408 0.062 0.038 0.049 0.018 0.014 0.017 
 43 NS_SS0962   (11)    1 :  0.038 0.019 0.008 0.007 0.024 0.015 0.006 0.859 0.013 0.010 
 44 NS_SS0973    (5)    1 :  0.010 0.046 0.086 0.007 0.482 0.011 0.004 0.006 0.269 0.079 
 45 NS_SS0722    (1)    1 :  0.834 0.027 0.019 0.005 0.022 0.018 0.002 0.008 0.056 0.009 
 46 NS_SS0979   (13)    1 :  0.536 0.020 0.033 0.009 0.090 0.051 0.003 0.125 0.034 0.099 
 47 NS_SS0993    (2)    1 :  0.060 0.117 0.088 0.006 0.041 0.022 0.023 0.019 0.546 0.079 
 48 NS_SS0958    (1)    1 :  0.093 0.014 0.046 0.602 0.135 0.051 0.004 0.012 0.014 0.028 
 49 NS_SS0988    (4)    1 :  0.282 0.059 0.064 0.007 0.454 0.011 0.006 0.024 0.039 0.054 
 50 NS_SS1003    (2)    1 :  0.004 0.005 0.024 0.007 0.010 0.008 0.006 0.885 0.043 0.007 
 51 NS_SS0976    (1)    1 :  0.008 0.029 0.093 0.035 0.008 0.024 0.001 0.685 0.104 0.011 
 52 NS_SS0964   (10)    1 :  0.152 0.098 0.211 0.013 0.048 0.061 0.003 0.187 0.205 0.021 
 53 NS_SS0939    (4)    1 :  0.928 0.003 0.007 0.008 0.003 0.016 0.004 0.013 0.013 0.004 
 54 NS_SS0990    (6)    1 :  0.040 0.009 0.010 0.009 0.027 0.021 0.004 0.020 0.213 0.648 
 55 NS_SS0984    (2)    1 :  0.569 0.027 0.042 0.004 0.017 0.008 0.003 0.178 0.121 0.032 
 56 NS_SS0980   (10)    1 :  0.021 0.146 0.660 0.005 0.033 0.010 0.002 0.070 0.032 0.020 
 57 NS_SS0978    (4)    1 :  0.048 0.023 0.856 0.009 0.007 0.010 0.004 0.022 0.009 0.011 
 58 NS_SS0951   (18)    1 :  0.015 0.021 0.015 0.018 0.013 0.841 0.003 0.040 0.012 0.022 
 59 NS_SS0913    (3)    1 :  0.017 0.019 0.021 0.012 0.033 0.466 0.037 0.314 0.043 0.038 
 60 NS_SS1002    (1)    1 :  0.179 0.044 0.008 0.003 0.645 0.006 0.036 0.012 0.038 0.029 
 61 NS_SS0948    (1)    1 :  0.438 0.039 0.018 0.030 0.123 0.267 0.041 0.009 0.023 0.012 
 62 NS_SS0916    (4)    1 :  0.023 0.388 0.257 0.024 0.070 0.051 0.006 0.075 0.090 0.014 
 63 NS_SS0995    (1)    1 :  0.009 0.148 0.163 0.006 0.033 0.015 0.004 0.018 0.037 0.568 
 64 NS_SS0927    (6)    1 :  0.024 0.339 0.305 0.020 0.020 0.040 0.005 0.015 0.017 0.215 
 65 NS_SS0992    (5)    1 :  0.009 0.514 0.182 0.026 0.129 0.048 0.005 0.028 0.019 0.041 
 66 NS_SS0912    (1)    1 :  0.011 0.049 0.067 0.092 0.085 0.021 0.003 0.018 0.008 0.645 
 67 NS_SS0981    (1)    1 :  0.067 0.009 0.042 0.006 0.128 0.026 0.004 0.702 0.005 0.012 
 68 NS_SS0729    (5)    2 :  0.004 0.881 0.014 0.018 0.016 0.012 0.004 0.005 0.040 0.006 
 69 NS_SS0967   (15)    2 :  0.056 0.073 0.060 0.026 0.531 0.015 0.012 0.047 0.146 0.033 
 70 NS_SS0941    (8)    2 :  0.146 0.114 0.113 0.013 0.038 0.017 0.095 0.016 0.428 0.020 
 71 NS_SS0768   (12)    2 :  0.014 0.015 0.013 0.050 0.197 0.579 0.003 0.074 0.041 0.015 
 72 NS_SS0726    (5)    2 :  0.012 0.211 0.107 0.010 0.017 0.005 0.008 0.025 0.580 0.024 
 73 NS_SS0763    (4)    2 :  0.029 0.281 0.295 0.046 0.067 0.041 0.002 0.057 0.164 0.018 
 74 NS_SS0730    (6)    2 :  0.028 0.028 0.015 0.011 0.014 0.021 0.004 0.855 0.015 0.009 
 75 NS_SS0774    (2)    2 :  0.847 0.018 0.006 0.004 0.013 0.032 0.001 0.019 0.024 0.036 
 76 NS_SS0723    (3)    2 :  0.052 0.012 0.028 0.005 0.055 0.012 0.002 0.074 0.028 0.731 
 77 NS_SS0940   (10)    2 :  0.349 0.017 0.284 0.064 0.022 0.007 0.005 0.035 0.197 0.019 
 78 NS_SS0762    (1)    2 :  0.035 0.011 0.131 0.009 0.017 0.486 0.003 0.055 0.248 0.005 
 79 NS_SS0766   (11)    2 :  0.232 0.167 0.352 0.027 0.048 0.019 0.019 0.044 0.071 0.021 
 80 NS_SS0724    (1)    2 :  0.020 0.009 0.166 0.011 0.311 0.099 0.005 0.227 0.127 0.026 
 81 NS_SS0769    (3)    2 :  0.016 0.027 0.809 0.004 0.096 0.017 0.003 0.011 0.005 0.012 
 82 NS_SS0777    (1)    2 :  0.866 0.015 0.019 0.018 0.017 0.008 0.013 0.024 0.010 0.010 
 83 NS_SS0734    (6)    2 :  0.076 0.021 0.242 0.211 0.015 0.010 0.033 0.343 0.029 0.021 
 84 NS_SS0737    (3)    2 :  0.013 0.017 0.006 0.007 0.022 0.022 0.005 0.035 0.864 0.009 
 85 NS_SS0732    (5)    2 :  0.010 0.006 0.026 0.007 0.008 0.019 0.003 0.022 0.005 0.893 
 86 NS_SS0728    (5)    2 :  0.074 0.029 0.105 0.019 0.041 0.128 0.011 0.309 0.262 0.022 
 87 NS_SS0735    (9)    2 :  0.017 0.045 0.019 0.007 0.398 0.007 0.008 0.016 0.462 0.021 
 88 NS_SS0725    (1)    2 :  0.016 0.026 0.006 0.017 0.019 0.008 0.009 0.017 0.870 0.013 
 89 NS_SS0788    (2)    2 :  0.049 0.031 0.294 0.012 0.025 0.065 0.002 0.166 0.068 0.290 
 90 NS_SS0778    (2)    2 :  0.047 0.015 0.021 0.009 0.016 0.004 0.002 0.039 0.012 0.834 
 91 NS_SS0792    (6)    2 :  0.008 0.064 0.053 0.019 0.044 0.718 0.006 0.043 0.025 0.020 
 92 NS_SS0943   (11)    2 :  0.006 0.010 0.023 0.641 0.070 0.049 0.011 0.012 0.125 0.053 
 93 NS_SS0791    (2)    2 :  0.012 0.017 0.022 0.015 0.004 0.007 0.015 0.852 0.011 0.045 
 94 NS_SS0790    (5)    2 :  0.010 0.002 0.003 0.002 0.009 0.957 0.003 0.003 0.004 0.007 
 95 NS_SS0731    (6)    2 :  0.432 0.013 0.013 0.010 0.106 0.027 0.017 0.011 0.340 0.031 
 96 NS_SS0727    (7)    2 :  0.035 0.181 0.008 0.164 0.022 0.023 0.002 0.013 0.541 0.010 
 97 NS_SS0779   (13)    2 :  0.608 0.025 0.037 0.005 0.034 0.011 0.006 0.044 0.040 0.191 
 98 NS_SS0776    (3)    2 :  0.844 0.011 0.013 0.021 0.020 0.016 0.006 0.022 0.031 0.016 
 99 NS_SS0775    (5)    2 :  0.914 0.010 0.007 0.004 0.010 0.011 0.006 0.020 0.013 0.005 
100 NS_SS0965    (3)    3 :  0.021 0.022 0.271 0.015 0.032 0.028 0.002 0.587 0.010 0.013 
101 NS_SS0754   (14)    3 :  0.040 0.122 0.411 0.087 0.042 0.064 0.012 0.073 0.028 0.120 
102 NS_SS0838    (5)    3 :  0.072 0.056 0.008 0.032 0.062 0.098 0.050 0.261 0.300 0.061 
103 NS_SS0839    (3)    3 :  0.019 0.033 0.017 0.006 0.292 0.101 0.003 0.299 0.201 0.028 
104 NS_SS0832    (4)    3 :  0.038 0.008 0.031 0.004 0.787 0.006 0.031 0.039 0.033 0.025 
105 NS_SS0820    (5)    3 :  0.014 0.008 0.072 0.003 0.035 0.317 0.006 0.484 0.020 0.039 
106 NS_SS0886    (9)    3 :  0.030 0.247 0.091 0.014 0.192 0.015 0.002 0.035 0.017 0.355 
107 NS_SS0748    (5)    3 :  0.857 0.014 0.014 0.031 0.024 0.020 0.007 0.011 0.010 0.010 
108 NS_SS0884    (9)    3 :  0.082 0.073 0.136 0.025 0.289 0.052 0.029 0.068 0.203 0.045 
109 NS_SS0752    (4)    3 :  0.073 0.374 0.062 0.019 0.017 0.022 0.002 0.027 0.292 0.112 
110 NS_SS0862    (1)    3 :  0.006 0.009 0.018 0.005 0.029 0.033 0.005 0.861 0.006 0.028 
111 NS_SS0787    (9)    3 :  0.009 0.101 0.020 0.797 0.009 0.012 0.009 0.021 0.013 0.008 
112 NS_SS0843    (6)    3 :  0.017 0.197 0.491 0.020 0.041 0.034 0.002 0.047 0.037 0.112 
113 NS_SS0856    (4)    3 :  0.065 0.138 0.044 0.011 0.141 0.096 0.004 0.291 0.066 0.144 
114 NS_SS0846    (2)    3 :  0.026 0.040 0.022 0.020 0.796 0.005 0.003 0.056 0.016 0.016 
115 NS_SS0825    (1)    3 :  0.012 0.052 0.012 0.021 0.319 0.010 0.008 0.450 0.069 0.046 
116 NS_SS0757    (3)    3 :  0.040 0.014 0.036 0.019 0.016 0.038 0.004 0.018 0.048 0.767 
117 NS_SS0876    (3)    3 :  0.008 0.005 0.037 0.008 0.040 0.461 0.211 0.015 0.082 0.132 
118 NS_SS0903   (10)    3 :  0.006 0.134 0.014 0.006 0.803 0.004 0.002 0.007 0.011 0.013 
119 NS_SS0875    (7)    3 :  0.243 0.129 0.110 0.046 0.026 0.228 0.005 0.056 0.008 0.149 
120 NS_SS0740    (5)    3 :  0.025 0.046 0.430 0.018 0.018 0.080 0.003 0.031 0.190 0.160 
121 NS_SS0811    (5)    3 :  0.035 0.003 0.006 0.005 0.005 0.918 0.006 0.006 0.003 0.012 
122 NS_SS0751    (1)    3 :  0.162 0.014 0.149 0.142 0.019 0.011 0.003 0.253 0.167 0.080 
123 NS_SS0891    (6)    3 :  0.019 0.014 0.028 0.015 0.019 0.718 0.004 0.009 0.160 0.014 
124 NS_SS0867    (2)    3 :  0.038 0.134 0.263 0.038 0.376 0.028 0.031 0.023 0.055 0.014 
125 NS_SS0890    (6)    3 :  0.099 0.010 0.677 0.015 0.050 0.075 0.003 0.004 0.049 0.018 
126 NS_SS0866   (12)    3 :  0.177 0.627 0.005 0.093 0.022 0.009 0.005 0.019 0.011 0.031 
127 NS_SS0755    (4)    3 :  0.049 0.042 0.191 0.015 0.160 0.450 0.008 0.054 0.018 0.012 
128 NS_SS0758    (4)    3 :  0.013 0.140 0.081 0.012 0.255 0.016 0.003 0.213 0.098 0.170 
129 NS_SS0840    (2)    3 :  0.006 0.006 0.005 0.005 0.021 0.023 0.002 0.915 0.010 0.007 
130 NS_SS0889    (4)    3 :  0.013 0.169 0.010 0.207 0.010 0.455 0.003 0.028 0.020 0.086 
131 NS_SS1010    (1)    3 :  0.026 0.046 0.347 0.037 0.076 0.163 0.054 0.188 0.037 0.025 
132 NS_SS0888    (5)    3 :  0.020 0.660 0.057 0.056 0.015 0.118 0.001 0.011 0.019 0.042 
133 NS_SS0837    (3)    3 :  0.021 0.008 0.126 0.020 0.662 0.023 0.003 0.090 0.008 0.039 
134 NS_SS0794   (10)    3 :  0.088 0.083 0.011 0.543 0.012 0.232 0.002 0.009 0.010 0.009 
135 NS_SS0823    (5)    3 :  0.012 0.021 0.023 0.009 0.210 0.548 0.004 0.039 0.123 0.011 
136 NS_SS0829    (7)    3 :  0.007 0.230 0.010 0.187 0.072 0.340 0.122 0.011 0.009 0.011 
137 NS_SS0844    (5)    3 :  0.004 0.011 0.012 0.004 0.036 0.887 0.002 0.009 0.012 0.022 
138 NS_SS1008    (6)    3 :  0.109 0.211 0.111 0.175 0.026 0.039 0.012 0.050 0.148 0.119 
139 NS_SS0881    (3)    3 :  0.025 0.025 0.189 0.038 0.010 0.005 0.002 0.675 0.017 0.014 
140 NS_SS0834    (6)    3 :  0.009 0.013 0.012 0.004 0.007 0.056 0.005 0.011 0.878 0.005 
141 NS_SS0744   (10)    3 :  0.008 0.039 0.052 0.017 0.330 0.041 0.009 0.118 0.012 0.375 
142 NS_SS0899    (7)    3 :  0.013 0.007 0.013 0.003 0.014 0.785 0.001 0.021 0.125 0.018 
143 NS_SS0804    (5)    3 :  0.021 0.007 0.033 0.005 0.700 0.109 0.005 0.056 0.044 0.020 
144 NS_SS0781   (10)    3 :  0.133 0.012 0.026 0.005 0.614 0.081 0.004 0.029 0.015 0.081 
145 NS_SS0822    (6)    3 :  0.019 0.105 0.014 0.443 0.034 0.031 0.003 0.049 0.230 0.071 
146 NS_SS1004    (4)    3 :  0.006 0.013 0.044 0.010 0.861 0.018 0.004 0.022 0.014 0.008 
147 NS_SS0746    (5)    3 :  0.212 0.018 0.050 0.026 0.489 0.130 0.014 0.018 0.022 0.021 
148 NS_SS0880    (3)    3 :  0.031 0.007 0.007 0.011 0.015 0.005 0.001 0.868 0.021 0.032 
149 NS_SS0879    (5)    3 :  0.119 0.026 0.022 0.012 0.032 0.598 0.016 0.009 0.148 0.018 
150 NS_SS0753    (2)    3 :  0.022 0.071 0.612 0.041 0.030 0.050 0.012 0.009 0.007 0.146 
151 NS_SS1007    (3)    3 :  0.020 0.038 0.283 0.022 0.027 0.002 0.002 0.511 0.034 0.061 
152 NS_SS0872    (5)    3 :  0.281 0.035 0.093 0.012 0.311 0.190 0.002 0.020 0.027 0.028 
153 NS_SS1005    (7)    3 :  0.037 0.013 0.015 0.007 0.843 0.019 0.001 0.012 0.038 0.015 
154 NS_SS0892    (6)    3 :  0.169 0.013 0.522 0.019 0.103 0.060 0.002 0.080 0.018 0.014 
155 NS_SS0898    (0)    3 :  0.047 0.253 0.043 0.371 0.060 0.056 0.007 0.116 0.015 0.032 
156 NS_SS0801    (9)    3 :  0.008 0.006 0.054 0.005 0.037 0.021 0.009 0.825 0.021 0.014 
157 NS_SS0827    (9)    3 :  0.398 0.130 0.245 0.022 0.010 0.022 0.110 0.027 0.005 0.033 
158 NS_SS0853    (7)    3 :  0.045 0.016 0.013 0.006 0.015 0.877 0.006 0.008 0.004 0.010 
159 NS_SS0780    (2)    3 :  0.004 0.006 0.010 0.004 0.042 0.006 0.004 0.899 0.011 0.014 
160 NS_SS0826   (10)    3 :  0.010 0.012 0.003 0.061 0.872 0.004 0.003 0.007 0.009 0.019 
161 NS_SS0818    (5)    3 :  0.016 0.016 0.024 0.024 0.049 0.008 0.002 0.778 0.064 0.019 
162 NS_SS0745    (1)    3 :  0.767 0.003 0.011 0.017 0.019 0.007 0.002 0.014 0.147 0.012 
163 NS_SS0849    (3)    3 :  0.005 0.006 0.005 0.007 0.010 0.013 0.001 0.007 0.006 0.942 
164 NS_SS0739    (3)    3 :  0.008 0.018 0.013 0.009 0.006 0.006 0.010 0.009 0.007 0.914 
165 NS_SS0799    (1)    3 :  0.015 0.338 0.202 0.053 0.008 0.084 0.002 0.017 0.136 0.144 
166 NS_SS0756    (3)    3 :  0.017 0.009 0.013 0.007 0.880 0.021 0.003 0.015 0.008 0.027 
167 NS_SS0802    (2)    3 :  0.033 0.041 0.256 0.041 0.008 0.005 0.201 0.019 0.162 0.232 
168 NS_SS0747    (6)    3 :  0.037 0.018 0.513 0.006 0.233 0.010 0.006 0.013 0.014 0.150 
169 NS_SS0835    (1)    3 :  0.021 0.705 0.059 0.018 0.036 0.003 0.001 0.006 0.010 0.141 
170 NS_SS0742   (19)    3 :  0.013 0.029 0.010 0.011 0.023 0.008 0.001 0.028 0.019 0.858 
171 NS_SS0760    (9)    3 :  0.018 0.211 0.060 0.505 0.046 0.046 0.067 0.019 0.010 0.018 
172 NS_SS0803    (4)    3 :  0.007 0.025 0.007 0.005 0.903 0.018 0.007 0.006 0.017 0.007 
173 NS_SS0828   (14)    3 :  0.019 0.012 0.847 0.016 0.024 0.023 0.001 0.017 0.016 0.025 
174 NS_SS0865    (2)    3 :  0.011 0.006 0.044 0.038 0.060 0.018 0.026 0.755 0.008 0.034 
175 NS_SS0759    (5)    3 :  0.048 0.008 0.169 0.007 0.024 0.013 0.004 0.627 0.024 0.076 
176 NS_SS0851    (5)    3 :  0.019 0.011 0.011 0.016 0.010 0.749 0.011 0.038 0.103 0.031 
177 NS_SS0874   (16)    3 :  0.013 0.042 0.052 0.009 0.029 0.231 0.001 0.010 0.129 0.483 
178 NS_SS0761    (6)    3 :  0.012 0.228 0.077 0.159 0.202 0.046 0.004 0.030 0.017 0.225 
179 NS_SS0842   (26)    3 :  0.580 0.024 0.047 0.051 0.030 0.194 0.009 0.032 0.017 0.017 
180 NS_SS0785    (6)    3 :  0.015 0.021 0.128 0.038 0.689 0.016 0.005 0.022 0.021 0.046 
181 NS_SS0860   (11)    3 :  0.006 0.770 0.014 0.011 0.013 0.022 0.003 0.009 0.009 0.144 
182 NS_SS0897    (7)    3 :  0.007 0.128 0.011 0.780 0.015 0.020 0.002 0.016 0.009 0.013 
183 NS_SS0841   (15)    3 :  0.011 0.006 0.009 0.036 0.014 0.018 0.003 0.877 0.010 0.015 
184 NS_SS0797    (7)    3 :  0.013 0.008 0.013 0.044 0.017 0.012 0.015 0.869 0.005 0.005 
185 NS_SS0830   (11)    3 :  0.080 0.094 0.044 0.028 0.049 0.021 0.003 0.548 0.013 0.120 
186 NS_SS1011    (5)    3 :  0.005 0.007 0.006 0.004 0.014 0.010 0.005 0.914 0.025 0.011 
187 NS_SS0883    (5)    3 :  0.012 0.025 0.262 0.011 0.019 0.615 0.006 0.027 0.005 0.018 
188 NS_SS0782    (2)    3 :  0.010 0.235 0.008 0.011 0.536 0.018 0.002 0.022 0.150 0.008 
189 NS_SS0831    (5)    3 :  0.012 0.539 0.022 0.033 0.119 0.198 0.003 0.014 0.010 0.050 
190 NS_SS0749    (7)    3 :  0.028 0.014 0.667 0.036 0.036 0.017 0.006 0.016 0.017 0.164 
191 NS_SS0854    (2)    3 :  0.010 0.092 0.074 0.062 0.058 0.231 0.003 0.030 0.293 0.148 
192 HI_SS0193    (0)    4 :  0.003 0.008 0.004 0.908 0.006 0.005 0.002 0.013 0.047 0.004 
193 HI_SS0194    (1)    4 :  0.006 0.004 0.006 0.020 0.012 0.007 0.002 0.007 0.923 0.014 
194 HI_SS0195   (10)    4 :  0.160 0.004 0.022 0.008 0.303 0.048 0.111 0.092 0.076 0.176 
195 HI_SS0196    (6)    4 :  0.025 0.162 0.015 0.249 0.189 0.069 0.004 0.014 0.242 0.032 
196 HI_SS0197    (3)    4 :  0.067 0.015 0.096 0.003 0.131 0.005 0.014 0.389 0.087 0.193 
197 HI_SS0198    (1)    4 :  0.023 0.265 0.052 0.015 0.018 0.035 0.011 0.130 0.022 0.430 
198 HI_SS0199    (1)    4 :  0.008 0.786 0.136 0.007 0.012 0.004 0.002 0.005 0.030 0.008 
199 HI_SS0201    (5)    4 :  0.006 0.197 0.405 0.234 0.037 0.014 0.002 0.051 0.010 0.044 
200 HI_SS0215    (1)    4 :  0.007 0.655 0.122 0.016 0.026 0.012 0.003 0.020 0.005 0.133 
201 HI_SS0218    (1)    4 :  0.009 0.242 0.036 0.645 0.015 0.020 0.007 0.011 0.010 0.005 
202 HI_SS0222    (0)    4 :  0.024 0.635 0.019 0.020 0.129 0.028 0.006 0.104 0.025 0.009 
203 HI_SS0230    (1)    4 :  0.123 0.011 0.090 0.009 0.278 0.020 0.005 0.248 0.008 0.206 
204 HI_SS0234    (2)    4 :  0.005 0.499 0.054 0.008 0.234 0.014 0.139 0.006 0.036 0.005 
205 HI_SS0240    (1)    4 :  0.023 0.070 0.398 0.023 0.058 0.009 0.006 0.311 0.097 0.006 
206 HI_SS0241    (0)    4 :  0.025 0.209 0.269 0.024 0.005 0.373 0.002 0.064 0.020 0.009 
207 HI_SS0242    (0)    4 :  0.013 0.120 0.211 0.051 0.164 0.066 0.003 0.207 0.050 0.116 
208 HI_SS0247    (0)    4 :  0.014 0.005 0.009 0.007 0.015 0.889 0.021 0.017 0.012 0.011 
209 HI_SS0248    (1)    4 :  0.029 0.099 0.109 0.681 0.014 0.006 0.001 0.018 0.027 0.014 
210 HI_SS0252    (2)    4 :  0.005 0.018 0.005 0.011 0.082 0.023 0.002 0.020 0.825 0.009 
211 HI_SS0254    (0)    4 :  0.019 0.030 0.697 0.092 0.024 0.006 0.089 0.010 0.014 0.018 
212 HI_SS0256    (0)    4 :  0.014 0.008 0.035 0.003 0.569 0.316 0.001 0.010 0.036 0.008 
213 HI_SS0257    (0)    4 :  0.009 0.035 0.221 0.047 0.025 0.083 0.002 0.016 0.018 0.545 
214 HI_SS0258    (1)    4 :  0.020 0.036 0.083 0.695 0.029 0.041 0.007 0.068 0.016 0.006 
215 HI_SS0259    (1)    4 :  0.013 0.012 0.043 0.004 0.008 0.068 0.003 0.353 0.487 0.009 
216 HI_SS0260    (1)    4 :  0.530 0.107 0.056 0.196 0.023 0.022 0.001 0.022 0.034 0.008 
217 HI_SS0261    (2)    4 :  0.165 0.296 0.047 0.017 0.311 0.003 0.003 0.056 0.095 0.006 
218 HI_SS0262    (0)    4 :  0.035 0.017 0.201 0.011 0.077 0.081 0.007 0.478 0.032 0.058 
219 HI_SS0264    (0)    4 :  0.032 0.005 0.019 0.010 0.860 0.013 0.004 0.022 0.022 0.013 
220 HI_SS0265    (0)    4 :  0.195 0.049 0.193 0.007 0.012 0.194 0.092 0.202 0.023 0.034 
221 HI_SS0268    (1)    4 :  0.188 0.007 0.232 0.239 0.013 0.037 0.003 0.204 0.031 0.045 
222 HI_SS0269    (0)    4 :  0.010 0.608 0.042 0.208 0.019 0.013 0.002 0.009 0.062 0.026 
223 HI_SS0273    (0)    4 :  0.020 0.042 0.031 0.772 0.022 0.012 0.002 0.059 0.008 0.032 
224 HI_SS0277    (1)    4 :  0.018 0.056 0.035 0.009 0.341 0.005 0.003 0.025 0.005 0.503 
225 HI_SS0280    (0)    4 :  0.021 0.017 0.026 0.017 0.013 0.032 0.005 0.833 0.018 0.019 
226 HI_SS0282    (1)    4 :  0.021 0.024 0.174 0.260 0.051 0.033 0.002 0.021 0.245 0.169 
227 HI_SS0286    (1)    4 :  0.008 0.046 0.053 0.025 0.075 0.159 0.008 0.099 0.177 0.352 
228 NS_SS1252    (3)    5 :  0.059 0.663 0.004 0.011 0.010 0.009 0.003 0.005 0.006 0.229 
229 NS_SS1261    (1)    5 :  0.108 0.036 0.018 0.018 0.171 0.023 0.018 0.006 0.027 0.575 
230 NS_SS1225   (10)    5 :  0.007 0.046 0.023 0.013 0.030 0.717 0.067 0.009 0.010 0.079 
231 NS_SS1266    (1)    5 :  0.005 0.003 0.008 0.005 0.896 0.043 0.005 0.011 0.011 0.012 
232 NS_SS1228    (0)    5 :  0.040 0.016 0.128 0.016 0.011 0.110 0.016 0.622 0.028 0.012 
233 NS_SS1255    (3)    5 :  0.010 0.096 0.006 0.295 0.016 0.015 0.001 0.011 0.538 0.011 
234 NS_SS1267    (3)    5 :  0.018 0.810 0.065 0.016 0.007 0.014 0.016 0.006 0.009 0.039 
235 NS_SS1238    (6)    5 :  0.025 0.005 0.010 0.788 0.019 0.006 0.002 0.029 0.045 0.070 
236 NS_SS1233    (8)    5 :  0.018 0.005 0.007 0.222 0.287 0.023 0.003 0.140 0.008 0.287 
237 NS_SS1277    (3)    5 :  0.019 0.479 0.008 0.431 0.007 0.005 0.001 0.009 0.015 0.027 
238 NS_SS1245    (1)    5 :  0.010 0.069 0.032 0.063 0.392 0.024 0.003 0.038 0.356 0.013 
239 NS_SS1240    (4)    5 :  0.013 0.864 0.011 0.025 0.008 0.005 0.003 0.008 0.049 0.014 
240 NS_SS1275    (2)    5 :  0.080 0.006 0.008 0.004 0.008 0.095 0.002 0.754 0.035 0.008 
241 NS_SS1235    (1)    5 :  0.008 0.009 0.009 0.041 0.030 0.013 0.006 0.009 0.861 0.013 
242 NS_SS1263    (1)    5 :  0.627 0.031 0.009 0.014 0.053 0.153 0.001 0.010 0.093 0.010 
243 NS_SS1251    (2)    5 :  0.013 0.015 0.009 0.008 0.916 0.013 0.001 0.008 0.011 0.007 
244 NS_SS1248    (0)    5 :  0.401 0.014 0.033 0.136 0.015 0.174 0.112 0.052 0.021 0.042 
245 NS_SS1244    (0)    5 :  0.009 0.012 0.026 0.131 0.034 0.007 0.004 0.726 0.039 0.012 
246 NS_SS1257    (1)    5 :  0.019 0.370 0.114 0.121 0.140 0.027 0.043 0.049 0.033 0.084 
247 NS_SS1242    (2)    5 :  0.169 0.011 0.007 0.006 0.075 0.011 0.003 0.622 0.081 0.016 
248 NS_SS1271    (6)    5 :  0.030 0.587 0.025 0.258 0.013 0.011 0.027 0.008 0.006 0.033 
249 NS_SS1265    (1)    5 :  0.333 0.091 0.017 0.130 0.030 0.098 0.021 0.007 0.021 0.252 
250 NS_SS1243    (0)    5 :  0.109 0.011 0.015 0.031 0.010 0.092 0.081 0.603 0.017 0.031 
251 NS_SS1273    (1)    5 :  0.941 0.005 0.004 0.006 0.012 0.006 0.009 0.008 0.005 0.005 
252 NS_SS1254   (14)    5 :  0.074 0.027 0.021 0.007 0.296 0.515 0.007 0.008 0.022 0.022 
253 NS_SS1224    (1)    5 :  0.020 0.014 0.017 0.004 0.823 0.071 0.008 0.013 0.017 0.012 
254 NS_SS1227    (8)    5 :  0.052 0.007 0.893 0.013 0.004 0.006 0.001 0.003 0.012 0.008 
255 NS_SS1274    (9)    5 :  0.006 0.015 0.057 0.059 0.009 0.046 0.015 0.020 0.032 0.743 
256 NS_SS1241    (1)    5 :  0.011 0.015 0.048 0.413 0.035 0.386 0.001 0.026 0.030 0.035 
257 NS_SS1256    (3)    5 :  0.018 0.015 0.014 0.011 0.848 0.007 0.034 0.012 0.027 0.013 
258 NS_SS1260    (8)    5 :  0.009 0.747 0.067 0.006 0.015 0.037 0.065 0.022 0.008 0.023 
259 NS_SS1262    (0)    5 :  0.003 0.173 0.079 0.055 0.451 0.054 0.165 0.009 0.005 0.006 
260 NS_SS1230    (0)    5 :  0.369 0.032 0.025 0.325 0.153 0.031 0.010 0.018 0.014 0.023 
261 NS_SS1270    (2)    5 :  0.007 0.004 0.030 0.009 0.055 0.019 0.002 0.007 0.022 0.844 
262 NS_SS1229    (2)    5 :  0.006 0.111 0.011 0.008 0.012 0.009 0.004 0.007 0.812 0.020 
263 NS_SS1246    (5)    5 :  0.133 0.020 0.008 0.027 0.013 0.004 0.002 0.012 0.767 0.015 
264 NS_SS1269    (0)    5 :  0.032 0.056 0.355 0.073 0.091 0.111 0.003 0.150 0.016 0.114 
265 NS_SS1239    (1)    5 :  0.006 0.028 0.046 0.059 0.015 0.013 0.007 0.023 0.329 0.473 
266 NS_SS1272    (5)    5 :  0.013 0.334 0.005 0.005 0.289 0.014 0.007 0.074 0.151 0.107 
267 NS_SS1268    (1)    5 :  0.014 0.010 0.211 0.070 0.033 0.202 0.003 0.259 0.034 0.165 
268 NS_SS1249    (1)    5 :  0.011 0.099 0.016 0.547 0.011 0.215 0.014 0.034 0.047 0.004 
269 HI_SS0559    (0)    6 :  0.107 0.057 0.236 0.038 0.025 0.123 0.002 0.355 0.045 0.013 
270 HI_SS0563    (1)    6 :  0.015 0.204 0.026 0.049 0.595 0.024 0.003 0.008 0.031 0.046 
271 HI_SS0564    (0)    6 :  0.008 0.005 0.020 0.013 0.037 0.008 0.043 0.056 0.081 0.729 
272 HI_SS0565    (0)    6 :  0.505 0.117 0.092 0.013 0.029 0.031 0.004 0.027 0.133 0.047 
273 HI_SS0569    (1)    6 :  0.016 0.031 0.821 0.040 0.026 0.008 0.002 0.017 0.007 0.032 
274 HI_SS0570    (0)    6 :  0.008 0.009 0.007 0.854 0.010 0.011 0.035 0.005 0.052 0.009 
275 HI_SS0572    (1)    6 :  0.045 0.028 0.023 0.007 0.031 0.014 0.003 0.016 0.811 0.024 
276 HI_SS0576    (1)    6 :  0.058 0.008 0.018 0.046 0.155 0.016 0.007 0.050 0.014 0.629 
277 HI_SS0579    (1)    6 :  0.005 0.011 0.629 0.022 0.112 0.013 0.013 0.005 0.156 0.034 
278 HI_SS0580    (1)    6 :  0.033 0.455 0.058 0.033 0.018 0.305 0.005 0.015 0.064 0.013 
279 HI_SS0581    (0)    6 :  0.024 0.008 0.008 0.007 0.020 0.010 0.052 0.636 0.021 0.213 
280 HI_SS0583    (1)    6 :  0.018 0.924 0.006 0.003 0.009 0.010 0.002 0.007 0.014 0.007 
281 HI_SS0586    (1)    6 :  0.023 0.053 0.038 0.094 0.006 0.008 0.001 0.006 0.005 0.767 
282 HI_SS0588    (1)    6 :  0.006 0.034 0.584 0.056 0.265 0.015 0.016 0.008 0.004 0.011 
283 HI_SS0595    (4)    6 :  0.018 0.042 0.757 0.043 0.066 0.009 0.027 0.020 0.011 0.010 
284 HI_SS0596    (0)    6 :  0.643 0.007 0.008 0.017 0.010 0.022 0.002 0.009 0.272 0.010 
285 HI_SS0597    (1)    6 :  0.406 0.055 0.010 0.007 0.136 0.008 0.002 0.038 0.237 0.101 
286 HI_SS0600    (0)    6 :  0.011 0.115 0.135 0.013 0.183 0.023 0.004 0.020 0.032 0.464 
287 HI_SS0601    (1)    6 :  0.013 0.046 0.473 0.009 0.042 0.291 0.012 0.012 0.010 0.094 
288 HI_SS0602    (1)    6 :  0.012 0.014 0.931 0.004 0.008 0.008 0.002 0.010 0.004 0.007 
289 HI_SS0604    (0)    6 :  0.036 0.024 0.013 0.012 0.484 0.017 0.002 0.046 0.338 0.028 
290 HI_SS0605    (1)    6 :  0.010 0.036 0.090 0.028 0.028 0.121 0.007 0.498 0.015 0.166 
291 HI_SS0608    (0)    6 :  0.036 0.010 0.086 0.044 0.017 0.028 0.001 0.004 0.194 0.580 
292 HI_SS0609    (0)    6 :  0.034 0.056 0.032 0.022 0.599 0.117 0.001 0.017 0.015 0.105 
293 HI_SS0611    (5)    6 :  0.010 0.306 0.014 0.043 0.009 0.488 0.004 0.010 0.021 0.093 
294 HI_SS0612    (0)    6 :  0.010 0.117 0.188 0.010 0.617 0.015 0.006 0.016 0.013 0.007 
295 HI_SS0613    (1)    6 :  0.026 0.057 0.029 0.014 0.023 0.703 0.002 0.076 0.005 0.066 
296 HI_SS0615    (1)    6 :  0.027 0.031 0.420 0.006 0.077 0.044 0.015 0.119 0.220 0.041 
297 HI_SS0001    (1)    6 :  0.021 0.222 0.010 0.012 0.013 0.013 0.005 0.396 0.300 0.009 
298 HI_SS0002    (1)    6 :  0.013 0.060 0.124 0.010 0.711 0.027 0.018 0.010 0.015 0.012 
299 HI_SS0004    (0)    6 :  0.028 0.062 0.027 0.270 0.018 0.050 0.006 0.013 0.415 0.111 
300 HI_SS0005    (1)    6 :  0.082 0.013 0.019 0.051 0.025 0.014 0.009 0.737 0.005 0.044 
301 HI_SS0006    (1)    6 :  0.008 0.830 0.015 0.015 0.078 0.008 0.002 0.010 0.014 0.019 
302 HI_SS0007    (1)    6 :  0.014 0.022 0.022 0.677 0.026 0.162 0.003 0.035 0.012 0.028 
303 HI_SS0008    (0)    6 :  0.025 0.005 0.852 0.005 0.028 0.018 0.030 0.006 0.012 0.019 
304 HI_SS0009    (0)    6 :  0.017 0.007 0.027 0.019 0.004 0.600 0.005 0.019 0.280 0.021 
305 HI_SS0010    (1)    6 :  0.346 0.021 0.048 0.437 0.013 0.010 0.004 0.021 0.007 0.093 
306 HI_SS0011    (1)    6 :  0.063 0.005 0.016 0.064 0.599 0.010 0.086 0.128 0.017 0.013 
307 HI_SS0012    (0)    6 :  0.014 0.335 0.429 0.004 0.097 0.008 0.005 0.022 0.040 0.046 
308 HI_SS0017    (1)    6 :  0.034 0.006 0.004 0.054 0.011 0.006 0.002 0.009 0.871 0.003 
309 HI_SS0021    (1)    6 :  0.166 0.086 0.068 0.090 0.061 0.186 0.236 0.022 0.004 0.081 
310 HI_SS0024    (1)    6 :  0.730 0.015 0.016 0.102 0.012 0.009 0.002 0.062 0.025 0.026 
311 HI_SS0025    (1)    6 :  0.012 0.015 0.006 0.006 0.008 0.900 0.003 0.006 0.027 0.017 
312 HI_SS0027    (0)    6 :  0.005 0.024 0.281 0.425 0.012 0.035 0.013 0.111 0.017 0.076 
313 HI_SS0028    (0)    6 :  0.525 0.016 0.315 0.005 0.011 0.077 0.002 0.030 0.008 0.010 
314 HI_SS0029    (1)    6 :  0.874 0.031 0.008 0.009 0.028 0.006 0.007 0.015 0.014 0.008 
315 HI_SS0030    (2)    6 :  0.009 0.111 0.129 0.033 0.008 0.006 0.005 0.036 0.643 0.020 
316 HI_SS0031    (0)    6 :  0.021 0.016 0.909 0.006 0.027 0.004 0.003 0.004 0.004 0.006 
317 HI_SS0034    (0)    6 :  0.027 0.102 0.257 0.012 0.058 0.014 0.005 0.442 0.076 0.005 
318 HI_SS0036    (0)    6 :  0.009 0.015 0.010 0.032 0.005 0.012 0.007 0.896 0.007 0.009 
319 HI_SS0037    (1)    6 :  0.005 0.011 0.010 0.048 0.007 0.835 0.004 0.029 0.007 0.044 
320 HI_SS0039    (0)    6 :  0.645 0.013 0.043 0.155 0.040 0.008 0.003 0.072 0.007 0.016 
321 HI_SS0041    (1)    6 :  0.070 0.073 0.035 0.009 0.039 0.139 0.002 0.136 0.337 0.160 
322 HI_SS0042    (1)    6 :  0.043 0.033 0.020 0.010 0.139 0.260 0.136 0.126 0.060 0.174 
323 HI_SS0043    (1)    6 :  0.016 0.024 0.009 0.082 0.005 0.008 0.002 0.005 0.006 0.843 
324 HI_SS0044    (1)    6 :  0.651 0.013 0.036 0.174 0.007 0.006 0.003 0.015 0.088 0.007 
325 HI_SS0047    (1)    6 :  0.010 0.171 0.022 0.008 0.506 0.007 0.002 0.050 0.213 0.013 
326 HI_SS0049    (1)    6 :  0.470 0.016 0.039 0.017 0.019 0.268 0.004 0.081 0.055 0.031 
327 HI_SS0051    (1)    6 :  0.005 0.040 0.009 0.019 0.136 0.049 0.003 0.012 0.006 0.721 
328 HI_SS0053    (1)    6 :  0.291 0.215 0.219 0.082 0.008 0.011 0.005 0.024 0.110 0.035 
329 HI_SS0054    (4)    6 :  0.006 0.024 0.082 0.604 0.067 0.017 0.004 0.163 0.011 0.020 
330 HI_SS0057    (0)    6 :  0.037 0.013 0.023 0.069 0.021 0.019 0.004 0.039 0.085 0.691 
331 HI_SS0058    (0)    6 :  0.008 0.014 0.008 0.012 0.009 0.921 0.006 0.006 0.011 0.006 
332 HI_SS0060    (0)    6 :  0.009 0.007 0.615 0.063 0.022 0.007 0.069 0.157 0.006 0.045 
333 HI_SS0087    (1)    6 :  0.013 0.439 0.078 0.025 0.179 0.023 0.003 0.037 0.031 0.174 
334 HI_SS0091    (1)    6 :  0.006 0.637 0.023 0.006 0.009 0.142 0.001 0.013 0.011 0.150 
335 HI_SS0095    (1)    6 :  0.016 0.026 0.180 0.005 0.352 0.011 0.052 0.054 0.295 0.008 
336 HI_SS0097    (3)    6 :  0.023 0.125 0.056 0.011 0.368 0.037 0.005 0.012 0.013 0.350 
337 HI_SS0099    (1)    6 :  0.923 0.007 0.011 0.004 0.013 0.020 0.004 0.007 0.008 0.003 
338 HI_SS0103    (0)    6 :  0.027 0.298 0.021 0.017 0.038 0.029 0.004 0.036 0.479 0.051 
339 HI_SS0105    (1)    6 :  0.006 0.011 0.014 0.019 0.029 0.058 0.024 0.788 0.028 0.023 
340 HI_SS0107    (1)    6 :  0.007 0.018 0.005 0.007 0.009 0.012 0.001 0.008 0.922 0.011 
341 HI_SS0108    (1)    6 :  0.006 0.034 0.017 0.871 0.010 0.008 0.025 0.014 0.008 0.007 
342 HI_SS0110    (0)    6 :  0.030 0.505 0.059 0.007 0.132 0.025 0.001 0.074 0.055 0.112 
343 HI_SS0111    (1)    6 :  0.069 0.335 0.043 0.018 0.053 0.196 0.037 0.126 0.018 0.107 
344 HI_SS0112    (0)    6 :  0.006 0.004 0.008 0.953 0.005 0.004 0.002 0.005 0.007 0.006 
345 HI_SS0113    (1)    6 :  0.053 0.016 0.007 0.005 0.647 0.008 0.004 0.026 0.220 0.015 
346 HI_SS0114    (1)    6 :  0.011 0.199 0.175 0.023 0.017 0.023 0.004 0.526 0.005 0.018 
347 HI_SS0115    (1)    6 :  0.052 0.043 0.675 0.063 0.062 0.050 0.015 0.011 0.013 0.015 
348 HI_SS0116    (4)    6 :  0.028 0.893 0.005 0.019 0.005 0.016 0.004 0.003 0.018 0.008 
349 HI_SS0117    (0)    6 :  0.008 0.066 0.038 0.130 0.628 0.009 0.002 0.097 0.014 0.009 
350 HI_SS0118    (0)    6 :  0.016 0.653 0.013 0.017 0.046 0.063 0.013 0.160 0.010 0.010 
351 HI_SS0119    (1)    6 :  0.008 0.264 0.052 0.216 0.060 0.016 0.002 0.204 0.008 0.170 
352 HI_SS0120    (1)    6 :  0.006 0.006 0.003 0.005 0.004 0.006 0.003 0.006 0.951 0.009 
353 HI_SS0121    (0)    6 :  0.032 0.016 0.101 0.013 0.082 0.234 0.002 0.024 0.009 0.487 
354 HI_SS0122    (2)    6 :  0.013 0.009 0.006 0.037 0.006 0.060 0.022 0.012 0.024 0.810 
355 HI_SS0123    (0)    6 :  0.008 0.044 0.032 0.005 0.088 0.007 0.002 0.789 0.010 0.014 
356 HI_SS0124    (1)    6 :  0.155 0.007 0.052 0.008 0.015 0.358 0.003 0.060 0.267 0.075 
357 HI_SS0125    (1)    6 :  0.019 0.006 0.789 0.004 0.023 0.012 0.031 0.081 0.014 0.021 
358 HI_SS0126    (0)    6 :  0.198 0.039 0.011 0.679 0.023 0.022 0.001 0.006 0.010 0.010 
359 HI_SS0127    (0)    6 :  0.260 0.008 0.207 0.040 0.031 0.145 0.010 0.068 0.009 0.223 
360 HI_SS0128    (0)    6 :  0.246 0.054 0.115 0.021 0.311 0.007 0.003 0.006 0.224 0.012 
361 HI_SS0129    (1)    6 :  0.043 0.054 0.030 0.118 0.008 0.086 0.011 0.285 0.205 0.159 
362 HI_SS0131    (2)    6 :  0.004 0.005 0.018 0.780 0.028 0.095 0.041 0.011 0.008 0.010 
363 HI_SS0132    (0)    6 :  0.015 0.021 0.033 0.101 0.175 0.036 0.001 0.320 0.004 0.293 
364 HI_SS0133    (1)    6 :  0.003 0.009 0.005 0.966 0.004 0.003 0.001 0.004 0.004 0.002 
365 HI_SS0134    (1)    6 :  0.010 0.065 0.032 0.194 0.309 0.023 0.003 0.183 0.114 0.068 
366 HI_SS0142    (3)    6 :  0.056 0.011 0.093 0.003 0.734 0.007 0.013 0.074 0.006 0.004 
367 HI_SS0145    (0)    6 :  0.054 0.417 0.187 0.069 0.157 0.031 0.002 0.025 0.039 0.020 
368 HI_SS0146    (1)    6 :  0.023 0.028 0.052 0.800 0.025 0.007 0.001 0.036 0.015 0.014 
369 HI_SS0147    (1)    6 :  0.006 0.005 0.007 0.014 0.853 0.026 0.020 0.005 0.008 0.056 
370 HI_SS0149    (1)    6 :  0.104 0.008 0.013 0.142 0.075 0.005 0.004 0.437 0.012 0.200 
371 HI_SS0150    (2)    6 :  0.019 0.008 0.050 0.007 0.006 0.036 0.006 0.827 0.023 0.017 
372 HI_SS0151    (0)    6 :  0.005 0.306 0.131 0.019 0.023 0.013 0.017 0.072 0.390 0.025 
373 NS_SS1451    (1)    6 :  0.084 0.011 0.036 0.009 0.015 0.016 0.004 0.555 0.170 0.098 
374 NS_SS1404    (0)    6 :  0.120 0.027 0.176 0.147 0.088 0.229 0.012 0.031 0.051 0.120 
375 NS_SS1432    (2)    6 :  0.833 0.007 0.018 0.003 0.005 0.004 0.032 0.017 0.009 0.071 
376 NS_SS1405    (5)    6 :  0.503 0.098 0.022 0.238 0.039 0.009 0.003 0.057 0.010 0.023 
377 NS_SS1431   (10)    6 :  0.723 0.008 0.016 0.011 0.016 0.008 0.001 0.034 0.153 0.030 
378 NS_SS1402    (3)    6 :  0.006 0.359 0.049 0.017 0.028 0.067 0.002 0.039 0.158 0.276 
379 NS_SS1450    (3)    6 :  0.016 0.021 0.091 0.067 0.006 0.006 0.004 0.616 0.165 0.007 
380 NS_SS1396    (0)    6 :  0.440 0.078 0.016 0.026 0.055 0.019 0.007 0.123 0.048 0.187 
381 NS_SS1393    (5)    6 :  0.009 0.375 0.005 0.004 0.009 0.006 0.003 0.008 0.005 0.577 
382 NS_SS1392   (10)    6 :  0.005 0.008 0.017 0.014 0.011 0.006 0.021 0.027 0.885 0.006 
383 NS_SS1445    (0)    6 :  0.058 0.191 0.117 0.039 0.023 0.021 0.010 0.016 0.010 0.515 
384 NS_SS1423    (0)    6 :  0.012 0.143 0.044 0.686 0.010 0.009 0.002 0.007 0.062 0.025 
385 NS_SS1421    (9)    6 :  0.015 0.013 0.006 0.100 0.008 0.004 0.070 0.757 0.012 0.014 
386 NS_SS1411    (6)    6 :  0.009 0.018 0.011 0.880 0.007 0.012 0.002 0.039 0.008 0.015 
387 NS_SS1453    (6)    6 :  0.015 0.063 0.081 0.040 0.032 0.161 0.007 0.016 0.040 0.545 
388 NS_SS1442    (3)    6 :  0.068 0.013 0.047 0.280 0.085 0.017 0.004 0.013 0.265 0.207 
389 NS_SS1422    (1)    6 :  0.010 0.260 0.026 0.025 0.121 0.096 0.011 0.007 0.367 0.077 
390 NS_SS1419    (1)    6 :  0.006 0.005 0.005 0.006 0.009 0.852 0.105 0.006 0.004 0.003 
391 NS_SS1427    (0)    6 :  0.138 0.427 0.082 0.261 0.007 0.018 0.002 0.015 0.045 0.005 
392 NS_SS1444    (4)    6 :  0.658 0.006 0.015 0.005 0.011 0.226 0.004 0.010 0.025 0.039 
393 NS_SS1455    (0)    6 :  0.075 0.102 0.005 0.021 0.637 0.016 0.001 0.017 0.104 0.021 
394 NS_SS1425    (2)    6 :  0.005 0.013 0.021 0.865 0.006 0.004 0.001 0.005 0.019 0.060 
395 NS_SS1400    (0)    6 :  0.009 0.043 0.007 0.855 0.024 0.037 0.002 0.007 0.008 0.008 
396 NS_SS1406    (2)    6 :  0.017 0.013 0.048 0.003 0.822 0.021 0.006 0.013 0.017 0.040 
397 NS_SS1417    (6)    6 :  0.020 0.087 0.007 0.101 0.051 0.660 0.006 0.012 0.015 0.040 
398 NS_SS1454    (3)    6 :  0.025 0.014 0.009 0.061 0.015 0.019 0.001 0.831 0.008 0.017 
399 NS_SS1412    (1)    6 :  0.302 0.056 0.020 0.148 0.109 0.203 0.029 0.020 0.050 0.064 
400 NS_SS1438    (1)    6 :  0.005 0.120 0.022 0.048 0.016 0.657 0.002 0.007 0.007 0.116 
401 NS_SS1416    (4)    6 :  0.016 0.068 0.009 0.005 0.059 0.058 0.005 0.042 0.007 0.730 
