   NS_SS0963  1 0.0071 0.0125 0.4070 0.0662 0.0652 0.0079 0.0162 0.0209 0.2933 0.1035 
   NS_SS0983  1 0.0037 0.0065 0.0029 0.6911 0.1805 0.0053 0.0553 0.0171 0.0315 0.0061 
   NS_SS0719  1 0.0135 0.0175 0.0063 0.0353 0.0304 0.0050 0.0119 0.0152 0.7006 0.1642 
   NS_SS1001  1 0.2422 0.1323 0.0134 0.2052 0.1994 0.0077 0.1071 0.0362 0.0060 0.0506 
   NS_SS0936  1 0.0162 0.0067 0.0138 0.0161 0.0091 0.0031 0.0134 0.2059 0.0114 0.7043 
   NS_SS0955  1 0.0111 0.1153 0.0894 0.1511 0.0245 0.0039 0.0566 0.1156 0.0495 0.3831 
   NS_SS0944  1 0.0057 0.6115 0.0832 0.1116 0.0263 0.0022 0.0185 0.0236 0.0267 0.0909 
   NS_SS0945  1 0.2351 0.6140 0.0272 0.0196 0.0446 0.0108 0.0114 0.0196 0.0075 0.0101 
   NS_SS0922  1 0.0246 0.0044 0.0472 0.0229 0.0101 0.0259 0.0064 0.0120 0.8216 0.0248 
   NS_SS0929  1 0.0763 0.0334 0.0261 0.1413 0.0422 0.0026 0.1074 0.0897 0.0243 0.4568 
   NS_SS0956  1 0.4618 0.0192 0.0353 0.0188 0.0390 0.0044 0.0832 0.1615 0.1255 0.0512 
   NS_SS0906  1 0.0189 0.0352 0.0165 0.1025 0.3499 0.0036 0.1566 0.0621 0.0669 0.1879 
   NS_SS0721  1 0.0656 0.0120 0.0055 0.0243 0.1978 0.0064 0.2142 0.0130 0.0991 0.3620 
   NS_SS0982  1 0.0099 0.0042 0.0679 0.0102 0.0132 0.0163 0.0124 0.2056 0.0396 0.6209 
   NS_SS0923  1 0.0321 0.0106 0.1848 0.0297 0.0355 0.0047 0.0391 0.0582 0.2084 0.3968 
   NS_SS0905  1 0.0405 0.0130 0.0063 0.0790 0.0536 0.0018 0.5467 0.0174 0.1098 0.1320 
   NS_SS0925  1 0.0116 0.0044 0.0120 0.2178 0.0212 0.0051 0.0497 0.6134 0.0046 0.0600 
   NS_SS0947  1 0.0892 0.0855 0.2196 0.0451 0.1961 0.0058 0.0584 0.0583 0.0209 0.2210 
   NS_SS0926  1 0.0373 0.2372 0.0069 0.6049 0.0215 0.0011 0.0046 0.0412 0.0321 0.0132 
   NS_SS0918  1 0.0650 0.0361 0.0328 0.0069 0.0509 0.0031 0.5149 0.1831 0.0148 0.0924 
   NS_SS0966  1 0.0105 0.0145 0.6557 0.2046 0.0174 0.0356 0.0186 0.0135 0.0166 0.0130 
   NS_SS0938  1 0.1841 0.0095 0.0091 0.0151 0.1458 0.0019 0.0050 0.6040 0.0175 0.0080 
   NS_SS0917  1 0.0355 0.0090 0.0098 0.0080 0.0222 0.0321 0.0218 0.0711 0.1687 0.6219 
   NS_SS0957  1 0.9023 0.0075 0.0065 0.0052 0.0094 0.0072 0.0241 0.0109 0.0089 0.0180 
   NS_SS0987  1 0.2475 0.0063 0.0048 0.0636 0.2465 0.2340 0.0136 0.1694 0.0070 0.0073 
   NS_SS0717  1 0.2657 0.0122 0.0313 0.0630 0.5322 0.0031 0.0346 0.0146 0.0107 0.0325 
   NS_SS0986  1 0.0090 0.0104 0.0080 0.0038 0.9376 0.0032 0.0041 0.0085 0.0053 0.0102 
   NS_SS0953  1 0.0092 0.0260 0.6602 0.0037 0.0446 0.0188 0.1874 0.0053 0.0042 0.0405 
   NS_SS0907  1 0.0079 0.0119 0.0434 0.0217 0.2252 0.0412 0.0208 0.0465 0.0198 0.5616 
   NS_SS0974  1 0.0462 0.3328 0.1033 0.2740 0.0300 0.0039 0.0440 0.0453 0.0193 0.1011 
   NS_SS0989  1 0.0108 0.0513 0.0462 0.1675 0.1703 0.0010 0.2002 0.1083 0.0868 0.1577 
   NS_SS0991  1 0.0062 0.2911 0.0177 0.2693 0.1597 0.0029 0.0212 0.0220 0.0312 0.1787 
   NS_SS0994  1 0.0063 0.3409 0.0058 0.1986 0.3650 0.0017 0.0196 0.0131 0.0116 0.0374 
   NS_SS0931  1 0.3420 0.1446 0.0032 0.4520 0.0106 0.0077 0.0083 0.0180 0.0082 0.0053 
   NS_SS1000  1 0.0476 0.0458 0.3760 0.0217 0.0525 0.0037 0.0063 0.0250 0.0051 0.4164 
   NS_SS0919  1 0.0249 0.0264 0.0109 0.4724 0.0306 0.0036 0.0061 0.0150 0.0174 0.3928 
   NS_SS0949  1 0.0148 0.6073 0.0118 0.2779 0.0124 0.0017 0.0241 0.0134 0.0099 0.0268 
   NS_SS0960  1 0.0178 0.1879 0.0284 0.0845 0.1158 0.0093 0.2545 0.0614 0.1815 0.0589 
   NS_SS0716  1 0.9397 0.0065 0.0058 0.0044 0.0143 0.0078 0.0046 0.0047 0.0037 0.0087 
   NS_SS0924  1 0.0095 0.0108 0.0230 0.2458 0.4441 0.0158 0.0232 0.1993 0.0206 0.0080 
   NS_SS0935  1 0.0102 0.0211 0.0083 0.4781 0.0071 0.0079 0.0196 0.0062 0.0403 0.4013 
   NS_SS0952  1 0.0150 0.4673 0.2616 0.0732 0.0206 0.0394 0.0253 0.0281 0.0422 0.0273 
   NS_SS0962  1 0.0461 0.0066 0.0332 0.0151 0.0207 0.0069 0.0112 0.8280 0.0129 0.0193 
   NS_SS0973  1 0.0104 0.0055 0.0357 0.2846 0.0219 0.0052 0.3953 0.0175 0.0530 0.1710 
   NS_SS0722  1 0.8063 0.0042 0.0352 0.0486 0.0270 0.0032 0.0133 0.0151 0.0158 0.0312 
   NS_SS0979  1 0.2697 0.0083 0.0365 0.0175 0.0384 0.0024 0.0332 0.2543 0.0240 0.3159 
   NS_SS0993  1 0.0455 0.0042 0.0328 0.5197 0.0173 0.0162 0.3131 0.0303 0.0072 0.0135 
   NS_SS0958  1 0.0392 0.7384 0.0764 0.0281 0.0178 0.0039 0.0275 0.0274 0.0208 0.0203 
   NS_SS0988  1 0.0886 0.0059 0.0225 0.2287 0.1039 0.0056 0.0598 0.4029 0.0589 0.0232 
   NS_SS1003  1 0.0072 0.0059 0.0370 0.0271 0.0175 0.0120 0.0240 0.6079 0.2522 0.0092 
   NS_SS0976  1 0.0085 0.0178 0.0312 0.0472 0.0075 0.0019 0.0110 0.8398 0.0058 0.0293 
   NS_SS0964  1 0.1779 0.0086 0.7244 0.0193 0.0133 0.0024 0.0174 0.0130 0.0127 0.0111 
   NS_SS0939  1 0.9269 0.0084 0.0066 0.0054 0.0052 0.0037 0.0145 0.0109 0.0073 0.0110 
   NS_SS0990  1 0.0915 0.0166 0.0198 0.0141 0.5978 0.0039 0.0348 0.0364 0.1654 0.0197 
   NS_SS0984  1 0.7557 0.0053 0.0159 0.0675 0.0380 0.0024 0.0048 0.0601 0.0125 0.0377 
   NS_SS0980  1 0.0128 0.0170 0.0254 0.1171 0.0100 0.0023 0.5387 0.0838 0.0253 0.1677 
   NS_SS0978  1 0.0088 0.0085 0.0139 0.0048 0.0052 0.0023 0.0099 0.0152 0.9159 0.0156 
   NS_SS0951  1 0.0112 0.0366 0.0373 0.0277 0.2532 0.0035 0.5801 0.0162 0.0231 0.0110 
   NS_SS0913  1 0.0184 0.0123 0.0343 0.0070 0.7706 0.0361 0.0381 0.0113 0.0664 0.0056 
   NS_SS1002  1 0.0076 0.0056 0.0155 0.0049 0.0182 0.0284 0.0049 0.8940 0.0106 0.0104 
   NS_SS0948  1 0.0933 0.0271 0.0161 0.0182 0.0101 0.0444 0.0374 0.5064 0.0175 0.2295 
   NS_SS0916  1 0.0213 0.0081 0.0093 0.1382 0.0073 0.0045 0.5256 0.0749 0.1750 0.0358 
   NS_SS0995  1 0.0049 0.0031 0.0085 0.0246 0.0160 0.0040 0.8912 0.0107 0.0254 0.0115 
   NS_SS0927  1 0.0100 0.0152 0.0131 0.0151 0.0413 0.0052 0.0096 0.0110 0.8609 0.0186 
   NS_SS0992  1 0.0116 0.0460 0.0572 0.0753 0.0404 0.0031 0.2180 0.1354 0.3956 0.0175 
   NS_SS0912  1 0.0137 0.0192 0.0085 0.0248 0.8435 0.0022 0.0160 0.0287 0.0110 0.0327 
   NS_SS0981  1 0.1206 0.0065 0.0126 0.0447 0.0197 0.0036 0.0200 0.5915 0.0134 0.1674 
   NS_SS0729  2 0.0040 0.0132 0.0170 0.8968 0.0186 0.0040 0.0116 0.0074 0.0104 0.0170 
   NS_SS0967  2 0.1264 0.0274 0.3691 0.0443 0.1616 0.0117 0.0059 0.0624 0.0322 0.1591 
   NS_SS0941  2 0.0474 0.0203 0.0547 0.1541 0.1008 0.0961 0.0889 0.0252 0.0203 0.3923 
   NS_SS0768  2 0.0205 0.0428 0.1174 0.0081 0.6887 0.0040 0.0076 0.0686 0.0153 0.0270 
   NS_SS0726  2 0.0073 0.0164 0.0183 0.7248 0.0121 0.0095 0.0205 0.1227 0.0517 0.0166 
   NS_SS0763  2 0.0240 0.0165 0.1529 0.6823 0.0537 0.0026 0.0104 0.0138 0.0268 0.0168 
   NS_SS0730  2 0.6405 0.0277 0.0835 0.0080 0.0189 0.0038 0.0239 0.0716 0.0240 0.0981 
   NS_SS0774  2 0.6281 0.0058 0.2840 0.0054 0.0090 0.0010 0.0354 0.0049 0.0112 0.0151 
   NS_SS0723  2 0.1095 0.0044 0.0621 0.0185 0.0375 0.0023 0.0922 0.0741 0.0477 0.5516 
   NS_SS0940  2 0.1044 0.0916 0.0047 0.5084 0.0486 0.0075 0.0756 0.0448 0.0225 0.0920 
   NS_SS0762  2 0.1747 0.0084 0.3632 0.1303 0.0214 0.0034 0.0494 0.0042 0.1667 0.0783 
   NS_SS0766  2 0.3854 0.0523 0.0139 0.0821 0.0735 0.0221 0.0198 0.0236 0.2505 0.0767 
   NS_SS0724  2 0.0246 0.0139 0.5446 0.0760 0.1036 0.0042 0.0240 0.0152 0.0064 0.1874 
   NS_SS0769  2 0.0167 0.0070 0.0122 0.0516 0.6907 0.0038 0.0112 0.0140 0.0356 0.1571 
   NS_SS0777  2 0.3943 0.0496 0.0122 0.1057 0.0387 0.0160 0.0624 0.2047 0.0089 0.1076 
   NS_SS0734  2 0.0783 0.2629 0.0239 0.0558 0.0921 0.0287 0.0398 0.0229 0.3577 0.0380 
   NS_SS0737  2 0.0342 0.0123 0.5763 0.0095 0.0170 0.0046 0.0684 0.0941 0.1348 0.0489 
   NS_SS0732  2 0.0104 0.0064 0.0088 0.0105 0.0191 0.0051 0.8999 0.0177 0.0140 0.0082 
   NS_SS0728  2 0.0118 0.0131 0.0199 0.0109 0.0874 0.0099 0.0255 0.0215 0.0556 0.7443 
   NS_SS0735  2 0.0117 0.0174 0.0482 0.0525 0.5987 0.0114 0.1103 0.0363 0.0100 0.1034 
   NS_SS0725  2 0.0113 0.0295 0.8787 0.0127 0.0108 0.0088 0.0077 0.0157 0.0181 0.0064 
   NS_SS0788  2 0.0160 0.0055 0.2415 0.0135 0.0183 0.0019 0.0176 0.0200 0.5038 0.1619 
   NS_SS0778  2 0.0252 0.0102 0.0168 0.0488 0.0063 0.0015 0.0521 0.0090 0.8120 0.0182 
   NS_SS0792  2 0.0074 0.0165 0.0181 0.0198 0.0248 0.0061 0.1028 0.0245 0.7591 0.0208 
   NS_SS0943  2 0.0080 0.4616 0.1802 0.1445 0.0357 0.0086 0.0376 0.0236 0.0810 0.0192 
   NS_SS0791  2 0.0171 0.0143 0.0062 0.0245 0.0109 0.0195 0.2725 0.1162 0.4611 0.0577 
   NS_SS0790  2 0.0542 0.0062 0.8474 0.0069 0.0392 0.0040 0.0194 0.0089 0.0089 0.0051 
   NS_SS0731  2 0.0404 0.0081 0.0182 0.0477 0.8281 0.0132 0.0125 0.0052 0.0059 0.0208 
   NS_SS0727  2 0.0688 0.2327 0.0363 0.3925 0.1215 0.0026 0.0132 0.0183 0.0630 0.0512 
   NS_SS0779  2 0.3139 0.0102 0.0228 0.0727 0.0472 0.0058 0.2397 0.0862 0.0688 0.1329 
   NS_SS0776  2 0.2298 0.0366 0.5205 0.0259 0.0135 0.0109 0.0595 0.0202 0.0246 0.0585 
   NS_SS0775  2 0.9003 0.0062 0.0171 0.0065 0.0070 0.0075 0.0142 0.0130 0.0131 0.0150 
   NS_SS0965  3 0.0889 0.0110 0.0746 0.1025 0.3005 0.0019 0.0098 0.0347 0.0115 0.3645 
   NS_SS0754  3 0.0425 0.0531 0.0197 0.0524 0.0831 0.0141 0.0430 0.1427 0.2487 0.3009 
   NS_SS0838  3 0.1288 0.0329 0.0698 0.0534 0.0278 0.0321 0.0298 0.5739 0.0144 0.0371 
   NS_SS0839  3 0.0234 0.0057 0.1446 0.0132 0.1400 0.0037 0.2087 0.0221 0.0135 0.4250 
   NS_SS0832  3 0.0863 0.0035 0.0147 0.0191 0.7097 0.0525 0.0047 0.0117 0.0513 0.0466 
   NS_SS0820  3 0.0170 0.0031 0.2526 0.0047 0.0688 0.0064 0.0062 0.0236 0.5557 0.0620 
   NS_SS0886  3 0.0380 0.0189 0.0253 0.0279 0.2001 0.0027 0.0408 0.0279 0.5430 0.0755 
   NS_SS0748  3 0.6818 0.0341 0.0308 0.1021 0.0238 0.0093 0.0168 0.0649 0.0125 0.0238 
   NS_SS0884  3 0.0429 0.0403 0.0834 0.0193 0.0235 0.0288 0.0365 0.0424 0.3215 0.3613 
   NS_SS0752  3 0.0359 0.0326 0.0695 0.0157 0.0305 0.0022 0.2690 0.4110 0.0227 0.1109 
   NS_SS0862  3 0.0215 0.0068 0.0439 0.0115 0.0328 0.0059 0.5820 0.0173 0.0204 0.2578 
   NS_SS0787  3 0.0130 0.6912 0.0122 0.0303 0.0103 0.0077 0.0090 0.0110 0.1869 0.0284 
   NS_SS0843  3 0.0259 0.0070 0.1359 0.6889 0.0540 0.0021 0.0331 0.0138 0.0165 0.0227 
   NS_SS0856  3 0.0086 0.0197 0.0503 0.0077 0.1174 0.0030 0.0103 0.0542 0.7038 0.0250 
   NS_SS0846  3 0.0110 0.0144 0.1445 0.1751 0.0486 0.0035 0.0089 0.0364 0.0169 0.5407 
   NS_SS0825  3 0.0084 0.0114 0.0066 0.0133 0.0212 0.0119 0.0331 0.6693 0.0601 0.1648 
   NS_SS0757  3 0.0346 0.0100 0.0143 0.0203 0.0359 0.0052 0.5772 0.0220 0.0184 0.2622 
   NS_SS0876  3 0.0085 0.0100 0.6262 0.0080 0.0365 0.2101 0.0096 0.0055 0.0538 0.0318 
   NS_SS0903  3 0.0166 0.0061 0.0302 0.0294 0.0084 0.0024 0.7052 0.0150 0.0083 0.1783 
   NS_SS0875  3 0.4921 0.0197 0.0263 0.0147 0.0703 0.0041 0.0182 0.0133 0.3063 0.0350 
   NS_SS0740  3 0.0231 0.0187 0.0353 0.1418 0.0433 0.0035 0.2887 0.0335 0.0201 0.3919 
   NS_SS0811  3 0.8778 0.0124 0.0255 0.0051 0.0140 0.0103 0.0335 0.0067 0.0073 0.0076 
   NS_SS0751  3 0.0840 0.2054 0.0222 0.0236 0.0101 0.0025 0.0573 0.1809 0.0912 0.3227 
   NS_SS0891  3 0.0365 0.0212 0.7276 0.0134 0.0256 0.0075 0.0163 0.0554 0.0595 0.0369 
   NS_SS0867  3 0.0134 0.0282 0.0090 0.1030 0.0475 0.0268 0.0320 0.4089 0.2882 0.0431 
   NS_SS0890  3 0.1131 0.0188 0.0210 0.3871 0.0275 0.0040 0.0699 0.0128 0.3247 0.0211 
   NS_SS0866  3 0.0142 0.0508 0.0073 0.0114 0.0914 0.0073 0.0422 0.1420 0.6231 0.0102 
   NS_SS0755  3 0.0376 0.0165 0.0482 0.0135 0.0170 0.0080 0.0411 0.0103 0.7770 0.0307 
   NS_SS0758  3 0.0138 0.0059 0.0229 0.0454 0.5944 0.0020 0.0166 0.0297 0.0178 0.2514 
   NS_SS0840  3 0.0527 0.0078 0.5820 0.0066 0.0206 0.0025 0.0473 0.0694 0.0077 0.2035 
   NS_SS0889  3 0.0127 0.2088 0.0547 0.0210 0.5815 0.0023 0.0400 0.0092 0.0331 0.0368 
   NS_SS1010  3 0.0177 0.0972 0.5986 0.0168 0.0405 0.0670 0.0116 0.0247 0.0216 0.1043 
   NS_SS0888  3 0.0091 0.0272 0.0035 0.0062 0.0074 0.0015 0.0069 0.0037 0.9224 0.0121 
   NS_SS0837  3 0.0349 0.0488 0.1785 0.1133 0.3059 0.0034 0.0517 0.0903 0.0138 0.1593 
   NS_SS0794  3 0.0169 0.8104 0.0286 0.0070 0.0603 0.0020 0.0249 0.0063 0.0290 0.0147 
   NS_SS0823  3 0.0052 0.0091 0.0808 0.0097 0.4050 0.0043 0.0466 0.4052 0.0235 0.0105 
   NS_SS0829  3 0.0103 0.3906 0.0112 0.0208 0.0340 0.1117 0.1734 0.0079 0.0113 0.2288 
   NS_SS0844  3 0.0088 0.0043 0.8808 0.0210 0.0138 0.0017 0.0087 0.0268 0.0138 0.0202 
   NS_SS1008  3 0.1306 0.3099 0.0495 0.1179 0.1035 0.0178 0.0505 0.1832 0.0232 0.0139 
   NS_SS0881  3 0.1342 0.0395 0.0120 0.0628 0.0497 0.0033 0.0336 0.0327 0.1847 0.4474 
   NS_SS0834  3 0.0036 0.0087 0.8262 0.0101 0.0574 0.0055 0.0058 0.0175 0.0571 0.0079 
   NS_SS0744  3 0.0099 0.0098 0.0219 0.0248 0.2441 0.0086 0.1322 0.0203 0.1959 0.3324 
   NS_SS0899  3 0.0111 0.0033 0.2382 0.0040 0.0157 0.0014 0.7020 0.0059 0.0113 0.0070 
   NS_SS0804  3 0.0185 0.0059 0.0265 0.0108 0.5191 0.0039 0.0475 0.0361 0.0295 0.3022 
   NS_SS0781  3 0.0610 0.0064 0.2081 0.0119 0.0337 0.0039 0.0257 0.0759 0.0253 0.5482 
   NS_SS0822  3 0.0164 0.1016 0.0518 0.0891 0.0107 0.0020 0.6015 0.0721 0.0258 0.0289 
   NS_SS1004  3 0.0178 0.0133 0.3264 0.4428 0.0772 0.0052 0.0353 0.0233 0.0257 0.0331 
   NS_SS0746  3 0.1156 0.0374 0.0400 0.1410 0.4367 0.0152 0.0074 0.1087 0.0246 0.0734 
   NS_SS0880  3 0.0737 0.0219 0.6231 0.0453 0.0084 0.0018 0.0933 0.0474 0.0100 0.0751 
   NS_SS0879  3 0.0365 0.0172 0.8309 0.0092 0.0165 0.0157 0.0079 0.0074 0.0448 0.0138 
   NS_SS0753  3 0.0541 0.0691 0.0134 0.0623 0.1873 0.0149 0.2036 0.0356 0.0395 0.3201 
   NS_SS1007  3 0.0246 0.0249 0.0104 0.0488 0.0218 0.0022 0.1525 0.2318 0.1217 0.3613 
   NS_SS0872  3 0.2762 0.0080 0.2471 0.0179 0.0398 0.0024 0.0111 0.2843 0.0600 0.0531 
   NS_SS1005  3 0.0187 0.0153 0.5031 0.1028 0.0505 0.0017 0.0316 0.0208 0.0159 0.2396 
   NS_SS0892  3 0.1363 0.0281 0.0251 0.0701 0.0162 0.0025 0.0166 0.0190 0.1841 0.5021 
   NS_SS0898  3 0.1024 0.2445 0.0183 0.0616 0.0122 0.0074 0.0956 0.0764 0.3492 0.0324 
   NS_SS0801  3 0.0093 0.0074 0.0405 0.0065 0.6891 0.0062 0.0049 0.0259 0.0154 0.1948 
   NS_SS0827  3 0.6974 0.0132 0.0155 0.1040 0.0048 0.1118 0.0123 0.0084 0.0211 0.0115 
   NS_SS0853  3 0.9345 0.0096 0.0053 0.0060 0.0104 0.0038 0.0068 0.0073 0.0059 0.0102 
   NS_SS0780  3 0.0148 0.0032 0.0083 0.0067 0.0082 0.0037 0.0093 0.0097 0.0108 0.9254 
   NS_SS0826  3 0.0166 0.0346 0.7821 0.0368 0.0512 0.0031 0.0080 0.0518 0.0090 0.0068 
   NS_SS0818  3 0.0058 0.0126 0.0508 0.0046 0.0086 0.0015 0.0173 0.0236 0.2040 0.6712 
   NS_SS0745  3 0.9286 0.0103 0.0123 0.0047 0.0125 0.0016 0.0088 0.0078 0.0070 0.0065 
   NS_SS0849  3 0.0210 0.0158 0.0208 0.0360 0.1452 0.0017 0.5419 0.0292 0.1770 0.0115 
   NS_SS0739  3 0.0197 0.0044 0.0084 0.0075 0.0106 0.0132 0.6027 0.0620 0.2580 0.0134 
   NS_SS0799  3 0.0167 0.0390 0.0082 0.0903 0.0089 0.0011 0.6715 0.0091 0.0308 0.1242 
   NS_SS0756  3 0.1432 0.0074 0.0384 0.0092 0.1912 0.0042 0.0607 0.4769 0.0398 0.0291 
   NS_SS0802  3 0.0082 0.0069 0.0248 0.1444 0.0097 0.1880 0.0045 0.0099 0.0724 0.5311 
   NS_SS0747  3 0.0274 0.0066 0.0793 0.0240 0.1411 0.0066 0.1441 0.1184 0.0270 0.4254 
   NS_SS0835  3 0.0086 0.0272 0.0079 0.1038 0.0341 0.0012 0.0062 0.0063 0.6981 0.1067 
   NS_SS0742  3 0.0126 0.0090 0.0181 0.0353 0.0319 0.0014 0.6162 0.1421 0.1029 0.0304 
   NS_SS0760  3 0.0107 0.2940 0.0081 0.0805 0.4682 0.0459 0.0073 0.0123 0.0629 0.0101 
   NS_SS0803  3 0.0077 0.0061 0.4416 0.0221 0.3648 0.0107 0.0452 0.0187 0.0176 0.0653 
   NS_SS0828  3 0.1502 0.0243 0.0194 0.4222 0.0407 0.0016 0.1117 0.0342 0.1085 0.0872 
   NS_SS0865  3 0.0229 0.0740 0.0160 0.0326 0.0167 0.0352 0.1058 0.0850 0.5831 0.0286 
   NS_SS0759  3 0.2331 0.0154 0.1022 0.0153 0.1625 0.0042 0.0862 0.0409 0.1634 0.1768 
   NS_SS0851  3 0.0351 0.0127 0.8606 0.0031 0.0151 0.0127 0.0238 0.0086 0.0192 0.0091 
   NS_SS0874  3 0.0309 0.0117 0.6450 0.0317 0.0231 0.0024 0.1370 0.0112 0.0063 0.1008 
   NS_SS0761  3 0.0096 0.0643 0.0070 0.0211 0.7925 0.0037 0.0120 0.0311 0.0069 0.0518 
   NS_SS0842  3 0.5997 0.0714 0.0224 0.0882 0.0473 0.0097 0.0708 0.0296 0.0469 0.0141 
   NS_SS0785  3 0.0224 0.0505 0.0390 0.0589 0.4536 0.0076 0.0282 0.0110 0.0248 0.3041 
   NS_SS0860  3 0.0056 0.0112 0.0087 0.0096 0.0084 0.0024 0.0571 0.0075 0.8618 0.0277 
   NS_SS0897  3 0.0064 0.8759 0.0105 0.0118 0.0150 0.0024 0.0174 0.0201 0.0244 0.0161 
   NS_SS0841  3 0.0180 0.0658 0.0136 0.0068 0.0205 0.0030 0.3505 0.4967 0.0100 0.0152 
   NS_SS0797  3 0.1592 0.1434 0.0549 0.1740 0.0334 0.0261 0.0069 0.0898 0.3020 0.0103 
   NS_SS0830  3 0.1418 0.0392 0.0493 0.0197 0.0586 0.0031 0.4422 0.1244 0.0833 0.0384 
   NS_SS1011  3 0.0093 0.0036 0.2781 0.0070 0.0687 0.0053 0.0057 0.4864 0.1228 0.0131 
   NS_SS0883  3 0.0204 0.0092 0.0031 0.0152 0.0241 0.0060 0.4783 0.0151 0.0114 0.4171 
   NS_SS0782  3 0.0087 0.0231 0.0123 0.0046 0.8956 0.0022 0.0079 0.0059 0.0275 0.0122 
   NS_SS0831  3 0.0174 0.0739 0.0401 0.1168 0.4605 0.0036 0.1556 0.0146 0.0819 0.0356 
   NS_SS0749  3 0.0099 0.0111 0.0063 0.0093 0.1549 0.0045 0.4903 0.0173 0.0589 0.2374 
   NS_SS0854  3 0.0057 0.0872 0.1783 0.0153 0.1337 0.0035 0.1964 0.0229 0.1668 0.1902 
   HI_SS0193  4 0.0055 0.9266 0.0089 0.0185 0.0064 0.0021 0.0126 0.0087 0.0054 0.0053 
   HI_SS0194  4 0.0073 0.0405 0.9053 0.0115 0.0111 0.0021 0.0032 0.0060 0.0052 0.0080 
   HI_SS0195  4 0.1156 0.0065 0.5847 0.0046 0.0387 0.1165 0.0300 0.0112 0.0316 0.0607 
   HI_SS0196  4 0.0212 0.5796 0.0566 0.0162 0.0567 0.0037 0.0366 0.0417 0.0464 0.1413 
   HI_SS0197  4 0.0097 0.0021 0.0034 0.0064 0.0210 0.0100 0.0035 0.6882 0.0169 0.2388 
   HI_SS0198  4 0.0202 0.0191 0.0166 0.0237 0.0545 0.0075 0.7334 0.0307 0.0600 0.0343 
   HI_SS0199  4 0.0134 0.0109 0.0048 0.1229 0.0073 0.0023 0.0216 0.0176 0.5310 0.2683 
   HI_SS0201  4 0.0048 0.0543 0.0104 0.8493 0.0283 0.0025 0.0082 0.0085 0.0160 0.0178 
   HI_SS0215  4 0.0049 0.0064 0.0077 0.0369 0.7442 0.0036 0.0076 0.0289 0.0695 0.0903 
   HI_SS0218  4 0.0115 0.7051 0.0059 0.0287 0.0109 0.0094 0.0130 0.0063 0.1532 0.0558 
   HI_SS0222  4 0.1122 0.0213 0.0061 0.0547 0.6724 0.0048 0.0086 0.0783 0.0108 0.0308 
   HI_SS0230  4 0.0226 0.0076 0.1777 0.0214 0.0428 0.0052 0.0444 0.6403 0.0205 0.0172 
   HI_SS0234  4 0.0066 0.0062 0.0636 0.1619 0.0301 0.1424 0.0072 0.1707 0.0153 0.3960 
   HI_SS0240  4 0.0405 0.0250 0.0270 0.0151 0.0105 0.0113 0.0157 0.0241 0.4565 0.3742 
   HI_SS0241  4 0.0101 0.0062 0.0181 0.0365 0.0059 0.0020 0.0040 0.0070 0.9035 0.0067 
   HI_SS0242  4 0.0210 0.0140 0.0119 0.0298 0.0141 0.0031 0.0135 0.0293 0.8500 0.0134 
   HI_SS0247  4 0.0106 0.0115 0.6024 0.1074 0.0105 0.0254 0.0866 0.0199 0.0801 0.0455 
   HI_SS0248  4 0.0084 0.4813 0.0072 0.4022 0.0375 0.0008 0.0120 0.0194 0.0079 0.0234 
   HI_SS0252  4 0.0057 0.0180 0.0225 0.1184 0.7108 0.0023 0.0638 0.0282 0.0156 0.0148 
   HI_SS0254  4 0.0135 0.0471 0.0027 0.7601 0.0212 0.0864 0.0181 0.0230 0.0117 0.0163 
   HI_SS0256  4 0.0161 0.0034 0.9248 0.0043 0.0056 0.0012 0.0045 0.0127 0.0088 0.0185 
   HI_SS0257  4 0.0079 0.0590 0.0359 0.1888 0.2952 0.0044 0.0233 0.1112 0.0863 0.1879 
   HI_SS0258  4 0.0358 0.7653 0.0234 0.0172 0.0817 0.0055 0.0060 0.0085 0.0152 0.0416 
   HI_SS0259  4 0.0069 0.0036 0.1657 0.0107 0.0101 0.0033 0.0440 0.0324 0.4978 0.2255 
   HI_SS0260  4 0.1199 0.1262 0.0147 0.6350 0.0179 0.0018 0.0150 0.0139 0.0096 0.0459 
   HI_SS0261  4 0.0810 0.0341 0.0167 0.6898 0.0212 0.0051 0.0085 0.0451 0.0608 0.0377 
   HI_SS0262  4 0.0430 0.0109 0.0362 0.0116 0.1161 0.0086 0.0924 0.0198 0.6442 0.0171 
   HI_SS0264  4 0.0480 0.0329 0.1598 0.0135 0.3145 0.0044 0.0067 0.0121 0.0054 0.4026 
   HI_SS0265  4 0.1403 0.0114 0.2216 0.0211 0.0156 0.1176 0.0158 0.0418 0.3417 0.0730 
   HI_SS0268  4 0.0512 0.3095 0.1570 0.0077 0.0214 0.0042 0.0163 0.3191 0.0177 0.0958 
   HI_SS0269  4 0.0037 0.0857 0.0096 0.5644 0.0170 0.0023 0.0215 0.0556 0.2333 0.0070 
   HI_SS0273  4 0.0149 0.6387 0.0075 0.0075 0.0078 0.0021 0.0130 0.2282 0.0722 0.0082 
   HI_SS0277  4 0.0036 0.0057 0.0078 0.0324 0.0206 0.0026 0.0131 0.8559 0.0448 0.0133 
   HI_SS0280  4 0.0267 0.0497 0.0052 0.0376 0.1664 0.0051 0.1051 0.0078 0.0143 0.5821 
   HI_SS0282  4 0.0084 0.2863 0.0192 0.0581 0.0677 0.0016 0.4798 0.0172 0.0151 0.0468 
   HI_SS0286  4 0.0087 0.0301 0.0278 0.0509 0.1496 0.0087 0.0155 0.0174 0.0331 0.6582 
   NS_SS1252  5 0.0109 0.0257 0.0071 0.0321 0.2645 0.0050 0.0796 0.3871 0.1630 0.0250 
   NS_SS1261  5 0.0232 0.0248 0.0244 0.0172 0.3623 0.0169 0.0846 0.3436 0.0100 0.0930 
   NS_SS1225  5 0.0050 0.0101 0.8523 0.0102 0.0097 0.0644 0.0172 0.0072 0.0113 0.0128 
   NS_SS1266  5 0.0139 0.0036 0.6783 0.0074 0.0427 0.0085 0.1400 0.0481 0.0238 0.0337 
   NS_SS1228  5 0.0344 0.0098 0.0159 0.0203 0.0084 0.0213 0.8222 0.0115 0.0358 0.0204 
   NS_SS1255  5 0.0100 0.6790 0.0437 0.0264 0.1318 0.0024 0.0765 0.0122 0.0076 0.0104 
   NS_SS1267  5 0.0271 0.0330 0.0063 0.2413 0.4313 0.0122 0.0078 0.0559 0.1694 0.0158 
   NS_SS1238  5 0.0092 0.6044 0.0118 0.0087 0.0320 0.0030 0.0201 0.2874 0.0086 0.0148 
   NS_SS1233  5 0.0309 0.0592 0.7232 0.0083 0.0103 0.0021 0.0521 0.0904 0.0028 0.0206 
   NS_SS1277  5 0.1409 0.2625 0.0123 0.4461 0.0111 0.0010 0.0309 0.0065 0.0810 0.0076 
   NS_SS1245  5 0.0071 0.0182 0.0217 0.7523 0.1318 0.0015 0.0146 0.0290 0.0110 0.0128 
   NS_SS1240  5 0.0089 0.0649 0.0069 0.2276 0.4783 0.0023 0.0119 0.0217 0.0168 0.1608 
   NS_SS1275  5 0.0220 0.0044 0.2842 0.0112 0.0308 0.0028 0.0070 0.5272 0.0311 0.0794 
   NS_SS1235  5 0.0074 0.0481 0.8313 0.0533 0.0064 0.0059 0.0066 0.0151 0.0153 0.0106 
   NS_SS1263  5 0.1592 0.0137 0.7277 0.0143 0.0055 0.0012 0.0414 0.0225 0.0047 0.0098 
   NS_SS1251  5 0.0265 0.0102 0.0584 0.4802 0.2140 0.0015 0.0142 0.1566 0.0107 0.0277 
   NS_SS1248  5 0.3128 0.0273 0.0050 0.0063 0.4371 0.0983 0.0482 0.0309 0.0181 0.0160 
   NS_SS1244  5 0.0052 0.0614 0.0214 0.0190 0.0045 0.0049 0.0219 0.7960 0.0481 0.0174 
   NS_SS1257  5 0.0173 0.0623 0.0058 0.0361 0.2254 0.0252 0.0297 0.0759 0.5124 0.0101 
   NS_SS1242  5 0.0361 0.0111 0.5396 0.0149 0.2674 0.0025 0.0101 0.0176 0.0291 0.0716 
   NS_SS1271  5 0.0257 0.1724 0.0060 0.6847 0.0066 0.0352 0.0118 0.0070 0.0406 0.0100 
   NS_SS1265  5 0.0442 0.1545 0.0356 0.0126 0.6170 0.0223 0.0152 0.0670 0.0212 0.0104 
   NS_SS1243  5 0.0333 0.0899 0.0397 0.0092 0.1091 0.0924 0.2188 0.0185 0.0842 0.3048 
   NS_SS1273  5 0.8759 0.0054 0.0137 0.0034 0.0084 0.0062 0.0037 0.0555 0.0210 0.0068 
   NS_SS1254  5 0.1610 0.0158 0.1148 0.0349 0.1311 0.0073 0.3994 0.0337 0.0149 0.0869 
   NS_SS1224  5 0.0243 0.0062 0.0366 0.0409 0.8204 0.0068 0.0286 0.0047 0.0164 0.0150 
   NS_SS1227  5 0.0327 0.0114 0.0051 0.8487 0.0042 0.0022 0.0162 0.0104 0.0253 0.0438 
   NS_SS1274  5 0.0082 0.0388 0.0597 0.0895 0.1050 0.0221 0.5757 0.0823 0.0076 0.0111 
   NS_SS1241  5 0.0065 0.5446 0.0604 0.1524 0.0208 0.0014 0.0756 0.0423 0.0343 0.0617 
   NS_SS1256  5 0.0142 0.0117 0.6552 0.0543 0.1566 0.0389 0.0069 0.0279 0.0221 0.0122 
   NS_SS1260  5 0.0053 0.0129 0.0133 0.0241 0.0160 0.0654 0.0100 0.0429 0.4225 0.3875 
   NS_SS1262  5 0.0124 0.0094 0.0180 0.1164 0.1178 0.1426 0.0056 0.4502 0.0069 0.1207 
   NS_SS1230  5 0.0320 0.5506 0.0478 0.0052 0.0674 0.0113 0.0181 0.1559 0.0308 0.0809 
   NS_SS1270  5 0.0066 0.0061 0.0195 0.0110 0.9121 0.0023 0.0143 0.0132 0.0077 0.0074 
   NS_SS1229  5 0.0067 0.0130 0.0129 0.0338 0.0066 0.0033 0.0163 0.1295 0.0089 0.7690 
   NS_SS1246  5 0.0098 0.0261 0.0085 0.8238 0.0104 0.0037 0.0750 0.0100 0.0132 0.0195 
   NS_SS1269  5 0.0242 0.0346 0.0376 0.0082 0.6063 0.0023 0.0125 0.0571 0.1090 0.1083 
   NS_SS1239  5 0.0150 0.0130 0.0208 0.0689 0.0085 0.0045 0.7947 0.0204 0.0458 0.0084 
   NS_SS1272  5 0.0150 0.0065 0.3578 0.0598 0.0400 0.0060 0.0065 0.3783 0.0215 0.1085 
   NS_SS1268  5 0.0287 0.0169 0.0266 0.0049 0.0063 0.0023 0.8547 0.0067 0.0462 0.0067 
   NS_SS1249  5 0.0174 0.7285 0.0364 0.0474 0.0067 0.0144 0.0066 0.0142 0.0929 0.0354 
   HI_SS0559  6 0.1354 0.0288 0.0285 0.0925 0.0094 0.0027 0.0362 0.0217 0.0288 0.6160 
   HI_SS0563  6 0.1390 0.0681 0.0504 0.4184 0.1928 0.0037 0.0818 0.0132 0.0164 0.0162 
   HI_SS0564  6 0.0121 0.0060 0.0193 0.0125 0.0155 0.0478 0.4637 0.3768 0.0183 0.0279 
   HI_SS0565  6 0.0596 0.0298 0.0262 0.1153 0.0089 0.0037 0.0122 0.0519 0.0249 0.6674 
   HI_SS0569  6 0.0098 0.0120 0.0042 0.9139 0.0182 0.0020 0.0079 0.0057 0.0050 0.0213 
   HI_SS0570  6 0.0393 0.8202 0.0145 0.0191 0.0112 0.0581 0.0093 0.0085 0.0060 0.0138 
   HI_SS0572  6 0.0083 0.0088 0.4913 0.2282 0.0187 0.0024 0.0100 0.0053 0.1977 0.0295 
   HI_SS0576  6 0.0526 0.0351 0.0077 0.0046 0.0264 0.0054 0.0270 0.7619 0.0067 0.0726 
   HI_SS0579  6 0.0034 0.0181 0.0291 0.8597 0.0407 0.0130 0.0095 0.0053 0.0068 0.0144 
   HI_SS0580  6 0.0998 0.0461 0.0248 0.0126 0.1011 0.0062 0.0294 0.0132 0.5855 0.0812 
   HI_SS0581  6 0.0500 0.0075 0.0588 0.0136 0.0364 0.0616 0.0419 0.1769 0.5206 0.0327 
   HI_SS0583  6 0.0943 0.0063 0.0393 0.6486 0.0538 0.0032 0.0065 0.0549 0.0213 0.0719 
   HI_SS0586  6 0.0305 0.1244 0.0048 0.1894 0.5748 0.0007 0.0144 0.0071 0.0058 0.0480 
   HI_SS0588  6 0.0082 0.1109 0.0253 0.2518 0.3314 0.0180 0.0050 0.0161 0.0426 0.1908 
   HI_SS0595  6 0.0344 0.0634 0.0252 0.2953 0.0734 0.0249 0.0196 0.1571 0.2933 0.0134 
   HI_SS0596  6 0.2515 0.0279 0.3227 0.0308 0.0101 0.0035 0.2460 0.0094 0.0422 0.0559 
   HI_SS0597  6 0.0563 0.0144 0.0404 0.0121 0.2569 0.0029 0.0142 0.1994 0.0128 0.3907 
   HI_SS0600  6 0.0148 0.0066 0.0070 0.0356 0.0095 0.0024 0.0137 0.0092 0.8895 0.0116 
   HI_SS0601  6 0.0116 0.0058 0.0237 0.7921 0.0082 0.0143 0.0532 0.0491 0.0117 0.0302 
   HI_SS0602  6 0.0148 0.0109 0.0081 0.0439 0.4507 0.0026 0.0082 0.0362 0.0357 0.3890 
   HI_SS0604  6 0.0146 0.0167 0.0493 0.4199 0.3810 0.0016 0.0403 0.0276 0.0122 0.0368 
   HI_SS0605  6 0.0081 0.0078 0.0040 0.0075 0.0136 0.0074 0.0164 0.0040 0.9093 0.0219 
   HI_SS0608  6 0.0815 0.0191 0.0141 0.0982 0.0042 0.0012 0.7499 0.0107 0.0055 0.0157 
   HI_SS0609  6 0.0363 0.0542 0.4988 0.0390 0.0515 0.0010 0.0282 0.0984 0.1747 0.0180 
   HI_SS0611  6 0.0213 0.0204 0.0061 0.0424 0.0403 0.0028 0.7947 0.0196 0.0339 0.0186 
   HI_SS0612  6 0.0125 0.0351 0.1375 0.1304 0.0506 0.0092 0.0289 0.0272 0.4674 0.1012 
   HI_SS0613  6 0.0667 0.0086 0.2764 0.0114 0.3069 0.0017 0.0796 0.0332 0.1953 0.0202 
   HI_SS0615  6 0.0343 0.0060 0.0151 0.0094 0.0063 0.0114 0.2709 0.6260 0.0121 0.0085 
   HI_SS0001  6 0.0131 0.0691 0.1252 0.0164 0.0214 0.0043 0.0060 0.0150 0.7226 0.0067 
   HI_SS0002  6 0.0320 0.0075 0.5259 0.0358 0.0404 0.0275 0.0131 0.0900 0.1819 0.0460 
   HI_SS0004  6 0.0257 0.4671 0.0821 0.0218 0.2573 0.0082 0.0211 0.0173 0.0527 0.0467 
   HI_SS0005  6 0.0434 0.0854 0.0109 0.0071 0.0322 0.0076 0.0359 0.6896 0.0612 0.0267 
   HI_SS0006  6 0.0101 0.0361 0.1368 0.1523 0.5466 0.0017 0.0169 0.0246 0.0691 0.0059 
   HI_SS0007  6 0.2477 0.4126 0.0128 0.1767 0.0510 0.0032 0.0414 0.0047 0.0432 0.0066 
   HI_SS0008  6 0.0940 0.0154 0.0109 0.4216 0.0195 0.0505 0.0258 0.0284 0.0585 0.2755 
   HI_SS0009  6 0.0498 0.1104 0.1498 0.0245 0.0365 0.0069 0.5012 0.0066 0.0363 0.0781 
   HI_SS0010  6 0.6469 0.0970 0.0090 0.0488 0.0133 0.0027 0.1076 0.0187 0.0077 0.0484 
   HI_SS0011  6 0.0970 0.0202 0.0702 0.0115 0.0431 0.0710 0.0057 0.6574 0.0102 0.0137 
   HI_SS0012  6 0.0122 0.0054 0.0122 0.1636 0.0315 0.0094 0.3053 0.0416 0.0272 0.3916 
   HI_SS0017  6 0.6954 0.1228 0.0903 0.0243 0.0087 0.0025 0.0113 0.0120 0.0116 0.0211 
   HI_SS0021  6 0.1806 0.0314 0.0551 0.2428 0.2108 0.2285 0.0131 0.0074 0.0254 0.0048 
   HI_SS0024  6 0.5835 0.0559 0.0659 0.0446 0.0092 0.0030 0.0127 0.1265 0.0746 0.0241 
   HI_SS0025  6 0.1134 0.0172 0.6698 0.0081 0.0746 0.0038 0.0324 0.0127 0.0416 0.0262 
   HI_SS0027  6 0.0066 0.4154 0.0061 0.0975 0.0119 0.0144 0.4117 0.0146 0.0039 0.0179 
   HI_SS0028  6 0.7607 0.0084 0.0298 0.0146 0.0149 0.0017 0.0057 0.1234 0.0077 0.0331 
   HI_SS0029  6 0.8177 0.0166 0.0065 0.0078 0.0407 0.0068 0.0081 0.0696 0.0148 0.0114 
   HI_SS0030  6 0.0131 0.0132 0.0418 0.7444 0.0288 0.0048 0.0984 0.0172 0.0220 0.0165 
   HI_SS0031  6 0.1116 0.0056 0.0050 0.0452 0.0158 0.0043 0.0055 0.0246 0.0167 0.7657 
   HI_SS0034  6 0.0077 0.0186 0.0117 0.3181 0.0824 0.0058 0.0076 0.0079 0.0190 0.5212 
   HI_SS0036  6 0.0137 0.0622 0.0063 0.0102 0.0059 0.0094 0.0070 0.0803 0.7811 0.0239 
   HI_SS0037  6 0.0071 0.5269 0.1508 0.0201 0.0358 0.0042 0.0385 0.0420 0.1495 0.0252 
   HI_SS0039  6 0.7390 0.0908 0.0049 0.0252 0.0480 0.0033 0.0054 0.0098 0.0157 0.0579 
   HI_SS0041  6 0.1216 0.0068 0.1169 0.0113 0.0209 0.0031 0.5335 0.1317 0.0450 0.0093 
   HI_SS0042  6 0.0379 0.0070 0.0431 0.0143 0.6135 0.1174 0.0283 0.0664 0.0297 0.0424 
   HI_SS0043  6 0.0400 0.2546 0.0109 0.0530 0.0115 0.0033 0.1397 0.3477 0.1329 0.0065 
   HI_SS0044  6 0.6932 0.1896 0.0091 0.0131 0.0104 0.0024 0.0065 0.0053 0.0440 0.0263 
   HI_SS0047  6 0.0132 0.0079 0.0259 0.0319 0.7858 0.0024 0.0205 0.0298 0.0071 0.0753 
   HI_SS0049  6 0.0217 0.0269 0.8442 0.0270 0.0053 0.0038 0.0378 0.0128 0.0116 0.0090 
   HI_SS0051  6 0.0054 0.0077 0.0091 0.0055 0.9123 0.0019 0.0255 0.0084 0.0102 0.0141 
   HI_SS0053  6 0.0337 0.0229 0.0062 0.7602 0.0073 0.0053 0.0215 0.0349 0.0801 0.0277 
   HI_SS0054  6 0.0059 0.4309 0.0333 0.3940 0.0445 0.0046 0.0178 0.0261 0.0057 0.0372 
   HI_SS0057  6 0.0320 0.0496 0.0635 0.0072 0.2172 0.0033 0.4635 0.1065 0.0194 0.0378 
   HI_SS0058  6 0.0092 0.1265 0.4461 0.0098 0.3014 0.0053 0.0245 0.0076 0.0609 0.0087 
   HI_SS0060  6 0.0189 0.1371 0.0114 0.0719 0.0107 0.1015 0.0769 0.4613 0.0279 0.0824 
   HI_SS0087  6 0.0123 0.0196 0.0359 0.7661 0.0315 0.0026 0.0309 0.0445 0.0259 0.0308 
   HI_SS0091  6 0.0049 0.0184 0.0383 0.1034 0.0789 0.0013 0.0801 0.1232 0.4486 0.1030 
   HI_SS0095  6 0.0143 0.0061 0.0464 0.0297 0.0111 0.0455 0.0169 0.2736 0.0418 0.5146 
   HI_SS0097  6 0.0118 0.0109 0.0109 0.0369 0.0099 0.0041 0.3213 0.5801 0.0051 0.0090 
   HI_SS0099  6 0.7749 0.0059 0.0160 0.0159 0.0090 0.0048 0.0124 0.0107 0.0914 0.0589 
   HI_SS0103  6 0.0441 0.0133 0.1982 0.0468 0.1475 0.0036 0.0251 0.0396 0.3831 0.0988 
   HI_SS0105  6 0.0036 0.0112 0.0171 0.0055 0.0373 0.0195 0.0221 0.0128 0.0081 0.8628 
   HI_SS0107  6 0.0145 0.0110 0.8743 0.0305 0.0180 0.0012 0.0089 0.0104 0.0108 0.0203 
   HI_SS0108  6 0.0055 0.8745 0.0054 0.0077 0.0166 0.0334 0.0172 0.0135 0.0099 0.0163 
   HI_SS0110  6 0.0386 0.0183 0.0095 0.0272 0.0126 0.0011 0.0187 0.2582 0.3650 0.2508 
   HI_SS0111  6 0.4545 0.0069 0.0280 0.0348 0.0185 0.0368 0.0273 0.0485 0.3251 0.0196 
   HI_SS0112  6 0.0049 0.9322 0.0068 0.0136 0.0046 0.0015 0.0224 0.0046 0.0045 0.0050 
   HI_SS0113  6 0.0175 0.0049 0.0581 0.0105 0.8598 0.0028 0.0124 0.0216 0.0050 0.0074 
   HI_SS0114  6 0.0159 0.0379 0.0112 0.0895 0.1106 0.0049 0.0141 0.2755 0.1595 0.2808 
   HI_SS0115  6 0.0396 0.0434 0.2024 0.3086 0.0193 0.0233 0.0501 0.0234 0.0556 0.2344 
   HI_SS0116  6 0.0382 0.2496 0.0080 0.3369 0.0884 0.0040 0.1819 0.0090 0.0290 0.0551 
   HI_SS0117  6 0.0071 0.2941 0.0400 0.2218 0.0148 0.0028 0.0032 0.1108 0.0602 0.2452 
   HI_SS0118  6 0.0248 0.0516 0.0343 0.0465 0.6389 0.0134 0.0058 0.0605 0.1111 0.0131 
   HI_SS0119  6 0.0058 0.1686 0.0229 0.0084 0.0136 0.0026 0.6296 0.0416 0.0661 0.0408 
   HI_SS0120  6 0.0120 0.0095 0.6316 0.0107 0.0194 0.0036 0.0046 0.2814 0.0107 0.0165 
   HI_SS0121  6 0.7846 0.0051 0.0236 0.0070 0.0563 0.0017 0.0122 0.0833 0.0209 0.0052 
   HI_SS0122  6 0.0174 0.0403 0.0977 0.0048 0.0117 0.0211 0.0562 0.1345 0.6087 0.0077 
   HI_SS0123  6 0.0110 0.0083 0.1544 0.2153 0.0154 0.0066 0.0700 0.2905 0.0469 0.1816 
   HI_SS0124  6 0.1674 0.0129 0.3085 0.0117 0.0157 0.0033 0.3632 0.0112 0.0932 0.0131 
   HI_SS0125  6 0.0740 0.0038 0.0066 0.0126 0.0134 0.0383 0.0161 0.0466 0.7701 0.0185 
   HI_SS0126  6 0.1208 0.8161 0.0052 0.0063 0.0084 0.0012 0.0084 0.0077 0.0139 0.0120 
   HI_SS0127  6 0.4238 0.0112 0.2279 0.1881 0.0126 0.0139 0.0787 0.0108 0.0161 0.0169 
   HI_SS0128  6 0.0987 0.0243 0.0315 0.5906 0.0395 0.0039 0.0105 0.0665 0.0412 0.0932 
   HI_SS0129  6 0.0347 0.0690 0.0418 0.1364 0.0977 0.0133 0.0163 0.0448 0.4962 0.0498 
   HI_SS0131  6 0.0076 0.7199 0.0155 0.0094 0.0119 0.0464 0.0076 0.1367 0.0319 0.0131 
   HI_SS0132  6 0.1283 0.0578 0.0101 0.1544 0.0395 0.0005 0.0775 0.1281 0.3460 0.0578 
   HI_SS0133  6 0.0028 0.9647 0.0034 0.0083 0.0041 0.0016 0.0047 0.0038 0.0035 0.0031 
   HI_SS0134  6 0.0138 0.1860 0.0286 0.0149 0.0208 0.0023 0.0092 0.0409 0.0663 0.6173 
   HI_SS0142  6 0.1015 0.0057 0.0245 0.0159 0.0296 0.0158 0.0076 0.0392 0.0113 0.7489 
   HI_SS0145  6 0.0160 0.0560 0.0640 0.2133 0.3266 0.0017 0.0556 0.0990 0.0199 0.1478 
   HI_SS0146  6 0.0584 0.4618 0.0078 0.3811 0.0069 0.0016 0.0180 0.0225 0.0310 0.0109 
   HI_SS0147  6 0.0090 0.0100 0.0260 0.0027 0.8484 0.0195 0.0156 0.0051 0.0152 0.0485 
   HI_SS0149  6 0.0772 0.0275 0.0140 0.0150 0.0067 0.0057 0.0088 0.6218 0.2017 0.0216 
   HI_SS0150  6 0.3056 0.0082 0.0376 0.0468 0.0131 0.0075 0.0107 0.3269 0.0702 0.1735 
   HI_SS0151  6 0.0044 0.0186 0.0321 0.4087 0.0478 0.0089 0.4162 0.0113 0.0389 0.0131 
   NS_SS1451  6 0.1070 0.0205 0.2760 0.0182 0.0171 0.0024 0.3774 0.0139 0.1134 0.0541 
   NS_SS1404  6 0.6968 0.0345 0.0427 0.0135 0.0362 0.0137 0.0118 0.0170 0.1205 0.0135 
   NS_SS1432  6 0.5434 0.0063 0.0123 0.0167 0.0181 0.0472 0.0177 0.2038 0.1197 0.0147 
   NS_SS1405  6 0.1837 0.4494 0.0343 0.0125 0.2499 0.0033 0.0141 0.0178 0.0218 0.0133 
   NS_SS1431  6 0.6952 0.0255 0.0332 0.0670 0.0230 0.0008 0.0151 0.1048 0.0168 0.0187 
   NS_SS1402  6 0.0151 0.0147 0.4899 0.0203 0.0366 0.0026 0.0894 0.1545 0.1030 0.0739 
   NS_SS1450  6 0.0252 0.1662 0.0333 0.0319 0.0564 0.0049 0.0340 0.0998 0.1157 0.4326 
   NS_SS1396  6 0.0613 0.0182 0.0092 0.0105 0.0226 0.0070 0.2325 0.5349 0.0857 0.0181 
   NS_SS1393  6 0.0287 0.0068 0.0095 0.0140 0.0966 0.0047 0.1273 0.0269 0.0712 0.6144 
   NS_SS1392  6 0.0195 0.0696 0.1236 0.0293 0.0139 0.0242 0.1238 0.0189 0.1589 0.4183 
   NS_SS1445  6 0.0098 0.0155 0.0098 0.2539 0.0485 0.0104 0.0090 0.2542 0.3494 0.0394 
   NS_SS1423  6 0.0180 0.5892 0.0116 0.0949 0.0103 0.0013 0.0063 0.1822 0.0187 0.0674 
   NS_SS1421  6 0.0073 0.0597 0.0236 0.0104 0.0049 0.0718 0.1705 0.6360 0.0071 0.0090 
   NS_SS1411  6 0.0310 0.7306 0.0048 0.0209 0.0284 0.0011 0.0633 0.0054 0.0073 0.1073 
   NS_SS1453  6 0.0172 0.0227 0.0131 0.0146 0.7558 0.0069 0.0196 0.1000 0.0333 0.0167 
   NS_SS1442  6 0.1956 0.3492 0.1174 0.1361 0.0445 0.0048 0.0137 0.0354 0.0412 0.0620 
   NS_SS1422  6 0.0143 0.0109 0.0808 0.4241 0.0255 0.0111 0.3566 0.0248 0.0326 0.0193 
   NS_SS1419  6 0.0423 0.0092 0.1125 0.0057 0.0105 0.1581 0.6326 0.0085 0.0048 0.0157 
   NS_SS1427  6 0.0326 0.2125 0.0072 0.4313 0.0061 0.0019 0.0075 0.0491 0.1962 0.0554 
   NS_SS1444  6 0.8258 0.0071 0.0230 0.0453 0.0330 0.0037 0.0152 0.0111 0.0187 0.0172 
   NS_SS1455  6 0.1235 0.0404 0.5015 0.0425 0.0425 0.0014 0.0208 0.2097 0.0047 0.0130 
   NS_SS1425  6 0.0043 0.7101 0.0035 0.0101 0.0068 0.0015 0.2340 0.0170 0.0050 0.0075 
   NS_SS1400  6 0.0119 0.8906 0.0101 0.0146 0.0371 0.0015 0.0076 0.0066 0.0064 0.0134 
   NS_SS1406  6 0.0294 0.0030 0.2410 0.0151 0.0174 0.0078 0.0248 0.6258 0.0104 0.0251 
   NS_SS1417  6 0.0174 0.0201 0.9015 0.0052 0.0135 0.0053 0.0088 0.0096 0.0137 0.0049 
   NS_SS1454  6 0.0224 0.3907 0.0517 0.0117 0.1433 0.0018 0.0431 0.0411 0.0369 0.2573 
   NS_SS1412  6 0.3820 0.1547 0.0222 0.0084 0.0565 0.0207 0.0114 0.0105 0.1250 0.2087 
   NS_SS1438  6 0.0078 0.0459 0.0223 0.5223 0.2543 0.0016 0.0574 0.0130 0.0183 0.0571 
   NS_SS1416  6 0.1025 0.0077 0.0130 0.0091 0.4398 0.0081 0.2854 0.0494 0.0160 0.0690 
   NS_SS1401  6 0.0097 0.0843 0.0121 0.0071 0.0065 0.0133 0.0160 0.6483 0.1776 0.0251 
   NS_SS1424  6 0.0629 0.2701 0.0155 0.0172 0.2068 0.0162 0.0866 0.0603 0.0206 0.2437 
   NS_SS1435  6 0.1764 0.3457 0.0227 0.2892 0.0361 0.0032 0.0174 0.0303 0.0199 0.0592 
   NS_SS1447  6 0.0306 0.0181 0.5945 0.0372 0.1994 0.0086 0.0098 0.0601 0.0270 0.0146 
   NS_SS1414  6 0.0353 0.0100 0.8588 0.0045 0.0481 0.0079 0.0056 0.0081 0.0064 0.0154 
   NS_SS1449  6 0.0041 0.0069 0.0094 0.0075 0.0053 0.0040 0.9284 0.0174 0.0104 0.0065 
   NS_SS1443  6 0.0093 0.0841 0.0083 0.7506 0.0078 0.0018 0.0808 0.0146 0.0091 0.0337 
   NS_SS1434  6 0.0183 0.4365 0.0252 0.0590 0.0505 0.0007 0.0257 0.0523 0.2929 0.0389 
   NS_SS1398  6 0.0960 0.0711 0.2233 0.0121 0.0314 0.0221 0.0760 0.2218 0.2003 0.0459 
   NS_SS1426  6 0.0141 0.0291 0.0062 0.7927 0.0257 0.0029 0.0103 0.0451 0.0449 0.0289 
   NS_SS1413  6 0.0061 0.9432 0.0109 0.0051 0.0043 0.0108 0.0045 0.0063 0.0039 0.0049 
   NS_SS1395  6 0.0057 0.0123 0.0108 0.7804 0.0166 0.0090 0.0341 0.0359 0.0292 0.0661 
   NS_SS1448  6 0.4853 0.1826 0.0883 0.0908 0.0160 0.0024 0.0092 0.0593 0.0567 0.0095 
   NS_SS1446  6 0.0075 0.0104 0.0142 0.0174 0.0370 0.0022 0.0045 0.0176 0.8747 0.0144 
   NS_SS1403  6 0.0518 0.0048 0.0065 0.0195 0.0197 0.0057 0.0254 0.3751 0.0490 0.4425 
   NS_SS1415  6 0.0726 0.7768 0.0058 0.0293 0.0185 0.0154 0.0292 0.0177 0.0171 0.0177 
   NS_SS1437  6 0.8423 0.0076 0.0213 0.0412 0.0086 0.0090 0.0059 0.0349 0.0056 0.0236 
   NS_SS1439  6 0.0071 0.0056 0.0677 0.0388 0.2639 0.0032 0.0045 0.0095 0.0493 0.5502 
   NS_SS1441  6 0.0089 0.0292 0.0081 0.0176 0.0135 0.0022 0.0124 0.0105 0.0104 0.8872 
   NS_SS1420  6 0.0584 0.0060 0.0219 0.0066 0.0159 0.0024 0.8329 0.0246 0.0214 0.0098 
   NS_SS1394  6 0.8025 0.0059 0.0094 0.0244 0.0093 0.0368 0.0748 0.0076 0.0196 0.0098 
   NS_SS1391  6 0.0119 0.1202 0.0692 0.0222 0.0317 0.0085 0.0024 0.0149 0.0106 0.7085 
   NS_SS1410  6 0.0418 0.0441 0.0158 0.2949 0.2122 0.0152 0.0326 0.2072 0.0843 0.0518 
   NS_SS1408  6 0.0404 0.0084 0.0033 0.1387 0.1815 0.0438 0.0120 0.4453 0.0729 0.0537 
   NS_SS1409  6 0.0120 0.0122 0.0147 0.0106 0.0209 0.0026 0.0136 0.0146 0.1948 0.7039 
   HI_SS0617  7 0.0205 0.0042 0.0137 0.0168 0.1563 0.0013 0.0183 0.0217 0.6285 0.1187 
   HI_SS0618  7 0.2748 0.0101 0.0405 0.0467 0.0181 0.0026 0.5524 0.0156 0.0225 0.0166 
   HI_SS0619  7 0.1408 0.1540 0.0348 0.0142 0.0524 0.0038 0.0267 0.0132 0.5310 0.0291 
   HI_SS0620  7 0.0332 0.5616 0.0169 0.0273 0.0081 0.0031 0.0366 0.0077 0.2854 0.0203 
   HI_SS0621  7 0.0887 0.0085 0.2422 0.0287 0.1073 0.0174 0.0229 0.2493 0.1943 0.0405 
   HI_SS0622  7 0.3828 0.0810 0.0840 0.0833 0.0265 0.0164 0.0218 0.2104 0.0699 0.0240 
   HI_SS0626  7 0.6727 0.0426 0.0434 0.0062 0.0059 0.0094 0.0142 0.0805 0.1126 0.0126 
   HI_SS0627  7 0.0118 0.0173 0.0190 0.0108 0.5770 0.0092 0.0506 0.2563 0.0132 0.0349 
   HI_SS0628  7 0.0515 0.1704 0.0229 0.0280 0.0255 0.0607 0.0084 0.4613 0.1504 0.0209 
   HI_SS0629  7 0.0342 0.0179 0.0674 0.0289 0.0446 0.0099 0.0966 0.2127 0.4741 0.0137 
   HI_SS0630  7 0.0319 0.3558 0.0162 0.0572 0.0722 0.0724 0.0242 0.0342 0.0305 0.3053 
   HI_SS0631  7 0.0529 0.2290 0.0054 0.4542 0.0206 0.0009 0.1000 0.0801 0.0266 0.0302 
   HI_SS0632  7 0.0361 0.1171 0.0120 0.0310 0.1220 0.0035 0.4644 0.1859 0.0169 0.0112 
   HI_SS0633  7 0.7522 0.0226 0.0668 0.0101 0.0248 0.0034 0.0110 0.0503 0.0231 0.0357 
   HI_SS0634  7 0.0077 0.0134 0.0062 0.0049 0.0145 0.0028 0.0132 0.0175 0.9141 0.0057 
   HI_SS0635  7 0.7142 0.0153 0.0211 0.0227 0.0377 0.0117 0.0098 0.0580 0.0557 0.0536 
   HI_SS0637  7 0.0048 0.0045 0.0221 0.0549 0.3124 0.0024 0.0148 0.1220 0.4505 0.0116 
   HI_SS0638  7 0.0515 0.6896 0.0705 0.0102 0.0095 0.0020 0.0663 0.0282 0.0594 0.0128 
   HI_SS0639  7 0.3563 0.0024 0.0140 0.1472 0.0980 0.0475 0.1991 0.0365 0.0568 0.0423 
   HI_SS0640  7 0.0288 0.0094 0.0062 0.8999 0.0130 0.0017 0.0166 0.0073 0.0093 0.0078 
   HI_SS0641  7 0.0894 0.1246 0.0441 0.0154 0.1044 0.0071 0.0683 0.0123 0.4954 0.0390 
   HI_SS0642  7 0.0175 0.0050 0.0517 0.5752 0.0097 0.0027 0.0426 0.0657 0.0283 0.2016 
   HI_SS0645  7 0.0128 0.0059 0.0060 0.0041 0.0038 0.0010 0.9558 0.0041 0.0035 0.0029 
   HI_SS0646  7 0.0056 0.0203 0.0596 0.1011 0.1020 0.0030 0.0054 0.0374 0.0165 0.6490 
   HI_SS0647  7 0.0140 0.0675 0.8244 0.0140 0.0130 0.0015 0.0251 0.0201 0.0102 0.0101 
   HI_SS0648  7 0.2528 0.0251 0.0163 0.2371 0.0351 0.0027 0.2008 0.0406 0.0281 0.1613 
   HI_SS0649  7 0.0338 0.0042 0.0340 0.0186 0.1041 0.0017 0.0451 0.2423 0.4674 0.0487 
   HI_SS0650  7 0.0086 0.0063 0.0251 0.0238 0.7882 0.0038 0.0562 0.0107 0.0485 0.0288 
   HI_SS0651  7 0.0202 0.0062 0.1018 0.5829 0.0151 0.0046 0.0308 0.0098 0.0281 0.2004 
   HI_SS0652  7 0.0303 0.0163 0.0297 0.0086 0.1271 0.0032 0.1072 0.0463 0.0614 0.5699 
   NS_SS1371  7 0.0243 0.0065 0.0193 0.0192 0.0084 0.0047 0.0114 0.0211 0.7633 0.1220 
   NS_SS1374  7 0.0501 0.4985 0.0072 0.0328 0.0739 0.0031 0.0162 0.0619 0.1877 0.0685 
   NS_SS1337  7 0.0090 0.0191 0.5527 0.0140 0.1136 0.0043 0.0297 0.0921 0.0885 0.0770 
