

----------------------------------------------------
STRUCTURE by Pritchard, Stephens and Donnelly (2000)
     and Falush, Stephens and Pritchard (2003)
       Code by Pritchard, Falush and Hubisz
             Version 2.3.4 (Jul 2012)
----------------------------------------------------



Command line arguments:   /home/genobiwan/Documents/Programs/Structure/structure -m parameter_job_k7_r9 
Input File:    /media/genobiwan/Storage/Projets/Mackerel_NWA_2021/data_job_k7_r9

Run parameters:
   629 individuals
   4140 loci
   7 populations assumed
   100000 Burn-in period
   200000 Reps


--------------------------------------------
Proportion of membership of each pre-defined
 population in each of the 7 clusters

Given    Inferred Clusters                                   Number of
 Pop       1      2      3      4      5      6      7      Individuals

  1:     0.012  0.121  0.195  0.146  0.191  0.187  0.147       67
  2:     0.009  0.229  0.115  0.107  0.225  0.147  0.168       32
  3:     0.014  0.235  0.177  0.130  0.133  0.151  0.159       92
  4:     0.016  0.141  0.122  0.192  0.095  0.214  0.220       36
  5:     0.020  0.111  0.226  0.224  0.118  0.159  0.141       41
  6:     0.013  0.141  0.140  0.185  0.178  0.160  0.182      158
  7:     0.010  0.158  0.143  0.191  0.174  0.163  0.163       79
  8:     0.013  0.175  0.166  0.215  0.147  0.151  0.132       52
  9:     0.971  0.005  0.005  0.004  0.005  0.004  0.005       36
 10:     0.977  0.004  0.004  0.004  0.004  0.004  0.004       36
--------------------------------------------

Allele-freq. divergence among pops (Net nucleotide distance),
computed using point estimates of P.

      1       2       3       4       5       6       7      
 1      -    0.0050  0.0050  0.0052  0.0050  0.0049  0.0050  
 2   0.0050     -    0.0003  0.0004  0.0003  0.0002  0.0002  
 3   0.0050  0.0003     -    0.0004  0.0003  0.0003  0.0003  
 4   0.0052  0.0004  0.0004     -    0.0004  0.0003  0.0004  
 5   0.0050  0.0003  0.0003  0.0004     -    0.0003  0.0003  
 6   0.0049  0.0002  0.0003  0.0003  0.0003     -    0.0002  
 7   0.0050  0.0002  0.0003  0.0004  0.0003  0.0002     -    

Average distances (expected heterozygosity) between individuals in same cluster:
cluster  1  : 0.3054 
cluster  2  : 0.3188 
cluster  3  : 0.3181 
cluster  4  : 0.3178 
cluster  5  : 0.3181 
cluster  6  : 0.3189 
cluster  7  : 0.3183 

--------------------------------------------
Estimated Ln Prob of Data   = -2476736.3
Mean value of ln likelihood = -2463722.7
Variance of ln likelihood   = 26027.2
Mean value of alpha         = 0.0420

Mean value of Fst_1         = 0.0390
Mean value of Fst_2         = 0.0034
Mean value of Fst_3         = 0.0042
Mean value of Fst_4         = 0.0046
Mean value of Fst_5         = 0.0042
Mean value of Fst_6         = 0.0035
Mean value of Fst_7         = 0.0036


Inferred ancestry of individuals:
        Label (%Miss) Pop:  Inferred clusters
  1 NS_SS0963    (4)    1 :  0.005 0.323 0.019 0.010 0.008 0.017 0.617 
  2 NS_SS0983    (1)    1 :  0.003 0.744 0.009 0.061 0.003 0.170 0.009 
  3 NS_SS0719    (9)    1 :  0.005 0.111 0.010 0.013 0.026 0.738 0.097 
  4 NS_SS1001    (8)    1 :  0.006 0.011 0.009 0.282 0.607 0.034 0.051 
  5 NS_SS0936    (4)    1 :  0.002 0.011 0.918 0.016 0.015 0.013 0.025 
  6 NS_SS0955    (6)    1 :  0.003 0.168 0.053 0.385 0.063 0.224 0.104 
  7 NS_SS0944    (3)    1 :  0.002 0.009 0.072 0.726 0.047 0.055 0.089 
  8 NS_SS0945    (3)    1 :  0.010 0.044 0.060 0.711 0.102 0.013 0.060 
  9 NS_SS0922    (2)    1 :  0.027 0.163 0.052 0.007 0.256 0.435 0.061 
 10 NS_SS0929    (7)    1 :  0.003 0.028 0.562 0.078 0.034 0.147 0.149 
 11 NS_SS0956    (1)    1 :  0.005 0.085 0.016 0.024 0.762 0.064 0.044 
 12 NS_SS0906    (3)    1 :  0.003 0.051 0.754 0.016 0.036 0.127 0.013 
 13 NS_SS0721    (6)    1 :  0.003 0.950 0.005 0.006 0.007 0.013 0.016 
 14 NS_SS0982    (4)    1 :  0.018 0.038 0.516 0.013 0.104 0.295 0.017 
 15 NS_SS0923    (6)    1 :  0.004 0.097 0.030 0.006 0.201 0.619 0.042 
 16 NS_SS0905    (6)    1 :  0.002 0.078 0.013 0.014 0.051 0.825 0.018 
 17 NS_SS0925    (3)    1 :  0.005 0.136 0.763 0.008 0.029 0.023 0.036 
 18 NS_SS0947    (6)    1 :  0.003 0.086 0.656 0.015 0.068 0.025 0.147 
 19 NS_SS0926    (2)    1 :  0.001 0.007 0.008 0.669 0.023 0.219 0.073 
 20 NS_SS0918    (6)    1 :  0.003 0.081 0.393 0.087 0.079 0.054 0.304 
 21 NS_SS0966    (4)    1 :  0.053 0.009 0.661 0.033 0.025 0.125 0.095 
 22 NS_SS0938    (2)    1 :  0.001 0.008 0.041 0.010 0.206 0.008 0.726 
 23 NS_SS0917    (2)    1 :  0.046 0.044 0.007 0.032 0.670 0.169 0.033 
 24 NS_SS0957   (11)    1 :  0.006 0.017 0.303 0.011 0.110 0.043 0.510 
 25 NS_SS0987    (1)    1 :  0.241 0.065 0.010 0.007 0.577 0.070 0.031 
 26 NS_SS0717    (4)    1 :  0.003 0.017 0.041 0.017 0.881 0.032 0.008 
 27 NS_SS0986    (2)    1 :  0.005 0.359 0.025 0.186 0.090 0.108 0.227 
 28 NS_SS0953    (3)    1 :  0.013 0.016 0.922 0.016 0.015 0.009 0.009 
 29 NS_SS0907    (3)    1 :  0.038 0.044 0.762 0.039 0.031 0.063 0.023 
 30 NS_SS0974    (6)    1 :  0.005 0.068 0.102 0.246 0.188 0.058 0.334 
 31 NS_SS0989    (1)    1 :  0.001 0.083 0.044 0.081 0.014 0.609 0.168 
 32 NS_SS0991    (3)    1 :  0.002 0.117 0.021 0.372 0.007 0.471 0.011 
 33 NS_SS0994    (2)    1 :  0.002 0.016 0.014 0.647 0.040 0.248 0.033 
 34 NS_SS0931    (6)    1 :  0.009 0.016 0.016 0.904 0.008 0.023 0.024 
 35 NS_SS1000    (5)    1 :  0.004 0.099 0.605 0.027 0.145 0.078 0.042 
 36 NS_SS0919    (1)    1 :  0.003 0.115 0.021 0.010 0.005 0.821 0.025 
 37 NS_SS0949    (4)    1 :  0.001 0.047 0.007 0.900 0.008 0.019 0.018 
 38 NS_SS0960   (10)    1 :  0.006 0.094 0.017 0.177 0.038 0.623 0.045 
 39 NS_SS0716    (2)    1 :  0.006 0.006 0.006 0.008 0.966 0.004 0.004 
 40 NS_SS0924    (8)    1 :  0.015 0.074 0.121 0.069 0.056 0.631 0.034 
 41 NS_SS0935    (2)    1 :  0.007 0.012 0.013 0.041 0.008 0.912 0.006 
 42 NS_SS0952   (14)    1 :  0.042 0.032 0.074 0.308 0.026 0.502 0.017 
 43 NS_SS0962   (11)    1 :  0.007 0.050 0.213 0.013 0.214 0.013 0.490 
 44 NS_SS0973    (5)    1 :  0.003 0.897 0.014 0.011 0.007 0.057 0.011 
 45 NS_SS0722    (1)    1 :  0.002 0.016 0.091 0.009 0.855 0.009 0.018 
 46 NS_SS0979   (13)    1 :  0.003 0.010 0.031 0.008 0.839 0.033 0.076 
 47 NS_SS0993    (2)    1 :  0.019 0.240 0.546 0.027 0.042 0.018 0.109 
 48 NS_SS0958    (1)    1 :  0.003 0.010 0.049 0.811 0.071 0.040 0.015 
 49 NS_SS0988    (4)    1 :  0.004 0.045 0.714 0.043 0.044 0.056 0.094 
 50 NS_SS1003    (2)    1 :  0.009 0.013 0.008 0.007 0.005 0.008 0.951 
 51 NS_SS0976    (1)    1 :  0.002 0.024 0.141 0.088 0.018 0.087 0.640 
 52 NS_SS0964   (10)    1 :  0.003 0.014 0.006 0.009 0.918 0.043 0.006 
 53 NS_SS0939    (4)    1 :  0.003 0.009 0.003 0.008 0.957 0.005 0.015 
 54 NS_SS0990    (6)    1 :  0.003 0.030 0.029 0.024 0.140 0.021 0.753 
 55 NS_SS0984    (2)    1 :  0.002 0.009 0.028 0.005 0.832 0.025 0.099 
 56 NS_SS0980   (10)    1 :  0.002 0.435 0.389 0.008 0.009 0.134 0.024 
 57 NS_SS0978    (4)    1 :  0.003 0.025 0.058 0.014 0.029 0.684 0.188 
 58 NS_SS0951   (18)    1 :  0.003 0.094 0.104 0.594 0.081 0.052 0.072 
 59 NS_SS0913    (3)    1 :  0.045 0.025 0.021 0.011 0.751 0.078 0.070 
 60 NS_SS1002    (1)    1 :  0.035 0.011 0.865 0.006 0.006 0.008 0.069 
 61 NS_SS0948    (1)    1 :  0.036 0.011 0.742 0.081 0.038 0.053 0.038 
 62 NS_SS0916    (4)    1 :  0.004 0.040 0.014 0.018 0.010 0.156 0.759 
 63 NS_SS0995    (1)    1 :  0.003 0.661 0.033 0.008 0.082 0.056 0.157 
 64 NS_SS0927    (6)    1 :  0.005 0.134 0.019 0.047 0.142 0.505 0.148 
 65 NS_SS0992    (5)    1 :  0.003 0.598 0.138 0.018 0.016 0.187 0.041 
 66 NS_SS0912    (1)    1 :  0.003 0.070 0.037 0.614 0.017 0.241 0.019 
 67 NS_SS0981    (1)    1 :  0.004 0.067 0.054 0.028 0.024 0.249 0.574 
 68 NS_SS0729    (5)    2 :  0.004 0.049 0.115 0.334 0.007 0.477 0.015 
 69 NS_SS0967   (15)    2 :  0.012 0.448 0.117 0.033 0.091 0.245 0.053 
 70 NS_SS0941    (8)    2 :  0.082 0.033 0.039 0.044 0.120 0.507 0.174 
 71 NS_SS0768   (12)    2 :  0.005 0.009 0.847 0.024 0.031 0.045 0.040 
 72 NS_SS0726    (5)    2 :  0.007 0.023 0.011 0.023 0.010 0.034 0.891 
 73 NS_SS0763    (4)    2 :  0.003 0.137 0.024 0.080 0.090 0.609 0.057 
 74 NS_SS0730    (6)    2 :  0.004 0.106 0.027 0.013 0.819 0.012 0.019 
 75 NS_SS0774    (2)    2 :  0.001 0.440 0.271 0.010 0.247 0.009 0.023 
 76 NS_SS0723    (3)    2 :  0.002 0.762 0.069 0.005 0.090 0.036 0.036 
 77 NS_SS0940   (10)    2 :  0.007 0.124 0.011 0.175 0.043 0.068 0.572 
 78 NS_SS0762    (1)    2 :  0.003 0.005 0.015 0.007 0.944 0.017 0.010 
 79 NS_SS0766   (11)    2 :  0.012 0.040 0.006 0.025 0.501 0.374 0.043 
 80 NS_SS0724    (1)    2 :  0.005 0.129 0.436 0.038 0.205 0.104 0.082 
 81 NS_SS0769    (3)    2 :  0.004 0.038 0.144 0.021 0.026 0.611 0.156 
 82 NS_SS0777    (1)    2 :  0.012 0.082 0.049 0.711 0.032 0.082 0.034 
 83 NS_SS0734    (6)    2 :  0.040 0.127 0.013 0.435 0.131 0.158 0.097 
 84 NS_SS0737    (3)    2 :  0.006 0.043 0.079 0.016 0.445 0.022 0.390 
 85 NS_SS0732    (5)    2 :  0.004 0.937 0.021 0.007 0.011 0.009 0.010 
 86 NS_SS0728    (5)    2 :  0.013 0.428 0.044 0.021 0.112 0.226 0.156 
 87 NS_SS0735    (9)    2 :  0.006 0.888 0.061 0.011 0.013 0.009 0.013 
 88 NS_SS0725    (1)    2 :  0.008 0.015 0.015 0.034 0.483 0.012 0.433 
 89 NS_SS0788    (2)    2 :  0.002 0.464 0.117 0.010 0.031 0.215 0.162 
 90 NS_SS0778    (2)    2 :  0.002 0.695 0.008 0.018 0.008 0.035 0.235 
 91 NS_SS0792    (6)    2 :  0.006 0.023 0.168 0.019 0.088 0.447 0.249 
 92 NS_SS0943   (11)    2 :  0.009 0.196 0.076 0.670 0.011 0.023 0.016 
 93 NS_SS0791    (2)    2 :  0.012 0.051 0.005 0.055 0.034 0.073 0.769 
 94 NS_SS0790    (5)    2 :  0.004 0.011 0.766 0.004 0.203 0.005 0.006 
 95 NS_SS0731    (6)    2 :  0.011 0.016 0.012 0.015 0.925 0.010 0.011 
 96 NS_SS0727    (7)    2 :  0.003 0.047 0.009 0.385 0.433 0.100 0.025 
 97 NS_SS0779   (13)    2 :  0.005 0.830 0.015 0.037 0.041 0.043 0.029 
 98 NS_SS0776    (3)    2 :  0.007 0.124 0.067 0.126 0.039 0.064 0.572 
 99 NS_SS0775    (5)    2 :  0.005 0.009 0.013 0.009 0.947 0.008 0.008 
100 NS_SS0965    (3)    3 :  0.002 0.379 0.066 0.062 0.073 0.373 0.046 
101 NS_SS0754   (14)    3 :  0.016 0.166 0.032 0.205 0.061 0.464 0.057 
102 NS_SS0838    (5)    3 :  0.051 0.360 0.024 0.025 0.023 0.055 0.462 
103 NS_SS0839    (3)    3 :  0.004 0.016 0.240 0.005 0.036 0.029 0.669 
104 NS_SS0832    (4)    3 :  0.057 0.370 0.366 0.007 0.115 0.026 0.059 
105 NS_SS0820    (5)    3 :  0.006 0.019 0.013 0.003 0.679 0.027 0.252 
106 NS_SS0886    (9)    3 :  0.002 0.829 0.027 0.024 0.020 0.053 0.044 
107 NS_SS0748    (5)    3 :  0.010 0.031 0.257 0.526 0.069 0.064 0.043 
108 NS_SS0884    (9)    3 :  0.024 0.202 0.423 0.026 0.047 0.133 0.146 
109 NS_SS0752    (4)    3 :  0.002 0.512 0.074 0.016 0.117 0.239 0.041 
110 NS_SS0862    (1)    3 :  0.005 0.614 0.040 0.006 0.018 0.085 0.233 
111 NS_SS0787    (9)    3 :  0.007 0.016 0.017 0.618 0.009 0.301 0.032 
112 NS_SS0843    (6)    3 :  0.002 0.803 0.032 0.017 0.056 0.077 0.014 
113 NS_SS0856    (4)    3 :  0.003 0.096 0.042 0.028 0.479 0.186 0.166 
114 NS_SS0846    (2)    3 :  0.004 0.076 0.470 0.037 0.007 0.295 0.112 
115 NS_SS0825    (1)    3 :  0.011 0.116 0.279 0.028 0.067 0.119 0.379 
116 NS_SS0757    (3)    3 :  0.003 0.847 0.022 0.028 0.012 0.061 0.027 
117 NS_SS0876    (3)    3 :  0.215 0.571 0.171 0.010 0.009 0.011 0.012 
118 NS_SS0903   (10)    3 :  0.002 0.488 0.482 0.006 0.007 0.007 0.009 
119 NS_SS0875    (7)    3 :  0.003 0.013 0.042 0.042 0.830 0.050 0.019 
120 NS_SS0740    (5)    3 :  0.002 0.691 0.030 0.020 0.022 0.223 0.011 
121 NS_SS0811    (5)    3 :  0.009 0.229 0.077 0.016 0.633 0.015 0.021 
122 NS_SS0751    (1)    3 :  0.003 0.053 0.029 0.063 0.061 0.244 0.547 
123 NS_SS0891    (6)    3 :  0.007 0.019 0.234 0.012 0.683 0.014 0.031 
124 NS_SS0867    (2)    3 :  0.024 0.029 0.404 0.161 0.010 0.340 0.032 
125 NS_SS0890    (6)    3 :  0.004 0.480 0.029 0.029 0.115 0.329 0.014 
126 NS_SS0866   (12)    3 :  0.006 0.021 0.016 0.564 0.165 0.059 0.170 
127 NS_SS0755    (4)    3 :  0.007 0.023 0.035 0.056 0.626 0.067 0.186 
128 NS_SS0758    (4)    3 :  0.002 0.428 0.037 0.037 0.017 0.392 0.087 
129 NS_SS0840    (2)    3 :  0.002 0.534 0.137 0.008 0.118 0.064 0.137 
130 NS_SS0889    (4)    3 :  0.002 0.064 0.075 0.801 0.014 0.018 0.026 
131 NS_SS1010    (1)    3 :  0.044 0.024 0.056 0.019 0.021 0.661 0.175 
132 NS_SS0888    (5)    3 :  0.002 0.220 0.008 0.278 0.037 0.422 0.034 
133 NS_SS0837    (3)    3 :  0.003 0.274 0.080 0.041 0.473 0.105 0.025 
134 NS_SS0794   (10)    3 :  0.002 0.009 0.011 0.912 0.020 0.039 0.007 
135 NS_SS0823    (5)    3 :  0.004 0.045 0.795 0.010 0.030 0.022 0.094 
136 NS_SS0829    (7)    3 :  0.106 0.277 0.027 0.376 0.009 0.196 0.009 
137 NS_SS0844    (5)    3 :  0.001 0.007 0.971 0.002 0.006 0.007 0.005 
138 NS_SS1008    (6)    3 :  0.011 0.091 0.013 0.185 0.639 0.047 0.013 
139 NS_SS0881    (3)    3 :  0.003 0.019 0.011 0.027 0.078 0.015 0.848 
140 NS_SS0834    (6)    3 :  0.005 0.009 0.241 0.010 0.024 0.024 0.688 
141 NS_SS0744   (10)    3 :  0.007 0.758 0.045 0.018 0.008 0.030 0.133 
142 NS_SS0899    (7)    3 :  0.001 0.124 0.736 0.007 0.046 0.015 0.071 
143 NS_SS0804    (5)    3 :  0.005 0.053 0.512 0.007 0.080 0.034 0.308 
144 NS_SS0781   (10)    3 :  0.003 0.045 0.765 0.004 0.016 0.038 0.129 
145 NS_SS0822    (6)    3 :  0.002 0.063 0.067 0.803 0.010 0.017 0.039 
146 NS_SS1004    (4)    3 :  0.004 0.573 0.199 0.064 0.011 0.106 0.044 
147 NS_SS0746    (5)    3 :  0.017 0.035 0.220 0.428 0.117 0.159 0.023 
148 NS_SS0880    (3)    3 :  0.002 0.372 0.015 0.017 0.014 0.010 0.570 
149 NS_SS0879    (5)    3 :  0.015 0.032 0.730 0.032 0.105 0.041 0.045 
150 NS_SS0753    (2)    3 :  0.008 0.141 0.072 0.238 0.015 0.518 0.008 
151 NS_SS1007    (3)    3 :  0.002 0.123 0.008 0.014 0.098 0.356 0.400 
152 NS_SS0872    (5)    3 :  0.002 0.076 0.794 0.017 0.037 0.055 0.019 
153 NS_SS1005    (7)    3 :  0.001 0.088 0.790 0.031 0.018 0.035 0.036 
154 NS_SS0892    (6)    3 :  0.002 0.132 0.042 0.068 0.036 0.522 0.198 
155 NS_SS0898    (0)    3 :  0.005 0.007 0.034 0.691 0.181 0.052 0.029 
156 NS_SS0801    (9)    3 :  0.011 0.033 0.041 0.011 0.016 0.024 0.864 
157 NS_SS0827    (9)    3 :  0.114 0.052 0.025 0.043 0.204 0.554 0.008 
158 NS_SS0853    (7)    3 :  0.006 0.043 0.127 0.012 0.457 0.346 0.009 
159 NS_SS0780    (2)    3 :  0.004 0.040 0.019 0.005 0.014 0.145 0.773 
160 NS_SS0826   (10)    3 :  0.003 0.017 0.935 0.015 0.007 0.006 0.017 
161 NS_SS0818    (5)    3 :  0.002 0.020 0.050 0.028 0.071 0.144 0.685 
162 NS_SS0745    (1)    3 :  0.002 0.011 0.009 0.018 0.937 0.006 0.017 
163 NS_SS0849    (3)    3 :  0.002 0.951 0.010 0.010 0.014 0.006 0.007 
164 NS_SS0739    (3)    3 :  0.013 0.400 0.013 0.034 0.180 0.038 0.323 
165 NS_SS0799    (1)    3 :  0.001 0.260 0.011 0.062 0.030 0.598 0.037 
166 NS_SS0756    (3)    3 :  0.003 0.014 0.936 0.011 0.008 0.011 0.017 
167 NS_SS0802    (2)    3 :  0.214 0.256 0.027 0.104 0.008 0.064 0.327 
168 NS_SS0747    (6)    3 :  0.005 0.864 0.062 0.006 0.009 0.032 0.021 
169 NS_SS0835    (1)    3 :  0.001 0.040 0.022 0.223 0.081 0.618 0.015 
170 NS_SS0742   (19)    3 :  0.001 0.083 0.033 0.009 0.013 0.013 0.848 
171 NS_SS0760    (9)    3 :  0.056 0.015 0.024 0.753 0.019 0.100 0.033 
172 NS_SS0803    (4)    3 :  0.006 0.011 0.964 0.005 0.004 0.008 0.003 
173 NS_SS0828   (14)    3 :  0.001 0.126 0.065 0.031 0.120 0.600 0.057 
174 NS_SS0865    (2)    3 :  0.026 0.274 0.011 0.016 0.029 0.015 0.629 
175 NS_SS0759    (5)    3 :  0.005 0.723 0.018 0.011 0.041 0.029 0.172 
176 NS_SS0851    (5)    3 :  0.015 0.019 0.021 0.011 0.907 0.007 0.020 
177 NS_SS0874   (16)    3 :  0.001 0.034 0.925 0.005 0.015 0.010 0.010 
178 NS_SS0761    (6)    3 :  0.003 0.090 0.042 0.349 0.034 0.455 0.028 
179 NS_SS0842   (26)    3 :  0.009 0.033 0.061 0.125 0.729 0.016 0.026 
180 NS_SS0785    (6)    3 :  0.005 0.842 0.037 0.036 0.010 0.055 0.014 
181 NS_SS0860   (11)    3 :  0.002 0.223 0.039 0.037 0.010 0.675 0.014 
182 NS_SS0897    (7)    3 :  0.002 0.016 0.012 0.906 0.019 0.025 0.021 
183 NS_SS0841   (15)    3 :  0.004 0.222 0.072 0.083 0.422 0.032 0.164 
184 NS_SS0797    (7)    3 :  0.030 0.015 0.009 0.400 0.116 0.281 0.149 
185 NS_SS0830   (11)    3 :  0.002 0.216 0.100 0.296 0.156 0.085 0.144 
186 NS_SS1011    (5)    3 :  0.004 0.011 0.032 0.004 0.004 0.007 0.937 
187 NS_SS0883    (5)    3 :  0.005 0.724 0.025 0.018 0.039 0.175 0.014 
188 NS_SS0782    (2)    3 :  0.003 0.443 0.044 0.335 0.089 0.039 0.047 
189 NS_SS0831    (5)    3 :  0.003 0.764 0.016 0.120 0.012 0.076 0.009 
190 NS_SS0749    (7)    3 :  0.004 0.861 0.006 0.024 0.009 0.079 0.016 
191 NS_SS0854    (2)    3 :  0.003 0.224 0.022 0.045 0.044 0.528 0.133 
192 HI_SS0193    (0)    4 :  0.002 0.008 0.007 0.922 0.007 0.010 0.045 
193 HI_SS0194    (1)    4 :  0.002 0.023 0.231 0.035 0.069 0.011 0.630 
194 HI_SS0195   (10)    4 :  0.094 0.805 0.018 0.007 0.009 0.016 0.051 
195 HI_SS0196    (6)    4 :  0.004 0.398 0.062 0.402 0.103 0.013 0.018 
196 HI_SS0197    (3)    4 :  0.009 0.007 0.013 0.004 0.007 0.012 0.947 
197 HI_SS0198    (1)    4 :  0.009 0.902 0.013 0.017 0.019 0.011 0.030 
198 HI_SS0199    (1)    4 :  0.002 0.014 0.009 0.008 0.006 0.955 0.006 
199 HI_SS0201    (5)    4 :  0.002 0.025 0.037 0.464 0.007 0.434 0.029 
200 HI_SS0215    (1)    4 :  0.003 0.024 0.044 0.102 0.008 0.792 0.028 
201 HI_SS0218    (1)    4 :  0.005 0.005 0.006 0.284 0.008 0.685 0.005 
202 HI_SS0222    (0)    4 :  0.005 0.420 0.018 0.114 0.348 0.033 0.063 
203 HI_SS0230    (1)    4 :  0.006 0.167 0.040 0.026 0.434 0.255 0.072 
204 HI_SS0234    (2)    4 :  0.143 0.016 0.774 0.014 0.024 0.011 0.018 
205 HI_SS0240    (1)    4 :  0.008 0.068 0.010 0.008 0.023 0.697 0.185 
206 HI_SS0241    (0)    4 :  0.002 0.011 0.018 0.025 0.015 0.686 0.244 
207 HI_SS0242    (0)    4 :  0.003 0.061 0.037 0.073 0.555 0.252 0.019 
208 HI_SS0247    (0)    4 :  0.011 0.003 0.961 0.006 0.004 0.005 0.009 
209 HI_SS0248    (1)    4 :  0.001 0.018 0.012 0.932 0.017 0.014 0.006 
210 HI_SS0252    (2)    4 :  0.002 0.014 0.040 0.023 0.019 0.010 0.892 
211 HI_SS0254    (0)    4 :  0.095 0.027 0.049 0.417 0.009 0.036 0.367 
212 HI_SS0256    (0)    4 :  0.001 0.007 0.946 0.004 0.028 0.007 0.008 
213 HI_SS0257    (0)    4 :  0.003 0.051 0.355 0.045 0.020 0.487 0.040 
214 HI_SS0258    (1)    4 :  0.004 0.009 0.014 0.877 0.015 0.066 0.014 
215 HI_SS0259    (1)    4 :  0.003 0.006 0.015 0.005 0.015 0.016 0.941 
216 HI_SS0260    (1)    4 :  0.002 0.041 0.036 0.363 0.116 0.422 0.020 
217 HI_SS0261    (2)    4 :  0.002 0.057 0.074 0.216 0.068 0.080 0.502 
218 HI_SS0262    (0)    4 :  0.008 0.473 0.019 0.011 0.317 0.109 0.063 
219 HI_SS0264    (0)    4 :  0.005 0.028 0.145 0.049 0.273 0.096 0.405 
220 HI_SS0265    (0)    4 :  0.111 0.051 0.116 0.010 0.620 0.040 0.052 
221 HI_SS0268    (1)    4 :  0.003 0.053 0.044 0.072 0.056 0.520 0.253 
222 HI_SS0269    (0)    4 :  0.002 0.121 0.057 0.491 0.015 0.098 0.217 
223 HI_SS0273    (0)    4 :  0.002 0.010 0.035 0.461 0.018 0.448 0.025 
224 HI_SS0277    (1)    4 :  0.002 0.056 0.050 0.010 0.024 0.026 0.832 
225 HI_SS0280    (0)    4 :  0.005 0.043 0.006 0.026 0.065 0.040 0.816 
226 HI_SS0282    (1)    4 :  0.001 0.657 0.017 0.291 0.006 0.010 0.018 
227 HI_SS0286    (1)    4 :  0.008 0.382 0.050 0.107 0.076 0.314 0.063 
228 NS_SS1252    (3)    5 :  0.004 0.113 0.034 0.517 0.027 0.279 0.026 
229 NS_SS1261    (1)    5 :  0.015 0.219 0.506 0.031 0.035 0.046 0.148 
230 NS_SS1225   (10)    5 :  0.070 0.058 0.694 0.010 0.006 0.140 0.022 
231 NS_SS1266    (1)    5 :  0.009 0.011 0.936 0.004 0.009 0.008 0.022 
232 NS_SS1228    (0)    5 :  0.018 0.025 0.048 0.013 0.201 0.153 0.541 
233 NS_SS1255    (3)    5 :  0.002 0.027 0.025 0.203 0.708 0.006 0.029 
234 NS_SS1267    (3)    5 :  0.011 0.032 0.006 0.107 0.016 0.819 0.009 
235 NS_SS1238    (6)    5 :  0.003 0.056 0.016 0.714 0.020 0.008 0.183 
236 NS_SS1233    (8)    5 :  0.002 0.049 0.299 0.364 0.121 0.021 0.144 
237 NS_SS1277    (3)    5 :  0.001 0.016 0.006 0.908 0.046 0.013 0.010 
238 NS_SS1245    (1)    5 :  0.002 0.196 0.184 0.445 0.057 0.076 0.039 
239 NS_SS1240    (4)    5 :  0.002 0.017 0.009 0.519 0.008 0.431 0.014 
240 NS_SS1275    (2)    5 :  0.003 0.008 0.034 0.004 0.154 0.006 0.791 
241 NS_SS1235    (1)    5 :  0.005 0.011 0.818 0.039 0.044 0.043 0.039 
242 NS_SS1263    (1)    5 :  0.001 0.009 0.942 0.012 0.019 0.012 0.005 
243 NS_SS1251    (2)    5 :  0.001 0.010 0.947 0.007 0.013 0.012 0.010 
244 NS_SS1248    (0)    5 :  0.132 0.020 0.033 0.734 0.012 0.011 0.058 
245 NS_SS1244    (0)    5 :  0.004 0.016 0.103 0.050 0.003 0.012 0.811 
246 NS_SS1257    (1)    5 :  0.028 0.096 0.022 0.079 0.028 0.714 0.033 
247 NS_SS1242    (2)    5 :  0.002 0.027 0.042 0.010 0.905 0.005 0.009 
248 NS_SS1271    (6)    5 :  0.034 0.020 0.010 0.672 0.078 0.145 0.041 
249 NS_SS1265    (1)    5 :  0.025 0.049 0.037 0.783 0.039 0.049 0.018 
250 NS_SS1243    (0)    5 :  0.101 0.131 0.010 0.232 0.363 0.028 0.135 
251 NS_SS1273    (1)    5 :  0.007 0.009 0.021 0.030 0.909 0.009 0.015 
252 NS_SS1254   (14)    5 :  0.006 0.018 0.442 0.015 0.324 0.058 0.137 
253 NS_SS1224    (1)    5 :  0.007 0.353 0.391 0.011 0.050 0.106 0.082 
254 NS_SS1227    (8)    5 :  0.002 0.010 0.005 0.034 0.255 0.681 0.014 
255 NS_SS1274    (9)    5 :  0.016 0.416 0.041 0.039 0.018 0.317 0.154 
256 NS_SS1241    (1)    5 :  0.001 0.028 0.032 0.768 0.014 0.130 0.026 
257 NS_SS1256    (3)    5 :  0.044 0.026 0.562 0.112 0.040 0.063 0.152 
258 NS_SS1260    (8)    5 :  0.062 0.046 0.014 0.012 0.021 0.826 0.018 
259 NS_SS1262    (0)    5 :  0.159 0.024 0.497 0.105 0.013 0.158 0.042 
260 NS_SS1230    (0)    5 :  0.010 0.020 0.064 0.585 0.052 0.254 0.015 
261 NS_SS1270    (2)    5 :  0.002 0.402 0.197 0.052 0.018 0.044 0.284 
262 NS_SS1229    (2)    5 :  0.005 0.034 0.764 0.008 0.007 0.074 0.109 
263 NS_SS1246    (5)    5 :  0.003 0.032 0.024 0.062 0.014 0.095 0.772 
264 NS_SS1269    (0)    5 :  0.002 0.407 0.017 0.019 0.015 0.420 0.119 
265 NS_SS1239    (1)    5 :  0.005 0.911 0.008 0.012 0.031 0.019 0.014 
266 NS_SS1272    (5)    5 :  0.005 0.012 0.249 0.015 0.042 0.014 0.663 
267 NS_SS1268    (1)    5 :  0.002 0.586 0.159 0.048 0.073 0.119 0.013 
268 NS_SS1249    (1)    5 :  0.014 0.013 0.026 0.783 0.035 0.107 0.021 
269 HI_SS0559    (0)    6 :  0.002 0.136 0.037 0.065 0.097 0.651 0.013 
270 HI_SS0563    (1)    6 :  0.003 0.500 0.180 0.187 0.012 0.086 0.033 
271 HI_SS0564    (0)    6 :  0.049 0.721 0.040 0.013 0.037 0.015 0.125 
272 HI_SS0565    (0)    6 :  0.004 0.064 0.147 0.093 0.035 0.441 0.217 
273 HI_SS0569    (1)    6 :  0.002 0.038 0.028 0.493 0.005 0.405 0.029 
274 HI_SS0570    (0)    6 :  0.032 0.020 0.006 0.901 0.016 0.010 0.015 
275 HI_SS0572    (1)    6 :  0.002 0.061 0.186 0.016 0.643 0.029 0.063 
276 HI_SS0576    (1)    6 :  0.008 0.145 0.063 0.029 0.621 0.042 0.091 
277 HI_SS0579    (1)    6 :  0.017 0.082 0.455 0.217 0.008 0.209 0.011 
278 HI_SS0580    (1)    6 :  0.005 0.075 0.020 0.043 0.809 0.037 0.011 
279 HI_SS0581    (0)    6 :  0.063 0.028 0.012 0.008 0.015 0.009 0.864 
280 HI_SS0583    (1)    6 :  0.003 0.032 0.141 0.109 0.243 0.440 0.031 
281 HI_SS0586    (1)    6 :  0.001 0.018 0.005 0.590 0.012 0.368 0.007 
282 HI_SS0588    (1)    6 :  0.017 0.015 0.011 0.049 0.010 0.894 0.005 
283 HI_SS0595    (4)    6 :  0.031 0.011 0.024 0.066 0.256 0.473 0.139 
284 HI_SS0596    (0)    6 :  0.002 0.005 0.014 0.009 0.954 0.006 0.010 
285 HI_SS0597    (1)    6 :  0.002 0.140 0.414 0.018 0.161 0.046 0.219 
286 HI_SS0600    (0)    6 :  0.003 0.078 0.023 0.008 0.005 0.404 0.479 
287 HI_SS0601    (1)    6 :  0.012 0.145 0.684 0.013 0.009 0.124 0.013 
288 HI_SS0602    (1)    6 :  0.002 0.015 0.007 0.006 0.010 0.953 0.008 
289 HI_SS0604    (0)    6 :  0.002 0.743 0.042 0.092 0.061 0.031 0.029 
290 HI_SS0605    (1)    6 :  0.005 0.934 0.004 0.015 0.017 0.014 0.011 
291 HI_SS0608    (0)    6 :  0.001 0.020 0.009 0.088 0.836 0.033 0.013 
292 HI_SS0609    (0)    6 :  0.001 0.016 0.891 0.022 0.038 0.012 0.021 
293 HI_SS0611    (5)    6 :  0.003 0.881 0.014 0.039 0.036 0.020 0.007 
294 HI_SS0612    (0)    6 :  0.004 0.010 0.812 0.014 0.006 0.129 0.024 
295 HI_SS0613    (1)    6 :  0.001 0.932 0.009 0.008 0.028 0.012 0.009 
296 HI_SS0615    (1)    6 :  0.012 0.471 0.053 0.010 0.264 0.050 0.140 
297 HI_SS0001    (1)    6 :  0.004 0.007 0.011 0.064 0.017 0.017 0.881 
298 HI_SS0002    (1)    6 :  0.030 0.011 0.498 0.011 0.045 0.390 0.016 
299 HI_SS0004    (0)    6 :  0.006 0.018 0.009 0.745 0.068 0.036 0.117 
300 HI_SS0005    (1)    6 :  0.007 0.138 0.019 0.050 0.174 0.470 0.141 
301 HI_SS0006    (1)    6 :  0.002 0.475 0.225 0.080 0.016 0.163 0.040 
302 HI_SS0007    (1)    6 :  0.003 0.048 0.005 0.916 0.012 0.007 0.009 
303 HI_SS0008    (0)    6 :  0.040 0.141 0.041 0.036 0.044 0.677 0.021 
304 HI_SS0009    (0)    6 :  0.004 0.014 0.011 0.063 0.886 0.010 0.012 
305 HI_SS0010    (1)    6 :  0.004 0.031 0.045 0.696 0.083 0.109 0.031 
306 HI_SS0011    (1)    6 :  0.094 0.013 0.631 0.047 0.054 0.015 0.145 
307 HI_SS0012    (0)    6 :  0.006 0.293 0.385 0.006 0.055 0.145 0.111 
308 HI_SS0017    (1)    6 :  0.002 0.011 0.087 0.261 0.434 0.005 0.200 
309 HI_SS0021    (1)    6 :  0.243 0.007 0.017 0.440 0.240 0.045 0.007 
310 HI_SS0024    (1)    6 :  0.003 0.024 0.020 0.157 0.234 0.013 0.549 
311 HI_SS0025    (1)    6 :  0.003 0.007 0.007 0.005 0.969 0.005 0.004 
312 HI_SS0027    (0)    6 :  0.017 0.141 0.019 0.749 0.013 0.043 0.018 
313 HI_SS0028    (0)    6 :  0.002 0.018 0.019 0.006 0.843 0.091 0.020 
314 HI_SS0029    (1)    6 :  0.008 0.032 0.042 0.021 0.865 0.016 0.016 
315 HI_SS0030    (2)    6 :  0.005 0.071 0.012 0.091 0.024 0.155 0.642 
316 HI_SS0031    (0)    6 :  0.003 0.030 0.009 0.005 0.020 0.919 0.015 
317 HI_SS0034    (0)    6 :  0.005 0.050 0.030 0.590 0.011 0.286 0.029 
318 HI_SS0036    (0)    6 :  0.010 0.011 0.004 0.192 0.157 0.038 0.588 
319 HI_SS0037    (1)    6 :  0.005 0.110 0.010 0.401 0.327 0.093 0.053 
320 HI_SS0039    (0)    6 :  0.003 0.017 0.007 0.293 0.067 0.477 0.136 
321 HI_SS0041    (1)    6 :  0.002 0.057 0.018 0.008 0.711 0.007 0.198 
322 HI_SS0042    (1)    6 :  0.130 0.064 0.091 0.006 0.651 0.007 0.052 
323 HI_SS0043    (1)    6 :  0.003 0.522 0.010 0.337 0.008 0.080 0.039 
324 HI_SS0044    (1)    6 :  0.002 0.009 0.006 0.047 0.896 0.029 0.012 
325 HI_SS0047    (1)    6 :  0.002 0.591 0.065 0.031 0.038 0.130 0.143 
326 HI_SS0049    (1)    6 :  0.003 0.012 0.016 0.030 0.878 0.014 0.047 
327 HI_SS0051    (1)    6 :  0.002 0.957 0.008 0.010 0.008 0.008 0.006 
328 HI_SS0053    (1)    6 :  0.003 0.034 0.008 0.160 0.014 0.410 0.369 
329 HI_SS0054    (4)    6 :  0.004 0.011 0.035 0.794 0.008 0.117 0.031 
330 HI_SS0057    (0)    6 :  0.003 0.096 0.017 0.135 0.018 0.009 0.721 
331 HI_SS0058    (0)    6 :  0.005 0.018 0.870 0.027 0.010 0.060 0.009 
332 HI_SS0060    (0)    6 :  0.081 0.016 0.095 0.187 0.012 0.084 0.525 
333 HI_SS0087    (1)    6 :  0.003 0.228 0.318 0.129 0.013 0.227 0.083 
334 HI_SS0091    (1)    6 :  0.001 0.026 0.019 0.027 0.005 0.363 0.559 
335 HI_SS0095    (1)    6 :  0.054 0.069 0.052 0.009 0.012 0.672 0.132 
336 HI_SS0097    (3)    6 :  0.005 0.041 0.922 0.009 0.005 0.010 0.009 
337 HI_SS0099    (1)    6 :  0.003 0.008 0.007 0.007 0.955 0.014 0.006 
338 HI_SS0103    (0)    6 :  0.004 0.486 0.230 0.016 0.044 0.022 0.198 
339 HI_SS0105    (1)    6 :  0.025 0.014 0.012 0.009 0.005 0.047 0.887 
340 HI_SS0107    (1)    6 :  0.001 0.034 0.158 0.015 0.639 0.006 0.147 
341 HI_SS0108    (1)    6 :  0.021 0.018 0.008 0.914 0.005 0.023 0.012 
342 HI_SS0110    (0)    6 :  0.001 0.052 0.099 0.008 0.012 0.068 0.760 
343 HI_SS0111    (1)    6 :  0.028 0.662 0.186 0.016 0.017 0.040 0.051 
344 HI_SS0112    (0)    6 :  0.001 0.008 0.005 0.968 0.005 0.008 0.005 
345 HI_SS0113    (1)    6 :  0.005 0.083 0.141 0.013 0.044 0.011 0.704 
346 HI_SS0114    (1)    6 :  0.005 0.029 0.007 0.027 0.009 0.899 0.024 
347 HI_SS0115    (1)    6 :  0.015 0.298 0.014 0.052 0.494 0.120 0.007 
348 HI_SS0116    (4)    6 :  0.002 0.010 0.007 0.030 0.931 0.015 0.004 
349 HI_SS0117    (0)    6 :  0.002 0.014 0.549 0.036 0.005 0.369 0.026 
350 HI_SS0118    (0)    6 :  0.016 0.038 0.046 0.064 0.689 0.084 0.063 
351 HI_SS0119    (1)    6 :  0.002 0.100 0.043 0.047 0.004 0.069 0.735 
352 HI_SS0120    (1)    6 :  0.003 0.014 0.202 0.011 0.046 0.008 0.717 
353 HI_SS0121    (0)    6 :  0.001 0.048 0.807 0.005 0.028 0.036 0.074 
354 HI_SS0122    (2)    6 :  0.022 0.038 0.051 0.092 0.123 0.037 0.638 
355 HI_SS0123    (0)    6 :  0.004 0.674 0.051 0.007 0.011 0.061 0.191 
356 HI_SS0124    (1)    6 :  0.003 0.022 0.050 0.014 0.798 0.050 0.064 
357 HI_SS0125    (1)    6 :  0.041 0.012 0.014 0.006 0.074 0.322 0.531 
358 HI_SS0126    (0)    6 :  0.001 0.005 0.010 0.918 0.032 0.023 0.010 
359 HI_SS0127    (0)    6 :  0.008 0.915 0.009 0.013 0.013 0.031 0.010 
360 HI_SS0128    (0)    6 :  0.003 0.013 0.207 0.149 0.105 0.456 0.067 
361 HI_SS0129    (1)    6 :  0.011 0.396 0.011 0.161 0.055 0.036 0.330 
362 HI_SS0131    (2)    6 :  0.029 0.007 0.047 0.861 0.033 0.015 0.007 
363 HI_SS0132    (0)    6 :  0.001 0.036 0.040 0.127 0.024 0.014 0.759 
364 HI_SS0133    (1)    6 :  0.001 0.004 0.003 0.977 0.004 0.006 0.007 
365 HI_SS0134    (1)    6 :  0.002 0.184 0.082 0.159 0.074 0.346 0.152 
366 HI_SS0142    (3)    6 :  0.019 0.026 0.265 0.006 0.009 0.555 0.120 
367 HI_SS0145    (0)    6 :  0.001 0.086 0.769 0.087 0.011 0.038 0.008 
368 HI_SS0146    (1)    6 :  0.001 0.009 0.011 0.914 0.016 0.036 0.013 
369 HI_SS0147    (1)    6 :  0.025 0.546 0.373 0.008 0.028 0.009 0.010 
370 HI_SS0149    (1)    6 :  0.003 0.005 0.014 0.014 0.005 0.005 0.954 
371 HI_SS0150    (2)    6 :  0.005 0.019 0.022 0.011 0.171 0.071 0.700 
372 HI_SS0151    (0)    6 :  0.011 0.944 0.007 0.011 0.010 0.009 0.008 
373 NS_SS1451    (1)    6 :  0.003 0.027 0.014 0.010 0.072 0.020 0.853 
374 NS_SS1404    (0)    6 :  0.010 0.018 0.049 0.026 0.828 0.017 0.052 
375 NS_SS1432    (2)    6 :  0.039 0.016 0.009 0.004 0.718 0.008 0.205 
376 NS_SS1405    (5)    6 :  0.003 0.015 0.092 0.409 0.455 0.012 0.013 
377 NS_SS1431   (10)    6 :  0.001 0.007 0.127 0.015 0.044 0.011 0.795 
378 NS_SS1402    (3)    6 :  0.002 0.118 0.563 0.009 0.029 0.236 0.043 
379 NS_SS1450    (3)    6 :  0.003 0.014 0.006 0.108 0.016 0.071 0.782 
380 NS_SS1396    (0)    6 :  0.007 0.587 0.065 0.062 0.152 0.044 0.083 
381 NS_SS1393    (5)    6 :  0.003 0.541 0.008 0.008 0.028 0.399 0.013 
382 NS_SS1392   (10)    6 :  0.019 0.035 0.009 0.028 0.480 0.226 0.204 
383 NS_SS1445    (0)    6 :  0.009 0.015 0.068 0.433 0.018 0.411 0.048 
384 NS_SS1423    (0)    6 :  0.001 0.033 0.296 0.269 0.018 0.244 0.138 
385 NS_SS1421    (9)    6 :  0.077 0.013 0.036 0.423 0.009 0.010 0.432 
386 NS_SS1411    (6)    6 :  0.002 0.048 0.007 0.907 0.012 0.011 0.013 
387 NS_SS1453    (6)    6 :  0.007 0.264 0.022 0.076 0.040 0.064 0.528 
388 NS_SS1442    (3)    6 :  0.004 0.062 0.536 0.305 0.031 0.046 0.015 
389 NS_SS1422    (1)    6 :  0.010 0.016 0.902 0.019 0.014 0.019 0.019 
390 NS_SS1419    (1)    6 :  0.170 0.061 0.698 0.011 0.031 0.012 0.017 
391 NS_SS1427    (0)    6 :  0.002 0.006 0.006 0.708 0.019 0.134 0.124 
392 NS_SS1444    (4)    6 :  0.004 0.175 0.098 0.021 0.673 0.014 0.015 
393 NS_SS1455    (0)    6 :  0.001 0.022 0.886 0.017 0.047 0.008 0.019 
394 NS_SS1425    (2)    6 :  0.001 0.325 0.005 0.639 0.005 0.017 0.008 
395 NS_SS1400    (0)    6 :  0.002 0.004 0.019 0.931 0.017 0.022 0.005 
396 NS_SS1406    (2)    6 :  0.007 0.023 0.674 0.005 0.015 0.015 0.261 
397 NS_SS1417    (6)    6 :  0.005 0.030 0.834 0.082 0.021 0.010 0.019 
398 NS_SS1454    (3)    6 :  0.001 0.010 0.008 0.034 0.010 0.039 0.898 
399 NS_SS1412    (1)    6 :  0.025 0.464 0.118 0.157 0.037 0.129 0.071 
400 NS_SS1438    (1)    6 :  0.001 0.142 0.061 0.535 0.015 0.219 0.026 
401 NS_SS1416    (4)    6 :  0.005 0.869 0.016 0.005 0.014 0.006 0.086 
402 NS_SS1401    (0)    6 :  0.012 0.018 0.267 0.031 0.070 0.024 0.578 
403 NS_SS1424    (6)    6 :  0.015 0.032 0.362 0.346 0.035 0.068 0.142 
404 NS_SS1435   (10)    6 :  0.003 0.016 0.008 0.397 0.043 0.506 0.028 
405 NS_SS1447    (4)    6 :  0.007 0.055 0.095 0.052 0.693 0.018 0.081 
406 NS_SS1414    (3)    6 :  0.009 0.007 0.070 0.014 0.878 0.010 0.011 
407 NS_SS1449   (14)    6 :  0.003 0.008 0.047 0.007 0.003 0.013 0.919 
408 NS_SS1443    (4)    6 :  0.002 0.025 0.016 0.044 0.005 0.896 0.011 
409 NS_SS1434    (1)    6 :  0.001 0.055 0.029 0.612 0.104 0.030 0.169 
410 NS_SS1398    (1)    6 :  0.016 0.068 0.012 0.034 0.376 0.293 0.201 
411 NS_SS1426    (1)    6 :  0.002 0.172 0.007 0.479 0.007 0.312 0.022 
412 NS_SS1413    (0)    6 :  0.008 0.005 0.006 0.957 0.009 0.008 0.006 
413 NS_SS1395    (1)    6 :  0.010 0.026 0.008 0.019 0.007 0.705 0.226 
414 NS_SS1448   (10)    6 :  0.002 0.018 0.006 0.802 0.022 0.007 0.143 
415 NS_SS1446    (0)    6 :  0.003 0.017 0.440 0.050 0.017 0.049 0.425 
416 NS_SS1403    (2)    6 :  0.006 0.020 0.095 0.010 0.027 0.549 0.294 
417 NS_SS1415    (0)    6 :  0.010 0.011 0.010 0.940 0.009 0.015 0.006 
418 NS_SS1437    (4)    6 :  0.008 0.022 0.244 0.037 0.554 0.049 0.084 
419 NS_SS1439    (2)    6 :  0.002 0.061 0.038 0.005 0.013 0.859 0.021 
420 NS_SS1441    (3)    6 :  0.002 0.018 0.031 0.071 0.023 0.813 0.042 
421 NS_SS1420    (2)    6 :  0.003 0.045 0.012 0.005 0.923 0.006 0.006 
422 NS_SS1394    (2)    6 :  0.034 0.725 0.017 0.008 0.126 0.012 0.079 
423 NS_SS1391    (7)    6 :  0.010 0.011 0.011 0.054 0.255 0.642 0.017 
424 NS_SS1410    (5)    6 :  0.017 0.027 0.283 0.050 0.275 0.029 0.320 
425 NS_SS1408    (1)    6 :  0.063 0.156 0.036 0.012 0.010 0.083 0.640 
426 NS_SS1409    (1)    6 :  0.003 0.081 0.216 0.060 0.023 0.469 0.147 
427 HI_SS0617    (1)    7 :  0.001 0.453 0.143 0.015 0.215 0.056 0.116 
428 HI_SS0618    (2)    7 :  0.002 0.959 0.013 0.005 0.007 0.008 0.006 
429 HI_SS0619    (0)    7 :  0.003 0.014 0.008 0.016 0.925 0.018 0.015 
430 HI_SS0620    (1)    7 :  0.003 0.045 0.011 0.891 0.009 0.030 0.010 
431 HI_SS0621    (3)    7 :  0.013 0.052 0.652 0.019 0.161 0.038 0.067 
432 HI_SS0622    (1)    7 :  0.012 0.023 0.727 0.143 0.075 0.013 0.008 
433 HI_SS0626    (0)    7 :  0.008 0.088 0.015 0.019 0.764 0.082 0.024 
434 HI_SS0627    (0)    7 :  0.009 0.046 0.038 0.017 0.108 0.010 0.773 
435 HI_SS0628    (3)    7 :  0.059 0.055 0.012 0.426 0.183 0.043 0.222 
436 HI_SS0629    (1)    7 :  0.006 0.022 0.379 0.016 0.025 0.536 0.016 
437 HI_SS0630    (1)    7 :  0.063 0.118 0.010 0.510 0.192 0.075 0.033 
438 HI_SS0631    (0)    7 :  0.001 0.015 0.024 0.842 0.018 0.084 0.016 
439 HI_SS0632    (0)    7 :  0.004 0.107 0.020 0.702 0.059 0.011 0.097 
440 HI_SS0633    (0)    7 :  0.003 0.005 0.013 0.006 0.959 0.009 0.005 
441 HI_SS0634    (1)    7 :  0.002 0.010 0.005 0.015 0.008 0.011 0.949 
442 HI_SS0635    (0)    7 :  0.008 0.022 0.352 0.059 0.192 0.344 0.022 
443 HI_SS0637    (1)    7 :  0.003 0.959 0.010 0.004 0.005 0.012 0.006 
444 HI_SS0638    (0)    7 :  0.001 0.077 0.026 0.836 0.018 0.013 0.029 
445 HI_SS0639    (1)    7 :  0.060 0.216 0.020 0.008 0.147 0.164 0.385 
446 HI_SS0640    (1)    7 :  0.002 0.066 0.025 0.082 0.081 0.739 0.007 
447 HI_SS0641    (1)    7 :  0.004 0.012 0.009 0.067 0.579 0.323 0.006 
448 HI_SS0642    (0)    7 :  0.002 0.003 0.004 0.004 0.005 0.005 0.976 
449 HI_SS0645    (0)    7 :  0.001 0.174 0.017 0.013 0.774 0.005 0.017 
450 HI_SS0646    (1)    7 :  0.003 0.022 0.030 0.011 0.011 0.769 0.154 
451 HI_SS0647    (1)    7 :  0.002 0.016 0.015 0.483 0.066 0.018 0.401 
452 HI_SS0648    (0)    7 :  0.003 0.060 0.269 0.128 0.281 0.150 0.109 
453 HI_SS0649    (1)    7 :  0.002 0.067 0.044 0.008 0.730 0.116 0.033 
454 HI_SS0650    (1)    7 :  0.003 0.903 0.010 0.008 0.015 0.036 0.025 
455 HI_SS0651    (1)    7 :  0.004 0.354 0.095 0.011 0.044 0.481 0.012 
456 HI_SS0652    (1)    7 :  0.004 0.021 0.005 0.009 0.925 0.013 0.023 
457 NS_SS1371    (3)    7 :  0.005 0.054 0.011 0.007 0.010 0.905 0.009 
458 NS_SS1374    (0)    7 :  0.003 0.026 0.008 0.349 0.067 0.017 0.531 
459 NS_SS1337    (3)    7 :  0.003 0.017 0.012 0.011 0.007 0.007 0.944 
460 NS_SS1385    (5)    7 :  0.004 0.059 0.583 0.052 0.033 0.236 0.032 
461 NS_SS1388    (0)    7 :  0.006 0.009 0.008 0.014 0.942 0.013 0.008 
462 NS_SS1370    (1)    7 :  0.008 0.886 0.013 0.013 0.008 0.006 0.065 
463 NS_SS1389    (3)    7 :  0.003 0.004 0.011 0.007 0.963 0.006 0.006 
464 NS_SS1360    (1)    7 :  0.006 0.215 0.011 0.448 0.023 0.285 0.012 
465 NS_SS1330    (0)    7 :  0.003 0.759 0.144 0.008 0.027 0.027 0.032 
466 NS_SS1328    (9)    7 :  0.002 0.007 0.007 0.918 0.013 0.009 0.043 
467 NS_SS1384    (1)    7 :  0.003 0.010 0.009 0.006 0.006 0.957 0.009 
468 NS_SS1381    (0)    7 :  0.001 0.100 0.778 0.022 0.018 0.012 0.069 
469 NS_SS1375    (1)    7 :  0.001 0.027 0.008 0.021 0.852 0.044 0.046 
470 NS_SS1319   (11)    7 :  0.084 0.013 0.007 0.009 0.015 0.636 0.235 
471 NS_SS1326    (2)    7 :  0.008 0.007 0.007 0.937 0.015 0.007 0.018 
472 NS_SS1341    (1)    7 :  0.004 0.008 0.010 0.013 0.004 0.027 0.933 
473 NS_SS1383    (2)    7 :  0.003 0.079 0.012 0.023 0.007 0.178 0.696 
474 NS_SS1318    (3)    7 :  0.015 0.155 0.099 0.298 0.357 0.031 0.045 
475 NS_SS1348    (2)    7 :  0.002 0.011 0.011 0.755 0.011 0.202 0.008 
476 NS_SS1363    (0)    7 :  0.005 0.167 0.588 0.104 0.105 0.015 0.015 
477 NS_SS1335    (4)    7 :  0.022 0.013 0.017 0.110 0.006 0.816 0.016 
478 NS_SS1358    (0)    7 :  0.015 0.090 0.106 0.044 0.003 0.235 0.507 
479 NS_SS1342    (1)    7 :  0.001 0.010 0.470 0.045 0.011 0.145 0.317 
480 NS_SS1320    (3)    7 :  0.006 0.012 0.047 0.006 0.874 0.008 0.048 
481 NS_SS1355    (1)    7 :  0.014 0.226 0.272 0.008 0.378 0.089 0.013 
482 NS_SS1345    (1)    7 :  0.018 0.020 0.910 0.020 0.016 0.010 0.007 
483 NS_SS1324    (0)    7 :  0.003 0.043 0.085 0.256 0.069 0.510 0.034 
484 NS_SS1347    (5)    7 :  0.003 0.681 0.044 0.026 0.021 0.202 0.023 
485 NS_SS1321    (4)    7 :  0.001 0.384 0.027 0.013 0.009 0.078 0.488 
486 NS_SS1333    (0)    7 :  0.003 0.008 0.010 0.033 0.273 0.434 0.238 
487 NS_SS1364    (1)    7 :  0.003 0.034 0.194 0.646 0.008 0.104 0.011 
488 NS_SS1379    (0)    7 :  0.040 0.905 0.009 0.006 0.007 0.005 0.028 
489 NS_SS1332    (0)    7 :  0.006 0.007 0.008 0.902 0.014 0.052 0.010 
490 NS_SS1338    (5)    7 :  0.005 0.905 0.006 0.022 0.007 0.017 0.039 
491 NS_SS1368    (6)    7 :  0.005 0.007 0.169 0.701 0.024 0.063 0.031 
492 NS_SS1354    (1)    7 :  0.012 0.009 0.665 0.016 0.077 0.205 0.016 
493 NS_SS1365    (0)    7 :  0.009 0.171 0.031 0.297 0.459 0.013 0.020 
494 NS_SS1380    (1)    7 :  0.019 0.011 0.928 0.005 0.014 0.014 0.009 
495 NS_SS1329    (8)    7 :  0.003 0.008 0.726 0.141 0.007 0.028 0.088 
496 NS_SS1362    (0)    7 :  0.004 0.030 0.603 0.012 0.008 0.334 0.009 
497 NS_SS1327    (2)    7 :  0.003 0.006 0.004 0.634 0.005 0.339 0.010 
498 NS_SS1350    (0)    7 :  0.008 0.031 0.007 0.016 0.025 0.689 0.225 
499 NS_SS1387    (2)    7 :  0.003 0.819 0.012 0.012 0.094 0.045 0.015 
500 NS_SS1369    (8)    7 :  0.003 0.283 0.023 0.578 0.014 0.014 0.085 
501 NS_SS1331    (1)    7 :  0.010 0.007 0.009 0.034 0.094 0.014 0.831 
502 NS_SS1357    (5)    7 :  0.003 0.027 0.089 0.079 0.030 0.188 0.584 
503 NS_SS1386    (1)    7 :  0.003 0.007 0.015 0.865 0.006 0.068 0.036 
504 NS_SS1353    (2)    7 :  0.005 0.023 0.222 0.153 0.036 0.059 0.503 
505 NS_SS1323    (0)    7 :  0.082 0.087 0.220 0.012 0.073 0.227 0.299 
506 HI_SS0296    (0)    8 :  0.002 0.708 0.011 0.250 0.007 0.011 0.011 
507 HI_SS0297    (0)    8 :  0.001 0.028 0.056 0.112 0.028 0.074 0.701 
508 HI_SS0299    (0)    8 :  0.028 0.821 0.016 0.020 0.029 0.046 0.040 
509 HI_SS0300    (0)    8 :  0.001 0.823 0.006 0.138 0.007 0.011 0.013 
510 HI_SS0301    (0)    8 :  0.004 0.875 0.013 0.028 0.010 0.050 0.020 
511 HI_SS0302    (0)    8 :  0.020 0.021 0.009 0.926 0.006 0.010 0.007 
512 HI_SS0303    (0)    8 :  0.007 0.016 0.010 0.902 0.032 0.024 0.010 
513 HI_SS0304    (0)    8 :  0.002 0.025 0.019 0.078 0.146 0.021 0.709 
514 HI_SS0306    (5)    8 :  0.003 0.005 0.004 0.974 0.003 0.006 0.005 
