

----------------------------------------------------
STRUCTURE by Pritchard, Stephens and Donnelly (2000)
     and Falush, Stephens and Pritchard (2003)
       Code by Pritchard, Falush and Hubisz
             Version 2.3.4 (Jul 2012)
----------------------------------------------------



Command line arguments:   /home/genobiwan/Documents/Programs/Structure/structure -m parameter_job_k4_r3 
Input File:    /media/genobiwan/Storage/Projets/Mackerel_NWA_2021/data_job_k4_r3

Run parameters:
   629 individuals
   4140 loci
   4 populations assumed
   100000 Burn-in period
   200000 Reps


--------------------------------------------
Proportion of membership of each pre-defined
 population in each of the 4 clusters

Given    Inferred Clusters              Number of
 Pop       1      2      3      4      Individuals

  1:     0.292  0.364  0.012  0.332       67
  2:     0.213  0.436  0.008  0.343       32
  3:     0.266  0.353  0.013  0.368       92
  4:     0.407  0.364  0.015  0.213       36
  5:     0.380  0.177  0.019  0.424       41
  6:     0.361  0.331  0.013  0.295      158
  7:     0.307  0.391  0.009  0.293       79
  8:     0.379  0.325  0.013  0.283       52
  9:     0.005  0.006  0.983  0.005       36
 10:     0.004  0.004  0.989  0.003       36
--------------------------------------------

Allele-freq. divergence among pops (Net nucleotide distance),
computed using point estimates of P.

      1       2       3       4      
 1      -    0.0002  0.0050  0.0003  
 2   0.0002     -    0.0047  0.0001  
 3   0.0050  0.0047     -    0.0048  
 4   0.0003  0.0001  0.0048     -    

Average distances (expected heterozygosity) between individuals in same cluster:
cluster  1  : 0.3182 
cluster  2  : 0.3187 
cluster  3  : 0.3056 
cluster  4  : 0.3184 

--------------------------------------------
Estimated Ln Prob of Data   = -2471758.0
Mean value of ln likelihood = -2466583.3
Variance of ln likelihood   = 10349.5
Mean value of alpha         = 0.0382

Mean value of Fst_1         = 0.0027
Mean value of Fst_2         = 0.0015
Mean value of Fst_3         = 0.0378
Mean value of Fst_4         = 0.0021


Inferred ancestry of individuals:
        Label (%Miss) Pop:  Inferred clusters
  1 NS_SS0963    (4)    1 :  0.078 0.418 0.005 0.499 
  2 NS_SS0983    (1)    1 :  0.952 0.026 0.004 0.018 
  3 NS_SS0719    (9)    1 :  0.027 0.963 0.004 0.007 
  4 NS_SS1001    (8)    1 :  0.362 0.191 0.006 0.441 
  5 NS_SS0936    (4)    1 :  0.059 0.401 0.003 0.537 
  6 NS_SS0955    (6)    1 :  0.905 0.037 0.004 0.054 
  7 NS_SS0944    (3)    1 :  0.689 0.017 0.002 0.292 
  8 NS_SS0945    (3)    1 :  0.155 0.203 0.010 0.633 
  9 NS_SS0922    (2)    1 :  0.006 0.925 0.021 0.048 
 10 NS_SS0929    (7)    1 :  0.604 0.216 0.003 0.177 
 11 NS_SS0956    (1)    1 :  0.012 0.950 0.003 0.034 
 12 NS_SS0906    (3)    1 :  0.097 0.243 0.003 0.656 
 13 NS_SS0721    (6)    1 :  0.036 0.950 0.004 0.010 
 14 NS_SS0982    (4)    1 :  0.029 0.419 0.018 0.534 
 15 NS_SS0923    (6)    1 :  0.010 0.954 0.004 0.032 
 16 NS_SS0905    (6)    1 :  0.191 0.733 0.002 0.075 
 17 NS_SS0925    (3)    1 :  0.045 0.381 0.004 0.570 
 18 NS_SS0947    (6)    1 :  0.016 0.126 0.004 0.854 
 19 NS_SS0926    (2)    1 :  0.975 0.013 0.001 0.011 
 20 NS_SS0918    (6)    1 :  0.078 0.273 0.002 0.647 
 21 NS_SS0966    (4)    1 :  0.090 0.041 0.051 0.817 
 22 NS_SS0938    (2)    1 :  0.029 0.165 0.001 0.804 
 23 NS_SS0917    (2)    1 :  0.120 0.825 0.031 0.023 
 24 NS_SS0957   (11)    1 :  0.027 0.435 0.005 0.533 
 25 NS_SS0987    (1)    1 :  0.032 0.711 0.228 0.029 
 26 NS_SS0717    (4)    1 :  0.016 0.337 0.002 0.645 
 27 NS_SS0986    (2)    1 :  0.039 0.149 0.003 0.808 
 28 NS_SS0953    (3)    1 :  0.015 0.020 0.014 0.951 
 29 NS_SS0907    (3)    1 :  0.102 0.034 0.032 0.831 
 30 NS_SS0974    (6)    1 :  0.865 0.046 0.003 0.085 
 31 NS_SS0989    (1)    1 :  0.951 0.018 0.001 0.030 
 32 NS_SS0991    (3)    1 :  0.935 0.017 0.002 0.047 
 33 NS_SS0994    (2)    1 :  0.984 0.008 0.002 0.007 
 34 NS_SS0931    (6)    1 :  0.790 0.170 0.009 0.031 
 35 NS_SS1000    (5)    1 :  0.011 0.108 0.003 0.878 
 36 NS_SS0919    (1)    1 :  0.344 0.618 0.003 0.035 
 37 NS_SS0949    (4)    1 :  0.975 0.015 0.001 0.009 
 38 NS_SS0960   (10)    1 :  0.423 0.541 0.006 0.029 
 39 NS_SS0716    (2)    1 :  0.006 0.765 0.006 0.223 
 40 NS_SS0924    (8)    1 :  0.430 0.497 0.019 0.055 
 41 NS_SS0935    (2)    1 :  0.963 0.019 0.009 0.009 
 42 NS_SS0952   (14)    1 :  0.818 0.036 0.039 0.106 
 43 NS_SS0962   (11)    1 :  0.010 0.775 0.006 0.209 
 44 NS_SS0973    (5)    1 :  0.759 0.113 0.005 0.124 
 45 NS_SS0722    (1)    1 :  0.010 0.045 0.002 0.943 
 46 NS_SS0979   (13)    1 :  0.021 0.227 0.002 0.750 
 47 NS_SS0993    (2)    1 :  0.040 0.101 0.016 0.843 
 48 NS_SS0958    (1)    1 :  0.754 0.079 0.003 0.165 
 49 NS_SS0988    (4)    1 :  0.084 0.435 0.004 0.477 
 50 NS_SS1003    (2)    1 :  0.010 0.717 0.009 0.264 
 51 NS_SS0976    (1)    1 :  0.779 0.084 0.002 0.134 
 52 NS_SS0964   (10)    1 :  0.021 0.353 0.002 0.624 
 53 NS_SS0939    (4)    1 :  0.005 0.976 0.003 0.016 
 54 NS_SS0990    (6)    1 :  0.078 0.275 0.003 0.644 
 55 NS_SS0984    (2)    1 :  0.006 0.962 0.002 0.031 
 56 NS_SS0980   (10)    1 :  0.229 0.595 0.002 0.173 
 57 NS_SS0978    (4)    1 :  0.075 0.713 0.003 0.209 
 58 NS_SS0951   (18)    1 :  0.731 0.051 0.003 0.215 
 59 NS_SS0913    (3)    1 :  0.062 0.148 0.041 0.749 
 60 NS_SS1002    (1)    1 :  0.006 0.027 0.031 0.936 
 61 NS_SS0948    (1)    1 :  0.132 0.064 0.036 0.768 
 62 NS_SS0916    (4)    1 :  0.161 0.810 0.004 0.025 
 63 NS_SS0995    (1)    1 :  0.016 0.952 0.002 0.030 
 64 NS_SS0927    (6)    1 :  0.152 0.795 0.005 0.047 
 65 NS_SS0992    (5)    1 :  0.503 0.281 0.003 0.213 
 66 NS_SS0912    (1)    1 :  0.595 0.267 0.003 0.135 
 67 NS_SS0981    (1)    1 :  0.047 0.547 0.003 0.402 
 68 NS_SS0729    (5)    2 :  0.981 0.005 0.003 0.011 
 69 NS_SS0967   (15)    2 :  0.090 0.416 0.012 0.482 
 70 NS_SS0941    (8)    2 :  0.175 0.557 0.070 0.199 
 71 NS_SS0768   (12)    2 :  0.014 0.043 0.004 0.938 
 72 NS_SS0726    (5)    2 :  0.910 0.051 0.008 0.031 
 73 NS_SS0763    (4)    2 :  0.956 0.016 0.002 0.026 
 74 NS_SS0730    (6)    2 :  0.007 0.936 0.003 0.055 
 75 NS_SS0774    (2)    2 :  0.006 0.424 0.001 0.569 
 76 NS_SS0723    (3)    2 :  0.007 0.926 0.001 0.066 
 77 NS_SS0940   (10)    2 :  0.285 0.691 0.006 0.018 
 78 NS_SS0762    (1)    2 :  0.029 0.337 0.003 0.632 
 79 NS_SS0766   (11)    2 :  0.057 0.916 0.010 0.016 
 80 NS_SS0724    (1)    2 :  0.019 0.028 0.004 0.948 
 81 NS_SS0769    (3)    2 :  0.042 0.459 0.004 0.495 
 82 NS_SS0777    (1)    2 :  0.354 0.248 0.012 0.386 
 83 NS_SS0734    (6)    2 :  0.160 0.782 0.022 0.036 
 84 NS_SS0737    (3)    2 :  0.008 0.514 0.005 0.473 
 85 NS_SS0732    (5)    2 :  0.017 0.961 0.004 0.018 
 86 NS_SS0728    (5)    2 :  0.074 0.690 0.010 0.226 
 87 NS_SS0735    (9)    2 :  0.058 0.335 0.009 0.597 
 88 NS_SS0725    (1)    2 :  0.074 0.050 0.007 0.870 
 89 NS_SS0788    (2)    2 :  0.009 0.967 0.001 0.023 
 90 NS_SS0778    (2)    2 :  0.050 0.924 0.001 0.024 
 91 NS_SS0792    (6)    2 :  0.233 0.244 0.005 0.519 
 92 NS_SS0943   (11)    2 :  0.960 0.008 0.006 0.026 
 93 NS_SS0791    (2)    2 :  0.062 0.919 0.011 0.007 
 94 NS_SS0790    (5)    2 :  0.004 0.012 0.003 0.981 
 95 NS_SS0731    (6)    2 :  0.009 0.068 0.009 0.914 
 96 NS_SS0727    (7)    2 :  0.953 0.017 0.002 0.028 
 97 NS_SS0779   (13)    2 :  0.097 0.535 0.005 0.363 
 98 NS_SS0776    (3)    2 :  0.101 0.031 0.005 0.863 
 99 NS_SS0775    (5)    2 :  0.012 0.841 0.005 0.141 
100 NS_SS0965    (3)    3 :  0.046 0.855 0.002 0.098 
101 NS_SS0754   (14)    3 :  0.877 0.074 0.013 0.035 
102 NS_SS0838    (5)    3 :  0.128 0.136 0.036 0.700 
103 NS_SS0839    (3)    3 :  0.007 0.193 0.003 0.797 
104 NS_SS0832    (4)    3 :  0.005 0.097 0.038 0.860 
105 NS_SS0820    (5)    3 :  0.005 0.406 0.006 0.583 
106 NS_SS0886    (9)    3 :  0.163 0.797 0.002 0.038 
107 NS_SS0748    (5)    3 :  0.281 0.116 0.008 0.595 
108 NS_SS0884    (9)    3 :  0.092 0.472 0.022 0.414 
109 NS_SS0752    (4)    3 :  0.140 0.668 0.002 0.190 
110 NS_SS0862    (1)    3 :  0.011 0.915 0.003 0.070 
111 NS_SS0787    (9)    3 :  0.970 0.017 0.005 0.008 
112 NS_SS0843    (6)    3 :  0.223 0.108 0.002 0.666 
113 NS_SS0856    (4)    3 :  0.028 0.179 0.003 0.790 
114 NS_SS0846    (2)    3 :  0.236 0.024 0.003 0.737 
115 NS_SS0825    (1)    3 :  0.031 0.858 0.008 0.103 
116 NS_SS0757    (3)    3 :  0.687 0.215 0.004 0.094 
117 NS_SS0876    (3)    3 :  0.015 0.163 0.214 0.608 
118 NS_SS0903   (10)    3 :  0.031 0.353 0.002 0.614 
119 NS_SS0875    (7)    3 :  0.012 0.948 0.003 0.038 
120 NS_SS0740    (5)    3 :  0.660 0.142 0.003 0.195 
121 NS_SS0811    (5)    3 :  0.051 0.361 0.008 0.580 
122 NS_SS0751    (1)    3 :  0.030 0.860 0.002 0.108 
123 NS_SS0891    (6)    3 :  0.017 0.240 0.005 0.738 
124 NS_SS0867    (2)    3 :  0.719 0.136 0.032 0.113 
125 NS_SS0890    (6)    3 :  0.209 0.729 0.004 0.059 
126 NS_SS0866   (12)    3 :  0.952 0.016 0.006 0.026 
127 NS_SS0755    (4)    3 :  0.176 0.330 0.006 0.488 
128 NS_SS0758    (4)    3 :  0.118 0.199 0.002 0.681 
129 NS_SS0840    (2)    3 :  0.010 0.373 0.002 0.615 
130 NS_SS0889    (4)    3 :  0.923 0.026 0.002 0.049 
131 NS_SS1010    (1)    3 :  0.146 0.475 0.041 0.338 
132 NS_SS0888    (5)    3 :  0.968 0.024 0.002 0.006 
133 NS_SS0837    (3)    3 :  0.160 0.317 0.002 0.521 
134 NS_SS0794   (10)    3 :  0.887 0.015 0.002 0.096 
135 NS_SS0823    (5)    3 :  0.010 0.015 0.003 0.972 
136 NS_SS0829    (7)    3 :  0.869 0.011 0.105 0.015 
137 NS_SS0844    (5)    3 :  0.008 0.013 0.002 0.977 
138 NS_SS1008    (6)    3 :  0.923 0.033 0.012 0.033 
139 NS_SS0881    (3)    3 :  0.043 0.937 0.002 0.018 
140 NS_SS0834    (6)    3 :  0.007 0.013 0.006 0.974 
141 NS_SS0744   (10)    3 :  0.110 0.758 0.005 0.127 
142 NS_SS0899    (7)    3 :  0.006 0.027 0.001 0.966 
143 NS_SS0804    (5)    3 :  0.007 0.229 0.004 0.761 
144 NS_SS0781   (10)    3 :  0.005 0.036 0.003 0.956 
145 NS_SS0822    (6)    3 :  0.749 0.013 0.002 0.236 
146 NS_SS1004    (4)    3 :  0.158 0.151 0.004 0.686 
147 NS_SS0746    (5)    3 :  0.126 0.021 0.011 0.842 
148 NS_SS0880    (3)    3 :  0.142 0.482 0.001 0.374 
149 NS_SS0879    (5)    3 :  0.033 0.048 0.014 0.905 
150 NS_SS0753    (2)    3 :  0.954 0.021 0.009 0.016 
151 NS_SS1007    (3)    3 :  0.010 0.983 0.001 0.006 
152 NS_SS0872    (5)    3 :  0.007 0.051 0.002 0.941 
153 NS_SS1005    (7)    3 :  0.009 0.031 0.001 0.960 
154 NS_SS0892    (6)    3 :  0.078 0.760 0.002 0.159 
155 NS_SS0898    (0)    3 :  0.415 0.556 0.006 0.024 
156 NS_SS0801    (9)    3 :  0.030 0.272 0.010 0.689 
157 NS_SS0827    (9)    3 :  0.109 0.745 0.108 0.038 
158 NS_SS0853    (7)    3 :  0.133 0.342 0.006 0.519 
159 NS_SS0780    (2)    3 :  0.011 0.905 0.003 0.080 
160 NS_SS0826   (10)    3 :  0.042 0.009 0.003 0.947 
161 NS_SS0818    (5)    3 :  0.011 0.917 0.001 0.071 
162 NS_SS0745    (1)    3 :  0.008 0.539 0.001 0.452 
163 NS_SS0849    (3)    3 :  0.029 0.932 0.001 0.038 
164 NS_SS0739    (3)    3 :  0.006 0.980 0.008 0.006 
165 NS_SS0799    (1)    3 :  0.931 0.053 0.001 0.015 
166 NS_SS0756    (3)    3 :  0.010 0.165 0.003 0.823 
167 NS_SS0802    (2)    3 :  0.142 0.589 0.193 0.076 
168 NS_SS0747    (6)    3 :  0.158 0.329 0.007 0.506 
169 NS_SS0835    (1)    3 :  0.798 0.164 0.001 0.038 
170 NS_SS0742   (19)    3 :  0.050 0.495 0.001 0.453 
171 NS_SS0760    (9)    3 :  0.838 0.043 0.048 0.070 
172 NS_SS0803    (4)    3 :  0.007 0.010 0.006 0.977 
173 NS_SS0828   (14)    3 :  0.253 0.731 0.001 0.014 
174 NS_SS0865    (2)    3 :  0.122 0.722 0.027 0.129 
175 NS_SS0759    (5)    3 :  0.008 0.891 0.003 0.098 
176 NS_SS0851    (5)    3 :  0.007 0.838 0.013 0.142 
177 NS_SS0874   (16)    3 :  0.017 0.024 0.001 0.957 
178 NS_SS0761    (6)    3 :  0.894 0.049 0.002 0.054 
179 NS_SS0842   (26)    3 :  0.330 0.222 0.008 0.440 
180 NS_SS0785    (6)    3 :  0.401 0.223 0.005 0.371 
181 NS_SS0860   (11)    3 :  0.862 0.115 0.002 0.020 
182 NS_SS0897    (7)    3 :  0.975 0.016 0.002 0.007 
183 NS_SS0841   (15)    3 :  0.012 0.911 0.003 0.074 
184 NS_SS0797    (7)    3 :  0.497 0.431 0.024 0.048 
185 NS_SS0830   (11)    3 :  0.271 0.601 0.002 0.125 
186 NS_SS1011    (5)    3 :  0.008 0.070 0.005 0.917 
187 NS_SS0883    (5)    3 :  0.101 0.885 0.004 0.010 
188 NS_SS0782    (2)    3 :  0.060 0.321 0.002 0.616 
189 NS_SS0831    (5)    3 :  0.905 0.063 0.003 0.029 
190 NS_SS0749    (7)    3 :  0.239 0.745 0.004 0.012 
191 NS_SS0854    (2)    3 :  0.498 0.082 0.003 0.417 
192 HI_SS0193    (0)    4 :  0.968 0.017 0.001 0.014 
193 HI_SS0194    (1)    4 :  0.011 0.017 0.001 0.970 
194 HI_SS0195   (10)    4 :  0.005 0.741 0.080 0.174 
195 HI_SS0196    (6)    4 :  0.222 0.391 0.002 0.384 
196 HI_SS0197    (3)    4 :  0.006 0.842 0.011 0.142 
197 HI_SS0198    (1)    4 :  0.040 0.938 0.007 0.015 
198 HI_SS0199    (1)    4 :  0.847 0.126 0.003 0.024 
199 HI_SS0201    (5)    4 :  0.971 0.012 0.002 0.015 
200 HI_SS0215    (1)    4 :  0.739 0.161 0.003 0.097 
201 HI_SS0218    (1)    4 :  0.983 0.008 0.005 0.004 
202 HI_SS0222    (0)    4 :  0.024 0.935 0.004 0.037 
203 HI_SS0230    (1)    4 :  0.022 0.386 0.005 0.587 
204 HI_SS0234    (2)    4 :  0.032 0.436 0.139 0.393 
205 HI_SS0240    (1)    4 :  0.020 0.964 0.005 0.011 
206 HI_SS0241    (0)    4 :  0.905 0.048 0.002 0.045 
207 HI_SS0242    (0)    4 :  0.257 0.538 0.003 0.202 
208 HI_SS0247    (0)    4 :  0.014 0.011 0.018 0.957 
209 HI_SS0248    (1)    4 :  0.979 0.009 0.001 0.011 
210 HI_SS0252    (2)    4 :  0.025 0.015 0.002 0.958 
211 HI_SS0254    (0)    4 :  0.835 0.038 0.104 0.024 
212 HI_SS0256    (0)    4 :  0.004 0.018 0.001 0.977 
213 HI_SS0257    (0)    4 :  0.772 0.018 0.003 0.207 
214 HI_SS0258    (1)    4 :  0.965 0.020 0.004 0.012 
215 HI_SS0259    (1)    4 :  0.013 0.745 0.003 0.240 
216 HI_SS0260    (1)    4 :  0.959 0.026 0.001 0.014 
217 HI_SS0261    (2)    4 :  0.864 0.075 0.003 0.058 
218 HI_SS0262    (0)    4 :  0.013 0.897 0.006 0.084 
219 HI_SS0264    (0)    4 :  0.010 0.337 0.003 0.649 
220 HI_SS0265    (0)    4 :  0.013 0.805 0.085 0.097 
221 HI_SS0268    (1)    4 :  0.010 0.954 0.003 0.033 
222 HI_SS0269    (0)    4 :  0.956 0.018 0.002 0.025 
223 HI_SS0273    (0)    4 :  0.960 0.021 0.002 0.017 
224 HI_SS0277    (1)    4 :  0.022 0.955 0.002 0.021 
225 HI_SS0280    (0)    4 :  0.086 0.879 0.004 0.031 
226 HI_SS0282    (1)    4 :  0.935 0.034 0.001 0.030 
227 HI_SS0286    (1)    4 :  0.185 0.685 0.007 0.123 
228 NS_SS1252    (3)    5 :  0.973 0.007 0.003 0.017 
229 NS_SS1261    (1)    5 :  0.078 0.163 0.015 0.744 
230 NS_SS1225   (10)    5 :  0.391 0.024 0.090 0.495 
231 NS_SS1266    (1)    5 :  0.005 0.009 0.008 0.978 
232 NS_SS1228    (0)    5 :  0.017 0.897 0.012 0.075 
233 NS_SS1255    (3)    5 :  0.340 0.142 0.001 0.517 
234 NS_SS1267    (3)    5 :  0.961 0.021 0.014 0.005 
235 NS_SS1238    (6)    5 :  0.192 0.418 0.003 0.388 
236 NS_SS1233    (8)    5 :  0.035 0.017 0.002 0.946 
237 NS_SS1277    (3)    5 :  0.953 0.038 0.001 0.008 
238 NS_SS1245    (1)    5 :  0.682 0.025 0.002 0.291 
239 NS_SS1240    (4)    5 :  0.974 0.012 0.002 0.012 
240 NS_SS1275    (2)    5 :  0.007 0.162 0.003 0.829 
241 NS_SS1235    (1)    5 :  0.045 0.010 0.004 0.940 
242 NS_SS1263    (1)    5 :  0.034 0.023 0.001 0.942 
243 NS_SS1251    (2)    5 :  0.022 0.017 0.001 0.959 
244 NS_SS1248    (0)    5 :  0.204 0.584 0.097 0.115 
245 NS_SS1244    (0)    5 :  0.361 0.408 0.005 0.226 
246 NS_SS1257    (1)    5 :  0.730 0.176 0.031 0.062 
247 NS_SS1242    (2)    5 :  0.007 0.209 0.002 0.782 
248 NS_SS1271    (6)    5 :  0.958 0.016 0.021 0.005 
249 NS_SS1265    (1)    5 :  0.466 0.030 0.021 0.483 
250 NS_SS1243    (0)    5 :  0.075 0.344 0.087 0.494 
251 NS_SS1273    (1)    5 :  0.008 0.518 0.008 0.466 
252 NS_SS1254   (14)    5 :  0.053 0.027 0.006 0.914 
253 NS_SS1224    (1)    5 :  0.015 0.071 0.006 0.909 
254 NS_SS1227    (8)    5 :  0.874 0.116 0.002 0.008 
255 NS_SS1274    (9)    5 :  0.923 0.032 0.018 0.027 
256 NS_SS1241    (1)    5 :  0.873 0.015 0.001 0.111 
257 NS_SS1256    (3)    5 :  0.060 0.011 0.029 0.901 
258 NS_SS1260    (8)    5 :  0.783 0.103 0.069 0.044 
259 NS_SS1262    (0)    5 :  0.719 0.049 0.172 0.061 
260 NS_SS1230    (0)    5 :  0.645 0.146 0.007 0.202 
261 NS_SS1270    (2)    5 :  0.017 0.018 0.002 0.962 
262 NS_SS1229    (2)    5 :  0.058 0.103 0.004 0.835 
263 NS_SS1246    (5)    5 :  0.824 0.096 0.003 0.076 
264 NS_SS1269    (0)    5 :  0.023 0.812 0.002 0.162 
265 NS_SS1239    (1)    5 :  0.153 0.816 0.005 0.026 
266 NS_SS1272    (5)    5 :  0.007 0.012 0.005 0.976 
267 NS_SS1268    (1)    5 :  0.062 0.556 0.002 0.380 
268 NS_SS1249    (1)    5 :  0.969 0.008 0.011 0.012 
269 HI_SS0559    (0)    6 :  0.785 0.143 0.002 0.070 
270 HI_SS0563    (1)    6 :  0.164 0.713 0.003 0.120 
271 HI_SS0564    (0)    6 :  0.018 0.877 0.044 0.061 
272 HI_SS0565    (0)    6 :  0.132 0.696 0.003 0.170 
273 HI_SS0569    (1)    6 :  0.954 0.022 0.002 0.022 
274 HI_SS0570    (0)    6 :  0.874 0.047 0.039 0.040 
275 HI_SS0572    (1)    6 :  0.008 0.012 0.002 0.978 
276 HI_SS0576    (1)    6 :  0.015 0.969 0.005 0.012 
277 HI_SS0579    (1)    6 :  0.579 0.030 0.015 0.375 
278 HI_SS0580    (1)    6 :  0.419 0.476 0.004 0.100 
279 HI_SS0581    (0)    6 :  0.012 0.530 0.059 0.399 
280 HI_SS0583    (1)    6 :  0.808 0.016 0.002 0.173 
281 HI_SS0586    (1)    6 :  0.981 0.011 0.001 0.007 
282 HI_SS0588    (1)    6 :  0.876 0.023 0.021 0.080 
283 HI_SS0595    (4)    6 :  0.176 0.781 0.020 0.023 
284 HI_SS0596    (0)    6 :  0.008 0.011 0.002 0.979 
285 HI_SS0597    (1)    6 :  0.009 0.016 0.002 0.974 
286 HI_SS0600    (0)    6 :  0.373 0.449 0.004 0.174 
287 HI_SS0601    (1)    6 :  0.883 0.020 0.013 0.084 
288 HI_SS0602    (1)    6 :  0.369 0.593 0.002 0.037 
289 HI_SS0604    (0)    6 :  0.064 0.048 0.002 0.886 
290 HI_SS0605    (1)    6 :  0.119 0.850 0.006 0.025 
291 HI_SS0608    (0)    6 :  0.605 0.336 0.001 0.058 
292 HI_SS0609    (0)    6 :  0.011 0.032 0.001 0.956 
293 HI_SS0611    (5)    6 :  0.954 0.023 0.003 0.020 
294 HI_SS0612    (0)    6 :  0.281 0.090 0.006 0.623 
295 HI_SS0613    (1)    6 :  0.085 0.796 0.001 0.118 
296 HI_SS0615    (1)    6 :  0.012 0.960 0.008 0.020 
297 HI_SS0001    (1)    6 :  0.570 0.189 0.004 0.237 
298 HI_SS0002    (1)    6 :  0.009 0.014 0.020 0.957 
299 HI_SS0004    (0)    6 :  0.819 0.068 0.005 0.109 
300 HI_SS0005    (1)    6 :  0.018 0.966 0.006 0.011 
301 HI_SS0006    (1)    6 :  0.451 0.016 0.002 0.532 
302 HI_SS0007    (1)    6 :  0.913 0.067 0.003 0.017 
303 HI_SS0008    (0)    6 :  0.258 0.518 0.038 0.186 
304 HI_SS0009    (0)    6 :  0.034 0.767 0.005 0.194 
305 HI_SS0010    (1)    6 :  0.847 0.124 0.004 0.026 
306 HI_SS0011    (1)    6 :  0.039 0.141 0.081 0.739 
307 HI_SS0012    (0)    6 :  0.012 0.888 0.004 0.096 
308 HI_SS0017    (1)    6 :  0.024 0.055 0.002 0.920 
309 HI_SS0021    (1)    6 :  0.391 0.240 0.245 0.124 
310 HI_SS0024    (1)    6 :  0.032 0.830 0.002 0.136 
311 HI_SS0025    (1)    6 :  0.012 0.181 0.003 0.803 
312 HI_SS0027    (0)    6 :  0.946 0.034 0.011 0.009 
313 HI_SS0028    (0)    6 :  0.007 0.951 0.001 0.041 
314 HI_SS0029    (1)    6 :  0.017 0.894 0.006 0.083 
315 HI_SS0030    (2)    6 :  0.908 0.044 0.005 0.043 
316 HI_SS0031    (0)    6 :  0.043 0.927 0.003 0.027 
317 HI_SS0034    (0)    6 :  0.937 0.029 0.005 0.029 
318 HI_SS0036    (0)    6 :  0.441 0.542 0.010 0.006 
319 HI_SS0037    (1)    6 :  0.814 0.047 0.005 0.134 
320 HI_SS0039    (0)    6 :  0.806 0.178 0.003 0.013 
321 HI_SS0041    (1)    6 :  0.008 0.868 0.002 0.123 
322 HI_SS0042    (1)    6 :  0.009 0.672 0.102 0.217 
323 HI_SS0043    (1)    6 :  0.977 0.014 0.002 0.007 
324 HI_SS0044    (1)    6 :  0.092 0.747 0.002 0.158 
325 HI_SS0047    (1)    6 :  0.025 0.026 0.002 0.947 
326 HI_SS0049    (1)    6 :  0.050 0.057 0.004 0.890 
327 HI_SS0051    (1)    6 :  0.101 0.608 0.002 0.289 
328 HI_SS0053    (1)    6 :  0.973 0.013 0.004 0.010 
329 HI_SS0054    (4)    6 :  0.979 0.009 0.003 0.010 
330 HI_SS0057    (0)    6 :  0.264 0.187 0.004 0.545 
331 HI_SS0058    (0)    6 :  0.129 0.020 0.006 0.846 
332 HI_SS0060    (0)    6 :  0.169 0.665 0.079 0.087 
333 HI_SS0087    (1)    6 :  0.226 0.160 0.002 0.612 
334 HI_SS0091    (1)    6 :  0.957 0.020 0.001 0.021 
335 HI_SS0095    (1)    6 :  0.226 0.431 0.057 0.285 
336 HI_SS0097    (3)    6 :  0.114 0.035 0.004 0.848 
337 HI_SS0099    (1)    6 :  0.015 0.701 0.003 0.280 
338 HI_SS0103    (0)    6 :  0.028 0.109 0.003 0.860 
339 HI_SS0105    (1)    6 :  0.055 0.335 0.025 0.585 
340 HI_SS0107    (1)    6 :  0.009 0.020 0.001 0.971 
341 HI_SS0108    (1)    6 :  0.961 0.013 0.020 0.006 
342 HI_SS0110    (0)    6 :  0.229 0.717 0.001 0.053 
343 HI_SS0111    (1)    6 :  0.026 0.920 0.019 0.036 
344 HI_SS0112    (0)    6 :  0.982 0.012 0.001 0.005 
345 HI_SS0113    (1)    6 :  0.006 0.018 0.003 0.973 
346 HI_SS0114    (1)    6 :  0.837 0.144 0.005 0.014 
347 HI_SS0115    (1)    6 :  0.598 0.330 0.015 0.056 
348 HI_SS0116    (4)    6 :  0.918 0.023 0.003 0.055 
349 HI_SS0117    (0)    6 :  0.376 0.070 0.002 0.552 
350 HI_SS0118    (0)    6 :  0.337 0.049 0.010 0.603 
351 HI_SS0119    (1)    6 :  0.838 0.124 0.002 0.036 
352 HI_SS0120    (1)    6 :  0.008 0.008 0.003 0.981 
353 HI_SS0121    (0)    6 :  0.013 0.387 0.002 0.599 
354 HI_SS0122    (2)    6 :  0.031 0.714 0.020 0.236 
355 HI_SS0123    (0)    6 :  0.096 0.680 0.005 0.219 
356 HI_SS0124    (1)    6 :  0.012 0.778 0.002 0.207 
357 HI_SS0125    (1)    6 :  0.004 0.965 0.023 0.008 
358 HI_SS0126    (0)    6 :  0.976 0.012 0.001 0.011 
359 HI_SS0127    (0)    6 :  0.538 0.293 0.011 0.158 
360 HI_SS0128    (0)    6 :  0.258 0.109 0.003 0.631 
361 HI_SS0129    (1)    6 :  0.185 0.756 0.010 0.049 
362 HI_SS0131    (2)    6 :  0.422 0.156 0.037 0.384 
363 HI_SS0132    (0)    6 :  0.439 0.479 0.001 0.081 
364 HI_SS0133    (1)    6 :  0.990 0.006 0.001 0.003 
365 HI_SS0134    (1)    6 :  0.336 0.315 0.002 0.347 
366 HI_SS0142    (3)    6 :  0.035 0.293 0.018 0.655 
367 HI_SS0145    (0)    6 :  0.566 0.084 0.002 0.348 
368 HI_SS0146    (1)    6 :  0.910 0.074 0.001 0.014 
369 HI_SS0147    (1)    6 :  0.007 0.087 0.020 0.886 
370 HI_SS0149    (1)    6 :  0.216 0.608 0.004 0.172 
371 HI_SS0150    (2)    6 :  0.013 0.884 0.004 0.099 
372 HI_SS0151    (0)    6 :  0.433 0.477 0.013 0.077 
373 NS_SS1451    (1)    6 :  0.009 0.841 0.003 0.147 
374 NS_SS1404    (0)    6 :  0.022 0.709 0.009 0.260 
375 NS_SS1432    (2)    6 :  0.005 0.944 0.028 0.023 
376 NS_SS1405    (5)    6 :  0.037 0.770 0.003 0.190 
377 NS_SS1431   (10)    6 :  0.011 0.401 0.001 0.587 
378 NS_SS1402    (3)    6 :  0.038 0.531 0.002 0.428 
379 NS_SS1450    (3)    6 :  0.513 0.398 0.004 0.085 
380 NS_SS1396    (0)    6 :  0.051 0.616 0.006 0.327 
381 NS_SS1393    (5)    6 :  0.371 0.575 0.003 0.052 
382 NS_SS1392   (10)    6 :  0.016 0.899 0.015 0.070 
383 NS_SS1445    (0)    6 :  0.904 0.044 0.009 0.044 
384 NS_SS1423    (0)    6 :  0.877 0.016 0.001 0.106 
385 NS_SS1421    (9)    6 :  0.617 0.224 0.109 0.050 
386 NS_SS1411    (6)    6 :  0.810 0.159 0.002 0.030 
387 NS_SS1453    (6)    6 :  0.309 0.441 0.006 0.244 
388 NS_SS1442    (3)    6 :  0.095 0.098 0.004 0.803 
389 NS_SS1422    (1)    6 :  0.474 0.031 0.013 0.482 
390 NS_SS1419    (1)    6 :  0.029 0.125 0.168 0.678 
391 NS_SS1427    (0)    6 :  0.980 0.012 0.002 0.006 
392 NS_SS1444    (4)    6 :  0.011 0.251 0.004 0.733 
393 NS_SS1455    (0)    6 :  0.009 0.009 0.001 0.981 
394 NS_SS1425    (2)    6 :  0.975 0.013 0.001 0.010 
395 NS_SS1400    (0)    6 :  0.959 0.006 0.002 0.033 
396 NS_SS1406    (2)    6 :  0.007 0.092 0.006 0.895 
397 NS_SS1417    (6)    6 :  0.099 0.048 0.007 0.846 
398 NS_SS1454    (3)    6 :  0.502 0.302 0.001 0.195 
399 NS_SS1412    (1)    6 :  0.372 0.060 0.022 0.547 
400 NS_SS1438    (1)    6 :  0.948 0.012 0.001 0.039 
401 NS_SS1416    (4)    6 :  0.018 0.672 0.006 0.305 
402 NS_SS1401    (0)    6 :  0.033 0.342 0.012 0.613 
403 NS_SS1424    (6)    6 :  0.661 0.247 0.014 0.078 
404 NS_SS1435   (10)    6 :  0.214 0.749 0.002 0.035 
405 NS_SS1447    (4)    6 :  0.009 0.009 0.006 0.976 
406 NS_SS1414    (3)    6 :  0.011 0.019 0.007 0.962 
407 NS_SS1449   (14)    6 :  0.092 0.123 0.004 0.780 
408 NS_SS1443    (4)    6 :  0.981 0.009 0.002 0.008 
409 NS_SS1434    (1)    6 :  0.430 0.064 0.001 0.505 
410 NS_SS1398    (1)    6 :  0.062 0.891 0.015 0.031 
411 NS_SS1426    (1)    6 :  0.977 0.013 0.002 0.008 
412 NS_SS1413    (0)    6 :  0.965 0.007 0.010 0.018 
413 NS_SS1395    (1)    6 :  0.857 0.077 0.011 0.054 
414 NS_SS1448   (10)    6 :  0.557 0.391 0.002 0.050 
415 NS_SS1446    (0)    6 :  0.169 0.337 0.003 0.491 
416 NS_SS1403    (2)    6 :  0.040 0.829 0.006 0.126 
417 NS_SS1415    (0)    6 :  0.956 0.028 0.008 0.009 
418 NS_SS1437    (4)    6 :  0.088 0.544 0.008 0.360 
419 NS_SS1439    (2)    6 :  0.029 0.074 0.003 0.895 
420 NS_SS1441    (3)    6 :  0.834 0.080 0.002 0.083 
421 NS_SS1420    (2)    6 :  0.013 0.883 0.003 0.102 
422 NS_SS1394    (2)    6 :  0.008 0.917 0.030 0.045 
423 NS_SS1391    (7)    6 :  0.748 0.054 0.016 0.182 
424 NS_SS1410    (5)    6 :  0.165 0.116 0.013 0.706 
425 NS_SS1408    (1)    6 :  0.031 0.876 0.048 0.045 
426 NS_SS1409    (1)    6 :  0.123 0.760 0.002 0.115 
427 HI_SS0617    (1)    7 :  0.058 0.756 0.001 0.184 
428 HI_SS0618    (2)    7 :  0.016 0.952 0.002 0.029 
429 HI_SS0619    (0)    7 :  0.136 0.448 0.003 0.412 
430 HI_SS0620    (1)    7 :  0.982 0.009 0.003 0.007 
431 HI_SS0621    (3)    7 :  0.037 0.595 0.014 0.354 
432 HI_SS0622    (1)    7 :  0.599 0.074 0.012 0.314 
433 HI_SS0626    (0)    7 :  0.018 0.954 0.006 0.022 
434 HI_SS0627    (0)    7 :  0.008 0.139 0.008 0.845 
435 HI_SS0628    (3)    7 :  0.103 0.808 0.041 0.048 
436 HI_SS0629    (1)    7 :  0.145 0.630 0.006 0.219 
437 HI_SS0630    (1)    7 :  0.339 0.585 0.047 0.029 
438 HI_SS0631    (0)    7 :  0.905 0.076 0.001 0.018 
439 HI_SS0632    (0)    7 :  0.086 0.267 0.003 0.644 
440 HI_SS0633    (0)    7 :  0.014 0.292 0.003 0.691 
441 HI_SS0634    (1)    7 :  0.014 0.920 0.002 0.064 
442 HI_SS0635    (0)    7 :  0.019 0.821 0.007 0.152 
443 HI_SS0637    (1)    7 :  0.022 0.758 0.002 0.218 
444 HI_SS0638    (0)    7 :  0.384 0.569 0.001 0.045 
445 HI_SS0639    (1)    7 :  0.008 0.731 0.037 0.223 
446 HI_SS0640    (1)    7 :  0.627 0.268 0.002 0.104 
447 HI_SS0641    (1)    7 :  0.378 0.583 0.005 0.034 
448 HI_SS0642    (0)    7 :  0.094 0.822 0.002 0.083 
449 HI_SS0645    (0)    7 :  0.014 0.947 0.001 0.038 
450 HI_SS0646    (1)    7 :  0.291 0.366 0.003 0.340 
451 HI_SS0647    (1)    7 :  0.366 0.263 0.001 0.370 
452 HI_SS0648    (0)    7 :  0.138 0.786 0.002 0.074 
453 HI_SS0649    (1)    7 :  0.049 0.363 0.002 0.586 
454 HI_SS0650    (1)    7 :  0.076 0.513 0.004 0.407 
455 HI_SS0651    (1)    7 :  0.603 0.259 0.004 0.133 
456 HI_SS0652    (1)    7 :  0.019 0.907 0.003 0.071 
457 NS_SS1371    (3)    7 :  0.622 0.322 0.007 0.049 
458 NS_SS1374    (0)    7 :  0.312 0.677 0.002 0.009 
459 NS_SS1337    (3)    7 :  0.024 0.355 0.003 0.617 
460 NS_SS1385    (5)    7 :  0.123 0.035 0.004 0.838 
461 NS_SS1388    (0)    7 :  0.028 0.424 0.007 0.541 
462 NS_SS1370    (1)    7 :  0.080 0.798 0.009 0.113 
463 NS_SS1389    (3)    7 :  0.012 0.304 0.003 0.681 
464 NS_SS1360    (1)    7 :  0.905 0.060 0.004 0.030 
465 NS_SS1330    (0)    7 :  0.012 0.664 0.003 0.320 
466 NS_SS1328    (9)    7 :  0.845 0.096 0.002 0.056 
467 NS_SS1384    (1)    7 :  0.582 0.266 0.004 0.148 
468 NS_SS1381    (0)    7 :  0.008 0.028 0.001 0.963 
469 NS_SS1375    (1)    7 :  0.013 0.951 0.001 0.035 
470 NS_SS1319   (11)    7 :  0.125 0.761 0.081 0.033 
471 NS_SS1326    (2)    7 :  0.919 0.034 0.012 0.035 
472 NS_SS1341    (1)    7 :  0.072 0.017 0.004 0.907 
473 NS_SS1383    (2)    7 :  0.085 0.877 0.004 0.034 
474 NS_SS1318    (3)    7 :  0.075 0.085 0.015 0.825 
475 NS_SS1348    (2)    7 :  0.981 0.008 0.001 0.010 
476 NS_SS1363    (0)    7 :  0.029 0.687 0.004 0.280 
477 NS_SS1335    (4)    7 :  0.904 0.058 0.028 0.011 
478 NS_SS1358    (0)    7 :  0.709 0.050 0.015 0.226 
479 NS_SS1342    (1)    7 :  0.770 0.024 0.001 0.204 
480 NS_SS1320    (3)    7 :  0.004 0.080 0.005 0.910 
481 NS_SS1355    (1)    7 :  0.010 0.011 0.011 0.967 
482 NS_SS1345    (1)    7 :  0.050 0.015 0.016 0.920 
483 NS_SS1324    (0)    7 :  0.462 0.398 0.002 0.138 
484 NS_SS1347    (5)    7 :  0.762 0.197 0.004 0.037 
485 NS_SS1321    (4)    7 :  0.565 0.402 0.001 0.032 
486 NS_SS1333    (0)    7 :  0.040 0.949 0.002 0.008 
487 NS_SS1364    (1)    7 :  0.557 0.014 0.002 0.427 
488 NS_SS1379    (0)    7 :  0.119 0.149 0.053 0.678 
489 NS_SS1332    (0)    7 :  0.972 0.009 0.005 0.014 
490 NS_SS1338    (5)    7 :  0.447 0.538 0.006 0.009 
491 NS_SS1368    (6)    7 :  0.490 0.044 0.005 0.460 
492 NS_SS1354    (1)    7 :  0.030 0.071 0.010 0.889 
493 NS_SS1365    (0)    7 :  0.023 0.769 0.008 0.200 
494 NS_SS1380    (1)    7 :  0.009 0.015 0.018 0.958 
495 NS_SS1329    (8)    7 :  0.618 0.018 0.003 0.362 
496 NS_SS1362    (0)    7 :  0.251 0.282 0.005 0.462 
497 NS_SS1327    (2)    7 :  0.987 0.006 0.003 0.003 
498 NS_SS1350    (0)    7 :  0.232 0.744 0.008 0.016 
499 NS_SS1387    (2)    7 :  0.020 0.887 0.003 0.090 
500 NS_SS1369    (8)    7 :  0.947 0.027 0.004 0.023 
501 NS_SS1331    (1)    7 :  0.090 0.865 0.008 0.037 
502 NS_SS1357    (5)    7 :  0.682 0.099 0.003 0.216 
503 NS_SS1386    (1)    7 :  0.986 0.006 0.003 0.006 
504 NS_SS1353    (2)    7 :  0.061 0.077 0.003 0.859 
505 NS_SS1323    (0)    7 :  0.051 0.169 0.075 0.705 
506 HI_SS0296    (0)    8 :  0.937 0.045 0.001 0.016 
507 HI_SS0297    (0)    8 :  0.186 0.785 0.001 0.028 
508 HI_SS0299    (0)    8 :  0.525 0.147 0.036 0.292 
509 HI_SS0300    (0)    8 :  0.623 0.213 0.001 0.164 
510 HI_SS0301    (0)    8 :  0.061 0.663 0.003 0.272 
511 HI_SS0302    (0)    8 :  0.948 0.019 0.020 0.013 
512 HI_SS0303    (0)    8 :  0.941 0.012 0.006 0.042 
513 HI_SS0304    (0)    8 :  0.024 0.757 0.002 0.217 
514 HI_SS0306    (5)    8 :  0.981 0.010 0.003 0.006 
515 HI_SS0307    (1)    8 :  0.011 0.781 0.007 0.201 
516 HI_SS0308    (1)    8 :  0.050 0.763 0.072 0.115 
517 HI_SS0309    (0)    8 :  0.029 0.630 0.002 0.338 
518 HI_SS0310    (0)    8 :  0.314 0.041 0.007 0.637 
519 HI_SS0311    (4)    8 :  0.129 0.665 0.002 0.204 
520 HI_SS0314    (0)    8 :  0.142 0.392 0.001 0.465 
521 HI_SS0316    (1)    8 :  0.877 0.063 0.004 0.055 
522 HI_SS0317    (3)    8 :  0.019 0.956 0.002 0.024 
523 HI_SS0318    (1)    8 :  0.596 0.173 0.197 0.034 
524 HI_SS0319    (0)    8 :  0.983 0.007 0.005 0.006 
525 HI_SS0320    (3)    8 :  0.006 0.914 0.001 0.079 
526 HI_SS0321    (0)    8 :  0.221 0.767 0.002 0.010 
527 HI_SS0323    (1)    8 :  0.081 0.887 0.001 0.031 
528 HI_SS0325    (2)    8 :  0.924 0.040 0.002 0.035 
529 HI_SS0327    (1)    8 :  0.941 0.040 0.001 0.017 
530 HI_SS0329    (1)    8 :  0.028 0.438 0.001 0.533 
531 HI_SS0333    (1)    8 :  0.051 0.597 0.003 0.349 
532 HI_SS0334    (1)    8 :  0.951 0.026 0.001 0.021 
533 HI_SS0335    (1)    8 :  0.013 0.011 0.016 0.960 
534 HI_SS0339    (0)    8 :  0.035 0.042 0.010 0.913 
535 HI_SS0343    (2)    8 :  0.018 0.014 0.001 0.967 
536 HI_SS0344    (1)    8 :  0.987 0.006 0.003 0.005 
537 HI_SS0345    (3)    8 :  0.047 0.047 0.007 0.898 
538 HI_SS0346    (0)    8 :  0.037 0.908 0.003 0.051 
539 HI_SS0350    (1)    8 :  0.006 0.018 0.008 0.968 
540 HI_SS0351    (0)    8 :  0.154 0.018 0.003 0.825 
541 HI_SS0352    (3)    8 :  0.026 0.017 0.087 0.870 
542 HI_SS0362    (0)    8 :  0.229 0.761 0.002 0.009 
543 HI_SS0363    (1)    8 :  0.971 0.009 0.003 0.017 
544 HI_SS0365    (0)    8 :  0.810 0.098 0.005 0.087 
545 HI_SS0366    (0)    8 :  0.966 0.011 0.001 0.022 
546 HI_SS0367    (1)    8 :  0.005 0.010 0.002 0.983 
547 HI_SS0369    (1)    8 :  0.015 0.240 0.003 0.742 
548 HI_SS0370    (0)    8 :  0.178 0.535 0.003 0.283 
549 HI_SS0371    (4)    8 :  0.801 0.163 0.005 0.032 
550 HI_SS0373    (3)    8 :  0.031 0.939 0.008 0.022 
551 HI_SS0374    (0)    8 :  0.015 0.600 0.026 0.359 
552 HI_SS0377    (0)    8 :  0.850 0.023 0.087 0.040 
553 HI_SS0379    (1)    8 :  0.992 0.004 0.001 0.003 
554 HI_SS0380    (1)    8 :  0.013 0.164 0.007 0.816 
555 HI_SS0381    (2)    8 :  0.012 0.448 0.004 0.536 
556 HI_SS0384    (3)    8 :  0.545 0.367 0.007 0.081 
557 HI_SS0385    (1)    8 :  0.375 0.600 0.001 0.024 
558 HI_SS0386    (0)    9 :  0.001 0.001 0.995 0.002 
559 HI_SS0387    (0)    9 :  0.013 0.014 0.962 0.012 
560 HI_SS0389    (2)    9 :  0.003 0.003 0.990 0.004 
561 HI_SS0390    (2)    9 :  0.002 0.002 0.995 0.001 
562 HI_SS0391    (3)    9 :  0.002 0.003 0.992 0.003 
563 HI_SS0392    (0)    9 :  0.002 0.001 0.995 0.001 
564 HI_SS0393    (2)    9 :  0.002 0.001 0.995 0.001 
565 HI_SS0394    (2)    9 :  0.002 0.002 0.995 0.001 
566 HI_SS0395    (2)    9 :  0.004 0.004 0.988 0.004 
567 HI_SS0396    (2)    9 :  0.007 0.011 0.972 0.010 
568 HI_SS0398    (2)    9 :  0.005 0.006 0.983 0.006 
569 HI_SS0399    (2)    9 :  0.001 0.001 0.997 0.001 
570 HI_SS0400    (3)    9 :  0.002 0.002 0.994 0.002 
571 HI_SS0401    (5)    9 :  0.001 0.002 0.995 0.002 
572 HI_SS0402    (0)    9 :  0.001 0.001 0.996 0.001 
573 HI_SS0403    (0)    9 :  0.002 0.001 0.995 0.002 
574 HI_SS0404    (2)    9 :  0.001 0.001 0.997 0.001 
575 HI_SS0405    (2)    9 :  0.013 0.015 0.952 0.020 
576 HI_SS0406    (2)    9 :  0.002 0.002 0.995 0.002 
577 HI_SS0407    (0)    9 :  0.007 0.007 0.979 0.008 
578 HI_SS0408    (0)    9 :  0.001 0.001 0.996 0.001 
579 HI_SS0409    (2)    9 :  0.003 0.003 0.991 0.003 
580 HI_SS0411    (2)    9 :  0.003 0.003 0.991 0.002 
581 HI_SS0412   (11)    9 :  0.055 0.084 0.810 0.050 
582 HI_SS0413    (0)    9 :  0.002 0.002 0.993 0.002 
583 HI_SS0414    (2)    9 :  0.009 0.022 0.949 0.021 
584 HI_SS0415    (2)    9 :  0.002 0.002 0.994 0.002 
585 HI_SS0416    (2)    9 :  0.003 0.004 0.990 0.003 
586 HI_SS0418    (2)    9 :  0.005 0.005 0.987 0.004 
587 HI_SS0419    (3)    9 :  0.002 0.003 0.991 0.003 
588 HI_SS0420    (0)    9 :  0.002 0.002 0.994 0.002 
589 HI_SS0421    (4)    9 :  0.004 0.004 0.987 0.005 
590 HI_SS0422    (3)    9 :  0.001 0.001 0.996 0.002 
591 HI_SS0423    (2)    9 :  0.003 0.004 0.988 0.004 
592 HI_SS0424    (1)    9 :  0.001 0.002 0.995 0.002 
593 HI_SS0425    (0)    9 :  0.002 0.004 0.990 0.004 
594 NS_SS1146    (3)   10 :  0.002 0.002 0.993 0.002 
595 NS_SS1157    (1)   10 :  0.007 0.005 0.982 0.006 
596 NS_SS1144    (7)   10 :  0.025 0.020 0.941 0.014 
597 NS_SS1074    (3)   10 :  0.003 0.003 0.990 0.004 
598 NS_SS1122    (0)   10 :  0.005 0.003 0.987 0.005 
599 NS_SS1136    (2)   10 :  0.001 0.001 0.997 0.001 
600 NS_SS1077    (4)   10 :  0.001 0.001 0.998 0.001 
601 NS_SS1134    (2)   10 :  0.010 0.015 0.969 0.007 
602 NS_SS1091    (1)   10 :  0.002 0.002 0.994 0.002 
603 NS_SS1089   (10)   10 :  0.003 0.002 0.993 0.002 
604 NS_SS1123    (2)   10 :  0.002 0.002 0.995 0.002 
605 NS_SS1158    (3)   10 :  0.001 0.001 0.997 0.001 
606 NS_SS1093    (3)   10 :  0.002 0.002 0.994 0.002 
607 NS_SS1102    (5)   10 :  0.004 0.005 0.984 0.006 
608 NS_SS1056    (0)   10 :  0.002 0.001 0.995 0.002 
609 NS_SS1126    (2)   10 :  0.003 0.003 0.992 0.003 
610 NS_SS1058   (15)   10 :  0.003 0.004 0.988 0.004 
611 NS_SS1084    (2)   10 :  0.001 0.002 0.996 0.001 
612 NS_SS1095    (3)   10 :  0.008 0.006 0.982 0.005 
613 NS_SS1079    (3)   10 :  0.002 0.002 0.995 0.002 
614 NS_SS1149    (0)   10 :  0.002 0.003 0.992 0.003 
615 NS_SS1121    (0)   10 :  0.001 0.002 0.996 0.002 
616 NS_SS1067    (0)   10 :  0.004 0.005 0.985 0.006 
617 NS_SS1081    (2)   10 :  0.003 0.003 0.993 0.002 
618 NS_SS1130    (0)   10 :  0.002 0.003 0.991 0.003 
619 NS_SS1073    (2)   10 :  0.002 0.002 0.992 0.003 
620 NS_SS1133    (2)   10 :  0.003 0.008 0.979 0.010 
621 NS_SS1129    (2)   10 :  0.001 0.001 0.996 0.001 
622 NS_SS1085    (1)   10 :  0.003 0.002 0.993 0.002 
623 NS_SS1137    (2)   10 :  0.004 0.004 0.988 0.004 
624 NS_SS1135    (3)   10 :  0.001 0.001 0.996 0.001 
625 NS_SS1082    (3)   10 :  0.001 0.001 0.996 0.002 
626 NS_SS1125    (3)   10 :  0.001 0.001 0.996 0.001 
627 NS_SS1124    (2)   10 :  0.005 0.008 0.980 0.007 
628 NS_SS1155    (0)   10 :  0.008 0.007 0.977 0.008 
629 NS_SS1145    (2)   10 :  0.002 0.002 0.995 0.002 


Estimated Allele Frequencies in each cluster
First column gives estimated ancestral frequencies


Locus 1 : 
2 alleles
3.3% missing data
   1   (0.738) 0.732 0.742 0.730 0.740 
   2   (0.262) 0.268 0.258 0.270 0.260 

Locus 2 : 
2 alleles
4.6% missing data
   1   (0.886) 0.895 0.884 0.820 0.886 
   2   (0.114) 0.105 0.116 0.180 0.114 

Locus 3 : 
2 alleles
4.9% missing data
   1   (0.787) 0.767 0.801 0.808 0.785 
   2   (0.213) 0.233 0.199 0.192 0.215 

Locus 4 : 
2 alleles
4.6% missing data
   1   (0.865) 0.872 0.864 0.870 0.865 
   2   (0.135) 0.128 0.136 0.130 0.135 

Locus 5 : 
2 alleles
2.5% missing data
   1   (0.892) 0.899 0.889 0.930 0.890 
   2   (0.108) 0.101 0.111 0.070 0.110 

Locus 6 : 
2 alleles
2.7% missing data
   1   (0.822) 0.822 0.825 0.762 0.825 
   2   (0.178) 0.178 0.175 0.238 0.175 

Locus 7 : 
2 alleles
3.0% missing data
   1   (0.793) 0.785 0.798 0.756 0.796 
   2   (0.207) 0.215 0.202 0.244 0.204 

Locus 8 : 
2 alleles
4.8% missing data
   1   (0.727) 0.732 0.726 0.794 0.724 
   2   (0.273) 0.268 0.274 0.206 0.276 

Locus 9 : 
2 alleles
3.7% missing data
   1   (0.807) 0.807 0.805 0.809 0.811 
   2   (0.193) 0.193 0.195 0.191 0.189 

Locus 10 : 
2 alleles
4.8% missing data
   1   (0.709) 0.708 0.708 0.798 0.707 
   2   (0.291) 0.292 0.292 0.202 0.293 

Locus 11 : 
2 alleles
3.2% missing data
   1   (0.794) 0.781 0.797 0.782 0.803 
   2   (0.206) 0.219 0.203 0.218 0.197 

Locus 12 : 
2 alleles
4.9% missing data
   1   (0.892) 0.899 0.886 0.908 0.897 
   2   (0.108) 0.101 0.114 0.092 0.103 

Locus 13 : 
2 alleles
3.2% missing data
   1   (0.867) 0.864 0.861 0.915 0.876 
   2   (0.133) 0.136 0.139 0.085 0.124 

Locus 14 : 
2 alleles
4.6% missing data
   1   (0.732) 0.734 0.734 0.683 0.731 
   2   (0.268) 0.266 0.266 0.317 0.269 

Locus 15 : 
2 alleles
4.6% missing data
   1   (0.892) 0.888 0.891 0.918 0.896 
   2   (0.108) 0.112 0.109 0.082 0.104 

Locus 16 : 
2 alleles
3.8% missing data
   1   (0.885) 0.877 0.883 0.964 0.889 
   2   (0.115) 0.123 0.117 0.036 0.111 

Locus 17 : 
2 alleles
4.1% missing data
   1   (0.508) 0.512 0.500 0.646 0.510 
   2   (0.492) 0.488 0.500 0.354 0.490 

Locus 18 : 
2 alleles
4.1% missing data
   1   (0.609) 0.589 0.612 0.574 0.623 
   2   (0.391) 0.411 0.388 0.426 0.377 

Locus 19 : 
2 alleles
4.1% missing data
   1   (0.772) 0.772 0.778 0.636 0.773 
   2   (0.228) 0.228 0.222 0.364 0.227 

Locus 20 : 
2 alleles
2.2% missing data
   1   (0.898) 0.900 0.902 0.894 0.893 
   2   (0.102) 0.100 0.098 0.106 0.107 

Locus 21 : 
2 alleles
4.5% missing data
   1   (0.708) 0.711 0.705 0.600 0.717 
   2   (0.292) 0.289 0.295 0.400 0.283 

Locus 22 : 
2 alleles
3.0% missing data
   1   (0.886) 0.894 0.883 0.913 0.883 
   2   (0.114) 0.106 0.117 0.087 0.117 

Locus 23 : 
2 alleles
3.8% missing data
   1   (0.559) 0.543 0.553 0.579 0.577 
   2   (0.441) 0.457 0.447 0.421 0.423 

Locus 24 : 
2 alleles
4.9% missing data
   1   (0.860) 0.849 0.864 0.890 0.865 
   2   (0.140) 0.151 0.136 0.110 0.135 

Locus 25 : 
2 alleles
4.3% missing data
   1   (0.884) 0.882 0.880 0.877 0.895 
   2   (0.116) 0.118 0.120 0.123 0.105 

Locus 26 : 
2 alleles
3.0% missing data
   1   (0.545) 0.532 0.555 0.578 0.542 
   2   (0.455) 0.468 0.445 0.422 0.458 

Locus 27 : 
2 alleles
4.0% missing data
   2   (0.468) 0.484 0.465 0.416 0.463 
   1   (0.532) 0.516 0.535 0.584 0.537 

Locus 28 : 
2 alleles
4.0% missing data
   1   (0.844) 0.849 0.843 0.870 0.841 
   2   (0.156) 0.151 0.157 0.130 0.159 

Locus 29 : 
2 alleles
1.9% missing data
   1   (0.605) 0.605 0.602 0.700 0.603 
   2   (0.395) 0.395 0.398 0.300 0.397 

Locus 30 : 
2 alleles
4.6% missing data
   1   (0.865) 0.871 0.870 0.854 0.856 
   2   (0.135) 0.129 0.130 0.146 0.144 

Locus 31 : 
2 alleles
1.9% missing data
   1   (0.885) 0.880 0.886 0.904 0.889 
