   NS_SS0963  1 0.7964 0.1991 0.0045 
   NS_SS0983  1 0.0220 0.9748 0.0032 
   NS_SS0719  1 0.1388 0.8566 0.0046 
   NS_SS1001  1 0.6785 0.3157 0.0058 
   NS_SS0936  1 0.7100 0.2875 0.0026 
   NS_SS0955  1 0.0536 0.9433 0.0031 
   NS_SS0944  1 0.0494 0.9488 0.0018 
   NS_SS0945  1 0.7972 0.1948 0.0080 
   NS_SS0922  1 0.9162 0.0606 0.0233 
   NS_SS0929  1 0.1569 0.8407 0.0024 
   NS_SS0956  1 0.9766 0.0198 0.0036 
   NS_SS0906  1 0.5826 0.4146 0.0029 
   NS_SS0721  1 0.7262 0.2685 0.0053 
   NS_SS0982  1 0.9138 0.0719 0.0143 
   NS_SS0923  1 0.8202 0.1758 0.0040 
   NS_SS0905  1 0.1563 0.8420 0.0017 
   NS_SS0925  1 0.8529 0.1428 0.0043 
   NS_SS0947  1 0.9514 0.0445 0.0041 
   NS_SS0926  1 0.0151 0.9839 0.0010 
   NS_SS0918  1 0.9530 0.0447 0.0023 
   NS_SS0966  1 0.7524 0.2012 0.0464 
   NS_SS0938  1 0.9758 0.0229 0.0012 
   NS_SS0917  1 0.3021 0.6551 0.0428 
   NS_SS0957  1 0.9373 0.0568 0.0059 
   NS_SS0987  1 0.6707 0.0897 0.2396 
   NS_SS0717  1 0.9682 0.0294 0.0024 
   NS_SS0986  1 0.9308 0.0660 0.0032 
   NS_SS0953  1 0.9317 0.0543 0.0140 
   NS_SS0907  1 0.5899 0.3716 0.0385 
   NS_SS0974  1 0.1221 0.8745 0.0034 
   NS_SS0989  1 0.0417 0.9572 0.0011 
   NS_SS0991  1 0.0342 0.9640 0.0017 
   NS_SS0994  1 0.0074 0.9905 0.0020 
   NS_SS0931  1 0.0696 0.9204 0.0100 
   NS_SS1000  1 0.9671 0.0296 0.0033 
   NS_SS0919  1 0.0790 0.9177 0.0033 
   NS_SS0949  1 0.0125 0.9862 0.0013 
   NS_SS0960  1 0.0235 0.9714 0.0051 
   NS_SS0716  1 0.9886 0.0056 0.0058 
   NS_SS0924  1 0.0564 0.9265 0.0172 
   NS_SS0935  1 0.0093 0.9826 0.0081 
   NS_SS0952  1 0.0254 0.9451 0.0295 
   NS_SS0962  1 0.9859 0.0089 0.0052 
   NS_SS0973  1 0.1147 0.8815 0.0038 
   NS_SS0722  1 0.9580 0.0399 0.0021 
   NS_SS0979  1 0.8556 0.1425 0.0019 
   NS_SS0993  1 0.8439 0.1396 0.0165 
   NS_SS0958  1 0.0424 0.9553 0.0023 
   NS_SS0988  1 0.8301 0.1653 0.0045 
   NS_SS1003  1 0.9633 0.0285 0.0082 
   NS_SS0976  1 0.1050 0.8932 0.0018 
   NS_SS0964  1 0.9655 0.0323 0.0022 
   NS_SS0939  1 0.9770 0.0189 0.0041 
   NS_SS0990  1 0.8703 0.1265 0.0032 
   NS_SS0984  1 0.9857 0.0125 0.0017 
   NS_SS0980  1 0.4802 0.5175 0.0023 
   NS_SS0978  1 0.3683 0.6284 0.0032 
   NS_SS0951  1 0.2629 0.7341 0.0030 
   NS_SS0913  1 0.8521 0.1105 0.0374 
   NS_SS1002  1 0.9585 0.0088 0.0327 
   NS_SS0948  1 0.8012 0.1596 0.0392 
   NS_SS0916  1 0.1955 0.7996 0.0048 
   NS_SS0995  1 0.8468 0.1503 0.0029 
   NS_SS0927  1 0.3320 0.6625 0.0054 
   NS_SS0992  1 0.1414 0.8558 0.0028 
   NS_SS0912  1 0.4965 0.5011 0.0024 
   NS_SS0981  1 0.8004 0.1963 0.0033 
   NS_SS0729  2 0.0083 0.9888 0.0029 
   NS_SS0967  2 0.7527 0.2360 0.0113 
   NS_SS0941  2 0.4415 0.4780 0.0805 
   NS_SS0768  2 0.9446 0.0514 0.0040 
   NS_SS0726  2 0.0151 0.9789 0.0060 
   NS_SS0763  2 0.0367 0.9610 0.0023 
   NS_SS0730  2 0.9876 0.0098 0.0026 
   NS_SS0774  2 0.9915 0.0077 0.0008 
   NS_SS0723  2 0.9619 0.0368 0.0014 
   NS_SS0940  2 0.1986 0.7949 0.0065 
   NS_SS0762  2 0.9787 0.0187 0.0026 
   NS_SS0766  2 0.2969 0.6888 0.0143 
   NS_SS0724  2 0.9624 0.0336 0.0040 
   NS_SS0769  2 0.9061 0.0901 0.0037 
   NS_SS0777  2 0.6057 0.3831 0.0111 
   NS_SS0734  2 0.1855 0.7896 0.0250 
   NS_SS0737  2 0.9869 0.0092 0.0038 
   NS_SS0732  2 0.8862 0.1089 0.0048 
   NS_SS0728  2 0.7542 0.2366 0.0092 
   NS_SS0735  2 0.9093 0.0839 0.0069 
   NS_SS0725  2 0.9718 0.0219 0.0063 
   NS_SS0788  2 0.6718 0.3268 0.0014 
   NS_SS0778  2 0.6474 0.3514 0.0013 
   NS_SS0792  2 0.6051 0.3900 0.0049 
   NS_SS0943  2 0.0189 0.9747 0.0064 
   NS_SS0791  2 0.2116 0.7726 0.0157 
   NS_SS0790  2 0.9914 0.0056 0.0030 
   NS_SS0731  2 0.9779 0.0125 0.0095 
   NS_SS0727  2 0.0544 0.9440 0.0016 
   NS_SS0779  2 0.7247 0.2700 0.0053 
   NS_SS0776  2 0.5106 0.4830 0.0065 
   NS_SS0775  2 0.9802 0.0127 0.0071 
   NS_SS0965  3 0.8682 0.1302 0.0016 
   NS_SS0754  3 0.0708 0.9188 0.0104 
   NS_SS0838  3 0.8040 0.1598 0.0362 
   NS_SS0839  3 0.9875 0.0094 0.0031 
   NS_SS0832  3 0.9521 0.0100 0.0379 
   NS_SS0820  3 0.9827 0.0116 0.0058 
   NS_SS0886  3 0.1083 0.8899 0.0018 
   NS_SS0748  3 0.3481 0.6434 0.0085 
   NS_SS0884  3 0.6788 0.2994 0.0217 
   NS_SS0752  3 0.5899 0.4083 0.0018 
   NS_SS0862  3 0.9415 0.0549 0.0036 
   NS_SS0787  3 0.0161 0.9787 0.0052 
   NS_SS0843  3 0.6994 0.2991 0.0015 
   NS_SS0856  3 0.9609 0.0364 0.0027 
   NS_SS0846  3 0.3286 0.6685 0.0029 
   NS_SS0825  3 0.8974 0.0932 0.0094 
   NS_SS0757  3 0.2333 0.7637 0.0030 
   NS_SS0876  3 0.7591 0.0270 0.2139 
   NS_SS0903  3 0.8235 0.1741 0.0024 
   NS_SS0875  3 0.9414 0.0560 0.0026 
   NS_SS0740  3 0.1475 0.8493 0.0031 
   NS_SS0811  3 0.9595 0.0322 0.0083 
   NS_SS0751  3 0.8932 0.1048 0.0020 
   NS_SS0891  3 0.9649 0.0304 0.0047 
   NS_SS0867  3 0.0647 0.9099 0.0254 
   NS_SS0890  3 0.1174 0.8793 0.0033 
   NS_SS0866  3 0.0699 0.9253 0.0048 
   NS_SS0755  3 0.3877 0.6056 0.0067 
   NS_SS0758  3 0.7476 0.2505 0.0019 
   NS_SS0840  3 0.9908 0.0075 0.0018 
   NS_SS0889  3 0.1520 0.8459 0.0020 
   NS_SS1010  3 0.8412 0.1240 0.0348 
   NS_SS0888  3 0.0073 0.9913 0.0013 
   NS_SS0837  3 0.7233 0.2744 0.0023 
   NS_SS0794  3 0.0220 0.9760 0.0021 
   NS_SS0823  3 0.9614 0.0349 0.0036 
   NS_SS0829  3 0.0093 0.8966 0.0940 
   NS_SS0844  3 0.9801 0.0184 0.0015 
   NS_SS1008  3 0.1078 0.8823 0.0099 
   NS_SS0881  3 0.3087 0.6889 0.0024 
   NS_SS0834  3 0.9702 0.0240 0.0058 
   NS_SS0744  3 0.3965 0.5973 0.0061 
   NS_SS0899  3 0.9878 0.0109 0.0013 
   NS_SS0804  3 0.9874 0.0094 0.0032 
   NS_SS0781  3 0.9907 0.0068 0.0025 
   NS_SS0822  3 0.0625 0.9357 0.0019 
   NS_SS1004  3 0.3554 0.6403 0.0043 
   NS_SS0746  3 0.2906 0.6974 0.0120 
   NS_SS0880  3 0.6820 0.3163 0.0017 
   NS_SS0879  3 0.9323 0.0576 0.0101 
   NS_SS0753  3 0.0129 0.9790 0.0081 
   NS_SS1007  3 0.6233 0.3749 0.0018 
   NS_SS0872  3 0.9836 0.0146 0.0018 
   NS_SS1005  3 0.9738 0.0253 0.0010 
   NS_SS0892  3 0.6222 0.3758 0.0020 
   NS_SS0898  3 0.1635 0.8313 0.0052 
   NS_SS0801  3 0.8433 0.1473 0.0094 
   NS_SS0827  3 0.4641 0.4152 0.1207 
   NS_SS0853  3 0.8773 0.1173 0.0053 
   NS_SS0780  3 0.9562 0.0405 0.0034 
   NS_SS0826  3 0.7108 0.2859 0.0032 
   NS_SS0818  3 0.9192 0.0796 0.0012 
   NS_SS0745  3 0.9924 0.0065 0.0011 
   NS_SS0849  3 0.8907 0.1078 0.0015 
   NS_SS0739  3 0.9108 0.0779 0.0113 
   NS_SS0799  3 0.0159 0.9830 0.0010 
   NS_SS0756  3 0.9866 0.0102 0.0032 
   NS_SS0802  3 0.4108 0.3874 0.2018 
   NS_SS0747  3 0.2343 0.7600 0.0057 
   NS_SS0835  3 0.0221 0.9768 0.0011 
   NS_SS0742  3 0.8330 0.1657 0.0012 
   NS_SS0760  3 0.0203 0.9400 0.0397 
   NS_SS0803  3 0.9744 0.0186 0.0070 
   NS_SS0828  3 0.0853 0.9136 0.0011 
   NS_SS0865  3 0.7034 0.2710 0.0256 
   NS_SS0759  3 0.9796 0.0171 0.0033 
   NS_SS0851  3 0.9863 0.0045 0.0093 
   NS_SS0874  3 0.9668 0.0321 0.0012 
   NS_SS0761  3 0.0351 0.9628 0.0021 
   NS_SS0842  3 0.2099 0.7831 0.0071 
   NS_SS0785  3 0.2705 0.7232 0.0063 
   NS_SS0860  3 0.0497 0.9479 0.0024 
   NS_SS0897  3 0.0088 0.9895 0.0017 
   NS_SS0841  3 0.9767 0.0204 0.0029 
   NS_SS0797  3 0.0906 0.8862 0.0232 
   NS_SS0830  3 0.3996 0.5985 0.0019 
   NS_SS1011  3 0.9729 0.0219 0.0052 
   NS_SS0883  3 0.1233 0.8707 0.0060 
   NS_SS0782  3 0.8652 0.1325 0.0023 
   NS_SS0831  3 0.0201 0.9770 0.0030 
   NS_SS0749  3 0.0616 0.9345 0.0039 
   NS_SS0854  3 0.1208 0.8765 0.0026 
   HI_SS0193  4 0.0268 0.9717 0.0014 
   HI_SS0194  4 0.9676 0.0309 0.0015 
   HI_SS0195  4 0.9209 0.0058 0.0732 
   HI_SS0196  4 0.4706 0.5269 0.0025 
   HI_SS0197  4 0.9785 0.0109 0.0106 
   HI_SS0198  4 0.5959 0.3958 0.0083 
   HI_SS0199  4 0.0375 0.9602 0.0023 
   HI_SS0201  4 0.0090 0.9891 0.0020 
   HI_SS0215  4 0.0738 0.9233 0.0029 
   HI_SS0218  4 0.0078 0.9876 0.0046 
   HI_SS0222  4 0.9600 0.0363 0.0038 
   HI_SS0230  4 0.9601 0.0354 0.0045 
   HI_SS0234  4 0.4604 0.3737 0.1659 
   HI_SS0240  4 0.7257 0.2674 0.0069 
   HI_SS0241  4 0.0219 0.9762 0.0019 
   HI_SS0242  4 0.3629 0.6343 0.0029 
   HI_SS0247  4 0.9634 0.0202 0.0164 
   HI_SS0248  4 0.0088 0.9905 0.0008 
   HI_SS0252  4 0.9648 0.0333 0.0019 
   HI_SS0254  4 0.0142 0.9042 0.0815 
   HI_SS0256  4 0.9934 0.0053 0.0013 
   HI_SS0257  4 0.0157 0.9815 0.0028 
   HI_SS0258  4 0.0170 0.9792 0.0038 
   HI_SS0259  4 0.9136 0.0840 0.0024 
   HI_SS0260  4 0.0309 0.9676 0.0015 
   HI_SS0261  4 0.0496 0.9480 0.0024 
   HI_SS0262  4 0.9486 0.0458 0.0056 
   HI_SS0264  4 0.9857 0.0114 0.0030 
   HI_SS0265  4 0.8381 0.0620 0.0998 
   HI_SS0268  4 0.9377 0.0595 0.0028 
   HI_SS0269  4 0.0101 0.9883 0.0016 
   HI_SS0273  4 0.0403 0.9583 0.0013 
   HI_SS0277  4 0.8607 0.1370 0.0023 
   HI_SS0280  4 0.5883 0.4069 0.0048 
   HI_SS0282  4 0.0403 0.9585 0.0012 
   HI_SS0286  4 0.3946 0.5985 0.0069 
   NS_SS1252  5 0.0116 0.9856 0.0028 
   NS_SS1261  5 0.8877 0.0968 0.0156 
   NS_SS1225  5 0.2362 0.6602 0.1036 
   NS_SS1266  5 0.9843 0.0085 0.0072 
   NS_SS1228  5 0.9233 0.0643 0.0123 
   NS_SS1255  5 0.8911 0.1076 0.0013 
   NS_SS1267  5 0.0056 0.9838 0.0107 
   NS_SS1238  5 0.8074 0.1902 0.0024 
   NS_SS1233  5 0.9084 0.0896 0.0020 
   NS_SS1277  5 0.0180 0.9810 0.0010 
   NS_SS1245  5 0.0867 0.9116 0.0016 
   NS_SS1240  5 0.0193 0.9788 0.0019 
   NS_SS1275  5 0.9909 0.0068 0.0023 
   NS_SS1235  5 0.4433 0.5506 0.0061 
   NS_SS1263  5 0.9214 0.0776 0.0009 
   NS_SS1251  5 0.8655 0.1332 0.0013 
   NS_SS1248  5 0.7019 0.2005 0.0976 
   NS_SS1244  5 0.1369 0.8581 0.0050 
   NS_SS1257  5 0.0562 0.9191 0.0247 
   NS_SS1242  5 0.9906 0.0073 0.0020 
   NS_SS1271  5 0.0109 0.9675 0.0216 
   NS_SS1265  5 0.3719 0.6081 0.0200 
   NS_SS1243  5 0.8828 0.0434 0.0738 
   NS_SS1273  5 0.9818 0.0108 0.0074 
   NS_SS1254  5 0.6457 0.3483 0.0060 
   NS_SS1224  5 0.9733 0.0205 0.0062 
   NS_SS1227  5 0.0099 0.9885 0.0016 
   NS_SS1274  5 0.0572 0.9256 0.0172 
   NS_SS1241  5 0.0231 0.9759 0.0009 
   NS_SS1256  5 0.7458 0.2212 0.0329 
   NS_SS1260  5 0.0774 0.8550 0.0676 
   NS_SS1262  5 0.0935 0.7264 0.1801 
   NS_SS1230  5 0.1420 0.8510 0.0069 
   NS_SS1270  5 0.9341 0.0642 0.0017 
   NS_SS1229  5 0.8043 0.1919 0.0037 
   NS_SS1246  5 0.0483 0.9492 0.0025 
   NS_SS1269  5 0.7778 0.2200 0.0021 
   NS_SS1239  5 0.8026 0.1930 0.0044 
   NS_SS1272  5 0.9505 0.0440 0.0055 
   NS_SS1268  5 0.8354 0.1626 0.0020 
   NS_SS1249  5 0.0089 0.9809 0.0102 
   HI_SS0559  6 0.0906 0.9077 0.0017 
   HI_SS0563  6 0.6334 0.3639 0.0027 
   HI_SS0564  6 0.7026 0.2419 0.0555 
   HI_SS0565  6 0.2892 0.7078 0.0031 
   HI_SS0569  6 0.0140 0.9841 0.0019 
   HI_SS0570  6 0.0128 0.9566 0.0306 
   HI_SS0572  6 0.9180 0.0798 0.0022 
   HI_SS0576  6 0.8573 0.1375 0.0052 
   HI_SS0579  6 0.0264 0.9600 0.0136 
   HI_SS0580  6 0.2538 0.7416 0.0045 
   HI_SS0581  6 0.9347 0.0120 0.0534 
   HI_SS0583  6 0.4563 0.5414 0.0023 
   HI_SS0586  6 0.0108 0.9882 0.0010 
   HI_SS0588  6 0.0277 0.9565 0.0158 
   HI_SS0595  6 0.1050 0.8712 0.0239 
   HI_SS0596  6 0.9735 0.0246 0.0020 
   HI_SS0597  6 0.9882 0.0098 0.0020 
   HI_SS0600  6 0.3217 0.6753 0.0031 
   HI_SS0601  6 0.0702 0.9188 0.0110 
   HI_SS0602  6 0.1305 0.8673 0.0022 
   HI_SS0604  6 0.6786 0.3199 0.0016 
   HI_SS0605  6 0.1386 0.8544 0.0071 
   HI_SS0608  6 0.2627 0.7361 0.0012 
   HI_SS0609  6 0.9694 0.0299 0.0007 
   HI_SS0611  6 0.0336 0.9635 0.0029 
   HI_SS0612  6 0.1453 0.8476 0.0070 
   HI_SS0613  6 0.8350 0.1636 0.0015 
   HI_SS0615  6 0.9380 0.0527 0.0093 
   HI_SS0001  6 0.2146 0.7815 0.0040 
   HI_SS0002  6 0.9371 0.0392 0.0237 
   HI_SS0004  6 0.1310 0.8638 0.0052 
   HI_SS0005  6 0.7041 0.2904 0.0055 
   HI_SS0006  6 0.5504 0.4481 0.0015 
   HI_SS0007  6 0.0129 0.9852 0.0019 
   HI_SS0008  6 0.2448 0.7132 0.0420 
   HI_SS0009  6 0.8502 0.1454 0.0044 
   HI_SS0010  6 0.0435 0.9531 0.0034 
   HI_SS0011  6 0.8639 0.0581 0.0780 
   HI_SS0012  6 0.9409 0.0549 0.0043 
   HI_SS0017  6 0.9661 0.0320 0.0018 
   HI_SS0021  6 0.4129 0.3465 0.2406 
   HI_SS0024  6 0.9557 0.0426 0.0018 
   HI_SS0025  6 0.9768 0.0203 0.0030 
   HI_SS0027  6 0.0098 0.9795 0.0107 
   HI_SS0028  6 0.9891 0.0092 0.0017 
   HI_SS0029  6 0.9278 0.0660 0.0062 
   HI_SS0030  6 0.0268 0.9684 0.0048 
   HI_SS0031  6 0.2913 0.7047 0.0040 
   HI_SS0034  6 0.0075 0.9881 0.0044 
   HI_SS0036  6 0.0112 0.9776 0.0112 
   HI_SS0037  6 0.2681 0.7277 0.0042 
   HI_SS0039  6 0.0545 0.9429 0.0026 
   HI_SS0041  6 0.9833 0.0149 0.0018 
   HI_SS0042  6 0.8250 0.0594 0.1155 
   HI_SS0043  6 0.0061 0.9912 0.0027 
   HI_SS0044  6 0.7519 0.2457 0.0024 
   HI_SS0047  6 0.8631 0.1349 0.0020 
   HI_SS0049  6 0.8521 0.1450 0.0029 
   HI_SS0051  6 0.7247 0.2733 0.0021 
   HI_SS0053  6 0.0083 0.9876 0.0041 
   HI_SS0054  6 0.0064 0.9911 0.0025 
   HI_SS0057  6 0.5196 0.4770 0.0034 
   HI_SS0058  6 0.3113 0.6828 0.0058 
   HI_SS0060  6 0.0708 0.8481 0.0811 
   HI_SS0087  6 0.5698 0.4279 0.0023 
   HI_SS0091  6 0.0204 0.9785 0.0011 
   HI_SS0095  6 0.1632 0.7790 0.0578 
   HI_SS0097  6 0.5505 0.4448 0.0046 
   HI_SS0099  6 0.9751 0.0213 0.0036 
   HI_SS0103  6 0.8872 0.1100 0.0028 
   HI_SS0105  6 0.9026 0.0752 0.0222 
   HI_SS0107  6 0.9857 0.0136 0.0007 
   HI_SS0108  6 0.0057 0.9777 0.0166 
   HI_SS0110  6 0.2604 0.7385 0.0011 
   HI_SS0111  6 0.9096 0.0671 0.0232 
   HI_SS0112  6 0.0062 0.9927 0.0012 
   HI_SS0113  6 0.9885 0.0083 0.0032 
   HI_SS0114  6 0.0351 0.9602 0.0048 
   HI_SS0115  6 0.2101 0.7749 0.0149 
   HI_SS0116  6 0.1467 0.8500 0.0033 
   HI_SS0117  6 0.0983 0.8993 0.0024 
   HI_SS0118  6 0.4059 0.5827 0.0114 
   HI_SS0119  6 0.0315 0.9668 0.0017 
   HI_SS0120  6 0.9873 0.0101 0.0026 
   HI_SS0121  6 0.9893 0.0096 0.0012 
   HI_SS0122  6 0.8923 0.0899 0.0178 
   HI_SS0123  6 0.7314 0.2637 0.0049 
   HI_SS0124  6 0.9807 0.0165 0.0028 
   HI_SS0125  6 0.9318 0.0334 0.0348 
   HI_SS0126  6 0.0095 0.9897 0.0009 
   HI_SS0127  6 0.1775 0.8118 0.0107 
   HI_SS0128  6 0.5151 0.4819 0.0030 
   HI_SS0129  6 0.3852 0.6043 0.0104 
   HI_SS0131  6 0.3558 0.6064 0.0379 
   HI_SS0132  6 0.3917 0.6077 0.0006 
   HI_SS0133  6 0.0045 0.9943 0.0012 
   HI_SS0134  6 0.2804 0.7177 0.0018 
   HI_SS0142  6 0.8666 0.1167 0.0168 
   HI_SS0145  6 0.0884 0.9104 0.0012 
   HI_SS0146  6 0.0302 0.9688 0.0011 
   HI_SS0147  6 0.9723 0.0107 0.0170 
   HI_SS0149  6 0.5943 0.4012 0.0045 
   HI_SS0150  6 0.9737 0.0222 0.0040 
   HI_SS0151  6 0.1105 0.8766 0.0129 
   NS_SS1451  6 0.9838 0.0134 0.0028 
   NS_SS1404  6 0.9722 0.0191 0.0086 
   NS_SS1432  6 0.9649 0.0078 0.0273 
   NS_SS1405  6 0.8899 0.1071 0.0030 
   NS_SS1431  6 0.9821 0.0171 0.0007 
   NS_SS1402  6 0.8609 0.1369 0.0022 
   NS_SS1450  6 0.1197 0.8768 0.0036 
   NS_SS1396  6 0.9563 0.0389 0.0049 
   NS_SS1393  6 0.5833 0.4133 0.0035 
   NS_SS1392  6 0.9027 0.0782 0.0191 
   NS_SS1445  6 0.0594 0.9311 0.0095 
   NS_SS1423  6 0.0416 0.9571 0.0014 
   NS_SS1421  6 0.2012 0.7081 0.0907 
   NS_SS1411  6 0.0493 0.9492 0.0015 
   NS_SS1453  6 0.2629 0.7311 0.0060 
   NS_SS1442  6 0.7504 0.2459 0.0037 
   NS_SS1422  6 0.1956 0.7933 0.0111 
   NS_SS1419  6 0.7238 0.1136 0.1625 
   NS_SS1427  6 0.0058 0.9928 0.0014 
   NS_SS1444  6 0.9743 0.0227 0.0030 
   NS_SS1455  6 0.9903 0.0085 0.0012 
   NS_SS1425  6 0.0113 0.9874 0.0014 
   NS_SS1400  6 0.0659 0.9328 0.0013 
   NS_SS1406  6 0.9760 0.0165 0.0075 
   NS_SS1417  6 0.8534 0.1395 0.0072 
   NS_SS1454  6 0.6434 0.3553 0.0013 
   NS_SS1412  6 0.3479 0.6296 0.0225 
   NS_SS1438  6 0.0184 0.9804 0.0012 
   NS_SS1416  6 0.9790 0.0157 0.0053 
   NS_SS1401  6 0.8579 0.1312 0.0109 
   NS_SS1424  6 0.3872 0.5999 0.0128 
   NS_SS1435  6 0.2668 0.7305 0.0027 
   NS_SS1447  6 0.9809 0.0135 0.0057 
   NS_SS1414  6 0.9797 0.0141 0.0063 
   NS_SS1449  6 0.4732 0.5230 0.0038 
   NS_SS1443  6 0.0066 0.9918 0.0016 
   NS_SS1434  6 0.1858 0.8136 0.0007 
   NS_SS1398  6 0.4760 0.5015 0.0225 
   NS_SS1426  6 0.0100 0.9882 0.0019 
   NS_SS1413  6 0.0094 0.9829 0.0077 
   NS_SS1395  6 0.0175 0.9730 0.0094 
   NS_SS1448  6 0.1505 0.8479 0.0016 
   NS_SS1446  6 0.5901 0.4068 0.0031 
   NS_SS1403  6 0.7598 0.2342 0.0060 
   NS_SS1415  6 0.0109 0.9806 0.0085 
   NS_SS1437  6 0.7480 0.2453 0.0067 
   NS_SS1439  6 0.8629 0.1343 0.0028 
   NS_SS1441  6 0.0340 0.9639 0.0021 
   NS_SS1420  6 0.9855 0.0119 0.0026 
   NS_SS1394  6 0.9063 0.0564 0.0373 
   NS_SS1391  6 0.2084 0.7785 0.0131 
   NS_SS1410  6 0.6569 0.3301 0.0130 
   NS_SS1408  6 0.3946 0.5488 0.0566 
   NS_SS1409  6 0.6848 0.3126 0.0026 
   HI_SS0617  7 0.4304 0.5685 0.0012 
   HI_SS0618  7 0.8906 0.1074 0.0020 
   HI_SS0619  7 0.8103 0.1867 0.0030 
   HI_SS0620  7 0.0058 0.9923 0.0019 
   HI_SS0621  7 0.9295 0.0585 0.0120 
   HI_SS0622  7 0.4259 0.5646 0.0095 
   HI_SS0626  7 0.7552 0.2364 0.0084 
   HI_SS0627  7 0.9813 0.0123 0.0063 
   HI_SS0628  7 0.5507 0.3932 0.0561 
   HI_SS0629  7 0.5290 0.4655 0.0054 
   HI_SS0630  7 0.0993 0.8485 0.0521 
   HI_SS0631  7 0.0250 0.9741 0.0008 
   HI_SS0632  7 0.5183 0.4787 0.0031 
   HI_SS0633  7 0.9784 0.0188 0.0028 
   HI_SS0634  7 0.7728 0.2252 0.0021 
   HI_SS0635  7 0.9097 0.0827 0.0076 
   HI_SS0637  7 0.7714 0.2258 0.0028 
   HI_SS0638  7 0.5407 0.4584 0.0009 
   HI_SS0639  7 0.9407 0.0236 0.0357 
   HI_SS0640  7 0.0735 0.9247 0.0018 
   HI_SS0641  7 0.0392 0.9554 0.0054 
   HI_SS0642  7 0.6141 0.3837 0.0023 
   HI_SS0645  7 0.9870 0.0121 0.0009 
   HI_SS0646  7 0.4465 0.5507 0.0028 
   HI_SS0647  7 0.4526 0.5463 0.0011 
   HI_SS0648  7 0.2284 0.7683 0.0033 
   HI_SS0649  7 0.8422 0.1562 0.0016 
   HI_SS0650  7 0.8886 0.1078 0.0037 
   HI_SS0651  7 0.1300 0.8661 0.0039 
   HI_SS0652  7 0.9773 0.0198 0.0029 
   NS_SS1371  7 0.0248 0.9693 0.0059 
   NS_SS1374  7 0.1665 0.8312 0.0023 
   NS_SS1337  7 0.9751 0.0222 0.0027 
   NS_SS1385  7 0.6473 0.3487 0.0040 
   NS_SS1388  7 0.9435 0.0507 0.0058 
   NS_SS1370  7 0.7512 0.2395 0.0093 
   NS_SS1389  7 0.9794 0.0174 0.0032 
   NS_SS1360  7 0.0286 0.9680 0.0034 
   NS_SS1330  7 0.9782 0.0189 0.0029 
   NS_SS1328  7 0.0475 0.9506 0.0019 
   NS_SS1384  7 0.0396 0.9571 0.0033 
   NS_SS1381  7 0.9747 0.0245 0.0008 
   NS_SS1375  7 0.9761 0.0230 0.0009 
   NS_SS1319  7 0.2977 0.5887 0.1137 
   NS_SS1326  7 0.0421 0.9498 0.0081 
   NS_SS1341  7 0.4430 0.5527 0.0043 
   NS_SS1383  7 0.3813 0.6146 0.0042 
   NS_SS1318  7 0.8763 0.1085 0.0152 
   NS_SS1348  7 0.0071 0.9919 0.0011 
   NS_SS1363  7 0.9092 0.0865 0.0043 
   NS_SS1335  7 0.0123 0.9622 0.0255 
   NS_SS1358  7 0.0925 0.8939 0.0136 
   NS_SS1342  7 0.1233 0.8753 0.0014 
   NS_SS1320  7 0.9874 0.0073 0.0053 
   NS_SS1355  7 0.9513 0.0372 0.0115 
   NS_SS1345  7 0.4567 0.5251 0.0182 
   NS_SS1324  7 0.1033 0.8944 0.0023 
   NS_SS1347  7 0.0327 0.9634 0.0039 
   NS_SS1321  7 0.3048 0.6938 0.0014 
   NS_SS1333  7 0.4356 0.5616 0.0029 
   NS_SS1364  7 0.0740 0.9241 0.0020 
   NS_SS1379  7 0.8173 0.1328 0.0499 
   NS_SS1332  7 0.0103 0.9851 0.0045 
   NS_SS1338  7 0.1285 0.8649 0.0066 
   NS_SS1368  7 0.1537 0.8413 0.0050 
   NS_SS1354  7 0.8992 0.0900 0.0108 
   NS_SS1365  7 0.8430 0.1489 0.0081 
   NS_SS1380  7 0.9669 0.0155 0.0176 
   NS_SS1329  7 0.1857 0.8119 0.0025 
   NS_SS1362  7 0.4605 0.5348 0.0046 
   NS_SS1327  7 0.0051 0.9925 0.0024 
   NS_SS1350  7 0.0565 0.9336 0.0099 
   NS_SS1387  7 0.9566 0.0413 0.0020 
   NS_SS1369  7 0.0417 0.9548 0.0036 
   NS_SS1331  7 0.9104 0.0812 0.0083 
   NS_SS1357  7 0.2366 0.7603 0.0032 
   NS_SS1386  7 0.0057 0.9920 0.0023 
   NS_SS1353  7 0.9369 0.0603 0.0028 
   NS_SS1323  7 0.8359 0.0946 0.0695 
   HI_SS0296  8 0.0261 0.9722 0.0016 
   HI_SS0297  8 0.4609 0.5382 0.0009 
   HI_SS0299  8 0.3774 0.5918 0.0308 
   HI_SS0300  8 0.2517 0.7471 0.0012 
   HI_SS0301  8 0.6895 0.3071 0.0034 
   HI_SS0302  8 0.0334 0.9487 0.0179 
   HI_SS0303  8 0.0165 0.9788 0.0046 
   HI_SS0304  8 0.9804 0.0177 0.0019 
   HI_SS0306  8 0.0111 0.9863 0.0026 
   HI_SS0307  8 0.9686 0.0251 0.0063 
   HI_SS0308  8 0.5042 0.4032 0.0927 
   HI_SS0309  8 0.8166 0.1806 0.0028 
   HI_SS0310  8 0.6798 0.3142 0.0060 
   HI_SS0311  8 0.7813 0.2167 0.0019 
   HI_SS0314  8 0.3561 0.6426 0.0013 
   HI_SS0316  8 0.1407 0.8559 0.0034 
   HI_SS0317  8 0.7230 0.2750 0.0019 
   HI_SS0318  8 0.0309 0.7783 0.1909 
   HI_SS0319  8 0.0065 0.9896 0.0039 
   HI_SS0320  8 0.9862 0.0127 0.0011 
   HI_SS0321  8 0.0580 0.9402 0.0018 
   HI_SS0323  8 0.5698 0.4285 0.0017 
   HI_SS0325  8 0.1085 0.8899 0.0016 
   HI_SS0327  8 0.0075 0.9913 0.0013 
   HI_SS0329  8 0.9483 0.0504 0.0013 
   HI_SS0333  8 0.8065 0.1911 0.0024 
   HI_SS0334  8 0.0208 0.9780 0.0012 
   HI_SS0335  8 0.8536 0.1274 0.0191 
   HI_SS0339  8 0.9183 0.0710 0.0107 
   HI_SS0343  8 0.8901 0.1080 0.0019 
   HI_SS0344  8 0.0043 0.9936 0.0021 
   HI_SS0345  8 0.8697 0.1237 0.0066 
   HI_SS0346  8 0.8169 0.1800 0.0032 
   HI_SS0350  8 0.9816 0.0097 0.0087 
   HI_SS0351  8 0.7278 0.2691 0.0031 
   HI_SS0352  8 0.8770 0.0361 0.0869 
   HI_SS0362  8 0.0967 0.9006 0.0028 
   HI_SS0363  8 0.0144 0.9823 0.0034 
   HI_SS0365  8 0.0639 0.9310 0.0051 
   HI_SS0366  8 0.0182 0.9804 0.0014 
   HI_SS0367  8 0.9898 0.0084 0.0018 
   HI_SS0369  8 0.9818 0.0163 0.0019 
   HI_SS0370  8 0.1239 0.8728 0.0033 
   HI_SS0371  8 0.0875 0.9083 0.0041 
   HI_SS0373  8 0.6720 0.3176 0.0103 
   HI_SS0374  8 0.9562 0.0209 0.0228 
   HI_SS0377  8 0.0366 0.8842 0.0792 
   HI_SS0379  8 0.0037 0.9955 0.0008 
   HI_SS0380  8 0.9381 0.0563 0.0057 
   HI_SS0381  8 0.9816 0.0148 0.0036 
   HI_SS0384  8 0.1429 0.8501 0.0069 
   HI_SS0385  8 0.5641 0.4348 0.0011 
   HI_SS0386  9 0.0015 0.0014 0.9971 
   HI_SS0387  9 0.0134 0.0135 0.9731 
   HI_SS0389  9 0.0038 0.0037 0.9925 
   HI_SS0390  9 0.0015 0.0016 0.9968 
   HI_SS0391  9 0.0028 0.0021 0.9951 
   HI_SS0392  9 0.0016 0.0014 0.9971 
   HI_SS0393  9 0.0013 0.0015 0.9972 
   HI_SS0394  9 0.0014 0.0014 0.9973 
   HI_SS0395  9 0.0037 0.0032 0.9931 
   HI_SS0396  9 0.0116 0.0081 0.9803 
   HI_SS0398  9 0.0052 0.0052 0.9895 
   HI_SS0399  9 0.0010 0.0010 0.9980 
   HI_SS0400  9 0.0019 0.0019 0.9962 
   HI_SS0401  9 0.0013 0.0015 0.9972 
   HI_SS0402  9 0.0011 0.0013 0.9976 
   HI_SS0403  9 0.0014 0.0013 0.9973 
   HI_SS0404  9 0.0014 0.0010 0.9976 
   HI_SS0405  9 0.0199 0.0163 0.9638 
   HI_SS0406  9 0.0021 0.0021 0.9958 
   HI_SS0407  9 0.0074 0.0062 0.9863 
   HI_SS0408  9 0.0013 0.0011 0.9977 
   HI_SS0409  9 0.0028 0.0030 0.9942 
   HI_SS0411  9 0.0022 0.0023 0.9956 
   HI_SS0412  9 0.0931 0.0831 0.8238 
   HI_SS0413  9 0.0020 0.0017 0.9963 
   HI_SS0414  9 0.0200 0.0134 0.9667 
   HI_SS0415  9 0.0014 0.0017 0.9969 
   HI_SS0416  9 0.0029 0.0033 0.9939 
   HI_SS0418  9 0.0041 0.0055 0.9903 
   HI_SS0419  9 0.0031 0.0022 0.9946 
   HI_SS0420  9 0.0020 0.0023 0.9957 
   HI_SS0421  9 0.0045 0.0037 0.9918 
   HI_SS0422  9 0.0017 0.0013 0.9970 
   HI_SS0423  9 0.0040 0.0037 0.9923 
   HI_SS0424  9 0.0014 0.0015 0.9972 
   HI_SS0425  9 0.0035 0.0022 0.9943 
   NS_SS1146 10 0.0016 0.0021 0.9963 
   NS_SS1157 10 0.0058 0.0053 0.9889 
   NS_SS1144 10 0.0191 0.0238 0.9571 
   NS_SS1074 10 0.0030 0.0034 0.9937 
   NS_SS1122 10 0.0033 0.0050 0.9917 
   NS_SS1136 10 0.0010 0.0011 0.9979 
   NS_SS1077 10 0.0007 0.0007 0.9986 
   NS_SS1134 10 0.0110 0.0100 0.9789 
   NS_SS1091 10 0.0022 0.0016 0.9962 
   NS_SS1089 10 0.0023 0.0029 0.9948 
   NS_SS1123 10 0.0014 0.0016 0.9970 
   NS_SS1158 10 0.0010 0.0008 0.9982 
   NS_SS1093 10 0.0019 0.0022 0.9959 
   NS_SS1102 10 0.0061 0.0042 0.9898 
   NS_SS1056 10 0.0016 0.0016 0.9968 
   NS_SS1126 10 0.0027 0.0028 0.9944 
   NS_SS1058 10 0.0033 0.0035 0.9933 
   NS_SS1084 10 0.0013 0.0013 0.9974 
   NS_SS1095 10 0.0048 0.0060 0.9892 
   NS_SS1079 10 0.0014 0.0017 0.9969 
   NS_SS1149 10 0.0024 0.0025 0.9951 
   NS_SS1121 10 0.0016 0.0014 0.9970 
   NS_SS1067 10 0.0049 0.0047 0.9905 
   NS_SS1081 10 0.0022 0.0023 0.9955 
   NS_SS1130 10 0.0032 0.0023 0.9945 
   NS_SS1073 10 0.0024 0.0022 0.9954 
   NS_SS1133 10 0.0105 0.0032 0.9863 
   NS_SS1129 10 0.0013 0.0013 0.9975 
   NS_SS1085 10 0.0019 0.0021 0.9961 
   NS_SS1137 10 0.0034 0.0042 0.9924 
   NS_SS1135 10 0.0013 0.0011 0.9976 
   NS_SS1082 10 0.0017 0.0012 0.9970 
   NS_SS1125 10 0.0012 0.0013 0.9975 
   NS_SS1124 10 0.0063 0.0055 0.9881 
   NS_SS1155 10 0.0066 0.0092 0.9842 
   NS_SS1145 10 0.0016 0.0019 0.9965 
