   NS_SS0963  1 0.1683 0.0951 0.7075 0.0149 0.0089 0.0052 
   NS_SS0983  1 0.0042 0.9659 0.0071 0.0150 0.0051 0.0028 
   NS_SS0719  1 0.0094 0.0661 0.8782 0.0201 0.0212 0.0050 
   NS_SS1001  1 0.0101 0.0271 0.0106 0.0288 0.9185 0.0049 
   NS_SS0936  1 0.4303 0.0328 0.0804 0.0251 0.4291 0.0023 
   NS_SS0955  1 0.0723 0.0696 0.6638 0.1747 0.0153 0.0042 
   NS_SS0944  1 0.2670 0.0732 0.0454 0.5858 0.0269 0.0016 
   NS_SS0945  1 0.0663 0.2988 0.0110 0.2935 0.3200 0.0104 
   NS_SS0922  1 0.1121 0.0314 0.4413 0.0121 0.3690 0.0340 
   NS_SS0929  1 0.2082 0.1369 0.0572 0.0557 0.5389 0.0030 
   NS_SS0956  1 0.0140 0.0222 0.0217 0.0111 0.9267 0.0043 
   NS_SS0906  1 0.4559 0.4561 0.0559 0.0112 0.0177 0.0032 
   NS_SS0721  1 0.0047 0.9561 0.0239 0.0043 0.0075 0.0035 
   NS_SS0982  1 0.2315 0.0299 0.6608 0.0150 0.0448 0.0181 
   NS_SS0923  1 0.0726 0.2160 0.3140 0.0152 0.3780 0.0043 
   NS_SS0905  1 0.0243 0.5699 0.0973 0.0684 0.2378 0.0024 
   NS_SS0925  1 0.3718 0.1962 0.2330 0.0151 0.1793 0.0045 
   NS_SS0947  1 0.9415 0.0069 0.0189 0.0090 0.0197 0.0040 
   NS_SS0926  1 0.0135 0.0419 0.0630 0.8129 0.0674 0.0012 
   NS_SS0918  1 0.0900 0.2316 0.0175 0.0941 0.5639 0.0029 
   NS_SS0966  1 0.8939 0.0139 0.0168 0.0197 0.0151 0.0406 
   NS_SS0938  1 0.0261 0.0134 0.3581 0.0301 0.5709 0.0015 
   NS_SS0917  1 0.0058 0.0086 0.9405 0.0071 0.0178 0.0203 
   NS_SS0957  1 0.0297 0.0107 0.0271 0.0276 0.8987 0.0062 
   NS_SS0987  1 0.0160 0.0545 0.0081 0.0247 0.6611 0.2356 
   NS_SS0717  1 0.1422 0.0509 0.0136 0.0130 0.7772 0.0032 
   NS_SS0986  1 0.0369 0.8136 0.0071 0.0421 0.0971 0.0033 
   NS_SS0953  1 0.9462 0.0118 0.0065 0.0069 0.0152 0.0132 
   NS_SS0907  1 0.3533 0.3647 0.1803 0.0279 0.0305 0.0433 
   NS_SS0974  1 0.1114 0.0378 0.4835 0.2233 0.1404 0.0037 
   NS_SS0989  1 0.0949 0.0526 0.0525 0.7762 0.0227 0.0012 
   NS_SS0991  1 0.0202 0.9004 0.0135 0.0549 0.0088 0.0021 
   NS_SS0994  1 0.0114 0.0349 0.0199 0.9112 0.0201 0.0025 
   NS_SS0931  1 0.0164 0.0243 0.0123 0.9122 0.0256 0.0091 
   NS_SS1000  1 0.7779 0.0799 0.0146 0.0165 0.1068 0.0043 
   NS_SS0919  1 0.0864 0.4935 0.3684 0.0377 0.0102 0.0038 
   NS_SS0949  1 0.0137 0.2347 0.0233 0.7204 0.0063 0.0016 
   NS_SS0960  1 0.0352 0.0768 0.3675 0.4007 0.1120 0.0078 
   NS_SS0716  1 0.0052 0.0088 0.0038 0.0038 0.9731 0.0052 
   NS_SS0924  1 0.0856 0.1054 0.1652 0.5951 0.0265 0.0222 
   NS_SS0935  1 0.0204 0.1794 0.0216 0.7307 0.0335 0.0143 
   NS_SS0952  1 0.4243 0.0595 0.1737 0.2592 0.0424 0.0410 
   NS_SS0962  1 0.0953 0.4120 0.0359 0.0124 0.4372 0.0073 
   NS_SS0973  1 0.0636 0.5262 0.3906 0.0099 0.0058 0.0039 
   NS_SS0722  1 0.2481 0.0305 0.0140 0.0085 0.6966 0.0023 
   NS_SS0979  1 0.0253 0.0467 0.0339 0.0086 0.8832 0.0023 
   NS_SS0993  1 0.6029 0.1414 0.0874 0.0135 0.1332 0.0215 
   NS_SS0958  1 0.0280 0.0123 0.0140 0.8302 0.1121 0.0034 
   NS_SS0988  1 0.6023 0.0686 0.2524 0.0279 0.0441 0.0048 
   NS_SS1003  1 0.0167 0.0069 0.9529 0.0098 0.0060 0.0076 
   NS_SS0976  1 0.0858 0.1820 0.0193 0.6821 0.0288 0.0019 
   NS_SS0964  1 0.3189 0.1345 0.0153 0.0150 0.5141 0.0022 
   NS_SS0939  1 0.0040 0.0087 0.0091 0.0055 0.9687 0.0040 
   NS_SS0990  1 0.0149 0.0355 0.0642 0.0385 0.8435 0.0034 
   NS_SS0984  1 0.0091 0.0076 0.0173 0.0061 0.9580 0.0018 
   NS_SS0980  1 0.7441 0.0624 0.1322 0.0261 0.0329 0.0023 
   NS_SS0978  1 0.0350 0.0203 0.9176 0.0102 0.0139 0.0030 
   NS_SS0951  1 0.1264 0.4865 0.0508 0.1963 0.1360 0.0040 
   NS_SS0913  1 0.0118 0.0728 0.0088 0.0148 0.8603 0.0316 
   NS_SS1002  1 0.7906 0.0203 0.1344 0.0068 0.0094 0.0385 
   NS_SS0948  1 0.1711 0.0981 0.0435 0.0257 0.6162 0.0454 
   NS_SS0916  1 0.0113 0.0120 0.8893 0.0385 0.0448 0.0041 
   NS_SS0995  1 0.0200 0.2944 0.3501 0.0080 0.3245 0.0030 
   NS_SS0927  1 0.0100 0.0244 0.9419 0.0077 0.0114 0.0046 
   NS_SS0992  1 0.4547 0.1812 0.2896 0.0577 0.0138 0.0030 
   NS_SS0912  1 0.0152 0.6334 0.0092 0.3098 0.0299 0.0024 
   NS_SS0981  1 0.1489 0.3189 0.2006 0.0666 0.2610 0.0040 
   NS_SS0729  2 0.1901 0.0243 0.0480 0.7287 0.0052 0.0038 
   NS_SS0967  2 0.2718 0.2741 0.2956 0.0841 0.0596 0.0147 
   NS_SS0941  2 0.0527 0.0898 0.1549 0.0682 0.5463 0.0881 
   NS_SS0768  2 0.7956 0.0440 0.0316 0.0151 0.1083 0.0054 
   NS_SS0726  2 0.0279 0.0167 0.8594 0.0816 0.0068 0.0076 
   NS_SS0763  2 0.1411 0.1743 0.1209 0.5206 0.0405 0.0027 
   NS_SS0730  2 0.0419 0.0204 0.0296 0.0164 0.8880 0.0036 
   NS_SS0774  2 0.4047 0.0541 0.0175 0.0080 0.5147 0.0010 
   NS_SS0723  2 0.2940 0.1224 0.4786 0.0055 0.0973 0.0021 
   NS_SS0940  2 0.0127 0.2943 0.1241 0.2119 0.3490 0.0079 
   NS_SS0762  2 0.0168 0.0058 0.0130 0.0066 0.9554 0.0024 
   NS_SS0766  2 0.0119 0.0916 0.0605 0.1229 0.6990 0.0140 
   NS_SS0724  2 0.8115 0.0939 0.0102 0.0297 0.0498 0.0049 
   NS_SS0769  2 0.6361 0.0622 0.1996 0.0247 0.0735 0.0038 
   NS_SS0777  2 0.0119 0.6602 0.0407 0.2465 0.0290 0.0117 
   NS_SS0734  2 0.0155 0.4967 0.0520 0.2711 0.1365 0.0282 
   NS_SS0737  2 0.1785 0.0176 0.3070 0.0205 0.4700 0.0065 
   NS_SS0732  2 0.0243 0.8065 0.0718 0.0101 0.0812 0.0060 
   NS_SS0728  2 0.0498 0.3987 0.4253 0.0202 0.0959 0.0101 
   NS_SS0735  2 0.0939 0.8650 0.0111 0.0094 0.0145 0.0060 
   NS_SS0725  2 0.7492 0.0354 0.0252 0.0682 0.1132 0.0087 
   NS_SS0788  2 0.2114 0.0388 0.7002 0.0134 0.0346 0.0016 
   NS_SS0778  2 0.0303 0.2595 0.6602 0.0187 0.0297 0.0015 
   NS_SS0792  2 0.0138 0.0126 0.8980 0.0128 0.0582 0.0045 
   NS_SS0943  2 0.3840 0.0795 0.0333 0.4875 0.0080 0.0076 
   NS_SS0791  2 0.0062 0.0730 0.6412 0.2093 0.0565 0.0140 
   NS_SS0790  2 0.9532 0.0093 0.0047 0.0025 0.0269 0.0034 
   NS_SS0731  2 0.1032 0.5887 0.0082 0.0081 0.2793 0.0126 
   NS_SS0727  2 0.0118 0.0177 0.1107 0.7425 0.1157 0.0016 
   NS_SS0779  2 0.0189 0.8444 0.0602 0.0267 0.0441 0.0057 
   NS_SS0776  2 0.3700 0.3025 0.0207 0.2557 0.0436 0.0075 
   NS_SS0775  2 0.0094 0.0085 0.0085 0.0066 0.9602 0.0067 
   NS_SS0965  3 0.0223 0.9257 0.0096 0.0147 0.0260 0.0016 
   NS_SS0754  3 0.0196 0.2781 0.3190 0.3442 0.0250 0.0140 
   NS_SS0838  3 0.0786 0.3076 0.2007 0.2701 0.0951 0.0479 
   NS_SS0839  3 0.2375 0.0126 0.0267 0.0084 0.7114 0.0034 
   NS_SS0832  3 0.1565 0.6237 0.1134 0.0055 0.0421 0.0588 
   NS_SS0820  3 0.0681 0.0556 0.8090 0.0045 0.0553 0.0075 
   NS_SS0886  3 0.0338 0.8289 0.0490 0.0683 0.0181 0.0020 
   NS_SS0748  3 0.1838 0.4126 0.0248 0.3327 0.0373 0.0088 
   NS_SS0884  3 0.1118 0.0178 0.7632 0.0568 0.0278 0.0226 
   NS_SS0752  3 0.2040 0.5611 0.0301 0.0466 0.1564 0.0018 
   NS_SS0862  3 0.0322 0.8822 0.0561 0.0052 0.0192 0.0051 
   NS_SS0787  3 0.0253 0.0117 0.0906 0.8449 0.0189 0.0087 
   NS_SS0843  3 0.6327 0.2946 0.0202 0.0313 0.0192 0.0020 
   NS_SS0856  3 0.0550 0.0478 0.8631 0.0112 0.0196 0.0034 
   NS_SS0846  3 0.4640 0.0141 0.4155 0.0934 0.0096 0.0035 
   NS_SS0825  3 0.0905 0.2072 0.2270 0.0609 0.4033 0.0112 
   NS_SS0757  3 0.0094 0.9091 0.0369 0.0215 0.0203 0.0029 
   NS_SS0876  3 0.3364 0.2943 0.1088 0.0090 0.0216 0.2299 
   NS_SS0903  3 0.9212 0.0525 0.0084 0.0061 0.0090 0.0028 
   NS_SS0875  3 0.0188 0.0340 0.0212 0.0113 0.9114 0.0033 
   NS_SS0740  3 0.1195 0.7589 0.0836 0.0140 0.0206 0.0034 
   NS_SS0811  3 0.0262 0.2689 0.0084 0.0102 0.6768 0.0096 
   NS_SS0751  3 0.0303 0.2394 0.1637 0.0987 0.4650 0.0029 
   NS_SS0891  3 0.5171 0.0140 0.0287 0.0111 0.4232 0.0058 
   NS_SS0867  3 0.1692 0.0968 0.6169 0.0844 0.0098 0.0230 
   NS_SS0890  3 0.0317 0.0464 0.7880 0.0185 0.1121 0.0033 
   NS_SS0866  3 0.0066 0.0251 0.6234 0.3105 0.0296 0.0048 
   NS_SS0755  3 0.0620 0.0158 0.8154 0.0170 0.0832 0.0065 
   NS_SS0758  3 0.0537 0.8710 0.0304 0.0340 0.0090 0.0020 
   NS_SS0840  3 0.4526 0.2111 0.0362 0.0150 0.2829 0.0022 
   NS_SS0889  3 0.0248 0.1338 0.0507 0.7602 0.0282 0.0023 
   NS_SS1010  3 0.5917 0.0268 0.2564 0.0383 0.0450 0.0417 
   NS_SS0888  3 0.0083 0.0290 0.5703 0.3797 0.0111 0.0015 
   NS_SS0837  3 0.1405 0.7088 0.0453 0.0234 0.0791 0.0030 
   NS_SS0794  3 0.0202 0.1810 0.0405 0.6941 0.0622 0.0019 
   NS_SS0823  3 0.5797 0.3194 0.0404 0.0124 0.0430 0.0050 
   NS_SS0829  3 0.0197 0.7915 0.0205 0.0670 0.0109 0.0904 
   NS_SS0844  3 0.9687 0.0058 0.0123 0.0047 0.0070 0.0015 
   NS_SS1008  3 0.0596 0.0620 0.0172 0.6566 0.1931 0.0116 
   NS_SS0881  3 0.0246 0.0438 0.1026 0.1419 0.6848 0.0022 
   NS_SS0834  3 0.8869 0.0342 0.0363 0.0159 0.0218 0.0049 
   NS_SS0744  3 0.0376 0.0942 0.8440 0.0085 0.0099 0.0057 
   NS_SS0899  3 0.4792 0.1613 0.0104 0.0046 0.3432 0.0013 
   NS_SS0804  3 0.2027 0.4348 0.1501 0.0053 0.2027 0.0045 
   NS_SS0781  3 0.7937 0.0593 0.0332 0.0049 0.1057 0.0032 
   NS_SS0822  3 0.0491 0.0630 0.0809 0.7943 0.0104 0.0024 
   NS_SS1004  3 0.4346 0.3804 0.0829 0.0836 0.0136 0.0049 
   NS_SS0746  3 0.1448 0.4461 0.0328 0.1356 0.2291 0.0116 
   NS_SS0880  3 0.0875 0.1285 0.0536 0.6601 0.0686 0.0018 
   NS_SS0879  3 0.5960 0.0123 0.0804 0.0501 0.2486 0.0126 
   NS_SS0753  3 0.0434 0.6930 0.0648 0.1628 0.0269 0.0090 
   NS_SS1007  3 0.0055 0.0189 0.9160 0.0140 0.0434 0.0022 
   NS_SS0872  3 0.8667 0.0524 0.0292 0.0140 0.0352 0.0026 
   NS_SS1005  3 0.8216 0.1180 0.0217 0.0138 0.0236 0.0013 
   NS_SS0892  3 0.0275 0.0294 0.7307 0.0306 0.1794 0.0024 
   NS_SS0898  3 0.0106 0.0142 0.0608 0.3033 0.6047 0.0064 
   NS_SS0801  3 0.1837 0.7513 0.0226 0.0153 0.0171 0.0101 
   NS_SS0827  3 0.0414 0.0349 0.0246 0.2025 0.5617 0.1349 
   NS_SS0853  3 0.0101 0.0364 0.0072 0.0092 0.9322 0.0048 
   NS_SS0780  3 0.1552 0.1544 0.5979 0.0087 0.0791 0.0047 
   NS_SS0826  3 0.9137 0.0178 0.0070 0.0514 0.0063 0.0038 
   NS_SS0818  3 0.1274 0.0094 0.8219 0.0098 0.0298 0.0017 
   NS_SS0745  3 0.0039 0.0060 0.0042 0.0089 0.9760 0.0011 
   NS_SS0849  3 0.0318 0.9251 0.0088 0.0107 0.0224 0.0013 
   NS_SS0739  3 0.0054 0.0165 0.8974 0.0106 0.0588 0.0113 
   NS_SS0799  3 0.0091 0.1838 0.4527 0.2618 0.0914 0.0011 
   NS_SS0756  3 0.8948 0.0254 0.0415 0.0089 0.0252 0.0041 
   NS_SS0802  3 0.0045 0.0477 0.7434 0.0094 0.0087 0.1863 
   NS_SS0747  3 0.0652 0.8352 0.0742 0.0066 0.0128 0.0060 
   NS_SS0835  3 0.1027 0.0368 0.6984 0.1277 0.0332 0.0012 
   NS_SS0742  3 0.0189 0.0802 0.8728 0.0115 0.0153 0.0014 
   NS_SS0760  3 0.0204 0.2263 0.0128 0.6697 0.0227 0.0481 
   NS_SS0803  3 0.9440 0.0301 0.0079 0.0049 0.0057 0.0073 
   NS_SS0828  3 0.0406 0.4438 0.0633 0.1809 0.2698 0.0016 
   NS_SS0865  3 0.0522 0.0567 0.8394 0.0123 0.0191 0.0204 
   NS_SS0759  3 0.0222 0.8607 0.0419 0.0059 0.0638 0.0055 
   NS_SS0851  3 0.0116 0.0105 0.0052 0.0063 0.9517 0.0148 
   NS_SS0874  3 0.9582 0.0137 0.0076 0.0037 0.0155 0.0015 
   NS_SS0761  3 0.0129 0.8823 0.0151 0.0491 0.0382 0.0024 
   NS_SS0842  3 0.0927 0.0187 0.0299 0.0388 0.8115 0.0085 
   NS_SS0785  3 0.0378 0.8510 0.0372 0.0570 0.0122 0.0047 
   NS_SS0860  3 0.0256 0.0444 0.8833 0.0272 0.0173 0.0023 
   NS_SS0897  3 0.0162 0.0204 0.0120 0.9397 0.0097 0.0020 
   NS_SS0841  3 0.0287 0.0627 0.0179 0.0184 0.8689 0.0035 
   NS_SS0797  3 0.0088 0.0188 0.0120 0.9115 0.0229 0.0259 
   NS_SS0830  3 0.1372 0.1924 0.1752 0.2359 0.2566 0.0028 
   NS_SS1011  3 0.6040 0.0203 0.3566 0.0072 0.0063 0.0056 
   NS_SS0883  3 0.0055 0.6926 0.0358 0.0172 0.2436 0.0053 
   NS_SS0782  3 0.1028 0.7939 0.0148 0.0370 0.0493 0.0023 
   NS_SS0831  3 0.0123 0.9144 0.0086 0.0479 0.0145 0.0024 
   NS_SS0749  3 0.0072 0.9054 0.0520 0.0209 0.0104 0.0042 
   NS_SS0854  3 0.1377 0.1139 0.5167 0.1732 0.0548 0.0038 
   HI_SS0193  4 0.0118 0.0149 0.0132 0.9446 0.0136 0.0019 
   HI_SS0194  4 0.9308 0.0250 0.0075 0.0127 0.0221 0.0018 
   HI_SS0195  4 0.1265 0.6585 0.0406 0.0051 0.0674 0.1020 
   HI_SS0196  4 0.1076 0.7066 0.0152 0.0358 0.1320 0.0027 
   HI_SS0197  4 0.0124 0.0110 0.8761 0.0032 0.0869 0.0103 
   HI_SS0198  4 0.0356 0.6333 0.0858 0.0728 0.1622 0.0104 
   HI_SS0199  4 0.0139 0.0358 0.8596 0.0642 0.0242 0.0023 
   HI_SS0201  4 0.0924 0.0417 0.0600 0.7973 0.0059 0.0026 
   HI_SS0215  4 0.1022 0.7207 0.0949 0.0593 0.0200 0.0029 
   HI_SS0218  4 0.0048 0.0063 0.0063 0.9664 0.0106 0.0055 
   HI_SS0222  4 0.0274 0.7149 0.0146 0.0256 0.2125 0.0050 
   HI_SS0230  4 0.3244 0.5474 0.0461 0.0190 0.0558 0.0072 
   HI_SS0234  4 0.5853 0.0114 0.1925 0.0591 0.0087 0.1431 
   HI_SS0240  4 0.0171 0.0322 0.8749 0.0130 0.0556 0.0071 
   HI_SS0241  4 0.0169 0.0102 0.8053 0.1259 0.0398 0.0019 
   HI_SS0242  4 0.2950 0.1518 0.1240 0.1791 0.2470 0.0031 
   HI_SS0247  4 0.9270 0.0085 0.0102 0.0204 0.0115 0.0224 
   HI_SS0248  4 0.0143 0.0159 0.0094 0.9497 0.0099 0.0007 
   HI_SS0252  4 0.1302 0.6275 0.0659 0.0250 0.1490 0.0023 
   HI_SS0254  4 0.0266 0.0440 0.2552 0.5508 0.0235 0.0999 
   HI_SS0256  4 0.9639 0.0073 0.0134 0.0035 0.0104 0.0015 
   HI_SS0257  4 0.1875 0.0612 0.6902 0.0435 0.0142 0.0034 
   HI_SS0258  4 0.0114 0.0331 0.0104 0.9309 0.0093 0.0050 
   HI_SS0259  4 0.0211 0.0063 0.9425 0.0138 0.0136 0.0028 
   HI_SS0260  4 0.0646 0.0384 0.0649 0.7732 0.0570 0.0018 
   HI_SS0261  4 0.1728 0.0612 0.1133 0.5061 0.1428 0.0038 
   HI_SS0262  4 0.0556 0.0196 0.8518 0.0084 0.0583 0.0063 
   HI_SS0264  4 0.5509 0.0677 0.0771 0.0140 0.2862 0.0040 
   HI_SS0265  4 0.1674 0.0342 0.4338 0.0110 0.2516 0.1019 
   HI_SS0268  4 0.1895 0.1689 0.0811 0.3276 0.2297 0.0032 
   HI_SS0269  4 0.0301 0.0334 0.4996 0.4259 0.0091 0.0018 
   HI_SS0273  4 0.0217 0.0122 0.0979 0.8422 0.0238 0.0022 
   HI_SS0277  4 0.1752 0.0731 0.6978 0.0134 0.0378 0.0027 
   HI_SS0280  4 0.0110 0.1534 0.0430 0.0727 0.7141 0.0058 
   HI_SS0282  4 0.0209 0.6664 0.0159 0.2914 0.0043 0.0011 
   HI_SS0286  4 0.0658 0.2774 0.5489 0.0612 0.0391 0.0076 
   NS_SS1252  5 0.0116 0.4503 0.0194 0.4651 0.0501 0.0035 
   NS_SS1261  5 0.0962 0.4528 0.1718 0.0585 0.2014 0.0192 
   NS_SS1225  5 0.8447 0.0315 0.0221 0.0260 0.0058 0.0699 
   NS_SS1266  5 0.9255 0.0193 0.0218 0.0048 0.0200 0.0087 
   NS_SS1228  5 0.0693 0.0308 0.0906 0.0154 0.7791 0.0149 
   NS_SS1255  5 0.3664 0.0377 0.0133 0.0280 0.5535 0.0013 
   NS_SS1267  5 0.0098 0.0352 0.0150 0.9118 0.0105 0.0176 
   NS_SS1238  5 0.0876 0.2459 0.0309 0.5427 0.0896 0.0032 
   NS_SS1233  5 0.5509 0.1988 0.0108 0.0741 0.1629 0.0025 
   NS_SS1277  5 0.0069 0.0053 0.0041 0.9573 0.0256 0.0009 
   NS_SS1245  5 0.2039 0.4425 0.0246 0.2265 0.1003 0.0022 
   NS_SS1240  5 0.0084 0.0404 0.0221 0.9202 0.0070 0.0019 
   NS_SS1275  5 0.1186 0.0060 0.8310 0.0059 0.0358 0.0027 
   NS_SS1235  5 0.9279 0.0066 0.0386 0.0133 0.0088 0.0048 
   NS_SS1263  5 0.9568 0.0123 0.0048 0.0101 0.0148 0.0012 
   NS_SS1251  5 0.9488 0.0094 0.0061 0.0071 0.0273 0.0013 
   NS_SS1248  5 0.0084 0.5541 0.0165 0.1994 0.1313 0.0903 
   NS_SS1244  5 0.0361 0.0133 0.5196 0.4190 0.0069 0.0051 
   NS_SS1257  5 0.0285 0.0795 0.0271 0.8074 0.0163 0.0412 
   NS_SS1242  5 0.3828 0.0207 0.0201 0.0115 0.5623 0.0027 
   NS_SS1271  5 0.0053 0.0091 0.0205 0.8915 0.0423 0.0314 
   NS_SS1265  5 0.1358 0.3057 0.0130 0.4790 0.0404 0.0261 
   NS_SS1243  5 0.0089 0.8259 0.0158 0.0405 0.0387 0.0702 
   NS_SS1273  5 0.0122 0.0100 0.0218 0.0119 0.9350 0.0090 
   NS_SS1254  5 0.0573 0.0243 0.0134 0.0071 0.8922 0.0057 
   NS_SS1224  5 0.7121 0.1689 0.0423 0.0083 0.0612 0.0072 
   NS_SS1227  5 0.0096 0.0065 0.6580 0.0691 0.2551 0.0018 
   NS_SS1274  5 0.1175 0.1633 0.0088 0.6558 0.0354 0.0192 
   NS_SS1241  5 0.0431 0.0130 0.0330 0.9000 0.0098 0.0010 
   NS_SS1256  5 0.7077 0.0214 0.0286 0.1443 0.0545 0.0436 
   NS_SS1260  5 0.0427 0.0150 0.8210 0.0528 0.0091 0.0594 
   NS_SS1262  5 0.4993 0.0339 0.0585 0.2041 0.0271 0.1771 
   NS_SS1230  5 0.0296 0.3022 0.0101 0.5486 0.1014 0.0081 
   NS_SS1270  5 0.0925 0.8802 0.0108 0.0072 0.0075 0.0019 
   NS_SS1229  5 0.1874 0.0157 0.7547 0.0054 0.0330 0.0038 
   NS_SS1246  5 0.1693 0.0283 0.2931 0.4707 0.0361 0.0026 
   NS_SS1269  5 0.0157 0.8658 0.0435 0.0289 0.0442 0.0020 
   NS_SS1239  5 0.0077 0.0220 0.9362 0.0142 0.0161 0.0039 
   NS_SS1272  5 0.8418 0.0070 0.1204 0.0150 0.0102 0.0057 
   NS_SS1268  5 0.2681 0.3287 0.0178 0.0309 0.3523 0.0022 
   NS_SS1249  5 0.0176 0.0136 0.0250 0.9166 0.0155 0.0116 
   HI_SS0559  6 0.2484 0.4911 0.0188 0.1490 0.0910 0.0017 
   HI_SS0563  6 0.6708 0.1831 0.0422 0.0642 0.0368 0.0029 
   HI_SS0564  6 0.0746 0.5442 0.2719 0.0150 0.0323 0.0619 
   HI_SS0565  6 0.1006 0.1236 0.6496 0.0212 0.1013 0.0037 
   HI_SS0569  6 0.0085 0.8467 0.0062 0.1309 0.0053 0.0023 
   HI_SS0570  6 0.0258 0.0344 0.2689 0.6028 0.0242 0.0439 
   HI_SS0572  6 0.9298 0.0131 0.0350 0.0054 0.0146 0.0020 
   HI_SS0576  6 0.0192 0.4395 0.0570 0.0501 0.4296 0.0047 
   HI_SS0579  6 0.7736 0.1251 0.0167 0.0626 0.0077 0.0143 
   HI_SS0580  6 0.0397 0.1006 0.0369 0.0573 0.7607 0.0048 
   HI_SS0581  6 0.0210 0.0757 0.8114 0.0071 0.0280 0.0568 
   HI_SS0583  6 0.1003 0.0494 0.0181 0.1217 0.7076 0.0029 
   HI_SS0586  6 0.0090 0.0774 0.0065 0.8829 0.0232 0.0010 
   HI_SS0588  6 0.1179 0.4841 0.0479 0.2951 0.0349 0.0201 
   HI_SS0595  6 0.0754 0.0130 0.2266 0.1799 0.4823 0.0228 
   HI_SS0596  6 0.3588 0.0076 0.0227 0.0156 0.5930 0.0023 
   HI_SS0597  6 0.5053 0.3348 0.0349 0.0238 0.0990 0.0023 
   HI_SS0600  6 0.0086 0.0173 0.9543 0.0117 0.0053 0.0028 
   HI_SS0601  6 0.8749 0.0369 0.0358 0.0313 0.0091 0.0121 
   HI_SS0602  6 0.0119 0.9329 0.0121 0.0089 0.0323 0.0019 
   HI_SS0604  6 0.1160 0.8534 0.0060 0.0130 0.0101 0.0015 
   HI_SS0605  6 0.0058 0.6297 0.3306 0.0087 0.0195 0.0058 
   HI_SS0608  6 0.0064 0.0080 0.0053 0.0125 0.9669 0.0009 
   HI_SS0609  6 0.8369 0.0249 0.0151 0.0376 0.0847 0.0009 
   HI_SS0611  6 0.0192 0.8267 0.0118 0.1072 0.0328 0.0023 
   HI_SS0612  6 0.3950 0.0123 0.5300 0.0485 0.0094 0.0048 
   HI_SS0613  6 0.0359 0.9293 0.0109 0.0067 0.0158 0.0014 
   HI_SS0615  6 0.0274 0.0910 0.6496 0.0090 0.2137 0.0093 
   HI_SS0001  6 0.0413 0.0111 0.0403 0.8765 0.0260 0.0048 
   HI_SS0002  6 0.8170 0.0124 0.1105 0.0093 0.0239 0.0269 
   HI_SS0004  6 0.0889 0.0613 0.2037 0.4901 0.1480 0.0079 
   HI_SS0005  6 0.0178 0.5011 0.1537 0.1435 0.1775 0.0064 
   HI_SS0006  6 0.4133 0.1966 0.3158 0.0598 0.0129 0.0018 
   HI_SS0007  6 0.0086 0.1122 0.0091 0.8533 0.0140 0.0027 
   HI_SS0008  6 0.0607 0.0728 0.7843 0.0240 0.0262 0.0320 
   HI_SS0009  6 0.0209 0.0495 0.0887 0.0629 0.7727 0.0053 
   HI_SS0010  6 0.0220 0.1915 0.0264 0.6208 0.1361 0.0033 
   HI_SS0011  6 0.7634 0.0238 0.0243 0.0432 0.0516 0.0937 
   HI_SS0012  6 0.2940 0.0267 0.4738 0.0073 0.1937 0.0045 
   HI_SS0017  6 0.3053 0.0099 0.0349 0.0282 0.6197 0.0021 
   HI_SS0021  6 0.0150 0.0134 0.0224 0.6025 0.1050 0.2416 
   HI_SS0024  6 0.1252 0.0268 0.5600 0.0843 0.2018 0.0019 
   HI_SS0025  6 0.1716 0.0546 0.0338 0.0107 0.7253 0.0040 
   HI_SS0027  6 0.0127 0.2049 0.0143 0.7398 0.0157 0.0126 
   HI_SS0028  6 0.0108 0.0095 0.0164 0.0086 0.9529 0.0018 
   HI_SS0029  6 0.0124 0.0109 0.0138 0.0204 0.9352 0.0073 
   HI_SS0030  6 0.0219 0.0243 0.8725 0.0615 0.0156 0.0042 
   HI_SS0031  6 0.0202 0.0142 0.9331 0.0084 0.0218 0.0023 
   HI_SS0034  6 0.0406 0.2589 0.0484 0.6387 0.0067 0.0067 
   HI_SS0036  6 0.0044 0.0120 0.0506 0.9067 0.0134 0.0129 
   HI_SS0037  6 0.1561 0.2329 0.0282 0.2461 0.3325 0.0042 
   HI_SS0039  6 0.0105 0.0339 0.0465 0.7385 0.1666 0.0040 
   HI_SS0041  6 0.0306 0.0510 0.1358 0.0090 0.7713 0.0023 
   HI_SS0042  6 0.0404 0.0459 0.0147 0.0115 0.7762 0.1113 
   HI_SS0043  6 0.0131 0.1467 0.0250 0.8057 0.0067 0.0028 
   HI_SS0044  6 0.0052 0.0149 0.0119 0.1374 0.8277 0.0029 
   HI_SS0047  6 0.0214 0.9264 0.0151 0.0261 0.0089 0.0021 
   HI_SS0049  6 0.2150 0.1656 0.0123 0.0650 0.5379 0.0043 
   HI_SS0051  6 0.0138 0.9546 0.0128 0.0073 0.0092 0.0023 
   HI_SS0053  6 0.0122 0.0912 0.2983 0.5778 0.0163 0.0042 
   HI_SS0054  6 0.0398 0.0568 0.0102 0.8807 0.0092 0.0034 
   HI_SS0057  6 0.0184 0.8636 0.0420 0.0282 0.0444 0.0034 
   HI_SS0058  6 0.8396 0.0424 0.0237 0.0325 0.0565 0.0053 
   HI_SS0060  6 0.0797 0.0681 0.6585 0.0769 0.0291 0.0877 
   HI_SS0087  6 0.8176 0.0742 0.0692 0.0251 0.0115 0.0022 
   HI_SS0091  6 0.0110 0.0078 0.9550 0.0192 0.0059 0.0012 
   HI_SS0095  6 0.0199 0.0397 0.8910 0.0096 0.0072 0.0327 
   HI_SS0097  6 0.7010 0.2664 0.0123 0.0090 0.0075 0.0040 
   HI_SS0099  6 0.0140 0.0059 0.0176 0.0090 0.9495 0.0040 
   HI_SS0103  6 0.1242 0.0281 0.8244 0.0080 0.0124 0.0029 
   HI_SS0105  6 0.1205 0.0480 0.7688 0.0201 0.0194 0.0233 
   HI_SS0107  6 0.8805 0.0140 0.0550 0.0059 0.0437 0.0008 
   HI_SS0108  6 0.0068 0.1687 0.0092 0.7817 0.0069 0.0267 
   HI_SS0110  6 0.0169 0.0111 0.9123 0.0185 0.0399 0.0012 
   HI_SS0111  6 0.0236 0.1653 0.6896 0.0429 0.0500 0.0286 
   HI_SS0112  6 0.0049 0.0048 0.0047 0.9782 0.0063 0.0011 
   HI_SS0113  6 0.8178 0.1268 0.0200 0.0064 0.0251 0.0038 
   HI_SS0114  6 0.0349 0.5993 0.0543 0.2735 0.0322 0.0059 
   HI_SS0115  6 0.2503 0.4017 0.1501 0.0655 0.1141 0.0182 
   HI_SS0116  6 0.0101 0.0184 0.0096 0.0594 0.8997 0.0029 
   HI_SS0117  6 0.7598 0.0141 0.0121 0.2038 0.0079 0.0023 
   HI_SS0118  6 0.2000 0.1169 0.1032 0.0356 0.5316 0.0128 
   HI_SS0119  6 0.0142 0.0187 0.9201 0.0385 0.0067 0.0018 
   HI_SS0120  6 0.7738 0.0069 0.1733 0.0228 0.0198 0.0034 
   HI_SS0121  6 0.2312 0.1277 0.1944 0.0101 0.4353 0.0014 
   HI_SS0122  6 0.0244 0.0240 0.8942 0.0091 0.0296 0.0187 
   HI_SS0123  6 0.3960 0.0648 0.5096 0.0083 0.0163 0.0050 
   HI_SS0124  6 0.0452 0.0157 0.0337 0.0118 0.8905 0.0030 
   HI_SS0125  6 0.0080 0.0131 0.8563 0.0047 0.0905 0.0274 
   HI_SS0126  6 0.0069 0.0072 0.0080 0.9464 0.0307 0.0008 
   HI_SS0127  6 0.0183 0.8952 0.0145 0.0539 0.0114 0.0067 
   HI_SS0128  6 0.0538 0.0114 0.7986 0.0898 0.0436 0.0028 
   HI_SS0129  6 0.0264 0.4208 0.1339 0.2119 0.1976 0.0093 
   HI_SS0131  6 0.3590 0.1293 0.0406 0.4061 0.0248 0.0402 
   HI_SS0132  6 0.0623 0.1158 0.3810 0.1645 0.2756 0.0008 
   HI_SS0133  6 0.0028 0.0031 0.0032 0.9862 0.0036 0.0012 
   HI_SS0134  6 0.1258 0.0475 0.6911 0.0814 0.0521 0.0020 
   HI_SS0142  6 0.1657 0.0701 0.7202 0.0084 0.0174 0.0183 
   HI_SS0145  6 0.6256 0.0512 0.0311 0.2717 0.0187 0.0016 
   HI_SS0146  6 0.0069 0.0051 0.0899 0.8558 0.0413 0.0010 
   HI_SS0147  6 0.3250 0.5862 0.0317 0.0038 0.0281 0.0252 
   HI_SS0149  6 0.0563 0.0064 0.7930 0.0902 0.0501 0.0041 
   HI_SS0150  6 0.0197 0.1243 0.0231 0.0417 0.7855 0.0057 
   HI_SS0151  6 0.0305 0.8502 0.0686 0.0281 0.0121 0.0105 
   NS_SS1451  6 0.0536 0.0141 0.6615 0.0118 0.2557 0.0033 
   NS_SS1404  6 0.1759 0.0176 0.0330 0.0118 0.7498 0.0119 
   NS_SS1432  6 0.0112 0.0212 0.2328 0.0089 0.6857 0.0403 
   NS_SS1405  6 0.5508 0.0481 0.0317 0.1076 0.2585 0.0034 
   NS_SS1431  6 0.0856 0.0314 0.0444 0.0139 0.8238 0.0009 
   NS_SS1402  6 0.8650 0.0165 0.0626 0.0162 0.0370 0.0026 
   NS_SS1450  6 0.0198 0.0764 0.0702 0.7646 0.0641 0.0049 
   NS_SS1396  6 0.0833 0.4778 0.2728 0.0314 0.1276 0.0071 
   NS_SS1393  6 0.0103 0.8359 0.0661 0.0144 0.0698 0.0035 
   NS_SS1392  6 0.0502 0.0516 0.3047 0.0301 0.5436 0.0200 
   NS_SS1445  6 0.0273 0.1124 0.5429 0.2887 0.0192 0.0096 
   NS_SS1423  6 0.2396 0.0124 0.5714 0.1547 0.0202 0.0017 
   NS_SS1421  6 0.0155 0.0133 0.0421 0.8317 0.0099 0.0874 
   NS_SS1411  6 0.0048 0.8696 0.0080 0.0975 0.0185 0.0016 
   NS_SS1453  6 0.0565 0.2505 0.4429 0.1559 0.0878 0.0064 
   NS_SS1442  6 0.2083 0.5717 0.0403 0.0432 0.1329 0.0037 
   NS_SS1422  6 0.7967 0.0198 0.0945 0.0659 0.0121 0.0110 
   NS_SS1419  6 0.0184 0.0361 0.0073 0.0145 0.7632 0.1604 
   NS_SS1427  6 0.0051 0.0047 0.0128 0.9660 0.0096 0.0018 
   NS_SS1444  6 0.0242 0.5795 0.0111 0.0119 0.3697 0.0036 
   NS_SS1455  6 0.9215 0.0203 0.0043 0.0074 0.0453 0.0012 
   NS_SS1425  6 0.0155 0.3603 0.0228 0.5924 0.0074 0.0016 
   NS_SS1400  6 0.0254 0.0179 0.0054 0.9316 0.0183 0.0015 
   NS_SS1406  6 0.9465 0.0107 0.0131 0.0049 0.0155 0.0093 
   NS_SS1417  6 0.9299 0.0138 0.0153 0.0190 0.0168 0.0053 
   NS_SS1454  6 0.0303 0.0167 0.0389 0.2558 0.6564 0.0019 
   NS_SS1412  6 0.1142 0.1721 0.3496 0.1372 0.2011 0.0258 
   NS_SS1438  6 0.0374 0.5344 0.0408 0.3667 0.0191 0.0015 
   NS_SS1416  6 0.0356 0.4997 0.0526 0.0066 0.3988 0.0067 
   NS_SS1401  6 0.0501 0.0151 0.8943 0.0106 0.0179 0.0119 
   NS_SS1424  6 0.0750 0.0397 0.2654 0.5352 0.0683 0.0163 
   NS_SS1435  6 0.0202 0.0540 0.0228 0.8212 0.0790 0.0028 
   NS_SS1447  6 0.4758 0.2496 0.1011 0.0319 0.1339 0.0077 
   NS_SS1414  6 0.3914 0.0233 0.0080 0.0119 0.5577 0.0077 
   NS_SS1449  6 0.1266 0.0162 0.8087 0.0357 0.0088 0.0041 
   NS_SS1443  6 0.0414 0.0388 0.0286 0.8798 0.0095 0.0019 
   NS_SS1434  6 0.3639 0.0367 0.1852 0.2759 0.1377 0.0006 
   NS_SS1398  6 0.0193 0.3570 0.0374 0.1255 0.4430 0.0179 
   NS_SS1426  6 0.0221 0.1922 0.2195 0.5496 0.0141 0.0025 
   NS_SS1413  6 0.0141 0.0155 0.0127 0.9310 0.0143 0.0125 
   NS_SS1395  6 0.0125 0.0750 0.8526 0.0414 0.0098 0.0087 
   NS_SS1448  6 0.0072 0.0135 0.0057 0.9526 0.0191 0.0019 
   NS_SS1446  6 0.0489 0.0141 0.9063 0.0069 0.0210 0.0027 
   NS_SS1403  6 0.0236 0.0150 0.8153 0.0132 0.1276 0.0053 
   NS_SS1415  6 0.0090 0.0701 0.0147 0.8775 0.0178 0.0110 
   NS_SS1437  6 0.1819 0.0254 0.0216 0.0410 0.7212 0.0089 
   NS_SS1439  6 0.5225 0.1337 0.3197 0.0075 0.0137 0.0030 
   NS_SS1441  6 0.0296 0.0696 0.0564 0.5527 0.2890 0.0027 
   NS_SS1420  6 0.0149 0.1690 0.0116 0.0066 0.7949 0.0030 
   NS_SS1394  6 0.0957 0.1264 0.0537 0.0074 0.6759 0.0409 
   NS_SS1391  6 0.0551 0.0741 0.4251 0.1409 0.2914 0.0135 
   NS_SS1410  6 0.0529 0.0471 0.3289 0.0449 0.5137 0.0125 
   NS_SS1408  6 0.0139 0.0594 0.8156 0.0373 0.0151 0.0587 
   NS_SS1409  6 0.0287 0.2187 0.3983 0.0311 0.3207 0.0024 
   HI_SS0617  7 0.1134 0.0212 0.7254 0.0156 0.1234 0.0011 
   HI_SS0618  7 0.0448 0.5618 0.0155 0.0190 0.3566 0.0024 
   HI_SS0619  7 0.0145 0.0172 0.0148 0.0227 0.9272 0.0036 
   HI_SS0620  7 0.0098 0.0161 0.0066 0.9600 0.0052 0.0023 
   HI_SS0621  7 0.2805 0.0278 0.3235 0.0214 0.3287 0.0181 
   HI_SS0622  7 0.3903 0.0777 0.0140 0.4584 0.0470 0.0125 
   HI_SS0626  7 0.0067 0.0375 0.0237 0.0093 0.9159 0.0069 
   HI_SS0627  7 0.1360 0.6407 0.1533 0.0092 0.0532 0.0076 
   HI_SS0628  7 0.0543 0.0906 0.1660 0.5626 0.0654 0.0612 
   HI_SS0629  7 0.2450 0.0724 0.1957 0.2801 0.1987 0.0081 
   HI_SS0630  7 0.0099 0.4298 0.0138 0.4202 0.0744 0.0519 
   HI_SS0631  7 0.0203 0.0816 0.0330 0.8426 0.0215 0.0010 
   HI_SS0632  7 0.0200 0.5272 0.0286 0.3283 0.0925 0.0034 
   HI_SS0633  7 0.0862 0.0138 0.0138 0.0085 0.8747 0.0030 
   HI_SS0634  7 0.0059 0.0188 0.9527 0.0106 0.0102 0.0018 
   HI_SS0635  7 0.1717 0.0336 0.0554 0.0121 0.7187 0.0086 
   HI_SS0637  7 0.0108 0.9667 0.0114 0.0046 0.0039 0.0027 
   HI_SS0638  7 0.0166 0.3496 0.0353 0.5585 0.0387 0.0013 
   HI_SS0639  7 0.0264 0.0213 0.8243 0.0059 0.0824 0.0397 
   HI_SS0640  7 0.0147 0.8853 0.0317 0.0326 0.0339 0.0017 
   HI_SS0641  7 0.0127 0.1452 0.0204 0.2079 0.6092 0.0046 
   HI_SS0642  7 0.0097 0.0099 0.9250 0.0108 0.0429 0.0017 
   HI_SS0645  7 0.0087 0.0096 0.0065 0.0079 0.9664 0.0009 
   HI_SS0646  7 0.5783 0.1848 0.1241 0.0881 0.0215 0.0032 
   HI_SS0647  7 0.0608 0.0177 0.0203 0.8691 0.0306 0.0014 
   HI_SS0648  7 0.1710 0.0699 0.1959 0.0804 0.4794 0.0034 
   HI_SS0649  7 0.1261 0.1075 0.3266 0.0379 0.4001 0.0018 
   HI_SS0650  7 0.0639 0.7619 0.0978 0.0270 0.0447 0.0048 
   HI_SS0651  7 0.3311 0.1685 0.4150 0.0398 0.0415 0.0041 
   HI_SS0652  7 0.0103 0.1788 0.0211 0.0195 0.7669 0.0034 
   NS_SS1371  7 0.0253 0.0092 0.9342 0.0145 0.0118 0.0050 
   NS_SS1374  7 0.0074 0.0143 0.6542 0.2380 0.0831 0.0030 
   NS_SS1337  7 0.3711 0.0221 0.5219 0.0492 0.0327 0.0031 
   NS_SS1385  7 0.3568 0.1780 0.1905 0.0171 0.2529 0.0046 
   NS_SS1388  7 0.0412 0.0151 0.0273 0.0385 0.8712 0.0066 
   NS_SS1370  7 0.0087 0.9597 0.0106 0.0078 0.0065 0.0068 
   NS_SS1389  7 0.0094 0.0049 0.0037 0.0055 0.9734 0.0031 
   NS_SS1360  7 0.0526 0.5982 0.0456 0.2807 0.0189 0.0039 
   NS_SS1330  7 0.0846 0.8640 0.0299 0.0040 0.0142 0.0034 
   NS_SS1328  7 0.0195 0.0078 0.0418 0.8849 0.0438 0.0021 
   NS_SS1384  7 0.5689 0.1350 0.2351 0.0440 0.0140 0.0031 
   NS_SS1381  7 0.8433 0.0086 0.1332 0.0063 0.0078 0.0008 
   NS_SS1375  7 0.0043 0.0078 0.0103 0.0093 0.9673 0.0011 
   NS_SS1319  7 0.0190 0.0628 0.6196 0.0505 0.1538 0.0943 
   NS_SS1326  7 0.0134 0.0086 0.0116 0.9420 0.0141 0.0102 
   NS_SS1341  7 0.0076 0.0404 0.9328 0.0094 0.0060 0.0037 
   NS_SS1383  7 0.0121 0.0584 0.8652 0.0510 0.0085 0.0048 
   NS_SS1318  7 0.3574 0.2834 0.2326 0.0645 0.0429 0.0192 
   NS_SS1348  7 0.0228 0.0345 0.0499 0.8814 0.0098 0.0015 
   NS_SS1363  7 0.3316 0.2772 0.0739 0.0614 0.2508 0.0052 
   NS_SS1335  7 0.0145 0.1888 0.1449 0.5638 0.0544 0.0336 
   NS_SS1358  7 0.3901 0.0290 0.2770 0.2831 0.0042 0.0165 
   NS_SS1342  7 0.8695 0.0047 0.0568 0.0604 0.0075 0.0011 
   NS_SS1320  7 0.6852 0.0080 0.0159 0.0066 0.2785 0.0058 
   NS_SS1355  7 0.1994 0.7231 0.0109 0.0054 0.0467 0.0145 
   NS_SS1345  7 0.9519 0.0099 0.0056 0.0107 0.0055 0.0164 
   NS_SS1324  7 0.1078 0.1967 0.0672 0.5983 0.0272 0.0028 
   NS_SS1347  7 0.0933 0.1299 0.7370 0.0246 0.0114 0.0040 
   NS_SS1321  7 0.0115 0.0766 0.8256 0.0661 0.0190 0.0011 
   NS_SS1333  7 0.0086 0.0048 0.9263 0.0392 0.0191 0.0020 
   NS_SS1364  7 0.3859 0.0410 0.0109 0.5483 0.0117 0.0022 
   NS_SS1379  7 0.1794 0.7280 0.0230 0.0090 0.0129 0.0477 
   NS_SS1332  7 0.0056 0.0127 0.0117 0.9369 0.0274 0.0055 
   NS_SS1338  7 0.0097 0.2571 0.6864 0.0256 0.0152 0.0061 
   NS_SS1368  7 0.0391 0.0227 0.0145 0.8775 0.0407 0.0056 
   NS_SS1354  7 0.8840 0.0173 0.0559 0.0122 0.0195 0.0112 
   NS_SS1365  7 0.0374 0.3508 0.0604 0.0422 0.4996 0.0096 
   NS_SS1380  7 0.9494 0.0053 0.0080 0.0072 0.0127 0.0173 
   NS_SS1329  7 0.8192 0.0124 0.0349 0.1237 0.0067 0.0031 
   NS_SS1362  7 0.9114 0.0212 0.0324 0.0236 0.0082 0.0032 
   NS_SS1327  7 0.0031 0.0067 0.0102 0.9728 0.0037 0.0035 
   NS_SS1350  7 0.0060 0.0093 0.9572 0.0105 0.0103 0.0067 
   NS_SS1387  7 0.0089 0.8272 0.0177 0.0082 0.1353 0.0028 
   NS_SS1369  7 0.0156 0.4708 0.0199 0.4625 0.0276 0.0035 
   NS_SS1331  7 0.0054 0.0092 0.0127 0.0349 0.9296 0.0083 
   NS_SS1357  7 0.1095 0.0431 0.4154 0.2495 0.1792 0.0034 
   NS_SS1386  7 0.0399 0.0072 0.0240 0.9215 0.0041 0.0032 
   NS_SS1353  7 0.1046 0.0323 0.0253 0.0375 0.7968 0.0034 
   NS_SS1323  7 0.2373 0.0228 0.1931 0.0197 0.4392 0.0879 
   HI_SS0296  8 0.0091 0.9262 0.0069 0.0428 0.0134 0.0015 
   HI_SS0297  8 0.0719 0.0527 0.0399 0.7631 0.0712 0.0011 
   HI_SS0299  8 0.1663 0.7392 0.0141 0.0378 0.0126 0.0300 
   HI_SS0300  8 0.0058 0.9667 0.0073 0.0122 0.0070 0.0010 
   HI_SS0301  8 0.0093 0.9486 0.0161 0.0108 0.0119 0.0033 
   HI_SS0302  8 0.0222 0.4420 0.0123 0.4762 0.0227 0.0245 
   HI_SS0303  8 0.0180 0.0191 0.0108 0.9224 0.0231 0.0066 
   HI_SS0304  8 0.0285 0.0473 0.0349 0.0407 0.8458 0.0028 
   HI_SS0306  8 0.0041 0.0103 0.0052 0.9714 0.0057 0.0033 
   HI_SS0307  8 0.0246 0.1253 0.0525 0.0086 0.7789 0.0102 
   HI_SS0308  8 0.3148 0.1689 0.0631 0.2695 0.0888 0.0948 
   HI_SS0309  8 0.6664 0.0987 0.1968 0.0083 0.0270 0.0029 
   HI_SS0310  8 0.7367 0.0487 0.0095 0.1535 0.0442 0.0074 
   HI_SS0311  8 0.0268 0.2821 0.0929 0.3204 0.2754 0.0024 
   HI_SS0314  8 0.0162 0.0066 0.0126 0.0199 0.9435 0.0013 
   HI_SS0316  8 0.0241 0.0460 0.5251 0.0932 0.3079 0.0038 
   HI_SS0317  8 0.0111 0.1342 0.8226 0.0150 0.0147 0.0023 
   HI_SS0318  8 0.0092 0.4157 0.1629 0.2137 0.0158 0.1826 
   HI_SS0319  8 0.0111 0.0084 0.0058 0.9607 0.0099 0.0040 
   HI_SS0320  8 0.0076 0.0116 0.2743 0.0045 0.7009 0.0011 
   HI_SS0321  8 0.0049 0.0537 0.9233 0.0110 0.0054 0.0017 
   HI_SS0323  8 0.0061 0.2474 0.3065 0.0504 0.3879 0.0018 
   HI_SS0325  8 0.0121 0.3605 0.0190 0.5891 0.0174 0.0018 
   HI_SS0327  8 0.1154 0.0394 0.1270 0.7116 0.0050 0.0015 
   HI_SS0329  8 0.0171 0.0262 0.0219 0.0209 0.9126 0.0014 
   HI_SS0333  8 0.0357 0.2283 0.1882 0.0654 0.4796 0.0028 
   HI_SS0334  8 0.0091 0.9622 0.0112 0.0098 0.0063 0.0012 
   HI_SS0335  8 0.9307 0.0237 0.0125 0.0071 0.0055 0.0205 
   HI_SS0339  8 0.7482 0.1981 0.0079 0.0085 0.0264 0.0109 
   HI_SS0343  8 0.9194 0.0134 0.0371 0.0150 0.0133 0.0018 
   HI_SS0344  8 0.0042 0.0046 0.0084 0.9767 0.0036 0.0024 
   HI_SS0345  8 0.8314 0.0879 0.0126 0.0340 0.0268 0.0074 
   HI_SS0346  8 0.0101 0.9169 0.0175 0.0293 0.0230 0.0032 
   HI_SS0350  8 0.9039 0.0098 0.0048 0.0048 0.0708 0.0059 
   HI_SS0351  8 0.6070 0.1175 0.2243 0.0407 0.0076 0.0029 
   HI_SS0352  8 0.7495 0.0294 0.0634 0.0323 0.0272 0.0982 
   HI_SS0362  8 0.0060 0.7002 0.0549 0.1253 0.1117 0.0019 
   HI_SS0363  8 0.0582 0.0164 0.0386 0.8651 0.0173 0.0044 
   HI_SS0365  8 0.0774 0.1266 0.2796 0.0618 0.4495 0.0050 
   HI_SS0366  8 0.1351 0.0906 0.0434 0.7125 0.0167 0.0017 
   HI_SS0367  8 0.7180 0.0136 0.0164 0.0049 0.2449 0.0022 
   HI_SS0369  8 0.0280 0.1026 0.0664 0.0097 0.7903 0.0029 
   HI_SS0370  8 0.3486 0.1245 0.4881 0.0212 0.0146 0.0030 
   HI_SS0371  8 0.0157 0.0146 0.0197 0.8693 0.0754 0.0053 
   HI_SS0373  8 0.0045 0.0105 0.0103 0.0170 0.9504 0.0072 
   HI_SS0374  8 0.0184 0.0145 0.1817 0.0068 0.7527 0.0260 
   HI_SS0377  8 0.0314 0.2699 0.2536 0.3381 0.0103 0.0966 
   HI_SS0379  8 0.0048 0.0071 0.0072 0.9764 0.0035 0.0010 
   HI_SS0380  8 0.8133 0.1141 0.0275 0.0090 0.0294 0.0067 
   HI_SS0381  8 0.2538 0.2105 0.1191 0.0130 0.3990 0.0047 
   HI_SS0384  8 0.0181 0.0669 0.2512 0.3296 0.3262 0.0080 
   HI_SS0385  8 0.0122 0.0256 0.0066 0.1526 0.8017 0.0013 
   HI_SS0386  9 0.0019 0.0018 0.0019 0.0013 0.0017 0.9913 
   HI_SS0387  9 0.0065 0.0094 0.0217 0.0155 0.0089 0.9380 
   HI_SS0389  9 0.0034 0.0047 0.0040 0.0034 0.0036 0.9809 
   HI_SS0390  9 0.0014 0.0016 0.0020 0.0019 0.0020 0.9912 
   HI_SS0391  9 0.0038 0.0033 0.0036 0.0025 0.0024 0.9845 
   HI_SS0392  9 0.0019 0.0015 0.0014 0.0017 0.0018 0.9917 
   HI_SS0393  9 0.0014 0.0017 0.0017 0.0020 0.0012 0.9920 
   HI_SS0394  9 0.0013 0.0016 0.0013 0.0015 0.0020 0.9922 
   HI_SS0395  9 0.0035 0.0032 0.0046 0.0034 0.0065 0.9787 
   HI_SS0396  9 0.0113 0.0111 0.0077 0.0090 0.0125 0.9484 
   HI_SS0398  9 0.0073 0.0083 0.0048 0.0047 0.0051 0.9697 
   HI_SS0399  9 0.0011 0.0013 0.0015 0.0014 0.0011 0.9935 
   HI_SS0400  9 0.0024 0.0022 0.0019 0.0017 0.0023 0.9895 
   HI_SS0401  9 0.0014 0.0018 0.0018 0.0023 0.0016 0.9910 
   HI_SS0402  9 0.0015 0.0015 0.0015 0.0014 0.0011 0.9930 
   HI_SS0403  9 0.0018 0.0015 0.0017 0.0012 0.0014 0.9925 
   HI_SS0404  9 0.0012 0.0010 0.0010 0.0014 0.0014 0.9939 
   HI_SS0405  9 0.0235 0.0108 0.0214 0.0149 0.0091 0.9202 
   HI_SS0406  9 0.0026 0.0025 0.0024 0.0022 0.0021 0.9881 
   HI_SS0407  9 0.0070 0.0074 0.0048 0.0068 0.0118 0.9621 
   HI_SS0408  9 0.0016 0.0011 0.0016 0.0011 0.0010 0.9936 
   HI_SS0409  9 0.0037 0.0042 0.0037 0.0032 0.0030 0.9822 
   HI_SS0411  9 0.0030 0.0033 0.0035 0.0028 0.0028 0.9845 
   HI_SS0412  9 0.0471 0.0497 0.0654 0.0226 0.0166 0.7985 
   HI_SS0413  9 0.0032 0.0018 0.0024 0.0020 0.0019 0.9887 
   HI_SS0414  9 0.0143 0.0154 0.0161 0.0082 0.0215 0.9244 
   HI_SS0415  9 0.0026 0.0020 0.0022 0.0031 0.0014 0.9886 
   HI_SS0416  9 0.0036 0.0038 0.0035 0.0032 0.0039 0.9820 
   HI_SS0418  9 0.0057 0.0052 0.0059 0.0053 0.0044 0.9735 
   HI_SS0419  9 0.0034 0.0035 0.0034 0.0034 0.0037 0.9827 
   HI_SS0420  9 0.0018 0.0023 0.0023 0.0024 0.0023 0.9887 
   HI_SS0421  9 0.0046 0.0044 0.0052 0.0030 0.0045 0.9784 
   HI_SS0422  9 0.0019 0.0014 0.0013 0.0014 0.0017 0.9922 
   HI_SS0423  9 0.0033 0.0040 0.0051 0.0037 0.0053 0.9786 
   HI_SS0424  9 0.0018 0.0023 0.0015 0.0012 0.0019 0.9913 
   HI_SS0425  9 0.0038 0.0024 0.0031 0.0026 0.0045 0.9836 
   NS_SS1146 10 0.0032 0.0024 0.0023 0.0032 0.0019 0.9870 
   NS_SS1157 10 0.0091 0.0076 0.0075 0.0052 0.0059 0.9647 
   NS_SS1144 10 0.0247 0.0218 0.0120 0.0172 0.0073 0.9170 
   NS_SS1074 10 0.0037 0.0031 0.0034 0.0047 0.0040 0.9811 
   NS_SS1122 10 0.0055 0.0057 0.0033 0.0043 0.0044 0.9768 
   NS_SS1136 10 0.0015 0.0013 0.0013 0.0011 0.0012 0.9936 
   NS_SS1077 10 0.0006 0.0006 0.0007 0.0009 0.0008 0.9964 
   NS_SS1134 10 0.0067 0.0140 0.0096 0.0074 0.0130 0.9493 
   NS_SS1091 10 0.0032 0.0024 0.0022 0.0018 0.0023 0.9881 
   NS_SS1089 10 0.0029 0.0033 0.0037 0.0031 0.0030 0.9840 
   NS_SS1123 10 0.0015 0.0017 0.0016 0.0014 0.0017 0.9921 
   NS_SS1158 10 0.0011 0.0010 0.0012 0.0007 0.0012 0.9947 
   NS_SS1093 10 0.0025 0.0022 0.0022 0.0037 0.0019 0.9875 
   NS_SS1102 10 0.0064 0.0062 0.0051 0.0043 0.0051 0.9729 
   NS_SS1056 10 0.0018 0.0019 0.0020 0.0016 0.0019 0.9908 
   NS_SS1126 10 0.0032 0.0030 0.0042 0.0033 0.0028 0.9835 
   NS_SS1058 10 0.0052 0.0043 0.0029 0.0038 0.0037 0.9801 
   NS_SS1084 10 0.0010 0.0014 0.0014 0.0012 0.0021 0.9931 
   NS_SS1095 10 0.0051 0.0059 0.0056 0.0113 0.0056 0.9665 
   NS_SS1079 10 0.0018 0.0017 0.0015 0.0025 0.0018 0.9908 
   NS_SS1149 10 0.0031 0.0025 0.0028 0.0023 0.0032 0.9862 
   NS_SS1121 10 0.0017 0.0020 0.0018 0.0013 0.0014 0.9917 
   NS_SS1067 10 0.0069 0.0039 0.0056 0.0049 0.0086 0.9701 
   NS_SS1081 10 0.0025 0.0022 0.0030 0.0024 0.0024 0.9874 
   NS_SS1130 10 0.0036 0.0048 0.0029 0.0025 0.0037 0.9824 
   NS_SS1073 10 0.0032 0.0021 0.0025 0.0021 0.0029 0.9872 
   NS_SS1133 10 0.0073 0.0059 0.0048 0.0033 0.0145 0.9641 
   NS_SS1129 10 0.0017 0.0015 0.0011 0.0015 0.0015 0.9927 
   NS_SS1085 10 0.0019 0.0028 0.0023 0.0022 0.0029 0.9878 
   NS_SS1137 10 0.0043 0.0039 0.0067 0.0038 0.0051 0.9762 
   NS_SS1135 10 0.0014 0.0014 0.0014 0.0015 0.0016 0.9927 
   NS_SS1082 10 0.0025 0.0014 0.0018 0.0016 0.0017 0.9910 
   NS_SS1125 10 0.0014 0.0013 0.0017 0.0013 0.0016 0.9927 
   NS_SS1124 10 0.0095 0.0065 0.0092 0.0063 0.0056 0.9629 
   NS_SS1155 10 0.0088 0.0050 0.0156 0.0088 0.0048 0.9571 
   NS_SS1145 10 0.0021 0.0022 0.0022 0.0023 0.0026 0.9886 
