   NS_SS0963  1 0.4606 0.0685 0.0234 0.1047 0.0110 0.0079 0.1177 0.0209 0.0125 0.1728 
   NS_SS0983  1 0.0056 0.0268 0.0232 0.0041 0.0037 0.0028 0.9099 0.0040 0.0117 0.0082 
   NS_SS0719  1 0.0645 0.0559 0.1030 0.0122 0.1712 0.0074 0.1278 0.0389 0.0895 0.3296 
   NS_SS1001  1 0.2051 0.0182 0.2833 0.0076 0.2078 0.0084 0.0170 0.1959 0.0312 0.0256 
   NS_SS0936  1 0.2818 0.0335 0.0183 0.3549 0.0942 0.0028 0.0080 0.0124 0.0304 0.1637 
   NS_SS0955  1 0.0201 0.4714 0.2626 0.0343 0.0099 0.0033 0.0513 0.0295 0.0428 0.0747 
   NS_SS0944  1 0.0209 0.0197 0.0167 0.2992 0.0339 0.0018 0.0127 0.5574 0.0142 0.0236 
   NS_SS0945  1 0.0466 0.0213 0.0180 0.0149 0.1770 0.0107 0.0171 0.6426 0.0295 0.0224 
   NS_SS0922  1 0.1635 0.0192 0.0233 0.1368 0.0372 0.0311 0.0090 0.0062 0.4881 0.0855 
   NS_SS0929  1 0.0739 0.0399 0.1108 0.2354 0.0323 0.0040 0.0902 0.0169 0.3159 0.0807 
   NS_SS0956  1 0.0315 0.0078 0.5817 0.0453 0.0326 0.0052 0.0463 0.0518 0.0911 0.1066 
   NS_SS0906  1 0.0084 0.1684 0.0392 0.6742 0.0244 0.0039 0.0205 0.0171 0.0130 0.0308 
   NS_SS0721  1 0.0159 0.4221 0.0642 0.0032 0.0080 0.0052 0.4156 0.0065 0.0236 0.0356 
   NS_SS0982  1 0.0110 0.0169 0.0075 0.6371 0.0227 0.0143 0.0098 0.0054 0.0106 0.2647 
   NS_SS0923  1 0.0306 0.0358 0.0592 0.0382 0.3708 0.0059 0.1793 0.0096 0.0757 0.1950 
   NS_SS0905  1 0.0070 0.5711 0.0183 0.0241 0.1982 0.0026 0.0563 0.0162 0.0230 0.0832 
   NS_SS0925  1 0.0323 0.0110 0.0191 0.2275 0.0160 0.0036 0.0127 0.0051 0.0108 0.6619 
   NS_SS0947  1 0.0451 0.0312 0.0476 0.7757 0.0165 0.0068 0.0116 0.0211 0.0289 0.0154 
   NS_SS0926  1 0.2398 0.0059 0.0166 0.0091 0.1380 0.0015 0.0588 0.5048 0.0130 0.0125 
   NS_SS0918  1 0.0279 0.7743 0.0209 0.0289 0.0277 0.0034 0.0914 0.0110 0.0070 0.0075 
   NS_SS0966  1 0.0428 0.0093 0.0144 0.2653 0.0291 0.0459 0.0270 0.0209 0.4523 0.0929 
   NS_SS0938  1 0.8230 0.0033 0.0163 0.0069 0.0464 0.0016 0.0080 0.0054 0.0665 0.0226 
   NS_SS0917  1 0.0141 0.0048 0.0805 0.0189 0.0722 0.0349 0.0159 0.0178 0.0065 0.7342 
   NS_SS0957  1 0.2265 0.0836 0.0344 0.2262 0.2197 0.0086 0.0162 0.0114 0.1237 0.0497 
   NS_SS0987  1 0.0161 0.1745 0.0538 0.0192 0.4297 0.2363 0.0464 0.0054 0.0135 0.0052 
   NS_SS0717  1 0.0124 0.0108 0.1340 0.1399 0.5943 0.0027 0.0559 0.0075 0.0132 0.0292 
   NS_SS0986  1 0.0170 0.0091 0.8786 0.0102 0.0151 0.0038 0.0339 0.0191 0.0051 0.0080 
   NS_SS0953  1 0.0057 0.0101 0.0094 0.9008 0.0124 0.0142 0.0086 0.0091 0.0145 0.0151 
   NS_SS0907  1 0.0165 0.3605 0.0193 0.2758 0.0214 0.0391 0.0075 0.0136 0.0072 0.2391 
   NS_SS0974  1 0.0228 0.0292 0.0101 0.0409 0.1289 0.0042 0.0150 0.1997 0.0198 0.5294 
   NS_SS0989  1 0.3444 0.0728 0.0202 0.0129 0.0053 0.0015 0.1503 0.0622 0.1508 0.1795 
   NS_SS0991  1 0.0088 0.0215 0.0204 0.0080 0.0073 0.0022 0.8820 0.0338 0.0060 0.0100 
   NS_SS0994  1 0.0218 0.0195 0.0168 0.0149 0.0360 0.0023 0.2697 0.6003 0.0093 0.0095 
   NS_SS0931  1 0.3514 0.0152 0.0251 0.0109 0.0677 0.0102 0.0916 0.2239 0.1858 0.0181 
   NS_SS1000  1 0.0383 0.0049 0.1268 0.3601 0.1120 0.0046 0.0554 0.2130 0.0360 0.0489 
   NS_SS0919  1 0.0330 0.0079 0.0096 0.0128 0.0195 0.0027 0.8539 0.0172 0.0061 0.0373 
   NS_SS0949  1 0.0086 0.0256 0.0260 0.0097 0.0100 0.0016 0.0069 0.7093 0.0233 0.1790 
   NS_SS0960  1 0.0127 0.0782 0.0343 0.0318 0.0364 0.0084 0.0297 0.1452 0.0773 0.5459 
   NS_SS0716  1 0.0040 0.0057 0.0462 0.0066 0.9071 0.0054 0.0050 0.0064 0.0063 0.0073 
   NS_SS0924  1 0.0225 0.0158 0.5857 0.0139 0.1495 0.0155 0.0241 0.0100 0.0145 0.1485 
   NS_SS0935  1 0.0075 0.0578 0.0117 0.1056 0.0202 0.0109 0.5767 0.0669 0.0638 0.0789 
   NS_SS0952  1 0.0346 0.0551 0.0275 0.3505 0.0168 0.0506 0.0860 0.3114 0.0263 0.0412 
   NS_SS0962  1 0.6188 0.0077 0.0894 0.0176 0.1524 0.0085 0.0168 0.0116 0.0087 0.0684 
   NS_SS0973  1 0.0066 0.0676 0.0136 0.0055 0.0061 0.0032 0.0064 0.0050 0.0083 0.8776 
   NS_SS0722  1 0.0441 0.0180 0.0128 0.4836 0.3237 0.0025 0.0099 0.0044 0.0730 0.0279 
   NS_SS0979  1 0.1163 0.3819 0.0133 0.0273 0.3705 0.0020 0.0479 0.0085 0.0101 0.0223 
   NS_SS0993  1 0.2591 0.1402 0.0128 0.0462 0.0295 0.0226 0.0227 0.0107 0.3848 0.0714 
   NS_SS0958  1 0.0170 0.0287 0.0480 0.0428 0.1002 0.0034 0.0483 0.6366 0.0227 0.0524 
   NS_SS0988  1 0.0267 0.0173 0.0128 0.3476 0.4832 0.0048 0.0344 0.0077 0.0155 0.0500 
   NS_SS1003  1 0.8162 0.0085 0.0110 0.0091 0.0055 0.0109 0.0129 0.0111 0.0921 0.0227 
   NS_SS0976  1 0.6827 0.0187 0.0220 0.0125 0.0070 0.0021 0.1894 0.0314 0.0203 0.0139 
   NS_SS0964  1 0.0370 0.0794 0.0656 0.0147 0.1924 0.0029 0.0201 0.0197 0.0696 0.4987 
   NS_SS0939  1 0.2881 0.0064 0.0050 0.0034 0.6676 0.0036 0.0024 0.0031 0.0138 0.0065 
   NS_SS0990  1 0.6729 0.0621 0.0204 0.0099 0.1251 0.0030 0.0179 0.0099 0.0702 0.0086 
   NS_SS0984  1 0.1744 0.0111 0.0109 0.0492 0.5535 0.0031 0.0155 0.0037 0.0605 0.1181 
   NS_SS0980  1 0.0114 0.0369 0.0175 0.3147 0.0396 0.0026 0.2252 0.0125 0.0828 0.2567 
   NS_SS0978  1 0.0508 0.0279 0.0096 0.5190 0.0134 0.0039 0.0131 0.0309 0.1220 0.2094 
   NS_SS0951  1 0.0163 0.1189 0.5939 0.1381 0.0296 0.0038 0.0116 0.0514 0.0131 0.0234 
   NS_SS0913  1 0.0358 0.0224 0.5754 0.0324 0.0855 0.0417 0.0072 0.0468 0.0564 0.0964 
   NS_SS1002  1 0.8545 0.0096 0.0065 0.0328 0.0149 0.0432 0.0080 0.0067 0.0053 0.0185 
   NS_SS0948  1 0.2980 0.0385 0.0703 0.0354 0.0537 0.0556 0.0660 0.0137 0.3291 0.0397 
   NS_SS0916  1 0.0831 0.0142 0.0119 0.0080 0.0083 0.0041 0.0173 0.0113 0.6550 0.1869 
   NS_SS0995  1 0.0055 0.2941 0.0274 0.0072 0.0209 0.0024 0.0115 0.0068 0.3460 0.2782 
   NS_SS0927  1 0.0136 0.0441 0.0533 0.0150 0.2615 0.0082 0.0864 0.0299 0.0654 0.4225 
   NS_SS0992  1 0.0362 0.0551 0.6610 0.0473 0.0200 0.0043 0.0052 0.0136 0.0419 0.1155 
   NS_SS0912  1 0.0126 0.0381 0.0145 0.0145 0.0148 0.0035 0.8364 0.0275 0.0057 0.0324 
   NS_SS0981  1 0.3432 0.1559 0.0536 0.0380 0.1992 0.0045 0.1525 0.0073 0.0204 0.0253 
   NS_SS0729  2 0.0151 0.0159 0.0453 0.2252 0.0093 0.0029 0.4146 0.1507 0.0299 0.0911 
   NS_SS0967  2 0.0552 0.0178 0.0160 0.0859 0.0266 0.0131 0.0301 0.0227 0.0371 0.6955 
   NS_SS0941  2 0.3321 0.0175 0.0162 0.0154 0.2995 0.0808 0.0713 0.0143 0.0225 0.1304 
   NS_SS0768  2 0.0311 0.0110 0.7816 0.0705 0.0231 0.0046 0.0118 0.0252 0.0088 0.0324 
   NS_SS0726  2 0.4414 0.0961 0.0090 0.0193 0.0142 0.0103 0.0234 0.0175 0.2932 0.0755 
   NS_SS0763  2 0.0470 0.0453 0.0612 0.1877 0.0327 0.0022 0.3116 0.1117 0.0164 0.1842 
   NS_SS0730  2 0.0420 0.0257 0.1407 0.0811 0.5148 0.0039 0.0164 0.0235 0.0184 0.1334 
   NS_SS0774  2 0.0419 0.1937 0.0089 0.1212 0.1448 0.0011 0.0062 0.0054 0.4535 0.0233 
   NS_SS0723  2 0.0828 0.1352 0.0121 0.0686 0.1318 0.0016 0.0330 0.0061 0.0136 0.5153 
   NS_SS0940  2 0.3433 0.0181 0.0413 0.0057 0.4197 0.0072 0.0168 0.0487 0.0437 0.0556 
   NS_SS0762  2 0.0131 0.0156 0.0157 0.4731 0.2186 0.0029 0.0033 0.0067 0.2373 0.0137 
   NS_SS0766  2 0.0498 0.0161 0.0353 0.0087 0.4013 0.0155 0.1231 0.0278 0.0449 0.2775 
   NS_SS0724  2 0.0433 0.0553 0.0164 0.2081 0.0696 0.0042 0.5459 0.0193 0.0181 0.0198 
   NS_SS0769  2 0.0818 0.0202 0.0155 0.0339 0.0608 0.0047 0.7280 0.0064 0.0146 0.0341 
   NS_SS0777  2 0.0229 0.1211 0.0109 0.0094 0.0804 0.0096 0.6545 0.0448 0.0215 0.0250 
   NS_SS0734  2 0.0232 0.0490 0.2368 0.0092 0.1103 0.0319 0.0277 0.3237 0.0793 0.1089 
   NS_SS0737  2 0.1435 0.0119 0.0105 0.1263 0.0405 0.0055 0.0060 0.0060 0.4484 0.2015 
   NS_SS0732  2 0.0109 0.8795 0.0129 0.0205 0.0164 0.0062 0.0101 0.0088 0.0127 0.0221 
   NS_SS0728  2 0.1760 0.0217 0.2259 0.0196 0.0613 0.0143 0.3099 0.0190 0.0496 0.1027 
   NS_SS0735  2 0.0238 0.0957 0.0590 0.2972 0.0188 0.0108 0.0540 0.0196 0.1284 0.2927 
   NS_SS0725  2 0.7900 0.0220 0.0210 0.0100 0.0214 0.0083 0.0135 0.0622 0.0418 0.0096 
   NS_SS0788  2 0.1052 0.0162 0.0132 0.1101 0.0209 0.0016 0.0108 0.0061 0.0069 0.7090 
   NS_SS0778  2 0.0936 0.1114 0.0070 0.0236 0.0471 0.0018 0.1499 0.0186 0.4057 0.1412 
   NS_SS0792  2 0.0103 0.0051 0.1179 0.0103 0.0264 0.0049 0.0131 0.0067 0.7853 0.0200 
   NS_SS0943  2 0.0144 0.0161 0.0400 0.7241 0.0063 0.0057 0.0089 0.1649 0.0087 0.0109 
   NS_SS0791  2 0.0212 0.0683 0.0983 0.0051 0.0356 0.0136 0.0069 0.0155 0.5796 0.1560 
   NS_SS0790  2 0.0081 0.0060 0.4835 0.4664 0.0095 0.0043 0.0043 0.0039 0.0076 0.0063 
   NS_SS0731  2 0.0160 0.0100 0.0877 0.0151 0.7865 0.0108 0.0468 0.0061 0.0067 0.0142 
   NS_SS0727  2 0.1042 0.0160 0.1545 0.0522 0.1696 0.0027 0.0500 0.3058 0.0886 0.0564 
   NS_SS0779  2 0.0146 0.3207 0.0142 0.0176 0.1456 0.0082 0.3087 0.0115 0.0559 0.1029 
   NS_SS0776  2 0.1225 0.0785 0.0151 0.0564 0.1127 0.0100 0.0148 0.0389 0.5426 0.0085 
   NS_SS0775  2 0.0174 0.0098 0.0471 0.0077 0.8539 0.0062 0.0036 0.0082 0.0310 0.0151 
   NS_SS0965  3 0.0204 0.0127 0.0199 0.0157 0.0239 0.0019 0.7905 0.0109 0.0853 0.0189 
   NS_SS0754  3 0.0247 0.0838 0.0621 0.0330 0.0306 0.0182 0.3781 0.1153 0.0626 0.1916 
   NS_SS0838  3 0.2738 0.0661 0.3717 0.0085 0.0382 0.0399 0.0116 0.0306 0.0111 0.1486 
   NS_SS0839  3 0.5370 0.0654 0.0381 0.0581 0.0778 0.0049 0.0056 0.0078 0.0498 0.1556 
   NS_SS0832  3 0.2255 0.0145 0.0327 0.4431 0.1461 0.0606 0.0401 0.0072 0.0123 0.0180 
   NS_SS0820  3 0.3570 0.0072 0.0412 0.0151 0.2653 0.0090 0.0137 0.0044 0.0992 0.1880 
   NS_SS0886  3 0.0895 0.1845 0.1842 0.0474 0.0398 0.0033 0.0629 0.0171 0.0932 0.2781 
   NS_SS0748  3 0.0344 0.0425 0.0340 0.1361 0.3669 0.0079 0.2578 0.0425 0.0431 0.0349 
   NS_SS0884  3 0.1558 0.0637 0.0276 0.2587 0.0701 0.0220 0.0184 0.0671 0.0594 0.2573 
   NS_SS0752  3 0.0319 0.1062 0.0410 0.0296 0.0257 0.0019 0.0060 0.0328 0.0063 0.7187 
   NS_SS0862  3 0.0065 0.4745 0.3343 0.0427 0.0101 0.0050 0.0579 0.0059 0.0136 0.0493 
   NS_SS0787  3 0.0132 0.0055 0.0060 0.0112 0.0051 0.0063 0.0297 0.8975 0.0051 0.0204 
   NS_SS0843  3 0.0164 0.0419 0.0814 0.0470 0.0174 0.0021 0.6764 0.0130 0.0210 0.0833 
   NS_SS0856  3 0.0257 0.0196 0.2146 0.0179 0.1393 0.0044 0.0088 0.0142 0.0414 0.5141 
   NS_SS0846  3 0.0810 0.0258 0.0084 0.3069 0.0337 0.0032 0.4127 0.0218 0.0182 0.0883 
   NS_SS0825  3 0.3282 0.0278 0.0313 0.0252 0.0192 0.0122 0.1554 0.0561 0.0213 0.3234 
   NS_SS0757  3 0.0359 0.6159 0.0711 0.0205 0.0156 0.0035 0.0321 0.0188 0.0107 0.1760 
   NS_SS0876  3 0.0143 0.0463 0.3924 0.1459 0.0127 0.2071 0.0178 0.0150 0.0809 0.0677 
   NS_SS0903  3 0.0054 0.2539 0.0100 0.3422 0.0069 0.0030 0.0076 0.0075 0.0383 0.3253 
   NS_SS0875  3 0.0133 0.0182 0.0192 0.0431 0.7876 0.0030 0.0299 0.0185 0.0290 0.0382 
   NS_SS0740  3 0.0401 0.4671 0.0284 0.0647 0.0216 0.0045 0.2641 0.0239 0.0206 0.0651 
   NS_SS0811  3 0.0065 0.0080 0.8476 0.0081 0.0976 0.0066 0.0078 0.0078 0.0057 0.0044 
   NS_SS0751  3 0.3853 0.1803 0.0097 0.0065 0.1962 0.0023 0.0182 0.1233 0.0175 0.0605 
   NS_SS0891  3 0.3978 0.0343 0.1570 0.2713 0.0280 0.0076 0.0100 0.0130 0.0622 0.0189 
   NS_SS0867  3 0.0149 0.0063 0.0299 0.5137 0.0142 0.0355 0.2715 0.0319 0.0123 0.0698 
   NS_SS0890  3 0.0180 0.2768 0.0184 0.0807 0.2437 0.0041 0.0226 0.0199 0.0385 0.2772 
   NS_SS0866  3 0.0502 0.0372 0.2841 0.0226 0.0506 0.0048 0.0465 0.2986 0.1928 0.0127 
   NS_SS0755  3 0.2462 0.0383 0.1219 0.1542 0.2141 0.0055 0.0582 0.0168 0.1129 0.0319 
   NS_SS0758  3 0.0281 0.0369 0.0249 0.0249 0.0065 0.0016 0.8234 0.0113 0.0261 0.0164 
   NS_SS0840  3 0.3587 0.0304 0.2477 0.1407 0.0276 0.0025 0.0378 0.0148 0.0064 0.1334 
   NS_SS0889  3 0.0376 0.0684 0.1658 0.0169 0.0125 0.0034 0.0805 0.5614 0.0147 0.0389 
   NS_SS1010  3 0.1666 0.0138 0.0625 0.1373 0.1256 0.0536 0.1456 0.0467 0.0142 0.2341 
   NS_SS0888  3 0.0064 0.0081 0.0172 0.0054 0.0113 0.0013 0.0136 0.1214 0.3607 0.4546 
   NS_SS0837  3 0.0177 0.0222 0.1804 0.3939 0.0888 0.0034 0.0438 0.0411 0.0132 0.1954 
   NS_SS0794  3 0.0052 0.0287 0.6969 0.0094 0.0271 0.0019 0.0081 0.1775 0.0254 0.0196 
   NS_SS0823  3 0.0277 0.0158 0.8454 0.0245 0.0094 0.0056 0.0283 0.0119 0.0152 0.0162 
   NS_SS0829  3 0.0073 0.0632 0.6441 0.0089 0.0094 0.0851 0.0919 0.0714 0.0077 0.0111 
   NS_SS0844  3 0.0067 0.0047 0.0247 0.9121 0.0054 0.0017 0.0066 0.0048 0.0097 0.0237 
   NS_SS1008  3 0.0135 0.0826 0.0456 0.0443 0.3379 0.0158 0.0778 0.3266 0.0193 0.0366 
   NS_SS0881  3 0.1480 0.0671 0.0209 0.0161 0.3869 0.0021 0.0188 0.0997 0.2311 0.0092 
   NS_SS0834  3 0.8969 0.0073 0.0056 0.0356 0.0065 0.0057 0.0095 0.0095 0.0123 0.0111 
   NS_SS0744  3 0.0200 0.0984 0.5904 0.1149 0.0046 0.0066 0.0121 0.0193 0.0322 0.1015 
   NS_SS0899  3 0.0333 0.8622 0.0267 0.0431 0.0091 0.0016 0.0054 0.0040 0.0087 0.0060 
   NS_SS0804  3 0.3800 0.1433 0.0421 0.1327 0.0978 0.0042 0.1009 0.0046 0.0340 0.0603 
   NS_SS0781  3 0.2432 0.0264 0.0204 0.5709 0.0396 0.0029 0.0489 0.0071 0.0133 0.0274 
   NS_SS0822  3 0.0130 0.8902 0.0255 0.0094 0.0043 0.0020 0.0055 0.0191 0.0237 0.0073 
   NS_SS1004  3 0.0097 0.0221 0.2651 0.2227 0.0054 0.0038 0.0333 0.0045 0.3655 0.0680 
   NS_SS0746  3 0.0250 0.0169 0.5526 0.1255 0.1073 0.0178 0.0511 0.0485 0.0180 0.0374 
   NS_SS0880  3 0.4245 0.3845 0.0198 0.0239 0.0189 0.0016 0.0080 0.0505 0.0320 0.0363 
   NS_SS0879  3 0.0207 0.0179 0.1118 0.5857 0.0288 0.0141 0.0112 0.0221 0.1457 0.0419 
   NS_SS0753  3 0.0097 0.1798 0.0105 0.0610 0.0235 0.0103 0.4147 0.0508 0.0222 0.2174 
   NS_SS1007  3 0.0163 0.1006 0.0119 0.0054 0.1344 0.0018 0.0139 0.0163 0.0216 0.6778 
   NS_SS0872  3 0.0352 0.0056 0.3041 0.0526 0.0473 0.0026 0.0430 0.0070 0.2783 0.2243 
   NS_SS1005  3 0.0796 0.0237 0.0965 0.3614 0.0323 0.0012 0.0947 0.0248 0.0322 0.2535 
   NS_SS0892  3 0.0494 0.0764 0.0551 0.0242 0.3141 0.0027 0.0555 0.0673 0.0966 0.2589 
   NS_SS0898  3 0.0078 0.0102 0.0064 0.0062 0.0136 0.0051 0.0072 0.0092 0.9285 0.0059 
   NS_SS0801  3 0.2236 0.0798 0.3096 0.2157 0.0187 0.0123 0.0697 0.0097 0.0141 0.0468 
   NS_SS0827  3 0.0145 0.0232 0.0088 0.0058 0.3196 0.1256 0.3087 0.0161 0.1238 0.0540 
   NS_SS0853  3 0.0073 0.0112 0.2131 0.0600 0.0645 0.0071 0.5940 0.0058 0.0181 0.0189 
   NS_SS0780  3 0.2926 0.1312 0.0310 0.1248 0.0179 0.0045 0.2339 0.0110 0.1065 0.0465 
   NS_SS0826  3 0.0548 0.0259 0.0054 0.8384 0.0092 0.0043 0.0111 0.0351 0.0070 0.0087 
   NS_SS0818  3 0.0774 0.0135 0.0147 0.0345 0.0252 0.0019 0.1055 0.0300 0.5720 0.1254 
   NS_SS0745  3 0.3304 0.0880 0.0114 0.0056 0.4607 0.0014 0.0145 0.0337 0.0291 0.0251 
   NS_SS0849  3 0.0078 0.3822 0.5403 0.0099 0.0164 0.0017 0.0102 0.0112 0.0134 0.0069 
   NS_SS0739  3 0.0216 0.4357 0.0329 0.0062 0.0578 0.0129 0.0078 0.0144 0.1075 0.3031 
   NS_SS0799  3 0.0074 0.1955 0.0192 0.0091 0.0146 0.0015 0.0088 0.0276 0.0414 0.6748 
   NS_SS0756  3 0.0332 0.0166 0.0428 0.7874 0.0147 0.0035 0.0139 0.0056 0.0271 0.0550 
   NS_SS0802  3 0.0244 0.0115 0.0220 0.0118 0.0128 0.1789 0.0090 0.0378 0.0129 0.6790 
   NS_SS0747  3 0.0298 0.2770 0.0146 0.4349 0.0567 0.0046 0.0240 0.0101 0.0078 0.1405 
   NS_SS0835  3 0.0133 0.0097 0.0120 0.0431 0.0705 0.0016 0.8076 0.0146 0.0159 0.0116 
   NS_SS0742  3 0.0677 0.5213 0.0240 0.0172 0.0274 0.0014 0.0213 0.0077 0.1092 0.2028 
   NS_SS0760  3 0.0081 0.0143 0.1616 0.0178 0.0393 0.0586 0.0815 0.5706 0.0139 0.0343 
   NS_SS0803  3 0.0047 0.0078 0.0107 0.8503 0.0050 0.0066 0.0151 0.0041 0.0692 0.0265 
   NS_SS0828  3 0.0162 0.0769 0.0682 0.0304 0.0645 0.0018 0.2230 0.0292 0.4046 0.0853 
   NS_SS0865  3 0.1870 0.2034 0.3140 0.0372 0.0393 0.0393 0.0145 0.0810 0.0590 0.0254 
   NS_SS0759  3 0.0141 0.7760 0.0248 0.0199 0.0258 0.0053 0.0127 0.0070 0.0321 0.0822 
   NS_SS0851  3 0.2527 0.0237 0.4472 0.0156 0.0550 0.0184 0.0087 0.0100 0.1601 0.0087 
   NS_SS0874  3 0.0084 0.0472 0.0056 0.8779 0.0087 0.0017 0.0154 0.0045 0.0064 0.0242 
   NS_SS0761  3 0.0208 0.0213 0.1071 0.0329 0.0116 0.0027 0.7001 0.0523 0.0119 0.0392 
   NS_SS0842  3 0.0178 0.0165 0.1846 0.0201 0.4925 0.0092 0.0071 0.0155 0.2108 0.0260 
   NS_SS0785  3 0.0240 0.0448 0.0939 0.4063 0.0489 0.0070 0.1510 0.0865 0.0423 0.0952 
   NS_SS0860  3 0.0122 0.3368 0.2080 0.0402 0.0209 0.0029 0.1283 0.0218 0.0158 0.2130 
   NS_SS0897  3 0.0135 0.0137 0.0197 0.0169 0.0063 0.0025 0.0528 0.7861 0.0599 0.0286 
   NS_SS0841  3 0.0868 0.0253 0.6803 0.0134 0.0574 0.0028 0.0128 0.0513 0.0268 0.0431 
   NS_SS0797  3 0.3254 0.0100 0.0570 0.0276 0.1117 0.0348 0.0385 0.2051 0.1689 0.0211 
   NS_SS0830  3 0.0230 0.5202 0.0306 0.0610 0.1041 0.0023 0.0079 0.0819 0.0629 0.1061 
   NS_SS1011  3 0.7971 0.0080 0.0194 0.1178 0.0051 0.0061 0.0158 0.0050 0.0185 0.0072 
   NS_SS0883  3 0.0037 0.0707 0.8089 0.0050 0.0193 0.0049 0.0153 0.0065 0.0084 0.0573 
   NS_SS0782  3 0.0115 0.0072 0.7155 0.0144 0.0195 0.0035 0.0311 0.0250 0.1556 0.0168 
   NS_SS0831  3 0.0062 0.0537 0.8636 0.0145 0.0096 0.0026 0.0161 0.0156 0.0114 0.0066 
   NS_SS0749  3 0.0300 0.5930 0.1046 0.0122 0.0194 0.0050 0.0417 0.0501 0.0201 0.1238 
   NS_SS0854  3 0.0149 0.1737 0.3038 0.0395 0.0248 0.0043 0.0305 0.0927 0.1218 0.1939 
   HI_SS0193  4 0.0248 0.0086 0.0141 0.0054 0.0033 0.0023 0.0079 0.9023 0.0270 0.0044 
   HI_SS0194  4 0.7198 0.0288 0.0086 0.1687 0.0144 0.0025 0.0068 0.0325 0.0110 0.0070 
   HI_SS0195  4 0.2354 0.0066 0.5050 0.0117 0.0846 0.1167 0.0061 0.0042 0.0185 0.0112 
   HI_SS0196  4 0.0219 0.0132 0.2019 0.0290 0.0196 0.0032 0.0060 0.5602 0.0101 0.1350 
   HI_SS0197  4 0.9347 0.0038 0.0067 0.0068 0.0116 0.0097 0.0102 0.0028 0.0060 0.0076 
   HI_SS0198  4 0.0239 0.2669 0.4326 0.0223 0.0247 0.0134 0.0206 0.0180 0.0492 0.1283 
   HI_SS0199  4 0.0050 0.0081 0.0172 0.0110 0.0078 0.0028 0.1543 0.0088 0.2821 0.5030 
   HI_SS0201  4 0.0197 0.0120 0.0279 0.0254 0.0060 0.0025 0.7314 0.0553 0.0616 0.0582 
   HI_SS0215  4 0.0125 0.0040 0.0260 0.0163 0.0072 0.0028 0.8956 0.0123 0.0072 0.0160 
   HI_SS0218  4 0.0103 0.0179 0.0393 0.0069 0.0109 0.0097 0.0367 0.7323 0.0598 0.0762 
   HI_SS0222  4 0.0155 0.0044 0.8104 0.0093 0.0352 0.0049 0.0692 0.0119 0.0213 0.0179 
   HI_SS0230  4 0.0778 0.0336 0.0889 0.0209 0.5739 0.0049 0.1632 0.0092 0.0089 0.0188 
   HI_SS0234  4 0.0131 0.0058 0.0120 0.4330 0.0517 0.1500 0.0436 0.0082 0.2428 0.0397 
   HI_SS0240  4 0.0073 0.0052 0.0151 0.0111 0.0132 0.0096 0.0186 0.0103 0.4580 0.4516 
   HI_SS0241  4 0.1281 0.0178 0.0198 0.0509 0.0298 0.0021 0.0270 0.0146 0.6557 0.0542 
   HI_SS0242  4 0.0202 0.0918 0.3058 0.0523 0.0450 0.0039 0.0198 0.0153 0.4067 0.0391 
   HI_SS0247  4 0.1651 0.0196 0.0104 0.5868 0.0137 0.0214 0.0143 0.0049 0.1578 0.0060 
   HI_SS0248  4 0.0138 0.0157 0.0130 0.0380 0.1111 0.0007 0.0245 0.7421 0.0241 0.0172 
   HI_SS0252  4 0.4908 0.0251 0.1086 0.0835 0.0067 0.0026 0.0876 0.0255 0.1074 0.0624 
   HI_SS0254  4 0.0967 0.0666 0.0049 0.0341 0.0267 0.0906 0.1645 0.1873 0.2833 0.0455 
   HI_SS0256  4 0.0115 0.0041 0.0047 0.9448 0.0108 0.0011 0.0047 0.0033 0.0043 0.0106 
   HI_SS0257  4 0.0070 0.0289 0.0111 0.8427 0.0090 0.0029 0.0643 0.0152 0.0129 0.0061 
   HI_SS0258  4 0.0061 0.0104 0.0095 0.0098 0.0138 0.0043 0.0241 0.8979 0.0112 0.0129 
   HI_SS0259  4 0.9241 0.0089 0.0074 0.0072 0.0120 0.0028 0.0069 0.0054 0.0120 0.0133 
   HI_SS0260  4 0.0125 0.0070 0.0142 0.0936 0.2650 0.0016 0.1649 0.2100 0.0209 0.2102 
   HI_SS0261  4 0.3458 0.0527 0.0272 0.0885 0.0785 0.0034 0.0384 0.0599 0.1574 0.1481 
   HI_SS0262  4 0.1539 0.0144 0.2887 0.1404 0.0859 0.0102 0.0081 0.0135 0.0826 0.2024 
   HI_SS0264  4 0.1027 0.0140 0.0312 0.2318 0.4489 0.0043 0.0372 0.0810 0.0098 0.0391 
   HI_SS0265  4 0.1989 0.0130 0.0371 0.0721 0.3927 0.1100 0.0256 0.0082 0.0660 0.0764 
   HI_SS0268  4 0.1358 0.0336 0.0094 0.0094 0.0550 0.0037 0.2721 0.2231 0.0106 0.2474 
   HI_SS0269  4 0.0344 0.0483 0.0283 0.0374 0.0045 0.0020 0.0063 0.0755 0.7268 0.0366 
   HI_SS0273  4 0.0222 0.0430 0.0090 0.0129 0.0112 0.0019 0.0130 0.6770 0.0183 0.1916 
   HI_SS0277  4 0.5033 0.0200 0.0621 0.0139 0.0222 0.0026 0.1734 0.0171 0.0140 0.1714 
   HI_SS0280  4 0.2796 0.0166 0.2650 0.0160 0.0812 0.0059 0.0163 0.1794 0.1080 0.0321 
   HI_SS0282  4 0.0243 0.0333 0.0198 0.0587 0.0071 0.0013 0.0174 0.7631 0.0057 0.0694 
   HI_SS0286  4 0.0189 0.0253 0.0592 0.0148 0.0215 0.0065 0.3662 0.0158 0.0345 0.4373 
   NS_SS1252  5 0.0086 0.0530 0.0179 0.0072 0.0098 0.0028 0.8519 0.0157 0.0154 0.0176 
   NS_SS1261  5 0.0319 0.0376 0.0267 0.0331 0.3666 0.0176 0.1113 0.0901 0.0111 0.2740 
   NS_SS1225  5 0.0078 0.1038 0.0064 0.7401 0.0055 0.0625 0.0503 0.0084 0.0079 0.0074 
   NS_SS1266  5 0.0890 0.1997 0.0962 0.5199 0.0082 0.0118 0.0131 0.0067 0.0175 0.0379 
   NS_SS1228  5 0.1034 0.0557 0.0375 0.0251 0.0580 0.0161 0.0134 0.0176 0.5832 0.0901 
   NS_SS1255  5 0.0126 0.0086 0.0207 0.0401 0.1760 0.0019 0.0043 0.7131 0.0100 0.0129 
   NS_SS1267  5 0.0057 0.0053 0.0162 0.0065 0.0226 0.0140 0.8962 0.0126 0.0133 0.0074 
   NS_SS1238  5 0.1241 0.0333 0.0054 0.0080 0.0132 0.0030 0.0110 0.7819 0.0105 0.0096 
   NS_SS1233  5 0.0081 0.9286 0.0027 0.0180 0.0053 0.0019 0.0058 0.0180 0.0059 0.0057 
   NS_SS1277  5 0.0088 0.0098 0.0052 0.0058 0.0108 0.0008 0.0134 0.0423 0.8979 0.0052 
   NS_SS1245  5 0.0470 0.0122 0.4361 0.2902 0.0453 0.0018 0.0115 0.1148 0.0197 0.0215 
   NS_SS1240  5 0.0129 0.0064 0.0098 0.0039 0.0117 0.0022 0.8547 0.0367 0.0106 0.0512 
   NS_SS1275  5 0.8806 0.0047 0.0397 0.0213 0.0079 0.0029 0.0052 0.0037 0.0258 0.0082 
   NS_SS1235  5 0.0683 0.0110 0.0059 0.8188 0.0105 0.0053 0.0068 0.0198 0.0277 0.0261 
   NS_SS1263  5 0.0256 0.0733 0.0123 0.7876 0.0573 0.0009 0.0147 0.0100 0.0076 0.0107 
   NS_SS1251  5 0.0334 0.0141 0.0087 0.6719 0.0655 0.0014 0.1670 0.0111 0.0090 0.0180 
   NS_SS1248  5 0.0286 0.1859 0.2618 0.0062 0.0488 0.1133 0.1426 0.0654 0.1152 0.0321 
   NS_SS1244  5 0.7295 0.0352 0.0103 0.0171 0.0043 0.0049 0.0050 0.0278 0.1494 0.0165 
   NS_SS1257  5 0.0304 0.0664 0.3116 0.0198 0.0197 0.0329 0.1190 0.0595 0.1667 0.1739 
   NS_SS1242  5 0.0189 0.0084 0.0175 0.3167 0.5492 0.0027 0.0062 0.0097 0.0071 0.0636 
   NS_SS1271  5 0.0062 0.0053 0.0074 0.0063 0.0110 0.0205 0.0147 0.0173 0.9022 0.0089 
   NS_SS1265  5 0.0209 0.0167 0.0572 0.0182 0.0271 0.0271 0.2593 0.5577 0.0066 0.0092 
   NS_SS1243  5 0.0165 0.0409 0.8125 0.0096 0.0226 0.0510 0.0114 0.0093 0.0169 0.0093 
   NS_SS1273  5 0.0202 0.0076 0.0074 0.0107 0.8802 0.0115 0.0047 0.0080 0.0205 0.0292 
   NS_SS1254  5 0.0225 0.0287 0.2214 0.6327 0.0384 0.0058 0.0102 0.0096 0.0127 0.0181 
   NS_SS1224  5 0.0186 0.0342 0.1235 0.7099 0.0207 0.0099 0.0511 0.0052 0.0187 0.0082 
   NS_SS1227  5 0.0092 0.0244 0.0046 0.0091 0.6476 0.0014 0.2659 0.0136 0.0134 0.0107 
   NS_SS1274  5 0.0269 0.7476 0.0246 0.0535 0.0091 0.0189 0.0527 0.0314 0.0044 0.0310 
   NS_SS1241  5 0.0638 0.0385 0.0362 0.0557 0.0097 0.0009 0.0149 0.6093 0.0797 0.0911 
   NS_SS1256  5 0.3568 0.0079 0.0243 0.3871 0.0249 0.0359 0.0480 0.0233 0.0594 0.0323 
   NS_SS1260  5 0.0049 0.0117 0.0129 0.0100 0.0054 0.0529 0.0107 0.0085 0.0074 0.8756 
   NS_SS1262  5 0.0173 0.0123 0.0430 0.5459 0.0124 0.1718 0.0273 0.0482 0.0584 0.0634 
   NS_SS1230  5 0.0543 0.0268 0.0830 0.0176 0.0406 0.0128 0.0144 0.6121 0.0183 0.1201 
   NS_SS1270  5 0.3308 0.1493 0.1364 0.0944 0.0239 0.0019 0.2087 0.0193 0.0107 0.0245 
   NS_SS1229  5 0.3863 0.0056 0.0071 0.0146 0.0053 0.0040 0.0126 0.0074 0.0072 0.5499 
   NS_SS1246  5 0.8079 0.0098 0.0032 0.0065 0.0944 0.0025 0.0098 0.0245 0.0176 0.0237 
   NS_SS1269  5 0.0363 0.0406 0.1419 0.0232 0.0194 0.0023 0.2590 0.0785 0.0278 0.3713 
   NS_SS1239  5 0.0187 0.0262 0.0068 0.0107 0.0082 0.0044 0.0110 0.0086 0.2952 0.6101 
   NS_SS1272  5 0.5711 0.0138 0.0508 0.0305 0.0174 0.0075 0.0754 0.0062 0.0356 0.1917 
   NS_SS1268  5 0.0205 0.7656 0.0141 0.1249 0.0186 0.0031 0.0126 0.0159 0.0148 0.0099 
   NS_SS1249  5 0.0063 0.0084 0.0438 0.0117 0.0074 0.0133 0.0122 0.1414 0.7487 0.0068 
   HI_SS0559  6 0.0078 0.0187 0.2509 0.3927 0.0121 0.0018 0.0597 0.0274 0.0393 0.1895 
   HI_SS0563  6 0.0071 0.0201 0.0316 0.1807 0.0230 0.0044 0.1306 0.0328 0.5272 0.0424 
   HI_SS0564  6 0.0316 0.8175 0.0272 0.0097 0.0084 0.0389 0.0112 0.0095 0.0305 0.0156 
   HI_SS0565  6 0.0450 0.0173 0.0090 0.0184 0.4569 0.0047 0.1620 0.0189 0.0090 0.2588 
   HI_SS0569  6 0.0115 0.0417 0.0182 0.0189 0.0131 0.0026 0.8113 0.0404 0.0345 0.0079 
   HI_SS0570  6 0.0149 0.0133 0.0178 0.0080 0.0076 0.0435 0.0080 0.8584 0.0101 0.0183 
   HI_SS0572  6 0.0179 0.0105 0.0145 0.5172 0.2058 0.0034 0.0061 0.0072 0.0472 0.1702 
   HI_SS0576  6 0.0100 0.0780 0.0093 0.0075 0.0837 0.0060 0.0178 0.0289 0.0192 0.7397 
   HI_SS0579  6 0.0140 0.0147 0.0422 0.7215 0.0070 0.0098 0.0352 0.0198 0.0813 0.0545 
   HI_SS0580  6 0.0076 0.0062 0.1757 0.0688 0.3361 0.0050 0.0540 0.0349 0.1136 0.1978 
   HI_SS0581  6 0.7198 0.0353 0.0890 0.0157 0.0193 0.0699 0.0085 0.0029 0.0118 0.0280 
   HI_SS0583  6 0.0055 0.0071 0.0073 0.0056 0.0152 0.0024 0.9385 0.0042 0.0064 0.0078 
   HI_SS0586  6 0.0037 0.0133 0.0049 0.0073 0.0172 0.0011 0.9246 0.0164 0.0039 0.0077 
   HI_SS0588  6 0.0053 0.0066 0.0203 0.0203 0.0134 0.0178 0.8460 0.0234 0.0270 0.0199 
   HI_SS0595  6 0.0773 0.0072 0.0117 0.0195 0.0570 0.0241 0.0173 0.0614 0.4334 0.2910 
   HI_SS0596  6 0.0082 0.0100 0.0064 0.0348 0.7064 0.0026 0.0056 0.0140 0.0193 0.1928 
   HI_SS0597  6 0.8270 0.0095 0.0347 0.0397 0.0300 0.0029 0.0155 0.0096 0.0139 0.0172 
   HI_SS0600  6 0.0156 0.0293 0.0042 0.0755 0.0043 0.0024 0.0090 0.0058 0.7702 0.0837 
   HI_SS0601  6 0.0333 0.1014 0.0091 0.7377 0.0230 0.0127 0.0445 0.0075 0.0158 0.0149 
   HI_SS0602  6 0.0060 0.0142 0.0250 0.0150 0.0195 0.0031 0.8289 0.0084 0.0039 0.0760 
   HI_SS0604  6 0.0340 0.1517 0.3381 0.0229 0.0353 0.0017 0.3392 0.0212 0.0446 0.0112 
   HI_SS0605  6 0.0082 0.0280 0.8471 0.0061 0.0119 0.0063 0.0145 0.0091 0.0446 0.0243 
   HI_SS0608  6 0.0164 0.4869 0.0157 0.0090 0.3223 0.0011 0.0087 0.0113 0.1118 0.0169 
   HI_SS0609  6 0.0206 0.0135 0.0241 0.8451 0.0158 0.0010 0.0150 0.0173 0.0415 0.0060 
   HI_SS0611  6 0.0084 0.0564 0.8153 0.0148 0.0135 0.0025 0.0211 0.0373 0.0113 0.0194 
   HI_SS0612  6 0.0118 0.0073 0.0038 0.8861 0.0075 0.0053 0.0080 0.0107 0.0332 0.0264 
   HI_SS0613  6 0.0123 0.0340 0.8986 0.0089 0.0106 0.0018 0.0133 0.0071 0.0039 0.0094 
   HI_SS0615  6 0.0182 0.0580 0.0247 0.0176 0.0392 0.0118 0.0124 0.0054 0.0215 0.7913 
   HI_SS0001  6 0.7949 0.0085 0.0109 0.0282 0.0363 0.0034 0.0096 0.0226 0.0678 0.0179 
   HI_SS0002  6 0.0521 0.0169 0.0217 0.1608 0.0716 0.0400 0.4152 0.0083 0.0177 0.1958 
   HI_SS0004  6 0.0793 0.2732 0.0248 0.0158 0.0098 0.0046 0.0320 0.2770 0.2391 0.0443 
   HI_SS0005  6 0.1148 0.0849 0.1750 0.0126 0.0977 0.0064 0.0333 0.0311 0.0148 0.4294 
   HI_SS0006  6 0.0617 0.0294 0.0300 0.0474 0.0077 0.0022 0.7456 0.0351 0.0095 0.0314 
   HI_SS0007  6 0.0073 0.0142 0.0971 0.0072 0.0168 0.0030 0.0171 0.3435 0.4850 0.0088 
   HI_SS0008  6 0.0367 0.0305 0.0101 0.0176 0.1487 0.0309 0.3142 0.0071 0.0357 0.3687 
   HI_SS0009  6 0.0087 0.0339 0.0526 0.0187 0.3243 0.0046 0.0181 0.0369 0.4654 0.0370 
   HI_SS0010  6 0.0129 0.3540 0.0176 0.0131 0.2756 0.0032 0.0310 0.2387 0.0278 0.0260 
   HI_SS0011  6 0.3679 0.0299 0.0257 0.3187 0.0330 0.0949 0.0080 0.0677 0.0107 0.0436 
   HI_SS0012  6 0.0228 0.0445 0.0315 0.0333 0.0771 0.0058 0.0314 0.0048 0.0115 0.7374 
   HI_SS0017  6 0.3952 0.0095 0.0088 0.0416 0.0168 0.0016 0.0051 0.0968 0.4181 0.0065 
   HI_SS0021  6 0.0121 0.0043 0.0134 0.0231 0.6058 0.2133 0.0104 0.0872 0.0139 0.0166 
   HI_SS0024  6 0.1930 0.0138 0.0331 0.0116 0.5772 0.0024 0.0186 0.0644 0.0680 0.0179 
   HI_SS0025  6 0.0052 0.0075 0.8530 0.0114 0.0655 0.0030 0.0060 0.0048 0.0092 0.0345 
   HI_SS0027  6 0.0070 0.3942 0.0274 0.0363 0.0055 0.0131 0.0394 0.4307 0.0159 0.0306 
   HI_SS0028  6 0.0248 0.0072 0.0262 0.0185 0.8056 0.0017 0.0809 0.0082 0.0054 0.0216 
   HI_SS0029  6 0.0085 0.0059 0.0068 0.0153 0.8934 0.0084 0.0153 0.0180 0.0073 0.0212 
   HI_SS0030  6 0.3272 0.0272 0.0086 0.0101 0.0274 0.0042 0.0876 0.0289 0.0210 0.4577 
   HI_SS0031  6 0.0099 0.0094 0.0083 0.0139 0.0347 0.0043 0.0409 0.0062 0.0216 0.8510 
   HI_SS0034  6 0.1508 0.0520 0.2402 0.1867 0.0228 0.0068 0.1263 0.0233 0.0425 0.1486 
   HI_SS0036  6 0.5077 0.0309 0.0490 0.0053 0.0929 0.0096 0.0299 0.2161 0.0421 0.0164 
   HI_SS0037  6 0.0064 0.0177 0.8375 0.0113 0.0159 0.0036 0.0102 0.0800 0.0099 0.0075 
   HI_SS0039  6 0.0560 0.0121 0.0634 0.0259 0.6329 0.0033 0.0353 0.1314 0.0158 0.0238 
   HI_SS0041  6 0.0646 0.0557 0.7052 0.0128 0.0708 0.0023 0.0059 0.0060 0.0367 0.0400 
   HI_SS0042  6 0.3082 0.0280 0.0589 0.0964 0.3013 0.1268 0.0136 0.0106 0.0241 0.0322 
   HI_SS0043  6 0.0093 0.8859 0.0078 0.0042 0.0101 0.0029 0.0127 0.0524 0.0077 0.0070 
   HI_SS0044  6 0.0145 0.0061 0.0118 0.0067 0.5719 0.0031 0.0101 0.2800 0.0689 0.0271 
   HI_SS0047  6 0.0688 0.0366 0.7443 0.0211 0.0232 0.0029 0.0180 0.0303 0.0130 0.0417 
   HI_SS0049  6 0.0820 0.2516 0.0539 0.0555 0.1358 0.0048 0.0352 0.0177 0.3294 0.0342 
   HI_SS0051  6 0.0036 0.0219 0.9130 0.0144 0.0042 0.0020 0.0098 0.0060 0.0045 0.0205 
   HI_SS0053  6 0.4812 0.1335 0.0069 0.0186 0.0174 0.0049 0.1189 0.0769 0.0978 0.0438 
   HI_SS0054  6 0.0258 0.0764 0.0090 0.0971 0.0205 0.0038 0.4803 0.2732 0.0072 0.0067 
   HI_SS0057  6 0.0286 0.8915 0.0108 0.0083 0.0066 0.0037 0.0063 0.0107 0.0173 0.0163 
   HI_SS0058  6 0.0090 0.0137 0.0418 0.8273 0.0341 0.0061 0.0115 0.0268 0.0135 0.0162 
   HI_SS0060  6 0.0299 0.3406 0.0089 0.1463 0.0947 0.1001 0.0158 0.0482 0.2007 0.0147 
   HI_SS0087  6 0.0377 0.0165 0.0143 0.0168 0.0081 0.0021 0.8659 0.0114 0.0122 0.0148 
   HI_SS0091  6 0.2035 0.0301 0.0508 0.0309 0.0050 0.0014 0.5685 0.0362 0.0525 0.0211 
   HI_SS0095  6 0.0215 0.0131 0.0273 0.4396 0.0125 0.0445 0.1039 0.0076 0.0151 0.3147 
   HI_SS0097  6 0.0229 0.2949 0.0189 0.3105 0.0103 0.0045 0.0258 0.0106 0.0162 0.2856 
   HI_SS0099  6 0.0089 0.0053 0.0102 0.0128 0.9259 0.0047 0.0085 0.0052 0.0102 0.0082 
   HI_SS0103  6 0.0748 0.0294 0.0243 0.0310 0.0338 0.0049 0.0065 0.0376 0.0130 0.7446 
   HI_SS0105  6 0.4623 0.0253 0.0629 0.0249 0.0104 0.0269 0.0133 0.0730 0.0109 0.2900 
   HI_SS0107  6 0.3981 0.0176 0.0163 0.3596 0.0342 0.0010 0.0134 0.0129 0.0225 0.1244 
   HI_SS0108  6 0.0080 0.0205 0.0314 0.0087 0.0038 0.0342 0.0600 0.8123 0.0111 0.0099 
   HI_SS0110  6 0.5553 0.0210 0.0136 0.0114 0.0122 0.0011 0.0243 0.0196 0.1385 0.2029 
   HI_SS0111  6 0.0309 0.0311 0.0104 0.0266 0.0130 0.0342 0.0332 0.0059 0.7583 0.0563 
   HI_SS0112  6 0.0033 0.0071 0.0030 0.0038 0.0064 0.0014 0.0043 0.9604 0.0039 0.0064 
   HI_SS0113  6 0.5334 0.0244 0.0444 0.1305 0.2057 0.0042 0.0149 0.0080 0.0180 0.0165 
   HI_SS0114  6 0.0069 0.0255 0.0346 0.0090 0.0108 0.0056 0.8643 0.0166 0.0179 0.0087 
   HI_SS0115  6 0.0043 0.1288 0.0828 0.3174 0.1022 0.0174 0.0667 0.0409 0.1299 0.1096 
   HI_SS0116  6 0.0092 0.0091 0.0134 0.0070 0.8161 0.0030 0.0319 0.0513 0.0126 0.0463 
   HI_SS0117  6 0.2334 0.0063 0.0070 0.3096 0.0136 0.0025 0.1563 0.2193 0.0192 0.0328 
   HI_SS0118  6 0.0457 0.0121 0.1394 0.1156 0.2323 0.0103 0.1548 0.1120 0.1380 0.0399 
   HI_SS0119  6 0.0461 0.7311 0.0084 0.0218 0.0088 0.0017 0.0098 0.1140 0.0158 0.0425 
   HI_SS0120  6 0.9251 0.0085 0.0073 0.0131 0.0061 0.0028 0.0084 0.0116 0.0078 0.0093 
   HI_SS0121  6 0.2577 0.0989 0.0211 0.3924 0.0296 0.0017 0.1337 0.0281 0.0117 0.0250 
   HI_SS0122  6 0.1670 0.0967 0.2232 0.0203 0.0266 0.0294 0.0109 0.0486 0.3617 0.0156 
   HI_SS0123  6 0.1067 0.0587 0.0346 0.4985 0.0292 0.0053 0.1392 0.0077 0.0196 0.1004 
   HI_SS0124  6 0.0418 0.0388 0.0099 0.0178 0.5238 0.0025 0.0090 0.0083 0.3035 0.0446 
   HI_SS0125  6 0.0351 0.0093 0.0123 0.0079 0.2287 0.0400 0.0088 0.0019 0.6443 0.0116 
   HI_SS0126  6 0.0070 0.0078 0.0076 0.0047 0.0353 0.0011 0.0069 0.9036 0.0154 0.0105 
   HI_SS0127  6 0.0046 0.8050 0.0398 0.0340 0.0344 0.0069 0.0330 0.0127 0.0098 0.0198 
   HI_SS0128  6 0.2425 0.0142 0.0045 0.2131 0.1035 0.0034 0.0411 0.0381 0.0384 0.3013 
   HI_SS0129  6 0.1899 0.0766 0.3005 0.0192 0.0227 0.0122 0.1660 0.0453 0.1442 0.0234 
   HI_SS0131  6 0.0094 0.0114 0.1993 0.1872 0.0240 0.0384 0.0104 0.3080 0.1927 0.0193 
   HI_SS0132  6 0.1410 0.0946 0.0258 0.0944 0.0390 0.0007 0.0222 0.2023 0.3385 0.0415 
   HI_SS0133  6 0.0052 0.0042 0.0033 0.0028 0.0037 0.0010 0.0046 0.9557 0.0151 0.0044 
   HI_SS0134  6 0.0613 0.0160 0.1427 0.0444 0.0576 0.0024 0.2116 0.2806 0.0174 0.1661 
   HI_SS0142  6 0.0264 0.0070 0.0069 0.1110 0.0133 0.0171 0.7374 0.0064 0.0120 0.0626 
   HI_SS0145  6 0.0077 0.0082 0.0100 0.8687 0.0124 0.0013 0.0260 0.0348 0.0112 0.0197 
   HI_SS0146  6 0.0093 0.0112 0.0064 0.0223 0.0375 0.0013 0.0247 0.7320 0.0533 0.1021 
   HI_SS0147  6 0.0428 0.0160 0.3197 0.2757 0.0626 0.0273 0.0121 0.0683 0.0058 0.1698 
   HI_SS0149  6 0.8890 0.0355 0.0047 0.0121 0.0090 0.0046 0.0049 0.0227 0.0070 0.0104 
   HI_SS0150  6 0.1115 0.0619 0.0319 0.0259 0.0450 0.0055 0.1020 0.0195 0.4939 0.1030 
   HI_SS0151  6 0.0077 0.1304 0.1085 0.0270 0.0061 0.0126 0.0324 0.0154 0.4014 0.2584 
   NS_SS1451  6 0.0157 0.2308 0.0063 0.0096 0.0226 0.0028 0.0047 0.0069 0.6207 0.0800 
   NS_SS1404  6 0.1096 0.0135 0.3957 0.0785 0.2512 0.0114 0.0268 0.0147 0.0349 0.0638 
   NS_SS1432  6 0.1903 0.0204 0.0129 0.0077 0.6801 0.0360 0.0058 0.0057 0.0259 0.0152 
   NS_SS1405  6 0.0075 0.0100 0.0853 0.0777 0.6197 0.0036 0.0097 0.1568 0.0099 0.0198 
   NS_SS1431  6 0.9029 0.0240 0.0055 0.0063 0.0289 0.0009 0.0060 0.0098 0.0066 0.0091 
   NS_SS1402  6 0.1355 0.1941 0.0443 0.2560 0.0246 0.0028 0.1114 0.0186 0.0303 0.1824 
   NS_SS1450  6 0.4422 0.0854 0.0331 0.0125 0.0123 0.0042 0.0635 0.2039 0.0803 0.0625 
   NS_SS1396  6 0.2806 0.0304 0.0676 0.0073 0.4505 0.0057 0.0291 0.0228 0.0213 0.0848 
   NS_SS1393  6 0.0076 0.0106 0.0118 0.0067 0.0082 0.0032 0.9158 0.0042 0.0061 0.0257 
   NS_SS1392  6 0.0362 0.0167 0.0213 0.0054 0.0518 0.0160 0.0074 0.0176 0.4716 0.3561 
   NS_SS1445  6 0.0538 0.0734 0.0095 0.0559 0.0201 0.0116 0.7002 0.0251 0.0158 0.0348 
   NS_SS1423  6 0.0394 0.0124 0.0055 0.1380 0.0275 0.0015 0.0399 0.4810 0.0504 0.2044 
   NS_SS1421  6 0.3856 0.0503 0.0060 0.0067 0.0081 0.0735 0.0067 0.4465 0.0082 0.0083 
   NS_SS1411  6 0.0067 0.2678 0.0915 0.0082 0.0065 0.0021 0.0250 0.5587 0.0148 0.0186 
   NS_SS1453  6 0.3433 0.1096 0.0447 0.0238 0.2054 0.0061 0.0960 0.0917 0.0234 0.0560 
   NS_SS1442  6 0.0099 0.1578 0.0205 0.0313 0.0311 0.0051 0.1976 0.2938 0.0095 0.2434 
   NS_SS1422  6 0.0082 0.0119 0.0084 0.8881 0.0085 0.0086 0.0121 0.0166 0.0222 0.0154 
   NS_SS1419  6 0.0076 0.5409 0.0809 0.0337 0.0105 0.1472 0.0185 0.0170 0.1349 0.0087 
   NS_SS1427  6 0.0094 0.0043 0.0032 0.0029 0.0069 0.0018 0.0182 0.0182 0.9240 0.0112 
   NS_SS1444  6 0.0288 0.0353 0.0199 0.0989 0.3678 0.0049 0.0236 0.0030 0.4087 0.0090 
   NS_SS1455  6 0.0925 0.0098 0.0153 0.3379 0.0830 0.0017 0.0190 0.2057 0.0059 0.2292 
   NS_SS1425  6 0.0038 0.2762 0.0219 0.0034 0.0052 0.0016 0.0150 0.6417 0.0068 0.0245 
   NS_SS1400  6 0.0093 0.0091 0.0105 0.0081 0.0108 0.0014 0.0221 0.9146 0.0053 0.0089 
   NS_SS1406  6 0.1968 0.0291 0.0140 0.5668 0.0544 0.0106 0.0630 0.0063 0.0060 0.0530 
   NS_SS1417  6 0.0232 0.0393 0.0705 0.6873 0.0206 0.0061 0.0254 0.0473 0.0689 0.0113 
   NS_SS1454  6 0.5261 0.0182 0.0141 0.0066 0.0530 0.0014 0.0210 0.3324 0.0081 0.0190 
   NS_SS1412  6 0.0456 0.0418 0.1859 0.0470 0.0857 0.0313 0.0066 0.3155 0.0167 0.2237 
   NS_SS1438  6 0.0166 0.0117 0.6718 0.0495 0.0087 0.0018 0.1453 0.0202 0.0531 0.0213 
   NS_SS1416  6 0.0177 0.0275 0.8527 0.0182 0.0149 0.0057 0.0152 0.0060 0.0057 0.0364 
   NS_SS1401  6 0.3587 0.0157 0.0120 0.0252 0.1448 0.0145 0.0061 0.0412 0.0125 0.3692 
   NS_SS1424  6 0.0385 0.0304 0.0085 0.0471 0.0673 0.0124 0.0292 0.3184 0.0918 0.3565 
   NS_SS1435  6 0.0293 0.0074 0.0964 0.0065 0.0683 0.0040 0.2237 0.2384 0.2633 0.0625 
   NS_SS1447  6 0.1651 0.0584 0.3933 0.2290 0.0425 0.0114 0.0171 0.0154 0.0246 0.0432 
   NS_SS1414  6 0.0194 0.0088 0.3146 0.5206 0.0534 0.0090 0.0391 0.0096 0.0124 0.0133 
   NS_SS1449  6 0.2711 0.2421 0.0063 0.0182 0.0046 0.0035 0.0058 0.0088 0.4229 0.0166 
   NS_SS1443  6 0.0181 0.1466 0.0086 0.0425 0.0043 0.0026 0.3544 0.3100 0.0386 0.0743 
   NS_SS1434  6 0.0213 0.0059 0.0122 0.0073 0.0118 0.0006 0.0120 0.0431 0.8648 0.0211 
   NS_SS1398  6 0.0271 0.5895 0.0126 0.0074 0.0509 0.0224 0.0173 0.0635 0.0122 0.1971 
   NS_SS1426  6 0.0141 0.0179 0.0110 0.0088 0.0056 0.0022 0.8975 0.0158 0.0160 0.0111 
   NS_SS1413  6 0.0052 0.0064 0.0070 0.0078 0.0066 0.0102 0.0055 0.9317 0.0069 0.0127 
   NS_SS1395  6 0.0346 0.0192 0.0551 0.0103 0.0062 0.0089 0.7753 0.0247 0.0260 0.0397 
   NS_SS1448  6 0.0893 0.0126 0.0071 0.0068 0.0102 0.0018 0.0075 0.0821 0.7756 0.0069 
   NS_SS1446  6 0.0120 0.0053 0.0168 0.0128 0.0076 0.0024 0.0111 0.0060 0.9075 0.0185 
   NS_SS1403  6 0.0181 0.0449 0.0145 0.0057 0.1429 0.0067 0.6702 0.0044 0.0042 0.0884 
   NS_SS1415  6 0.0086 0.0316 0.0175 0.0109 0.0118 0.0154 0.0564 0.7811 0.0358 0.0309 
   NS_SS1437  6 0.1301 0.0109 0.0268 0.0615 0.6561 0.0096 0.0207 0.0217 0.0407 0.0219 
   NS_SS1439  6 0.0168 0.0051 0.0254 0.1153 0.0219 0.0033 0.6816 0.0048 0.0132 0.1125 
   NS_SS1441  6 0.0569 0.1565 0.0197 0.0375 0.0490 0.0021 0.0211 0.0330 0.0790 0.5452 
   NS_SS1420  6 0.0042 0.0123 0.9083 0.0104 0.0148 0.0029 0.0049 0.0051 0.0284 0.0087 
   NS_SS1394  6 0.0140 0.5429 0.0303 0.0093 0.1674 0.0439 0.1002 0.0072 0.0743 0.0106 
   NS_SS1391  6 0.0216 0.0091 0.0085 0.0085 0.2274 0.0119 0.0285 0.1582 0.0041 0.5222 
   NS_SS1410  6 0.1724 0.0105 0.2448 0.0229 0.2650 0.0172 0.0101 0.0366 0.1848 0.0357 
   NS_SS1408  6 0.5905 0.0162 0.0530 0.0163 0.0183 0.0594 0.0400 0.0125 0.0223 0.1716 
   NS_SS1409  6 0.0278 0.0080 0.0066 0.0141 0.0087 0.0020 0.0136 0.0289 0.0289 0.8614 
   HI_SS0617  7 0.0215 0.0115 0.0898 0.2278 0.0146 0.0011 0.0109 0.0121 0.2452 0.3656 
   HI_SS0618  7 0.0270 0.1100 0.2891 0.0495 0.2139 0.0029 0.0169 0.0123 0.2163 0.0622 
   HI_SS0619  7 0.0737 0.0332 0.1570 0.0173 0.4464 0.0040 0.0075 0.1931 0.0376 0.0302 
   HI_SS0620  7 0.0041 0.0446 0.0542 0.0146 0.0043 0.0030 0.0266 0.3999 0.4213 0.0274 
   HI_SS0621  7 0.0492 0.0160 0.0358 0.1704 0.0417 0.0145 0.0123 0.0073 0.1299 0.5229 
   HI_SS0622  7 0.0185 0.1783 0.0444 0.5349 0.0333 0.0105 0.0212 0.0826 0.0582 0.0180 
   HI_SS0626  7 0.0524 0.0149 0.2192 0.0199 0.1285 0.0093 0.0412 0.0256 0.1435 0.3454 
   HI_SS0627  7 0.3669 0.1447 0.1086 0.0162 0.0506 0.0108 0.1563 0.0235 0.1000 0.0223 
   HI_SS0628  7 0.1597 0.0042 0.3531 0.0122 0.0899 0.0651 0.0136 0.0444 0.2277 0.0301 
   HI_SS0629  7 0.0040 0.0841 0.0067 0.0181 0.1660 0.0052 0.0734 0.0309 0.0397 0.5721 
   HI_SS0630  7 0.0069 0.0073 0.8411 0.0068 0.0308 0.0306 0.0179 0.0393 0.0091 0.0101 
   HI_SS0631  7 0.0429 0.1295 0.0411 0.0219 0.0310 0.0009 0.0937 0.3911 0.1125 0.1354 
   HI_SS0632  7 0.1582 0.2711 0.3209 0.0182 0.0124 0.0039 0.0101 0.0605 0.1319 0.0129 
   HI_SS0633  7 0.0079 0.0089 0.0107 0.0218 0.5000 0.0039 0.0098 0.0172 0.0166 0.4031 
   HI_SS0634  7 0.2041 0.0731 0.1549 0.0100 0.0051 0.0022 0.0083 0.0307 0.4979 0.0137 
   HI_SS0635  7 0.0082 0.0097 0.0454 0.1879 0.0768 0.0095 0.1202 0.0166 0.0770 0.4487 
   HI_SS0637  7 0.0112 0.0080 0.9070 0.0264 0.0054 0.0028 0.0129 0.0036 0.0100 0.0129 
   HI_SS0638  7 0.0494 0.0325 0.0782 0.0227 0.0303 0.0017 0.0137 0.7276 0.0167 0.0272 
   HI_SS0639  7 0.0202 0.0225 0.0131 0.0135 0.0190 0.0408 0.0453 0.0033 0.5376 0.2847 
   HI_SS0640  7 0.0053 0.0245 0.0079 0.0109 0.0121 0.0021 0.8837 0.0103 0.0311 0.0122 
   HI_SS0641  7 0.0036 0.0412 0.3238 0.0200 0.2091 0.0066 0.0434 0.0496 0.1182 0.1846 
   HI_SS0642  7 0.8498 0.0156 0.0092 0.0181 0.0243 0.0025 0.0084 0.0080 0.0462 0.0179 
   HI_SS0645  7 0.0040 0.7879 0.0122 0.0199 0.1261 0.0009 0.0038 0.0244 0.0068 0.0139 
   HI_SS0646  7 0.0556 0.0057 0.0062 0.0185 0.0141 0.0025 0.8477 0.0118 0.0149 0.0229 
   HI_SS0647  7 0.4891 0.1040 0.0371 0.0170 0.0127 0.0014 0.0099 0.3101 0.0042 0.0145 
   HI_SS0648  7 0.0266 0.1492 0.0150 0.0658 0.2231 0.0035 0.0120 0.2101 0.0637 0.2311 
   HI_SS0649  7 0.0133 0.1172 0.0269 0.0185 0.1826 0.0020 0.5450 0.0045 0.0198 0.0702 
   HI_SS0650  7 0.0793 0.4311 0.0596 0.0114 0.0195 0.0037 0.0593 0.0140 0.0177 0.3044 
   HI_SS0651  7 0.0144 0.0151 0.0182 0.8255 0.0330 0.0039 0.0253 0.0074 0.0178 0.0394 
   HI_SS0652  7 0.0159 0.0237 0.9003 0.0052 0.0214 0.0033 0.0077 0.0045 0.0051 0.0129 
   NS_SS1371  7 0.0112 0.0085 0.0054 0.0092 0.0080 0.0062 0.0257 0.0059 0.0239 0.8961 
   NS_SS1374  7 0.0950 0.0107 0.0256 0.0105 0.0331 0.0027 0.0247 0.6907 0.0107 0.0963 
   NS_SS1337  7 0.6637 0.0102 0.0338 0.0531 0.0056 0.0035 0.0085 0.0166 0.1946 0.0102 
