   NS_SS0963  1 0.1292 0.7063 0.0272 0.0398 0.0051 0.0924 
   NS_SS0983  1 0.0211 0.7824 0.0317 0.0034 0.0036 0.1578 
   NS_SS0719  1 0.0170 0.0310 0.0374 0.8572 0.0045 0.0527 
   NS_SS1001  1 0.0934 0.0213 0.1964 0.1937 0.0071 0.4883 
   NS_SS0936  1 0.9220 0.0118 0.0178 0.0153 0.0027 0.0304 
   NS_SS0955  1 0.0885 0.0451 0.7486 0.0149 0.0044 0.0985 
   NS_SS0944  1 0.0724 0.0352 0.7658 0.0857 0.0016 0.0393 
   NS_SS0945  1 0.2872 0.0351 0.4804 0.1045 0.0106 0.0822 
   NS_SS0922  1 0.0117 0.0132 0.0053 0.9374 0.0179 0.0145 
   NS_SS0929  1 0.4689 0.1150 0.0819 0.0337 0.0030 0.2975 
   NS_SS0956  1 0.0132 0.0925 0.0123 0.0426 0.0046 0.8347 
   NS_SS0906  1 0.0176 0.2034 0.0176 0.5264 0.0031 0.2320 
   NS_SS0721  1 0.0091 0.7304 0.0097 0.0136 0.0040 0.2331 
   NS_SS0982  1 0.0177 0.0186 0.0096 0.9115 0.0141 0.0286 
   NS_SS0923  1 0.0152 0.0193 0.0061 0.9432 0.0040 0.0122 
   NS_SS0905  1 0.0080 0.0352 0.0328 0.8890 0.0017 0.0333 
   NS_SS0925  1 0.2357 0.7123 0.0087 0.0107 0.0032 0.0294 
   NS_SS0947  1 0.5865 0.0161 0.0197 0.0162 0.0045 0.3570 
   NS_SS0926  1 0.2406 0.0132 0.7026 0.0345 0.0014 0.0077 
   NS_SS0918  1 0.1003 0.0540 0.0410 0.0552 0.0022 0.7473 
   NS_SS0966  1 0.3341 0.0823 0.0171 0.0314 0.0601 0.4750 
   NS_SS0938  1 0.9516 0.0098 0.0147 0.0160 0.0013 0.0066 
   NS_SS0917  1 0.0196 0.1312 0.0648 0.7031 0.0441 0.0372 
   NS_SS0957  1 0.0231 0.0130 0.0122 0.0093 0.0050 0.9375 
   NS_SS0987  1 0.0120 0.0903 0.0241 0.5571 0.2353 0.0813 
   NS_SS0717  1 0.0198 0.0590 0.0139 0.8840 0.0026 0.0206 
   NS_SS0986  1 0.0752 0.5498 0.0449 0.2422 0.0030 0.0850 
   NS_SS0953  1 0.0149 0.0708 0.0143 0.0162 0.0158 0.8680 
   NS_SS0907  1 0.0319 0.6608 0.0556 0.1918 0.0402 0.0198 
   NS_SS0974  1 0.3414 0.2951 0.2685 0.0473 0.0038 0.0439 
   NS_SS0989  1 0.3358 0.0201 0.5326 0.0229 0.0011 0.0875 
   NS_SS0991  1 0.0130 0.7356 0.2171 0.0098 0.0022 0.0224 
   NS_SS0994  1 0.0315 0.0188 0.9273 0.0125 0.0022 0.0077 
   NS_SS0931  1 0.0981 0.1424 0.7269 0.0121 0.0117 0.0088 
   NS_SS1000  1 0.4973 0.2160 0.0077 0.0539 0.0039 0.2212 
   NS_SS0919  1 0.0660 0.8322 0.0136 0.0788 0.0026 0.0068 
   NS_SS0949  1 0.0463 0.0264 0.9015 0.0131 0.0015 0.0112 
   NS_SS0960  1 0.0138 0.0670 0.1656 0.5850 0.0076 0.1610 
   NS_SS0716  1 0.0052 0.0056 0.0043 0.9674 0.0048 0.0128 
   NS_SS0924  1 0.0205 0.2258 0.1180 0.5310 0.0173 0.0874 
   NS_SS0935  1 0.0103 0.1937 0.5859 0.1718 0.0101 0.0281 
   NS_SS0952  1 0.0925 0.1549 0.3626 0.1565 0.0438 0.1897 
   NS_SS0962  1 0.9182 0.0166 0.0060 0.0397 0.0061 0.0134 
   NS_SS0973  1 0.0270 0.9082 0.0249 0.0116 0.0042 0.0241 
   NS_SS0722  1 0.1858 0.6190 0.0101 0.0363 0.0019 0.1470 
   NS_SS0979  1 0.2250 0.3706 0.0168 0.3494 0.0024 0.0358 
   NS_SS0993  1 0.4164 0.4672 0.0087 0.0184 0.0182 0.0712 
   NS_SS0958  1 0.0138 0.0120 0.3462 0.6002 0.0025 0.0254 
   NS_SS0988  1 0.1299 0.0529 0.0271 0.6812 0.0057 0.1032 
   NS_SS1003  1 0.4658 0.0192 0.0066 0.0183 0.0085 0.4817 
   NS_SS0976  1 0.8351 0.0524 0.0900 0.0093 0.0017 0.0115 
   NS_SS0964  1 0.0363 0.1012 0.0322 0.7372 0.0027 0.0904 
   NS_SS0939  1 0.1242 0.0047 0.0070 0.8286 0.0048 0.0307 
   NS_SS0990  1 0.4095 0.0127 0.0349 0.0207 0.0037 0.5184 
   NS_SS0984  1 0.0242 0.0148 0.0048 0.9488 0.0023 0.0051 
   NS_SS0980  1 0.1645 0.0826 0.0304 0.0127 0.0019 0.7078 
   NS_SS0978  1 0.0128 0.0685 0.0212 0.0778 0.0034 0.8162 
   NS_SS0951  1 0.0131 0.0379 0.2158 0.1990 0.0031 0.5311 
   NS_SS0913  1 0.0380 0.1512 0.0201 0.4932 0.0376 0.2600 
   NS_SS1002  1 0.9201 0.0103 0.0041 0.0110 0.0328 0.0217 
   NS_SS0948  1 0.6523 0.1766 0.0855 0.0213 0.0428 0.0215 
   NS_SS0916  1 0.0519 0.0270 0.0375 0.0181 0.0040 0.8616 
   NS_SS0995  1 0.0388 0.1769 0.0087 0.0831 0.0030 0.6895 
   NS_SS0927  1 0.0128 0.0647 0.0285 0.8566 0.0049 0.0324 
   NS_SS0992  1 0.1571 0.0387 0.0895 0.0467 0.0035 0.6645 
   NS_SS0912  1 0.0371 0.6355 0.2403 0.0300 0.0027 0.0544 
   NS_SS0981  1 0.1851 0.5068 0.0211 0.0637 0.0039 0.2194 
   NS_SS0729  2 0.0552 0.1878 0.7402 0.0063 0.0038 0.0066 
   NS_SS0967  2 0.0855 0.5579 0.0259 0.2938 0.0105 0.0265 
   NS_SS0941  2 0.3068 0.1305 0.0807 0.1309 0.0913 0.2598 
   NS_SS0768  2 0.0471 0.0463 0.0314 0.0312 0.0043 0.8397 
   NS_SS0726  2 0.3856 0.1709 0.4074 0.0122 0.0078 0.0161 
   NS_SS0763  2 0.0850 0.2487 0.5869 0.0533 0.0029 0.0232 
   NS_SS0730  2 0.0089 0.0070 0.0094 0.9547 0.0032 0.0168 
   NS_SS0774  2 0.0536 0.0693 0.0053 0.0115 0.0010 0.8593 
   NS_SS0723  2 0.0754 0.3208 0.0052 0.5523 0.0016 0.0448 
   NS_SS0940  2 0.2540 0.2519 0.2360 0.1921 0.0077 0.0582 
   NS_SS0762  2 0.0073 0.0109 0.0097 0.9490 0.0030 0.0201 
   NS_SS0766  2 0.0133 0.0251 0.0538 0.8810 0.0118 0.0150 
   NS_SS0724  2 0.1349 0.7025 0.0292 0.0511 0.0039 0.0784 
   NS_SS0769  2 0.0276 0.1062 0.0129 0.3239 0.0038 0.5255 
   NS_SS0777  2 0.0233 0.8423 0.0896 0.0267 0.0096 0.0084 
   NS_SS0734  2 0.0154 0.3008 0.3374 0.0841 0.0306 0.2317 
   NS_SS0737  2 0.0975 0.0104 0.0091 0.8639 0.0049 0.0142 
   NS_SS0732  2 0.0085 0.2206 0.0083 0.0498 0.0050 0.7078 
   NS_SS0728  2 0.4474 0.1577 0.0361 0.0635 0.0125 0.2829 
   NS_SS0735  2 0.0433 0.6605 0.0339 0.0255 0.0066 0.2303 
   NS_SS0725  2 0.8108 0.0239 0.0476 0.0113 0.0071 0.0993 
   NS_SS0788  2 0.0574 0.0182 0.0064 0.8928 0.0015 0.0238 
   NS_SS0778  2 0.0642 0.5022 0.0267 0.0173 0.0018 0.3878 
   NS_SS0792  2 0.0269 0.0846 0.0704 0.3278 0.0056 0.4846 
   NS_SS0943  2 0.0147 0.0207 0.9232 0.0072 0.0072 0.0271 
   NS_SS0791  2 0.0440 0.1423 0.2653 0.3584 0.0171 0.1729 
   NS_SS0790  2 0.0094 0.0139 0.0029 0.0132 0.0040 0.9566 
   NS_SS0731  2 0.0205 0.7759 0.0079 0.1682 0.0122 0.0154 
   NS_SS0727  2 0.0153 0.0941 0.8432 0.0224 0.0019 0.0231 
   NS_SS0779  2 0.0257 0.7981 0.0209 0.0958 0.0058 0.0537 
   NS_SS0776  2 0.2294 0.4613 0.1755 0.0458 0.0064 0.0817 
   NS_SS0775  2 0.0254 0.0071 0.0133 0.8959 0.0063 0.0521 
   NS_SS0965  3 0.0335 0.9170 0.0116 0.0185 0.0015 0.0179 
   NS_SS0754  3 0.0112 0.4574 0.2780 0.0299 0.0134 0.2101 
   NS_SS0838  3 0.7162 0.0786 0.0168 0.0321 0.0361 0.1203 
   NS_SS0839  3 0.3774 0.0079 0.0090 0.0376 0.0035 0.5647 
   NS_SS0832  3 0.0138 0.7766 0.0044 0.0990 0.0368 0.0694 
   NS_SS0820  3 0.0142 0.0584 0.0035 0.9018 0.0053 0.0168 
   NS_SS0886  3 0.0585 0.2555 0.1244 0.4544 0.0022 0.1050 
   NS_SS0748  3 0.2066 0.4374 0.2058 0.1235 0.0100 0.0168 
   NS_SS0884  3 0.0532 0.0373 0.0331 0.0163 0.0216 0.8383 
   NS_SS0752  3 0.4854 0.1046 0.0907 0.1255 0.0021 0.1918 
   NS_SS0862  3 0.0135 0.1334 0.0051 0.0120 0.0039 0.8322 
   NS_SS0787  3 0.0389 0.0345 0.8575 0.0127 0.0067 0.0497 
   NS_SS0843  3 0.0531 0.8510 0.0199 0.0133 0.0019 0.0608 
   NS_SS0856  3 0.0613 0.0932 0.0183 0.6381 0.0035 0.1856 
   NS_SS0846  3 0.4694 0.4392 0.0483 0.0181 0.0026 0.0224 
   NS_SS0825  3 0.9090 0.0202 0.0207 0.0231 0.0110 0.0159 
   NS_SS0757  3 0.0300 0.6173 0.1049 0.0668 0.0031 0.1778 
   NS_SS0876  3 0.0296 0.0915 0.0109 0.0114 0.2154 0.6411 
   NS_SS0903  3 0.3931 0.0748 0.0099 0.0113 0.0027 0.5081 
   NS_SS0875  3 0.0098 0.0129 0.0093 0.9519 0.0027 0.0135 
   NS_SS0740  3 0.1413 0.7767 0.0242 0.0242 0.0029 0.0307 
   NS_SS0811  3 0.0126 0.0294 0.0093 0.1684 0.0077 0.7727 
   NS_SS0751  3 0.5323 0.0731 0.0571 0.2928 0.0020 0.0427 
   NS_SS0891  3 0.8138 0.0129 0.0132 0.0987 0.0058 0.0555 
   NS_SS0867  3 0.2541 0.1918 0.2422 0.0286 0.0283 0.2549 
   NS_SS0890  3 0.0221 0.0283 0.0328 0.8748 0.0031 0.0389 
   NS_SS0866  3 0.0319 0.0190 0.8846 0.0223 0.0051 0.0371 
   NS_SS0755  3 0.0517 0.0448 0.1417 0.2662 0.0075 0.4881 
   NS_SS0758  3 0.1197 0.8276 0.0225 0.0164 0.0018 0.0120 
   NS_SS0840  3 0.8005 0.0837 0.0076 0.0412 0.0022 0.0648 
   NS_SS0889  3 0.0249 0.0165 0.8746 0.0108 0.0022 0.0709 
   NS_SS1010  3 0.0865 0.0433 0.0203 0.1003 0.0367 0.7128 
   NS_SS0888  3 0.0054 0.0607 0.8669 0.0160 0.0016 0.0494 
   NS_SS0837  3 0.0097 0.6422 0.0374 0.2561 0.0028 0.0518 
   NS_SS0794  3 0.0064 0.0200 0.9065 0.0354 0.0020 0.0297 
   NS_SS0823  3 0.4533 0.0569 0.0184 0.0104 0.0036 0.4575 
   NS_SS0829  3 0.0137 0.0335 0.4600 0.0186 0.1113 0.3630 
   NS_SS0844  3 0.0119 0.4418 0.0063 0.0222 0.0019 0.5159 
   NS_SS1008  3 0.0134 0.0400 0.7853 0.1013 0.0123 0.0478 
   NS_SS0881  3 0.1586 0.0375 0.0412 0.7302 0.0027 0.0298 
   NS_SS0834  3 0.9445 0.0102 0.0084 0.0127 0.0058 0.0184 
   NS_SS0744  3 0.0243 0.2892 0.0535 0.0357 0.0071 0.5902 
   NS_SS0899  3 0.0555 0.0102 0.0050 0.0157 0.0013 0.9123 
   NS_SS0804  3 0.1672 0.2025 0.0054 0.0515 0.0041 0.5693 
   NS_SS0781  3 0.6690 0.2090 0.0036 0.0232 0.0031 0.0921 
   NS_SS0822  3 0.0193 0.0649 0.8845 0.0067 0.0017 0.0229 
   NS_SS1004  3 0.0301 0.7082 0.0192 0.0154 0.0035 0.2236 
   NS_SS0746  3 0.1062 0.6526 0.1316 0.0513 0.0129 0.0453 
   NS_SS0880  3 0.6676 0.0610 0.0878 0.0178 0.0012 0.1646 
   NS_SS0879  3 0.0572 0.0251 0.0563 0.0265 0.0125 0.8223 
   NS_SS0753  3 0.0104 0.3411 0.5614 0.0334 0.0114 0.0422 
   NS_SS1007  3 0.0183 0.0217 0.0116 0.9316 0.0017 0.0151 
   NS_SS0872  3 0.5001 0.2506 0.0137 0.1970 0.0022 0.0364 
   NS_SS1005  3 0.5406 0.3447 0.0087 0.0362 0.0012 0.0686 
   NS_SS0892  3 0.0744 0.1215 0.0565 0.7235 0.0021 0.0220 
   NS_SS0898  3 0.0220 0.0117 0.7168 0.2179 0.0065 0.0252 
   NS_SS0801  3 0.0334 0.6245 0.0178 0.1588 0.0108 0.1547 
   NS_SS0827  3 0.0086 0.2184 0.0970 0.5446 0.1121 0.0193 
   NS_SS0853  3 0.0082 0.0455 0.0227 0.2927 0.0052 0.6256 
   NS_SS0780  3 0.5690 0.3664 0.0088 0.0284 0.0036 0.0238 
   NS_SS0826  3 0.9032 0.0592 0.0190 0.0057 0.0029 0.0099 
   NS_SS0818  3 0.2015 0.0470 0.0167 0.5137 0.0018 0.2193 
   NS_SS0745  3 0.0405 0.0569 0.0069 0.7149 0.0011 0.1797 
   NS_SS0849  3 0.0164 0.3869 0.0127 0.0307 0.0020 0.5513 
   NS_SS0739  3 0.0366 0.0492 0.0189 0.7121 0.0141 0.1692 
   NS_SS0799  3 0.0107 0.0557 0.7837 0.0558 0.0010 0.0930 
   NS_SS0756  3 0.4556 0.0179 0.0190 0.0507 0.0040 0.4528 
   NS_SS0802  3 0.0231 0.6698 0.0384 0.0671 0.1864 0.0151 
   NS_SS0747  3 0.0733 0.6131 0.0149 0.1287 0.0059 0.1642 
   NS_SS0835  3 0.0897 0.0379 0.6158 0.2345 0.0012 0.0210 
   NS_SS0742  3 0.0775 0.6098 0.0241 0.0435 0.0010 0.2441 
   NS_SS0760  3 0.0163 0.0192 0.6798 0.2169 0.0449 0.0229 
   NS_SS0803  3 0.0254 0.7593 0.0054 0.0088 0.0062 0.1950 
   NS_SS0828  3 0.0171 0.1069 0.0327 0.7889 0.0015 0.0529 
   NS_SS0865  3 0.0301 0.0251 0.0204 0.0123 0.0211 0.8910 
   NS_SS0759  3 0.0195 0.2384 0.0076 0.6919 0.0039 0.0388 
   NS_SS0851  3 0.0273 0.0335 0.0122 0.1076 0.0120 0.8075 
   NS_SS0874  3 0.2217 0.0903 0.0098 0.0135 0.0014 0.6633 
   NS_SS0761  3 0.0335 0.3216 0.5651 0.0214 0.0028 0.0556 
   NS_SS0842  3 0.0970 0.0143 0.0432 0.7622 0.0068 0.0765 
   NS_SS0785  3 0.0184 0.6686 0.1476 0.0181 0.0051 0.1422 
   NS_SS0860  3 0.0135 0.0739 0.3305 0.0378 0.0025 0.5417 
   NS_SS0897  3 0.0064 0.0080 0.9626 0.0071 0.0020 0.0140 
   NS_SS0841  3 0.0377 0.0174 0.0274 0.3142 0.0035 0.5998 
   NS_SS0797  3 0.0155 0.0175 0.2494 0.6880 0.0185 0.0110 
   NS_SS0830  3 0.1175 0.0500 0.1984 0.5202 0.0020 0.1118 
   NS_SS1011  3 0.6114 0.0322 0.0077 0.0084 0.0052 0.3353 
   NS_SS0883  3 0.0074 0.0541 0.0371 0.3441 0.0060 0.5513 
   NS_SS0782  3 0.1030 0.1668 0.2747 0.0809 0.0026 0.3721 
   NS_SS0831  3 0.0147 0.0280 0.5742 0.0154 0.0037 0.3640 
   NS_SS0749  3 0.0262 0.4415 0.0563 0.1211 0.0042 0.3507 
   NS_SS0854  3 0.0945 0.2085 0.2409 0.0246 0.0032 0.4284 
   HI_SS0193  4 0.0125 0.0053 0.9638 0.0061 0.0016 0.0107 
   HI_SS0194  4 0.9552 0.0157 0.0097 0.0097 0.0012 0.0085 
   HI_SS0195  4 0.4088 0.1038 0.0054 0.0251 0.1074 0.3494 
   HI_SS0196  4 0.3604 0.2004 0.1553 0.0276 0.0028 0.2535 
   HI_SS0197  4 0.9384 0.0142 0.0029 0.0193 0.0097 0.0156 
   HI_SS0198  4 0.0308 0.1284 0.0753 0.1944 0.0088 0.5623 
   HI_SS0199  4 0.0289 0.1451 0.4864 0.2138 0.0027 0.1231 
   HI_SS0201  4 0.0481 0.2981 0.5956 0.0082 0.0027 0.0472 
   HI_SS0215  4 0.0666 0.8068 0.0666 0.0100 0.0025 0.0475 
   HI_SS0218  4 0.0065 0.0041 0.9667 0.0102 0.0056 0.0069 
   HI_SS0222  4 0.3018 0.2700 0.0750 0.1462 0.0060 0.2010 
   HI_SS0230  4 0.0583 0.2578 0.0067 0.6493 0.0053 0.0225 
   HI_SS0234  4 0.4134 0.1359 0.0269 0.2450 0.1558 0.0229 
   HI_SS0240  4 0.0161 0.1489 0.0168 0.3731 0.0083 0.4367 
   HI_SS0241  4 0.2436 0.0494 0.3976 0.0722 0.0022 0.2351 
   HI_SS0242  4 0.1096 0.0602 0.3803 0.3774 0.0044 0.0681 
   HI_SS0247  4 0.5348 0.0111 0.0138 0.0053 0.0192 0.4158 
   HI_SS0248  4 0.0072 0.0223 0.9533 0.0118 0.0010 0.0045 
   HI_SS0252  4 0.0374 0.7443 0.0445 0.0052 0.0020 0.1666 
   HI_SS0254  4 0.1658 0.3141 0.3373 0.0648 0.0975 0.0206 
   HI_SS0256  4 0.1454 0.0562 0.0040 0.2646 0.0015 0.5284 
   HI_SS0257  4 0.0474 0.5000 0.2866 0.0818 0.0037 0.0805 
   HI_SS0258  4 0.0065 0.0197 0.9378 0.0202 0.0046 0.0112 
   HI_SS0259  4 0.6969 0.0164 0.0143 0.0671 0.0022 0.2031 
   HI_SS0260  4 0.0292 0.2220 0.6420 0.0285 0.0017 0.0766 
   HI_SS0261  4 0.4579 0.1658 0.3310 0.0264 0.0027 0.0163 
   HI_SS0262  4 0.0410 0.0314 0.0141 0.6181 0.0067 0.2887 
   HI_SS0264  4 0.0520 0.0490 0.0076 0.8272 0.0042 0.0600 
   HI_SS0265  4 0.1756 0.0282 0.0119 0.5763 0.1043 0.1038 
   HI_SS0268  4 0.1127 0.0164 0.0199 0.8078 0.0031 0.0401 
   HI_SS0269  4 0.0967 0.0941 0.7259 0.0101 0.0021 0.0710 
   HI_SS0273  4 0.0171 0.0097 0.9206 0.0132 0.0014 0.0379 
   HI_SS0277  4 0.7983 0.0692 0.0126 0.0713 0.0030 0.0456 
   HI_SS0280  4 0.0650 0.0228 0.0954 0.0575 0.0044 0.7550 
   HI_SS0282  4 0.0537 0.0722 0.8008 0.0076 0.0016 0.0642 
   HI_SS0286  4 0.1143 0.6736 0.0701 0.1128 0.0063 0.0230 
   NS_SS1252  5 0.0148 0.0584 0.9061 0.0107 0.0038 0.0063 
   NS_SS1261  5 0.5145 0.2108 0.0318 0.1332 0.0188 0.0909 
   NS_SS1225  5 0.2618 0.0945 0.1436 0.0173 0.1038 0.3790 
   NS_SS1266  5 0.3772 0.0469 0.0067 0.0143 0.0100 0.5449 
   NS_SS1228  5 0.0221 0.0139 0.0089 0.0668 0.0135 0.8748 
   NS_SS1255  5 0.0750 0.0078 0.1976 0.0227 0.0015 0.6955 
   NS_SS1267  5 0.0066 0.0120 0.8749 0.0721 0.0159 0.0185 
   NS_SS1238  5 0.7763 0.0362 0.0576 0.1160 0.0023 0.0117 
   NS_SS1233  5 0.3567 0.3430 0.1385 0.0378 0.0019 0.1220 
   NS_SS1277  5 0.0067 0.0068 0.9689 0.0109 0.0011 0.0057 
   NS_SS1245  5 0.6319 0.0759 0.2520 0.0245 0.0014 0.0143 
   NS_SS1240  5 0.0274 0.1116 0.8470 0.0065 0.0022 0.0052 
   NS_SS1275  5 0.9027 0.0398 0.0059 0.0161 0.0028 0.0328 
   NS_SS1235  5 0.8381 0.1105 0.0118 0.0184 0.0045 0.0168 
   NS_SS1263  5 0.7121 0.0286 0.0357 0.0100 0.0010 0.2126 
   NS_SS1251  5 0.8020 0.0857 0.0134 0.0428 0.0015 0.0547 
   NS_SS1248  5 0.0325 0.0778 0.4291 0.1655 0.1148 0.1803 
   NS_SS1244  5 0.8208 0.0113 0.1261 0.0064 0.0049 0.0304 
   NS_SS1257  5 0.0346 0.1401 0.6236 0.0956 0.0391 0.0670 
   NS_SS1242  5 0.0249 0.0372 0.0073 0.8996 0.0027 0.0283 
   NS_SS1271  5 0.0089 0.0146 0.9028 0.0250 0.0313 0.0174 
   NS_SS1265  5 0.0488 0.6061 0.2717 0.0295 0.0228 0.0210 
   NS_SS1243  5 0.0132 0.5157 0.0678 0.0211 0.0771 0.3052 
   NS_SS1273  5 0.0236 0.0106 0.0122 0.9355 0.0073 0.0108 
   NS_SS1254  5 0.0571 0.0078 0.0105 0.0130 0.0055 0.9061 
   NS_SS1224  5 0.0122 0.0234 0.0083 0.0152 0.0067 0.9342 
   NS_SS1227  5 0.0104 0.0110 0.0292 0.9414 0.0013 0.0067 
   NS_SS1274  5 0.0213 0.0361 0.1572 0.0105 0.0150 0.7599 
   NS_SS1241  5 0.0897 0.0888 0.6875 0.0141 0.0013 0.1186 
   NS_SS1256  5 0.6007 0.1523 0.0971 0.0646 0.0407 0.0446 
   NS_SS1260  5 0.0143 0.2186 0.4870 0.1593 0.0743 0.0466 
   NS_SS1262  5 0.1918 0.2340 0.2052 0.0546 0.1805 0.1339 
   NS_SS1230  5 0.0438 0.0624 0.7525 0.0912 0.0086 0.0415 
   NS_SS1270  5 0.0503 0.9226 0.0061 0.0061 0.0018 0.0131 
   NS_SS1229  5 0.7748 0.1938 0.0074 0.0052 0.0038 0.0150 
   NS_SS1246  5 0.8933 0.0433 0.0443 0.0086 0.0027 0.0079 
   NS_SS1269  5 0.0149 0.2407 0.0349 0.1828 0.0021 0.5245 
   NS_SS1239  5 0.0076 0.2544 0.0584 0.0239 0.0041 0.6516 
   NS_SS1272  5 0.9494 0.0135 0.0057 0.0180 0.0057 0.0078 
   NS_SS1268  5 0.0111 0.0257 0.0296 0.0230 0.0024 0.9083 
   NS_SS1249  5 0.0116 0.0088 0.9393 0.0088 0.0103 0.0211 
   HI_SS0559  6 0.0374 0.4247 0.3195 0.0885 0.0021 0.1278 
   HI_SS0563  6 0.0138 0.0170 0.0219 0.0157 0.0029 0.9287 
   HI_SS0564  6 0.1774 0.0381 0.0273 0.0525 0.0577 0.6470 
   HI_SS0565  6 0.4669 0.2078 0.0594 0.2530 0.0031 0.0098 
   HI_SS0569  6 0.0067 0.9485 0.0222 0.0047 0.0019 0.0159 
   HI_SS0570  6 0.0879 0.0236 0.8010 0.0122 0.0451 0.0302 
   HI_SS0572  6 0.5492 0.2311 0.0083 0.1940 0.0026 0.0147 
   HI_SS0576  6 0.0195 0.0895 0.0214 0.8507 0.0058 0.0131 
   HI_SS0579  6 0.0503 0.8147 0.0871 0.0107 0.0141 0.0230 
   HI_SS0580  6 0.0502 0.0621 0.3000 0.5646 0.0041 0.0190 
   HI_SS0581  6 0.4793 0.0552 0.0055 0.0216 0.0721 0.3662 
   HI_SS0583  6 0.2613 0.4722 0.2205 0.0269 0.0026 0.0165 
   HI_SS0586  6 0.0049 0.0303 0.9319 0.0230 0.0010 0.0089 
   HI_SS0588  6 0.0148 0.5852 0.2624 0.1032 0.0176 0.0169 
   HI_SS0595  6 0.0722 0.0087 0.0339 0.8451 0.0217 0.0183 
   HI_SS0596  6 0.4025 0.1187 0.0294 0.4096 0.0024 0.0373 
   HI_SS0597  6 0.8914 0.0757 0.0085 0.0113 0.0025 0.0107 
   HI_SS0600  6 0.0371 0.0786 0.1207 0.0179 0.0034 0.7422 
   HI_SS0601  6 0.0288 0.7072 0.0498 0.0129 0.0115 0.1898 
   HI_SS0602  6 0.0046 0.3882 0.0137 0.5857 0.0022 0.0056 
   HI_SS0604  6 0.0684 0.8878 0.0208 0.0070 0.0017 0.0142 
   HI_SS0605  6 0.0057 0.5433 0.0381 0.0611 0.0063 0.3455 
   HI_SS0608  6 0.0389 0.0221 0.0405 0.8000 0.0012 0.0974 
   HI_SS0609  6 0.0903 0.1541 0.0086 0.0171 0.0011 0.7288 
   HI_SS0611  6 0.0088 0.1648 0.7048 0.0120 0.0027 0.1069 
   HI_SS0612  6 0.1240 0.2511 0.2917 0.0622 0.0076 0.2634 
   HI_SS0613  6 0.0122 0.1828 0.0176 0.0237 0.0013 0.7623 
   HI_SS0615  6 0.0150 0.0246 0.0056 0.9351 0.0086 0.0110 
   HI_SS0001  6 0.3749 0.0133 0.3941 0.0161 0.0035 0.1982 
   HI_SS0002  6 0.2948 0.2534 0.0081 0.3582 0.0302 0.0552 
   HI_SS0004  6 0.1016 0.1114 0.6060 0.0869 0.0051 0.0890 
   HI_SS0005  6 0.0227 0.1400 0.0286 0.7692 0.0059 0.0336 
   HI_SS0006  6 0.0592 0.6856 0.2011 0.0071 0.0018 0.0451 
   HI_SS0007  6 0.0091 0.0216 0.9361 0.0073 0.0023 0.0236 
   HI_SS0008  6 0.0411 0.3259 0.0165 0.5637 0.0364 0.0164 
   HI_SS0009  6 0.0069 0.0194 0.0212 0.9218 0.0054 0.0253 
   HI_SS0010  6 0.0283 0.0784 0.5287 0.3109 0.0035 0.0502 
   HI_SS0011  6 0.8437 0.0214 0.0233 0.0121 0.0839 0.0155 
   HI_SS0012  6 0.1001 0.0862 0.0067 0.7228 0.0045 0.0798 
   HI_SS0017  6 0.8279 0.0186 0.1221 0.0125 0.0021 0.0169 
   HI_SS0021  6 0.0213 0.0228 0.2277 0.4780 0.2359 0.0144 
   HI_SS0024  6 0.5404 0.0216 0.0565 0.2875 0.0022 0.0918 
   HI_SS0025  6 0.0172 0.0303 0.0096 0.7376 0.0035 0.2018 
   HI_SS0027  6 0.0066 0.0471 0.9015 0.0100 0.0110 0.0238 
   HI_SS0028  6 0.0092 0.0084 0.0033 0.9475 0.0017 0.0299 
   HI_SS0029  6 0.0177 0.0092 0.0188 0.9327 0.0062 0.0154 
   HI_SS0030  6 0.1517 0.4798 0.3172 0.0262 0.0057 0.0195 
   HI_SS0031  6 0.0075 0.0161 0.0060 0.9629 0.0027 0.0047 
   HI_SS0034  6 0.0244 0.3595 0.5917 0.0122 0.0044 0.0077 
   HI_SS0036  6 0.0304 0.0141 0.3983 0.5373 0.0124 0.0074 
   HI_SS0037  6 0.0125 0.0259 0.1320 0.1096 0.0042 0.7158 
   HI_SS0039  6 0.0192 0.0525 0.5584 0.2599 0.0028 0.1072 
   HI_SS0041  6 0.0609 0.0143 0.0088 0.6333 0.0017 0.2810 
   HI_SS0042  6 0.2964 0.0747 0.0245 0.4496 0.1216 0.0331 
   HI_SS0043  6 0.0341 0.0335 0.8957 0.0153 0.0038 0.0176 
   HI_SS0044  6 0.0493 0.0241 0.2105 0.6925 0.0030 0.0206 
   HI_SS0047  6 0.2093 0.7574 0.0127 0.0081 0.0026 0.0100 
   HI_SS0049  6 0.0703 0.4286 0.0901 0.3908 0.0047 0.0155 
   HI_SS0051  6 0.0063 0.4856 0.0100 0.0123 0.0020 0.4839 
   HI_SS0053  6 0.2496 0.2340 0.4860 0.0133 0.0061 0.0111 
   HI_SS0054  6 0.0316 0.0273 0.9153 0.0107 0.0039 0.0111 
   HI_SS0057  6 0.3943 0.2108 0.0670 0.0522 0.0034 0.2722 
   HI_SS0058  6 0.1429 0.0442 0.1005 0.0752 0.0060 0.6312 
   HI_SS0060  6 0.0172 0.0249 0.0597 0.7940 0.0679 0.0364 
   HI_SS0087  6 0.2615 0.6849 0.0239 0.0063 0.0017 0.0217 
   HI_SS0091  6 0.1473 0.0274 0.2830 0.0079 0.0014 0.5330 
   HI_SS0095  6 0.3436 0.4804 0.0168 0.0722 0.0508 0.0363 
   HI_SS0097  6 0.2440 0.7028 0.0108 0.0116 0.0049 0.0260 
   HI_SS0099  6 0.0092 0.0074 0.0076 0.9636 0.0037 0.0084 
   HI_SS0103  6 0.3522 0.4284 0.0184 0.0216 0.0030 0.1764 
   HI_SS0105  6 0.3493 0.0763 0.0162 0.0239 0.0279 0.5063 
   HI_SS0107  6 0.7194 0.2322 0.0063 0.0133 0.0011 0.0276 
   HI_SS0108  6 0.0090 0.0132 0.9363 0.0048 0.0228 0.0139 
   HI_SS0110  6 0.7484 0.0576 0.0553 0.0684 0.0012 0.0692 
   HI_SS0111  6 0.0557 0.4529 0.0286 0.3412 0.0283 0.0934 
   HI_SS0112  6 0.0068 0.0052 0.9635 0.0143 0.0011 0.0091 
   HI_SS0113  6 0.9282 0.0353 0.0054 0.0117 0.0031 0.0164 
   HI_SS0114  6 0.0067 0.7747 0.0787 0.1163 0.0044 0.0193 
   HI_SS0115  6 0.0074 0.2408 0.1221 0.4110 0.0156 0.2030 
   HI_SS0116  6 0.0366 0.0600 0.4789 0.3964 0.0041 0.0240 
   HI_SS0117  6 0.9323 0.0176 0.0306 0.0105 0.0017 0.0072 
   HI_SS0118  6 0.2430 0.1105 0.4687 0.0500 0.0157 0.1122 
   HI_SS0119  6 0.1184 0.0144 0.2439 0.0116 0.0016 0.6101 
   HI_SS0120  6 0.9710 0.0073 0.0054 0.0055 0.0028 0.0080 
   HI_SS0121  6 0.3772 0.0474 0.0066 0.0204 0.0013 0.5471 
   HI_SS0122  6 0.1597 0.0158 0.0225 0.0740 0.0227 0.7053 
   HI_SS0123  6 0.4668 0.0386 0.0146 0.0198 0.0052 0.4550 
   HI_SS0124  6 0.0275 0.0060 0.0108 0.2921 0.0031 0.6605 
   HI_SS0125  6 0.0094 0.0128 0.0049 0.9275 0.0283 0.0172 
   HI_SS0126  6 0.0081 0.0068 0.9484 0.0270 0.0010 0.0086 
   HI_SS0127  6 0.0045 0.9178 0.0336 0.0217 0.0072 0.0152 
   HI_SS0128  6 0.1398 0.3817 0.1035 0.3561 0.0027 0.0162 
   HI_SS0129  6 0.1710 0.3551 0.2779 0.1529 0.0126 0.0305 
   HI_SS0131  6 0.0102 0.0092 0.1829 0.7404 0.0342 0.0231 
   HI_SS0132  6 0.2977 0.0155 0.0635 0.0608 0.0006 0.5619 
   HI_SS0133  6 0.0032 0.0026 0.9867 0.0029 0.0011 0.0035 
   HI_SS0134  6 0.2275 0.2013 0.3567 0.1651 0.0025 0.0469 
   HI_SS0142  6 0.0209 0.9127 0.0047 0.0119 0.0162 0.0336 
   HI_SS0145  6 0.0225 0.6527 0.2379 0.0217 0.0015 0.0637 
   HI_SS0146  6 0.0070 0.1608 0.7556 0.0362 0.0010 0.0394 
   HI_SS0147  6 0.0398 0.1248 0.0070 0.0342 0.0251 0.7690 
   HI_SS0149  6 0.5220 0.0096 0.0719 0.0158 0.0043 0.3765 
   HI_SS0150  6 0.1900 0.0721 0.0136 0.5479 0.0051 0.1713 
   HI_SS0151  6 0.0129 0.8153 0.0750 0.0125 0.0115 0.0728 
   NS_SS1451  6 0.0132 0.0241 0.0091 0.1528 0.0027 0.7981 
   NS_SS1404  6 0.0260 0.0157 0.0352 0.1139 0.0111 0.7981 
   NS_SS1432  6 0.1327 0.0145 0.0048 0.7782 0.0317 0.0382 
   NS_SS1405  6 0.0138 0.0181 0.0507 0.8044 0.0027 0.1103 
   NS_SS1431  6 0.9446 0.0101 0.0053 0.0236 0.0007 0.0157 
   NS_SS1402  6 0.3657 0.0448 0.0285 0.1239 0.0028 0.4343 
   NS_SS1450  6 0.1555 0.0830 0.6897 0.0324 0.0051 0.0343 
   NS_SS1396  6 0.3296 0.1326 0.0281 0.1407 0.0077 0.3613 
   NS_SS1393  6 0.0202 0.7869 0.0681 0.0491 0.0038 0.0720 
   NS_SS1392  6 0.0196 0.0086 0.0121 0.8584 0.0126 0.0887 
   NS_SS1445  6 0.0109 0.8603 0.0907 0.0194 0.0069 0.0118 
   NS_SS1423  6 0.7474 0.1456 0.0869 0.0101 0.0015 0.0085 
   NS_SS1421  6 0.4705 0.0077 0.3894 0.0403 0.0796 0.0125 
   NS_SS1411  6 0.0177 0.1440 0.7321 0.0470 0.0017 0.0574 
   NS_SS1453  6 0.5501 0.1359 0.1068 0.0710 0.0073 0.1289 
   NS_SS1442  6 0.0126 0.9563 0.0125 0.0083 0.0034 0.0069 
   NS_SS1422  6 0.1267 0.2718 0.2277 0.0123 0.0133 0.3482 
   NS_SS1419  6 0.0148 0.0249 0.0109 0.0075 0.1433 0.7986 
   NS_SS1427  6 0.0085 0.0122 0.9551 0.0141 0.0021 0.0080 
   NS_SS1444  6 0.0107 0.8873 0.0074 0.0828 0.0029 0.0089 
   NS_SS1455  6 0.8925 0.0738 0.0087 0.0125 0.0013 0.0112 
   NS_SS1425  6 0.0372 0.0237 0.9051 0.0146 0.0012 0.0182 
   NS_SS1400  6 0.0098 0.0086 0.9670 0.0053 0.0014 0.0080 
   NS_SS1406  6 0.8372 0.0221 0.0041 0.0227 0.0087 0.1052 
   NS_SS1417  6 0.1465 0.0236 0.0694 0.0580 0.0064 0.6961 
   NS_SS1454  6 0.2927 0.0103 0.0612 0.0068 0.0015 0.6276 
   NS_SS1412  6 0.1729 0.0769 0.5546 0.0442 0.0313 0.1201 
   NS_SS1438  6 0.0363 0.3117 0.4516 0.0076 0.0013 0.1914 
   NS_SS1416  6 0.0068 0.0255 0.0057 0.0067 0.0048 0.9506 
   NS_SS1401  6 0.7761 0.0185 0.0122 0.1478 0.0142 0.0312 
   NS_SS1424  6 0.0341 0.1060 0.6340 0.0825 0.0143 0.1290 
   NS_SS1435  6 0.0408 0.0687 0.1533 0.7226 0.0026 0.0119 
   NS_SS1447  6 0.0579 0.8849 0.0102 0.0289 0.0064 0.0117 
   NS_SS1414  6 0.0342 0.0928 0.0186 0.5047 0.0088 0.3408 
   NS_SS1449  6 0.1493 0.0097 0.0097 0.0052 0.0029 0.8231 
   NS_SS1443  6 0.0250 0.1102 0.8320 0.0104 0.0017 0.0207 
   NS_SS1434  6 0.4233 0.0230 0.4990 0.0266 0.0007 0.0274 
   NS_SS1398  6 0.0187 0.0231 0.0312 0.8989 0.0161 0.0120 
   NS_SS1426  6 0.0402 0.2737 0.6456 0.0229 0.0017 0.0158 
   NS_SS1413  6 0.0231 0.0055 0.9410 0.0136 0.0111 0.0058 
   NS_SS1395  6 0.0319 0.8981 0.0213 0.0313 0.0073 0.0102 
   NS_SS1448  6 0.0347 0.0230 0.8869 0.0340 0.0018 0.0197 
   NS_SS1446  6 0.1707 0.2331 0.0849 0.0489 0.0031 0.4593 
   NS_SS1403  6 0.5564 0.0538 0.0114 0.1579 0.0062 0.2142 
   NS_SS1415  6 0.0066 0.0106 0.9535 0.0103 0.0100 0.0090 
   NS_SS1437  6 0.2067 0.0264 0.0160 0.7117 0.0082 0.0310 
   NS_SS1439  6 0.0134 0.9326 0.0059 0.0187 0.0019 0.0276 
   NS_SS1441  6 0.0799 0.1568 0.3551 0.3350 0.0020 0.0712 
   NS_SS1420  6 0.0070 0.0533 0.0086 0.0348 0.0030 0.8933 
   NS_SS1394  6 0.0103 0.0712 0.0050 0.3032 0.0330 0.5773 
   NS_SS1391  6 0.0612 0.2173 0.0378 0.6685 0.0107 0.0047 
   NS_SS1410  6 0.5666 0.1239 0.0421 0.0433 0.0137 0.2105 
   NS_SS1408  6 0.4398 0.4559 0.0117 0.0310 0.0465 0.0151 
   NS_SS1409  6 0.0274 0.3388 0.0565 0.5429 0.0022 0.0321 
   HI_SS0617  7 0.0248 0.0578 0.0415 0.0898 0.0012 0.7848 
   HI_SS0618  7 0.0196 0.1595 0.0122 0.0213 0.0027 0.7847 
   HI_SS0619  7 0.0279 0.0135 0.0841 0.8144 0.0031 0.0571 
   HI_SS0620  7 0.0044 0.0169 0.9614 0.0059 0.0024 0.0091 
   HI_SS0621  7 0.2738 0.0578 0.0212 0.3649 0.0153 0.2669 
   HI_SS0622  7 0.1368 0.1071 0.5786 0.0329 0.0138 0.1308 
   HI_SS0626  7 0.0166 0.0557 0.0125 0.8646 0.0074 0.0432 
   HI_SS0627  7 0.4593 0.4737 0.0091 0.0325 0.0078 0.0175 
   HI_SS0628  7 0.0740 0.0162 0.1380 0.7069 0.0415 0.0234 
   HI_SS0629  7 0.0214 0.0556 0.0569 0.8269 0.0050 0.0342 
   HI_SS0630  7 0.0119 0.0566 0.5535 0.2004 0.0647 0.1130 
   HI_SS0631  7 0.0478 0.0636 0.5174 0.3369 0.0010 0.0333 
   HI_SS0632  7 0.0918 0.3981 0.2270 0.0630 0.0032 0.2170 
   HI_SS0633  7 0.0144 0.2008 0.0109 0.7605 0.0032 0.0103 
   HI_SS0634  7 0.0960 0.0529 0.0407 0.0584 0.0017 0.7503 
   HI_SS0635  7 0.0105 0.1104 0.0087 0.8362 0.0075 0.0267 
   HI_SS0637  7 0.0161 0.6701 0.0084 0.0101 0.0025 0.2928 
   HI_SS0638  7 0.0520 0.0212 0.8554 0.0260 0.0015 0.0438 
   HI_SS0639  7 0.0162 0.3724 0.0085 0.4402 0.0429 0.1198 
   HI_SS0640  7 0.0132 0.9248 0.0150 0.0362 0.0015 0.0092 
   HI_SS0641  7 0.0042 0.0366 0.2017 0.7081 0.0042 0.0452 
   HI_SS0642  7 0.7533 0.0896 0.0198 0.1002 0.0022 0.0350 
   HI_SS0645  7 0.0073 0.0052 0.0093 0.1774 0.0008 0.8001 
   HI_SS0646  7 0.1505 0.7515 0.0506 0.0198 0.0025 0.0252 
   HI_SS0647  7 0.2556 0.0145 0.6124 0.0823 0.0012 0.0340 
   HI_SS0648  7 0.0544 0.0580 0.0595 0.6877 0.0027 0.1377 
   HI_SS0649  7 0.0259 0.7414 0.0112 0.1992 0.0018 0.0204 
   HI_SS0650  7 0.0802 0.7411 0.0117 0.0441 0.0048 0.1180 
   HI_SS0651  7 0.0167 0.3294 0.0400 0.5199 0.0035 0.0905 
   HI_SS0652  7 0.0347 0.0865 0.0258 0.5733 0.0036 0.2762 
   NS_SS1371  7 0.0352 0.6211 0.0338 0.2817 0.0062 0.0221 
   NS_SS1374  7 0.0346 0.0074 0.4814 0.3526 0.0027 0.1213 
   NS_SS1337  7 0.2561 0.0137 0.0203 0.0136 0.0030 0.6933 
   NS_SS1385  7 0.7289 0.2226 0.0206 0.0085 0.0051 0.0143 
   NS_SS1388  7 0.0091 0.0103 0.0114 0.9423 0.0061 0.0208 
   NS_SS1370  7 0.0108 0.0385 0.0250 0.0070 0.0088 0.9099 
   NS_SS1389  7 0.0229 0.0131 0.0158 0.9371 0.0036 0.0075 
   NS_SS1360  7 0.0110 0.3914 0.5252 0.0248 0.0049 0.0427 
   NS_SS1330  7 0.0256 0.5289 0.0072 0.0446 0.0041 0.3896 
   NS_SS1328  7 0.0255 0.0101 0.9228 0.0226 0.0022 0.0169 
   NS_SS1384  7 0.2354 0.6876 0.0167 0.0306 0.0038 0.0258 
   NS_SS1381  7 0.2228 0.0901 0.0109 0.0348 0.0008 0.6406 
   NS_SS1375  7 0.0221 0.0116 0.0254 0.8894 0.0012 0.0502 
   NS_SS1319  7 0.0581 0.0162 0.0324 0.5497 0.1030 0.2406 
   NS_SS1326  7 0.0307 0.0090 0.9000 0.0450 0.0097 0.0055 
   NS_SS1341  7 0.2344 0.6608 0.0317 0.0137 0.0037 0.0557 
   NS_SS1383  7 0.4337 0.3071 0.0315 0.2054 0.0041 0.0181 
   NS_SS1318  7 0.0213 0.8127 0.0673 0.0508 0.0162 0.0316 
   NS_SS1348  7 0.0184 0.1705 0.7722 0.0224 0.0015 0.0151 
   NS_SS1363  7 0.0387 0.1506 0.0599 0.1496 0.0044 0.5968 
   NS_SS1335  7 0.0442 0.0487 0.5218 0.0246 0.0329 0.3280 
   NS_SS1358  7 0.1251 0.0925 0.0891 0.0045 0.0147 0.6742 
   NS_SS1342  7 0.8962 0.0119 0.0641 0.0086 0.0012 0.0179 
   NS_SS1320  7 0.0617 0.0079 0.0064 0.8929 0.0059 0.0252 
   NS_SS1355  7 0.0225 0.9308 0.0060 0.0181 0.0101 0.0125 
   NS_SS1345  7 0.4963 0.1814 0.0947 0.0086 0.0190 0.1999 
   NS_SS1324  7 0.0188 0.0702 0.0958 0.7701 0.0026 0.0426 
   NS_SS1347  7 0.1157 0.8097 0.0371 0.0192 0.0031 0.0151 
   NS_SS1321  7 0.2619 0.0321 0.2473 0.0185 0.0013 0.4388 
   NS_SS1333  7 0.0140 0.0048 0.0186 0.9541 0.0025 0.0060 
   NS_SS1364  7 0.4689 0.3032 0.1715 0.0387 0.0020 0.0159 
   NS_SS1379  7 0.1195 0.2101 0.0106 0.0097 0.0452 0.6049 
   NS_SS1332  7 0.0136 0.0327 0.8120 0.1301 0.0060 0.0057 
   NS_SS1338  7 0.0053 0.0283 0.0474 0.0520 0.0072 0.8597 
   NS_SS1368  7 0.2613 0.0825 0.5901 0.0443 0.0047 0.0171 
   NS_SS1354  7 0.0404 0.0400 0.0189 0.6866 0.0110 0.2032 
   NS_SS1365  7 0.2044 0.3163 0.2565 0.0782 0.0109 0.1338 
   NS_SS1380  7 0.3059 0.0238 0.0070 0.0168 0.0199 0.6266 
   NS_SS1329  7 0.8353 0.0514 0.0870 0.0106 0.0027 0.0131 
   NS_SS1362  7 0.4391 0.4814 0.0313 0.0323 0.0041 0.0118 
   NS_SS1327  7 0.0040 0.0112 0.9692 0.0076 0.0024 0.0056 
   NS_SS1350  7 0.0062 0.0181 0.1013 0.6808 0.0082 0.1854 
   NS_SS1387  7 0.0121 0.9386 0.0126 0.0147 0.0025 0.0195 
   NS_SS1369  7 0.0216 0.0148 0.8304 0.0068 0.0036 0.1227 
   NS_SS1331  7 0.2186 0.0067 0.0771 0.2731 0.0097 0.4148 
   NS_SS1357  7 0.9068 0.0166 0.0564 0.0090 0.0034 0.0077 
   NS_SS1386  7 0.1733 0.0095 0.7943 0.0095 0.0034 0.0100 
   NS_SS1353  7 0.8684 0.0303 0.0348 0.0523 0.0035 0.0108 
   NS_SS1323  7 0.6890 0.0542 0.0100 0.0236 0.0807 0.1425 
   HI_SS0296  8 0.0207 0.1164 0.3933 0.0094 0.0017 0.4586 
   HI_SS0297  8 0.8784 0.0106 0.0399 0.0510 0.0007 0.0193 
   HI_SS0299  8 0.4181 0.3645 0.0725 0.0269 0.0375 0.0805 
   HI_SS0300  8 0.0230 0.4235 0.0674 0.0070 0.0014 0.4778 
   HI_SS0301  8 0.0495 0.8860 0.0172 0.0276 0.0030 0.0167 
   HI_SS0302  8 0.0095 0.0511 0.8609 0.0334 0.0221 0.0230 
   HI_SS0303  8 0.0080 0.0134 0.9476 0.0167 0.0064 0.0079 
   HI_SS0304  8 0.0237 0.0084 0.0235 0.0357 0.0019 0.9068 
   HI_SS0306  8 0.0052 0.0050 0.9779 0.0054 0.0025 0.0040 
   HI_SS0307  8 0.0567 0.3349 0.0286 0.3597 0.0069 0.2131 
   HI_SS0308  8 0.0318 0.0185 0.0087 0.8136 0.0643 0.0631 
   HI_SS0309  8 0.2208 0.0188 0.0106 0.0383 0.0026 0.7089 
   HI_SS0310  8 0.1688 0.1677 0.3983 0.2436 0.0073 0.0144 
   HI_SS0311  8 0.1540 0.3949 0.1786 0.0741 0.0023 0.1961 
   HI_SS0314  8 0.0096 0.0102 0.0201 0.9486 0.0011 0.0103 
   HI_SS0316  8 0.0853 0.4602 0.3200 0.1046 0.0048 0.0252 
   HI_SS0317  8 0.0397 0.0755 0.0132 0.6264 0.0017 0.2435 
   HI_SS0318  8 0.2974 0.1447 0.2965 0.0370 0.2013 0.0231 
   HI_SS0319  8 0.0239 0.1246 0.8163 0.0219 0.0050 0.0082 
   HI_SS0320  8 0.3177 0.0086 0.0044 0.6476 0.0011 0.0205 
   HI_SS0321  8 0.0129 0.7344 0.0468 0.1954 0.0014 0.0091 
   HI_SS0323  8 0.0080 0.5016 0.0515 0.4071 0.0017 0.0301 
   HI_SS0325  8 0.0159 0.0415 0.9078 0.0069 0.0018 0.0261 
   HI_SS0327  8 0.4077 0.2213 0.3431 0.0147 0.0016 0.0115 
   HI_SS0329  8 0.0631 0.0227 0.0783 0.1070 0.0014 0.7274 
   HI_SS0333  8 0.2485 0.1525 0.0311 0.5277 0.0029 0.0374 
   HI_SS0334  8 0.0558 0.3536 0.0801 0.0088 0.0014 0.5003 
   HI_SS0335  8 0.1099 0.8230 0.0110 0.0122 0.0173 0.0267 
   HI_SS0339  8 0.2672 0.6932 0.0062 0.0154 0.0080 0.0100 
   HI_SS0343  8 0.7257 0.2293 0.0169 0.0174 0.0018 0.0089 
   HI_SS0344  8 0.0060 0.0037 0.9772 0.0049 0.0028 0.0054 
   HI_SS0345  8 0.4669 0.0321 0.0260 0.0174 0.0070 0.4506 
   HI_SS0346  8 0.6321 0.1891 0.0202 0.0440 0.0044 0.1102 
   HI_SS0350  8 0.0106 0.0206 0.0061 0.0194 0.0089 0.9343 
   HI_SS0351  8 0.1045 0.8021 0.0469 0.0082 0.0032 0.0351 
   HI_SS0352  8 0.7207 0.0280 0.0125 0.0099 0.1056 0.1233 
   HI_SS0362  8 0.0144 0.1400 0.4420 0.3663 0.0027 0.0346 
   HI_SS0363  8 0.0151 0.0645 0.8906 0.0120 0.0033 0.0144 
   HI_SS0365  8 0.0247 0.0388 0.3546 0.0472 0.0056 0.5292 
   HI_SS0366  8 0.0090 0.0156 0.9454 0.0091 0.0012 0.0196 
   HI_SS0367  8 0.1186 0.3732 0.0081 0.2857 0.0024 0.2120 
   HI_SS0369  8 0.4892 0.1001 0.0149 0.0513 0.0025 0.3419 
   HI_SS0370  8 0.7499 0.1275 0.0153 0.0917 0.0029 0.0126 
   HI_SS0371  8 0.0147 0.0137 0.9180 0.0331 0.0036 0.0169 
   HI_SS0373  8 0.0060 0.0124 0.0270 0.9387 0.0072 0.0087 
   HI_SS0374  8 0.0276 0.0386 0.0096 0.8864 0.0227 0.0151 
   HI_SS0377  8 0.0395 0.0121 0.7035 0.0091 0.0793 0.1566 
   HI_SS0379  8 0.0123 0.0091 0.9670 0.0065 0.0009 0.0042 
   HI_SS0380  8 0.5183 0.1944 0.0137 0.2360 0.0066 0.0310 
   HI_SS0381  8 0.0465 0.6276 0.0134 0.0776 0.0050 0.2299 
   HI_SS0384  8 0.1187 0.0269 0.1618 0.6749 0.0072 0.0105 
   HI_SS0385  8 0.0167 0.0056 0.2698 0.6485 0.0012 0.0583 
   HI_SS0386  9 0.0019 0.0016 0.0018 0.0015 0.9916 0.0016 
   HI_SS0387  9 0.0110 0.0109 0.0137 0.0105 0.9425 0.0114 
   HI_SS0389  9 0.0044 0.0035 0.0039 0.0032 0.9815 0.0036 
   HI_SS0390  9 0.0017 0.0020 0.0016 0.0018 0.9910 0.0018 
   HI_SS0391  9 0.0031 0.0031 0.0023 0.0028 0.9853 0.0033 
   HI_SS0392  9 0.0017 0.0018 0.0017 0.0016 0.9909 0.0023 
   HI_SS0393  9 0.0015 0.0017 0.0019 0.0013 0.9920 0.0017 
   HI_SS0394  9 0.0016 0.0015 0.0016 0.0017 0.9923 0.0013 
   HI_SS0395  9 0.0038 0.0032 0.0029 0.0043 0.9810 0.0048 
   HI_SS0396  9 0.0071 0.0087 0.0076 0.0144 0.9528 0.0093 
   HI_SS0398  9 0.0058 0.0077 0.0064 0.0040 0.9708 0.0052 
   HI_SS0399  9 0.0011 0.0012 0.0013 0.0012 0.9939 0.0013 
   HI_SS0400  9 0.0023 0.0020 0.0017 0.0026 0.9896 0.0019 
   HI_SS0401  9 0.0015 0.0018 0.0016 0.0014 0.9918 0.0018 
   HI_SS0402  9 0.0015 0.0016 0.0015 0.0010 0.9931 0.0013 
   HI_SS0403  9 0.0019 0.0019 0.0012 0.0014 0.9918 0.0018 
   HI_SS0404  9 0.0012 0.0012 0.0013 0.0013 0.9936 0.0013 
   HI_SS0405  9 0.0239 0.0175 0.0086 0.0144 0.9234 0.0121 
   HI_SS0406  9 0.0020 0.0034 0.0019 0.0020 0.9886 0.0021 
   HI_SS0407  9 0.0064 0.0065 0.0061 0.0085 0.9643 0.0083 
   HI_SS0408  9 0.0015 0.0012 0.0009 0.0015 0.9932 0.0017 
   HI_SS0409  9 0.0024 0.0029 0.0030 0.0035 0.9850 0.0032 
   HI_SS0411  9 0.0028 0.0027 0.0029 0.0031 0.9857 0.0029 
   HI_SS0412  9 0.0416 0.0610 0.0269 0.0330 0.8000 0.0375 
   HI_SS0413  9 0.0022 0.0025 0.0025 0.0019 0.9889 0.0020 
   HI_SS0414  9 0.0130 0.0172 0.0072 0.0139 0.9293 0.0194 
   HI_SS0415  9 0.0024 0.0022 0.0020 0.0018 0.9896 0.0020 
   HI_SS0416  9 0.0029 0.0038 0.0036 0.0046 0.9816 0.0035 
   HI_SS0418  9 0.0068 0.0061 0.0037 0.0057 0.9740 0.0036 
   HI_SS0419  9 0.0032 0.0029 0.0026 0.0033 0.9842 0.0038 
   HI_SS0420  9 0.0016 0.0027 0.0025 0.0025 0.9889 0.0017 
   HI_SS0421  9 0.0039 0.0053 0.0029 0.0049 0.9776 0.0055 
   HI_SS0422  9 0.0019 0.0014 0.0015 0.0016 0.9921 0.0015 
   HI_SS0423  9 0.0040 0.0043 0.0028 0.0047 0.9789 0.0054 
   HI_SS0424  9 0.0017 0.0019 0.0014 0.0021 0.9905 0.0024 
   HI_SS0425  9 0.0041 0.0030 0.0020 0.0041 0.9833 0.0034 
   NS_SS1146 10 0.0021 0.0023 0.0028 0.0025 0.9886 0.0018 
   NS_SS1157 10 0.0075 0.0069 0.0063 0.0044 0.9677 0.0072 
   NS_SS1144 10 0.0133 0.0135 0.0171 0.0134 0.9165 0.0261 
   NS_SS1074 10 0.0031 0.0041 0.0041 0.0033 0.9815 0.0038 
   NS_SS1122 10 0.0035 0.0046 0.0040 0.0056 0.9768 0.0056 
   NS_SS1136 10 0.0010 0.0012 0.0011 0.0014 0.9940 0.0013 
   NS_SS1077 10 0.0007 0.0007 0.0008 0.0007 0.9963 0.0008 
   NS_SS1134 10 0.0088 0.0089 0.0086 0.0079 0.9547 0.0110 
   NS_SS1091 10 0.0018 0.0020 0.0017 0.0030 0.9886 0.0029 
   NS_SS1089 10 0.0028 0.0029 0.0039 0.0023 0.9853 0.0027 
   NS_SS1123 10 0.0017 0.0016 0.0018 0.0017 0.9917 0.0016 
   NS_SS1158 10 0.0011 0.0013 0.0008 0.0009 0.9947 0.0012 
   NS_SS1093 10 0.0022 0.0022 0.0024 0.0022 0.9891 0.0019 
   NS_SS1102 10 0.0065 0.0063 0.0051 0.0050 0.9720 0.0051 
   NS_SS1056 10 0.0020 0.0016 0.0016 0.0021 0.9908 0.0019 
   NS_SS1126 10 0.0027 0.0031 0.0043 0.0045 0.9826 0.0029 
   NS_SS1058 10 0.0036 0.0036 0.0047 0.0042 0.9799 0.0041 
   NS_SS1084 10 0.0013 0.0016 0.0012 0.0015 0.9928 0.0016 
   NS_SS1095 10 0.0052 0.0057 0.0075 0.0053 0.9709 0.0054 
   NS_SS1079 10 0.0019 0.0020 0.0016 0.0018 0.9912 0.0015 
   NS_SS1149 10 0.0025 0.0036 0.0022 0.0035 0.9856 0.0026 
   NS_SS1121 10 0.0014 0.0022 0.0015 0.0017 0.9915 0.0017 
   NS_SS1067 10 0.0081 0.0047 0.0047 0.0054 0.9705 0.0066 
   NS_SS1081 10 0.0025 0.0024 0.0021 0.0023 0.9880 0.0027 
   NS_SS1130 10 0.0032 0.0038 0.0019 0.0038 0.9834 0.0039 
   NS_SS1073 10 0.0032 0.0029 0.0023 0.0029 0.9859 0.0028 
   NS_SS1133 10 0.0072 0.0053 0.0039 0.0108 0.9643 0.0084 
   NS_SS1129 10 0.0015 0.0016 0.0014 0.0013 0.9925 0.0016 
   NS_SS1085 10 0.0021 0.0027 0.0020 0.0022 0.9883 0.0026 
   NS_SS1137 10 0.0048 0.0032 0.0051 0.0039 0.9786 0.0044 
   NS_SS1135 10 0.0013 0.0013 0.0011 0.0013 0.9933 0.0017 
   NS_SS1082 10 0.0022 0.0019 0.0016 0.0019 0.9905 0.0019 
   NS_SS1125 10 0.0016 0.0016 0.0014 0.0017 0.9921 0.0017 
   NS_SS1124 10 0.0053 0.0075 0.0043 0.0077 0.9668 0.0084 
   NS_SS1155 10 0.0117 0.0099 0.0079 0.0077 0.9573 0.0056 
   NS_SS1145 10 0.0018 0.0022 0.0021 0.0023 0.9897 0.0019 
