   NS_SS0963  1 0.0046 0.7603 0.2351 
   NS_SS0983  1 0.0037 0.0165 0.9799 
   NS_SS0719  1 0.0051 0.1662 0.8287 
   NS_SS1001  1 0.0053 0.7477 0.2470 
   NS_SS0936  1 0.0024 0.6511 0.3464 
   NS_SS0955  1 0.0034 0.0353 0.9613 
   NS_SS0944  1 0.0016 0.0486 0.9498 
   NS_SS0945  1 0.0072 0.8157 0.1772 
   NS_SS0922  1 0.0235 0.9326 0.0439 
   NS_SS0929  1 0.0027 0.1295 0.8678 
   NS_SS0956  1 0.0030 0.9828 0.0142 
   NS_SS0906  1 0.0031 0.5228 0.4741 
   NS_SS0721  1 0.0052 0.7637 0.2311 
   NS_SS0982  1 0.0143 0.9344 0.0512 
   NS_SS0923  1 0.0045 0.7852 0.2104 
   NS_SS0905  1 0.0017 0.1721 0.8261 
   NS_SS0925  1 0.0039 0.7787 0.2173 
   NS_SS0947  1 0.0042 0.9585 0.0373 
   NS_SS0926  1 0.0010 0.0125 0.9864 
   NS_SS0918  1 0.0024 0.9554 0.0423 
   NS_SS0966  1 0.0447 0.8053 0.1500 
   NS_SS0938  1 0.0013 0.9691 0.0296 
   NS_SS0917  1 0.0412 0.2812 0.6775 
   NS_SS0957  1 0.0053 0.9284 0.0663 
   NS_SS0987  1 0.2289 0.6884 0.0826 
   NS_SS0717  1 0.0022 0.9687 0.0291 
   NS_SS0986  1 0.0026 0.9564 0.0410 
   NS_SS0953  1 0.0141 0.9148 0.0711 
   NS_SS0907  1 0.0414 0.6310 0.3276 
   NS_SS0974  1 0.0032 0.1120 0.8849 
   NS_SS0989  1 0.0010 0.0307 0.9683 
   NS_SS0991  1 0.0016 0.0338 0.9645 
   NS_SS0994  1 0.0018 0.0066 0.9916 
   NS_SS0931  1 0.0103 0.0698 0.9199 
   NS_SS1000  1 0.0032 0.9703 0.0265 
   NS_SS0919  1 0.0030 0.0727 0.9243 
   NS_SS0949  1 0.0012 0.0124 0.9864 
   NS_SS0960  1 0.0053 0.0262 0.9685 
   NS_SS0716  1 0.0050 0.9894 0.0056 
   NS_SS0924  1 0.0181 0.0926 0.8893 
   NS_SS0935  1 0.0082 0.0076 0.9841 
   NS_SS0952  1 0.0315 0.0248 0.9437 
   NS_SS0962  1 0.0050 0.9861 0.0089 
   NS_SS0973  1 0.0041 0.1257 0.8702 
   NS_SS0722  1 0.0019 0.9692 0.0288 
   NS_SS0979  1 0.0017 0.8633 0.1350 
   NS_SS0993  1 0.0154 0.7970 0.1876 
   NS_SS0958  1 0.0025 0.0568 0.9407 
   NS_SS0988  1 0.0043 0.8184 0.1772 
   NS_SS1003  1 0.0081 0.9640 0.0280 
   NS_SS0976  1 0.0019 0.0686 0.9295 
   NS_SS0964  1 0.0023 0.9709 0.0269 
   NS_SS0939  1 0.0036 0.9805 0.0159 
   NS_SS0990  1 0.0028 0.8859 0.1114 
   NS_SS0984  1 0.0021 0.9864 0.0115 
   NS_SS0980  1 0.0022 0.3331 0.6647 
   NS_SS0978  1 0.0029 0.3485 0.6486 
   NS_SS0951  1 0.0030 0.2885 0.7086 
   NS_SS0913  1 0.0342 0.8704 0.0953 
   NS_SS1002  1 0.0324 0.9594 0.0082 
   NS_SS0948  1 0.0356 0.8262 0.1383 
   NS_SS0916  1 0.0051 0.1531 0.8418 
   NS_SS0995  1 0.0026 0.8179 0.1795 
   NS_SS0927  1 0.0047 0.3966 0.5987 
   NS_SS0992  1 0.0033 0.1285 0.8682 
   NS_SS0912  1 0.0026 0.4596 0.5378 
   NS_SS0981  1 0.0034 0.8223 0.1742 
   NS_SS0729  2 0.0032 0.0086 0.9882 
   NS_SS0967  2 0.0102 0.7450 0.2447 
   NS_SS0941  2 0.0814 0.3342 0.5844 
   NS_SS0768  2 0.0038 0.9674 0.0288 
   NS_SS0726  2 0.0060 0.0123 0.9817 
   NS_SS0763  2 0.0019 0.0276 0.9705 
   NS_SS0730  2 0.0027 0.9888 0.0085 
   NS_SS0774  2 0.0008 0.9903 0.0089 
   NS_SS0723  2 0.0014 0.9560 0.0426 
   NS_SS0940  2 0.0061 0.2078 0.7861 
   NS_SS0762  2 0.0022 0.9768 0.0210 
   NS_SS0766  2 0.0126 0.3972 0.5902 
   NS_SS0724  2 0.0032 0.9707 0.0262 
   NS_SS0769  2 0.0040 0.9344 0.0616 
   NS_SS0777  2 0.0114 0.6294 0.3592 
   NS_SS0734  2 0.0241 0.2552 0.7207 
   NS_SS0737  2 0.0041 0.9840 0.0120 
   NS_SS0732  2 0.0048 0.8906 0.1046 
   NS_SS0728  2 0.0092 0.7660 0.2247 
   NS_SS0735  2 0.0062 0.8868 0.1069 
   NS_SS0725  2 0.0058 0.9547 0.0395 
   NS_SS0788  2 0.0014 0.6650 0.3336 
   NS_SS0778  2 0.0014 0.6270 0.3716 
   NS_SS0792  2 0.0048 0.6404 0.3548 
   NS_SS0943  2 0.0071 0.0170 0.9759 
   NS_SS0791  2 0.0165 0.3163 0.6671 
   NS_SS0790  2 0.0032 0.9912 0.0057 
   NS_SS0731  2 0.0094 0.9752 0.0154 
   NS_SS0727  2 0.0018 0.0430 0.9552 
   NS_SS0779  2 0.0044 0.7463 0.2493 
   NS_SS0776  2 0.0069 0.5061 0.4870 
   NS_SS0775  2 0.0062 0.9757 0.0182 
   NS_SS0965  3 0.0014 0.8625 0.1362 
   NS_SS0754  3 0.0118 0.0812 0.9070 
   NS_SS0838  3 0.0362 0.8123 0.1516 
   NS_SS0839  3 0.0030 0.9857 0.0113 
   NS_SS0832  3 0.0334 0.9541 0.0125 
   NS_SS0820  3 0.0045 0.9872 0.0083 
   NS_SS0886  3 0.0019 0.1413 0.8568 
   NS_SS0748  3 0.0075 0.4178 0.5747 
   NS_SS0884  3 0.0190 0.6244 0.3567 
   NS_SS0752  3 0.0018 0.5341 0.4641 
   NS_SS0862  3 0.0037 0.9688 0.0275 
   NS_SS0787  3 0.0060 0.0178 0.9762 
   NS_SS0843  3 0.0017 0.6709 0.3274 
   NS_SS0856  3 0.0028 0.9598 0.0374 
   NS_SS0846  3 0.0030 0.2957 0.7013 
   NS_SS0825  3 0.0078 0.9217 0.0705 
   NS_SS0757  3 0.0036 0.1898 0.8066 
   NS_SS0876  3 0.2010 0.7771 0.0219 
   NS_SS0903  3 0.0025 0.8161 0.1814 
   NS_SS0875  3 0.0026 0.9485 0.0489 
   NS_SS0740  3 0.0030 0.1590 0.8380 
   NS_SS0811  3 0.0079 0.9699 0.0221 
   NS_SS0751  3 0.0020 0.8660 0.1320 
   NS_SS0891  3 0.0049 0.9656 0.0295 
   NS_SS0867  3 0.0289 0.0464 0.9247 
   NS_SS0890  3 0.0038 0.1181 0.8782 
   NS_SS0866  3 0.0046 0.0440 0.9513 
   NS_SS0755  3 0.0070 0.5057 0.4874 
   NS_SS0758  3 0.0018 0.7610 0.2371 
   NS_SS0840  3 0.0019 0.9899 0.0082 
   NS_SS0889  3 0.0021 0.0931 0.9048 
   NS_SS1010  3 0.0347 0.8325 0.1328 
   NS_SS0888  3 0.0013 0.0070 0.9918 
   NS_SS0837  3 0.0027 0.7462 0.2512 
   NS_SS0794  3 0.0016 0.0280 0.9704 
   NS_SS0823  3 0.0035 0.9647 0.0318 
   NS_SS0829  3 0.1027 0.0106 0.8867 
   NS_SS0844  3 0.0020 0.9828 0.0153 
   NS_SS1008  3 0.0110 0.1054 0.8836 
   NS_SS0881  3 0.0027 0.3348 0.6626 
   NS_SS0834  3 0.0051 0.9697 0.0252 
   NS_SS0744  3 0.0062 0.4942 0.4996 
   NS_SS0899  3 0.0012 0.9876 0.0112 
   NS_SS0804  3 0.0035 0.9879 0.0086 
   NS_SS0781  3 0.0025 0.9915 0.0060 
   NS_SS0822  3 0.0021 0.0624 0.9355 
   NS_SS1004  3 0.0036 0.4023 0.5941 
   NS_SS0746  3 0.0120 0.3259 0.6621 
   NS_SS0880  3 0.0015 0.6386 0.3598 
   NS_SS0879  3 0.0100 0.9431 0.0470 
   NS_SS0753  3 0.0094 0.0167 0.9739 
   NS_SS1007  3 0.0016 0.5469 0.4515 
   NS_SS0872  3 0.0019 0.9788 0.0193 
   NS_SS1005  3 0.0009 0.9639 0.0352 
   NS_SS0892  3 0.0016 0.6746 0.3238 
   NS_SS0898  3 0.0057 0.1137 0.8806 
   NS_SS0801  3 0.0103 0.8495 0.1401 
   NS_SS0827  3 0.1252 0.4468 0.4279 
   NS_SS0853  3 0.0052 0.9138 0.0810 
   NS_SS0780  3 0.0035 0.9566 0.0399 
   NS_SS0826  3 0.0034 0.6459 0.3507 
   NS_SS0818  3 0.0014 0.8699 0.1287 
   NS_SS0745  3 0.0012 0.9914 0.0074 
   NS_SS0849  3 0.0014 0.8873 0.1113 
   NS_SS0739  3 0.0113 0.9138 0.0749 
   NS_SS0799  3 0.0010 0.0147 0.9843 
   NS_SS0756  3 0.0027 0.9883 0.0090 
   NS_SS0802  3 0.2053 0.3580 0.4367 
   NS_SS0747  3 0.0056 0.3107 0.6838 
   NS_SS0835  3 0.0011 0.0203 0.9786 
   NS_SS0742  3 0.0011 0.8291 0.1698 
   NS_SS0760  3 0.0397 0.0243 0.9360 
   NS_SS0803  3 0.0063 0.9751 0.0186 
   NS_SS0828  3 0.0013 0.0726 0.9261 
   NS_SS0865  3 0.0229 0.7561 0.2210 
   NS_SS0759  3 0.0033 0.9831 0.0136 
   NS_SS0851  3 0.0081 0.9864 0.0055 
   NS_SS0874  3 0.0013 0.9449 0.0538 
   NS_SS0761  3 0.0023 0.0604 0.9373 
   NS_SS0842  3 0.0087 0.2118 0.7794 
   NS_SS0785  3 0.0053 0.2984 0.6963 
   NS_SS0860  3 0.0023 0.0442 0.9535 
   NS_SS0897  3 0.0017 0.0100 0.9882 
   NS_SS0841  3 0.0031 0.9744 0.0225 
   NS_SS0797  3 0.0257 0.1693 0.8050 
   NS_SS0830  3 0.0019 0.3598 0.6383 
   NS_SS1011  3 0.0053 0.9747 0.0200 
   NS_SS0883  3 0.0059 0.1816 0.8125 
   NS_SS0782  3 0.0023 0.8773 0.1204 
   NS_SS0831  3 0.0025 0.0338 0.9638 
   NS_SS0749  3 0.0039 0.0900 0.9061 
   NS_SS0854  3 0.0029 0.1371 0.8600 
   HI_SS0193  4 0.0015 0.0158 0.9827 
   HI_SS0194  4 0.0014 0.9596 0.0390 
   HI_SS0195  4 0.0700 0.9245 0.0055 
   HI_SS0196  4 0.0027 0.4758 0.5216 
   HI_SS0197  4 0.0104 0.9781 0.0116 
   HI_SS0198  4 0.0093 0.6373 0.3535 
   HI_SS0199  4 0.0024 0.0282 0.9695 
   HI_SS0201  4 0.0020 0.0105 0.9874 
   HI_SS0215  4 0.0028 0.1193 0.8779 
   HI_SS0218  4 0.0050 0.0063 0.9888 
   HI_SS0222  4 0.0041 0.9471 0.0488 
   HI_SS0230  4 0.0045 0.9587 0.0368 
   HI_SS0234  4 0.1539 0.5405 0.3056 
   HI_SS0240  4 0.0067 0.7461 0.2473 
   HI_SS0241  4 0.0019 0.0267 0.9713 
   HI_SS0242  4 0.0026 0.3841 0.6133 
   HI_SS0247  4 0.0175 0.9429 0.0396 
   HI_SS0248  4 0.0007 0.0070 0.9923 
   HI_SS0252  4 0.0017 0.9623 0.0360 
   HI_SS0254  4 0.0872 0.0130 0.8999 
   HI_SS0256  4 0.0013 0.9926 0.0061 
   HI_SS0257  4 0.0029 0.0161 0.9810 
   HI_SS0258  4 0.0042 0.0186 0.9772 
   HI_SS0259  4 0.0027 0.9371 0.0602 
   HI_SS0260  4 0.0016 0.0281 0.9703 
   HI_SS0261  4 0.0027 0.0384 0.9589 
   HI_SS0262  4 0.0058 0.9610 0.0333 
   HI_SS0264  4 0.0030 0.9867 0.0103 
   HI_SS0265  4 0.0841 0.8617 0.0542 
   HI_SS0268  4 0.0027 0.9543 0.0431 
   HI_SS0269  4 0.0017 0.0079 0.9904 
   HI_SS0273  4 0.0014 0.0339 0.9646 
   HI_SS0277  4 0.0022 0.8291 0.1687 
   HI_SS0280  4 0.0051 0.5923 0.4025 
   HI_SS0282  4 0.0011 0.0301 0.9688 
   HI_SS0286  4 0.0073 0.4391 0.5536 
   NS_SS1252  5 0.0035 0.0131 0.9834 
   NS_SS1261  5 0.0124 0.9027 0.0849 
   NS_SS1225  5 0.1098 0.1685 0.7217 
   NS_SS1266  5 0.0065 0.9851 0.0084 
   NS_SS1228  5 0.0117 0.9412 0.0471 
   NS_SS1255  5 0.0017 0.8126 0.1857 
   NS_SS1267  5 0.0108 0.0056 0.9836 
   NS_SS1238  5 0.0023 0.7561 0.2417 
   NS_SS1233  5 0.0019 0.9191 0.0790 
   NS_SS1277  5 0.0009 0.0146 0.9844 
   NS_SS1245  5 0.0017 0.0815 0.9167 
   NS_SS1240  5 0.0019 0.0184 0.9798 
   NS_SS1275  5 0.0029 0.9891 0.0080 
   NS_SS1235  5 0.0057 0.4646 0.5297 
   NS_SS1263  5 0.0009 0.8641 0.1350 
   NS_SS1251  5 0.0012 0.8393 0.1595 
   NS_SS1248  5 0.0878 0.7508 0.1614 
   NS_SS1244  5 0.0050 0.1382 0.8568 
   NS_SS1257  5 0.0274 0.0967 0.8759 
   NS_SS1242  5 0.0021 0.9917 0.0062 
   NS_SS1271  5 0.0283 0.0091 0.9626 
   NS_SS1265  5 0.0194 0.4019 0.5787 
   NS_SS1243  5 0.0593 0.9011 0.0396 
   NS_SS1273  5 0.0060 0.9846 0.0094 
   NS_SS1254  5 0.0058 0.6288 0.3654 
   NS_SS1224  5 0.0065 0.9782 0.0153 
   NS_SS1227  5 0.0016 0.0110 0.9874 
   NS_SS1274  5 0.0162 0.0554 0.9284 
   NS_SS1241  5 0.0011 0.0190 0.9799 
   NS_SS1256  5 0.0351 0.7359 0.2290 
   NS_SS1260  5 0.0725 0.1036 0.8239 
   NS_SS1262  5 0.1806 0.0881 0.7313 
   NS_SS1230  5 0.0066 0.1527 0.8407 
   NS_SS1270  5 0.0017 0.9546 0.0438 
   NS_SS1229  5 0.0038 0.7082 0.2880 
   NS_SS1246  5 0.0028 0.0357 0.9615 
   NS_SS1269  5 0.0021 0.7843 0.2137 
   NS_SS1239  5 0.0045 0.8135 0.1820 
   NS_SS1272  5 0.0045 0.9425 0.0529 
   NS_SS1268  5 0.0018 0.8164 0.1818 
   NS_SS1249  5 0.0100 0.0106 0.9794 
   HI_SS0559  6 0.0016 0.0955 0.9029 
   HI_SS0563  6 0.0027 0.6734 0.3240 
   HI_SS0564  6 0.0539 0.7538 0.1922 
   HI_SS0565  6 0.0035 0.3364 0.6601 
   HI_SS0569  6 0.0021 0.0132 0.9848 
   HI_SS0570  6 0.0327 0.0156 0.9517 
   HI_SS0572  6 0.0021 0.9363 0.0617 
   HI_SS0576  6 0.0059 0.8587 0.1354 
   HI_SS0579  6 0.0172 0.0323 0.9505 
   HI_SS0580  6 0.0042 0.2424 0.7534 
   HI_SS0581  6 0.0506 0.9374 0.0120 
   HI_SS0583  6 0.0027 0.4056 0.5918 
   HI_SS0586  6 0.0010 0.0117 0.9873 
   HI_SS0588  6 0.0164 0.0406 0.9430 
   HI_SS0595  6 0.0237 0.0996 0.8768 
   HI_SS0596  6 0.0018 0.9654 0.0328 
   HI_SS0597  6 0.0016 0.9832 0.0152 
   HI_SS0600  6 0.0032 0.3249 0.6719 
   HI_SS0601  6 0.0119 0.1071 0.8810 
   HI_SS0602  6 0.0026 0.1313 0.8661 
   HI_SS0604  6 0.0016 0.8133 0.1850 
   HI_SS0605  6 0.0073 0.2737 0.7190 
   HI_SS0608  6 0.0011 0.1701 0.8288 
   HI_SS0609  6 0.0007 0.9662 0.0332 
   HI_SS0611  6 0.0025 0.0607 0.9368 
   HI_SS0612  6 0.0074 0.0914 0.9012 
   HI_SS0613  6 0.0014 0.8532 0.1454 
   HI_SS0615  6 0.0088 0.9449 0.0463 
   HI_SS0001  6 0.0045 0.1970 0.7985 
   HI_SS0002  6 0.0227 0.9334 0.0439 
   HI_SS0004  6 0.0048 0.1509 0.8443 
   HI_SS0005  6 0.0057 0.7913 0.2030 
   HI_SS0006  6 0.0014 0.4071 0.5915 
   HI_SS0007  6 0.0023 0.0158 0.9819 
   HI_SS0008  6 0.0430 0.2239 0.7331 
   HI_SS0009  6 0.0039 0.8197 0.1764 
   HI_SS0010  6 0.0030 0.0443 0.9526 
   HI_SS0011  6 0.0786 0.8568 0.0646 
   HI_SS0012  6 0.0039 0.9353 0.0608 
   HI_SS0017  6 0.0017 0.9458 0.0525 
   HI_SS0021  6 0.2393 0.5243 0.2364 
   HI_SS0024  6 0.0017 0.9618 0.0365 
   HI_SS0025  6 0.0031 0.9699 0.0271 
   HI_SS0027  6 0.0107 0.0134 0.9760 
   HI_SS0028  6 0.0013 0.9897 0.0090 
   HI_SS0029  6 0.0064 0.9274 0.0663 
   HI_SS0030  6 0.0043 0.0261 0.9695 
   HI_SS0031  6 0.0036 0.2617 0.7347 
   HI_SS0034  6 0.0044 0.0087 0.9869 
   HI_SS0036  6 0.0112 0.0262 0.9626 
   HI_SS0037  6 0.0039 0.3800 0.6161 
   HI_SS0039  6 0.0028 0.0594 0.9377 
   HI_SS0041  6 0.0016 0.9829 0.0155 
   HI_SS0042  6 0.1043 0.8408 0.0549 
   HI_SS0043  6 0.0026 0.0065 0.9910 
   HI_SS0044  6 0.0021 0.7703 0.2276 
   HI_SS0047  6 0.0020 0.8650 0.1330 
   HI_SS0049  6 0.0036 0.8371 0.1594 
   HI_SS0051  6 0.0021 0.7766 0.2213 
   HI_SS0053  6 0.0040 0.0095 0.9865 
   HI_SS0054  6 0.0027 0.0076 0.9896 
   HI_SS0057  6 0.0029 0.4189 0.5782 
   HI_SS0058  6 0.0058 0.3426 0.6515 
   HI_SS0060  6 0.0869 0.1087 0.8044 
   HI_SS0087  6 0.0023 0.6173 0.3804 
   HI_SS0091  6 0.0011 0.0156 0.9834 
   HI_SS0095  6 0.0600 0.1951 0.7449 
   HI_SS0097  6 0.0045 0.4764 0.5192 
   HI_SS0099  6 0.0032 0.9763 0.0205 
   HI_SS0103  6 0.0026 0.8592 0.1382 
   HI_SS0105  6 0.0206 0.8719 0.1074 
   HI_SS0107  6 0.0008 0.9804 0.0188 
   HI_SS0108  6 0.0161 0.0056 0.9783 
   HI_SS0110  6 0.0012 0.2257 0.7731 
   HI_SS0111  6 0.0218 0.9184 0.0597 
   HI_SS0112  6 0.0011 0.0063 0.9926 
   HI_SS0113  6 0.0026 0.9897 0.0077 
   HI_SS0114  6 0.0051 0.0516 0.9433 
   HI_SS0115  6 0.0146 0.2933 0.6921 
   HI_SS0116  6 0.0037 0.1031 0.8932 
   HI_SS0117  6 0.0018 0.1369 0.8613 
   HI_SS0118  6 0.0107 0.4307 0.5586 
   HI_SS0119  6 0.0017 0.0324 0.9659 
   HI_SS0120  6 0.0030 0.9875 0.0095 
   HI_SS0121  6 0.0013 0.9898 0.0088 
   HI_SS0122  6 0.0179 0.9076 0.0744 
   HI_SS0123  6 0.0045 0.7645 0.2309 
   HI_SS0124  6 0.0024 0.9777 0.0199 
   HI_SS0125  6 0.0316 0.9425 0.0259 
   HI_SS0126  6 0.0008 0.0103 0.9889 
   HI_SS0127  6 0.0101 0.2116 0.7783 
   HI_SS0128  6 0.0027 0.4069 0.5904 
   HI_SS0129  6 0.0094 0.5108 0.4798 
   HI_SS0131  6 0.0330 0.4460 0.5210 
   HI_SS0132  6 0.0006 0.3828 0.6166 
   HI_SS0133  6 0.0011 0.0045 0.9945 
   HI_SS0134  6 0.0016 0.2177 0.7807 
   HI_SS0142  6 0.0149 0.8666 0.1185 
   HI_SS0145  6 0.0012 0.0611 0.9377 
   HI_SS0146  6 0.0011 0.0187 0.9802 
   HI_SS0147  6 0.0165 0.9749 0.0085 
   HI_SS0149  6 0.0044 0.5109 0.4847 
   HI_SS0150  6 0.0038 0.9789 0.0173 
   HI_SS0151  6 0.0143 0.1263 0.8594 
   NS_SS1451  6 0.0027 0.9865 0.0108 
   NS_SS1404  6 0.0088 0.9666 0.0246 
   NS_SS1432  6 0.0278 0.9612 0.0110 
   NS_SS1405  6 0.0029 0.9038 0.0933 
   NS_SS1431  6 0.0008 0.9748 0.0244 
   NS_SS1402  6 0.0024 0.8287 0.1689 
   NS_SS1450  6 0.0037 0.0980 0.8983 
   NS_SS1396  6 0.0041 0.9701 0.0258 
   NS_SS1393  6 0.0036 0.5618 0.4346 
   NS_SS1392  6 0.0139 0.8842 0.1019 
   NS_SS1445  6 0.0098 0.0687 0.9215 
   NS_SS1423  6 0.0013 0.0240 0.9747 
   NS_SS1421  6 0.1047 0.1693 0.7260 
   NS_SS1411  6 0.0016 0.0544 0.9441 
   NS_SS1453  6 0.0061 0.3166 0.6773 
   NS_SS1442  6 0.0035 0.7610 0.2355 
   NS_SS1422  6 0.0124 0.1892 0.7985 
   NS_SS1419  6 0.1603 0.7582 0.0815 
   NS_SS1427  6 0.0017 0.0054 0.9929 
   NS_SS1444  6 0.0030 0.9806 0.0164 
   NS_SS1455  6 0.0012 0.9906 0.0082 
   NS_SS1425  6 0.0013 0.0111 0.9875 
   NS_SS1400  6 0.0012 0.0666 0.9321 
   NS_SS1406  6 0.0078 0.9754 0.0168 
   NS_SS1417  6 0.0066 0.8277 0.1657 
   NS_SS1454  6 0.0013 0.6115 0.3873 
   NS_SS1412  6 0.0216 0.3709 0.6075 
   NS_SS1438  6 0.0012 0.0179 0.9809 
   NS_SS1416  6 0.0051 0.9797 0.0152 
   NS_SS1401  6 0.0095 0.8815 0.1089 
   NS_SS1424  6 0.0134 0.2656 0.7210 
   NS_SS1435  6 0.0026 0.2411 0.7563 
   NS_SS1447  6 0.0044 0.9857 0.0100 
   NS_SS1414  6 0.0054 0.9794 0.0152 
   NS_SS1449  6 0.0043 0.4299 0.5657 
   NS_SS1443  6 0.0014 0.0053 0.9933 
   NS_SS1434  6 0.0006 0.1238 0.8756 
   NS_SS1398  6 0.0223 0.5409 0.4367 
   NS_SS1426  6 0.0020 0.0094 0.9887 
   NS_SS1413  6 0.0086 0.0073 0.9841 
   NS_SS1395  6 0.0091 0.0179 0.9730 
   NS_SS1448  6 0.0019 0.1739 0.8242 
   NS_SS1446  6 0.0028 0.6698 0.3273 
   NS_SS1403  6 0.0055 0.7330 0.2615 
   NS_SS1415  6 0.0083 0.0108 0.9809 
   NS_SS1437  6 0.0085 0.7356 0.2559 
   NS_SS1439  6 0.0024 0.8871 0.1105 
   NS_SS1441  6 0.0020 0.0320 0.9660 
   NS_SS1420  6 0.0029 0.9855 0.0116 
   NS_SS1394  6 0.0305 0.9211 0.0484 
   NS_SS1391  6 0.0124 0.1446 0.8430 
   NS_SS1410  6 0.0139 0.6852 0.3008 
   NS_SS1408  6 0.0562 0.3819 0.5620 
   NS_SS1409  6 0.0021 0.6187 0.3792 
   HI_SS0617  7 0.0012 0.4683 0.5305 
   HI_SS0618  7 0.0022 0.9223 0.0755 
   HI_SS0619  7 0.0028 0.8184 0.1788 
   HI_SS0620  7 0.0021 0.0066 0.9914 
   HI_SS0621  7 0.0112 0.9514 0.0375 
   HI_SS0622  7 0.0115 0.4077 0.5809 
   HI_SS0626  7 0.0076 0.8153 0.1770 
   HI_SS0627  7 0.0058 0.9827 0.0115 
   HI_SS0628  7 0.0526 0.6354 0.3120 
   HI_SS0629  7 0.0056 0.5590 0.4354 
   HI_SS0630  7 0.0518 0.1254 0.8229 
   HI_SS0631  7 0.0007 0.0163 0.9830 
   HI_SS0632  7 0.0029 0.5435 0.4536 
   HI_SS0633  7 0.0026 0.9782 0.0192 
   HI_SS0634  7 0.0019 0.8291 0.1689 
   HI_SS0635  7 0.0069 0.9312 0.0618 
   HI_SS0637  7 0.0027 0.8702 0.1270 
   HI_SS0638  7 0.0011 0.4783 0.5206 
   HI_SS0639  7 0.0324 0.9495 0.0181 
   HI_SS0640  7 0.0017 0.0535 0.9448 
   HI_SS0641  7 0.0055 0.1077 0.8868 
   HI_SS0642  7 0.0019 0.4777 0.5203 
   HI_SS0645  7 0.0007 0.9828 0.0164 
   HI_SS0646  7 0.0028 0.3430 0.6542 
   HI_SS0647  7 0.0010 0.3783 0.6207 
   HI_SS0648  7 0.0027 0.1682 0.8291 
   HI_SS0649  7 0.0018 0.8888 0.1094 
   HI_SS0650  7 0.0035 0.8819 0.1147 
   HI_SS0651  7 0.0044 0.1396 0.8560 
   HI_SS0652  7 0.0032 0.9773 0.0195 
   NS_SS1371  7 0.0053 0.0244 0.9703 
   NS_SS1374  7 0.0027 0.1722 0.8251 
   NS_SS1337  7 0.0028 0.9695 0.0277 
   NS_SS1385  7 0.0046 0.5984 0.3970 
   NS_SS1388  7 0.0056 0.9497 0.0446 
   NS_SS1370  7 0.0090 0.8347 0.1563 
   NS_SS1389  7 0.0031 0.9818 0.0151 
   NS_SS1360  7 0.0046 0.0317 0.9637 
   NS_SS1330  7 0.0030 0.9808 0.0163 
   NS_SS1328  7 0.0020 0.0233 0.9747 
   NS_SS1384  7 0.0035 0.0463 0.9502 
   NS_SS1381  7 0.0008 0.9655 0.0337 
   NS_SS1375  7 0.0010 0.9695 0.0295 
   NS_SS1319  7 0.1040 0.3518 0.5442 
   NS_SS1326  7 0.0098 0.0511 0.9391 
   NS_SS1341  7 0.0045 0.4620 0.5335 
   NS_SS1383  7 0.0041 0.3842 0.6117 
   NS_SS1318  7 0.0123 0.9086 0.0791 
   NS_SS1348  7 0.0015 0.0081 0.9904 
   NS_SS1363  7 0.0040 0.9216 0.0744 
   NS_SS1335  7 0.0258 0.0122 0.9620 
   NS_SS1358  7 0.0151 0.0655 0.9194 
   NS_SS1342  7 0.0014 0.1049 0.8936 
   NS_SS1320  7 0.0053 0.9864 0.0083 
   NS_SS1355  7 0.0111 0.9658 0.0231 
   NS_SS1345  7 0.0197 0.5211 0.4593 
   NS_SS1324  7 0.0024 0.0798 0.9178 
   NS_SS1347  7 0.0039 0.0371 0.9589 
   NS_SS1321  7 0.0012 0.2711 0.7277 
   NS_SS1333  7 0.0032 0.3663 0.6305 
   NS_SS1364  7 0.0021 0.0665 0.9313 
   NS_SS1379  7 0.0437 0.8464 0.1099 
   NS_SS1332  7 0.0043 0.0080 0.9877 
   NS_SS1338  7 0.0074 0.1598 0.8328 
   NS_SS1368  7 0.0047 0.1295 0.8658 
   NS_SS1354  7 0.0098 0.9195 0.0707 
   NS_SS1365  7 0.0074 0.8574 0.1352 
   NS_SS1380  7 0.0172 0.9706 0.0122 
   NS_SS1329  7 0.0031 0.1369 0.8600 
   NS_SS1362  7 0.0044 0.4520 0.5436 
   NS_SS1327  7 0.0028 0.0052 0.9920 
   NS_SS1350  7 0.0100 0.0885 0.9014 
   NS_SS1387  7 0.0024 0.9646 0.0330 
   NS_SS1369  7 0.0036 0.0421 0.9544 
   NS_SS1331  7 0.0070 0.8977 0.0952 
   NS_SS1357  7 0.0031 0.2264 0.7704 
   NS_SS1386  7 0.0023 0.0062 0.9915 
   NS_SS1353  7 0.0032 0.8810 0.1158 
   NS_SS1323  7 0.0664 0.8237 0.1099 
   HI_SS0296  8 0.0018 0.0213 0.9770 
   HI_SS0297  8 0.0008 0.3199 0.6793 
   HI_SS0299  8 0.0355 0.4350 0.5295 
   HI_SS0300  8 0.0012 0.1732 0.8256 
   HI_SS0301  8 0.0037 0.7045 0.2918 
   HI_SS0302  8 0.0172 0.0306 0.9522 
   HI_SS0303  8 0.0056 0.0165 0.9779 
   HI_SS0304  8 0.0020 0.9695 0.0285 
   HI_SS0306  8 0.0030 0.0067 0.9903 
   HI_SS0307  8 0.0062 0.9648 0.0289 
   HI_SS0308  8 0.0859 0.4824 0.4317 
   HI_SS0309  8 0.0028 0.9016 0.0956 
   HI_SS0310  8 0.0066 0.6529 0.3405 
   HI_SS0311  8 0.0019 0.7466 0.2515 
   HI_SS0314  8 0.0013 0.2428 0.7560 
   HI_SS0316  8 0.0042 0.0930 0.9028 
   HI_SS0317  8 0.0021 0.6756 0.3223 
   HI_SS0318  8 0.1961 0.0407 0.7632 
   HI_SS0319  8 0.0036 0.0067 0.9897 
   HI_SS0320  8 0.0010 0.9850 0.0141 
   HI_SS0321  8 0.0019 0.0687 0.9293 
   HI_SS0323  8 0.0013 0.6566 0.3421 
   HI_SS0325  8 0.0017 0.0933 0.9050 
   HI_SS0327  8 0.0012 0.0075 0.9913 
   HI_SS0329  8 0.0012 0.9432 0.0556 
   HI_SS0333  8 0.0024 0.8148 0.1828 
   HI_SS0334  8 0.0012 0.0271 0.9717 
   HI_SS0335  8 0.0180 0.9101 0.0719 
   HI_SS0339  8 0.0097 0.9237 0.0667 
   HI_SS0343  8 0.0016 0.8224 0.1760 
   HI_SS0344  8 0.0024 0.0047 0.9929 
   HI_SS0345  8 0.0061 0.9031 0.0908 
   HI_SS0346  8 0.0032 0.8462 0.1506 
   HI_SS0350  8 0.0075 0.9842 0.0083 
   HI_SS0351  8 0.0027 0.7373 0.2600 
   HI_SS0352  8 0.0900 0.8773 0.0327 
   HI_SS0362  8 0.0020 0.1040 0.8940 
   HI_SS0363  8 0.0031 0.0150 0.9819 
   HI_SS0365  8 0.0042 0.0476 0.9482 
   HI_SS0366  8 0.0017 0.0187 0.9796 
   HI_SS0367  8 0.0020 0.9899 0.0081 
   HI_SS0369  8 0.0018 0.9833 0.0149 
   HI_SS0370  8 0.0030 0.1666 0.8304 
   HI_SS0371  8 0.0038 0.1005 0.8957 
   HI_SS0373  8 0.0107 0.6940 0.2953 
   HI_SS0374  8 0.0222 0.9520 0.0258 
   HI_SS0377  8 0.0810 0.0446 0.8744 
   HI_SS0379  8 0.0010 0.0037 0.9954 
   HI_SS0380  8 0.0061 0.9407 0.0532 
   HI_SS0381  8 0.0035 0.9779 0.0187 
   HI_SS0384  8 0.0067 0.1787 0.8145 
   HI_SS0385  8 0.0010 0.5691 0.4299 
   HI_SS0386  9 0.9969 0.0014 0.0017 
   HI_SS0387  9 0.9745 0.0123 0.0132 
   HI_SS0389  9 0.9931 0.0036 0.0033 
   HI_SS0390  9 0.9966 0.0015 0.0019 
   HI_SS0391  9 0.9955 0.0027 0.0018 
   HI_SS0392  9 0.9969 0.0016 0.0015 
   HI_SS0393  9 0.9972 0.0014 0.0014 
   HI_SS0394  9 0.9973 0.0013 0.0014 
   HI_SS0395  9 0.9931 0.0034 0.0035 
   HI_SS0396  9 0.9820 0.0110 0.0071 
   HI_SS0398  9 0.9894 0.0053 0.0053 
   HI_SS0399  9 0.9978 0.0009 0.0013 
   HI_SS0400  9 0.9960 0.0023 0.0018 
   HI_SS0401  9 0.9972 0.0014 0.0014 
   HI_SS0402  9 0.9975 0.0012 0.0012 
   HI_SS0403  9 0.9971 0.0016 0.0013 
   HI_SS0404  9 0.9977 0.0012 0.0011 
   HI_SS0405  9 0.9653 0.0203 0.0144 
   HI_SS0406  9 0.9960 0.0018 0.0021 
   HI_SS0407  9 0.9864 0.0075 0.0060 
   HI_SS0408  9 0.9980 0.0012 0.0008 
   HI_SS0409  9 0.9947 0.0029 0.0024 
   HI_SS0411  9 0.9953 0.0023 0.0024 
   HI_SS0412  9 0.8196 0.1058 0.0746 
   HI_SS0413  9 0.9958 0.0022 0.0020 
   HI_SS0414  9 0.9694 0.0193 0.0114 
   HI_SS0415  9 0.9967 0.0014 0.0019 
   HI_SS0416  9 0.9943 0.0030 0.0027 
   HI_SS0418  9 0.9906 0.0044 0.0050 
   HI_SS0419  9 0.9947 0.0032 0.0022 
   HI_SS0420  9 0.9960 0.0018 0.0021 
   HI_SS0421  9 0.9924 0.0037 0.0038 
   HI_SS0422  9 0.9972 0.0016 0.0012 
   HI_SS0423  9 0.9928 0.0032 0.0040 
   HI_SS0424  9 0.9970 0.0015 0.0015 
   HI_SS0425  9 0.9945 0.0034 0.0021 
   NS_SS1146 10 0.9959 0.0018 0.0023 
   NS_SS1157 10 0.9895 0.0049 0.0055 
   NS_SS1144 10 0.9584 0.0187 0.0228 
   NS_SS1074 10 0.9935 0.0029 0.0036 
   NS_SS1122 10 0.9922 0.0034 0.0044 
   NS_SS1136 10 0.9978 0.0012 0.0010 
   NS_SS1077 10 0.9987 0.0006 0.0007 
   NS_SS1134 10 0.9809 0.0097 0.0094 
   NS_SS1091 10 0.9961 0.0022 0.0017 
   NS_SS1089 10 0.9942 0.0024 0.0034 
   NS_SS1123 10 0.9973 0.0014 0.0013 
   NS_SS1158 10 0.9982 0.0010 0.0008 
   NS_SS1093 10 0.9957 0.0019 0.0024 
   NS_SS1102 10 0.9899 0.0059 0.0042 
   NS_SS1056 10 0.9967 0.0019 0.0014 
   NS_SS1126 10 0.9946 0.0028 0.0027 
   NS_SS1058 10 0.9930 0.0035 0.0034 
   NS_SS1084 10 0.9975 0.0013 0.0012 
   NS_SS1095 10 0.9885 0.0050 0.0064 
   NS_SS1079 10 0.9970 0.0014 0.0016 
   NS_SS1149 10 0.9955 0.0022 0.0023 
   NS_SS1121 10 0.9972 0.0016 0.0012 
   NS_SS1067 10 0.9903 0.0053 0.0044 
   NS_SS1081 10 0.9954 0.0023 0.0023 
   NS_SS1130 10 0.9944 0.0032 0.0024 
   NS_SS1073 10 0.9955 0.0025 0.0020 
   NS_SS1133 10 0.9866 0.0101 0.0033 
   NS_SS1129 10 0.9973 0.0014 0.0013 
   NS_SS1085 10 0.9959 0.0020 0.0021 
   NS_SS1137 10 0.9916 0.0038 0.0046 
   NS_SS1135 10 0.9975 0.0014 0.0011 
   NS_SS1082 10 0.9973 0.0016 0.0011 
   NS_SS1125 10 0.9979 0.0011 0.0010 
   NS_SS1124 10 0.9873 0.0070 0.0057 
   NS_SS1155 10 0.9846 0.0065 0.0089 
   NS_SS1145 10 0.9967 0.0016 0.0017 
