   NS_SS0963  1 0.0776 0.4178 0.0052 0.4994 
   NS_SS0983  1 0.9523 0.0261 0.0041 0.0175 
   NS_SS0719  1 0.0265 0.9631 0.0038 0.0066 
   NS_SS1001  1 0.3619 0.1905 0.0063 0.4412 
   NS_SS0936  1 0.0594 0.4013 0.0025 0.5368 
   NS_SS0955  1 0.9047 0.0370 0.0039 0.0544 
   NS_SS0944  1 0.6890 0.0171 0.0019 0.2920 
   NS_SS0945  1 0.1550 0.2025 0.0098 0.6327 
   NS_SS0922  1 0.0063 0.9252 0.0206 0.0479 
   NS_SS0929  1 0.6044 0.2157 0.0033 0.1767 
   NS_SS0956  1 0.0122 0.9503 0.0034 0.0341 
   NS_SS0906  1 0.0973 0.2434 0.0030 0.6562 
   NS_SS0721  1 0.0356 0.9502 0.0042 0.0100 
   NS_SS0982  1 0.0287 0.4190 0.0181 0.5342 
   NS_SS0923  1 0.0100 0.9543 0.0036 0.0320 
   NS_SS0905  1 0.1905 0.7330 0.0018 0.0746 
   NS_SS0925  1 0.0446 0.3815 0.0043 0.5696 
   NS_SS0947  1 0.0156 0.1263 0.0044 0.8538 
   NS_SS0926  1 0.9748 0.0134 0.0011 0.0107 
   NS_SS0918  1 0.0782 0.2727 0.0024 0.6467 
   NS_SS0966  1 0.0905 0.0414 0.0513 0.8167 
   NS_SS0938  1 0.0292 0.1655 0.0012 0.8041 
   NS_SS0917  1 0.1204 0.8254 0.0313 0.0230 
   NS_SS0957  1 0.0271 0.4351 0.0050 0.5328 
   NS_SS0987  1 0.0316 0.7111 0.2284 0.0289 
   NS_SS0717  1 0.0157 0.3366 0.0023 0.6453 
   NS_SS0986  1 0.0395 0.1492 0.0032 0.8081 
   NS_SS0953  1 0.0148 0.0200 0.0138 0.9514 
   NS_SS0907  1 0.1024 0.0343 0.0325 0.8308 
   NS_SS0974  1 0.8653 0.0460 0.0032 0.0854 
   NS_SS0989  1 0.9506 0.0178 0.0010 0.0305 
   NS_SS0991  1 0.9347 0.0165 0.0019 0.0468 
   NS_SS0994  1 0.9837 0.0078 0.0016 0.0069 
   NS_SS0931  1 0.7903 0.1698 0.0087 0.0313 
   NS_SS1000  1 0.0107 0.1081 0.0031 0.8780 
   NS_SS0919  1 0.3440 0.6175 0.0032 0.0353 
   NS_SS0949  1 0.9750 0.0147 0.0013 0.0090 
   NS_SS0960  1 0.4231 0.5412 0.0065 0.0291 
   NS_SS0716  1 0.0061 0.7649 0.0061 0.2229 
   NS_SS0924  1 0.4295 0.4969 0.0189 0.0547 
   NS_SS0935  1 0.9626 0.0195 0.0091 0.0089 
   NS_SS0952  1 0.8180 0.0364 0.0395 0.1061 
   NS_SS0962  1 0.0099 0.7748 0.0063 0.2090 
   NS_SS0973  1 0.7589 0.1126 0.0045 0.1240 
   NS_SS0722  1 0.0102 0.0447 0.0020 0.9431 
   NS_SS0979  1 0.0214 0.2266 0.0019 0.7502 
   NS_SS0993  1 0.0401 0.1005 0.0163 0.8431 
   NS_SS0958  1 0.7535 0.0786 0.0027 0.1651 
   NS_SS0988  1 0.0836 0.4348 0.0043 0.4773 
   NS_SS1003  1 0.0101 0.7171 0.0090 0.2638 
   NS_SS0976  1 0.7793 0.0844 0.0020 0.1343 
   NS_SS0964  1 0.0206 0.3531 0.0025 0.6238 
   NS_SS0939  1 0.0051 0.9760 0.0033 0.0156 
   NS_SS0990  1 0.0780 0.2753 0.0030 0.6437 
   NS_SS0984  1 0.0058 0.9620 0.0016 0.0305 
   NS_SS0980  1 0.2293 0.5952 0.0021 0.1733 
   NS_SS0978  1 0.0752 0.7129 0.0027 0.2092 
   NS_SS0951  1 0.7314 0.0509 0.0030 0.2148 
   NS_SS0913  1 0.0619 0.1483 0.0410 0.7488 
   NS_SS1002  1 0.0062 0.0273 0.0309 0.9356 
   NS_SS0948  1 0.1324 0.0636 0.0362 0.7679 
   NS_SS0916  1 0.1606 0.8105 0.0039 0.0251 
   NS_SS0995  1 0.0156 0.9523 0.0024 0.0298 
   NS_SS0927  1 0.1524 0.7949 0.0053 0.0474 
   NS_SS0992  1 0.5028 0.2812 0.0030 0.2130 
   NS_SS0912  1 0.5950 0.2671 0.0028 0.1352 
   NS_SS0981  1 0.0468 0.5474 0.0035 0.4023 
   NS_SS0729  2 0.9809 0.0053 0.0030 0.0108 
   NS_SS0967  2 0.0902 0.4162 0.0116 0.4820 
   NS_SS0941  2 0.1746 0.5567 0.0696 0.1991 
   NS_SS0768  2 0.0144 0.0429 0.0043 0.9384 
   NS_SS0726  2 0.9098 0.0510 0.0082 0.0311 
   NS_SS0763  2 0.9562 0.0156 0.0021 0.0261 
   NS_SS0730  2 0.0068 0.9360 0.0026 0.0546 
   NS_SS0774  2 0.0056 0.4242 0.0008 0.5695 
   NS_SS0723  2 0.0071 0.9258 0.0015 0.0656 
   NS_SS0940  2 0.2848 0.6911 0.0057 0.0183 
   NS_SS0762  2 0.0290 0.3365 0.0025 0.6320 
   NS_SS0766  2 0.0573 0.9160 0.0104 0.0163 
   NS_SS0724  2 0.0195 0.0285 0.0036 0.9485 
   NS_SS0769  2 0.0425 0.4590 0.0040 0.4946 
   NS_SS0777  2 0.3539 0.2484 0.0115 0.3861 
   NS_SS0734  2 0.1595 0.7824 0.0218 0.0363 
   NS_SS0737  2 0.0077 0.5142 0.0048 0.4734 
   NS_SS0732  2 0.0169 0.9609 0.0044 0.0178 
   NS_SS0728  2 0.0742 0.6898 0.0096 0.2263 
   NS_SS0735  2 0.0580 0.3354 0.0093 0.5973 
   NS_SS0725  2 0.0744 0.0495 0.0066 0.8695 
   NS_SS0788  2 0.0087 0.9673 0.0013 0.0227 
   NS_SS0778  2 0.0501 0.9244 0.0014 0.0240 
   NS_SS0792  2 0.2325 0.2437 0.0048 0.5191 
   NS_SS0943  2 0.9598 0.0077 0.0065 0.0260 
   NS_SS0791  2 0.0620 0.9194 0.0114 0.0072 
   NS_SS0790  2 0.0041 0.0116 0.0032 0.9811 
   NS_SS0731  2 0.0088 0.0683 0.0094 0.9135 
   NS_SS0727  2 0.9529 0.0172 0.0019 0.0280 
   NS_SS0779  2 0.0973 0.5345 0.0053 0.3629 
   NS_SS0776  2 0.1008 0.0306 0.0054 0.8632 
   NS_SS0775  2 0.0117 0.8415 0.0054 0.1415 
   NS_SS0965  3 0.0456 0.8546 0.0015 0.0983 
   NS_SS0754  3 0.8771 0.0745 0.0131 0.0353 
   NS_SS0838  3 0.1276 0.1364 0.0365 0.6995 
   NS_SS0839  3 0.0071 0.1933 0.0031 0.7965 
   NS_SS0832  3 0.0047 0.0974 0.0382 0.8598 
   NS_SS0820  3 0.0052 0.4057 0.0061 0.5829 
   NS_SS0886  3 0.1627 0.7975 0.0018 0.0380 
   NS_SS0748  3 0.2807 0.1164 0.0076 0.5953 
   NS_SS0884  3 0.0922 0.4718 0.0221 0.4138 
   NS_SS0752  3 0.1398 0.6681 0.0020 0.1901 
   NS_SS0862  3 0.0114 0.9152 0.0030 0.0704 
   NS_SS0787  3 0.9703 0.0166 0.0053 0.0077 
   NS_SS0843  3 0.2234 0.1084 0.0017 0.6665 
   NS_SS0856  3 0.0279 0.1789 0.0028 0.7904 
   NS_SS0846  3 0.2365 0.0244 0.0025 0.7366 
   NS_SS0825  3 0.0311 0.8583 0.0079 0.1028 
   NS_SS0757  3 0.6873 0.2147 0.0038 0.0941 
   NS_SS0876  3 0.0151 0.1634 0.2139 0.6076 
   NS_SS0903  3 0.0315 0.3527 0.0023 0.6135 
   NS_SS0875  3 0.0115 0.9481 0.0026 0.0378 
   NS_SS0740  3 0.6599 0.1421 0.0034 0.1945 
   NS_SS0811  3 0.0508 0.3614 0.0079 0.5799 
   NS_SS0751  3 0.0304 0.8600 0.0019 0.1077 
   NS_SS0891  3 0.0173 0.2401 0.0049 0.7378 
   NS_SS0867  3 0.7187 0.1361 0.0319 0.1134 
   NS_SS0890  3 0.2091 0.7287 0.0037 0.0585 
   NS_SS0866  3 0.9524 0.0162 0.0057 0.0257 
   NS_SS0755  3 0.1757 0.3302 0.0059 0.4882 
   NS_SS0758  3 0.1179 0.1991 0.0019 0.6810 
   NS_SS0840  3 0.0102 0.3729 0.0022 0.6147 
   NS_SS0889  3 0.9230 0.0261 0.0020 0.0489 
   NS_SS1010  3 0.1464 0.4753 0.0405 0.3378 
   NS_SS0888  3 0.9681 0.0239 0.0016 0.0064 
   NS_SS0837  3 0.1601 0.3168 0.0023 0.5208 
   NS_SS0794  3 0.8870 0.0149 0.0020 0.0961 
   NS_SS0823  3 0.0098 0.0151 0.0029 0.9722 
   NS_SS0829  3 0.8687 0.0112 0.1051 0.0150 
   NS_SS0844  3 0.0083 0.0134 0.0018 0.9766 
   NS_SS1008  3 0.9228 0.0326 0.0118 0.0328 
   NS_SS0881  3 0.0429 0.9369 0.0020 0.0182 
   NS_SS0834  3 0.0067 0.0135 0.0056 0.9743 
   NS_SS0744  3 0.1097 0.7577 0.0055 0.1271 
   NS_SS0899  3 0.0060 0.0265 0.0013 0.9661 
   NS_SS0804  3 0.0067 0.2289 0.0037 0.7606 
   NS_SS0781  3 0.0052 0.0359 0.0028 0.9561 
   NS_SS0822  3 0.7492 0.0134 0.0017 0.2357 
   NS_SS1004  3 0.1583 0.1514 0.0043 0.6861 
   NS_SS0746  3 0.1265 0.0211 0.0107 0.8417 
   NS_SS0880  3 0.1418 0.4823 0.0015 0.3744 
   NS_SS0879  3 0.0332 0.0484 0.0137 0.9047 
   NS_SS0753  3 0.9539 0.0206 0.0094 0.0162 
   NS_SS1007  3 0.0102 0.9829 0.0013 0.0056 
   NS_SS0872  3 0.0070 0.0506 0.0017 0.9407 
   NS_SS1005  3 0.0087 0.0307 0.0010 0.9597 
   NS_SS0892  3 0.0785 0.7601 0.0020 0.1594 
   NS_SS0898  3 0.4145 0.5557 0.0061 0.0236 
   NS_SS0801  3 0.0296 0.2716 0.0097 0.6890 
   NS_SS0827  3 0.1092 0.7450 0.1079 0.0380 
   NS_SS0853  3 0.1331 0.3415 0.0061 0.5193 
   NS_SS0780  3 0.0111 0.9054 0.0030 0.0804 
   NS_SS0826  3 0.0417 0.0086 0.0029 0.9468 
   NS_SS0818  3 0.0106 0.9169 0.0014 0.0711 
   NS_SS0745  3 0.0079 0.5392 0.0012 0.4517 
   NS_SS0849  3 0.0290 0.9318 0.0014 0.0378 
   NS_SS0739  3 0.0060 0.9802 0.0077 0.0061 
   NS_SS0799  3 0.9305 0.0532 0.0011 0.0152 
   NS_SS0756  3 0.0096 0.1650 0.0028 0.8226 
   NS_SS0802  3 0.1424 0.5888 0.1926 0.0762 
   NS_SS0747  3 0.1577 0.3290 0.0068 0.5065 
   NS_SS0835  3 0.7978 0.1635 0.0011 0.0375 
   NS_SS0742  3 0.0502 0.4953 0.0011 0.4534 
   NS_SS0760  3 0.8385 0.0432 0.0479 0.0704 
   NS_SS0803  3 0.0066 0.0099 0.0063 0.9771 
   NS_SS0828  3 0.2531 0.7314 0.0012 0.0142 
   NS_SS0865  3 0.1215 0.7222 0.0271 0.1292 
   NS_SS0759  3 0.0076 0.8911 0.0034 0.0980 
   NS_SS0851  3 0.0067 0.8384 0.0130 0.1419 
   NS_SS0874  3 0.0174 0.0242 0.0014 0.9570 
   NS_SS0761  3 0.8943 0.0494 0.0025 0.0538 
   NS_SS0842  3 0.3298 0.2217 0.0084 0.4401 
   NS_SS0785  3 0.4008 0.2231 0.0050 0.3711 
   NS_SS0860  3 0.8623 0.1153 0.0023 0.0202 
   NS_SS0897  3 0.9751 0.0159 0.0015 0.0074 
   NS_SS0841  3 0.0125 0.9105 0.0032 0.0737 
   NS_SS0797  3 0.4970 0.4307 0.0238 0.0485 
   NS_SS0830  3 0.2713 0.6011 0.0022 0.1254 
   NS_SS1011  3 0.0077 0.0703 0.0051 0.9168 
   NS_SS0883  3 0.1006 0.8850 0.0042 0.0102 
   NS_SS0782  3 0.0601 0.3214 0.0023 0.6162 
   NS_SS0831  3 0.9052 0.0628 0.0028 0.0292 
   NS_SS0749  3 0.2386 0.7452 0.0040 0.0121 
   NS_SS0854  3 0.4978 0.0816 0.0034 0.4171 
   HI_SS0193  4 0.9676 0.0172 0.0015 0.0137 
   HI_SS0194  4 0.0108 0.0174 0.0014 0.9704 
   HI_SS0195  4 0.0048 0.7411 0.0803 0.1738 
   HI_SS0196  4 0.2223 0.3912 0.0024 0.3841 
   HI_SS0197  4 0.0057 0.8417 0.0105 0.1421 
   HI_SS0198  4 0.0400 0.9376 0.0072 0.0153 
   HI_SS0199  4 0.8470 0.1265 0.0025 0.0240 
   HI_SS0201  4 0.9706 0.0123 0.0022 0.0148 
   HI_SS0215  4 0.7388 0.1612 0.0027 0.0973 
   HI_SS0218  4 0.9833 0.0079 0.0047 0.0041 
   HI_SS0222  4 0.0236 0.9355 0.0037 0.0373 
   HI_SS0230  4 0.0218 0.3861 0.0046 0.5874 
   HI_SS0234  4 0.0318 0.4362 0.1390 0.3931 
   HI_SS0240  4 0.0199 0.9644 0.0050 0.0107 
   HI_SS0241  4 0.9047 0.0477 0.0022 0.0454 
   HI_SS0242  4 0.2568 0.5378 0.0032 0.2022 
   HI_SS0247  4 0.0141 0.0113 0.0181 0.9566 
   HI_SS0248  4 0.9790 0.0090 0.0007 0.0114 
   HI_SS0252  4 0.0251 0.0145 0.0024 0.9579 
   HI_SS0254  4 0.8351 0.0375 0.1038 0.0236 
   HI_SS0256  4 0.0041 0.0177 0.0013 0.9768 
   HI_SS0257  4 0.7722 0.0178 0.0028 0.2073 
   HI_SS0258  4 0.9645 0.0199 0.0040 0.0115 
   HI_SS0259  4 0.0130 0.7446 0.0028 0.2396 
   HI_SS0260  4 0.9585 0.0262 0.0015 0.0139 
   HI_SS0261  4 0.8640 0.0752 0.0031 0.0577 
   HI_SS0262  4 0.0132 0.8968 0.0059 0.0841 
   HI_SS0264  4 0.0104 0.3375 0.0032 0.6490 
   HI_SS0265  4 0.0128 0.8047 0.0851 0.0975 
   HI_SS0268  4 0.0101 0.9541 0.0028 0.0330 
   HI_SS0269  4 0.9555 0.0182 0.0015 0.0248 
   HI_SS0273  4 0.9602 0.0209 0.0015 0.0174 
   HI_SS0277  4 0.0221 0.9551 0.0023 0.0205 
   HI_SS0280  4 0.0862 0.8791 0.0040 0.0307 
   HI_SS0282  4 0.9353 0.0337 0.0013 0.0297 
   HI_SS0286  4 0.1846 0.6846 0.0072 0.1235 
   NS_SS1252  5 0.9731 0.0069 0.0031 0.0169 
   NS_SS1261  5 0.0776 0.1628 0.0152 0.7444 
   NS_SS1225  5 0.3908 0.0241 0.0900 0.4951 
   NS_SS1266  5 0.0052 0.0094 0.0077 0.9776 
   NS_SS1228  5 0.0165 0.8967 0.0118 0.0750 
   NS_SS1255  5 0.3395 0.1422 0.0014 0.5169 
   NS_SS1267  5 0.9608 0.0208 0.0139 0.0046 
   NS_SS1238  5 0.1921 0.4176 0.0027 0.3876 
   NS_SS1233  5 0.0352 0.0165 0.0020 0.9463 
   NS_SS1277  5 0.9530 0.0378 0.0010 0.0083 
   NS_SS1245  5 0.6821 0.0254 0.0016 0.2909 
   NS_SS1240  5 0.9744 0.0119 0.0018 0.0119 
   NS_SS1275  5 0.0067 0.1619 0.0025 0.8289 
   NS_SS1235  5 0.0453 0.0104 0.0045 0.9398 
   NS_SS1263  5 0.0344 0.0228 0.0010 0.9418 
   NS_SS1251  5 0.0224 0.0170 0.0012 0.9594 
   NS_SS1248  5 0.2037 0.5844 0.0965 0.1154 
   NS_SS1244  5 0.3611 0.4080 0.0050 0.2259 
   NS_SS1257  5 0.7303 0.1763 0.0312 0.0623 
   NS_SS1242  5 0.0070 0.2093 0.0019 0.7818 
   NS_SS1271  5 0.9578 0.0163 0.0215 0.0045 
   NS_SS1265  5 0.4663 0.0302 0.0206 0.4828 
   NS_SS1243  5 0.0749 0.3439 0.0872 0.4939 
   NS_SS1273  5 0.0079 0.5181 0.0082 0.4658 
   NS_SS1254  5 0.0531 0.0265 0.0059 0.9145 
   NS_SS1224  5 0.0146 0.0707 0.0062 0.9085 
   NS_SS1227  5 0.8743 0.1156 0.0017 0.0083 
   NS_SS1274  5 0.9233 0.0319 0.0177 0.0271 
   NS_SS1241  5 0.8732 0.0149 0.0011 0.1109 
   NS_SS1256  5 0.0596 0.0108 0.0288 0.9008 
   NS_SS1260  5 0.7833 0.1035 0.0693 0.0440 
   NS_SS1262  5 0.7187 0.0485 0.1716 0.0612 
   NS_SS1230  5 0.6447 0.1464 0.0074 0.2016 
   NS_SS1270  5 0.0171 0.0183 0.0021 0.9625 
   NS_SS1229  5 0.0584 0.1031 0.0040 0.8346 
   NS_SS1246  5 0.8244 0.0965 0.0028 0.0763 
   NS_SS1269  5 0.0234 0.8124 0.0022 0.1620 
   NS_SS1239  5 0.1532 0.8161 0.0046 0.0261 
   NS_SS1272  5 0.0074 0.0117 0.0048 0.9760 
   NS_SS1268  5 0.0622 0.5558 0.0021 0.3798 
   NS_SS1249  5 0.9694 0.0083 0.0106 0.0117 
   HI_SS0559  6 0.7851 0.1433 0.0018 0.0698 
   HI_SS0563  6 0.1643 0.7127 0.0026 0.1204 
   HI_SS0564  6 0.0184 0.8769 0.0439 0.0608 
   HI_SS0565  6 0.1316 0.6958 0.0031 0.1695 
   HI_SS0569  6 0.9538 0.0218 0.0022 0.0221 
   HI_SS0570  6 0.8738 0.0470 0.0394 0.0398 
   HI_SS0572  6 0.0079 0.0122 0.0020 0.9779 
   HI_SS0576  6 0.0147 0.9685 0.0047 0.0121 
   HI_SS0579  6 0.5792 0.0305 0.0150 0.3753 
   HI_SS0580  6 0.4195 0.4764 0.0040 0.1002 
   HI_SS0581  6 0.0116 0.5299 0.0593 0.3992 
   HI_SS0583  6 0.8081 0.0164 0.0025 0.1731 
   HI_SS0586  6 0.9809 0.0107 0.0011 0.0073 
   HI_SS0588  6 0.8760 0.0231 0.0213 0.0796 
   HI_SS0595  6 0.1756 0.7814 0.0205 0.0225 
   HI_SS0596  6 0.0082 0.0113 0.0019 0.9787 
   HI_SS0597  6 0.0085 0.0162 0.0017 0.9736 
   HI_SS0600  6 0.3735 0.4489 0.0036 0.1741 
   HI_SS0601  6 0.8832 0.0202 0.0128 0.0839 
   HI_SS0602  6 0.3685 0.5928 0.0022 0.0366 
   HI_SS0604  6 0.0641 0.0482 0.0017 0.8860 
   HI_SS0605  6 0.1186 0.8503 0.0057 0.0254 
   HI_SS0608  6 0.6050 0.3360 0.0011 0.0579 
   HI_SS0609  6 0.0107 0.0321 0.0009 0.9563 
   HI_SS0611  6 0.9539 0.0235 0.0030 0.0197 
   HI_SS0612  6 0.2810 0.0903 0.0061 0.6227 
   HI_SS0613  6 0.0846 0.7961 0.0013 0.1181 
   HI_SS0615  6 0.0120 0.9601 0.0080 0.0199 
   HI_SS0001  6 0.5698 0.1890 0.0045 0.2367 
   HI_SS0002  6 0.0090 0.0137 0.0203 0.9569 
   HI_SS0004  6 0.8191 0.0675 0.0046 0.1087 
   HI_SS0005  6 0.0180 0.9657 0.0055 0.0107 
   HI_SS0006  6 0.4509 0.0155 0.0017 0.5319 
   HI_SS0007  6 0.9135 0.0667 0.0030 0.0169 
   HI_SS0008  6 0.2576 0.5181 0.0379 0.1864 
   HI_SS0009  6 0.0344 0.7666 0.0047 0.1943 
   HI_SS0010  6 0.8467 0.1240 0.0035 0.0257 
   HI_SS0011  6 0.0391 0.1408 0.0814 0.7386 
   HI_SS0012  6 0.0119 0.8879 0.0042 0.0960 
   HI_SS0017  6 0.0235 0.0548 0.0017 0.9200 
   HI_SS0021  6 0.3911 0.2400 0.2453 0.1236 
   HI_SS0024  6 0.0322 0.8301 0.0017 0.1359 
   HI_SS0025  6 0.0124 0.1811 0.0030 0.8035 
   HI_SS0027  6 0.9461 0.0343 0.0111 0.0085 
   HI_SS0028  6 0.0066 0.9508 0.0015 0.0411 
   HI_SS0029  6 0.0171 0.8936 0.0062 0.0831 
   HI_SS0030  6 0.9078 0.0440 0.0054 0.0428 
   HI_SS0031  6 0.0433 0.9272 0.0029 0.0267 
   HI_SS0034  6 0.9366 0.0291 0.0054 0.0289 
   HI_SS0036  6 0.4414 0.5424 0.0102 0.0059 
   HI_SS0037  6 0.8135 0.0472 0.0051 0.1342 
   HI_SS0039  6 0.8059 0.1780 0.0028 0.0132 
   HI_SS0041  6 0.0077 0.8678 0.0016 0.1229 
   HI_SS0042  6 0.0092 0.6718 0.1021 0.2169 
   HI_SS0043  6 0.9769 0.0135 0.0023 0.0073 
   HI_SS0044  6 0.0924 0.7474 0.0021 0.1581 
   HI_SS0047  6 0.0245 0.0258 0.0025 0.9472 
   HI_SS0049  6 0.0499 0.0565 0.0036 0.8899 
   HI_SS0051  6 0.1005 0.6084 0.0023 0.2889 
   HI_SS0053  6 0.9727 0.0132 0.0041 0.0100 
   HI_SS0054  6 0.9787 0.0090 0.0027 0.0096 
   HI_SS0057  6 0.2644 0.1871 0.0036 0.5450 
   HI_SS0058  6 0.1286 0.0202 0.0056 0.8457 
   HI_SS0060  6 0.1687 0.6649 0.0794 0.0870 
   HI_SS0087  6 0.2259 0.1602 0.0023 0.6117 
   HI_SS0091  6 0.9573 0.0201 0.0013 0.0213 
   HI_SS0095  6 0.2262 0.4310 0.0574 0.2855 
   HI_SS0097  6 0.1137 0.0346 0.0036 0.8482 
   HI_SS0099  6 0.0154 0.7009 0.0034 0.2804 
   HI_SS0103  6 0.0276 0.1092 0.0034 0.8598 
   HI_SS0105  6 0.0553 0.3348 0.0251 0.5848 
   HI_SS0107  6 0.0088 0.0197 0.0009 0.9707 
   HI_SS0108  6 0.9611 0.0130 0.0199 0.0060 
   HI_SS0110  6 0.2293 0.7167 0.0012 0.0528 
   HI_SS0111  6 0.0255 0.9197 0.0190 0.0357 
   HI_SS0112  6 0.9818 0.0121 0.0014 0.0047 
   HI_SS0113  6 0.0063 0.0178 0.0029 0.9730 
   HI_SS0114  6 0.8369 0.1442 0.0052 0.0137 
   HI_SS0115  6 0.5982 0.3303 0.0151 0.0564 
   HI_SS0116  6 0.9184 0.0231 0.0034 0.0551 
   HI_SS0117  6 0.3760 0.0701 0.0022 0.5518 
   HI_SS0118  6 0.3374 0.0493 0.0103 0.6030 
   HI_SS0119  6 0.8381 0.1243 0.0021 0.0356 
   HI_SS0120  6 0.0080 0.0075 0.0034 0.9812 
   HI_SS0121  6 0.0126 0.3869 0.0016 0.5988 
   HI_SS0122  6 0.0306 0.7135 0.0196 0.2362 
   HI_SS0123  6 0.0962 0.6805 0.0047 0.2185 
   HI_SS0124  6 0.0124 0.7781 0.0024 0.2071 
   HI_SS0125  6 0.0041 0.9651 0.0227 0.0081 
   HI_SS0126  6 0.9761 0.0117 0.0009 0.0114 
   HI_SS0127  6 0.5377 0.2930 0.0108 0.1584 
   HI_SS0128  6 0.2578 0.1087 0.0027 0.6308 
   HI_SS0129  6 0.1850 0.7560 0.0099 0.0492 
   HI_SS0131  6 0.4225 0.1563 0.0374 0.3838 
   HI_SS0132  6 0.4394 0.4789 0.0005 0.0811 
   HI_SS0133  6 0.9903 0.0055 0.0011 0.0031 
   HI_SS0134  6 0.3357 0.3149 0.0020 0.3474 
   HI_SS0142  6 0.0347 0.2930 0.0175 0.6548 
   HI_SS0145  6 0.5664 0.0836 0.0016 0.3484 
   HI_SS0146  6 0.9103 0.0743 0.0010 0.0144 
   HI_SS0147  6 0.0074 0.0869 0.0199 0.8858 
   HI_SS0149  6 0.2156 0.6084 0.0043 0.1718 
   HI_SS0150  6 0.0132 0.8836 0.0041 0.0991 
   HI_SS0151  6 0.4330 0.4766 0.0131 0.0773 
   NS_SS1451  6 0.0091 0.8409 0.0031 0.1468 
   NS_SS1404  6 0.0219 0.7087 0.0093 0.2601 
   NS_SS1432  6 0.0053 0.9439 0.0277 0.0231 
   NS_SS1405  6 0.0369 0.7699 0.0030 0.1903 
   NS_SS1431  6 0.0110 0.4014 0.0009 0.5867 
   NS_SS1402  6 0.0382 0.5314 0.0022 0.4282 
   NS_SS1450  6 0.5134 0.3981 0.0040 0.0846 
   NS_SS1396  6 0.0512 0.6155 0.0062 0.3270 
   NS_SS1393  6 0.3706 0.5746 0.0032 0.0516 
   NS_SS1392  6 0.0160 0.8992 0.0151 0.0696 
   NS_SS1445  6 0.9037 0.0437 0.0087 0.0440 
   NS_SS1423  6 0.8774 0.0155 0.0014 0.1057 
   NS_SS1421  6 0.6168 0.2238 0.1090 0.0505 
   NS_SS1411  6 0.8099 0.1587 0.0016 0.0298 
   NS_SS1453  6 0.3092 0.4410 0.0061 0.2436 
   NS_SS1442  6 0.0952 0.0985 0.0035 0.8028 
   NS_SS1422  6 0.4736 0.0312 0.0130 0.4822 
   NS_SS1419  6 0.0293 0.1247 0.1680 0.6780 
   NS_SS1427  6 0.9802 0.0123 0.0017 0.0058 
   NS_SS1444  6 0.0115 0.2515 0.0037 0.7334 
   NS_SS1455  6 0.0090 0.0088 0.0012 0.9811 
   NS_SS1425  6 0.9755 0.0131 0.0012 0.0102 
   NS_SS1400  6 0.9588 0.0063 0.0016 0.0334 
   NS_SS1406  6 0.0068 0.0918 0.0063 0.8951 
   NS_SS1417  6 0.0990 0.0483 0.0067 0.8461 
   NS_SS1454  6 0.5020 0.3016 0.0015 0.1949 
   NS_SS1412  6 0.3717 0.0596 0.0222 0.5466 
   NS_SS1438  6 0.9478 0.0119 0.0014 0.0389 
   NS_SS1416  6 0.0176 0.6718 0.0059 0.3046 
   NS_SS1401  6 0.0327 0.3424 0.0118 0.6132 
   NS_SS1424  6 0.6612 0.2473 0.0138 0.0777 
   NS_SS1435  6 0.2140 0.7491 0.0024 0.0346 
   NS_SS1447  6 0.0090 0.0090 0.0057 0.9763 
   NS_SS1414  6 0.0113 0.0191 0.0071 0.9625 
   NS_SS1449  6 0.0920 0.1233 0.0045 0.7803 
   NS_SS1443  6 0.9811 0.0087 0.0019 0.0083 
   NS_SS1434  6 0.4301 0.0640 0.0006 0.5053 
   NS_SS1398  6 0.0621 0.8914 0.0150 0.0315 
   NS_SS1426  6 0.9770 0.0128 0.0021 0.0081 
   NS_SS1413  6 0.9654 0.0068 0.0097 0.0182 
   NS_SS1395  6 0.8573 0.0774 0.0111 0.0541 
   NS_SS1448  6 0.5571 0.3909 0.0018 0.0503 
   NS_SS1446  6 0.1690 0.3370 0.0027 0.4913 
   NS_SS1403  6 0.0397 0.8289 0.0058 0.1255 
   NS_SS1415  6 0.9557 0.0279 0.0076 0.0088 
   NS_SS1437  6 0.0885 0.5440 0.0076 0.3599 
   NS_SS1439  6 0.0286 0.0737 0.0026 0.8950 
   NS_SS1441  6 0.8344 0.0804 0.0021 0.0830 
   NS_SS1420  6 0.0127 0.8826 0.0029 0.1018 
   NS_SS1394  6 0.0077 0.9172 0.0300 0.0451 
   NS_SS1391  6 0.7484 0.0536 0.0161 0.1819 
   NS_SS1410  6 0.1646 0.1161 0.0131 0.7062 
   NS_SS1408  6 0.0308 0.8764 0.0482 0.0446 
   NS_SS1409  6 0.1225 0.7602 0.0022 0.1151 
   HI_SS0617  7 0.0584 0.7560 0.0013 0.1844 
   HI_SS0618  7 0.0163 0.9523 0.0020 0.0294 
   HI_SS0619  7 0.1362 0.4479 0.0034 0.4124 
   HI_SS0620  7 0.9820 0.0087 0.0026 0.0068 
   HI_SS0621  7 0.0372 0.5946 0.0137 0.3545 
   HI_SS0622  7 0.5992 0.0741 0.0123 0.3143 
   HI_SS0626  7 0.0176 0.9541 0.0063 0.0219 
   HI_SS0627  7 0.0079 0.1392 0.0076 0.8454 
   HI_SS0628  7 0.1029 0.8081 0.0414 0.0477 
   HI_SS0629  7 0.1450 0.6304 0.0056 0.2189 
   HI_SS0630  7 0.3389 0.5853 0.0467 0.0292 
   HI_SS0631  7 0.9052 0.0761 0.0007 0.0180 
   HI_SS0632  7 0.0865 0.2672 0.0026 0.6437 
   HI_SS0633  7 0.0143 0.2919 0.0033 0.6905 
   HI_SS0634  7 0.0139 0.9204 0.0018 0.0640 
   HI_SS0635  7 0.0192 0.8209 0.0074 0.1524 
   HI_SS0637  7 0.0215 0.7580 0.0022 0.2183 
   HI_SS0638  7 0.3842 0.5693 0.0011 0.0455 
   HI_SS0639  7 0.0082 0.7313 0.0373 0.2232 
   HI_SS0640  7 0.6266 0.2679 0.0015 0.1040 
   HI_SS0641  7 0.3781 0.5829 0.0051 0.0340 
   HI_SS0642  7 0.0936 0.8218 0.0021 0.0826 
   HI_SS0645  7 0.0142 0.9472 0.0007 0.0379 
   HI_SS0646  7 0.2911 0.3662 0.0031 0.3396 
   HI_SS0647  7 0.3659 0.2631 0.0011 0.3699 
   HI_SS0648  7 0.1378 0.7858 0.0024 0.0740 
   HI_SS0649  7 0.0494 0.3628 0.0017 0.5861 
   HI_SS0650  7 0.0759 0.5126 0.0042 0.4072 
   HI_SS0651  7 0.6033 0.2590 0.0045 0.1332 
   HI_SS0652  7 0.0189 0.9074 0.0028 0.0709 
   NS_SS1371  7 0.6224 0.3218 0.0069 0.0490 
   NS_SS1374  7 0.3123 0.6768 0.0019 0.0090 
   NS_SS1337  7 0.0238 0.3554 0.0033 0.6174 
   NS_SS1385  7 0.1229 0.0349 0.0038 0.8383 
   NS_SS1388  7 0.0279 0.4238 0.0070 0.5413 
   NS_SS1370  7 0.0796 0.7981 0.0089 0.1133 
   NS_SS1389  7 0.0122 0.3044 0.0028 0.6806 
   NS_SS1360  7 0.9055 0.0603 0.0043 0.0299 
   NS_SS1330  7 0.0123 0.6645 0.0032 0.3200 
   NS_SS1328  7 0.8452 0.0961 0.0024 0.0564 
   NS_SS1384  7 0.5822 0.2661 0.0042 0.1475 
   NS_SS1381  7 0.0084 0.0281 0.0008 0.9627 
   NS_SS1375  7 0.0133 0.9508 0.0011 0.0349 
   NS_SS1319  7 0.1249 0.7613 0.0807 0.0330 
   NS_SS1326  7 0.9193 0.0341 0.0117 0.0348 
   NS_SS1341  7 0.0720 0.0172 0.0037 0.9071 
   NS_SS1383  7 0.0855 0.8765 0.0042 0.0339 
   NS_SS1318  7 0.0750 0.0854 0.0150 0.8245 
   NS_SS1348  7 0.9808 0.0078 0.0013 0.0101 
   NS_SS1363  7 0.0289 0.6871 0.0045 0.2795 
   NS_SS1335  7 0.9036 0.0577 0.0280 0.0107 
   NS_SS1358  7 0.7093 0.0497 0.0152 0.2259 
   NS_SS1342  7 0.7703 0.0239 0.0013 0.2045 
   NS_SS1320  7 0.0043 0.0804 0.0051 0.9102 
   NS_SS1355  7 0.0104 0.0110 0.0113 0.9673 
   NS_SS1345  7 0.0495 0.0148 0.0156 0.9201 
   NS_SS1324  7 0.4619 0.3976 0.0025 0.1380 
   NS_SS1347  7 0.7617 0.1973 0.0042 0.0368 
   NS_SS1321  7 0.5650 0.4015 0.0014 0.0320 
   NS_SS1333  7 0.0401 0.9490 0.0025 0.0084 
   NS_SS1364  7 0.5574 0.0138 0.0020 0.4268 
   NS_SS1379  7 0.1195 0.1486 0.0534 0.6785 
   NS_SS1332  7 0.9724 0.0089 0.0050 0.0137 
   NS_SS1338  7 0.4472 0.5380 0.0059 0.0089 
   NS_SS1368  7 0.4899 0.0445 0.0051 0.4605 
   NS_SS1354  7 0.0300 0.0709 0.0103 0.8889 
   NS_SS1365  7 0.0234 0.7692 0.0079 0.1995 
   NS_SS1380  7 0.0086 0.0154 0.0177 0.9583 
   NS_SS1329  7 0.6176 0.0175 0.0028 0.3620 
   NS_SS1362  7 0.2511 0.2817 0.0048 0.4624 
   NS_SS1327  7 0.9873 0.0063 0.0032 0.0032 
   NS_SS1350  7 0.2321 0.7442 0.0081 0.0156 
   NS_SS1387  7 0.0204 0.8871 0.0029 0.0896 
   NS_SS1369  7 0.9466 0.0266 0.0039 0.0229 
   NS_SS1331  7 0.0901 0.8649 0.0084 0.0366 
   NS_SS1357  7 0.6820 0.0985 0.0035 0.2160 
   NS_SS1386  7 0.9857 0.0060 0.0028 0.0055 
   NS_SS1353  7 0.0611 0.0771 0.0031 0.8587 
   NS_SS1323  7 0.0512 0.1689 0.0749 0.7050 
   HI_SS0296  8 0.9370 0.0454 0.0014 0.0163 
   HI_SS0297  8 0.1861 0.7852 0.0009 0.0278 
   HI_SS0299  8 0.5255 0.1469 0.0356 0.2920 
   HI_SS0300  8 0.6226 0.2128 0.0011 0.1636 
   HI_SS0301  8 0.0614 0.6630 0.0034 0.2723 
   HI_SS0302  8 0.9477 0.0187 0.0201 0.0134 
   HI_SS0303  8 0.9406 0.0118 0.0057 0.0419 
   HI_SS0304  8 0.0237 0.7572 0.0020 0.2171 
   HI_SS0306  8 0.9807 0.0098 0.0031 0.0064 
   HI_SS0307  8 0.0111 0.7809 0.0072 0.2008 
   HI_SS0308  8 0.0504 0.7626 0.0716 0.1154 
   HI_SS0309  8 0.0295 0.6303 0.0024 0.3379 
   HI_SS0310  8 0.3141 0.0413 0.0072 0.6374 
   HI_SS0311  8 0.1285 0.6650 0.0022 0.2043 
   HI_SS0314  8 0.1416 0.3919 0.0014 0.4652 
   HI_SS0316  8 0.8773 0.0629 0.0044 0.0554 
   HI_SS0317  8 0.0186 0.9559 0.0019 0.0236 
   HI_SS0318  8 0.5962 0.1728 0.1969 0.0341 
   HI_SS0319  8 0.9827 0.0071 0.0046 0.0057 
   HI_SS0320  8 0.0060 0.9140 0.0010 0.0790 
   HI_SS0321  8 0.2208 0.7672 0.0016 0.0104 
   HI_SS0323  8 0.0805 0.8870 0.0013 0.0311 
   HI_SS0325  8 0.9236 0.0398 0.0020 0.0345 
   HI_SS0327  8 0.9414 0.0404 0.0011 0.0171 
   HI_SS0329  8 0.0281 0.4376 0.0014 0.5330 
   HI_SS0333  8 0.0511 0.5969 0.0027 0.3493 
   HI_SS0334  8 0.9509 0.0265 0.0015 0.0211 
   HI_SS0335  8 0.0134 0.0106 0.0157 0.9604 
   HI_SS0339  8 0.0355 0.0417 0.0097 0.9131 
   HI_SS0343  8 0.0175 0.0137 0.0014 0.9673 
   HI_SS0344  8 0.9867 0.0061 0.0026 0.0046 
   HI_SS0345  8 0.0472 0.0473 0.0072 0.8982 
   HI_SS0346  8 0.0374 0.9082 0.0030 0.0514 
   HI_SS0350  8 0.0062 0.0185 0.0076 0.9677 
   HI_SS0351  8 0.1537 0.0181 0.0032 0.8250 
   HI_SS0352  8 0.0265 0.0166 0.0866 0.8703 
   HI_SS0362  8 0.2289 0.7608 0.0018 0.0086 
   HI_SS0363  8 0.9707 0.0087 0.0033 0.0174 
   HI_SS0365  8 0.8104 0.0977 0.0048 0.0872 
   HI_SS0366  8 0.9658 0.0110 0.0013 0.0219 
   HI_SS0367  8 0.0055 0.0100 0.0018 0.9828 
   HI_SS0369  8 0.0152 0.2397 0.0027 0.7424 
   HI_SS0370  8 0.1784 0.5354 0.0032 0.2830 
   HI_SS0371  8 0.8006 0.1633 0.0046 0.0315 
   HI_SS0373  8 0.0312 0.9392 0.0078 0.0218 
   HI_SS0374  8 0.0151 0.6000 0.0257 0.3592 
   HI_SS0377  8 0.8500 0.0233 0.0865 0.0402 
   HI_SS0379  8 0.9917 0.0041 0.0010 0.0031 
   HI_SS0380  8 0.0133 0.1636 0.0068 0.8162 
   HI_SS0381  8 0.0117 0.4481 0.0037 0.5365 
   HI_SS0384  8 0.5453 0.3667 0.0074 0.0806 
   HI_SS0385  8 0.3749 0.6000 0.0012 0.0239 
   HI_SS0386  9 0.0014 0.0015 0.9952 0.0019 
   HI_SS0387  9 0.0130 0.0136 0.9618 0.0116 
   HI_SS0389  9 0.0030 0.0028 0.9905 0.0037 
   HI_SS0390  9 0.0016 0.0021 0.9949 0.0014 
   HI_SS0391  9 0.0022 0.0027 0.9920 0.0031 
   HI_SS0392  9 0.0018 0.0014 0.9953 0.0015 
   HI_SS0393  9 0.0019 0.0014 0.9953 0.0014 
   HI_SS0394  9 0.0016 0.0016 0.9954 0.0014 
   HI_SS0395  9 0.0042 0.0041 0.9877 0.0039 
   HI_SS0396  9 0.0067 0.0112 0.9720 0.0101 
   HI_SS0398  9 0.0051 0.0056 0.9831 0.0062 
   HI_SS0399  9 0.0012 0.0012 0.9965 0.0010 
   HI_SS0400  9 0.0018 0.0023 0.9940 0.0018 
   HI_SS0401  9 0.0013 0.0017 0.9953 0.0016 
   HI_SS0402  9 0.0012 0.0013 0.9961 0.0014 
   HI_SS0403  9 0.0018 0.0014 0.9951 0.0017 
   HI_SS0404  9 0.0010 0.0011 0.9967 0.0012 
   HI_SS0405  9 0.0128 0.0153 0.9518 0.0200 
   HI_SS0406  9 0.0017 0.0016 0.9946 0.0021 
   HI_SS0407  9 0.0067 0.0069 0.9787 0.0076 
   HI_SS0408  9 0.0010 0.0012 0.9963 0.0014 
   HI_SS0409  9 0.0027 0.0031 0.9914 0.0028 
   HI_SS0411  9 0.0027 0.0034 0.9915 0.0024 
   HI_SS0412  9 0.0551 0.0842 0.8103 0.0503 
   HI_SS0413  9 0.0020 0.0025 0.9934 0.0021 
   HI_SS0414  9 0.0089 0.0220 0.9486 0.0206 
   HI_SS0415  9 0.0020 0.0021 0.9939 0.0021 
   HI_SS0416  9 0.0032 0.0037 0.9902 0.0030 
   HI_SS0418  9 0.0045 0.0048 0.9867 0.0040 
   HI_SS0419  9 0.0021 0.0035 0.9912 0.0033 
   HI_SS0420  9 0.0023 0.0019 0.9938 0.0020 
   HI_SS0421  9 0.0036 0.0044 0.9869 0.0051 
   HI_SS0422  9 0.0012 0.0013 0.9959 0.0016 
   HI_SS0423  9 0.0034 0.0043 0.9884 0.0038 
   HI_SS0424  9 0.0014 0.0019 0.9950 0.0018 
   HI_SS0425  9 0.0020 0.0038 0.9902 0.0040 
   NS_SS1146 10 0.0022 0.0023 0.9935 0.0020 
   NS_SS1157 10 0.0071 0.0053 0.9817 0.0060 
   NS_SS1144 10 0.0246 0.0203 0.9414 0.0136 
   NS_SS1074 10 0.0034 0.0030 0.9901 0.0035 
   NS_SS1122 10 0.0047 0.0033 0.9874 0.0046 
   NS_SS1136 10 0.0009 0.0009 0.9969 0.0012 
   NS_SS1077 10 0.0007 0.0007 0.9979 0.0007 
   NS_SS1134 10 0.0098 0.0148 0.9688 0.0066 
   NS_SS1091 10 0.0019 0.0021 0.9937 0.0024 
   NS_SS1089 10 0.0029 0.0024 0.9925 0.0022 
   NS_SS1123 10 0.0016 0.0016 0.9952 0.0016 
   NS_SS1158 10 0.0011 0.0012 0.9966 0.0011 
   NS_SS1093 10 0.0021 0.0020 0.9937 0.0022 
   NS_SS1102 10 0.0044 0.0054 0.9843 0.0058 
   NS_SS1056 10 0.0015 0.0015 0.9953 0.0017 
   NS_SS1126 10 0.0030 0.0027 0.9916 0.0027 
   NS_SS1058 10 0.0034 0.0042 0.9885 0.0039 
   NS_SS1084 10 0.0012 0.0016 0.9957 0.0015 
   NS_SS1095 10 0.0079 0.0057 0.9819 0.0046 
   NS_SS1079 10 0.0015 0.0016 0.9950 0.0018 
   NS_SS1149 10 0.0022 0.0028 0.9921 0.0029 
   NS_SS1121 10 0.0013 0.0015 0.9955 0.0016 
   NS_SS1067 10 0.0039 0.0054 0.9850 0.0058 
   NS_SS1081 10 0.0025 0.0029 0.9927 0.0018 
   NS_SS1130 10 0.0023 0.0035 0.9913 0.0029 
   NS_SS1073 10 0.0023 0.0025 0.9925 0.0028 
   NS_SS1133 10 0.0030 0.0080 0.9788 0.0102 
   NS_SS1129 10 0.0011 0.0014 0.9963 0.0013 
   NS_SS1085 10 0.0030 0.0022 0.9927 0.0022 
   NS_SS1137 10 0.0040 0.0041 0.9882 0.0037 
   NS_SS1135 10 0.0010 0.0014 0.9965 0.0012 
   NS_SS1082 10 0.0011 0.0013 0.9958 0.0017 
   NS_SS1125 10 0.0012 0.0012 0.9964 0.0013 
   NS_SS1124 10 0.0051 0.0083 0.9798 0.0068 
   NS_SS1155 10 0.0084 0.0066 0.9769 0.0081 
   NS_SS1145 10 0.0017 0.0020 0.9947 0.0016 
