

----------------------------------------------------
STRUCTURE by Pritchard, Stephens and Donnelly (2000)
     and Falush, Stephens and Pritchard (2003)
       Code by Pritchard, Falush and Hubisz
             Version 2.3.4 (Jul 2012)
----------------------------------------------------



Command line arguments:   /home/genobiwan/Documents/Programs/Structure/structure -m parameter_job_k3_r1 
Input File:    /media/genobiwan/Storage/Projets/Mackerel_NWA_2021/data_job_k3_r1

Run parameters:
   629 individuals
   4140 loci
   3 populations assumed
   100000 Burn-in period
   200000 Reps


--------------------------------------------
Proportion of membership of each pre-defined
 population in each of the 3 clusters

Given    Inferred Clusters       Number of
 Pop       1      2      3      Individuals

  1:     0.545  0.012  0.444       67
  2:     0.638  0.008  0.354       32
  3:     0.559  0.013  0.427       92
  4:     0.484  0.014  0.502       36
  5:     0.506  0.019  0.475       41
  6:     0.483  0.013  0.505      158
  7:     0.507  0.009  0.484       79
  8:     0.478  0.013  0.509       52
  9:     0.007  0.988  0.006       36
 10:     0.004  0.993  0.004       36
--------------------------------------------

Allele-freq. divergence among pops (Net nucleotide distance),
computed using point estimates of P.

      1       2       3      
 1      -    0.0047  0.0002  
 2   0.0047     -    0.0049  
 3   0.0002  0.0049     -    

Average distances (expected heterozygosity) between individuals in same cluster:
cluster  1  : 0.3185 
cluster  2  : 0.3057 
cluster  3  : 0.3185 

--------------------------------------------
Estimated Ln Prob of Data   = -2471494.6
Mean value of ln likelihood = -2467761.5
Variance of ln likelihood   = 7466.2
Mean value of alpha         = 0.0369

Mean value of Fst_1         = 0.0009
Mean value of Fst_2         = 0.0375
Mean value of Fst_3         = 0.0021


Inferred ancestry of individuals:
        Label (%Miss) Pop:  Inferred clusters
  1 NS_SS0963    (4)    1 :  0.776 0.006 0.219 
  2 NS_SS0983    (1)    1 :  0.015 0.004 0.981 
  3 NS_SS0719    (9)    1 :  0.139 0.005 0.856 
  4 NS_SS1001    (8)    1 :  0.755 0.005 0.240 
  5 NS_SS0936    (4)    1 :  0.593 0.002 0.404 
  6 NS_SS0955    (6)    1 :  0.049 0.003 0.948 
  7 NS_SS0944    (3)    1 :  0.058 0.002 0.941 
  8 NS_SS0945    (3)    1 :  0.808 0.007 0.185 
  9 NS_SS0922    (2)    1 :  0.932 0.025 0.042 
 10 NS_SS0929    (7)    1 :  0.103 0.004 0.893 
 11 NS_SS0956    (1)    1 :  0.984 0.003 0.013 
 12 NS_SS0906    (3)    1 :  0.555 0.003 0.442 
 13 NS_SS0721    (6)    1 :  0.748 0.004 0.247 
 14 NS_SS0982    (4)    1 :  0.929 0.014 0.058 
 15 NS_SS0923    (6)    1 :  0.793 0.004 0.203 
 16 NS_SS0905    (6)    1 :  0.170 0.002 0.828 
 17 NS_SS0925    (3)    1 :  0.835 0.004 0.161 
 18 NS_SS0947    (6)    1 :  0.945 0.004 0.051 
 19 NS_SS0926    (2)    1 :  0.012 0.001 0.987 
 20 NS_SS0918    (6)    1 :  0.924 0.002 0.074 
 21 NS_SS0966    (4)    1 :  0.772 0.043 0.185 
 22 NS_SS0938    (2)    1 :  0.972 0.001 0.027 
 23 NS_SS0917    (2)    1 :  0.276 0.040 0.684 
 24 NS_SS0957   (11)    1 :  0.929 0.005 0.066 
 25 NS_SS0987    (1)    1 :  0.694 0.229 0.077 
 26 NS_SS0717    (4)    1 :  0.981 0.002 0.017 
 27 NS_SS0986    (2)    1 :  0.936 0.003 0.061 
 28 NS_SS0953    (3)    1 :  0.934 0.014 0.052 
 29 NS_SS0907    (3)    1 :  0.586 0.043 0.371 
 30 NS_SS0974    (6)    1 :  0.093 0.003 0.904 
 31 NS_SS0989    (1)    1 :  0.025 0.001 0.974 
 32 NS_SS0991    (3)    1 :  0.049 0.002 0.949 
 33 NS_SS0994    (2)    1 :  0.007 0.002 0.991 
 34 NS_SS0931    (6)    1 :  0.065 0.010 0.925 
 35 NS_SS1000    (5)    1 :  0.968 0.003 0.028 
 36 NS_SS0919    (1)    1 :  0.076 0.003 0.921 
 37 NS_SS0949    (4)    1 :  0.013 0.001 0.986 
 38 NS_SS0960   (10)    1 :  0.024 0.005 0.971 
 39 NS_SS0716    (2)    1 :  0.988 0.005 0.006 
 40 NS_SS0924    (8)    1 :  0.069 0.020 0.911 
 41 NS_SS0935    (2)    1 :  0.008 0.008 0.984 
 42 NS_SS0952   (14)    1 :  0.024 0.030 0.946 
 43 NS_SS0962   (11)    1 :  0.985 0.006 0.010 
 44 NS_SS0973    (5)    1 :  0.133 0.004 0.862 
 45 NS_SS0722    (1)    1 :  0.970 0.002 0.028 
 46 NS_SS0979   (13)    1 :  0.854 0.002 0.144 
 47 NS_SS0993    (2)    1 :  0.856 0.015 0.130 
 48 NS_SS0958    (1)    1 :  0.058 0.002 0.940 
 49 NS_SS0988    (4)    1 :  0.807 0.005 0.188 
 50 NS_SS1003    (2)    1 :  0.970 0.008 0.021 
 51 NS_SS0976    (1)    1 :  0.072 0.002 0.926 
 52 NS_SS0964   (10)    1 :  0.966 0.002 0.031 
 53 NS_SS0939    (4)    1 :  0.980 0.004 0.016 
 54 NS_SS0990    (6)    1 :  0.820 0.003 0.177 
 55 NS_SS0984    (2)    1 :  0.984 0.002 0.014 
 56 NS_SS0980   (10)    1 :  0.402 0.002 0.596 
 57 NS_SS0978    (4)    1 :  0.349 0.003 0.647 
 58 NS_SS0951   (18)    1 :  0.273 0.003 0.725 
 59 NS_SS0913    (3)    1 :  0.844 0.036 0.119 
 60 NS_SS1002    (1)    1 :  0.958 0.032 0.010 
 61 NS_SS0948    (1)    1 :  0.810 0.037 0.153 
 62 NS_SS0916    (4)    1 :  0.227 0.005 0.768 
 63 NS_SS0995    (1)    1 :  0.839 0.003 0.158 
 64 NS_SS0927    (6)    1 :  0.372 0.005 0.624 
 65 NS_SS0992    (5)    1 :  0.135 0.003 0.862 
 66 NS_SS0912    (1)    1 :  0.425 0.003 0.573 
 67 NS_SS0981    (1)    1 :  0.791 0.003 0.206 
 68 NS_SS0729    (5)    2 :  0.007 0.003 0.990 
 69 NS_SS0967   (15)    2 :  0.717 0.011 0.272 
 70 NS_SS0941    (8)    2 :  0.417 0.075 0.508 
 71 NS_SS0768   (12)    2 :  0.973 0.004 0.023 
 72 NS_SS0726    (5)    2 :  0.012 0.007 0.981 
 73 NS_SS0763    (4)    2 :  0.041 0.002 0.957 
 74 NS_SS0730    (6)    2 :  0.989 0.002 0.009 
 75 NS_SS0774    (2)    2 :  0.990 0.001 0.009 
 76 NS_SS0723    (3)    2 :  0.946 0.001 0.053 
 77 NS_SS0940   (10)    2 :  0.186 0.007 0.807 
 78 NS_SS0762    (1)    2 :  0.975 0.002 0.023 
 79 NS_SS0766   (11)    2 :  0.430 0.013 0.558 
 80 NS_SS0724    (1)    2 :  0.964 0.003 0.033 
 81 NS_SS0769    (3)    2 :  0.906 0.003 0.090 
 82 NS_SS0777    (1)    2 :  0.606 0.011 0.383 
 83 NS_SS0734    (6)    2 :  0.238 0.027 0.734 
 84 NS_SS0737    (3)    2 :  0.986 0.004 0.010 
 85 NS_SS0732    (5)    2 :  0.911 0.005 0.085 
 86 NS_SS0728    (5)    2 :  0.802 0.010 0.188 
 87 NS_SS0735    (9)    2 :  0.907 0.007 0.086 
 88 NS_SS0725    (1)    2 :  0.971 0.006 0.023 
 89 NS_SS0788    (2)    2 :  0.662 0.001 0.336 
 90 NS_SS0778    (2)    2 :  0.619 0.001 0.380 
 91 NS_SS0792    (6)    2 :  0.677 0.005 0.318 
 92 NS_SS0943   (11)    2 :  0.018 0.006 0.976 
 93 NS_SS0791    (2)    2 :  0.284 0.018 0.698 
 94 NS_SS0790    (5)    2 :  0.992 0.003 0.005 
 95 NS_SS0731    (6)    2 :  0.974 0.010 0.017 
 96 NS_SS0727    (7)    2 :  0.041 0.002 0.958 
 97 NS_SS0779   (13)    2 :  0.714 0.006 0.280 
 98 NS_SS0776    (3)    2 :  0.468 0.006 0.526 
 99 NS_SS0775    (5)    2 :  0.979 0.005 0.016 
100 NS_SS0965    (3)    3 :  0.849 0.002 0.150 
101 NS_SS0754   (14)    3 :  0.085 0.012 0.903 
102 NS_SS0838    (5)    3 :  0.822 0.036 0.142 
103 NS_SS0839    (3)    3 :  0.988 0.003 0.010 
104 NS_SS0832    (4)    3 :  0.954 0.035 0.010 
105 NS_SS0820    (5)    3 :  0.986 0.005 0.009 
106 NS_SS0886    (9)    3 :  0.128 0.002 0.870 
107 NS_SS0748    (5)    3 :  0.408 0.008 0.584 
108 NS_SS0884    (9)    3 :  0.639 0.020 0.340 
109 NS_SS0752    (4)    3 :  0.563 0.002 0.436 
110 NS_SS0862    (1)    3 :  0.971 0.003 0.026 
111 NS_SS0787    (9)    3 :  0.016 0.005 0.978 
112 NS_SS0843    (6)    3 :  0.703 0.002 0.295 
113 NS_SS0856    (4)    3 :  0.968 0.003 0.029 
114 NS_SS0846    (2)    3 :  0.325 0.003 0.671 
115 NS_SS0825    (1)    3 :  0.908 0.009 0.084 
116 NS_SS0757    (3)    3 :  0.183 0.003 0.813 
117 NS_SS0876    (3)    3 :  0.763 0.208 0.029 
118 NS_SS0903   (10)    3 :  0.862 0.002 0.136 
119 NS_SS0875    (7)    3 :  0.934 0.003 0.063 
120 NS_SS0740    (5)    3 :  0.171 0.003 0.826 
121 NS_SS0811    (5)    3 :  0.965 0.008 0.028 
122 NS_SS0751    (1)    3 :  0.890 0.002 0.108 
123 NS_SS0891    (6)    3 :  0.962 0.005 0.033 
124 NS_SS0867    (2)    3 :  0.069 0.029 0.902 
125 NS_SS0890    (6)    3 :  0.133 0.003 0.864 
126 NS_SS0866   (12)    3 :  0.046 0.005 0.949 
127 NS_SS0755    (4)    3 :  0.530 0.007 0.463 
128 NS_SS0758    (4)    3 :  0.739 0.002 0.259 
129 NS_SS0840    (2)    3 :  0.990 0.002 0.008 
130 NS_SS0889    (4)    3 :  0.137 0.002 0.860 
131 NS_SS1010    (1)    3 :  0.851 0.036 0.113 
132 NS_SS0888    (5)    3 :  0.008 0.001 0.991 
133 NS_SS0837    (3)    3 :  0.774 0.003 0.223 
134 NS_SS0794   (10)    3 :  0.029 0.002 0.969 
135 NS_SS0823    (5)    3 :  0.971 0.004 0.025 
136 NS_SS0829    (7)    3 :  0.009 0.099 0.892 
137 NS_SS0844    (5)    3 :  0.983 0.002 0.015 
138 NS_SS1008    (6)    3 :  0.111 0.011 0.877 
139 NS_SS0881    (3)    3 :  0.219 0.002 0.778 
140 NS_SS0834    (6)    3 :  0.970 0.006 0.024 
141 NS_SS0744   (10)    3 :  0.414 0.007 0.579 
142 NS_SS0899    (7)    3 :  0.990 0.001 0.009 
143 NS_SS0804    (5)    3 :  0.988 0.003 0.009 
144 NS_SS0781   (10)    3 :  0.990 0.002 0.007 
145 NS_SS0822    (6)    3 :  0.070 0.002 0.929 
146 NS_SS1004    (4)    3 :  0.376 0.004 0.621 
147 NS_SS0746    (5)    3 :  0.303 0.013 0.684 
148 NS_SS0880    (3)    3 :  0.588 0.002 0.410 
149 NS_SS0879    (5)    3 :  0.924 0.011 0.065 
150 NS_SS0753    (2)    3 :  0.012 0.008 0.980 
151 NS_SS1007    (3)    3 :  0.576 0.002 0.422 
152 NS_SS0872    (5)    3 :  0.983 0.002 0.015 
153 NS_SS1005    (7)    3 :  0.969 0.001 0.030 
154 NS_SS0892    (6)    3 :  0.699 0.002 0.299 
155 NS_SS0898    (0)    3 :  0.168 0.006 0.826 
156 NS_SS0801    (9)    3 :  0.823 0.010 0.166 
157 NS_SS0827    (9)    3 :  0.500 0.129 0.371 
158 NS_SS0853    (7)    3 :  0.890 0.005 0.105 
159 NS_SS0780    (2)    3 :  0.936 0.004 0.061 
160 NS_SS0826   (10)    3 :  0.586 0.003 0.411 
161 NS_SS0818    (5)    3 :  0.916 0.002 0.082 
162 NS_SS0745    (1)    3 :  0.991 0.001 0.008 
163 NS_SS0849    (3)    3 :  0.903 0.001 0.096 
164 NS_SS0739    (3)    3 :  0.928 0.012 0.060 
165 NS_SS0799    (1)    3 :  0.016 0.001 0.983 
166 NS_SS0756    (3)    3 :  0.990 0.003 0.007 
167 NS_SS0802    (2)    3 :  0.306 0.208 0.486 
168 NS_SS0747    (6)    3 :  0.250 0.006 0.744 
169 NS_SS0835    (1)    3 :  0.018 0.001 0.981 
170 NS_SS0742   (19)    3 :  0.843 0.001 0.156 
171 NS_SS0760    (9)    3 :  0.021 0.039 0.940 
172 NS_SS0803    (4)    3 :  0.972 0.006 0.021 
173 NS_SS0828   (14)    3 :  0.079 0.001 0.919 
174 NS_SS0865    (2)    3 :  0.710 0.029 0.261 
175 NS_SS0759    (5)    3 :  0.976 0.004 0.020 
176 NS_SS0851    (5)    3 :  0.985 0.010 0.005 
177 NS_SS0874   (16)    3 :  0.957 0.001 0.042 
178 NS_SS0761    (6)    3 :  0.047 0.002 0.951 
179 NS_SS0842   (26)    3 :  0.214 0.008 0.778 
180 NS_SS0785    (6)    3 :  0.234 0.006 0.760 
181 NS_SS0860   (11)    3 :  0.046 0.002 0.952 
182 NS_SS0897    (7)    3 :  0.011 0.002 0.988 
183 NS_SS0841   (15)    3 :  0.978 0.003 0.019 
184 NS_SS0797    (7)    3 :  0.139 0.026 0.835 
185 NS_SS0830   (11)    3 :  0.319 0.002 0.679 
186 NS_SS1011    (5)    3 :  0.968 0.004 0.028 
187 NS_SS0883    (5)    3 :  0.144 0.006 0.850 
188 NS_SS0782    (2)    3 :  0.867 0.002 0.131 
189 NS_SS0831    (5)    3 :  0.026 0.003 0.971 
190 NS_SS0749    (7)    3 :  0.082 0.004 0.914 
191 NS_SS0854    (2)    3 :  0.121 0.003 0.876 
192 HI_SS0193    (0)    4 :  0.026 0.001 0.973 
193 HI_SS0194    (1)    4 :  0.969 0.001 0.029 
194 HI_SS0195   (10)    4 :  0.919 0.074 0.007 
195 HI_SS0196    (6)    4 :  0.471 0.003 0.527 
196 HI_SS0197    (3)    4 :  0.976 0.011 0.013 
197 HI_SS0198    (1)    4 :  0.624 0.010 0.365 
198 HI_SS0199    (1)    4 :  0.046 0.002 0.951 
199 HI_SS0201    (5)    4 :  0.009 0.002 0.989 
200 HI_SS0215    (1)    4 :  0.070 0.003 0.927 
201 HI_SS0218    (1)    4 :  0.007 0.005 0.989 
202 HI_SS0222    (0)    4 :  0.955 0.004 0.041 
203 HI_SS0230    (1)    4 :  0.971 0.004 0.025 
204 HI_SS0234    (2)    4 :  0.531 0.151 0.318 
205 HI_SS0240    (1)    4 :  0.772 0.007 0.221 
206 HI_SS0241    (0)    4 :  0.020 0.002 0.978 
207 HI_SS0242    (0)    4 :  0.376 0.003 0.621 
208 HI_SS0247    (0)    4 :  0.963 0.016 0.021 
209 HI_SS0248    (1)    4 :  0.006 0.001 0.993 
210 HI_SS0252    (2)    4 :  0.970 0.002 0.028 
211 HI_SS0254    (0)    4 :  0.016 0.080 0.904 
212 HI_SS0256    (0)    4 :  0.994 0.001 0.005 
213 HI_SS0257    (0)    4 :  0.013 0.003 0.985 
214 HI_SS0258    (1)    4 :  0.015 0.004 0.981 
215 HI_SS0259    (1)    4 :  0.946 0.003 0.052 
216 HI_SS0260    (1)    4 :  0.034 0.002 0.964 
217 HI_SS0261    (2)    4 :  0.036 0.003 0.961 
218 HI_SS0262    (0)    4 :  0.961 0.006 0.033 
219 HI_SS0264    (0)    4 :  0.986 0.004 0.010 
220 HI_SS0265    (0)    4 :  0.862 0.083 0.055 
221 HI_SS0268    (1)    4 :  0.945 0.003 0.053 
222 HI_SS0269    (0)    4 :  0.007 0.001 0.992 
223 HI_SS0273    (0)    4 :  0.039 0.001 0.960 
224 HI_SS0277    (1)    4 :  0.827 0.002 0.171 
225 HI_SS0280    (0)    4 :  0.551 0.005 0.444 
226 HI_SS0282    (1)    4 :  0.034 0.001 0.965 
227 HI_SS0286    (1)    4 :  0.477 0.007 0.516 
228 NS_SS1252    (3)    5 :  0.015 0.004 0.982 
229 NS_SS1261    (1)    5 :  0.872 0.014 0.114 
230 NS_SS1225   (10)    5 :  0.160 0.108 0.732 
231 NS_SS1266    (1)    5 :  0.984 0.007 0.009 
232 NS_SS1228    (0)    5 :  0.953 0.012 0.035 
233 NS_SS1255    (3)    5 :  0.812 0.001 0.187 
234 NS_SS1267    (3)    5 :  0.005 0.012 0.983 
235 NS_SS1238    (6)    5 :  0.811 0.002 0.187 
236 NS_SS1233    (8)    5 :  0.917 0.002 0.081 
237 NS_SS1277    (3)    5 :  0.014 0.001 0.985 
238 NS_SS1245    (1)    5 :  0.058 0.002 0.940 
239 NS_SS1240    (4)    5 :  0.016 0.002 0.982 
240 NS_SS1275    (2)    5 :  0.991 0.002 0.007 
241 NS_SS1235    (1)    5 :  0.407 0.005 0.587 
242 NS_SS1263    (1)    5 :  0.884 0.001 0.115 
243 NS_SS1251    (2)    5 :  0.839 0.001 0.159 
244 NS_SS1248    (0)    5 :  0.763 0.089 0.149 
245 NS_SS1244    (0)    5 :  0.105 0.005 0.890 
246 NS_SS1257    (1)    5 :  0.056 0.027 0.917 
247 NS_SS1242    (2)    5 :  0.991 0.002 0.007 
248 NS_SS1271    (6)    5 :  0.009 0.025 0.965 
249 NS_SS1265    (1)    5 :  0.349 0.019 0.632 
250 NS_SS1243    (0)    5 :  0.883 0.074 0.044 
251 NS_SS1273    (1)    5 :  0.982 0.007 0.011 
252 NS_SS1254   (14)    5 :  0.615 0.006 0.378 
253 NS_SS1224    (1)    5 :  0.974 0.007 0.019 
254 NS_SS1227    (8)    5 :  0.011 0.002 0.987 
255 NS_SS1274    (9)    5 :  0.068 0.017 0.915 
256 NS_SS1241    (1)    5 :  0.021 0.001 0.979 
257 NS_SS1256    (3)    5 :  0.699 0.038 0.263 
258 NS_SS1260    (8)    5 :  0.071 0.072 0.857 
259 NS_SS1262    (0)    5 :  0.103 0.176 0.721 
260 NS_SS1230    (0)    5 :  0.143 0.008 0.849 
261 NS_SS1270    (2)    5 :  0.943 0.002 0.055 
262 NS_SS1229    (2)    5 :  0.811 0.004 0.185 
263 NS_SS1246    (5)    5 :  0.035 0.003 0.962 
264 NS_SS1269    (0)    5 :  0.792 0.002 0.206 
265 NS_SS1239    (1)    5 :  0.818 0.004 0.178 
266 NS_SS1272    (5)    5 :  0.957 0.005 0.037 
267 NS_SS1268    (1)    5 :  0.817 0.002 0.181 
268 NS_SS1249    (1)    5 :  0.007 0.010 0.983 
269 HI_SS0559    (0)    6 :  0.107 0.002 0.891 
270 HI_SS0563    (1)    6 :  0.664 0.003 0.333 
271 HI_SS0564    (0)    6 :  0.771 0.055 0.174 
272 HI_SS0565    (0)    6 :  0.313 0.003 0.684 
273 HI_SS0569    (1)    6 :  0.014 0.002 0.984 
274 HI_SS0570    (0)    6 :  0.013 0.035 0.952 
275 HI_SS0572    (1)    6 :  0.938 0.002 0.060 
276 HI_SS0576    (1)    6 :  0.863 0.006 0.131 
277 HI_SS0579    (1)    6 :  0.026 0.017 0.957 
278 HI_SS0580    (1)    6 :  0.266 0.004 0.730 
279 HI_SS0581    (0)    6 :  0.937 0.048 0.015 
280 HI_SS0583    (1)    6 :  0.375 0.003 0.622 
281 HI_SS0586    (1)    6 :  0.012 0.001 0.987 
282 HI_SS0588    (1)    6 :  0.046 0.016 0.938 
283 HI_SS0595    (4)    6 :  0.081 0.025 0.894 
284 HI_SS0596    (0)    6 :  0.975 0.002 0.023 
285 HI_SS0597    (1)    6 :  0.984 0.002 0.014 
286 HI_SS0600    (0)    6 :  0.315 0.003 0.682 
287 HI_SS0601    (1)    6 :  0.065 0.012 0.924 
288 HI_SS0602    (1)    6 :  0.100 0.002 0.898 
289 HI_SS0604    (0)    6 :  0.722 0.002 0.276 
290 HI_SS0605    (1)    6 :  0.211 0.008 0.781 
291 HI_SS0608    (0)    6 :  0.252 0.001 0.746 
292 HI_SS0609    (0)    6 :  0.954 0.001 0.045 
293 HI_SS0611    (5)    6 :  0.067 0.003 0.931 
294 HI_SS0612    (0)    6 :  0.124 0.008 0.869 
295 HI_SS0613    (1)    6 :  0.812 0.001 0.187 
296 HI_SS0615    (1)    6 :  0.940 0.008 0.052 
297 HI_SS0001    (1)    6 :  0.199 0.004 0.797 
298 HI_SS0002    (1)    6 :  0.935 0.023 0.042 
299 HI_SS0004    (0)    6 :  0.128 0.005 0.866 
300 HI_SS0005    (1)    6 :  0.759 0.005 0.236 
301 HI_SS0006    (1)    6 :  0.431 0.002 0.567 
302 HI_SS0007    (1)    6 :  0.016 0.002 0.982 
303 HI_SS0008    (0)    6 :  0.280 0.041 0.680 
304 HI_SS0009    (0)    6 :  0.903 0.004 0.094 
305 HI_SS0010    (1)    6 :  0.041 0.003 0.955 
306 HI_SS0011    (1)    6 :  0.842 0.080 0.078 
307 HI_SS0012    (0)    6 :  0.945 0.004 0.051 
308 HI_SS0017    (1)    6 :  0.965 0.002 0.033 
309 HI_SS0021    (1)    6 :  0.389 0.243 0.367 
310 HI_SS0024    (1)    6 :  0.962 0.002 0.037 
311 HI_SS0025    (1)    6 :  0.978 0.003 0.019 
312 HI_SS0027    (0)    6 :  0.013 0.012 0.975 
313 HI_SS0028    (0)    6 :  0.989 0.001 0.010 
314 HI_SS0029    (1)    6 :  0.899 0.007 0.094 
315 HI_SS0030    (2)    6 :  0.028 0.005 0.967 
316 HI_SS0031    (0)    6 :  0.279 0.003 0.718 
317 HI_SS0034    (0)    6 :  0.008 0.004 0.987 
318 HI_SS0036    (0)    6 :  0.020 0.011 0.969 
319 HI_SS0037    (1)    6 :  0.295 0.004 0.700 
320 HI_SS0039    (0)    6 :  0.046 0.003 0.951 
321 HI_SS0041    (1)    6 :  0.981 0.002 0.017 
322 HI_SS0042    (1)    6 :  0.833 0.106 0.062 
323 HI_SS0043    (1)    6 :  0.007 0.003 0.991 
324 HI_SS0044    (1)    6 :  0.729 0.002 0.269 
325 HI_SS0047    (1)    6 :  0.889 0.002 0.108 
326 HI_SS0049    (1)    6 :  0.856 0.004 0.140 
327 HI_SS0051    (1)    6 :  0.782 0.002 0.216 
328 HI_SS0053    (1)    6 :  0.008 0.004 0.988 
329 HI_SS0054    (4)    6 :  0.008 0.003 0.989 
330 HI_SS0057    (0)    6 :  0.422 0.003 0.575 
331 HI_SS0058    (0)    6 :  0.283 0.007 0.710 
332 HI_SS0060    (0)    6 :  0.093 0.087 0.819 
333 HI_SS0087    (1)    6 :  0.566 0.002 0.432 
334 HI_SS0091    (1)    6 :  0.014 0.001 0.985 
335 HI_SS0095    (1)    6 :  0.171 0.062 0.767 
336 HI_SS0097    (3)    6 :  0.582 0.004 0.414 
337 HI_SS0099    (1)    6 :  0.977 0.004 0.019 
338 HI_SS0103    (0)    6 :  0.853 0.003 0.144 
339 HI_SS0105    (1)    6 :  0.891 0.020 0.089 
340 HI_SS0107    (1)    6 :  0.979 0.001 0.020 
341 HI_SS0108    (1)    6 :  0.005 0.016 0.979 
342 HI_SS0110    (0)    6 :  0.229 0.001 0.770 
343 HI_SS0111    (1)    6 :  0.912 0.020 0.068 
344 HI_SS0112    (0)    6 :  0.006 0.001 0.992 
345 HI_SS0113    (1)    6 :  0.989 0.003 0.008 
346 HI_SS0114    (1)    6 :  0.038 0.005 0.957 
347 HI_SS0115    (1)    6 :  0.269 0.017 0.714 
348 HI_SS0116    (4)    6 :  0.091 0.003 0.906 
349 HI_SS0117    (0)    6 :  0.071 0.002 0.927 
350 HI_SS0118    (0)    6 :  0.360 0.010 0.630 
351 HI_SS0119    (1)    6 :  0.033 0.002 0.965 
352 HI_SS0120    (1)    6 :  0.989 0.003 0.008 
353 HI_SS0121    (0)    6 :  0.989 0.001 0.009 
354 HI_SS0122    (2)    6 :  0.897 0.020 0.082 
355 HI_SS0123    (0)    6 :  0.679 0.005 0.316 
356 HI_SS0124    (1)    6 :  0.979 0.002 0.019 
357 HI_SS0125    (1)    6 :  0.936 0.037 0.027 
358 HI_SS0126    (0)    6 :  0.008 0.001 0.991 
359 HI_SS0127    (0)    6 :  0.172 0.009 0.819 
360 HI_SS0128    (0)    6 :  0.541 0.003 0.456 
361 HI_SS0129    (1)    6 :  0.372 0.010 0.618 
362 HI_SS0131    (2)    6 :  0.497 0.037 0.466 
363 HI_SS0132    (0)    6 :  0.285 0.001 0.714 
364 HI_SS0133    (1)    6 :  0.005 0.001 0.993 
365 HI_SS0134    (1)    6 :  0.263 0.002 0.735 
366 HI_SS0142    (3)    6 :  0.864 0.015 0.121 
367 HI_SS0145    (0)    6 :  0.082 0.001 0.917 
368 HI_SS0146    (1)    6 :  0.027 0.001 0.972 
369 HI_SS0147    (1)    6 :  0.977 0.016 0.007 
370 HI_SS0149    (1)    6 :  0.497 0.005 0.498 
371 HI_SS0150    (2)    6 :  0.974 0.004 0.022 
372 HI_SS0151    (0)    6 :  0.168 0.013 0.819 
373 NS_SS1451    (1)    6 :  0.985 0.003 0.013 
374 NS_SS1404    (0)    6 :  0.967 0.009 0.025 
375 NS_SS1432    (2)    6 :  0.964 0.027 0.009 
376 NS_SS1405    (5)    6 :  0.896 0.003 0.102 
377 NS_SS1431   (10)    6 :  0.976 0.001 0.023 
378 NS_SS1402    (3)    6 :  0.829 0.002 0.168 
379 NS_SS1450    (3)    6 :  0.085 0.004 0.911 
380 NS_SS1396    (0)    6 :  0.964 0.005 0.030 
381 NS_SS1393    (5)    6 :  0.611 0.004 0.386 
382 NS_SS1392   (10)    6 :  0.913 0.014 0.073 
383 NS_SS1445    (0)    6 :  0.086 0.010 0.904 
384 NS_SS1423    (0)    6 :  0.040 0.001 0.958 
385 NS_SS1421    (9)    6 :  0.204 0.104 0.691 
386 NS_SS1411    (6)    6 :  0.047 0.002 0.952 
387 NS_SS1453    (6)    6 :  0.193 0.006 0.801 
388 NS_SS1442    (3)    6 :  0.759 0.003 0.237 
389 NS_SS1422    (1)    6 :  0.176 0.013 0.810 
390 NS_SS1419    (1)    6 :  0.787 0.158 0.056 
391 NS_SS1427    (0)    6 :  0.006 0.002 0.992 
392 NS_SS1444    (4)    6 :  0.974 0.003 0.023 
393 NS_SS1455    (0)    6 :  0.990 0.001 0.009 
394 NS_SS1425    (2)    6 :  0.011 0.001 0.987 
395 NS_SS1400    (0)    6 :  0.061 0.001 0.937 
396 NS_SS1406    (2)    6 :  0.977 0.007 0.016 
397 NS_SS1417    (6)    6 :  0.846 0.006 0.147 
398 NS_SS1454    (3)    6 :  0.583 0.001 0.416 
399 NS_SS1412    (1)    6 :  0.301 0.026 0.672 
400 NS_SS1438    (1)    6 :  0.017 0.001 0.982 
401 NS_SS1416    (4)    6 :  0.976 0.005 0.019 
402 NS_SS1401    (0)    6 :  0.918 0.011 0.071 
403 NS_SS1424    (6)    6 :  0.334 0.013 0.653 
404 NS_SS1435   (10)    6 :  0.293 0.002 0.704 
405 NS_SS1447    (4)    6 :  0.985 0.005 0.010 
406 NS_SS1414    (3)    6 :  0.979 0.006 0.016 
407 NS_SS1449   (14)    6 :  0.454 0.004 0.542 
408 NS_SS1443    (4)    6 :  0.006 0.002 0.992 
409 NS_SS1434    (1)    6 :  0.147 0.001 0.852 
410 NS_SS1398    (1)    6 :  0.531 0.021 0.448 
411 NS_SS1426    (1)    6 :  0.010 0.002 0.988 
412 NS_SS1413    (0)    6 :  0.009 0.008 0.983 
413 NS_SS1395    (1)    6 :  0.020 0.010 0.970 
414 NS_SS1448   (10)    6 :  0.151 0.002 0.847 
415 NS_SS1446    (0)    6 :  0.632 0.003 0.365 
416 NS_SS1403    (2)    6 :  0.787 0.005 0.208 
417 NS_SS1415    (0)    6 :  0.013 0.007 0.979 
418 NS_SS1437    (4)    6 :  0.702 0.007 0.291 
419 NS_SS1439    (2)    6 :  0.850 0.003 0.147 
420 NS_SS1441    (3)    6 :  0.027 0.002 0.972 
421 NS_SS1420    (2)    6 :  0.988 0.003 0.010 
422 NS_SS1394    (2)    6 :  0.925 0.033 0.042 
423 NS_SS1391    (7)    6 :  0.120 0.014 0.866 
424 NS_SS1410    (5)    6 :  0.633 0.012 0.355 
425 NS_SS1408    (1)    6 :  0.431 0.059 0.510 
426 NS_SS1409    (1)    6 :  0.661 0.002 0.337 
427 HI_SS0617    (1)    7 :  0.401 0.001 0.598 
428 HI_SS0618    (2)    7 :  0.894 0.002 0.104 
429 HI_SS0619    (0)    7 :  0.812 0.003 0.185 
430 HI_SS0620    (1)    7 :  0.007 0.002 0.991 
431 HI_SS0621    (3)    7 :  0.947 0.011 0.042 
432 HI_SS0622    (1)    7 :  0.392 0.012 0.596 
433 HI_SS0626    (0)    7 :  0.807 0.008 0.185 
434 HI_SS0627    (0)    7 :  0.981 0.006 0.013 
435 HI_SS0628    (3)    7 :  0.627 0.051 0.322 
436 HI_SS0629    (1)    7 :  0.554 0.006 0.440 
437 HI_SS0630    (1)    7 :  0.164 0.051 0.785 
438 HI_SS0631    (0)    7 :  0.018 0.001 0.981 
439 HI_SS0632    (0)    7 :  0.555 0.003 0.442 
440 HI_SS0633    (0)    7 :  0.982 0.003 0.015 
441 HI_SS0634    (1)    7 :  0.797 0.002 0.201 
442 HI_SS0635    (0)    7 :  0.932 0.007 0.061 
443 HI_SS0637    (1)    7 :  0.832 0.003 0.165 
444 HI_SS0638    (0)    7 :  0.471 0.001 0.528 
445 HI_SS0639    (1)    7 :  0.931 0.037 0.031 
446 HI_SS0640    (1)    7 :  0.080 0.002 0.919 
447 HI_SS0641    (1)    7 :  0.071 0.005 0.925 
448 HI_SS0642    (0)    7 :  0.564 0.002 0.434 
449 HI_SS0645    (0)    7 :  0.987 0.001 0.012 
450 HI_SS0646    (1)    7 :  0.340 0.003 0.657 
451 HI_SS0647    (1)    7 :  0.424 0.001 0.575 
452 HI_SS0648    (0)    7 :  0.209 0.003 0.788 
453 HI_SS0649    (1)    7 :  0.846 0.002 0.152 
454 HI_SS0650    (1)    7 :  0.848 0.004 0.148 
455 HI_SS0651    (1)    7 :  0.126 0.004 0.870 
456 HI_SS0652    (1)    7 :  0.977 0.003 0.020 
457 NS_SS1371    (3)    7 :  0.026 0.006 0.968 
458 NS_SS1374    (0)    7 :  0.123 0.002 0.874 
459 NS_SS1337    (3)    7 :  0.976 0.003 0.021 
460 NS_SS1385    (5)    7 :  0.647 0.004 0.349 
461 NS_SS1388    (0)    7 :  0.932 0.006 0.062 
462 NS_SS1370    (1)    7 :  0.872 0.009 0.119 
463 NS_SS1389    (3)    7 :  0.981 0.003 0.016 
464 NS_SS1360    (1)    7 :  0.036 0.004 0.959 
465 NS_SS1330    (0)    7 :  0.977 0.003 0.020 
466 NS_SS1328    (9)    7 :  0.019 0.002 0.979 
467 NS_SS1384    (1)    7 :  0.055 0.003 0.942 
468 NS_SS1381    (0)    7 :  0.975 0.001 0.024 
469 NS_SS1375    (1)    7 :  0.962 0.001 0.037 
470 NS_SS1319   (11)    7 :  0.284 0.119 0.597 
471 NS_SS1326    (2)    7 :  0.079 0.009 0.912 
472 NS_SS1341    (1)    7 :  0.387 0.005 0.609 
473 NS_SS1383    (2)    7 :  0.429 0.004 0.567 
474 NS_SS1318    (3)    7 :  0.889 0.013 0.098 
475 NS_SS1348    (2)    7 :  0.008 0.001 0.991 
476 NS_SS1363    (0)    7 :  0.911 0.004 0.085 
477 NS_SS1335    (4)    7 :  0.018 0.027 0.955 
478 NS_SS1358    (0)    7 :  0.086 0.015 0.899 
479 NS_SS1342    (1)    7 :  0.076 0.001 0.923 
480 NS_SS1320    (3)    7 :  0.987 0.005 0.008 
481 NS_SS1355    (1)    7 :  0.968 0.010 0.022 
482 NS_SS1345    (1)    7 :  0.515 0.018 0.467 
483 NS_SS1324    (0)    7 :  0.091 0.003 0.907 
484 NS_SS1347    (5)    7 :  0.039 0.004 0.958 
485 NS_SS1321    (4)    7 :  0.295 0.001 0.703 
486 NS_SS1333    (0)    7 :  0.387 0.003 0.610 
487 NS_SS1364    (1)    7 :  0.082 0.002 0.916 
488 NS_SS1379    (0)    7 :  0.812 0.049 0.139 
489 NS_SS1332    (0)    7 :  0.006 0.004 0.990 
490 NS_SS1338    (5)    7 :  0.178 0.008 0.814 
491 NS_SS1368    (6)    7 :  0.166 0.004 0.830 
492 NS_SS1354    (1)    7 :  0.928 0.009 0.062 
493 NS_SS1365    (0)    7 :  0.818 0.008 0.174 
494 NS_SS1380    (1)    7 :  0.968 0.019 0.013 
495 NS_SS1329    (8)    7 :  0.125 0.003 0.872 
496 NS_SS1362    (0)    7 :  0.448 0.004 0.548 
497 NS_SS1327    (2)    7 :  0.004 0.003 0.992 
498 NS_SS1350    (0)    7 :  0.044 0.009 0.947 
499 NS_SS1387    (2)    7 :  0.970 0.003 0.027 
500 NS_SS1369    (8)    7 :  0.039 0.003 0.958 
501 NS_SS1331    (1)    7 :  0.874 0.007 0.119 
502 NS_SS1357    (5)    7 :  0.255 0.003 0.742 
503 NS_SS1386    (1)    7 :  0.006 0.003 0.991 
504 NS_SS1353    (2)    7 :  0.899 0.003 0.098 
505 NS_SS1323    (0)    7 :  0.823 0.070 0.108 
506 HI_SS0296    (0)    8 :  0.036 0.002 0.963 
507 HI_SS0297    (0)    8 :  0.416 0.001 0.583 
508 HI_SS0299    (0)    8 :  0.415 0.034 0.551 
509 HI_SS0300    (0)    8 :  0.274 0.001 0.724 
510 HI_SS0301    (0)    8 :  0.653 0.004 0.343 
511 HI_SS0302    (0)    8 :  0.021 0.020 0.959 
512 HI_SS0303    (0)    8 :  0.017 0.005 0.978 
513 HI_SS0304    (0)    8 :  0.972 0.002 0.026 
514 HI_SS0306    (5)    8 :  0.008 0.003 0.989 
515 HI_SS0307    (1)    8 :  0.972 0.007 0.021 
516 HI_SS0308    (1)    8 :  0.549 0.087 0.364 
517 HI_SS0309    (0)    8 :  0.889 0.003 0.109 
518 HI_SS0310    (0)    8 :  0.661 0.006 0.333 
519 HI_SS0311    (4)    8 :  0.738 0.002 0.259 
520 HI_SS0314    (0)    8 :  0.254 0.001 0.744 
521 HI_SS0316    (1)    8 :  0.087 0.004 0.909 
522 HI_SS0317    (3)    8 :  0.733 0.002 0.265 
523 HI_SS0318    (1)    8 :  0.036 0.195 0.769 
524 HI_SS0319    (0)    8 :  0.006 0.004 0.990 
525 HI_SS0320    (3)    8 :  0.984 0.001 0.015 
526 HI_SS0321    (0)    8 :  0.069 0.002 0.929 
527 HI_SS0323    (1)    8 :  0.564 0.002 0.435 
528 HI_SS0325    (2)    8 :  0.069 0.002 0.929 
529 HI_SS0327    (1)    8 :  0.008 0.001 0.991 
530 HI_SS0329    (1)    8 :  0.913 0.001 0.086 
531 HI_SS0333    (1)    8 :  0.811 0.002 0.187 
532 HI_SS0334    (1)    8 :  0.017 0.001 0.982 
533 HI_SS0335    (1)    8 :  0.887 0.018 0.095 
534 HI_SS0339    (0)    8 :  0.951 0.012 0.038 
535 HI_SS0343    (2)    8 :  0.860 0.002 0.139 
536 HI_SS0344    (1)    8 :  0.004 0.003 0.993 
537 HI_SS0345    (3)    8 :  0.884 0.006 0.109 
538 HI_SS0346    (0)    8 :  0.802 0.003 0.195 
539 HI_SS0350    (1)    8 :  0.985 0.007 0.008 
540 HI_SS0351    (0)    8 :  0.683 0.003 0.313 
541 HI_SS0352    (3)    8 :  0.890 0.079 0.031 
542 HI_SS0362    (0)    8 :  0.131 0.002 0.867 
543 HI_SS0363    (1)    8 :  0.015 0.003 0.982 
544 HI_SS0365    (0)    8 :  0.050 0.005 0.945 
545 HI_SS0366    (0)    8 :  0.014 0.001 0.985 
546 HI_SS0367    (1)    8 :  0.991 0.002 0.008 
547 HI_SS0369    (1)    8 :  0.979 0.002 0.019 
548 HI_SS0370    (0)    8 :  0.146 0.003 0.851 
549 HI_SS0371    (4)    8 :  0.074 0.004 0.922 
550 HI_SS0373    (3)    8 :  0.666 0.010 0.324 
551 HI_SS0374    (0)    8 :  0.961 0.019 0.020 
552 HI_SS0377    (0)    8 :  0.048 0.076 0.877 
553 HI_SS0379    (1)    8 :  0.003 0.001 0.996 
554 HI_SS0380    (1)    8 :  0.937 0.005 0.058 
555 HI_SS0381    (2)    8 :  0.981 0.003 0.016 
556 HI_SS0384    (3)    8 :  0.183 0.007 0.810 
557 HI_SS0385    (1)    8 :  0.559 0.001 0.440 
558 HI_SS0386    (0)    9 :  0.001 0.997 0.002 
559 HI_SS0387    (0)    9 :  0.013 0.973 0.015 
560 HI_SS0389    (2)    9 :  0.003 0.994 0.003 
561 HI_SS0390    (2)    9 :  0.002 0.997 0.001 
562 HI_SS0391    (3)    9 :  0.003 0.995 0.002 
563 HI_SS0392    (0)    9 :  0.001 0.997 0.001 
564 HI_SS0393    (2)    9 :  0.001 0.997 0.002 
565 HI_SS0394    (2)    9 :  0.001 0.997 0.001 
566 HI_SS0395    (2)    9 :  0.003 0.994 0.003 
567 HI_SS0396    (2)    9 :  0.013 0.980 0.007 
568 HI_SS0398    (2)    9 :  0.005 0.990 0.005 
569 HI_SS0399    (2)    9 :  0.001 0.998 0.001 
570 HI_SS0400    (3)    9 :  0.002 0.996 0.002 
571 HI_SS0401    (5)    9 :  0.001 0.997 0.001 
572 HI_SS0402    (0)    9 :  0.001 0.998 0.001 
573 HI_SS0403    (0)    9 :  0.001 0.997 0.001 
574 HI_SS0404    (2)    9 :  0.001 0.998 0.001 
575 HI_SS0405    (2)    9 :  0.019 0.966 0.015 
576 HI_SS0406    (2)    9 :  0.002 0.996 0.002 
577 HI_SS0407    (0)    9 :  0.007 0.987 0.006 
578 HI_SS0408    (0)    9 :  0.001 0.998 0.001 
579 HI_SS0409    (2)    9 :  0.003 0.994 0.003 
580 HI_SS0411    (2)    9 :  0.003 0.995 0.002 
581 HI_SS0412   (11)    9 :  0.093 0.823 0.084 
582 HI_SS0413    (0)    9 :  0.002 0.996 0.002 
583 HI_SS0414    (2)    9 :  0.022 0.965 0.013 
584 HI_SS0415    (2)    9 :  0.002 0.996 0.002 
585 HI_SS0416    (2)    9 :  0.003 0.994 0.003 
586 HI_SS0418    (2)    9 :  0.005 0.990 0.006 
587 HI_SS0419    (3)    9 :  0.003 0.994 0.002 
588 HI_SS0420    (0)    9 :  0.002 0.996 0.002 
589 HI_SS0421    (4)    9 :  0.004 0.992 0.004 
590 HI_SS0422    (3)    9 :  0.001 0.997 0.001 
591 HI_SS0423    (2)    9 :  0.004 0.991 0.004 
592 HI_SS0424    (1)    9 :  0.002 0.997 0.002 
593 HI_SS0425    (0)    9 :  0.003 0.995 0.002 
594 NS_SS1146    (3)   10 :  0.002 0.996 0.002 
595 NS_SS1157    (1)   10 :  0.005 0.988 0.007 
596 NS_SS1144    (7)   10 :  0.017 0.961 0.022 
597 NS_SS1074    (3)   10 :  0.003 0.993 0.004 
598 NS_SS1122    (0)   10 :  0.004 0.991 0.005 
599 NS_SS1136    (2)   10 :  0.001 0.998 0.001 
600 NS_SS1077    (4)   10 :  0.001 0.999 0.001 
601 NS_SS1134    (2)   10 :  0.013 0.978 0.009 
602 NS_SS1091    (1)   10 :  0.002 0.996 0.002 
603 NS_SS1089   (10)   10 :  0.002 0.995 0.003 
604 NS_SS1123    (2)   10 :  0.001 0.997 0.002 
605 NS_SS1158    (3)   10 :  0.001 0.998 0.001 
606 NS_SS1093    (3)   10 :  0.002 0.996 0.002 
607 NS_SS1102    (5)   10 :  0.006 0.990 0.004 
608 NS_SS1056    (0)   10 :  0.002 0.997 0.001 
609 NS_SS1126    (2)   10 :  0.002 0.995 0.003 
610 NS_SS1058   (15)   10 :  0.004 0.993 0.003 
611 NS_SS1084    (2)   10 :  0.001 0.997 0.001 
612 NS_SS1095    (3)   10 :  0.005 0.988 0.007 
613 NS_SS1079    (3)   10 :  0.001 0.997 0.002 
614 NS_SS1149    (0)   10 :  0.002 0.996 0.002 
615 NS_SS1121    (0)   10 :  0.002 0.997 0.001 
616 NS_SS1067    (0)   10 :  0.006 0.990 0.004 
617 NS_SS1081    (2)   10 :  0.002 0.996 0.002 
618 NS_SS1130    (0)   10 :  0.004 0.994 0.003 
619 NS_SS1073    (2)   10 :  0.003 0.995 0.002 
620 NS_SS1133    (2)   10 :  0.011 0.986 0.003 
621 NS_SS1129    (2)   10 :  0.001 0.997 0.001 
622 NS_SS1085    (1)   10 :  0.002 0.996 0.002 
623 NS_SS1137    (2)   10 :  0.004 0.992 0.004 
624 NS_SS1135    (3)   10 :  0.001 0.997 0.001 
625 NS_SS1082    (3)   10 :  0.001 0.997 0.001 
626 NS_SS1125    (3)   10 :  0.001 0.998 0.001 
627 NS_SS1124    (2)   10 :  0.007 0.987 0.006 
628 NS_SS1155    (0)   10 :  0.007 0.984 0.009 
629 NS_SS1145    (2)   10 :  0.002 0.997 0.002 


Estimated Allele Frequencies in each cluster
First column gives estimated ancestral frequencies


Locus 1 : 
2 alleles
3.3% missing data
   1   (0.738) 0.739 0.730 0.738 
   2   (0.262) 0.261 0.270 0.262 

Locus 2 : 
2 alleles
4.6% missing data
   1   (0.886) 0.885 0.821 0.892 
   2   (0.114) 0.115 0.179 0.108 

Locus 3 : 
2 alleles
4.9% missing data
   1   (0.787) 0.793 0.809 0.774 
   2   (0.213) 0.207 0.191 0.226 

Locus 4 : 
2 alleles
4.6% missing data
   1   (0.865) 0.863 0.870 0.872 
   2   (0.135) 0.137 0.130 0.128 

Locus 5 : 
2 alleles
2.5% missing data
   1   (0.892) 0.891 0.930 0.895 
   2   (0.108) 0.109 0.070 0.105 

Locus 6 : 
2 alleles
2.7% missing data
   1   (0.825) 0.832 0.762 0.815 
   2   (0.175) 0.168 0.238 0.185 

Locus 7 : 
2 alleles
3.0% missing data
   1   (0.793) 0.796 0.756 0.791 
   2   (0.207) 0.204 0.244 0.209 

Locus 8 : 
2 alleles
4.8% missing data
   1   (0.728) 0.727 0.794 0.728 
   2   (0.272) 0.273 0.206 0.272 

Locus 9 : 
2 alleles
3.7% missing data
   1   (0.808) 0.810 0.810 0.804 
   2   (0.192) 0.190 0.190 0.196 

Locus 10 : 
2 alleles
4.8% missing data
   1   (0.711) 0.713 0.798 0.703 
   2   (0.289) 0.287 0.202 0.297 

Locus 11 : 
2 alleles
3.2% missing data
   1   (0.797) 0.805 0.783 0.782 
   2   (0.203) 0.195 0.217 0.218 

Locus 12 : 
2 alleles
4.9% missing data
   1   (0.893) 0.893 0.907 0.894 
   2   (0.107) 0.107 0.093 0.106 

Locus 13 : 
2 alleles
3.2% missing data
   1   (0.868) 0.868 0.915 0.865 
   2   (0.132) 0.132 0.085 0.135 

Locus 14 : 
2 alleles
4.6% missing data
   1   (0.732) 0.733 0.683 0.734 
   2   (0.268) 0.267 0.317 0.266 

Locus 15 : 
2 alleles
4.6% missing data
   1   (0.891) 0.892 0.918 0.892 
   2   (0.109) 0.108 0.082 0.108 

Locus 16 : 
2 alleles
3.8% missing data
   1   (0.885) 0.886 0.964 0.879 
   2   (0.115) 0.114 0.036 0.121 

Locus 17 : 
2 alleles
4.1% missing data
   1   (0.509) 0.506 0.645 0.509 
   2   (0.491) 0.494 0.355 0.491 

Locus 18 : 
2 alleles
4.1% missing data
   1   (0.611) 0.620 0.574 0.595 
   2   (0.389) 0.380 0.426 0.405 

Locus 19 : 
2 alleles
4.1% missing data
   1   (0.773) 0.777 0.637 0.773 
   2   (0.227) 0.223 0.363 0.227 

Locus 20 : 
2 alleles
2.2% missing data
   1   (0.898) 0.898 0.894 0.900 
   2   (0.102) 0.102 0.106 0.100 

Locus 21 : 
2 alleles
4.5% missing data
   1   (0.710) 0.715 0.600 0.708 
   2   (0.290) 0.285 0.400 0.292 

Locus 22 : 
2 alleles
3.0% missing data
   1   (0.887) 0.887 0.913 0.886 
   2   (0.113) 0.113 0.087 0.114 

Locus 23 : 
2 alleles
3.8% missing data
   1   (0.561) 0.568 0.578 0.547 
   2   (0.439) 0.432 0.422 0.453 

Locus 24 : 
2 alleles
4.9% missing data
   1   (0.860) 0.862 0.890 0.855 
   2   (0.140) 0.138 0.110 0.145 

Locus 25 : 
2 alleles
4.3% missing data
   1   (0.886) 0.889 0.877 0.882 
   2   (0.114) 0.111 0.123 0.118 

Locus 26 : 
2 alleles
3.0% missing data
   1   (0.544) 0.545 0.578 0.540 
   2   (0.456) 0.455 0.422 0.460 

Locus 27 : 
2 alleles
4.0% missing data
   2   (0.467) 0.463 0.416 0.478 
   1   (0.533) 0.537 0.584 0.522 

Locus 28 : 
2 alleles
4.0% missing data
   1   (0.842) 0.838 0.870 0.852 
   2   (0.158) 0.162 0.130 0.148 

Locus 29 : 
2 alleles
1.9% missing data
   1   (0.604) 0.599 0.699 0.608 
   2   (0.396) 0.401 0.301 0.392 

Locus 30 : 
2 alleles
4.6% missing data
   1   (0.864) 0.864 0.854 0.867 
   2   (0.136) 0.136 0.146 0.133 

Locus 31 : 
2 alleles
1.9% missing data
   1   (0.885) 0.887 0.904 0.883 
   2   (0.115) 0.113 0.096 0.117 

Locus 32 : 
2 alleles
4.3% missing data
   1   (0.867) 0.868 0.784 0.872 
   2   (0.133) 0.132 0.216 0.128 

Locus 33 : 
2 alleles
4.3% missing data
   1   (0.789) 0.788 0.761 0.795 
   2   (0.211) 0.212 0.239 0.205 

Locus 34 : 
2 alleles
2.2% missing data
   1   (0.736) 0.735 0.726 0.742 
   2   (0.264) 0.265 0.274 0.258 

Locus 35 : 
2 alleles
3.8% missing data
   1   (0.765) 0.767 0.781 0.761 
   2   (0.235) 0.233 0.219 0.239 

Locus 36 : 
2 alleles
3.3% missing data
   1   (0.811) 0.810 0.783 0.816 
   2   (0.189) 0.190 0.217 0.184 

Locus 37 : 
2 alleles
3.8% missing data
   1   (0.865) 0.863 0.643 0.878 
   2   (0.135) 0.137 0.357 0.122 

Locus 38 : 
2 alleles
4.9% missing data
   1   (0.800) 0.806 0.774 0.790 
   2   (0.200) 0.194 0.226 0.210 

Locus 39 : 
2 alleles
4.9% missing data
   1   (0.745) 0.747 0.779 0.739 
   2   (0.255) 0.253 0.221 0.261 

Locus 40 : 
2 alleles
2.7% missing data
   1   (0.758) 0.759 0.723 0.761 
   2   (0.242) 0.241 0.277 0.239 

Locus 41 : 
2 alleles
2.2% missing data
   1   (0.743) 0.743 0.760 0.744 
   2   (0.257) 0.257 0.240 0.256 

Locus 42 : 
2 alleles
4.9% missing data
   1   (0.768) 0.774 0.792 0.756 
   2   (0.232) 0.226 0.208 0.244 

Locus 43 : 
2 alleles
1.7% missing data
   1   (0.876) 0.881 0.918 0.865 
   2   (0.124) 0.119 0.082 0.135 

Locus 44 : 
2 alleles
3.7% missing data
   1   (0.704) 0.697 0.746 0.717 
   2   (0.296) 0.303 0.254 0.283 

Locus 45 : 
2 alleles
3.7% missing data
   1   (0.572) 0.578 0.487 0.564 
   2   (0.428) 0.422 0.513 0.436 

Locus 46 : 
2 alleles
3.8% missing data
   1   (0.882) 0.881 0.856 0.888 
   2   (0.118) 0.119 0.144 0.112 

Locus 47 : 
2 alleles
4.0% missing data
   2   (0.239) 0.250 0.235 0.215 
   1   (0.761) 0.750 0.765 0.785 

Locus 48 : 
2 alleles
2.1% missing data
   1   (0.821) 0.825 0.766 0.818 
   2   (0.179) 0.175 0.234 0.182 

Locus 49 : 
2 alleles
4.9% missing data
   1   (0.589) 0.590 0.700 0.578 
   2   (0.411) 0.410 0.300 0.422 

Locus 50 : 
2 alleles
3.5% missing data
   1   (0.872) 0.870 0.864 0.879 
   2   (0.128) 0.130 0.136 0.121 

Locus 51 : 
2 alleles
2.9% missing data
   1   (0.778) 0.776 0.785 0.785 
   2   (0.222) 0.224 0.215 0.215 

Locus 52 : 
2 alleles
4.1% missing data
   1   (0.888) 0.889 0.874 0.891 
   2   (0.112) 0.111 0.126 0.109 

Locus 53 : 
2 alleles
4.8% missing data
   1   (0.850) 0.851 0.863 0.850 
   2   (0.150) 0.149 0.137 0.150 

Locus 54 : 
2 alleles
4.1% missing data
   1   (0.819) 0.814 0.900 0.825 
   2   (0.181) 0.186 0.100 0.175 

Locus 55 : 
2 alleles
4.3% missing data
   1   (0.823) 0.825 0.883 0.818 
   2   (0.177) 0.175 0.117 0.182 

Locus 56 : 
2 alleles
3.7% missing data
   1   (0.658) 0.661 0.612 0.654 
   2   (0.342) 0.339 0.388 0.346 

Locus 57 : 
2 alleles
1.4% missing data
   1   (0.601) 0.603 0.570 0.599 
   2   (0.399) 0.397 0.430 0.401 

Locus 58 : 
2 alleles
3.8% missing data
   1   (0.660) 0.658 0.709 0.663 
   2   (0.340) 0.342 0.291 0.337 

Locus 59 : 
2 alleles
4.3% missing data
   1   (0.854) 0.857 0.864 0.849 
   2   (0.146) 0.143 0.136 0.151 

Locus 60 : 
2 alleles
4.0% missing data
   1   (0.870) 0.868 0.939 0.871 
   2   (0.130) 0.132 0.061 0.129 

Locus 61 : 
2 alleles
3.0% missing data
   1   (0.885) 0.886 0.907 0.883 
   2   (0.115) 0.114 0.093 0.117 

Locus 62 : 
2 alleles
2.9% missing data
   1   (0.799) 0.797 0.815 0.803 
   2   (0.201) 0.203 0.185 0.197 

Locus 63 : 
2 alleles
4.6% missing data
   1   (0.658) 0.653 0.589 0.674 
   2   (0.342) 0.347 0.411 0.326 

Locus 64 : 
2 alleles
4.5% missing data
   1   (0.839) 0.837 0.815 0.847 
   2   (0.161) 0.163 0.185 0.153 

Locus 65 : 
2 alleles
4.9% missing data
   1   (0.857) 0.862 0.859 0.849 
   2   (0.143) 0.138 0.141 0.151 

Locus 66 : 
2 alleles
4.5% missing data
   1   (0.821) 0.817 0.885 0.829 
   2   (0.179) 0.183 0.115 0.171 

Locus 67 : 
2 alleles
2.5% missing data
   1   (0.865) 0.869 0.875 0.857 
   2   (0.135) 0.131 0.125 0.143 

Locus 68 : 
2 alleles
4.3% missing data
   1   (0.783) 0.785 0.842 0.777 
   2   (0.217) 0.215 0.158 0.223 

Locus 69 : 
2 alleles
1.7% missing data
   1   (0.845) 0.851 0.835 0.835 
   2   (0.155) 0.149 0.165 0.165 

Locus 70 : 
2 alleles
4.9% missing data
   1   (0.779) 0.777 0.754 0.787 
   2   (0.221) 0.223 0.246 0.213 

Locus 71 : 
2 alleles
4.0% missing data
   1   (0.758) 0.760 0.705 0.757 
