   NS_SS0963  1 0.0155 0.4571 0.4958 0.0085 0.0082 0.0057 0.0093 
   NS_SS0983  1 0.6414 0.0101 0.0138 0.0120 0.2888 0.0038 0.0300 
   NS_SS0719  1 0.3172 0.5929 0.0135 0.0292 0.0225 0.0043 0.0203 
   NS_SS1001  1 0.0129 0.0521 0.0180 0.0391 0.6397 0.0063 0.2319 
   NS_SS0936  1 0.0356 0.1876 0.4464 0.2593 0.0372 0.0029 0.0310 
   NS_SS0955  1 0.1651 0.4989 0.0656 0.0173 0.0518 0.0038 0.1974 
   NS_SS0944  1 0.0192 0.3346 0.0222 0.0119 0.0162 0.0021 0.5938 
   NS_SS0945  1 0.0476 0.0138 0.0367 0.5866 0.0564 0.0111 0.2477 
   NS_SS0922  1 0.7534 0.1720 0.0205 0.0110 0.0107 0.0240 0.0083 
   NS_SS0929  1 0.0288 0.4811 0.0633 0.0421 0.3414 0.0029 0.0404 
   NS_SS0956  1 0.0754 0.0883 0.0158 0.0279 0.7747 0.0034 0.0144 
   NS_SS0906  1 0.0206 0.7642 0.0198 0.0822 0.0992 0.0035 0.0104 
   NS_SS0721  1 0.5475 0.0732 0.0100 0.0102 0.3485 0.0039 0.0068 
   NS_SS0982  1 0.1813 0.4049 0.1367 0.2310 0.0186 0.0204 0.0072 
   NS_SS0923  1 0.1779 0.6908 0.0398 0.0450 0.0351 0.0042 0.0071 
   NS_SS0905  1 0.2539 0.4454 0.0078 0.0514 0.2134 0.0021 0.0261 
   NS_SS0925  1 0.3027 0.2980 0.1364 0.0297 0.2191 0.0044 0.0096 
   NS_SS0947  1 0.3147 0.1627 0.0489 0.1481 0.3034 0.0048 0.0175 
   NS_SS0926  1 0.0124 0.0299 0.2720 0.0774 0.0064 0.0015 0.6003 
   NS_SS0918  1 0.0105 0.0364 0.2367 0.0261 0.6640 0.0021 0.0241 
   NS_SS0966  1 0.1878 0.5195 0.1067 0.0228 0.0677 0.0524 0.0430 
   NS_SS0938  1 0.0079 0.0073 0.9528 0.0166 0.0058 0.0013 0.0083 
   NS_SS0917  1 0.9214 0.0080 0.0062 0.0215 0.0140 0.0231 0.0058 
   NS_SS0957  1 0.0081 0.0389 0.0435 0.3093 0.5800 0.0067 0.0136 
   NS_SS0987  1 0.0458 0.3473 0.0044 0.0267 0.3279 0.2323 0.0156 
   NS_SS0717  1 0.2419 0.3214 0.0058 0.3679 0.0465 0.0025 0.0141 
   NS_SS0986  1 0.3927 0.4263 0.0208 0.0215 0.1050 0.0028 0.0309 
   NS_SS0953  1 0.0173 0.6190 0.0081 0.0655 0.2598 0.0176 0.0126 
   NS_SS0907  1 0.3664 0.1662 0.0131 0.3808 0.0195 0.0348 0.0192 
   NS_SS0974  1 0.0715 0.0752 0.2373 0.2334 0.1292 0.0039 0.2495 
   NS_SS0989  1 0.0423 0.0192 0.6815 0.0091 0.0458 0.0008 0.2014 
   NS_SS0991  1 0.0173 0.7969 0.0069 0.0125 0.0560 0.0020 0.1084 
   NS_SS0994  1 0.0206 0.0169 0.0345 0.0193 0.0116 0.0024 0.8947 
   NS_SS0931  1 0.0406 0.0167 0.0507 0.0188 0.0109 0.0139 0.8484 
   NS_SS1000  1 0.0395 0.0397 0.0210 0.7305 0.1499 0.0043 0.0151 
   NS_SS0919  1 0.1209 0.7800 0.0244 0.0529 0.0076 0.0024 0.0117 
   NS_SS0949  1 0.0260 0.0130 0.0226 0.0116 0.0119 0.0014 0.9135 
   NS_SS0960  1 0.0994 0.7140 0.0073 0.0070 0.0753 0.0053 0.0917 
   NS_SS0716  1 0.0246 0.0095 0.0052 0.4631 0.4812 0.0085 0.0079 
   NS_SS0924  1 0.7956 0.1102 0.0131 0.0106 0.0120 0.0133 0.0451 
   NS_SS0935  1 0.0897 0.5886 0.0109 0.0166 0.0616 0.0084 0.2242 
   NS_SS0952  1 0.0378 0.5703 0.0153 0.0226 0.0799 0.0375 0.2367 
   NS_SS0962  1 0.1051 0.0234 0.5100 0.3012 0.0410 0.0081 0.0112 
   NS_SS0973  1 0.0747 0.7521 0.0120 0.0328 0.1086 0.0045 0.0154 
   NS_SS0722  1 0.0108 0.0099 0.0079 0.9514 0.0127 0.0020 0.0052 
   NS_SS0979  1 0.0666 0.0274 0.0653 0.7380 0.0929 0.0024 0.0074 
   NS_SS0993  1 0.0152 0.0547 0.0801 0.6365 0.1798 0.0208 0.0128 
   NS_SS0958  1 0.0416 0.1054 0.0126 0.1304 0.0478 0.0036 0.6585 
   NS_SS0988  1 0.1549 0.2401 0.3841 0.1494 0.0416 0.0058 0.0242 
   NS_SS1003  1 0.0140 0.0130 0.9074 0.0184 0.0256 0.0112 0.0103 
   NS_SS0976  1 0.0276 0.0249 0.7642 0.0128 0.0178 0.0021 0.1506 
   NS_SS0964  1 0.0329 0.0851 0.0070 0.7550 0.0882 0.0031 0.0288 
   NS_SS0939  1 0.0904 0.0094 0.0393 0.4083 0.4381 0.0050 0.0095 
   NS_SS0990  1 0.0939 0.0274 0.6513 0.0723 0.1138 0.0033 0.0380 
   NS_SS0984  1 0.1660 0.1668 0.0096 0.6241 0.0244 0.0019 0.0072 
   NS_SS0980  1 0.0055 0.9156 0.0058 0.0060 0.0547 0.0017 0.0109 
   NS_SS0978  1 0.3158 0.4038 0.0290 0.1501 0.0802 0.0032 0.0178 
   NS_SS0951  1 0.0664 0.0684 0.0153 0.1296 0.6356 0.0035 0.0813 
   NS_SS0913  1 0.4743 0.0432 0.0490 0.0279 0.3512 0.0393 0.0150 
   NS_SS1002  1 0.0110 0.0165 0.6880 0.2376 0.0061 0.0362 0.0046 
   NS_SS0948  1 0.0484 0.0389 0.3109 0.3409 0.1765 0.0530 0.0315 
   NS_SS0916  1 0.1959 0.0166 0.4491 0.0194 0.2765 0.0045 0.0381 
   NS_SS0995  1 0.4047 0.0214 0.0138 0.0094 0.5392 0.0034 0.0082 
   NS_SS0927  1 0.8572 0.0191 0.0610 0.0314 0.0072 0.0046 0.0194 
   NS_SS0992  1 0.0718 0.3352 0.1605 0.0153 0.3532 0.0037 0.0604 
   NS_SS0912  1 0.5283 0.0367 0.0210 0.0206 0.2781 0.0035 0.1118 
   NS_SS0981  1 0.0221 0.0775 0.0393 0.4251 0.4136 0.0043 0.0182 
   NS_SS0729  2 0.0780 0.1158 0.0430 0.1223 0.0137 0.0041 0.6230 
   NS_SS0967  2 0.4000 0.5049 0.0434 0.0179 0.0078 0.0081 0.0179 
   NS_SS0941  2 0.0882 0.4976 0.0731 0.1033 0.1285 0.0819 0.0274 
   NS_SS0768  2 0.1079 0.1324 0.3244 0.0687 0.3236 0.0053 0.0378 
   NS_SS0726  2 0.0655 0.1489 0.6410 0.0120 0.0121 0.0094 0.1112 
   NS_SS0763  2 0.2351 0.1023 0.0311 0.3766 0.0248 0.0030 0.2269 
   NS_SS0730  2 0.2326 0.2442 0.0408 0.1962 0.2503 0.0037 0.0322 
   NS_SS0774  2 0.0212 0.0381 0.0677 0.3600 0.5038 0.0009 0.0084 
   NS_SS0723  2 0.0225 0.9117 0.0190 0.0201 0.0208 0.0017 0.0041 
   NS_SS0940  2 0.4440 0.0617 0.1617 0.0580 0.2011 0.0065 0.0670 
   NS_SS0762  2 0.1335 0.5238 0.0101 0.1389 0.1677 0.0036 0.0224 
   NS_SS0766  2 0.6206 0.1887 0.0181 0.0636 0.0432 0.0120 0.0537 
   NS_SS0724  2 0.0079 0.8595 0.0090 0.0691 0.0364 0.0038 0.0143 
   NS_SS0769  2 0.3036 0.4802 0.0271 0.0233 0.1565 0.0035 0.0058 
   NS_SS0777  2 0.0133 0.0065 0.0093 0.9120 0.0105 0.0096 0.0388 
   NS_SS0734  2 0.4849 0.0395 0.0166 0.0186 0.1267 0.0289 0.2847 
   NS_SS0737  2 0.2096 0.0331 0.3755 0.2890 0.0728 0.0070 0.0129 
   NS_SS0732  2 0.0153 0.0282 0.0089 0.0086 0.9275 0.0054 0.0061 
   NS_SS0728  2 0.1868 0.3139 0.1749 0.0317 0.2458 0.0135 0.0333 
   NS_SS0735  2 0.6490 0.2709 0.0128 0.0214 0.0302 0.0065 0.0093 
   NS_SS0725  2 0.0119 0.0181 0.5972 0.3102 0.0226 0.0087 0.0312 
   NS_SS0788  2 0.6868 0.1984 0.0256 0.0678 0.0122 0.0018 0.0073 
   NS_SS0778  2 0.0703 0.6987 0.0600 0.0293 0.1100 0.0016 0.0301 
   NS_SS0792  2 0.0472 0.3054 0.1743 0.0342 0.3801 0.0068 0.0521 
   NS_SS0943  2 0.0371 0.0706 0.0235 0.0108 0.0270 0.0094 0.8216 
   NS_SS0791  2 0.6940 0.0232 0.1416 0.0110 0.0508 0.0149 0.0645 
   NS_SS0790  2 0.0153 0.2197 0.0146 0.0790 0.6641 0.0038 0.0034 
   NS_SS0731  2 0.0721 0.2618 0.0133 0.5562 0.0581 0.0170 0.0215 
   NS_SS0727  2 0.0290 0.0319 0.0113 0.2349 0.0395 0.0019 0.6515 
   NS_SS0779  2 0.0522 0.0387 0.0175 0.8018 0.0593 0.0063 0.0242 
   NS_SS0776  2 0.0268 0.0198 0.2300 0.6068 0.0520 0.0073 0.0574 
   NS_SS0775  2 0.0860 0.1784 0.0199 0.5517 0.1433 0.0090 0.0117 
   NS_SS0965  3 0.0407 0.8896 0.0118 0.0168 0.0212 0.0017 0.0182 
   NS_SS0754  3 0.3803 0.3583 0.0534 0.0436 0.0335 0.0109 0.1201 
   NS_SS0838  3 0.0276 0.0051 0.1134 0.7475 0.0452 0.0437 0.0176 
   NS_SS0839  3 0.0600 0.0327 0.1622 0.0544 0.6807 0.0034 0.0066 
   NS_SS0832  3 0.1050 0.6706 0.0839 0.0777 0.0165 0.0410 0.0053 
   NS_SS0820  3 0.4800 0.1156 0.3519 0.0267 0.0160 0.0061 0.0037 
   NS_SS0886  3 0.8636 0.0523 0.0165 0.0202 0.0249 0.0020 0.0205 
   NS_SS0748  3 0.0098 0.0161 0.0121 0.9129 0.0053 0.0061 0.0378 
   NS_SS0884  3 0.0324 0.4127 0.2812 0.0429 0.1583 0.0290 0.0435 
   NS_SS0752  3 0.1767 0.2034 0.0717 0.2953 0.2191 0.0018 0.0319 
   NS_SS0862  3 0.0315 0.2517 0.0102 0.0072 0.6894 0.0036 0.0064 
   NS_SS0787  3 0.0363 0.2647 0.0332 0.0088 0.0161 0.0076 0.6333 
   NS_SS0843  3 0.0688 0.3173 0.0179 0.3479 0.1955 0.0022 0.0504 
   NS_SS0856  3 0.7274 0.0144 0.1057 0.1287 0.0109 0.0036 0.0092 
   NS_SS0846  3 0.0246 0.2725 0.0486 0.6238 0.0058 0.0035 0.0212 
   NS_SS0825  3 0.2171 0.0640 0.6347 0.0161 0.0318 0.0130 0.0233 
   NS_SS0757  3 0.2480 0.1065 0.0890 0.2289 0.2788 0.0040 0.0449 
   NS_SS0876  3 0.5910 0.0269 0.0071 0.0256 0.1354 0.2003 0.0136 
   NS_SS0903  3 0.0908 0.6984 0.0086 0.0123 0.1781 0.0025 0.0093 
   NS_SS0875  3 0.7758 0.0204 0.0158 0.1047 0.0562 0.0038 0.0232 
   NS_SS0740  3 0.0871 0.4074 0.0176 0.1826 0.2832 0.0042 0.0179 
   NS_SS0811  3 0.0132 0.0075 0.0090 0.0206 0.9374 0.0066 0.0055 
   NS_SS0751  3 0.0362 0.0529 0.2849 0.2201 0.2522 0.0027 0.1509 
   NS_SS0891  3 0.3969 0.0591 0.1518 0.3223 0.0496 0.0063 0.0140 
   NS_SS0867  3 0.0188 0.7990 0.0783 0.0237 0.0175 0.0181 0.0446 
   NS_SS0890  3 0.6219 0.1198 0.0179 0.1738 0.0208 0.0039 0.0419 
   NS_SS0866  3 0.0622 0.0069 0.5951 0.0201 0.0246 0.0048 0.2862 
   NS_SS0755  3 0.1174 0.5539 0.1401 0.0507 0.0653 0.0060 0.0666 
   NS_SS0758  3 0.8542 0.0968 0.0107 0.0197 0.0057 0.0021 0.0108 
   NS_SS0840  3 0.0307 0.2359 0.0315 0.1258 0.5675 0.0021 0.0066 
   NS_SS0889  3 0.0970 0.0186 0.0734 0.0131 0.1027 0.0022 0.6930 
   NS_SS1010  3 0.0752 0.2684 0.1623 0.0554 0.3541 0.0513 0.0332 
   NS_SS0888  3 0.1815 0.0992 0.0239 0.0365 0.0498 0.0022 0.6070 
   NS_SS0837  3 0.0179 0.9043 0.0051 0.0173 0.0352 0.0025 0.0175 
   NS_SS0794  3 0.0202 0.0290 0.0080 0.0303 0.0165 0.0022 0.8939 
   NS_SS0823  3 0.1930 0.0484 0.3463 0.3246 0.0662 0.0046 0.0170 
   NS_SS0829  3 0.0129 0.1952 0.0069 0.0264 0.5256 0.1082 0.1248 
   NS_SS0844  3 0.0758 0.6830 0.0189 0.0323 0.1795 0.0022 0.0084 
   NS_SS1008  3 0.0727 0.0369 0.0135 0.1588 0.0506 0.0147 0.6529 
   NS_SS0881  3 0.1283 0.0548 0.1503 0.4255 0.1084 0.0024 0.1304 
   NS_SS0834  3 0.0723 0.0182 0.6223 0.2590 0.0102 0.0089 0.0090 
   NS_SS0744  3 0.6839 0.1103 0.0562 0.0108 0.1079 0.0061 0.0249 
   NS_SS0899  3 0.0115 0.0202 0.0155 0.0198 0.9277 0.0015 0.0039 
   NS_SS0804  3 0.0307 0.7998 0.0603 0.0433 0.0559 0.0044 0.0057 
   NS_SS0781  3 0.0341 0.3939 0.2212 0.2932 0.0507 0.0034 0.0036 
   NS_SS0822  3 0.0162 0.0142 0.0230 0.0439 0.1000 0.0019 0.8009 
   NS_SS1004  3 0.0341 0.6358 0.0249 0.1623 0.0915 0.0042 0.0471 
   NS_SS0746  3 0.0302 0.0588 0.0076 0.8444 0.0079 0.0119 0.0392 
   NS_SS0880  3 0.0131 0.0744 0.3740 0.2895 0.0588 0.0014 0.1889 
   NS_SS0879  3 0.0435 0.1613 0.1983 0.3685 0.1588 0.0169 0.0526 
   NS_SS0753  3 0.2404 0.6045 0.0150 0.0121 0.0332 0.0087 0.0860 
   NS_SS1007  3 0.8947 0.0220 0.0227 0.0208 0.0236 0.0023 0.0139 
   NS_SS0872  3 0.0367 0.0344 0.0160 0.8808 0.0104 0.0026 0.0191 
   NS_SS1005  3 0.0389 0.2171 0.0269 0.6755 0.0309 0.0014 0.0094 
   NS_SS0892  3 0.1418 0.0521 0.0233 0.6926 0.0453 0.0021 0.0428 
   NS_SS0898  3 0.0100 0.0160 0.0132 0.0141 0.0179 0.0079 0.9208 
   NS_SS0801  3 0.5340 0.3425 0.0302 0.0166 0.0605 0.0083 0.0079 
   NS_SS0827  3 0.0771 0.4169 0.0061 0.1671 0.0473 0.1406 0.1448 
   NS_SS0853  3 0.2637 0.1364 0.0062 0.0286 0.5472 0.0059 0.0120 
   NS_SS0780  3 0.1463 0.5292 0.1774 0.0122 0.1237 0.0053 0.0059 
   NS_SS0826  3 0.0127 0.0577 0.6861 0.2003 0.0054 0.0039 0.0339 
   NS_SS0818  3 0.0368 0.7652 0.1168 0.0337 0.0302 0.0019 0.0154 
   NS_SS0745  3 0.0073 0.0343 0.0459 0.5709 0.3218 0.0016 0.0183 
   NS_SS0849  3 0.0531 0.0214 0.0127 0.0440 0.8525 0.0016 0.0148 
   NS_SS0739  3 0.5965 0.0081 0.0519 0.0149 0.3011 0.0090 0.0184 
   NS_SS0799  3 0.0734 0.0990 0.0223 0.0366 0.4217 0.0011 0.3461 
   NS_SS0756  3 0.0807 0.4334 0.1102 0.2039 0.1543 0.0042 0.0132 
   NS_SS0802  3 0.7714 0.0088 0.0100 0.0187 0.0064 0.1755 0.0092 
   NS_SS0747  3 0.3306 0.5565 0.0231 0.0558 0.0207 0.0050 0.0082 
   NS_SS0835  3 0.1559 0.4898 0.0871 0.0544 0.0089 0.0012 0.2029 
   NS_SS0742  3 0.1372 0.0183 0.3705 0.0539 0.3999 0.0014 0.0187 
   NS_SS0760  3 0.1675 0.0187 0.0337 0.0369 0.0114 0.0567 0.6749 
   NS_SS0803  3 0.0352 0.9080 0.0054 0.0248 0.0143 0.0069 0.0053 
   NS_SS0828  3 0.1899 0.7390 0.0141 0.0133 0.0210 0.0014 0.0212 
   NS_SS0865  3 0.0960 0.0826 0.0717 0.0208 0.6879 0.0255 0.0156 
   NS_SS0759  3 0.6609 0.0615 0.0341 0.1403 0.0923 0.0046 0.0062 
   NS_SS0851  3 0.0230 0.0234 0.0171 0.1259 0.7756 0.0144 0.0206 
   NS_SS0874  3 0.0116 0.3810 0.0184 0.0353 0.5457 0.0014 0.0065 
   NS_SS0761  3 0.1849 0.5554 0.0297 0.0065 0.0298 0.0029 0.1909 
   NS_SS0842  3 0.1193 0.2057 0.0196 0.3029 0.1750 0.0093 0.1682 
   NS_SS0785  3 0.0853 0.7745 0.0218 0.0283 0.0294 0.0054 0.0553 
   NS_SS0860  3 0.2217 0.2418 0.0219 0.0434 0.4321 0.0027 0.0365 
   NS_SS0897  3 0.0162 0.0163 0.0098 0.0063 0.0267 0.0020 0.9227 
   NS_SS0841  3 0.0175 0.0298 0.0108 0.0142 0.9034 0.0039 0.0204 
   NS_SS0797  3 0.1465 0.3283 0.0203 0.0177 0.0191 0.0335 0.4345 
   NS_SS0830  3 0.2004 0.0610 0.0567 0.1623 0.2368 0.0027 0.2801 
   NS_SS1011  3 0.0138 0.0513 0.8833 0.0330 0.0100 0.0053 0.0032 
   NS_SS0883  3 0.2690 0.0180 0.0052 0.0146 0.6691 0.0049 0.0192 
   NS_SS0782  3 0.6223 0.2515 0.0078 0.0458 0.0296 0.0022 0.0407 
   NS_SS0831  3 0.2612 0.1529 0.0158 0.0313 0.3847 0.0029 0.1512 
   NS_SS0749  3 0.7340 0.1736 0.0162 0.0092 0.0431 0.0035 0.0203 
   NS_SS0854  3 0.5640 0.0856 0.0381 0.0160 0.1473 0.0038 0.1452 
   HI_SS0193  4 0.0069 0.0054 0.0228 0.0053 0.0091 0.0017 0.9489 
   HI_SS0194  4 0.0109 0.0186 0.6631 0.2805 0.0110 0.0020 0.0139 
   HI_SS0195  4 0.0341 0.0513 0.4218 0.1266 0.2519 0.1084 0.0060 
   HI_SS0196  4 0.4740 0.0276 0.0320 0.1103 0.2059 0.0026 0.1476 
   HI_SS0197  4 0.0094 0.0092 0.9569 0.0087 0.0053 0.0077 0.0028 
   HI_SS0198  4 0.0782 0.0293 0.0157 0.0102 0.8348 0.0079 0.0239 
   HI_SS0199  4 0.2647 0.6195 0.0270 0.0126 0.0290 0.0023 0.0448 
   HI_SS0201  4 0.0674 0.1154 0.0171 0.0157 0.0176 0.0028 0.7640 
   HI_SS0215  4 0.2417 0.6869 0.0239 0.0125 0.0155 0.0029 0.0166 
   HI_SS0218  4 0.0170 0.0414 0.0044 0.0056 0.0163 0.0061 0.9092 
   HI_SS0222  4 0.8620 0.0214 0.0196 0.0355 0.0413 0.0049 0.0152 
   HI_SS0230  4 0.0354 0.0324 0.0875 0.6513 0.1788 0.0066 0.0080 
   HI_SS0234  4 0.7012 0.0874 0.0399 0.0098 0.0112 0.1106 0.0399 
   HI_SS0240  4 0.7339 0.1354 0.0064 0.0417 0.0646 0.0077 0.0104 
   HI_SS0241  4 0.1308 0.0701 0.5327 0.0199 0.0323 0.0029 0.2113 
   HI_SS0242  4 0.3937 0.3871 0.0268 0.0780 0.0598 0.0031 0.0515 
   HI_SS0247  4 0.0060 0.0187 0.7788 0.0249 0.1396 0.0221 0.0098 
   HI_SS0248  4 0.0087 0.0093 0.0033 0.0411 0.0064 0.0008 0.9305 
   HI_SS0252  4 0.0125 0.0876 0.6989 0.0187 0.1564 0.0025 0.0234 
   HI_SS0254  4 0.2818 0.1200 0.1630 0.0586 0.0099 0.1006 0.2661 
   HI_SS0256  4 0.0115 0.8372 0.1199 0.0082 0.0188 0.0013 0.0032 
   HI_SS0257  4 0.2510 0.5762 0.1014 0.0151 0.0109 0.0031 0.0423 
   HI_SS0258  4 0.0441 0.0841 0.0092 0.0101 0.0102 0.0053 0.8371 
   HI_SS0259  4 0.0204 0.0095 0.9271 0.0098 0.0229 0.0030 0.0073 
   HI_SS0260  4 0.0752 0.0994 0.0188 0.2076 0.0983 0.0018 0.4990 
   HI_SS0261  4 0.0546 0.1313 0.0215 0.7245 0.0076 0.0038 0.0567 
   HI_SS0262  4 0.1209 0.6976 0.0627 0.0104 0.0928 0.0057 0.0099 
   HI_SS0264  4 0.0233 0.1142 0.0298 0.6957 0.1234 0.0048 0.0088 
   HI_SS0265  4 0.2138 0.4601 0.0594 0.0946 0.0668 0.0954 0.0099 
   HI_SS0268  4 0.7211 0.0274 0.0694 0.0614 0.0786 0.0028 0.0392 
   HI_SS0269  4 0.0990 0.0196 0.1727 0.0172 0.0144 0.0024 0.6746 
   HI_SS0273  4 0.0325 0.0424 0.0453 0.0166 0.0226 0.0021 0.8386 
   HI_SS0277  4 0.0104 0.0593 0.8879 0.0083 0.0207 0.0027 0.0106 
   HI_SS0280  4 0.0312 0.0570 0.0364 0.0090 0.8132 0.0072 0.0459 
   HI_SS0282  4 0.0238 0.2277 0.0946 0.0182 0.1146 0.0015 0.5196 
   HI_SS0286  4 0.6767 0.2654 0.0086 0.0066 0.0155 0.0068 0.0204 
   NS_SS1252  5 0.3817 0.0737 0.0984 0.0667 0.0239 0.0035 0.3522 
   NS_SS1261  5 0.0315 0.0195 0.8188 0.0459 0.0468 0.0209 0.0167 
   NS_SS1225  5 0.0765 0.2443 0.3007 0.1254 0.0517 0.1043 0.0972 
   NS_SS1266  5 0.0640 0.2909 0.1477 0.0792 0.4045 0.0087 0.0048 
   NS_SS1228  5 0.0112 0.0108 0.0194 0.0185 0.9127 0.0147 0.0126 
   NS_SS1255  5 0.0213 0.0352 0.1023 0.0704 0.3119 0.0016 0.4573 
   NS_SS1267  5 0.2888 0.0604 0.0213 0.0141 0.0165 0.0190 0.5799 
   NS_SS1238  5 0.0278 0.0235 0.2826 0.1283 0.0628 0.0029 0.4721 
   NS_SS1233  5 0.0164 0.1678 0.0402 0.2680 0.3545 0.0026 0.1504 
   NS_SS1277  5 0.0077 0.0078 0.0046 0.0083 0.0129 0.0011 0.9575 
   NS_SS1245  5 0.2765 0.0918 0.1112 0.1398 0.0210 0.0020 0.3576 
   NS_SS1240  5 0.5038 0.0192 0.0185 0.0156 0.0088 0.0018 0.4323 
   NS_SS1275  5 0.0109 0.0147 0.9168 0.0428 0.0089 0.0028 0.0031 
   NS_SS1235  5 0.1163 0.1557 0.5828 0.1016 0.0081 0.0050 0.0304 
   NS_SS1263  5 0.0099 0.0304 0.0376 0.8067 0.1007 0.0010 0.0137 
   NS_SS1251  5 0.0344 0.5597 0.0298 0.3094 0.0501 0.0017 0.0148 
   NS_SS1248  5 0.2052 0.0182 0.1044 0.1975 0.0416 0.1230 0.3102 
   NS_SS1244  5 0.0093 0.0087 0.8973 0.0051 0.0067 0.0049 0.0680 
   NS_SS1257  5 0.8179 0.0336 0.0105 0.0298 0.0346 0.0189 0.0547 
   NS_SS1242  5 0.0530 0.1787 0.0163 0.5484 0.1848 0.0022 0.0165 
   NS_SS1271  5 0.0295 0.0161 0.0145 0.0088 0.0116 0.0345 0.8850 
   NS_SS1265  5 0.1595 0.0100 0.0417 0.7113 0.0122 0.0208 0.0445 
   NS_SS1243  5 0.0247 0.0191 0.0156 0.0176 0.7547 0.0846 0.0836 
   NS_SS1273  5 0.0103 0.0072 0.0086 0.9496 0.0094 0.0089 0.0060 
   NS_SS1254  5 0.0082 0.0224 0.0190 0.3681 0.5684 0.0062 0.0077 
   NS_SS1224  5 0.0334 0.6519 0.0079 0.0442 0.2503 0.0070 0.0052 
   NS_SS1227  5 0.0606 0.1613 0.0214 0.6107 0.0417 0.0020 0.1022 
   NS_SS1274  5 0.0786 0.0162 0.0182 0.0082 0.8174 0.0148 0.0464 
   NS_SS1241  5 0.0077 0.0280 0.0111 0.0138 0.0380 0.0013 0.9001 
   NS_SS1256  5 0.0300 0.2968 0.3200 0.2433 0.0067 0.0507 0.0524 
   NS_SS1260  5 0.5775 0.2957 0.0095 0.0167 0.0174 0.0551 0.0280 
   NS_SS1262  5 0.0548 0.5853 0.0505 0.0128 0.0888 0.1616 0.0462 
   NS_SS1230  5 0.0680 0.0544 0.0169 0.2507 0.0251 0.0091 0.5758 
   NS_SS1270  5 0.0182 0.4655 0.3589 0.0275 0.1125 0.0026 0.0147 
   NS_SS1229  5 0.0087 0.0214 0.9095 0.0411 0.0079 0.0039 0.0076 
   NS_SS1246  5 0.0079 0.0168 0.8860 0.0136 0.0133 0.0022 0.0602 
   NS_SS1269  5 0.7658 0.1112 0.0147 0.0191 0.0628 0.0026 0.0239 
   NS_SS1239  5 0.2290 0.0826 0.0189 0.0139 0.5752 0.0056 0.0749 
   NS_SS1272  5 0.0156 0.0143 0.6768 0.2701 0.0092 0.0061 0.0079 
   NS_SS1268  5 0.0139 0.0125 0.0062 0.0113 0.9277 0.0024 0.0260 
   NS_SS1249  5 0.0325 0.0121 0.0091 0.0103 0.0151 0.0132 0.9077 
   HI_SS0559  6 0.2085 0.3535 0.0054 0.0891 0.2498 0.0020 0.0917 
   HI_SS0563  6 0.1955 0.6257 0.0069 0.0107 0.1175 0.0027 0.0411 
   HI_SS0564  6 0.1838 0.0752 0.1693 0.0433 0.4501 0.0582 0.0201 
   HI_SS0565  6 0.0801 0.1931 0.1390 0.5375 0.0166 0.0039 0.0298 
   HI_SS0569  6 0.0327 0.7628 0.0084 0.0408 0.0199 0.0020 0.1333 
   HI_SS0570  6 0.0133 0.0064 0.0506 0.0150 0.0113 0.0411 0.8623 
   HI_SS0572  6 0.0419 0.0239 0.0230 0.8872 0.0103 0.0024 0.0113 
   HI_SS0576  6 0.5223 0.0897 0.0947 0.1790 0.0619 0.0069 0.0456 
   HI_SS0579  6 0.0175 0.8989 0.0077 0.0114 0.0150 0.0152 0.0343 
   HI_SS0580  6 0.1680 0.4293 0.0159 0.0850 0.0558 0.0047 0.2412 
   HI_SS0581  6 0.2721 0.0103 0.4896 0.0631 0.0780 0.0757 0.0112 
   HI_SS0583  6 0.0138 0.0176 0.0189 0.8037 0.0256 0.0021 0.1182 
   HI_SS0586  6 0.0820 0.2321 0.0073 0.0102 0.0270 0.0010 0.6404 
   HI_SS0588  6 0.2099 0.6449 0.0055 0.0121 0.0140 0.0153 0.0983 
   HI_SS0595  6 0.2098 0.4156 0.0872 0.0226 0.0128 0.0263 0.2258 
   HI_SS0596  6 0.0081 0.0132 0.0113 0.9403 0.0117 0.0021 0.0132 
   HI_SS0597  6 0.0119 0.0340 0.0300 0.8987 0.0141 0.0025 0.0089 
   HI_SS0600  6 0.1521 0.0514 0.6561 0.0069 0.0225 0.0034 0.1077 
   HI_SS0601  6 0.0083 0.7395 0.1618 0.0126 0.0492 0.0119 0.0167 
   HI_SS0602  6 0.2588 0.6660 0.0046 0.0078 0.0537 0.0026 0.0064 
   HI_SS0604  6 0.0963 0.0626 0.0122 0.6457 0.1397 0.0025 0.0409 
   HI_SS0605  6 0.9462 0.0151 0.0034 0.0067 0.0195 0.0044 0.0048 
   HI_SS0608  6 0.0095 0.0200 0.0105 0.1646 0.6408 0.0011 0.1536 
   HI_SS0609  6 0.0477 0.1710 0.1737 0.4276 0.1442 0.0010 0.0348 
   HI_SS0611  6 0.0525 0.0117 0.0108 0.0210 0.7406 0.0031 0.1602 
   HI_SS0612  6 0.0302 0.9123 0.0189 0.0102 0.0055 0.0037 0.0192 
   HI_SS0613  6 0.3266 0.0292 0.0100 0.0273 0.5867 0.0018 0.0184 
   HI_SS0615  6 0.7688 0.0301 0.1085 0.0305 0.0404 0.0112 0.0106 
   HI_SS0001  6 0.0328 0.0212 0.6788 0.0191 0.0098 0.0044 0.2339 
   HI_SS0002  6 0.0285 0.5063 0.1113 0.3028 0.0164 0.0258 0.0090 
   HI_SS0004  6 0.5761 0.0101 0.0098 0.1004 0.1263 0.0049 0.1723 
   HI_SS0005  6 0.5159 0.1462 0.0112 0.0457 0.2438 0.0075 0.0296 
   HI_SS0006  6 0.0915 0.0908 0.6455 0.0338 0.0085 0.0018 0.1282 
   HI_SS0007  6 0.0159 0.0109 0.0079 0.0074 0.0443 0.0027 0.9110 
   HI_SS0008  6 0.0589 0.5833 0.0411 0.2321 0.0130 0.0380 0.0335 
   HI_SS0009  6 0.2941 0.1327 0.0128 0.0615 0.3816 0.0048 0.1125 
   HI_SS0010  6 0.0172 0.0282 0.0221 0.1162 0.2419 0.0031 0.5713 
   HI_SS0011  6 0.0149 0.1389 0.1620 0.5231 0.0254 0.0901 0.0455 
   HI_SS0012  6 0.4094 0.3428 0.0357 0.0332 0.1676 0.0054 0.0059 
   HI_SS0017  6 0.0089 0.0062 0.2751 0.4594 0.1730 0.0019 0.0754 
   HI_SS0021  6 0.2705 0.0240 0.0126 0.1016 0.0250 0.2355 0.3308 
   HI_SS0024  6 0.0364 0.0098 0.2322 0.6154 0.0480 0.0025 0.0556 
   HI_SS0025  6 0.0775 0.0109 0.0082 0.8478 0.0435 0.0034 0.0088 
   HI_SS0027  6 0.0286 0.0297 0.0080 0.0113 0.0731 0.0128 0.8366 
   HI_SS0028  6 0.1398 0.2020 0.1284 0.1569 0.3658 0.0018 0.0053 
   HI_SS0029  6 0.2038 0.0354 0.0379 0.5951 0.0934 0.0081 0.0261 
   HI_SS0030  6 0.1590 0.2630 0.3604 0.0190 0.0469 0.0037 0.1480 
   HI_SS0031  6 0.0313 0.9300 0.0170 0.0090 0.0035 0.0028 0.0064 
   HI_SS0034  6 0.4416 0.0576 0.0083 0.0629 0.0052 0.0059 0.4185 
   HI_SS0036  6 0.1948 0.0139 0.3817 0.0232 0.0062 0.0155 0.3647 
   HI_SS0037  6 0.0163 0.0123 0.0175 0.0138 0.8443 0.0034 0.0925 
   HI_SS0039  6 0.0246 0.3739 0.0270 0.0989 0.0859 0.0033 0.3863 
   HI_SS0041  6 0.0647 0.0069 0.1355 0.2170 0.5669 0.0018 0.0071 
   HI_SS0042  6 0.8119 0.0061 0.0296 0.0264 0.0242 0.0922 0.0096 
   HI_SS0043  6 0.0191 0.0249 0.1880 0.0212 0.0374 0.0045 0.7049 
   HI_SS0044  6 0.0531 0.0195 0.0108 0.4047 0.0235 0.0028 0.4855 
   HI_SS0047  6 0.1131 0.0571 0.3924 0.1544 0.2493 0.0030 0.0308 
   HI_SS0049  6 0.0110 0.0182 0.0495 0.8614 0.0290 0.0040 0.0269 
   HI_SS0051  6 0.6383 0.1788 0.0055 0.0078 0.1573 0.0014 0.0108 
   HI_SS0053  6 0.0386 0.0332 0.1888 0.5209 0.0154 0.0056 0.1977 
   HI_SS0054  6 0.0132 0.1943 0.0335 0.0084 0.0139 0.0037 0.7331 
   HI_SS0057  6 0.0587 0.0281 0.6349 0.0508 0.1693 0.0029 0.0553 
   HI_SS0058  6 0.6545 0.1371 0.0144 0.0242 0.1063 0.0062 0.0574 
   HI_SS0060  6 0.4362 0.2015 0.0688 0.0142 0.0121 0.0860 0.1812 
   HI_SS0087  6 0.1593 0.2726 0.1128 0.3827 0.0379 0.0023 0.0323 
   HI_SS0091  6 0.0094 0.0134 0.9417 0.0063 0.0105 0.0015 0.0173 
   HI_SS0095  6 0.8416 0.0603 0.0273 0.0196 0.0098 0.0368 0.0045 
   HI_SS0097  6 0.0179 0.2890 0.0238 0.3750 0.2794 0.0046 0.0102 
   HI_SS0099  6 0.0122 0.0114 0.0062 0.9408 0.0184 0.0034 0.0075 
   HI_SS0103  6 0.1978 0.0675 0.4845 0.1573 0.0766 0.0031 0.0132 
   HI_SS0105  6 0.0218 0.0415 0.7896 0.0130 0.0877 0.0275 0.0189 
   HI_SS0107  6 0.0059 0.0125 0.6568 0.2982 0.0166 0.0009 0.0091 
   HI_SS0108  6 0.0229 0.0223 0.0078 0.0073 0.0117 0.0277 0.9003 
   HI_SS0110  6 0.0215 0.0283 0.8962 0.0281 0.0153 0.0015 0.0090 
   HI_SS0111  6 0.8789 0.0121 0.0340 0.0167 0.0210 0.0205 0.0168 
   HI_SS0112  6 0.0086 0.0073 0.0074 0.0060 0.0075 0.0013 0.9619 
   HI_SS0113  6 0.0800 0.0170 0.4519 0.4081 0.0314 0.0038 0.0079 
   HI_SS0114  6 0.2401 0.6609 0.0079 0.0121 0.0119 0.0060 0.0611 
   HI_SS0115  6 0.2181 0.4138 0.0053 0.1357 0.1454 0.0149 0.0667 
   HI_SS0116  6 0.0205 0.0468 0.0229 0.4580 0.0591 0.0032 0.3895 
   HI_SS0117  6 0.0285 0.5595 0.1141 0.0257 0.0127 0.0018 0.2578 
   HI_SS0118  6 0.0758 0.0911 0.0671 0.5169 0.0784 0.0151 0.1557 
   HI_SS0119  6 0.0772 0.0375 0.6930 0.0061 0.1049 0.0020 0.0793 
   HI_SS0120  6 0.0099 0.0068 0.7056 0.2605 0.0075 0.0030 0.0066 
   HI_SS0121  6 0.0233 0.0190 0.8280 0.0182 0.1044 0.0015 0.0055 
   HI_SS0122  6 0.0220 0.0113 0.8812 0.0161 0.0307 0.0193 0.0193 
   HI_SS0123  6 0.1553 0.4244 0.1955 0.0784 0.1215 0.0066 0.0183 
   HI_SS0124  6 0.0292 0.0591 0.0314 0.2406 0.6188 0.0040 0.0169 
   HI_SS0125  6 0.3851 0.3739 0.1343 0.0282 0.0406 0.0339 0.0040 
   HI_SS0126  6 0.0142 0.0090 0.0106 0.0540 0.0096 0.0011 0.9016 
   HI_SS0127  6 0.2617 0.1289 0.0073 0.4751 0.0745 0.0089 0.0436 
   HI_SS0128  6 0.0238 0.0591 0.0292 0.7707 0.0062 0.0031 0.1078 
   HI_SS0129  6 0.8431 0.0115 0.0260 0.0446 0.0145 0.0079 0.0523 
   HI_SS0131  6 0.0229 0.1431 0.0159 0.0181 0.0539 0.0516 0.6946 
   HI_SS0132  6 0.0816 0.1209 0.5191 0.0116 0.1791 0.0006 0.0871 
   HI_SS0133  6 0.0024 0.0018 0.0031 0.0032 0.0029 0.0012 0.9854 
   HI_SS0134  6 0.0512 0.5886 0.0835 0.0224 0.0209 0.0018 0.2316 
   HI_SS0142  6 0.0125 0.9126 0.0344 0.0170 0.0073 0.0127 0.0035 
   HI_SS0145  6 0.1766 0.1783 0.0386 0.4464 0.0270 0.0017 0.1314 
   HI_SS0146  6 0.0119 0.0264 0.0117 0.0170 0.0140 0.0012 0.9178 
   HI_SS0147  6 0.1974 0.3966 0.0861 0.0371 0.2476 0.0277 0.0075 
   HI_SS0149  6 0.0037 0.0056 0.9658 0.0047 0.0059 0.0036 0.0107 
   HI_SS0150  6 0.3286 0.1004 0.2800 0.0504 0.2127 0.0043 0.0237 
   HI_SS0151  6 0.5159 0.1669 0.0165 0.0136 0.1132 0.0173 0.1566 
   NS_SS1451  6 0.0550 0.0515 0.0962 0.1878 0.5879 0.0047 0.0170 
   NS_SS1404  6 0.2543 0.1478 0.0329 0.0472 0.4748 0.0135 0.0296 
   NS_SS1432  6 0.0271 0.0049 0.1905 0.7191 0.0103 0.0445 0.0035 
   NS_SS1405  6 0.1752 0.0339 0.0120 0.5131 0.1750 0.0034 0.0873 
   NS_SS1431  6 0.0087 0.0087 0.0506 0.9128 0.0119 0.0009 0.0065 
   NS_SS1402  6 0.0915 0.5763 0.1696 0.0259 0.1175 0.0028 0.0164 
   NS_SS1450  6 0.3829 0.0363 0.1806 0.0730 0.0965 0.0042 0.2266 
   NS_SS1396  6 0.0241 0.0402 0.1982 0.3440 0.3672 0.0074 0.0189 
   NS_SS1393  6 0.2230 0.2740 0.0119 0.0255 0.4501 0.0037 0.0118 
   NS_SS1392  6 0.5008 0.0629 0.0253 0.0256 0.3295 0.0148 0.0412 
   NS_SS1445  6 0.1930 0.0192 0.1102 0.6203 0.0235 0.0105 0.0233 
   NS_SS1423  6 0.0149 0.0435 0.5421 0.0225 0.0051 0.0017 0.3702 
   NS_SS1421  6 0.0177 0.0092 0.4248 0.1182 0.0122 0.0967 0.3212 
   NS_SS1411  6 0.0288 0.0153 0.0072 0.0112 0.1577 0.0017 0.7782 
   NS_SS1453  6 0.1142 0.0125 0.8122 0.0219 0.0167 0.0053 0.0172 
   NS_SS1442  6 0.4738 0.1240 0.0112 0.2627 0.0204 0.0030 0.1050 
   NS_SS1422  6 0.0414 0.3479 0.4519 0.0307 0.0527 0.0132 0.0623 
   NS_SS1419  6 0.0413 0.0129 0.0972 0.0518 0.6573 0.1337 0.0057 
   NS_SS1427  6 0.0932 0.0102 0.0790 0.0235 0.0050 0.0023 0.7867 
   NS_SS1444  6 0.0553 0.0154 0.0106 0.8080 0.0981 0.0044 0.0081 
   NS_SS1455  6 0.0073 0.0307 0.0408 0.8865 0.0180 0.0013 0.0154 
   NS_SS1425  6 0.0355 0.0093 0.0163 0.0125 0.0352 0.0016 0.8895 
   NS_SS1400  6 0.0106 0.0170 0.0079 0.0167 0.0268 0.0015 0.9195 
   NS_SS1406  6 0.0165 0.1055 0.2345 0.6164 0.0166 0.0077 0.0029 
   NS_SS1417  6 0.0432 0.0744 0.5188 0.2271 0.0588 0.0078 0.0699 
   NS_SS1454  6 0.0182 0.0135 0.1949 0.0236 0.6222 0.0013 0.1264 
   NS_SS1412  6 0.2336 0.0540 0.1672 0.3067 0.0466 0.0260 0.1659 
   NS_SS1438  6 0.5178 0.0353 0.0312 0.0130 0.0884 0.0015 0.3129 
   NS_SS1416  6 0.0369 0.0566 0.0191 0.0103 0.8682 0.0048 0.0041 
   NS_SS1401  6 0.0145 0.0104 0.9174 0.0156 0.0134 0.0105 0.0181 
   NS_SS1424  6 0.1783 0.2270 0.1261 0.0229 0.0100 0.0152 0.4207 
   NS_SS1435  6 0.0163 0.0784 0.0206 0.0367 0.0227 0.0032 0.8221 
   NS_SS1447  6 0.0183 0.0178 0.0197 0.9127 0.0120 0.0089 0.0106 
   NS_SS1414  6 0.0183 0.0388 0.0182 0.6699 0.2363 0.0086 0.0099 
   NS_SS1449  6 0.0089 0.0053 0.9224 0.0040 0.0503 0.0030 0.0061 
   NS_SS1443  6 0.0656 0.1304 0.0104 0.0189 0.0236 0.0020 0.7491 
   NS_SS1434  6 0.0229 0.0305 0.0306 0.1776 0.0093 0.0007 0.7284 
   NS_SS1398  6 0.8101 0.0156 0.0164 0.0524 0.0600 0.0142 0.0312 
   NS_SS1426  6 0.2286 0.2153 0.0654 0.0300 0.0150 0.0025 0.4432 
   NS_SS1413  6 0.0067 0.0050 0.0059 0.0141 0.0053 0.0103 0.9527 
   NS_SS1395  6 0.1214 0.1510 0.4698 0.1117 0.0872 0.0121 0.0467 
   NS_SS1448  6 0.0230 0.0076 0.0124 0.1040 0.0177 0.0021 0.8331 
   NS_SS1446  6 0.2447 0.0505 0.5629 0.0889 0.0170 0.0030 0.0331 
   NS_SS1403  6 0.0692 0.0378 0.2436 0.6054 0.0304 0.0055 0.0081 
   NS_SS1415  6 0.0121 0.0118 0.0116 0.0066 0.0094 0.0103 0.9381 
   NS_SS1437  6 0.0294 0.0300 0.0572 0.8444 0.0157 0.0086 0.0147 
   NS_SS1439  6 0.0134 0.9370 0.0166 0.0184 0.0073 0.0024 0.0050 
   NS_SS1441  6 0.0782 0.5370 0.0339 0.0387 0.0360 0.0018 0.2743 
   NS_SS1420  6 0.0085 0.0089 0.0073 0.0092 0.9568 0.0028 0.0064 
   NS_SS1394  6 0.0458 0.0206 0.0162 0.3151 0.5613 0.0363 0.0048 
   NS_SS1391  6 0.2166 0.4876 0.0401 0.0837 0.0125 0.0130 0.1465 
   NS_SS1410  6 0.0275 0.0313 0.8225 0.0366 0.0201 0.0143 0.0477 
   NS_SS1408  6 0.8858 0.0285 0.0192 0.0117 0.0077 0.0363 0.0108 
   NS_SS1409  6 0.6862 0.1854 0.0322 0.0414 0.0279 0.0030 0.0237 
   HI_SS0617  7 0.8636 0.0673 0.0209 0.0152 0.0250 0.0013 0.0066 
   HI_SS0618  7 0.2530 0.0452 0.0125 0.0578 0.6197 0.0026 0.0092 
   HI_SS0619  7 0.0982 0.0254 0.0903 0.2014 0.4308 0.0040 0.1498 
   HI_SS0620  7 0.0131 0.0081 0.0059 0.0091 0.0107 0.0027 0.9504 
   HI_SS0621  7 0.5120 0.0691 0.0651 0.2662 0.0628 0.0149 0.0099 
   HI_SS0622  7 0.0439 0.0217 0.0154 0.7979 0.0529 0.0105 0.0578 
   HI_SS0626  7 0.5990 0.0227 0.0211 0.0333 0.3070 0.0080 0.0089 
   HI_SS0627  7 0.0254 0.0312 0.8470 0.0240 0.0515 0.0102 0.0108 
   HI_SS0628  7 0.4961 0.0448 0.0636 0.0291 0.0280 0.0491 0.2893 
   HI_SS0629  7 0.4588 0.1137 0.0283 0.3319 0.0191 0.0068 0.0413 
   HI_SS0630  7 0.0401 0.0271 0.0077 0.0248 0.0837 0.0657 0.7509 
   HI_SS0631  7 0.1191 0.0901 0.0506 0.0262 0.1091 0.0008 0.6040 
   HI_SS0632  7 0.2134 0.0349 0.0413 0.0844 0.3516 0.0034 0.2711 
   HI_SS0633  7 0.0403 0.0196 0.0108 0.8994 0.0140 0.0039 0.0119 
   HI_SS0634  7 0.1148 0.0221 0.7720 0.0086 0.0574 0.0024 0.0228 
   HI_SS0635  7 0.3861 0.3322 0.0116 0.0916 0.1589 0.0074 0.0122 
   HI_SS0637  7 0.8820 0.0704 0.0120 0.0094 0.0199 0.0024 0.0039 
   HI_SS0638  7 0.0285 0.0189 0.0360 0.0494 0.0546 0.0013 0.8113 
   HI_SS0639  7 0.5969 0.1994 0.0352 0.0542 0.0609 0.0464 0.0070 
   HI_SS0640  7 0.1313 0.2192 0.0133 0.5522 0.0182 0.0019 0.0640 
   HI_SS0641  7 0.9391 0.0103 0.0026 0.0059 0.0214 0.0040 0.0167 
   HI_SS0642  7 0.0074 0.0142 0.9497 0.0102 0.0086 0.0024 0.0075 
   HI_SS0645  7 0.0049 0.0057 0.0069 0.0083 0.9644 0.0008 0.0090 
   HI_SS0646  7 0.0117 0.9211 0.0385 0.0112 0.0060 0.0026 0.0089 
   HI_SS0647  7 0.0203 0.0144 0.2467 0.2664 0.0365 0.0015 0.4144 
   HI_SS0648  7 0.0511 0.3810 0.0314 0.0614 0.2855 0.0033 0.1862 
   HI_SS0649  7 0.4867 0.0393 0.0257 0.3435 0.0945 0.0017 0.0086 
   HI_SS0650  7 0.9187 0.0149 0.0140 0.0229 0.0175 0.0032 0.0088 
   HI_SS0651  7 0.2374 0.6338 0.0093 0.0208 0.0804 0.0035 0.0148 
   HI_SS0652  7 0.2521 0.0119 0.0104 0.0292 0.6788 0.0026 0.0150 
   NS_SS1371  7 0.5754 0.3697 0.0086 0.0266 0.0067 0.0040 0.0088 
   NS_SS1374  7 0.3862 0.0283 0.2264 0.0118 0.0351 0.0024 0.3098 
   NS_SS1337  7 0.1034 0.0106 0.7480 0.0125 0.1082 0.0043 0.0131 
   NS_SS1385  7 0.0204 0.5021 0.0312 0.4107 0.0145 0.0047 0.0163 
   NS_SS1388  7 0.0125 0.0071 0.0097 0.9306 0.0207 0.0063 0.0131 
   NS_SS1370  7 0.0232 0.0129 0.0185 0.0037 0.9196 0.0078 0.0144 
   NS_SS1389  7 0.0088 0.0055 0.0051 0.9365 0.0322 0.0038 0.0080 
   NS_SS1360  7 0.1961 0.1593 0.0280 0.0601 0.1155 0.0045 0.4366 
   NS_SS1330  7 0.1313 0.4939 0.0085 0.0249 0.3289 0.0033 0.0092 
   NS_SS1328  7 0.0148 0.0104 0.0392 0.0117 0.0039 0.0023 0.9177 
   NS_SS1384  7 0.0136 0.9558 0.0069 0.0046 0.0082 0.0027 0.0083 
   NS_SS1381  7 0.0708 0.0115 0.0329 0.8483 0.0240 0.0012 0.0112 
   NS_SS1375  7 0.0646 0.2693 0.0265 0.4113 0.1694 0.0011 0.0578 
   NS_SS1319  7 0.3109 0.4438 0.1165 0.0116 0.0178 0.0883 0.0111 
   NS_SS1326  7 0.0199 0.0063 0.0209 0.0101 0.0096 0.0117 0.9215 
   NS_SS1341  7 0.0170 0.0079 0.9316 0.0152 0.0099 0.0048 0.0136 
   NS_SS1383  7 0.2399 0.0679 0.6519 0.0100 0.0088 0.0041 0.0174 
   NS_SS1318  7 0.6825 0.1253 0.0184 0.0757 0.0305 0.0129 0.0546 
   NS_SS1348  7 0.0222 0.0292 0.0233 0.0126 0.0111 0.0017 0.8998 
   NS_SS1363  7 0.6917 0.1178 0.0246 0.0156 0.1217 0.0049 0.0237 
   NS_SS1335  7 0.0744 0.3971 0.0294 0.0139 0.1540 0.0323 0.2989 
   NS_SS1358  7 0.0225 0.4556 0.4134 0.0057 0.0397 0.0135 0.0496 
   NS_SS1342  7 0.0266 0.0550 0.7833 0.0793 0.0079 0.0016 0.0463 
   NS_SS1320  7 0.0244 0.0288 0.0541 0.8011 0.0775 0.0082 0.0059 
   NS_SS1355  7 0.0119 0.0174 0.0077 0.9307 0.0199 0.0086 0.0038 
   NS_SS1345  7 0.0319 0.8599 0.0088 0.0493 0.0117 0.0137 0.0247 
   NS_SS1324  7 0.5664 0.0381 0.0147 0.0251 0.0134 0.0035 0.3388 
   NS_SS1347  7 0.0692 0.4161 0.0296 0.1873 0.2726 0.0049 0.0202 
   NS_SS1321  7 0.0469 0.0355 0.8300 0.0103 0.0270 0.0013 0.0490 
   NS_SS1333  7 0.0391 0.0198 0.8157 0.0247 0.0105 0.0031 0.0872 
   NS_SS1364  7 0.0229 0.0349 0.0227 0.4763 0.0430 0.0022 0.3979 
   NS_SS1379  7 0.0252 0.0106 0.1487 0.0366 0.7114 0.0573 0.0102 
   NS_SS1332  7 0.0110 0.0118 0.0112 0.1413 0.0053 0.0071 0.8123 
   NS_SS1338  7 0.0205 0.0117 0.0259 0.0079 0.8952 0.0058 0.0330 
   NS_SS1368  7 0.0262 0.0233 0.0562 0.3038 0.0073 0.0068 0.5764 
   NS_SS1354  7 0.1927 0.7021 0.0247 0.0331 0.0241 0.0126 0.0107 
   NS_SS1365  7 0.0855 0.0383 0.0138 0.4061 0.2194 0.0099 0.2270 
   NS_SS1380  7 0.3093 0.0447 0.0228 0.1409 0.4559 0.0181 0.0083 
   NS_SS1329  7 0.0109 0.0163 0.5154 0.4160 0.0127 0.0031 0.0257 
   NS_SS1362  7 0.0314 0.8873 0.0376 0.0165 0.0108 0.0038 0.0126 
   NS_SS1327  7 0.0158 0.0194 0.0101 0.0083 0.0054 0.0043 0.9368 
   NS_SS1350  7 0.9477 0.0120 0.0107 0.0067 0.0056 0.0073 0.0100 
   NS_SS1387  7 0.0454 0.1207 0.0127 0.2770 0.5281 0.0028 0.0133 
   NS_SS1369  7 0.0348 0.0437 0.0558 0.0181 0.1030 0.0059 0.7387 
   NS_SS1331  7 0.0170 0.0156 0.2369 0.0193 0.6446 0.0082 0.0583 
   NS_SS1357  7 0.0164 0.0169 0.8608 0.0530 0.0119 0.0030 0.0381 
   NS_SS1386  7 0.0085 0.0362 0.2190 0.0091 0.0087 0.0039 0.7146 
   NS_SS1353  7 0.0130 0.0169 0.0689 0.8106 0.0427 0.0036 0.0443 
   NS_SS1323  7 0.0109 0.0593 0.7906 0.0310 0.0188 0.0802 0.0091 
   HI_SS0296  8 0.0502 0.0137 0.0106 0.0131 0.5918 0.0021 0.3185 
   HI_SS0297  8 0.1691 0.0211 0.7464 0.0204 0.0112 0.0009 0.0309 
   HI_SS0299  8 0.3120 0.5619 0.0302 0.0183 0.0277 0.0276 0.0224 
   HI_SS0300  8 0.0289 0.0146 0.0080 0.0803 0.6967 0.0016 0.1700 
   HI_SS0301  8 0.5303 0.2538 0.0192 0.0842 0.0863 0.0031 0.0230 
   HI_SS0302  8 0.0207 0.0210 0.0100 0.0262 0.0511 0.0326 0.8385 
   HI_SS0303  8 0.0104 0.0077 0.0142 0.0869 0.0117 0.0090 0.8601 
   HI_SS0304  8 0.0479 0.0136 0.0535 0.0849 0.7415 0.0028 0.0559 
   HI_SS0306  8 0.0042 0.0064 0.0068 0.0057 0.0058 0.0036 0.9676 
   HI_SS0307  8 0.5221 0.1891 0.0064 0.2413 0.0274 0.0078 0.0060 
   HI_SS0308  8 0.2959 0.4923 0.0173 0.0241 0.0892 0.0710 0.0102 
   HI_SS0309  8 0.0273 0.6558 0.0271 0.0133 0.2644 0.0030 0.0091 
   HI_SS0310  8 0.0078 0.0211 0.0037 0.9303 0.0050 0.0077 0.0243 
   HI_SS0311  8 0.0157 0.0453 0.4670 0.0247 0.2076 0.0028 0.2369 
   HI_SS0314  8 0.0069 0.0134 0.0083 0.9167 0.0217 0.0013 0.0316 
   HI_SS0316  8 0.1321 0.0464 0.0276 0.6614 0.0192 0.0035 0.1098 
   HI_SS0317  8 0.3352 0.2597 0.3124 0.0328 0.0358 0.0026 0.0215 
   HI_SS0318  8 0.0523 0.1055 0.2050 0.0140 0.2893 0.2032 0.1306 
   HI_SS0319  8 0.0583 0.5905 0.0098 0.0104 0.0066 0.0044 0.3200 
   HI_SS0320  8 0.0146 0.0141 0.8539 0.0790 0.0328 0.0011 0.0045 
   HI_SS0321  8 0.9511 0.0148 0.0095 0.0050 0.0070 0.0016 0.0110 
   HI_SS0323  8 0.9314 0.0227 0.0112 0.0060 0.0155 0.0014 0.0117 
   HI_SS0325  8 0.0207 0.0127 0.0103 0.0395 0.0777 0.0022 0.8370 
   HI_SS0327  8 0.1935 0.4366 0.0221 0.0090 0.0139 0.0015 0.3235 
   HI_SS0329  8 0.2575 0.0115 0.0826 0.3518 0.2627 0.0015 0.0324 
   HI_SS0333  8 0.0782 0.0281 0.1280 0.6274 0.1082 0.0027 0.0273 
   HI_SS0334  8 0.1233 0.1354 0.1641 0.0121 0.5342 0.0015 0.0294 
   HI_SS0335  8 0.1619 0.7485 0.0527 0.0085 0.0079 0.0147 0.0058 
   HI_SS0339  8 0.0300 0.1412 0.0584 0.5803 0.1635 0.0138 0.0127 
   HI_SS0343  8 0.0078 0.3187 0.1003 0.5186 0.0145 0.0022 0.0378 
   HI_SS0344  8 0.0114 0.0050 0.0163 0.0046 0.0060 0.0032 0.9535 
   HI_SS0345  8 0.0187 0.1632 0.6255 0.0289 0.0942 0.0095 0.0599 
   HI_SS0346  8 0.1145 0.1832 0.3421 0.0333 0.2370 0.0040 0.0858 
   HI_SS0350  8 0.0077 0.0636 0.0195 0.1348 0.7623 0.0082 0.0039 
   HI_SS0351  8 0.0675 0.2916 0.1178 0.4110 0.0702 0.0038 0.0382 
   HI_SS0352  8 0.0135 0.0265 0.2313 0.5590 0.0248 0.1210 0.0238 
   HI_SS0362  8 0.1929 0.0937 0.0220 0.0141 0.0909 0.0029 0.5835 
   HI_SS0363  8 0.1216 0.0792 0.0161 0.0527 0.0421 0.0046 0.6837 
   HI_SS0365  8 0.0323 0.3892 0.0153 0.0140 0.4171 0.0041 0.1279 
   HI_SS0366  8 0.0383 0.1466 0.0159 0.0230 0.0204 0.0014 0.7544 
   HI_SS0367  8 0.0183 0.0155 0.0882 0.8195 0.0506 0.0027 0.0051 
   HI_SS0369  8 0.0468 0.0127 0.1336 0.0467 0.7513 0.0027 0.0063 
   HI_SS0370  8 0.7942 0.1452 0.0289 0.0148 0.0053 0.0025 0.0091 
   HI_SS0371  8 0.0201 0.0091 0.0088 0.0191 0.0121 0.0044 0.9264 
   HI_SS0373  8 0.2030 0.1271 0.0104 0.1288 0.1187 0.0161 0.3958 
   HI_SS0374  8 0.0321 0.0335 0.0103 0.8682 0.0163 0.0333 0.0063 
   HI_SS0377  8 0.0111 0.1001 0.3491 0.0195 0.1232 0.0923 0.3047 
   HI_SS0379  8 0.0054 0.0092 0.0240 0.0080 0.0048 0.0012 0.9474 
   HI_SS0380  8 0.3747 0.4346 0.0358 0.0833 0.0557 0.0080 0.0078 
   HI_SS0381  8 0.2119 0.2053 0.1965 0.2254 0.1366 0.0058 0.0186 
   HI_SS0384  8 0.5559 0.0226 0.1735 0.1839 0.0107 0.0083 0.0451 
   HI_SS0385  8 0.0156 0.0301 0.0085 0.0406 0.2974 0.0012 0.6067 
   HI_SS0386  9 0.0018 0.0017 0.0026 0.0015 0.0014 0.9892 0.0018 
   HI_SS0387  9 0.0113 0.0128 0.0143 0.0082 0.0084 0.9317 0.0134 
   HI_SS0389  9 0.0040 0.0034 0.0050 0.0044 0.0036 0.9767 0.0029 
   HI_SS0390  9 0.0021 0.0019 0.0018 0.0017 0.0019 0.9884 0.0022 
   HI_SS0391  9 0.0030 0.0029 0.0033 0.0030 0.0035 0.9823 0.0020 
   HI_SS0392  9 0.0019 0.0019 0.0015 0.0016 0.0017 0.9893 0.0020 
   HI_SS0393  9 0.0018 0.0018 0.0014 0.0020 0.0017 0.9890 0.0023 
   HI_SS0394  9 0.0018 0.0018 0.0016 0.0018 0.0018 0.9895 0.0017 
   HI_SS0395  9 0.0044 0.0044 0.0044 0.0035 0.0049 0.9745 0.0039 
   HI_SS0396  9 0.0151 0.0090 0.0065 0.0109 0.0127 0.9396 0.0062 
   HI_SS0398  9 0.0053 0.0063 0.0055 0.0092 0.0051 0.9623 0.0064 
   HI_SS0399  9 0.0013 0.0015 0.0012 0.0012 0.0015 0.9922 0.0010 
   HI_SS0400  9 0.0021 0.0027 0.0030 0.0021 0.0032 0.9845 0.0024 
   HI_SS0401  9 0.0019 0.0018 0.0018 0.0017 0.0023 0.9887 0.0017 
   HI_SS0402  9 0.0015 0.0018 0.0016 0.0014 0.0014 0.9908 0.0016 
   HI_SS0403  9 0.0017 0.0019 0.0023 0.0015 0.0015 0.9897 0.0014 
   HI_SS0404  9 0.0011 0.0013 0.0016 0.0017 0.0015 0.9913 0.0014 
   HI_SS0405  9 0.0120 0.0191 0.0279 0.0090 0.0103 0.9103 0.0114 
   HI_SS0406  9 0.0022 0.0033 0.0024 0.0026 0.0026 0.9852 0.0017 
   HI_SS0407  9 0.0052 0.0094 0.0056 0.0074 0.0129 0.9515 0.0079 
   HI_SS0408  9 0.0017 0.0019 0.0016 0.0009 0.0013 0.9910 0.0016 
   HI_SS0409  9 0.0039 0.0033 0.0040 0.0035 0.0040 0.9779 0.0035 
   HI_SS0411  9 0.0034 0.0045 0.0032 0.0030 0.0037 0.9796 0.0026 
   HI_SS0412  9 0.0340 0.0382 0.0526 0.0340 0.0310 0.7970 0.0131 
   HI_SS0413  9 0.0024 0.0027 0.0021 0.0020 0.0024 0.9863 0.0020 
   HI_SS0414  9 0.0203 0.0144 0.0131 0.0144 0.0123 0.9183 0.0073 
   HI_SS0415  9 0.0021 0.0023 0.0023 0.0020 0.0013 0.9879 0.0021 
   HI_SS0416  9 0.0041 0.0032 0.0025 0.0054 0.0033 0.9789 0.0028 
   HI_SS0418  9 0.0042 0.0070 0.0072 0.0038 0.0040 0.9696 0.0042 
   HI_SS0419  9 0.0034 0.0026 0.0030 0.0041 0.0045 0.9793 0.0031 
   HI_SS0420  9 0.0032 0.0031 0.0020 0.0024 0.0023 0.9841 0.0029 
   HI_SS0421  9 0.0044 0.0048 0.0070 0.0051 0.0053 0.9707 0.0028 
   HI_SS0422  9 0.0013 0.0015 0.0017 0.0028 0.0022 0.9890 0.0015 
   HI_SS0423  9 0.0053 0.0040 0.0048 0.0037 0.0046 0.9728 0.0048 
   HI_SS0424  9 0.0017 0.0019 0.0019 0.0021 0.0023 0.9886 0.0015 
   HI_SS0425  9 0.0038 0.0028 0.0041 0.0044 0.0041 0.9784 0.0024 
   NS_SS1146 10 0.0025 0.0027 0.0021 0.0023 0.0018 0.9848 0.0038 
   NS_SS1157 10 0.0048 0.0076 0.0067 0.0067 0.0075 0.9614 0.0052 
   NS_SS1144 10 0.0218 0.0176 0.0095 0.0111 0.0180 0.9039 0.0181 
   NS_SS1074 10 0.0036 0.0043 0.0043 0.0029 0.0038 0.9777 0.0034 
   NS_SS1122 10 0.0066 0.0050 0.0041 0.0047 0.0043 0.9702 0.0052 
   NS_SS1136 10 0.0011 0.0011 0.0014 0.0013 0.0015 0.9922 0.0014 
   NS_SS1077 10 0.0010 0.0010 0.0008 0.0006 0.0008 0.9949 0.0009 
   NS_SS1134 10 0.0082 0.0090 0.0111 0.0062 0.0254 0.9336 0.0066 
   NS_SS1091 10 0.0023 0.0028 0.0023 0.0022 0.0027 0.9858 0.0018 
   NS_SS1089 10 0.0030 0.0030 0.0034 0.0024 0.0034 0.9811 0.0039 
   NS_SS1123 10 0.0025 0.0014 0.0020 0.0021 0.0021 0.9882 0.0017 
   NS_SS1158 10 0.0012 0.0011 0.0013 0.0017 0.0011 0.9925 0.0011 
   NS_SS1093 10 0.0035 0.0024 0.0023 0.0022 0.0021 0.9846 0.0029 
