   NS_SS0963  1 0.0365 0.7124 0.2299 0.0048 0.0164 
   NS_SS0983  1 0.0063 0.1151 0.0162 0.0034 0.8590 
   NS_SS0719  1 0.4402 0.5295 0.0092 0.0043 0.0168 
   NS_SS1001  1 0.5379 0.0495 0.2621 0.0062 0.1443 
   NS_SS0936  1 0.1459 0.3429 0.4704 0.0027 0.0380 
   NS_SS0955  1 0.1382 0.4146 0.0573 0.0035 0.3864 
   NS_SS0944  1 0.0293 0.0349 0.2599 0.0020 0.6739 
   NS_SS0945  1 0.1087 0.0186 0.3067 0.0096 0.5563 
   NS_SS0922  1 0.6910 0.2136 0.0641 0.0236 0.0076 
   NS_SS0929  1 0.2650 0.3507 0.1395 0.0029 0.2419 
   NS_SS0956  1 0.9546 0.0229 0.0104 0.0036 0.0085 
   NS_SS0906  1 0.1425 0.3056 0.5125 0.0032 0.0362 
   NS_SS0721  1 0.1445 0.8253 0.0083 0.0051 0.0169 
   NS_SS0982  1 0.1958 0.4012 0.3744 0.0155 0.0131 
   NS_SS0923  1 0.4379 0.4853 0.0602 0.0043 0.0123 
   NS_SS0905  1 0.1757 0.7748 0.0285 0.0018 0.0193 
   NS_SS0925  1 0.0725 0.8039 0.1130 0.0042 0.0064 
   NS_SS0947  1 0.2538 0.1301 0.5872 0.0042 0.0248 
   NS_SS0926  1 0.0303 0.0182 0.0251 0.0011 0.9253 
   NS_SS0918  1 0.4290 0.0865 0.3632 0.0025 0.1187 
   NS_SS0966  1 0.0391 0.1059 0.7321 0.0473 0.0756 
   NS_SS0938  1 0.6124 0.0250 0.3167 0.0016 0.0444 
   NS_SS0917  1 0.2491 0.6185 0.0692 0.0332 0.0300 
   NS_SS0957  1 0.6422 0.2358 0.0994 0.0067 0.0160 
   NS_SS0987  1 0.6548 0.0823 0.0263 0.2297 0.0069 
   NS_SS0717  1 0.4168 0.0407 0.5241 0.0024 0.0160 
   NS_SS0986  1 0.4022 0.0307 0.5173 0.0033 0.0466 
   NS_SS0953  1 0.1131 0.0464 0.8046 0.0146 0.0213 
   NS_SS0907  1 0.1280 0.4421 0.3752 0.0372 0.0175 
   NS_SS0974  1 0.0623 0.1025 0.1262 0.0037 0.7053 
   NS_SS0989  1 0.0503 0.2014 0.0904 0.0013 0.6567 
   NS_SS0991  1 0.0411 0.0958 0.1697 0.0021 0.6913 
   NS_SS0994  1 0.0074 0.0087 0.0077 0.0021 0.9742 
   NS_SS0931  1 0.0235 0.0190 0.0172 0.0111 0.9292 
   NS_SS1000  1 0.0478 0.0623 0.8762 0.0033 0.0103 
   NS_SS0919  1 0.0181 0.9436 0.0126 0.0027 0.0229 
   NS_SS0949  1 0.0079 0.0223 0.0072 0.0012 0.9614 
   NS_SS0960  1 0.1243 0.7162 0.0204 0.0063 0.1328 
   NS_SS0716  1 0.9677 0.0070 0.0166 0.0046 0.0041 
   NS_SS0924  1 0.2518 0.5330 0.0326 0.0199 0.1627 
   NS_SS0935  1 0.0494 0.5577 0.0121 0.0099 0.3708 
   NS_SS0952  1 0.0252 0.4795 0.1942 0.0404 0.2607 
   NS_SS0962  1 0.6139 0.1253 0.2459 0.0065 0.0084 
   NS_SS0973  1 0.0160 0.8898 0.0566 0.0033 0.0343 
   NS_SS0722  1 0.1466 0.1055 0.7359 0.0019 0.0101 
   NS_SS0979  1 0.3913 0.0723 0.5228 0.0020 0.0116 
   NS_SS0993  1 0.1029 0.0717 0.7950 0.0151 0.0153 
   NS_SS0958  1 0.0561 0.0261 0.1467 0.0036 0.7676 
   NS_SS0988  1 0.3072 0.1295 0.4492 0.0044 0.1096 
   NS_SS1003  1 0.6057 0.2503 0.1238 0.0113 0.0089 
   NS_SS0976  1 0.0364 0.4190 0.0590 0.0023 0.4833 
   NS_SS0964  1 0.6081 0.0868 0.2892 0.0025 0.0134 
   NS_SS0939  1 0.8913 0.0366 0.0630 0.0041 0.0050 
   NS_SS0990  1 0.5645 0.0115 0.3713 0.0031 0.0496 
   NS_SS0984  1 0.8146 0.0501 0.1279 0.0022 0.0052 
   NS_SS0980  1 0.0793 0.8910 0.0179 0.0020 0.0098 
   NS_SS0978  1 0.0198 0.9430 0.0219 0.0028 0.0125 
   NS_SS0951  1 0.3008 0.0656 0.3408 0.0030 0.2898 
   NS_SS0913  1 0.6917 0.0314 0.2255 0.0418 0.0096 
   NS_SS1002  1 0.0111 0.0449 0.9069 0.0299 0.0072 
   NS_SS0948  1 0.1103 0.0321 0.6629 0.0463 0.1485 
   NS_SS0916  1 0.1334 0.7643 0.0163 0.0049 0.0811 
   NS_SS0995  1 0.3653 0.5904 0.0316 0.0030 0.0097 
   NS_SS0927  1 0.0894 0.8266 0.0228 0.0046 0.0566 
   NS_SS0992  1 0.0926 0.7403 0.0766 0.0035 0.0870 
   NS_SS0912  1 0.1384 0.0854 0.1291 0.0031 0.6440 
   NS_SS0981  1 0.4628 0.4173 0.1009 0.0033 0.0157 
   NS_SS0729  2 0.0071 0.0265 0.0151 0.0038 0.9476 
   NS_SS0967  2 0.2351 0.4075 0.2802 0.0107 0.0665 
   NS_SS0941  2 0.1453 0.6007 0.1455 0.0670 0.0415 
   NS_SS0768  2 0.2044 0.0357 0.7413 0.0044 0.0142 
   NS_SS0726  2 0.0102 0.5442 0.0490 0.0076 0.3891 
   NS_SS0763  2 0.0987 0.1689 0.1617 0.0025 0.5682 
   NS_SS0730  2 0.9303 0.0292 0.0255 0.0031 0.0119 
   NS_SS0774  2 0.4836 0.2712 0.2373 0.0009 0.0070 
   NS_SS0723  2 0.0934 0.8749 0.0263 0.0015 0.0039 
   NS_SS0940  2 0.1541 0.5405 0.0237 0.0068 0.2749 
   NS_SS0762  2 0.5567 0.0512 0.3771 0.0031 0.0119 
   NS_SS0766  2 0.6488 0.2164 0.0253 0.0130 0.0965 
   NS_SS0724  2 0.1910 0.0208 0.7688 0.0033 0.0161 
   NS_SS0769  2 0.1171 0.5170 0.3427 0.0043 0.0189 
   NS_SS0777  2 0.1013 0.3100 0.0647 0.0143 0.5097 
   NS_SS0734  2 0.5907 0.2394 0.0284 0.0243 0.1173 
   NS_SS0737  2 0.2454 0.0575 0.6800 0.0055 0.0116 
   NS_SS0732  2 0.2540 0.7260 0.0079 0.0047 0.0074 
   NS_SS0728  2 0.2997 0.6072 0.0587 0.0097 0.0247 
   NS_SS0735  2 0.1764 0.3435 0.4228 0.0085 0.0488 
   NS_SS0725  2 0.0733 0.0089 0.8213 0.0071 0.0894 
   NS_SS0788  2 0.1015 0.8150 0.0746 0.0014 0.0075 
   NS_SS0778  2 0.1571 0.7853 0.0274 0.0014 0.0288 
   NS_SS0792  2 0.3998 0.1002 0.4515 0.0051 0.0434 
   NS_SS0943  2 0.0200 0.0296 0.1242 0.0086 0.8175 
   NS_SS0791  2 0.1540 0.7765 0.0056 0.0100 0.0541 
   NS_SS0790  2 0.2723 0.0095 0.7117 0.0026 0.0039 
   NS_SS0731  2 0.2107 0.0121 0.7559 0.0107 0.0106 
   NS_SS0727  2 0.0753 0.0386 0.0355 0.0022 0.8485 
   NS_SS0779  2 0.0914 0.7670 0.0856 0.0063 0.0497 
   NS_SS0776  2 0.0199 0.0995 0.8184 0.0058 0.0564 
   NS_SS0775  2 0.8291 0.0260 0.1283 0.0060 0.0106 
   NS_SS0965  3 0.2057 0.7286 0.0303 0.0013 0.0342 
   NS_SS0754  3 0.0941 0.6771 0.0157 0.0117 0.2015 
   NS_SS0838  3 0.2051 0.1968 0.3562 0.0487 0.1933 
   NS_SS0839  3 0.3245 0.1012 0.5652 0.0035 0.0055 
   NS_SS0832  3 0.2010 0.1358 0.6137 0.0452 0.0044 
   NS_SS0820  3 0.2957 0.1172 0.5779 0.0048 0.0044 
   NS_SS0886  3 0.1731 0.4333 0.0575 0.0023 0.3338 
   NS_SS0748  3 0.0418 0.0683 0.3394 0.0094 0.5411 
   NS_SS0884  3 0.0648 0.7666 0.1111 0.0225 0.0351 
   NS_SS0752  3 0.1041 0.7585 0.1024 0.0023 0.0328 
   NS_SS0862  3 0.4264 0.5318 0.0306 0.0042 0.0071 
   NS_SS0787  3 0.0133 0.0405 0.0062 0.0064 0.9336 
   NS_SS0843  3 0.1208 0.4638 0.3078 0.0020 0.1057 
   NS_SS0856  3 0.2498 0.0597 0.6568 0.0031 0.0306 
   NS_SS0846  3 0.0116 0.3275 0.4910 0.0030 0.1668 
   NS_SS0825  3 0.5974 0.0513 0.2821 0.0123 0.0569 
   NS_SS0757  3 0.1396 0.6256 0.1300 0.0039 0.1010 
   NS_SS0876  3 0.1618 0.1423 0.4634 0.2206 0.0119 
   NS_SS0903  3 0.0983 0.7311 0.1568 0.0021 0.0117 
   NS_SS0875  3 0.8064 0.0570 0.0735 0.0029 0.0602 
   NS_SS0740  3 0.0515 0.7986 0.1242 0.0029 0.0229 
   NS_SS0811  3 0.8757 0.0154 0.0921 0.0081 0.0086 
   NS_SS0751  3 0.5232 0.3492 0.0975 0.0021 0.0280 
   NS_SS0891  3 0.1083 0.0270 0.8406 0.0051 0.0190 
   NS_SS0867  3 0.0342 0.6828 0.0492 0.0250 0.2088 
   NS_SS0890  3 0.2781 0.5782 0.0382 0.0036 0.1018 
   NS_SS0866  3 0.0362 0.0177 0.0178 0.0051 0.9231 
   NS_SS0755  3 0.4435 0.2204 0.2859 0.0072 0.0430 
   NS_SS0758  3 0.0520 0.2963 0.5048 0.0018 0.1450 
   NS_SS0840  3 0.6370 0.0518 0.3010 0.0021 0.0081 
   NS_SS0889  3 0.0404 0.0114 0.0225 0.0025 0.9232 
   NS_SS1010  3 0.2336 0.5825 0.0964 0.0388 0.0487 
   NS_SS0888  3 0.0243 0.3026 0.0063 0.0017 0.6650 
   NS_SS0837  3 0.5623 0.1930 0.2058 0.0025 0.0365 
   NS_SS0794  3 0.0563 0.0337 0.1109 0.0021 0.7971 
   NS_SS0823  3 0.1367 0.0425 0.7882 0.0037 0.0288 
   NS_SS0829  3 0.1537 0.0391 0.0189 0.1047 0.6836 
   NS_SS0844  3 0.2139 0.0201 0.7592 0.0019 0.0050 
   NS_SS1008  3 0.1142 0.0761 0.0413 0.0129 0.7554 
   NS_SS0881  3 0.4993 0.3182 0.0911 0.0022 0.0892 
   NS_SS0834  3 0.0076 0.0063 0.9741 0.0044 0.0075 
   NS_SS0744  3 0.1290 0.8125 0.0358 0.0063 0.0164 
   NS_SS0899  3 0.1602 0.0104 0.8233 0.0012 0.0049 
   NS_SS0804  3 0.3596 0.1817 0.4463 0.0039 0.0085 
   NS_SS0781  3 0.0323 0.0345 0.9260 0.0031 0.0041 
   NS_SS0822  3 0.0103 0.0256 0.1414 0.0021 0.8206 
   NS_SS1004  3 0.0584 0.3310 0.5648 0.0046 0.0412 
   NS_SS0746  3 0.0791 0.0584 0.7138 0.0130 0.1356 
   NS_SS0880  3 0.2363 0.4178 0.2158 0.0018 0.1283 
   NS_SS0879  3 0.1011 0.0575 0.7704 0.0133 0.0577 
   NS_SS0753  3 0.0305 0.6598 0.0156 0.0090 0.2851 
   NS_SS1007  3 0.2563 0.7171 0.0096 0.0015 0.0156 
   NS_SS0872  3 0.1252 0.0186 0.8476 0.0018 0.0069 
   NS_SS1005  3 0.0127 0.0261 0.9511 0.0009 0.0092 
   NS_SS0892  3 0.4495 0.4530 0.0572 0.0021 0.0382 
   NS_SS0898  3 0.4436 0.0128 0.0261 0.0059 0.5117 
   NS_SS0801  3 0.3162 0.3307 0.3257 0.0094 0.0180 
   NS_SS0827  3 0.5597 0.1864 0.0230 0.1126 0.1184 
   NS_SS0853  3 0.7905 0.0620 0.1234 0.0047 0.0194 
   NS_SS0780  3 0.1347 0.8055 0.0478 0.0040 0.0080 
   NS_SS0826  3 0.0189 0.0116 0.7507 0.0030 0.2158 
   NS_SS0818  3 0.0492 0.8154 0.1140 0.0015 0.0200 
   NS_SS0745  3 0.7103 0.0059 0.2765 0.0014 0.0059 
   NS_SS0849  3 0.8158 0.1163 0.0422 0.0016 0.0240 
   NS_SS0739  3 0.5379 0.4235 0.0146 0.0105 0.0134 
   NS_SS0799  3 0.0468 0.6054 0.0146 0.0013 0.3319 
   NS_SS0756  3 0.1481 0.1320 0.7036 0.0036 0.0127 
   NS_SS0802  3 0.0548 0.6947 0.0389 0.1870 0.0245 
   NS_SS0747  3 0.0125 0.9531 0.0238 0.0040 0.0066 
   NS_SS0835  3 0.0193 0.2671 0.0342 0.0012 0.6782 
   NS_SS0742  3 0.1115 0.3934 0.4677 0.0011 0.0262 
   NS_SS0760  3 0.0128 0.0210 0.0160 0.0432 0.9069 
   NS_SS0803  3 0.0194 0.0564 0.9090 0.0075 0.0076 
   NS_SS0828  3 0.3210 0.6244 0.0146 0.0012 0.0388 
   NS_SS0865  3 0.4817 0.4265 0.0269 0.0266 0.0384 
   NS_SS0759  3 0.6628 0.2832 0.0420 0.0042 0.0078 
   NS_SS0851  3 0.9405 0.0057 0.0358 0.0113 0.0068 
   NS_SS0874  3 0.1415 0.0876 0.7592 0.0015 0.0101 
   NS_SS0761  3 0.1659 0.1260 0.0392 0.0025 0.6664 
   NS_SS0842  3 0.5628 0.0465 0.2828 0.0080 0.1000 
   NS_SS0785  3 0.0423 0.7365 0.1114 0.0056 0.1042 
   NS_SS0860  3 0.0578 0.3273 0.0310 0.0025 0.5814 
   NS_SS0897  3 0.0095 0.0090 0.0064 0.0016 0.9734 
   NS_SS0841  3 0.8147 0.1452 0.0264 0.0039 0.0098 
   NS_SS0797  3 0.5696 0.0231 0.0126 0.0206 0.3741 
   NS_SS0830  3 0.6172 0.1653 0.0769 0.0017 0.1390 
   NS_SS1011  3 0.0965 0.2633 0.6225 0.0059 0.0119 
   NS_SS0883  3 0.4641 0.5016 0.0084 0.0055 0.0203 
   NS_SS0782  3 0.2355 0.0480 0.3904 0.0023 0.3238 
   NS_SS0831  3 0.1950 0.0374 0.0200 0.0033 0.7443 
   NS_SS0749  3 0.0275 0.9500 0.0060 0.0027 0.0139 
   NS_SS0854  3 0.1290 0.3385 0.3817 0.0028 0.1480 
   HI_SS0193  4 0.0136 0.0094 0.0130 0.0017 0.9624 
   HI_SS0194  4 0.0139 0.0114 0.9595 0.0014 0.0138 
   HI_SS0195  4 0.6105 0.0805 0.2088 0.0954 0.0048 
   HI_SS0196  4 0.1616 0.1399 0.2588 0.0033 0.4364 
   HI_SS0197  4 0.1111 0.5714 0.3018 0.0113 0.0044 
   HI_SS0198  4 0.2183 0.6964 0.0213 0.0090 0.0550 
   HI_SS0199  4 0.0529 0.5100 0.0211 0.0027 0.4133 
   HI_SS0201  4 0.0156 0.1096 0.0335 0.0020 0.8393 
   HI_SS0215  4 0.0529 0.3794 0.0672 0.0035 0.4971 
   HI_SS0218  4 0.0221 0.0147 0.0068 0.0064 0.9500 
   HI_SS0222  4 0.7324 0.0752 0.0265 0.0046 0.1614 
   HI_SS0230  4 0.1848 0.3298 0.4686 0.0053 0.0116 
   HI_SS0234  4 0.0764 0.3400 0.3767 0.1535 0.0534 
   HI_SS0240  4 0.1635 0.8068 0.0124 0.0059 0.0113 
   HI_SS0241  4 0.2559 0.2330 0.1208 0.0024 0.3879 
   HI_SS0242  4 0.4323 0.1935 0.1249 0.0029 0.2464 
   HI_SS0247  4 0.0208 0.0223 0.9123 0.0198 0.0248 
   HI_SS0248  4 0.0074 0.0126 0.0128 0.0007 0.9665 
   HI_SS0252  4 0.1210 0.0162 0.8073 0.0020 0.0535 
   HI_SS0254  4 0.0280 0.4197 0.0365 0.0955 0.4203 
   HI_SS0256  4 0.0693 0.0788 0.8476 0.0012 0.0031 
   HI_SS0257  4 0.0203 0.5106 0.1671 0.0029 0.2990 
   HI_SS0258  4 0.0200 0.0380 0.0159 0.0048 0.9213 
   HI_SS0259  4 0.1653 0.5301 0.2929 0.0027 0.0090 
   HI_SS0260  4 0.0561 0.2531 0.0593 0.0015 0.6300 
   HI_SS0261  4 0.0250 0.1435 0.1265 0.0034 0.7017 
   HI_SS0262  4 0.8219 0.1083 0.0548 0.0052 0.0099 
   HI_SS0264  4 0.1998 0.0576 0.7256 0.0034 0.0136 
   HI_SS0265  4 0.6502 0.1529 0.0915 0.0940 0.0114 
   HI_SS0268  4 0.2445 0.6008 0.0839 0.0030 0.0678 
   HI_SS0269  4 0.0083 0.0816 0.0155 0.0019 0.8927 
   HI_SS0273  4 0.1370 0.0505 0.0119 0.0017 0.7989 
   HI_SS0277  4 0.3550 0.5398 0.0442 0.0027 0.0582 
   HI_SS0280  4 0.6846 0.2299 0.0275 0.0047 0.0533 
   HI_SS0282  4 0.0212 0.2998 0.0305 0.0013 0.6473 
   HI_SS0286  4 0.1296 0.6547 0.1097 0.0068 0.0991 
   NS_SS1252  5 0.0062 0.0074 0.0112 0.0033 0.9718 
   NS_SS1261  5 0.1142 0.1562 0.6648 0.0163 0.0484 
   NS_SS1225  5 0.0098 0.0894 0.5628 0.0936 0.2443 
   NS_SS1266  5 0.0171 0.0165 0.9548 0.0070 0.0045 
   NS_SS1228  5 0.9006 0.0629 0.0196 0.0103 0.0067 
   NS_SS1255  5 0.2844 0.0120 0.2034 0.0017 0.4985 
   NS_SS1267  5 0.0230 0.0917 0.0047 0.0147 0.8659 
   NS_SS1238  5 0.1312 0.0592 0.2523 0.0033 0.5540 
   NS_SS1233  5 0.0710 0.0129 0.8547 0.0016 0.0598 
   NS_SS1277  5 0.0197 0.0077 0.0042 0.0009 0.9675 
   NS_SS1245  5 0.0726 0.0468 0.5220 0.0015 0.3571 
   NS_SS1240  5 0.0059 0.0208 0.0099 0.0020 0.9614 
   NS_SS1275  5 0.5180 0.1140 0.3587 0.0030 0.0062 
   NS_SS1235  5 0.0053 0.0200 0.9575 0.0040 0.0133 
   NS_SS1263  5 0.0195 0.0163 0.9199 0.0008 0.0435 
   NS_SS1251  5 0.0325 0.0534 0.8753 0.0015 0.0373 
   NS_SS1248  5 0.6859 0.0062 0.0221 0.0943 0.1915 
   NS_SS1244  5 0.0996 0.6453 0.0593 0.0058 0.1900 
   NS_SS1257  5 0.0770 0.0906 0.0363 0.0380 0.7582 
   NS_SS1242  5 0.2574 0.0122 0.7177 0.0026 0.0101 
   NS_SS1271  5 0.0574 0.0116 0.0048 0.0283 0.8979 
   NS_SS1265  5 0.0153 0.0124 0.1043 0.0246 0.8434 
   NS_SS1243  5 0.5136 0.0456 0.3243 0.0831 0.0333 
   NS_SS1273  5 0.7867 0.0151 0.1780 0.0090 0.0111 
   NS_SS1254  5 0.2505 0.0766 0.6482 0.0066 0.0180 
   NS_SS1224  5 0.3321 0.0471 0.5946 0.0074 0.0188 
   NS_SS1227  5 0.0530 0.8186 0.0127 0.0017 0.1140 
   NS_SS1274  5 0.1302 0.5213 0.0460 0.0207 0.2819 
   NS_SS1241  5 0.0586 0.1966 0.2892 0.0010 0.4545 
   NS_SS1256  5 0.0243 0.0129 0.8867 0.0330 0.0431 
   NS_SS1260  5 0.1595 0.4492 0.0218 0.0681 0.3014 
   NS_SS1262  5 0.0353 0.1875 0.1013 0.1885 0.4873 
   NS_SS1230  5 0.2352 0.1571 0.1564 0.0084 0.4429 
   NS_SS1270  5 0.0377 0.0683 0.8793 0.0019 0.0128 
   NS_SS1229  5 0.0087 0.4307 0.5457 0.0037 0.0112 
   NS_SS1246  5 0.0179 0.1268 0.2560 0.0027 0.5967 
   NS_SS1269  5 0.2772 0.6161 0.0679 0.0020 0.0368 
   NS_SS1239  5 0.5875 0.3182 0.0449 0.0042 0.0451 
   NS_SS1272  5 0.0337 0.0101 0.9374 0.0054 0.0135 
   NS_SS1268  5 0.8203 0.0440 0.1023 0.0020 0.0315 
   NS_SS1249  5 0.0130 0.0071 0.0085 0.0121 0.9593 
   HI_SS0559  6 0.2540 0.5896 0.0515 0.0015 0.1033 
   HI_SS0563  6 0.2984 0.2327 0.1004 0.0032 0.3653 
   HI_SS0564  6 0.1729 0.6867 0.0412 0.0535 0.0457 
   HI_SS0565  6 0.0862 0.5847 0.2165 0.0029 0.1098 
   HI_SS0569  6 0.0232 0.4010 0.0172 0.0022 0.5564 
   HI_SS0570  6 0.0291 0.0470 0.0407 0.0463 0.8369 
   HI_SS0572  6 0.0159 0.0090 0.9667 0.0020 0.0063 
   HI_SS0576  6 0.6715 0.2339 0.0745 0.0050 0.0151 
   HI_SS0579  6 0.0159 0.2084 0.6271 0.0161 0.1326 
   HI_SS0580  6 0.1628 0.2077 0.0303 0.0044 0.5949 
   HI_SS0581  6 0.6272 0.0379 0.2609 0.0669 0.0071 
   HI_SS0583  6 0.0233 0.0150 0.0609 0.0028 0.8980 
   HI_SS0586  6 0.0251 0.0362 0.0052 0.0011 0.9324 
   HI_SS0588  6 0.0446 0.3652 0.0951 0.0177 0.4774 
   HI_SS0595  6 0.3413 0.4713 0.0202 0.0254 0.1418 
   HI_SS0596  6 0.0395 0.0082 0.9391 0.0023 0.0108 
   HI_SS0597  6 0.0186 0.0111 0.9591 0.0019 0.0092 
   HI_SS0600  6 0.1038 0.7495 0.0769 0.0030 0.0667 
   HI_SS0601  6 0.0210 0.7776 0.1250 0.0117 0.0646 
   HI_SS0602  6 0.2339 0.7095 0.0335 0.0024 0.0207 
   HI_SS0604  6 0.0649 0.0205 0.8233 0.0017 0.0897 
   HI_SS0605  6 0.3257 0.6174 0.0091 0.0057 0.0422 
   HI_SS0608  6 0.6137 0.1322 0.1860 0.0011 0.0670 
   HI_SS0609  6 0.2178 0.0200 0.7359 0.0009 0.0255 
   HI_SS0611  6 0.0628 0.0757 0.0331 0.0036 0.8249 
   HI_SS0612  6 0.0153 0.6194 0.2424 0.0067 0.1162 
   HI_SS0613  6 0.7599 0.1264 0.0669 0.0017 0.0451 
   HI_SS0615  6 0.5104 0.4535 0.0201 0.0093 0.0067 
   HI_SS0001  6 0.0350 0.0735 0.2051 0.0054 0.6810 
   HI_SS0002  6 0.0286 0.0549 0.8807 0.0252 0.0106 
   HI_SS0004  6 0.1196 0.0623 0.1511 0.0063 0.6606 
   HI_SS0005  6 0.7988 0.1448 0.0187 0.0059 0.0317 
   HI_SS0006  6 0.0131 0.1016 0.2813 0.0018 0.6022 
   HI_SS0007  6 0.0721 0.0110 0.0080 0.0025 0.9064 
   HI_SS0008  6 0.0845 0.8390 0.0315 0.0306 0.0144 
   HI_SS0009  6 0.4777 0.3167 0.1567 0.0044 0.0446 
   HI_SS0010  6 0.1135 0.2447 0.0275 0.0034 0.6108 
   HI_SS0011  6 0.3621 0.0449 0.4614 0.0875 0.0441 
   HI_SS0012  6 0.2345 0.7241 0.0299 0.0051 0.0064 
   HI_SS0017  6 0.0607 0.0074 0.8723 0.0015 0.0582 
   HI_SS0021  6 0.1405 0.0046 0.0563 0.2421 0.5565 
   HI_SS0024  6 0.7115 0.0156 0.2147 0.0025 0.0556 
   HI_SS0025  6 0.3750 0.0230 0.5867 0.0026 0.0127 
   HI_SS0027  6 0.0383 0.3027 0.0117 0.0122 0.6350 
   HI_SS0028  6 0.8185 0.1591 0.0154 0.0017 0.0053 
   HI_SS0029  6 0.7949 0.0434 0.1233 0.0082 0.0301 
   HI_SS0030  6 0.0289 0.5829 0.0733 0.0055 0.3094 
   HI_SS0031  6 0.0549 0.9278 0.0089 0.0027 0.0057 
   HI_SS0034  6 0.0080 0.4484 0.0449 0.0052 0.4936 
   HI_SS0036  6 0.1660 0.2658 0.0085 0.0121 0.5476 
   HI_SS0037  6 0.3061 0.1067 0.2042 0.0045 0.3784 
   HI_SS0039  6 0.6762 0.0934 0.0101 0.0022 0.2181 
   HI_SS0041  6 0.8734 0.0245 0.0906 0.0018 0.0097 
   HI_SS0042  6 0.6850 0.0708 0.1263 0.1067 0.0112 
   HI_SS0043  6 0.0104 0.1143 0.0097 0.0031 0.8626 
   HI_SS0044  6 0.6589 0.0672 0.1879 0.0025 0.0834 
   HI_SS0047  6 0.0237 0.0936 0.8647 0.0019 0.0161 
   HI_SS0049  6 0.0920 0.0634 0.8009 0.0040 0.0396 
   HI_SS0051  6 0.3025 0.4563 0.1294 0.0025 0.1093 
   HI_SS0053  6 0.0142 0.1916 0.0129 0.0051 0.7762 
   HI_SS0054  6 0.0140 0.0126 0.0117 0.0035 0.9583 
   HI_SS0057  6 0.3660 0.2298 0.2836 0.0031 0.1175 
   HI_SS0058  6 0.2303 0.0413 0.5103 0.0058 0.2124 
   HI_SS0060  6 0.0559 0.7706 0.0518 0.0743 0.0474 
   HI_SS0087  6 0.0607 0.1116 0.4102 0.0026 0.4149 
   HI_SS0091  6 0.0344 0.3486 0.0187 0.0011 0.5971 
   HI_SS0095  6 0.0704 0.7502 0.1095 0.0513 0.0185 
   HI_SS0097  6 0.0169 0.2979 0.6546 0.0038 0.0268 
   HI_SS0099  6 0.8551 0.0233 0.1092 0.0037 0.0087 
   HI_SS0103  6 0.0720 0.4275 0.4489 0.0035 0.0482 
   HI_SS0105  6 0.1499 0.5435 0.2662 0.0246 0.0158 
   HI_SS0107  6 0.0260 0.0275 0.9368 0.0010 0.0087 
   HI_SS0108  6 0.0082 0.0142 0.0063 0.0243 0.9471 
   HI_SS0110  6 0.0452 0.9125 0.0202 0.0012 0.0209 
   HI_SS0111  6 0.4433 0.4775 0.0323 0.0267 0.0202 
   HI_SS0112  6 0.0084 0.0157 0.0058 0.0013 0.9688 
   HI_SS0113  6 0.0239 0.0085 0.9550 0.0029 0.0097 
   HI_SS0114  6 0.0664 0.7600 0.0115 0.0057 0.1564 
   HI_SS0115  6 0.0619 0.8548 0.0383 0.0130 0.0320 
   HI_SS0116  6 0.0418 0.0169 0.0592 0.0033 0.8788 
   HI_SS0117  6 0.0126 0.0663 0.6473 0.0016 0.2722 
   HI_SS0118  6 0.2637 0.0318 0.1428 0.0114 0.5503 
   HI_SS0119  6 0.0229 0.8204 0.0188 0.0021 0.1358 
   HI_SS0120  6 0.0122 0.0078 0.9673 0.0033 0.0093 
   HI_SS0121  6 0.7290 0.2029 0.0597 0.0012 0.0072 
   HI_SS0122  6 0.7364 0.0797 0.1061 0.0225 0.0553 
   HI_SS0123  6 0.0444 0.7562 0.1741 0.0047 0.0206 
   HI_SS0124  6 0.7277 0.0329 0.2285 0.0025 0.0084 
   HI_SS0125  6 0.7408 0.2129 0.0132 0.0276 0.0056 
   HI_SS0126  6 0.0206 0.0073 0.0094 0.0008 0.9619 
   HI_SS0127  6 0.3053 0.5457 0.0331 0.0093 0.1066 
   HI_SS0128  6 0.0424 0.1342 0.7066 0.0027 0.1141 
   HI_SS0129  6 0.2261 0.1724 0.0372 0.0150 0.5493 
   HI_SS0131  6 0.1689 0.0135 0.5855 0.0269 0.2051 
   HI_SS0132  6 0.4803 0.3175 0.0517 0.0007 0.1498 
   HI_SS0133  6 0.0038 0.0027 0.0026 0.0011 0.9899 
   HI_SS0134  6 0.0924 0.4945 0.1922 0.0022 0.2188 
   HI_SS0142  6 0.0347 0.8009 0.1385 0.0173 0.0086 
   HI_SS0145  6 0.0248 0.5161 0.1389 0.0015 0.3187 
   HI_SS0146  6 0.0993 0.1443 0.0104 0.0013 0.7447 
   HI_SS0147  6 0.2172 0.0658 0.6838 0.0253 0.0079 
   HI_SS0149  6 0.5528 0.1699 0.1694 0.0044 0.1035 
   HI_SS0150  6 0.5612 0.3775 0.0390 0.0044 0.0178 
   HI_SS0151  6 0.0339 0.7366 0.0887 0.0120 0.1287 
   NS_SS1451  6 0.6384 0.2009 0.1488 0.0032 0.0087 
   NS_SS1404  6 0.9385 0.0126 0.0264 0.0091 0.0134 
   NS_SS1432  6 0.7087 0.1032 0.1505 0.0322 0.0053 
   NS_SS1405  6 0.5043 0.1101 0.1566 0.0038 0.2252 
   NS_SS1431  6 0.4806 0.0586 0.4475 0.0011 0.0123 
   NS_SS1402  6 0.1821 0.4629 0.3070 0.0022 0.0458 
   NS_SS1450  6 0.0969 0.4414 0.0165 0.0039 0.4414 
   NS_SS1396  6 0.3825 0.2807 0.2925 0.0060 0.0383 
   NS_SS1393  6 0.1008 0.7950 0.0127 0.0035 0.0879 
   NS_SS1392  6 0.6893 0.0776 0.1481 0.0167 0.0684 
   NS_SS1445  6 0.0203 0.2373 0.0761 0.0106 0.6556 
   NS_SS1423  6 0.0237 0.2152 0.1108 0.0015 0.6488 
   NS_SS1421  6 0.0883 0.0731 0.0704 0.0996 0.6686 
   NS_SS1411  6 0.2064 0.0486 0.0160 0.0017 0.7273 
   NS_SS1453  6 0.1500 0.4610 0.0572 0.0062 0.3256 
   NS_SS1442  6 0.0730 0.0736 0.7538 0.0045 0.0950 
   NS_SS1422  6 0.0264 0.3293 0.3791 0.0135 0.2518 
   NS_SS1419  6 0.3452 0.0927 0.3304 0.1709 0.0608 
   NS_SS1427  6 0.0085 0.0122 0.0072 0.0018 0.9704 
   NS_SS1444  6 0.3404 0.0457 0.5950 0.0036 0.0152 
   NS_SS1455  6 0.0106 0.0070 0.9672 0.0013 0.0139 
   NS_SS1425  6 0.0079 0.0200 0.0081 0.0013 0.9626 
   NS_SS1400  6 0.0123 0.0058 0.0162 0.0012 0.9645 
   NS_SS1406  6 0.0476 0.3310 0.6072 0.0086 0.0056 
   NS_SS1417  6 0.0756 0.0179 0.7190 0.0069 0.1806 
   NS_SS1454  6 0.4638 0.0423 0.1463 0.0013 0.3463 
   NS_SS1412  6 0.2914 0.1394 0.2598 0.0259 0.2835 
   NS_SS1438  6 0.0143 0.0264 0.0792 0.0013 0.8788 
   NS_SS1416  6 0.5020 0.4472 0.0325 0.0071 0.0111 
   NS_SS1401  6 0.0429 0.2130 0.7121 0.0107 0.0214 
   NS_SS1424  6 0.1217 0.4098 0.0502 0.0136 0.4047 
   NS_SS1435  6 0.6707 0.2577 0.0172 0.0025 0.0519 
   NS_SS1447  6 0.1369 0.0231 0.8196 0.0057 0.0146 
   NS_SS1414  6 0.2543 0.0080 0.7143 0.0066 0.0168 
   NS_SS1449  6 0.0678 0.6582 0.2370 0.0039 0.0331 
   NS_SS1443  6 0.0084 0.6838 0.0118 0.0019 0.2942 
   NS_SS1434  6 0.0132 0.0238 0.4439 0.0006 0.5185 
   NS_SS1398  6 0.4254 0.4646 0.0317 0.0211 0.0572 
   NS_SS1426  6 0.0135 0.0510 0.0091 0.0023 0.9242 
   NS_SS1413  6 0.0106 0.0102 0.0343 0.0114 0.9336 
   NS_SS1395  6 0.0122 0.8848 0.0233 0.0093 0.0704 
   NS_SS1448  6 0.3608 0.0177 0.0404 0.0018 0.5794 
   NS_SS1446  6 0.1174 0.0854 0.5466 0.0036 0.2469 
   NS_SS1403  6 0.1451 0.7073 0.1172 0.0052 0.0252 
   NS_SS1415  6 0.0394 0.0472 0.0092 0.0100 0.8943 
   NS_SS1437  6 0.6684 0.1013 0.1937 0.0074 0.0293 
   NS_SS1439  6 0.0764 0.5135 0.3981 0.0024 0.0096 
   NS_SS1441  6 0.0132 0.7434 0.1199 0.0022 0.1214 
   NS_SS1420  6 0.9668 0.0092 0.0145 0.0028 0.0068 
   NS_SS1394  6 0.5500 0.3797 0.0309 0.0333 0.0061 
   NS_SS1391  6 0.0621 0.3327 0.3210 0.0116 0.2727 
   NS_SS1410  6 0.1603 0.0496 0.4370 0.0172 0.3359 
   NS_SS1408  6 0.0382 0.8741 0.0248 0.0469 0.0160 
   NS_SS1409  6 0.1356 0.5550 0.1173 0.0023 0.1898 
   HI_SS0617  7 0.3548 0.4835 0.0645 0.0012 0.0959 
   HI_SS0618  7 0.4123 0.5058 0.0575 0.0025 0.0220 
   HI_SS0619  7 0.5802 0.0636 0.2871 0.0032 0.0660 
   HI_SS0620  7 0.0179 0.0370 0.0098 0.0027 0.9326 
   HI_SS0621  7 0.2692 0.3534 0.3373 0.0130 0.0271 
   HI_SS0622  7 0.3842 0.0559 0.2946 0.0130 0.2524 
   HI_SS0626  7 0.9321 0.0268 0.0118 0.0056 0.0237 
   HI_SS0627  7 0.1231 0.0149 0.8346 0.0077 0.0197 
   HI_SS0628  7 0.3828 0.0708 0.0534 0.0584 0.4347 
   HI_SS0629  7 0.6624 0.0812 0.1263 0.0044 0.1258 
   HI_SS0630  7 0.3413 0.3022 0.0199 0.0521 0.2845 
   HI_SS0631  7 0.0966 0.1269 0.0241 0.0008 0.7516 
   HI_SS0632  7 0.2380 0.0981 0.3786 0.0034 0.2818 
   HI_SS0633  7 0.3297 0.0348 0.6090 0.0035 0.0230 
   HI_SS0634  7 0.5397 0.3621 0.0691 0.0019 0.0273 
   HI_SS0635  7 0.5808 0.2509 0.1455 0.0092 0.0136 
   HI_SS0637  7 0.0872 0.8554 0.0436 0.0022 0.0116 
   HI_SS0638  7 0.3209 0.0466 0.0504 0.0012 0.5809 
   HI_SS0639  7 0.5455 0.3417 0.0695 0.0356 0.0077 
   HI_SS0640  7 0.2598 0.5546 0.0545 0.0018 0.1293 
   HI_SS0641  7 0.3421 0.3710 0.0269 0.0046 0.2555 
   HI_SS0642  7 0.3975 0.5559 0.0221 0.0019 0.0226 
   HI_SS0645  7 0.8995 0.0766 0.0110 0.0009 0.0120 
   HI_SS0646  7 0.0145 0.8609 0.1058 0.0022 0.0165 
   HI_SS0647  7 0.1138 0.0757 0.2780 0.0012 0.5314 
   HI_SS0648  7 0.0751 0.8292 0.0554 0.0025 0.0378 
   HI_SS0649  7 0.2658 0.2917 0.4071 0.0021 0.0334 
   HI_SS0650  7 0.0676 0.6511 0.2250 0.0049 0.0514 
   HI_SS0651  7 0.0264 0.8736 0.0806 0.0036 0.0158 
   HI_SS0652  7 0.9326 0.0450 0.0109 0.0032 0.0084 
   NS_SS1371  7 0.0103 0.9062 0.0198 0.0050 0.0587 
   NS_SS1374  7 0.1508 0.1281 0.0117 0.0024 0.7070 
   NS_SS1337  7 0.4718 0.0485 0.3978 0.0039 0.0779 
   NS_SS1385  7 0.0245 0.2774 0.6416 0.0044 0.0521 
   NS_SS1388  7 0.4292 0.0204 0.4972 0.0071 0.0461 
   NS_SS1370  7 0.6841 0.2490 0.0203 0.0095 0.0370 
   NS_SS1389  7 0.6339 0.0060 0.3425 0.0032 0.0144 
   NS_SS1360  7 0.0307 0.7457 0.0184 0.0040 0.2012 
   NS_SS1330  7 0.2080 0.6453 0.1358 0.0033 0.0076 
   NS_SS1328  7 0.0419 0.0443 0.0693 0.0019 0.8426 
   NS_SS1384  7 0.0198 0.8080 0.1139 0.0037 0.0546 
   NS_SS1381  7 0.0144 0.0152 0.9618 0.0009 0.0077 
   NS_SS1375  7 0.7322 0.1284 0.1251 0.0012 0.0131 
   NS_SS1319  7 0.5448 0.3286 0.0102 0.0804 0.0360 
   NS_SS1326  7 0.0128 0.0096 0.0128 0.0093 0.9555 
   NS_SS1341  7 0.0273 0.0801 0.8464 0.0038 0.0423 
   NS_SS1383  7 0.0486 0.7967 0.0439 0.0038 0.1071 
   NS_SS1318  7 0.0822 0.1084 0.7175 0.0165 0.0754 
   NS_SS1348  7 0.0095 0.0162 0.0099 0.0012 0.9631 
   NS_SS1363  7 0.4355 0.1834 0.3373 0.0050 0.0389 
   NS_SS1335  7 0.0998 0.7887 0.0088 0.0225 0.0803 
   NS_SS1358  7 0.0116 0.5653 0.1074 0.0133 0.3024 
   NS_SS1342  7 0.0146 0.0353 0.1700 0.0013 0.7788 
   NS_SS1320  7 0.2253 0.0217 0.7430 0.0056 0.0043 
   NS_SS1355  7 0.1488 0.0178 0.8159 0.0109 0.0066 
   NS_SS1345  7 0.0533 0.0521 0.8293 0.0204 0.0448 
   NS_SS1324  7 0.1582 0.3606 0.0855 0.0032 0.3925 
   NS_SS1347  7 0.0314 0.9053 0.0155 0.0031 0.0447 
   NS_SS1321  7 0.2361 0.6321 0.0121 0.0012 0.1185 
   NS_SS1333  7 0.7137 0.0922 0.0119 0.0033 0.1789 
   NS_SS1364  7 0.0087 0.0165 0.2908 0.0024 0.6817 
   NS_SS1379  7 0.0950 0.6557 0.1595 0.0559 0.0340 
   NS_SS1332  7 0.0095 0.0077 0.0109 0.0060 0.9659 
   NS_SS1338  7 0.2079 0.5885 0.0082 0.0075 0.1878 
   NS_SS1368  7 0.0542 0.0180 0.4307 0.0057 0.4915 
   NS_SS1354  7 0.0761 0.0535 0.8394 0.0112 0.0199 
   NS_SS1365  7 0.7949 0.0127 0.1374 0.0079 0.0470 
   NS_SS1380  7 0.2870 0.0159 0.6737 0.0171 0.0063 
   NS_SS1329  7 0.0105 0.0319 0.3786 0.0032 0.5758 
   NS_SS1362  7 0.0393 0.6350 0.2291 0.0035 0.0931 
   NS_SS1327  7 0.0059 0.0083 0.0032 0.0030 0.9796 
   NS_SS1350  7 0.2249 0.7298 0.0097 0.0077 0.0279 
   NS_SS1387  7 0.6407 0.2769 0.0532 0.0023 0.0269 
   NS_SS1369  7 0.0585 0.0283 0.0283 0.0039 0.8811 
   NS_SS1331  7 0.8678 0.0153 0.0162 0.0064 0.0943 
   NS_SS1357  7 0.0424 0.1278 0.4571 0.0031 0.3696 
   NS_SS1386  7 0.0055 0.0131 0.0060 0.0031 0.9723 
   NS_SS1353  7 0.1100 0.0305 0.8217 0.0033 0.0345 
   NS_SS1323  7 0.2170 0.1695 0.5227 0.0755 0.0153 
   HI_SS0296  8 0.0900 0.1019 0.0571 0.0016 0.7494 
   HI_SS0297  8 0.1253 0.4597 0.0503 0.0010 0.3637 
   HI_SS0299  8 0.1381 0.2650 0.1981 0.0305 0.3683 
   HI_SS0300  8 0.0411 0.2834 0.0596 0.0012 0.6147 
   HI_SS0301  8 0.5822 0.3332 0.0565 0.0037 0.0244 
   HI_SS0302  8 0.0352 0.0150 0.0228 0.0221 0.9048 
   HI_SS0303  8 0.0127 0.0123 0.0296 0.0070 0.9384 
   HI_SS0304  8 0.8257 0.0461 0.0908 0.0026 0.0347 
   HI_SS0306  8 0.0076 0.0057 0.0053 0.0030 0.9784 
   HI_SS0307  8 0.6056 0.3396 0.0331 0.0076 0.0141 
   HI_SS0308  8 0.0673 0.7953 0.0421 0.0700 0.0253 
   HI_SS0309  8 0.2696 0.6185 0.1025 0.0029 0.0065 
   HI_SS0310  8 0.0346 0.0228 0.4725 0.0058 0.4642 
   HI_SS0311  8 0.6278 0.1989 0.1143 0.0021 0.0569 
   HI_SS0314  8 0.6970 0.0347 0.2149 0.0014 0.0520 
   HI_SS0316  8 0.1123 0.4942 0.1065 0.0038 0.2831 
   HI_SS0317  8 0.2785 0.6401 0.0550 0.0020 0.0244 
   HI_SS0318  8 0.0332 0.6315 0.0058 0.1921 0.1373 
   HI_SS0319  8 0.0065 0.0143 0.0079 0.0045 0.9668 
   HI_SS0320  8 0.7227 0.0457 0.2224 0.0010 0.0083 
   HI_SS0321  8 0.0481 0.9259 0.0050 0.0017 0.0192 
   HI_SS0323  8 0.5544 0.1936 0.0128 0.0012 0.2380 
   HI_SS0325  8 0.0455 0.0130 0.0199 0.0018 0.9198 
   HI_SS0327  8 0.0067 0.5629 0.0131 0.0013 0.4160 
   HI_SS0329  8 0.6666 0.0124 0.2624 0.0013 0.0573 
   HI_SS0333  8 0.0793 0.4652 0.2654 0.0031 0.1869 
   HI_SS0334  8 0.0089 0.9391 0.0109 0.0011 0.0400 
   HI_SS0335  8 0.0288 0.1337 0.8095 0.0197 0.0083 
   HI_SS0339  8 0.1510 0.0283 0.7897 0.0109 0.0202 
   HI_SS0343  8 0.0156 0.0245 0.9492 0.0017 0.0091 
   HI_SS0344  8 0.0049 0.0078 0.0054 0.0030 0.9789 
   HI_SS0345  8 0.1736 0.0253 0.7606 0.0071 0.0333 
   HI_SS0346  8 0.4516 0.3286 0.0712 0.0037 0.1448 
   HI_SS0350  8 0.3089 0.0180 0.6593 0.0078 0.0060 
   HI_SS0351  8 0.0445 0.1767 0.7309 0.0035 0.0445 
   HI_SS0352  8 0.0303 0.0974 0.7392 0.0971 0.0361 
   HI_SS0362  8 0.6952 0.2317 0.0074 0.0020 0.0637 
   HI_SS0363  8 0.0167 0.0381 0.0210 0.0033 0.9209 
   HI_SS0365  8 0.1519 0.5345 0.0164 0.0045 0.2927 
   HI_SS0366  8 0.0147 0.0136 0.0175 0.0016 0.9527 
   HI_SS0367  8 0.0304 0.0234 0.9386 0.0017 0.0059 
   HI_SS0369  8 0.2951 0.0433 0.6485 0.0030 0.0102 
   HI_SS0370  8 0.0109 0.7646 0.1996 0.0033 0.0217 
   HI_SS0371  8 0.1019 0.0125 0.0229 0.0046 0.8580 
   HI_SS0373  8 0.8285 0.0987 0.0340 0.0078 0.0310 
   HI_SS0374  8 0.4780 0.2487 0.2324 0.0287 0.0122 
   HI_SS0377  8 0.0313 0.2375 0.0956 0.0889 0.5466 
   HI_SS0379  8 0.0037 0.0091 0.0044 0.0010 0.9818 
   HI_SS0380  8 0.2532 0.0270 0.7017 0.0055 0.0126 
   HI_SS0381  8 0.6456 0.1078 0.2312 0.0047 0.0107 
   HI_SS0384  8 0.4084 0.0660 0.0692 0.0088 0.4475 
   HI_SS0385  8 0.5848 0.0124 0.0181 0.0015 0.3832 
   HI_SS0386  9 0.0016 0.0015 0.0016 0.9938 0.0015 
   HI_SS0387  9 0.0097 0.0154 0.0106 0.9476 0.0168 
   HI_SS0389  9 0.0040 0.0034 0.0033 0.9853 0.0040 
   HI_SS0390  9 0.0019 0.0022 0.0019 0.9924 0.0016 
   HI_SS0391  9 0.0022 0.0025 0.0029 0.9904 0.0020 
   HI_SS0392  9 0.0015 0.0014 0.0015 0.9940 0.0017 
   HI_SS0393  9 0.0014 0.0017 0.0016 0.9935 0.0018 
   HI_SS0394  9 0.0023 0.0016 0.0015 0.9930 0.0016 
   HI_SS0395  9 0.0044 0.0030 0.0034 0.9850 0.0042 
   HI_SS0396  9 0.0158 0.0087 0.0082 0.9598 0.0075 
   HI_SS0398  9 0.0046 0.0056 0.0075 0.9777 0.0045 
   HI_SS0399  9 0.0011 0.0013 0.0012 0.9951 0.0013 
   HI_SS0400  9 0.0027 0.0023 0.0025 0.9905 0.0020 
   HI_SS0401  9 0.0014 0.0019 0.0015 0.9938 0.0014 
   HI_SS0402  9 0.0011 0.0014 0.0013 0.9948 0.0013 
   HI_SS0403  9 0.0015 0.0017 0.0017 0.9937 0.0014 
   HI_SS0404  9 0.0016 0.0012 0.0012 0.9947 0.0014 
   HI_SS0405  9 0.0122 0.0211 0.0213 0.9344 0.0110 
   HI_SS0406  9 0.0023 0.0029 0.0019 0.9905 0.0024 
   HI_SS0407  9 0.0085 0.0063 0.0062 0.9718 0.0072 
   HI_SS0408  9 0.0015 0.0014 0.0014 0.9945 0.0012 
   HI_SS0409  9 0.0038 0.0032 0.0034 0.9870 0.0026 
   HI_SS0411  9 0.0032 0.0025 0.0026 0.9885 0.0033 
   HI_SS0412  9 0.0376 0.0969 0.0347 0.8011 0.0297 
   HI_SS0413  9 0.0020 0.0025 0.0024 0.9913 0.0018 
   HI_SS0414  9 0.0198 0.0184 0.0166 0.9358 0.0094 
   HI_SS0415  9 0.0015 0.0025 0.0017 0.9921 0.0022 
   HI_SS0416  9 0.0044 0.0033 0.0028 0.9860 0.0034 
   HI_SS0418  9 0.0039 0.0072 0.0052 0.9793 0.0044 
   HI_SS0419  9 0.0036 0.0029 0.0029 0.9883 0.0023 
   HI_SS0420  9 0.0021 0.0021 0.0020 0.9916 0.0022 
   HI_SS0421  9 0.0037 0.0040 0.0045 0.9844 0.0034 
   HI_SS0422  9 0.0019 0.0015 0.0018 0.9935 0.0012 
   HI_SS0423  9 0.0056 0.0050 0.0034 0.9823 0.0036 
   HI_SS0424  9 0.0019 0.0017 0.0022 0.9929 0.0012 
   HI_SS0425  9 0.0038 0.0026 0.0040 0.9871 0.0024 
   NS_SS1146 10 0.0020 0.0022 0.0021 0.9906 0.0031 
   NS_SS1157 10 0.0054 0.0094 0.0068 0.9730 0.0054 
   NS_SS1144 10 0.0211 0.0189 0.0123 0.9225 0.0252 
   NS_SS1074 10 0.0034 0.0029 0.0038 0.9860 0.0039 
   NS_SS1122 10 0.0042 0.0049 0.0041 0.9816 0.0052 
   NS_SS1136 10 0.0011 0.0014 0.0010 0.9955 0.0010 
   NS_SS1077 10 0.0007 0.0007 0.0005 0.9971 0.0008 
   NS_SS1134 10 0.0136 0.0116 0.0070 0.9583 0.0095 
   NS_SS1091 10 0.0024 0.0024 0.0027 0.9910 0.0015 
   NS_SS1089 10 0.0025 0.0029 0.0028 0.9884 0.0034 
   NS_SS1123 10 0.0014 0.0017 0.0015 0.9940 0.0014 
   NS_SS1158 10 0.0013 0.0012 0.0011 0.9957 0.0007 
   NS_SS1093 10 0.0025 0.0021 0.0024 0.9908 0.0022 
   NS_SS1102 10 0.0049 0.0058 0.0061 0.9787 0.0046 
   NS_SS1056 10 0.0020 0.0014 0.0016 0.9935 0.0014 
   NS_SS1126 10 0.0030 0.0028 0.0029 0.9880 0.0033 
   NS_SS1058 10 0.0039 0.0043 0.0036 0.9839 0.0042 
   NS_SS1084 10 0.0015 0.0016 0.0013 0.9944 0.0012 
   NS_SS1095 10 0.0049 0.0054 0.0054 0.9757 0.0085 
   NS_SS1079 10 0.0013 0.0018 0.0021 0.9931 0.0017 
   NS_SS1149 10 0.0022 0.0026 0.0029 0.9899 0.0024 
   NS_SS1121 10 0.0021 0.0019 0.0019 0.9930 0.0011 
   NS_SS1067 10 0.0085 0.0055 0.0064 0.9758 0.0038 
   NS_SS1081 10 0.0027 0.0023 0.0021 0.9900 0.0028 
   NS_SS1130 10 0.0043 0.0029 0.0032 0.9866 0.0030 
   NS_SS1073 10 0.0027 0.0032 0.0029 0.9890 0.0021 
   NS_SS1133 10 0.0099 0.0044 0.0094 0.9727 0.0035 
   NS_SS1129 10 0.0014 0.0017 0.0014 0.9940 0.0015 
   NS_SS1085 10 0.0022 0.0023 0.0019 0.9911 0.0025 
   NS_SS1137 10 0.0056 0.0049 0.0040 0.9809 0.0047 
   NS_SS1135 10 0.0015 0.0014 0.0014 0.9946 0.0011 
   NS_SS1082 10 0.0015 0.0014 0.0021 0.9935 0.0014 
   NS_SS1125 10 0.0012 0.0019 0.0013 0.9944 0.0013 
   NS_SS1124 10 0.0064 0.0086 0.0064 0.9744 0.0042 
   NS_SS1155 10 0.0071 0.0110 0.0085 0.9663 0.0071 
   NS_SS1145 10 0.0021 0.0021 0.0019 0.9922 0.0017 
