   NS_SS0963  1 0.0240 0.0580 0.5264 0.0320 0.0445 0.2985 0.0066 0.0099 
   NS_SS0983  1 0.0071 0.0067 0.0891 0.8329 0.0466 0.0063 0.0032 0.0082 
   NS_SS0719  1 0.0134 0.0080 0.1286 0.0530 0.7371 0.0371 0.0047 0.0180 
   NS_SS1001  1 0.6140 0.0152 0.0223 0.0188 0.0199 0.1330 0.0067 0.1701 
   NS_SS0936  1 0.0344 0.7277 0.0184 0.0206 0.0116 0.1503 0.0024 0.0346 
   NS_SS0955  1 0.0240 0.0308 0.4263 0.0626 0.0172 0.1859 0.0038 0.2493 
   NS_SS0944  1 0.0918 0.3443 0.0075 0.0177 0.1456 0.0468 0.0017 0.3445 
   NS_SS0945  1 0.2651 0.0272 0.0124 0.6100 0.0166 0.0187 0.0083 0.0417 
   NS_SS0922  1 0.2207 0.0170 0.0891 0.0059 0.6112 0.0244 0.0247 0.0071 
   NS_SS0929  1 0.0176 0.2097 0.0190 0.6537 0.0390 0.0430 0.0030 0.0150 
   NS_SS0956  1 0.1483 0.0132 0.7342 0.0076 0.0475 0.0179 0.0049 0.0263 
   NS_SS0906  1 0.0290 0.8669 0.0237 0.0231 0.0314 0.0136 0.0026 0.0096 
   NS_SS0721  1 0.0100 0.0051 0.9175 0.0117 0.0206 0.0225 0.0047 0.0078 
   NS_SS0982  1 0.1220 0.1573 0.0453 0.0600 0.3544 0.2188 0.0209 0.0212 
   NS_SS0923  1 0.0182 0.0273 0.0164 0.0066 0.8954 0.0250 0.0028 0.0083 
   NS_SS0905  1 0.0135 0.0320 0.0210 0.0234 0.8901 0.0110 0.0016 0.0073 
   NS_SS0925  1 0.0178 0.5823 0.2822 0.0076 0.0291 0.0681 0.0048 0.0081 
   NS_SS0947  1 0.0393 0.8471 0.0489 0.0126 0.0166 0.0183 0.0045 0.0126 
   NS_SS0926  1 0.0127 0.0053 0.0068 0.8292 0.0190 0.0540 0.0010 0.0721 
   NS_SS0918  1 0.0225 0.1412 0.0950 0.0402 0.0443 0.6368 0.0024 0.0175 
   NS_SS0966  1 0.0208 0.6448 0.0087 0.0237 0.2026 0.0343 0.0459 0.0192 
   NS_SS0938  1 0.0206 0.0073 0.0038 0.0048 0.0077 0.9247 0.0017 0.0293 
   NS_SS0917  1 0.2165 0.0159 0.0579 0.1108 0.4539 0.0802 0.0448 0.0200 
   NS_SS0957  1 0.3631 0.0829 0.0406 0.0074 0.0440 0.4303 0.0056 0.0261 
   NS_SS0987  1 0.0235 0.0070 0.6183 0.0234 0.0612 0.0124 0.2424 0.0118 
   NS_SS0717  1 0.6922 0.1511 0.0132 0.0693 0.0380 0.0226 0.0031 0.0104 
   NS_SS0986  1 0.2644 0.0169 0.0315 0.1435 0.3880 0.1142 0.0047 0.0368 
   NS_SS0953  1 0.0113 0.9092 0.0236 0.0125 0.0086 0.0139 0.0121 0.0087 
   NS_SS0907  1 0.0136 0.7059 0.0301 0.0629 0.0482 0.0739 0.0475 0.0178 
   NS_SS0974  1 0.0479 0.0376 0.0371 0.7913 0.0245 0.0258 0.0038 0.0320 
   NS_SS0989  1 0.0076 0.0158 0.0331 0.3242 0.3217 0.2392 0.0013 0.0571 
   NS_SS0991  1 0.0075 0.0190 0.1126 0.6640 0.0953 0.0134 0.0026 0.0856 
   NS_SS0994  1 0.0074 0.0045 0.0054 0.9570 0.0033 0.0050 0.0018 0.0155 
   NS_SS0931  1 0.0070 0.0211 0.0114 0.0160 0.0355 0.1954 0.0111 0.7024 
   NS_SS1000  1 0.3232 0.5329 0.0665 0.0094 0.0297 0.0220 0.0035 0.0128 
   NS_SS0919  1 0.0035 0.0082 0.0185 0.0625 0.8881 0.0099 0.0028 0.0065 
   NS_SS0949  1 0.0141 0.0105 0.1770 0.1467 0.0142 0.0353 0.0018 0.6005 
   NS_SS0960  1 0.0165 0.0183 0.0352 0.0355 0.6632 0.0216 0.0063 0.2034 
   NS_SS0716  1 0.9285 0.0082 0.0141 0.0079 0.0169 0.0061 0.0089 0.0094 
   NS_SS0924  1 0.0112 0.0216 0.0204 0.0135 0.8924 0.0165 0.0111 0.0132 
   NS_SS0935  1 0.0123 0.0486 0.0169 0.0226 0.8467 0.0074 0.0077 0.0379 
   NS_SS0952  1 0.0404 0.1262 0.0249 0.0174 0.4237 0.0148 0.0347 0.3180 
   NS_SS0962  1 0.0576 0.1349 0.0973 0.0677 0.0467 0.5756 0.0077 0.0126 
   NS_SS0973  1 0.0081 0.0087 0.9237 0.0188 0.0179 0.0099 0.0043 0.0087 
   NS_SS0722  1 0.3673 0.5427 0.0380 0.0078 0.0202 0.0094 0.0027 0.0119 
   NS_SS0979  1 0.3828 0.0601 0.0170 0.0385 0.1371 0.3442 0.0023 0.0180 
   NS_SS0993  1 0.4117 0.0370 0.0511 0.0101 0.0104 0.3827 0.0197 0.0774 
   NS_SS0958  1 0.0805 0.0291 0.0197 0.0268 0.0720 0.0163 0.0031 0.7526 
   NS_SS0988  1 0.0469 0.1333 0.0273 0.3779 0.0172 0.3776 0.0049 0.0149 
   NS_SS1003  1 0.0242 0.0105 0.0239 0.0051 0.0263 0.8911 0.0089 0.0100 
   NS_SS0976  1 0.0119 0.0703 0.0236 0.0216 0.4228 0.3427 0.0022 0.1050 
   NS_SS0964  1 0.7690 0.0102 0.0401 0.0058 0.1464 0.0085 0.0033 0.0167 
   NS_SS0939  1 0.6514 0.0055 0.1933 0.0043 0.0267 0.0997 0.0045 0.0146 
   NS_SS0990  1 0.6774 0.0095 0.0177 0.0287 0.0071 0.2483 0.0031 0.0082 
   NS_SS0984  1 0.8807 0.0173 0.0113 0.0165 0.0447 0.0204 0.0027 0.0064 
   NS_SS0980  1 0.0101 0.1465 0.7199 0.0174 0.0486 0.0395 0.0028 0.0151 
   NS_SS0978  1 0.0271 0.1160 0.0596 0.0138 0.6898 0.0664 0.0031 0.0241 
   NS_SS0951  1 0.2080 0.2296 0.1087 0.1970 0.0317 0.0436 0.0033 0.1781 
   NS_SS0913  1 0.5385 0.0975 0.0123 0.0146 0.1231 0.1437 0.0454 0.0249 
   NS_SS1002  1 0.0112 0.0335 0.0127 0.0240 0.0065 0.8750 0.0338 0.0032 
   NS_SS0948  1 0.0378 0.1946 0.0202 0.0513 0.0339 0.4826 0.0487 0.1309 
   NS_SS0916  1 0.0113 0.0107 0.0358 0.0161 0.1163 0.7778 0.0062 0.0259 
   NS_SS0995  1 0.0202 0.0107 0.5369 0.0623 0.2376 0.1240 0.0033 0.0051 
   NS_SS0927  1 0.1008 0.0175 0.0589 0.3902 0.3317 0.0596 0.0058 0.0355 
   NS_SS0992  1 0.0326 0.0336 0.4862 0.0084 0.1158 0.2933 0.0032 0.0269 
   NS_SS0912  1 0.0322 0.0269 0.0569 0.7634 0.0533 0.0236 0.0035 0.0400 
   NS_SS0981  1 0.0259 0.0938 0.0731 0.0171 0.2161 0.5490 0.0037 0.0212 
   NS_SS0729  2 0.0078 0.0952 0.0180 0.8331 0.0169 0.0102 0.0037 0.0152 
   NS_SS0967  2 0.0081 0.0224 0.0219 0.0248 0.8689 0.0342 0.0094 0.0103 
   NS_SS0941  2 0.2436 0.0217 0.0441 0.0286 0.3147 0.2335 0.0936 0.0202 
   NS_SS0768  2 0.0520 0.7321 0.0152 0.0914 0.0267 0.0709 0.0050 0.0068 
   NS_SS0726  2 0.0350 0.0237 0.0547 0.0181 0.0401 0.5823 0.0069 0.2392 
   NS_SS0763  2 0.0487 0.0342 0.0656 0.2110 0.5722 0.0227 0.0022 0.0435 
   NS_SS0730  2 0.3725 0.0690 0.2240 0.0322 0.1468 0.1112 0.0048 0.0395 
   NS_SS0774  2 0.3037 0.2110 0.4494 0.0056 0.0141 0.0101 0.0010 0.0052 
   NS_SS0723  2 0.0206 0.0703 0.8308 0.0104 0.0235 0.0368 0.0018 0.0058 
   NS_SS0940  2 0.0459 0.0090 0.0848 0.0687 0.4176 0.3115 0.0080 0.0544 
   NS_SS0762  2 0.8344 0.0923 0.0062 0.0051 0.0325 0.0062 0.0031 0.0202 
   NS_SS0766  2 0.3366 0.0058 0.0242 0.0454 0.5417 0.0170 0.0147 0.0146 
   NS_SS0724  2 0.5823 0.2475 0.0456 0.0128 0.0665 0.0178 0.0056 0.0219 
   NS_SS0769  2 0.0746 0.0362 0.0287 0.0886 0.4813 0.2794 0.0040 0.0073 
   NS_SS0777  2 0.0367 0.0128 0.1378 0.1457 0.0158 0.0366 0.0162 0.5984 
   NS_SS0734  2 0.1337 0.0114 0.2080 0.0386 0.3968 0.0225 0.0302 0.1588 
   NS_SS0737  2 0.9030 0.0127 0.0171 0.0049 0.0142 0.0295 0.0064 0.0121 
   NS_SS0732  2 0.0110 0.0086 0.9503 0.0041 0.0105 0.0064 0.0042 0.0049 
   NS_SS0728  2 0.0229 0.0130 0.6338 0.0223 0.0262 0.2564 0.0107 0.0147 
   NS_SS0735  2 0.0322 0.1186 0.7876 0.0079 0.0243 0.0112 0.0074 0.0108 
   NS_SS0725  2 0.8909 0.0075 0.0124 0.0189 0.0071 0.0384 0.0088 0.0160 
   NS_SS0788  2 0.0283 0.0363 0.2479 0.0529 0.5994 0.0189 0.0012 0.0151 
   NS_SS0778  2 0.0067 0.0072 0.9083 0.0329 0.0139 0.0195 0.0018 0.0097 
   NS_SS0792  2 0.0377 0.0237 0.0241 0.0156 0.1521 0.7302 0.0047 0.0120 
   NS_SS0943  2 0.0065 0.2755 0.0933 0.0087 0.0102 0.0153 0.0069 0.5835 
   NS_SS0791  2 0.0109 0.0047 0.1012 0.0092 0.4680 0.2955 0.0122 0.0983 
   NS_SS0790  2 0.1328 0.8251 0.0203 0.0080 0.0027 0.0043 0.0038 0.0029 
   NS_SS0731  2 0.8803 0.0152 0.0250 0.0349 0.0147 0.0090 0.0155 0.0054 
   NS_SS0727  2 0.5252 0.0140 0.0388 0.0539 0.0384 0.0264 0.0021 0.3012 
   NS_SS0779  2 0.0547 0.0113 0.8014 0.0191 0.0482 0.0313 0.0050 0.0292 
   NS_SS0776  2 0.3682 0.0710 0.0485 0.0088 0.2324 0.1103 0.0073 0.1535 
   NS_SS0775  2 0.8801 0.0165 0.0229 0.0094 0.0361 0.0114 0.0066 0.0169 
   NS_SS0965  3 0.0181 0.0533 0.3921 0.0557 0.3217 0.1070 0.0026 0.0496 
   NS_SS0754  3 0.0251 0.0300 0.2234 0.0313 0.5073 0.0837 0.0142 0.0850 
   NS_SS0838  3 0.1940 0.0141 0.0877 0.0334 0.1967 0.3898 0.0428 0.0415 
   NS_SS0839  3 0.3619 0.1324 0.0187 0.0043 0.0103 0.4635 0.0031 0.0059 
   NS_SS0832  3 0.3504 0.1777 0.1254 0.0092 0.0578 0.2103 0.0643 0.0048 
   NS_SS0820  3 0.1744 0.0180 0.0136 0.0084 0.5950 0.1786 0.0074 0.0046 
   NS_SS0886  3 0.0225 0.0225 0.2892 0.2495 0.3711 0.0200 0.0019 0.0233 
   NS_SS0748  3 0.1018 0.1913 0.0257 0.2855 0.0784 0.0418 0.0092 0.2662 
   NS_SS0884  3 0.0877 0.1580 0.1984 0.0998 0.1240 0.2900 0.0278 0.0143 
   NS_SS0752  3 0.0968 0.0265 0.7324 0.0270 0.0650 0.0183 0.0019 0.0320 
   NS_SS0862  3 0.0098 0.0268 0.8812 0.0069 0.0159 0.0508 0.0039 0.0048 
   NS_SS0787  3 0.0079 0.0078 0.0059 0.8986 0.0145 0.0125 0.0055 0.0473 
   NS_SS0843  3 0.0515 0.0243 0.7495 0.0530 0.0948 0.0153 0.0021 0.0095 
   NS_SS0856  3 0.6110 0.0149 0.0225 0.0980 0.1280 0.1104 0.0033 0.0118 
   NS_SS0846  3 0.0198 0.1016 0.0393 0.6491 0.0686 0.0852 0.0037 0.0328 
   NS_SS0825  3 0.0099 0.0196 0.1689 0.1922 0.0185 0.5519 0.0127 0.0263 
   NS_SS0757  3 0.0216 0.0153 0.8899 0.0240 0.0146 0.0099 0.0035 0.0213 
   NS_SS0876  3 0.1153 0.1896 0.3589 0.0084 0.0290 0.0249 0.2195 0.0544 
   NS_SS0903  3 0.0048 0.2381 0.7276 0.0078 0.0055 0.0064 0.0023 0.0075 
   NS_SS0875  3 0.1298 0.0332 0.0195 0.6186 0.1254 0.0206 0.0034 0.0494 
   NS_SS0740  3 0.0244 0.0238 0.8657 0.0148 0.0456 0.0116 0.0031 0.0110 
   NS_SS0811  3 0.1624 0.2612 0.2293 0.0145 0.1787 0.1304 0.0090 0.0145 
   NS_SS0751  3 0.2131 0.0111 0.0808 0.0175 0.3562 0.1482 0.0035 0.1695 
   NS_SS0891  3 0.6121 0.3118 0.0171 0.0084 0.0191 0.0129 0.0046 0.0139 
   NS_SS0867  3 0.0081 0.0768 0.0319 0.5030 0.0302 0.2981 0.0316 0.0202 
   NS_SS0890  3 0.0784 0.0681 0.1879 0.0288 0.5977 0.0129 0.0035 0.0227 
   NS_SS0866  3 0.0197 0.0047 0.0106 0.8565 0.0051 0.0646 0.0044 0.0343 
   NS_SS0755  3 0.3334 0.1711 0.0813 0.0349 0.1135 0.1951 0.0085 0.0622 
   NS_SS0758  3 0.0457 0.0209 0.0403 0.4126 0.4190 0.0452 0.0032 0.0130 
   NS_SS0840  3 0.1843 0.1021 0.3493 0.0177 0.2211 0.1076 0.0030 0.0150 
   NS_SS0889  3 0.0353 0.0210 0.0929 0.6407 0.0128 0.0186 0.0021 0.1766 
   NS_SS1010  3 0.0268 0.0332 0.0086 0.0168 0.7944 0.0720 0.0379 0.0103 
   NS_SS0888  3 0.0302 0.0110 0.2761 0.1195 0.1745 0.0382 0.0015 0.3489 
   NS_SS0837  3 0.0786 0.4488 0.3058 0.0177 0.0366 0.0648 0.0027 0.0450 
   NS_SS0794  3 0.0344 0.0079 0.0096 0.0155 0.0333 0.0171 0.0020 0.8802 
   NS_SS0823  3 0.0186 0.6751 0.0515 0.0181 0.0469 0.1795 0.0035 0.0068 
   NS_SS0829  3 0.0059 0.0112 0.0160 0.8218 0.0117 0.0077 0.1003 0.0254 
   NS_SS0844  3 0.0058 0.9604 0.0090 0.0051 0.0065 0.0079 0.0017 0.0036 
   NS_SS1008  3 0.5718 0.0251 0.1407 0.0207 0.0168 0.0140 0.0109 0.2000 
   NS_SS0881  3 0.1277 0.0335 0.0346 0.0278 0.2451 0.2665 0.0038 0.2610 
   NS_SS0834  3 0.8567 0.0548 0.0046 0.0152 0.0326 0.0270 0.0048 0.0043 
   NS_SS0744  3 0.0129 0.0894 0.5829 0.0146 0.0426 0.2336 0.0088 0.0152 
   NS_SS0899  3 0.4995 0.3109 0.1313 0.0140 0.0235 0.0132 0.0018 0.0059 
   NS_SS0804  3 0.2697 0.1768 0.0737 0.0282 0.0556 0.3852 0.0045 0.0062 
   NS_SS0781  3 0.0349 0.5868 0.0273 0.0174 0.0440 0.2831 0.0028 0.0036 
   NS_SS0822  3 0.0110 0.0596 0.0231 0.0462 0.0108 0.0224 0.0021 0.8249 
   NS_SS1004  3 0.0631 0.1211 0.3214 0.0180 0.2087 0.1660 0.0037 0.0980 
   NS_SS0746  3 0.2137 0.3599 0.0089 0.1735 0.1065 0.0382 0.0149 0.0843 
   NS_SS0880  3 0.0373 0.0210 0.5235 0.0079 0.0138 0.1173 0.0018 0.2774 
   NS_SS0879  3 0.7081 0.1509 0.0194 0.0617 0.0098 0.0132 0.0183 0.0186 
   NS_SS0753  3 0.0210 0.0843 0.3054 0.2700 0.1259 0.0490 0.0130 0.1314 
   NS_SS1007  3 0.0634 0.0089 0.0901 0.0213 0.6911 0.1073 0.0016 0.0163 
   NS_SS0872  3 0.1008 0.3578 0.0627 0.0378 0.1998 0.1740 0.0025 0.0645 
   NS_SS1005  3 0.1764 0.3509 0.0429 0.3294 0.0438 0.0420 0.0016 0.0130 
   NS_SS0892  3 0.1841 0.0300 0.1629 0.0526 0.3623 0.1303 0.0023 0.0754 
   NS_SS0898  3 0.0137 0.0100 0.0068 0.0089 0.0124 0.0255 0.0058 0.9171 
   NS_SS0801  3 0.0179 0.4888 0.0287 0.0247 0.2615 0.1594 0.0089 0.0101 
   NS_SS0827  3 0.1445 0.0120 0.0445 0.4129 0.2164 0.0087 0.1314 0.0296 
   NS_SS0853  3 0.1951 0.0902 0.0127 0.0124 0.6629 0.0133 0.0063 0.0070 
   NS_SS0780  3 0.0138 0.0963 0.1865 0.0160 0.1508 0.5189 0.0044 0.0133 
   NS_SS0826  3 0.0071 0.7402 0.0154 0.0158 0.0071 0.0669 0.0037 0.1439 
   NS_SS0818  3 0.1144 0.0381 0.0425 0.0210 0.0518 0.6995 0.0021 0.0306 
   NS_SS0745  3 0.9467 0.0056 0.0171 0.0055 0.0083 0.0089 0.0015 0.0064 
   NS_SS0849  3 0.0120 0.0182 0.9150 0.0112 0.0067 0.0079 0.0014 0.0277 
   NS_SS0739  3 0.0412 0.0047 0.8259 0.0129 0.0202 0.0660 0.0137 0.0155 
   NS_SS0799  3 0.0183 0.0074 0.4422 0.0230 0.2915 0.1536 0.0012 0.0628 
   NS_SS0756  3 0.0178 0.7138 0.0382 0.0179 0.0145 0.1831 0.0033 0.0114 
   NS_SS0802  3 0.0076 0.0075 0.0714 0.4966 0.1058 0.0798 0.2169 0.0145 
   NS_SS0747  3 0.0151 0.1162 0.6901 0.0067 0.1367 0.0215 0.0063 0.0074 
   NS_SS0835  3 0.0099 0.0085 0.0079 0.9489 0.0085 0.0086 0.0011 0.0066 
   NS_SS0742  3 0.0207 0.0251 0.2017 0.0177 0.0138 0.6999 0.0013 0.0197 
   NS_SS0760  3 0.0086 0.0263 0.0069 0.3404 0.5013 0.0191 0.0373 0.0601 
   NS_SS0803  3 0.0077 0.9515 0.0093 0.0059 0.0067 0.0061 0.0057 0.0070 
   NS_SS0828  3 0.0260 0.0249 0.0560 0.0248 0.8432 0.0133 0.0014 0.0103 
   NS_SS0865  3 0.0090 0.0151 0.6932 0.0102 0.0270 0.2096 0.0224 0.0135 
   NS_SS0759  3 0.0905 0.0438 0.3766 0.0098 0.4406 0.0168 0.0046 0.0174 
   NS_SS0851  3 0.7673 0.0110 0.1627 0.0124 0.0099 0.0131 0.0129 0.0107 
   NS_SS0874  3 0.0132 0.9366 0.0219 0.0101 0.0051 0.0083 0.0013 0.0036 
   NS_SS0761  3 0.0174 0.0996 0.0821 0.2916 0.1733 0.1311 0.0034 0.2015 
   NS_SS0842  3 0.5465 0.0912 0.0106 0.0485 0.0561 0.0165 0.0077 0.2229 
   NS_SS0785  3 0.0172 0.0946 0.6555 0.0318 0.1157 0.0501 0.0063 0.0287 
   NS_SS0860  3 0.0079 0.0116 0.0328 0.8676 0.0551 0.0148 0.0026 0.0076 
   NS_SS0897  3 0.0071 0.0136 0.0371 0.1323 0.0209 0.0146 0.0023 0.7721 
   NS_SS0841  3 0.0533 0.0331 0.4849 0.0084 0.0366 0.2337 0.0047 0.1454 
   NS_SS0797  3 0.0166 0.0079 0.0102 0.0148 0.2967 0.0280 0.0271 0.5987 
   NS_SS0830  3 0.1025 0.1682 0.0981 0.0254 0.1433 0.0154 0.0027 0.4444 
   NS_SS1011  3 0.0139 0.0516 0.0172 0.0188 0.0457 0.8419 0.0065 0.0043 
   NS_SS0883  3 0.0066 0.0251 0.5959 0.0341 0.3042 0.0101 0.0053 0.0187 
   NS_SS0782  3 0.4953 0.0192 0.0415 0.3266 0.0267 0.0245 0.0029 0.0633 
   NS_SS0831  3 0.0159 0.0149 0.1303 0.7914 0.0199 0.0087 0.0034 0.0156 
   NS_SS0749  3 0.0136 0.0072 0.8251 0.0118 0.0999 0.0195 0.0040 0.0190 
   NS_SS0854  3 0.0522 0.0286 0.0957 0.0070 0.5092 0.2375 0.0033 0.0664 
   HI_SS0193  4 0.0144 0.0108 0.0083 0.0051 0.0061 0.0209 0.0014 0.9330 
   HI_SS0194  4 0.8288 0.1061 0.0123 0.0087 0.0040 0.0123 0.0017 0.0262 
   HI_SS0195  4 0.0582 0.0200 0.6612 0.0064 0.0812 0.0661 0.1003 0.0065 
   HI_SS0196  4 0.1109 0.1473 0.5104 0.0475 0.0468 0.0113 0.0021 0.1237 
   HI_SS0197  4 0.0088 0.0053 0.0065 0.0050 0.0070 0.9542 0.0102 0.0029 
   HI_SS0198  4 0.0133 0.0161 0.8692 0.0156 0.0376 0.0274 0.0063 0.0146 
   HI_SS0199  4 0.0111 0.0122 0.0252 0.6460 0.2558 0.0314 0.0024 0.0159 
   HI_SS0201  4 0.0061 0.0142 0.0184 0.4606 0.3593 0.0177 0.0022 0.1216 
   HI_SS0215  4 0.0045 0.0095 0.0116 0.9347 0.0166 0.0145 0.0028 0.0058 
   HI_SS0218  4 0.0080 0.0062 0.0061 0.0116 0.4382 0.0064 0.0056 0.5178 
   HI_SS0222  4 0.0661 0.0204 0.1052 0.6159 0.1158 0.0542 0.0059 0.0166 
   HI_SS0230  4 0.1773 0.0696 0.0364 0.0135 0.4222 0.2482 0.0067 0.0261 
   HI_SS0234  4 0.0221 0.7216 0.0056 0.0160 0.0326 0.0382 0.1323 0.0315 
   HI_SS0240  4 0.0212 0.0136 0.0886 0.0141 0.8357 0.0121 0.0075 0.0072 
   HI_SS0241  4 0.0072 0.0407 0.0116 0.0309 0.8404 0.0401 0.0020 0.0270 
   HI_SS0242  4 0.1581 0.1635 0.1414 0.0114 0.1393 0.0487 0.0034 0.3342 
   HI_SS0247  4 0.0067 0.9329 0.0053 0.0043 0.0047 0.0274 0.0131 0.0056 
   HI_SS0248  4 0.0554 0.0240 0.0308 0.0927 0.0117 0.0052 0.0008 0.7794 
   HI_SS0252  4 0.0364 0.0168 0.0139 0.0162 0.0115 0.8925 0.0022 0.0105 
   HI_SS0254  4 0.0116 0.0107 0.0124 0.0143 0.0491 0.1286 0.0863 0.6869 
   HI_SS0256  4 0.0288 0.9134 0.0126 0.0034 0.0130 0.0225 0.0015 0.0048 
   HI_SS0257  4 0.0092 0.6775 0.0218 0.0609 0.0788 0.1127 0.0025 0.0365 
   HI_SS0258  4 0.0233 0.0349 0.0196 0.1114 0.0547 0.0152 0.0051 0.7358 
   HI_SS0259  4 0.1282 0.0785 0.0261 0.0692 0.0721 0.6145 0.0033 0.0080 
   HI_SS0260  4 0.0406 0.0294 0.0764 0.6121 0.1867 0.0171 0.0015 0.0363 
   HI_SS0261  4 0.1724 0.1241 0.0470 0.1850 0.0562 0.0386 0.0039 0.3727 
   HI_SS0262  4 0.0728 0.0379 0.4869 0.0100 0.0648 0.3006 0.0067 0.0202 
   HI_SS0264  4 0.6399 0.2432 0.0142 0.0105 0.0314 0.0441 0.0032 0.0134 
   HI_SS0265  4 0.5162 0.0689 0.1652 0.0576 0.0535 0.0170 0.1146 0.0071 
   HI_SS0268  4 0.0679 0.0063 0.0117 0.0090 0.8494 0.0249 0.0032 0.0277 
   HI_SS0269  4 0.0107 0.0377 0.0627 0.0908 0.0512 0.1670 0.0018 0.5780 
   HI_SS0273  4 0.0117 0.0256 0.0190 0.0254 0.4433 0.0269 0.0017 0.4464 
   HI_SS0277  4 0.0113 0.0813 0.1305 0.0920 0.1974 0.4731 0.0029 0.0114 
   HI_SS0280  4 0.2534 0.0080 0.0813 0.0208 0.2482 0.3383 0.0050 0.0448 
   HI_SS0282  4 0.0042 0.0145 0.8335 0.0199 0.0038 0.0096 0.0013 0.1134 
   HI_SS0286  4 0.0412 0.0237 0.2365 0.5396 0.0818 0.0300 0.0111 0.0361 
   NS_SS1252  5 0.0045 0.0053 0.0054 0.9583 0.0050 0.0058 0.0030 0.0128 
   NS_SS1261  5 0.0196 0.0287 0.1265 0.2445 0.0345 0.5146 0.0237 0.0079 
   NS_SS1225  5 0.0058 0.8987 0.0109 0.0117 0.0118 0.0090 0.0436 0.0085 
   NS_SS1266  5 0.0346 0.8762 0.0206 0.0039 0.0221 0.0272 0.0079 0.0076 
   NS_SS1228  5 0.0603 0.0196 0.1342 0.0087 0.1181 0.6166 0.0184 0.0242 
   NS_SS1255  5 0.7388 0.1366 0.0312 0.0173 0.0091 0.0239 0.0016 0.0414 
   NS_SS1267  5 0.0082 0.0059 0.0092 0.8491 0.0547 0.0079 0.0161 0.0488 
   NS_SS1238  5 0.2021 0.0182 0.0650 0.0356 0.0184 0.0847 0.0031 0.5729 
   NS_SS1233  5 0.0430 0.5242 0.0171 0.0072 0.0299 0.0163 0.0027 0.3595 
   NS_SS1277  5 0.0174 0.0049 0.0129 0.0112 0.0067 0.0059 0.0011 0.9399 
   NS_SS1245  5 0.3124 0.3180 0.0419 0.0837 0.0565 0.0733 0.0017 0.1126 
   NS_SS1240  5 0.0056 0.0093 0.0121 0.8433 0.0897 0.0092 0.0021 0.0288 
   NS_SS1275  5 0.1238 0.0172 0.0089 0.0049 0.0078 0.8274 0.0034 0.0066 
   NS_SS1235  5 0.0517 0.8251 0.0067 0.0083 0.0276 0.0446 0.0052 0.0308 
   NS_SS1263  5 0.0404 0.9083 0.0101 0.0180 0.0073 0.0073 0.0012 0.0074 
   NS_SS1251  5 0.0323 0.9031 0.0099 0.0233 0.0150 0.0095 0.0014 0.0055 
   NS_SS1248  5 0.0348 0.0192 0.0152 0.2330 0.0074 0.0424 0.1171 0.5310 
   NS_SS1244  5 0.0037 0.0315 0.0074 0.0058 0.0692 0.7592 0.0039 0.1193 
   NS_SS1257  5 0.0086 0.0134 0.0125 0.0169 0.8819 0.0112 0.0168 0.0386 
   NS_SS1242  5 0.6933 0.1084 0.1303 0.0068 0.0110 0.0219 0.0027 0.0255 
   NS_SS1271  5 0.0185 0.0053 0.0270 0.0398 0.0098 0.0107 0.0358 0.8531 
   NS_SS1265  5 0.0557 0.0184 0.0114 0.8523 0.0164 0.0087 0.0203 0.0167 
   NS_SS1243  5 0.3621 0.0201 0.1158 0.0068 0.0320 0.2543 0.0959 0.1131 
   NS_SS1273  5 0.8384 0.0191 0.0148 0.0098 0.0278 0.0246 0.0147 0.0509 
   NS_SS1254  5 0.1732 0.4189 0.0130 0.0098 0.0327 0.3372 0.0056 0.0095 
   NS_SS1224  5 0.3782 0.4022 0.0558 0.0158 0.0225 0.1111 0.0083 0.0061 
   NS_SS1227  5 0.1956 0.0051 0.0155 0.0596 0.6975 0.0135 0.0021 0.0111 
   NS_SS1274  5 0.0096 0.2282 0.1573 0.0129 0.5414 0.0140 0.0141 0.0225 
   NS_SS1241  5 0.0135 0.0458 0.0152 0.0049 0.0430 0.0305 0.0012 0.8459 
   NS_SS1256  5 0.0839 0.2130 0.0510 0.1304 0.1299 0.1410 0.0489 0.2019 
   NS_SS1260  5 0.0087 0.0111 0.0235 0.4900 0.3860 0.0158 0.0579 0.0070 
   NS_SS1262  5 0.0093 0.4895 0.0393 0.0421 0.1160 0.0793 0.1686 0.0559 
   NS_SS1230  5 0.0415 0.0557 0.0352 0.0186 0.2094 0.0125 0.0105 0.6165 
   NS_SS1270  5 0.0328 0.1593 0.1156 0.0168 0.0153 0.6463 0.0018 0.0122 
   NS_SS1229  5 0.0099 0.0312 0.0146 0.0737 0.0076 0.8536 0.0034 0.0059 
   NS_SS1246  5 0.0236 0.0126 0.0219 0.8525 0.0204 0.0511 0.0027 0.0152 
   NS_SS1269  5 0.0153 0.0098 0.0733 0.0249 0.8414 0.0079 0.0020 0.0255 
   NS_SS1239  5 0.0299 0.0110 0.9125 0.0058 0.0062 0.0127 0.0048 0.0171 
   NS_SS1272  5 0.0646 0.0413 0.0088 0.0349 0.0260 0.8040 0.0055 0.0149 
   NS_SS1268  5 0.0127 0.0347 0.8999 0.0047 0.0197 0.0074 0.0020 0.0189 
   NS_SS1249  5 0.0176 0.0312 0.0102 0.0227 0.0147 0.0068 0.0147 0.8821 
   HI_SS0559  6 0.0182 0.1048 0.4391 0.0129 0.3601 0.0134 0.0016 0.0499 
   HI_SS0563  6 0.0359 0.1792 0.4162 0.1879 0.0460 0.0218 0.0019 0.1111 
   HI_SS0564  6 0.0237 0.0205 0.8540 0.0051 0.0119 0.0191 0.0515 0.0143 
   HI_SS0565  6 0.0306 0.0086 0.0177 0.8950 0.0216 0.0101 0.0028 0.0136 
   HI_SS0569  6 0.0060 0.0295 0.0180 0.7009 0.1709 0.0143 0.0024 0.0580 
   HI_SS0570  6 0.0158 0.0101 0.0322 0.0835 0.0222 0.0554 0.0359 0.7449 
   HI_SS0572  6 0.6733 0.2435 0.0184 0.0180 0.0243 0.0102 0.0027 0.0096 
   HI_SS0576  6 0.0736 0.0503 0.6605 0.0227 0.1070 0.0378 0.0071 0.0409 
   HI_SS0579  6 0.0120 0.7274 0.0376 0.0410 0.0712 0.0111 0.0133 0.0865 
   HI_SS0580  6 0.2028 0.0480 0.2093 0.1606 0.3208 0.0192 0.0050 0.0345 
   HI_SS0581  6 0.2886 0.0058 0.0232 0.0046 0.0117 0.6088 0.0525 0.0048 
   HI_SS0583  6 0.0111 0.0033 0.0037 0.9655 0.0059 0.0049 0.0021 0.0035 
   HI_SS0586  6 0.0109 0.0138 0.0310 0.6948 0.0746 0.0073 0.0012 0.1664 
   HI_SS0588  6 0.0052 0.0412 0.0112 0.0208 0.8492 0.0064 0.0159 0.0501 
   HI_SS0595  6 0.0312 0.0152 0.0124 0.0394 0.7447 0.0317 0.0236 0.1019 
   HI_SS0596  6 0.9116 0.0401 0.0058 0.0050 0.0048 0.0152 0.0016 0.0159 
   HI_SS0597  6 0.5891 0.0406 0.0170 0.0228 0.0119 0.3008 0.0022 0.0157 
   HI_SS0600  6 0.0089 0.0234 0.0538 0.0163 0.3432 0.5149 0.0044 0.0352 
   HI_SS0601  6 0.0056 0.7112 0.0855 0.0163 0.0335 0.1276 0.0120 0.0084 
   HI_SS0602  6 0.0102 0.0069 0.0061 0.0088 0.9544 0.0075 0.0021 0.0041 
   HI_SS0604  6 0.4258 0.0210 0.3618 0.1204 0.0097 0.0292 0.0017 0.0304 
   HI_SS0605  6 0.0071 0.0063 0.9247 0.0086 0.0105 0.0044 0.0052 0.0331 
   HI_SS0608  6 0.7991 0.0067 0.0156 0.0086 0.0163 0.0247 0.0014 0.1276 
   HI_SS0609  6 0.0222 0.8679 0.0101 0.0191 0.0226 0.0408 0.0008 0.0165 
   HI_SS0611  6 0.0093 0.0130 0.8450 0.0690 0.0069 0.0066 0.0029 0.0473 
   HI_SS0612  6 0.0065 0.9146 0.0091 0.0135 0.0257 0.0132 0.0051 0.0123 
   HI_SS0613  6 0.0102 0.0144 0.9347 0.0140 0.0087 0.0075 0.0013 0.0090 
   HI_SS0615  6 0.1475 0.0186 0.2339 0.0075 0.2863 0.2864 0.0103 0.0095 
   HI_SS0001  6 0.0376 0.0158 0.0073 0.0431 0.2763 0.5190 0.0040 0.0969 
   HI_SS0002  6 0.0980 0.1829 0.0123 0.0709 0.5398 0.0645 0.0217 0.0098 
   HI_SS0004  6 0.6274 0.0210 0.0529 0.1415 0.0346 0.0294 0.0074 0.0859 
   HI_SS0005  6 0.0154 0.0164 0.1257 0.0114 0.6892 0.0654 0.0072 0.0694 
   HI_SS0006  6 0.0081 0.0181 0.0173 0.8211 0.0073 0.1139 0.0020 0.0122 
   HI_SS0007  6 0.0137 0.0063 0.0260 0.0109 0.0072 0.0077 0.0027 0.9255 
   HI_SS0008  6 0.0299 0.0252 0.1644 0.0143 0.3941 0.3080 0.0320 0.0320 
   HI_SS0009  6 0.5890 0.1740 0.0881 0.0142 0.0453 0.0239 0.0055 0.0599 
   HI_SS0010  6 0.0908 0.0587 0.0233 0.0172 0.1565 0.0227 0.0042 0.6266 
   HI_SS0011  6 0.0394 0.5430 0.0266 0.0076 0.0189 0.2294 0.1002 0.0349 
   HI_SS0012  6 0.0201 0.0287 0.2692 0.0210 0.6204 0.0295 0.0050 0.0063 
   HI_SS0017  6 0.8658 0.0303 0.0059 0.0036 0.0062 0.0413 0.0020 0.0449 
   HI_SS0021  6 0.1610 0.0358 0.0153 0.4283 0.0210 0.0179 0.2461 0.0747 
   HI_SS0024  6 0.4762 0.0254 0.0278 0.0683 0.0081 0.1860 0.0021 0.2060 
   HI_SS0025  6 0.9081 0.0245 0.0280 0.0124 0.0115 0.0044 0.0034 0.0077 
   HI_SS0027  6 0.0086 0.0243 0.1248 0.0601 0.0272 0.0115 0.0137 0.7297 
   HI_SS0028  6 0.4122 0.0173 0.0196 0.0189 0.4998 0.0255 0.0018 0.0050 
   HI_SS0029  6 0.6124 0.0511 0.0338 0.1025 0.1087 0.0417 0.0114 0.0384 
   HI_SS0030  6 0.1595 0.0265 0.0373 0.1421 0.0557 0.4695 0.0051 0.1042 
   HI_SS0031  6 0.0110 0.0060 0.0090 0.0042 0.9241 0.0361 0.0025 0.0070 
   HI_SS0034  6 0.0202 0.0262 0.0300 0.1556 0.1322 0.0143 0.0052 0.6162 
   HI_SS0036  6 0.0118 0.0046 0.0273 0.0417 0.2278 0.0481 0.0131 0.6257 
   HI_SS0037  6 0.1240 0.0181 0.1084 0.0711 0.1900 0.0368 0.0048 0.4468 
   HI_SS0039  6 0.0948 0.0074 0.0235 0.1206 0.1589 0.1964 0.0036 0.3948 
   HI_SS0041  6 0.6132 0.0160 0.3039 0.0098 0.0143 0.0348 0.0018 0.0062 
   HI_SS0042  6 0.1525 0.3734 0.1297 0.0178 0.0939 0.0773 0.1360 0.0194 
   HI_SS0043  6 0.0125 0.0080 0.2553 0.0796 0.0870 0.0360 0.0035 0.5180 
   HI_SS0044  6 0.8481 0.0055 0.0154 0.0065 0.0676 0.0135 0.0021 0.0413 
   HI_SS0047  6 0.2695 0.0191 0.2055 0.0316 0.0985 0.3563 0.0025 0.0170 
   HI_SS0049  6 0.7322 0.0879 0.0269 0.0152 0.0451 0.0298 0.0039 0.0589 
   HI_SS0051  6 0.0096 0.0118 0.9200 0.0253 0.0135 0.0060 0.0019 0.0121 
   HI_SS0053  6 0.0215 0.0078 0.0447 0.0800 0.2847 0.1794 0.0052 0.3766 
   HI_SS0054  6 0.0083 0.2386 0.0104 0.0507 0.0165 0.0219 0.0035 0.6501 
   HI_SS0057  6 0.3575 0.0451 0.0725 0.0099 0.0347 0.3683 0.0045 0.1074 
   HI_SS0058  6 0.0151 0.8344 0.0086 0.0987 0.0221 0.0068 0.0051 0.0092 
   HI_SS0060  6 0.0123 0.0311 0.0142 0.0056 0.1273 0.0894 0.0889 0.6311 
   HI_SS0087  6 0.0061 0.0527 0.0142 0.8750 0.0124 0.0197 0.0030 0.0170 
   HI_SS0091  6 0.0042 0.0269 0.0111 0.5906 0.0241 0.3239 0.0011 0.0180 
   HI_SS0095  6 0.0126 0.1480 0.0665 0.1112 0.4967 0.1058 0.0533 0.0058 
   HI_SS0097  6 0.0067 0.9220 0.0148 0.0102 0.0166 0.0163 0.0041 0.0093 
   HI_SS0099  6 0.9545 0.0044 0.0067 0.0091 0.0078 0.0070 0.0049 0.0055 
   HI_SS0103  6 0.3105 0.1087 0.4039 0.0505 0.0211 0.0881 0.0039 0.0134 
   HI_SS0105  6 0.0142 0.0536 0.0164 0.0230 0.0226 0.8350 0.0273 0.0079 
   HI_SS0107  6 0.3454 0.4395 0.0658 0.0167 0.0086 0.1087 0.0012 0.0141 
   HI_SS0108  6 0.0037 0.0058 0.0163 0.0376 0.0093 0.0072 0.0266 0.8935 
   HI_SS0110  6 0.0365 0.0160 0.0857 0.0269 0.0427 0.7795 0.0013 0.0115 
   HI_SS0111  6 0.0773 0.0340 0.5016 0.0219 0.2007 0.1149 0.0287 0.0209 
   HI_SS0112  6 0.0064 0.0048 0.0102 0.0060 0.0150 0.0035 0.0013 0.9528 
   HI_SS0113  6 0.3344 0.1757 0.0317 0.0168 0.0277 0.4025 0.0041 0.0070 
   HI_SS0114  6 0.0078 0.0121 0.0198 0.1393 0.7777 0.0133 0.0054 0.0246 
   HI_SS0115  6 0.1147 0.2346 0.2885 0.0076 0.2630 0.0051 0.0133 0.0732 
   HI_SS0116  6 0.0623 0.0092 0.0076 0.8994 0.0053 0.0057 0.0027 0.0077 
   HI_SS0117  6 0.0063 0.6159 0.0093 0.0307 0.1701 0.0756 0.0017 0.0905 
   HI_SS0118  6 0.0258 0.0295 0.0109 0.8965 0.0083 0.0106 0.0091 0.0095 
   HI_SS0119  6 0.0061 0.0215 0.1040 0.2117 0.1064 0.5182 0.0021 0.0300 
   HI_SS0120  6 0.8672 0.0351 0.0055 0.0076 0.0055 0.0709 0.0027 0.0055 
   HI_SS0121  6 0.0209 0.3051 0.0631 0.0157 0.0991 0.4912 0.0016 0.0034 
   HI_SS0122  6 0.1301 0.0341 0.0348 0.0222 0.0298 0.6837 0.0214 0.0441 
   HI_SS0123  6 0.0588 0.0632 0.6314 0.1301 0.0436 0.0624 0.0051 0.0054 
   HI_SS0124  6 0.8378 0.0383 0.0471 0.0055 0.0273 0.0236 0.0032 0.0171 
   HI_SS0125  6 0.2205 0.0224 0.0312 0.0059 0.4196 0.2395 0.0412 0.0197 
   HI_SS0126  6 0.0140 0.0065 0.0042 0.0185 0.0053 0.0066 0.0009 0.9439 
   HI_SS0127  6 0.0101 0.0481 0.7279 0.0196 0.1189 0.0067 0.0072 0.0617 
   HI_SS0128  6 0.4347 0.0309 0.0072 0.0569 0.0865 0.3183 0.0029 0.0627 
   HI_SS0129  6 0.0168 0.0108 0.1819 0.0098 0.0588 0.0278 0.0126 0.6814 
   HI_SS0131  6 0.0115 0.0902 0.0044 0.0079 0.0266 0.0069 0.0375 0.8150 
   HI_SS0132  6 0.0093 0.1327 0.0406 0.0113 0.0975 0.5334 0.0006 0.1745 
   HI_SS0133  6 0.0042 0.0028 0.0039 0.0099 0.0054 0.0046 0.0012 0.9681 
   HI_SS0134  6 0.0940 0.0641 0.2452 0.0730 0.0906 0.3041 0.0026 0.1263 
   HI_SS0142  6 0.0079 0.1090 0.0101 0.0229 0.4601 0.3664 0.0176 0.0060 
   HI_SS0145  6 0.0091 0.8777 0.0157 0.0326 0.0109 0.0115 0.0015 0.0410 
   HI_SS0146  6 0.0119 0.0115 0.0135 0.1629 0.0309 0.0474 0.0013 0.7208 
   HI_SS0147  6 0.1141 0.3336 0.3071 0.0200 0.0084 0.1885 0.0221 0.0062 
   HI_SS0149  6 0.0069 0.0108 0.0072 0.0080 0.0058 0.9341 0.0034 0.0237 
   HI_SS0150  6 0.0327 0.0187 0.0136 0.0066 0.7080 0.2076 0.0047 0.0079 
   HI_SS0151  6 0.0072 0.0106 0.8855 0.0095 0.0113 0.0086 0.0126 0.0547 
   NS_SS1451  6 0.4050 0.0147 0.2743 0.0051 0.0548 0.1891 0.0052 0.0517 
   NS_SS1404  6 0.4451 0.1364 0.2459 0.0113 0.0701 0.0363 0.0173 0.0375 
   NS_SS1432  6 0.7558 0.0079 0.0332 0.0079 0.0109 0.1279 0.0460 0.0104 
   NS_SS1405  6 0.3228 0.0988 0.0571 0.1639 0.0261 0.0127 0.0031 0.3155 
   NS_SS1431  6 0.7709 0.0075 0.0073 0.0325 0.0122 0.1590 0.0009 0.0097 
   NS_SS1402  6 0.0228 0.2585 0.3162 0.0338 0.2597 0.0936 0.0024 0.0129 
   NS_SS1450  6 0.0204 0.0214 0.0266 0.0258 0.1501 0.1143 0.0041 0.6372 
   NS_SS1396  6 0.0519 0.0190 0.3425 0.1194 0.0227 0.4180 0.0059 0.0207 
   NS_SS1393  6 0.0146 0.0082 0.1798 0.7571 0.0237 0.0081 0.0035 0.0050 
   NS_SS1392  6 0.8441 0.0070 0.0275 0.0160 0.0368 0.0310 0.0223 0.0152 
   NS_SS1445  6 0.0076 0.0281 0.0170 0.8325 0.0182 0.0775 0.0093 0.0098 
   NS_SS1423  6 0.0185 0.1389 0.0249 0.0674 0.0515 0.4238 0.0015 0.2735 
   NS_SS1421  6 0.0188 0.0141 0.0258 0.0328 0.0368 0.0908 0.0844 0.6964 
   NS_SS1411  6 0.0230 0.0075 0.2216 0.3038 0.0243 0.0158 0.0019 0.4020 
   NS_SS1453  6 0.0556 0.0376 0.0636 0.2801 0.1409 0.3686 0.0073 0.0463 
   NS_SS1442  6 0.0465 0.2157 0.0490 0.5373 0.0676 0.0287 0.0038 0.0515 
   NS_SS1422  6 0.0107 0.8610 0.0289 0.0117 0.0135 0.0427 0.0103 0.0210 
   NS_SS1419  6 0.0774 0.4347 0.0404 0.1556 0.0104 0.0852 0.1819 0.0144 
   NS_SS1427  6 0.0097 0.0076 0.0049 0.0207 0.0801 0.0420 0.0020 0.8330 
   NS_SS1444  6 0.8321 0.0462 0.0317 0.0338 0.0281 0.0155 0.0038 0.0088 
   NS_SS1455  6 0.4780 0.2637 0.0585 0.1093 0.0107 0.0679 0.0016 0.0103 
   NS_SS1425  6 0.0041 0.0050 0.1712 0.0620 0.0746 0.0073 0.0016 0.6743 
   NS_SS1400  6 0.0215 0.0151 0.0055 0.8045 0.0069 0.0139 0.0017 0.1310 
   NS_SS1406  6 0.0169 0.7719 0.0374 0.0121 0.0544 0.0939 0.0094 0.0040 
   NS_SS1417  6 0.1301 0.5995 0.0079 0.1318 0.0135 0.0233 0.0086 0.0854 
   NS_SS1454  6 0.0406 0.0148 0.0306 0.1940 0.1542 0.4564 0.0015 0.1080 
   NS_SS1412  6 0.1505 0.0749 0.2380 0.0420 0.1043 0.0723 0.0315 0.2865 
   NS_SS1438  6 0.0171 0.0867 0.0408 0.6930 0.0822 0.0353 0.0012 0.0438 
   NS_SS1416  6 0.0172 0.0256 0.7500 0.1260 0.0073 0.0646 0.0054 0.0039 
   NS_SS1401  6 0.0319 0.0515 0.0098 0.0073 0.0147 0.8460 0.0094 0.0294 
   NS_SS1424  6 0.0205 0.0826 0.0546 0.6008 0.0218 0.0457 0.0156 0.1583 
   NS_SS1435  6 0.0475 0.0091 0.0174 0.0089 0.5629 0.0250 0.0029 0.3262 
   NS_SS1447  6 0.6838 0.1514 0.0280 0.0158 0.0175 0.0445 0.0082 0.0508 
   NS_SS1414  6 0.7944 0.1219 0.0085 0.0235 0.0116 0.0156 0.0087 0.0159 
   NS_SS1449  6 0.0055 0.0214 0.0072 0.0032 0.1226 0.8261 0.0036 0.0104 
   NS_SS1443  6 0.0078 0.0217 0.0561 0.0296 0.7891 0.0152 0.0025 0.0780 
   NS_SS1434  6 0.4572 0.0211 0.0119 0.0187 0.0226 0.0472 0.0010 0.4202 
   NS_SS1398  6 0.0608 0.0082 0.0370 0.0172 0.6921 0.0188 0.0159 0.1499 
   NS_SS1426  6 0.0149 0.0156 0.2349 0.2813 0.0343 0.0258 0.0028 0.3903 
   NS_SS1413  6 0.0085 0.0077 0.0049 0.0072 0.0080 0.0052 0.0083 0.9501 
   NS_SS1395  6 0.0209 0.0073 0.0221 0.0662 0.6455 0.2164 0.0072 0.0144 
   NS_SS1448  6 0.0121 0.0033 0.0063 0.0044 0.0076 0.0082 0.0014 0.9567 
   NS_SS1446  6 0.0467 0.0438 0.0123 0.5486 0.0150 0.3140 0.0035 0.0159 
   NS_SS1403  6 0.0109 0.0076 0.0102 0.8996 0.0148 0.0473 0.0057 0.0039 
   NS_SS1415  6 0.0040 0.0044 0.0116 0.0056 0.0121 0.0086 0.0083 0.9454 
   NS_SS1437  6 0.5654 0.1047 0.0330 0.0530 0.1426 0.0472 0.0111 0.0429 
   NS_SS1439  6 0.0268 0.2619 0.0366 0.0505 0.5668 0.0498 0.0031 0.0046 
   NS_SS1441  6 0.0410 0.0385 0.0132 0.0908 0.7424 0.0433 0.0022 0.0286 
   NS_SS1420  6 0.1728 0.0686 0.7092 0.0056 0.0074 0.0215 0.0042 0.0107 
   NS_SS1394  6 0.1929 0.0086 0.5981 0.0084 0.1349 0.0151 0.0333 0.0087 
   NS_SS1391  6 0.4524 0.0182 0.0243 0.2871 0.1486 0.0255 0.0116 0.0322 
   NS_SS1410  6 0.0350 0.0663 0.0102 0.0745 0.0209 0.7586 0.0161 0.0185 
   NS_SS1408  6 0.0145 0.0249 0.0492 0.0276 0.5368 0.2805 0.0570 0.0095 
   NS_SS1409  6 0.0490 0.0232 0.0403 0.7931 0.0391 0.0425 0.0029 0.0098 
   HI_SS0617  7 0.2046 0.1351 0.5138 0.0455 0.0208 0.0577 0.0014 0.0211 
   HI_SS0618  7 0.0103 0.0095 0.9483 0.0072 0.0108 0.0069 0.0025 0.0045 
   HI_SS0619  7 0.9045 0.0082 0.0179 0.0060 0.0306 0.0184 0.0037 0.0106 
   HI_SS0620  7 0.0062 0.0112 0.0381 0.0108 0.0166 0.0066 0.0033 0.9073 
   HI_SS0621  7 0.2562 0.1961 0.3081 0.0229 0.1346 0.0470 0.0200 0.0152 
   HI_SS0622  7 0.1107 0.5413 0.0307 0.0173 0.0178 0.0112 0.0109 0.2599 
   HI_SS0626  7 0.3001 0.0409 0.3271 0.0158 0.2373 0.0226 0.0091 0.0471 
   HI_SS0627  7 0.0399 0.0096 0.0085 0.0395 0.0068 0.8821 0.0075 0.0062 
   HI_SS0628  7 0.2743 0.0064 0.0157 0.0893 0.0597 0.0839 0.0476 0.4230 
   HI_SS0629  7 0.0531 0.0502 0.0251 0.2400 0.5752 0.0355 0.0051 0.0157 
   HI_SS0630  7 0.2398 0.0194 0.0737 0.0476 0.1480 0.0266 0.0616 0.3833 
   HI_SS0631  7 0.0472 0.0209 0.0287 0.0314 0.2758 0.0359 0.0008 0.5592 
   HI_SS0632  7 0.1043 0.0349 0.0490 0.0157 0.0403 0.3055 0.0033 0.4469 
   HI_SS0633  7 0.8305 0.1015 0.0084 0.0171 0.0194 0.0077 0.0042 0.0114 
   HI_SS0634  7 0.0111 0.0073 0.0135 0.0076 0.0262 0.9137 0.0025 0.0182 
   HI_SS0635  7 0.0434 0.0924 0.0198 0.0736 0.7200 0.0163 0.0109 0.0234 
   HI_SS0637  7 0.0045 0.0153 0.9299 0.0091 0.0234 0.0095 0.0027 0.0055 
   HI_SS0638  7 0.0577 0.0548 0.1950 0.0175 0.0253 0.0306 0.0016 0.6175 
   HI_SS0639  7 0.0958 0.0159 0.1564 0.0103 0.3342 0.3348 0.0465 0.0063 
   HI_SS0640  7 0.0119 0.0536 0.0430 0.5042 0.3608 0.0133 0.0020 0.0112 
   HI_SS0641  7 0.0400 0.0210 0.0241 0.0226 0.8284 0.0048 0.0035 0.0555 
   HI_SS0642  7 0.0075 0.0063 0.0066 0.0101 0.0165 0.9452 0.0019 0.0058 
   HI_SS0645  7 0.2323 0.0269 0.6867 0.0127 0.0056 0.0228 0.0011 0.0119 
   HI_SS0646  7 0.0133 0.0750 0.0103 0.0236 0.7324 0.1349 0.0027 0.0078 
   HI_SS0647  7 0.0695 0.0219 0.0098 0.0143 0.0827 0.0289 0.0014 0.7716 
   HI_SS0648  7 0.1755 0.4508 0.0802 0.0146 0.1828 0.0174 0.0028 0.0758 
   HI_SS0649  7 0.1588 0.1251 0.0583 0.2461 0.3755 0.0267 0.0014 0.0081 
   HI_SS0650  7 0.1537 0.0073 0.4140 0.0253 0.3594 0.0274 0.0056 0.0074 
   HI_SS0651  7 0.0548 0.1992 0.4659 0.0259 0.2290 0.0133 0.0034 0.0085 
   HI_SS0652  7 0.6408 0.0079 0.2466 0.0065 0.0365 0.0394 0.0033 0.0189 
   NS_SS1371  7 0.0079 0.0068 0.0292 0.1108 0.8230 0.0138 0.0043 0.0042 
   NS_SS1374  7 0.0653 0.0111 0.0461 0.2173 0.0259 0.3847 0.0033 0.2463 
   NS_SS1337  7 0.0070 0.0070 0.0102 0.0072 0.0089 0.9478 0.0028 0.0092 
   NS_SS1385  7 0.1187 0.0229 0.0169 0.7884 0.0162 0.0204 0.0056 0.0108 
   NS_SS1388  7 0.9104 0.0146 0.0080 0.0241 0.0181 0.0068 0.0073 0.0106 
   NS_SS1370  7 0.0088 0.0110 0.7739 0.0041 0.0107 0.1745 0.0104 0.0067 
   NS_SS1389  7 0.9368 0.0158 0.0072 0.0120 0.0111 0.0057 0.0031 0.0084 
   NS_SS1360  7 0.0104 0.0287 0.2571 0.0422 0.5023 0.0198 0.0050 0.1345 
   NS_SS1330  7 0.0127 0.1845 0.6701 0.0205 0.0893 0.0123 0.0039 0.0067 
   NS_SS1328  7 0.0183 0.0070 0.0082 0.0157 0.0131 0.0265 0.0020 0.9093 
   NS_SS1384  7 0.0065 0.0283 0.0401 0.0297 0.8684 0.0104 0.0037 0.0129 
   NS_SS1381  7 0.4764 0.0838 0.0873 0.1535 0.0101 0.1791 0.0011 0.0089 
   NS_SS1375  7 0.7972 0.0061 0.0371 0.0130 0.0990 0.0241 0.0014 0.0222 
   NS_SS1319  7 0.0190 0.0183 0.0046 0.0154 0.7773 0.0830 0.0711 0.0114 
   NS_SS1326  7 0.0710 0.0097 0.0061 0.0172 0.0155 0.0113 0.0091 0.8601 
   NS_SS1341  7 0.0090 0.0100 0.0062 0.0391 0.0105 0.9034 0.0037 0.0181 
   NS_SS1383  7 0.0057 0.0067 0.0574 0.0143 0.0555 0.8413 0.0042 0.0148 
   NS_SS1318  7 0.5977 0.1607 0.0586 0.0270 0.0432 0.0246 0.0165 0.0717 
   NS_SS1348  7 0.0095 0.0074 0.0076 0.8789 0.0378 0.0096 0.0015 0.0476 
   NS_SS1363  7 0.0282 0.7107 0.0821 0.0209 0.0211 0.0215 0.0053 0.1103 
   NS_SS1335  7 0.0084 0.0062 0.0142 0.0547 0.8264 0.0246 0.0196 0.0459 
   NS_SS1358  7 0.0048 0.2044 0.1276 0.0887 0.0594 0.4638 0.0185 0.0328 
   NS_SS1342  7 0.0077 0.1945 0.0080 0.7167 0.0168 0.0443 0.0016 0.0105 
   NS_SS1320  7 0.3739 0.5429 0.0079 0.0021 0.0403 0.0192 0.0068 0.0069 
   NS_SS1355  7 0.1426 0.7000 0.0371 0.0263 0.0625 0.0131 0.0115 0.0069 
   NS_SS1345  7 0.0094 0.9312 0.0073 0.0090 0.0064 0.0050 0.0149 0.0167 
   NS_SS1324  7 0.0227 0.0365 0.0152 0.0135 0.8740 0.0074 0.0021 0.0285 
   NS_SS1347  7 0.0067 0.0204 0.8058 0.0202 0.0845 0.0373 0.0034 0.0218 
   NS_SS1321  7 0.0088 0.0167 0.3626 0.0384 0.0744 0.4764 0.0014 0.0212 
   NS_SS1333  7 0.0946 0.0050 0.0218 0.0174 0.3543 0.3473 0.0040 0.1555 
   NS_SS1364  7 0.0321 0.0665 0.0227 0.7803 0.0138 0.0078 0.0028 0.0740 
   NS_SS1379  7 0.0156 0.0077 0.9001 0.0083 0.0035 0.0101 0.0450 0.0097 
   NS_SS1332  7 0.0265 0.0078 0.0067 0.1193 0.1384 0.0107 0.0059 0.6846 
   NS_SS1338  7 0.0074 0.0078 0.9039 0.0388 0.0048 0.0203 0.0059 0.0111 
   NS_SS1368  7 0.0633 0.0469 0.0061 0.6404 0.0262 0.0936 0.0061 0.1175 
   NS_SS1354  7 0.0599 0.5951 0.0170 0.0344 0.2191 0.0456 0.0135 0.0155 
   NS_SS1365  7 0.1741 0.0551 0.1836 0.0204 0.0096 0.0166 0.0107 0.5299 
   NS_SS1380  7 0.0128 0.9412 0.0065 0.0065 0.0099 0.0081 0.0121 0.0030 
   NS_SS1329  7 0.0122 0.0935 0.0100 0.8135 0.0098 0.0191 0.0028 0.0392 
   NS_SS1362  7 0.0075 0.6414 0.0404 0.1414 0.1380 0.0194 0.0034 0.0084 
   NS_SS1327  7 0.0040 0.0030 0.0030 0.8479 0.0156 0.0053 0.0029 0.1183 
   NS_SS1350  7 0.0400 0.0062 0.0197 0.0063 0.8777 0.0266 0.0084 0.0152 
   NS_SS1387  7 0.0192 0.0074 0.9049 0.0245 0.0176 0.0168 0.0028 0.0068 
   NS_SS1369  7 0.0047 0.0379 0.0324 0.0098 0.0076 0.0191 0.0043 0.8841 
   NS_SS1331  7 0.5377 0.0121 0.0072 0.0324 0.0072 0.3688 0.0083 0.0262 
   NS_SS1357  7 0.1133 0.0087 0.0171 0.0296 0.0187 0.7794 0.0048 0.0283 
   NS_SS1386  7 0.0071 0.0352 0.0060 0.1285 0.0201 0.0669 0.0035 0.7327 
   NS_SS1353  7 0.8460 0.0102 0.0045 0.0123 0.0222 0.0729 0.0031 0.0288 
   NS_SS1323  7 0.0714 0.0381 0.0159 0.0061 0.0312 0.7558 0.0704 0.0110 
   HI_SS0296  8 0.0066 0.0166 0.8107 0.0329 0.0204 0.0145 0.0016 0.0966 
   HI_SS0297  8 0.0304 0.0109 0.0211 0.0265 0.3806 0.3534 0.0009 0.1761 
   HI_SS0299  8 0.0253 0.0897 0.2928 0.1583 0.2348 0.0373 0.0341 0.1278 
   HI_SS0300  8 0.0115 0.0110 0.8050 0.1045 0.0066 0.0150 0.0012 0.0453 
   HI_SS0301  8 0.0098 0.0279 0.7733 0.0293 0.1112 0.0171 0.0040 0.0273 
   HI_SS0302  8 0.0103 0.0135 0.0120 0.0077 0.0130 0.0077 0.0197 0.9161 
   HI_SS0303  8 0.0800 0.0084 0.0125 0.0374 0.0242 0.0092 0.0062 0.8221 
   HI_SS0304  8 0.4181 0.0108 0.0379 0.0180 0.0296 0.3978 0.0029 0.0849 
   HI_SS0306  8 0.0086 0.0041 0.0062 0.0104 0.0045 0.0049 0.0033 0.9580 
   HI_SS0307  8 0.1586 0.0237 0.0681 0.6246 0.0853 0.0245 0.0096 0.0056 
   HI_SS0308  8 0.0069 0.0351 0.0122 0.0297 0.8386 0.0071 0.0601 0.0102 
   HI_SS0309  8 0.0068 0.0999 0.7650 0.0096 0.0930 0.0178 0.0026 0.0054 
   HI_SS0310  8 0.4884 0.0812 0.0077 0.1706 0.0212 0.0072 0.0077 0.2159 
   HI_SS0311  8 0.0233 0.0156 0.0479 0.0094 0.0214 0.7882 0.0024 0.0918 
   HI_SS0314  8 0.4642 0.0460 0.0085 0.0106 0.4104 0.0133 0.0012 0.0458 
   HI_SS0316  8 0.0768 0.0535 0.0261 0.5486 0.1938 0.0616 0.0047 0.0350 
   HI_SS0317  8 0.0379 0.0148 0.2303 0.1080 0.4166 0.1708 0.0026 0.0191 
   HI_SS0318  8 0.0067 0.0048 0.1812 0.0679 0.5025 0.0437 0.1757 0.0175 
   HI_SS0319  8 0.0033 0.0049 0.0037 0.9313 0.0381 0.0032 0.0038 0.0118 
   HI_SS0320  8 0.2971 0.0103 0.0091 0.0208 0.0358 0.6230 0.0012 0.0027 
   HI_SS0321  8 0.0070 0.0049 0.8772 0.0199 0.0689 0.0125 0.0021 0.0075 
   HI_SS0323  8 0.1150 0.0109 0.3755 0.2264 0.2414 0.0107 0.0016 0.0185 
   HI_SS0325  8 0.0104 0.0093 0.0165 0.0086 0.0059 0.0103 0.0020 0.9371 
   HI_SS0327  8 0.0036 0.0271 0.0048 0.0111 0.9324 0.0092 0.0010 0.0106 
   HI_SS0329  8 0.8738 0.0131 0.0134 0.0310 0.0086 0.0349 0.0015 0.0238 
   HI_SS0333  8 0.1528 0.0302 0.0527 0.5225 0.1255 0.0781 0.0034 0.0348 
   HI_SS0334  8 0.0043 0.0154 0.9424 0.0076 0.0092 0.0086 0.0012 0.0113 
   HI_SS0335  8 0.0095 0.9128 0.0120 0.0054 0.0246 0.0105 0.0199 0.0054 
   HI_SS0339  8 0.0133 0.9005 0.0124 0.0354 0.0071 0.0164 0.0082 0.0067 
   HI_SS0343  8 0.0816 0.2666 0.0148 0.0112 0.0586 0.5239 0.0025 0.0409 
   HI_SS0344  8 0.0050 0.0055 0.0063 0.0121 0.0125 0.0121 0.0023 0.9442 
   HI_SS0345  8 0.0312 0.5459 0.0339 0.0073 0.0221 0.1718 0.0064 0.1814 
   HI_SS0346  8 0.1363 0.0083 0.3503 0.0376 0.0419 0.3818 0.0036 0.0403 
   HI_SS0350  8 0.0135 0.9522 0.0099 0.0050 0.0050 0.0053 0.0055 0.0036 
   HI_SS0351  8 0.1176 0.2604 0.1456 0.0717 0.0658 0.2880 0.0043 0.0465 
   HI_SS0352  8 0.0581 0.6936 0.0162 0.0182 0.0120 0.0691 0.1128 0.0199 
   HI_SS0362  8 0.0146 0.0037 0.0722 0.0118 0.4228 0.0308 0.0020 0.4422 
   HI_SS0363  8 0.0208 0.1103 0.0179 0.2201 0.1564 0.0982 0.0039 0.3723 
   HI_SS0365  8 0.0159 0.0599 0.3959 0.4385 0.0474 0.0218 0.0063 0.0143 
   HI_SS0366  8 0.0089 0.0149 0.0123 0.9307 0.0095 0.0081 0.0016 0.0140 
   HI_SS0367  8 0.8199 0.0896 0.0065 0.0087 0.0370 0.0309 0.0026 0.0047 
   HI_SS0369  8 0.0944 0.3530 0.1153 0.0859 0.0692 0.2733 0.0027 0.0061 
