   NS_SS0963  1 0.0155 0.0051 0.0259 0.0207 0.0074 0.0037 0.9139 0.0076 
   NS_SS0983  1 0.0399 0.0030 0.0197 0.0131 0.0062 0.0040 0.0180 0.8960 
   NS_SS0719  1 0.7098 0.0052 0.0176 0.0201 0.0157 0.0233 0.1906 0.0177 
   NS_SS1001  1 0.0075 0.0063 0.0354 0.3845 0.0328 0.0651 0.0091 0.4591 
   NS_SS0936  1 0.0934 0.0028 0.0213 0.1819 0.0982 0.4116 0.1841 0.0067 
   NS_SS0955  1 0.0999 0.0041 0.0407 0.1847 0.1123 0.0096 0.3833 0.1653 
   NS_SS0944  1 0.0081 0.0027 0.0273 0.0630 0.0366 0.0103 0.0378 0.8144 
   NS_SS0945  1 0.0086 0.0083 0.0045 0.1440 0.0134 0.7424 0.0092 0.0695 
   NS_SS0922  1 0.7419 0.0240 0.0105 0.0433 0.0326 0.0085 0.1339 0.0052 
   NS_SS0929  1 0.0208 0.0030 0.0252 0.0323 0.5810 0.0590 0.1777 0.1010 
   NS_SS0956  1 0.3142 0.0043 0.0791 0.0361 0.4726 0.0176 0.0585 0.0177 
   NS_SS0906  1 0.0598 0.0026 0.0202 0.0260 0.4035 0.0613 0.3951 0.0314 
   NS_SS0721  1 0.7872 0.0053 0.0492 0.0093 0.0079 0.0230 0.0493 0.0688 
   NS_SS0982  1 0.0204 0.0162 0.0079 0.0082 0.0307 0.0232 0.8852 0.0082 
   NS_SS0923  1 0.1306 0.0039 0.0368 0.0184 0.0849 0.0586 0.6524 0.0144 
   NS_SS0905  1 0.0366 0.0019 0.6552 0.0045 0.0347 0.1428 0.1026 0.0216 
   NS_SS0925  1 0.0398 0.0041 0.4949 0.3347 0.0968 0.0091 0.0150 0.0056 
   NS_SS0947  1 0.0171 0.0043 0.0058 0.1158 0.8114 0.0105 0.0241 0.0109 
   NS_SS0926  1 0.0123 0.0008 0.0178 0.0816 0.0068 0.1880 0.1159 0.5769 
   NS_SS0918  1 0.0373 0.0028 0.0161 0.0341 0.5121 0.0202 0.0467 0.3308 
   NS_SS0966  1 0.0216 0.0507 0.0770 0.0271 0.7075 0.0213 0.0576 0.0373 
   NS_SS0938  1 0.0160 0.0013 0.0056 0.8930 0.0133 0.0282 0.0342 0.0083 
   NS_SS0917  1 0.7734 0.0283 0.0070 0.0148 0.0041 0.1380 0.0268 0.0076 
   NS_SS0957  1 0.0180 0.0054 0.0222 0.0132 0.1281 0.4949 0.3075 0.0108 
   NS_SS0987  1 0.1002 0.2386 0.0550 0.0026 0.4751 0.0486 0.0235 0.0565 
   NS_SS0717  1 0.0785 0.0026 0.0516 0.0170 0.2698 0.5143 0.0143 0.0519 
   NS_SS0986  1 0.0442 0.0047 0.0083 0.0135 0.0230 0.0325 0.0974 0.7764 
   NS_SS0953  1 0.0086 0.0194 0.0058 0.0107 0.8769 0.0151 0.0481 0.0154 
   NS_SS0907  1 0.6580 0.0449 0.0481 0.0044 0.1067 0.0635 0.0641 0.0104 
   NS_SS0974  1 0.0204 0.0039 0.6315 0.0492 0.0311 0.1880 0.0606 0.0153 
   NS_SS0989  1 0.0151 0.0011 0.0385 0.4743 0.0618 0.0117 0.0573 0.3403 
   NS_SS0991  1 0.0277 0.0019 0.0375 0.0093 0.0353 0.0102 0.0179 0.8603 
   NS_SS0994  1 0.0188 0.0017 0.2847 0.3279 0.0051 0.0131 0.0141 0.3346 
   NS_SS0931  1 0.0091 0.0090 0.0684 0.0142 0.0066 0.0125 0.0082 0.8719 
   NS_SS1000  1 0.0447 0.0052 0.0227 0.0226 0.7570 0.1079 0.0334 0.0066 
   NS_SS0919  1 0.0731 0.0029 0.0408 0.0088 0.0411 0.0238 0.6446 0.1648 
   NS_SS0949  1 0.0714 0.0014 0.1560 0.5975 0.0063 0.0162 0.0125 0.1386 
   NS_SS0960  1 0.1493 0.0080 0.3725 0.0073 0.0634 0.0204 0.3123 0.0668 
   NS_SS0716  1 0.0173 0.0068 0.0276 0.0059 0.0564 0.8711 0.0078 0.0072 
   NS_SS0924  1 0.3393 0.0147 0.3879 0.1430 0.0612 0.0073 0.0161 0.0304 
   NS_SS0935  1 0.0497 0.0092 0.6911 0.0115 0.0526 0.0646 0.0064 0.1148 
   NS_SS0952  1 0.0307 0.0483 0.1110 0.0354 0.0236 0.0261 0.4214 0.3034 
   NS_SS0962  1 0.0243 0.0071 0.0893 0.0274 0.0311 0.7479 0.0453 0.0276 
   NS_SS0973  1 0.0191 0.0046 0.9199 0.0180 0.0147 0.0067 0.0102 0.0067 
   NS_SS0722  1 0.0116 0.0027 0.0097 0.0097 0.0073 0.9464 0.0089 0.0038 
   NS_SS0979  1 0.0537 0.0023 0.0153 0.0086 0.0278 0.7904 0.0891 0.0128 
   NS_SS0993  1 0.0032 0.0119 0.9233 0.0213 0.0090 0.0183 0.0082 0.0047 
   NS_SS0958  1 0.0780 0.0029 0.0276 0.0323 0.0685 0.1148 0.0223 0.6536 
   NS_SS0988  1 0.0173 0.0042 0.0394 0.0325 0.1727 0.3288 0.2746 0.1305 
   NS_SS1003  1 0.0143 0.0120 0.2816 0.1468 0.0520 0.0065 0.4743 0.0124 
   NS_SS0976  1 0.0124 0.0019 0.0767 0.2239 0.0355 0.0179 0.0314 0.6003 
   NS_SS0964  1 0.0318 0.0022 0.8635 0.0454 0.0167 0.0272 0.0084 0.0048 
   NS_SS0939  1 0.0084 0.0035 0.0055 0.0236 0.0068 0.9431 0.0039 0.0051 
   NS_SS0990  1 0.0324 0.0041 0.0092 0.1423 0.0217 0.1411 0.6155 0.0337 
   NS_SS0984  1 0.0852 0.0021 0.0232 0.2783 0.0837 0.4901 0.0270 0.0103 
   NS_SS0980  1 0.0068 0.0019 0.0142 0.0059 0.0781 0.0114 0.8767 0.0049 
   NS_SS0978  1 0.1158 0.0028 0.0109 0.0123 0.0461 0.0859 0.7208 0.0054 
   NS_SS0951  1 0.0587 0.0035 0.2729 0.0427 0.2177 0.1657 0.0213 0.2174 
   NS_SS0913  1 0.6453 0.0364 0.1568 0.0132 0.0586 0.0448 0.0232 0.0218 
   NS_SS1002  1 0.0131 0.0347 0.0081 0.0114 0.1665 0.4772 0.2786 0.0105 
   NS_SS0948  1 0.0227 0.0436 0.0199 0.0110 0.3096 0.3584 0.0672 0.1675 
   NS_SS0916  1 0.0181 0.0036 0.8036 0.1157 0.0222 0.0107 0.0171 0.0091 
   NS_SS0995  1 0.1989 0.0026 0.6046 0.0095 0.1355 0.0131 0.0280 0.0078 
   NS_SS0927  1 0.8902 0.0047 0.0183 0.0107 0.0077 0.0355 0.0250 0.0079 
   NS_SS0992  1 0.2165 0.0026 0.2289 0.0871 0.1676 0.0308 0.2190 0.0475 
   NS_SS0912  1 0.2838 0.0030 0.0104 0.0051 0.0275 0.0103 0.0127 0.6473 
   NS_SS0981  1 0.0198 0.0041 0.0647 0.0107 0.5479 0.1663 0.1687 0.0178 
   NS_SS0729  2 0.0623 0.0028 0.4871 0.2926 0.0202 0.0083 0.0138 0.1129 
   NS_SS0967  2 0.1088 0.0121 0.0170 0.0603 0.0123 0.0702 0.6948 0.0245 
   NS_SS0941  2 0.0318 0.0928 0.0486 0.5315 0.0183 0.1948 0.0641 0.0181 
   NS_SS0768  2 0.2248 0.0040 0.0111 0.0261 0.5658 0.0838 0.0477 0.0367 
   NS_SS0726  2 0.0150 0.0090 0.0253 0.9071 0.0054 0.0090 0.0221 0.0069 
   NS_SS0763  2 0.0731 0.0022 0.1558 0.2368 0.1535 0.0718 0.0396 0.2671 
   NS_SS0730  2 0.1209 0.0043 0.0526 0.0273 0.2744 0.2554 0.2183 0.0467 
   NS_SS0774  2 0.0248 0.0010 0.0127 0.0181 0.2741 0.5680 0.0965 0.0048 
   NS_SS0723  2 0.2344 0.0019 0.0111 0.0154 0.0642 0.1460 0.5198 0.0073 
   NS_SS0940  2 0.0885 0.0065 0.0610 0.1107 0.0127 0.6475 0.0162 0.0570 
   NS_SS0762  2 0.0220 0.0036 0.0464 0.0629 0.7141 0.1185 0.0226 0.0098 
   NS_SS0766  2 0.4231 0.0119 0.1720 0.0448 0.0169 0.1851 0.0254 0.1208 
   NS_SS0724  2 0.0096 0.0037 0.0628 0.0555 0.8251 0.0178 0.0116 0.0138 
   NS_SS0769  2 0.3844 0.0043 0.0203 0.0106 0.2259 0.1071 0.2389 0.0084 
   NS_SS0777  2 0.0108 0.0114 0.1414 0.0061 0.0100 0.7169 0.0070 0.0964 
   NS_SS0734  2 0.4618 0.0287 0.1931 0.0215 0.0140 0.1443 0.0582 0.0785 
   NS_SS0737  2 0.0219 0.0049 0.0078 0.8947 0.0199 0.0102 0.0195 0.0211 
   NS_SS0732  2 0.0279 0.0047 0.9227 0.0032 0.0186 0.0078 0.0119 0.0033 
   NS_SS0728  2 0.2109 0.0111 0.0287 0.2960 0.2372 0.0529 0.1005 0.0626 
   NS_SS0735  2 0.1536 0.0110 0.0479 0.7094 0.0306 0.0164 0.0069 0.0241 
   NS_SS0725  2 0.0043 0.0078 0.0080 0.9414 0.0101 0.0078 0.0146 0.0060 
   NS_SS0788  2 0.8844 0.0012 0.0134 0.0209 0.0105 0.0156 0.0422 0.0117 
   NS_SS0778  2 0.1127 0.0013 0.0097 0.0193 0.0953 0.0414 0.6916 0.0287 
   NS_SS0792  2 0.0187 0.0052 0.0340 0.0180 0.0724 0.0152 0.8230 0.0136 
   NS_SS0943  2 0.0240 0.0090 0.1179 0.3644 0.0263 0.0049 0.0572 0.3963 
   NS_SS0791  2 0.1130 0.0179 0.6908 0.0973 0.0059 0.0126 0.0197 0.0428 
   NS_SS0790  2 0.0050 0.0032 0.0048 0.0045 0.9686 0.0055 0.0053 0.0030 
   NS_SS0731  2 0.0303 0.0152 0.0225 0.0179 0.0124 0.8692 0.0127 0.0198 
   NS_SS0727  2 0.0117 0.0020 0.0138 0.9231 0.0061 0.0175 0.0073 0.0184 
   NS_SS0779  2 0.0667 0.0073 0.2288 0.0371 0.0293 0.5622 0.0445 0.0239 
   NS_SS0776  2 0.0196 0.0060 0.0758 0.0261 0.0285 0.8209 0.0134 0.0098 
   NS_SS0775  2 0.0158 0.0073 0.0049 0.0140 0.0282 0.9063 0.0167 0.0067 
   NS_SS0965  3 0.0715 0.0017 0.4844 0.0074 0.0506 0.0187 0.3171 0.0487 
   NS_SS0754  3 0.6149 0.0126 0.0527 0.0588 0.0371 0.0469 0.1264 0.0507 
   NS_SS0838  3 0.0761 0.0377 0.0240 0.5628 0.0525 0.0701 0.0204 0.1565 
   NS_SS0839  3 0.0186 0.0043 0.0145 0.0660 0.8461 0.0260 0.0208 0.0037 
   NS_SS0832  3 0.0262 0.0500 0.0687 0.0148 0.0128 0.1043 0.7182 0.0051 
   NS_SS0820  3 0.8390 0.0062 0.0071 0.0319 0.0217 0.0191 0.0697 0.0054 
   NS_SS0886  3 0.7910 0.0018 0.0216 0.0092 0.0109 0.0160 0.0233 0.1262 
   NS_SS0748  3 0.0066 0.0051 0.0162 0.0039 0.0207 0.8378 0.0149 0.0947 
   NS_SS0884  3 0.0145 0.0244 0.0329 0.1951 0.1127 0.0207 0.5855 0.0141 
   NS_SS0752  3 0.3215 0.0016 0.1839 0.3671 0.0226 0.0823 0.0142 0.0067 
   NS_SS0862  3 0.3316 0.0047 0.0317 0.0134 0.5452 0.0066 0.0569 0.0099 
   NS_SS0787  3 0.0154 0.0066 0.0174 0.0052 0.0169 0.0182 0.0267 0.8936 
   NS_SS0843  3 0.0252 0.0023 0.8498 0.0174 0.0641 0.0162 0.0155 0.0095 
   NS_SS0856  3 0.7269 0.0026 0.0163 0.0423 0.0152 0.1432 0.0353 0.0184 
   NS_SS0846  3 0.0236 0.0036 0.0075 0.0102 0.0316 0.0962 0.7707 0.0565 
   NS_SS0825  3 0.2159 0.0125 0.0084 0.0400 0.0319 0.0562 0.1845 0.4505 
   NS_SS0757  3 0.3062 0.0043 0.3548 0.0425 0.0465 0.1287 0.0434 0.0737 
   NS_SS0876  3 0.5032 0.2173 0.0869 0.0077 0.1562 0.0032 0.0211 0.0046 
   NS_SS0903  3 0.0533 0.0022 0.0109 0.0111 0.8985 0.0105 0.0082 0.0053 
   NS_SS0875  3 0.4351 0.0029 0.0093 0.0095 0.1107 0.3593 0.0376 0.0356 
   NS_SS0740  3 0.0902 0.0031 0.7580 0.0371 0.0697 0.0183 0.0136 0.0100 
   NS_SS0811  3 0.0176 0.0069 0.2704 0.0079 0.4765 0.2052 0.0053 0.0103 
   NS_SS0751  3 0.0227 0.0027 0.0625 0.1178 0.0104 0.6935 0.0352 0.0552 
   NS_SS0891  3 0.0329 0.0062 0.0063 0.1117 0.7871 0.0174 0.0108 0.0276 
   NS_SS0867  3 0.0069 0.0218 0.0178 0.0196 0.0145 0.0114 0.8942 0.0138 
   NS_SS0890  3 0.2285 0.0046 0.2024 0.2253 0.0681 0.0705 0.1389 0.0616 
   NS_SS0866  3 0.0505 0.0042 0.0101 0.1013 0.0059 0.1047 0.6854 0.0378 
   NS_SS0755  3 0.0246 0.0066 0.0311 0.0354 0.2916 0.0670 0.4864 0.0573 
   NS_SS0758  3 0.3313 0.0020 0.0170 0.0332 0.1027 0.0280 0.0252 0.4606 
   NS_SS0840  3 0.0171 0.0026 0.0160 0.0351 0.7865 0.0192 0.1025 0.0208 
   NS_SS0889  3 0.1371 0.0027 0.0753 0.0253 0.2359 0.0158 0.0265 0.4814 
   NS_SS1010  3 0.0194 0.0402 0.0146 0.0140 0.4272 0.0276 0.3938 0.0633 
   NS_SS0888  3 0.3617 0.0015 0.5148 0.0104 0.0069 0.0141 0.0809 0.0097 
   NS_SS0837  3 0.0171 0.0027 0.8261 0.0099 0.0253 0.0299 0.0723 0.0166 
   NS_SS0794  3 0.0337 0.0023 0.0162 0.0193 0.0143 0.1523 0.1398 0.6220 
   NS_SS0823  3 0.0347 0.0037 0.0248 0.1306 0.7427 0.0239 0.0259 0.0136 
   NS_SS0829  3 0.0077 0.1005 0.0154 0.0053 0.0432 0.0073 0.0187 0.8019 
   NS_SS0844  3 0.0062 0.0016 0.0077 0.0045 0.9664 0.0030 0.0073 0.0033 
   NS_SS1008  3 0.0273 0.0101 0.7689 0.0216 0.0206 0.0803 0.0103 0.0608 
   NS_SS0881  3 0.1193 0.0026 0.3459 0.0182 0.0138 0.3964 0.0771 0.0267 
   NS_SS0834  3 0.0755 0.0061 0.0101 0.7881 0.0840 0.0091 0.0210 0.0061 
   NS_SS0744  3 0.8809 0.0038 0.0222 0.0075 0.0132 0.0040 0.0615 0.0069 
   NS_SS0899  3 0.0097 0.0013 0.0102 0.0051 0.9505 0.0104 0.0062 0.0066 
   NS_SS0804  3 0.0409 0.0046 0.0255 0.0205 0.8075 0.0198 0.0683 0.0129 
   NS_SS0781  3 0.0247 0.0031 0.0109 0.0086 0.6717 0.0370 0.2363 0.0077 
   NS_SS0822  3 0.0096 0.0020 0.2923 0.0460 0.0105 0.0120 0.0341 0.5935 
   NS_SS1004  3 0.0120 0.0032 0.8805 0.0059 0.0130 0.0059 0.0661 0.0134 
   NS_SS0746  3 0.0462 0.0135 0.0151 0.0181 0.0515 0.8129 0.0119 0.0309 
   NS_SS0880  3 0.0198 0.0018 0.5662 0.1240 0.0770 0.0705 0.1291 0.0115 
   NS_SS0879  3 0.0142 0.0162 0.0219 0.0462 0.3657 0.0458 0.4772 0.0128 
   NS_SS0753  3 0.0888 0.0090 0.6658 0.0118 0.0347 0.0239 0.0508 0.1151 
   NS_SS1007  3 0.8421 0.0021 0.0727 0.0423 0.0059 0.0192 0.0100 0.0058 
   NS_SS0872  3 0.0370 0.0019 0.1672 0.0156 0.3044 0.3492 0.1199 0.0048 
   NS_SS1005  3 0.0613 0.0014 0.0358 0.0358 0.6333 0.1563 0.0448 0.0311 
   NS_SS0892  3 0.1844 0.0022 0.1822 0.0275 0.0472 0.2239 0.2921 0.0405 
   NS_SS0898  3 0.0098 0.0057 0.0652 0.0126 0.0329 0.0180 0.6187 0.2371 
   NS_SS0801  3 0.5836 0.0086 0.0316 0.0141 0.2364 0.0103 0.1023 0.0129 
   NS_SS0827  3 0.0153 0.0903 0.7054 0.0053 0.0300 0.0774 0.0109 0.0654 
   NS_SS0853  3 0.0201 0.0046 0.0072 0.0052 0.8945 0.0222 0.0097 0.0366 
   NS_SS0780  3 0.2774 0.0043 0.0277 0.0299 0.0460 0.0124 0.5931 0.0091 
   NS_SS0826  3 0.0271 0.0039 0.0097 0.0327 0.3439 0.0233 0.5217 0.0376 
   NS_SS0818  3 0.0141 0.0019 0.0088 0.0127 0.0135 0.0077 0.9350 0.0063 
   NS_SS0745  3 0.0129 0.0015 0.0132 0.0142 0.0147 0.9012 0.0309 0.0115 
   NS_SS0849  3 0.6356 0.0019 0.1942 0.0387 0.0196 0.0177 0.0818 0.0105 
   NS_SS0739  3 0.7949 0.0113 0.0747 0.0225 0.0069 0.0177 0.0640 0.0080 
   NS_SS0799  3 0.0394 0.0012 0.6265 0.0381 0.0102 0.0109 0.0248 0.2489 
   NS_SS0756  3 0.0107 0.0042 0.0087 0.0180 0.8157 0.0121 0.1235 0.0072 
   NS_SS0802  3 0.7226 0.1862 0.0141 0.0093 0.0063 0.0366 0.0152 0.0096 
   NS_SS0747  3 0.3834 0.0083 0.1334 0.0239 0.2711 0.0601 0.1114 0.0083 
   NS_SS0835  3 0.1850 0.0013 0.0090 0.0084 0.0085 0.0178 0.7083 0.0617 
   NS_SS0742  3 0.3386 0.0012 0.2417 0.0403 0.0417 0.0531 0.2738 0.0096 
   NS_SS0760  3 0.0207 0.0554 0.0140 0.0077 0.0237 0.0373 0.0123 0.8289 
   NS_SS0803  3 0.0088 0.0090 0.0894 0.0072 0.8422 0.0064 0.0269 0.0100 
   NS_SS0828  3 0.1635 0.0016 0.5727 0.0639 0.0435 0.0239 0.0306 0.1003 
   NS_SS0865  3 0.0316 0.0213 0.0122 0.0056 0.0384 0.0110 0.8680 0.0118 
   NS_SS0759  3 0.8139 0.0048 0.0474 0.0154 0.0394 0.0273 0.0434 0.0083 
   NS_SS0851  3 0.3611 0.0157 0.0825 0.1209 0.1617 0.0309 0.2076 0.0197 
   NS_SS0874  3 0.0068 0.0014 0.0564 0.0197 0.8636 0.0089 0.0326 0.0106 
   NS_SS0761  3 0.1049 0.0025 0.0130 0.0120 0.0644 0.0114 0.0677 0.7241 
   NS_SS0842  3 0.0190 0.0078 0.0146 0.0059 0.0137 0.8853 0.0166 0.0371 
   NS_SS0785  3 0.2080 0.0057 0.0431 0.0102 0.0759 0.0401 0.5843 0.0328 
   NS_SS0860  3 0.5208 0.0025 0.0180 0.0118 0.0223 0.0324 0.3637 0.0287 
   NS_SS0897  3 0.0082 0.0013 0.0051 0.0061 0.0063 0.0040 0.0097 0.9593 
   NS_SS0841  3 0.0764 0.0040 0.0832 0.0642 0.3978 0.0851 0.2564 0.0328 
   NS_SS0797  3 0.0198 0.0291 0.0235 0.0087 0.0107 0.0179 0.0248 0.8654 
   NS_SS0830  3 0.0967 0.0024 0.7582 0.0268 0.0255 0.0460 0.0262 0.0184 
   NS_SS1011  3 0.0189 0.0050 0.0136 0.0624 0.0722 0.0121 0.8098 0.0058 
   NS_SS0883  3 0.2231 0.0058 0.6153 0.0053 0.0433 0.0787 0.0118 0.0167 
   NS_SS0782  3 0.3832 0.0026 0.0157 0.2640 0.0692 0.0256 0.1188 0.1209 
   NS_SS0831  3 0.0262 0.0032 0.0129 0.0190 0.0234 0.0193 0.0285 0.8675 
   NS_SS0749  3 0.8413 0.0041 0.0361 0.0378 0.0181 0.0124 0.0246 0.0257 
   NS_SS0854  3 0.6073 0.0029 0.0486 0.2345 0.0392 0.0145 0.0217 0.0312 
   HI_SS0193  4 0.0047 0.0013 0.0305 0.9194 0.0057 0.0031 0.0070 0.0283 
   HI_SS0194  4 0.0050 0.0016 0.0031 0.9618 0.0141 0.0043 0.0041 0.0059 
   HI_SS0195  4 0.1091 0.1418 0.0121 0.2773 0.1586 0.0271 0.2559 0.0180 
   HI_SS0196  4 0.4230 0.0047 0.0439 0.3334 0.0553 0.0388 0.0084 0.0925 
   HI_SS0197  4 0.0347 0.0109 0.0034 0.0173 0.0080 0.0196 0.9028 0.0033 
   HI_SS0198  4 0.4982 0.0118 0.2334 0.0239 0.0907 0.0407 0.0547 0.0467 
   HI_SS0199  4 0.2334 0.0022 0.2218 0.0925 0.0157 0.0251 0.2417 0.1676 
   HI_SS0201  4 0.0241 0.0023 0.1576 0.0076 0.0271 0.0135 0.0286 0.7393 
   HI_SS0215  4 0.3747 0.0030 0.0443 0.0073 0.0649 0.0203 0.3889 0.0966 
   HI_SS0218  4 0.0072 0.0064 0.0066 0.0135 0.0088 0.0039 0.0056 0.9480 
   HI_SS0222  4 0.6792 0.0044 0.0436 0.0914 0.0606 0.0235 0.0163 0.0810 
   HI_SS0230  4 0.1244 0.0053 0.1270 0.0208 0.0639 0.4675 0.1820 0.0093 
   HI_SS0234  4 0.2198 0.1770 0.0257 0.2566 0.0829 0.0523 0.1574 0.0282 
   HI_SS0240  4 0.8805 0.0063 0.0132 0.0246 0.0337 0.0082 0.0262 0.0072 
   HI_SS0241  4 0.1164 0.0022 0.0127 0.0242 0.0286 0.0477 0.5428 0.2255 
   HI_SS0242  4 0.1121 0.0040 0.0204 0.0351 0.0619 0.0179 0.3543 0.3943 
   HI_SS0247  4 0.0052 0.0170 0.0084 0.0101 0.9272 0.0083 0.0142 0.0096 
   HI_SS0248  4 0.0085 0.0008 0.6934 0.0145 0.0048 0.1604 0.0045 0.1132 
   HI_SS0252  4 0.0060 0.0026 0.0330 0.8171 0.0434 0.0061 0.0531 0.0387 
   HI_SS0254  4 0.0944 0.0941 0.6916 0.0197 0.0103 0.0296 0.0107 0.0495 
   HI_SS0256  4 0.0069 0.0013 0.0038 0.0109 0.9262 0.0135 0.0347 0.0026 
   HI_SS0257  4 0.0815 0.0038 0.0272 0.0132 0.1819 0.0181 0.6325 0.0417 
   HI_SS0258  4 0.0783 0.0058 0.3231 0.0243 0.0147 0.0705 0.0505 0.4329 
   HI_SS0259  4 0.0862 0.0029 0.0189 0.6764 0.0306 0.0470 0.1295 0.0085 
   HI_SS0260  4 0.0322 0.0019 0.3454 0.0075 0.0111 0.5517 0.0123 0.0379 
   HI_SS0261  4 0.0274 0.0030 0.0546 0.3250 0.0105 0.4146 0.1119 0.0529 
   HI_SS0262  4 0.0163 0.0061 0.0481 0.0133 0.0132 0.0153 0.8823 0.0054 
   HI_SS0264  4 0.1480 0.0039 0.0241 0.0246 0.6163 0.1340 0.0340 0.0150 
   HI_SS0265  4 0.1366 0.1026 0.0687 0.0184 0.0122 0.2955 0.3532 0.0128 
   HI_SS0268  4 0.6253 0.0027 0.0165 0.0076 0.0470 0.0611 0.0165 0.2234 
   HI_SS0269  4 0.0824 0.0016 0.2383 0.1311 0.0095 0.0120 0.4717 0.0534 
   HI_SS0273  4 0.0326 0.0017 0.0213 0.0101 0.0389 0.0242 0.1062 0.7649 
   HI_SS0277  4 0.0138 0.0024 0.0062 0.0085 0.0143 0.0056 0.9378 0.0114 
   HI_SS0280  4 0.0346 0.0055 0.4319 0.0233 0.0791 0.0957 0.2196 0.1102 
   HI_SS0282  4 0.0065 0.0011 0.5517 0.3780 0.0108 0.0071 0.0178 0.0271 
   HI_SS0286  4 0.6609 0.0067 0.0268 0.0223 0.0328 0.0097 0.0384 0.2023 
   NS_SS1252  5 0.0327 0.0031 0.0085 0.0052 0.0052 0.0134 0.0059 0.9260 
   NS_SS1261  5 0.0214 0.0220 0.0436 0.0413 0.1781 0.5018 0.1514 0.0403 
   NS_SS1225  5 0.0181 0.0598 0.1884 0.0097 0.6901 0.0043 0.0194 0.0101 
   NS_SS1266  5 0.0168 0.0070 0.0186 0.0139 0.7276 0.0053 0.2057 0.0051 
   NS_SS1228  5 0.0145 0.0178 0.6952 0.0455 0.1496 0.0164 0.0480 0.0130 
   NS_SS1255  5 0.0088 0.0016 0.0257 0.8770 0.0334 0.0222 0.0185 0.0128 
   NS_SS1267  5 0.0369 0.0117 0.0081 0.0301 0.0055 0.0063 0.0065 0.8950 
   NS_SS1238  5 0.0449 0.0023 0.0101 0.1051 0.0105 0.2337 0.0228 0.5706 
   NS_SS1233  5 0.0084 0.0019 0.0070 0.0056 0.4721 0.0170 0.0110 0.4769 
   NS_SS1277  5 0.0207 0.0010 0.2086 0.2938 0.0088 0.0682 0.0139 0.3850 
   NS_SS1245  5 0.0564 0.0019 0.3251 0.1556 0.0538 0.0567 0.0220 0.3286 
   NS_SS1240  5 0.0568 0.0028 0.0082 0.2013 0.0081 0.0341 0.0151 0.6736 
   NS_SS1275  5 0.0081 0.0028 0.0050 0.0370 0.0098 0.0122 0.9204 0.0046 
   NS_SS1235  5 0.0149 0.0051 0.0110 0.9055 0.0216 0.0180 0.0174 0.0065 
   NS_SS1263  5 0.0074 0.0011 0.0112 0.0396 0.8795 0.0490 0.0040 0.0081 
   NS_SS1251  5 0.0046 0.0015 0.0063 0.0160 0.9334 0.0107 0.0115 0.0160 
   NS_SS1248  5 0.0366 0.1052 0.0290 0.0049 0.0261 0.0723 0.0129 0.7130 
   NS_SS1244  5 0.0300 0.0052 0.1462 0.2723 0.0532 0.0070 0.4226 0.0634 
   NS_SS1257  5 0.7196 0.0250 0.0299 0.0302 0.0483 0.0070 0.0146 0.1253 
   NS_SS1242  5 0.0287 0.0029 0.0072 0.0145 0.0661 0.8553 0.0165 0.0087 
   NS_SS1271  5 0.0086 0.0305 0.1104 0.0258 0.0069 0.0499 0.0193 0.7486 
   NS_SS1265  5 0.1138 0.0173 0.0090 0.0149 0.0122 0.5840 0.0265 0.2223 
   NS_SS1243  5 0.1150 0.0831 0.5953 0.0282 0.0242 0.0805 0.0117 0.0621 
   NS_SS1273  5 0.0077 0.0080 0.0046 0.0045 0.0128 0.9489 0.0113 0.0022 
   NS_SS1254  5 0.0057 0.0059 0.0187 0.0803 0.3099 0.0827 0.4787 0.0180 
   NS_SS1224  5 0.0142 0.0069 0.0411 0.0085 0.8826 0.0169 0.0192 0.0106 
   NS_SS1227  5 0.0119 0.0019 0.0255 0.0063 0.0036 0.8688 0.0631 0.0187 
   NS_SS1274  5 0.0708 0.0191 0.0257 0.0286 0.2400 0.0089 0.0058 0.6013 
   NS_SS1241  5 0.0057 0.0014 0.2843 0.0310 0.0374 0.0854 0.1413 0.4135 
   NS_SS1256  5 0.0188 0.0459 0.0098 0.0180 0.0858 0.0446 0.6529 0.1242 
   NS_SS1260  5 0.7638 0.0631 0.0201 0.0167 0.0107 0.0168 0.0814 0.0274 
   NS_SS1262  5 0.0107 0.1680 0.3751 0.0078 0.2764 0.0157 0.0391 0.1071 
   NS_SS1230  5 0.1691 0.0073 0.2145 0.0280 0.0256 0.4666 0.0170 0.0718 
   NS_SS1270  5 0.1085 0.0022 0.4181 0.0280 0.0554 0.0281 0.3456 0.0141 
   NS_SS1229  5 0.0067 0.0046 0.0060 0.8598 0.0296 0.0123 0.0726 0.0084 
   NS_SS1246  5 0.0058 0.0023 0.0145 0.7930 0.0110 0.0610 0.0155 0.0969 
   NS_SS1269  5 0.6709 0.0022 0.0385 0.0170 0.1116 0.0188 0.1169 0.0241 
   NS_SS1239  5 0.0073 0.0050 0.9541 0.0125 0.0035 0.0052 0.0078 0.0046 
   NS_SS1272  5 0.0288 0.0049 0.0109 0.3144 0.0893 0.0247 0.5079 0.0192 
   NS_SS1268  5 0.0557 0.0024 0.3268 0.0107 0.5408 0.0263 0.0243 0.0131 
   NS_SS1249  5 0.0205 0.0127 0.0272 0.0744 0.0155 0.0225 0.0296 0.7977 
   HI_SS0559  6 0.4313 0.0014 0.3363 0.0172 0.0784 0.0961 0.0058 0.0337 
   HI_SS0563  6 0.0144 0.0027 0.0194 0.0612 0.3424 0.0133 0.1433 0.4034 
   HI_SS0564  6 0.0326 0.0690 0.1311 0.5308 0.0321 0.0059 0.1033 0.0952 
   HI_SS0565  6 0.0346 0.0029 0.0151 0.0092 0.0170 0.7235 0.1478 0.0499 
   HI_SS0569  6 0.0120 0.0021 0.6195 0.0048 0.0207 0.0673 0.1576 0.1160 
   HI_SS0570  6 0.0148 0.0407 0.0137 0.6519 0.0064 0.0157 0.0081 0.2486 
   HI_SS0572  6 0.1773 0.0028 0.0117 0.1222 0.0842 0.5751 0.0171 0.0095 
   HI_SS0576  6 0.7556 0.0049 0.0670 0.0207 0.0204 0.1005 0.0112 0.0197 
   HI_SS0579  6 0.0113 0.0138 0.8918 0.0135 0.0260 0.0054 0.0086 0.0297 
   HI_SS0580  6 0.1026 0.0045 0.0312 0.0256 0.0591 0.0744 0.6372 0.0654 
   HI_SS0581  6 0.8247 0.0542 0.0107 0.0126 0.0128 0.0193 0.0550 0.0106 
   HI_SS0583  6 0.0187 0.0028 0.0264 0.0238 0.0872 0.0992 0.0428 0.6991 
   HI_SS0586  6 0.0124 0.0009 0.0070 0.0044 0.0093 0.0121 0.0148 0.9391 
   HI_SS0588  6 0.0374 0.0164 0.0180 0.0063 0.0310 0.0135 0.0428 0.8346 
   HI_SS0595  6 0.0744 0.0278 0.0237 0.0360 0.0138 0.0487 0.6584 0.1172 
   HI_SS0596  6 0.0059 0.0023 0.0077 0.0287 0.0119 0.9349 0.0062 0.0024 
   HI_SS0597  6 0.0221 0.0019 0.0093 0.1074 0.0116 0.7744 0.0590 0.0143 
   HI_SS0600  6 0.0366 0.0024 0.0317 0.0146 0.0261 0.0049 0.8188 0.0648 
   HI_SS0601  6 0.0085 0.0101 0.4655 0.0069 0.4670 0.0106 0.0245 0.0069 
   HI_SS0602  6 0.4803 0.0025 0.2174 0.0061 0.0661 0.0488 0.0128 0.1660 
   HI_SS0604  6 0.0732 0.0019 0.7496 0.0531 0.0203 0.0419 0.0131 0.0470 
   HI_SS0605  6 0.9532 0.0049 0.0071 0.0048 0.0056 0.0041 0.0110 0.0093 
   HI_SS0608  6 0.0084 0.0012 0.7981 0.0573 0.0085 0.1026 0.0105 0.0134 
   HI_SS0609  6 0.0092 0.0007 0.0764 0.0104 0.6388 0.0116 0.2216 0.0311 
   HI_SS0611  6 0.0355 0.0033 0.9071 0.0079 0.0104 0.0126 0.0085 0.0146 
   HI_SS0612  6 0.0095 0.0065 0.0123 0.0179 0.1039 0.0126 0.8214 0.0161 
   HI_SS0613  6 0.7821 0.0018 0.0245 0.0056 0.0751 0.0337 0.0486 0.0286 
   HI_SS0615  6 0.2542 0.0095 0.6204 0.0520 0.0147 0.0175 0.0231 0.0088 
   HI_SS0001  6 0.0718 0.0029 0.0090 0.4011 0.0235 0.0179 0.4565 0.0173 
   HI_SS0002  6 0.0139 0.0235 0.0151 0.0111 0.0520 0.0204 0.8563 0.0077 
   HI_SS0004  6 0.4879 0.0045 0.0342 0.2623 0.0128 0.0291 0.0106 0.1586 
   HI_SS0005  6 0.8458 0.0053 0.0115 0.0047 0.0159 0.0381 0.0188 0.0599 
   HI_SS0006  6 0.0099 0.0018 0.0170 0.0101 0.0156 0.0090 0.8974 0.0392 
   HI_SS0007  6 0.0070 0.0022 0.9577 0.0052 0.0048 0.0058 0.0066 0.0107 
   HI_SS0008  6 0.0283 0.0356 0.1464 0.0146 0.0212 0.1675 0.5626 0.0240 
   HI_SS0009  6 0.2701 0.0048 0.1756 0.3115 0.0484 0.0660 0.0120 0.1116 
   HI_SS0010  6 0.0137 0.0030 0.5079 0.0134 0.0290 0.2759 0.0395 0.1175 
   HI_SS0011  6 0.0119 0.0901 0.0121 0.0271 0.2005 0.2449 0.3743 0.0392 
   HI_SS0012  6 0.2727 0.0061 0.1752 0.0173 0.4286 0.0149 0.0769 0.0083 
   HI_SS0017  6 0.0045 0.0020 0.0099 0.9526 0.0082 0.0145 0.0041 0.0041 
   HI_SS0021  6 0.1309 0.2401 0.0803 0.0025 0.0454 0.3333 0.0127 0.1547 
   HI_SS0024  6 0.0217 0.0023 0.0154 0.0856 0.0106 0.8169 0.0286 0.0190 
   HI_SS0025  6 0.4088 0.0034 0.0238 0.0659 0.1582 0.2615 0.0596 0.0189 
   HI_SS0027  6 0.0192 0.0091 0.7916 0.0128 0.0097 0.0095 0.0072 0.1409 
   HI_SS0028  6 0.0613 0.0019 0.0210 0.0075 0.2960 0.5544 0.0536 0.0043 
   HI_SS0029  6 0.0586 0.0057 0.0090 0.0199 0.0158 0.8685 0.0061 0.0163 
   HI_SS0030  6 0.0120 0.0055 0.8865 0.0347 0.0083 0.0076 0.0229 0.0226 
   HI_SS0031  6 0.0595 0.0036 0.0282 0.0043 0.0076 0.0489 0.8344 0.0135 
   HI_SS0034  6 0.5011 0.0050 0.0772 0.0937 0.0152 0.0522 0.0880 0.1676 
   HI_SS0036  6 0.3936 0.0087 0.0078 0.0297 0.0081 0.0431 0.0416 0.4675 
   HI_SS0037  6 0.2211 0.0052 0.0342 0.0093 0.1525 0.0612 0.0317 0.4848 
   HI_SS0039  6 0.0123 0.0037 0.0096 0.0084 0.0073 0.7494 0.1179 0.0915 
   HI_SS0041  6 0.0675 0.0022 0.0357 0.7433 0.0673 0.0625 0.0111 0.0104 
   HI_SS0042  6 0.3650 0.1345 0.0164 0.2270 0.0271 0.1919 0.0309 0.0072 
   HI_SS0043  6 0.0112 0.0037 0.0168 0.0094 0.0042 0.0081 0.0106 0.9361 
   HI_SS0044  6 0.0094 0.0025 0.0309 0.0200 0.0064 0.9055 0.0097 0.0155 
   HI_SS0047  6 0.0229 0.0026 0.8961 0.0310 0.0082 0.0144 0.0196 0.0052 
   HI_SS0049  6 0.0131 0.0053 0.3791 0.1329 0.0411 0.4003 0.0172 0.0110 
   HI_SS0051  6 0.9509 0.0019 0.0046 0.0069 0.0125 0.0045 0.0076 0.0111 
   HI_SS0053  6 0.0497 0.0052 0.0406 0.1346 0.0083 0.5414 0.0753 0.1449 
   HI_SS0054  6 0.0066 0.0039 0.0095 0.0087 0.0172 0.0053 0.0093 0.9395 
   HI_SS0057  6 0.0292 0.0034 0.5858 0.1200 0.0094 0.0131 0.2033 0.0358 
   HI_SS0058  6 0.2334 0.0061 0.0076 0.0070 0.6891 0.0079 0.0071 0.0418 
   HI_SS0060  6 0.0538 0.0811 0.5790 0.0165 0.0202 0.0127 0.0686 0.1681 
   HI_SS0087  6 0.0544 0.0032 0.0404 0.0235 0.0758 0.0163 0.0947 0.6917 
   HI_SS0091  6 0.0095 0.0010 0.0061 0.0247 0.0053 0.0028 0.9185 0.0321 
   HI_SS0095  6 0.5869 0.0490 0.1263 0.1004 0.0707 0.0158 0.0409 0.0101 
   HI_SS0097  6 0.0152 0.0048 0.6719 0.0111 0.2275 0.0380 0.0231 0.0084 
   HI_SS0099  6 0.0064 0.0034 0.0065 0.0059 0.0139 0.9449 0.0123 0.0066 
   HI_SS0103  6 0.2533 0.0035 0.0303 0.2765 0.0275 0.0562 0.3441 0.0085 
   HI_SS0105  6 0.1659 0.0261 0.0100 0.0762 0.0563 0.0121 0.6352 0.0182 
   HI_SS0107  6 0.0047 0.0010 0.0058 0.9518 0.0097 0.0113 0.0104 0.0055 
   HI_SS0108  6 0.0162 0.0302 0.0143 0.0161 0.0084 0.0103 0.0144 0.8901 
   HI_SS0110  6 0.0099 0.0014 0.0156 0.2551 0.0079 0.0137 0.6913 0.0052 
   HI_SS0111  6 0.7270 0.0290 0.1004 0.0110 0.0641 0.0107 0.0467 0.0112 
   HI_SS0112  6 0.0084 0.0016 0.0132 0.0338 0.0047 0.0095 0.0070 0.9218 
   HI_SS0113  6 0.0369 0.0034 0.0119 0.6914 0.0508 0.1685 0.0180 0.0192 
   HI_SS0114  6 0.0608 0.0064 0.0273 0.0060 0.0117 0.0089 0.0545 0.8245 
   HI_SS0115  6 0.1261 0.0182 0.7397 0.0145 0.0255 0.0273 0.0193 0.0294 
   HI_SS0116  6 0.0171 0.0035 0.0150 0.0493 0.0096 0.8128 0.0280 0.0647 
   HI_SS0117  6 0.0183 0.0017 0.0065 0.2243 0.3381 0.0157 0.2908 0.1045 
   HI_SS0118  6 0.0212 0.0137 0.0366 0.0429 0.0753 0.3040 0.3793 0.1270 
   HI_SS0119  6 0.1609 0.0021 0.0318 0.0145 0.0384 0.0103 0.6853 0.0567 
   HI_SS0120  6 0.0042 0.0028 0.0038 0.9588 0.0106 0.0081 0.0056 0.0061 
   HI_SS0121  6 0.0123 0.0015 0.0142 0.0070 0.7310 0.0219 0.2067 0.0054 
   HI_SS0122  6 0.0703 0.0219 0.0204 0.0690 0.0113 0.0229 0.7314 0.0528 
   HI_SS0123  6 0.0166 0.0049 0.0115 0.0133 0.0992 0.0200 0.8208 0.0137 
   HI_SS0124  6 0.0290 0.0032 0.0728 0.0184 0.0672 0.7636 0.0331 0.0129 
   HI_SS0125  6 0.0929 0.0358 0.0118 0.0188 0.0119 0.0287 0.7950 0.0050 
   HI_SS0126  6 0.0150 0.0010 0.0321 0.0153 0.0070 0.7864 0.0335 0.1096 
   HI_SS0127  6 0.0170 0.0070 0.9306 0.0051 0.0172 0.0136 0.0042 0.0052 
   HI_SS0128  6 0.0111 0.0041 0.0599 0.5995 0.0170 0.1964 0.0384 0.0737 
   HI_SS0129  6 0.5965 0.0085 0.0135 0.0497 0.0103 0.0148 0.0171 0.2895 
   HI_SS0131  6 0.0069 0.0385 0.0146 0.0113 0.0481 0.0137 0.0099 0.8569 
   HI_SS0132  6 0.0089 0.0006 0.0110 0.0049 0.1059 0.0143 0.8227 0.0317 
   HI_SS0133  6 0.0041 0.0011 0.0114 0.0129 0.0024 0.0078 0.0083 0.9521 
   HI_SS0134  6 0.0609 0.0016 0.0142 0.0225 0.0177 0.0180 0.8380 0.0271 
   HI_SS0142  6 0.0252 0.0174 0.0170 0.0061 0.0516 0.0167 0.8579 0.0081 
   HI_SS0145  6 0.0350 0.0017 0.7850 0.0184 0.0488 0.0456 0.0412 0.0242 
   HI_SS0146  6 0.0122 0.0011 0.6394 0.0127 0.0088 0.0331 0.0358 0.2569 
   HI_SS0147  6 0.0735 0.0225 0.0257 0.0155 0.1692 0.0252 0.6615 0.0069 
   HI_SS0149  6 0.0059 0.0039 0.0062 0.0234 0.0091 0.0109 0.9223 0.0183 
   HI_SS0150  6 0.1723 0.0068 0.0294 0.1577 0.3827 0.0232 0.0857 0.1423 
   HI_SS0151  6 0.0233 0.0085 0.8957 0.0422 0.0075 0.0041 0.0068 0.0119 
   NS_SS1451  6 0.2985 0.0038 0.2404 0.0477 0.2311 0.0469 0.1244 0.0073 
   NS_SS1404  6 0.0646 0.0132 0.0300 0.0654 0.5451 0.0601 0.2097 0.0120 
   NS_SS1432  6 0.0144 0.0355 0.0118 0.0142 0.0044 0.8470 0.0687 0.0042 
   NS_SS1405  6 0.0389 0.0028 0.0071 0.0161 0.0243 0.8826 0.0105 0.0176 
   NS_SS1431  6 0.0170 0.0009 0.0056 0.0121 0.0276 0.9133 0.0180 0.0054 
   NS_SS1402  6 0.0578 0.0027 0.0086 0.2987 0.4168 0.0079 0.1807 0.0268 
   NS_SS1450  6 0.1207 0.0051 0.0473 0.7218 0.0124 0.0200 0.0330 0.0397 
   NS_SS1396  6 0.0165 0.0071 0.0275 0.0135 0.0122 0.8886 0.0167 0.0179 
   NS_SS1393  6 0.5993 0.0037 0.0453 0.0107 0.0480 0.0145 0.2173 0.0613 
   NS_SS1392  6 0.0144 0.0151 0.0062 0.9388 0.0095 0.0052 0.0056 0.0053 
   NS_SS1445  6 0.6907 0.0082 0.0608 0.0568 0.0084 0.0479 0.0900 0.0372 
   NS_SS1423  6 0.0157 0.0017 0.0263 0.5270 0.0359 0.0245 0.1721 0.1968 
   NS_SS1421  6 0.0169 0.0979 0.0475 0.4305 0.0082 0.0341 0.0228 0.3422 
   NS_SS1411  6 0.0195 0.0011 0.1806 0.0111 0.0069 0.0066 0.0058 0.7684 
   NS_SS1453  6 0.1933 0.0063 0.0515 0.0996 0.0754 0.0877 0.4133 0.0730 
   NS_SS1442  6 0.7552 0.0032 0.0131 0.0158 0.1149 0.0475 0.0141 0.0362 
   NS_SS1422  6 0.0150 0.0119 0.0285 0.6627 0.1625 0.0093 0.1036 0.0064 
   NS_SS1419  6 0.0049 0.1284 0.0800 0.0052 0.7068 0.0175 0.0049 0.0522 
   NS_SS1427  6 0.0105 0.0021 0.0098 0.0354 0.0067 0.0191 0.0064 0.9099 
   NS_SS1444  6 0.0630 0.0035 0.1549 0.0165 0.0151 0.7295 0.0107 0.0067 
   NS_SS1455  6 0.0072 0.0016 0.0198 0.0095 0.7616 0.1782 0.0068 0.0152 
   NS_SS1425  6 0.0141 0.0015 0.0207 0.0164 0.0055 0.0087 0.0134 0.9197 
   NS_SS1400  6 0.0113 0.0014 0.0359 0.0080 0.1901 0.0355 0.0159 0.7018 
   NS_SS1406  6 0.0079 0.0107 0.0063 0.0135 0.8775 0.0239 0.0543 0.0059 
   NS_SS1417  6 0.0739 0.0098 0.0092 0.0181 0.2371 0.0453 0.3247 0.2819 
   NS_SS1454  6 0.0391 0.0018 0.0067 0.0124 0.4661 0.1041 0.0296 0.3401 
   NS_SS1412  6 0.4691 0.0196 0.0286 0.0191 0.0306 0.3849 0.0308 0.0173 
   NS_SS1438  6 0.0569 0.0015 0.0471 0.0162 0.0446 0.0082 0.0427 0.7829 
   NS_SS1416  6 0.2295 0.0079 0.0225 0.0155 0.3920 0.1177 0.2057 0.0092 
   NS_SS1401  6 0.1068 0.0111 0.0115 0.2834 0.0530 0.3663 0.1507 0.0172 
   NS_SS1424  6 0.3177 0.0145 0.0295 0.1560 0.0321 0.1894 0.1421 0.1187 
   NS_SS1435  6 0.0172 0.0028 0.8215 0.0389 0.0070 0.0182 0.0816 0.0128 
   NS_SS1447  6 0.0809 0.0073 0.1138 0.0545 0.0935 0.5788 0.0444 0.0267 
   NS_SS1414  6 0.0408 0.0091 0.0175 0.1228 0.6952 0.0652 0.0179 0.0314 
   NS_SS1449  6 0.0085 0.0043 0.0151 0.9027 0.0173 0.0072 0.0307 0.0141 
   NS_SS1443  6 0.0043 0.0021 0.9511 0.0090 0.0067 0.0047 0.0079 0.0143 
   NS_SS1434  6 0.0095 0.0008 0.2375 0.5505 0.0091 0.1296 0.0440 0.0190 
   NS_SS1398  6 0.8979 0.0147 0.0197 0.0150 0.0072 0.0163 0.0076 0.0217 
   NS_SS1426  6 0.0254 0.0019 0.1391 0.0272 0.0115 0.0187 0.1086 0.6676 
   NS_SS1413  6 0.1068 0.0119 0.0490 0.3157 0.0100 0.1724 0.0231 0.3111 
   NS_SS1395  6 0.0113 0.0087 0.9180 0.0089 0.0056 0.0048 0.0226 0.0201 
   NS_SS1448  6 0.0851 0.0021 0.5839 0.0843 0.0061 0.0710 0.0129 0.1547 
   NS_SS1446  6 0.0879 0.0023 0.0050 0.0068 0.0117 0.0177 0.8595 0.0090 
   NS_SS1403  6 0.0738 0.0057 0.0695 0.0202 0.1253 0.3132 0.3782 0.0141 
   NS_SS1415  6 0.1376 0.0104 0.2713 0.0612 0.0429 0.0244 0.0256 0.4265 
   NS_SS1437  6 0.0111 0.0071 0.0077 0.0132 0.0203 0.9181 0.0135 0.0091 
   NS_SS1439  6 0.0688 0.0029 0.0146 0.0090 0.1053 0.0146 0.7715 0.0133 
   NS_SS1441  6 0.0780 0.0024 0.0693 0.0707 0.2193 0.1473 0.2957 0.1171 
   NS_SS1420  6 0.0211 0.0034 0.4708 0.0133 0.4545 0.0174 0.0079 0.0116 
   NS_SS1394  6 0.0925 0.0390 0.4211 0.0197 0.0793 0.3074 0.0334 0.0077 
   NS_SS1391  6 0.0147 0.0085 0.0043 0.9465 0.0026 0.0079 0.0045 0.0110 
   NS_SS1410  6 0.0143 0.0163 0.0198 0.1945 0.0421 0.1357 0.4186 0.1587 
   NS_SS1408  6 0.8274 0.0407 0.0154 0.0105 0.0075 0.0136 0.0737 0.0111 
   NS_SS1409  6 0.8439 0.0025 0.0415 0.0132 0.0105 0.0302 0.0484 0.0098 
   HI_SS0617  7 0.7155 0.0013 0.0248 0.1247 0.0066 0.0165 0.1028 0.0077 
   HI_SS0618  7 0.1101 0.0028 0.4061 0.0258 0.2218 0.1602 0.0414 0.0318 
   HI_SS0619  7 0.1201 0.0023 0.2774 0.0362 0.0589 0.4495 0.0191 0.0365 
   HI_SS0620  7 0.2674 0.0023 0.4865 0.0310 0.0117 0.0070 0.0057 0.1883 
   HI_SS0621  7 0.5222 0.0136 0.0373 0.0488 0.2607 0.0813 0.0187 0.0173 
   HI_SS0622  7 0.0250 0.0099 0.0198 0.0193 0.0535 0.8487 0.0102 0.0137 
   HI_SS0626  7 0.7382 0.0083 0.0242 0.0131 0.1158 0.0476 0.0169 0.0358 
   HI_SS0627  7 0.0478 0.0116 0.0921 0.0248 0.0284 0.0337 0.6822 0.0793 
   HI_SS0628  7 0.0440 0.0675 0.0140 0.0422 0.0084 0.0468 0.1267 0.6503 
   HI_SS0629  7 0.5012 0.0063 0.0917 0.0096 0.1513 0.1553 0.0345 0.0500 
   HI_SS0630  7 0.0493 0.0544 0.6234 0.0223 0.0230 0.1134 0.0187 0.0955 
   HI_SS0631  7 0.0199 0.0011 0.3976 0.0148 0.0125 0.0224 0.0126 0.5191 
   HI_SS0632  7 0.0343 0.0032 0.1027 0.0334 0.0157 0.0419 0.0416 0.7272 
   HI_SS0633  7 0.0588 0.0047 0.0110 0.4106 0.0308 0.4707 0.0074 0.0060 
   HI_SS0634  7 0.1337 0.0022 0.0125 0.0150 0.0098 0.0059 0.8026 0.0182 
   HI_SS0635  7 0.2468 0.0093 0.0151 0.0076 0.4678 0.0426 0.0559 0.1551 
   HI_SS0637  7 0.9372 0.0024 0.0145 0.0080 0.0145 0.0056 0.0124 0.0055 
   HI_SS0638  7 0.0526 0.0012 0.2142 0.4367 0.0116 0.1054 0.1221 0.0562 
   HI_SS0639  7 0.3018 0.0504 0.2805 0.0349 0.0188 0.0799 0.2230 0.0107 
   HI_SS0640  7 0.0123 0.0020 0.9159 0.0142 0.0084 0.0216 0.0147 0.0108 
   HI_SS0641  7 0.9235 0.0035 0.0086 0.0020 0.0146 0.0069 0.0077 0.0331 
   HI_SS0642  7 0.0049 0.0021 0.0374 0.1605 0.0113 0.0206 0.7511 0.0122 
   HI_SS0645  7 0.0624 0.0009 0.2633 0.0078 0.4659 0.1273 0.0548 0.0176 
   HI_SS0646  7 0.0341 0.0023 0.0584 0.1317 0.0309 0.0178 0.6839 0.0409 
   HI_SS0647  7 0.0125 0.0012 0.0093 0.8704 0.0228 0.0218 0.0171 0.0449 
   HI_SS0648  7 0.0187 0.0033 0.7779 0.0703 0.0417 0.0168 0.0532 0.0181 
   HI_SS0649  7 0.6951 0.0014 0.0186 0.0051 0.0118 0.2151 0.0303 0.0226 
   HI_SS0650  7 0.9114 0.0028 0.0284 0.0262 0.0078 0.0085 0.0065 0.0084 
   HI_SS0651  7 0.0196 0.0052 0.9087 0.0062 0.0141 0.0128 0.0273 0.0061 
   HI_SS0652  7 0.8816 0.0030 0.0199 0.0180 0.0234 0.0370 0.0087 0.0084 
   NS_SS1371  7 0.8628 0.0036 0.0194 0.0304 0.0184 0.0126 0.0440 0.0088 
   NS_SS1374  7 0.5541 0.0024 0.0081 0.1369 0.0081 0.0290 0.1600 0.1014 
   NS_SS1337  7 0.0901 0.0043 0.0160 0.3388 0.2238 0.0081 0.2779 0.0409 
   NS_SS1385  7 0.0240 0.0045 0.0274 0.1540 0.0620 0.6827 0.0336 0.0117 
   NS_SS1388  7 0.0077 0.0064 0.0076 0.0044 0.0088 0.9456 0.0069 0.0125 
   NS_SS1370  7 0.0051 0.0093 0.9129 0.0063 0.0249 0.0083 0.0056 0.0276 
   NS_SS1389  7 0.0038 0.0028 0.0040 0.0055 0.0137 0.9605 0.0040 0.0057 
   NS_SS1360  7 0.0887 0.0038 0.6756 0.0098 0.0193 0.0260 0.0191 0.1577 
   NS_SS1330  7 0.2625 0.0049 0.0755 0.0185 0.4736 0.0435 0.1129 0.0085 
   NS_SS1328  7 0.0108 0.0028 0.0211 0.8742 0.0058 0.0259 0.0335 0.0259 
   NS_SS1384  7 0.0262 0.0037 0.0518 0.0381 0.0675 0.0063 0.6052 0.2013 
   NS_SS1381  7 0.0723 0.0013 0.3870 0.3080 0.0420 0.1681 0.0131 0.0082 
   NS_SS1375  7 0.1454 0.0010 0.1398 0.2871 0.0863 0.2257 0.0784 0.0364 
   NS_SS1319  7 0.1991 0.0909 0.0138 0.0129 0.0321 0.0071 0.5996 0.0445 
   NS_SS1326  7 0.0152 0.0083 0.0113 0.0138 0.0053 0.0140 0.0054 0.9268 
   NS_SS1341  7 0.1427 0.0046 0.0288 0.0472 0.0158 0.0851 0.6546 0.0214 
   NS_SS1383  7 0.0287 0.0052 0.0379 0.5767 0.0149 0.0081 0.2514 0.0771 
   NS_SS1318  7 0.1177 0.0165 0.6229 0.0907 0.0363 0.0191 0.0253 0.0716 
   NS_SS1348  7 0.0371 0.0018 0.1430 0.0260 0.0082 0.0087 0.0188 0.7564 
   NS_SS1363  7 0.6214 0.0048 0.1007 0.0178 0.1243 0.0550 0.0501 0.0260 
   NS_SS1335  7 0.0400 0.0287 0.5863 0.0127 0.0293 0.0077 0.0808 0.2145 
   NS_SS1358  7 0.0106 0.0083 0.0203 0.0286 0.1407 0.0023 0.7147 0.0745 
   NS_SS1342  7 0.0154 0.0011 0.0184 0.0414 0.1970 0.0384 0.6368 0.0516 
   NS_SS1320  7 0.0320 0.0053 0.0311 0.1294 0.1438 0.5479 0.1059 0.0046 
   NS_SS1355  7 0.1648 0.0127 0.1060 0.0493 0.4674 0.1735 0.0162 0.0101 
   NS_SS1345  7 0.0088 0.0184 0.1939 0.2386 0.3782 0.0113 0.1015 0.0494 
   NS_SS1324  7 0.0514 0.0025 0.6475 0.0681 0.0669 0.0268 0.0122 0.1246 
   NS_SS1347  7 0.0168 0.0030 0.9219 0.0051 0.0082 0.0231 0.0176 0.0043 
   NS_SS1321  7 0.1547 0.0013 0.0257 0.0078 0.0130 0.0170 0.7357 0.0448 
   NS_SS1333  7 0.0259 0.0028 0.0065 0.0265 0.0049 0.0835 0.8423 0.0076 
   NS_SS1364  7 0.0163 0.0021 0.0214 0.2332 0.0388 0.0180 0.0120 0.6582 
   NS_SS1379  7 0.1267 0.0580 0.3563 0.1547 0.1978 0.0231 0.0126 0.0707 
   NS_SS1332  7 0.0061 0.0050 0.0132 0.0053 0.0028 0.9214 0.0070 0.0392 
   NS_SS1338  7 0.2112 0.0070 0.5105 0.0540 0.0098 0.0114 0.1464 0.0496 
   NS_SS1368  7 0.0084 0.0042 0.0144 0.0205 0.0205 0.8486 0.0370 0.0465 
   NS_SS1354  7 0.1940 0.0149 0.0190 0.0125 0.2558 0.0948 0.3794 0.0297 
   NS_SS1365  7 0.0619 0.0100 0.2177 0.2297 0.0117 0.4284 0.0228 0.0178 
   NS_SS1380  7 0.0080 0.0128 0.0043 0.0076 0.9545 0.0043 0.0049 0.0036 
   NS_SS1329  7 0.0247 0.0028 0.0372 0.0290 0.0467 0.6400 0.1576 0.0620 
   NS_SS1362  7 0.0960 0.0044 0.0629 0.0709 0.6904 0.0094 0.0494 0.0166 
   NS_SS1327  7 0.0093 0.0030 0.0069 0.0060 0.0041 0.0038 0.0051 0.9618 
   NS_SS1350  7 0.9384 0.0069 0.0073 0.0156 0.0054 0.0091 0.0120 0.0055 
   NS_SS1387  7 0.0158 0.0028 0.7433 0.0132 0.0336 0.1324 0.0442 0.0147 
   NS_SS1369  7 0.0107 0.0031 0.0100 0.0181 0.0088 0.0072 0.0067 0.9356 
   NS_SS1331  7 0.0138 0.0121 0.0060 0.0156 0.0250 0.1665 0.0713 0.6896 
   NS_SS1357  7 0.0108 0.0034 0.0118 0.9389 0.0059 0.0073 0.0145 0.0075 
   NS_SS1386  7 0.0072 0.0029 0.0046 0.0106 0.0045 0.0054 0.0139 0.9510 
   NS_SS1353  7 0.0144 0.0039 0.0141 0.0461 0.0327 0.8607 0.0084 0.0197 
   NS_SS1323  7 0.0069 0.0700 0.0428 0.3939 0.0569 0.0122 0.4132 0.0041 
   HI_SS0296  8 0.0122 0.0018 0.8172 0.0257 0.0256 0.0065 0.0043 0.1066 
   HI_SS0297  8 0.0104 0.0009 0.0048 0.9125 0.0083 0.0067 0.0071 0.0494 
   HI_SS0299  8 0.0273 0.0339 0.0155 0.1758 0.0402 0.0056 0.0547 0.6471 
   HI_SS0300  8 0.0147 0.0017 0.0516 0.0180 0.0127 0.0154 0.0151 0.8709 
   HI_SS0301  8 0.4120 0.0040 0.2577 0.0075 0.0638 0.1062 0.0899 0.0590 
   HI_SS0302  8 0.0085 0.0249 0.5843 0.0268 0.0170 0.0130 0.0083 0.3172 
   HI_SS0303  8 0.0066 0.0050 0.0532 0.0130 0.0050 0.3385 0.0210 0.5580 
   HI_SS0304  8 0.2166 0.0026 0.0111 0.0280 0.2008 0.3292 0.1082 0.1035 
   HI_SS0306  8 0.0095 0.0038 0.0249 0.0149 0.0041 0.0141 0.0133 0.9154 
   HI_SS0307  8 0.7784 0.0073 0.0441 0.0074 0.0391 0.1070 0.0116 0.0050 
   HI_SS0308  8 0.0511 0.0884 0.0871 0.0106 0.6226 0.0745 0.0256 0.0401 
   HI_SS0309  8 0.0219 0.0026 0.0243 0.0169 0.8908 0.0086 0.0239 0.0109 
   HI_SS0310  8 0.0114 0.0072 0.0245 0.0378 0.0148 0.8445 0.0185 0.0413 
   HI_SS0311  8 0.0105 0.0022 0.8871 0.0134 0.0116 0.0105 0.0467 0.0180 
   HI_SS0314  8 0.0073 0.0013 0.0096 0.0249 0.0060 0.9372 0.0078 0.0058 
   HI_SS0316  8 0.0422 0.0034 0.0152 0.0090 0.0099 0.6418 0.2653 0.0132 
   HI_SS0317  8 0.3269 0.0023 0.0155 0.0162 0.0108 0.0394 0.5785 0.0104 
   HI_SS0318  8 0.0193 0.1909 0.0117 0.0047 0.0032 0.0085 0.0083 0.7535 
   HI_SS0319  8 0.0062 0.0047 0.0103 0.0086 0.0075 0.0047 0.0843 0.8738 
   HI_SS0320  8 0.0084 0.0010 0.0050 0.0103 0.0094 0.9063 0.0560 0.0035 
   HI_SS0321  8 0.9237 0.0015 0.0285 0.0105 0.0030 0.0071 0.0169 0.0088 
   HI_SS0323  8 0.9394 0.0016 0.0074 0.0096 0.0050 0.0110 0.0094 0.0167 
   HI_SS0325  8 0.0386 0.0013 0.1766 0.1370 0.0560 0.1130 0.1072 0.3704 
   HI_SS0327  8 0.0197 0.0012 0.5615 0.3041 0.0199 0.0045 0.0159 0.0731 
   HI_SS0329  8 0.0164 0.0022 0.0104 0.0722 0.0792 0.3103 0.1652 0.3441 
   HI_SS0333  8 0.0237 0.0022 0.0114 0.0320 0.0211 0.8647 0.0225 0.0224 
   HI_SS0334  8 0.6122 0.0014 0.1900 0.0152 0.0564 0.0067 0.0328 0.0852 
   HI_SS0335  8 0.3870 0.0174 0.0151 0.0520 0.5069 0.0052 0.0129 0.0035 
   HI_SS0339  8 0.0194 0.0152 0.0327 0.0509 0.6902 0.1520 0.0117 0.0278 
   HI_SS0343  8 0.0093 0.0023 0.0245 0.3105 0.4330 0.1151 0.0995 0.0057 
   HI_SS0344  8 0.0068 0.0034 0.0068 0.0209 0.0048 0.0054 0.0187 0.9332 
   HI_SS0345  8 0.0143 0.0084 0.0151 0.0630 0.4383 0.0124 0.0379 0.4107 
   HI_SS0346  8 0.2198 0.0042 0.0197 0.0535 0.0107 0.0950 0.2397 0.3573 
   HI_SS0350  8 0.0047 0.0076 0.0122 0.0054 0.9501 0.0078 0.0086 0.0037 
   HI_SS0351  8 0.3138 0.0031 0.0377 0.1669 0.0513 0.0185 0.3560 0.0526 
   HI_SS0352  8 0.0151 0.1272 0.0497 0.0187 0.3932 0.0795 0.2988 0.0179 
   HI_SS0362  8 0.0169 0.0016 0.9290 0.0042 0.0031 0.0115 0.0088 0.0249 
   HI_SS0363  8 0.0130 0.0043 0.6465 0.1081 0.0443 0.0120 0.0105 0.1613 
   HI_SS0365  8 0.0592 0.0051 0.0420 0.0272 0.1087 0.0202 0.2329 0.5048 
   HI_SS0366  8 0.0169 0.0016 0.0998 0.0721 0.0652 0.0182 0.0146 0.7117 
   HI_SS0367  8 0.0219 0.0026 0.0259 0.0176 0.0439 0.8619 0.0222 0.0040 
   HI_SS0369  8 0.1915 0.0024 0.0685 0.0610 0.5155 0.1083 0.0455 0.0074 
