   NS_SS0963  1 0.0069 0.6876 0.0107 0.0058 0.0106 0.0148 0.0209 0.0072 0.2205 0.0150 
   NS_SS0983  1 0.0086 0.0053 0.1763 0.0031 0.2917 0.0071 0.2377 0.0033 0.0103 0.2564 
   NS_SS0719  1 0.0287 0.0215 0.5937 0.0055 0.0307 0.0206 0.1029 0.0373 0.1203 0.0390 
   NS_SS1001  1 0.0286 0.0379 0.0110 0.0072 0.0453 0.0058 0.0086 0.7512 0.0102 0.0942 
   NS_SS0936  1 0.0148 0.0168 0.0615 0.0022 0.0181 0.2322 0.0268 0.1568 0.4321 0.0387 
   NS_SS0955  1 0.0976 0.2523 0.2631 0.0036 0.0188 0.0910 0.0724 0.0319 0.0918 0.0776 
   NS_SS0944  1 0.5349 0.1548 0.0233 0.0026 0.0442 0.1537 0.0098 0.0099 0.0133 0.0537 
   NS_SS0945  1 0.2119 0.1478 0.0129 0.0077 0.0155 0.0159 0.1441 0.4119 0.0082 0.0242 
   NS_SS0922  1 0.0070 0.6430 0.0500 0.0300 0.0280 0.0382 0.0859 0.0609 0.0375 0.0195 
   NS_SS0929  1 0.0285 0.0154 0.0217 0.0037 0.0444 0.2253 0.5025 0.0321 0.0316 0.0948 
   NS_SS0956  1 0.0297 0.1615 0.0316 0.0061 0.0936 0.0184 0.0128 0.4255 0.0300 0.1908 
   NS_SS0906  1 0.0160 0.0044 0.0543 0.0040 0.0427 0.6512 0.0494 0.0161 0.1229 0.0389 
   NS_SS0721  1 0.0063 0.0140 0.0741 0.0054 0.2062 0.0044 0.0148 0.0073 0.0407 0.6269 
   NS_SS0982  1 0.0045 0.0077 0.1043 0.0135 0.0074 0.0388 0.0086 0.0122 0.7873 0.0155 
   NS_SS0923  1 0.0100 0.0823 0.0955 0.0064 0.0352 0.0754 0.0112 0.0750 0.5881 0.0210 
   NS_SS0905  1 0.0091 0.0045 0.0397 0.0021 0.5531 0.0323 0.0521 0.0265 0.1863 0.0944 
   NS_SS0925  1 0.0044 0.0180 0.0148 0.0037 0.2814 0.5546 0.0104 0.0108 0.0679 0.0339 
   NS_SS0947  1 0.0298 0.0884 0.0298 0.0055 0.0129 0.7334 0.0243 0.0370 0.0234 0.0154 
   NS_SS0926  1 0.1513 0.0155 0.0246 0.0012 0.0096 0.0068 0.0773 0.0196 0.1479 0.5462 
   NS_SS0918  1 0.1276 0.0119 0.0107 0.0022 0.1136 0.1638 0.0079 0.1027 0.0312 0.4283 
   NS_SS0966  1 0.0327 0.0212 0.0543 0.0404 0.0507 0.7164 0.0139 0.0212 0.0194 0.0298 
   NS_SS0938  1 0.0091 0.0883 0.0229 0.0016 0.0144 0.0249 0.0108 0.2072 0.6100 0.0107 
   NS_SS0917  1 0.0079 0.0051 0.8318 0.0345 0.0092 0.0050 0.0383 0.0402 0.0154 0.0125 
   NS_SS0957  1 0.0169 0.0157 0.0073 0.0070 0.0382 0.0189 0.0095 0.8564 0.0151 0.0149 
   NS_SS0987  1 0.0088 0.0184 0.0566 0.2349 0.1103 0.0188 0.0036 0.1361 0.0517 0.3609 
   NS_SS0717  1 0.0217 0.0127 0.0155 0.0032 0.0899 0.1385 0.0558 0.3994 0.0912 0.1722 
   NS_SS0986  1 0.0110 0.0775 0.0467 0.0028 0.0129 0.0104 0.0093 0.0208 0.0304 0.7782 
   NS_SS0953  1 0.0100 0.0061 0.0087 0.0162 0.0199 0.9054 0.0077 0.0074 0.0091 0.0097 
   NS_SS0907  1 0.0166 0.0113 0.4856 0.0321 0.0097 0.1119 0.0357 0.0100 0.1732 0.1139 
   NS_SS0974  1 0.1113 0.0987 0.0353 0.0055 0.0280 0.0166 0.6485 0.0129 0.0223 0.0209 
   NS_SS0989  1 0.0520 0.4777 0.0209 0.0012 0.0611 0.0180 0.2307 0.0047 0.0608 0.0728 
   NS_SS0991  1 0.2162 0.0146 0.1573 0.0028 0.0262 0.0284 0.0511 0.0034 0.0361 0.4638 
   NS_SS0994  1 0.0471 0.0085 0.0052 0.0025 0.0098 0.0055 0.8860 0.0076 0.0056 0.0221 
   NS_SS0931  1 0.0980 0.0385 0.0109 0.0056 0.0052 0.0089 0.0044 0.0814 0.0167 0.7304 
   NS_SS1000  1 0.0079 0.0066 0.6074 0.0055 0.0052 0.2486 0.0090 0.0500 0.0234 0.0363 
   NS_SS0919  1 0.0813 0.0093 0.1206 0.0030 0.0045 0.0944 0.0115 0.0144 0.4356 0.2254 
   NS_SS0949  1 0.2779 0.0090 0.5466 0.0016 0.0255 0.0090 0.0236 0.0076 0.0227 0.0767 
   NS_SS0960  1 0.4979 0.0148 0.0516 0.0071 0.1134 0.0418 0.1027 0.0229 0.0509 0.0967 
   NS_SS0716  1 0.0054 0.0052 0.0058 0.0081 0.0077 0.0056 0.0030 0.9388 0.0091 0.0113 
   NS_SS0924  1 0.0145 0.0964 0.0171 0.0201 0.0136 0.0356 0.0459 0.0163 0.0294 0.7111 
   NS_SS0935  1 0.0311 0.0066 0.4420 0.0081 0.0256 0.1015 0.0115 0.0163 0.0089 0.3485 
   NS_SS0952  1 0.6074 0.0338 0.0460 0.0386 0.0156 0.1675 0.0208 0.0166 0.0294 0.0242 
   NS_SS0962  1 0.0092 0.0385 0.0433 0.0080 0.0111 0.0251 0.0311 0.0435 0.7495 0.0406 
   NS_SS0973  1 0.0110 0.0081 0.7584 0.0032 0.0384 0.0201 0.0516 0.0063 0.0511 0.0518 
   NS_SS0722  1 0.0040 0.0128 0.0133 0.0026 0.0058 0.0412 0.0077 0.8873 0.0061 0.0191 
   NS_SS0979  1 0.0068 0.0470 0.1503 0.0026 0.0294 0.0184 0.0082 0.4384 0.2077 0.0911 
   NS_SS0993  1 0.0043 0.0088 0.0155 0.0196 0.8622 0.0144 0.0127 0.0226 0.0285 0.0115 
   NS_SS0958  1 0.7874 0.0176 0.0180 0.0033 0.0126 0.0322 0.0099 0.0714 0.0273 0.0203 
   NS_SS0988  1 0.0114 0.0121 0.0132 0.0043 0.0202 0.0590 0.0303 0.0335 0.7722 0.0439 
   NS_SS1003  1 0.0161 0.3871 0.0543 0.0111 0.3168 0.0119 0.0045 0.0081 0.1679 0.0221 
   NS_SS0976  1 0.0686 0.8022 0.0093 0.0025 0.0116 0.0411 0.0124 0.0056 0.0340 0.0128 
   NS_SS0964  1 0.0116 0.1806 0.0666 0.0028 0.0226 0.0133 0.1453 0.5031 0.0148 0.0393 
   NS_SS0939  1 0.0056 0.0156 0.0073 0.0050 0.0423 0.0037 0.0042 0.8935 0.0184 0.0044 
   NS_SS0990  1 0.0144 0.0543 0.1193 0.0054 0.0971 0.0140 0.0917 0.4389 0.1368 0.0281 
   NS_SS0984  1 0.0028 0.0789 0.0120 0.0022 0.0061 0.0329 0.0260 0.8077 0.0100 0.0214 
   NS_SS0980  1 0.0186 0.0099 0.0458 0.0015 0.0821 0.7394 0.0397 0.0118 0.0368 0.0144 
   NS_SS0978  1 0.0118 0.0088 0.8786 0.0026 0.0088 0.0453 0.0064 0.0185 0.0115 0.0076 
   NS_SS0951  1 0.0210 0.0178 0.0218 0.0032 0.6846 0.0250 0.0250 0.0086 0.0094 0.1836 
   NS_SS0913  1 0.0232 0.0216 0.0225 0.0606 0.3507 0.0651 0.1057 0.2239 0.0353 0.0913 
   NS_SS1002  1 0.0046 0.0092 0.0040 0.0235 0.0052 0.1131 0.0087 0.0090 0.8093 0.0135 
   NS_SS0948  1 0.0286 0.0063 0.0091 0.0346 0.1046 0.1858 0.0227 0.0722 0.5258 0.0102 
   NS_SS0916  1 0.0107 0.0090 0.0115 0.0054 0.8992 0.0143 0.0156 0.0105 0.0177 0.0061 
   NS_SS0995  1 0.0043 0.0072 0.0077 0.0030 0.8973 0.0086 0.0408 0.0116 0.0130 0.0066 
   NS_SS0927  1 0.0183 0.0074 0.4107 0.0055 0.0160 0.0123 0.3204 0.0215 0.0894 0.0986 
   NS_SS0992  1 0.0452 0.0352 0.4302 0.0030 0.0434 0.0300 0.3348 0.0297 0.0435 0.0050 
   NS_SS0912  1 0.0223 0.0048 0.0075 0.0023 0.0113 0.0045 0.0061 0.0068 0.0209 0.9135 
   NS_SS0981  1 0.0138 0.0262 0.3085 0.0038 0.0333 0.0530 0.0127 0.0237 0.4920 0.0330 
   NS_SS0729  2 0.0106 0.0173 0.0152 0.0023 0.0049 0.0485 0.8833 0.0047 0.0060 0.0071 
   NS_SS0967  2 0.0169 0.1019 0.2168 0.0106 0.0040 0.0127 0.0101 0.0483 0.1230 0.4557 
   NS_SS0941  2 0.0292 0.1302 0.1321 0.1002 0.1395 0.0279 0.0622 0.1756 0.1583 0.0449 
   NS_SS0768  2 0.0169 0.0215 0.0088 0.0055 0.0101 0.0804 0.0090 0.0386 0.0311 0.7781 
   NS_SS0726  2 0.0594 0.6208 0.0529 0.0072 0.0192 0.0212 0.1351 0.0200 0.0584 0.0057 
   NS_SS0763  2 0.0597 0.1966 0.3814 0.0025 0.0383 0.0445 0.0691 0.0714 0.0200 0.1165 
   NS_SS0730  2 0.0311 0.0266 0.0182 0.0037 0.0331 0.0572 0.0091 0.4248 0.3822 0.0141 
   NS_SS0774  2 0.0076 0.0446 0.0152 0.0010 0.0137 0.0882 0.0139 0.8029 0.0064 0.0065 
   NS_SS0723  2 0.0051 0.0405 0.0359 0.0017 0.0123 0.3508 0.0226 0.0470 0.4685 0.0157 
   NS_SS0940  2 0.0517 0.0506 0.2216 0.0070 0.2944 0.0086 0.0319 0.1371 0.1210 0.0761 
   NS_SS0762  2 0.0117 0.0631 0.0187 0.0031 0.1118 0.4815 0.0158 0.2831 0.0063 0.0049 
   NS_SS0766  2 0.0248 0.1248 0.0711 0.0161 0.0891 0.0103 0.1256 0.4197 0.0230 0.0956 
   NS_SS0724  2 0.0142 0.4264 0.0231 0.0038 0.0404 0.3178 0.0113 0.0582 0.0320 0.0730 
   NS_SS0769  2 0.0071 0.0129 0.1259 0.0042 0.0139 0.0492 0.1184 0.0677 0.4924 0.1082 
   NS_SS0777  2 0.0285 0.0083 0.6807 0.0140 0.0155 0.0058 0.0069 0.0634 0.0249 0.1519 
   NS_SS0734  2 0.1535 0.0601 0.4406 0.0241 0.0961 0.0049 0.0400 0.0341 0.0123 0.1342 
   NS_SS0737  2 0.0055 0.8444 0.0214 0.0060 0.0216 0.0186 0.0124 0.0401 0.0253 0.0047 
   NS_SS0732  2 0.0056 0.0067 0.0224 0.0051 0.8905 0.0228 0.0061 0.0138 0.0133 0.0138 
   NS_SS0728  2 0.0168 0.1082 0.1408 0.0146 0.1974 0.0375 0.0487 0.0642 0.3398 0.0319 
   NS_SS0735  2 0.0136 0.0610 0.5145 0.0111 0.1539 0.1240 0.0306 0.0125 0.0171 0.0618 
   NS_SS0725  2 0.0142 0.8727 0.0073 0.0083 0.0096 0.0193 0.0167 0.0263 0.0081 0.0175 
   NS_SS0788  2 0.0101 0.0901 0.4100 0.0019 0.0131 0.2817 0.0214 0.0345 0.0833 0.0539 
   NS_SS0778  2 0.0089 0.0152 0.8930 0.0015 0.0093 0.0189 0.0075 0.0144 0.0074 0.0238 
   NS_SS0792  2 0.0265 0.0261 0.0104 0.0060 0.7627 0.0093 0.0569 0.0059 0.0566 0.0397 
   NS_SS0943  2 0.4268 0.1262 0.1620 0.0082 0.0286 0.1367 0.0431 0.0067 0.0346 0.0271 
   NS_SS0791  2 0.0282 0.3246 0.0640 0.0189 0.3863 0.0140 0.0625 0.0380 0.0442 0.0192 
   NS_SS0790  2 0.0029 0.0038 0.0048 0.0031 0.0068 0.9300 0.0053 0.0239 0.0038 0.0155 
   NS_SS0731  2 0.0062 0.0098 0.0153 0.0114 0.0145 0.0101 0.0052 0.0689 0.0118 0.8466 
   NS_SS0727  2 0.1243 0.0406 0.0339 0.0016 0.0298 0.0190 0.5138 0.2145 0.0135 0.0090 
   NS_SS0779  2 0.0095 0.0122 0.7457 0.0056 0.0502 0.0091 0.0077 0.0384 0.0326 0.0889 
   NS_SS0776  2 0.0248 0.2110 0.5744 0.0071 0.0137 0.0139 0.0243 0.0954 0.0134 0.0220 
   NS_SS0775  2 0.0049 0.0123 0.0075 0.0059 0.0068 0.0109 0.0109 0.9238 0.0108 0.0062 
   NS_SS0965  3 0.0095 0.0127 0.0439 0.0027 0.0200 0.0246 0.0172 0.0207 0.1293 0.7194 
   NS_SS0754  3 0.0768 0.0322 0.3512 0.0127 0.0169 0.0386 0.0413 0.0282 0.0260 0.3762 
   NS_SS0838  3 0.0323 0.6809 0.0463 0.0408 0.0201 0.0119 0.0514 0.0352 0.0499 0.0313 
   NS_SS0839  3 0.0042 0.5364 0.0432 0.0047 0.0400 0.2423 0.0082 0.0806 0.0351 0.0052 
   NS_SS0832  3 0.0033 0.0116 0.1917 0.0508 0.0151 0.0341 0.0100 0.1858 0.1961 0.3014 
   NS_SS0820  3 0.0035 0.5519 0.0437 0.0066 0.0043 0.0092 0.0049 0.0309 0.1102 0.2348 
   NS_SS0886  3 0.0165 0.0573 0.2442 0.0031 0.0560 0.0436 0.4413 0.0250 0.0278 0.0853 
   NS_SS0748  3 0.0188 0.0080 0.0075 0.0050 0.0071 0.0188 0.0066 0.0613 0.0208 0.8463 
   NS_SS0884  3 0.0209 0.1329 0.0302 0.0355 0.0162 0.2151 0.3215 0.1153 0.0998 0.0125 
   NS_SS0752  3 0.0219 0.0352 0.2869 0.0022 0.0748 0.0709 0.3778 0.0362 0.0526 0.0415 
   NS_SS0862  3 0.0085 0.0158 0.6020 0.0053 0.1911 0.0891 0.0079 0.0232 0.0245 0.0325 
   NS_SS0787  3 0.2175 0.0109 0.0087 0.0068 0.0057 0.0061 0.7083 0.0088 0.0160 0.0114 
   NS_SS0843  3 0.0100 0.0204 0.4887 0.0015 0.0688 0.0799 0.1181 0.0088 0.0334 0.1703 
   NS_SS0856  3 0.0121 0.0100 0.6572 0.0037 0.0121 0.0097 0.2241 0.0076 0.0509 0.0126 
   NS_SS0846  3 0.0199 0.0717 0.1500 0.0031 0.0063 0.1329 0.1486 0.0134 0.4114 0.0427 
   NS_SS0825  3 0.0103 0.0322 0.0103 0.0096 0.0208 0.0076 0.0135 0.0076 0.8708 0.0174 
   NS_SS0757  3 0.0075 0.0345 0.0794 0.0027 0.0767 0.0069 0.0055 0.0134 0.0111 0.7623 
   NS_SS0876  3 0.0098 0.0114 0.7028 0.2022 0.0141 0.0219 0.0084 0.0089 0.0133 0.0073 
   NS_SS0903  3 0.0045 0.0074 0.1173 0.0024 0.0257 0.7131 0.0623 0.0383 0.0227 0.0062 
   NS_SS0875  3 0.0147 0.0096 0.0236 0.0043 0.0570 0.0405 0.0758 0.2592 0.2044 0.3109 
   NS_SS0740  3 0.0061 0.0272 0.5508 0.0038 0.2112 0.1159 0.0202 0.0093 0.0246 0.0308 
   NS_SS0811  3 0.0091 0.0046 0.0442 0.0104 0.3689 0.0497 0.0042 0.4761 0.0080 0.0246 
   NS_SS0751  3 0.1155 0.0944 0.0328 0.0027 0.0781 0.0060 0.0174 0.0410 0.5976 0.0144 
   NS_SS0891  3 0.0156 0.0353 0.1308 0.0058 0.0093 0.6579 0.0269 0.0610 0.0423 0.0150 
   NS_SS0867  3 0.0210 0.0070 0.0449 0.0263 0.0197 0.0473 0.1655 0.0114 0.5203 0.1365 
   NS_SS0890  3 0.0157 0.0105 0.6771 0.0029 0.0342 0.0721 0.0145 0.1039 0.0427 0.0263 
   NS_SS0866  3 0.0102 0.0068 0.0039 0.0043 0.0067 0.0031 0.9444 0.0072 0.0060 0.0075 
   NS_SS0755  3 0.0263 0.1624 0.0758 0.0064 0.1764 0.1424 0.0136 0.3043 0.0291 0.0633 
   NS_SS0758  3 0.0087 0.0342 0.0851 0.0028 0.0287 0.0283 0.0820 0.0162 0.0633 0.6506 
   NS_SS0840  3 0.0068 0.8635 0.0217 0.0030 0.0211 0.0147 0.0055 0.0216 0.0277 0.0144 
   NS_SS0889  3 0.1129 0.0927 0.0156 0.0025 0.1305 0.0808 0.2323 0.0140 0.1033 0.2155 
   NS_SS1010  3 0.0287 0.0785 0.0149 0.0405 0.0115 0.1260 0.0080 0.0258 0.5466 0.1195 
   NS_SS0888  3 0.0636 0.0057 0.0445 0.0019 0.0067 0.0083 0.8472 0.0079 0.0060 0.0082 
   NS_SS0837  3 0.0166 0.0272 0.3305 0.0038 0.0486 0.1649 0.0240 0.0587 0.0952 0.2304 
   NS_SS0794  3 0.7957 0.0085 0.0109 0.0025 0.0119 0.0077 0.1136 0.0252 0.0090 0.0151 
   NS_SS0823  3 0.0124 0.0744 0.1796 0.0046 0.0546 0.4678 0.0392 0.0160 0.0627 0.0887 
   NS_SS0829  3 0.3586 0.0061 0.0102 0.1194 0.0152 0.0720 0.3816 0.0083 0.0089 0.0196 
   NS_SS0844  3 0.0048 0.0068 0.0059 0.0018 0.0050 0.9390 0.0085 0.0073 0.0087 0.0121 
   NS_SS1008  3 0.1699 0.0267 0.0967 0.0160 0.0428 0.0180 0.2907 0.2964 0.0104 0.0324 
   NS_SS0881  3 0.0753 0.0578 0.1087 0.0031 0.0377 0.0080 0.1348 0.3412 0.1963 0.0372 
   NS_SS0834  3 0.0055 0.9293 0.0064 0.0052 0.0050 0.0195 0.0134 0.0055 0.0053 0.0051 
   NS_SS0744  3 0.0168 0.0177 0.7017 0.0054 0.0490 0.0382 0.0387 0.0067 0.0399 0.0859 
   NS_SS0899  3 0.0025 0.0212 0.0132 0.0017 0.8156 0.1078 0.0050 0.0125 0.0059 0.0146 
   NS_SS0804  3 0.0068 0.0462 0.0562 0.0049 0.1435 0.2633 0.0133 0.0516 0.3187 0.0955 
   NS_SS0781  3 0.0059 0.0292 0.1579 0.0045 0.0167 0.5413 0.0092 0.0360 0.1708 0.0286 
   NS_SS0822  3 0.0762 0.6514 0.0415 0.0021 0.1502 0.0079 0.0507 0.0056 0.0050 0.0093 
   NS_SS1004  3 0.0204 0.0148 0.6331 0.0033 0.0253 0.0243 0.0087 0.0104 0.0612 0.1985 
   NS_SS0746  3 0.0113 0.0081 0.0826 0.0129 0.0060 0.0204 0.0154 0.0457 0.0248 0.7728 
   NS_SS0880  3 0.0299 0.8268 0.0396 0.0017 0.0222 0.0131 0.0053 0.0392 0.0073 0.0150 
   NS_SS0879  3 0.0222 0.0559 0.0341 0.0206 0.0125 0.2018 0.5366 0.0813 0.0252 0.0099 
   NS_SS0753  3 0.0791 0.0070 0.4418 0.0114 0.0985 0.0531 0.0540 0.0182 0.0594 0.1774 
   NS_SS1007  3 0.0231 0.0874 0.2579 0.0025 0.0852 0.0039 0.2618 0.0283 0.2395 0.0105 
   NS_SS0872  3 0.0215 0.0114 0.1658 0.0021 0.0302 0.1847 0.0163 0.0874 0.4027 0.0779 
   NS_SS1005  3 0.0074 0.0635 0.2296 0.0012 0.0279 0.0624 0.0100 0.0191 0.0424 0.5363 
   NS_SS0892  3 0.0210 0.0187 0.5026 0.0022 0.0375 0.0140 0.0109 0.0506 0.1914 0.1512 
   NS_SS0898  3 0.5888 0.0066 0.0110 0.0079 0.1382 0.0200 0.0131 0.1318 0.0661 0.0166 
   NS_SS0801  3 0.0049 0.8458 0.0168 0.0124 0.0059 0.0437 0.0060 0.0125 0.0264 0.0256 
   NS_SS0827  3 0.0470 0.0069 0.0229 0.1103 0.0530 0.0201 0.0592 0.2642 0.0280 0.3885 
   NS_SS0853  3 0.0174 0.0051 0.0199 0.0050 0.0083 0.1046 0.0082 0.8051 0.0075 0.0190 
   NS_SS0780  3 0.0044 0.2661 0.4843 0.0068 0.0211 0.0688 0.0241 0.0260 0.0655 0.0328 
   NS_SS0826  3 0.0439 0.1340 0.0229 0.0036 0.0062 0.5039 0.0219 0.0088 0.2383 0.0166 
   NS_SS0818  3 0.0220 0.0501 0.0225 0.0014 0.0652 0.0472 0.0079 0.0106 0.7497 0.0233 
   NS_SS0745  3 0.0076 0.0152 0.0092 0.0020 0.0066 0.0044 0.0038 0.9290 0.0098 0.0123 
   NS_SS0849  3 0.0262 0.0111 0.1475 0.0016 0.5193 0.0272 0.0063 0.0215 0.0384 0.2009 
   NS_SS0739  3 0.0153 0.0168 0.0215 0.0133 0.6211 0.0062 0.0182 0.0277 0.2360 0.0241 
   NS_SS0799  3 0.0286 0.0208 0.4841 0.0015 0.3342 0.0058 0.0888 0.0149 0.0106 0.0106 
   NS_SS0756  3 0.0076 0.0066 0.0145 0.0034 0.0124 0.3395 0.0143 0.0120 0.5489 0.0408 
   NS_SS0802  3 0.0109 0.0036 0.5658 0.1715 0.0040 0.0056 0.0041 0.0058 0.0879 0.1407 
   NS_SS0747  3 0.0056 0.0178 0.8321 0.0071 0.0081 0.0779 0.0053 0.0114 0.0198 0.0150 
   NS_SS0835  3 0.0077 0.0053 0.0073 0.0013 0.0053 0.0108 0.9073 0.0144 0.0227 0.0179 
   NS_SS0742  3 0.0154 0.0291 0.0395 0.0013 0.7476 0.0442 0.0126 0.0165 0.0452 0.0487 
   NS_SS0760  3 0.2730 0.0088 0.0577 0.0388 0.0054 0.0098 0.0305 0.0175 0.0092 0.5494 
   NS_SS0803  3 0.0050 0.0048 0.0071 0.0080 0.0472 0.8810 0.0298 0.0036 0.0049 0.0086 
   NS_SS0828  3 0.0548 0.0339 0.1636 0.0019 0.0904 0.0664 0.0346 0.1521 0.0149 0.3876 
   NS_SS0865  3 0.0238 0.0178 0.7904 0.0209 0.0675 0.0144 0.0113 0.0130 0.0332 0.0077 
   NS_SS0759  3 0.0103 0.1054 0.5955 0.0046 0.0574 0.0116 0.0198 0.0323 0.1365 0.0266 
   NS_SS0851  3 0.0286 0.3621 0.0179 0.0206 0.0981 0.0119 0.0191 0.3683 0.0476 0.0258 
   NS_SS0874  3 0.0074 0.0085 0.0096 0.0017 0.0579 0.8613 0.0129 0.0147 0.0169 0.0090 
   NS_SS0761  3 0.1555 0.0067 0.0105 0.0038 0.0102 0.0247 0.0285 0.0139 0.0196 0.7265 
   NS_SS0842  3 0.0528 0.0108 0.0077 0.0095 0.0121 0.0257 0.0158 0.8329 0.0182 0.0146 
   NS_SS0785  3 0.0389 0.0141 0.4207 0.0069 0.0213 0.0910 0.0638 0.0156 0.1058 0.2220 
   NS_SS0860  3 0.0048 0.0040 0.0347 0.0019 0.0118 0.0099 0.8885 0.0063 0.0185 0.0197 
   NS_SS0897  3 0.8133 0.0078 0.0189 0.0024 0.0150 0.0131 0.0989 0.0084 0.0136 0.0084 
   NS_SS0841  3 0.0841 0.2832 0.0773 0.0050 0.2512 0.0303 0.0093 0.0436 0.1975 0.0186 
   NS_SS0797  3 0.1218 0.6597 0.0325 0.0212 0.0240 0.0136 0.0107 0.0255 0.0082 0.0827 
   NS_SS0830  3 0.1588 0.1181 0.0438 0.0018 0.2601 0.0588 0.1473 0.0831 0.0952 0.0329 
   NS_SS1011  3 0.0034 0.8750 0.0122 0.0074 0.0094 0.0158 0.0187 0.0067 0.0337 0.0178 
   NS_SS0883  3 0.0088 0.0036 0.3700 0.0043 0.5172 0.0126 0.0348 0.0209 0.0139 0.0139 
   NS_SS0782  3 0.0102 0.0072 0.0106 0.0022 0.0079 0.0174 0.8931 0.0257 0.0094 0.0162 
   NS_SS0831  3 0.0348 0.0110 0.0337 0.0032 0.1588 0.0143 0.6815 0.0073 0.0078 0.0477 
   NS_SS0749  3 0.0257 0.0171 0.7226 0.0037 0.1394 0.0145 0.0163 0.0129 0.0374 0.0107 
   NS_SS0854  3 0.1638 0.0458 0.5136 0.0046 0.0591 0.0526 0.1020 0.0088 0.0249 0.0249 
   HI_SS0193  4 0.8813 0.0531 0.0050 0.0015 0.0305 0.0059 0.0046 0.0078 0.0052 0.0050 
   HI_SS0194  4 0.0273 0.8633 0.0054 0.0019 0.0045 0.0550 0.0076 0.0166 0.0087 0.0097 
   HI_SS0195  4 0.0055 0.0980 0.3082 0.1105 0.0112 0.0097 0.0045 0.0327 0.3147 0.1050 
   HI_SS0196  4 0.1153 0.0284 0.5143 0.0034 0.0160 0.0573 0.0697 0.0575 0.0194 0.1186 
   HI_SS0197  4 0.0028 0.0141 0.0103 0.0091 0.0032 0.0049 0.0046 0.0062 0.9395 0.0053 
   HI_SS0198  4 0.0443 0.0167 0.0396 0.0101 0.7815 0.0275 0.0209 0.0128 0.0166 0.0301 
   HI_SS0199  4 0.0083 0.0070 0.0190 0.0027 0.0126 0.0069 0.9227 0.0079 0.0077 0.0052 
   HI_SS0201  4 0.4265 0.0169 0.0621 0.0026 0.0157 0.0406 0.1017 0.0066 0.0101 0.3170 
   HI_SS0215  4 0.0079 0.0065 0.0167 0.0027 0.0101 0.0090 0.0875 0.0042 0.0272 0.8281 
   HI_SS0218  4 0.7861 0.0081 0.0137 0.0084 0.0095 0.0074 0.1352 0.0169 0.0065 0.0082 
   HI_SS0222  4 0.0101 0.0288 0.0358 0.0056 0.0087 0.0103 0.4056 0.0141 0.0492 0.4318 
   HI_SS0230  4 0.0067 0.0167 0.1347 0.0048 0.0115 0.0112 0.0049 0.0092 0.7572 0.0432 
   HI_SS0234  4 0.0137 0.0145 0.0274 0.1404 0.0057 0.4557 0.1356 0.0200 0.1697 0.0174 
   HI_SS0240  4 0.0139 0.0164 0.6649 0.0068 0.0118 0.0196 0.1186 0.1142 0.0143 0.0195 
   HI_SS0241  4 0.0804 0.2684 0.1797 0.0021 0.0116 0.0313 0.0692 0.0438 0.0281 0.2855 
   HI_SS0242  4 0.1105 0.0248 0.0521 0.0030 0.1475 0.0297 0.0796 0.1424 0.3626 0.0477 
   HI_SS0247  4 0.0035 0.0155 0.0038 0.0213 0.0295 0.8941 0.0033 0.0047 0.0169 0.0074 
   HI_SS0248  4 0.4244 0.0050 0.0662 0.0008 0.0077 0.0174 0.4147 0.0158 0.0091 0.0391 
   HI_SS0252  4 0.0098 0.1683 0.0169 0.0020 0.5786 0.0491 0.0234 0.0071 0.0570 0.0878 
   HI_SS0254  4 0.0481 0.0127 0.3713 0.0850 0.0350 0.0221 0.0181 0.0717 0.2630 0.0732 
   HI_SS0256  4 0.0041 0.0192 0.0249 0.0016 0.0056 0.8921 0.0037 0.0097 0.0313 0.0077 
   HI_SS0257  4 0.1172 0.0103 0.0585 0.0042 0.0140 0.6194 0.0685 0.0110 0.0823 0.0146 
   HI_SS0258  4 0.4797 0.1014 0.0152 0.0062 0.0128 0.0152 0.0711 0.0190 0.0144 0.2650 
   HI_SS0259  4 0.0052 0.8357 0.0216 0.0029 0.0197 0.0281 0.0196 0.0130 0.0478 0.0064 
   HI_SS0260  4 0.0896 0.0160 0.1114 0.0020 0.0117 0.0370 0.4180 0.2660 0.0295 0.0188 
   HI_SS0261  4 0.0175 0.0835 0.0838 0.0036 0.0077 0.0283 0.6089 0.1161 0.0396 0.0109 
   HI_SS0262  4 0.0164 0.0948 0.0094 0.0082 0.1013 0.0220 0.1126 0.0243 0.6022 0.0088 
   HI_SS0264  4 0.0144 0.0108 0.0319 0.0032 0.0065 0.1661 0.0087 0.0378 0.7024 0.0182 
   HI_SS0265  4 0.0133 0.0363 0.0313 0.1135 0.0446 0.0129 0.1498 0.1765 0.4107 0.0111 
   HI_SS0268  4 0.2097 0.0514 0.1626 0.0032 0.0148 0.0161 0.0075 0.0346 0.3413 0.1588 
   HI_SS0269  4 0.4932 0.0253 0.1234 0.0023 0.0408 0.0305 0.2030 0.0072 0.0330 0.0413 
   HI_SS0273  4 0.7755 0.0099 0.0179 0.0015 0.0109 0.0176 0.0790 0.0525 0.0190 0.0162 
   HI_SS0277  4 0.0068 0.0263 0.0115 0.0025 0.0111 0.0098 0.0564 0.0071 0.8584 0.0101 
   HI_SS0280  4 0.0422 0.0506 0.1027 0.0059 0.5842 0.0080 0.0702 0.0325 0.0794 0.0244 
   HI_SS0282  4 0.1248 0.0294 0.0911 0.0016 0.5747 0.0289 0.0249 0.0060 0.0165 0.1021 
   HI_SS0286  4 0.0335 0.0691 0.0357 0.0064 0.0216 0.0434 0.0474 0.0103 0.4526 0.2800 
   NS_SS1252  5 0.0109 0.0039 0.0071 0.0031 0.0124 0.0039 0.9379 0.0039 0.0062 0.0108 
   NS_SS1261  5 0.0134 0.0045 0.0070 0.0132 0.0251 0.0082 0.0112 0.0141 0.8901 0.0133 
   NS_SS1225  5 0.0095 0.0110 0.0287 0.0504 0.0055 0.8569 0.0146 0.0032 0.0146 0.0056 
   NS_SS1266  5 0.0055 0.0581 0.0795 0.0114 0.0273 0.5234 0.0043 0.0368 0.2251 0.0286 
   NS_SS1228  5 0.0092 0.0065 0.0094 0.0106 0.9282 0.0072 0.0048 0.0087 0.0108 0.0045 
   NS_SS1255  5 0.1828 0.0042 0.0072 0.0018 0.0303 0.0448 0.6747 0.0388 0.0106 0.0048 
   NS_SS1267  5 0.0754 0.0118 0.0120 0.0159 0.0076 0.0192 0.7888 0.0320 0.0222 0.0151 
   NS_SS1238  5 0.3981 0.1004 0.0087 0.0029 0.0385 0.0088 0.0071 0.0199 0.3952 0.0203 
   NS_SS1233  5 0.2000 0.3342 0.0212 0.0027 0.0089 0.3242 0.0057 0.0287 0.0372 0.0373 
   NS_SS1277  5 0.5103 0.0543 0.0189 0.0013 0.0672 0.0115 0.1976 0.1191 0.0124 0.0074 
   NS_SS1245  5 0.0598 0.0630 0.5580 0.0020 0.0111 0.0805 0.0099 0.0318 0.0501 0.1337 
   NS_SS1240  5 0.0814 0.0079 0.0212 0.0018 0.0046 0.0058 0.1004 0.0039 0.0103 0.7628 
   NS_SS1275  5 0.0036 0.7121 0.0111 0.0039 0.0131 0.0186 0.0077 0.0306 0.1933 0.0059 
   NS_SS1235  5 0.0741 0.1618 0.0444 0.0069 0.0039 0.5760 0.0082 0.0201 0.0571 0.0475 
   NS_SS1263  5 0.0047 0.0060 0.0133 0.0009 0.0100 0.9104 0.0113 0.0306 0.0064 0.0065 
   NS_SS1251  5 0.0089 0.0059 0.0117 0.0014 0.0103 0.8897 0.0295 0.0100 0.0231 0.0095 
   NS_SS1248  5 0.0179 0.0177 0.0043 0.0905 0.1557 0.0049 0.0084 0.0456 0.0280 0.6271 
   NS_SS1244  5 0.0455 0.8843 0.0089 0.0043 0.0077 0.0165 0.0090 0.0038 0.0138 0.0062 
   NS_SS1257  5 0.0801 0.0171 0.3512 0.0301 0.0191 0.0407 0.1644 0.0161 0.1031 0.1779 
   NS_SS1242  5 0.0184 0.1284 0.2963 0.0035 0.0112 0.0589 0.0221 0.3848 0.0320 0.0445 
   NS_SS1271  5 0.5141 0.0150 0.0374 0.0317 0.0280 0.0089 0.1301 0.2045 0.0178 0.0126 
   NS_SS1265  5 0.0236 0.0308 0.0501 0.0202 0.0149 0.0099 0.1274 0.0373 0.0327 0.6531 
   NS_SS1243  5 0.0422 0.0463 0.3800 0.0933 0.3548 0.0267 0.0183 0.0128 0.0104 0.0150 
   NS_SS1273  5 0.0070 0.0146 0.0127 0.0081 0.0026 0.0135 0.0090 0.9028 0.0253 0.0043 
   NS_SS1254  5 0.0115 0.0217 0.0098 0.0059 0.0438 0.2189 0.0244 0.6049 0.0241 0.0349 
   NS_SS1224  5 0.0071 0.0101 0.0595 0.0101 0.2275 0.4024 0.0484 0.0712 0.0454 0.1183 
   NS_SS1227  5 0.0223 0.0063 0.2636 0.0019 0.0146 0.0061 0.0121 0.5640 0.0821 0.0272 
   NS_SS1274  5 0.1257 0.4899 0.0488 0.0189 0.0451 0.2181 0.0130 0.0162 0.0093 0.0150 
   NS_SS1241  5 0.6339 0.0797 0.0108 0.0012 0.1838 0.0499 0.0061 0.0112 0.0127 0.0107 
   NS_SS1256  5 0.0723 0.3381 0.0291 0.0373 0.0040 0.0719 0.0203 0.0636 0.2525 0.1110 
   NS_SS1260  5 0.0092 0.0123 0.0199 0.0608 0.0048 0.0107 0.8626 0.0045 0.0068 0.0084 
   NS_SS1262  5 0.0543 0.0060 0.0326 0.1661 0.0410 0.3813 0.0866 0.0088 0.2098 0.0134 
   NS_SS1230  5 0.5483 0.0078 0.2565 0.0087 0.0086 0.0099 0.0236 0.0485 0.0509 0.0372 
   NS_SS1270  5 0.0062 0.0097 0.0084 0.0019 0.0642 0.0238 0.0026 0.0085 0.0610 0.8138 
   NS_SS1229  5 0.0073 0.0109 0.0256 0.0039 0.0168 0.0444 0.0996 0.0085 0.7694 0.0138 
   NS_SS1246  5 0.0159 0.7869 0.0109 0.0028 0.0243 0.0145 0.0240 0.0883 0.0192 0.0130 
   NS_SS1269  5 0.0229 0.0226 0.2301 0.0022 0.0150 0.0054 0.0275 0.0150 0.0221 0.6372 
   NS_SS1239  5 0.0057 0.0043 0.0083 0.0035 0.9483 0.0056 0.0093 0.0062 0.0054 0.0033 
   NS_SS1272  5 0.0052 0.0355 0.0161 0.0049 0.0058 0.0159 0.0291 0.0105 0.7834 0.0934 
   NS_SS1268  5 0.0142 0.0178 0.0403 0.0021 0.8536 0.0301 0.0039 0.0157 0.0093 0.0131 
   NS_SS1249  5 0.6457 0.0794 0.0256 0.0166 0.0071 0.0397 0.1239 0.0398 0.0076 0.0146 
   HI_SS0559  6 0.0214 0.0104 0.6496 0.0021 0.0124 0.2033 0.0321 0.0157 0.0079 0.0451 
   HI_SS0563  6 0.0390 0.0073 0.0409 0.0031 0.1444 0.3046 0.2384 0.0311 0.0393 0.1518 
   HI_SS0564  6 0.0266 0.1534 0.0441 0.0674 0.4752 0.0306 0.0239 0.0437 0.1035 0.0316 
   HI_SS0565  6 0.0197 0.0132 0.0775 0.0035 0.0150 0.0155 0.1480 0.0586 0.2568 0.3922 
   HI_SS0569  6 0.0098 0.0059 0.0053 0.0022 0.0090 0.0089 0.0068 0.0053 0.0106 0.9362 
   HI_SS0570  6 0.6076 0.0286 0.1076 0.0416 0.0125 0.0119 0.0076 0.0137 0.0101 0.1589 
   HI_SS0572  6 0.0073 0.0243 0.4572 0.0033 0.0108 0.3874 0.0294 0.0439 0.0263 0.0100 
   HI_SS0576  6 0.0703 0.0236 0.1301 0.0062 0.2679 0.0151 0.0120 0.0707 0.3915 0.0124 
   HI_SS0579  6 0.0122 0.0084 0.2695 0.0149 0.0157 0.5889 0.0126 0.0053 0.0065 0.0661 
   HI_SS0580  6 0.0338 0.0356 0.0397 0.0060 0.0736 0.1577 0.4035 0.1635 0.0198 0.0668 
   HI_SS0581  6 0.0048 0.0308 0.6765 0.0661 0.0805 0.0092 0.0042 0.0257 0.0940 0.0083 
   HI_SS0583  6 0.0090 0.0094 0.0062 0.0026 0.0052 0.0061 0.8745 0.0213 0.0138 0.0519 
   HI_SS0586  6 0.3790 0.0072 0.0289 0.0013 0.0070 0.0120 0.0750 0.0393 0.0530 0.3972 
   HI_SS0588  6 0.1980 0.0205 0.3312 0.0171 0.0087 0.0357 0.0189 0.0085 0.0149 0.3465 
   HI_SS0595  6 0.3949 0.0144 0.0299 0.0294 0.0182 0.0431 0.0520 0.0963 0.3020 0.0200 
   HI_SS0596  6 0.0103 0.0116 0.0296 0.0032 0.0922 0.0730 0.0130 0.7110 0.0471 0.0089 
   HI_SS0597  6 0.0249 0.2466 0.0387 0.0035 0.0445 0.0639 0.0115 0.1351 0.2800 0.1513 
   HI_SS0600  6 0.1343 0.0087 0.3369 0.0037 0.1097 0.0159 0.0788 0.0121 0.2273 0.0727 
   HI_SS0601  6 0.0088 0.0099 0.0222 0.0109 0.0191 0.8750 0.0046 0.0068 0.0305 0.0123 
   HI_SS0602  6 0.0062 0.0052 0.7412 0.0024 0.0092 0.0456 0.0075 0.0224 0.0533 0.1070 
   HI_SS0604  6 0.0178 0.0568 0.1347 0.0020 0.2146 0.0167 0.0256 0.0159 0.0259 0.4901 
   HI_SS0605  6 0.0083 0.0100 0.8362 0.0047 0.0448 0.0056 0.0196 0.0118 0.0049 0.0541 
   HI_SS0608  6 0.0263 0.0048 0.0057 0.0010 0.8359 0.0064 0.0057 0.0962 0.0108 0.0073 
   HI_SS0609  6 0.0379 0.0119 0.0153 0.0012 0.1793 0.5685 0.0196 0.0445 0.0793 0.0425 
   HI_SS0611  6 0.0184 0.0056 0.0131 0.0021 0.8704 0.0069 0.0492 0.0139 0.0076 0.0127 
   HI_SS0612  6 0.0196 0.0143 0.0187 0.0056 0.0139 0.5797 0.2837 0.0077 0.0362 0.0205 
   HI_SS0613  6 0.0061 0.0097 0.8828 0.0016 0.0116 0.0080 0.0205 0.0107 0.0118 0.0372 
   HI_SS0615  6 0.0098 0.0115 0.0496 0.0117 0.7316 0.0134 0.0096 0.0555 0.0957 0.0116 
   HI_SS0001  6 0.0102 0.9161 0.0075 0.0046 0.0052 0.0101 0.0140 0.0087 0.0114 0.0122 
   HI_SS0002  6 0.0049 0.0072 0.0719 0.0254 0.0133 0.0744 0.0638 0.0104 0.7101 0.0185 
   HI_SS0004  6 0.2370 0.2007 0.0548 0.0055 0.0190 0.0126 0.1543 0.0899 0.0067 0.2196 
   HI_SS0005  6 0.0811 0.0286 0.7378 0.0071 0.0344 0.0123 0.0079 0.0120 0.0243 0.0545 
   HI_SS0006  6 0.0503 0.0258 0.0199 0.0021 0.0086 0.0173 0.5731 0.0060 0.1828 0.1141 
   HI_SS0007  6 0.3768 0.0243 0.0170 0.0030 0.4958 0.0049 0.0315 0.0136 0.0073 0.0256 
   HI_SS0008  6 0.0108 0.0041 0.0675 0.0309 0.0159 0.0067 0.0054 0.0214 0.7603 0.0770 
   HI_SS0009  6 0.0340 0.0443 0.0149 0.0068 0.6787 0.0761 0.0104 0.0581 0.0129 0.0638 
   HI_SS0010  6 0.2073 0.0123 0.0149 0.0040 0.1317 0.0321 0.0270 0.3234 0.1638 0.0835 
   HI_SS0011  6 0.0679 0.0277 0.0147 0.0691 0.0190 0.2233 0.0053 0.0439 0.5182 0.0109 
   HI_SS0012  6 0.0067 0.0187 0.2157 0.0061 0.1191 0.2246 0.0144 0.0169 0.3506 0.0274 
   HI_SS0017  6 0.0367 0.0446 0.0150 0.0022 0.0124 0.0167 0.0139 0.8472 0.0063 0.0049 
   HI_SS0021  6 0.0108 0.0101 0.1358 0.2312 0.0064 0.0086 0.2315 0.1568 0.1551 0.0537 
   HI_SS0024  6 0.0389 0.1073 0.0383 0.0033 0.0435 0.0073 0.0103 0.6073 0.0420 0.1018 
   HI_SS0025  6 0.0117 0.0891 0.0254 0.0047 0.0452 0.0300 0.0789 0.4921 0.0547 0.1682 
   HI_SS0027  6 0.5232 0.0125 0.0763 0.0135 0.2929 0.0266 0.0145 0.0059 0.0104 0.0244 
   HI_SS0028  6 0.0064 0.0145 0.0110 0.0017 0.0090 0.0205 0.0059 0.4895 0.4166 0.0250 
   HI_SS0029  6 0.0093 0.0058 0.0243 0.0076 0.0095 0.0179 0.0534 0.8500 0.0097 0.0126 
   HI_SS0030  6 0.0268 0.2276 0.0440 0.0072 0.3278 0.0263 0.1381 0.0307 0.0411 0.1304 
   HI_SS0031  6 0.0168 0.0035 0.1230 0.0038 0.0054 0.0175 0.0050 0.1029 0.7022 0.0199 
   HI_SS0034  6 0.0582 0.4201 0.1783 0.0042 0.0040 0.0244 0.0188 0.0085 0.0093 0.2744 
   HI_SS0036  6 0.0192 0.9196 0.0112 0.0079 0.0033 0.0033 0.0079 0.0082 0.0111 0.0081 
   HI_SS0037  6 0.6061 0.0456 0.1112 0.0060 0.0338 0.0779 0.0423 0.0289 0.0304 0.0178 
   HI_SS0039  6 0.0750 0.0199 0.0154 0.0030 0.0085 0.0052 0.1003 0.3052 0.1458 0.3218 
   HI_SS0041  6 0.0057 0.1725 0.0272 0.0020 0.4078 0.0080 0.0660 0.2369 0.0620 0.0120 
   HI_SS0042  6 0.0036 0.4312 0.0486 0.1291 0.1064 0.0407 0.0142 0.1180 0.0738 0.0345 
   HI_SS0043  6 0.4275 0.0184 0.1211 0.0043 0.0299 0.0117 0.3148 0.0190 0.0278 0.0255 
   HI_SS0044  6 0.0249 0.0034 0.0191 0.0029 0.0066 0.0061 0.0069 0.9138 0.0094 0.0068 
   HI_SS0047  6 0.0057 0.0450 0.2613 0.0021 0.0767 0.0065 0.0245 0.0078 0.1632 0.4070 
   HI_SS0049  6 0.0401 0.5961 0.1417 0.0039 0.0739 0.0271 0.0142 0.0580 0.0182 0.0266 
   HI_SS0051  6 0.0069 0.0045 0.0303 0.0025 0.0165 0.0078 0.0419 0.0046 0.0107 0.8743 
   HI_SS0053  6 0.0979 0.0337 0.6917 0.0042 0.0344 0.0112 0.0120 0.0369 0.0167 0.0613 
   HI_SS0054  6 0.5127 0.0433 0.0242 0.0050 0.0483 0.0938 0.0145 0.0083 0.0179 0.2320 
   HI_SS0057  6 0.0462 0.1968 0.0257 0.0034 0.6107 0.0105 0.0171 0.0122 0.0419 0.0355 
   HI_SS0058  6 0.0837 0.0783 0.0163 0.0086 0.0104 0.5999 0.1243 0.0210 0.0136 0.0440 
   HI_SS0060  6 0.3613 0.0156 0.2360 0.0968 0.1187 0.0311 0.0060 0.0173 0.1023 0.0148 
   HI_SS0087  6 0.0139 0.0208 0.0265 0.0029 0.0260 0.2153 0.2978 0.0068 0.0441 0.3459 
   HI_SS0091  6 0.0287 0.0228 0.0206 0.0017 0.0626 0.0145 0.7521 0.0046 0.0769 0.0155 
   HI_SS0095  6 0.0055 0.1504 0.5024 0.0483 0.0180 0.0570 0.0595 0.0085 0.1179 0.0325 
   HI_SS0097  6 0.0126 0.0074 0.0128 0.0034 0.2763 0.5546 0.0425 0.0048 0.0698 0.0159 
   HI_SS0099  6 0.0067 0.0080 0.0077 0.0051 0.0107 0.0106 0.0117 0.8064 0.1202 0.0129 
   HI_SS0103  6 0.0069 0.0820 0.5728 0.0039 0.0171 0.0186 0.1464 0.0135 0.1260 0.0128 
   HI_SS0105  6 0.0145 0.0903 0.1027 0.0280 0.0229 0.0252 0.0216 0.0047 0.6243 0.0657 
   HI_SS0107  6 0.0070 0.5223 0.0303 0.0015 0.0520 0.2573 0.0064 0.0483 0.0569 0.0182 
   HI_SS0108  6 0.8209 0.0228 0.0224 0.0350 0.0086 0.0080 0.0206 0.0080 0.0088 0.0450 
   HI_SS0110  6 0.0174 0.0594 0.0239 0.0013 0.0159 0.0285 0.3340 0.0355 0.4712 0.0128 
   HI_SS0111  6 0.0123 0.0297 0.3455 0.0336 0.0857 0.0317 0.0895 0.0309 0.3217 0.0194 
   HI_SS0112  6 0.9355 0.0114 0.0121 0.0016 0.0113 0.0045 0.0043 0.0072 0.0071 0.0050 
   HI_SS0113  6 0.0053 0.1509 0.0834 0.0045 0.0469 0.0777 0.0281 0.0547 0.2514 0.2970 
   HI_SS0114  6 0.0522 0.0555 0.1180 0.0056 0.0116 0.0108 0.1743 0.0088 0.0133 0.5498 
   HI_SS0115  6 0.0370 0.0182 0.5119 0.0128 0.0098 0.1968 0.0197 0.1706 0.0094 0.0138 
   HI_SS0116  6 0.0439 0.0036 0.0057 0.0037 0.0146 0.0063 0.8356 0.0584 0.0073 0.0209 
   HI_SS0117  6 0.1750 0.0239 0.0233 0.0018 0.0021 0.5700 0.0510 0.0139 0.1289 0.0101 
   HI_SS0118  6 0.0203 0.0054 0.0186 0.0110 0.0124 0.0080 0.8411 0.0176 0.0150 0.0507 
   HI_SS0119  6 0.1767 0.0462 0.4321 0.0017 0.1444 0.0263 0.0957 0.0044 0.0593 0.0131 
   HI_SS0120  6 0.0082 0.8563 0.0061 0.0031 0.0051 0.0200 0.0171 0.0534 0.0227 0.0078 
   HI_SS0121  6 0.0071 0.0057 0.0083 0.0017 0.0147 0.1201 0.0127 0.1136 0.6567 0.0594 
   HI_SS0122  6 0.1994 0.0586 0.0268 0.0249 0.0995 0.0340 0.0213 0.1241 0.3983 0.0129 
   HI_SS0123  6 0.0074 0.0694 0.6930 0.0056 0.0230 0.0508 0.0282 0.0343 0.0764 0.0120 
   HI_SS0124  6 0.0132 0.0171 0.0363 0.0033 0.1398 0.0520 0.0086 0.7024 0.0204 0.0069 
   HI_SS0125  6 0.0085 0.2758 0.0392 0.0456 0.0491 0.0110 0.0116 0.1250 0.4174 0.0169 
   HI_SS0126  6 0.7154 0.0127 0.0077 0.0015 0.0107 0.0073 0.0426 0.1873 0.0069 0.0079 
   HI_SS0127  6 0.0111 0.0317 0.3527 0.0099 0.2353 0.0299 0.0096 0.1000 0.0050 0.2147 
   HI_SS0128  6 0.0517 0.0154 0.0089 0.0035 0.0202 0.0955 0.0163 0.2412 0.4483 0.0990 
   HI_SS0129  6 0.0376 0.0945 0.6973 0.0105 0.0177 0.0084 0.0105 0.0765 0.0155 0.0317 
   HI_SS0131  6 0.8468 0.0094 0.0057 0.0340 0.0213 0.0373 0.0036 0.0068 0.0170 0.0181 
   HI_SS0132  6 0.2578 0.0716 0.0326 0.0009 0.1441 0.1040 0.0172 0.1582 0.1751 0.0385 
   HI_SS0133  6 0.9368 0.0053 0.0053 0.0015 0.0052 0.0025 0.0260 0.0046 0.0104 0.0024 
   HI_SS0134  6 0.2038 0.0409 0.0465 0.0021 0.0108 0.0571 0.0236 0.0182 0.5703 0.0265 
   HI_SS0142  6 0.0072 0.0204 0.1098 0.0188 0.0115 0.1189 0.1067 0.0192 0.5291 0.0586 
   HI_SS0145  6 0.0236 0.0071 0.2325 0.0019 0.0104 0.5330 0.1495 0.0114 0.0143 0.0163 
   HI_SS0146  6 0.7774 0.0073 0.0090 0.0015 0.0543 0.0126 0.0762 0.0189 0.0136 0.0293 
   HI_SS0147  6 0.0118 0.0101 0.0164 0.0298 0.1969 0.0747 0.0150 0.0207 0.5947 0.0299 
   HI_SS0149  6 0.0810 0.1277 0.0094 0.0033 0.0085 0.0130 0.0100 0.0420 0.6987 0.0063 
   HI_SS0150  6 0.0138 0.2950 0.1445 0.0062 0.0257 0.0334 0.0100 0.2857 0.1641 0.0217 
   HI_SS0151  6 0.0318 0.0596 0.1438 0.0126 0.6612 0.0178 0.0481 0.0041 0.0079 0.0131 
   NS_SS1451  6 0.0126 0.2472 0.2613 0.0032 0.2506 0.0164 0.0051 0.1775 0.0138 0.0124 
   NS_SS1404  6 0.0238 0.0121 0.0145 0.0143 0.0909 0.0662 0.0234 0.6461 0.0753 0.0335 
   NS_SS1432  6 0.0084 0.0091 0.0272 0.0469 0.0162 0.0076 0.0125 0.6241 0.2397 0.0083 
   NS_SS1405  6 0.0735 0.0079 0.0125 0.0036 0.0136 0.0309 0.7369 0.0700 0.0266 0.0245 
   NS_SS1431  6 0.0153 0.1023 0.0148 0.0010 0.0231 0.0147 0.0138 0.7184 0.0582 0.0385 
   NS_SS1402  6 0.0140 0.0737 0.1229 0.0033 0.0189 0.4916 0.0502 0.0162 0.1735 0.0357 
   NS_SS1450  6 0.0179 0.8913 0.0141 0.0036 0.0054 0.0046 0.0380 0.0060 0.0094 0.0097 
   NS_SS1396  6 0.0169 0.0161 0.0432 0.0055 0.0823 0.0057 0.0168 0.0307 0.7662 0.0165 
   NS_SS1393  6 0.0080 0.0040 0.0122 0.0041 0.0235 0.0092 0.8637 0.0091 0.0520 0.0142 
   NS_SS1392  6 0.0232 0.5439 0.0575 0.0270 0.0774 0.0097 0.0511 0.0414 0.1357 0.0331 
   NS_SS1445  6 0.0087 0.0121 0.0522 0.0096 0.0111 0.0087 0.1108 0.0093 0.0687 0.7089 
   NS_SS1423  6 0.4339 0.0143 0.0467 0.0014 0.0086 0.2374 0.0793 0.0168 0.1442 0.0174 
   NS_SS1421  6 0.0166 0.9000 0.0041 0.0458 0.0073 0.0040 0.0058 0.0049 0.0076 0.0038 
   NS_SS1411  6 0.4108 0.0056 0.1115 0.0018 0.0833 0.0042 0.0110 0.0195 0.0073 0.3451 
   NS_SS1453  6 0.0416 0.0301 0.0105 0.0068 0.0268 0.0155 0.0462 0.0187 0.7672 0.0367 
   NS_SS1442  6 0.0690 0.0082 0.0691 0.0043 0.0095 0.1496 0.0160 0.0113 0.0260 0.6370 
   NS_SS1422  6 0.0084 0.0126 0.0154 0.0128 0.0440 0.8172 0.0325 0.0065 0.0227 0.0280 
   NS_SS1419  6 0.0354 0.0162 0.0066 0.1477 0.5230 0.2012 0.0180 0.0246 0.0063 0.0211 
   NS_SS1427  6 0.5839 0.0322 0.0206 0.0025 0.0210 0.0107 0.2312 0.0447 0.0102 0.0430 
   NS_SS1444  6 0.0053 0.0093 0.0220 0.0032 0.1294 0.0236 0.0276 0.7076 0.0201 0.0519 
   NS_SS1455  6 0.0129 0.0121 0.0118 0.0017 0.0307 0.4777 0.0616 0.1502 0.1964 0.0449 
   NS_SS1425  6 0.9095 0.0095 0.0121 0.0016 0.0160 0.0047 0.0200 0.0035 0.0104 0.0127 
   NS_SS1400  6 0.6891 0.0086 0.0107 0.0017 0.0079 0.0287 0.0687 0.0154 0.0159 0.1533 
   NS_SS1406  6 0.0044 0.0264 0.0259 0.0060 0.0079 0.2984 0.0089 0.0075 0.5678 0.0469 
   NS_SS1417  6 0.1234 0.0916 0.0205 0.0077 0.0167 0.5056 0.1015 0.0556 0.0154 0.0621 
   NS_SS1454  6 0.3740 0.3740 0.0310 0.0019 0.0256 0.0166 0.0291 0.0454 0.0721 0.0305 
   NS_SS1412  6 0.0730 0.0098 0.6273 0.0178 0.0089 0.0082 0.0713 0.1214 0.0376 0.0248 
   NS_SS1438  6 0.0108 0.0086 0.0090 0.0012 0.0161 0.0109 0.0135 0.0027 0.0071 0.9201 
   NS_SS1416  6 0.0071 0.0076 0.0677 0.0082 0.0782 0.0129 0.5411 0.0437 0.0213 0.2122 
   NS_SS1401  6 0.0565 0.0159 0.0345 0.0112 0.0171 0.0592 0.0050 0.0179 0.7456 0.0371 
   NS_SS1424  6 0.2650 0.0399 0.0203 0.0123 0.0260 0.0140 0.0304 0.0206 0.0519 0.5195 
   NS_SS1435  6 0.4802 0.0632 0.0266 0.0036 0.0394 0.0085 0.0095 0.0304 0.2787 0.0599 
   NS_SS1447  6 0.0113 0.5338 0.0943 0.0091 0.0098 0.0259 0.0189 0.0240 0.0421 0.2308 
   NS_SS1414  6 0.0191 0.3024 0.0132 0.0082 0.0148 0.1424 0.0167 0.2893 0.0232 0.1708 
   NS_SS1449  6 0.0069 0.1866 0.0067 0.0035 0.7084 0.0574 0.0083 0.0067 0.0094 0.0062 
   NS_SS1443  6 0.4047 0.0210 0.0474 0.0020 0.2553 0.0365 0.1638 0.0155 0.0097 0.0441 
   NS_SS1434  6 0.2883 0.1186 0.0138 0.0010 0.0954 0.0380 0.3587 0.0438 0.0252 0.0172 
   NS_SS1398  6 0.0620 0.5973 0.0353 0.0267 0.0096 0.0080 0.0311 0.1016 0.0666 0.0619 
   NS_SS1426  6 0.0634 0.0140 0.4569 0.0020 0.0073 0.0081 0.1396 0.0109 0.0691 0.2287 
   NS_SS1413  6 0.9431 0.0044 0.0062 0.0080 0.0043 0.0049 0.0059 0.0076 0.0080 0.0076 
   NS_SS1395  6 0.0210 0.1030 0.4258 0.0091 0.0614 0.0101 0.0547 0.0056 0.0774 0.2319 
   NS_SS1448  6 0.1698 0.6564 0.0094 0.0017 0.0292 0.0041 0.0037 0.1093 0.0054 0.0110 
   NS_SS1446  6 0.0153 0.0150 0.0168 0.0034 0.0120 0.0253 0.7800 0.0307 0.0832 0.0185 
   NS_SS1403  6 0.0057 0.0186 0.0174 0.0059 0.0154 0.0075 0.0445 0.0431 0.7944 0.0475 
   NS_SS1415  6 0.7367 0.0066 0.0123 0.0088 0.0196 0.0102 0.0106 0.0141 0.0698 0.1113 
   NS_SS1437  6 0.0130 0.0089 0.0131 0.0075 0.0059 0.0206 0.0069 0.8461 0.0345 0.0435 
   NS_SS1439  6 0.0058 0.0094 0.1389 0.0035 0.0041 0.1747 0.0380 0.0119 0.0274 0.5863 
   NS_SS1441  6 0.1600 0.1359 0.0444 0.0021 0.0090 0.0817 0.1213 0.0849 0.1486 0.2121 
   NS_SS1420  6 0.0037 0.0077 0.0119 0.0033 0.9191 0.0190 0.0059 0.0128 0.0077 0.0090 
   NS_SS1394  6 0.0059 0.0110 0.0558 0.0438 0.1784 0.0083 0.0142 0.6629 0.0135 0.0062 
   NS_SS1391  6 0.0720 0.1672 0.2229 0.0208 0.0068 0.0193 0.1670 0.0273 0.1834 0.1134 
   NS_SS1410  6 0.0141 0.0135 0.0053 0.0115 0.0100 0.0249 0.0177 0.0233 0.8676 0.0121 
   NS_SS1408  6 0.0051 0.6558 0.1388 0.0446 0.0154 0.0117 0.0054 0.0133 0.0093 0.1006 
   NS_SS1409  6 0.0063 0.0111 0.0309 0.0027 0.0215 0.0118 0.8225 0.0184 0.0333 0.0415 
   HI_SS0617  7 0.0053 0.0147 0.0124 0.0012 0.0313 0.0120 0.8795 0.0166 0.0182 0.0088 
   HI_SS0618  7 0.0062 0.0135 0.1094 0.0028 0.7034 0.0254 0.0316 0.0642 0.0263 0.0172 
   HI_SS0619  7 0.1004 0.0179 0.0410 0.0053 0.0673 0.0152 0.0424 0.6566 0.0487 0.0050 
   HI_SS0620  7 0.6946 0.0126 0.1047 0.0025 0.0161 0.0139 0.1338 0.0067 0.0052 0.0097 
   HI_SS0621  7 0.0076 0.0648 0.1214 0.0173 0.0880 0.1536 0.0155 0.2688 0.1732 0.0898 
   HI_SS0622  7 0.1373 0.0555 0.1535 0.0158 0.0174 0.1563 0.0813 0.3372 0.0314 0.0143 
   HI_SS0626  7 0.0526 0.0089 0.2976 0.0122 0.0223 0.0127 0.0114 0.5082 0.0404 0.0337 
   HI_SS0627  7 0.0131 0.0124 0.0158 0.0100 0.2115 0.0188 0.0199 0.0075 0.5579 0.1329 
   HI_SS0628  7 0.2503 0.3488 0.0265 0.0792 0.0137 0.0050 0.1544 0.0483 0.0528 0.0210 
   HI_SS0629  7 0.0187 0.0094 0.0872 0.0092 0.3174 0.0351 0.2138 0.0348 0.0232 0.2512 
   HI_SS0630  7 0.2975 0.1533 0.0352 0.0832 0.1107 0.0126 0.1264 0.1265 0.0098 0.0447 
   HI_SS0631  7 0.2249 0.0145 0.0274 0.0009 0.4571 0.0213 0.0350 0.0308 0.0749 0.1132 
   HI_SS0632  7 0.1453 0.0340 0.0139 0.0031 0.6785 0.0110 0.0070 0.0165 0.0097 0.0809 
   HI_SS0633  7 0.0074 0.0115 0.0133 0.0044 0.0079 0.0234 0.0939 0.8093 0.0199 0.0090 
   HI_SS0634  7 0.0273 0.4190 0.1698 0.0034 0.0961 0.0047 0.0319 0.0467 0.1701 0.0310 
   HI_SS0635  7 0.0152 0.0151 0.0103 0.0124 0.0101 0.0683 0.0070 0.1091 0.0809 0.6716 
   HI_SS0637  7 0.0055 0.0195 0.4832 0.0023 0.0103 0.0281 0.0089 0.0038 0.0254 0.4129 
   HI_SS0638  7 0.3635 0.0849 0.1438 0.0015 0.0558 0.0266 0.0146 0.1529 0.1199 0.0365 
   HI_SS0639  7 0.0036 0.0118 0.2400 0.0594 0.5008 0.0173 0.0081 0.1125 0.0125 0.0339 
   HI_SS0640  7 0.0077 0.0083 0.0618 0.0020 0.0405 0.0151 0.0135 0.0223 0.0101 0.8188 
   HI_SS0641  7 0.1062 0.0113 0.0621 0.0051 0.0975 0.0111 0.0220 0.1155 0.0142 0.5549 
   HI_SS0642  7 0.0074 0.6342 0.0472 0.0024 0.0229 0.0073 0.0063 0.0060 0.2575 0.0088 
   HI_SS0645  7 0.0057 0.0029 0.0037 0.0007 0.9344 0.0141 0.0056 0.0233 0.0059 0.0037 
   HI_SS0646  7 0.0304 0.0629 0.0292 0.0028 0.0046 0.1853 0.1333 0.0088 0.4954 0.0473 
   HI_SS0647  7 0.0104 0.9598 0.0046 0.0012 0.0047 0.0033 0.0036 0.0043 0.0045 0.0037 
   HI_SS0648  7 0.0321 0.0218 0.1624 0.0031 0.1034 0.0765 0.0302 0.4504 0.0918 0.0284 
   HI_SS0649  7 0.0118 0.0387 0.1516 0.0022 0.1486 0.1124 0.1746 0.1216 0.1645 0.0739 
   HI_SS0650  7 0.0078 0.0898 0.5177 0.0043 0.0599 0.0117 0.2353 0.0187 0.0346 0.0202 
   HI_SS0651  7 0.0091 0.0140 0.6052 0.0043 0.0285 0.2350 0.0248 0.0487 0.0128 0.0178 
   HI_SS0652  7 0.0048 0.1803 0.3541 0.0040 0.0464 0.0043 0.0108 0.0635 0.0416 0.2903 
   NS_SS1371  7 0.0104 0.0200 0.4778 0.0069 0.0117 0.0384 0.3053 0.0095 0.0154 0.1047 
   NS_SS1374  7 0.1910 0.0249 0.2018 0.0042 0.0360 0.0047 0.0582 0.2208 0.1942 0.0643 
   NS_SS1337  7 0.0082 0.8651 0.0079 0.0039 0.0400 0.0104 0.0086 0.0052 0.0384 0.0123 
