   NS_SS0963  1 0.0596 0.0047 0.0603 0.0195 0.8486 0.0073 
   NS_SS0983  1 0.0054 0.0033 0.9548 0.0242 0.0077 0.0046 
   NS_SS0719  1 0.0125 0.0038 0.0745 0.0232 0.8581 0.0280 
   NS_SS1001  1 0.0101 0.0061 0.0297 0.0640 0.0089 0.8812 
   NS_SS0936  1 0.5623 0.0027 0.0490 0.0288 0.0500 0.3072 
   NS_SS0955  1 0.0241 0.0033 0.0347 0.2503 0.6749 0.0127 
   NS_SS0944  1 0.1681 0.0018 0.0284 0.7246 0.0514 0.0257 
   NS_SS0945  1 0.0695 0.0099 0.2488 0.2342 0.0097 0.4278 
   NS_SS0922  1 0.1347 0.0345 0.0333 0.0123 0.4360 0.3494 
   NS_SS0929  1 0.2710 0.0032 0.1174 0.0531 0.0752 0.4800 
   NS_SS0956  1 0.0111 0.0035 0.0160 0.0101 0.0262 0.9331 
   NS_SS0906  1 0.2158 0.0030 0.7150 0.0106 0.0374 0.0184 
   NS_SS0721  1 0.0042 0.0030 0.9572 0.0050 0.0241 0.0065 
   NS_SS0982  1 0.1397 0.0172 0.0425 0.0087 0.7126 0.0793 
   NS_SS0923  1 0.0400 0.0037 0.3019 0.0104 0.4188 0.2251 
   NS_SS0905  1 0.0175 0.0019 0.7768 0.0334 0.0672 0.1032 
   NS_SS0925  1 0.1898 0.0044 0.4623 0.0086 0.2485 0.0865 
   NS_SS0947  1 0.9111 0.0038 0.0124 0.0141 0.0319 0.0266 
   NS_SS0926  1 0.0121 0.0014 0.0288 0.8014 0.0891 0.0671 
   NS_SS0918  1 0.0780 0.0028 0.2908 0.0381 0.0147 0.5756 
   NS_SS0966  1 0.9100 0.0377 0.0088 0.0193 0.0121 0.0120 
   NS_SS0938  1 0.0226 0.0013 0.0202 0.0298 0.1996 0.7265 
   NS_SS0917  1 0.0061 0.0226 0.0137 0.0068 0.9350 0.0158 
   NS_SS0957  1 0.0116 0.0057 0.0122 0.0204 0.0414 0.9088 
   NS_SS0987  1 0.0093 0.2391 0.1063 0.0099 0.0149 0.6204 
   NS_SS0717  1 0.1534 0.0023 0.0826 0.0118 0.0151 0.7349 
   NS_SS0986  1 0.0344 0.0033 0.8591 0.0240 0.0069 0.0724 
   NS_SS0953  1 0.9454 0.0129 0.0108 0.0092 0.0077 0.0140 
   NS_SS0907  1 0.1715 0.0454 0.5972 0.0241 0.1237 0.0380 
   NS_SS0974  1 0.0980 0.0037 0.0407 0.3232 0.4347 0.0996 
   NS_SS0989  1 0.0598 0.0012 0.0276 0.8213 0.0659 0.0242 
   NS_SS0991  1 0.0293 0.0017 0.9002 0.0435 0.0175 0.0078 
   NS_SS0994  1 0.0100 0.0028 0.0218 0.9355 0.0142 0.0157 
   NS_SS0931  1 0.0106 0.0118 0.0556 0.8926 0.0075 0.0218 
   NS_SS1000  1 0.8510 0.0037 0.0530 0.0092 0.0104 0.0726 
   NS_SS0919  1 0.0410 0.0024 0.4415 0.0229 0.4855 0.0067 
   NS_SS0949  1 0.0094 0.0013 0.0791 0.8797 0.0247 0.0059 
   NS_SS0960  1 0.0222 0.0078 0.1731 0.2540 0.4353 0.1077 
   NS_SS0716  1 0.0047 0.0050 0.0091 0.0035 0.0035 0.9741 
   NS_SS0924  1 0.0841 0.0220 0.2164 0.4463 0.1881 0.0431 
   NS_SS0935  1 0.0169 0.0107 0.3319 0.5617 0.0489 0.0298 
   NS_SS0952  1 0.2354 0.0395 0.1208 0.3059 0.2439 0.0544 
   NS_SS0962  1 0.1113 0.0071 0.6080 0.0094 0.0187 0.2454 
   NS_SS0973  1 0.0514 0.0039 0.4383 0.0233 0.4757 0.0074 
   NS_SS0722  1 0.1300 0.0027 0.0396 0.0097 0.0115 0.8064 
   NS_SS0979  1 0.0253 0.0023 0.0577 0.0101 0.0346 0.8699 
   NS_SS0993  1 0.4798 0.0201 0.2201 0.0196 0.0725 0.1878 
   NS_SS0958  1 0.0428 0.0035 0.0177 0.7452 0.0160 0.1748 
   NS_SS0988  1 0.4185 0.0058 0.2745 0.0327 0.2102 0.0583 
   NS_SS1003  1 0.0132 0.0067 0.0117 0.0075 0.9536 0.0073 
   NS_SS0976  1 0.1150 0.0021 0.1557 0.6776 0.0258 0.0238 
   NS_SS0964  1 0.2441 0.0027 0.0896 0.0168 0.0118 0.6349 
   NS_SS0939  1 0.0042 0.0044 0.0082 0.0048 0.0084 0.9701 
   NS_SS0990  1 0.0824 0.0037 0.0388 0.0379 0.0794 0.7577 
   NS_SS0984  1 0.0085 0.0021 0.0074 0.0058 0.0090 0.9673 
   NS_SS0980  1 0.3440 0.0021 0.0373 0.0161 0.5577 0.0428 
   NS_SS0978  1 0.0157 0.0025 0.0098 0.0119 0.9479 0.0121 
   NS_SS0951  1 0.0503 0.0032 0.4534 0.2309 0.0705 0.1917 
   NS_SS0913  1 0.0104 0.0324 0.0626 0.0102 0.0070 0.8774 
   NS_SS1002  1 0.8046 0.0352 0.0192 0.0048 0.1268 0.0095 
   NS_SS0948  1 0.2456 0.0443 0.1151 0.0293 0.0237 0.5420 
   NS_SS0916  1 0.0073 0.0038 0.0098 0.0328 0.9106 0.0357 
   NS_SS0995  1 0.0232 0.0030 0.2753 0.0061 0.5168 0.1757 
   NS_SS0927  1 0.0110 0.0045 0.0276 0.0088 0.9352 0.0129 
   NS_SS0992  1 0.2569 0.0031 0.3442 0.0768 0.3051 0.0139 
   NS_SS0912  1 0.0121 0.0028 0.8017 0.1491 0.0134 0.0210 
   NS_SS0981  1 0.0803 0.0036 0.4848 0.0511 0.1937 0.1866 
   NS_SS0729  2 0.1533 0.0039 0.0178 0.7785 0.0417 0.0049 
   NS_SS0967  2 0.2788 0.0130 0.2626 0.0644 0.3275 0.0538 
   NS_SS0941  2 0.0720 0.0850 0.1599 0.0867 0.3279 0.2685 
   NS_SS0768  2 0.7969 0.0047 0.0247 0.0112 0.0212 0.1412 
   NS_SS0726  2 0.0272 0.0079 0.0189 0.2728 0.6678 0.0054 
   NS_SS0763  2 0.0850 0.0026 0.0674 0.7004 0.1019 0.0428 
   NS_SS0730  2 0.0399 0.0036 0.0145 0.0246 0.0240 0.8934 
   NS_SS0774  2 0.1486 0.0007 0.0304 0.0049 0.0204 0.7951 
   NS_SS0723  2 0.0572 0.0020 0.1242 0.0038 0.7026 0.1101 
   NS_SS0940  2 0.0128 0.0063 0.4392 0.2537 0.1790 0.1090 
   NS_SS0762  2 0.0319 0.0029 0.0068 0.0062 0.0163 0.9360 
   NS_SS0766  2 0.0138 0.0180 0.0736 0.1466 0.0574 0.6906 
   NS_SS0724  2 0.8642 0.0039 0.0663 0.0226 0.0077 0.0352 
   NS_SS0769  2 0.6912 0.0047 0.1146 0.0204 0.1161 0.0530 
   NS_SS0777  2 0.0142 0.0103 0.8663 0.0609 0.0227 0.0255 
   NS_SS0734  2 0.0180 0.0258 0.5290 0.2097 0.0918 0.1258 
   NS_SS0737  2 0.1764 0.0058 0.0180 0.0185 0.2301 0.5512 
   NS_SS0732  2 0.0139 0.0052 0.8275 0.0099 0.0911 0.0525 
   NS_SS0728  2 0.0342 0.0114 0.2103 0.0179 0.6759 0.0502 
   NS_SS0735  2 0.1925 0.0066 0.7472 0.0196 0.0138 0.0202 
   NS_SS0725  2 0.7752 0.0085 0.0165 0.0781 0.0146 0.1070 
   NS_SS0788  2 0.0708 0.0015 0.0381 0.0115 0.8411 0.0370 
   NS_SS0778  2 0.0369 0.0016 0.1250 0.0120 0.8010 0.0236 
   NS_SS0792  2 0.0153 0.0041 0.0174 0.0119 0.8965 0.0548 
   NS_SS0943  2 0.1139 0.0074 0.0166 0.8318 0.0222 0.0081 
   NS_SS0791  2 0.0043 0.0120 0.1623 0.0835 0.7080 0.0298 
   NS_SS0790  2 0.9429 0.0035 0.0123 0.0028 0.0059 0.0327 
   NS_SS0731  2 0.0745 0.0117 0.6082 0.0066 0.0069 0.2920 
   NS_SS0727  2 0.0072 0.0020 0.0141 0.8530 0.0579 0.0658 
   NS_SS0779  2 0.0107 0.0052 0.8818 0.0200 0.0428 0.0395 
   NS_SS0776  2 0.3419 0.0066 0.4176 0.1742 0.0188 0.0408 
   NS_SS0775  2 0.0117 0.0056 0.0071 0.0064 0.0088 0.9604 
   NS_SS0965  3 0.0278 0.0015 0.9013 0.0105 0.0255 0.0334 
   NS_SS0754  3 0.0131 0.0117 0.1958 0.1672 0.5913 0.0209 
   NS_SS0838  3 0.0977 0.0514 0.3519 0.2109 0.2139 0.0742 
   NS_SS0839  3 0.5262 0.0030 0.0147 0.0132 0.0283 0.4146 
   NS_SS0832  3 0.0750 0.0480 0.7186 0.0056 0.1265 0.0264 
   NS_SS0820  3 0.0870 0.0082 0.1389 0.0039 0.6704 0.0917 
   NS_SS0886  3 0.0308 0.0019 0.8332 0.0598 0.0528 0.0213 
   NS_SS0748  3 0.1914 0.0088 0.4719 0.2673 0.0334 0.0273 
   NS_SS0884  3 0.0579 0.0201 0.0154 0.0401 0.8444 0.0220 
   NS_SS0752  3 0.0891 0.0018 0.6789 0.0325 0.0335 0.1642 
   NS_SS0862  3 0.0438 0.0041 0.7807 0.0076 0.1275 0.0363 
   NS_SS0787  3 0.0228 0.0068 0.0117 0.6438 0.3017 0.0133 
   NS_SS0843  3 0.3594 0.0021 0.5616 0.0355 0.0200 0.0214 
   NS_SS0856  3 0.0602 0.0026 0.0754 0.0111 0.8303 0.0204 
   NS_SS0846  3 0.3704 0.0034 0.0215 0.1592 0.4390 0.0065 
   NS_SS0825  3 0.1073 0.0103 0.1404 0.0560 0.3035 0.3824 
   NS_SS0757  3 0.0104 0.0029 0.8413 0.0294 0.0989 0.0171 
   NS_SS0876  3 0.3900 0.2295 0.2128 0.0052 0.1498 0.0127 
   NS_SS0903  3 0.9220 0.0022 0.0481 0.0071 0.0114 0.0092 
   NS_SS0875  3 0.0224 0.0031 0.0278 0.0125 0.0291 0.9051 
   NS_SS0740  3 0.1828 0.0032 0.5974 0.0364 0.1555 0.0247 
   NS_SS0811  3 0.0352 0.0080 0.3401 0.0102 0.0079 0.5986 
   NS_SS0751  3 0.0296 0.0024 0.5060 0.1149 0.1589 0.1883 
   NS_SS0891  3 0.6752 0.0058 0.0183 0.0139 0.0245 0.2623 
   NS_SS0867  3 0.0193 0.0195 0.0275 0.0295 0.8978 0.0063 
   NS_SS0890  3 0.0246 0.0035 0.0663 0.0291 0.7567 0.1199 
   NS_SS0866  3 0.0067 0.0051 0.0163 0.4157 0.4895 0.0667 
   NS_SS0755  3 0.1012 0.0062 0.0165 0.0196 0.7713 0.0851 
   NS_SS0758  3 0.0711 0.0024 0.8655 0.0260 0.0224 0.0127 
   NS_SS0840  3 0.5492 0.0020 0.1812 0.0144 0.0302 0.2230 
   NS_SS0889  3 0.0384 0.0025 0.0776 0.7946 0.0446 0.0423 
   NS_SS1010  3 0.4789 0.0442 0.0382 0.0272 0.3830 0.0285 
   NS_SS0888  3 0.0062 0.0014 0.0248 0.3351 0.6230 0.0095 
   NS_SS0837  3 0.0845 0.0024 0.7492 0.0345 0.0388 0.0906 
   NS_SS0794  3 0.0214 0.0021 0.0980 0.7022 0.0891 0.0872 
   NS_SS0823  3 0.6880 0.0042 0.2326 0.0182 0.0311 0.0258 
   NS_SS0829  3 0.0305 0.1008 0.6466 0.1659 0.0318 0.0244 
   NS_SS0844  3 0.9528 0.0019 0.0056 0.0072 0.0224 0.0101 
   NS_SS1008  3 0.0326 0.0140 0.0530 0.7186 0.0173 0.1645 
   NS_SS0881  3 0.0365 0.0026 0.0824 0.2068 0.1255 0.5461 
   NS_SS0834  3 0.9459 0.0061 0.0145 0.0092 0.0136 0.0107 
   NS_SS0744  3 0.0260 0.0058 0.0784 0.0180 0.8620 0.0098 
   NS_SS0899  3 0.5581 0.0014 0.2169 0.0050 0.0093 0.2092 
   NS_SS0804  3 0.2481 0.0045 0.4889 0.0060 0.1664 0.0861 
   NS_SS0781  3 0.8276 0.0032 0.0394 0.0029 0.0506 0.0763 
   NS_SS0822  3 0.0356 0.0018 0.0526 0.8723 0.0299 0.0078 
   NS_SS1004  3 0.2970 0.0041 0.5184 0.1029 0.0599 0.0178 
   NS_SS0746  3 0.2667 0.0123 0.4523 0.1101 0.0235 0.1351 
   NS_SS0880  3 0.0758 0.0021 0.0516 0.7438 0.0711 0.0556 
   NS_SS0879  3 0.6037 0.0145 0.0130 0.0577 0.0816 0.2296 
   NS_SS0753  3 0.0216 0.0108 0.6952 0.1555 0.0828 0.0340 
   NS_SS1007  3 0.0083 0.0016 0.0511 0.0184 0.8891 0.0316 
   NS_SS0872  3 0.8284 0.0021 0.0733 0.0169 0.0240 0.0553 
   NS_SS1005  3 0.8987 0.0010 0.0567 0.0080 0.0156 0.0200 
   NS_SS0892  3 0.0246 0.0017 0.0501 0.0222 0.7968 0.1046 
   NS_SS0898  3 0.0083 0.0059 0.0201 0.2503 0.0470 0.6684 
   NS_SS0801  3 0.0836 0.0114 0.8385 0.0143 0.0372 0.0151 
   NS_SS0827  3 0.0421 0.1188 0.1092 0.1093 0.0687 0.5519 
   NS_SS0853  3 0.0117 0.0045 0.0220 0.0096 0.0065 0.9456 
   NS_SS0780  3 0.0811 0.0038 0.1176 0.0083 0.6972 0.0920 
   NS_SS0826  3 0.9377 0.0032 0.0122 0.0345 0.0067 0.0057 
   NS_SS0818  3 0.0309 0.0012 0.0087 0.0070 0.9217 0.0305 
   NS_SS0745  3 0.0056 0.0012 0.0067 0.0069 0.0042 0.9754 
   NS_SS0849  3 0.0294 0.0014 0.9145 0.0128 0.0120 0.0298 
   NS_SS0739  3 0.0084 0.0118 0.0294 0.0122 0.8953 0.0429 
   NS_SS0799  3 0.0060 0.0013 0.0644 0.4162 0.4454 0.0667 
   NS_SS0756  3 0.8812 0.0036 0.0569 0.0083 0.0300 0.0200 
   NS_SS0802  3 0.0108 0.1807 0.0437 0.0311 0.7225 0.0112 
   NS_SS0747  3 0.0652 0.0049 0.7841 0.0064 0.1282 0.0112 
   NS_SS0835  3 0.0261 0.0012 0.0143 0.0718 0.8503 0.0363 
   NS_SS0742  3 0.0236 0.0011 0.1212 0.0207 0.8160 0.0174 
   NS_SS0760  3 0.0277 0.0457 0.3848 0.5164 0.0107 0.0148 
   NS_SS0803  3 0.9298 0.0088 0.0400 0.0062 0.0089 0.0063 
   NS_SS0828  3 0.0390 0.0016 0.4316 0.0967 0.0975 0.3336 
   NS_SS0865  3 0.0301 0.0226 0.0313 0.0178 0.8853 0.0129 
   NS_SS0759  3 0.0197 0.0042 0.9034 0.0056 0.0304 0.0367 
   NS_SS0851  3 0.0126 0.0115 0.0082 0.0052 0.0047 0.9578 
   NS_SS0874  3 0.9544 0.0013 0.0146 0.0051 0.0064 0.0182 
   NS_SS0761  3 0.0154 0.0027 0.8474 0.0865 0.0161 0.0319 
   NS_SS0842  3 0.0453 0.0067 0.0152 0.0321 0.0186 0.8820 
   NS_SS0785  3 0.0399 0.0060 0.7653 0.0981 0.0788 0.0120 
   NS_SS0860  3 0.0272 0.0022 0.0414 0.0645 0.8519 0.0128 
   NS_SS0897  3 0.0130 0.0023 0.0267 0.9347 0.0139 0.0095 
   NS_SS0841  3 0.0176 0.0032 0.0588 0.0226 0.0499 0.8479 
   NS_SS0797  3 0.0101 0.0311 0.0194 0.8687 0.0157 0.0551 
   NS_SS0830  3 0.1257 0.0025 0.1838 0.2380 0.1366 0.3134 
   NS_SS1011  3 0.3312 0.0061 0.0181 0.0082 0.6267 0.0098 
   NS_SS0883  3 0.0048 0.0056 0.9355 0.0101 0.0144 0.0296 
   NS_SS0782  3 0.1471 0.0025 0.6320 0.0544 0.0254 0.1387 
   NS_SS0831  3 0.0178 0.0026 0.8722 0.0862 0.0089 0.0122 
   NS_SS0749  3 0.0067 0.0039 0.8723 0.0191 0.0849 0.0131 
   NS_SS0854  3 0.0972 0.0033 0.0925 0.2244 0.5391 0.0436 
   HI_SS0193  4 0.0090 0.0016 0.0066 0.9659 0.0096 0.0074 
   HI_SS0194  4 0.9494 0.0017 0.0085 0.0129 0.0109 0.0165 
   HI_SS0195  4 0.1824 0.1072 0.5364 0.0044 0.0701 0.0995 
   HI_SS0196  4 0.1532 0.0022 0.7433 0.0215 0.0123 0.0676 
   HI_SS0197  4 0.0094 0.0097 0.0145 0.0024 0.9501 0.0140 
   HI_SS0198  4 0.0270 0.0104 0.5939 0.0690 0.1195 0.1802 
   HI_SS0199  4 0.0106 0.0023 0.0282 0.0494 0.8916 0.0179 
   HI_SS0201  4 0.0874 0.0027 0.0470 0.7602 0.0958 0.0069 
   HI_SS0215  4 0.0847 0.0034 0.6521 0.0598 0.1857 0.0143 
   HI_SS0218  4 0.0041 0.0062 0.0049 0.9667 0.0071 0.0110 
   HI_SS0222  4 0.0197 0.0054 0.7017 0.0327 0.0118 0.2287 
   HI_SS0230  4 0.0659 0.0060 0.8404 0.0106 0.0424 0.0347 
   HI_SS0234  4 0.7122 0.1341 0.0104 0.0125 0.1254 0.0055 
   HI_SS0240  4 0.0124 0.0064 0.0204 0.0102 0.9154 0.0351 
   HI_SS0241  4 0.0219 0.0021 0.0100 0.0870 0.8487 0.0303 
   HI_SS0242  4 0.2871 0.0032 0.1199 0.1527 0.1467 0.2904 
   HI_SS0247  4 0.9258 0.0172 0.0172 0.0169 0.0137 0.0093 
   HI_SS0248  4 0.0114 0.0008 0.0255 0.9467 0.0075 0.0081 
   HI_SS0252  4 0.0778 0.0027 0.6341 0.0525 0.0672 0.1656 
   HI_SS0254  4 0.0183 0.1071 0.0238 0.6761 0.1516 0.0232 
   HI_SS0256  4 0.9603 0.0015 0.0058 0.0029 0.0153 0.0142 
   HI_SS0257  4 0.1510 0.0034 0.0496 0.0527 0.7305 0.0127 
   HI_SS0258  4 0.0162 0.0047 0.0164 0.9409 0.0104 0.0114 
   HI_SS0259  4 0.0272 0.0027 0.0073 0.0114 0.9376 0.0138 
   HI_SS0260  4 0.0465 0.0016 0.0323 0.7372 0.0842 0.0983 
   HI_SS0261  4 0.1654 0.0039 0.0581 0.6098 0.0450 0.1178 
   HI_SS0262  4 0.0209 0.0055 0.0144 0.0070 0.9045 0.0478 
   HI_SS0264  4 0.6227 0.0033 0.1103 0.0190 0.0439 0.2008 
   HI_SS0265  4 0.1726 0.0949 0.0649 0.0079 0.4653 0.1944 
   HI_SS0268  4 0.2597 0.0037 0.2894 0.0947 0.1012 0.2513 
   HI_SS0269  4 0.0280 0.0022 0.0428 0.5746 0.3429 0.0094 
   HI_SS0273  4 0.0171 0.0019 0.0261 0.7795 0.1469 0.0285 
   HI_SS0277  4 0.0895 0.0028 0.2042 0.0277 0.6436 0.0322 
   HI_SS0280  4 0.0075 0.0050 0.1132 0.0811 0.0934 0.6998 
   HI_SS0282  4 0.0174 0.0014 0.3249 0.6313 0.0185 0.0065 
   HI_SS0286  4 0.0604 0.0078 0.1895 0.0597 0.6432 0.0393 
   NS_SS1252  5 0.0120 0.0034 0.2807 0.6584 0.0183 0.0273 
   NS_SS1261  5 0.1045 0.0165 0.6724 0.0335 0.1126 0.0604 
   NS_SS1225  5 0.8727 0.0561 0.0210 0.0290 0.0156 0.0055 
   NS_SS1266  5 0.9439 0.0080 0.0140 0.0056 0.0149 0.0137 
   NS_SS1228  5 0.0598 0.0183 0.0792 0.0195 0.1072 0.7159 
   NS_SS1255  5 0.3095 0.0015 0.0512 0.0624 0.0099 0.5654 
   NS_SS1267  5 0.0077 0.0148 0.0527 0.8993 0.0158 0.0096 
   NS_SS1238  5 0.1069 0.0026 0.5812 0.2097 0.0135 0.0861 
   NS_SS1233  5 0.5967 0.0022 0.2470 0.0529 0.0060 0.0952 
   NS_SS1277  5 0.0047 0.0010 0.0054 0.9703 0.0041 0.0146 
   NS_SS1245  5 0.1840 0.0019 0.4221 0.3137 0.0131 0.0652 
   NS_SS1240  5 0.0097 0.0020 0.0195 0.9474 0.0156 0.0058 
   NS_SS1275  5 0.0527 0.0025 0.0104 0.0066 0.8369 0.0908 
   NS_SS1235  5 0.9502 0.0047 0.0048 0.0126 0.0204 0.0072 
   NS_SS1263  5 0.9425 0.0009 0.0132 0.0117 0.0062 0.0256 
   NS_SS1251  5 0.9534 0.0011 0.0106 0.0090 0.0081 0.0178 
   NS_SS1248  5 0.0096 0.0909 0.6254 0.0712 0.0093 0.1938 
   NS_SS1244  5 0.0931 0.0058 0.0142 0.3195 0.5613 0.0061 
   NS_SS1257  5 0.0363 0.0393 0.0857 0.7889 0.0283 0.0215 
   NS_SS1242  5 0.3217 0.0026 0.0577 0.0138 0.0177 0.5865 
   NS_SS1271  5 0.0062 0.0349 0.0082 0.9113 0.0167 0.0226 
   NS_SS1265  5 0.1020 0.0211 0.4633 0.3291 0.0253 0.0592 
   NS_SS1243  5 0.0090 0.0624 0.7751 0.0240 0.0316 0.0979 
   NS_SS1273  5 0.0120 0.0114 0.0118 0.0076 0.0151 0.9420 
   NS_SS1254  5 0.0432 0.0053 0.0163 0.0080 0.0348 0.8925 
   NS_SS1224  5 0.7888 0.0077 0.0775 0.0107 0.0592 0.0560 
   NS_SS1227  5 0.0067 0.0015 0.0070 0.0495 0.7866 0.1486 
   NS_SS1274  5 0.0667 0.0217 0.2722 0.5994 0.0136 0.0264 
   NS_SS1241  5 0.0384 0.0011 0.0142 0.8984 0.0369 0.0110 
   NS_SS1256  5 0.7259 0.0437 0.0242 0.1059 0.0285 0.0718 
   NS_SS1260  5 0.0110 0.0550 0.0224 0.0303 0.8682 0.0130 
   NS_SS1262  5 0.3824 0.1819 0.0651 0.2609 0.0589 0.0509 
   NS_SS1230  5 0.0352 0.0084 0.5181 0.3444 0.0142 0.0797 
   NS_SS1270  5 0.0303 0.0020 0.9508 0.0052 0.0064 0.0053 
   NS_SS1229  5 0.0798 0.0035 0.0212 0.0053 0.8790 0.0112 
   NS_SS1246  5 0.0542 0.0035 0.0219 0.6019 0.3056 0.0129 
   NS_SS1269  5 0.0167 0.0021 0.8668 0.0230 0.0368 0.0546 
   NS_SS1239  5 0.0082 0.0036 0.0210 0.0111 0.9366 0.0194 
   NS_SS1272  5 0.9235 0.0059 0.0094 0.0076 0.0434 0.0102 
   NS_SS1268  5 0.2406 0.0021 0.3097 0.0331 0.0333 0.3812 
   NS_SS1249  5 0.0121 0.0123 0.0083 0.9456 0.0118 0.0099 
   HI_SS0559  6 0.1254 0.0016 0.5889 0.0860 0.0310 0.1670 
   HI_SS0563  6 0.6723 0.0032 0.2052 0.0506 0.0438 0.0249 
   HI_SS0564  6 0.0538 0.0518 0.5850 0.0292 0.2180 0.0621 
   HI_SS0565  6 0.0629 0.0032 0.0781 0.0292 0.7701 0.0565 
   HI_SS0569  6 0.0060 0.0016 0.9293 0.0471 0.0109 0.0050 
   HI_SS0570  6 0.0192 0.0521 0.0229 0.7432 0.1279 0.0348 
   HI_SS0572  6 0.9156 0.0022 0.0081 0.0058 0.0464 0.0219 
   HI_SS0576  6 0.0120 0.0058 0.5470 0.0178 0.0331 0.3842 
   HI_SS0579  6 0.5752 0.0155 0.2369 0.1149 0.0494 0.0080 
   HI_SS0580  6 0.0285 0.0047 0.0247 0.0935 0.0694 0.7792 
   HI_SS0581  6 0.0336 0.0486 0.0669 0.0064 0.8240 0.0204 
   HI_SS0583  6 0.0791 0.0023 0.1679 0.2119 0.0279 0.5109 
   HI_SS0586  6 0.0082 0.0010 0.0982 0.8708 0.0065 0.0154 
   HI_SS0588  6 0.1015 0.0187 0.4350 0.2768 0.1442 0.0237 
   HI_SS0595  6 0.0483 0.0270 0.0174 0.1102 0.2364 0.5608 
   HI_SS0596  6 0.3112 0.0022 0.0088 0.0148 0.0257 0.6372 
   HI_SS0597  6 0.4343 0.0024 0.3860 0.0114 0.0225 0.1433 
   HI_SS0600  6 0.0054 0.0029 0.0309 0.0157 0.9389 0.0063 
   HI_SS0601  6 0.6203 0.0129 0.1009 0.0923 0.1532 0.0205 
   HI_SS0602  6 0.0088 0.0024 0.9482 0.0099 0.0134 0.0173 
   HI_SS0604  6 0.1903 0.0014 0.7540 0.0244 0.0087 0.0212 
   HI_SS0605  6 0.0081 0.0053 0.3319 0.0078 0.6255 0.0214 
   HI_SS0608  6 0.0049 0.0010 0.0138 0.0125 0.0043 0.9634 
   HI_SS0609  6 0.8668 0.0010 0.0218 0.0179 0.0222 0.0703 
   HI_SS0611  6 0.0132 0.0028 0.6318 0.2556 0.0137 0.0828 
   HI_SS0612  6 0.2692 0.0064 0.0142 0.0484 0.6547 0.0071 
   HI_SS0613  6 0.0430 0.0015 0.8897 0.0113 0.0200 0.0345 
   HI_SS0615  6 0.0216 0.0102 0.0456 0.0075 0.6467 0.2684 
   HI_SS0001  6 0.0529 0.0045 0.0124 0.8084 0.0985 0.0233 
   HI_SS0002  6 0.8832 0.0211 0.0195 0.0061 0.0561 0.0141 
   HI_SS0004  6 0.0900 0.0076 0.1277 0.4327 0.1543 0.1877 
   HI_SS0005  6 0.0091 0.0067 0.7823 0.0508 0.0579 0.0931 
   HI_SS0006  6 0.3428 0.0019 0.1923 0.0978 0.3499 0.0154 
   HI_SS0007  6 0.0084 0.0024 0.0455 0.9140 0.0098 0.0200 
   HI_SS0008  6 0.0276 0.0311 0.0415 0.0164 0.8606 0.0228 
   HI_SS0009  6 0.0129 0.0047 0.0730 0.0397 0.0692 0.8005 
   HI_SS0010  6 0.0189 0.0034 0.3018 0.5396 0.0256 0.1107 
   HI_SS0011  6 0.7862 0.0798 0.0238 0.0470 0.0237 0.0395 
   HI_SS0012  6 0.2347 0.0060 0.0222 0.0054 0.6369 0.0948 
   HI_SS0017  6 0.3998 0.0018 0.0066 0.0270 0.0110 0.5538 
   HI_SS0021  6 0.0294 0.2359 0.0240 0.4800 0.0095 0.2212 
   HI_SS0024  6 0.1355 0.0022 0.0153 0.1068 0.5723 0.1678 
   HI_SS0025  6 0.1273 0.0035 0.0255 0.0090 0.0266 0.8082 
   HI_SS0027  6 0.0103 0.0134 0.0965 0.8519 0.0165 0.0114 
   HI_SS0028  6 0.0135 0.0024 0.0147 0.0060 0.0222 0.9412 
   HI_SS0029  6 0.0211 0.0064 0.0367 0.0180 0.0135 0.9042 
   HI_SS0030  6 0.0119 0.0041 0.0115 0.0896 0.8684 0.0144 
   HI_SS0031  6 0.0114 0.0031 0.0137 0.0084 0.9465 0.0169 
   HI_SS0034  6 0.0173 0.0053 0.0806 0.8262 0.0641 0.0064 
   HI_SS0036  6 0.0037 0.0147 0.0102 0.8291 0.1244 0.0178 
   HI_SS0037  6 0.0664 0.0039 0.3055 0.2663 0.0315 0.3264 
   HI_SS0039  6 0.0066 0.0036 0.0219 0.7434 0.1008 0.1237 
   HI_SS0041  6 0.0381 0.0017 0.0325 0.0074 0.0739 0.8464 
   HI_SS0042  6 0.0326 0.1152 0.0201 0.0130 0.0295 0.7896 
   HI_SS0043  6 0.0089 0.0031 0.2478 0.7174 0.0173 0.0055 
   HI_SS0044  6 0.0048 0.0028 0.0148 0.0885 0.0162 0.8729 
   HI_SS0047  6 0.0194 0.0023 0.9286 0.0193 0.0227 0.0077 
   HI_SS0049  6 0.1272 0.0059 0.2290 0.0623 0.0176 0.5579 
   HI_SS0051  6 0.0174 0.0025 0.9293 0.0081 0.0294 0.0132 
   HI_SS0053  6 0.0109 0.0057 0.0775 0.6156 0.2758 0.0145 
   HI_SS0054  6 0.0154 0.0040 0.0232 0.9412 0.0085 0.0077 
   HI_SS0057  6 0.0128 0.0027 0.9219 0.0139 0.0204 0.0283 
   HI_SS0058  6 0.9231 0.0052 0.0126 0.0208 0.0122 0.0261 
   HI_SS0060  6 0.1393 0.0889 0.1925 0.0674 0.4945 0.0173 
   HI_SS0087  6 0.8676 0.0027 0.0494 0.0234 0.0474 0.0096 
   HI_SS0091  6 0.0131 0.0010 0.0076 0.0397 0.9343 0.0044 
   HI_SS0095  6 0.0264 0.0394 0.0475 0.0103 0.8719 0.0045 
   HI_SS0097  6 0.4528 0.0040 0.5193 0.0077 0.0093 0.0069 
   HI_SS0099  6 0.0162 0.0045 0.0090 0.0078 0.0185 0.9440 
   HI_SS0103  6 0.1173 0.0028 0.0234 0.0122 0.8343 0.0100 
   HI_SS0105  6 0.0460 0.0251 0.0576 0.0134 0.8485 0.0093 
   HI_SS0107  6 0.8394 0.0009 0.0112 0.0097 0.0920 0.0467 
   HI_SS0108  6 0.0081 0.0252 0.0545 0.8981 0.0088 0.0053 
   HI_SS0110  6 0.0147 0.0012 0.0107 0.0279 0.8889 0.0567 
   HI_SS0111  6 0.0311 0.0305 0.1625 0.0312 0.6690 0.0757 
   HI_SS0112  6 0.0042 0.0010 0.0056 0.9735 0.0071 0.0085 
   HI_SS0113  6 0.9431 0.0031 0.0194 0.0114 0.0100 0.0131 
   HI_SS0114  6 0.0120 0.0059 0.5202 0.2367 0.1888 0.0364 
   HI_SS0115  6 0.0635 0.0184 0.3429 0.1267 0.3315 0.1170 
   HI_SS0116  6 0.0085 0.0027 0.0371 0.0764 0.0114 0.8639 
   HI_SS0117  6 0.7580 0.0018 0.0095 0.2103 0.0133 0.0071 
   HI_SS0118  6 0.1990 0.0134 0.1358 0.0349 0.0857 0.5312 
   HI_SS0119  6 0.0104 0.0015 0.0265 0.0295 0.9273 0.0049 
   HI_SS0120  6 0.8716 0.0024 0.0058 0.0217 0.0663 0.0322 
   HI_SS0121  6 0.2354 0.0018 0.2339 0.0099 0.1286 0.3905 
   HI_SS0122  6 0.0378 0.0137 0.0531 0.0137 0.8353 0.0463 
   HI_SS0123  6 0.2643 0.0056 0.0284 0.0128 0.6748 0.0141 
   HI_SS0124  6 0.0360 0.0026 0.0185 0.0094 0.0541 0.8793 
   HI_SS0125  6 0.0093 0.0275 0.0120 0.0048 0.8879 0.0586 
   HI_SS0126  6 0.0075 0.0009 0.0050 0.9520 0.0074 0.0272 
   HI_SS0127  6 0.0306 0.0081 0.8119 0.1028 0.0249 0.0216 
   HI_SS0128  6 0.1363 0.0029 0.0226 0.1772 0.6076 0.0534 
   HI_SS0129  6 0.0308 0.0122 0.2209 0.3742 0.1543 0.2077 
   HI_SS0131  6 0.4859 0.0341 0.1901 0.2141 0.0535 0.0223 
   HI_SS0132  6 0.0389 0.0006 0.0966 0.2371 0.3999 0.2269 
   HI_SS0133  6 0.0029 0.0011 0.0042 0.9841 0.0045 0.0033 
   HI_SS0134  6 0.0623 0.0021 0.0360 0.1181 0.7574 0.0241 
   HI_SS0142  6 0.1181 0.0169 0.0781 0.0059 0.7627 0.0184 
   HI_SS0145  6 0.4937 0.0015 0.1719 0.2139 0.0956 0.0233 
   HI_SS0146  6 0.0060 0.0013 0.0073 0.8354 0.1188 0.0311 
   HI_SS0147  6 0.3355 0.0261 0.4855 0.0059 0.0619 0.0852 
   HI_SS0149  6 0.0470 0.0049 0.0084 0.1261 0.7848 0.0287 
   HI_SS0150  6 0.0181 0.0049 0.3378 0.0324 0.0259 0.5808 
   HI_SS0151  6 0.0239 0.0122 0.7669 0.0797 0.1063 0.0110 
   NS_SS1451  6 0.0672 0.0033 0.0207 0.0104 0.7023 0.1960 
   NS_SS1404  6 0.2212 0.0108 0.0165 0.0157 0.0383 0.6975 
   NS_SS1432  6 0.0079 0.0390 0.0182 0.0057 0.0889 0.8403 
   NS_SS1405  6 0.5195 0.0029 0.0684 0.0823 0.0317 0.2951 
   NS_SS1431  6 0.1290 0.0008 0.0394 0.0134 0.0417 0.7757 
   NS_SS1402  6 0.8413 0.0024 0.0126 0.0155 0.1039 0.0243 
   NS_SS1450  6 0.0115 0.0047 0.0404 0.8141 0.0781 0.0513 
   NS_SS1396  6 0.0735 0.0060 0.5439 0.0277 0.2876 0.0613 
   NS_SS1393  6 0.0078 0.0030 0.7907 0.0139 0.1234 0.0611 
   NS_SS1392  6 0.0671 0.0183 0.0409 0.0370 0.4055 0.4312 
   NS_SS1445  6 0.0116 0.0095 0.1116 0.1546 0.6873 0.0254 
   NS_SS1423  6 0.1347 0.0012 0.0256 0.1549 0.6704 0.0131 
   NS_SS1421  6 0.0274 0.0929 0.0130 0.8375 0.0207 0.0085 
   NS_SS1411  6 0.0051 0.0015 0.8936 0.0580 0.0093 0.0326 
   NS_SS1453  6 0.0285 0.0052 0.2573 0.2005 0.4612 0.0472 
   NS_SS1442  6 0.1238 0.0042 0.6866 0.0368 0.0277 0.1209 
   NS_SS1422  6 0.5088 0.0138 0.0202 0.2586 0.1804 0.0182 
   NS_SS1419  6 0.0282 0.1649 0.0486 0.0124 0.0064 0.7395 
   NS_SS1427  6 0.0044 0.0020 0.0047 0.9675 0.0111 0.0103 
   NS_SS1444  6 0.0188 0.0033 0.5449 0.0093 0.0090 0.4147 
   NS_SS1455  6 0.9452 0.0013 0.0156 0.0062 0.0043 0.0275 
   NS_SS1425  6 0.0090 0.0016 0.5200 0.4381 0.0252 0.0061 
   NS_SS1400  6 0.0332 0.0015 0.0540 0.8893 0.0056 0.0165 
   NS_SS1406  6 0.9450 0.0077 0.0196 0.0058 0.0105 0.0114 
   NS_SS1417  6 0.9357 0.0047 0.0130 0.0171 0.0141 0.0154 
   NS_SS1454  6 0.0420 0.0014 0.0217 0.3374 0.0809 0.5166 
   NS_SS1412  6 0.0868 0.0258 0.2694 0.2283 0.2286 0.1612 
   NS_SS1438  6 0.0304 0.0017 0.3711 0.5132 0.0698 0.0138 
   NS_SS1416  6 0.0438 0.0059 0.5203 0.0094 0.0997 0.3209 
   NS_SS1401  6 0.0875 0.0122 0.0349 0.0116 0.8427 0.0111 
   NS_SS1424  6 0.0405 0.0134 0.0382 0.6284 0.2060 0.0736 
   NS_SS1435  6 0.0183 0.0026 0.3045 0.5737 0.0325 0.0684 
   NS_SS1447  6 0.3662 0.0075 0.3732 0.0288 0.0546 0.1697 
   NS_SS1414  6 0.1322 0.0076 0.0115 0.0079 0.0082 0.8326 
   NS_SS1449  6 0.0582 0.0039 0.0348 0.0126 0.8824 0.0083 
   NS_SS1443  6 0.0156 0.0024 0.0205 0.9225 0.0264 0.0126 
   NS_SS1434  6 0.4860 0.0006 0.0264 0.3475 0.0599 0.0796 
   NS_SS1398  6 0.0223 0.0222 0.3658 0.1425 0.0277 0.4195 
   NS_SS1426  6 0.0153 0.0023 0.1299 0.6796 0.1584 0.0146 
   NS_SS1413  6 0.0138 0.0121 0.0109 0.9431 0.0076 0.0125 
   NS_SS1395  6 0.0088 0.0077 0.0699 0.0302 0.8761 0.0073 
   NS_SS1448  6 0.0097 0.0015 0.0219 0.9360 0.0055 0.0254 
   NS_SS1446  6 0.0905 0.0024 0.0091 0.0095 0.8768 0.0116 
   NS_SS1403  6 0.0250 0.0045 0.0134 0.0117 0.9002 0.0452 
   NS_SS1415  6 0.0069 0.0088 0.0819 0.8638 0.0165 0.0220 
   NS_SS1437  6 0.1862 0.0102 0.0211 0.0871 0.0292 0.6661 
   NS_SS1439  6 0.2580 0.0034 0.1407 0.0076 0.5787 0.0116 
   NS_SS1441  6 0.0302 0.0021 0.1395 0.4708 0.1480 0.2094 
   NS_SS1420  6 0.0118 0.0030 0.2409 0.0064 0.0102 0.7277 
   NS_SS1394  6 0.0481 0.0403 0.1510 0.0068 0.0549 0.6989 
   NS_SS1391  6 0.0423 0.0132 0.1050 0.2132 0.4413 0.1849 
   NS_SS1410  6 0.0884 0.0150 0.1183 0.0651 0.3393 0.3739 
   NS_SS1408  6 0.0269 0.0491 0.0748 0.0161 0.8230 0.0102 
   NS_SS1409  6 0.0181 0.0025 0.2407 0.0254 0.3979 0.3154 
   HI_SS0617  7 0.0504 0.0011 0.0129 0.0141 0.7073 0.2143 
   HI_SS0618  7 0.0635 0.0025 0.5896 0.0264 0.0238 0.2943 
   HI_SS0619  7 0.0150 0.0025 0.0127 0.0162 0.0145 0.9391 
   HI_SS0620  7 0.0131 0.0027 0.0109 0.9572 0.0101 0.0060 
   HI_SS0621  7 0.2254 0.0132 0.0406 0.0214 0.2562 0.4431 
   HI_SS0622  7 0.4407 0.0109 0.0749 0.4148 0.0121 0.0467 
   HI_SS0626  7 0.0075 0.0070 0.0707 0.0073 0.0149 0.8925 
   HI_SS0627  7 0.0375 0.0081 0.8438 0.0062 0.0570 0.0474 
   HI_SS0628  7 0.0431 0.0697 0.1368 0.4911 0.1381 0.1212 
   HI_SS0629  7 0.1638 0.0069 0.2370 0.1322 0.2143 0.2459 
   HI_SS0630  7 0.0097 0.0568 0.4440 0.4178 0.0274 0.0443 
   HI_SS0631  7 0.0186 0.0010 0.1623 0.7586 0.0460 0.0135 
   HI_SS0632  7 0.0115 0.0031 0.8230 0.0860 0.0328 0.0436 
   HI_SS0633  7 0.0259 0.0031 0.0114 0.0086 0.0143 0.9367 
   HI_SS0634  7 0.0063 0.0019 0.0133 0.0109 0.9524 0.0152 
   HI_SS0635  7 0.0567 0.0084 0.0192 0.0118 0.0301 0.8738 
   HI_SS0637  7 0.0121 0.0028 0.9634 0.0059 0.0117 0.0040 
   HI_SS0638  7 0.0177 0.0013 0.3237 0.5645 0.0555 0.0373 
   HI_SS0639  7 0.0120 0.0385 0.0209 0.0051 0.7399 0.1836 
   HI_SS0640  7 0.0123 0.0014 0.8774 0.0226 0.0181 0.0681 
   HI_SS0641  7 0.0093 0.0059 0.1706 0.1557 0.0211 0.6374 
   HI_SS0642  7 0.0100 0.0019 0.0098 0.0146 0.9473 0.0164 
   HI_SS0645  7 0.0083 0.0009 0.0200 0.0061 0.0128 0.9519 
   HI_SS0646  7 0.4528 0.0026 0.1240 0.0635 0.3269 0.0301 
   HI_SS0647  7 0.0854 0.0013 0.0189 0.8483 0.0121 0.0341 
   HI_SS0648  7 0.1639 0.0033 0.1303 0.1168 0.1428 0.4428 
   HI_SS0649  7 0.0909 0.0019 0.2477 0.0185 0.3126 0.3284 
   HI_SS0650  7 0.0526 0.0040 0.7105 0.0300 0.1460 0.0569 
   HI_SS0651  7 0.1520 0.0038 0.1474 0.0562 0.5977 0.0430 
   HI_SS0652  7 0.0104 0.0027 0.1663 0.0193 0.0305 0.7708 
   NS_SS1371  7 0.0224 0.0049 0.0161 0.0163 0.9218 0.0184 
   NS_SS1374  7 0.0068 0.0026 0.0125 0.2410 0.6208 0.1163 
   NS_SS1337  7 0.3495 0.0037 0.0130 0.0507 0.5424 0.0407 
   NS_SS1385  7 0.4205 0.0054 0.1891 0.0287 0.1086 0.2476 
   NS_SS1388  7 0.0417 0.0074 0.0170 0.0201 0.0286 0.8852 
   NS_SS1370  7 0.0065 0.0074 0.9598 0.0096 0.0113 0.0055 
   NS_SS1389  7 0.0110 0.0031 0.0049 0.0049 0.0045 0.9716 
   NS_SS1360  7 0.0420 0.0047 0.6937 0.2169 0.0264 0.0164 
   NS_SS1330  7 0.0640 0.0029 0.8713 0.0037 0.0332 0.0249 
   NS_SS1328  7 0.0157 0.0021 0.0054 0.9232 0.0329 0.0205 
   NS_SS1384  7 0.3104 0.0038 0.0841 0.0517 0.5361 0.0138 
   NS_SS1381  7 0.9564 0.0010 0.0071 0.0079 0.0191 0.0085 
   NS_SS1375  7 0.0053 0.0012 0.0063 0.0094 0.0108 0.9671 
   NS_SS1319  7 0.0169 0.0956 0.0436 0.0193 0.6815 0.1431 
   NS_SS1326  7 0.0127 0.0101 0.0130 0.9154 0.0100 0.0389 
   NS_SS1341  7 0.0134 0.0044 0.0885 0.0171 0.8696 0.0070 
   NS_SS1383  7 0.0181 0.0040 0.1403 0.0882 0.7349 0.0144 
   NS_SS1318  7 0.4562 0.0193 0.2503 0.0737 0.1431 0.0573 
   NS_SS1348  7 0.0204 0.0016 0.0936 0.8449 0.0284 0.0111 
   NS_SS1363  7 0.2727 0.0046 0.2840 0.0579 0.0756 0.3053 
   NS_SS1335  7 0.0155 0.0337 0.3002 0.5063 0.1184 0.0259 
   NS_SS1358  7 0.1953 0.0133 0.0213 0.2965 0.4701 0.0034 
   NS_SS1342  7 0.8716 0.0012 0.0047 0.0589 0.0517 0.0117 
   NS_SS1320  7 0.6335 0.0060 0.0093 0.0084 0.0246 0.3181 
   NS_SS1355  7 0.3187 0.0108 0.6295 0.0084 0.0096 0.0230 
   NS_SS1345  7 0.9475 0.0158 0.0086 0.0134 0.0067 0.0082 
   NS_SS1324  7 0.1895 0.0036 0.3339 0.3839 0.0587 0.0304 
   NS_SS1347  7 0.0271 0.0032 0.1009 0.0310 0.8275 0.0103 
   NS_SS1321  7 0.0198 0.0011 0.0382 0.0976 0.8256 0.0176 
   NS_SS1333  7 0.0076 0.0025 0.0036 0.0199 0.9403 0.0260 
   NS_SS1364  7 0.4224 0.0024 0.0782 0.4685 0.0140 0.0145 
   NS_SS1379  7 0.0708 0.0471 0.8314 0.0141 0.0173 0.0192 
   NS_SS1332  7 0.0070 0.0052 0.0113 0.9334 0.0108 0.0322 
   NS_SS1338  7 0.0064 0.0073 0.2003 0.0624 0.7044 0.0193 
   NS_SS1368  7 0.0283 0.0057 0.0147 0.9100 0.0119 0.0295 
   NS_SS1354  7 0.9139 0.0104 0.0145 0.0131 0.0267 0.0216 
   NS_SS1365  7 0.0365 0.0072 0.3133 0.0933 0.0319 0.5177 
   NS_SS1380  7 0.9523 0.0142 0.0053 0.0055 0.0110 0.0117 
   NS_SS1329  7 0.9190 0.0026 0.0083 0.0285 0.0343 0.0073 
   NS_SS1362  7 0.9367 0.0037 0.0237 0.0152 0.0142 0.0066 
   NS_SS1327  7 0.0039 0.0031 0.0115 0.9510 0.0236 0.0069 
   NS_SS1350  7 0.0061 0.0069 0.0089 0.0092 0.9615 0.0074 
   NS_SS1387  7 0.0068 0.0031 0.7512 0.0098 0.0181 0.2110 
   NS_SS1369  7 0.0151 0.0040 0.1244 0.8077 0.0223 0.0265 
   NS_SS1331  7 0.0054 0.0080 0.0248 0.0272 0.0119 0.9228 
   NS_SS1357  7 0.0795 0.0033 0.0339 0.3143 0.4472 0.1217 
   NS_SS1386  7 0.0254 0.0032 0.0084 0.9382 0.0200 0.0048 
   NS_SS1353  7 0.1486 0.0045 0.0844 0.0474 0.0221 0.6930 
   NS_SS1323  7 0.0763 0.0654 0.0245 0.0160 0.3651 0.4527 
   HI_SS0296  8 0.0138 0.0015 0.8779 0.0776 0.0102 0.0190 
   HI_SS0297  8 0.0604 0.0010 0.1156 0.6911 0.0744 0.0576 
   HI_SS0299  8 0.2140 0.0375 0.4798 0.2326 0.0212 0.0149 
   HI_SS0300  8 0.0052 0.0011 0.9624 0.0125 0.0089 0.0100 
   HI_SS0301  8 0.0104 0.0030 0.9452 0.0131 0.0178 0.0104 
   HI_SS0302  8 0.0353 0.0257 0.3925 0.5205 0.0123 0.0138 
   HI_SS0303  8 0.0112 0.0072 0.0151 0.9159 0.0110 0.0397 
   HI_SS0304  8 0.0489 0.0027 0.1653 0.0181 0.0488 0.7162 
   HI_SS0306  8 0.0039 0.0028 0.0065 0.9767 0.0052 0.0050 
   HI_SS0307  8 0.0163 0.0084 0.0612 0.0134 0.0485 0.8521 
   HI_SS0308  8 0.1617 0.0898 0.3698 0.1295 0.1814 0.0678 
   HI_SS0309  8 0.5162 0.0028 0.0886 0.0099 0.3500 0.0325 
   HI_SS0310  8 0.8011 0.0079 0.0334 0.1109 0.0113 0.0354 
   HI_SS0311  8 0.0209 0.0027 0.3564 0.1941 0.0820 0.3439 
   HI_SS0314  8 0.0107 0.0019 0.0072 0.0216 0.0131 0.9456 
   HI_SS0316  8 0.0113 0.0042 0.0407 0.1162 0.6422 0.1853 
   HI_SS0317  8 0.0113 0.0022 0.1189 0.0130 0.8234 0.0313 
   HI_SS0318  8 0.0070 0.1869 0.3899 0.1288 0.2762 0.0112 
   HI_SS0319  8 0.0107 0.0048 0.0065 0.9591 0.0087 0.0103 
   HI_SS0320  8 0.0151 0.0010 0.0235 0.0065 0.2962 0.6577 
   HI_SS0321  8 0.0052 0.0015 0.0546 0.0096 0.9243 0.0048 
   HI_SS0323  8 0.0105 0.0016 0.2123 0.0571 0.3446 0.3739 
   HI_SS0325  8 0.0349 0.0019 0.2219 0.7021 0.0155 0.0237 
   HI_SS0327  8 0.0403 0.0012 0.0302 0.8021 0.1209 0.0053 
   HI_SS0329  8 0.0131 0.0016 0.0190 0.0169 0.0126 0.9368 
   HI_SS0333  8 0.0492 0.0034 0.4094 0.0929 0.2149 0.2301 
   HI_SS0334  8 0.0097 0.0011 0.9552 0.0132 0.0124 0.0083 
   HI_SS0335  8 0.9403 0.0181 0.0134 0.0062 0.0176 0.0044 
   HI_SS0339  8 0.7152 0.0111 0.2376 0.0058 0.0114 0.0190 
   HI_SS0343  8 0.8729 0.0019 0.0148 0.0377 0.0549 0.0177 
   HI_SS0344  8 0.0056 0.0029 0.0059 0.9732 0.0091 0.0032 
   HI_SS0345  8 0.8651 0.0069 0.0465 0.0309 0.0182 0.0324 
   HI_SS0346  8 0.0081 0.0034 0.9297 0.0187 0.0244 0.0157 
   HI_SS0350  8 0.7476 0.0068 0.0225 0.0058 0.0086 0.2087 
   HI_SS0351  8 0.3059 0.0038 0.2641 0.0918 0.3221 0.0123 
   HI_SS0352  8 0.8106 0.0984 0.0317 0.0128 0.0299 0.0167 
   HI_SS0362  8 0.0052 0.0017 0.7502 0.1113 0.0482 0.0834 
   HI_SS0363  8 0.0854 0.0035 0.0116 0.8774 0.0114 0.0107 
   HI_SS0365  8 0.0236 0.0059 0.1113 0.1240 0.2755 0.4596 
   HI_SS0366  8 0.0916 0.0018 0.0510 0.8099 0.0314 0.0143 
   HI_SS0367  8 0.8118 0.0020 0.0177 0.0058 0.0255 0.1372 
   HI_SS0369  8 0.1558 0.0033 0.1579 0.0118 0.0764 0.5949 
   HI_SS0370  8 0.4550 0.0029 0.0859 0.0476 0.3978 0.0108 
   HI_SS0371  8 0.0149 0.0045 0.0147 0.8565 0.0182 0.0912 
   HI_SS0373  8 0.0051 0.0082 0.0120 0.0214 0.0119 0.9413 
   HI_SS0374  8 0.0171 0.0283 0.0192 0.0062 0.1330 0.7961 
   HI_SS0377  8 0.0530 0.0911 0.1189 0.4450 0.2769 0.0151 
   HI_SS0379  8 0.0046 0.0010 0.0072 0.9758 0.0073 0.0040 
   HI_SS0380  8 0.8672 0.0060 0.0567 0.0105 0.0215 0.0381 
   HI_SS0381  8 0.1205 0.0041 0.4421 0.0105 0.1093 0.3133 
   HI_SS0384  8 0.0157 0.0098 0.1367 0.3550 0.0731 0.4097 
   HI_SS0385  8 0.0128 0.0010 0.0123 0.1020 0.0066 0.8653 
   HI_SS0386  9 0.0018 0.9914 0.0015 0.0014 0.0023 0.0015 
   HI_SS0387  9 0.0108 0.9410 0.0102 0.0116 0.0173 0.0092 
   HI_SS0389  9 0.0028 0.9813 0.0044 0.0039 0.0038 0.0038 
   HI_SS0390  9 0.0017 0.9898 0.0027 0.0023 0.0019 0.0017 
   HI_SS0391  9 0.0032 0.9872 0.0031 0.0022 0.0025 0.0019 
   HI_SS0392  9 0.0020 0.9920 0.0017 0.0016 0.0012 0.0014 
   HI_SS0393  9 0.0015 0.9916 0.0017 0.0024 0.0015 0.0013 
   HI_SS0394  9 0.0015 0.9930 0.0014 0.0013 0.0013 0.0016 
   HI_SS0395  9 0.0033 0.9789 0.0044 0.0041 0.0033 0.0060 
   HI_SS0396  9 0.0101 0.9519 0.0091 0.0085 0.0075 0.0129 
   HI_SS0398  9 0.0061 0.9690 0.0087 0.0053 0.0064 0.0045 
   HI_SS0399  9 0.0009 0.9949 0.0009 0.0014 0.0010 0.0011 
   HI_SS0400  9 0.0025 0.9891 0.0024 0.0017 0.0020 0.0023 
   HI_SS0401  9 0.0015 0.9920 0.0015 0.0017 0.0018 0.0015 
   HI_SS0402  9 0.0017 0.9933 0.0013 0.0013 0.0013 0.0011 
   HI_SS0403  9 0.0022 0.9913 0.0017 0.0013 0.0019 0.0016 
   HI_SS0404  9 0.0012 0.9941 0.0010 0.0014 0.0009 0.0013 
   HI_SS0405  9 0.0201 0.9227 0.0134 0.0133 0.0206 0.0098 
   HI_SS0406  9 0.0022 0.9874 0.0031 0.0025 0.0027 0.0021 
   HI_SS0407  9 0.0084 0.9628 0.0057 0.0060 0.0054 0.0118 
   HI_SS0408  9 0.0014 0.9931 0.0015 0.0010 0.0015 0.0015 
   HI_SS0409  9 0.0029 0.9839 0.0037 0.0031 0.0029 0.0035 
   HI_SS0411  9 0.0026 0.9849 0.0031 0.0035 0.0032 0.0028 
   HI_SS0412  9 0.0363 0.8040 0.0464 0.0189 0.0777 0.0168 
   HI_SS0413  9 0.0029 0.9879 0.0019 0.0024 0.0025 0.0023 
   HI_SS0414  9 0.0146 0.9261 0.0142 0.0075 0.0178 0.0198 
   HI_SS0415  9 0.0019 0.9914 0.0018 0.0020 0.0016 0.0014 
   HI_SS0416  9 0.0036 0.9825 0.0037 0.0030 0.0035 0.0037 
   HI_SS0418  9 0.0048 0.9726 0.0056 0.0058 0.0063 0.0049 
   HI_SS0419  9 0.0036 0.9845 0.0036 0.0023 0.0030 0.0030 
   HI_SS0420  9 0.0019 0.9882 0.0030 0.0025 0.0023 0.0021 
   HI_SS0421  9 0.0056 0.9766 0.0050 0.0039 0.0047 0.0043 
   HI_SS0422  9 0.0019 0.9918 0.0016 0.0015 0.0013 0.0019 
   HI_SS0423  9 0.0041 0.9770 0.0044 0.0043 0.0053 0.0049 
   HI_SS0424  9 0.0020 0.9906 0.0020 0.0014 0.0022 0.0019 
   HI_SS0425  9 0.0033 0.9822 0.0027 0.0024 0.0044 0.0051 
   NS_SS1146 10 0.0026 0.9885 0.0022 0.0027 0.0023 0.0017 
   NS_SS1157 10 0.0075 0.9671 0.0083 0.0053 0.0071 0.0047 
   NS_SS1144 10 0.0253 0.9169 0.0219 0.0149 0.0142 0.0068 
   NS_SS1074 10 0.0034 0.9822 0.0032 0.0043 0.0044 0.0024 
   NS_SS1122 10 0.0052 0.9777 0.0040 0.0050 0.0039 0.0043 
   NS_SS1136 10 0.0014 0.9933 0.0014 0.0012 0.0013 0.0014 
   NS_SS1077 10 0.0008 0.9956 0.0008 0.0010 0.0008 0.0010 
   NS_SS1134 10 0.0067 0.9517 0.0134 0.0077 0.0109 0.0097 
   NS_SS1091 10 0.0032 0.9873 0.0026 0.0014 0.0023 0.0031 
   NS_SS1089 10 0.0032 0.9834 0.0034 0.0037 0.0033 0.0031 
   NS_SS1123 10 0.0015 0.9915 0.0021 0.0012 0.0015 0.0022 
   NS_SS1158 10 0.0010 0.9945 0.0013 0.0010 0.0013 0.0009 
   NS_SS1093 10 0.0028 0.9882 0.0022 0.0029 0.0017 0.0023 
   NS_SS1102 10 0.0058 0.9699 0.0073 0.0056 0.0067 0.0047 
   NS_SS1056 10 0.0025 0.9896 0.0015 0.0019 0.0018 0.0026 
   NS_SS1126 10 0.0029 0.9847 0.0025 0.0032 0.0034 0.0033 
   NS_SS1058 10 0.0037 0.9818 0.0026 0.0041 0.0039 0.0039 
   NS_SS1084 10 0.0011 0.9924 0.0014 0.0017 0.0020 0.0014 
   NS_SS1095 10 0.0035 0.9709 0.0051 0.0093 0.0061 0.0052 
   NS_SS1079 10 0.0019 0.9902 0.0021 0.0023 0.0018 0.0016 
   NS_SS1149 10 0.0033 0.9853 0.0030 0.0022 0.0033 0.0029 
   NS_SS1121 10 0.0019 0.9919 0.0019 0.0012 0.0017 0.0014 
   NS_SS1067 10 0.0050 0.9725 0.0040 0.0063 0.0048 0.0075 
   NS_SS1081 10 0.0027 0.9867 0.0022 0.0027 0.0027 0.0029 
   NS_SS1130 10 0.0027 0.9839 0.0038 0.0023 0.0027 0.0046 
   NS_SS1073 10 0.0029 0.9860 0.0024 0.0024 0.0033 0.0032 
   NS_SS1133 10 0.0086 0.9599 0.0058 0.0035 0.0045 0.0177 
   NS_SS1129 10 0.0014 0.9931 0.0014 0.0014 0.0012 0.0015 
   NS_SS1085 10 0.0017 0.9898 0.0025 0.0021 0.0019 0.0019 
   NS_SS1137 10 0.0048 0.9768 0.0036 0.0042 0.0056 0.0050 
   NS_SS1135 10 0.0013 0.9930 0.0016 0.0014 0.0013 0.0013 
   NS_SS1082 10 0.0019 0.9921 0.0014 0.0017 0.0013 0.0016 
   NS_SS1125 10 0.0015 0.9932 0.0015 0.0013 0.0013 0.0012 
   NS_SS1124 10 0.0084 0.9668 0.0074 0.0050 0.0080 0.0044 
   NS_SS1155 10 0.0111 0.9550 0.0058 0.0082 0.0139 0.0060 
   NS_SS1145 10 0.0018 0.9898 0.0026 0.0017 0.0022 0.0019 
