   NS_SS0963  1 0.0047 0.0587 0.0218 0.9147 
   NS_SS0983  1 0.0042 0.8007 0.0082 0.1869 
   NS_SS0719  1 0.0040 0.0378 0.0158 0.9425 
   NS_SS1001  1 0.0052 0.0923 0.8614 0.0411 
   NS_SS0936  1 0.0026 0.0563 0.4880 0.4530 
   NS_SS0955  1 0.0034 0.8874 0.0409 0.0684 
   NS_SS0944  1 0.0018 0.8803 0.0957 0.0222 
   NS_SS0945  1 0.0085 0.2045 0.7109 0.0761 
   NS_SS0922  1 0.0262 0.0138 0.1241 0.8358 
   NS_SS0929  1 0.0031 0.3858 0.1237 0.4874 
   NS_SS0956  1 0.0039 0.0151 0.3363 0.6447 
   NS_SS0906  1 0.0032 0.0771 0.4981 0.4216 
   NS_SS0721  1 0.0035 0.0095 0.0095 0.9775 
   NS_SS0982  1 0.0149 0.0142 0.4413 0.5296 
   NS_SS0923  1 0.0040 0.0159 0.0876 0.8925 
   NS_SS0905  1 0.0019 0.0590 0.0303 0.9089 
   NS_SS0925  1 0.0034 0.0106 0.1734 0.8127 
   NS_SS0947  1 0.0051 0.0239 0.8052 0.1659 
   NS_SS0926  1 0.0013 0.9776 0.0121 0.0090 
   NS_SS0918  1 0.0023 0.0676 0.8477 0.0824 
   NS_SS0966  1 0.0493 0.0554 0.8235 0.0718 
   NS_SS0938  1 0.0014 0.0348 0.9410 0.0228 
   NS_SS0917  1 0.0315 0.0227 0.0535 0.8923 
   NS_SS0957  1 0.0067 0.0345 0.8621 0.0968 
   NS_SS0987  1 0.2381 0.0383 0.2867 0.4369 
   NS_SS0717  1 0.0023 0.0161 0.9442 0.0373 
   NS_SS0986  1 0.0032 0.0401 0.8475 0.1092 
   NS_SS0953  1 0.0192 0.0376 0.8655 0.0778 
   NS_SS0907  1 0.0370 0.0312 0.4608 0.4710 
   NS_SS0974  1 0.0040 0.8678 0.0564 0.0719 
   NS_SS0989  1 0.0012 0.9080 0.0152 0.0755 
   NS_SS0991  1 0.0020 0.8400 0.0369 0.1212 
   NS_SS0994  1 0.0020 0.9845 0.0054 0.0081 
   NS_SS0931  1 0.0109 0.9566 0.0122 0.0203 
   NS_SS1000  1 0.0041 0.0144 0.7447 0.2368 
   NS_SS0919  1 0.0023 0.0511 0.0073 0.9393 
   NS_SS0949  1 0.0018 0.9579 0.0075 0.0329 
   NS_SS0960  1 0.0053 0.4566 0.0138 0.5243 
   NS_SS0716  1 0.0060 0.0057 0.9644 0.0239 
   NS_SS0924  1 0.0174 0.4178 0.0451 0.5196 
   NS_SS0935  1 0.0082 0.3671 0.0129 0.6117 
   NS_SS0952  1 0.0382 0.8014 0.0622 0.0982 
   NS_SS0962  1 0.0064 0.0232 0.6487 0.3217 
   NS_SS0973  1 0.0033 0.0868 0.0320 0.8779 
   NS_SS0722  1 0.0019 0.0081 0.9271 0.0629 
   NS_SS0979  1 0.0017 0.0130 0.9242 0.0610 
   NS_SS0993  1 0.0168 0.0256 0.9324 0.0251 
   NS_SS0958  1 0.0026 0.8553 0.1174 0.0247 
   NS_SS0988  1 0.0051 0.1460 0.6435 0.2054 
   NS_SS1003  1 0.0089 0.0291 0.3996 0.5625 
   NS_SS0976  1 0.0021 0.7770 0.0452 0.1756 
   NS_SS0964  1 0.0025 0.0127 0.8364 0.1483 
   NS_SS0939  1 0.0044 0.0065 0.7926 0.1966 
   NS_SS0990  1 0.0035 0.1300 0.8117 0.0548 
   NS_SS0984  1 0.0019 0.0084 0.4095 0.5802 
   NS_SS0980  1 0.0022 0.1361 0.0543 0.8074 
   NS_SS0978  1 0.0024 0.0151 0.0334 0.9490 
   NS_SS0951  1 0.0034 0.4775 0.4693 0.0498 
   NS_SS0913  1 0.0328 0.0143 0.9186 0.0343 
   NS_SS1002  1 0.0383 0.0115 0.9285 0.0217 
   NS_SS0948  1 0.0422 0.0995 0.8219 0.0364 
   NS_SS0916  1 0.0050 0.1675 0.0604 0.7672 
   NS_SS0995  1 0.0026 0.0096 0.0522 0.9357 
   NS_SS0927  1 0.0036 0.0288 0.0189 0.9488 
   NS_SS0992  1 0.0033 0.1661 0.1380 0.6926 
   NS_SS0912  1 0.0030 0.3943 0.2385 0.3642 
   NS_SS0981  1 0.0036 0.0352 0.3331 0.6280 
   NS_SS0729  2 0.0040 0.9788 0.0060 0.0112 
   NS_SS0967  2 0.0105 0.1036 0.1286 0.7573 
   NS_SS0941  2 0.0743 0.0896 0.2870 0.5491 
   NS_SS0768  2 0.0048 0.0283 0.8957 0.0712 
   NS_SS0726  2 0.0085 0.9177 0.0144 0.0594 
   NS_SS0763  2 0.0026 0.8956 0.0553 0.0464 
   NS_SS0730  2 0.0032 0.0503 0.4871 0.4594 
   NS_SS0774  2 0.0009 0.0093 0.8045 0.1853 
   NS_SS0723  2 0.0013 0.0057 0.0220 0.9710 
   NS_SS0940  2 0.0059 0.1899 0.0828 0.7214 
   NS_SS0762  2 0.0029 0.0115 0.9192 0.0664 
   NS_SS0766  2 0.0118 0.0842 0.0611 0.8428 
   NS_SS0724  2 0.0040 0.0148 0.9492 0.0320 
   NS_SS0769  2 0.0035 0.0267 0.4786 0.4912 
   NS_SS0777  2 0.0131 0.2682 0.1712 0.5476 
   NS_SS0734  2 0.0195 0.0752 0.0288 0.8764 
   NS_SS0737  2 0.0048 0.0076 0.8567 0.1310 
   NS_SS0732  2 0.0038 0.0126 0.0274 0.9562 
   NS_SS0728  2 0.0093 0.0285 0.1888 0.7734 
   NS_SS0735  2 0.0069 0.0306 0.2690 0.6935 
   NS_SS0725  2 0.0069 0.0642 0.9192 0.0097 
   NS_SS0788  2 0.0013 0.0138 0.0204 0.9645 
   NS_SS0778  2 0.0012 0.0348 0.0154 0.9486 
   NS_SS0792  2 0.0054 0.1381 0.6880 0.1685 
   NS_SS0943  2 0.0066 0.9679 0.0157 0.0099 
   NS_SS0791  2 0.0111 0.0283 0.0096 0.9510 
   NS_SS0790  2 0.0032 0.0040 0.9856 0.0072 
   NS_SS0731  2 0.0115 0.0086 0.9618 0.0181 
   NS_SS0727  2 0.0018 0.8341 0.1389 0.0252 
   NS_SS0779  2 0.0044 0.0339 0.1144 0.8473 
   NS_SS0776  2 0.0070 0.1392 0.7112 0.1425 
   NS_SS0775  2 0.0071 0.0082 0.8987 0.0860 
   NS_SS0965  3 0.0012 0.0225 0.0329 0.9433 
   NS_SS0754  3 0.0102 0.3568 0.0374 0.5956 
   NS_SS0838  3 0.0419 0.3056 0.5231 0.1294 
   NS_SS0839  3 0.0034 0.0079 0.8401 0.1486 
   NS_SS0832  3 0.0444 0.0055 0.6983 0.2518 
   NS_SS0820  3 0.0053 0.0067 0.5235 0.4644 
   NS_SS0886  3 0.0019 0.1471 0.0221 0.8289 
   NS_SS0748  3 0.0089 0.2907 0.5985 0.1020 
   NS_SS0884  3 0.0246 0.1740 0.1221 0.6793 
   NS_SS0752  3 0.0019 0.0548 0.0644 0.8789 
   NS_SS0862  3 0.0041 0.0087 0.0999 0.8873 
   NS_SS0787  3 0.0059 0.9661 0.0097 0.0182 
   NS_SS0843  3 0.0017 0.1074 0.3288 0.5621 
   NS_SS0856  3 0.0030 0.0155 0.8183 0.1632 
   NS_SS0846  3 0.0037 0.6708 0.1160 0.2095 
   NS_SS0825  3 0.0114 0.1481 0.2324 0.6081 
   NS_SS0757  3 0.0032 0.1696 0.1210 0.7062 
   NS_SS0876  3 0.2196 0.0189 0.4674 0.2941 
   NS_SS0903  3 0.0025 0.0162 0.2455 0.7358 
   NS_SS0875  3 0.0034 0.0558 0.4361 0.5047 
   NS_SS0740  3 0.0029 0.0594 0.0585 0.8791 
   NS_SS0811  3 0.0086 0.0104 0.9461 0.0349 
   NS_SS0751  3 0.0023 0.0554 0.2164 0.7258 
   NS_SS0891  3 0.0053 0.0151 0.9595 0.0201 
   NS_SS0867  3 0.0274 0.3810 0.0580 0.5337 
   NS_SS0890  3 0.0035 0.0839 0.0368 0.8759 
   NS_SS0866  3 0.0056 0.9520 0.0329 0.0095 
   NS_SS0755  3 0.0069 0.0540 0.7993 0.1398 
   NS_SS0758  3 0.0020 0.0961 0.2730 0.6290 
   NS_SS0840  3 0.0020 0.0128 0.8011 0.1841 
   NS_SS0889  3 0.0019 0.9435 0.0348 0.0198 
   NS_SS1010  3 0.0468 0.1966 0.3171 0.4394 
   NS_SS0888  3 0.0016 0.8951 0.0072 0.0961 
   NS_SS0837  3 0.0023 0.0676 0.4472 0.4828 
   NS_SS0794  3 0.0020 0.7525 0.1700 0.0754 
   NS_SS0823  3 0.0040 0.0088 0.9369 0.0502 
   NS_SS0829  3 0.1079 0.8276 0.0189 0.0456 
   NS_SS0844  3 0.0019 0.0099 0.9481 0.0401 
   NS_SS1008  3 0.0138 0.8459 0.0916 0.0487 
   NS_SS0881  3 0.0028 0.3205 0.0417 0.6350 
   NS_SS0834  3 0.0051 0.0129 0.9589 0.0231 
   NS_SS0744  3 0.0057 0.0207 0.0186 0.9550 
   NS_SS0899  3 0.0014 0.0052 0.9801 0.0133 
   NS_SS0804  3 0.0039 0.0077 0.9109 0.0776 
   NS_SS0781  3 0.0028 0.0060 0.9099 0.0814 
   NS_SS0822  3 0.0022 0.8936 0.0694 0.0348 
   NS_SS1004  3 0.0035 0.0993 0.2862 0.6111 
   NS_SS0746  3 0.0128 0.1693 0.7064 0.1115 
   NS_SS0880  3 0.0015 0.4940 0.1412 0.3633 
   NS_SS0879  3 0.0123 0.0517 0.8923 0.0437 
   NS_SS0753  3 0.0115 0.4681 0.0232 0.4972 
   NS_SS1007  3 0.0017 0.0111 0.0084 0.9788 
   NS_SS0872  3 0.0018 0.0093 0.9492 0.0397 
   NS_SS1005  3 0.0014 0.0129 0.8937 0.0920 
   NS_SS0892  3 0.0016 0.0311 0.1400 0.8273 
   NS_SS0898  3 0.0056 0.8741 0.0768 0.0436 
   NS_SS0801  3 0.0098 0.0250 0.1125 0.8527 
   NS_SS0827  3 0.1203 0.2554 0.1451 0.4792 
   NS_SS0853  3 0.0048 0.0300 0.8258 0.1394 
   NS_SS0780  3 0.0035 0.0067 0.0228 0.9671 
   NS_SS0826  3 0.0038 0.6894 0.2913 0.0155 
   NS_SS0818  3 0.0016 0.0106 0.0842 0.9036 
   NS_SS0745  3 0.0013 0.0093 0.9344 0.0550 
   NS_SS0849  3 0.0014 0.0793 0.2101 0.7091 
   NS_SS0739  3 0.0108 0.0073 0.0240 0.9579 
   NS_SS0799  3 0.0012 0.6206 0.0213 0.3568 
   NS_SS0756  3 0.0034 0.0093 0.9024 0.0849 
   NS_SS0802  3 0.1690 0.0773 0.0306 0.7231 
   NS_SS0747  3 0.0044 0.0125 0.0221 0.9610 
   NS_SS0835  3 0.0012 0.8283 0.0203 0.1502 
   NS_SS0742  3 0.0010 0.0351 0.1783 0.7856 
   NS_SS0760  3 0.0491 0.9042 0.0171 0.0296 
   NS_SS0803  3 0.0068 0.0097 0.8189 0.1646 
   NS_SS0828  3 0.0014 0.1429 0.0180 0.8376 
   NS_SS0865  3 0.0257 0.1393 0.1089 0.7261 
   NS_SS0759  3 0.0037 0.0058 0.0479 0.9427 
   NS_SS0851  3 0.0104 0.0086 0.9471 0.0339 
   NS_SS0874  3 0.0016 0.0335 0.8349 0.1301 
   NS_SS0761  3 0.0026 0.8282 0.0566 0.1126 
   NS_SS0842  3 0.0090 0.3056 0.6445 0.0409 
   NS_SS0785  3 0.0050 0.1617 0.0784 0.7550 
   NS_SS0860  3 0.0021 0.7946 0.0203 0.1831 
   NS_SS0897  3 0.0017 0.9811 0.0086 0.0086 
   NS_SS0841  3 0.0037 0.0301 0.4281 0.5380 
   NS_SS0797  3 0.0269 0.9212 0.0302 0.0218 
   NS_SS0830  3 0.0021 0.6134 0.2060 0.1785 
   NS_SS1011  3 0.0057 0.0298 0.7261 0.2384 
   NS_SS0883  3 0.0048 0.0379 0.0234 0.9340 
   NS_SS0782  3 0.0022 0.1064 0.7408 0.1506 
   NS_SS0831  3 0.0031 0.8842 0.0392 0.0735 
   NS_SS0749  3 0.0034 0.0172 0.0076 0.9718 
   NS_SS0854  3 0.0033 0.5257 0.1686 0.3024 
   HI_SS0193  4 0.0013 0.9821 0.0103 0.0063 
   HI_SS0194  4 0.0018 0.0220 0.9645 0.0118 
   HI_SS0195  4 0.0958 0.0054 0.6168 0.2820 
   HI_SS0196  4 0.0028 0.2285 0.2509 0.5178 
   HI_SS0197  4 0.0115 0.0064 0.2263 0.7558 
   HI_SS0198  4 0.0072 0.0264 0.0220 0.9443 
   HI_SS0199  4 0.0025 0.2045 0.0144 0.7787 
   HI_SS0201  4 0.0023 0.8979 0.0111 0.0888 
   HI_SS0215  4 0.0028 0.5082 0.0309 0.4582 
   HI_SS0218  4 0.0068 0.9768 0.0073 0.0090 
   HI_SS0222  4 0.0040 0.0491 0.0550 0.8919 
   HI_SS0230  4 0.0048 0.0166 0.7072 0.2714 
   HI_SS0234  4 0.1563 0.0432 0.1431 0.6575 
   HI_SS0240  4 0.0054 0.0059 0.0093 0.9795 
   HI_SS0241  4 0.0022 0.8076 0.0362 0.1540 
   HI_SS0242  4 0.0029 0.2225 0.6137 0.1610 
   HI_SS0247  4 0.0182 0.0171 0.9528 0.0119 
   HI_SS0248  4 0.0008 0.9784 0.0103 0.0105 
   HI_SS0252  4 0.0023 0.0511 0.9104 0.0363 
   HI_SS0254  4 0.0957 0.7781 0.0118 0.1144 
   HI_SS0256  4 0.0015 0.0037 0.9599 0.0349 
   HI_SS0257  4 0.0032 0.6175 0.0896 0.2897 
   HI_SS0258  4 0.0044 0.8675 0.0133 0.1148 
   HI_SS0259  4 0.0025 0.0192 0.4152 0.5631 
   HI_SS0260  4 0.0017 0.8660 0.0444 0.0878 
   HI_SS0261  4 0.0032 0.6439 0.0527 0.3002 
   HI_SS0262  4 0.0073 0.0299 0.5356 0.4272 
   HI_SS0264  4 0.0036 0.0220 0.7802 0.1942 
   HI_SS0265  4 0.0948 0.0202 0.4730 0.4120 
   HI_SS0268  4 0.0024 0.0259 0.1879 0.7838 
   HI_SS0269  4 0.0017 0.9759 0.0069 0.0155 
   HI_SS0273  4 0.0014 0.9393 0.0181 0.0411 
   HI_SS0277  4 0.0023 0.2225 0.0380 0.7372 
   HI_SS0280  4 0.0051 0.2291 0.1147 0.6511 
   HI_SS0282  4 0.0017 0.7530 0.0292 0.2162 
   HI_SS0286  4 0.0074 0.2128 0.0695 0.7103 
   NS_SS1252  5 0.0037 0.9712 0.0109 0.0142 
   NS_SS1261  5 0.0168 0.0656 0.7918 0.1258 
   NS_SS1225  5 0.1226 0.7067 0.1076 0.0631 
   NS_SS1266  5 0.0077 0.0065 0.9525 0.0333 
   NS_SS1228  5 0.0136 0.0209 0.7484 0.2171 
   NS_SS1255  5 0.0014 0.4935 0.4734 0.0317 
   NS_SS1267  5 0.0144 0.9565 0.0051 0.0241 
   NS_SS1238  5 0.0024 0.6417 0.2550 0.1008 
   NS_SS1233  5 0.0022 0.0894 0.8898 0.0186 
   NS_SS1277  5 0.0009 0.9771 0.0103 0.0117 
   NS_SS1245  5 0.0021 0.6999 0.2601 0.0380 
   NS_SS1240  5 0.0021 0.9245 0.0084 0.0649 
   NS_SS1275  5 0.0027 0.0082 0.9682 0.0209 
   NS_SS1235  5 0.0046 0.0898 0.8507 0.0549 
   NS_SS1263  5 0.0010 0.0237 0.9652 0.0101 
   NS_SS1251  5 0.0014 0.0662 0.8656 0.0668 
   NS_SS1248  5 0.1108 0.1745 0.6630 0.0517 
   NS_SS1244  5 0.0055 0.5028 0.0547 0.4370 
   NS_SS1257  5 0.0311 0.6893 0.0263 0.2532 
   NS_SS1242  5 0.0026 0.0065 0.9569 0.0340 
   NS_SS1271  5 0.0273 0.9513 0.0077 0.0136 
   NS_SS1265  5 0.0187 0.5013 0.4008 0.0792 
   NS_SS1243  5 0.0736 0.0242 0.7280 0.1742 
   NS_SS1273  5 0.0102 0.0180 0.8925 0.0793 
   NS_SS1254  5 0.0048 0.0163 0.9679 0.0110 
   NS_SS1224  5 0.0069 0.0103 0.9454 0.0374 
   NS_SS1227  5 0.0016 0.2769 0.0358 0.6857 
   NS_SS1274  5 0.0205 0.8104 0.0579 0.1112 
   NS_SS1241  5 0.0012 0.9094 0.0766 0.0128 
   NS_SS1256  5 0.0398 0.2231 0.7080 0.0290 
   NS_SS1260  5 0.0715 0.3739 0.0201 0.5346 
   NS_SS1262  5 0.1906 0.6950 0.0301 0.0843 
   NS_SS1230  5 0.0074 0.3640 0.4178 0.2109 
   NS_SS1270  5 0.0022 0.0173 0.8549 0.1257 
   NS_SS1229  5 0.0036 0.0324 0.5344 0.4296 
   NS_SS1246  5 0.0028 0.9185 0.0480 0.0307 
   NS_SS1269  5 0.0020 0.0254 0.0646 0.9080 
   NS_SS1239  5 0.0050 0.0424 0.1513 0.8013 
   NS_SS1272  5 0.0050 0.0191 0.9580 0.0179 
   NS_SS1268  5 0.0019 0.0270 0.6413 0.3298 
   NS_SS1249  5 0.0118 0.9702 0.0109 0.0071 
   HI_SS0559  6 0.0016 0.1042 0.0516 0.8427 
   HI_SS0563  6 0.0030 0.3772 0.1884 0.4314 
   HI_SS0564  6 0.0457 0.0515 0.0979 0.8050 
   HI_SS0565  6 0.0034 0.0938 0.0792 0.8236 
   HI_SS0569  6 0.0021 0.6762 0.0134 0.3083 
   HI_SS0570  6 0.0367 0.9026 0.0156 0.0451 
   HI_SS0572  6 0.0019 0.0107 0.9621 0.0253 
   HI_SS0576  6 0.0048 0.0129 0.0662 0.9160 
   HI_SS0579  6 0.0173 0.3291 0.1054 0.5482 
   HI_SS0580  6 0.0044 0.4872 0.0972 0.4112 
   HI_SS0581  6 0.0568 0.0101 0.6938 0.2393 
   HI_SS0583  6 0.0022 0.7375 0.2015 0.0588 
   HI_SS0586  6 0.0011 0.9754 0.0078 0.0157 
   HI_SS0588  6 0.0218 0.5298 0.0515 0.3970 
   HI_SS0595  6 0.0279 0.4711 0.0280 0.4730 
   HI_SS0596  6 0.0020 0.0090 0.9799 0.0090 
   HI_SS0597  6 0.0020 0.0068 0.9762 0.0150 
   HI_SS0600  6 0.0035 0.2151 0.0695 0.7119 
   HI_SS0601  6 0.0135 0.5519 0.0982 0.3365 
   HI_SS0602  6 0.0023 0.0380 0.0220 0.9376 
   HI_SS0604  6 0.0016 0.1509 0.5444 0.3031 
   HI_SS0605  6 0.0051 0.0187 0.0106 0.9656 
   HI_SS0608  6 0.0011 0.3780 0.5390 0.0819 
   HI_SS0609  6 0.0008 0.0178 0.9594 0.0219 
   HI_SS0611  6 0.0029 0.7986 0.0674 0.1311 
   HI_SS0612  6 0.0073 0.2668 0.0921 0.6339 
   HI_SS0613  6 0.0015 0.0777 0.1565 0.7643 
   HI_SS0615  6 0.0083 0.0079 0.0436 0.9402 
   HI_SS0001  6 0.0043 0.7251 0.1686 0.1020 
   HI_SS0002  6 0.0267 0.0114 0.8507 0.1112 
   HI_SS0004  6 0.0053 0.4050 0.3175 0.2722 
   HI_SS0005  6 0.0050 0.0167 0.0209 0.9574 
   HI_SS0006  6 0.0017 0.9043 0.0589 0.0350 
   HI_SS0007  6 0.0022 0.9728 0.0104 0.0146 
   HI_SS0008  6 0.0338 0.0728 0.0444 0.8490 
   HI_SS0009  6 0.0047 0.0401 0.6234 0.3318 
   HI_SS0010  6 0.0039 0.9260 0.0357 0.0344 
   HI_SS0011  6 0.0804 0.0608 0.8358 0.0229 
   HI_SS0012  6 0.0043 0.0086 0.0330 0.9541 
   HI_SS0017  6 0.0014 0.0182 0.9724 0.0080 
   HI_SS0021  6 0.2409 0.5084 0.1959 0.0547 
   HI_SS0024  6 0.0018 0.1035 0.7624 0.1323 
   HI_SS0025  6 0.0029 0.0120 0.9535 0.0316 
   HI_SS0027  6 0.0123 0.7428 0.0119 0.2330 
   HI_SS0028  6 0.0014 0.0079 0.2519 0.7389 
   HI_SS0029  6 0.0071 0.0399 0.6043 0.3487 
   HI_SS0030  6 0.0051 0.8490 0.0201 0.1258 
   HI_SS0031  6 0.0023 0.0082 0.0093 0.9802 
   HI_SS0034  6 0.0053 0.6878 0.0112 0.2957 
   HI_SS0036  6 0.0133 0.8065 0.0067 0.1735 
   HI_SS0037  6 0.0049 0.5705 0.3795 0.0451 
   HI_SS0039  6 0.0033 0.8761 0.0464 0.0741 
   HI_SS0041  6 0.0017 0.0101 0.8801 0.1081 
   HI_SS0042  6 0.1092 0.0150 0.4678 0.4080 
   HI_SS0043  6 0.0028 0.9812 0.0053 0.0107 
   HI_SS0044  6 0.0027 0.2178 0.4860 0.2935 
   HI_SS0047  6 0.0024 0.0282 0.4131 0.5563 
   HI_SS0049  6 0.0036 0.0272 0.9459 0.0233 
   HI_SS0051  6 0.0020 0.0485 0.0969 0.8526 
   HI_SS0053  6 0.0049 0.9235 0.0093 0.0623 
   HI_SS0054  6 0.0032 0.9822 0.0060 0.0087 
   HI_SS0057  6 0.0031 0.3470 0.3618 0.2881 
   HI_SS0058  6 0.0070 0.3351 0.5511 0.1069 
   HI_SS0060  6 0.0881 0.1942 0.0482 0.6695 
   HI_SS0087  6 0.0027 0.5203 0.0773 0.3997 
   HI_SS0091  6 0.0012 0.9692 0.0086 0.0210 
   HI_SS0095  6 0.0372 0.0258 0.0339 0.9031 
   HI_SS0097  6 0.0050 0.0720 0.5677 0.3553 
   HI_SS0099  6 0.0039 0.0122 0.9605 0.0235 
   HI_SS0103  6 0.0032 0.1121 0.1624 0.7222 
   HI_SS0105  6 0.0285 0.1800 0.1743 0.6171 
   HI_SS0107  6 0.0010 0.0144 0.9581 0.0265 
   HI_SS0108  6 0.0189 0.9587 0.0044 0.0181 
   HI_SS0110  6 0.0011 0.2620 0.0407 0.6962 
   HI_SS0111  6 0.0220 0.0447 0.0418 0.8915 
   HI_SS0112  6 0.0014 0.9809 0.0058 0.0118 
   HI_SS0113  6 0.0028 0.0081 0.9786 0.0105 
   HI_SS0114  6 0.0044 0.2579 0.0088 0.7289 
   HI_SS0115  6 0.0130 0.0930 0.0323 0.8616 
   HI_SS0116  6 0.0032 0.9504 0.0308 0.0157 
   HI_SS0117  6 0.0023 0.7686 0.0449 0.1842 
   HI_SS0118  6 0.0096 0.5882 0.3618 0.0404 
   HI_SS0119  6 0.0020 0.6161 0.0098 0.3721 
   HI_SS0120  6 0.0027 0.0112 0.9795 0.0065 
   HI_SS0121  6 0.0015 0.0111 0.8951 0.0923 
   HI_SS0122  6 0.0260 0.1784 0.6464 0.1492 
   HI_SS0123  6 0.0043 0.0470 0.0682 0.8805 
   HI_SS0124  6 0.0024 0.0090 0.9321 0.0564 
   HI_SS0125  6 0.0284 0.0071 0.0299 0.9346 
   HI_SS0126  6 0.0009 0.9824 0.0095 0.0073 
   HI_SS0127  6 0.0083 0.1123 0.0304 0.8491 
   HI_SS0128  6 0.0027 0.2043 0.7249 0.0682 
   HI_SS0129  6 0.0100 0.4295 0.0354 0.5251 
   HI_SS0131  6 0.0322 0.2376 0.6875 0.0427 
   HI_SS0132  6 0.0006 0.5078 0.1196 0.3720 
   HI_SS0133  6 0.0012 0.9924 0.0032 0.0032 
   HI_SS0134  6 0.0018 0.4610 0.1475 0.3897 
   HI_SS0142  6 0.0153 0.0144 0.1416 0.8287 
   HI_SS0145  6 0.0014 0.2816 0.0545 0.6625 
   HI_SS0146  6 0.0010 0.9576 0.0085 0.0328 
   HI_SS0147  6 0.0196 0.0073 0.9320 0.0412 
   HI_SS0149  6 0.0054 0.8145 0.1085 0.0717 
   HI_SS0150  6 0.0043 0.0231 0.2785 0.6941 
   HI_SS0151  6 0.0111 0.0788 0.0133 0.8968 
   NS_SS1451  6 0.0032 0.0111 0.5797 0.4060 
   NS_SS1404  6 0.0107 0.0248 0.7948 0.1697 
   NS_SS1432  6 0.0368 0.0093 0.5470 0.4068 
   NS_SS1405  6 0.0033 0.1027 0.6331 0.2608 
   NS_SS1431  6 0.0009 0.0148 0.9027 0.0816 
   NS_SS1402  6 0.0021 0.1572 0.2318 0.6088 
   NS_SS1450  6 0.0037 0.3725 0.0280 0.5958 
   NS_SS1396  6 0.0064 0.0423 0.7572 0.1941 
   NS_SS1393  6 0.0036 0.1671 0.0338 0.7956 
   NS_SS1392  6 0.0176 0.0209 0.2611 0.7005 
   NS_SS1445  6 0.0089 0.5409 0.1187 0.3315 
   NS_SS1423  6 0.0014 0.8795 0.0459 0.0731 
   NS_SS1421  6 0.1031 0.7628 0.0426 0.0915 
   NS_SS1411  6 0.0017 0.8126 0.0302 0.1556 
   NS_SS1453  6 0.0075 0.7725 0.0663 0.1537 
   NS_SS1442  6 0.0030 0.0951 0.3904 0.5115 
   NS_SS1422  6 0.0146 0.5254 0.2698 0.1902 
   NS_SS1419  6 0.1468 0.0491 0.7801 0.0239 
   NS_SS1427  6 0.0019 0.9797 0.0071 0.0113 
   NS_SS1444  6 0.0032 0.0097 0.9569 0.0303 
   NS_SS1455  6 0.0011 0.0076 0.9838 0.0075 
   NS_SS1425  6 0.0014 0.9652 0.0069 0.0265 
   NS_SS1400  6 0.0010 0.9681 0.0248 0.0061 
   NS_SS1406  6 0.0084 0.0078 0.7518 0.2319 
   NS_SS1417  6 0.0071 0.4218 0.5541 0.0171 
   NS_SS1454  6 0.0013 0.7511 0.1869 0.0606 
   NS_SS1412  6 0.0254 0.3928 0.3920 0.1897 
   NS_SS1438  6 0.0014 0.9563 0.0177 0.0246 
   NS_SS1416  6 0.0052 0.0138 0.1889 0.7922 
   NS_SS1401  6 0.0106 0.0297 0.7848 0.1749 
   NS_SS1424  6 0.0125 0.6578 0.0366 0.2931 
   NS_SS1435  6 0.0029 0.2587 0.0676 0.6709 
   NS_SS1447  6 0.0061 0.0125 0.9567 0.0247 
   NS_SS1414  6 0.0048 0.0091 0.9794 0.0067 
   NS_SS1449  6 0.0038 0.1509 0.4692 0.3761 
   NS_SS1443  6 0.0022 0.7369 0.0096 0.2513 
   NS_SS1434  6 0.0007 0.6536 0.3004 0.0453 
   NS_SS1398  6 0.0149 0.0515 0.0449 0.8887 
   NS_SS1426  6 0.0021 0.8968 0.0085 0.0926 
   NS_SS1413  6 0.0103 0.9684 0.0123 0.0090 
   NS_SS1395  6 0.0083 0.2620 0.0123 0.7173 
   NS_SS1448  6 0.0019 0.7426 0.1147 0.1408 
   NS_SS1446  6 0.0029 0.2002 0.4464 0.3505 
   NS_SS1403  6 0.0057 0.0225 0.1178 0.8540 
   NS_SS1415  6 0.0092 0.9477 0.0109 0.0321 
   NS_SS1437  6 0.0086 0.0899 0.7219 0.1796 
   NS_SS1439  6 0.0024 0.0130 0.1439 0.8407 
   NS_SS1441  6 0.0020 0.3366 0.0376 0.6238 
   NS_SS1420  6 0.0031 0.0112 0.8439 0.1417 
   NS_SS1394  6 0.0368 0.0104 0.1514 0.8014 
   NS_SS1391  6 0.0134 0.4219 0.1089 0.4558 
   NS_SS1410  6 0.0163 0.3658 0.5724 0.0454 
   NS_SS1408  6 0.0361 0.0097 0.0111 0.9431 
   NS_SS1409  6 0.0020 0.0581 0.0550 0.8849 
   HI_SS0617  7 0.0013 0.1046 0.1582 0.7359 
   HI_SS0618  7 0.0022 0.0171 0.1064 0.8743 
   HI_SS0619  7 0.0032 0.0548 0.8499 0.0921 
   HI_SS0620  7 0.0026 0.9694 0.0098 0.0182 
   HI_SS0621  7 0.0114 0.0163 0.6399 0.3324 
   HI_SS0622  7 0.0087 0.1628 0.7369 0.0916 
   HI_SS0626  7 0.0077 0.0265 0.2834 0.6825 
   HI_SS0627  7 0.0070 0.0134 0.8946 0.0850 
   HI_SS0628  7 0.0672 0.5782 0.0699 0.2847 
   HI_SS0629  7 0.0066 0.1609 0.3042 0.5283 
   HI_SS0630  7 0.0520 0.4117 0.0728 0.4635 
   HI_SS0631  7 0.0008 0.8625 0.0501 0.0865 
   HI_SS0632  7 0.0028 0.1192 0.7653 0.1128 
   HI_SS0633  7 0.0032 0.0104 0.9115 0.0750 
   HI_SS0634  7 0.0017 0.0400 0.1312 0.8272 
   HI_SS0635  7 0.0084 0.0151 0.2257 0.7508 
   HI_SS0637  7 0.0023 0.0088 0.0344 0.9545 
   HI_SS0638  7 0.0013 0.5027 0.0841 0.4119 
   HI_SS0639  7 0.0311 0.0107 0.1585 0.7998 
   HI_SS0640  7 0.0014 0.1270 0.0357 0.8358 
   HI_SS0641  7 0.0052 0.2584 0.0772 0.6593 
   HI_SS0642  7 0.0022 0.2266 0.0597 0.7115 
   HI_SS0645  7 0.0009 0.0484 0.7231 0.2276 
   HI_SS0646  7 0.0023 0.0866 0.0494 0.8616 
   HI_SS0647  7 0.0013 0.7641 0.2054 0.0292 
   HI_SS0648  7 0.0025 0.2010 0.0613 0.7353 
   HI_SS0649  7 0.0019 0.0739 0.3484 0.5759 
   HI_SS0650  7 0.0038 0.0240 0.0670 0.9052 
   HI_SS0651  7 0.0041 0.0950 0.1329 0.7680 
   HI_SS0652  7 0.0034 0.0192 0.3878 0.5897 
   NS_SS1371  7 0.0044 0.1458 0.0139 0.8360 
   NS_SS1374  7 0.0024 0.5807 0.0180 0.3988 
   NS_SS1337  7 0.0041 0.1830 0.5296 0.2833 
   NS_SS1385  7 0.0049 0.1219 0.6019 0.2714 
   NS_SS1388  7 0.0059 0.0188 0.9612 0.0141 
   NS_SS1370  7 0.0104 0.0634 0.5040 0.4221 
   NS_SS1389  7 0.0029 0.0076 0.9829 0.0066 
   NS_SS1360  7 0.0041 0.3544 0.0192 0.6224 
   NS_SS1330  7 0.0035 0.0066 0.0737 0.9162 
   NS_SS1328  7 0.0022 0.9117 0.0257 0.0604 
   NS_SS1384  7 0.0034 0.1634 0.0202 0.8130 
   NS_SS1381  7 0.0009 0.0079 0.9753 0.0158 
   NS_SS1375  7 0.0011 0.0165 0.3555 0.6269 
   NS_SS1319  7 0.0879 0.0634 0.0484 0.8003 
   NS_SS1326  7 0.0096 0.9611 0.0142 0.0151 
   NS_SS1341  7 0.0047 0.3199 0.4278 0.2476 
   NS_SS1383  7 0.0039 0.0651 0.0165 0.9144 
   NS_SS1318  7 0.0138 0.0278 0.7880 0.1704 
   NS_SS1348  7 0.0015 0.9762 0.0079 0.0143 
   NS_SS1363  7 0.0044 0.0483 0.5728 0.3745 
   NS_SS1335  7 0.0270 0.5411 0.0174 0.4145 
   NS_SS1358  7 0.0151 0.7605 0.0349 0.1895 
   NS_SS1342  7 0.0013 0.9170 0.0467 0.0350 
   NS_SS1320  7 0.0063 0.0050 0.9556 0.0331 
   NS_SS1355  7 0.0116 0.0094 0.9390 0.0401 
   NS_SS1345  7 0.0196 0.1368 0.7826 0.0610 
   NS_SS1324  7 0.0023 0.5070 0.1057 0.3851 
   NS_SS1347  7 0.0036 0.1962 0.0144 0.7858 
   NS_SS1321  7 0.0013 0.4508 0.0252 0.5227 
   NS_SS1333  7 0.0032 0.4559 0.0677 0.4732 
   NS_SS1364  7 0.0024 0.7712 0.1864 0.0400 
   NS_SS1379  7 0.0576 0.1141 0.4230 0.4053 
   NS_SS1332  7 0.0047 0.9746 0.0100 0.0107 
   NS_SS1338  7 0.0076 0.6794 0.0148 0.2982 
   NS_SS1368  7 0.0058 0.6417 0.3327 0.0198 
   NS_SS1354  7 0.0117 0.0161 0.9142 0.0581 
   NS_SS1365  7 0.0075 0.0619 0.7715 0.1591 
   NS_SS1380  7 0.0196 0.0073 0.9384 0.0346 
   NS_SS1329  7 0.0035 0.8421 0.1196 0.0347 
   NS_SS1362  7 0.0041 0.1738 0.0527 0.7693 
   NS_SS1327  7 0.0027 0.9822 0.0034 0.0117 
   NS_SS1350  7 0.0077 0.0189 0.0103 0.9631 
   NS_SS1387  7 0.0028 0.0276 0.4723 0.4972 
   NS_SS1369  7 0.0047 0.9268 0.0331 0.0354 
   NS_SS1331  7 0.0111 0.3573 0.4686 0.1630 
   NS_SS1357  7 0.0031 0.3828 0.4395 0.1747 
   NS_SS1386  7 0.0027 0.9879 0.0043 0.0051 
   NS_SS1353  7 0.0033 0.0404 0.9258 0.0305 
   NS_SS1323  7 0.0741 0.0184 0.7438 0.1637 
   HI_SS0296  8 0.0018 0.5899 0.1010 0.3073 
   HI_SS0297  8 0.0009 0.5282 0.0280 0.4429 
   HI_SS0299  8 0.0372 0.7575 0.0779 0.1274 
   HI_SS0300  8 0.0015 0.3879 0.2091 0.4015 
   HI_SS0301  8 0.0034 0.0342 0.0414 0.9211 
   HI_SS0302  8 0.0244 0.8892 0.0575 0.0290 
   HI_SS0303  8 0.0061 0.9579 0.0249 0.0111 
   HI_SS0304  8 0.0026 0.0356 0.6195 0.3423 
   HI_SS0306  8 0.0031 0.9871 0.0044 0.0054 
   HI_SS0307  8 0.0057 0.0077 0.0922 0.8944 
   HI_SS0308  8 0.0678 0.0669 0.0932 0.7720 
   HI_SS0309  8 0.0034 0.0162 0.3769 0.6035 
   HI_SS0310  8 0.0066 0.2531 0.6921 0.0481 
   HI_SS0311  8 0.0024 0.3443 0.4732 0.1800 
   HI_SS0314  8 0.0014 0.0742 0.8360 0.0884 
   HI_SS0316  8 0.0048 0.4342 0.0743 0.4867 
   HI_SS0317  8 0.0022 0.0344 0.0328 0.9306 
   HI_SS0318  8 0.1798 0.2515 0.0228 0.5459 
   HI_SS0319  8 0.0040 0.9815 0.0043 0.0103 
   HI_SS0320  8 0.0011 0.0131 0.4841 0.5017 
   HI_SS0321  8 0.0015 0.0200 0.0049 0.9737 
   HI_SS0323  8 0.0013 0.2513 0.0478 0.6996 
   HI_SS0325  8 0.0022 0.8941 0.0866 0.0172 
   HI_SS0327  8 0.0012 0.8343 0.0087 0.1557 
   HI_SS0329  8 0.0014 0.0936 0.8884 0.0166 
   HI_SS0333  8 0.0025 0.0591 0.2255 0.7129 
   HI_SS0334  8 0.0014 0.5350 0.0163 0.4474 
   HI_SS0335  8 0.0186 0.0213 0.6204 0.3397 
   HI_SS0339  8 0.0117 0.0212 0.8136 0.1534 
   HI_SS0343  8 0.0015 0.0253 0.9248 0.0484 
   HI_SS0344  8 0.0030 0.9867 0.0036 0.0068 
   HI_SS0345  8 0.0070 0.1604 0.7907 0.0419 
   HI_SS0346  8 0.0045 0.4349 0.1109 0.4497 
   HI_SS0350  8 0.0075 0.0055 0.9762 0.0108 
   HI_SS0351  8 0.0030 0.3454 0.4936 0.1580 
   HI_SS0352  8 0.1024 0.0324 0.8330 0.0322 
   HI_SS0362  8 0.0024 0.3040 0.0472 0.6465 
   HI_SS0363  8 0.0036 0.9480 0.0182 0.0302 
   HI_SS0365  8 0.0046 0.6846 0.0560 0.2549 
   HI_SS0366  8 0.0014 0.9711 0.0147 0.0128 
   HI_SS0367  8 0.0020 0.0062 0.9785 0.0133 
   HI_SS0369  8 0.0019 0.0118 0.8870 0.0993 
   HI_SS0370  8 0.0026 0.0450 0.0188 0.9335 
   HI_SS0371  8 0.0045 0.9063 0.0654 0.0238 
   HI_SS0373  8 0.0095 0.0494 0.2162 0.7248 
   HI_SS0374  8 0.0269 0.0125 0.7056 0.2549 
   HI_SS0377  8 0.0922 0.7864 0.0867 0.0348 
   HI_SS0379  8 0.0010 0.9882 0.0040 0.0068 
   HI_SS0380  8 0.0068 0.0260 0.8353 0.1319 
   HI_SS0381  8 0.0044 0.0114 0.5538 0.4305 
   HI_SS0384  8 0.0075 0.4642 0.2764 0.2519 
   HI_SS0385  8 0.0012 0.7918 0.1129 0.0941 
   HI_SS0386  9 0.9956 0.0016 0.0016 0.0013 
   HI_SS0387  9 0.9589 0.0140 0.0116 0.0154 
   HI_SS0389  9 0.9896 0.0040 0.0035 0.0029 
   HI_SS0390  9 0.9951 0.0017 0.0014 0.0018 
   HI_SS0391  9 0.9928 0.0020 0.0026 0.0026 
   HI_SS0392  9 0.9952 0.0017 0.0016 0.0016 
   HI_SS0393  9 0.9955 0.0016 0.0014 0.0015 
   HI_SS0394  9 0.9955 0.0014 0.0014 0.0017 
   HI_SS0395  9 0.9882 0.0031 0.0048 0.0039 
   HI_SS0396  9 0.9682 0.0070 0.0140 0.0109 
   HI_SS0398  9 0.9829 0.0052 0.0065 0.0055 
   HI_SS0399  9 0.9966 0.0011 0.0012 0.0011 
   HI_SS0400  9 0.9937 0.0019 0.0023 0.0021 
   HI_SS0401  9 0.9957 0.0014 0.0013 0.0016 
   HI_SS0402  9 0.9962 0.0013 0.0011 0.0014 
   HI_SS0403  9 0.9951 0.0014 0.0016 0.0019 
   HI_SS0404  9 0.9964 0.0011 0.0013 0.0012 
   HI_SS0405  9 0.9504 0.0133 0.0184 0.0178 
   HI_SS0406  9 0.9936 0.0021 0.0020 0.0024 
   HI_SS0407  9 0.9784 0.0070 0.0079 0.0067 
   HI_SS0408  9 0.9962 0.0013 0.0014 0.0011 
   HI_SS0409  9 0.9911 0.0028 0.0026 0.0035 
   HI_SS0411  9 0.9907 0.0032 0.0026 0.0034 
   HI_SS0412  9 0.8067 0.0377 0.0407 0.1149 
   HI_SS0413  9 0.9936 0.0017 0.0024 0.0023 
   HI_SS0414  9 0.9514 0.0102 0.0191 0.0193 
   HI_SS0415  9 0.9947 0.0018 0.0018 0.0017 
   HI_SS0416  9 0.9905 0.0031 0.0031 0.0033 
   HI_SS0418  9 0.9850 0.0060 0.0038 0.0053 
   HI_SS0419  9 0.9908 0.0027 0.0032 0.0033 
   HI_SS0420  9 0.9930 0.0024 0.0023 0.0023 
   HI_SS0421  9 0.9869 0.0041 0.0048 0.0042 
   HI_SS0422  9 0.9953 0.0014 0.0019 0.0014 
   HI_SS0423  9 0.9872 0.0040 0.0039 0.0049 
   HI_SS0424  9 0.9952 0.0013 0.0018 0.0017 
   HI_SS0425  9 0.9906 0.0024 0.0044 0.0027 
   NS_SS1146 10 0.9934 0.0026 0.0019 0.0021 
   NS_SS1157 10 0.9818 0.0064 0.0058 0.0060 
   NS_SS1144 10 0.9437 0.0213 0.0149 0.0200 
   NS_SS1074 10 0.9902 0.0036 0.0034 0.0028 
   NS_SS1122 10 0.9874 0.0039 0.0046 0.0041 
   NS_SS1136 10 0.9967 0.0010 0.0011 0.0011 
   NS_SS1077 10 0.9977 0.0008 0.0007 0.0008 
   NS_SS1134 10 0.9689 0.0105 0.0099 0.0107 
   NS_SS1091 10 0.9938 0.0017 0.0027 0.0018 
   NS_SS1089 10 0.9911 0.0036 0.0027 0.0026 
   NS_SS1123 10 0.9951 0.0016 0.0016 0.0017 
   NS_SS1158 10 0.9974 0.0009 0.0010 0.0008 
   NS_SS1093 10 0.9929 0.0025 0.0023 0.0024 
   NS_SS1102 10 0.9849 0.0047 0.0055 0.0049 
   NS_SS1056 10 0.9945 0.0019 0.0017 0.0020 
   NS_SS1126 10 0.9911 0.0035 0.0026 0.0029 
   NS_SS1058 10 0.9883 0.0038 0.0035 0.0044 
   NS_SS1084 10 0.9961 0.0012 0.0012 0.0014 
   NS_SS1095 10 0.9806 0.0083 0.0053 0.0058 
   NS_SS1079 10 0.9949 0.0017 0.0017 0.0017 
   NS_SS1149 10 0.9921 0.0022 0.0031 0.0025 
   NS_SS1121 10 0.9955 0.0013 0.0016 0.0016 
   NS_SS1067 10 0.9843 0.0044 0.0058 0.0056 
   NS_SS1081 10 0.9931 0.0023 0.0023 0.0024 
   NS_SS1130 10 0.9905 0.0024 0.0033 0.0038 
   NS_SS1073 10 0.9929 0.0019 0.0025 0.0028 
   NS_SS1133 10 0.9766 0.0036 0.0146 0.0052 
   NS_SS1129 10 0.9958 0.0014 0.0016 0.0012 
   NS_SS1085 10 0.9938 0.0023 0.0019 0.0020 
   NS_SS1137 10 0.9869 0.0045 0.0044 0.0042 
   NS_SS1135 10 0.9965 0.0010 0.0012 0.0013 
   NS_SS1082 10 0.9954 0.0015 0.0018 0.0014 
   NS_SS1125 10 0.9961 0.0012 0.0012 0.0014 
   NS_SS1124 10 0.9798 0.0050 0.0064 0.0088 
   NS_SS1155 10 0.9761 0.0076 0.0068 0.0095 
   NS_SS1145 10 0.9946 0.0019 0.0017 0.0018 
