

----------------------------------------------------
STRUCTURE by Pritchard, Stephens and Donnelly (2000)
     and Falush, Stephens and Pritchard (2003)
       Code by Pritchard, Falush and Hubisz
             Version 2.3.4 (Jul 2012)
----------------------------------------------------



Command line arguments:   /home/genobiwan/Documents/Programs/Structure/structure -m parameter_job_k9_r7 
Input File:    /media/genobiwan/Storage/Projets/Mackerel_NWA_2021/data_job_k9_r7

Run parameters:
   629 individuals
   4140 loci
   9 populations assumed
   100000 Burn-in period
   200000 Reps


--------------------------------------------
Proportion of membership of each pre-defined
 population in each of the 9 clusters

Given    Inferred Clusters                                                 Number of
 Pop       1      2      3      4      5      6      7      8      9      Individuals

  1:     0.094  0.081  0.159  0.154  0.013  0.153  0.098  0.137  0.111       67
  2:     0.063  0.216  0.216  0.080  0.010  0.187  0.094  0.062  0.071       32
  3:     0.066  0.097  0.096  0.173  0.014  0.170  0.125  0.086  0.173       92
  4:     0.115  0.169  0.065  0.169  0.017  0.100  0.145  0.132  0.087       36
  5:     0.105  0.124  0.101  0.111  0.020  0.137  0.145  0.119  0.139       41
  6:     0.122  0.109  0.133  0.138  0.013  0.117  0.140  0.107  0.119      158
  7:     0.107  0.109  0.145  0.118  0.010  0.104  0.125  0.136  0.146       79
  8:     0.078  0.104  0.187  0.120  0.013  0.124  0.096  0.137  0.140       52
  9:     0.005  0.004  0.005  0.005  0.963  0.005  0.004  0.005  0.005       36
 10:     0.004  0.004  0.004  0.004  0.968  0.004  0.004  0.004  0.004       36
--------------------------------------------

Allele-freq. divergence among pops (Net nucleotide distance),
computed using point estimates of P.

      1       2       3       4       5       6       7       8       9      
 1      -    0.0006  0.0005  0.0004  0.0053  0.0005  0.0005  0.0006  0.0005  
 2   0.0006     -    0.0004  0.0004  0.0052  0.0004  0.0004  0.0005  0.0004  
 3   0.0005  0.0004     -    0.0003  0.0051  0.0004  0.0004  0.0004  0.0004  
 4   0.0004  0.0004  0.0003     -    0.0050  0.0003  0.0003  0.0003  0.0003  
 5   0.0053  0.0052  0.0051  0.0050     -    0.0051  0.0052  0.0053  0.0051  
 6   0.0005  0.0004  0.0004  0.0003  0.0051     -    0.0004  0.0004  0.0004  
 7   0.0005  0.0004  0.0004  0.0003  0.0052  0.0004     -    0.0004  0.0004  
 8   0.0006  0.0005  0.0004  0.0003  0.0053  0.0004  0.0004     -    0.0004  
 9   0.0005  0.0004  0.0004  0.0003  0.0051  0.0004  0.0004  0.0004     -    

Average distances (expected heterozygosity) between individuals in same cluster:
cluster  1  : 0.3181 
cluster  2  : 0.3184 
cluster  3  : 0.3184 
cluster  4  : 0.3182 
cluster  5  : 0.3052 
cluster  6  : 0.3185 
cluster  7  : 0.3182 
cluster  8  : 0.3179 
cluster  9  : 0.3182 

--------------------------------------------
Estimated Ln Prob of Data   = -2474962.5
Mean value of ln likelihood = -2462083.6
Variance of ln likelihood   = 25757.9
Mean value of alpha         = 0.0444

Mean value of Fst_1         = 0.0073
Mean value of Fst_2         = 0.0062
Mean value of Fst_3         = 0.0047
Mean value of Fst_4         = 0.0038
Mean value of Fst_5         = 0.0397
Mean value of Fst_6         = 0.0049
Mean value of Fst_7         = 0.0054
Mean value of Fst_8         = 0.0060
Mean value of Fst_9         = 0.0049


Inferred ancestry of individuals:
        Label (%Miss) Pop:  Inferred clusters
  1 NS_SS0963    (4)    1 :  0.017 0.023 0.010 0.342 0.007 0.265 0.021 0.298 0.018 
  2 NS_SS0983    (1)    1 :  0.003 0.017 0.005 0.008 0.004 0.006 0.897 0.010 0.051 
  3 NS_SS0719    (9)    1 :  0.106 0.123 0.042 0.157 0.007 0.067 0.037 0.375 0.085 
  4 NS_SS1001    (8)    1 :  0.854 0.033 0.014 0.016 0.009 0.015 0.007 0.025 0.025 
  5 NS_SS0936    (4)    1 :  0.062 0.025 0.291 0.204 0.002 0.349 0.021 0.013 0.033 
  6 NS_SS0955    (6)    1 :  0.034 0.012 0.008 0.053 0.004 0.126 0.676 0.022 0.064 
  7 NS_SS0944    (3)    1 :  0.141 0.015 0.014 0.100 0.002 0.443 0.016 0.240 0.029 
  8 NS_SS0945    (3)    1 :  0.075 0.032 0.695 0.014 0.012 0.016 0.048 0.071 0.037 
  9 NS_SS0922    (2)    1 :  0.047 0.562 0.021 0.150 0.040 0.114 0.016 0.038 0.011 
 10 NS_SS0929    (7)    1 :  0.029 0.126 0.028 0.087 0.003 0.356 0.271 0.028 0.073 
 11 NS_SS0956    (1)    1 :  0.155 0.140 0.053 0.223 0.005 0.163 0.024 0.037 0.201 
 12 NS_SS0906    (3)    1 :  0.016 0.007 0.019 0.036 0.004 0.814 0.018 0.037 0.049 
 13 NS_SS0721    (6)    1 :  0.005 0.006 0.008 0.145 0.005 0.007 0.017 0.014 0.793 
 14 NS_SS0982    (4)    1 :  0.008 0.022 0.161 0.151 0.018 0.550 0.033 0.026 0.030 
 15 NS_SS0923    (6)    1 :  0.015 0.045 0.211 0.185 0.006 0.134 0.013 0.313 0.078 
 16 NS_SS0905    (6)    1 :  0.006 0.036 0.136 0.078 0.002 0.055 0.039 0.126 0.520 
 17 NS_SS0925    (3)    1 :  0.024 0.011 0.013 0.028 0.004 0.871 0.009 0.027 0.013 
 18 NS_SS0947    (6)    1 :  0.047 0.085 0.022 0.343 0.004 0.441 0.038 0.007 0.015 
 19 NS_SS0926    (2)    1 :  0.065 0.038 0.039 0.150 0.001 0.008 0.078 0.614 0.008 
 20 NS_SS0918    (6)    1 :  0.013 0.015 0.019 0.089 0.002 0.031 0.014 0.045 0.771 
 21 NS_SS0966    (4)    1 :  0.026 0.267 0.045 0.112 0.053 0.359 0.012 0.087 0.039 
 22 NS_SS0938    (2)    1 :  0.020 0.065 0.254 0.554 0.001 0.017 0.071 0.006 0.012 
 23 NS_SS0917    (2)    1 :  0.285 0.008 0.138 0.058 0.043 0.015 0.350 0.021 0.082 
 24 NS_SS0957   (11)    1 :  0.008 0.012 0.885 0.042 0.006 0.021 0.006 0.008 0.011 
 25 NS_SS0987    (1)    1 :  0.014 0.010 0.059 0.198 0.238 0.159 0.030 0.035 0.257 
 26 NS_SS0717    (4)    1 :  0.012 0.007 0.454 0.042 0.003 0.065 0.351 0.021 0.043 
 27 NS_SS0986    (2)    1 :  0.009 0.015 0.228 0.268 0.004 0.024 0.199 0.169 0.083 
 28 NS_SS0953    (3)    1 :  0.015 0.013 0.009 0.012 0.013 0.881 0.014 0.006 0.037 
 29 NS_SS0907    (3)    1 :  0.006 0.018 0.047 0.601 0.032 0.087 0.096 0.011 0.102 
 30 NS_SS0974    (6)    1 :  0.127 0.051 0.291 0.209 0.004 0.054 0.178 0.054 0.032 
 31 NS_SS0989    (1)    1 :  0.054 0.813 0.008 0.042 0.001 0.020 0.015 0.023 0.025 
 32 NS_SS0991    (3)    1 :  0.033 0.015 0.018 0.048 0.002 0.417 0.186 0.121 0.159 
 33 NS_SS0994    (2)    1 :  0.045 0.004 0.007 0.004 0.002 0.005 0.894 0.031 0.006 
 34 NS_SS0931    (6)    1 :  0.727 0.018 0.025 0.127 0.012 0.015 0.020 0.046 0.011 
 35 NS_SS1000    (5)    1 :  0.852 0.004 0.008 0.024 0.004 0.076 0.007 0.016 0.008 
 36 NS_SS0919    (1)    1 :  0.003 0.007 0.028 0.117 0.002 0.037 0.016 0.784 0.004 
 37 NS_SS0949    (4)    1 :  0.828 0.012 0.018 0.012 0.001 0.017 0.029 0.066 0.017 
 38 NS_SS0960   (10)    1 :  0.006 0.014 0.014 0.013 0.006 0.045 0.010 0.832 0.061 
 39 NS_SS0716    (2)    1 :  0.011 0.005 0.930 0.011 0.006 0.008 0.008 0.007 0.015 
 40 NS_SS0924    (8)    1 :  0.006 0.020 0.008 0.005 0.013 0.016 0.012 0.910 0.010 
 41 NS_SS0935    (2)    1 :  0.020 0.030 0.008 0.017 0.013 0.327 0.017 0.512 0.057 
 42 NS_SS0952   (14)    1 :  0.070 0.010 0.027 0.023 0.040 0.075 0.018 0.722 0.015 
 43 NS_SS0962   (11)    1 :  0.008 0.004 0.126 0.774 0.008 0.013 0.025 0.029 0.013 
 44 NS_SS0973    (5)    1 :  0.093 0.032 0.015 0.108 0.003 0.381 0.020 0.037 0.313 
 45 NS_SS0722    (1)    1 :  0.020 0.023 0.831 0.021 0.003 0.065 0.006 0.004 0.027 
 46 NS_SS0979   (13)    1 :  0.008 0.009 0.140 0.682 0.002 0.025 0.080 0.013 0.039 
 47 NS_SS0993    (2)    1 :  0.083 0.010 0.504 0.024 0.018 0.016 0.020 0.050 0.275 
 48 NS_SS0958    (1)    1 :  0.048 0.031 0.126 0.026 0.003 0.036 0.054 0.616 0.059 
 49 NS_SS0988    (4)    1 :  0.011 0.007 0.632 0.063 0.006 0.118 0.143 0.011 0.010 
 50 NS_SS1003    (2)    1 :  0.048 0.011 0.006 0.736 0.008 0.005 0.006 0.171 0.009 
 51 NS_SS0976    (1)    1 :  0.007 0.010 0.009 0.027 0.002 0.033 0.018 0.882 0.013 
 52 NS_SS0964   (10)    1 :  0.611 0.073 0.071 0.073 0.003 0.076 0.025 0.028 0.041 
 53 NS_SS0939    (4)    1 :  0.010 0.007 0.953 0.008 0.003 0.003 0.002 0.004 0.008 
 54 NS_SS0990    (6)    1 :  0.226 0.262 0.060 0.211 0.003 0.009 0.161 0.005 0.063 
 55 NS_SS0984    (2)    1 :  0.012 0.021 0.858 0.029 0.002 0.033 0.013 0.028 0.005 
 56 NS_SS0980   (10)    1 :  0.005 0.026 0.009 0.010 0.002 0.865 0.013 0.040 0.029 
 57 NS_SS0978    (4)    1 :  0.016 0.491 0.050 0.054 0.003 0.324 0.008 0.045 0.009 
 58 NS_SS0951   (18)    1 :  0.008 0.019 0.100 0.022 0.002 0.040 0.033 0.087 0.689 
 59 NS_SS0913    (3)    1 :  0.034 0.107 0.020 0.103 0.054 0.036 0.102 0.017 0.527 
 60 NS_SS1002    (1)    1 :  0.006 0.005 0.024 0.755 0.035 0.139 0.014 0.017 0.005 
 61 NS_SS0948    (1)    1 :  0.023 0.034 0.549 0.169 0.042 0.032 0.056 0.009 0.087 
 62 NS_SS0916    (4)    1 :  0.031 0.542 0.031 0.063 0.008 0.021 0.047 0.101 0.157 
 63 NS_SS0995    (1)    1 :  0.007 0.033 0.011 0.016 0.003 0.011 0.066 0.016 0.836 
 64 NS_SS0927    (6)    1 :  0.010 0.170 0.113 0.049 0.006 0.020 0.567 0.044 0.021 
 65 NS_SS0992    (5)    1 :  0.016 0.670 0.010 0.041 0.003 0.155 0.010 0.013 0.082 
 66 NS_SS0912    (1)    1 :  0.065 0.007 0.024 0.455 0.003 0.027 0.263 0.034 0.122 
 67 NS_SS0981    (1)    1 :  0.008 0.013 0.074 0.667 0.004 0.178 0.010 0.034 0.012 
 68 NS_SS0729    (5)    2 :  0.011 0.025 0.009 0.008 0.004 0.026 0.875 0.038 0.006 
 69 NS_SS0967   (15)    2 :  0.031 0.011 0.160 0.177 0.013 0.042 0.031 0.525 0.009 
 70 NS_SS0941    (8)    2 :  0.125 0.029 0.547 0.016 0.084 0.071 0.048 0.032 0.048 
 71 NS_SS0768   (12)    2 :  0.067 0.008 0.014 0.482 0.004 0.324 0.029 0.022 0.051 
 72 NS_SS0726    (5)    2 :  0.020 0.751 0.037 0.074 0.010 0.022 0.024 0.051 0.011 
 73 NS_SS0763    (4)    2 :  0.034 0.111 0.100 0.048 0.003 0.140 0.390 0.145 0.032 
 74 NS_SS0730    (6)    2 :  0.009 0.017 0.238 0.605 0.003 0.018 0.026 0.017 0.066 
 75 NS_SS0774    (2)    2 :  0.031 0.073 0.729 0.011 0.001 0.114 0.010 0.009 0.024 
 76 NS_SS0723    (3)    2 :  0.006 0.019 0.041 0.099 0.002 0.787 0.012 0.017 0.017 
 77 NS_SS0940   (10)    2 :  0.022 0.028 0.752 0.027 0.004 0.007 0.025 0.046 0.088 
 78 NS_SS0762    (1)    2 :  0.006 0.876 0.023 0.006 0.003 0.052 0.003 0.007 0.023 
 79 NS_SS0766   (11)    2 :  0.050 0.338 0.330 0.027 0.017 0.019 0.052 0.121 0.047 
 80 NS_SS0724    (1)    2 :  0.018 0.012 0.017 0.015 0.004 0.895 0.012 0.011 0.015 
 81 NS_SS0769    (3)    2 :  0.009 0.012 0.307 0.271 0.004 0.119 0.091 0.096 0.090 
 82 NS_SS0777    (1)    2 :  0.014 0.008 0.821 0.029 0.010 0.008 0.081 0.014 0.015 
 83 NS_SS0734    (6)    2 :  0.252 0.081 0.111 0.122 0.038 0.024 0.082 0.175 0.115 
 84 NS_SS0737    (3)    2 :  0.015 0.890 0.019 0.023 0.006 0.019 0.010 0.008 0.011 
 85 NS_SS0732    (5)    2 :  0.013 0.005 0.015 0.014 0.006 0.013 0.010 0.016 0.909 
 86 NS_SS0728    (5)    2 :  0.011 0.260 0.112 0.053 0.012 0.277 0.211 0.009 0.056 
 87 NS_SS0735    (9)    2 :  0.051 0.113 0.061 0.013 0.009 0.468 0.053 0.012 0.219 
 88 NS_SS0725    (1)    2 :  0.853 0.042 0.013 0.026 0.013 0.007 0.014 0.010 0.023 
 89 NS_SS0788    (2)    2 :  0.015 0.022 0.042 0.080 0.002 0.442 0.028 0.332 0.037 
 90 NS_SS0778    (2)    2 :  0.067 0.184 0.134 0.132 0.001 0.313 0.118 0.019 0.030 
 91 NS_SS0792    (6)    2 :  0.009 0.740 0.028 0.060 0.005 0.022 0.023 0.010 0.103 
 92 NS_SS0943   (11)    2 :  0.083 0.017 0.011 0.021 0.008 0.735 0.048 0.018 0.059 
 93 NS_SS0791    (2)    2 :  0.006 0.737 0.008 0.026 0.017 0.006 0.012 0.168 0.021 
 94 NS_SS0790    (5)    2 :  0.043 0.005 0.009 0.009 0.003 0.881 0.003 0.006 0.040 
 95 NS_SS0731    (6)    2 :  0.047 0.006 0.312 0.015 0.019 0.024 0.554 0.009 0.016 
 96 NS_SS0727    (7)    2 :  0.061 0.762 0.052 0.005 0.002 0.016 0.085 0.007 0.011 
 97 NS_SS0779   (13)    2 :  0.015 0.050 0.730 0.042 0.008 0.025 0.045 0.024 0.061 
 98 NS_SS0776    (3)    2 :  0.019 0.647 0.253 0.015 0.006 0.040 0.005 0.007 0.007 
 99 NS_SS0775    (5)    2 :  0.018 0.031 0.885 0.011 0.007 0.018 0.007 0.008 0.015 
100 NS_SS0965    (3)    3 :  0.012 0.014 0.039 0.417 0.002 0.220 0.022 0.227 0.048 
101 NS_SS0754   (14)    3 :  0.026 0.336 0.104 0.056 0.011 0.161 0.202 0.022 0.082 
102 NS_SS0838    (5)    3 :  0.050 0.029 0.461 0.194 0.042 0.009 0.041 0.154 0.021 
103 NS_SS0839    (3)    3 :  0.014 0.498 0.023 0.158 0.004 0.260 0.006 0.010 0.026 
104 NS_SS0832    (4)    3 :  0.019 0.053 0.059 0.618 0.052 0.155 0.017 0.012 0.016 
105 NS_SS0820    (5)    3 :  0.010 0.092 0.018 0.705 0.006 0.122 0.016 0.017 0.014 
106 NS_SS0886    (9)    3 :  0.010 0.335 0.044 0.095 0.002 0.027 0.080 0.132 0.274 
107 NS_SS0748    (5)    3 :  0.011 0.008 0.777 0.033 0.008 0.015 0.019 0.120 0.009 
108 NS_SS0884    (9)    3 :  0.189 0.023 0.152 0.077 0.032 0.330 0.105 0.070 0.022 
109 NS_SS0752    (4)    3 :  0.111 0.076 0.051 0.051 0.002 0.423 0.012 0.104 0.169 
110 NS_SS0862    (1)    3 :  0.006 0.014 0.012 0.269 0.006 0.143 0.035 0.006 0.509 
111 NS_SS0787    (9)    3 :  0.122 0.010 0.009 0.021 0.007 0.021 0.320 0.482 0.008 
112 NS_SS0843    (6)    3 :  0.089 0.014 0.031 0.079 0.003 0.598 0.117 0.012 0.058 
113 NS_SS0856    (4)    3 :  0.061 0.097 0.263 0.076 0.003 0.008 0.455 0.017 0.020 
114 NS_SS0846    (2)    3 :  0.009 0.010 0.032 0.423 0.003 0.030 0.392 0.092 0.009 
115 NS_SS0825    (1)    3 :  0.016 0.012 0.008 0.474 0.009 0.024 0.374 0.010 0.072 
116 NS_SS0757    (3)    3 :  0.019 0.015 0.023 0.023 0.003 0.029 0.085 0.013 0.789 
117 NS_SS0876    (3)    3 :  0.103 0.076 0.010 0.020 0.224 0.038 0.016 0.004 0.508 
118 NS_SS0903   (10)    3 :  0.005 0.024 0.008 0.013 0.003 0.920 0.009 0.006 0.012 
119 NS_SS0875    (7)    3 :  0.017 0.033 0.633 0.030 0.003 0.017 0.212 0.024 0.030 
120 NS_SS0740    (5)    3 :  0.025 0.042 0.033 0.027 0.004 0.365 0.054 0.081 0.368 
121 NS_SS0811    (5)    3 :  0.013 0.009 0.132 0.016 0.008 0.019 0.006 0.004 0.793 
122 NS_SS0751    (1)    3 :  0.075 0.027 0.243 0.231 0.002 0.016 0.014 0.367 0.026 
123 NS_SS0891    (6)    3 :  0.844 0.010 0.011 0.018 0.008 0.062 0.019 0.010 0.021 
124 NS_SS0867    (2)    3 :  0.016 0.011 0.067 0.131 0.025 0.602 0.042 0.085 0.021 
125 NS_SS0890    (6)    3 :  0.057 0.090 0.680 0.011 0.003 0.032 0.006 0.032 0.089 
126 NS_SS0866   (12)    3 :  0.006 0.011 0.012 0.010 0.004 0.004 0.930 0.005 0.017 
127 NS_SS0755    (4)    3 :  0.033 0.175 0.155 0.284 0.008 0.216 0.047 0.013 0.069 
128 NS_SS0758    (4)    3 :  0.012 0.032 0.010 0.205 0.003 0.018 0.666 0.025 0.029 
129 NS_SS0840    (2)    3 :  0.048 0.008 0.083 0.585 0.003 0.122 0.058 0.059 0.035 
130 NS_SS0889    (4)    3 :  0.044 0.015 0.011 0.046 0.002 0.049 0.350 0.024 0.459 
131 NS_SS1010    (1)    3 :  0.011 0.013 0.068 0.579 0.040 0.150 0.022 0.100 0.018 
132 NS_SS0888    (5)    3 :  0.015 0.888 0.009 0.008 0.002 0.014 0.034 0.009 0.019 
133 NS_SS0837    (3)    3 :  0.018 0.006 0.011 0.033 0.003 0.728 0.012 0.068 0.122 
134 NS_SS0794   (10)    3 :  0.015 0.400 0.164 0.036 0.002 0.018 0.149 0.069 0.147 
135 NS_SS0823    (5)    3 :  0.011 0.127 0.125 0.265 0.003 0.230 0.071 0.004 0.164 
136 NS_SS0829    (7)    3 :  0.011 0.011 0.017 0.010 0.099 0.045 0.025 0.022 0.762 
137 NS_SS0844    (5)    3 :  0.003 0.005 0.003 0.008 0.002 0.952 0.014 0.006 0.007 
138 NS_SS1008    (6)    3 :  0.192 0.054 0.083 0.094 0.016 0.059 0.425 0.019 0.058 
139 NS_SS0881    (3)    3 :  0.040 0.033 0.071 0.561 0.003 0.012 0.019 0.227 0.035 
140 NS_SS0834    (6)    3 :  0.689 0.113 0.019 0.033 0.008 0.069 0.034 0.028 0.007 
141 NS_SS0744   (10)    3 :  0.009 0.032 0.009 0.226 0.010 0.090 0.119 0.010 0.495 
142 NS_SS0899    (7)    3 :  0.012 0.013 0.010 0.019 0.001 0.040 0.011 0.007 0.887 
143 NS_SS0804    (5)    3 :  0.006 0.012 0.023 0.467 0.005 0.217 0.015 0.030 0.225 
144 NS_SS0781   (10)    3 :  0.009 0.008 0.118 0.295 0.004 0.508 0.023 0.008 0.028 
145 NS_SS0822    (6)    3 :  0.016 0.364 0.022 0.043 0.002 0.017 0.022 0.076 0.438 
146 NS_SS1004    (4)    3 :  0.013 0.305 0.027 0.057 0.005 0.395 0.011 0.115 0.072 
147 NS_SS0746    (5)    3 :  0.063 0.049 0.576 0.054 0.014 0.076 0.106 0.019 0.043 
148 NS_SS0880    (3)    3 :  0.132 0.019 0.012 0.067 0.002 0.016 0.007 0.708 0.037 
149 NS_SS0879    (5)    3 :  0.198 0.303 0.256 0.035 0.021 0.064 0.043 0.016 0.064 
150 NS_SS0753    (2)    3 :  0.019 0.016 0.022 0.035 0.012 0.360 0.470 0.006 0.061 
151 NS_SS1007    (3)    3 :  0.021 0.038 0.198 0.357 0.002 0.012 0.209 0.109 0.054 
152 NS_SS0872    (5)    3 :  0.017 0.078 0.523 0.234 0.002 0.048 0.057 0.023 0.018 
153 NS_SS1005    (7)    3 :  0.132 0.011 0.085 0.119 0.001 0.413 0.059 0.155 0.026 
154 NS_SS0892    (6)    3 :  0.010 0.148 0.491 0.194 0.003 0.015 0.017 0.013 0.111 
155 NS_SS0898    (0)    3 :  0.012 0.569 0.058 0.031 0.007 0.013 0.051 0.227 0.033 
156 NS_SS0801    (9)    3 :  0.005 0.013 0.010 0.092 0.009 0.820 0.020 0.017 0.013 
157 NS_SS0827    (9)    3 :  0.007 0.006 0.025 0.006 0.118 0.016 0.068 0.744 0.010 
158 NS_SS0853    (7)    3 :  0.128 0.090 0.077 0.200 0.007 0.192 0.208 0.016 0.082 
159 NS_SS0780    (2)    3 :  0.071 0.051 0.029 0.585 0.004 0.132 0.101 0.006 0.021 
160 NS_SS0826   (10)    3 :  0.127 0.009 0.028 0.665 0.004 0.083 0.063 0.015 0.006 
161 NS_SS0818    (5)    3 :  0.022 0.087 0.015 0.574 0.001 0.141 0.021 0.127 0.012 
162 NS_SS0745    (1)    3 :  0.919 0.004 0.036 0.010 0.002 0.003 0.004 0.009 0.012 
163 NS_SS0849    (3)    3 :  0.010 0.007 0.009 0.006 0.001 0.011 0.007 0.008 0.942 
164 NS_SS0739    (3)    3 :  0.011 0.044 0.029 0.203 0.019 0.005 0.020 0.020 0.649 
165 NS_SS0799    (1)    3 :  0.009 0.729 0.030 0.010 0.001 0.014 0.042 0.047 0.118 
166 NS_SS0756    (3)    3 :  0.006 0.017 0.020 0.680 0.003 0.223 0.007 0.010 0.034 
167 NS_SS0802    (2)    3 :  0.097 0.043 0.126 0.089 0.211 0.007 0.296 0.116 0.016 
168 NS_SS0747    (6)    3 :  0.008 0.017 0.062 0.085 0.006 0.686 0.021 0.019 0.095 
169 NS_SS0835    (1)    3 :  0.011 0.018 0.010 0.007 0.001 0.011 0.926 0.010 0.005 
170 NS_SS0742   (19)    3 :  0.022 0.151 0.070 0.360 0.001 0.027 0.063 0.020 0.286 
171 NS_SS0760    (9)    3 :  0.005 0.041 0.017 0.011 0.043 0.009 0.146 0.714 0.013 
172 NS_SS0803    (4)    3 :  0.006 0.032 0.008 0.010 0.008 0.911 0.006 0.005 0.012 
173 NS_SS0828   (14)    3 :  0.008 0.160 0.054 0.057 0.001 0.268 0.013 0.304 0.136 
174 NS_SS0865    (2)    3 :  0.023 0.042 0.013 0.789 0.022 0.014 0.014 0.008 0.075 
175 NS_SS0759    (5)    3 :  0.021 0.027 0.134 0.408 0.004 0.052 0.015 0.018 0.322 
176 NS_SS0851    (5)    3 :  0.244 0.015 0.011 0.062 0.018 0.011 0.010 0.044 0.584 
177 NS_SS0874   (16)    3 :  0.010 0.007 0.013 0.014 0.002 0.920 0.013 0.004 0.017 
178 NS_SS0761    (6)    3 :  0.015 0.017 0.010 0.056 0.003 0.064 0.575 0.071 0.190 
179 NS_SS0842   (26)    3 :  0.066 0.024 0.527 0.031 0.009 0.062 0.043 0.047 0.191 
180 NS_SS0785    (6)    3 :  0.043 0.076 0.072 0.194 0.005 0.466 0.071 0.027 0.046 
181 NS_SS0860   (11)    3 :  0.009 0.012 0.010 0.023 0.002 0.014 0.866 0.007 0.059 
182 NS_SS0897    (7)    3 :  0.012 0.504 0.017 0.033 0.002 0.030 0.155 0.146 0.101 
183 NS_SS0841   (15)    3 :  0.067 0.014 0.043 0.209 0.004 0.304 0.015 0.039 0.304 
184 NS_SS0797    (7)    3 :  0.005 0.063 0.009 0.021 0.023 0.008 0.009 0.854 0.008 
185 NS_SS0830   (11)    3 :  0.022 0.026 0.072 0.369 0.002 0.068 0.032 0.060 0.350 
186 NS_SS1011    (5)    3 :  0.006 0.014 0.009 0.719 0.005 0.201 0.025 0.017 0.005 
187 NS_SS0883    (5)    3 :  0.004 0.007 0.013 0.007 0.005 0.008 0.020 0.017 0.918 
188 NS_SS0782    (2)    3 :  0.022 0.397 0.022 0.014 0.003 0.050 0.442 0.015 0.033 
189 NS_SS0831    (5)    3 :  0.036 0.048 0.019 0.011 0.004 0.013 0.068 0.013 0.788 
190 NS_SS0749    (7)    3 :  0.021 0.032 0.020 0.015 0.005 0.085 0.056 0.015 0.750 
191 NS_SS0854    (2)    3 :  0.259 0.228 0.013 0.015 0.003 0.065 0.274 0.012 0.131 
192 HI_SS0193    (0)    4 :  0.951 0.007 0.004 0.006 0.002 0.005 0.003 0.011 0.011 
193 HI_SS0194    (1)    4 :  0.848 0.009 0.019 0.024 0.002 0.067 0.008 0.014 0.009 
194 HI_SS0195   (10)    4 :  0.535 0.006 0.027 0.042 0.114 0.032 0.006 0.007 0.231 
195 HI_SS0196    (6)    4 :  0.607 0.114 0.042 0.022 0.002 0.098 0.048 0.007 0.060 
196 HI_SS0197    (3)    4 :  0.024 0.010 0.027 0.873 0.014 0.007 0.033 0.006 0.005 
197 HI_SS0198    (1)    4 :  0.009 0.075 0.023 0.042 0.010 0.021 0.012 0.013 0.795 
198 HI_SS0199    (1)    4 :  0.007 0.922 0.015 0.005 0.003 0.021 0.016 0.006 0.007 
199 HI_SS0201    (5)    4 :  0.014 0.021 0.012 0.014 0.002 0.023 0.023 0.880 0.011 
200 HI_SS0215    (1)    4 :  0.006 0.007 0.006 0.020 0.003 0.037 0.898 0.015 0.009 
201 HI_SS0218    (1)    4 :  0.011 0.779 0.008 0.005 0.006 0.017 0.016 0.123 0.034 
202 HI_SS0222    (0)    4 :  0.082 0.005 0.015 0.186 0.006 0.012 0.618 0.030 0.046 
203 HI_SS0230    (1)    4 :  0.010 0.004 0.193 0.709 0.004 0.025 0.016 0.021 0.017 
204 HI_SS0234    (2)    4 :  0.042 0.378 0.066 0.008 0.153 0.166 0.154 0.029 0.004 
205 HI_SS0240    (1)    4 :  0.171 0.661 0.013 0.046 0.009 0.020 0.022 0.052 0.005 
206 HI_SS0241    (0)    4 :  0.004 0.900 0.010 0.012 0.002 0.006 0.011 0.048 0.006 
207 HI_SS0242    (0)    4 :  0.009 0.297 0.022 0.093 0.003 0.024 0.026 0.028 0.496 
208 HI_SS0247    (0)    4 :  0.004 0.058 0.009 0.051 0.024 0.724 0.005 0.020 0.104 
209 HI_SS0248    (1)    4 :  0.078 0.027 0.111 0.009 0.001 0.016 0.528 0.223 0.006 
210 HI_SS0252    (2)    4 :  0.051 0.600 0.008 0.143 0.002 0.081 0.036 0.017 0.061 
211 HI_SS0254    (0)    4 :  0.116 0.017 0.037 0.483 0.089 0.019 0.091 0.140 0.007 
212 HI_SS0256    (0)    4 :  0.008 0.004 0.011 0.021 0.001 0.942 0.004 0.004 0.005 
213 HI_SS0257    (0)    4 :  0.004 0.014 0.006 0.032 0.003 0.347 0.570 0.012 0.011 
214 HI_SS0258    (1)    4 :  0.027 0.029 0.027 0.019 0.005 0.020 0.121 0.739 0.012 
215 HI_SS0259    (1)    4 :  0.030 0.357 0.022 0.129 0.003 0.058 0.017 0.354 0.030 
216 HI_SS0260    (1)    4 :  0.043 0.064 0.285 0.040 0.002 0.083 0.393 0.078 0.011 
217 HI_SS0261    (2)    4 :  0.062 0.132 0.384 0.177 0.005 0.148 0.013 0.063 0.014 
218 HI_SS0262    (0)    4 :  0.019 0.022 0.162 0.220 0.009 0.016 0.014 0.084 0.453 
219 HI_SS0264    (0)    4 :  0.025 0.007 0.222 0.631 0.005 0.072 0.017 0.012 0.009 
220 HI_SS0265    (0)    4 :  0.019 0.010 0.464 0.210 0.116 0.053 0.031 0.071 0.026 
221 HI_SS0268    (1)    4 :  0.007 0.005 0.009 0.013 0.003 0.004 0.005 0.950 0.006 
222 HI_SS0269    (0)    4 :  0.109 0.163 0.007 0.009 0.002 0.024 0.624 0.047 0.015 
223 HI_SS0273    (0)    4 :  0.020 0.202 0.012 0.500 0.002 0.069 0.023 0.141 0.031 
224 HI_SS0277    (1)    4 :  0.005 0.006 0.007 0.912 0.002 0.018 0.019 0.024 0.007 
225 HI_SS0280    (0)    4 :  0.015 0.161 0.030 0.277 0.005 0.056 0.011 0.249 0.195 
226 HI_SS0282    (1)    4 :  0.148 0.015 0.017 0.073 0.001 0.151 0.039 0.200 0.356 
227 HI_SS0286    (1)    4 :  0.013 0.010 0.013 0.029 0.007 0.111 0.751 0.035 0.031 
228 NS_SS1252    (3)    5 :  0.002 0.008 0.008 0.006 0.003 0.006 0.943 0.006 0.018 
229 NS_SS1261    (1)    5 :  0.050 0.009 0.133 0.299 0.015 0.015 0.291 0.021 0.166 
230 NS_SS1225   (10)    5 :  0.018 0.005 0.005 0.019 0.071 0.736 0.031 0.035 0.079 
231 NS_SS1266    (1)    5 :  0.141 0.011 0.007 0.239 0.009 0.477 0.009 0.007 0.101 
232 NS_SS1228    (0)    5 :  0.007 0.067 0.041 0.168 0.012 0.011 0.007 0.020 0.667 
233 NS_SS1255    (3)    5 :  0.938 0.004 0.006 0.007 0.002 0.013 0.007 0.013 0.011 
234 NS_SS1267    (3)    5 :  0.007 0.016 0.015 0.005 0.012 0.007 0.908 0.016 0.014 
235 NS_SS1238    (6)    5 :  0.022 0.006 0.012 0.051 0.002 0.005 0.012 0.882 0.008 
236 NS_SS1233    (8)    5 :  0.069 0.008 0.016 0.299 0.002 0.140 0.020 0.058 0.388 
237 NS_SS1277    (3)    5 :  0.084 0.874 0.007 0.006 0.001 0.006 0.008 0.009 0.005 
238 NS_SS1245    (1)    5 :  0.260 0.028 0.036 0.045 0.002 0.088 0.378 0.118 0.045 
239 NS_SS1240    (4)    5 :  0.013 0.028 0.014 0.013 0.002 0.005 0.909 0.011 0.005 
240 NS_SS1275    (2)    5 :  0.022 0.052 0.117 0.764 0.003 0.017 0.008 0.011 0.006 
241 NS_SS1235    (1)    5 :  0.877 0.015 0.009 0.021 0.006 0.037 0.012 0.016 0.008 
242 NS_SS1263    (1)    5 :  0.184 0.004 0.136 0.006 0.001 0.622 0.013 0.010 0.024 
243 NS_SS1251    (2)    5 :  0.020 0.007 0.052 0.124 0.002 0.727 0.051 0.008 0.009 
244 NS_SS1248    (0)    5 :  0.009 0.014 0.122 0.049 0.108 0.021 0.006 0.099 0.571 
245 NS_SS1244    (0)    5 :  0.005 0.069 0.005 0.021 0.005 0.015 0.005 0.866 0.009 
246 NS_SS1257    (1)    5 :  0.017 0.724 0.020 0.019 0.032 0.006 0.037 0.047 0.097 
247 NS_SS1242    (2)    5 :  0.017 0.008 0.540 0.281 0.003 0.052 0.066 0.021 0.012 
248 NS_SS1271    (6)    5 :  0.013 0.420 0.204 0.014 0.028 0.012 0.198 0.088 0.022 
249 NS_SS1265    (1)    5 :  0.022 0.006 0.093 0.010 0.016 0.010 0.789 0.032 0.022 
250 NS_SS1243    (0)    5 :  0.044 0.246 0.047 0.084 0.103 0.023 0.030 0.007 0.417 
251 NS_SS1273    (1)    5 :  0.023 0.005 0.918 0.017 0.008 0.011 0.004 0.007 0.006 
252 NS_SS1254   (14)    5 :  0.019 0.034 0.200 0.154 0.006 0.199 0.068 0.019 0.301 
253 NS_SS1224    (1)    5 :  0.024 0.022 0.021 0.025 0.008 0.593 0.025 0.007 0.275 
254 NS_SS1227    (8)    5 :  0.007 0.018 0.871 0.013 0.002 0.012 0.020 0.049 0.009 
255 NS_SS1274    (9)    5 :  0.015 0.088 0.009 0.050 0.017 0.218 0.065 0.031 0.507 
256 NS_SS1241    (1)    5 :  0.015 0.087 0.010 0.022 0.001 0.020 0.009 0.773 0.063 
257 NS_SS1256    (3)    5 :  0.006 0.310 0.053 0.306 0.045 0.067 0.019 0.184 0.011 
258 NS_SS1260    (8)    5 :  0.006 0.576 0.020 0.014 0.075 0.039 0.165 0.095 0.010 
259 NS_SS1262    (0)    5 :  0.010 0.014 0.013 0.132 0.164 0.607 0.038 0.012 0.011 
260 NS_SS1230    (0)    5 :  0.083 0.273 0.045 0.040 0.007 0.055 0.017 0.079 0.401 
261 NS_SS1270    (2)    5 :  0.233 0.007 0.010 0.189 0.003 0.243 0.012 0.048 0.256 
262 NS_SS1229    (2)    5 :  0.035 0.057 0.107 0.375 0.004 0.225 0.173 0.010 0.013 
263 NS_SS1246    (5)    5 :  0.134 0.050 0.141 0.028 0.003 0.017 0.131 0.476 0.019 
264 NS_SS1269    (0)    5 :  0.048 0.033 0.026 0.067 0.002 0.063 0.106 0.615 0.039 
265 NS_SS1239    (1)    5 :  0.613 0.025 0.005 0.010 0.006 0.008 0.013 0.005 0.315 
266 NS_SS1272    (5)    5 :  0.110 0.008 0.013 0.518 0.005 0.017 0.299 0.021 0.009 
267 NS_SS1268    (1)    5 :  0.059 0.014 0.009 0.017 0.002 0.154 0.004 0.013 0.728 
268 NS_SS1249    (1)    5 :  0.028 0.852 0.010 0.010 0.009 0.020 0.039 0.016 0.017 
269 HI_SS0559    (0)    6 :  0.014 0.162 0.010 0.016 0.001 0.741 0.027 0.010 0.018 
270 HI_SS0563    (1)    6 :  0.048 0.083 0.181 0.061 0.003 0.120 0.071 0.315 0.118 
271 HI_SS0564    (0)    6 :  0.105 0.045 0.025 0.341 0.060 0.049 0.033 0.010 0.332 
272 HI_SS0565    (0)    6 :  0.008 0.010 0.808 0.026 0.003 0.023 0.099 0.016 0.007 
273 HI_SS0569    (1)    6 :  0.012 0.005 0.021 0.010 0.002 0.017 0.031 0.886 0.017 
274 HI_SS0570    (0)    6 :  0.929 0.013 0.005 0.007 0.021 0.004 0.006 0.008 0.009 
275 HI_SS0572    (1)    6 :  0.029 0.798 0.051 0.013 0.003 0.086 0.010 0.004 0.005 
276 HI_SS0576    (1)    6 :  0.058 0.012 0.089 0.271 0.005 0.065 0.083 0.040 0.378 
277 HI_SS0579    (1)    6 :  0.016 0.014 0.005 0.007 0.012 0.916 0.010 0.011 0.008 
278 HI_SS0580    (1)    6 :  0.019 0.073 0.113 0.007 0.005 0.379 0.349 0.013 0.044 
279 HI_SS0581    (0)    6 :  0.007 0.079 0.067 0.665 0.049 0.013 0.025 0.004 0.091 
280 HI_SS0583    (1)    6 :  0.006 0.008 0.009 0.008 0.003 0.005 0.951 0.006 0.004 
281 HI_SS0586    (1)    6 :  0.003 0.010 0.238 0.010 0.001 0.024 0.658 0.026 0.030 
282 HI_SS0588    (1)    6 :  0.026 0.135 0.026 0.017 0.018 0.336 0.384 0.030 0.028 
283 HI_SS0595    (4)    6 :  0.022 0.013 0.024 0.020 0.023 0.022 0.011 0.856 0.009 
284 HI_SS0596    (0)    6 :  0.660 0.019 0.264 0.008 0.002 0.020 0.005 0.004 0.018 
285 HI_SS0597    (1)    6 :  0.017 0.022 0.614 0.145 0.002 0.021 0.139 0.014 0.025 
286 HI_SS0600    (0)    6 :  0.008 0.852 0.006 0.072 0.005 0.009 0.012 0.018 0.018 
287 HI_SS0601    (1)    6 :  0.003 0.006 0.008 0.020 0.009 0.922 0.008 0.011 0.014 
288 HI_SS0602    (1)    6 :  0.014 0.021 0.020 0.022 0.003 0.684 0.110 0.089 0.039 
289 HI_SS0604    (0)    6 :  0.218 0.023 0.069 0.035 0.001 0.009 0.454 0.037 0.153 
290 HI_SS0605    (1)    6 :  0.014 0.561 0.016 0.012 0.008 0.016 0.115 0.005 0.254 
291 HI_SS0608    (0)    6 :  0.111 0.016 0.061 0.011 0.001 0.011 0.011 0.032 0.746 
292 HI_SS0609    (0)    6 :  0.012 0.058 0.130 0.332 0.001 0.220 0.074 0.034 0.140 
293 HI_SS0611    (5)    6 :  0.009 0.017 0.015 0.009 0.003 0.013 0.191 0.005 0.738 
294 HI_SS0612    (0)    6 :  0.005 0.065 0.017 0.010 0.006 0.876 0.009 0.007 0.004 
295 HI_SS0613    (1)    6 :  0.017 0.006 0.020 0.009 0.002 0.025 0.012 0.008 0.902 
296 HI_SS0615    (1)    6 :  0.054 0.053 0.036 0.131 0.010 0.046 0.007 0.021 0.642 
297 HI_SS0001    (1)    6 :  0.013 0.856 0.021 0.028 0.004 0.019 0.043 0.011 0.004 
298 HI_SS0002    (1)    6 :  0.023 0.021 0.074 0.504 0.033 0.210 0.065 0.023 0.048 
299 HI_SS0004    (0)    6 :  0.537 0.227 0.027 0.011 0.007 0.024 0.096 0.010 0.063 
300 HI_SS0005    (1)    6 :  0.008 0.023 0.056 0.587 0.007 0.049 0.006 0.046 0.219 
301 HI_SS0006    (1)    6 :  0.004 0.004 0.007 0.040 0.002 0.012 0.916 0.006 0.009 
302 HI_SS0007    (1)    6 :  0.919 0.014 0.004 0.006 0.002 0.006 0.013 0.010 0.025 
303 HI_SS0008    (0)    6 :  0.018 0.008 0.556 0.074 0.040 0.131 0.093 0.030 0.049 
304 HI_SS0009    (0)    6 :  0.059 0.066 0.023 0.011 0.005 0.275 0.022 0.012 0.526 
305 HI_SS0010    (1)    6 :  0.109 0.029 0.106 0.120 0.003 0.021 0.008 0.385 0.220 
306 HI_SS0011    (1)    6 :  0.079 0.005 0.102 0.544 0.085 0.116 0.007 0.043 0.018 
307 HI_SS0012    (0)    6 :  0.009 0.028 0.049 0.265 0.005 0.468 0.033 0.054 0.090 
308 HI_SS0017    (1)    6 :  0.970 0.006 0.007 0.004 0.001 0.003 0.004 0.002 0.002 
309 HI_SS0021    (1)    6 :  0.015 0.016 0.247 0.200 0.234 0.006 0.253 0.020 0.010 
310 HI_SS0024    (1)    6 :  0.062 0.016 0.775 0.083 0.002 0.008 0.017 0.019 0.020 
311 HI_SS0025    (1)    6 :  0.042 0.020 0.194 0.014 0.003 0.022 0.127 0.011 0.566 
312 HI_SS0027    (0)    6 :  0.019 0.044 0.012 0.011 0.015 0.123 0.019 0.130 0.628 
313 HI_SS0028    (0)    6 :  0.024 0.003 0.521 0.308 0.001 0.073 0.011 0.038 0.020 
314 HI_SS0029    (1)    6 :  0.010 0.015 0.790 0.025 0.007 0.013 0.123 0.009 0.008 
315 HI_SS0030    (2)    6 :  0.361 0.044 0.030 0.059 0.007 0.086 0.172 0.215 0.026 
316 HI_SS0031    (0)    6 :  0.013 0.016 0.276 0.097 0.004 0.144 0.010 0.429 0.011 
317 HI_SS0034    (0)    6 :  0.016 0.116 0.147 0.013 0.005 0.050 0.460 0.180 0.014 
318 HI_SS0036    (0)    6 :  0.005 0.104 0.021 0.090 0.013 0.005 0.270 0.479 0.012 
319 HI_SS0037    (1)    6 :  0.013 0.059 0.077 0.022 0.005 0.011 0.038 0.175 0.601 
320 HI_SS0039    (0)    6 :  0.069 0.027 0.588 0.148 0.002 0.024 0.045 0.072 0.024 
321 HI_SS0041    (1)    6 :  0.016 0.020 0.029 0.058 0.002 0.011 0.023 0.004 0.838 
322 HI_SS0042    (1)    6 :  0.039 0.006 0.503 0.074 0.124 0.028 0.013 0.011 0.202 
323 HI_SS0043    (1)    6 :  0.013 0.029 0.032 0.031 0.003 0.008 0.119 0.520 0.247 
324 HI_SS0044    (1)    6 :  0.814 0.102 0.032 0.010 0.002 0.005 0.008 0.020 0.005 
325 HI_SS0047    (1)    6 :  0.399 0.021 0.009 0.407 0.003 0.027 0.064 0.010 0.060 
326 HI_SS0049    (1)    6 :  0.022 0.369 0.390 0.025 0.005 0.034 0.012 0.022 0.123 
327 HI_SS0051    (1)    6 :  0.009 0.005 0.005 0.115 0.002 0.021 0.024 0.009 0.810 
328 HI_SS0053    (1)    6 :  0.021 0.771 0.052 0.048 0.005 0.021 0.026 0.038 0.018 
329 HI_SS0054    (4)    6 :  0.009 0.010 0.010 0.345 0.003 0.426 0.071 0.069 0.055 
330 HI_SS0057    (0)    6 :  0.147 0.011 0.025 0.050 0.003 0.021 0.017 0.014 0.711 
331 HI_SS0058    (0)    6 :  0.028 0.013 0.034 0.018 0.007 0.610 0.099 0.018 0.172 
332 HI_SS0060    (0)    6 :  0.010 0.016 0.019 0.222 0.104 0.025 0.009 0.574 0.022 
333 HI_SS0087    (1)    6 :  0.016 0.014 0.041 0.223 0.003 0.193 0.478 0.008 0.024 
334 HI_SS0091    (1)    6 :  0.004 0.044 0.011 0.029 0.001 0.015 0.856 0.011 0.028 
335 HI_SS0095    (1)    6 :  0.009 0.089 0.198 0.058 0.058 0.223 0.345 0.011 0.008 
336 HI_SS0097    (3)    6 :  0.005 0.005 0.062 0.026 0.005 0.739 0.009 0.094 0.055 
337 HI_SS0099    (1)    6 :  0.006 0.007 0.933 0.016 0.003 0.008 0.008 0.007 0.012 
338 HI_SS0103    (0)    6 :  0.910 0.008 0.011 0.024 0.003 0.013 0.018 0.006 0.006 
339 HI_SS0105    (1)    6 :  0.010 0.015 0.007 0.812 0.022 0.032 0.010 0.027 0.065 
340 HI_SS0107    (1)    6 :  0.747 0.021 0.067 0.012 0.001 0.122 0.008 0.010 0.012 
341 HI_SS0108    (1)    6 :  0.265 0.013 0.008 0.010 0.018 0.014 0.519 0.118 0.034 
342 HI_SS0110    (0)    6 :  0.026 0.151 0.075 0.623 0.001 0.020 0.045 0.042 0.016 
343 HI_SS0111    (1)    6 :  0.028 0.268 0.031 0.167 0.039 0.044 0.341 0.027 0.055 
344 HI_SS0112    (0)    6 :  0.047 0.013 0.005 0.004 0.001 0.006 0.008 0.909 0.006 
345 HI_SS0113    (1)    6 :  0.030 0.010 0.803 0.060 0.004 0.031 0.022 0.007 0.033 
346 HI_SS0114    (1)    6 :  0.004 0.025 0.014 0.071 0.005 0.044 0.467 0.349 0.020 
347 HI_SS0115    (1)    6 :  0.017 0.151 0.054 0.011 0.017 0.668 0.039 0.008 0.035 
348 HI_SS0116    (4)    6 :  0.022 0.013 0.292 0.009 0.004 0.009 0.622 0.011 0.018 
349 HI_SS0117    (0)    6 :  0.469 0.021 0.011 0.082 0.002 0.331 0.013 0.068 0.004 
350 HI_SS0118    (0)    6 :  0.014 0.026 0.068 0.246 0.012 0.020 0.572 0.021 0.020 
351 HI_SS0119    (1)    6 :  0.021 0.034 0.008 0.622 0.002 0.020 0.063 0.053 0.177 
352 HI_SS0120    (1)    6 :  0.895 0.010 0.005 0.033 0.004 0.011 0.017 0.020 0.004 
353 HI_SS0121    (0)    6 :  0.005 0.002 0.028 0.887 0.001 0.012 0.019 0.007 0.036 
354 HI_SS0122    (2)    6 :  0.034 0.094 0.016 0.336 0.018 0.026 0.016 0.022 0.438 
355 HI_SS0123    (0)    6 :  0.011 0.012 0.028 0.493 0.006 0.237 0.180 0.009 0.024 
356 HI_SS0124    (1)    6 :  0.081 0.191 0.098 0.027 0.003 0.035 0.005 0.013 0.546 
357 HI_SS0125    (1)    6 :  0.016 0.646 0.086 0.162 0.036 0.021 0.006 0.017 0.009 
358 HI_SS0126    (0)    6 :  0.494 0.019 0.105 0.012 0.001 0.009 0.047 0.302 0.011 
359 HI_SS0127    (0)    6 :  0.011 0.012 0.198 0.024 0.011 0.077 0.009 0.030 0.627 
360 HI_SS0128    (0)    6 :  0.061 0.048 0.699 0.074 0.004 0.021 0.021 0.060 0.014 
361 HI_SS0129    (1)    6 :  0.126 0.569 0.020 0.016 0.010 0.019 0.167 0.021 0.051 
362 HI_SS0131    (2)    6 :  0.008 0.146 0.015 0.049 0.032 0.040 0.009 0.678 0.022 
363 HI_SS0132    (0)    6 :  0.014 0.419 0.077 0.354 0.001 0.028 0.012 0.048 0.047 
364 HI_SS0133    (1)    6 :  0.078 0.015 0.005 0.006 0.002 0.003 0.015 0.867 0.009 
365 HI_SS0134    (1)    6 :  0.062 0.018 0.021 0.300 0.002 0.049 0.504 0.029 0.015 
366 HI_SS0142    (3)    6 :  0.005 0.011 0.106 0.543 0.017 0.154 0.135 0.025 0.005 
367 HI_SS0145    (0)    6 :  0.005 0.025 0.020 0.015 0.002 0.883 0.031 0.008 0.011 
368 HI_SS0146    (1)    6 :  0.009 0.014 0.004 0.009 0.001 0.007 0.012 0.939 0.005 
369 HI_SS0147    (1)    6 :  0.169 0.008 0.033 0.051 0.026 0.115 0.016 0.005 0.577 
370 HI_SS0149    (1)    6 :  0.005 0.008 0.012 0.907 0.005 0.007 0.006 0.043 0.008 
371 HI_SS0150    (2)    6 :  0.047 0.256 0.024 0.506 0.005 0.021 0.009 0.110 0.022 
372 HI_SS0151    (0)    6 :  0.040 0.249 0.005 0.008 0.015 0.183 0.099 0.047 0.354 
373 NS_SS1451    (1)    6 :  0.016 0.761 0.047 0.083 0.004 0.024 0.005 0.012 0.050 
374 NS_SS1404    (0)    6 :  0.898 0.009 0.010 0.026 0.011 0.021 0.005 0.004 0.015 
375 NS_SS1432    (2)    6 :  0.011 0.010 0.805 0.108 0.030 0.004 0.011 0.005 0.015 
376 NS_SS1405    (5)    6 :  0.014 0.015 0.891 0.012 0.004 0.010 0.039 0.009 0.006 
377 NS_SS1431   (10)    6 :  0.026 0.008 0.692 0.214 0.001 0.009 0.015 0.013 0.023 
378 NS_SS1402    (3)    6 :  0.023 0.055 0.028 0.049 0.003 0.596 0.123 0.105 0.018 
379 NS_SS1450    (3)    6 :  0.038 0.535 0.072 0.081 0.004 0.036 0.181 0.040 0.012 
380 NS_SS1396    (0)    6 :  0.007 0.015 0.476 0.293 0.008 0.019 0.025 0.032 0.123 
381 NS_SS1393    (5)    6 :  0.004 0.011 0.021 0.016 0.005 0.035 0.836 0.008 0.065 
382 NS_SS1392   (10)    6 :  0.798 0.089 0.009 0.025 0.019 0.009 0.008 0.012 0.029 
383 NS_SS1445    (0)    6 :  0.006 0.019 0.069 0.092 0.011 0.025 0.734 0.017 0.028 
384 NS_SS1423    (0)    6 :  0.917 0.010 0.011 0.017 0.002 0.017 0.010 0.012 0.004 
385 NS_SS1421    (9)    6 :  0.016 0.010 0.011 0.012 0.095 0.010 0.010 0.819 0.016 
386 NS_SS1411    (6)    6 :  0.679 0.009 0.012 0.030 0.002 0.010 0.158 0.030 0.070 
387 NS_SS1453    (6)    6 :  0.029 0.013 0.041 0.509 0.006 0.017 0.125 0.110 0.151 
388 NS_SS1442    (3)    6 :  0.013 0.004 0.010 0.236 0.004 0.018 0.684 0.024 0.008 
389 NS_SS1422    (1)    6 :  0.011 0.250 0.006 0.017 0.011 0.640 0.021 0.016 0.029 
390 NS_SS1419    (1)    6 :  0.004 0.011 0.014 0.011 0.143 0.011 0.006 0.011 0.790 
391 NS_SS1427    (0)    6 :  0.005 0.967 0.006 0.003 0.002 0.003 0.005 0.007 0.003 
392 NS_SS1444    (4)    6 :  0.017 0.034 0.771 0.006 0.004 0.012 0.014 0.013 0.129 
393 NS_SS1455    (0)    6 :  0.050 0.007 0.082 0.294 0.001 0.425 0.101 0.027 0.014 
394 NS_SS1425    (2)    6 :  0.032 0.012 0.010 0.058 0.002 0.010 0.017 0.669 0.191 
395 NS_SS1400    (0)    6 :  0.266 0.007 0.019 0.105 0.001 0.025 0.516 0.039 0.022 
396 NS_SS1406    (2)    6 :  0.005 0.006 0.057 0.413 0.010 0.474 0.008 0.013 0.014 
397 NS_SS1417    (6)    6 :  0.023 0.016 0.116 0.281 0.008 0.171 0.343 0.028 0.015 
398 NS_SS1454    (3)    6 :  0.006 0.019 0.151 0.654 0.002 0.031 0.048 0.033 0.055 
399 NS_SS1412    (1)    6 :  0.242 0.111 0.330 0.075 0.019 0.054 0.087 0.012 0.069 
400 NS_SS1438    (1)    6 :  0.016 0.026 0.005 0.011 0.001 0.027 0.753 0.026 0.133 
401 NS_SS1416    (4)    6 :  0.016 0.011 0.100 0.327 0.009 0.075 0.122 0.010 0.330 
402 NS_SS1401    (0)    6 :  0.126 0.023 0.402 0.274 0.014 0.034 0.030 0.076 0.021 
403 NS_SS1424    (6)    6 :  0.024 0.010 0.016 0.530 0.014 0.015 0.366 0.017 0.008 
404 NS_SS1435   (10)    6 :  0.076 0.065 0.033 0.041 0.004 0.009 0.019 0.745 0.009 
405 NS_SS1447    (4)    6 :  0.042 0.015 0.204 0.376 0.009 0.058 0.040 0.200 0.056 
406 NS_SS1414    (3)    6 :  0.110 0.007 0.150 0.035 0.010 0.491 0.066 0.047 0.084 
407 NS_SS1449   (14)    6 :  0.010 0.791 0.006 0.011 0.003 0.014 0.004 0.014 0.148 
408 NS_SS1443    (4)    6 :  0.012 0.430 0.008 0.039 0.002 0.281 0.045 0.159 0.023 
409 NS_SS1434    (1)    6 :  0.355 0.415 0.073 0.006 0.001 0.019 0.116 0.009 0.006 
410 NS_SS1398    (1)    6 :  0.023 0.024 0.029 0.046 0.023 0.009 0.012 0.813 0.022 
411 NS_SS1426    (1)    6 :  0.014 0.035 0.036 0.032 0.002 0.038 0.798 0.017 0.028 
412 NS_SS1413    (0)    6 :  0.901 0.007 0.011 0.006 0.008 0.005 0.012 0.044 0.007 
413 NS_SS1395    (1)    6 :  0.019 0.034 0.015 0.318 0.009 0.009 0.496 0.079 0.021 
414 NS_SS1448   (10)    6 :  0.030 0.862 0.017 0.006 0.002 0.006 0.004 0.051 0.022 
415 NS_SS1446    (0)    6 :  0.028 0.764 0.019 0.056 0.004 0.017 0.092 0.010 0.010 
416 NS_SS1403    (2)    6 :  0.005 0.005 0.084 0.137 0.007 0.014 0.676 0.060 0.014 
417 NS_SS1415    (0)    6 :  0.171 0.054 0.043 0.147 0.013 0.023 0.033 0.450 0.067 
418 NS_SS1437    (4)    6 :  0.006 0.010 0.897 0.028 0.007 0.026 0.010 0.010 0.007 
419 NS_SS1439    (2)    6 :  0.006 0.026 0.012 0.047 0.003 0.844 0.047 0.010 0.005 
420 NS_SS1441    (3)    6 :  0.068 0.303 0.057 0.041 0.003 0.289 0.027 0.197 0.015 
421 NS_SS1420    (2)    6 :  0.007 0.017 0.010 0.007 0.002 0.010 0.005 0.005 0.936 
422 NS_SS1394    (2)    6 :  0.006 0.015 0.777 0.036 0.032 0.011 0.005 0.013 0.106 
423 NS_SS1391    (7)    6 :  0.775 0.009 0.047 0.010 0.015 0.047 0.059 0.030 0.007 
424 NS_SS1410    (5)    6 :  0.032 0.042 0.017 0.337 0.016 0.014 0.391 0.129 0.023 
425 NS_SS1408    (1)    6 :  0.017 0.036 0.063 0.329 0.064 0.019 0.203 0.246 0.023 
426 NS_SS1409    (1)    6 :  0.017 0.237 0.097 0.049 0.003 0.026 0.530 0.016 0.026 
427 HI_SS0617    (1)    7 :  0.101 0.034 0.017 0.018 0.002 0.043 0.746 0.005 0.034 
428 HI_SS0618    (2)    7 :  0.007 0.018 0.246 0.033 0.003 0.042 0.022 0.007 0.623 
429 HI_SS0619    (0)    7 :  0.044 0.370 0.330 0.053 0.003 0.097 0.013 0.011 0.078 
430 HI_SS0620    (1)    7 :  0.016 0.870 0.005 0.004 0.002 0.008 0.017 0.025 0.052 
431 HI_SS0621    (3)    7 :  0.010 0.458 0.323 0.056 0.015 0.078 0.020 0.020 0.020 
432 HI_SS0622    (1)    7 :  0.013 0.157 0.494 0.017 0.017 0.091 0.007 0.064 0.140 
433 HI_SS0626    (0)    7 :  0.097 0.071 0.107 0.338 0.010 0.015 0.016 0.009 0.338 
434 HI_SS0627    (0)    7 :  0.009 0.008 0.021 0.412 0.007 0.010 0.488 0.009 0.035 
