   NS_SS0963  1 0.1773 0.0043 0.8184 
   NS_SS0983  1 0.9802 0.0038 0.0160 
   NS_SS0719  1 0.8565 0.0049 0.1386 
   NS_SS1001  1 0.3158 0.0056 0.6787 
   NS_SS0936  1 0.2366 0.0024 0.7610 
   NS_SS0955  1 0.9572 0.0036 0.0392 
   NS_SS0944  1 0.9510 0.0016 0.0473 
   NS_SS0945  1 0.1599 0.0080 0.8321 
   NS_SS0922  1 0.0487 0.0244 0.9269 
   NS_SS0929  1 0.8536 0.0027 0.1437 
   NS_SS0956  1 0.0180 0.0032 0.9788 
   NS_SS0906  1 0.4435 0.0028 0.5537 
   NS_SS0721  1 0.2461 0.0041 0.7498 
   NS_SS0982  1 0.0514 0.0145 0.9341 
   NS_SS0923  1 0.2325 0.0044 0.7631 
   NS_SS0905  1 0.8423 0.0016 0.1561 
   NS_SS0925  1 0.1520 0.0043 0.8437 
   NS_SS0947  1 0.0406 0.0039 0.9555 
   NS_SS0926  1 0.9891 0.0013 0.0097 
   NS_SS0918  1 0.0405 0.0020 0.9575 
   NS_SS0966  1 0.1909 0.0440 0.7650 
   NS_SS0938  1 0.0203 0.0013 0.9784 
   NS_SS0917  1 0.7130 0.0433 0.2437 
   NS_SS0957  1 0.0533 0.0052 0.9415 
   NS_SS0987  1 0.0914 0.2404 0.6682 
   NS_SS0717  1 0.0271 0.0022 0.9707 
   NS_SS0986  1 0.0608 0.0028 0.9365 
   NS_SS0953  1 0.0459 0.0147 0.9394 
   NS_SS0907  1 0.3156 0.0394 0.6451 
   NS_SS0974  1 0.8575 0.0033 0.1392 
   NS_SS0989  1 0.9682 0.0011 0.0308 
   NS_SS0991  1 0.9558 0.0017 0.0426 
   NS_SS0994  1 0.9919 0.0016 0.0064 
   NS_SS0931  1 0.9441 0.0092 0.0467 
   NS_SS1000  1 0.0274 0.0031 0.9694 
   NS_SS0919  1 0.8932 0.0028 0.1040 
   NS_SS0949  1 0.9869 0.0014 0.0117 
   NS_SS0960  1 0.9748 0.0060 0.0192 
   NS_SS0716  1 0.0065 0.0050 0.9886 
   NS_SS0924  1 0.9157 0.0184 0.0659 
   NS_SS0935  1 0.9850 0.0063 0.0087 
   NS_SS0952  1 0.9448 0.0295 0.0258 
   NS_SS0962  1 0.0087 0.0047 0.9867 
   NS_SS0973  1 0.8737 0.0043 0.1221 
   NS_SS0722  1 0.0387 0.0021 0.9592 
   NS_SS0979  1 0.1291 0.0017 0.8692 
   NS_SS0993  1 0.1843 0.0166 0.7991 
   NS_SS0958  1 0.9453 0.0025 0.0522 
   NS_SS0988  1 0.1452 0.0043 0.8505 
   NS_SS1003  1 0.0293 0.0087 0.9620 
   NS_SS0976  1 0.9462 0.0018 0.0520 
   NS_SS0964  1 0.0323 0.0022 0.9655 
   NS_SS0939  1 0.0182 0.0044 0.9774 
   NS_SS0990  1 0.1199 0.0028 0.8773 
   NS_SS0984  1 0.0124 0.0016 0.9860 
   NS_SS0980  1 0.5809 0.0019 0.4172 
   NS_SS0978  1 0.6451 0.0033 0.3516 
   NS_SS0951  1 0.7721 0.0030 0.2249 
   NS_SS0913  1 0.0991 0.0361 0.8649 
   NS_SS1002  1 0.0105 0.0325 0.9570 
   NS_SS0948  1 0.1311 0.0379 0.8310 
   NS_SS0916  1 0.8348 0.0046 0.1606 
   NS_SS0995  1 0.1384 0.0029 0.8587 
   NS_SS0927  1 0.5714 0.0050 0.4236 
   NS_SS0992  1 0.9000 0.0026 0.0973 
   NS_SS0912  1 0.5109 0.0025 0.4865 
   NS_SS0981  1 0.2175 0.0032 0.7793 
   NS_SS0729  2 0.9888 0.0028 0.0084 
   NS_SS0967  2 0.2351 0.0098 0.7550 
   NS_SS0941  2 0.5304 0.0800 0.3896 
   NS_SS0768  2 0.0244 0.0037 0.9719 
   NS_SS0726  2 0.9780 0.0077 0.0143 
   NS_SS0763  2 0.9740 0.0020 0.0240 
   NS_SS0730  2 0.0086 0.0026 0.9889 
   NS_SS0774  2 0.0089 0.0008 0.9904 
   NS_SS0723  2 0.0383 0.0016 0.9601 
   NS_SS0940  2 0.8469 0.0072 0.1459 
   NS_SS0762  2 0.0305 0.0024 0.9671 
   NS_SS0766  2 0.6141 0.0134 0.3725 
   NS_SS0724  2 0.0284 0.0034 0.9682 
   NS_SS0769  2 0.0697 0.0029 0.9273 
   NS_SS0777  2 0.4363 0.0122 0.5515 
   NS_SS0734  2 0.7991 0.0263 0.1746 
   NS_SS0737  2 0.0106 0.0042 0.9852 
   NS_SS0732  2 0.0806 0.0043 0.9151 
   NS_SS0728  2 0.2133 0.0104 0.7763 
   NS_SS0735  2 0.0932 0.0078 0.8990 
   NS_SS0725  2 0.0244 0.0061 0.9695 
   NS_SS0788  2 0.2718 0.0013 0.7269 
   NS_SS0778  2 0.3493 0.0014 0.6493 
   NS_SS0792  2 0.3220 0.0053 0.6727 
   NS_SS0943  2 0.9789 0.0068 0.0143 
   NS_SS0791  2 0.7604 0.0164 0.2231 
   NS_SS0790  2 0.0041 0.0033 0.9926 
   NS_SS0731  2 0.0113 0.0102 0.9786 
   NS_SS0727  2 0.9555 0.0018 0.0426 
   NS_SS0779  2 0.2707 0.0053 0.7240 
   NS_SS0776  2 0.5334 0.0062 0.4604 
   NS_SS0775  2 0.0147 0.0062 0.9791 
   NS_SS0965  3 0.1154 0.0017 0.8829 
   NS_SS0754  3 0.9383 0.0112 0.0505 
   NS_SS0838  3 0.1749 0.0359 0.7892 
   NS_SS0839  3 0.0094 0.0028 0.9879 
   NS_SS0832  3 0.0098 0.0345 0.9556 
   NS_SS0820  3 0.0094 0.0057 0.9848 
   NS_SS0886  3 0.8668 0.0020 0.1311 
   NS_SS0748  3 0.6289 0.0076 0.3635 
   NS_SS0884  3 0.2920 0.0230 0.6850 
   NS_SS0752  3 0.4246 0.0017 0.5737 
   NS_SS0862  3 0.0306 0.0036 0.9658 
   NS_SS0787  3 0.9704 0.0056 0.0241 
   NS_SS0843  3 0.3673 0.0017 0.6309 
   NS_SS0856  3 0.0324 0.0028 0.9648 
   NS_SS0846  3 0.6519 0.0032 0.3450 
   NS_SS0825  3 0.0479 0.0079 0.9442 
   NS_SS0757  3 0.7675 0.0036 0.2289 
   NS_SS0876  3 0.0398 0.2051 0.7551 
   NS_SS0903  3 0.1164 0.0024 0.8812 
   NS_SS0875  3 0.0557 0.0025 0.9418 
   NS_SS0740  3 0.8755 0.0027 0.1218 
   NS_SS0811  3 0.0359 0.0083 0.9558 
   NS_SS0751  3 0.1111 0.0021 0.8867 
   NS_SS0891  3 0.0422 0.0050 0.9528 
   NS_SS0867  3 0.9239 0.0279 0.0482 
   NS_SS0890  3 0.9001 0.0033 0.0966 
   NS_SS0866  3 0.9389 0.0048 0.0563 
   NS_SS0755  3 0.5688 0.0068 0.4244 
   NS_SS0758  3 0.2403 0.0020 0.7577 
   NS_SS0840  3 0.0098 0.0019 0.9883 
   NS_SS0889  3 0.8573 0.0020 0.1407 
   NS_SS1010  3 0.1177 0.0393 0.8430 
   NS_SS0888  3 0.9911 0.0014 0.0076 
   NS_SS0837  3 0.2786 0.0026 0.7188 
   NS_SS0794  3 0.9745 0.0017 0.0239 
   NS_SS0823  3 0.0286 0.0034 0.9679 
   NS_SS0829  3 0.8858 0.1025 0.0118 
   NS_SS0844  3 0.0118 0.0017 0.9865 
   NS_SS1008  3 0.9045 0.0114 0.0841 
   NS_SS0881  3 0.7210 0.0023 0.2767 
   NS_SS0834  3 0.0260 0.0061 0.9680 
   NS_SS0744  3 0.5411 0.0064 0.4525 
   NS_SS0899  3 0.0103 0.0014 0.9883 
   NS_SS0804  3 0.0087 0.0032 0.9881 
   NS_SS0781  3 0.0053 0.0025 0.9921 
   NS_SS0822  3 0.9320 0.0020 0.0659 
   NS_SS1004  3 0.6481 0.0036 0.3483 
   NS_SS0746  3 0.7300 0.0126 0.2574 
   NS_SS0880  3 0.3562 0.0016 0.6423 
   NS_SS0879  3 0.0521 0.0104 0.9375 
   NS_SS0753  3 0.9785 0.0095 0.0120 
   NS_SS1007  3 0.3843 0.0018 0.6140 
   NS_SS0872  3 0.0137 0.0019 0.9844 
   NS_SS1005  3 0.0249 0.0009 0.9742 
   NS_SS0892  3 0.2846 0.0019 0.7135 
   NS_SS0898  3 0.8509 0.0057 0.1434 
   NS_SS0801  3 0.1854 0.0103 0.8043 
   NS_SS0827  3 0.4066 0.1278 0.4656 
   NS_SS0853  3 0.1086 0.0055 0.8859 
   NS_SS0780  3 0.0344 0.0038 0.9618 
   NS_SS0826  3 0.3157 0.0036 0.6807 
   NS_SS0818  3 0.0902 0.0014 0.9084 
   NS_SS0745  3 0.0063 0.0011 0.9926 
   NS_SS0849  3 0.1241 0.0015 0.8743 
   NS_SS0739  3 0.0628 0.0114 0.9259 
   NS_SS0799  3 0.9842 0.0012 0.0147 
   NS_SS0756  3 0.0089 0.0029 0.9882 
   NS_SS0802  3 0.3412 0.2045 0.4543 
   NS_SS0747  3 0.7412 0.0059 0.2529 
   NS_SS0835  3 0.9779 0.0010 0.0211 
   NS_SS0742  3 0.1631 0.0012 0.8357 
   NS_SS0760  3 0.9468 0.0385 0.0147 
   NS_SS0803  3 0.0172 0.0066 0.9762 
   NS_SS0828  3 0.9249 0.0012 0.0739 
   NS_SS0865  3 0.2849 0.0267 0.6884 
   NS_SS0759  3 0.0141 0.0036 0.9822 
   NS_SS0851  3 0.0050 0.0102 0.9847 
   NS_SS0874  3 0.0291 0.0014 0.9695 
   NS_SS0761  3 0.9536 0.0023 0.0440 
   NS_SS0842  3 0.8121 0.0079 0.1800 
   NS_SS0785  3 0.7355 0.0055 0.2590 
   NS_SS0860  3 0.9414 0.0023 0.0564 
   NS_SS0897  3 0.9885 0.0016 0.0100 
   NS_SS0841  3 0.0186 0.0027 0.9787 
   NS_SS0797  3 0.8770 0.0237 0.0993 
   NS_SS0830  3 0.6379 0.0021 0.3600 
   NS_SS1011  3 0.0218 0.0052 0.9729 
   NS_SS0883  3 0.9020 0.0060 0.0920 
   NS_SS0782  3 0.1222 0.0023 0.8755 
   NS_SS0831  3 0.9769 0.0031 0.0200 
   NS_SS0749  3 0.9491 0.0034 0.0475 
   NS_SS0854  3 0.8509 0.0027 0.1464 
   HI_SS0193  4 0.9819 0.0014 0.0167 
   HI_SS0194  4 0.0291 0.0015 0.9694 
   HI_SS0195  4 0.0061 0.0779 0.9160 
   HI_SS0196  4 0.5911 0.0028 0.4061 
   HI_SS0197  4 0.0090 0.0108 0.9802 
   HI_SS0198  4 0.3712 0.0107 0.6182 
   HI_SS0199  4 0.9619 0.0021 0.0360 
   HI_SS0201  4 0.9892 0.0021 0.0086 
   HI_SS0215  4 0.8981 0.0029 0.0990 
   HI_SS0218  4 0.9875 0.0051 0.0074 
   HI_SS0222  4 0.0534 0.0034 0.9431 
   HI_SS0230  4 0.0355 0.0052 0.9593 
   HI_SS0234  4 0.3309 0.1584 0.5107 
   HI_SS0240  4 0.2112 0.0072 0.7816 
   HI_SS0241  4 0.9785 0.0021 0.0195 
   HI_SS0242  4 0.6318 0.0030 0.3652 
   HI_SS0247  4 0.0229 0.0171 0.9600 
   HI_SS0248  4 0.9923 0.0006 0.0071 
   HI_SS0252  4 0.0417 0.0015 0.9567 
   HI_SS0254  4 0.9054 0.0800 0.0147 
   HI_SS0256  4 0.0052 0.0013 0.9935 
   HI_SS0257  4 0.9814 0.0031 0.0155 
   HI_SS0258  4 0.9763 0.0043 0.0194 
   HI_SS0259  4 0.0461 0.0023 0.9516 
   HI_SS0260  4 0.9692 0.0016 0.0292 
   HI_SS0261  4 0.9650 0.0027 0.0323 
   HI_SS0262  4 0.0412 0.0062 0.9527 
   HI_SS0264  4 0.0105 0.0036 0.9860 
   HI_SS0265  4 0.0664 0.0835 0.8501 
   HI_SS0268  4 0.0338 0.0027 0.9634 
   HI_SS0269  4 0.9914 0.0017 0.0069 
   HI_SS0273  4 0.9547 0.0015 0.0438 
   HI_SS0277  4 0.1232 0.0025 0.8743 
   HI_SS0280  4 0.4901 0.0055 0.5044 
   HI_SS0282  4 0.9569 0.0012 0.0420 
   HI_SS0286  4 0.5187 0.0082 0.4731 
   NS_SS1252  5 0.9809 0.0038 0.0153 
   NS_SS1261  5 0.0854 0.0136 0.9010 
   NS_SS1225  5 0.7247 0.1044 0.1710 
   NS_SS1266  5 0.0067 0.0068 0.9865 
   NS_SS1228  5 0.0614 0.0130 0.9257 
   NS_SS1255  5 0.2064 0.0013 0.7923 
   NS_SS1267  5 0.9839 0.0104 0.0057 
   NS_SS1238  5 0.2556 0.0024 0.7420 
   NS_SS1233  5 0.1055 0.0018 0.8927 
   NS_SS1277  5 0.9827 0.0009 0.0164 
   NS_SS1245  5 0.9451 0.0018 0.0531 
   NS_SS1240  5 0.9802 0.0019 0.0180 
   NS_SS1275  5 0.0067 0.0022 0.9910 
   NS_SS1235  5 0.5077 0.0061 0.4862 
   NS_SS1263  5 0.1266 0.0009 0.8724 
   NS_SS1251  5 0.1367 0.0012 0.8621 
   NS_SS1248  5 0.1966 0.0869 0.7165 
   NS_SS1244  5 0.8814 0.0043 0.1143 
   NS_SS1257  5 0.9281 0.0282 0.0437 
   NS_SS1242  5 0.0055 0.0019 0.9926 
   NS_SS1271  5 0.9651 0.0259 0.0090 
   NS_SS1265  5 0.6032 0.0186 0.3782 
   NS_SS1243  5 0.0466 0.0686 0.8848 
   NS_SS1273  5 0.0098 0.0080 0.9822 
   NS_SS1254  5 0.3627 0.0064 0.6309 
   NS_SS1224  5 0.0214 0.0072 0.9714 
   NS_SS1227  5 0.9884 0.0016 0.0099 
   NS_SS1274  5 0.9401 0.0163 0.0436 
   NS_SS1241  5 0.9812 0.0009 0.0179 
   NS_SS1256  5 0.2209 0.0368 0.7423 
   NS_SS1260  5 0.8347 0.0748 0.0905 
   NS_SS1262  5 0.7634 0.1816 0.0549 
   NS_SS1230  5 0.8597 0.0075 0.1328 
   NS_SS1270  5 0.0465 0.0019 0.9516 
   NS_SS1229  5 0.1445 0.0032 0.8523 
   NS_SS1246  5 0.9624 0.0029 0.0347 
   NS_SS1269  5 0.2031 0.0021 0.7948 
   NS_SS1239  5 0.1745 0.0048 0.8207 
   NS_SS1272  5 0.0296 0.0051 0.9653 
   NS_SS1268  5 0.1758 0.0020 0.8222 
   NS_SS1249  5 0.9809 0.0103 0.0088 
   HI_SS0559  6 0.8700 0.0016 0.1284 
   HI_SS0563  6 0.4046 0.0028 0.5926 
   HI_SS0564  6 0.2146 0.0643 0.7211 
   HI_SS0565  6 0.5887 0.0030 0.4082 
   HI_SS0569  6 0.9861 0.0019 0.0119 
   HI_SS0570  6 0.9578 0.0308 0.0114 
   HI_SS0572  6 0.0489 0.0022 0.9489 
   HI_SS0576  6 0.1017 0.0057 0.8926 
   HI_SS0579  6 0.9535 0.0150 0.0316 
   HI_SS0580  6 0.6900 0.0044 0.3056 
   HI_SS0581  6 0.0173 0.0555 0.9272 
   HI_SS0583  6 0.5756 0.0025 0.4218 
   HI_SS0586  6 0.9856 0.0010 0.0134 
   HI_SS0588  6 0.9584 0.0162 0.0253 
   HI_SS0595  6 0.8776 0.0243 0.0980 
   HI_SS0596  6 0.0177 0.0017 0.9806 
   HI_SS0597  6 0.0143 0.0017 0.9840 
   HI_SS0600  6 0.6448 0.0037 0.3515 
   HI_SS0601  6 0.8978 0.0107 0.0915 
   HI_SS0602  6 0.9124 0.0024 0.0852 
   HI_SS0604  6 0.3018 0.0018 0.6964 
   HI_SS0605  6 0.7853 0.0066 0.2080 
   HI_SS0608  6 0.7985 0.0012 0.2003 
   HI_SS0609  6 0.0381 0.0009 0.9610 
   HI_SS0611  6 0.9512 0.0027 0.0462 
   HI_SS0612  6 0.8512 0.0073 0.1415 
   HI_SS0613  6 0.1992 0.0013 0.7995 
   HI_SS0615  6 0.0480 0.0086 0.9434 
   HI_SS0001  6 0.8279 0.0037 0.1684 
   HI_SS0002  6 0.0404 0.0225 0.9371 
   HI_SS0004  6 0.8818 0.0048 0.1135 
   HI_SS0005  6 0.2055 0.0057 0.7888 
   HI_SS0006  6 0.4895 0.0016 0.5089 
   HI_SS0007  6 0.9852 0.0019 0.0129 
   HI_SS0008  6 0.6991 0.0453 0.2556 
   HI_SS0009  6 0.1637 0.0044 0.8319 
   HI_SS0010  6 0.9625 0.0028 0.0347 
   HI_SS0011  6 0.0649 0.0789 0.8561 
   HI_SS0012  6 0.0532 0.0043 0.9425 
   HI_SS0017  6 0.0552 0.0017 0.9431 
   HI_SS0021  6 0.3251 0.2459 0.4290 
   HI_SS0024  6 0.0304 0.0016 0.9680 
   HI_SS0025  6 0.0249 0.0028 0.9723 
   HI_SS0027  6 0.9784 0.0105 0.0111 
   HI_SS0028  6 0.0086 0.0014 0.9900 
   HI_SS0029  6 0.0649 0.0066 0.9285 
   HI_SS0030  6 0.9759 0.0047 0.0194 
   HI_SS0031  6 0.7302 0.0036 0.2662 
   HI_SS0034  6 0.9858 0.0043 0.0100 
   HI_SS0036  6 0.9739 0.0104 0.0157 
   HI_SS0037  6 0.6963 0.0040 0.2997 
   HI_SS0039  6 0.9564 0.0029 0.0407 
   HI_SS0041  6 0.0141 0.0015 0.9843 
   HI_SS0042  6 0.0690 0.1129 0.8181 
   HI_SS0043  6 0.9895 0.0027 0.0078 
   HI_SS0044  6 0.2427 0.0025 0.7548 
   HI_SS0047  6 0.1415 0.0021 0.8564 
   HI_SS0049  6 0.1817 0.0036 0.8147 
   HI_SS0051  6 0.2748 0.0024 0.7227 
   HI_SS0053  6 0.9878 0.0041 0.0081 
   HI_SS0054  6 0.9885 0.0032 0.0083 
   HI_SS0057  6 0.6080 0.0028 0.3892 
   HI_SS0058  6 0.6585 0.0059 0.3356 
   HI_SS0060  6 0.8266 0.0885 0.0849 
   HI_SS0087  6 0.3882 0.0023 0.6095 
   HI_SS0091  6 0.9814 0.0012 0.0175 
   HI_SS0095  6 0.7967 0.0635 0.1399 
   HI_SS0097  6 0.4625 0.0041 0.5334 
   HI_SS0099  6 0.0158 0.0034 0.9808 
   HI_SS0103  6 0.1074 0.0030 0.8896 
   HI_SS0105  6 0.0632 0.0196 0.9172 
   HI_SS0107  6 0.0165 0.0009 0.9825 
   HI_SS0108  6 0.9772 0.0175 0.0053 
   HI_SS0110  6 0.7092 0.0013 0.2895 
   HI_SS0111  6 0.0744 0.0223 0.9033 
   HI_SS0112  6 0.9938 0.0011 0.0051 
   HI_SS0113  6 0.0094 0.0026 0.9880 
   HI_SS0114  6 0.9669 0.0048 0.0284 
   HI_SS0115  6 0.7834 0.0166 0.2000 
   HI_SS0116  6 0.8478 0.0033 0.1489 
   HI_SS0117  6 0.8722 0.0022 0.1257 
   HI_SS0118  6 0.6641 0.0103 0.3257 
   HI_SS0119  6 0.9607 0.0021 0.0371 
   HI_SS0120  6 0.0093 0.0028 0.9880 
   HI_SS0121  6 0.0103 0.0014 0.9883 
   HI_SS0122  6 0.0770 0.0189 0.9041 
   HI_SS0123  6 0.2678 0.0048 0.7273 
   HI_SS0124  6 0.0187 0.0024 0.9789 
   HI_SS0125  6 0.0337 0.0338 0.9325 
   HI_SS0126  6 0.9906 0.0008 0.0086 
   HI_SS0127  6 0.8175 0.0098 0.1727 
   HI_SS0128  6 0.5314 0.0027 0.4660 
   HI_SS0129  6 0.5651 0.0094 0.4255 
   HI_SS0131  6 0.5290 0.0388 0.4322 
   HI_SS0132  6 0.6647 0.0006 0.3347 
   HI_SS0133  6 0.9949 0.0011 0.0040 
   HI_SS0134  6 0.7265 0.0019 0.2715 
   HI_SS0142  6 0.1046 0.0157 0.8798 
   HI_SS0145  6 0.9369 0.0014 0.0617 
   HI_SS0146  6 0.9733 0.0013 0.0254 
   HI_SS0147  6 0.0086 0.0182 0.9731 
   HI_SS0149  6 0.3993 0.0038 0.5969 
   HI_SS0150  6 0.0271 0.0035 0.9694 
   HI_SS0151  6 0.8683 0.0123 0.1195 
   NS_SS1451  6 0.0125 0.0028 0.9847 
   NS_SS1404  6 0.0191 0.0076 0.9733 
   NS_SS1432  6 0.0077 0.0278 0.9644 
   NS_SS1405  6 0.1109 0.0028 0.8863 
   NS_SS1431  6 0.0218 0.0008 0.9774 
   NS_SS1402  6 0.1179 0.0024 0.8798 
   NS_SS1450  6 0.9038 0.0043 0.0919 
   NS_SS1396  6 0.0290 0.0040 0.9670 
   NS_SS1393  6 0.3385 0.0036 0.6579 
   NS_SS1392  6 0.0783 0.0170 0.9047 
   NS_SS1445  6 0.9219 0.0094 0.0687 
   NS_SS1423  6 0.9573 0.0013 0.0414 
   NS_SS1421  6 0.7148 0.0976 0.1876 
   NS_SS1411  6 0.9581 0.0016 0.0404 
   NS_SS1453  6 0.7154 0.0059 0.2787 
   NS_SS1442  6 0.2040 0.0031 0.7929 
   NS_SS1422  6 0.8105 0.0115 0.1779 
   NS_SS1419  6 0.0941 0.1571 0.7488 
   NS_SS1427  6 0.9916 0.0018 0.0066 
   NS_SS1444  6 0.0217 0.0033 0.9750 
   NS_SS1455  6 0.0073 0.0012 0.9914 
   NS_SS1425  6 0.9887 0.0014 0.0100 
   NS_SS1400  6 0.9493 0.0016 0.0492 
   NS_SS1406  6 0.0189 0.0073 0.9737 
   NS_SS1417  6 0.1113 0.0059 0.8828 
   NS_SS1454  6 0.3798 0.0012 0.6191 
   NS_SS1412  6 0.6301 0.0223 0.3476 
   NS_SS1438  6 0.9821 0.0012 0.0167 
   NS_SS1416  6 0.0156 0.0052 0.9791 
   NS_SS1401  6 0.0624 0.0102 0.9274 
   NS_SS1424  6 0.6028 0.0139 0.3833 
   NS_SS1435  6 0.7422 0.0026 0.2552 
   NS_SS1447  6 0.0110 0.0052 0.9838 
   NS_SS1414  6 0.0144 0.0060 0.9796 
   NS_SS1449  6 0.5807 0.0044 0.4149 
   NS_SS1443  6 0.9920 0.0015 0.0065 
   NS_SS1434  6 0.8473 0.0007 0.1520 
   NS_SS1398  6 0.4307 0.0228 0.5465 
   NS_SS1426  6 0.9879 0.0022 0.0099 
   NS_SS1413  6 0.9812 0.0088 0.0099 
   NS_SS1395  6 0.9729 0.0089 0.0182 
   NS_SS1448  6 0.8641 0.0016 0.1343 
   NS_SS1446  6 0.3686 0.0030 0.6283 
   NS_SS1403  6 0.2106 0.0058 0.7836 
   NS_SS1415  6 0.9790 0.0080 0.0130 
   NS_SS1437  6 0.2209 0.0082 0.7710 
   NS_SS1439  6 0.1106 0.0025 0.8869 
   NS_SS1441  6 0.9693 0.0020 0.0287 
   NS_SS1420  6 0.0104 0.0026 0.9869 
   NS_SS1394  6 0.0595 0.0338 0.9067 
   NS_SS1391  6 0.8317 0.0128 0.1555 
   NS_SS1410  6 0.3291 0.0121 0.6589 
   NS_SS1408  6 0.5755 0.0557 0.3688 
   NS_SS1409  6 0.2814 0.0026 0.7161 
   HI_SS0617  7 0.5523 0.0012 0.4466 
   HI_SS0618  7 0.1211 0.0020 0.8769 
   HI_SS0619  7 0.1879 0.0033 0.8088 
   HI_SS0620  7 0.9899 0.0023 0.0078 
   HI_SS0621  7 0.0389 0.0110 0.9501 
   HI_SS0622  7 0.5781 0.0119 0.4100 
   HI_SS0626  7 0.1981 0.0081 0.7938 
   HI_SS0627  7 0.0117 0.0062 0.9821 
   HI_SS0628  7 0.3675 0.0512 0.5814 
   HI_SS0629  7 0.3650 0.0056 0.6294 
   HI_SS0630  7 0.8248 0.0503 0.1249 
   HI_SS0631  7 0.9801 0.0008 0.0192 
   HI_SS0632  7 0.5236 0.0028 0.4736 
   HI_SS0633  7 0.0124 0.0029 0.9847 
   HI_SS0634  7 0.1768 0.0022 0.8211 
   HI_SS0635  7 0.0610 0.0073 0.9317 
   HI_SS0637  7 0.1801 0.0027 0.8172 
   HI_SS0638  7 0.5163 0.0011 0.4825 
   HI_SS0639  7 0.0194 0.0333 0.9473 
   HI_SS0640  7 0.9295 0.0017 0.0687 
   HI_SS0641  7 0.9376 0.0049 0.0575 
   HI_SS0642  7 0.4768 0.0020 0.5212 
   HI_SS0645  7 0.0123 0.0008 0.9869 
   HI_SS0646  7 0.5838 0.0026 0.4136 
   HI_SS0647  7 0.6420 0.0011 0.3569 
   HI_SS0648  7 0.8004 0.0033 0.1964 
   HI_SS0649  7 0.1105 0.0017 0.8878 
   HI_SS0650  7 0.1071 0.0038 0.8891 
   HI_SS0651  7 0.8995 0.0042 0.0962 
   HI_SS0652  7 0.0227 0.0030 0.9743 
   NS_SS1371  7 0.9636 0.0055 0.0310 
   NS_SS1374  7 0.8127 0.0025 0.1848 
   NS_SS1337  7 0.0179 0.0026 0.9795 
   NS_SS1385  7 0.3022 0.0041 0.6937 
   NS_SS1388  7 0.0388 0.0059 0.9553 
   NS_SS1370  7 0.1903 0.0101 0.7996 
   NS_SS1389  7 0.0150 0.0029 0.9821 
   NS_SS1360  7 0.9657 0.0045 0.0298 
   NS_SS1330  7 0.0166 0.0027 0.9807 
   NS_SS1328  7 0.9630 0.0022 0.0349 
   NS_SS1384  7 0.9349 0.0041 0.0610 
   NS_SS1381  7 0.0300 0.0009 0.9691 
   NS_SS1375  7 0.0379 0.0009 0.9612 
   NS_SS1319  7 0.5738 0.1144 0.3117 
   NS_SS1326  7 0.9345 0.0099 0.0556 
   NS_SS1341  7 0.5127 0.0047 0.4826 
   NS_SS1383  7 0.5597 0.0047 0.4356 
   NS_SS1318  7 0.1300 0.0129 0.8571 
   NS_SS1348  7 0.9925 0.0012 0.0063 
   NS_SS1363  7 0.0660 0.0044 0.9296 
   NS_SS1335  7 0.9638 0.0237 0.0124 
   NS_SS1358  7 0.9222 0.0156 0.0622 
   NS_SS1342  7 0.8979 0.0016 0.1006 
   NS_SS1320  7 0.0063 0.0048 0.9889 
   NS_SS1355  7 0.0254 0.0113 0.9633 
   NS_SS1345  7 0.5063 0.0196 0.4741 
   NS_SS1324  7 0.9091 0.0023 0.0886 
   NS_SS1347  7 0.9569 0.0035 0.0397 
   NS_SS1321  7 0.7286 0.0014 0.2700 
   NS_SS1333  7 0.5510 0.0031 0.4459 
   NS_SS1364  7 0.9423 0.0026 0.0552 
   NS_SS1379  7 0.1421 0.0515 0.8064 
   NS_SS1332  7 0.9864 0.0048 0.0088 
   NS_SS1338  7 0.8415 0.0073 0.1512 
   NS_SS1368  7 0.8407 0.0055 0.1538 
   NS_SS1354  7 0.0535 0.0108 0.9356 
   NS_SS1365  7 0.1489 0.0069 0.8442 
   NS_SS1380  7 0.0157 0.0174 0.9668 
   NS_SS1329  7 0.8347 0.0029 0.1624 
   NS_SS1362  7 0.4597 0.0040 0.5364 
   NS_SS1327  7 0.9916 0.0029 0.0055 
   NS_SS1350  7 0.9244 0.0107 0.0649 
   NS_SS1387  7 0.0376 0.0024 0.9601 
   NS_SS1369  7 0.9584 0.0036 0.0379 
   NS_SS1331  7 0.0915 0.0077 0.9008 
   NS_SS1357  7 0.7505 0.0033 0.2462 
   NS_SS1386  7 0.9912 0.0028 0.0061 
   NS_SS1353  7 0.0703 0.0029 0.9268 
   NS_SS1323  7 0.1022 0.0702 0.8276 
   HI_SS0296  8 0.9807 0.0013 0.0180 
   HI_SS0297  8 0.6011 0.0009 0.3981 
   HI_SS0299  8 0.6242 0.0270 0.3488 
   HI_SS0300  8 0.8142 0.0012 0.1846 
   HI_SS0301  8 0.3047 0.0035 0.6918 
   HI_SS0302  8 0.9614 0.0190 0.0195 
   HI_SS0303  8 0.9771 0.0055 0.0173 
   HI_SS0304  8 0.0214 0.0019 0.9767 
   HI_SS0306  8 0.9884 0.0028 0.0088 
   HI_SS0307  8 0.0266 0.0061 0.9674 
   HI_SS0308  8 0.3966 0.0851 0.5183 
   HI_SS0309  8 0.1282 0.0033 0.8685 
   HI_SS0310  8 0.3306 0.0061 0.6633 
   HI_SS0311  8 0.2557 0.0021 0.7423 
   HI_SS0314  8 0.7878 0.0012 0.2110 
   HI_SS0316  8 0.9117 0.0040 0.0843 
   HI_SS0317  8 0.2823 0.0020 0.7157 
   HI_SS0318  8 0.7462 0.1984 0.0554 
   HI_SS0319  8 0.9898 0.0036 0.0066 
   HI_SS0320  8 0.0110 0.0010 0.9880 
   HI_SS0321  8 0.9152 0.0019 0.0830 
   HI_SS0323  8 0.3997 0.0016 0.5988 
   HI_SS0325  8 0.9194 0.0020 0.0785 
   HI_SS0327  8 0.9892 0.0013 0.0095 
   HI_SS0329  8 0.0858 0.0012 0.9130 
   HI_SS0333  8 0.1570 0.0024 0.8406 
   HI_SS0334  8 0.9800 0.0012 0.0188 
   HI_SS0335  8 0.0909 0.0190 0.8901 
   HI_SS0339  8 0.0449 0.0094 0.9456 
   HI_SS0343  8 0.1103 0.0017 0.8880 
   HI_SS0344  8 0.9935 0.0023 0.0043 
   HI_SS0345  8 0.0985 0.0064 0.8951 
   HI_SS0346  8 0.1763 0.0034 0.8203 
   HI_SS0350  8 0.0099 0.0081 0.9820 
   HI_SS0351  8 0.2659 0.0032 0.7308 
   HI_SS0352  8 0.0329 0.0851 0.8820 
   HI_SS0362  8 0.9237 0.0021 0.0742 
   HI_SS0363  8 0.9837 0.0032 0.0131 
   HI_SS0365  8 0.9319 0.0042 0.0639 
   HI_SS0366  8 0.9774 0.0014 0.0212 
   HI_SS0367  8 0.0090 0.0020 0.9890 
   HI_SS0369  8 0.0135 0.0021 0.9844 
   HI_SS0370  8 0.8472 0.0030 0.1497 
   HI_SS0371  8 0.9334 0.0042 0.0624 
   HI_SS0373  8 0.2962 0.0108 0.6930 
   HI_SS0374  8 0.0237 0.0245 0.9518 
   HI_SS0377  8 0.8780 0.0834 0.0385 
   HI_SS0379  8 0.9958 0.0008 0.0033 
   HI_SS0380  8 0.0610 0.0065 0.9324 
   HI_SS0381  8 0.0154 0.0035 0.9812 
   HI_SS0384  8 0.8002 0.0062 0.1936 
   HI_SS0385  8 0.4079 0.0013 0.5908 
   HI_SS0386  9 0.0016 0.9970 0.0014 
   HI_SS0387  9 0.0134 0.9750 0.0117 
   HI_SS0389  9 0.0037 0.9931 0.0032 
   HI_SS0390  9 0.0018 0.9968 0.0014 
   HI_SS0391  9 0.0022 0.9949 0.0029 
   HI_SS0392  9 0.0015 0.9971 0.0014 
   HI_SS0393  9 0.0016 0.9971 0.0013 
   HI_SS0394  9 0.0012 0.9972 0.0015 
   HI_SS0395  9 0.0033 0.9930 0.0037 
   HI_SS0396  9 0.0069 0.9817 0.0114 
   HI_SS0398  9 0.0062 0.9885 0.0053 
   HI_SS0399  9 0.0010 0.9979 0.0011 
   HI_SS0400  9 0.0018 0.9960 0.0022 
   HI_SS0401  9 0.0013 0.9972 0.0015 
   HI_SS0402  9 0.0014 0.9976 0.0010 
   HI_SS0403  9 0.0013 0.9973 0.0014 
   HI_SS0404  9 0.0010 0.9978 0.0012 
   HI_SS0405  9 0.0148 0.9654 0.0197 
   HI_SS0406  9 0.0019 0.9962 0.0018 
   HI_SS0407  9 0.0065 0.9859 0.0076 
   HI_SS0408  9 0.0009 0.9977 0.0013 
   HI_SS0409  9 0.0029 0.9940 0.0031 
   HI_SS0411  9 0.0028 0.9947 0.0025 
   HI_SS0412  9 0.0831 0.8202 0.0967 
   HI_SS0413  9 0.0018 0.9962 0.0020 
   HI_SS0414  9 0.0126 0.9668 0.0206 
   HI_SS0415  9 0.0018 0.9967 0.0015 
   HI_SS0416  9 0.0028 0.9943 0.0029 
   HI_SS0418  9 0.0048 0.9912 0.0040 
   HI_SS0419  9 0.0022 0.9946 0.0032 
   HI_SS0420  9 0.0019 0.9963 0.0018 
   HI_SS0421  9 0.0038 0.9920 0.0042 
   HI_SS0422  9 0.0014 0.9973 0.0013 
   HI_SS0423  9 0.0041 0.9920 0.0039 
   HI_SS0424  9 0.0013 0.9972 0.0015 
   HI_SS0425  9 0.0022 0.9945 0.0034 
   NS_SS1146 10 0.0026 0.9957 0.0016 
   NS_SS1157 10 0.0063 0.9874 0.0063 
   NS_SS1144 10 0.0228 0.9585 0.0187 
   NS_SS1074 10 0.0032 0.9937 0.0031 
   NS_SS1122 10 0.0042 0.9918 0.0040 
   NS_SS1136 10 0.0011 0.9978 0.0011 
   NS_SS1077 10 0.0007 0.9986 0.0007 
   NS_SS1134 10 0.0101 0.9784 0.0115 
   NS_SS1091 10 0.0016 0.9961 0.0023 
   NS_SS1089 10 0.0027 0.9949 0.0024 
   NS_SS1123 10 0.0014 0.9972 0.0014 
   NS_SS1158 10 0.0008 0.9982 0.0010 
   NS_SS1093 10 0.0021 0.9961 0.0018 
   NS_SS1102 10 0.0045 0.9895 0.0060 
   NS_SS1056 10 0.0016 0.9966 0.0018 
   NS_SS1126 10 0.0029 0.9948 0.0023 
   NS_SS1058 10 0.0030 0.9934 0.0036 
   NS_SS1084 10 0.0012 0.9976 0.0012 
   NS_SS1095 10 0.0056 0.9899 0.0045 
   NS_SS1079 10 0.0014 0.9973 0.0013 
   NS_SS1149 10 0.0020 0.9956 0.0024 
   NS_SS1121 10 0.0015 0.9971 0.0014 
   NS_SS1067 10 0.0045 0.9893 0.0062 
   NS_SS1081 10 0.0020 0.9957 0.0023 
   NS_SS1130 10 0.0028 0.9937 0.0035 
   NS_SS1073 10 0.0021 0.9952 0.0027 
   NS_SS1133 10 0.0035 0.9853 0.0112 
   NS_SS1129 10 0.0013 0.9973 0.0014 
   NS_SS1085 10 0.0024 0.9957 0.0019 
   NS_SS1137 10 0.0040 0.9921 0.0039 
   NS_SS1135 10 0.0010 0.9976 0.0014 
   NS_SS1082 10 0.0012 0.9971 0.0017 
   NS_SS1125 10 0.0010 0.9977 0.0013 
   NS_SS1124 10 0.0055 0.9878 0.0067 
   NS_SS1155 10 0.0090 0.9847 0.0063 
   NS_SS1145 10 0.0016 0.9967 0.0016 
