

----------------------------------------------------
STRUCTURE by Pritchard, Stephens and Donnelly (2000)
     and Falush, Stephens and Pritchard (2003)
       Code by Pritchard, Falush and Hubisz
             Version 2.3.4 (Jul 2012)
----------------------------------------------------



Command line arguments:   /home/genobiwan/Documents/Programs/Structure/structure -m parameter_job_k3_r5 
Input File:    /media/genobiwan/Storage/Projets/Mackerel_NWA_2021/data_job_k3_r5

Run parameters:
   629 individuals
   4140 loci
   3 populations assumed
   100000 Burn-in period
   200000 Reps


--------------------------------------------
Proportion of membership of each pre-defined
 population in each of the 3 clusters

Given    Inferred Clusters       Number of
 Pop       1      2      3      Individuals

  1:     0.011  0.547  0.442       67
  2:     0.008  0.637  0.355       32
  3:     0.013  0.563  0.424       92
  4:     0.014  0.484  0.502       36
  5:     0.019  0.509  0.472       41
  6:     0.012  0.486  0.501      158
  7:     0.009  0.509  0.482       79
  8:     0.013  0.478  0.508       52
  9:     0.988  0.007  0.005       36
 10:     0.993  0.004  0.003       36
--------------------------------------------

Allele-freq. divergence among pops (Net nucleotide distance),
computed using point estimates of P.

      1       2       3      
 1      -    0.0047  0.0049  
 2   0.0047     -    0.0002  
 3   0.0049  0.0002     -    

Average distances (expected heterozygosity) between individuals in same cluster:
cluster  1  : 0.3057 
cluster  2  : 0.3185 
cluster  3  : 0.3185 

--------------------------------------------
Estimated Ln Prob of Data   = -2471257.8
Mean value of ln likelihood = -2467758.4
Variance of ln likelihood   = 6998.7
Mean value of alpha         = 0.0367

Mean value of Fst_1         = 0.0374
Mean value of Fst_2         = 0.0009
Mean value of Fst_3         = 0.0022


Inferred ancestry of individuals:
        Label (%Miss) Pop:  Inferred clusters
  1 NS_SS0963    (4)    1 :  0.005 0.760 0.235 
  2 NS_SS0983    (1)    1 :  0.004 0.016 0.980 
  3 NS_SS0719    (9)    1 :  0.005 0.166 0.829 
  4 NS_SS1001    (8)    1 :  0.005 0.748 0.247 
  5 NS_SS0936    (4)    1 :  0.002 0.651 0.346 
  6 NS_SS0955    (6)    1 :  0.003 0.035 0.961 
  7 NS_SS0944    (3)    1 :  0.002 0.049 0.950 
  8 NS_SS0945    (3)    1 :  0.007 0.816 0.177 
  9 NS_SS0922    (2)    1 :  0.023 0.933 0.044 
 10 NS_SS0929    (7)    1 :  0.003 0.129 0.868 
 11 NS_SS0956    (1)    1 :  0.003 0.983 0.014 
 12 NS_SS0906    (3)    1 :  0.003 0.523 0.474 
 13 NS_SS0721    (6)    1 :  0.005 0.764 0.231 
 14 NS_SS0982    (4)    1 :  0.014 0.934 0.051 
 15 NS_SS0923    (6)    1 :  0.004 0.785 0.210 
 16 NS_SS0905    (6)    1 :  0.002 0.172 0.826 
 17 NS_SS0925    (3)    1 :  0.004 0.779 0.217 
 18 NS_SS0947    (6)    1 :  0.004 0.958 0.037 
 19 NS_SS0926    (2)    1 :  0.001 0.013 0.986 
 20 NS_SS0918    (6)    1 :  0.002 0.955 0.042 
 21 NS_SS0966    (4)    1 :  0.045 0.805 0.150 
 22 NS_SS0938    (2)    1 :  0.001 0.969 0.030 
 23 NS_SS0917    (2)    1 :  0.041 0.281 0.678 
 24 NS_SS0957   (11)    1 :  0.005 0.928 0.066 
 25 NS_SS0987    (1)    1 :  0.229 0.688 0.083 
 26 NS_SS0717    (4)    1 :  0.002 0.969 0.029 
 27 NS_SS0986    (2)    1 :  0.003 0.956 0.041 
 28 NS_SS0953    (3)    1 :  0.014 0.915 0.071 
 29 NS_SS0907    (3)    1 :  0.041 0.631 0.328 
 30 NS_SS0974    (6)    1 :  0.003 0.112 0.885 
 31 NS_SS0989    (1)    1 :  0.001 0.031 0.968 
 32 NS_SS0991    (3)    1 :  0.002 0.034 0.965 
 33 NS_SS0994    (2)    1 :  0.002 0.007 0.992 
 34 NS_SS0931    (6)    1 :  0.010 0.070 0.920 
 35 NS_SS1000    (5)    1 :  0.003 0.970 0.026 
 36 NS_SS0919    (1)    1 :  0.003 0.073 0.924 
 37 NS_SS0949    (4)    1 :  0.001 0.012 0.986 
 38 NS_SS0960   (10)    1 :  0.005 0.026 0.968 
 39 NS_SS0716    (2)    1 :  0.005 0.989 0.006 
 40 NS_SS0924    (8)    1 :  0.018 0.093 0.889 
 41 NS_SS0935    (2)    1 :  0.008 0.008 0.984 
 42 NS_SS0952   (14)    1 :  0.031 0.025 0.944 
 43 NS_SS0962   (11)    1 :  0.005 0.986 0.009 
 44 NS_SS0973    (5)    1 :  0.004 0.126 0.870 
 45 NS_SS0722    (1)    1 :  0.002 0.969 0.029 
 46 NS_SS0979   (13)    1 :  0.002 0.863 0.135 
 47 NS_SS0993    (2)    1 :  0.015 0.797 0.188 
 48 NS_SS0958    (1)    1 :  0.002 0.057 0.941 
 49 NS_SS0988    (4)    1 :  0.004 0.818 0.177 
 50 NS_SS1003    (2)    1 :  0.008 0.964 0.028 
 51 NS_SS0976    (1)    1 :  0.002 0.069 0.930 
 52 NS_SS0964   (10)    1 :  0.002 0.971 0.027 
 53 NS_SS0939    (4)    1 :  0.004 0.981 0.016 
 54 NS_SS0990    (6)    1 :  0.003 0.886 0.111 
 55 NS_SS0984    (2)    1 :  0.002 0.986 0.012 
 56 NS_SS0980   (10)    1 :  0.002 0.333 0.665 
 57 NS_SS0978    (4)    1 :  0.003 0.348 0.649 
 58 NS_SS0951   (18)    1 :  0.003 0.288 0.709 
 59 NS_SS0913    (3)    1 :  0.034 0.870 0.095 
 60 NS_SS1002    (1)    1 :  0.032 0.959 0.008 
 61 NS_SS0948    (1)    1 :  0.036 0.826 0.138 
 62 NS_SS0916    (4)    1 :  0.005 0.153 0.842 
 63 NS_SS0995    (1)    1 :  0.003 0.818 0.179 
 64 NS_SS0927    (6)    1 :  0.005 0.397 0.599 
 65 NS_SS0992    (5)    1 :  0.003 0.129 0.868 
 66 NS_SS0912    (1)    1 :  0.003 0.460 0.538 
 67 NS_SS0981    (1)    1 :  0.003 0.822 0.174 
 68 NS_SS0729    (5)    2 :  0.003 0.009 0.988 
 69 NS_SS0967   (15)    2 :  0.010 0.745 0.245 
 70 NS_SS0941    (8)    2 :  0.081 0.334 0.584 
 71 NS_SS0768   (12)    2 :  0.004 0.967 0.029 
 72 NS_SS0726    (5)    2 :  0.006 0.012 0.982 
 73 NS_SS0763    (4)    2 :  0.002 0.028 0.970 
 74 NS_SS0730    (6)    2 :  0.003 0.989 0.009 
 75 NS_SS0774    (2)    2 :  0.001 0.990 0.009 
 76 NS_SS0723    (3)    2 :  0.001 0.956 0.043 
 77 NS_SS0940   (10)    2 :  0.006 0.208 0.786 
 78 NS_SS0762    (1)    2 :  0.002 0.977 0.021 
 79 NS_SS0766   (11)    2 :  0.013 0.397 0.590 
 80 NS_SS0724    (1)    2 :  0.003 0.971 0.026 
 81 NS_SS0769    (3)    2 :  0.004 0.934 0.062 
 82 NS_SS0777    (1)    2 :  0.011 0.629 0.359 
 83 NS_SS0734    (6)    2 :  0.024 0.255 0.721 
 84 NS_SS0737    (3)    2 :  0.004 0.984 0.012 
 85 NS_SS0732    (5)    2 :  0.005 0.891 0.105 
 86 NS_SS0728    (5)    2 :  0.009 0.766 0.225 
 87 NS_SS0735    (9)    2 :  0.006 0.887 0.107 
 88 NS_SS0725    (1)    2 :  0.006 0.955 0.040 
 89 NS_SS0788    (2)    2 :  0.001 0.665 0.334 
 90 NS_SS0778    (2)    2 :  0.001 0.627 0.372 
 91 NS_SS0792    (6)    2 :  0.005 0.640 0.355 
 92 NS_SS0943   (11)    2 :  0.007 0.017 0.976 
 93 NS_SS0791    (2)    2 :  0.017 0.316 0.667 
 94 NS_SS0790    (5)    2 :  0.003 0.991 0.006 
 95 NS_SS0731    (6)    2 :  0.009 0.975 0.015 
 96 NS_SS0727    (7)    2 :  0.002 0.043 0.955 
 97 NS_SS0779   (13)    2 :  0.004 0.746 0.249 
 98 NS_SS0776    (3)    2 :  0.007 0.506 0.487 
 99 NS_SS0775    (5)    2 :  0.006 0.976 0.018 
100 NS_SS0965    (3)    3 :  0.001 0.862 0.136 
101 NS_SS0754   (14)    3 :  0.012 0.081 0.907 
102 NS_SS0838    (5)    3 :  0.036 0.812 0.152 
103 NS_SS0839    (3)    3 :  0.003 0.986 0.011 
104 NS_SS0832    (4)    3 :  0.033 0.954 0.012 
105 NS_SS0820    (5)    3 :  0.005 0.987 0.008 
106 NS_SS0886    (9)    3 :  0.002 0.141 0.857 
107 NS_SS0748    (5)    3 :  0.008 0.418 0.575 
108 NS_SS0884    (9)    3 :  0.019 0.624 0.357 
109 NS_SS0752    (4)    3 :  0.002 0.534 0.464 
110 NS_SS0862    (1)    3 :  0.004 0.969 0.028 
111 NS_SS0787    (9)    3 :  0.006 0.018 0.976 
112 NS_SS0843    (6)    3 :  0.002 0.671 0.327 
113 NS_SS0856    (4)    3 :  0.003 0.960 0.037 
114 NS_SS0846    (2)    3 :  0.003 0.296 0.701 
115 NS_SS0825    (1)    3 :  0.008 0.922 0.071 
116 NS_SS0757    (3)    3 :  0.004 0.190 0.807 
117 NS_SS0876    (3)    3 :  0.201 0.777 0.022 
118 NS_SS0903   (10)    3 :  0.002 0.816 0.181 
119 NS_SS0875    (7)    3 :  0.003 0.949 0.049 
120 NS_SS0740    (5)    3 :  0.003 0.159 0.838 
121 NS_SS0811    (5)    3 :  0.008 0.970 0.022 
122 NS_SS0751    (1)    3 :  0.002 0.866 0.132 
123 NS_SS0891    (6)    3 :  0.005 0.966 0.029 
124 NS_SS0867    (2)    3 :  0.029 0.046 0.925 
125 NS_SS0890    (6)    3 :  0.004 0.118 0.878 
126 NS_SS0866   (12)    3 :  0.005 0.044 0.951 
127 NS_SS0755    (4)    3 :  0.007 0.506 0.487 
128 NS_SS0758    (4)    3 :  0.002 0.761 0.237 
129 NS_SS0840    (2)    3 :  0.002 0.990 0.008 
130 NS_SS0889    (4)    3 :  0.002 0.093 0.905 
131 NS_SS1010    (1)    3 :  0.035 0.833 0.133 
132 NS_SS0888    (5)    3 :  0.001 0.007 0.992 
133 NS_SS0837    (3)    3 :  0.003 0.746 0.251 
134 NS_SS0794   (10)    3 :  0.002 0.028 0.970 
135 NS_SS0823    (5)    3 :  0.004 0.965 0.032 
136 NS_SS0829    (7)    3 :  0.103 0.011 0.887 
137 NS_SS0844    (5)    3 :  0.002 0.983 0.015 
138 NS_SS1008    (6)    3 :  0.011 0.105 0.884 
139 NS_SS0881    (3)    3 :  0.003 0.335 0.663 
140 NS_SS0834    (6)    3 :  0.005 0.970 0.025 
141 NS_SS0744   (10)    3 :  0.006 0.494 0.500 
142 NS_SS0899    (7)    3 :  0.001 0.988 0.011 
143 NS_SS0804    (5)    3 :  0.004 0.988 0.009 
144 NS_SS0781   (10)    3 :  0.002 0.992 0.006 
145 NS_SS0822    (6)    3 :  0.002 0.062 0.936 
146 NS_SS1004    (4)    3 :  0.004 0.402 0.594 
147 NS_SS0746    (5)    3 :  0.012 0.326 0.662 
148 NS_SS0880    (3)    3 :  0.002 0.639 0.360 
149 NS_SS0879    (5)    3 :  0.010 0.943 0.047 
150 NS_SS0753    (2)    3 :  0.009 0.017 0.974 
151 NS_SS1007    (3)    3 :  0.002 0.547 0.451 
152 NS_SS0872    (5)    3 :  0.002 0.979 0.019 
153 NS_SS1005    (7)    3 :  0.001 0.964 0.035 
154 NS_SS0892    (6)    3 :  0.002 0.675 0.324 
155 NS_SS0898    (0)    3 :  0.006 0.114 0.881 
156 NS_SS0801    (9)    3 :  0.010 0.850 0.140 
157 NS_SS0827    (9)    3 :  0.125 0.447 0.428 
158 NS_SS0853    (7)    3 :  0.005 0.914 0.081 
159 NS_SS0780    (2)    3 :  0.003 0.957 0.040 
160 NS_SS0826   (10)    3 :  0.003 0.646 0.351 
161 NS_SS0818    (5)    3 :  0.001 0.870 0.129 
162 NS_SS0745    (1)    3 :  0.001 0.991 0.007 
163 NS_SS0849    (3)    3 :  0.001 0.887 0.111 
164 NS_SS0739    (3)    3 :  0.011 0.914 0.075 
165 NS_SS0799    (1)    3 :  0.001 0.015 0.984 
166 NS_SS0756    (3)    3 :  0.003 0.988 0.009 
167 NS_SS0802    (2)    3 :  0.205 0.358 0.437 
168 NS_SS0747    (6)    3 :  0.006 0.311 0.684 
169 NS_SS0835    (1)    3 :  0.001 0.020 0.979 
170 NS_SS0742   (19)    3 :  0.001 0.829 0.170 
171 NS_SS0760    (9)    3 :  0.040 0.024 0.936 
172 NS_SS0803    (4)    3 :  0.006 0.975 0.019 
173 NS_SS0828   (14)    3 :  0.001 0.073 0.926 
174 NS_SS0865    (2)    3 :  0.023 0.756 0.221 
175 NS_SS0759    (5)    3 :  0.003 0.983 0.014 
176 NS_SS0851    (5)    3 :  0.008 0.986 0.005 
177 NS_SS0874   (16)    3 :  0.001 0.945 0.054 
178 NS_SS0761    (6)    3 :  0.002 0.060 0.937 
179 NS_SS0842   (26)    3 :  0.009 0.212 0.779 
180 NS_SS0785    (6)    3 :  0.005 0.298 0.696 
181 NS_SS0860   (11)    3 :  0.002 0.044 0.954 
182 NS_SS0897    (7)    3 :  0.002 0.010 0.988 
183 NS_SS0841   (15)    3 :  0.003 0.974 0.022 
184 NS_SS0797    (7)    3 :  0.026 0.169 0.805 
185 NS_SS0830   (11)    3 :  0.002 0.360 0.638 
186 NS_SS1011    (5)    3 :  0.005 0.975 0.020 
187 NS_SS0883    (5)    3 :  0.006 0.182 0.813 
188 NS_SS0782    (2)    3 :  0.002 0.877 0.120 
189 NS_SS0831    (5)    3 :  0.002 0.034 0.964 
190 NS_SS0749    (7)    3 :  0.004 0.090 0.906 
191 NS_SS0854    (2)    3 :  0.003 0.137 0.860 
192 HI_SS0193    (0)    4 :  0.001 0.016 0.983 
193 HI_SS0194    (1)    4 :  0.001 0.960 0.039 
194 HI_SS0195   (10)    4 :  0.070 0.925 0.005 
195 HI_SS0196    (6)    4 :  0.003 0.476 0.522 
196 HI_SS0197    (3)    4 :  0.010 0.978 0.012 
197 HI_SS0198    (1)    4 :  0.009 0.637 0.353 
198 HI_SS0199    (1)    4 :  0.002 0.028 0.969 
199 HI_SS0201    (5)    4 :  0.002 0.011 0.987 
200 HI_SS0215    (1)    4 :  0.003 0.119 0.878 
201 HI_SS0218    (1)    4 :  0.005 0.006 0.989 
202 HI_SS0222    (0)    4 :  0.004 0.947 0.049 
203 HI_SS0230    (1)    4 :  0.004 0.959 0.037 
204 HI_SS0234    (2)    4 :  0.154 0.541 0.306 
205 HI_SS0240    (1)    4 :  0.007 0.746 0.247 
206 HI_SS0241    (0)    4 :  0.002 0.027 0.971 
207 HI_SS0242    (0)    4 :  0.003 0.384 0.613 
208 HI_SS0247    (0)    4 :  0.018 0.943 0.040 
209 HI_SS0248    (1)    4 :  0.001 0.007 0.992 
210 HI_SS0252    (2)    4 :  0.002 0.962 0.036 
211 HI_SS0254    (0)    4 :  0.087 0.013 0.900 
212 HI_SS0256    (0)    4 :  0.001 0.993 0.006 
213 HI_SS0257    (0)    4 :  0.003 0.016 0.981 
214 HI_SS0258    (1)    4 :  0.004 0.019 0.977 
215 HI_SS0259    (1)    4 :  0.003 0.937 0.060 
216 HI_SS0260    (1)    4 :  0.002 0.028 0.970 
217 HI_SS0261    (2)    4 :  0.003 0.038 0.959 
218 HI_SS0262    (0)    4 :  0.006 0.961 0.033 
219 HI_SS0264    (0)    4 :  0.003 0.987 0.010 
220 HI_SS0265    (0)    4 :  0.084 0.862 0.054 
221 HI_SS0268    (1)    4 :  0.003 0.954 0.043 
222 HI_SS0269    (0)    4 :  0.002 0.008 0.990 
223 HI_SS0273    (0)    4 :  0.001 0.034 0.965 
224 HI_SS0277    (1)    4 :  0.002 0.829 0.169 
225 HI_SS0280    (0)    4 :  0.005 0.592 0.403 
226 HI_SS0282    (1)    4 :  0.001 0.030 0.969 
227 HI_SS0286    (1)    4 :  0.007 0.439 0.554 
228 NS_SS1252    (3)    5 :  0.003 0.013 0.983 
229 NS_SS1261    (1)    5 :  0.012 0.903 0.085 
230 NS_SS1225   (10)    5 :  0.110 0.168 0.722 
231 NS_SS1266    (1)    5 :  0.006 0.985 0.008 
232 NS_SS1228    (0)    5 :  0.012 0.941 0.047 
233 NS_SS1255    (3)    5 :  0.002 0.813 0.186 
234 NS_SS1267    (3)    5 :  0.011 0.006 0.984 
235 NS_SS1238    (6)    5 :  0.002 0.756 0.242 
236 NS_SS1233    (8)    5 :  0.002 0.919 0.079 
237 NS_SS1277    (3)    5 :  0.001 0.015 0.984 
238 NS_SS1245    (1)    5 :  0.002 0.082 0.917 
239 NS_SS1240    (4)    5 :  0.002 0.018 0.980 
240 NS_SS1275    (2)    5 :  0.003 0.989 0.008 
241 NS_SS1235    (1)    5 :  0.006 0.465 0.530 
242 NS_SS1263    (1)    5 :  0.001 0.864 0.135 
243 NS_SS1251    (2)    5 :  0.001 0.839 0.160 
244 NS_SS1248    (0)    5 :  0.088 0.751 0.161 
245 NS_SS1244    (0)    5 :  0.005 0.138 0.857 
246 NS_SS1257    (1)    5 :  0.027 0.097 0.876 
247 NS_SS1242    (2)    5 :  0.002 0.992 0.006 
248 NS_SS1271    (6)    5 :  0.028 0.009 0.963 
249 NS_SS1265    (1)    5 :  0.019 0.402 0.579 
250 NS_SS1243    (0)    5 :  0.059 0.901 0.040 
251 NS_SS1273    (1)    5 :  0.006 0.985 0.009 
252 NS_SS1254   (14)    5 :  0.006 0.629 0.365 
253 NS_SS1224    (1)    5 :  0.007 0.978 0.015 
254 NS_SS1227    (8)    5 :  0.002 0.011 0.987 
255 NS_SS1274    (9)    5 :  0.016 0.055 0.928 
256 NS_SS1241    (1)    5 :  0.001 0.019 0.980 
257 NS_SS1256    (3)    5 :  0.035 0.736 0.229 
258 NS_SS1260    (8)    5 :  0.073 0.104 0.824 
259 NS_SS1262    (0)    5 :  0.181 0.088 0.731 
260 NS_SS1230    (0)    5 :  0.007 0.153 0.841 
261 NS_SS1270    (2)    5 :  0.002 0.955 0.044 
262 NS_SS1229    (2)    5 :  0.004 0.708 0.288 
263 NS_SS1246    (5)    5 :  0.003 0.036 0.962 
264 NS_SS1269    (0)    5 :  0.002 0.784 0.214 
265 NS_SS1239    (1)    5 :  0.005 0.814 0.182 
266 NS_SS1272    (5)    5 :  0.005 0.943 0.053 
267 NS_SS1268    (1)    5 :  0.002 0.816 0.182 
268 NS_SS1249    (1)    5 :  0.010 0.011 0.979 
269 HI_SS0559    (0)    6 :  0.002 0.095 0.903 
270 HI_SS0563    (1)    6 :  0.003 0.673 0.324 
271 HI_SS0564    (0)    6 :  0.054 0.754 0.192 
272 HI_SS0565    (0)    6 :  0.003 0.336 0.660 
273 HI_SS0569    (1)    6 :  0.002 0.013 0.985 
274 HI_SS0570    (0)    6 :  0.033 0.016 0.952 
275 HI_SS0572    (1)    6 :  0.002 0.936 0.062 
276 HI_SS0576    (1)    6 :  0.006 0.859 0.135 
277 HI_SS0579    (1)    6 :  0.017 0.032 0.951 
278 HI_SS0580    (1)    6 :  0.004 0.242 0.753 
279 HI_SS0581    (0)    6 :  0.051 0.937 0.012 
280 HI_SS0583    (1)    6 :  0.003 0.406 0.592 
281 HI_SS0586    (1)    6 :  0.001 0.012 0.987 
282 HI_SS0588    (1)    6 :  0.016 0.041 0.943 
283 HI_SS0595    (4)    6 :  0.024 0.100 0.877 
284 HI_SS0596    (0)    6 :  0.002 0.965 0.033 
285 HI_SS0597    (1)    6 :  0.002 0.983 0.015 
286 HI_SS0600    (0)    6 :  0.003 0.325 0.672 
287 HI_SS0601    (1)    6 :  0.012 0.107 0.881 
288 HI_SS0602    (1)    6 :  0.003 0.131 0.866 
289 HI_SS0604    (0)    6 :  0.002 0.813 0.185 
290 HI_SS0605    (1)    6 :  0.007 0.274 0.719 
291 HI_SS0608    (0)    6 :  0.001 0.170 0.829 
292 HI_SS0609    (0)    6 :  0.001 0.966 0.033 
293 HI_SS0611    (5)    6 :  0.002 0.061 0.937 
294 HI_SS0612    (0)    6 :  0.007 0.091 0.901 
295 HI_SS0613    (1)    6 :  0.001 0.853 0.145 
296 HI_SS0615    (1)    6 :  0.009 0.945 0.046 
297 HI_SS0001    (1)    6 :  0.004 0.197 0.799 
298 HI_SS0002    (1)    6 :  0.023 0.933 0.044 
299 HI_SS0004    (0)    6 :  0.005 0.151 0.844 
300 HI_SS0005    (1)    6 :  0.006 0.791 0.203 
301 HI_SS0006    (1)    6 :  0.001 0.407 0.592 
302 HI_SS0007    (1)    6 :  0.002 0.016 0.982 
303 HI_SS0008    (0)    6 :  0.043 0.224 0.733 
304 HI_SS0009    (0)    6 :  0.004 0.820 0.176 
305 HI_SS0010    (1)    6 :  0.003 0.044 0.953 
306 HI_SS0011    (1)    6 :  0.079 0.857 0.065 
307 HI_SS0012    (0)    6 :  0.004 0.935 0.061 
308 HI_SS0017    (1)    6 :  0.002 0.946 0.053 
309 HI_SS0021    (1)    6 :  0.239 0.524 0.236 
310 HI_SS0024    (1)    6 :  0.002 0.962 0.037 
311 HI_SS0025    (1)    6 :  0.003 0.970 0.027 
312 HI_SS0027    (0)    6 :  0.011 0.013 0.976 
313 HI_SS0028    (0)    6 :  0.001 0.990 0.009 
314 HI_SS0029    (1)    6 :  0.006 0.927 0.066 
315 HI_SS0030    (2)    6 :  0.004 0.026 0.970 
316 HI_SS0031    (0)    6 :  0.004 0.262 0.735 
317 HI_SS0034    (0)    6 :  0.004 0.009 0.987 
318 HI_SS0036    (0)    6 :  0.011 0.026 0.963 
319 HI_SS0037    (1)    6 :  0.004 0.380 0.616 
320 HI_SS0039    (0)    6 :  0.003 0.059 0.938 
321 HI_SS0041    (1)    6 :  0.002 0.983 0.016 
322 HI_SS0042    (1)    6 :  0.104 0.841 0.055 
323 HI_SS0043    (1)    6 :  0.003 0.006 0.991 
324 HI_SS0044    (1)    6 :  0.002 0.770 0.228 
325 HI_SS0047    (1)    6 :  0.002 0.865 0.133 
326 HI_SS0049    (1)    6 :  0.004 0.837 0.159 
327 HI_SS0051    (1)    6 :  0.002 0.777 0.221 
328 HI_SS0053    (1)    6 :  0.004 0.009 0.987 
329 HI_SS0054    (4)    6 :  0.003 0.008 0.990 
330 HI_SS0057    (0)    6 :  0.003 0.419 0.578 
331 HI_SS0058    (0)    6 :  0.006 0.343 0.652 
332 HI_SS0060    (0)    6 :  0.087 0.109 0.804 
333 HI_SS0087    (1)    6 :  0.002 0.617 0.380 
334 HI_SS0091    (1)    6 :  0.001 0.016 0.983 
335 HI_SS0095    (1)    6 :  0.060 0.195 0.745 
336 HI_SS0097    (3)    6 :  0.004 0.476 0.519 
337 HI_SS0099    (1)    6 :  0.003 0.976 0.021 
338 HI_SS0103    (0)    6 :  0.003 0.859 0.138 
339 HI_SS0105    (1)    6 :  0.021 0.872 0.107 
340 HI_SS0107    (1)    6 :  0.001 0.980 0.019 
341 HI_SS0108    (1)    6 :  0.016 0.006 0.978 
342 HI_SS0110    (0)    6 :  0.001 0.226 0.773 
343 HI_SS0111    (1)    6 :  0.022 0.918 0.060 
344 HI_SS0112    (0)    6 :  0.001 0.006 0.993 
345 HI_SS0113    (1)    6 :  0.003 0.990 0.008 
346 HI_SS0114    (1)    6 :  0.005 0.052 0.943 
347 HI_SS0115    (1)    6 :  0.015 0.293 0.692 
348 HI_SS0116    (4)    6 :  0.004 0.103 0.893 
349 HI_SS0117    (0)    6 :  0.002 0.137 0.861 
350 HI_SS0118    (0)    6 :  0.011 0.431 0.559 
351 HI_SS0119    (1)    6 :  0.002 0.032 0.966 
352 HI_SS0120    (1)    6 :  0.003 0.988 0.010 
353 HI_SS0121    (0)    6 :  0.001 0.990 0.009 
354 HI_SS0122    (2)    6 :  0.018 0.908 0.074 
355 HI_SS0123    (0)    6 :  0.005 0.765 0.231 
356 HI_SS0124    (1)    6 :  0.002 0.978 0.020 
357 HI_SS0125    (1)    6 :  0.032 0.942 0.026 
358 HI_SS0126    (0)    6 :  0.001 0.010 0.989 
359 HI_SS0127    (0)    6 :  0.010 0.212 0.778 
360 HI_SS0128    (0)    6 :  0.003 0.407 0.590 
361 HI_SS0129    (1)    6 :  0.009 0.511 0.480 
362 HI_SS0131    (2)    6 :  0.033 0.446 0.521 
363 HI_SS0132    (0)    6 :  0.001 0.383 0.617 
364 HI_SS0133    (1)    6 :  0.001 0.004 0.994 
365 HI_SS0134    (1)    6 :  0.002 0.218 0.781 
366 HI_SS0142    (3)    6 :  0.015 0.867 0.118 
367 HI_SS0145    (0)    6 :  0.001 0.061 0.938 
368 HI_SS0146    (1)    6 :  0.001 0.019 0.980 
369 HI_SS0147    (1)    6 :  0.017 0.975 0.009 
370 HI_SS0149    (1)    6 :  0.004 0.511 0.485 
371 HI_SS0150    (2)    6 :  0.004 0.979 0.017 
372 HI_SS0151    (0)    6 :  0.014 0.126 0.859 
373 NS_SS1451    (1)    6 :  0.003 0.987 0.011 
374 NS_SS1404    (0)    6 :  0.009 0.967 0.025 
375 NS_SS1432    (2)    6 :  0.028 0.961 0.011 
376 NS_SS1405    (5)    6 :  0.003 0.904 0.093 
377 NS_SS1431   (10)    6 :  0.001 0.975 0.024 
378 NS_SS1402    (3)    6 :  0.002 0.829 0.169 
379 NS_SS1450    (3)    6 :  0.004 0.098 0.898 
380 NS_SS1396    (0)    6 :  0.004 0.970 0.026 
381 NS_SS1393    (5)    6 :  0.004 0.562 0.435 
382 NS_SS1392   (10)    6 :  0.014 0.884 0.102 
383 NS_SS1445    (0)    6 :  0.010 0.069 0.922 
384 NS_SS1423    (0)    6 :  0.001 0.024 0.975 
385 NS_SS1421    (9)    6 :  0.105 0.169 0.726 
386 NS_SS1411    (6)    6 :  0.002 0.054 0.944 
387 NS_SS1453    (6)    6 :  0.006 0.317 0.677 
388 NS_SS1442    (3)    6 :  0.003 0.761 0.236 
389 NS_SS1422    (1)    6 :  0.012 0.189 0.798 
390 NS_SS1419    (1)    6 :  0.160 0.758 0.081 
391 NS_SS1427    (0)    6 :  0.002 0.005 0.993 
392 NS_SS1444    (4)    6 :  0.003 0.981 0.016 
393 NS_SS1455    (0)    6 :  0.001 0.991 0.008 
394 NS_SS1425    (2)    6 :  0.001 0.011 0.988 
395 NS_SS1400    (0)    6 :  0.001 0.067 0.932 
396 NS_SS1406    (2)    6 :  0.008 0.975 0.017 
397 NS_SS1417    (6)    6 :  0.007 0.828 0.166 
398 NS_SS1454    (3)    6 :  0.001 0.611 0.387 
399 NS_SS1412    (1)    6 :  0.022 0.371 0.607 
400 NS_SS1438    (1)    6 :  0.001 0.018 0.981 
401 NS_SS1416    (4)    6 :  0.005 0.980 0.015 
402 NS_SS1401    (0)    6 :  0.010 0.882 0.109 
403 NS_SS1424    (6)    6 :  0.013 0.266 0.721 
404 NS_SS1435   (10)    6 :  0.003 0.241 0.756 
405 NS_SS1447    (4)    6 :  0.004 0.986 0.010 
406 NS_SS1414    (3)    6 :  0.005 0.979 0.015 
407 NS_SS1449   (14)    6 :  0.004 0.430 0.566 
408 NS_SS1443    (4)    6 :  0.001 0.005 0.993 
409 NS_SS1434    (1)    6 :  0.001 0.124 0.876 
410 NS_SS1398    (1)    6 :  0.022 0.541 0.437 
411 NS_SS1426    (1)    6 :  0.002 0.009 0.989 
412 NS_SS1413    (0)    6 :  0.009 0.007 0.984 
413 NS_SS1395    (1)    6 :  0.009 0.018 0.973 
414 NS_SS1448   (10)    6 :  0.002 0.174 0.824 
415 NS_SS1446    (0)    6 :  0.003 0.670 0.327 
416 NS_SS1403    (2)    6 :  0.005 0.733 0.262 
417 NS_SS1415    (0)    6 :  0.008 0.011 0.981 
418 NS_SS1437    (4)    6 :  0.009 0.736 0.256 
419 NS_SS1439    (2)    6 :  0.002 0.887 0.110 
420 NS_SS1441    (3)    6 :  0.002 0.032 0.966 
421 NS_SS1420    (2)    6 :  0.003 0.985 0.012 
422 NS_SS1394    (2)    6 :  0.030 0.921 0.048 
423 NS_SS1391    (7)    6 :  0.012 0.145 0.843 
424 NS_SS1410    (5)    6 :  0.014 0.685 0.301 
425 NS_SS1408    (1)    6 :  0.056 0.382 0.562 
426 NS_SS1409    (1)    6 :  0.002 0.619 0.379 
427 HI_SS0617    (1)    7 :  0.001 0.468 0.531 
428 HI_SS0618    (2)    7 :  0.002 0.922 0.076 
429 HI_SS0619    (0)    7 :  0.003 0.818 0.179 
430 HI_SS0620    (1)    7 :  0.002 0.007 0.991 
431 HI_SS0621    (3)    7 :  0.011 0.951 0.037 
432 HI_SS0622    (1)    7 :  0.011 0.408 0.581 
433 HI_SS0626    (0)    7 :  0.008 0.815 0.177 
434 HI_SS0627    (0)    7 :  0.006 0.983 0.012 
435 HI_SS0628    (3)    7 :  0.053 0.635 0.312 
436 HI_SS0629    (1)    7 :  0.006 0.559 0.435 
437 HI_SS0630    (1)    7 :  0.052 0.125 0.823 
438 HI_SS0631    (0)    7 :  0.001 0.016 0.983 
439 HI_SS0632    (0)    7 :  0.003 0.544 0.454 
440 HI_SS0633    (0)    7 :  0.003 0.978 0.019 
441 HI_SS0634    (1)    7 :  0.002 0.829 0.169 
442 HI_SS0635    (0)    7 :  0.007 0.931 0.062 
443 HI_SS0637    (1)    7 :  0.003 0.870 0.127 
444 HI_SS0638    (0)    7 :  0.001 0.478 0.521 
445 HI_SS0639    (1)    7 :  0.032 0.950 0.018 
446 HI_SS0640    (1)    7 :  0.002 0.053 0.945 
447 HI_SS0641    (1)    7 :  0.005 0.108 0.887 
448 HI_SS0642    (0)    7 :  0.002 0.478 0.520 
449 HI_SS0645    (0)    7 :  0.001 0.983 0.016 
450 HI_SS0646    (1)    7 :  0.003 0.343 0.654 
451 HI_SS0647    (1)    7 :  0.001 0.378 0.621 
452 HI_SS0648    (0)    7 :  0.003 0.168 0.829 
453 HI_SS0649    (1)    7 :  0.002 0.889 0.109 
454 HI_SS0650    (1)    7 :  0.003 0.882 0.115 
455 HI_SS0651    (1)    7 :  0.004 0.140 0.856 
456 HI_SS0652    (1)    7 :  0.003 0.977 0.020 
457 NS_SS1371    (3)    7 :  0.005 0.024 0.970 
458 NS_SS1374    (0)    7 :  0.003 0.172 0.825 
459 NS_SS1337    (3)    7 :  0.003 0.969 0.028 
460 NS_SS1385    (5)    7 :  0.005 0.598 0.397 
461 NS_SS1388    (0)    7 :  0.006 0.950 0.045 
462 NS_SS1370    (1)    7 :  0.009 0.835 0.156 
463 NS_SS1389    (3)    7 :  0.003 0.982 0.015 
464 NS_SS1360    (1)    7 :  0.005 0.032 0.964 
465 NS_SS1330    (0)    7 :  0.003 0.981 0.016 
466 NS_SS1328    (9)    7 :  0.002 0.023 0.975 
467 NS_SS1384    (1)    7 :  0.004 0.046 0.950 
468 NS_SS1381    (0)    7 :  0.001 0.966 0.034 
469 NS_SS1375    (1)    7 :  0.001 0.969 0.030 
470 NS_SS1319   (11)    7 :  0.104 0.352 0.544 
471 NS_SS1326    (2)    7 :  0.010 0.051 0.939 
472 NS_SS1341    (1)    7 :  0.004 0.462 0.534 
473 NS_SS1383    (2)    7 :  0.004 0.384 0.612 
474 NS_SS1318    (3)    7 :  0.012 0.909 0.079 
475 NS_SS1348    (2)    7 :  0.001 0.008 0.990 
476 NS_SS1363    (0)    7 :  0.004 0.922 0.074 
477 NS_SS1335    (4)    7 :  0.026 0.012 0.962 
478 NS_SS1358    (0)    7 :  0.015 0.065 0.919 
479 NS_SS1342    (1)    7 :  0.001 0.105 0.894 
480 NS_SS1320    (3)    7 :  0.005 0.986 0.008 
481 NS_SS1355    (1)    7 :  0.011 0.966 0.023 
482 NS_SS1345    (1)    7 :  0.020 0.521 0.459 
483 NS_SS1324    (0)    7 :  0.002 0.080 0.918 
484 NS_SS1347    (5)    7 :  0.004 0.037 0.959 
485 NS_SS1321    (4)    7 :  0.001 0.271 0.728 
486 NS_SS1333    (0)    7 :  0.003 0.366 0.631 
487 NS_SS1364    (1)    7 :  0.002 0.067 0.931 
488 NS_SS1379    (0)    7 :  0.044 0.846 0.110 
489 NS_SS1332    (0)    7 :  0.004 0.008 0.988 
490 NS_SS1338    (5)    7 :  0.007 0.160 0.833 
491 NS_SS1368    (6)    7 :  0.005 0.130 0.866 
492 NS_SS1354    (1)    7 :  0.010 0.919 0.071 
493 NS_SS1365    (0)    7 :  0.007 0.857 0.135 
494 NS_SS1380    (1)    7 :  0.017 0.971 0.012 
495 NS_SS1329    (8)    7 :  0.003 0.137 0.860 
496 NS_SS1362    (0)    7 :  0.004 0.452 0.544 
497 NS_SS1327    (2)    7 :  0.003 0.005 0.992 
498 NS_SS1350    (0)    7 :  0.010 0.089 0.901 
499 NS_SS1387    (2)    7 :  0.002 0.965 0.033 
500 NS_SS1369    (8)    7 :  0.004 0.042 0.954 
501 NS_SS1331    (1)    7 :  0.007 0.898 0.095 
502 NS_SS1357    (5)    7 :  0.003 0.226 0.770 
503 NS_SS1386    (1)    7 :  0.002 0.006 0.992 
504 NS_SS1353    (2)    7 :  0.003 0.881 0.116 
505 NS_SS1323    (0)    7 :  0.066 0.824 0.110 
506 HI_SS0296    (0)    8 :  0.002 0.021 0.977 
507 HI_SS0297    (0)    8 :  0.001 0.320 0.679 
508 HI_SS0299    (0)    8 :  0.036 0.435 0.529 
509 HI_SS0300    (0)    8 :  0.001 0.173 0.826 
510 HI_SS0301    (0)    8 :  0.004 0.704 0.292 
511 HI_SS0302    (0)    8 :  0.017 0.031 0.952 
512 HI_SS0303    (0)    8 :  0.006 0.016 0.978 
513 HI_SS0304    (0)    8 :  0.002 0.969 0.029 
514 HI_SS0306    (5)    8 :  0.003 0.007 0.990 
515 HI_SS0307    (1)    8 :  0.006 0.965 0.029 
516 HI_SS0308    (1)    8 :  0.086 0.482 0.432 
517 HI_SS0309    (0)    8 :  0.003 0.902 0.096 
518 HI_SS0310    (0)    8 :  0.007 0.653 0.340 
519 HI_SS0311    (4)    8 :  0.002 0.747 0.251 
520 HI_SS0314    (0)    8 :  0.001 0.243 0.756 
521 HI_SS0316    (1)    8 :  0.004 0.093 0.903 
522 HI_SS0317    (3)    8 :  0.002 0.676 0.322 
523 HI_SS0318    (1)    8 :  0.196 0.041 0.763 
524 HI_SS0319    (0)    8 :  0.004 0.007 0.990 
525 HI_SS0320    (3)    8 :  0.001 0.985 0.014 
526 HI_SS0321    (0)    8 :  0.002 0.069 0.929 
527 HI_SS0323    (1)    8 :  0.001 0.657 0.342 
528 HI_SS0325    (2)    8 :  0.002 0.093 0.905 
529 HI_SS0327    (1)    8 :  0.001 0.007 0.991 
530 HI_SS0329    (1)    8 :  0.001 0.943 0.056 
531 HI_SS0333    (1)    8 :  0.002 0.815 0.183 
532 HI_SS0334    (1)    8 :  0.001 0.027 0.972 
533 HI_SS0335    (1)    8 :  0.018 0.910 0.072 
534 HI_SS0339    (0)    8 :  0.010 0.924 0.067 
535 HI_SS0343    (2)    8 :  0.002 0.822 0.176 
536 HI_SS0344    (1)    8 :  0.002 0.005 0.993 
537 HI_SS0345    (3)    8 :  0.006 0.903 0.091 
538 HI_SS0346    (0)    8 :  0.003 0.846 0.151 
539 HI_SS0350    (1)    8 :  0.007 0.984 0.008 
540 HI_SS0351    (0)    8 :  0.003 0.737 0.260 
541 HI_SS0352    (3)    8 :  0.090 0.877 0.033 
542 HI_SS0362    (0)    8 :  0.002 0.104 0.894 
543 HI_SS0363    (1)    8 :  0.003 0.015 0.982 
544 HI_SS0365    (0)    8 :  0.004 0.048 0.948 
545 HI_SS0366    (0)    8 :  0.002 0.019 0.980 
546 HI_SS0367    (1)    8 :  0.002 0.990 0.008 
547 HI_SS0369    (1)    8 :  0.002 0.983 0.015 
548 HI_SS0370    (0)    8 :  0.003 0.167 0.830 
549 HI_SS0371    (4)    8 :  0.004 0.100 0.896 
550 HI_SS0373    (3)    8 :  0.011 0.694 0.295 
551 HI_SS0374    (0)    8 :  0.022 0.952 0.026 
552 HI_SS0377    (0)    8 :  0.081 0.045 0.874 
553 HI_SS0379    (1)    8 :  0.001 0.004 0.995 
554 HI_SS0380    (1)    8 :  0.006 0.941 0.053 
555 HI_SS0381    (2)    8 :  0.003 0.978 0.019 
556 HI_SS0384    (3)    8 :  0.007 0.179 0.815 
557 HI_SS0385    (1)    8 :  0.001 0.569 0.430 
558 HI_SS0386    (0)    9 :  0.997 0.001 0.002 
559 HI_SS0387    (0)    9 :  0.974 0.012 0.013 
560 HI_SS0389    (2)    9 :  0.993 0.004 0.003 
561 HI_SS0390    (2)    9 :  0.997 0.001 0.002 
562 HI_SS0391    (3)    9 :  0.996 0.003 0.002 
563 HI_SS0392    (0)    9 :  0.997 0.002 0.002 
564 HI_SS0393    (2)    9 :  0.997 0.001 0.001 
565 HI_SS0394    (2)    9 :  0.997 0.001 0.001 
566 HI_SS0395    (2)    9 :  0.993 0.003 0.004 
567 HI_SS0396    (2)    9 :  0.982 0.011 0.007 
568 HI_SS0398    (2)    9 :  0.989 0.005 0.005 
569 HI_SS0399    (2)    9 :  0.998 0.001 0.001 
570 HI_SS0400    (3)    9 :  0.996 0.002 0.002 
571 HI_SS0401    (5)    9 :  0.997 0.001 0.001 
572 HI_SS0402    (0)    9 :  0.998 0.001 0.001 
573 HI_SS0403    (0)    9 :  0.997 0.002 0.001 
574 HI_SS0404    (2)    9 :  0.998 0.001 0.001 
575 HI_SS0405    (2)    9 :  0.965 0.020 0.014 
576 HI_SS0406    (2)    9 :  0.996 0.002 0.002 
577 HI_SS0407    (0)    9 :  0.986 0.008 0.006 
578 HI_SS0408    (0)    9 :  0.998 0.001 0.001 
579 HI_SS0409    (2)    9 :  0.995 0.003 0.002 
580 HI_SS0411    (2)    9 :  0.995 0.002 0.002 
581 HI_SS0412   (11)    9 :  0.820 0.106 0.075 
582 HI_SS0413    (0)    9 :  0.996 0.002 0.002 
583 HI_SS0414    (2)    9 :  0.969 0.019 0.011 
584 HI_SS0415    (2)    9 :  0.997 0.001 0.002 
585 HI_SS0416    (2)    9 :  0.994 0.003 0.003 
586 HI_SS0418    (2)    9 :  0.991 0.004 0.005 
587 HI_SS0419    (3)    9 :  0.995 0.003 0.002 
588 HI_SS0420    (0)    9 :  0.996 0.002 0.002 
589 HI_SS0421    (4)    9 :  0.992 0.004 0.004 
590 HI_SS0422    (3)    9 :  0.997 0.002 0.001 
591 HI_SS0423    (2)    9 :  0.993 0.003 0.004 
592 HI_SS0424    (1)    9 :  0.997 0.002 0.001 
593 HI_SS0425    (0)    9 :  0.995 0.003 0.002 
594 NS_SS1146    (3)   10 :  0.996 0.002 0.002 
595 NS_SS1157    (1)   10 :  0.990 0.005 0.006 
596 NS_SS1144    (7)   10 :  0.958 0.019 0.023 
597 NS_SS1074    (3)   10 :  0.993 0.003 0.004 
598 NS_SS1122    (0)   10 :  0.992 0.003 0.004 
599 NS_SS1136    (2)   10 :  0.998 0.001 0.001 
600 NS_SS1077    (4)   10 :  0.999 0.001 0.001 
601 NS_SS1134    (2)   10 :  0.981 0.010 0.009 
602 NS_SS1091    (1)   10 :  0.996 0.002 0.002 
603 NS_SS1089   (10)   10 :  0.994 0.002 0.003 
604 NS_SS1123    (2)   10 :  0.997 0.001 0.001 
605 NS_SS1158    (3)   10 :  0.998 0.001 0.001 
606 NS_SS1093    (3)   10 :  0.996 0.002 0.002 
607 NS_SS1102    (5)   10 :  0.990 0.006 0.004 
608 NS_SS1056    (0)   10 :  0.997 0.002 0.001 
609 NS_SS1126    (2)   10 :  0.995 0.003 0.003 
610 NS_SS1058   (15)   10 :  0.993 0.004 0.003 
611 NS_SS1084    (2)   10 :  0.998 0.001 0.001 
612 NS_SS1095    (3)   10 :  0.989 0.005 0.006 
613 NS_SS1079    (3)   10 :  0.997 0.001 0.002 
614 NS_SS1149    (0)   10 :  0.995 0.002 0.002 
615 NS_SS1121    (0)   10 :  0.997 0.002 0.001 
616 NS_SS1067    (0)   10 :  0.990 0.005 0.004 
617 NS_SS1081    (2)   10 :  0.995 0.002 0.002 
618 NS_SS1130    (0)   10 :  0.994 0.003 0.002 
619 NS_SS1073    (2)   10 :  0.996 0.003 0.002 
620 NS_SS1133    (2)   10 :  0.987 0.010 0.003 
621 NS_SS1129    (2)   10 :  0.997 0.001 0.001 
622 NS_SS1085    (1)   10 :  0.996 0.002 0.002 
623 NS_SS1137    (2)   10 :  0.992 0.004 0.005 
624 NS_SS1135    (3)   10 :  0.997 0.001 0.001 
625 NS_SS1082    (3)   10 :  0.997 0.002 0.001 
626 NS_SS1125    (3)   10 :  0.998 0.001 0.001 
627 NS_SS1124    (2)   10 :  0.987 0.007 0.006 
628 NS_SS1155    (0)   10 :  0.985 0.007 0.009 
629 NS_SS1145    (2)   10 :  0.997 0.002 0.002 


Estimated Allele Frequencies in each cluster
First column gives estimated ancestral frequencies


Locus 1 : 
2 alleles
3.3% missing data
   1   (0.737) 0.730 0.738 0.737 
   2   (0.263) 0.270 0.262 0.263 

Locus 2 : 
2 alleles
4.6% missing data
   1   (0.885) 0.821 0.885 0.892 
   2   (0.115) 0.179 0.115 0.108 

Locus 3 : 
2 alleles
4.9% missing data
   1   (0.788) 0.809 0.793 0.774 
   2   (0.212) 0.191 0.207 0.226 

Locus 4 : 
2 alleles
4.6% missing data
   1   (0.865) 0.870 0.863 0.872 
   2   (0.135) 0.130 0.137 0.128 

Locus 5 : 
2 alleles
2.5% missing data
   1   (0.892) 0.930 0.890 0.895 
   2   (0.108) 0.070 0.110 0.105 

Locus 6 : 
2 alleles
2.7% missing data
   1   (0.826) 0.762 0.832 0.816 
   2   (0.174) 0.238 0.168 0.184 

Locus 7 : 
2 alleles
3.0% missing data
   1   (0.793) 0.756 0.796 0.791 
   2   (0.207) 0.244 0.204 0.209 

Locus 8 : 
2 alleles
4.8% missing data
   1   (0.727) 0.794 0.726 0.729 
   2   (0.273) 0.206 0.274 0.271 

Locus 9 : 
2 alleles
3.7% missing data
   1   (0.808) 0.810 0.811 0.804 
   2   (0.192) 0.190 0.189 0.196 

Locus 10 : 
2 alleles
4.8% missing data
   1   (0.711) 0.798 0.713 0.703 
   2   (0.289) 0.202 0.287 0.297 

Locus 11 : 
2 alleles
3.2% missing data
   1   (0.798) 0.783 0.805 0.782 
   2   (0.202) 0.217 0.195 0.218 

Locus 12 : 
2 alleles
4.9% missing data
   1   (0.893) 0.907 0.892 0.895 
   2   (0.107) 0.093 0.108 0.105 

Locus 13 : 
2 alleles
3.2% missing data
   1   (0.867) 0.915 0.868 0.866 
   2   (0.133) 0.085 0.132 0.134 

Locus 14 : 
2 alleles
4.6% missing data
   1   (0.732) 0.683 0.733 0.734 
   2   (0.268) 0.317 0.267 0.266 

Locus 15 : 
2 alleles
4.6% missing data
   1   (0.891) 0.918 0.892 0.892 
   2   (0.109) 0.082 0.108 0.108 

Locus 16 : 
2 alleles
3.8% missing data
   1   (0.885) 0.964 0.886 0.879 
   2   (0.115) 0.036 0.114 0.121 

Locus 17 : 
2 alleles
4.1% missing data
   1   (0.509) 0.645 0.506 0.508 
   2   (0.491) 0.355 0.494 0.492 

Locus 18 : 
2 alleles
4.1% missing data
   1   (0.612) 0.574 0.620 0.594 
   2   (0.388) 0.426 0.380 0.406 

Locus 19 : 
2 alleles
4.1% missing data
   1   (0.773) 0.637 0.776 0.773 
   2   (0.227) 0.363 0.224 0.227 

Locus 20 : 
2 alleles
2.2% missing data
   1   (0.897) 0.894 0.898 0.900 
   2   (0.103) 0.106 0.102 0.100 

Locus 21 : 
2 alleles
4.5% missing data
   1   (0.711) 0.600 0.715 0.708 
   2   (0.289) 0.400 0.285 0.292 

Locus 22 : 
2 alleles
3.0% missing data
   1   (0.887) 0.913 0.888 0.886 
   2   (0.113) 0.087 0.112 0.114 

Locus 23 : 
2 alleles
3.8% missing data
   1   (0.562) 0.578 0.568 0.547 
   2   (0.438) 0.422 0.432 0.453 

Locus 24 : 
2 alleles
4.9% missing data
   1   (0.860) 0.890 0.863 0.855 
   2   (0.140) 0.110 0.137 0.145 

Locus 25 : 
2 alleles
4.3% missing data
   1   (0.886) 0.877 0.889 0.882 
   2   (0.114) 0.123 0.111 0.118 

Locus 26 : 
2 alleles
3.0% missing data
   1   (0.545) 0.578 0.546 0.540 
   2   (0.455) 0.422 0.454 0.460 

Locus 27 : 
2 alleles
4.0% missing data
   2   (0.467) 0.416 0.463 0.479 
   1   (0.533) 0.584 0.537 0.521 

Locus 28 : 
2 alleles
4.0% missing data
   1   (0.842) 0.870 0.838 0.853 
   2   (0.158) 0.130 0.162 0.147 

Locus 29 : 
2 alleles
1.9% missing data
   1   (0.604) 0.699 0.600 0.608 
   2   (0.396) 0.301 0.400 0.392 

Locus 30 : 
2 alleles
4.6% missing data
   1   (0.864) 0.853 0.863 0.868 
   2   (0.136) 0.147 0.137 0.132 

Locus 31 : 
2 alleles
1.9% missing data
   1   (0.885) 0.904 0.887 0.882 
   2   (0.115) 0.096 0.113 0.118 

Locus 32 : 
2 alleles
4.3% missing data
   1   (0.867) 0.784 0.867 0.873 
   2   (0.133) 0.216 0.133 0.127 

Locus 33 : 
2 alleles
4.3% missing data
   1   (0.789) 0.761 0.788 0.795 
   2   (0.211) 0.239 0.212 0.205 

Locus 34 : 
2 alleles
2.2% missing data
   1   (0.736) 0.726 0.735 0.742 
   2   (0.264) 0.274 0.265 0.258 

Locus 35 : 
2 alleles
3.8% missing data
   1   (0.766) 0.781 0.768 0.760 
   2   (0.234) 0.219 0.232 0.240 

Locus 36 : 
2 alleles
3.3% missing data
   1   (0.811) 0.782 0.811 0.816 
   2   (0.189) 0.218 0.189 0.184 

Locus 37 : 
2 alleles
3.8% missing data
   1   (0.864) 0.643 0.863 0.878 
   2   (0.136) 0.357 0.137 0.122 

Locus 38 : 
2 alleles
4.9% missing data
   1   (0.801) 0.774 0.806 0.790 
   2   (0.199) 0.226 0.194 0.210 

Locus 39 : 
2 alleles
4.9% missing data
   1   (0.745) 0.780 0.747 0.739 
   2   (0.255) 0.220 0.253 0.261 

Locus 40 : 
2 alleles
2.7% missing data
   1   (0.758) 0.723 0.759 0.760 
   2   (0.242) 0.277 0.241 0.240 

Locus 41 : 
2 alleles
2.2% missing data
   1   (0.743) 0.760 0.743 0.745 
   2   (0.257) 0.240 0.257 0.255 

Locus 42 : 
2 alleles
4.9% missing data
   1   (0.769) 0.792 0.775 0.755 
   2   (0.231) 0.208 0.225 0.245 

Locus 43 : 
2 alleles
1.7% missing data
   1   (0.877) 0.918 0.881 0.866 
   2   (0.123) 0.082 0.119 0.134 

Locus 44 : 
2 alleles
3.7% missing data
   1   (0.703) 0.746 0.698 0.717 
   2   (0.297) 0.254 0.302 0.283 

Locus 45 : 
2 alleles
3.7% missing data
   1   (0.573) 0.487 0.578 0.564 
   2   (0.427) 0.513 0.422 0.436 

Locus 46 : 
2 alleles
3.8% missing data
   1   (0.882) 0.856 0.881 0.888 
   2   (0.118) 0.144 0.119 0.112 

Locus 47 : 
2 alleles
4.0% missing data
   2   (0.240) 0.235 0.249 0.216 
   1   (0.760) 0.765 0.751 0.784 

Locus 48 : 
2 alleles
2.1% missing data
   1   (0.822) 0.766 0.825 0.819 
   2   (0.178) 0.234 0.175 0.181 

Locus 49 : 
2 alleles
4.9% missing data
   1   (0.589) 0.699 0.591 0.578 
   2   (0.411) 0.301 0.409 0.422 

Locus 50 : 
2 alleles
3.5% missing data
   1   (0.872) 0.864 0.870 0.879 
   2   (0.128) 0.136 0.130 0.121 

Locus 51 : 
2 alleles
2.9% missing data
   1   (0.778) 0.785 0.777 0.784 
   2   (0.222) 0.215 0.223 0.216 

Locus 52 : 
2 alleles
4.1% missing data
   1   (0.889) 0.874 0.889 0.891 
   2   (0.111) 0.126 0.111 0.109 

Locus 53 : 
2 alleles
4.8% missing data
   1   (0.850) 0.863 0.851 0.850 
   2   (0.150) 0.137 0.149 0.150 

Locus 54 : 
2 alleles
4.1% missing data
   1   (0.819) 0.900 0.815 0.825 
   2   (0.181) 0.100 0.185 0.175 

Locus 55 : 
2 alleles
4.3% missing data
   1   (0.823) 0.883 0.825 0.818 
   2   (0.177) 0.117 0.175 0.182 

Locus 56 : 
2 alleles
3.7% missing data
   1   (0.658) 0.612 0.661 0.654 
   2   (0.342) 0.388 0.339 0.346 

Locus 57 : 
2 alleles
1.4% missing data
   1   (0.601) 0.569 0.603 0.599 
   2   (0.399) 0.431 0.397 0.401 

Locus 58 : 
2 alleles
3.8% missing data
   1   (0.660) 0.709 0.659 0.663 
   2   (0.340) 0.291 0.341 0.337 

Locus 59 : 
2 alleles
4.3% missing data
   1   (0.854) 0.864 0.856 0.850 
   2   (0.146) 0.136 0.144 0.150 

Locus 60 : 
2 alleles
4.0% missing data
   1   (0.869) 0.939 0.868 0.871 
   2   (0.131) 0.061 0.132 0.129 

Locus 61 : 
2 alleles
3.0% missing data
   1   (0.885) 0.907 0.887 0.883 
   2   (0.115) 0.093 0.113 0.117 

Locus 62 : 
2 alleles
2.9% missing data
   1   (0.799) 0.815 0.798 0.803 
   2   (0.201) 0.185 0.202 0.197 

Locus 63 : 
2 alleles
4.6% missing data
   1   (0.658) 0.589 0.653 0.674 
   2   (0.342) 0.411 0.347 0.326 

Locus 64 : 
2 alleles
4.5% missing data
   1   (0.838) 0.816 0.836 0.848 
   2   (0.162) 0.184 0.164 0.152 

Locus 65 : 
2 alleles
4.9% missing data
   1   (0.858) 0.859 0.862 0.849 
   2   (0.142) 0.141 0.138 0.151 

Locus 66 : 
2 alleles
4.5% missing data
   1   (0.821) 0.885 0.817 0.829 
   2   (0.179) 0.115 0.183 0.171 

Locus 67 : 
2 alleles
2.5% missing data
   1   (0.865) 0.875 0.869 0.857 
   2   (0.135) 0.125 0.131 0.143 

Locus 68 : 
2 alleles
4.3% missing data
   1   (0.783) 0.842 0.785 0.777 
   2   (0.217) 0.158 0.215 0.223 

Locus 69 : 
2 alleles
1.7% missing data
   1   (0.846) 0.835 0.851 0.835 
   2   (0.154) 0.165 0.149 0.165 

Locus 70 : 
2 alleles
4.9% missing data
   1   (0.778) 0.754 0.776 0.787 
   2   (0.222) 0.246 0.224 0.213 

Locus 71 : 
2 alleles
4.0% missing data
   1   (0.758) 0.705 0.761 0.756 
