

----------------------------------------------------
STRUCTURE by Pritchard, Stephens and Donnelly (2000)
     and Falush, Stephens and Pritchard (2003)
       Code by Pritchard, Falush and Hubisz
             Version 2.3.4 (Jul 2012)
----------------------------------------------------



Command line arguments:   /home/genobiwan/Documents/Programs/Structure/structure -m parameter_job_k4_r1 
Input File:    /media/genobiwan/Storage/Projets/Mackerel_NWA_2021/data_job_k4_r1

Run parameters:
   629 individuals
   4140 loci
   4 populations assumed
   100000 Burn-in period
   200000 Reps


--------------------------------------------
Proportion of membership of each pre-defined
 population in each of the 4 clusters

Given    Inferred Clusters              Number of
 Pop       1      2      3      4      Individuals

  1:     0.355  0.012  0.342  0.290       67
  2:     0.447  0.008  0.336  0.208       32
  3:     0.335  0.013  0.385  0.266       92
  4:     0.374  0.014  0.217  0.394       36
  5:     0.154  0.020  0.438  0.388       41
  6:     0.324  0.013  0.304  0.360      158
  7:     0.377  0.009  0.302  0.312       79
  8:     0.299  0.014  0.302  0.385       52
  9:     0.006  0.984  0.006  0.005       36
 10:     0.004  0.989  0.003  0.004       36
--------------------------------------------

Allele-freq. divergence among pops (Net nucleotide distance),
computed using point estimates of P.

      1       2       3       4      
 1      -    0.0047  0.0001  0.0002  
 2   0.0047     -    0.0048  0.0050  
 3   0.0001  0.0048     -    0.0003  
 4   0.0002  0.0050  0.0003     -    

Average distances (expected heterozygosity) between individuals in same cluster:
cluster  1  : 0.3188 
cluster  2  : 0.3056 
cluster  3  : 0.3184 
cluster  4  : 0.3182 

--------------------------------------------
Estimated Ln Prob of Data   = -2472666.2
Mean value of ln likelihood = -2466594.6
Variance of ln likelihood   = 12143.1
Mean value of alpha         = 0.0385

Mean value of Fst_1         = 0.0015
Mean value of Fst_2         = 0.0378
Mean value of Fst_3         = 0.0020
Mean value of Fst_4         = 0.0028


Inferred ancestry of individuals:
        Label (%Miss) Pop:  Inferred clusters
  1 NS_SS0963    (4)    1 :  0.527 0.005 0.407 0.061 
  2 NS_SS0983    (1)    1 :  0.027 0.004 0.013 0.956 
  3 NS_SS0719    (9)    1 :  0.960 0.004 0.010 0.027 
  4 NS_SS1001    (8)    1 :  0.116 0.007 0.381 0.496 
  5 NS_SS0936    (4)    1 :  0.630 0.002 0.342 0.026 
  6 NS_SS0955    (6)    1 :  0.038 0.003 0.044 0.915 
  7 NS_SS0944    (3)    1 :  0.019 0.002 0.155 0.823 
  8 NS_SS0945    (3)    1 :  0.228 0.009 0.619 0.144 
  9 NS_SS0922    (2)    1 :  0.860 0.020 0.113 0.007 
 10 NS_SS0929    (7)    1 :  0.210 0.003 0.145 0.641 
 11 NS_SS0956    (1)    1 :  0.861 0.003 0.117 0.019 
 12 NS_SS0906    (3)    1 :  0.344 0.003 0.531 0.122 
 13 NS_SS0721    (6)    1 :  0.960 0.004 0.016 0.021 
 14 NS_SS0982    (4)    1 :  0.661 0.016 0.296 0.027 
 15 NS_SS0923    (6)    1 :  0.917 0.004 0.068 0.011 
 16 NS_SS0905    (6)    1 :  0.508 0.002 0.071 0.419 
 17 NS_SS0925    (3)    1 :  0.748 0.004 0.226 0.023 
 18 NS_SS0947    (6)    1 :  0.231 0.004 0.751 0.014 
 19 NS_SS0926    (2)    1 :  0.008 0.001 0.009 0.982 
 20 NS_SS0918    (6)    1 :  0.196 0.003 0.690 0.111 
 21 NS_SS0966    (4)    1 :  0.079 0.051 0.804 0.066 
 22 NS_SS0938    (2)    1 :  0.176 0.001 0.787 0.037 
 23 NS_SS0917    (2)    1 :  0.927 0.030 0.020 0.023 
 24 NS_SS0957   (11)    1 :  0.145 0.006 0.830 0.019 
 25 NS_SS0987    (1)    1 :  0.541 0.241 0.128 0.090 
 26 NS_SS0717    (4)    1 :  0.295 0.003 0.678 0.025 
 27 NS_SS0986    (2)    1 :  0.215 0.003 0.709 0.073 
 28 NS_SS0953    (3)    1 :  0.022 0.015 0.936 0.027 
 29 NS_SS0907    (3)    1 :  0.128 0.038 0.754 0.080 
 30 NS_SS0974    (6)    1 :  0.074 0.003 0.168 0.755 
 31 NS_SS0989    (1)    1 :  0.044 0.001 0.022 0.933 
 32 NS_SS0991    (3)    1 :  0.014 0.002 0.038 0.946 
 33 NS_SS0994    (2)    1 :  0.008 0.002 0.007 0.984 
 34 NS_SS0931    (6)    1 :  0.055 0.011 0.025 0.909 
 35 NS_SS1000    (5)    1 :  0.137 0.003 0.848 0.012 
 36 NS_SS0919    (1)    1 :  0.690 0.003 0.036 0.271 
 37 NS_SS0949    (4)    1 :  0.025 0.001 0.008 0.967 
 38 NS_SS0960   (10)    1 :  0.574 0.006 0.029 0.391 
 39 NS_SS0716    (2)    1 :  0.363 0.006 0.623 0.007 
 40 NS_SS0924    (8)    1 :  0.460 0.019 0.034 0.487 
 41 NS_SS0935    (2)    1 :  0.028 0.009 0.011 0.951 
 42 NS_SS0952   (14)    1 :  0.020 0.039 0.071 0.870 
 43 NS_SS0962   (11)    1 :  0.612 0.006 0.370 0.012 
 44 NS_SS0973    (5)    1 :  0.316 0.004 0.089 0.591 
 45 NS_SS0722    (1)    1 :  0.095 0.002 0.893 0.009 
 46 NS_SS0979   (13)    1 :  0.111 0.002 0.864 0.023 
 47 NS_SS0993    (2)    1 :  0.089 0.018 0.847 0.047 
 48 NS_SS0958    (1)    1 :  0.089 0.003 0.147 0.761 
 49 NS_SS0988    (4)    1 :  0.416 0.005 0.491 0.089 
 50 NS_SS1003    (2)    1 :  0.367 0.010 0.608 0.015 
 51 NS_SS0976    (1)    1 :  0.190 0.002 0.081 0.727 
 52 NS_SS0964   (10)    1 :  0.091 0.003 0.893 0.013 
 53 NS_SS0939    (4)    1 :  0.937 0.004 0.054 0.005 
 54 NS_SS0990    (6)    1 :  0.086 0.003 0.859 0.052 
 55 NS_SS0984    (2)    1 :  0.859 0.002 0.130 0.009 
 56 NS_SS0980   (10)    1 :  0.770 0.002 0.103 0.125 
 57 NS_SS0978    (4)    1 :  0.798 0.003 0.174 0.026 
 58 NS_SS0951   (18)    1 :  0.025 0.003 0.083 0.889 
 59 NS_SS0913    (3)    1 :  0.166 0.037 0.738 0.059 
 60 NS_SS1002    (1)    1 :  0.050 0.031 0.914 0.005 
 61 NS_SS0948    (1)    1 :  0.054 0.045 0.758 0.143 
 62 NS_SS0916    (4)    1 :  0.783 0.004 0.045 0.168 
 63 NS_SS0995    (1)    1 :  0.960 0.002 0.026 0.011 
 64 NS_SS0927    (6)    1 :  0.907 0.005 0.026 0.062 
 65 NS_SS0992    (5)    1 :  0.595 0.003 0.171 0.230 
 66 NS_SS0912    (1)    1 :  0.125 0.003 0.317 0.556 
 67 NS_SS0981    (1)    1 :  0.251 0.003 0.685 0.062 
 68 NS_SS0729    (5)    2 :  0.007 0.003 0.009 0.981 
 69 NS_SS0967   (15)    2 :  0.511 0.011 0.426 0.052 
 70 NS_SS0941    (8)    2 :  0.728 0.070 0.093 0.109 
 71 NS_SS0768   (12)    2 :  0.051 0.004 0.918 0.026 
 72 NS_SS0726    (5)    2 :  0.136 0.009 0.025 0.831 
 73 NS_SS0763    (4)    2 :  0.019 0.002 0.032 0.947 
 74 NS_SS0730    (6)    2 :  0.801 0.003 0.183 0.013 
 75 NS_SS0774    (2)    2 :  0.284 0.001 0.710 0.005 
 76 NS_SS0723    (3)    2 :  0.973 0.001 0.021 0.005 
 77 NS_SS0940   (10)    2 :  0.882 0.005 0.010 0.103 
 78 NS_SS0762    (1)    2 :  0.276 0.003 0.694 0.026 
 79 NS_SS0766   (11)    2 :  0.866 0.011 0.028 0.094 
 80 NS_SS0724    (1)    2 :  0.016 0.004 0.963 0.017 
 81 NS_SS0769    (3)    2 :  0.427 0.004 0.536 0.033 
 82 NS_SS0777    (1)    2 :  0.055 0.014 0.429 0.503 
 83 NS_SS0734    (6)    2 :  0.721 0.025 0.030 0.224 
 84 NS_SS0737    (3)    2 :  0.751 0.005 0.237 0.008 
 85 NS_SS0732    (5)    2 :  0.951 0.004 0.023 0.022 
 86 NS_SS0728    (5)    2 :  0.894 0.008 0.054 0.044 
 87 NS_SS0735    (9)    2 :  0.479 0.008 0.470 0.044 
 88 NS_SS0725    (1)    2 :  0.046 0.008 0.896 0.051 
 89 NS_SS0788    (2)    2 :  0.965 0.001 0.024 0.010 
 90 NS_SS0778    (2)    2 :  0.850 0.002 0.075 0.073 
 91 NS_SS0792    (6)    2 :  0.282 0.006 0.369 0.343 
 92 NS_SS0943   (11)    2 :  0.009 0.007 0.017 0.967 
 93 NS_SS0791    (2)    2 :  0.969 0.010 0.006 0.015 
 94 NS_SS0790    (5)    2 :  0.013 0.003 0.980 0.004 
 95 NS_SS0731    (6)    2 :  0.096 0.011 0.882 0.011 
 96 NS_SS0727    (7)    2 :  0.025 0.002 0.075 0.898 
 97 NS_SS0779   (13)    2 :  0.378 0.006 0.487 0.129 
 98 NS_SS0776    (3)    2 :  0.032 0.005 0.891 0.072 
 99 NS_SS0775    (5)    2 :  0.818 0.006 0.167 0.009 
100 NS_SS0965    (3)    3 :  0.756 0.001 0.162 0.080 
101 NS_SS0754   (14)    3 :  0.279 0.015 0.037 0.669 
102 NS_SS0838    (5)    3 :  0.074 0.035 0.826 0.065 
103 NS_SS0839    (3)    3 :  0.301 0.004 0.690 0.006 
104 NS_SS0832    (4)    3 :  0.062 0.037 0.897 0.004 
105 NS_SS0820    (5)    3 :  0.471 0.006 0.519 0.004 
106 NS_SS0886    (9)    3 :  0.892 0.002 0.027 0.079 
107 NS_SS0748    (5)    3 :  0.084 0.009 0.506 0.402 
108 NS_SS0884    (9)    3 :  0.614 0.020 0.330 0.036 
109 NS_SS0752    (4)    3 :  0.840 0.002 0.102 0.055 
110 NS_SS0862    (1)    3 :  0.900 0.004 0.086 0.011 
111 NS_SS0787    (9)    3 :  0.020 0.007 0.009 0.965 
112 NS_SS0843    (6)    3 :  0.045 0.002 0.798 0.155 
113 NS_SS0856    (4)    3 :  0.177 0.003 0.806 0.014 
114 NS_SS0846    (2)    3 :  0.058 0.003 0.654 0.285 
115 NS_SS0825    (1)    3 :  0.840 0.010 0.120 0.030 
116 NS_SS0757    (3)    3 :  0.268 0.004 0.113 0.616 
117 NS_SS0876    (3)    3 :  0.101 0.213 0.676 0.010 
118 NS_SS0903   (10)    3 :  0.591 0.002 0.380 0.027 
119 NS_SS0875    (7)    3 :  0.870 0.003 0.105 0.022 
120 NS_SS0740    (5)    3 :  0.260 0.003 0.165 0.571 
121 NS_SS0811    (5)    3 :  0.107 0.009 0.860 0.024 
122 NS_SS0751    (1)    3 :  0.735 0.002 0.218 0.045 
123 NS_SS0891    (6)    3 :  0.244 0.005 0.739 0.013 
124 NS_SS0867    (2)    3 :  0.191 0.034 0.046 0.730 
125 NS_SS0890    (6)    3 :  0.784 0.003 0.055 0.158 
126 NS_SS0866   (12)    3 :  0.038 0.005 0.044 0.912 
127 NS_SS0755    (4)    3 :  0.390 0.007 0.430 0.173 
128 NS_SS0758    (4)    3 :  0.278 0.002 0.561 0.158 
129 NS_SS0840    (2)    3 :  0.164 0.002 0.820 0.014 
130 NS_SS0889    (4)    3 :  0.023 0.002 0.076 0.898 
131 NS_SS1010    (1)    3 :  0.344 0.040 0.488 0.127 
132 NS_SS0888    (5)    3 :  0.078 0.002 0.009 0.911 
133 NS_SS0837    (3)    3 :  0.157 0.002 0.637 0.204 
134 NS_SS0794   (10)    3 :  0.019 0.002 0.065 0.914 
135 NS_SS0823    (5)    3 :  0.079 0.004 0.903 0.013 
136 NS_SS0829    (7)    3 :  0.010 0.102 0.008 0.881 
137 NS_SS0844    (5)    3 :  0.023 0.002 0.966 0.009 
138 NS_SS1008    (6)    3 :  0.043 0.012 0.051 0.894 
139 NS_SS0881    (3)    3 :  0.857 0.002 0.040 0.102 
140 NS_SS0834    (6)    3 :  0.017 0.005 0.969 0.009 
141 NS_SS0744   (10)    3 :  0.923 0.006 0.041 0.030 
142 NS_SS0899    (7)    3 :  0.013 0.001 0.979 0.006 
143 NS_SS0804    (5)    3 :  0.118 0.004 0.870 0.008 
144 NS_SS0781   (10)    3 :  0.034 0.003 0.959 0.004 
145 NS_SS0822    (6)    3 :  0.016 0.002 0.142 0.840 
146 NS_SS1004    (4)    3 :  0.122 0.003 0.761 0.114 
147 NS_SS0746    (5)    3 :  0.037 0.013 0.709 0.241 
148 NS_SS0880    (3)    3 :  0.380 0.002 0.531 0.087 
149 NS_SS0879    (5)    3 :  0.076 0.013 0.884 0.027 
150 NS_SS0753    (2)    3 :  0.045 0.010 0.017 0.929 
151 NS_SS1007    (3)    3 :  0.980 0.002 0.006 0.012 
152 NS_SS0872    (5)    3 :  0.029 0.002 0.961 0.008 
153 NS_SS1005    (7)    3 :  0.077 0.001 0.909 0.013 
154 NS_SS0892    (6)    3 :  0.605 0.002 0.291 0.102 
155 NS_SS0898    (0)    3 :  0.135 0.006 0.027 0.831 
156 NS_SS0801    (9)    3 :  0.436 0.008 0.524 0.032 
157 NS_SS0827    (9)    3 :  0.270 0.129 0.087 0.513 
158 NS_SS0853    (7)    3 :  0.148 0.005 0.767 0.080 
159 NS_SS0780    (2)    3 :  0.897 0.004 0.091 0.009 
160 NS_SS0826   (10)    3 :  0.010 0.003 0.931 0.055 
161 NS_SS0818    (5)    3 :  0.974 0.002 0.012 0.012 
162 NS_SS0745    (1)    3 :  0.103 0.001 0.887 0.008 
163 NS_SS0849    (3)    3 :  0.794 0.001 0.139 0.066 
164 NS_SS0739    (3)    3 :  0.978 0.008 0.007 0.006 
165 NS_SS0799    (1)    3 :  0.063 0.001 0.014 0.922 
166 NS_SS0756    (3)    3 :  0.192 0.004 0.796 0.009 
167 NS_SS0802    (2)    3 :  0.733 0.187 0.060 0.020 
168 NS_SS0747    (6)    3 :  0.567 0.006 0.392 0.036 
169 NS_SS0835    (1)    3 :  0.132 0.001 0.019 0.848 
170 NS_SS0742   (19)    3 :  0.556 0.001 0.406 0.036 
171 NS_SS0760    (9)    3 :  0.031 0.051 0.015 0.902 
172 NS_SS0803    (4)    3 :  0.016 0.006 0.969 0.009 
173 NS_SS0828   (14)    3 :  0.676 0.001 0.013 0.310 
174 NS_SS0865    (2)    3 :  0.564 0.026 0.347 0.063 
175 NS_SS0759    (5)    3 :  0.817 0.003 0.170 0.009 
176 NS_SS0851    (5)    3 :  0.411 0.011 0.569 0.009 
177 NS_SS0874   (16)    3 :  0.078 0.001 0.894 0.027 
178 NS_SS0761    (6)    3 :  0.051 0.003 0.028 0.918 
179 NS_SS0842   (26)    3 :  0.126 0.009 0.359 0.506 
180 NS_SS0785    (6)    3 :  0.413 0.005 0.346 0.235 
181 NS_SS0860   (11)    3 :  0.204 0.002 0.018 0.775 
182 NS_SS0897    (7)    3 :  0.015 0.002 0.007 0.976 
183 NS_SS0841   (15)    3 :  0.827 0.004 0.154 0.015 
184 NS_SS0797    (7)    3 :  0.111 0.029 0.053 0.806 
185 NS_SS0830   (11)    3 :  0.317 0.002 0.242 0.438 
186 NS_SS1011    (5)    3 :  0.080 0.005 0.903 0.011 
187 NS_SS0883    (5)    3 :  0.928 0.004 0.015 0.052 
188 NS_SS0782    (2)    3 :  0.468 0.002 0.495 0.035 
189 NS_SS0831    (5)    3 :  0.090 0.003 0.040 0.867 
190 NS_SS0749    (7)    3 :  0.944 0.003 0.008 0.045 
191 NS_SS0854    (2)    3 :  0.121 0.003 0.569 0.306 
192 HI_SS0193    (0)    4 :  0.009 0.002 0.014 0.976 
193 HI_SS0194    (1)    4 :  0.027 0.002 0.957 0.014 
194 HI_SS0195   (10)    4 :  0.468 0.080 0.446 0.006 
195 HI_SS0196    (6)    4 :  0.728 0.003 0.111 0.159 
196 HI_SS0197    (3)    4 :  0.854 0.010 0.132 0.004 
197 HI_SS0198    (1)    4 :  0.962 0.007 0.011 0.020 
198 HI_SS0199    (1)    4 :  0.369 0.002 0.026 0.603 
199 HI_SS0201    (5)    4 :  0.011 0.002 0.012 0.976 
200 HI_SS0215    (1)    4 :  0.128 0.004 0.050 0.819 
201 HI_SS0218    (1)    4 :  0.009 0.005 0.005 0.981 
202 HI_SS0222    (0)    4 :  0.936 0.003 0.047 0.013 
203 HI_SS0230    (1)    4 :  0.195 0.005 0.781 0.019 
204 HI_SS0234    (2)    4 :  0.788 0.139 0.048 0.025 
205 HI_SS0240    (1)    4 :  0.976 0.005 0.011 0.008 
206 HI_SS0241    (0)    4 :  0.059 0.002 0.027 0.912 
207 HI_SS0242    (0)    4 :  0.583 0.002 0.270 0.144 
208 HI_SS0247    (0)    4 :  0.019 0.016 0.951 0.014 
209 HI_SS0248    (1)    4 :  0.006 0.001 0.008 0.985 
210 HI_SS0252    (2)    4 :  0.027 0.002 0.929 0.041 
211 HI_SS0254    (0)    4 :  0.051 0.103 0.012 0.833 
212 HI_SS0256    (0)    4 :  0.019 0.002 0.976 0.003 
213 HI_SS0257    (0)    4 :  0.067 0.003 0.107 0.823 
214 HI_SS0258    (1)    4 :  0.043 0.004 0.009 0.944 
215 HI_SS0259    (1)    4 :  0.850 0.002 0.134 0.014 
216 HI_SS0260    (1)    4 :  0.027 0.002 0.030 0.941 
217 HI_SS0261    (2)    4 :  0.161 0.003 0.091 0.746 
218 HI_SS0262    (0)    4 :  0.779 0.007 0.202 0.012 
219 HI_SS0264    (0)    4 :  0.151 0.004 0.834 0.011 
220 HI_SS0265    (0)    4 :  0.690 0.073 0.225 0.013 
221 HI_SS0268    (1)    4 :  0.873 0.003 0.109 0.015 
222 HI_SS0269    (0)    4 :  0.069 0.002 0.029 0.900 
223 HI_SS0273    (0)    4 :  0.027 0.002 0.019 0.952 
224 HI_SS0277    (1)    4 :  0.953 0.002 0.023 0.022 
225 HI_SS0280    (0)    4 :  0.814 0.005 0.091 0.090 
226 HI_SS0282    (1)    4 :  0.068 0.001 0.030 0.901 
227 HI_SS0286    (1)    4 :  0.682 0.008 0.071 0.240 
228 NS_SS1252    (3)    5 :  0.009 0.004 0.007 0.980 
229 NS_SS1261    (1)    5 :  0.194 0.015 0.745 0.046 
230 NS_SS1225   (10)    5 :  0.011 0.102 0.393 0.494 
231 NS_SS1266    (1)    5 :  0.027 0.007 0.960 0.006 
232 NS_SS1228    (0)    5 :  0.557 0.012 0.391 0.040 
233 NS_SS1255    (3)    5 :  0.119 0.001 0.545 0.335 
234 NS_SS1267    (3)    5 :  0.025 0.014 0.006 0.955 
235 NS_SS1238    (6)    5 :  0.287 0.003 0.276 0.434 
236 NS_SS1233    (8)    5 :  0.009 0.002 0.926 0.063 
237 NS_SS1277    (3)    5 :  0.016 0.001 0.008 0.975 
238 NS_SS1245    (1)    5 :  0.020 0.002 0.102 0.876 
239 NS_SS1240    (4)    5 :  0.031 0.002 0.015 0.952 
240 NS_SS1275    (2)    5 :  0.090 0.003 0.902 0.005 
241 NS_SS1235    (1)    5 :  0.014 0.004 0.914 0.068 
242 NS_SS1263    (1)    5 :  0.015 0.001 0.954 0.030 
243 NS_SS1251    (2)    5 :  0.047 0.001 0.929 0.023 
244 NS_SS1248    (0)    5 :  0.239 0.118 0.190 0.453 
245 NS_SS1244    (0)    5 :  0.613 0.005 0.173 0.209 
246 NS_SS1257    (1)    5 :  0.395 0.030 0.067 0.508 
247 NS_SS1242    (2)    5 :  0.148 0.003 0.843 0.006 
248 NS_SS1271    (6)    5 :  0.018 0.025 0.005 0.952 
249 NS_SS1265    (1)    5 :  0.042 0.022 0.463 0.473 
250 NS_SS1243    (0)    5 :  0.155 0.086 0.678 0.080 
251 NS_SS1273    (1)    5 :  0.238 0.008 0.743 0.010 
252 NS_SS1254   (14)    5 :  0.022 0.006 0.918 0.054 
253 NS_SS1224    (1)    5 :  0.045 0.007 0.935 0.013 
254 NS_SS1227    (8)    5 :  0.084 0.002 0.011 0.903 
255 NS_SS1274    (9)    5 :  0.029 0.018 0.042 0.911 
256 NS_SS1241    (1)    5 :  0.010 0.001 0.048 0.942 
257 NS_SS1256    (3)    5 :  0.018 0.034 0.826 0.122 
258 NS_SS1260    (8)    5 :  0.340 0.084 0.031 0.545 
259 NS_SS1262    (0)    5 :  0.046 0.170 0.037 0.747 
260 NS_SS1230    (0)    5 :  0.123 0.010 0.288 0.579 
261 NS_SS1270    (2)    5 :  0.036 0.002 0.939 0.022 
262 NS_SS1229    (2)    5 :  0.346 0.004 0.613 0.037 
263 NS_SS1246    (5)    5 :  0.201 0.002 0.073 0.724 
264 NS_SS1269    (0)    5 :  0.893 0.002 0.077 0.028 
265 NS_SS1239    (1)    5 :  0.598 0.006 0.175 0.221 
266 NS_SS1272    (5)    5 :  0.020 0.004 0.967 0.009 
267 NS_SS1268    (1)    5 :  0.188 0.002 0.716 0.094 
268 NS_SS1249    (1)    5 :  0.008 0.010 0.014 0.968 
269 HI_SS0559    (0)    6 :  0.232 0.002 0.088 0.678 
270 HI_SS0563    (1)    6 :  0.528 0.003 0.156 0.314 
271 HI_SS0564    (0)    6 :  0.843 0.043 0.088 0.026 
272 HI_SS0565    (0)    6 :  0.741 0.003 0.120 0.136 
273 HI_SS0569    (1)    6 :  0.013 0.002 0.018 0.967 
274 HI_SS0570    (0)    6 :  0.037 0.044 0.037 0.882 
275 HI_SS0572    (1)    6 :  0.019 0.002 0.970 0.009 
276 HI_SS0576    (1)    6 :  0.955 0.004 0.013 0.027 
277 HI_SS0579    (1)    6 :  0.042 0.019 0.147 0.793 
278 HI_SS0580    (1)    6 :  0.702 0.003 0.030 0.264 
279 HI_SS0581    (0)    6 :  0.271 0.062 0.660 0.007 
280 HI_SS0583    (1)    6 :  0.027 0.003 0.271 0.699 
281 HI_SS0586    (1)    6 :  0.011 0.001 0.008 0.980 
282 HI_SS0588    (1)    6 :  0.028 0.018 0.048 0.906 
283 HI_SS0595    (4)    6 :  0.771 0.019 0.016 0.194 
284 HI_SS0596    (0)    6 :  0.021 0.002 0.966 0.011 
285 HI_SS0597    (1)    6 :  0.016 0.002 0.975 0.007 
286 HI_SS0600    (0)    6 :  0.535 0.003 0.290 0.172 
287 HI_SS0601    (1)    6 :  0.056 0.015 0.102 0.828 
288 HI_SS0602    (1)    6 :  0.548 0.002 0.064 0.386 
289 HI_SS0604    (0)    6 :  0.031 0.002 0.806 0.161 
290 HI_SS0605    (1)    6 :  0.937 0.005 0.011 0.047 
291 HI_SS0608    (0)    6 :  0.126 0.001 0.062 0.811 
292 HI_SS0609    (0)    6 :  0.022 0.001 0.963 0.014 
293 HI_SS0611    (5)    6 :  0.023 0.003 0.027 0.947 
294 HI_SS0612    (0)    6 :  0.260 0.007 0.478 0.255 
295 HI_SS0613    (1)    6 :  0.596 0.001 0.339 0.064 
296 HI_SS0615    (1)    6 :  0.941 0.009 0.042 0.009 
297 HI_SS0001    (1)    6 :  0.417 0.004 0.247 0.333 
298 HI_SS0002    (1)    6 :  0.013 0.021 0.957 0.009 
299 HI_SS0004    (0)    6 :  0.141 0.006 0.137 0.716 
300 HI_SS0005    (1)    6 :  0.951 0.005 0.024 0.020 
301 HI_SS0006    (1)    6 :  0.028 0.002 0.506 0.464 
302 HI_SS0007    (1)    6 :  0.016 0.003 0.015 0.966 
303 HI_SS0008    (0)    6 :  0.385 0.044 0.195 0.376 
304 HI_SS0009    (0)    6 :  0.756 0.004 0.164 0.076 
305 HI_SS0010    (1)    6 :  0.037 0.003 0.024 0.936 
306 HI_SS0011    (1)    6 :  0.022 0.084 0.874 0.020 
307 HI_SS0012    (0)    6 :  0.971 0.004 0.016 0.009 
308 HI_SS0017    (1)    6 :  0.014 0.002 0.968 0.016 
309 HI_SS0021    (1)    6 :  0.067 0.243 0.206 0.484 
310 HI_SS0024    (1)    6 :  0.572 0.002 0.393 0.032 
311 HI_SS0025    (1)    6 :  0.244 0.003 0.737 0.016 
312 HI_SS0027    (0)    6 :  0.024 0.013 0.008 0.955 
313 HI_SS0028    (0)    6 :  0.766 0.002 0.224 0.008 
314 HI_SS0029    (1)    6 :  0.824 0.007 0.151 0.017 
315 HI_SS0030    (2)    6 :  0.059 0.005 0.039 0.898 
316 HI_SS0031    (0)    6 :  0.951 0.003 0.022 0.023 
317 HI_SS0034    (0)    6 :  0.134 0.005 0.017 0.844 
318 HI_SS0036    (0)    6 :  0.648 0.010 0.005 0.337 
319 HI_SS0037    (1)    6 :  0.080 0.005 0.199 0.716 
320 HI_SS0039    (0)    6 :  0.073 0.003 0.027 0.898 
321 HI_SS0041    (1)    6 :  0.776 0.002 0.214 0.009 
322 HI_SS0042    (1)    6 :  0.672 0.100 0.203 0.025 
323 HI_SS0043    (1)    6 :  0.014 0.003 0.008 0.974 
324 HI_SS0044    (1)    6 :  0.503 0.002 0.356 0.139 
325 HI_SS0047    (1)    6 :  0.053 0.002 0.921 0.023 
326 HI_SS0049    (1)    6 :  0.046 0.003 0.877 0.074 
327 HI_SS0051    (1)    6 :  0.697 0.002 0.252 0.049 
328 HI_SS0053    (1)    6 :  0.021 0.005 0.012 0.962 
329 HI_SS0054    (4)    6 :  0.006 0.003 0.006 0.984 
330 HI_SS0057    (0)    6 :  0.113 0.003 0.706 0.178 
331 HI_SS0058    (0)    6 :  0.024 0.005 0.725 0.245 
332 HI_SS0060    (0)    6 :  0.578 0.083 0.043 0.296 
333 HI_SS0087    (1)    6 :  0.192 0.002 0.353 0.452 
334 HI_SS0091    (1)    6 :  0.058 0.001 0.023 0.918 
335 HI_SS0095    (1)    6 :  0.719 0.045 0.160 0.076 
336 HI_SS0097    (3)    6 :  0.124 0.004 0.707 0.165 
337 HI_SS0099    (1)    6 :  0.391 0.004 0.589 0.015 
338 HI_SS0103    (0)    6 :  0.230 0.003 0.740 0.027 
339 HI_SS0105    (1)    6 :  0.572 0.022 0.377 0.029 
340 HI_SS0107    (1)    6 :  0.019 0.001 0.972 0.008 
341 HI_SS0108    (1)    6 :  0.017 0.021 0.006 0.956 
342 HI_SS0110    (0)    6 :  0.845 0.001 0.067 0.087 
343 HI_SS0111    (1)    6 :  0.903 0.022 0.058 0.018 
344 HI_SS0112    (0)    6 :  0.010 0.001 0.005 0.984 
345 HI_SS0113    (1)    6 :  0.019 0.003 0.971 0.008 
346 HI_SS0114    (1)    6 :  0.156 0.005 0.010 0.829 
347 HI_SS0115    (1)    6 :  0.563 0.017 0.034 0.386 
348 HI_SS0116    (4)    6 :  0.033 0.004 0.030 0.934 
349 HI_SS0117    (0)    6 :  0.262 0.002 0.393 0.343 
350 HI_SS0118    (0)    6 :  0.056 0.012 0.639 0.293 
351 HI_SS0119    (1)    6 :  0.292 0.002 0.063 0.642 
352 HI_SS0120    (1)    6 :  0.007 0.003 0.985 0.005 
353 HI_SS0121    (0)    6 :  0.096 0.001 0.893 0.010 
354 HI_SS0122    (2)    6 :  0.485 0.019 0.452 0.044 
355 HI_SS0123    (0)    6 :  0.726 0.005 0.221 0.048 
356 HI_SS0124    (1)    6 :  0.435 0.003 0.549 0.014 
357 HI_SS0125    (1)    6 :  0.956 0.028 0.011 0.005 
358 HI_SS0126    (0)    6 :  0.014 0.001 0.012 0.973 
359 HI_SS0127    (0)    6 :  0.169 0.010 0.258 0.563 
360 HI_SS0128    (0)    6 :  0.077 0.003 0.453 0.467 
361 HI_SS0129    (1)    6 :  0.841 0.009 0.032 0.118 
362 HI_SS0131    (2)    6 :  0.128 0.041 0.079 0.752 
363 HI_SS0132    (0)    6 :  0.484 0.001 0.132 0.383 
364 HI_SS0133    (1)    6 :  0.004 0.001 0.003 0.992 
365 HI_SS0134    (1)    6 :  0.418 0.002 0.260 0.320 
366 HI_SS0142    (3)    6 :  0.259 0.014 0.714 0.014 
367 HI_SS0145    (0)    6 :  0.231 0.001 0.194 0.574 
368 HI_SS0146    (1)    6 :  0.017 0.001 0.015 0.967 
369 HI_SS0147    (1)    6 :  0.076 0.018 0.900 0.006 
370 HI_SS0149    (1)    6 :  0.494 0.004 0.341 0.161 
371 HI_SS0150    (2)    6 :  0.816 0.004 0.165 0.014 
372 HI_SS0151    (0)    6 :  0.678 0.013 0.053 0.255 
373 NS_SS1451    (1)    6 :  0.635 0.003 0.354 0.009 
374 NS_SS1404    (0)    6 :  0.395 0.010 0.575 0.020 
375 NS_SS1432    (2)    6 :  0.845 0.031 0.120 0.005 
376 NS_SS1405    (5)    6 :  0.767 0.003 0.167 0.063 
377 NS_SS1431   (10)    6 :  0.219 0.001 0.765 0.014 
378 NS_SS1402    (3)    6 :  0.713 0.002 0.264 0.022 
379 NS_SS1450    (3)    6 :  0.610 0.004 0.074 0.311 
380 NS_SS1396    (0)    6 :  0.490 0.005 0.444 0.060 
381 NS_SS1393    (5)    6 :  0.792 0.003 0.028 0.177 
382 NS_SS1392   (10)    6 :  0.897 0.015 0.072 0.016 
383 NS_SS1445    (0)    6 :  0.037 0.009 0.032 0.922 
384 NS_SS1423    (0)    6 :  0.038 0.002 0.133 0.828 
385 NS_SS1421    (9)    6 :  0.257 0.105 0.032 0.606 
386 NS_SS1411    (6)    6 :  0.051 0.002 0.018 0.929 
387 NS_SS1453    (6)    6 :  0.479 0.006 0.273 0.242 
388 NS_SS1442    (3)    6 :  0.143 0.004 0.740 0.113 
389 NS_SS1422    (1)    6 :  0.108 0.013 0.281 0.598 
390 NS_SS1419    (1)    6 :  0.042 0.166 0.675 0.117 
391 NS_SS1427    (0)    6 :  0.020 0.002 0.006 0.972 
392 NS_SS1444    (4)    6 :  0.170 0.003 0.816 0.011 
393 NS_SS1455    (0)    6 :  0.006 0.001 0.984 0.009 
394 NS_SS1425    (2)    6 :  0.013 0.001 0.009 0.976 
395 NS_SS1400    (0)    6 :  0.005 0.001 0.018 0.975 
396 NS_SS1406    (2)    6 :  0.157 0.008 0.830 0.006 
397 NS_SS1417    (6)    6 :  0.057 0.007 0.736 0.199 
398 NS_SS1454    (3)    6 :  0.193 0.001 0.304 0.501 
399 NS_SS1412    (1)    6 :  0.078 0.023 0.715 0.185 
400 NS_SS1438    (1)    6 :  0.013 0.001 0.024 0.962 
401 NS_SS1416    (4)    6 :  0.659 0.006 0.323 0.012 
402 NS_SS1401    (0)    6 :  0.409 0.013 0.544 0.034 
403 NS_SS1424    (6)    6 :  0.175 0.013 0.030 0.782 
404 NS_SS1435   (10)    6 :  0.351 0.003 0.066 0.580 
405 NS_SS1447    (4)    6 :  0.010 0.005 0.972 0.013 
406 NS_SS1414    (3)    6 :  0.010 0.006 0.971 0.014 
407 NS_SS1449   (14)    6 :  0.277 0.004 0.659 0.060 
408 NS_SS1443    (4)    6 :  0.015 0.002 0.008 0.975 
409 NS_SS1434    (1)    6 :  0.190 0.001 0.246 0.564 
410 NS_SS1398    (1)    6 :  0.851 0.015 0.042 0.093 
411 NS_SS1426    (1)    6 :  0.012 0.002 0.006 0.980 
412 NS_SS1413    (0)    6 :  0.007 0.009 0.013 0.971 
413 NS_SS1395    (1)    6 :  0.130 0.013 0.047 0.810 
414 NS_SS1448   (10)    6 :  0.301 0.002 0.096 0.601 
415 NS_SS1446    (0)    6 :  0.393 0.003 0.483 0.122 
416 NS_SS1403    (2)    6 :  0.839 0.005 0.098 0.057 
417 NS_SS1415    (0)    6 :  0.015 0.008 0.007 0.970 
418 NS_SS1437    (4)    6 :  0.263 0.008 0.547 0.181 
419 NS_SS1439    (2)    6 :  0.220 0.003 0.747 0.030 
420 NS_SS1441    (3)    6 :  0.368 0.002 0.042 0.588 
421 NS_SS1420    (2)    6 :  0.661 0.003 0.306 0.029 
422 NS_SS1394    (2)    6 :  0.722 0.037 0.232 0.009 
423 NS_SS1391    (7)    6 :  0.144 0.015 0.151 0.690 
424 NS_SS1410    (5)    6 :  0.204 0.014 0.621 0.161 
425 NS_SS1408    (1)    6 :  0.890 0.044 0.046 0.020 
426 NS_SS1409    (1)    6 :  0.917 0.002 0.027 0.054 
427 HI_SS0617    (1)    7 :  0.892 0.001 0.067 0.040 
428 HI_SS0618    (2)    7 :  0.953 0.002 0.030 0.014 
429 HI_SS0619    (0)    7 :  0.328 0.003 0.541 0.127 
430 HI_SS0620    (1)    7 :  0.008 0.003 0.008 0.982 
431 HI_SS0621    (3)    7 :  0.658 0.014 0.309 0.020 
432 HI_SS0622    (1)    7 :  0.090 0.013 0.369 0.528 
433 HI_SS0626    (0)    7 :  0.865 0.008 0.097 0.029 
434 HI_SS0627    (0)    7 :  0.191 0.006 0.795 0.008 
435 HI_SS0628    (3)    7 :  0.633 0.054 0.040 0.274 
436 HI_SS0629    (1)    7 :  0.391 0.006 0.356 0.247 
437 HI_SS0630    (1)    7 :  0.421 0.050 0.015 0.514 
438 HI_SS0631    (0)    7 :  0.028 0.001 0.017 0.954 
439 HI_SS0632    (0)    7 :  0.128 0.003 0.751 0.118 
440 HI_SS0633    (0)    7 :  0.321 0.004 0.658 0.017 
441 HI_SS0634    (1)    7 :  0.911 0.002 0.071 0.016 
442 HI_SS0635    (0)    7 :  0.762 0.008 0.197 0.032 
443 HI_SS0637    (1)    7 :  0.926 0.002 0.063 0.009 
444 HI_SS0638    (0)    7 :  0.436 0.001 0.064 0.499 
445 HI_SS0639    (1)    7 :  0.602 0.035 0.354 0.009 
446 HI_SS0640    (1)    7 :  0.104 0.002 0.085 0.809 
447 HI_SS0641    (1)    7 :  0.674 0.005 0.033 0.288 
448 HI_SS0642    (0)    7 :  0.734 0.002 0.120 0.144 
449 HI_SS0645    (0)    7 :  0.780 0.001 0.193 0.027 
450 HI_SS0646    (1)    7 :  0.603 0.003 0.308 0.087 
451 HI_SS0647    (1)    7 :  0.199 0.001 0.328 0.472 
452 HI_SS0648    (0)    7 :  0.795 0.003 0.064 0.139 
453 HI_SS0649    (1)    7 :  0.396 0.002 0.556 0.046 
454 HI_SS0650    (1)    7 :  0.736 0.004 0.245 0.015 
455 HI_SS0651    (1)    7 :  0.306 0.004 0.141 0.548 
456 HI_SS0652    (1)    7 :  0.837 0.003 0.149 0.011 
457 NS_SS1371    (3)    7 :  0.548 0.007 0.077 0.368 
458 NS_SS1374    (0)    7 :  0.751 0.002 0.009 0.238 
459 NS_SS1337    (3)    7 :  0.290 0.003 0.678 0.028 
460 NS_SS1385    (5)    7 :  0.086 0.004 0.726 0.183 
461 NS_SS1388    (0)    7 :  0.238 0.006 0.724 0.032 
462 NS_SS1370    (1)    7 :  0.556 0.008 0.336 0.100 
463 NS_SS1389    (3)    7 :  0.116 0.003 0.865 0.016 
464 NS_SS1360    (1)    7 :  0.088 0.005 0.017 0.891 
465 NS_SS1330    (0)    7 :  0.728 0.003 0.261 0.007 
466 NS_SS1328    (9)    7 :  0.154 0.002 0.038 0.806 
467 NS_SS1384    (1)    7 :  0.208 0.004 0.094 0.694 
468 NS_SS1381    (0)    7 :  0.033 0.001 0.958 0.008 
469 NS_SS1375    (1)    7 :  0.895 0.001 0.080 0.024 
470 NS_SS1319   (11)    7 :  0.842 0.079 0.024 0.055 
471 NS_SS1326    (2)    7 :  0.028 0.010 0.016 0.946 
472 NS_SS1341    (1)    7 :  0.048 0.004 0.879 0.068 
473 NS_SS1383    (2)    7 :  0.897 0.004 0.022 0.076 
474 NS_SS1318    (3)    7 :  0.102 0.014 0.843 0.041 
475 NS_SS1348    (2)    7 :  0.007 0.001 0.007 0.984 
476 NS_SS1363    (0)    7 :  0.657 0.004 0.314 0.025 
477 NS_SS1335    (4)    7 :  0.043 0.031 0.009 0.917 
478 NS_SS1358    (0)    7 :  0.099 0.017 0.254 0.630 
479 NS_SS1342    (1)    7 :  0.056 0.002 0.172 0.771 
480 NS_SS1320    (3)    7 :  0.101 0.006 0.889 0.004 
481 NS_SS1355    (1)    7 :  0.027 0.011 0.950 0.012 
482 NS_SS1345    (1)    7 :  0.018 0.017 0.853 0.111 
483 NS_SS1324    (0)    7 :  0.230 0.003 0.093 0.674 
484 NS_SS1347    (5)    7 :  0.354 0.005 0.045 0.596 
485 NS_SS1321    (4)    7 :  0.664 0.001 0.097 0.238 
486 NS_SS1333    (0)    7 :  0.932 0.002 0.020 0.046 
487 NS_SS1364    (1)    7 :  0.015 0.003 0.072 0.911 
488 NS_SS1379    (0)    7 :  0.186 0.053 0.705 0.056 
489 NS_SS1332    (0)    7 :  0.008 0.006 0.013 0.974 
490 NS_SS1338    (5)    7 :  0.253 0.007 0.014 0.727 
491 NS_SS1368    (6)    7 :  0.029 0.005 0.398 0.568 
492 NS_SS1354    (1)    7 :  0.127 0.010 0.822 0.042 
493 NS_SS1365    (0)    7 :  0.424 0.008 0.530 0.038 
494 NS_SS1380    (1)    7 :  0.015 0.015 0.966 0.005 
495 NS_SS1329    (8)    7 :  0.031 0.003 0.306 0.661 
496 NS_SS1362    (0)    7 :  0.417 0.005 0.287 0.291 
497 NS_SS1327    (2)    7 :  0.006 0.003 0.004 0.987 
498 NS_SS1350    (0)    7 :  0.957 0.007 0.011 0.026 
499 NS_SS1387    (2)    7 :  0.599 0.002 0.366 0.033 
500 NS_SS1369    (8)    7 :  0.030 0.004 0.012 0.954 
501 NS_SS1331    (1)    7 :  0.690 0.009 0.158 0.142 
502 NS_SS1357    (5)    7 :  0.254 0.004 0.186 0.556 
503 NS_SS1386    (1)    7 :  0.007 0.003 0.006 0.984 
504 NS_SS1353    (2)    7 :  0.042 0.003 0.917 0.038 
505 NS_SS1323    (0)    7 :  0.163 0.066 0.749 0.022 
506 HI_SS0296    (0)    8 :  0.044 0.002 0.027 0.927 
507 HI_SS0297    (0)    8 :  0.796 0.001 0.017 0.186 
508 HI_SS0299    (0)    8 :  0.224 0.036 0.200 0.541 
509 HI_SS0300    (0)    8 :  0.165 0.001 0.116 0.718 
510 HI_SS0301    (0)    8 :  0.309 0.003 0.619 0.068 
511 HI_SS0302    (0)    8 :  0.012 0.021 0.021 0.947 
512 HI_SS0303    (0)    8 :  0.010 0.007 0.041 0.943 
513 HI_SS0304    (0)    8 :  0.434 0.002 0.545 0.018 
514 HI_SS0306    (5)    8 :  0.007 0.003 0.005 0.984 
515 HI_SS0307    (1)    8 :  0.787 0.006 0.197 0.010 
516 HI_SS0308    (1)    8 :  0.842 0.076 0.036 0.045 
517 HI_SS0309    (0)    8 :  0.721 0.003 0.262 0.015 
518 HI_SS0310    (0)    8 :  0.024 0.007 0.533 0.436 
519 HI_SS0311    (4)    8 :  0.348 0.002 0.448 0.203 
520 HI_SS0314    (0)    8 :  0.171 0.001 0.647 0.180 
521 HI_SS0316    (1)    8 :  0.129 0.005 0.070 0.796 
522 HI_SS0317    (3)    8 :  0.930 0.002 0.043 0.025 
523 HI_SS0318    (1)    8 :  0.159 0.199 0.035 0.607 
524 HI_SS0319    (0)    8 :  0.008 0.004 0.005 0.983 
525 HI_SS0320    (3)    8 :  0.914 0.001 0.080 0.006 
526 HI_SS0321    (0)    8 :  0.922 0.001 0.009 0.068 
527 HI_SS0323    (1)    8 :  0.906 0.001 0.042 0.051 
528 HI_SS0325    (2)    8 :  0.025 0.002 0.077 0.896 
529 HI_SS0327    (1)    8 :  0.124 0.001 0.019 0.856 
530 HI_SS0329    (1)    8 :  0.068 0.001 0.888 0.042 
531 HI_SS0333    (1)    8 :  0.853 0.003 0.111 0.034 
532 HI_SS0334    (1)    8 :  0.181 0.001 0.030 0.788 
533 HI_SS0335    (1)    8 :  0.034 0.019 0.937 0.011 
534 HI_SS0339    (0)    8 :  0.057 0.012 0.890 0.041 
535 HI_SS0343    (2)    8 :  0.017 0.002 0.953 0.028 
536 HI_SS0344    (1)    8 :  0.006 0.003 0.004 0.987 
537 HI_SS0345    (3)    8 :  0.065 0.007 0.879 0.049 
538 HI_SS0346    (0)    8 :  0.699 0.004 0.209 0.088 
539 HI_SS0350    (1)    8 :  0.016 0.007 0.970 0.007 
540 HI_SS0351    (0)    8 :  0.018 0.003 0.886 0.094 
541 HI_SS0352    (3)    8 :  0.048 0.095 0.831 0.025 
542 HI_SS0362    (0)    8 :  0.388 0.002 0.026 0.584 
543 HI_SS0363    (1)    8 :  0.015 0.004 0.018 0.963 
544 HI_SS0365    (0)    8 :  0.251 0.005 0.054 0.690 
545 HI_SS0366    (0)    8 :  0.010 0.002 0.015 0.973 
546 HI_SS0367    (1)    8 :  0.010 0.002 0.985 0.004 
547 HI_SS0369    (1)    8 :  0.162 0.002 0.821 0.015 
548 HI_SS0370    (0)    8 :  0.889 0.003 0.046 0.062 
549 HI_SS0371    (4)    8 :  0.034 0.004 0.028 0.934 
550 HI_SS0373    (3)    8 :  0.867 0.008 0.059 0.065 
551 HI_SS0374    (0)    8 :  0.376 0.028 0.568 0.028 
552 HI_SS0377    (0)    8 :  0.057 0.090 0.057 0.796 
553 HI_SS0379    (1)    8 :  0.003 0.001 0.003 0.993 
554 HI_SS0380    (1)    8 :  0.315 0.006 0.655 0.024 
555 HI_SS0381    (2)    8 :  0.497 0.004 0.483 0.015 
556 HI_SS0384    (3)    8 :  0.470 0.008 0.178 0.344 
557 HI_SS0385    (1)    8 :  0.111 0.001 0.054 0.834 
558 HI_SS0386    (0)    9 :  0.002 0.995 0.002 0.002 
559 HI_SS0387    (0)    9 :  0.015 0.961 0.012 0.013 
560 HI_SS0389    (2)    9 :  0.003 0.990 0.004 0.003 
561 HI_SS0390    (2)    9 :  0.002 0.995 0.001 0.002 
562 HI_SS0391    (3)    9 :  0.003 0.992 0.003 0.002 
563 HI_SS0392    (0)    9 :  0.001 0.996 0.001 0.002 
564 HI_SS0393    (2)    9 :  0.001 0.996 0.001 0.001 
565 HI_SS0394    (2)    9 :  0.002 0.995 0.001 0.001 
566 HI_SS0395    (2)    9 :  0.003 0.990 0.004 0.003 
567 HI_SS0396    (2)    9 :  0.013 0.969 0.011 0.007 
568 HI_SS0398    (2)    9 :  0.005 0.984 0.006 0.005 
569 HI_SS0399    (2)    9 :  0.001 0.997 0.001 0.001 
570 HI_SS0400    (3)    9 :  0.002 0.994 0.002 0.002 
571 HI_SS0401    (5)    9 :  0.001 0.996 0.001 0.001 
572 HI_SS0402    (0)    9 :  0.001 0.996 0.001 0.002 
573 HI_SS0403    (0)    9 :  0.002 0.996 0.002 0.001 
574 HI_SS0404    (2)    9 :  0.002 0.996 0.001 0.001 
575 HI_SS0405    (2)    9 :  0.017 0.953 0.016 0.014 
576 HI_SS0406    (2)    9 :  0.002 0.994 0.002 0.002 
577 HI_SS0407    (0)    9 :  0.007 0.980 0.007 0.006 
578 HI_SS0408    (0)    9 :  0.001 0.996 0.001 0.001 
579 HI_SS0409    (2)    9 :  0.003 0.991 0.003 0.003 
580 HI_SS0411    (2)    9 :  0.003 0.991 0.002 0.003 
581 HI_SS0412   (11)    9 :  0.088 0.810 0.058 0.044 
582 HI_SS0413    (0)    9 :  0.002 0.993 0.003 0.002 
583 HI_SS0414    (2)    9 :  0.019 0.949 0.022 0.010 
584 HI_SS0415    (2)    9 :  0.002 0.995 0.002 0.002 
585 HI_SS0416    (2)    9 :  0.003 0.990 0.003 0.004 
586 HI_SS0418    (2)    9 :  0.004 0.987 0.004 0.004 
587 HI_SS0419    (3)    9 :  0.003 0.990 0.003 0.003 
588 HI_SS0420    (0)    9 :  0.002 0.994 0.002 0.002 
589 HI_SS0421    (4)    9 :  0.004 0.988 0.004 0.004 
590 HI_SS0422    (3)    9 :  0.001 0.996 0.002 0.001 
591 HI_SS0423    (2)    9 :  0.004 0.988 0.003 0.005 
592 HI_SS0424    (1)    9 :  0.002 0.995 0.002 0.001 
593 HI_SS0425    (0)    9 :  0.003 0.990 0.004 0.002 
594 NS_SS1146    (3)   10 :  0.002 0.993 0.002 0.003 
595 NS_SS1157    (1)   10 :  0.006 0.981 0.006 0.007 
596 NS_SS1144    (7)   10 :  0.020 0.943 0.014 0.024 
597 NS_SS1074    (3)   10 :  0.003 0.990 0.003 0.004 
598 NS_SS1122    (0)   10 :  0.004 0.987 0.004 0.005 
599 NS_SS1136    (2)   10 :  0.001 0.997 0.001 0.001 
600 NS_SS1077    (4)   10 :  0.001 0.998 0.001 0.001 
601 NS_SS1134    (2)   10 :  0.013 0.969 0.008 0.011 
602 NS_SS1091    (1)   10 :  0.002 0.994 0.002 0.002 
603 NS_SS1089   (10)   10 :  0.003 0.991 0.003 0.003 
604 NS_SS1123    (2)   10 :  0.001 0.995 0.002 0.002 
605 NS_SS1158    (3)   10 :  0.001 0.997 0.001 0.001 
606 NS_SS1093    (3)   10 :  0.002 0.993 0.002 0.002 
607 NS_SS1102    (5)   10 :  0.006 0.985 0.006 0.004 
608 NS_SS1056    (0)   10 :  0.002 0.995 0.002 0.002 
609 NS_SS1126    (2)   10 :  0.004 0.991 0.002 0.003 
610 NS_SS1058   (15)   10 :  0.004 0.989 0.004 0.004 
611 NS_SS1084    (2)   10 :  0.001 0.996 0.001 0.001 
612 NS_SS1095    (3)   10 :  0.006 0.983 0.004 0.007 
613 NS_SS1079    (3)   10 :  0.001 0.995 0.002 0.002 
614 NS_SS1149    (0)   10 :  0.002 0.992 0.003 0.003 
615 NS_SS1121    (0)   10 :  0.002 0.995 0.002 0.001 
616 NS_SS1067    (0)   10 :  0.005 0.984 0.006 0.005 
617 NS_SS1081    (2)   10 :  0.003 0.992 0.002 0.003 
618 NS_SS1130    (0)   10 :  0.004 0.990 0.003 0.003 
619 NS_SS1073    (2)   10 :  0.003 0.993 0.003 0.002 
620 NS_SS1133    (2)   10 :  0.007 0.980 0.010 0.004 
621 NS_SS1129    (2)   10 :  0.001 0.996 0.002 0.001 
622 NS_SS1085    (1)   10 :  0.002 0.993 0.002 0.003 
623 NS_SS1137    (2)   10 :  0.004 0.987 0.004 0.004 
624 NS_SS1135    (3)   10 :  0.001 0.997 0.001 0.001 
625 NS_SS1082    (3)   10 :  0.001 0.996 0.002 0.001 
626 NS_SS1125    (3)   10 :  0.001 0.997 0.001 0.001 
627 NS_SS1124    (2)   10 :  0.008 0.981 0.006 0.004 
628 NS_SS1155    (0)   10 :  0.010 0.977 0.006 0.007 
629 NS_SS1145    (2)   10 :  0.002 0.994 0.002 0.002 


Estimated Allele Frequencies in each cluster
First column gives estimated ancestral frequencies


Locus 1 : 
2 alleles
3.3% missing data
   1   (0.738) 0.739 0.730 0.742 0.733 
   2   (0.262) 0.261 0.270 0.258 0.267 

Locus 2 : 
2 alleles
4.6% missing data
   1   (0.885) 0.882 0.820 0.887 0.896 
   2   (0.115) 0.118 0.180 0.113 0.104 

Locus 3 : 
2 alleles
4.9% missing data
   1   (0.788) 0.802 0.808 0.788 0.764 
   2   (0.212) 0.198 0.192 0.212 0.236 

Locus 4 : 
2 alleles
4.6% missing data
   1   (0.865) 0.864 0.870 0.865 0.872 
   2   (0.135) 0.136 0.130 0.135 0.128 

Locus 5 : 
2 alleles
2.5% missing data
   1   (0.892) 0.890 0.930 0.889 0.900 
   2   (0.108) 0.110 0.070 0.111 0.100 

Locus 6 : 
2 alleles
2.7% missing data
   1   (0.822) 0.824 0.762 0.826 0.821 
   2   (0.178) 0.176 0.238 0.174 0.179 

Locus 7 : 
2 alleles
3.0% missing data
   1   (0.793) 0.795 0.756 0.797 0.788 
   2   (0.207) 0.205 0.244 0.203 0.212 

Locus 8 : 
2 alleles
4.8% missing data
   1   (0.728) 0.728 0.794 0.724 0.730 
   2   (0.272) 0.272 0.206 0.276 0.270 

Locus 9 : 
2 alleles
3.7% missing data
   1   (0.807) 0.809 0.809 0.807 0.806 
   2   (0.193) 0.191 0.191 0.193 0.194 

Locus 10 : 
2 alleles
4.8% missing data
   1   (0.709) 0.709 0.798 0.707 0.708 
   2   (0.291) 0.291 0.202 0.293 0.292 

Locus 11 : 
2 alleles
3.2% missing data
   1   (0.795) 0.798 0.783 0.806 0.779 
   2   (0.205) 0.202 0.217 0.194 0.221 

Locus 12 : 
2 alleles
4.9% missing data
   1   (0.892) 0.885 0.907 0.897 0.899 
   2   (0.108) 0.115 0.093 0.103 0.101 

Locus 13 : 
2 alleles
3.2% missing data
   1   (0.867) 0.863 0.916 0.874 0.863 
   2   (0.133) 0.137 0.084 0.126 0.137 

Locus 14 : 
2 alleles
4.6% missing data
   1   (0.732) 0.736 0.683 0.730 0.734 
   2   (0.268) 0.264 0.317 0.270 0.266 

Locus 15 : 
2 alleles
4.6% missing data
   1   (0.891) 0.891 0.918 0.895 0.889 
   2   (0.109) 0.109 0.082 0.105 0.111 

Locus 16 : 
2 alleles
3.8% missing data
   1   (0.884) 0.882 0.964 0.888 0.877 
   2   (0.116) 0.118 0.036 0.112 0.123 

Locus 17 : 
2 alleles
4.1% missing data
   1   (0.508) 0.501 0.646 0.512 0.509 
   2   (0.492) 0.499 0.354 0.488 0.491 

Locus 18 : 
2 alleles
4.1% missing data
   1   (0.609) 0.610 0.574 0.627 0.587 
   2   (0.391) 0.390 0.426 0.373 0.413 

Locus 19 : 
2 alleles
4.1% missing data
   1   (0.773) 0.776 0.637 0.776 0.772 
   2   (0.227) 0.224 0.363 0.224 0.228 

Locus 20 : 
2 alleles
2.2% missing data
   1   (0.898) 0.903 0.894 0.896 0.898 
   2   (0.102) 0.097 0.106 0.104 0.102 

Locus 21 : 
2 alleles
4.5% missing data
   1   (0.708) 0.704 0.600 0.719 0.711 
   2   (0.292) 0.296 0.400 0.281 0.289 

Locus 22 : 
2 alleles
3.0% missing data
   1   (0.885) 0.879 0.913 0.886 0.896 
   2   (0.115) 0.121 0.087 0.114 0.104 

Locus 23 : 
2 alleles
3.8% missing data
   1   (0.558) 0.553 0.578 0.575 0.545 
   2   (0.442) 0.447 0.422 0.425 0.455 

Locus 24 : 
2 alleles
4.9% missing data
   1   (0.861) 0.866 0.890 0.863 0.847 
   2   (0.139) 0.134 0.110 0.137 0.153 

Locus 25 : 
2 alleles
4.3% missing data
   1   (0.885) 0.881 0.877 0.896 0.881 
   2   (0.115) 0.119 0.123 0.104 0.119 

Locus 26 : 
2 alleles
3.0% missing data
   1   (0.547) 0.559 0.578 0.541 0.528 
   2   (0.453) 0.441 0.422 0.459 0.472 

Locus 27 : 
2 alleles
4.0% missing data
   2   (0.468) 0.465 0.416 0.465 0.481 
   1   (0.532) 0.535 0.584 0.535 0.519 

Locus 28 : 
2 alleles
4.0% missing data
   1   (0.843) 0.843 0.870 0.842 0.848 
   2   (0.157) 0.157 0.130 0.158 0.152 

Locus 29 : 
2 alleles
1.9% missing data
   1   (0.605) 0.606 0.700 0.603 0.601 
   2   (0.395) 0.394 0.300 0.397 0.399 

Locus 30 : 
2 alleles
4.6% missing data
   1   (0.865) 0.870 0.854 0.855 0.872 
   2   (0.135) 0.130 0.146 0.145 0.128 

Locus 31 : 
2 alleles
1.9% missing data
   1   (0.885) 0.887 0.904 0.888 0.878 
