

----------------------------------------------------
STRUCTURE by Pritchard, Stephens and Donnelly (2000)
     and Falush, Stephens and Pritchard (2003)
       Code by Pritchard, Falush and Hubisz
             Version 2.3.4 (Jul 2012)
----------------------------------------------------



Command line arguments:   /home/genobiwan/Documents/Programs/Structure/structure -m parameter_job_k3_r9 
Input File:    /media/genobiwan/Storage/Projets/Mackerel_NWA_2021/data_job_k3_r9

Run parameters:
   629 individuals
   4140 loci
   3 populations assumed
   100000 Burn-in period
   200000 Reps


--------------------------------------------
Proportion of membership of each pre-defined
 population in each of the 3 clusters

Given    Inferred Clusters       Number of
 Pop       1      2      3      Individuals

  1:     0.012  0.449  0.540       67
  2:     0.008  0.374  0.618       32
  3:     0.013  0.436  0.551       92
  4:     0.015  0.518  0.468       36
  5:     0.018  0.475  0.507       41
  6:     0.012  0.510  0.478      158
  7:     0.009  0.495  0.496       79
  8:     0.013  0.514  0.473       52
  9:     0.988  0.006  0.006       36
 10:     0.993  0.004  0.004       36
--------------------------------------------

Allele-freq. divergence among pops (Net nucleotide distance),
computed using point estimates of P.

      1       2       3      
 1      -    0.0048  0.0047  
 2   0.0048     -    0.0002  
 3   0.0047  0.0002     -    

Average distances (expected heterozygosity) between individuals in same cluster:
cluster  1  : 0.3057 
cluster  2  : 0.3186 
cluster  3  : 0.3184 

--------------------------------------------
Estimated Ln Prob of Data   = -2471983.6
Mean value of ln likelihood = -2467782.7
Variance of ln likelihood   = 8401.9
Mean value of alpha         = 0.0364

Mean value of Fst_1         = 0.0375
Mean value of Fst_2         = 0.0017
Mean value of Fst_3         = 0.0013


Inferred ancestry of individuals:
        Label (%Miss) Pop:  Inferred clusters
  1 NS_SS0963    (4)    1 :  0.005 0.286 0.709 
  2 NS_SS0983    (1)    1 :  0.004 0.979 0.017 
  3 NS_SS0719    (9)    1 :  0.004 0.891 0.105 
  4 NS_SS1001    (8)    1 :  0.005 0.213 0.782 
  5 NS_SS0936    (4)    1 :  0.002 0.372 0.626 
  6 NS_SS0955    (6)    1 :  0.003 0.959 0.038 
  7 NS_SS0944    (3)    1 :  0.002 0.945 0.054 
  8 NS_SS0945    (3)    1 :  0.007 0.164 0.829 
  9 NS_SS0922    (2)    1 :  0.025 0.059 0.916 
 10 NS_SS0929    (7)    1 :  0.003 0.852 0.145 
 11 NS_SS0956    (1)    1 :  0.004 0.026 0.970 
 12 NS_SS0906    (3)    1 :  0.003 0.399 0.598 
 13 NS_SS0721    (6)    1 :  0.005 0.326 0.669 
 14 NS_SS0982    (4)    1 :  0.016 0.077 0.906 
 15 NS_SS0923    (6)    1 :  0.004 0.247 0.749 
 16 NS_SS0905    (6)    1 :  0.002 0.821 0.177 
 17 NS_SS0925    (3)    1 :  0.004 0.177 0.819 
 18 NS_SS0947    (6)    1 :  0.004 0.060 0.936 
 19 NS_SS0926    (2)    1 :  0.001 0.986 0.013 
 20 NS_SS0918    (6)    1 :  0.002 0.047 0.950 
 21 NS_SS0966    (4)    1 :  0.043 0.198 0.758 
 22 NS_SS0938    (2)    1 :  0.001 0.026 0.973 
 23 NS_SS0917    (2)    1 :  0.037 0.728 0.235 
 24 NS_SS0957   (11)    1 :  0.006 0.058 0.936 
 25 NS_SS0987    (1)    1 :  0.236 0.109 0.655 
 26 NS_SS0717    (4)    1 :  0.002 0.023 0.975 
 27 NS_SS0986    (2)    1 :  0.003 0.059 0.938 
 28 NS_SS0953    (3)    1 :  0.015 0.053 0.932 
 29 NS_SS0907    (3)    1 :  0.043 0.389 0.569 
 30 NS_SS0974    (6)    1 :  0.003 0.879 0.118 
 31 NS_SS0989    (1)    1 :  0.001 0.956 0.043 
 32 NS_SS0991    (3)    1 :  0.002 0.952 0.046 
 33 NS_SS0994    (2)    1 :  0.002 0.991 0.007 
 34 NS_SS0931    (6)    1 :  0.009 0.937 0.054 
 35 NS_SS1000    (5)    1 :  0.003 0.027 0.970 
 36 NS_SS0919    (1)    1 :  0.003 0.946 0.052 
 37 NS_SS0949    (4)    1 :  0.001 0.982 0.017 
 38 NS_SS0960   (10)    1 :  0.005 0.962 0.033 
 39 NS_SS0716    (2)    1 :  0.005 0.006 0.989 
 40 NS_SS0924    (8)    1 :  0.017 0.924 0.059 
 41 NS_SS0935    (2)    1 :  0.008 0.985 0.007 
 42 NS_SS0952   (14)    1 :  0.027 0.940 0.033 
 43 NS_SS0962   (11)    1 :  0.006 0.012 0.982 
 44 NS_SS0973    (5)    1 :  0.004 0.918 0.078 
 45 NS_SS0722    (1)    1 :  0.002 0.035 0.963 
 46 NS_SS0979   (13)    1 :  0.002 0.132 0.867 
 47 NS_SS0993    (2)    1 :  0.016 0.155 0.829 
 48 NS_SS0958    (1)    1 :  0.003 0.937 0.060 
 49 NS_SS0988    (4)    1 :  0.004 0.194 0.801 
 50 NS_SS1003    (2)    1 :  0.009 0.037 0.953 
 51 NS_SS0976    (1)    1 :  0.002 0.916 0.083 
 52 NS_SS0964   (10)    1 :  0.002 0.041 0.957 
 53 NS_SS0939    (4)    1 :  0.005 0.015 0.980 
 54 NS_SS0990    (6)    1 :  0.003 0.120 0.878 
 55 NS_SS0984    (2)    1 :  0.002 0.014 0.984 
 56 NS_SS0980   (10)    1 :  0.002 0.579 0.419 
 57 NS_SS0978    (4)    1 :  0.003 0.664 0.333 
 58 NS_SS0951   (18)    1 :  0.003 0.656 0.341 
 59 NS_SS0913    (3)    1 :  0.037 0.118 0.845 
 60 NS_SS1002    (1)    1 :  0.034 0.011 0.955 
 61 NS_SS0948    (1)    1 :  0.038 0.171 0.791 
 62 NS_SS0916    (4)    1 :  0.005 0.805 0.190 
 63 NS_SS0995    (1)    1 :  0.003 0.192 0.805 
 64 NS_SS0927    (6)    1 :  0.005 0.678 0.318 
 65 NS_SS0992    (5)    1 :  0.003 0.869 0.129 
 66 NS_SS0912    (1)    1 :  0.002 0.588 0.410 
 67 NS_SS0981    (1)    1 :  0.003 0.206 0.791 
 68 NS_SS0729    (5)    2 :  0.003 0.988 0.009 
 69 NS_SS0967   (15)    2 :  0.010 0.338 0.651 
 70 NS_SS0941    (8)    2 :  0.077 0.539 0.383 
 71 NS_SS0768   (12)    2 :  0.004 0.030 0.966 
 72 NS_SS0726    (5)    2 :  0.005 0.985 0.010 
 73 NS_SS0763    (4)    2 :  0.002 0.960 0.038 
 74 NS_SS0730    (6)    2 :  0.003 0.008 0.989 
 75 NS_SS0774    (2)    2 :  0.001 0.009 0.990 
 76 NS_SS0723    (3)    2 :  0.001 0.061 0.937 
 77 NS_SS0940   (10)    2 :  0.006 0.840 0.153 
 78 NS_SS0762    (1)    2 :  0.002 0.017 0.981 
 79 NS_SS0766   (11)    2 :  0.013 0.692 0.295 
 80 NS_SS0724    (1)    2 :  0.003 0.025 0.972 
 81 NS_SS0769    (3)    2 :  0.003 0.094 0.903 
 82 NS_SS0777    (1)    2 :  0.010 0.415 0.574 
 83 NS_SS0734    (6)    2 :  0.026 0.802 0.171 
 84 NS_SS0737    (3)    2 :  0.005 0.010 0.985 
 85 NS_SS0732    (5)    2 :  0.004 0.124 0.871 
 86 NS_SS0728    (5)    2 :  0.009 0.251 0.740 
 87 NS_SS0735    (9)    2 :  0.007 0.115 0.878 
 88 NS_SS0725    (1)    2 :  0.006 0.027 0.967 
 89 NS_SS0788    (2)    2 :  0.002 0.399 0.600 
 90 NS_SS0778    (2)    2 :  0.002 0.394 0.604 
 91 NS_SS0792    (6)    2 :  0.005 0.328 0.667 
 92 NS_SS0943   (11)    2 :  0.007 0.979 0.014 
 93 NS_SS0791    (2)    2 :  0.016 0.793 0.190 
 94 NS_SS0790    (5)    2 :  0.003 0.005 0.992 
 95 NS_SS0731    (6)    2 :  0.011 0.013 0.977 
 96 NS_SS0727    (7)    2 :  0.002 0.944 0.054 
 97 NS_SS0779   (13)    2 :  0.005 0.310 0.685 
 98 NS_SS0776    (3)    2 :  0.007 0.454 0.539 
 99 NS_SS0775    (5)    2 :  0.006 0.019 0.975 
100 NS_SS0965    (3)    3 :  0.002 0.178 0.820 
101 NS_SS0754   (14)    3 :  0.011 0.925 0.064 
102 NS_SS0838    (5)    3 :  0.037 0.169 0.793 
103 NS_SS0839    (3)    3 :  0.003 0.012 0.985 
104 NS_SS0832    (4)    3 :  0.043 0.014 0.943 
105 NS_SS0820    (5)    3 :  0.005 0.013 0.982 
106 NS_SS0886    (9)    3 :  0.002 0.913 0.086 
107 NS_SS0748    (5)    3 :  0.007 0.597 0.395 
108 NS_SS0884    (9)    3 :  0.023 0.371 0.606 
109 NS_SS0752    (4)    3 :  0.002 0.441 0.558 
110 NS_SS0862    (1)    3 :  0.004 0.042 0.954 
111 NS_SS0787    (9)    3 :  0.005 0.973 0.021 
112 NS_SS0843    (6)    3 :  0.002 0.308 0.690 
113 NS_SS0856    (4)    3 :  0.003 0.039 0.958 
114 NS_SS0846    (2)    3 :  0.003 0.730 0.267 
115 NS_SS0825    (1)    3 :  0.009 0.140 0.851 
116 NS_SS0757    (3)    3 :  0.003 0.796 0.201 
117 NS_SS0876    (3)    3 :  0.219 0.031 0.750 
118 NS_SS0903   (10)    3 :  0.003 0.183 0.814 
119 NS_SS0875    (7)    3 :  0.003 0.062 0.935 
120 NS_SS0740    (5)    3 :  0.003 0.843 0.154 
121 NS_SS0811    (5)    3 :  0.008 0.029 0.963 
122 NS_SS0751    (1)    3 :  0.002 0.158 0.840 
123 NS_SS0891    (6)    3 :  0.005 0.027 0.968 
124 NS_SS0867    (2)    3 :  0.023 0.925 0.052 
125 NS_SS0890    (6)    3 :  0.003 0.862 0.135 
126 NS_SS0866   (12)    3 :  0.005 0.929 0.065 
127 NS_SS0755    (4)    3 :  0.006 0.524 0.470 
128 NS_SS0758    (4)    3 :  0.002 0.261 0.737 
129 NS_SS0840    (2)    3 :  0.002 0.008 0.990 
130 NS_SS0889    (4)    3 :  0.002 0.848 0.150 
131 NS_SS1010    (1)    3 :  0.038 0.167 0.795 
132 NS_SS0888    (5)    3 :  0.002 0.992 0.007 
133 NS_SS0837    (3)    3 :  0.002 0.276 0.722 
134 NS_SS0794   (10)    3 :  0.002 0.962 0.036 
135 NS_SS0823    (5)    3 :  0.004 0.029 0.967 
136 NS_SS0829    (7)    3 :  0.096 0.890 0.014 
137 NS_SS0844    (5)    3 :  0.002 0.015 0.984 
138 NS_SS1008    (6)    3 :  0.010 0.851 0.139 
139 NS_SS0881    (3)    3 :  0.002 0.712 0.286 
140 NS_SS0834    (6)    3 :  0.006 0.030 0.964 
141 NS_SS0744   (10)    3 :  0.006 0.656 0.338 
142 NS_SS0899    (7)    3 :  0.001 0.009 0.990 
143 NS_SS0804    (5)    3 :  0.003 0.010 0.987 
144 NS_SS0781   (10)    3 :  0.002 0.006 0.991 
145 NS_SS0822    (6)    3 :  0.002 0.908 0.090 
146 NS_SS1004    (4)    3 :  0.004 0.651 0.345 
147 NS_SS0746    (5)    3 :  0.013 0.660 0.328 
148 NS_SS0880    (3)    3 :  0.002 0.397 0.602 
149 NS_SS0879    (5)    3 :  0.010 0.057 0.933 
150 NS_SS0753    (2)    3 :  0.008 0.981 0.011 
151 NS_SS1007    (3)    3 :  0.002 0.458 0.540 
152 NS_SS0872    (5)    3 :  0.002 0.017 0.982 
153 NS_SS1005    (7)    3 :  0.001 0.026 0.973 
154 NS_SS0892    (6)    3 :  0.002 0.350 0.648 
155 NS_SS0898    (0)    3 :  0.005 0.847 0.148 
156 NS_SS0801    (9)    3 :  0.010 0.169 0.821 
157 NS_SS0827    (9)    3 :  0.126 0.404 0.470 
158 NS_SS0853    (7)    3 :  0.005 0.078 0.917 
159 NS_SS0780    (2)    3 :  0.004 0.056 0.941 
160 NS_SS0826   (10)    3 :  0.003 0.341 0.655 
161 NS_SS0818    (5)    3 :  0.002 0.141 0.858 
162 NS_SS0745    (1)    3 :  0.001 0.008 0.990 
163 NS_SS0849    (3)    3 :  0.001 0.099 0.900 
164 NS_SS0739    (3)    3 :  0.013 0.135 0.853 
165 NS_SS0799    (1)    3 :  0.001 0.981 0.018 
166 NS_SS0756    (3)    3 :  0.003 0.009 0.988 
167 NS_SS0802    (2)    3 :  0.211 0.527 0.261 
168 NS_SS0747    (6)    3 :  0.006 0.771 0.223 
169 NS_SS0835    (1)    3 :  0.001 0.977 0.022 
170 NS_SS0742   (19)    3 :  0.001 0.193 0.806 
171 NS_SS0760    (9)    3 :  0.041 0.936 0.023 
172 NS_SS0803    (4)    3 :  0.007 0.026 0.968 
173 NS_SS0828   (14)    3 :  0.001 0.934 0.065 
174 NS_SS0865    (2)    3 :  0.028 0.286 0.686 
175 NS_SS0759    (5)    3 :  0.003 0.016 0.981 
176 NS_SS0851    (5)    3 :  0.010 0.005 0.985 
177 NS_SS0874   (16)    3 :  0.001 0.034 0.964 
178 NS_SS0761    (6)    3 :  0.002 0.946 0.052 
179 NS_SS0842   (26)    3 :  0.008 0.685 0.307 
180 NS_SS0785    (6)    3 :  0.005 0.797 0.198 
181 NS_SS0860   (11)    3 :  0.002 0.947 0.051 
182 NS_SS0897    (7)    3 :  0.002 0.988 0.011 
183 NS_SS0841   (15)    3 :  0.003 0.020 0.977 
184 NS_SS0797    (7)    3 :  0.022 0.866 0.112 
185 NS_SS0830   (11)    3 :  0.002 0.586 0.412 
186 NS_SS1011    (5)    3 :  0.005 0.020 0.975 
187 NS_SS0883    (5)    3 :  0.006 0.886 0.108 
188 NS_SS0782    (2)    3 :  0.002 0.144 0.854 
189 NS_SS0831    (5)    3 :  0.002 0.978 0.020 
190 NS_SS0749    (7)    3 :  0.003 0.925 0.072 
191 NS_SS0854    (2)    3 :  0.003 0.867 0.130 
192 HI_SS0193    (0)    4 :  0.001 0.973 0.026 
193 HI_SS0194    (1)    4 :  0.002 0.035 0.963 
194 HI_SS0195   (10)    4 :  0.082 0.006 0.913 
195 HI_SS0196    (6)    4 :  0.002 0.474 0.524 
196 HI_SS0197    (3)    4 :  0.009 0.013 0.978 
197 HI_SS0198    (1)    4 :  0.009 0.441 0.551 
198 HI_SS0199    (1)    4 :  0.002 0.961 0.037 
199 HI_SS0201    (5)    4 :  0.002 0.987 0.011 
200 HI_SS0215    (1)    4 :  0.003 0.919 0.078 
201 HI_SS0218    (1)    4 :  0.005 0.988 0.008 
202 HI_SS0222    (0)    4 :  0.004 0.048 0.948 
203 HI_SS0230    (1)    4 :  0.005 0.045 0.950 
204 HI_SS0234    (2)    4 :  0.157 0.386 0.457 
205 HI_SS0240    (1)    4 :  0.008 0.336 0.656 
206 HI_SS0241    (0)    4 :  0.002 0.977 0.021 
207 HI_SS0242    (0)    4 :  0.003 0.668 0.329 
208 HI_SS0247    (0)    4 :  0.019 0.028 0.954 
209 HI_SS0248    (1)    4 :  0.001 0.993 0.007 
210 HI_SS0252    (2)    4 :  0.002 0.036 0.962 
211 HI_SS0254    (0)    4 :  0.075 0.913 0.012 
212 HI_SS0256    (0)    4 :  0.001 0.006 0.993 
213 HI_SS0257    (0)    4 :  0.003 0.983 0.014 
214 HI_SS0258    (1)    4 :  0.004 0.979 0.017 
215 HI_SS0259    (1)    4 :  0.002 0.072 0.926 
216 HI_SS0260    (1)    4 :  0.001 0.968 0.030 
217 HI_SS0261    (2)    4 :  0.003 0.957 0.040 
218 HI_SS0262    (0)    4 :  0.006 0.060 0.934 
219 HI_SS0264    (0)    4 :  0.003 0.011 0.986 
220 HI_SS0265    (0)    4 :  0.100 0.091 0.810 
221 HI_SS0268    (1)    4 :  0.003 0.078 0.920 
222 HI_SS0269    (0)    4 :  0.001 0.989 0.009 
223 HI_SS0273    (0)    4 :  0.002 0.963 0.035 
224 HI_SS0277    (1)    4 :  0.003 0.194 0.803 
225 HI_SS0280    (0)    4 :  0.005 0.401 0.595 
226 HI_SS0282    (1)    4 :  0.001 0.968 0.031 
227 HI_SS0286    (1)    4 :  0.008 0.690 0.302 
228 NS_SS1252    (3)    5 :  0.003 0.985 0.012 
229 NS_SS1261    (1)    5 :  0.015 0.109 0.876 
230 NS_SS1225   (10)    5 :  0.101 0.736 0.163 
231 NS_SS1266    (1)    5 :  0.006 0.009 0.985 
232 NS_SS1228    (0)    5 :  0.012 0.063 0.925 
233 NS_SS1255    (3)    5 :  0.001 0.086 0.913 
234 NS_SS1267    (3)    5 :  0.010 0.985 0.005 
235 NS_SS1238    (6)    5 :  0.002 0.231 0.767 
236 NS_SS1233    (8)    5 :  0.002 0.097 0.901 
237 NS_SS1277    (3)    5 :  0.001 0.981 0.018 
238 NS_SS1245    (1)    5 :  0.002 0.907 0.091 
239 NS_SS1240    (4)    5 :  0.002 0.979 0.019 
240 NS_SS1275    (2)    5 :  0.002 0.007 0.991 
241 NS_SS1235    (1)    5 :  0.006 0.524 0.471 
242 NS_SS1263    (1)    5 :  0.001 0.086 0.913 
243 NS_SS1251    (2)    5 :  0.002 0.116 0.883 
244 NS_SS1248    (0)    5 :  0.093 0.230 0.677 
245 NS_SS1244    (0)    5 :  0.005 0.901 0.094 
246 NS_SS1257    (1)    5 :  0.027 0.921 0.051 
247 NS_SS1242    (2)    5 :  0.002 0.007 0.991 
248 NS_SS1271    (6)    5 :  0.023 0.969 0.008 
249 NS_SS1265    (1)    5 :  0.017 0.609 0.374 
250 NS_SS1243    (0)    5 :  0.067 0.042 0.891 
251 NS_SS1273    (1)    5 :  0.007 0.012 0.981 
252 NS_SS1254   (14)    5 :  0.006 0.300 0.694 
253 NS_SS1224    (1)    5 :  0.007 0.015 0.978 
254 NS_SS1227    (8)    5 :  0.001 0.986 0.012 
255 NS_SS1274    (9)    5 :  0.016 0.921 0.063 
256 NS_SS1241    (1)    5 :  0.001 0.977 0.023 
257 NS_SS1256    (3)    5 :  0.035 0.271 0.694 
258 NS_SS1260    (8)    5 :  0.066 0.886 0.048 
259 NS_SS1262    (0)    5 :  0.165 0.744 0.091 
260 NS_SS1230    (0)    5 :  0.006 0.855 0.140 
261 NS_SS1270    (2)    5 :  0.002 0.060 0.938 
262 NS_SS1229    (2)    5 :  0.004 0.241 0.755 
263 NS_SS1246    (5)    5 :  0.003 0.951 0.047 
264 NS_SS1269    (0)    5 :  0.002 0.234 0.764 
265 NS_SS1239    (1)    5 :  0.004 0.234 0.762 
266 NS_SS1272    (5)    5 :  0.006 0.045 0.949 
267 NS_SS1268    (1)    5 :  0.002 0.160 0.838 
268 NS_SS1249    (1)    5 :  0.009 0.982 0.009 
269 HI_SS0559    (0)    6 :  0.002 0.895 0.104 
270 HI_SS0563    (1)    6 :  0.003 0.394 0.604 
271 HI_SS0564    (0)    6 :  0.055 0.259 0.686 
272 HI_SS0565    (0)    6 :  0.004 0.680 0.316 
273 HI_SS0569    (1)    6 :  0.002 0.986 0.012 
274 HI_SS0570    (0)    6 :  0.025 0.960 0.015 
275 HI_SS0572    (1)    6 :  0.002 0.063 0.934 
276 HI_SS0576    (1)    6 :  0.005 0.197 0.797 
277 HI_SS0579    (1)    6 :  0.014 0.937 0.049 
278 HI_SS0580    (1)    6 :  0.004 0.737 0.259 
279 HI_SS0581    (0)    6 :  0.056 0.016 0.929 
280 HI_SS0583    (1)    6 :  0.002 0.560 0.438 
281 HI_SS0586    (1)    6 :  0.001 0.986 0.013 
282 HI_SS0588    (1)    6 :  0.013 0.959 0.027 
283 HI_SS0595    (4)    6 :  0.021 0.875 0.104 
284 HI_SS0596    (0)    6 :  0.002 0.023 0.975 
285 HI_SS0597    (1)    6 :  0.002 0.013 0.986 
286 HI_SS0600    (0)    6 :  0.003 0.716 0.280 
287 HI_SS0601    (1)    6 :  0.011 0.914 0.075 
288 HI_SS0602    (1)    6 :  0.003 0.892 0.106 
289 HI_SS0604    (0)    6 :  0.001 0.276 0.722 
290 HI_SS0605    (1)    6 :  0.007 0.813 0.180 
291 HI_SS0608    (0)    6 :  0.001 0.657 0.342 
292 HI_SS0609    (0)    6 :  0.001 0.038 0.962 
293 HI_SS0611    (5)    6 :  0.002 0.941 0.057 
294 HI_SS0612    (0)    6 :  0.007 0.916 0.077 
295 HI_SS0613    (1)    6 :  0.001 0.160 0.839 
296 HI_SS0615    (1)    6 :  0.010 0.084 0.906 
297 HI_SS0001    (1)    6 :  0.004 0.819 0.177 
298 HI_SS0002    (1)    6 :  0.025 0.045 0.930 
299 HI_SS0004    (0)    6 :  0.005 0.861 0.134 
300 HI_SS0005    (1)    6 :  0.006 0.300 0.694 
301 HI_SS0006    (1)    6 :  0.002 0.520 0.478 
302 HI_SS0007    (1)    6 :  0.002 0.981 0.017 
303 HI_SS0008    (0)    6 :  0.041 0.755 0.204 
304 HI_SS0009    (0)    6 :  0.004 0.161 0.835 
305 HI_SS0010    (1)    6 :  0.003 0.942 0.055 
306 HI_SS0011    (1)    6 :  0.074 0.080 0.846 
307 HI_SS0012    (0)    6 :  0.005 0.067 0.929 
308 HI_SS0017    (1)    6 :  0.002 0.030 0.968 
309 HI_SS0021    (1)    6 :  0.238 0.284 0.479 
310 HI_SS0024    (1)    6 :  0.002 0.044 0.954 
311 HI_SS0025    (1)    6 :  0.003 0.024 0.973 
312 HI_SS0027    (0)    6 :  0.010 0.978 0.012 
313 HI_SS0028    (0)    6 :  0.001 0.010 0.989 
314 HI_SS0029    (1)    6 :  0.006 0.071 0.923 
315 HI_SS0030    (2)    6 :  0.005 0.969 0.026 
316 HI_SS0031    (0)    6 :  0.003 0.815 0.182 
317 HI_SS0034    (0)    6 :  0.003 0.990 0.007 
318 HI_SS0036    (0)    6 :  0.010 0.979 0.012 
319 HI_SS0037    (1)    6 :  0.004 0.653 0.343 
320 HI_SS0039    (0)    6 :  0.003 0.948 0.049 
321 HI_SS0041    (1)    6 :  0.002 0.013 0.986 
322 HI_SS0042    (1)    6 :  0.117 0.060 0.823 
323 HI_SS0043    (1)    6 :  0.002 0.991 0.007 
324 HI_SS0044    (1)    6 :  0.002 0.242 0.756 
325 HI_SS0047    (1)    6 :  0.002 0.133 0.865 
326 HI_SS0049    (1)    6 :  0.004 0.137 0.860 
327 HI_SS0051    (1)    6 :  0.002 0.289 0.709 
328 HI_SS0053    (1)    6 :  0.004 0.988 0.008 
329 HI_SS0054    (4)    6 :  0.003 0.990 0.007 
330 HI_SS0057    (0)    6 :  0.003 0.509 0.488 
331 HI_SS0058    (0)    6 :  0.006 0.647 0.347 
332 HI_SS0060    (0)    6 :  0.083 0.823 0.095 
333 HI_SS0087    (1)    6 :  0.002 0.429 0.569 
334 HI_SS0091    (1)    6 :  0.001 0.974 0.024 
335 HI_SS0095    (1)    6 :  0.051 0.836 0.113 
336 HI_SS0097    (3)    6 :  0.004 0.475 0.520 
337 HI_SS0099    (1)    6 :  0.003 0.019 0.977 
338 HI_SS0103    (0)    6 :  0.003 0.161 0.837 
339 HI_SS0105    (1)    6 :  0.022 0.100 0.878 
340 HI_SS0107    (1)    6 :  0.001 0.017 0.982 
341 HI_SS0108    (1)    6 :  0.018 0.976 0.006 
342 HI_SS0110    (0)    6 :  0.001 0.737 0.262 
343 HI_SS0111    (1)    6 :  0.024 0.116 0.860 
344 HI_SS0112    (0)    6 :  0.001 0.993 0.006 
345 HI_SS0113    (1)    6 :  0.003 0.009 0.988 
346 HI_SS0114    (1)    6 :  0.004 0.966 0.029 
347 HI_SS0115    (1)    6 :  0.014 0.756 0.230 
348 HI_SS0116    (4)    6 :  0.003 0.800 0.197 
349 HI_SS0117    (0)    6 :  0.002 0.903 0.095 
350 HI_SS0118    (0)    6 :  0.012 0.518 0.470 
351 HI_SS0119    (1)    6 :  0.002 0.960 0.038 
352 HI_SS0120    (1)    6 :  0.003 0.010 0.987 
353 HI_SS0121    (0)    6 :  0.001 0.013 0.986 
354 HI_SS0122    (2)    6 :  0.020 0.116 0.864 
355 HI_SS0123    (0)    6 :  0.004 0.299 0.697 
356 HI_SS0124    (1)    6 :  0.003 0.018 0.979 
357 HI_SS0125    (1)    6 :  0.038 0.058 0.904 
358 HI_SS0126    (0)    6 :  0.001 0.987 0.012 
359 HI_SS0127    (0)    6 :  0.010 0.873 0.117 
360 HI_SS0128    (0)    6 :  0.003 0.536 0.461 
361 HI_SS0129    (1)    6 :  0.010 0.617 0.374 
362 HI_SS0131    (2)    6 :  0.033 0.540 0.426 
363 HI_SS0132    (0)    6 :  0.001 0.596 0.403 
364 HI_SS0133    (1)    6 :  0.001 0.994 0.005 
365 HI_SS0134    (1)    6 :  0.002 0.765 0.233 
366 HI_SS0142    (3)    6 :  0.018 0.197 0.785 
367 HI_SS0145    (0)    6 :  0.001 0.927 0.072 
368 HI_SS0146    (1)    6 :  0.001 0.975 0.024 
369 HI_SS0147    (1)    6 :  0.017 0.008 0.975 
370 HI_SS0149    (1)    6 :  0.004 0.479 0.517 
371 HI_SS0150    (2)    6 :  0.003 0.024 0.972 
372 HI_SS0151    (0)    6 :  0.012 0.861 0.127 
373 NS_SS1451    (1)    6 :  0.003 0.014 0.983 
374 NS_SS1404    (0)    6 :  0.008 0.017 0.975 
375 NS_SS1432    (2)    6 :  0.029 0.011 0.960 
376 NS_SS1405    (5)    6 :  0.003 0.062 0.935 
377 NS_SS1431   (10)    6 :  0.001 0.020 0.979 
378 NS_SS1402    (3)    6 :  0.002 0.183 0.815 
379 NS_SS1450    (3)    6 :  0.004 0.908 0.088 
380 NS_SS1396    (0)    6 :  0.005 0.032 0.963 
381 NS_SS1393    (5)    6 :  0.003 0.450 0.546 
382 NS_SS1392   (10)    6 :  0.017 0.094 0.889 
383 NS_SS1445    (0)    6 :  0.008 0.937 0.055 
384 NS_SS1423    (0)    6 :  0.001 0.951 0.048 
385 NS_SS1421    (9)    6 :  0.090 0.727 0.182 
386 NS_SS1411    (6)    6 :  0.001 0.939 0.060 
387 NS_SS1453    (6)    6 :  0.005 0.740 0.255 
388 NS_SS1442    (3)    6 :  0.003 0.258 0.739 
389 NS_SS1422    (1)    6 :  0.010 0.805 0.185 
390 NS_SS1419    (1)    6 :  0.158 0.048 0.794 
391 NS_SS1427    (0)    6 :  0.001 0.992 0.007 
392 NS_SS1444    (4)    6 :  0.003 0.039 0.957 
393 NS_SS1455    (0)    6 :  0.001 0.007 0.992 
394 NS_SS1425    (2)    6 :  0.001 0.987 0.011 
395 NS_SS1400    (0)    6 :  0.001 0.885 0.114 
396 NS_SS1406    (2)    6 :  0.007 0.018 0.975 
397 NS_SS1417    (6)    6 :  0.006 0.156 0.837 
398 NS_SS1454    (3)    6 :  0.001 0.321 0.678 
399 NS_SS1412    (1)    6 :  0.022 0.661 0.317 
400 NS_SS1438    (1)    6 :  0.001 0.982 0.017 
401 NS_SS1416    (4)    6 :  0.005 0.021 0.974 
402 NS_SS1401    (0)    6 :  0.011 0.119 0.869 
403 NS_SS1424    (6)    6 :  0.012 0.712 0.276 
404 NS_SS1435   (10)    6 :  0.002 0.736 0.261 
405 NS_SS1447    (4)    6 :  0.005 0.014 0.981 
406 NS_SS1414    (3)    6 :  0.007 0.011 0.983 
407 NS_SS1449   (14)    6 :  0.004 0.544 0.452 
408 NS_SS1443    (4)    6 :  0.002 0.991 0.007 
409 NS_SS1434    (1)    6 :  0.001 0.802 0.197 
410 NS_SS1398    (1)    6 :  0.023 0.532 0.445 
411 NS_SS1426    (1)    6 :  0.002 0.985 0.013 
412 NS_SS1413    (0)    6 :  0.008 0.981 0.011 
413 NS_SS1395    (1)    6 :  0.008 0.974 0.018 
414 NS_SS1448   (10)    6 :  0.002 0.865 0.133 
415 NS_SS1446    (0)    6 :  0.003 0.404 0.594 
416 NS_SS1403    (2)    6 :  0.006 0.284 0.709 
417 NS_SS1415    (0)    6 :  0.007 0.981 0.012 
418 NS_SS1437    (4)    6 :  0.009 0.275 0.716 
419 NS_SS1439    (2)    6 :  0.003 0.172 0.826 
420 NS_SS1441    (3)    6 :  0.002 0.963 0.035 
421 NS_SS1420    (2)    6 :  0.003 0.013 0.984 
422 NS_SS1394    (2)    6 :  0.033 0.052 0.915 
423 NS_SS1391    (7)    6 :  0.012 0.795 0.194 
424 NS_SS1410    (5)    6 :  0.015 0.314 0.671 
425 NS_SS1408    (1)    6 :  0.063 0.628 0.309 
426 NS_SS1409    (1)    6 :  0.002 0.435 0.562 
427 HI_SS0617    (1)    7 :  0.001 0.605 0.394 
428 HI_SS0618    (2)    7 :  0.002 0.114 0.883 
429 HI_SS0619    (0)    7 :  0.003 0.153 0.844 
430 HI_SS0620    (1)    7 :  0.002 0.990 0.007 
431 HI_SS0621    (3)    7 :  0.012 0.077 0.910 
432 HI_SS0622    (1)    7 :  0.011 0.586 0.403 
433 HI_SS0626    (0)    7 :  0.009 0.241 0.749 
434 HI_SS0627    (0)    7 :  0.006 0.012 0.982 
435 HI_SS0628    (3)    7 :  0.056 0.384 0.560 
436 HI_SS0629    (1)    7 :  0.006 0.469 0.524 
437 HI_SS0630    (1)    7 :  0.046 0.827 0.126 
438 HI_SS0631    (0)    7 :  0.001 0.978 0.022 
439 HI_SS0632    (0)    7 :  0.003 0.470 0.527 
440 HI_SS0633    (0)    7 :  0.003 0.016 0.982 
441 HI_SS0634    (1)    7 :  0.002 0.217 0.781 
442 HI_SS0635    (0)    7 :  0.007 0.055 0.938 
443 HI_SS0637    (1)    7 :  0.003 0.276 0.722 
444 HI_SS0638    (0)    7 :  0.001 0.538 0.461 
445 HI_SS0639    (1)    7 :  0.037 0.031 0.932 
446 HI_SS0640    (1)    7 :  0.002 0.938 0.061 
447 HI_SS0641    (1)    7 :  0.005 0.952 0.043 
448 HI_SS0642    (0)    7 :  0.002 0.479 0.519 
449 HI_SS0645    (0)    7 :  0.001 0.011 0.988 
450 HI_SS0646    (1)    7 :  0.002 0.685 0.313 
451 HI_SS0647    (1)    7 :  0.001 0.583 0.416 
452 HI_SS0648    (0)    7 :  0.003 0.799 0.198 
453 HI_SS0649    (1)    7 :  0.002 0.184 0.814 
454 HI_SS0650    (1)    7 :  0.003 0.174 0.823 
455 HI_SS0651    (1)    7 :  0.003 0.884 0.112 
456 HI_SS0652    (1)    7 :  0.003 0.027 0.970 
457 NS_SS1371    (3)    7 :  0.005 0.975 0.019 
458 NS_SS1374    (0)    7 :  0.002 0.893 0.105 
459 NS_SS1337    (3)    7 :  0.003 0.024 0.973 
460 NS_SS1385    (5)    7 :  0.004 0.361 0.635 
461 NS_SS1388    (0)    7 :  0.006 0.039 0.955 
462 NS_SS1370    (1)    7 :  0.009 0.211 0.780 
463 NS_SS1389    (3)    7 :  0.003 0.012 0.985 
464 NS_SS1360    (1)    7 :  0.004 0.967 0.029 
465 NS_SS1330    (0)    7 :  0.003 0.024 0.973 
466 NS_SS1328    (9)    7 :  0.002 0.969 0.029 
467 NS_SS1384    (1)    7 :  0.003 0.948 0.049 
468 NS_SS1381    (0)    7 :  0.001 0.037 0.962 
469 NS_SS1375    (1)    7 :  0.001 0.030 0.969 
470 NS_SS1319   (11)    7 :  0.099 0.642 0.259 
471 NS_SS1326    (2)    7 :  0.009 0.936 0.055 
472 NS_SS1341    (1)    7 :  0.004 0.540 0.456 
473 NS_SS1383    (2)    7 :  0.004 0.698 0.298 
474 NS_SS1318    (3)    7 :  0.014 0.127 0.859 
475 NS_SS1348    (2)    7 :  0.001 0.989 0.009 
476 NS_SS1363    (0)    7 :  0.004 0.098 0.898 
477 NS_SS1335    (4)    7 :  0.021 0.960 0.019 
478 NS_SS1358    (0)    7 :  0.011 0.939 0.050 
479 NS_SS1342    (1)    7 :  0.001 0.858 0.140 
480 NS_SS1320    (3)    7 :  0.006 0.008 0.986 
481 NS_SS1355    (1)    7 :  0.011 0.030 0.959 
482 NS_SS1345    (1)    7 :  0.017 0.499 0.484 
483 NS_SS1324    (0)    7 :  0.002 0.920 0.078 
484 NS_SS1347    (5)    7 :  0.003 0.966 0.030 
485 NS_SS1321    (4)    7 :  0.001 0.739 0.260 
486 NS_SS1333    (0)    7 :  0.003 0.646 0.351 
487 NS_SS1364    (1)    7 :  0.002 0.879 0.119 
488 NS_SS1379    (0)    7 :  0.048 0.138 0.814 
489 NS_SS1332    (0)    7 :  0.004 0.988 0.008 
490 NS_SS1338    (5)    7 :  0.007 0.795 0.198 
491 NS_SS1368    (6)    7 :  0.005 0.821 0.174 
492 NS_SS1354    (1)    7 :  0.011 0.070 0.919 
493 NS_SS1365    (0)    7 :  0.008 0.164 0.828 
494 NS_SS1380    (1)    7 :  0.019 0.013 0.968 
495 NS_SS1329    (8)    7 :  0.003 0.815 0.183 
496 NS_SS1362    (0)    7 :  0.004 0.631 0.365 
497 NS_SS1327    (2)    7 :  0.003 0.992 0.005 
498 NS_SS1350    (0)    7 :  0.010 0.942 0.048 
499 NS_SS1387    (2)    7 :  0.003 0.031 0.966 
500 NS_SS1369    (8)    7 :  0.004 0.944 0.052 
501 NS_SS1331    (1)    7 :  0.008 0.079 0.914 
502 NS_SS1357    (5)    7 :  0.003 0.771 0.226 
503 NS_SS1386    (1)    7 :  0.003 0.993 0.005 
504 NS_SS1353    (2)    7 :  0.004 0.069 0.928 
505 NS_SS1323    (0)    7 :  0.071 0.135 0.793 
506 HI_SS0296    (0)    8 :  0.002 0.973 0.025 
507 HI_SS0297    (0)    8 :  0.001 0.638 0.361 
508 HI_SS0299    (0)    8 :  0.031 0.657 0.312 
509 HI_SS0300    (0)    8 :  0.001 0.732 0.267 
510 HI_SS0301    (0)    8 :  0.004 0.419 0.577 
511 HI_SS0302    (0)    8 :  0.018 0.952 0.029 
512 HI_SS0303    (0)    8 :  0.005 0.973 0.023 
513 HI_SS0304    (0)    8 :  0.002 0.019 0.979 
514 HI_SS0306    (5)    8 :  0.003 0.989 0.008 
515 HI_SS0307    (1)    8 :  0.006 0.028 0.965 
516 HI_SS0308    (1)    8 :  0.092 0.489 0.419 
517 HI_SS0309    (0)    8 :  0.003 0.162 0.835 
518 HI_SS0310    (0)    8 :  0.006 0.346 0.648 
519 HI_SS0311    (4)    8 :  0.002 0.231 0.767 
520 HI_SS0314    (0)    8 :  0.001 0.594 0.404 
521 HI_SS0316    (1)    8 :  0.003 0.867 0.129 
522 HI_SS0317    (3)    8 :  0.002 0.368 0.630 
523 HI_SS0318    (1)    8 :  0.183 0.790 0.027 
524 HI_SS0319    (0)    8 :  0.003 0.991 0.005 
525 HI_SS0320    (3)    8 :  0.001 0.012 0.987 
526 HI_SS0321    (0)    8 :  0.002 0.934 0.064 
527 HI_SS0323    (1)    8 :  0.002 0.471 0.528 
528 HI_SS0325    (2)    8 :  0.002 0.890 0.108 
529 HI_SS0327    (1)    8 :  0.001 0.991 0.007 
530 HI_SS0329    (1)    8 :  0.001 0.059 0.940 
531 HI_SS0333    (1)    8 :  0.003 0.218 0.779 
532 HI_SS0334    (1)    8 :  0.001 0.978 0.021 
533 HI_SS0335    (1)    8 :  0.020 0.169 0.811 
534 HI_SS0339    (0)    8 :  0.011 0.075 0.914 
535 HI_SS0343    (2)    8 :  0.002 0.114 0.884 
536 HI_SS0344    (1)    8 :  0.002 0.994 0.004 
537 HI_SS0345    (3)    8 :  0.007 0.100 0.893 
538 HI_SS0346    (0)    8 :  0.003 0.206 0.791 
539 HI_SS0350    (1)    8 :  0.008 0.008 0.984 
540 HI_SS0351    (0)    8 :  0.003 0.303 0.694 
541 HI_SS0352    (3)    8 :  0.082 0.047 0.870 
542 HI_SS0362    (0)    8 :  0.002 0.868 0.130 
543 HI_SS0363    (1)    8 :  0.003 0.984 0.013 
544 HI_SS0365    (0)    8 :  0.004 0.925 0.071 
545 HI_SS0366    (0)    8 :  0.001 0.974 0.024 
546 HI_SS0367    (1)    8 :  0.002 0.007 0.991 
547 HI_SS0369    (1)    8 :  0.002 0.015 0.983 
548 HI_SS0370    (0)    8 :  0.003 0.884 0.113 
549 HI_SS0371    (4)    8 :  0.004 0.883 0.113 
550 HI_SS0373    (3)    8 :  0.010 0.297 0.693 
551 HI_SS0374    (0)    8 :  0.023 0.026 0.951 
552 HI_SS0377    (0)    8 :  0.073 0.862 0.064 
553 HI_SS0379    (1)    8 :  0.001 0.996 0.003 
554 HI_SS0380    (1)    8 :  0.006 0.057 0.937 
555 HI_SS0381    (2)    8 :  0.004 0.023 0.973 
556 HI_SS0384    (3)    8 :  0.007 0.813 0.179 
557 HI_SS0385    (1)    8 :  0.001 0.320 0.679 
558 HI_SS0386    (0)    9 :  0.997 0.001 0.001 
559 HI_SS0387    (0)    9 :  0.973 0.015 0.012 
560 HI_SS0389    (2)    9 :  0.994 0.003 0.003 
561 HI_SS0390    (2)    9 :  0.997 0.002 0.002 
562 HI_SS0391    (3)    9 :  0.996 0.002 0.002 
563 HI_SS0392    (0)    9 :  0.997 0.002 0.001 
564 HI_SS0393    (2)    9 :  0.997 0.002 0.001 
565 HI_SS0394    (2)    9 :  0.997 0.001 0.002 
566 HI_SS0395    (2)    9 :  0.993 0.003 0.004 
567 HI_SS0396    (2)    9 :  0.980 0.008 0.013 
568 HI_SS0398    (2)    9 :  0.990 0.005 0.005 
569 HI_SS0399    (2)    9 :  0.998 0.001 0.001 
570 HI_SS0400    (3)    9 :  0.996 0.002 0.002 
571 HI_SS0401    (5)    9 :  0.997 0.001 0.001 
572 HI_SS0402    (0)    9 :  0.998 0.001 0.001 
573 HI_SS0403    (0)    9 :  0.997 0.001 0.001 
574 HI_SS0404    (2)    9 :  0.998 0.001 0.001 
575 HI_SS0405    (2)    9 :  0.964 0.016 0.020 
576 HI_SS0406    (2)    9 :  0.996 0.002 0.002 
577 HI_SS0407    (0)    9 :  0.986 0.006 0.008 
578 HI_SS0408    (0)    9 :  0.998 0.001 0.001 
579 HI_SS0409    (2)    9 :  0.994 0.003 0.003 
580 HI_SS0411    (2)    9 :  0.995 0.003 0.002 
581 HI_SS0412   (11)    9 :  0.817 0.093 0.090 
582 HI_SS0413    (0)    9 :  0.996 0.002 0.002 
583 HI_SS0414    (2)    9 :  0.968 0.014 0.018 
584 HI_SS0415    (2)    9 :  0.997 0.002 0.002 
585 HI_SS0416    (2)    9 :  0.994 0.003 0.003 
586 HI_SS0418    (2)    9 :  0.991 0.005 0.004 
587 HI_SS0419    (3)    9 :  0.995 0.002 0.003 
588 HI_SS0420    (0)    9 :  0.996 0.002 0.002 
589 HI_SS0421    (4)    9 :  0.992 0.003 0.005 
590 HI_SS0422    (3)    9 :  0.997 0.001 0.001 
591 HI_SS0423    (2)    9 :  0.992 0.004 0.004 
592 HI_SS0424    (1)    9 :  0.997 0.001 0.002 
593 HI_SS0425    (0)    9 :  0.994 0.002 0.004 
594 NS_SS1146    (3)   10 :  0.996 0.003 0.002 
595 NS_SS1157    (1)   10 :  0.989 0.006 0.006 
596 NS_SS1144    (7)   10 :  0.960 0.023 0.017 
597 NS_SS1074    (3)   10 :  0.994 0.003 0.003 
598 NS_SS1122    (0)   10 :  0.992 0.004 0.004 
599 NS_SS1136    (2)   10 :  0.998 0.001 0.001 
600 NS_SS1077    (4)   10 :  0.999 0.001 0.001 
601 NS_SS1134    (2)   10 :  0.979 0.009 0.012 
602 NS_SS1091    (1)   10 :  0.996 0.002 0.002 
603 NS_SS1089   (10)   10 :  0.994 0.003 0.003 
604 NS_SS1123    (2)   10 :  0.997 0.001 0.001 
605 NS_SS1158    (3)   10 :  0.998 0.001 0.001 
606 NS_SS1093    (3)   10 :  0.996 0.002 0.002 
607 NS_SS1102    (5)   10 :  0.991 0.004 0.005 
608 NS_SS1056    (0)   10 :  0.997 0.001 0.001 
609 NS_SS1126    (2)   10 :  0.995 0.003 0.002 
610 NS_SS1058   (15)   10 :  0.993 0.004 0.003 
611 NS_SS1084    (2)   10 :  0.997 0.001 0.001 
612 NS_SS1095    (3)   10 :  0.988 0.007 0.005 
613 NS_SS1079    (3)   10 :  0.997 0.002 0.001 
614 NS_SS1149    (0)   10 :  0.995 0.002 0.003 
615 NS_SS1121    (0)   10 :  0.997 0.001 0.002 
616 NS_SS1067    (0)   10 :  0.991 0.004 0.005 
617 NS_SS1081    (2)   10 :  0.996 0.002 0.002 
618 NS_SS1130    (0)   10 :  0.994 0.003 0.003 
619 NS_SS1073    (2)   10 :  0.995 0.002 0.003 
620 NS_SS1133    (2)   10 :  0.987 0.004 0.009 
621 NS_SS1129    (2)   10 :  0.998 0.001 0.001 
622 NS_SS1085    (1)   10 :  0.996 0.002 0.002 
623 NS_SS1137    (2)   10 :  0.992 0.004 0.004 
624 NS_SS1135    (3)   10 :  0.998 0.001 0.001 
625 NS_SS1082    (3)   10 :  0.997 0.001 0.002 
626 NS_SS1125    (3)   10 :  0.998 0.001 0.001 
627 NS_SS1124    (2)   10 :  0.988 0.006 0.007 
628 NS_SS1155    (0)   10 :  0.985 0.008 0.007 
629 NS_SS1145    (2)   10 :  0.997 0.001 0.002 


Estimated Allele Frequencies in each cluster
First column gives estimated ancestral frequencies


Locus 1 : 
2 alleles
3.3% missing data
   1   (0.737) 0.730 0.738 0.738 
   2   (0.263) 0.270 0.262 0.262 

Locus 2 : 
2 alleles
4.6% missing data
   1   (0.886) 0.821 0.891 0.886 
   2   (0.114) 0.179 0.109 0.114 

Locus 3 : 
2 alleles
4.9% missing data
   1   (0.785) 0.808 0.775 0.793 
   2   (0.215) 0.192 0.225 0.207 

Locus 4 : 
2 alleles
4.6% missing data
   1   (0.866) 0.870 0.871 0.863 
   2   (0.134) 0.130 0.129 0.137 

Locus 5 : 
2 alleles
2.5% missing data
   1   (0.892) 0.930 0.895 0.890 
   2   (0.108) 0.070 0.105 0.110 

Locus 6 : 
2 alleles
2.7% missing data
   1   (0.823) 0.762 0.816 0.832 
   2   (0.177) 0.238 0.184 0.168 

Locus 7 : 
2 alleles
3.0% missing data
   1   (0.792) 0.756 0.791 0.796 
   2   (0.208) 0.244 0.209 0.204 

Locus 8 : 
2 alleles
4.8% missing data
   1   (0.728) 0.793 0.728 0.727 
   2   (0.272) 0.207 0.272 0.273 

Locus 9 : 
2 alleles
3.7% missing data
   1   (0.807) 0.810 0.803 0.812 
   2   (0.193) 0.190 0.197 0.188 

Locus 10 : 
2 alleles
4.8% missing data
   1   (0.710) 0.797 0.703 0.713 
   2   (0.290) 0.203 0.297 0.287 

Locus 11 : 
2 alleles
3.2% missing data
   1   (0.795) 0.782 0.782 0.805 
   2   (0.205) 0.218 0.218 0.195 

Locus 12 : 
2 alleles
4.9% missing data
   1   (0.893) 0.907 0.895 0.893 
   2   (0.107) 0.093 0.105 0.107 

Locus 13 : 
2 alleles
3.2% missing data
   1   (0.867) 0.916 0.865 0.868 
   2   (0.133) 0.084 0.135 0.132 

Locus 14 : 
2 alleles
4.6% missing data
   1   (0.732) 0.683 0.733 0.733 
   2   (0.268) 0.317 0.267 0.267 

Locus 15 : 
2 alleles
4.6% missing data
   1   (0.891) 0.918 0.892 0.892 
   2   (0.109) 0.082 0.108 0.108 

Locus 16 : 
2 alleles
3.8% missing data
   1   (0.885) 0.964 0.879 0.886 
   2   (0.115) 0.036 0.121 0.114 

Locus 17 : 
2 alleles
4.1% missing data
   1   (0.510) 0.645 0.509 0.506 
   2   (0.490) 0.355 0.491 0.494 

Locus 18 : 
2 alleles
4.1% missing data
   1   (0.608) 0.574 0.595 0.620 
   2   (0.392) 0.426 0.405 0.380 

Locus 19 : 
2 alleles
4.1% missing data
   1   (0.772) 0.636 0.772 0.777 
   2   (0.228) 0.364 0.228 0.223 

Locus 20 : 
2 alleles
2.2% missing data
   1   (0.898) 0.893 0.900 0.898 
   2   (0.102) 0.107 0.100 0.102 

Locus 21 : 
2 alleles
4.5% missing data
   1   (0.709) 0.601 0.707 0.715 
   2   (0.291) 0.399 0.293 0.285 

Locus 22 : 
2 alleles
3.0% missing data
   1   (0.887) 0.914 0.886 0.888 
   2   (0.113) 0.086 0.114 0.112 

Locus 23 : 
2 alleles
3.8% missing data
   1   (0.559) 0.577 0.547 0.568 
   2   (0.441) 0.423 0.453 0.432 

Locus 24 : 
2 alleles
4.9% missing data
   1   (0.859) 0.890 0.855 0.863 
   2   (0.141) 0.110 0.145 0.137 

Locus 25 : 
2 alleles
4.3% missing data
   1   (0.885) 0.877 0.882 0.889 
   2   (0.115) 0.123 0.118 0.111 

Locus 26 : 
2 alleles
3.0% missing data
   1   (0.544) 0.578 0.541 0.545 
   2   (0.456) 0.422 0.459 0.455 

Locus 27 : 
2 alleles
4.0% missing data
   2   (0.469) 0.416 0.479 0.463 
   1   (0.531) 0.584 0.521 0.537 

Locus 28 : 
2 alleles
4.0% missing data
   1   (0.844) 0.870 0.853 0.837 
   2   (0.156) 0.130 0.147 0.163 

Locus 29 : 
2 alleles
1.9% missing data
   1   (0.605) 0.699 0.608 0.599 
   2   (0.395) 0.301 0.392 0.401 

Locus 30 : 
2 alleles
4.6% missing data
   1   (0.864) 0.854 0.867 0.864 
   2   (0.136) 0.146 0.133 0.136 

Locus 31 : 
2 alleles
1.9% missing data
   1   (0.885) 0.904 0.883 0.886 
   2   (0.115) 0.096 0.117 0.114 

Locus 32 : 
2 alleles
4.3% missing data
   1   (0.868) 0.784 0.872 0.868 
   2   (0.132) 0.216 0.128 0.132 

Locus 33 : 
2 alleles
4.3% missing data
   1   (0.790) 0.761 0.794 0.788 
   2   (0.210) 0.239 0.206 0.212 

Locus 34 : 
2 alleles
2.2% missing data
   1   (0.737) 0.726 0.742 0.735 
   2   (0.263) 0.274 0.258 0.265 

Locus 35 : 
2 alleles
3.8% missing data
   1   (0.765) 0.781 0.761 0.768 
   2   (0.235) 0.219 0.239 0.232 

Locus 36 : 
2 alleles
3.3% missing data
   1   (0.812) 0.783 0.815 0.812 
   2   (0.188) 0.217 0.185 0.188 

Locus 37 : 
2 alleles
3.8% missing data
   1   (0.866) 0.643 0.877 0.864 
   2   (0.134) 0.357 0.123 0.136 

Locus 38 : 
2 alleles
4.9% missing data
   1   (0.798) 0.774 0.790 0.807 
   2   (0.202) 0.226 0.210 0.193 

Locus 39 : 
2 alleles
4.9% missing data
   1   (0.744) 0.779 0.739 0.747 
   2   (0.256) 0.221 0.261 0.253 

Locus 40 : 
2 alleles
2.7% missing data
   1   (0.758) 0.723 0.760 0.759 
   2   (0.242) 0.277 0.240 0.241 

Locus 41 : 
2 alleles
2.2% missing data
   1   (0.743) 0.759 0.745 0.743 
   2   (0.257) 0.241 0.255 0.257 

Locus 42 : 
2 alleles
4.9% missing data
   1   (0.766) 0.792 0.756 0.774 
   2   (0.234) 0.208 0.244 0.226 

Locus 43 : 
2 alleles
1.7% missing data
   1   (0.875) 0.918 0.866 0.881 
   2   (0.125) 0.082 0.134 0.119 

Locus 44 : 
2 alleles
3.7% missing data
   1   (0.706) 0.747 0.718 0.696 
   2   (0.294) 0.253 0.282 0.304 

Locus 45 : 
2 alleles
3.7% missing data
   1   (0.571) 0.487 0.564 0.579 
   2   (0.429) 0.513 0.436 0.421 

Locus 46 : 
2 alleles
3.8% missing data
   1   (0.883) 0.856 0.887 0.881 
   2   (0.117) 0.144 0.113 0.119 

Locus 47 : 
2 alleles
4.0% missing data
   2   (0.235) 0.234 0.216 0.250 
   1   (0.765) 0.766 0.784 0.750 

Locus 48 : 
2 alleles
2.1% missing data
   1   (0.821) 0.765 0.818 0.826 
   2   (0.179) 0.235 0.182 0.174 

Locus 49 : 
2 alleles
4.9% missing data
   1   (0.587) 0.699 0.578 0.591 
   2   (0.413) 0.301 0.422 0.409 

Locus 50 : 
2 alleles
3.5% missing data
   1   (0.873) 0.864 0.878 0.870 
   2   (0.127) 0.136 0.122 0.130 

Locus 51 : 
2 alleles
2.9% missing data
   1   (0.779) 0.785 0.783 0.777 
   2   (0.221) 0.215 0.217 0.223 

Locus 52 : 
2 alleles
4.1% missing data
   1   (0.889) 0.874 0.891 0.889 
   2   (0.111) 0.126 0.109 0.111 

Locus 53 : 
2 alleles
4.8% missing data
   1   (0.850) 0.863 0.850 0.851 
   2   (0.150) 0.137 0.150 0.149 

Locus 54 : 
2 alleles
4.1% missing data
   1   (0.820) 0.901 0.825 0.814 
   2   (0.180) 0.099 0.175 0.186 

Locus 55 : 
2 alleles
4.3% missing data
   1   (0.822) 0.883 0.818 0.824 
   2   (0.178) 0.117 0.182 0.176 

Locus 56 : 
2 alleles
3.7% missing data
   1   (0.657) 0.612 0.655 0.661 
   2   (0.343) 0.388 0.345 0.339 

Locus 57 : 
2 alleles
1.4% missing data
   1   (0.601) 0.569 0.599 0.604 
   2   (0.399) 0.431 0.401 0.396 

Locus 58 : 
2 alleles
3.8% missing data
   1   (0.661) 0.709 0.663 0.658 
   2   (0.339) 0.291 0.337 0.342 

Locus 59 : 
2 alleles
4.3% missing data
   1   (0.853) 0.864 0.850 0.856 
   2   (0.147) 0.136 0.150 0.144 

Locus 60 : 
2 alleles
4.0% missing data
   1   (0.870) 0.939 0.872 0.867 
   2   (0.130) 0.061 0.128 0.133 

Locus 61 : 
2 alleles
3.0% missing data
   1   (0.885) 0.907 0.883 0.886 
   2   (0.115) 0.093 0.117 0.114 

Locus 62 : 
2 alleles
2.9% missing data
   1   (0.799) 0.815 0.803 0.797 
   2   (0.201) 0.185 0.197 0.203 

Locus 63 : 
2 alleles
4.6% missing data
   1   (0.660) 0.589 0.674 0.653 
   2   (0.340) 0.411 0.326 0.347 

Locus 64 : 
2 alleles
4.5% missing data
   1   (0.840) 0.816 0.847 0.837 
   2   (0.160) 0.184 0.153 0.163 

Locus 65 : 
2 alleles
4.9% missing data
   1   (0.856) 0.859 0.848 0.863 
   2   (0.144) 0.141 0.152 0.137 

Locus 66 : 
2 alleles
4.5% missing data
   1   (0.823) 0.885 0.829 0.816 
   2   (0.177) 0.115 0.171 0.184 

Locus 67 : 
2 alleles
2.5% missing data
   1   (0.863) 0.875 0.857 0.869 
   2   (0.137) 0.125 0.143 0.131 

Locus 68 : 
2 alleles
4.3% missing data
   1   (0.782) 0.842 0.777 0.784 
   2   (0.218) 0.158 0.223 0.216 

Locus 69 : 
2 alleles
1.7% missing data
   1   (0.844) 0.835 0.835 0.852 
   2   (0.156) 0.165 0.165 0.148 

Locus 70 : 
2 alleles
4.9% missing data
   1   (0.780) 0.754 0.785 0.777 
   2   (0.220) 0.246 0.215 0.223 

Locus 71 : 
2 alleles
4.0% missing data
   1   (0.757) 0.705 0.756 0.761 
