

----------------------------------------------------
STRUCTURE by Pritchard, Stephens and Donnelly (2000)
     and Falush, Stephens and Pritchard (2003)
       Code by Pritchard, Falush and Hubisz
             Version 2.3.4 (Jul 2012)
----------------------------------------------------



Command line arguments:   /home/genobiwan/Documents/Programs/Structure/structure -m parameter_job_k6_r9 
Input File:    /media/genobiwan/Storage/Projets/Mackerel_NWA_2021/data_job_k6_r9

Run parameters:
   629 individuals
   4140 loci
   6 populations assumed
   100000 Burn-in period
   200000 Reps


--------------------------------------------
Proportion of membership of each pre-defined
 population in each of the 6 clusters

Given    Inferred Clusters                            Number of
 Pop       1      2      3      4      5      6      Individuals

  1:     0.193  0.013  0.186  0.154  0.222  0.231       67
  2:     0.149  0.009  0.187  0.056  0.286  0.313       32
  3:     0.195  0.014  0.257  0.131  0.233  0.170       92
  4:     0.228  0.016  0.234  0.215  0.173  0.133       36
  5:     0.163  0.020  0.202  0.219  0.183  0.213       41
  6:     0.195  0.013  0.195  0.202  0.196  0.198      158
  7:     0.184  0.010  0.186  0.209  0.221  0.190       79
  8:     0.138  0.014  0.196  0.259  0.222  0.170       52
  9:     0.006  0.975  0.005  0.004  0.006  0.004       36
 10:     0.004  0.980  0.004  0.004  0.004  0.004       36
--------------------------------------------

Allele-freq. divergence among pops (Net nucleotide distance),
computed using point estimates of P.

      1       2       3       4       5       6      
 1      -    0.0049  0.0002  0.0004  0.0002  0.0003  
 2   0.0049     -    0.0049  0.0052  0.0049  0.0050  
 3   0.0002  0.0049     -    0.0003  0.0001  0.0002  
 4   0.0004  0.0052  0.0003     -    0.0003  0.0004  
 5   0.0002  0.0049  0.0001  0.0003     -    0.0003  
 6   0.0003  0.0050  0.0002  0.0004  0.0003     -    

Average distances (expected heterozygosity) between individuals in same cluster:
cluster  1  : 0.3184 
cluster  2  : 0.3054 
cluster  3  : 0.3187 
cluster  4  : 0.3178 
cluster  5  : 0.3189 
cluster  6  : 0.3180 

--------------------------------------------
Estimated Ln Prob of Data   = -2471417.9
Mean value of ln likelihood = -2464680.2
Variance of ln likelihood   = 13475.2
Mean value of alpha         = 0.0417

Mean value of Fst_1         = 0.0033
Mean value of Fst_2         = 0.0386
Mean value of Fst_3         = 0.0024
Mean value of Fst_4         = 0.0045
Mean value of Fst_5         = 0.0025
Mean value of Fst_6         = 0.0038


Inferred ancestry of individuals:
        Label (%Miss) Pop:  Inferred clusters
  1 NS_SS0963    (4)    1 :  0.912 0.004 0.015 0.009 0.052 0.008 
  2 NS_SS0983    (1)    1 :  0.008 0.003 0.781 0.015 0.190 0.003 
  3 NS_SS0719    (9)    1 :  0.091 0.006 0.111 0.035 0.744 0.014 
  4 NS_SS1001    (8)    1 :  0.009 0.007 0.040 0.072 0.011 0.861 
  5 NS_SS0936    (4)    1 :  0.490 0.003 0.113 0.026 0.264 0.104 
  6 NS_SS0955    (6)    1 :  0.355 0.004 0.167 0.252 0.188 0.034 
  7 NS_SS0944    (3)    1 :  0.039 0.002 0.017 0.886 0.023 0.034 
  8 NS_SS0945    (3)    1 :  0.023 0.009 0.228 0.332 0.018 0.391 
  9 NS_SS0922    (2)    1 :  0.143 0.034 0.354 0.013 0.173 0.283 
 10 NS_SS0929    (7)    1 :  0.224 0.003 0.479 0.102 0.107 0.085 
 11 NS_SS0956    (1)    1 :  0.030 0.004 0.060 0.021 0.013 0.872 
 12 NS_SS0906    (3)    1 :  0.187 0.003 0.099 0.025 0.538 0.148 
 13 NS_SS0721    (6)    1 :  0.060 0.004 0.576 0.011 0.338 0.012 
 14 NS_SS0982    (4)    1 :  0.840 0.013 0.013 0.010 0.098 0.026 
 15 NS_SS0923    (6)    1 :  0.099 0.004 0.190 0.016 0.508 0.183 
 16 NS_SS0905    (6)    1 :  0.074 0.002 0.446 0.041 0.396 0.042 
 17 NS_SS0925    (3)    1 :  0.021 0.003 0.094 0.006 0.851 0.025 
 18 NS_SS0947    (6)    1 :  0.035 0.004 0.295 0.015 0.075 0.576 
 19 NS_SS0926    (2)    1 :  0.300 0.001 0.046 0.623 0.018 0.012 
 20 NS_SS0918    (6)    1 :  0.183 0.002 0.073 0.210 0.051 0.481 
 21 NS_SS0966    (4)    1 :  0.386 0.055 0.201 0.101 0.147 0.110 
 22 NS_SS0938    (2)    1 :  0.750 0.002 0.043 0.023 0.025 0.157 
 23 NS_SS0917    (2)    1 :  0.044 0.027 0.319 0.010 0.579 0.021 
 24 NS_SS0957   (11)    1 :  0.082 0.007 0.025 0.020 0.029 0.837 
 25 NS_SS0987    (1)    1 :  0.013 0.246 0.070 0.033 0.330 0.308 
 26 NS_SS0717    (4)    1 :  0.013 0.002 0.207 0.015 0.016 0.747 
 27 NS_SS0986    (2)    1 :  0.027 0.003 0.813 0.109 0.008 0.040 
 28 NS_SS0953    (3)    1 :  0.064 0.022 0.159 0.025 0.138 0.593 
 29 NS_SS0907    (3)    1 :  0.162 0.042 0.183 0.025 0.562 0.026 
 30 NS_SS0974    (6)    1 :  0.159 0.003 0.313 0.099 0.353 0.073 
 31 NS_SS0989    (1)    1 :  0.147 0.001 0.464 0.160 0.211 0.017 
 32 NS_SS0991    (3)    1 :  0.011 0.002 0.256 0.340 0.369 0.022 
 33 NS_SS0994    (2)    1 :  0.014 0.002 0.358 0.462 0.146 0.017 
 34 NS_SS0931    (6)    1 :  0.014 0.012 0.049 0.895 0.025 0.006 
 35 NS_SS1000    (5)    1 :  0.023 0.004 0.057 0.013 0.070 0.832 
 36 NS_SS0919    (1)    1 :  0.035 0.003 0.065 0.023 0.869 0.006 
 37 NS_SS0949    (4)    1 :  0.017 0.001 0.042 0.764 0.165 0.010 
 38 NS_SS0960   (10)    1 :  0.039 0.007 0.122 0.715 0.097 0.020 
 39 NS_SS0716    (2)    1 :  0.005 0.006 0.013 0.007 0.005 0.964 
 40 NS_SS0924    (8)    1 :  0.020 0.016 0.600 0.069 0.274 0.021 
 41 NS_SS0935    (2)    1 :  0.007 0.006 0.009 0.104 0.865 0.009 
 42 NS_SS0952   (14)    1 :  0.013 0.041 0.015 0.712 0.191 0.027 
 43 NS_SS0962   (11)    1 :  0.691 0.007 0.197 0.011 0.035 0.059 
 44 NS_SS0973    (5)    1 :  0.019 0.003 0.109 0.009 0.852 0.007 
 45 NS_SS0722    (1)    1 :  0.009 0.002 0.024 0.006 0.041 0.917 
 46 NS_SS0979   (13)    1 :  0.052 0.003 0.017 0.011 0.019 0.899 
 47 NS_SS0993    (2)    1 :  0.064 0.019 0.122 0.014 0.659 0.123 
 48 NS_SS0958    (1)    1 :  0.013 0.003 0.013 0.905 0.011 0.055 
 49 NS_SS0988    (4)    1 :  0.748 0.004 0.147 0.015 0.058 0.028 
 50 NS_SS1003    (2)    1 :  0.946 0.007 0.007 0.012 0.019 0.010 
 51 NS_SS0976    (1)    1 :  0.062 0.002 0.020 0.699 0.201 0.016 
 52 NS_SS0964   (10)    1 :  0.008 0.003 0.012 0.008 0.019 0.950 
 53 NS_SS0939    (4)    1 :  0.009 0.005 0.006 0.008 0.016 0.956 
 54 NS_SS0990    (6)    1 :  0.422 0.003 0.119 0.019 0.008 0.429 
 55 NS_SS0984    (2)    1 :  0.012 0.002 0.032 0.008 0.089 0.857 
 56 NS_SS0980   (10)    1 :  0.021 0.002 0.047 0.014 0.904 0.013 
 57 NS_SS0978    (4)    1 :  0.464 0.003 0.026 0.009 0.417 0.080 
 58 NS_SS0951   (18)    1 :  0.029 0.003 0.418 0.263 0.138 0.149 
 59 NS_SS0913    (3)    1 :  0.027 0.042 0.381 0.022 0.035 0.494 
 60 NS_SS1002    (1)    1 :  0.925 0.038 0.015 0.005 0.009 0.009 
 61 NS_SS0948    (1)    1 :  0.172 0.054 0.209 0.340 0.060 0.165 
 62 NS_SS0916    (4)    1 :  0.456 0.004 0.210 0.027 0.266 0.036 
 63 NS_SS0995    (1)    1 :  0.043 0.003 0.786 0.007 0.123 0.039 
 64 NS_SS0927    (6)    1 :  0.471 0.005 0.419 0.010 0.080 0.015 
 65 NS_SS0992    (5)    1 :  0.615 0.003 0.072 0.026 0.265 0.018 
 66 NS_SS0912    (1)    1 :  0.047 0.003 0.438 0.346 0.143 0.024 
 67 NS_SS0981    (1)    1 :  0.469 0.004 0.051 0.077 0.301 0.097 
 68 NS_SS0729    (5)    2 :  0.017 0.003 0.371 0.040 0.563 0.006 
 69 NS_SS0967   (15)    2 :  0.489 0.010 0.427 0.020 0.040 0.013 
 70 NS_SS0941    (8)    2 :  0.054 0.080 0.292 0.028 0.381 0.165 
 71 NS_SS0768   (12)    2 :  0.272 0.004 0.106 0.043 0.016 0.558 
 72 NS_SS0726    (5)    2 :  0.257 0.008 0.123 0.034 0.566 0.012 
 73 NS_SS0763    (4)    2 :  0.012 0.002 0.197 0.029 0.707 0.054 
 74 NS_SS0730    (6)    2 :  0.165 0.004 0.132 0.031 0.030 0.638 
 75 NS_SS0774    (2)    2 :  0.012 0.001 0.011 0.005 0.013 0.958 
 76 NS_SS0723    (3)    2 :  0.325 0.002 0.063 0.007 0.574 0.029 
 77 NS_SS0940   (10)    2 :  0.078 0.007 0.390 0.050 0.452 0.023 
 78 NS_SS0762    (1)    2 :  0.006 0.002 0.011 0.006 0.015 0.960 
 79 NS_SS0766   (11)    2 :  0.020 0.018 0.425 0.059 0.109 0.369 
 80 NS_SS0724    (1)    2 :  0.014 0.004 0.026 0.024 0.159 0.773 
 81 NS_SS0769    (3)    2 :  0.108 0.004 0.050 0.008 0.764 0.066 
 82 NS_SS0777    (1)    2 :  0.071 0.017 0.132 0.352 0.385 0.044 
 83 NS_SS0734    (6)    2 :  0.029 0.025 0.531 0.169 0.163 0.083 
 84 NS_SS0737    (3)    2 :  0.119 0.006 0.017 0.017 0.040 0.800 
 85 NS_SS0732    (5)    2 :  0.114 0.006 0.104 0.008 0.673 0.096 
 86 NS_SS0728    (5)    2 :  0.162 0.012 0.358 0.011 0.372 0.084 
 87 NS_SS0735    (9)    2 :  0.013 0.007 0.500 0.009 0.448 0.024 
 88 NS_SS0725    (1)    2 :  0.039 0.008 0.018 0.015 0.007 0.912 
 89 NS_SS0788    (2)    2 :  0.227 0.001 0.166 0.022 0.563 0.020 
 90 NS_SS0778    (2)    2 :  0.618 0.002 0.102 0.017 0.246 0.015 
 91 NS_SS0792    (6)    2 :  0.872 0.005 0.051 0.035 0.021 0.016 
 92 NS_SS0943   (11)    2 :  0.034 0.007 0.069 0.373 0.505 0.011 
 93 NS_SS0791    (2)    2 :  0.377 0.015 0.340 0.042 0.210 0.016 
 94 NS_SS0790    (5)    2 :  0.012 0.003 0.051 0.004 0.010 0.920 
 95 NS_SS0731    (6)    2 :  0.010 0.012 0.411 0.011 0.021 0.535 
 96 NS_SS0727    (7)    2 :  0.010 0.002 0.267 0.057 0.411 0.253 
 97 NS_SS0779   (13)    2 :  0.089 0.007 0.174 0.030 0.571 0.131 
 98 NS_SS0776    (3)    2 :  0.130 0.009 0.048 0.234 0.114 0.465 
 99 NS_SS0775    (5)    2 :  0.010 0.007 0.010 0.006 0.008 0.958 
100 NS_SS0965    (3)    3 :  0.220 0.001 0.440 0.031 0.270 0.037 
101 NS_SS0754   (14)    3 :  0.014 0.010 0.090 0.021 0.850 0.014 
102 NS_SS0838    (5)    3 :  0.195 0.047 0.267 0.060 0.200 0.230 
103 NS_SS0839    (3)    3 :  0.044 0.003 0.029 0.005 0.013 0.907 
104 NS_SS0832    (4)    3 :  0.479 0.049 0.364 0.005 0.081 0.022 
105 NS_SS0820    (5)    3 :  0.604 0.006 0.243 0.006 0.037 0.104 
106 NS_SS0886    (9)    3 :  0.043 0.002 0.816 0.035 0.091 0.014 
107 NS_SS0748    (5)    3 :  0.066 0.009 0.214 0.559 0.061 0.090 
108 NS_SS0884    (9)    3 :  0.447 0.028 0.097 0.027 0.231 0.170 
109 NS_SS0752    (4)    3 :  0.017 0.002 0.057 0.014 0.868 0.042 
110 NS_SS0862    (1)    3 :  0.079 0.005 0.093 0.007 0.668 0.149 
111 NS_SS0787    (9)    3 :  0.023 0.009 0.057 0.792 0.105 0.015 
112 NS_SS0843    (6)    3 :  0.011 0.002 0.152 0.009 0.775 0.051 
113 NS_SS0856    (4)    3 :  0.564 0.003 0.271 0.013 0.023 0.127 
114 NS_SS0846    (2)    3 :  0.399 0.003 0.037 0.106 0.447 0.010 
115 NS_SS0825    (1)    3 :  0.653 0.007 0.301 0.014 0.008 0.017 
116 NS_SS0757    (3)    3 :  0.062 0.003 0.436 0.053 0.410 0.036 
117 NS_SS0876    (3)    3 :  0.063 0.210 0.374 0.008 0.237 0.109 
118 NS_SS0903   (10)    3 :  0.058 0.002 0.226 0.009 0.673 0.032 
119 NS_SS0875    (7)    3 :  0.051 0.003 0.784 0.020 0.010 0.131 
120 NS_SS0740    (5)    3 :  0.010 0.003 0.020 0.009 0.946 0.012 
121 NS_SS0811    (5)    3 :  0.017 0.011 0.059 0.011 0.010 0.892 
122 NS_SS0751    (1)    3 :  0.508 0.002 0.028 0.217 0.166 0.077 
123 NS_SS0891    (6)    3 :  0.015 0.005 0.032 0.011 0.017 0.920 
124 NS_SS0867    (2)    3 :  0.207 0.023 0.013 0.069 0.679 0.008 
125 NS_SS0890    (6)    3 :  0.020 0.003 0.120 0.035 0.795 0.027 
126 NS_SS0866   (12)    3 :  0.609 0.005 0.209 0.126 0.026 0.025 
127 NS_SS0755    (4)    3 :  0.373 0.007 0.064 0.040 0.046 0.469 
128 NS_SS0758    (4)    3 :  0.020 0.002 0.934 0.012 0.023 0.009 
129 NS_SS0840    (2)    3 :  0.209 0.002 0.254 0.010 0.066 0.459 
130 NS_SS0889    (4)    3 :  0.093 0.002 0.400 0.420 0.051 0.034 
131 NS_SS1010    (1)    3 :  0.466 0.043 0.056 0.056 0.070 0.309 
132 NS_SS0888    (5)    3 :  0.034 0.002 0.256 0.049 0.647 0.011 
133 NS_SS0837    (3)    3 :  0.124 0.002 0.201 0.024 0.511 0.138 
134 NS_SS0794   (10)    3 :  0.010 0.002 0.083 0.875 0.011 0.018 
135 NS_SS0823    (5)    3 :  0.286 0.004 0.528 0.007 0.054 0.122 
136 NS_SS0829    (7)    3 :  0.011 0.129 0.105 0.696 0.045 0.014 
137 NS_SS0844    (5)    3 :  0.274 0.002 0.076 0.008 0.323 0.317 
138 NS_SS1008    (6)    3 :  0.011 0.013 0.099 0.176 0.292 0.409 
139 NS_SS0881    (3)    3 :  0.299 0.003 0.229 0.320 0.103 0.046 
140 NS_SS0834    (6)    3 :  0.176 0.007 0.030 0.018 0.023 0.747 
141 NS_SS0744   (10)    3 :  0.332 0.007 0.503 0.015 0.134 0.010 
142 NS_SS0899    (7)    3 :  0.023 0.002 0.081 0.005 0.017 0.872 
143 NS_SS0804    (5)    3 :  0.418 0.005 0.252 0.007 0.076 0.243 
144 NS_SS0781   (10)    3 :  0.409 0.004 0.386 0.005 0.029 0.167 
145 NS_SS0822    (6)    3 :  0.030 0.002 0.015 0.899 0.041 0.012 
146 NS_SS1004    (4)    3 :  0.415 0.004 0.334 0.067 0.159 0.021 
147 NS_SS0746    (5)    3 :  0.031 0.012 0.801 0.023 0.051 0.082 
148 NS_SS0880    (3)    3 :  0.289 0.002 0.037 0.410 0.161 0.101 
149 NS_SS0879    (5)    3 :  0.104 0.013 0.064 0.020 0.026 0.773 
150 NS_SS0753    (2)    3 :  0.012 0.007 0.017 0.039 0.918 0.007 
151 NS_SS1007    (3)    3 :  0.210 0.002 0.313 0.019 0.435 0.021 
152 NS_SS0872    (5)    3 :  0.444 0.002 0.183 0.029 0.185 0.158 
153 NS_SS1005    (7)    3 :  0.249 0.001 0.511 0.016 0.035 0.189 
154 NS_SS0892    (6)    3 :  0.229 0.002 0.027 0.037 0.594 0.110 
155 NS_SS0898    (0)    3 :  0.038 0.007 0.040 0.873 0.010 0.032 
156 NS_SS0801    (9)    3 :  0.039 0.010 0.624 0.009 0.260 0.058 
157 NS_SS0827    (9)    3 :  0.023 0.132 0.216 0.256 0.168 0.206 
158 NS_SS0853    (7)    3 :  0.007 0.005 0.033 0.008 0.030 0.918 
159 NS_SS0780    (2)    3 :  0.305 0.005 0.336 0.008 0.309 0.037 
160 NS_SS0826   (10)    3 :  0.371 0.003 0.250 0.332 0.019 0.025 
161 NS_SS0818    (5)    3 :  0.842 0.002 0.046 0.030 0.025 0.056 
162 NS_SS0745    (1)    3 :  0.009 0.001 0.006 0.010 0.007 0.965 
163 NS_SS0849    (3)    3 :  0.074 0.002 0.555 0.023 0.295 0.051 
164 NS_SS0739    (3)    3 :  0.540 0.016 0.269 0.032 0.085 0.058 
165 NS_SS0799    (1)    3 :  0.065 0.001 0.249 0.064 0.593 0.028 
166 NS_SS0756    (3)    3 :  0.680 0.004 0.213 0.019 0.034 0.050 
167 NS_SS0802    (2)    3 :  0.186 0.189 0.490 0.014 0.108 0.013 
168 NS_SS0747    (6)    3 :  0.023 0.004 0.060 0.005 0.897 0.010 
169 NS_SS0835    (1)    3 :  0.355 0.001 0.424 0.022 0.191 0.007 
170 NS_SS0742   (19)    3 :  0.673 0.001 0.203 0.013 0.090 0.020 
171 NS_SS0760    (9)    3 :  0.027 0.041 0.432 0.478 0.013 0.009 
172 NS_SS0803    (4)    3 :  0.099 0.008 0.667 0.011 0.123 0.092 
173 NS_SS0828   (14)    3 :  0.014 0.001 0.121 0.142 0.681 0.041 
174 NS_SS0865    (2)    3 :  0.791 0.026 0.012 0.009 0.113 0.048 
175 NS_SS0759    (5)    3 :  0.117 0.005 0.278 0.014 0.351 0.235 
176 NS_SS0851    (5)    3 :  0.008 0.011 0.009 0.009 0.006 0.957 
177 NS_SS0874   (16)    3 :  0.028 0.002 0.084 0.011 0.509 0.367 
178 NS_SS0761    (6)    3 :  0.018 0.003 0.695 0.226 0.040 0.018 
179 NS_SS0842   (26)    3 :  0.026 0.011 0.083 0.457 0.053 0.370 
180 NS_SS0785    (6)    3 :  0.064 0.004 0.365 0.021 0.534 0.011 
181 NS_SS0860   (11)    3 :  0.166 0.002 0.489 0.013 0.320 0.009 
182 NS_SS0897    (7)    3 :  0.012 0.002 0.012 0.948 0.011 0.014 
183 NS_SS0841   (15)    3 :  0.153 0.004 0.174 0.092 0.115 0.461 
184 NS_SS0797    (7)    3 :  0.023 0.031 0.050 0.861 0.017 0.018 
185 NS_SS0830   (11)    3 :  0.125 0.002 0.195 0.253 0.243 0.181 
186 NS_SS1011    (5)    3 :  0.937 0.006 0.018 0.005 0.018 0.017 
187 NS_SS0883    (5)    3 :  0.018 0.005 0.653 0.050 0.261 0.013 
188 NS_SS0782    (2)    3 :  0.008 0.002 0.946 0.019 0.008 0.018 
189 NS_SS0831    (5)    3 :  0.011 0.003 0.845 0.056 0.064 0.022 
190 NS_SS0749    (7)    3 :  0.012 0.004 0.132 0.022 0.820 0.010 
191 NS_SS0854    (2)    3 :  0.040 0.003 0.682 0.028 0.225 0.023 
192 HI_SS0193    (0)    4 :  0.010 0.002 0.006 0.933 0.011 0.037 
193 HI_SS0194    (1)    4 :  0.027 0.002 0.028 0.045 0.068 0.831 
194 HI_SS0195   (10)    4 :  0.367 0.103 0.358 0.011 0.022 0.139 
195 HI_SS0196    (6)    4 :  0.007 0.003 0.760 0.032 0.034 0.165 
196 HI_SS0197    (3)    4 :  0.962 0.009 0.010 0.003 0.007 0.009 
197 HI_SS0198    (1)    4 :  0.091 0.011 0.447 0.055 0.336 0.060 
198 HI_SS0199    (1)    4 :  0.048 0.002 0.308 0.014 0.619 0.008 
199 HI_SS0201    (5)    4 :  0.016 0.002 0.085 0.836 0.051 0.009 
200 HI_SS0215    (1)    4 :  0.051 0.003 0.858 0.012 0.070 0.005 
201 HI_SS0218    (1)    4 :  0.005 0.006 0.021 0.932 0.023 0.013 
202 HI_SS0222    (0)    4 :  0.010 0.004 0.942 0.010 0.014 0.020 
203 HI_SS0230    (1)    4 :  0.319 0.006 0.033 0.014 0.466 0.162 
204 HI_SS0234    (2)    4 :  0.178 0.140 0.570 0.011 0.089 0.011 
205 HI_SS0240    (1)    4 :  0.029 0.008 0.323 0.010 0.443 0.188 
206 HI_SS0241    (0)    4 :  0.412 0.002 0.339 0.129 0.074 0.043 
207 HI_SS0242    (0)    4 :  0.152 0.003 0.300 0.140 0.084 0.321 
208 HI_SS0247    (0)    4 :  0.870 0.021 0.011 0.022 0.018 0.058 
209 HI_SS0248    (1)    4 :  0.007 0.001 0.085 0.752 0.138 0.017 
210 HI_SS0252    (2)    4 :  0.128 0.002 0.547 0.019 0.029 0.274 
211 HI_SS0254    (0)    4 :  0.117 0.094 0.020 0.403 0.355 0.010 
212 HI_SS0256    (0)    4 :  0.370 0.002 0.013 0.003 0.060 0.552 
213 HI_SS0257    (0)    4 :  0.115 0.003 0.167 0.014 0.694 0.006 
214 HI_SS0258    (1)    4 :  0.032 0.006 0.081 0.833 0.031 0.017 
215 HI_SS0259    (1)    4 :  0.804 0.003 0.018 0.008 0.053 0.114 
216 HI_SS0260    (1)    4 :  0.014 0.002 0.111 0.148 0.624 0.103 
217 HI_SS0261    (2)    4 :  0.105 0.003 0.145 0.245 0.448 0.054 
218 HI_SS0262    (0)    4 :  0.669 0.006 0.121 0.014 0.105 0.084 
219 HI_SS0264    (0)    4 :  0.065 0.005 0.016 0.015 0.033 0.867 
220 HI_SS0265    (0)    4 :  0.495 0.101 0.059 0.012 0.147 0.185 
221 HI_SS0268    (1)    4 :  0.068 0.003 0.030 0.721 0.023 0.153 
222 HI_SS0269    (0)    4 :  0.249 0.002 0.419 0.265 0.059 0.007 
223 HI_SS0273    (0)    4 :  0.097 0.002 0.028 0.785 0.064 0.024 
224 HI_SS0277    (1)    4 :  0.942 0.002 0.037 0.008 0.006 0.005 
225 HI_SS0280    (0)    4 :  0.267 0.006 0.307 0.159 0.033 0.228 
226 HI_SS0282    (1)    4 :  0.032 0.001 0.092 0.115 0.752 0.007 
227 HI_SS0286    (1)    4 :  0.070 0.006 0.734 0.021 0.150 0.019 
228 NS_SS1252    (3)    5 :  0.028 0.004 0.612 0.201 0.148 0.008 
229 NS_SS1261    (1)    5 :  0.770 0.017 0.119 0.014 0.057 0.023 
230 NS_SS1225   (10)    5 :  0.078 0.093 0.041 0.078 0.689 0.022 
231 NS_SS1266    (1)    5 :  0.201 0.010 0.029 0.007 0.019 0.733 
232 NS_SS1228    (0)    5 :  0.179 0.017 0.021 0.034 0.178 0.571 
233 NS_SS1255    (3)    5 :  0.016 0.002 0.099 0.074 0.012 0.798 
234 NS_SS1267    (3)    5 :  0.010 0.010 0.291 0.156 0.526 0.006 
235 NS_SS1238    (6)    5 :  0.025 0.003 0.012 0.912 0.012 0.035 
236 NS_SS1233    (8)    5 :  0.012 0.002 0.013 0.552 0.016 0.404 
237 NS_SS1277    (3)    5 :  0.007 0.001 0.015 0.946 0.009 0.022 
238 NS_SS1245    (1)    5 :  0.053 0.001 0.677 0.063 0.177 0.028 
239 NS_SS1240    (4)    5 :  0.016 0.002 0.903 0.053 0.020 0.005 
240 NS_SS1275    (2)    5 :  0.887 0.003 0.010 0.005 0.009 0.085 
241 NS_SS1235    (1)    5 :  0.248 0.006 0.142 0.041 0.404 0.159 
242 NS_SS1263    (1)    5 :  0.013 0.001 0.013 0.013 0.049 0.911 
243 NS_SS1251    (2)    5 :  0.252 0.002 0.300 0.021 0.195 0.230 
244 NS_SS1248    (0)    5 :  0.026 0.108 0.130 0.687 0.007 0.041 
245 NS_SS1244    (0)    5 :  0.543 0.005 0.013 0.409 0.023 0.007 
246 NS_SS1257    (1)    5 :  0.020 0.023 0.709 0.111 0.130 0.008 
247 NS_SS1242    (2)    5 :  0.088 0.003 0.046 0.012 0.014 0.837 
248 NS_SS1271    (6)    5 :  0.014 0.032 0.079 0.833 0.030 0.012 
249 NS_SS1265    (1)    5 :  0.044 0.015 0.769 0.111 0.019 0.042 
250 NS_SS1243    (0)    5 :  0.047 0.093 0.265 0.089 0.022 0.484 
251 NS_SS1273    (1)    5 :  0.064 0.010 0.015 0.012 0.009 0.890 
252 NS_SS1254   (14)    5 :  0.039 0.006 0.060 0.009 0.044 0.841 
253 NS_SS1224    (1)    5 :  0.030 0.008 0.208 0.005 0.339 0.409 
254 NS_SS1227    (8)    5 :  0.131 0.002 0.019 0.024 0.776 0.048 
255 NS_SS1274    (9)    5 :  0.014 0.015 0.056 0.103 0.736 0.075 
256 NS_SS1241    (1)    5 :  0.016 0.001 0.009 0.950 0.014 0.010 
257 NS_SS1256    (3)    5 :  0.204 0.054 0.186 0.441 0.033 0.082 
258 NS_SS1260    (8)    5 :  0.023 0.053 0.339 0.015 0.560 0.011 
259 NS_SS1262    (0)    5 :  0.148 0.177 0.118 0.238 0.255 0.064 
260 NS_SS1230    (0)    5 :  0.025 0.010 0.127 0.777 0.019 0.042 
261 NS_SS1270    (2)    5 :  0.219 0.002 0.524 0.022 0.223 0.010 
262 NS_SS1229    (2)    5 :  0.671 0.004 0.024 0.005 0.282 0.013 
263 NS_SS1246    (5)    5 :  0.396 0.003 0.131 0.174 0.200 0.097 
264 NS_SS1269    (0)    5 :  0.076 0.002 0.773 0.041 0.032 0.076 
265 NS_SS1239    (1)    5 :  0.180 0.005 0.041 0.015 0.677 0.083 
266 NS_SS1272    (5)    5 :  0.830 0.006 0.113 0.013 0.016 0.022 
267 NS_SS1268    (1)    5 :  0.015 0.002 0.020 0.039 0.462 0.462 
268 NS_SS1249    (1)    5 :  0.024 0.013 0.209 0.675 0.058 0.021 
269 HI_SS0559    (0)    6 :  0.006 0.002 0.041 0.048 0.874 0.029 
270 HI_SS0563    (1)    6 :  0.051 0.003 0.493 0.385 0.035 0.032 
271 HI_SS0564    (0)    6 :  0.200 0.060 0.038 0.037 0.564 0.100 
272 HI_SS0565    (0)    6 :  0.471 0.004 0.361 0.027 0.109 0.028 
273 HI_SS0569    (1)    6 :  0.021 0.002 0.191 0.424 0.356 0.006 
274 HI_SS0570    (0)    6 :  0.016 0.041 0.012 0.897 0.019 0.015 
275 HI_SS0572    (1)    6 :  0.049 0.003 0.264 0.004 0.300 0.380 
276 HI_SS0576    (1)    6 :  0.128 0.008 0.138 0.146 0.514 0.067 
277 HI_SS0579    (1)    6 :  0.006 0.012 0.025 0.023 0.925 0.008 
278 HI_SS0580    (1)    6 :  0.022 0.004 0.781 0.033 0.064 0.096 
279 HI_SS0581    (0)    6 :  0.870 0.059 0.017 0.006 0.012 0.035 
280 HI_SS0583    (1)    6 :  0.026 0.003 0.553 0.026 0.086 0.306 
281 HI_SS0586    (1)    6 :  0.010 0.001 0.047 0.866 0.060 0.016 
282 HI_SS0588    (1)    6 :  0.013 0.020 0.562 0.154 0.240 0.012 
283 HI_SS0595    (4)    6 :  0.153 0.031 0.093 0.623 0.079 0.022 
284 HI_SS0596    (0)    6 :  0.013 0.002 0.015 0.013 0.020 0.938 
285 HI_SS0597    (1)    6 :  0.324 0.003 0.490 0.016 0.026 0.141 
286 HI_SS0600    (0)    6 :  0.881 0.003 0.075 0.017 0.015 0.010 
287 HI_SS0601    (1)    6 :  0.026 0.008 0.010 0.010 0.940 0.007 
288 HI_SS0602    (1)    6 :  0.006 0.002 0.271 0.011 0.693 0.016 
289 HI_SS0604    (0)    6 :  0.009 0.002 0.635 0.014 0.269 0.072 
290 HI_SS0605    (1)    6 :  0.008 0.005 0.881 0.007 0.089 0.010 
291 HI_SS0608    (0)    6 :  0.015 0.001 0.018 0.299 0.029 0.638 
292 HI_SS0609    (0)    6 :  0.447 0.001 0.275 0.034 0.021 0.223 
293 HI_SS0611    (5)    6 :  0.022 0.003 0.715 0.047 0.167 0.046 
294 HI_SS0612    (0)    6 :  0.386 0.006 0.125 0.016 0.459 0.008 
295 HI_SS0613    (1)    6 :  0.034 0.002 0.405 0.021 0.343 0.195 
296 HI_SS0615    (1)    6 :  0.129 0.012 0.037 0.011 0.641 0.170 
297 HI_SS0001    (1)    6 :  0.632 0.004 0.226 0.062 0.016 0.059 
298 HI_SS0002    (1)    6 :  0.651 0.027 0.077 0.013 0.102 0.131 
299 HI_SS0004    (0)    6 :  0.013 0.005 0.117 0.398 0.035 0.433 
300 HI_SS0005    (1)    6 :  0.207 0.010 0.145 0.450 0.159 0.029 
301 HI_SS0006    (1)    6 :  0.431 0.001 0.479 0.020 0.061 0.008 
302 HI_SS0007    (1)    6 :  0.008 0.003 0.029 0.932 0.013 0.015 
303 HI_SS0008    (0)    6 :  0.185 0.033 0.080 0.023 0.658 0.021 
304 HI_SS0009    (0)    6 :  0.016 0.005 0.068 0.058 0.119 0.734 
305 HI_SS0010    (1)    6 :  0.052 0.004 0.014 0.803 0.065 0.062 
306 HI_SS0011    (1)    6 :  0.217 0.098 0.032 0.335 0.137 0.181 
307 HI_SS0012    (0)    6 :  0.154 0.005 0.326 0.004 0.485 0.025 
308 HI_SS0017    (1)    6 :  0.007 0.002 0.007 0.020 0.007 0.958 
309 HI_SS0021    (1)    6 :  0.120 0.239 0.367 0.147 0.027 0.099 
310 HI_SS0024    (1)    6 :  0.252 0.002 0.022 0.120 0.026 0.577 
311 HI_SS0025    (1)    6 :  0.006 0.003 0.051 0.006 0.007 0.927 
312 HI_SS0027    (0)    6 :  0.005 0.013 0.027 0.551 0.398 0.006 
313 HI_SS0028    (0)    6 :  0.127 0.002 0.021 0.014 0.273 0.564 
314 HI_SS0029    (1)    6 :  0.017 0.010 0.230 0.022 0.123 0.599 
315 HI_SS0030    (2)    6 :  0.056 0.004 0.041 0.037 0.824 0.037 
316 HI_SS0031    (0)    6 :  0.488 0.003 0.034 0.045 0.416 0.013 
317 HI_SS0034    (0)    6 :  0.010 0.004 0.828 0.069 0.083 0.007 
318 HI_SS0036    (0)    6 :  0.319 0.013 0.132 0.501 0.024 0.012 
319 HI_SS0037    (1)    6 :  0.039 0.006 0.047 0.625 0.020 0.264 
320 HI_SS0039    (0)    6 :  0.134 0.003 0.061 0.507 0.223 0.072 
321 HI_SS0041    (1)    6 :  0.015 0.002 0.016 0.003 0.018 0.947 
322 HI_SS0042    (1)    6 :  0.063 0.103 0.739 0.006 0.012 0.076 
323 HI_SS0043    (1)    6 :  0.076 0.003 0.014 0.852 0.048 0.007 
324 HI_SS0044    (1)    6 :  0.020 0.003 0.015 0.165 0.015 0.782 
325 HI_SS0047    (1)    6 :  0.120 0.002 0.599 0.008 0.238 0.032 
326 HI_SS0049    (1)    6 :  0.020 0.004 0.022 0.053 0.079 0.822 
327 HI_SS0051    (1)    6 :  0.013 0.002 0.854 0.033 0.085 0.012 
328 HI_SS0053    (1)    6 :  0.183 0.004 0.025 0.108 0.666 0.014 
329 HI_SS0054    (4)    6 :  0.018 0.003 0.015 0.877 0.077 0.009 
330 HI_SS0057    (0)    6 :  0.282 0.003 0.072 0.363 0.133 0.147 
331 HI_SS0058    (0)    6 :  0.027 0.006 0.620 0.042 0.087 0.219 
332 HI_SS0060    (0)    6 :  0.117 0.092 0.012 0.696 0.075 0.009 
333 HI_SS0087    (1)    6 :  0.106 0.003 0.600 0.070 0.207 0.015 
334 HI_SS0091    (1)    6 :  0.883 0.001 0.048 0.022 0.038 0.007 
335 HI_SS0095    (1)    6 :  0.052 0.038 0.280 0.007 0.615 0.009 
336 HI_SS0097    (3)    6 :  0.017 0.004 0.099 0.016 0.855 0.009 
337 HI_SS0099    (1)    6 :  0.019 0.005 0.012 0.009 0.010 0.944 
338 HI_SS0103    (0)    6 :  0.715 0.003 0.120 0.008 0.098 0.055 
339 HI_SS0105    (1)    6 :  0.758 0.024 0.061 0.022 0.119 0.016 
340 HI_SS0107    (1)    6 :  0.205 0.001 0.113 0.008 0.063 0.611 
341 HI_SS0108    (1)    6 :  0.008 0.026 0.035 0.906 0.016 0.007 
342 HI_SS0110    (0)    6 :  0.899 0.001 0.023 0.008 0.033 0.037 
343 HI_SS0111    (1)    6 :  0.434 0.036 0.426 0.012 0.070 0.022 
344 HI_SS0112    (0)    6 :  0.005 0.001 0.006 0.975 0.008 0.005 
345 HI_SS0113    (1)    6 :  0.111 0.004 0.622 0.007 0.012 0.244 
346 HI_SS0114    (1)    6 :  0.026 0.005 0.642 0.187 0.130 0.010 
347 HI_SS0115    (1)    6 :  0.008 0.012 0.012 0.022 0.770 0.176 
348 HI_SS0116    (4)    6 :  0.028 0.004 0.542 0.066 0.036 0.324 
349 HI_SS0117    (0)    6 :  0.235 0.002 0.188 0.420 0.136 0.019 
350 HI_SS0118    (0)    6 :  0.112 0.012 0.659 0.051 0.080 0.086 
351 HI_SS0119    (1)    6 :  0.915 0.002 0.036 0.022 0.019 0.005 
352 HI_SS0120    (1)    6 :  0.062 0.003 0.017 0.009 0.009 0.899 
353 HI_SS0121    (0)    6 :  0.746 0.001 0.088 0.005 0.012 0.148 
354 HI_SS0122    (2)    6 :  0.885 0.017 0.014 0.041 0.013 0.030 
355 HI_SS0123    (0)    6 :  0.422 0.004 0.147 0.008 0.385 0.034 
356 HI_SS0124    (1)    6 :  0.027 0.002 0.011 0.010 0.011 0.938 
357 HI_SS0125    (1)    6 :  0.677 0.040 0.134 0.008 0.066 0.075 
358 HI_SS0126    (0)    6 :  0.006 0.001 0.010 0.949 0.006 0.027 
359 HI_SS0127    (0)    6 :  0.007 0.008 0.047 0.057 0.826 0.055 
360 HI_SS0128    (0)    6 :  0.088 0.003 0.044 0.091 0.488 0.285 
361 HI_SS0129    (1)    6 :  0.034 0.010 0.670 0.171 0.044 0.071 
362 HI_SS0131    (2)    6 :  0.010 0.029 0.006 0.939 0.007 0.010 
363 HI_SS0132    (0)    6 :  0.789 0.001 0.050 0.102 0.029 0.029 
364 HI_SS0133    (1)    6 :  0.002 0.001 0.004 0.987 0.003 0.003 
365 HI_SS0134    (1)    6 :  0.372 0.002 0.254 0.118 0.196 0.057 
366 HI_SS0142    (3)    6 :  0.311 0.014 0.102 0.007 0.554 0.012 
367 HI_SS0145    (0)    6 :  0.029 0.001 0.044 0.023 0.888 0.014 
368 HI_SS0146    (1)    6 :  0.010 0.001 0.010 0.955 0.011 0.013 
369 HI_SS0147    (1)    6 :  0.353 0.026 0.443 0.006 0.117 0.055 
370 HI_SS0149    (1)    6 :  0.951 0.003 0.004 0.027 0.008 0.007 
371 HI_SS0150    (2)    6 :  0.074 0.006 0.106 0.057 0.106 0.652 
372 HI_SS0151    (0)    6 :  0.012 0.010 0.378 0.041 0.545 0.014 
373 NS_SS1451    (1)    6 :  0.050 0.004 0.022 0.012 0.033 0.878 
374 NS_SS1404    (0)    6 :  0.063 0.011 0.031 0.011 0.020 0.864 
375 NS_SS1432    (2)    6 :  0.684 0.037 0.018 0.005 0.028 0.227 
376 NS_SS1405    (5)    6 :  0.021 0.004 0.337 0.154 0.023 0.460 
377 NS_SS1431   (10)    6 :  0.231 0.001 0.045 0.020 0.024 0.679 
378 NS_SS1402    (3)    6 :  0.350 0.002 0.089 0.017 0.391 0.151 
379 NS_SS1450    (3)    6 :  0.044 0.004 0.287 0.104 0.473 0.089 
380 NS_SS1396    (0)    6 :  0.666 0.006 0.046 0.059 0.125 0.098 
381 NS_SS1393    (5)    6 :  0.019 0.004 0.504 0.007 0.442 0.025 
382 NS_SS1392   (10)    6 :  0.023 0.020 0.135 0.014 0.017 0.792 
383 NS_SS1445    (0)    6 :  0.059 0.009 0.084 0.032 0.808 0.008 
384 NS_SS1423    (0)    6 :  0.095 0.001 0.026 0.288 0.580 0.010 
385 NS_SS1421    (9)    6 :  0.041 0.082 0.008 0.844 0.011 0.014 
386 NS_SS1411    (6)    6 :  0.015 0.002 0.244 0.677 0.043 0.020 
387 NS_SS1453    (6)    6 :  0.408 0.005 0.279 0.055 0.234 0.019 
388 NS_SS1442    (3)    6 :  0.041 0.003 0.500 0.224 0.175 0.056 
389 NS_SS1422    (1)    6 :  0.319 0.010 0.026 0.015 0.614 0.016 
390 NS_SS1419    (1)    6 :  0.011 0.162 0.085 0.014 0.038 0.690 
391 NS_SS1427    (0)    6 :  0.020 0.002 0.109 0.843 0.017 0.009 
392 NS_SS1444    (4)    6 :  0.012 0.004 0.176 0.016 0.054 0.738 
393 NS_SS1455    (0)    6 :  0.071 0.001 0.183 0.025 0.023 0.696 
394 NS_SS1425    (2)    6 :  0.010 0.001 0.019 0.906 0.060 0.004 
395 NS_SS1400    (0)    6 :  0.011 0.002 0.034 0.900 0.014 0.039 
396 NS_SS1406    (2)    6 :  0.543 0.009 0.071 0.008 0.259 0.110 
397 NS_SS1417    (6)    6 :  0.273 0.008 0.026 0.265 0.011 0.418 
398 NS_SS1454    (3)    6 :  0.145 0.001 0.027 0.294 0.015 0.517 
399 NS_SS1412    (1)    6 :  0.253 0.022 0.297 0.090 0.163 0.176 
400 NS_SS1438    (1)    6 :  0.017 0.001 0.894 0.043 0.035 0.010 
401 NS_SS1416    (4)    6 :  0.100 0.006 0.747 0.006 0.115 0.026 
402 NS_SS1401    (0)    6 :  0.797 0.011 0.051 0.061 0.058 0.022 
403 NS_SS1424    (6)    6 :  0.610 0.011 0.212 0.124 0.036 0.008 
404 NS_SS1435   (10)    6 :  0.062 0.003 0.051 0.792 0.065 0.027 
405 NS_SS1447    (4)    6 :  0.046 0.009 0.087 0.022 0.020 0.816 
406 NS_SS1414    (3)    6 :  0.008 0.008 0.008 0.012 0.006 0.958 
407 NS_SS1449   (14)    6 :  0.681 0.003 0.018 0.022 0.261 0.014 
408 NS_SS1443    (4)    6 :  0.013 0.002 0.018 0.076 0.885 0.005 
409 NS_SS1434    (1)    6 :  0.062 0.001 0.412 0.236 0.061 0.229 
410 NS_SS1398    (1)    6 :  0.011 0.022 0.336 0.102 0.061 0.467 
411 NS_SS1426    (1)    6 :  0.029 0.002 0.052 0.359 0.552 0.007 
412 NS_SS1413    (0)    6 :  0.006 0.010 0.006 0.963 0.008 0.007 
413 NS_SS1395    (1)    6 :  0.093 0.007 0.042 0.015 0.837 0.007 
414 NS_SS1448   (10)    6 :  0.008 0.002 0.014 0.924 0.010 0.042 
415 NS_SS1446    (0)    6 :  0.784 0.003 0.159 0.013 0.017 0.024 
416 NS_SS1403    (2)    6 :  0.766 0.005 0.063 0.007 0.138 0.020 
417 NS_SS1415    (0)    6 :  0.011 0.009 0.017 0.931 0.021 0.010 
418 NS_SS1437    (4)    6 :  0.204 0.009 0.134 0.109 0.178 0.365 
419 NS_SS1439    (2)    6 :  0.236 0.003 0.625 0.004 0.106 0.027 
420 NS_SS1441    (3)    6 :  0.093 0.002 0.284 0.330 0.214 0.077 
421 NS_SS1420    (2)    6 :  0.011 0.004 0.051 0.011 0.018 0.906 
422 NS_SS1394    (2)    6 :  0.015 0.031 0.011 0.009 0.344 0.589 
423 NS_SS1391    (7)    6 :  0.037 0.011 0.085 0.185 0.514 0.167 
424 NS_SS1410    (5)    6 :  0.713 0.013 0.196 0.037 0.010 0.030 
425 NS_SS1408    (1)    6 :  0.088 0.049 0.604 0.025 0.223 0.012 
426 NS_SS1409    (1)    6 :  0.049 0.002 0.825 0.010 0.091 0.023 
427 HI_SS0617    (1)    7 :  0.082 0.001 0.518 0.005 0.355 0.039 
428 HI_SS0618    (2)    7 :  0.018 0.002 0.443 0.011 0.479 0.047 
429 HI_SS0619    (0)    7 :  0.081 0.004 0.025 0.040 0.032 0.818 
430 HI_SS0620    (1)    7 :  0.006 0.003 0.019 0.933 0.028 0.010 
431 HI_SS0621    (3)    7 :  0.080 0.018 0.314 0.013 0.115 0.459 
432 HI_SS0622    (1)    7 :  0.027 0.011 0.034 0.333 0.474 0.120 
433 HI_SS0626    (0)    7 :  0.095 0.010 0.053 0.067 0.095 0.680 
434 HI_SS0627    (0)    7 :  0.756 0.008 0.200 0.010 0.009 0.017 
435 HI_SS0628    (3)    7 :  0.085 0.053 0.323 0.504 0.011 0.024 
436 HI_SS0629    (1)    7 :  0.239 0.006 0.368 0.058 0.282 0.047 
437 HI_SS0630    (1)    7 :  0.013 0.058 0.393 0.436 0.026 0.074 
438 HI_SS0631    (0)    7 :  0.021 0.001 0.020 0.904 0.031 0.023 
439 HI_SS0632    (0)    7 :  0.035 0.004 0.104 0.794 0.022 0.041 
440 HI_SS0633    (0)    7 :  0.006 0.003 0.034 0.004 0.053 0.899 
441 HI_SS0634    (1)    7 :  0.960 0.002 0.016 0.009 0.005 0.008 
442 HI_SS0635    (0)    7 :  0.098 0.010 0.437 0.107 0.070 0.278 
443 HI_SS0637    (1)    7 :  0.030 0.002 0.719 0.005 0.239 0.005 
444 HI_SS0638    (0)    7 :  0.300 0.001 0.120 0.452 0.065 0.062 
445 HI_SS0639    (1)    7 :  0.079 0.045 0.088 0.009 0.610 0.168 
446 HI_SS0640    (1)    7 :  0.016 0.002 0.153 0.036 0.769 0.024 
447 HI_SS0641    (1)    7 :  0.007 0.005 0.772 0.086 0.032 0.099 
448 HI_SS0642    (0)    7 :  0.940 0.002 0.006 0.011 0.032 0.010 
449 HI_SS0645    (0)    7 :  0.027 0.001 0.007 0.026 0.022 0.917 
450 HI_SS0646    (1)    7 :  0.194 0.002 0.143 0.013 0.629 0.019 
451 HI_SS0647    (1)    7 :  0.081 0.001 0.040 0.546 0.018 0.314 
452 HI_SS0648    (0)    7 :  0.037 0.003 0.031 0.057 0.527 0.345 
453 HI_SS0649    (1)    7 :  0.063 0.002 0.640 0.016 0.191 0.088 
454 HI_SS0650    (1)    7 :  0.012 0.004 0.729 0.007 0.209 0.040 
455 HI_SS0651    (1)    7 :  0.011 0.004 0.015 0.009 0.935 0.026 
456 HI_SS0652    (1)    7 :  0.014 0.004 0.152 0.015 0.021 0.794 
457 NS_SS1371    (3)    7 :  0.041 0.006 0.339 0.012 0.592 0.011 
458 NS_SS1374    (0)    7 :  0.401 0.003 0.068 0.373 0.105 0.050 
459 NS_SS1337    (3)    7 :  0.770 0.003 0.093 0.015 0.012 0.107 
460 NS_SS1385    (5)    7 :  0.190 0.005 0.210 0.017 0.382 0.197 
461 NS_SS1388    (0)    7 :  0.053 0.008 0.029 0.025 0.008 0.877 
462 NS_SS1370    (1)    7 :  0.434 0.010 0.360 0.029 0.153 0.014 
463 NS_SS1389    (3)    7 :  0.007 0.003 0.011 0.006 0.005 0.968 
464 NS_SS1360    (1)    7 :  0.011 0.004 0.122 0.219 0.634 0.011 
465 NS_SS1330    (0)    7 :  0.025 0.003 0.626 0.004 0.303 0.038 
466 NS_SS1328    (9)    7 :  0.046 0.003 0.019 0.885 0.019 0.029 
467 NS_SS1384    (1)    7 :  0.020 0.003 0.037 0.021 0.906 0.014 
468 NS_SS1381    (0)    7 :  0.280 0.001 0.144 0.009 0.210 0.355 
469 NS_SS1375    (1)    7 :  0.015 0.001 0.012 0.027 0.022 0.922 
470 NS_SS1319   (11)    7 :  0.359 0.090 0.304 0.043 0.162 0.042 
471 NS_SS1326    (2)    7 :  0.013 0.009 0.016 0.945 0.005 0.012 
472 NS_SS1341    (1)    7 :  0.879 0.005 0.079 0.010 0.021 0.007 
473 NS_SS1383    (2)    7 :  0.663 0.005 0.142 0.090 0.094 0.006 
474 NS_SS1318    (3)    7 :  0.012 0.016 0.617 0.038 0.017 0.300 
475 NS_SS1348    (2)    7 :  0.019 0.001 0.037 0.919 0.017 0.008 
476 NS_SS1363    (0)    7 :  0.330 0.005 0.594 0.032 0.024 0.016 
477 NS_SS1335    (4)    7 :  0.035 0.032 0.019 0.736 0.169 0.010 
478 NS_SS1358    (0)    7 :  0.174 0.013 0.024 0.071 0.712 0.006 
479 NS_SS1342    (1)    7 :  0.538 0.001 0.197 0.026 0.221 0.016 
480 NS_SS1320    (3)    7 :  0.069 0.007 0.051 0.006 0.024 0.842 
481 NS_SS1355    (1)    7 :  0.018 0.010 0.548 0.004 0.218 0.202 
482 NS_SS1345    (1)    7 :  0.079 0.022 0.273 0.053 0.408 0.165 
483 NS_SS1324    (0)    7 :  0.017 0.002 0.305 0.326 0.314 0.035 
484 NS_SS1347    (5)    7 :  0.086 0.003 0.030 0.011 0.861 0.008 
485 NS_SS1321    (4)    7 :  0.830 0.001 0.015 0.031 0.116 0.006 
486 NS_SS1333    (0)    7 :  0.896 0.003 0.039 0.024 0.008 0.030 
487 NS_SS1364    (1)    7 :  0.013 0.003 0.140 0.742 0.080 0.023 
488 NS_SS1379    (0)    7 :  0.134 0.062 0.120 0.024 0.365 0.295 
489 NS_SS1332    (0)    7 :  0.009 0.007 0.016 0.944 0.012 0.012 
490 NS_SS1338    (5)    7 :  0.179 0.007 0.067 0.024 0.706 0.017 
491 NS_SS1368    (6)    7 :  0.155 0.005 0.109 0.694 0.011 0.026 
492 NS_SS1354    (1)    7 :  0.420 0.013 0.223 0.038 0.221 0.085 
493 NS_SS1365    (0)    7 :  0.048 0.012 0.260 0.196 0.053 0.430 
494 NS_SS1380    (1)    7 :  0.030 0.024 0.043 0.005 0.074 0.824 
495 NS_SS1329    (8)    7 :  0.529 0.003 0.191 0.211 0.056 0.010 
496 NS_SS1362    (0)    7 :  0.168 0.004 0.168 0.024 0.612 0.024 
497 NS_SS1327    (2)    7 :  0.009 0.003 0.011 0.962 0.010 0.004 
498 NS_SS1350    (0)    7 :  0.140 0.008 0.361 0.008 0.467 0.015 
499 NS_SS1387    (2)    7 :  0.020 0.003 0.411 0.014 0.459 0.094 
500 NS_SS1369    (8)    7 :  0.017 0.005 0.033 0.921 0.013 0.012 
501 NS_SS1331    (1)    7 :  0.224 0.011 0.020 0.156 0.014 0.576 
502 NS_SS1357    (5)    7 :  0.198 0.003 0.203 0.019 0.546 0.030 
503 NS_SS1386    (1)    7 :  0.014 0.003 0.006 0.968 0.006 0.002 
504 NS_SS1353    (2)    7 :  0.159 0.004 0.041 0.058 0.080 0.659 
505 NS_SS1323    (0)    7 :  0.324 0.064 0.016 0.011 0.513 0.072 
506 HI_SS0296    (0)    8 :  0.021 0.002 0.127 0.415 0.392 0.043 
507 HI_SS0297    (0)    8 :  0.221 0.001 0.104 0.544 0.109 0.021 
508 HI_SS0299    (0)    8 :  0.026 0.027 0.854 0.062 0.021 0.009 
509 HI_SS0300    (0)    8 :  0.031 0.002 0.224 0.397 0.298 0.048 
510 HI_SS0301    (0)    8 :  0.116 0.004 0.543 0.049 0.275 0.013 
511 HI_SS0302    (0)    8 :  0.007 0.018 0.015 0.922 0.027 0.010 
512 HI_SS0303    (0)    8 :  0.013 0.006 0.020 0.936 0.011 0.014 
513 HI_SS0304    (0)    8 :  0.031 0.003 0.031 0.125 0.019 0.791 
514 HI_SS0306    (5)    8 :  0.005 0.003 0.006 0.976 0.006 0.004 
515 HI_SS0307    (1)    8 :  0.047 0.007 0.689 0.004 0.150 0.103 
516 HI_SS0308    (1)    8 :  0.055 0.096 0.094 0.191 0.519 0.043 
517 HI_SS0309    (0)    8 :  0.120 0.003 0.071 0.008 0.623 0.174 
518 HI_SS0310    (0)    8 :  0.008 0.006 0.123 0.327 0.368 0.167 
519 HI_SS0311    (4)    8 :  0.206 0.003 0.037 0.478 0.155 0.121 
520 HI_SS0314    (0)    8 :  0.011 0.002 0.014 0.046 0.098 0.829 
521 HI_SS0316    (1)    8 :  0.082 0.003 0.277 0.019 0.578 0.041 
522 HI_SS0317    (3)    8 :  0.936 0.002 0.019 0.015 0.020 0.008 
523 HI_SS0318    (1)    8 :  0.316 0.199 0.038 0.304 0.140 0.004 
524 HI_SS0319    (0)    8 :  0.014 0.005 0.202 0.721 0.052 0.006 
525 HI_SS0320    (3)    8 :  0.858 0.001 0.047 0.004 0.007 0.082 
526 HI_SS0321    (0)    8 :  0.092 0.002 0.286 0.017 0.599 0.005 
527 HI_SS0323    (1)    8 :  0.041 0.001 0.808 0.024 0.063 0.063 
528 HI_SS0325    (2)    8 :  0.016 0.001 0.069 0.863 0.018 0.032 
529 HI_SS0327    (1)    8 :  0.013 0.001 0.361 0.048 0.572 0.004 
530 HI_SS0329    (1)    8 :  0.024 0.002 0.015 0.052 0.006 0.901 
531 HI_SS0333    (1)    8 :  0.354 0.003 0.336 0.108 0.068 0.132 
532 HI_SS0334    (1)    8 :  0.042 0.001 0.044 0.024 0.879 0.010 
533 HI_SS0335    (1)    8 :  0.015 0.015 0.098 0.006 0.846 0.019 
534 HI_SS0339    (0)    8 :  0.010 0.011 0.252 0.019 0.642 0.066 
535 HI_SS0343    (2)    8 :  0.438 0.002 0.012 0.013 0.459 0.077 
536 HI_SS0344    (1)    8 :  0.011 0.002 0.009 0.961 0.012 0.005 
537 HI_SS0345    (3)    8 :  0.142 0.010 0.035 0.375 0.037 0.401 
538 HI_SS0346    (0)    8 :  0.423 0.004 0.437 0.078 0.028 0.031 
539 HI_SS0350    (1)    8 :  0.018 0.010 0.015 0.005 0.069 0.883 
540 HI_SS0351    (0)    8 :  0.047 0.004 0.080 0.033 0.770 0.067 
541 HI_SS0352    (3)    8 :  0.485 0.117 0.069 0.020 0.060 0.249 
542 HI_SS0362    (0)    8 :  0.029 0.002 0.097 0.771 0.077 0.024 
543 HI_SS0363    (1)    8 :  0.023 0.003 0.390 0.119 0.424 0.040 
544 HI_SS0365    (0)    8 :  0.118 0.004 0.421 0.036 0.315 0.106 
545 HI_SS0366    (0)    8 :  0.040 0.001 0.391 0.173 0.371 0.024 
546 HI_SS0367    (1)    8 :  0.047 0.002 0.086 0.004 0.012 0.848 
547 HI_SS0369    (1)    8 :  0.218 0.002 0.276 0.009 0.045 0.449 
548 HI_SS0370    (0)    8 :  0.105 0.003 0.455 0.014 0.417 0.007 
549 HI_SS0371    (4)    8 :  0.011 0.004 0.046 0.905 0.017 0.017 
550 HI_SS0373    (3)    8 :  0.031 0.013 0.144 0.166 0.083 0.562 
551 HI_SS0374    (0)    8 :  0.087 0.028 0.027 0.013 0.470 0.375 
552 HI_SS0377    (0)    8 :  0.391 0.080 0.017 0.315 0.185 0.013 
553 HI_SS0379    (1)    8 :  0.009 0.001 0.008 0.971 0.010 0.003 
554 HI_SS0380    (1)    8 :  0.018 0.007 0.746 0.011 0.060 0.158 
555 HI_SS0381    (2)    8 :  0.632 0.004 0.291 0.013 0.016 0.043 
556 HI_SS0384    (3)    8 :  0.110 0.009 0.330 0.047 0.061 0.444 
557 HI_SS0385    (1)    8 :  0.009 0.001 0.009 0.729 0.006 0.246 
558 HI_SS0386    (0)    9 :  0.002 0.991 0.002 0.001 0.002 0.002 
559 HI_SS0387    (0)    9 :  0.014 0.939 0.009 0.017 0.012 0.009 
560 HI_SS0389    (2)    9 :  0.005 0.980 0.005 0.003 0.003 0.004 
561 HI_SS0390    (2)    9 :  0.002 0.991 0.002 0.002 0.002 0.002 
562 HI_SS0391    (3)    9 :  0.004 0.986 0.003 0.002 0.002 0.003 
563 HI_SS0392    (0)    9 :  0.002 0.991 0.002 0.002 0.002 0.002 
564 HI_SS0393    (2)    9 :  0.001 0.992 0.001 0.002 0.002 0.001 
565 HI_SS0394    (2)    9 :  0.001 0.992 0.002 0.002 0.002 0.002 
