   NS_SS0963  1 0.1640 0.8308 0.0051 
   NS_SS0983  1 0.9787 0.0174 0.0039 
   NS_SS0719  1 0.8464 0.1487 0.0049 
   NS_SS1001  1 0.2871 0.7067 0.0062 
   NS_SS0936  1 0.2893 0.7084 0.0022 
   NS_SS0955  1 0.9501 0.0467 0.0033 
   NS_SS0944  1 0.9576 0.0407 0.0017 
   NS_SS0945  1 0.1987 0.7928 0.0086 
   NS_SS0922  1 0.0477 0.9258 0.0265 
   NS_SS0929  1 0.8843 0.1130 0.0028 
   NS_SS0956  1 0.0191 0.9778 0.0031 
   NS_SS0906  1 0.3953 0.6014 0.0033 
   NS_SS0721  1 0.2396 0.7557 0.0047 
   NS_SS0982  1 0.0566 0.9283 0.0151 
   NS_SS0923  1 0.1888 0.8074 0.0038 
   NS_SS0905  1 0.8694 0.1288 0.0018 
   NS_SS0925  1 0.1095 0.8866 0.0040 
   NS_SS0947  1 0.0511 0.9448 0.0041 
   NS_SS0926  1 0.9889 0.0100 0.0012 
   NS_SS0918  1 0.0416 0.9563 0.0022 
   NS_SS0966  1 0.1930 0.7628 0.0442 
   NS_SS0938  1 0.0244 0.9743 0.0014 
   NS_SS0917  1 0.6770 0.2844 0.0387 
   NS_SS0957  1 0.0620 0.9323 0.0056 
   NS_SS0987  1 0.0964 0.6694 0.2343 
   NS_SS0717  1 0.0255 0.9720 0.0025 
   NS_SS0986  1 0.0655 0.9315 0.0030 
   NS_SS0953  1 0.0449 0.9405 0.0146 
   NS_SS0907  1 0.3073 0.6536 0.0391 
   NS_SS0974  1 0.8889 0.1074 0.0036 
   NS_SS0989  1 0.9702 0.0289 0.0009 
   NS_SS0991  1 0.9574 0.0407 0.0019 
   NS_SS0994  1 0.9925 0.0059 0.0017 
   NS_SS0931  1 0.9324 0.0575 0.0101 
   NS_SS1000  1 0.0219 0.9750 0.0031 
   NS_SS0919  1 0.9023 0.0946 0.0030 
   NS_SS0949  1 0.9840 0.0146 0.0014 
   NS_SS0960  1 0.9759 0.0186 0.0055 
   NS_SS0716  1 0.0056 0.9891 0.0054 
   NS_SS0924  1 0.9186 0.0650 0.0165 
   NS_SS0935  1 0.9845 0.0072 0.0082 
   NS_SS0952  1 0.9425 0.0263 0.0312 
   NS_SS0962  1 0.0106 0.9832 0.0062 
   NS_SS0973  1 0.8644 0.1313 0.0043 
   NS_SS0722  1 0.0236 0.9744 0.0020 
   NS_SS0979  1 0.1640 0.8340 0.0020 
   NS_SS0993  1 0.1282 0.8552 0.0166 
   NS_SS0958  1 0.9520 0.0454 0.0026 
   NS_SS0988  1 0.1693 0.8266 0.0042 
   NS_SS1003  1 0.0309 0.9619 0.0073 
   NS_SS0976  1 0.9226 0.0754 0.0020 
   NS_SS0964  1 0.0269 0.9709 0.0021 
   NS_SS0939  1 0.0143 0.9809 0.0048 
   NS_SS0990  1 0.1787 0.8183 0.0030 
   NS_SS0984  1 0.0134 0.9847 0.0018 
   NS_SS0980  1 0.5367 0.4612 0.0021 
   NS_SS0978  1 0.6195 0.3775 0.0030 
   NS_SS0951  1 0.7703 0.2268 0.0029 
   NS_SS0913  1 0.1770 0.7866 0.0363 
   NS_SS1002  1 0.0090 0.9609 0.0301 
   NS_SS0948  1 0.1722 0.7889 0.0390 
   NS_SS0916  1 0.7843 0.2111 0.0045 
   NS_SS0995  1 0.1630 0.8345 0.0025 
   NS_SS0927  1 0.6465 0.3477 0.0058 
   NS_SS0992  1 0.8167 0.1806 0.0027 
   NS_SS0912  1 0.5618 0.4355 0.0027 
   NS_SS0981  1 0.1911 0.8061 0.0028 
   NS_SS0729  2 0.9878 0.0091 0.0031 
   NS_SS0967  2 0.2364 0.7543 0.0093 
   NS_SS0941  2 0.4795 0.4389 0.0816 
   NS_SS0768  2 0.0242 0.9718 0.0040 
   NS_SS0726  2 0.9783 0.0158 0.0059 
   NS_SS0763  2 0.9620 0.0356 0.0023 
   NS_SS0730  2 0.0083 0.9892 0.0025 
   NS_SS0774  2 0.0080 0.9912 0.0008 
   NS_SS0723  2 0.0404 0.9580 0.0016 
   NS_SS0940  2 0.8118 0.1815 0.0067 
   NS_SS0762  2 0.0266 0.9705 0.0029 
   NS_SS0766  2 0.6690 0.3172 0.0138 
   NS_SS0724  2 0.0344 0.9617 0.0039 
   NS_SS0769  2 0.0714 0.9254 0.0032 
   NS_SS0777  2 0.4200 0.5680 0.0120 
   NS_SS0734  2 0.7864 0.1868 0.0269 
   NS_SS0737  2 0.0093 0.9868 0.0040 
   NS_SS0732  2 0.1060 0.8896 0.0044 
   NS_SS0728  2 0.1743 0.8159 0.0098 
   NS_SS0735  2 0.0715 0.9220 0.0065 
   NS_SS0725  2 0.0287 0.9654 0.0059 
   NS_SS0788  2 0.3425 0.6561 0.0014 
   NS_SS0778  2 0.3802 0.6185 0.0013 
   NS_SS0792  2 0.3433 0.6511 0.0055 
   NS_SS0943  2 0.9776 0.0158 0.0065 
   NS_SS0791  2 0.7404 0.2401 0.0196 
   NS_SS0790  2 0.0053 0.9915 0.0032 
   NS_SS0731  2 0.0245 0.9657 0.0098 
   NS_SS0727  2 0.9464 0.0516 0.0019 
   NS_SS0779  2 0.2954 0.6992 0.0055 
   NS_SS0776  2 0.5121 0.4805 0.0075 
   NS_SS0775  2 0.0168 0.9775 0.0057 
   NS_SS0965  3 0.1257 0.8727 0.0016 
   NS_SS0754  3 0.9104 0.0781 0.0115 
   NS_SS0838  3 0.1650 0.7987 0.0364 
   NS_SS0839  3 0.0098 0.9868 0.0033 
   NS_SS0832  3 0.0086 0.9559 0.0355 
   NS_SS0820  3 0.0126 0.9820 0.0054 
   NS_SS0886  3 0.8784 0.1198 0.0018 
   NS_SS0748  3 0.6360 0.3562 0.0078 
   NS_SS0884  3 0.2590 0.7217 0.0194 
   NS_SS0752  3 0.4043 0.5938 0.0019 
   NS_SS0862  3 0.0338 0.9628 0.0034 
   NS_SS0787  3 0.9721 0.0222 0.0057 
   NS_SS0843  3 0.3131 0.6852 0.0017 
   NS_SS0856  3 0.0403 0.9567 0.0030 
   NS_SS0846  3 0.6152 0.3819 0.0030 
   NS_SS0825  3 0.0743 0.9173 0.0084 
   NS_SS0757  3 0.8070 0.1892 0.0038 
   NS_SS0876  3 0.0427 0.7445 0.2128 
   NS_SS0903  3 0.1138 0.8838 0.0024 
   NS_SS0875  3 0.0842 0.9132 0.0027 
   NS_SS0740  3 0.8172 0.1795 0.0033 
   NS_SS0811  3 0.0405 0.9507 0.0088 
   NS_SS0751  3 0.1069 0.8911 0.0020 
   NS_SS0891  3 0.0246 0.9710 0.0043 
   NS_SS0867  3 0.9028 0.0708 0.0264 
   NS_SS0890  3 0.8479 0.1485 0.0036 
   NS_SS0866  3 0.9364 0.0580 0.0056 
   NS_SS0755  3 0.5928 0.4001 0.0071 
   NS_SS0758  3 0.2422 0.7560 0.0018 
   NS_SS0840  3 0.0080 0.9900 0.0020 
   NS_SS0889  3 0.8551 0.1428 0.0021 
   NS_SS1010  3 0.1096 0.8577 0.0327 
   NS_SS0888  3 0.9911 0.0074 0.0015 
   NS_SS0837  3 0.2413 0.7560 0.0027 
   NS_SS0794  3 0.9738 0.0244 0.0018 
   NS_SS0823  3 0.0284 0.9680 0.0036 
   NS_SS0829  3 0.8899 0.0126 0.0975 
   NS_SS0844  3 0.0130 0.9854 0.0015 
   NS_SS1008  3 0.8961 0.0940 0.0099 
   NS_SS0881  3 0.7527 0.2448 0.0025 
   NS_SS0834  3 0.0234 0.9712 0.0054 
   NS_SS0744  3 0.5518 0.4420 0.0062 
   NS_SS0899  3 0.0076 0.9911 0.0013 
   NS_SS0804  3 0.0081 0.9884 0.0035 
   NS_SS0781  3 0.0056 0.9917 0.0027 
   NS_SS0822  3 0.9234 0.0747 0.0019 
   NS_SS1004  3 0.5909 0.4053 0.0038 
   NS_SS0746  3 0.7085 0.2764 0.0151 
   NS_SS0880  3 0.3565 0.6420 0.0016 
   NS_SS0879  3 0.0551 0.9346 0.0103 
   NS_SS0753  3 0.9811 0.0106 0.0083 
   NS_SS1007  3 0.4228 0.5755 0.0017 
   NS_SS0872  3 0.0137 0.9843 0.0021 
   NS_SS1005  3 0.0257 0.9732 0.0011 
   NS_SS0892  3 0.3077 0.6905 0.0018 
   NS_SS0898  3 0.8640 0.1303 0.0057 
   NS_SS0801  3 0.1499 0.8399 0.0102 
   NS_SS0827  3 0.4173 0.4677 0.1151 
   NS_SS0853  3 0.1665 0.8282 0.0053 
   NS_SS0780  3 0.0510 0.9454 0.0037 
   NS_SS0826  3 0.3447 0.6517 0.0036 
   NS_SS0818  3 0.0839 0.9148 0.0014 
   NS_SS0745  3 0.0082 0.9906 0.0012 
   NS_SS0849  3 0.1073 0.8910 0.0017 
   NS_SS0739  3 0.0832 0.9057 0.0112 
   NS_SS0799  3 0.9810 0.0179 0.0011 
   NS_SS0756  3 0.0087 0.9880 0.0033 
   NS_SS0802  3 0.3749 0.4198 0.2054 
   NS_SS0747  3 0.7249 0.2690 0.0061 
   NS_SS0835  3 0.9842 0.0146 0.0011 
   NS_SS0742  3 0.1482 0.8506 0.0012 
   NS_SS0760  3 0.9447 0.0156 0.0398 
   NS_SS0803  3 0.0169 0.9767 0.0063 
   NS_SS0828  3 0.9089 0.0899 0.0012 
   NS_SS0865  3 0.3095 0.6635 0.0270 
   NS_SS0759  3 0.0145 0.9823 0.0032 
   NS_SS0851  3 0.0049 0.9858 0.0094 
   NS_SS0874  3 0.0235 0.9751 0.0014 
   NS_SS0761  3 0.9580 0.0397 0.0023 
   NS_SS0842  3 0.8108 0.1806 0.0085 
   NS_SS0785  3 0.7553 0.2391 0.0056 
   NS_SS0860  3 0.9479 0.0497 0.0024 
   NS_SS0897  3 0.9857 0.0127 0.0015 
   NS_SS0841  3 0.0185 0.9780 0.0035 
   NS_SS0797  3 0.8851 0.0909 0.0240 
   NS_SS0830  3 0.6879 0.3101 0.0020 
   NS_SS1011  3 0.0182 0.9771 0.0047 
   NS_SS0883  3 0.9020 0.0923 0.0057 
   NS_SS0782  3 0.1655 0.8325 0.0020 
   NS_SS0831  3 0.9733 0.0236 0.0031 
   NS_SS0749  3 0.9207 0.0754 0.0040 
   NS_SS0854  3 0.8543 0.1429 0.0027 
   HI_SS0193  4 0.9776 0.0211 0.0013 
   HI_SS0194  4 0.0309 0.9676 0.0015 
   HI_SS0195  4 0.0061 0.9200 0.0739 
   HI_SS0196  4 0.5383 0.4591 0.0026 
   HI_SS0197  4 0.0130 0.9772 0.0098 
   HI_SS0198  4 0.4112 0.5799 0.0089 
   HI_SS0199  4 0.9454 0.0525 0.0021 
   HI_SS0201  4 0.9885 0.0096 0.0019 
   HI_SS0215  4 0.9221 0.0750 0.0028 
   HI_SS0218  4 0.9896 0.0056 0.0048 
   HI_SS0222  4 0.0416 0.9546 0.0038 
   HI_SS0230  4 0.0407 0.9547 0.0046 
   HI_SS0234  4 0.3312 0.5093 0.1595 
   HI_SS0240  4 0.1980 0.7952 0.0067 
   HI_SS0241  4 0.9820 0.0160 0.0020 
   HI_SS0242  4 0.6541 0.3430 0.0029 
   HI_SS0247  4 0.0204 0.9634 0.0162 
   HI_SS0248  4 0.9925 0.0068 0.0007 
   HI_SS0252  4 0.0357 0.9624 0.0019 
   HI_SS0254  4 0.9145 0.0108 0.0747 
   HI_SS0256  4 0.0052 0.9936 0.0012 
   HI_SS0257  4 0.9814 0.0156 0.0030 
   HI_SS0258  4 0.9830 0.0128 0.0042 
   HI_SS0259  4 0.0492 0.9484 0.0024 
   HI_SS0260  4 0.9641 0.0344 0.0014 
   HI_SS0261  4 0.9599 0.0372 0.0030 
   HI_SS0262  4 0.0302 0.9640 0.0058 
   HI_SS0264  4 0.0132 0.9832 0.0036 
   HI_SS0265  4 0.0739 0.8386 0.0875 
   HI_SS0268  4 0.0506 0.9466 0.0028 
   HI_SS0269  4 0.9906 0.0079 0.0015 
   HI_SS0273  4 0.9706 0.0278 0.0016 
   HI_SS0277  4 0.1945 0.8029 0.0026 
   HI_SS0280  4 0.4750 0.5199 0.0051 
   HI_SS0282  4 0.9607 0.0382 0.0011 
   HI_SS0286  4 0.5397 0.4523 0.0081 
   NS_SS1252  5 0.9845 0.0125 0.0030 
   NS_SS1261  5 0.0953 0.8901 0.0146 
   NS_SS1225  5 0.7522 0.1465 0.1012 
   NS_SS1266  5 0.0074 0.9857 0.0069 
   NS_SS1228  5 0.0437 0.9443 0.0120 
   NS_SS1255  5 0.1515 0.8471 0.0014 
   NS_SS1267  5 0.9845 0.0052 0.0102 
   NS_SS1238  5 0.2104 0.7875 0.0022 
   NS_SS1233  5 0.0889 0.9091 0.0020 
   NS_SS1277  5 0.9866 0.0126 0.0008 
   NS_SS1245  5 0.9221 0.0764 0.0015 
   NS_SS1240  5 0.9795 0.0188 0.0017 
   NS_SS1275  5 0.0068 0.9910 0.0023 
   NS_SS1235  5 0.5669 0.4277 0.0054 
   NS_SS1263  5 0.0825 0.9164 0.0010 
   NS_SS1251  5 0.1158 0.8828 0.0014 
   NS_SS1248  5 0.2028 0.7053 0.0919 
   NS_SS1244  5 0.8174 0.1777 0.0050 
   NS_SS1257  5 0.9273 0.0456 0.0270 
   NS_SS1242  5 0.0057 0.9923 0.0019 
   NS_SS1271  5 0.9670 0.0093 0.0238 
   NS_SS1265  5 0.6560 0.3249 0.0191 
   NS_SS1243  5 0.0504 0.8783 0.0712 
   NS_SS1273  5 0.0118 0.9798 0.0084 
   NS_SS1254  5 0.3934 0.6004 0.0062 
   NS_SS1224  5 0.0238 0.9695 0.0066 
   NS_SS1227  5 0.9891 0.0092 0.0016 
   NS_SS1274  5 0.9168 0.0659 0.0174 
   NS_SS1241  5 0.9801 0.0189 0.0010 
   NS_SS1256  5 0.2632 0.7008 0.0360 
   NS_SS1260  5 0.8520 0.0779 0.0702 
   NS_SS1262  5 0.7633 0.0662 0.1706 
   NS_SS1230  5 0.8679 0.1255 0.0066 
   NS_SS1270  5 0.0587 0.9396 0.0017 
   NS_SS1229  5 0.0882 0.9078 0.0040 
   NS_SS1246  5 0.9502 0.0466 0.0031 
   NS_SS1269  5 0.2091 0.7890 0.0020 
   NS_SS1239  5 0.1482 0.8475 0.0044 
   NS_SS1272  5 0.0386 0.9560 0.0053 
   NS_SS1268  5 0.1885 0.8095 0.0019 
   NS_SS1249  5 0.9807 0.0091 0.0102 
   HI_SS0559  6 0.8988 0.0996 0.0017 
   HI_SS0563  6 0.3834 0.6142 0.0024 
   HI_SS0564  6 0.2389 0.7077 0.0535 
   HI_SS0565  6 0.6750 0.3217 0.0033 
   HI_SS0569  6 0.9800 0.0180 0.0020 
   HI_SS0570  6 0.9517 0.0163 0.0320 
   HI_SS0572  6 0.0597 0.9382 0.0021 
   HI_SS0576  6 0.1607 0.8332 0.0061 
   HI_SS0579  6 0.9491 0.0374 0.0136 
   HI_SS0580  6 0.7793 0.2170 0.0037 
   HI_SS0581  6 0.0203 0.9221 0.0576 
   HI_SS0583  6 0.5549 0.4427 0.0024 
   HI_SS0586  6 0.9878 0.0113 0.0010 
   HI_SS0588  6 0.9476 0.0357 0.0166 
   HI_SS0595  6 0.9023 0.0723 0.0254 
   HI_SS0596  6 0.0284 0.9698 0.0018 
   HI_SS0597  6 0.0147 0.9836 0.0017 
   HI_SS0600  6 0.6784 0.3186 0.0030 
   HI_SS0601  6 0.9054 0.0829 0.0117 
   HI_SS0602  6 0.9221 0.0758 0.0021 
   HI_SS0604  6 0.2944 0.7041 0.0015 
   HI_SS0605  6 0.8087 0.1841 0.0072 
   HI_SS0608  6 0.8029 0.1961 0.0010 
   HI_SS0609  6 0.0392 0.9601 0.0007 
   HI_SS0611  6 0.9521 0.0453 0.0026 
   HI_SS0612  6 0.8202 0.1719 0.0079 
   HI_SS0613  6 0.1547 0.8438 0.0015 
   HI_SS0615  6 0.0657 0.9260 0.0084 
   HI_SS0001  6 0.8245 0.1714 0.0041 
   HI_SS0002  6 0.0406 0.9382 0.0213 
   HI_SS0004  6 0.8889 0.1058 0.0054 
   HI_SS0005  6 0.3178 0.6755 0.0066 
   HI_SS0006  6 0.4519 0.5467 0.0015 
   HI_SS0007  6 0.9838 0.0141 0.0020 
   HI_SS0008  6 0.6786 0.2782 0.0432 
   HI_SS0009  6 0.1321 0.8638 0.0041 
   HI_SS0010  6 0.9634 0.0334 0.0032 
   HI_SS0011  6 0.0728 0.8446 0.0826 
   HI_SS0012  6 0.0356 0.9594 0.0051 
   HI_SS0017  6 0.0431 0.9552 0.0018 
   HI_SS0021  6 0.3946 0.3665 0.2389 
   HI_SS0024  6 0.0487 0.9496 0.0017 
   HI_SS0025  6 0.0198 0.9775 0.0027 
   HI_SS0027  6 0.9750 0.0138 0.0112 
   HI_SS0028  6 0.0097 0.9889 0.0015 
   HI_SS0029  6 0.1116 0.8815 0.0068 
   HI_SS0030  6 0.9643 0.0307 0.0050 
   HI_SS0031  6 0.7169 0.2791 0.0040 
   HI_SS0034  6 0.9875 0.0083 0.0042 
   HI_SS0036  6 0.9780 0.0112 0.0107 
   HI_SS0037  6 0.7640 0.2319 0.0042 
   HI_SS0039  6 0.9587 0.0384 0.0029 
   HI_SS0041  6 0.0161 0.9824 0.0015 
   HI_SS0042  6 0.0695 0.8188 0.1117 
   HI_SS0043  6 0.9892 0.0079 0.0029 
   HI_SS0044  6 0.2595 0.7380 0.0025 
   HI_SS0047  6 0.0928 0.9053 0.0019 
   HI_SS0049  6 0.1520 0.8442 0.0038 
   HI_SS0051  6 0.2202 0.7775 0.0023 
   HI_SS0053  6 0.9882 0.0073 0.0045 
   HI_SS0054  6 0.9910 0.0062 0.0028 
   HI_SS0057  6 0.5472 0.4496 0.0031 
   HI_SS0058  6 0.7035 0.2900 0.0066 
   HI_SS0060  6 0.8492 0.0631 0.0877 
   HI_SS0087  6 0.3868 0.6108 0.0024 
   HI_SS0091  6 0.9845 0.0144 0.0011 
   HI_SS0095  6 0.7579 0.1848 0.0573 
   HI_SS0097  6 0.3993 0.5967 0.0040 
   HI_SS0099  6 0.0306 0.9660 0.0035 
   HI_SS0103  6 0.0833 0.9139 0.0028 
   HI_SS0105  6 0.0681 0.9135 0.0184 
   HI_SS0107  6 0.0123 0.9868 0.0009 
   HI_SS0108  6 0.9768 0.0070 0.0162 
   HI_SS0110  6 0.6925 0.3063 0.0011 
   HI_SS0111  6 0.0785 0.8971 0.0244 
   HI_SS0112  6 0.9931 0.0057 0.0012 
   HI_SS0113  6 0.0089 0.9883 0.0028 
   HI_SS0114  6 0.9596 0.0362 0.0042 
   HI_SS0115  6 0.7364 0.2487 0.0148 
   HI_SS0116  6 0.8675 0.1294 0.0031 
   HI_SS0117  6 0.8890 0.1090 0.0021 
   HI_SS0118  6 0.6368 0.3521 0.0111 
   HI_SS0119  6 0.9503 0.0480 0.0018 
   HI_SS0120  6 0.0085 0.9889 0.0026 
   HI_SS0121  6 0.0088 0.9900 0.0012 
   HI_SS0122  6 0.0940 0.8864 0.0196 
   HI_SS0123  6 0.2962 0.6993 0.0045 
   HI_SS0124  6 0.0191 0.9784 0.0025 
   HI_SS0125  6 0.0364 0.9303 0.0334 
   HI_SS0126  6 0.9911 0.0081 0.0008 
   HI_SS0127  6 0.7994 0.1902 0.0104 
   HI_SS0128  6 0.4255 0.5718 0.0027 
   HI_SS0129  6 0.6325 0.3560 0.0115 
   HI_SS0131  6 0.5704 0.3906 0.0390 
   HI_SS0132  6 0.7711 0.2283 0.0006 
   HI_SS0133  6 0.9935 0.0053 0.0012 
   HI_SS0134  6 0.7359 0.2623 0.0018 
   HI_SS0142  6 0.1253 0.8590 0.0157 
   HI_SS0145  6 0.8997 0.0990 0.0013 
   HI_SS0146  6 0.9714 0.0276 0.0011 
   HI_SS0147  6 0.0083 0.9749 0.0168 
   HI_SS0149  6 0.5070 0.4888 0.0042 
   HI_SS0150  6 0.0249 0.9712 0.0039 
   HI_SS0151  6 0.7783 0.2086 0.0131 
   NS_SS1451  6 0.0140 0.9835 0.0025 
   NS_SS1404  6 0.0252 0.9658 0.0090 
   NS_SS1432  6 0.0096 0.9598 0.0305 
   NS_SS1405  6 0.0958 0.9012 0.0030 
   NS_SS1431  6 0.0222 0.9770 0.0008 
   NS_SS1402  6 0.1252 0.8725 0.0023 
   NS_SS1450  6 0.9057 0.0901 0.0042 
   NS_SS1396  6 0.0302 0.9647 0.0050 
   NS_SS1393  6 0.3620 0.6345 0.0035 
   NS_SS1392  6 0.0817 0.9020 0.0163 
   NS_SS1445  6 0.9330 0.0579 0.0092 
   NS_SS1423  6 0.9674 0.0311 0.0015 
   NS_SS1421  6 0.7220 0.1842 0.0938 
   NS_SS1411  6 0.9520 0.0468 0.0013 
   NS_SS1453  6 0.7849 0.2093 0.0058 
   NS_SS1442  6 0.2388 0.7576 0.0037 
   NS_SS1422  6 0.7498 0.2386 0.0116 
   NS_SS1419  6 0.0680 0.7680 0.1641 
   NS_SS1427  6 0.9919 0.0064 0.0018 
   NS_SS1444  6 0.0270 0.9700 0.0030 
   NS_SS1455  6 0.0072 0.9917 0.0011 
   NS_SS1425  6 0.9873 0.0112 0.0016 
   NS_SS1400  6 0.9157 0.0830 0.0013 
   NS_SS1406  6 0.0140 0.9786 0.0073 
   NS_SS1417  6 0.1269 0.8668 0.0064 
   NS_SS1454  6 0.4278 0.5711 0.0011 
   NS_SS1412  6 0.6072 0.3700 0.0228 
   NS_SS1438  6 0.9810 0.0175 0.0015 
   NS_SS1416  6 0.0136 0.9819 0.0045 
   NS_SS1401  6 0.0991 0.8905 0.0104 
   NS_SS1424  6 0.5855 0.4017 0.0128 
   NS_SS1435  6 0.7553 0.2422 0.0024 
   NS_SS1447  6 0.0097 0.9852 0.0051 
   NS_SS1414  6 0.0144 0.9796 0.0060 
   NS_SS1449  6 0.5024 0.4933 0.0043 
   NS_SS1443  6 0.9916 0.0066 0.0017 
   NS_SS1434  6 0.8226 0.1767 0.0007 
   NS_SS1398  6 0.4879 0.4894 0.0227 
   NS_SS1426  6 0.9869 0.0114 0.0018 
   NS_SS1413  6 0.9828 0.0094 0.0078 
   NS_SS1395  6 0.9679 0.0224 0.0097 
   NS_SS1448  6 0.8870 0.1113 0.0016 
   NS_SS1446  6 0.3571 0.6402 0.0027 
   NS_SS1403  6 0.2036 0.7910 0.0054 
   NS_SS1415  6 0.9781 0.0136 0.0083 
   NS_SS1437  6 0.2750 0.7180 0.0070 
   NS_SS1439  6 0.1020 0.8955 0.0025 
   NS_SS1441  6 0.9686 0.0292 0.0022 
   NS_SS1420  6 0.0137 0.9835 0.0028 
   NS_SS1394  6 0.0519 0.9131 0.0350 
   NS_SS1391  6 0.8121 0.1765 0.0114 
   NS_SS1410  6 0.3359 0.6510 0.0131 
   NS_SS1408  6 0.5442 0.4021 0.0538 
   NS_SS1409  6 0.2714 0.7265 0.0021 
   HI_SS0617  7 0.5690 0.4299 0.0010 
   HI_SS0618  7 0.0988 0.8988 0.0024 
   HI_SS0619  7 0.2486 0.7487 0.0027 
   HI_SS0620  7 0.9910 0.0068 0.0022 
   HI_SS0621  7 0.0464 0.9420 0.0116 
   HI_SS0622  7 0.5585 0.4320 0.0095 
   HI_SS0626  7 0.3011 0.6902 0.0087 
   HI_SS0627  7 0.0107 0.9836 0.0057 
   HI_SS0628  7 0.3892 0.5580 0.0529 
   HI_SS0629  7 0.4045 0.5900 0.0055 
   HI_SS0630  7 0.8087 0.1396 0.0517 
   HI_SS0631  7 0.9811 0.0181 0.0008 
   HI_SS0632  7 0.5105 0.4865 0.0030 
   HI_SS0633  7 0.0111 0.9863 0.0027 
   HI_SS0634  7 0.1658 0.8323 0.0019 
   HI_SS0635  7 0.0696 0.9230 0.0074 
   HI_SS0637  7 0.1994 0.7976 0.0030 
   HI_SS0638  7 0.5152 0.4836 0.0012 
   HI_SS0639  7 0.0196 0.9480 0.0324 
   HI_SS0640  7 0.9176 0.0804 0.0020 
   HI_SS0641  7 0.9486 0.0466 0.0048 
   HI_SS0642  7 0.3660 0.6320 0.0020 
   HI_SS0645  7 0.0167 0.9824 0.0009 
   HI_SS0646  7 0.5649 0.4323 0.0027 
   HI_SS0647  7 0.5742 0.4247 0.0011 
   HI_SS0648  7 0.7915 0.2057 0.0027 
   HI_SS0649  7 0.1738 0.8244 0.0018 
   HI_SS0650  7 0.0949 0.9016 0.0035 
   HI_SS0651  7 0.9038 0.0925 0.0037 
   HI_SS0652  7 0.0214 0.9753 0.0033 
   NS_SS1371  7 0.9632 0.0302 0.0066 
   NS_SS1374  7 0.9064 0.0913 0.0024 
   NS_SS1337  7 0.0197 0.9776 0.0027 
   NS_SS1385  7 0.2657 0.7301 0.0042 
   NS_SS1388  7 0.0883 0.9064 0.0052 
   NS_SS1370  7 0.1894 0.8018 0.0088 
   NS_SS1389  7 0.0388 0.9578 0.0034 
   NS_SS1360  7 0.9606 0.0353 0.0042 
   NS_SS1330  7 0.0142 0.9829 0.0029 
   NS_SS1328  7 0.9648 0.0333 0.0019 
   NS_SS1384  7 0.9452 0.0515 0.0032 
   NS_SS1381  7 0.0222 0.9770 0.0008 
   NS_SS1375  7 0.0325 0.9664 0.0012 
   NS_SS1319  7 0.5879 0.3133 0.0988 
   NS_SS1326  7 0.9571 0.0337 0.0092 
   NS_SS1341  7 0.5886 0.4068 0.0047 
   NS_SS1383  7 0.5622 0.4336 0.0043 
   NS_SS1318  7 0.1092 0.8781 0.0127 
   NS_SS1348  7 0.9916 0.0072 0.0012 
   NS_SS1363  7 0.1018 0.8938 0.0044 
   NS_SS1335  7 0.9631 0.0148 0.0222 
   NS_SS1358  7 0.8722 0.1133 0.0145 
   NS_SS1342  7 0.8771 0.1216 0.0013 
   NS_SS1320  7 0.0095 0.9854 0.0051 
   NS_SS1355  7 0.0319 0.9574 0.0107 
   NS_SS1345  7 0.4252 0.5566 0.0182 
   NS_SS1324  7 0.9307 0.0670 0.0023 
   NS_SS1347  7 0.9488 0.0476 0.0036 
   NS_SS1321  7 0.6697 0.3289 0.0014 
   NS_SS1333  7 0.5902 0.4065 0.0033 
   NS_SS1364  7 0.9177 0.0805 0.0018 
   NS_SS1379  7 0.1410 0.8103 0.0486 
   NS_SS1332  7 0.9872 0.0087 0.0042 
   NS_SS1338  7 0.8637 0.1287 0.0077 
   NS_SS1368  7 0.8412 0.1543 0.0045 
   NS_SS1354  7 0.0636 0.9266 0.0098 
   NS_SS1365  7 0.1680 0.8241 0.0078 
   NS_SS1380  7 0.0147 0.9691 0.0162 
   NS_SS1329  7 0.8456 0.1514 0.0031 
   NS_SS1362  7 0.4750 0.5205 0.0045 
   NS_SS1327  7 0.9930 0.0043 0.0027 
   NS_SS1350  7 0.9374 0.0520 0.0106 
   NS_SS1387  7 0.0356 0.9620 0.0024 
   NS_SS1369  7 0.9591 0.0374 0.0034 
   NS_SS1331  7 0.1144 0.8767 0.0089 
   NS_SS1357  7 0.7438 0.2528 0.0034 
   NS_SS1386  7 0.9905 0.0070 0.0025 
   NS_SS1353  7 0.0690 0.9278 0.0032 
   NS_SS1323  7 0.1023 0.8284 0.0692 
   HI_SS0296  8 0.9661 0.0323 0.0016 
   HI_SS0297  8 0.5421 0.4571 0.0008 
   HI_SS0299  8 0.5881 0.3780 0.0340 
   HI_SS0300  8 0.7728 0.2260 0.0011 
   HI_SS0301  8 0.3464 0.6499 0.0037 
   HI_SS0302  8 0.9571 0.0256 0.0174 
   HI_SS0303  8 0.9793 0.0154 0.0053 
   HI_SS0304  8 0.0249 0.9732 0.0019 
   HI_SS0306  8 0.9874 0.0096 0.0030 
   HI_SS0307  8 0.0197 0.9737 0.0066 
   HI_SS0308  8 0.3835 0.5426 0.0739 
   HI_SS0309  8 0.1395 0.8578 0.0026 
   HI_SS0310  8 0.2850 0.7083 0.0067 
   HI_SS0311  8 0.2544 0.7438 0.0018 
   HI_SS0314  8 0.7646 0.2340 0.0014 
   HI_SS0316  8 0.8882 0.1080 0.0038 
   HI_SS0317  8 0.2447 0.7534 0.0019 
   HI_SS0318  8 0.7831 0.0188 0.1980 
   HI_SS0319  8 0.9903 0.0053 0.0044 
   HI_SS0320  8 0.0148 0.9843 0.0009 
   HI_SS0321  8 0.9456 0.0527 0.0017 
   HI_SS0323  8 0.5050 0.4936 0.0014 
   HI_SS0325  8 0.9227 0.0755 0.0018 
   HI_SS0327  8 0.9905 0.0083 0.0012 
   HI_SS0329  8 0.1008 0.8979 0.0013 
   HI_SS0333  8 0.1724 0.8255 0.0021 
   HI_SS0334  8 0.9687 0.0301 0.0012 
   HI_SS0335  8 0.0949 0.8843 0.0209 
   HI_SS0339  8 0.0550 0.9344 0.0106 
   HI_SS0343  8 0.0947 0.9036 0.0017 
   HI_SS0344  8 0.9929 0.0045 0.0026 
   HI_SS0345  8 0.1213 0.8719 0.0068 
   HI_SS0346  8 0.2086 0.7871 0.0043 
   HI_SS0350  8 0.0082 0.9848 0.0071 
   HI_SS0351  8 0.2052 0.7917 0.0031 
   HI_SS0352  8 0.0413 0.8778 0.0809 
   HI_SS0362  8 0.9221 0.0758 0.0021 
   HI_SS0363  8 0.9865 0.0104 0.0030 
   HI_SS0365  8 0.9423 0.0538 0.0039 
   HI_SS0366  8 0.9757 0.0228 0.0015 
   HI_SS0367  8 0.0081 0.9901 0.0018 
   HI_SS0369  8 0.0186 0.9791 0.0023 
   HI_SS0370  8 0.8407 0.1563 0.0030 
   HI_SS0371  8 0.9295 0.0665 0.0040 
   HI_SS0373  8 0.3255 0.6649 0.0096 
   HI_SS0374  8 0.0170 0.9627 0.0203 
   HI_SS0377  8 0.8757 0.0415 0.0828 
   HI_SS0379  8 0.9957 0.0034 0.0009 
   HI_SS0380  8 0.0463 0.9475 0.0062 
   HI_SS0381  8 0.0128 0.9839 0.0032 
   HI_SS0384  8 0.8566 0.1364 0.0070 
   HI_SS0385  8 0.5187 0.4802 0.0012 
   HI_SS0386  9 0.0012 0.0014 0.9974 
   HI_SS0387  9 0.0122 0.0113 0.9765 
   HI_SS0389  9 0.0032 0.0031 0.9937 
   HI_SS0390  9 0.0018 0.0016 0.9965 
   HI_SS0391  9 0.0024 0.0026 0.9951 
   HI_SS0392  9 0.0015 0.0015 0.9970 
   HI_SS0393  9 0.0016 0.0013 0.9971 
   HI_SS0394  9 0.0013 0.0017 0.9970 
   HI_SS0395  9 0.0034 0.0035 0.9931 
   HI_SS0396  9 0.0068 0.0114 0.9818 
   HI_SS0398  9 0.0055 0.0060 0.9885 
   HI_SS0399  9 0.0011 0.0010 0.9979 
   HI_SS0400  9 0.0018 0.0021 0.9961 
   HI_SS0401  9 0.0015 0.0014 0.9971 
   HI_SS0402  9 0.0014 0.0014 0.9972 
   HI_SS0403  9 0.0014 0.0015 0.9971 
   HI_SS0404  9 0.0011 0.0012 0.9977 
   HI_SS0405  9 0.0147 0.0210 0.9643 
   HI_SS0406  9 0.0020 0.0017 0.9963 
   HI_SS0407  9 0.0068 0.0074 0.9858 
   HI_SS0408  9 0.0010 0.0013 0.9978 
   HI_SS0409  9 0.0027 0.0025 0.9948 
   HI_SS0411  9 0.0021 0.0025 0.9954 
   HI_SS0412  9 0.0861 0.0997 0.8142 
   HI_SS0413  9 0.0018 0.0021 0.9961 
   HI_SS0414  9 0.0117 0.0211 0.9672 
   HI_SS0415  9 0.0019 0.0015 0.9967 
   HI_SS0416  9 0.0031 0.0033 0.9936 
   HI_SS0418  9 0.0051 0.0042 0.9908 
   HI_SS0419  9 0.0026 0.0032 0.9941 
   HI_SS0420  9 0.0021 0.0021 0.9958 
   HI_SS0421  9 0.0044 0.0037 0.9918 
   HI_SS0422  9 0.0013 0.0016 0.9971 
   HI_SS0423  9 0.0038 0.0034 0.9928 
   HI_SS0424  9 0.0013 0.0017 0.9970 
   HI_SS0425  9 0.0022 0.0032 0.9946 
   NS_SS1146 10 0.0026 0.0019 0.9956 
   NS_SS1157 10 0.0069 0.0054 0.9876 
   NS_SS1144 10 0.0262 0.0167 0.9572 
   NS_SS1074 10 0.0032 0.0031 0.9936 
   NS_SS1122 10 0.0048 0.0033 0.9919 
   NS_SS1136 10 0.0011 0.0009 0.9980 
   NS_SS1077 10 0.0007 0.0007 0.9986 
   NS_SS1134 10 0.0098 0.0114 0.9789 
   NS_SS1091 10 0.0017 0.0026 0.9957 
   NS_SS1089 10 0.0028 0.0023 0.9949 
   NS_SS1123 10 0.0014 0.0014 0.9972 
   NS_SS1158 10 0.0008 0.0010 0.9982 
   NS_SS1093 10 0.0022 0.0022 0.9956 
   NS_SS1102 10 0.0045 0.0053 0.9902 
   NS_SS1056 10 0.0014 0.0016 0.9970 
   NS_SS1126 10 0.0025 0.0025 0.9950 
   NS_SS1058 10 0.0033 0.0040 0.9927 
   NS_SS1084 10 0.0013 0.0013 0.9974 
   NS_SS1095 10 0.0062 0.0048 0.9890 
   NS_SS1079 10 0.0015 0.0014 0.9971 
   NS_SS1149 10 0.0024 0.0027 0.9949 
   NS_SS1121 10 0.0016 0.0017 0.9967 
   NS_SS1067 10 0.0042 0.0056 0.9902 
   NS_SS1081 10 0.0022 0.0021 0.9958 
   NS_SS1130 10 0.0033 0.0032 0.9936 
   NS_SS1073 10 0.0023 0.0026 0.9951 
   NS_SS1133 10 0.0034 0.0099 0.9867 
   NS_SS1129 10 0.0011 0.0012 0.9976 
   NS_SS1085 10 0.0020 0.0017 0.9962 
   NS_SS1137 10 0.0045 0.0041 0.9914 
   NS_SS1135 10 0.0009 0.0011 0.9980 
   NS_SS1082 10 0.0014 0.0015 0.9971 
   NS_SS1125 10 0.0011 0.0013 0.9976 
   NS_SS1124 10 0.0058 0.0074 0.9868 
   NS_SS1155 10 0.0087 0.0059 0.9853 
   NS_SS1145 10 0.0017 0.0016 0.9967 
