

----------------------------------------------------
STRUCTURE by Pritchard, Stephens and Donnelly (2000)
     and Falush, Stephens and Pritchard (2003)
       Code by Pritchard, Falush and Hubisz
             Version 2.3.4 (Jul 2012)
----------------------------------------------------



Command line arguments:   /home/genobiwan/Documents/Programs/Structure/structure -m parameter_job_k5_r6 
Input File:    /media/genobiwan/Storage/Projets/Mackerel_NWA_2021/data_job_k5_r6

Run parameters:
   629 individuals
   4140 loci
   5 populations assumed
   100000 Burn-in period
   200000 Reps


--------------------------------------------
Proportion of membership of each pre-defined
 population in each of the 5 clusters

Given    Inferred Clusters                     Number of
 Pop       1      2      3      4      5      Individuals

  1:     0.191  0.303  0.238  0.013  0.256       67
  2:     0.171  0.364  0.331  0.009  0.124       32
  3:     0.274  0.281  0.295  0.014  0.135       92
  4:     0.262  0.283  0.206  0.016  0.232       36
  5:     0.250  0.168  0.337  0.018  0.226       41
  6:     0.240  0.247  0.236  0.013  0.264      158
  7:     0.236  0.273  0.222  0.010  0.259       79
  8:     0.235  0.251  0.230  0.013  0.271       52
  9:     0.005  0.006  0.005  0.979  0.005       36
 10:     0.004  0.004  0.004  0.985  0.004       36
--------------------------------------------

Allele-freq. divergence among pops (Net nucleotide distance),
computed using point estimates of P.

      1       2       3       4       5      
 1      -    0.0002  0.0003  0.0049  0.0003  
 2   0.0002     -    0.0002  0.0049  0.0002  
 3   0.0003  0.0002     -    0.0049  0.0003  
 4   0.0049  0.0049  0.0049     -    0.0050  
 5   0.0003  0.0002  0.0003  0.0050     -    

Average distances (expected heterozygosity) between individuals in same cluster:
cluster  1  : 0.3186 
cluster  2  : 0.3184 
cluster  3  : 0.3184 
cluster  4  : 0.3055 
cluster  5  : 0.3181 

--------------------------------------------
Estimated Ln Prob of Data   = -2474598.3
Mean value of ln likelihood = -2465524.7
Variance of ln likelihood   = 18147.3
Mean value of alpha         = 0.0400

Mean value of Fst_1         = 0.0028
Mean value of Fst_2         = 0.0023
Mean value of Fst_3         = 0.0026
Mean value of Fst_4         = 0.0383
Mean value of Fst_5         = 0.0031


Inferred ancestry of individuals:
        Label (%Miss) Pop:  Inferred clusters
  1 NS_SS0963    (4)    1 :  0.013 0.058 0.901 0.005 0.023 
  2 NS_SS0983    (1)    1 :  0.831 0.006 0.007 0.003 0.152 
  3 NS_SS0719    (9)    1 :  0.030 0.868 0.009 0.005 0.089 
  4 NS_SS1001    (8)    1 :  0.018 0.297 0.039 0.008 0.637 
  5 NS_SS0936    (4)    1 :  0.015 0.327 0.138 0.003 0.517 
  6 NS_SS0955    (6)    1 :  0.859 0.023 0.027 0.003 0.088 
  7 NS_SS0944    (3)    1 :  0.017 0.006 0.082 0.002 0.893 
  8 NS_SS0945    (3)    1 :  0.218 0.390 0.223 0.010 0.159 
  9 NS_SS0922    (2)    1 :  0.048 0.575 0.289 0.033 0.054 
 10 NS_SS0929    (7)    1 :  0.514 0.166 0.063 0.003 0.255 
 11 NS_SS0956    (1)    1 :  0.014 0.946 0.025 0.004 0.012 
 12 NS_SS0906    (3)    1 :  0.051 0.061 0.791 0.003 0.094 
 13 NS_SS0721    (6)    1 :  0.050 0.925 0.010 0.004 0.012 
 14 NS_SS0982    (4)    1 :  0.072 0.315 0.583 0.019 0.011 
 15 NS_SS0923    (6)    1 :  0.019 0.761 0.089 0.005 0.125 
 16 NS_SS0905    (6)    1 :  0.425 0.372 0.045 0.002 0.156 
 17 NS_SS0925    (3)    1 :  0.020 0.223 0.493 0.005 0.258 
 18 NS_SS0947    (6)    1 :  0.041 0.041 0.904 0.004 0.010 
 19 NS_SS0926    (2)    1 :  0.020 0.013 0.007 0.001 0.958 
 20 NS_SS0918    (6)    1 :  0.071 0.712 0.165 0.003 0.049 
 21 NS_SS0966    (4)    1 :  0.018 0.028 0.708 0.054 0.192 
 22 NS_SS0938    (2)    1 :  0.068 0.720 0.152 0.001 0.060 
 23 NS_SS0917    (2)    1 :  0.364 0.516 0.014 0.044 0.061 
 24 NS_SS0957   (11)    1 :  0.026 0.831 0.060 0.006 0.076 
 25 NS_SS0987    (1)    1 :  0.039 0.682 0.024 0.233 0.022 
 26 NS_SS0717    (4)    1 :  0.070 0.192 0.684 0.002 0.052 
 27 NS_SS0986    (2)    1 :  0.470 0.121 0.361 0.004 0.044 
 28 NS_SS0953    (3)    1 :  0.014 0.017 0.947 0.015 0.007 
 29 NS_SS0907    (3)    1 :  0.137 0.015 0.782 0.040 0.026 
 30 NS_SS0974    (6)    1 :  0.427 0.193 0.069 0.003 0.307 
 31 NS_SS0989    (1)    1 :  0.902 0.015 0.026 0.001 0.056 
 32 NS_SS0991    (3)    1 :  0.310 0.050 0.162 0.002 0.476 
 33 NS_SS0994    (2)    1 :  0.507 0.006 0.011 0.002 0.474 
 34 NS_SS0931    (6)    1 :  0.011 0.023 0.009 0.008 0.949 
 35 NS_SS1000    (5)    1 :  0.012 0.054 0.906 0.004 0.025 
 36 NS_SS0919    (1)    1 :  0.026 0.303 0.040 0.003 0.627 
 37 NS_SS0949    (4)    1 :  0.017 0.016 0.012 0.001 0.953 
 38 NS_SS0960   (10)    1 :  0.076 0.068 0.024 0.007 0.823 
 39 NS_SS0716    (2)    1 :  0.009 0.967 0.012 0.005 0.007 
 40 NS_SS0924    (8)    1 :  0.514 0.163 0.030 0.020 0.273 
 41 NS_SS0935    (2)    1 :  0.236 0.028 0.023 0.011 0.703 
 42 NS_SS0952   (14)    1 :  0.021 0.009 0.168 0.033 0.769 
 43 NS_SS0962   (11)    1 :  0.007 0.933 0.036 0.007 0.017 
 44 NS_SS0973    (5)    1 :  0.169 0.059 0.324 0.005 0.443 
 45 NS_SS0722    (1)    1 :  0.013 0.024 0.940 0.003 0.021 
 46 NS_SS0979   (13)    1 :  0.162 0.481 0.329 0.002 0.027 
 47 NS_SS0993    (2)    1 :  0.006 0.033 0.141 0.017 0.802 
 48 NS_SS0958    (1)    1 :  0.215 0.057 0.100 0.003 0.624 
 49 NS_SS0988    (4)    1 :  0.067 0.423 0.445 0.005 0.060 
 50 NS_SS1003    (2)    1 :  0.005 0.704 0.094 0.009 0.188 
 51 NS_SS0976    (1)    1 :  0.054 0.015 0.049 0.002 0.879 
 52 NS_SS0964   (10)    1 :  0.023 0.209 0.748 0.003 0.018 
 53 NS_SS0939    (4)    1 :  0.004 0.980 0.004 0.003 0.008 
 54 NS_SS0990    (6)    1 :  0.877 0.080 0.025 0.003 0.015 
 55 NS_SS0984    (2)    1 :  0.011 0.962 0.015 0.002 0.010 
 56 NS_SS0980   (10)    1 :  0.162 0.336 0.334 0.002 0.166 
 57 NS_SS0978    (4)    1 :  0.041 0.523 0.324 0.003 0.109 
 58 NS_SS0951   (18)    1 :  0.154 0.089 0.338 0.003 0.417 
 59 NS_SS0913    (3)    1 :  0.834 0.076 0.036 0.041 0.013 
 60 NS_SS1002    (1)    1 :  0.008 0.030 0.920 0.034 0.008 
 61 NS_SS0948    (1)    1 :  0.038 0.136 0.218 0.053 0.555 
 62 NS_SS0916    (4)    1 :  0.043 0.256 0.007 0.005 0.689 
 63 NS_SS0995    (1)    1 :  0.068 0.870 0.022 0.003 0.038 
 64 NS_SS0927    (6)    1 :  0.911 0.048 0.021 0.005 0.015 
 65 NS_SS0992    (5)    1 :  0.754 0.045 0.167 0.003 0.031 
 66 NS_SS0912    (1)    1 :  0.487 0.314 0.017 0.004 0.178 
 67 NS_SS0981    (1)    1 :  0.032 0.505 0.169 0.004 0.291 
 68 NS_SS0729    (5)    2 :  0.800 0.006 0.064 0.003 0.127 
 69 NS_SS0967   (15)    2 :  0.033 0.533 0.216 0.012 0.206 
 70 NS_SS0941    (8)    2 :  0.154 0.503 0.046 0.078 0.219 
 71 NS_SS0768   (12)    2 :  0.019 0.039 0.930 0.004 0.007 
 72 NS_SS0726    (5)    2 :  0.138 0.016 0.053 0.009 0.783 
 73 NS_SS0763    (4)    2 :  0.373 0.022 0.276 0.002 0.327 
 74 NS_SS0730    (6)    2 :  0.009 0.966 0.017 0.003 0.006 
 75 NS_SS0774    (2)    2 :  0.047 0.682 0.254 0.001 0.015 
 76 NS_SS0723    (3)    2 :  0.025 0.747 0.215 0.002 0.011 
 77 NS_SS0940   (10)    2 :  0.028 0.707 0.009 0.006 0.251 
 78 NS_SS0762    (1)    2 :  0.024 0.161 0.790 0.003 0.022 
 79 NS_SS0766   (11)    2 :  0.456 0.484 0.022 0.015 0.023 
 80 NS_SS0724    (1)    2 :  0.033 0.017 0.929 0.004 0.017 
 81 NS_SS0769    (3)    2 :  0.153 0.345 0.482 0.004 0.015 
 82 NS_SS0777    (1)    2 :  0.086 0.240 0.143 0.015 0.516 
 83 NS_SS0734    (6)    2 :  0.101 0.633 0.014 0.022 0.230 
 84 NS_SS0737    (3)    2 :  0.021 0.196 0.773 0.005 0.005 
 85 NS_SS0732    (5)    2 :  0.013 0.959 0.012 0.005 0.011 
 86 NS_SS0728    (5)    2 :  0.847 0.090 0.038 0.011 0.014 
 87 NS_SS0735    (9)    2 :  0.167 0.113 0.685 0.009 0.026 
 88 NS_SS0725    (1)    2 :  0.012 0.029 0.928 0.008 0.024 
 89 NS_SS0788    (2)    2 :  0.061 0.801 0.084 0.001 0.053 
 90 NS_SS0778    (2)    2 :  0.113 0.848 0.020 0.001 0.018 
 91 NS_SS0792    (6)    2 :  0.402 0.164 0.267 0.006 0.161 
 92 NS_SS0943   (11)    2 :  0.112 0.010 0.429 0.007 0.442 
 93 NS_SS0791    (2)    2 :  0.163 0.759 0.006 0.014 0.058 
 94 NS_SS0790    (5)    2 :  0.004 0.011 0.979 0.003 0.003 
 95 NS_SS0731    (6)    2 :  0.026 0.031 0.922 0.012 0.009 
 96 NS_SS0727    (7)    2 :  0.803 0.016 0.034 0.002 0.146 
 97 NS_SS0779   (13)    2 :  0.110 0.553 0.158 0.006 0.173 
 98 NS_SS0776    (3)    2 :  0.131 0.033 0.784 0.006 0.046 
 99 NS_SS0775    (5)    2 :  0.017 0.947 0.020 0.007 0.010 
100 NS_SS0965    (3)    3 :  0.033 0.705 0.069 0.001 0.192 
101 NS_SS0754   (14)    3 :  0.779 0.036 0.023 0.011 0.151 
102 NS_SS0838    (5)    3 :  0.392 0.129 0.193 0.054 0.232 
103 NS_SS0839    (3)    3 :  0.016 0.196 0.774 0.003 0.011 
104 NS_SS0832    (4)    3 :  0.007 0.144 0.796 0.045 0.007 
105 NS_SS0820    (5)    3 :  0.016 0.196 0.773 0.006 0.009 
106 NS_SS0886    (9)    3 :  0.848 0.093 0.030 0.002 0.027 
107 NS_SS0748    (5)    3 :  0.037 0.163 0.375 0.010 0.416 
108 NS_SS0884    (9)    3 :  0.079 0.270 0.537 0.023 0.091 
109 NS_SS0752    (4)    3 :  0.115 0.457 0.281 0.002 0.146 
110 NS_SS0862    (1)    3 :  0.025 0.901 0.063 0.003 0.007 
111 NS_SS0787    (9)    3 :  0.777 0.066 0.020 0.006 0.131 
112 NS_SS0843    (6)    3 :  0.024 0.048 0.857 0.002 0.070 
113 NS_SS0856    (4)    3 :  0.481 0.027 0.477 0.004 0.011 
114 NS_SS0846    (2)    3 :  0.058 0.014 0.859 0.002 0.068 
115 NS_SS0825    (1)    3 :  0.039 0.915 0.015 0.009 0.021 
116 NS_SS0757    (3)    3 :  0.628 0.207 0.080 0.004 0.082 
117 NS_SS0876    (3)    3 :  0.157 0.092 0.521 0.221 0.009 
118 NS_SS0903   (10)    3 :  0.011 0.043 0.925 0.003 0.019 
119 NS_SS0875    (7)    3 :  0.019 0.952 0.010 0.003 0.015 
120 NS_SS0740    (5)    3 :  0.339 0.067 0.327 0.004 0.263 
121 NS_SS0811    (5)    3 :  0.096 0.838 0.044 0.009 0.013 
122 NS_SS0751    (1)    3 :  0.010 0.884 0.022 0.002 0.082 
123 NS_SS0891    (6)    3 :  0.065 0.090 0.822 0.006 0.016 
124 NS_SS0867    (2)    3 :  0.063 0.038 0.156 0.028 0.715 
125 NS_SS0890    (6)    3 :  0.033 0.283 0.112 0.004 0.568 
126 NS_SS0866   (12)    3 :  0.966 0.010 0.006 0.004 0.013 
127 NS_SS0755    (4)    3 :  0.251 0.060 0.423 0.008 0.258 
128 NS_SS0758    (4)    3 :  0.874 0.022 0.091 0.002 0.011 
129 NS_SS0840    (2)    3 :  0.012 0.848 0.128 0.003 0.009 
130 NS_SS0889    (4)    3 :  0.645 0.077 0.067 0.002 0.208 
131 NS_SS1010    (1)    3 :  0.131 0.411 0.330 0.041 0.086 
132 NS_SS0888    (5)    3 :  0.974 0.005 0.006 0.001 0.013 
133 NS_SS0837    (3)    3 :  0.013 0.102 0.812 0.002 0.071 
134 NS_SS0794   (10)    3 :  0.922 0.011 0.017 0.002 0.048 
135 NS_SS0823    (5)    3 :  0.138 0.018 0.830 0.004 0.010 
136 NS_SS0829    (7)    3 :  0.508 0.016 0.012 0.102 0.363 
137 NS_SS0844    (5)    3 :  0.007 0.004 0.983 0.002 0.004 
138 NS_SS1008    (6)    3 :  0.892 0.023 0.047 0.013 0.025 
139 NS_SS0881    (3)    3 :  0.013 0.652 0.016 0.002 0.316 
140 NS_SS0834    (6)    3 :  0.012 0.007 0.968 0.005 0.008 
141 NS_SS0744   (10)    3 :  0.302 0.433 0.109 0.008 0.149 
142 NS_SS0899    (7)    3 :  0.033 0.227 0.728 0.002 0.010 
143 NS_SS0804    (5)    3 :  0.017 0.720 0.247 0.004 0.011 
144 NS_SS0781   (10)    3 :  0.010 0.059 0.922 0.003 0.006 
145 NS_SS0822    (6)    3 :  0.083 0.011 0.064 0.002 0.840 
146 NS_SS1004    (4)    3 :  0.011 0.017 0.831 0.004 0.137 
147 NS_SS0746    (5)    3 :  0.268 0.026 0.346 0.014 0.347 
148 NS_SS0880    (3)    3 :  0.007 0.329 0.118 0.002 0.544 
149 NS_SS0879    (5)    3 :  0.085 0.062 0.809 0.013 0.031 
150 NS_SS0753    (2)    3 :  0.886 0.015 0.010 0.008 0.081 
151 NS_SS1007    (3)    3 :  0.038 0.889 0.008 0.002 0.064 
152 NS_SS0872    (5)    3 :  0.019 0.030 0.938 0.002 0.011 
153 NS_SS1005    (7)    3 :  0.011 0.039 0.935 0.001 0.014 
154 NS_SS0892    (6)    3 :  0.220 0.650 0.081 0.002 0.047 
155 NS_SS0898    (0)    3 :  0.008 0.042 0.007 0.006 0.938 
156 NS_SS0801    (9)    3 :  0.224 0.035 0.720 0.009 0.011 
157 NS_SS0827    (9)    3 :  0.033 0.795 0.018 0.113 0.041 
158 NS_SS0853    (7)    3 :  0.892 0.080 0.016 0.006 0.007 
159 NS_SS0780    (2)    3 :  0.106 0.777 0.103 0.004 0.010 
160 NS_SS0826   (10)    3 :  0.006 0.011 0.703 0.003 0.276 
161 NS_SS0818    (5)    3 :  0.020 0.828 0.113 0.002 0.037 
162 NS_SS0745    (1)    3 :  0.005 0.953 0.025 0.001 0.017 
163 NS_SS0849    (3)    3 :  0.021 0.929 0.021 0.002 0.028 
164 NS_SS0739    (3)    3 :  0.023 0.933 0.006 0.012 0.026 
165 NS_SS0799    (1)    3 :  0.837 0.075 0.013 0.001 0.074 
166 NS_SS0756    (3)    3 :  0.009 0.119 0.858 0.004 0.010 
167 NS_SS0802    (2)    3 :  0.370 0.356 0.038 0.202 0.035 
168 NS_SS0747    (6)    3 :  0.288 0.059 0.604 0.007 0.042 
169 NS_SS0835    (1)    3 :  0.945 0.028 0.015 0.001 0.010 
170 NS_SS0742   (19)    3 :  0.034 0.591 0.187 0.001 0.187 
171 NS_SS0760    (9)    3 :  0.538 0.013 0.017 0.047 0.384 
172 NS_SS0803    (4)    3 :  0.008 0.005 0.974 0.006 0.006 
173 NS_SS0828   (14)    3 :  0.074 0.641 0.018 0.001 0.265 
174 NS_SS0865    (2)    3 :  0.015 0.763 0.106 0.021 0.095 
175 NS_SS0759    (5)    3 :  0.021 0.912 0.052 0.004 0.010 
176 NS_SS0851    (5)    3 :  0.005 0.894 0.083 0.011 0.006 
177 NS_SS0874   (16)    3 :  0.011 0.022 0.956 0.001 0.010 
178 NS_SS0761    (6)    3 :  0.932 0.018 0.011 0.002 0.037 
179 NS_SS0842   (26)    3 :  0.043 0.044 0.031 0.008 0.874 
180 NS_SS0785    (6)    3 :  0.599 0.033 0.292 0.006 0.070 
181 NS_SS0860   (11)    3 :  0.951 0.019 0.012 0.002 0.016 
182 NS_SS0897    (7)    3 :  0.914 0.014 0.010 0.002 0.060 
183 NS_SS0841   (15)    3 :  0.006 0.888 0.030 0.003 0.073 
184 NS_SS0797    (7)    3 :  0.061 0.290 0.017 0.024 0.608 
185 NS_SS0830   (11)    3 :  0.045 0.330 0.039 0.002 0.584 
186 NS_SS1011    (5)    3 :  0.010 0.051 0.926 0.005 0.009 
187 NS_SS0883    (5)    3 :  0.249 0.451 0.011 0.007 0.283 
188 NS_SS0782    (2)    3 :  0.929 0.014 0.046 0.003 0.008 
189 NS_SS0831    (5)    3 :  0.832 0.081 0.021 0.003 0.063 
190 NS_SS0749    (7)    3 :  0.753 0.159 0.014 0.005 0.069 
191 NS_SS0854    (2)    3 :  0.933 0.010 0.030 0.003 0.024 
192 HI_SS0193    (0)    4 :  0.008 0.010 0.008 0.001 0.973 
193 HI_SS0194    (1)    4 :  0.007 0.015 0.961 0.001 0.016 
194 HI_SS0195   (10)    4 :  0.006 0.850 0.046 0.092 0.006 
195 HI_SS0196    (6)    4 :  0.611 0.087 0.225 0.003 0.073 
196 HI_SS0197    (3)    4 :  0.031 0.901 0.049 0.012 0.007 
197 HI_SS0198    (1)    4 :  0.089 0.813 0.040 0.010 0.048 
198 HI_SS0199    (1)    4 :  0.931 0.028 0.012 0.002 0.027 
199 HI_SS0201    (5)    4 :  0.046 0.008 0.014 0.002 0.930 
200 HI_SS0215    (1)    4 :  0.951 0.012 0.025 0.003 0.009 
201 HI_SS0218    (1)    4 :  0.826 0.015 0.004 0.004 0.150 
202 HI_SS0222    (0)    4 :  0.042 0.917 0.018 0.004 0.018 
203 HI_SS0230    (1)    4 :  0.017 0.167 0.778 0.006 0.033 
204 HI_SS0234    (2)    4 :  0.369 0.055 0.403 0.151 0.022 
205 HI_SS0240    (1)    4 :  0.196 0.753 0.033 0.007 0.010 
206 HI_SS0241    (0)    4 :  0.823 0.035 0.024 0.002 0.117 
207 HI_SS0242    (0)    4 :  0.448 0.145 0.164 0.003 0.239 
208 HI_SS0247    (0)    4 :  0.007 0.013 0.935 0.018 0.026 
209 HI_SS0248    (1)    4 :  0.077 0.010 0.022 0.001 0.890 
210 HI_SS0252    (2)    4 :  0.071 0.022 0.873 0.002 0.031 
211 HI_SS0254    (0)    4 :  0.015 0.009 0.015 0.088 0.872 
212 HI_SS0256    (0)    4 :  0.004 0.019 0.971 0.002 0.004 
213 HI_SS0257    (0)    4 :  0.895 0.005 0.073 0.003 0.024 
214 HI_SS0258    (1)    4 :  0.569 0.027 0.018 0.005 0.381 
215 HI_SS0259    (1)    4 :  0.037 0.628 0.317 0.003 0.016 
216 HI_SS0260    (1)    4 :  0.748 0.068 0.042 0.002 0.140 
217 HI_SS0261    (2)    4 :  0.088 0.056 0.200 0.003 0.653 
218 HI_SS0262    (0)    4 :  0.019 0.821 0.138 0.007 0.015 
219 HI_SS0264    (0)    4 :  0.016 0.217 0.756 0.004 0.008 
220 HI_SS0265    (0)    4 :  0.012 0.768 0.048 0.098 0.074 
221 HI_SS0268    (1)    4 :  0.095 0.813 0.046 0.003 0.043 
222 HI_SS0269    (0)    4 :  0.151 0.009 0.030 0.002 0.809 
223 HI_SS0273    (0)    4 :  0.179 0.093 0.020 0.001 0.707 
224 HI_SS0277    (1)    4 :  0.017 0.895 0.020 0.002 0.066 
225 HI_SS0280    (0)    4 :  0.021 0.867 0.014 0.004 0.094 
226 HI_SS0282    (1)    4 :  0.077 0.022 0.078 0.001 0.822 
227 HI_SS0286    (1)    4 :  0.945 0.024 0.011 0.006 0.013 
228 NS_SS1252    (3)    5 :  0.982 0.004 0.004 0.003 0.006 
229 NS_SS1261    (1)    5 :  0.393 0.411 0.143 0.020 0.033 
230 NS_SS1225   (10)    5 :  0.059 0.008 0.826 0.070 0.036 
231 NS_SS1266    (1)    5 :  0.006 0.011 0.964 0.008 0.012 
232 NS_SS1228    (0)    5 :  0.007 0.935 0.020 0.012 0.026 
233 NS_SS1255    (3)    5 :  0.021 0.102 0.635 0.002 0.241 
234 NS_SS1267    (3)    5 :  0.973 0.005 0.004 0.009 0.010 
235 NS_SS1238    (6)    5 :  0.005 0.041 0.020 0.003 0.931 
236 NS_SS1233    (8)    5 :  0.007 0.025 0.883 0.002 0.083 
237 NS_SS1277    (3)    5 :  0.261 0.030 0.009 0.001 0.700 
238 NS_SS1245    (1)    5 :  0.072 0.015 0.072 0.002 0.839 
239 NS_SS1240    (4)    5 :  0.972 0.007 0.010 0.002 0.009 
240 NS_SS1275    (2)    5 :  0.013 0.463 0.505 0.003 0.016 
241 NS_SS1235    (1)    5 :  0.013 0.008 0.940 0.005 0.035 
242 NS_SS1263    (1)    5 :  0.008 0.031 0.879 0.001 0.081 
243 NS_SS1251    (2)    5 :  0.014 0.014 0.947 0.001 0.023 
244 NS_SS1248    (0)    5 :  0.019 0.755 0.017 0.089 0.119 
245 NS_SS1244    (0)    5 :  0.019 0.043 0.026 0.005 0.907 
246 NS_SS1257    (1)    5 :  0.944 0.013 0.012 0.023 0.009 
247 NS_SS1242    (2)    5 :  0.014 0.148 0.829 0.002 0.007 
248 NS_SS1271    (6)    5 :  0.014 0.015 0.006 0.026 0.938 
249 NS_SS1265    (1)    5 :  0.887 0.015 0.055 0.020 0.023 
250 NS_SS1243    (0)    5 :  0.379 0.368 0.115 0.097 0.041 
251 NS_SS1273    (1)    5 :  0.012 0.752 0.190 0.010 0.036 
252 NS_SS1254   (14)    5 :  0.099 0.036 0.740 0.007 0.119 
253 NS_SS1224    (1)    5 :  0.014 0.112 0.837 0.007 0.030 
254 NS_SS1227    (8)    5 :  0.147 0.061 0.008 0.002 0.782 
255 NS_SS1274    (9)    5 :  0.946 0.017 0.014 0.014 0.010 
256 NS_SS1241    (1)    5 :  0.056 0.007 0.043 0.001 0.892 
257 NS_SS1256    (3)    5 :  0.026 0.010 0.760 0.029 0.175 
258 NS_SS1260    (8)    5 :  0.911 0.010 0.015 0.055 0.008 
259 NS_SS1262    (0)    5 :  0.311 0.053 0.201 0.176 0.259 
260 NS_SS1230    (0)    5 :  0.402 0.162 0.124 0.008 0.304 
261 NS_SS1270    (2)    5 :  0.010 0.019 0.898 0.002 0.070 
262 NS_SS1229    (2)    5 :  0.074 0.168 0.693 0.005 0.061 
263 NS_SS1246    (5)    5 :  0.040 0.025 0.021 0.003 0.912 
264 NS_SS1269    (0)    5 :  0.244 0.613 0.096 0.002 0.045 
265 NS_SS1239    (1)    5 :  0.019 0.785 0.015 0.003 0.176 
266 NS_SS1272    (5)    5 :  0.012 0.020 0.944 0.005 0.019 
267 NS_SS1268    (1)    5 :  0.016 0.575 0.298 0.002 0.109 
268 NS_SS1249    (1)    5 :  0.832 0.006 0.009 0.008 0.145 
269 HI_SS0559    (0)    6 :  0.790 0.056 0.113 0.001 0.039 
270 HI_SS0563    (1)    6 :  0.033 0.391 0.113 0.003 0.460 
271 HI_SS0564    (0)    6 :  0.048 0.644 0.091 0.057 0.161 
272 HI_SS0565    (0)    6 :  0.222 0.613 0.067 0.004 0.094 
273 HI_SS0569    (1)    6 :  0.010 0.008 0.008 0.002 0.972 
274 HI_SS0570    (0)    6 :  0.017 0.056 0.033 0.039 0.855 
275 HI_SS0572    (1)    6 :  0.013 0.005 0.977 0.002 0.004 
276 HI_SS0576    (1)    6 :  0.044 0.920 0.017 0.005 0.014 
277 HI_SS0579    (1)    6 :  0.035 0.008 0.651 0.016 0.290 
278 HI_SS0580    (1)    6 :  0.953 0.021 0.014 0.004 0.008 
279 HI_SS0581    (0)    6 :  0.036 0.821 0.051 0.070 0.023 
280 HI_SS0583    (1)    6 :  0.953 0.018 0.017 0.002 0.010 
281 HI_SS0586    (1)    6 :  0.976 0.007 0.005 0.001 0.012 
282 HI_SS0588    (1)    6 :  0.957 0.005 0.012 0.014 0.012 
283 HI_SS0595    (4)    6 :  0.023 0.188 0.018 0.026 0.744 
284 HI_SS0596    (0)    6 :  0.006 0.013 0.947 0.002 0.032 
285 HI_SS0597    (1)    6 :  0.017 0.107 0.851 0.002 0.023 
286 HI_SS0600    (0)    6 :  0.388 0.134 0.087 0.004 0.387 
287 HI_SS0601    (1)    6 :  0.063 0.043 0.686 0.013 0.196 
288 HI_SS0602    (1)    6 :  0.866 0.086 0.031 0.002 0.015 
289 HI_SS0604    (0)    6 :  0.045 0.018 0.889 0.001 0.046 
290 HI_SS0605    (1)    6 :  0.963 0.018 0.007 0.005 0.007 
291 HI_SS0608    (0)    6 :  0.015 0.040 0.007 0.001 0.937 
292 HI_SS0609    (0)    6 :  0.022 0.085 0.771 0.001 0.121 
293 HI_SS0611    (5)    6 :  0.935 0.012 0.017 0.002 0.034 
294 HI_SS0612    (0)    6 :  0.059 0.020 0.838 0.006 0.077 
295 HI_SS0613    (1)    6 :  0.052 0.656 0.270 0.001 0.021 
296 HI_SS0615    (1)    6 :  0.021 0.895 0.042 0.011 0.031 
297 HI_SS0001    (1)    6 :  0.883 0.027 0.067 0.004 0.018 
298 HI_SS0002    (1)    6 :  0.011 0.011 0.948 0.022 0.008 
299 HI_SS0004    (0)    6 :  0.856 0.019 0.068 0.005 0.051 
300 HI_SS0005    (1)    6 :  0.016 0.961 0.007 0.004 0.012 
301 HI_SS0006    (1)    6 :  0.185 0.028 0.746 0.001 0.039 
302 HI_SS0007    (1)    6 :  0.086 0.018 0.007 0.002 0.887 
303 HI_SS0008    (0)    6 :  0.128 0.147 0.185 0.048 0.492 
304 HI_SS0009    (0)    6 :  0.183 0.398 0.183 0.006 0.230 
305 HI_SS0010    (1)    6 :  0.011 0.020 0.010 0.003 0.956 
306 HI_SS0011    (1)    6 :  0.015 0.169 0.454 0.087 0.275 
307 HI_SS0012    (0)    6 :  0.023 0.864 0.098 0.005 0.010 
308 HI_SS0017    (1)    6 :  0.013 0.068 0.780 0.002 0.137 
309 HI_SS0021    (1)    6 :  0.474 0.180 0.064 0.245 0.036 
310 HI_SS0024    (1)    6 :  0.006 0.860 0.023 0.002 0.108 
311 HI_SS0025    (1)    6 :  0.307 0.098 0.573 0.003 0.020 
312 HI_SS0027    (0)    6 :  0.050 0.013 0.010 0.012 0.915 
313 HI_SS0028    (0)    6 :  0.004 0.977 0.010 0.002 0.006 
314 HI_SS0029    (1)    6 :  0.054 0.883 0.016 0.008 0.038 
315 HI_SS0030    (2)    6 :  0.017 0.011 0.022 0.005 0.944 
316 HI_SS0031    (0)    6 :  0.031 0.335 0.036 0.004 0.594 
317 HI_SS0034    (0)    6 :  0.307 0.011 0.030 0.005 0.647 
318 HI_SS0036    (0)    6 :  0.867 0.081 0.005 0.008 0.039 
319 HI_SS0037    (1)    6 :  0.934 0.010 0.032 0.003 0.020 
320 HI_SS0039    (0)    6 :  0.122 0.538 0.010 0.002 0.328 
321 HI_SS0041    (1)    6 :  0.011 0.946 0.028 0.002 0.013 
322 HI_SS0042    (1)    6 :  0.125 0.621 0.112 0.130 0.012 
323 HI_SS0043    (1)    6 :  0.899 0.019 0.007 0.002 0.073 
324 HI_SS0044    (1)    6 :  0.100 0.738 0.028 0.003 0.131 
325 HI_SS0047    (1)    6 :  0.034 0.035 0.887 0.003 0.042 
326 HI_SS0049    (1)    6 :  0.067 0.020 0.868 0.004 0.041 
327 HI_SS0051    (1)    6 :  0.533 0.156 0.182 0.002 0.127 
328 HI_SS0053    (1)    6 :  0.154 0.012 0.013 0.004 0.816 
329 HI_SS0054    (4)    6 :  0.013 0.006 0.010 0.004 0.968 
330 HI_SS0057    (0)    6 :  0.040 0.064 0.056 0.003 0.837 
331 HI_SS0058    (0)    6 :  0.909 0.007 0.071 0.006 0.007 
332 HI_SS0060    (0)    6 :  0.007 0.013 0.018 0.083 0.878 
333 HI_SS0087    (1)    6 :  0.065 0.043 0.837 0.002 0.053 
334 HI_SS0091    (1)    6 :  0.936 0.010 0.011 0.001 0.041 
335 HI_SS0095    (1)    6 :  0.693 0.037 0.192 0.059 0.019 
336 HI_SS0097    (3)    6 :  0.011 0.017 0.525 0.005 0.442 
337 HI_SS0099    (1)    6 :  0.050 0.883 0.057 0.003 0.007 
338 HI_SS0103    (0)    6 :  0.125 0.234 0.574 0.004 0.062 
339 HI_SS0105    (1)    6 :  0.041 0.270 0.616 0.032 0.040 
340 HI_SS0107    (1)    6 :  0.007 0.008 0.978 0.001 0.007 
341 HI_SS0108    (1)    6 :  0.416 0.011 0.008 0.018 0.548 
342 HI_SS0110    (0)    6 :  0.203 0.656 0.102 0.001 0.037 
343 HI_SS0111    (1)    6 :  0.075 0.789 0.029 0.031 0.076 
344 HI_SS0112    (0)    6 :  0.019 0.018 0.005 0.001 0.956 
345 HI_SS0113    (1)    6 :  0.013 0.041 0.933 0.003 0.010 
346 HI_SS0114    (1)    6 :  0.913 0.028 0.012 0.004 0.042 
347 HI_SS0115    (1)    6 :  0.541 0.027 0.387 0.016 0.030 
348 HI_SS0116    (4)    6 :  0.836 0.029 0.066 0.004 0.066 
349 HI_SS0117    (0)    6 :  0.030 0.012 0.593 0.002 0.363 
350 HI_SS0118    (0)    6 :  0.216 0.046 0.588 0.012 0.138 
351 HI_SS0119    (1)    6 :  0.127 0.130 0.022 0.002 0.719 
352 HI_SS0120    (1)    6 :  0.014 0.013 0.956 0.003 0.013 
353 HI_SS0121    (0)    6 :  0.011 0.934 0.039 0.001 0.014 
354 HI_SS0122    (2)    6 :  0.067 0.646 0.138 0.022 0.126 
355 HI_SS0123    (0)    6 :  0.114 0.526 0.312 0.005 0.044 
356 HI_SS0124    (1)    6 :  0.023 0.883 0.072 0.003 0.019 
357 HI_SS0125    (1)    6 :  0.009 0.946 0.007 0.029 0.010 
358 HI_SS0126    (0)    6 :  0.050 0.012 0.009 0.001 0.928 
359 HI_SS0127    (0)    6 :  0.049 0.100 0.053 0.010 0.788 
360 HI_SS0128    (0)    6 :  0.009 0.054 0.364 0.003 0.571 
361 HI_SS0129    (1)    6 :  0.662 0.252 0.028 0.009 0.049 
362 HI_SS0131    (2)    6 :  0.021 0.042 0.482 0.033 0.422 
363 HI_SS0132    (0)    6 :  0.018 0.225 0.019 0.001 0.738 
364 HI_SS0133    (1)    6 :  0.009 0.005 0.002 0.001 0.982 
365 HI_SS0134    (1)    6 :  0.543 0.081 0.196 0.002 0.178 
366 HI_SS0142    (3)    6 :  0.084 0.201 0.661 0.020 0.034 
367 HI_SS0145    (0)    6 :  0.228 0.014 0.620 0.001 0.136 
368 HI_SS0146    (1)    6 :  0.005 0.010 0.006 0.001 0.978 
369 HI_SS0147    (1)    6 :  0.017 0.033 0.919 0.021 0.009 
370 HI_SS0149    (1)    6 :  0.016 0.716 0.029 0.005 0.234 
371 HI_SS0150    (2)    6 :  0.019 0.904 0.049 0.004 0.024 
372 HI_SS0151    (0)    6 :  0.216 0.042 0.302 0.013 0.426 
373 NS_SS1451    (1)    6 :  0.007 0.933 0.030 0.003 0.027 
374 NS_SS1404    (0)    6 :  0.017 0.783 0.174 0.010 0.015 
375 NS_SS1432    (2)    6 :  0.006 0.947 0.013 0.029 0.006 
376 NS_SS1405    (5)    6 :  0.063 0.684 0.237 0.004 0.012 
377 NS_SS1431   (10)    6 :  0.012 0.728 0.049 0.001 0.211 
378 NS_SS1402    (3)    6 :  0.069 0.322 0.568 0.003 0.038 
379 NS_SS1450    (3)    6 :  0.786 0.068 0.024 0.004 0.118 
380 NS_SS1396    (0)    6 :  0.028 0.878 0.068 0.006 0.020 
381 NS_SS1393    (5)    6 :  0.939 0.042 0.010 0.004 0.005 
382 NS_SS1392   (10)    6 :  0.038 0.789 0.117 0.017 0.039 
383 NS_SS1445    (0)    6 :  0.834 0.030 0.029 0.011 0.097 
384 NS_SS1423    (0)    6 :  0.099 0.021 0.129 0.001 0.750 
385 NS_SS1421    (9)    6 :  0.007 0.043 0.014 0.089 0.848 
386 NS_SS1411    (6)    6 :  0.145 0.085 0.013 0.002 0.755 
387 NS_SS1453    (6)    6 :  0.801 0.074 0.025 0.007 0.094 
388 NS_SS1442    (3)    6 :  0.302 0.205 0.300 0.004 0.188 
389 NS_SS1422    (1)    6 :  0.033 0.016 0.872 0.013 0.065 
390 NS_SS1419    (1)    6 :  0.130 0.342 0.042 0.182 0.305 
391 NS_SS1427    (0)    6 :  0.844 0.008 0.005 0.002 0.141 
392 NS_SS1444    (4)    6 :  0.030 0.353 0.569 0.004 0.044 
393 NS_SS1455    (0)    6 :  0.006 0.015 0.969 0.001 0.008 
394 NS_SS1425    (2)    6 :  0.051 0.010 0.010 0.001 0.928 
395 NS_SS1400    (0)    6 :  0.186 0.027 0.071 0.001 0.715 
396 NS_SS1406    (2)    6 :  0.008 0.052 0.924 0.007 0.008 
397 NS_SS1417    (6)    6 :  0.016 0.016 0.898 0.007 0.063 
398 NS_SS1454    (3)    6 :  0.172 0.547 0.036 0.001 0.243 
399 NS_SS1412    (1)    6 :  0.713 0.054 0.186 0.016 0.031 
400 NS_SS1438    (1)    6 :  0.481 0.010 0.067 0.001 0.441 
401 NS_SS1416    (4)    6 :  0.050 0.903 0.033 0.006 0.008 
402 NS_SS1401    (0)    6 :  0.071 0.253 0.506 0.012 0.158 
403 NS_SS1424    (6)    6 :  0.064 0.331 0.090 0.014 0.501 
404 NS_SS1435   (10)    6 :  0.011 0.053 0.015 0.002 0.920 
405 NS_SS1447    (4)    6 :  0.012 0.022 0.939 0.007 0.020 
406 NS_SS1414    (3)    6 :  0.018 0.027 0.939 0.006 0.009 
407 NS_SS1449   (14)    6 :  0.028 0.029 0.288 0.004 0.651 
408 NS_SS1443    (4)    6 :  0.149 0.011 0.015 0.002 0.822 
409 NS_SS1434    (1)    6 :  0.082 0.017 0.214 0.001 0.686 
410 NS_SS1398    (1)    6 :  0.485 0.366 0.025 0.022 0.102 
411 NS_SS1426    (1)    6 :  0.769 0.023 0.012 0.002 0.195 
412 NS_SS1413    (0)    6 :  0.011 0.006 0.007 0.009 0.968 
413 NS_SS1395    (1)    6 :  0.820 0.043 0.017 0.009 0.112 
414 NS_SS1448   (10)    6 :  0.030 0.099 0.023 0.002 0.846 
415 NS_SS1446    (0)    6 :  0.376 0.241 0.276 0.003 0.104 
416 NS_SS1403    (2)    6 :  0.129 0.808 0.035 0.006 0.022 
417 NS_SS1415    (0)    6 :  0.030 0.029 0.012 0.008 0.921 
418 NS_SS1437    (4)    6 :  0.011 0.279 0.091 0.009 0.609 
419 NS_SS1439    (2)    6 :  0.179 0.009 0.806 0.002 0.003 
420 NS_SS1441    (3)    6 :  0.842 0.041 0.044 0.002 0.071 
421 NS_SS1420    (2)    6 :  0.059 0.872 0.059 0.003 0.007 
422 NS_SS1394    (2)    6 :  0.008 0.925 0.017 0.031 0.020 
423 NS_SS1391    (7)    6 :  0.868 0.015 0.086 0.010 0.021 
424 NS_SS1410    (5)    6 :  0.531 0.059 0.122 0.017 0.271 
425 NS_SS1408    (1)    6 :  0.019 0.241 0.037 0.055 0.648 
426 NS_SS1409    (1)    6 :  0.914 0.064 0.013 0.002 0.006 
427 HI_SS0617    (1)    7 :  0.954 0.027 0.011 0.001 0.006 
428 HI_SS0618    (2)    7 :  0.025 0.950 0.013 0.002 0.010 
429 HI_SS0619    (0)    7 :  0.613 0.206 0.161 0.004 0.016 
430 HI_SS0620    (1)    7 :  0.926 0.006 0.006 0.002 0.060 
431 HI_SS0621    (3)    7 :  0.246 0.551 0.172 0.016 0.016 
432 HI_SS0622    (1)    7 :  0.192 0.128 0.254 0.013 0.413 
433 HI_SS0626    (0)    7 :  0.024 0.947 0.011 0.006 0.012 
434 HI_SS0627    (0)    7 :  0.076 0.326 0.570 0.008 0.020 
435 HI_SS0628    (3)    7 :  0.137 0.476 0.047 0.053 0.286 
436 HI_SS0629    (1)    7 :  0.597 0.366 0.020 0.006 0.011 
437 HI_SS0630    (1)    7 :  0.182 0.359 0.014 0.052 0.393 
438 HI_SS0631    (0)    7 :  0.017 0.013 0.008 0.001 0.962 
439 HI_SS0632    (0)    7 :  0.014 0.034 0.023 0.003 0.925 
440 HI_SS0633    (0)    7 :  0.172 0.076 0.742 0.003 0.006 
441 HI_SS0634    (1)    7 :  0.022 0.946 0.013 0.002 0.017 
442 HI_SS0635    (0)    7 :  0.017 0.566 0.358 0.008 0.052 
443 HI_SS0637    (1)    7 :  0.333 0.211 0.422 0.003 0.031 
444 HI_SS0638    (0)    7 :  0.010 0.888 0.015 0.001 0.086 
445 HI_SS0639    (1)    7 :  0.014 0.664 0.236 0.043 0.043 
446 HI_SS0640    (1)    7 :  0.008 0.030 0.018 0.002 0.943 
447 HI_SS0641    (1)    7 :  0.930 0.033 0.010 0.005 0.022 
448 HI_SS0642    (0)    7 :  0.006 0.503 0.024 0.002 0.465 
449 HI_SS0645    (0)    7 :  0.007 0.966 0.012 0.001 0.014 
450 HI_SS0646    (1)    7 :  0.495 0.108 0.374 0.003 0.020 
451 HI_SS0647    (1)    7 :  0.041 0.227 0.245 0.001 0.485 
452 HI_SS0648    (0)    7 :  0.010 0.035 0.098 0.003 0.854 
453 HI_SS0649    (1)    7 :  0.920 0.025 0.044 0.002 0.009 
454 HI_SS0650    (1)    7 :  0.894 0.050 0.039 0.004 0.012 
455 HI_SS0651    (1)    7 :  0.159 0.027 0.597 0.005 0.213 
456 HI_SS0652    (1)    7 :  0.044 0.927 0.017 0.003 0.008 
457 NS_SS1371    (3)    7 :  0.922 0.013 0.040 0.005 0.020 
458 NS_SS1374    (0)    7 :  0.045 0.612 0.010 0.002 0.332 
459 NS_SS1337    (3)    7 :  0.028 0.388 0.550 0.003 0.031 
460 NS_SS1385    (5)    7 :  0.298 0.022 0.607 0.004 0.069 
461 NS_SS1388    (0)    7 :  0.440 0.341 0.201 0.007 0.011 
462 NS_SS1370    (1)    7 :  0.025 0.801 0.025 0.009 0.139 
463 NS_SS1389    (3)    7 :  0.043 0.806 0.132 0.004 0.016 
464 NS_SS1360    (1)    7 :  0.097 0.179 0.068 0.005 0.651 
465 NS_SS1330    (0)    7 :  0.008 0.506 0.474 0.004 0.008 
466 NS_SS1328    (9)    7 :  0.045 0.037 0.029 0.002 0.886 
467 NS_SS1384    (1)    7 :  0.308 0.034 0.244 0.004 0.409 
468 NS_SS1381    (0)    7 :  0.031 0.028 0.930 0.001 0.010 
469 NS_SS1375    (1)    7 :  0.010 0.973 0.008 0.001 0.008 
470 NS_SS1319   (11)    7 :  0.749 0.154 0.007 0.082 0.008 
471 NS_SS1326    (2)    7 :  0.824 0.017 0.032 0.009 0.119 
472 NS_SS1341    (1)    7 :  0.764 0.017 0.183 0.005 0.031 
473 NS_SS1383    (2)    7 :  0.026 0.276 0.024 0.004 0.670 
474 NS_SS1318    (3)    7 :  0.094 0.027 0.691 0.017 0.171 
475 NS_SS1348    (2)    7 :  0.027 0.006 0.013 0.001 0.953 
476 NS_SS1363    (0)    7 :  0.064 0.770 0.133 0.005 0.027 
477 NS_SS1335    (4)    7 :  0.035 0.047 0.008 0.030 0.880 
478 NS_SS1358    (0)    7 :  0.204 0.024 0.340 0.017 0.415 
479 NS_SS1342    (1)    7 :  0.392 0.029 0.429 0.001 0.149 
480 NS_SS1320    (3)    7 :  0.006 0.047 0.935 0.006 0.006 
481 NS_SS1355    (1)    7 :  0.039 0.016 0.927 0.011 0.008 
482 NS_SS1345    (1)    7 :  0.004 0.005 0.886 0.014 0.091 
483 NS_SS1324    (0)    7 :  0.053 0.024 0.034 0.003 0.886 
484 NS_SS1347    (5)    7 :  0.089 0.100 0.042 0.005 0.765 
485 NS_SS1321    (4)    7 :  0.818 0.155 0.010 0.001 0.015 
486 NS_SS1333    (0)    7 :  0.183 0.774 0.008 0.002 0.032 
487 NS_SS1364    (1)    7 :  0.014 0.006 0.086 0.002 0.892 
488 NS_SS1379    (0)    7 :  0.138 0.098 0.465 0.064 0.236 
489 NS_SS1332    (0)    7 :  0.040 0.012 0.008 0.005 0.934 
490 NS_SS1338    (5)    7 :  0.037 0.420 0.009 0.007 0.527 
491 NS_SS1368    (6)    7 :  0.014 0.039 0.324 0.005 0.618 
492 NS_SS1354    (1)    7 :  0.022 0.020 0.923 0.013 0.023 
493 NS_SS1365    (0)    7 :  0.008 0.728 0.028 0.007 0.228 
494 NS_SS1380    (1)    7 :  0.028 0.014 0.938 0.016 0.004 
495 NS_SS1329    (8)    7 :  0.103 0.023 0.406 0.003 0.465 
496 NS_SS1362    (0)    7 :  0.472 0.062 0.426 0.005 0.035 
497 NS_SS1327    (2)    7 :  0.921 0.007 0.005 0.003 0.064 
498 NS_SS1350    (0)    7 :  0.966 0.012 0.008 0.007 0.008 
499 NS_SS1387    (2)    7 :  0.061 0.893 0.028 0.002 0.017 
500 NS_SS1369    (8)    7 :  0.029 0.012 0.012 0.003 0.944 
501 NS_SS1331    (1)    7 :  0.015 0.919 0.008 0.009 0.048 
502 NS_SS1357    (5)    7 :  0.899 0.030 0.034 0.003 0.034 
503 NS_SS1386    (1)    7 :  0.016 0.007 0.006 0.003 0.968 
504 NS_SS1353    (2)    7 :  0.103 0.125 0.704 0.004 0.064 
505 NS_SS1323    (0)    7 :  0.029 0.226 0.512 0.087 0.146 
506 HI_SS0296    (0)    8 :  0.326 0.070 0.022 0.002 0.580 
507 HI_SS0297    (0)    8 :  0.013 0.617 0.021 0.001 0.348 
508 HI_SS0299    (0)    8 :  0.049 0.014 0.370 0.030 0.537 
509 HI_SS0300    (0)    8 :  0.008 0.026 0.017 0.001 0.948 
510 HI_SS0301    (0)    8 :  0.052 0.593 0.048 0.004 0.304 
511 HI_SS0302    (0)    8 :  0.006 0.009 0.008 0.017 0.959 
512 HI_SS0303    (0)    8 :  0.696 0.010 0.020 0.005 0.269 
513 HI_SS0304    (0)    8 :  0.062 0.868 0.027 0.002 0.041 
514 HI_SS0306    (5)    8 :  0.009 0.005 0.005 0.002 0.978 
515 HI_SS0307    (1)    8 :  0.039 0.873 0.073 0.007 0.008 
516 HI_SS0308    (1)    8 :  0.010 0.486 0.030 0.093 0.381 
517 HI_SS0309    (0)    8 :  0.035 0.333 0.590 0.003 0.038 
518 HI_SS0310    (0)    8 :  0.016 0.019 0.839 0.007 0.119 
519 HI_SS0311    (4)    8 :  0.007 0.498 0.039 0.002 0.453 
520 HI_SS0314    (0)    8 :  0.012 0.248 0.028 0.001 0.710 
521 HI_SS0316    (1)    8 :  0.907 0.054 0.022 0.004 0.014 
522 HI_SS0317    (3)    8 :  0.054 0.784 0.059 0.002 0.101 
523 HI_SS0318    (1)    8 :  0.785 0.024 0.006 0.168 0.017 
524 HI_SS0319    (0)    8 :  0.912 0.010 0.007 0.003 0.068 
525 HI_SS0320    (3)    8 :  0.010 0.976 0.008 0.001 0.005 
526 HI_SS0321    (0)    8 :  0.752 0.195 0.007 0.001 0.045 
527 HI_SS0323    (1)    8 :  0.818 0.165 0.007 0.002 0.008 
528 HI_SS0325    (2)    8 :  0.075 0.066 0.055 0.002 0.801 
529 HI_SS0327    (1)    8 :  0.080 0.007 0.013 0.001 0.899 
530 HI_SS0329    (1)    8 :  0.065 0.644 0.142 0.001 0.149 
531 HI_SS0333    (1)    8 :  0.139 0.565 0.210 0.003 0.083 
532 HI_SS0334    (1)    8 :  0.921 0.009 0.021 0.001 0.047 
533 HI_SS0335    (1)    8 :  0.016 0.008 0.952 0.017 0.008 
534 HI_SS0339    (0)    8 :  0.016 0.017 0.943 0.012 0.011 
535 HI_SS0343    (2)    8 :  0.007 0.010 0.962 0.002 0.018 
536 HI_SS0344    (1)    8 :  0.549 0.008 0.004 0.003 0.436 
537 HI_SS0345    (3)    8 :  0.010 0.028 0.930 0.006 0.026 
538 HI_SS0346    (0)    8 :  0.019 0.617 0.022 0.004 0.338 
539 HI_SS0350    (1)    8 :  0.006 0.017 0.963 0.007 0.007 
540 HI_SS0351    (0)    8 :  0.014 0.014 0.838 0.003 0.131 
541 HI_SS0352    (3)    8 :  0.014 0.014 0.877 0.087 0.008 
542 HI_SS0362    (0)    8 :  0.012 0.072 0.005 0.002 0.909 
543 HI_SS0363    (1)    8 :  0.824 0.012 0.037 0.003 0.124 
544 HI_SS0365    (0)    8 :  0.917 0.020 0.020 0.004 0.038 
545 HI_SS0366    (0)    8 :  0.912 0.009 0.035 0.001 0.043 
546 HI_SS0367    (1)    8 :  0.015 0.010 0.968 0.002 0.005 
547 HI_SS0369    (1)    8 :  0.109 0.494 0.378 0.002 0.016 
548 HI_SS0370    (0)    8 :  0.844 0.021 0.101 0.003 0.031 
549 HI_SS0371    (4)    8 :  0.011 0.028 0.015 0.004 0.943 
550 HI_SS0373    (3)    8 :  0.011 0.895 0.009 0.008 0.077 
551 HI_SS0374    (0)    8 :  0.013 0.755 0.149 0.024 0.060 
552 HI_SS0377    (0)    8 :  0.021 0.033 0.075 0.088 0.783 
553 HI_SS0379    (1)    8 :  0.055 0.006 0.006 0.001 0.933 
554 HI_SS0380    (1)    8 :  0.024 0.032 0.914 0.007 0.024 
555 HI_SS0381    (2)    8 :  0.008 0.918 0.045 0.004 0.024 
556 HI_SS0384    (3)    8 :  0.890 0.040 0.018 0.008 0.044 
557 HI_SS0385    (1)    8 :  0.048 0.824 0.009 0.001 0.118 
558 HI_SS0386    (0)    9 :  0.002 0.002 0.002 0.993 0.001 
559 HI_SS0387    (0)    9 :  0.008 0.013 0.009 0.953 0.017 
560 HI_SS0389    (2)    9 :  0.005 0.003 0.004 0.985 0.003 
561 HI_SS0390    (2)    9 :  0.001 0.002 0.002 0.993 0.002 
562 HI_SS0391    (3)    9 :  0.003 0.003 0.004 0.988 0.002 
563 HI_SS0392    (0)    9 :  0.001 0.001 0.001 0.995 0.001 
564 HI_SS0393    (2)    9 :  0.002 0.001 0.001 0.994 0.002 
565 HI_SS0394    (2)    9 :  0.002 0.002 0.001 0.994 0.001 
566 HI_SS0395    (2)    9 :  0.004 0.005 0.003 0.985 0.003 
567 HI_SS0396    (2)    9 :  0.007 0.019 0.010 0.957 0.007 
568 HI_SS0398    (2)    9 :  0.006 0.004 0.006 0.977 0.007 
569 HI_SS0399    (2)    9 :  0.001 0.001 0.001 0.995 0.001 
570 HI_SS0400    (3)    9 :  0.002 0.002 0.002 0.992 0.002 
571 HI_SS0401    (5)    9 :  0.001 0.001 0.001 0.995 0.001 
572 HI_SS0402    (0)    9 :  0.001 0.002 0.001 0.994 0.001 
573 HI_SS0403    (0)    9 :  0.002 0.002 0.002 0.993 0.002 
574 HI_SS0404    (2)    9 :  0.001 0.001 0.001 0.995 0.001 
575 HI_SS0405    (2)    9 :  0.011 0.013 0.026 0.932 0.019 
576 HI_SS0406    (2)    9 :  0.002 0.002 0.002 0.991 0.002 
577 HI_SS0407    (0)    9 :  0.006 0.009 0.008 0.969 0.009 
578 HI_SS0408    (0)    9 :  0.002 0.001 0.002 0.995 0.001 
579 HI_SS0409    (2)    9 :  0.003 0.003 0.003 0.987 0.003 
580 HI_SS0411    (2)    9 :  0.003 0.003 0.003 0.989 0.002 
581 HI_SS0412   (11)    9 :  0.043 0.058 0.039 0.807 0.053 
582 HI_SS0413    (0)    9 :  0.002 0.002 0.003 0.991 0.002 
583 HI_SS0414    (2)    9 :  0.013 0.017 0.017 0.940 0.014 
584 HI_SS0415    (2)    9 :  0.002 0.002 0.002 0.993 0.002 
585 HI_SS0416    (2)    9 :  0.003 0.004 0.003 0.985 0.004 
586 HI_SS0418    (2)    9 :  0.004 0.004 0.005 0.981 0.006 
587 HI_SS0419    (3)    9 :  0.003 0.004 0.003 0.987 0.003 
588 HI_SS0420    (0)    9 :  0.003 0.002 0.003 0.991 0.002 
589 HI_SS0421    (4)    9 :  0.005 0.004 0.005 0.982 0.004 
590 HI_SS0422    (3)    9 :  0.002 0.001 0.002 0.994 0.002 
591 HI_SS0423    (2)    9 :  0.004 0.004 0.004 0.984 0.004 
592 HI_SS0424    (1)    9 :  0.002 0.002 0.002 0.993 0.002 
593 HI_SS0425    (0)    9 :  0.002 0.004 0.004 0.988 0.002 
594 NS_SS1146    (3)   10 :  0.004 0.002 0.002 0.989 0.003 
595 NS_SS1157    (1)   10 :  0.007 0.006 0.007 0.975 0.005 
596 NS_SS1144    (7)   10 :  0.017 0.017 0.016 0.931 0.019 
597 NS_SS1074    (3)   10 :  0.004 0.003 0.004 0.986 0.004 
598 NS_SS1122    (0)   10 :  0.005 0.003 0.005 0.981 0.005 
599 NS_SS1136    (2)   10 :  0.001 0.001 0.001 0.995 0.001 
600 NS_SS1077    (4)   10 :  0.001 0.001 0.001 0.997 0.001 
601 NS_SS1134    (2)   10 :  0.007 0.016 0.007 0.959 0.010 
602 NS_SS1091    (1)   10 :  0.003 0.003 0.002 0.991 0.002 
603 NS_SS1089   (10)   10 :  0.003 0.003 0.002 0.988 0.003 
604 NS_SS1123    (2)   10 :  0.002 0.001 0.002 0.994 0.001 
605 NS_SS1158    (3)   10 :  0.001 0.001 0.001 0.996 0.001 
606 NS_SS1093    (3)   10 :  0.003 0.002 0.002 0.990 0.003 
607 NS_SS1102    (5)   10 :  0.006 0.005 0.006 0.978 0.005 
608 NS_SS1056    (0)   10 :  0.002 0.002 0.002 0.992 0.002 
609 NS_SS1126    (2)   10 :  0.002 0.002 0.003 0.989 0.003 
610 NS_SS1058   (15)   10 :  0.005 0.004 0.004 0.984 0.003 
611 NS_SS1084    (2)   10 :  0.001 0.001 0.001 0.995 0.001 
612 NS_SS1095    (3)   10 :  0.009 0.005 0.005 0.974 0.007 
613 NS_SS1079    (3)   10 :  0.002 0.002 0.002 0.993 0.002 
614 NS_SS1149    (0)   10 :  0.003 0.002 0.003 0.990 0.002 
615 NS_SS1121    (0)   10 :  0.002 0.001 0.002 0.994 0.002 
616 NS_SS1067    (0)   10 :  0.004 0.007 0.006 0.978 0.005 
617 NS_SS1081    (2)   10 :  0.002 0.003 0.002 0.990 0.002 
618 NS_SS1130    (0)   10 :  0.003 0.004 0.003 0.987 0.003 
619 NS_SS1073    (2)   10 :  0.002 0.003 0.003 0.990 0.002 
620 NS_SS1133    (2)   10 :  0.004 0.011 0.010 0.970 0.004 
621 NS_SS1129    (2)   10 :  0.001 0.002 0.001 0.994 0.001 
622 NS_SS1085    (1)   10 :  0.002 0.002 0.002 0.992 0.003 
623 NS_SS1137    (2)   10 :  0.007 0.004 0.005 0.981 0.004 
624 NS_SS1135    (3)   10 :  0.001 0.001 0.002 0.995 0.001 
625 NS_SS1082    (3)   10 :  0.002 0.002 0.002 0.994 0.001 
