

----------------------------------------------------
STRUCTURE by Pritchard, Stephens and Donnelly (2000)
     and Falush, Stephens and Pritchard (2003)
       Code by Pritchard, Falush and Hubisz
             Version 2.3.4 (Jul 2012)
----------------------------------------------------



Command line arguments:   /home/genobiwan/Documents/Programs/Structure/structure -m parameter_job_k7_r4 
Input File:    /media/genobiwan/Storage/Projets/Mackerel_NWA_2021/data_job_k7_r4

Run parameters:
   629 individuals
   4140 loci
   7 populations assumed
   100000 Burn-in period
   200000 Reps


--------------------------------------------
Proportion of membership of each pre-defined
 population in each of the 7 clusters

Given    Inferred Clusters                                   Number of
 Pop       1      2      3      4      5      6      7      Individuals

  1:     0.169  0.013  0.186  0.133  0.157  0.165  0.178       67
  2:     0.114  0.009  0.212  0.044  0.227  0.187  0.207       32
  3:     0.141  0.014  0.126  0.112  0.206  0.194  0.205       92
  4:     0.195  0.016  0.045  0.201  0.260  0.153  0.130       36
  5:     0.205  0.020  0.117  0.197  0.188  0.107  0.165       41
  6:     0.184  0.014  0.165  0.185  0.138  0.187  0.127      158
  7:     0.166  0.011  0.171  0.201  0.163  0.131  0.156       79
  8:     0.129  0.015  0.128  0.233  0.190  0.123  0.184       52
  9:     0.006  0.971  0.004  0.004  0.005  0.005  0.005       36
 10:     0.004  0.976  0.004  0.003  0.004  0.004  0.004       36
--------------------------------------------

Allele-freq. divergence among pops (Net nucleotide distance),
computed using point estimates of P.

      1       2       3       4       5       6       7      
 1      -    0.0050  0.0003  0.0004  0.0003  0.0003  0.0002  
 2   0.0050     -    0.0050  0.0052  0.0050  0.0050  0.0050  
 3   0.0003  0.0050     -    0.0005  0.0003  0.0003  0.0003  
 4   0.0004  0.0052  0.0005     -    0.0004  0.0004  0.0004  
 5   0.0003  0.0050  0.0003  0.0004     -    0.0002  0.0003  
 6   0.0003  0.0050  0.0003  0.0004  0.0002     -    0.0003  
 7   0.0002  0.0050  0.0003  0.0004  0.0003  0.0003     -    

Average distances (expected heterozygosity) between individuals in same cluster:
cluster  1  : 0.3183 
cluster  2  : 0.3054 
cluster  3  : 0.3180 
cluster  4  : 0.3177 
cluster  5  : 0.3187 
cluster  6  : 0.3191 
cluster  7  : 0.3181 

--------------------------------------------
Estimated Ln Prob of Data   = -2474525.5
Mean value of ln likelihood = -2463662.3
Variance of ln likelihood   = 21726.5
Mean value of alpha         = 0.0429

Mean value of Fst_1         = 0.0037
Mean value of Fst_2         = 0.0389
Mean value of Fst_3         = 0.0047
Mean value of Fst_4         = 0.0051
Mean value of Fst_5         = 0.0032
Mean value of Fst_6         = 0.0035
Mean value of Fst_7         = 0.0039


Inferred ancestry of individuals:
        Label (%Miss) Pop:  Inferred clusters
  1 NS_SS0963    (4)    1 :  0.419 0.005 0.014 0.013 0.016 0.265 0.268 
  2 NS_SS0983    (1)    1 :  0.012 0.003 0.003 0.014 0.849 0.017 0.101 
  3 NS_SS0719    (9)    1 :  0.051 0.006 0.094 0.088 0.495 0.203 0.062 
  4 NS_SS1001    (8)    1 :  0.013 0.005 0.869 0.064 0.016 0.014 0.018 
  5 NS_SS0936    (4)    1 :  0.818 0.004 0.027 0.015 0.029 0.045 0.063 
  6 NS_SS0955    (6)    1 :  0.095 0.004 0.011 0.227 0.518 0.068 0.078 
  7 NS_SS0944    (3)    1 :  0.040 0.002 0.018 0.782 0.011 0.037 0.110 
  8 NS_SS0945    (3)    1 :  0.076 0.009 0.174 0.619 0.062 0.020 0.040 
  9 NS_SS0922    (2)    1 :  0.015 0.032 0.161 0.008 0.742 0.024 0.018 
 10 NS_SS0929    (7)    1 :  0.189 0.003 0.041 0.068 0.127 0.344 0.227 
 11 NS_SS0956    (1)    1 :  0.028 0.005 0.833 0.036 0.018 0.025 0.054 
 12 NS_SS0906    (3)    1 :  0.025 0.003 0.030 0.010 0.032 0.652 0.249 
 13 NS_SS0721    (6)    1 :  0.027 0.006 0.011 0.013 0.266 0.647 0.030 
 14 NS_SS0982    (4)    1 :  0.216 0.015 0.081 0.012 0.032 0.142 0.501 
 15 NS_SS0923    (6)    1 :  0.033 0.005 0.635 0.010 0.083 0.191 0.043 
 16 NS_SS0905    (6)    1 :  0.013 0.002 0.143 0.077 0.220 0.395 0.151 
 17 NS_SS0925    (3)    1 :  0.045 0.004 0.032 0.005 0.058 0.299 0.558 
 18 NS_SS0947    (6)    1 :  0.258 0.006 0.037 0.022 0.261 0.068 0.348 
 19 NS_SS0926    (2)    1 :  0.282 0.001 0.026 0.604 0.033 0.043 0.011 
 20 NS_SS0918    (6)    1 :  0.015 0.003 0.256 0.102 0.007 0.009 0.609 
 21 NS_SS0966    (4)    1 :  0.198 0.057 0.015 0.032 0.055 0.016 0.627 
 22 NS_SS0938    (2)    1 :  0.792 0.002 0.162 0.016 0.014 0.006 0.008 
 23 NS_SS0917    (2)    1 :  0.012 0.032 0.020 0.010 0.907 0.012 0.007 
 24 NS_SS0957   (11)    1 :  0.046 0.007 0.168 0.017 0.008 0.016 0.738 
 25 NS_SS0987    (1)    1 :  0.008 0.240 0.670 0.014 0.008 0.051 0.009 
 26 NS_SS0717    (4)    1 :  0.013 0.003 0.814 0.011 0.095 0.035 0.030 
 27 NS_SS0986    (2)    1 :  0.280 0.004 0.055 0.210 0.312 0.107 0.031 
 28 NS_SS0953    (3)    1 :  0.003 0.011 0.012 0.007 0.007 0.009 0.951 
 29 NS_SS0907    (3)    1 :  0.036 0.039 0.016 0.019 0.269 0.215 0.405 
 30 NS_SS0974    (6)    1 :  0.477 0.004 0.037 0.075 0.193 0.033 0.181 
 31 NS_SS0989    (1)    1 :  0.666 0.001 0.009 0.122 0.130 0.019 0.053 
 32 NS_SS0991    (3)    1 :  0.009 0.002 0.011 0.080 0.012 0.874 0.013 
 33 NS_SS0994    (2)    1 :  0.106 0.003 0.044 0.392 0.382 0.065 0.007 
 34 NS_SS0931    (6)    1 :  0.040 0.009 0.017 0.824 0.008 0.090 0.012 
 35 NS_SS1000    (5)    1 :  0.041 0.003 0.076 0.012 0.011 0.844 0.012 
 36 NS_SS0919    (1)    1 :  0.009 0.002 0.005 0.020 0.022 0.931 0.010 
 37 NS_SS0949    (4)    1 :  0.035 0.002 0.009 0.828 0.077 0.024 0.026 
 38 NS_SS0960   (10)    1 :  0.010 0.008 0.025 0.630 0.167 0.040 0.120 
 39 NS_SS0716    (2)    1 :  0.004 0.006 0.971 0.005 0.005 0.005 0.005 
 40 NS_SS0924    (8)    1 :  0.013 0.017 0.015 0.054 0.760 0.114 0.027 
 41 NS_SS0935    (2)    1 :  0.003 0.006 0.007 0.020 0.007 0.948 0.009 
 42 NS_SS0952   (14)    1 :  0.027 0.042 0.018 0.654 0.033 0.175 0.051 
 43 NS_SS0962   (11)    1 :  0.886 0.008 0.040 0.009 0.018 0.022 0.017 
 44 NS_SS0973    (5)    1 :  0.015 0.004 0.009 0.011 0.135 0.585 0.242 
 45 NS_SS0722    (1)    1 :  0.012 0.003 0.906 0.008 0.015 0.031 0.025 
 46 NS_SS0979   (13)    1 :  0.168 0.002 0.704 0.012 0.018 0.082 0.013 
 47 NS_SS0993    (2)    1 :  0.383 0.022 0.197 0.009 0.030 0.052 0.306 
 48 NS_SS0958    (1)    1 :  0.014 0.002 0.051 0.874 0.018 0.028 0.013 
 49 NS_SS0988    (4)    1 :  0.322 0.005 0.034 0.018 0.023 0.111 0.487 
 50 NS_SS1003    (2)    1 :  0.829 0.011 0.008 0.015 0.010 0.016 0.111 
 51 NS_SS0976    (1)    1 :  0.329 0.002 0.009 0.569 0.016 0.055 0.018 
 52 NS_SS0964   (10)    1 :  0.013 0.003 0.924 0.008 0.018 0.026 0.008 
 53 NS_SS0939    (4)    1 :  0.009 0.003 0.966 0.005 0.007 0.005 0.004 
 54 NS_SS0990    (6)    1 :  0.929 0.003 0.029 0.008 0.014 0.008 0.010 
 55 NS_SS0984    (2)    1 :  0.037 0.002 0.904 0.005 0.015 0.018 0.018 
 56 NS_SS0980   (10)    1 :  0.008 0.002 0.008 0.005 0.005 0.014 0.958 
 57 NS_SS0978    (4)    1 :  0.012 0.003 0.009 0.010 0.014 0.032 0.920 
 58 NS_SS0951   (18)    1 :  0.017 0.003 0.058 0.115 0.045 0.069 0.692 
 59 NS_SS0913    (3)    1 :  0.023 0.042 0.659 0.029 0.174 0.018 0.055 
 60 NS_SS1002    (1)    1 :  0.925 0.033 0.003 0.005 0.009 0.006 0.019 
 61 NS_SS0948    (1)    1 :  0.594 0.057 0.049 0.123 0.074 0.049 0.054 
 62 NS_SS0916    (4)    1 :  0.022 0.005 0.014 0.026 0.458 0.010 0.464 
 63 NS_SS0995    (1)    1 :  0.025 0.003 0.117 0.008 0.438 0.009 0.400 
 64 NS_SS0927    (6)    1 :  0.015 0.004 0.017 0.009 0.921 0.018 0.016 
 65 NS_SS0992    (5)    1 :  0.151 0.003 0.009 0.037 0.633 0.028 0.139 
 66 NS_SS0912    (1)    1 :  0.067 0.003 0.014 0.127 0.032 0.730 0.028 
 67 NS_SS0981    (1)    1 :  0.030 0.004 0.025 0.020 0.009 0.880 0.031 
 68 NS_SS0729    (5)    2 :  0.017 0.003 0.004 0.064 0.850 0.056 0.006 
 69 NS_SS0967   (15)    2 :  0.445 0.012 0.057 0.028 0.219 0.093 0.146 
 70 NS_SS0941    (8)    2 :  0.270 0.089 0.117 0.033 0.133 0.160 0.198 
 71 NS_SS0768   (12)    2 :  0.272 0.005 0.125 0.051 0.069 0.042 0.437 
 72 NS_SS0726    (5)    2 :  0.298 0.006 0.007 0.021 0.601 0.050 0.017 
 73 NS_SS0763    (4)    2 :  0.028 0.002 0.026 0.032 0.824 0.068 0.020 
 74 NS_SS0730    (6)    2 :  0.027 0.003 0.884 0.023 0.027 0.011 0.024 
 75 NS_SS0774    (2)    2 :  0.051 0.001 0.177 0.005 0.020 0.005 0.741 
 76 NS_SS0723    (3)    2 :  0.059 0.002 0.073 0.006 0.038 0.268 0.553 
 77 NS_SS0940   (10)    2 :  0.090 0.007 0.090 0.065 0.469 0.195 0.085 
 78 NS_SS0762    (1)    2 :  0.005 0.003 0.935 0.006 0.008 0.007 0.036 
 79 NS_SS0766   (11)    2 :  0.015 0.016 0.532 0.079 0.308 0.034 0.015 
 80 NS_SS0724    (1)    2 :  0.017 0.004 0.097 0.010 0.008 0.847 0.015 
 81 NS_SS0769    (3)    2 :  0.081 0.004 0.026 0.009 0.087 0.743 0.051 
 82 NS_SS0777    (1)    2 :  0.006 0.008 0.008 0.017 0.005 0.953 0.004 
 83 NS_SS0734    (6)    2 :  0.025 0.028 0.093 0.264 0.455 0.075 0.058 
 84 NS_SS0737    (3)    2 :  0.103 0.005 0.781 0.012 0.035 0.007 0.056 
 85 NS_SS0732    (5)    2 :  0.010 0.005 0.022 0.007 0.060 0.041 0.856 
 86 NS_SS0728    (5)    2 :  0.304 0.012 0.093 0.015 0.331 0.124 0.122 
 87 NS_SS0735    (9)    2 :  0.013 0.009 0.021 0.009 0.502 0.057 0.390 
 88 NS_SS0725    (1)    2 :  0.810 0.007 0.141 0.014 0.011 0.006 0.012 
 89 NS_SS0788    (2)    2 :  0.231 0.002 0.020 0.018 0.221 0.028 0.481 
 90 NS_SS0778    (2)    2 :  0.104 0.002 0.021 0.034 0.047 0.165 0.628 
 91 NS_SS0792    (6)    2 :  0.194 0.004 0.264 0.034 0.252 0.013 0.239 
 92 NS_SS0943   (11)    2 :  0.036 0.009 0.016 0.291 0.135 0.225 0.289 
 93 NS_SS0791    (2)    2 :  0.009 0.013 0.019 0.051 0.796 0.014 0.098 
 94 NS_SS0790    (5)    2 :  0.006 0.004 0.066 0.004 0.005 0.008 0.906 
 95 NS_SS0731    (6)    2 :  0.033 0.016 0.802 0.009 0.020 0.107 0.014 
 96 NS_SS0727    (7)    2 :  0.011 0.002 0.225 0.038 0.699 0.013 0.012 
 97 NS_SS0779   (13)    2 :  0.019 0.006 0.036 0.012 0.019 0.824 0.084 
 98 NS_SS0776    (3)    2 :  0.036 0.005 0.047 0.132 0.012 0.747 0.022 
 99 NS_SS0775    (5)    2 :  0.009 0.005 0.957 0.005 0.008 0.005 0.011 
100 NS_SS0965    (3)    3 :  0.021 0.002 0.030 0.017 0.014 0.895 0.021 
101 NS_SS0754   (14)    3 :  0.009 0.010 0.019 0.022 0.086 0.842 0.014 
102 NS_SS0838    (5)    3 :  0.677 0.041 0.029 0.027 0.181 0.018 0.026 
103 NS_SS0839    (3)    3 :  0.284 0.004 0.213 0.009 0.020 0.008 0.461 
104 NS_SS0832    (4)    3 :  0.129 0.050 0.078 0.005 0.030 0.326 0.382 
105 NS_SS0820    (5)    3 :  0.186 0.007 0.462 0.006 0.037 0.293 0.010 
106 NS_SS0886    (9)    3 :  0.026 0.002 0.017 0.043 0.865 0.018 0.029 
107 NS_SS0748    (5)    3 :  0.049 0.009 0.080 0.484 0.018 0.277 0.082 
108 NS_SS0884    (9)    3 :  0.134 0.025 0.044 0.022 0.057 0.020 0.697 
109 NS_SS0752    (4)    3 :  0.126 0.002 0.121 0.036 0.140 0.075 0.501 
110 NS_SS0862    (1)    3 :  0.010 0.004 0.032 0.007 0.037 0.138 0.771 
111 NS_SS0787    (9)    3 :  0.024 0.006 0.010 0.903 0.014 0.022 0.022 
112 NS_SS0843    (6)    3 :  0.018 0.002 0.014 0.005 0.027 0.908 0.026 
113 NS_SS0856    (4)    3 :  0.039 0.003 0.022 0.007 0.905 0.008 0.017 
114 NS_SS0846    (2)    3 :  0.095 0.003 0.006 0.046 0.042 0.702 0.107 
115 NS_SS0825    (1)    3 :  0.926 0.008 0.015 0.013 0.014 0.009 0.015 
116 NS_SS0757    (3)    3 :  0.071 0.004 0.042 0.064 0.110 0.245 0.464 
117 NS_SS0876    (3)    3 :  0.030 0.210 0.013 0.006 0.686 0.044 0.012 
118 NS_SS0903   (10)    3 :  0.008 0.003 0.006 0.005 0.040 0.015 0.923 
119 NS_SS0875    (7)    3 :  0.067 0.004 0.748 0.025 0.087 0.011 0.057 
120 NS_SS0740    (5)    3 :  0.025 0.003 0.026 0.007 0.113 0.796 0.029 
121 NS_SS0811    (5)    3 :  0.026 0.011 0.868 0.021 0.011 0.029 0.034 
122 NS_SS0751    (1)    3 :  0.683 0.003 0.041 0.175 0.019 0.052 0.027 
123 NS_SS0891    (6)    3 :  0.350 0.007 0.263 0.021 0.273 0.010 0.076 
124 NS_SS0867    (2)    3 :  0.052 0.023 0.010 0.047 0.053 0.316 0.499 
125 NS_SS0890    (6)    3 :  0.034 0.004 0.116 0.025 0.643 0.109 0.069 
126 NS_SS0866   (12)    3 :  0.077 0.005 0.019 0.081 0.786 0.006 0.025 
127 NS_SS0755    (4)    3 :  0.100 0.009 0.420 0.078 0.181 0.125 0.089 
128 NS_SS0758    (4)    3 :  0.040 0.002 0.009 0.015 0.862 0.061 0.011 
129 NS_SS0840    (2)    3 :  0.595 0.003 0.114 0.011 0.024 0.039 0.214 
130 NS_SS0889    (4)    3 :  0.149 0.002 0.015 0.354 0.343 0.080 0.057 
131 NS_SS1010    (1)    3 :  0.209 0.042 0.021 0.057 0.021 0.091 0.560 
132 NS_SS0888    (5)    3 :  0.006 0.001 0.028 0.057 0.822 0.077 0.008 
133 NS_SS0837    (3)    3 :  0.011 0.003 0.158 0.011 0.014 0.706 0.097 
134 NS_SS0794   (10)    3 :  0.009 0.002 0.015 0.931 0.025 0.007 0.011 
135 NS_SS0823    (5)    3 :  0.292 0.004 0.037 0.009 0.180 0.059 0.418 
136 NS_SS0829    (7)    3 :  0.006 0.122 0.016 0.585 0.020 0.213 0.038 
137 NS_SS0844    (5)    3 :  0.011 0.002 0.014 0.004 0.028 0.015 0.926 
138 NS_SS1008    (6)    3 :  0.011 0.014 0.703 0.106 0.062 0.091 0.013 
139 NS_SS0881    (3)    3 :  0.170 0.004 0.374 0.246 0.045 0.140 0.022 
140 NS_SS0834    (6)    3 :  0.912 0.006 0.010 0.009 0.025 0.009 0.028 
141 NS_SS0744   (10)    3 :  0.059 0.005 0.011 0.021 0.704 0.065 0.136 
142 NS_SS0899    (7)    3 :  0.041 0.002 0.036 0.004 0.009 0.031 0.879 
143 NS_SS0804    (5)    3 :  0.186 0.006 0.083 0.007 0.024 0.063 0.630 
144 NS_SS0781   (10)    3 :  0.562 0.004 0.033 0.006 0.018 0.054 0.324 
145 NS_SS0822    (6)    3 :  0.031 0.002 0.016 0.783 0.085 0.024 0.058 
146 NS_SS1004    (4)    3 :  0.079 0.004 0.015 0.036 0.019 0.789 0.058 
147 NS_SS0746    (5)    3 :  0.014 0.011 0.071 0.018 0.110 0.763 0.013 
148 NS_SS0880    (3)    3 :  0.268 0.002 0.020 0.122 0.008 0.024 0.557 
149 NS_SS0879    (5)    3 :  0.132 0.016 0.060 0.017 0.075 0.021 0.680 
150 NS_SS0753    (2)    3 :  0.009 0.009 0.008 0.024 0.015 0.913 0.021 
151 NS_SS1007    (3)    3 :  0.010 0.002 0.039 0.010 0.919 0.010 0.009 
152 NS_SS0872    (5)    3 :  0.612 0.003 0.043 0.022 0.121 0.090 0.110 
153 NS_SS1005    (7)    3 :  0.389 0.001 0.043 0.021 0.025 0.224 0.298 
154 NS_SS0892    (6)    3 :  0.071 0.002 0.061 0.022 0.042 0.791 0.010 
155 NS_SS0898    (0)    3 :  0.011 0.005 0.500 0.451 0.013 0.006 0.015 
156 NS_SS0801    (9)    3 :  0.022 0.011 0.028 0.007 0.050 0.847 0.036 
157 NS_SS0827    (9)    3 :  0.009 0.136 0.410 0.256 0.051 0.066 0.071 
158 NS_SS0853    (7)    3 :  0.010 0.006 0.557 0.013 0.213 0.148 0.053 
159 NS_SS0780    (2)    3 :  0.351 0.005 0.042 0.008 0.034 0.363 0.197 
160 NS_SS0826   (10)    3 :  0.911 0.003 0.005 0.031 0.010 0.019 0.021 
161 NS_SS0818    (5)    3 :  0.093 0.002 0.205 0.023 0.030 0.021 0.628 
162 NS_SS0745    (1)    3 :  0.035 0.001 0.901 0.013 0.003 0.038 0.009 
163 NS_SS0849    (3)    3 :  0.193 0.002 0.120 0.042 0.122 0.127 0.395 
164 NS_SS0739    (3)    3 :  0.059 0.013 0.067 0.021 0.615 0.009 0.215 
165 NS_SS0799    (1)    3 :  0.018 0.001 0.122 0.116 0.180 0.037 0.526 
166 NS_SS0756    (3)    3 :  0.065 0.004 0.013 0.006 0.011 0.008 0.892 
167 NS_SS0802    (2)    3 :  0.102 0.189 0.009 0.026 0.638 0.023 0.014 
168 NS_SS0747    (6)    3 :  0.023 0.006 0.009 0.005 0.067 0.808 0.082 
169 NS_SS0835    (1)    3 :  0.099 0.001 0.031 0.027 0.793 0.032 0.017 
170 NS_SS0742   (19)    3 :  0.217 0.001 0.027 0.016 0.174 0.013 0.552 
171 NS_SS0760    (9)    3 :  0.015 0.051 0.013 0.751 0.127 0.016 0.027 
172 NS_SS0803    (4)    3 :  0.007 0.008 0.007 0.006 0.028 0.019 0.924 
173 NS_SS0828   (14)    3 :  0.016 0.002 0.194 0.076 0.014 0.645 0.052 
174 NS_SS0865    (2)    3 :  0.325 0.030 0.019 0.033 0.100 0.210 0.283 
175 NS_SS0759    (5)    3 :  0.034 0.005 0.071 0.012 0.094 0.742 0.042 
176 NS_SS0851    (5)    3 :  0.061 0.012 0.881 0.011 0.007 0.009 0.019 
177 NS_SS0874   (16)    3 :  0.015 0.001 0.025 0.006 0.005 0.010 0.938 
178 NS_SS0761    (6)    3 :  0.035 0.004 0.020 0.408 0.384 0.105 0.043 
179 NS_SS0842   (26)    3 :  0.029 0.008 0.772 0.097 0.033 0.016 0.046 
180 NS_SS0785    (6)    3 :  0.018 0.005 0.013 0.021 0.071 0.715 0.158 
181 NS_SS0860   (11)    3 :  0.022 0.002 0.005 0.007 0.914 0.013 0.037 
182 NS_SS0897    (7)    3 :  0.007 0.002 0.009 0.946 0.023 0.006 0.007 
183 NS_SS0841   (15)    3 :  0.038 0.004 0.395 0.033 0.025 0.018 0.487 
184 NS_SS0797    (7)    3 :  0.021 0.036 0.059 0.831 0.022 0.018 0.013 
185 NS_SS0830   (11)    3 :  0.102 0.002 0.176 0.179 0.319 0.129 0.093 
186 NS_SS1011    (5)    3 :  0.791 0.005 0.003 0.005 0.009 0.014 0.174 
187 NS_SS0883    (5)    3 :  0.007 0.006 0.042 0.025 0.820 0.063 0.038 
188 NS_SS0782    (2)    3 :  0.011 0.003 0.019 0.010 0.939 0.007 0.011 
189 NS_SS0831    (5)    3 :  0.015 0.003 0.007 0.077 0.852 0.011 0.035 
190 NS_SS0749    (7)    3 :  0.011 0.005 0.009 0.020 0.180 0.755 0.021 
191 NS_SS0854    (2)    3 :  0.042 0.003 0.016 0.017 0.870 0.025 0.027 
192 HI_SS0193    (0)    4 :  0.010 0.002 0.009 0.945 0.016 0.008 0.010 
193 HI_SS0194    (1)    4 :  0.940 0.002 0.013 0.015 0.004 0.015 0.010 
194 HI_SS0195   (10)    4 :  0.651 0.106 0.079 0.011 0.014 0.014 0.125 
195 HI_SS0196    (6)    4 :  0.065 0.003 0.087 0.052 0.671 0.039 0.083 
196 HI_SS0197    (3)    4 :  0.969 0.008 0.004 0.002 0.006 0.006 0.006 
197 HI_SS0198    (1)    4 :  0.044 0.014 0.046 0.101 0.338 0.045 0.412 
198 HI_SS0199    (1)    4 :  0.013 0.003 0.019 0.021 0.844 0.035 0.064 
199 HI_SS0201    (5)    4 :  0.019 0.003 0.006 0.815 0.080 0.059 0.018 
200 HI_SS0215    (1)    4 :  0.066 0.003 0.006 0.024 0.516 0.353 0.032 
201 HI_SS0218    (1)    4 :  0.007 0.006 0.015 0.935 0.021 0.007 0.009 
202 HI_SS0222    (0)    4 :  0.014 0.004 0.018 0.012 0.932 0.012 0.007 
203 HI_SS0230    (1)    4 :  0.039 0.006 0.037 0.011 0.020 0.874 0.014 
204 HI_SS0234    (2)    4 :  0.024 0.136 0.019 0.010 0.750 0.020 0.041 
205 HI_SS0240    (1)    4 :  0.008 0.008 0.104 0.013 0.657 0.044 0.166 
206 HI_SS0241    (0)    4 :  0.225 0.002 0.032 0.108 0.605 0.021 0.008 
207 HI_SS0242    (0)    4 :  0.018 0.003 0.267 0.050 0.630 0.016 0.015 
208 HI_SS0247    (0)    4 :  0.187 0.021 0.006 0.008 0.004 0.016 0.759 
209 HI_SS0248    (1)    4 :  0.006 0.001 0.030 0.767 0.152 0.027 0.017 
210 HI_SS0252    (2)    4 :  0.150 0.002 0.056 0.017 0.043 0.040 0.691 
211 HI_SS0254    (0)    4 :  0.087 0.086 0.016 0.070 0.017 0.711 0.013 
212 HI_SS0256    (0)    4 :  0.286 0.001 0.036 0.004 0.006 0.053 0.614 
213 HI_SS0257    (0)    4 :  0.018 0.003 0.011 0.015 0.411 0.481 0.061 
214 HI_SS0258    (1)    4 :  0.008 0.005 0.010 0.783 0.022 0.162 0.010 
215 HI_SS0259    (1)    4 :  0.889 0.003 0.014 0.016 0.026 0.009 0.044 
216 HI_SS0260    (1)    4 :  0.022 0.002 0.060 0.282 0.245 0.365 0.025 
217 HI_SS0261    (2)    4 :  0.105 0.003 0.034 0.027 0.045 0.773 0.013 
218 HI_SS0262    (0)    4 :  0.327 0.006 0.089 0.011 0.481 0.009 0.077 
219 HI_SS0264    (0)    4 :  0.068 0.004 0.052 0.010 0.008 0.842 0.016 
220 HI_SS0265    (0)    4 :  0.463 0.111 0.184 0.016 0.085 0.088 0.054 
221 HI_SS0268    (1)    4 :  0.036 0.003 0.032 0.871 0.028 0.015 0.014 
222 HI_SS0269    (0)    4 :  0.034 0.002 0.005 0.119 0.801 0.008 0.031 
223 HI_SS0273    (0)    4 :  0.066 0.002 0.025 0.714 0.120 0.038 0.036 
224 HI_SS0277    (1)    4 :  0.902 0.002 0.008 0.011 0.017 0.017 0.043 
225 HI_SS0280    (0)    4 :  0.126 0.006 0.155 0.241 0.033 0.043 0.395 
226 HI_SS0282    (1)    4 :  0.061 0.001 0.005 0.097 0.012 0.085 0.738 
227 HI_SS0286    (1)    4 :  0.069 0.007 0.012 0.032 0.706 0.151 0.022 
228 NS_SS1252    (3)    5 :  0.018 0.003 0.013 0.043 0.899 0.017 0.007 
229 NS_SS1261    (1)    5 :  0.663 0.017 0.019 0.019 0.028 0.030 0.224 
230 NS_SS1225   (10)    5 :  0.030 0.066 0.006 0.036 0.015 0.811 0.036 
231 NS_SS1266    (1)    5 :  0.416 0.009 0.012 0.005 0.015 0.033 0.509 
232 NS_SS1228    (0)    5 :  0.084 0.017 0.533 0.019 0.041 0.021 0.286 
233 NS_SS1255    (3)    5 :  0.041 0.001 0.418 0.110 0.252 0.006 0.170 
234 NS_SS1267    (3)    5 :  0.006 0.010 0.007 0.046 0.918 0.008 0.005 
235 NS_SS1238    (6)    5 :  0.126 0.003 0.013 0.830 0.008 0.013 0.007 
236 NS_SS1233    (8)    5 :  0.024 0.003 0.256 0.631 0.014 0.030 0.042 
237 NS_SS1277    (3)    5 :  0.006 0.001 0.189 0.759 0.022 0.015 0.008 
238 NS_SS1245    (1)    5 :  0.220 0.002 0.032 0.089 0.479 0.128 0.050 
239 NS_SS1240    (4)    5 :  0.018 0.002 0.005 0.049 0.868 0.043 0.015 
240 NS_SS1275    (2)    5 :  0.958 0.003 0.012 0.004 0.008 0.008 0.008 
241 NS_SS1235    (1)    5 :  0.541 0.008 0.061 0.050 0.223 0.032 0.085 
242 NS_SS1263    (1)    5 :  0.131 0.001 0.026 0.012 0.009 0.049 0.773 
243 NS_SS1251    (2)    5 :  0.077 0.001 0.012 0.009 0.020 0.144 0.736 
244 NS_SS1248    (0)    5 :  0.033 0.127 0.018 0.664 0.024 0.074 0.060 
245 NS_SS1244    (0)    5 :  0.298 0.006 0.007 0.619 0.017 0.010 0.042 
246 NS_SS1257    (1)    5 :  0.013 0.020 0.007 0.156 0.773 0.011 0.020 
247 NS_SS1242    (2)    5 :  0.030 0.003 0.815 0.012 0.019 0.038 0.082 
248 NS_SS1271    (6)    5 :  0.013 0.037 0.048 0.762 0.100 0.024 0.015 
249 NS_SS1265    (1)    5 :  0.229 0.022 0.030 0.244 0.203 0.239 0.033 
250 NS_SS1243    (0)    5 :  0.026 0.108 0.434 0.139 0.070 0.098 0.126 
251 NS_SS1273    (1)    5 :  0.034 0.010 0.921 0.009 0.009 0.006 0.012 
252 NS_SS1254   (14)    5 :  0.030 0.006 0.196 0.007 0.011 0.009 0.742 
253 NS_SS1224    (1)    5 :  0.026 0.007 0.039 0.005 0.183 0.275 0.465 
254 NS_SS1227    (8)    5 :  0.016 0.002 0.182 0.016 0.009 0.769 0.006 
255 NS_SS1274    (9)    5 :  0.017 0.017 0.011 0.127 0.046 0.314 0.469 
256 NS_SS1241    (1)    5 :  0.027 0.001 0.010 0.893 0.007 0.016 0.046 
257 NS_SS1256    (3)    5 :  0.648 0.037 0.019 0.069 0.014 0.050 0.163 
258 NS_SS1260    (8)    5 :  0.007 0.048 0.010 0.014 0.896 0.014 0.011 
259 NS_SS1262    (0)    5 :  0.157 0.173 0.054 0.150 0.029 0.349 0.089 
260 NS_SS1230    (0)    5 :  0.041 0.008 0.028 0.704 0.035 0.166 0.018 
261 NS_SS1270    (2)    5 :  0.562 0.002 0.009 0.014 0.007 0.350 0.056 
262 NS_SS1229    (2)    5 :  0.928 0.005 0.005 0.003 0.010 0.015 0.034 
263 NS_SS1246    (5)    5 :  0.887 0.003 0.007 0.045 0.031 0.010 0.016 
264 NS_SS1269    (0)    5 :  0.039 0.003 0.039 0.115 0.593 0.048 0.163 
265 NS_SS1239    (1)    5 :  0.019 0.005 0.116 0.012 0.439 0.032 0.376 
266 NS_SS1272    (5)    5 :  0.954 0.005 0.008 0.006 0.010 0.006 0.010 
267 NS_SS1268    (1)    5 :  0.020 0.003 0.139 0.028 0.012 0.045 0.754 
268 NS_SS1249    (1)    5 :  0.007 0.014 0.031 0.568 0.348 0.016 0.017 
269 HI_SS0559    (0)    6 :  0.005 0.002 0.080 0.050 0.020 0.748 0.095 
270 HI_SS0563    (1)    6 :  0.008 0.003 0.011 0.125 0.212 0.019 0.620 
271 HI_SS0564    (0)    6 :  0.088 0.066 0.025 0.015 0.101 0.010 0.695 
272 HI_SS0565    (0)    6 :  0.591 0.003 0.025 0.030 0.132 0.075 0.145 
273 HI_SS0569    (1)    6 :  0.007 0.002 0.005 0.098 0.008 0.870 0.010 
274 HI_SS0570    (0)    6 :  0.021 0.046 0.009 0.894 0.015 0.009 0.006 
275 HI_SS0572    (1)    6 :  0.106 0.003 0.308 0.007 0.454 0.027 0.094 
276 HI_SS0576    (1)    6 :  0.025 0.006 0.594 0.068 0.022 0.249 0.037 
277 HI_SS0579    (1)    6 :  0.005 0.009 0.005 0.009 0.010 0.948 0.015 
278 HI_SS0580    (1)    6 :  0.010 0.005 0.897 0.014 0.045 0.013 0.017 
279 HI_SS0581    (0)    6 :  0.867 0.063 0.011 0.006 0.022 0.010 0.021 
280 HI_SS0583    (1)    6 :  0.170 0.003 0.317 0.021 0.397 0.070 0.022 
281 HI_SS0586    (1)    6 :  0.011 0.001 0.020 0.564 0.044 0.344 0.016 
282 HI_SS0588    (1)    6 :  0.011 0.018 0.014 0.045 0.085 0.818 0.009 
283 HI_SS0595    (4)    6 :  0.036 0.032 0.105 0.673 0.093 0.024 0.038 
284 HI_SS0596    (0)    6 :  0.011 0.002 0.929 0.008 0.013 0.015 0.022 
285 HI_SS0597    (1)    6 :  0.930 0.002 0.018 0.008 0.012 0.008 0.021 
286 HI_SS0600    (0)    6 :  0.048 0.003 0.006 0.017 0.247 0.016 0.664 
287 HI_SS0601    (1)    6 :  0.009 0.008 0.007 0.007 0.005 0.889 0.074 
288 HI_SS0602    (1)    6 :  0.005 0.002 0.015 0.008 0.044 0.920 0.005 
289 HI_SS0604    (0)    6 :  0.069 0.002 0.049 0.060 0.111 0.698 0.010 
290 HI_SS0605    (1)    6 :  0.008 0.006 0.012 0.011 0.940 0.012 0.011 
291 HI_SS0608    (0)    6 :  0.021 0.001 0.876 0.064 0.008 0.015 0.014 
292 HI_SS0609    (0)    6 :  0.147 0.001 0.059 0.024 0.023 0.016 0.730 
293 HI_SS0611    (5)    6 :  0.016 0.003 0.302 0.099 0.497 0.020 0.063 
294 HI_SS0612    (0)    6 :  0.014 0.007 0.005 0.012 0.025 0.024 0.914 
295 HI_SS0613    (1)    6 :  0.019 0.002 0.024 0.011 0.822 0.099 0.024 
296 HI_SS0615    (1)    6 :  0.032 0.011 0.494 0.017 0.347 0.036 0.063 
297 HI_SS0001    (1)    6 :  0.806 0.004 0.029 0.065 0.039 0.010 0.047 
298 HI_SS0002    (1)    6 :  0.628 0.033 0.037 0.007 0.037 0.201 0.057 
299 HI_SS0004    (0)    6 :  0.024 0.005 0.032 0.569 0.327 0.028 0.014 
300 HI_SS0005    (1)    6 :  0.077 0.010 0.058 0.398 0.149 0.282 0.026 
301 HI_SS0006    (1)    6 :  0.592 0.002 0.012 0.028 0.110 0.134 0.122 
302 HI_SS0007    (1)    6 :  0.019 0.003 0.044 0.849 0.055 0.017 0.014 
303 HI_SS0008    (0)    6 :  0.015 0.023 0.009 0.008 0.010 0.927 0.009 
304 HI_SS0009    (0)    6 :  0.005 0.005 0.882 0.015 0.018 0.023 0.052 
305 HI_SS0010    (1)    6 :  0.014 0.005 0.109 0.716 0.015 0.122 0.019 
306 HI_SS0011    (1)    6 :  0.610 0.103 0.064 0.079 0.008 0.113 0.023 
307 HI_SS0012    (0)    6 :  0.033 0.006 0.048 0.008 0.152 0.045 0.707 
308 HI_SS0017    (1)    6 :  0.263 0.002 0.641 0.056 0.013 0.013 0.011 
309 HI_SS0021    (1)    6 :  0.102 0.242 0.230 0.192 0.109 0.114 0.012 
310 HI_SS0024    (1)    6 :  0.607 0.002 0.177 0.100 0.056 0.010 0.048 
311 HI_SS0025    (1)    6 :  0.007 0.004 0.915 0.008 0.046 0.013 0.007 
312 HI_SS0027    (0)    6 :  0.004 0.017 0.013 0.669 0.065 0.150 0.082 
313 HI_SS0028    (0)    6 :  0.056 0.002 0.793 0.016 0.008 0.104 0.021 
314 HI_SS0029    (1)    6 :  0.023 0.009 0.868 0.014 0.045 0.026 0.015 
315 HI_SS0030    (2)    6 :  0.187 0.005 0.024 0.055 0.393 0.323 0.014 
316 HI_SS0031    (0)    6 :  0.016 0.003 0.076 0.011 0.024 0.829 0.041 
317 HI_SS0034    (0)    6 :  0.011 0.004 0.007 0.056 0.169 0.737 0.016 
318 HI_SS0036    (0)    6 :  0.129 0.019 0.055 0.606 0.102 0.082 0.006 
319 HI_SS0037    (1)    6 :  0.007 0.005 0.045 0.837 0.037 0.044 0.024 
320 HI_SS0039    (0)    6 :  0.148 0.003 0.072 0.293 0.013 0.455 0.015 
321 HI_SS0041    (1)    6 :  0.042 0.002 0.848 0.008 0.057 0.012 0.032 
322 HI_SS0042    (1)    6 :  0.324 0.120 0.326 0.010 0.187 0.005 0.028 
323 HI_SS0043    (1)    6 :  0.031 0.004 0.007 0.871 0.031 0.039 0.018 
324 HI_SS0044    (1)    6 :  0.013 0.003 0.866 0.095 0.013 0.007 0.004 
325 HI_SS0047    (1)    6 :  0.588 0.003 0.013 0.006 0.089 0.295 0.006 
326 HI_SS0049    (1)    6 :  0.013 0.004 0.813 0.024 0.009 0.122 0.015 
327 HI_SS0051    (1)    6 :  0.005 0.002 0.007 0.013 0.914 0.018 0.041 
328 HI_SS0053    (1)    6 :  0.126 0.005 0.007 0.085 0.043 0.724 0.010 
329 HI_SS0054    (4)    6 :  0.012 0.003 0.006 0.214 0.004 0.755 0.007 
330 HI_SS0057    (0)    6 :  0.848 0.003 0.016 0.049 0.016 0.016 0.053 
331 HI_SS0058    (0)    6 :  0.032 0.007 0.027 0.061 0.579 0.105 0.187 
332 HI_SS0060    (0)    6 :  0.011 0.094 0.012 0.582 0.038 0.235 0.028 
333 HI_SS0087    (1)    6 :  0.139 0.003 0.014 0.090 0.233 0.491 0.029 
334 HI_SS0091    (1)    6 :  0.387 0.001 0.004 0.041 0.221 0.018 0.328 
335 HI_SS0095    (1)    6 :  0.040 0.037 0.005 0.006 0.765 0.130 0.017 
336 HI_SS0097    (3)    6 :  0.030 0.004 0.009 0.011 0.014 0.341 0.591 
337 HI_SS0099    (1)    6 :  0.010 0.004 0.957 0.005 0.008 0.010 0.006 
338 HI_SS0103    (0)    6 :  0.369 0.003 0.027 0.015 0.291 0.099 0.196 
339 HI_SS0105    (1)    6 :  0.583 0.032 0.010 0.018 0.020 0.145 0.192 
340 HI_SS0107    (1)    6 :  0.779 0.001 0.163 0.007 0.013 0.010 0.027 
341 HI_SS0108    (1)    6 :  0.011 0.027 0.004 0.879 0.042 0.021 0.015 
342 HI_SS0110    (0)    6 :  0.880 0.001 0.016 0.011 0.028 0.034 0.029 
343 HI_SS0111    (1)    6 :  0.052 0.035 0.027 0.010 0.677 0.025 0.173 
344 HI_SS0112    (0)    6 :  0.004 0.001 0.004 0.977 0.003 0.004 0.007 
345 HI_SS0113    (1)    6 :  0.886 0.003 0.026 0.005 0.036 0.020 0.023 
346 HI_SS0114    (1)    6 :  0.012 0.005 0.018 0.205 0.241 0.495 0.024 
347 HI_SS0115    (1)    6 :  0.004 0.016 0.184 0.021 0.123 0.610 0.042 
348 HI_SS0116    (4)    6 :  0.010 0.003 0.924 0.017 0.026 0.010 0.010 
349 HI_SS0117    (0)    6 :  0.524 0.002 0.005 0.240 0.026 0.183 0.021 
350 HI_SS0118    (0)    6 :  0.050 0.013 0.122 0.061 0.725 0.014 0.015 
351 HI_SS0119    (1)    6 :  0.142 0.002 0.003 0.049 0.082 0.029 0.693 
352 HI_SS0120    (1)    6 :  0.959 0.002 0.011 0.007 0.010 0.004 0.006 
353 HI_SS0121    (0)    6 :  0.889 0.002 0.017 0.004 0.011 0.011 0.066 
354 HI_SS0122    (2)    6 :  0.516 0.025 0.095 0.226 0.081 0.009 0.048 
355 HI_SS0123    (0)    6 :  0.443 0.005 0.009 0.008 0.101 0.032 0.402 
356 HI_SS0124    (1)    6 :  0.036 0.003 0.735 0.009 0.007 0.012 0.197 
357 HI_SS0125    (1)    6 :  0.197 0.039 0.390 0.006 0.198 0.141 0.030 
358 HI_SS0126    (0)    6 :  0.013 0.001 0.032 0.921 0.016 0.010 0.007 
359 HI_SS0127    (0)    6 :  0.005 0.007 0.011 0.012 0.011 0.948 0.007 
360 HI_SS0128    (0)    6 :  0.248 0.004 0.038 0.090 0.154 0.434 0.032 
361 HI_SS0129    (1)    6 :  0.087 0.011 0.044 0.285 0.541 0.020 0.013 
362 HI_SS0131    (2)    6 :  0.007 0.028 0.010 0.934 0.005 0.006 0.009 
363 HI_SS0132    (0)    6 :  0.265 0.001 0.026 0.236 0.018 0.039 0.415 
364 HI_SS0133    (1)    6 :  0.003 0.001 0.003 0.985 0.003 0.003 0.003 
365 HI_SS0134    (1)    6 :  0.542 0.002 0.040 0.094 0.085 0.111 0.126 
366 HI_SS0142    (3)    6 :  0.014 0.015 0.008 0.005 0.010 0.937 0.011 
367 HI_SS0145    (0)    6 :  0.007 0.001 0.008 0.013 0.009 0.900 0.063 
368 HI_SS0146    (1)    6 :  0.006 0.001 0.023 0.936 0.011 0.008 0.015 
369 HI_SS0147    (1)    6 :  0.330 0.030 0.052 0.009 0.091 0.075 0.412 
370 HI_SS0149    (1)    6 :  0.909 0.004 0.010 0.051 0.005 0.006 0.016 
371 HI_SS0150    (2)    6 :  0.082 0.005 0.655 0.025 0.054 0.055 0.124 
372 HI_SS0151    (0)    6 :  0.005 0.012 0.013 0.027 0.899 0.022 0.022 
373 NS_SS1451    (1)    6 :  0.079 0.004 0.241 0.015 0.013 0.034 0.613 
374 NS_SS1404    (0)    6 :  0.107 0.012 0.591 0.021 0.134 0.022 0.112 
375 NS_SS1432    (2)    6 :  0.165 0.045 0.724 0.005 0.022 0.015 0.024 
376 NS_SS1405    (5)    6 :  0.009 0.003 0.543 0.187 0.166 0.009 0.083 
377 NS_SS1431   (10)    6 :  0.950 0.001 0.014 0.005 0.007 0.008 0.015 
378 NS_SS1402    (3)    6 :  0.202 0.002 0.035 0.016 0.142 0.012 0.591 
379 NS_SS1450    (3)    6 :  0.092 0.004 0.017 0.093 0.141 0.631 0.022 
380 NS_SS1396    (0)    6 :  0.647 0.007 0.107 0.039 0.050 0.042 0.107 
381 NS_SS1393    (5)    6 :  0.013 0.003 0.049 0.009 0.786 0.112 0.028 
382 NS_SS1392   (10)    6 :  0.049 0.021 0.472 0.034 0.306 0.021 0.097 
383 NS_SS1445    (0)    6 :  0.012 0.008 0.008 0.010 0.015 0.942 0.006 
384 NS_SS1423    (0)    6 :  0.378 0.001 0.016 0.454 0.075 0.056 0.021 
385 NS_SS1421    (9)    6 :  0.076 0.080 0.007 0.803 0.009 0.006 0.018 
386 NS_SS1411    (6)    6 :  0.017 0.002 0.022 0.852 0.067 0.024 0.016 
387 NS_SS1453    (6)    6 :  0.579 0.007 0.011 0.033 0.334 0.023 0.013 
388 NS_SS1442    (3)    6 :  0.078 0.004 0.036 0.097 0.199 0.524 0.062 
389 NS_SS1422    (1)    6 :  0.012 0.010 0.010 0.007 0.020 0.025 0.917 
390 NS_SS1419    (1)    6 :  0.007 0.169 0.263 0.013 0.010 0.024 0.514 
391 NS_SS1427    (0)    6 :  0.006 0.002 0.025 0.826 0.117 0.014 0.008 
392 NS_SS1444    (4)    6 :  0.010 0.004 0.905 0.014 0.035 0.020 0.012 
393 NS_SS1455    (0)    6 :  0.455 0.001 0.067 0.009 0.013 0.006 0.450 
394 NS_SS1425    (2)    6 :  0.008 0.002 0.005 0.921 0.018 0.034 0.012 
395 NS_SS1400    (0)    6 :  0.013 0.001 0.026 0.910 0.009 0.025 0.016 
396 NS_SS1406    (2)    6 :  0.106 0.007 0.007 0.004 0.007 0.071 0.798 
397 NS_SS1417    (6)    6 :  0.200 0.007 0.087 0.210 0.024 0.022 0.449 
398 NS_SS1454    (3)    6 :  0.500 0.001 0.027 0.286 0.024 0.036 0.126 
399 NS_SS1412    (1)    6 :  0.390 0.022 0.034 0.078 0.318 0.097 0.061 
400 NS_SS1438    (1)    6 :  0.017 0.001 0.007 0.055 0.609 0.035 0.276 
401 NS_SS1416    (4)    6 :  0.024 0.005 0.015 0.005 0.041 0.007 0.903 
402 NS_SS1401    (0)    6 :  0.797 0.013 0.060 0.063 0.016 0.009 0.042 
403 NS_SS1424    (6)    6 :  0.050 0.014 0.013 0.106 0.017 0.029 0.772 
404 NS_SS1435   (10)    6 :  0.042 0.003 0.091 0.647 0.014 0.194 0.010 
405 NS_SS1447    (4)    6 :  0.099 0.007 0.423 0.036 0.052 0.362 0.021 
406 NS_SS1414    (3)    6 :  0.015 0.009 0.883 0.013 0.008 0.029 0.044 
407 NS_SS1449   (14)    6 :  0.132 0.004 0.006 0.007 0.025 0.005 0.821 
408 NS_SS1443    (4)    6 :  0.017 0.002 0.007 0.186 0.070 0.607 0.110 
409 NS_SS1434    (1)    6 :  0.187 0.001 0.057 0.155 0.541 0.008 0.051 
410 NS_SS1398    (1)    6 :  0.034 0.029 0.164 0.296 0.422 0.039 0.016 
411 NS_SS1426    (1)    6 :  0.018 0.002 0.009 0.041 0.102 0.818 0.010 
412 NS_SS1413    (0)    6 :  0.011 0.010 0.009 0.948 0.006 0.010 0.006 
413 NS_SS1395    (1)    6 :  0.017 0.008 0.007 0.013 0.038 0.910 0.006 
414 NS_SS1448   (10)    6 :  0.015 0.002 0.043 0.910 0.009 0.015 0.007 
415 NS_SS1446    (0)    6 :  0.223 0.003 0.011 0.027 0.678 0.021 0.038 
416 NS_SS1403    (2)    6 :  0.501 0.007 0.029 0.012 0.146 0.036 0.269 
417 NS_SS1415    (0)    6 :  0.011 0.011 0.013 0.845 0.017 0.088 0.016 
418 NS_SS1437    (4)    6 :  0.409 0.009 0.209 0.069 0.043 0.167 0.094 
419 NS_SS1439    (2)    6 :  0.023 0.003 0.013 0.004 0.017 0.927 0.013 
420 NS_SS1441    (3)    6 :  0.038 0.002 0.022 0.405 0.014 0.415 0.105 
421 NS_SS1420    (2)    6 :  0.008 0.003 0.943 0.004 0.016 0.008 0.018 
422 NS_SS1394    (2)    6 :  0.018 0.037 0.331 0.009 0.021 0.546 0.037 
423 NS_SS1391    (7)    6 :  0.035 0.013 0.094 0.076 0.039 0.737 0.007 
424 NS_SS1410    (5)    6 :  0.696 0.014 0.062 0.111 0.065 0.009 0.043 
425 NS_SS1408    (1)    6 :  0.197 0.052 0.011 0.018 0.675 0.026 0.020 
426 NS_SS1409    (1)    6 :  0.152 0.003 0.075 0.017 0.354 0.050 0.348 
427 HI_SS0617    (1)    7 :  0.023 0.001 0.011 0.005 0.908 0.008 0.046 
428 HI_SS0618    (2)    7 :  0.017 0.002 0.137 0.012 0.237 0.041 0.554 
429 HI_SS0619    (0)    7 :  0.039 0.003 0.876 0.035 0.025 0.013 0.010 
430 HI_SS0620    (1)    7 :  0.004 0.003 0.009 0.935 0.022 0.016 0.010 
431 HI_SS0621    (3)    7 :  0.060 0.015 0.174 0.010 0.247 0.015 0.479 
432 HI_SS0622    (1)    7 :  0.034 0.013 0.059 0.283 0.031 0.393 0.186 
433 HI_SS0626    (0)    7 :  0.021 0.009 0.815 0.066 0.028 0.045 0.016 
434 HI_SS0627    (0)    7 :  0.888 0.009 0.037 0.012 0.014 0.010 0.031 
435 HI_SS0628    (3)    7 :  0.076 0.060 0.043 0.545 0.256 0.008 0.012 
436 HI_SS0629    (1)    7 :  0.143 0.007 0.068 0.052 0.320 0.073 0.336 
437 HI_SS0630    (1)    7 :  0.014 0.065 0.282 0.471 0.110 0.011 0.047 
438 HI_SS0631    (0)    7 :  0.020 0.001 0.013 0.842 0.041 0.058 0.027 
439 HI_SS0632    (0)    7 :  0.041 0.003 0.069 0.611 0.079 0.047 0.149 
440 HI_SS0633    (0)    7 :  0.007 0.003 0.949 0.004 0.016 0.012 0.010 
441 HI_SS0634    (1)    7 :  0.314 0.002 0.048 0.029 0.404 0.009 0.195 
442 HI_SS0635    (0)    7 :  0.014 0.014 0.439 0.060 0.048 0.114 0.310 
443 HI_SS0637    (1)    7 :  0.013 0.003 0.005 0.004 0.836 0.070 0.068 
444 HI_SS0638    (0)    7 :  0.192 0.001 0.046 0.512 0.023 0.082 0.143 
445 HI_SS0639    (1)    7 :  0.028 0.055 0.434 0.005 0.193 0.135 0.149 
446 HI_SS0640    (1)    7 :  0.006 0.002 0.015 0.012 0.013 0.932 0.020 
447 HI_SS0641    (1)    7 :  0.004 0.004 0.263 0.048 0.636 0.032 0.013 
448 HI_SS0642    (0)    7 :  0.793 0.002 0.012 0.010 0.007 0.068 0.107 
449 HI_SS0645    (0)    7 :  0.005 0.001 0.481 0.012 0.006 0.003 0.492 
450 HI_SS0646    (1)    7 :  0.027 0.002 0.008 0.005 0.011 0.938 0.007 
451 HI_SS0647    (1)    7 :  0.348 0.001 0.074 0.494 0.021 0.010 0.051 
452 HI_SS0648    (0)    7 :  0.018 0.003 0.221 0.041 0.033 0.483 0.200 
453 HI_SS0649    (1)    7 :  0.017 0.002 0.465 0.021 0.430 0.042 0.024 
454 HI_SS0650    (1)    7 :  0.025 0.004 0.023 0.006 0.896 0.029 0.017 
455 HI_SS0651    (1)    7 :  0.015 0.004 0.042 0.025 0.104 0.530 0.280 
456 HI_SS0652    (1)    7 :  0.012 0.003 0.837 0.009 0.103 0.029 0.006 
457 NS_SS1371    (3)    7 :  0.015 0.005 0.008 0.009 0.914 0.037 0.013 
458 NS_SS1374    (0)    7 :  0.107 0.002 0.042 0.665 0.149 0.013 0.022 
459 NS_SS1337    (3)    7 :  0.658 0.005 0.045 0.018 0.086 0.009 0.180 
460 NS_SS1385    (5)    7 :  0.584 0.005 0.028 0.017 0.041 0.056 0.268 
461 NS_SS1388    (0)    7 :  0.013 0.007 0.910 0.030 0.016 0.013 0.011 
462 NS_SS1370    (1)    7 :  0.157 0.013 0.018 0.079 0.034 0.016 0.684 
463 NS_SS1389    (3)    7 :  0.007 0.003 0.966 0.007 0.006 0.005 0.006 
464 NS_SS1360    (1)    7 :  0.008 0.003 0.009 0.084 0.033 0.838 0.026 
465 NS_SS1330    (0)    7 :  0.023 0.004 0.111 0.007 0.128 0.282 0.445 
466 NS_SS1328    (9)    7 :  0.064 0.003 0.024 0.803 0.059 0.022 0.026 
467 NS_SS1384    (1)    7 :  0.015 0.004 0.006 0.008 0.013 0.942 0.012 
468 NS_SS1381    (0)    7 :  0.047 0.001 0.021 0.009 0.260 0.014 0.647 
469 NS_SS1375    (1)    7 :  0.008 0.001 0.936 0.018 0.006 0.019 0.011 
470 NS_SS1319   (11)    7 :  0.237 0.116 0.091 0.062 0.267 0.202 0.026 
471 NS_SS1326    (2)    7 :  0.008 0.007 0.012 0.954 0.012 0.004 0.004 
472 NS_SS1341    (1)    7 :  0.898 0.004 0.005 0.012 0.051 0.022 0.008 
473 NS_SS1383    (2)    7 :  0.239 0.005 0.009 0.123 0.326 0.274 0.024 
474 NS_SS1318    (3)    7 :  0.016 0.017 0.064 0.026 0.825 0.018 0.034 
475 NS_SS1348    (2)    7 :  0.010 0.001 0.011 0.894 0.021 0.039 0.023 
476 NS_SS1363    (0)    7 :  0.024 0.005 0.054 0.036 0.047 0.021 0.812 
477 NS_SS1335    (4)    7 :  0.014 0.035 0.012 0.645 0.026 0.102 0.168 
478 NS_SS1358    (0)    7 :  0.059 0.012 0.004 0.057 0.030 0.036 0.803 
479 NS_SS1342    (1)    7 :  0.871 0.001 0.007 0.015 0.069 0.022 0.015 
480 NS_SS1320    (3)    7 :  0.070 0.007 0.876 0.006 0.012 0.008 0.019 
481 NS_SS1355    (1)    7 :  0.064 0.014 0.078 0.004 0.570 0.249 0.020 
482 NS_SS1345    (1)    7 :  0.016 0.025 0.026 0.022 0.035 0.039 0.837 
483 NS_SS1324    (0)    7 :  0.026 0.003 0.032 0.448 0.398 0.069 0.024 
484 NS_SS1347    (5)    7 :  0.027 0.004 0.016 0.014 0.096 0.704 0.139 
485 NS_SS1321    (4)    7 :  0.697 0.001 0.009 0.083 0.104 0.065 0.041 
486 NS_SS1333    (0)    7 :  0.583 0.003 0.247 0.087 0.057 0.013 0.008 
487 NS_SS1364    (1)    7 :  0.059 0.003 0.014 0.579 0.010 0.111 0.225 
488 NS_SS1379    (0)    7 :  0.065 0.061 0.013 0.015 0.023 0.161 0.661 
489 NS_SS1332    (0)    7 :  0.015 0.005 0.018 0.917 0.009 0.033 0.003 
490 NS_SS1338    (5)    7 :  0.013 0.007 0.014 0.014 0.243 0.119 0.591 
491 NS_SS1368    (6)    7 :  0.178 0.006 0.025 0.666 0.041 0.020 0.065 
492 NS_SS1354    (1)    7 :  0.320 0.015 0.032 0.031 0.139 0.184 0.280 
493 NS_SS1365    (0)    7 :  0.075 0.010 0.492 0.133 0.220 0.050 0.020 
494 NS_SS1380    (1)    7 :  0.185 0.020 0.037 0.007 0.061 0.229 0.460 
495 NS_SS1329    (8)    7 :  0.860 0.003 0.006 0.051 0.021 0.021 0.038 
496 NS_SS1362    (0)    7 :  0.064 0.005 0.011 0.013 0.109 0.779 0.020 
497 NS_SS1327    (2)    7 :  0.006 0.003 0.003 0.957 0.010 0.015 0.005 
498 NS_SS1350    (0)    7 :  0.005 0.007 0.007 0.005 0.954 0.015 0.007 
499 NS_SS1387    (2)    7 :  0.030 0.003 0.597 0.017 0.064 0.111 0.179 
500 NS_SS1369    (8)    7 :  0.009 0.004 0.018 0.881 0.032 0.008 0.049 
501 NS_SS1331    (1)    7 :  0.122 0.013 0.349 0.183 0.012 0.008 0.312 
502 NS_SS1357    (5)    7 :  0.612 0.002 0.177 0.023 0.114 0.049 0.023 
503 NS_SS1386    (1)    7 :  0.018 0.003 0.004 0.955 0.008 0.006 0.007 
504 NS_SS1353    (2)    7 :  0.877 0.004 0.024 0.034 0.015 0.018 0.028 
505 NS_SS1323    (0)    7 :  0.836 0.066 0.053 0.006 0.006 0.022 0.011 
506 HI_SS0296    (0)    8 :  0.014 0.002 0.015 0.427 0.251 0.073 0.217 
507 HI_SS0297    (0)    8 :  0.353 0.001 0.028 0.266 0.120 0.031 0.200 
508 HI_SS0299    (0)    8 :  0.051 0.033 0.027 0.041 0.705 0.071 0.073 
509 HI_SS0300    (0)    8 :  0.008 0.001 0.048 0.127 0.135 0.032 0.648 
510 HI_SS0301    (0)    8 :  0.027 0.004 0.014 0.016 0.026 0.901 0.012 
511 HI_SS0302    (0)    8 :  0.009 0.023 0.013 0.874 0.019 0.050 0.013 
512 HI_SS0303    (0)    8 :  0.018 0.007 0.023 0.913 0.009 0.008 0.022 
513 HI_SS0304    (0)    8 :  0.199 0.003 0.414 0.219 0.024 0.037 0.104 
514 HI_SS0306    (5)    8 :  0.009 0.003 0.005 0.963 0.006 0.008 0.005 
