   NS_SS0963  1 0.0387 0.7554 0.0052 0.2007 
   NS_SS0983  1 0.9391 0.0418 0.0042 0.0150 
   NS_SS0719  1 0.0238 0.9631 0.0036 0.0095 
   NS_SS1001  1 0.2846 0.0603 0.0058 0.6493 
   NS_SS0936  1 0.0501 0.5602 0.0023 0.3874 
   NS_SS0955  1 0.8423 0.0906 0.0035 0.0637 
   NS_SS0944  1 0.7470 0.0247 0.0018 0.2266 
   NS_SS0945  1 0.1824 0.1940 0.0098 0.6137 
   NS_SS0922  1 0.0067 0.8637 0.0234 0.1061 
   NS_SS0929  1 0.5681 0.2945 0.0029 0.1345 
   NS_SS0956  1 0.0160 0.9012 0.0037 0.0790 
   NS_SS0906  1 0.0899 0.2850 0.0028 0.6223 
   NS_SS0721  1 0.0182 0.9675 0.0043 0.0100 
   NS_SS0982  1 0.0257 0.5360 0.0157 0.4226 
   NS_SS0923  1 0.0145 0.9278 0.0035 0.0541 
   NS_SS0905  1 0.2685 0.6726 0.0017 0.0572 
   NS_SS0925  1 0.0193 0.6346 0.0042 0.3420 
   NS_SS0947  1 0.0170 0.2210 0.0038 0.7582 
   NS_SS0926  1 0.9826 0.0083 0.0012 0.0080 
   NS_SS0918  1 0.0850 0.1520 0.0023 0.7607 
   NS_SS0966  1 0.0416 0.0724 0.0475 0.8385 
   NS_SS0938  1 0.0247 0.0417 0.0014 0.9322 
   NS_SS0917  1 0.0407 0.9076 0.0316 0.0201 
   NS_SS0957  1 0.0270 0.2285 0.0072 0.7374 
   NS_SS0987  1 0.0581 0.6517 0.2338 0.0565 
   NS_SS0717  1 0.0226 0.1793 0.0021 0.7960 
   NS_SS0986  1 0.0525 0.1354 0.0036 0.8085 
   NS_SS0953  1 0.0282 0.0403 0.0158 0.9157 
   NS_SS0907  1 0.1012 0.0945 0.0386 0.7657 
   NS_SS0974  1 0.8362 0.0592 0.0038 0.1008 
   NS_SS0989  1 0.9271 0.0535 0.0010 0.0185 
   NS_SS0991  1 0.9471 0.0169 0.0021 0.0339 
   NS_SS0994  1 0.9844 0.0061 0.0020 0.0075 
   NS_SS0931  1 0.9287 0.0356 0.0099 0.0258 
   NS_SS1000  1 0.0139 0.1966 0.0032 0.7862 
   NS_SS0919  1 0.1684 0.8074 0.0028 0.0214 
   NS_SS0949  1 0.9684 0.0215 0.0013 0.0088 
   NS_SS0960  1 0.3641 0.6082 0.0049 0.0228 
   NS_SS0716  1 0.0084 0.4396 0.0066 0.5454 
   NS_SS0924  1 0.5395 0.4120 0.0180 0.0306 
   NS_SS0935  1 0.9493 0.0312 0.0093 0.0102 
   NS_SS0952  1 0.8292 0.0424 0.0378 0.0906 
   NS_SS0962  1 0.0154 0.5600 0.0060 0.4186 
   NS_SS0973  1 0.5550 0.3562 0.0041 0.0847 
   NS_SS0722  1 0.0087 0.0449 0.0021 0.9443 
   NS_SS0979  1 0.0186 0.0723 0.0019 0.9072 
   NS_SS0993  1 0.0231 0.0250 0.0184 0.9335 
   NS_SS0958  1 0.8109 0.0378 0.0029 0.1484 
   NS_SS0988  1 0.1353 0.3429 0.0053 0.5166 
   NS_SS1003  1 0.0156 0.5323 0.0085 0.4437 
   NS_SS0976  1 0.8160 0.0901 0.0018 0.0921 
   NS_SS0964  1 0.0149 0.1701 0.0022 0.8127 
   NS_SS0939  1 0.0046 0.8604 0.0032 0.1318 
   NS_SS0990  1 0.0840 0.1407 0.0036 0.7717 
   NS_SS0984  1 0.0075 0.8185 0.0020 0.1720 
   NS_SS0980  1 0.0941 0.8726 0.0020 0.0313 
   NS_SS0978  1 0.0382 0.8540 0.0029 0.1049 
   NS_SS0951  1 0.8225 0.0279 0.0030 0.1466 
   NS_SS0913  1 0.0319 0.0871 0.0365 0.8445 
   NS_SS1002  1 0.0072 0.0231 0.0331 0.9365 
   NS_SS0948  1 0.0951 0.0303 0.0361 0.8386 
   NS_SS0916  1 0.1487 0.8119 0.0044 0.0350 
   NS_SS0995  1 0.0109 0.9702 0.0027 0.0162 
   NS_SS0927  1 0.0725 0.8976 0.0042 0.0256 
   NS_SS0992  1 0.3121 0.5633 0.0027 0.1219 
   NS_SS0912  1 0.6334 0.1442 0.0024 0.2200 
   NS_SS0981  1 0.0562 0.4656 0.0033 0.4749 
   NS_SS0729  2 0.9822 0.0070 0.0034 0.0074 
   NS_SS0967  2 0.0752 0.5391 0.0098 0.3759 
   NS_SS0941  2 0.1495 0.6227 0.0742 0.1536 
   NS_SS0768  2 0.0285 0.0509 0.0048 0.9158 
   NS_SS0726  2 0.8314 0.1308 0.0088 0.0290 
   NS_SS0763  2 0.9514 0.0191 0.0026 0.0269 
   NS_SS0730  2 0.0129 0.8044 0.0033 0.1794 
   NS_SS0774  2 0.0066 0.4551 0.0009 0.5374 
   NS_SS0723  2 0.0062 0.9673 0.0015 0.0250 
   NS_SS0940  2 0.2027 0.7687 0.0060 0.0227 
   NS_SS0762  2 0.0151 0.2756 0.0028 0.7066 
   NS_SS0766  2 0.0920 0.8706 0.0103 0.0271 
   NS_SS0724  2 0.0131 0.0166 0.0037 0.9666 
   NS_SS0769  2 0.0366 0.6480 0.0035 0.3119 
   NS_SS0777  2 0.4416 0.0923 0.0145 0.4516 
   NS_SS0734  2 0.1893 0.7657 0.0205 0.0245 
   NS_SS0737  2 0.0074 0.5142 0.0051 0.4734 
   NS_SS0732  2 0.0149 0.9701 0.0041 0.0109 
   NS_SS0728  2 0.0304 0.8572 0.0087 0.1037 
   NS_SS0735  2 0.0540 0.5506 0.0079 0.3875 
   NS_SS0725  2 0.0768 0.0242 0.0081 0.8910 
   NS_SS0788  2 0.0084 0.9761 0.0012 0.0142 
   NS_SS0778  2 0.0516 0.9307 0.0011 0.0166 
   NS_SS0792  2 0.2016 0.1924 0.0050 0.6010 
   NS_SS0943  2 0.9642 0.0092 0.0066 0.0200 
   NS_SS0791  2 0.0276 0.9569 0.0091 0.0065 
   NS_SS0790  2 0.0043 0.0158 0.0033 0.9766 
   NS_SS0731  2 0.0078 0.0182 0.0087 0.9652 
   NS_SS0727  2 0.8906 0.0245 0.0018 0.0830 
   NS_SS0779  2 0.1109 0.4922 0.0061 0.3909 
   NS_SS0776  2 0.1294 0.0331 0.0076 0.8299 
   NS_SS0775  2 0.0101 0.7190 0.0074 0.2635 
   NS_SS0965  3 0.0400 0.8664 0.0016 0.0920 
   NS_SS0754  3 0.6974 0.2617 0.0120 0.0290 
   NS_SS0838  3 0.0943 0.0736 0.0341 0.7980 
   NS_SS0839  3 0.0070 0.2774 0.0036 0.7120 
   NS_SS0832  3 0.0047 0.0880 0.0335 0.8738 
   NS_SS0820  3 0.0047 0.4070 0.0058 0.5824 
   NS_SS0886  3 0.0920 0.8867 0.0017 0.0196 
   NS_SS0748  3 0.3847 0.0720 0.0080 0.5353 
   NS_SS0884  3 0.0507 0.6602 0.0219 0.2671 
   NS_SS0752  3 0.0802 0.8274 0.0022 0.0903 
   NS_SS0862  3 0.0082 0.9383 0.0035 0.0500 
   NS_SS0787  3 0.9663 0.0186 0.0077 0.0075 
   NS_SS0843  3 0.2263 0.1255 0.0018 0.6465 
   NS_SS0856  3 0.0254 0.1312 0.0032 0.8402 
   NS_SS0846  3 0.3138 0.1170 0.0029 0.5663 
   NS_SS0825  3 0.0351 0.8237 0.0093 0.1319 
   NS_SS0757  3 0.5757 0.3431 0.0042 0.0770 
   NS_SS0876  3 0.0170 0.2618 0.2152 0.5060 
   NS_SS0903  3 0.0274 0.6894 0.0024 0.2808 
   NS_SS0875  3 0.0223 0.8637 0.0028 0.1112 
   NS_SS0740  3 0.4514 0.4137 0.0030 0.1319 
   NS_SS0811  3 0.0376 0.1373 0.0080 0.8171 
   NS_SS0751  3 0.0435 0.8067 0.0018 0.1480 
   NS_SS0891  3 0.0152 0.1630 0.0048 0.8170 
   NS_SS0867  3 0.6665 0.2570 0.0339 0.0425 
   NS_SS0890  3 0.1242 0.8442 0.0035 0.0281 
   NS_SS0866  3 0.9309 0.0297 0.0053 0.0341 
   NS_SS0755  3 0.1261 0.3660 0.0062 0.5017 
   NS_SS0758  3 0.1082 0.3239 0.0021 0.5658 
   NS_SS0840  3 0.0110 0.2955 0.0023 0.6912 
   NS_SS0889  3 0.9319 0.0190 0.0020 0.0471 
   NS_SS1010  3 0.1188 0.5586 0.0433 0.2794 
   NS_SS0888  3 0.9263 0.0644 0.0016 0.0077 
   NS_SS0837  3 0.1574 0.2382 0.0028 0.6016 
   NS_SS0794  3 0.8634 0.0279 0.0019 0.1068 
   NS_SS0823  3 0.0148 0.0316 0.0040 0.9496 
   NS_SS0829  3 0.8705 0.0098 0.1110 0.0087 
   NS_SS0844  3 0.0085 0.0125 0.0018 0.9772 
   NS_SS1008  3 0.9125 0.0369 0.0122 0.0383 
   NS_SS0881  3 0.0761 0.9044 0.0021 0.0174 
   NS_SS0834  3 0.0082 0.0152 0.0043 0.9723 
   NS_SS0744  3 0.0209 0.9370 0.0049 0.0373 
   NS_SS0899  3 0.0070 0.0162 0.0013 0.9754 
   NS_SS0804  3 0.0078 0.1591 0.0038 0.8293 
   NS_SS0781  3 0.0047 0.0433 0.0028 0.9493 
   NS_SS0822  3 0.8748 0.0135 0.0023 0.1094 
   NS_SS1004  3 0.1240 0.1561 0.0039 0.7160 
   NS_SS0746  3 0.1814 0.0222 0.0115 0.7849 
   NS_SS0880  3 0.1847 0.4513 0.0014 0.3625 
   NS_SS0879  3 0.0393 0.0606 0.0123 0.8878 
   NS_SS0753  3 0.9235 0.0439 0.0099 0.0227 
   NS_SS1007  3 0.0089 0.9829 0.0015 0.0068 
   NS_SS0872  3 0.0094 0.0206 0.0016 0.9685 
   NS_SS1005  3 0.0143 0.0617 0.0009 0.9231 
   NS_SS0892  3 0.0689 0.7290 0.0021 0.1999 
   NS_SS0898  3 0.7232 0.2349 0.0060 0.0359 
   NS_SS0801  3 0.0394 0.5285 0.0095 0.4226 
   NS_SS0827  3 0.3818 0.4311 0.1126 0.0745 
   NS_SS0853  3 0.0835 0.1209 0.0055 0.7901 
   NS_SS0780  3 0.0067 0.9461 0.0035 0.0436 
   NS_SS0826  3 0.1235 0.0160 0.0032 0.8572 
   NS_SS0818  3 0.0153 0.9625 0.0013 0.0210 
   NS_SS0745  3 0.0081 0.1767 0.0013 0.8139 
   NS_SS0849  3 0.0615 0.8655 0.0016 0.0714 
   NS_SS0739  3 0.0079 0.9765 0.0081 0.0075 
   NS_SS0799  3 0.9179 0.0636 0.0011 0.0174 
   NS_SS0756  3 0.0101 0.1801 0.0034 0.8065 
   NS_SS0802  3 0.0485 0.7452 0.1826 0.0236 
   NS_SS0747  3 0.0463 0.6779 0.0063 0.2696 
   NS_SS0835  3 0.7693 0.2139 0.0013 0.0155 
   NS_SS0742  3 0.0459 0.5974 0.0012 0.3555 
   NS_SS0760  3 0.9117 0.0186 0.0461 0.0235 
   NS_SS0803  3 0.0081 0.0666 0.0071 0.9181 
   NS_SS0828  3 0.2513 0.7292 0.0013 0.0183 
   NS_SS0865  3 0.0968 0.7501 0.0233 0.1297 
   NS_SS0759  3 0.0063 0.9179 0.0036 0.0721 
   NS_SS0851  3 0.0080 0.5431 0.0125 0.4363 
   NS_SS0874  3 0.0245 0.0734 0.0012 0.9009 
   NS_SS0761  3 0.8925 0.0615 0.0030 0.0430 
   NS_SS0842  3 0.3649 0.0951 0.0086 0.5313 
   NS_SS0785  3 0.2185 0.5024 0.0057 0.2733 
   NS_SS0860  3 0.8135 0.1675 0.0026 0.0164 
   NS_SS0897  3 0.9791 0.0129 0.0016 0.0064 
   NS_SS0841  3 0.0194 0.8683 0.0037 0.1087 
   NS_SS0797  3 0.8833 0.0616 0.0268 0.0284 
   NS_SS0830  3 0.4733 0.3249 0.0023 0.1995 
   NS_SS1011  3 0.0137 0.1321 0.0055 0.8487 
   NS_SS0883  3 0.0648 0.9134 0.0050 0.0167 
   NS_SS0782  3 0.0559 0.3445 0.0023 0.5974 
   NS_SS0831  3 0.8790 0.0813 0.0036 0.0361 
   NS_SS0749  3 0.0623 0.9247 0.0034 0.0096 
   NS_SS0854  3 0.4690 0.1374 0.0029 0.3907 
   HI_SS0193  4 0.9781 0.0076 0.0015 0.0128 
   HI_SS0194  4 0.0182 0.0268 0.0018 0.9532 
   HI_SS0195  4 0.0042 0.5940 0.0935 0.3083 
   HI_SS0196  4 0.2257 0.5826 0.0026 0.1891 
   HI_SS0197  4 0.0049 0.8745 0.0108 0.1098 
   HI_SS0198  4 0.0323 0.9478 0.0079 0.0120 
   HI_SS0199  4 0.6476 0.3267 0.0024 0.0234 
   HI_SS0201  4 0.9609 0.0250 0.0019 0.0123 
   HI_SS0215  4 0.7689 0.1743 0.0034 0.0534 
   HI_SS0218  4 0.9804 0.0091 0.0052 0.0053 
   HI_SS0222  4 0.0285 0.9408 0.0039 0.0268 
   HI_SS0230  4 0.0190 0.1274 0.0048 0.8488 
   HI_SS0234  4 0.0305 0.6417 0.1461 0.1817 
   HI_SS0240  4 0.0079 0.9797 0.0056 0.0068 
   HI_SS0241  4 0.8906 0.0745 0.0019 0.0330 
   HI_SS0242  4 0.2252 0.4002 0.0027 0.3719 
   HI_SS0247  4 0.0142 0.0127 0.0179 0.9553 
   HI_SS0248  4 0.9820 0.0077 0.0007 0.0096 
   HI_SS0252  4 0.0399 0.0172 0.0019 0.9410 
   HI_SS0254  4 0.8396 0.0579 0.0879 0.0147 
   HI_SS0256  4 0.0032 0.0232 0.0014 0.9722 
   HI_SS0257  4 0.6812 0.0569 0.0029 0.2590 
   HI_SS0258  4 0.9536 0.0306 0.0041 0.0117 
   HI_SS0259  4 0.0173 0.8463 0.0025 0.1340 
   HI_SS0260  4 0.9228 0.0416 0.0018 0.0338 
   HI_SS0261  4 0.8115 0.1397 0.0033 0.0455 
   HI_SS0262  4 0.0123 0.7847 0.0059 0.1971 
   HI_SS0264  4 0.0099 0.1734 0.0034 0.8133 
   HI_SS0265  4 0.0144 0.6964 0.0863 0.2030 
   HI_SS0268  4 0.0165 0.9447 0.0024 0.0364 
   HI_SS0269  4 0.9404 0.0358 0.0017 0.0220 
   HI_SS0273  4 0.9575 0.0220 0.0018 0.0187 
   HI_SS0277  4 0.0243 0.9553 0.0019 0.0185 
   HI_SS0280  4 0.1251 0.8259 0.0049 0.0440 
   HI_SS0282  4 0.9069 0.0660 0.0015 0.0256 
   HI_SS0286  4 0.2086 0.7083 0.0076 0.0754 
   NS_SS1252  5 0.9800 0.0083 0.0038 0.0080 
   NS_SS1261  5 0.0494 0.1160 0.0143 0.8204 
   NS_SS1225  5 0.5562 0.0165 0.1066 0.3208 
   NS_SS1266  5 0.0050 0.0149 0.0061 0.9740 
   NS_SS1228  5 0.0337 0.6014 0.0136 0.3513 
   NS_SS1255  5 0.3868 0.1175 0.0017 0.4941 
   NS_SS1267  5 0.9640 0.0191 0.0110 0.0058 
   NS_SS1238  5 0.4150 0.1988 0.0028 0.3834 
   NS_SS1233  5 0.0494 0.0086 0.0021 0.9400 
   NS_SS1277  5 0.9768 0.0153 0.0008 0.0071 
   NS_SS1245  5 0.6845 0.0238 0.0017 0.2900 
   NS_SS1240  5 0.9513 0.0348 0.0016 0.0122 
   NS_SS1275  5 0.0048 0.1048 0.0025 0.8879 
   NS_SS1235  5 0.0478 0.0112 0.0046 0.9365 
   NS_SS1263  5 0.0218 0.0124 0.0009 0.9649 
   NS_SS1251  5 0.0292 0.0342 0.0012 0.9355 
   NS_SS1248  5 0.4872 0.2098 0.1060 0.1970 
   NS_SS1244  5 0.2545 0.6113 0.0042 0.1300 
   NS_SS1257  5 0.6273 0.2835 0.0309 0.0583 
   NS_SS1242  5 0.0050 0.0819 0.0022 0.9109 
   NS_SS1271  5 0.9548 0.0159 0.0244 0.0049 
   NS_SS1265  5 0.5513 0.0296 0.0189 0.4002 
   NS_SS1243  5 0.0525 0.1312 0.0799 0.7363 
   NS_SS1273  5 0.0128 0.2631 0.0083 0.7158 
   NS_SS1254  5 0.0342 0.0147 0.0051 0.9460 
   NS_SS1224  5 0.0107 0.0686 0.0077 0.9130 
   NS_SS1227  5 0.7961 0.1914 0.0014 0.0111 
   NS_SS1274  5 0.9064 0.0488 0.0185 0.0263 
   NS_SS1241  5 0.9103 0.0134 0.0009 0.0754 
   NS_SS1256  5 0.1169 0.0177 0.0322 0.8331 
   NS_SS1260  5 0.5672 0.3231 0.0756 0.0341 
   NS_SS1262  5 0.7566 0.0428 0.1782 0.0224 
   NS_SS1230  5 0.5688 0.1158 0.0079 0.3076 
   NS_SS1270  5 0.0167 0.0170 0.0017 0.9646 
   NS_SS1229  5 0.0430 0.1852 0.0040 0.7678 
   NS_SS1246  5 0.8013 0.1301 0.0029 0.0657 
   NS_SS1269  5 0.0219 0.9111 0.0019 0.0650 
   NS_SS1239  5 0.2020 0.6908 0.0044 0.1028 
   NS_SS1272  5 0.0099 0.0150 0.0051 0.9700 
   NS_SS1268  5 0.1249 0.3660 0.0022 0.5070 
   NS_SS1249  5 0.9676 0.0089 0.0108 0.0126 
   HI_SS0559  6 0.6763 0.2577 0.0018 0.0642 
   HI_SS0563  6 0.2271 0.6242 0.0032 0.1456 
   HI_SS0564  6 0.0287 0.8927 0.0482 0.0305 
   HI_SS0565  6 0.1254 0.7945 0.0031 0.0770 
   HI_SS0569  6 0.9388 0.0423 0.0019 0.0170 
   HI_SS0570  6 0.8853 0.0337 0.0456 0.0355 
   HI_SS0572  6 0.0077 0.0153 0.0023 0.9747 
   HI_SS0576  6 0.0181 0.9446 0.0045 0.0328 
   HI_SS0579  6 0.7305 0.0606 0.0148 0.1941 
   HI_SS0580  6 0.2762 0.6704 0.0047 0.0488 
   HI_SS0581  6 0.0076 0.2752 0.0539 0.6633 
   HI_SS0583  6 0.7173 0.0193 0.0021 0.2613 
   HI_SS0586  6 0.9782 0.0129 0.0009 0.0080 
   HI_SS0588  6 0.8334 0.0856 0.0210 0.0600 
   HI_SS0595  6 0.2178 0.7453 0.0236 0.0133 
   HI_SS0596  6 0.0079 0.0115 0.0016 0.9790 
   HI_SS0597  6 0.0069 0.0094 0.0020 0.9817 
   HI_SS0600  6 0.1920 0.6350 0.0034 0.1696 
   HI_SS0601  6 0.8288 0.0604 0.0162 0.0946 
   HI_SS0602  6 0.4033 0.5622 0.0025 0.0320 
   HI_SS0604  6 0.0978 0.0370 0.0015 0.8636 
   HI_SS0605  6 0.0817 0.9043 0.0054 0.0086 
   HI_SS0608  6 0.7268 0.1279 0.0011 0.1442 
   HI_SS0609  6 0.0138 0.0165 0.0008 0.9690 
   HI_SS0611  6 0.9100 0.0572 0.0030 0.0297 
   HI_SS0612  6 0.3267 0.2732 0.0082 0.3919 
   HI_SS0613  6 0.0716 0.8093 0.0014 0.1176 
   HI_SS0615  6 0.0097 0.9508 0.0079 0.0316 
   HI_SS0001  6 0.4463 0.2657 0.0038 0.2842 
   HI_SS0002  6 0.0172 0.0306 0.0212 0.9311 
   HI_SS0004  6 0.7729 0.1033 0.0055 0.1183 
   HI_SS0005  6 0.0213 0.9553 0.0051 0.0184 
   HI_SS0006  6 0.5095 0.0281 0.0016 0.4608 
   HI_SS0007  6 0.9651 0.0176 0.0024 0.0150 
   HI_SS0008  6 0.2526 0.5690 0.0411 0.1373 
   HI_SS0009  6 0.0562 0.6223 0.0041 0.3174 
   HI_SS0010  6 0.9329 0.0413 0.0031 0.0227 
   HI_SS0011  6 0.0323 0.0529 0.0817 0.8331 
   HI_SS0012  6 0.0077 0.9671 0.0041 0.0211 
   HI_SS0017  6 0.0104 0.0135 0.0017 0.9744 
   HI_SS0021  6 0.5418 0.0338 0.2451 0.1793 
   HI_SS0024  6 0.0608 0.5864 0.0020 0.3509 
   HI_SS0025  6 0.0167 0.1065 0.0031 0.8737 
   HI_SS0027  6 0.9619 0.0172 0.0131 0.0078 
   HI_SS0028  6 0.0070 0.9007 0.0012 0.0911 
   HI_SS0029  6 0.0253 0.7461 0.0070 0.2216 
   HI_SS0030  6 0.9155 0.0350 0.0061 0.0434 
   HI_SS0031  6 0.0296 0.9475 0.0027 0.0203 
   HI_SS0034  6 0.7935 0.1884 0.0057 0.0124 
   HI_SS0036  6 0.4849 0.4992 0.0101 0.0058 
   HI_SS0037  6 0.7319 0.0607 0.0042 0.2032 
   HI_SS0039  6 0.9087 0.0607 0.0029 0.0276 
   HI_SS0041  6 0.0099 0.6659 0.0018 0.3225 
   HI_SS0042  6 0.0075 0.7184 0.1123 0.1619 
   HI_SS0043  6 0.9775 0.0123 0.0026 0.0075 
   HI_SS0044  6 0.0901 0.5355 0.0027 0.3717 
   HI_SS0047  6 0.0248 0.0745 0.0018 0.8989 
   HI_SS0049  6 0.0700 0.0319 0.0037 0.8945 
   HI_SS0051  6 0.0908 0.7592 0.0024 0.1476 
   HI_SS0053  6 0.9726 0.0131 0.0044 0.0099 
   HI_SS0054  6 0.9838 0.0060 0.0028 0.0074 
   HI_SS0057  6 0.2730 0.1035 0.0034 0.6201 
   HI_SS0058  6 0.2595 0.0280 0.0063 0.7062 
   HI_SS0060  6 0.2427 0.6064 0.0838 0.0671 
   HI_SS0087  6 0.4554 0.2736 0.0024 0.2686 
   HI_SS0091  6 0.9461 0.0340 0.0012 0.0187 
   HI_SS0095  6 0.0916 0.7257 0.0459 0.1369 
   HI_SS0097  6 0.1972 0.0795 0.0047 0.7186 
   HI_SS0099  6 0.0174 0.3702 0.0037 0.6088 
   HI_SS0103  6 0.0289 0.3198 0.0027 0.6486 
   HI_SS0105  6 0.0485 0.5776 0.0267 0.3472 
   HI_SS0107  6 0.0070 0.0229 0.0009 0.9691 
   HI_SS0108  6 0.9604 0.0113 0.0232 0.0050 
   HI_SS0110  6 0.0798 0.8809 0.0011 0.0382 
   HI_SS0111  6 0.0196 0.9289 0.0231 0.0283 
   HI_SS0112  6 0.9832 0.0112 0.0013 0.0043 
   HI_SS0113  6 0.0076 0.0144 0.0029 0.9750 
   HI_SS0114  6 0.8172 0.1650 0.0054 0.0124 
   HI_SS0115  6 0.3068 0.6361 0.0142 0.0430 
   HI_SS0116  6 0.9238 0.0225 0.0038 0.0500 
   HI_SS0117  6 0.3765 0.2011 0.0026 0.4198 
   HI_SS0118  6 0.3489 0.0503 0.0115 0.5893 
   HI_SS0119  6 0.6327 0.3351 0.0019 0.0304 
   HI_SS0120  6 0.0064 0.0075 0.0031 0.9830 
   HI_SS0121  6 0.0099 0.1803 0.0012 0.8086 
   HI_SS0122  6 0.0808 0.4721 0.0255 0.4216 
   HI_SS0123  6 0.0453 0.8234 0.0047 0.1265 
   HI_SS0124  6 0.0110 0.3992 0.0028 0.5870 
   HI_SS0125  6 0.0053 0.9564 0.0273 0.0109 
   HI_SS0126  6 0.9785 0.0103 0.0007 0.0105 
   HI_SS0127  6 0.4714 0.3866 0.0103 0.1317 
   HI_SS0128  6 0.2344 0.0412 0.0029 0.7216 
   HI_SS0129  6 0.1903 0.7710 0.0093 0.0295 
   HI_SS0131  6 0.5760 0.0572 0.0358 0.3309 
   HI_SS0132  6 0.3312 0.5673 0.0007 0.1009 
   HI_SS0133  6 0.9916 0.0040 0.0011 0.0033 
   HI_SS0134  6 0.2923 0.3453 0.0021 0.3603 
   HI_SS0142  6 0.0226 0.3939 0.0162 0.5674 
   HI_SS0145  6 0.6043 0.2102 0.0014 0.1841 
   HI_SS0146  6 0.9290 0.0499 0.0010 0.0201 
   HI_SS0147  6 0.0060 0.0647 0.0172 0.9122 
   HI_SS0149  6 0.2986 0.4744 0.0049 0.2221 
   HI_SS0150  6 0.0159 0.7733 0.0038 0.2069 
   HI_SS0151  6 0.1701 0.7792 0.0121 0.0386 
   NS_SS1451  6 0.0096 0.7418 0.0031 0.2454 
   NS_SS1404  6 0.0219 0.5012 0.0099 0.4670 
   NS_SS1432  6 0.0048 0.8954 0.0274 0.0724 
   NS_SS1405  6 0.0834 0.6897 0.0034 0.2234 
   NS_SS1431  6 0.0134 0.2399 0.0009 0.7458 
   NS_SS1402  6 0.0290 0.7742 0.0022 0.1945 
   NS_SS1450  6 0.4993 0.4578 0.0046 0.0383 
   NS_SS1396  6 0.0681 0.3922 0.0058 0.5339 
   NS_SS1393  6 0.1090 0.8614 0.0032 0.0265 
   NS_SS1392  6 0.0327 0.8601 0.0157 0.0915 
   NS_SS1445  6 0.8636 0.0677 0.0091 0.0596 
   NS_SS1423  6 0.7781 0.0694 0.0015 0.1509 
   NS_SS1421  6 0.6625 0.1988 0.1042 0.0345 
   NS_SS1411  6 0.8817 0.0840 0.0016 0.0327 
   NS_SS1453  6 0.3482 0.4302 0.0062 0.2153 
   NS_SS1442  6 0.0859 0.1023 0.0040 0.8078 
   NS_SS1422  6 0.5164 0.0747 0.0118 0.3971 
   NS_SS1419  6 0.0414 0.0482 0.1469 0.7636 
   NS_SS1427  6 0.9793 0.0131 0.0019 0.0057 
   NS_SS1444  6 0.0131 0.1003 0.0033 0.8833 
   NS_SS1455  6 0.0077 0.0061 0.0012 0.9849 
   NS_SS1425  6 0.9705 0.0183 0.0013 0.0098 
   NS_SS1400  6 0.9742 0.0050 0.0012 0.0196 
   NS_SS1406  6 0.0067 0.2655 0.0074 0.7205 
   NS_SS1417  6 0.2020 0.0375 0.0069 0.7536 
   NS_SS1454  6 0.5457 0.2024 0.0013 0.2506 
   NS_SS1412  6 0.2902 0.0771 0.0232 0.6095 
   NS_SS1438  6 0.9622 0.0116 0.0013 0.0249 
   NS_SS1416  6 0.0132 0.8012 0.0051 0.1805 
   NS_SS1401  6 0.0350 0.2880 0.0112 0.6658 
   NS_SS1424  6 0.7871 0.1776 0.0110 0.0242 
   NS_SS1435  6 0.4469 0.4951 0.0027 0.0553 
   NS_SS1447  6 0.0093 0.0107 0.0047 0.9753 
   NS_SS1414  6 0.0132 0.0087 0.0062 0.9720 
   NS_SS1449  6 0.0942 0.1751 0.0038 0.7269 
   NS_SS1443  6 0.9557 0.0326 0.0020 0.0097 
   NS_SS1434  6 0.4806 0.0975 0.0007 0.4212 
   NS_SS1398  6 0.0444 0.9115 0.0135 0.0305 
   NS_SS1426  6 0.9781 0.0133 0.0017 0.0069 
   NS_SS1413  6 0.9696 0.0076 0.0092 0.0136 
   NS_SS1395  6 0.7142 0.2294 0.0124 0.0440 
   NS_SS1448  6 0.6505 0.2842 0.0019 0.0633 
   NS_SS1446  6 0.1207 0.4533 0.0030 0.4230 
   NS_SS1403  6 0.0387 0.8659 0.0055 0.0899 
   NS_SS1415  6 0.9609 0.0205 0.0102 0.0084 
   NS_SS1437  6 0.0906 0.3355 0.0084 0.5655 
   NS_SS1439  6 0.0363 0.2958 0.0026 0.6652 
   NS_SS1441  6 0.5792 0.3297 0.0017 0.0894 
   NS_SS1420  6 0.0188 0.6168 0.0027 0.3617 
   NS_SS1394  6 0.0069 0.8815 0.0302 0.0814 
   NS_SS1391  6 0.6349 0.1725 0.0140 0.1786 
   NS_SS1410  6 0.1226 0.0878 0.0117 0.7780 
   NS_SS1408  6 0.0178 0.9053 0.0459 0.0310 
   NS_SS1409  6 0.0790 0.8847 0.0022 0.0341 
   HI_SS0617  7 0.0343 0.8578 0.0011 0.1067 
   HI_SS0618  7 0.0180 0.9613 0.0019 0.0188 
   HI_SS0619  7 0.1458 0.2692 0.0031 0.5820 
   HI_SS0620  7 0.9820 0.0098 0.0021 0.0061 
   HI_SS0621  7 0.0243 0.5988 0.0146 0.3623 
   HI_SS0622  7 0.5340 0.0894 0.0125 0.3642 
   HI_SS0626  7 0.0451 0.7698 0.0069 0.1782 
   HI_SS0627  7 0.0091 0.0781 0.0069 0.9059 
   HI_SS0628  7 0.3560 0.5291 0.0511 0.0637 
   HI_SS0629  7 0.2280 0.4257 0.0064 0.3399 
   HI_SS0630  7 0.3871 0.5414 0.0417 0.0297 
   HI_SS0631  7 0.9502 0.0280 0.0008 0.0210 
   HI_SS0632  7 0.0875 0.0542 0.0030 0.8554 
   HI_SS0633  7 0.0160 0.2151 0.0032 0.7658 
   HI_SS0634  7 0.0131 0.9401 0.0024 0.0445 
   HI_SS0635  7 0.0348 0.8061 0.0085 0.1506 
   HI_SS0637  7 0.0114 0.9002 0.0024 0.0859 
   HI_SS0638  7 0.5576 0.3605 0.0013 0.0806 
   HI_SS0639  7 0.0103 0.6780 0.0340 0.2778 
   HI_SS0640  7 0.6467 0.2914 0.0019 0.0600 
   HI_SS0641  7 0.3144 0.6518 0.0042 0.0296 
   HI_SS0642  7 0.1080 0.8206 0.0021 0.0692 
   HI_SS0645  7 0.0356 0.7856 0.0008 0.1780 
   HI_SS0646  7 0.1100 0.6716 0.0027 0.2157 
   HI_SS0647  7 0.5651 0.1351 0.0011 0.2987 
   HI_SS0648  7 0.1602 0.7716 0.0033 0.0648 
   HI_SS0649  7 0.0624 0.3955 0.0018 0.5402 
   HI_SS0650  7 0.0244 0.7602 0.0038 0.2116 
   HI_SS0651  7 0.4515 0.4393 0.0045 0.1047 
   HI_SS0652  7 0.0151 0.8296 0.0033 0.1520 
   NS_SS1371  7 0.2904 0.6531 0.0057 0.0507 
   NS_SS1374  7 0.3505 0.6341 0.0025 0.0129 
   NS_SS1337  7 0.0658 0.3589 0.0030 0.5722 
   NS_SS1385  7 0.1533 0.0919 0.0045 0.7503 
   NS_SS1388  7 0.0282 0.1621 0.0062 0.8034 
   NS_SS1370  7 0.0711 0.6545 0.0100 0.2644 
   NS_SS1389  7 0.0146 0.0812 0.0033 0.9009 
   NS_SS1360  7 0.8578 0.1209 0.0042 0.0171 
   NS_SS1330  7 0.0068 0.8537 0.0032 0.1363 
   NS_SS1328  7 0.8745 0.0798 0.0020 0.0437 
   NS_SS1384  7 0.5608 0.3593 0.0048 0.0751 
   NS_SS1381  7 0.0102 0.0253 0.0009 0.9637 
   NS_SS1375  7 0.0308 0.8040 0.0010 0.1642 
   NS_SS1319  7 0.0423 0.8423 0.0821 0.0333 
   NS_SS1326  7 0.9517 0.0217 0.0077 0.0189 
   NS_SS1341  7 0.1234 0.0277 0.0044 0.8445 
   NS_SS1383  7 0.0399 0.9319 0.0039 0.0243 
   NS_SS1318  7 0.0593 0.0574 0.0128 0.8705 
   NS_SS1348  7 0.9816 0.0095 0.0013 0.0076 
   NS_SS1363  7 0.0448 0.6201 0.0046 0.3305 
   NS_SS1335  7 0.8684 0.0839 0.0319 0.0159 
   NS_SS1358  7 0.7113 0.1336 0.0167 0.1384 
   NS_SS1342  7 0.8603 0.0360 0.0017 0.1020 
   NS_SS1320  7 0.0041 0.0406 0.0054 0.9499 
   NS_SS1355  7 0.0070 0.0090 0.0097 0.9743 
   NS_SS1345  7 0.1081 0.0199 0.0183 0.8538 
   NS_SS1324  7 0.6140 0.2531 0.0024 0.1306 
   NS_SS1347  7 0.4890 0.4799 0.0042 0.0268 
   NS_SS1321  7 0.2875 0.6788 0.0012 0.0325 
   NS_SS1333  7 0.0924 0.8899 0.0028 0.0149 
   NS_SS1364  7 0.8180 0.0214 0.0023 0.1583 
   NS_SS1379  7 0.1300 0.2312 0.0623 0.5764 
   NS_SS1332  7 0.9717 0.0073 0.0046 0.0164 
   NS_SS1338  7 0.6736 0.3086 0.0072 0.0106 
   NS_SS1368  7 0.4776 0.0376 0.0050 0.4798 
   NS_SS1354  7 0.0368 0.0720 0.0117 0.8795 
   NS_SS1365  7 0.0486 0.4145 0.0091 0.5278 
   NS_SS1380  7 0.0079 0.0285 0.0181 0.9456 
   NS_SS1329  7 0.8084 0.0426 0.0034 0.1457 
   NS_SS1362  7 0.2090 0.5573 0.0045 0.2292 
   NS_SS1327  7 0.9884 0.0053 0.0025 0.0037 
   NS_SS1350  7 0.0935 0.8881 0.0068 0.0116 
   NS_SS1387  7 0.0205 0.7154 0.0023 0.2617 
   NS_SS1369  7 0.9533 0.0190 0.0037 0.0240 
   NS_SS1331  7 0.2437 0.6128 0.0103 0.1331 
   NS_SS1357  7 0.4896 0.1489 0.0036 0.3580 
   NS_SS1386  7 0.9852 0.0064 0.0030 0.0054 
   NS_SS1353  7 0.0453 0.0377 0.0034 0.9136 
   NS_SS1323  7 0.0243 0.1333 0.0732 0.7693 
   HI_SS0296  8 0.8790 0.0888 0.0018 0.0305 
   HI_SS0297  8 0.2611 0.7087 0.0009 0.0293 
   HI_SS0299  8 0.5800 0.1923 0.0396 0.1882 
   HI_SS0300  8 0.6433 0.1913 0.0013 0.1641 
   HI_SS0301  8 0.0694 0.6005 0.0036 0.3265 
   HI_SS0302  8 0.9469 0.0162 0.0215 0.0155 
   HI_SS0303  8 0.9478 0.0112 0.0060 0.0349 
   HI_SS0304  8 0.0431 0.5161 0.0020 0.4388 
   HI_SS0306  8 0.9838 0.0070 0.0033 0.0058 
   HI_SS0307  8 0.0119 0.8793 0.0066 0.1023 
   HI_SS0308  8 0.0748 0.8082 0.0741 0.0429 
   HI_SS0309  8 0.0164 0.7679 0.0028 0.2129 
   HI_SS0310  8 0.4323 0.0298 0.0072 0.5307 
   HI_SS0311  8 0.3005 0.3088 0.0022 0.3885 
   HI_SS0314  8 0.1845 0.1479 0.0013 0.6664 
   HI_SS0316  8 0.7766 0.1244 0.0049 0.0941 
   HI_SS0317  8 0.0342 0.9355 0.0018 0.0284 
   HI_SS0318  8 0.4796 0.3006 0.1971 0.0228 
   HI_SS0319  8 0.9819 0.0100 0.0041 0.0040 
   HI_SS0320  8 0.0065 0.7971 0.0009 0.1954 
   HI_SS0321  8 0.0581 0.9346 0.0014 0.0058 
   HI_SS0323  8 0.1279 0.8266 0.0016 0.0440 
   HI_SS0325  8 0.9368 0.0255 0.0020 0.0357 
   HI_SS0327  8 0.8835 0.0969 0.0015 0.0181 
   HI_SS0329  8 0.0347 0.1338 0.0013 0.8303 
   HI_SS0333  8 0.0403 0.7806 0.0022 0.1769 
   HI_SS0334  8 0.7513 0.2210 0.0013 0.0265 
   HI_SS0335  8 0.0132 0.0221 0.0174 0.9473 
   HI_SS0339  8 0.0409 0.0810 0.0107 0.8674 
   HI_SS0343  8 0.0275 0.0141 0.0018 0.9567 
   HI_SS0344  8 0.9887 0.0050 0.0025 0.0038 
   HI_SS0345  8 0.0711 0.0420 0.0073 0.8796 
   HI_SS0346  8 0.1022 0.7893 0.0040 0.1044 
   HI_SS0350  8 0.0056 0.0170 0.0075 0.9699 
   HI_SS0351  8 0.1299 0.0277 0.0033 0.8391 
   HI_SS0352  8 0.0263 0.0419 0.0874 0.8444 
   HI_SS0362  8 0.3673 0.6171 0.0018 0.0138 
   HI_SS0363  8 0.9537 0.0154 0.0033 0.0276 
   HI_SS0365  8 0.7572 0.2068 0.0045 0.0315 
   HI_SS0366  8 0.9729 0.0108 0.0013 0.0151 
   HI_SS0367  8 0.0045 0.0092 0.0019 0.9844 
   HI_SS0369  8 0.0128 0.1308 0.0022 0.8542 
   HI_SS0370  8 0.0800 0.8390 0.0030 0.0780 
   HI_SS0371  8 0.9392 0.0360 0.0036 0.0212 
   HI_SS0373  8 0.0906 0.7899 0.0093 0.1102 
   HI_SS0374  8 0.0201 0.3671 0.0294 0.5834 
   HI_SS0377  8 0.8245 0.0297 0.0815 0.0642 
   HI_SS0379  8 0.9921 0.0036 0.0009 0.0033 
   HI_SS0380  8 0.0205 0.1439 0.0061 0.8295 
   HI_SS0381  8 0.0154 0.3929 0.0045 0.5871 
   HI_SS0384  8 0.4435 0.2982 0.0077 0.2506 
   HI_SS0385  8 0.7110 0.2168 0.0013 0.0709 
   HI_SS0386  9 0.0013 0.0014 0.9958 0.0015 
   HI_SS0387  9 0.0121 0.0147 0.9614 0.0117 
   HI_SS0389  9 0.0034 0.0030 0.9898 0.0038 
   HI_SS0390  9 0.0015 0.0016 0.9953 0.0016 
   HI_SS0391  9 0.0026 0.0025 0.9919 0.0030 
   HI_SS0392  9 0.0015 0.0015 0.9953 0.0016 
   HI_SS0393  9 0.0020 0.0014 0.9951 0.0016 
   HI_SS0394  9 0.0014 0.0014 0.9958 0.0014 
   HI_SS0395  9 0.0035 0.0037 0.9881 0.0046 
   HI_SS0396  9 0.0087 0.0108 0.9712 0.0092 
   HI_SS0398  9 0.0052 0.0060 0.9816 0.0072 
   HI_SS0399  9 0.0011 0.0014 0.9964 0.0011 
   HI_SS0400  9 0.0017 0.0020 0.9943 0.0020 
   HI_SS0401  9 0.0015 0.0016 0.9954 0.0015 
   HI_SS0402  9 0.0013 0.0013 0.9961 0.0013 
   HI_SS0403  9 0.0014 0.0015 0.9956 0.0016 
   HI_SS0404  9 0.0012 0.0012 0.9964 0.0012 
   HI_SS0405  9 0.0128 0.0180 0.9500 0.0192 
   HI_SS0406  9 0.0022 0.0024 0.9934 0.0020 
   HI_SS0407  9 0.0069 0.0072 0.9776 0.0083 
   HI_SS0408  9 0.0010 0.0013 0.9964 0.0013 
   HI_SS0409  9 0.0026 0.0030 0.9912 0.0032 
   HI_SS0411  9 0.0027 0.0029 0.9921 0.0022 
   HI_SS0412  9 0.0496 0.0973 0.8050 0.0481 
   HI_SS0413  9 0.0021 0.0020 0.9941 0.0019 
   HI_SS0414  9 0.0091 0.0200 0.9519 0.0190 
   HI_SS0415  9 0.0017 0.0018 0.9946 0.0019 
   HI_SS0416  9 0.0033 0.0031 0.9909 0.0027 
   HI_SS0418  9 0.0050 0.0050 0.9853 0.0047 
   HI_SS0419  9 0.0028 0.0029 0.9916 0.0028 
   HI_SS0420  9 0.0022 0.0021 0.9941 0.0016 
   HI_SS0421  9 0.0039 0.0038 0.9882 0.0041 
   HI_SS0422  9 0.0013 0.0013 0.9954 0.0020 
   HI_SS0423  9 0.0040 0.0043 0.9884 0.0033 
   HI_SS0424  9 0.0016 0.0016 0.9953 0.0014 
   HI_SS0425  9 0.0023 0.0033 0.9902 0.0042 
   NS_SS1146 10 0.0024 0.0021 0.9936 0.0019 
   NS_SS1157 10 0.0073 0.0068 0.9809 0.0050 
   NS_SS1144 10 0.0203 0.0195 0.9452 0.0150 
   NS_SS1074 10 0.0033 0.0029 0.9899 0.0038 
   NS_SS1122 10 0.0045 0.0041 0.9878 0.0035 
   NS_SS1136 10 0.0011 0.0010 0.9968 0.0010 
   NS_SS1077 10 0.0010 0.0007 0.9975 0.0007 
   NS_SS1134 10 0.0102 0.0114 0.9700 0.0084 
   NS_SS1091 10 0.0018 0.0027 0.9933 0.0023 
   NS_SS1089 10 0.0029 0.0027 0.9917 0.0027 
   NS_SS1123 10 0.0014 0.0016 0.9953 0.0017 
   NS_SS1158 10 0.0008 0.0011 0.9972 0.0009 
   NS_SS1093 10 0.0022 0.0025 0.9929 0.0024 
   NS_SS1102 10 0.0042 0.0047 0.9850 0.0061 
   NS_SS1056 10 0.0017 0.0017 0.9949 0.0018 
   NS_SS1126 10 0.0027 0.0033 0.9917 0.0022 
   NS_SS1058 10 0.0038 0.0046 0.9880 0.0037 
   NS_SS1084 10 0.0014 0.0012 0.9960 0.0014 
   NS_SS1095 10 0.0072 0.0054 0.9826 0.0049 
   NS_SS1079 10 0.0019 0.0013 0.9949 0.0019 
   NS_SS1149 10 0.0025 0.0025 0.9923 0.0028 
   NS_SS1121 10 0.0013 0.0016 0.9953 0.0018 
   NS_SS1067 10 0.0044 0.0057 0.9850 0.0049 
   NS_SS1081 10 0.0026 0.0027 0.9925 0.0022 
   NS_SS1130 10 0.0026 0.0034 0.9907 0.0033 
   NS_SS1073 10 0.0023 0.0026 0.9924 0.0027 
   NS_SS1133 10 0.0036 0.0068 0.9782 0.0115 
   NS_SS1129 10 0.0013 0.0012 0.9960 0.0015 
   NS_SS1085 10 0.0025 0.0020 0.9934 0.0020 
   NS_SS1137 10 0.0049 0.0042 0.9868 0.0042 
   NS_SS1135 10 0.0011 0.0014 0.9962 0.0013 
   NS_SS1082 10 0.0014 0.0014 0.9954 0.0018 
   NS_SS1125 10 0.0012 0.0015 0.9961 0.0012 
   NS_SS1124 10 0.0049 0.0089 0.9800 0.0062 
   NS_SS1155 10 0.0076 0.0078 0.9767 0.0078 
   NS_SS1145 10 0.0016 0.0016 0.9950 0.0018 
