   NS_SS0963  1 0.7837 0.0084 0.0078 0.1629 0.0199 0.0048 0.0124 
   NS_SS0983  1 0.0088 0.9037 0.0041 0.0584 0.0050 0.0036 0.0164 
   NS_SS0719  1 0.4804 0.3537 0.0539 0.0501 0.0171 0.0053 0.0395 
   NS_SS1001  1 0.0085 0.1704 0.5625 0.0617 0.0074 0.0062 0.1833 
   NS_SS0936  1 0.1411 0.0809 0.0965 0.0692 0.5921 0.0027 0.0176 
   NS_SS0955  1 0.7810 0.0344 0.0183 0.0331 0.0178 0.0041 0.1113 
   NS_SS0944  1 0.0152 0.0092 0.0097 0.0276 0.0538 0.0023 0.8822 
   NS_SS0945  1 0.0183 0.0230 0.0546 0.0080 0.0234 0.0086 0.8642 
   NS_SS0922  1 0.5324 0.1285 0.1147 0.0236 0.1639 0.0310 0.0058 
   NS_SS0929  1 0.0777 0.0864 0.0667 0.4924 0.2123 0.0034 0.0611 
   NS_SS0956  1 0.0757 0.0206 0.8227 0.0465 0.0105 0.0042 0.0198 
   NS_SS0906  1 0.1787 0.0243 0.0223 0.4460 0.3055 0.0027 0.0207 
   NS_SS0721  1 0.3938 0.2114 0.0140 0.3550 0.0050 0.0057 0.0152 
   NS_SS0982  1 0.5119 0.0227 0.1507 0.1979 0.0853 0.0184 0.0130 
   NS_SS0923  1 0.0407 0.3590 0.2554 0.2258 0.1045 0.0037 0.0108 
   NS_SS0905  1 0.0297 0.2642 0.0473 0.5765 0.0215 0.0019 0.0588 
   NS_SS0925  1 0.0094 0.8305 0.0200 0.0762 0.0532 0.0038 0.0069 
   NS_SS0947  1 0.0202 0.0451 0.0141 0.0226 0.8807 0.0054 0.0118 
   NS_SS0926  1 0.0970 0.0159 0.0391 0.1375 0.0142 0.0013 0.6950 
   NS_SS0918  1 0.0274 0.0788 0.3890 0.0117 0.3901 0.0023 0.1008 
   NS_SS0966  1 0.0396 0.1085 0.0124 0.0190 0.7511 0.0437 0.0257 
   NS_SS0938  1 0.0376 0.3939 0.4973 0.0084 0.0489 0.0012 0.0128 
   NS_SS0917  1 0.6458 0.1163 0.1312 0.0368 0.0119 0.0384 0.0196 
   NS_SS0957  1 0.1744 0.0206 0.7009 0.0302 0.0551 0.0076 0.0111 
   NS_SS0987  1 0.0109 0.0167 0.5718 0.1253 0.0096 0.2381 0.0275 
   NS_SS0717  1 0.0077 0.0342 0.8063 0.0697 0.0648 0.0032 0.0141 
   NS_SS0986  1 0.0640 0.1581 0.0761 0.1606 0.0328 0.0046 0.5038 
   NS_SS0953  1 0.0084 0.0145 0.0159 0.0081 0.9278 0.0146 0.0106 
   NS_SS0907  1 0.0724 0.0161 0.0260 0.2421 0.5712 0.0431 0.0291 
   NS_SS0974  1 0.1602 0.2534 0.0819 0.0535 0.0950 0.0039 0.3521 
   NS_SS0989  1 0.0571 0.7610 0.0085 0.0277 0.0414 0.0011 0.1033 
   NS_SS0991  1 0.0091 0.0102 0.0093 0.6803 0.0181 0.0015 0.2715 
   NS_SS0994  1 0.0162 0.0876 0.0438 0.0301 0.0134 0.0021 0.8068 
   NS_SS0931  1 0.0189 0.0306 0.0242 0.3871 0.0126 0.0105 0.5160 
   NS_SS1000  1 0.0111 0.0094 0.0225 0.5903 0.3497 0.0036 0.0134 
   NS_SS0919  1 0.0212 0.0136 0.0045 0.9297 0.0089 0.0029 0.0192 
   NS_SS0949  1 0.0279 0.0859 0.0065 0.0557 0.0111 0.0012 0.8117 
   NS_SS0960  1 0.0631 0.0400 0.0542 0.1046 0.0363 0.0069 0.6950 
   NS_SS0716  1 0.0039 0.0035 0.9743 0.0055 0.0039 0.0045 0.0045 
   NS_SS0924  1 0.0204 0.8351 0.0163 0.0869 0.0100 0.0164 0.0149 
   NS_SS0935  1 0.0045 0.0063 0.0069 0.9587 0.0054 0.0063 0.0119 
   NS_SS0952  1 0.0508 0.0122 0.0175 0.1155 0.0690 0.0479 0.6871 
   NS_SS0962  1 0.7037 0.0363 0.1031 0.0851 0.0425 0.0079 0.0214 
   NS_SS0973  1 0.0170 0.1052 0.0056 0.8402 0.0192 0.0032 0.0097 
   NS_SS0722  1 0.0103 0.0151 0.7851 0.0643 0.1165 0.0025 0.0061 
   NS_SS0979  1 0.0492 0.0107 0.7380 0.1432 0.0458 0.0019 0.0111 
   NS_SS0993  1 0.0130 0.6697 0.0696 0.0348 0.1842 0.0190 0.0097 
   NS_SS0958  1 0.0079 0.0170 0.0712 0.0208 0.0272 0.0023 0.8536 
   NS_SS0988  1 0.5301 0.1292 0.0652 0.1223 0.1211 0.0057 0.0264 
   NS_SS1003  1 0.8250 0.0443 0.0069 0.0188 0.0798 0.0110 0.0143 
   NS_SS0976  1 0.0149 0.2787 0.0161 0.0697 0.0890 0.0023 0.5293 
   NS_SS0964  1 0.0073 0.0133 0.8785 0.0289 0.0615 0.0023 0.0082 
   NS_SS0939  1 0.0078 0.0148 0.9607 0.0036 0.0045 0.0037 0.0050 
   NS_SS0990  1 0.7557 0.0140 0.1586 0.0234 0.0331 0.0031 0.0120 
   NS_SS0984  1 0.0376 0.0163 0.9143 0.0083 0.0173 0.0018 0.0043 
   NS_SS0980  1 0.3685 0.1215 0.0255 0.3482 0.1253 0.0025 0.0087 
   NS_SS0978  1 0.7988 0.0116 0.0191 0.1415 0.0189 0.0025 0.0076 
   NS_SS0951  1 0.0412 0.0563 0.0483 0.0651 0.0409 0.0036 0.7446 
   NS_SS0913  1 0.0147 0.0252 0.8657 0.0087 0.0190 0.0469 0.0198 
   NS_SS1002  1 0.3420 0.0799 0.0084 0.0355 0.4758 0.0443 0.0141 
   NS_SS0948  1 0.0264 0.0510 0.2198 0.0862 0.3489 0.0673 0.2004 
   NS_SS0916  1 0.0142 0.9564 0.0065 0.0068 0.0048 0.0038 0.0075 
   NS_SS0995  1 0.0232 0.8782 0.0747 0.0075 0.0089 0.0027 0.0047 
   NS_SS0927  1 0.7212 0.2071 0.0169 0.0269 0.0098 0.0043 0.0138 
   NS_SS0992  1 0.1806 0.7261 0.0108 0.0226 0.0370 0.0027 0.0202 
   NS_SS0912  1 0.0356 0.0099 0.0226 0.6076 0.0170 0.0028 0.3045 
   NS_SS0981  1 0.0167 0.0216 0.0209 0.8567 0.0703 0.0035 0.0102 
   NS_SS0729  2 0.0091 0.8824 0.0033 0.0398 0.0368 0.0025 0.0261 
   NS_SS0967  2 0.3835 0.2008 0.0650 0.1914 0.1167 0.0117 0.0310 
   NS_SS0941  2 0.0212 0.8006 0.0455 0.0287 0.0127 0.0793 0.0119 
   NS_SS0768  2 0.0983 0.0149 0.0699 0.0406 0.5961 0.0050 0.1752 
   NS_SS0726  2 0.0728 0.8770 0.0051 0.0199 0.0106 0.0066 0.0080 
   NS_SS0763  2 0.0482 0.4992 0.0599 0.1777 0.1453 0.0024 0.0673 
   NS_SS0730  2 0.0768 0.1159 0.6729 0.0144 0.0885 0.0038 0.0278 
   NS_SS0774  2 0.0806 0.0223 0.6317 0.0087 0.2498 0.0010 0.0059 
   NS_SS0723  2 0.6663 0.0139 0.0751 0.2081 0.0276 0.0015 0.0075 
   NS_SS0940  2 0.0200 0.8903 0.0157 0.0349 0.0051 0.0054 0.0286 
   NS_SS0762  2 0.0092 0.0121 0.8785 0.0099 0.0816 0.0025 0.0062 
   NS_SS0766  2 0.0219 0.2219 0.6226 0.0722 0.0053 0.0147 0.0413 
   NS_SS0724  2 0.0058 0.0309 0.0391 0.5786 0.3276 0.0045 0.0135 
   NS_SS0769  2 0.0805 0.0529 0.0283 0.6699 0.1547 0.0042 0.0095 
   NS_SS0777  2 0.0047 0.0053 0.0078 0.9560 0.0043 0.0071 0.0149 
   NS_SS0734  2 0.2384 0.0354 0.1336 0.2308 0.0106 0.0316 0.3195 
   NS_SS0737  2 0.0535 0.5476 0.3165 0.0069 0.0605 0.0055 0.0095 
   NS_SS0732  2 0.5005 0.1696 0.1148 0.1733 0.0216 0.0061 0.0141 
   NS_SS0728  2 0.0838 0.6370 0.0760 0.1114 0.0580 0.0134 0.0206 
   NS_SS0735  2 0.0122 0.8239 0.0179 0.0501 0.0725 0.0083 0.0151 
   NS_SS0725  2 0.1602 0.1029 0.2145 0.0096 0.4776 0.0079 0.0273 
   NS_SS0788  2 0.9306 0.0113 0.0197 0.0110 0.0153 0.0018 0.0105 
   NS_SS0778  2 0.9199 0.0062 0.0113 0.0451 0.0064 0.0017 0.0094 
   NS_SS0792  2 0.3899 0.2893 0.2470 0.0134 0.0330 0.0064 0.0210 
   NS_SS0943  2 0.1208 0.0120 0.0084 0.0882 0.4692 0.0076 0.2938 
   NS_SS0791  2 0.0126 0.9190 0.0169 0.0117 0.0040 0.0092 0.0266 
   NS_SS0790  2 0.0094 0.0032 0.0249 0.0046 0.9488 0.0036 0.0055 
   NS_SS0731  2 0.0132 0.0149 0.7793 0.1264 0.0415 0.0133 0.0113 
   NS_SS0727  2 0.0130 0.7402 0.1771 0.0151 0.0107 0.0021 0.0418 
   NS_SS0779  2 0.0482 0.0698 0.0630 0.7831 0.0147 0.0064 0.0149 
   NS_SS0776  2 0.0307 0.0131 0.0348 0.7655 0.0769 0.0077 0.0714 
   NS_SS0775  2 0.0065 0.0088 0.9618 0.0053 0.0070 0.0053 0.0052 
   NS_SS0965  3 0.0173 0.0194 0.0514 0.8901 0.0079 0.0016 0.0123 
   NS_SS0754  3 0.0495 0.2954 0.0154 0.5918 0.0090 0.0104 0.0286 
   NS_SS0838  3 0.0312 0.7023 0.0330 0.0435 0.0875 0.0431 0.0594 
   NS_SS0839  3 0.0553 0.1317 0.2986 0.0114 0.4910 0.0034 0.0086 
   NS_SS0832  3 0.4272 0.0182 0.0562 0.4115 0.0351 0.0461 0.0058 
   NS_SS0820  3 0.3126 0.0243 0.3919 0.2180 0.0386 0.0066 0.0080 
   NS_SS0886  3 0.2918 0.5657 0.0309 0.0293 0.0267 0.0025 0.0531 
   NS_SS0748  3 0.0241 0.0229 0.0809 0.2269 0.1583 0.0085 0.4784 
   NS_SS0884  3 0.5720 0.2041 0.0274 0.0453 0.0907 0.0240 0.0365 
   NS_SS0752  3 0.0475 0.5847 0.1067 0.1169 0.1070 0.0021 0.0352 
   NS_SS0862  3 0.2220 0.4175 0.0328 0.2338 0.0809 0.0041 0.0089 
   NS_SS0787  3 0.0325 0.0058 0.0069 0.0138 0.0134 0.0057 0.9218 
   NS_SS0843  3 0.0110 0.0301 0.0154 0.7773 0.1590 0.0019 0.0054 
   NS_SS0856  3 0.6468 0.1687 0.0293 0.0098 0.0693 0.0033 0.0728 
   NS_SS0846  3 0.1960 0.0227 0.0071 0.5347 0.1917 0.0028 0.0450 
   NS_SS0825  3 0.5827 0.1747 0.0912 0.0289 0.0414 0.0146 0.0666 
   NS_SS0757  3 0.5345 0.0281 0.0401 0.2476 0.0219 0.0037 0.1241 
   NS_SS0876  3 0.2563 0.1007 0.0165 0.0698 0.3247 0.2174 0.0146 
   NS_SS0903  3 0.0073 0.1638 0.0074 0.0746 0.7377 0.0029 0.0064 
   NS_SS0875  3 0.0899 0.0202 0.8071 0.0122 0.0402 0.0034 0.0270 
   NS_SS0740  3 0.0200 0.0515 0.0196 0.8102 0.0597 0.0028 0.0361 
   NS_SS0811  3 0.0111 0.0136 0.8541 0.0379 0.0575 0.0106 0.0152 
   NS_SS0751  3 0.1748 0.1612 0.0455 0.1381 0.0587 0.0027 0.4190 
   NS_SS0891  3 0.0223 0.0212 0.1346 0.0069 0.7984 0.0053 0.0113 
   NS_SS0867  3 0.3562 0.0201 0.0099 0.3016 0.1145 0.0318 0.1659 
   NS_SS0890  3 0.0810 0.4445 0.0741 0.1869 0.1584 0.0033 0.0518 
   NS_SS0866  3 0.8239 0.0154 0.0260 0.0078 0.0061 0.0053 0.1155 
   NS_SS0755  3 0.2783 0.0421 0.4046 0.0671 0.1013 0.0089 0.0978 
   NS_SS0758  3 0.0172 0.7014 0.0101 0.1754 0.0385 0.0021 0.0553 
   NS_SS0840  3 0.0134 0.0580 0.0686 0.0221 0.8206 0.0027 0.0147 
   NS_SS0889  3 0.0763 0.0198 0.0200 0.0500 0.0341 0.0025 0.7973 
   NS_SS1010  3 0.1368 0.0439 0.0149 0.2495 0.4360 0.0437 0.0752 
   NS_SS0888  3 0.1486 0.4307 0.0609 0.2534 0.0075 0.0016 0.0972 
   NS_SS0837  3 0.0385 0.0107 0.1892 0.7203 0.0210 0.0029 0.0175 
   NS_SS0794  3 0.0047 0.0067 0.0131 0.0073 0.0055 0.0019 0.9608 
   NS_SS0823  3 0.0425 0.3108 0.0312 0.0267 0.5705 0.0050 0.0134 
   NS_SS0829  3 0.0061 0.0087 0.0053 0.0454 0.0074 0.0977 0.8295 
   NS_SS0844  3 0.0079 0.0109 0.0081 0.0079 0.9579 0.0018 0.0055 
   NS_SS1008  3 0.0179 0.0331 0.7864 0.0498 0.0190 0.0117 0.0822 
   NS_SS0881  3 0.4820 0.0332 0.1138 0.2059 0.0293 0.0027 0.1331 
   NS_SS0834  3 0.0235 0.0474 0.0116 0.0124 0.8842 0.0069 0.0140 
   NS_SS0744  3 0.8951 0.0286 0.0085 0.0352 0.0115 0.0059 0.0152 
   NS_SS0899  3 0.0162 0.0062 0.0193 0.0111 0.9372 0.0016 0.0082 
   NS_SS0804  3 0.1901 0.3421 0.1017 0.0809 0.2733 0.0047 0.0071 
   NS_SS0781  3 0.0478 0.0107 0.0231 0.0322 0.8776 0.0038 0.0048 
   NS_SS0822  3 0.0174 0.1471 0.0119 0.0310 0.0271 0.0019 0.7636 
   NS_SS1004  3 0.0585 0.0135 0.0131 0.8476 0.0502 0.0033 0.0138 
   NS_SS0746  3 0.0162 0.0481 0.0684 0.6604 0.1038 0.0126 0.0906 
   NS_SS0880  3 0.6058 0.0254 0.0349 0.0450 0.1457 0.0016 0.1417 
   NS_SS0879  3 0.5062 0.0308 0.0612 0.0197 0.3458 0.0155 0.0209 
   NS_SS0753  3 0.0151 0.0112 0.0111 0.9235 0.0103 0.0060 0.0227 
   NS_SS1007  3 0.0718 0.8978 0.0085 0.0088 0.0033 0.0017 0.0082 
   NS_SS0872  3 0.0276 0.0229 0.0454 0.1052 0.7875 0.0023 0.0091 
   NS_SS1005  3 0.0547 0.0231 0.0229 0.2815 0.5635 0.0013 0.0530 
   NS_SS0892  3 0.0726 0.0374 0.0389 0.7904 0.0246 0.0020 0.0343 
   NS_SS0898  3 0.0229 0.0093 0.7991 0.0099 0.0079 0.0052 0.1457 
   NS_SS0801  3 0.0386 0.0180 0.0176 0.8883 0.0196 0.0091 0.0088 
   NS_SS0827  3 0.0275 0.0183 0.6434 0.1043 0.0236 0.1125 0.0703 
   NS_SS0853  3 0.0066 0.0276 0.8178 0.1011 0.0308 0.0049 0.0112 
   NS_SS0780  3 0.2632 0.0180 0.0256 0.5951 0.0874 0.0038 0.0068 
   NS_SS0826  3 0.0717 0.0069 0.0051 0.0128 0.8660 0.0034 0.0340 
   NS_SS0818  3 0.8240 0.0302 0.0529 0.0306 0.0355 0.0017 0.0251 
   NS_SS0745  3 0.0108 0.0040 0.9379 0.0243 0.0081 0.0016 0.0134 
   NS_SS0849  3 0.6349 0.0719 0.0505 0.0725 0.1423 0.0021 0.0257 
   NS_SS0739  3 0.6852 0.1951 0.0755 0.0087 0.0086 0.0137 0.0131 
   NS_SS0799  3 0.0324 0.6608 0.1363 0.0713 0.0101 0.0011 0.0879 
   NS_SS0756  3 0.0500 0.0215 0.0118 0.0096 0.8931 0.0040 0.0100 
   NS_SS0802  3 0.7319 0.0167 0.0083 0.0342 0.0060 0.1791 0.0239 
   NS_SS0747  3 0.1431 0.1018 0.0173 0.6312 0.0941 0.0050 0.0074 
   NS_SS0835  3 0.9037 0.0192 0.0178 0.0225 0.0137 0.0011 0.0221 
   NS_SS0742  3 0.6993 0.2052 0.0243 0.0176 0.0340 0.0011 0.0185 
   NS_SS0760  3 0.0259 0.0504 0.0108 0.0287 0.0137 0.0462 0.8243 
   NS_SS0803  3 0.0048 0.0608 0.0066 0.0311 0.8805 0.0087 0.0076 
   NS_SS0828  3 0.0153 0.0405 0.0888 0.8239 0.0097 0.0015 0.0204 
   NS_SS0865  3 0.9274 0.0038 0.0079 0.0210 0.0111 0.0180 0.0110 
   NS_SS0759  3 0.2510 0.0823 0.0342 0.5450 0.0702 0.0047 0.0125 
   NS_SS0851  3 0.0149 0.0051 0.9314 0.0049 0.0231 0.0108 0.0098 
   NS_SS0874  3 0.0124 0.0060 0.0155 0.0105 0.9475 0.0015 0.0066 
   NS_SS0761  3 0.0276 0.2743 0.0598 0.1996 0.0382 0.0033 0.3973 
   NS_SS0842  3 0.0558 0.0386 0.6129 0.0219 0.0823 0.0077 0.1808 
   NS_SS0785  3 0.0888 0.0966 0.0264 0.7241 0.0364 0.0052 0.0224 
   NS_SS0860  3 0.9208 0.0277 0.0063 0.0111 0.0195 0.0020 0.0127 
   NS_SS0897  3 0.0079 0.0122 0.0104 0.0067 0.0069 0.0016 0.9543 
   NS_SS0841  3 0.3153 0.0263 0.4846 0.0167 0.0159 0.0042 0.1371 
   NS_SS0797  3 0.0247 0.0500 0.2034 0.0252 0.0123 0.0265 0.6578 
   NS_SS0830  3 0.4483 0.0503 0.2057 0.0807 0.0871 0.0023 0.1256 
   NS_SS1011  3 0.7463 0.0208 0.0053 0.0108 0.2048 0.0052 0.0067 
   NS_SS0883  3 0.1719 0.3960 0.1964 0.1429 0.0191 0.0075 0.0662 
   NS_SS0782  3 0.0654 0.7179 0.0292 0.0094 0.0657 0.0026 0.1098 
   NS_SS0831  3 0.0395 0.5905 0.0096 0.0223 0.0383 0.0031 0.2967 
   NS_SS0749  3 0.0171 0.3918 0.0075 0.5542 0.0074 0.0026 0.0193 
   NS_SS0854  3 0.0259 0.7282 0.0248 0.0435 0.1283 0.0027 0.0466 
   HI_SS0193  4 0.0106 0.0606 0.0137 0.0064 0.0237 0.0015 0.8836 
   HI_SS0194  4 0.0205 0.0108 0.0111 0.0111 0.9235 0.0013 0.0217 
   HI_SS0195  4 0.3546 0.2561 0.0556 0.0744 0.1324 0.1197 0.0073 
   HI_SS0196  4 0.0301 0.3830 0.0657 0.0290 0.0623 0.0029 0.4271 
   HI_SS0197  4 0.9288 0.0160 0.0105 0.0197 0.0133 0.0087 0.0030 
   HI_SS0198  4 0.2691 0.4814 0.0776 0.0599 0.0159 0.0112 0.0849 
   HI_SS0199  4 0.0116 0.9423 0.0105 0.0109 0.0129 0.0023 0.0094 
   HI_SS0201  4 0.0435 0.0489 0.0060 0.2917 0.0234 0.0022 0.5843 
   HI_SS0215  4 0.2127 0.0228 0.0093 0.6217 0.0620 0.0031 0.0684 
   HI_SS0218  4 0.0059 0.0258 0.0196 0.0086 0.0078 0.0064 0.9258 
   HI_SS0222  4 0.0607 0.7574 0.0822 0.0681 0.0093 0.0047 0.0176 
   HI_SS0230  4 0.0678 0.0189 0.0785 0.7189 0.1004 0.0059 0.0096 
   HI_SS0234  4 0.0103 0.7611 0.0053 0.0390 0.0545 0.1216 0.0081 
   HI_SS0240  4 0.0157 0.8971 0.0304 0.0343 0.0081 0.0079 0.0065 
   HI_SS0241  4 0.6463 0.1015 0.0412 0.0637 0.0464 0.0021 0.0987 
   HI_SS0242  4 0.1882 0.3296 0.2655 0.0260 0.0991 0.0036 0.0880 
   HI_SS0247  4 0.0102 0.0068 0.0110 0.0103 0.9407 0.0147 0.0063 
   HI_SS0248  4 0.0115 0.0651 0.0175 0.0645 0.0138 0.0008 0.8268 
   HI_SS0252  4 0.0331 0.6939 0.0630 0.0307 0.0882 0.0023 0.0887 
   HI_SS0254  4 0.0856 0.0294 0.0268 0.7046 0.0090 0.0745 0.0699 
   HI_SS0256  4 0.0631 0.0061 0.0143 0.0282 0.8830 0.0013 0.0040 
   HI_SS0257  4 0.2692 0.0500 0.0120 0.1896 0.4261 0.0031 0.0501 
   HI_SS0258  4 0.0121 0.0126 0.0121 0.0351 0.0050 0.0047 0.9185 
   HI_SS0259  4 0.9483 0.0102 0.0079 0.0058 0.0176 0.0027 0.0074 
   HI_SS0260  4 0.0357 0.0343 0.0888 0.5820 0.0236 0.0019 0.2338 
   HI_SS0261  4 0.0915 0.0507 0.0236 0.7652 0.0289 0.0027 0.0374 
   HI_SS0262  4 0.8387 0.0659 0.0207 0.0109 0.0414 0.0059 0.0164 
   HI_SS0264  4 0.0270 0.0133 0.0550 0.7070 0.1741 0.0033 0.0203 
   HI_SS0265  4 0.5925 0.0204 0.1537 0.0598 0.0559 0.1006 0.0171 
   HI_SS0268  4 0.0538 0.0686 0.0768 0.0340 0.0306 0.0026 0.7334 
   HI_SS0269  4 0.4672 0.3385 0.0127 0.0143 0.0271 0.0022 0.1378 
   HI_SS0273  4 0.0992 0.0207 0.0189 0.0226 0.0183 0.0015 0.8188 
   HI_SS0277  4 0.9047 0.0475 0.0086 0.0141 0.0137 0.0026 0.0088 
   HI_SS0280  4 0.1010 0.1483 0.0986 0.0982 0.0053 0.0084 0.5403 
   HI_SS0282  4 0.0857 0.0592 0.0065 0.1167 0.0315 0.0013 0.6990 
   HI_SS0286  4 0.0911 0.6063 0.0333 0.1792 0.0297 0.0069 0.0535 
   NS_SS1252  5 0.0264 0.2292 0.0363 0.0115 0.0072 0.0040 0.6854 
   NS_SS1261  5 0.1096 0.7215 0.0259 0.0331 0.0591 0.0177 0.0331 
   NS_SS1225  5 0.0090 0.0054 0.0057 0.0662 0.8471 0.0595 0.0070 
   NS_SS1266  5 0.0725 0.0076 0.0105 0.0294 0.8672 0.0071 0.0057 
   NS_SS1228  5 0.0257 0.3290 0.5367 0.0160 0.0584 0.0140 0.0201 
   NS_SS1255  5 0.0364 0.0359 0.1450 0.0059 0.3958 0.0018 0.3793 
   NS_SS1267  5 0.0088 0.8512 0.0168 0.0126 0.0047 0.0103 0.0956 
   NS_SS1238  5 0.0120 0.0294 0.0110 0.0135 0.0260 0.0026 0.9056 
   NS_SS1233  5 0.0061 0.0054 0.0610 0.0222 0.7079 0.0021 0.1955 
   NS_SS1277  5 0.0088 0.0413 0.5961 0.0278 0.0061 0.0008 0.3192 
   NS_SS1245  5 0.1188 0.2685 0.0645 0.2183 0.2389 0.0017 0.0892 
   NS_SS1240  5 0.0348 0.8218 0.0070 0.0371 0.0162 0.0019 0.0812 
   NS_SS1275  5 0.7398 0.0222 0.0644 0.0404 0.1243 0.0028 0.0061 
   NS_SS1235  5 0.0083 0.0162 0.0056 0.0063 0.9510 0.0037 0.0090 
   NS_SS1263  5 0.0059 0.0051 0.0084 0.0078 0.9621 0.0013 0.0095 
   NS_SS1251  5 0.0060 0.0162 0.0109 0.0187 0.9398 0.0012 0.0072 
   NS_SS1248  5 0.0285 0.0662 0.1669 0.0361 0.0150 0.1184 0.5690 
   NS_SS1244  5 0.2216 0.4504 0.0075 0.0117 0.0589 0.0049 0.2450 
   NS_SS1257  5 0.0259 0.7116 0.0255 0.0482 0.0611 0.0225 0.1053 
   NS_SS1242  5 0.2930 0.0045 0.5852 0.0210 0.0767 0.0025 0.0171 
   NS_SS1271  5 0.0362 0.3987 0.2022 0.1467 0.0048 0.0320 0.1794 
   NS_SS1265  5 0.0716 0.0161 0.0723 0.1071 0.0338 0.0254 0.6739 
   NS_SS1243  5 0.1104 0.0552 0.3042 0.1605 0.0092 0.1119 0.2486 
   NS_SS1273  5 0.0223 0.0113 0.9191 0.0065 0.0228 0.0081 0.0099 
   NS_SS1254  5 0.0730 0.0201 0.4106 0.0133 0.4619 0.0061 0.0149 
   NS_SS1224  5 0.0236 0.1782 0.0587 0.0607 0.6613 0.0092 0.0083 
   NS_SS1227  5 0.0538 0.0128 0.0424 0.8748 0.0038 0.0020 0.0104 
   NS_SS1274  5 0.0268 0.3061 0.0106 0.4200 0.1531 0.0181 0.0654 
   NS_SS1241  5 0.0096 0.0127 0.0102 0.0218 0.0218 0.0010 0.9229 
   NS_SS1256  5 0.2194 0.0150 0.1317 0.1472 0.3010 0.0481 0.1377 
   NS_SS1260  5 0.0751 0.7201 0.0212 0.0587 0.0150 0.0704 0.0395 
   NS_SS1262  5 0.0253 0.0517 0.0278 0.5463 0.1333 0.1608 0.0548 
   NS_SS1230  5 0.0278 0.0117 0.0443 0.1088 0.0181 0.0092 0.7801 
   NS_SS1270  5 0.0726 0.0102 0.0297 0.5407 0.2832 0.0018 0.0618 
   NS_SS1229  5 0.1417 0.6239 0.0075 0.0324 0.1818 0.0041 0.0088 
   NS_SS1246  5 0.2214 0.6986 0.0078 0.0088 0.0278 0.0028 0.0327 
   NS_SS1269  5 0.2228 0.4378 0.0380 0.1172 0.0366 0.0025 0.1451 
   NS_SS1239  5 0.1645 0.7051 0.0714 0.0377 0.0053 0.0051 0.0110 
   NS_SS1272  5 0.1551 0.0124 0.0249 0.0123 0.7815 0.0065 0.0073 
   NS_SS1268  5 0.0476 0.0115 0.1770 0.0671 0.6296 0.0030 0.0640 
   NS_SS1249  5 0.0327 0.2524 0.0388 0.0151 0.0493 0.0145 0.5971 
   HI_SS0559  6 0.0062 0.0106 0.0706 0.8579 0.0231 0.0019 0.0298 
   HI_SS0563  6 0.0640 0.7519 0.0123 0.0138 0.0385 0.0023 0.1172 
   HI_SS0564  6 0.2673 0.5685 0.0259 0.0210 0.0459 0.0518 0.0197 
   HI_SS0565  6 0.6270 0.0335 0.0630 0.1553 0.0308 0.0040 0.0864 
   HI_SS0569  6 0.0065 0.0073 0.0079 0.8606 0.0065 0.0018 0.1095 
   HI_SS0570  6 0.0074 0.0181 0.0207 0.0096 0.0212 0.0374 0.8856 
   HI_SS0572  6 0.0280 0.1741 0.0554 0.0146 0.7184 0.0030 0.0065 
   HI_SS0576  6 0.0620 0.0574 0.7627 0.0587 0.0117 0.0061 0.0415 
   HI_SS0579  6 0.0049 0.0090 0.0046 0.9398 0.0226 0.0101 0.0091 
   HI_SS0580  6 0.0106 0.0197 0.9324 0.0129 0.0109 0.0037 0.0097 
   HI_SS0581  6 0.8330 0.0478 0.0148 0.0163 0.0141 0.0658 0.0083 
   HI_SS0583  6 0.0121 0.3484 0.4394 0.0810 0.1015 0.0023 0.0153 
   HI_SS0586  6 0.0121 0.0274 0.0519 0.5181 0.0058 0.0013 0.3835 
   HI_SS0588  6 0.0049 0.0322 0.0136 0.8984 0.0112 0.0137 0.0261 
   HI_SS0595  6 0.1836 0.1031 0.4244 0.0401 0.0286 0.0302 0.1900 
   HI_SS0596  6 0.0105 0.0132 0.7397 0.0243 0.1998 0.0030 0.0094 
   HI_SS0597  6 0.4656 0.1178 0.0894 0.0178 0.2783 0.0023 0.0288 
   HI_SS0600  6 0.7293 0.2262 0.0053 0.0165 0.0069 0.0040 0.0118 
   HI_SS0601  6 0.0276 0.0169 0.0110 0.8687 0.0599 0.0083 0.0076 
   HI_SS0602  6 0.0056 0.0061 0.0070 0.9616 0.0084 0.0026 0.0087 
   HI_SS0604  6 0.0188 0.1426 0.1156 0.5412 0.1055 0.0015 0.0747 
   HI_SS0605  6 0.5705 0.3521 0.0282 0.0196 0.0079 0.0067 0.0151 
   HI_SS0608  6 0.0114 0.0088 0.9220 0.0195 0.0047 0.0011 0.0325 
   HI_SS0609  6 0.1405 0.0111 0.0483 0.0100 0.7709 0.0009 0.0184 
   HI_SS0611  6 0.0266 0.2805 0.5640 0.0505 0.0128 0.0028 0.0627 
   HI_SS0612  6 0.2097 0.0165 0.0084 0.0451 0.7011 0.0048 0.0144 
   HI_SS0613  6 0.6818 0.0191 0.0636 0.1437 0.0659 0.0017 0.0243 
   HI_SS0615  6 0.0175 0.8053 0.1247 0.0178 0.0157 0.0114 0.0075 
   HI_SS0001  6 0.1248 0.7213 0.0509 0.0219 0.0400 0.0033 0.0378 
   HI_SS0002  6 0.0682 0.0091 0.0287 0.0407 0.8163 0.0281 0.0089 
   HI_SS0004  6 0.0223 0.0598 0.0297 0.0445 0.0454 0.0064 0.7919 
   HI_SS0005  6 0.1983 0.0582 0.2801 0.3270 0.0105 0.0074 0.1185 
   HI_SS0006  6 0.6950 0.0703 0.0155 0.0794 0.1145 0.0019 0.0234 
   HI_SS0007  6 0.0414 0.0295 0.1856 0.1027 0.0144 0.0024 0.6238 
   HI_SS0008  6 0.0541 0.0080 0.0089 0.8857 0.0123 0.0246 0.0063 
   HI_SS0009  6 0.0148 0.0387 0.8863 0.0139 0.0123 0.0051 0.0289 
   HI_SS0010  6 0.0268 0.0172 0.0435 0.1466 0.0162 0.0039 0.7458 
   HI_SS0011  6 0.0134 0.0062 0.0182 0.0165 0.8215 0.0861 0.0380 
   HI_SS0012  6 0.0640 0.7964 0.0399 0.0519 0.0376 0.0052 0.0050 
   HI_SS0017  6 0.0142 0.0246 0.4479 0.0155 0.4247 0.0018 0.0714 
   HI_SS0021  6 0.0363 0.0079 0.2961 0.2834 0.0111 0.2359 0.1292 
   HI_SS0024  6 0.6246 0.0556 0.1754 0.0183 0.0389 0.0022 0.0851 
   HI_SS0025  6 0.0116 0.0363 0.8996 0.0158 0.0197 0.0043 0.0127 
   HI_SS0027  6 0.0106 0.0217 0.0101 0.0813 0.0091 0.0115 0.8558 
   HI_SS0028  6 0.0301 0.0095 0.7718 0.1499 0.0324 0.0022 0.0041 
   HI_SS0029  6 0.0189 0.0481 0.8933 0.0114 0.0101 0.0063 0.0120 
   HI_SS0030  6 0.1591 0.4767 0.0189 0.2792 0.0104 0.0046 0.0511 
   HI_SS0031  6 0.0382 0.0700 0.0109 0.8647 0.0069 0.0023 0.0071 
   HI_SS0034  6 0.0866 0.0414 0.0066 0.8161 0.0203 0.0053 0.0235 
   HI_SS0036  6 0.4476 0.0998 0.1427 0.0776 0.0035 0.0118 0.2169 
   HI_SS0037  6 0.0604 0.0108 0.0534 0.0289 0.0148 0.0046 0.8272 
   HI_SS0039  6 0.1722 0.0087 0.1148 0.5613 0.0096 0.0030 0.1303 
   HI_SS0041  6 0.0685 0.4850 0.4089 0.0061 0.0219 0.0016 0.0080 
   HI_SS0042  6 0.0304 0.0676 0.6397 0.0055 0.1399 0.1087 0.0081 
   HI_SS0043  6 0.0875 0.1019 0.0068 0.0277 0.0068 0.0030 0.7663 
   HI_SS0044  6 0.0163 0.0143 0.7941 0.0133 0.0049 0.0024 0.1547 
   HI_SS0047  6 0.0502 0.0542 0.0113 0.8377 0.0324 0.0027 0.0116 
   HI_SS0049  6 0.0061 0.0097 0.8252 0.0916 0.0480 0.0036 0.0158 
   HI_SS0051  6 0.2153 0.3086 0.0344 0.0638 0.1151 0.0028 0.2600 
   HI_SS0053  6 0.1105 0.1051 0.0149 0.7365 0.0078 0.0036 0.0216 
   HI_SS0054  6 0.0112 0.0069 0.0071 0.5678 0.0315 0.0032 0.3723 
   HI_SS0057  6 0.5639 0.0416 0.0254 0.0399 0.0391 0.0029 0.2873 
   HI_SS0058  6 0.0098 0.0113 0.0128 0.0123 0.9212 0.0064 0.0262 
   HI_SS0060  6 0.2248 0.0596 0.0074 0.2845 0.0225 0.0906 0.3106 
   HI_SS0087  6 0.1407 0.1240 0.0102 0.2317 0.3859 0.0029 0.1044 
   HI_SS0091  6 0.9179 0.0293 0.0034 0.0121 0.0241 0.0010 0.0121 
   HI_SS0095  6 0.0265 0.6338 0.0064 0.2686 0.0189 0.0404 0.0054 
   HI_SS0097  6 0.0195 0.0888 0.0113 0.2223 0.6171 0.0043 0.0367 
   HI_SS0099  6 0.0081 0.0104 0.9503 0.0100 0.0102 0.0044 0.0066 
   HI_SS0103  6 0.7483 0.0936 0.0160 0.0458 0.0821 0.0031 0.0111 
   HI_SS0105  6 0.6270 0.0637 0.0062 0.1571 0.0756 0.0284 0.0420 
   HI_SS0107  6 0.0532 0.0756 0.1295 0.0138 0.7161 0.0009 0.0108 
   HI_SS0108  6 0.0134 0.0231 0.0055 0.0113 0.0057 0.0214 0.9197 
   HI_SS0110  6 0.8419 0.1042 0.0119 0.0250 0.0094 0.0011 0.0065 
   HI_SS0111  6 0.7803 0.0944 0.0362 0.0379 0.0151 0.0269 0.0092 
   HI_SS0112  6 0.0060 0.0044 0.0037 0.0041 0.0039 0.0013 0.9767 
   HI_SS0113  6 0.0321 0.1889 0.0194 0.0312 0.7127 0.0040 0.0118 
   HI_SS0114  6 0.0591 0.1202 0.0186 0.5439 0.0105 0.0055 0.2423 
   HI_SS0115  6 0.0089 0.0421 0.0687 0.8424 0.0119 0.0124 0.0137 
   HI_SS0116  6 0.0106 0.0352 0.8990 0.0241 0.0086 0.0027 0.0199 
   HI_SS0117  6 0.0226 0.0151 0.0042 0.1004 0.8226 0.0015 0.0336 
   HI_SS0118  6 0.0907 0.0528 0.3560 0.0211 0.2408 0.0135 0.2252 
   HI_SS0119  6 0.8911 0.0381 0.0038 0.0241 0.0098 0.0019 0.0312 
   HI_SS0120  6 0.0278 0.0868 0.0107 0.0048 0.8513 0.0030 0.0157 
   HI_SS0121  6 0.2814 0.0193 0.0711 0.0133 0.6047 0.0016 0.0086 
   HI_SS0122  6 0.8868 0.0176 0.0203 0.0071 0.0183 0.0194 0.0304 
   HI_SS0123  6 0.8145 0.0167 0.0061 0.0531 0.0931 0.0048 0.0116 
   HI_SS0124  6 0.0833 0.0121 0.8262 0.0101 0.0564 0.0024 0.0095 
   HI_SS0125  6 0.1511 0.6710 0.0803 0.0503 0.0089 0.0354 0.0032 
   HI_SS0126  6 0.0102 0.0054 0.0445 0.0125 0.0070 0.0008 0.9198 
   HI_SS0127  6 0.0089 0.0135 0.0189 0.8918 0.0211 0.0067 0.0391 
   HI_SS0128  6 0.0093 0.7560 0.0211 0.1293 0.0455 0.0035 0.0352 
   HI_SS0129  6 0.3088 0.3676 0.0968 0.0306 0.0207 0.0082 0.1674 
   HI_SS0131  6 0.0069 0.0045 0.0103 0.0081 0.0146 0.0398 0.9158 
   HI_SS0132  6 0.6456 0.0241 0.0468 0.0890 0.1014 0.0007 0.0925 
   HI_SS0133  6 0.0047 0.0062 0.0028 0.0032 0.0028 0.0013 0.9790 
   HI_SS0134  6 0.5493 0.0375 0.0452 0.0803 0.1122 0.0017 0.1738 
   HI_SS0142  6 0.0362 0.0379 0.0084 0.8694 0.0281 0.0146 0.0054 
   HI_SS0145  6 0.0299 0.0182 0.0079 0.8448 0.0540 0.0014 0.0438 
   HI_SS0146  6 0.0172 0.0140 0.0234 0.0076 0.0088 0.0013 0.9276 
   HI_SS0147  6 0.1376 0.0551 0.0334 0.0165 0.6978 0.0317 0.0279 
   HI_SS0149  6 0.9425 0.0053 0.0070 0.0054 0.0129 0.0039 0.0231 
   HI_SS0150  6 0.0128 0.5811 0.2545 0.0826 0.0439 0.0045 0.0205 
   HI_SS0151  6 0.0248 0.8944 0.0119 0.0245 0.0144 0.0131 0.0168 
   NS_SS1451  6 0.4945 0.0523 0.3840 0.0320 0.0238 0.0042 0.0093 
   NS_SS1404  6 0.1269 0.0262 0.3484 0.0119 0.4640 0.0113 0.0112 
   NS_SS1432  6 0.5728 0.0099 0.3636 0.0134 0.0048 0.0319 0.0036 
   NS_SS1405  6 0.0693 0.0505 0.1981 0.0211 0.1121 0.0047 0.5442 
   NS_SS1431  6 0.3801 0.0708 0.1274 0.0201 0.3772 0.0008 0.0236 
   NS_SS1402  6 0.1842 0.1125 0.0261 0.0093 0.6563 0.0026 0.0090 
   NS_SS1450  6 0.2061 0.1623 0.0121 0.3813 0.0207 0.0039 0.2136 
   NS_SS1396  6 0.4564 0.1405 0.0474 0.1394 0.0442 0.0065 0.1655 
   NS_SS1393  6 0.0686 0.5566 0.2287 0.1139 0.0128 0.0046 0.0148 
   NS_SS1392  6 0.0095 0.8993 0.0478 0.0105 0.0093 0.0140 0.0096 
   NS_SS1445  6 0.1953 0.0157 0.0106 0.7319 0.0102 0.0071 0.0292 
   NS_SS1423  6 0.0286 0.2829 0.0124 0.0415 0.4386 0.0016 0.1944 
   NS_SS1421  6 0.0086 0.0117 0.0051 0.0043 0.0148 0.0724 0.8832 
   NS_SS1411  6 0.0080 0.0105 0.0095 0.0066 0.0052 0.0015 0.9588 
   NS_SS1453  6 0.0772 0.7534 0.0253 0.0444 0.0221 0.0059 0.0717 
   NS_SS1442  6 0.1110 0.0167 0.0281 0.2228 0.0532 0.0044 0.5638 
   NS_SS1422  6 0.1068 0.2613 0.0195 0.0388 0.5489 0.0134 0.0113 
   NS_SS1419  6 0.0079 0.0409 0.2437 0.0040 0.5157 0.1710 0.0167 
   NS_SS1427  6 0.0052 0.7353 0.0469 0.0192 0.0038 0.0024 0.1872 
   NS_SS1444  6 0.0081 0.0132 0.9400 0.0128 0.0149 0.0033 0.0077 
   NS_SS1455  6 0.0055 0.0130 0.1272 0.0093 0.8292 0.0011 0.0147 
   NS_SS1425  6 0.0107 0.0110 0.0038 0.0097 0.0063 0.0016 0.9569 
   NS_SS1400  6 0.0057 0.0052 0.0086 0.0085 0.0159 0.0015 0.9546 
   NS_SS1406  6 0.0092 0.0060 0.0059 0.0174 0.9516 0.0067 0.0032 
   NS_SS1417  6 0.4305 0.0139 0.0189 0.0084 0.3507 0.0097 0.1680 
   NS_SS1454  6 0.0945 0.0294 0.0847 0.0292 0.0685 0.0020 0.6917 
   NS_SS1412  6 0.2341 0.0119 0.0927 0.0931 0.2909 0.0260 0.2513 
   NS_SS1438  6 0.2605 0.3028 0.0210 0.1484 0.0813 0.0015 0.1846 
   NS_SS1416  6 0.7381 0.0603 0.0449 0.0097 0.1330 0.0067 0.0074 
   NS_SS1401  6 0.1870 0.1144 0.0499 0.0182 0.5079 0.0143 0.1082 
   NS_SS1424  6 0.7324 0.0167 0.0443 0.0460 0.0203 0.0125 0.1278 
   NS_SS1435  6 0.0080 0.0258 0.1775 0.5398 0.0109 0.0024 0.2355 
   NS_SS1447  6 0.0644 0.0247 0.2796 0.3488 0.1972 0.0087 0.0766 
   NS_SS1414  6 0.0058 0.0071 0.8121 0.0240 0.1266 0.0078 0.0166 
   NS_SS1449  6 0.0298 0.9277 0.0036 0.0060 0.0192 0.0035 0.0102 
   NS_SS1443  6 0.0232 0.0592 0.0063 0.8060 0.0183 0.0021 0.0850 
   NS_SS1434  6 0.0325 0.5659 0.0632 0.0085 0.0908 0.0007 0.2385 
   NS_SS1398  6 0.0414 0.1645 0.3439 0.0945 0.0383 0.0312 0.2863 
   NS_SS1426  6 0.0601 0.0846 0.0112 0.7502 0.0062 0.0020 0.0857 
   NS_SS1413  6 0.0072 0.0068 0.0069 0.0065 0.0150 0.0104 0.9472 
   NS_SS1395  6 0.0166 0.0275 0.0048 0.9164 0.0085 0.0065 0.0197 
   NS_SS1448  6 0.0096 0.0735 0.5635 0.0622 0.0077 0.0014 0.2820 
   NS_SS1446  6 0.8197 0.1149 0.0145 0.0131 0.0217 0.0033 0.0127 
   NS_SS1403  6 0.4208 0.4343 0.0447 0.0458 0.0387 0.0056 0.0102 
   NS_SS1415  6 0.0096 0.0215 0.0558 0.3580 0.0120 0.0099 0.5333 
   NS_SS1437  6 0.2723 0.0243 0.4710 0.0599 0.1275 0.0085 0.0365 
   NS_SS1439  6 0.0504 0.0107 0.0056 0.9124 0.0132 0.0020 0.0058 
   NS_SS1441  6 0.0234 0.0481 0.0166 0.7907 0.0143 0.0017 0.1053 
   NS_SS1420  6 0.0067 0.0114 0.9631 0.0058 0.0057 0.0024 0.0048 
   NS_SS1394  6 0.1391 0.0207 0.3396 0.4177 0.0346 0.0410 0.0074 
   NS_SS1391  6 0.0426 0.0269 0.0236 0.7947 0.0141 0.0111 0.0870 
   NS_SS1410  6 0.0583 0.7604 0.0654 0.0103 0.0458 0.0111 0.0487 
   NS_SS1408  6 0.2768 0.4305 0.0183 0.1613 0.0228 0.0650 0.0252 
   NS_SS1409  6 0.4741 0.4144 0.0278 0.0410 0.0131 0.0031 0.0264 
   HI_SS0617  7 0.5806 0.3636 0.0231 0.0079 0.0179 0.0013 0.0055 
   HI_SS0618  7 0.0152 0.9006 0.0309 0.0289 0.0145 0.0022 0.0077 
   HI_SS0619  7 0.0671 0.0134 0.8201 0.0129 0.0116 0.0033 0.0716 
   HI_SS0620  7 0.0062 0.0763 0.0138 0.0371 0.0073 0.0037 0.8555 
   HI_SS0621  7 0.0598 0.3798 0.4098 0.0105 0.1136 0.0158 0.0107 
   HI_SS0622  7 0.0359 0.0150 0.0312 0.2240 0.4987 0.0117 0.1836 
   HI_SS0626  7 0.0698 0.0131 0.8664 0.0139 0.0118 0.0098 0.0153 
   HI_SS0627  7 0.6533 0.2039 0.0575 0.0147 0.0336 0.0099 0.0270 
   HI_SS0628  7 0.1372 0.2380 0.1185 0.0167 0.0219 0.0588 0.4090 
   HI_SS0629  7 0.0556 0.4493 0.2172 0.0636 0.1261 0.0074 0.0809 
   HI_SS0630  7 0.0287 0.0830 0.2881 0.0262 0.0069 0.0728 0.4942 
   HI_SS0631  7 0.0155 0.1115 0.0240 0.0812 0.0075 0.0008 0.7596 
   HI_SS0632  7 0.0500 0.1384 0.0754 0.0550 0.0183 0.0040 0.6589 
   HI_SS0633  7 0.0073 0.0302 0.9113 0.0147 0.0242 0.0039 0.0085 
   HI_SS0634  7 0.9669 0.0069 0.0085 0.0041 0.0036 0.0019 0.0081 
   HI_SS0635  7 0.0124 0.0182 0.5152 0.2432 0.1376 0.0100 0.0634 
   HI_SS0637  7 0.4802 0.2928 0.0113 0.1600 0.0473 0.0030 0.0054 
   HI_SS0638  7 0.3787 0.0229 0.0160 0.0616 0.0200 0.0016 0.4991 
   HI_SS0639  7 0.0853 0.1365 0.3479 0.3698 0.0122 0.0436 0.0048 
   HI_SS0640  7 0.0060 0.0153 0.0340 0.9169 0.0145 0.0015 0.0118 
   HI_SS0641  7 0.0129 0.0220 0.8715 0.0389 0.0142 0.0047 0.0358 
   HI_SS0642  7 0.7132 0.0322 0.0138 0.2199 0.0096 0.0018 0.0094 
   HI_SS0645  7 0.0089 0.0061 0.9479 0.0033 0.0150 0.0008 0.0181 
   HI_SS0646  7 0.0305 0.0213 0.0080 0.9101 0.0189 0.0025 0.0087 
   HI_SS0647  7 0.0438 0.0869 0.1405 0.0238 0.1484 0.0015 0.5552 
   HI_SS0648  7 0.2243 0.0220 0.2180 0.4015 0.1072 0.0032 0.0238 
   HI_SS0649  7 0.0743 0.1011 0.7223 0.0453 0.0294 0.0020 0.0256 
   HI_SS0650  7 0.0698 0.8616 0.0164 0.0330 0.0098 0.0030 0.0065 
   HI_SS0651  7 0.1751 0.0378 0.0330 0.6747 0.0506 0.0048 0.0240 
   HI_SS0652  7 0.0280 0.0117 0.9016 0.0379 0.0105 0.0033 0.0070 
   NS_SS1371  7 0.0379 0.4952 0.0363 0.3543 0.0596 0.0070 0.0096 
   NS_SS1374  7 0.6359 0.0500 0.0261 0.0102 0.0080 0.0020 0.2678 
   NS_SS1337  7 0.2678 0.5823 0.0176 0.0084 0.0683 0.0036 0.0522 
   NS_SS1385  7 0.0959 0.0184 0.0687 0.2554 0.5102 0.0056 0.0458 
   NS_SS1388  7 0.0130 0.0148 0.8989 0.0084 0.0351 0.0070 0.0228 
   NS_SS1370  7 0.0976 0.6758 0.0229 0.0428 0.0230 0.0109 0.1270 
   NS_SS1389  7 0.0052 0.0054 0.9576 0.0067 0.0109 0.0033 0.0110 
   NS_SS1360  7 0.0166 0.0288 0.0110 0.8673 0.0123 0.0038 0.0601 
   NS_SS1330  7 0.2230 0.1328 0.0260 0.4068 0.1973 0.0038 0.0103 
   NS_SS1328  7 0.3545 0.0201 0.0595 0.0330 0.0120 0.0027 0.5181 
   NS_SS1384  7 0.0138 0.0216 0.0126 0.9204 0.0220 0.0040 0.0057 
   NS_SS1381  7 0.1152 0.4903 0.0117 0.0159 0.3573 0.0011 0.0084 
   NS_SS1375  7 0.0114 0.0142 0.9178 0.0403 0.0052 0.0011 0.0100 
   NS_SS1319  7 0.0244 0.7701 0.0578 0.0336 0.0122 0.0850 0.0169 
   NS_SS1326  7 0.0086 0.0122 0.0129 0.0056 0.0052 0.0095 0.9459 
   NS_SS1341  7 0.8983 0.0138 0.0054 0.0228 0.0445 0.0037 0.0115 
   NS_SS1383  7 0.0109 0.9297 0.0041 0.0256 0.0079 0.0043 0.0174 
   NS_SS1318  7 0.0329 0.1159 0.2156 0.0546 0.4869 0.0154 0.0789 
   NS_SS1348  7 0.0241 0.0529 0.0236 0.2922 0.0104 0.0015 0.5953 
   NS_SS1363  7 0.5642 0.0463 0.1618 0.0276 0.1691 0.0056 0.0253 
   NS_SS1335  7 0.0668 0.0629 0.0178 0.2628 0.0118 0.0290 0.5490 
   NS_SS1358  7 0.2888 0.0796 0.0027 0.0347 0.5446 0.0152 0.0344 
   NS_SS1342  7 0.0737 0.0131 0.0075 0.0126 0.8762 0.0011 0.0157 
   NS_SS1320  7 0.0205 0.0111 0.3406 0.0088 0.6015 0.0076 0.0099 
   NS_SS1355  7 0.0116 0.0694 0.0706 0.0736 0.7554 0.0137 0.0056 
   NS_SS1345  7 0.0110 0.0085 0.0111 0.0110 0.9303 0.0166 0.0115 
   NS_SS1324  7 0.0112 0.7256 0.0204 0.0286 0.0657 0.0022 0.1463 
   NS_SS1347  7 0.1186 0.2493 0.0236 0.5792 0.0126 0.0028 0.0139 
   NS_SS1321  7 0.7291 0.0577 0.0109 0.1334 0.0215 0.0015 0.0459 
   NS_SS1333  7 0.7819 0.0573 0.1194 0.0101 0.0079 0.0028 0.0205 
   NS_SS1364  7 0.0175 0.0203 0.0088 0.0444 0.4109 0.0028 0.4952 
   NS_SS1379  7 0.3263 0.1347 0.0283 0.3302 0.0962 0.0634 0.0208 
   NS_SS1332  7 0.0069 0.0077 0.0261 0.0658 0.0052 0.0067 0.8816 
   NS_SS1338  7 0.9242 0.0112 0.0089 0.0204 0.0054 0.0063 0.0236 
   NS_SS1368  7 0.0379 0.0185 0.1199 0.0585 0.0681 0.0056 0.6916 
   NS_SS1354  7 0.2246 0.0211 0.0294 0.0670 0.6232 0.0102 0.0245 
   NS_SS1365  7 0.1202 0.0240 0.6466 0.0175 0.0855 0.0099 0.0963 
   NS_SS1380  7 0.0048 0.0056 0.0086 0.0101 0.9519 0.0149 0.0041 
   NS_SS1329  7 0.5680 0.0055 0.0041 0.0123 0.3578 0.0028 0.0495 
   NS_SS1362  7 0.0134 0.0261 0.0073 0.3184 0.6238 0.0032 0.0078 
   NS_SS1327  7 0.0161 0.0286 0.0063 0.0314 0.0026 0.0038 0.9111 
   NS_SS1350  7 0.3462 0.6095 0.0093 0.0146 0.0053 0.0083 0.0068 
   NS_SS1387  7 0.0636 0.0509 0.6401 0.1866 0.0385 0.0028 0.0175 
   NS_SS1369  7 0.0177 0.0180 0.0186 0.0073 0.0207 0.0045 0.9132 
   NS_SS1331  7 0.2192 0.0303 0.4852 0.0084 0.0119 0.0104 0.2346 
   NS_SS1357  7 0.0193 0.9148 0.0193 0.0180 0.0175 0.0030 0.0082 
   NS_SS1386  7 0.0135 0.0098 0.0029 0.0051 0.0093 0.0030 0.9564 
   NS_SS1353  7 0.1607 0.0115 0.0391 0.1554 0.3781 0.0041 0.2511 
   NS_SS1323  7 0.2439 0.0336 0.1786 0.1259 0.3298 0.0797 0.0085 
   HI_SS0296  8 0.0111 0.3910 0.0102 0.0273 0.0407 0.0018 0.5179 
   HI_SS0297  8 0.0166 0.9320 0.0102 0.0084 0.0082 0.0008 0.0238 
   HI_SS0299  8 0.0179 0.7377 0.0108 0.0201 0.1383 0.0354 0.0398 
   HI_SS0300  8 0.0547 0.2189 0.0379 0.0499 0.0267 0.0014 0.6106 
   HI_SS0301  8 0.0406 0.0058 0.0285 0.8853 0.0209 0.0034 0.0154 
   HI_SS0302  8 0.0087 0.0203 0.0167 0.1349 0.0327 0.0177 0.7691 
   HI_SS0303  8 0.0174 0.0185 0.0502 0.0124 0.0090 0.0062 0.8863 
   HI_SS0304  8 0.4018 0.0190 0.1772 0.0344 0.0204 0.0030 0.3442 
   HI_SS0306  8 0.0093 0.0053 0.0042 0.0069 0.0038 0.0028 0.9676 
   HI_SS0307  8 0.0705 0.1275 0.6232 0.1442 0.0174 0.0101 0.0071 
   HI_SS0308  8 0.0265 0.1937 0.0267 0.1428 0.2924 0.0909 0.2269 
   HI_SS0309  8 0.1523 0.2063 0.0379 0.0214 0.5639 0.0041 0.0140 
   HI_SS0310  8 0.0077 0.0128 0.0183 0.4641 0.3142 0.0064 0.1765 
   HI_SS0311  8 0.0671 0.0208 0.7613 0.0712 0.0133 0.0026 0.0637 
   HI_SS0314  8 0.0066 0.0153 0.8773 0.0309 0.0524 0.0017 0.0159 
   HI_SS0316  8 0.0886 0.0128 0.0676 0.7932 0.0173 0.0034 0.0171 
   HI_SS0317  8 0.9263 0.0209 0.0060 0.0189 0.0098 0.0021 0.0161 
   HI_SS0318  8 0.0947 0.1807 0.0078 0.2133 0.0074 0.1938 0.3024 
   HI_SS0319  8 0.0123 0.3803 0.0240 0.2128 0.0157 0.0045 0.3502 
   HI_SS0320  8 0.7920 0.0194 0.1523 0.0214 0.0103 0.0009 0.0038 
   HI_SS0321  8 0.1385 0.7866 0.0102 0.0486 0.0046 0.0018 0.0097 
   HI_SS0323  8 0.2230 0.3541 0.3842 0.0145 0.0075 0.0016 0.0152 
   HI_SS0325  8 0.0307 0.0239 0.0186 0.0401 0.0248 0.0021 0.8598 
   HI_SS0327  8 0.0054 0.9180 0.0037 0.0095 0.0151 0.0010 0.0474 
   HI_SS0329  8 0.1943 0.0360 0.6673 0.0079 0.0437 0.0017 0.0490 
   HI_SS0333  8 0.0793 0.3865 0.1341 0.1719 0.0424 0.0030 0.1828 
   HI_SS0334  8 0.2974 0.0258 0.0105 0.5903 0.0433 0.0014 0.0314 
   HI_SS0335  8 0.0061 0.0180 0.0052 0.0274 0.9184 0.0197 0.0052 
   HI_SS0339  8 0.0065 0.0083 0.0360 0.0176 0.9089 0.0111 0.0115 
   HI_SS0343  8 0.0182 0.0285 0.0144 0.1031 0.8269 0.0023 0.0066 
   HI_SS0344  8 0.0224 0.0325 0.0046 0.0149 0.0067 0.0035 0.9154 
   HI_SS0345  8 0.0243 0.0082 0.0235 0.0187 0.6641 0.0078 0.2535 
   HI_SS0346  8 0.8433 0.0850 0.0111 0.0176 0.0136 0.0037 0.0256 
   HI_SS0350  8 0.0067 0.0132 0.1389 0.0135 0.8139 0.0071 0.0067 
   HI_SS0351  8 0.2644 0.0186 0.0097 0.1094 0.5707 0.0029 0.0242 
   HI_SS0352  8 0.0222 0.0104 0.0269 0.0237 0.8196 0.0911 0.0062 
   HI_SS0362  8 0.0365 0.0200 0.1336 0.0365 0.0050 0.0023 0.7661 
   HI_SS0363  8 0.0067 0.8107 0.0132 0.0981 0.0301 0.0030 0.0382 
   HI_SS0365  8 0.2080 0.3480 0.2720 0.0558 0.0699 0.0055 0.0409 
   HI_SS0366  8 0.0455 0.1999 0.0105 0.0375 0.0437 0.0016 0.6612 
   HI_SS0367  8 0.0414 0.0127 0.3009 0.0302 0.6022 0.0023 0.0103 
   HI_SS0369  8 0.0775 0.0434 0.1224 0.0356 0.7110 0.0027 0.0074 
   HI_SS0370  8 0.0146 0.9323 0.0037 0.0174 0.0191 0.0030 0.0098 
   HI_SS0371  8 0.0267 0.0964 0.2665 0.0612 0.0182 0.0043 0.5267 
   HI_SS0373  8 0.0057 0.0163 0.9193 0.0214 0.0056 0.0074 0.0242 
   HI_SS0374  8 0.0629 0.0061 0.7365 0.1263 0.0305 0.0277 0.0099 
   HI_SS0377  8 0.5109 0.0059 0.0103 0.0362 0.0678 0.0806 0.2884 
   HI_SS0379  8 0.0074 0.0083 0.0033 0.0145 0.0053 0.0013 0.9599 
   HI_SS0380  8 0.0379 0.0621 0.0554 0.0221 0.8061 0.0075 0.0088 
   HI_SS0381  8 0.2322 0.0232 0.4798 0.0633 0.1748 0.0046 0.0222 
   HI_SS0384  8 0.0336 0.7303 0.1911 0.0194 0.0066 0.0058 0.0132 
   HI_SS0385  8 0.0111 0.0041 0.0547 0.0259 0.0087 0.0011 0.8944 
   HI_SS0386  9 0.0019 0.0023 0.0015 0.0018 0.0019 0.9892 0.0014 
   HI_SS0387  9 0.0142 0.0166 0.0092 0.0084 0.0089 0.9267 0.0160 
   HI_SS0389  9 0.0041 0.0038 0.0031 0.0039 0.0036 0.9761 0.0055 
   HI_SS0390  9 0.0027 0.0016 0.0022 0.0018 0.0016 0.9872 0.0029 
   HI_SS0391  9 0.0037 0.0036 0.0024 0.0027 0.0042 0.9811 0.0022 
   HI_SS0392  9 0.0015 0.0017 0.0017 0.0015 0.0020 0.9892 0.0024 
   HI_SS0393  9 0.0013 0.0019 0.0015 0.0025 0.0023 0.9891 0.0014 
   HI_SS0394  9 0.0013 0.0015 0.0025 0.0015 0.0018 0.9898 0.0015 
   HI_SS0395  9 0.0044 0.0048 0.0057 0.0034 0.0042 0.9744 0.0031 
   HI_SS0396  9 0.0067 0.0102 0.0135 0.0078 0.0148 0.9395 0.0075 
   HI_SS0398  9 0.0037 0.0098 0.0029 0.0059 0.0088 0.9630 0.0058 
   HI_SS0399  9 0.0014 0.0012 0.0012 0.0011 0.0012 0.9926 0.0012 
   HI_SS0400  9 0.0027 0.0021 0.0021 0.0024 0.0030 0.9859 0.0018 
   HI_SS0401  9 0.0015 0.0017 0.0013 0.0018 0.0019 0.9899 0.0018 
   HI_SS0402  9 0.0012 0.0015 0.0010 0.0021 0.0016 0.9912 0.0014 
   HI_SS0403  9 0.0020 0.0019 0.0017 0.0015 0.0017 0.9897 0.0015 
   HI_SS0404  9 0.0010 0.0011 0.0013 0.0014 0.0019 0.9922 0.0012 
   HI_SS0405  9 0.0158 0.0154 0.0059 0.0183 0.0245 0.9097 0.0104 
   HI_SS0406  9 0.0022 0.0032 0.0021 0.0027 0.0025 0.9857 0.0017 
   HI_SS0407  9 0.0048 0.0060 0.0098 0.0061 0.0086 0.9551 0.0095 
   HI_SS0408  9 0.0015 0.0015 0.0011 0.0012 0.0013 0.9923 0.0012 
   HI_SS0409  9 0.0041 0.0037 0.0037 0.0040 0.0024 0.9779 0.0041 
   HI_SS0411  9 0.0023 0.0041 0.0037 0.0040 0.0032 0.9801 0.0025 
   HI_SS0412  9 0.0576 0.0371 0.0079 0.0517 0.0335 0.7966 0.0156 
   HI_SS0413  9 0.0023 0.0032 0.0027 0.0024 0.0030 0.9842 0.0023 
   HI_SS0414  9 0.0115 0.0203 0.0146 0.0185 0.0122 0.9152 0.0077 
   HI_SS0415  9 0.0017 0.0019 0.0018 0.0033 0.0026 0.9867 0.0020 
   HI_SS0416  9 0.0031 0.0031 0.0049 0.0047 0.0031 0.9771 0.0040 
   HI_SS0418  9 0.0048 0.0054 0.0045 0.0067 0.0061 0.9685 0.0039 
   HI_SS0419  9 0.0031 0.0040 0.0035 0.0028 0.0037 0.9801 0.0029 
   HI_SS0420  9 0.0024 0.0023 0.0022 0.0026 0.0026 0.9848 0.0031 
   HI_SS0421  9 0.0051 0.0045 0.0053 0.0053 0.0055 0.9699 0.0043 
   HI_SS0422  9 0.0018 0.0015 0.0017 0.0018 0.0021 0.9893 0.0017 
   HI_SS0423  9 0.0040 0.0060 0.0058 0.0060 0.0029 0.9692 0.0062 
   HI_SS0424  9 0.0022 0.0018 0.0014 0.0017 0.0024 0.9885 0.0020 
   HI_SS0425  9 0.0034 0.0032 0.0053 0.0033 0.0044 0.9774 0.0030 
   NS_SS1146 10 0.0034 0.0023 0.0019 0.0028 0.0027 0.9839 0.0029 
   NS_SS1157 10 0.0069 0.0083 0.0073 0.0053 0.0087 0.9587 0.0048 
   NS_SS1144 10 0.0161 0.0243 0.0080 0.0147 0.0188 0.9046 0.0136 
   NS_SS1074 10 0.0048 0.0028 0.0025 0.0032 0.0045 0.9781 0.0042 
   NS_SS1122 10 0.0038 0.0043 0.0052 0.0055 0.0046 0.9699 0.0067 
   NS_SS1136 10 0.0012 0.0013 0.0011 0.0012 0.0013 0.9925 0.0014 
   NS_SS1077 10 0.0006 0.0011 0.0007 0.0008 0.0007 0.9953 0.0008 
   NS_SS1134 10 0.0102 0.0123 0.0162 0.0082 0.0067 0.9390 0.0074 
   NS_SS1091 10 0.0027 0.0023 0.0036 0.0030 0.0027 0.9838 0.0019 
   NS_SS1089 10 0.0033 0.0040 0.0028 0.0023 0.0029 0.9804 0.0043 
   NS_SS1123 10 0.0018 0.0019 0.0022 0.0023 0.0017 0.9886 0.0016 
   NS_SS1158 10 0.0009 0.0012 0.0013 0.0012 0.0010 0.9934 0.0011 
   NS_SS1093 10 0.0017 0.0026 0.0026 0.0019 0.0029 0.9853 0.0030 
