   NS_SS0963  1 0.0294 0.0579 0.0145 0.0080 0.1940 0.2382 0.4159 0.0222 0.0199 
   NS_SS0983  1 0.0323 0.8745 0.0058 0.0049 0.0056 0.0157 0.0116 0.0065 0.0431 
   NS_SS0719  1 0.2225 0.2711 0.0069 0.0080 0.2667 0.0918 0.0329 0.0311 0.0691 
   NS_SS1001  1 0.3895 0.0077 0.0127 0.0044 0.4143 0.0389 0.0115 0.0564 0.0648 
   NS_SS0936  1 0.0673 0.0088 0.0632 0.0025 0.6179 0.0701 0.1339 0.0161 0.0202 
   NS_SS0955  1 0.0908 0.0670 0.0406 0.0040 0.0110 0.4150 0.3161 0.0182 0.0373 
   NS_SS0944  1 0.0631 0.0113 0.0108 0.0022 0.0149 0.0366 0.0403 0.8098 0.0110 
   NS_SS0945  1 0.2735 0.0178 0.1193 0.0114 0.2393 0.0059 0.0118 0.2760 0.0450 
   NS_SS0922  1 0.0751 0.0461 0.0164 0.0367 0.6980 0.0229 0.0839 0.0095 0.0115 
   NS_SS0929  1 0.4789 0.0879 0.0236 0.0040 0.1756 0.0225 0.1270 0.0258 0.0547 
   NS_SS0956  1 0.5180 0.0252 0.1240 0.0032 0.0345 0.0161 0.0747 0.0900 0.1143 
   NS_SS0906  1 0.8056 0.0157 0.0224 0.0033 0.0094 0.0274 0.0658 0.0156 0.0348 
   NS_SS0721  1 0.2945 0.0820 0.0264 0.0044 0.0668 0.0186 0.2701 0.0136 0.2238 
   NS_SS0982  1 0.0145 0.0471 0.1202 0.0153 0.0093 0.4217 0.3454 0.0100 0.0165 
   NS_SS0923  1 0.0991 0.0477 0.3786 0.0060 0.3401 0.0122 0.0280 0.0227 0.0655 
   NS_SS0905  1 0.0433 0.4152 0.1430 0.0013 0.0101 0.0246 0.0137 0.0911 0.2577 
   NS_SS0925  1 0.0684 0.0116 0.2021 0.0053 0.0126 0.4000 0.0418 0.0084 0.2497 
   NS_SS0947  1 0.6854 0.0245 0.0544 0.0034 0.0753 0.0764 0.0123 0.0254 0.0429 
   NS_SS0926  1 0.4228 0.1564 0.0189 0.0014 0.1101 0.1051 0.0261 0.1537 0.0054 
   NS_SS0918  1 0.0169 0.0398 0.0164 0.0025 0.0322 0.0065 0.1307 0.0133 0.7417 
   NS_SS0966  1 0.0528 0.0740 0.0257 0.0462 0.0445 0.0862 0.5072 0.0485 0.1148 
   NS_SS0938  1 0.0244 0.0111 0.0273 0.0016 0.7879 0.0214 0.1105 0.0075 0.0083 
   NS_SS0917  1 0.0052 0.0065 0.0103 0.0219 0.0072 0.9250 0.0103 0.0074 0.0061 
   NS_SS0957  1 0.0110 0.0058 0.8689 0.0057 0.0157 0.0059 0.0459 0.0107 0.0303 
   NS_SS0987  1 0.4866 0.0513 0.0118 0.2347 0.0075 0.0058 0.0678 0.0097 0.1250 
   NS_SS0717  1 0.0717 0.0217 0.6446 0.0027 0.0092 0.0442 0.0750 0.0936 0.0374 
   NS_SS0986  1 0.9206 0.0124 0.0102 0.0027 0.0116 0.0072 0.0235 0.0070 0.0048 
   NS_SS0953  1 0.0401 0.0082 0.0784 0.0178 0.0107 0.0662 0.0143 0.0093 0.7549 
   NS_SS0907  1 0.0219 0.0191 0.0314 0.0387 0.0115 0.6678 0.1738 0.0092 0.0267 
   NS_SS0974  1 0.0215 0.0094 0.0265 0.0039 0.0182 0.0951 0.0684 0.7378 0.0191 
   NS_SS0989  1 0.0098 0.7929 0.0059 0.0013 0.0316 0.0634 0.0266 0.0079 0.0605 
   NS_SS0991  1 0.4678 0.2775 0.0144 0.0019 0.0099 0.0149 0.0759 0.1203 0.0175 
   NS_SS0994  1 0.0932 0.2584 0.0194 0.0029 0.0228 0.0948 0.0133 0.4812 0.0139 
   NS_SS0931  1 0.3040 0.0290 0.0110 0.0099 0.5207 0.0223 0.0296 0.0679 0.0057 
   NS_SS1000  1 0.7130 0.0048 0.0894 0.0031 0.0884 0.0665 0.0178 0.0102 0.0067 
   NS_SS0919  1 0.7067 0.2056 0.0349 0.0034 0.0102 0.0111 0.0133 0.0089 0.0060 
   NS_SS0949  1 0.0094 0.0108 0.0040 0.0015 0.0415 0.7534 0.0525 0.1127 0.0142 
   NS_SS0960  1 0.0751 0.0170 0.0206 0.0073 0.0072 0.0120 0.0146 0.7360 0.1102 
   NS_SS0716  1 0.0061 0.0042 0.9599 0.0046 0.0053 0.0047 0.0051 0.0057 0.0044 
   NS_SS0924  1 0.0393 0.7359 0.0447 0.0176 0.0521 0.0359 0.0306 0.0153 0.0286 
   NS_SS0935  1 0.0088 0.8507 0.0161 0.0089 0.0172 0.0181 0.0127 0.0347 0.0328 
   NS_SS0952  1 0.0424 0.1927 0.0802 0.0516 0.0167 0.0920 0.0431 0.4540 0.0272 
   NS_SS0962  1 0.1012 0.0085 0.1987 0.0076 0.0932 0.0115 0.5402 0.0188 0.0204 
   NS_SS0973  1 0.2272 0.0107 0.0104 0.0050 0.0079 0.3498 0.0946 0.0432 0.2512 
   NS_SS0722  1 0.0299 0.0051 0.9040 0.0023 0.0189 0.0208 0.0059 0.0048 0.0083 
   NS_SS0979  1 0.0080 0.0186 0.5763 0.0022 0.0202 0.0373 0.3160 0.0091 0.0122 
   NS_SS0993  1 0.0203 0.0072 0.0246 0.0209 0.0236 0.0459 0.0179 0.0259 0.8136 
   NS_SS0958  1 0.0184 0.0205 0.1226 0.0028 0.0135 0.0149 0.0394 0.7445 0.0234 
   NS_SS0988  1 0.1237 0.0130 0.0416 0.0045 0.0191 0.0614 0.6870 0.0079 0.0418 
   NS_SS1003  1 0.2366 0.0285 0.0182 0.0115 0.3287 0.1768 0.1412 0.0149 0.0436 
   NS_SS0976  1 0.0146 0.4206 0.0231 0.0019 0.3823 0.0108 0.0375 0.0537 0.0555 
   NS_SS0964  1 0.0419 0.0169 0.8250 0.0025 0.0204 0.0100 0.0409 0.0242 0.0183 
   NS_SS0939  1 0.0113 0.0028 0.1798 0.0051 0.7604 0.0101 0.0079 0.0036 0.0191 
   NS_SS0990  1 0.0226 0.0302 0.0061 0.0034 0.8853 0.0102 0.0237 0.0107 0.0078 
   NS_SS0984  1 0.0089 0.0140 0.0368 0.0022 0.9017 0.0146 0.0094 0.0036 0.0089 
   NS_SS0980  1 0.0220 0.0090 0.0081 0.0019 0.0371 0.0088 0.0052 0.0180 0.8899 
   NS_SS0978  1 0.0343 0.0225 0.2380 0.0047 0.2171 0.2188 0.0251 0.1540 0.0856 
   NS_SS0951  1 0.1743 0.0211 0.1631 0.0027 0.0083 0.0410 0.0895 0.0516 0.4485 
   NS_SS0913  1 0.0408 0.0181 0.0266 0.0396 0.0216 0.0158 0.6970 0.1003 0.0402 
   NS_SS1002  1 0.2931 0.0079 0.0830 0.0415 0.0298 0.0084 0.5110 0.0070 0.0184 
   NS_SS0948  1 0.1346 0.0152 0.0489 0.0296 0.0498 0.0219 0.6722 0.0142 0.0136 
   NS_SS0916  1 0.0128 0.0277 0.0100 0.0036 0.2847 0.0973 0.0087 0.0127 0.5425 
   NS_SS0995  1 0.0612 0.0188 0.0058 0.0027 0.0210 0.0155 0.0183 0.0197 0.8370 
   NS_SS0927  1 0.0896 0.4198 0.0707 0.0073 0.0206 0.2138 0.1157 0.0364 0.0261 
   NS_SS0992  1 0.3752 0.0533 0.0106 0.0033 0.0586 0.0375 0.1100 0.1171 0.2346 
   NS_SS0912  1 0.0594 0.0999 0.0199 0.0024 0.0118 0.0270 0.7341 0.0202 0.0253 
   NS_SS0981  1 0.0444 0.0187 0.8767 0.0041 0.0153 0.0124 0.0103 0.0099 0.0081 
   NS_SS0729  2 0.0124 0.7847 0.0188 0.0042 0.0084 0.0318 0.0139 0.1161 0.0096 
   NS_SS0967  2 0.0624 0.0103 0.0124 0.0113 0.0210 0.2167 0.6055 0.0544 0.0061 
   NS_SS0941  2 0.0424 0.0187 0.0131 0.0877 0.7437 0.0363 0.0217 0.0123 0.0241 
   NS_SS0768  2 0.2332 0.0151 0.0121 0.0048 0.0142 0.0613 0.5997 0.0292 0.0304 
   NS_SS0726  2 0.0486 0.1066 0.0145 0.0110 0.3663 0.1775 0.2175 0.0232 0.0349 
   NS_SS0763  2 0.0801 0.6345 0.1648 0.0029 0.0202 0.0556 0.0140 0.0186 0.0093 
   NS_SS0730  2 0.0243 0.0104 0.0469 0.0045 0.0501 0.0867 0.4046 0.0662 0.3064 
   NS_SS0774  2 0.0189 0.0086 0.3027 0.0010 0.2654 0.0084 0.0155 0.0213 0.3582 
   NS_SS0723  2 0.0901 0.0204 0.0248 0.0018 0.1303 0.0912 0.0584 0.0101 0.5729 
   NS_SS0940  2 0.1318 0.0256 0.0179 0.0061 0.6991 0.0350 0.0177 0.0209 0.0459 
   NS_SS0762  2 0.0296 0.0196 0.1015 0.0026 0.7620 0.0289 0.0198 0.0153 0.0207 
   NS_SS0766  2 0.0597 0.3949 0.0268 0.0138 0.4086 0.0203 0.0156 0.0417 0.0186 
   NS_SS0724  2 0.0728 0.2124 0.1688 0.0055 0.0223 0.0109 0.3271 0.0413 0.1389 
   NS_SS0769  2 0.2986 0.2499 0.0224 0.0045 0.0429 0.0205 0.3373 0.0068 0.0169 
   NS_SS0777  2 0.1103 0.0233 0.6536 0.0138 0.0151 0.0361 0.0334 0.0832 0.0312 
   NS_SS0734  2 0.0683 0.0089 0.0146 0.0421 0.0221 0.0337 0.0573 0.7304 0.0225 
   NS_SS0737  2 0.0094 0.0067 0.0070 0.0044 0.9369 0.0090 0.0063 0.0059 0.0143 
   NS_SS0732  2 0.0045 0.0063 0.0111 0.0040 0.0075 0.0074 0.0120 0.0082 0.9391 
   NS_SS0728  2 0.0886 0.0525 0.0165 0.0104 0.3143 0.1127 0.0150 0.0396 0.3503 
   NS_SS0735  2 0.3676 0.0226 0.0166 0.0090 0.0245 0.0544 0.0500 0.0170 0.4384 
   NS_SS0725  2 0.0183 0.0117 0.0131 0.0088 0.8340 0.0086 0.0591 0.0253 0.0212 
   NS_SS0788  2 0.0124 0.0318 0.0126 0.0015 0.1738 0.6427 0.0572 0.0050 0.0630 
   NS_SS0778  2 0.2571 0.0735 0.0156 0.0019 0.4296 0.0717 0.0296 0.0083 0.1128 
   NS_SS0792  2 0.3784 0.0684 0.0176 0.0045 0.0162 0.1142 0.2098 0.0987 0.0922 
   NS_SS0943  2 0.0795 0.0113 0.0158 0.0074 0.0092 0.6936 0.0259 0.1455 0.0119 
   NS_SS0791  2 0.0432 0.1428 0.0196 0.0181 0.0864 0.0259 0.0158 0.0497 0.5984 
   NS_SS0790  2 0.0283 0.0036 0.8173 0.0036 0.0106 0.0136 0.0796 0.0055 0.0379 
   NS_SS0731  2 0.1658 0.0083 0.3391 0.0124 0.0211 0.0642 0.3613 0.0193 0.0085 
   NS_SS0727  2 0.0290 0.3432 0.0817 0.0022 0.1150 0.1363 0.0057 0.2437 0.0433 
   NS_SS0779  2 0.0565 0.0264 0.5017 0.0068 0.0519 0.0903 0.0141 0.0136 0.2387 
   NS_SS0776  2 0.0162 0.1886 0.2773 0.0075 0.2978 0.0228 0.0901 0.0541 0.0457 
   NS_SS0775  2 0.0352 0.0050 0.0464 0.0092 0.6066 0.0161 0.0485 0.0314 0.2015 
   NS_SS0965  3 0.3159 0.1152 0.0817 0.0015 0.0291 0.0088 0.3896 0.0264 0.0318 
   NS_SS0754  3 0.0730 0.2562 0.1788 0.0176 0.0409 0.0649 0.1559 0.0556 0.1570 
   NS_SS0838  3 0.0372 0.0222 0.7544 0.0355 0.0243 0.0701 0.0050 0.0177 0.0336 
   NS_SS0839  3 0.0078 0.0080 0.0207 0.0046 0.9222 0.0044 0.0084 0.0066 0.0173 
   NS_SS0832  3 0.8406 0.0071 0.0068 0.0369 0.0124 0.0082 0.0760 0.0025 0.0095 
   NS_SS0820  3 0.1193 0.0081 0.0613 0.0061 0.0260 0.0176 0.7522 0.0029 0.0065 
   NS_SS0886  3 0.3544 0.2856 0.0166 0.0026 0.1256 0.0656 0.0550 0.0077 0.0870 
   NS_SS0748  3 0.0250 0.0173 0.8901 0.0075 0.0084 0.0133 0.0119 0.0171 0.0093 
   NS_SS0884  3 0.1536 0.0400 0.0530 0.0301 0.2253 0.0987 0.0378 0.0455 0.3160 
   NS_SS0752  3 0.1266 0.0113 0.0950 0.0024 0.0782 0.0764 0.0222 0.0484 0.5395 
   NS_SS0862  3 0.0241 0.0145 0.0271 0.0054 0.0277 0.0190 0.1984 0.0055 0.6783 
   NS_SS0787  3 0.0149 0.7433 0.0037 0.0070 0.0236 0.1212 0.0176 0.0600 0.0088 
   NS_SS0843  3 0.1541 0.3197 0.3032 0.0020 0.0130 0.0700 0.0540 0.0151 0.0690 
   NS_SS0856  3 0.0175 0.0262 0.0266 0.0025 0.0091 0.5216 0.3552 0.0297 0.0115 
   NS_SS0846  3 0.2417 0.0405 0.0141 0.0035 0.0083 0.6023 0.0507 0.0281 0.0107 
   NS_SS0825  3 0.0496 0.0151 0.0026 0.0087 0.0351 0.0715 0.7911 0.0079 0.0184 
   NS_SS0757  3 0.0692 0.0545 0.0358 0.0037 0.0388 0.2107 0.0386 0.0154 0.5333 
   NS_SS0876  3 0.1745 0.0082 0.0563 0.2231 0.0276 0.2360 0.0215 0.0291 0.2238 
   NS_SS0903  3 0.1135 0.0050 0.0105 0.0023 0.0088 0.0493 0.0411 0.0165 0.7529 
   NS_SS0875  3 0.0591 0.0370 0.1445 0.0036 0.1233 0.1677 0.4259 0.0125 0.0265 
   NS_SS0740  3 0.0504 0.1039 0.0739 0.0030 0.0247 0.1462 0.0234 0.0102 0.5644 
   NS_SS0811  3 0.0056 0.0085 0.9410 0.0072 0.0060 0.0046 0.0080 0.0067 0.0126 
   NS_SS0751  3 0.0188 0.0262 0.0231 0.0025 0.5491 0.0423 0.0145 0.2583 0.0651 
   NS_SS0891  3 0.0246 0.0475 0.0506 0.0070 0.5570 0.2347 0.0417 0.0182 0.0187 
   NS_SS0867  3 0.2626 0.0289 0.0171 0.0269 0.0130 0.2634 0.2504 0.0551 0.0825 
   NS_SS0890  3 0.0334 0.0186 0.0824 0.0038 0.0235 0.7570 0.0061 0.0116 0.0637 
   NS_SS0866  3 0.0602 0.0738 0.0316 0.0067 0.0281 0.0226 0.4324 0.3136 0.0311 
   NS_SS0755  3 0.5473 0.0720 0.0215 0.0051 0.0367 0.1003 0.1772 0.0221 0.0178 
   NS_SS0758  3 0.3687 0.4812 0.0123 0.0025 0.0331 0.0293 0.0399 0.0103 0.0227 
   NS_SS0840  3 0.8153 0.0125 0.0153 0.0032 0.0678 0.0309 0.0235 0.0113 0.0201 
   NS_SS0889  3 0.0518 0.0557 0.0225 0.0034 0.0307 0.0291 0.2026 0.4266 0.1776 
   NS_SS1010  3 0.0493 0.0765 0.3825 0.0516 0.0242 0.1495 0.1164 0.1064 0.0435 
   NS_SS0888  3 0.0112 0.0574 0.0899 0.0022 0.0093 0.0374 0.0104 0.7077 0.0745 
   NS_SS0837  3 0.1384 0.0174 0.0597 0.0020 0.0113 0.0350 0.6038 0.0872 0.0452 
   NS_SS0794  3 0.0108 0.0103 0.0223 0.0020 0.0063 0.0216 0.0124 0.9016 0.0126 
   NS_SS0823  3 0.6617 0.0167 0.0588 0.0051 0.0783 0.0084 0.0733 0.0112 0.0865 
   NS_SS0829  3 0.7781 0.0102 0.0439 0.0707 0.0070 0.0085 0.0085 0.0472 0.0260 
   NS_SS0844  3 0.0113 0.0070 0.0635 0.0014 0.0061 0.0695 0.8167 0.0085 0.0159 
   NS_SS1008  3 0.0546 0.1260 0.0715 0.0152 0.0459 0.0260 0.0847 0.4972 0.0788 
   NS_SS0881  3 0.0296 0.0176 0.0104 0.0032 0.7066 0.0677 0.0300 0.1195 0.0153 
   NS_SS0834  3 0.0216 0.0101 0.0184 0.0069 0.8961 0.0133 0.0177 0.0088 0.0071 
   NS_SS0744  3 0.8200 0.0064 0.0076 0.0077 0.0172 0.0534 0.0232 0.0087 0.0558 
   NS_SS0899  3 0.0170 0.0065 0.0084 0.0014 0.0208 0.0081 0.1324 0.0040 0.8013 
   NS_SS0804  3 0.5524 0.0133 0.0174 0.0041 0.1747 0.0134 0.1552 0.0048 0.0646 
   NS_SS0781  3 0.3155 0.0101 0.1577 0.0032 0.3067 0.0675 0.1090 0.0100 0.0202 
   NS_SS0822  3 0.0189 0.0582 0.0349 0.0020 0.0177 0.0723 0.0584 0.4486 0.2891 
   NS_SS1004  3 0.9101 0.0089 0.0133 0.0032 0.0139 0.0185 0.0087 0.0126 0.0109 
   NS_SS0746  3 0.5436 0.0320 0.1408 0.0123 0.0162 0.1862 0.0377 0.0255 0.0058 
   NS_SS0880  3 0.0677 0.0067 0.0106 0.0013 0.6523 0.0335 0.0283 0.0637 0.1358 
   NS_SS0879  3 0.0525 0.0225 0.0690 0.0178 0.3572 0.0367 0.3853 0.0448 0.0142 
   NS_SS0753  3 0.0094 0.0578 0.0169 0.0120 0.0077 0.1225 0.5241 0.0388 0.2109 
   NS_SS1007  3 0.0973 0.1378 0.0180 0.0021 0.3258 0.1075 0.0230 0.0242 0.2644 
   NS_SS0872  3 0.1380 0.0120 0.3079 0.0026 0.0286 0.2309 0.2366 0.0238 0.0196 
   NS_SS1005  3 0.8485 0.0176 0.0221 0.0008 0.0396 0.0232 0.0233 0.0086 0.0161 
   NS_SS0892  3 0.0615 0.0367 0.2521 0.0027 0.2985 0.2684 0.0238 0.0338 0.0225 
   NS_SS0898  3 0.0102 0.0071 0.0067 0.0067 0.0312 0.0064 0.0174 0.8992 0.0150 
   NS_SS0801  3 0.5041 0.0274 0.0536 0.0081 0.2025 0.0154 0.1616 0.0155 0.0119 
   NS_SS0827  3 0.0083 0.7009 0.0463 0.1208 0.0159 0.0095 0.0595 0.0136 0.0252 
   NS_SS0853  3 0.0193 0.5008 0.4255 0.0055 0.0051 0.0057 0.0258 0.0063 0.0060 
   NS_SS0780  3 0.2019 0.0113 0.0111 0.0054 0.6699 0.0527 0.0108 0.0065 0.0304 
   NS_SS0826  3 0.1159 0.0047 0.0087 0.0034 0.0096 0.0088 0.8330 0.0119 0.0040 
   NS_SS0818  3 0.0231 0.0091 0.0164 0.0017 0.6916 0.0444 0.0649 0.0605 0.0884 
   NS_SS0745  3 0.0092 0.0049 0.0136 0.0013 0.9003 0.0036 0.0410 0.0201 0.0059 
   NS_SS0849  3 0.0129 0.0108 0.0156 0.0022 0.0163 0.0076 0.0474 0.0153 0.8719 
   NS_SS0739  3 0.0114 0.0152 0.0296 0.0125 0.0340 0.0589 0.0143 0.0278 0.7962 
   NS_SS0799  3 0.0202 0.3388 0.0191 0.0012 0.0135 0.3845 0.0092 0.0239 0.1897 
   NS_SS0756  3 0.3587 0.0066 0.0235 0.0038 0.0104 0.0126 0.5402 0.0077 0.0365 
   NS_SS0802  3 0.0082 0.0100 0.0047 0.1739 0.0203 0.7659 0.0065 0.0065 0.0041 
   NS_SS0747  3 0.2061 0.0189 0.0353 0.0082 0.0544 0.3218 0.0889 0.0062 0.2603 
   NS_SS0835  3 0.0425 0.6576 0.0065 0.0012 0.0307 0.1403 0.0738 0.0407 0.0066 
   NS_SS0742  3 0.1527 0.0136 0.0296 0.0014 0.0824 0.2400 0.0384 0.0277 0.4143 
   NS_SS0760  3 0.0249 0.3857 0.0095 0.0462 0.0035 0.0068 0.0142 0.5037 0.0054 
   NS_SS0803  3 0.6628 0.0121 0.0255 0.0076 0.0112 0.0221 0.1332 0.0093 0.1162 
   NS_SS0828  3 0.0689 0.2621 0.0132 0.0018 0.1315 0.0130 0.1187 0.0213 0.3696 
   NS_SS0865  3 0.7245 0.0086 0.0135 0.0243 0.0107 0.0063 0.1222 0.0129 0.0771 
   NS_SS0759  3 0.1587 0.0146 0.0597 0.0054 0.2399 0.0530 0.1561 0.0263 0.2863 
   NS_SS0851  3 0.0177 0.0095 0.0577 0.0189 0.6510 0.0067 0.1499 0.0170 0.0715 
   NS_SS0874  3 0.0202 0.0145 0.1657 0.0017 0.0215 0.0357 0.0631 0.0034 0.6744 
   NS_SS0761  3 0.4600 0.2618 0.0061 0.0028 0.0097 0.0117 0.1160 0.1231 0.0087 
   NS_SS0842  3 0.1958 0.0110 0.0571 0.0092 0.0502 0.0275 0.3460 0.2030 0.1003 
   NS_SS0785  3 0.7779 0.0176 0.0130 0.0060 0.0166 0.0823 0.0264 0.0250 0.0352 
   NS_SS0860  3 0.2223 0.2192 0.0162 0.0025 0.0415 0.1624 0.1257 0.0532 0.1570 
   NS_SS0897  3 0.0097 0.0896 0.0066 0.0019 0.0078 0.0137 0.0120 0.8298 0.0290 
   NS_SS0841  3 0.0845 0.0047 0.0468 0.0036 0.0249 0.0043 0.0502 0.1816 0.5995 
   NS_SS0797  3 0.1034 0.4477 0.0281 0.0353 0.0354 0.0094 0.0606 0.2606 0.0195 
   NS_SS0830  3 0.0287 0.0115 0.2925 0.0022 0.0106 0.0395 0.1301 0.1901 0.2948 
   NS_SS1011  3 0.4470 0.0092 0.0486 0.0061 0.2393 0.0598 0.1741 0.0036 0.0122 
   NS_SS0883  3 0.5194 0.0384 0.0262 0.0046 0.0069 0.0670 0.0241 0.0420 0.2713 
   NS_SS0782  3 0.9095 0.0099 0.0079 0.0019 0.0135 0.0057 0.0058 0.0368 0.0089 
   NS_SS0831  3 0.8355 0.0525 0.0068 0.0029 0.0125 0.0101 0.0160 0.0206 0.0432 
   NS_SS0749  3 0.1210 0.0182 0.0077 0.0046 0.0850 0.0717 0.0135 0.0200 0.6584 
   NS_SS0854  3 0.0112 0.0344 0.0085 0.0029 0.0121 0.7907 0.0496 0.0431 0.0474 
   HI_SS0193  4 0.0087 0.0089 0.0066 0.0017 0.0460 0.0061 0.0081 0.8631 0.0508 
   HI_SS0194  4 0.0172 0.0044 0.0055 0.0015 0.9460 0.0088 0.0054 0.0072 0.0039 
   HI_SS0195  4 0.2435 0.0077 0.0408 0.1286 0.3480 0.0326 0.1073 0.0046 0.0869 
   HI_SS0196  4 0.3905 0.0073 0.0348 0.0027 0.0264 0.0689 0.0154 0.4219 0.0319 
   HI_SS0197  4 0.0463 0.0084 0.0058 0.0122 0.8744 0.0154 0.0281 0.0044 0.0050 
   HI_SS0198  4 0.0236 0.0228 0.0100 0.0094 0.0164 0.0109 0.0155 0.0127 0.8787 
   HI_SS0199  4 0.0087 0.9267 0.0060 0.0021 0.0113 0.0134 0.0071 0.0114 0.0133 
   HI_SS0201  4 0.1488 0.5834 0.0139 0.0016 0.0060 0.1194 0.0135 0.1024 0.0110 
   HI_SS0215  4 0.5904 0.2346 0.0112 0.0025 0.0105 0.0144 0.1231 0.0082 0.0050 
   HI_SS0218  4 0.0059 0.3186 0.0071 0.0068 0.0183 0.0080 0.0050 0.6252 0.0050 
   HI_SS0222  4 0.6633 0.0444 0.0117 0.0043 0.0188 0.0093 0.2290 0.0077 0.0113 
   HI_SS0230  4 0.0103 0.0077 0.9340 0.0049 0.0047 0.0092 0.0167 0.0058 0.0065 
   HI_SS0234  4 0.0224 0.4319 0.0108 0.1516 0.0127 0.2824 0.0672 0.0031 0.0179 
   HI_SS0240  4 0.0534 0.1921 0.0407 0.0100 0.4742 0.1376 0.0120 0.0368 0.0432 
   HI_SS0241  4 0.0121 0.5511 0.0201 0.0021 0.0394 0.2714 0.0489 0.0512 0.0039 
   HI_SS0242  4 0.2277 0.3117 0.0627 0.0031 0.0414 0.0188 0.2618 0.0294 0.0434 
   HI_SS0247  4 0.0175 0.0065 0.0968 0.0250 0.0219 0.0098 0.4247 0.0136 0.3841 
   HI_SS0248  4 0.0113 0.1182 0.2545 0.0009 0.0149 0.0253 0.0057 0.5547 0.0146 
   HI_SS0252  4 0.4682 0.0108 0.0186 0.0023 0.3564 0.0185 0.0647 0.0126 0.0479 
   HI_SS0254  4 0.0726 0.0937 0.0071 0.0596 0.0563 0.0446 0.5554 0.0983 0.0124 
   HI_SS0256  4 0.0123 0.0036 0.0180 0.0013 0.0218 0.0948 0.8338 0.0063 0.0082 
   HI_SS0257  4 0.0801 0.1797 0.0138 0.0038 0.0063 0.5837 0.0455 0.0618 0.0253 
   HI_SS0258  4 0.0275 0.0569 0.0137 0.0055 0.0156 0.0120 0.0691 0.7914 0.0083 
   HI_SS0259  4 0.0083 0.0248 0.0095 0.0026 0.8488 0.0733 0.0064 0.0042 0.0222 
   HI_SS0260  4 0.0213 0.0460 0.7186 0.0016 0.0099 0.0513 0.0159 0.1245 0.0109 
   HI_SS0261  4 0.6121 0.0425 0.0372 0.0035 0.2452 0.0254 0.0124 0.0137 0.0079 
   HI_SS0262  4 0.0529 0.0068 0.0124 0.0081 0.0555 0.1035 0.2827 0.1396 0.3385 
   HI_SS0264  4 0.0714 0.0087 0.7499 0.0046 0.0583 0.0132 0.0677 0.0182 0.0080 
   HI_SS0265  4 0.0167 0.0560 0.0128 0.0818 0.0154 0.0495 0.7527 0.0073 0.0077 
   HI_SS0268  4 0.0131 0.1901 0.4553 0.0029 0.1611 0.0112 0.0495 0.0899 0.0269 
   HI_SS0269  4 0.0296 0.0605 0.0053 0.0019 0.0284 0.1942 0.0313 0.6307 0.0181 
   HI_SS0273  4 0.0107 0.0494 0.0051 0.0014 0.0052 0.0060 0.0500 0.8670 0.0053 
   HI_SS0277  4 0.0772 0.0806 0.0054 0.0021 0.0762 0.0079 0.7287 0.0126 0.0093 
   HI_SS0280  4 0.2483 0.0271 0.0148 0.0060 0.3540 0.0113 0.0109 0.1874 0.1402 
   HI_SS0282  4 0.3157 0.0127 0.0092 0.0013 0.0081 0.0527 0.0260 0.1112 0.4630 
   HI_SS0286  4 0.0425 0.0393 0.0130 0.0088 0.0239 0.5652 0.2544 0.0404 0.0126 
   NS_SS1252  5 0.0167 0.8720 0.0128 0.0041 0.0054 0.0069 0.0358 0.0324 0.0139 
   NS_SS1261  5 0.0105 0.0182 0.0088 0.0148 0.0079 0.0158 0.8271 0.0207 0.0762 
   NS_SS1225  5 0.0240 0.4308 0.2720 0.0996 0.0121 0.0234 0.0509 0.0155 0.0716 
   NS_SS1266  5 0.3403 0.0055 0.0151 0.0076 0.0236 0.0112 0.5190 0.0051 0.0725 
   NS_SS1228  5 0.0123 0.0080 0.0111 0.0126 0.0295 0.0118 0.0571 0.0274 0.8302 
   NS_SS1255  5 0.0189 0.0048 0.0091 0.0016 0.0457 0.0199 0.0088 0.8269 0.0642 
   NS_SS1267  5 0.0044 0.9580 0.0080 0.0063 0.0031 0.0061 0.0034 0.0070 0.0036 
   NS_SS1238  5 0.0127 0.0067 0.0133 0.0025 0.0325 0.0083 0.2705 0.6301 0.0235 
   NS_SS1233  5 0.0211 0.0110 0.7432 0.0016 0.0387 0.0064 0.0794 0.0800 0.0185 
   NS_SS1277  5 0.0097 0.4887 0.0076 0.0011 0.1422 0.0058 0.0145 0.3098 0.0207 
   NS_SS1245  5 0.5784 0.0433 0.0110 0.0022 0.0964 0.1243 0.0922 0.0303 0.0218 
   NS_SS1240  5 0.0129 0.9415 0.0080 0.0021 0.0060 0.0137 0.0044 0.0069 0.0046 
   NS_SS1275  5 0.0126 0.0038 0.0143 0.0029 0.1225 0.2550 0.5762 0.0060 0.0068 
   NS_SS1235  5 0.0139 0.0137 0.0182 0.0049 0.0305 0.7887 0.1124 0.0087 0.0089 
   NS_SS1263  5 0.0077 0.0109 0.8674 0.0012 0.0217 0.0250 0.0113 0.0054 0.0494 
   NS_SS1251  5 0.6348 0.0603 0.0303 0.0015 0.0187 0.0413 0.1434 0.0327 0.0370 
   NS_SS1248  5 0.0074 0.0108 0.0364 0.0739 0.0623 0.0091 0.7683 0.0180 0.0136 
   NS_SS1244  5 0.0419 0.0975 0.0048 0.0037 0.5878 0.0140 0.0374 0.0399 0.1730 
   NS_SS1257  5 0.1294 0.6193 0.0512 0.0269 0.0282 0.0094 0.0197 0.1024 0.0135 
   NS_SS1242  5 0.3725 0.0043 0.1680 0.0019 0.0992 0.0180 0.2991 0.0239 0.0132 
   NS_SS1271  5 0.0178 0.5228 0.0143 0.0443 0.0503 0.0106 0.0262 0.2462 0.0676 
   NS_SS1265  5 0.0556 0.0705 0.6276 0.0211 0.0206 0.0172 0.0514 0.1299 0.0061 
   NS_SS1243  5 0.0189 0.0153 0.7617 0.0724 0.0227 0.0067 0.0164 0.0685 0.0174 
   NS_SS1273  5 0.0122 0.0038 0.8102 0.0091 0.0632 0.0074 0.0225 0.0669 0.0047 
   NS_SS1254  5 0.0648 0.0081 0.8242 0.0054 0.0130 0.0333 0.0074 0.0093 0.0344 
   NS_SS1224  5 0.8094 0.0087 0.0178 0.0086 0.0251 0.0244 0.0417 0.0078 0.0565 
   NS_SS1227  5 0.0150 0.5034 0.2306 0.0023 0.0216 0.1262 0.0611 0.0219 0.0179 
   NS_SS1274  5 0.0120 0.4196 0.0599 0.0181 0.0400 0.0084 0.0101 0.0109 0.4211 
   NS_SS1241  5 0.0121 0.0168 0.0212 0.0012 0.0050 0.0258 0.0110 0.8918 0.0151 
   NS_SS1256  5 0.4074 0.0221 0.0175 0.0357 0.0602 0.0091 0.4083 0.0337 0.0060 
   NS_SS1260  5 0.0159 0.6022 0.0393 0.0653 0.0084 0.2268 0.0119 0.0114 0.0187 
   NS_SS1262  5 0.0904 0.0385 0.0280 0.1364 0.0089 0.0076 0.6491 0.0298 0.0114 
   NS_SS1230  5 0.0216 0.0235 0.0866 0.0090 0.0131 0.0333 0.0239 0.7819 0.0071 
   NS_SS1270  5 0.2590 0.0065 0.0176 0.0020 0.0489 0.0378 0.5778 0.0070 0.0434 
   NS_SS1229  5 0.0130 0.0106 0.0040 0.0045 0.1015 0.8081 0.0169 0.0140 0.0274 
   NS_SS1246  5 0.0050 0.0159 0.0043 0.0026 0.9223 0.0216 0.0072 0.0088 0.0123 
   NS_SS1269  5 0.3413 0.1006 0.0337 0.0024 0.0646 0.0799 0.1141 0.2444 0.0189 
   NS_SS1239  5 0.0103 0.0098 0.0060 0.0044 0.0361 0.1993 0.0139 0.0101 0.7101 
   NS_SS1272  5 0.0331 0.0339 0.0163 0.0066 0.0496 0.2901 0.5582 0.0062 0.0061 
   NS_SS1268  5 0.0129 0.0064 0.0173 0.0019 0.0075 0.0161 0.0121 0.0448 0.8810 
   NS_SS1249  5 0.1052 0.0598 0.0120 0.0131 0.0135 0.0230 0.0093 0.7561 0.0080 
   HI_SS0559  6 0.0404 0.1091 0.4979 0.0014 0.0235 0.1577 0.0200 0.1035 0.0464 
   HI_SS0563  6 0.8520 0.0231 0.0068 0.0034 0.0075 0.0050 0.0111 0.0122 0.0789 
   HI_SS0564  6 0.1236 0.0085 0.0080 0.0417 0.0776 0.0078 0.0118 0.0090 0.7120 
   HI_SS0565  6 0.1401 0.0354 0.0542 0.0043 0.0796 0.6332 0.0205 0.0209 0.0119 
   HI_SS0569  6 0.5080 0.3182 0.0422 0.0026 0.0109 0.0130 0.0329 0.0638 0.0084 
   HI_SS0570  6 0.0193 0.0043 0.0033 0.0195 0.0048 0.8973 0.0057 0.0418 0.0039 
   HI_SS0572  6 0.0092 0.0080 0.0183 0.0023 0.0074 0.9377 0.0066 0.0047 0.0060 
   HI_SS0576  6 0.0258 0.0055 0.0280 0.0059 0.1237 0.0716 0.6507 0.0397 0.0490 
   HI_SS0579  6 0.7834 0.0694 0.0057 0.0149 0.0106 0.0425 0.0148 0.0151 0.0435 
   HI_SS0580  6 0.0219 0.0520 0.4532 0.0050 0.0719 0.2389 0.0195 0.1075 0.0300 
   HI_SS0581  6 0.0193 0.0102 0.0500 0.0629 0.1631 0.1344 0.5171 0.0087 0.0344 
   HI_SS0583  6 0.0061 0.9025 0.0607 0.0022 0.0039 0.0086 0.0058 0.0047 0.0055 
   HI_SS0586  6 0.0040 0.9188 0.0193 0.0010 0.0045 0.0158 0.0093 0.0208 0.0065 
   HI_SS0588  6 0.0355 0.7964 0.0271 0.0208 0.0080 0.0125 0.0406 0.0513 0.0079 
   HI_SS0595  6 0.0983 0.0739 0.0138 0.0310 0.2271 0.0896 0.1275 0.3107 0.0281 
   HI_SS0596  6 0.0064 0.0033 0.0469 0.0021 0.0245 0.8534 0.0094 0.0199 0.0341 
   HI_SS0597  6 0.2941 0.0219 0.1982 0.0045 0.2150 0.0839 0.1174 0.0344 0.0307 
   HI_SS0600  6 0.0405 0.3485 0.0079 0.0032 0.0306 0.4639 0.0546 0.0205 0.0303 
   HI_SS0601  6 0.0223 0.1619 0.0951 0.0096 0.0088 0.1247 0.3471 0.0040 0.2264 
   HI_SS0602  6 0.0313 0.8894 0.0223 0.0024 0.0152 0.0120 0.0123 0.0078 0.0073 
   HI_SS0604  6 0.8931 0.0085 0.0443 0.0018 0.0070 0.0109 0.0057 0.0114 0.0174 
   HI_SS0605  6 0.3686 0.1263 0.0107 0.0070 0.0177 0.3879 0.0075 0.0257 0.0486 
   HI_SS0608  6 0.0078 0.0111 0.1156 0.0011 0.3411 0.0287 0.0251 0.1576 0.3118 
   HI_SS0609  6 0.0937 0.0147 0.6415 0.0009 0.0143 0.0080 0.0491 0.1634 0.0143 
   HI_SS0611  6 0.0144 0.0506 0.4268 0.0026 0.0049 0.0173 0.0220 0.1202 0.3411 
   HI_SS0612  6 0.3984 0.0418 0.0339 0.0087 0.0171 0.0614 0.1071 0.2627 0.0687 
   HI_SS0613  6 0.6783 0.0139 0.0579 0.0016 0.0091 0.0283 0.0904 0.0137 0.1067 
   HI_SS0615  6 0.0095 0.0253 0.0095 0.0122 0.2100 0.0330 0.0584 0.0063 0.6359 
   HI_SS0001  6 0.0083 0.0303 0.0276 0.0045 0.8786 0.0090 0.0117 0.0263 0.0037 
   HI_SS0002  6 0.1389 0.0425 0.1461 0.0221 0.0077 0.0253 0.5928 0.0132 0.0115 
   HI_SS0004  6 0.0540 0.0316 0.0557 0.0081 0.6039 0.0493 0.0302 0.1524 0.0148 
   HI_SS0005  6 0.1702 0.0445 0.0632 0.0081 0.0154 0.0139 0.6445 0.0225 0.0176 
   HI_SS0006  6 0.1025 0.0701 0.0281 0.0017 0.0105 0.0185 0.7167 0.0188 0.0330 
   HI_SS0007  6 0.0103 0.0100 0.0089 0.0029 0.0228 0.0114 0.0147 0.8769 0.0420 
   HI_SS0008  6 0.0095 0.0178 0.0168 0.0287 0.0076 0.8755 0.0216 0.0094 0.0133 
   HI_SS0009  6 0.0124 0.0158 0.0727 0.0061 0.0424 0.0617 0.0185 0.1169 0.6535 
   HI_SS0010  6 0.0176 0.0633 0.5790 0.0028 0.0121 0.0207 0.0249 0.2415 0.0380 
   HI_SS0011  6 0.3054 0.0065 0.1660 0.0762 0.0400 0.0550 0.2974 0.0353 0.0182 
   HI_SS0012  6 0.0199 0.0330 0.0075 0.0055 0.0103 0.0390 0.0310 0.0063 0.8476 
   HI_SS0017  6 0.0111 0.0073 0.0557 0.0016 0.8320 0.0155 0.0062 0.0635 0.0072 
   HI_SS0021  6 0.0100 0.3611 0.0555 0.2299 0.0053 0.0235 0.2722 0.0377 0.0047 
   HI_SS0024  6 0.0339 0.0058 0.3711 0.0032 0.3684 0.0669 0.1113 0.0184 0.0210 
   HI_SS0025  6 0.0228 0.0100 0.8435 0.0041 0.0178 0.0361 0.0411 0.0113 0.0134 
   HI_SS0027  6 0.0129 0.0650 0.0083 0.0088 0.0032 0.0095 0.0066 0.1634 0.7222 
   HI_SS0028  6 0.0127 0.0163 0.4028 0.0022 0.0672 0.0136 0.4623 0.0080 0.0148 
   HI_SS0029  6 0.0854 0.0373 0.3492 0.0107 0.2890 0.0102 0.1502 0.0372 0.0308 
   HI_SS0030  6 0.0151 0.0903 0.0155 0.0038 0.3495 0.4181 0.0413 0.0284 0.0381 
   HI_SS0031  6 0.1013 0.0967 0.0706 0.0033 0.0075 0.4388 0.2502 0.0208 0.0109 
   HI_SS0034  6 0.4249 0.0097 0.0164 0.0029 0.0466 0.4080 0.0095 0.0615 0.0204 
   HI_SS0036  6 0.0121 0.4926 0.0182 0.0146 0.2762 0.0366 0.0175 0.1138 0.0184 
   HI_SS0037  6 0.0915 0.0209 0.6859 0.0051 0.0055 0.0321 0.0179 0.1309 0.0103 
   HI_SS0039  6 0.1196 0.0594 0.0481 0.0033 0.2909 0.0354 0.2565 0.1755 0.0114 
   HI_SS0041  6 0.0234 0.0117 0.0213 0.0018 0.1921 0.0102 0.0403 0.0057 0.6935 
   HI_SS0042  6 0.1840 0.0047 0.0265 0.1433 0.5517 0.0300 0.0148 0.0277 0.0172 
   HI_SS0043  6 0.0067 0.8775 0.0110 0.0028 0.0084 0.0184 0.0096 0.0130 0.0526 
   HI_SS0044  6 0.0237 0.0667 0.0856 0.0035 0.0994 0.0460 0.0095 0.6594 0.0061 
   HI_SS0047  6 0.8442 0.0072 0.0207 0.0025 0.0302 0.0117 0.0351 0.0368 0.0116 
   HI_SS0049  6 0.0130 0.0106 0.8241 0.0051 0.0289 0.0134 0.0346 0.0465 0.0238 
   HI_SS0051  6 0.7113 0.0085 0.0093 0.0026 0.0047 0.0223 0.2061 0.0081 0.0270 
   HI_SS0053  6 0.0092 0.7457 0.0231 0.0053 0.0972 0.0540 0.0086 0.0266 0.0304 
   HI_SS0054  6 0.0118 0.0394 0.0109 0.0038 0.0081 0.0057 0.5238 0.3840 0.0123 
   HI_SS0057  6 0.0414 0.0105 0.0155 0.0043 0.2519 0.0367 0.3738 0.1197 0.1462 
   HI_SS0058  6 0.0405 0.0946 0.3480 0.0055 0.0081 0.1416 0.1993 0.1326 0.0299 
   HI_SS0060  6 0.0122 0.0100 0.0102 0.0674 0.0209 0.3836 0.3327 0.1385 0.0242 
   HI_SS0087  6 0.3537 0.4289 0.0242 0.0031 0.0086 0.0587 0.0447 0.0110 0.0671 
   HI_SS0091  6 0.0281 0.7813 0.0118 0.0013 0.0399 0.0432 0.0166 0.0229 0.0550 
   HI_SS0095  6 0.0568 0.0289 0.0253 0.0421 0.0068 0.8001 0.0193 0.0052 0.0155 
   HI_SS0097  6 0.0580 0.0052 0.5219 0.0038 0.0045 0.0083 0.0251 0.0152 0.3580 
   HI_SS0099  6 0.0128 0.0315 0.8151 0.0033 0.0711 0.0170 0.0139 0.0243 0.0110 
   HI_SS0103  6 0.0524 0.0257 0.0176 0.0041 0.0405 0.7213 0.1086 0.0189 0.0108 
   HI_SS0105  6 0.0933 0.0067 0.0116 0.0249 0.1106 0.6346 0.0443 0.0083 0.0657 
   HI_SS0107  6 0.0193 0.0040 0.0247 0.0013 0.0441 0.8664 0.0238 0.0053 0.0112 
   HI_SS0108  6 0.0443 0.0554 0.0063 0.0275 0.0217 0.0165 0.0132 0.7993 0.0157 
   HI_SS0110  6 0.0968 0.0810 0.0281 0.0014 0.4599 0.1081 0.0963 0.0324 0.0960 
   HI_SS0111  6 0.0102 0.0504 0.0105 0.0235 0.0364 0.0207 0.6932 0.0089 0.1463 
   HI_SS0112  6 0.0076 0.0078 0.0055 0.0013 0.0127 0.0100 0.0073 0.9276 0.0203 
   HI_SS0113  6 0.6881 0.0079 0.1128 0.0037 0.0870 0.0449 0.0326 0.0082 0.0147 
   HI_SS0114  6 0.0105 0.9422 0.0084 0.0053 0.0046 0.0046 0.0099 0.0084 0.0060 
   HI_SS0115  6 0.0230 0.0461 0.8202 0.0157 0.0072 0.0177 0.0070 0.0126 0.0504 
   HI_SS0116  6 0.0080 0.1396 0.0263 0.0034 0.0567 0.0864 0.0716 0.5649 0.0431 
   HI_SS0117  6 0.2838 0.1221 0.0107 0.0024 0.2063 0.2115 0.0364 0.1237 0.0030 
   HI_SS0118  6 0.8406 0.0231 0.0331 0.0085 0.0051 0.0178 0.0131 0.0495 0.0092 
   HI_SS0119  6 0.0117 0.0238 0.0070 0.0015 0.0148 0.0278 0.4243 0.0310 0.4582 
   HI_SS0120  6 0.0084 0.0082 0.0045 0.0034 0.8433 0.0854 0.0269 0.0113 0.0085 
   HI_SS0121  6 0.0049 0.0043 0.0099 0.0012 0.0065 0.0033 0.9622 0.0038 0.0040 
   HI_SS0122  6 0.0153 0.0251 0.0995 0.0278 0.0221 0.0135 0.4273 0.2862 0.0832 
   HI_SS0123  6 0.8259 0.0218 0.0089 0.0041 0.0462 0.0223 0.0123 0.0048 0.0536 
   HI_SS0124  6 0.0078 0.0104 0.0819 0.0045 0.5277 0.0163 0.0331 0.0943 0.2240 
   HI_SS0125  6 0.0249 0.0170 0.0178 0.0541 0.7661 0.0116 0.0752 0.0056 0.0278 
   HI_SS0126  6 0.0056 0.0086 0.0226 0.0010 0.0085 0.0208 0.0100 0.9173 0.0057 
   HI_SS0127  6 0.0106 0.0166 0.8860 0.0071 0.0054 0.0151 0.0250 0.0073 0.0269 
   HI_SS0128  6 0.0203 0.0163 0.2667 0.0039 0.2132 0.4320 0.0191 0.0180 0.0106 
   HI_SS0129  6 0.0109 0.1982 0.0290 0.0114 0.6682 0.0454 0.0093 0.0203 0.0074 
   HI_SS0131  6 0.0852 0.0130 0.0250 0.0338 0.0044 0.0062 0.2851 0.5359 0.0113 
   HI_SS0132  6 0.3934 0.0177 0.0065 0.0007 0.0859 0.0101 0.1902 0.2173 0.0782 
   HI_SS0133  6 0.0037 0.0142 0.0052 0.0013 0.0066 0.0053 0.0033 0.9573 0.0032 
   HI_SS0134  6 0.1803 0.0251 0.0177 0.0027 0.0306 0.1015 0.0615 0.5610 0.0197 
   HI_SS0142  6 0.4253 0.0768 0.1196 0.0115 0.0263 0.0991 0.2320 0.0037 0.0058 
   HI_SS0145  6 0.0600 0.0947 0.3407 0.0018 0.0222 0.0116 0.0504 0.2010 0.2175 
   HI_SS0146  6 0.0070 0.0170 0.0076 0.0013 0.0079 0.0123 0.0101 0.9051 0.0318 
   HI_SS0147  6 0.1194 0.0036 0.0229 0.0254 0.0074 0.3446 0.4446 0.0125 0.0197 
   HI_SS0149  6 0.0162 0.0083 0.0150 0.0044 0.4586 0.0391 0.3613 0.0865 0.0108 
   HI_SS0150  6 0.0240 0.2778 0.0711 0.0055 0.3965 0.0180 0.1720 0.0079 0.0272 
   HI_SS0151  6 0.0273 0.0061 0.0092 0.0152 0.0059 0.0249 0.0047 0.1201 0.7866 
   NS_SS1451  6 0.0134 0.0067 0.0363 0.0041 0.5042 0.0420 0.0264 0.0245 0.3425 
   NS_SS1404  6 0.0754 0.0248 0.0455 0.0147 0.0822 0.0825 0.5933 0.0303 0.0513 
   NS_SS1432  6 0.0160 0.0056 0.0713 0.0451 0.6550 0.0115 0.1564 0.0039 0.0351 
   NS_SS1405  6 0.1159 0.0096 0.5831 0.0035 0.0118 0.0078 0.0138 0.2262 0.0284 
   NS_SS1431  6 0.0131 0.0038 0.0104 0.0009 0.9224 0.0109 0.0133 0.0130 0.0123 
   NS_SS1402  6 0.0227 0.1769 0.0195 0.0033 0.1350 0.0610 0.0328 0.0081 0.5407 
   NS_SS1450  6 0.0602 0.0508 0.0434 0.0037 0.7939 0.0126 0.0090 0.0112 0.0152 
   NS_SS1396  6 0.0611 0.0155 0.3928 0.0091 0.0264 0.0157 0.0613 0.0314 0.3867 
   NS_SS1393  6 0.0073 0.7320 0.1725 0.0049 0.0112 0.0057 0.0107 0.0087 0.0470 
   NS_SS1392  6 0.0163 0.0177 0.0045 0.0172 0.8442 0.0271 0.0056 0.0086 0.0589 
   NS_SS1445  6 0.0114 0.0545 0.7453 0.0054 0.0133 0.0191 0.1383 0.0051 0.0076 
   NS_SS1423  6 0.0158 0.0217 0.0142 0.0016 0.0068 0.8648 0.0133 0.0552 0.0065 
   NS_SS1421  6 0.0070 0.0427 0.0222 0.0779 0.1869 0.0114 0.0417 0.0155 0.5947 
   NS_SS1411  6 0.4067 0.0749 0.0112 0.0014 0.0100 0.0188 0.0521 0.3430 0.0820 
   NS_SS1453  6 0.0641 0.4755 0.0491 0.0091 0.0341 0.1546 0.1148 0.0501 0.0486 
   NS_SS1442  6 0.0652 0.0250 0.1015 0.0038 0.0065 0.0334 0.6194 0.1297 0.0156 
   NS_SS1422  6 0.0576 0.0308 0.0462 0.0141 0.0108 0.2139 0.0516 0.0210 0.5541 
   NS_SS1419  6 0.0118 0.0072 0.0740 0.1445 0.0107 0.0061 0.0108 0.0094 0.7255 
   NS_SS1427  6 0.0055 0.8689 0.0091 0.0020 0.0257 0.0181 0.0057 0.0585 0.0065 
   NS_SS1444  6 0.0351 0.0134 0.8712 0.0034 0.0141 0.0186 0.0187 0.0108 0.0148 
   NS_SS1455  6 0.1598 0.0082 0.2213 0.0019 0.0130 0.0295 0.4574 0.0616 0.0475 
   NS_SS1425  6 0.0080 0.0117 0.0072 0.0014 0.0034 0.0219 0.0106 0.8554 0.0802 
   NS_SS1400  6 0.0325 0.0371 0.0284 0.0012 0.0072 0.0100 0.2001 0.6748 0.0086 
   NS_SS1406  6 0.0605 0.0177 0.2065 0.0100 0.0616 0.0331 0.3756 0.0052 0.2298 
   NS_SS1417  6 0.0098 0.0058 0.0208 0.0053 0.0089 0.0074 0.9096 0.0244 0.0080 
   NS_SS1454  6 0.0949 0.1404 0.0706 0.0014 0.1933 0.0388 0.1145 0.3011 0.0451 
   NS_SS1412  6 0.0474 0.0072 0.0299 0.0261 0.0305 0.6456 0.0232 0.1801 0.0099 
   NS_SS1438  6 0.1345 0.0721 0.0112 0.0016 0.0086 0.7194 0.0171 0.0184 0.0169 
   NS_SS1416  6 0.6718 0.0085 0.0581 0.0083 0.0351 0.0162 0.0365 0.0044 0.1610 
   NS_SS1401  6 0.0042 0.0059 0.0105 0.0122 0.0103 0.9150 0.0162 0.0119 0.0140 
   NS_SS1424  6 0.0117 0.0140 0.0038 0.0083 0.0087 0.0094 0.9075 0.0241 0.0125 
   NS_SS1435  6 0.0209 0.0096 0.0207 0.0026 0.0403 0.0103 0.0170 0.8644 0.0140 
   NS_SS1447  6 0.0453 0.0082 0.7449 0.0059 0.0092 0.0157 0.1529 0.0092 0.0086 
   NS_SS1414  6 0.0165 0.0047 0.9252 0.0056 0.0105 0.0117 0.0172 0.0030 0.0056 
   NS_SS1449  6 0.0045 0.0063 0.0038 0.0034 0.0056 0.0061 0.0047 0.0038 0.9618 
   NS_SS1443  6 0.0534 0.5124 0.0102 0.0020 0.0141 0.0152 0.0074 0.2805 0.1048 
   NS_SS1434  6 0.0192 0.0112 0.0116 0.0008 0.0479 0.0191 0.0065 0.8646 0.0190 
   NS_SS1398  6 0.0080 0.0401 0.2590 0.0216 0.4979 0.0211 0.0235 0.0954 0.0334 
   NS_SS1426  6 0.0481 0.6903 0.0091 0.0024 0.0156 0.0761 0.1191 0.0113 0.0281 
   NS_SS1413  6 0.0043 0.0042 0.0023 0.0083 0.0049 0.0212 0.0070 0.9453 0.0026 
   NS_SS1395  6 0.0166 0.6609 0.0620 0.0096 0.0116 0.1804 0.0117 0.0132 0.0341 
   NS_SS1448  6 0.0178 0.0102 0.0446 0.0023 0.6705 0.0058 0.0143 0.2279 0.0066 
   NS_SS1446  6 0.4884 0.0268 0.0069 0.0031 0.0170 0.0162 0.3917 0.0284 0.0215 
   NS_SS1403  6 0.0116 0.6094 0.1152 0.0094 0.0315 0.1552 0.0172 0.0059 0.0446 
   NS_SS1415  6 0.0087 0.0100 0.0133 0.0100 0.0063 0.0175 0.0429 0.8819 0.0094 
   NS_SS1437  6 0.0351 0.0184 0.5269 0.0092 0.0388 0.1657 0.1873 0.0128 0.0056 
   NS_SS1439  6 0.5612 0.2880 0.0640 0.0027 0.0047 0.0256 0.0391 0.0074 0.0072 
   NS_SS1441  6 0.0361 0.1767 0.0378 0.0017 0.1869 0.3335 0.0198 0.1983 0.0093 
   NS_SS1420  6 0.0197 0.0104 0.2278 0.0027 0.0120 0.0072 0.0109 0.0090 0.7002 
   NS_SS1394  6 0.0390 0.0185 0.3183 0.0454 0.0429 0.0066 0.0208 0.0069 0.5017 
   NS_SS1391  6 0.0043 0.0109 0.0094 0.0082 0.0081 0.9316 0.0061 0.0174 0.0041 
   NS_SS1410  6 0.0784 0.0937 0.1411 0.0202 0.1202 0.0941 0.2995 0.1143 0.0383 
   NS_SS1408  6 0.7666 0.0092 0.0119 0.0473 0.1183 0.0196 0.0082 0.0100 0.0089 
   NS_SS1409  6 0.0221 0.0427 0.0117 0.0021 0.6847 0.1204 0.0792 0.0137 0.0235 
   HI_SS0617  7 0.1726 0.0178 0.0550 0.0017 0.1430 0.2016 0.2030 0.1175 0.0879 
   HI_SS0618  7 0.1660 0.0331 0.0238 0.0018 0.0994 0.0068 0.0104 0.0043 0.6544 
   HI_SS0619  7 0.0134 0.0174 0.1193 0.0035 0.0542 0.0057 0.0282 0.7413 0.0169 
   HI_SS0620  7 0.0039 0.4220 0.0122 0.0026 0.0048 0.0171 0.0161 0.4643 0.0571 
   HI_SS0621  7 0.0829 0.0765 0.0354 0.0204 0.0429 0.3168 0.3850 0.0091 0.0310 
   HI_SS0622  7 0.0569 0.0444 0.5442 0.0142 0.0207 0.0137 0.2107 0.0739 0.0213 
   HI_SS0626  7 0.0123 0.0285 0.1298 0.0067 0.0919 0.0124 0.6857 0.0147 0.0179 
   HI_SS0627  7 0.0452 0.0082 0.0061 0.0079 0.0635 0.0286 0.7968 0.0076 0.0359 
   HI_SS0628  7 0.5317 0.0206 0.0136 0.0492 0.1424 0.0212 0.0173 0.1887 0.0152 
   HI_SS0629  7 0.0086 0.6704 0.0298 0.0058 0.0081 0.0145 0.1819 0.0201 0.0608 
   HI_SS0630  7 0.0989 0.0342 0.0091 0.0622 0.0269 0.0083 0.0031 0.7422 0.0152 
   HI_SS0631  7 0.0173 0.3256 0.0476 0.0008 0.0196 0.0743 0.0725 0.3989 0.0434 
   HI_SS0632  7 0.4280 0.0094 0.0650 0.0028 0.0481 0.0197 0.0277 0.0696 0.3296 
   HI_SS0633  7 0.0062 0.0111 0.8568 0.0033 0.0418 0.0341 0.0230 0.0117 0.0121 
   HI_SS0634  7 0.7473 0.0056 0.0091 0.0019 0.1070 0.0141 0.0456 0.0452 0.0242 
   HI_SS0635  7 0.6106 0.0186 0.0901 0.0083 0.0115 0.1573 0.0812 0.0106 0.0119 
   HI_SS0637  7 0.8650 0.0099 0.0092 0.0020 0.0057 0.0140 0.0761 0.0051 0.0130 
   HI_SS0638  7 0.0151 0.0067 0.0285 0.0014 0.1807 0.0125 0.0574 0.6800 0.0176 
   HI_SS0639  7 0.3209 0.0432 0.0227 0.0466 0.0422 0.1807 0.0235 0.0053 0.3150 
   HI_SS0640  7 0.3094 0.3439 0.2367 0.0018 0.0143 0.0125 0.0276 0.0133 0.0405 
   HI_SS0641  7 0.0432 0.1009 0.0339 0.0055 0.0152 0.3066 0.3773 0.0842 0.0333 
   HI_SS0642  7 0.0074 0.0085 0.0096 0.0025 0.8100 0.0688 0.0421 0.0101 0.0411 
   HI_SS0645  7 0.0030 0.0035 0.0074 0.0009 0.0053 0.0038 0.0034 0.0066 0.9662 
   HI_SS0646  7 0.0266 0.7721 0.0077 0.0031 0.1406 0.0140 0.0197 0.0094 0.0070 
   HI_SS0647  7 0.0093 0.0139 0.1611 0.0015 0.6278 0.0218 0.0137 0.1365 0.0145 
   HI_SS0648  7 0.1463 0.0105 0.0972 0.0034 0.1533 0.0681 0.0913 0.0865 0.3434 
   HI_SS0649  7 0.0125 0.4690 0.4132 0.0021 0.0081 0.0172 0.0449 0.0146 0.0185 
   HI_SS0650  7 0.0211 0.0520 0.1051 0.0055 0.4176 0.0684 0.1014 0.0362 0.1926 
   HI_SS0651  7 0.0545 0.0781 0.3079 0.0030 0.0099 0.4486 0.0240 0.0067 0.0671 
   HI_SS0652  7 0.2236 0.0092 0.1304 0.0039 0.4759 0.0232 0.0195 0.0267 0.0876 
   NS_SS1371  7 0.0091 0.0440 0.0098 0.0051 0.0120 0.8957 0.0083 0.0049 0.0110 
   NS_SS1374  7 0.0392 0.0139 0.0090 0.0027 0.7608 0.0419 0.0270 0.0734 0.0321 
   NS_SS1337  7 0.0244 0.0179 0.0255 0.0037 0.1038 0.0136 0.5136 0.0213 0.2762 
   NS_SS1385  7 0.0840 0.0108 0.0076 0.0044 0.0310 0.8175 0.0285 0.0093 0.0069 
   NS_SS1388  7 0.0050 0.0094 0.9364 0.0041 0.0092 0.0066 0.0051 0.0137 0.0104 
   NS_SS1370  7 0.0129 0.0047 0.0078 0.0079 0.0052 0.0057 0.0297 0.0100 0.9160 
   NS_SS1389  7 0.0144 0.0104 0.9126 0.0037 0.0305 0.0066 0.0072 0.0086 0.0059 
   NS_SS1360  7 0.0816 0.1673 0.0699 0.0049 0.0081 0.0546 0.1975 0.1104 0.3057 
   NS_SS1330  7 0.9111 0.0085 0.0284 0.0043 0.0067 0.0111 0.0139 0.0054 0.0107 
   NS_SS1328  7 0.0177 0.0074 0.0082 0.0020 0.2663 0.0518 0.0201 0.6186 0.0079 
   NS_SS1384  7 0.0184 0.8506 0.0069 0.0035 0.0138 0.0642 0.0114 0.0185 0.0127 
   NS_SS1381  7 0.0123 0.0115 0.0666 0.0010 0.0297 0.0166 0.0499 0.0074 0.8050 
   NS_SS1375  7 0.0128 0.0144 0.0168 0.0013 0.9103 0.0064 0.0065 0.0072 0.0243 
   NS_SS1319  7 0.0555 0.4304 0.0165 0.0976 0.2919 0.0323 0.0562 0.0122 0.0075 
   NS_SS1326  7 0.0071 0.0155 0.0068 0.0114 0.0868 0.0097 0.0159 0.8350 0.0117 
   NS_SS1341  7 0.0143 0.0244 0.0141 0.0043 0.0182 0.4706 0.4348 0.0080 0.0112 
   NS_SS1383  7 0.0748 0.1290 0.0082 0.0050 0.5157 0.1231 0.0922 0.0138 0.0382 
   NS_SS1318  7 0.2323 0.0250 0.0811 0.0149 0.0801 0.4515 0.0406 0.0402 0.0343 
   NS_SS1348  7 0.0523 0.8225 0.0060 0.0018 0.0051 0.0135 0.0354 0.0534 0.0099 
   NS_SS1363  7 0.1959 0.0097 0.0065 0.0058 0.0349 0.0219 0.4482 0.0243 0.2529 
   NS_SS1335  7 0.0204 0.7868 0.0130 0.0271 0.0070 0.0365 0.0330 0.0224 0.0539 
   NS_SS1358  7 0.1189 0.0802 0.0096 0.0135 0.0308 0.0258 0.1021 0.0625 0.5567 
   NS_SS1342  7 0.0176 0.4298 0.0158 0.0017 0.0393 0.2838 0.1666 0.0373 0.0082 
   NS_SS1320  7 0.0106 0.0050 0.7805 0.0062 0.1087 0.0350 0.0259 0.0136 0.0145 
   NS_SS1355  7 0.0180 0.0114 0.9309 0.0090 0.0034 0.0076 0.0071 0.0039 0.0088 
   NS_SS1345  7 0.8475 0.0178 0.0177 0.0148 0.0101 0.0084 0.0305 0.0145 0.0386 
   NS_SS1324  7 0.0429 0.2169 0.0461 0.0043 0.0891 0.1339 0.0912 0.2909 0.0848 
   NS_SS1347  7 0.0180 0.0268 0.3600 0.0029 0.0102 0.4313 0.0181 0.0340 0.0987 
   NS_SS1321  7 0.0223 0.0930 0.0085 0.0015 0.0609 0.0650 0.4323 0.2186 0.0979 
   NS_SS1333  7 0.0083 0.1502 0.0221 0.0034 0.0338 0.1775 0.0581 0.5404 0.0062 
   NS_SS1364  7 0.1415 0.0364 0.0131 0.0023 0.0091 0.7642 0.0084 0.0085 0.0166 
   NS_SS1379  7 0.0313 0.0110 0.0463 0.0458 0.0119 0.0372 0.0108 0.0109 0.7947 
   NS_SS1332  7 0.0073 0.0233 0.1968 0.0060 0.0076 0.0177 0.0227 0.7159 0.0027 
   NS_SS1338  7 0.0104 0.0226 0.0076 0.0052 0.0054 0.0134 0.0077 0.0102 0.9174 
   NS_SS1368  7 0.8110 0.0215 0.0148 0.0046 0.0374 0.0083 0.0112 0.0865 0.0048 
   NS_SS1354  7 0.0260 0.0137 0.0321 0.0122 0.0121 0.0163 0.8523 0.0188 0.0165 
   NS_SS1365  7 0.7785 0.0052 0.0539 0.0088 0.0342 0.0151 0.0128 0.0720 0.0195 
   NS_SS1380  7 0.0200 0.0055 0.8980 0.0133 0.0108 0.0287 0.0138 0.0035 0.0063 
   NS_SS1329  7 0.0800 0.2272 0.1835 0.0033 0.0210 0.0211 0.3645 0.0753 0.0240 
   NS_SS1362  7 0.0238 0.5006 0.0331 0.0048 0.0177 0.0555 0.3375 0.0138 0.0131 
   NS_SS1327  7 0.0043 0.9526 0.0034 0.0028 0.0036 0.0034 0.0051 0.0219 0.0029 
   NS_SS1350  7 0.0401 0.6015 0.0076 0.0096 0.2174 0.0679 0.0188 0.0251 0.0121 
   NS_SS1387  7 0.0427 0.0144 0.8163 0.0028 0.0197 0.0222 0.0149 0.0076 0.0594 
   NS_SS1369  7 0.1754 0.0459 0.0236 0.0049 0.0141 0.0080 0.0123 0.1819 0.5340 
