

----------------------------------------------------
STRUCTURE by Pritchard, Stephens and Donnelly (2000)
     and Falush, Stephens and Pritchard (2003)
       Code by Pritchard, Falush and Hubisz
             Version 2.3.4 (Jul 2012)
----------------------------------------------------



Command line arguments:   /home/genobiwan/Documents/Programs/Structure/structure -m parameter_job_k10_r10 
Input File:    /media/genobiwan/Storage/Projets/Mackerel_NWA_2021/data_job_k10_r10

Run parameters:
   629 individuals
   4140 loci
   10 populations assumed
   100000 Burn-in period
   200000 Reps


--------------------------------------------
Proportion of membership of each pre-defined
 population in each of the 10 clusters

Given    Inferred Clusters                                                        Number of
 Pop       1      2      3      4      5      6      7      8      9     10      Individuals

  1:     0.086  0.074  0.124  0.086  0.012  0.080  0.149  0.096  0.146  0.147       67
  2:     0.154  0.099  0.192  0.063  0.011  0.121  0.082  0.118  0.088  0.073       32
  3:     0.049  0.112  0.201  0.127  0.014  0.127  0.083  0.101  0.090  0.097       92
  4:     0.109  0.076  0.122  0.187  0.016  0.101  0.037  0.117  0.115  0.120       36
  5:     0.145  0.069  0.058  0.166  0.019  0.100  0.132  0.056  0.072  0.184       41
  6:     0.110  0.089  0.109  0.127  0.012  0.099  0.100  0.109  0.121  0.126      158
  7:     0.104  0.114  0.124  0.109  0.010  0.097  0.110  0.112  0.141  0.079       79
  8:     0.097  0.073  0.068  0.195  0.014  0.086  0.156  0.105  0.124  0.082       52
  9:     0.004  0.004  0.006  0.004  0.957  0.004  0.004  0.005  0.005  0.005       36
 10:     0.004  0.004  0.004  0.004  0.963  0.005  0.004  0.005  0.004  0.004       36
--------------------------------------------

Allele-freq. divergence among pops (Net nucleotide distance),
computed using point estimates of P.

      1       2       3       4       5       6       7       8       9      10      
 1      -    0.0006  0.0005  0.0006  0.0054  0.0006  0.0006  0.0004  0.0005  0.0005  
 2   0.0006     -    0.0004  0.0006  0.0052  0.0006  0.0005  0.0004  0.0005  0.0005  
 3   0.0005  0.0004     -    0.0005  0.0051  0.0004  0.0004  0.0002  0.0003  0.0003  
 4   0.0006  0.0006  0.0005     -    0.0054  0.0006  0.0006  0.0004  0.0005  0.0005  
 5   0.0054  0.0052  0.0051  0.0054     -    0.0052  0.0053  0.0051  0.0051  0.0051  
 6   0.0006  0.0006  0.0004  0.0006  0.0052     -    0.0006  0.0004  0.0005  0.0005  
 7   0.0006  0.0005  0.0004  0.0006  0.0053  0.0006     -    0.0004  0.0004  0.0005  
 8   0.0004  0.0004  0.0002  0.0004  0.0051  0.0004  0.0004     -    0.0003  0.0003  
 9   0.0005  0.0005  0.0003  0.0005  0.0051  0.0005  0.0004  0.0003     -    0.0004  
10   0.0005  0.0005  0.0003  0.0005  0.0051  0.0005  0.0005  0.0003  0.0004     -    

Average distances (expected heterozygosity) between individuals in same cluster:
cluster  1  : 0.3183 
cluster  2  : 0.3176 
cluster  3  : 0.3188 
cluster  4  : 0.3180 
cluster  5  : 0.3051 
cluster  6  : 0.3173 
cluster  7  : 0.3177 
cluster  8  : 0.3187 
cluster  9  : 0.3187 
cluster 10  : 0.3181 

--------------------------------------------
Estimated Ln Prob of Data   = -2473901.0
Mean value of ln likelihood = -2461273.9
Variance of ln likelihood   = 25254.2
Mean value of alpha         = 0.0454

Mean value of Fst_1         = 0.0074
Mean value of Fst_2         = 0.0072
Mean value of Fst_3         = 0.0045
Mean value of Fst_4         = 0.0065
Mean value of Fst_5         = 0.0400
Mean value of Fst_6         = 0.0074
Mean value of Fst_7         = 0.0068
Mean value of Fst_8         = 0.0049
Mean value of Fst_9         = 0.0054
Mean value of Fst_10         = 0.0056


Inferred ancestry of individuals:
        Label (%Miss) Pop:  Inferred clusters
  1 NS_SS0963    (4)    1 :  0.017 0.728 0.049 0.008 0.006 0.010 0.015 0.038 0.108 0.021 
  2 NS_SS0983    (1)    1 :  0.007 0.005 0.020 0.895 0.003 0.003 0.005 0.013 0.034 0.014 
  3 NS_SS0719    (9)    1 :  0.018 0.016 0.036 0.025 0.006 0.008 0.025 0.130 0.728 0.009 
  4 NS_SS1001    (8)    1 :  0.160 0.025 0.012 0.017 0.005 0.070 0.624 0.018 0.019 0.049 
  5 NS_SS0936    (4)    1 :  0.232 0.022 0.252 0.006 0.003 0.025 0.047 0.086 0.158 0.170 
  6 NS_SS0955    (6)    1 :  0.067 0.065 0.040 0.023 0.003 0.581 0.012 0.160 0.033 0.018 
  7 NS_SS0944    (3)    1 :  0.589 0.197 0.013 0.084 0.002 0.013 0.016 0.012 0.049 0.026 
  8 NS_SS0945    (3)    1 :  0.376 0.114 0.068 0.093 0.016 0.070 0.069 0.121 0.030 0.045 
  9 NS_SS0922    (2)    1 :  0.037 0.226 0.114 0.009 0.038 0.008 0.466 0.013 0.074 0.015 
 10 NS_SS0929    (7)    1 :  0.020 0.096 0.098 0.053 0.004 0.552 0.041 0.029 0.044 0.064 
 11 NS_SS0956    (1)    1 :  0.008 0.033 0.028 0.006 0.005 0.068 0.811 0.025 0.011 0.005 
 12 NS_SS0906    (3)    1 :  0.024 0.008 0.206 0.074 0.003 0.059 0.031 0.021 0.463 0.110 
 13 NS_SS0721    (6)    1 :  0.006 0.008 0.553 0.012 0.007 0.024 0.010 0.206 0.149 0.027 
 14 NS_SS0982    (4)    1 :  0.015 0.025 0.074 0.023 0.017 0.307 0.004 0.189 0.020 0.327 
 15 NS_SS0923    (6)    1 :  0.010 0.189 0.032 0.009 0.004 0.034 0.110 0.024 0.529 0.059 
 16 NS_SS0905    (6)    1 :  0.005 0.007 0.098 0.225 0.003 0.035 0.050 0.119 0.415 0.044 
 17 NS_SS0925    (3)    1 :  0.509 0.017 0.153 0.011 0.007 0.039 0.015 0.171 0.053 0.025 
 18 NS_SS0947    (6)    1 :  0.276 0.226 0.345 0.021 0.005 0.034 0.010 0.035 0.011 0.037 
 19 NS_SS0926    (2)    1 :  0.030 0.026 0.006 0.373 0.001 0.020 0.209 0.012 0.036 0.288 
 20 NS_SS0918    (6)    1 :  0.028 0.194 0.040 0.168 0.003 0.050 0.278 0.063 0.036 0.140 
 21 NS_SS0966    (4)    1 :  0.033 0.008 0.047 0.032 0.043 0.172 0.013 0.063 0.515 0.073 
 22 NS_SS0938    (2)    1 :  0.186 0.024 0.006 0.007 0.001 0.005 0.020 0.161 0.005 0.584 
 23 NS_SS0917    (2)    1 :  0.042 0.005 0.108 0.033 0.037 0.022 0.009 0.686 0.046 0.013 
 24 NS_SS0957   (11)    1 :  0.010 0.167 0.034 0.008 0.007 0.185 0.467 0.028 0.010 0.082 
 25 NS_SS0987    (1)    1 :  0.006 0.004 0.006 0.009 0.225 0.011 0.701 0.009 0.012 0.016 
 26 NS_SS0717    (4)    1 :  0.067 0.021 0.040 0.022 0.003 0.130 0.309 0.180 0.146 0.083 
 27 NS_SS0986    (2)    1 :  0.006 0.126 0.044 0.014 0.004 0.037 0.015 0.009 0.009 0.735 
 28 NS_SS0953    (3)    1 :  0.296 0.038 0.391 0.012 0.020 0.103 0.064 0.031 0.010 0.036 
 29 NS_SS0907    (3)    1 :  0.008 0.010 0.189 0.042 0.041 0.045 0.022 0.017 0.020 0.606 
 30 NS_SS0974    (6)    1 :  0.193 0.020 0.019 0.516 0.003 0.024 0.020 0.056 0.106 0.044 
 31 NS_SS0989    (1)    1 :  0.032 0.255 0.031 0.623 0.001 0.008 0.008 0.014 0.010 0.018 
 32 NS_SS0991    (3)    1 :  0.054 0.006 0.021 0.382 0.002 0.029 0.010 0.010 0.473 0.012 
 33 NS_SS0994    (2)    1 :  0.401 0.043 0.031 0.446 0.002 0.007 0.011 0.007 0.028 0.024 
 34 NS_SS0931    (6)    1 :  0.014 0.008 0.005 0.022 0.006 0.002 0.914 0.010 0.010 0.008 
 35 NS_SS1000    (5)    1 :  0.051 0.012 0.714 0.004 0.004 0.045 0.072 0.010 0.036 0.055 
 36 NS_SS0919    (1)    1 :  0.007 0.015 0.011 0.011 0.003 0.004 0.007 0.009 0.926 0.008 
 37 NS_SS0949    (4)    1 :  0.559 0.008 0.078 0.132 0.001 0.004 0.019 0.141 0.042 0.017 
 38 NS_SS0960   (10)    1 :  0.010 0.039 0.122 0.159 0.009 0.072 0.161 0.156 0.252 0.020 
 39 NS_SS0716    (2)    1 :  0.003 0.006 0.006 0.005 0.008 0.166 0.762 0.010 0.011 0.022 
 40 NS_SS0924    (8)    1 :  0.006 0.027 0.022 0.015 0.012 0.098 0.008 0.018 0.784 0.011 
 41 NS_SS0935    (2)    1 :  0.020 0.010 0.013 0.171 0.007 0.012 0.075 0.008 0.680 0.003 
 42 NS_SS0952   (14)    1 :  0.046 0.013 0.023 0.111 0.039 0.047 0.050 0.007 0.648 0.014 
 43 NS_SS0962   (11)    1 :  0.007 0.049 0.012 0.006 0.006 0.014 0.041 0.086 0.016 0.763 
 44 NS_SS0973    (5)    1 :  0.018 0.007 0.444 0.041 0.005 0.007 0.008 0.377 0.070 0.022 
 45 NS_SS0722    (1)    1 :  0.179 0.021 0.144 0.009 0.004 0.037 0.526 0.011 0.049 0.020 
 46 NS_SS0979   (13)    1 :  0.020 0.031 0.013 0.013 0.002 0.390 0.034 0.027 0.024 0.447 
 47 NS_SS0993    (2)    1 :  0.382 0.008 0.014 0.010 0.021 0.009 0.009 0.051 0.469 0.029 
 48 NS_SS0958    (1)    1 :  0.031 0.066 0.078 0.179 0.003 0.152 0.124 0.065 0.186 0.116 
 49 NS_SS0988    (4)    1 :  0.018 0.006 0.011 0.037 0.005 0.014 0.016 0.034 0.084 0.776 
 50 NS_SS1003    (2)    1 :  0.030 0.400 0.015 0.005 0.010 0.015 0.066 0.302 0.043 0.115 
 51 NS_SS0976    (1)    1 :  0.008 0.846 0.010 0.044 0.002 0.020 0.006 0.010 0.041 0.013 
 52 NS_SS0964   (10)    1 :  0.019 0.018 0.027 0.009 0.002 0.020 0.828 0.011 0.048 0.016 
 53 NS_SS0939    (4)    1 :  0.098 0.036 0.018 0.004 0.005 0.031 0.332 0.444 0.012 0.020 
 54 NS_SS0990    (6)    1 :  0.012 0.009 0.019 0.025 0.004 0.016 0.022 0.010 0.005 0.877 
 55 NS_SS0984    (2)    1 :  0.317 0.031 0.034 0.005 0.003 0.008 0.160 0.025 0.399 0.019 
 56 NS_SS0980   (10)    1 :  0.010 0.020 0.850 0.012 0.002 0.004 0.008 0.037 0.052 0.006 
 57 NS_SS0978    (4)    1 :  0.008 0.013 0.831 0.007 0.004 0.036 0.011 0.068 0.014 0.008 
 58 NS_SS0951   (18)    1 :  0.011 0.015 0.011 0.024 0.003 0.828 0.014 0.015 0.061 0.019 
 59 NS_SS0913    (3)    1 :  0.028 0.051 0.010 0.016 0.039 0.183 0.210 0.031 0.012 0.420 
 60 NS_SS1002    (1)    1 :  0.005 0.007 0.009 0.003 0.023 0.003 0.005 0.006 0.007 0.933 
 61 NS_SS0948    (1)    1 :  0.027 0.005 0.007 0.037 0.038 0.190 0.035 0.011 0.046 0.604 
 62 NS_SS0916    (4)    1 :  0.011 0.060 0.024 0.014 0.003 0.022 0.008 0.839 0.010 0.007 
 63 NS_SS0995    (1)    1 :  0.011 0.009 0.364 0.012 0.003 0.008 0.019 0.539 0.018 0.017 
 64 NS_SS0927    (6)    1 :  0.017 0.015 0.343 0.207 0.004 0.029 0.022 0.245 0.073 0.045 
 65 NS_SS0992    (5)    1 :  0.007 0.013 0.815 0.052 0.003 0.008 0.010 0.016 0.014 0.062 
 66 NS_SS0912    (1)    1 :  0.016 0.007 0.015 0.077 0.003 0.037 0.287 0.032 0.089 0.436 
 67 NS_SS0981    (1)    1 :  0.008 0.106 0.020 0.006 0.002 0.019 0.608 0.020 0.163 0.048 
 68 NS_SS0729    (5)    2 :  0.225 0.007 0.027 0.672 0.004 0.006 0.003 0.033 0.008 0.015 
 69 NS_SS0967   (15)    2 :  0.044 0.035 0.214 0.024 0.012 0.035 0.078 0.036 0.059 0.464 
 70 NS_SS0941    (8)    2 :  0.392 0.055 0.089 0.026 0.113 0.009 0.022 0.221 0.062 0.011 
 71 NS_SS0768   (12)    2 :  0.018 0.017 0.013 0.008 0.003 0.880 0.024 0.010 0.005 0.020 
 72 NS_SS0726    (5)    2 :  0.288 0.071 0.012 0.025 0.007 0.006 0.006 0.021 0.553 0.011 
 73 NS_SS0763    (4)    2 :  0.123 0.075 0.032 0.559 0.002 0.045 0.019 0.053 0.076 0.016 
 74 NS_SS0730    (6)    2 :  0.017 0.177 0.069 0.028 0.003 0.027 0.066 0.491 0.032 0.090 
 75 NS_SS0774    (2)    2 :  0.007 0.019 0.845 0.006 0.001 0.070 0.026 0.010 0.006 0.008 
 76 NS_SS0723    (3)    2 :  0.010 0.101 0.553 0.006 0.002 0.022 0.014 0.231 0.040 0.021 
 77 NS_SS0940   (10)    2 :  0.213 0.084 0.024 0.027 0.007 0.006 0.031 0.377 0.215 0.016 
 78 NS_SS0762    (1)    2 :  0.029 0.050 0.089 0.007 0.004 0.309 0.444 0.014 0.047 0.009 
 79 NS_SS0766   (11)    2 :  0.028 0.155 0.109 0.133 0.020 0.038 0.163 0.227 0.076 0.050 
 80 NS_SS0724    (1)    2 :  0.295 0.108 0.039 0.013 0.005 0.223 0.030 0.024 0.233 0.030 
 81 NS_SS0769    (3)    2 :  0.004 0.005 0.013 0.010 0.003 0.017 0.006 0.013 0.921 0.009 
 82 NS_SS0777    (1)    2 :  0.007 0.007 0.395 0.024 0.013 0.004 0.067 0.010 0.047 0.426 
 83 NS_SS0734    (6)    2 :  0.019 0.037 0.169 0.032 0.032 0.013 0.620 0.046 0.012 0.020 
 84 NS_SS0737    (3)    2 :  0.057 0.643 0.080 0.008 0.005 0.023 0.010 0.153 0.004 0.017 
 85 NS_SS0732    (5)    2 :  0.011 0.020 0.166 0.009 0.005 0.019 0.025 0.536 0.199 0.009 
 86 NS_SS0728    (5)    2 :  0.077 0.090 0.630 0.017 0.012 0.072 0.011 0.061 0.020 0.012 
 87 NS_SS0735    (9)    2 :  0.412 0.051 0.329 0.026 0.010 0.006 0.016 0.102 0.026 0.021 
 88 NS_SS0725    (1)    2 :  0.855 0.033 0.006 0.014 0.009 0.015 0.014 0.020 0.010 0.023 
 89 NS_SS0788    (2)    2 :  0.013 0.023 0.213 0.009 0.002 0.010 0.004 0.692 0.022 0.011 
 90 NS_SS0778    (2)    2 :  0.026 0.012 0.731 0.017 0.002 0.005 0.018 0.172 0.007 0.010 
 91 NS_SS0792    (6)    2 :  0.008 0.014 0.021 0.029 0.004 0.877 0.013 0.009 0.009 0.017 
 92 NS_SS0943   (11)    2 :  0.842 0.017 0.011 0.020 0.009 0.029 0.018 0.013 0.030 0.010 
 93 NS_SS0791    (2)    2 :  0.004 0.884 0.014 0.014 0.010 0.004 0.017 0.038 0.008 0.007 
 94 NS_SS0790    (5)    2 :  0.005 0.002 0.007 0.002 0.003 0.962 0.007 0.005 0.003 0.004 
 95 NS_SS0731    (6)    2 :  0.171 0.007 0.012 0.014 0.011 0.028 0.070 0.010 0.006 0.670 
 96 NS_SS0727    (7)    2 :  0.681 0.022 0.023 0.175 0.002 0.013 0.016 0.016 0.038 0.015 
 97 NS_SS0779   (13)    2 :  0.017 0.025 0.592 0.023 0.005 0.011 0.019 0.085 0.025 0.199 
 98 NS_SS0776    (3)    2 :  0.007 0.292 0.531 0.015 0.007 0.016 0.022 0.007 0.015 0.087 
 99 NS_SS0775    (5)    2 :  0.017 0.031 0.072 0.013 0.010 0.063 0.719 0.040 0.011 0.024 
100 NS_SS0965    (3)    3 :  0.005 0.023 0.138 0.009 0.002 0.024 0.029 0.020 0.735 0.015 
101 NS_SS0754   (14)    3 :  0.012 0.055 0.513 0.049 0.017 0.084 0.044 0.122 0.085 0.018 
102 NS_SS0838    (5)    3 :  0.045 0.705 0.014 0.074 0.037 0.033 0.010 0.019 0.012 0.052 
103 NS_SS0839    (3)    3 :  0.015 0.596 0.085 0.006 0.005 0.196 0.028 0.045 0.007 0.019 
104 NS_SS0832    (4)    3 :  0.009 0.009 0.259 0.003 0.046 0.010 0.022 0.015 0.022 0.604 
105 NS_SS0820    (5)    3 :  0.007 0.372 0.011 0.003 0.010 0.448 0.006 0.018 0.064 0.062 
106 NS_SS0886    (9)    3 :  0.014 0.075 0.342 0.100 0.002 0.015 0.019 0.285 0.102 0.046 
107 NS_SS0748    (5)    3 :  0.022 0.039 0.045 0.173 0.009 0.211 0.182 0.039 0.085 0.195 
108 NS_SS0884    (9)    3 :  0.033 0.272 0.427 0.029 0.025 0.085 0.024 0.065 0.023 0.018 
109 NS_SS0752    (4)    3 :  0.078 0.072 0.564 0.044 0.002 0.007 0.044 0.123 0.036 0.028 
110 NS_SS0862    (1)    3 :  0.010 0.117 0.706 0.008 0.005 0.027 0.008 0.093 0.015 0.011 
111 NS_SS0787    (9)    3 :  0.012 0.011 0.014 0.867 0.007 0.013 0.015 0.010 0.040 0.011 
112 NS_SS0843    (6)    3 :  0.140 0.010 0.352 0.085 0.002 0.013 0.043 0.078 0.226 0.052 
113 NS_SS0856    (4)    3 :  0.018 0.028 0.127 0.041 0.003 0.158 0.006 0.041 0.009 0.568 
114 NS_SS0846    (2)    3 :  0.052 0.158 0.403 0.098 0.003 0.015 0.041 0.039 0.060 0.131 
115 NS_SS0825    (1)    3 :  0.024 0.057 0.010 0.024 0.010 0.006 0.014 0.598 0.006 0.251 
116 NS_SS0757    (3)    3 :  0.012 0.021 0.227 0.031 0.005 0.025 0.022 0.636 0.012 0.009 
117 NS_SS0876    (3)    3 :  0.093 0.004 0.286 0.010 0.216 0.119 0.010 0.052 0.009 0.201 
118 NS_SS0903   (10)    3 :  0.011 0.007 0.882 0.008 0.002 0.005 0.017 0.058 0.006 0.004 
119 NS_SS0875    (7)    3 :  0.013 0.014 0.033 0.064 0.005 0.161 0.591 0.047 0.026 0.048 
120 NS_SS0740    (5)    3 :  0.170 0.007 0.104 0.027 0.003 0.028 0.012 0.052 0.586 0.011 
121 NS_SS0811    (5)    3 :  0.003 0.004 0.006 0.005 0.007 0.897 0.050 0.012 0.007 0.009 
122 NS_SS0751    (1)    3 :  0.041 0.254 0.039 0.020 0.002 0.011 0.499 0.021 0.028 0.087 
123 NS_SS0891    (6)    3 :  0.526 0.006 0.011 0.008 0.004 0.388 0.008 0.016 0.008 0.025 
124 NS_SS0867    (2)    3 :  0.238 0.022 0.160 0.100 0.029 0.017 0.058 0.067 0.275 0.035 
125 NS_SS0890    (6)    3 :  0.023 0.006 0.034 0.021 0.004 0.041 0.133 0.127 0.605 0.006 
126 NS_SS0866   (12)    3 :  0.017 0.014 0.020 0.836 0.006 0.014 0.016 0.025 0.004 0.048 
127 NS_SS0755    (4)    3 :  0.016 0.022 0.016 0.034 0.008 0.795 0.026 0.036 0.036 0.012 
128 NS_SS0758    (4)    3 :  0.011 0.043 0.341 0.194 0.002 0.010 0.018 0.034 0.012 0.335 
129 NS_SS0840    (2)    3 :  0.030 0.716 0.125 0.009 0.003 0.020 0.021 0.012 0.015 0.048 
130 NS_SS0889    (4)    3 :  0.013 0.069 0.035 0.325 0.002 0.274 0.187 0.052 0.016 0.028 
131 NS_SS1010    (1)    3 :  0.006 0.395 0.059 0.091 0.050 0.209 0.056 0.030 0.060 0.045 
132 NS_SS0888    (5)    3 :  0.017 0.017 0.393 0.299 0.002 0.169 0.058 0.021 0.017 0.005 
133 NS_SS0837    (3)    3 :  0.009 0.025 0.040 0.067 0.003 0.042 0.063 0.128 0.303 0.319 
134 NS_SS0794   (10)    3 :  0.029 0.006 0.011 0.290 0.002 0.590 0.009 0.017 0.015 0.032 
135 NS_SS0823    (5)    3 :  0.070 0.019 0.641 0.048 0.004 0.102 0.005 0.061 0.014 0.036 
136 NS_SS0829    (7)    3 :  0.008 0.019 0.021 0.485 0.118 0.083 0.007 0.013 0.236 0.009 
137 NS_SS0844    (5)    3 :  0.011 0.007 0.014 0.005 0.002 0.934 0.003 0.007 0.012 0.006 
138 NS_SS1008    (6)    3 :  0.036 0.010 0.115 0.598 0.012 0.044 0.133 0.017 0.022 0.013 
139 NS_SS0881    (3)    3 :  0.009 0.109 0.018 0.010 0.002 0.007 0.108 0.039 0.634 0.063 
140 NS_SS0834    (6)    3 :  0.474 0.393 0.007 0.007 0.006 0.038 0.005 0.017 0.010 0.045 
141 NS_SS0744   (10)    3 :  0.006 0.014 0.775 0.012 0.006 0.012 0.008 0.112 0.012 0.042 
142 NS_SS0899    (7)    3 :  0.012 0.021 0.009 0.009 0.002 0.838 0.013 0.013 0.013 0.071 
143 NS_SS0804    (5)    3 :  0.018 0.039 0.035 0.008 0.004 0.148 0.016 0.186 0.216 0.330 
144 NS_SS0781   (10)    3 :  0.047 0.088 0.270 0.007 0.004 0.129 0.014 0.067 0.021 0.354 
145 NS_SS0822    (6)    3 :  0.024 0.292 0.022 0.462 0.002 0.027 0.068 0.082 0.010 0.011 
146 NS_SS1004    (4)    3 :  0.008 0.010 0.755 0.011 0.004 0.018 0.018 0.014 0.068 0.094 
147 NS_SS0746    (5)    3 :  0.087 0.021 0.165 0.036 0.017 0.300 0.020 0.028 0.141 0.185 
148 NS_SS0880    (3)    3 :  0.012 0.905 0.019 0.009 0.001 0.004 0.022 0.011 0.007 0.010 
149 NS_SS0879    (5)    3 :  0.089 0.037 0.108 0.055 0.017 0.598 0.014 0.015 0.040 0.028 
150 NS_SS0753    (2)    3 :  0.013 0.008 0.118 0.333 0.011 0.024 0.013 0.093 0.342 0.047 
151 NS_SS1007    (3)    3 :  0.011 0.026 0.320 0.011 0.002 0.004 0.044 0.460 0.074 0.047 
152 NS_SS0872    (5)    3 :  0.027 0.004 0.214 0.007 0.002 0.053 0.060 0.048 0.025 0.559 
153 NS_SS1005    (7)    3 :  0.023 0.018 0.829 0.006 0.001 0.030 0.007 0.018 0.013 0.054 
154 NS_SS0892    (6)    3 :  0.011 0.023 0.162 0.013 0.002 0.025 0.618 0.012 0.089 0.045 
155 NS_SS0898    (0)    3 :  0.005 0.004 0.005 0.016 0.006 0.017 0.926 0.008 0.008 0.006 
156 NS_SS0801    (9)    3 :  0.005 0.909 0.026 0.004 0.008 0.007 0.008 0.007 0.016 0.010 
157 NS_SS0827    (9)    3 :  0.007 0.012 0.008 0.241 0.119 0.017 0.121 0.108 0.342 0.025 
158 NS_SS0853    (7)    3 :  0.003 0.006 0.010 0.016 0.005 0.868 0.063 0.005 0.009 0.014 
159 NS_SS0780    (2)    3 :  0.009 0.510 0.334 0.006 0.004 0.009 0.086 0.011 0.013 0.018 
160 NS_SS0826   (10)    3 :  0.009 0.040 0.008 0.015 0.003 0.008 0.010 0.009 0.016 0.882 
161 NS_SS0818    (5)    3 :  0.026 0.057 0.705 0.014 0.001 0.009 0.027 0.132 0.021 0.007 
162 NS_SS0745    (1)    3 :  0.022 0.007 0.010 0.004 0.002 0.009 0.895 0.009 0.008 0.035 
163 NS_SS0849    (3)    3 :  0.018 0.005 0.227 0.006 0.002 0.010 0.053 0.457 0.014 0.207 
164 NS_SS0739    (3)    3 :  0.004 0.007 0.016 0.008 0.009 0.006 0.031 0.909 0.004 0.007 
165 NS_SS0799    (1)    3 :  0.032 0.025 0.058 0.733 0.001 0.033 0.029 0.063 0.019 0.008 
166 NS_SS0756    (3)    3 :  0.026 0.023 0.104 0.010 0.004 0.087 0.024 0.128 0.050 0.544 
167 NS_SS0802    (2)    3 :  0.068 0.018 0.285 0.024 0.190 0.007 0.005 0.277 0.014 0.112 
168 NS_SS0747    (6)    3 :  0.010 0.019 0.741 0.009 0.007 0.008 0.010 0.040 0.118 0.039 
169 NS_SS0835    (1)    3 :  0.020 0.008 0.026 0.605 0.001 0.012 0.023 0.016 0.096 0.192 
170 NS_SS0742   (19)    3 :  0.041 0.048 0.019 0.014 0.001 0.016 0.014 0.805 0.012 0.030 
171 NS_SS0760    (9)    3 :  0.004 0.029 0.049 0.716 0.057 0.025 0.007 0.020 0.025 0.068 
172 NS_SS0803    (4)    3 :  0.013 0.009 0.775 0.009 0.010 0.099 0.008 0.032 0.021 0.025 
173 NS_SS0828   (14)    3 :  0.010 0.010 0.039 0.023 0.002 0.021 0.019 0.021 0.850 0.006 
174 NS_SS0865    (2)    3 :  0.014 0.144 0.268 0.116 0.033 0.051 0.040 0.248 0.018 0.066 
175 NS_SS0759    (5)    3 :  0.009 0.031 0.620 0.013 0.004 0.013 0.127 0.041 0.117 0.026 
176 NS_SS0851    (5)    3 :  0.010 0.013 0.011 0.008 0.009 0.881 0.026 0.031 0.005 0.006 
177 NS_SS0874   (16)    3 :  0.486 0.032 0.028 0.027 0.002 0.328 0.007 0.022 0.059 0.010 
178 NS_SS0761    (6)    3 :  0.017 0.016 0.090 0.558 0.003 0.033 0.052 0.013 0.026 0.192 
179 NS_SS0842   (26)    3 :  0.015 0.016 0.014 0.020 0.009 0.108 0.489 0.035 0.267 0.026 
180 NS_SS0785    (6)    3 :  0.024 0.015 0.767 0.048 0.006 0.009 0.037 0.028 0.018 0.048 
181 NS_SS0860   (11)    3 :  0.009 0.009 0.245 0.391 0.003 0.018 0.010 0.264 0.030 0.021 
182 NS_SS0897    (7)    3 :  0.010 0.009 0.010 0.915 0.002 0.012 0.020 0.009 0.005 0.008 
183 NS_SS0841   (15)    3 :  0.006 0.295 0.022 0.006 0.003 0.032 0.500 0.114 0.009 0.014 
184 NS_SS0797    (7)    3 :  0.004 0.628 0.007 0.093 0.020 0.018 0.182 0.015 0.012 0.020 
185 NS_SS0830   (11)    3 :  0.025 0.206 0.022 0.022 0.003 0.011 0.102 0.358 0.087 0.165 
186 NS_SS1011    (5)    3 :  0.008 0.773 0.100 0.005 0.006 0.035 0.006 0.009 0.007 0.051 
187 NS_SS0883    (5)    3 :  0.004 0.010 0.157 0.017 0.006 0.155 0.024 0.368 0.242 0.018 
188 NS_SS0782    (2)    3 :  0.063 0.007 0.360 0.024 0.002 0.012 0.014 0.026 0.006 0.487 
189 NS_SS0831    (5)    3 :  0.021 0.014 0.032 0.645 0.004 0.058 0.011 0.167 0.023 0.025 
190 NS_SS0749    (7)    3 :  0.012 0.012 0.743 0.017 0.003 0.006 0.010 0.056 0.135 0.006 
191 NS_SS0854    (2)    3 :  0.672 0.027 0.059 0.073 0.003 0.066 0.033 0.030 0.014 0.024 
192 HI_SS0193    (0)    4 :  0.783 0.027 0.004 0.012 0.002 0.006 0.023 0.131 0.008 0.004 
193 HI_SS0194    (1)    4 :  0.955 0.013 0.005 0.003 0.002 0.005 0.003 0.004 0.004 0.006 
194 HI_SS0195   (10)    4 :  0.136 0.011 0.302 0.003 0.106 0.025 0.020 0.334 0.011 0.052 
195 HI_SS0196    (6)    4 :  0.078 0.018 0.488 0.018 0.003 0.053 0.010 0.284 0.007 0.041 
196 HI_SS0197    (3)    4 :  0.014 0.052 0.027 0.005 0.012 0.003 0.007 0.079 0.022 0.780 
197 HI_SS0198    (1)    4 :  0.006 0.022 0.533 0.021 0.010 0.035 0.007 0.345 0.009 0.012 
198 HI_SS0199    (1)    4 :  0.015 0.012 0.083 0.739 0.003 0.006 0.010 0.046 0.077 0.010 
199 HI_SS0201    (5)    4 :  0.018 0.016 0.030 0.277 0.003 0.021 0.014 0.015 0.600 0.006 
200 HI_SS0215    (1)    4 :  0.005 0.006 0.072 0.255 0.003 0.023 0.031 0.097 0.022 0.485 
201 HI_SS0218    (1)    4 :  0.005 0.011 0.009 0.923 0.008 0.013 0.015 0.005 0.005 0.007 
202 HI_SS0222    (0)    4 :  0.008 0.048 0.223 0.058 0.005 0.013 0.028 0.234 0.025 0.358 
203 HI_SS0230    (1)    4 :  0.009 0.035 0.006 0.007 0.007 0.075 0.017 0.042 0.074 0.729 
204 HI_SS0234    (2)    4 :  0.033 0.014 0.636 0.008 0.156 0.021 0.005 0.031 0.038 0.057 
205 HI_SS0240    (1)    4 :  0.017 0.042 0.856 0.012 0.005 0.008 0.034 0.010 0.012 0.004 
206 HI_SS0241    (0)    4 :  0.010 0.018 0.010 0.068 0.002 0.823 0.016 0.005 0.042 0.007 
207 HI_SS0242    (0)    4 :  0.025 0.018 0.089 0.439 0.004 0.089 0.060 0.133 0.075 0.067 
208 HI_SS0247    (0)    4 :  0.009 0.084 0.011 0.010 0.020 0.815 0.009 0.007 0.013 0.022 
209 HI_SS0248    (1)    4 :  0.122 0.006 0.027 0.306 0.001 0.003 0.453 0.010 0.039 0.034 
210 HI_SS0252    (2)    4 :  0.624 0.115 0.022 0.042 0.003 0.088 0.022 0.010 0.011 0.063 
211 HI_SS0254    (0)    4 :  0.011 0.012 0.013 0.004 0.065 0.003 0.151 0.012 0.701 0.029 
212 HI_SS0256    (0)    4 :  0.030 0.012 0.220 0.003 0.002 0.654 0.005 0.013 0.033 0.029 
213 HI_SS0257    (0)    4 :  0.150 0.024 0.052 0.456 0.003 0.081 0.004 0.026 0.180 0.024 
214 HI_SS0258    (1)    4 :  0.014 0.105 0.095 0.542 0.005 0.065 0.082 0.011 0.052 0.027 
215 HI_SS0259    (1)    4 :  0.043 0.746 0.039 0.008 0.002 0.083 0.007 0.044 0.018 0.011 
216 HI_SS0260    (1)    4 :  0.040 0.018 0.094 0.523 0.002 0.038 0.050 0.098 0.107 0.030 
217 HI_SS0261    (2)    4 :  0.073 0.017 0.026 0.064 0.002 0.004 0.035 0.022 0.728 0.029 
218 HI_SS0262    (0)    4 :  0.035 0.071 0.028 0.021 0.006 0.064 0.020 0.633 0.028 0.094 
219 HI_SS0264    (0)    4 :  0.021 0.069 0.009 0.004 0.003 0.105 0.031 0.027 0.070 0.660 
220 HI_SS0265    (0)    4 :  0.022 0.009 0.025 0.007 0.091 0.052 0.006 0.083 0.682 0.024 
221 HI_SS0268    (1)    4 :  0.010 0.245 0.053 0.019 0.003 0.073 0.044 0.191 0.344 0.019 
222 HI_SS0269    (0)    4 :  0.057 0.024 0.049 0.781 0.002 0.010 0.006 0.028 0.010 0.032 
223 HI_SS0273    (0)    4 :  0.010 0.008 0.016 0.855 0.002 0.007 0.038 0.016 0.012 0.036 
224 HI_SS0277    (1)    4 :  0.008 0.037 0.011 0.023 0.003 0.012 0.004 0.488 0.015 0.398 
225 HI_SS0280    (0)    4 :  0.007 0.688 0.086 0.050 0.006 0.049 0.038 0.026 0.016 0.034 
226 HI_SS0282    (1)    4 :  0.396 0.063 0.089 0.138 0.001 0.009 0.007 0.202 0.044 0.051 
227 HI_SS0286    (1)    4 :  0.128 0.035 0.046 0.029 0.009 0.200 0.013 0.472 0.022 0.046 
228 NS_SS1252    (3)    5 :  0.005 0.004 0.007 0.929 0.003 0.016 0.006 0.011 0.007 0.011 
229 NS_SS1261    (1)    5 :  0.008 0.004 0.005 0.011 0.009 0.007 0.005 0.086 0.004 0.861 
230 NS_SS1225   (10)    5 :  0.065 0.042 0.035 0.033 0.075 0.403 0.003 0.009 0.314 0.021 
231 NS_SS1266    (1)    5 :  0.038 0.022 0.345 0.005 0.009 0.353 0.016 0.061 0.025 0.126 
232 NS_SS1228    (0)    5 :  0.056 0.168 0.010 0.020 0.013 0.018 0.360 0.299 0.027 0.029 
233 NS_SS1255    (3)    5 :  0.912 0.004 0.009 0.016 0.001 0.007 0.010 0.029 0.004 0.008 
234 NS_SS1267    (3)    5 :  0.008 0.007 0.004 0.931 0.012 0.007 0.008 0.013 0.008 0.004 
235 NS_SS1238    (6)    5 :  0.233 0.038 0.014 0.020 0.002 0.004 0.246 0.038 0.039 0.366 
236 NS_SS1233    (8)    5 :  0.006 0.078 0.009 0.038 0.002 0.020 0.794 0.007 0.007 0.040 
237 NS_SS1277    (3)    5 :  0.015 0.010 0.007 0.039 0.001 0.003 0.913 0.005 0.004 0.004 
238 NS_SS1245    (1)    5 :  0.175 0.008 0.033 0.018 0.002 0.010 0.030 0.029 0.016 0.680 
239 NS_SS1240    (4)    5 :  0.017 0.009 0.011 0.916 0.002 0.004 0.006 0.012 0.011 0.013 
240 NS_SS1275    (2)    5 :  0.019 0.290 0.008 0.004 0.003 0.361 0.008 0.010 0.010 0.287 
241 NS_SS1235    (1)    5 :  0.934 0.011 0.014 0.003 0.004 0.009 0.004 0.007 0.006 0.008 
242 NS_SS1263    (1)    5 :  0.842 0.007 0.030 0.015 0.001 0.022 0.018 0.019 0.027 0.019 
243 NS_SS1251    (2)    5 :  0.299 0.007 0.016 0.116 0.001 0.083 0.022 0.019 0.204 0.231 
244 NS_SS1248    (0)    5 :  0.003 0.057 0.004 0.017 0.094 0.209 0.541 0.034 0.022 0.018 
245 NS_SS1244    (0)    5 :  0.009 0.917 0.014 0.009 0.004 0.009 0.006 0.008 0.013 0.009 
246 NS_SS1257    (1)    5 :  0.025 0.021 0.053 0.687 0.040 0.013 0.017 0.060 0.041 0.042 
247 NS_SS1242    (2)    5 :  0.052 0.016 0.185 0.007 0.003 0.076 0.074 0.059 0.013 0.515 
248 NS_SS1271    (6)    5 :  0.009 0.017 0.013 0.622 0.033 0.013 0.154 0.085 0.046 0.009 
249 NS_SS1265    (1)    5 :  0.014 0.019 0.128 0.060 0.017 0.028 0.090 0.031 0.020 0.592 
250 NS_SS1243    (0)    5 :  0.020 0.048 0.231 0.019 0.095 0.212 0.046 0.012 0.018 0.299 
251 NS_SS1273    (1)    5 :  0.007 0.010 0.007 0.004 0.010 0.008 0.908 0.009 0.007 0.029 
252 NS_SS1254   (14)    5 :  0.023 0.011 0.014 0.010 0.006 0.858 0.012 0.020 0.016 0.029 
253 NS_SS1224    (1)    5 :  0.080 0.007 0.033 0.027 0.010 0.080 0.056 0.118 0.519 0.070 
254 NS_SS1227    (8)    5 :  0.009 0.003 0.006 0.013 0.002 0.006 0.007 0.008 0.940 0.006 
255 NS_SS1274    (9)    5 :  0.014 0.740 0.021 0.153 0.014 0.013 0.009 0.016 0.012 0.006 
256 NS_SS1241    (1)    5 :  0.009 0.027 0.007 0.131 0.001 0.751 0.017 0.009 0.038 0.009 
257 NS_SS1256    (3)    5 :  0.006 0.026 0.095 0.010 0.034 0.020 0.030 0.008 0.017 0.753 
258 NS_SS1260    (8)    5 :  0.011 0.067 0.012 0.755 0.066 0.040 0.006 0.020 0.014 0.010 
259 NS_SS1262    (0)    5 :  0.004 0.008 0.017 0.179 0.152 0.135 0.032 0.021 0.372 0.079 
260 NS_SS1230    (0)    5 :  0.023 0.020 0.057 0.217 0.008 0.024 0.045 0.081 0.021 0.504 
261 NS_SS1270    (2)    5 :  0.030 0.006 0.009 0.004 0.002 0.009 0.018 0.012 0.035 0.876 
262 NS_SS1229    (2)    5 :  0.923 0.007 0.020 0.011 0.005 0.005 0.004 0.011 0.007 0.007 
263 NS_SS1246    (5)    5 :  0.882 0.049 0.003 0.022 0.003 0.003 0.005 0.013 0.010 0.009 
264 NS_SS1269    (0)    5 :  0.008 0.021 0.838 0.017 0.002 0.032 0.023 0.024 0.019 0.016 
265 NS_SS1239    (1)    5 :  0.029 0.003 0.008 0.006 0.004 0.005 0.014 0.921 0.006 0.005 
266 NS_SS1272    (5)    5 :  0.021 0.010 0.007 0.006 0.005 0.006 0.012 0.011 0.010 0.912 
267 NS_SS1268    (1)    5 :  0.079 0.013 0.009 0.005 0.002 0.012 0.816 0.046 0.008 0.009 
268 NS_SS1249    (1)    5 :  0.026 0.007 0.016 0.703 0.013 0.197 0.012 0.013 0.009 0.004 
269 HI_SS0559    (0)    6 :  0.024 0.023 0.551 0.030 0.002 0.159 0.097 0.008 0.099 0.007 
270 HI_SS0563    (1)    6 :  0.018 0.014 0.145 0.039 0.004 0.020 0.018 0.281 0.437 0.024 
271 HI_SS0564    (0)    6 :  0.054 0.074 0.038 0.032 0.045 0.004 0.035 0.675 0.031 0.011 
272 HI_SS0565    (0)    6 :  0.096 0.015 0.085 0.104 0.004 0.044 0.028 0.390 0.060 0.173 
273 HI_SS0569    (1)    6 :  0.004 0.009 0.006 0.011 0.002 0.009 0.010 0.005 0.933 0.013 
274 HI_SS0570    (0)    6 :  0.650 0.010 0.009 0.011 0.040 0.013 0.215 0.039 0.006 0.008 
275 HI_SS0572    (1)    6 :  0.776 0.018 0.015 0.015 0.004 0.032 0.007 0.014 0.012 0.106 
276 HI_SS0576    (1)    6 :  0.005 0.029 0.016 0.010 0.005 0.006 0.215 0.607 0.006 0.101 
277 HI_SS0579    (1)    6 :  0.198 0.004 0.017 0.005 0.013 0.009 0.010 0.014 0.716 0.013 
278 HI_SS0580    (1)    6 :  0.054 0.013 0.175 0.109 0.004 0.547 0.034 0.038 0.014 0.012 
279 HI_SS0581    (0)    6 :  0.007 0.034 0.041 0.005 0.051 0.018 0.009 0.024 0.004 0.807 
280 HI_SS0583    (1)    6 :  0.019 0.004 0.007 0.915 0.002 0.008 0.010 0.010 0.003 0.022 
281 HI_SS0586    (1)    6 :  0.007 0.008 0.005 0.872 0.001 0.007 0.024 0.012 0.051 0.012 
282 HI_SS0588    (1)    6 :  0.006 0.011 0.127 0.451 0.020 0.045 0.041 0.026 0.124 0.149 
283 HI_SS0595    (4)    6 :  0.026 0.044 0.013 0.031 0.027 0.009 0.093 0.217 0.502 0.038 
284 HI_SS0596    (0)    6 :  0.925 0.005 0.009 0.003 0.002 0.013 0.023 0.007 0.008 0.005 
285 HI_SS0597    (1)    6 :  0.020 0.011 0.010 0.011 0.002 0.005 0.005 0.009 0.003 0.925 
286 HI_SS0600    (0)    6 :  0.010 0.012 0.045 0.852 0.005 0.019 0.009 0.026 0.009 0.014 
287 HI_SS0601    (1)    6 :  0.012 0.022 0.013 0.020 0.009 0.222 0.006 0.018 0.667 0.010 
288 HI_SS0602    (1)    6 :  0.005 0.009 0.015 0.014 0.003 0.006 0.007 0.011 0.919 0.011 
289 HI_SS0604    (0)    6 :  0.298 0.014 0.107 0.008 0.002 0.081 0.028 0.028 0.062 0.372 
290 HI_SS0605    (1)    6 :  0.004 0.005 0.917 0.014 0.006 0.015 0.015 0.012 0.007 0.005 
291 HI_SS0608    (0)    6 :  0.078 0.006 0.017 0.010 0.001 0.090 0.162 0.168 0.365 0.103 
292 HI_SS0609    (0)    6 :  0.007 0.020 0.134 0.009 0.001 0.156 0.033 0.165 0.014 0.461 
293 HI_SS0611    (5)    6 :  0.006 0.010 0.010 0.164 0.003 0.204 0.022 0.526 0.023 0.033 
294 HI_SS0612    (0)    6 :  0.017 0.034 0.679 0.145 0.008 0.017 0.013 0.022 0.054 0.011 
295 HI_SS0613    (1)    6 :  0.008 0.026 0.044 0.017 0.002 0.460 0.205 0.169 0.040 0.030 
296 HI_SS0615    (1)    6 :  0.012 0.020 0.048 0.014 0.011 0.006 0.023 0.791 0.053 0.021 
297 HI_SS0001    (1)    6 :  0.025 0.865 0.016 0.023 0.004 0.019 0.015 0.008 0.005 0.020 
298 HI_SS0002    (1)    6 :  0.018 0.005 0.058 0.012 0.025 0.051 0.013 0.030 0.049 0.739 
299 HI_SS0004    (0)    6 :  0.495 0.037 0.084 0.088 0.006 0.073 0.054 0.117 0.037 0.010 
300 HI_SS0005    (1)    6 :  0.003 0.053 0.038 0.024 0.006 0.012 0.213 0.164 0.031 0.457 
301 HI_SS0006    (1)    6 :  0.004 0.013 0.111 0.361 0.002 0.006 0.007 0.015 0.010 0.471 
302 HI_SS0007    (1)    6 :  0.020 0.010 0.013 0.015 0.002 0.016 0.869 0.033 0.013 0.009 
303 HI_SS0008    (0)    6 :  0.034 0.010 0.038 0.010 0.029 0.011 0.007 0.054 0.771 0.036 
304 HI_SS0009    (0)    6 :  0.329 0.034 0.033 0.007 0.004 0.478 0.055 0.034 0.022 0.004 
305 HI_SS0010    (1)    6 :  0.028 0.033 0.015 0.032 0.003 0.013 0.183 0.047 0.637 0.009 
306 HI_SS0011    (1)    6 :  0.068 0.020 0.010 0.015 0.085 0.017 0.054 0.019 0.193 0.518 
307 HI_SS0012    (0)    6 :  0.005 0.021 0.111 0.012 0.005 0.007 0.004 0.761 0.063 0.012 
308 HI_SS0017    (1)    6 :  0.911 0.005 0.009 0.007 0.002 0.012 0.042 0.004 0.005 0.004 
309 HI_SS0021    (1)    6 :  0.003 0.003 0.009 0.088 0.196 0.009 0.016 0.015 0.007 0.654 
310 HI_SS0024    (1)    6 :  0.062 0.044 0.010 0.007 0.004 0.044 0.173 0.449 0.012 0.195 
311 HI_SS0025    (1)    6 :  0.010 0.009 0.018 0.007 0.003 0.893 0.006 0.034 0.007 0.011 
312 HI_SS0027    (0)    6 :  0.033 0.053 0.079 0.299 0.017 0.016 0.030 0.236 0.233 0.006 
313 HI_SS0028    (0)    6 :  0.007 0.012 0.007 0.006 0.002 0.048 0.301 0.206 0.288 0.124 
314 HI_SS0029    (1)    6 :  0.010 0.013 0.129 0.030 0.011 0.010 0.216 0.082 0.019 0.480 
315 HI_SS0030    (2)    6 :  0.212 0.027 0.022 0.166 0.004 0.007 0.034 0.052 0.468 0.009 
316 HI_SS0031    (0)    6 :  0.003 0.005 0.068 0.011 0.004 0.008 0.022 0.024 0.841 0.013 
317 HI_SS0034    (0)    6 :  0.057 0.313 0.530 0.031 0.004 0.012 0.017 0.005 0.015 0.016 
318 HI_SS0036    (0)    6 :  0.003 0.928 0.008 0.015 0.007 0.006 0.015 0.005 0.006 0.005 
319 HI_SS0037    (1)    6 :  0.006 0.007 0.006 0.010 0.004 0.935 0.007 0.009 0.009 0.007 
320 HI_SS0039    (0)    6 :  0.014 0.025 0.009 0.045 0.003 0.013 0.628 0.043 0.098 0.123 
321 HI_SS0041    (1)    6 :  0.019 0.012 0.005 0.006 0.002 0.034 0.005 0.900 0.006 0.011 
322 HI_SS0042    (1)    6 :  0.031 0.153 0.022 0.006 0.113 0.156 0.094 0.304 0.009 0.113 
323 HI_SS0043    (1)    6 :  0.009 0.017 0.009 0.904 0.003 0.005 0.004 0.021 0.015 0.014 
324 HI_SS0044    (1)    6 :  0.050 0.005 0.016 0.013 0.003 0.007 0.875 0.012 0.011 0.008 
325 HI_SS0047    (1)    6 :  0.033 0.008 0.063 0.006 0.002 0.007 0.044 0.008 0.011 0.817 
326 HI_SS0049    (1)    6 :  0.266 0.207 0.022 0.019 0.004 0.403 0.011 0.014 0.015 0.040 
327 HI_SS0051    (1)    6 :  0.012 0.005 0.451 0.005 0.002 0.052 0.034 0.385 0.014 0.040 
328 HI_SS0053    (1)    6 :  0.067 0.103 0.013 0.488 0.006 0.013 0.017 0.021 0.207 0.065 
329 HI_SS0054    (4)    6 :  0.006 0.085 0.005 0.511 0.003 0.010 0.062 0.006 0.299 0.014 
330 HI_SS0057    (0)    6 :  0.018 0.158 0.013 0.021 0.004 0.022 0.021 0.048 0.072 0.623 
331 HI_SS0058    (0)    6 :  0.033 0.007 0.022 0.051 0.005 0.825 0.007 0.009 0.035 0.007 
332 HI_SS0060    (0)    6 :  0.008 0.013 0.018 0.006 0.058 0.006 0.005 0.019 0.857 0.011 
333 HI_SS0087    (1)    6 :  0.047 0.022 0.105 0.224 0.003 0.018 0.015 0.188 0.345 0.034 
334 HI_SS0091    (1)    6 :  0.009 0.060 0.020 0.843 0.002 0.024 0.003 0.023 0.008 0.009 
335 HI_SS0095    (1)    6 :  0.079 0.198 0.153 0.018 0.044 0.017 0.007 0.406 0.049 0.028 
336 HI_SS0097    (3)    6 :  0.016 0.008 0.025 0.010 0.004 0.010 0.009 0.187 0.712 0.020 
337 HI_SS0099    (1)    6 :  0.052 0.005 0.031 0.016 0.006 0.082 0.256 0.121 0.034 0.398 
338 HI_SS0103    (0)    6 :  0.239 0.061 0.461 0.022 0.003 0.019 0.030 0.116 0.011 0.038 
339 HI_SS0105    (1)    6 :  0.070 0.682 0.063 0.011 0.029 0.038 0.006 0.032 0.025 0.043 
340 HI_SS0107    (1)    6 :  0.874 0.018 0.012 0.009 0.001 0.010 0.009 0.016 0.012 0.039 
341 HI_SS0108    (1)    6 :  0.043 0.046 0.083 0.720 0.034 0.005 0.033 0.010 0.013 0.013 
342 HI_SS0110    (0)    6 :  0.095 0.173 0.201 0.022 0.001 0.036 0.019 0.240 0.093 0.119 
343 HI_SS0111    (1)    6 :  0.005 0.026 0.680 0.027 0.033 0.032 0.043 0.099 0.020 0.036 
344 HI_SS0112    (0)    6 :  0.115 0.059 0.041 0.343 0.002 0.010 0.154 0.208 0.051 0.017 
345 HI_SS0113    (1)    6 :  0.067 0.026 0.016 0.007 0.004 0.007 0.006 0.018 0.009 0.841 
346 HI_SS0114    (1)    6 :  0.004 0.074 0.090 0.716 0.006 0.027 0.024 0.011 0.035 0.013 
347 HI_SS0115    (1)    6 :  0.016 0.029 0.715 0.026 0.012 0.088 0.033 0.027 0.050 0.004 
348 HI_SS0116    (4)    6 :  0.042 0.004 0.013 0.846 0.004 0.016 0.020 0.012 0.011 0.031 
349 HI_SS0117    (0)    6 :  0.694 0.033 0.054 0.045 0.002 0.017 0.014 0.009 0.073 0.059 
350 HI_SS0118    (0)    6 :  0.010 0.012 0.057 0.472 0.012 0.044 0.021 0.034 0.007 0.332 
351 HI_SS0119    (1)    6 :  0.008 0.377 0.299 0.241 0.003 0.007 0.006 0.032 0.016 0.013 
352 HI_SS0120    (1)    6 :  0.929 0.014 0.007 0.006 0.005 0.007 0.005 0.006 0.004 0.017 
353 HI_SS0121    (0)    6 :  0.007 0.008 0.008 0.008 0.002 0.086 0.035 0.071 0.021 0.753 
354 HI_SS0122    (2)    6 :  0.016 0.055 0.012 0.033 0.016 0.097 0.008 0.740 0.007 0.016 
355 HI_SS0123    (0)    6 :  0.009 0.025 0.859 0.019 0.005 0.004 0.006 0.027 0.011 0.035 
356 HI_SS0124    (1)    6 :  0.051 0.063 0.223 0.009 0.003 0.295 0.133 0.181 0.016 0.026 
357 HI_SS0125    (1)    6 :  0.005 0.102 0.062 0.005 0.030 0.014 0.272 0.195 0.284 0.031 
358 HI_SS0126    (0)    6 :  0.059 0.029 0.016 0.200 0.001 0.043 0.541 0.052 0.016 0.041 
359 HI_SS0127    (0)    6 :  0.006 0.011 0.013 0.008 0.007 0.040 0.041 0.018 0.848 0.008 
360 HI_SS0128    (0)    6 :  0.519 0.007 0.036 0.013 0.003 0.007 0.085 0.036 0.255 0.039 
361 HI_SS0129    (1)    6 :  0.063 0.064 0.189 0.038 0.014 0.014 0.521 0.068 0.012 0.017 
362 HI_SS0131    (2)    6 :  0.007 0.010 0.008 0.017 0.024 0.828 0.032 0.018 0.021 0.035 
363 HI_SS0132    (0)    6 :  0.008 0.243 0.110 0.015 0.001 0.144 0.123 0.056 0.016 0.285 
364 HI_SS0133    (1)    6 :  0.021 0.012 0.004 0.926 0.002 0.003 0.012 0.005 0.012 0.005 
365 HI_SS0134    (1)    6 :  0.056 0.151 0.184 0.299 0.002 0.048 0.051 0.062 0.029 0.117 
366 HI_SS0142    (3)    6 :  0.005 0.077 0.262 0.020 0.015 0.014 0.006 0.017 0.391 0.194 
367 HI_SS0145    (0)    6 :  0.015 0.031 0.730 0.021 0.002 0.012 0.008 0.011 0.158 0.012 
368 HI_SS0146    (1)    6 :  0.012 0.006 0.004 0.030 0.001 0.004 0.912 0.012 0.015 0.004 
369 HI_SS0147    (1)    6 :  0.066 0.029 0.048 0.008 0.030 0.023 0.034 0.363 0.019 0.380 
370 HI_SS0149    (1)    6 :  0.008 0.565 0.004 0.025 0.004 0.012 0.017 0.054 0.030 0.281 
371 HI_SS0150    (2)    6 :  0.039 0.588 0.019 0.020 0.005 0.051 0.178 0.009 0.065 0.025 
372 HI_SS0151    (0)    6 :  0.051 0.036 0.621 0.020 0.011 0.004 0.008 0.234 0.012 0.003 
373 NS_SS1451    (1)    6 :  0.011 0.123 0.359 0.007 0.003 0.019 0.314 0.112 0.040 0.012 
374 NS_SS1404    (0)    6 :  0.028 0.006 0.012 0.006 0.011 0.024 0.814 0.057 0.021 0.021 
375 NS_SS1432    (2)    6 :  0.005 0.040 0.092 0.006 0.032 0.010 0.040 0.480 0.010 0.286 
376 NS_SS1405    (5)    6 :  0.029 0.016 0.498 0.023 0.003 0.057 0.171 0.143 0.019 0.041 
377 NS_SS1431   (10)    6 :  0.215 0.043 0.032 0.008 0.001 0.013 0.182 0.089 0.115 0.301 
378 NS_SS1402    (3)    6 :  0.064 0.172 0.202 0.086 0.003 0.074 0.017 0.324 0.033 0.023 
379 NS_SS1450    (3)    6 :  0.026 0.854 0.025 0.011 0.004 0.006 0.051 0.007 0.007 0.010 
380 NS_SS1396    (0)    6 :  0.006 0.047 0.094 0.012 0.006 0.016 0.034 0.286 0.039 0.459 
381 NS_SS1393    (5)    6 :  0.019 0.009 0.053 0.826 0.004 0.016 0.010 0.035 0.015 0.012 
382 NS_SS1392   (10)    6 :  0.882 0.019 0.014 0.006 0.019 0.007 0.007 0.032 0.008 0.006 
383 NS_SS1445    (0)    6 :  0.019 0.008 0.045 0.016 0.009 0.180 0.008 0.130 0.530 0.055 
384 NS_SS1423    (0)    6 :  0.845 0.011 0.010 0.058 0.002 0.006 0.012 0.024 0.026 0.006 
385 NS_SS1421    (9)    6 :  0.007 0.915 0.005 0.005 0.047 0.002 0.004 0.007 0.003 0.004 
386 NS_SS1411    (6)    6 :  0.013 0.008 0.023 0.213 0.002 0.009 0.531 0.171 0.011 0.018 
387 NS_SS1453    (6)    6 :  0.060 0.097 0.035 0.086 0.007 0.031 0.010 0.131 0.209 0.333 
388 NS_SS1442    (3)    6 :  0.206 0.006 0.062 0.051 0.003 0.054 0.025 0.047 0.035 0.510 
389 NS_SS1422    (1)    6 :  0.388 0.068 0.065 0.057 0.018 0.143 0.012 0.171 0.037 0.040 
390 NS_SS1419    (1)    6 :  0.005 0.014 0.005 0.008 0.120 0.821 0.011 0.008 0.005 0.004 
391 NS_SS1427    (0)    6 :  0.020 0.016 0.015 0.859 0.002 0.020 0.049 0.006 0.008 0.005 
392 NS_SS1444    (4)    6 :  0.036 0.007 0.015 0.004 0.003 0.375 0.008 0.053 0.428 0.070 
393 NS_SS1455    (0)    6 :  0.022 0.009 0.019 0.019 0.001 0.007 0.009 0.017 0.006 0.891 
394 NS_SS1425    (2)    6 :  0.024 0.006 0.023 0.749 0.002 0.005 0.096 0.037 0.042 0.016 
395 NS_SS1400    (0)    6 :  0.056 0.012 0.012 0.511 0.002 0.032 0.039 0.020 0.058 0.257 
396 NS_SS1406    (2)    6 :  0.026 0.119 0.033 0.010 0.007 0.025 0.029 0.311 0.027 0.413 
397 NS_SS1417    (6)    6 :  0.008 0.025 0.016 0.023 0.006 0.860 0.010 0.011 0.014 0.027 
398 NS_SS1454    (3)    6 :  0.008 0.718 0.012 0.075 0.001 0.034 0.080 0.026 0.009 0.037 
399 NS_SS1412    (1)    6 :  0.108 0.011 0.086 0.152 0.024 0.058 0.338 0.021 0.006 0.195 
400 NS_SS1438    (1)    6 :  0.022 0.019 0.015 0.276 0.001 0.605 0.005 0.025 0.004 0.028 
401 NS_SS1416    (4)    6 :  0.007 0.070 0.569 0.020 0.006 0.045 0.023 0.127 0.011 0.121 
