

----------------------------------------------------
STRUCTURE by Pritchard, Stephens and Donnelly (2000)
     and Falush, Stephens and Pritchard (2003)
       Code by Pritchard, Falush and Hubisz
             Version 2.3.4 (Jul 2012)
----------------------------------------------------



Command line arguments:   /home/genobiwan/Documents/Programs/Structure/structure -m parameter_job_k7_r10 
Input File:    /media/genobiwan/Storage/Projets/Mackerel_NWA_2021/data_job_k7_r10

Run parameters:
   629 individuals
   4140 loci
   7 populations assumed
   100000 Burn-in period
   200000 Reps


--------------------------------------------
Proportion of membership of each pre-defined
 population in each of the 7 clusters

Given    Inferred Clusters                                   Number of
 Pop       1      2      3      4      5      6      7      Individuals

  1:     0.201  0.141  0.013  0.162  0.124  0.184  0.175       67
  2:     0.274  0.189  0.010  0.171  0.069  0.134  0.153       32
  3:     0.146  0.108  0.014  0.219  0.126  0.189  0.199       92
  4:     0.110  0.140  0.016  0.177  0.202  0.234  0.121       36
  5:     0.124  0.210  0.022  0.158  0.232  0.103  0.152       41
  6:     0.165  0.148  0.013  0.168  0.184  0.185  0.138      158
  7:     0.176  0.139  0.011  0.166  0.200  0.156  0.153       79
  8:     0.145  0.163  0.015  0.153  0.225  0.126  0.172       52
  9:     0.004  0.005  0.971  0.005  0.004  0.006  0.006       36
 10:     0.004  0.004  0.976  0.004  0.003  0.004  0.005       36
--------------------------------------------

Allele-freq. divergence among pops (Net nucleotide distance),
computed using point estimates of P.

      1       2       3       4       5       6       7      
 1      -    0.0003  0.0050  0.0003  0.0004  0.0003  0.0003  
 2   0.0003     -    0.0050  0.0002  0.0004  0.0002  0.0003  
 3   0.0050  0.0050     -    0.0049  0.0052  0.0050  0.0050  
 4   0.0003  0.0002  0.0049     -    0.0004  0.0002  0.0003  
 5   0.0004  0.0004  0.0052  0.0004     -    0.0004  0.0004  
 6   0.0003  0.0002  0.0050  0.0002  0.0004     -    0.0003  
 7   0.0003  0.0003  0.0050  0.0003  0.0004  0.0003     -    

Average distances (expected heterozygosity) between individuals in same cluster:
cluster  1  : 0.3180 
cluster  2  : 0.3185 
cluster  3  : 0.3053 
cluster  4  : 0.3188 
cluster  5  : 0.3179 
cluster  6  : 0.3185 
cluster  7  : 0.3182 

--------------------------------------------
Estimated Ln Prob of Data   = -2472513.9
Mean value of ln likelihood = -2463727.7
Variance of ln likelihood   = 17572.4
Mean value of alpha         = 0.0432

Mean value of Fst_1         = 0.0041
Mean value of Fst_2         = 0.0040
Mean value of Fst_3         = 0.0390
Mean value of Fst_4         = 0.0033
Mean value of Fst_5         = 0.0049
Mean value of Fst_6         = 0.0034
Mean value of Fst_7         = 0.0041


Inferred ancestry of individuals:
        Label (%Miss) Pop:  Inferred clusters
  1 NS_SS0963    (4)    1 :  0.015 0.026 0.006 0.159 0.019 0.728 0.047 
  2 NS_SS0983    (1)    1 :  0.004 0.011 0.004 0.830 0.016 0.008 0.128 
  3 NS_SS0719    (9)    1 :  0.021 0.187 0.006 0.308 0.056 0.405 0.017 
  4 NS_SS1001    (8)    1 :  0.807 0.010 0.005 0.022 0.067 0.007 0.081 
  5 NS_SS0936    (4)    1 :  0.102 0.687 0.003 0.044 0.015 0.108 0.041 
  6 NS_SS0955    (6)    1 :  0.035 0.182 0.004 0.070 0.399 0.165 0.145 
  7 NS_SS0944    (3)    1 :  0.022 0.063 0.002 0.042 0.800 0.042 0.028 
  8 NS_SS0945    (3)    1 :  0.649 0.068 0.012 0.123 0.116 0.010 0.020 
  9 NS_SS0922    (2)    1 :  0.222 0.212 0.031 0.117 0.010 0.395 0.013 
 10 NS_SS0929    (7)    1 :  0.162 0.529 0.003 0.069 0.044 0.093 0.099 
 11 NS_SS0956    (1)    1 :  0.906 0.006 0.004 0.024 0.020 0.021 0.018 
 12 NS_SS0906    (3)    1 :  0.056 0.070 0.003 0.307 0.020 0.152 0.391 
 13 NS_SS0721    (6)    1 :  0.010 0.006 0.004 0.920 0.006 0.024 0.029 
 14 NS_SS0982    (4)    1 :  0.027 0.015 0.015 0.007 0.007 0.911 0.017 
 15 NS_SS0923    (6)    1 :  0.152 0.017 0.006 0.606 0.016 0.075 0.128 
 16 NS_SS0905    (6)    1 :  0.021 0.053 0.003 0.098 0.031 0.147 0.648 
 17 NS_SS0925    (3)    1 :  0.013 0.032 0.004 0.026 0.006 0.013 0.906 
 18 NS_SS0947    (6)    1 :  0.440 0.351 0.005 0.017 0.013 0.021 0.155 
 19 NS_SS0926    (2)    1 :  0.011 0.234 0.001 0.067 0.349 0.331 0.007 
 20 NS_SS0918    (6)    1 :  0.099 0.012 0.002 0.088 0.103 0.034 0.662 
 21 NS_SS0966    (4)    1 :  0.040 0.487 0.048 0.063 0.077 0.181 0.104 
 22 NS_SS0938    (2)    1 :  0.194 0.189 0.002 0.039 0.019 0.551 0.006 
 23 NS_SS0917    (2)    1 :  0.036 0.233 0.038 0.177 0.018 0.481 0.017 
 24 NS_SS0957   (11)    1 :  0.831 0.006 0.007 0.019 0.032 0.063 0.042 
 25 NS_SS0987    (1)    1 :  0.318 0.012 0.238 0.095 0.023 0.010 0.304 
 26 NS_SS0717    (4)    1 :  0.537 0.098 0.003 0.284 0.025 0.022 0.031 
 27 NS_SS0986    (2)    1 :  0.015 0.005 0.003 0.951 0.016 0.008 0.003 
 28 NS_SS0953    (3)    1 :  0.016 0.047 0.019 0.035 0.013 0.009 0.861 
 29 NS_SS0907    (3)    1 :  0.016 0.390 0.047 0.221 0.014 0.103 0.207 
 30 NS_SS0974    (6)    1 :  0.034 0.899 0.003 0.011 0.016 0.018 0.019 
 31 NS_SS0989    (1)    1 :  0.014 0.535 0.001 0.021 0.119 0.081 0.229 
 32 NS_SS0991    (3)    1 :  0.013 0.020 0.002 0.607 0.277 0.016 0.066 
 33 NS_SS0994    (2)    1 :  0.017 0.873 0.002 0.024 0.065 0.006 0.013 
 34 NS_SS0931    (6)    1 :  0.008 0.057 0.011 0.047 0.858 0.010 0.009 
 35 NS_SS1000    (5)    1 :  0.744 0.045 0.004 0.141 0.011 0.043 0.011 
 36 NS_SS0919    (1)    1 :  0.005 0.013 0.003 0.787 0.052 0.123 0.016 
 37 NS_SS0949    (4)    1 :  0.015 0.412 0.001 0.016 0.462 0.046 0.049 
 38 NS_SS0960   (10)    1 :  0.022 0.029 0.008 0.042 0.705 0.052 0.142 
 39 NS_SS0716    (2)    1 :  0.954 0.005 0.006 0.017 0.008 0.005 0.006 
 40 NS_SS0924    (8)    1 :  0.146 0.070 0.019 0.402 0.229 0.061 0.073 
 41 NS_SS0935    (2)    1 :  0.017 0.018 0.008 0.022 0.258 0.010 0.666 
 42 NS_SS0952   (14)    1 :  0.037 0.031 0.046 0.026 0.778 0.048 0.034 
 43 NS_SS0962   (11)    1 :  0.088 0.298 0.009 0.261 0.021 0.279 0.043 
 44 NS_SS0973    (5)    1 :  0.008 0.040 0.004 0.031 0.010 0.049 0.857 
 45 NS_SS0722    (1)    1 :  0.766 0.055 0.003 0.132 0.007 0.019 0.019 
 46 NS_SS0979   (13)    1 :  0.676 0.106 0.002 0.048 0.012 0.138 0.016 
 47 NS_SS0993    (2)    1 :  0.022 0.194 0.016 0.030 0.010 0.017 0.712 
 48 NS_SS0958    (1)    1 :  0.099 0.018 0.002 0.013 0.842 0.013 0.013 
 49 NS_SS0988    (4)    1 :  0.022 0.333 0.005 0.069 0.019 0.349 0.203 
 50 NS_SS1003    (2)    1 :  0.007 0.008 0.009 0.007 0.011 0.950 0.007 
 51 NS_SS0976    (1)    1 :  0.033 0.128 0.002 0.049 0.734 0.017 0.036 
 52 NS_SS0964   (10)    1 :  0.763 0.181 0.003 0.018 0.011 0.009 0.016 
 53 NS_SS0939    (4)    1 :  0.950 0.010 0.005 0.004 0.007 0.008 0.016 
 54 NS_SS0990    (6)    1 :  0.408 0.070 0.003 0.069 0.017 0.424 0.008 
 55 NS_SS0984    (2)    1 :  0.823 0.110 0.002 0.021 0.009 0.025 0.009 
 56 NS_SS0980   (10)    1 :  0.009 0.020 0.002 0.012 0.007 0.015 0.935 
 57 NS_SS0978    (4)    1 :  0.022 0.005 0.003 0.009 0.005 0.920 0.037 
 58 NS_SS0951   (18)    1 :  0.031 0.008 0.003 0.048 0.079 0.015 0.816 
 59 NS_SS0913    (3)    1 :  0.528 0.018 0.046 0.298 0.023 0.040 0.046 
 60 NS_SS1002    (1)    1 :  0.007 0.015 0.028 0.130 0.007 0.795 0.016 
 61 NS_SS0948    (1)    1 :  0.163 0.238 0.056 0.161 0.143 0.206 0.032 
 62 NS_SS0916    (4)    1 :  0.074 0.022 0.005 0.007 0.017 0.545 0.330 
 63 NS_SS0995    (1)    1 :  0.038 0.039 0.003 0.076 0.006 0.093 0.745 
 64 NS_SS0927    (6)    1 :  0.014 0.075 0.005 0.109 0.008 0.775 0.014 
 65 NS_SS0992    (5)    1 :  0.014 0.180 0.003 0.017 0.020 0.520 0.246 
 66 NS_SS0912    (1)    1 :  0.024 0.011 0.002 0.896 0.046 0.012 0.008 
 67 NS_SS0981    (1)    1 :  0.056 0.025 0.004 0.361 0.041 0.433 0.080 
 68 NS_SS0729    (5)    2 :  0.006 0.942 0.003 0.011 0.017 0.007 0.015 
 69 NS_SS0967   (15)    2 :  0.025 0.283 0.014 0.475 0.021 0.174 0.008 
 70 NS_SS0941    (8)    2 :  0.124 0.303 0.092 0.181 0.033 0.072 0.195 
 71 NS_SS0768   (12)    2 :  0.457 0.083 0.006 0.242 0.041 0.113 0.058 
 72 NS_SS0726    (5)    2 :  0.033 0.741 0.011 0.013 0.041 0.115 0.047 
 73 NS_SS0763    (4)    2 :  0.186 0.374 0.003 0.116 0.088 0.173 0.060 
 74 NS_SS0730    (6)    2 :  0.598 0.174 0.004 0.056 0.046 0.061 0.060 
 75 NS_SS0774    (2)    2 :  0.945 0.011 0.001 0.007 0.006 0.012 0.018 
 76 NS_SS0723    (3)    2 :  0.039 0.022 0.002 0.081 0.009 0.117 0.729 
 77 NS_SS0940   (10)    2 :  0.029 0.260 0.007 0.363 0.047 0.061 0.233 
 78 NS_SS0762    (1)    2 :  0.910 0.013 0.003 0.012 0.007 0.016 0.039 
 79 NS_SS0766   (11)    2 :  0.585 0.047 0.018 0.129 0.144 0.053 0.024 
 80 NS_SS0724    (1)    2 :  0.422 0.312 0.005 0.196 0.021 0.008 0.037 
 81 NS_SS0769    (3)    2 :  0.116 0.040 0.005 0.442 0.011 0.362 0.023 
 82 NS_SS0777    (1)    2 :  0.050 0.017 0.015 0.274 0.401 0.190 0.053 
 83 NS_SS0734    (6)    2 :  0.200 0.045 0.032 0.252 0.246 0.159 0.065 
 84 NS_SS0737    (3)    2 :  0.721 0.049 0.007 0.012 0.012 0.180 0.019 
 85 NS_SS0732    (5)    2 :  0.013 0.007 0.005 0.009 0.004 0.010 0.953 
 86 NS_SS0728    (5)    2 :  0.081 0.143 0.013 0.427 0.013 0.084 0.238 
 87 NS_SS0735    (9)    2 :  0.025 0.056 0.009 0.402 0.009 0.009 0.490 
 88 NS_SS0725    (1)    2 :  0.498 0.437 0.010 0.013 0.009 0.028 0.005 
 89 NS_SS0788    (2)    2 :  0.030 0.485 0.002 0.012 0.013 0.397 0.062 
 90 NS_SS0778    (2)    2 :  0.026 0.023 0.001 0.228 0.021 0.628 0.072 
 91 NS_SS0792    (6)    2 :  0.014 0.078 0.006 0.020 0.015 0.835 0.033 
 92 NS_SS0943   (11)    2 :  0.012 0.293 0.007 0.076 0.385 0.045 0.182 
 93 NS_SS0791    (2)    2 :  0.059 0.021 0.016 0.033 0.073 0.170 0.627 
 94 NS_SS0790    (5)    2 :  0.841 0.009 0.004 0.037 0.004 0.009 0.096 
 95 NS_SS0731    (6)    2 :  0.054 0.025 0.011 0.888 0.011 0.005 0.007 
 96 NS_SS0727    (7)    2 :  0.186 0.703 0.002 0.025 0.044 0.014 0.026 
 97 NS_SS0779   (13)    2 :  0.135 0.026 0.008 0.321 0.059 0.135 0.315 
 98 NS_SS0776    (3)    2 :  0.392 0.027 0.008 0.120 0.340 0.027 0.086 
 99 NS_SS0775    (5)    2 :  0.941 0.012 0.007 0.010 0.007 0.013 0.010 
100 NS_SS0965    (3)    3 :  0.013 0.008 0.001 0.923 0.025 0.015 0.015 
101 NS_SS0754   (14)    3 :  0.075 0.019 0.013 0.501 0.078 0.120 0.193 
102 NS_SS0838    (5)    3 :  0.364 0.243 0.056 0.168 0.073 0.068 0.029 
103 NS_SS0839    (3)    3 :  0.920 0.038 0.003 0.008 0.005 0.008 0.018 
104 NS_SS0832    (4)    3 :  0.021 0.012 0.047 0.746 0.005 0.118 0.052 
105 NS_SS0820    (5)    3 :  0.218 0.010 0.007 0.585 0.006 0.167 0.007 
106 NS_SS0886    (9)    3 :  0.020 0.096 0.002 0.502 0.160 0.110 0.110 
107 NS_SS0748    (5)    3 :  0.052 0.026 0.009 0.158 0.684 0.046 0.026 
108 NS_SS0884    (9)    3 :  0.275 0.134 0.027 0.028 0.033 0.337 0.166 
109 NS_SS0752    (4)    3 :  0.023 0.055 0.002 0.012 0.015 0.010 0.882 
110 NS_SS0862    (1)    3 :  0.041 0.014 0.005 0.050 0.007 0.026 0.857 
111 NS_SS0787    (9)    3 :  0.022 0.070 0.009 0.016 0.824 0.042 0.018 
112 NS_SS0843    (6)    3 :  0.042 0.267 0.002 0.249 0.010 0.047 0.383 
113 NS_SS0856    (4)    3 :  0.036 0.339 0.003 0.122 0.011 0.483 0.007 
114 NS_SS0846    (2)    3 :  0.008 0.709 0.003 0.028 0.071 0.168 0.012 
115 NS_SS0825    (1)    3 :  0.033 0.643 0.010 0.097 0.024 0.185 0.008 
116 NS_SS0757    (3)    3 :  0.036 0.009 0.004 0.068 0.021 0.030 0.833 
117 NS_SS0876    (3)    3 :  0.014 0.039 0.215 0.308 0.012 0.094 0.318 
118 NS_SS0903   (10)    3 :  0.009 0.024 0.002 0.009 0.005 0.008 0.942 
119 NS_SS0875    (7)    3 :  0.187 0.085 0.003 0.599 0.015 0.095 0.015 
120 NS_SS0740    (5)    3 :  0.018 0.097 0.003 0.119 0.008 0.026 0.728 
121 NS_SS0811    (5)    3 :  0.672 0.006 0.009 0.057 0.016 0.018 0.222 
122 NS_SS0751    (1)    3 :  0.095 0.274 0.003 0.026 0.087 0.463 0.053 
123 NS_SS0891    (6)    3 :  0.535 0.352 0.007 0.034 0.017 0.034 0.021 
124 NS_SS0867    (2)    3 :  0.006 0.027 0.018 0.026 0.027 0.853 0.043 
125 NS_SS0890    (6)    3 :  0.092 0.064 0.003 0.025 0.024 0.449 0.343 
126 NS_SS0866   (12)    3 :  0.017 0.070 0.006 0.046 0.042 0.805 0.014 
127 NS_SS0755    (4)    3 :  0.359 0.040 0.007 0.034 0.031 0.509 0.019 
128 NS_SS0758    (4)    3 :  0.013 0.017 0.002 0.933 0.013 0.014 0.008 
129 NS_SS0840    (2)    3 :  0.672 0.045 0.003 0.174 0.010 0.060 0.036 
130 NS_SS0889    (4)    3 :  0.039 0.103 0.003 0.227 0.405 0.045 0.178 
131 NS_SS1010    (1)    3 :  0.216 0.027 0.039 0.116 0.050 0.532 0.021 
132 NS_SS0888    (5)    3 :  0.087 0.044 0.002 0.022 0.246 0.418 0.181 
133 NS_SS0837    (3)    3 :  0.105 0.055 0.003 0.430 0.040 0.131 0.236 
134 NS_SS0794   (10)    3 :  0.049 0.018 0.002 0.024 0.872 0.020 0.014 
135 NS_SS0823    (5)    3 :  0.099 0.072 0.005 0.315 0.006 0.201 0.303 
136 NS_SS0829    (7)    3 :  0.039 0.016 0.120 0.207 0.360 0.013 0.244 
137 NS_SS0844    (5)    3 :  0.098 0.355 0.003 0.104 0.008 0.186 0.246 
138 NS_SS1008    (6)    3 :  0.340 0.150 0.016 0.025 0.308 0.023 0.138 
139 NS_SS0881    (3)    3 :  0.171 0.400 0.003 0.069 0.218 0.118 0.020 
140 NS_SS0834    (6)    3 :  0.489 0.402 0.007 0.012 0.009 0.073 0.007 
141 NS_SS0744   (10)    3 :  0.027 0.029 0.008 0.419 0.016 0.253 0.249 
142 NS_SS0899    (7)    3 :  0.068 0.008 0.001 0.017 0.004 0.010 0.891 
143 NS_SS0804    (5)    3 :  0.093 0.024 0.004 0.684 0.006 0.104 0.085 
144 NS_SS0781   (10)    3 :  0.027 0.022 0.003 0.820 0.007 0.094 0.027 
145 NS_SS0822    (6)    3 :  0.010 0.132 0.002 0.010 0.774 0.025 0.047 
146 NS_SS1004    (4)    3 :  0.036 0.039 0.005 0.364 0.078 0.282 0.195 
147 NS_SS0746    (5)    3 :  0.033 0.033 0.011 0.892 0.013 0.011 0.007 
148 NS_SS0880    (3)    3 :  0.142 0.236 0.002 0.020 0.403 0.042 0.156 
149 NS_SS0879    (5)    3 :  0.809 0.076 0.013 0.017 0.015 0.056 0.015 
150 NS_SS0753    (2)    3 :  0.007 0.011 0.009 0.036 0.016 0.023 0.897 
151 NS_SS1007    (3)    3 :  0.026 0.427 0.002 0.023 0.013 0.492 0.018 
152 NS_SS0872    (5)    3 :  0.131 0.162 0.003 0.094 0.036 0.556 0.018 
153 NS_SS1005    (7)    3 :  0.150 0.139 0.001 0.483 0.024 0.138 0.064 
154 NS_SS0892    (6)    3 :  0.107 0.023 0.002 0.044 0.038 0.738 0.049 
155 NS_SS0898    (0)    3 :  0.072 0.022 0.007 0.019 0.828 0.043 0.010 
156 NS_SS0801    (9)    3 :  0.023 0.011 0.009 0.921 0.005 0.010 0.020 
157 NS_SS0827    (9)    3 :  0.219 0.020 0.121 0.079 0.440 0.063 0.059 
158 NS_SS0853    (7)    3 :  0.953 0.005 0.005 0.017 0.005 0.006 0.009 
159 NS_SS0780    (2)    3 :  0.041 0.035 0.003 0.788 0.006 0.081 0.045 
160 NS_SS0826   (10)    3 :  0.013 0.660 0.004 0.206 0.086 0.024 0.007 
161 NS_SS0818    (5)    3 :  0.022 0.092 0.002 0.023 0.024 0.807 0.030 
162 NS_SS0745    (1)    3 :  0.960 0.004 0.002 0.009 0.013 0.007 0.005 
163 NS_SS0849    (3)    3 :  0.020 0.032 0.001 0.392 0.024 0.033 0.498 
164 NS_SS0739    (3)    3 :  0.046 0.024 0.013 0.026 0.028 0.711 0.153 
165 NS_SS0799    (1)    3 :  0.022 0.045 0.001 0.017 0.090 0.028 0.797 
166 NS_SS0756    (3)    3 :  0.021 0.012 0.004 0.074 0.011 0.760 0.119 
167 NS_SS0802    (2)    3 :  0.008 0.337 0.193 0.212 0.010 0.220 0.019 
168 NS_SS0747    (6)    3 :  0.018 0.034 0.005 0.143 0.006 0.056 0.737 
169 NS_SS0835    (1)    3 :  0.009 0.321 0.001 0.062 0.025 0.571 0.010 
170 NS_SS0742   (19)    3 :  0.014 0.025 0.001 0.110 0.012 0.767 0.071 
171 NS_SS0760    (9)    3 :  0.015 0.010 0.051 0.140 0.730 0.046 0.008 
172 NS_SS0803    (4)    3 :  0.032 0.034 0.008 0.643 0.009 0.014 0.260 
173 NS_SS0828   (14)    3 :  0.051 0.014 0.001 0.038 0.109 0.025 0.763 
174 NS_SS0865    (2)    3 :  0.039 0.020 0.024 0.016 0.007 0.857 0.037 
175 NS_SS0759    (5)    3 :  0.075 0.014 0.005 0.404 0.016 0.381 0.105 
176 NS_SS0851    (5)    3 :  0.954 0.005 0.012 0.008 0.010 0.006 0.005 
177 NS_SS0874   (16)    3 :  0.014 0.017 0.001 0.008 0.005 0.005 0.950 
178 NS_SS0761    (6)    3 :  0.010 0.010 0.003 0.683 0.253 0.010 0.031 
179 NS_SS0842   (26)    3 :  0.492 0.260 0.009 0.026 0.169 0.017 0.026 
180 NS_SS0785    (6)    3 :  0.015 0.027 0.005 0.813 0.015 0.036 0.089 
181 NS_SS0860   (11)    3 :  0.016 0.125 0.002 0.128 0.008 0.684 0.038 
182 NS_SS0897    (7)    3 :  0.008 0.017 0.002 0.011 0.939 0.012 0.011 
183 NS_SS0841   (15)    3 :  0.573 0.013 0.004 0.065 0.062 0.046 0.237 
184 NS_SS0797    (7)    3 :  0.021 0.010 0.024 0.026 0.902 0.012 0.006 
185 NS_SS0830   (11)    3 :  0.110 0.100 0.003 0.052 0.220 0.078 0.437 
186 NS_SS1011    (5)    3 :  0.021 0.040 0.007 0.039 0.006 0.871 0.014 
187 NS_SS0883    (5)    3 :  0.043 0.027 0.005 0.097 0.015 0.018 0.796 
188 NS_SS0782    (2)    3 :  0.141 0.124 0.002 0.697 0.016 0.008 0.011 
189 NS_SS0831    (5)    3 :  0.020 0.046 0.003 0.519 0.133 0.020 0.259 
190 NS_SS0749    (7)    3 :  0.010 0.009 0.004 0.087 0.017 0.014 0.861 
191 NS_SS0854    (2)    3 :  0.012 0.475 0.003 0.389 0.027 0.011 0.084 
192 HI_SS0193    (0)    4 :  0.078 0.188 0.002 0.009 0.677 0.011 0.036 
193 HI_SS0194    (1)    4 :  0.526 0.411 0.002 0.022 0.017 0.012 0.009 
194 HI_SS0195   (10)    4 :  0.173 0.013 0.098 0.640 0.008 0.046 0.022 
195 HI_SS0196    (6)    4 :  0.405 0.023 0.003 0.497 0.018 0.008 0.045 
196 HI_SS0197    (3)    4 :  0.009 0.012 0.009 0.047 0.003 0.917 0.004 
197 HI_SS0198    (1)    4 :  0.026 0.009 0.009 0.019 0.028 0.020 0.889 
198 HI_SS0199    (1)    4 :  0.011 0.157 0.002 0.015 0.017 0.753 0.045 
199 HI_SS0201    (5)    4 :  0.008 0.056 0.002 0.020 0.871 0.024 0.018 
200 HI_SS0215    (1)    4 :  0.006 0.034 0.003 0.920 0.011 0.019 0.007 
201 HI_SS0218    (1)    4 :  0.019 0.008 0.006 0.008 0.945 0.008 0.006 
202 HI_SS0222    (0)    4 :  0.045 0.036 0.005 0.873 0.008 0.012 0.022 
203 HI_SS0230    (1)    4 :  0.039 0.014 0.006 0.467 0.013 0.269 0.192 
204 HI_SS0234    (2)    4 :  0.011 0.504 0.142 0.092 0.013 0.213 0.025 
205 HI_SS0240    (1)    4 :  0.544 0.047 0.010 0.048 0.016 0.309 0.026 
206 HI_SS0241    (0)    4 :  0.027 0.050 0.002 0.017 0.219 0.678 0.007 
207 HI_SS0242    (0)    4 :  0.057 0.039 0.003 0.078 0.403 0.318 0.102 
208 HI_SS0247    (0)    4 :  0.013 0.013 0.025 0.020 0.032 0.064 0.833 
209 HI_SS0248    (1)    4 :  0.009 0.100 0.001 0.014 0.783 0.009 0.083 
210 HI_SS0252    (2)    4 :  0.041 0.020 0.002 0.876 0.010 0.014 0.037 
211 HI_SS0254    (0)    4 :  0.006 0.231 0.095 0.023 0.335 0.224 0.086 
212 HI_SS0256    (0)    4 :  0.409 0.100 0.002 0.017 0.003 0.426 0.044 
213 HI_SS0257    (0)    4 :  0.007 0.159 0.004 0.063 0.024 0.399 0.343 
214 HI_SS0258    (1)    4 :  0.040 0.065 0.006 0.041 0.817 0.017 0.015 
215 HI_SS0259    (1)    4 :  0.020 0.043 0.003 0.007 0.021 0.886 0.021 
216 HI_SS0260    (1)    4 :  0.144 0.542 0.002 0.033 0.136 0.042 0.100 
217 HI_SS0261    (2)    4 :  0.079 0.761 0.003 0.024 0.049 0.047 0.037 
218 HI_SS0262    (0)    4 :  0.026 0.040 0.007 0.013 0.009 0.832 0.074 
219 HI_SS0264    (0)    4 :  0.680 0.028 0.004 0.196 0.034 0.028 0.030 
220 HI_SS0265    (0)    4 :  0.061 0.327 0.105 0.047 0.005 0.439 0.015 
221 HI_SS0268    (1)    4 :  0.111 0.008 0.003 0.048 0.752 0.066 0.012 
222 HI_SS0269    (0)    4 :  0.007 0.763 0.002 0.025 0.083 0.110 0.011 
223 HI_SS0273    (0)    4 :  0.016 0.030 0.002 0.011 0.623 0.306 0.012 
224 HI_SS0277    (1)    4 :  0.009 0.036 0.003 0.087 0.010 0.846 0.009 
225 HI_SS0280    (0)    4 :  0.269 0.020 0.006 0.289 0.174 0.029 0.212 
226 HI_SS0282    (1)    4 :  0.006 0.022 0.001 0.011 0.026 0.011 0.922 
227 HI_SS0286    (1)    4 :  0.017 0.142 0.007 0.739 0.061 0.017 0.018 
228 NS_SS1252    (3)    5 :  0.016 0.353 0.004 0.289 0.244 0.047 0.046 
229 NS_SS1261    (1)    5 :  0.039 0.159 0.024 0.251 0.026 0.376 0.125 
230 NS_SS1225   (10)    5 :  0.013 0.039 0.082 0.021 0.023 0.083 0.739 
231 NS_SS1266    (1)    5 :  0.539 0.019 0.010 0.041 0.007 0.317 0.067 
232 NS_SS1228    (0)    5 :  0.088 0.111 0.015 0.010 0.018 0.026 0.730 
233 NS_SS1255    (3)    5 :  0.107 0.828 0.001 0.015 0.013 0.009 0.026 
234 NS_SS1267    (3)    5 :  0.015 0.181 0.021 0.020 0.696 0.042 0.025 
235 NS_SS1238    (6)    5 :  0.016 0.011 0.003 0.013 0.926 0.012 0.019 
236 NS_SS1233    (8)    5 :  0.063 0.008 0.003 0.053 0.831 0.009 0.034 
237 NS_SS1277    (3)    5 :  0.022 0.032 0.001 0.006 0.922 0.007 0.010 
238 NS_SS1245    (1)    5 :  0.031 0.112 0.002 0.493 0.079 0.017 0.265 
239 NS_SS1240    (4)    5 :  0.006 0.186 0.002 0.757 0.031 0.011 0.007 
240 NS_SS1275    (2)    5 :  0.099 0.200 0.003 0.016 0.007 0.670 0.005 
241 NS_SS1235    (1)    5 :  0.035 0.912 0.005 0.010 0.012 0.020 0.007 
242 NS_SS1263    (1)    5 :  0.265 0.138 0.001 0.016 0.018 0.008 0.554 
243 NS_SS1251    (2)    5 :  0.024 0.829 0.001 0.080 0.011 0.009 0.045 
244 NS_SS1248    (0)    5 :  0.037 0.005 0.112 0.094 0.725 0.010 0.018 
245 NS_SS1244    (0)    5 :  0.010 0.036 0.005 0.009 0.742 0.169 0.029 
246 NS_SS1257    (1)    5 :  0.020 0.201 0.040 0.265 0.341 0.070 0.063 
247 NS_SS1242    (2)    5 :  0.717 0.153 0.003 0.053 0.011 0.048 0.016 
248 NS_SS1271    (6)    5 :  0.011 0.013 0.034 0.011 0.901 0.012 0.018 
249 NS_SS1265    (1)    5 :  0.044 0.024 0.015 0.805 0.088 0.016 0.009 
250 NS_SS1243    (0)    5 :  0.249 0.008 0.092 0.472 0.076 0.027 0.077 
251 NS_SS1273    (1)    5 :  0.863 0.011 0.011 0.007 0.015 0.089 0.003 
252 NS_SS1254   (14)    5 :  0.810 0.030 0.006 0.010 0.007 0.112 0.025 
253 NS_SS1224    (1)    5 :  0.043 0.019 0.009 0.588 0.008 0.064 0.268 
254 NS_SS1227    (8)    5 :  0.173 0.282 0.002 0.009 0.021 0.469 0.044 
255 NS_SS1274    (9)    5 :  0.030 0.016 0.012 0.013 0.035 0.006 0.888 
256 NS_SS1241    (1)    5 :  0.008 0.011 0.001 0.007 0.945 0.014 0.014 
257 NS_SS1256    (3)    5 :  0.138 0.053 0.042 0.248 0.278 0.233 0.008 
258 NS_SS1260    (8)    5 :  0.025 0.421 0.087 0.072 0.043 0.276 0.076 
259 NS_SS1262    (0)    5 :  0.066 0.296 0.187 0.056 0.139 0.091 0.165 
260 NS_SS1230    (0)    5 :  0.188 0.014 0.009 0.124 0.604 0.024 0.036 
261 NS_SS1270    (2)    5 :  0.008 0.007 0.002 0.898 0.009 0.017 0.058 
262 NS_SS1229    (2)    5 :  0.008 0.704 0.004 0.028 0.004 0.229 0.023 
263 NS_SS1246    (5)    5 :  0.009 0.934 0.003 0.008 0.019 0.009 0.018 
264 NS_SS1269    (0)    5 :  0.116 0.020 0.002 0.539 0.057 0.255 0.010 
265 NS_SS1239    (1)    5 :  0.011 0.023 0.004 0.010 0.007 0.207 0.738 
266 NS_SS1272    (5)    5 :  0.013 0.896 0.006 0.016 0.009 0.056 0.004 
267 NS_SS1268    (1)    5 :  0.050 0.010 0.002 0.013 0.013 0.019 0.892 
268 NS_SS1249    (1)    5 :  0.049 0.292 0.014 0.036 0.560 0.032 0.016 
269 HI_SS0559    (0)    6 :  0.106 0.025 0.002 0.046 0.112 0.010 0.699 
270 HI_SS0563    (1)    6 :  0.028 0.087 0.003 0.394 0.249 0.051 0.187 
271 HI_SS0564    (0)    6 :  0.027 0.070 0.042 0.012 0.014 0.056 0.779 
272 HI_SS0565    (0)    6 :  0.025 0.751 0.003 0.034 0.016 0.154 0.017 
273 HI_SS0569    (1)    6 :  0.005 0.016 0.002 0.827 0.105 0.013 0.031 
274 HI_SS0570    (0)    6 :  0.031 0.111 0.036 0.026 0.748 0.033 0.015 
275 HI_SS0572    (1)    6 :  0.026 0.935 0.002 0.010 0.004 0.009 0.014 
276 HI_SS0576    (1)    6 :  0.198 0.016 0.006 0.039 0.073 0.158 0.510 
277 HI_SS0579    (1)    6 :  0.007 0.072 0.014 0.134 0.031 0.010 0.732 
278 HI_SS0580    (1)    6 :  0.396 0.126 0.005 0.159 0.073 0.177 0.065 
279 HI_SS0581    (0)    6 :  0.115 0.120 0.067 0.076 0.006 0.600 0.017 
280 HI_SS0583    (1)    6 :  0.053 0.793 0.003 0.084 0.029 0.031 0.008 
281 HI_SS0586    (1)    6 :  0.019 0.017 0.001 0.066 0.869 0.009 0.020 
282 HI_SS0588    (1)    6 :  0.018 0.013 0.014 0.768 0.128 0.045 0.014 
283 HI_SS0595    (4)    6 :  0.042 0.034 0.027 0.021 0.643 0.207 0.025 
284 HI_SS0596    (0)    6 :  0.071 0.894 0.002 0.006 0.005 0.007 0.015 
285 HI_SS0597    (1)    6 :  0.168 0.165 0.003 0.555 0.020 0.071 0.018 
286 HI_SS0600    (0)    6 :  0.007 0.011 0.003 0.038 0.019 0.900 0.023 
287 HI_SS0601    (1)    6 :  0.003 0.018 0.010 0.010 0.009 0.009 0.940 
288 HI_SS0602    (1)    6 :  0.022 0.008 0.002 0.893 0.013 0.050 0.012 
289 HI_SS0604    (0)    6 :  0.016 0.029 0.002 0.914 0.012 0.005 0.023 
290 HI_SS0605    (1)    6 :  0.022 0.012 0.006 0.803 0.017 0.126 0.013 
291 HI_SS0608    (0)    6 :  0.419 0.071 0.001 0.008 0.136 0.010 0.354 
292 HI_SS0609    (0)    6 :  0.119 0.083 0.001 0.283 0.031 0.405 0.078 
293 HI_SS0611    (5)    6 :  0.115 0.020 0.003 0.037 0.027 0.011 0.787 
294 HI_SS0612    (0)    6 :  0.007 0.014 0.005 0.013 0.012 0.893 0.057 
295 HI_SS0613    (1)    6 :  0.129 0.013 0.002 0.431 0.022 0.062 0.341 
296 HI_SS0615    (1)    6 :  0.061 0.016 0.012 0.011 0.011 0.357 0.533 
297 HI_SS0001    (1)    6 :  0.199 0.041 0.004 0.087 0.159 0.499 0.012 
298 HI_SS0002    (1)    6 :  0.017 0.138 0.025 0.024 0.008 0.770 0.017 
299 HI_SS0004    (0)    6 :  0.531 0.270 0.006 0.020 0.150 0.015 0.009 
300 HI_SS0005    (1)    6 :  0.057 0.010 0.006 0.116 0.295 0.396 0.120 
301 HI_SS0006    (1)    6 :  0.009 0.019 0.002 0.469 0.018 0.420 0.063 
302 HI_SS0007    (1)    6 :  0.022 0.015 0.003 0.033 0.885 0.009 0.033 
303 HI_SS0008    (0)    6 :  0.011 0.062 0.038 0.073 0.033 0.730 0.054 
304 HI_SS0009    (0)    6 :  0.429 0.061 0.004 0.034 0.032 0.008 0.432 
305 HI_SS0010    (1)    6 :  0.026 0.052 0.003 0.022 0.766 0.069 0.062 
306 HI_SS0011    (1)    6 :  0.128 0.239 0.102 0.078 0.238 0.178 0.037 
307 HI_SS0012    (0)    6 :  0.024 0.057 0.008 0.050 0.007 0.185 0.669 
308 HI_SS0017    (1)    6 :  0.700 0.274 0.002 0.005 0.009 0.006 0.004 
309 HI_SS0021    (1)    6 :  0.061 0.422 0.230 0.071 0.098 0.111 0.006 
310 HI_SS0024    (1)    6 :  0.330 0.077 0.002 0.016 0.076 0.487 0.014 
311 HI_SS0025    (1)    6 :  0.886 0.046 0.003 0.026 0.008 0.010 0.020 
312 HI_SS0027    (0)    6 :  0.005 0.007 0.009 0.011 0.054 0.004 0.909 
313 HI_SS0028    (0)    6 :  0.635 0.011 0.002 0.027 0.013 0.279 0.033 
314 HI_SS0029    (1)    6 :  0.694 0.152 0.009 0.030 0.022 0.010 0.084 
315 HI_SS0030    (2)    6 :  0.045 0.418 0.005 0.148 0.083 0.117 0.184 
316 HI_SS0031    (0)    6 :  0.017 0.050 0.003 0.144 0.044 0.715 0.026 
317 HI_SS0034    (0)    6 :  0.010 0.017 0.003 0.785 0.069 0.011 0.104 
318 HI_SS0036    (0)    6 :  0.017 0.011 0.016 0.023 0.844 0.076 0.013 
319 HI_SS0037    (1)    6 :  0.237 0.028 0.004 0.055 0.611 0.029 0.036 
320 HI_SS0039    (0)    6 :  0.099 0.027 0.003 0.069 0.595 0.193 0.013 
321 HI_SS0041    (1)    6 :  0.883 0.030 0.002 0.013 0.004 0.022 0.047 
322 HI_SS0042    (1)    6 :  0.208 0.171 0.122 0.373 0.011 0.088 0.028 
323 HI_SS0043    (1)    6 :  0.008 0.016 0.003 0.013 0.874 0.015 0.071 
324 HI_SS0044    (1)    6 :  0.847 0.024 0.003 0.014 0.095 0.011 0.006 
325 HI_SS0047    (1)    6 :  0.010 0.027 0.003 0.878 0.007 0.027 0.047 
326 HI_SS0049    (1)    6 :  0.706 0.128 0.004 0.029 0.071 0.023 0.038 
327 HI_SS0051    (1)    6 :  0.018 0.013 0.002 0.923 0.014 0.007 0.022 
328 HI_SS0053    (1)    6 :  0.040 0.369 0.006 0.052 0.128 0.292 0.113 
329 HI_SS0054    (4)    6 :  0.009 0.058 0.004 0.056 0.809 0.017 0.046 
330 HI_SS0057    (0)    6 :  0.097 0.071 0.004 0.157 0.130 0.136 0.405 
331 HI_SS0058    (0)    6 :  0.090 0.674 0.007 0.101 0.032 0.021 0.075 
332 HI_SS0060    (0)    6 :  0.012 0.017 0.100 0.010 0.580 0.244 0.038 
333 HI_SS0087    (1)    6 :  0.007 0.205 0.002 0.652 0.062 0.050 0.021 
334 HI_SS0091    (1)    6 :  0.006 0.012 0.001 0.048 0.025 0.885 0.022 
335 HI_SS0095    (1)    6 :  0.012 0.394 0.044 0.026 0.008 0.448 0.067 
336 HI_SS0097    (3)    6 :  0.006 0.011 0.003 0.035 0.010 0.009 0.926 
337 HI_SS0099    (1)    6 :  0.678 0.073 0.003 0.022 0.020 0.196 0.008 
338 HI_SS0103    (0)    6 :  0.040 0.413 0.004 0.017 0.006 0.506 0.015 
339 HI_SS0105    (1)    6 :  0.009 0.147 0.034 0.264 0.017 0.331 0.199 
340 HI_SS0107    (1)    6 :  0.045 0.810 0.001 0.025 0.006 0.085 0.027 
341 HI_SS0108    (1)    6 :  0.006 0.028 0.026 0.073 0.834 0.008 0.024 
342 HI_SS0110    (0)    6 :  0.064 0.471 0.001 0.010 0.008 0.429 0.017 
343 HI_SS0111    (1)    6 :  0.016 0.023 0.028 0.107 0.011 0.790 0.026 
344 HI_SS0112    (0)    6 :  0.005 0.005 0.001 0.005 0.970 0.006 0.008 
345 HI_SS0113    (1)    6 :  0.068 0.041 0.003 0.850 0.006 0.021 0.011 
346 HI_SS0114    (1)    6 :  0.047 0.013 0.006 0.691 0.182 0.042 0.018 
347 HI_SS0115    (1)    6 :  0.427 0.011 0.017 0.017 0.021 0.027 0.479 
348 HI_SS0116    (4)    6 :  0.079 0.831 0.003 0.016 0.016 0.006 0.049 
349 HI_SS0117    (0)    6 :  0.011 0.698 0.002 0.068 0.201 0.013 0.008 
350 HI_SS0118    (0)    6 :  0.047 0.575 0.011 0.249 0.032 0.067 0.019 
351 HI_SS0119    (1)    6 :  0.005 0.030 0.002 0.008 0.019 0.451 0.486 
352 HI_SS0120    (1)    6 :  0.526 0.432 0.003 0.008 0.008 0.017 0.007 
353 HI_SS0121    (0)    6 :  0.155 0.011 0.002 0.108 0.006 0.684 0.035 
354 HI_SS0122    (2)    6 :  0.023 0.032 0.018 0.012 0.058 0.849 0.008 
355 HI_SS0123    (0)    6 :  0.049 0.052 0.005 0.024 0.007 0.567 0.295 
356 HI_SS0124    (1)    6 :  0.831 0.023 0.003 0.010 0.014 0.046 0.072 
357 HI_SS0125    (1)    6 :  0.050 0.008 0.033 0.049 0.006 0.844 0.010 
358 HI_SS0126    (0)    6 :  0.018 0.011 0.001 0.005 0.950 0.010 0.005 
359 HI_SS0127    (0)    6 :  0.090 0.014 0.009 0.236 0.052 0.016 0.583 
360 HI_SS0128    (0)    6 :  0.217 0.076 0.004 0.029 0.058 0.591 0.025 
361 HI_SS0129    (1)    6 :  0.128 0.050 0.013 0.508 0.269 0.020 0.012 
362 HI_SS0131    (2)    6 :  0.011 0.003 0.026 0.006 0.932 0.017 0.006 
363 HI_SS0132    (0)    6 :  0.085 0.021 0.001 0.045 0.156 0.639 0.053 
364 HI_SS0133    (1)    6 :  0.003 0.006 0.001 0.003 0.982 0.003 0.003 
365 HI_SS0134    (1)    6 :  0.049 0.148 0.002 0.428 0.142 0.199 0.032 
366 HI_SS0142    (3)    6 :  0.016 0.015 0.013 0.732 0.007 0.205 0.012 
367 HI_SS0145    (0)    6 :  0.019 0.032 0.002 0.021 0.035 0.063 0.828 
368 HI_SS0146    (1)    6 :  0.010 0.012 0.001 0.007 0.948 0.014 0.008 
369 HI_SS0147    (1)    6 :  0.052 0.017 0.027 0.705 0.006 0.115 0.079 
370 HI_SS0149    (1)    6 :  0.011 0.009 0.003 0.006 0.062 0.901 0.008 
371 HI_SS0150    (2)    6 :  0.763 0.063 0.005 0.037 0.045 0.059 0.029 
372 HI_SS0151    (0)    6 :  0.010 0.143 0.010 0.083 0.060 0.014 0.680 
373 NS_SS1451    (1)    6 :  0.723 0.012 0.004 0.017 0.015 0.158 0.072 
374 NS_SS1404    (0)    6 :  0.744 0.063 0.013 0.021 0.015 0.110 0.033 
375 NS_SS1432    (2)    6 :  0.367 0.014 0.044 0.020 0.006 0.520 0.029 
376 NS_SS1405    (5)    6 :  0.667 0.109 0.003 0.075 0.117 0.018 0.011 
377 NS_SS1431   (10)    6 :  0.429 0.460 0.001 0.017 0.012 0.071 0.011 
378 NS_SS1402    (3)    6 :  0.071 0.503 0.003 0.032 0.031 0.246 0.114 
379 NS_SS1450    (3)    6 :  0.291 0.425 0.004 0.071 0.125 0.031 0.053 
380 NS_SS1396    (0)    6 :  0.033 0.065 0.007 0.077 0.047 0.588 0.184 
381 NS_SS1393    (5)    6 :  0.020 0.088 0.003 0.565 0.011 0.107 0.205 
382 NS_SS1392   (10)    6 :  0.531 0.372 0.021 0.022 0.013 0.022 0.019 
383 NS_SS1445    (0)    6 :  0.026 0.067 0.011 0.271 0.035 0.514 0.076 
384 NS_SS1423    (0)    6 :  0.008 0.534 0.001 0.008 0.106 0.331 0.012 
385 NS_SS1421    (9)    6 :  0.023 0.024 0.087 0.005 0.775 0.022 0.065 
386 NS_SS1411    (6)    6 :  0.089 0.096 0.002 0.402 0.358 0.008 0.045 
387 NS_SS1453    (6)    6 :  0.037 0.190 0.006 0.472 0.085 0.095 0.115 
388 NS_SS1442    (3)    6 :  0.029 0.348 0.004 0.547 0.029 0.027 0.016 
389 NS_SS1422    (1)    6 :  0.009 0.066 0.011 0.008 0.009 0.047 0.851 
390 NS_SS1419    (1)    6 :  0.433 0.012 0.151 0.038 0.023 0.014 0.329 
391 NS_SS1427    (0)    6 :  0.009 0.032 0.002 0.009 0.931 0.011 0.005 
392 NS_SS1444    (4)    6 :  0.564 0.025 0.003 0.373 0.009 0.012 0.014 
393 NS_SS1455    (0)    6 :  0.439 0.295 0.002 0.127 0.017 0.025 0.094 
394 NS_SS1425    (2)    6 :  0.005 0.056 0.002 0.015 0.811 0.008 0.105 
395 NS_SS1400    (0)    6 :  0.064 0.035 0.002 0.115 0.734 0.016 0.035 
396 NS_SS1406    (2)    6 :  0.045 0.088 0.012 0.088 0.009 0.192 0.566 
397 NS_SS1417    (6)    6 :  0.563 0.064 0.008 0.024 0.281 0.038 0.023 
398 NS_SS1454    (3)    6 :  0.598 0.057 0.002 0.035 0.268 0.030 0.011 
399 NS_SS1412    (1)    6 :  0.099 0.577 0.030 0.113 0.054 0.096 0.031 
400 NS_SS1438    (1)    6 :  0.012 0.076 0.001 0.753 0.067 0.012 0.078 
401 NS_SS1416    (4)    6 :  0.216 0.021 0.007 0.420 0.004 0.056 0.276 
402 NS_SS1401    (0)    6 :  0.016 0.045 0.015 0.063 0.050 0.792 0.019 
403 NS_SS1424    (6)    6 :  0.033 0.150 0.014 0.095 0.143 0.502 0.063 
404 NS_SS1435   (10)    6 :  0.061 0.098 0.003 0.121 0.676 0.033 0.009 
405 NS_SS1447    (4)    6 :  0.315 0.048 0.009 0.566 0.022 0.025 0.016 
406 NS_SS1414    (3)    6 :  0.942 0.007 0.006 0.014 0.013 0.007 0.011 
407 NS_SS1449   (14)    6 :  0.007 0.008 0.004 0.009 0.007 0.035 0.931 
408 NS_SS1443    (4)    6 :  0.013 0.109 0.003 0.017 0.189 0.109 0.560 
409 NS_SS1434    (1)    6 :  0.213 0.553 0.001 0.014 0.136 0.068 0.016 
410 NS_SS1398    (1)    6 :  0.409 0.039 0.032 0.091 0.378 0.032 0.020 
411 NS_SS1426    (1)    6 :  0.016 0.241 0.002 0.116 0.373 0.164 0.089 
412 NS_SS1413    (0)    6 :  0.012 0.040 0.012 0.005 0.920 0.007 0.006 
413 NS_SS1395    (1)    6 :  0.011 0.219 0.009 0.148 0.031 0.522 0.060 
414 NS_SS1448   (10)    6 :  0.051 0.006 0.002 0.008 0.921 0.006 0.006 
415 NS_SS1446    (0)    6 :  0.014 0.045 0.003 0.081 0.009 0.844 0.005 
416 NS_SS1403    (2)    6 :  0.016 0.101 0.005 0.012 0.008 0.839 0.019 
417 NS_SS1415    (0)    6 :  0.009 0.006 0.009 0.014 0.936 0.010 0.017 
418 NS_SS1437    (4)    6 :  0.390 0.403 0.010 0.016 0.058 0.105 0.017 
419 NS_SS1439    (2)    6 :  0.008 0.016 0.002 0.946 0.004 0.017 0.007 
420 NS_SS1441    (3)    6 :  0.121 0.265 0.003 0.058 0.385 0.072 0.096 
421 NS_SS1420    (2)    6 :  0.248 0.005 0.003 0.017 0.011 0.013 0.703 
422 NS_SS1394    (2)    6 :  0.781 0.009 0.036 0.011 0.008 0.023 0.132 
423 NS_SS1391    (7)    6 :  0.013 0.903 0.010 0.014 0.029 0.024 0.007 
424 NS_SS1410    (5)    6 :  0.084 0.142 0.013 0.295 0.105 0.348 0.013 
425 NS_SS1408    (1)    6 :  0.016 0.029 0.057 0.714 0.017 0.157 0.010 
426 NS_SS1409    (1)    6 :  0.062 0.453 0.003 0.317 0.014 0.118 0.032 
427 HI_SS0617    (1)    7 :  0.140 0.449 0.001 0.068 0.006 0.252 0.084 
428 HI_SS0618    (2)    7 :  0.074 0.006 0.003 0.107 0.010 0.017 0.783 
429 HI_SS0619    (0)    7 :  0.889 0.019 0.004 0.016 0.021 0.024 0.027 
430 HI_SS0620    (1)    7 :  0.007 0.008 0.003 0.007 0.939 0.006 0.030 
431 HI_SS0621    (3)    7 :  0.801 0.062 0.019 0.019 0.015 0.037 0.047 
432 HI_SS0622    (1)    7 :  0.198 0.104 0.017 0.031 0.497 0.060 0.093 
433 HI_SS0626    (0)    7 :  0.788 0.013 0.008 0.019 0.027 0.128 0.018 
434 HI_SS0627    (0)    7 :  0.009 0.044 0.008 0.629 0.012 0.281 0.017 
435 HI_SS0628    (3)    7 :  0.083 0.040 0.064 0.051 0.618 0.126 0.017 
436 HI_SS0629    (1)    7 :  0.095 0.458 0.007 0.051 0.082 0.225 0.082 
437 HI_SS0630    (1)    7 :  0.268 0.014 0.062 0.054 0.545 0.013 0.044 
438 HI_SS0631    (0)    7 :  0.019 0.032 0.001 0.023 0.859 0.019 0.047 
439 HI_SS0632    (0)    7 :  0.028 0.010 0.004 0.255 0.537 0.020 0.145 
440 HI_SS0633    (0)    7 :  0.774 0.151 0.004 0.021 0.006 0.012 0.031 
441 HI_SS0634    (1)    7 :  0.010 0.007 0.002 0.015 0.009 0.950 0.007 
442 HI_SS0635    (0)    7 :  0.529 0.016 0.009 0.350 0.041 0.035 0.020 
443 HI_SS0637    (1)    7 :  0.006 0.010 0.003 0.949 0.003 0.015 0.015 
444 HI_SS0638    (0)    7 :  0.058 0.048 0.001 0.038 0.336 0.440 0.078 
445 HI_SS0639    (1)    7 :  0.240 0.037 0.055 0.203 0.013 0.331 0.120 
446 HI_SS0640    (1)    7 :  0.025 0.029 0.002 0.586 0.037 0.062 0.260 
447 HI_SS0641    (1)    7 :  0.310 0.023 0.004 0.407 0.146 0.020 0.091 
448 HI_SS0642    (0)    7 :  0.015 0.158 0.003 0.021 0.023 0.730 0.051 
449 HI_SS0645    (0)    7 :  0.063 0.006 0.001 0.004 0.008 0.007 0.911 
450 HI_SS0646    (1)    7 :  0.020 0.359 0.003 0.503 0.012 0.091 0.013 
451 HI_SS0647    (1)    7 :  0.095 0.025 0.001 0.035 0.798 0.031 0.014 
452 HI_SS0648    (0)    7 :  0.207 0.067 0.003 0.026 0.033 0.025 0.639 
453 HI_SS0649    (1)    7 :  0.051 0.215 0.002 0.484 0.021 0.196 0.032 
454 HI_SS0650    (1)    7 :  0.067 0.087 0.004 0.796 0.007 0.022 0.017 
455 HI_SS0651    (1)    7 :  0.019 0.040 0.004 0.019 0.013 0.039 0.867 
456 HI_SS0652    (1)    7 :  0.584 0.017 0.003 0.340 0.025 0.013 0.019 
457 NS_SS1371    (3)    7 :  0.010 0.462 0.005 0.065 0.011 0.439 0.008 
458 NS_SS1374    (0)    7 :  0.241 0.195 0.003 0.021 0.285 0.232 0.022 
459 NS_SS1337    (3)    7 :  0.280 0.141 0.004 0.104 0.034 0.406 0.033 
460 NS_SS1385    (5)    7 :  0.010 0.958 0.005 0.008 0.005 0.009 0.005 
461 NS_SS1388    (0)    7 :  0.886 0.008 0.008 0.017 0.042 0.033 0.007 
462 NS_SS1370    (1)    7 :  0.006 0.005 0.007 0.012 0.010 0.009 0.951 
463 NS_SS1389    (3)    7 :  0.962 0.012 0.004 0.006 0.006 0.006 0.005 
464 NS_SS1360    (1)    7 :  0.010 0.012 0.005 0.130 0.075 0.024 0.745 
465 NS_SS1330    (0)    7 :  0.069 0.010 0.004 0.718 0.004 0.134 0.062 
466 NS_SS1328    (9)    7 :  0.084 0.359 0.002 0.012 0.488 0.045 0.009 
467 NS_SS1384    (1)    7 :  0.013 0.473 0.005 0.422 0.017 0.021 0.050 
468 NS_SS1381    (0)    7 :  0.036 0.493 0.001 0.009 0.006 0.126 0.329 
469 NS_SS1375    (1)    7 :  0.911 0.012 0.001 0.023 0.016 0.017 0.019 
470 NS_SS1319   (11)    7 :  0.096 0.042 0.106 0.070 0.093 0.559 0.035 
471 NS_SS1326    (2)    7 :  0.009 0.010 0.007 0.005 0.957 0.006 0.005 
472 NS_SS1341    (1)    7 :  0.009 0.066 0.004 0.483 0.008 0.417 0.013 
473 NS_SS1383    (2)    7 :  0.011 0.069 0.004 0.434 0.157 0.288 0.036 
474 NS_SS1318    (3)    7 :  0.126 0.070 0.018 0.703 0.030 0.031 0.022 
475 NS_SS1348    (2)    7 :  0.005 0.023 0.002 0.047 0.897 0.016 0.010 
476 NS_SS1363    (0)    7 :  0.021 0.029 0.004 0.454 0.025 0.041 0.425 
477 NS_SS1335    (4)    7 :  0.016 0.009 0.034 0.033 0.624 0.033 0.252 
478 NS_SS1358    (0)    7 :  0.008 0.025 0.019 0.099 0.182 0.184 0.484 
479 NS_SS1342    (1)    7 :  0.007 0.914 0.001 0.010 0.012 0.047 0.009 
480 NS_SS1320    (3)    7 :  0.598 0.334 0.006 0.007 0.007 0.031 0.016 
481 NS_SS1355    (1)    7 :  0.019 0.027 0.009 0.908 0.004 0.009 0.024 
482 NS_SS1345    (1)    7 :  0.068 0.251 0.025 0.184 0.048 0.021 0.403 
483 NS_SS1324    (0)    7 :  0.026 0.146 0.003 0.112 0.420 0.097 0.196 
484 NS_SS1347    (5)    7 :  0.014 0.099 0.004 0.053 0.013 0.024 0.792 
485 NS_SS1321    (4)    7 :  0.005 0.009 0.001 0.008 0.030 0.933 0.014 
486 NS_SS1333    (0)    7 :  0.010 0.075 0.002 0.004 0.033 0.873 0.003 
487 NS_SS1364    (1)    7 :  0.010 0.150 0.003 0.091 0.698 0.011 0.037 
488 NS_SS1379    (0)    7 :  0.011 0.018 0.045 0.008 0.007 0.006 0.904 
489 NS_SS1332    (0)    7 :  0.035 0.018 0.007 0.015 0.908 0.013 0.004 
490 NS_SS1338    (5)    7 :  0.011 0.011 0.007 0.012 0.006 0.029 0.923 
491 NS_SS1368    (6)    7 :  0.035 0.142 0.007 0.102 0.623 0.084 0.008 
492 NS_SS1354    (1)    7 :  0.060 0.214 0.013 0.175 0.046 0.456 0.035 
493 NS_SS1365    (0)    7 :  0.480 0.089 0.013 0.253 0.093 0.036 0.035 
494 NS_SS1380    (1)    7 :  0.815 0.050 0.019 0.026 0.005 0.072 0.012 
495 NS_SS1329    (8)    7 :  0.009 0.256 0.003 0.010 0.047 0.663 0.013 
496 NS_SS1362    (0)    7 :  0.023 0.515 0.005 0.327 0.021 0.066 0.042 
497 NS_SS1327    (2)    7 :  0.003 0.015 0.004 0.010 0.953 0.010 0.005 
498 NS_SS1350    (0)    7 :  0.109 0.054 0.010 0.022 0.007 0.785 0.013 
499 NS_SS1387    (2)    7 :  0.027 0.013 0.003 0.670 0.009 0.017 0.261 
500 NS_SS1369    (8)    7 :  0.008 0.007 0.004 0.011 0.903 0.013 0.054 
501 NS_SS1331    (1)    7 :  0.674 0.037 0.010 0.025 0.204 0.022 0.027 
502 NS_SS1357    (5)    7 :  0.023 0.744 0.003 0.016 0.028 0.122 0.063 
503 NS_SS1386    (1)    7 :  0.005 0.010 0.003 0.006 0.958 0.013 0.005 
504 NS_SS1353    (2)    7 :  0.425 0.480 0.004 0.029 0.014 0.039 0.010 
505 NS_SS1323    (0)    7 :  0.095 0.226 0.074 0.015 0.007 0.551 0.031 
506 HI_SS0296    (0)    8 :  0.007 0.010 0.002 0.010 0.027 0.007 0.937 
507 HI_SS0297    (0)    8 :  0.059 0.128 0.001 0.040 0.610 0.079 0.084 
508 HI_SS0299    (0)    8 :  0.006 0.060 0.026 0.816 0.069 0.007 0.016 
509 HI_SS0300    (0)    8 :  0.008 0.006 0.001 0.094 0.036 0.006 0.848 
510 HI_SS0301    (0)    8 :  0.014 0.011 0.004 0.917 0.021 0.022 0.011 
511 HI_SS0302    (0)    8 :  0.018 0.009 0.023 0.015 0.871 0.012 0.052 
512 HI_SS0303    (0)    8 :  0.023 0.013 0.006 0.009 0.900 0.014 0.035 
513 HI_SS0304    (0)    8 :  0.767 0.015 0.002 0.063 0.068 0.066 0.018 
514 HI_SS0306    (5)    8 :  0.007 0.006 0.003 0.008 0.965 0.005 0.007 
