   NS_SS0963  1 0.0040 0.1039 0.0134 0.0841 0.0164 0.0102 0.3734 0.3823 0.0123 
   NS_SS0983  1 0.0035 0.0090 0.0081 0.0178 0.7260 0.0121 0.0076 0.0046 0.2114 
   NS_SS0719  1 0.0043 0.0224 0.0157 0.0617 0.0082 0.8589 0.0083 0.0061 0.0143 
   NS_SS1001  1 0.0066 0.0420 0.4393 0.1188 0.1663 0.0839 0.0374 0.0921 0.0136 
   NS_SS0936  1 0.0026 0.7876 0.0107 0.0617 0.0171 0.0457 0.0542 0.0099 0.0105 
   NS_SS0955  1 0.0039 0.0622 0.1088 0.2605 0.0147 0.1284 0.0339 0.2925 0.0951 
   NS_SS0944  1 0.0020 0.0371 0.5799 0.1625 0.0341 0.0179 0.0404 0.1109 0.0152 
   NS_SS0945  1 0.0112 0.0688 0.4124 0.0071 0.0252 0.0405 0.0347 0.1829 0.2172 
   NS_SS0922  1 0.0190 0.0149 0.0066 0.0202 0.0139 0.8143 0.0318 0.0526 0.0266 
   NS_SS0929  1 0.0024 0.0590 0.0178 0.0275 0.0393 0.0196 0.2680 0.0107 0.5557 
   NS_SS0956  1 0.0032 0.0249 0.0324 0.0320 0.0848 0.5613 0.2111 0.0421 0.0081 
   NS_SS0906  1 0.0047 0.0166 0.0144 0.3762 0.2256 0.0401 0.2557 0.0378 0.0289 
   NS_SS0721  1 0.0071 0.0539 0.0094 0.1947 0.3337 0.1568 0.1905 0.0274 0.0266 
   NS_SS0982  1 0.0167 0.0292 0.0063 0.5124 0.0089 0.1466 0.0343 0.2358 0.0098 
   NS_SS0923  1 0.0049 0.0342 0.0119 0.0476 0.0250 0.7655 0.0229 0.0800 0.0080 
   NS_SS0905  1 0.0018 0.0081 0.0379 0.1732 0.4084 0.1132 0.0440 0.0149 0.1984 
   NS_SS0925  1 0.0052 0.0587 0.0070 0.5603 0.0974 0.1910 0.0134 0.0559 0.0110 
   NS_SS0947  1 0.0048 0.0908 0.0223 0.0192 0.0088 0.2119 0.3477 0.2713 0.0231 
   NS_SS0926  1 0.0012 0.4848 0.2313 0.0534 0.0081 0.0210 0.0091 0.0082 0.1829 
   NS_SS0918  1 0.0033 0.1785 0.0536 0.0129 0.6678 0.0159 0.0279 0.0342 0.0058 
   NS_SS0966  1 0.0699 0.0497 0.0662 0.0563 0.1762 0.0527 0.0792 0.3834 0.0664 
   NS_SS0938  1 0.0019 0.9161 0.0101 0.0103 0.0064 0.0177 0.0126 0.0142 0.0106 
   NS_SS0917  1 0.0285 0.0126 0.0112 0.4437 0.0140 0.3216 0.0241 0.1243 0.0200 
   NS_SS0957  1 0.0076 0.2858 0.0155 0.1345 0.2726 0.0219 0.1949 0.0500 0.0172 
   NS_SS0987  1 0.2271 0.0109 0.0128 0.1236 0.0356 0.5611 0.0203 0.0043 0.0043 
   NS_SS0717  1 0.0023 0.0082 0.0269 0.1359 0.0531 0.1459 0.2794 0.3254 0.0229 
   NS_SS0986  1 0.0036 0.0157 0.0242 0.0140 0.0177 0.0175 0.8561 0.0262 0.0249 
   NS_SS0953  1 0.0177 0.0051 0.0169 0.0076 0.1155 0.0124 0.4604 0.3472 0.0172 
   NS_SS0907  1 0.0509 0.0233 0.0373 0.0295 0.0363 0.0944 0.2353 0.4581 0.0349 
   NS_SS0974  1 0.0046 0.0897 0.0317 0.1032 0.0372 0.0174 0.0139 0.0380 0.6642 
   NS_SS0989  1 0.0011 0.1969 0.0233 0.0139 0.0523 0.0304 0.0191 0.0108 0.6524 
   NS_SS0991  1 0.0021 0.0119 0.1304 0.6288 0.1278 0.0110 0.0279 0.0228 0.0373 
   NS_SS0994  1 0.0027 0.0136 0.1773 0.0801 0.0083 0.0126 0.0085 0.0105 0.6864 
   NS_SS0931  1 0.0118 0.0704 0.7307 0.0317 0.0146 0.0359 0.0930 0.0058 0.0061 
   NS_SS1000  1 0.0032 0.0057 0.0085 0.0162 0.0051 0.0104 0.9354 0.0115 0.0040 
   NS_SS0919  1 0.0023 0.0275 0.0108 0.8591 0.0035 0.0248 0.0567 0.0069 0.0085 
   NS_SS0949  1 0.0014 0.0241 0.7370 0.1363 0.0143 0.0282 0.0210 0.0145 0.0233 
   NS_SS0960  1 0.0078 0.0209 0.3181 0.0613 0.0528 0.1150 0.1092 0.0547 0.2601 
   NS_SS0716  1 0.0085 0.0185 0.0186 0.0143 0.0318 0.0455 0.0180 0.8318 0.0132 
   NS_SS0924  1 0.0152 0.0107 0.0183 0.2170 0.0096 0.6729 0.0100 0.0306 0.0156 
   NS_SS0935  1 0.0071 0.0063 0.0230 0.9156 0.0137 0.0069 0.0057 0.0086 0.0131 
   NS_SS0952  1 0.0417 0.0201 0.3415 0.2701 0.0201 0.0365 0.0342 0.1669 0.0690 
   NS_SS0962  1 0.0070 0.8947 0.0073 0.0107 0.0060 0.0298 0.0209 0.0111 0.0125 
   NS_SS0973  1 0.0049 0.0087 0.0163 0.5001 0.0326 0.0451 0.3241 0.0249 0.0433 
   NS_SS0722  1 0.0025 0.0248 0.0107 0.2000 0.0113 0.0308 0.1486 0.5542 0.0171 
   NS_SS0979  1 0.0019 0.2489 0.0059 0.0482 0.1001 0.0512 0.0201 0.5116 0.0120 
   NS_SS0993  1 0.0203 0.0143 0.0078 0.2264 0.6825 0.0075 0.0162 0.0149 0.0101 
   NS_SS0958  1 0.0028 0.0122 0.6036 0.0654 0.0235 0.0545 0.0724 0.1432 0.0223 
   NS_SS0988  1 0.0060 0.1525 0.0130 0.2575 0.0281 0.0558 0.4050 0.0280 0.0542 
   NS_SS1003  1 0.0112 0.7125 0.0087 0.0222 0.1160 0.0252 0.0780 0.0200 0.0061 
   NS_SS0976  1 0.0019 0.7998 0.0469 0.0891 0.0134 0.0123 0.0060 0.0127 0.0179 
   NS_SS0964  1 0.0034 0.0054 0.0102 0.0092 0.0070 0.0195 0.0462 0.8797 0.0192 
   NS_SS0939  1 0.0040 0.2706 0.0085 0.0161 0.0236 0.6176 0.0060 0.0512 0.0024 
   NS_SS0990  1 0.0031 0.6191 0.0237 0.0096 0.0440 0.0248 0.2260 0.0164 0.0333 
   NS_SS0984  1 0.0020 0.2288 0.0054 0.1873 0.0074 0.5061 0.0155 0.0313 0.0162 
   NS_SS0980  1 0.0026 0.0870 0.0084 0.2942 0.0316 0.0086 0.2758 0.0143 0.2775 
   NS_SS0978  1 0.0033 0.0602 0.0244 0.4523 0.0119 0.3077 0.0942 0.0298 0.0163 
   NS_SS0951  1 0.0033 0.0138 0.0485 0.0889 0.4633 0.0179 0.0123 0.2026 0.1495 
   NS_SS0913  1 0.0543 0.0250 0.0453 0.0095 0.6582 0.0505 0.0338 0.0972 0.0263 
   NS_SS1002  1 0.0288 0.9348 0.0035 0.0059 0.0040 0.0064 0.0060 0.0056 0.0049 
   NS_SS0948  1 0.0587 0.1725 0.0387 0.1499 0.3769 0.0414 0.0615 0.0117 0.0887 
   NS_SS0916  1 0.0043 0.1848 0.0365 0.0116 0.4852 0.0361 0.0130 0.0082 0.2203 
   NS_SS0995  1 0.0026 0.0096 0.0067 0.0164 0.8073 0.0409 0.0176 0.0114 0.0875 
   NS_SS0927  1 0.0051 0.0291 0.0161 0.0364 0.0053 0.6934 0.0219 0.0593 0.1334 
   NS_SS0992  1 0.0029 0.0917 0.0337 0.0496 0.0903 0.1786 0.1297 0.0266 0.3969 
   NS_SS0912  1 0.0028 0.0164 0.0526 0.3463 0.5071 0.0204 0.0270 0.0071 0.0203 
   NS_SS0981  1 0.0037 0.2758 0.0089 0.5682 0.0309 0.0204 0.0643 0.0112 0.0165 
   NS_SS0729  2 0.0033 0.0135 0.0197 0.0156 0.0056 0.0105 0.0075 0.0093 0.9150 
   NS_SS0967  2 0.0116 0.0351 0.0451 0.0194 0.0070 0.0399 0.5902 0.2420 0.0097 
   NS_SS0941  2 0.0828 0.2266 0.0285 0.2531 0.0531 0.2300 0.0494 0.0417 0.0348 
   NS_SS0768  2 0.0043 0.0695 0.0539 0.0071 0.0696 0.0225 0.0713 0.6842 0.0176 
   NS_SS0726  2 0.0092 0.1042 0.0260 0.3890 0.0120 0.0538 0.0133 0.0391 0.3534 
   NS_SS0763  2 0.0033 0.0277 0.0515 0.2972 0.0182 0.1913 0.0674 0.1925 0.1508 
   NS_SS0730  2 0.0038 0.0199 0.0383 0.0100 0.0290 0.5647 0.1126 0.1987 0.0231 
   NS_SS0774  2 0.0009 0.0109 0.0051 0.0045 0.0216 0.0122 0.8893 0.0470 0.0084 
   NS_SS0723  2 0.0016 0.2151 0.0048 0.1094 0.0217 0.2694 0.1760 0.1761 0.0259 
   NS_SS0940  2 0.0077 0.3172 0.0304 0.1726 0.0508 0.3744 0.0251 0.0066 0.0152 
   NS_SS0762  2 0.0024 0.0059 0.0082 0.0151 0.1079 0.1180 0.0174 0.6955 0.0296 
   NS_SS0766  2 0.0161 0.0199 0.0305 0.0189 0.0187 0.6923 0.0645 0.0392 0.0999 
   NS_SS0724  2 0.0033 0.0162 0.0129 0.1521 0.0150 0.0100 0.0198 0.7638 0.0068 
   NS_SS0769  2 0.0049 0.0211 0.0073 0.3302 0.0080 0.0450 0.4767 0.0840 0.0230 
   NS_SS0777  2 0.0107 0.0109 0.0308 0.6971 0.0123 0.0102 0.2099 0.0064 0.0116 
   NS_SS0734  2 0.0304 0.0189 0.3824 0.0345 0.1014 0.3257 0.0409 0.0377 0.0282 
   NS_SS0737  2 0.0060 0.0939 0.0117 0.0041 0.0225 0.2285 0.2557 0.3623 0.0153 
   NS_SS0732  2 0.0041 0.0064 0.0041 0.0176 0.9297 0.0125 0.0099 0.0097 0.0059 
   NS_SS0728  2 0.0123 0.2657 0.0184 0.0453 0.0382 0.4659 0.0253 0.0976 0.0314 
   NS_SS0735  2 0.0084 0.0114 0.0168 0.0415 0.0457 0.0640 0.7800 0.0207 0.0116 
   NS_SS0725  2 0.0089 0.0823 0.0407 0.0080 0.0157 0.0187 0.0119 0.7824 0.0316 
   NS_SS0788  2 0.0020 0.0889 0.0087 0.0605 0.0110 0.6457 0.0440 0.1302 0.0090 
   NS_SS0778  2 0.0015 0.0388 0.0108 0.0115 0.0062 0.0699 0.8394 0.0074 0.0144 
   NS_SS0792  2 0.0056 0.0109 0.0110 0.0070 0.3144 0.0389 0.0245 0.0214 0.5662 
   NS_SS0943  2 0.0061 0.0106 0.1752 0.4411 0.0154 0.0141 0.0219 0.2747 0.0409 
   NS_SS0791  2 0.0106 0.0225 0.0201 0.0095 0.0274 0.8859 0.0057 0.0088 0.0094 
   NS_SS0790  2 0.0035 0.0045 0.0032 0.0062 0.0447 0.0066 0.0225 0.9030 0.0058 
   NS_SS0731  2 0.0130 0.0135 0.0125 0.0169 0.0112 0.0070 0.0145 0.9046 0.0069 
   NS_SS0727  2 0.0021 0.0103 0.2077 0.0781 0.0222 0.0660 0.0222 0.1058 0.4857 
   NS_SS0779  2 0.0063 0.0146 0.0110 0.1060 0.0294 0.0217 0.7853 0.0149 0.0108 
   NS_SS0776  2 0.0068 0.0431 0.0419 0.0296 0.0166 0.0058 0.8225 0.0259 0.0079 
   NS_SS0775  2 0.0089 0.0551 0.0121 0.0124 0.0114 0.5581 0.1900 0.1198 0.0322 
   NS_SS0965  3 0.0015 0.0247 0.0214 0.4576 0.0234 0.0174 0.3924 0.0447 0.0167 
   NS_SS0754  3 0.0120 0.0279 0.0408 0.6389 0.0305 0.1120 0.0407 0.0271 0.0701 
   NS_SS0838  3 0.0456 0.5489 0.0190 0.0120 0.0114 0.0894 0.0575 0.1853 0.0309 
   NS_SS0839  3 0.0042 0.3473 0.0078 0.0049 0.0368 0.0571 0.3621 0.1551 0.0248 
   NS_SS0832  3 0.0436 0.0159 0.0031 0.0133 0.0092 0.0108 0.8863 0.0103 0.0076 
   NS_SS0820  3 0.0051 0.0118 0.0023 0.0080 0.0033 0.0201 0.0070 0.9391 0.0035 
   NS_SS0886  3 0.0021 0.0594 0.0165 0.0149 0.0335 0.4575 0.2202 0.0146 0.1813 
   NS_SS0748  3 0.0095 0.0780 0.2373 0.0800 0.0193 0.0798 0.1112 0.3141 0.0707 
   NS_SS0884  3 0.0270 0.1270 0.0276 0.0178 0.0205 0.0442 0.6338 0.0261 0.0761 
   NS_SS0752  3 0.0020 0.3881 0.0199 0.0576 0.0584 0.3890 0.0152 0.0155 0.0543 
   NS_SS0862  3 0.0047 0.0145 0.0099 0.0225 0.0833 0.0723 0.7294 0.0512 0.0122 
   NS_SS0787  3 0.0062 0.0659 0.2581 0.1400 0.0058 0.0122 0.0109 0.0105 0.4904 
   NS_SS0843  3 0.0020 0.0101 0.0117 0.3897 0.0349 0.0271 0.3349 0.1278 0.0619 
   NS_SS0856  3 0.0035 0.0503 0.0099 0.0126 0.0120 0.1982 0.3176 0.2911 0.1050 
   NS_SS0846  3 0.0033 0.0506 0.0105 0.0322 0.0046 0.0107 0.8148 0.0215 0.0517 
   NS_SS0825  3 0.0097 0.8235 0.0114 0.0110 0.0473 0.0651 0.0115 0.0045 0.0161 
   NS_SS0757  3 0.0036 0.0689 0.0171 0.2042 0.4798 0.1125 0.0782 0.0250 0.0106 
   NS_SS0876  3 0.2090 0.0097 0.0102 0.0108 0.0114 0.1160 0.5860 0.0411 0.0058 
   NS_SS0903  3 0.0031 0.0072 0.0062 0.0063 0.0139 0.0095 0.9362 0.0087 0.0088 
   NS_SS0875  3 0.0021 0.0120 0.0141 0.0154 0.0361 0.8215 0.0172 0.0243 0.0571 
   NS_SS0740  3 0.0025 0.0098 0.0063 0.8811 0.0272 0.0207 0.0184 0.0260 0.0080 
   NS_SS0811  3 0.0115 0.0125 0.0142 0.0086 0.6433 0.0699 0.0260 0.2067 0.0073 
   NS_SS0751  3 0.0026 0.8334 0.0432 0.0161 0.0181 0.0546 0.0094 0.0113 0.0114 
   NS_SS0891  3 0.0069 0.1291 0.0102 0.0062 0.0090 0.1982 0.0180 0.6065 0.0159 
   NS_SS0867  3 0.0239 0.0203 0.0160 0.7816 0.0098 0.0090 0.0139 0.0118 0.1137 
   NS_SS0890  3 0.0036 0.0130 0.0197 0.2222 0.0122 0.6800 0.0236 0.0138 0.0119 
   NS_SS0866  3 0.0047 0.0697 0.0202 0.0048 0.0169 0.0068 0.0062 0.0061 0.8646 
   NS_SS0755  3 0.0088 0.1280 0.0152 0.0876 0.0232 0.3194 0.0246 0.3637 0.0294 
   NS_SS0758  3 0.0021 0.0579 0.0078 0.0156 0.0231 0.1733 0.6134 0.0172 0.0896 
   NS_SS0840  3 0.0027 0.2910 0.0087 0.0068 0.0838 0.0680 0.4850 0.0417 0.0124 
   NS_SS0889  3 0.0019 0.0326 0.3007 0.0428 0.4555 0.0556 0.0222 0.0168 0.0718 
   NS_SS1010  3 0.0472 0.2007 0.0323 0.0268 0.0181 0.0358 0.2266 0.3714 0.0411 
   NS_SS0888  3 0.0017 0.0054 0.0693 0.0204 0.0141 0.1640 0.0165 0.0088 0.6999 
   NS_SS0837  3 0.0026 0.0155 0.0254 0.3927 0.0334 0.0193 0.0865 0.4067 0.0180 
   NS_SS0794  3 0.0022 0.0059 0.7474 0.0091 0.0062 0.0115 0.0066 0.1125 0.0986 
   NS_SS0823  3 0.0062 0.2404 0.0085 0.0467 0.1537 0.2267 0.2422 0.0360 0.0396 
   NS_SS0829  3 0.1197 0.0039 0.0970 0.1014 0.0767 0.0085 0.0540 0.0378 0.5009 
   NS_SS0844  3 0.0016 0.0067 0.0039 0.0242 0.0111 0.0191 0.0074 0.9104 0.0157 
   NS_SS1008  3 0.0139 0.0129 0.3345 0.0676 0.0456 0.0599 0.0565 0.2489 0.1602 
   NS_SS0881  3 0.0022 0.1615 0.0480 0.1123 0.0151 0.4377 0.0707 0.0162 0.1363 
   NS_SS0834  3 0.0058 0.1858 0.0065 0.0042 0.0061 0.0137 0.0064 0.7624 0.0091 
   NS_SS0744  3 0.0064 0.0231 0.0264 0.0206 0.0371 0.3493 0.4969 0.0106 0.0295 
   NS_SS0899  3 0.0014 0.0142 0.0031 0.0092 0.8945 0.0084 0.0147 0.0489 0.0055 
   NS_SS0804  3 0.0045 0.1712 0.0057 0.0145 0.1455 0.0253 0.5931 0.0352 0.0050 
   NS_SS0781  3 0.0039 0.2327 0.0043 0.0101 0.0222 0.0161 0.6389 0.0622 0.0095 
   NS_SS0822  3 0.0023 0.0286 0.3818 0.0282 0.4149 0.0180 0.0449 0.0467 0.0346 
   NS_SS1004  3 0.0035 0.0069 0.0128 0.0201 0.0097 0.0089 0.9225 0.0085 0.0071 
   NS_SS0746  3 0.0142 0.0286 0.0799 0.4757 0.0128 0.0699 0.0882 0.2062 0.0245 
   NS_SS0880  3 0.0016 0.0702 0.0252 0.0076 0.0068 0.0228 0.8489 0.0115 0.0056 
   NS_SS0879  3 0.0127 0.0080 0.0183 0.0217 0.0113 0.0171 0.1141 0.5753 0.2216 
   NS_SS0753  3 0.0070 0.0081 0.0133 0.8833 0.0116 0.0197 0.0109 0.0071 0.0390 
   NS_SS1007  3 0.0019 0.0767 0.0060 0.0080 0.0118 0.6251 0.2190 0.0049 0.0467 
   NS_SS0872  3 0.0024 0.0507 0.0253 0.0200 0.0159 0.0244 0.8001 0.0422 0.0190 
   NS_SS1005  3 0.0012 0.0452 0.0110 0.0138 0.0167 0.0096 0.8626 0.0293 0.0104 
   NS_SS0892  3 0.0020 0.0872 0.0190 0.3073 0.0225 0.3625 0.1674 0.0204 0.0118 
   NS_SS0898  3 0.0067 0.0197 0.8010 0.0109 0.0563 0.0318 0.0093 0.0102 0.0540 
   NS_SS0801  3 0.0097 0.0165 0.0092 0.0666 0.0138 0.2291 0.2104 0.4346 0.0100 
   NS_SS0827  3 0.1264 0.0268 0.2209 0.0370 0.0682 0.0220 0.3387 0.0245 0.1356 
   NS_SS0853  3 0.0066 0.0080 0.0195 0.0437 0.0129 0.1687 0.4892 0.2098 0.0416 
   NS_SS0780  3 0.0044 0.0458 0.0030 0.0235 0.0072 0.0426 0.8461 0.0087 0.0187 
   NS_SS0826  3 0.0032 0.0843 0.0270 0.0120 0.0059 0.0044 0.8233 0.0179 0.0220 
   NS_SS0818  3 0.0015 0.0934 0.0479 0.0401 0.0278 0.3301 0.3736 0.0720 0.0136 
   NS_SS0745  3 0.0013 0.0182 0.0176 0.0108 0.0113 0.0076 0.9193 0.0094 0.0045 
   NS_SS0849  3 0.0016 0.0182 0.0198 0.0187 0.8772 0.0307 0.0185 0.0114 0.0039 
   NS_SS0739  3 0.0108 0.0283 0.0119 0.0059 0.1758 0.7222 0.0135 0.0229 0.0088 
   NS_SS0799  3 0.0012 0.0131 0.0344 0.0755 0.2043 0.2450 0.0157 0.0240 0.3868 
   NS_SS0756  3 0.0031 0.0288 0.0130 0.0150 0.0526 0.0132 0.8349 0.0294 0.0099 
   NS_SS0802  3 0.2060 0.1232 0.0509 0.1382 0.0056 0.2467 0.1728 0.0400 0.0167 
   NS_SS0747  3 0.0047 0.0409 0.0063 0.4142 0.0121 0.1453 0.3495 0.0164 0.0106 
   NS_SS0835  3 0.0012 0.0080 0.0134 0.0158 0.0048 0.0153 0.0088 0.0058 0.9269 
   NS_SS0742  3 0.0013 0.1596 0.0166 0.0171 0.6039 0.0540 0.0380 0.0206 0.0890 
   NS_SS0760  3 0.0599 0.0171 0.6543 0.0239 0.0078 0.1282 0.0173 0.0165 0.0751 
   NS_SS0803  3 0.0106 0.0073 0.0063 0.0086 0.3000 0.0121 0.5233 0.0170 0.1148 
   NS_SS0828  3 0.0016 0.0127 0.0434 0.4954 0.0380 0.2598 0.1189 0.0096 0.0207 
   NS_SS0865  3 0.0291 0.1826 0.0285 0.0515 0.0183 0.0433 0.6095 0.0177 0.0196 
   NS_SS0759  3 0.0044 0.0160 0.0094 0.0799 0.0470 0.1771 0.5779 0.0803 0.0080 
   NS_SS0851  3 0.0107 0.0062 0.0080 0.0036 0.0129 0.0082 0.0077 0.9384 0.0042 
   NS_SS0874  3 0.0016 0.0209 0.0089 0.0528 0.1296 0.0115 0.0610 0.6846 0.0292 
   NS_SS0761  3 0.0026 0.0362 0.3392 0.0816 0.1266 0.2780 0.0283 0.0121 0.0954 
   NS_SS0842  3 0.0111 0.0302 0.3026 0.0954 0.1203 0.1440 0.0690 0.1741 0.0534 
   NS_SS0785  3 0.0046 0.0097 0.0261 0.0572 0.0156 0.0309 0.8080 0.0141 0.0338 
   NS_SS0860  3 0.0024 0.0122 0.0062 0.0281 0.0222 0.0161 0.0077 0.0124 0.8928 
   NS_SS0897  3 0.0022 0.0112 0.7630 0.0098 0.0224 0.0250 0.0101 0.0116 0.1446 
   NS_SS0841  3 0.0046 0.1765 0.1874 0.0120 0.2193 0.2378 0.0692 0.0842 0.0090 
   NS_SS0797  3 0.0194 0.0697 0.0871 0.0276 0.0070 0.7278 0.0232 0.0160 0.0222 
   NS_SS0830  3 0.0031 0.1115 0.1133 0.1208 0.2263 0.1904 0.0587 0.0923 0.0837 
   NS_SS1011  3 0.0054 0.7014 0.0049 0.0110 0.0087 0.0113 0.1606 0.0767 0.0200 
   NS_SS0883  3 0.0057 0.0060 0.0183 0.0392 0.1942 0.6453 0.0156 0.0056 0.0701 
   NS_SS0782  3 0.0025 0.0087 0.0171 0.0069 0.0172 0.1238 0.3091 0.0434 0.4713 
   NS_SS0831  3 0.0032 0.0076 0.0185 0.0180 0.1383 0.0282 0.0172 0.0165 0.7524 
   NS_SS0749  3 0.0035 0.0172 0.0134 0.2832 0.1371 0.4079 0.1142 0.0083 0.0151 
   NS_SS0854  3 0.0039 0.0367 0.0568 0.0259 0.0956 0.1657 0.0471 0.1460 0.4224 
   HI_SS0193  4 0.0022 0.0056 0.9438 0.0049 0.0201 0.0050 0.0042 0.0099 0.0043 
   HI_SS0194  4 0.0021 0.1756 0.0390 0.0183 0.0071 0.0125 0.0413 0.6970 0.0072 
   HI_SS0195  4 0.0947 0.1730 0.0081 0.0060 0.0271 0.0424 0.5874 0.0559 0.0054 
   HI_SS0196  4 0.0035 0.0309 0.2221 0.0165 0.0245 0.5112 0.0556 0.0861 0.0497 
   HI_SS0197  4 0.0086 0.9570 0.0025 0.0070 0.0034 0.0063 0.0061 0.0026 0.0065 
   HI_SS0198  4 0.0088 0.0116 0.0182 0.0234 0.7720 0.1053 0.0249 0.0141 0.0218 
   HI_SS0199  4 0.0022 0.0081 0.0071 0.0273 0.0128 0.0640 0.0112 0.0041 0.8632 
   HI_SS0201  4 0.0019 0.0136 0.3183 0.5682 0.0122 0.0157 0.0198 0.0110 0.0393 
   HI_SS0215  4 0.0024 0.0352 0.0162 0.1867 0.0268 0.0382 0.0206 0.0243 0.6495 
   HI_SS0218  4 0.0075 0.0131 0.4656 0.0107 0.0085 0.0350 0.0131 0.0030 0.4436 
   HI_SS0222  4 0.0052 0.0470 0.0164 0.0108 0.0076 0.5999 0.1082 0.0398 0.1652 
   HI_SS0230  4 0.0062 0.0751 0.0096 0.1458 0.0126 0.0099 0.0100 0.7235 0.0073 
   HI_SS0234  4 0.1467 0.0224 0.0160 0.0157 0.0197 0.6131 0.0323 0.0611 0.0731 
   HI_SS0240  4 0.0062 0.0104 0.0119 0.0122 0.0043 0.7727 0.1439 0.0141 0.0243 
   HI_SS0241  4 0.0019 0.0286 0.0489 0.1625 0.0084 0.2104 0.0110 0.0636 0.4647 
   HI_SS0242  4 0.0020 0.0104 0.0155 0.0266 0.0259 0.8417 0.0093 0.0558 0.0128 
   HI_SS0247  4 0.0206 0.1885 0.0081 0.0280 0.5627 0.0059 0.0223 0.1569 0.0069 
   HI_SS0248  4 0.0007 0.0092 0.8490 0.0160 0.0077 0.0205 0.0079 0.0119 0.0770 
   HI_SS0252  4 0.0026 0.0316 0.0167 0.0173 0.7496 0.0216 0.0720 0.0698 0.0188 
   HI_SS0254  4 0.0718 0.0194 0.0273 0.8345 0.0133 0.0096 0.0137 0.0050 0.0054 
   HI_SS0256  4 0.0015 0.0118 0.0038 0.0109 0.0058 0.0100 0.5728 0.3803 0.0032 
   HI_SS0257  4 0.0024 0.0191 0.0210 0.8188 0.0207 0.0182 0.0056 0.0290 0.0652 
   HI_SS0258  4 0.0060 0.0104 0.7296 0.0652 0.0231 0.0432 0.0432 0.0217 0.0578 
   HI_SS0259  4 0.0034 0.8618 0.0076 0.0209 0.0199 0.0224 0.0096 0.0428 0.0117 
   HI_SS0260  4 0.0024 0.0206 0.1628 0.2950 0.0089 0.0199 0.1026 0.0922 0.2958 
   HI_SS0261  4 0.0029 0.0170 0.0100 0.6373 0.0064 0.0584 0.1526 0.0193 0.0959 
   HI_SS0262  4 0.0075 0.0972 0.0108 0.0190 0.0314 0.2292 0.0259 0.2576 0.3214 
   HI_SS0264  4 0.0039 0.0504 0.0071 0.0465 0.0052 0.0126 0.2622 0.6079 0.0042 
   HI_SS0265  4 0.1074 0.0867 0.0083 0.3055 0.0238 0.1489 0.0197 0.2833 0.0165 
   HI_SS0268  4 0.0040 0.2943 0.1859 0.0340 0.0326 0.1454 0.0572 0.2393 0.0073 
   HI_SS0269  4 0.0018 0.0564 0.3699 0.0085 0.0153 0.0115 0.0545 0.0138 0.4682 
   HI_SS0273  4 0.0017 0.0703 0.6630 0.0215 0.0136 0.0486 0.0105 0.0155 0.1552 
   HI_SS0277  4 0.0028 0.6356 0.0060 0.0119 0.0377 0.0976 0.0409 0.0071 0.1604 
   HI_SS0280  4 0.0055 0.3474 0.0594 0.0715 0.0981 0.1327 0.2150 0.0217 0.0489 
   HI_SS0282  4 0.0013 0.0143 0.2823 0.4035 0.1456 0.0228 0.0719 0.0218 0.0365 
   HI_SS0286  4 0.0088 0.0675 0.0338 0.1096 0.0166 0.2531 0.0469 0.4227 0.0411 
   NS_SS1252  5 0.0037 0.0054 0.0054 0.0068 0.0132 0.0056 0.0035 0.0053 0.9512 
   NS_SS1261  5 0.0189 0.3543 0.0166 0.0208 0.4493 0.0367 0.0333 0.0172 0.0529 
   NS_SS1225  5 0.0871 0.0303 0.0182 0.2499 0.0660 0.0183 0.0690 0.3652 0.0961 
   NS_SS1266  5 0.0100 0.0072 0.0053 0.0233 0.0525 0.0127 0.8561 0.0294 0.0034 
   NS_SS1228  5 0.0151 0.1102 0.0125 0.0104 0.7778 0.0261 0.0125 0.0086 0.0269 
   NS_SS1255  5 0.0013 0.0201 0.1776 0.0062 0.0257 0.0074 0.0144 0.1778 0.5694 
   NS_SS1267  5 0.0138 0.0115 0.0400 0.0292 0.0044 0.2434 0.0054 0.0084 0.6439 
   NS_SS1238  5 0.0023 0.4364 0.4627 0.0246 0.0314 0.0141 0.0115 0.0126 0.0044 
   NS_SS1233  5 0.0020 0.0135 0.0840 0.0078 0.3668 0.0061 0.0409 0.4732 0.0057 
   NS_SS1277  5 0.0009 0.0067 0.8616 0.0046 0.0185 0.0395 0.0273 0.0122 0.0287 
   NS_SS1245  5 0.0023 0.2043 0.1865 0.2197 0.0222 0.1391 0.1625 0.0329 0.0305 
   NS_SS1240  5 0.0030 0.0152 0.0936 0.0226 0.0073 0.0177 0.0412 0.0152 0.7844 
   NS_SS1275  5 0.0033 0.5561 0.0037 0.0203 0.0198 0.0362 0.0380 0.3053 0.0173 
   NS_SS1235  5 0.0046 0.0135 0.0320 0.0303 0.0049 0.0172 0.2162 0.6672 0.0141 
   NS_SS1263  5 0.0012 0.0451 0.0130 0.1909 0.0954 0.0167 0.0198 0.5701 0.0478 
   NS_SS1251  5 0.0017 0.0227 0.0098 0.0295 0.0411 0.0121 0.7935 0.0238 0.0658 
   NS_SS1248  5 0.1071 0.0107 0.1778 0.1922 0.4299 0.0407 0.0254 0.0111 0.0052 
   NS_SS1244  5 0.0047 0.8111 0.1113 0.0091 0.0155 0.0173 0.0169 0.0069 0.0072 
   NS_SS1257  5 0.0236 0.0080 0.0286 0.0089 0.0233 0.7984 0.0278 0.0079 0.0735 
   NS_SS1242  5 0.0031 0.0142 0.0164 0.0107 0.0091 0.1067 0.2174 0.6177 0.0047 
   NS_SS1271  5 0.0350 0.0187 0.4472 0.2699 0.0151 0.0215 0.0145 0.0055 0.1726 
   NS_SS1265  5 0.0224 0.0208 0.0774 0.0866 0.3501 0.0786 0.0566 0.0642 0.2432 
   NS_SS1243  5 0.0855 0.0293 0.0295 0.0190 0.7336 0.0069 0.0399 0.0468 0.0096 
   NS_SS1273  5 0.0093 0.0411 0.0076 0.0067 0.0048 0.4680 0.4312 0.0210 0.0103 
   NS_SS1254  5 0.0065 0.0815 0.0078 0.0377 0.0847 0.0170 0.0728 0.4170 0.2750 
   NS_SS1224  5 0.0096 0.0168 0.0087 0.1672 0.0987 0.0569 0.4219 0.1684 0.0519 
   NS_SS1227  5 0.0010 0.0071 0.0067 0.9541 0.0063 0.0089 0.0045 0.0056 0.0057 
   NS_SS1274  5 0.0150 0.0178 0.0500 0.2384 0.4807 0.0521 0.0183 0.1074 0.0203 
   NS_SS1241  5 0.0012 0.0124 0.7645 0.0497 0.1091 0.0095 0.0125 0.0203 0.0209 
   NS_SS1256  5 0.0366 0.0299 0.0280 0.0407 0.0039 0.0170 0.6905 0.1319 0.0215 
   NS_SS1260  5 0.0695 0.0074 0.0076 0.0098 0.0105 0.0905 0.0064 0.0289 0.7694 
   NS_SS1262  5 0.1847 0.0827 0.0302 0.2749 0.0321 0.0404 0.0906 0.0273 0.2370 
   NS_SS1230  5 0.0103 0.0175 0.7994 0.0285 0.0323 0.0241 0.0212 0.0332 0.0336 
   NS_SS1270  5 0.0023 0.0380 0.0147 0.2738 0.5881 0.0071 0.0314 0.0415 0.0030 
   NS_SS1229  5 0.0039 0.8619 0.0059 0.0495 0.0123 0.0087 0.0109 0.0093 0.0376 
   NS_SS1246  5 0.0025 0.7639 0.0217 0.0153 0.0166 0.0175 0.0174 0.0048 0.1403 
   NS_SS1269  5 0.0020 0.0159 0.0700 0.0148 0.0132 0.5401 0.2888 0.0212 0.0339 
   NS_SS1239  5 0.0041 0.0081 0.0132 0.0162 0.9066 0.0100 0.0199 0.0063 0.0156 
   NS_SS1272  5 0.0060 0.4664 0.0085 0.0050 0.0104 0.0096 0.3899 0.0917 0.0124 
   NS_SS1268  5 0.0030 0.0055 0.0359 0.0314 0.8183 0.0599 0.0093 0.0300 0.0066 
   NS_SS1249  5 0.0125 0.0055 0.3336 0.0074 0.0079 0.0254 0.0054 0.0186 0.5837 
   HI_SS0559  6 0.0015 0.0058 0.0193 0.8368 0.0063 0.0926 0.0198 0.0120 0.0058 
   HI_SS0563  6 0.0029 0.0062 0.0188 0.0213 0.0129 0.0134 0.8530 0.0098 0.0618 
   HI_SS0564  6 0.0753 0.1206 0.0234 0.0571 0.2905 0.1749 0.1751 0.0662 0.0169 
   HI_SS0565  6 0.0053 0.3582 0.0146 0.3046 0.0120 0.0756 0.0443 0.0547 0.1306 
   HI_SS0569  6 0.0020 0.0079 0.0585 0.7237 0.0779 0.0074 0.0826 0.0073 0.0326 
   HI_SS0570  6 0.0373 0.0235 0.8678 0.0133 0.0174 0.0174 0.0054 0.0099 0.0080 
   HI_SS0572  6 0.0026 0.0111 0.0041 0.0124 0.0061 0.0155 0.0116 0.9234 0.0130 
   HI_SS0576  6 0.0042 0.0601 0.0403 0.0829 0.2586 0.5153 0.0175 0.0138 0.0073 
   HI_SS0579  6 0.0110 0.0053 0.0142 0.9004 0.0115 0.0048 0.0199 0.0202 0.0127 
   HI_SS0580  6 0.0040 0.0077 0.0212 0.0195 0.0216 0.2440 0.0150 0.2103 0.4567 
   HI_SS0581  6 0.0498 0.8139 0.0057 0.0091 0.0111 0.0718 0.0207 0.0139 0.0041 
   HI_SS0583  6 0.0022 0.0177 0.0056 0.0073 0.0071 0.0077 0.0177 0.0174 0.9175 
   HI_SS0586  6 0.0012 0.0039 0.2560 0.5898 0.0133 0.0289 0.0137 0.0126 0.0807 
   HI_SS0588  6 0.0173 0.0052 0.1385 0.2995 0.0428 0.3412 0.0630 0.0188 0.0737 
   HI_SS0595  6 0.0343 0.0642 0.3826 0.0829 0.0158 0.2806 0.0112 0.0721 0.0564 
   HI_SS0596  6 0.0029 0.0093 0.0226 0.0158 0.0217 0.0347 0.0412 0.8360 0.0157 
   HI_SS0597  6 0.0030 0.7992 0.0157 0.0049 0.0281 0.0077 0.0430 0.0863 0.0120 
   HI_SS0600  6 0.0032 0.0132 0.0172 0.0076 0.0240 0.0401 0.6485 0.0063 0.2399 
   HI_SS0601  6 0.0107 0.0809 0.0058 0.7927 0.0561 0.0107 0.0137 0.0170 0.0124 
   HI_SS0602  6 0.0025 0.0094 0.0050 0.8897 0.0219 0.0441 0.0087 0.0062 0.0125 
   HI_SS0604  6 0.0020 0.0094 0.0241 0.0255 0.1760 0.0178 0.2744 0.4091 0.0617 
   HI_SS0605  6 0.0052 0.0038 0.0077 0.0095 0.0123 0.8776 0.0556 0.0135 0.0149 
   HI_SS0608  6 0.0013 0.0086 0.0458 0.0249 0.8841 0.0110 0.0091 0.0091 0.0061 
   HI_SS0609  6 0.0009 0.1540 0.0352 0.0162 0.4611 0.0227 0.2307 0.0602 0.0190 
   HI_SS0611  6 0.0028 0.0094 0.0304 0.0092 0.8420 0.0121 0.0064 0.0127 0.0750 
   HI_SS0612  6 0.0091 0.0214 0.0176 0.0442 0.0131 0.0614 0.0421 0.0340 0.7573 
   HI_SS0613  6 0.0018 0.0150 0.0118 0.0218 0.1163 0.3915 0.1910 0.1951 0.0557 
   HI_SS0615  6 0.0096 0.0418 0.0071 0.0177 0.3458 0.5418 0.0112 0.0165 0.0084 
   HI_SS0001  6 0.0031 0.7694 0.0577 0.0055 0.0049 0.0414 0.0149 0.0467 0.0565 
   HI_SS0002  6 0.0277 0.0211 0.0089 0.0645 0.0351 0.0441 0.1227 0.4110 0.2650 
   HI_SS0004  6 0.0073 0.0196 0.2163 0.0379 0.0510 0.0729 0.1185 0.4084 0.0680 
   HI_SS0005  6 0.0067 0.1179 0.0395 0.0550 0.0359 0.6149 0.1104 0.0087 0.0110 
   HI_SS0006  6 0.0019 0.0228 0.0197 0.0252 0.0185 0.0091 0.1666 0.0215 0.7146 
   HI_SS0007  6 0.0030 0.0052 0.7512 0.0137 0.1681 0.0085 0.0188 0.0111 0.0204 
   HI_SS0008  6 0.0284 0.0087 0.0086 0.8932 0.0105 0.0211 0.0127 0.0112 0.0056 
   HI_SS0009  6 0.0045 0.0039 0.0336 0.0199 0.1070 0.0424 0.0054 0.7725 0.0108 
   HI_SS0010  6 0.0034 0.0228 0.3862 0.3927 0.0794 0.0115 0.0514 0.0215 0.0311 
   HI_SS0011  6 0.0901 0.5104 0.0283 0.1193 0.0199 0.0287 0.1500 0.0416 0.0118 
   HI_SS0012  6 0.0047 0.0345 0.0065 0.0523 0.0860 0.5328 0.2380 0.0322 0.0130 
   HI_SS0017  6 0.0016 0.0752 0.1266 0.0130 0.0286 0.0130 0.2862 0.4489 0.0070 
   HI_SS0021  6 0.2468 0.0232 0.1924 0.0227 0.0041 0.1068 0.0610 0.2198 0.1233 
   HI_SS0024  6 0.0023 0.4206 0.0721 0.0281 0.0202 0.1664 0.0689 0.2107 0.0107 
   HI_SS0025  6 0.0023 0.0035 0.0053 0.0061 0.0070 0.0126 0.0053 0.9503 0.0076 
   HI_SS0027  6 0.0187 0.0092 0.7358 0.1254 0.0445 0.0090 0.0127 0.0168 0.0279 
   HI_SS0028  6 0.0023 0.1449 0.0174 0.2838 0.0208 0.1461 0.0166 0.3573 0.0108 
   HI_SS0029  6 0.0087 0.0495 0.0149 0.0121 0.0104 0.6630 0.1825 0.0115 0.0475 
   HI_SS0030  6 0.0053 0.1374 0.0278 0.6189 0.0390 0.0163 0.0217 0.0200 0.1136 
   HI_SS0031  6 0.0025 0.0116 0.0062 0.8147 0.0071 0.1225 0.0165 0.0100 0.0088 
   HI_SS0034  6 0.0056 0.0061 0.0583 0.6395 0.0072 0.1077 0.0577 0.0127 0.1051 
   HI_SS0036  6 0.0099 0.2268 0.0350 0.0284 0.0045 0.6652 0.0050 0.0141 0.0111 
   HI_SS0037  6 0.0039 0.0100 0.0997 0.0168 0.0178 0.0410 0.0073 0.7705 0.0331 
   HI_SS0039  6 0.0038 0.1146 0.0862 0.5826 0.0058 0.0362 0.0152 0.0125 0.1430 
   HI_SS0041  6 0.0021 0.1634 0.0069 0.0093 0.1693 0.4590 0.0185 0.1563 0.0150 
   HI_SS0042  6 0.0976 0.0272 0.0091 0.0066 0.0481 0.7425 0.0334 0.0243 0.0112 
   HI_SS0043  6 0.0039 0.1020 0.2920 0.0700 0.1627 0.0326 0.0524 0.0220 0.2624 
   HI_SS0044  6 0.0030 0.0156 0.4140 0.0164 0.0098 0.3268 0.0622 0.1214 0.0308 
   HI_SS0047  6 0.0028 0.1191 0.0279 0.1194 0.2291 0.0266 0.3988 0.0393 0.0370 
   HI_SS0049  6 0.0036 0.0119 0.0135 0.0387 0.0242 0.0071 0.0080 0.8838 0.0092 
   HI_SS0051  6 0.0030 0.0149 0.0183 0.0315 0.0733 0.3617 0.1677 0.2229 0.1067 
   HI_SS0053  6 0.0048 0.2408 0.0321 0.6711 0.0050 0.0169 0.0048 0.0062 0.0182 
   HI_SS0054  6 0.0030 0.0195 0.2051 0.6875 0.0406 0.0077 0.0060 0.0136 0.0171 
   HI_SS0057  6 0.0040 0.1467 0.0374 0.0760 0.6748 0.0055 0.0282 0.0116 0.0158 
   HI_SS0058  6 0.0070 0.0068 0.0172 0.0510 0.0107 0.2001 0.0194 0.5120 0.1759 
   HI_SS0060  6 0.0644 0.0058 0.0230 0.8347 0.0099 0.0318 0.0142 0.0128 0.0033 
   HI_SS0087  6 0.0026 0.1302 0.0279 0.3173 0.0280 0.0869 0.0677 0.0863 0.2532 
   HI_SS0091  6 0.0013 0.0826 0.0103 0.0102 0.0161 0.0083 0.0063 0.0108 0.8541 
   HI_SS0095  6 0.0423 0.0392 0.0036 0.4681 0.0078 0.3338 0.0221 0.0312 0.0519 
   HI_SS0097  6 0.0038 0.0154 0.0175 0.1464 0.7638 0.0105 0.0094 0.0090 0.0242 
   HI_SS0099  6 0.0040 0.0606 0.0137 0.1042 0.0171 0.3710 0.0697 0.3445 0.0151 
   HI_SS0103  6 0.0034 0.0204 0.0106 0.0301 0.0158 0.0589 0.7875 0.0405 0.0329 
   HI_SS0105  6 0.0277 0.7092 0.0160 0.0444 0.0155 0.0201 0.1260 0.0293 0.0118 
   HI_SS0107  6 0.0011 0.0183 0.0075 0.0190 0.0129 0.0089 0.0136 0.9010 0.0178 
   HI_SS0108  6 0.0305 0.0125 0.8633 0.0143 0.0072 0.0238 0.0125 0.0036 0.0323 
   HI_SS0110  6 0.0012 0.7792 0.0081 0.0196 0.0101 0.0259 0.0693 0.0046 0.0819 
   HI_SS0111  6 0.0312 0.0461 0.0225 0.0150 0.0428 0.1163 0.6738 0.0146 0.0377 
   HI_SS0112  6 0.0013 0.0048 0.9474 0.0058 0.0080 0.0132 0.0073 0.0059 0.0063 
   HI_SS0113  6 0.0038 0.1403 0.0051 0.0260 0.0583 0.0382 0.5851 0.1356 0.0077 
   HI_SS0114  6 0.0052 0.0066 0.0397 0.1100 0.0077 0.0390 0.0582 0.0137 0.7199 
   HI_SS0115  6 0.0169 0.0021 0.0354 0.0946 0.0093 0.0210 0.0210 0.7858 0.0138 
   HI_SS0116  6 0.0032 0.0073 0.0455 0.0060 0.0130 0.0054 0.0061 0.0191 0.8946 
   HI_SS0117  6 0.0019 0.3250 0.1764 0.0369 0.0047 0.0322 0.3299 0.0107 0.0823 
   HI_SS0118  6 0.0105 0.0164 0.0157 0.0042 0.0049 0.0107 0.0243 0.0657 0.8475 
   HI_SS0119  6 0.0020 0.5288 0.0591 0.0152 0.1060 0.0361 0.1723 0.0061 0.0745 
   HI_SS0120  6 0.0029 0.3925 0.0102 0.0051 0.0034 0.0080 0.0133 0.5557 0.0090 
   HI_SS0121  6 0.0016 0.8040 0.0036 0.0147 0.0770 0.0085 0.0363 0.0149 0.0395 
   HI_SS0122  6 0.0192 0.3720 0.0543 0.0109 0.1250 0.0441 0.0123 0.3431 0.0191 
   HI_SS0123  6 0.0047 0.4541 0.0056 0.0606 0.0197 0.0835 0.2806 0.0078 0.0833 
   HI_SS0124  6 0.0037 0.0687 0.0171 0.0119 0.2319 0.0883 0.0256 0.5446 0.0081 
   HI_SS0125  6 0.0308 0.0333 0.0048 0.0131 0.0468 0.7657 0.0696 0.0205 0.0154 
   HI_SS0126  6 0.0009 0.0108 0.7964 0.0158 0.0094 0.0291 0.0082 0.0101 0.1195 
   HI_SS0127  6 0.0089 0.0041 0.0132 0.8574 0.0586 0.0148 0.0149 0.0229 0.0051 
   HI_SS0128  6 0.0030 0.0512 0.0398 0.6926 0.0287 0.0333 0.0276 0.0315 0.0922 
   HI_SS0129  6 0.0091 0.0241 0.0169 0.0118 0.0084 0.9073 0.0068 0.0101 0.0054 
   HI_SS0131  6 0.0450 0.0064 0.8322 0.0190 0.0364 0.0091 0.0058 0.0413 0.0048 
   HI_SS0132  6 0.0005 0.0937 0.1260 0.0336 0.1015 0.0314 0.5868 0.0077 0.0188 
   HI_SS0133  6 0.0011 0.0062 0.9640 0.0045 0.0047 0.0044 0.0037 0.0026 0.0087 
   HI_SS0134  6 0.0030 0.1059 0.3816 0.0311 0.0089 0.1056 0.2344 0.0797 0.0498 
   HI_SS0142  6 0.0115 0.0199 0.0041 0.0988 0.0068 0.0116 0.8134 0.0061 0.0279 
   HI_SS0145  6 0.0015 0.0142 0.0320 0.8336 0.0147 0.0249 0.0474 0.0095 0.0221 
   HI_SS0146  6 0.0010 0.0098 0.8897 0.0092 0.0418 0.0074 0.0069 0.0096 0.0245 
   HI_SS0147  6 0.0344 0.0192 0.0075 0.0165 0.5698 0.0288 0.0762 0.2338 0.0140 
   HI_SS0149  6 0.0035 0.9449 0.0107 0.0093 0.0079 0.0077 0.0059 0.0038 0.0063 
   HI_SS0150  6 0.0037 0.0803 0.0150 0.0211 0.0134 0.3948 0.4206 0.0405 0.0106 
   HI_SS0151  6 0.0172 0.0089 0.0319 0.0854 0.4672 0.0847 0.0427 0.0556 0.2064 
   NS_SS1451  6 0.0042 0.0403 0.0440 0.0155 0.2459 0.2241 0.2998 0.1195 0.0066 
   NS_SS1404  6 0.0146 0.0138 0.0384 0.0208 0.0628 0.4758 0.0960 0.2600 0.0179 
   NS_SS1432  6 0.0452 0.6221 0.0062 0.0124 0.0297 0.2080 0.0188 0.0522 0.0054 
   NS_SS1405  6 0.0038 0.0102 0.1195 0.0124 0.0088 0.3152 0.0210 0.2143 0.2949 
   NS_SS1431  6 0.0013 0.9427 0.0059 0.0123 0.0093 0.0098 0.0062 0.0058 0.0066 
   NS_SS1402  6 0.0033 0.1649 0.0150 0.0151 0.0202 0.4616 0.1282 0.1418 0.0498 
   NS_SS1450  6 0.0043 0.0848 0.0672 0.0775 0.0110 0.3529 0.0481 0.0396 0.3145 
   NS_SS1396  6 0.0082 0.7474 0.0121 0.0181 0.1238 0.0145 0.0485 0.0085 0.0190 
   NS_SS1393  6 0.0034 0.0100 0.0050 0.0077 0.0738 0.0081 0.0096 0.0124 0.8699 
   NS_SS1392  6 0.0158 0.0159 0.0151 0.0115 0.0118 0.6152 0.1446 0.1454 0.0247 
   NS_SS1445  6 0.0055 0.0214 0.0087 0.9202 0.0124 0.0072 0.0044 0.0096 0.0106 
   NS_SS1423  6 0.0016 0.1572 0.2176 0.0995 0.0162 0.0120 0.0074 0.0237 0.4647 
   NS_SS1421  6 0.0997 0.4707 0.2938 0.0095 0.0333 0.0557 0.0090 0.0136 0.0147 
   NS_SS1411  6 0.0019 0.0126 0.7883 0.0075 0.0332 0.0235 0.0340 0.0107 0.0882 
   NS_SS1453  6 0.0056 0.7724 0.0152 0.0154 0.0292 0.0878 0.0183 0.0348 0.0214 
   NS_SS1442  6 0.0057 0.0204 0.4248 0.1153 0.0371 0.0335 0.0997 0.1793 0.0841 
   NS_SS1422  6 0.0153 0.0301 0.0280 0.0751 0.2275 0.0216 0.0373 0.1441 0.4212 
   NS_SS1419  6 0.1255 0.0065 0.0081 0.0077 0.8178 0.0070 0.0122 0.0084 0.0067 
   NS_SS1427  6 0.0018 0.0099 0.4130 0.0175 0.0138 0.0173 0.0064 0.0111 0.5092 
   NS_SS1444  6 0.0037 0.0160 0.0133 0.0263 0.2332 0.0223 0.0129 0.6638 0.0086 
   NS_SS1455  6 0.0016 0.3715 0.0093 0.0075 0.0569 0.0106 0.3707 0.1075 0.0644 
   NS_SS1425  6 0.0018 0.0070 0.8627 0.0076 0.0506 0.0088 0.0216 0.0067 0.0332 
   NS_SS1400  6 0.0019 0.0107 0.8474 0.0187 0.0084 0.0052 0.0105 0.0225 0.0746 
   NS_SS1406  6 0.0110 0.6052 0.0037 0.0255 0.0149 0.0509 0.1323 0.1477 0.0089 
   NS_SS1417  6 0.0066 0.0103 0.0504 0.0058 0.0248 0.0068 0.0982 0.7581 0.0390 
   NS_SS1454  6 0.0011 0.7130 0.1501 0.0141 0.0237 0.0208 0.0179 0.0162 0.0429 
   NS_SS1412  6 0.0218 0.0447 0.1103 0.0238 0.0123 0.2200 0.4851 0.0517 0.0303 
   NS_SS1438  6 0.0014 0.0189 0.0498 0.0550 0.0327 0.0125 0.0220 0.2820 0.5256 
   NS_SS1416  6 0.0057 0.0262 0.0084 0.0068 0.0177 0.0148 0.6447 0.0226 0.2531 
   NS_SS1401  6 0.0121 0.8445 0.0209 0.0159 0.0500 0.0128 0.0149 0.0197 0.0092 
   NS_SS1424  6 0.0142 0.0777 0.5847 0.0725 0.0361 0.0409 0.1023 0.0163 0.0553 
   NS_SS1435  6 0.0031 0.0210 0.8413 0.0216 0.0099 0.0197 0.0647 0.0107 0.0080 
   NS_SS1447  6 0.0062 0.0178 0.0112 0.0166 0.0114 0.0051 0.0210 0.9009 0.0098 
   NS_SS1414  6 0.0066 0.0084 0.0061 0.0206 0.0083 0.0087 0.0103 0.9266 0.0042 
   NS_SS1449  6 0.0038 0.2564 0.0145 0.0071 0.6735 0.0088 0.0105 0.0094 0.0160 
   NS_SS1443  6 0.0024 0.0166 0.3804 0.3598 0.0755 0.0077 0.0232 0.0059 0.1286 
   NS_SS1434  6 0.0008 0.0515 0.6291 0.0167 0.0095 0.0755 0.0406 0.0399 0.1363 
   NS_SS1398  6 0.0153 0.0323 0.0492 0.0233 0.0106 0.6660 0.0077 0.1790 0.0166 
   NS_SS1426  6 0.0022 0.0140 0.0175 0.8576 0.0060 0.0087 0.0252 0.0066 0.0622 
   NS_SS1413  6 0.0080 0.0036 0.9596 0.0050 0.0031 0.0046 0.0043 0.0073 0.0045 
   NS_SS1395  6 0.0076 0.0254 0.0138 0.7342 0.0177 0.0137 0.0173 0.0161 0.1541 
   NS_SS1448  6 0.0018 0.0193 0.7272 0.0317 0.0553 0.0583 0.0731 0.0273 0.0060 
   NS_SS1446  6 0.0035 0.0339 0.0161 0.0202 0.0131 0.0205 0.2668 0.0759 0.5499 
   NS_SS1403  6 0.0057 0.8102 0.0056 0.0249 0.0210 0.0763 0.0143 0.0096 0.0324 
   NS_SS1415  6 0.0107 0.0087 0.8830 0.0276 0.0220 0.0084 0.0181 0.0052 0.0163 
   NS_SS1437  6 0.0096 0.1614 0.0303 0.6224 0.0071 0.0471 0.0695 0.0332 0.0193 
   NS_SS1439  6 0.0035 0.0297 0.0045 0.1361 0.0078 0.0153 0.1126 0.3604 0.3302 
   NS_SS1441  6 0.0022 0.0595 0.2286 0.1635 0.0155 0.0849 0.1084 0.0693 0.2680 
   NS_SS1420  6 0.0030 0.0061 0.0029 0.0074 0.9414 0.0109 0.0053 0.0174 0.0057 
   NS_SS1394  6 0.0313 0.0066 0.0040 0.2468 0.0296 0.0146 0.6491 0.0121 0.0059 
   NS_SS1391  6 0.0104 0.0185 0.0277 0.7150 0.0060 0.0176 0.0074 0.1693 0.0282 
   NS_SS1410  6 0.0143 0.7939 0.0406 0.0079 0.0558 0.0244 0.0129 0.0157 0.0343 
   NS_SS1408  6 0.0560 0.1447 0.0231 0.0583 0.0085 0.3087 0.3894 0.0059 0.0054 
   NS_SS1409  6 0.0027 0.0693 0.0126 0.0259 0.0122 0.0238 0.0162 0.0064 0.8308 
   HI_SS0617  7 0.0018 0.0200 0.0048 0.0297 0.0209 0.3619 0.0187 0.0337 0.5084 
   HI_SS0618  7 0.0023 0.0207 0.0076 0.0068 0.2950 0.1929 0.4522 0.0069 0.0155 
   HI_SS0619  7 0.0032 0.1137 0.1175 0.0136 0.0362 0.2694 0.0096 0.4154 0.0214 
   HI_SS0620  7 0.0034 0.0025 0.9065 0.0071 0.0160 0.0273 0.0135 0.0054 0.0184 
   HI_SS0621  7 0.0150 0.0148 0.0060 0.0371 0.0372 0.6478 0.0499 0.1772 0.0150 
   HI_SS0622  7 0.0102 0.0087 0.0195 0.8209 0.0337 0.0204 0.0141 0.0624 0.0101 
   HI_SS0626  7 0.0071 0.0133 0.0138 0.0426 0.0148 0.7755 0.0184 0.1034 0.0111 
   HI_SS0627  7 0.0120 0.5309 0.0143 0.0090 0.3103 0.0086 0.0421 0.0620 0.0109 
   HI_SS0628  7 0.0419 0.0483 0.0920 0.0072 0.0094 0.5682 0.0214 0.0337 0.1777 
   HI_SS0629  7 0.0052 0.0512 0.0147 0.0151 0.1034 0.5339 0.0180 0.0153 0.2432 
   HI_SS0630  7 0.0617 0.0111 0.6240 0.0110 0.0305 0.2029 0.0218 0.0170 0.0200 
   HI_SS0631  7 0.0009 0.0269 0.1347 0.6210 0.1243 0.0348 0.0144 0.0080 0.0350 
   HI_SS0632  7 0.0036 0.0347 0.1935 0.0217 0.6729 0.0246 0.0265 0.0173 0.0052 
   HI_SS0633  7 0.0028 0.0083 0.0044 0.0272 0.0048 0.0196 0.0072 0.8885 0.0371 
   HI_SS0634  7 0.0022 0.3582 0.0711 0.0069 0.0711 0.1988 0.2603 0.0103 0.0211 
   HI_SS0635  7 0.0101 0.0130 0.0248 0.0638 0.0637 0.5485 0.1839 0.0399 0.0523 
   HI_SS0637  7 0.0027 0.0153 0.0038 0.0838 0.0343 0.7144 0.1180 0.0186 0.0091 
   HI_SS0638  7 0.0017 0.0572 0.7593 0.0328 0.0452 0.0490 0.0296 0.0138 0.0113 
   HI_SS0639  7 0.0438 0.0122 0.0059 0.0366 0.0378 0.2266 0.6134 0.0139 0.0099 
   HI_SS0640  7 0.0022 0.0054 0.0092 0.9072 0.0290 0.0110 0.0126 0.0104 0.0130 
   HI_SS0641  7 0.0058 0.0028 0.0315 0.0245 0.0299 0.6048 0.0094 0.1630 0.1283 
   HI_SS0642  7 0.0024 0.9158 0.0080 0.0245 0.0138 0.0099 0.0100 0.0102 0.0053 
   HI_SS0645  7 0.0011 0.0097 0.0091 0.0041 0.9344 0.0127 0.0082 0.0131 0.0076 
   HI_SS0646  7 0.0025 0.1704 0.0287 0.3956 0.0068 0.0481 0.0763 0.0912 0.1805 
   HI_SS0647  7 0.0014 0.0808 0.1579 0.0216 0.0116 0.0355 0.0131 0.6595 0.0187 
   HI_SS0648  7 0.0029 0.0238 0.0792 0.3679 0.0291 0.1402 0.3139 0.0244 0.0187 
   HI_SS0649  7 0.0021 0.0347 0.0056 0.0265 0.0845 0.2226 0.0386 0.4700 0.1154 
   HI_SS0650  7 0.0051 0.0152 0.0057 0.0102 0.0237 0.3690 0.5305 0.0246 0.0160 
   HI_SS0651  7 0.0034 0.0050 0.0062 0.8430 0.0130 0.0110 0.0176 0.0906 0.0103 
   HI_SS0652  7 0.0039 0.0095 0.0116 0.0155 0.0320 0.5651 0.0596 0.2935 0.0094 
   NS_SS1371  7 0.0068 0.0094 0.0080 0.0194 0.0096 0.1857 0.0469 0.0120 0.7021 
   NS_SS1374  7 0.0042 0.0821 0.2093 0.0150 0.0114 0.5857 0.0677 0.0089 0.0156 
   NS_SS1337  7 0.0034 0.6980 0.0138 0.0070 0.0271 0.0758 0.0671 0.0927 0.0152 
   NS_SS1385  7 0.0066 0.2637 0.0277 0.1868 0.0088 0.0129 0.3701 0.0469 0.0766 
   NS_SS1388  7 0.0076 0.0142 0.0157 0.0097 0.0328 0.0349 0.0093 0.8496 0.0264 
   NS_SS1370  7 0.0072 0.0209 0.0052 0.0034 0.9411 0.0046 0.0056 0.0062 0.0058 
   NS_SS1389  7 0.0036 0.0149 0.0108 0.0117 0.0106 0.4059 0.0092 0.5233 0.0099 
   NS_SS1360  7 0.0058 0.0078 0.3457 0.3981 0.0960 0.0416 0.0423 0.0446 0.0181 
   NS_SS1330  7 0.0043 0.0065 0.0106 0.0088 0.0048 0.0161 0.9160 0.0222 0.0108 
   NS_SS1328  7 0.0026 0.0188 0.8912 0.0155 0.0039 0.0171 0.0272 0.0101 0.0134 
   NS_SS1384  7 0.0032 0.0083 0.0073 0.8842 0.0122 0.0133 0.0218 0.0158 0.0340 
   NS_SS1381  7 0.0008 0.0196 0.0060 0.0049 0.0673 0.0085 0.8050 0.0527 0.0353 
   NS_SS1375  7 0.0012 0.0096 0.0216 0.0353 0.0080 0.3243 0.5830 0.0071 0.0098 
   NS_SS1319  7 0.0932 0.0286 0.0128 0.0391 0.0105 0.5649 0.0738 0.0454 0.1319 
   NS_SS1326  7 0.0098 0.0219 0.9058 0.0059 0.0064 0.0156 0.0067 0.0166 0.0114 
   NS_SS1341  7 0.0047 0.6119 0.0150 0.0690 0.0594 0.0176 0.0370 0.1416 0.0439 
   NS_SS1383  7 0.0054 0.3891 0.0403 0.0508 0.0247 0.2637 0.2081 0.0047 0.0132 
   NS_SS1318  7 0.0218 0.0073 0.0367 0.0167 0.0705 0.0288 0.1794 0.5500 0.0888 
   NS_SS1348  7 0.0022 0.0094 0.8103 0.0294 0.0390 0.0159 0.0306 0.0120 0.0512 
   NS_SS1363  7 0.0064 0.0129 0.0359 0.0099 0.5455 0.2793 0.0917 0.0115 0.0070 
   NS_SS1335  7 0.0401 0.0354 0.4960 0.2344 0.0468 0.0887 0.0181 0.0089 0.0315 
   NS_SS1358  7 0.0188 0.0708 0.0340 0.0349 0.2468 0.0113 0.4689 0.0101 0.1045 
   NS_SS1342  7 0.0018 0.1058 0.0127 0.0374 0.0059 0.0115 0.0192 0.0450 0.7607 
   NS_SS1320  7 0.0049 0.0195 0.0047 0.0059 0.0041 0.0617 0.0187 0.8747 0.0058 
   NS_SS1355  7 0.0122 0.0083 0.0038 0.0173 0.0594 0.0222 0.0100 0.8416 0.0252 
   NS_SS1345  7 0.0204 0.0084 0.0339 0.1831 0.0153 0.0094 0.2308 0.4645 0.0343 
   NS_SS1324  7 0.0032 0.0172 0.3370 0.0918 0.1354 0.1783 0.0357 0.0849 0.1165 
   NS_SS1347  7 0.0043 0.0341 0.0121 0.7916 0.0254 0.0522 0.0491 0.0136 0.0177 
   NS_SS1321  7 0.0015 0.7095 0.0369 0.0092 0.0448 0.1102 0.0475 0.0065 0.0340 
   NS_SS1333  7 0.0038 0.0384 0.0505 0.0156 0.0059 0.7282 0.0111 0.0082 0.1382 
   NS_SS1364  7 0.0019 0.0167 0.0465 0.6716 0.0206 0.0463 0.0049 0.1807 0.0108 
   NS_SS1379  7 0.0536 0.0180 0.0070 0.0157 0.0564 0.0076 0.8172 0.0164 0.0081 
   NS_SS1332  7 0.0067 0.0144 0.8879 0.0480 0.0039 0.0084 0.0128 0.0077 0.0102 
   NS_SS1338  7 0.0082 0.0163 0.0258 0.2048 0.5128 0.0192 0.0350 0.0268 0.1511 
   NS_SS1368  7 0.0055 0.2504 0.6288 0.0224 0.0070 0.0179 0.0260 0.0099 0.0322 
   NS_SS1354  7 0.0149 0.0411 0.0208 0.2101 0.1627 0.0519 0.0484 0.3874 0.0627 
   NS_SS1365  7 0.0124 0.0121 0.2431 0.0151 0.0626 0.3711 0.2266 0.0435 0.0134 
   NS_SS1380  7 0.0190 0.0195 0.0043 0.0574 0.0059 0.0370 0.0660 0.7828 0.0080 
   NS_SS1329  7 0.0029 0.1923 0.0408 0.0772 0.0107 0.0103 0.0111 0.0148 0.6400 
   NS_SS1362  7 0.0050 0.0132 0.0176 0.4316 0.0071 0.0554 0.2444 0.0350 0.1907 
   NS_SS1327  7 0.0041 0.0099 0.8255 0.0214 0.0108 0.0085 0.0060 0.0042 0.1096 
   NS_SS1350  7 0.0075 0.0054 0.0113 0.0428 0.0045 0.7871 0.0993 0.0099 0.0321 
   NS_SS1387  7 0.0025 0.0146 0.0057 0.0489 0.7347 0.0194 0.1014 0.0270 0.0459 
   NS_SS1369  7 0.0033 0.0103 0.5777 0.0114 0.2689 0.0219 0.0156 0.0157 0.0751 
