   NS_SS0963  1 0.1612 0.0160 0.0126 0.0046 0.8056 
   NS_SS0983  1 0.4592 0.5055 0.0062 0.0050 0.0241 
   NS_SS0719  1 0.9034 0.0406 0.0290 0.0045 0.0225 
   NS_SS1001  1 0.0160 0.0771 0.8869 0.0057 0.0143 
   NS_SS0936  1 0.0284 0.0255 0.0464 0.0023 0.8974 
   NS_SS0955  1 0.1790 0.5317 0.0466 0.0032 0.2395 
   NS_SS0944  1 0.0205 0.7875 0.0825 0.0022 0.1073 
   NS_SS0945  1 0.0362 0.4743 0.4531 0.0096 0.0268 
   NS_SS0922  1 0.4464 0.0097 0.4581 0.0254 0.0604 
   NS_SS0929  1 0.1238 0.2636 0.1276 0.0027 0.4823 
   NS_SS0956  1 0.2418 0.0181 0.6590 0.0046 0.0766 
   NS_SS0906  1 0.1382 0.0321 0.2072 0.0027 0.6198 
   NS_SS0721  1 0.9554 0.0154 0.0119 0.0048 0.0125 
   NS_SS0982  1 0.0986 0.0157 0.0270 0.0129 0.8458 
   NS_SS0923  1 0.4821 0.0156 0.2738 0.0044 0.2241 
   NS_SS0905  1 0.8956 0.0310 0.0346 0.0014 0.0374 
   NS_SS0925  1 0.8150 0.0065 0.0346 0.0038 0.1400 
   NS_SS0947  1 0.0633 0.0201 0.4620 0.0047 0.4499 
   NS_SS0926  1 0.0093 0.9538 0.0214 0.0012 0.0143 
   NS_SS0918  1 0.0208 0.0442 0.1011 0.0019 0.8319 
   NS_SS0966  1 0.0640 0.0222 0.0420 0.0469 0.8249 
   NS_SS0938  1 0.0125 0.0323 0.3619 0.0014 0.5918 
   NS_SS0917  1 0.7332 0.0138 0.2071 0.0318 0.0142 
   NS_SS0957  1 0.0569 0.0303 0.5571 0.0066 0.3491 
   NS_SS0987  1 0.3760 0.0570 0.3147 0.2409 0.0114 
   NS_SS0717  1 0.0602 0.0148 0.8701 0.0033 0.0516 
   NS_SS0986  1 0.0980 0.2397 0.4920 0.0040 0.1663 
   NS_SS0953  1 0.0392 0.0212 0.1615 0.0135 0.7646 
   NS_SS0907  1 0.2794 0.0173 0.0118 0.0314 0.6600 
   NS_SS0974  1 0.3521 0.3605 0.1516 0.0041 0.1317 
   NS_SS0989  1 0.0927 0.6264 0.0251 0.0011 0.2546 
   NS_SS0991  1 0.1550 0.7906 0.0128 0.0019 0.0397 
   NS_SS0994  1 0.0126 0.9540 0.0226 0.0020 0.0088 
   NS_SS0931  1 0.0168 0.9542 0.0093 0.0089 0.0107 
   NS_SS1000  1 0.1109 0.0179 0.5224 0.0039 0.3448 
   NS_SS0919  1 0.6758 0.0313 0.0083 0.0027 0.2819 
   NS_SS0949  1 0.0575 0.9212 0.0095 0.0013 0.0104 
   NS_SS0960  1 0.7408 0.1250 0.0224 0.0061 0.1057 
   NS_SS0716  1 0.0066 0.0051 0.9779 0.0069 0.0034 
   NS_SS0924  1 0.6121 0.2504 0.0395 0.0200 0.0780 
   NS_SS0935  1 0.2740 0.6883 0.0147 0.0093 0.0138 
   NS_SS0952  1 0.2131 0.4696 0.0976 0.0367 0.1831 
   NS_SS0962  1 0.1355 0.0151 0.2508 0.0073 0.5913 
   NS_SS0973  1 0.8272 0.0284 0.0083 0.0032 0.1328 
   NS_SS0722  1 0.0236 0.0102 0.9283 0.0023 0.0357 
   NS_SS0979  1 0.0838 0.0138 0.6768 0.0020 0.2236 
   NS_SS0993  1 0.2027 0.0180 0.3578 0.0180 0.4034 
   NS_SS0958  1 0.0279 0.8039 0.0759 0.0026 0.0897 
   NS_SS0988  1 0.0789 0.0786 0.0903 0.0049 0.7474 
   NS_SS1003  1 0.4716 0.0150 0.0641 0.0104 0.4390 
   NS_SS0976  1 0.1101 0.5173 0.0217 0.0020 0.3488 
   NS_SS0964  1 0.0509 0.0088 0.9252 0.0027 0.0123 
   NS_SS0939  1 0.0118 0.0068 0.9718 0.0046 0.0051 
   NS_SS0990  1 0.0305 0.0386 0.8660 0.0033 0.0617 
   NS_SS0984  1 0.0275 0.0067 0.9528 0.0021 0.0109 
   NS_SS0980  1 0.2473 0.0127 0.0203 0.0018 0.7179 
   NS_SS0978  1 0.8143 0.0122 0.0308 0.0031 0.1396 
   NS_SS0951  1 0.1500 0.5799 0.2344 0.0030 0.0327 
   NS_SS0913  1 0.0384 0.0126 0.8449 0.0403 0.0637 
   NS_SS1002  1 0.0056 0.0046 0.0074 0.0241 0.9583 
   NS_SS0948  1 0.0593 0.2136 0.1107 0.0470 0.5694 
   NS_SS0916  1 0.6208 0.1098 0.0652 0.0054 0.1988 
   NS_SS0995  1 0.9100 0.0077 0.0568 0.0022 0.0233 
   NS_SS0927  1 0.9314 0.0252 0.0243 0.0041 0.0150 
   NS_SS0992  1 0.4193 0.0431 0.0399 0.0023 0.4955 
   NS_SS0912  1 0.1937 0.6700 0.0476 0.0028 0.0859 
   NS_SS0981  1 0.5381 0.0335 0.1491 0.0033 0.2761 
   NS_SS0729  2 0.0490 0.9205 0.0093 0.0034 0.0178 
   NS_SS0967  2 0.1820 0.0365 0.0174 0.0113 0.7527 
   NS_SS0941  2 0.2051 0.1498 0.4183 0.0892 0.1376 
   NS_SS0768  2 0.0406 0.0195 0.1730 0.0048 0.7620 
   NS_SS0726  2 0.3658 0.2876 0.0416 0.0077 0.2972 
   NS_SS0763  2 0.2517 0.6420 0.0647 0.0027 0.0390 
   NS_SS0730  2 0.0997 0.0149 0.6310 0.0032 0.2512 
   NS_SS0774  2 0.0413 0.0054 0.6152 0.0008 0.3372 
   NS_SS0723  2 0.5201 0.0055 0.0729 0.0014 0.4001 
   NS_SS0940  2 0.4249 0.3701 0.1830 0.0068 0.0152 
   NS_SS0762  2 0.0140 0.0078 0.9653 0.0030 0.0099 
   NS_SS0766  2 0.2545 0.1647 0.5540 0.0151 0.0117 
   NS_SS0724  2 0.1241 0.0272 0.7492 0.0043 0.0952 
   NS_SS0769  2 0.4766 0.0209 0.1243 0.0034 0.3748 
   NS_SS0777  2 0.4746 0.4519 0.0386 0.0129 0.0220 
   NS_SS0734  2 0.5616 0.2501 0.1543 0.0234 0.0106 
   NS_SS0737  2 0.0261 0.0088 0.8121 0.0044 0.1486 
   NS_SS0732  2 0.9031 0.0069 0.0406 0.0038 0.0455 
   NS_SS0728  2 0.5592 0.0555 0.2087 0.0095 0.1671 
   NS_SS0735  2 0.7207 0.0255 0.0775 0.0075 0.1688 
   NS_SS0725  2 0.0080 0.0244 0.9202 0.0072 0.0402 
   NS_SS0788  2 0.8810 0.0097 0.0187 0.0013 0.0892 
   NS_SS0778  2 0.8618 0.0357 0.0221 0.0015 0.0789 
   NS_SS0792  2 0.1578 0.0778 0.1196 0.0052 0.6396 
   NS_SS0943  2 0.0153 0.9303 0.0118 0.0081 0.0345 
   NS_SS0791  2 0.8932 0.0614 0.0259 0.0109 0.0086 
   NS_SS0790  2 0.0164 0.0033 0.7199 0.0041 0.2563 
   NS_SS0731  2 0.0109 0.0109 0.9595 0.0110 0.0077 
   NS_SS0727  2 0.0253 0.6441 0.3196 0.0018 0.0092 
   NS_SS0779  2 0.8723 0.0450 0.0574 0.0054 0.0198 
   NS_SS0776  2 0.2095 0.1413 0.5641 0.0075 0.0776 
   NS_SS0775  2 0.0101 0.0141 0.9382 0.0063 0.0313 
   NS_SS0965  3 0.2447 0.0235 0.0192 0.0017 0.7108 
   NS_SS0754  3 0.5694 0.3361 0.0266 0.0118 0.0561 
   NS_SS0838  3 0.5206 0.1411 0.1445 0.0432 0.1507 
   NS_SS0839  3 0.0687 0.0045 0.4995 0.0037 0.4236 
   NS_SS0832  3 0.1533 0.0055 0.1471 0.0473 0.6468 
   NS_SS0820  3 0.3647 0.0046 0.3990 0.0067 0.2249 
   NS_SS0886  3 0.7384 0.2109 0.0238 0.0018 0.0251 
   NS_SS0748  3 0.0506 0.7345 0.0770 0.0093 0.1286 
   NS_SS0884  3 0.1955 0.0415 0.0612 0.0244 0.6774 
   NS_SS0752  3 0.8337 0.0189 0.0628 0.0018 0.0828 
   NS_SS0862  3 0.6730 0.0106 0.0369 0.0038 0.2758 
   NS_SS0787  3 0.0448 0.9198 0.0124 0.0068 0.0163 
   NS_SS0843  3 0.7967 0.0658 0.0839 0.0019 0.0517 
   NS_SS0856  3 0.3331 0.0139 0.5249 0.0032 0.1249 
   NS_SS0846  3 0.0832 0.0697 0.0079 0.0024 0.8369 
   NS_SS0825  3 0.0619 0.0284 0.0346 0.0103 0.8647 
   NS_SS0757  3 0.6812 0.1322 0.0669 0.0032 0.1166 
   NS_SS0876  3 0.4812 0.0120 0.1379 0.2198 0.1490 
   NS_SS0903  3 0.5067 0.0061 0.0103 0.0026 0.4742 
   NS_SS0875  3 0.2539 0.0754 0.6095 0.0034 0.0578 
   NS_SS0740  3 0.8743 0.0249 0.0488 0.0030 0.0490 
   NS_SS0811  3 0.1151 0.0139 0.6565 0.0097 0.2048 
   NS_SS0751  3 0.5232 0.0782 0.3220 0.0023 0.0742 
   NS_SS0891  3 0.0269 0.0130 0.9410 0.0050 0.0142 
   NS_SS0867  3 0.0754 0.2740 0.0098 0.0224 0.6183 
   NS_SS0890  3 0.8552 0.0610 0.0484 0.0025 0.0329 
   NS_SS0866  3 0.0253 0.8034 0.1227 0.0050 0.0436 
   NS_SS0755  3 0.1935 0.0646 0.6374 0.0081 0.0963 
   NS_SS0758  3 0.8536 0.0383 0.0215 0.0021 0.0845 
   NS_SS0840  3 0.1775 0.0110 0.2408 0.0021 0.5685 
   NS_SS0889  3 0.0161 0.9093 0.0398 0.0022 0.0326 
   NS_SS1010  3 0.0986 0.0173 0.1144 0.0381 0.7315 
   NS_SS0888  3 0.3731 0.5957 0.0195 0.0018 0.0100 
   NS_SS0837  3 0.1312 0.0493 0.2189 0.0028 0.5977 
   NS_SS0794  3 0.0300 0.9025 0.0431 0.0020 0.0225 
   NS_SS0823  3 0.0552 0.0338 0.0902 0.0042 0.8166 
   NS_SS0829  3 0.0483 0.7601 0.0188 0.1172 0.0556 
   NS_SS0844  3 0.0152 0.0061 0.0225 0.0014 0.9547 
   NS_SS1008  3 0.0614 0.4971 0.4043 0.0135 0.0237 
   NS_SS0881  3 0.4584 0.1405 0.2919 0.0026 0.1066 
   NS_SS0834  3 0.0470 0.0213 0.8315 0.0072 0.0929 
   NS_SS0744  3 0.7608 0.0139 0.0152 0.0053 0.2049 
   NS_SS0899  3 0.0693 0.0072 0.7972 0.0015 0.1247 
   NS_SS0804  3 0.1343 0.0061 0.1104 0.0044 0.7449 
   NS_SS0781  3 0.0351 0.0047 0.0607 0.0030 0.8965 
   NS_SS0822  3 0.1538 0.8058 0.0193 0.0022 0.0189 
   NS_SS1004  3 0.3842 0.0740 0.0184 0.0039 0.5194 
   NS_SS0746  3 0.1302 0.4390 0.2274 0.0184 0.1851 
   NS_SS0880  3 0.2478 0.1699 0.0418 0.0019 0.5385 
   NS_SS0879  3 0.0247 0.0425 0.7280 0.0163 0.1886 
   NS_SS0753  3 0.6429 0.2763 0.0105 0.0094 0.0609 
   NS_SS1007  3 0.9569 0.0086 0.0160 0.0018 0.0167 
   NS_SS0872  3 0.1561 0.0143 0.0770 0.0022 0.7504 
   NS_SS1005  3 0.2110 0.0294 0.1235 0.0012 0.6349 
   NS_SS0892  3 0.7143 0.0739 0.1523 0.0019 0.0575 
   NS_SS0898  3 0.0256 0.7151 0.1326 0.0065 0.1202 
   NS_SS0801  3 0.6975 0.0159 0.1439 0.0106 0.1322 
   NS_SS0827  3 0.3512 0.3036 0.1733 0.1309 0.0409 
   NS_SS0853  3 0.1298 0.0211 0.6552 0.0055 0.1884 
   NS_SS0780  3 0.5048 0.0086 0.0578 0.0042 0.4247 
   NS_SS0826  3 0.0095 0.0727 0.0096 0.0026 0.9056 
   NS_SS0818  3 0.1845 0.0154 0.0986 0.0018 0.6997 
   NS_SS0745  3 0.0043 0.0067 0.9829 0.0013 0.0049 
   NS_SS0849  3 0.6229 0.0550 0.2122 0.0018 0.1080 
   NS_SS0739  3 0.9093 0.0104 0.0569 0.0104 0.0131 
   NS_SS0799  3 0.5079 0.4411 0.0286 0.0011 0.0213 
   NS_SS0756  3 0.0133 0.0074 0.0113 0.0032 0.9647 
   NS_SS0802  3 0.7578 0.0269 0.0233 0.1796 0.0123 
   NS_SS0747  3 0.8685 0.0064 0.0120 0.0042 0.1090 
   NS_SS0835  3 0.0655 0.7924 0.0672 0.0013 0.0736 
   NS_SS0742  3 0.6821 0.0173 0.0330 0.0012 0.2664 
   NS_SS0760  3 0.0182 0.9108 0.0073 0.0467 0.0170 
   NS_SS0803  3 0.0103 0.0048 0.0062 0.0060 0.9727 
   NS_SS0828  3 0.5775 0.2567 0.0929 0.0014 0.0716 
   NS_SS0865  3 0.6778 0.0311 0.0517 0.0243 0.2151 
   NS_SS0759  3 0.8585 0.0066 0.1155 0.0041 0.0152 
   NS_SS0851  3 0.0073 0.0080 0.9385 0.0118 0.0344 
   NS_SS0874  3 0.0589 0.0131 0.1760 0.0015 0.7505 
   NS_SS0761  3 0.0735 0.5576 0.0300 0.0028 0.3362 
   NS_SS0842  3 0.0467 0.0991 0.6947 0.0077 0.1518 
   NS_SS0785  3 0.3565 0.1412 0.0236 0.0045 0.4742 
   NS_SS0860  3 0.5100 0.4423 0.0177 0.0024 0.0276 
   NS_SS0897  3 0.0083 0.9704 0.0107 0.0017 0.0089 
   NS_SS0841  3 0.3146 0.0355 0.2964 0.0043 0.3492 
   NS_SS0797  3 0.0177 0.8918 0.0452 0.0246 0.0207 
   NS_SS0830  3 0.4438 0.1956 0.2825 0.0021 0.0760 
   NS_SS1011  3 0.0220 0.0060 0.0112 0.0042 0.9566 
   NS_SS0883  3 0.9460 0.0163 0.0126 0.0040 0.0210 
   NS_SS0782  3 0.1036 0.2568 0.6128 0.0027 0.0242 
   NS_SS0831  3 0.0710 0.8691 0.0371 0.0038 0.0190 
   NS_SS0749  3 0.9473 0.0197 0.0120 0.0032 0.0178 
   NS_SS0854  3 0.5546 0.1797 0.1905 0.0032 0.0719 
   HI_SS0193  4 0.0080 0.9475 0.0326 0.0016 0.0102 
   HI_SS0194  4 0.0165 0.0184 0.9025 0.0018 0.0607 
   HI_SS0195  4 0.2300 0.0081 0.4301 0.1188 0.2131 
   HI_SS0196  4 0.4072 0.1769 0.3850 0.0028 0.0282 
   HI_SS0197  4 0.0665 0.0035 0.0269 0.0111 0.8920 
   HI_SS0198  4 0.8044 0.0367 0.0532 0.0080 0.0977 
   HI_SS0199  4 0.4777 0.4373 0.0199 0.0028 0.0623 
   HI_SS0201  4 0.1126 0.8503 0.0076 0.0022 0.0274 
   HI_SS0215  4 0.3278 0.2752 0.0079 0.0032 0.3858 
   HI_SS0218  4 0.0129 0.9619 0.0122 0.0059 0.0071 
   HI_SS0222  4 0.6449 0.1185 0.2120 0.0044 0.0202 
   HI_SS0230  4 0.4954 0.0123 0.2412 0.0053 0.2458 
   HI_SS0234  4 0.2478 0.0299 0.0262 0.1541 0.5419 
   HI_SS0240  4 0.9094 0.0096 0.0488 0.0063 0.0259 
   HI_SS0241  4 0.1564 0.6589 0.0469 0.0019 0.1359 
   HI_SS0242  4 0.1407 0.2733 0.3736 0.0028 0.2096 
   HI_SS0247  4 0.0056 0.0120 0.0136 0.0161 0.9527 
   HI_SS0248  4 0.0217 0.9559 0.0162 0.0009 0.0054 
   HI_SS0252  4 0.0303 0.0721 0.3331 0.0021 0.5622 
   HI_SS0254  4 0.3541 0.3693 0.0167 0.0893 0.1706 
   HI_SS0256  4 0.0102 0.0022 0.0316 0.0014 0.9546 
   HI_SS0257  4 0.2322 0.1477 0.0222 0.0029 0.5950 
   HI_SS0258  4 0.0867 0.8663 0.0232 0.0041 0.0196 
   HI_SS0259  4 0.2744 0.0206 0.4859 0.0030 0.2161 
   HI_SS0260  4 0.1810 0.6555 0.1137 0.0014 0.0484 
   HI_SS0261  4 0.1483 0.7140 0.0959 0.0029 0.0388 
   HI_SS0262  4 0.1597 0.0110 0.3151 0.0074 0.5067 
   HI_SS0264  4 0.0772 0.0196 0.7437 0.0044 0.1552 
   HI_SS0265  4 0.1905 0.0158 0.5018 0.0989 0.1930 
   HI_SS0268  4 0.4406 0.1484 0.2728 0.0035 0.1347 
   HI_SS0269  4 0.1982 0.6898 0.0130 0.0019 0.0971 
   HI_SS0273  4 0.1453 0.7138 0.0172 0.0018 0.1219 
   HI_SS0277  4 0.0727 0.0150 0.0079 0.0025 0.9019 
   HI_SS0280  4 0.1762 0.1028 0.6946 0.0056 0.0207 
   HI_SS0282  4 0.1920 0.7118 0.0143 0.0013 0.0805 
   HI_SS0286  4 0.6206 0.1592 0.0419 0.0077 0.1705 
   NS_SS1252  5 0.0131 0.9630 0.0077 0.0037 0.0125 
   NS_SS1261  5 0.0529 0.0243 0.0194 0.0150 0.8884 
   NS_SS1225  5 0.1239 0.1775 0.0238 0.0909 0.5838 
   NS_SS1266  5 0.0304 0.0058 0.0804 0.0073 0.8761 
   NS_SS1228  5 0.2892 0.0146 0.5336 0.0168 0.1457 
   NS_SS1255  5 0.0112 0.0288 0.9402 0.0015 0.0182 
   NS_SS1267  5 0.0457 0.9242 0.0112 0.0127 0.0062 
   NS_SS1238  5 0.1473 0.4382 0.3019 0.0027 0.1099 
   NS_SS1233  5 0.0328 0.0994 0.3026 0.0019 0.5633 
   NS_SS1277  5 0.0056 0.9682 0.0200 0.0010 0.0052 
   NS_SS1245  5 0.1036 0.7373 0.1326 0.0017 0.0248 
   NS_SS1240  5 0.0403 0.9378 0.0082 0.0021 0.0116 
   NS_SS1275  5 0.0082 0.0053 0.2550 0.0025 0.7290 
   NS_SS1235  5 0.0390 0.0311 0.1720 0.0038 0.7540 
   NS_SS1263  5 0.0295 0.0631 0.7508 0.0013 0.1552 
   NS_SS1251  5 0.0314 0.0167 0.0518 0.0013 0.8988 
   NS_SS1248  5 0.0538 0.6184 0.1143 0.1137 0.0997 
   NS_SS1244  5 0.0736 0.1069 0.0070 0.0042 0.8083 
   NS_SS1257  5 0.3949 0.5383 0.0132 0.0323 0.0212 
   NS_SS1242  5 0.0278 0.0075 0.8840 0.0024 0.0783 
   NS_SS1271  5 0.0086 0.9260 0.0273 0.0286 0.0094 
   NS_SS1265  5 0.0772 0.7912 0.0792 0.0234 0.0290 
   NS_SS1243  5 0.2173 0.0682 0.6149 0.0829 0.0167 
   NS_SS1273  5 0.0555 0.0114 0.8211 0.0116 0.1004 
   NS_SS1254  5 0.0204 0.0144 0.5044 0.0056 0.4552 
   NS_SS1224  5 0.0990 0.0150 0.7032 0.0084 0.1744 
   NS_SS1227  5 0.2944 0.4077 0.2695 0.0017 0.0267 
   NS_SS1274  5 0.3441 0.3473 0.1541 0.0176 0.1369 
   NS_SS1241  5 0.0413 0.5504 0.0255 0.0010 0.3818 
   NS_SS1256  5 0.0232 0.1643 0.0692 0.0394 0.7039 
   NS_SS1260  5 0.6579 0.2218 0.0174 0.0633 0.0396 
   NS_SS1262  5 0.0872 0.1829 0.0360 0.1706 0.5233 
   NS_SS1230  5 0.1251 0.6241 0.0806 0.0083 0.1619 
   NS_SS1270  5 0.1696 0.0195 0.1396 0.0019 0.6694 
   NS_SS1229  5 0.0802 0.0082 0.0101 0.0040 0.8975 
   NS_SS1246  5 0.0371 0.6930 0.2071 0.0027 0.0601 
   NS_SS1269  5 0.7511 0.0349 0.1059 0.0022 0.1059 
   NS_SS1239  5 0.6494 0.0194 0.2210 0.0052 0.1049 
   NS_SS1272  5 0.0139 0.0117 0.1301 0.0051 0.8391 
   NS_SS1268  5 0.5615 0.0660 0.3226 0.0022 0.0476 
   NS_SS1249  5 0.0113 0.9529 0.0120 0.0119 0.0119 
   HI_SS0559  6 0.5883 0.2625 0.1279 0.0018 0.0196 
   HI_SS0563  6 0.1441 0.2904 0.0871 0.0031 0.4754 
   HI_SS0564  6 0.7180 0.0127 0.1052 0.0482 0.1159 
   HI_SS0565  6 0.6707 0.1078 0.1251 0.0034 0.0930 
   HI_SS0569  6 0.1476 0.7727 0.0080 0.0024 0.0693 
   HI_SS0570  6 0.1180 0.7051 0.1101 0.0400 0.0269 
   HI_SS0572  6 0.1910 0.0244 0.7336 0.0025 0.0485 
   HI_SS0576  6 0.6586 0.0365 0.1266 0.0062 0.1722 
   HI_SS0579  6 0.5438 0.3282 0.0170 0.0148 0.0963 
   HI_SS0580  6 0.1133 0.4480 0.4042 0.0051 0.0293 
   HI_SS0581  6 0.3633 0.0078 0.3365 0.0702 0.2222 
   HI_SS0583  6 0.0598 0.6973 0.1593 0.0024 0.0812 
   HI_SS0586  6 0.0200 0.9622 0.0091 0.0009 0.0078 
   HI_SS0588  6 0.1645 0.7153 0.0196 0.0218 0.0787 
   HI_SS0595  6 0.1908 0.3560 0.2405 0.0272 0.1856 
   HI_SS0596  6 0.0110 0.0084 0.9666 0.0020 0.0121 
   HI_SS0597  6 0.0476 0.0169 0.4614 0.0022 0.4718 
   HI_SS0600  6 0.3059 0.0291 0.0099 0.0030 0.6521 
   HI_SS0601  6 0.0500 0.0299 0.0061 0.0093 0.9047 
   HI_SS0602  6 0.8364 0.0437 0.0902 0.0023 0.0275 
   HI_SS0604  6 0.4677 0.1913 0.3120 0.0021 0.0268 
   HI_SS0605  6 0.9377 0.0227 0.0265 0.0059 0.0073 
   HI_SS0608  6 0.0133 0.0174 0.9539 0.0010 0.0143 
   HI_SS0609  6 0.0202 0.0146 0.0616 0.0007 0.9029 
   HI_SS0611  6 0.2925 0.6144 0.0533 0.0034 0.0364 
   HI_SS0612  6 0.1011 0.0506 0.0066 0.0049 0.8368 
   HI_SS0613  6 0.7369 0.0376 0.1508 0.0015 0.0733 
   HI_SS0615  6 0.7086 0.0076 0.0713 0.0093 0.2032 
   HI_SS0001  6 0.0227 0.7120 0.1124 0.0040 0.1489 
   HI_SS0002  6 0.0285 0.0077 0.0165 0.0206 0.9266 
   HI_SS0004  6 0.0675 0.5265 0.3933 0.0055 0.0072 
   HI_SS0005  6 0.8471 0.0507 0.0208 0.0059 0.0755 
   HI_SS0006  6 0.0375 0.2634 0.0109 0.0016 0.6866 
   HI_SS0007  6 0.0135 0.9572 0.0197 0.0021 0.0075 
   HI_SS0008  6 0.6566 0.0416 0.0254 0.0313 0.2451 
   HI_SS0009  6 0.1461 0.0506 0.7878 0.0049 0.0105 
   HI_SS0010  6 0.1776 0.5892 0.1952 0.0041 0.0339 
   HI_SS0011  6 0.0123 0.0263 0.1220 0.0842 0.7551 
   HI_SS0012  6 0.7561 0.0056 0.0172 0.0047 0.2164 
   HI_SS0017  6 0.0059 0.0161 0.9607 0.0020 0.0153 
   HI_SS0021  6 0.0463 0.5338 0.1643 0.2424 0.0132 
   HI_SS0024  6 0.0578 0.0895 0.7567 0.0027 0.0933 
   HI_SS0025  6 0.0166 0.0089 0.9587 0.0029 0.0129 
   HI_SS0027  6 0.2366 0.7285 0.0096 0.0140 0.0113 
   HI_SS0028  6 0.2251 0.0074 0.5812 0.0016 0.1847 
   HI_SS0029  6 0.0949 0.0163 0.8641 0.0071 0.0177 
   HI_SS0030  6 0.4659 0.2832 0.1996 0.0062 0.0451 
   HI_SS0031  6 0.5340 0.0103 0.0217 0.0032 0.4308 
   HI_SS0034  6 0.1120 0.8596 0.0085 0.0051 0.0148 
   HI_SS0036  6 0.1184 0.8336 0.0233 0.0153 0.0094 
   HI_SS0037  6 0.0775 0.3712 0.4789 0.0045 0.0679 
   HI_SS0039  6 0.0576 0.6948 0.2161 0.0032 0.0284 
   HI_SS0041  6 0.0380 0.0088 0.9385 0.0018 0.0129 
   HI_SS0042  6 0.1938 0.0247 0.4771 0.1233 0.1810 
   HI_SS0043  6 0.1011 0.8764 0.0079 0.0027 0.0119 
   HI_SS0044  6 0.0319 0.0510 0.9049 0.0024 0.0098 
   HI_SS0047  6 0.7082 0.0303 0.1386 0.0019 0.1210 
   HI_SS0049  6 0.0320 0.0430 0.8780 0.0037 0.0434 
   HI_SS0051  6 0.8571 0.0196 0.0231 0.0022 0.0979 
   HI_SS0053  6 0.0736 0.8832 0.0213 0.0050 0.0169 
   HI_SS0054  6 0.0080 0.9630 0.0067 0.0036 0.0187 
   HI_SS0057  6 0.3771 0.0847 0.3219 0.0037 0.2125 
   HI_SS0058  6 0.1874 0.1420 0.2382 0.0070 0.4254 
   HI_SS0060  6 0.7053 0.0951 0.0186 0.0748 0.1061 
   HI_SS0087  6 0.2933 0.2131 0.0123 0.0022 0.4792 
   HI_SS0091  6 0.0783 0.3445 0.0106 0.0015 0.5651 
   HI_SS0095  6 0.8697 0.0221 0.0182 0.0439 0.0461 
   HI_SS0097  6 0.3982 0.0123 0.0072 0.0038 0.5786 
   HI_SS0099  6 0.0128 0.0100 0.9650 0.0036 0.0086 
   HI_SS0103  6 0.6712 0.0202 0.0708 0.0032 0.2347 
   HI_SS0105  6 0.2161 0.0198 0.0248 0.0269 0.7125 
   HI_SS0107  6 0.0511 0.0137 0.7205 0.0011 0.2135 
   HI_SS0108  6 0.0128 0.9509 0.0052 0.0214 0.0097 
   HI_SS0110  6 0.2305 0.0251 0.0352 0.0012 0.7080 
   HI_SS0111  6 0.7670 0.0116 0.0476 0.0208 0.1530 
   HI_SS0112  6 0.0070 0.9769 0.0087 0.0013 0.0061 
   HI_SS0113  6 0.0292 0.0185 0.5868 0.0039 0.3617 
   HI_SS0114  6 0.5412 0.3837 0.0164 0.0050 0.0537 
   HI_SS0115  6 0.6717 0.0849 0.2188 0.0142 0.0104 
   HI_SS0116  6 0.0238 0.4326 0.5162 0.0033 0.0241 
   HI_SS0117  6 0.0424 0.2724 0.0114 0.0020 0.6719 
   HI_SS0118  6 0.1309 0.2165 0.4574 0.0137 0.1816 
   HI_SS0119  6 0.4531 0.1098 0.0077 0.0015 0.4278 
   HI_SS0120  6 0.0091 0.0075 0.9382 0.0034 0.0418 
   HI_SS0121  6 0.0219 0.0042 0.0419 0.0014 0.9306 
   HI_SS0122  6 0.0945 0.0318 0.1289 0.0223 0.7224 
   HI_SS0123  6 0.3949 0.0175 0.0362 0.0041 0.5474 
   HI_SS0124  6 0.0198 0.0081 0.9444 0.0031 0.0246 
   HI_SS0125  6 0.5583 0.0122 0.2613 0.0450 0.1232 
   HI_SS0126  6 0.0096 0.9301 0.0533 0.0009 0.0062 
   HI_SS0127  6 0.9012 0.0460 0.0352 0.0064 0.0112 
   HI_SS0128  6 0.0949 0.3600 0.2808 0.0030 0.2613 
   HI_SS0129  6 0.3993 0.4379 0.1205 0.0127 0.0296 
   HI_SS0131  6 0.0249 0.6410 0.0419 0.0400 0.2521 
   HI_SS0132  6 0.1656 0.1426 0.0494 0.0007 0.6416 
   HI_SS0133  6 0.0029 0.9900 0.0033 0.0010 0.0028 
   HI_SS0134  6 0.2043 0.1215 0.0685 0.0024 0.6033 
   HI_SS0142  6 0.1645 0.0060 0.0104 0.0135 0.8056 
   HI_SS0145  6 0.5126 0.2682 0.0215 0.0017 0.1961 
   HI_SS0146  6 0.0814 0.8659 0.0221 0.0011 0.0295 
   HI_SS0147  6 0.0167 0.0050 0.0833 0.0207 0.8744 
   HI_SS0149  6 0.0177 0.0234 0.0142 0.0044 0.9403 
   HI_SS0150  6 0.3403 0.0438 0.3686 0.0042 0.2430 
   HI_SS0151  6 0.9225 0.0416 0.0083 0.0090 0.0185 
   NS_SS1451  6 0.2947 0.0073 0.6255 0.0033 0.0693 
   NS_SS1404  6 0.0437 0.0108 0.8609 0.0119 0.0728 
   NS_SS1432  6 0.0744 0.0053 0.7448 0.0345 0.1410 
   NS_SS1405  6 0.2035 0.1088 0.6260 0.0035 0.0581 
   NS_SS1431  6 0.0473 0.0194 0.9005 0.0010 0.0317 
   NS_SS1402  6 0.1912 0.0121 0.0314 0.0024 0.7629 
   NS_SS1450  6 0.2584 0.5062 0.2143 0.0037 0.0175 
   NS_SS1396  6 0.5161 0.0238 0.1229 0.0058 0.3314 
   NS_SS1393  6 0.8241 0.0297 0.0598 0.0037 0.0827 
   NS_SS1392  6 0.0476 0.0273 0.8966 0.0189 0.0095 
   NS_SS1445  6 0.1933 0.6993 0.0299 0.0113 0.0662 
   NS_SS1423  6 0.0615 0.3308 0.0197 0.0013 0.5867 
   NS_SS1421  6 0.0825 0.6865 0.0197 0.1113 0.1001 
   NS_SS1411  6 0.2009 0.7431 0.0471 0.0017 0.0073 
   NS_SS1453  6 0.4433 0.2078 0.1204 0.0065 0.2220 
   NS_SS1442  6 0.7042 0.0964 0.1154 0.0032 0.0810 
   NS_SS1422  6 0.0724 0.0451 0.0171 0.0111 0.8544 
   NS_SS1419  6 0.0354 0.0465 0.2340 0.1689 0.5152 
   NS_SS1427  6 0.0071 0.9762 0.0093 0.0018 0.0055 
   NS_SS1444  6 0.0639 0.0293 0.8547 0.0030 0.0491 
   NS_SS1455  6 0.0285 0.0190 0.3917 0.0014 0.5595 
   NS_SS1425  6 0.2415 0.7417 0.0070 0.0015 0.0083 
   NS_SS1400  6 0.0062 0.9690 0.0118 0.0014 0.0116 
   NS_SS1406  6 0.0507 0.0051 0.0270 0.0073 0.9098 
   NS_SS1417  6 0.0274 0.0497 0.1183 0.0071 0.7975 
   NS_SS1454  6 0.0624 0.3545 0.3424 0.0018 0.2389 
   NS_SS1412  6 0.2792 0.2737 0.3161 0.0236 0.1073 
   NS_SS1438  6 0.0242 0.9261 0.0119 0.0014 0.0364 
   NS_SS1416  6 0.6640 0.0130 0.1078 0.0064 0.2088 
   NS_SS1401  6 0.1721 0.0196 0.0450 0.0112 0.7522 
   NS_SS1424  6 0.0846 0.2513 0.0188 0.0108 0.6345 
   NS_SS1435  6 0.1361 0.5841 0.2405 0.0032 0.0362 
   NS_SS1447  6 0.0559 0.0324 0.8278 0.0087 0.0751 
   NS_SS1414  6 0.0090 0.0129 0.9424 0.0069 0.0289 
   NS_SS1449  6 0.1676 0.0105 0.0135 0.0033 0.8052 
   NS_SS1443  6 0.2638 0.6773 0.0067 0.0020 0.0502 
   NS_SS1434  6 0.0431 0.4556 0.4531 0.0008 0.0474 
   NS_SS1398  6 0.6057 0.0743 0.2938 0.0198 0.0064 
   NS_SS1426  6 0.0367 0.9385 0.0089 0.0026 0.0133 
   NS_SS1413  6 0.0093 0.9500 0.0184 0.0119 0.0104 
   NS_SS1395  6 0.9259 0.0384 0.0092 0.0071 0.0194 
   NS_SS1448  6 0.0378 0.8028 0.1485 0.0020 0.0089 
   NS_SS1446  6 0.0952 0.1043 0.1471 0.0031 0.6503 
   NS_SS1403  6 0.5184 0.0213 0.0293 0.0059 0.4251 
   NS_SS1415  6 0.0212 0.9451 0.0098 0.0102 0.0137 
   NS_SS1437  6 0.0355 0.0803 0.5284 0.0077 0.3482 
   NS_SS1439  6 0.3615 0.0084 0.0263 0.0026 0.6012 
   NS_SS1441  6 0.2618 0.4039 0.1321 0.0024 0.1998 
   NS_SS1420  6 0.0668 0.0069 0.9022 0.0035 0.0205 
   NS_SS1394  6 0.5113 0.0053 0.4350 0.0295 0.0190 
   NS_SS1391  6 0.0934 0.2442 0.6326 0.0127 0.0171 
   NS_SS1410  6 0.0146 0.0759 0.1297 0.0115 0.7683 
   NS_SS1408  6 0.9048 0.0098 0.0097 0.0410 0.0348 
   NS_SS1409  6 0.5589 0.1669 0.1298 0.0026 0.1418 
   HI_SS0617  7 0.4398 0.0305 0.4136 0.0014 0.1146 
   HI_SS0618  7 0.8246 0.0177 0.0667 0.0021 0.0889 
   HI_SS0619  7 0.0169 0.0233 0.9470 0.0030 0.0099 
   HI_SS0620  7 0.0474 0.9340 0.0075 0.0024 0.0087 
   HI_SS0621  7 0.3323 0.0334 0.2502 0.0166 0.3675 
   HI_SS0622  7 0.0741 0.4976 0.1809 0.0107 0.2368 
   HI_SS0626  7 0.4405 0.0328 0.4963 0.0089 0.0215 
   HI_SS0627  7 0.0239 0.0086 0.2504 0.0089 0.7082 
   HI_SS0628  7 0.1134 0.5292 0.2495 0.0703 0.0376 
   HI_SS0629  7 0.6577 0.1219 0.0390 0.0052 0.1762 
   HI_SS0630  7 0.1027 0.7013 0.1115 0.0655 0.0190 
   HI_SS0631  7 0.0576 0.8879 0.0340 0.0008 0.0197 
   HI_SS0632  7 0.2151 0.5094 0.2223 0.0028 0.0504 
   HI_SS0633  7 0.0301 0.0083 0.9498 0.0026 0.0092 
   HI_SS0634  7 0.6102 0.0152 0.0663 0.0021 0.3063 
   HI_SS0635  7 0.3310 0.0374 0.2037 0.0080 0.4199 
   HI_SS0637  7 0.8536 0.0090 0.0085 0.0028 0.1260 
   HI_SS0638  7 0.0636 0.7787 0.0912 0.0013 0.0653 
   HI_SS0639  7 0.6999 0.0066 0.1861 0.0400 0.0675 
   HI_SS0640  7 0.7062 0.2249 0.0340 0.0019 0.0329 
   HI_SS0641  7 0.3834 0.3544 0.2432 0.0049 0.0142 
   HI_SS0642  7 0.2309 0.0344 0.1306 0.0020 0.6021 
   HI_SS0645  7 0.0757 0.0118 0.8465 0.0011 0.0650 
   HI_SS0646  7 0.2380 0.0417 0.0259 0.0028 0.6915 
   HI_SS0647  7 0.0165 0.6543 0.2834 0.0012 0.0446 
   HI_SS0648  7 0.4458 0.0318 0.4692 0.0030 0.0502 
   HI_SS0649  7 0.7481 0.0122 0.1612 0.0020 0.0764 
   HI_SS0650  7 0.8455 0.0091 0.1323 0.0029 0.0103 
   HI_SS0651  7 0.6019 0.0813 0.2263 0.0047 0.0858 
   HI_SS0652  7 0.0925 0.0147 0.8812 0.0034 0.0082 
   NS_SS1371  7 0.8818 0.0472 0.0133 0.0050 0.0526 
   NS_SS1374  7 0.1369 0.7170 0.1149 0.0025 0.0287 
   NS_SS1337  7 0.0870 0.0251 0.1109 0.0038 0.7731 
   NS_SS1385  7 0.1426 0.0618 0.3229 0.0053 0.4673 
   NS_SS1388  7 0.0147 0.0499 0.9201 0.0063 0.0090 
   NS_SS1370  7 0.3710 0.0312 0.0278 0.0098 0.5602 
   NS_SS1389  7 0.0066 0.0080 0.9771 0.0029 0.0053 
   NS_SS1360  7 0.5950 0.3460 0.0146 0.0039 0.0406 
   NS_SS1330  7 0.7955 0.0063 0.0241 0.0026 0.1716 
   NS_SS1328  7 0.0213 0.8770 0.0801 0.0022 0.0194 
   NS_SS1384  7 0.5981 0.2156 0.0258 0.0037 0.1569 
   NS_SS1381  7 0.1507 0.0151 0.3680 0.0007 0.4654 
   NS_SS1375  7 0.0268 0.0234 0.9389 0.0013 0.0096 
   NS_SS1319  7 0.2237 0.0350 0.1149 0.0957 0.5307 
   NS_SS1326  7 0.0111 0.9550 0.0164 0.0080 0.0095 
   NS_SS1341  7 0.2695 0.0858 0.0319 0.0049 0.6079 
   NS_SS1383  7 0.3475 0.0511 0.0062 0.0043 0.5908 
   NS_SS1318  7 0.4215 0.0538 0.4708 0.0156 0.0384 
   NS_SS1348  7 0.0111 0.9691 0.0055 0.0018 0.0125 
   NS_SS1363  7 0.0879 0.0184 0.0211 0.0050 0.8675 
   NS_SS1335  7 0.2478 0.4621 0.0124 0.0316 0.2461 
   NS_SS1358  7 0.0529 0.0467 0.0043 0.0110 0.8852 
   NS_SS1342  7 0.0169 0.2232 0.0118 0.0014 0.7468 
   NS_SS1320  7 0.0317 0.0037 0.8147 0.0065 0.1433 
   NS_SS1355  7 0.3884 0.0150 0.3048 0.0135 0.2784 
   NS_SS1345  7 0.0357 0.0781 0.0601 0.0238 0.8024 
   NS_SS1324  7 0.3168 0.5993 0.0445 0.0030 0.0364 
   NS_SS1347  7 0.7962 0.0584 0.0107 0.0038 0.1309 
   NS_SS1321  7 0.2735 0.0700 0.0126 0.0012 0.6427 
   NS_SS1333  7 0.1534 0.2637 0.3714 0.0030 0.2086 
   NS_SS1364  7 0.0300 0.9398 0.0156 0.0024 0.0123 
   NS_SS1379  7 0.7049 0.0202 0.1293 0.0497 0.0958 
   NS_SS1332  7 0.0081 0.9687 0.0091 0.0052 0.0089 
   NS_SS1338  7 0.7941 0.1627 0.0235 0.0061 0.0136 
   NS_SS1368  7 0.0129 0.7639 0.0403 0.0054 0.1775 
   NS_SS1354  7 0.0510 0.0174 0.0973 0.0111 0.8231 
   NS_SS1365  7 0.1312 0.0985 0.7354 0.0108 0.0241 
   NS_SS1380  7 0.0518 0.0073 0.3945 0.0185 0.5278 
   NS_SS1329  7 0.0917 0.3473 0.0295 0.0024 0.5291 
   NS_SS1362  7 0.2177 0.0300 0.0160 0.0038 0.7326 
   NS_SS1327  7 0.0063 0.9805 0.0038 0.0032 0.0062 
   NS_SS1350  7 0.8520 0.0369 0.0736 0.0089 0.0287 
   NS_SS1387  7 0.6541 0.0191 0.2622 0.0029 0.0617 
   NS_SS1369  7 0.0515 0.8421 0.0106 0.0039 0.0919 
   NS_SS1331  7 0.0154 0.1622 0.7731 0.0111 0.0381 
   NS_SS1357  7 0.0682 0.4251 0.2844 0.0042 0.2181 
   NS_SS1386  7 0.0086 0.9637 0.0047 0.0028 0.0201 
   NS_SS1353  7 0.0432 0.0868 0.8125 0.0040 0.0536 
   NS_SS1323  7 0.0320 0.0147 0.2780 0.0650 0.6103 
   HI_SS0296  8 0.3153 0.5445 0.0951 0.0017 0.0435 
   HI_SS0297  8 0.1802 0.3711 0.0746 0.0010 0.3731 
   HI_SS0299  8 0.1522 0.5347 0.0717 0.0406 0.2008 
   HI_SS0300  8 0.6322 0.2947 0.0593 0.0012 0.0126 
   HI_SS0301  8 0.7566 0.0452 0.0257 0.0034 0.1691 
   HI_SS0302  8 0.0356 0.9162 0.0147 0.0208 0.0128 
   HI_SS0303  8 0.0252 0.9253 0.0272 0.0068 0.0154 
   HI_SS0304  8 0.0715 0.0482 0.8241 0.0021 0.0542 
   HI_SS0306  8 0.0056 0.9787 0.0071 0.0031 0.0055 
   HI_SS0307  8 0.7541 0.0107 0.1548 0.0087 0.0717 
   HI_SS0308  8 0.5614 0.0344 0.0533 0.0762 0.2746 
   HI_SS0309  8 0.5403 0.0096 0.0428 0.0034 0.4039 
   HI_SS0310  8 0.0182 0.7053 0.2573 0.0065 0.0127 
   HI_SS0311  8 0.1417 0.1393 0.2123 0.0023 0.5044 
   HI_SS0314  8 0.0235 0.0519 0.8981 0.0012 0.0253 
   HI_SS0316  8 0.2871 0.4078 0.2411 0.0037 0.0602 
   HI_SS0317  8 0.5330 0.0204 0.0551 0.0020 0.3895 
   HI_SS0318  8 0.5970 0.1927 0.0224 0.1717 0.0161 
   HI_SS0319  8 0.0099 0.9693 0.0057 0.0043 0.0108 
   HI_SS0320  8 0.0658 0.0073 0.8270 0.0011 0.0987 
   HI_SS0321  8 0.9703 0.0135 0.0041 0.0014 0.0107 
   HI_SS0323  8 0.6534 0.1535 0.1792 0.0016 0.0122 
   HI_SS0325  8 0.0116 0.9438 0.0278 0.0020 0.0148 
   HI_SS0327  8 0.5674 0.3268 0.0086 0.0014 0.0959 
   HI_SS0329  8 0.0148 0.0401 0.9238 0.0015 0.0198 
   HI_SS0333  8 0.4972 0.1104 0.2124 0.0027 0.1773 
   HI_SS0334  8 0.8801 0.0355 0.0106 0.0015 0.0723 
   HI_SS0335  8 0.2414 0.0128 0.0188 0.0209 0.7061 
   HI_SS0339  8 0.2608 0.0177 0.1873 0.0112 0.5231 
   HI_SS0343  8 0.0155 0.0092 0.0192 0.0018 0.9543 
   HI_SS0344  8 0.0058 0.9799 0.0049 0.0025 0.0069 
   HI_SS0345  8 0.0386 0.0545 0.2021 0.0080 0.6968 
   HI_SS0346  8 0.4299 0.2558 0.2576 0.0035 0.0532 
   HI_SS0350  8 0.0215 0.0054 0.2929 0.0083 0.6719 
   HI_SS0351  8 0.5249 0.0644 0.0685 0.0036 0.3386 
   HI_SS0352  8 0.0372 0.0132 0.0642 0.0979 0.7874 
   HI_SS0362  8 0.7428 0.1732 0.0711 0.0020 0.0109 
   HI_SS0363  8 0.0397 0.8989 0.0179 0.0041 0.0394 
   HI_SS0365  8 0.5087 0.2158 0.1137 0.0051 0.1568 
   HI_SS0366  8 0.0232 0.9282 0.0185 0.0018 0.0284 
   HI_SS0367  8 0.0160 0.0058 0.6450 0.0020 0.3313 
   HI_SS0369  8 0.0917 0.0133 0.4870 0.0024 0.4056 
   HI_SS0370  8 0.9130 0.0127 0.0365 0.0027 0.0352 
   HI_SS0371  8 0.0148 0.9109 0.0637 0.0041 0.0064 
   HI_SS0373  8 0.2003 0.0742 0.6884 0.0112 0.0259 
   HI_SS0374  8 0.0814 0.0130 0.8409 0.0301 0.0346 
   HI_SS0377  8 0.0543 0.2986 0.0114 0.0748 0.5609 
   HI_SS0379  8 0.0057 0.9847 0.0034 0.0011 0.0051 
   HI_SS0380  8 0.2930 0.0212 0.5771 0.0066 0.1022 
   HI_SS0381  8 0.1470 0.0132 0.0255 0.0043 0.8099 
   HI_SS0384  8 0.0750 0.3722 0.5352 0.0076 0.0100 
   HI_SS0385  8 0.0156 0.5592 0.4136 0.0015 0.0102 
   HI_SS0386  9 0.0018 0.0015 0.0014 0.9931 0.0021 
   HI_SS0387  9 0.0117 0.0126 0.0084 0.9529 0.0144 
   HI_SS0389  9 0.0035 0.0043 0.0040 0.9848 0.0034 
   HI_SS0390  9 0.0021 0.0023 0.0016 0.9924 0.0016 
   HI_SS0391  9 0.0026 0.0022 0.0028 0.9891 0.0032 
   HI_SS0392  9 0.0017 0.0018 0.0015 0.9935 0.0015 
   HI_SS0393  9 0.0018 0.0015 0.0013 0.9939 0.0014 
   HI_SS0394  9 0.0017 0.0014 0.0017 0.9937 0.0015 
   HI_SS0395  9 0.0038 0.0031 0.0041 0.9857 0.0033 
   HI_SS0396  9 0.0081 0.0090 0.0084 0.9632 0.0112 
   HI_SS0398  9 0.0062 0.0056 0.0047 0.9777 0.0058 
   HI_SS0399  9 0.0014 0.0013 0.0013 0.9950 0.0011 
   HI_SS0400  9 0.0022 0.0020 0.0025 0.9905 0.0027 
   HI_SS0401  9 0.0016 0.0018 0.0014 0.9936 0.0016 
   HI_SS0402  9 0.0014 0.0014 0.0012 0.9947 0.0013 
   HI_SS0403  9 0.0020 0.0017 0.0012 0.9932 0.0019 
   HI_SS0404  9 0.0014 0.0011 0.0013 0.9949 0.0012 
   HI_SS0405  9 0.0157 0.0096 0.0104 0.9368 0.0275 
   HI_SS0406  9 0.0026 0.0025 0.0018 0.9911 0.0020 
   HI_SS0407  9 0.0069 0.0065 0.0095 0.9702 0.0069 
   HI_SS0408  9 0.0015 0.0011 0.0012 0.9947 0.0016 
   HI_SS0409  9 0.0039 0.0027 0.0031 0.9868 0.0034 
   HI_SS0411  9 0.0036 0.0023 0.0027 0.9885 0.0030 
   HI_SS0412  9 0.0753 0.0286 0.0321 0.7976 0.0663 
   HI_SS0413  9 0.0022 0.0022 0.0022 0.9914 0.0020 
   HI_SS0414  9 0.0169 0.0081 0.0197 0.9376 0.0178 
   HI_SS0415  9 0.0018 0.0022 0.0016 0.9922 0.0022 
   HI_SS0416  9 0.0037 0.0034 0.0038 0.9858 0.0032 
   HI_SS0418  9 0.0046 0.0037 0.0044 0.9809 0.0064 
   HI_SS0419  9 0.0030 0.0027 0.0033 0.9876 0.0034 
   HI_SS0420  9 0.0025 0.0022 0.0022 0.9910 0.0022 
   HI_SS0421  9 0.0042 0.0036 0.0047 0.9806 0.0069 
   HI_SS0422  9 0.0014 0.0014 0.0019 0.9934 0.0019 
   HI_SS0423  9 0.0047 0.0032 0.0057 0.9834 0.0030 
   HI_SS0424  9 0.0016 0.0015 0.0017 0.9935 0.0016 
   HI_SS0425  9 0.0027 0.0023 0.0047 0.9871 0.0031 
   NS_SS1146 10 0.0024 0.0028 0.0019 0.9911 0.0019 
   NS_SS1157 10 0.0084 0.0046 0.0047 0.9750 0.0073 
   NS_SS1144 10 0.0194 0.0235 0.0117 0.9275 0.0179 
   NS_SS1074 10 0.0030 0.0047 0.0033 0.9852 0.0037 
   NS_SS1122 10 0.0047 0.0053 0.0035 0.9819 0.0046 
   NS_SS1136 10 0.0009 0.0012 0.0013 0.9955 0.0011 
   NS_SS1077 10 0.0008 0.0007 0.0008 0.9971 0.0006 
   NS_SS1134 10 0.0117 0.0105 0.0112 0.9583 0.0084 
   NS_SS1091 10 0.0022 0.0014 0.0030 0.9910 0.0023 
   NS_SS1089 10 0.0031 0.0036 0.0029 0.9878 0.0026 
   NS_SS1123 10 0.0019 0.0017 0.0021 0.9926 0.0016 
   NS_SS1158 10 0.0011 0.0007 0.0010 0.9961 0.0011 
   NS_SS1093 10 0.0021 0.0028 0.0021 0.9907 0.0023 
   NS_SS1102 10 0.0072 0.0047 0.0034 0.9788 0.0059 
   NS_SS1056 10 0.0019 0.0019 0.0018 0.9927 0.0018 
   NS_SS1126 10 0.0033 0.0031 0.0028 0.9881 0.0028 
   NS_SS1058 10 0.0039 0.0035 0.0044 0.9832 0.0051 
   NS_SS1084 10 0.0019 0.0013 0.0019 0.9936 0.0013 
   NS_SS1095 10 0.0059 0.0090 0.0056 0.9745 0.0049 
   NS_SS1079 10 0.0019 0.0018 0.0016 0.9929 0.0017 
   NS_SS1149 10 0.0026 0.0024 0.0030 0.9892 0.0028 
   NS_SS1121 10 0.0017 0.0015 0.0019 0.9932 0.0017 
   NS_SS1067 10 0.0061 0.0045 0.0054 0.9781 0.0059 
   NS_SS1081 10 0.0026 0.0025 0.0029 0.9894 0.0026 
   NS_SS1130 10 0.0039 0.0026 0.0033 0.9864 0.0038 
   NS_SS1073 10 0.0023 0.0023 0.0033 0.9883 0.0039 
   NS_SS1133 10 0.0064 0.0035 0.0157 0.9685 0.0058 
   NS_SS1129 10 0.0013 0.0014 0.0012 0.9946 0.0014 
   NS_SS1085 10 0.0023 0.0025 0.0020 0.9914 0.0018 
   NS_SS1137 10 0.0039 0.0039 0.0062 0.9815 0.0045 
   NS_SS1135 10 0.0013 0.0010 0.0014 0.9947 0.0016 
   NS_SS1082 10 0.0013 0.0014 0.0016 0.9939 0.0017 
   NS_SS1125 10 0.0014 0.0015 0.0012 0.9945 0.0014 
   NS_SS1124 10 0.0088 0.0048 0.0068 0.9740 0.0056 
   NS_SS1155 10 0.0086 0.0080 0.0065 0.9673 0.0096 
   NS_SS1145 10 0.0018 0.0021 0.0018 0.9922 0.0021 
