

----------------------------------------------------
STRUCTURE by Pritchard, Stephens and Donnelly (2000)
     and Falush, Stephens and Pritchard (2003)
       Code by Pritchard, Falush and Hubisz
             Version 2.3.4 (Jul 2012)
----------------------------------------------------



Command line arguments:   /home/genobiwan/Documents/Programs/Structure/structure -m parameter_job_k5_r10 
Input File:    /media/genobiwan/Storage/Projets/Mackerel_NWA_2021/data_job_k5_r10

Run parameters:
   629 individuals
   4140 loci
   5 populations assumed
   100000 Burn-in period
   200000 Reps


--------------------------------------------
Proportion of membership of each pre-defined
 population in each of the 5 clusters

Given    Inferred Clusters                     Number of
 Pop       1      2      3      4      5      Individuals

  1:     0.012  0.218  0.280  0.273  0.217       67
  2:     0.009  0.265  0.293  0.261  0.172       32
  3:     0.014  0.275  0.259  0.228  0.224       92
  4:     0.015  0.163  0.222  0.247  0.351       36
  5:     0.019  0.313  0.204  0.160  0.304       41
  6:     0.013  0.221  0.235  0.253  0.279      158
  7:     0.009  0.224  0.265  0.273  0.229       79
  8:     0.013  0.228  0.203  0.229  0.326       52
  9:     0.980  0.005  0.006  0.005  0.004       36
 10:     0.985  0.004  0.004  0.004  0.004       36
--------------------------------------------

Allele-freq. divergence among pops (Net nucleotide distance),
computed using point estimates of P.

      1       2       3       4       5      
 1      -    0.0049  0.0048  0.0048  0.0050  
 2   0.0049     -    0.0001  0.0002  0.0003  
 3   0.0048  0.0001     -    0.0001  0.0002  
 4   0.0048  0.0002  0.0001     -    0.0003  
 5   0.0050  0.0003  0.0002  0.0003     -    

Average distances (expected heterozygosity) between individuals in same cluster:
cluster  1  : 0.3055 
cluster  2  : 0.3184 
cluster  3  : 0.3187 
cluster  4  : 0.3185 
cluster  5  : 0.3182 

--------------------------------------------
Estimated Ln Prob of Data   = -2474045.6
Mean value of ln likelihood = -2465597.2
Variance of ln likelihood   = 16896.8
Mean value of alpha         = 0.0395

Mean value of Fst_1         = 0.0382
Mean value of Fst_2         = 0.0028
Mean value of Fst_3         = 0.0020
Mean value of Fst_4         = 0.0026
Mean value of Fst_5         = 0.0032


Inferred ancestry of individuals:
        Label (%Miss) Pop:  Inferred clusters
  1 NS_SS0963    (4)    1 :  0.006 0.623 0.260 0.055 0.056 
  2 NS_SS0983    (1)    1 :  0.004 0.010 0.058 0.014 0.914 
  3 NS_SS0719    (9)    1 :  0.004 0.009 0.184 0.775 0.027 
  4 NS_SS1001    (8)    1 :  0.007 0.049 0.597 0.101 0.245 
  5 NS_SS0936    (4)    1 :  0.003 0.510 0.243 0.221 0.023 
  6 NS_SS0955    (6)    1 :  0.004 0.026 0.253 0.059 0.659 
  7 NS_SS0944    (3)    1 :  0.002 0.328 0.053 0.020 0.597 
  8 NS_SS0945    (3)    1 :  0.009 0.245 0.131 0.186 0.429 
  9 NS_SS0922    (2)    1 :  0.026 0.087 0.507 0.373 0.007 
 10 NS_SS0929    (7)    1 :  0.003 0.250 0.260 0.078 0.408 
 11 NS_SS0956    (1)    1 :  0.004 0.012 0.717 0.257 0.010 
 12 NS_SS0906    (3)    1 :  0.003 0.628 0.182 0.142 0.045 
 13 NS_SS0721    (6)    1 :  0.004 0.011 0.445 0.516 0.024 
 14 NS_SS0982    (4)    1 :  0.016 0.094 0.219 0.660 0.012 
 15 NS_SS0923    (6)    1 :  0.004 0.048 0.406 0.529 0.014 
 16 NS_SS0905    (6)    1 :  0.002 0.018 0.161 0.796 0.023 
 17 NS_SS0925    (3)    1 :  0.004 0.360 0.587 0.033 0.016 
 18 NS_SS0947    (6)    1 :  0.004 0.808 0.148 0.024 0.016 
 19 NS_SS0926    (2)    1 :  0.001 0.007 0.030 0.020 0.942 
 20 NS_SS0918    (6)    1 :  0.002 0.245 0.523 0.170 0.059 
 21 NS_SS0966    (4)    1 :  0.045 0.843 0.048 0.025 0.038 
 22 NS_SS0938    (2)    1 :  0.001 0.049 0.701 0.209 0.040 
 23 NS_SS0917    (2)    1 :  0.037 0.014 0.270 0.621 0.058 
 24 NS_SS0957   (11)    1 :  0.006 0.066 0.682 0.224 0.023 
 25 NS_SS0987    (1)    1 :  0.240 0.017 0.191 0.521 0.031 
 26 NS_SS0717    (4)    1 :  0.003 0.285 0.026 0.665 0.021 
 27 NS_SS0986    (2)    1 :  0.003 0.242 0.390 0.284 0.080 
 28 NS_SS0953    (3)    1 :  0.014 0.939 0.013 0.007 0.028 
 29 NS_SS0907    (3)    1 :  0.040 0.658 0.161 0.037 0.103 
 30 NS_SS0974    (6)    1 :  0.004 0.143 0.112 0.083 0.658 
 31 NS_SS0989    (1)    1 :  0.001 0.057 0.098 0.022 0.823 
 32 NS_SS0991    (3)    1 :  0.002 0.089 0.040 0.023 0.846 
 33 NS_SS0994    (2)    1 :  0.002 0.008 0.010 0.008 0.972 
 34 NS_SS0931    (6)    1 :  0.010 0.019 0.493 0.012 0.466 
 35 NS_SS1000    (5)    1 :  0.004 0.912 0.062 0.011 0.011 
 36 NS_SS0919    (1)    1 :  0.003 0.133 0.332 0.385 0.147 
 37 NS_SS0949    (4)    1 :  0.002 0.013 0.022 0.014 0.950 
 38 NS_SS0960   (10)    1 :  0.006 0.019 0.194 0.656 0.126 
 39 NS_SS0716    (2)    1 :  0.005 0.008 0.006 0.976 0.005 
 40 NS_SS0924    (8)    1 :  0.016 0.029 0.238 0.537 0.179 
 41 NS_SS0935    (2)    1 :  0.009 0.025 0.234 0.063 0.668 
 42 NS_SS0952   (14)    1 :  0.039 0.206 0.140 0.030 0.584 
 43 NS_SS0962   (11)    1 :  0.006 0.095 0.135 0.751 0.012 
 44 NS_SS0973    (5)    1 :  0.004 0.169 0.350 0.025 0.452 
 45 NS_SS0722    (1)    1 :  0.002 0.814 0.136 0.035 0.012 
 46 NS_SS0979   (13)    1 :  0.002 0.213 0.118 0.644 0.023 
 47 NS_SS0993    (2)    1 :  0.018 0.527 0.298 0.132 0.025 
 48 NS_SS0958    (1)    1 :  0.002 0.070 0.016 0.434 0.478 
 49 NS_SS0988    (4)    1 :  0.005 0.124 0.070 0.743 0.058 
 50 NS_SS1003    (2)    1 :  0.008 0.068 0.715 0.203 0.006 
 51 NS_SS0976    (1)    1 :  0.002 0.227 0.370 0.055 0.347 
 52 NS_SS0964   (10)    1 :  0.003 0.726 0.154 0.095 0.022 
 53 NS_SS0939    (4)    1 :  0.003 0.005 0.084 0.904 0.005 
 54 NS_SS0990    (6)    1 :  0.003 0.063 0.660 0.236 0.038 
 55 NS_SS0984    (2)    1 :  0.002 0.039 0.432 0.518 0.009 
 56 NS_SS0980   (10)    1 :  0.002 0.364 0.509 0.016 0.110 
 57 NS_SS0978    (4)    1 :  0.003 0.106 0.767 0.061 0.063 
 58 NS_SS0951   (18)    1 :  0.003 0.160 0.079 0.125 0.633 
 59 NS_SS0913    (3)    1 :  0.037 0.185 0.367 0.383 0.028 
 60 NS_SS1002    (1)    1 :  0.038 0.813 0.050 0.091 0.008 
 61 NS_SS0948    (1)    1 :  0.045 0.306 0.382 0.137 0.130 
 62 NS_SS0916    (4)    1 :  0.004 0.011 0.803 0.074 0.108 
 63 NS_SS0995    (1)    1 :  0.003 0.020 0.308 0.657 0.012 
 64 NS_SS0927    (6)    1 :  0.004 0.018 0.241 0.668 0.068 
 65 NS_SS0992    (5)    1 :  0.003 0.241 0.524 0.101 0.132 
 66 NS_SS0912    (1)    1 :  0.003 0.024 0.135 0.451 0.387 
 67 NS_SS0981    (1)    1 :  0.004 0.071 0.621 0.287 0.017 
 68 NS_SS0729    (5)    2 :  0.004 0.037 0.020 0.007 0.931 
 69 NS_SS0967   (15)    2 :  0.012 0.305 0.245 0.346 0.093 
 70 NS_SS0941    (8)    2 :  0.076 0.030 0.759 0.078 0.058 
 71 NS_SS0768   (12)    2 :  0.004 0.901 0.053 0.028 0.013 
 72 NS_SS0726    (5)    2 :  0.007 0.036 0.365 0.015 0.577 
 73 NS_SS0763    (4)    2 :  0.002 0.082 0.097 0.027 0.791 
 74 NS_SS0730    (6)    2 :  0.003 0.016 0.019 0.953 0.010 
 75 NS_SS0774    (2)    2 :  0.001 0.641 0.178 0.171 0.009 
 76 NS_SS0723    (3)    2 :  0.001 0.180 0.240 0.572 0.006 
 77 NS_SS0940   (10)    2 :  0.005 0.009 0.356 0.477 0.152 
 78 NS_SS0762    (1)    2 :  0.003 0.345 0.450 0.182 0.021 
 79 NS_SS0766   (11)    2 :  0.011 0.014 0.231 0.611 0.132 
 80 NS_SS0724    (1)    2 :  0.004 0.907 0.043 0.031 0.015 
 81 NS_SS0769    (3)    2 :  0.003 0.156 0.123 0.696 0.022 
 82 NS_SS0777    (1)    2 :  0.014 0.112 0.346 0.113 0.414 
 83 NS_SS0734    (6)    2 :  0.024 0.027 0.337 0.469 0.143 
 84 NS_SS0737    (3)    2 :  0.005 0.308 0.618 0.060 0.009 
 85 NS_SS0732    (5)    2 :  0.004 0.019 0.170 0.799 0.008 
 86 NS_SS0728    (5)    2 :  0.010 0.080 0.831 0.027 0.053 
 87 NS_SS0735    (9)    2 :  0.009 0.658 0.277 0.017 0.039 
 88 NS_SS0725    (1)    2 :  0.010 0.645 0.278 0.011 0.056 
 89 NS_SS0788    (2)    2 :  0.001 0.068 0.252 0.670 0.009 
 90 NS_SS0778    (2)    2 :  0.001 0.044 0.768 0.160 0.027 
 91 NS_SS0792    (6)    2 :  0.004 0.159 0.694 0.091 0.052 
 92 NS_SS0943   (11)    2 :  0.009 0.154 0.027 0.010 0.801 
 93 NS_SS0791    (2)    2 :  0.012 0.006 0.547 0.403 0.031 
 94 NS_SS0790    (5)    2 :  0.003 0.973 0.008 0.013 0.003 
 95 NS_SS0731    (6)    2 :  0.010 0.671 0.042 0.264 0.013 
 96 NS_SS0727    (7)    2 :  0.002 0.023 0.072 0.016 0.888 
 97 NS_SS0779   (13)    2 :  0.006 0.104 0.671 0.144 0.075 
 98 NS_SS0776    (3)    2 :  0.007 0.734 0.196 0.024 0.039 
 99 NS_SS0775    (5)    2 :  0.006 0.027 0.076 0.880 0.010 
100 NS_SS0965    (3)    3 :  0.001 0.093 0.478 0.346 0.082 
101 NS_SS0754   (14)    3 :  0.012 0.029 0.435 0.050 0.473 
102 NS_SS0838    (5)    3 :  0.045 0.299 0.409 0.098 0.149 
103 NS_SS0839    (3)    3 :  0.004 0.288 0.602 0.101 0.005 
104 NS_SS0832    (4)    3 :  0.049 0.424 0.423 0.099 0.006 
105 NS_SS0820    (5)    3 :  0.005 0.317 0.034 0.640 0.004 
106 NS_SS0886    (9)    3 :  0.002 0.043 0.150 0.587 0.218 
107 NS_SS0748    (5)    3 :  0.008 0.484 0.064 0.102 0.343 
108 NS_SS0884    (9)    3 :  0.020 0.173 0.746 0.021 0.041 
109 NS_SS0752    (4)    3 :  0.002 0.412 0.340 0.061 0.184 
110 NS_SS0862    (1)    3 :  0.004 0.063 0.754 0.169 0.010 
111 NS_SS0787    (9)    3 :  0.007 0.013 0.025 0.021 0.934 
112 NS_SS0843    (6)    3 :  0.002 0.727 0.130 0.046 0.095 
113 NS_SS0856    (4)    3 :  0.003 0.484 0.217 0.269 0.027 
114 NS_SS0846    (2)    3 :  0.003 0.747 0.079 0.020 0.152 
115 NS_SS0825    (1)    3 :  0.010 0.116 0.344 0.504 0.027 
116 NS_SS0757    (3)    3 :  0.004 0.067 0.349 0.127 0.453 
117 NS_SS0876    (3)    3 :  0.219 0.487 0.190 0.093 0.011 
118 NS_SS0903   (10)    3 :  0.003 0.765 0.213 0.012 0.008 
119 NS_SS0875    (7)    3 :  0.003 0.016 0.018 0.943 0.020 
120 NS_SS0740    (5)    3 :  0.003 0.342 0.287 0.075 0.293 
121 NS_SS0811    (5)    3 :  0.010 0.076 0.076 0.818 0.020 
122 NS_SS0751    (1)    3 :  0.002 0.044 0.129 0.789 0.037 
123 NS_SS0891    (6)    3 :  0.005 0.809 0.100 0.067 0.018 
124 NS_SS0867    (2)    3 :  0.025 0.145 0.366 0.021 0.443 
125 NS_SS0890    (6)    3 :  0.003 0.084 0.362 0.293 0.258 
126 NS_SS0866   (12)    3 :  0.005 0.007 0.039 0.034 0.914 
127 NS_SS0755    (4)    3 :  0.007 0.283 0.328 0.249 0.132 
128 NS_SS0758    (4)    3 :  0.002 0.380 0.375 0.166 0.077 
129 NS_SS0840    (2)    3 :  0.003 0.276 0.519 0.185 0.016 
130 NS_SS0889    (4)    3 :  0.003 0.033 0.020 0.037 0.908 
131 NS_SS1010    (1)    3 :  0.045 0.177 0.191 0.523 0.065 
132 NS_SS0888    (5)    3 :  0.002 0.014 0.137 0.016 0.832 
133 NS_SS0837    (3)    3 :  0.003 0.550 0.043 0.309 0.095 
134 NS_SS0794   (10)    3 :  0.002 0.036 0.015 0.028 0.920 
135 NS_SS0823    (5)    3 :  0.003 0.724 0.228 0.012 0.033 
136 NS_SS0829    (7)    3 :  0.114 0.019 0.022 0.008 0.837 
137 NS_SS0844    (5)    3 :  0.001 0.977 0.008 0.008 0.005 
138 NS_SS1008    (6)    3 :  0.016 0.055 0.063 0.048 0.817 
139 NS_SS0881    (3)    3 :  0.002 0.017 0.094 0.864 0.023 
140 NS_SS0834    (6)    3 :  0.005 0.886 0.084 0.016 0.008 
141 NS_SS0744   (10)    3 :  0.005 0.058 0.779 0.093 0.065 
142 NS_SS0899    (7)    3 :  0.001 0.748 0.138 0.102 0.010 
143 NS_SS0804    (5)    3 :  0.004 0.222 0.520 0.247 0.008 
144 NS_SS0781   (10)    3 :  0.003 0.898 0.073 0.023 0.004 
145 NS_SS0822    (6)    3 :  0.002 0.283 0.045 0.011 0.658 
146 NS_SS1004    (4)    3 :  0.003 0.626 0.331 0.015 0.025 
147 NS_SS0746    (5)    3 :  0.013 0.562 0.072 0.032 0.321 
148 NS_SS0880    (3)    3 :  0.001 0.343 0.562 0.036 0.059 
149 NS_SS0879    (5)    3 :  0.013 0.664 0.259 0.026 0.038 
150 NS_SS0753    (2)    3 :  0.009 0.017 0.260 0.036 0.678 
151 NS_SS1007    (3)    3 :  0.001 0.010 0.307 0.668 0.014 
152 NS_SS0872    (5)    3 :  0.002 0.898 0.025 0.068 0.008 
153 NS_SS1005    (7)    3 :  0.001 0.915 0.053 0.017 0.013 
154 NS_SS0892    (6)    3 :  0.002 0.071 0.680 0.179 0.069 
155 NS_SS0898    (0)    3 :  0.006 0.013 0.218 0.129 0.634 
156 NS_SS0801    (9)    3 :  0.010 0.622 0.280 0.078 0.010 
157 NS_SS0827    (9)    3 :  0.104 0.019 0.031 0.759 0.087 
158 NS_SS0853    (7)    3 :  0.005 0.077 0.322 0.544 0.051 
159 NS_SS0780    (2)    3 :  0.003 0.026 0.940 0.025 0.006 
160 NS_SS0826   (10)    3 :  0.003 0.926 0.026 0.008 0.036 
161 NS_SS0818    (5)    3 :  0.002 0.064 0.865 0.058 0.011 
162 NS_SS0745    (1)    3 :  0.001 0.060 0.407 0.526 0.006 
163 NS_SS0849    (3)    3 :  0.002 0.068 0.216 0.663 0.051 
164 NS_SS0739    (3)    3 :  0.011 0.007 0.080 0.893 0.008 
165 NS_SS0799    (1)    3 :  0.001 0.009 0.336 0.022 0.632 
166 NS_SS0756    (3)    3 :  0.004 0.611 0.291 0.079 0.014 
167 NS_SS0802    (2)    3 :  0.202 0.025 0.299 0.342 0.133 
168 NS_SS0747    (6)    3 :  0.004 0.372 0.422 0.167 0.035 
169 NS_SS0835    (1)    3 :  0.001 0.032 0.027 0.093 0.847 
170 NS_SS0742   (19)    3 :  0.001 0.198 0.599 0.172 0.030 
171 NS_SS0760    (9)    3 :  0.047 0.015 0.010 0.109 0.819 
172 NS_SS0803    (4)    3 :  0.007 0.948 0.031 0.008 0.006 
173 NS_SS0828   (14)    3 :  0.001 0.036 0.159 0.584 0.220 
174 NS_SS0865    (2)    3 :  0.023 0.041 0.771 0.120 0.046 
175 NS_SS0759    (5)    3 :  0.004 0.073 0.123 0.792 0.007 
176 NS_SS0851    (5)    3 :  0.015 0.071 0.483 0.422 0.008 
177 NS_SS0874   (16)    3 :  0.001 0.951 0.029 0.009 0.010 
178 NS_SS0761    (6)    3 :  0.003 0.019 0.080 0.045 0.854 
179 NS_SS0842   (26)    3 :  0.007 0.230 0.059 0.623 0.082 
180 NS_SS0785    (6)    3 :  0.007 0.245 0.444 0.041 0.263 
181 NS_SS0860   (11)    3 :  0.003 0.022 0.156 0.042 0.777 
182 NS_SS0897    (7)    3 :  0.001 0.009 0.008 0.007 0.975 
183 NS_SS0841   (15)    3 :  0.004 0.039 0.499 0.440 0.018 
184 NS_SS0797    (7)    3 :  0.020 0.009 0.076 0.689 0.205 
185 NS_SS0830   (11)    3 :  0.002 0.035 0.062 0.821 0.080 
186 NS_SS1011    (5)    3 :  0.006 0.498 0.470 0.017 0.009 
187 NS_SS0883    (5)    3 :  0.005 0.007 0.189 0.768 0.032 
188 NS_SS0782    (2)    3 :  0.002 0.275 0.251 0.116 0.355 
189 NS_SS0831    (5)    3 :  0.004 0.018 0.020 0.029 0.930 
190 NS_SS0749    (7)    3 :  0.004 0.020 0.615 0.278 0.083 
191 NS_SS0854    (2)    3 :  0.003 0.290 0.370 0.050 0.287 
192 HI_SS0193    (0)    4 :  0.002 0.014 0.037 0.014 0.934 
193 HI_SS0194    (1)    4 :  0.002 0.788 0.190 0.009 0.011 
194 HI_SS0195   (10)    4 :  0.084 0.086 0.496 0.328 0.006 
195 HI_SS0196    (6)    4 :  0.003 0.430 0.101 0.134 0.332 
196 HI_SS0197    (3)    4 :  0.011 0.013 0.891 0.080 0.005 
197 HI_SS0198    (1)    4 :  0.009 0.024 0.521 0.372 0.073 
198 HI_SS0199    (1)    4 :  0.002 0.025 0.392 0.032 0.549 
199 HI_SS0201    (5)    4 :  0.002 0.042 0.030 0.013 0.912 
200 HI_SS0215    (1)    4 :  0.004 0.160 0.175 0.040 0.620 
201 HI_SS0218    (1)    4 :  0.004 0.005 0.013 0.008 0.969 
202 HI_SS0222    (0)    4 :  0.005 0.083 0.218 0.566 0.128 
203 HI_SS0230    (1)    4 :  0.005 0.071 0.049 0.868 0.008 
204 HI_SS0234    (2)    4 :  0.154 0.445 0.119 0.236 0.046 
205 HI_SS0240    (1)    4 :  0.007 0.027 0.812 0.118 0.036 
206 HI_SS0241    (0)    4 :  0.002 0.040 0.246 0.081 0.630 
207 HI_SS0242    (0)    4 :  0.004 0.128 0.398 0.250 0.220 
208 HI_SS0247    (0)    4 :  0.022 0.931 0.022 0.013 0.013 
209 HI_SS0248    (1)    4 :  0.001 0.015 0.009 0.007 0.968 
210 HI_SS0252    (2)    4 :  0.002 0.246 0.671 0.009 0.072 
211 HI_SS0254    (0)    4 :  0.097 0.022 0.158 0.354 0.369 
212 HI_SS0256    (0)    4 :  0.001 0.956 0.014 0.026 0.003 
213 HI_SS0257    (0)    4 :  0.004 0.232 0.156 0.061 0.547 
214 HI_SS0258    (1)    4 :  0.005 0.018 0.027 0.017 0.933 
215 HI_SS0259    (1)    4 :  0.003 0.204 0.328 0.448 0.016 
216 HI_SS0260    (1)    4 :  0.002 0.060 0.088 0.104 0.747 
217 HI_SS0261    (2)    4 :  0.003 0.059 0.221 0.018 0.699 
218 HI_SS0262    (0)    4 :  0.006 0.084 0.081 0.819 0.010 
219 HI_SS0264    (0)    4 :  0.003 0.422 0.069 0.493 0.013 
220 HI_SS0265    (0)    4 :  0.088 0.037 0.065 0.798 0.011 
221 HI_SS0268    (1)    4 :  0.002 0.025 0.096 0.826 0.051 
222 HI_SS0269    (0)    4 :  0.002 0.034 0.030 0.010 0.923 
223 HI_SS0273    (0)    4 :  0.002 0.015 0.038 0.063 0.882 
224 HI_SS0277    (1)    4 :  0.003 0.023 0.152 0.803 0.020 
225 HI_SS0280    (0)    4 :  0.004 0.010 0.610 0.342 0.033 
226 HI_SS0282    (1)    4 :  0.001 0.055 0.244 0.020 0.679 
227 HI_SS0286    (1)    4 :  0.006 0.056 0.229 0.527 0.182 
228 NS_SS1252    (3)    5 :  0.004 0.010 0.008 0.013 0.965 
229 NS_SS1261    (1)    5 :  0.016 0.187 0.121 0.632 0.044 
230 NS_SS1225   (10)    5 :  0.081 0.762 0.008 0.011 0.137 
231 NS_SS1266    (1)    5 :  0.007 0.938 0.043 0.008 0.004 
232 NS_SS1228    (0)    5 :  0.012 0.060 0.412 0.501 0.015 
233 NS_SS1255    (3)    5 :  0.002 0.542 0.065 0.120 0.272 
234 NS_SS1267    (3)    5 :  0.014 0.005 0.018 0.140 0.822 
235 NS_SS1238    (6)    5 :  0.003 0.106 0.107 0.638 0.146 
236 NS_SS1233    (8)    5 :  0.002 0.864 0.068 0.015 0.052 
237 NS_SS1277    (3)    5 :  0.001 0.008 0.242 0.014 0.736 
238 NS_SS1245    (1)    5 :  0.002 0.202 0.065 0.015 0.715 
239 NS_SS1240    (4)    5 :  0.002 0.008 0.010 0.006 0.974 
240 NS_SS1275    (2)    5 :  0.002 0.245 0.653 0.096 0.005 
241 NS_SS1235    (1)    5 :  0.004 0.973 0.010 0.005 0.009 
242 NS_SS1263    (1)    5 :  0.001 0.956 0.012 0.017 0.015 
243 NS_SS1251    (2)    5 :  0.001 0.944 0.028 0.013 0.014 
244 NS_SS1248    (0)    5 :  0.090 0.013 0.048 0.769 0.080 
245 NS_SS1244    (0)    5 :  0.004 0.166 0.631 0.114 0.084 
246 NS_SS1257    (1)    5 :  0.032 0.027 0.227 0.156 0.558 
247 NS_SS1242    (2)    5 :  0.003 0.582 0.096 0.310 0.009 
248 NS_SS1271    (6)    5 :  0.026 0.007 0.064 0.022 0.882 
249 NS_SS1265    (1)    5 :  0.022 0.116 0.033 0.310 0.519 
250 NS_SS1243    (0)    5 :  0.084 0.049 0.654 0.162 0.052 
251 NS_SS1273    (1)    5 :  0.009 0.092 0.335 0.555 0.009 
252 NS_SS1254   (14)    5 :  0.006 0.459 0.417 0.040 0.077 
253 NS_SS1224    (1)    5 :  0.008 0.648 0.311 0.024 0.010 
254 NS_SS1227    (8)    5 :  0.002 0.008 0.243 0.331 0.417 
255 NS_SS1274    (9)    5 :  0.021 0.057 0.145 0.151 0.625 
256 NS_SS1241    (1)    5 :  0.001 0.142 0.094 0.039 0.724 
257 NS_SS1256    (3)    5 :  0.041 0.579 0.274 0.017 0.090 
258 NS_SS1260    (8)    5 :  0.069 0.044 0.267 0.015 0.605 
259 NS_SS1262    (0)    5 :  0.181 0.160 0.095 0.101 0.463 
260 NS_SS1230    (0)    5 :  0.008 0.119 0.073 0.229 0.571 
261 NS_SS1270    (2)    5 :  0.002 0.787 0.120 0.075 0.016 
262 NS_SS1229    (2)    5 :  0.004 0.554 0.378 0.011 0.053 
263 NS_SS1246    (5)    5 :  0.003 0.116 0.209 0.188 0.485 
264 NS_SS1269    (0)    5 :  0.002 0.060 0.749 0.122 0.067 
265 NS_SS1239    (1)    5 :  0.005 0.030 0.532 0.324 0.110 
266 NS_SS1272    (5)    5 :  0.006 0.769 0.172 0.044 0.010 
267 NS_SS1268    (1)    5 :  0.002 0.429 0.311 0.206 0.051 
268 NS_SS1249    (1)    5 :  0.013 0.014 0.014 0.007 0.952 
269 HI_SS0559    (0)    6 :  0.002 0.229 0.585 0.041 0.144 
270 HI_SS0563    (1)    6 :  0.003 0.117 0.498 0.167 0.215 
271 HI_SS0564    (0)    6 :  0.055 0.024 0.842 0.063 0.015 
272 HI_SS0565    (0)    6 :  0.003 0.180 0.236 0.538 0.043 
273 HI_SS0569    (1)    6 :  0.002 0.025 0.124 0.059 0.790 
274 HI_SS0570    (0)    6 :  0.041 0.055 0.040 0.016 0.848 
275 HI_SS0572    (1)    6 :  0.002 0.977 0.006 0.007 0.008 
276 HI_SS0576    (1)    6 :  0.005 0.014 0.053 0.914 0.015 
277 HI_SS0579    (1)    6 :  0.012 0.788 0.056 0.010 0.133 
278 HI_SS0580    (1)    6 :  0.004 0.102 0.086 0.168 0.640 
279 HI_SS0581    (0)    6 :  0.063 0.097 0.622 0.210 0.008 
280 HI_SS0583    (1)    6 :  0.002 0.037 0.016 0.019 0.925 
281 HI_SS0586    (1)    6 :  0.001 0.006 0.009 0.033 0.951 
282 HI_SS0588    (1)    6 :  0.021 0.049 0.081 0.028 0.820 
283 HI_SS0595    (4)    6 :  0.023 0.022 0.069 0.684 0.203 
284 HI_SS0596    (0)    6 :  0.002 0.954 0.010 0.026 0.008 
285 HI_SS0597    (1)    6 :  0.002 0.855 0.103 0.027 0.013 
286 HI_SS0600    (0)    6 :  0.003 0.025 0.817 0.043 0.112 
287 HI_SS0601    (1)    6 :  0.012 0.335 0.260 0.162 0.231 
288 HI_SS0602    (1)    6 :  0.002 0.020 0.195 0.751 0.032 
289 HI_SS0604    (0)    6 :  0.002 0.602 0.229 0.024 0.143 
290 HI_SS0605    (1)    6 :  0.006 0.017 0.835 0.080 0.062 
291 HI_SS0608    (0)    6 :  0.001 0.012 0.188 0.692 0.107 
292 HI_SS0609    (0)    6 :  0.001 0.747 0.166 0.072 0.015 
293 HI_SS0611    (5)    6 :  0.003 0.018 0.043 0.123 0.813 
294 HI_SS0612    (0)    6 :  0.006 0.590 0.226 0.012 0.167 
295 HI_SS0613    (1)    6 :  0.002 0.407 0.037 0.505 0.049 
296 HI_SS0615    (1)    6 :  0.009 0.043 0.347 0.588 0.012 
297 HI_SS0001    (1)    6 :  0.003 0.027 0.596 0.013 0.362 
298 HI_SS0002    (1)    6 :  0.023 0.921 0.012 0.037 0.007 
299 HI_SS0004    (0)    6 :  0.006 0.088 0.163 0.047 0.695 
300 HI_SS0005    (1)    6 :  0.006 0.008 0.183 0.786 0.018 
301 HI_SS0006    (1)    6 :  0.002 0.264 0.023 0.012 0.699 
302 HI_SS0007    (1)    6 :  0.002 0.016 0.130 0.148 0.704 
303 HI_SS0008    (0)    6 :  0.038 0.037 0.216 0.652 0.057 
304 HI_SS0009    (0)    6 :  0.005 0.036 0.152 0.758 0.050 
305 HI_SS0010    (1)    6 :  0.003 0.012 0.065 0.721 0.199 
306 HI_SS0011    (1)    6 :  0.093 0.596 0.179 0.114 0.019 
307 HI_SS0012    (0)    6 :  0.005 0.028 0.247 0.714 0.006 
308 HI_SS0017    (1)    6 :  0.002 0.610 0.287 0.025 0.076 
309 HI_SS0021    (1)    6 :  0.231 0.016 0.006 0.547 0.200 
310 HI_SS0024    (1)    6 :  0.002 0.060 0.181 0.702 0.055 
311 HI_SS0025    (1)    6 :  0.004 0.555 0.074 0.346 0.021 
312 HI_SS0027    (0)    6 :  0.012 0.009 0.245 0.012 0.723 
313 HI_SS0028    (0)    6 :  0.002 0.007 0.008 0.980 0.004 
314 HI_SS0029    (1)    6 :  0.008 0.019 0.025 0.936 0.013 
315 HI_SS0030    (2)    6 :  0.006 0.031 0.427 0.022 0.514 
316 HI_SS0031    (0)    6 :  0.003 0.023 0.418 0.538 0.018 
317 HI_SS0034    (0)    6 :  0.005 0.020 0.148 0.009 0.818 
318 HI_SS0036    (0)    6 :  0.010 0.005 0.079 0.632 0.273 
319 HI_SS0037    (1)    6 :  0.004 0.061 0.042 0.499 0.394 
320 HI_SS0039    (0)    6 :  0.003 0.009 0.277 0.462 0.249 
321 HI_SS0041    (1)    6 :  0.002 0.039 0.081 0.869 0.008 
322 HI_SS0042    (1)    6 :  0.109 0.061 0.219 0.604 0.008 
323 HI_SS0043    (1)    6 :  0.003 0.010 0.032 0.063 0.892 
324 HI_SS0044    (1)    6 :  0.002 0.039 0.092 0.779 0.088 
325 HI_SS0047    (1)    6 :  0.002 0.669 0.283 0.022 0.024 
326 HI_SS0049    (1)    6 :  0.004 0.672 0.136 0.079 0.110 
327 HI_SS0051    (1)    6 :  0.002 0.228 0.504 0.207 0.059 
328 HI_SS0053    (1)    6 :  0.005 0.009 0.229 0.017 0.740 
329 HI_SS0054    (4)    6 :  0.004 0.015 0.011 0.013 0.958 
330 HI_SS0057    (0)    6 :  0.003 0.326 0.405 0.137 0.129 
331 HI_SS0058    (0)    6 :  0.006 0.838 0.030 0.037 0.089 
332 HI_SS0060    (0)    6 :  0.067 0.020 0.210 0.690 0.014 
333 HI_SS0087    (1)    6 :  0.003 0.797 0.068 0.024 0.108 
334 HI_SS0091    (1)    6 :  0.001 0.027 0.267 0.010 0.694 
335 HI_SS0095    (1)    6 :  0.045 0.291 0.460 0.116 0.088 
336 HI_SS0097    (3)    6 :  0.004 0.837 0.096 0.028 0.035 
337 HI_SS0099    (1)    6 :  0.003 0.012 0.038 0.938 0.010 
338 HI_SS0103    (0)    6 :  0.003 0.622 0.343 0.012 0.019 
339 HI_SS0105    (1)    6 :  0.028 0.183 0.680 0.038 0.071 
340 HI_SS0107    (1)    6 :  0.001 0.961 0.024 0.007 0.007 
341 HI_SS0108    (1)    6 :  0.022 0.006 0.016 0.007 0.948 
342 HI_SS0110    (0)    6 :  0.001 0.067 0.661 0.098 0.173 
343 HI_SS0111    (1)    6 :  0.023 0.019 0.243 0.698 0.017 
344 HI_SS0112    (0)    6 :  0.001 0.006 0.008 0.013 0.971 
345 HI_SS0113    (1)    6 :  0.003 0.804 0.153 0.028 0.011 
346 HI_SS0114    (1)    6 :  0.005 0.023 0.472 0.085 0.415 
347 HI_SS0115    (1)    6 :  0.017 0.211 0.297 0.086 0.390 
348 HI_SS0116    (4)    6 :  0.004 0.035 0.010 0.036 0.915 
349 HI_SS0117    (0)    6 :  0.002 0.698 0.089 0.009 0.201 
350 HI_SS0118    (0)    6 :  0.013 0.312 0.039 0.037 0.598 
351 HI_SS0119    (1)    6 :  0.002 0.013 0.369 0.014 0.602 
352 HI_SS0120    (1)    6 :  0.003 0.700 0.284 0.006 0.008 
353 HI_SS0121    (0)    6 :  0.001 0.102 0.053 0.836 0.009 
354 HI_SS0122    (2)    6 :  0.020 0.078 0.092 0.788 0.021 
355 HI_SS0123    (0)    6 :  0.004 0.145 0.767 0.019 0.065 
356 HI_SS0124    (1)    6 :  0.002 0.043 0.081 0.864 0.009 
357 HI_SS0125    (1)    6 :  0.027 0.007 0.549 0.411 0.006 
358 HI_SS0126    (0)    6 :  0.001 0.011 0.006 0.033 0.948 
359 HI_SS0127    (0)    6 :  0.010 0.193 0.349 0.180 0.268 
360 HI_SS0128    (0)    6 :  0.004 0.244 0.345 0.105 0.302 
361 HI_SS0129    (1)    6 :  0.012 0.040 0.527 0.152 0.269 
362 HI_SS0131    (2)    6 :  0.033 0.094 0.014 0.610 0.250 
363 HI_SS0132    (0)    6 :  0.001 0.042 0.523 0.284 0.150 
364 HI_SS0133    (1)    6 :  0.001 0.003 0.006 0.004 0.986 
365 HI_SS0134    (1)    6 :  0.002 0.135 0.506 0.027 0.330 
366 HI_SS0142    (3)    6 :  0.014 0.103 0.778 0.093 0.012 
367 HI_SS0145    (0)    6 :  0.002 0.544 0.229 0.020 0.206 
368 HI_SS0146    (1)    6 :  0.001 0.013 0.073 0.090 0.823 
369 HI_SS0147    (1)    6 :  0.024 0.641 0.073 0.252 0.010 
370 HI_SS0149    (1)    6 :  0.005 0.017 0.354 0.590 0.033 
371 HI_SS0150    (2)    6 :  0.005 0.042 0.773 0.162 0.019 
372 HI_SS0151    (0)    6 :  0.015 0.221 0.294 0.037 0.433 
373 NS_SS1451    (1)    6 :  0.003 0.048 0.660 0.281 0.008 
374 NS_SS1404    (0)    6 :  0.013 0.240 0.268 0.455 0.024 
375 NS_SS1432    (2)    6 :  0.028 0.013 0.044 0.910 0.004 
376 NS_SS1405    (5)    6 :  0.003 0.181 0.050 0.687 0.079 
377 NS_SS1431   (10)    6 :  0.001 0.322 0.411 0.255 0.011 
378 NS_SS1402    (3)    6 :  0.003 0.796 0.136 0.027 0.039 
379 NS_SS1450    (3)    6 :  0.003 0.015 0.866 0.015 0.101 
380 NS_SS1396    (0)    6 :  0.006 0.032 0.189 0.750 0.022 
381 NS_SS1393    (5)    6 :  0.004 0.012 0.244 0.514 0.227 
382 NS_SS1392   (10)    6 :  0.016 0.050 0.573 0.342 0.019 
383 NS_SS1445    (0)    6 :  0.011 0.027 0.153 0.042 0.767 
384 NS_SS1423    (0)    6 :  0.001 0.308 0.082 0.015 0.594 
385 NS_SS1421    (9)    6 :  0.095 0.060 0.206 0.214 0.425 
386 NS_SS1411    (6)    6 :  0.002 0.014 0.048 0.038 0.898 
387 NS_SS1453    (6)    6 :  0.006 0.024 0.094 0.726 0.150 
388 NS_SS1442    (3)    6 :  0.003 0.660 0.084 0.093 0.159 
389 NS_SS1422    (1)    6 :  0.012 0.692 0.090 0.016 0.189 
390 NS_SS1419    (1)    6 :  0.185 0.318 0.294 0.067 0.136 
391 NS_SS1427    (0)    6 :  0.002 0.007 0.135 0.010 0.846 
392 NS_SS1444    (4)    6 :  0.004 0.095 0.033 0.845 0.024 
393 NS_SS1455    (0)    6 :  0.001 0.974 0.005 0.012 0.008 
394 NS_SS1425    (2)    6 :  0.001 0.008 0.035 0.015 0.940 
395 NS_SS1400    (0)    6 :  0.001 0.012 0.005 0.007 0.975 
396 NS_SS1406    (2)    6 :  0.008 0.894 0.052 0.041 0.005 
397 NS_SS1417    (6)    6 :  0.006 0.928 0.012 0.019 0.035 
398 NS_SS1454    (3)    6 :  0.001 0.043 0.400 0.178 0.377 
399 NS_SS1412    (1)    6 :  0.027 0.362 0.184 0.079 0.347 
400 NS_SS1438    (1)    6 :  0.001 0.031 0.027 0.012 0.929 
401 NS_SS1416    (4)    6 :  0.006 0.115 0.611 0.249 0.019 
402 NS_SS1401    (0)    6 :  0.011 0.160 0.260 0.547 0.022 
403 NS_SS1424    (6)    6 :  0.013 0.045 0.267 0.090 0.584 
404 NS_SS1435   (10)    6 :  0.003 0.024 0.353 0.475 0.145 
405 NS_SS1447    (4)    6 :  0.007 0.875 0.059 0.037 0.022 
406 NS_SS1414    (3)    6 :  0.008 0.793 0.140 0.041 0.018 
407 NS_SS1449   (14)    6 :  0.004 0.263 0.701 0.015 0.016 
408 NS_SS1443    (4)    6 :  0.002 0.015 0.213 0.006 0.764 
409 NS_SS1434    (1)    6 :  0.001 0.361 0.052 0.024 0.563 
410 NS_SS1398    (1)    6 :  0.017 0.014 0.075 0.875 0.019 
411 NS_SS1426    (1)    6 :  0.002 0.009 0.039 0.012 0.939 
412 NS_SS1413    (0)    6 :  0.012 0.023 0.012 0.011 0.942 
413 NS_SS1395    (1)    6 :  0.012 0.031 0.531 0.078 0.348 
414 NS_SS1448   (10)    6 :  0.002 0.023 0.550 0.062 0.364 
415 NS_SS1446    (0)    6 :  0.004 0.402 0.274 0.070 0.250 
416 NS_SS1403    (2)    6 :  0.005 0.015 0.250 0.713 0.017 
417 NS_SS1415    (0)    6 :  0.009 0.007 0.022 0.038 0.923 
418 NS_SS1437    (4)    6 :  0.008 0.107 0.211 0.654 0.021 
419 NS_SS1439    (2)    6 :  0.003 0.814 0.140 0.026 0.017 
420 NS_SS1441    (3)    6 :  0.002 0.038 0.318 0.076 0.566 
421 NS_SS1420    (2)    6 :  0.004 0.053 0.461 0.473 0.009 
422 NS_SS1394    (2)    6 :  0.029 0.019 0.229 0.718 0.005 
423 NS_SS1391    (7)    6 :  0.014 0.262 0.136 0.198 0.390 
424 NS_SS1410    (5)    6 :  0.014 0.112 0.260 0.349 0.265 
425 NS_SS1408    (1)    6 :  0.046 0.010 0.904 0.025 0.015 
426 NS_SS1409    (1)    6 :  0.003 0.104 0.447 0.255 0.191 
427 HI_SS0617    (1)    7 :  0.001 0.216 0.477 0.237 0.070 
428 HI_SS0618    (2)    7 :  0.002 0.068 0.561 0.356 0.012 
429 HI_SS0619    (0)    7 :  0.004 0.049 0.058 0.825 0.064 
430 HI_SS0620    (1)    7 :  0.003 0.014 0.016 0.016 0.950 
431 HI_SS0621    (3)    7 :  0.017 0.139 0.286 0.530 0.027 
432 HI_SS0622    (1)    7 :  0.011 0.452 0.091 0.196 0.251 
433 HI_SS0626    (0)    7 :  0.007 0.012 0.118 0.846 0.017 
434 HI_SS0627    (0)    7 :  0.008 0.409 0.137 0.433 0.014 
435 HI_SS0628    (3)    7 :  0.052 0.015 0.434 0.256 0.244 
436 HI_SS0629    (1)    7 :  0.005 0.115 0.069 0.736 0.074 
437 HI_SS0630    (1)    7 :  0.051 0.021 0.136 0.196 0.596 
438 HI_SS0631    (0)    7 :  0.001 0.008 0.033 0.654 0.304 
439 HI_SS0632    (0)    7 :  0.003 0.075 0.486 0.187 0.249 
440 HI_SS0633    (0)    7 :  0.003 0.549 0.115 0.317 0.016 
441 HI_SS0634    (1)    7 :  0.002 0.019 0.688 0.267 0.025 
442 HI_SS0635    (0)    7 :  0.007 0.203 0.341 0.424 0.024 
443 HI_SS0637    (1)    7 :  0.003 0.101 0.406 0.479 0.012 
444 HI_SS0638    (0)    7 :  0.001 0.034 0.232 0.288 0.444 
445 HI_SS0639    (1)    7 :  0.037 0.034 0.819 0.103 0.007 
446 HI_SS0640    (1)    7 :  0.002 0.165 0.265 0.097 0.471 
447 HI_SS0641    (1)    7 :  0.004 0.010 0.044 0.698 0.244 
448 HI_SS0642    (0)    7 :  0.002 0.035 0.698 0.220 0.044 
449 HI_SS0645    (0)    7 :  0.001 0.043 0.068 0.869 0.019 
450 HI_SS0646    (1)    7 :  0.003 0.354 0.512 0.055 0.076 
451 HI_SS0647    (1)    7 :  0.001 0.200 0.196 0.089 0.514 
452 HI_SS0648    (0)    7 :  0.003 0.210 0.287 0.452 0.048 
453 HI_SS0649    (1)    7 :  0.002 0.170 0.045 0.763 0.020 
454 HI_SS0650    (1)    7 :  0.004 0.186 0.641 0.123 0.046 
455 HI_SS0651    (1)    7 :  0.004 0.233 0.262 0.381 0.120 
456 HI_SS0652    (1)    7 :  0.003 0.017 0.546 0.424 0.010 
457 NS_SS1371    (3)    7 :  0.006 0.114 0.376 0.130 0.373 
458 NS_SS1374    (0)    7 :  0.003 0.008 0.390 0.283 0.316 
459 NS_SS1337    (3)    7 :  0.003 0.197 0.710 0.065 0.025 
460 NS_SS1385    (5)    7 :  0.004 0.780 0.100 0.023 0.093 
461 NS_SS1388    (0)    7 :  0.006 0.071 0.013 0.801 0.109 
462 NS_SS1370    (1)    7 :  0.008 0.020 0.259 0.691 0.022 
463 NS_SS1389    (3)    7 :  0.003 0.091 0.008 0.883 0.015 
464 NS_SS1360    (1)    7 :  0.005 0.023 0.186 0.093 0.693 
465 NS_SS1330    (0)    7 :  0.004 0.488 0.394 0.100 0.014 
466 NS_SS1328    (9)    7 :  0.002 0.025 0.266 0.011 0.696 
467 NS_SS1384    (1)    7 :  0.004 0.344 0.485 0.037 0.130 
468 NS_SS1381    (0)    7 :  0.001 0.891 0.084 0.016 0.008 
469 NS_SS1375    (1)    7 :  0.001 0.008 0.610 0.351 0.030 
470 NS_SS1319   (11)    7 :  0.082 0.009 0.700 0.169 0.039 
471 NS_SS1326    (2)    7 :  0.010 0.010 0.015 0.067 0.896 
472 NS_SS1341    (1)    7 :  0.005 0.455 0.335 0.084 0.121 
473 NS_SS1383    (2)    7 :  0.004 0.008 0.842 0.076 0.070 
474 NS_SS1318    (3)    7 :  0.015 0.734 0.113 0.081 0.057 
475 NS_SS1348    (2)    7 :  0.002 0.011 0.010 0.011 0.966 
476 NS_SS1363    (0)    7 :  0.004 0.202 0.052 0.709 0.033 
477 NS_SS1335    (4)    7 :  0.026 0.008 0.279 0.019 0.668 
478 NS_SS1358    (0)    7 :  0.014 0.225 0.434 0.008 0.320 
479 NS_SS1342    (1)    7 :  0.001 0.597 0.028 0.025 0.348 
480 NS_SS1320    (3)    7 :  0.006 0.887 0.057 0.046 0.004 
481 NS_SS1355    (1)    7 :  0.010 0.916 0.013 0.052 0.010 
482 NS_SS1345    (1)    7 :  0.016 0.899 0.055 0.007 0.024 
483 NS_SS1324    (0)    7 :  0.002 0.063 0.022 0.652 0.261 
484 NS_SS1347    (5)    7 :  0.003 0.080 0.305 0.417 0.196 
485 NS_SS1321    (4)    7 :  0.001 0.018 0.416 0.216 0.348 
486 NS_SS1333    (0)    7 :  0.002 0.007 0.046 0.915 0.031 
487 NS_SS1364    (1)    7 :  0.002 0.434 0.012 0.028 0.524 
488 NS_SS1379    (0)    7 :  0.051 0.324 0.522 0.045 0.059 
489 NS_SS1332    (0)    7 :  0.005 0.009 0.019 0.066 0.901 
490 NS_SS1338    (5)    7 :  0.006 0.009 0.198 0.636 0.151 
491 NS_SS1368    (6)    7 :  0.005 0.190 0.035 0.092 0.677 
492 NS_SS1354    (1)    7 :  0.011 0.888 0.018 0.067 0.017 
493 NS_SS1365    (0)    7 :  0.009 0.160 0.319 0.442 0.070 
494 NS_SS1380    (1)    7 :  0.017 0.893 0.072 0.012 0.006 
495 NS_SS1329    (8)    7 :  0.003 0.622 0.037 0.048 0.290 
496 NS_SS1362    (0)    7 :  0.004 0.831 0.060 0.029 0.076 
497 NS_SS1327    (2)    7 :  0.003 0.003 0.006 0.007 0.981 
498 NS_SS1350    (0)    7 :  0.008 0.019 0.792 0.096 0.085 
499 NS_SS1387    (2)    7 :  0.002 0.020 0.262 0.689 0.027 
500 NS_SS1369    (8)    7 :  0.004 0.026 0.064 0.065 0.841 
501 NS_SS1331    (1)    7 :  0.008 0.009 0.373 0.574 0.036 
502 NS_SS1357    (5)    7 :  0.003 0.043 0.545 0.028 0.381 
503 NS_SS1386    (1)    7 :  0.003 0.008 0.008 0.009 0.973 
504 NS_SS1353    (2)    7 :  0.004 0.638 0.287 0.030 0.041 
505 NS_SS1323    (0)    7 :  0.063 0.195 0.675 0.052 0.016 
506 HI_SS0296    (0)    8 :  0.002 0.022 0.101 0.036 0.839 
507 HI_SS0297    (0)    8 :  0.001 0.036 0.651 0.161 0.151 
508 HI_SS0299    (0)    8 :  0.042 0.330 0.237 0.078 0.313 
509 HI_SS0300    (0)    8 :  0.001 0.035 0.259 0.021 0.683 
510 HI_SS0301    (0)    8 :  0.004 0.054 0.372 0.528 0.043 
511 HI_SS0302    (0)    8 :  0.022 0.023 0.096 0.032 0.827 
512 HI_SS0303    (0)    8 :  0.006 0.019 0.009 0.016 0.949 
513 HI_SS0304    (0)    8 :  0.002 0.012 0.711 0.263 0.013 
514 HI_SS0306    (5)    8 :  0.003 0.006 0.027 0.007 0.956 
515 HI_SS0307    (1)    8 :  0.008 0.155 0.469 0.347 0.021 
516 HI_SS0308    (1)    8 :  0.066 0.019 0.132 0.769 0.014 
517 HI_SS0309    (0)    8 :  0.003 0.547 0.383 0.049 0.017 
518 HI_SS0310    (0)    8 :  0.007 0.617 0.019 0.033 0.324 
519 HI_SS0311    (4)    8 :  0.002 0.062 0.681 0.194 0.061 
520 HI_SS0314    (0)    8 :  0.001 0.090 0.218 0.642 0.048 
521 HI_SS0316    (1)    8 :  0.004 0.039 0.229 0.058 0.669 
522 HI_SS0317    (3)    8 :  0.002 0.036 0.204 0.739 0.020 
523 HI_SS0318    (1)    8 :  0.195 0.007 0.359 0.073 0.366 
524 HI_SS0319    (0)    8 :  0.004 0.007 0.012 0.006 0.970 
525 HI_SS0320    (3)    8 :  0.001 0.011 0.330 0.652 0.005 
526 HI_SS0321    (0)    8 :  0.002 0.006 0.303 0.613 0.076 
527 HI_SS0323    (1)    8 :  0.001 0.006 0.076 0.807 0.108 
528 HI_SS0325    (2)    8 :  0.002 0.032 0.132 0.020 0.814 
529 HI_SS0327    (1)    8 :  0.002 0.098 0.191 0.041 0.668 
530 HI_SS0329    (1)    8 :  0.002 0.092 0.591 0.231 0.084 
531 HI_SS0333    (1)    8 :  0.002 0.058 0.195 0.700 0.045 
532 HI_SS0334    (1)    8 :  0.001 0.105 0.317 0.080 0.497 
533 HI_SS0335    (1)    8 :  0.014 0.963 0.012 0.006 0.006 
534 HI_SS0339    (0)    8 :  0.012 0.936 0.016 0.026 0.011 
535 HI_SS0343    (2)    8 :  0.002 0.948 0.026 0.012 0.012 
536 HI_SS0344    (1)    8 :  0.003 0.004 0.013 0.006 0.974 
537 HI_SS0345    (3)    8 :  0.006 0.916 0.020 0.027 0.031 
538 HI_SS0346    (0)    8 :  0.003 0.027 0.188 0.739 0.043 
539 HI_SS0350    (1)    8 :  0.009 0.821 0.012 0.152 0.006 
540 HI_SS0351    (0)    8 :  0.003 0.800 0.046 0.011 0.139 
541 HI_SS0352    (3)    8 :  0.095 0.835 0.033 0.015 0.022 
542 HI_SS0362    (0)    8 :  0.003 0.006 0.096 0.741 0.154 
543 HI_SS0363    (1)    8 :  0.003 0.029 0.036 0.014 0.917 
544 HI_SS0365    (0)    8 :  0.005 0.060 0.328 0.019 0.589 
545 HI_SS0366    (0)    8 :  0.002 0.038 0.015 0.010 0.935 
546 HI_SS0367    (1)    8 :  0.002 0.926 0.016 0.050 0.006 
547 HI_SS0369    (1)    8 :  0.003 0.242 0.490 0.253 0.012 
548 HI_SS0370    (0)    8 :  0.003 0.554 0.379 0.029 0.035 
549 HI_SS0371    (4)    8 :  0.003 0.011 0.176 0.026 0.784 
550 HI_SS0373    (3)    8 :  0.008 0.025 0.061 0.872 0.034 
551 HI_SS0374    (0)    8 :  0.024 0.057 0.221 0.686 0.012 
552 HI_SS0377    (0)    8 :  0.088 0.069 0.209 0.013 0.622 
553 HI_SS0379    (1)    8 :  0.001 0.004 0.005 0.004 0.987 
554 HI_SS0380    (1)    8 :  0.005 0.814 0.063 0.105 0.013 
555 HI_SS0381    (2)    8 :  0.004 0.206 0.340 0.433 0.017 
556 HI_SS0384    (3)    8 :  0.008 0.019 0.376 0.154 0.443 
557 HI_SS0385    (1)    8 :  0.001 0.019 0.098 0.319 0.564 
558 HI_SS0386    (0)    9 :  0.994 0.001 0.002 0.002 0.001 
559 HI_SS0387    (0)    9 :  0.952 0.009 0.016 0.011 0.012 
560 HI_SS0389    (2)    9 :  0.986 0.003 0.005 0.003 0.004 
561 HI_SS0390    (2)    9 :  0.993 0.002 0.002 0.002 0.002 
562 HI_SS0391    (3)    9 :  0.990 0.003 0.002 0.002 0.003 
563 HI_SS0392    (0)    9 :  0.994 0.002 0.001 0.002 0.002 
564 HI_SS0393    (2)    9 :  0.994 0.002 0.002 0.001 0.001 
565 HI_SS0394    (2)    9 :  0.993 0.002 0.002 0.002 0.001 
566 HI_SS0395    (2)    9 :  0.985 0.003 0.004 0.004 0.004 
567 HI_SS0396    (2)    9 :  0.962 0.010 0.010 0.013 0.006 
568 HI_SS0398    (2)    9 :  0.978 0.006 0.006 0.006 0.005 
569 HI_SS0399    (2)    9 :  0.996 0.001 0.001 0.001 0.001 
570 HI_SS0400    (3)    9 :  0.991 0.002 0.002 0.002 0.002 
571 HI_SS0401    (5)    9 :  0.994 0.001 0.002 0.001 0.002 
572 HI_SS0402    (0)    9 :  0.995 0.001 0.001 0.001 0.001 
573 HI_SS0403    (0)    9 :  0.993 0.002 0.002 0.001 0.002 
574 HI_SS0404    (2)    9 :  0.996 0.001 0.001 0.001 0.001 
575 HI_SS0405    (2)    9 :  0.938 0.022 0.016 0.014 0.010 
576 HI_SS0406    (2)    9 :  0.991 0.002 0.002 0.002 0.002 
577 HI_SS0407    (0)    9 :  0.968 0.009 0.008 0.009 0.006 
578 HI_SS0408    (0)    9 :  0.995 0.001 0.001 0.001 0.001 
579 HI_SS0409    (2)    9 :  0.987 0.003 0.003 0.004 0.003 
580 HI_SS0411    (2)    9 :  0.988 0.002 0.003 0.004 0.003 
581 HI_SS0412   (11)    9 :  0.807 0.050 0.071 0.044 0.029 
582 HI_SS0413    (0)    9 :  0.991 0.003 0.003 0.002 0.002 
583 HI_SS0414    (2)    9 :  0.937 0.015 0.027 0.013 0.009 
584 HI_SS0415    (2)    9 :  0.993 0.002 0.001 0.002 0.002 
585 HI_SS0416    (2)    9 :  0.986 0.003 0.004 0.004 0.003 
586 HI_SS0418    (2)    9 :  0.980 0.005 0.005 0.005 0.005 
587 HI_SS0419    (3)    9 :  0.987 0.003 0.003 0.003 0.003 
588 HI_SS0420    (0)    9 :  0.991 0.002 0.002 0.002 0.003 
589 HI_SS0421    (4)    9 :  0.982 0.006 0.004 0.004 0.004 
590 HI_SS0422    (3)    9 :  0.994 0.002 0.002 0.002 0.001 
591 HI_SS0423    (2)    9 :  0.985 0.004 0.004 0.004 0.004 
592 HI_SS0424    (1)    9 :  0.993 0.002 0.002 0.002 0.001 
593 HI_SS0425    (0)    9 :  0.987 0.004 0.004 0.003 0.002 
594 NS_SS1146    (3)   10 :  0.990 0.002 0.002 0.003 0.003 
595 NS_SS1157    (1)   10 :  0.974 0.008 0.007 0.005 0.006 
596 NS_SS1144    (7)   10 :  0.928 0.018 0.017 0.015 0.021 
597 NS_SS1074    (3)   10 :  0.986 0.004 0.004 0.003 0.004 
598 NS_SS1122    (0)   10 :  0.982 0.005 0.003 0.004 0.005 
599 NS_SS1136    (2)   10 :  0.995 0.001 0.001 0.001 0.001 
600 NS_SS1077    (4)   10 :  0.997 0.001 0.001 0.001 0.001 
601 NS_SS1134    (2)   10 :  0.955 0.008 0.014 0.014 0.009 
602 NS_SS1091    (1)   10 :  0.991 0.002 0.002 0.002 0.002 
603 NS_SS1089   (10)   10 :  0.989 0.002 0.003 0.003 0.003 
604 NS_SS1123    (2)   10 :  0.994 0.002 0.002 0.001 0.002 
605 NS_SS1158    (3)   10 :  0.996 0.001 0.001 0.001 0.001 
606 NS_SS1093    (3)   10 :  0.990 0.002 0.003 0.003 0.002 
607 NS_SS1102    (5)   10 :  0.977 0.006 0.006 0.006 0.006 
608 NS_SS1056    (0)   10 :  0.993 0.002 0.002 0.002 0.002 
609 NS_SS1126    (2)   10 :  0.988 0.003 0.002 0.004 0.003 
610 NS_SS1058   (15)   10 :  0.985 0.004 0.004 0.004 0.003 
611 NS_SS1084    (2)   10 :  0.994 0.001 0.002 0.002 0.002 
612 NS_SS1095    (3)   10 :  0.977 0.004 0.006 0.006 0.007 
613 NS_SS1079    (3)   10 :  0.994 0.002 0.001 0.002 0.002 
614 NS_SS1149    (0)   10 :  0.989 0.003 0.002 0.002 0.002 
615 NS_SS1121    (0)   10 :  0.994 0.001 0.002 0.002 0.001 
616 NS_SS1067    (0)   10 :  0.976 0.006 0.007 0.007 0.004 
617 NS_SS1081    (2)   10 :  0.990 0.002 0.003 0.002 0.002 
618 NS_SS1130    (0)   10 :  0.988 0.003 0.003 0.004 0.003 
619 NS_SS1073    (2)   10 :  0.989 0.003 0.003 0.003 0.003 
620 NS_SS1133    (2)   10 :  0.973 0.008 0.006 0.009 0.004 
621 NS_SS1129    (2)   10 :  0.994 0.001 0.001 0.002 0.001 
622 NS_SS1085    (1)   10 :  0.991 0.002 0.002 0.002 0.003 
623 NS_SS1137    (2)   10 :  0.981 0.005 0.005 0.004 0.005 
624 NS_SS1135    (3)   10 :  0.995 0.001 0.001 0.001 0.001 
625 NS_SS1082    (3)   10 :  0.994 0.002 0.002 0.001 0.002 
