

----------------------------------------------------
STRUCTURE by Pritchard, Stephens and Donnelly (2000)
     and Falush, Stephens and Pritchard (2003)
       Code by Pritchard, Falush and Hubisz
             Version 2.3.4 (Jul 2012)
----------------------------------------------------



Command line arguments:   /home/genobiwan/Documents/Programs/Structure/structure -m parameter_job_k6_r2 
Input File:    /media/genobiwan/Storage/Projets/Mackerel_NWA_2021/data_job_k6_r2

Run parameters:
   629 individuals
   4140 loci
   6 populations assumed
   100000 Burn-in period
   200000 Reps


--------------------------------------------
Proportion of membership of each pre-defined
 population in each of the 6 clusters

Given    Inferred Clusters                            Number of
 Pop       1      2      3      4      5      6      Individuals

  1:     0.013  0.208  0.185  0.218  0.177  0.199       67
  2:     0.010  0.203  0.194  0.197  0.087  0.311       32
  3:     0.014  0.226  0.280  0.200  0.142  0.139       92
  4:     0.016  0.148  0.198  0.233  0.262  0.144       36
  5:     0.020  0.191  0.170  0.216  0.222  0.180       41
  6:     0.013  0.143  0.196  0.214  0.225  0.210      158
  7:     0.011  0.152  0.208  0.210  0.225  0.196       79
  8:     0.015  0.163  0.182  0.180  0.291  0.170       52
  9:     0.974  0.005  0.005  0.006  0.004  0.005       36
 10:     0.980  0.004  0.004  0.004  0.004  0.004       36
--------------------------------------------

Allele-freq. divergence among pops (Net nucleotide distance),
computed using point estimates of P.

      1       2       3       4       5       6      
 1      -    0.0050  0.0049  0.0048  0.0051  0.0050  
 2   0.0050     -    0.0002  0.0002  0.0004  0.0003  
 3   0.0049  0.0002     -    0.0001  0.0003  0.0002  
 4   0.0048  0.0002  0.0001     -    0.0003  0.0002  
 5   0.0051  0.0004  0.0003  0.0003     -    0.0004  
 6   0.0050  0.0003  0.0002  0.0002  0.0004     -    

Average distances (expected heterozygosity) between individuals in same cluster:
cluster  1  : 0.3054 
cluster  2  : 0.3181 
cluster  3  : 0.3188 
cluster  4  : 0.3186 
cluster  5  : 0.3179 
cluster  6  : 0.3184 

--------------------------------------------
Estimated Ln Prob of Data   = -2473086.6
Mean value of ln likelihood = -2464652.6
Variance of ln likelihood   = 16868.1
Mean value of alpha         = 0.0425

Mean value of Fst_1         = 0.0386
Mean value of Fst_2         = 0.0038
Mean value of Fst_3         = 0.0027
Mean value of Fst_4         = 0.0023
Mean value of Fst_5         = 0.0042
Mean value of Fst_6         = 0.0037


Inferred ancestry of individuals:
        Label (%Miss) Pop:  Inferred clusters
  1 NS_SS0963    (4)    1 :  0.004 0.015 0.037 0.930 0.009 0.006 
  2 NS_SS0983    (1)    1 :  0.003 0.012 0.940 0.013 0.028 0.004 
  3 NS_SS0719    (9)    1 :  0.004 0.045 0.363 0.438 0.100 0.049 
  4 NS_SS1001    (8)    1 :  0.006 0.081 0.008 0.011 0.071 0.823 
  5 NS_SS0936    (4)    1 :  0.003 0.116 0.038 0.675 0.033 0.136 
  6 NS_SS0955    (6)    1 :  0.003 0.048 0.602 0.193 0.131 0.023 
  7 NS_SS0944    (3)    1 :  0.002 0.117 0.011 0.068 0.775 0.027 
  8 NS_SS0945    (3)    1 :  0.010 0.035 0.020 0.013 0.569 0.354 
  9 NS_SS0922    (2)    1 :  0.034 0.068 0.202 0.158 0.012 0.526 
 10 NS_SS0929    (7)    1 :  0.003 0.640 0.064 0.174 0.092 0.028 
 11 NS_SS0956    (1)    1 :  0.004 0.866 0.042 0.038 0.016 0.034 
 12 NS_SS0906    (3)    1 :  0.002 0.181 0.131 0.566 0.014 0.105 
 13 NS_SS0721    (6)    1 :  0.004 0.013 0.858 0.106 0.010 0.008 
 14 NS_SS0982    (4)    1 :  0.016 0.052 0.231 0.663 0.007 0.031 
 15 NS_SS0923    (6)    1 :  0.004 0.104 0.163 0.465 0.013 0.250 
 16 NS_SS0905    (6)    1 :  0.002 0.194 0.426 0.197 0.159 0.023 
 17 NS_SS0925    (3)    1 :  0.003 0.173 0.305 0.490 0.007 0.021 
 18 NS_SS0947    (6)    1 :  0.005 0.815 0.038 0.039 0.021 0.081 
 19 NS_SS0926    (2)    1 :  0.001 0.014 0.019 0.078 0.847 0.040 
 20 NS_SS0918    (6)    1 :  0.002 0.754 0.048 0.029 0.147 0.020 
 21 NS_SS0966    (4)    1 :  0.057 0.606 0.024 0.183 0.090 0.041 
 22 NS_SS0938    (2)    1 :  0.002 0.024 0.025 0.111 0.019 0.821 
 23 NS_SS0917    (2)    1 :  0.025 0.005 0.919 0.014 0.006 0.030 
 24 NS_SS0957   (11)    1 :  0.007 0.940 0.008 0.014 0.018 0.014 
 25 NS_SS0987    (1)    1 :  0.236 0.291 0.369 0.055 0.019 0.031 
 26 NS_SS0717    (4)    1 :  0.003 0.038 0.150 0.044 0.009 0.756 
 27 NS_SS0986    (2)    1 :  0.004 0.108 0.317 0.185 0.231 0.154 
 28 NS_SS0953    (3)    1 :  0.014 0.931 0.015 0.018 0.008 0.015 
 29 NS_SS0907    (3)    1 :  0.036 0.073 0.395 0.407 0.041 0.048 
 30 NS_SS0974    (6)    1 :  0.004 0.069 0.051 0.317 0.277 0.282 
 31 NS_SS0989    (1)    1 :  0.001 0.071 0.375 0.206 0.334 0.014 
 32 NS_SS0991    (3)    1 :  0.002 0.033 0.214 0.309 0.429 0.013 
 33 NS_SS0994    (2)    1 :  0.003 0.007 0.151 0.016 0.524 0.300 
 34 NS_SS0931    (6)    1 :  0.011 0.013 0.019 0.048 0.890 0.019 
 35 NS_SS1000    (5)    1 :  0.005 0.162 0.114 0.224 0.023 0.471 
 36 NS_SS0919    (1)    1 :  0.002 0.013 0.136 0.790 0.051 0.007 
 37 NS_SS0949    (4)    1 :  0.001 0.009 0.061 0.069 0.840 0.020 
 38 NS_SS0960   (10)    1 :  0.007 0.147 0.093 0.066 0.678 0.009 
 39 NS_SS0716    (2)    1 :  0.007 0.017 0.018 0.007 0.008 0.944 
 40 NS_SS0924    (8)    1 :  0.015 0.009 0.792 0.115 0.056 0.013 
 41 NS_SS0935    (2)    1 :  0.009 0.082 0.290 0.027 0.571 0.021 
 42 NS_SS0952   (14)    1 :  0.045 0.040 0.033 0.093 0.762 0.027 
 43 NS_SS0962   (11)    1 :  0.009 0.048 0.066 0.551 0.032 0.295 
 44 NS_SS0973    (5)    1 :  0.003 0.070 0.281 0.623 0.014 0.009 
 45 NS_SS0722    (1)    1 :  0.002 0.020 0.016 0.021 0.009 0.931 
 46 NS_SS0979   (13)    1 :  0.002 0.086 0.103 0.565 0.016 0.229 
 47 NS_SS0993    (2)    1 :  0.017 0.027 0.022 0.141 0.011 0.784 
 48 NS_SS0958    (1)    1 :  0.003 0.010 0.023 0.059 0.866 0.039 
 49 NS_SS0988    (4)    1 :  0.004 0.109 0.014 0.771 0.010 0.093 
 50 NS_SS1003    (2)    1 :  0.008 0.742 0.012 0.215 0.015 0.009 
 51 NS_SS0976    (1)    1 :  0.002 0.019 0.017 0.019 0.932 0.012 
 52 NS_SS0964   (10)    1 :  0.003 0.010 0.025 0.016 0.012 0.934 
 53 NS_SS0939    (4)    1 :  0.005 0.007 0.010 0.006 0.008 0.965 
 54 NS_SS0990    (6)    1 :  0.003 0.075 0.113 0.125 0.014 0.670 
 55 NS_SS0984    (2)    1 :  0.002 0.045 0.029 0.030 0.006 0.887 
 56 NS_SS0980   (10)    1 :  0.002 0.923 0.014 0.044 0.009 0.009 
 57 NS_SS0978    (4)    1 :  0.003 0.747 0.061 0.163 0.016 0.009 
 58 NS_SS0951   (18)    1 :  0.003 0.474 0.196 0.022 0.188 0.117 
 59 NS_SS0913    (3)    1 :  0.052 0.221 0.203 0.050 0.044 0.429 
 60 NS_SS1002    (1)    1 :  0.037 0.060 0.010 0.843 0.005 0.044 
 61 NS_SS0948    (1)    1 :  0.052 0.161 0.040 0.439 0.265 0.042 
 62 NS_SS0916    (4)    1 :  0.004 0.702 0.166 0.043 0.061 0.025 
 63 NS_SS0995    (1)    1 :  0.004 0.587 0.320 0.058 0.010 0.021 
 64 NS_SS0927    (6)    1 :  0.006 0.010 0.772 0.126 0.016 0.071 
 65 NS_SS0992    (5)    1 :  0.003 0.141 0.195 0.578 0.041 0.042 
 66 NS_SS0912    (1)    1 :  0.003 0.032 0.537 0.183 0.229 0.017 
 67 NS_SS0981    (1)    1 :  0.003 0.615 0.043 0.259 0.058 0.021 
 68 NS_SS0729    (5)    2 :  0.004 0.017 0.437 0.096 0.391 0.056 
 69 NS_SS0967   (15)    2 :  0.009 0.013 0.205 0.733 0.022 0.019 
 70 NS_SS0941    (8)    2 :  0.082 0.075 0.128 0.072 0.020 0.622 
 71 NS_SS0768   (12)    2 :  0.005 0.330 0.108 0.465 0.063 0.030 
 72 NS_SS0726    (5)    2 :  0.008 0.023 0.091 0.689 0.068 0.121 
 73 NS_SS0763    (4)    2 :  0.002 0.031 0.671 0.028 0.130 0.138 
 74 NS_SS0730    (6)    2 :  0.004 0.120 0.042 0.226 0.033 0.574 
 75 NS_SS0774    (2)    2 :  0.001 0.751 0.009 0.011 0.010 0.218 
 76 NS_SS0723    (3)    2 :  0.002 0.171 0.124 0.666 0.007 0.030 
 77 NS_SS0940   (10)    2 :  0.006 0.069 0.339 0.033 0.134 0.419 
 78 NS_SS0762    (1)    2 :  0.003 0.432 0.014 0.009 0.011 0.530 
 79 NS_SS0766   (11)    2 :  0.018 0.020 0.299 0.029 0.084 0.550 
 80 NS_SS0724    (1)    2 :  0.006 0.260 0.022 0.243 0.043 0.427 
 81 NS_SS0769    (3)    2 :  0.004 0.127 0.117 0.710 0.010 0.032 
 82 NS_SS0777    (1)    2 :  0.014 0.021 0.309 0.058 0.229 0.369 
 83 NS_SS0734    (6)    2 :  0.028 0.127 0.262 0.036 0.433 0.114 
 84 NS_SS0737    (3)    2 :  0.006 0.025 0.015 0.042 0.007 0.905 
 85 NS_SS0732    (5)    2 :  0.005 0.710 0.230 0.033 0.012 0.010 
 86 NS_SS0728    (5)    2 :  0.013 0.409 0.274 0.213 0.016 0.075 
 87 NS_SS0735    (9)    2 :  0.007 0.147 0.689 0.064 0.011 0.081 
 88 NS_SS0725    (1)    2 :  0.008 0.020 0.005 0.022 0.011 0.934 
 89 NS_SS0788    (2)    2 :  0.002 0.055 0.258 0.650 0.019 0.016 
 90 NS_SS0778    (2)    2 :  0.001 0.469 0.240 0.246 0.025 0.019 
 91 NS_SS0792    (6)    2 :  0.006 0.425 0.049 0.457 0.037 0.027 
 92 NS_SS0943   (11)    2 :  0.009 0.092 0.244 0.190 0.439 0.025 
 93 NS_SS0791    (2)    2 :  0.015 0.309 0.524 0.032 0.099 0.021 
 94 NS_SS0790    (5)    2 :  0.003 0.956 0.007 0.013 0.004 0.018 
 95 NS_SS0731    (6)    2 :  0.011 0.010 0.017 0.015 0.010 0.936 
 96 NS_SS0727    (7)    2 :  0.002 0.011 0.050 0.014 0.066 0.858 
 97 NS_SS0779   (13)    2 :  0.006 0.150 0.351 0.101 0.038 0.354 
 98 NS_SS0776    (3)    2 :  0.010 0.095 0.054 0.090 0.277 0.475 
 99 NS_SS0775    (5)    2 :  0.007 0.019 0.010 0.016 0.010 0.938 
100 NS_SS0965    (3)    3 :  0.002 0.084 0.255 0.540 0.099 0.020 
101 NS_SS0754   (14)    3 :  0.012 0.033 0.849 0.052 0.041 0.013 
102 NS_SS0838    (5)    3 :  0.047 0.057 0.227 0.028 0.041 0.600 
103 NS_SS0839    (3)    3 :  0.004 0.879 0.011 0.018 0.008 0.080 
104 NS_SS0832    (4)    3 :  0.043 0.040 0.024 0.724 0.004 0.164 
105 NS_SS0820    (5)    3 :  0.005 0.009 0.082 0.826 0.006 0.073 
106 NS_SS0886    (9)    3 :  0.002 0.020 0.831 0.087 0.040 0.020 
107 NS_SS0748    (5)    3 :  0.009 0.106 0.081 0.126 0.499 0.179 
108 NS_SS0884    (9)    3 :  0.027 0.648 0.053 0.177 0.037 0.059 
109 NS_SS0752    (4)    3 :  0.002 0.168 0.278 0.125 0.083 0.342 
110 NS_SS0862    (1)    3 :  0.004 0.896 0.058 0.029 0.008 0.006 
111 NS_SS0787    (9)    3 :  0.007 0.013 0.018 0.040 0.912 0.010 
112 NS_SS0843    (6)    3 :  0.002 0.245 0.418 0.186 0.016 0.134 
113 NS_SS0856    (4)    3 :  0.004 0.039 0.113 0.219 0.011 0.614 
114 NS_SS0846    (2)    3 :  0.003 0.021 0.021 0.904 0.038 0.014 
115 NS_SS0825    (1)    3 :  0.009 0.010 0.024 0.935 0.012 0.010 
116 NS_SS0757    (3)    3 :  0.003 0.035 0.899 0.017 0.033 0.013 
117 NS_SS0876    (3)    3 :  0.197 0.030 0.720 0.015 0.004 0.034 
118 NS_SS0903   (10)    3 :  0.002 0.946 0.013 0.027 0.005 0.007 
119 NS_SS0875    (7)    3 :  0.004 0.151 0.477 0.108 0.058 0.202 
120 NS_SS0740    (5)    3 :  0.003 0.028 0.801 0.099 0.022 0.047 
121 NS_SS0811    (5)    3 :  0.012 0.663 0.157 0.018 0.030 0.120 
122 NS_SS0751    (1)    3 :  0.003 0.037 0.063 0.231 0.485 0.182 
123 NS_SS0891    (6)    3 :  0.006 0.098 0.223 0.025 0.015 0.633 
124 NS_SS0867    (2)    3 :  0.018 0.142 0.042 0.739 0.049 0.010 
125 NS_SS0890    (6)    3 :  0.004 0.027 0.789 0.088 0.030 0.064 
126 NS_SS0866   (12)    3 :  0.005 0.020 0.368 0.046 0.113 0.447 
127 NS_SS0755    (4)    3 :  0.007 0.282 0.079 0.340 0.034 0.258 
128 NS_SS0758    (4)    3 :  0.002 0.024 0.893 0.027 0.034 0.020 
129 NS_SS0840    (2)    3 :  0.002 0.646 0.088 0.134 0.015 0.115 
130 NS_SS0889    (4)    3 :  0.002 0.073 0.568 0.029 0.308 0.020 
131 NS_SS1010    (1)    3 :  0.036 0.565 0.030 0.328 0.028 0.013 
132 NS_SS0888    (5)    3 :  0.002 0.014 0.829 0.021 0.112 0.023 
133 NS_SS0837    (3)    3 :  0.003 0.068 0.125 0.544 0.036 0.224 
134 NS_SS0794   (10)    3 :  0.003 0.013 0.029 0.016 0.919 0.020 
135 NS_SS0823    (5)    3 :  0.004 0.537 0.175 0.106 0.009 0.168 
136 NS_SS0829    (7)    3 :  0.138 0.085 0.070 0.062 0.634 0.011 
137 NS_SS0844    (5)    3 :  0.002 0.556 0.030 0.401 0.005 0.007 
138 NS_SS1008    (6)    3 :  0.016 0.022 0.250 0.021 0.114 0.577 
139 NS_SS0881    (3)    3 :  0.003 0.054 0.162 0.441 0.253 0.087 
140 NS_SS0834    (6)    3 :  0.006 0.018 0.035 0.032 0.012 0.896 
141 NS_SS0744   (10)    3 :  0.006 0.073 0.537 0.356 0.013 0.016 
142 NS_SS0899    (7)    3 :  0.001 0.948 0.017 0.008 0.005 0.021 
143 NS_SS0804    (5)    3 :  0.005 0.811 0.043 0.098 0.005 0.038 
144 NS_SS0781   (10)    3 :  0.004 0.615 0.045 0.277 0.007 0.051 
145 NS_SS0822    (6)    3 :  0.002 0.015 0.030 0.012 0.925 0.016 
146 NS_SS1004    (4)    3 :  0.004 0.074 0.145 0.667 0.094 0.015 
147 NS_SS0746    (5)    3 :  0.014 0.023 0.267 0.296 0.050 0.351 
148 NS_SS0880    (3)    3 :  0.002 0.414 0.030 0.066 0.405 0.084 
149 NS_SS0879    (5)    3 :  0.015 0.345 0.028 0.253 0.024 0.336 
150 NS_SS0753    (2)    3 :  0.009 0.023 0.607 0.219 0.133 0.009 
151 NS_SS1007    (3)    3 :  0.002 0.019 0.431 0.054 0.018 0.476 
152 NS_SS0872    (5)    3 :  0.002 0.135 0.092 0.509 0.031 0.232 
153 NS_SS1005    (7)    3 :  0.001 0.167 0.089 0.431 0.033 0.278 
154 NS_SS0892    (6)    3 :  0.002 0.039 0.495 0.202 0.043 0.218 
155 NS_SS0898    (0)    3 :  0.007 0.029 0.012 0.031 0.900 0.022 
156 NS_SS0801    (9)    3 :  0.011 0.253 0.586 0.119 0.018 0.015 
157 NS_SS0827    (9)    3 :  0.127 0.197 0.124 0.036 0.459 0.058 
158 NS_SS0853    (7)    3 :  0.006 0.605 0.315 0.018 0.017 0.038 
159 NS_SS0780    (2)    3 :  0.004 0.450 0.191 0.321 0.009 0.025 
160 NS_SS0826   (10)    3 :  0.004 0.098 0.017 0.710 0.130 0.041 
161 NS_SS0818    (5)    3 :  0.002 0.414 0.015 0.492 0.023 0.055 
162 NS_SS0745    (1)    3 :  0.002 0.007 0.005 0.019 0.012 0.956 
163 NS_SS0849    (3)    3 :  0.002 0.198 0.471 0.229 0.027 0.073 
164 NS_SS0739    (3)    3 :  0.015 0.105 0.687 0.128 0.026 0.039 
165 NS_SS0799    (1)    3 :  0.001 0.115 0.696 0.033 0.127 0.028 
166 NS_SS0756    (3)    3 :  0.003 0.902 0.013 0.064 0.007 0.011 
167 NS_SS0802    (2)    3 :  0.184 0.010 0.625 0.150 0.014 0.018 
168 NS_SS0747    (6)    3 :  0.006 0.031 0.819 0.120 0.007 0.017 
169 NS_SS0835    (1)    3 :  0.001 0.007 0.438 0.489 0.025 0.040 
170 NS_SS0742   (19)    3 :  0.001 0.618 0.124 0.218 0.025 0.014 
171 NS_SS0760    (9)    3 :  0.052 0.053 0.078 0.011 0.796 0.010 
172 NS_SS0803    (4)    3 :  0.006 0.520 0.023 0.434 0.007 0.011 
173 NS_SS0828   (14)    3 :  0.002 0.089 0.312 0.214 0.355 0.028 
174 NS_SS0865    (2)    3 :  0.020 0.705 0.011 0.244 0.014 0.006 
175 NS_SS0759    (5)    3 :  0.007 0.120 0.567 0.160 0.022 0.124 
176 NS_SS0851    (5)    3 :  0.017 0.233 0.036 0.060 0.035 0.620 
177 NS_SS0874   (16)    3 :  0.002 0.867 0.013 0.071 0.010 0.037 
178 NS_SS0761    (6)    3 :  0.002 0.040 0.555 0.102 0.286 0.015 
179 NS_SS0842   (26)    3 :  0.009 0.056 0.045 0.178 0.253 0.459 
180 NS_SS0785    (6)    3 :  0.006 0.093 0.490 0.344 0.042 0.025 
181 NS_SS0860   (11)    3 :  0.003 0.053 0.598 0.317 0.013 0.017 
182 NS_SS0897    (7)    3 :  0.002 0.012 0.013 0.011 0.955 0.007 
183 NS_SS0841   (15)    3 :  0.004 0.765 0.015 0.080 0.061 0.076 
184 NS_SS0797    (7)    3 :  0.031 0.011 0.024 0.021 0.896 0.016 
185 NS_SS0830   (11)    3 :  0.003 0.073 0.244 0.168 0.233 0.280 
186 NS_SS1011    (5)    3 :  0.006 0.676 0.012 0.283 0.008 0.015 
187 NS_SS0883    (5)    3 :  0.005 0.054 0.898 0.015 0.021 0.008 
188 NS_SS0782    (2)    3 :  0.003 0.023 0.173 0.013 0.023 0.764 
189 NS_SS0831    (5)    3 :  0.003 0.105 0.658 0.052 0.151 0.031 
190 NS_SS0749    (7)    3 :  0.003 0.010 0.949 0.013 0.014 0.010 
191 NS_SS0854    (2)    3 :  0.003 0.070 0.757 0.035 0.024 0.112 
192 HI_SS0193    (0)    4 :  0.002 0.016 0.007 0.008 0.950 0.019 
193 HI_SS0194    (1)    4 :  0.002 0.014 0.007 0.023 0.030 0.924 
194 HI_SS0195   (10)    4 :  0.121 0.213 0.109 0.262 0.015 0.280 
195 HI_SS0196    (6)    4 :  0.003 0.018 0.642 0.027 0.044 0.266 
196 HI_SS0197    (3)    4 :  0.012 0.064 0.013 0.868 0.004 0.039 
197 HI_SS0198    (1)    4 :  0.010 0.420 0.365 0.112 0.068 0.026 
198 HI_SS0199    (1)    4 :  0.003 0.085 0.557 0.073 0.254 0.028 
199 HI_SS0201    (5)    4 :  0.002 0.025 0.052 0.048 0.870 0.004 
200 HI_SS0215    (1)    4 :  0.003 0.018 0.569 0.383 0.021 0.006 
201 HI_SS0218    (1)    4 :  0.006 0.011 0.008 0.007 0.962 0.006 
202 HI_SS0222    (0)    4 :  0.005 0.019 0.736 0.040 0.031 0.168 
203 HI_SS0230    (1)    4 :  0.005 0.015 0.103 0.480 0.008 0.389 
204 HI_SS0234    (2)    4 :  0.134 0.045 0.359 0.428 0.008 0.026 
205 HI_SS0240    (1)    4 :  0.008 0.215 0.563 0.027 0.019 0.168 
206 HI_SS0241    (0)    4 :  0.003 0.036 0.496 0.170 0.287 0.008 
207 HI_SS0242    (0)    4 :  0.004 0.034 0.203 0.132 0.107 0.521 
208 HI_SS0247    (0)    4 :  0.014 0.942 0.005 0.019 0.012 0.007 
209 HI_SS0248    (1)    4 :  0.001 0.007 0.037 0.008 0.835 0.112 
210 HI_SS0252    (2)    4 :  0.003 0.817 0.042 0.034 0.026 0.078 
211 HI_SS0254    (0)    4 :  0.086 0.026 0.060 0.480 0.334 0.015 
212 HI_SS0256    (0)    4 :  0.002 0.543 0.009 0.422 0.004 0.020 
213 HI_SS0257    (0)    4 :  0.003 0.071 0.556 0.325 0.032 0.013 
214 HI_SS0258    (1)    4 :  0.005 0.010 0.038 0.045 0.891 0.012 
215 HI_SS0259    (1)    4 :  0.004 0.217 0.062 0.419 0.041 0.257 
216 HI_SS0260    (1)    4 :  0.002 0.048 0.206 0.090 0.554 0.099 
217 HI_SS0261    (2)    4 :  0.003 0.012 0.022 0.413 0.194 0.357 
218 HI_SS0262    (0)    4 :  0.009 0.096 0.077 0.535 0.012 0.272 
219 HI_SS0264    (0)    4 :  0.004 0.034 0.019 0.227 0.014 0.702 
220 HI_SS0265    (0)    4 :  0.087 0.036 0.024 0.689 0.009 0.154 
221 HI_SS0268    (1)    4 :  0.003 0.075 0.105 0.051 0.740 0.026 
222 HI_SS0269    (0)    4 :  0.002 0.024 0.261 0.209 0.478 0.026 
223 HI_SS0273    (0)    4 :  0.002 0.033 0.023 0.039 0.889 0.015 
224 HI_SS0277    (1)    4 :  0.002 0.011 0.015 0.957 0.010 0.005 
225 HI_SS0280    (0)    4 :  0.006 0.664 0.065 0.029 0.171 0.065 
226 HI_SS0282    (1)    4 :  0.001 0.392 0.061 0.043 0.471 0.032 
227 HI_SS0286    (1)    4 :  0.007 0.009 0.657 0.252 0.048 0.026 
228 NS_SS1252    (3)    5 :  0.004 0.006 0.732 0.047 0.194 0.017 
229 NS_SS1261    (1)    5 :  0.015 0.050 0.122 0.723 0.020 0.071 
230 NS_SS1225   (10)    5 :  0.110 0.289 0.226 0.192 0.177 0.006 
231 NS_SS1266    (1)    5 :  0.007 0.318 0.011 0.645 0.006 0.014 
232 NS_SS1228    (0)    5 :  0.017 0.786 0.025 0.121 0.020 0.032 
233 NS_SS1255    (3)    5 :  0.001 0.033 0.010 0.008 0.070 0.877 
234 NS_SS1267    (3)    5 :  0.010 0.005 0.861 0.011 0.107 0.006 
235 NS_SS1238    (6)    5 :  0.003 0.016 0.013 0.027 0.893 0.048 
236 NS_SS1233    (8)    5 :  0.003 0.375 0.031 0.061 0.497 0.034 
237 NS_SS1277    (3)    5 :  0.001 0.008 0.012 0.013 0.936 0.030 
238 NS_SS1245    (1)    5 :  0.002 0.014 0.171 0.034 0.127 0.652 
239 NS_SS1240    (4)    5 :  0.002 0.009 0.908 0.013 0.056 0.012 
240 NS_SS1275    (2)    5 :  0.002 0.035 0.013 0.700 0.005 0.245 
241 NS_SS1235    (1)    5 :  0.006 0.023 0.030 0.417 0.043 0.482 
242 NS_SS1263    (1)    5 :  0.001 0.366 0.014 0.022 0.028 0.568 
243 NS_SS1251    (2)    5 :  0.001 0.628 0.016 0.294 0.013 0.048 
244 NS_SS1248    (0)    5 :  0.100 0.062 0.382 0.020 0.408 0.027 
245 NS_SS1244    (0)    5 :  0.005 0.072 0.010 0.131 0.775 0.007 
246 NS_SS1257    (1)    5 :  0.029 0.226 0.433 0.029 0.267 0.016 
247 NS_SS1242    (2)    5 :  0.003 0.031 0.009 0.048 0.006 0.903 
248 NS_SS1271    (6)    5 :  0.037 0.008 0.013 0.019 0.897 0.025 
249 NS_SS1265    (1)    5 :  0.020 0.011 0.567 0.143 0.193 0.067 
250 NS_SS1243    (0)    5 :  0.104 0.282 0.060 0.029 0.089 0.436 
251 NS_SS1273    (1)    5 :  0.011 0.016 0.015 0.022 0.014 0.922 
252 NS_SS1254   (14)    5 :  0.005 0.940 0.009 0.024 0.007 0.015 
253 NS_SS1224    (1)    5 :  0.007 0.804 0.036 0.031 0.006 0.115 
254 NS_SS1227    (8)    5 :  0.002 0.011 0.090 0.401 0.066 0.430 
255 NS_SS1274    (9)    5 :  0.017 0.709 0.155 0.015 0.098 0.006 
256 NS_SS1241    (1)    5 :  0.001 0.029 0.008 0.059 0.894 0.008 
257 NS_SS1256    (3)    5 :  0.046 0.076 0.018 0.652 0.148 0.060 
258 NS_SS1260    (8)    5 :  0.060 0.020 0.567 0.249 0.088 0.016 
259 NS_SS1262    (0)    5 :  0.155 0.264 0.059 0.460 0.056 0.007 
260 NS_SS1230    (0)    5 :  0.009 0.014 0.122 0.087 0.743 0.025 
261 NS_SS1270    (2)    5 :  0.002 0.019 0.047 0.899 0.018 0.015 
262 NS_SS1229    (2)    5 :  0.004 0.020 0.027 0.928 0.005 0.018 
263 NS_SS1246    (5)    5 :  0.003 0.020 0.058 0.196 0.108 0.615 
264 NS_SS1269    (0)    5 :  0.002 0.097 0.771 0.026 0.063 0.041 
265 NS_SS1239    (1)    5 :  0.006 0.202 0.265 0.152 0.027 0.346 
266 NS_SS1272    (5)    5 :  0.005 0.016 0.007 0.873 0.008 0.091 
267 NS_SS1268    (1)    5 :  0.002 0.898 0.016 0.028 0.034 0.022 
268 NS_SS1249    (1)    5 :  0.015 0.022 0.045 0.011 0.880 0.027 
269 HI_SS0559    (0)    6 :  0.002 0.340 0.276 0.046 0.277 0.059 
270 HI_SS0563    (1)    6 :  0.003 0.799 0.022 0.045 0.105 0.026 
271 HI_SS0564    (0)    6 :  0.073 0.487 0.052 0.127 0.035 0.227 
272 HI_SS0565    (0)    6 :  0.003 0.016 0.103 0.676 0.028 0.174 
273 HI_SS0569    (1)    6 :  0.002 0.035 0.048 0.151 0.758 0.006 
274 HI_SS0570    (0)    6 :  0.041 0.012 0.032 0.011 0.886 0.017 
275 HI_SS0572    (1)    6 :  0.003 0.022 0.018 0.053 0.005 0.899 
276 HI_SS0576    (1)    6 :  0.007 0.029 0.514 0.209 0.184 0.058 
277 HI_SS0579    (1)    6 :  0.018 0.105 0.096 0.597 0.149 0.035 
278 HI_SS0580    (1)    6 :  0.004 0.054 0.497 0.031 0.034 0.380 
279 HI_SS0581    (0)    6 :  0.079 0.214 0.068 0.316 0.009 0.313 
280 HI_SS0583    (1)    6 :  0.003 0.082 0.394 0.058 0.075 0.388 
281 HI_SS0586    (1)    6 :  0.001 0.011 0.548 0.016 0.412 0.012 
282 HI_SS0588    (1)    6 :  0.016 0.013 0.864 0.036 0.061 0.011 
283 HI_SS0595    (4)    6 :  0.027 0.030 0.023 0.101 0.705 0.114 
284 HI_SS0596    (0)    6 :  0.002 0.006 0.005 0.010 0.005 0.973 
285 HI_SS0597    (1)    6 :  0.002 0.016 0.010 0.082 0.013 0.876 
286 HI_SS0600    (0)    6 :  0.003 0.390 0.157 0.404 0.038 0.008 
287 HI_SS0601    (1)    6 :  0.011 0.220 0.059 0.687 0.020 0.005 
288 HI_SS0602    (1)    6 :  0.003 0.008 0.884 0.070 0.021 0.014 
289 HI_SS0604    (0)    6 :  0.002 0.044 0.448 0.091 0.053 0.362 
290 HI_SS0605    (1)    6 :  0.005 0.016 0.957 0.007 0.007 0.007 
291 HI_SS0608    (0)    6 :  0.001 0.024 0.014 0.014 0.085 0.861 
292 HI_SS0609    (0)    6 :  0.001 0.842 0.013 0.038 0.034 0.073 
293 HI_SS0611    (5)    6 :  0.002 0.051 0.858 0.020 0.053 0.016 
294 HI_SS0612    (0)    6 :  0.006 0.591 0.023 0.326 0.046 0.008 
295 HI_SS0613    (1)    6 :  0.001 0.011 0.940 0.026 0.011 0.011 
296 HI_SS0615    (1)    6 :  0.013 0.109 0.514 0.140 0.021 0.202 
297 HI_SS0001    (1)    6 :  0.005 0.337 0.056 0.180 0.141 0.283 
298 HI_SS0002    (1)    6 :  0.016 0.027 0.013 0.906 0.006 0.031 
299 HI_SS0004    (0)    6 :  0.006 0.017 0.287 0.013 0.535 0.142 
300 HI_SS0005    (1)    6 :  0.007 0.082 0.332 0.260 0.303 0.016 
301 HI_SS0006    (1)    6 :  0.002 0.053 0.243 0.672 0.017 0.013 
302 HI_SS0007    (1)    6 :  0.002 0.012 0.036 0.009 0.925 0.016 
303 HI_SS0008    (0)    6 :  0.028 0.012 0.132 0.790 0.016 0.023 
304 HI_SS0009    (0)    6 :  0.005 0.051 0.226 0.022 0.039 0.658 
305 HI_SS0010    (1)    6 :  0.005 0.022 0.034 0.040 0.862 0.038 
306 HI_SS0011    (1)    6 :  0.089 0.167 0.009 0.519 0.130 0.087 
307 HI_SS0012    (0)    6 :  0.004 0.255 0.380 0.343 0.007 0.010 
308 HI_SS0017    (1)    6 :  0.002 0.007 0.004 0.004 0.009 0.974 
309 HI_SS0021    (1)    6 :  0.242 0.014 0.099 0.242 0.213 0.190 
310 HI_SS0024    (1)    6 :  0.002 0.054 0.014 0.188 0.098 0.643 
311 HI_SS0025    (1)    6 :  0.004 0.007 0.016 0.008 0.006 0.958 
312 HI_SS0027    (0)    6 :  0.012 0.027 0.043 0.008 0.903 0.006 
313 HI_SS0028    (0)    6 :  0.002 0.190 0.057 0.601 0.018 0.132 
314 HI_SS0029    (1)    6 :  0.008 0.018 0.062 0.016 0.023 0.874 
315 HI_SS0030    (2)    6 :  0.006 0.010 0.206 0.447 0.114 0.217 
316 HI_SS0031    (0)    6 :  0.004 0.010 0.152 0.813 0.011 0.012 
317 HI_SS0034    (0)    6 :  0.005 0.011 0.786 0.039 0.136 0.023 
318 HI_SS0036    (0)    6 :  0.016 0.007 0.337 0.068 0.527 0.045 
319 HI_SS0037    (1)    6 :  0.005 0.126 0.165 0.020 0.658 0.027 
320 HI_SS0039    (0)    6 :  0.003 0.031 0.048 0.277 0.513 0.129 
321 HI_SS0041    (1)    6 :  0.002 0.019 0.054 0.013 0.006 0.907 
322 HI_SS0042    (1)    6 :  0.112 0.020 0.522 0.123 0.008 0.215 
323 HI_SS0043    (1)    6 :  0.003 0.006 0.083 0.032 0.864 0.012 
324 HI_SS0044    (1)    6 :  0.003 0.013 0.024 0.024 0.421 0.514 
325 HI_SS0047    (1)    6 :  0.002 0.016 0.267 0.599 0.013 0.102 
326 HI_SS0049    (1)    6 :  0.004 0.021 0.013 0.013 0.055 0.894 
327 HI_SS0051    (1)    6 :  0.002 0.020 0.945 0.012 0.012 0.008 
328 HI_SS0053    (1)    6 :  0.005 0.017 0.134 0.147 0.644 0.053 
329 HI_SS0054    (4)    6 :  0.004 0.015 0.062 0.224 0.684 0.011 
330 HI_SS0057    (0)    6 :  0.004 0.137 0.062 0.321 0.362 0.114 
331 HI_SS0058    (0)    6 :  0.006 0.309 0.625 0.021 0.029 0.011 
332 HI_SS0060    (0)    6 :  0.087 0.018 0.046 0.324 0.516 0.009 
333 HI_SS0087    (1)    6 :  0.003 0.036 0.159 0.726 0.065 0.011 
334 HI_SS0091    (1)    6 :  0.001 0.354 0.280 0.323 0.032 0.009 
335 HI_SS0095    (1)    6 :  0.040 0.039 0.839 0.063 0.006 0.012 
336 HI_SS0097    (3)    6 :  0.004 0.240 0.039 0.691 0.019 0.008 
337 HI_SS0099    (1)    6 :  0.004 0.011 0.008 0.016 0.008 0.953 
338 HI_SS0103    (0)    6 :  0.003 0.021 0.107 0.757 0.007 0.106 
339 HI_SS0105    (1)    6 :  0.031 0.391 0.033 0.519 0.013 0.013 
340 HI_SS0107    (1)    6 :  0.001 0.030 0.011 0.178 0.008 0.772 
341 HI_SS0108    (1)    6 :  0.023 0.011 0.051 0.011 0.897 0.007 
342 HI_SS0110    (0)    6 :  0.001 0.009 0.014 0.959 0.007 0.010 
343 HI_SS0111    (1)    6 :  0.031 0.091 0.721 0.113 0.022 0.022 
344 HI_SS0112    (0)    6 :  0.001 0.006 0.005 0.005 0.979 0.004 
345 HI_SS0113    (1)    6 :  0.004 0.052 0.062 0.060 0.007 0.816 
346 HI_SS0114    (1)    6 :  0.007 0.051 0.471 0.030 0.431 0.009 
347 HI_SS0115    (1)    6 :  0.015 0.137 0.452 0.023 0.071 0.302 
348 HI_SS0116    (4)    6 :  0.004 0.007 0.018 0.048 0.031 0.893 
349 HI_SS0117    (0)    6 :  0.002 0.176 0.010 0.572 0.229 0.011 
350 HI_SS0118    (0)    6 :  0.014 0.091 0.273 0.034 0.170 0.418 
351 HI_SS0119    (1)    6 :  0.002 0.514 0.092 0.345 0.042 0.006 
352 HI_SS0120    (1)    6 :  0.003 0.009 0.007 0.027 0.009 0.944 
353 HI_SS0121    (0)    6 :  0.001 0.606 0.068 0.309 0.005 0.011 
354 HI_SS0122    (2)    6 :  0.021 0.118 0.196 0.385 0.224 0.055 
355 HI_SS0123    (0)    6 :  0.005 0.665 0.155 0.100 0.008 0.067 
356 HI_SS0124    (1)    6 :  0.003 0.175 0.027 0.029 0.020 0.747 
357 HI_SS0125    (1)    6 :  0.046 0.091 0.063 0.649 0.009 0.142 
358 HI_SS0126    (0)    6 :  0.001 0.008 0.013 0.017 0.938 0.023 
359 HI_SS0127    (0)    6 :  0.011 0.141 0.551 0.102 0.169 0.027 
360 HI_SS0128    (0)    6 :  0.003 0.013 0.056 0.285 0.052 0.591 
361 HI_SS0129    (1)    6 :  0.009 0.009 0.720 0.054 0.187 0.022 
362 HI_SS0131    (2)    6 :  0.039 0.014 0.007 0.015 0.917 0.009 
363 HI_SS0132    (0)    6 :  0.001 0.736 0.011 0.094 0.150 0.008 
364 HI_SS0133    (1)    6 :  0.001 0.003 0.003 0.003 0.985 0.005 
365 HI_SS0134    (1)    6 :  0.002 0.048 0.081 0.716 0.063 0.091 
366 HI_SS0142    (3)    6 :  0.013 0.040 0.130 0.804 0.006 0.007 
367 HI_SS0145    (0)    6 :  0.001 0.157 0.552 0.198 0.064 0.028 
368 HI_SS0146    (1)    6 :  0.001 0.013 0.008 0.011 0.960 0.007 
369 HI_SS0147    (1)    6 :  0.025 0.086 0.226 0.617 0.005 0.042 
370 HI_SS0149    (1)    6 :  0.004 0.169 0.012 0.681 0.118 0.016 
371 HI_SS0150    (2)    6 :  0.005 0.660 0.091 0.085 0.084 0.074 
372 HI_SS0151    (0)    6 :  0.012 0.033 0.776 0.031 0.118 0.029 
373 NS_SS1451    (1)    6 :  0.003 0.868 0.013 0.019 0.016 0.081 
374 NS_SS1404    (0)    6 :  0.011 0.390 0.095 0.161 0.024 0.319 
375 NS_SS1432    (2)    6 :  0.037 0.009 0.016 0.101 0.005 0.833 
376 NS_SS1405    (5)    6 :  0.004 0.015 0.050 0.025 0.024 0.882 
377 NS_SS1431   (10)    6 :  0.001 0.073 0.009 0.089 0.012 0.816 
378 NS_SS1402    (3)    6 :  0.003 0.243 0.103 0.547 0.022 0.082 
379 NS_SS1450    (3)    6 :  0.004 0.104 0.161 0.089 0.468 0.174 
380 NS_SS1396    (0)    6 :  0.006 0.171 0.022 0.569 0.027 0.205 
381 NS_SS1393    (5)    6 :  0.003 0.022 0.762 0.186 0.010 0.016 
382 NS_SS1392   (10)    6 :  0.023 0.017 0.012 0.014 0.013 0.920 
383 NS_SS1445    (0)    6 :  0.009 0.009 0.511 0.395 0.033 0.044 
384 NS_SS1423    (0)    6 :  0.002 0.068 0.079 0.220 0.611 0.020 
385 NS_SS1421    (9)    6 :  0.084 0.011 0.012 0.035 0.848 0.011 
386 NS_SS1411    (6)    6 :  0.002 0.006 0.026 0.015 0.931 0.020 
387 NS_SS1453    (6)    6 :  0.007 0.035 0.680 0.179 0.050 0.049 
388 NS_SS1442    (3)    6 :  0.005 0.043 0.111 0.526 0.264 0.051 
389 NS_SS1422    (1)    6 :  0.011 0.554 0.031 0.362 0.023 0.018 
390 NS_SS1419    (1)    6 :  0.149 0.787 0.016 0.011 0.026 0.012 
391 NS_SS1427    (0)    6 :  0.002 0.010 0.026 0.007 0.929 0.026 
392 NS_SS1444    (4)    6 :  0.004 0.013 0.085 0.030 0.011 0.857 
393 NS_SS1455    (0)    6 :  0.002 0.374 0.014 0.101 0.012 0.497 
394 NS_SS1425    (2)    6 :  0.002 0.008 0.018 0.012 0.955 0.005 
395 NS_SS1400    (0)    6 :  0.002 0.030 0.008 0.009 0.940 0.012 
396 NS_SS1406    (2)    6 :  0.008 0.762 0.040 0.158 0.007 0.025 
397 NS_SS1417    (6)    6 :  0.007 0.079 0.019 0.701 0.072 0.123 
398 NS_SS1454    (3)    6 :  0.001 0.551 0.030 0.038 0.364 0.015 
399 NS_SS1412    (1)    6 :  0.021 0.048 0.523 0.138 0.095 0.176 
400 NS_SS1438    (1)    6 :  0.002 0.089 0.774 0.032 0.091 0.011 
401 NS_SS1416    (4)    6 :  0.005 0.922 0.028 0.030 0.005 0.010 
402 NS_SS1401    (0)    6 :  0.011 0.067 0.077 0.600 0.076 0.168 
403 NS_SS1424    (6)    6 :  0.010 0.160 0.052 0.612 0.125 0.042 
404 NS_SS1435   (10)    6 :  0.003 0.011 0.026 0.044 0.757 0.160 
405 NS_SS1447    (4)    6 :  0.009 0.032 0.051 0.101 0.038 0.770 
406 NS_SS1414    (3)    6 :  0.009 0.227 0.025 0.034 0.025 0.680 
407 NS_SS1449   (14)    6 :  0.004 0.946 0.025 0.011 0.009 0.006 
408 NS_SS1443    (4)    6 :  0.002 0.087 0.179 0.034 0.690 0.007 
409 NS_SS1434    (1)    6 :  0.001 0.012 0.021 0.016 0.209 0.741 
410 NS_SS1398    (1)    6 :  0.026 0.031 0.180 0.030 0.486 0.247 
411 NS_SS1426    (1)    6 :  0.002 0.008 0.715 0.104 0.160 0.012 
412 NS_SS1413    (0)    6 :  0.010 0.004 0.010 0.011 0.942 0.023 
413 NS_SS1395    (1)    6 :  0.009 0.034 0.513 0.353 0.069 0.022 
414 NS_SS1448   (10)    6 :  0.001 0.009 0.015 0.006 0.934 0.036 
415 NS_SS1446    (0)    6 :  0.003 0.035 0.169 0.740 0.020 0.034 
416 NS_SS1403    (2)    6 :  0.006 0.388 0.296 0.253 0.012 0.045 
417 NS_SS1415    (0)    6 :  0.010 0.020 0.027 0.021 0.914 0.008 
418 NS_SS1437    (4)    6 :  0.010 0.114 0.029 0.316 0.085 0.445 
419 NS_SS1439    (2)    6 :  0.002 0.029 0.160 0.793 0.007 0.009 
420 NS_SS1441    (3)    6 :  0.003 0.102 0.059 0.096 0.713 0.026 
421 NS_SS1420    (2)    6 :  0.003 0.627 0.104 0.010 0.007 0.248 
422 NS_SS1394    (2)    6 :  0.045 0.360 0.167 0.152 0.014 0.262 
423 NS_SS1391    (7)    6 :  0.013 0.005 0.117 0.153 0.059 0.652 
424 NS_SS1410    (5)    6 :  0.012 0.049 0.053 0.591 0.118 0.177 
425 NS_SS1408    (1)    6 :  0.046 0.043 0.643 0.231 0.020 0.017 
426 NS_SS1409    (1)    6 :  0.003 0.025 0.529 0.244 0.031 0.169 
427 HI_SS0617    (1)    7 :  0.001 0.098 0.451 0.044 0.008 0.398 
428 HI_SS0618    (2)    7 :  0.002 0.404 0.406 0.013 0.013 0.161 
429 HI_SS0619    (0)    7 :  0.004 0.067 0.066 0.026 0.038 0.798 
430 HI_SS0620    (1)    7 :  0.002 0.011 0.045 0.007 0.928 0.007 
431 HI_SS0621    (3)    7 :  0.017 0.218 0.508 0.170 0.010 0.076 
432 HI_SS0622    (1)    7 :  0.015 0.181 0.075 0.101 0.464 0.165 
433 HI_SS0626    (0)    7 :  0.010 0.170 0.566 0.087 0.131 0.035 
434 HI_SS0627    (0)    7 :  0.008 0.013 0.024 0.845 0.012 0.099 
435 HI_SS0628    (3)    7 :  0.067 0.018 0.033 0.052 0.624 0.206 
436 HI_SS0629    (1)    7 :  0.006 0.034 0.293 0.614 0.032 0.022 
437 HI_SS0630    (1)    7 :  0.068 0.036 0.059 0.019 0.730 0.089 
438 HI_SS0631    (0)    7 :  0.001 0.018 0.070 0.045 0.852 0.015 
439 HI_SS0632    (0)    7 :  0.004 0.111 0.051 0.039 0.640 0.156 
440 HI_SS0633    (0)    7 :  0.004 0.008 0.018 0.028 0.006 0.937 
441 HI_SS0634    (1)    7 :  0.002 0.489 0.052 0.407 0.023 0.026 
442 HI_SS0635    (0)    7 :  0.011 0.463 0.195 0.254 0.043 0.033 
443 HI_SS0637    (1)    7 :  0.003 0.013 0.905 0.069 0.005 0.005 
444 HI_SS0638    (0)    7 :  0.001 0.038 0.067 0.135 0.585 0.173 
445 HI_SS0639    (1)    7 :  0.045 0.439 0.206 0.199 0.010 0.100 
446 HI_SS0640    (1)    7 :  0.002 0.116 0.375 0.191 0.213 0.104 
447 HI_SS0641    (1)    7 :  0.005 0.013 0.887 0.006 0.082 0.008 
448 HI_SS0642    (0)    7 :  0.002 0.277 0.013 0.635 0.022 0.051 
449 HI_SS0645    (0)    7 :  0.001 0.900 0.007 0.015 0.012 0.065 
450 HI_SS0646    (1)    7 :  0.002 0.010 0.021 0.941 0.013 0.013 
451 HI_SS0647    (1)    7 :  0.001 0.149 0.060 0.020 0.543 0.227 
452 HI_SS0648    (0)    7 :  0.002 0.057 0.126 0.603 0.032 0.179 
453 HI_SS0649    (1)    7 :  0.002 0.024 0.748 0.128 0.020 0.078 
454 HI_SS0650    (1)    7 :  0.004 0.010 0.641 0.049 0.012 0.284 
455 HI_SS0651    (1)    7 :  0.005 0.072 0.502 0.283 0.045 0.093 
456 HI_SS0652    (1)    7 :  0.003 0.024 0.094 0.019 0.015 0.845 
457 NS_SS1371    (3)    7 :  0.005 0.016 0.844 0.095 0.017 0.022 
458 NS_SS1374    (0)    7 :  0.003 0.061 0.397 0.093 0.395 0.052 
459 NS_SS1337    (3)    7 :  0.003 0.617 0.019 0.323 0.016 0.021 
460 NS_SS1385    (5)    7 :  0.005 0.037 0.129 0.443 0.018 0.370 
461 NS_SS1388    (0)    7 :  0.006 0.012 0.013 0.012 0.014 0.944 
462 NS_SS1370    (1)    7 :  0.010 0.836 0.058 0.033 0.056 0.007 
463 NS_SS1389    (3)    7 :  0.003 0.012 0.009 0.007 0.007 0.962 
464 NS_SS1360    (1)    7 :  0.005 0.035 0.653 0.031 0.264 0.013 
465 NS_SS1330    (0)    7 :  0.004 0.558 0.366 0.046 0.005 0.021 
466 NS_SS1328    (9)    7 :  0.003 0.010 0.011 0.023 0.840 0.113 
467 NS_SS1384    (1)    7 :  0.003 0.051 0.047 0.872 0.018 0.008 
468 NS_SS1381    (0)    7 :  0.001 0.092 0.026 0.015 0.007 0.858 
469 NS_SS1375    (1)    7 :  0.001 0.026 0.018 0.012 0.025 0.918 
470 NS_SS1319   (11)    7 :  0.110 0.164 0.364 0.265 0.074 0.022 
471 NS_SS1326    (2)    7 :  0.007 0.006 0.012 0.006 0.955 0.014 
472 NS_SS1341    (1)    7 :  0.004 0.023 0.349 0.596 0.013 0.014 
473 NS_SS1383    (2)    7 :  0.004 0.030 0.084 0.784 0.083 0.015 
474 NS_SS1318    (3)    7 :  0.018 0.021 0.540 0.020 0.039 0.363 
475 NS_SS1348    (2)    7 :  0.002 0.013 0.026 0.038 0.908 0.014 
476 NS_SS1363    (0)    7 :  0.005 0.245 0.487 0.218 0.020 0.025 
477 NS_SS1335    (4)    7 :  0.031 0.103 0.100 0.034 0.727 0.005 
478 NS_SS1358    (0)    7 :  0.011 0.883 0.022 0.046 0.034 0.004 
479 NS_SS1342    (1)    7 :  0.001 0.082 0.043 0.726 0.114 0.033 
480 NS_SS1320    (3)    7 :  0.006 0.047 0.007 0.034 0.005 0.902 
481 NS_SS1355    (1)    7 :  0.014 0.023 0.592 0.059 0.005 0.307 
482 NS_SS1345    (1)    7 :  0.022 0.461 0.012 0.419 0.035 0.052 
483 NS_SS1324    (0)    7 :  0.003 0.018 0.177 0.028 0.750 0.024 
484 NS_SS1347    (5)    7 :  0.003 0.021 0.350 0.587 0.022 0.017 
485 NS_SS1321    (4)    7 :  0.001 0.122 0.562 0.241 0.066 0.008 
486 NS_SS1333    (0)    7 :  0.004 0.008 0.020 0.650 0.058 0.260 
487 NS_SS1364    (1)    7 :  0.003 0.016 0.038 0.072 0.821 0.051 
488 NS_SS1379    (0)    7 :  0.055 0.443 0.086 0.021 0.033 0.363 
489 NS_SS1332    (0)    7 :  0.005 0.004 0.010 0.014 0.955 0.012 
490 NS_SS1338    (5)    7 :  0.007 0.219 0.547 0.170 0.024 0.032 
491 NS_SS1368    (6)    7 :  0.005 0.014 0.016 0.098 0.703 0.163 
492 NS_SS1354    (1)    7 :  0.010 0.131 0.025 0.732 0.021 0.080 
493 NS_SS1365    (0)    7 :  0.009 0.018 0.033 0.079 0.078 0.783 
494 NS_SS1380    (1)    7 :  0.021 0.877 0.043 0.017 0.004 0.039 
495 NS_SS1329    (8)    7 :  0.003 0.047 0.060 0.710 0.158 0.023 
496 NS_SS1362    (0)    7 :  0.004 0.156 0.092 0.728 0.012 0.008 
497 NS_SS1327    (2)    7 :  0.004 0.005 0.015 0.008 0.964 0.005 
498 NS_SS1350    (0)    7 :  0.010 0.015 0.825 0.043 0.012 0.096 
499 NS_SS1387    (2)    7 :  0.003 0.183 0.532 0.050 0.014 0.217 
500 NS_SS1369    (8)    7 :  0.005 0.039 0.031 0.009 0.909 0.008 
501 NS_SS1331    (1)    7 :  0.010 0.618 0.008 0.024 0.171 0.169 
502 NS_SS1357    (5)    7 :  0.003 0.016 0.097 0.171 0.038 0.674 
503 NS_SS1386    (1)    7 :  0.005 0.008 0.008 0.017 0.958 0.005 
504 NS_SS1353    (2)    7 :  0.003 0.011 0.015 0.129 0.096 0.746 
505 NS_SS1323    (0)    7 :  0.070 0.059 0.017 0.701 0.012 0.141 
506 HI_SS0296    (0)    8 :  0.002 0.104 0.319 0.008 0.548 0.019 
507 HI_SS0297    (0)    8 :  0.001 0.195 0.051 0.104 0.410 0.238 
508 HI_SS0299    (0)    8 :  0.032 0.094 0.578 0.103 0.087 0.106 
509 HI_SS0300    (0)    8 :  0.001 0.579 0.051 0.010 0.334 0.024 
510 HI_SS0301    (0)    8 :  0.004 0.052 0.594 0.273 0.070 0.008 
511 HI_SS0302    (0)    8 :  0.023 0.011 0.033 0.013 0.901 0.018 
512 HI_SS0303    (0)    8 :  0.007 0.017 0.017 0.009 0.872 0.077 
513 HI_SS0304    (0)    8 :  0.003 0.401 0.017 0.041 0.108 0.431 
514 HI_SS0306    (5)    8 :  0.003 0.004 0.006 0.006 0.974 0.007 
515 HI_SS0307    (1)    8 :  0.007 0.130 0.433 0.239 0.008 0.182 
516 HI_SS0308    (1)    8 :  0.084 0.530 0.054 0.223 0.102 0.007 
517 HI_SS0309    (0)    8 :  0.003 0.932 0.012 0.040 0.006 0.008 
518 HI_SS0310    (0)    8 :  0.007 0.009 0.039 0.041 0.095 0.809 
519 HI_SS0311    (4)    8 :  0.003 0.344 0.025 0.142 0.441 0.044 
520 HI_SS0314    (0)    8 :  0.001 0.013 0.011 0.029 0.041 0.904 
521 HI_SS0316    (1)    8 :  0.004 0.045 0.588 0.206 0.052 0.105 
522 HI_SS0317    (3)    8 :  0.002 0.033 0.052 0.875 0.015 0.022 
523 HI_SS0318    (1)    8 :  0.202 0.012 0.072 0.116 0.594 0.005 
524 HI_SS0319    (0)    8 :  0.005 0.012 0.026 0.015 0.933 0.008 
525 HI_SS0320    (3)    8 :  0.001 0.034 0.016 0.347 0.004 0.598 
526 HI_SS0321    (0)    8 :  0.002 0.004 0.939 0.040 0.010 0.005 
527 HI_SS0323    (1)    8 :  0.001 0.005 0.905 0.038 0.012 0.038 
528 HI_SS0325    (2)    8 :  0.002 0.010 0.083 0.028 0.844 0.033 
529 HI_SS0327    (1)    8 :  0.002 0.023 0.219 0.281 0.462 0.014 
530 HI_SS0329    (1)    8 :  0.002 0.145 0.081 0.022 0.163 0.587 
531 HI_SS0333    (1)    8 :  0.003 0.033 0.391 0.300 0.083 0.191 
532 HI_SS0334    (1)    8 :  0.001 0.053 0.894 0.032 0.015 0.005 
533 HI_SS0335    (1)    8 :  0.022 0.135 0.276 0.547 0.008 0.012 
534 HI_SS0339    (0)    8 :  0.013 0.376 0.338 0.208 0.020 0.044 
535 HI_SS0343    (2)    8 :  0.002 0.055 0.011 0.866 0.017 0.049 
536 HI_SS0344    (1)    8 :  0.003 0.005 0.014 0.006 0.966 0.006 
537 HI_SS0345    (3)    8 :  0.008 0.616 0.018 0.082 0.251 0.024 
538 HI_SS0346    (0)    8 :  0.004 0.093 0.131 0.531 0.141 0.100 
539 HI_SS0350    (1)    8 :  0.008 0.914 0.012 0.030 0.004 0.032 
540 HI_SS0351    (0)    8 :  0.004 0.055 0.054 0.799 0.028 0.060 
541 HI_SS0352    (3)    8 :  0.114 0.590 0.039 0.115 0.054 0.087 
542 HI_SS0362    (0)    8 :  0.003 0.013 0.059 0.035 0.876 0.013 
543 HI_SS0363    (1)    8 :  0.004 0.105 0.188 0.026 0.647 0.031 
544 HI_SS0365    (0)    8 :  0.004 0.600 0.185 0.156 0.038 0.016 
545 HI_SS0366    (0)    8 :  0.002 0.027 0.241 0.262 0.434 0.034 
546 HI_SS0367    (1)    8 :  0.002 0.031 0.037 0.308 0.008 0.613 
547 HI_SS0369    (1)    8 :  0.003 0.402 0.344 0.166 0.010 0.075 
548 HI_SS0370    (0)    8 :  0.003 0.008 0.530 0.251 0.018 0.189 
549 HI_SS0371    (4)    8 :  0.005 0.012 0.068 0.015 0.849 0.051 
550 HI_SS0373    (3)    8 :  0.013 0.033 0.070 0.133 0.329 0.421 
551 HI_SS0374    (0)    8 :  0.029 0.009 0.022 0.061 0.011 0.867 
552 HI_SS0377    (0)    8 :  0.078 0.056 0.047 0.510 0.297 0.013 
553 HI_SS0379    (1)    8 :  0.001 0.004 0.008 0.006 0.978 0.003 
554 HI_SS0380    (1)    8 :  0.008 0.043 0.153 0.083 0.011 0.702 
555 HI_SS0381    (2)    8 :  0.004 0.410 0.014 0.541 0.021 0.009 
556 HI_SS0384    (3)    8 :  0.008 0.005 0.073 0.028 0.023 0.863 
557 HI_SS0385    (1)    8 :  0.001 0.042 0.012 0.012 0.894 0.040 
558 HI_SS0386    (0)    9 :  0.991 0.002 0.002 0.002 0.001 0.002 
559 HI_SS0387    (0)    9 :  0.936 0.013 0.011 0.012 0.018 0.011 
560 HI_SS0389    (2)    9 :  0.981 0.004 0.004 0.003 0.004 0.004 
561 HI_SS0390    (2)    9 :  0.991 0.001 0.002 0.002 0.002 0.002 
562 HI_SS0391    (3)    9 :  0.985 0.004 0.003 0.003 0.002 0.002 
563 HI_SS0392    (0)    9 :  0.991 0.002 0.002 0.002 0.002 0.002 
564 HI_SS0393    (2)    9 :  0.992 0.002 0.002 0.002 0.002 0.001 
565 HI_SS0394    (2)    9 :  0.991 0.002 0.002 0.002 0.002 0.002 
