

----------------------------------------------------
STRUCTURE by Pritchard, Stephens and Donnelly (2000)
     and Falush, Stephens and Pritchard (2003)
       Code by Pritchard, Falush and Hubisz
             Version 2.3.4 (Jul 2012)
----------------------------------------------------



Command line arguments:   /home/genobiwan/Documents/Programs/Structure/structure -m parameter_job_k8_r4 
Input File:    /media/genobiwan/Storage/Projets/Mackerel_NWA_2021/data_job_k8_r4

Run parameters:
   629 individuals
   4140 loci
   8 populations assumed
   100000 Burn-in period
   200000 Reps


--------------------------------------------
Proportion of membership of each pre-defined
 population in each of the 8 clusters

Given    Inferred Clusters                                          Number of
 Pop       1      2      3      4      5      6      7      8      Individuals

  1:     0.113  0.121  0.172  0.135  0.013  0.174  0.119  0.153       67
  2:     0.235  0.074  0.198  0.042  0.010  0.163  0.151  0.127       32
  3:     0.091  0.144  0.179  0.091  0.014  0.115  0.177  0.190       92
  4:     0.143  0.130  0.231  0.197  0.017  0.063  0.110  0.110       36
  5:     0.154  0.154  0.076  0.161  0.019  0.114  0.152  0.170       41
  6:     0.146  0.134  0.149  0.158  0.014  0.129  0.147  0.124      158
  7:     0.124  0.079  0.169  0.172  0.010  0.145  0.182  0.119       79
  8:     0.115  0.128  0.081  0.197  0.014  0.151  0.174  0.140       52
  9:     0.005  0.004  0.006  0.004  0.966  0.004  0.005  0.006       36
 10:     0.004  0.004  0.004  0.004  0.972  0.004  0.004  0.004       36
--------------------------------------------

Allele-freq. divergence among pops (Net nucleotide distance),
computed using point estimates of P.

      1       2       3       4       5       6       7       8      
 1      -    0.0004  0.0003  0.0005  0.0051  0.0004  0.0003  0.0004  
 2   0.0004     -    0.0003  0.0004  0.0051  0.0004  0.0003  0.0004  
 3   0.0003  0.0003     -    0.0004  0.0050  0.0003  0.0002  0.0003  
 4   0.0005  0.0004  0.0004     -    0.0053  0.0005  0.0004  0.0005  
 5   0.0051  0.0051  0.0050  0.0053     -    0.0051  0.0050  0.0051  
 6   0.0004  0.0004  0.0003  0.0005  0.0051     -    0.0003  0.0004  
 7   0.0003  0.0003  0.0002  0.0004  0.0050  0.0003     -    0.0003  
 8   0.0004  0.0004  0.0003  0.0005  0.0051  0.0004  0.0003     -    

Average distances (expected heterozygosity) between individuals in same cluster:
cluster  1  : 0.3186 
cluster  2  : 0.3178 
cluster  3  : 0.3188 
cluster  4  : 0.3179 
cluster  5  : 0.3053 
cluster  6  : 0.3182 
cluster  7  : 0.3186 
cluster  8  : 0.3178 

--------------------------------------------
Estimated Ln Prob of Data   = -2475347.5
Mean value of ln likelihood = -2462862.8
Variance of ln likelihood   = 24969.4
Mean value of alpha         = 0.0443

Mean value of Fst_1         = 0.0050
Mean value of Fst_2         = 0.0053
Mean value of Fst_3         = 0.0035
Mean value of Fst_4         = 0.0056
Mean value of Fst_5         = 0.0393
Mean value of Fst_6         = 0.0050
Mean value of Fst_7         = 0.0038
Mean value of Fst_8         = 0.0051


Inferred ancestry of individuals:
        Label (%Miss) Pop:  Inferred clusters
  1 NS_SS0963    (4)    1 :  0.021 0.006 0.776 0.013 0.005 0.005 0.066 0.108 
  2 NS_SS0983    (1)    1 :  0.107 0.474 0.028 0.025 0.004 0.004 0.346 0.011 
  3 NS_SS0719    (9)    1 :  0.038 0.040 0.811 0.034 0.005 0.041 0.025 0.008 
  4 NS_SS1001    (8)    1 :  0.750 0.024 0.014 0.048 0.006 0.139 0.013 0.006 
  5 NS_SS0936    (4)    1 :  0.055 0.013 0.048 0.014 0.003 0.322 0.017 0.528 
  6 NS_SS0955    (6)    1 :  0.349 0.209 0.176 0.079 0.004 0.009 0.119 0.055 
  7 NS_SS0944    (3)    1 :  0.171 0.010 0.043 0.696 0.001 0.012 0.013 0.054 
  8 NS_SS0945    (3)    1 :  0.051 0.158 0.022 0.432 0.009 0.258 0.022 0.049 
  9 NS_SS0922    (2)    1 :  0.012 0.019 0.833 0.009 0.023 0.070 0.015 0.020 
 10 NS_SS0929    (7)    1 :  0.013 0.609 0.022 0.033 0.004 0.025 0.022 0.271 
 11 NS_SS0956    (1)    1 :  0.011 0.034 0.343 0.040 0.003 0.385 0.164 0.020 
 12 NS_SS0906    (3)    1 :  0.008 0.069 0.234 0.016 0.003 0.034 0.185 0.450 
 13 NS_SS0721    (6)    1 :  0.009 0.041 0.138 0.009 0.004 0.009 0.785 0.006 
 14 NS_SS0982    (4)    1 :  0.013 0.040 0.294 0.020 0.021 0.046 0.189 0.376 
 15 NS_SS0923    (6)    1 :  0.012 0.029 0.718 0.028 0.005 0.058 0.057 0.093 
 16 NS_SS0905    (6)    1 :  0.014 0.089 0.403 0.037 0.002 0.185 0.222 0.048 
 17 NS_SS0925    (3)    1 :  0.714 0.014 0.098 0.007 0.005 0.012 0.043 0.108 
 18 NS_SS0947    (6)    1 :  0.099 0.098 0.200 0.020 0.005 0.021 0.010 0.548 
 19 NS_SS0926    (2)    1 :  0.034 0.211 0.023 0.654 0.001 0.047 0.014 0.015 
 20 NS_SS0918    (6)    1 :  0.011 0.015 0.049 0.445 0.003 0.054 0.172 0.252 
 21 NS_SS0966    (4)    1 :  0.032 0.007 0.034 0.030 0.046 0.018 0.012 0.822 
 22 NS_SS0938    (2)    1 :  0.763 0.017 0.021 0.014 0.001 0.150 0.021 0.013 
 23 NS_SS0917    (2)    1 :  0.272 0.056 0.413 0.012 0.038 0.121 0.083 0.005 
 24 NS_SS0957   (11)    1 :  0.013 0.031 0.029 0.039 0.007 0.644 0.016 0.221 
 25 NS_SS0987    (1)    1 :  0.009 0.015 0.007 0.021 0.244 0.673 0.018 0.015 
 26 NS_SS0717    (4)    1 :  0.045 0.053 0.017 0.031 0.003 0.657 0.012 0.182 
 27 NS_SS0986    (2)    1 :  0.154 0.508 0.064 0.119 0.005 0.104 0.021 0.024 
 28 NS_SS0953    (3)    1 :  0.012 0.025 0.012 0.016 0.014 0.019 0.016 0.887 
 29 NS_SS0907    (3)    1 :  0.012 0.031 0.026 0.026 0.035 0.020 0.400 0.448 
 30 NS_SS0974    (6)    1 :  0.644 0.171 0.015 0.070 0.003 0.038 0.036 0.021 
 31 NS_SS0989    (1)    1 :  0.155 0.622 0.044 0.071 0.001 0.020 0.026 0.062 
 32 NS_SS0991    (3)    1 :  0.030 0.030 0.013 0.164 0.002 0.004 0.739 0.016 
 33 NS_SS0994    (2)    1 :  0.020 0.720 0.011 0.206 0.002 0.021 0.011 0.008 
 34 NS_SS0931    (6)    1 :  0.041 0.009 0.035 0.820 0.011 0.012 0.061 0.010 
 35 NS_SS1000    (5)    1 :  0.090 0.010 0.105 0.024 0.005 0.068 0.040 0.659 
 36 NS_SS0919    (1)    1 :  0.016 0.019 0.628 0.178 0.003 0.009 0.064 0.083 
 37 NS_SS0949    (4)    1 :  0.581 0.026 0.011 0.280 0.001 0.007 0.088 0.005 
 38 NS_SS0960   (10)    1 :  0.011 0.291 0.160 0.403 0.008 0.063 0.029 0.036 
 39 NS_SS0716    (2)    1 :  0.006 0.005 0.004 0.006 0.006 0.962 0.006 0.005 
 40 NS_SS0924    (8)    1 :  0.051 0.031 0.496 0.145 0.027 0.017 0.131 0.102 
 41 NS_SS0935    (2)    1 :  0.012 0.009 0.047 0.618 0.011 0.017 0.264 0.022 
 42 NS_SS0952   (14)    1 :  0.029 0.110 0.101 0.614 0.041 0.021 0.025 0.059 
 43 NS_SS0962   (11)    1 :  0.123 0.045 0.068 0.041 0.007 0.395 0.132 0.190 
 44 NS_SS0973    (5)    1 :  0.104 0.010 0.011 0.007 0.003 0.006 0.839 0.020 
 45 NS_SS0722    (1)    1 :  0.073 0.029 0.031 0.008 0.003 0.757 0.078 0.021 
 46 NS_SS0979   (13)    1 :  0.037 0.009 0.020 0.007 0.002 0.830 0.046 0.048 
 47 NS_SS0993    (2)    1 :  0.848 0.009 0.010 0.005 0.014 0.024 0.066 0.025 
 48 NS_SS0958    (1)    1 :  0.018 0.024 0.039 0.769 0.003 0.076 0.013 0.058 
 49 NS_SS0988    (4)    1 :  0.087 0.251 0.055 0.017 0.005 0.034 0.041 0.510 
 50 NS_SS1003    (2)    1 :  0.118 0.005 0.807 0.011 0.009 0.010 0.021 0.019 
 51 NS_SS0976    (1)    1 :  0.047 0.009 0.043 0.754 0.002 0.011 0.038 0.095 
 52 NS_SS0964   (10)    1 :  0.043 0.015 0.084 0.014 0.003 0.494 0.295 0.052 
 53 NS_SS0939    (4)    1 :  0.019 0.003 0.012 0.006 0.004 0.941 0.011 0.003 
 54 NS_SS0990    (6)    1 :  0.043 0.257 0.024 0.011 0.003 0.640 0.009 0.014 
 55 NS_SS0984    (2)    1 :  0.017 0.014 0.017 0.004 0.003 0.932 0.005 0.009 
 56 NS_SS0980   (10)    1 :  0.013 0.181 0.246 0.022 0.002 0.038 0.033 0.465 
 57 NS_SS0978    (4)    1 :  0.009 0.007 0.756 0.009 0.003 0.040 0.049 0.127 
 58 NS_SS0951   (18)    1 :  0.011 0.861 0.010 0.043 0.003 0.021 0.028 0.022 
 59 NS_SS0913    (3)    1 :  0.044 0.262 0.021 0.026 0.048 0.551 0.023 0.025 
 60 NS_SS1002    (1)    1 :  0.012 0.014 0.014 0.005 0.040 0.020 0.011 0.885 
 61 NS_SS0948    (1)    1 :  0.033 0.089 0.011 0.065 0.052 0.165 0.230 0.354 
 62 NS_SS0916    (4)    1 :  0.239 0.052 0.489 0.034 0.005 0.019 0.113 0.049 
 63 NS_SS0995    (1)    1 :  0.057 0.391 0.276 0.008 0.004 0.138 0.081 0.044 
 64 NS_SS0927    (6)    1 :  0.051 0.196 0.625 0.014 0.007 0.036 0.056 0.016 
 65 NS_SS0992    (5)    1 :  0.040 0.290 0.152 0.015 0.003 0.013 0.350 0.137 
 66 NS_SS0912    (1)    1 :  0.011 0.059 0.017 0.548 0.003 0.021 0.310 0.030 
 67 NS_SS0981    (1)    1 :  0.015 0.017 0.114 0.022 0.004 0.058 0.460 0.309 
 68 NS_SS0729    (5)    2 :  0.393 0.508 0.009 0.027 0.003 0.005 0.017 0.039 
 69 NS_SS0967   (15)    2 :  0.390 0.008 0.224 0.068 0.015 0.068 0.047 0.182 
 70 NS_SS0941    (8)    2 :  0.674 0.040 0.045 0.014 0.099 0.096 0.018 0.013 
 71 NS_SS0768   (12)    2 :  0.018 0.079 0.022 0.043 0.005 0.060 0.009 0.763 
 72 NS_SS0726    (5)    2 :  0.803 0.015 0.133 0.013 0.007 0.007 0.010 0.012 
 73 NS_SS0763    (4)    2 :  0.582 0.119 0.053 0.099 0.003 0.041 0.057 0.046 
 74 NS_SS0730    (6)    2 :  0.015 0.102 0.140 0.038 0.004 0.595 0.015 0.091 
 75 NS_SS0774    (2)    2 :  0.009 0.015 0.059 0.004 0.001 0.543 0.024 0.346 
 76 NS_SS0723    (3)    2 :  0.012 0.042 0.696 0.006 0.001 0.102 0.031 0.109 
 77 NS_SS0940   (10)    2 :  0.639 0.026 0.114 0.066 0.007 0.074 0.065 0.009 
 78 NS_SS0762    (1)    2 :  0.012 0.015 0.044 0.006 0.003 0.862 0.013 0.046 
 79 NS_SS0766   (11)    2 :  0.034 0.096 0.127 0.116 0.018 0.505 0.094 0.010 
 80 NS_SS0724    (1)    2 :  0.200 0.013 0.139 0.046 0.005 0.029 0.032 0.536 
 81 NS_SS0769    (3)    2 :  0.016 0.137 0.199 0.013 0.004 0.151 0.013 0.466 
 82 NS_SS0777    (1)    2 :  0.010 0.007 0.009 0.061 0.012 0.015 0.877 0.009 
 83 NS_SS0734    (6)    2 :  0.072 0.052 0.288 0.241 0.033 0.192 0.111 0.011 
 84 NS_SS0737    (3)    2 :  0.366 0.010 0.421 0.007 0.005 0.164 0.011 0.018 
 85 NS_SS0732    (5)    2 :  0.005 0.006 0.021 0.006 0.004 0.018 0.894 0.045 
 86 NS_SS0728    (5)    2 :  0.085 0.211 0.606 0.012 0.008 0.033 0.028 0.017 
 87 NS_SS0735    (9)    2 :  0.525 0.026 0.047 0.012 0.009 0.025 0.239 0.118 
 88 NS_SS0725    (1)    2 :  0.755 0.016 0.107 0.016 0.009 0.051 0.013 0.033 
 89 NS_SS0788    (2)    2 :  0.021 0.049 0.736 0.013 0.002 0.065 0.030 0.085 
 90 NS_SS0778    (2)    2 :  0.012 0.020 0.619 0.020 0.002 0.142 0.167 0.018 
 91 NS_SS0792    (6)    2 :  0.019 0.468 0.428 0.014 0.005 0.016 0.016 0.033 
 92 NS_SS0943   (11)    2 :  0.419 0.116 0.031 0.190 0.007 0.007 0.199 0.030 
 93 NS_SS0791    (2)    2 :  0.035 0.013 0.849 0.024 0.015 0.022 0.036 0.005 
 94 NS_SS0790    (5)    2 :  0.008 0.015 0.005 0.004 0.003 0.030 0.011 0.924 
 95 NS_SS0731    (6)    2 :  0.693 0.016 0.010 0.024 0.012 0.207 0.029 0.008 
 96 NS_SS0727    (7)    2 :  0.661 0.091 0.022 0.100 0.002 0.095 0.023 0.006 
 97 NS_SS0779   (13)    2 :  0.028 0.011 0.096 0.010 0.006 0.027 0.815 0.008 
 98 NS_SS0776    (3)    2 :  0.011 0.007 0.019 0.029 0.005 0.023 0.871 0.034 
 99 NS_SS0775    (5)    2 :  0.006 0.010 0.009 0.004 0.006 0.950 0.004 0.010 
100 NS_SS0965    (3)    3 :  0.010 0.031 0.531 0.051 0.002 0.054 0.244 0.079 
101 NS_SS0754   (14)    3 :  0.041 0.100 0.516 0.143 0.014 0.029 0.120 0.037 
102 NS_SS0838    (5)    3 :  0.693 0.104 0.031 0.026 0.039 0.015 0.062 0.030 
103 NS_SS0839    (3)    3 :  0.040 0.025 0.014 0.008 0.003 0.260 0.009 0.641 
104 NS_SS0832    (4)    3 :  0.014 0.019 0.506 0.008 0.051 0.109 0.130 0.162 
105 NS_SS0820    (5)    3 :  0.018 0.008 0.930 0.005 0.006 0.013 0.011 0.009 
106 NS_SS0886    (9)    3 :  0.021 0.384 0.279 0.056 0.002 0.034 0.186 0.038 
107 NS_SS0748    (5)    3 :  0.042 0.019 0.023 0.391 0.012 0.107 0.312 0.095 
108 NS_SS0884    (9)    3 :  0.025 0.060 0.619 0.016 0.023 0.025 0.037 0.194 
109 NS_SS0752    (4)    3 :  0.117 0.042 0.017 0.012 0.002 0.098 0.661 0.052 
110 NS_SS0862    (1)    3 :  0.018 0.033 0.352 0.006 0.004 0.025 0.358 0.205 
111 NS_SS0787    (9)    3 :  0.007 0.620 0.015 0.319 0.005 0.009 0.012 0.012 
112 NS_SS0843    (6)    3 :  0.118 0.043 0.014 0.009 0.002 0.031 0.742 0.042 
113 NS_SS0856    (4)    3 :  0.176 0.258 0.225 0.023 0.005 0.093 0.161 0.058 
114 NS_SS0846    (2)    3 :  0.021 0.187 0.152 0.024 0.004 0.014 0.020 0.578 
115 NS_SS0825    (1)    3 :  0.139 0.134 0.268 0.035 0.012 0.208 0.135 0.069 
116 NS_SS0757    (3)    3 :  0.018 0.016 0.016 0.019 0.003 0.015 0.902 0.012 
117 NS_SS0876    (3)    3 :  0.084 0.020 0.036 0.017 0.227 0.012 0.343 0.262 
118 NS_SS0903   (10)    3 :  0.017 0.053 0.013 0.006 0.003 0.010 0.009 0.890 
119 NS_SS0875    (7)    3 :  0.026 0.058 0.029 0.013 0.004 0.829 0.011 0.031 
120 NS_SS0740    (5)    3 :  0.160 0.008 0.013 0.010 0.003 0.012 0.778 0.015 
121 NS_SS0811    (5)    3 :  0.009 0.012 0.008 0.012 0.008 0.164 0.721 0.066 
122 NS_SS0751    (1)    3 :  0.168 0.007 0.053 0.216 0.002 0.436 0.091 0.025 
123 NS_SS0891    (6)    3 :  0.317 0.062 0.090 0.011 0.009 0.275 0.010 0.226 
124 NS_SS0867    (2)    3 :  0.046 0.537 0.095 0.028 0.025 0.014 0.044 0.210 
125 NS_SS0890    (6)    3 :  0.129 0.009 0.604 0.020 0.004 0.196 0.022 0.016 
126 NS_SS0866   (12)    3 :  0.006 0.921 0.014 0.026 0.005 0.006 0.017 0.005 
127 NS_SS0755    (4)    3 :  0.050 0.055 0.669 0.027 0.007 0.129 0.035 0.026 
128 NS_SS0758    (4)    3 :  0.315 0.226 0.283 0.036 0.002 0.018 0.029 0.090 
129 NS_SS0840    (2)    3 :  0.440 0.072 0.093 0.008 0.002 0.085 0.043 0.256 
130 NS_SS0889    (4)    3 :  0.014 0.306 0.023 0.196 0.003 0.024 0.341 0.093 
131 NS_SS1010    (1)    3 :  0.015 0.057 0.054 0.029 0.039 0.062 0.010 0.735 
132 NS_SS0888    (5)    3 :  0.014 0.217 0.088 0.034 0.002 0.009 0.626 0.010 
133 NS_SS0837    (3)    3 :  0.012 0.011 0.032 0.018 0.003 0.030 0.844 0.050 
134 NS_SS0794   (10)    3 :  0.011 0.298 0.010 0.631 0.002 0.025 0.010 0.013 
135 NS_SS0823    (5)    3 :  0.056 0.083 0.081 0.007 0.004 0.016 0.049 0.704 
136 NS_SS0829    (7)    3 :  0.004 0.870 0.008 0.012 0.070 0.004 0.022 0.011 
137 NS_SS0844    (5)    3 :  0.008 0.008 0.009 0.003 0.002 0.005 0.006 0.960 
138 NS_SS1008    (6)    3 :  0.084 0.045 0.024 0.237 0.013 0.422 0.154 0.021 
139 NS_SS0881    (3)    3 :  0.006 0.028 0.314 0.036 0.002 0.584 0.019 0.010 
140 NS_SS0834    (6)    3 :  0.741 0.029 0.014 0.008 0.007 0.013 0.010 0.178 
141 NS_SS0744   (10)    3 :  0.050 0.079 0.685 0.010 0.007 0.009 0.100 0.060 
142 NS_SS0899    (7)    3 :  0.013 0.015 0.009 0.004 0.002 0.120 0.124 0.714 
143 NS_SS0804    (5)    3 :  0.030 0.007 0.085 0.005 0.006 0.143 0.039 0.686 
144 NS_SS0781   (10)    3 :  0.022 0.020 0.073 0.006 0.003 0.077 0.022 0.776 
145 NS_SS0822    (6)    3 :  0.154 0.012 0.019 0.049 0.002 0.010 0.728 0.025 
146 NS_SS1004    (4)    3 :  0.022 0.007 0.084 0.025 0.004 0.007 0.768 0.083 
147 NS_SS0746    (5)    3 :  0.362 0.170 0.023 0.057 0.016 0.067 0.194 0.112 
148 NS_SS0880    (3)    3 :  0.195 0.016 0.249 0.108 0.002 0.215 0.157 0.058 
149 NS_SS0879    (5)    3 :  0.022 0.561 0.039 0.009 0.014 0.085 0.024 0.245 
150 NS_SS0753    (2)    3 :  0.009 0.247 0.032 0.020 0.010 0.013 0.615 0.053 
151 NS_SS1007    (3)    3 :  0.163 0.086 0.498 0.014 0.002 0.180 0.052 0.006 
152 NS_SS0872    (5)    3 :  0.068 0.021 0.039 0.015 0.002 0.134 0.111 0.610 
153 NS_SS1005    (7)    3 :  0.112 0.062 0.102 0.023 0.001 0.042 0.060 0.598 
154 NS_SS0892    (6)    3 :  0.029 0.009 0.529 0.074 0.003 0.204 0.109 0.043 
155 NS_SS0898    (0)    3 :  0.007 0.014 0.036 0.783 0.007 0.128 0.010 0.015 
156 NS_SS0801    (9)    3 :  0.039 0.076 0.284 0.011 0.011 0.019 0.086 0.473 
157 NS_SS0827    (9)    3 :  0.006 0.062 0.029 0.285 0.134 0.369 0.082 0.032 
158 NS_SS0853    (7)    3 :  0.005 0.256 0.023 0.014 0.006 0.335 0.044 0.318 
159 NS_SS0780    (2)    3 :  0.035 0.035 0.828 0.006 0.004 0.013 0.030 0.049 
160 NS_SS0826   (10)    3 :  0.028 0.047 0.010 0.063 0.003 0.009 0.014 0.828 
161 NS_SS0818    (5)    3 :  0.013 0.038 0.844 0.008 0.001 0.025 0.008 0.061 
162 NS_SS0745    (1)    3 :  0.008 0.004 0.010 0.011 0.002 0.930 0.028 0.009 
163 NS_SS0849    (3)    3 :  0.004 0.007 0.013 0.009 0.001 0.012 0.946 0.009 
164 NS_SS0739    (3)    3 :  0.115 0.013 0.440 0.041 0.015 0.218 0.148 0.010 
165 NS_SS0799    (1)    3 :  0.223 0.171 0.039 0.063 0.001 0.030 0.462 0.011 
166 NS_SS0756    (3)    3 :  0.004 0.013 0.014 0.007 0.004 0.012 0.012 0.933 
167 NS_SS0802    (2)    3 :  0.627 0.011 0.095 0.017 0.192 0.013 0.036 0.009 
168 NS_SS0747    (6)    3 :  0.027 0.014 0.298 0.012 0.006 0.039 0.400 0.205 
169 NS_SS0835    (1)    3 :  0.006 0.913 0.025 0.019 0.002 0.014 0.007 0.013 
170 NS_SS0742   (19)    3 :  0.439 0.019 0.182 0.019 0.001 0.117 0.131 0.092 
171 NS_SS0760    (9)    3 :  0.009 0.086 0.013 0.796 0.051 0.008 0.014 0.023 
172 NS_SS0803    (4)    3 :  0.007 0.009 0.007 0.005 0.006 0.005 0.007 0.954 
173 NS_SS0828   (14)    3 :  0.012 0.015 0.258 0.347 0.001 0.156 0.174 0.037 
174 NS_SS0865    (2)    3 :  0.010 0.022 0.820 0.028 0.025 0.009 0.060 0.025 
175 NS_SS0759    (5)    3 :  0.009 0.013 0.612 0.011 0.005 0.054 0.250 0.047 
176 NS_SS0851    (5)    3 :  0.009 0.052 0.090 0.012 0.018 0.782 0.023 0.013 
177 NS_SS0874   (16)    3 :  0.061 0.015 0.006 0.006 0.002 0.014 0.012 0.884 
178 NS_SS0761    (6)    3 :  0.031 0.299 0.027 0.560 0.003 0.012 0.032 0.035 
179 NS_SS0842   (26)    3 :  0.018 0.165 0.016 0.038 0.007 0.711 0.007 0.038 
180 NS_SS0785    (6)    3 :  0.028 0.199 0.353 0.096 0.006 0.020 0.232 0.066 
181 NS_SS0860   (11)    3 :  0.007 0.894 0.066 0.004 0.002 0.006 0.009 0.013 
182 NS_SS0897    (7)    3 :  0.010 0.020 0.012 0.926 0.002 0.005 0.016 0.010 
183 NS_SS0841   (15)    3 :  0.025 0.079 0.305 0.058 0.006 0.321 0.068 0.139 
184 NS_SS0797    (7)    3 :  0.013 0.016 0.051 0.810 0.026 0.039 0.029 0.015 
185 NS_SS0830   (11)    3 :  0.030 0.092 0.077 0.052 0.003 0.197 0.416 0.133 
186 NS_SS1011    (5)    3 :  0.033 0.099 0.225 0.007 0.006 0.012 0.017 0.601 
187 NS_SS0883    (5)    3 :  0.011 0.164 0.103 0.010 0.007 0.067 0.622 0.016 
188 NS_SS0782    (2)    3 :  0.018 0.944 0.009 0.008 0.002 0.007 0.008 0.005 
189 NS_SS0831    (5)    3 :  0.009 0.945 0.007 0.007 0.002 0.008 0.015 0.008 
190 NS_SS0749    (7)    3 :  0.021 0.019 0.572 0.016 0.003 0.029 0.325 0.014 
191 NS_SS0854    (2)    3 :  0.899 0.018 0.019 0.022 0.004 0.012 0.017 0.010 
192 HI_SS0193    (0)    4 :  0.120 0.007 0.011 0.826 0.001 0.010 0.015 0.011 
193 HI_SS0194    (1)    4 :  0.944 0.005 0.006 0.007 0.002 0.011 0.005 0.020 
194 HI_SS0195   (10)    4 :  0.164 0.068 0.557 0.013 0.113 0.045 0.029 0.011 
195 HI_SS0196    (6)    4 :  0.631 0.117 0.027 0.038 0.003 0.023 0.139 0.023 
196 HI_SS0197    (3)    4 :  0.019 0.022 0.850 0.006 0.013 0.053 0.008 0.029 
197 HI_SS0198    (1)    4 :  0.016 0.048 0.145 0.035 0.009 0.032 0.695 0.020 
198 HI_SS0199    (1)    4 :  0.012 0.594 0.093 0.013 0.003 0.011 0.260 0.015 
199 HI_SS0201    (5)    4 :  0.022 0.043 0.103 0.751 0.002 0.006 0.052 0.021 
200 HI_SS0215    (1)    4 :  0.011 0.882 0.029 0.031 0.003 0.007 0.017 0.020 
201 HI_SS0218    (1)    4 :  0.023 0.035 0.018 0.872 0.008 0.018 0.015 0.010 
202 HI_SS0222    (0)    4 :  0.041 0.671 0.144 0.027 0.006 0.050 0.033 0.028 
203 HI_SS0230    (1)    4 :  0.020 0.015 0.121 0.014 0.006 0.048 0.627 0.149 
204 HI_SS0234    (2)    4 :  0.091 0.019 0.171 0.016 0.148 0.022 0.009 0.523 
205 HI_SS0240    (1)    4 :  0.032 0.013 0.848 0.007 0.006 0.039 0.047 0.009 
206 HI_SS0241    (0)    4 :  0.027 0.094 0.699 0.086 0.002 0.030 0.052 0.010 
207 HI_SS0242    (0)    4 :  0.047 0.044 0.532 0.079 0.003 0.096 0.170 0.028 
208 HI_SS0247    (0)    4 :  0.006 0.004 0.013 0.006 0.019 0.007 0.031 0.915 
209 HI_SS0248    (1)    4 :  0.085 0.024 0.009 0.770 0.001 0.025 0.075 0.012 
210 HI_SS0252    (2)    4 :  0.802 0.076 0.014 0.009 0.002 0.013 0.055 0.028 
211 HI_SS0254    (0)    4 :  0.054 0.035 0.228 0.438 0.092 0.048 0.034 0.071 
212 HI_SS0256    (0)    4 :  0.007 0.003 0.014 0.005 0.002 0.011 0.009 0.949 
213 HI_SS0257    (0)    4 :  0.154 0.357 0.266 0.068 0.003 0.022 0.038 0.094 
214 HI_SS0258    (1)    4 :  0.010 0.090 0.054 0.733 0.005 0.018 0.073 0.018 
215 HI_SS0259    (1)    4 :  0.122 0.020 0.679 0.021 0.004 0.095 0.026 0.033 
216 HI_SS0260    (1)    4 :  0.028 0.204 0.021 0.208 0.002 0.392 0.120 0.026 
217 HI_SS0261    (2)    4 :  0.133 0.242 0.247 0.107 0.003 0.050 0.158 0.060 
218 HI_SS0262    (0)    4 :  0.026 0.156 0.709 0.008 0.005 0.034 0.035 0.027 
219 HI_SS0264    (0)    4 :  0.027 0.019 0.146 0.063 0.005 0.208 0.020 0.512 
220 HI_SS0265    (0)    4 :  0.039 0.025 0.176 0.018 0.113 0.558 0.015 0.056 
221 HI_SS0268    (1)    4 :  0.013 0.008 0.088 0.730 0.004 0.080 0.012 0.066 
222 HI_SS0269    (0)    4 :  0.669 0.090 0.077 0.105 0.002 0.006 0.035 0.015 
223 HI_SS0273    (0)    4 :  0.007 0.033 0.031 0.812 0.002 0.029 0.043 0.043 
224 HI_SS0277    (1)    4 :  0.007 0.032 0.875 0.009 0.003 0.009 0.009 0.056 
225 HI_SS0280    (0)    4 :  0.055 0.375 0.213 0.086 0.006 0.149 0.105 0.011 
226 HI_SS0282    (1)    4 :  0.057 0.017 0.018 0.025 0.001 0.004 0.869 0.009 
227 HI_SS0286    (1)    4 :  0.633 0.194 0.080 0.041 0.008 0.015 0.013 0.016 
228 NS_SS1252    (3)    5 :  0.005 0.955 0.003 0.009 0.004 0.006 0.015 0.004 
229 NS_SS1261    (1)    5 :  0.063 0.200 0.033 0.036 0.023 0.093 0.091 0.461 
230 NS_SS1225   (10)    5 :  0.008 0.025 0.010 0.012 0.063 0.006 0.093 0.782 
231 NS_SS1266    (1)    5 :  0.048 0.007 0.118 0.007 0.008 0.012 0.069 0.730 
232 NS_SS1228    (0)    5 :  0.058 0.011 0.122 0.061 0.021 0.491 0.173 0.064 
233 NS_SS1255    (3)    5 :  0.105 0.523 0.005 0.023 0.002 0.293 0.010 0.040 
234 NS_SS1267    (3)    5 :  0.009 0.813 0.017 0.117 0.011 0.012 0.015 0.006 
235 NS_SS1238    (6)    5 :  0.070 0.006 0.009 0.859 0.003 0.027 0.012 0.016 
236 NS_SS1233    (8)    5 :  0.008 0.006 0.006 0.327 0.002 0.038 0.239 0.374 
237 NS_SS1277    (3)    5 :  0.009 0.009 0.010 0.837 0.001 0.076 0.052 0.005 
238 NS_SS1245    (1)    5 :  0.914 0.015 0.007 0.022 0.001 0.011 0.017 0.013 
239 NS_SS1240    (4)    5 :  0.532 0.100 0.012 0.333 0.002 0.006 0.008 0.007 
240 NS_SS1275    (2)    5 :  0.138 0.022 0.685 0.006 0.002 0.090 0.013 0.044 
241 NS_SS1235    (1)    5 :  0.937 0.005 0.010 0.011 0.005 0.005 0.004 0.024 
242 NS_SS1263    (1)    5 :  0.042 0.017 0.006 0.010 0.001 0.123 0.081 0.719 
243 NS_SS1251    (2)    5 :  0.012 0.049 0.018 0.009 0.001 0.040 0.010 0.861 
244 NS_SS1248    (0)    5 :  0.005 0.021 0.006 0.395 0.108 0.118 0.325 0.022 
245 NS_SS1244    (0)    5 :  0.033 0.003 0.326 0.437 0.006 0.008 0.019 0.168 
246 NS_SS1257    (1)    5 :  0.058 0.198 0.089 0.174 0.033 0.016 0.328 0.105 
247 NS_SS1242    (2)    5 :  0.078 0.014 0.017 0.023 0.003 0.771 0.020 0.074 
248 NS_SS1271    (6)    5 :  0.021 0.053 0.042 0.767 0.034 0.063 0.012 0.007 
249 NS_SS1265    (1)    5 :  0.017 0.699 0.009 0.063 0.019 0.024 0.119 0.049 
250 NS_SS1243    (0)    5 :  0.014 0.009 0.008 0.015 0.059 0.015 0.873 0.008 
251 NS_SS1273    (1)    5 :  0.005 0.008 0.012 0.008 0.011 0.924 0.007 0.026 
252 NS_SS1254   (14)    5 :  0.024 0.460 0.012 0.009 0.006 0.254 0.012 0.223 
253 NS_SS1224    (1)    5 :  0.061 0.310 0.053 0.007 0.009 0.060 0.074 0.427 
254 NS_SS1227    (8)    5 :  0.039 0.009 0.186 0.056 0.002 0.682 0.022 0.004 
255 NS_SS1274    (9)    5 :  0.069 0.025 0.021 0.240 0.018 0.055 0.270 0.301 
256 NS_SS1241    (1)    5 :  0.041 0.007 0.030 0.750 0.001 0.022 0.118 0.031 
257 NS_SS1256    (3)    5 :  0.047 0.254 0.154 0.189 0.043 0.029 0.020 0.264 
258 NS_SS1260    (8)    5 :  0.013 0.579 0.162 0.015 0.059 0.015 0.140 0.018 
259 NS_SS1262    (0)    5 :  0.022 0.099 0.048 0.004 0.164 0.007 0.032 0.625 
260 NS_SS1230    (0)    5 :  0.008 0.025 0.016 0.284 0.007 0.049 0.588 0.024 
261 NS_SS1270    (2)    5 :  0.025 0.019 0.006 0.019 0.002 0.008 0.907 0.014 
262 NS_SS1229    (2)    5 :  0.923 0.012 0.012 0.006 0.003 0.008 0.007 0.029 
263 NS_SS1246    (5)    5 :  0.848 0.092 0.008 0.019 0.003 0.017 0.004 0.009 
264 NS_SS1269    (0)    5 :  0.019 0.163 0.651 0.064 0.002 0.029 0.056 0.017 
265 NS_SS1239    (1)    5 :  0.243 0.050 0.048 0.009 0.005 0.061 0.573 0.011 
266 NS_SS1272    (5)    5 :  0.441 0.148 0.082 0.016 0.007 0.015 0.013 0.278 
267 NS_SS1268    (1)    5 :  0.010 0.007 0.045 0.013 0.002 0.100 0.754 0.069 
268 NS_SS1249    (1)    5 :  0.284 0.289 0.016 0.329 0.012 0.013 0.021 0.036 
269 HI_SS0559    (0)    6 :  0.008 0.008 0.009 0.009 0.001 0.013 0.942 0.010 
270 HI_SS0563    (1)    6 :  0.023 0.562 0.032 0.089 0.003 0.016 0.008 0.267 
271 HI_SS0564    (0)    6 :  0.048 0.054 0.708 0.030 0.062 0.015 0.056 0.027 
272 HI_SS0565    (0)    6 :  0.210 0.350 0.214 0.019 0.003 0.133 0.022 0.050 
273 HI_SS0569    (1)    6 :  0.026 0.076 0.033 0.437 0.003 0.005 0.381 0.039 
274 HI_SS0570    (0)    6 :  0.553 0.010 0.008 0.373 0.032 0.008 0.009 0.008 
275 HI_SS0572    (1)    6 :  0.915 0.015 0.013 0.004 0.002 0.028 0.007 0.015 
276 HI_SS0576    (1)    6 :  0.011 0.012 0.016 0.036 0.006 0.435 0.467 0.017 
277 HI_SS0579    (1)    6 :  0.216 0.056 0.020 0.195 0.013 0.006 0.444 0.051 
278 HI_SS0580    (1)    6 :  0.025 0.696 0.158 0.019 0.006 0.060 0.025 0.012 
279 HI_SS0581    (0)    6 :  0.070 0.006 0.323 0.008 0.067 0.030 0.471 0.025 
280 HI_SS0583    (1)    6 :  0.072 0.720 0.010 0.027 0.002 0.064 0.033 0.071 
281 HI_SS0586    (1)    6 :  0.007 0.139 0.014 0.779 0.001 0.018 0.029 0.013 
282 HI_SS0588    (1)    6 :  0.033 0.034 0.081 0.576 0.025 0.015 0.168 0.068 
283 HI_SS0595    (4)    6 :  0.018 0.103 0.288 0.441 0.027 0.083 0.010 0.029 
284 HI_SS0596    (0)    6 :  0.258 0.008 0.008 0.006 0.003 0.686 0.020 0.012 
285 HI_SS0597    (1)    6 :  0.710 0.019 0.023 0.017 0.002 0.117 0.018 0.094 
286 HI_SS0600    (0)    6 :  0.015 0.034 0.900 0.020 0.003 0.006 0.010 0.012 
287 HI_SS0601    (1)    6 :  0.010 0.006 0.025 0.015 0.014 0.007 0.193 0.730 
288 HI_SS0602    (1)    6 :  0.008 0.039 0.110 0.013 0.002 0.019 0.794 0.017 
289 HI_SS0604    (0)    6 :  0.570 0.058 0.009 0.023 0.002 0.053 0.267 0.019 
290 HI_SS0605    (1)    6 :  0.008 0.109 0.813 0.006 0.005 0.009 0.045 0.005 
291 HI_SS0608    (0)    6 :  0.023 0.023 0.007 0.037 0.001 0.830 0.075 0.005 
292 HI_SS0609    (0)    6 :  0.007 0.020 0.012 0.047 0.001 0.013 0.016 0.885 
293 HI_SS0611    (5)    6 :  0.011 0.286 0.004 0.009 0.002 0.011 0.668 0.007 
294 HI_SS0612    (0)    6 :  0.007 0.077 0.260 0.020 0.004 0.007 0.007 0.618 
295 HI_SS0613    (1)    6 :  0.007 0.025 0.028 0.008 0.002 0.030 0.887 0.014 
296 HI_SS0615    (1)    6 :  0.105 0.009 0.360 0.018 0.008 0.094 0.309 0.097 
297 HI_SS0001    (1)    6 :  0.298 0.060 0.389 0.172 0.004 0.019 0.009 0.049 
298 HI_SS0002    (1)    6 :  0.025 0.042 0.109 0.012 0.026 0.021 0.033 0.732 
299 HI_SS0004    (0)    6 :  0.499 0.074 0.078 0.257 0.007 0.052 0.022 0.012 
300 HI_SS0005    (1)    6 :  0.008 0.009 0.084 0.158 0.005 0.117 0.600 0.019 
301 HI_SS0006    (1)    6 :  0.010 0.644 0.025 0.030 0.002 0.006 0.010 0.274 
302 HI_SS0007    (1)    6 :  0.021 0.098 0.009 0.413 0.003 0.013 0.437 0.007 
303 HI_SS0008    (0)    6 :  0.052 0.012 0.313 0.023 0.034 0.042 0.504 0.019 
304 HI_SS0009    (0)    6 :  0.173 0.020 0.297 0.058 0.005 0.382 0.054 0.012 
305 HI_SS0010    (1)    6 :  0.009 0.027 0.039 0.195 0.003 0.363 0.324 0.040 
306 HI_SS0011    (1)    6 :  0.046 0.017 0.097 0.196 0.101 0.037 0.151 0.356 
307 HI_SS0012    (0)    6 :  0.044 0.019 0.323 0.006 0.005 0.022 0.018 0.563 
308 HI_SS0017    (1)    6 :  0.874 0.004 0.013 0.018 0.002 0.065 0.009 0.016 
309 HI_SS0021    (1)    6 :  0.008 0.274 0.016 0.125 0.240 0.255 0.049 0.033 
310 HI_SS0024    (1)    6 :  0.165 0.011 0.026 0.038 0.002 0.720 0.017 0.021 
311 HI_SS0025    (1)    6 :  0.060 0.519 0.060 0.009 0.004 0.309 0.022 0.016 
312 HI_SS0027    (0)    6 :  0.012 0.037 0.008 0.494 0.013 0.008 0.418 0.010 
313 HI_SS0028    (0)    6 :  0.006 0.006 0.021 0.014 0.002 0.914 0.013 0.025 
314 HI_SS0029    (1)    6 :  0.008 0.026 0.008 0.007 0.008 0.923 0.006 0.012 
315 HI_SS0030    (2)    6 :  0.861 0.027 0.043 0.032 0.006 0.010 0.014 0.006 
316 HI_SS0031    (0)    6 :  0.010 0.009 0.888 0.035 0.003 0.021 0.018 0.016 
317 HI_SS0034    (0)    6 :  0.547 0.208 0.161 0.032 0.006 0.008 0.020 0.018 
318 HI_SS0036    (0)    6 :  0.009 0.009 0.736 0.203 0.013 0.014 0.010 0.005 
319 HI_SS0037    (1)    6 :  0.009 0.449 0.011 0.337 0.004 0.060 0.108 0.022 
320 HI_SS0039    (0)    6 :  0.009 0.343 0.071 0.211 0.003 0.302 0.052 0.009 
321 HI_SS0041    (1)    6 :  0.385 0.080 0.057 0.006 0.002 0.328 0.121 0.021 
322 HI_SS0042    (1)    6 :  0.046 0.019 0.020 0.008 0.120 0.754 0.012 0.020 
323 HI_SS0043    (1)    6 :  0.040 0.036 0.024 0.319 0.004 0.008 0.565 0.006 
324 HI_SS0044    (1)    6 :  0.012 0.005 0.010 0.035 0.002 0.924 0.009 0.003 
325 HI_SS0047    (1)    6 :  0.323 0.015 0.022 0.007 0.003 0.011 0.611 0.008 
326 HI_SS0049    (1)    6 :  0.054 0.009 0.014 0.030 0.005 0.074 0.800 0.015 
327 HI_SS0051    (1)    6 :  0.015 0.556 0.053 0.013 0.002 0.016 0.316 0.029 
328 HI_SS0053    (1)    6 :  0.096 0.016 0.098 0.235 0.005 0.011 0.534 0.005 
329 HI_SS0054    (4)    6 :  0.016 0.015 0.019 0.902 0.003 0.006 0.021 0.017 
330 HI_SS0057    (0)    6 :  0.032 0.072 0.034 0.022 0.003 0.032 0.784 0.021 
331 HI_SS0058    (0)    6 :  0.008 0.227 0.009 0.015 0.005 0.016 0.007 0.712 
332 HI_SS0060    (0)    6 :  0.048 0.006 0.327 0.386 0.091 0.022 0.072 0.049 
333 HI_SS0087    (1)    6 :  0.075 0.192 0.103 0.084 0.003 0.012 0.103 0.428 
334 HI_SS0091    (1)    6 :  0.015 0.871 0.068 0.012 0.001 0.004 0.008 0.022 
335 HI_SS0095    (1)    6 :  0.497 0.021 0.309 0.004 0.043 0.009 0.072 0.045 
336 HI_SS0097    (3)    6 :  0.011 0.014 0.006 0.008 0.005 0.007 0.047 0.903 
337 HI_SS0099    (1)    6 :  0.009 0.010 0.014 0.007 0.004 0.939 0.007 0.010 
338 HI_SS0103    (0)    6 :  0.523 0.080 0.170 0.006 0.004 0.026 0.096 0.095 
339 HI_SS0105    (1)    6 :  0.120 0.077 0.626 0.035 0.029 0.005 0.018 0.089 
340 HI_SS0107    (1)    6 :  0.936 0.008 0.013 0.005 0.001 0.021 0.007 0.010 
341 HI_SS0108    (1)    6 :  0.030 0.130 0.009 0.759 0.027 0.009 0.028 0.009 
342 HI_SS0110    (0)    6 :  0.045 0.038 0.865 0.009 0.001 0.012 0.007 0.023 
343 HI_SS0111    (1)    6 :  0.024 0.097 0.379 0.017 0.027 0.078 0.132 0.246 
344 HI_SS0112    (0)    6 :  0.005 0.006 0.006 0.963 0.001 0.007 0.006 0.005 
345 HI_SS0113    (1)    6 :  0.781 0.031 0.009 0.007 0.004 0.048 0.017 0.103 
346 HI_SS0114    (1)    6 :  0.009 0.373 0.322 0.233 0.004 0.020 0.023 0.016 
347 HI_SS0115    (1)    6 :  0.012 0.016 0.341 0.030 0.016 0.040 0.528 0.018 
348 HI_SS0116    (4)    6 :  0.030 0.755 0.005 0.024 0.004 0.161 0.010 0.012 
349 HI_SS0117    (0)    6 :  0.132 0.041 0.106 0.280 0.002 0.004 0.018 0.416 
350 HI_SS0118    (0)    6 :  0.017 0.873 0.013 0.014 0.009 0.038 0.014 0.023 
351 HI_SS0119    (1)    6 :  0.033 0.103 0.374 0.026 0.002 0.009 0.019 0.434 
352 HI_SS0120    (1)    6 :  0.958 0.005 0.009 0.005 0.002 0.008 0.004 0.008 
353 HI_SS0121    (0)    6 :  0.015 0.033 0.017 0.011 0.001 0.145 0.063 0.714 
354 HI_SS0122    (2)    6 :  0.030 0.080 0.324 0.120 0.024 0.100 0.138 0.184 
355 HI_SS0123    (0)    6 :  0.083 0.131 0.580 0.008 0.006 0.039 0.020 0.134 
356 HI_SS0124    (1)    6 :  0.008 0.008 0.016 0.009 0.004 0.673 0.267 0.015 
357 HI_SS0125    (1)    6 :  0.006 0.007 0.941 0.005 0.022 0.009 0.006 0.004 
358 HI_SS0126    (0)    6 :  0.011 0.228 0.010 0.652 0.001 0.075 0.014 0.010 
359 HI_SS0127    (0)    6 :  0.007 0.005 0.005 0.008 0.006 0.014 0.948 0.008 
360 HI_SS0128    (0)    6 :  0.572 0.021 0.173 0.087 0.003 0.098 0.012 0.033 
361 HI_SS0129    (1)    6 :  0.214 0.100 0.311 0.135 0.014 0.118 0.099 0.009 
362 HI_SS0131    (2)    6 :  0.007 0.010 0.010 0.910 0.029 0.006 0.005 0.024 
363 HI_SS0132    (0)    6 :  0.008 0.060 0.580 0.210 0.001 0.081 0.023 0.037 
364 HI_SS0133    (1)    6 :  0.010 0.018 0.005 0.955 0.001 0.004 0.004 0.002 
365 HI_SS0134    (1)    6 :  0.118 0.042 0.600 0.154 0.002 0.018 0.015 0.052 
366 HI_SS0142    (3)    6 :  0.011 0.091 0.381 0.008 0.016 0.023 0.070 0.400 
367 HI_SS0145    (0)    6 :  0.010 0.020 0.021 0.039 0.002 0.014 0.472 0.421 
368 HI_SS0146    (1)    6 :  0.010 0.012 0.009 0.918 0.002 0.032 0.007 0.009 
369 HI_SS0147    (1)    6 :  0.033 0.329 0.060 0.007 0.037 0.059 0.071 0.405 
370 HI_SS0149    (1)    6 :  0.023 0.011 0.173 0.256 0.005 0.072 0.085 0.375 
371 HI_SS0150    (2)    6 :  0.021 0.012 0.810 0.025 0.005 0.081 0.027 0.019 
372 HI_SS0151    (0)    6 :  0.324 0.044 0.145 0.046 0.011 0.010 0.407 0.014 
373 NS_SS1451    (1)    6 :  0.049 0.005 0.201 0.020 0.004 0.604 0.066 0.051 
374 NS_SS1404    (0)    6 :  0.028 0.032 0.097 0.015 0.018 0.631 0.030 0.149 
375 NS_SS1432    (2)    6 :  0.009 0.007 0.030 0.008 0.040 0.869 0.016 0.021 
376 NS_SS1405    (5)    6 :  0.017 0.460 0.033 0.039 0.005 0.277 0.038 0.131 
377 NS_SS1431   (10)    6 :  0.188 0.025 0.035 0.015 0.001 0.621 0.027 0.087 
378 NS_SS1402    (3)    6 :  0.034 0.020 0.283 0.018 0.003 0.029 0.022 0.591 
379 NS_SS1450    (3)    6 :  0.039 0.247 0.574 0.072 0.004 0.016 0.041 0.007 
380 NS_SS1396    (0)    6 :  0.013 0.016 0.032 0.018 0.007 0.089 0.803 0.022 
381 NS_SS1393    (5)    6 :  0.007 0.848 0.024 0.007 0.004 0.019 0.080 0.011 
382 NS_SS1392   (10)    6 :  0.845 0.011 0.078 0.012 0.019 0.022 0.009 0.006 
383 NS_SS1445    (0)    6 :  0.022 0.271 0.026 0.047 0.008 0.011 0.604 0.013 
384 NS_SS1423    (0)    6 :  0.572 0.035 0.029 0.269 0.002 0.015 0.022 0.056 
385 NS_SS1421    (9)    6 :  0.051 0.039 0.072 0.385 0.105 0.058 0.251 0.038 
386 NS_SS1411    (6)    6 :  0.021 0.190 0.050 0.677 0.002 0.016 0.040 0.006 
387 NS_SS1453    (6)    6 :  0.174 0.301 0.342 0.071 0.008 0.026 0.021 0.058 
388 NS_SS1442    (3)    6 :  0.549 0.032 0.021 0.063 0.005 0.041 0.173 0.118 
389 NS_SS1422    (1)    6 :  0.184 0.067 0.049 0.012 0.012 0.011 0.034 0.631 
390 NS_SS1419    (1)    6 :  0.005 0.040 0.008 0.023 0.163 0.178 0.038 0.545 
391 NS_SS1427    (0)    6 :  0.027 0.028 0.061 0.852 0.002 0.009 0.011 0.009 
392 NS_SS1444    (4)    6 :  0.025 0.017 0.011 0.010 0.004 0.205 0.714 0.015 
393 NS_SS1455    (0)    6 :  0.075 0.021 0.004 0.011 0.002 0.139 0.019 0.728 
394 NS_SS1425    (2)    6 :  0.023 0.027 0.010 0.899 0.001 0.004 0.030 0.005 
395 NS_SS1400    (0)    6 :  0.016 0.066 0.006 0.791 0.002 0.019 0.024 0.077 
396 NS_SS1406    (2)    6 :  0.013 0.005 0.010 0.004 0.007 0.010 0.009 0.942 
397 NS_SS1417    (6)    6 :  0.016 0.382 0.019 0.067 0.006 0.011 0.007 0.492 
398 NS_SS1454    (3)    6 :  0.014 0.054 0.053 0.474 0.002 0.181 0.017 0.206 
399 NS_SS1412    (1)    6 :  0.134 0.202 0.046 0.042 0.030 0.196 0.318 0.031 
400 NS_SS1438    (1)    6 :  0.109 0.824 0.006 0.026 0.002 0.005 0.016 0.012 
401 NS_SS1416    (4)    6 :  0.006 0.924 0.010 0.004 0.005 0.022 0.008 0.020 
402 NS_SS1401    (0)    6 :  0.792 0.005 0.086 0.024 0.013 0.034 0.023 0.023 
403 NS_SS1424    (6)    6 :  0.094 0.138 0.063 0.105 0.015 0.127 0.042 0.416 
404 NS_SS1435   (10)    6 :  0.042 0.013 0.023 0.725 0.003 0.058 0.130 0.007 
405 NS_SS1447    (4)    6 :  0.589 0.037 0.041 0.032 0.008 0.072 0.098 0.123 
406 NS_SS1414    (3)    6 :  0.050 0.533 0.016 0.041 0.009 0.178 0.025 0.147 
407 NS_SS1449   (14)    6 :  0.230 0.014 0.262 0.035 0.005 0.008 0.021 0.426 
408 NS_SS1443    (4)    6 :  0.125 0.049 0.076 0.297 0.002 0.013 0.387 0.051 
409 NS_SS1434    (1)    6 :  0.867 0.014 0.018 0.047 0.001 0.030 0.010 0.013 
410 NS_SS1398    (1)    6 :  0.101 0.076 0.058 0.107 0.027 0.431 0.192 0.008 
411 NS_SS1426    (1)    6 :  0.055 0.148 0.079 0.366 0.002 0.016 0.325 0.009 
412 NS_SS1413    (0)    6 :  0.136 0.009 0.005 0.813 0.012 0.012 0.008 0.005 
413 NS_SS1395    (1)    6 :  0.450 0.047 0.259 0.022 0.008 0.006 0.201 0.006 
414 NS_SS1448   (10)    6 :  0.016 0.005 0.028 0.679 0.002 0.045 0.219 0.006 
415 NS_SS1446    (0)    6 :  0.019 0.361 0.415 0.010 0.003 0.011 0.016 0.165 
416 NS_SS1403    (2)    6 :  0.024 0.174 0.078 0.009 0.008 0.312 0.018 0.379 
417 NS_SS1415    (0)    6 :  0.009 0.016 0.009 0.889 0.011 0.009 0.045 0.012 
418 NS_SS1437    (4)    6 :  0.008 0.010 0.028 0.022 0.008 0.841 0.018 0.065 
419 NS_SS1439    (2)    6 :  0.080 0.268 0.520 0.005 0.003 0.011 0.023 0.090 
420 NS_SS1441    (3)    6 :  0.028 0.232 0.207 0.175 0.002 0.071 0.071 0.214 
421 NS_SS1420    (2)    6 :  0.005 0.037 0.015 0.005 0.004 0.212 0.709 0.013 
422 NS_SS1394    (2)    6 :  0.007 0.008 0.238 0.008 0.042 0.588 0.087 0.021 
423 NS_SS1391    (7)    6 :  0.933 0.014 0.007 0.009 0.009 0.016 0.008 0.004 
424 NS_SS1410    (5)    6 :  0.403 0.287 0.037 0.075 0.018 0.071 0.007 0.103 
425 NS_SS1408    (1)    6 :  0.081 0.007 0.796 0.021 0.048 0.018 0.019 0.011 
426 NS_SS1409    (1)    6 :  0.026 0.855 0.022 0.011 0.003 0.057 0.010 0.017 
427 HI_SS0617    (1)    7 :  0.029 0.887 0.027 0.004 0.002 0.024 0.011 0.015 
428 HI_SS0618    (2)    7 :  0.032 0.172 0.171 0.013 0.002 0.119 0.363 0.127 
429 HI_SS0619    (0)    7 :  0.021 0.019 0.043 0.055 0.003 0.795 0.045 0.020 
430 HI_SS0620    (1)    7 :  0.007 0.009 0.010 0.304 0.003 0.009 0.645 0.013 
431 HI_SS0621    (3)    7 :  0.230 0.031 0.206 0.011 0.020 0.241 0.087 0.174 
432 HI_SS0622    (1)    7 :  0.008 0.010 0.006 0.027 0.009 0.067 0.757 0.116 
433 HI_SS0626    (0)    7 :  0.007 0.022 0.093 0.036 0.008 0.423 0.393 0.018 
434 HI_SS0627    (0)    7 :  0.394 0.267 0.034 0.049 0.008 0.119 0.072 0.059 
435 HI_SS0628    (3)    7 :  0.011 0.626 0.042 0.230 0.058 0.014 0.011 0.006 
436 HI_SS0629    (1)    7 :  0.015 0.064 0.121 0.064 0.009 0.126 0.377 0.224 
437 HI_SS0630    (1)    7 :  0.019 0.158 0.116 0.386 0.066 0.156 0.080 0.018 
438 HI_SS0631    (0)    7 :  0.039 0.024 0.051 0.785 0.001 0.018 0.070 0.011 
439 HI_SS0632    (0)    7 :  0.026 0.018 0.036 0.658 0.004 0.022 0.223 0.013 
440 HI_SS0633    (0)    7 :  0.043 0.040 0.014 0.008 0.004 0.870 0.011 0.010 
441 HI_SS0634    (1)    7 :  0.014 0.024 0.910 0.013 0.002 0.013 0.008 0.016 
442 HI_SS0635    (0)    7 :  0.011 0.077 0.273 0.156 0.012 0.158 0.009 0.304 
443 HI_SS0637    (1)    7 :  0.019 0.025 0.188 0.006 0.003 0.006 0.730 0.022 
444 HI_SS0638    (0)    7 :  0.026 0.009 0.106 0.175 0.002 0.053 0.613 0.017 
445 HI_SS0639    (1)    7 :  0.047 0.020 0.426 0.010 0.044 0.196 0.240 0.018 
446 HI_SS0640    (1)    7 :  0.019 0.021 0.052 0.037 0.002 0.066 0.782 0.022 
447 HI_SS0641    (1)    7 :  0.009 0.167 0.075 0.329 0.006 0.203 0.161 0.049 
448 HI_SS0642    (0)    7 :  0.387 0.006 0.525 0.035 0.002 0.019 0.018 0.007 
449 HI_SS0645    (0)    7 :  0.004 0.020 0.009 0.015 0.001 0.902 0.030 0.019 
450 HI_SS0646    (1)    7 :  0.034 0.040 0.796 0.012 0.002 0.014 0.024 0.078 
451 HI_SS0647    (1)    7 :  0.437 0.031 0.131 0.262 0.001 0.088 0.015 0.034 
452 HI_SS0648    (0)    7 :  0.079 0.016 0.353 0.047 0.003 0.324 0.029 0.149 
453 HI_SS0649    (1)    7 :  0.032 0.198 0.056 0.021 0.002 0.543 0.067 0.081 
454 HI_SS0650    (1)    7 :  0.437 0.103 0.164 0.008 0.007 0.073 0.185 0.024 
455 HI_SS0651    (1)    7 :  0.082 0.081 0.155 0.022 0.005 0.104 0.492 0.059 
456 HI_SS0652    (1)    7 :  0.025 0.038 0.218 0.023 0.003 0.252 0.432 0.008 
457 NS_SS1371    (3)    7 :  0.388 0.119 0.399 0.012 0.005 0.009 0.018 0.050 
458 NS_SS1374    (0)    7 :  0.012 0.167 0.309 0.395 0.003 0.088 0.017 0.009 
459 NS_SS1337    (3)    7 :  0.079 0.154 0.548 0.034 0.004 0.011 0.029 0.141 
460 NS_SS1385    (5)    7 :  0.613 0.060 0.008 0.009 0.006 0.174 0.015 0.117 
461 NS_SS1388    (0)    7 :  0.008 0.035 0.014 0.062 0.009 0.837 0.013 0.023 
462 NS_SS1370    (1)    7 :  0.007 0.009 0.011 0.012 0.009 0.006 0.934 0.012 
463 NS_SS1389    (3)    7 :  0.010 0.004 0.004 0.005 0.004 0.956 0.004 0.013 
464 NS_SS1360    (1)    7 :  0.012 0.031 0.072 0.459 0.005 0.021 0.372 0.027 
465 NS_SS1330    (0)    7 :  0.077 0.052 0.591 0.005 0.003 0.013 0.226 0.033 
466 NS_SS1328    (9)    7 :  0.076 0.042 0.043 0.769 0.002 0.035 0.022 0.011 
467 NS_SS1384    (1)    7 :  0.362 0.019 0.533 0.039 0.004 0.008 0.025 0.010 
468 NS_SS1381    (0)    7 :  0.079 0.060 0.021 0.004 0.001 0.025 0.046 0.765 
469 NS_SS1375    (1)    7 :  0.029 0.010 0.178 0.068 0.001 0.658 0.050 0.006 
470 NS_SS1319   (11)    7 :  0.007 0.014 0.860 0.015 0.074 0.010 0.005 0.014 
471 NS_SS1326    (2)    7 :  0.009 0.013 0.009 0.927 0.010 0.017 0.008 0.008 
