

----------------------------------------------------
STRUCTURE by Pritchard, Stephens and Donnelly (2000)
     and Falush, Stephens and Pritchard (2003)
       Code by Pritchard, Falush and Hubisz
             Version 2.3.4 (Jul 2012)
----------------------------------------------------



Command line arguments:   /home/genobiwan/Documents/Programs/Structure/structure -m parameter_job_k6_r7 
Input File:    /media/genobiwan/Storage/Projets/Mackerel_NWA_2021/data_job_k6_r7

Run parameters:
   629 individuals
   4140 loci
   6 populations assumed
   100000 Burn-in period
   200000 Reps


--------------------------------------------
Proportion of membership of each pre-defined
 population in each of the 6 clusters

Given    Inferred Clusters                            Number of
 Pop       1      2      3      4      5      6      Individuals

  1:     0.153  0.012  0.209  0.153  0.217  0.255       67
  2:     0.191  0.009  0.217  0.151  0.224  0.208       32
  3:     0.200  0.014  0.271  0.131  0.240  0.145       92
  4:     0.176  0.016  0.183  0.265  0.275  0.085       36
  5:     0.248  0.019  0.189  0.260  0.148  0.136       41
  6:     0.164  0.013  0.181  0.212  0.239  0.191      158
  7:     0.167  0.010  0.193  0.202  0.221  0.206       79
  8:     0.195  0.014  0.210  0.246  0.127  0.207       52
  9:     0.005  0.975  0.005  0.004  0.006  0.004       36
 10:     0.004  0.981  0.004  0.004  0.004  0.004       36
--------------------------------------------

Allele-freq. divergence among pops (Net nucleotide distance),
computed using point estimates of P.

      1       2       3       4       5       6      
 1      -    0.0050  0.0002  0.0004  0.0003  0.0003  
 2   0.0050     -    0.0049  0.0052  0.0049  0.0050  
 3   0.0002  0.0049     -    0.0003  0.0002  0.0002  
 4   0.0004  0.0052  0.0003     -    0.0003  0.0004  
 5   0.0003  0.0049  0.0002  0.0003     -    0.0003  
 6   0.0003  0.0050  0.0002  0.0004  0.0003     -    

Average distances (expected heterozygosity) between individuals in same cluster:
cluster  1  : 0.3182 
cluster  2  : 0.3055 
cluster  3  : 0.3187 
cluster  4  : 0.3180 
cluster  5  : 0.3186 
cluster  6  : 0.3182 

--------------------------------------------
Estimated Ln Prob of Data   = -2472084.5
Mean value of ln likelihood = -2464572.6
Variance of ln likelihood   = 15023.8
Mean value of alpha         = 0.0415

Mean value of Fst_1         = 0.0037
Mean value of Fst_2         = 0.0385
Mean value of Fst_3         = 0.0026
Mean value of Fst_4         = 0.0043
Mean value of Fst_5         = 0.0026
Mean value of Fst_6         = 0.0037


Inferred ancestry of individuals:
        Label (%Miss) Pop:  Inferred clusters
  1 NS_SS0963    (4)    1 :  0.060 0.005 0.060 0.020 0.849 0.007 
  2 NS_SS0983    (1)    1 :  0.005 0.003 0.955 0.024 0.008 0.005 
  3 NS_SS0719    (9)    1 :  0.012 0.004 0.074 0.023 0.858 0.028 
  4 NS_SS1001    (8)    1 :  0.010 0.006 0.030 0.064 0.009 0.881 
  5 NS_SS0936    (4)    1 :  0.562 0.003 0.049 0.029 0.050 0.307 
  6 NS_SS0955    (6)    1 :  0.024 0.003 0.035 0.250 0.675 0.013 
  7 NS_SS0944    (3)    1 :  0.168 0.002 0.028 0.725 0.051 0.026 
  8 NS_SS0945    (3)    1 :  0.070 0.010 0.249 0.234 0.010 0.428 
  9 NS_SS0922    (2)    1 :  0.135 0.034 0.033 0.012 0.436 0.349 
 10 NS_SS0929    (7)    1 :  0.271 0.003 0.117 0.053 0.075 0.480 
 11 NS_SS0956    (1)    1 :  0.011 0.003 0.016 0.010 0.026 0.933 
 12 NS_SS0906    (3)    1 :  0.216 0.003 0.715 0.011 0.037 0.018 
 13 NS_SS0721    (6)    1 :  0.004 0.003 0.957 0.005 0.024 0.006 
 14 NS_SS0982    (4)    1 :  0.140 0.017 0.043 0.009 0.713 0.079 
 15 NS_SS0923    (6)    1 :  0.040 0.004 0.302 0.010 0.419 0.225 
 16 NS_SS0905    (6)    1 :  0.017 0.002 0.777 0.033 0.067 0.103 
 17 NS_SS0925    (3)    1 :  0.190 0.004 0.462 0.009 0.248 0.086 
 18 NS_SS0947    (6)    1 :  0.911 0.004 0.012 0.014 0.032 0.027 
 19 NS_SS0926    (2)    1 :  0.012 0.001 0.029 0.801 0.089 0.067 
 20 NS_SS0918    (6)    1 :  0.078 0.003 0.291 0.038 0.015 0.576 
 21 NS_SS0966    (4)    1 :  0.910 0.038 0.009 0.019 0.012 0.012 
 22 NS_SS0938    (2)    1 :  0.023 0.001 0.020 0.030 0.200 0.726 
 23 NS_SS0917    (2)    1 :  0.006 0.023 0.014 0.007 0.935 0.016 
 24 NS_SS0957   (11)    1 :  0.012 0.006 0.012 0.020 0.041 0.909 
 25 NS_SS0987    (1)    1 :  0.009 0.239 0.106 0.010 0.015 0.620 
 26 NS_SS0717    (4)    1 :  0.153 0.002 0.083 0.012 0.015 0.735 
 27 NS_SS0986    (2)    1 :  0.034 0.003 0.859 0.024 0.007 0.072 
 28 NS_SS0953    (3)    1 :  0.945 0.013 0.011 0.009 0.008 0.014 
 29 NS_SS0907    (3)    1 :  0.172 0.045 0.597 0.024 0.124 0.038 
 30 NS_SS0974    (6)    1 :  0.098 0.004 0.041 0.323 0.435 0.100 
 31 NS_SS0989    (1)    1 :  0.060 0.001 0.028 0.821 0.066 0.024 
 32 NS_SS0991    (3)    1 :  0.029 0.002 0.900 0.043 0.018 0.008 
 33 NS_SS0994    (2)    1 :  0.010 0.003 0.022 0.936 0.014 0.016 
 34 NS_SS0931    (6)    1 :  0.011 0.012 0.056 0.893 0.008 0.022 
 35 NS_SS1000    (5)    1 :  0.851 0.004 0.053 0.009 0.010 0.073 
 36 NS_SS0919    (1)    1 :  0.041 0.002 0.442 0.023 0.485 0.007 
 37 NS_SS0949    (4)    1 :  0.009 0.001 0.079 0.880 0.025 0.006 
 38 NS_SS0960   (10)    1 :  0.022 0.008 0.173 0.254 0.435 0.108 
 39 NS_SS0716    (2)    1 :  0.005 0.005 0.009 0.004 0.004 0.974 
 40 NS_SS0924    (8)    1 :  0.084 0.022 0.216 0.446 0.188 0.043 
 41 NS_SS0935    (2)    1 :  0.017 0.011 0.332 0.562 0.049 0.030 
 42 NS_SS0952   (14)    1 :  0.235 0.040 0.121 0.306 0.244 0.054 
 43 NS_SS0962   (11)    1 :  0.111 0.007 0.608 0.009 0.019 0.245 
 44 NS_SS0973    (5)    1 :  0.051 0.004 0.438 0.023 0.476 0.007 
 45 NS_SS0722    (1)    1 :  0.130 0.003 0.040 0.010 0.012 0.806 
 46 NS_SS0979   (13)    1 :  0.025 0.002 0.058 0.010 0.035 0.870 
 47 NS_SS0993    (2)    1 :  0.480 0.020 0.220 0.020 0.073 0.188 
 48 NS_SS0958    (1)    1 :  0.043 0.003 0.018 0.745 0.016 0.175 
 49 NS_SS0988    (4)    1 :  0.418 0.006 0.274 0.033 0.210 0.058 
 50 NS_SS1003    (2)    1 :  0.013 0.007 0.012 0.007 0.954 0.007 
 51 NS_SS0976    (1)    1 :  0.115 0.002 0.156 0.678 0.026 0.024 
 52 NS_SS0964   (10)    1 :  0.244 0.003 0.090 0.017 0.012 0.635 
 53 NS_SS0939    (4)    1 :  0.004 0.004 0.008 0.005 0.008 0.970 
 54 NS_SS0990    (6)    1 :  0.082 0.004 0.039 0.038 0.079 0.758 
 55 NS_SS0984    (2)    1 :  0.008 0.002 0.007 0.006 0.009 0.967 
 56 NS_SS0980   (10)    1 :  0.344 0.002 0.037 0.016 0.558 0.043 
 57 NS_SS0978    (4)    1 :  0.016 0.002 0.010 0.012 0.948 0.012 
 58 NS_SS0951   (18)    1 :  0.050 0.003 0.453 0.231 0.070 0.192 
 59 NS_SS0913    (3)    1 :  0.010 0.032 0.063 0.010 0.007 0.877 
 60 NS_SS1002    (1)    1 :  0.805 0.035 0.019 0.005 0.127 0.009 
 61 NS_SS0948    (1)    1 :  0.246 0.044 0.115 0.029 0.024 0.542 
 62 NS_SS0916    (4)    1 :  0.007 0.004 0.010 0.033 0.911 0.036 
 63 NS_SS0995    (1)    1 :  0.023 0.003 0.275 0.006 0.517 0.176 
 64 NS_SS0927    (6)    1 :  0.011 0.004 0.028 0.009 0.935 0.013 
 65 NS_SS0992    (5)    1 :  0.257 0.003 0.344 0.077 0.305 0.014 
 66 NS_SS0912    (1)    1 :  0.012 0.003 0.802 0.149 0.013 0.021 
 67 NS_SS0981    (1)    1 :  0.080 0.004 0.485 0.051 0.194 0.187 
 68 NS_SS0729    (5)    2 :  0.153 0.004 0.018 0.778 0.042 0.005 
 69 NS_SS0967   (15)    2 :  0.279 0.013 0.263 0.064 0.328 0.054 
 70 NS_SS0941    (8)    2 :  0.072 0.085 0.160 0.087 0.328 0.269 
 71 NS_SS0768   (12)    2 :  0.797 0.005 0.025 0.011 0.021 0.141 
 72 NS_SS0726    (5)    2 :  0.027 0.008 0.019 0.273 0.668 0.005 
 73 NS_SS0763    (4)    2 :  0.085 0.003 0.067 0.700 0.102 0.043 
 74 NS_SS0730    (6)    2 :  0.040 0.004 0.014 0.025 0.024 0.893 
 75 NS_SS0774    (2)    2 :  0.149 0.001 0.030 0.005 0.020 0.795 
 76 NS_SS0723    (3)    2 :  0.057 0.002 0.124 0.004 0.703 0.110 
 77 NS_SS0940   (10)    2 :  0.013 0.006 0.439 0.254 0.179 0.109 
 78 NS_SS0762    (1)    2 :  0.032 0.003 0.007 0.006 0.016 0.936 
 79 NS_SS0766   (11)    2 :  0.014 0.018 0.074 0.147 0.057 0.691 
 80 NS_SS0724    (1)    2 :  0.864 0.004 0.066 0.023 0.008 0.035 
 81 NS_SS0769    (3)    2 :  0.691 0.005 0.115 0.020 0.116 0.053 
 82 NS_SS0777    (1)    2 :  0.014 0.010 0.866 0.061 0.023 0.025 
 83 NS_SS0734    (6)    2 :  0.018 0.026 0.529 0.210 0.092 0.126 
 84 NS_SS0737    (3)    2 :  0.176 0.006 0.018 0.019 0.230 0.551 
 85 NS_SS0732    (5)    2 :  0.014 0.005 0.827 0.010 0.091 0.052 
 86 NS_SS0728    (5)    2 :  0.034 0.011 0.210 0.018 0.676 0.050 
 87 NS_SS0735    (9)    2 :  0.193 0.007 0.747 0.020 0.014 0.020 
 88 NS_SS0725    (1)    2 :  0.775 0.009 0.017 0.078 0.015 0.107 
 89 NS_SS0788    (2)    2 :  0.071 0.002 0.038 0.011 0.841 0.037 
 90 NS_SS0778    (2)    2 :  0.037 0.002 0.125 0.012 0.801 0.024 
 91 NS_SS0792    (6)    2 :  0.015 0.004 0.017 0.012 0.897 0.055 
 92 NS_SS0943   (11)    2 :  0.114 0.007 0.017 0.832 0.022 0.008 
 93 NS_SS0791    (2)    2 :  0.004 0.012 0.162 0.084 0.708 0.030 
 94 NS_SS0790    (5)    2 :  0.943 0.003 0.012 0.003 0.006 0.033 
 95 NS_SS0731    (6)    2 :  0.075 0.012 0.608 0.007 0.007 0.292 
 96 NS_SS0727    (7)    2 :  0.007 0.002 0.014 0.853 0.058 0.066 
 97 NS_SS0779   (13)    2 :  0.011 0.005 0.882 0.020 0.043 0.039 
 98 NS_SS0776    (3)    2 :  0.342 0.007 0.418 0.174 0.019 0.041 
 99 NS_SS0775    (5)    2 :  0.012 0.006 0.007 0.006 0.009 0.960 
100 NS_SS0965    (3)    3 :  0.028 0.002 0.901 0.011 0.025 0.033 
101 NS_SS0754   (14)    3 :  0.013 0.012 0.196 0.167 0.591 0.021 
102 NS_SS0838    (5)    3 :  0.098 0.051 0.352 0.211 0.214 0.074 
103 NS_SS0839    (3)    3 :  0.526 0.003 0.015 0.013 0.028 0.415 
104 NS_SS0832    (4)    3 :  0.075 0.048 0.719 0.006 0.127 0.026 
105 NS_SS0820    (5)    3 :  0.087 0.008 0.139 0.004 0.670 0.092 
106 NS_SS0886    (9)    3 :  0.031 0.002 0.833 0.060 0.053 0.021 
107 NS_SS0748    (5)    3 :  0.191 0.009 0.472 0.267 0.033 0.027 
108 NS_SS0884    (9)    3 :  0.058 0.020 0.015 0.040 0.844 0.022 
109 NS_SS0752    (4)    3 :  0.089 0.002 0.679 0.033 0.034 0.164 
110 NS_SS0862    (1)    3 :  0.044 0.004 0.781 0.008 0.127 0.036 
111 NS_SS0787    (9)    3 :  0.023 0.007 0.012 0.644 0.302 0.013 
112 NS_SS0843    (6)    3 :  0.359 0.002 0.562 0.035 0.020 0.021 
113 NS_SS0856    (4)    3 :  0.060 0.003 0.075 0.011 0.830 0.020 
114 NS_SS0846    (2)    3 :  0.370 0.003 0.022 0.159 0.439 0.006 
115 NS_SS0825    (1)    3 :  0.107 0.010 0.140 0.056 0.304 0.382 
116 NS_SS0757    (3)    3 :  0.010 0.003 0.841 0.029 0.099 0.017 
117 NS_SS0876    (3)    3 :  0.390 0.230 0.213 0.005 0.150 0.013 
118 NS_SS0903   (10)    3 :  0.922 0.002 0.048 0.007 0.011 0.009 
119 NS_SS0875    (7)    3 :  0.022 0.003 0.028 0.013 0.029 0.905 
120 NS_SS0740    (5)    3 :  0.183 0.003 0.597 0.036 0.155 0.025 
121 NS_SS0811    (5)    3 :  0.035 0.008 0.340 0.010 0.008 0.599 
122 NS_SS0751    (1)    3 :  0.030 0.002 0.506 0.115 0.159 0.188 
123 NS_SS0891    (6)    3 :  0.675 0.006 0.018 0.014 0.024 0.262 
124 NS_SS0867    (2)    3 :  0.019 0.020 0.027 0.030 0.898 0.006 
125 NS_SS0890    (6)    3 :  0.025 0.004 0.066 0.029 0.757 0.120 
126 NS_SS0866   (12)    3 :  0.007 0.005 0.016 0.416 0.490 0.067 
127 NS_SS0755    (4)    3 :  0.101 0.006 0.017 0.020 0.771 0.085 
128 NS_SS0758    (4)    3 :  0.071 0.002 0.865 0.026 0.022 0.013 
129 NS_SS0840    (2)    3 :  0.549 0.002 0.181 0.014 0.030 0.223 
130 NS_SS0889    (4)    3 :  0.038 0.002 0.078 0.795 0.045 0.042 
131 NS_SS1010    (1)    3 :  0.479 0.044 0.038 0.027 0.383 0.028 
132 NS_SS0888    (5)    3 :  0.006 0.001 0.025 0.335 0.623 0.010 
133 NS_SS0837    (3)    3 :  0.084 0.002 0.749 0.035 0.039 0.091 
134 NS_SS0794   (10)    3 :  0.021 0.002 0.098 0.702 0.089 0.087 
135 NS_SS0823    (5)    3 :  0.688 0.004 0.233 0.018 0.031 0.026 
136 NS_SS0829    (7)    3 :  0.031 0.101 0.647 0.166 0.032 0.024 
137 NS_SS0844    (5)    3 :  0.953 0.002 0.006 0.007 0.022 0.010 
138 NS_SS1008    (6)    3 :  0.033 0.014 0.053 0.719 0.017 0.164 
139 NS_SS0881    (3)    3 :  0.036 0.003 0.082 0.207 0.125 0.546 
140 NS_SS0834    (6)    3 :  0.946 0.006 0.014 0.009 0.014 0.011 
141 NS_SS0744   (10)    3 :  0.026 0.006 0.078 0.018 0.862 0.010 
142 NS_SS0899    (7)    3 :  0.558 0.001 0.217 0.005 0.009 0.209 
143 NS_SS0804    (5)    3 :  0.248 0.004 0.489 0.006 0.166 0.086 
144 NS_SS0781   (10)    3 :  0.828 0.003 0.039 0.003 0.051 0.076 
145 NS_SS0822    (6)    3 :  0.036 0.002 0.053 0.872 0.030 0.008 
146 NS_SS1004    (4)    3 :  0.297 0.004 0.518 0.103 0.060 0.018 
147 NS_SS0746    (5)    3 :  0.267 0.012 0.452 0.110 0.024 0.135 
148 NS_SS0880    (3)    3 :  0.076 0.002 0.052 0.744 0.071 0.056 
149 NS_SS0879    (5)    3 :  0.604 0.014 0.013 0.058 0.082 0.230 
150 NS_SS0753    (2)    3 :  0.022 0.011 0.695 0.156 0.083 0.034 
151 NS_SS1007    (3)    3 :  0.008 0.002 0.051 0.018 0.889 0.032 
152 NS_SS0872    (5)    3 :  0.828 0.002 0.073 0.017 0.024 0.055 
153 NS_SS1005    (7)    3 :  0.899 0.001 0.057 0.008 0.016 0.020 
154 NS_SS0892    (6)    3 :  0.025 0.002 0.050 0.022 0.797 0.105 
155 NS_SS0898    (0)    3 :  0.008 0.006 0.020 0.250 0.047 0.668 
156 NS_SS0801    (9)    3 :  0.084 0.011 0.838 0.014 0.037 0.015 
157 NS_SS0827    (9)    3 :  0.042 0.119 0.109 0.109 0.069 0.552 
158 NS_SS0853    (7)    3 :  0.012 0.005 0.022 0.010 0.006 0.946 
159 NS_SS0780    (2)    3 :  0.081 0.004 0.118 0.008 0.697 0.092 
160 NS_SS0826   (10)    3 :  0.938 0.003 0.012 0.035 0.007 0.006 
161 NS_SS0818    (5)    3 :  0.031 0.001 0.009 0.007 0.922 0.031 
162 NS_SS0745    (1)    3 :  0.006 0.001 0.007 0.007 0.004 0.975 
163 NS_SS0849    (3)    3 :  0.029 0.001 0.915 0.013 0.012 0.030 
164 NS_SS0739    (3)    3 :  0.008 0.012 0.029 0.012 0.895 0.043 
165 NS_SS0799    (1)    3 :  0.006 0.001 0.064 0.416 0.445 0.067 
166 NS_SS0756    (3)    3 :  0.881 0.004 0.057 0.008 0.030 0.020 
167 NS_SS0802    (2)    3 :  0.011 0.181 0.044 0.031 0.722 0.011 
168 NS_SS0747    (6)    3 :  0.065 0.005 0.784 0.006 0.128 0.011 
169 NS_SS0835    (1)    3 :  0.026 0.001 0.014 0.072 0.850 0.036 
170 NS_SS0742   (19)    3 :  0.024 0.001 0.121 0.021 0.816 0.017 
171 NS_SS0760    (9)    3 :  0.028 0.046 0.385 0.516 0.011 0.015 
172 NS_SS0803    (4)    3 :  0.930 0.009 0.040 0.006 0.009 0.006 
173 NS_SS0828   (14)    3 :  0.039 0.002 0.432 0.097 0.098 0.334 
174 NS_SS0865    (2)    3 :  0.030 0.023 0.031 0.018 0.885 0.013 
175 NS_SS0759    (5)    3 :  0.020 0.004 0.903 0.006 0.030 0.037 
176 NS_SS0851    (5)    3 :  0.013 0.011 0.008 0.005 0.005 0.958 
177 NS_SS0874   (16)    3 :  0.954 0.001 0.015 0.005 0.006 0.018 
178 NS_SS0761    (6)    3 :  0.015 0.003 0.847 0.086 0.016 0.032 
179 NS_SS0842   (26)    3 :  0.045 0.007 0.015 0.032 0.019 0.882 
180 NS_SS0785    (6)    3 :  0.040 0.006 0.765 0.098 0.079 0.012 
181 NS_SS0860   (11)    3 :  0.027 0.002 0.041 0.064 0.852 0.013 
182 NS_SS0897    (7)    3 :  0.013 0.002 0.027 0.935 0.014 0.009 
183 NS_SS0841   (15)    3 :  0.018 0.003 0.059 0.023 0.050 0.848 
184 NS_SS0797    (7)    3 :  0.010 0.031 0.019 0.869 0.016 0.055 
185 NS_SS0830   (11)    3 :  0.126 0.003 0.184 0.238 0.137 0.313 
186 NS_SS1011    (5)    3 :  0.331 0.006 0.018 0.008 0.627 0.010 
187 NS_SS0883    (5)    3 :  0.005 0.006 0.935 0.010 0.014 0.030 
188 NS_SS0782    (2)    3 :  0.147 0.002 0.632 0.054 0.025 0.139 
189 NS_SS0831    (5)    3 :  0.018 0.003 0.872 0.086 0.009 0.012 
190 NS_SS0749    (7)    3 :  0.007 0.004 0.872 0.019 0.085 0.013 
191 NS_SS0854    (2)    3 :  0.097 0.003 0.092 0.224 0.539 0.044 
192 HI_SS0193    (0)    4 :  0.009 0.002 0.007 0.966 0.010 0.007 
193 HI_SS0194    (1)    4 :  0.949 0.002 0.009 0.013 0.011 0.017 
194 HI_SS0195   (10)    4 :  0.182 0.107 0.536 0.004 0.070 0.099 
195 HI_SS0196    (6)    4 :  0.153 0.002 0.743 0.021 0.012 0.068 
196 HI_SS0197    (3)    4 :  0.009 0.010 0.014 0.002 0.950 0.014 
197 HI_SS0198    (1)    4 :  0.027 0.010 0.594 0.069 0.119 0.180 
198 HI_SS0199    (1)    4 :  0.011 0.002 0.028 0.049 0.892 0.018 
199 HI_SS0201    (5)    4 :  0.087 0.003 0.047 0.760 0.096 0.007 
200 HI_SS0215    (1)    4 :  0.085 0.003 0.652 0.060 0.186 0.014 
201 HI_SS0218    (1)    4 :  0.004 0.006 0.005 0.967 0.007 0.011 
202 HI_SS0222    (0)    4 :  0.020 0.005 0.702 0.033 0.012 0.229 
203 HI_SS0230    (1)    4 :  0.066 0.006 0.840 0.011 0.042 0.035 
204 HI_SS0234    (2)    4 :  0.712 0.134 0.010 0.012 0.125 0.005 
205 HI_SS0240    (1)    4 :  0.012 0.006 0.020 0.010 0.915 0.035 
206 HI_SS0241    (0)    4 :  0.022 0.002 0.010 0.087 0.849 0.030 
207 HI_SS0242    (0)    4 :  0.287 0.003 0.120 0.153 0.147 0.290 
208 HI_SS0247    (0)    4 :  0.926 0.017 0.017 0.017 0.014 0.009 
209 HI_SS0248    (1)    4 :  0.011 0.001 0.025 0.947 0.007 0.008 
210 HI_SS0252    (2)    4 :  0.078 0.003 0.634 0.053 0.067 0.166 
211 HI_SS0254    (0)    4 :  0.018 0.107 0.024 0.676 0.152 0.023 
212 HI_SS0256    (0)    4 :  0.960 0.001 0.006 0.003 0.015 0.014 
213 HI_SS0257    (0)    4 :  0.151 0.003 0.050 0.053 0.731 0.013 
214 HI_SS0258    (1)    4 :  0.016 0.005 0.016 0.941 0.010 0.011 
215 HI_SS0259    (1)    4 :  0.027 0.003 0.007 0.011 0.938 0.014 
216 HI_SS0260    (1)    4 :  0.046 0.002 0.032 0.737 0.084 0.098 
217 HI_SS0261    (2)    4 :  0.165 0.004 0.058 0.610 0.045 0.118 
218 HI_SS0262    (0)    4 :  0.021 0.005 0.014 0.007 0.904 0.048 
219 HI_SS0264    (0)    4 :  0.623 0.003 0.110 0.019 0.044 0.201 
220 HI_SS0265    (0)    4 :  0.173 0.095 0.065 0.008 0.465 0.194 
221 HI_SS0268    (1)    4 :  0.260 0.004 0.289 0.095 0.101 0.251 
222 HI_SS0269    (0)    4 :  0.028 0.002 0.043 0.575 0.343 0.009 
223 HI_SS0273    (0)    4 :  0.017 0.002 0.026 0.780 0.147 0.028 
224 HI_SS0277    (1)    4 :  0.090 0.003 0.204 0.028 0.644 0.032 
225 HI_SS0280    (0)    4 :  0.008 0.005 0.113 0.081 0.093 0.700 
226 HI_SS0282    (1)    4 :  0.017 0.001 0.325 0.631 0.019 0.007 
227 HI_SS0286    (1)    4 :  0.060 0.008 0.190 0.060 0.643 0.039 
228 NS_SS1252    (3)    5 :  0.012 0.003 0.281 0.658 0.018 0.027 
229 NS_SS1261    (1)    5 :  0.105 0.017 0.672 0.034 0.113 0.060 
230 NS_SS1225   (10)    5 :  0.873 0.056 0.021 0.029 0.016 0.006 
231 NS_SS1266    (1)    5 :  0.944 0.008 0.014 0.006 0.015 0.014 
232 NS_SS1228    (0)    5 :  0.060 0.018 0.079 0.020 0.107 0.716 
233 NS_SS1255    (3)    5 :  0.310 0.002 0.051 0.062 0.010 0.565 
234 NS_SS1267    (3)    5 :  0.008 0.015 0.053 0.899 0.016 0.010 
235 NS_SS1238    (6)    5 :  0.107 0.003 0.581 0.210 0.013 0.086 
236 NS_SS1233    (8)    5 :  0.597 0.002 0.247 0.053 0.006 0.095 
237 NS_SS1277    (3)    5 :  0.005 0.001 0.005 0.970 0.004 0.015 
238 NS_SS1245    (1)    5 :  0.184 0.002 0.422 0.314 0.013 0.065 
239 NS_SS1240    (4)    5 :  0.010 0.002 0.019 0.947 0.016 0.006 
240 NS_SS1275    (2)    5 :  0.053 0.003 0.010 0.007 0.837 0.091 
241 NS_SS1235    (1)    5 :  0.950 0.005 0.005 0.013 0.020 0.007 
242 NS_SS1263    (1)    5 :  0.942 0.001 0.013 0.012 0.006 0.026 
243 NS_SS1251    (2)    5 :  0.953 0.001 0.011 0.009 0.008 0.018 
244 NS_SS1248    (0)    5 :  0.010 0.091 0.625 0.071 0.009 0.194 
245 NS_SS1244    (0)    5 :  0.093 0.006 0.014 0.320 0.561 0.006 
246 NS_SS1257    (1)    5 :  0.036 0.039 0.086 0.789 0.028 0.021 
247 NS_SS1242    (2)    5 :  0.322 0.003 0.058 0.014 0.018 0.587 
248 NS_SS1271    (6)    5 :  0.006 0.035 0.008 0.911 0.017 0.023 
249 NS_SS1265    (1)    5 :  0.102 0.021 0.463 0.329 0.025 0.059 
250 NS_SS1243    (0)    5 :  0.009 0.062 0.775 0.024 0.032 0.098 
251 NS_SS1273    (1)    5 :  0.012 0.011 0.012 0.008 0.015 0.942 
252 NS_SS1254   (14)    5 :  0.043 0.005 0.016 0.008 0.035 0.892 
253 NS_SS1224    (1)    5 :  0.789 0.008 0.078 0.011 0.059 0.056 
254 NS_SS1227    (8)    5 :  0.007 0.002 0.007 0.050 0.787 0.149 
255 NS_SS1274    (9)    5 :  0.067 0.022 0.272 0.599 0.014 0.026 
256 NS_SS1241    (1)    5 :  0.038 0.001 0.014 0.898 0.037 0.011 
257 NS_SS1256    (3)    5 :  0.726 0.044 0.024 0.106 0.029 0.072 
258 NS_SS1260    (8)    5 :  0.011 0.055 0.022 0.030 0.868 0.013 
259 NS_SS1262    (0)    5 :  0.382 0.182 0.065 0.261 0.059 0.051 
260 NS_SS1230    (0)    5 :  0.035 0.008 0.518 0.344 0.014 0.080 
261 NS_SS1270    (2)    5 :  0.030 0.002 0.951 0.005 0.006 0.005 
262 NS_SS1229    (2)    5 :  0.080 0.004 0.021 0.005 0.879 0.011 
263 NS_SS1246    (5)    5 :  0.054 0.004 0.022 0.602 0.306 0.013 
264 NS_SS1269    (0)    5 :  0.017 0.002 0.867 0.023 0.037 0.055 
265 NS_SS1239    (1)    5 :  0.008 0.004 0.021 0.011 0.937 0.019 
266 NS_SS1272    (5)    5 :  0.924 0.006 0.009 0.008 0.043 0.010 
267 NS_SS1268    (1)    5 :  0.241 0.002 0.310 0.033 0.033 0.381 
268 NS_SS1249    (1)    5 :  0.012 0.012 0.008 0.946 0.012 0.010 
269 HI_SS0559    (0)    6 :  0.125 0.002 0.589 0.086 0.031 0.167 
270 HI_SS0563    (1)    6 :  0.672 0.003 0.205 0.051 0.044 0.025 
271 HI_SS0564    (0)    6 :  0.054 0.052 0.585 0.029 0.218 0.062 
272 HI_SS0565    (0)    6 :  0.063 0.003 0.078 0.029 0.770 0.057 
273 HI_SS0569    (1)    6 :  0.006 0.002 0.929 0.047 0.011 0.005 
274 HI_SS0570    (0)    6 :  0.019 0.052 0.023 0.743 0.128 0.035 
275 HI_SS0572    (1)    6 :  0.916 0.002 0.008 0.006 0.046 0.022 
276 HI_SS0576    (1)    6 :  0.012 0.006 0.547 0.018 0.033 0.384 
277 HI_SS0579    (1)    6 :  0.575 0.016 0.237 0.115 0.049 0.008 
278 HI_SS0580    (1)    6 :  0.028 0.005 0.025 0.093 0.069 0.779 
279 HI_SS0581    (0)    6 :  0.034 0.049 0.067 0.006 0.824 0.020 
280 HI_SS0583    (1)    6 :  0.079 0.002 0.168 0.212 0.028 0.511 
281 HI_SS0586    (1)    6 :  0.008 0.001 0.098 0.871 0.007 0.015 
282 HI_SS0588    (1)    6 :  0.102 0.019 0.435 0.277 0.144 0.024 
283 HI_SS0595    (4)    6 :  0.048 0.027 0.017 0.110 0.236 0.561 
284 HI_SS0596    (0)    6 :  0.311 0.002 0.009 0.015 0.026 0.637 
285 HI_SS0597    (1)    6 :  0.434 0.002 0.386 0.011 0.023 0.143 
286 HI_SS0600    (0)    6 :  0.005 0.003 0.031 0.016 0.939 0.006 
287 HI_SS0601    (1)    6 :  0.620 0.013 0.101 0.092 0.153 0.020 
288 HI_SS0602    (1)    6 :  0.009 0.002 0.948 0.010 0.013 0.017 
289 HI_SS0604    (0)    6 :  0.190 0.001 0.754 0.024 0.009 0.021 
290 HI_SS0605    (1)    6 :  0.008 0.005 0.332 0.008 0.626 0.021 
291 HI_SS0608    (0)    6 :  0.005 0.001 0.014 0.013 0.004 0.963 
292 HI_SS0609    (0)    6 :  0.867 0.001 0.022 0.018 0.022 0.070 
293 HI_SS0611    (5)    6 :  0.013 0.003 0.632 0.256 0.014 0.083 
294 HI_SS0612    (0)    6 :  0.269 0.006 0.014 0.048 0.655 0.007 
295 HI_SS0613    (1)    6 :  0.043 0.002 0.890 0.011 0.020 0.035 
296 HI_SS0615    (1)    6 :  0.022 0.010 0.046 0.008 0.647 0.268 
297 HI_SS0001    (1)    6 :  0.053 0.004 0.012 0.808 0.099 0.023 
298 HI_SS0002    (1)    6 :  0.883 0.021 0.019 0.006 0.056 0.014 
299 HI_SS0004    (0)    6 :  0.090 0.008 0.128 0.433 0.154 0.188 
300 HI_SS0005    (1)    6 :  0.009 0.007 0.782 0.051 0.058 0.093 
301 HI_SS0006    (1)    6 :  0.343 0.002 0.192 0.098 0.350 0.015 
302 HI_SS0007    (1)    6 :  0.008 0.002 0.045 0.914 0.010 0.020 
303 HI_SS0008    (0)    6 :  0.028 0.031 0.041 0.016 0.861 0.023 
304 HI_SS0009    (0)    6 :  0.013 0.005 0.073 0.040 0.069 0.800 
305 HI_SS0010    (1)    6 :  0.019 0.003 0.302 0.540 0.026 0.111 
306 HI_SS0011    (1)    6 :  0.786 0.080 0.024 0.047 0.024 0.039 
307 HI_SS0012    (0)    6 :  0.235 0.006 0.022 0.005 0.637 0.095 
308 HI_SS0017    (1)    6 :  0.400 0.002 0.007 0.027 0.011 0.554 
309 HI_SS0021    (1)    6 :  0.029 0.236 0.024 0.480 0.010 0.221 
310 HI_SS0024    (1)    6 :  0.136 0.002 0.015 0.107 0.572 0.168 
311 HI_SS0025    (1)    6 :  0.127 0.003 0.025 0.009 0.027 0.808 
312 HI_SS0027    (0)    6 :  0.010 0.013 0.096 0.852 0.016 0.011 
313 HI_SS0028    (0)    6 :  0.013 0.002 0.015 0.006 0.022 0.941 
314 HI_SS0029    (1)    6 :  0.021 0.006 0.037 0.018 0.014 0.904 
315 HI_SS0030    (2)    6 :  0.012 0.004 0.012 0.090 0.868 0.014 
316 HI_SS0031    (0)    6 :  0.011 0.003 0.014 0.008 0.947 0.017 
317 HI_SS0034    (0)    6 :  0.017 0.005 0.081 0.826 0.064 0.006 
318 HI_SS0036    (0)    6 :  0.004 0.015 0.010 0.829 0.124 0.018 
319 HI_SS0037    (1)    6 :  0.066 0.004 0.305 0.266 0.032 0.326 
320 HI_SS0039    (0)    6 :  0.007 0.004 0.022 0.743 0.101 0.124 
321 HI_SS0041    (1)    6 :  0.038 0.002 0.033 0.007 0.074 0.846 
322 HI_SS0042    (1)    6 :  0.033 0.115 0.020 0.013 0.030 0.790 
323 HI_SS0043    (1)    6 :  0.009 0.003 0.248 0.717 0.017 0.005 
324 HI_SS0044    (1)    6 :  0.005 0.003 0.015 0.089 0.016 0.873 
325 HI_SS0047    (1)    6 :  0.019 0.002 0.929 0.019 0.023 0.008 
326 HI_SS0049    (1)    6 :  0.127 0.006 0.229 0.062 0.018 0.558 
327 HI_SS0051    (1)    6 :  0.017 0.003 0.929 0.008 0.029 0.013 
328 HI_SS0053    (1)    6 :  0.011 0.006 0.078 0.616 0.276 0.014 
329 HI_SS0054    (4)    6 :  0.015 0.004 0.023 0.941 0.008 0.008 
330 HI_SS0057    (0)    6 :  0.013 0.003 0.922 0.014 0.020 0.028 
331 HI_SS0058    (0)    6 :  0.923 0.005 0.013 0.021 0.012 0.026 
332 HI_SS0060    (0)    6 :  0.139 0.089 0.193 0.067 0.495 0.017 
333 HI_SS0087    (1)    6 :  0.868 0.003 0.049 0.023 0.047 0.010 
334 HI_SS0091    (1)    6 :  0.013 0.001 0.008 0.040 0.934 0.004 
335 HI_SS0095    (1)    6 :  0.026 0.039 0.048 0.010 0.872 0.005 
336 HI_SS0097    (3)    6 :  0.453 0.004 0.519 0.008 0.009 0.007 
337 HI_SS0099    (1)    6 :  0.016 0.004 0.009 0.008 0.018 0.944 
338 HI_SS0103    (0)    6 :  0.117 0.003 0.023 0.012 0.834 0.010 
339 HI_SS0105    (1)    6 :  0.046 0.025 0.058 0.013 0.849 0.009 
340 HI_SS0107    (1)    6 :  0.839 0.001 0.011 0.010 0.092 0.047 
341 HI_SS0108    (1)    6 :  0.008 0.025 0.055 0.898 0.009 0.005 
342 HI_SS0110    (0)    6 :  0.015 0.001 0.011 0.028 0.889 0.057 
343 HI_SS0111    (1)    6 :  0.031 0.031 0.163 0.031 0.669 0.076 
344 HI_SS0112    (0)    6 :  0.004 0.001 0.006 0.974 0.007 0.009 
345 HI_SS0113    (1)    6 :  0.943 0.003 0.019 0.011 0.010 0.013 
346 HI_SS0114    (1)    6 :  0.012 0.006 0.520 0.237 0.189 0.036 
347 HI_SS0115    (1)    6 :  0.063 0.018 0.343 0.127 0.331 0.117 
348 HI_SS0116    (4)    6 :  0.008 0.003 0.037 0.076 0.011 0.864 
349 HI_SS0117    (0)    6 :  0.758 0.002 0.009 0.210 0.013 0.007 
350 HI_SS0118    (0)    6 :  0.199 0.013 0.136 0.035 0.086 0.531 
351 HI_SS0119    (1)    6 :  0.010 0.002 0.026 0.029 0.927 0.005 
352 HI_SS0120    (1)    6 :  0.872 0.002 0.006 0.022 0.066 0.032 
353 HI_SS0121    (0)    6 :  0.235 0.002 0.234 0.010 0.129 0.390 
354 HI_SS0122    (2)    6 :  0.038 0.014 0.053 0.014 0.835 0.046 
355 HI_SS0123    (0)    6 :  0.264 0.006 0.028 0.013 0.675 0.014 
356 HI_SS0124    (1)    6 :  0.036 0.003 0.019 0.009 0.054 0.879 
357 HI_SS0125    (1)    6 :  0.009 0.027 0.012 0.005 0.888 0.059 
358 HI_SS0126    (0)    6 :  0.007 0.001 0.005 0.952 0.007 0.027 
359 HI_SS0127    (0)    6 :  0.031 0.008 0.812 0.103 0.025 0.022 
360 HI_SS0128    (0)    6 :  0.136 0.003 0.023 0.177 0.608 0.053 
361 HI_SS0129    (1)    6 :  0.031 0.012 0.221 0.374 0.154 0.208 
362 HI_SS0131    (2)    6 :  0.486 0.034 0.190 0.214 0.054 0.022 
363 HI_SS0132    (0)    6 :  0.039 0.001 0.097 0.237 0.400 0.227 
364 HI_SS0133    (1)    6 :  0.003 0.001 0.004 0.984 0.004 0.003 
365 HI_SS0134    (1)    6 :  0.062 0.002 0.036 0.118 0.757 0.024 
366 HI_SS0142    (3)    6 :  0.118 0.017 0.078 0.006 0.763 0.018 
367 HI_SS0145    (0)    6 :  0.494 0.002 0.172 0.214 0.096 0.023 
368 HI_SS0146    (1)    6 :  0.006 0.001 0.007 0.835 0.119 0.031 
369 HI_SS0147    (1)    6 :  0.335 0.026 0.485 0.006 0.062 0.085 
370 HI_SS0149    (1)    6 :  0.047 0.005 0.008 0.126 0.785 0.029 
371 HI_SS0150    (2)    6 :  0.018 0.005 0.338 0.032 0.026 0.581 
372 HI_SS0151    (0)    6 :  0.024 0.012 0.767 0.080 0.106 0.011 
373 NS_SS1451    (1)    6 :  0.067 0.003 0.021 0.010 0.702 0.196 
374 NS_SS1404    (0)    6 :  0.221 0.011 0.016 0.016 0.038 0.698 
375 NS_SS1432    (2)    6 :  0.008 0.039 0.018 0.006 0.089 0.840 
376 NS_SS1405    (5)    6 :  0.519 0.003 0.068 0.082 0.032 0.295 
377 NS_SS1431   (10)    6 :  0.129 0.001 0.039 0.013 0.042 0.776 
378 NS_SS1402    (3)    6 :  0.841 0.002 0.013 0.016 0.104 0.024 
379 NS_SS1450    (3)    6 :  0.011 0.005 0.040 0.814 0.078 0.051 
380 NS_SS1396    (0)    6 :  0.074 0.006 0.544 0.028 0.288 0.061 
381 NS_SS1393    (5)    6 :  0.008 0.003 0.791 0.014 0.123 0.061 
382 NS_SS1392   (10)    6 :  0.067 0.018 0.041 0.037 0.406 0.431 
383 NS_SS1445    (0)    6 :  0.012 0.009 0.112 0.155 0.687 0.025 
384 NS_SS1423    (0)    6 :  0.135 0.001 0.026 0.155 0.670 0.013 
385 NS_SS1421    (9)    6 :  0.027 0.093 0.013 0.838 0.021 0.008 
386 NS_SS1411    (6)    6 :  0.005 0.001 0.894 0.058 0.009 0.033 
387 NS_SS1453    (6)    6 :  0.029 0.005 0.257 0.201 0.461 0.047 
388 NS_SS1442    (3)    6 :  0.124 0.004 0.687 0.037 0.028 0.121 
389 NS_SS1422    (1)    6 :  0.509 0.014 0.020 0.259 0.180 0.018 
390 NS_SS1419    (1)    6 :  0.028 0.165 0.049 0.012 0.006 0.739 
391 NS_SS1427    (0)    6 :  0.004 0.002 0.005 0.967 0.011 0.010 
392 NS_SS1444    (4)    6 :  0.019 0.003 0.545 0.009 0.009 0.415 
393 NS_SS1455    (0)    6 :  0.945 0.001 0.016 0.006 0.004 0.027 
394 NS_SS1425    (2)    6 :  0.009 0.002 0.520 0.438 0.025 0.006 
395 NS_SS1400    (0)    6 :  0.033 0.002 0.054 0.889 0.006 0.017 
396 NS_SS1406    (2)    6 :  0.945 0.008 0.020 0.006 0.011 0.011 
397 NS_SS1417    (6)    6 :  0.936 0.005 0.013 0.017 0.014 0.015 
398 NS_SS1454    (3)    6 :  0.042 0.001 0.022 0.337 0.081 0.517 
399 NS_SS1412    (1)    6 :  0.087 0.026 0.269 0.228 0.229 0.161 
400 NS_SS1438    (1)    6 :  0.030 0.002 0.371 0.513 0.070 0.014 
401 NS_SS1416    (4)    6 :  0.044 0.006 0.520 0.009 0.100 0.321 
402 NS_SS1401    (0)    6 :  0.087 0.012 0.035 0.012 0.843 0.011 
403 NS_SS1424    (6)    6 :  0.040 0.013 0.038 0.628 0.206 0.074 
404 NS_SS1435   (10)    6 :  0.018 0.003 0.305 0.574 0.033 0.068 
405 NS_SS1447    (4)    6 :  0.366 0.008 0.373 0.029 0.055 0.170 
406 NS_SS1414    (3)    6 :  0.132 0.008 0.012 0.008 0.008 0.833 
407 NS_SS1449   (14)    6 :  0.058 0.004 0.035 0.013 0.882 0.008 
408 NS_SS1443    (4)    6 :  0.016 0.002 0.020 0.923 0.026 0.013 
409 NS_SS1434    (1)    6 :  0.486 0.001 0.026 0.347 0.060 0.080 
410 NS_SS1398    (1)    6 :  0.022 0.022 0.366 0.143 0.028 0.419 
411 NS_SS1426    (1)    6 :  0.015 0.002 0.130 0.680 0.158 0.015 
412 NS_SS1413    (0)    6 :  0.014 0.012 0.011 0.943 0.008 0.013 
413 NS_SS1395    (1)    6 :  0.009 0.008 0.070 0.030 0.876 0.007 
414 NS_SS1448   (10)    6 :  0.010 0.001 0.022 0.936 0.006 0.025 
415 NS_SS1446    (0)    6 :  0.091 0.002 0.009 0.010 0.877 0.012 
416 NS_SS1403    (2)    6 :  0.025 0.005 0.013 0.012 0.900 0.045 
417 NS_SS1415    (0)    6 :  0.007 0.009 0.082 0.864 0.017 0.022 
418 NS_SS1437    (4)    6 :  0.186 0.010 0.021 0.087 0.029 0.666 
419 NS_SS1439    (2)    6 :  0.258 0.003 0.141 0.008 0.579 0.012 
420 NS_SS1441    (3)    6 :  0.030 0.002 0.139 0.471 0.148 0.209 
421 NS_SS1420    (2)    6 :  0.012 0.003 0.241 0.006 0.010 0.728 
422 NS_SS1394    (2)    6 :  0.048 0.040 0.151 0.007 0.055 0.699 
423 NS_SS1391    (7)    6 :  0.042 0.013 0.105 0.213 0.441 0.185 
424 NS_SS1410    (5)    6 :  0.088 0.015 0.118 0.065 0.339 0.374 
425 NS_SS1408    (1)    6 :  0.027 0.049 0.075 0.016 0.823 0.010 
426 NS_SS1409    (1)    6 :  0.018 0.002 0.241 0.025 0.398 0.315 
427 HI_SS0617    (1)    7 :  0.050 0.001 0.013 0.014 0.707 0.214 
428 HI_SS0618    (2)    7 :  0.063 0.002 0.590 0.026 0.024 0.294 
429 HI_SS0619    (0)    7 :  0.015 0.003 0.013 0.016 0.015 0.939 
430 HI_SS0620    (1)    7 :  0.013 0.003 0.011 0.957 0.010 0.006 
431 HI_SS0621    (3)    7 :  0.225 0.013 0.041 0.021 0.256 0.443 
432 HI_SS0622    (1)    7 :  0.441 0.011 0.075 0.415 0.012 0.047 
433 HI_SS0626    (0)    7 :  0.008 0.007 0.071 0.007 0.015 0.893 
434 HI_SS0627    (0)    7 :  0.037 0.008 0.844 0.006 0.057 0.047 
435 HI_SS0628    (3)    7 :  0.043 0.070 0.137 0.491 0.138 0.121 
436 HI_SS0629    (1)    7 :  0.164 0.007 0.237 0.132 0.214 0.246 
437 HI_SS0630    (1)    7 :  0.010 0.057 0.444 0.418 0.027 0.044 
438 HI_SS0631    (0)    7 :  0.019 0.001 0.162 0.759 0.046 0.014 
439 HI_SS0632    (0)    7 :  0.012 0.003 0.823 0.086 0.033 0.044 
440 HI_SS0633    (0)    7 :  0.026 0.003 0.011 0.009 0.014 0.937 
441 HI_SS0634    (1)    7 :  0.006 0.002 0.013 0.011 0.952 0.015 
442 HI_SS0635    (0)    7 :  0.057 0.008 0.019 0.012 0.030 0.874 
443 HI_SS0637    (1)    7 :  0.012 0.003 0.963 0.006 0.012 0.004 
444 HI_SS0638    (0)    7 :  0.018 0.001 0.324 0.564 0.055 0.037 
445 HI_SS0639    (1)    7 :  0.012 0.039 0.021 0.005 0.740 0.184 
446 HI_SS0640    (1)    7 :  0.012 0.001 0.877 0.023 0.018 0.068 
447 HI_SS0641    (1)    7 :  0.009 0.006 0.171 0.156 0.021 0.637 
448 HI_SS0642    (0)    7 :  0.010 0.002 0.010 0.015 0.947 0.016 
449 HI_SS0645    (0)    7 :  0.008 0.001 0.020 0.006 0.013 0.952 
450 HI_SS0646    (1)    7 :  0.453 0.003 0.124 0.064 0.327 0.030 
451 HI_SS0647    (1)    7 :  0.085 0.001 0.019 0.848 0.012 0.034 
452 HI_SS0648    (0)    7 :  0.164 0.003 0.130 0.117 0.143 0.443 
453 HI_SS0649    (1)    7 :  0.091 0.002 0.248 0.018 0.313 0.328 
454 HI_SS0650    (1)    7 :  0.053 0.004 0.710 0.030 0.146 0.057 
455 HI_SS0651    (1)    7 :  0.152 0.004 0.147 0.056 0.598 0.043 
456 HI_SS0652    (1)    7 :  0.010 0.003 0.166 0.019 0.030 0.771 
457 NS_SS1371    (3)    7 :  0.022 0.005 0.016 0.016 0.922 0.018 
458 NS_SS1374    (0)    7 :  0.007 0.003 0.013 0.241 0.621 0.116 
459 NS_SS1337    (3)    7 :  0.349 0.004 0.013 0.051 0.542 0.041 
460 NS_SS1385    (5)    7 :  0.421 0.005 0.189 0.029 0.109 0.248 
461 NS_SS1388    (0)    7 :  0.042 0.007 0.017 0.020 0.029 0.885 
462 NS_SS1370    (1)    7 :  0.007 0.007 0.960 0.010 0.011 0.005 
463 NS_SS1389    (3)    7 :  0.011 0.003 0.005 0.005 0.005 0.972 
464 NS_SS1360    (1)    7 :  0.042 0.005 0.694 0.217 0.026 0.016 
465 NS_SS1330    (0)    7 :  0.064 0.003 0.871 0.004 0.033 0.025 
466 NS_SS1328    (9)    7 :  0.016 0.002 0.005 0.923 0.033 0.021 
467 NS_SS1384    (1)    7 :  0.310 0.004 0.084 0.052 0.536 0.014 
468 NS_SS1381    (0)    7 :  0.956 0.001 0.007 0.008 0.019 0.009 
469 NS_SS1375    (1)    7 :  0.005 0.001 0.006 0.009 0.011 0.967 
470 NS_SS1319   (11)    7 :  0.017 0.096 0.044 0.019 0.681 0.143 
471 NS_SS1326    (2)    7 :  0.013 0.010 0.013 0.915 0.010 0.039 
472 NS_SS1341    (1)    7 :  0.013 0.004 0.089 0.017 0.870 0.007 
473 NS_SS1383    (2)    7 :  0.018 0.004 0.140 0.088 0.735 0.014 
474 NS_SS1318    (3)    7 :  0.456 0.019 0.250 0.074 0.143 0.057 
475 NS_SS1348    (2)    7 :  0.020 0.002 0.094 0.845 0.028 0.011 
476 NS_SS1363    (0)    7 :  0.273 0.005 0.284 0.058 0.076 0.305 
477 NS_SS1335    (4)    7 :  0.015 0.034 0.300 0.506 0.118 0.026 
478 NS_SS1358    (0)    7 :  0.195 0.013 0.021 0.296 0.470 0.003 
479 NS_SS1342    (1)    7 :  0.872 0.001 0.005 0.059 0.052 0.012 
480 NS_SS1320    (3)    7 :  0.634 0.006 0.009 0.008 0.025 0.318 
481 NS_SS1355    (1)    7 :  0.319 0.011 0.629 0.008 0.010 0.023 
482 NS_SS1345    (1)    7 :  0.947 0.016 0.009 0.013 0.007 0.008 
483 NS_SS1324    (0)    7 :  0.190 0.004 0.334 0.384 0.059 0.030 
484 NS_SS1347    (5)    7 :  0.027 0.003 0.101 0.031 0.827 0.010 
485 NS_SS1321    (4)    7 :  0.020 0.001 0.038 0.098 0.826 0.018 
486 NS_SS1333    (0)    7 :  0.008 0.002 0.004 0.020 0.940 0.026 
487 NS_SS1364    (1)    7 :  0.422 0.002 0.078 0.469 0.014 0.014 
488 NS_SS1379    (0)    7 :  0.071 0.047 0.831 0.014 0.017 0.019 
489 NS_SS1332    (0)    7 :  0.007 0.005 0.011 0.933 0.011 0.032 
490 NS_SS1338    (5)    7 :  0.006 0.007 0.200 0.062 0.704 0.019 
491 NS_SS1368    (6)    7 :  0.028 0.006 0.015 0.910 0.012 0.029 
492 NS_SS1354    (1)    7 :  0.914 0.010 0.014 0.013 0.027 0.022 
493 NS_SS1365    (0)    7 :  0.037 0.007 0.313 0.093 0.032 0.518 
494 NS_SS1380    (1)    7 :  0.952 0.014 0.005 0.005 0.011 0.012 
495 NS_SS1329    (8)    7 :  0.919 0.003 0.008 0.028 0.034 0.007 
496 NS_SS1362    (0)    7 :  0.937 0.004 0.024 0.015 0.014 0.007 
497 NS_SS1327    (2)    7 :  0.004 0.003 0.012 0.951 0.024 0.007 
498 NS_SS1350    (0)    7 :  0.006 0.007 0.009 0.009 0.962 0.007 
499 NS_SS1387    (2)    7 :  0.007 0.003 0.751 0.010 0.018 0.211 
500 NS_SS1369    (8)    7 :  0.015 0.004 0.124 0.808 0.022 0.026 
501 NS_SS1331    (1)    7 :  0.005 0.008 0.025 0.027 0.012 0.923 
502 NS_SS1357    (5)    7 :  0.080 0.003 0.034 0.314 0.447 0.122 
503 NS_SS1386    (1)    7 :  0.025 0.003 0.008 0.938 0.020 0.005 
504 NS_SS1353    (2)    7 :  0.149 0.005 0.084 0.047 0.022 0.693 
505 NS_SS1323    (0)    7 :  0.076 0.065 0.024 0.016 0.365 0.453 
506 HI_SS0296    (0)    8 :  0.014 0.001 0.878 0.078 0.010 0.019 
507 HI_SS0297    (0)    8 :  0.060 0.001 0.116 0.691 0.074 0.058 
508 HI_SS0299    (0)    8 :  0.214 0.038 0.480 0.233 0.021 0.015 
509 HI_SS0300    (0)    8 :  0.005 0.001 0.962 0.012 0.009 0.010 
510 HI_SS0301    (0)    8 :  0.010 0.003 0.945 0.013 0.018 0.010 
511 HI_SS0302    (0)    8 :  0.035 0.026 0.393 0.521 0.012 0.014 
512 HI_SS0303    (0)    8 :  0.011 0.007 0.015 0.916 0.011 0.040 
513 HI_SS0304    (0)    8 :  0.049 0.003 0.165 0.018 0.049 0.716 
514 HI_SS0306    (5)    8 :  0.004 0.003 0.007 0.977 0.005 0.005 
515 HI_SS0307    (1)    8 :  0.016 0.008 0.061 0.013 0.048 0.852 
516 HI_SS0308    (1)    8 :  0.162 0.090 0.370 0.129 0.181 0.068 
517 HI_SS0309    (0)    8 :  0.516 0.003 0.089 0.010 0.350 0.033 
518 HI_SS0310    (0)    8 :  0.801 0.008 0.033 0.111 0.011 0.035 
519 HI_SS0311    (4)    8 :  0.021 0.003 0.356 0.194 0.082 0.344 
520 HI_SS0314    (0)    8 :  0.011 0.002 0.007 0.022 0.013 0.946 
521 HI_SS0316    (1)    8 :  0.011 0.004 0.041 0.116 0.642 0.185 
522 HI_SS0317    (3)    8 :  0.011 0.002 0.119 0.013 0.823 0.031 
523 HI_SS0318    (1)    8 :  0.007 0.187 0.390 0.129 0.276 0.011 
524 HI_SS0319    (0)    8 :  0.011 0.005 0.006 0.959 0.009 0.010 
525 HI_SS0320    (3)    8 :  0.015 0.001 0.024 0.006 0.296 0.658 
526 HI_SS0321    (0)    8 :  0.005 0.001 0.055 0.010 0.924 0.005 
527 HI_SS0323    (1)    8 :  0.010 0.002 0.212 0.057 0.345 0.374 
528 HI_SS0325    (2)    8 :  0.035 0.002 0.222 0.702 0.016 0.024 
529 HI_SS0327    (1)    8 :  0.040 0.001 0.030 0.802 0.121 0.005 
530 HI_SS0329    (1)    8 :  0.013 0.002 0.019 0.017 0.013 0.937 
531 HI_SS0333    (1)    8 :  0.049 0.003 0.409 0.093 0.215 0.230 
532 HI_SS0334    (1)    8 :  0.010 0.001 0.955 0.013 0.012 0.008 
533 HI_SS0335    (1)    8 :  0.940 0.018 0.013 0.006 0.018 0.004 
534 HI_SS0339    (0)    8 :  0.715 0.011 0.238 0.006 0.011 0.019 
535 HI_SS0343    (2)    8 :  0.873 0.002 0.015 0.038 0.055 0.018 
536 HI_SS0344    (1)    8 :  0.006 0.003 0.006 0.973 0.009 0.003 
537 HI_SS0345    (3)    8 :  0.865 0.007 0.046 0.031 0.018 0.032 
538 HI_SS0346    (0)    8 :  0.008 0.003 0.930 0.019 0.024 0.016 
539 HI_SS0350    (1)    8 :  0.748 0.007 0.023 0.006 0.009 0.209 
540 HI_SS0351    (0)    8 :  0.306 0.004 0.264 0.092 0.322 0.012 
541 HI_SS0352    (3)    8 :  0.811 0.098 0.032 0.013 0.030 0.017 
542 HI_SS0362    (0)    8 :  0.005 0.002 0.750 0.111 0.048 0.083 
543 HI_SS0363    (1)    8 :  0.085 0.004 0.012 0.877 0.011 0.011 
544 HI_SS0365    (0)    8 :  0.024 0.006 0.111 0.124 0.276 0.460 
545 HI_SS0366    (0)    8 :  0.092 0.002 0.051 0.810 0.031 0.014 
546 HI_SS0367    (1)    8 :  0.812 0.002 0.018 0.006 0.026 0.137 
547 HI_SS0369    (1)    8 :  0.156 0.003 0.158 0.012 0.076 0.595 
548 HI_SS0370    (0)    8 :  0.455 0.003 0.086 0.048 0.398 0.011 
549 HI_SS0371    (4)    8 :  0.015 0.005 0.015 0.856 0.018 0.091 
550 HI_SS0373    (3)    8 :  0.005 0.008 0.012 0.021 0.012 0.941 
551 HI_SS0374    (0)    8 :  0.017 0.028 0.019 0.006 0.133 0.796 
552 HI_SS0377    (0)    8 :  0.053 0.091 0.119 0.445 0.277 0.015 
553 HI_SS0379    (1)    8 :  0.005 0.001 0.007 0.976 0.007 0.004 
554 HI_SS0380    (1)    8 :  0.867 0.006 0.057 0.011 0.022 0.038 
555 HI_SS0381    (2)    8 :  0.121 0.004 0.442 0.011 0.109 0.313 
556 HI_SS0384    (3)    8 :  0.016 0.010 0.137 0.355 0.073 0.410 
557 HI_SS0385    (1)    8 :  0.013 0.001 0.012 0.102 0.007 0.865 
558 HI_SS0386    (0)    9 :  0.002 0.991 0.002 0.001 0.002 0.001 
559 HI_SS0387    (0)    9 :  0.011 0.941 0.010 0.012 0.017 0.009 
560 HI_SS0389    (2)    9 :  0.003 0.981 0.004 0.004 0.004 0.004 
561 HI_SS0390    (2)    9 :  0.002 0.990 0.003 0.002 0.002 0.002 
562 HI_SS0391    (3)    9 :  0.003 0.987 0.003 0.002 0.003 0.002 
563 HI_SS0392    (0)    9 :  0.002 0.992 0.002 0.002 0.001 0.001 
564 HI_SS0393    (2)    9 :  0.001 0.992 0.002 0.002 0.002 0.001 
565 HI_SS0394    (2)    9 :  0.001 0.993 0.001 0.001 0.001 0.002 
