   NS_SS0963  1 0.0048 0.3232 0.0193 0.0098 0.0081 0.0174 0.6175 
   NS_SS0983  1 0.0032 0.7440 0.0092 0.0610 0.0031 0.1701 0.0095 
   NS_SS0719  1 0.0047 0.1113 0.0103 0.0130 0.0261 0.7375 0.0970 
   NS_SS1001  1 0.0059 0.0112 0.0088 0.2823 0.6071 0.0337 0.0511 
   NS_SS0936  1 0.0022 0.0109 0.9181 0.0158 0.0145 0.0132 0.0253 
   NS_SS0955  1 0.0032 0.1681 0.0533 0.3854 0.0626 0.2238 0.1036 
   NS_SS0944  1 0.0021 0.0092 0.0717 0.7259 0.0470 0.0551 0.0891 
   NS_SS0945  1 0.0101 0.0441 0.0599 0.7113 0.1020 0.0127 0.0599 
   NS_SS0922  1 0.0269 0.1634 0.0520 0.0066 0.2556 0.4346 0.0608 
   NS_SS0929  1 0.0028 0.0275 0.5616 0.0775 0.0341 0.1472 0.1492 
   NS_SS0956  1 0.0045 0.0851 0.0157 0.0244 0.7625 0.0642 0.0435 
   NS_SS0906  1 0.0027 0.0511 0.7544 0.0164 0.0359 0.1266 0.0129 
   NS_SS0721  1 0.0032 0.9500 0.0046 0.0060 0.0067 0.0133 0.0162 
   NS_SS0982  1 0.0178 0.0377 0.5157 0.0130 0.1036 0.2952 0.0171 
   NS_SS0923  1 0.0043 0.0968 0.0303 0.0062 0.2008 0.6192 0.0423 
   NS_SS0905  1 0.0018 0.0780 0.0130 0.0143 0.0505 0.8246 0.0178 
   NS_SS0925  1 0.0046 0.1362 0.7630 0.0082 0.0295 0.0230 0.0356 
   NS_SS0947  1 0.0029 0.0861 0.6557 0.0154 0.0683 0.0249 0.1468 
   NS_SS0926  1 0.0013 0.0074 0.0078 0.6694 0.0226 0.2186 0.0730 
   NS_SS0918  1 0.0029 0.0807 0.3929 0.0869 0.0789 0.0539 0.3038 
   NS_SS0966  1 0.0529 0.0086 0.6608 0.0331 0.0249 0.1251 0.0946 
   NS_SS0938  1 0.0013 0.0083 0.0409 0.0102 0.2056 0.0076 0.7262 
   NS_SS0917  1 0.0456 0.0436 0.0071 0.0319 0.6699 0.1689 0.0331 
   NS_SS0957  1 0.0056 0.0170 0.3034 0.0112 0.1096 0.0428 0.5103 
   NS_SS0987  1 0.2406 0.0649 0.0104 0.0065 0.5766 0.0700 0.0310 
   NS_SS0717  1 0.0031 0.0172 0.0412 0.0168 0.8815 0.0319 0.0083 
   NS_SS0986  1 0.0046 0.3589 0.0246 0.1864 0.0900 0.1083 0.2270 
   NS_SS0953  1 0.0130 0.0164 0.9216 0.0163 0.0151 0.0089 0.0087 
   NS_SS0907  1 0.0381 0.0442 0.7618 0.0388 0.0314 0.0625 0.0232 
   NS_SS0974  1 0.0045 0.0676 0.1018 0.2461 0.1883 0.0581 0.3336 
   NS_SS0989  1 0.0010 0.0830 0.0440 0.0813 0.0139 0.6090 0.1679 
   NS_SS0991  1 0.0021 0.1171 0.0212 0.3717 0.0065 0.4705 0.0109 
   NS_SS0994  1 0.0021 0.0155 0.0143 0.6475 0.0397 0.2476 0.0333 
   NS_SS0931  1 0.0095 0.0161 0.0159 0.9040 0.0077 0.0228 0.0241 
   NS_SS1000  1 0.0035 0.0990 0.6052 0.0268 0.1454 0.0784 0.0417 
   NS_SS0919  1 0.0029 0.1148 0.0211 0.0100 0.0053 0.8211 0.0248 
   NS_SS0949  1 0.0013 0.0469 0.0067 0.9005 0.0077 0.0193 0.0177 
   NS_SS0960  1 0.0057 0.0936 0.0175 0.1772 0.0384 0.6230 0.0446 
   NS_SS0716  1 0.0061 0.0062 0.0058 0.0081 0.9658 0.0040 0.0040 
   NS_SS0924  1 0.0154 0.0737 0.1212 0.0688 0.0555 0.6314 0.0339 
   NS_SS0935  1 0.0069 0.0124 0.0133 0.0412 0.0076 0.9122 0.0064 
   NS_SS0952  1 0.0419 0.0315 0.0735 0.3082 0.0256 0.5020 0.0173 
   NS_SS0962  1 0.0069 0.0504 0.2128 0.0126 0.2144 0.0133 0.4895 
   NS_SS0973  1 0.0032 0.8971 0.0137 0.0106 0.0073 0.0573 0.0108 
   NS_SS0722  1 0.0024 0.0158 0.0907 0.0089 0.8552 0.0090 0.0179 
   NS_SS0979  1 0.0025 0.0099 0.0312 0.0083 0.8386 0.0335 0.0759 
   NS_SS0993  1 0.0189 0.2398 0.5463 0.0272 0.0417 0.0175 0.1086 
   NS_SS0958  1 0.0030 0.0103 0.0493 0.8107 0.0715 0.0399 0.0153 
   NS_SS0988  1 0.0043 0.0448 0.7143 0.0433 0.0436 0.0557 0.0940 
   NS_SS1003  1 0.0087 0.0129 0.0078 0.0070 0.0047 0.0078 0.9510 
   NS_SS0976  1 0.0019 0.0240 0.1412 0.0879 0.0182 0.0870 0.6399 
   NS_SS0964  1 0.0030 0.0141 0.0063 0.0092 0.9181 0.0433 0.0060 
   NS_SS0939  1 0.0035 0.0089 0.0031 0.0077 0.9573 0.0051 0.0145 
   NS_SS0990  1 0.0032 0.0297 0.0293 0.0243 0.1399 0.0206 0.7529 
   NS_SS0984  1 0.0021 0.0089 0.0277 0.0050 0.8325 0.0253 0.0985 
   NS_SS0980  1 0.0022 0.4346 0.3886 0.0082 0.0087 0.1341 0.0237 
   NS_SS0978  1 0.0030 0.0246 0.0579 0.0138 0.0290 0.6840 0.1878 
   NS_SS0951  1 0.0035 0.0943 0.1042 0.5940 0.0806 0.0518 0.0717 
   NS_SS0913  1 0.0446 0.0254 0.0208 0.0109 0.7510 0.0776 0.0697 
   NS_SS1002  1 0.0346 0.0114 0.8652 0.0058 0.0060 0.0085 0.0685 
   NS_SS0948  1 0.0360 0.0111 0.7423 0.0812 0.0378 0.0533 0.0384 
   NS_SS0916  1 0.0043 0.0398 0.0135 0.0181 0.0095 0.1561 0.7587 
   NS_SS0995  1 0.0028 0.6608 0.0325 0.0076 0.0825 0.0564 0.1575 
   NS_SS0927  1 0.0049 0.1340 0.0190 0.0469 0.1423 0.5048 0.1481 
   NS_SS0992  1 0.0033 0.5977 0.1381 0.0178 0.0157 0.1868 0.0407 
   NS_SS0912  1 0.0028 0.0696 0.0374 0.6137 0.0166 0.2407 0.0191 
   NS_SS0981  1 0.0038 0.0674 0.0541 0.0276 0.0241 0.2493 0.5737 
   NS_SS0729  2 0.0036 0.0488 0.1149 0.3341 0.0067 0.4769 0.0151 
   NS_SS0967  2 0.0119 0.4484 0.1173 0.0331 0.0907 0.2452 0.0534 
   NS_SS0941  2 0.0820 0.0333 0.0392 0.0438 0.1201 0.5072 0.1744 
   NS_SS0768  2 0.0048 0.0089 0.8472 0.0236 0.0308 0.0450 0.0396 
   NS_SS0726  2 0.0070 0.0233 0.0112 0.0235 0.0105 0.0337 0.8910 
   NS_SS0763  2 0.0029 0.1368 0.0236 0.0798 0.0903 0.6092 0.0574 
   NS_SS0730  2 0.0043 0.1061 0.0266 0.0128 0.8191 0.0119 0.0191 
   NS_SS0774  2 0.0009 0.4399 0.2710 0.0099 0.2468 0.0086 0.0228 
   NS_SS0723  2 0.0020 0.7617 0.0688 0.0051 0.0905 0.0363 0.0356 
   NS_SS0940  2 0.0071 0.1236 0.0108 0.1751 0.0431 0.0681 0.5722 
   NS_SS0762  2 0.0028 0.0050 0.0147 0.0067 0.9438 0.0169 0.0101 
   NS_SS0766  2 0.0125 0.0398 0.0061 0.0247 0.5007 0.3736 0.0427 
   NS_SS0724  2 0.0050 0.1287 0.4365 0.0384 0.2053 0.1043 0.0818 
   NS_SS0769  2 0.0045 0.0384 0.1441 0.0210 0.0255 0.6109 0.1557 
   NS_SS0777  2 0.0117 0.0818 0.0486 0.7107 0.0317 0.0819 0.0336 
   NS_SS0734  2 0.0397 0.1265 0.0134 0.4352 0.1307 0.1577 0.0968 
   NS_SS0737  2 0.0056 0.0425 0.0787 0.0161 0.4453 0.0216 0.3902 
   NS_SS0732  2 0.0040 0.9368 0.0214 0.0069 0.0115 0.0089 0.0104 
   NS_SS0728  2 0.0130 0.4277 0.0437 0.0215 0.1121 0.2263 0.1558 
   NS_SS0735  2 0.0058 0.8877 0.0608 0.0109 0.0129 0.0091 0.0128 
   NS_SS0725  2 0.0076 0.0148 0.0151 0.0342 0.4833 0.0121 0.4328 
   NS_SS0788  2 0.0017 0.4639 0.1166 0.0098 0.0306 0.2154 0.1620 
   NS_SS0778  2 0.0016 0.6948 0.0081 0.0180 0.0078 0.0347 0.2351 
   NS_SS0792  2 0.0060 0.0230 0.1677 0.0190 0.0882 0.4473 0.2489 
   NS_SS0943  2 0.0093 0.1958 0.0756 0.6697 0.0109 0.0226 0.0161 
   NS_SS0791  2 0.0117 0.0513 0.0055 0.0551 0.0337 0.0734 0.7694 
   NS_SS0790  2 0.0040 0.0114 0.7664 0.0042 0.2034 0.0049 0.0056 
   NS_SS0731  2 0.0107 0.0160 0.0122 0.0153 0.9248 0.0100 0.0108 
   NS_SS0727  2 0.0025 0.0468 0.0087 0.3847 0.4325 0.1000 0.0247 
   NS_SS0779  2 0.0052 0.8298 0.0153 0.0371 0.0409 0.0432 0.0285 
   NS_SS0776  2 0.0071 0.1240 0.0673 0.1263 0.0389 0.0643 0.5722 
   NS_SS0775  2 0.0053 0.0094 0.0132 0.0089 0.9472 0.0077 0.0082 
   NS_SS0965  3 0.0016 0.3788 0.0659 0.0623 0.0730 0.3726 0.0457 
   NS_SS0754  3 0.0159 0.1661 0.0318 0.2050 0.0610 0.4635 0.0568 
   NS_SS0838  3 0.0514 0.3601 0.0239 0.0247 0.0231 0.0549 0.4619 
   NS_SS0839  3 0.0037 0.0156 0.2404 0.0054 0.0364 0.0290 0.6694 
   NS_SS0832  3 0.0572 0.3695 0.3664 0.0073 0.1149 0.0259 0.0588 
   NS_SS0820  3 0.0061 0.0193 0.0127 0.0034 0.6791 0.0271 0.2523 
   NS_SS0886  3 0.0016 0.8294 0.0268 0.0245 0.0204 0.0533 0.0439 
   NS_SS0748  3 0.0096 0.0313 0.2573 0.5256 0.0692 0.0642 0.0428 
   NS_SS0884  3 0.0236 0.2023 0.4226 0.0258 0.0471 0.1328 0.1458 
   NS_SS0752  3 0.0020 0.5116 0.0744 0.0155 0.1169 0.2390 0.0406 
   NS_SS0862  3 0.0048 0.6139 0.0396 0.0056 0.0176 0.0852 0.2333 
   NS_SS0787  3 0.0067 0.0163 0.0166 0.6176 0.0089 0.3015 0.0325 
   NS_SS0843  3 0.0018 0.8031 0.0320 0.0165 0.0556 0.0767 0.0143 
   NS_SS0856  3 0.0032 0.0958 0.0417 0.0281 0.4790 0.1858 0.1664 
   NS_SS0846  3 0.0036 0.0758 0.4702 0.0366 0.0069 0.2954 0.1115 
   NS_SS0825  3 0.0115 0.1164 0.2787 0.0280 0.0671 0.1192 0.3791 
   NS_SS0757  3 0.0033 0.8473 0.0217 0.0279 0.0119 0.0608 0.0271 
   NS_SS0876  3 0.2155 0.5708 0.1715 0.0099 0.0088 0.0112 0.0123 
   NS_SS0903  3 0.0020 0.4875 0.4817 0.0061 0.0067 0.0073 0.0086 
   NS_SS0875  3 0.0034 0.0131 0.0421 0.0423 0.8300 0.0499 0.0192 
   NS_SS0740  3 0.0024 0.6908 0.0300 0.0203 0.0220 0.2234 0.0110 
   NS_SS0811  3 0.0086 0.2290 0.0774 0.0157 0.6327 0.0154 0.0212 
   NS_SS0751  3 0.0028 0.0529 0.0294 0.0630 0.0610 0.2436 0.5474 
   NS_SS0891  3 0.0067 0.0190 0.2342 0.0119 0.6834 0.0138 0.0310 
   NS_SS0867  3 0.0243 0.0290 0.4039 0.1613 0.0099 0.3398 0.0319 
   NS_SS0890  3 0.0037 0.4801 0.0289 0.0294 0.1145 0.3292 0.0141 
   NS_SS0866  3 0.0058 0.0213 0.0161 0.5639 0.1645 0.0588 0.1696 
   NS_SS0755  3 0.0069 0.0231 0.0352 0.0555 0.6261 0.0668 0.1863 
   NS_SS0758  3 0.0020 0.4282 0.0369 0.0368 0.0165 0.3924 0.0871 
   NS_SS0840  3 0.0023 0.5341 0.1366 0.0080 0.1179 0.0645 0.1366 
   NS_SS0889  3 0.0024 0.0641 0.0747 0.8008 0.0136 0.0181 0.0263 
   NS_SS1010  3 0.0436 0.0239 0.0558 0.0193 0.0211 0.6611 0.1751 
   NS_SS0888  3 0.0017 0.2202 0.0080 0.2781 0.0367 0.4218 0.0336 
   NS_SS0837  3 0.0029 0.2740 0.0797 0.0412 0.4725 0.1046 0.0250 
   NS_SS0794  3 0.0019 0.0091 0.0114 0.9117 0.0197 0.0395 0.0067 
   NS_SS0823  3 0.0037 0.0451 0.7952 0.0101 0.0300 0.0220 0.0939 
   NS_SS0829  3 0.1063 0.2773 0.0268 0.3758 0.0085 0.1965 0.0088 
   NS_SS0844  3 0.0014 0.0067 0.9707 0.0023 0.0062 0.0075 0.0052 
   NS_SS1008  3 0.0106 0.0913 0.0134 0.1851 0.6390 0.0473 0.0133 
   NS_SS0881  3 0.0025 0.0189 0.0109 0.0267 0.0777 0.0149 0.8484 
   NS_SS0834  3 0.0048 0.0088 0.2406 0.0097 0.0239 0.0241 0.6881 
   NS_SS0744  3 0.0067 0.7580 0.0455 0.0181 0.0081 0.0302 0.1334 
   NS_SS0899  3 0.0015 0.1245 0.7357 0.0068 0.0456 0.0151 0.0710 
   NS_SS0804  3 0.0051 0.0535 0.5118 0.0070 0.0805 0.0344 0.3078 
   NS_SS0781  3 0.0027 0.0451 0.7647 0.0043 0.0159 0.0382 0.1291 
   NS_SS0822  3 0.0020 0.0632 0.0669 0.8031 0.0095 0.0168 0.0386 
   NS_SS1004  3 0.0039 0.5732 0.1986 0.0637 0.0106 0.1063 0.0436 
   NS_SS0746  3 0.0168 0.0354 0.2200 0.4284 0.1169 0.1590 0.0235 
   NS_SS0880  3 0.0020 0.3717 0.0151 0.0174 0.0136 0.0098 0.5704 
   NS_SS0879  3 0.0151 0.0319 0.7301 0.0321 0.1048 0.0408 0.0453 
   NS_SS0753  3 0.0084 0.1406 0.0720 0.2380 0.0149 0.5178 0.0083 
   NS_SS1007  3 0.0016 0.1231 0.0085 0.0139 0.0975 0.3558 0.3996 
   NS_SS0872  3 0.0020 0.0758 0.7939 0.0170 0.0371 0.0554 0.0188 
   NS_SS1005  3 0.0012 0.0877 0.7899 0.0315 0.0184 0.0349 0.0364 
   NS_SS0892  3 0.0020 0.1319 0.0423 0.0679 0.0357 0.5219 0.1983 
   NS_SS0898  3 0.0053 0.0067 0.0339 0.6914 0.1810 0.0522 0.0295 
   NS_SS0801  3 0.0106 0.0334 0.0409 0.0109 0.0157 0.0241 0.8645 
   NS_SS0827  3 0.1137 0.0523 0.0248 0.0429 0.2042 0.5545 0.0076 
   NS_SS0853  3 0.0058 0.0426 0.1272 0.0121 0.4566 0.3462 0.0094 
   NS_SS0780  3 0.0041 0.0399 0.0187 0.0049 0.0144 0.1450 0.7730 
   NS_SS0826  3 0.0031 0.0173 0.9353 0.0145 0.0068 0.0057 0.0172 
   NS_SS0818  3 0.0016 0.0196 0.0497 0.0281 0.0713 0.1444 0.6853 
   NS_SS0745  3 0.0018 0.0107 0.0094 0.0181 0.9371 0.0057 0.0171 
   NS_SS0849  3 0.0017 0.9510 0.0100 0.0103 0.0136 0.0061 0.0073 
   NS_SS0739  3 0.0128 0.3999 0.0126 0.0337 0.1800 0.0378 0.3232 
   NS_SS0799  3 0.0013 0.2604 0.0107 0.0625 0.0296 0.5979 0.0375 
   NS_SS0756  3 0.0034 0.0138 0.9361 0.0108 0.0081 0.0110 0.0168 
   NS_SS0802  3 0.2142 0.2561 0.0268 0.1041 0.0080 0.0640 0.3268 
   NS_SS0747  3 0.0052 0.8639 0.0625 0.0063 0.0091 0.0323 0.0208 
   NS_SS0835  3 0.0011 0.0403 0.0222 0.2228 0.0808 0.6179 0.0149 
   NS_SS0742  3 0.0011 0.0830 0.0327 0.0093 0.0128 0.0127 0.8484 
   NS_SS0760  3 0.0564 0.0148 0.0237 0.7529 0.0189 0.1002 0.0331 
   NS_SS0803  3 0.0058 0.0106 0.9644 0.0046 0.0039 0.0078 0.0028 
   NS_SS0828  3 0.0014 0.1259 0.0654 0.0308 0.1198 0.5999 0.0569 
   NS_SS0865  3 0.0256 0.2735 0.0113 0.0165 0.0294 0.0152 0.6285 
   NS_SS0759  3 0.0049 0.7234 0.0182 0.0108 0.0414 0.0291 0.1722 
   NS_SS0851  3 0.0149 0.0194 0.0208 0.0113 0.9066 0.0066 0.0204 
   NS_SS0874  3 0.0012 0.0336 0.9252 0.0047 0.0149 0.0102 0.0101 
   NS_SS0761  3 0.0026 0.0899 0.0422 0.3487 0.0335 0.4549 0.0281 
   NS_SS0842  3 0.0093 0.0333 0.0615 0.1250 0.7291 0.0160 0.0260 
   NS_SS0785  3 0.0052 0.8425 0.0369 0.0364 0.0102 0.0547 0.0141 
   NS_SS0860  3 0.0023 0.2231 0.0392 0.0368 0.0096 0.6748 0.0143 
   NS_SS0897  3 0.0017 0.0161 0.0116 0.9059 0.0187 0.0246 0.0215 
   NS_SS0841  3 0.0042 0.2218 0.0720 0.0831 0.4221 0.0324 0.1644 
   NS_SS0797  3 0.0296 0.0146 0.0088 0.3999 0.1164 0.2814 0.1492 
   NS_SS0830  3 0.0023 0.2158 0.1005 0.2962 0.1556 0.0854 0.1443 
   NS_SS1011  3 0.0045 0.0114 0.0317 0.0040 0.0044 0.0070 0.9370 
   NS_SS0883  3 0.0055 0.7242 0.0248 0.0181 0.0387 0.1751 0.0136 
   NS_SS0782  3 0.0026 0.4427 0.0440 0.3351 0.0893 0.0389 0.0474 
   NS_SS0831  3 0.0031 0.7639 0.0161 0.1202 0.0118 0.0761 0.0089 
   NS_SS0749  3 0.0044 0.8614 0.0064 0.0244 0.0087 0.0787 0.0159 
   NS_SS0854  3 0.0033 0.2243 0.0219 0.0455 0.0441 0.5279 0.1330 
   HI_SS0193  4 0.0016 0.0082 0.0067 0.9215 0.0075 0.0096 0.0449 
   HI_SS0194  4 0.0017 0.0225 0.2310 0.0346 0.0690 0.0112 0.6299 
   HI_SS0195  4 0.0939 0.8051 0.0176 0.0066 0.0094 0.0164 0.0511 
   HI_SS0196  4 0.0041 0.3980 0.0623 0.4023 0.1025 0.0127 0.0181 
   HI_SS0197  4 0.0090 0.0073 0.0130 0.0038 0.0074 0.0121 0.9475 
   HI_SS0198  4 0.0086 0.9016 0.0130 0.0166 0.0193 0.0106 0.0303 
   HI_SS0199  4 0.0019 0.0138 0.0093 0.0082 0.0058 0.9547 0.0063 
   HI_SS0201  4 0.0023 0.0252 0.0375 0.4642 0.0072 0.4345 0.0292 
   HI_SS0215  4 0.0034 0.0237 0.0441 0.1017 0.0075 0.7918 0.0277 
   HI_SS0218  4 0.0053 0.0051 0.0064 0.2845 0.0085 0.6851 0.0053 
   HI_SS0222  4 0.0047 0.4200 0.0181 0.1137 0.3479 0.0327 0.0628 
   HI_SS0230  4 0.0062 0.1672 0.0400 0.0256 0.4343 0.2550 0.0717 
   HI_SS0234  4 0.1433 0.0163 0.7738 0.0138 0.0236 0.0110 0.0181 
   HI_SS0240  4 0.0084 0.0682 0.0097 0.0083 0.0232 0.6971 0.1851 
   HI_SS0241  4 0.0022 0.0107 0.0179 0.0251 0.0150 0.6856 0.2435 
   HI_SS0242  4 0.0031 0.0608 0.0372 0.0727 0.5551 0.2522 0.0189 
   HI_SS0247  4 0.0115 0.0031 0.9612 0.0064 0.0042 0.0048 0.0089 
   HI_SS0248  4 0.0011 0.0180 0.0122 0.9322 0.0168 0.0142 0.0056 
   HI_SS0252  4 0.0019 0.0141 0.0404 0.0232 0.0188 0.0101 0.8916 
   HI_SS0254  4 0.0954 0.0274 0.0485 0.4166 0.0091 0.0360 0.3671 
   HI_SS0256  4 0.0012 0.0071 0.9455 0.0036 0.0279 0.0071 0.0076 
   HI_SS0257  4 0.0029 0.0506 0.3546 0.0451 0.0198 0.4865 0.0405 
   HI_SS0258  4 0.0043 0.0093 0.0142 0.8767 0.0154 0.0664 0.0138 
   HI_SS0259  4 0.0026 0.0062 0.0149 0.0050 0.0151 0.0157 0.9406 
   HI_SS0260  4 0.0016 0.0413 0.0358 0.3626 0.1164 0.4219 0.0205 
   HI_SS0261  4 0.0024 0.0567 0.0743 0.2160 0.0681 0.0801 0.5024 
   HI_SS0262  4 0.0076 0.4733 0.0194 0.0107 0.3169 0.1094 0.0626 
   HI_SS0264  4 0.0046 0.0275 0.1445 0.0487 0.2729 0.0963 0.4055 
   HI_SS0265  4 0.1106 0.0508 0.1159 0.0101 0.6202 0.0401 0.0523 
   HI_SS0268  4 0.0029 0.0527 0.0436 0.0718 0.0557 0.5203 0.2530 
   HI_SS0269  4 0.0016 0.1215 0.0566 0.4906 0.0149 0.0977 0.2171 
   HI_SS0273  4 0.0018 0.0101 0.0352 0.4613 0.0180 0.4485 0.0251 
   HI_SS0277  4 0.0022 0.0559 0.0497 0.0098 0.0243 0.0260 0.8321 
   HI_SS0280  4 0.0049 0.0430 0.0056 0.0261 0.0648 0.0395 0.8161 
   HI_SS0282  4 0.0013 0.6574 0.0168 0.2914 0.0057 0.0097 0.0177 
   HI_SS0286  4 0.0083 0.3821 0.0500 0.1074 0.0756 0.3140 0.0627 
   NS_SS1252  5 0.0038 0.1132 0.0338 0.5174 0.0270 0.2786 0.0261 
   NS_SS1261  5 0.0151 0.2190 0.5062 0.0307 0.0351 0.0457 0.1482 
   NS_SS1225  5 0.0699 0.0575 0.6942 0.0101 0.0060 0.1401 0.0222 
   NS_SS1266  5 0.0086 0.0108 0.9362 0.0044 0.0093 0.0084 0.0223 
   NS_SS1228  5 0.0182 0.0253 0.0481 0.0131 0.2013 0.1532 0.5407 
   NS_SS1255  5 0.0015 0.0274 0.0254 0.2032 0.7079 0.0060 0.0286 
   NS_SS1267  5 0.0114 0.0320 0.0056 0.1066 0.0163 0.8191 0.0089 
   NS_SS1238  5 0.0026 0.0560 0.0160 0.7142 0.0198 0.0083 0.1831 
   NS_SS1233  5 0.0023 0.0489 0.2990 0.3636 0.1210 0.0213 0.1438 
   NS_SS1277  5 0.0009 0.0155 0.0061 0.9083 0.0462 0.0133 0.0096 
   NS_SS1245  5 0.0023 0.1962 0.1836 0.4453 0.0573 0.0761 0.0393 
   NS_SS1240  5 0.0019 0.0172 0.0087 0.5188 0.0075 0.4313 0.0145 
   NS_SS1275  5 0.0025 0.0082 0.0341 0.0040 0.1536 0.0062 0.7913 
   NS_SS1235  5 0.0049 0.0115 0.8183 0.0393 0.0437 0.0428 0.0394 
   NS_SS1263  5 0.0010 0.0089 0.9418 0.0117 0.0193 0.0119 0.0053 
   NS_SS1251  5 0.0013 0.0100 0.9470 0.0075 0.0128 0.0116 0.0098 
   NS_SS1248  5 0.1324 0.0204 0.0325 0.7340 0.0118 0.0112 0.0577 
   NS_SS1244  5 0.0041 0.0164 0.1028 0.0499 0.0035 0.0120 0.8113 
   NS_SS1257  5 0.0281 0.0958 0.0219 0.0788 0.0282 0.7140 0.0333 
   NS_SS1242  5 0.0025 0.0269 0.0416 0.0102 0.9053 0.0049 0.0087 
   NS_SS1271  5 0.0342 0.0198 0.0103 0.6717 0.0784 0.1448 0.0408 
   NS_SS1265  5 0.0248 0.0494 0.0366 0.7833 0.0394 0.0487 0.0178 
   NS_SS1243  5 0.1008 0.1312 0.0101 0.2321 0.3631 0.0278 0.1350 
   NS_SS1273  5 0.0075 0.0093 0.0209 0.0297 0.9087 0.0091 0.0148 
   NS_SS1254  5 0.0059 0.0180 0.4422 0.0147 0.3235 0.0583 0.1374 
   NS_SS1224  5 0.0075 0.3527 0.3914 0.0107 0.0500 0.1057 0.0822 
   NS_SS1227  5 0.0017 0.0102 0.0047 0.0340 0.2547 0.6810 0.0137 
   NS_SS1274  5 0.0158 0.4160 0.0406 0.0386 0.0176 0.3169 0.1545 
   NS_SS1241  5 0.0011 0.0281 0.0325 0.7681 0.0145 0.1301 0.0257 
   NS_SS1256  5 0.0444 0.0262 0.5624 0.1122 0.0404 0.0629 0.1515 
   NS_SS1260  5 0.0622 0.0455 0.0141 0.0120 0.0212 0.8264 0.0184 
   NS_SS1262  5 0.1592 0.0244 0.4974 0.1053 0.0135 0.1583 0.0419 
   NS_SS1230  5 0.0097 0.0205 0.0644 0.5851 0.0516 0.2540 0.0147 
   NS_SS1270  5 0.0021 0.4025 0.1972 0.0523 0.0182 0.0441 0.2836 
   NS_SS1229  5 0.0045 0.0340 0.7635 0.0075 0.0068 0.0742 0.1093 
   NS_SS1246  5 0.0026 0.0319 0.0238 0.0618 0.0138 0.0945 0.7716 
   NS_SS1269  5 0.0023 0.4065 0.0171 0.0192 0.0152 0.4203 0.1194 
   NS_SS1239  5 0.0050 0.9105 0.0085 0.0123 0.0307 0.0194 0.0137 
   NS_SS1272  5 0.0051 0.0115 0.2490 0.0149 0.0422 0.0141 0.6632 
   NS_SS1268  5 0.0020 0.5863 0.1587 0.0484 0.0735 0.1186 0.0126 
   NS_SS1249  5 0.0143 0.0129 0.0261 0.7835 0.0352 0.1073 0.0207 
   HI_SS0559  6 0.0016 0.1360 0.0368 0.0652 0.0967 0.6507 0.0130 
   HI_SS0563  6 0.0028 0.5003 0.1802 0.1868 0.0119 0.0855 0.0325 
   HI_SS0564  6 0.0495 0.7211 0.0403 0.0126 0.0368 0.0147 0.1251 
   HI_SS0565  6 0.0040 0.0636 0.1468 0.0928 0.0354 0.4409 0.2165 
   HI_SS0569  6 0.0023 0.0378 0.0276 0.4928 0.0053 0.4050 0.0290 
   HI_SS0570  6 0.0323 0.0203 0.0057 0.9014 0.0159 0.0098 0.0146 
   HI_SS0572  6 0.0021 0.0606 0.1861 0.0163 0.6426 0.0293 0.0629 
   HI_SS0576  6 0.0080 0.1449 0.0633 0.0291 0.6208 0.0423 0.0915 
   HI_SS0579  6 0.0170 0.0821 0.4553 0.2173 0.0084 0.2086 0.0113 
   HI_SS0580  6 0.0049 0.0752 0.0196 0.0427 0.8091 0.0375 0.0110 
   HI_SS0581  6 0.0634 0.0278 0.0121 0.0082 0.0154 0.0094 0.8638 
   HI_SS0583  6 0.0025 0.0325 0.1412 0.1092 0.2431 0.4403 0.0312 
   HI_SS0586  6 0.0010 0.0177 0.0054 0.5897 0.0115 0.3675 0.0071 
   HI_SS0588  6 0.0170 0.0145 0.0106 0.0488 0.0099 0.8938 0.0053 
   HI_SS0595  6 0.0315 0.0113 0.0236 0.0661 0.2562 0.4725 0.1388 
   HI_SS0596  6 0.0018 0.0047 0.0144 0.0094 0.9542 0.0057 0.0099 
   HI_SS0597  6 0.0022 0.1401 0.4142 0.0180 0.1612 0.0457 0.2186 
   HI_SS0600  6 0.0030 0.0777 0.0233 0.0082 0.0048 0.4039 0.4791 
   HI_SS0601  6 0.0123 0.1453 0.6837 0.0129 0.0092 0.1238 0.0129 
   HI_SS0602  6 0.0021 0.0154 0.0067 0.0057 0.0095 0.9531 0.0075 
   HI_SS0604  6 0.0017 0.7434 0.0420 0.0920 0.0614 0.0306 0.0289 
   HI_SS0605  6 0.0055 0.9337 0.0043 0.0148 0.0166 0.0140 0.0111 
   HI_SS0608  6 0.0010 0.0199 0.0089 0.0883 0.8356 0.0333 0.0129 
   HI_SS0609  6 0.0009 0.0157 0.8908 0.0216 0.0381 0.0115 0.0214 
   HI_SS0611  6 0.0028 0.8811 0.0137 0.0392 0.0363 0.0202 0.0067 
   HI_SS0612  6 0.0045 0.0099 0.8125 0.0145 0.0057 0.1288 0.0241 
   HI_SS0613  6 0.0014 0.9320 0.0092 0.0084 0.0279 0.0120 0.0091 
   HI_SS0615  6 0.0120 0.4706 0.0534 0.0101 0.2643 0.0497 0.1400 
   HI_SS0001  6 0.0040 0.0067 0.0107 0.0637 0.0172 0.0167 0.8811 
   HI_SS0002  6 0.0298 0.0108 0.4979 0.0105 0.0450 0.3903 0.0156 
   HI_SS0004  6 0.0059 0.0183 0.0094 0.7448 0.0682 0.0364 0.1171 
   HI_SS0005  6 0.0071 0.1383 0.0191 0.0501 0.1738 0.4704 0.1412 
   HI_SS0006  6 0.0019 0.4747 0.2247 0.0798 0.0157 0.1632 0.0400 
   HI_SS0007  6 0.0028 0.0478 0.0047 0.9164 0.0123 0.0072 0.0089 
   HI_SS0008  6 0.0396 0.1410 0.0409 0.0359 0.0442 0.6772 0.0213 
   HI_SS0009  6 0.0041 0.0136 0.0114 0.0628 0.8864 0.0095 0.0121 
   HI_SS0010  6 0.0045 0.0315 0.0451 0.6957 0.0826 0.1095 0.0312 
   HI_SS0011  6 0.0944 0.0130 0.6311 0.0469 0.0540 0.0152 0.1454 
   HI_SS0012  6 0.0060 0.2927 0.3854 0.0057 0.0550 0.1448 0.1105 
   HI_SS0017  6 0.0017 0.0108 0.0870 0.2610 0.4345 0.0052 0.1998 
   HI_SS0021  6 0.2430 0.0070 0.0171 0.4404 0.2403 0.0450 0.0072 
   HI_SS0024  6 0.0026 0.0241 0.0203 0.1571 0.2336 0.0133 0.5490 
   HI_SS0025  6 0.0027 0.0074 0.0072 0.0048 0.9690 0.0054 0.0035 
   HI_SS0027  6 0.0169 0.1407 0.0194 0.7489 0.0134 0.0430 0.0178 
   HI_SS0028  6 0.0019 0.0183 0.0191 0.0058 0.8434 0.0911 0.0205 
   HI_SS0029  6 0.0080 0.0319 0.0421 0.0211 0.8651 0.0156 0.0161 
   HI_SS0030  6 0.0052 0.0705 0.0123 0.0907 0.0237 0.1554 0.6421 
   HI_SS0031  6 0.0029 0.0295 0.0087 0.0053 0.0195 0.9188 0.0153 
   HI_SS0034  6 0.0053 0.0499 0.0295 0.5902 0.0109 0.2856 0.0285 
   HI_SS0036  6 0.0103 0.0106 0.0037 0.1923 0.1571 0.0378 0.5882 
   HI_SS0037  6 0.0047 0.1102 0.0104 0.4014 0.3267 0.0932 0.0534 
   HI_SS0039  6 0.0029 0.0171 0.0065 0.2933 0.0667 0.4771 0.1364 
   HI_SS0041  6 0.0016 0.0568 0.0178 0.0075 0.7115 0.0070 0.1978 
   HI_SS0042  6 0.1296 0.0640 0.0911 0.0056 0.6506 0.0073 0.0518 
   HI_SS0043  6 0.0028 0.5219 0.0101 0.3372 0.0083 0.0804 0.0394 
   HI_SS0044  6 0.0020 0.0089 0.0058 0.0471 0.8955 0.0290 0.0117 
   HI_SS0047  6 0.0022 0.5910 0.0652 0.0309 0.0375 0.1299 0.1432 
   HI_SS0049  6 0.0032 0.0118 0.0162 0.0301 0.8776 0.0141 0.0470 
   HI_SS0051  6 0.0021 0.9572 0.0082 0.0103 0.0085 0.0082 0.0056 
   HI_SS0053  6 0.0034 0.0344 0.0085 0.1600 0.0144 0.4100 0.3692 
   HI_SS0054  6 0.0040 0.0106 0.0350 0.7941 0.0078 0.1169 0.0315 
   HI_SS0057  6 0.0033 0.0958 0.0172 0.1352 0.0177 0.0094 0.7214 
   HI_SS0058  6 0.0049 0.0184 0.8700 0.0275 0.0104 0.0600 0.0088 
   HI_SS0060  6 0.0811 0.0156 0.0949 0.1868 0.0122 0.0843 0.5251 
   HI_SS0087  6 0.0026 0.2277 0.3177 0.1288 0.0126 0.2271 0.0834 
   HI_SS0091  6 0.0012 0.0256 0.0192 0.0273 0.0048 0.3629 0.5590 
   HI_SS0095  6 0.0538 0.0688 0.0522 0.0091 0.0122 0.6723 0.1317 
   HI_SS0097  6 0.0045 0.0406 0.9216 0.0092 0.0050 0.0100 0.0091 
   HI_SS0099  6 0.0032 0.0079 0.0075 0.0068 0.9549 0.0141 0.0057 
   HI_SS0103  6 0.0039 0.4859 0.2299 0.0161 0.0444 0.0222 0.1977 
   HI_SS0105  6 0.0250 0.0139 0.0125 0.0086 0.0052 0.0473 0.8875 
   HI_SS0107  6 0.0011 0.0340 0.1575 0.0147 0.6389 0.0064 0.1474 
   HI_SS0108  6 0.0209 0.0176 0.0076 0.9144 0.0046 0.0234 0.0116 
   HI_SS0110  6 0.0011 0.0521 0.0987 0.0083 0.0118 0.0677 0.7601 
   HI_SS0111  6 0.0278 0.6619 0.1857 0.0162 0.0174 0.0403 0.0508 
   HI_SS0112  6 0.0011 0.0083 0.0048 0.9675 0.0049 0.0085 0.0048 
   HI_SS0113  6 0.0046 0.0832 0.1414 0.0125 0.0435 0.0107 0.7040 
   HI_SS0114  6 0.0048 0.0285 0.0072 0.0273 0.0092 0.8989 0.0241 
   HI_SS0115  6 0.0145 0.2978 0.0139 0.0523 0.4941 0.1200 0.0074 
   HI_SS0116  6 0.0023 0.0096 0.0073 0.0303 0.9313 0.0151 0.0042 
   HI_SS0117  6 0.0018 0.0142 0.5487 0.0357 0.0048 0.3686 0.0261 
   HI_SS0118  6 0.0157 0.0382 0.0463 0.0638 0.6894 0.0838 0.0629 
   HI_SS0119  6 0.0021 0.0997 0.0427 0.0470 0.0038 0.0694 0.7353 
   HI_SS0120  6 0.0034 0.0135 0.2019 0.0105 0.0459 0.0076 0.7172 
   HI_SS0121  6 0.0013 0.0477 0.8074 0.0052 0.0283 0.0358 0.0742 
   HI_SS0122  6 0.0219 0.0380 0.0510 0.0916 0.1229 0.0368 0.6377 
   HI_SS0123  6 0.0041 0.6740 0.0514 0.0072 0.0115 0.0609 0.1910 
   HI_SS0124  6 0.0029 0.0219 0.0497 0.0143 0.7978 0.0499 0.0635 
   HI_SS0125  6 0.0412 0.0120 0.0140 0.0058 0.0739 0.3225 0.5306 
   HI_SS0126  6 0.0008 0.0050 0.0101 0.9180 0.0324 0.0232 0.0104 
   HI_SS0127  6 0.0083 0.9151 0.0090 0.0128 0.0130 0.0314 0.0105 
   HI_SS0128  6 0.0034 0.0126 0.2074 0.1488 0.1049 0.4555 0.0674 
   HI_SS0129  6 0.0112 0.3959 0.0107 0.1612 0.0551 0.0360 0.3297 
   HI_SS0131  6 0.0292 0.0073 0.0467 0.8613 0.0334 0.0150 0.0073 
   HI_SS0132  6 0.0006 0.0359 0.0400 0.1267 0.0239 0.0140 0.7588 
   HI_SS0133  6 0.0011 0.0036 0.0025 0.9768 0.0035 0.0058 0.0067 
   HI_SS0134  6 0.0016 0.1845 0.0816 0.1593 0.0744 0.3462 0.1524 
   HI_SS0142  6 0.0191 0.0255 0.2646 0.0064 0.0092 0.5552 0.1200 
   HI_SS0145  6 0.0014 0.0860 0.7692 0.0872 0.0106 0.0376 0.0080 
   HI_SS0146  6 0.0011 0.0094 0.0106 0.9141 0.0162 0.0358 0.0127 
   HI_SS0147  6 0.0253 0.5464 0.3726 0.0079 0.0279 0.0095 0.0104 
   HI_SS0149  6 0.0032 0.0049 0.0141 0.0141 0.0045 0.0054 0.9537 
   HI_SS0150  6 0.0048 0.0192 0.0224 0.0107 0.1714 0.0713 0.7002 
   HI_SS0151  6 0.0114 0.9435 0.0072 0.0107 0.0102 0.0086 0.0084 
   NS_SS1451  6 0.0034 0.0267 0.0139 0.0102 0.0724 0.0201 0.8533 
   NS_SS1404  6 0.0101 0.0182 0.0485 0.0262 0.8279 0.0170 0.0521 
   NS_SS1432  6 0.0391 0.0164 0.0085 0.0045 0.7181 0.0081 0.2053 
   NS_SS1405  6 0.0030 0.0154 0.0921 0.4088 0.4553 0.0122 0.0132 
   NS_SS1431  6 0.0011 0.0075 0.1272 0.0149 0.0435 0.0113 0.7945 
   NS_SS1402  6 0.0023 0.1176 0.5631 0.0090 0.0290 0.2360 0.0431 
   NS_SS1450  6 0.0033 0.0140 0.0059 0.1080 0.0160 0.0706 0.7821 
   NS_SS1396  6 0.0072 0.5868 0.0650 0.0624 0.1517 0.0438 0.0830 
   NS_SS1393  6 0.0025 0.5414 0.0084 0.0078 0.0283 0.3991 0.0125 
   NS_SS1392  6 0.0191 0.0352 0.0089 0.0281 0.4795 0.2256 0.2035 
   NS_SS1445  6 0.0086 0.0149 0.0678 0.4325 0.0175 0.4107 0.0479 
   NS_SS1423  6 0.0014 0.0332 0.2961 0.2693 0.0183 0.2438 0.1380 
   NS_SS1421  6 0.0767 0.0133 0.0356 0.4232 0.0090 0.0103 0.4319 
   NS_SS1411  6 0.0017 0.0482 0.0074 0.9068 0.0123 0.0106 0.0130 
   NS_SS1453  6 0.0067 0.2637 0.0223 0.0757 0.0398 0.0640 0.5278 
   NS_SS1442  6 0.0040 0.0624 0.5363 0.3047 0.0315 0.0464 0.0147 
   NS_SS1422  6 0.0103 0.0159 0.9022 0.0189 0.0139 0.0193 0.0195 
   NS_SS1419  6 0.1698 0.0610 0.6978 0.0112 0.0312 0.0121 0.0168 
   NS_SS1427  6 0.0017 0.0063 0.0062 0.7084 0.0189 0.1341 0.1243 
   NS_SS1444  6 0.0040 0.1749 0.0983 0.0206 0.6729 0.0139 0.0153 
   NS_SS1455  6 0.0014 0.0215 0.8864 0.0172 0.0466 0.0078 0.0191 
   NS_SS1425  6 0.0012 0.3253 0.0051 0.6386 0.0047 0.0169 0.0082 
   NS_SS1400  6 0.0016 0.0039 0.0194 0.9307 0.0168 0.0223 0.0052 
   NS_SS1406  6 0.0067 0.0227 0.6743 0.0054 0.0148 0.0149 0.2613 
   NS_SS1417  6 0.0049 0.0301 0.8339 0.0817 0.0206 0.0104 0.0185 
   NS_SS1454  6 0.0013 0.0101 0.0077 0.0340 0.0097 0.0387 0.8984 
   NS_SS1412  6 0.0249 0.4636 0.1175 0.1572 0.0372 0.1288 0.0708 
   NS_SS1438  6 0.0013 0.1419 0.0613 0.5350 0.0155 0.2191 0.0260 
   NS_SS1416  6 0.0050 0.8686 0.0161 0.0050 0.0136 0.0062 0.0855 
   NS_SS1401  6 0.0124 0.0183 0.2668 0.0311 0.0696 0.0239 0.5779 
   NS_SS1424  6 0.0149 0.0319 0.3616 0.3464 0.0354 0.0676 0.1423 
   NS_SS1435  6 0.0026 0.0155 0.0082 0.3966 0.0431 0.5058 0.0281 
   NS_SS1447  6 0.0067 0.0546 0.0951 0.0520 0.6927 0.0181 0.0807 
   NS_SS1414  6 0.0086 0.0075 0.0699 0.0143 0.8783 0.0100 0.0115 
   NS_SS1449  6 0.0031 0.0080 0.0469 0.0067 0.0032 0.0131 0.9189 
   NS_SS1443  6 0.0017 0.0253 0.0160 0.0443 0.0054 0.8964 0.0109 
   NS_SS1434  6 0.0010 0.0554 0.0287 0.6118 0.1042 0.0298 0.1691 
   NS_SS1398  6 0.0165 0.0685 0.0116 0.0339 0.3758 0.2931 0.2006 
   NS_SS1426  6 0.0021 0.1718 0.0072 0.4786 0.0066 0.3121 0.0216 
   NS_SS1413  6 0.0084 0.0051 0.0058 0.9574 0.0092 0.0081 0.0061 
   NS_SS1395  6 0.0099 0.0262 0.0075 0.0189 0.0065 0.7051 0.2259 
   NS_SS1448  6 0.0024 0.0184 0.0058 0.8016 0.0218 0.0072 0.1428 
   NS_SS1446  6 0.0026 0.0167 0.4399 0.0502 0.0169 0.0492 0.4245 
   NS_SS1403  6 0.0059 0.0200 0.0945 0.0096 0.0269 0.5487 0.2944 
   NS_SS1415  6 0.0098 0.0107 0.0096 0.9396 0.0091 0.0153 0.0058 
   NS_SS1437  6 0.0082 0.0224 0.2440 0.0375 0.5543 0.0492 0.0844 
   NS_SS1439  6 0.0025 0.0610 0.0380 0.0051 0.0131 0.8590 0.0214 
   NS_SS1441  6 0.0020 0.0184 0.0310 0.0710 0.0227 0.8130 0.0419 
   NS_SS1420  6 0.0028 0.0450 0.0118 0.0054 0.9229 0.0060 0.0061 
   NS_SS1394  6 0.0339 0.7246 0.0170 0.0083 0.1255 0.0120 0.0787 
   NS_SS1391  6 0.0101 0.0111 0.0110 0.0544 0.2549 0.6417 0.0168 
   NS_SS1410  6 0.0165 0.0272 0.2826 0.0504 0.2745 0.0288 0.3200 
   NS_SS1408  6 0.0629 0.1557 0.0359 0.0117 0.0102 0.0831 0.6403 
   NS_SS1409  6 0.0032 0.0813 0.2165 0.0599 0.0234 0.4688 0.1469 
   HI_SS0617  7 0.0014 0.4529 0.1435 0.0151 0.2148 0.0564 0.1160 
   HI_SS0618  7 0.0025 0.9593 0.0127 0.0050 0.0070 0.0077 0.0058 
   HI_SS0619  7 0.0032 0.0145 0.0076 0.0165 0.9251 0.0178 0.0153 
   HI_SS0620  7 0.0032 0.0453 0.0113 0.8910 0.0093 0.0304 0.0096 
   HI_SS0621  7 0.0127 0.0521 0.6517 0.0185 0.1605 0.0375 0.0670 
   HI_SS0622  7 0.0117 0.0228 0.7268 0.1428 0.0749 0.0134 0.0076 
   HI_SS0626  7 0.0080 0.0882 0.0153 0.0188 0.7641 0.0817 0.0238 
   HI_SS0627  7 0.0086 0.0461 0.0384 0.0169 0.1077 0.0095 0.7728 
   HI_SS0628  7 0.0589 0.0550 0.0122 0.4258 0.1834 0.0427 0.2219 
   HI_SS0629  7 0.0056 0.0221 0.3792 0.0157 0.0255 0.5361 0.0158 
   HI_SS0630  7 0.0630 0.1181 0.0104 0.5095 0.1917 0.0746 0.0326 
   HI_SS0631  7 0.0010 0.0151 0.0240 0.8417 0.0182 0.0843 0.0157 
   HI_SS0632  7 0.0037 0.1074 0.0201 0.7025 0.0587 0.0106 0.0970 
   HI_SS0633  7 0.0033 0.0049 0.0130 0.0059 0.9589 0.0091 0.0049 
   HI_SS0634  7 0.0018 0.0096 0.0051 0.0153 0.0078 0.0112 0.9491 
   HI_SS0635  7 0.0079 0.0222 0.3524 0.0591 0.1921 0.3445 0.0219 
   HI_SS0637  7 0.0026 0.9590 0.0104 0.0039 0.0055 0.0122 0.0064 
   HI_SS0638  7 0.0013 0.0766 0.0261 0.8358 0.0182 0.0131 0.0289 
   HI_SS0639  7 0.0601 0.2163 0.0204 0.0079 0.1467 0.1638 0.3848 
   HI_SS0640  7 0.0016 0.0661 0.0246 0.0817 0.0807 0.7385 0.0068 
   HI_SS0641  7 0.0037 0.0121 0.0089 0.0674 0.5793 0.3227 0.0059 
   HI_SS0642  7 0.0019 0.0033 0.0042 0.0044 0.0050 0.0051 0.9760 
   HI_SS0645  7 0.0007 0.1735 0.0168 0.0131 0.7739 0.0052 0.0166 
   HI_SS0646  7 0.0028 0.0221 0.0299 0.0115 0.0107 0.7692 0.1538 
   HI_SS0647  7 0.0015 0.0157 0.0149 0.4827 0.0662 0.0184 0.4006 
   HI_SS0648  7 0.0033 0.0605 0.2690 0.1277 0.2806 0.1504 0.1085 
   HI_SS0649  7 0.0020 0.0667 0.0442 0.0082 0.7297 0.1160 0.0333 
   HI_SS0650  7 0.0034 0.9031 0.0096 0.0081 0.0149 0.0360 0.0249 
   HI_SS0651  7 0.0041 0.3540 0.0949 0.0110 0.0436 0.4806 0.0118 
   HI_SS0652  7 0.0036 0.0211 0.0054 0.0091 0.9255 0.0126 0.0227 
   NS_SS1371  7 0.0050 0.0535 0.0111 0.0066 0.0097 0.9049 0.0092 
   NS_SS1374  7 0.0026 0.0256 0.0083 0.3494 0.0667 0.0166 0.5307 
   NS_SS1337  7 0.0031 0.0165 0.0116 0.0112 0.0070 0.0070 0.9436 
   NS_SS1385  7 0.0042 0.0590 0.5832 0.0517 0.0335 0.2361 0.0323 
   NS_SS1388  7 0.0062 0.0087 0.0083 0.0140 0.9423 0.0127 0.0078 
   NS_SS1370  7 0.0077 0.8858 0.0131 0.0133 0.0083 0.0064 0.0654 
   NS_SS1389  7 0.0028 0.0042 0.0110 0.0075 0.9628 0.0061 0.0055 
   NS_SS1360  7 0.0059 0.2152 0.0112 0.4482 0.0228 0.2853 0.0115 
   NS_SS1330  7 0.0031 0.7587 0.1438 0.0082 0.0269 0.0274 0.0318 
   NS_SS1328  7 0.0023 0.0068 0.0073 0.9179 0.0131 0.0094 0.0432 
   NS_SS1384  7 0.0035 0.0103 0.0088 0.0061 0.0061 0.9566 0.0086 
   NS_SS1381  7 0.0010 0.1003 0.7780 0.0216 0.0180 0.0122 0.0690 
   NS_SS1375  7 0.0012 0.0268 0.0082 0.0209 0.8525 0.0442 0.0462 
   NS_SS1319  7 0.0837 0.0132 0.0075 0.0092 0.0147 0.6364 0.2353 
   NS_SS1326  7 0.0077 0.0071 0.0071 0.9374 0.0154 0.0068 0.0185 
   NS_SS1341  7 0.0042 0.0081 0.0097 0.0131 0.0045 0.0273 0.9331 
   NS_SS1383  7 0.0033 0.0793 0.0123 0.0234 0.0069 0.1784 0.6963 
   NS_SS1318  7 0.0151 0.1546 0.0994 0.2980 0.3567 0.0314 0.0449 
   NS_SS1348  7 0.0015 0.0114 0.0109 0.7551 0.0109 0.2020 0.0082 
   NS_SS1363  7 0.0055 0.1668 0.5884 0.1041 0.1052 0.0154 0.0146 
   NS_SS1335  7 0.0223 0.0127 0.0173 0.1101 0.0058 0.8157 0.0161 
   NS_SS1358  7 0.0146 0.0905 0.1057 0.0445 0.0028 0.2349 0.5071 
   NS_SS1342  7 0.0013 0.0099 0.4705 0.0450 0.0111 0.1448 0.3174 
   NS_SS1320  7 0.0056 0.0121 0.0465 0.0057 0.8741 0.0077 0.0483 
   NS_SS1355  7 0.0139 0.2260 0.2720 0.0080 0.3776 0.0894 0.0130 
   NS_SS1345  7 0.0176 0.0196 0.9104 0.0197 0.0157 0.0098 0.0072 
   NS_SS1324  7 0.0030 0.0430 0.0851 0.2558 0.0689 0.5098 0.0344 
   NS_SS1347  7 0.0034 0.6806 0.0441 0.0263 0.0209 0.2019 0.0227 
   NS_SS1321  7 0.0011 0.3840 0.0265 0.0127 0.0094 0.0784 0.4879 
   NS_SS1333  7 0.0032 0.0082 0.0104 0.0326 0.2731 0.4343 0.2381 
   NS_SS1364  7 0.0025 0.0344 0.1939 0.6464 0.0081 0.1037 0.0110 
   NS_SS1379  7 0.0398 0.9054 0.0087 0.0064 0.0073 0.0047 0.0278 
   NS_SS1332  7 0.0063 0.0075 0.0076 0.9024 0.0141 0.0520 0.0100 
   NS_SS1338  7 0.0052 0.9049 0.0057 0.0216 0.0072 0.0168 0.0387 
   NS_SS1368  7 0.0052 0.0068 0.1694 0.7008 0.0243 0.0626 0.0309 
   NS_SS1354  7 0.0115 0.0092 0.6648 0.0159 0.0774 0.2054 0.0159 
   NS_SS1365  7 0.0092 0.1707 0.0311 0.2969 0.4587 0.0134 0.0201 
   NS_SS1380  7 0.0194 0.0106 0.9276 0.0054 0.0141 0.0138 0.0090 
   NS_SS1329  7 0.0026 0.0083 0.7260 0.1406 0.0065 0.0279 0.0882 
   NS_SS1362  7 0.0043 0.0299 0.6027 0.0122 0.0078 0.3343 0.0088 
   NS_SS1327  7 0.0030 0.0056 0.0038 0.6339 0.0047 0.3393 0.0098 
   NS_SS1350  7 0.0075 0.0313 0.0073 0.0155 0.0250 0.6887 0.2247 
   NS_SS1387  7 0.0026 0.8194 0.0117 0.0121 0.0944 0.0448 0.0150 
   NS_SS1369  7 0.0033 0.2825 0.0226 0.5780 0.0140 0.0145 0.0851 
   NS_SS1331  7 0.0096 0.0074 0.0089 0.0342 0.0940 0.0145 0.8314 
   NS_SS1357  7 0.0034 0.0265 0.0887 0.0791 0.0302 0.1881 0.5840 
   NS_SS1386  7 0.0033 0.0067 0.0148 0.8646 0.0057 0.0685 0.0364 
   NS_SS1353  7 0.0046 0.0226 0.2218 0.1533 0.0359 0.0586 0.5032 
   NS_SS1323  7 0.0818 0.0873 0.2195 0.0116 0.0731 0.2273 0.2994 
   HI_SS0296  8 0.0016 0.7083 0.0108 0.2501 0.0073 0.0113 0.0107 
   HI_SS0297  8 0.0010 0.0285 0.0556 0.1116 0.0280 0.0741 0.7013 
   HI_SS0299  8 0.0277 0.8210 0.0163 0.0201 0.0294 0.0458 0.0396 
   HI_SS0300  8 0.0013 0.8232 0.0062 0.1381 0.0070 0.0111 0.0131 
   HI_SS0301  8 0.0041 0.8748 0.0127 0.0281 0.0101 0.0498 0.0204 
   HI_SS0302  8 0.0199 0.0212 0.0095 0.9261 0.0056 0.0104 0.0072 
   HI_SS0303  8 0.0072 0.0157 0.0099 0.9022 0.0316 0.0237 0.0096 
   HI_SS0304  8 0.0023 0.0250 0.0190 0.0782 0.1459 0.0212 0.7085 
   HI_SS0306  8 0.0025 0.0049 0.0043 0.9741 0.0032 0.0060 0.0050 
   HI_SS0307  8 0.0102 0.1278 0.2408 0.0089 0.3685 0.2330 0.0110 
   HI_SS0308  8 0.0720 0.0182 0.4968 0.0161 0.0094 0.3659 0.0216 
   HI_SS0309  8 0.0032 0.2885 0.4594 0.0086 0.0493 0.1666 0.0245 
   HI_SS0310  8 0.0070 0.0073 0.0442 0.6729 0.0321 0.2281 0.0084 
   HI_SS0311  8 0.0025 0.0155 0.0110 0.0444 0.0427 0.0137 0.8701 
   HI_SS0314  8 0.0015 0.0058 0.0153 0.0245 0.8741 0.0699 0.0089 
   HI_SS0316  8 0.0037 0.0191 0.0284 0.1272 0.1939 0.5357 0.0920 
   HI_SS0317  8 0.0020 0.1498 0.0379 0.0352 0.0244 0.4885 0.2623 
   HI_SS0318  8 0.1825 0.0580 0.0080 0.0151 0.0061 0.5611 0.1692 
   HI_SS0319  8 0.0026 0.0054 0.0079 0.0216 0.0039 0.9526 0.0061 
   HI_SS0320  8 0.0008 0.0085 0.0084 0.0036 0.1848 0.0139 0.7798 
   HI_SS0321  8 0.0018 0.8985 0.0062 0.0149 0.0076 0.0593 0.0117 
   HI_SS0323  8 0.0015 0.4149 0.0050 0.0202 0.4397 0.1050 0.0137 
   HI_SS0325  8 0.0021 0.0134 0.0094 0.9476 0.0074 0.0072 0.0130 
   HI_SS0327  8 0.0015 0.0385 0.1606 0.0545 0.0057 0.6912 0.0481 
   HI_SS0329  8 0.0014 0.0654 0.0157 0.1733 0.4613 0.0093 0.2736 
   HI_SS0333  8 0.0032 0.2390 0.2062 0.1474 0.0870 0.2165 0.1007 
   HI_SS0334  8 0.0012 0.9484 0.0171 0.0066 0.0066 0.0114 0.0086 
   HI_SS0335  8 0.0189 0.0352 0.8864 0.0086 0.0061 0.0328 0.0120 
   HI_SS0339  8 0.0094 0.0161 0.8744 0.0084 0.0491 0.0213 0.0212 
   HI_SS0343  8 0.0023 0.0143 0.7193 0.0141 0.0391 0.1478 0.0631 
   HI_SS0344  8 0.0036 0.0067 0.0038 0.9554 0.0034 0.0161 0.0109 
   HI_SS0345  8 0.0098 0.0196 0.1732 0.1740 0.0595 0.0081 0.5558 
   HI_SS0346  8 0.0031 0.3918 0.0038 0.0257 0.0111 0.0098 0.5547 
   HI_SS0350  8 0.0084 0.0188 0.8212 0.0029 0.1373 0.0060 0.0053 
   HI_SS0351  8 0.0032 0.5671 0.0977 0.0702 0.0149 0.0951 0.1518 
   HI_SS0352  8 0.0896 0.0298 0.8224 0.0106 0.0135 0.0129 0.0213 
   HI_SS0362  8 0.0024 0.0952 0.0044 0.4337 0.0761 0.3544 0.0339 
   HI_SS0363  8 0.0037 0.0190 0.0705 0.3416 0.0273 0.3917 0.1462 
   HI_SS0365  8 0.0054 0.4255 0.0563 0.0353 0.0629 0.3846 0.0300 
   HI_SS0366  8 0.0015 0.0601 0.1620 0.4531 0.0188 0.2753 0.0293 
   HI_SS0367  8 0.0021 0.0262 0.1693 0.0058 0.7143 0.0379 0.0443 
   HI_SS0369  8 0.0028 0.2445 0.4705 0.0118 0.0616 0.0373 0.1716 
   HI_SS0370  8 0.0035 0.1121 0.0858 0.0117 0.0114 0.5369 0.2386 
   HI_SS0371  8 0.0036 0.0106 0.0095 0.9248 0.0261 0.0065 0.0188 
   HI_SS0373  8 0.0086 0.0087 0.0087 0.0169 0.8720 0.0786 0.0064 
   HI_SS0374  8 0.0246 0.0244 0.0134 0.0091 0.8910 0.0172 0.0204 
   HI_SS0377  8 0.0969 0.1807 0.1116 0.2678 0.0077 0.0328 0.3024 
   HI_SS0379  8 0.0010 0.0074 0.0074 0.7446 0.0046 0.2276 0.0075 
   HI_SS0380  8 0.0070 0.0714 0.2692 0.0125 0.5793 0.0372 0.0234 
   HI_SS0381  8 0.0049 0.0284 0.8610 0.0196 0.0326 0.0072 0.0464 
   HI_SS0384  8 0.0060 0.0185 0.0084 0.0245 0.7392 0.0930 0.1104 
   HI_SS0385  8 0.0013 0.0071 0.0101 0.8405 0.0940 0.0219 0.0250 
   HI_SS0386  9 0.9899 0.0015 0.0017 0.0013 0.0017 0.0015 0.0025 
   HI_SS0387  9 0.9296 0.0099 0.0102 0.0149 0.0085 0.0102 0.0167 
   HI_SS0389  9 0.9760 0.0032 0.0032 0.0038 0.0037 0.0048 0.0053 
   HI_SS0390  9 0.9884 0.0018 0.0018 0.0021 0.0019 0.0022 0.0018 
   HI_SS0391  9 0.9806 0.0033 0.0040 0.0026 0.0025 0.0024 0.0046 
   HI_SS0392  9 0.9898 0.0019 0.0018 0.0018 0.0018 0.0014 0.0015 
   HI_SS0393  9 0.9907 0.0014 0.0014 0.0018 0.0014 0.0013 0.0021 
   HI_SS0394  9 0.9892 0.0017 0.0017 0.0018 0.0023 0.0017 0.0016 
   HI_SS0395  9 0.9758 0.0036 0.0027 0.0027 0.0063 0.0044 0.0044 
   HI_SS0396  9 0.9412 0.0079 0.0156 0.0070 0.0103 0.0104 0.0077 
   HI_SS0398  9 0.9646 0.0080 0.0081 0.0045 0.0054 0.0043 0.0050 
   HI_SS0399  9 0.9928 0.0013 0.0010 0.0010 0.0011 0.0012 0.0016 
   HI_SS0400  9 0.9873 0.0017 0.0021 0.0019 0.0021 0.0022 0.0026 
   HI_SS0401  9 0.9904 0.0016 0.0016 0.0018 0.0016 0.0013 0.0018 
   HI_SS0402  9 0.9909 0.0016 0.0014 0.0014 0.0013 0.0018 0.0017 
   HI_SS0403  9 0.9902 0.0015 0.0016 0.0013 0.0021 0.0017 0.0016 
   HI_SS0404  9 0.9922 0.0011 0.0016 0.0011 0.0015 0.0011 0.0014 
   HI_SS0405  9 0.9068 0.0158 0.0260 0.0134 0.0084 0.0121 0.0175 
   HI_SS0406  9 0.9852 0.0033 0.0023 0.0023 0.0019 0.0026 0.0023 
   HI_SS0407  9 0.9535 0.0074 0.0082 0.0079 0.0107 0.0062 0.0061 
   HI_SS0408  9 0.9926 0.0010 0.0012 0.0010 0.0013 0.0015 0.0014 
   HI_SS0409  9 0.9792 0.0031 0.0037 0.0036 0.0040 0.0033 0.0031 
   HI_SS0411  9 0.9798 0.0045 0.0024 0.0038 0.0028 0.0032 0.0034 
   HI_SS0412  9 0.7963 0.0585 0.0294 0.0247 0.0190 0.0265 0.0457 
   HI_SS0413  9 0.9855 0.0020 0.0023 0.0028 0.0028 0.0024 0.0021 
   HI_SS0414  9 0.9154 0.0122 0.0176 0.0058 0.0199 0.0159 0.0131 
   HI_SS0415  9 0.9874 0.0016 0.0021 0.0022 0.0019 0.0027 0.0021 
   HI_SS0416  9 0.9773 0.0036 0.0035 0.0035 0.0050 0.0033 0.0038 
   HI_SS0418  9 0.9693 0.0037 0.0061 0.0038 0.0040 0.0073 0.0057 
   HI_SS0419  9 0.9801 0.0036 0.0028 0.0035 0.0032 0.0030 0.0038 
   HI_SS0420  9 0.9857 0.0028 0.0024 0.0027 0.0020 0.0025 0.0019 
   HI_SS0421  9 0.9739 0.0047 0.0052 0.0029 0.0053 0.0035 0.0045 
   HI_SS0422  9 0.9887 0.0018 0.0020 0.0016 0.0020 0.0017 0.0023 
   HI_SS0423  9 0.9738 0.0050 0.0030 0.0043 0.0056 0.0037 0.0046 
   HI_SS0424  9 0.9879 0.0023 0.0026 0.0014 0.0021 0.0020 0.0017 
   HI_SS0425  9 0.9766 0.0034 0.0048 0.0020 0.0055 0.0034 0.0043 
   NS_SS1146 10 0.9854 0.0021 0.0023 0.0032 0.0017 0.0032 0.0021 
   NS_SS1157 10 0.9572 0.0091 0.0069 0.0040 0.0066 0.0091 0.0071 
   NS_SS1144 10 0.9011 0.0204 0.0253 0.0225 0.0086 0.0122 0.0099 
   NS_SS1074 10 0.9775 0.0040 0.0040 0.0042 0.0036 0.0035 0.0031 
   NS_SS1122 10 0.9713 0.0048 0.0043 0.0049 0.0058 0.0053 0.0036 
   NS_SS1136 10 0.9922 0.0012 0.0013 0.0013 0.0013 0.0015 0.0012 
   NS_SS1077 10 0.9950 0.0008 0.0008 0.0009 0.0009 0.0007 0.0008 
   NS_SS1134 10 0.9418 0.0135 0.0052 0.0060 0.0150 0.0068 0.0116 
   NS_SS1091 10 0.9851 0.0025 0.0023 0.0016 0.0028 0.0028 0.0028 
   NS_SS1089 10 0.9808 0.0027 0.0027 0.0046 0.0022 0.0033 0.0036 
   NS_SS1123 10 0.9902 0.0019 0.0018 0.0013 0.0018 0.0015 0.0015 
   NS_SS1158 10 0.9931 0.0011 0.0012 0.0008 0.0010 0.0015 0.0014 
   NS_SS1093 10 0.9859 0.0015 0.0028 0.0027 0.0024 0.0024 0.0023 
