   NS_SS0963  1 0.0047 0.1755 0.8198 
   NS_SS0983  1 0.0035 0.9819 0.0146 
   NS_SS0719  1 0.0050 0.8596 0.1354 
   NS_SS1001  1 0.0059 0.2650 0.7291 
   NS_SS0936  1 0.0028 0.2694 0.7278 
   NS_SS0955  1 0.0031 0.9525 0.0444 
   NS_SS0944  1 0.0017 0.9558 0.0425 
   NS_SS0945  1 0.0079 0.1920 0.8001 
   NS_SS0922  1 0.0260 0.0492 0.9248 
   NS_SS0929  1 0.0029 0.8766 0.1204 
   NS_SS0956  1 0.0033 0.0193 0.9774 
   NS_SS0906  1 0.0034 0.5011 0.4955 
   NS_SS0721  1 0.0053 0.2956 0.6991 
   NS_SS0982  1 0.0136 0.0718 0.9145 
   NS_SS0923  1 0.0039 0.2210 0.7751 
   NS_SS0905  1 0.0015 0.8618 0.1368 
   NS_SS0925  1 0.0049 0.1571 0.8380 
   NS_SS0947  1 0.0037 0.0629 0.9334 
   NS_SS0926  1 0.0011 0.9857 0.0132 
   NS_SS0918  1 0.0024 0.0552 0.9424 
   NS_SS0966  1 0.0477 0.1834 0.7688 
   NS_SS0938  1 0.0013 0.0200 0.9787 
   NS_SS0917  1 0.0389 0.7446 0.2166 
   NS_SS0957  1 0.0061 0.0834 0.9104 
   NS_SS0987  1 0.2418 0.0875 0.6707 
   NS_SS0717  1 0.0020 0.0195 0.9786 
   NS_SS0986  1 0.0030 0.0651 0.9319 
   NS_SS0953  1 0.0139 0.0637 0.9224 
   NS_SS0907  1 0.0435 0.3986 0.5579 
   NS_SS0974  1 0.0030 0.8658 0.1311 
   NS_SS0989  1 0.0009 0.9587 0.0404 
   NS_SS0991  1 0.0017 0.9616 0.0367 
   NS_SS0994  1 0.0016 0.9902 0.0082 
   NS_SS0931  1 0.0100 0.9382 0.0517 
   NS_SS1000  1 0.0029 0.0197 0.9775 
   NS_SS0919  1 0.0029 0.9125 0.0846 
   NS_SS0949  1 0.0012 0.9793 0.0195 
   NS_SS0960  1 0.0053 0.9762 0.0185 
   NS_SS0716  1 0.0048 0.0057 0.9895 
   NS_SS0924  1 0.0173 0.9305 0.0522 
   NS_SS0935  1 0.0078 0.9845 0.0078 
   NS_SS0952  1 0.0303 0.9468 0.0229 
   NS_SS0962  1 0.0058 0.0106 0.9836 
   NS_SS0973  1 0.0038 0.8644 0.1318 
   NS_SS0722  1 0.0024 0.0343 0.9633 
   NS_SS0979  1 0.0021 0.1723 0.8256 
   NS_SS0993  1 0.0171 0.1635 0.8193 
   NS_SS0958  1 0.0025 0.9446 0.0529 
   NS_SS0988  1 0.0041 0.2168 0.7791 
   NS_SS1003  1 0.0073 0.0354 0.9573 
   NS_SS0976  1 0.0018 0.9130 0.0852 
   NS_SS0964  1 0.0024 0.0315 0.9662 
   NS_SS0939  1 0.0047 0.0165 0.9788 
   NS_SS0990  1 0.0031 0.1427 0.8542 
   NS_SS0984  1 0.0017 0.0142 0.9841 
   NS_SS0980  1 0.0019 0.5599 0.4383 
   NS_SS0978  1 0.0030 0.6837 0.3133 
   NS_SS0951  1 0.0028 0.7582 0.2390 
   NS_SS0913  1 0.0392 0.1131 0.8477 
   NS_SS1002  1 0.0347 0.0097 0.9556 
   NS_SS0948  1 0.0403 0.1629 0.7968 
   NS_SS0916  1 0.0043 0.8391 0.1566 
   NS_SS0995  1 0.0028 0.1356 0.8616 
   NS_SS0927  1 0.0045 0.6160 0.3794 
   NS_SS0992  1 0.0028 0.8730 0.1242 
   NS_SS0912  1 0.0025 0.5684 0.4291 
   NS_SS0981  1 0.0028 0.2078 0.7894 
   NS_SS0729  2 0.0034 0.9870 0.0096 
   NS_SS0967  2 0.0101 0.2891 0.7008 
   NS_SS0941  2 0.0767 0.4923 0.4310 
   NS_SS0768  2 0.0039 0.0287 0.9675 
   NS_SS0726  2 0.0069 0.9806 0.0125 
   NS_SS0763  2 0.0019 0.9499 0.0481 
   NS_SS0730  2 0.0028 0.0094 0.9878 
   NS_SS0774  2 0.0008 0.0091 0.9902 
   NS_SS0723  2 0.0016 0.0502 0.9482 
   NS_SS0940  2 0.0059 0.8405 0.1537 
   NS_SS0762  2 0.0024 0.0237 0.9739 
   NS_SS0766  2 0.0129 0.6702 0.3169 
   NS_SS0724  2 0.0036 0.0301 0.9662 
   NS_SS0769  2 0.0035 0.0593 0.9373 
   NS_SS0777  2 0.0121 0.4870 0.5009 
   NS_SS0734  2 0.0208 0.7983 0.1809 
   NS_SS0737  2 0.0043 0.0105 0.9853 
   NS_SS0732  2 0.0044 0.1031 0.8925 
   NS_SS0728  2 0.0094 0.1618 0.8289 
   NS_SS0735  2 0.0067 0.0801 0.9132 
   NS_SS0725  2 0.0064 0.0202 0.9734 
   NS_SS0788  2 0.0014 0.3991 0.5995 
   NS_SS0778  2 0.0014 0.4043 0.5943 
   NS_SS0792  2 0.0049 0.3206 0.6746 
   NS_SS0943  2 0.0063 0.9772 0.0165 
   NS_SS0791  2 0.0164 0.7797 0.2039 
   NS_SS0790  2 0.0028 0.0046 0.9926 
   NS_SS0731  2 0.0112 0.0149 0.9739 
   NS_SS0727  2 0.0017 0.9518 0.0465 
   NS_SS0779  2 0.0050 0.3838 0.6112 
   NS_SS0776  2 0.0068 0.5736 0.4197 
   NS_SS0775  2 0.0056 0.0150 0.9794 
   NS_SS0965  3 0.0015 0.0870 0.9116 
   NS_SS0754  3 0.0110 0.9135 0.0754 
   NS_SS0838  3 0.0379 0.1859 0.7762 
   NS_SS0839  3 0.0028 0.0108 0.9863 
   NS_SS0832  3 0.0392 0.0138 0.9470 
   NS_SS0820  3 0.0059 0.0129 0.9812 
   NS_SS0886  3 0.0019 0.9144 0.0837 
   NS_SS0748  3 0.0081 0.6768 0.3151 
   NS_SS0884  3 0.0202 0.3392 0.6407 
   NS_SS0752  3 0.0018 0.4224 0.5758 
   NS_SS0862  3 0.0035 0.0352 0.9613 
   NS_SS0787  3 0.0059 0.9735 0.0206 
   NS_SS0843  3 0.0016 0.3709 0.6275 
   NS_SS0856  3 0.0027 0.0359 0.9614 
   NS_SS0846  3 0.0028 0.6538 0.3434 
   NS_SS0825  3 0.0078 0.0682 0.9240 
   NS_SS0757  3 0.0032 0.7789 0.2179 
   NS_SS0876  3 0.2147 0.0326 0.7527 
   NS_SS0903  3 0.0025 0.1525 0.8450 
   NS_SS0875  3 0.0028 0.0443 0.9530 
   NS_SS0740  3 0.0032 0.8205 0.1764 
   NS_SS0811  3 0.0080 0.0343 0.9577 
   NS_SS0751  3 0.0020 0.0993 0.8988 
   NS_SS0891  3 0.0050 0.0299 0.9650 
   NS_SS0867  3 0.0249 0.9300 0.0451 
   NS_SS0890  3 0.0035 0.8647 0.1317 
   NS_SS0866  3 0.0047 0.9550 0.0404 
   NS_SS0755  3 0.0070 0.5834 0.4095 
   NS_SS0758  3 0.0015 0.2222 0.7762 
   NS_SS0840  3 0.0018 0.0093 0.9889 
   NS_SS0889  3 0.0022 0.8036 0.1941 
   NS_SS1010  3 0.0382 0.1250 0.8368 
   NS_SS0888  3 0.0013 0.9918 0.0069 
   NS_SS0837  3 0.0023 0.2688 0.7289 
   NS_SS0794  3 0.0020 0.9614 0.0366 
   NS_SS0823  3 0.0032 0.0430 0.9538 
   NS_SS0829  3 0.0985 0.8925 0.0090 
   NS_SS0844  3 0.0017 0.0169 0.9814 
   NS_SS1008  3 0.0106 0.8779 0.1116 
   NS_SS0881  3 0.0022 0.7202 0.2775 
   NS_SS0834  3 0.0054 0.0193 0.9753 
   NS_SS0744  3 0.0061 0.5977 0.3961 
   NS_SS0899  3 0.0014 0.0089 0.9897 
   NS_SS0804  3 0.0034 0.0079 0.9886 
   NS_SS0781  3 0.0027 0.0080 0.9894 
   NS_SS0822  3 0.0019 0.9468 0.0513 
   NS_SS1004  3 0.0031 0.7205 0.2763 
   NS_SS0746  3 0.0122 0.7076 0.2802 
   NS_SS0880  3 0.0016 0.3807 0.6177 
   NS_SS0879  3 0.0101 0.0663 0.9236 
   NS_SS0753  3 0.0075 0.9812 0.0113 
   NS_SS1007  3 0.0014 0.3681 0.6304 
   NS_SS0872  3 0.0017 0.0163 0.9820 
   NS_SS1005  3 0.0012 0.0286 0.9702 
   NS_SS0892  3 0.0018 0.2989 0.6993 
   NS_SS0898  3 0.0051 0.8446 0.1504 
   NS_SS0801  3 0.0106 0.1603 0.8292 
   NS_SS0827  3 0.1214 0.5051 0.3735 
   NS_SS0853  3 0.0047 0.0981 0.8972 
   NS_SS0780  3 0.0037 0.0383 0.9581 
   NS_SS0826  3 0.0037 0.3795 0.6168 
   NS_SS0818  3 0.0015 0.0844 0.9141 
   NS_SS0745  3 0.0012 0.0083 0.9905 
   NS_SS0849  3 0.0016 0.1105 0.8879 
   NS_SS0739  3 0.0105 0.0759 0.9137 
   NS_SS0799  3 0.0010 0.9819 0.0171 
   NS_SS0756  3 0.0030 0.0111 0.9859 
   NS_SS0802  3 0.2023 0.3862 0.4115 
   NS_SS0747  3 0.0056 0.7513 0.2432 
   NS_SS0835  3 0.0010 0.9801 0.0189 
   NS_SS0742  3 0.0011 0.1873 0.8116 
   NS_SS0760  3 0.0381 0.9465 0.0154 
   NS_SS0803  3 0.0059 0.0170 0.9771 
   NS_SS0828  3 0.0013 0.9365 0.0622 
   NS_SS0865  3 0.0274 0.3591 0.6135 
   NS_SS0759  3 0.0038 0.0143 0.9819 
   NS_SS0851  3 0.0095 0.0051 0.9854 
   NS_SS0874  3 0.0014 0.0345 0.9641 
   NS_SS0761  3 0.0022 0.9469 0.0508 
   NS_SS0842  3 0.0077 0.7798 0.2125 
   NS_SS0785  3 0.0052 0.7089 0.2858 
   NS_SS0860  3 0.0021 0.9474 0.0506 
   NS_SS0897  3 0.0016 0.9888 0.0096 
   NS_SS0841  3 0.0033 0.0184 0.9783 
   NS_SS0797  3 0.0210 0.8989 0.0801 
   NS_SS0830  3 0.0021 0.7044 0.2935 
   NS_SS1011  3 0.0049 0.0194 0.9756 
   NS_SS0883  3 0.0052 0.9102 0.0846 
   NS_SS0782  3 0.0022 0.1261 0.8717 
   NS_SS0831  3 0.0027 0.9782 0.0191 
   NS_SS0749  3 0.0033 0.9348 0.0619 
   NS_SS0854  3 0.0028 0.8438 0.1533 
   HI_SS0193  4 0.0014 0.9704 0.0282 
   HI_SS0194  4 0.0016 0.0286 0.9699 
   HI_SS0195  4 0.0834 0.0050 0.9117 
   HI_SS0196  4 0.0026 0.4832 0.5142 
   HI_SS0197  4 0.0114 0.0140 0.9745 
   HI_SS0198  4 0.0088 0.3816 0.6096 
   HI_SS0199  4 0.0022 0.9509 0.0470 
   HI_SS0201  4 0.0020 0.9896 0.0084 
   HI_SS0215  4 0.0028 0.8902 0.1069 
   HI_SS0218  4 0.0044 0.9887 0.0069 
   HI_SS0222  4 0.0038 0.0395 0.9567 
   HI_SS0230  4 0.0045 0.0440 0.9515 
   HI_SS0234  4 0.1486 0.2239 0.6275 
   HI_SS0240  4 0.0074 0.1734 0.8192 
   HI_SS0241  4 0.0018 0.9732 0.0250 
   HI_SS0242  4 0.0029 0.6208 0.3763 
   HI_SS0247  4 0.0176 0.0247 0.9577 
   HI_SS0248  4 0.0007 0.9918 0.0075 
   HI_SS0252  4 0.0019 0.0268 0.9713 
   HI_SS0254  4 0.0843 0.9009 0.0148 
   HI_SS0256  4 0.0011 0.0048 0.9941 
   HI_SS0257  4 0.0031 0.9818 0.0151 
   HI_SS0258  4 0.0039 0.9786 0.0175 
   HI_SS0259  4 0.0025 0.0593 0.9383 
   HI_SS0260  4 0.0016 0.9637 0.0347 
   HI_SS0261  4 0.0026 0.9602 0.0371 
   HI_SS0262  4 0.0057 0.0428 0.9515 
   HI_SS0264  4 0.0037 0.0115 0.9848 
   HI_SS0265  4 0.0906 0.0625 0.8469 
   HI_SS0268  4 0.0023 0.0493 0.9484 
   HI_SS0269  4 0.0015 0.9913 0.0072 
   HI_SS0273  4 0.0016 0.9677 0.0307 
   HI_SS0277  4 0.0023 0.1778 0.8199 
   HI_SS0280  4 0.0050 0.4883 0.5067 
   HI_SS0282  4 0.0014 0.9629 0.0357 
   HI_SS0286  4 0.0068 0.4859 0.5073 
   NS_SS1252  5 0.0034 0.9839 0.0127 
   NS_SS1261  5 0.0155 0.1026 0.8819 
   NS_SS1225  5 0.1044 0.7171 0.1785 
   NS_SS1266  5 0.0070 0.0088 0.9842 
   NS_SS1228  5 0.0121 0.0640 0.9239 
   NS_SS1255  5 0.0012 0.1347 0.8641 
   NS_SS1267  5 0.0095 0.9845 0.0060 
   NS_SS1238  5 0.0024 0.2150 0.7826 
   NS_SS1233  5 0.0018 0.0945 0.9037 
   NS_SS1277  5 0.0009 0.9832 0.0159 
   NS_SS1245  5 0.0016 0.9292 0.0692 
   NS_SS1240  5 0.0019 0.9809 0.0172 
   NS_SS1275  5 0.0024 0.0067 0.9909 
   NS_SS1235  5 0.0057 0.5769 0.4175 
   NS_SS1263  5 0.0010 0.1168 0.8822 
   NS_SS1251  5 0.0015 0.1507 0.8477 
   NS_SS1248  5 0.0970 0.2255 0.6775 
   NS_SS1244  5 0.0047 0.8926 0.1027 
   NS_SS1257  5 0.0244 0.9397 0.0359 
   NS_SS1242  5 0.0021 0.0065 0.9914 
   NS_SS1271  5 0.0233 0.9672 0.0096 
   NS_SS1265  5 0.0164 0.6065 0.3771 
   NS_SS1243  5 0.0690 0.0703 0.8607 
   NS_SS1273  5 0.0080 0.0126 0.9793 
   NS_SS1254  5 0.0056 0.3745 0.6199 
   NS_SS1224  5 0.0061 0.0211 0.9728 
   NS_SS1227  5 0.0014 0.9864 0.0122 
   NS_SS1274  5 0.0160 0.9373 0.0468 
   NS_SS1241  5 0.0009 0.9703 0.0288 
   NS_SS1256  5 0.0339 0.2718 0.6942 
   NS_SS1260  5 0.0640 0.8748 0.0612 
   NS_SS1262  5 0.1620 0.7720 0.0660 
   NS_SS1230  5 0.0068 0.8689 0.1243 
   NS_SS1270  5 0.0018 0.0519 0.9462 
   NS_SS1229  5 0.0035 0.1392 0.8572 
   NS_SS1246  5 0.0030 0.9557 0.0413 
   NS_SS1269  5 0.0018 0.2111 0.7870 
   NS_SS1239  5 0.0044 0.1968 0.7988 
   NS_SS1272  5 0.0061 0.0470 0.9469 
   NS_SS1268  5 0.0021 0.2554 0.7425 
   NS_SS1249  5 0.0094 0.9814 0.0092 
   HI_SS0559  6 0.0016 0.9119 0.0865 
   HI_SS0563  6 0.0028 0.3903 0.6070 
   HI_SS0564  6 0.0579 0.2917 0.6504 
   HI_SS0565  6 0.0032 0.6906 0.3062 
   HI_SS0569  6 0.0019 0.9853 0.0128 
   HI_SS0570  6 0.0302 0.9500 0.0197 
   HI_SS0572  6 0.0023 0.0529 0.9448 
   HI_SS0576  6 0.0047 0.1286 0.8667 
   HI_SS0579  6 0.0148 0.9628 0.0224 
   HI_SS0580  6 0.0039 0.7024 0.2937 
   HI_SS0581  6 0.0524 0.0137 0.9339 
   HI_SS0583  6 0.0027 0.5366 0.4607 
   HI_SS0586  6 0.0009 0.9816 0.0175 
   HI_SS0588  6 0.0173 0.9481 0.0347 
   HI_SS0595  6 0.0237 0.8781 0.0983 
   HI_SS0596  6 0.0019 0.0186 0.9794 
   HI_SS0597  6 0.0019 0.0127 0.9855 
   HI_SS0600  6 0.0035 0.7421 0.2544 
   HI_SS0601  6 0.0119 0.9199 0.0682 
   HI_SS0602  6 0.0022 0.8782 0.1196 
   HI_SS0604  6 0.0016 0.3007 0.6977 
   HI_SS0605  6 0.0072 0.7790 0.2138 
   HI_SS0608  6 0.0011 0.8013 0.1977 
   HI_SS0609  6 0.0007 0.0302 0.9691 
   HI_SS0611  6 0.0024 0.9429 0.0548 
   HI_SS0612  6 0.0068 0.8828 0.1104 
   HI_SS0613  6 0.0015 0.1861 0.8124 
   HI_SS0615  6 0.0104 0.0590 0.9306 
   HI_SS0001  6 0.0035 0.7965 0.2000 
   HI_SS0002  6 0.0270 0.0564 0.9167 
   HI_SS0004  6 0.0044 0.8449 0.1507 
   HI_SS0005  6 0.0059 0.3173 0.6768 
   HI_SS0006  6 0.0015 0.4553 0.5432 
   HI_SS0007  6 0.0020 0.9878 0.0102 
   HI_SS0008  6 0.0387 0.7282 0.2331 
   HI_SS0009  6 0.0042 0.1330 0.8628 
   HI_SS0010  6 0.0029 0.9629 0.0343 
   HI_SS0011  6 0.0843 0.0991 0.8166 
   HI_SS0012  6 0.0045 0.0400 0.9554 
   HI_SS0017  6 0.0018 0.0342 0.9641 
   HI_SS0021  6 0.2387 0.3684 0.3929 
   HI_SS0024  6 0.0020 0.0341 0.9639 
   HI_SS0025  6 0.0028 0.0213 0.9759 
   HI_SS0027  6 0.0112 0.9773 0.0115 
   HI_SS0028  6 0.0016 0.0094 0.9891 
   HI_SS0029  6 0.0062 0.0944 0.8995 
   HI_SS0030  6 0.0045 0.9688 0.0267 
   HI_SS0031  6 0.0035 0.7305 0.2660 
   HI_SS0034  6 0.0043 0.9870 0.0087 
   HI_SS0036  6 0.0101 0.9741 0.0158 
   HI_SS0037  6 0.0036 0.6911 0.3052 
   HI_SS0039  6 0.0027 0.9557 0.0416 
   HI_SS0041  6 0.0017 0.0180 0.9803 
   HI_SS0042  6 0.1175 0.0770 0.8055 
   HI_SS0043  6 0.0023 0.9919 0.0059 
   HI_SS0044  6 0.0023 0.1952 0.8025 
   HI_SS0047  6 0.0022 0.1666 0.8312 
   HI_SS0049  6 0.0038 0.1687 0.8275 
   HI_SS0051  6 0.0021 0.2229 0.7750 
   HI_SS0053  6 0.0035 0.9867 0.0098 
   HI_SS0054  6 0.0025 0.9904 0.0071 
   HI_SS0057  6 0.0031 0.5991 0.3977 
   HI_SS0058  6 0.0064 0.6700 0.3236 
   HI_SS0060  6 0.0835 0.8263 0.0902 
   HI_SS0087  6 0.0021 0.3464 0.6515 
   HI_SS0091  6 0.0009 0.9814 0.0177 
   HI_SS0095  6 0.0530 0.8175 0.1295 
   HI_SS0097  6 0.0041 0.4946 0.5013 
   HI_SS0099  6 0.0031 0.0156 0.9813 
   HI_SS0103  6 0.0028 0.1105 0.8867 
   HI_SS0105  6 0.0237 0.1099 0.8664 
   HI_SS0107  6 0.0008 0.0132 0.9860 
   HI_SS0108  6 0.0177 0.9764 0.0059 
   HI_SS0110  6 0.0012 0.7202 0.2787 
   HI_SS0111  6 0.0238 0.0839 0.8923 
   HI_SS0112  6 0.0012 0.9918 0.0070 
   HI_SS0113  6 0.0027 0.0080 0.9893 
   HI_SS0114  6 0.0042 0.9621 0.0337 
   HI_SS0115  6 0.0155 0.7549 0.2296 
   HI_SS0116  6 0.0032 0.8474 0.1493 
   HI_SS0117  6 0.0019 0.8948 0.1033 
   HI_SS0118  6 0.0097 0.6489 0.3414 
   HI_SS0119  6 0.0018 0.9688 0.0294 
   HI_SS0120  6 0.0031 0.0072 0.9897 
   HI_SS0121  6 0.0012 0.0111 0.9877 
   HI_SS0122  6 0.0205 0.0979 0.8817 
   HI_SS0123  6 0.0045 0.2680 0.7275 
   HI_SS0124  6 0.0023 0.0166 0.9811 
   HI_SS0125  6 0.0322 0.0343 0.9336 
   HI_SS0126  6 0.0008 0.9899 0.0093 
   HI_SS0127  6 0.0089 0.8586 0.1324 
   HI_SS0128  6 0.0025 0.4415 0.5560 
   HI_SS0129  6 0.0098 0.4854 0.5048 
   HI_SS0131  6 0.0346 0.5994 0.3661 
   HI_SS0132  6 0.0005 0.6676 0.3319 
   HI_SS0133  6 0.0011 0.9942 0.0047 
   HI_SS0134  6 0.0018 0.7094 0.2889 
   HI_SS0142  6 0.0157 0.1957 0.7886 
   HI_SS0145  6 0.0014 0.9202 0.0785 
   HI_SS0146  6 0.0010 0.9715 0.0275 
   HI_SS0147  6 0.0169 0.0095 0.9736 
   HI_SS0149  6 0.0042 0.4652 0.5306 
   HI_SS0150  6 0.0038 0.0204 0.9758 
   HI_SS0151  6 0.0122 0.8526 0.1352 
   NS_SS1451  6 0.0025 0.0159 0.9816 
   NS_SS1404  6 0.0082 0.0208 0.9709 
   NS_SS1432  6 0.0314 0.0080 0.9606 
   NS_SS1405  6 0.0032 0.1138 0.8829 
   NS_SS1431  6 0.0006 0.0147 0.9847 
   NS_SS1402  6 0.0022 0.1363 0.8614 
   NS_SS1450  6 0.0034 0.8937 0.1028 
   NS_SS1396  6 0.0056 0.0422 0.9522 
   NS_SS1393  6 0.0032 0.2944 0.7023 
   NS_SS1392  6 0.0164 0.0826 0.9009 
   NS_SS1445  6 0.0086 0.9421 0.0493 
   NS_SS1423  6 0.0015 0.9541 0.0444 
   NS_SS1421  6 0.0941 0.7439 0.1619 
   NS_SS1411  6 0.0015 0.9141 0.0844 
   NS_SS1453  6 0.0061 0.7463 0.2476 
   NS_SS1442  6 0.0033 0.2301 0.7665 
   NS_SS1422  6 0.0121 0.8138 0.1741 
   NS_SS1419  6 0.1630 0.0840 0.7529 
   NS_SS1427  6 0.0015 0.9923 0.0062 
   NS_SS1444  6 0.0030 0.0238 0.9732 
   NS_SS1455  6 0.0012 0.0096 0.9892 
   NS_SS1425  6 0.0015 0.9868 0.0116 
   NS_SS1400  6 0.0013 0.9290 0.0697 
   NS_SS1406  6 0.0080 0.0179 0.9741 
   NS_SS1417  6 0.0071 0.1156 0.8773 
   NS_SS1454  6 0.0014 0.3190 0.6796 
   NS_SS1412  6 0.0208 0.6864 0.2928 
   NS_SS1438  6 0.0012 0.9820 0.0168 
   NS_SS1416  6 0.0047 0.0153 0.9800 
   NS_SS1401  6 0.0117 0.1100 0.8783 
   NS_SS1424  6 0.0113 0.6126 0.3761 
   NS_SS1435  6 0.0025 0.8049 0.1926 
   NS_SS1447  6 0.0058 0.0144 0.9798 
   NS_SS1414  6 0.0066 0.0136 0.9798 
   NS_SS1449  6 0.0041 0.5459 0.4500 
   NS_SS1443  6 0.0016 0.9928 0.0056 
   NS_SS1434  6 0.0006 0.7467 0.2527 
   NS_SS1398  6 0.0214 0.4551 0.5235 
   NS_SS1426  6 0.0018 0.9898 0.0084 
   NS_SS1413  6 0.0066 0.9847 0.0087 
   NS_SS1395  6 0.0101 0.9702 0.0197 
   NS_SS1448  6 0.0014 0.8499 0.1487 
   NS_SS1446  6 0.0027 0.4535 0.5438 
   NS_SS1403  6 0.0053 0.2098 0.7849 
   NS_SS1415  6 0.0078 0.9796 0.0126 
   NS_SS1437  6 0.0073 0.2409 0.7517 
   NS_SS1439  6 0.0025 0.1149 0.8826 
   NS_SS1441  6 0.0020 0.9613 0.0367 
   NS_SS1420  6 0.0029 0.0109 0.9862 
   NS_SS1394  6 0.0377 0.0632 0.8991 
   NS_SS1391  6 0.0121 0.7742 0.2137 
   NS_SS1410  6 0.0114 0.2796 0.7090 
   NS_SS1408  6 0.0571 0.6555 0.2874 
   NS_SS1409  6 0.0024 0.2519 0.7457 
   HI_SS0617  7 0.0011 0.5394 0.4595 
   HI_SS0618  7 0.0024 0.1093 0.8883 
   HI_SS0619  7 0.0031 0.1911 0.8059 
   HI_SS0620  7 0.0022 0.9906 0.0072 
   HI_SS0621  7 0.0132 0.0501 0.9367 
   HI_SS0622  7 0.0110 0.6050 0.3841 
   HI_SS0626  7 0.0083 0.2820 0.7097 
   HI_SS0627  7 0.0061 0.0144 0.9795 
   HI_SS0628  7 0.0495 0.3713 0.5793 
   HI_SS0629  7 0.0056 0.4956 0.4988 
   HI_SS0630  7 0.0442 0.8007 0.1550 
   HI_SS0631  7 0.0008 0.9742 0.0250 
   HI_SS0632  7 0.0027 0.5926 0.4047 
   HI_SS0633  7 0.0031 0.0163 0.9806 
   HI_SS0634  7 0.0019 0.2123 0.7858 
   HI_SS0635  7 0.0073 0.0672 0.9256 
   HI_SS0637  7 0.0030 0.2193 0.7776 
   HI_SS0638  7 0.0011 0.4958 0.5031 
   HI_SS0639  7 0.0381 0.0365 0.9254 
   HI_SS0640  7 0.0017 0.9370 0.0613 
   HI_SS0641  7 0.0054 0.9415 0.0530 
   HI_SS0642  7 0.0022 0.4545 0.5433 
   HI_SS0645  7 0.0008 0.0125 0.9867 
   HI_SS0646  7 0.0027 0.5315 0.4658 
   HI_SS0647  7 0.0011 0.5652 0.4337 
   HI_SS0648  7 0.0031 0.8011 0.1957 
   HI_SS0649  7 0.0016 0.1478 0.8506 
   HI_SS0650  7 0.0036 0.0888 0.9076 
   HI_SS0651  7 0.0038 0.9184 0.0778 
   HI_SS0652  7 0.0035 0.0235 0.9730 
   NS_SS1371  7 0.0057 0.9702 0.0241 
   NS_SS1374  7 0.0023 0.8540 0.1437 
   NS_SS1337  7 0.0025 0.0140 0.9834 
   NS_SS1385  7 0.0047 0.3096 0.6857 
   NS_SS1388  7 0.0056 0.0493 0.9451 
   NS_SS1370  7 0.0086 0.1843 0.8071 
   NS_SS1389  7 0.0036 0.0165 0.9799 
   NS_SS1360  7 0.0038 0.9678 0.0285 
   NS_SS1330  7 0.0032 0.0202 0.9766 
   NS_SS1328  7 0.0020 0.9659 0.0321 
   NS_SS1384  7 0.0034 0.9473 0.0493 
   NS_SS1381  7 0.0009 0.0247 0.9743 
   NS_SS1375  7 0.0011 0.0344 0.9646 
   NS_SS1319  7 0.1046 0.5846 0.3108 
   NS_SS1326  7 0.0097 0.9139 0.0764 
   NS_SS1341  7 0.0045 0.5704 0.4251 
   NS_SS1383  7 0.0046 0.5921 0.4033 
   NS_SS1318  7 0.0162 0.0946 0.8893 
   NS_SS1348  7 0.0013 0.9903 0.0083 
   NS_SS1363  7 0.0039 0.0683 0.9278 
   NS_SS1335  7 0.0235 0.9651 0.0114 
   NS_SS1358  7 0.0133 0.9196 0.0671 
   NS_SS1342  7 0.0013 0.8472 0.1515 
   NS_SS1320  7 0.0053 0.0074 0.9873 
   NS_SS1355  7 0.0110 0.0269 0.9621 
   NS_SS1345  7 0.0204 0.5386 0.4410 
   NS_SS1324  7 0.0023 0.9200 0.0777 
   NS_SS1347  7 0.0036 0.9548 0.0416 
   NS_SS1321  7 0.0014 0.6682 0.3304 
   NS_SS1333  7 0.0024 0.5468 0.4508 
   NS_SS1364  7 0.0020 0.9204 0.0776 
   NS_SS1379  7 0.0517 0.2077 0.7407 
   NS_SS1332  7 0.0045 0.9856 0.0099 
   NS_SS1338  7 0.0069 0.8585 0.1346 
   NS_SS1368  7 0.0044 0.8629 0.1327 
   NS_SS1354  7 0.0104 0.0695 0.9201 
   NS_SS1365  7 0.0082 0.2002 0.7916 
   NS_SS1380  7 0.0174 0.0180 0.9645 
   NS_SS1329  7 0.0027 0.8259 0.1714 
   NS_SS1362  7 0.0042 0.3998 0.5959 
   NS_SS1327  7 0.0028 0.9925 0.0047 
   NS_SS1350  7 0.0095 0.9314 0.0591 
   NS_SS1387  7 0.0023 0.0368 0.9609 
   NS_SS1369  7 0.0031 0.9588 0.0381 
   NS_SS1331  7 0.0078 0.1055 0.8867 
   NS_SS1357  7 0.0031 0.7696 0.2274 
   NS_SS1386  7 0.0024 0.9917 0.0059 
   NS_SS1353  7 0.0032 0.0862 0.9106 
   NS_SS1323  7 0.0672 0.1251 0.8078 
   HI_SS0296  8 0.0015 0.9751 0.0234 
   HI_SS0297  8 0.0008 0.5420 0.4572 
   HI_SS0299  8 0.0336 0.5590 0.4074 
   HI_SS0300  8 0.0012 0.8360 0.1628 
   HI_SS0301  8 0.0039 0.3523 0.6438 
   HI_SS0302  8 0.0193 0.9588 0.0219 
   HI_SS0303  8 0.0046 0.9750 0.0204 
   HI_SS0304  8 0.0017 0.0278 0.9706 
   HI_SS0306  8 0.0026 0.9895 0.0079 
   HI_SS0307  8 0.0070 0.0251 0.9679 
   HI_SS0308  8 0.0917 0.4254 0.4829 
   HI_SS0309  8 0.0029 0.1417 0.8554 
   HI_SS0310  8 0.0062 0.3099 0.6839 
   HI_SS0311  8 0.0020 0.3155 0.6825 
   HI_SS0314  8 0.0013 0.7763 0.2224 
   HI_SS0316  8 0.0042 0.8906 0.1052 
   HI_SS0317  8 0.0017 0.2607 0.7376 
   HI_SS0318  8 0.1846 0.7604 0.0550 
   HI_SS0319  8 0.0038 0.9892 0.0070 
   HI_SS0320  8 0.0008 0.0137 0.9855 
   HI_SS0321  8 0.0017 0.9225 0.0759 
   HI_SS0323  8 0.0017 0.3992 0.5992 
   HI_SS0325  8 0.0015 0.9219 0.0766 
   HI_SS0327  8 0.0011 0.9886 0.0103 
   HI_SS0329  8 0.0014 0.0945 0.9041 
   HI_SS0333  8 0.0024 0.1185 0.8791 
   HI_SS0334  8 0.0010 0.9828 0.0162 
   HI_SS0335  8 0.0191 0.0759 0.9050 
   HI_SS0339  8 0.0105 0.0697 0.9199 
   HI_SS0343  8 0.0017 0.0997 0.8986 
   HI_SS0344  8 0.0025 0.9926 0.0048 
   HI_SS0345  8 0.0062 0.0965 0.8973 
   HI_SS0346  8 0.0035 0.1584 0.8381 
   HI_SS0350  8 0.0079 0.0092 0.9828 
   HI_SS0351  8 0.0034 0.3121 0.6845 
   HI_SS0352  8 0.0890 0.0358 0.8752 
   HI_SS0362  8 0.0023 0.9066 0.0910 
   HI_SS0363  8 0.0034 0.9817 0.0149 
   HI_SS0365  8 0.0044 0.9422 0.0534 
   HI_SS0366  8 0.0014 0.9831 0.0154 
   HI_SS0367  8 0.0020 0.0064 0.9917 
   HI_SS0369  8 0.0019 0.0169 0.9812 
   HI_SS0370  8 0.0026 0.8388 0.1586 
   HI_SS0371  8 0.0038 0.9139 0.0823 
   HI_SS0373  8 0.0103 0.3318 0.6579 
   HI_SS0374  8 0.0257 0.0373 0.9370 
   HI_SS0377  8 0.0798 0.8876 0.0327 
   HI_SS0379  8 0.0009 0.9953 0.0039 
   HI_SS0380  8 0.0064 0.0641 0.9294 
   HI_SS0381  8 0.0033 0.0192 0.9775 
   HI_SS0384  8 0.0070 0.8364 0.1566 
   HI_SS0385  8 0.0011 0.3931 0.6058 
   HI_SS0386  9 0.9971 0.0014 0.0015 
   HI_SS0387  9 0.9719 0.0153 0.0128 
   HI_SS0389  9 0.9932 0.0033 0.0035 
   HI_SS0390  9 0.9967 0.0015 0.0018 
   HI_SS0391  9 0.9950 0.0021 0.0029 
   HI_SS0392  9 0.9972 0.0015 0.0013 
   HI_SS0393  9 0.9972 0.0016 0.0012 
   HI_SS0394  9 0.9972 0.0012 0.0015 
   HI_SS0395  9 0.9934 0.0030 0.0036 
   HI_SS0396  9 0.9816 0.0069 0.0115 
   HI_SS0398  9 0.9894 0.0055 0.0051 
   HI_SS0399  9 0.9979 0.0011 0.0010 
   HI_SS0400  9 0.9963 0.0017 0.0020 
   HI_SS0401  9 0.9971 0.0016 0.0014 
   HI_SS0402  9 0.9977 0.0011 0.0012 
   HI_SS0403  9 0.9971 0.0015 0.0014 
   HI_SS0404  9 0.9977 0.0011 0.0012 
   HI_SS0405  9 0.9654 0.0169 0.0177 
   HI_SS0406  9 0.9963 0.0018 0.0019 
   HI_SS0407  9 0.9872 0.0066 0.0062 
   HI_SS0408  9 0.9975 0.0011 0.0014 
   HI_SS0409  9 0.9947 0.0027 0.0026 
   HI_SS0411  9 0.9953 0.0024 0.0024 
   HI_SS0412  9 0.8183 0.0969 0.0848 
   HI_SS0413  9 0.9961 0.0019 0.0020 
   HI_SS0414  9 0.9664 0.0126 0.0210 
   HI_SS0415  9 0.9968 0.0016 0.0015 
   HI_SS0416  9 0.9936 0.0032 0.0032 
   HI_SS0418  9 0.9910 0.0051 0.0040 
   HI_SS0419  9 0.9947 0.0023 0.0030 
   HI_SS0420  9 0.9960 0.0021 0.0019 
   HI_SS0421  9 0.9912 0.0045 0.0044 
   HI_SS0422  9 0.9972 0.0013 0.0015 
   HI_SS0423  9 0.9926 0.0037 0.0037 
   HI_SS0424  9 0.9968 0.0014 0.0018 
   HI_SS0425  9 0.9946 0.0021 0.0033 
   NS_SS1146 10 0.9961 0.0021 0.0017 
   NS_SS1157 10 0.9877 0.0065 0.0057 
   NS_SS1144 10 0.9595 0.0229 0.0176 
   NS_SS1074 10 0.9937 0.0032 0.0031 
   NS_SS1122 10 0.9916 0.0044 0.0039 
   NS_SS1136 10 0.9980 0.0010 0.0010 
   NS_SS1077 10 0.9985 0.0008 0.0007 
   NS_SS1134 10 0.9788 0.0090 0.0123 
   NS_SS1091 10 0.9962 0.0015 0.0023 
   NS_SS1089 10 0.9950 0.0027 0.0023 
   NS_SS1123 10 0.9972 0.0015 0.0014 
   NS_SS1158 10 0.9982 0.0009 0.0009 
   NS_SS1093 10 0.9957 0.0020 0.0023 
   NS_SS1102 10 0.9891 0.0047 0.0062 
   NS_SS1056 10 0.9968 0.0015 0.0017 
   NS_SS1126 10 0.9950 0.0027 0.0023 
   NS_SS1058 10 0.9929 0.0036 0.0035 
   NS_SS1084 10 0.9975 0.0012 0.0013 
   NS_SS1095 10 0.9884 0.0066 0.0050 
   NS_SS1079 10 0.9971 0.0016 0.0013 
   NS_SS1149 10 0.9952 0.0024 0.0024 
   NS_SS1121 10 0.9969 0.0014 0.0017 
   NS_SS1067 10 0.9901 0.0038 0.0061 
   NS_SS1081 10 0.9954 0.0024 0.0022 
   NS_SS1130 10 0.9939 0.0028 0.0033 
   NS_SS1073 10 0.9950 0.0022 0.0029 
   NS_SS1133 10 0.9854 0.0036 0.0110 
   NS_SS1129 10 0.9974 0.0012 0.0013 
   NS_SS1085 10 0.9958 0.0023 0.0019 
   NS_SS1137 10 0.9920 0.0040 0.0040 
   NS_SS1135 10 0.9977 0.0010 0.0013 
   NS_SS1082 10 0.9971 0.0013 0.0016 
   NS_SS1125 10 0.9977 0.0011 0.0012 
   NS_SS1124 10 0.9881 0.0051 0.0068 
   NS_SS1155 10 0.9850 0.0085 0.0065 
   NS_SS1145 10 0.9965 0.0019 0.0015 
