   NS_SS0963  1 0.7756 0.0057 0.2186 
   NS_SS0983  1 0.0151 0.0038 0.9812 
   NS_SS0719  1 0.1388 0.0050 0.8562 
   NS_SS1001  1 0.7547 0.0053 0.2400 
   NS_SS0936  1 0.5932 0.0024 0.4044 
   NS_SS0955  1 0.0490 0.0034 0.9476 
   NS_SS0944  1 0.0576 0.0017 0.9407 
   NS_SS0945  1 0.8082 0.0069 0.1849 
   NS_SS0922  1 0.9324 0.0253 0.0423 
   NS_SS0929  1 0.1032 0.0035 0.8933 
   NS_SS0956  1 0.9839 0.0033 0.0128 
   NS_SS0906  1 0.5550 0.0031 0.4420 
   NS_SS0721  1 0.7483 0.0043 0.2474 
   NS_SS0982  1 0.9287 0.0136 0.0577 
   NS_SS0923  1 0.7925 0.0044 0.2030 
   NS_SS0905  1 0.1705 0.0016 0.8279 
   NS_SS0925  1 0.8349 0.0042 0.1609 
   NS_SS0947  1 0.9446 0.0044 0.0510 
   NS_SS0926  1 0.0116 0.0011 0.9873 
   NS_SS0918  1 0.9235 0.0022 0.0742 
   NS_SS0966  1 0.7719 0.0433 0.1848 
   NS_SS0938  1 0.9716 0.0013 0.0271 
   NS_SS0917  1 0.2756 0.0404 0.6839 
   NS_SS0957  1 0.9292 0.0052 0.0656 
   NS_SS0987  1 0.6937 0.2294 0.0770 
   NS_SS0717  1 0.9807 0.0022 0.0171 
   NS_SS0986  1 0.9363 0.0026 0.0611 
   NS_SS0953  1 0.9339 0.0137 0.0524 
   NS_SS0907  1 0.5860 0.0429 0.3711 
   NS_SS0974  1 0.0926 0.0030 0.9043 
   NS_SS0989  1 0.0249 0.0010 0.9741 
   NS_SS0991  1 0.0487 0.0019 0.9494 
   NS_SS0994  1 0.0068 0.0020 0.9912 
   NS_SS0931  1 0.0650 0.0096 0.9254 
   NS_SS1000  1 0.9684 0.0031 0.0285 
   NS_SS0919  1 0.0757 0.0028 0.9215 
   NS_SS0949  1 0.0131 0.0013 0.9855 
   NS_SS0960  1 0.0237 0.0054 0.9709 
   NS_SS0716  1 0.9885 0.0053 0.0062 
   NS_SS0924  1 0.0694 0.0199 0.9107 
   NS_SS0935  1 0.0077 0.0083 0.9840 
   NS_SS0952  1 0.0236 0.0305 0.9459 
   NS_SS0962  1 0.9848 0.0056 0.0096 
   NS_SS0973  1 0.1333 0.0042 0.8625 
   NS_SS0722  1 0.9696 0.0021 0.0283 
   NS_SS0979  1 0.8539 0.0021 0.1440 
   NS_SS0993  1 0.8557 0.0146 0.1298 
   NS_SS0958  1 0.0576 0.0025 0.9399 
   NS_SS0988  1 0.8066 0.0049 0.1885 
   NS_SS1003  1 0.9704 0.0082 0.0214 
   NS_SS0976  1 0.0721 0.0019 0.9260 
   NS_SS0964  1 0.9664 0.0022 0.0314 
   NS_SS0939  1 0.9802 0.0040 0.0158 
   NS_SS0990  1 0.8198 0.0034 0.1767 
   NS_SS0984  1 0.9840 0.0019 0.0140 
   NS_SS0980  1 0.4018 0.0020 0.5961 
   NS_SS0978  1 0.3494 0.0032 0.6474 
   NS_SS0951  1 0.2726 0.0028 0.7246 
   NS_SS0913  1 0.8443 0.0364 0.1193 
   NS_SS1002  1 0.9579 0.0323 0.0099 
   NS_SS0948  1 0.8101 0.0368 0.1532 
   NS_SS0916  1 0.2274 0.0051 0.7675 
   NS_SS0995  1 0.8387 0.0031 0.1581 
   NS_SS0927  1 0.3715 0.0049 0.6236 
   NS_SS0992  1 0.1348 0.0031 0.8620 
   NS_SS0912  1 0.4246 0.0027 0.5727 
   NS_SS0981  1 0.7913 0.0030 0.2058 
   NS_SS0729  2 0.0070 0.0030 0.9900 
   NS_SS0967  2 0.7170 0.0109 0.2721 
   NS_SS0941  2 0.4167 0.0750 0.5083 
   NS_SS0768  2 0.9729 0.0042 0.0229 
   NS_SS0726  2 0.0122 0.0068 0.9810 
   NS_SS0763  2 0.0409 0.0022 0.9569 
   NS_SS0730  2 0.9887 0.0022 0.0090 
   NS_SS0774  2 0.9903 0.0008 0.0089 
   NS_SS0723  2 0.9455 0.0013 0.0531 
   NS_SS0940  2 0.1860 0.0067 0.8073 
   NS_SS0762  2 0.9747 0.0025 0.0228 
   NS_SS0766  2 0.4297 0.0126 0.5577 
   NS_SS0724  2 0.9638 0.0032 0.0330 
   NS_SS0769  2 0.9065 0.0035 0.0900 
   NS_SS0777  2 0.6057 0.0109 0.3834 
   NS_SS0734  2 0.2382 0.0274 0.7344 
   NS_SS0737  2 0.9862 0.0040 0.0098 
   NS_SS0732  2 0.9107 0.0046 0.0847 
   NS_SS0728  2 0.8017 0.0100 0.1884 
   NS_SS0735  2 0.9071 0.0066 0.0863 
   NS_SS0725  2 0.9708 0.0059 0.0233 
   NS_SS0788  2 0.6623 0.0013 0.3364 
   NS_SS0778  2 0.6188 0.0013 0.3798 
   NS_SS0792  2 0.6770 0.0051 0.3179 
   NS_SS0943  2 0.0179 0.0064 0.9757 
   NS_SS0791  2 0.2841 0.0180 0.6979 
   NS_SS0790  2 0.9922 0.0027 0.0051 
   NS_SS0731  2 0.9736 0.0097 0.0167 
   NS_SS0727  2 0.0407 0.0017 0.9576 
   NS_SS0779  2 0.7143 0.0056 0.2801 
   NS_SS0776  2 0.4679 0.0064 0.5257 
   NS_SS0775  2 0.9790 0.0053 0.0157 
   NS_SS0965  3 0.8487 0.0016 0.1498 
   NS_SS0754  3 0.0848 0.0118 0.9034 
   NS_SS0838  3 0.8220 0.0358 0.1422 
   NS_SS0839  3 0.9876 0.0028 0.0096 
   NS_SS0832  3 0.9544 0.0352 0.0103 
   NS_SS0820  3 0.9864 0.0049 0.0087 
   NS_SS0886  3 0.1284 0.0019 0.8697 
   NS_SS0748  3 0.4076 0.0081 0.5844 
   NS_SS0884  3 0.6393 0.0205 0.3403 
   NS_SS0752  3 0.5626 0.0018 0.4355 
   NS_SS0862  3 0.9711 0.0034 0.0255 
   NS_SS0787  3 0.0162 0.0055 0.9783 
   NS_SS0843  3 0.7028 0.0017 0.2954 
   NS_SS0856  3 0.9681 0.0029 0.0290 
   NS_SS0846  3 0.3255 0.0032 0.6713 
   NS_SS0825  3 0.9077 0.0085 0.0838 
   NS_SS0757  3 0.1834 0.0034 0.8132 
   NS_SS0876  3 0.7629 0.2083 0.0288 
   NS_SS0903  3 0.8617 0.0023 0.1361 
   NS_SS0875  3 0.9345 0.0030 0.0625 
   NS_SS0740  3 0.1712 0.0032 0.8256 
   NS_SS0811  3 0.9645 0.0078 0.0277 
   NS_SS0751  3 0.8902 0.0018 0.1081 
   NS_SS0891  3 0.9617 0.0048 0.0335 
   NS_SS0867  3 0.0693 0.0291 0.9016 
   NS_SS0890  3 0.1327 0.0034 0.8639 
   NS_SS0866  3 0.0465 0.0045 0.9490 
   NS_SS0755  3 0.5301 0.0067 0.4632 
   NS_SS0758  3 0.7395 0.0018 0.2587 
   NS_SS0840  3 0.9902 0.0019 0.0079 
   NS_SS0889  3 0.1375 0.0020 0.8605 
   NS_SS1010  3 0.8515 0.0359 0.1126 
   NS_SS0888  3 0.0079 0.0013 0.9908 
   NS_SS0837  3 0.7740 0.0026 0.2234 
   NS_SS0794  3 0.0294 0.0016 0.9690 
   NS_SS0823  3 0.9709 0.0039 0.0252 
   NS_SS0829  3 0.0091 0.0987 0.8921 
   NS_SS0844  3 0.9830 0.0018 0.0152 
   NS_SS1008  3 0.1112 0.0114 0.8774 
   NS_SS0881  3 0.2192 0.0025 0.7783 
   NS_SS0834  3 0.9705 0.0056 0.0239 
   NS_SS0744  3 0.4143 0.0068 0.5789 
   NS_SS0899  3 0.9895 0.0014 0.0091 
   NS_SS0804  3 0.9878 0.0032 0.0090 
   NS_SS0781  3 0.9904 0.0023 0.0073 
   NS_SS0822  3 0.0695 0.0017 0.9287 
   NS_SS1004  3 0.3756 0.0036 0.6208 
   NS_SS0746  3 0.3033 0.0127 0.6840 
   NS_SS0880  3 0.5883 0.0015 0.4102 
   NS_SS0879  3 0.9236 0.0113 0.0651 
   NS_SS0753  3 0.0118 0.0080 0.9802 
   NS_SS1007  3 0.5761 0.0017 0.4222 
   NS_SS0872  3 0.9830 0.0016 0.0154 
   NS_SS1005  3 0.9686 0.0010 0.0304 
   NS_SS0892  3 0.6988 0.0020 0.2992 
   NS_SS0898  3 0.1679 0.0058 0.8262 
   NS_SS0801  3 0.8234 0.0102 0.1664 
   NS_SS0827  3 0.5001 0.1289 0.3711 
   NS_SS0853  3 0.8903 0.0049 0.1048 
   NS_SS0780  3 0.9358 0.0036 0.0606 
   NS_SS0826  3 0.5861 0.0034 0.4105 
   NS_SS0818  3 0.9165 0.0016 0.0819 
   NS_SS0745  3 0.9908 0.0013 0.0079 
   NS_SS0849  3 0.9025 0.0014 0.0961 
   NS_SS0739  3 0.9277 0.0121 0.0602 
   NS_SS0799  3 0.0157 0.0010 0.9832 
   NS_SS0756  3 0.9896 0.0031 0.0073 
   NS_SS0802  3 0.3063 0.2080 0.4857 
   NS_SS0747  3 0.2500 0.0059 0.7441 
   NS_SS0835  3 0.0176 0.0012 0.9813 
   NS_SS0742  3 0.8425 0.0011 0.1564 
   NS_SS0760  3 0.0208 0.0393 0.9399 
   NS_SS0803  3 0.9724 0.0064 0.0212 
   NS_SS0828  3 0.0795 0.0014 0.9191 
   NS_SS0865  3 0.7100 0.0293 0.2607 
   NS_SS0759  3 0.9764 0.0036 0.0200 
   NS_SS0851  3 0.9845 0.0101 0.0054 
   NS_SS0874  3 0.9565 0.0013 0.0422 
   NS_SS0761  3 0.0468 0.0025 0.9507 
   NS_SS0842  3 0.2144 0.0077 0.7779 
   NS_SS0785  3 0.2338 0.0058 0.7604 
   NS_SS0860  3 0.0459 0.0023 0.9518 
   NS_SS0897  3 0.0108 0.0017 0.9875 
   NS_SS0841  3 0.9776 0.0033 0.0190 
   NS_SS0797  3 0.1395 0.0258 0.8348 
   NS_SS0830  3 0.3194 0.0019 0.6787 
   NS_SS1011  3 0.9675 0.0042 0.0283 
   NS_SS0883  3 0.1441 0.0064 0.8496 
   NS_SS0782  3 0.8671 0.0020 0.1309 
   NS_SS0831  3 0.0262 0.0027 0.9711 
   NS_SS0749  3 0.0817 0.0042 0.9141 
   NS_SS0854  3 0.1209 0.0029 0.8762 
   HI_SS0193  4 0.0255 0.0015 0.9730 
   HI_SS0194  4 0.9691 0.0014 0.0295 
   HI_SS0195  4 0.9189 0.0736 0.0075 
   HI_SS0196  4 0.4707 0.0027 0.5266 
   HI_SS0197  4 0.9759 0.0111 0.0130 
   HI_SS0198  4 0.6244 0.0103 0.3653 
   HI_SS0199  4 0.0465 0.0024 0.9511 
   HI_SS0201  4 0.0087 0.0019 0.9894 
   HI_SS0215  4 0.0701 0.0030 0.9269 
   HI_SS0218  4 0.0066 0.0045 0.9889 
   HI_SS0222  4 0.9555 0.0037 0.0408 
   HI_SS0230  4 0.9707 0.0043 0.0250 
   HI_SS0234  4 0.5307 0.1512 0.3181 
   HI_SS0240  4 0.7721 0.0067 0.2213 
   HI_SS0241  4 0.0201 0.0020 0.9778 
   HI_SS0242  4 0.3763 0.0028 0.6208 
   HI_SS0247  4 0.9626 0.0161 0.0213 
   HI_SS0248  4 0.0063 0.0009 0.9929 
   HI_SS0252  4 0.9704 0.0021 0.0275 
   HI_SS0254  4 0.0162 0.0798 0.9040 
   HI_SS0256  4 0.9940 0.0012 0.0047 
   HI_SS0257  4 0.0126 0.0026 0.9848 
   HI_SS0258  4 0.0148 0.0044 0.9808 
   HI_SS0259  4 0.9459 0.0026 0.0516 
   HI_SS0260  4 0.0340 0.0017 0.9643 
   HI_SS0261  4 0.0362 0.0030 0.9608 
   HI_SS0262  4 0.9612 0.0061 0.0328 
   HI_SS0264  4 0.9859 0.0036 0.0105 
   HI_SS0265  4 0.8619 0.0834 0.0547 
   HI_SS0268  4 0.9446 0.0026 0.0528 
   HI_SS0269  4 0.0069 0.0015 0.9916 
   HI_SS0273  4 0.0390 0.0014 0.9597 
   HI_SS0277  4 0.8267 0.0021 0.1712 
   HI_SS0280  4 0.5506 0.0053 0.4441 
   HI_SS0282  4 0.0341 0.0009 0.9650 
   HI_SS0286  4 0.4768 0.0070 0.5162 
   NS_SS1252  5 0.0146 0.0035 0.9819 
   NS_SS1261  5 0.8718 0.0140 0.1142 
   NS_SS1225  5 0.1601 0.1078 0.7321 
   NS_SS1266  5 0.9841 0.0069 0.0091 
   NS_SS1228  5 0.9529 0.0118 0.0353 
   NS_SS1255  5 0.8119 0.0013 0.1868 
   NS_SS1267  5 0.0049 0.0122 0.9829 
   NS_SS1238  5 0.8108 0.0023 0.1869 
   NS_SS1233  5 0.9170 0.0018 0.0812 
   NS_SS1277  5 0.0138 0.0009 0.9853 
   NS_SS1245  5 0.0579 0.0016 0.9404 
   NS_SS1240  5 0.0158 0.0020 0.9822 
   NS_SS1275  5 0.9906 0.0022 0.0073 
   NS_SS1235  5 0.4074 0.0054 0.5873 
   NS_SS1263  5 0.8843 0.0010 0.1147 
   NS_SS1251  5 0.8391 0.0014 0.1595 
   NS_SS1248  5 0.7627 0.0885 0.1487 
   NS_SS1244  5 0.1046 0.0050 0.8904 
   NS_SS1257  5 0.0560 0.0271 0.9169 
   NS_SS1242  5 0.9907 0.0023 0.0070 
   NS_SS1271  5 0.0094 0.0253 0.9653 
   NS_SS1265  5 0.3491 0.0193 0.6316 
   NS_SS1243  5 0.8828 0.0737 0.0436 
   NS_SS1273  5 0.9823 0.0070 0.0107 
   NS_SS1254  5 0.6155 0.0061 0.3785 
   NS_SS1224  5 0.9741 0.0069 0.0190 
   NS_SS1227  5 0.0112 0.0017 0.9871 
   NS_SS1274  5 0.0685 0.0166 0.9149 
   NS_SS1241  5 0.0205 0.0009 0.9785 
   NS_SS1256  5 0.6991 0.0376 0.2633 
   NS_SS1260  5 0.0705 0.0720 0.8575 
   NS_SS1262  5 0.1029 0.1758 0.7213 
   NS_SS1230  5 0.1434 0.0077 0.8489 
   NS_SS1270  5 0.9427 0.0018 0.0554 
   NS_SS1229  5 0.8112 0.0035 0.1853 
   NS_SS1246  5 0.0353 0.0030 0.9618 
   NS_SS1269  5 0.7918 0.0019 0.2063 
   NS_SS1239  5 0.8177 0.0040 0.1783 
   NS_SS1272  5 0.9575 0.0054 0.0371 
   NS_SS1268  5 0.8169 0.0019 0.1811 
   NS_SS1249  5 0.0073 0.0100 0.9827 
   HI_SS0559  6 0.1074 0.0020 0.8906 
   HI_SS0563  6 0.6640 0.0026 0.3334 
   HI_SS0564  6 0.7709 0.0546 0.1744 
   HI_SS0565  6 0.3126 0.0034 0.6840 
   HI_SS0569  6 0.0136 0.0022 0.9843 
   HI_SS0570  6 0.0132 0.0346 0.9522 
   HI_SS0572  6 0.9376 0.0021 0.0603 
   HI_SS0576  6 0.8633 0.0058 0.1309 
   HI_SS0579  6 0.0264 0.0168 0.9568 
   HI_SS0580  6 0.2661 0.0040 0.7299 
   HI_SS0581  6 0.9369 0.0484 0.0147 
   HI_SS0583  6 0.3752 0.0027 0.6221 
   HI_SS0586  6 0.0117 0.0010 0.9873 
   HI_SS0588  6 0.0456 0.0160 0.9384 
   HI_SS0595  6 0.0812 0.0246 0.8942 
   HI_SS0596  6 0.9749 0.0018 0.0233 
   HI_SS0597  6 0.9844 0.0018 0.0138 
   HI_SS0600  6 0.3149 0.0034 0.6818 
   HI_SS0601  6 0.0648 0.0116 0.9236 
   HI_SS0602  6 0.1000 0.0024 0.8976 
   HI_SS0604  6 0.7223 0.0017 0.2760 
   HI_SS0605  6 0.2109 0.0078 0.7813 
   HI_SS0608  6 0.2524 0.0011 0.7464 
   HI_SS0609  6 0.9543 0.0007 0.0450 
   HI_SS0611  6 0.0666 0.0027 0.9307 
   HI_SS0612  6 0.1237 0.0077 0.8686 
   HI_SS0613  6 0.8116 0.0013 0.1870 
   HI_SS0615  6 0.9398 0.0083 0.0519 
   HI_SS0001  6 0.1995 0.0037 0.7968 
   HI_SS0002  6 0.9347 0.0234 0.0419 
   HI_SS0004  6 0.1285 0.0054 0.8661 
   HI_SS0005  6 0.7587 0.0054 0.2359 
   HI_SS0006  6 0.4310 0.0015 0.5674 
   HI_SS0007  6 0.0161 0.0024 0.9815 
   HI_SS0008  6 0.2796 0.0405 0.6799 
   HI_SS0009  6 0.9026 0.0037 0.0936 
   HI_SS0010  6 0.0412 0.0034 0.9553 
   HI_SS0011  6 0.8419 0.0801 0.0779 
   HI_SS0012  6 0.9447 0.0042 0.0511 
   HI_SS0017  6 0.9652 0.0016 0.0333 
   HI_SS0021  6 0.3893 0.2435 0.3672 
   HI_SS0024  6 0.9616 0.0019 0.0365 
   HI_SS0025  6 0.9785 0.0028 0.0187 
   HI_SS0027  6 0.0131 0.0115 0.9754 
   HI_SS0028  6 0.9888 0.0014 0.0098 
   HI_SS0029  6 0.8987 0.0068 0.0945 
   HI_SS0030  6 0.0283 0.0049 0.9667 
   HI_SS0031  6 0.2789 0.0034 0.7177 
   HI_SS0034  6 0.0082 0.0044 0.9874 
   HI_SS0036  6 0.0196 0.0111 0.9693 
   HI_SS0037  6 0.2953 0.0042 0.7004 
   HI_SS0039  6 0.0461 0.0032 0.9508 
   HI_SS0041  6 0.9814 0.0018 0.0168 
   HI_SS0042  6 0.8328 0.1056 0.0616 
   HI_SS0043  6 0.0068 0.0026 0.9906 
   HI_SS0044  6 0.7292 0.0020 0.2688 
   HI_SS0047  6 0.8895 0.0022 0.1083 
   HI_SS0049  6 0.8561 0.0036 0.1404 
   HI_SS0051  6 0.7824 0.0021 0.2155 
   HI_SS0053  6 0.0077 0.0040 0.9883 
   HI_SS0054  6 0.0078 0.0031 0.9891 
   HI_SS0057  6 0.4222 0.0028 0.5750 
   HI_SS0058  6 0.2829 0.0074 0.7097 
   HI_SS0060  6 0.0935 0.0873 0.8192 
   HI_SS0087  6 0.5661 0.0021 0.4318 
   HI_SS0091  6 0.0136 0.0011 0.9853 
   HI_SS0095  6 0.1706 0.0621 0.7673 
   HI_SS0097  6 0.5816 0.0043 0.4141 
   HI_SS0099  6 0.9773 0.0036 0.0190 
   HI_SS0103  6 0.8534 0.0027 0.1439 
   HI_SS0105  6 0.8906 0.0203 0.0890 
   HI_SS0107  6 0.9794 0.0008 0.0199 
   HI_SS0108  6 0.0049 0.0161 0.9790 
   HI_SS0110  6 0.2288 0.0011 0.7701 
   HI_SS0111  6 0.9119 0.0196 0.0684 
   HI_SS0112  6 0.0065 0.0011 0.9925 
   HI_SS0113  6 0.9893 0.0027 0.0080 
   HI_SS0114  6 0.0381 0.0051 0.9568 
   HI_SS0115  6 0.2691 0.0173 0.7137 
   HI_SS0116  6 0.0908 0.0033 0.9059 
   HI_SS0117  6 0.0712 0.0022 0.9267 
   HI_SS0118  6 0.3600 0.0104 0.6296 
   HI_SS0119  6 0.0332 0.0019 0.9649 
   HI_SS0120  6 0.9890 0.0027 0.0083 
   HI_SS0121  6 0.9893 0.0014 0.0093 
   HI_SS0122  6 0.8974 0.0203 0.0823 
   HI_SS0123  6 0.6786 0.0052 0.3162 
   HI_SS0124  6 0.9793 0.0022 0.0185 
   HI_SS0125  6 0.9362 0.0365 0.0273 
   HI_SS0126  6 0.0080 0.0008 0.9912 
   HI_SS0127  6 0.1721 0.0093 0.8186 
   HI_SS0128  6 0.5410 0.0026 0.4563 
   HI_SS0129  6 0.3719 0.0099 0.6183 
   HI_SS0131  6 0.4972 0.0371 0.4657 
   HI_SS0132  6 0.2851 0.0006 0.7143 
   HI_SS0133  6 0.0054 0.0013 0.9933 
   HI_SS0134  6 0.2631 0.0018 0.7351 
   HI_SS0142  6 0.8640 0.0147 0.1213 
   HI_SS0145  6 0.0815 0.0014 0.9171 
   HI_SS0146  6 0.0267 0.0010 0.9723 
   HI_SS0147  6 0.9765 0.0165 0.0070 
   HI_SS0149  6 0.4969 0.0049 0.4982 
   HI_SS0150  6 0.9739 0.0036 0.0225 
   HI_SS0151  6 0.1684 0.0129 0.8188 
   NS_SS1451  6 0.9846 0.0027 0.0127 
   NS_SS1404  6 0.9667 0.0088 0.0245 
   NS_SS1432  6 0.9637 0.0272 0.0091 
   NS_SS1405  6 0.8956 0.0027 0.1017 
   NS_SS1431  6 0.9762 0.0008 0.0231 
   NS_SS1402  6 0.8293 0.0023 0.1684 
   NS_SS1450  6 0.0851 0.0040 0.9109 
   NS_SS1396  6 0.9644 0.0053 0.0303 
   NS_SS1393  6 0.6106 0.0036 0.3858 
   NS_SS1392  6 0.9133 0.0139 0.0728 
   NS_SS1445  6 0.0860 0.0102 0.9039 
   NS_SS1423  6 0.0402 0.0014 0.9584 
   NS_SS1421  6 0.2043 0.1042 0.6915 
   NS_SS1411  6 0.0467 0.0015 0.9518 
   NS_SS1453  6 0.1931 0.0062 0.8008 
   NS_SS1442  6 0.7595 0.0035 0.2370 
   NS_SS1422  6 0.1765 0.0133 0.8102 
   NS_SS1419  6 0.7868 0.1575 0.0557 
   NS_SS1427  6 0.0056 0.0019 0.9924 
   NS_SS1444  6 0.9737 0.0031 0.0232 
   NS_SS1455  6 0.9901 0.0010 0.0089 
   NS_SS1425  6 0.0113 0.0013 0.9874 
   NS_SS1400  6 0.0614 0.0013 0.9373 
   NS_SS1406  6 0.9769 0.0074 0.0157 
   NS_SS1417  6 0.8463 0.0064 0.1473 
   NS_SS1454  6 0.5833 0.0011 0.4155 
   NS_SS1412  6 0.3011 0.0265 0.6725 
   NS_SS1438  6 0.0173 0.0011 0.9816 
   NS_SS1416  6 0.9763 0.0050 0.0187 
   NS_SS1401  6 0.9179 0.0106 0.0715 
   NS_SS1424  6 0.3337 0.0133 0.6530 
   NS_SS1435  6 0.2933 0.0025 0.7042 
   NS_SS1447  6 0.9850 0.0050 0.0100 
   NS_SS1414  6 0.9787 0.0057 0.0156 
   NS_SS1449  6 0.4539 0.0041 0.5420 
   NS_SS1443  6 0.0061 0.0015 0.9923 
   NS_SS1434  6 0.1473 0.0006 0.8521 
   NS_SS1398  6 0.5307 0.0208 0.4484 
   NS_SS1426  6 0.0104 0.0021 0.9876 
   NS_SS1413  6 0.0093 0.0077 0.9830 
   NS_SS1395  6 0.0202 0.0100 0.9698 
   NS_SS1448  6 0.1515 0.0018 0.8467 
   NS_SS1446  6 0.6321 0.0029 0.3650 
   NS_SS1403  6 0.7875 0.0049 0.2076 
   NS_SS1415  6 0.0131 0.0075 0.9795 
   NS_SS1437  6 0.7017 0.0070 0.2914 
   NS_SS1439  6 0.8501 0.0026 0.1472 
   NS_SS1441  6 0.0265 0.0017 0.9718 
   NS_SS1420  6 0.9876 0.0026 0.0099 
   NS_SS1394  6 0.9253 0.0330 0.0417 
   NS_SS1391  6 0.1204 0.0138 0.8657 
   NS_SS1410  6 0.6329 0.0119 0.3552 
   NS_SS1408  6 0.4312 0.0586 0.5102 
   NS_SS1409  6 0.6608 0.0023 0.3368 
   HI_SS0617  7 0.4012 0.0012 0.5976 
   HI_SS0618  7 0.8937 0.0021 0.1042 
   HI_SS0619  7 0.8123 0.0029 0.1848 
   HI_SS0620  7 0.0066 0.0020 0.9914 
   HI_SS0621  7 0.9472 0.0108 0.0420 
   HI_SS0622  7 0.3920 0.0117 0.5963 
   HI_SS0626  7 0.8068 0.0081 0.1851 
   HI_SS0627  7 0.9810 0.0060 0.0130 
   HI_SS0628  7 0.6267 0.0512 0.3222 
   HI_SS0629  7 0.5539 0.0064 0.4397 
   HI_SS0630  7 0.1642 0.0510 0.7848 
   HI_SS0631  7 0.0179 0.0008 0.9814 
   HI_SS0632  7 0.5551 0.0033 0.4416 
   HI_SS0633  7 0.9820 0.0030 0.0149 
   HI_SS0634  7 0.7966 0.0020 0.2014 
   HI_SS0635  7 0.9321 0.0066 0.0613 
   HI_SS0637  7 0.8324 0.0028 0.1648 
   HI_SS0638  7 0.4708 0.0011 0.5281 
   HI_SS0639  7 0.9315 0.0371 0.0314 
   HI_SS0640  7 0.0796 0.0019 0.9185 
   HI_SS0641  7 0.0706 0.0049 0.9245 
   HI_SS0642  7 0.5643 0.0021 0.4336 
   HI_SS0645  7 0.9873 0.0008 0.0119 
   HI_SS0646  7 0.3405 0.0029 0.6566 
   HI_SS0647  7 0.4237 0.0011 0.5752 
   HI_SS0648  7 0.2090 0.0031 0.7879 
   HI_SS0649  7 0.8461 0.0017 0.1522 
   HI_SS0650  7 0.8481 0.0037 0.1482 
   HI_SS0651  7 0.1259 0.0041 0.8700 
   HI_SS0652  7 0.9771 0.0029 0.0200 
   NS_SS1371  7 0.0261 0.0060 0.9679 
   NS_SS1374  7 0.1234 0.0025 0.8741 
   NS_SS1337  7 0.9760 0.0030 0.0210 
   NS_SS1385  7 0.6468 0.0041 0.3491 
   NS_SS1388  7 0.9320 0.0061 0.0619 
   NS_SS1370  7 0.8723 0.0085 0.1192 
   NS_SS1389  7 0.9810 0.0032 0.0159 
   NS_SS1360  7 0.0361 0.0045 0.9595 
   NS_SS1330  7 0.9770 0.0032 0.0198 
   NS_SS1328  7 0.0193 0.0021 0.9786 
   NS_SS1384  7 0.0548 0.0034 0.9418 
   NS_SS1381  7 0.9753 0.0009 0.0239 
   NS_SS1375  7 0.9621 0.0012 0.0367 
   NS_SS1319  7 0.2845 0.1187 0.5968 
   NS_SS1326  7 0.0790 0.0092 0.9118 
   NS_SS1341  7 0.3869 0.0045 0.6086 
   NS_SS1383  7 0.4291 0.0043 0.5666 
   NS_SS1318  7 0.8890 0.0130 0.0980 
   NS_SS1348  7 0.0077 0.0014 0.9909 
   NS_SS1363  7 0.9111 0.0041 0.0848 
   NS_SS1335  7 0.0180 0.0266 0.9553 
   NS_SS1358  7 0.0862 0.0150 0.8988 
   NS_SS1342  7 0.0759 0.0014 0.9227 
   NS_SS1320  7 0.9870 0.0053 0.0077 
   NS_SS1355  7 0.9681 0.0097 0.0222 
   NS_SS1345  7 0.5146 0.0183 0.4672 
   NS_SS1324  7 0.0908 0.0027 0.9065 
   NS_SS1347  7 0.0387 0.0036 0.9577 
   NS_SS1321  7 0.2954 0.0012 0.7034 
   NS_SS1333  7 0.3868 0.0028 0.6104 
   NS_SS1364  7 0.0816 0.0021 0.9164 
   NS_SS1379  7 0.8119 0.0488 0.1393 
   NS_SS1332  7 0.0060 0.0044 0.9896 
   NS_SS1338  7 0.1780 0.0077 0.8142 
   NS_SS1368  7 0.1661 0.0042 0.8298 
   NS_SS1354  7 0.9284 0.0093 0.0622 
   NS_SS1365  7 0.8175 0.0080 0.1745 
   NS_SS1380  7 0.9681 0.0185 0.0133 
   NS_SS1329  7 0.1254 0.0028 0.8718 
   NS_SS1362  7 0.4481 0.0043 0.5476 
   NS_SS1327  7 0.0045 0.0032 0.9923 
   NS_SS1350  7 0.0437 0.0090 0.9473 
   NS_SS1387  7 0.9704 0.0025 0.0270 
   NS_SS1369  7 0.0389 0.0034 0.9576 
   NS_SS1331  7 0.8743 0.0072 0.1185 
   NS_SS1357  7 0.2548 0.0034 0.7418 
   NS_SS1386  7 0.0064 0.0025 0.9910 
   NS_SS1353  7 0.8988 0.0032 0.0980 
   NS_SS1323  7 0.8226 0.0697 0.1077 
   HI_SS0296  8 0.0355 0.0017 0.9628 
   HI_SS0297  8 0.4162 0.0007 0.5831 
   HI_SS0299  8 0.4150 0.0344 0.5506 
   HI_SS0300  8 0.2744 0.0013 0.7243 
   HI_SS0301  8 0.6529 0.0040 0.3431 
   HI_SS0302  8 0.0209 0.0201 0.9590 
   HI_SS0303  8 0.0168 0.0053 0.9779 
   HI_SS0304  8 0.9720 0.0016 0.0264 
   HI_SS0306  8 0.0082 0.0029 0.9889 
   HI_SS0307  8 0.9719 0.0070 0.0211 
   HI_SS0308  8 0.5491 0.0867 0.3642 
   HI_SS0309  8 0.8886 0.0028 0.1086 
   HI_SS0310  8 0.6613 0.0061 0.3326 
   HI_SS0311  8 0.7384 0.0021 0.2595 
   HI_SS0314  8 0.2542 0.0014 0.7444 
   HI_SS0316  8 0.0871 0.0037 0.9092 
   HI_SS0317  8 0.7333 0.0021 0.2646 
   HI_SS0318  8 0.0359 0.1946 0.7694 
   HI_SS0319  8 0.0062 0.0036 0.9902 
   HI_SS0320  8 0.9839 0.0010 0.0151 
   HI_SS0321  8 0.0694 0.0019 0.9286 
   HI_SS0323  8 0.5637 0.0015 0.4348 
   HI_SS0325  8 0.0688 0.0018 0.9293 
   HI_SS0327  8 0.0082 0.0011 0.9907 
   HI_SS0329  8 0.9125 0.0012 0.0863 
   HI_SS0333  8 0.8109 0.0024 0.1867 
   HI_SS0334  8 0.0169 0.0012 0.9818 
   HI_SS0335  8 0.8867 0.0184 0.0950 
   HI_SS0339  8 0.9505 0.0117 0.0378 
   HI_SS0343  8 0.8597 0.0016 0.1387 
   HI_SS0344  8 0.0039 0.0027 0.9934 
   HI_SS0345  8 0.8844 0.0064 0.1092 
   HI_SS0346  8 0.8024 0.0031 0.1945 
   HI_SS0350  8 0.9848 0.0072 0.0079 
   HI_SS0351  8 0.6835 0.0031 0.3134 
   HI_SS0352  8 0.8900 0.0789 0.0312 
   HI_SS0362  8 0.1306 0.0021 0.8673 
   HI_SS0363  8 0.0149 0.0033 0.9817 
   HI_SS0365  8 0.0500 0.0051 0.9449 
   HI_SS0366  8 0.0139 0.0014 0.9847 
   HI_SS0367  8 0.9906 0.0019 0.0075 
   HI_SS0369  8 0.9786 0.0020 0.0195 
   HI_SS0370  8 0.1459 0.0032 0.8509 
   HI_SS0371  8 0.0741 0.0038 0.9221 
   HI_SS0373  8 0.6661 0.0100 0.3240 
   HI_SS0374  8 0.9608 0.0193 0.0199 
   HI_SS0377  8 0.0479 0.0755 0.8766 
   HI_SS0379  8 0.0032 0.0009 0.9959 
   HI_SS0380  8 0.9373 0.0049 0.0579 
   HI_SS0381  8 0.9810 0.0032 0.0158 
   HI_SS0384  8 0.1829 0.0075 0.8096 
   HI_SS0385  8 0.5588 0.0009 0.4403 
   HI_SS0386  9 0.0014 0.9971 0.0015 
   HI_SS0387  9 0.0126 0.9728 0.0147 
   HI_SS0389  9 0.0028 0.9940 0.0032 
   HI_SS0390  9 0.0016 0.9970 0.0014 
   HI_SS0391  9 0.0030 0.9947 0.0023 
   HI_SS0392  9 0.0015 0.9971 0.0014 
   HI_SS0393  9 0.0014 0.9969 0.0017 
   HI_SS0394  9 0.0015 0.9971 0.0014 
   HI_SS0395  9 0.0032 0.9936 0.0032 
   HI_SS0396  9 0.0127 0.9800 0.0073 
   HI_SS0398  9 0.0055 0.9896 0.0049 
   HI_SS0399  9 0.0011 0.9978 0.0011 
   HI_SS0400  9 0.0020 0.9963 0.0017 
   HI_SS0401  9 0.0015 0.9971 0.0014 
   HI_SS0402  9 0.0011 0.9976 0.0013 
   HI_SS0403  9 0.0014 0.9973 0.0013 
   HI_SS0404  9 0.0011 0.9978 0.0010 
   HI_SS0405  9 0.0194 0.9660 0.0145 
   HI_SS0406  9 0.0018 0.9962 0.0020 
   HI_SS0407  9 0.0071 0.9869 0.0060 
   HI_SS0408  9 0.0011 0.9978 0.0010 
   HI_SS0409  9 0.0027 0.9944 0.0029 
   HI_SS0411  9 0.0025 0.9952 0.0023 
   HI_SS0412  9 0.0929 0.8230 0.0841 
   HI_SS0413  9 0.0020 0.9959 0.0020 
   HI_SS0414  9 0.0217 0.9650 0.0133 
   HI_SS0415  9 0.0017 0.9964 0.0018 
   HI_SS0416  9 0.0034 0.9938 0.0028 
   HI_SS0418  9 0.0046 0.9898 0.0057 
   HI_SS0419  9 0.0032 0.9944 0.0024 
   HI_SS0420  9 0.0017 0.9963 0.0020 
   HI_SS0421  9 0.0041 0.9918 0.0042 
   HI_SS0422  9 0.0014 0.9973 0.0012 
   HI_SS0423  9 0.0044 0.9915 0.0041 
   HI_SS0424  9 0.0018 0.9966 0.0016 
   HI_SS0425  9 0.0033 0.9945 0.0022 
   NS_SS1146 10 0.0019 0.9957 0.0024 
   NS_SS1157 10 0.0054 0.9878 0.0068 
   NS_SS1144 10 0.0170 0.9607 0.0223 
   NS_SS1074 10 0.0031 0.9933 0.0036 
   NS_SS1122 10 0.0042 0.9913 0.0045 
   NS_SS1136 10 0.0010 0.9979 0.0011 
   NS_SS1077 10 0.0006 0.9987 0.0007 
   NS_SS1134 10 0.0125 0.9782 0.0093 
   NS_SS1091 10 0.0022 0.9962 0.0016 
   NS_SS1089 10 0.0024 0.9945 0.0031 
   NS_SS1123 10 0.0014 0.9970 0.0016 
   NS_SS1158 10 0.0008 0.9984 0.0008 
   NS_SS1093 10 0.0021 0.9957 0.0022 
   NS_SS1102 10 0.0059 0.9897 0.0044 
   NS_SS1056 10 0.0018 0.9968 0.0014 
   NS_SS1126 10 0.0023 0.9947 0.0030 
   NS_SS1058 10 0.0035 0.9932 0.0032 
   NS_SS1084 10 0.0013 0.9974 0.0013 
   NS_SS1095 10 0.0047 0.9882 0.0071 
   NS_SS1079 10 0.0014 0.9969 0.0018 
   NS_SS1149 10 0.0022 0.9958 0.0020 
   NS_SS1121 10 0.0018 0.9969 0.0013 
   NS_SS1067 10 0.0058 0.9899 0.0043 
   NS_SS1081 10 0.0020 0.9959 0.0021 
   NS_SS1130 10 0.0035 0.9939 0.0025 
   NS_SS1073 10 0.0026 0.9951 0.0023 
   NS_SS1133 10 0.0105 0.9861 0.0034 
   NS_SS1129 10 0.0015 0.9974 0.0011 
   NS_SS1085 10 0.0017 0.9962 0.0020 
   NS_SS1137 10 0.0037 0.9919 0.0044 
   NS_SS1135 10 0.0014 0.9975 0.0011 
   NS_SS1082 10 0.0014 0.9975 0.0011 
   NS_SS1125 10 0.0012 0.9976 0.0012 
   NS_SS1124 10 0.0070 0.9874 0.0055 
   NS_SS1155 10 0.0070 0.9841 0.0089 
   NS_SS1145 10 0.0018 0.9966 0.0017 
