   NS_SS0963  1 0.6011 0.1206 0.0143 0.0181 0.0060 0.0309 0.1900 0.0190 
   NS_SS0983  1 0.6681 0.0219 0.2806 0.0031 0.0040 0.0052 0.0088 0.0083 
   NS_SS0719  1 0.0327 0.3862 0.1181 0.4106 0.0053 0.0117 0.0194 0.0159 
   NS_SS1001  1 0.1152 0.0289 0.0455 0.0813 0.0065 0.0142 0.5030 0.2054 
   NS_SS0936  1 0.0134 0.0405 0.0100 0.0230 0.0037 0.7423 0.1536 0.0136 
   NS_SS0955  1 0.3808 0.1616 0.0683 0.0246 0.0040 0.0255 0.1570 0.1782 
   NS_SS0944  1 0.0303 0.0416 0.0162 0.0249 0.0023 0.0582 0.0232 0.8032 
   NS_SS0945  1 0.0264 0.0069 0.0075 0.0160 0.0116 0.0299 0.0363 0.8653 
   NS_SS0922  1 0.0202 0.0297 0.0399 0.7577 0.0235 0.0187 0.1063 0.0041 
   NS_SS0929  1 0.0294 0.0534 0.3464 0.0230 0.0036 0.4569 0.0568 0.0306 
   NS_SS0956  1 0.0141 0.0155 0.0151 0.8208 0.0050 0.0283 0.0837 0.0175 
   NS_SS0906  1 0.0379 0.5371 0.0162 0.0189 0.0029 0.3440 0.0054 0.0376 
   NS_SS0721  1 0.7889 0.1441 0.0213 0.0184 0.0042 0.0053 0.0111 0.0067 
   NS_SS0982  1 0.0102 0.5719 0.1184 0.0412 0.0175 0.2042 0.0297 0.0068 
   NS_SS0923  1 0.0298 0.0995 0.0114 0.6922 0.0063 0.0607 0.0924 0.0077 
   NS_SS0905  1 0.0312 0.1921 0.6663 0.0315 0.0021 0.0366 0.0092 0.0309 
   NS_SS0925  1 0.0713 0.3424 0.0619 0.0150 0.0046 0.2300 0.2666 0.0082 
   NS_SS0947  1 0.0299 0.0171 0.0485 0.0115 0.0044 0.7741 0.0884 0.0260 
   NS_SS0926  1 0.0242 0.0265 0.0732 0.0233 0.0016 0.0079 0.0769 0.7664 
   NS_SS0918  1 0.0203 0.0145 0.0781 0.0227 0.0027 0.7362 0.0745 0.0511 
   NS_SS0966  1 0.0283 0.0211 0.0440 0.0203 0.0464 0.7818 0.0405 0.0177 
   NS_SS0938  1 0.0094 0.0073 0.0068 0.0489 0.0017 0.0177 0.9000 0.0082 
   NS_SS0917  1 0.1770 0.5386 0.0856 0.0956 0.0385 0.0092 0.0306 0.0251 
   NS_SS0957  1 0.0546 0.0281 0.1342 0.4223 0.0068 0.2458 0.0965 0.0118 
   NS_SS0987  1 0.0093 0.0242 0.0085 0.7030 0.2253 0.0049 0.0135 0.0113 
   NS_SS0717  1 0.1218 0.0962 0.0180 0.5106 0.0030 0.2197 0.0109 0.0198 
   NS_SS0986  1 0.9381 0.0086 0.0106 0.0072 0.0026 0.0074 0.0096 0.0160 
   NS_SS0953  1 0.0166 0.0073 0.0126 0.0090 0.0173 0.9131 0.0070 0.0171 
   NS_SS0907  1 0.1076 0.1740 0.1015 0.0149 0.0422 0.5429 0.0091 0.0078 
   NS_SS0974  1 0.0175 0.0231 0.2325 0.0188 0.0046 0.0318 0.2481 0.4237 
   NS_SS0989  1 0.0059 0.0064 0.9194 0.0073 0.0009 0.0103 0.0359 0.0138 
   NS_SS0991  1 0.0513 0.5291 0.0223 0.0094 0.0026 0.0280 0.0091 0.3481 
   NS_SS0994  1 0.0181 0.1675 0.0180 0.0245 0.0024 0.0100 0.0979 0.6617 
   NS_SS0931  1 0.0232 0.0628 0.0128 0.0472 0.0134 0.0181 0.1947 0.6278 
   NS_SS1000  1 0.0210 0.3009 0.0057 0.0125 0.0037 0.5040 0.0482 0.1040 
   NS_SS0919  1 0.0174 0.9034 0.0317 0.0068 0.0033 0.0207 0.0084 0.0084 
   NS_SS0949  1 0.0641 0.0370 0.0141 0.0062 0.0016 0.0051 0.0168 0.8551 
   NS_SS0960  1 0.0746 0.0777 0.6113 0.0576 0.0058 0.0451 0.0126 0.1152 
   NS_SS0716  1 0.0105 0.0109 0.0051 0.9470 0.0059 0.0064 0.0048 0.0094 
   NS_SS0924  1 0.1793 0.2922 0.2515 0.0551 0.0185 0.0319 0.1382 0.0332 
   NS_SS0935  1 0.0082 0.9341 0.0168 0.0073 0.0062 0.0075 0.0029 0.0169 
   NS_SS0952  1 0.0104 0.3725 0.1229 0.0196 0.0476 0.0539 0.0169 0.3563 
   NS_SS0962  1 0.1222 0.0194 0.0096 0.1300 0.0089 0.0970 0.5881 0.0248 
   NS_SS0973  1 0.0845 0.4998 0.2935 0.0197 0.0038 0.0769 0.0099 0.0119 
   NS_SS0722  1 0.0719 0.1553 0.0118 0.5282 0.0028 0.2043 0.0179 0.0078 
   NS_SS0979  1 0.1888 0.1937 0.0861 0.2438 0.0023 0.1396 0.1314 0.0143 
   NS_SS0993  1 0.0239 0.2805 0.0068 0.0438 0.0179 0.2349 0.3882 0.0039 
   NS_SS0958  1 0.0118 0.0762 0.0230 0.0571 0.0029 0.0680 0.0082 0.7529 
   NS_SS0988  1 0.0589 0.3417 0.0243 0.0417 0.0056 0.4878 0.0290 0.0112 
   NS_SS1003  1 0.0102 0.0194 0.0076 0.0237 0.0110 0.0071 0.9056 0.0155 
   NS_SS0976  1 0.0092 0.0093 0.0106 0.0069 0.0021 0.0276 0.9090 0.0253 
   NS_SS0964  1 0.0260 0.0254 0.0083 0.8771 0.0023 0.0308 0.0211 0.0089 
   NS_SS0939  1 0.0047 0.0071 0.0037 0.9220 0.0049 0.0040 0.0441 0.0094 
   NS_SS0990  1 0.1766 0.0120 0.1017 0.1891 0.0046 0.0289 0.4761 0.0110 
   NS_SS0984  1 0.0062 0.0657 0.0078 0.8587 0.0020 0.0102 0.0457 0.0036 
   NS_SS0980  1 0.0138 0.1410 0.0158 0.0322 0.0020 0.5058 0.2813 0.0080 
   NS_SS0978  1 0.0160 0.7023 0.0325 0.0622 0.0043 0.0830 0.0818 0.0180 
   NS_SS0951  1 0.1264 0.2794 0.2091 0.0663 0.0031 0.0956 0.0147 0.2055 
   NS_SS0913  1 0.5198 0.0093 0.0408 0.3283 0.0453 0.0216 0.0228 0.0121 
   NS_SS1002  1 0.0214 0.0092 0.0119 0.0048 0.0444 0.6927 0.2071 0.0085 
   NS_SS0948  1 0.0149 0.0836 0.0850 0.0176 0.0515 0.6812 0.0293 0.0369 
   NS_SS0916  1 0.0116 0.0115 0.4989 0.0333 0.0049 0.0145 0.4118 0.0135 
   NS_SS0995  1 0.2313 0.0176 0.0830 0.6193 0.0035 0.0227 0.0167 0.0058 
   NS_SS0927  1 0.6030 0.0604 0.2218 0.0423 0.0055 0.0154 0.0198 0.0318 
   NS_SS0992  1 0.0162 0.0238 0.6592 0.0123 0.0038 0.1280 0.1402 0.0164 
   NS_SS0912  1 0.4401 0.3699 0.0234 0.0490 0.0032 0.0253 0.0086 0.0805 
   NS_SS0981  1 0.0156 0.8001 0.0332 0.0146 0.0031 0.0405 0.0866 0.0064 
   NS_SS0729  2 0.0150 0.0352 0.7183 0.0062 0.0040 0.0903 0.0254 0.1056 
   NS_SS0967  2 0.9147 0.0107 0.0113 0.0120 0.0107 0.0241 0.0086 0.0079 
   NS_SS0941  2 0.0406 0.1895 0.0475 0.0355 0.0911 0.0120 0.5733 0.0106 
   NS_SS0768  2 0.2238 0.0058 0.0323 0.0148 0.0049 0.4929 0.0981 0.1273 
   NS_SS0726  2 0.0110 0.1370 0.0700 0.0057 0.0082 0.0067 0.7476 0.0137 
   NS_SS0763  2 0.0205 0.0381 0.8432 0.0150 0.0021 0.0234 0.0269 0.0309 
   NS_SS0730  2 0.0293 0.0121 0.0133 0.8606 0.0033 0.0398 0.0292 0.0122 
   NS_SS0774  2 0.0176 0.0066 0.0114 0.0282 0.0008 0.8902 0.0362 0.0091 
   NS_SS0723  2 0.1494 0.2295 0.0721 0.2277 0.0017 0.2095 0.1007 0.0096 
   NS_SS0940  2 0.0705 0.3067 0.0456 0.0465 0.0095 0.0089 0.4184 0.0939 
   NS_SS0762  2 0.0054 0.0080 0.0118 0.9380 0.0031 0.0203 0.0071 0.0062 
   NS_SS0766  2 0.0308 0.0209 0.3569 0.5054 0.0139 0.0092 0.0391 0.0239 
   NS_SS0724  2 0.0371 0.2944 0.0267 0.2766 0.0052 0.2622 0.0807 0.0170 
   NS_SS0769  2 0.0228 0.8150 0.0162 0.0146 0.0038 0.1029 0.0169 0.0078 
   NS_SS0777  2 0.0066 0.9507 0.0048 0.0086 0.0073 0.0071 0.0070 0.0078 
   NS_SS0734  2 0.3915 0.0407 0.0264 0.1452 0.0349 0.0128 0.0206 0.3281 
   NS_SS0737  2 0.0086 0.0055 0.0195 0.1133 0.0050 0.0162 0.8241 0.0078 
   NS_SS0732  2 0.4463 0.2209 0.0641 0.1576 0.0069 0.0674 0.0238 0.0129 
   NS_SS0728  2 0.0373 0.0547 0.0655 0.0569 0.0121 0.0181 0.7290 0.0264 
   NS_SS0735  2 0.6888 0.0531 0.0248 0.0274 0.0083 0.0621 0.1141 0.0214 
   NS_SS0725  2 0.0246 0.0050 0.0073 0.0587 0.0073 0.0488 0.7944 0.0539 
   NS_SS0788  2 0.1030 0.1879 0.0646 0.1541 0.0017 0.1971 0.2823 0.0094 
   NS_SS0778  2 0.2533 0.0838 0.0518 0.5505 0.0016 0.0273 0.0200 0.0116 
   NS_SS0792  2 0.0586 0.0098 0.6670 0.1111 0.0070 0.1005 0.0306 0.0155 
   NS_SS0943  2 0.0434 0.4280 0.0119 0.0100 0.0088 0.0169 0.0308 0.4502 
   NS_SS0791  2 0.0267 0.0300 0.2456 0.3918 0.0144 0.0068 0.2625 0.0221 
   NS_SS0790  2 0.0093 0.0046 0.0042 0.0159 0.0036 0.9541 0.0040 0.0042 
   NS_SS0731  2 0.9385 0.0083 0.0036 0.0259 0.0073 0.0082 0.0030 0.0052 
   NS_SS0727  2 0.0273 0.1088 0.3143 0.0831 0.0020 0.0099 0.2179 0.2367 
   NS_SS0779  2 0.0762 0.7485 0.0307 0.0532 0.0064 0.0273 0.0460 0.0117 
   NS_SS0776  2 0.0643 0.4302 0.0863 0.0267 0.0081 0.2980 0.0469 0.0395 
   NS_SS0775  2 0.0069 0.0057 0.0069 0.9182 0.0080 0.0292 0.0177 0.0073 
   NS_SS0965  3 0.2038 0.5963 0.0184 0.0341 0.0021 0.0854 0.0325 0.0273 
   NS_SS0754  3 0.0925 0.6751 0.0792 0.0165 0.0117 0.0239 0.0617 0.0394 
   NS_SS0838  3 0.0409 0.0149 0.0424 0.0069 0.0324 0.0097 0.8318 0.0211 
   NS_SS0839  3 0.0101 0.0045 0.0168 0.0370 0.0043 0.2119 0.7112 0.0042 
   NS_SS0832  3 0.6170 0.1366 0.0069 0.0369 0.0536 0.1298 0.0157 0.0035 
   NS_SS0820  3 0.7313 0.0455 0.0112 0.1543 0.0061 0.0171 0.0300 0.0045 
   NS_SS0886  3 0.4919 0.0456 0.2537 0.1095 0.0019 0.0306 0.0377 0.0291 
   NS_SS0748  3 0.0782 0.0604 0.0640 0.0384 0.0089 0.6169 0.0163 0.1171 
   NS_SS0884  3 0.0331 0.0252 0.0690 0.0116 0.0253 0.2666 0.5038 0.0654 
   NS_SS0752  3 0.0485 0.2775 0.0707 0.1068 0.0027 0.0741 0.3684 0.0512 
   NS_SS0862  3 0.4643 0.2048 0.0926 0.0340 0.0057 0.1363 0.0562 0.0061 
   NS_SS0787  3 0.0077 0.0211 0.0293 0.0133 0.0079 0.0074 0.0132 0.9001 
   NS_SS0843  3 0.1337 0.7292 0.0250 0.0236 0.0018 0.0648 0.0144 0.0076 
   NS_SS0856  3 0.8394 0.0106 0.0450 0.0444 0.0033 0.0191 0.0168 0.0213 
   NS_SS0846  3 0.0238 0.3571 0.0626 0.0048 0.0032 0.4746 0.0477 0.0262 
   NS_SS0825  3 0.0604 0.0067 0.0185 0.0797 0.0102 0.0208 0.7906 0.0131 
   NS_SS0757  3 0.5381 0.2305 0.0291 0.0502 0.0040 0.0233 0.0979 0.0270 
   NS_SS0876  3 0.6300 0.0408 0.0086 0.0411 0.2091 0.0371 0.0206 0.0126 
   NS_SS0903  3 0.0103 0.0118 0.0057 0.0062 0.0022 0.9512 0.0059 0.0068 
   NS_SS0875  3 0.0917 0.0159 0.0163 0.7971 0.0035 0.0379 0.0053 0.0324 
   NS_SS0740  3 0.0405 0.8904 0.0234 0.0108 0.0021 0.0132 0.0114 0.0082 
   NS_SS0811  3 0.1229 0.0358 0.0590 0.2711 0.0105 0.4344 0.0140 0.0523 
   NS_SS0751  3 0.0261 0.0583 0.0117 0.1384 0.0024 0.0229 0.4480 0.2922 
   NS_SS0891  3 0.0285 0.0074 0.0106 0.4893 0.0065 0.4037 0.0286 0.0252 
   NS_SS0867  3 0.0148 0.7440 0.0399 0.0093 0.0307 0.0898 0.0542 0.0175 
   NS_SS0890  3 0.0117 0.6275 0.1658 0.0736 0.0042 0.0380 0.0287 0.0505 
   NS_SS0866  3 0.0789 0.0080 0.1717 0.0510 0.0079 0.0072 0.1277 0.5476 
   NS_SS0755  3 0.0369 0.1190 0.0857 0.5369 0.0105 0.1012 0.0928 0.0170 
   NS_SS0758  3 0.5625 0.0200 0.2796 0.0106 0.0019 0.0727 0.0371 0.0155 
   NS_SS0840  3 0.0545 0.0064 0.0206 0.1232 0.0027 0.1972 0.5867 0.0086 
   NS_SS0889  3 0.0439 0.0256 0.0215 0.0267 0.0027 0.0506 0.0537 0.7754 
   NS_SS1010  3 0.0154 0.0762 0.2944 0.0162 0.0524 0.2938 0.1685 0.0831 
   NS_SS0888  3 0.0075 0.0247 0.8040 0.0444 0.0016 0.0061 0.0071 0.1045 
   NS_SS0837  3 0.2380 0.3270 0.0189 0.3545 0.0026 0.0317 0.0115 0.0159 
   NS_SS0794  3 0.0263 0.0111 0.1128 0.0195 0.0024 0.0126 0.0074 0.8079 
   NS_SS0823  3 0.0515 0.0162 0.0263 0.0130 0.0048 0.5387 0.3411 0.0083 
   NS_SS0829  3 0.0242 0.0820 0.2816 0.0063 0.1192 0.0148 0.0050 0.4670 
   NS_SS0844  3 0.0070 0.0078 0.0138 0.0036 0.0020 0.9599 0.0033 0.0026 
   NS_SS1008  3 0.0564 0.1332 0.1101 0.4448 0.0136 0.0243 0.0589 0.1586 
   NS_SS0881  3 0.0304 0.4520 0.0358 0.3368 0.0030 0.0157 0.0637 0.0626 
   NS_SS0834  3 0.0199 0.0070 0.0349 0.0121 0.0044 0.1972 0.7127 0.0117 
   NS_SS0744  3 0.8301 0.0258 0.0164 0.0098 0.0053 0.0184 0.0814 0.0128 
   NS_SS0899  3 0.0697 0.0218 0.0152 0.0407 0.0017 0.8199 0.0252 0.0056 
   NS_SS0804  3 0.2669 0.0300 0.0317 0.1129 0.0051 0.2553 0.2913 0.0068 
   NS_SS0781  3 0.0639 0.0224 0.0093 0.0263 0.0032 0.8390 0.0291 0.0067 
   NS_SS0822  3 0.0401 0.0776 0.2465 0.0180 0.0018 0.1305 0.3320 0.1535 
   NS_SS1004  3 0.2941 0.3213 0.0458 0.0346 0.0038 0.2493 0.0333 0.0178 
   NS_SS0746  3 0.3636 0.4764 0.0217 0.0135 0.0150 0.0571 0.0173 0.0354 
   NS_SS0880  3 0.0522 0.0117 0.0136 0.0183 0.0019 0.0556 0.8288 0.0180 
   NS_SS0879  3 0.1435 0.0519 0.1384 0.0301 0.0176 0.5333 0.0474 0.0377 
   NS_SS0753  3 0.0149 0.8741 0.0432 0.0194 0.0083 0.0130 0.0066 0.0205 
   NS_SS1007  3 0.0874 0.0390 0.1055 0.0393 0.0021 0.0060 0.6901 0.0306 
   NS_SS0872  3 0.0409 0.0198 0.0306 0.0453 0.0024 0.8393 0.0144 0.0074 
   NS_SS1005  3 0.0493 0.0615 0.0246 0.0117 0.0011 0.7836 0.0526 0.0156 
   NS_SS0892  3 0.0125 0.8263 0.0077 0.0988 0.0027 0.0156 0.0159 0.0205 
   NS_SS0898  3 0.0055 0.0071 0.0128 0.9031 0.0052 0.0101 0.0177 0.0386 
   NS_SS0801  3 0.5964 0.0907 0.0103 0.0142 0.0132 0.0341 0.2322 0.0090 
   NS_SS0827  3 0.0228 0.0286 0.0667 0.6750 0.1043 0.0735 0.0040 0.0251 
   NS_SS0853  3 0.0084 0.0139 0.8541 0.0335 0.0051 0.0713 0.0056 0.0081 
   NS_SS0780  3 0.1306 0.1457 0.0150 0.0250 0.0045 0.0394 0.6347 0.0051 
   NS_SS0826  3 0.0285 0.0084 0.0073 0.0079 0.0027 0.9080 0.0186 0.0187 
   NS_SS0818  3 0.0172 0.0437 0.0198 0.1099 0.0019 0.0741 0.7016 0.0318 
   NS_SS0745  3 0.0140 0.0200 0.0039 0.9258 0.0014 0.0075 0.0142 0.0132 
   NS_SS0849  3 0.5147 0.0229 0.0083 0.4076 0.0017 0.0231 0.0091 0.0126 
   NS_SS0739  3 0.0746 0.0067 0.0121 0.8604 0.0122 0.0078 0.0190 0.0071 
   NS_SS0799  3 0.0196 0.0321 0.8811 0.0222 0.0012 0.0085 0.0170 0.0183 
   NS_SS0756  3 0.0165 0.0102 0.0095 0.0129 0.0037 0.9233 0.0163 0.0076 
   NS_SS0802  3 0.7431 0.0234 0.0066 0.0062 0.1828 0.0044 0.0164 0.0171 
   NS_SS0747  3 0.0349 0.8661 0.0158 0.0052 0.0039 0.0452 0.0239 0.0051 
   NS_SS0835  3 0.1082 0.1613 0.4456 0.1354 0.0013 0.0430 0.0138 0.0916 
   NS_SS0742  3 0.7208 0.0117 0.0332 0.0784 0.0012 0.0195 0.1236 0.0116 
   NS_SS0760  3 0.0449 0.0265 0.2805 0.0074 0.0523 0.0336 0.0080 0.5468 
   NS_SS0803  3 0.0150 0.0052 0.0115 0.0062 0.0069 0.9475 0.0044 0.0034 
   NS_SS0828  3 0.0209 0.4691 0.0283 0.3880 0.0015 0.0315 0.0323 0.0285 
   NS_SS0865  3 0.2915 0.2469 0.0307 0.0710 0.0252 0.0226 0.2647 0.0474 
   NS_SS0759  3 0.1393 0.7201 0.0111 0.0554 0.0042 0.0230 0.0352 0.0117 
   NS_SS0851  3 0.0213 0.0060 0.0051 0.9261 0.0149 0.0097 0.0084 0.0085 
   NS_SS0874  3 0.0140 0.0120 0.0085 0.0068 0.0014 0.9382 0.0124 0.0067 
   NS_SS0761  3 0.1225 0.0137 0.6249 0.0104 0.0032 0.0206 0.0106 0.1941 
   NS_SS0842  3 0.1142 0.0881 0.0370 0.2839 0.0089 0.3167 0.0252 0.1260 
   NS_SS0785  3 0.7318 0.1266 0.0532 0.0118 0.0050 0.0340 0.0103 0.0274 
   NS_SS0860  3 0.1492 0.1112 0.6165 0.0199 0.0035 0.0505 0.0107 0.0385 
   NS_SS0897  3 0.0111 0.0085 0.0933 0.0135 0.0020 0.0129 0.0067 0.8519 
   NS_SS0841  3 0.0416 0.0130 0.0482 0.1550 0.0035 0.0302 0.6574 0.0510 
   NS_SS0797  3 0.0074 0.0213 0.0684 0.8087 0.0216 0.0103 0.0228 0.0394 
   NS_SS0830  3 0.0876 0.0329 0.0460 0.7211 0.0022 0.0397 0.0209 0.0496 
   NS_SS1011  3 0.0089 0.0073 0.0065 0.0032 0.0063 0.0249 0.9371 0.0058 
   NS_SS0883  3 0.1169 0.3666 0.3348 0.1174 0.0065 0.0291 0.0085 0.0203 
   NS_SS0782  3 0.9030 0.0068 0.0252 0.0136 0.0021 0.0206 0.0056 0.0230 
   NS_SS0831  3 0.3908 0.0163 0.4792 0.0155 0.0025 0.0140 0.0054 0.0763 
   NS_SS0749  3 0.0364 0.8745 0.0158 0.0218 0.0037 0.0064 0.0215 0.0199 
   NS_SS0854  3 0.8479 0.0102 0.0898 0.0083 0.0024 0.0147 0.0116 0.0152 
   HI_SS0193  4 0.0099 0.0091 0.0078 0.0113 0.0018 0.0052 0.0243 0.9305 
   HI_SS0194  4 0.0127 0.0170 0.0033 0.0110 0.0020 0.1419 0.7611 0.0510 
   HI_SS0195  4 0.4314 0.0128 0.0091 0.2915 0.1069 0.0530 0.0832 0.0120 
   HI_SS0196  4 0.3207 0.0118 0.0132 0.0180 0.0029 0.0251 0.0151 0.5931 
   HI_SS0197  4 0.0135 0.0139 0.0089 0.0070 0.0099 0.0075 0.9358 0.0035 
   HI_SS0198  4 0.1691 0.1058 0.1117 0.3893 0.0137 0.0605 0.1200 0.0298 
   HI_SS0199  4 0.0068 0.0107 0.9439 0.0125 0.0024 0.0100 0.0086 0.0051 
   HI_SS0201  4 0.0236 0.2524 0.2735 0.0066 0.0020 0.0297 0.0221 0.3901 
   HI_SS0215  4 0.0783 0.0240 0.8396 0.0089 0.0041 0.0190 0.0102 0.0159 
   HI_SS0218  4 0.0054 0.0039 0.8056 0.0159 0.0038 0.0039 0.0050 0.1566 
   HI_SS0222  4 0.9164 0.0116 0.0180 0.0199 0.0038 0.0072 0.0099 0.0131 
   HI_SS0230  4 0.2749 0.5377 0.0095 0.0974 0.0065 0.0234 0.0378 0.0127 
   HI_SS0234  4 0.0586 0.0543 0.1344 0.0255 0.1419 0.5326 0.0355 0.0171 
   HI_SS0240  4 0.0432 0.1008 0.3837 0.2237 0.0076 0.0219 0.1801 0.0389 
   HI_SS0241  4 0.0091 0.0176 0.9059 0.0087 0.0019 0.0082 0.0399 0.0088 
   HI_SS0242  4 0.0247 0.0336 0.0498 0.8100 0.0028 0.0437 0.0182 0.0171 
   HI_SS0247  4 0.0059 0.0058 0.0036 0.0055 0.0153 0.9452 0.0139 0.0047 
   HI_SS0248  4 0.0383 0.0354 0.0235 0.0120 0.0009 0.0229 0.0069 0.8601 
   HI_SS0252  4 0.1097 0.0057 0.1669 0.0074 0.0027 0.0115 0.6467 0.0496 
   HI_SS0254  4 0.0095 0.8788 0.0078 0.0069 0.0630 0.0089 0.0102 0.0148 
   HI_SS0256  4 0.0084 0.0225 0.0041 0.0086 0.0015 0.9379 0.0125 0.0044 
   HI_SS0257  4 0.0387 0.6958 0.0805 0.0133 0.0030 0.0700 0.0169 0.0818 
   HI_SS0258  4 0.0163 0.0180 0.0316 0.0070 0.0051 0.0107 0.0145 0.8969 
   HI_SS0259  4 0.0093 0.0092 0.0115 0.0167 0.0029 0.0186 0.9269 0.0050 
   HI_SS0260  4 0.0197 0.1416 0.6213 0.0270 0.0021 0.0318 0.0173 0.1393 
   HI_SS0261  4 0.0085 0.8465 0.0505 0.0112 0.0025 0.0132 0.0535 0.0141 
   HI_SS0262  4 0.2426 0.0173 0.0147 0.6604 0.0071 0.0137 0.0332 0.0110 
   HI_SS0264  4 0.1048 0.3466 0.0045 0.1055 0.0055 0.3260 0.0276 0.0796 
   HI_SS0265  4 0.1106 0.2466 0.0078 0.4442 0.1051 0.0431 0.0285 0.0141 
   HI_SS0268  4 0.0157 0.0193 0.0164 0.0221 0.0043 0.0457 0.2076 0.6689 
   HI_SS0269  4 0.3552 0.0115 0.5111 0.0123 0.0021 0.0169 0.0404 0.0505 
   HI_SS0273  4 0.0114 0.0265 0.5610 0.0196 0.0025 0.0218 0.0212 0.3360 
   HI_SS0277  4 0.2045 0.0152 0.1413 0.0387 0.0032 0.1333 0.4317 0.0320 
   HI_SS0280  4 0.1033 0.0998 0.4115 0.1725 0.0051 0.0059 0.1274 0.0745 
   HI_SS0282  4 0.1156 0.1032 0.0196 0.0070 0.0016 0.0268 0.1800 0.5461 
   HI_SS0286  4 0.8273 0.0149 0.0326 0.0393 0.0088 0.0192 0.0325 0.0254 
   NS_SS1252  5 0.0128 0.0101 0.9245 0.0073 0.0039 0.0115 0.0080 0.0220 
   NS_SS1261  5 0.1548 0.0320 0.0620 0.0468 0.0243 0.4647 0.0991 0.1163 
   NS_SS1225  5 0.0050 0.0873 0.0119 0.0062 0.0743 0.7913 0.0054 0.0186 
   NS_SS1266  5 0.0120 0.0100 0.0097 0.0126 0.0071 0.9314 0.0132 0.0040 
   NS_SS1228  5 0.0093 0.0100 0.0186 0.9206 0.0125 0.0115 0.0137 0.0040 
   NS_SS1255  5 0.0166 0.0060 0.0235 0.0561 0.0014 0.0370 0.0163 0.8431 
   NS_SS1267  5 0.0041 0.0134 0.9326 0.0065 0.0084 0.0043 0.0137 0.0171 
   NS_SS1238  5 0.0092 0.0099 0.0040 0.0191 0.0029 0.0116 0.0939 0.8494 
   NS_SS1233  5 0.0208 0.0091 0.0115 0.0326 0.0024 0.8241 0.0182 0.0813 
   NS_SS1277  5 0.0045 0.0102 0.1340 0.6740 0.0010 0.0044 0.0085 0.1634 
   NS_SS1245  5 0.8357 0.0234 0.0163 0.0128 0.0019 0.0301 0.0355 0.0444 
   NS_SS1240  5 0.6136 0.0111 0.3053 0.0055 0.0021 0.0085 0.0072 0.0467 
   NS_SS1275  5 0.0911 0.0118 0.0128 0.2508 0.0035 0.0584 0.5684 0.0032 
   NS_SS1235  5 0.0170 0.0105 0.0117 0.0058 0.0054 0.8068 0.0904 0.0524 
   NS_SS1263  5 0.0058 0.0173 0.0062 0.0107 0.0011 0.9423 0.0080 0.0085 
   NS_SS1251  5 0.0091 0.0104 0.0328 0.0054 0.0017 0.9237 0.0081 0.0088 
   NS_SS1248  5 0.0573 0.1912 0.0154 0.3277 0.1157 0.0343 0.0449 0.2136 
   NS_SS1244  5 0.0061 0.0068 0.0055 0.0041 0.0042 0.0199 0.9380 0.0154 
   NS_SS1257  5 0.0343 0.0099 0.8473 0.0198 0.0286 0.0216 0.0133 0.0253 
   NS_SS1242  5 0.0622 0.0401 0.0079 0.6422 0.0030 0.1713 0.0534 0.0199 
   NS_SS1271  5 0.0125 0.0561 0.0183 0.7894 0.0222 0.0059 0.0078 0.0878 
   NS_SS1265  5 0.1281 0.0308 0.0117 0.0151 0.0300 0.0351 0.0194 0.7299 
   NS_SS1243  5 0.5366 0.0246 0.0466 0.1336 0.0889 0.0128 0.0921 0.0648 
   NS_SS1273  5 0.0077 0.0053 0.0112 0.7902 0.0133 0.0728 0.0851 0.0143 
   NS_SS1254  5 0.0255 0.0147 0.4822 0.0167 0.0057 0.3861 0.0614 0.0078 
   NS_SS1224  5 0.3273 0.2473 0.0385 0.0543 0.0108 0.2956 0.0118 0.0144 
   NS_SS1227  5 0.0034 0.9546 0.0054 0.0117 0.0015 0.0041 0.0066 0.0127 
   NS_SS1274  5 0.0519 0.1985 0.6344 0.0109 0.0194 0.0219 0.0466 0.0164 
   NS_SS1241  5 0.0149 0.0337 0.1038 0.0186 0.0014 0.0697 0.1021 0.6559 
   NS_SS1256  5 0.0715 0.0414 0.0491 0.0511 0.0474 0.6659 0.0564 0.0172 
   NS_SS1260  5 0.0085 0.0064 0.9209 0.0063 0.0422 0.0035 0.0066 0.0055 
   NS_SS1262  5 0.0123 0.0449 0.5670 0.0088 0.1672 0.1612 0.0116 0.0271 
   NS_SS1230  5 0.0645 0.0858 0.1800 0.0201 0.0087 0.0723 0.0172 0.5513 
   NS_SS1270  5 0.9008 0.0253 0.0057 0.0133 0.0022 0.0256 0.0090 0.0182 
   NS_SS1229  5 0.0107 0.0175 0.0076 0.0062 0.0038 0.0607 0.8825 0.0111 
   NS_SS1246  5 0.0068 0.0083 0.0136 0.0143 0.0027 0.0235 0.8973 0.0336 
   NS_SS1269  5 0.2824 0.0134 0.5056 0.0297 0.0021 0.0320 0.0693 0.0654 
   NS_SS1239  5 0.0560 0.0207 0.0301 0.7414 0.0052 0.0069 0.0888 0.0508 
   NS_SS1272  5 0.2125 0.0097 0.0146 0.0377 0.0071 0.6493 0.0618 0.0073 
   NS_SS1268  5 0.0155 0.0910 0.0142 0.7845 0.0022 0.0601 0.0104 0.0220 
   NS_SS1249  5 0.0163 0.0122 0.3484 0.0166 0.0121 0.0333 0.0133 0.5477 
   HI_SS0559  6 0.0125 0.8977 0.0251 0.0195 0.0021 0.0163 0.0079 0.0189 
   HI_SS0563  6 0.1462 0.0691 0.1149 0.0329 0.0031 0.4772 0.0225 0.1341 
   HI_SS0564  6 0.0142 0.0459 0.0123 0.0290 0.0564 0.0712 0.7610 0.0100 
   HI_SS0565  6 0.0307 0.4833 0.0554 0.0377 0.0044 0.1711 0.1413 0.0761 
   HI_SS0569  6 0.0726 0.7224 0.0583 0.0067 0.0015 0.0105 0.0077 0.1203 
   HI_SS0570  6 0.0110 0.0102 0.0062 0.0056 0.0316 0.0075 0.0074 0.9204 
   HI_SS0572  6 0.3409 0.0474 0.0517 0.1487 0.0029 0.3635 0.0326 0.0122 
   HI_SS0576  6 0.0642 0.0572 0.0187 0.7549 0.0053 0.0142 0.0533 0.0323 
   HI_SS0579  6 0.0276 0.9166 0.0069 0.0062 0.0093 0.0168 0.0065 0.0101 
   HI_SS0580  6 0.0665 0.0117 0.0663 0.7705 0.0040 0.0208 0.0089 0.0512 
   HI_SS0581  6 0.4158 0.0191 0.0078 0.0145 0.0707 0.0094 0.4566 0.0061 
   HI_SS0583  6 0.0172 0.0185 0.8770 0.0219 0.0024 0.0377 0.0167 0.0085 
   HI_SS0586  6 0.0225 0.6107 0.2916 0.0141 0.0011 0.0083 0.0051 0.0467 
   HI_SS0588  6 0.2171 0.2587 0.4068 0.0147 0.0235 0.0335 0.0064 0.0393 
   HI_SS0595  6 0.0083 0.0396 0.0392 0.7175 0.0275 0.0206 0.0260 0.1212 
   HI_SS0596  6 0.0105 0.0294 0.0060 0.8133 0.0021 0.1132 0.0103 0.0152 
   HI_SS0597  6 0.7675 0.0079 0.0099 0.0120 0.0025 0.1414 0.0464 0.0124 
   HI_SS0600  6 0.0999 0.0097 0.8482 0.0078 0.0031 0.0134 0.0131 0.0048 
   HI_SS0601  6 0.0054 0.7488 0.0239 0.0109 0.0076 0.1732 0.0206 0.0096 
   HI_SS0602  6 0.0073 0.9408 0.0210 0.0121 0.0022 0.0047 0.0046 0.0073 
   HI_SS0604  6 0.8315 0.0431 0.0127 0.0213 0.0019 0.0073 0.0452 0.0371 
   HI_SS0605  6 0.7056 0.0320 0.1237 0.0717 0.0075 0.0077 0.0358 0.0159 
   HI_SS0608  6 0.0065 0.0634 0.0710 0.7839 0.0014 0.0085 0.0280 0.0374 
   HI_SS0609  6 0.0294 0.0059 0.0120 0.0357 0.0009 0.8842 0.0146 0.0172 
   HI_SS0611  6 0.1057 0.0522 0.2160 0.3344 0.0040 0.0338 0.0156 0.2382 
   HI_SS0612  6 0.0062 0.0222 0.1791 0.0103 0.0056 0.7526 0.0131 0.0109 
   HI_SS0613  6 0.8277 0.0364 0.0169 0.0825 0.0015 0.0206 0.0078 0.0067 
   HI_SS0615  6 0.0149 0.0329 0.0350 0.1638 0.0113 0.0165 0.7134 0.0122 
   HI_SS0001  6 0.0145 0.0063 0.0369 0.0092 0.0040 0.0071 0.8929 0.0291 
   HI_SS0002  6 0.0285 0.0527 0.0591 0.0128 0.0297 0.8035 0.0067 0.0071 
   HI_SS0004  6 0.1284 0.0390 0.0514 0.0226 0.0067 0.0197 0.0366 0.6957 
   HI_SS0005  6 0.0535 0.1853 0.3415 0.3513 0.0046 0.0179 0.0221 0.0238 
   HI_SS0006  6 0.7781 0.0165 0.0163 0.0056 0.0023 0.1321 0.0151 0.0340 
   HI_SS0007  6 0.0695 0.0239 0.0171 0.2048 0.0030 0.0099 0.0204 0.6514 
   HI_SS0008  6 0.0119 0.9393 0.0050 0.0119 0.0151 0.0061 0.0055 0.0053 
   HI_SS0009  6 0.0398 0.1082 0.0064 0.7139 0.0059 0.0129 0.0371 0.0758 
   HI_SS0010  6 0.0213 0.4165 0.2280 0.0391 0.0039 0.0179 0.0143 0.2592 
   HI_SS0011  6 0.0166 0.0306 0.0065 0.0467 0.0854 0.6475 0.1136 0.0532 
   HI_SS0012  6 0.0883 0.2077 0.0622 0.1680 0.0077 0.4030 0.0582 0.0050 
   HI_SS0017  6 0.0090 0.0075 0.0062 0.0416 0.0023 0.0438 0.7331 0.1565 
   HI_SS0021  6 0.0636 0.0165 0.0481 0.4344 0.2360 0.0557 0.0108 0.1349 
   HI_SS0024  6 0.0355 0.0201 0.0073 0.5053 0.0028 0.0303 0.2759 0.1228 
   HI_SS0025  6 0.3283 0.0253 0.0159 0.5597 0.0044 0.0358 0.0105 0.0199 
   HI_SS0027  6 0.0218 0.5544 0.0551 0.0297 0.0196 0.0139 0.0226 0.2829 
   HI_SS0028  6 0.0138 0.1825 0.0067 0.7111 0.0019 0.0273 0.0475 0.0093 
   HI_SS0029  6 0.0330 0.0231 0.0652 0.7671 0.0076 0.0478 0.0402 0.0160 
   HI_SS0030  6 0.0237 0.2052 0.1204 0.0122 0.0048 0.0064 0.6087 0.0186 
   HI_SS0031  6 0.0106 0.8739 0.0692 0.0170 0.0037 0.0121 0.0078 0.0059 
   HI_SS0034  6 0.2273 0.6741 0.0148 0.0061 0.0039 0.0140 0.0427 0.0171 
   HI_SS0036  6 0.0195 0.1047 0.0253 0.2589 0.0126 0.0045 0.5225 0.0519 
   HI_SS0037  6 0.0435 0.0271 0.2360 0.0122 0.0046 0.0157 0.0086 0.6523 
   HI_SS0039  6 0.0398 0.6396 0.0432 0.1691 0.0030 0.0078 0.0330 0.0645 
   HI_SS0041  6 0.0660 0.0108 0.0044 0.8665 0.0019 0.0127 0.0321 0.0056 
   HI_SS0042  6 0.0529 0.0054 0.0106 0.6091 0.0998 0.0292 0.1791 0.0138 
   HI_SS0043  6 0.1096 0.0699 0.6968 0.0115 0.0024 0.0121 0.0166 0.0812 
   HI_SS0044  6 0.0092 0.0120 0.0215 0.5913 0.0032 0.0113 0.0168 0.3348 
   HI_SS0047  6 0.9137 0.0267 0.0113 0.0051 0.0015 0.0050 0.0300 0.0067 
   HI_SS0049  6 0.0223 0.0759 0.0110 0.7953 0.0047 0.0325 0.0376 0.0207 
   HI_SS0051  6 0.9297 0.0109 0.0191 0.0066 0.0019 0.0139 0.0043 0.0136 
   HI_SS0053  6 0.0056 0.8547 0.0401 0.0115 0.0054 0.0060 0.0612 0.0155 
   HI_SS0054  6 0.0089 0.7886 0.0117 0.0054 0.0023 0.0187 0.0140 0.1504 
   HI_SS0057  6 0.4202 0.0866 0.0123 0.0145 0.0036 0.0283 0.3689 0.0655 
   HI_SS0058  6 0.0177 0.0162 0.0598 0.0126 0.0082 0.7772 0.0105 0.0978 
   HI_SS0060  6 0.0085 0.8890 0.0048 0.0092 0.0476 0.0132 0.0064 0.0214 
   HI_SS0087  6 0.0931 0.3595 0.0686 0.0170 0.0041 0.3932 0.0382 0.0263 
   HI_SS0091  6 0.0210 0.0172 0.7310 0.0038 0.0012 0.0264 0.1884 0.0110 
   HI_SS0095  6 0.1137 0.5422 0.0884 0.0101 0.0458 0.0308 0.1644 0.0046 
   HI_SS0097  6 0.0148 0.0996 0.0139 0.0052 0.0046 0.8307 0.0154 0.0158 
   HI_SS0099  6 0.0047 0.0091 0.0080 0.9559 0.0036 0.0097 0.0046 0.0043 
   HI_SS0103  6 0.4940 0.0387 0.0132 0.0101 0.0033 0.1104 0.2919 0.0384 
   HI_SS0105  6 0.2391 0.1138 0.0247 0.0098 0.0294 0.0364 0.5258 0.0210 
   HI_SS0107  6 0.0265 0.0147 0.0091 0.0192 0.0010 0.2081 0.7094 0.0120 
   HI_SS0108  6 0.0293 0.0147 0.0100 0.0070 0.0322 0.0100 0.0154 0.8814 
   HI_SS0110  6 0.0549 0.0628 0.0467 0.1287 0.0011 0.0387 0.6529 0.0141 
   HI_SS0111  6 0.4601 0.0631 0.1106 0.1159 0.0329 0.1482 0.0589 0.0103 
   HI_SS0112  6 0.0041 0.0065 0.0045 0.0087 0.0012 0.0037 0.0058 0.9654 
   HI_SS0113  6 0.5469 0.0316 0.0079 0.0189 0.0040 0.1202 0.2579 0.0127 
   HI_SS0114  6 0.0853 0.0523 0.8085 0.0103 0.0056 0.0068 0.0158 0.0153 
   HI_SS0115  6 0.0852 0.5251 0.2352 0.0652 0.0157 0.0239 0.0141 0.0357 
   HI_SS0116  6 0.0360 0.0164 0.3384 0.2886 0.0045 0.0159 0.0053 0.2950 
   HI_SS0117  6 0.0106 0.0647 0.1018 0.0043 0.0022 0.6300 0.0405 0.1458 
   HI_SS0118  6 0.0746 0.0145 0.5452 0.0920 0.0144 0.0987 0.0176 0.1430 
   HI_SS0119  6 0.1161 0.0579 0.1580 0.0074 0.0017 0.0498 0.2736 0.3355 
   HI_SS0120  6 0.0174 0.0048 0.0056 0.0122 0.0027 0.0689 0.8771 0.0113 
   HI_SS0121  6 0.0921 0.0145 0.0375 0.0890 0.0017 0.5410 0.2172 0.0070 
   HI_SS0122  6 0.1161 0.0142 0.1058 0.4788 0.0289 0.0755 0.0747 0.1060 
   HI_SS0123  6 0.0432 0.0819 0.0703 0.0099 0.0058 0.1130 0.6662 0.0097 
   HI_SS0124  6 0.0112 0.0125 0.0091 0.8950 0.0033 0.0302 0.0201 0.0186 
   HI_SS0125  6 0.0549 0.0249 0.0155 0.8303 0.0354 0.0084 0.0257 0.0050 
   HI_SS0126  6 0.0083 0.0112 0.0131 0.0505 0.0012 0.0087 0.0046 0.9026 
   HI_SS0127  6 0.0308 0.9199 0.0083 0.0103 0.0068 0.0086 0.0076 0.0077 
   HI_SS0128  6 0.0127 0.7590 0.0587 0.0448 0.0034 0.0498 0.0469 0.0247 
   HI_SS0129  6 0.1104 0.0432 0.0459 0.5772 0.0132 0.0120 0.1537 0.0444 
   HI_SS0131  6 0.0089 0.0243 0.0135 0.0148 0.0437 0.0842 0.0047 0.8060 
   HI_SS0132  6 0.0424 0.0370 0.4500 0.1723 0.0008 0.1294 0.0815 0.0867 
   HI_SS0133  6 0.0035 0.0043 0.0091 0.0057 0.0014 0.0029 0.0053 0.9678 
   HI_SS0134  6 0.2991 0.0707 0.0275 0.0142 0.0022 0.0622 0.3808 0.1432 
   HI_SS0142  6 0.0174 0.6019 0.1336 0.0106 0.0187 0.1476 0.0654 0.0047 
   HI_SS0145  6 0.0069 0.9043 0.0145 0.0054 0.0018 0.0287 0.0095 0.0289 
   HI_SS0146  6 0.0209 0.0180 0.0430 0.1241 0.0010 0.0109 0.0203 0.7619 
   HI_SS0147  6 0.6971 0.0085 0.0123 0.0316 0.0305 0.1724 0.0106 0.0370 
   HI_SS0149  6 0.0081 0.0194 0.0065 0.0100 0.0046 0.0206 0.9142 0.0166 
   HI_SS0150  6 0.0185 0.0147 0.2723 0.1092 0.0068 0.0511 0.5197 0.0077 
   HI_SS0151  6 0.6121 0.0762 0.0225 0.0397 0.0157 0.0197 0.1665 0.0475 
   NS_SS1451  6 0.0227 0.0151 0.0101 0.8248 0.0045 0.0263 0.0864 0.0101 
   NS_SS1404  6 0.0662 0.0248 0.0300 0.7080 0.0114 0.0722 0.0342 0.0532 
   NS_SS1432  6 0.0760 0.0287 0.0043 0.7190 0.0459 0.0098 0.1108 0.0055 
   NS_SS1405  6 0.0247 0.0246 0.0276 0.0971 0.0029 0.1479 0.0159 0.6594 
   NS_SS1431  6 0.0652 0.0828 0.0290 0.0410 0.0010 0.2081 0.5554 0.0175 
   NS_SS1402  6 0.0120 0.0127 0.0554 0.0244 0.0027 0.7992 0.0859 0.0077 
   NS_SS1450  6 0.0081 0.0337 0.0427 0.0070 0.0039 0.0063 0.8067 0.0917 
   NS_SS1396  6 0.0634 0.0519 0.0402 0.0477 0.0055 0.1161 0.5971 0.0781 
   NS_SS1393  6 0.0285 0.0148 0.9135 0.0112 0.0033 0.0107 0.0115 0.0066 
   NS_SS1392  6 0.0401 0.0337 0.0154 0.5510 0.0189 0.0105 0.3114 0.0191 
   NS_SS1445  6 0.0082 0.9253 0.0114 0.0083 0.0078 0.0070 0.0162 0.0158 
   NS_SS1423  6 0.0084 0.0402 0.0165 0.0193 0.0017 0.1031 0.1237 0.6870 
   NS_SS1421  6 0.0076 0.0071 0.0058 0.0098 0.0720 0.0151 0.7304 0.1522 
   NS_SS1411  6 0.0349 0.0083 0.0216 0.0101 0.0018 0.0047 0.0088 0.9098 
   NS_SS1453  6 0.2043 0.1559 0.0653 0.0199 0.0079 0.0323 0.3698 0.1447 
   NS_SS1442  6 0.6852 0.0241 0.0131 0.0093 0.0041 0.1451 0.0081 0.1109 
   NS_SS1422  6 0.0160 0.0266 0.1125 0.0082 0.0146 0.7830 0.0256 0.0135 
   NS_SS1419  6 0.0033 0.0079 0.0650 0.0143 0.1527 0.7342 0.0117 0.0109 
   NS_SS1427  6 0.0079 0.0208 0.7487 0.0518 0.0019 0.0087 0.0349 0.1252 
   NS_SS1444  6 0.2706 0.0421 0.0095 0.6271 0.0045 0.0303 0.0047 0.0111 
   NS_SS1455  6 0.0278 0.0059 0.0078 0.0143 0.0016 0.9043 0.0096 0.0287 
   NS_SS1425  6 0.0139 0.0112 0.0300 0.0060 0.0013 0.0064 0.0200 0.9113 
   NS_SS1400  6 0.0118 0.0092 0.0057 0.0050 0.0016 0.0137 0.0051 0.9479 
   NS_SS1406  6 0.0089 0.0333 0.0128 0.0055 0.0108 0.8657 0.0585 0.0046 
   NS_SS1417  6 0.0538 0.0097 0.0110 0.0192 0.0063 0.8064 0.0218 0.0718 
   NS_SS1454  6 0.0130 0.0272 0.3306 0.0478 0.0015 0.0506 0.3917 0.1377 
   NS_SS1412  6 0.3051 0.1004 0.1341 0.0512 0.0316 0.0687 0.0341 0.2748 
   NS_SS1438  6 0.8890 0.0087 0.0609 0.0052 0.0015 0.0082 0.0041 0.0225 
   NS_SS1416  6 0.6865 0.0084 0.1918 0.0251 0.0075 0.0490 0.0240 0.0078 
   NS_SS1401  6 0.0567 0.0158 0.0131 0.0120 0.0148 0.2449 0.5288 0.1138 
   NS_SS1424  6 0.2426 0.0127 0.0324 0.0762 0.0188 0.0996 0.0463 0.4713 
   NS_SS1435  6 0.0170 0.0909 0.0192 0.5635 0.0028 0.0090 0.0210 0.2767 
   NS_SS1447  6 0.7337 0.0251 0.0107 0.0329 0.0070 0.0823 0.0784 0.0299 
   NS_SS1414  6 0.0193 0.0774 0.0823 0.1287 0.0080 0.5662 0.0904 0.0278 
   NS_SS1449  6 0.0169 0.0089 0.0163 0.0045 0.0043 0.0202 0.9183 0.0106 
   NS_SS1443  6 0.0088 0.1378 0.7777 0.0052 0.0017 0.0117 0.0179 0.0393 
   NS_SS1434  6 0.1779 0.0122 0.0382 0.0808 0.0007 0.0438 0.0908 0.5555 
   NS_SS1398  6 0.1070 0.0264 0.1320 0.2739 0.0248 0.0133 0.2736 0.1490 
   NS_SS1426  6 0.0164 0.9291 0.0160 0.0099 0.0018 0.0051 0.0074 0.0144 
   NS_SS1413  6 0.0066 0.0093 0.0064 0.0042 0.0088 0.0045 0.0050 0.9552 
   NS_SS1395  6 0.0193 0.7358 0.0987 0.0064 0.0083 0.0066 0.1106 0.0143 
   NS_SS1448  6 0.0397 0.0344 0.0100 0.5046 0.0020 0.0095 0.2776 0.1221 
   NS_SS1446  6 0.6100 0.0184 0.0488 0.0398 0.0044 0.1903 0.0293 0.0591 
   NS_SS1403  6 0.0401 0.1584 0.0324 0.0342 0.0077 0.0908 0.6248 0.0116 
   NS_SS1415  6 0.0123 0.0358 0.0378 0.0122 0.0121 0.0128 0.0209 0.8561 
   NS_SS1437  6 0.0174 0.5164 0.0241 0.1164 0.0087 0.2764 0.0302 0.0102 
   NS_SS1439  6 0.3763 0.0882 0.4797 0.0079 0.0031 0.0269 0.0126 0.0053 
   NS_SS1441  6 0.0192 0.0936 0.8290 0.0099 0.0021 0.0190 0.0100 0.0171 
   NS_SS1420  6 0.0209 0.0081 0.0109 0.9328 0.0027 0.0107 0.0063 0.0076 
   NS_SS1394  6 0.0124 0.8189 0.0056 0.1055 0.0274 0.0160 0.0092 0.0049 
   NS_SS1391  6 0.0230 0.6800 0.0512 0.0107 0.0130 0.0100 0.0365 0.1755 
   NS_SS1410  6 0.4565 0.0105 0.0229 0.1045 0.0156 0.0821 0.1926 0.1153 
   NS_SS1408  6 0.1732 0.0372 0.0078 0.0096 0.0585 0.0062 0.7020 0.0056 
   NS_SS1409  6 0.1980 0.0418 0.4510 0.1037 0.0029 0.0735 0.0923 0.0369 
   HI_SS0617  7 0.2626 0.0193 0.4244 0.0710 0.0014 0.0722 0.1400 0.0090 
   HI_SS0618  7 0.5910 0.0403 0.0886 0.0350 0.0032 0.0796 0.1490 0.0134 
   HI_SS0619  7 0.0113 0.0084 0.0926 0.8044 0.0032 0.0095 0.0108 0.0598 
   HI_SS0620  7 0.0083 0.0132 0.4462 0.0333 0.0027 0.0110 0.0063 0.4791 
   HI_SS0621  7 0.1045 0.0334 0.1943 0.2875 0.0191 0.2440 0.1044 0.0128 
   HI_SS0622  7 0.0104 0.5752 0.0162 0.0301 0.0099 0.3115 0.0124 0.0342 
   HI_SS0626  7 0.0124 0.0313 0.0243 0.8792 0.0102 0.0160 0.0042 0.0224 
   HI_SS0627  7 0.9445 0.0066 0.0040 0.0144 0.0057 0.0104 0.0091 0.0053 
   HI_SS0628  7 0.0368 0.0156 0.0243 0.6449 0.0462 0.0069 0.1438 0.0814 
   HI_SS0629  7 0.0104 0.0208 0.5366 0.2050 0.0063 0.2032 0.0064 0.0112 
   HI_SS0630  7 0.3986 0.0126 0.0333 0.0650 0.0547 0.0077 0.0816 0.3465 
   HI_SS0631  7 0.0357 0.2495 0.0287 0.0380 0.0010 0.0191 0.0213 0.6067 
   HI_SS0632  7 0.7444 0.0290 0.0067 0.0331 0.0032 0.0104 0.0722 0.1009 
   HI_SS0633  7 0.0082 0.0217 0.0149 0.8887 0.0041 0.0272 0.0130 0.0221 
   HI_SS0634  7 0.6497 0.0107 0.0128 0.0654 0.0022 0.0121 0.1930 0.0540 
   HI_SS0635  7 0.0723 0.0717 0.2512 0.3855 0.0113 0.1743 0.0078 0.0260 
   HI_SS0637  7 0.9386 0.0177 0.0099 0.0069 0.0029 0.0104 0.0101 0.0035 
   HI_SS0638  7 0.0422 0.0280 0.0091 0.0272 0.0013 0.0196 0.0938 0.7787 
   HI_SS0639  7 0.0256 0.1295 0.0198 0.7041 0.0522 0.0221 0.0423 0.0044 
   HI_SS0640  7 0.0141 0.9242 0.0088 0.0166 0.0020 0.0134 0.0061 0.0148 
   HI_SS0641  7 0.4298 0.0294 0.1923 0.2997 0.0058 0.0092 0.0047 0.0291 
   HI_SS0642  7 0.0433 0.0755 0.0053 0.0203 0.0027 0.0079 0.8343 0.0107 
   HI_SS0645  7 0.0064 0.0054 0.0057 0.9465 0.0010 0.0127 0.0077 0.0144 
   HI_SS0646  7 0.0328 0.4482 0.1136 0.0093 0.0027 0.1118 0.2605 0.0211 
   HI_SS0647  7 0.0089 0.0124 0.0061 0.0239 0.0012 0.0169 0.8543 0.0762 
   HI_SS0648  7 0.0174 0.7342 0.0116 0.1137 0.0028 0.0575 0.0247 0.0381 
   HI_SS0649  7 0.4143 0.0134 0.2069 0.3213 0.0020 0.0286 0.0066 0.0069 
   HI_SS0650  7 0.7682 0.0115 0.1402 0.0141 0.0041 0.0108 0.0437 0.0074 
   HI_SS0651  7 0.0144 0.9014 0.0162 0.0291 0.0027 0.0272 0.0047 0.0044 
   HI_SS0652  7 0.3636 0.0375 0.0121 0.4842 0.0044 0.0073 0.0810 0.0098 
   NS_SS1371  7 0.0317 0.0333 0.8836 0.0053 0.0052 0.0260 0.0074 0.0075 
   NS_SS1374  7 0.0110 0.0209 0.0103 0.0276 0.0028 0.0050 0.2617 0.6607 
   NS_SS1337  7 0.0674 0.0075 0.0316 0.0450 0.0031 0.0197 0.8056 0.0201 
   NS_SS1385  7 0.0654 0.1150 0.0272 0.0198 0.0061 0.6503 0.0383 0.0779 
   NS_SS1388  7 0.0140 0.0088 0.0132 0.8993 0.0060 0.0310 0.0050 0.0227 
   NS_SS1370  7 0.7934 0.0137 0.0171 0.0198 0.0116 0.0236 0.0985 0.0223 
   NS_SS1389  7 0.0073 0.0120 0.0101 0.8669 0.0042 0.0582 0.0114 0.0300 
   NS_SS1360  7 0.0819 0.7236 0.0260 0.0158 0.0065 0.0137 0.0138 0.1186 
   NS_SS1330  7 0.5259 0.0780 0.0496 0.0132 0.0046 0.2949 0.0194 0.0145 
   NS_SS1328  7 0.0106 0.0204 0.0107 0.0583 0.0027 0.0123 0.1037 0.7812 
   NS_SS1384  7 0.0113 0.8030 0.1374 0.0165 0.0035 0.0134 0.0093 0.0055 
   NS_SS1381  7 0.0289 0.0209 0.0161 0.0119 0.0012 0.7993 0.1135 0.0083 
   NS_SS1375  7 0.0107 0.0181 0.0182 0.9227 0.0013 0.0046 0.0118 0.0126 
   NS_SS1319  7 0.0129 0.0406 0.6072 0.0740 0.0929 0.0114 0.1565 0.0046 
   NS_SS1326  7 0.0071 0.0053 0.0292 0.0184 0.0091 0.0086 0.0552 0.8671 
   NS_SS1341  7 0.7964 0.0157 0.0086 0.0036 0.0043 0.0140 0.1493 0.0081 
   NS_SS1383  7 0.2795 0.0992 0.0115 0.0154 0.0043 0.0106 0.5623 0.0172 
   NS_SS1318  7 0.8386 0.0139 0.0105 0.0220 0.0133 0.0624 0.0110 0.0283 
   NS_SS1348  7 0.1799 0.1080 0.3355 0.0179 0.0022 0.0538 0.0093 0.2933 
   NS_SS1363  7 0.3297 0.0117 0.0177 0.2277 0.0043 0.3604 0.0149 0.0336 
   NS_SS1335  7 0.0208 0.0972 0.6619 0.0075 0.0292 0.0368 0.0424 0.1044 
   NS_SS1358  7 0.0136 0.0324 0.0211 0.0040 0.0114 0.2049 0.6798 0.0328 
   NS_SS1342  7 0.0141 0.0294 0.0511 0.0106 0.0015 0.7323 0.0971 0.0639 
   NS_SS1320  7 0.0081 0.0047 0.0092 0.0871 0.0080 0.2677 0.6116 0.0035 
   NS_SS1355  7 0.5917 0.0458 0.0378 0.0189 0.0134 0.2800 0.0091 0.0033 
   NS_SS1345  7 0.0186 0.0390 0.0119 0.0155 0.0218 0.8667 0.0142 0.0124 
   NS_SS1324  7 0.1928 0.0536 0.0793 0.2552 0.0032 0.0955 0.0225 0.2979 
   NS_SS1347  7 0.1019 0.7292 0.0712 0.0267 0.0038 0.0262 0.0210 0.0201 
   NS_SS1321  7 0.0248 0.0398 0.3324 0.0217 0.0019 0.0304 0.3886 0.1603 
   NS_SS1333  7 0.0351 0.0141 0.0403 0.7930 0.0028 0.0124 0.0491 0.0531 
   NS_SS1364  7 0.0437 0.6610 0.0081 0.0058 0.0022 0.1952 0.0153 0.0687 
   NS_SS1379  7 0.1077 0.2418 0.0400 0.0168 0.0598 0.0665 0.4443 0.0233 
   NS_SS1332  7 0.0104 0.0253 0.0679 0.0219 0.0074 0.0109 0.0056 0.8507 
   NS_SS1338  7 0.0956 0.7232 0.0605 0.0201 0.0063 0.0064 0.0414 0.0465 
   NS_SS1368  7 0.1060 0.0184 0.1822 0.1250 0.0066 0.1907 0.0285 0.3427 
   NS_SS1354  7 0.0688 0.0548 0.0138 0.0428 0.0156 0.7529 0.0150 0.0361 
   NS_SS1365  7 0.0694 0.0142 0.0077 0.7615 0.0099 0.0184 0.0282 0.0907 
   NS_SS1380  7 0.0072 0.0252 0.0092 0.0073 0.0207 0.8897 0.0370 0.0038 
   NS_SS1329  7 0.0097 0.0313 0.0421 0.0040 0.0035 0.7865 0.0443 0.0785 
   NS_SS1362  7 0.0310 0.1418 0.1112 0.0138 0.0039 0.6691 0.0144 0.0148 
   NS_SS1327  7 0.0055 0.0279 0.1242 0.0057 0.0036 0.0033 0.0088 0.8211 
   NS_SS1350  7 0.0463 0.1158 0.6882 0.0912 0.0114 0.0104 0.0241 0.0127 
   NS_SS1387  7 0.0796 0.0657 0.0602 0.7211 0.0033 0.0313 0.0207 0.0182 
   NS_SS1369  7 0.0520 0.0136 0.4997 0.0360 0.0039 0.1360 0.1459 0.1129 
   NS_SS1331  7 0.0092 0.0100 0.0484 0.7230 0.0112 0.0135 0.1389 0.0460 
   NS_SS1357  7 0.0120 0.0106 0.0228 0.0102 0.0038 0.0096 0.9114 0.0195 
   NS_SS1386  7 0.0046 0.0088 0.0073 0.0032 0.0034 0.0072 0.1124 0.8532 
   NS_SS1353  7 0.0141 0.0515 0.1014 0.1206 0.0041 0.2605 0.2564 0.1915 
   NS_SS1323  7 0.0093 0.1275 0.0112 0.0120 0.0799 0.0132 0.7383 0.0086 
   HI_SS0296  8 0.0741 0.0205 0.0555 0.0292 0.0021 0.0382 0.0231 0.7573 
   HI_SS0297  8 0.0049 0.0063 0.0076 0.0069 0.0010 0.0086 0.9573 0.0073 
   HI_SS0299  8 0.5914 0.0198 0.1508 0.0278 0.0330 0.0498 0.1175 0.0099 
   HI_SS0300  8 0.5638 0.0462 0.0984 0.0166 0.0016 0.0316 0.0597 0.1822 
   HI_SS0301  8 0.8204 0.0582 0.0072 0.0665 0.0032 0.0205 0.0072 0.0168 
   HI_SS0302  8 0.0186 0.4634 0.0227 0.0100 0.0211 0.0244 0.0074 0.4324 
   HI_SS0303  8 0.0138 0.0182 0.0738 0.0818 0.0085 0.0138 0.0227 0.7675 
   HI_SS0304  8 0.0289 0.0213 0.0126 0.0542 0.0029 0.0096 0.6426 0.2279 
   HI_SS0306  8 0.0127 0.0168 0.0231 0.0089 0.0040 0.0053 0.0286 0.9007 
   HI_SS0307  8 0.0373 0.0586 0.6103 0.2257 0.0087 0.0356 0.0171 0.0065 
   HI_SS0308  8 0.0198 0.1733 0.0138 0.0359 0.1040 0.4907 0.0224 0.1401 
   HI_SS0309  8 0.0172 0.0295 0.0458 0.0664 0.0029 0.7256 0.1049 0.0077 
   HI_SS0310  8 0.0109 0.9001 0.0040 0.0132 0.0050 0.0173 0.0048 0.0447 
   HI_SS0311  8 0.0124 0.0529 0.0059 0.6754 0.0025 0.0104 0.2281 0.0123 
   HI_SS0314  8 0.0045 0.6096 0.0199 0.2631 0.0013 0.0655 0.0131 0.0231 
   HI_SS0316  8 0.0102 0.5084 0.3776 0.0319 0.0049 0.0110 0.0236 0.0325 
   HI_SS0317  8 0.5896 0.0968 0.0170 0.1120 0.0017 0.0623 0.0506 0.0698 
   HI_SS0318  8 0.0208 0.0174 0.7431 0.0072 0.1661 0.0050 0.0163 0.0241 
   HI_SS0319  8 0.0027 0.0057 0.9643 0.0038 0.0033 0.0080 0.0035 0.0087 
   HI_SS0320  8 0.0355 0.0334 0.0305 0.5165 0.0014 0.0214 0.3530 0.0083 
   HI_SS0321  8 0.7743 0.0424 0.0862 0.0442 0.0021 0.0101 0.0192 0.0215 
   HI_SS0323  8 0.0752 0.0169 0.1583 0.7210 0.0016 0.0056 0.0139 0.0075 
   HI_SS0325  8 0.0318 0.0271 0.0118 0.0495 0.0021 0.0107 0.0091 0.8578 
   HI_SS0327  8 0.0087 0.0123 0.8250 0.0050 0.0016 0.0140 0.1055 0.0279 
   HI_SS0329  8 0.1184 0.0306 0.0992 0.2714 0.0016 0.0298 0.3678 0.0812 
   HI_SS0333  8 0.1598 0.3646 0.1075 0.0494 0.0036 0.1023 0.0685 0.1441 
   HI_SS0334  8 0.1017 0.7706 0.0577 0.0082 0.0015 0.0208 0.0161 0.0233 
   HI_SS0335  8 0.1089 0.0569 0.0069 0.0083 0.0240 0.7713 0.0165 0.0073 
   HI_SS0339  8 0.0360 0.1615 0.0076 0.0255 0.0146 0.6946 0.0544 0.0059 
   HI_SS0343  8 0.0143 0.0229 0.0693 0.0070 0.0018 0.7056 0.1675 0.0117 
   HI_SS0344  8 0.0128 0.0135 0.0762 0.0062 0.0040 0.0054 0.0263 0.8556 
   HI_SS0345  8 0.0550 0.0173 0.0068 0.0191 0.0107 0.2364 0.0843 0.5705 
   HI_SS0346  8 0.8579 0.0088 0.0124 0.0476 0.0033 0.0052 0.0510 0.0137 
   HI_SS0350  8 0.0083 0.0155 0.0098 0.0381 0.0075 0.9090 0.0083 0.0035 
   HI_SS0351  8 0.4774 0.2777 0.0812 0.0143 0.0037 0.1049 0.0186 0.0223 
   HI_SS0352  8 0.0095 0.0102 0.0335 0.0137 0.1022 0.7915 0.0283 0.0111 
   HI_SS0362  8 0.0325 0.0499 0.2642 0.5238 0.0024 0.0039 0.0176 0.1059 
   HI_SS0363  8 0.0081 0.0164 0.9039 0.0160 0.0029 0.0139 0.0107 0.0280 
   HI_SS0365  8 0.0259 0.0145 0.8337 0.0225 0.0063 0.0571 0.0216 0.0183 
   HI_SS0366  8 0.0136 0.0111 0.8603 0.0104 0.0013 0.0261 0.0118 0.0654 
   HI_SS0367  8 0.3477 0.0157 0.0372 0.0302 0.0022 0.5405 0.0189 0.0076 
   HI_SS0369  8 0.0530 0.0310 0.0236 0.0672 0.0028 0.1957 0.6163 0.0104 
