   NS_SS0963  1 0.0171 0.7277 0.0485 0.0084 0.0063 0.0099 0.0147 0.0383 0.1078 0.0212 
   NS_SS0983  1 0.0071 0.0050 0.0205 0.8953 0.0029 0.0035 0.0049 0.0128 0.0341 0.0139 
   NS_SS0719  1 0.0178 0.0158 0.0363 0.0249 0.0058 0.0083 0.0251 0.1296 0.7278 0.0086 
   NS_SS1001  1 0.1604 0.0254 0.0120 0.0168 0.0054 0.0698 0.6245 0.0182 0.0187 0.0488 
   NS_SS0936  1 0.2317 0.0220 0.2516 0.0057 0.0026 0.0247 0.0469 0.0864 0.1583 0.1702 
   NS_SS0955  1 0.0668 0.0647 0.0396 0.0226 0.0030 0.5808 0.0124 0.1597 0.0326 0.0178 
   NS_SS0944  1 0.5894 0.1966 0.0131 0.0836 0.0022 0.0128 0.0157 0.0122 0.0487 0.0257 
   NS_SS0945  1 0.3757 0.1140 0.0678 0.0926 0.0156 0.0701 0.0689 0.1205 0.0295 0.0453 
   NS_SS0922  1 0.0367 0.2257 0.1144 0.0088 0.0380 0.0083 0.4663 0.0126 0.0739 0.0152 
   NS_SS0929  1 0.0204 0.0959 0.0979 0.0529 0.0035 0.5522 0.0407 0.0289 0.0436 0.0640 
   NS_SS0956  1 0.0081 0.0326 0.0282 0.0060 0.0047 0.0682 0.8113 0.0251 0.0111 0.0047 
   NS_SS0906  1 0.0243 0.0081 0.2062 0.0736 0.0034 0.0590 0.0310 0.0214 0.4627 0.1102 
   NS_SS0721  1 0.0059 0.0077 0.5530 0.0116 0.0065 0.0241 0.0096 0.2056 0.1494 0.0265 
   NS_SS0982  1 0.0151 0.0248 0.0735 0.0226 0.0172 0.3067 0.0042 0.1889 0.0199 0.3271 
   NS_SS0923  1 0.0101 0.1889 0.0324 0.0086 0.0043 0.0336 0.1099 0.0241 0.5294 0.0587 
   NS_SS0905  1 0.0051 0.0074 0.0985 0.2252 0.0025 0.0345 0.0497 0.1187 0.4146 0.0438 
   NS_SS0925  1 0.5090 0.0172 0.1525 0.0106 0.0066 0.0395 0.0147 0.1715 0.0529 0.0254 
   NS_SS0947  1 0.2760 0.2261 0.3450 0.0211 0.0053 0.0340 0.0100 0.0351 0.0105 0.0370 
   NS_SS0926  1 0.0295 0.0260 0.0059 0.3733 0.0012 0.0201 0.2087 0.0118 0.0360 0.2876 
   NS_SS0918  1 0.0277 0.1942 0.0397 0.1683 0.0031 0.0502 0.2776 0.0625 0.0364 0.1403 
   NS_SS0966  1 0.0334 0.0082 0.0473 0.0324 0.0427 0.1718 0.0133 0.0631 0.5150 0.0728 
   NS_SS0938  1 0.1857 0.0239 0.0060 0.0075 0.0014 0.0050 0.0201 0.1612 0.0051 0.5841 
   NS_SS0917  1 0.0417 0.0047 0.1084 0.0329 0.0373 0.0225 0.0085 0.6859 0.0456 0.0126 
   NS_SS0957  1 0.0102 0.1670 0.0342 0.0079 0.0074 0.1850 0.4673 0.0281 0.0103 0.0825 
   NS_SS0987  1 0.0059 0.0044 0.0057 0.0088 0.2249 0.0107 0.7013 0.0094 0.0124 0.0164 
   NS_SS0717  1 0.0667 0.0211 0.0397 0.0221 0.0032 0.1297 0.3090 0.1803 0.1455 0.0828 
   NS_SS0986  1 0.0057 0.1260 0.0440 0.0142 0.0042 0.0374 0.0153 0.0094 0.0092 0.7347 
   NS_SS0953  1 0.2965 0.0378 0.3906 0.0115 0.0202 0.1026 0.0638 0.0312 0.0102 0.0356 
   NS_SS0907  1 0.0075 0.0103 0.1885 0.0418 0.0409 0.0451 0.0225 0.0167 0.0205 0.6062 
   NS_SS0974  1 0.1932 0.0201 0.0185 0.5155 0.0035 0.0238 0.0197 0.0556 0.1065 0.0436 
   NS_SS0989  1 0.0319 0.2555 0.0309 0.6232 0.0008 0.0082 0.0079 0.0138 0.0102 0.0177 
   NS_SS0991  1 0.0542 0.0059 0.0214 0.3819 0.0015 0.0293 0.0105 0.0104 0.4726 0.0122 
   NS_SS0994  1 0.4011 0.0429 0.0306 0.4463 0.0022 0.0065 0.0113 0.0068 0.0282 0.0240 
   NS_SS0931  1 0.0139 0.0082 0.0050 0.0222 0.0063 0.0024 0.9142 0.0102 0.0099 0.0077 
   NS_SS1000  1 0.0507 0.0118 0.7138 0.0036 0.0035 0.0447 0.0721 0.0095 0.0357 0.0546 
   NS_SS0919  1 0.0070 0.0146 0.0108 0.0114 0.0027 0.0037 0.0071 0.0088 0.9260 0.0079 
   NS_SS0949  1 0.5595 0.0076 0.0779 0.1319 0.0011 0.0044 0.0187 0.1408 0.0416 0.0166 
   NS_SS0960  1 0.0099 0.0394 0.1222 0.1586 0.0087 0.0720 0.1613 0.1561 0.2516 0.0202 
   NS_SS0716  1 0.0034 0.0055 0.0065 0.0048 0.0082 0.1659 0.7623 0.0099 0.0110 0.0224 
   NS_SS0924  1 0.0058 0.0270 0.0219 0.0151 0.0118 0.0979 0.0084 0.0177 0.7838 0.0106 
   NS_SS0935  1 0.0198 0.0103 0.0133 0.1714 0.0073 0.0118 0.0750 0.0083 0.6796 0.0033 
   NS_SS0952  1 0.0464 0.0134 0.0234 0.1112 0.0387 0.0474 0.0501 0.0066 0.6484 0.0144 
   NS_SS0962  1 0.0073 0.0490 0.0117 0.0056 0.0062 0.0139 0.0412 0.0860 0.0159 0.7634 
   NS_SS0973  1 0.0177 0.0073 0.4444 0.0413 0.0047 0.0066 0.0083 0.3774 0.0698 0.0225 
   NS_SS0722  1 0.1788 0.0213 0.1438 0.0085 0.0036 0.0373 0.5263 0.0106 0.0494 0.0203 
   NS_SS0979  1 0.0196 0.0309 0.0127 0.0131 0.0019 0.3899 0.0338 0.0274 0.0235 0.4471 
   NS_SS0993  1 0.3816 0.0081 0.0139 0.0099 0.0212 0.0086 0.0085 0.0509 0.4688 0.0286 
   NS_SS0958  1 0.0312 0.0657 0.0778 0.1785 0.0026 0.1521 0.1242 0.0652 0.1861 0.1164 
   NS_SS0988  1 0.0176 0.0057 0.0108 0.0373 0.0054 0.0137 0.0162 0.0335 0.0840 0.7758 
   NS_SS1003  1 0.0296 0.4001 0.0153 0.0046 0.0098 0.0150 0.0662 0.3017 0.0427 0.1151 
   NS_SS0976  1 0.0080 0.8456 0.0099 0.0445 0.0020 0.0198 0.0063 0.0098 0.0409 0.0131 
   NS_SS0964  1 0.0185 0.0182 0.0274 0.0094 0.0021 0.0202 0.8280 0.0114 0.0483 0.0164 
   NS_SS0939  1 0.0980 0.0364 0.0180 0.0038 0.0048 0.0311 0.3315 0.4440 0.0121 0.0202 
   NS_SS0990  1 0.0125 0.0092 0.0186 0.0247 0.0036 0.0164 0.0225 0.0101 0.0051 0.8773 
   NS_SS0984  1 0.3166 0.0305 0.0341 0.0050 0.0027 0.0078 0.1602 0.0250 0.3988 0.0193 
   NS_SS0980  1 0.0095 0.0197 0.8497 0.0121 0.0019 0.0039 0.0084 0.0374 0.0519 0.0056 
   NS_SS0978  1 0.0082 0.0131 0.8310 0.0075 0.0036 0.0356 0.0107 0.0678 0.0145 0.0081 
   NS_SS0951  1 0.0109 0.0148 0.0114 0.0236 0.0030 0.8281 0.0138 0.0147 0.0612 0.0186 
   NS_SS0913  1 0.0277 0.0511 0.0102 0.0157 0.0395 0.1835 0.2097 0.0306 0.0121 0.4200 
   NS_SS1002  1 0.0048 0.0070 0.0087 0.0030 0.0227 0.0033 0.0047 0.0060 0.0066 0.9334 
   NS_SS0948  1 0.0273 0.0049 0.0071 0.0371 0.0384 0.1900 0.0348 0.0108 0.0460 0.6035 
   NS_SS0916  1 0.0114 0.0602 0.0241 0.0142 0.0034 0.0224 0.0077 0.8388 0.0105 0.0073 
   NS_SS0995  1 0.0107 0.0092 0.3639 0.0119 0.0032 0.0082 0.0189 0.5389 0.0178 0.0174 
   NS_SS0927  1 0.0168 0.0149 0.3435 0.2068 0.0038 0.0288 0.0222 0.2446 0.0734 0.0451 
   NS_SS0992  1 0.0071 0.0128 0.8152 0.0516 0.0032 0.0083 0.0103 0.0158 0.0142 0.0615 
   NS_SS0912  1 0.0164 0.0068 0.0152 0.0770 0.0027 0.0374 0.2872 0.0317 0.0892 0.4364 
   NS_SS0981  1 0.0079 0.1056 0.0203 0.0063 0.0021 0.0188 0.6081 0.0196 0.1631 0.0483 
   NS_SS0729  2 0.2247 0.0075 0.0270 0.6723 0.0038 0.0062 0.0030 0.0326 0.0077 0.0153 
   NS_SS0967  2 0.0445 0.0345 0.2141 0.0236 0.0123 0.0348 0.0777 0.0359 0.0589 0.4635 
   NS_SS0941  2 0.3918 0.0550 0.0890 0.0263 0.1130 0.0091 0.0220 0.2212 0.0620 0.0105 
   NS_SS0768  2 0.0183 0.0168 0.0133 0.0083 0.0035 0.8798 0.0244 0.0102 0.0051 0.0202 
   NS_SS0726  2 0.2885 0.0714 0.0121 0.0247 0.0068 0.0059 0.0059 0.0212 0.5529 0.0106 
   NS_SS0763  2 0.1225 0.0749 0.0316 0.5594 0.0022 0.0453 0.0192 0.0534 0.0758 0.0157 
   NS_SS0730  2 0.0171 0.1771 0.0685 0.0278 0.0034 0.0269 0.0661 0.4907 0.0324 0.0901 
   NS_SS0774  2 0.0072 0.0194 0.8454 0.0061 0.0010 0.0695 0.0264 0.0104 0.0064 0.0082 
   NS_SS0723  2 0.0096 0.1011 0.5525 0.0057 0.0018 0.0224 0.0143 0.2315 0.0404 0.0207 
   NS_SS0940  2 0.2134 0.0838 0.0245 0.0268 0.0070 0.0057 0.0306 0.3767 0.2154 0.0163 
   NS_SS0762  2 0.0287 0.0505 0.0885 0.0071 0.0038 0.3090 0.4437 0.0136 0.0466 0.0086 
   NS_SS0766  2 0.0281 0.1553 0.1094 0.1326 0.0201 0.0384 0.1631 0.2271 0.0756 0.0503 
   NS_SS0724  2 0.2947 0.1082 0.0391 0.0132 0.0045 0.2232 0.0297 0.0240 0.2333 0.0299 
   NS_SS0769  2 0.0038 0.0045 0.0128 0.0102 0.0028 0.0172 0.0056 0.0132 0.9209 0.0090 
   NS_SS0777  2 0.0069 0.0065 0.3952 0.0240 0.0129 0.0043 0.0669 0.0104 0.0470 0.4258 
   NS_SS0734  2 0.0186 0.0373 0.1691 0.0320 0.0320 0.0126 0.6198 0.0461 0.0121 0.0204 
   NS_SS0737  2 0.0572 0.6429 0.0801 0.0083 0.0049 0.0226 0.0102 0.1529 0.0038 0.0170 
   NS_SS0732  2 0.0107 0.0202 0.1665 0.0093 0.0054 0.0189 0.0246 0.5357 0.1993 0.0093 
   NS_SS0728  2 0.0766 0.0905 0.6299 0.0166 0.0121 0.0719 0.0108 0.0605 0.0195 0.0116 
   NS_SS0735  2 0.4121 0.0514 0.3293 0.0256 0.0103 0.0064 0.0164 0.1018 0.0261 0.0205 
   NS_SS0725  2 0.8555 0.0328 0.0061 0.0142 0.0092 0.0152 0.0139 0.0201 0.0100 0.0231 
   NS_SS0788  2 0.0132 0.0228 0.2130 0.0089 0.0017 0.0104 0.0042 0.6924 0.0222 0.0112 
   NS_SS0778  2 0.0262 0.0120 0.7312 0.0174 0.0018 0.0046 0.0185 0.1716 0.0068 0.0100 
   NS_SS0792  2 0.0079 0.0136 0.0212 0.0286 0.0040 0.8773 0.0125 0.0085 0.0093 0.0171 
   NS_SS0943  2 0.8424 0.0169 0.0114 0.0204 0.0091 0.0287 0.0184 0.0128 0.0301 0.0099 
   NS_SS0791  2 0.0042 0.8837 0.0141 0.0138 0.0099 0.0045 0.0172 0.0380 0.0079 0.0069 
   NS_SS0790  2 0.0048 0.0025 0.0067 0.0022 0.0025 0.9623 0.0067 0.0045 0.0035 0.0042 
   NS_SS0731  2 0.1713 0.0073 0.0124 0.0137 0.0114 0.0277 0.0700 0.0102 0.0062 0.6698 
   NS_SS0727  2 0.6813 0.0224 0.0227 0.1745 0.0019 0.0125 0.0157 0.0165 0.0380 0.0145 
   NS_SS0779  2 0.0168 0.0254 0.5918 0.0227 0.0048 0.0108 0.0191 0.0850 0.0246 0.1990 
   NS_SS0776  2 0.0069 0.2920 0.5310 0.0152 0.0069 0.0163 0.0221 0.0071 0.0152 0.0871 
   NS_SS0775  2 0.0166 0.0313 0.0724 0.0126 0.0101 0.0626 0.7188 0.0403 0.0105 0.0245 
   NS_SS0965  3 0.0046 0.0233 0.1381 0.0089 0.0021 0.0243 0.0290 0.0198 0.7352 0.0148 
   NS_SS0754  3 0.0119 0.0548 0.5132 0.0494 0.0171 0.0837 0.0441 0.1224 0.0854 0.0180 
   NS_SS0838  3 0.0454 0.7045 0.0140 0.0741 0.0370 0.0326 0.0096 0.0185 0.0123 0.0520 
   NS_SS0839  3 0.0148 0.5956 0.0847 0.0057 0.0048 0.1959 0.0279 0.0451 0.0065 0.0190 
   NS_SS0832  3 0.0090 0.0089 0.2592 0.0033 0.0465 0.0099 0.0221 0.0150 0.0218 0.6044 
   NS_SS0820  3 0.0072 0.3717 0.0109 0.0031 0.0102 0.4476 0.0056 0.0179 0.0643 0.0616 
   NS_SS0886  3 0.0139 0.0751 0.3423 0.0998 0.0018 0.0150 0.0192 0.2854 0.1016 0.0461 
   NS_SS0748  3 0.0219 0.0390 0.0452 0.1730 0.0089 0.2114 0.1823 0.0389 0.0847 0.1947 
   NS_SS0884  3 0.0326 0.2719 0.4268 0.0287 0.0248 0.0848 0.0244 0.0646 0.0235 0.0180 
   NS_SS0752  3 0.0782 0.0723 0.5639 0.0445 0.0021 0.0074 0.0444 0.1231 0.0356 0.0284 
   NS_SS0862  3 0.0097 0.1169 0.7064 0.0077 0.0046 0.0272 0.0083 0.0934 0.0149 0.0110 
   NS_SS0787  3 0.0124 0.0112 0.0139 0.8671 0.0066 0.0130 0.0150 0.0097 0.0403 0.0107 
   NS_SS0843  3 0.1397 0.0095 0.3522 0.0850 0.0017 0.0127 0.0425 0.0782 0.2262 0.0524 
   NS_SS0856  3 0.0182 0.0283 0.1273 0.0412 0.0028 0.1582 0.0057 0.0414 0.0088 0.5680 
   NS_SS0846  3 0.0521 0.1581 0.4032 0.0979 0.0033 0.0148 0.0406 0.0389 0.0596 0.1315 
   NS_SS0825  3 0.0242 0.0570 0.0099 0.0239 0.0102 0.0059 0.0143 0.5982 0.0058 0.2506 
   NS_SS0757  3 0.0121 0.0208 0.2274 0.0305 0.0049 0.0251 0.0225 0.6357 0.0123 0.0086 
   NS_SS0876  3 0.0933 0.0044 0.2865 0.0100 0.2157 0.1187 0.0101 0.0516 0.0087 0.2011 
   NS_SS0903  3 0.0106 0.0065 0.8817 0.0076 0.0025 0.0051 0.0167 0.0584 0.0065 0.0044 
   NS_SS0875  3 0.0130 0.0136 0.0326 0.0638 0.0052 0.1606 0.5907 0.0467 0.0262 0.0476 
   NS_SS0740  3 0.1700 0.0074 0.1038 0.0272 0.0031 0.0276 0.0119 0.0524 0.5857 0.0107 
   NS_SS0811  3 0.0028 0.0036 0.0061 0.0054 0.0070 0.8972 0.0496 0.0123 0.0068 0.0092 
   NS_SS0751  3 0.0410 0.2537 0.0389 0.0195 0.0024 0.0107 0.4985 0.0211 0.0276 0.0865 
   NS_SS0891  3 0.5261 0.0062 0.0109 0.0081 0.0038 0.3877 0.0076 0.0157 0.0085 0.0254 
   NS_SS0867  3 0.2382 0.0217 0.1601 0.0995 0.0289 0.0172 0.0576 0.0665 0.2751 0.0350 
   NS_SS0890  3 0.0235 0.0062 0.0340 0.0206 0.0036 0.0407 0.1331 0.1267 0.6052 0.0064 
   NS_SS0866  3 0.0165 0.0137 0.0204 0.8360 0.0061 0.0143 0.0163 0.0249 0.0036 0.0480 
   NS_SS0755  3 0.0164 0.0215 0.0155 0.0335 0.0084 0.7947 0.0258 0.0357 0.0364 0.0120 
   NS_SS0758  3 0.0107 0.0430 0.3415 0.1938 0.0021 0.0098 0.0182 0.0344 0.0118 0.3347 
   NS_SS0840  3 0.0302 0.7161 0.1254 0.0091 0.0030 0.0199 0.0209 0.0124 0.0155 0.0475 
   NS_SS0889  3 0.0126 0.0694 0.0346 0.3251 0.0021 0.2744 0.1873 0.0515 0.0156 0.0275 
   NS_SS1010  3 0.0064 0.3950 0.0588 0.0907 0.0497 0.2088 0.0557 0.0297 0.0599 0.0451 
   NS_SS0888  3 0.0174 0.0168 0.3933 0.2995 0.0020 0.1692 0.0579 0.0214 0.0173 0.0053 
   NS_SS0837  3 0.0094 0.0253 0.0397 0.0667 0.0033 0.0418 0.0630 0.1284 0.3033 0.3191 
   NS_SS0794  3 0.0286 0.0059 0.0110 0.2896 0.0020 0.5898 0.0091 0.0166 0.0153 0.0320 
   NS_SS0823  3 0.0703 0.0187 0.6412 0.0481 0.0038 0.1025 0.0048 0.0611 0.0138 0.0357 
   NS_SS0829  3 0.0084 0.0191 0.0214 0.4850 0.1179 0.0827 0.0072 0.0126 0.2362 0.0095 
   NS_SS0844  3 0.0106 0.0068 0.0138 0.0053 0.0015 0.9342 0.0027 0.0069 0.0124 0.0056 
   NS_SS1008  3 0.0360 0.0102 0.1147 0.5979 0.0121 0.0442 0.1326 0.0171 0.0218 0.0134 
   NS_SS0881  3 0.0093 0.1093 0.0178 0.0095 0.0022 0.0070 0.1083 0.0387 0.6345 0.0634 
   NS_SS0834  3 0.4739 0.3925 0.0069 0.0065 0.0058 0.0378 0.0049 0.0172 0.0098 0.0447 
   NS_SS0744  3 0.0062 0.0144 0.7755 0.0118 0.0065 0.0118 0.0078 0.1122 0.0119 0.0421 
   NS_SS0899  3 0.0120 0.0208 0.0093 0.0088 0.0015 0.8381 0.0133 0.0127 0.0128 0.0707 
   NS_SS0804  3 0.0176 0.0388 0.0354 0.0083 0.0043 0.1475 0.0158 0.1861 0.2157 0.3305 
   NS_SS0781  3 0.0470 0.0880 0.2703 0.0065 0.0036 0.1285 0.0143 0.0667 0.0207 0.3544 
   NS_SS0822  3 0.0243 0.2921 0.0217 0.4620 0.0019 0.0266 0.0683 0.0819 0.0101 0.0111 
   NS_SS1004  3 0.0077 0.0103 0.7550 0.0108 0.0042 0.0177 0.0180 0.0139 0.0684 0.0939 
   NS_SS0746  3 0.0865 0.0209 0.1651 0.0362 0.0169 0.2999 0.0198 0.0280 0.1413 0.1853 
   NS_SS0880  3 0.0116 0.9051 0.0191 0.0093 0.0013 0.0043 0.0220 0.0108 0.0069 0.0096 
   NS_SS0879  3 0.0892 0.0371 0.1075 0.0551 0.0167 0.5977 0.0139 0.0145 0.0404 0.0278 
   NS_SS0753  3 0.0128 0.0077 0.1183 0.3326 0.0106 0.0239 0.0128 0.0926 0.3417 0.0471 
   NS_SS1007  3 0.0115 0.0263 0.3200 0.0110 0.0020 0.0040 0.0439 0.4602 0.0738 0.0473 
   NS_SS0872  3 0.0271 0.0045 0.2141 0.0073 0.0022 0.0530 0.0602 0.0475 0.0247 0.5592 
   NS_SS1005  3 0.0228 0.0183 0.8290 0.0060 0.0014 0.0297 0.0073 0.0184 0.0130 0.0543 
   NS_SS0892  3 0.0109 0.0230 0.1622 0.0134 0.0023 0.0247 0.6179 0.0118 0.0885 0.0452 
   NS_SS0898  3 0.0048 0.0036 0.0046 0.0161 0.0060 0.0174 0.9259 0.0080 0.0076 0.0060 
   NS_SS0801  3 0.0051 0.9090 0.0263 0.0044 0.0075 0.0070 0.0084 0.0066 0.0158 0.0100 
   NS_SS0827  3 0.0065 0.0121 0.0081 0.2414 0.1186 0.0173 0.1214 0.1080 0.3416 0.0249 
   NS_SS0853  3 0.0032 0.0061 0.0100 0.0162 0.0051 0.8678 0.0635 0.0054 0.0089 0.0138 
   NS_SS0780  3 0.0091 0.5096 0.3342 0.0064 0.0041 0.0085 0.0857 0.0108 0.0132 0.0183 
   NS_SS0826  3 0.0086 0.0399 0.0079 0.0145 0.0033 0.0083 0.0105 0.0089 0.0161 0.8820 
   NS_SS0818  3 0.0263 0.0569 0.7047 0.0143 0.0013 0.0092 0.0272 0.1317 0.0210 0.0073 
   NS_SS0745  3 0.0224 0.0068 0.0097 0.0037 0.0015 0.0088 0.8954 0.0094 0.0077 0.0345 
   NS_SS0849  3 0.0179 0.0054 0.2271 0.0061 0.0018 0.0101 0.0530 0.4568 0.0144 0.2075 
   NS_SS0739  3 0.0043 0.0068 0.0157 0.0085 0.0090 0.0061 0.0308 0.9089 0.0035 0.0065 
   NS_SS0799  3 0.0318 0.0246 0.0577 0.7333 0.0011 0.0327 0.0287 0.0631 0.0190 0.0081 
   NS_SS0756  3 0.0260 0.0225 0.1037 0.0104 0.0045 0.0869 0.0243 0.1281 0.0499 0.5436 
   NS_SS0802  3 0.0682 0.0180 0.2847 0.0239 0.1898 0.0071 0.0046 0.2773 0.0142 0.1121 
   NS_SS0747  3 0.0098 0.0190 0.7414 0.0086 0.0065 0.0079 0.0105 0.0396 0.1179 0.0389 
   NS_SS0835  3 0.0203 0.0079 0.0260 0.6047 0.0012 0.0123 0.0229 0.0163 0.0960 0.1923 
   NS_SS0742  3 0.0408 0.0476 0.0194 0.0137 0.0014 0.0161 0.0137 0.8055 0.0117 0.0301 
   NS_SS0760  3 0.0045 0.0285 0.0486 0.7159 0.0575 0.0247 0.0066 0.0205 0.0249 0.0684 
   NS_SS0803  3 0.0129 0.0093 0.7750 0.0087 0.0099 0.0991 0.0075 0.0322 0.0208 0.0247 
   NS_SS0828  3 0.0102 0.0104 0.0389 0.0225 0.0015 0.0207 0.0189 0.0208 0.8503 0.0057 
   NS_SS0865  3 0.0144 0.1443 0.2681 0.1163 0.0333 0.0514 0.0400 0.2483 0.0178 0.0661 
   NS_SS0759  3 0.0092 0.0312 0.6197 0.0127 0.0042 0.0129 0.1266 0.0407 0.1165 0.0263 
   NS_SS0851  3 0.0098 0.0132 0.0115 0.0080 0.0091 0.8811 0.0259 0.0307 0.0048 0.0059 
   NS_SS0874  3 0.4863 0.0316 0.0276 0.0267 0.0021 0.3276 0.0071 0.0221 0.0594 0.0096 
   NS_SS0761  3 0.0172 0.0157 0.0901 0.5577 0.0027 0.0329 0.0519 0.0134 0.0261 0.1924 
   NS_SS0842  3 0.0149 0.0157 0.0141 0.0197 0.0093 0.1084 0.4894 0.0349 0.2671 0.0265 
   NS_SS0785  3 0.0245 0.0145 0.7670 0.0484 0.0061 0.0094 0.0368 0.0280 0.0175 0.0478 
   NS_SS0860  3 0.0093 0.0089 0.2452 0.3915 0.0026 0.0176 0.0104 0.2640 0.0298 0.0208 
   NS_SS0897  3 0.0097 0.0094 0.0098 0.9147 0.0022 0.0122 0.0202 0.0087 0.0051 0.0079 
   NS_SS0841  3 0.0062 0.2946 0.0220 0.0062 0.0034 0.0318 0.4997 0.1137 0.0087 0.0138 
   NS_SS0797  3 0.0045 0.6282 0.0069 0.0925 0.0204 0.0185 0.1815 0.0151 0.0120 0.0204 
   NS_SS0830  3 0.0250 0.2058 0.0222 0.0219 0.0025 0.0109 0.1022 0.3577 0.0869 0.1650 
   NS_SS1011  3 0.0081 0.7730 0.0999 0.0046 0.0057 0.0352 0.0058 0.0091 0.0074 0.0511 
   NS_SS0883  3 0.0038 0.0103 0.1571 0.0167 0.0057 0.1546 0.0244 0.3680 0.2416 0.0176 
   NS_SS0782  3 0.0631 0.0065 0.3598 0.0238 0.0024 0.0116 0.0137 0.0259 0.0059 0.4873 
   NS_SS0831  3 0.0208 0.0140 0.0319 0.6448 0.0039 0.0583 0.0112 0.1670 0.0230 0.0251 
   NS_SS0749  3 0.0116 0.0117 0.7428 0.0174 0.0031 0.0057 0.0103 0.0560 0.1354 0.0061 
   NS_SS0854  3 0.6716 0.0269 0.0587 0.0729 0.0030 0.0656 0.0326 0.0301 0.0141 0.0245 
   HI_SS0193  4 0.7834 0.0272 0.0040 0.0116 0.0018 0.0063 0.0229 0.1307 0.0080 0.0041 
   HI_SS0194  4 0.9553 0.0131 0.0053 0.0032 0.0017 0.0047 0.0030 0.0038 0.0044 0.0056 
   HI_SS0195  4 0.1361 0.0113 0.3017 0.0027 0.1058 0.0245 0.0203 0.3340 0.0112 0.0522 
   HI_SS0196  4 0.0779 0.0183 0.4877 0.0182 0.0025 0.0526 0.0104 0.2844 0.0066 0.0413 
   HI_SS0197  4 0.0137 0.0522 0.0272 0.0049 0.0123 0.0027 0.0067 0.0787 0.0217 0.7798 
   HI_SS0198  4 0.0058 0.0220 0.5327 0.0209 0.0101 0.0351 0.0070 0.3453 0.0094 0.0116 
   HI_SS0199  4 0.0149 0.0125 0.0829 0.7386 0.0028 0.0057 0.0104 0.0458 0.0767 0.0097 
   HI_SS0201  4 0.0180 0.0165 0.0302 0.2765 0.0027 0.0208 0.0138 0.0151 0.6000 0.0064 
   HI_SS0215  4 0.0054 0.0064 0.0718 0.2553 0.0028 0.0229 0.0308 0.0975 0.0223 0.4849 
   HI_SS0218  4 0.0050 0.0109 0.0092 0.9226 0.0078 0.0130 0.0150 0.0049 0.0049 0.0065 
   HI_SS0222  4 0.0084 0.0477 0.2232 0.0578 0.0046 0.0130 0.0281 0.2342 0.0252 0.3577 
   HI_SS0230  4 0.0091 0.0352 0.0059 0.0071 0.0066 0.0748 0.0168 0.0416 0.0737 0.7293 
   HI_SS0234  4 0.0328 0.0137 0.6360 0.0084 0.1560 0.0213 0.0055 0.0306 0.0385 0.0574 
   HI_SS0240  4 0.0174 0.0415 0.8561 0.0118 0.0052 0.0078 0.0342 0.0098 0.0118 0.0044 
   HI_SS0241  4 0.0102 0.0176 0.0099 0.0681 0.0016 0.8226 0.0162 0.0048 0.0418 0.0073 
   HI_SS0242  4 0.0247 0.0184 0.0891 0.4392 0.0040 0.0893 0.0598 0.1329 0.0754 0.0672 
   HI_SS0247  4 0.0092 0.0836 0.0108 0.0096 0.0204 0.8155 0.0095 0.0069 0.0130 0.0216 
   HI_SS0248  4 0.1215 0.0059 0.0273 0.3063 0.0009 0.0026 0.4529 0.0095 0.0391 0.0339 
   HI_SS0252  4 0.6236 0.1149 0.0225 0.0418 0.0027 0.0880 0.0222 0.0099 0.0109 0.0634 
   HI_SS0254  4 0.0107 0.0118 0.0126 0.0037 0.0651 0.0031 0.1512 0.0118 0.7011 0.0289 
   HI_SS0256  4 0.0296 0.0124 0.2200 0.0029 0.0016 0.6539 0.0051 0.0133 0.0327 0.0286 
   HI_SS0257  4 0.1502 0.0243 0.0518 0.4562 0.0031 0.0809 0.0042 0.0257 0.1799 0.0236 
   HI_SS0258  4 0.0139 0.1050 0.0955 0.5420 0.0050 0.0653 0.0823 0.0112 0.0525 0.0274 
   HI_SS0259  4 0.0430 0.7461 0.0390 0.0078 0.0025 0.0826 0.0066 0.0440 0.0177 0.0106 
   HI_SS0260  4 0.0400 0.0184 0.0939 0.5226 0.0017 0.0383 0.0502 0.0980 0.1068 0.0300 
   HI_SS0261  4 0.0730 0.0165 0.0262 0.0642 0.0020 0.0044 0.0351 0.0218 0.7281 0.0287 
   HI_SS0262  4 0.0350 0.0706 0.0279 0.0212 0.0059 0.0639 0.0199 0.6334 0.0277 0.0943 
   HI_SS0264  4 0.0207 0.0691 0.0095 0.0042 0.0034 0.1051 0.0309 0.0271 0.0703 0.6598 
   HI_SS0265  4 0.0216 0.0087 0.0250 0.0070 0.0911 0.0522 0.0057 0.0830 0.6822 0.0236 
   HI_SS0268  4 0.0104 0.2449 0.0531 0.0192 0.0026 0.0727 0.0435 0.1910 0.3435 0.0191 
   HI_SS0269  4 0.0575 0.0239 0.0493 0.7813 0.0019 0.0097 0.0065 0.0276 0.0103 0.0321 
   HI_SS0273  4 0.0096 0.0085 0.0159 0.8545 0.0021 0.0074 0.0382 0.0161 0.0121 0.0357 
   HI_SS0277  4 0.0085 0.0367 0.0115 0.0232 0.0025 0.0119 0.0041 0.4885 0.0148 0.3984 
   HI_SS0280  4 0.0075 0.6881 0.0860 0.0503 0.0060 0.0490 0.0376 0.0259 0.0158 0.0337 
   HI_SS0282  4 0.3956 0.0632 0.0894 0.1382 0.0014 0.0090 0.0066 0.2023 0.0437 0.0505 
   HI_SS0286  4 0.1280 0.0350 0.0464 0.0286 0.0094 0.1996 0.0132 0.4719 0.0222 0.0456 
   NS_SS1252  5 0.0051 0.0039 0.0071 0.9289 0.0034 0.0158 0.0061 0.0111 0.0072 0.0114 
   NS_SS1261  5 0.0082 0.0038 0.0049 0.0112 0.0093 0.0074 0.0049 0.0856 0.0038 0.8608 
   NS_SS1225  5 0.0649 0.0420 0.0346 0.0330 0.0753 0.4030 0.0030 0.0093 0.3145 0.0205 
   NS_SS1266  5 0.0380 0.0221 0.3446 0.0051 0.0093 0.3527 0.0159 0.0608 0.0251 0.1265 
   NS_SS1228  5 0.0563 0.1679 0.0103 0.0200 0.0126 0.0176 0.3605 0.2986 0.0269 0.0293 
   NS_SS1255  5 0.9118 0.0040 0.0094 0.0158 0.0014 0.0067 0.0100 0.0290 0.0037 0.0082 
   NS_SS1267  5 0.0076 0.0068 0.0043 0.9307 0.0123 0.0065 0.0076 0.0125 0.0077 0.0039 
   NS_SS1238  5 0.2328 0.0383 0.0139 0.0202 0.0020 0.0043 0.2461 0.0376 0.0390 0.3659 
   NS_SS1233  5 0.0055 0.0784 0.0092 0.0376 0.0018 0.0196 0.7939 0.0070 0.0074 0.0395 
   NS_SS1277  5 0.0153 0.0097 0.0069 0.0386 0.0009 0.0025 0.9127 0.0050 0.0041 0.0042 
   NS_SS1245  5 0.1746 0.0084 0.0331 0.0178 0.0018 0.0096 0.0303 0.0285 0.0157 0.6802 
   NS_SS1240  5 0.0166 0.0090 0.0110 0.9162 0.0023 0.0036 0.0056 0.0122 0.0108 0.0129 
   NS_SS1275  5 0.0190 0.2903 0.0078 0.0044 0.0032 0.3610 0.0076 0.0097 0.0097 0.2872 
   NS_SS1235  5 0.9336 0.0110 0.0139 0.0033 0.0044 0.0092 0.0040 0.0065 0.0060 0.0080 
   NS_SS1263  5 0.8417 0.0071 0.0300 0.0145 0.0013 0.0221 0.0181 0.0190 0.0271 0.0191 
   NS_SS1251  5 0.2994 0.0068 0.0162 0.1164 0.0013 0.0834 0.0221 0.0188 0.2045 0.2312 
   NS_SS1248  5 0.0032 0.0574 0.0037 0.0169 0.0943 0.2094 0.5407 0.0340 0.0222 0.0182 
   NS_SS1244  5 0.0094 0.9167 0.0142 0.0093 0.0044 0.0085 0.0064 0.0082 0.0135 0.0095 
   NS_SS1257  5 0.0253 0.0210 0.0532 0.6872 0.0399 0.0133 0.0171 0.0597 0.0408 0.0424 
   NS_SS1242  5 0.0522 0.0162 0.1852 0.0065 0.0029 0.0756 0.0736 0.0591 0.0131 0.5155 
   NS_SS1271  5 0.0088 0.0166 0.0129 0.6216 0.0326 0.0133 0.1543 0.0849 0.0463 0.0088 
   NS_SS1265  5 0.0144 0.0188 0.1279 0.0605 0.0166 0.0284 0.0903 0.0305 0.0201 0.5925 
   NS_SS1243  5 0.0199 0.0477 0.2308 0.0195 0.0948 0.2120 0.0459 0.0118 0.0185 0.2991 
   NS_SS1273  5 0.0069 0.0095 0.0075 0.0043 0.0103 0.0085 0.9078 0.0089 0.0068 0.0295 
   NS_SS1254  5 0.0233 0.0110 0.0143 0.0098 0.0065 0.8580 0.0119 0.0199 0.0159 0.0295 
   NS_SS1224  5 0.0795 0.0072 0.0333 0.0266 0.0102 0.0797 0.0562 0.1180 0.5191 0.0701 
   NS_SS1227  5 0.0092 0.0032 0.0061 0.0128 0.0016 0.0058 0.0072 0.0077 0.9400 0.0064 
   NS_SS1274  5 0.0140 0.7405 0.0214 0.1532 0.0144 0.0128 0.0090 0.0161 0.0123 0.0063 
   NS_SS1241  5 0.0088 0.0271 0.0074 0.1311 0.0012 0.7507 0.0175 0.0089 0.0384 0.0089 
   NS_SS1256  5 0.0061 0.0265 0.0954 0.0099 0.0340 0.0202 0.0295 0.0077 0.0172 0.7535 
   NS_SS1260  5 0.0112 0.0668 0.0122 0.7548 0.0663 0.0397 0.0055 0.0195 0.0138 0.0102 
   NS_SS1262  5 0.0043 0.0082 0.0170 0.1789 0.1517 0.1353 0.0325 0.0209 0.3723 0.0789 
   NS_SS1230  5 0.0232 0.0197 0.0568 0.2168 0.0078 0.0244 0.0454 0.0806 0.0215 0.5037 
   NS_SS1270  5 0.0299 0.0058 0.0086 0.0039 0.0016 0.0088 0.0179 0.0123 0.0350 0.8760 
   NS_SS1229  5 0.9227 0.0067 0.0200 0.0108 0.0047 0.0053 0.0037 0.0114 0.0073 0.0074 
   NS_SS1246  5 0.8823 0.0489 0.0034 0.0221 0.0034 0.0035 0.0051 0.0128 0.0098 0.0088 
   NS_SS1269  5 0.0081 0.0209 0.8378 0.0171 0.0022 0.0315 0.0226 0.0244 0.0191 0.0164 
   NS_SS1239  5 0.0285 0.0026 0.0078 0.0063 0.0045 0.0047 0.0142 0.9207 0.0056 0.0051 
   NS_SS1272  5 0.0215 0.0102 0.0069 0.0063 0.0050 0.0060 0.0115 0.0107 0.0100 0.9118 
   NS_SS1268  5 0.0788 0.0129 0.0089 0.0053 0.0023 0.0125 0.8165 0.0463 0.0078 0.0087 
   NS_SS1249  5 0.0260 0.0068 0.0159 0.7033 0.0125 0.1973 0.0124 0.0127 0.0087 0.0043 
   HI_SS0559  6 0.0242 0.0229 0.5511 0.0296 0.0019 0.1590 0.0971 0.0076 0.0993 0.0071 
   HI_SS0563  6 0.0184 0.0139 0.1454 0.0386 0.0037 0.0204 0.0178 0.2813 0.4366 0.0239 
   HI_SS0564  6 0.0540 0.0743 0.0385 0.0319 0.0447 0.0040 0.0351 0.6753 0.0309 0.0113 
   HI_SS0565  6 0.0958 0.0153 0.0848 0.1039 0.0041 0.0445 0.0279 0.3904 0.0599 0.1735 
   HI_SS0569  6 0.0037 0.0088 0.0062 0.0108 0.0018 0.0086 0.0100 0.0047 0.9328 0.0125 
   HI_SS0570  6 0.6497 0.0098 0.0088 0.0114 0.0402 0.0133 0.2149 0.0388 0.0057 0.0076 
   HI_SS0572  6 0.7759 0.0182 0.0154 0.0153 0.0036 0.0318 0.0075 0.0135 0.0124 0.1063 
   HI_SS0576  6 0.0046 0.0287 0.0155 0.0104 0.0054 0.0061 0.2148 0.6070 0.0063 0.1010 
   HI_SS0579  6 0.1984 0.0041 0.0174 0.0054 0.0133 0.0095 0.0095 0.0135 0.7156 0.0132 
   HI_SS0580  6 0.0541 0.0131 0.1750 0.1085 0.0043 0.5466 0.0341 0.0382 0.0141 0.0120 
   HI_SS0581  6 0.0072 0.0344 0.0413 0.0049 0.0507 0.0177 0.0088 0.0235 0.0041 0.8074 
   HI_SS0583  6 0.0187 0.0044 0.0068 0.9148 0.0024 0.0080 0.0096 0.0095 0.0034 0.0223 
   HI_SS0586  6 0.0070 0.0078 0.0047 0.8723 0.0013 0.0071 0.0243 0.0125 0.0507 0.0123 
   HI_SS0588  6 0.0062 0.0112 0.1269 0.4508 0.0196 0.0446 0.0414 0.0261 0.1239 0.1493 
   HI_SS0595  6 0.0262 0.0440 0.0126 0.0308 0.0272 0.0093 0.0930 0.2166 0.5024 0.0380 
   HI_SS0596  6 0.9250 0.0051 0.0087 0.0031 0.0022 0.0133 0.0233 0.0072 0.0077 0.0045 
   HI_SS0597  6 0.0198 0.0110 0.0098 0.0107 0.0016 0.0049 0.0054 0.0088 0.0035 0.9245 
   HI_SS0600  6 0.0097 0.0116 0.0451 0.8520 0.0045 0.0191 0.0085 0.0262 0.0092 0.0140 
   HI_SS0601  6 0.0123 0.0219 0.0128 0.0205 0.0091 0.2222 0.0064 0.0180 0.6669 0.0100 
   HI_SS0602  6 0.0053 0.0089 0.0150 0.0140 0.0032 0.0058 0.0071 0.0105 0.9190 0.0112 
   HI_SS0604  6 0.2977 0.0141 0.1068 0.0079 0.0021 0.0814 0.0281 0.0282 0.0616 0.3722 
   HI_SS0605  6 0.0040 0.0053 0.9168 0.0144 0.0058 0.0146 0.0147 0.0121 0.0075 0.0049 
   HI_SS0608  6 0.0777 0.0063 0.0174 0.0102 0.0010 0.0897 0.1621 0.1684 0.3645 0.1026 
   HI_SS0609  6 0.0074 0.0198 0.1338 0.0094 0.0008 0.1561 0.0328 0.1650 0.0136 0.4614 
   HI_SS0611  6 0.0058 0.0097 0.0097 0.1636 0.0033 0.2035 0.0215 0.5264 0.0232 0.0333 
   HI_SS0612  6 0.0167 0.0335 0.6792 0.1447 0.0082 0.0173 0.0130 0.0225 0.0537 0.0111 
   HI_SS0613  6 0.0078 0.0260 0.0435 0.0175 0.0018 0.4603 0.2051 0.1685 0.0398 0.0296 
   HI_SS0615  6 0.0116 0.0204 0.0484 0.0143 0.0110 0.0065 0.0225 0.7910 0.0533 0.0210 
   HI_SS0001  6 0.0249 0.8647 0.0164 0.0230 0.0042 0.0190 0.0151 0.0082 0.0047 0.0198 
   HI_SS0002  6 0.0179 0.0054 0.0579 0.0125 0.0249 0.0506 0.0128 0.0299 0.0493 0.7389 
   HI_SS0004  6 0.4948 0.0372 0.0840 0.0876 0.0055 0.0730 0.0536 0.1174 0.0367 0.0100 
   HI_SS0005  6 0.0033 0.0530 0.0376 0.0236 0.0058 0.0118 0.2127 0.1637 0.0312 0.4573 
   HI_SS0006  6 0.0044 0.0128 0.1110 0.3606 0.0017 0.0057 0.0073 0.0153 0.0099 0.4712 
   HI_SS0007  6 0.0199 0.0098 0.0130 0.0146 0.0018 0.0164 0.8689 0.0331 0.0134 0.0091 
   HI_SS0008  6 0.0341 0.0100 0.0381 0.0095 0.0292 0.0109 0.0075 0.0535 0.7711 0.0360 
   HI_SS0009  6 0.3288 0.0335 0.0329 0.0072 0.0040 0.4784 0.0547 0.0343 0.0217 0.0044 
   HI_SS0010  6 0.0281 0.0332 0.0152 0.0320 0.0031 0.0127 0.1827 0.0469 0.6374 0.0086 
   HI_SS0011  6 0.0683 0.0200 0.0097 0.0147 0.0851 0.0170 0.0541 0.0193 0.1933 0.5184 
   HI_SS0012  6 0.0052 0.0210 0.1109 0.0117 0.0052 0.0066 0.0041 0.7606 0.0627 0.0121 
   HI_SS0017  6 0.9106 0.0052 0.0086 0.0067 0.0019 0.0124 0.0425 0.0038 0.0045 0.0039 
   HI_SS0021  6 0.0029 0.0025 0.0094 0.0880 0.1959 0.0092 0.0158 0.0150 0.0068 0.6545 
   HI_SS0024  6 0.0620 0.0439 0.0096 0.0066 0.0035 0.0442 0.1734 0.4494 0.0124 0.1950 
   HI_SS0025  6 0.0104 0.0090 0.0177 0.0075 0.0034 0.8933 0.0059 0.0343 0.0071 0.0115 
   HI_SS0027  6 0.0325 0.0525 0.0792 0.2985 0.0171 0.0156 0.0299 0.2358 0.2328 0.0060 
   HI_SS0028  6 0.0066 0.0123 0.0066 0.0057 0.0015 0.0477 0.3008 0.2064 0.2885 0.1238 
   HI_SS0029  6 0.0096 0.0127 0.1288 0.0304 0.0108 0.0104 0.2161 0.0821 0.0187 0.4804 
   HI_SS0030  6 0.2117 0.0272 0.0217 0.1656 0.0045 0.0068 0.0342 0.0521 0.4676 0.0087 
   HI_SS0031  6 0.0033 0.0055 0.0684 0.0114 0.0037 0.0083 0.0215 0.0239 0.8407 0.0132 
   HI_SS0034  6 0.0570 0.3128 0.5305 0.0313 0.0039 0.0121 0.0166 0.0048 0.0152 0.0159 
   HI_SS0036  6 0.0035 0.9282 0.0081 0.0153 0.0066 0.0062 0.0153 0.0052 0.0063 0.0053 
   HI_SS0037  6 0.0064 0.0070 0.0065 0.0099 0.0039 0.9348 0.0068 0.0089 0.0091 0.0067 
   HI_SS0039  6 0.0138 0.0246 0.0090 0.0454 0.0031 0.0128 0.6277 0.0425 0.0978 0.1233 
   HI_SS0041  6 0.0186 0.0118 0.0050 0.0063 0.0020 0.0336 0.0052 0.9003 0.0057 0.0115 
   HI_SS0042  6 0.0305 0.1525 0.0223 0.0060 0.1126 0.1560 0.0940 0.3039 0.0094 0.1127 
   HI_SS0043  6 0.0092 0.0172 0.0087 0.9035 0.0029 0.0050 0.0040 0.0209 0.0148 0.0136 
   HI_SS0044  6 0.0504 0.0053 0.0162 0.0125 0.0026 0.0071 0.8750 0.0120 0.0106 0.0083 
   HI_SS0047  6 0.0332 0.0085 0.0630 0.0057 0.0022 0.0066 0.0444 0.0084 0.0107 0.8173 
   HI_SS0049  6 0.2659 0.2068 0.0220 0.0187 0.0039 0.4025 0.0107 0.0143 0.0146 0.0405 
   HI_SS0051  6 0.0116 0.0053 0.4513 0.0046 0.0022 0.0522 0.0342 0.3849 0.0135 0.0401 
   HI_SS0053  6 0.0673 0.1032 0.0127 0.4885 0.0056 0.0130 0.0170 0.0214 0.2069 0.0646 
   HI_SS0054  6 0.0058 0.0845 0.0048 0.5111 0.0030 0.0096 0.0619 0.0059 0.2989 0.0145 
   HI_SS0057  6 0.0178 0.1575 0.0127 0.0212 0.0044 0.0217 0.0208 0.0484 0.0722 0.6232 
   HI_SS0058  6 0.0334 0.0072 0.0219 0.0506 0.0048 0.8252 0.0067 0.0091 0.0347 0.0065 
   HI_SS0060  6 0.0084 0.0131 0.0175 0.0056 0.0584 0.0060 0.0048 0.0188 0.8569 0.0105 
   HI_SS0087  6 0.0471 0.0222 0.1046 0.2239 0.0031 0.0178 0.0146 0.1880 0.3445 0.0342 
   HI_SS0091  6 0.0092 0.0601 0.0200 0.8427 0.0015 0.0242 0.0028 0.0226 0.0077 0.0090 
   HI_SS0095  6 0.0792 0.1982 0.1530 0.0178 0.0438 0.0173 0.0066 0.4065 0.0492 0.0282 
   HI_SS0097  6 0.0160 0.0076 0.0251 0.0102 0.0044 0.0102 0.0087 0.1866 0.7115 0.0197 
   HI_SS0099  6 0.0516 0.0047 0.0311 0.0157 0.0058 0.0821 0.2561 0.1205 0.0337 0.3985 
   HI_SS0103  6 0.2387 0.0610 0.4606 0.0220 0.0034 0.0186 0.0304 0.1163 0.0106 0.0385 
   HI_SS0105  6 0.0701 0.6824 0.0633 0.0113 0.0291 0.0381 0.0062 0.0323 0.0247 0.0426 
   HI_SS0107  6 0.8739 0.0176 0.0121 0.0095 0.0010 0.0096 0.0086 0.0162 0.0121 0.0394 
   HI_SS0108  6 0.0427 0.0461 0.0828 0.7199 0.0343 0.0052 0.0330 0.0100 0.0131 0.0130 
   HI_SS0110  6 0.0949 0.1731 0.2013 0.0218 0.0015 0.0360 0.0193 0.2404 0.0925 0.1192 
   HI_SS0111  6 0.0050 0.0260 0.6797 0.0270 0.0325 0.0316 0.0427 0.0993 0.0205 0.0357 
   HI_SS0112  6 0.1148 0.0591 0.0408 0.3431 0.0015 0.0099 0.1542 0.2082 0.0509 0.0174 
   HI_SS0113  6 0.0666 0.0263 0.0155 0.0073 0.0036 0.0070 0.0063 0.0175 0.0088 0.8410 
   HI_SS0114  6 0.0045 0.0745 0.0904 0.7160 0.0057 0.0267 0.0238 0.0111 0.0347 0.0126 
   HI_SS0115  6 0.0165 0.0287 0.7150 0.0259 0.0117 0.0880 0.0325 0.0272 0.0500 0.0044 
   HI_SS0116  6 0.0424 0.0039 0.0135 0.8465 0.0040 0.0160 0.0202 0.0117 0.0108 0.0311 
   HI_SS0117  6 0.6944 0.0335 0.0541 0.0446 0.0018 0.0165 0.0138 0.0087 0.0734 0.0592 
   HI_SS0118  6 0.0099 0.0115 0.0571 0.4721 0.0123 0.0435 0.0211 0.0337 0.0068 0.3320 
   HI_SS0119  6 0.0075 0.3774 0.2985 0.2406 0.0025 0.0066 0.0057 0.0324 0.0160 0.0129 
   HI_SS0120  6 0.9295 0.0142 0.0068 0.0062 0.0048 0.0070 0.0051 0.0055 0.0039 0.0171 
   HI_SS0121  6 0.0068 0.0085 0.0083 0.0084 0.0016 0.0859 0.0346 0.0711 0.0215 0.7534 
   HI_SS0122  6 0.0165 0.0549 0.0119 0.0328 0.0157 0.0974 0.0076 0.7399 0.0074 0.0159 
   HI_SS0123  6 0.0093 0.0253 0.8585 0.0190 0.0048 0.0041 0.0062 0.0273 0.0106 0.0348 
   HI_SS0124  6 0.0514 0.0626 0.2226 0.0093 0.0026 0.2949 0.1328 0.1808 0.0164 0.0265 
   HI_SS0125  6 0.0049 0.1022 0.0619 0.0052 0.0298 0.0135 0.2719 0.1955 0.2844 0.0306 
   HI_SS0126  6 0.0592 0.0290 0.0157 0.2003 0.0009 0.0431 0.5414 0.0525 0.0164 0.0415 
   HI_SS0127  6 0.0058 0.0110 0.0127 0.0084 0.0067 0.0399 0.0414 0.0183 0.8479 0.0078 
   HI_SS0128  6 0.5186 0.0073 0.0357 0.0131 0.0029 0.0072 0.0853 0.0363 0.2549 0.0389 
   HI_SS0129  6 0.0632 0.0637 0.1886 0.0377 0.0145 0.0141 0.5206 0.0683 0.0120 0.0172 
   HI_SS0131  6 0.0072 0.0104 0.0080 0.0168 0.0242 0.8278 0.0316 0.0177 0.0211 0.0352 
   HI_SS0132  6 0.0083 0.2428 0.1097 0.0148 0.0008 0.1439 0.1232 0.0559 0.0157 0.2850 
   HI_SS0133  6 0.0205 0.0117 0.0037 0.9258 0.0015 0.0035 0.0118 0.0047 0.0116 0.0051 
   HI_SS0134  6 0.0562 0.1507 0.1840 0.2988 0.0023 0.0485 0.0507 0.0624 0.0294 0.1171 
   HI_SS0142  6 0.0054 0.0774 0.2618 0.0197 0.0151 0.0136 0.0060 0.0165 0.3908 0.1936 
   HI_SS0145  6 0.0155 0.0306 0.7303 0.0212 0.0016 0.0118 0.0075 0.0110 0.1583 0.0122 
   HI_SS0146  6 0.0118 0.0064 0.0044 0.0301 0.0013 0.0038 0.9116 0.0117 0.0150 0.0039 
   HI_SS0147  6 0.0659 0.0292 0.0483 0.0077 0.0298 0.0230 0.0336 0.3634 0.0193 0.3798 
   HI_SS0149  6 0.0085 0.5649 0.0039 0.0250 0.0045 0.0120 0.0167 0.0536 0.0305 0.2805 
   HI_SS0150  6 0.0391 0.5880 0.0192 0.0203 0.0047 0.0512 0.1777 0.0091 0.0655 0.0253 
   HI_SS0151  6 0.0505 0.0365 0.6207 0.0203 0.0111 0.0038 0.0083 0.2338 0.0119 0.0032 
   NS_SS1451  6 0.0114 0.1229 0.3585 0.0072 0.0031 0.0189 0.3142 0.1122 0.0396 0.0120 
   NS_SS1404  6 0.0283 0.0056 0.0122 0.0057 0.0109 0.0241 0.8135 0.0572 0.0209 0.0215 
   NS_SS1432  6 0.0046 0.0395 0.0917 0.0061 0.0321 0.0101 0.0399 0.4798 0.0098 0.2863 
   NS_SS1405  6 0.0287 0.0164 0.4982 0.0235 0.0028 0.0565 0.1712 0.1434 0.0188 0.0406 
   NS_SS1431  6 0.2155 0.0433 0.0320 0.0078 0.0010 0.0130 0.1820 0.0888 0.1152 0.3015 
   NS_SS1402  6 0.0641 0.1723 0.2018 0.0864 0.0033 0.0743 0.0175 0.3238 0.0333 0.0233 
   NS_SS1450  6 0.0260 0.8545 0.0247 0.0105 0.0036 0.0065 0.0505 0.0071 0.0068 0.0098 
   NS_SS1396  6 0.0064 0.0469 0.0938 0.0118 0.0061 0.0161 0.0342 0.2861 0.0393 0.4593 
   NS_SS1393  6 0.0191 0.0093 0.0526 0.8265 0.0044 0.0159 0.0097 0.0348 0.0152 0.0125 
   NS_SS1392  6 0.8820 0.0189 0.0138 0.0062 0.0193 0.0068 0.0068 0.0325 0.0081 0.0057 
   NS_SS1445  6 0.0189 0.0081 0.0448 0.0158 0.0093 0.1800 0.0082 0.1301 0.5299 0.0549 
   NS_SS1423  6 0.8450 0.0111 0.0098 0.0585 0.0015 0.0059 0.0125 0.0237 0.0256 0.0063 
   NS_SS1421  6 0.0068 0.9153 0.0050 0.0053 0.0468 0.0022 0.0041 0.0068 0.0034 0.0044 
   NS_SS1411  6 0.0132 0.0077 0.0233 0.2134 0.0023 0.0085 0.5312 0.1710 0.0114 0.0180 
   NS_SS1453  6 0.0598 0.0973 0.0352 0.0864 0.0072 0.0307 0.0104 0.1310 0.2091 0.3330 
   NS_SS1442  6 0.2061 0.0061 0.0623 0.0508 0.0034 0.0537 0.0253 0.0471 0.0346 0.5105 
   NS_SS1422  6 0.3884 0.0684 0.0654 0.0574 0.0182 0.1426 0.0118 0.1712 0.0370 0.0396 
   NS_SS1419  6 0.0047 0.0138 0.0047 0.0084 0.1197 0.8207 0.0107 0.0083 0.0047 0.0043 
   NS_SS1427  6 0.0199 0.0161 0.0151 0.8594 0.0018 0.0200 0.0491 0.0055 0.0079 0.0052 
   NS_SS1444  6 0.0361 0.0073 0.0148 0.0044 0.0032 0.3753 0.0080 0.0532 0.4275 0.0701 
   NS_SS1455  6 0.0222 0.0094 0.0188 0.0187 0.0012 0.0066 0.0087 0.0172 0.0060 0.8911 
   NS_SS1425  6 0.0235 0.0064 0.0235 0.7494 0.0016 0.0046 0.0958 0.0367 0.0424 0.0161 
   NS_SS1400  6 0.0558 0.0118 0.0123 0.5110 0.0018 0.0320 0.0392 0.0203 0.0584 0.2573 
   NS_SS1406  6 0.0263 0.1186 0.0335 0.0099 0.0073 0.0248 0.0293 0.3109 0.0267 0.4127 
   NS_SS1417  6 0.0078 0.0250 0.0160 0.0234 0.0064 0.8597 0.0100 0.0109 0.0141 0.0269 
   NS_SS1454  6 0.0077 0.7176 0.0121 0.0754 0.0015 0.0339 0.0802 0.0261 0.0087 0.0367 
   NS_SS1412  6 0.1082 0.0115 0.0860 0.1520 0.0239 0.0575 0.3382 0.0213 0.0061 0.1953 
   NS_SS1438  6 0.0217 0.0186 0.0148 0.2765 0.0014 0.6049 0.0054 0.0250 0.0041 0.0276 
   NS_SS1416  6 0.0069 0.0704 0.5695 0.0199 0.0060 0.0445 0.0232 0.1272 0.0114 0.1210 
   NS_SS1401  6 0.5352 0.0129 0.0249 0.0291 0.0133 0.0510 0.0114 0.0526 0.0115 0.2583 
   NS_SS1424  6 0.0335 0.0260 0.1660 0.1957 0.0149 0.0211 0.0976 0.3384 0.0396 0.0672 
   NS_SS1435  6 0.0089 0.0387 0.0127 0.0119 0.0028 0.0048 0.6694 0.0355 0.0753 0.1401 
   NS_SS1447  6 0.0288 0.1092 0.0255 0.0103 0.0066 0.4344 0.0172 0.0109 0.0219 0.3352 
   NS_SS1414  6 0.0259 0.0240 0.0068 0.0065 0.0072 0.8580 0.0265 0.0066 0.0165 0.0221 
   NS_SS1449  6 0.0128 0.9090 0.0293 0.0096 0.0036 0.0096 0.0048 0.0093 0.0063 0.0057 
   NS_SS1443  6 0.0398 0.0124 0.2386 0.5789 0.0025 0.0055 0.0152 0.0106 0.0889 0.0076 
   NS_SS1434  6 0.8298 0.0112 0.0756 0.0243 0.0008 0.0072 0.0164 0.0114 0.0106 0.0127 
   NS_SS1398  6 0.0159 0.2526 0.0265 0.0138 0.0172 0.0106 0.6033 0.0351 0.0181 0.0071 
   NS_SS1426  6 0.0134 0.0083 0.0453 0.4068 0.0024 0.0080 0.0253 0.0298 0.4370 0.0237 
   NS_SS1413  6 0.6450 0.0051 0.0111 0.1456 0.0093 0.0157 0.1228 0.0276 0.0079 0.0099 
   NS_SS1395  6 0.0209 0.1449 0.0367 0.3531 0.0124 0.0164 0.0069 0.0691 0.3081 0.0315 
   NS_SS1448  6 0.0076 0.2364 0.0069 0.0064 0.0019 0.0121 0.7050 0.0096 0.0084 0.0058 
   NS_SS1446  6 0.0236 0.0264 0.0207 0.0259 0.0032 0.6897 0.0085 0.0808 0.0836 0.0376 
   NS_SS1403  6 0.0057 0.0481 0.0447 0.0306 0.0051 0.0114 0.0102 0.6651 0.0848 0.0943 
   NS_SS1415  6 0.0071 0.0045 0.0131 0.0367 0.0096 0.0068 0.8763 0.0131 0.0185 0.0144 
   NS_SS1437  6 0.0578 0.0241 0.0570 0.0173 0.0094 0.0277 0.1315 0.0240 0.5203 0.1309 
   NS_SS1439  6 0.0158 0.0221 0.6926 0.0643 0.0027 0.1357 0.0082 0.0096 0.0206 0.0283 
   NS_SS1441  6 0.1140 0.1637 0.3435 0.1327 0.0029 0.0316 0.0196 0.0424 0.1112 0.0385 
   NS_SS1420  6 0.0047 0.0064 0.0074 0.0089 0.0028 0.8689 0.0253 0.0648 0.0071 0.0036 
   NS_SS1394  6 0.0040 0.0073 0.0157 0.0029 0.0223 0.0081 0.0108 0.0179 0.9058 0.0052 
   NS_SS1391  6 0.9490 0.0037 0.0051 0.0047 0.0080 0.0042 0.0065 0.0069 0.0071 0.0047 
   NS_SS1410  6 0.0281 0.0316 0.0073 0.0237 0.0100 0.0155 0.0152 0.0426 0.0138 0.8121 
   NS_SS1408  6 0.0183 0.5277 0.1234 0.0077 0.0557 0.0045 0.0765 0.0763 0.0967 0.0133 
   NS_SS1409  6 0.0160 0.0203 0.8003 0.0215 0.0025 0.0216 0.0120 0.0594 0.0150 0.0313 
   HI_SS0617  7 0.0353 0.0252 0.5661 0.0270 0.0011 0.0150 0.0426 0.2628 0.0115 0.0133 
   HI_SS0618  7 0.0045 0.0154 0.5572 0.0086 0.0027 0.0186 0.0065 0.3712 0.0071 0.0085 
   HI_SS0619  7 0.0870 0.0159 0.0185 0.0237 0.0045 0.5599 0.0204 0.0344 0.0266 0.2090 
   HI_SS0620  7 0.0079 0.0184 0.2033 0.6521 0.0031 0.0252 0.0541 0.0127 0.0187 0.0045 
   HI_SS0621  7 0.0222 0.0252 0.0742 0.0139 0.0173 0.3601 0.0092 0.3892 0.0471 0.0416 
   HI_SS0622  7 0.0114 0.0077 0.0703 0.0320 0.0087 0.2171 0.0380 0.0280 0.5759 0.0109 
   HI_SS0626  7 0.0111 0.0080 0.0118 0.0297 0.0065 0.3340 0.0999 0.4118 0.0745 0.0127 
   HI_SS0627  7 0.0057 0.0068 0.0050 0.0049 0.0061 0.0037 0.0054 0.0153 0.0041 0.9431 
   HI_SS0628  7 0.0134 0.2346 0.0428 0.0840 0.0656 0.0111 0.0847 0.0542 0.0209 0.3886 
   HI_SS0629  7 0.0061 0.0077 0.0160 0.5496 0.0057 0.0450 0.0213 0.0762 0.1903 0.0820 
   HI_SS0630  7 0.0077 0.4447 0.1344 0.0380 0.0461 0.1652 0.0860 0.0509 0.0173 0.0097 
   HI_SS0631  7 0.0638 0.0128 0.0111 0.1408 0.0007 0.0427 0.1198 0.0205 0.5570 0.0307 
   HI_SS0632  7 0.0076 0.0380 0.0111 0.0123 0.0036 0.0206 0.4454 0.2461 0.0239 0.1913 
   HI_SS0633  7 0.8077 0.0069 0.0475 0.0167 0.0036 0.0327 0.0264 0.0242 0.0095 0.0249 
   HI_SS0634  7 0.0103 0.5464 0.0965 0.0194 0.0024 0.0061 0.1920 0.0798 0.0081 0.0391 
   HI_SS0635  7 0.0059 0.0213 0.0081 0.0075 0.0097 0.0285 0.8853 0.0114 0.0133 0.0089 
   HI_SS0637  7 0.0073 0.0069 0.6771 0.0034 0.0023 0.0592 0.0065 0.1009 0.0995 0.0368 
   HI_SS0638  7 0.4399 0.0528 0.2253 0.0134 0.0010 0.0239 0.0590 0.1473 0.0106 0.0268 
   HI_SS0639  7 0.0161 0.0143 0.3788 0.0126 0.0526 0.0230 0.1519 0.1788 0.1262 0.0456 
   HI_SS0640  7 0.0108 0.0064 0.0102 0.0208 0.0022 0.0073 0.0604 0.0150 0.8597 0.0073 
   HI_SS0641  7 0.0102 0.0151 0.0218 0.1032 0.0049 0.6880 0.0230 0.1009 0.0205 0.0123 
   HI_SS0642  7 0.0101 0.9348 0.0050 0.0048 0.0020 0.0033 0.0097 0.0066 0.0123 0.0114 
   HI_SS0645  7 0.0129 0.0043 0.0110 0.0148 0.0010 0.2150 0.4360 0.2866 0.0093 0.0090 
   HI_SS0646  7 0.2249 0.0929 0.1190 0.0352 0.0033 0.0067 0.0181 0.0382 0.4543 0.0074 
   HI_SS0647  7 0.0143 0.8978 0.0057 0.0095 0.0012 0.0292 0.0147 0.0150 0.0063 0.0062 
   HI_SS0648  7 0.0273 0.0124 0.0930 0.0068 0.0034 0.0113 0.5277 0.0225 0.2818 0.0138 
   HI_SS0649  7 0.0203 0.0455 0.0965 0.2253 0.0020 0.1216 0.0406 0.1721 0.0530 0.2231 
   HI_SS0650  7 0.0556 0.0177 0.7203 0.0170 0.0065 0.0065 0.0075 0.1014 0.0266 0.0409 
   HI_SS0651  7 0.0409 0.0087 0.1162 0.0221 0.0050 0.0458 0.0158 0.0907 0.6347 0.0200 
   HI_SS0652  7 0.0350 0.0562 0.0728 0.0101 0.0040 0.3854 0.2725 0.1073 0.0066 0.0499 
   NS_SS1371  7 0.0390 0.0202 0.4137 0.3269 0.0095 0.0196 0.0080 0.0323 0.1138 0.0170 
   NS_SS1374  7 0.0131 0.0198 0.0081 0.0200 0.0022 0.0106 0.4077 0.4898 0.0087 0.0199 
   NS_SS1337  7 0.0203 0.9174 0.0122 0.0098 0.0024 0.0120 0.0053 0.0104 0.0034 0.0069 
