   NS_SS0963  1 0.0043 0.0130 0.5442 0.0327 0.4057 
   NS_SS0983  1 0.0042 0.3820 0.0151 0.0077 0.5911 
   NS_SS0719  1 0.0045 0.0196 0.0139 0.0171 0.9448 
   NS_SS1001  1 0.0058 0.0871 0.0098 0.8874 0.0100 
   NS_SS0936  1 0.0025 0.0144 0.9407 0.0275 0.0149 
   NS_SS0955  1 0.0034 0.6107 0.2832 0.0670 0.0358 
   NS_SS0944  1 0.0023 0.6905 0.1633 0.1102 0.0336 
   NS_SS0945  1 0.0098 0.5735 0.0614 0.3137 0.0417 
   NS_SS0922  1 0.0243 0.0060 0.0632 0.0828 0.8237 
   NS_SS0929  1 0.0031 0.1014 0.8227 0.0254 0.0475 
   NS_SS0956  1 0.0045 0.0172 0.0913 0.1681 0.7189 
   NS_SS0906  1 0.0028 0.0219 0.7963 0.0931 0.0859 
   NS_SS0721  1 0.0033 0.0264 0.0092 0.0233 0.9379 
   NS_SS0982  1 0.0148 0.0143 0.8484 0.0208 0.1018 
   NS_SS0923  1 0.0042 0.0114 0.2467 0.1784 0.5592 
   NS_SS0905  1 0.0016 0.0270 0.0181 0.0125 0.9408 
   NS_SS0925  1 0.0038 0.0069 0.1981 0.0464 0.7447 
   NS_SS0947  1 0.0047 0.0174 0.8473 0.0804 0.0502 
   NS_SS0926  1 0.0014 0.9556 0.0131 0.0189 0.0110 
   NS_SS0918  1 0.0025 0.0302 0.8255 0.0700 0.0718 
   NS_SS0966  1 0.0436 0.0235 0.6951 0.0599 0.1779 
   NS_SS0938  1 0.0014 0.0192 0.0666 0.9041 0.0087 
   NS_SS0917  1 0.0350 0.0250 0.0131 0.2453 0.6816 
   NS_SS0957  1 0.0053 0.0169 0.5041 0.4408 0.0329 
   NS_SS0987  1 0.2406 0.0609 0.0472 0.1008 0.5506 
   NS_SS0717  1 0.0024 0.0172 0.0678 0.8552 0.0573 
   NS_SS0986  1 0.0038 0.1512 0.0958 0.6806 0.0686 
   NS_SS0953  1 0.0141 0.0128 0.9415 0.0201 0.0115 
   NS_SS0907  1 0.0405 0.0315 0.7173 0.0229 0.1878 
   NS_SS0974  1 0.0047 0.4298 0.2217 0.2315 0.1123 
   NS_SS0989  1 0.0010 0.7875 0.1515 0.0140 0.0460 
   NS_SS0991  1 0.0021 0.8321 0.0471 0.0111 0.1076 
   NS_SS0994  1 0.0019 0.9549 0.0064 0.0281 0.0088 
   NS_SS0931  1 0.0102 0.9322 0.0164 0.0115 0.0297 
   NS_SS1000  1 0.0039 0.0159 0.5183 0.3994 0.0625 
   NS_SS0919  1 0.0027 0.0224 0.1313 0.0047 0.8389 
   NS_SS0949  1 0.0014 0.9518 0.0075 0.0100 0.0293 
   NS_SS0960  1 0.0056 0.1556 0.1346 0.0151 0.6891 
   NS_SS0716  1 0.0062 0.0059 0.0041 0.9713 0.0125 
   NS_SS0924  1 0.0176 0.2380 0.0511 0.0294 0.6638 
   NS_SS0935  1 0.0092 0.6039 0.0246 0.0229 0.3394 
   NS_SS0952  1 0.0412 0.4336 0.2717 0.0427 0.2108 
   NS_SS0962  1 0.0074 0.0121 0.3632 0.4571 0.1602 
   NS_SS0973  1 0.0039 0.0895 0.1702 0.0107 0.7257 
   NS_SS0722  1 0.0022 0.0090 0.0430 0.8781 0.0678 
   NS_SS0979  1 0.0020 0.0182 0.1649 0.7242 0.0907 
   NS_SS0993  1 0.0186 0.0106 0.0589 0.8829 0.0291 
   NS_SS0958  1 0.0031 0.8597 0.0836 0.0283 0.0252 
   NS_SS0988  1 0.0057 0.0841 0.7251 0.1206 0.0644 
   NS_SS1003  1 0.0090 0.0108 0.2970 0.0891 0.5940 
   NS_SS0976  1 0.0017 0.3005 0.5557 0.0347 0.1074 
   NS_SS0964  1 0.0030 0.0115 0.0135 0.8600 0.1120 
   NS_SS0939  1 0.0040 0.0064 0.0048 0.9724 0.0124 
   NS_SS0990  1 0.0034 0.0155 0.0321 0.9384 0.0106 
   NS_SS0984  1 0.0023 0.0063 0.0088 0.9242 0.0584 
   NS_SS0980  1 0.0023 0.0127 0.8298 0.0082 0.1470 
   NS_SS0978  1 0.0025 0.0207 0.1027 0.0200 0.8541 
   NS_SS0951  1 0.0026 0.5565 0.0247 0.3370 0.0792 
   NS_SS0913  1 0.0290 0.0116 0.0255 0.9033 0.0306 
   NS_SS1002  1 0.0286 0.0064 0.9379 0.0200 0.0072 
   NS_SS0948  1 0.0462 0.1299 0.4762 0.3149 0.0328 
   NS_SS0916  1 0.0043 0.0409 0.1165 0.0844 0.7539 
   NS_SS0995  1 0.0027 0.0066 0.0266 0.0593 0.9048 
   NS_SS0927  1 0.0036 0.0379 0.0119 0.0365 0.9101 
   NS_SS0992  1 0.0027 0.0783 0.4841 0.1045 0.3304 
   NS_SS0912  1 0.0031 0.6852 0.0299 0.0484 0.2334 
   NS_SS0981  1 0.0030 0.0404 0.2062 0.1210 0.6294 
   NS_SS0729  2 0.0042 0.9257 0.0360 0.0116 0.0225 
   NS_SS0967  2 0.0101 0.0232 0.5921 0.0405 0.3341 
   NS_SS0941  2 0.0867 0.0628 0.0937 0.6718 0.0850 
   NS_SS0768  2 0.0044 0.0247 0.8488 0.0782 0.0439 
   NS_SS0726  2 0.0085 0.3540 0.1522 0.1091 0.3762 
   NS_SS0763  2 0.0024 0.6967 0.0441 0.0640 0.1928 
   NS_SS0730  2 0.0039 0.0299 0.2650 0.4010 0.3001 
   NS_SS0774  2 0.0010 0.0059 0.7218 0.2313 0.0400 
   NS_SS0723  2 0.0017 0.0042 0.3305 0.0276 0.6361 
   NS_SS0940  2 0.0062 0.2161 0.0135 0.2282 0.5360 
   NS_SS0762  2 0.0024 0.0100 0.0192 0.9019 0.0665 
   NS_SS0766  2 0.0115 0.1118 0.0091 0.4607 0.4068 
   NS_SS0724  2 0.0044 0.0253 0.1806 0.7168 0.0729 
   NS_SS0769  2 0.0044 0.0121 0.1611 0.0676 0.7548 
   NS_SS0777  2 0.0163 0.6136 0.0151 0.1105 0.2445 
   NS_SS0734  2 0.0192 0.1187 0.0118 0.1407 0.7096 
   NS_SS0737  2 0.0047 0.0068 0.2647 0.6817 0.0420 
   NS_SS0732  2 0.0042 0.0102 0.0584 0.0211 0.9061 
   NS_SS0728  2 0.0095 0.0472 0.1958 0.1318 0.6156 
   NS_SS0735  2 0.0079 0.0263 0.2599 0.1337 0.5722 
   NS_SS0725  2 0.0070 0.0133 0.0145 0.9600 0.0051 
   NS_SS0788  2 0.0013 0.0111 0.0871 0.0165 0.8840 
   NS_SS0778  2 0.0013 0.0321 0.0613 0.0121 0.8931 
   NS_SS0792  2 0.0052 0.0910 0.6563 0.1026 0.1448 
   NS_SS0943  2 0.0078 0.8694 0.1025 0.0085 0.0119 
   NS_SS0791  2 0.0101 0.0166 0.0099 0.0180 0.9454 
   NS_SS0790  2 0.0034 0.0044 0.6591 0.3200 0.0131 
   NS_SS0731  2 0.0090 0.0051 0.0154 0.9621 0.0084 
   NS_SS0727  2 0.0020 0.5414 0.0123 0.4225 0.0219 
   NS_SS0779  2 0.0056 0.0632 0.0289 0.1264 0.7758 
   NS_SS0776  2 0.0072 0.2134 0.0832 0.6382 0.0580 
   NS_SS0775  2 0.0062 0.0107 0.0339 0.9385 0.0108 
   NS_SS0965  3 0.0013 0.0283 0.2923 0.0121 0.6661 
   NS_SS0754  3 0.0145 0.5668 0.0884 0.0235 0.3068 
   NS_SS0838  3 0.0578 0.1057 0.0811 0.5974 0.1580 
   NS_SS0839  3 0.0036 0.0053 0.4115 0.5393 0.0403 
   NS_SS0832  3 0.0457 0.0055 0.5554 0.3070 0.0865 
   NS_SS0820  3 0.0069 0.0046 0.1614 0.3057 0.5215 
   NS_SS0886  3 0.0017 0.1049 0.0371 0.0181 0.8382 
   NS_SS0748  3 0.0100 0.6190 0.2076 0.1037 0.0598 
   NS_SS0884  3 0.0184 0.0249 0.8835 0.0247 0.0485 
   NS_SS0752  3 0.0017 0.0418 0.0911 0.1378 0.7276 
   NS_SS0862  3 0.0037 0.0104 0.3347 0.0196 0.6316 
   NS_SS0787  3 0.0060 0.9037 0.0124 0.0100 0.0678 
   NS_SS0843  3 0.0020 0.0378 0.0603 0.1205 0.7794 
   NS_SS0856  3 0.0035 0.0126 0.0298 0.8557 0.0984 
   NS_SS0846  3 0.0027 0.0839 0.8524 0.0176 0.0434 
   NS_SS0825  3 0.0093 0.0677 0.6819 0.0324 0.2088 
   NS_SS0757  3 0.0038 0.3576 0.1542 0.0402 0.4441 
   NS_SS0876  3 0.2178 0.0099 0.2382 0.1339 0.4002 
   NS_SS0903  3 0.0025 0.0067 0.7116 0.0099 0.2694 
   NS_SS0875  3 0.0038 0.0378 0.0597 0.3628 0.5359 
   NS_SS0740  3 0.0029 0.0472 0.0788 0.0664 0.8048 
   NS_SS0811  3 0.0113 0.0300 0.2908 0.5908 0.0770 
   NS_SS0751  3 0.0024 0.0961 0.0485 0.4140 0.4391 
   NS_SS0891  3 0.0051 0.0105 0.0333 0.9300 0.0212 
   NS_SS0867  3 0.0222 0.2123 0.6839 0.0098 0.0717 
   NS_SS0890  3 0.0031 0.0344 0.0238 0.0162 0.9224 
   NS_SS0866  3 0.0050 0.7805 0.0184 0.1804 0.0157 
   NS_SS0755  3 0.0068 0.0682 0.1821 0.6037 0.1392 
   NS_SS0758  3 0.0016 0.0381 0.0546 0.0515 0.8541 
   NS_SS0840  3 0.0021 0.0100 0.4051 0.4031 0.1797 
   NS_SS0889  3 0.0022 0.9358 0.0204 0.0279 0.0137 
   NS_SS1010  3 0.0317 0.0366 0.7324 0.0209 0.1784 
   NS_SS0888  3 0.0017 0.7505 0.0159 0.0164 0.2155 
   NS_SS0837  3 0.0027 0.0513 0.3087 0.5064 0.1310 
   NS_SS0794  3 0.0018 0.9119 0.0152 0.0529 0.0182 
   NS_SS0823  3 0.0037 0.0180 0.7895 0.1049 0.0839 
   NS_SS0829  3 0.1198 0.8004 0.0425 0.0115 0.0258 
   NS_SS0844  3 0.0016 0.0055 0.9734 0.0099 0.0096 
   NS_SS1008  3 0.0129 0.6349 0.0415 0.2795 0.0311 
   NS_SS0881  3 0.0021 0.1283 0.0643 0.1876 0.6176 
   NS_SS0834  3 0.0066 0.0095 0.0995 0.8643 0.0202 
   NS_SS0744  3 0.0059 0.0177 0.1753 0.0240 0.7770 
   NS_SS0899  3 0.0016 0.0060 0.1498 0.8181 0.0245 
   NS_SS0804  3 0.0042 0.0062 0.5884 0.3038 0.0975 
   NS_SS0781  3 0.0027 0.0044 0.8787 0.0664 0.0477 
   NS_SS0822  3 0.0019 0.9113 0.0298 0.0196 0.0374 
   NS_SS1004  3 0.0041 0.0512 0.6091 0.0488 0.2867 
   NS_SS0746  3 0.0169 0.3519 0.0835 0.4755 0.0722 
   NS_SS0880  3 0.0017 0.2621 0.4541 0.1236 0.1585 
   NS_SS0879  3 0.0139 0.0444 0.3611 0.5633 0.0172 
   NS_SS0753  3 0.0100 0.6469 0.0391 0.0126 0.2914 
   NS_SS1007  3 0.0020 0.0081 0.0093 0.0202 0.9604 
   NS_SS0872  3 0.0019 0.0123 0.6090 0.2169 0.1599 
   NS_SS1005  3 0.0011 0.0227 0.6365 0.1956 0.1441 
   NS_SS0892  3 0.0018 0.1286 0.0608 0.1356 0.6732 
   NS_SS0898  3 0.0071 0.6378 0.0822 0.2317 0.0413 
   NS_SS0801  3 0.0103 0.0270 0.2686 0.0555 0.6387 
   NS_SS0827  3 0.1161 0.1492 0.0239 0.1680 0.5427 
   NS_SS0853  3 0.0068 0.0712 0.5337 0.2715 0.1168 
   NS_SS0780  3 0.0039 0.0110 0.4238 0.0351 0.5261 
   NS_SS0826  3 0.0029 0.0244 0.9554 0.0103 0.0071 
   NS_SS0818  3 0.0015 0.0123 0.4545 0.0576 0.4742 
   NS_SS0745  3 0.0015 0.0059 0.0055 0.9793 0.0077 
   NS_SS0849  3 0.0019 0.0321 0.0350 0.1580 0.7729 
   NS_SS0739  3 0.0078 0.0088 0.0102 0.0328 0.9404 
   NS_SS0799  3 0.0011 0.6815 0.0282 0.0220 0.2672 
   NS_SS0756  3 0.0026 0.0082 0.9618 0.0097 0.0176 
   NS_SS0802  3 0.1753 0.0260 0.0078 0.0278 0.7630 
   NS_SS0747  3 0.0053 0.0090 0.2541 0.0145 0.7170 
   NS_SS0835  3 0.0013 0.7670 0.0631 0.0386 0.1300 
   NS_SS0742  3 0.0010 0.0148 0.2600 0.0348 0.6894 
   NS_SS0760  3 0.0450 0.9041 0.0172 0.0124 0.0213 
   NS_SS0803  3 0.0060 0.0045 0.9664 0.0069 0.0161 
   NS_SS0828  3 0.0013 0.0671 0.0592 0.0256 0.8469 
   NS_SS0865  3 0.0215 0.0293 0.3782 0.0448 0.5262 
   NS_SS0759  3 0.0043 0.0070 0.0159 0.0713 0.9015 
   NS_SS0851  3 0.0165 0.0145 0.0455 0.8827 0.0408 
   NS_SS0874  3 0.0016 0.0068 0.9369 0.0428 0.0119 
   NS_SS0761  3 0.0033 0.6728 0.1760 0.0310 0.1169 
   NS_SS0842  3 0.0077 0.0802 0.2167 0.6530 0.0424 
   NS_SS0785  3 0.0047 0.2372 0.4665 0.0269 0.2648 
   NS_SS0860  3 0.0028 0.6423 0.0469 0.0184 0.2894 
   NS_SS0897  3 0.0016 0.9752 0.0090 0.0057 0.0085 
   NS_SS0841  3 0.0037 0.0343 0.4302 0.2011 0.3307 
   NS_SS0797  3 0.0296 0.8944 0.0199 0.0291 0.0269 
   NS_SS0830  3 0.0020 0.2562 0.0834 0.4204 0.2380 
   NS_SS1011  3 0.0055 0.0067 0.9577 0.0150 0.0151 
   NS_SS0883  3 0.0056 0.0231 0.0212 0.0168 0.9332 
   NS_SS0782  3 0.0022 0.1183 0.0263 0.8230 0.0301 
   NS_SS0831  3 0.0033 0.8561 0.0341 0.0372 0.0693 
   NS_SS0749  3 0.0031 0.0143 0.0151 0.0115 0.9560 
   NS_SS0854  3 0.0032 0.2341 0.1248 0.2675 0.3704 
   HI_SS0193  4 0.0016 0.9522 0.0093 0.0240 0.0129 
   HI_SS0194  4 0.0016 0.0264 0.0721 0.8896 0.0104 
   HI_SS0195  4 0.1188 0.0111 0.1285 0.5238 0.2178 
   HI_SS0196  4 0.0032 0.3110 0.0607 0.3799 0.2452 
   HI_SS0197  4 0.0128 0.0041 0.6718 0.1419 0.1693 
   HI_SS0198  4 0.0084 0.0448 0.0550 0.0228 0.8689 
   HI_SS0199  4 0.0025 0.3486 0.1558 0.0231 0.4700 
   HI_SS0201  4 0.0025 0.6565 0.0787 0.0089 0.2533 
   HI_SS0215  4 0.0031 0.2818 0.1381 0.0112 0.5658 
   HI_SS0218  4 0.0051 0.9651 0.0086 0.0138 0.0075 
   HI_SS0222  4 0.0052 0.0979 0.0121 0.2483 0.6364 
   HI_SS0230  4 0.0052 0.0110 0.0955 0.4779 0.4103 
   HI_SS0234  4 0.1395 0.0209 0.6395 0.0232 0.1769 
   HI_SS0240  4 0.0071 0.0070 0.0136 0.0165 0.9558 
   HI_SS0241  4 0.0020 0.7157 0.1323 0.0159 0.1340 
   HI_SS0242  4 0.0033 0.2097 0.0916 0.5385 0.1569 
   HI_SS0247  4 0.0137 0.0098 0.9595 0.0127 0.0043 
   HI_SS0248  4 0.0009 0.9563 0.0077 0.0218 0.0133 
   HI_SS0252  4 0.0021 0.0798 0.2848 0.5903 0.0430 
   HI_SS0254  4 0.0989 0.5278 0.0381 0.0236 0.3117 
   HI_SS0256  4 0.0012 0.0028 0.9788 0.0106 0.0065 
   HI_SS0257  4 0.0032 0.1080 0.7126 0.0239 0.1522 
   HI_SS0258  4 0.0052 0.9512 0.0117 0.0103 0.0216 
   HI_SS0259  4 0.0026 0.0164 0.1368 0.5753 0.2690 
   HI_SS0260  4 0.0019 0.6072 0.1207 0.0481 0.2222 
   HI_SS0261  4 0.0032 0.7510 0.0446 0.0952 0.1060 
   HI_SS0262  4 0.0069 0.0158 0.1621 0.5748 0.2404 
   HI_SS0264  4 0.0043 0.0135 0.1245 0.8248 0.0328 
   HI_SS0265  4 0.0983 0.0088 0.1440 0.5831 0.1659 
   HI_SS0268  4 0.0031 0.0925 0.0927 0.0367 0.7750 
   HI_SS0269  4 0.0017 0.6082 0.2114 0.0162 0.1625 
   HI_SS0273  4 0.0016 0.8153 0.0968 0.0165 0.0697 
   HI_SS0277  4 0.0029 0.0197 0.6491 0.0127 0.3156 
   HI_SS0280  4 0.0056 0.0678 0.0133 0.7340 0.1793 
   HI_SS0282  4 0.0015 0.8546 0.0571 0.0180 0.0689 
   HI_SS0286  4 0.0070 0.1407 0.0545 0.0303 0.7676 
   NS_SS1252  5 0.0039 0.9647 0.0074 0.0090 0.0151 
   NS_SS1261  5 0.0167 0.0329 0.8037 0.0996 0.0471 
   NS_SS1225  5 0.0714 0.0843 0.8042 0.0078 0.0323 
   NS_SS1266  5 0.0064 0.0043 0.9510 0.0165 0.0217 
   NS_SS1228  5 0.0122 0.0144 0.0494 0.6587 0.2654 
   NS_SS1255  5 0.0015 0.0343 0.0176 0.9375 0.0091 
   NS_SS1267  5 0.0131 0.9260 0.0094 0.0074 0.0441 
   NS_SS1238  5 0.0027 0.2098 0.0643 0.6138 0.1095 
   NS_SS1233  5 0.0021 0.1744 0.7030 0.0945 0.0260 
   NS_SS1277  5 0.0009 0.9658 0.0043 0.0200 0.0090 
   NS_SS1245  5 0.0016 0.4599 0.0494 0.4633 0.0259 
   NS_SS1240  5 0.0017 0.9481 0.0065 0.0095 0.0343 
   NS_SS1275  5 0.0030 0.0055 0.4562 0.5145 0.0208 
   NS_SS1235  5 0.0046 0.0194 0.8524 0.1070 0.0167 
   NS_SS1263  5 0.0011 0.0306 0.2815 0.6642 0.0227 
   NS_SS1251  5 0.0011 0.0110 0.9472 0.0248 0.0158 
   NS_SS1248  5 0.1105 0.7356 0.0544 0.0694 0.0300 
   NS_SS1244  5 0.0039 0.0298 0.9090 0.0056 0.0518 
   NS_SS1257  5 0.0291 0.4198 0.0392 0.0111 0.5007 
   NS_SS1242  5 0.0025 0.0079 0.0801 0.8810 0.0285 
   NS_SS1271  5 0.0335 0.8880 0.0144 0.0441 0.0200 
   NS_SS1265  5 0.0278 0.8734 0.0178 0.0462 0.0348 
   NS_SS1243  5 0.0658 0.0194 0.0059 0.8839 0.0250 
   NS_SS1273  5 0.0112 0.0136 0.1238 0.8001 0.0513 
   NS_SS1254  5 0.0055 0.0152 0.7623 0.2052 0.0119 
   NS_SS1224  5 0.0075 0.0105 0.1272 0.8114 0.0434 
   NS_SS1227  5 0.0022 0.3625 0.0128 0.0584 0.5641 
   NS_SS1274  5 0.0206 0.4994 0.2854 0.0211 0.1735 
   NS_SS1241  5 0.0009 0.7914 0.1584 0.0278 0.0214 
   NS_SS1256  5 0.0425 0.3006 0.5762 0.0612 0.0195 
   NS_SS1260  5 0.0779 0.3579 0.0676 0.0168 0.4798 
   NS_SS1262  5 0.1709 0.2260 0.4908 0.0076 0.1046 
   NS_SS1230  5 0.0093 0.7926 0.0661 0.0864 0.0455 
   NS_SS1270  5 0.0020 0.0357 0.3532 0.4406 0.1685 
   NS_SS1229  5 0.0040 0.0162 0.8128 0.1131 0.0538 
   NS_SS1246  5 0.0028 0.4065 0.1786 0.3766 0.0355 
   NS_SS1269  5 0.0023 0.0235 0.0169 0.0278 0.9295 
   NS_SS1239  5 0.0056 0.0299 0.0741 0.2554 0.6350 
   NS_SS1272  5 0.0053 0.0124 0.5594 0.4056 0.0173 
   NS_SS1268  5 0.0022 0.0766 0.1226 0.0685 0.7301 
   NS_SS1249  5 0.0122 0.9465 0.0198 0.0120 0.0095 
   HI_SS0559  6 0.0018 0.4054 0.1052 0.0498 0.4379 
   HI_SS0563  6 0.0029 0.2095 0.4742 0.0772 0.2362 
   HI_SS0564  6 0.0542 0.0214 0.1131 0.0708 0.7404 
   HI_SS0565  6 0.0028 0.1255 0.0964 0.0970 0.6783 
   HI_SS0569  6 0.0023 0.5914 0.0813 0.0080 0.3170 
   HI_SS0570  6 0.0422 0.8620 0.0136 0.0350 0.0472 
   HI_SS0572  6 0.0022 0.0120 0.1189 0.7637 0.1032 
   HI_SS0576  6 0.0056 0.0373 0.0768 0.1039 0.7765 
   HI_SS0579  6 0.0173 0.1814 0.2293 0.0398 0.5322 
   HI_SS0580  6 0.0055 0.4132 0.0686 0.2873 0.2253 
   HI_SS0581  6 0.0620 0.0075 0.0760 0.7771 0.0774 
   HI_SS0583  6 0.0029 0.6015 0.0958 0.2276 0.0723 
   HI_SS0586  6 0.0011 0.9690 0.0078 0.0079 0.0142 
   HI_SS0588  6 0.0202 0.7576 0.0850 0.0199 0.1172 
   HI_SS0595  6 0.0296 0.2730 0.1380 0.0924 0.4669 
   HI_SS0596  6 0.0020 0.0075 0.0190 0.9656 0.0060 
   HI_SS0597  6 0.0020 0.0077 0.0734 0.9079 0.0091 
   HI_SS0600  6 0.0027 0.0284 0.5709 0.0131 0.3850 
   HI_SS0601  6 0.0095 0.0386 0.8940 0.0049 0.0530 
   HI_SS0602  6 0.0022 0.1000 0.0151 0.0473 0.8354 
   HI_SS0604  6 0.0014 0.0772 0.0756 0.6308 0.2150 
   HI_SS0605  6 0.0059 0.0809 0.0116 0.0231 0.8785 
   HI_SS0608  6 0.0011 0.0250 0.0074 0.9496 0.0170 
   HI_SS0609  6 0.0009 0.0091 0.8982 0.0777 0.0140 
   HI_SS0611  6 0.0031 0.8552 0.0193 0.0181 0.1043 
   HI_SS0612  6 0.0051 0.0320 0.9407 0.0060 0.0162 
   HI_SS0613  6 0.0017 0.0696 0.1060 0.0915 0.7312 
   HI_SS0615  6 0.0088 0.0082 0.0973 0.0704 0.8153 
   HI_SS0001  6 0.0048 0.6278 0.2303 0.1130 0.0240 
   HI_SS0002  6 0.0205 0.0077 0.9104 0.0313 0.0301 
   HI_SS0004  6 0.0052 0.7152 0.0164 0.1677 0.0953 
   HI_SS0005  6 0.0054 0.0284 0.0350 0.0194 0.9117 
   HI_SS0006  6 0.0018 0.2868 0.5815 0.0314 0.0985 
   HI_SS0007  6 0.0026 0.9443 0.0070 0.0206 0.0255 
   HI_SS0008  6 0.0313 0.0259 0.0542 0.0267 0.8620 
   HI_SS0009  6 0.0040 0.0618 0.0166 0.7103 0.2074 
   HI_SS0010  6 0.0043 0.7460 0.0342 0.0756 0.1399 
   HI_SS0011  6 0.0773 0.0235 0.6540 0.2322 0.0130 
   HI_SS0012  6 0.0042 0.0084 0.2291 0.0160 0.7422 
   HI_SS0017  6 0.0021 0.0114 0.0125 0.9686 0.0054 
   HI_SS0021  6 0.2406 0.5971 0.0176 0.0783 0.0664 
   HI_SS0024  6 0.0019 0.0500 0.0337 0.8827 0.0317 
   HI_SS0025  6 0.0031 0.0105 0.0098 0.9639 0.0127 
   HI_SS0027  6 0.0130 0.9289 0.0135 0.0078 0.0369 
   HI_SS0028  6 0.0016 0.0076 0.1352 0.1979 0.6577 
   HI_SS0029  6 0.0086 0.0430 0.0314 0.8720 0.0450 
   HI_SS0030  6 0.0059 0.2015 0.0361 0.4810 0.2755 
   HI_SS0031  6 0.0033 0.0119 0.2815 0.0248 0.6786 
   HI_SS0034  6 0.0052 0.9339 0.0125 0.0108 0.0376 
   HI_SS0036  6 0.0152 0.9038 0.0096 0.0126 0.0588 
   HI_SS0037  6 0.0051 0.7316 0.1201 0.0795 0.0637 
   HI_SS0039  6 0.0028 0.8146 0.0283 0.1195 0.0347 
   HI_SS0041  6 0.0015 0.0057 0.0094 0.9643 0.0192 
   HI_SS0042  6 0.1149 0.0094 0.0340 0.5513 0.2903 
   HI_SS0043  6 0.0032 0.9441 0.0102 0.0094 0.0332 
   HI_SS0044  6 0.0024 0.0430 0.0074 0.9203 0.0269 
   HI_SS0047  6 0.0028 0.0233 0.1144 0.7388 0.1207 
   HI_SS0049  6 0.0037 0.0394 0.0216 0.9233 0.0121 
   HI_SS0051  6 0.0019 0.0226 0.0369 0.0232 0.9154 
   HI_SS0053  6 0.0057 0.8321 0.0118 0.0343 0.1161 
   HI_SS0054  6 0.0034 0.9649 0.0166 0.0072 0.0079 
   HI_SS0057  6 0.0029 0.0621 0.0634 0.8162 0.0553 
   HI_SS0058  6 0.0051 0.1539 0.7481 0.0212 0.0717 
   HI_SS0060  6 0.0689 0.0854 0.1546 0.0119 0.6791 
   HI_SS0087  6 0.0024 0.1935 0.3345 0.0192 0.4504 
   HI_SS0091  6 0.0013 0.4575 0.4852 0.0085 0.0475 
   HI_SS0095  6 0.0403 0.0159 0.1491 0.0117 0.7830 
   HI_SS0097  6 0.0036 0.0116 0.7544 0.0121 0.2183 
   HI_SS0099  6 0.0034 0.0081 0.0101 0.9693 0.0091 
   HI_SS0103  6 0.0034 0.0193 0.2848 0.3328 0.3596 
   HI_SS0105  6 0.0240 0.0318 0.5684 0.2156 0.1603 
   HI_SS0107  6 0.0010 0.0141 0.2326 0.7377 0.0145 
   HI_SS0108  6 0.0245 0.9526 0.0088 0.0056 0.0086 
   HI_SS0110  6 0.0011 0.0285 0.4917 0.0835 0.3952 
   HI_SS0111  6 0.0225 0.0143 0.1319 0.0255 0.8059 
   HI_SS0112  6 0.0013 0.9830 0.0044 0.0058 0.0055 
   HI_SS0113  6 0.0037 0.0098 0.0656 0.9097 0.0112 
   HI_SS0114  6 0.0051 0.3304 0.0439 0.0097 0.6109 
   HI_SS0115  6 0.0147 0.1030 0.0378 0.0588 0.7857 
   HI_SS0116  6 0.0032 0.4003 0.0139 0.5708 0.0118 
   HI_SS0117  6 0.0020 0.0588 0.8982 0.0101 0.0310 
   HI_SS0118  6 0.0136 0.2442 0.1740 0.4889 0.0793 
   HI_SS0119  6 0.0016 0.2675 0.5011 0.0070 0.2229 
   HI_SS0120  6 0.0033 0.0067 0.0305 0.9522 0.0074 
   HI_SS0121  6 0.0013 0.0053 0.8967 0.0319 0.0648 
   HI_SS0122  6 0.0187 0.0530 0.7513 0.0874 0.0896 
   HI_SS0123  6 0.0041 0.0169 0.7128 0.0374 0.2288 
   HI_SS0124  6 0.0031 0.0084 0.0232 0.9450 0.0203 
   HI_SS0125  6 0.0314 0.0052 0.0373 0.0858 0.8404 
   HI_SS0126  6 0.0010 0.9699 0.0064 0.0166 0.0061 
   HI_SS0127  6 0.0073 0.0565 0.0268 0.0121 0.8973 
   HI_SS0128  6 0.0030 0.1712 0.1104 0.6381 0.0773 
   HI_SS0129  6 0.0092 0.2850 0.0183 0.0357 0.6518 
   HI_SS0131  6 0.0329 0.4466 0.4725 0.0229 0.0251 
   HI_SS0132  6 0.0006 0.0744 0.7655 0.0144 0.1451 
   HI_SS0133  6 0.0013 0.9884 0.0023 0.0047 0.0033 
   HI_SS0134  6 0.0021 0.2127 0.5447 0.1233 0.1173 
   HI_SS0142  6 0.0163 0.0066 0.7377 0.0177 0.2217 
   HI_SS0145  6 0.0013 0.2997 0.4568 0.0174 0.2247 
   HI_SS0146  6 0.0011 0.7096 0.0254 0.0199 0.2440 
   HI_SS0147  6 0.0256 0.0069 0.6969 0.2530 0.0176 
   HI_SS0149  6 0.0041 0.0506 0.8898 0.0363 0.0193 
   HI_SS0150  6 0.0050 0.0200 0.1595 0.1023 0.7132 
   HI_SS0151  6 0.0095 0.0390 0.0273 0.0126 0.9117 
   NS_SS1451  6 0.0034 0.0081 0.0497 0.6796 0.2592 
   NS_SS1404  6 0.0123 0.0220 0.2766 0.5053 0.1837 
   NS_SS1432  6 0.0403 0.0060 0.0154 0.8857 0.0526 
   NS_SS1405  6 0.0038 0.1500 0.1171 0.4086 0.3205 
   NS_SS1431  6 0.0009 0.0117 0.0121 0.9535 0.0218 
   NS_SS1402  6 0.0022 0.0147 0.8588 0.0210 0.1034 
   NS_SS1450  6 0.0042 0.7925 0.0201 0.0645 0.1187 
   NS_SS1396  6 0.0058 0.0392 0.3431 0.3352 0.2767 
   NS_SS1393  6 0.0037 0.0228 0.1075 0.0257 0.8402 
   NS_SS1392  6 0.0202 0.0483 0.0431 0.7520 0.1363 
   NS_SS1445  6 0.0108 0.6957 0.0253 0.0337 0.2345 
   NS_SS1423  6 0.0014 0.2661 0.6127 0.0250 0.0948 
   NS_SS1421  6 0.1016 0.8297 0.0306 0.0178 0.0203 
   NS_SS1411  6 0.0017 0.8271 0.0163 0.0263 0.1287 
   NS_SS1453  6 0.0062 0.1766 0.2280 0.2661 0.3231 
   NS_SS1442  6 0.0033 0.1521 0.1178 0.0624 0.6644 
   NS_SS1422  6 0.0103 0.0582 0.8699 0.0191 0.0426 
   NS_SS1419  6 0.1555 0.0618 0.6192 0.1323 0.0313 
   NS_SS1427  6 0.0017 0.9691 0.0081 0.0100 0.0110 
   NS_SS1444  6 0.0030 0.0141 0.0098 0.9184 0.0547 
   NS_SS1455  6 0.0012 0.0113 0.3428 0.6310 0.0136 
   NS_SS1425  6 0.0013 0.8728 0.0268 0.0052 0.0939 
   NS_SS1400  6 0.0013 0.9733 0.0085 0.0130 0.0040 
   NS_SS1406  6 0.0071 0.0044 0.8709 0.0222 0.0953 
   NS_SS1417  6 0.0071 0.1031 0.7561 0.1142 0.0195 
   NS_SS1454  6 0.0016 0.5179 0.2605 0.1650 0.0550 
   NS_SS1412  6 0.0284 0.5072 0.0760 0.3050 0.0835 
   NS_SS1438  6 0.0014 0.9304 0.0258 0.0177 0.0248 
   NS_SS1416  6 0.0068 0.0127 0.2377 0.0801 0.6628 
   NS_SS1401  6 0.0124 0.0248 0.7516 0.1337 0.0775 
   NS_SS1424  6 0.0137 0.6081 0.2950 0.0259 0.0573 
   NS_SS1435  6 0.0029 0.4426 0.0246 0.1373 0.3927 
   NS_SS1447  6 0.0076 0.0210 0.0462 0.8986 0.0265 
   NS_SS1414  6 0.0074 0.0276 0.1758 0.7768 0.0124 
   NS_SS1449  6 0.0042 0.0113 0.8717 0.0470 0.0657 
   NS_SS1443  6 0.0020 0.7108 0.0750 0.0065 0.2057 
   NS_SS1434  6 0.0007 0.1462 0.0183 0.8167 0.0181 
   NS_SS1398  6 0.0141 0.0329 0.0096 0.0566 0.8868 
   NS_SS1426  6 0.0020 0.9376 0.0100 0.0086 0.0418 
   NS_SS1413  6 0.0120 0.9557 0.0104 0.0136 0.0084 
   NS_SS1395  6 0.0084 0.0486 0.0162 0.0101 0.9167 
   NS_SS1448  6 0.0020 0.8803 0.0115 0.0620 0.0441 
   NS_SS1446  6 0.0029 0.0742 0.5750 0.2285 0.1194 
   NS_SS1403  6 0.0053 0.0225 0.4916 0.0273 0.4532 
   NS_SS1415  6 0.0094 0.9444 0.0134 0.0082 0.0246 
   NS_SS1437  6 0.0076 0.0870 0.3548 0.4709 0.0797 
   NS_SS1439  6 0.0024 0.0100 0.6607 0.0332 0.2937 
   NS_SS1441  6 0.0022 0.4686 0.1906 0.0374 0.3012 
   NS_SS1420  6 0.0030 0.0080 0.0177 0.8847 0.0866 
   NS_SS1394  6 0.0359 0.0057 0.0162 0.1681 0.7740 
   NS_SS1391  6 0.0144 0.3081 0.0325 0.5070 0.1380 
   NS_SS1410  6 0.0124 0.0628 0.5662 0.3363 0.0222 
   NS_SS1408  6 0.0441 0.0076 0.0349 0.0102 0.9032 
   NS_SS1409  6 0.0028 0.3179 0.0609 0.1103 0.5081 
   HI_SS0617  7 0.0012 0.0259 0.1946 0.3276 0.4507 
   HI_SS0618  7 0.0025 0.0205 0.0886 0.0535 0.8349 
   HI_SS0619  7 0.0032 0.0270 0.0103 0.9453 0.0142 
   HI_SS0620  7 0.0022 0.9668 0.0090 0.0058 0.0162 
   HI_SS0621  7 0.0184 0.0329 0.3373 0.2758 0.3356 
   HI_SS0622  7 0.0129 0.5387 0.2955 0.1145 0.0385 
   HI_SS0626  7 0.0067 0.0511 0.0438 0.1163 0.7821 
   HI_SS0627  7 0.0071 0.0083 0.1815 0.7677 0.0354 
   HI_SS0628  7 0.0625 0.4682 0.0184 0.2760 0.1749 
   HI_SS0629  7 0.0056 0.1094 0.0782 0.0460 0.7608 
   HI_SS0630  7 0.0589 0.5684 0.0290 0.1698 0.1739 
   HI_SS0631  7 0.0008 0.8455 0.0319 0.0424 0.0793 
   HI_SS0632  7 0.0030 0.2728 0.0262 0.6566 0.0415 
   HI_SS0633  7 0.0039 0.0145 0.0135 0.9198 0.0483 
   HI_SS0634  7 0.0024 0.0355 0.1839 0.1311 0.6471 
   HI_SS0635  7 0.0082 0.0241 0.2024 0.0218 0.7435 
   HI_SS0637  7 0.0027 0.0077 0.0702 0.0070 0.9124 
   HI_SS0638  7 0.0013 0.8796 0.0464 0.0311 0.0416 
   HI_SS0639  7 0.0294 0.0071 0.0204 0.1296 0.8134 
   HI_SS0640  7 0.0016 0.0491 0.0210 0.0164 0.9118 
   HI_SS0641  7 0.0053 0.5532 0.0359 0.0319 0.3737 
   HI_SS0642  7 0.0022 0.0275 0.2388 0.4758 0.2557 
   HI_SS0645  7 0.0009 0.0223 0.1461 0.6204 0.2103 
   HI_SS0646  7 0.0025 0.0227 0.4870 0.0213 0.4665 
   HI_SS0647  7 0.0015 0.8073 0.0215 0.1556 0.0141 
   HI_SS0648  7 0.0031 0.0967 0.1185 0.3765 0.4052 
   HI_SS0649  7 0.0019 0.0199 0.0692 0.1629 0.7462 
   HI_SS0650  7 0.0032 0.0091 0.0090 0.2229 0.7558 
   HI_SS0651  7 0.0047 0.0454 0.2736 0.1181 0.5581 
   HI_SS0652  7 0.0036 0.0142 0.0067 0.9025 0.0730 
   NS_SS1371  7 0.0049 0.0125 0.0172 0.0079 0.9575 
   NS_SS1374  7 0.0023 0.7295 0.0231 0.0311 0.2140 
   NS_SS1337  7 0.0037 0.0527 0.5642 0.2102 0.1691 
   NS_SS1385  7 0.0063 0.0463 0.4712 0.3472 0.1290 
   NS_SS1388  7 0.0068 0.0384 0.0115 0.9282 0.0152 
   NS_SS1370  7 0.0109 0.0410 0.5161 0.0691 0.3628 
   NS_SS1389  7 0.0038 0.0093 0.0093 0.9707 0.0069 
   NS_SS1360  7 0.0048 0.4126 0.0343 0.0109 0.5373 
   NS_SS1330  7 0.0034 0.0067 0.2643 0.0184 0.7073 
   NS_SS1328  7 0.0021 0.8477 0.0323 0.1052 0.0127 
   NS_SS1384  7 0.0033 0.0531 0.0642 0.0137 0.8658 
   NS_SS1381  7 0.0012 0.0102 0.3356 0.6195 0.0335 
   NS_SS1375  7 0.0011 0.0254 0.0059 0.9022 0.0654 
   NS_SS1319  7 0.0903 0.0363 0.6068 0.0443 0.2223 
   NS_SS1326  7 0.0078 0.9609 0.0073 0.0155 0.0086 
   NS_SS1341  7 0.0043 0.1110 0.4881 0.3114 0.0852 
   NS_SS1383  7 0.0035 0.0394 0.1898 0.0205 0.7468 
   NS_SS1318  7 0.0149 0.0423 0.0614 0.6816 0.1999 
   NS_SS1348  7 0.0015 0.9555 0.0149 0.0072 0.0209 
   NS_SS1363  7 0.0048 0.0547 0.6518 0.0656 0.2231 
   NS_SS1335  7 0.0305 0.4866 0.2173 0.0101 0.2555 
   NS_SS1358  7 0.0103 0.0716 0.8796 0.0056 0.0329 
   NS_SS1342  7 0.0012 0.2954 0.6609 0.0101 0.0324 
   NS_SS1320  7 0.0059 0.0050 0.3283 0.6501 0.0107 
   NS_SS1355  7 0.0158 0.0125 0.1315 0.6143 0.2260 
   NS_SS1345  7 0.0163 0.0269 0.8945 0.0441 0.0182 
   NS_SS1324  7 0.0024 0.3093 0.1044 0.0361 0.5478 
   NS_SS1347  7 0.0040 0.0483 0.1427 0.0186 0.7864 
   NS_SS1321  7 0.0012 0.1672 0.5229 0.0133 0.2954 
   NS_SS1333  7 0.0028 0.1817 0.1416 0.3434 0.3304 
   NS_SS1364  7 0.0022 0.8844 0.0235 0.0299 0.0600 
   NS_SS1379  7 0.0652 0.0417 0.1516 0.4418 0.2998 
   NS_SS1332  7 0.0047 0.9643 0.0099 0.0114 0.0098 
   NS_SS1338  7 0.0083 0.3955 0.0392 0.0368 0.5201 
   NS_SS1368  7 0.0050 0.5689 0.2598 0.1338 0.0326 
   NS_SS1354  7 0.0102 0.0201 0.8596 0.0852 0.0248 
   NS_SS1365  7 0.0100 0.0460 0.0277 0.8365 0.0797 
   NS_SS1380  7 0.0151 0.0075 0.9522 0.0154 0.0098 
   NS_SS1329  7 0.0028 0.4423 0.4830 0.0201 0.0518 
   NS_SS1362  7 0.0043 0.0268 0.5153 0.0113 0.4423 
   NS_SS1327  7 0.0031 0.9776 0.0058 0.0043 0.0093 
   NS_SS1350  7 0.0077 0.0458 0.0274 0.0281 0.8910 
   NS_SS1387  7 0.0026 0.0215 0.0231 0.3586 0.5941 
   NS_SS1369  7 0.0041 0.9008 0.0469 0.0148 0.0334 
   NS_SS1331  7 0.0088 0.1025 0.0332 0.8400 0.0154 
   NS_SS1357  7 0.0028 0.1639 0.2627 0.5313 0.0393 
   NS_SS1386  7 0.0032 0.9633 0.0199 0.0050 0.0086 
   NS_SS1353  7 0.0034 0.0305 0.0670 0.8834 0.0156 
   NS_SS1323  7 0.0827 0.0117 0.5403 0.3326 0.0328 
   HI_SS0296  8 0.0021 0.6420 0.0605 0.0848 0.2106 
   HI_SS0297  8 0.0008 0.2904 0.1013 0.0461 0.5614 
   HI_SS0299  8 0.0364 0.5126 0.1950 0.0616 0.1944 
   HI_SS0300  8 0.0014 0.2559 0.0126 0.1958 0.5342 
   HI_SS0301  8 0.0033 0.0281 0.0990 0.0110 0.8586 
   HI_SS0302  8 0.0222 0.9300 0.0169 0.0140 0.0169 
   HI_SS0303  8 0.0064 0.9284 0.0099 0.0426 0.0127 
   HI_SS0304  8 0.0023 0.0578 0.0485 0.8344 0.0570 
   HI_SS0306  8 0.0026 0.9784 0.0048 0.0077 0.0066 
   HI_SS0307  8 0.0063 0.0089 0.0341 0.0843 0.8665 
   HI_SS0308  8 0.0634 0.0234 0.2435 0.0111 0.6587 
   HI_SS0309  8 0.0028 0.0072 0.6436 0.0194 0.3270 
   HI_SS0310  8 0.0060 0.4827 0.0222 0.4719 0.0171 
   HI_SS0311  8 0.0025 0.1748 0.1644 0.5089 0.1493 
   HI_SS0314  8 0.0015 0.0603 0.1268 0.7690 0.0425 
   HI_SS0316  8 0.0042 0.6262 0.1011 0.0992 0.1693 
   HI_SS0317  8 0.0022 0.0164 0.0676 0.0438 0.8701 
   HI_SS0318  8 0.1845 0.2442 0.0076 0.0105 0.5532 
   HI_SS0319  8 0.0051 0.9626 0.0101 0.0048 0.0174 
   HI_SS0320  8 0.0010 0.0075 0.0517 0.8395 0.1003 
   HI_SS0321  8 0.0014 0.0104 0.0061 0.0046 0.9775 
   HI_SS0323  8 0.0015 0.0357 0.0088 0.0454 0.9085 
   HI_SS0325  8 0.0014 0.9455 0.0154 0.0297 0.0080 
   HI_SS0327  8 0.0015 0.2078 0.0406 0.0070 0.7430 
   HI_SS0329  8 0.0013 0.0428 0.0286 0.9150 0.0123 
   HI_SS0333  8 0.0028 0.0995 0.1907 0.2096 0.4974 
   HI_SS0334  8 0.0012 0.2258 0.1742 0.0126 0.5863 
   HI_SS0335  8 0.0192 0.0089 0.8252 0.0138 0.1329 
   HI_SS0339  8 0.0112 0.0109 0.5881 0.0999 0.2899 
   HI_SS0343  8 0.0021 0.0075 0.9252 0.0537 0.0115 
   HI_SS0344  8 0.0030 0.9826 0.0046 0.0040 0.0058 
   HI_SS0345  8 0.0064 0.0980 0.7753 0.0988 0.0215 
   HI_SS0346  8 0.0040 0.0636 0.0194 0.6172 0.2957 
   HI_SS0350  8 0.0068 0.0052 0.8767 0.0913 0.0198 
   HI_SS0351  8 0.0040 0.0368 0.2858 0.3105 0.3629 
   HI_SS0352  8 0.0838 0.0103 0.8502 0.0384 0.0175 
   HI_SS0362  8 0.0022 0.1159 0.0072 0.0872 0.7875 
   HI_SS0363  8 0.0035 0.8767 0.0427 0.0152 0.0619 
   HI_SS0365  8 0.0047 0.5021 0.2204 0.0585 0.2143 
   HI_SS0366  8 0.0017 0.9440 0.0247 0.0172 0.0124 
   HI_SS0367  8 0.0022 0.0054 0.1522 0.8234 0.0168 
   HI_SS0369  8 0.0025 0.0131 0.5649 0.3065 0.1131 
   HI_SS0370  8 0.0025 0.0188 0.0492 0.0386 0.8909 
   HI_SS0371  8 0.0046 0.8370 0.0068 0.1138 0.0379 
   HI_SS0373  8 0.0132 0.1724 0.0315 0.3002 0.4828 
   HI_SS0374  8 0.0262 0.0103 0.0514 0.8388 0.0732 
   HI_SS0377  8 0.0855 0.5147 0.3623 0.0177 0.0197 
   HI_SS0379  8 0.0009 0.9821 0.0056 0.0042 0.0073 
   HI_SS0380  8 0.0064 0.0132 0.1063 0.6587 0.2154 
   HI_SS0381  8 0.0042 0.0151 0.7284 0.1031 0.1493 
   HI_SS0384  8 0.0084 0.1606 0.0073 0.7345 0.0892 
   HI_SS0385  8 0.0014 0.9008 0.0111 0.0515 0.0352 
   HI_SS0386  9 0.9926 0.0015 0.0025 0.0018 0.0015 
   HI_SS0387  9 0.9508 0.0130 0.0136 0.0103 0.0123 
   HI_SS0389  9 0.9856 0.0037 0.0035 0.0042 0.0030 
   HI_SS0390  9 0.9924 0.0018 0.0017 0.0020 0.0020 
   HI_SS0391  9 0.9892 0.0023 0.0037 0.0024 0.0024 
   HI_SS0392  9 0.9924 0.0021 0.0016 0.0018 0.0021 
   HI_SS0393  9 0.9933 0.0021 0.0016 0.0016 0.0015 
   HI_SS0394  9 0.9934 0.0015 0.0015 0.0018 0.0018 
   HI_SS0395  9 0.9849 0.0034 0.0034 0.0049 0.0035 
   HI_SS0396  9 0.9577 0.0093 0.0120 0.0085 0.0124 
   HI_SS0398  9 0.9752 0.0054 0.0059 0.0062 0.0073 
   HI_SS0399  9 0.9953 0.0011 0.0012 0.0012 0.0012 
   HI_SS0400  9 0.9914 0.0018 0.0025 0.0021 0.0021 
   HI_SS0401  9 0.9941 0.0017 0.0012 0.0015 0.0016 
   HI_SS0402  9 0.9947 0.0013 0.0017 0.0010 0.0013 
   HI_SS0403  9 0.9936 0.0013 0.0019 0.0016 0.0017 
   HI_SS0404  9 0.9948 0.0014 0.0012 0.0012 0.0014 
   HI_SS0405  9 0.9348 0.0109 0.0273 0.0104 0.0166 
   HI_SS0406  9 0.9915 0.0022 0.0024 0.0017 0.0022 
   HI_SS0407  9 0.9683 0.0064 0.0067 0.0113 0.0073 
   HI_SS0408  9 0.9955 0.0010 0.0012 0.0011 0.0012 
   HI_SS0409  9 0.9870 0.0033 0.0038 0.0026 0.0033 
   HI_SS0411  9 0.9893 0.0031 0.0019 0.0024 0.0033 
   HI_SS0412  9 0.8060 0.0374 0.0527 0.0397 0.0641 
   HI_SS0413  9 0.9908 0.0024 0.0024 0.0021 0.0022 
   HI_SS0414  9 0.9327 0.0078 0.0175 0.0198 0.0222 
   HI_SS0415  9 0.9922 0.0018 0.0026 0.0018 0.0016 
   HI_SS0416  9 0.9858 0.0040 0.0029 0.0038 0.0036 
   HI_SS0418  9 0.9792 0.0041 0.0068 0.0039 0.0060 
   HI_SS0419  9 0.9861 0.0032 0.0029 0.0043 0.0035 
   HI_SS0420  9 0.9903 0.0030 0.0025 0.0019 0.0022 
   HI_SS0421  9 0.9805 0.0040 0.0068 0.0038 0.0050 
   HI_SS0422  9 0.9933 0.0015 0.0018 0.0019 0.0015 
   HI_SS0423  9 0.9817 0.0051 0.0034 0.0054 0.0044 
   HI_SS0424  9 0.9936 0.0013 0.0018 0.0017 0.0016 
   HI_SS0425  9 0.9871 0.0025 0.0034 0.0041 0.0029 
   NS_SS1146 10 0.9914 0.0025 0.0022 0.0014 0.0025 
   NS_SS1157 10 0.9730 0.0057 0.0105 0.0046 0.0062 
   NS_SS1144 10 0.9281 0.0202 0.0230 0.0097 0.0191 
   NS_SS1074 10 0.9852 0.0041 0.0043 0.0031 0.0033 
   NS_SS1122 10 0.9816 0.0056 0.0040 0.0037 0.0051 
   NS_SS1136 10 0.9955 0.0010 0.0012 0.0012 0.0011 
   NS_SS1077 10 0.9970 0.0009 0.0009 0.0007 0.0007 
   NS_SS1134 10 0.9593 0.0093 0.0077 0.0130 0.0108 
   NS_SS1091 10 0.9906 0.0019 0.0026 0.0028 0.0020 
   NS_SS1089 10 0.9875 0.0033 0.0030 0.0030 0.0032 
   NS_SS1123 10 0.9933 0.0016 0.0018 0.0016 0.0018 
   NS_SS1158 10 0.9958 0.0009 0.0011 0.0012 0.0010 
   NS_SS1093 10 0.9888 0.0034 0.0027 0.0026 0.0025 
   NS_SS1102 10 0.9778 0.0050 0.0066 0.0047 0.0059 
   NS_SS1056 10 0.9932 0.0015 0.0019 0.0017 0.0017 
   NS_SS1126 10 0.9884 0.0030 0.0028 0.0030 0.0029 
   NS_SS1058 10 0.9832 0.0058 0.0036 0.0033 0.0041 
   NS_SS1084 10 0.9941 0.0014 0.0014 0.0015 0.0017 
   NS_SS1095 10 0.9735 0.0104 0.0047 0.0057 0.0056 
   NS_SS1079 10 0.9936 0.0017 0.0014 0.0017 0.0016 
   NS_SS1149 10 0.9892 0.0023 0.0030 0.0032 0.0022 
   NS_SS1121 10 0.9927 0.0015 0.0021 0.0019 0.0018 
   NS_SS1067 10 0.9758 0.0060 0.0057 0.0073 0.0052 
   NS_SS1081 10 0.9908 0.0022 0.0022 0.0025 0.0022 
   NS_SS1130 10 0.9854 0.0026 0.0042 0.0032 0.0047 
   NS_SS1073 10 0.9884 0.0021 0.0032 0.0029 0.0034 
   NS_SS1133 10 0.9692 0.0037 0.0055 0.0173 0.0043 
   NS_SS1129 10 0.9942 0.0016 0.0015 0.0013 0.0015 
   NS_SS1085 10 0.9911 0.0023 0.0022 0.0018 0.0026 
   NS_SS1137 10 0.9826 0.0040 0.0048 0.0049 0.0038 
   NS_SS1135 10 0.9954 0.0010 0.0011 0.0013 0.0012 
   NS_SS1082 10 0.9939 0.0013 0.0016 0.0017 0.0015 
   NS_SS1125 10 0.9948 0.0013 0.0014 0.0013 0.0011 
   NS_SS1124 10 0.9713 0.0055 0.0076 0.0057 0.0098 
   NS_SS1155 10 0.9685 0.0068 0.0090 0.0056 0.0100 
   NS_SS1145 10 0.9929 0.0019 0.0017 0.0017 0.0018 
