   NS_SS0963  1 0.0038 0.0149 0.0368 0.9299 0.0088 0.0057 
   NS_SS0983  1 0.0032 0.0119 0.9400 0.0130 0.0275 0.0043 
   NS_SS0719  1 0.0044 0.0453 0.3629 0.4383 0.0997 0.0494 
   NS_SS1001  1 0.0058 0.0808 0.0085 0.0111 0.0710 0.8228 
   NS_SS0936  1 0.0030 0.1162 0.0375 0.6748 0.0325 0.1360 
   NS_SS0955  1 0.0034 0.0479 0.6019 0.1927 0.1312 0.0229 
   NS_SS0944  1 0.0021 0.1166 0.0112 0.0677 0.7755 0.0270 
   NS_SS0945  1 0.0096 0.0347 0.0200 0.0127 0.5694 0.3536 
   NS_SS0922  1 0.0345 0.0681 0.2019 0.1580 0.0119 0.5257 
   NS_SS0929  1 0.0029 0.6400 0.0636 0.1742 0.0917 0.0276 
   NS_SS0956  1 0.0040 0.8655 0.0420 0.0379 0.0161 0.0345 
   NS_SS0906  1 0.0025 0.1815 0.1311 0.5655 0.0142 0.1053 
   NS_SS0721  1 0.0045 0.0125 0.8584 0.1057 0.0104 0.0085 
   NS_SS0982  1 0.0155 0.0516 0.2314 0.6633 0.0073 0.0308 
   NS_SS0923  1 0.0044 0.1035 0.1635 0.4653 0.0133 0.2499 
   NS_SS0905  1 0.0022 0.1938 0.4255 0.1970 0.1586 0.0229 
   NS_SS0925  1 0.0033 0.1734 0.3047 0.4899 0.0072 0.0214 
   NS_SS0947  1 0.0048 0.8151 0.0384 0.0390 0.0214 0.0813 
   NS_SS0926  1 0.0013 0.0142 0.0188 0.0784 0.8470 0.0403 
   NS_SS0918  1 0.0023 0.7538 0.0481 0.0285 0.1473 0.0200 
   NS_SS0966  1 0.0568 0.6058 0.0242 0.1828 0.0895 0.0408 
   NS_SS0938  1 0.0016 0.0235 0.0246 0.1110 0.0187 0.8205 
   NS_SS0917  1 0.0255 0.0054 0.9188 0.0144 0.0061 0.0298 
   NS_SS0957  1 0.0066 0.9396 0.0082 0.0139 0.0176 0.0140 
   NS_SS0987  1 0.2360 0.2906 0.3689 0.0552 0.0187 0.0307 
   NS_SS0717  1 0.0027 0.0376 0.1502 0.0440 0.0093 0.7563 
   NS_SS0986  1 0.0040 0.1083 0.3174 0.1854 0.2306 0.1543 
   NS_SS0953  1 0.0137 0.9313 0.0145 0.0179 0.0079 0.0147 
   NS_SS0907  1 0.0364 0.0730 0.3950 0.4073 0.0406 0.0477 
   NS_SS0974  1 0.0043 0.0690 0.0509 0.3168 0.2770 0.2820 
   NS_SS0989  1 0.0011 0.0707 0.3747 0.2055 0.3339 0.0140 
   NS_SS0991  1 0.0018 0.0329 0.2144 0.3086 0.4292 0.0131 
   NS_SS0994  1 0.0026 0.0071 0.1512 0.0155 0.5238 0.2997 
   NS_SS0931  1 0.0112 0.0129 0.0192 0.0481 0.8897 0.0189 
   NS_SS1000  1 0.0046 0.1620 0.1144 0.2244 0.0233 0.4714 
   NS_SS0919  1 0.0024 0.0135 0.1364 0.7896 0.0511 0.0070 
   NS_SS0949  1 0.0012 0.0086 0.0613 0.0692 0.8397 0.0200 
   NS_SS0960  1 0.0067 0.1474 0.0929 0.0659 0.6782 0.0088 
   NS_SS0716  1 0.0075 0.0167 0.0177 0.0069 0.0077 0.9436 
   NS_SS0924  1 0.0147 0.0092 0.7921 0.1145 0.0561 0.0134 
   NS_SS0935  1 0.0092 0.0817 0.2900 0.0274 0.5706 0.0212 
   NS_SS0952  1 0.0446 0.0401 0.0331 0.0931 0.7616 0.0275 
   NS_SS0962  1 0.0086 0.0484 0.0659 0.5505 0.0316 0.2951 
   NS_SS0973  1 0.0029 0.0698 0.2814 0.6227 0.0145 0.0088 
   NS_SS0722  1 0.0024 0.0201 0.0165 0.0212 0.0091 0.9308 
   NS_SS0979  1 0.0020 0.0855 0.1025 0.5645 0.0163 0.2291 
   NS_SS0993  1 0.0165 0.0269 0.0216 0.1405 0.0109 0.7835 
   NS_SS0958  1 0.0029 0.0096 0.0235 0.0590 0.8655 0.0395 
   NS_SS0988  1 0.0039 0.1091 0.0138 0.7706 0.0097 0.0929 
   NS_SS1003  1 0.0076 0.7416 0.0119 0.2152 0.0148 0.0088 
   NS_SS0976  1 0.0018 0.0186 0.0170 0.0186 0.9316 0.0123 
   NS_SS0964  1 0.0026 0.0098 0.0252 0.0161 0.0119 0.9345 
   NS_SS0939  1 0.0045 0.0075 0.0099 0.0056 0.0078 0.9646 
   NS_SS0990  1 0.0033 0.0747 0.1125 0.1253 0.0140 0.6702 
   NS_SS0984  1 0.0024 0.0454 0.0292 0.0297 0.0059 0.8874 
   NS_SS0980  1 0.0021 0.9231 0.0136 0.0437 0.0085 0.0089 
   NS_SS0978  1 0.0026 0.7474 0.0615 0.1629 0.0165 0.0092 
   NS_SS0951  1 0.0032 0.4737 0.1964 0.0222 0.1877 0.1168 
   NS_SS0913  1 0.0522 0.2214 0.2035 0.0502 0.0440 0.4287 
   NS_SS1002  1 0.0370 0.0603 0.0101 0.8435 0.0051 0.0441 
   NS_SS0948  1 0.0522 0.1610 0.0398 0.4394 0.2651 0.0425 
   NS_SS0916  1 0.0040 0.7016 0.1662 0.0427 0.0610 0.0245 
   NS_SS0995  1 0.0038 0.5868 0.3204 0.0575 0.0103 0.0211 
   NS_SS0927  1 0.0057 0.0097 0.7721 0.1262 0.0159 0.0705 
   NS_SS0992  1 0.0029 0.1412 0.1948 0.5782 0.0410 0.0420 
   NS_SS0912  1 0.0026 0.0318 0.5368 0.1829 0.2285 0.0174 
   NS_SS0981  1 0.0034 0.6150 0.0431 0.2593 0.0584 0.0208 
   NS_SS0729  2 0.0039 0.0168 0.4366 0.0956 0.3914 0.0557 
   NS_SS0967  2 0.0087 0.0129 0.2046 0.7332 0.0219 0.0188 
   NS_SS0941  2 0.0824 0.0755 0.1280 0.0721 0.0202 0.6218 
   NS_SS0768  2 0.0050 0.3297 0.1082 0.4647 0.0627 0.0296 
   NS_SS0726  2 0.0080 0.0227 0.0910 0.6891 0.0683 0.1208 
   NS_SS0763  2 0.0024 0.0307 0.6707 0.0280 0.1304 0.1378 
   NS_SS0730  2 0.0038 0.1205 0.0425 0.2263 0.0333 0.5736 
   NS_SS0774  2 0.0010 0.7508 0.0091 0.0113 0.0100 0.2179 
   NS_SS0723  2 0.0019 0.1712 0.1236 0.6659 0.0074 0.0299 
   NS_SS0940  2 0.0058 0.0689 0.3393 0.0326 0.1342 0.4192 
   NS_SS0762  2 0.0034 0.4321 0.0140 0.0094 0.0109 0.5302 
   NS_SS0766  2 0.0182 0.0202 0.2992 0.0288 0.0841 0.5496 
   NS_SS0724  2 0.0059 0.2596 0.0218 0.2433 0.0425 0.4268 
   NS_SS0769  2 0.0040 0.1274 0.1167 0.7098 0.0102 0.0319 
   NS_SS0777  2 0.0141 0.0207 0.3094 0.0578 0.2286 0.3693 
   NS_SS0734  2 0.0275 0.1275 0.2619 0.0358 0.4335 0.1138 
   NS_SS0737  2 0.0056 0.0255 0.0151 0.0422 0.0070 0.9045 
   NS_SS0732  2 0.0051 0.7103 0.2302 0.0331 0.0117 0.0096 
   NS_SS0728  2 0.0129 0.4090 0.2743 0.2132 0.0156 0.0750 
   NS_SS0735  2 0.0074 0.1470 0.6891 0.0640 0.0114 0.0812 
   NS_SS0725  2 0.0080 0.0202 0.0051 0.0221 0.0110 0.9337 
   NS_SS0788  2 0.0016 0.0547 0.2585 0.6500 0.0193 0.0159 
   NS_SS0778  2 0.0014 0.4688 0.2402 0.2458 0.0249 0.0189 
   NS_SS0792  2 0.0060 0.4247 0.0485 0.4566 0.0368 0.0274 
   NS_SS0943  2 0.0089 0.0923 0.2444 0.1901 0.4395 0.0249 
   NS_SS0791  2 0.0147 0.3088 0.5241 0.0321 0.0991 0.0212 
   NS_SS0790  2 0.0033 0.9555 0.0066 0.0128 0.0039 0.0178 
   NS_SS0731  2 0.0114 0.0102 0.0167 0.0154 0.0102 0.9362 
   NS_SS0727  2 0.0021 0.0108 0.0496 0.0137 0.0661 0.8576 
   NS_SS0779  2 0.0057 0.1498 0.3510 0.1012 0.0380 0.3543 
   NS_SS0776  2 0.0098 0.0947 0.0539 0.0899 0.2770 0.4747 
   NS_SS0775  2 0.0073 0.0187 0.0100 0.0156 0.0099 0.9385 
   NS_SS0965  3 0.0017 0.0843 0.2550 0.5400 0.0994 0.0195 
   NS_SS0754  3 0.0125 0.0331 0.8493 0.0518 0.0407 0.0127 
   NS_SS0838  3 0.0471 0.0572 0.2267 0.0285 0.0407 0.5999 
   NS_SS0839  3 0.0036 0.8786 0.0111 0.0182 0.0084 0.0801 
   NS_SS0832  3 0.0427 0.0401 0.0241 0.7241 0.0045 0.1644 
   NS_SS0820  3 0.0048 0.0091 0.0819 0.8259 0.0057 0.0725 
   NS_SS0886  3 0.0017 0.0196 0.8313 0.0868 0.0403 0.0202 
   NS_SS0748  3 0.0094 0.1058 0.0813 0.1258 0.4986 0.1791 
   NS_SS0884  3 0.0269 0.6475 0.0528 0.1766 0.0374 0.0588 
   NS_SS0752  3 0.0025 0.1682 0.2784 0.1254 0.0833 0.3422 
   NS_SS0862  3 0.0035 0.8955 0.0577 0.0286 0.0084 0.0063 
   NS_SS0787  3 0.0066 0.0133 0.0178 0.0398 0.9121 0.0104 
   NS_SS0843  3 0.0018 0.2450 0.4176 0.1856 0.0156 0.1344 
   NS_SS0856  3 0.0036 0.0388 0.1134 0.2190 0.0113 0.6139 
   NS_SS0846  3 0.0027 0.0208 0.0209 0.9041 0.0380 0.0136 
   NS_SS0825  3 0.0085 0.0102 0.0243 0.9348 0.0125 0.0097 
   NS_SS0757  3 0.0033 0.0352 0.8987 0.0172 0.0325 0.0131 
   NS_SS0876  3 0.1968 0.0301 0.7200 0.0147 0.0042 0.0342 
   NS_SS0903  3 0.0025 0.9459 0.0125 0.0267 0.0054 0.0070 
   NS_SS0875  3 0.0036 0.1511 0.4775 0.1080 0.0577 0.2021 
   NS_SS0740  3 0.0035 0.0281 0.8009 0.0989 0.0217 0.0469 
   NS_SS0811  3 0.0125 0.6632 0.1569 0.0181 0.0296 0.1197 
   NS_SS0751  3 0.0025 0.0373 0.0627 0.2305 0.4852 0.1817 
   NS_SS0891  3 0.0060 0.0978 0.2227 0.0254 0.0146 0.6335 
   NS_SS0867  3 0.0178 0.1419 0.0419 0.7386 0.0493 0.0104 
   NS_SS0890  3 0.0037 0.0267 0.7886 0.0876 0.0299 0.0636 
   NS_SS0866  3 0.0054 0.0201 0.3683 0.0459 0.1131 0.4471 
   NS_SS0755  3 0.0068 0.2823 0.0788 0.3400 0.0337 0.2584 
   NS_SS0758  3 0.0020 0.0242 0.8927 0.0268 0.0341 0.0203 
   NS_SS0840  3 0.0022 0.6460 0.0876 0.1342 0.0154 0.1146 
   NS_SS0889  3 0.0022 0.0726 0.5681 0.0293 0.3078 0.0200 
   NS_SS1010  3 0.0356 0.5649 0.0300 0.3276 0.0284 0.0134 
   NS_SS0888  3 0.0015 0.0141 0.8289 0.0212 0.1118 0.0225 
   NS_SS0837  3 0.0031 0.0677 0.1249 0.5440 0.0364 0.2240 
   NS_SS0794  3 0.0025 0.0130 0.0290 0.0162 0.9193 0.0201 
   NS_SS0823  3 0.0040 0.5370 0.1755 0.1062 0.0094 0.1679 
   NS_SS0829  3 0.1384 0.0848 0.0697 0.0621 0.6342 0.0108 
   NS_SS0844  3 0.0019 0.5562 0.0296 0.4007 0.0049 0.0067 
   NS_SS1008  3 0.0165 0.0216 0.2499 0.0209 0.1140 0.5772 
   NS_SS0881  3 0.0030 0.0538 0.1623 0.4414 0.2528 0.0867 
   NS_SS0834  3 0.0061 0.0183 0.0354 0.0322 0.0115 0.8965 
   NS_SS0744  3 0.0058 0.0727 0.5365 0.3558 0.0130 0.0160 
   NS_SS0899  3 0.0015 0.9482 0.0171 0.0077 0.0046 0.0209 
   NS_SS0804  3 0.0046 0.8110 0.0428 0.0976 0.0055 0.0385 
   NS_SS0781  3 0.0042 0.6154 0.0450 0.2771 0.0070 0.0513 
   NS_SS0822  3 0.0025 0.0152 0.0296 0.0119 0.9248 0.0161 
   NS_SS1004  3 0.0038 0.0745 0.1455 0.6670 0.0943 0.0150 
   NS_SS0746  3 0.0137 0.0227 0.2672 0.2956 0.0496 0.3511 
   NS_SS0880  3 0.0015 0.4138 0.0300 0.0656 0.4054 0.0838 
   NS_SS0879  3 0.0149 0.3448 0.0278 0.2528 0.0237 0.3360 
   NS_SS0753  3 0.0089 0.0230 0.6072 0.2193 0.1329 0.0086 
   NS_SS1007  3 0.0016 0.0189 0.4308 0.0539 0.0185 0.4762 
   NS_SS0872  3 0.0023 0.1346 0.0915 0.5089 0.0306 0.2321 
   NS_SS1005  3 0.0014 0.1673 0.0887 0.4309 0.0334 0.2783 
   NS_SS0892  3 0.0022 0.0389 0.4953 0.2025 0.0434 0.2177 
   NS_SS0898  3 0.0068 0.0287 0.0119 0.0309 0.8996 0.0221 
   NS_SS0801  3 0.0108 0.2526 0.5856 0.1185 0.0178 0.0147 
   NS_SS0827  3 0.1265 0.1969 0.1240 0.0357 0.4589 0.0580 
   NS_SS0853  3 0.0060 0.6054 0.3154 0.0181 0.0172 0.0378 
   NS_SS0780  3 0.0040 0.4501 0.1907 0.3210 0.0091 0.0251 
   NS_SS0826  3 0.0037 0.0983 0.0173 0.7096 0.1297 0.0414 
   NS_SS0818  3 0.0016 0.4141 0.0145 0.4920 0.0230 0.0548 
   NS_SS0745  3 0.0016 0.0071 0.0050 0.0188 0.0119 0.9557 
   NS_SS0849  3 0.0017 0.1984 0.4712 0.2289 0.0267 0.0731 
   NS_SS0739  3 0.0148 0.1053 0.6868 0.1276 0.0263 0.0392 
   NS_SS0799  3 0.0012 0.1155 0.6955 0.0329 0.1266 0.0283 
   NS_SS0756  3 0.0032 0.9017 0.0133 0.0642 0.0070 0.0105 
   NS_SS0802  3 0.1837 0.0097 0.6247 0.1496 0.0143 0.0181 
   NS_SS0747  3 0.0055 0.0307 0.8194 0.1204 0.0074 0.0166 
   NS_SS0835  3 0.0011 0.0068 0.4383 0.4890 0.0253 0.0395 
   NS_SS0742  3 0.0013 0.6177 0.1242 0.2176 0.0248 0.0145 
   NS_SS0760  3 0.0523 0.0531 0.0775 0.0112 0.7963 0.0095 
   NS_SS0803  3 0.0058 0.5199 0.0228 0.4338 0.0071 0.0107 
   NS_SS0828  3 0.0015 0.0894 0.3120 0.2141 0.3550 0.0280 
   NS_SS0865  3 0.0203 0.7050 0.0111 0.2436 0.0135 0.0064 
   NS_SS0759  3 0.0066 0.1205 0.5669 0.1601 0.0217 0.1242 
   NS_SS0851  3 0.0168 0.2332 0.0358 0.0600 0.0346 0.6197 
   NS_SS0874  3 0.0020 0.8675 0.0133 0.0706 0.0099 0.0367 
   NS_SS0761  3 0.0021 0.0403 0.5553 0.1016 0.2859 0.0149 
   NS_SS0842  3 0.0091 0.0556 0.0449 0.1779 0.2530 0.4594 
   NS_SS0785  3 0.0057 0.0929 0.4905 0.3440 0.0420 0.0249 
   NS_SS0860  3 0.0028 0.0526 0.5977 0.3174 0.0130 0.0165 
   NS_SS0897  3 0.0018 0.0117 0.0134 0.0113 0.9548 0.0071 
   NS_SS0841  3 0.0038 0.7651 0.0152 0.0797 0.0605 0.0756 
   NS_SS0797  3 0.0314 0.0111 0.0238 0.0212 0.8963 0.0161 
   NS_SS0830  3 0.0029 0.0732 0.2439 0.1679 0.2326 0.2795 
   NS_SS1011  3 0.0060 0.6761 0.0118 0.2832 0.0075 0.0154 
   NS_SS0883  3 0.0048 0.0538 0.8976 0.0154 0.0205 0.0079 
   NS_SS0782  3 0.0031 0.0231 0.1728 0.0134 0.0232 0.7644 
   NS_SS0831  3 0.0033 0.1054 0.6577 0.0522 0.1506 0.0308 
   NS_SS0749  3 0.0033 0.0101 0.9495 0.0131 0.0136 0.0104 
   NS_SS0854  3 0.0030 0.0697 0.7566 0.0347 0.0244 0.1117 
   HI_SS0193  4 0.0015 0.0156 0.0066 0.0077 0.9497 0.0189 
   HI_SS0194  4 0.0016 0.0135 0.0074 0.0231 0.0302 0.9241 
   HI_SS0195  4 0.1210 0.2129 0.1087 0.2623 0.0152 0.2798 
   HI_SS0196  4 0.0027 0.0182 0.6424 0.0267 0.0436 0.2663 
   HI_SS0197  4 0.0116 0.0644 0.0134 0.8676 0.0039 0.0390 
   HI_SS0198  4 0.0096 0.4196 0.3655 0.1117 0.0676 0.0260 
   HI_SS0199  4 0.0026 0.0847 0.5569 0.0735 0.2541 0.0282 
   HI_SS0201  4 0.0023 0.0247 0.0516 0.0475 0.8695 0.0043 
   HI_SS0215  4 0.0026 0.0184 0.5688 0.3834 0.0211 0.0058 
   HI_SS0218  4 0.0061 0.0112 0.0080 0.0069 0.9620 0.0058 
   HI_SS0222  4 0.0052 0.0187 0.7363 0.0404 0.0313 0.1681 
   HI_SS0230  4 0.0051 0.0149 0.1025 0.4798 0.0085 0.3892 
   HI_SS0234  4 0.1338 0.0445 0.3590 0.4283 0.0085 0.0260 
   HI_SS0240  4 0.0076 0.2149 0.5630 0.0273 0.0189 0.1683 
   HI_SS0241  4 0.0026 0.0356 0.4957 0.1704 0.2875 0.0082 
   HI_SS0242  4 0.0036 0.0339 0.2028 0.1319 0.1070 0.5207 
   HI_SS0247  4 0.0144 0.9424 0.0054 0.0185 0.0119 0.0074 
   HI_SS0248  4 0.0008 0.0072 0.0373 0.0078 0.8347 0.1122 
   HI_SS0252  4 0.0027 0.8169 0.0421 0.0336 0.0265 0.0782 
   HI_SS0254  4 0.0856 0.0264 0.0595 0.4798 0.3335 0.0152 
   HI_SS0256  4 0.0017 0.5432 0.0092 0.4223 0.0035 0.0201 
   HI_SS0257  4 0.0031 0.0708 0.5556 0.3252 0.0323 0.0129 
   HI_SS0258  4 0.0046 0.0099 0.0381 0.0447 0.8911 0.0117 
   HI_SS0259  4 0.0035 0.2171 0.0623 0.4186 0.0410 0.2575 
   HI_SS0260  4 0.0019 0.0480 0.2065 0.0902 0.5542 0.0992 
   HI_SS0261  4 0.0030 0.0123 0.0218 0.4127 0.1937 0.3565 
   HI_SS0262  4 0.0085 0.0957 0.0766 0.5348 0.0120 0.2724 
   HI_SS0264  4 0.0042 0.0344 0.0191 0.2266 0.0135 0.7022 
   HI_SS0265  4 0.0872 0.0359 0.0244 0.6893 0.0093 0.1539 
   HI_SS0268  4 0.0027 0.0746 0.1052 0.0514 0.7401 0.0259 
   HI_SS0269  4 0.0020 0.0240 0.2609 0.2086 0.4784 0.0260 
   HI_SS0273  4 0.0019 0.0327 0.0227 0.0387 0.8892 0.0148 
   HI_SS0277  4 0.0022 0.0111 0.0152 0.9566 0.0096 0.0052 
   HI_SS0280  4 0.0057 0.6636 0.0647 0.0295 0.1713 0.0652 
   HI_SS0282  4 0.0013 0.3923 0.0611 0.0426 0.4705 0.0322 
   HI_SS0286  4 0.0071 0.0091 0.6574 0.2522 0.0477 0.0265 
   NS_SS1252  5 0.0036 0.0061 0.7323 0.0475 0.1938 0.0167 
   NS_SS1261  5 0.0148 0.0501 0.1216 0.7229 0.0195 0.0709 
   NS_SS1225  5 0.1097 0.2888 0.2256 0.1924 0.1774 0.0061 
   NS_SS1266  5 0.0065 0.3183 0.0105 0.6452 0.0058 0.0137 
   NS_SS1228  5 0.0166 0.7858 0.0246 0.1211 0.0197 0.0322 
   NS_SS1255  5 0.0014 0.0335 0.0101 0.0084 0.0696 0.8770 
   NS_SS1267  5 0.0102 0.0047 0.8606 0.0109 0.1073 0.0062 
   NS_SS1238  5 0.0027 0.0162 0.0131 0.0268 0.8929 0.0484 
   NS_SS1233  5 0.0025 0.3749 0.0307 0.0614 0.4970 0.0336 
   NS_SS1277  5 0.0009 0.0077 0.0123 0.0134 0.9360 0.0296 
   NS_SS1245  5 0.0020 0.0143 0.1712 0.0344 0.1267 0.6515 
   NS_SS1240  5 0.0020 0.0088 0.9083 0.0133 0.0556 0.0119 
   NS_SS1275  5 0.0023 0.0351 0.0126 0.7003 0.0046 0.2450 
   NS_SS1235  5 0.0057 0.0226 0.0304 0.4170 0.0426 0.4817 
   NS_SS1263  5 0.0015 0.3660 0.0139 0.0218 0.0284 0.5684 
   NS_SS1251  5 0.0014 0.6277 0.0157 0.2939 0.0132 0.0482 
   NS_SS1248  5 0.1004 0.0623 0.3821 0.0204 0.4080 0.0268 
   NS_SS1244  5 0.0052 0.0724 0.0103 0.1309 0.7745 0.0066 
   NS_SS1257  5 0.0288 0.2264 0.4329 0.0290 0.2666 0.0162 
   NS_SS1242  5 0.0026 0.0308 0.0093 0.0481 0.0059 0.9034 
   NS_SS1271  5 0.0370 0.0079 0.0135 0.0195 0.8974 0.0247 
   NS_SS1265  5 0.0195 0.0115 0.5667 0.1429 0.1928 0.0665 
   NS_SS1243  5 0.1041 0.2818 0.0605 0.0287 0.0893 0.4356 
   NS_SS1273  5 0.0112 0.0159 0.0149 0.0217 0.0144 0.9219 
   NS_SS1254  5 0.0047 0.9401 0.0094 0.0242 0.0069 0.0148 
   NS_SS1224  5 0.0074 0.8044 0.0358 0.0314 0.0063 0.1147 
   NS_SS1227  5 0.0018 0.0113 0.0903 0.4013 0.0655 0.4298 
   NS_SS1274  5 0.0168 0.7092 0.1545 0.0153 0.0981 0.0060 
   NS_SS1241  5 0.0013 0.0291 0.0083 0.0595 0.8937 0.0082 
   NS_SS1256  5 0.0463 0.0759 0.0175 0.6519 0.1479 0.0605 
   NS_SS1260  5 0.0602 0.0199 0.5669 0.2493 0.0876 0.0161 
   NS_SS1262  5 0.1548 0.2637 0.0592 0.4600 0.0556 0.0067 
   NS_SS1230  5 0.0086 0.0141 0.1221 0.0872 0.7427 0.0253 
   NS_SS1270  5 0.0020 0.0190 0.0469 0.8992 0.0175 0.0154 
   NS_SS1229  5 0.0035 0.0195 0.0270 0.9277 0.0047 0.0175 
   NS_SS1246  5 0.0026 0.0204 0.0585 0.1958 0.1081 0.6145 
   NS_SS1269  5 0.0018 0.0971 0.7707 0.0260 0.0634 0.0411 
   NS_SS1239  5 0.0062 0.2024 0.2652 0.1524 0.0273 0.3464 
   NS_SS1272  5 0.0050 0.0161 0.0066 0.8735 0.0082 0.0906 
   NS_SS1268  5 0.0022 0.8982 0.0157 0.0282 0.0338 0.0219 
   NS_SS1249  5 0.0154 0.0217 0.0447 0.0112 0.8797 0.0272 
   HI_SS0559  6 0.0020 0.3402 0.2756 0.0460 0.2767 0.0594 
   HI_SS0563  6 0.0032 0.7989 0.0216 0.0450 0.1051 0.0261 
   HI_SS0564  6 0.0727 0.4870 0.0521 0.1267 0.0348 0.2266 
   HI_SS0565  6 0.0032 0.0156 0.1027 0.6761 0.0283 0.1741 
   HI_SS0569  6 0.0022 0.0354 0.0476 0.1506 0.7579 0.0063 
   HI_SS0570  6 0.0413 0.0116 0.0322 0.0110 0.8865 0.0174 
   HI_SS0572  6 0.0025 0.0222 0.0178 0.0528 0.0052 0.8995 
   HI_SS0576  6 0.0066 0.0289 0.5140 0.2086 0.1837 0.0582 
   HI_SS0579  6 0.0182 0.1049 0.0958 0.5971 0.1486 0.0354 
   HI_SS0580  6 0.0035 0.0543 0.4970 0.0307 0.0341 0.3804 
   HI_SS0581  6 0.0791 0.2144 0.0682 0.3165 0.0093 0.3126 
   HI_SS0583  6 0.0030 0.0825 0.3938 0.0575 0.0750 0.3882 
   HI_SS0586  6 0.0013 0.0105 0.5476 0.0161 0.4122 0.0122 
   HI_SS0588  6 0.0161 0.0125 0.8641 0.0359 0.0609 0.0106 
   HI_SS0595  6 0.0271 0.0299 0.0228 0.1010 0.7049 0.1143 
   HI_SS0596  6 0.0017 0.0057 0.0053 0.0098 0.0049 0.9727 
   HI_SS0597  6 0.0025 0.0161 0.0104 0.0820 0.0128 0.8762 
   HI_SS0600  6 0.0033 0.3895 0.1574 0.4044 0.0377 0.0077 
   HI_SS0601  6 0.0107 0.2195 0.0591 0.6865 0.0197 0.0045 
   HI_SS0602  6 0.0028 0.0085 0.8844 0.0698 0.0208 0.0137 
   HI_SS0604  6 0.0016 0.0438 0.4485 0.0915 0.0528 0.3620 
   HI_SS0605  6 0.0053 0.0162 0.9573 0.0074 0.0072 0.0066 
   HI_SS0608  6 0.0013 0.0245 0.0141 0.0145 0.0850 0.8607 
   HI_SS0609  6 0.0007 0.8418 0.0130 0.0380 0.0337 0.0728 
   HI_SS0611  6 0.0025 0.0508 0.8578 0.0204 0.0526 0.0159 
   HI_SS0612  6 0.0057 0.5910 0.0227 0.3265 0.0458 0.0083 
   HI_SS0613  6 0.0014 0.0111 0.9400 0.0257 0.0106 0.0113 
   HI_SS0615  6 0.0133 0.1088 0.5140 0.1404 0.0210 0.2024 
   HI_SS0001  6 0.0045 0.3365 0.0556 0.1798 0.1409 0.2827 
   HI_SS0002  6 0.0164 0.0270 0.0134 0.9060 0.0062 0.0310 
   HI_SS0004  6 0.0064 0.0166 0.2875 0.0126 0.5350 0.1418 
   HI_SS0005  6 0.0065 0.0819 0.3322 0.2598 0.3033 0.0162 
   HI_SS0006  6 0.0017 0.0532 0.2426 0.6721 0.0171 0.0133 
   HI_SS0007  6 0.0021 0.0120 0.0358 0.0091 0.9246 0.0163 
   HI_SS0008  6 0.0283 0.0117 0.1316 0.7898 0.0156 0.0230 
   HI_SS0009  6 0.0049 0.0506 0.2261 0.0221 0.0386 0.6577 
   HI_SS0010  6 0.0050 0.0221 0.0335 0.0395 0.8622 0.0376 
   HI_SS0011  6 0.0886 0.1672 0.0086 0.5187 0.1300 0.0870 
   HI_SS0012  6 0.0043 0.2554 0.3798 0.3432 0.0072 0.0100 
   HI_SS0017  6 0.0019 0.0066 0.0040 0.0045 0.0092 0.9737 
   HI_SS0021  6 0.2422 0.0143 0.0988 0.2421 0.2125 0.1901 
   HI_SS0024  6 0.0023 0.0545 0.0143 0.1882 0.0982 0.6426 
   HI_SS0025  6 0.0035 0.0074 0.0165 0.0083 0.0062 0.9581 
   HI_SS0027  6 0.0124 0.0267 0.0431 0.0081 0.9034 0.0064 
   HI_SS0028  6 0.0020 0.1898 0.0569 0.6015 0.0176 0.1322 
   HI_SS0029  6 0.0081 0.0177 0.0615 0.0156 0.0225 0.8745 
   HI_SS0030  6 0.0058 0.0099 0.2061 0.4475 0.1136 0.2171 
   HI_SS0031  6 0.0036 0.0097 0.1517 0.8127 0.0107 0.0117 
   HI_SS0034  6 0.0046 0.0108 0.7863 0.0391 0.1363 0.0229 
   HI_SS0036  6 0.0157 0.0074 0.3374 0.0679 0.5265 0.0452 
   HI_SS0037  6 0.0046 0.1261 0.1650 0.0195 0.6581 0.0266 
   HI_SS0039  6 0.0031 0.0305 0.0484 0.2768 0.5127 0.1286 
   HI_SS0041  6 0.0017 0.0189 0.0537 0.0133 0.0058 0.9066 
   HI_SS0042  6 0.1120 0.0204 0.5218 0.1227 0.0082 0.2149 
   HI_SS0043  6 0.0032 0.0056 0.0828 0.0319 0.8644 0.0120 
   HI_SS0044  6 0.0030 0.0131 0.0240 0.0245 0.4210 0.5144 
   HI_SS0047  6 0.0020 0.0157 0.2672 0.5994 0.0133 0.1024 
   HI_SS0049  6 0.0040 0.0214 0.0125 0.0129 0.0552 0.8941 
   HI_SS0051  6 0.0021 0.0201 0.9452 0.0123 0.0123 0.0080 
   HI_SS0053  6 0.0054 0.0172 0.1341 0.1469 0.6438 0.0526 
   HI_SS0054  6 0.0043 0.0145 0.0625 0.2240 0.6837 0.0111 
   HI_SS0057  6 0.0042 0.1368 0.0623 0.3213 0.3616 0.1137 
   HI_SS0058  6 0.0062 0.3085 0.6248 0.0209 0.0287 0.0109 
   HI_SS0060  6 0.0874 0.0177 0.0460 0.3239 0.5159 0.0092 
   HI_SS0087  6 0.0027 0.0365 0.1585 0.7256 0.0654 0.0113 
   HI_SS0091  6 0.0014 0.3541 0.2800 0.3232 0.0319 0.0093 
   HI_SS0095  6 0.0403 0.0386 0.8392 0.0632 0.0064 0.0124 
   HI_SS0097  6 0.0036 0.2396 0.0393 0.6908 0.0193 0.0076 
   HI_SS0099  6 0.0043 0.0107 0.0085 0.0162 0.0077 0.9526 
   HI_SS0103  6 0.0026 0.0206 0.1071 0.7570 0.0070 0.1056 
   HI_SS0105  6 0.0306 0.3914 0.0335 0.5189 0.0128 0.0127 
   HI_SS0107  6 0.0011 0.0298 0.0110 0.1781 0.0077 0.7723 
   HI_SS0108  6 0.0233 0.0107 0.0508 0.0108 0.8970 0.0074 
   HI_SS0110  6 0.0010 0.0085 0.0139 0.9591 0.0070 0.0105 
   HI_SS0111  6 0.0307 0.0911 0.7206 0.1133 0.0218 0.0225 
   HI_SS0112  6 0.0013 0.0059 0.0048 0.0047 0.9789 0.0043 
   HI_SS0113  6 0.0042 0.0516 0.0620 0.0597 0.0067 0.8158 
   HI_SS0114  6 0.0074 0.0510 0.4713 0.0300 0.4309 0.0093 
   HI_SS0115  6 0.0152 0.1369 0.4523 0.0228 0.0709 0.3019 
   HI_SS0116  6 0.0037 0.0067 0.0181 0.0477 0.0313 0.8926 
   HI_SS0117  6 0.0018 0.1757 0.0098 0.5722 0.2294 0.0111 
   HI_SS0118  6 0.0143 0.0913 0.2728 0.0342 0.1696 0.4179 
   HI_SS0119  6 0.0016 0.5140 0.0924 0.3447 0.0417 0.0056 
   HI_SS0120  6 0.0030 0.0094 0.0074 0.0275 0.0089 0.9438 
   HI_SS0121  6 0.0014 0.6059 0.0676 0.3086 0.0055 0.0112 
   HI_SS0122  6 0.0213 0.1180 0.1965 0.3852 0.2243 0.0547 
   HI_SS0123  6 0.0052 0.6649 0.1553 0.0998 0.0082 0.0666 
   HI_SS0124  6 0.0031 0.1754 0.0266 0.0286 0.0197 0.7467 
   HI_SS0125  6 0.0465 0.0915 0.0627 0.6486 0.0090 0.1417 
   HI_SS0126  6 0.0012 0.0080 0.0130 0.0170 0.9380 0.0228 
   HI_SS0127  6 0.0105 0.1405 0.5510 0.1015 0.1695 0.0270 
   HI_SS0128  6 0.0035 0.0126 0.0556 0.2846 0.0522 0.5915 
   HI_SS0129  6 0.0088 0.0085 0.7196 0.0542 0.1866 0.0222 
   HI_SS0131  6 0.0393 0.0138 0.0065 0.0149 0.9168 0.0086 
   HI_SS0132  6 0.0007 0.7355 0.0113 0.0941 0.1504 0.0080 
   HI_SS0133  6 0.0012 0.0031 0.0025 0.0032 0.9854 0.0046 
   HI_SS0134  6 0.0021 0.0482 0.0806 0.7156 0.0627 0.0908 
   HI_SS0142  6 0.0128 0.0395 0.1304 0.8043 0.0061 0.0069 
   HI_SS0145  6 0.0014 0.1569 0.5521 0.1979 0.0636 0.0281 
   HI_SS0146  6 0.0013 0.0134 0.0078 0.0110 0.9599 0.0066 
   HI_SS0147  6 0.0246 0.0858 0.2260 0.6170 0.0051 0.0415 
   HI_SS0149  6 0.0038 0.1686 0.0123 0.6806 0.1182 0.0165 
   HI_SS0150  6 0.0051 0.6598 0.0912 0.0854 0.0845 0.0740 
   HI_SS0151  6 0.0123 0.0330 0.7764 0.0308 0.1184 0.0290 
   NS_SS1451  6 0.0034 0.8678 0.0130 0.0195 0.0157 0.0806 
   NS_SS1404  6 0.0112 0.3898 0.0946 0.1607 0.0242 0.3195 
   NS_SS1432  6 0.0372 0.0086 0.0156 0.1007 0.0051 0.8328 
   NS_SS1405  6 0.0040 0.0152 0.0501 0.0248 0.0236 0.8823 
   NS_SS1431  6 0.0009 0.0733 0.0088 0.0889 0.0118 0.8163 
   NS_SS1402  6 0.0026 0.2434 0.1027 0.5470 0.0222 0.0821 
   NS_SS1450  6 0.0044 0.1038 0.1612 0.0887 0.4681 0.1737 
   NS_SS1396  6 0.0063 0.1711 0.0221 0.5689 0.0265 0.2050 
   NS_SS1393  6 0.0031 0.0218 0.7623 0.1862 0.0103 0.0162 
   NS_SS1392  6 0.0229 0.0174 0.0123 0.0142 0.0128 0.9204 
   NS_SS1445  6 0.0090 0.0088 0.5114 0.3946 0.0326 0.0437 
   NS_SS1423  6 0.0018 0.0679 0.0794 0.2199 0.6106 0.0205 
   NS_SS1421  6 0.0836 0.0106 0.0118 0.0354 0.8477 0.0108 
   NS_SS1411  6 0.0016 0.0064 0.0260 0.0155 0.9305 0.0200 
   NS_SS1453  6 0.0066 0.0348 0.6803 0.1791 0.0501 0.0491 
   NS_SS1442  6 0.0048 0.0435 0.1113 0.5260 0.2639 0.0505 
   NS_SS1422  6 0.0113 0.5540 0.0306 0.3625 0.0234 0.0183 
   NS_SS1419  6 0.1485 0.7867 0.0164 0.0106 0.0261 0.0118 
   NS_SS1427  6 0.0020 0.0102 0.0261 0.0068 0.9286 0.0264 
   NS_SS1444  6 0.0036 0.0131 0.0847 0.0304 0.0112 0.8569 
   NS_SS1455  6 0.0015 0.3742 0.0140 0.1013 0.0119 0.4971 
   NS_SS1425  6 0.0016 0.0076 0.0184 0.0117 0.9554 0.0054 
   NS_SS1400  6 0.0015 0.0305 0.0076 0.0093 0.9395 0.0116 
   NS_SS1406  6 0.0077 0.7624 0.0403 0.1584 0.0067 0.0245 
   NS_SS1417  6 0.0065 0.0789 0.0193 0.7010 0.0715 0.1227 
   NS_SS1454  6 0.0014 0.5515 0.0300 0.0376 0.3641 0.0154 
   NS_SS1412  6 0.0209 0.0476 0.5228 0.1379 0.0946 0.1761 
   NS_SS1438  6 0.0015 0.0892 0.7742 0.0322 0.0914 0.0115 
   NS_SS1416  6 0.0053 0.9216 0.0277 0.0303 0.0051 0.0100 
   NS_SS1401  6 0.0111 0.0674 0.0774 0.6003 0.0756 0.1681 
   NS_SS1424  6 0.0097 0.1601 0.0516 0.6122 0.1246 0.0420 
   NS_SS1435  6 0.0029 0.0107 0.0255 0.0441 0.7568 0.1600 
   NS_SS1447  6 0.0087 0.0317 0.0506 0.1013 0.0380 0.7696 
   NS_SS1414  6 0.0088 0.2275 0.0246 0.0341 0.0249 0.6801 
   NS_SS1449  6 0.0041 0.9458 0.0246 0.0106 0.0092 0.0058 
   NS_SS1443  6 0.0022 0.0875 0.1794 0.0336 0.6898 0.0074 
   NS_SS1434  6 0.0009 0.0124 0.0205 0.0158 0.2090 0.7413 
   NS_SS1398  6 0.0263 0.0312 0.1802 0.0297 0.4856 0.2470 
   NS_SS1426  6 0.0018 0.0081 0.7147 0.1036 0.1602 0.0116 
   NS_SS1413  6 0.0099 0.0038 0.0104 0.0110 0.9424 0.0225 
   NS_SS1395  6 0.0087 0.0345 0.5130 0.3530 0.0688 0.0220 
   NS_SS1448  6 0.0015 0.0089 0.0146 0.0059 0.9337 0.0355 
   NS_SS1446  6 0.0027 0.0351 0.1686 0.7396 0.0199 0.0341 
   NS_SS1403  6 0.0058 0.3881 0.2964 0.2533 0.0116 0.0449 
   NS_SS1415  6 0.0098 0.0201 0.0271 0.0210 0.9136 0.0084 
   NS_SS1437  6 0.0099 0.1142 0.0294 0.3165 0.0849 0.4451 
   NS_SS1439  6 0.0024 0.0286 0.1601 0.7934 0.0067 0.0088 
   NS_SS1441  6 0.0029 0.1024 0.0595 0.0961 0.7132 0.0258 
   NS_SS1420  6 0.0032 0.6268 0.1043 0.0101 0.0075 0.2481 
   NS_SS1394  6 0.0450 0.3603 0.1667 0.1523 0.0136 0.2621 
   NS_SS1391  6 0.0134 0.0053 0.1172 0.1531 0.0590 0.6520 
   NS_SS1410  6 0.0119 0.0490 0.0534 0.5909 0.1177 0.1771 
   NS_SS1408  6 0.0460 0.0426 0.6434 0.2309 0.0201 0.0170 
   NS_SS1409  6 0.0030 0.0245 0.5289 0.2444 0.0305 0.1686 
   HI_SS0617  7 0.0014 0.0978 0.4510 0.0444 0.0077 0.3977 
   HI_SS0618  7 0.0022 0.4044 0.4061 0.0133 0.0128 0.1612 
   HI_SS0619  7 0.0036 0.0672 0.0664 0.0262 0.0382 0.7984 
   HI_SS0620  7 0.0025 0.0109 0.0446 0.0067 0.9284 0.0069 
   HI_SS0621  7 0.0172 0.2179 0.5084 0.1699 0.0104 0.0762 
   HI_SS0622  7 0.0146 0.1810 0.0746 0.1005 0.4640 0.1653 
   HI_SS0626  7 0.0100 0.1697 0.5663 0.0874 0.1313 0.0353 
   HI_SS0627  7 0.0079 0.0126 0.0235 0.8449 0.0125 0.0987 
   HI_SS0628  7 0.0671 0.0179 0.0325 0.0517 0.6244 0.2063 
   HI_SS0629  7 0.0058 0.0337 0.2928 0.6140 0.0319 0.0218 
   HI_SS0630  7 0.0676 0.0361 0.0586 0.0188 0.7296 0.0892 
   HI_SS0631  7 0.0010 0.0177 0.0697 0.0446 0.8518 0.0152 
   HI_SS0632  7 0.0042 0.1108 0.0507 0.0387 0.6396 0.1561 
   HI_SS0633  7 0.0038 0.0076 0.0177 0.0279 0.0056 0.9375 
   HI_SS0634  7 0.0023 0.4895 0.0523 0.4070 0.0226 0.0263 
   HI_SS0635  7 0.0109 0.4632 0.1948 0.2543 0.0434 0.0334 
   HI_SS0637  7 0.0026 0.0133 0.9047 0.0694 0.0053 0.0047 
   HI_SS0638  7 0.0014 0.0378 0.0672 0.1352 0.5854 0.1730 
   HI_SS0639  7 0.0454 0.4391 0.2063 0.1994 0.0100 0.1000 
   HI_SS0640  7 0.0019 0.1156 0.3747 0.1911 0.2132 0.1036 
   HI_SS0641  7 0.0046 0.0130 0.8866 0.0064 0.0817 0.0078 
   HI_SS0642  7 0.0023 0.2768 0.0134 0.6346 0.0219 0.0510 
   HI_SS0645  7 0.0009 0.9001 0.0075 0.0147 0.0116 0.0653 
   HI_SS0646  7 0.0022 0.0100 0.0208 0.9409 0.0131 0.0130 
   HI_SS0647  7 0.0012 0.1488 0.0604 0.0199 0.5432 0.2265 
   HI_SS0648  7 0.0024 0.0571 0.1265 0.6032 0.0316 0.1793 
   HI_SS0649  7 0.0017 0.0239 0.7482 0.1284 0.0197 0.0781 
   HI_SS0650  7 0.0037 0.0098 0.6414 0.0489 0.0125 0.2838 
   HI_SS0651  7 0.0046 0.0721 0.5021 0.2832 0.0450 0.0930 
   HI_SS0652  7 0.0032 0.0245 0.0941 0.0189 0.0147 0.8446 
   NS_SS1371  7 0.0054 0.0164 0.8442 0.0945 0.0172 0.0222 
   NS_SS1374  7 0.0027 0.0605 0.3970 0.0927 0.3946 0.0525 
   NS_SS1337  7 0.0032 0.6175 0.0190 0.3234 0.0158 0.0210 
   NS_SS1385  7 0.0045 0.0367 0.1289 0.4427 0.0175 0.3696 
   NS_SS1388  7 0.0056 0.0117 0.0126 0.0120 0.0140 0.9442 
   NS_SS1370  7 0.0098 0.8362 0.0576 0.0330 0.0559 0.0074 
   NS_SS1389  7 0.0034 0.0124 0.0086 0.0070 0.0068 0.9617 
   NS_SS1360  7 0.0046 0.0351 0.6527 0.0305 0.2641 0.0130 
   NS_SS1330  7 0.0036 0.5578 0.3663 0.0462 0.0048 0.0213 
   NS_SS1328  7 0.0025 0.0099 0.0111 0.0233 0.8401 0.1131 
   NS_SS1384  7 0.0032 0.0514 0.0469 0.8724 0.0184 0.0077 
   NS_SS1381  7 0.0011 0.0921 0.0265 0.0146 0.0074 0.8583 
   NS_SS1375  7 0.0012 0.0260 0.0177 0.0123 0.0253 0.9176 
   NS_SS1319  7 0.1095 0.1640 0.3643 0.2653 0.0744 0.0224 
   NS_SS1326  7 0.0069 0.0061 0.0116 0.0056 0.9554 0.0145 
   NS_SS1341  7 0.0044 0.0231 0.3491 0.5964 0.0133 0.0138 
   NS_SS1383  7 0.0040 0.0300 0.0840 0.7841 0.0830 0.0149 
   NS_SS1318  7 0.0179 0.0208 0.5398 0.0198 0.0388 0.3629 
   NS_SS1348  7 0.0016 0.0134 0.0257 0.0377 0.9077 0.0139 
   NS_SS1363  7 0.0048 0.2449 0.4872 0.2182 0.0204 0.0246 
   NS_SS1335  7 0.0307 0.1029 0.1001 0.0340 0.7274 0.0049 
   NS_SS1358  7 0.0114 0.8832 0.0219 0.0462 0.0337 0.0035 
   NS_SS1342  7 0.0013 0.0825 0.0429 0.7261 0.1138 0.0334 
   NS_SS1320  7 0.0058 0.0465 0.0071 0.0336 0.0048 0.9021 
   NS_SS1355  7 0.0141 0.0234 0.5923 0.0586 0.0050 0.3066 
   NS_SS1345  7 0.0216 0.4608 0.0118 0.4186 0.0353 0.0519 
   NS_SS1324  7 0.0030 0.0180 0.1771 0.0280 0.7503 0.0236 
   NS_SS1347  7 0.0031 0.0212 0.3500 0.5866 0.0221 0.0169 
   NS_SS1321  7 0.0014 0.1217 0.5620 0.2409 0.0663 0.0078 
   NS_SS1333  7 0.0036 0.0085 0.0198 0.6503 0.0577 0.2603 
   NS_SS1364  7 0.0026 0.0164 0.0377 0.0715 0.8212 0.0506 
   NS_SS1379  7 0.0553 0.4425 0.0861 0.0208 0.0325 0.3627 
   NS_SS1332  7 0.0048 0.0038 0.0101 0.0145 0.9547 0.0122 
   NS_SS1338  7 0.0075 0.2192 0.5468 0.1704 0.0241 0.0321 
   NS_SS1368  7 0.0055 0.0138 0.0162 0.0983 0.7030 0.1632 
   NS_SS1354  7 0.0104 0.1310 0.0249 0.7322 0.0212 0.0803 
   NS_SS1365  7 0.0091 0.0176 0.0333 0.0790 0.0783 0.7826 
   NS_SS1380  7 0.0206 0.8769 0.0430 0.0171 0.0039 0.0386 
   NS_SS1329  7 0.0032 0.0467 0.0596 0.7103 0.1575 0.0227 
   NS_SS1362  7 0.0040 0.1557 0.0917 0.7281 0.0122 0.0083 
   NS_SS1327  7 0.0035 0.0053 0.0149 0.0076 0.9639 0.0049 
   NS_SS1350  7 0.0098 0.0152 0.8251 0.0428 0.0115 0.0955 
   NS_SS1387  7 0.0035 0.1829 0.5320 0.0500 0.0145 0.2172 
   NS_SS1369  7 0.0046 0.0388 0.0306 0.0094 0.9086 0.0080 
   NS_SS1331  7 0.0097 0.6182 0.0080 0.0241 0.1714 0.1686 
   NS_SS1357  7 0.0032 0.0164 0.0968 0.1714 0.0379 0.6743 
   NS_SS1386  7 0.0045 0.0081 0.0077 0.0174 0.9576 0.0048 
   NS_SS1353  7 0.0032 0.0107 0.0152 0.1288 0.0964 0.7457 
   NS_SS1323  7 0.0701 0.0593 0.0171 0.7007 0.0124 0.1405 
   HI_SS0296  8 0.0021 0.1037 0.3185 0.0083 0.5485 0.0189 
   HI_SS0297  8 0.0012 0.1953 0.0508 0.1039 0.4104 0.2385 
   HI_SS0299  8 0.0324 0.0938 0.5782 0.1029 0.0865 0.1062 
   HI_SS0300  8 0.0011 0.5786 0.0513 0.0105 0.3343 0.0243 
   HI_SS0301  8 0.0037 0.0524 0.5935 0.2729 0.0699 0.0076 
   HI_SS0302  8 0.0229 0.0109 0.0334 0.0131 0.9014 0.0184 
   HI_SS0303  8 0.0071 0.0169 0.0174 0.0093 0.8722 0.0771 
   HI_SS0304  8 0.0028 0.4012 0.0165 0.0411 0.1076 0.4308 
   HI_SS0306  8 0.0033 0.0045 0.0057 0.0060 0.9737 0.0069 
   HI_SS0307  8 0.0069 0.1304 0.4330 0.2393 0.0084 0.1821 
   HI_SS0308  8 0.0843 0.5295 0.0536 0.2234 0.1020 0.0072 
   HI_SS0309  8 0.0025 0.9318 0.0116 0.0395 0.0062 0.0083 
   HI_SS0310  8 0.0071 0.0093 0.0387 0.0407 0.0951 0.8091 
   HI_SS0311  8 0.0034 0.3439 0.0250 0.1424 0.4409 0.0445 
   HI_SS0314  8 0.0014 0.0134 0.0107 0.0289 0.0414 0.9042 
   HI_SS0316  8 0.0045 0.0449 0.5877 0.2062 0.0518 0.1049 
   HI_SS0317  8 0.0024 0.0331 0.0519 0.8753 0.0153 0.0219 
   HI_SS0318  8 0.2020 0.0117 0.0720 0.1157 0.5938 0.0048 
   HI_SS0319  8 0.0049 0.0124 0.0264 0.0147 0.9332 0.0083 
   HI_SS0320  8 0.0010 0.0345 0.0165 0.3469 0.0036 0.5976 
   HI_SS0321  8 0.0016 0.0036 0.9393 0.0400 0.0101 0.0054 
   HI_SS0323  8 0.0014 0.0050 0.9053 0.0379 0.0124 0.0380 
   HI_SS0325  8 0.0022 0.0105 0.0828 0.0280 0.8438 0.0328 
   HI_SS0327  8 0.0016 0.0229 0.2188 0.2807 0.4622 0.0139 
   HI_SS0329  8 0.0016 0.1454 0.0815 0.0217 0.1633 0.5865 
   HI_SS0333  8 0.0027 0.0332 0.3908 0.2999 0.0829 0.1905 
   HI_SS0334  8 0.0011 0.0528 0.8939 0.0321 0.0147 0.0055 
   HI_SS0335  8 0.0218 0.1352 0.2757 0.5471 0.0082 0.0119 
   HI_SS0339  8 0.0133 0.3760 0.3382 0.2082 0.0203 0.0441 
   HI_SS0343  8 0.0019 0.0546 0.0114 0.8661 0.0166 0.0493 
   HI_SS0344  8 0.0029 0.0052 0.0137 0.0063 0.9655 0.0063 
   HI_SS0345  8 0.0081 0.6160 0.0179 0.0824 0.2513 0.0243 
   HI_SS0346  8 0.0044 0.0931 0.1306 0.5315 0.1409 0.0995 
   HI_SS0350  8 0.0080 0.9141 0.0119 0.0297 0.0040 0.0322 
   HI_SS0351  8 0.0037 0.0547 0.0542 0.7993 0.0283 0.0597 
   HI_SS0352  8 0.1137 0.5901 0.0394 0.1154 0.0545 0.0869 
   HI_SS0362  8 0.0032 0.0135 0.0593 0.0353 0.8756 0.0132 
   HI_SS0363  8 0.0036 0.1052 0.1877 0.0259 0.6466 0.0310 
   HI_SS0365  8 0.0044 0.6005 0.1847 0.1564 0.0378 0.0163 
   HI_SS0366  8 0.0018 0.0273 0.2410 0.2615 0.4340 0.0344 
   HI_SS0367  8 0.0023 0.0310 0.0370 0.3085 0.0076 0.6135 
   HI_SS0369  8 0.0025 0.4022 0.3441 0.1662 0.0098 0.0751 
   HI_SS0370  8 0.0028 0.0081 0.5298 0.2513 0.0185 0.1894 
   HI_SS0371  8 0.0050 0.0119 0.0680 0.0150 0.8490 0.0512 
   HI_SS0373  8 0.0134 0.0326 0.0704 0.1330 0.3291 0.4215 
   HI_SS0374  8 0.0294 0.0092 0.0222 0.0606 0.0111 0.8675 
   HI_SS0377  8 0.0778 0.0562 0.0468 0.5099 0.2968 0.0126 
   HI_SS0379  8 0.0010 0.0036 0.0077 0.0064 0.9780 0.0033 
   HI_SS0380  8 0.0083 0.0429 0.1528 0.0829 0.0109 0.7022 
   HI_SS0381  8 0.0044 0.4100 0.0141 0.5410 0.0210 0.0095 
   HI_SS0384  8 0.0076 0.0052 0.0727 0.0283 0.0234 0.8627 
   HI_SS0385  8 0.0012 0.0416 0.0116 0.0117 0.8944 0.0396 
   HI_SS0386  9 0.9914 0.0019 0.0017 0.0018 0.0013 0.0018 
   HI_SS0387  9 0.9356 0.0132 0.0106 0.0123 0.0177 0.0107 
   HI_SS0389  9 0.9813 0.0041 0.0036 0.0034 0.0036 0.0040 
   HI_SS0390  9 0.9912 0.0014 0.0019 0.0018 0.0020 0.0016 
   HI_SS0391  9 0.9854 0.0035 0.0031 0.0033 0.0022 0.0024 
   HI_SS0392  9 0.9907 0.0016 0.0019 0.0018 0.0020 0.0020 
   HI_SS0393  9 0.9916 0.0016 0.0021 0.0017 0.0018 0.0012 
   HI_SS0394  9 0.9908 0.0019 0.0022 0.0017 0.0019 0.0015 
   HI_SS0395  9 0.9796 0.0037 0.0046 0.0036 0.0036 0.0050 
   HI_SS0396  9 0.9487 0.0129 0.0144 0.0075 0.0076 0.0088 
   HI_SS0398  9 0.9691 0.0056 0.0067 0.0071 0.0052 0.0063 
   HI_SS0399  9 0.9935 0.0012 0.0014 0.0016 0.0011 0.0013 
   HI_SS0400  9 0.9885 0.0022 0.0023 0.0025 0.0020 0.0025 
   HI_SS0401  9 0.9925 0.0016 0.0015 0.0015 0.0015 0.0013 
   HI_SS0402  9 0.9934 0.0011 0.0013 0.0015 0.0015 0.0013 
   HI_SS0403  9 0.9913 0.0021 0.0018 0.0019 0.0016 0.0012 
   HI_SS0404  9 0.9937 0.0015 0.0012 0.0012 0.0011 0.0013 
   HI_SS0405  9 0.9185 0.0268 0.0124 0.0202 0.0124 0.0097 
   HI_SS0406  9 0.9879 0.0027 0.0027 0.0026 0.0023 0.0018 
   HI_SS0407  9 0.9569 0.0088 0.0074 0.0067 0.0061 0.0142 
   HI_SS0408  9 0.9933 0.0013 0.0014 0.0016 0.0011 0.0012 
   HI_SS0409  9 0.9839 0.0038 0.0032 0.0027 0.0036 0.0029 
   HI_SS0411  9 0.9843 0.0031 0.0040 0.0032 0.0025 0.0030 
   HI_SS0412  9 0.7981 0.0380 0.0374 0.0674 0.0187 0.0404 
   HI_SS0413  9 0.9884 0.0021 0.0024 0.0025 0.0025 0.0022 
   HI_SS0414  9 0.9244 0.0136 0.0196 0.0161 0.0105 0.0158 
   HI_SS0415  9 0.9911 0.0020 0.0018 0.0016 0.0019 0.0016 
   HI_SS0416  9 0.9806 0.0034 0.0035 0.0035 0.0043 0.0048 
   HI_SS0418  9 0.9743 0.0054 0.0037 0.0078 0.0055 0.0033 
   HI_SS0419  9 0.9832 0.0037 0.0028 0.0029 0.0038 0.0036 
   HI_SS0420  9 0.9879 0.0019 0.0026 0.0024 0.0028 0.0024 
   HI_SS0421  9 0.9757 0.0055 0.0050 0.0068 0.0033 0.0037 
   HI_SS0422  9 0.9919 0.0012 0.0014 0.0014 0.0017 0.0024 
   HI_SS0423  9 0.9789 0.0035 0.0048 0.0037 0.0044 0.0047 
   HI_SS0424  9 0.9900 0.0023 0.0023 0.0023 0.0018 0.0013 
   HI_SS0425  9 0.9831 0.0043 0.0025 0.0032 0.0024 0.0046 
   NS_SS1146 10 0.9864 0.0025 0.0037 0.0027 0.0030 0.0016 
   NS_SS1157 10 0.9646 0.0092 0.0082 0.0076 0.0055 0.0050 
   NS_SS1144 10 0.9138 0.0236 0.0232 0.0126 0.0180 0.0089 
   NS_SS1074 10 0.9814 0.0034 0.0038 0.0042 0.0036 0.0036 
   NS_SS1122 10 0.9777 0.0042 0.0048 0.0039 0.0051 0.0043 
   NS_SS1136 10 0.9933 0.0013 0.0014 0.0013 0.0012 0.0014 
   NS_SS1077 10 0.9958 0.0007 0.0008 0.0010 0.0008 0.0008 
   NS_SS1134 10 0.9472 0.0132 0.0096 0.0086 0.0089 0.0124 
   NS_SS1091 10 0.9877 0.0024 0.0025 0.0027 0.0016 0.0030 
   NS_SS1089 10 0.9849 0.0028 0.0032 0.0023 0.0038 0.0031 
   NS_SS1123 10 0.9919 0.0013 0.0019 0.0013 0.0019 0.0018 
   NS_SS1158 10 0.9943 0.0013 0.0013 0.0011 0.0009 0.0011 
   NS_SS1093 10 0.9885 0.0021 0.0022 0.0023 0.0022 0.0027 
   NS_SS1102 10 0.9694 0.0062 0.0081 0.0067 0.0049 0.0047 
   NS_SS1056 10 0.9907 0.0019 0.0020 0.0019 0.0017 0.0017 
   NS_SS1126 10 0.9848 0.0024 0.0032 0.0031 0.0026 0.0038 
   NS_SS1058 10 0.9787 0.0038 0.0044 0.0035 0.0049 0.0047 
   NS_SS1084 10 0.9914 0.0015 0.0019 0.0019 0.0015 0.0017 
   NS_SS1095 10 0.9689 0.0058 0.0067 0.0055 0.0078 0.0052 
   NS_SS1079 10 0.9911 0.0017 0.0018 0.0017 0.0019 0.0019 
   NS_SS1149 10 0.9851 0.0029 0.0027 0.0036 0.0021 0.0036 
   NS_SS1121 10 0.9915 0.0013 0.0019 0.0019 0.0016 0.0018 
   NS_SS1067 10 0.9710 0.0066 0.0051 0.0053 0.0050 0.0070 
   NS_SS1081 10 0.9874 0.0022 0.0028 0.0028 0.0021 0.0026 
   NS_SS1130 10 0.9800 0.0068 0.0028 0.0032 0.0035 0.0037 
   NS_SS1073 10 0.9860 0.0030 0.0025 0.0035 0.0018 0.0032 
   NS_SS1133 10 0.9599 0.0067 0.0054 0.0056 0.0044 0.0181 
   NS_SS1129 10 0.9935 0.0012 0.0012 0.0013 0.0016 0.0012 
   NS_SS1085 10 0.9888 0.0026 0.0023 0.0022 0.0020 0.0022 
   NS_SS1137 10 0.9767 0.0039 0.0054 0.0042 0.0029 0.0068 
   NS_SS1135 10 0.9936 0.0013 0.0013 0.0013 0.0010 0.0015 
   NS_SS1082 10 0.9926 0.0016 0.0014 0.0015 0.0015 0.0014 
   NS_SS1125 10 0.9926 0.0018 0.0014 0.0017 0.0011 0.0014 
   NS_SS1124 10 0.9635 0.0080 0.0077 0.0085 0.0055 0.0068 
   NS_SS1155 10 0.9605 0.0078 0.0073 0.0087 0.0093 0.0064 
   NS_SS1145 10 0.9898 0.0017 0.0023 0.0017 0.0022 0.0023 
