   NS_SS0963  1 0.5938 0.0831 0.3178 0.0053 
   NS_SS0983  1 0.0473 0.9276 0.0208 0.0043 
   NS_SS0719  1 0.9624 0.0263 0.0073 0.0041 
   NS_SS1001  1 0.1154 0.2362 0.6425 0.0060 
   NS_SS0936  1 0.3601 0.0415 0.5962 0.0022 
   NS_SS0955  1 0.0303 0.8930 0.0733 0.0035 
   NS_SS0944  1 0.0198 0.5826 0.3958 0.0018 
   NS_SS0945  1 0.1584 0.1381 0.6953 0.0082 
   NS_SS0922  1 0.9265 0.0076 0.0468 0.0191 
   NS_SS0929  1 0.1660 0.6872 0.1439 0.0030 
   NS_SS0956  1 0.9473 0.0146 0.0348 0.0033 
   NS_SS0906  1 0.1664 0.0966 0.7343 0.0027 
   NS_SS0721  1 0.9619 0.0228 0.0107 0.0046 
   NS_SS0982  1 0.3129 0.0230 0.6484 0.0156 
   NS_SS0923  1 0.9177 0.0149 0.0643 0.0031 
   NS_SS0905  1 0.6847 0.2249 0.0888 0.0017 
   NS_SS0925  1 0.3439 0.0224 0.6297 0.0040 
   NS_SS0947  1 0.1804 0.0176 0.7981 0.0038 
   NS_SS0926  1 0.0176 0.9701 0.0112 0.0011 
   NS_SS0918  1 0.1804 0.0892 0.7279 0.0025 
   NS_SS0966  1 0.0476 0.0979 0.8047 0.0497 
   NS_SS0938  1 0.0992 0.0346 0.8648 0.0014 
   NS_SS0917  1 0.7969 0.1151 0.0552 0.0328 
   NS_SS0957  1 0.4245 0.0317 0.5368 0.0070 
   NS_SS0987  1 0.6173 0.0566 0.0887 0.2373 
   NS_SS0717  1 0.2138 0.0138 0.7697 0.0027 
   NS_SS0986  1 0.1071 0.0391 0.8510 0.0028 
   NS_SS0953  1 0.0186 0.0146 0.9541 0.0127 
   NS_SS0907  1 0.0415 0.1129 0.8089 0.0366 
   NS_SS0974  1 0.0288 0.8947 0.0732 0.0034 
   NS_SS0989  1 0.0342 0.9419 0.0226 0.0012 
   NS_SS0991  1 0.0222 0.9029 0.0730 0.0019 
   NS_SS0994  1 0.0071 0.9834 0.0077 0.0019 
   NS_SS0931  1 0.2049 0.7437 0.0421 0.0093 
   NS_SS1000  1 0.1300 0.0114 0.8554 0.0032 
   NS_SS0919  1 0.6548 0.2934 0.0489 0.0028 
   NS_SS0949  1 0.0321 0.9589 0.0076 0.0014 
   NS_SS0960  1 0.4383 0.5280 0.0266 0.0071 
   NS_SS0716  1 0.6362 0.0066 0.3510 0.0062 
   NS_SS0924  1 0.4164 0.5065 0.0570 0.0202 
   NS_SS0935  1 0.0459 0.9365 0.0096 0.0080 
   NS_SS0952  1 0.0254 0.8314 0.1048 0.0384 
   NS_SS0962  1 0.7336 0.0106 0.2499 0.0059 
   NS_SS0973  1 0.1460 0.6963 0.1532 0.0045 
   NS_SS0722  1 0.0916 0.0088 0.8973 0.0023 
   NS_SS0979  1 0.1531 0.0263 0.8186 0.0020 
   NS_SS0993  1 0.0537 0.0312 0.9004 0.0147 
   NS_SS0958  1 0.0522 0.7861 0.1586 0.0030 
   NS_SS0988  1 0.2715 0.0801 0.6435 0.0050 
   NS_SS1003  1 0.7787 0.0107 0.2031 0.0076 
   NS_SS0976  1 0.0870 0.7774 0.1338 0.0018 
   NS_SS0964  1 0.4355 0.0213 0.5406 0.0026 
   NS_SS0939  1 0.9445 0.0052 0.0469 0.0034 
   NS_SS0990  1 0.2844 0.1146 0.5976 0.0034 
   NS_SS0984  1 0.9460 0.0059 0.0463 0.0019 
   NS_SS0980  1 0.6165 0.2290 0.1525 0.0020 
   NS_SS0978  1 0.7913 0.0688 0.1375 0.0024 
   NS_SS0951  1 0.0727 0.7163 0.2080 0.0030 
   NS_SS0913  1 0.1759 0.1286 0.6518 0.0436 
   NS_SS1002  1 0.0284 0.0072 0.9364 0.0280 
   NS_SS0948  1 0.0221 0.0558 0.8839 0.0381 
   NS_SS0916  1 0.7440 0.2174 0.0339 0.0047 
   NS_SS0995  1 0.9639 0.0135 0.0206 0.0020 
   NS_SS0927  1 0.7215 0.2401 0.0337 0.0047 
   NS_SS0992  1 0.4007 0.4807 0.1159 0.0028 
   NS_SS0912  1 0.2842 0.4742 0.2381 0.0034 
   NS_SS0981  1 0.6536 0.0400 0.3035 0.0029 
   NS_SS0729  2 0.0044 0.9849 0.0074 0.0033 
   NS_SS0967  2 0.4586 0.0702 0.4599 0.0113 
   NS_SS0941  2 0.5400 0.2162 0.1684 0.0755 
   NS_SS0768  2 0.0381 0.0141 0.9440 0.0037 
   NS_SS0726  2 0.0454 0.9061 0.0405 0.0080 
   NS_SS0763  2 0.0147 0.9547 0.0289 0.0018 
   NS_SS0730  2 0.9517 0.0099 0.0356 0.0029 
   NS_SS0774  2 0.4450 0.0074 0.5469 0.0008 
   NS_SS0723  2 0.9296 0.0080 0.0608 0.0015 
   NS_SS0940  2 0.7420 0.2295 0.0225 0.0061 
   NS_SS0762  2 0.2976 0.0228 0.6771 0.0025 
   NS_SS0766  2 0.8477 0.1145 0.0261 0.0117 
   NS_SS0724  2 0.0166 0.0180 0.9622 0.0032 
   NS_SS0769  2 0.6306 0.0560 0.3096 0.0039 
   NS_SS0777  2 0.3053 0.2231 0.4592 0.0123 
   NS_SS0734  2 0.8335 0.1199 0.0254 0.0212 
   NS_SS0737  2 0.3681 0.0075 0.6199 0.0045 
   NS_SS0732  2 0.9629 0.0177 0.0152 0.0042 
   NS_SS0728  2 0.6387 0.0701 0.2813 0.0100 
   NS_SS0735  2 0.3478 0.0662 0.5780 0.0080 
   NS_SS0725  2 0.0434 0.0656 0.8835 0.0075 
   NS_SS0788  2 0.9422 0.0158 0.0407 0.0012 
   NS_SS0778  2 0.9393 0.0446 0.0147 0.0014 
   NS_SS0792  2 0.1508 0.2198 0.6240 0.0054 
   NS_SS0943  2 0.0095 0.9051 0.0784 0.0069 
   NS_SS0791  2 0.9454 0.0366 0.0072 0.0108 
   NS_SS0790  2 0.0136 0.0039 0.9796 0.0029 
   NS_SS0731  2 0.0461 0.0085 0.9356 0.0099 
   NS_SS0727  2 0.0189 0.9283 0.0509 0.0019 
   NS_SS0779  2 0.5341 0.0680 0.3919 0.0059 
   NS_SS0776  2 0.0294 0.1777 0.7860 0.0069 
   NS_SS0775  2 0.6207 0.0094 0.3635 0.0064 
   NS_SS0965  3 0.8693 0.0533 0.0759 0.0016 
   NS_SS0754  3 0.1448 0.7976 0.0452 0.0125 
   NS_SS0838  3 0.1113 0.1412 0.7089 0.0386 
   NS_SS0839  3 0.3740 0.0076 0.6149 0.0036 
   NS_SS0832  3 0.0745 0.0051 0.8831 0.0373 
   NS_SS0820  3 0.2993 0.0061 0.6892 0.0055 
   NS_SS0886  3 0.7648 0.1982 0.0352 0.0017 
   NS_SS0748  3 0.0766 0.2237 0.6921 0.0076 
   NS_SS0884  3 0.4131 0.0835 0.4796 0.0238 
   NS_SS0752  3 0.6456 0.1926 0.1598 0.0020 
   NS_SS0862  3 0.9144 0.0120 0.0693 0.0043 
   NS_SS0787  3 0.0130 0.9734 0.0074 0.0061 
   NS_SS0843  3 0.2224 0.2307 0.5452 0.0017 
   NS_SS0856  3 0.1346 0.0333 0.8295 0.0026 
   NS_SS0846  3 0.0186 0.2928 0.6858 0.0028 
   NS_SS0825  3 0.7277 0.0308 0.2325 0.0090 
   NS_SS0757  3 0.2217 0.6439 0.1298 0.0046 
   NS_SS0876  3 0.1970 0.0173 0.5607 0.2250 
   NS_SS0903  3 0.4110 0.0289 0.5573 0.0028 
   NS_SS0875  3 0.9228 0.0157 0.0583 0.0032 
   NS_SS0740  3 0.2267 0.6429 0.1270 0.0034 
   NS_SS0811  3 0.3623 0.0581 0.5704 0.0091 
   NS_SS0751  3 0.8881 0.0319 0.0775 0.0024 
   NS_SS0891  3 0.1421 0.0151 0.8382 0.0046 
   NS_SS0867  3 0.2015 0.5991 0.1717 0.0277 
   NS_SS0890  3 0.7676 0.1710 0.0583 0.0031 
   NS_SS0866  3 0.0119 0.9485 0.0344 0.0052 
   NS_SS0755  3 0.2077 0.1364 0.6501 0.0058 
   NS_SS0758  3 0.1962 0.0640 0.7381 0.0017 
   NS_SS0840  3 0.4566 0.0156 0.5252 0.0026 
   NS_SS0889  3 0.0305 0.9300 0.0374 0.0021 
   NS_SS1010  3 0.5430 0.1525 0.2634 0.0412 
   NS_SS0888  3 0.0226 0.9690 0.0069 0.0014 
   NS_SS0837  3 0.3739 0.1250 0.4985 0.0026 
   NS_SS0794  3 0.0129 0.9066 0.0785 0.0020 
   NS_SS0823  3 0.0468 0.0126 0.9373 0.0032 
   NS_SS0829  3 0.0093 0.8585 0.0163 0.1159 
   NS_SS0844  3 0.0120 0.0102 0.9760 0.0018 
   NS_SS1008  3 0.0272 0.9389 0.0232 0.0108 
   NS_SS0881  3 0.9370 0.0519 0.0092 0.0019 
   NS_SS0834  3 0.0133 0.0063 0.9756 0.0048 
   NS_SS0744  3 0.8310 0.0966 0.0671 0.0053 
   NS_SS0899  3 0.0507 0.0077 0.9402 0.0013 
   NS_SS0804  3 0.2564 0.0077 0.7320 0.0039 
   NS_SS0781  3 0.0508 0.0044 0.9417 0.0031 
   NS_SS0822  3 0.0176 0.6558 0.3246 0.0019 
   NS_SS1004  3 0.1638 0.1241 0.7079 0.0042 
   NS_SS0746  3 0.0234 0.1077 0.8583 0.0105 
   NS_SS0880  3 0.5560 0.1633 0.2791 0.0016 
   NS_SS0879  3 0.0819 0.0315 0.8754 0.0113 
   NS_SS0753  3 0.0236 0.9426 0.0243 0.0095 
   NS_SS1007  3 0.9802 0.0125 0.0057 0.0016 
   NS_SS0872  3 0.0443 0.0097 0.9440 0.0020 
   NS_SS1005  3 0.0309 0.0099 0.9581 0.0010 
   NS_SS0892  3 0.7635 0.0618 0.1728 0.0019 
   NS_SS0898  3 0.4224 0.5288 0.0427 0.0061 
   NS_SS0801  3 0.4326 0.0436 0.5144 0.0095 
   NS_SS0827  3 0.5525 0.2412 0.0899 0.1165 
   NS_SS0853  3 0.2371 0.1887 0.5687 0.0054 
   NS_SS0780  3 0.9514 0.0131 0.0319 0.0036 
   NS_SS0826  3 0.0134 0.0901 0.8934 0.0030 
   NS_SS0818  3 0.9327 0.0098 0.0561 0.0014 
   NS_SS0745  3 0.5080 0.0076 0.4829 0.0014 
   NS_SS0849  3 0.9420 0.0237 0.0329 0.0014 
   NS_SS0739  3 0.9797 0.0064 0.0067 0.0072 
   NS_SS0799  3 0.0678 0.9147 0.0164 0.0011 
   NS_SS0756  3 0.1493 0.0091 0.8379 0.0036 
   NS_SS0802  3 0.6591 0.1098 0.0394 0.1917 
   NS_SS0747  3 0.3825 0.1660 0.4450 0.0064 
   NS_SS0835  3 0.1092 0.8645 0.0249 0.0013 
   NS_SS0742  3 0.5721 0.0418 0.3852 0.0009 
   NS_SS0760  3 0.0351 0.8636 0.0555 0.0458 
   NS_SS0803  3 0.0118 0.0068 0.9755 0.0059 
   NS_SS0828  3 0.5795 0.3950 0.0244 0.0011 
   NS_SS0865  3 0.8108 0.0758 0.0887 0.0247 
   NS_SS0759  3 0.9067 0.0056 0.0849 0.0029 
   NS_SS0851  3 0.7453 0.0061 0.2368 0.0118 
   NS_SS0874  3 0.0435 0.0304 0.9246 0.0015 
   NS_SS0761  3 0.0342 0.9304 0.0330 0.0024 
   NS_SS0842  3 0.1522 0.3393 0.4998 0.0086 
   NS_SS0785  3 0.2487 0.3689 0.3765 0.0058 
   NS_SS0860  3 0.1440 0.8324 0.0212 0.0025 
   NS_SS0897  3 0.0135 0.9772 0.0077 0.0017 
   NS_SS0841  3 0.9145 0.0108 0.0717 0.0030 
   NS_SS0797  3 0.2973 0.6137 0.0624 0.0266 
   NS_SS0830  3 0.4137 0.3799 0.2045 0.0019 
   NS_SS1011  3 0.0992 0.0104 0.8851 0.0052 
   NS_SS0883  3 0.8952 0.0869 0.0134 0.0044 
   NS_SS0782  3 0.2451 0.0458 0.7068 0.0022 
   NS_SS0831  3 0.0635 0.8992 0.0340 0.0033 
   NS_SS0749  3 0.7359 0.2437 0.0165 0.0039 
   NS_SS0854  3 0.0992 0.6033 0.2945 0.0030 
   HI_SS0193  4 0.0105 0.9759 0.0121 0.0015 
   HI_SS0194  4 0.0342 0.0133 0.9510 0.0015 
   HI_SS0195  4 0.7266 0.0044 0.1818 0.0872 
   HI_SS0196  4 0.3967 0.1987 0.4016 0.0029 
   HI_SS0197  4 0.8351 0.0057 0.1480 0.0111 
   HI_SS0198  4 0.8964 0.0769 0.0185 0.0082 
   HI_SS0199  4 0.1140 0.8588 0.0249 0.0024 
   HI_SS0201  4 0.0145 0.9540 0.0294 0.0021 
   HI_SS0215  4 0.0984 0.8196 0.0787 0.0033 
   HI_SS0218  4 0.0066 0.9836 0.0050 0.0048 
   HI_SS0222  4 0.9595 0.0154 0.0211 0.0040 
   HI_SS0230  4 0.2957 0.0150 0.6845 0.0048 
   HI_SS0234  4 0.4468 0.0367 0.3691 0.1475 
   HI_SS0240  4 0.9683 0.0144 0.0103 0.0070 
   HI_SS0241  4 0.0544 0.9039 0.0396 0.0020 
   HI_SS0242  4 0.4959 0.1575 0.3433 0.0034 
   HI_SS0247  4 0.0095 0.0157 0.9581 0.0168 
   HI_SS0248  4 0.0092 0.9788 0.0111 0.0008 
   HI_SS0252  4 0.0227 0.0347 0.9405 0.0020 
   HI_SS0254  4 0.0607 0.8129 0.0270 0.0994 
   HI_SS0256  4 0.0114 0.0035 0.9838 0.0014 
   HI_SS0257  4 0.0150 0.8599 0.1219 0.0031 
   HI_SS0258  4 0.0184 0.9657 0.0112 0.0047 
   HI_SS0259  4 0.7509 0.0119 0.2348 0.0024 
   HI_SS0260  4 0.0376 0.9445 0.0164 0.0015 
   HI_SS0261  4 0.1246 0.8163 0.0561 0.0030 
   HI_SS0262  4 0.8411 0.0094 0.1441 0.0053 
   HI_SS0264  4 0.3249 0.0121 0.6596 0.0034 
   HI_SS0265  4 0.7731 0.0227 0.1086 0.0956 
   HI_SS0268  4 0.9396 0.0179 0.0398 0.0027 
   HI_SS0269  4 0.0168 0.9594 0.0220 0.0018 
   HI_SS0273  4 0.0294 0.9559 0.0134 0.0014 
   HI_SS0277  4 0.9365 0.0353 0.0261 0.0021 
   HI_SS0280  4 0.8949 0.0748 0.0258 0.0045 
   HI_SS0282  4 0.0583 0.8710 0.0694 0.0013 
   HI_SS0286  4 0.5500 0.2873 0.1550 0.0077 
   NS_SS1252  5 0.0076 0.9775 0.0116 0.0032 
   NS_SS1261  5 0.1057 0.0974 0.7814 0.0155 
   NS_SS1225  5 0.0126 0.5759 0.3122 0.0992 
   NS_SS1266  5 0.0081 0.0039 0.9811 0.0068 
   NS_SS1228  5 0.8053 0.0264 0.1568 0.0114 
   NS_SS1255  5 0.1819 0.3381 0.4784 0.0016 
   NS_SS1267  5 0.0125 0.9697 0.0053 0.0125 
   NS_SS1238  5 0.3765 0.2546 0.3666 0.0022 
   NS_SS1233  5 0.0176 0.0362 0.9446 0.0017 
   NS_SS1277  5 0.0890 0.9018 0.0083 0.0010 
   NS_SS1245  5 0.0213 0.6019 0.3750 0.0018 
   NS_SS1240  5 0.0163 0.9723 0.0096 0.0017 
   NS_SS1275  5 0.1881 0.0075 0.8018 0.0027 
   NS_SS1235  5 0.0071 0.0267 0.9617 0.0045 
   NS_SS1263  5 0.0133 0.0247 0.9610 0.0010 
   NS_SS1251  5 0.0215 0.0185 0.9585 0.0014 
   NS_SS1248  5 0.3673 0.2333 0.2959 0.1035 
   NS_SS1244  5 0.3816 0.3824 0.2314 0.0047 
   NS_SS1257  5 0.2383 0.6809 0.0520 0.0288 
   NS_SS1242  5 0.1816 0.0058 0.8102 0.0024 
   NS_SS1271  5 0.0349 0.9330 0.0066 0.0256 
   NS_SS1265  5 0.0358 0.5002 0.4432 0.0208 
   NS_SS1243  5 0.2788 0.0773 0.5559 0.0880 
   NS_SS1273  5 0.4628 0.0094 0.5195 0.0082 
   NS_SS1254  5 0.0252 0.0477 0.9225 0.0046 
   NS_SS1224  5 0.1008 0.0125 0.8798 0.0070 
   NS_SS1227  5 0.1209 0.8689 0.0083 0.0018 
   NS_SS1274  5 0.0320 0.9295 0.0212 0.0173 
   NS_SS1241  5 0.0164 0.8941 0.0886 0.0009 
   NS_SS1256  5 0.0156 0.0823 0.8725 0.0296 
   NS_SS1260  5 0.1078 0.7838 0.0370 0.0714 
   NS_SS1262  5 0.0495 0.7317 0.0517 0.1671 
   NS_SS1230  5 0.1042 0.6138 0.2741 0.0079 
   NS_SS1270  5 0.0199 0.0186 0.9595 0.0020 
   NS_SS1229  5 0.1190 0.0740 0.8032 0.0039 
   NS_SS1246  5 0.0366 0.7958 0.1648 0.0028 
   NS_SS1269  5 0.8748 0.0470 0.0761 0.0022 
   NS_SS1239  5 0.7721 0.1421 0.0812 0.0046 
   NS_SS1272  5 0.0276 0.0080 0.9604 0.0041 
   NS_SS1268  5 0.6337 0.0596 0.3046 0.0022 
   NS_SS1249  5 0.0062 0.9726 0.0112 0.0100 
   HI_SS0559  6 0.1483 0.7654 0.0847 0.0016 
   HI_SS0563  6 0.6077 0.1980 0.1918 0.0025 
   HI_SS0564  6 0.8778 0.0260 0.0545 0.0417 
   HI_SS0565  6 0.5522 0.1475 0.2974 0.0029 
   HI_SS0569  6 0.0412 0.9272 0.0290 0.0026 
   HI_SS0570  6 0.0334 0.8944 0.0299 0.0423 
   HI_SS0572  6 0.0120 0.0096 0.9764 0.0019 
   HI_SS0576  6 0.9464 0.0236 0.0251 0.0049 
   HI_SS0579  6 0.0327 0.5154 0.4383 0.0136 
   HI_SS0580  6 0.4241 0.5053 0.0665 0.0042 
   HI_SS0581  6 0.4666 0.0073 0.4624 0.0636 
   HI_SS0583  6 0.0188 0.8049 0.1741 0.0022 
   HI_SS0586  6 0.0105 0.9808 0.0076 0.0010 
   HI_SS0588  6 0.0136 0.8745 0.0922 0.0197 
   HI_SS0595  6 0.6999 0.2600 0.0164 0.0237 
   HI_SS0596  6 0.0112 0.0082 0.9788 0.0018 
   HI_SS0597  6 0.0151 0.0067 0.9763 0.0019 
   HI_SS0600  6 0.5018 0.2866 0.2077 0.0039 
   HI_SS0601  6 0.0187 0.9063 0.0627 0.0124 
   HI_SS0602  6 0.4459 0.5030 0.0482 0.0028 
   HI_SS0604  6 0.0643 0.0991 0.8353 0.0014 
   HI_SS0605  6 0.8170 0.1508 0.0259 0.0063 
   HI_SS0608  6 0.2633 0.6614 0.0742 0.0012 
   HI_SS0609  6 0.0522 0.0099 0.9372 0.0007 
   HI_SS0611  6 0.0272 0.9577 0.0124 0.0026 
   HI_SS0612  6 0.0994 0.3109 0.5827 0.0070 
   HI_SS0613  6 0.8481 0.0436 0.1070 0.0013 
   HI_SS0615  6 0.9466 0.0087 0.0368 0.0079 
   HI_SS0001  6 0.1738 0.5783 0.2435 0.0043 
   HI_SS0002  6 0.0133 0.0083 0.9598 0.0186 
   HI_SS0004  6 0.0920 0.7766 0.1261 0.0053 
   HI_SS0005  6 0.9536 0.0235 0.0178 0.0051 
   HI_SS0006  6 0.0266 0.6468 0.3248 0.0018 
   HI_SS0007  6 0.1074 0.8760 0.0141 0.0025 
   HI_SS0008  6 0.5768 0.2138 0.1672 0.0423 
   HI_SS0009  6 0.5860 0.0637 0.3462 0.0042 
   HI_SS0010  6 0.1587 0.8105 0.0276 0.0032 
   HI_SS0011  6 0.1554 0.0306 0.7276 0.0864 
   HI_SS0012  6 0.8758 0.0157 0.1046 0.0039 
   HI_SS0017  6 0.0227 0.0138 0.9616 0.0019 
   HI_SS0021  6 0.1642 0.3850 0.2057 0.2451 
   HI_SS0024  6 0.7099 0.0270 0.2613 0.0017 
   HI_SS0025  6 0.1198 0.0129 0.8646 0.0027 
   HI_SS0027  6 0.0407 0.9357 0.0105 0.0132 
   HI_SS0028  6 0.9502 0.0057 0.0426 0.0015 
   HI_SS0029  6 0.7451 0.0205 0.2280 0.0063 
   HI_SS0030  6 0.0462 0.9021 0.0457 0.0060 
   HI_SS0031  6 0.8818 0.0572 0.0575 0.0035 
   HI_SS0034  6 0.0726 0.8883 0.0340 0.0052 
   HI_SS0036  6 0.4012 0.5811 0.0072 0.0105 
   HI_SS0037  6 0.0377 0.8111 0.1470 0.0041 
   HI_SS0039  6 0.2115 0.7624 0.0236 0.0026 
   HI_SS0041  6 0.8068 0.0110 0.1809 0.0013 
   HI_SS0042  6 0.6455 0.0112 0.2305 0.1128 
   HI_SS0043  6 0.0081 0.9816 0.0077 0.0025 
   HI_SS0044  6 0.6780 0.1272 0.1923 0.0025 
   HI_SS0047  6 0.0769 0.0235 0.8976 0.0020 
   HI_SS0049  6 0.0370 0.1338 0.8253 0.0039 
   HI_SS0051  6 0.6463 0.1158 0.2358 0.0021 
   HI_SS0053  6 0.0129 0.9729 0.0092 0.0050 
   HI_SS0054  6 0.0109 0.9760 0.0102 0.0029 
   HI_SS0057  6 0.1964 0.3347 0.4655 0.0034 
   HI_SS0058  6 0.0263 0.2686 0.6989 0.0062 
   HI_SS0060  6 0.5526 0.2002 0.1637 0.0835 
   HI_SS0087  6 0.2388 0.2891 0.4696 0.0025 
   HI_SS0091  6 0.0388 0.9453 0.0147 0.0012 
   HI_SS0095  6 0.4567 0.1186 0.3711 0.0536 
   HI_SS0097  6 0.0397 0.1453 0.8108 0.0042 
   HI_SS0099  6 0.5263 0.0145 0.4555 0.0037 
   HI_SS0103  6 0.1721 0.0516 0.7735 0.0029 
   HI_SS0105  6 0.4575 0.0724 0.4420 0.0281 
   HI_SS0107  6 0.0136 0.0080 0.9772 0.0011 
   HI_SS0108  6 0.0115 0.9613 0.0057 0.0215 
   HI_SS0110  6 0.6423 0.3127 0.0439 0.0011 
   HI_SS0111  6 0.9113 0.0199 0.0488 0.0199 
   HI_SS0112  6 0.0138 0.9799 0.0051 0.0012 
   HI_SS0113  6 0.0156 0.0060 0.9759 0.0024 
   HI_SS0114  6 0.0965 0.8834 0.0147 0.0055 
   HI_SS0115  6 0.3518 0.5759 0.0567 0.0156 
   HI_SS0116  6 0.0182 0.9547 0.0236 0.0035 
   HI_SS0117  6 0.0922 0.3974 0.5083 0.0021 
   HI_SS0118  6 0.0667 0.4038 0.5181 0.0115 
   HI_SS0119  6 0.1314 0.8397 0.0270 0.0018 
   HI_SS0120  6 0.0093 0.0067 0.9816 0.0024 
   HI_SS0121  6 0.4162 0.0122 0.5703 0.0013 
   HI_SS0122  6 0.5584 0.0699 0.3501 0.0216 
   HI_SS0123  6 0.7494 0.0826 0.1635 0.0046 
   HI_SS0124  6 0.6160 0.0116 0.3700 0.0025 
   HI_SS0125  6 0.9581 0.0061 0.0091 0.0266 
   HI_SS0126  6 0.0130 0.9748 0.0113 0.0009 
   HI_SS0127  6 0.3616 0.5478 0.0805 0.0102 
   HI_SS0128  6 0.1045 0.1778 0.7147 0.0030 
   HI_SS0129  6 0.7845 0.1735 0.0346 0.0075 
   HI_SS0131  6 0.0483 0.3623 0.5546 0.0349 
   HI_SS0132  6 0.5535 0.3347 0.1111 0.0007 
   HI_SS0133  6 0.0056 0.9894 0.0038 0.0012 
   HI_SS0134  6 0.2910 0.4182 0.2889 0.0019 
   HI_SS0142  6 0.3629 0.0344 0.5846 0.0180 
   HI_SS0145  6 0.1455 0.6355 0.2177 0.0013 
   HI_SS0146  6 0.1576 0.8281 0.0132 0.0010 
   HI_SS0147  6 0.0853 0.0068 0.8886 0.0193 
   HI_SS0149  6 0.5606 0.2507 0.1845 0.0042 
   HI_SS0150  6 0.8224 0.0143 0.1590 0.0043 
   HI_SS0151  6 0.4979 0.3798 0.1107 0.0116 
   NS_SS1451  6 0.8314 0.0088 0.1569 0.0029 
   NS_SS1404  6 0.7403 0.0169 0.2332 0.0095 
   NS_SS1432  6 0.9223 0.0051 0.0460 0.0267 
   NS_SS1405  6 0.7976 0.0326 0.1668 0.0031 
   NS_SS1431  6 0.4259 0.0132 0.5600 0.0009 
   NS_SS1402  6 0.5100 0.0482 0.4395 0.0023 
   NS_SS1450  6 0.4304 0.4981 0.0673 0.0041 
   NS_SS1396  6 0.5603 0.0420 0.3921 0.0056 
   NS_SS1393  6 0.5320 0.4103 0.0542 0.0035 
   NS_SS1392  6 0.8554 0.0162 0.1144 0.0141 
   NS_SS1445  6 0.0284 0.9217 0.0410 0.0090 
   NS_SS1423  6 0.0142 0.8952 0.0892 0.0014 
   NS_SS1421  6 0.1676 0.5874 0.1425 0.1025 
   NS_SS1411  6 0.0795 0.8903 0.0285 0.0018 
   NS_SS1453  6 0.2939 0.4813 0.2187 0.0062 
   NS_SS1442  6 0.0956 0.1037 0.7972 0.0035 
   NS_SS1422  6 0.0266 0.4492 0.5122 0.0119 
   NS_SS1419  6 0.0629 0.0395 0.7337 0.1639 
   NS_SS1427  6 0.0118 0.9803 0.0060 0.0019 
   NS_SS1444  6 0.1231 0.0101 0.8636 0.0032 
   NS_SS1455  6 0.0059 0.0074 0.9855 0.0013 
   NS_SS1425  6 0.0132 0.9784 0.0070 0.0014 
   NS_SS1400  6 0.0065 0.9642 0.0280 0.0013 
   NS_SS1406  6 0.0699 0.0072 0.9152 0.0077 
   NS_SS1417  6 0.0300 0.1021 0.8619 0.0060 
   NS_SS1454  6 0.3077 0.5295 0.1615 0.0014 
   NS_SS1412  6 0.0646 0.4026 0.5076 0.0251 
   NS_SS1438  6 0.0127 0.9361 0.0501 0.0011 
   NS_SS1416  6 0.9342 0.0111 0.0486 0.0060 
   NS_SS1401  6 0.1831 0.0380 0.7677 0.0113 
   NS_SS1424  6 0.2419 0.6745 0.0694 0.0141 
   NS_SS1435  6 0.6473 0.3132 0.0370 0.0025 
   NS_SS1447  6 0.0121 0.0101 0.9726 0.0052 
   NS_SS1414  6 0.0151 0.0121 0.9668 0.0061 
   NS_SS1449  6 0.1059 0.1483 0.7416 0.0041 
   NS_SS1443  6 0.0102 0.9800 0.0080 0.0018 
   NS_SS1434  6 0.0980 0.4124 0.4889 0.0006 
   NS_SS1398  6 0.8719 0.0840 0.0292 0.0148 
   NS_SS1426  6 0.0122 0.9778 0.0080 0.0019 
   NS_SS1413  6 0.0078 0.9688 0.0143 0.0091 
   NS_SS1395  6 0.1311 0.8244 0.0326 0.0120 
   NS_SS1448  6 0.4498 0.4787 0.0697 0.0019 
   NS_SS1446  6 0.1648 0.1585 0.6740 0.0028 
   NS_SS1403  6 0.8026 0.0483 0.1443 0.0048 
   NS_SS1415  6 0.0216 0.9603 0.0098 0.0083 
   NS_SS1437  6 0.4798 0.1170 0.3955 0.0077 
   NS_SS1439  6 0.1273 0.0416 0.8288 0.0023 
   NS_SS1441  6 0.1197 0.8131 0.0650 0.0021 
   NS_SS1420  6 0.7924 0.0200 0.1848 0.0028 
   NS_SS1394  6 0.9314 0.0073 0.0319 0.0294 
   NS_SS1391  6 0.0616 0.7164 0.2089 0.0130 
   NS_SS1410  6 0.0698 0.1896 0.7275 0.0132 
   NS_SS1408  6 0.8818 0.0222 0.0478 0.0482 
   NS_SS1409  6 0.6961 0.2215 0.0800 0.0023 
   HI_SS0617  7 0.7358 0.1146 0.1483 0.0013 
   HI_SS0618  7 0.9369 0.0199 0.0410 0.0022 
   HI_SS0619  7 0.3295 0.1545 0.5126 0.0034 
   HI_SS0620  7 0.0078 0.9831 0.0067 0.0024 
   HI_SS0621  7 0.4303 0.0342 0.5223 0.0132 
   HI_SS0622  7 0.0773 0.4498 0.4613 0.0116 
   HI_SS0626  7 0.9094 0.0220 0.0620 0.0065 
   HI_SS0627  7 0.1342 0.0077 0.8522 0.0059 
   HI_SS0628  7 0.6950 0.1758 0.0810 0.0482 
   HI_SS0629  7 0.4211 0.2649 0.3083 0.0057 
   HI_SS0630  7 0.5248 0.3955 0.0284 0.0513 
   HI_SS0631  7 0.0686 0.8953 0.0353 0.0008 
   HI_SS0632  7 0.1536 0.0584 0.7854 0.0027 
   HI_SS0633  7 0.1821 0.0155 0.7993 0.0032 
   HI_SS0634  7 0.9238 0.0129 0.0613 0.0020 
   HI_SS0635  7 0.8104 0.0202 0.1611 0.0083 
   HI_SS0637  7 0.7216 0.0151 0.2609 0.0023 
   HI_SS0638  7 0.6170 0.3130 0.0689 0.0011 
   HI_SS0639  7 0.7457 0.0097 0.2101 0.0345 
   HI_SS0640  7 0.3718 0.5429 0.0834 0.0018 
   HI_SS0641  7 0.4620 0.4938 0.0400 0.0043 
   HI_SS0642  7 0.8183 0.1030 0.0767 0.0019 
   HI_SS0645  7 0.9106 0.0150 0.0738 0.0007 
   HI_SS0646  7 0.3814 0.3512 0.2643 0.0031 
   HI_SS0647  7 0.3296 0.3653 0.3039 0.0013 
   HI_SS0648  7 0.7888 0.1152 0.0932 0.0029 
   HI_SS0649  7 0.3801 0.0912 0.5269 0.0019 
   HI_SS0650  7 0.6607 0.1150 0.2203 0.0040 
   HI_SS0651  7 0.2554 0.5716 0.1690 0.0039 
   HI_SS0652  7 0.9243 0.0158 0.0565 0.0034 
   NS_SS1371  7 0.2753 0.6761 0.0417 0.0069 
   NS_SS1374  7 0.6334 0.3518 0.0125 0.0023 
   NS_SS1337  7 0.5499 0.0418 0.4053 0.0030 
   NS_SS1385  7 0.0465 0.1958 0.7538 0.0039 
   NS_SS1388  7 0.2334 0.0586 0.7025 0.0055 
   NS_SS1370  7 0.7263 0.0955 0.1700 0.0082 
   NS_SS1389  7 0.1954 0.0108 0.7905 0.0033 
   NS_SS1360  7 0.1444 0.8228 0.0289 0.0039 
   NS_SS1330  7 0.7901 0.0107 0.1959 0.0033 
   NS_SS1328  7 0.1166 0.8296 0.0519 0.0019 
   NS_SS1384  7 0.1744 0.6005 0.2210 0.0041 
   NS_SS1381  7 0.0267 0.0085 0.9638 0.0009 
   NS_SS1375  7 0.8975 0.0135 0.0878 0.0012 
   NS_SS1319  7 0.6752 0.2031 0.0275 0.0942 
   NS_SS1326  7 0.0201 0.9408 0.0293 0.0098 
   NS_SS1341  7 0.0372 0.1515 0.8076 0.0037 
   NS_SS1383  7 0.9145 0.0510 0.0299 0.0046 
   NS_SS1318  7 0.0560 0.0531 0.8747 0.0162 
   NS_SS1348  7 0.0094 0.9789 0.0102 0.0015 
   NS_SS1363  7 0.5971 0.0420 0.3563 0.0046 
   NS_SS1335  7 0.0553 0.9019 0.0102 0.0327 
   NS_SS1358  7 0.0507 0.7755 0.1570 0.0168 
   NS_SS1342  7 0.0342 0.8562 0.1083 0.0013 
   NS_SS1320  7 0.0541 0.0050 0.9354 0.0056 
   NS_SS1355  7 0.0196 0.0085 0.9630 0.0089 
   NS_SS1345  7 0.0153 0.0987 0.8714 0.0147 
   NS_SS1324  7 0.2906 0.5446 0.1622 0.0026 
   NS_SS1347  7 0.2549 0.7076 0.0337 0.0038 
   NS_SS1321  7 0.4147 0.5497 0.0344 0.0013 
   NS_SS1333  7 0.9165 0.0708 0.0102 0.0025 
   NS_SS1364  7 0.0252 0.4918 0.4811 0.0019 
   NS_SS1379  7 0.1728 0.1090 0.6687 0.0495 
   NS_SS1332  7 0.0106 0.9742 0.0098 0.0054 
   NS_SS1338  7 0.4950 0.4886 0.0106 0.0058 
   NS_SS1368  7 0.0440 0.4486 0.5022 0.0051 
   NS_SS1354  7 0.0381 0.0299 0.9220 0.0100 
   NS_SS1365  7 0.6038 0.0304 0.3586 0.0071 
   NS_SS1380  7 0.0295 0.0107 0.9421 0.0178 
   NS_SS1329  7 0.0259 0.7819 0.1889 0.0033 
   NS_SS1362  7 0.3544 0.3635 0.2777 0.0044 
   NS_SS1327  7 0.0061 0.9877 0.0031 0.0031 
   NS_SS1350  7 0.7093 0.2707 0.0122 0.0078 
   NS_SS1387  7 0.7933 0.0468 0.1575 0.0023 
   NS_SS1369  7 0.0494 0.8841 0.0630 0.0035 
   NS_SS1331  7 0.7405 0.1596 0.0908 0.0092 
   NS_SS1357  7 0.0753 0.5991 0.3220 0.0037 
   NS_SS1386  7 0.0057 0.9864 0.0053 0.0026 
   NS_SS1353  7 0.1134 0.0393 0.8444 0.0029 
   NS_SS1323  7 0.1536 0.0376 0.7295 0.0792 
   HI_SS0296  8 0.0713 0.9055 0.0213 0.0019 
   HI_SS0297  8 0.8000 0.1759 0.0234 0.0008 
   HI_SS0299  8 0.1152 0.4659 0.3815 0.0374 
   HI_SS0300  8 0.2617 0.4738 0.2634 0.0010 
   HI_SS0301  8 0.6813 0.0723 0.2432 0.0032 
   HI_SS0302  8 0.0347 0.9156 0.0266 0.0230 
   HI_SS0303  8 0.0109 0.9472 0.0363 0.0056 
   HI_SS0304  8 0.8068 0.0283 0.1627 0.0022 
   HI_SS0306  8 0.0086 0.9824 0.0061 0.0030 
   HI_SS0307  8 0.8795 0.0104 0.1028 0.0072 
   HI_SS0308  8 0.6821 0.1006 0.1323 0.0850 
   HI_SS0309  8 0.5958 0.0179 0.3831 0.0031 
   HI_SS0310  8 0.0412 0.2881 0.6639 0.0069 
   HI_SS0311  8 0.5414 0.1344 0.3220 0.0022 
   HI_SS0314  8 0.4106 0.1222 0.4660 0.0013 
   HI_SS0316  8 0.0575 0.8651 0.0735 0.0039 
   HI_SS0317  8 0.9310 0.0318 0.0354 0.0018 
   HI_SS0318  8 0.1289 0.6657 0.0112 0.1942 
   HI_SS0319  8 0.0076 0.9818 0.0064 0.0042 
   HI_SS0320  8 0.9136 0.0058 0.0797 0.0009 
   HI_SS0321  8 0.7193 0.2685 0.0105 0.0017 
   HI_SS0323  8 0.8790 0.0886 0.0309 0.0015 
   HI_SS0325  8 0.0411 0.9074 0.0493 0.0021 
   HI_SS0327  8 0.0268 0.9567 0.0152 0.0013 
   HI_SS0329  8 0.3576 0.0330 0.6083 0.0011 
   HI_SS0333  8 0.5536 0.0321 0.4118 0.0025 
   HI_SS0334  8 0.0385 0.9412 0.0190 0.0014 
   HI_SS0335  8 0.0148 0.0159 0.9538 0.0155 
   HI_SS0339  8 0.0591 0.0251 0.9060 0.0098 
   HI_SS0343  8 0.0181 0.0214 0.9586 0.0018 
   HI_SS0344  8 0.0059 0.9867 0.0042 0.0032 
   HI_SS0345  8 0.0363 0.0527 0.9041 0.0069 
   HI_SS0346  8 0.9009 0.0489 0.0473 0.0029 
   HI_SS0350  8 0.0088 0.0053 0.9784 0.0075 
   HI_SS0351  8 0.0502 0.1451 0.8019 0.0028 
   HI_SS0352  8 0.0223 0.0150 0.8742 0.0884 
   HI_SS0362  8 0.7768 0.2031 0.0179 0.0022 
   HI_SS0363  8 0.0108 0.9695 0.0166 0.0030 
   HI_SS0365  8 0.0591 0.8827 0.0530 0.0052 
   HI_SS0366  8 0.0082 0.9752 0.0152 0.0014 
   HI_SS0367  8 0.0106 0.0050 0.9825 0.0019 
   HI_SS0369  8 0.3080 0.0191 0.6708 0.0021 
   HI_SS0370  8 0.5071 0.1998 0.2900 0.0030 
   HI_SS0371  8 0.2179 0.7397 0.0383 0.0041 
   HI_SS0373  8 0.9255 0.0257 0.0411 0.0077 
   HI_SS0374  8 0.5035 0.0180 0.4520 0.0265 
   HI_SS0377  8 0.0229 0.7824 0.1019 0.0927 
   HI_SS0379  8 0.0040 0.9922 0.0030 0.0009 
   HI_SS0380  8 0.2121 0.0150 0.7669 0.0059 
   HI_SS0381  8 0.3178 0.0091 0.6696 0.0035 
   HI_SS0384  8 0.2258 0.5876 0.1797 0.0068 
   HI_SS0385  8 0.4241 0.5500 0.0246 0.0012 
   HI_SS0386  9 0.0016 0.0015 0.0014 0.9956 
   HI_SS0387  9 0.0131 0.0116 0.0125 0.9628 
   HI_SS0389  9 0.0033 0.0038 0.0040 0.9889 
   HI_SS0390  9 0.0016 0.0017 0.0014 0.9954 
   HI_SS0391  9 0.0023 0.0021 0.0028 0.9927 
   HI_SS0392  9 0.0016 0.0017 0.0017 0.9951 
   HI_SS0393  9 0.0015 0.0016 0.0013 0.9956 
   HI_SS0394  9 0.0017 0.0013 0.0012 0.9958 
   HI_SS0395  9 0.0034 0.0032 0.0036 0.9898 
   HI_SS0396  9 0.0132 0.0080 0.0090 0.9698 
   HI_SS0398  9 0.0051 0.0052 0.0075 0.9822 
   HI_SS0399  9 0.0011 0.0012 0.0009 0.9968 
   HI_SS0400  9 0.0020 0.0019 0.0020 0.9941 
   HI_SS0401  9 0.0016 0.0016 0.0012 0.9956 
   HI_SS0402  9 0.0012 0.0013 0.0013 0.9962 
   HI_SS0403  9 0.0014 0.0013 0.0013 0.9959 
   HI_SS0404  9 0.0014 0.0012 0.0011 0.9963 
   HI_SS0405  9 0.0150 0.0139 0.0224 0.9488 
   HI_SS0406  9 0.0019 0.0023 0.0019 0.9939 
   HI_SS0407  9 0.0077 0.0061 0.0064 0.9798 
   HI_SS0408  9 0.0013 0.0009 0.0013 0.9966 
   HI_SS0409  9 0.0031 0.0029 0.0036 0.9904 
   HI_SS0411  9 0.0026 0.0029 0.0025 0.9920 
   HI_SS0412  9 0.0796 0.0538 0.0534 0.8132 
   HI_SS0413  9 0.0019 0.0017 0.0025 0.9939 
   HI_SS0414  9 0.0173 0.0096 0.0187 0.9543 
   HI_SS0415  9 0.0019 0.0016 0.0018 0.9946 
   HI_SS0416  9 0.0038 0.0033 0.0030 0.9900 
   HI_SS0418  9 0.0054 0.0049 0.0043 0.9855 
   HI_SS0419  9 0.0030 0.0026 0.0028 0.9916 
   HI_SS0420  9 0.0023 0.0022 0.0019 0.9936 
   HI_SS0421  9 0.0046 0.0035 0.0048 0.9871 
   HI_SS0422  9 0.0015 0.0015 0.0018 0.9952 
   HI_SS0423  9 0.0054 0.0036 0.0033 0.9876 
   HI_SS0424  9 0.0017 0.0014 0.0018 0.9952 
   HI_SS0425  9 0.0034 0.0022 0.0039 0.9905 
   NS_SS1146 10 0.0019 0.0021 0.0021 0.9939 
   NS_SS1157 10 0.0063 0.0064 0.0060 0.9812 
   NS_SS1144 10 0.0207 0.0209 0.0130 0.9454 
   NS_SS1074 10 0.0032 0.0037 0.0035 0.9896 
   NS_SS1122 10 0.0041 0.0049 0.0040 0.9870 
   NS_SS1136 10 0.0011 0.0011 0.0012 0.9965 
   NS_SS1077 10 0.0006 0.0009 0.0007 0.9978 
   NS_SS1134 10 0.0130 0.0092 0.0085 0.9692 
   NS_SS1091 10 0.0025 0.0019 0.0021 0.9935 
   NS_SS1089 10 0.0025 0.0032 0.0027 0.9916 
   NS_SS1123 10 0.0014 0.0014 0.0014 0.9958 
   NS_SS1158 10 0.0011 0.0008 0.0010 0.9971 
   NS_SS1093 10 0.0021 0.0021 0.0019 0.9938 
   NS_SS1102 10 0.0058 0.0047 0.0062 0.9833 
   NS_SS1056 10 0.0017 0.0017 0.0015 0.9951 
   NS_SS1126 10 0.0028 0.0029 0.0027 0.9916 
   NS_SS1058 10 0.0035 0.0038 0.0040 0.9887 
   NS_SS1084 10 0.0014 0.0012 0.0013 0.9961 
   NS_SS1095 10 0.0051 0.0066 0.0050 0.9833 
   NS_SS1079 10 0.0012 0.0013 0.0017 0.9958 
   NS_SS1149 10 0.0024 0.0023 0.0024 0.9928 
   NS_SS1121 10 0.0017 0.0013 0.0013 0.9957 
   NS_SS1067 10 0.0054 0.0046 0.0057 0.9843 
   NS_SS1081 10 0.0023 0.0022 0.0021 0.9934 
   NS_SS1130 10 0.0039 0.0024 0.0030 0.9907 
   NS_SS1073 10 0.0030 0.0023 0.0031 0.9916 
   NS_SS1133 10 0.0074 0.0034 0.0102 0.9791 
   NS_SS1129 10 0.0012 0.0013 0.0015 0.9960 
   NS_SS1085 10 0.0020 0.0024 0.0020 0.9936 
   NS_SS1137 10 0.0048 0.0044 0.0041 0.9867 
   NS_SS1135 10 0.0013 0.0010 0.0011 0.9966 
   NS_SS1082 10 0.0018 0.0012 0.0017 0.9953 
   NS_SS1125 10 0.0012 0.0012 0.0013 0.9963 
   NS_SS1124 10 0.0070 0.0049 0.0067 0.9814 
   NS_SS1155 10 0.0076 0.0087 0.0071 0.9766 
   NS_SS1145 10 0.0018 0.0018 0.0020 0.9945 
