   NS_SS0963  1 0.0361 0.0041 0.0071 0.0077 0.9449 
   NS_SS0983  1 0.6511 0.0034 0.0052 0.3194 0.0209 
   NS_SS0719  1 0.7720 0.0045 0.0160 0.0303 0.1771 
   NS_SS1001  1 0.0110 0.0063 0.9184 0.0579 0.0065 
   NS_SS0936  1 0.0223 0.0026 0.0932 0.0357 0.8463 
   NS_SS0955  1 0.0932 0.0035 0.0283 0.5852 0.2898 
   NS_SS0944  1 0.0180 0.0019 0.0620 0.8563 0.0619 
   NS_SS0945  1 0.0351 0.0094 0.5986 0.3392 0.0177 
   NS_SS0922  1 0.3291 0.0288 0.4170 0.0113 0.2139 
   NS_SS0929  1 0.1092 0.0027 0.1962 0.2872 0.4047 
   NS_SS0956  1 0.3643 0.0043 0.5922 0.0161 0.0230 
   NS_SS0906  1 0.1020 0.0028 0.1099 0.0256 0.7598 
   NS_SS0721  1 0.9549 0.0038 0.0105 0.0124 0.0185 
   NS_SS0982  1 0.0574 0.0134 0.0154 0.0098 0.9039 
   NS_SS0923  1 0.2817 0.0045 0.1937 0.0138 0.5062 
   NS_SS0905  1 0.7784 0.0021 0.0403 0.0770 0.1022 
   NS_SS0925  1 0.7319 0.0040 0.0400 0.0076 0.2165 
   NS_SS0947  1 0.0840 0.0051 0.7255 0.0191 0.1662 
   NS_SS0926  1 0.0129 0.0012 0.0146 0.9517 0.0197 
   NS_SS0918  1 0.0645 0.0026 0.3074 0.0556 0.5699 
   NS_SS0966  1 0.1164 0.0480 0.1540 0.0745 0.6071 
   NS_SS0938  1 0.0158 0.0017 0.2906 0.0196 0.6723 
   NS_SS0917  1 0.7707 0.0297 0.1142 0.0149 0.0705 
   NS_SS0957  1 0.0354 0.0067 0.7121 0.0198 0.2260 
   NS_SS0987  1 0.3691 0.2458 0.3182 0.0419 0.0249 
   NS_SS0717  1 0.0417 0.0033 0.9104 0.0165 0.0281 
   NS_SS0986  1 0.1867 0.0041 0.4803 0.1648 0.1641 
   NS_SS0953  1 0.0199 0.0149 0.2069 0.0253 0.7330 
   NS_SS0907  1 0.2588 0.0341 0.0153 0.0158 0.6761 
   NS_SS0974  1 0.2929 0.0037 0.2762 0.3364 0.0908 
   NS_SS0989  1 0.0694 0.0010 0.0176 0.6346 0.2774 
   NS_SS0991  1 0.2079 0.0021 0.0186 0.7337 0.0378 
   NS_SS0994  1 0.0124 0.0020 0.0231 0.9546 0.0079 
   NS_SS0931  1 0.0130 0.0094 0.0064 0.9537 0.0175 
   NS_SS1000  1 0.0712 0.0037 0.8432 0.0137 0.0682 
   NS_SS0919  1 0.3489 0.0024 0.0055 0.0319 0.6113 
   NS_SS0949  1 0.0821 0.0013 0.0068 0.8980 0.0118 
   NS_SS0960  1 0.4529 0.0065 0.0341 0.3823 0.1242 
   NS_SS0716  1 0.0075 0.0063 0.9769 0.0051 0.0042 
   NS_SS0924  1 0.3947 0.0193 0.0424 0.5090 0.0346 
   NS_SS0935  1 0.2477 0.0101 0.0142 0.7140 0.0140 
   NS_SS0952  1 0.0543 0.0381 0.0907 0.6513 0.1656 
   NS_SS0962  1 0.2074 0.0067 0.3463 0.0136 0.4259 
   NS_SS0973  1 0.8750 0.0037 0.0077 0.0430 0.0706 
   NS_SS0722  1 0.0266 0.0024 0.9486 0.0088 0.0136 
   NS_SS0979  1 0.0296 0.0022 0.7956 0.0154 0.1572 
   NS_SS0993  1 0.1231 0.0231 0.4288 0.0266 0.3984 
   NS_SS0958  1 0.0231 0.0025 0.0748 0.8557 0.0438 
   NS_SS0988  1 0.0433 0.0053 0.0285 0.0716 0.8513 
   NS_SS1003  1 0.3842 0.0102 0.0636 0.0145 0.5276 
   NS_SS0976  1 0.0914 0.0020 0.0244 0.6936 0.1885 
   NS_SS0964  1 0.0651 0.0030 0.9130 0.0089 0.0101 
   NS_SS0939  1 0.0087 0.0043 0.9770 0.0052 0.0048 
   NS_SS0990  1 0.0216 0.0040 0.8805 0.0171 0.0768 
   NS_SS0984  1 0.0186 0.0022 0.9584 0.0076 0.0132 
   NS_SS0980  1 0.2073 0.0019 0.0284 0.0393 0.7230 
   NS_SS0978  1 0.7737 0.0030 0.0233 0.0108 0.1891 
   NS_SS0951  1 0.1091 0.0025 0.2939 0.5839 0.0106 
   NS_SS0913  1 0.0493 0.0375 0.8721 0.0146 0.0265 
   NS_SS1002  1 0.0064 0.0289 0.0082 0.0057 0.9509 
   NS_SS0948  1 0.0291 0.0538 0.2425 0.2054 0.4691 
   NS_SS0916  1 0.6081 0.0047 0.0795 0.1087 0.1990 
   NS_SS0995  1 0.8831 0.0027 0.0863 0.0080 0.0198 
   NS_SS0927  1 0.9015 0.0043 0.0256 0.0285 0.0400 
   NS_SS0992  1 0.5164 0.0026 0.0225 0.0354 0.4230 
   NS_SS0912  1 0.2064 0.0032 0.0539 0.6805 0.0560 
   NS_SS0981  1 0.6073 0.0036 0.1651 0.0622 0.1618 
   NS_SS0729  2 0.1041 0.0036 0.0129 0.8542 0.0252 
   NS_SS0967  2 0.1560 0.0099 0.0183 0.0535 0.7623 
   NS_SS0941  2 0.1249 0.0873 0.5171 0.1027 0.1679 
   NS_SS0768  2 0.0420 0.0046 0.3010 0.0295 0.6228 
   NS_SS0726  2 0.1669 0.0078 0.0221 0.4483 0.3548 
   NS_SS0763  2 0.3829 0.0021 0.0824 0.5168 0.0158 
   NS_SS0730  2 0.0882 0.0039 0.5969 0.0304 0.2806 
   NS_SS0774  2 0.0195 0.0008 0.8180 0.0050 0.1568 
   NS_SS0723  2 0.2144 0.0015 0.0452 0.0051 0.7338 
   NS_SS0940  2 0.5878 0.0077 0.0805 0.2903 0.0338 
   NS_SS0762  2 0.0096 0.0026 0.9718 0.0079 0.0081 
   NS_SS0766  2 0.2233 0.0146 0.5701 0.1753 0.0166 
   NS_SS0724  2 0.0515 0.0047 0.7468 0.0384 0.1586 
   NS_SS0769  2 0.4950 0.0039 0.1265 0.0174 0.3572 
   NS_SS0777  2 0.5708 0.0115 0.0353 0.3692 0.0132 
   NS_SS0734  2 0.6151 0.0226 0.1468 0.2039 0.0116 
   NS_SS0737  2 0.0302 0.0058 0.7902 0.0103 0.1636 
   NS_SS0732  2 0.9253 0.0047 0.0346 0.0095 0.0259 
   NS_SS0728  2 0.5124 0.0101 0.1694 0.0259 0.2821 
   NS_SS0735  2 0.8510 0.0071 0.0690 0.0146 0.0583 
   NS_SS0725  2 0.0064 0.0074 0.9380 0.0200 0.0282 
   NS_SS0788  2 0.7170 0.0013 0.0119 0.0089 0.2609 
   NS_SS0778  2 0.7687 0.0017 0.0110 0.0252 0.1933 
   NS_SS0792  2 0.1433 0.0049 0.0373 0.0311 0.7834 
   NS_SS0943  2 0.0171 0.0080 0.0107 0.8948 0.0693 
   NS_SS0791  2 0.8765 0.0135 0.0148 0.0739 0.0213 
   NS_SS0790  2 0.0169 0.0043 0.9460 0.0044 0.0283 
   NS_SS0731  2 0.0219 0.0124 0.9427 0.0105 0.0125 
   NS_SS0727  2 0.0468 0.0022 0.2777 0.6524 0.0208 
   NS_SS0779  2 0.8688 0.0048 0.0596 0.0388 0.0280 
   NS_SS0776  2 0.0955 0.0080 0.6647 0.1503 0.0815 
   NS_SS0775  2 0.0101 0.0057 0.9630 0.0080 0.0132 
   NS_SS0965  3 0.2533 0.0017 0.0228 0.0345 0.6877 
   NS_SS0754  3 0.5775 0.0124 0.0233 0.3336 0.0533 
   NS_SS0838  3 0.5080 0.0400 0.3270 0.1072 0.0178 
   NS_SS0839  3 0.0363 0.0033 0.8840 0.0051 0.0713 
   NS_SS0832  3 0.0346 0.0400 0.0166 0.0048 0.9040 
   NS_SS0820  3 0.2367 0.0060 0.2050 0.0050 0.5473 
   NS_SS0886  3 0.7624 0.0023 0.0176 0.1531 0.0646 
   NS_SS0748  3 0.0706 0.0089 0.1313 0.6569 0.1324 
   NS_SS0884  3 0.0620 0.0229 0.1224 0.0454 0.7473 
   NS_SS0752  3 0.7880 0.0022 0.0951 0.0196 0.0951 
   NS_SS0862  3 0.8633 0.0039 0.0440 0.0087 0.0801 
   NS_SS0787  3 0.0419 0.0073 0.0229 0.9124 0.0155 
   NS_SS0843  3 0.8771 0.0017 0.0569 0.0302 0.0341 
   NS_SS0856  3 0.2829 0.0033 0.5384 0.0130 0.1623 
   NS_SS0846  3 0.0311 0.0026 0.0095 0.0460 0.9108 
   NS_SS0825  3 0.1739 0.0098 0.0333 0.0335 0.7494 
   NS_SS0757  3 0.8210 0.0032 0.0431 0.0791 0.0537 
   NS_SS0876  3 0.5614 0.2115 0.0594 0.0072 0.1605 
   NS_SS0903  3 0.6731 0.0024 0.0258 0.0084 0.2903 
   NS_SS0875  3 0.2854 0.0039 0.5711 0.0464 0.0933 
   NS_SS0740  3 0.8989 0.0028 0.0323 0.0272 0.0388 
   NS_SS0811  3 0.0537 0.0085 0.8995 0.0134 0.0249 
   NS_SS0751  3 0.4105 0.0026 0.3438 0.0926 0.1505 
   NS_SS0891  3 0.0138 0.0058 0.9564 0.0113 0.0126 
   NS_SS0867  3 0.0619 0.0208 0.0095 0.2135 0.6944 
   NS_SS0890  3 0.8544 0.0038 0.0581 0.0583 0.0254 
   NS_SS0866  3 0.0340 0.0058 0.1909 0.6705 0.0987 
   NS_SS0755  3 0.1065 0.0077 0.6273 0.0591 0.1994 
   NS_SS0758  3 0.7691 0.0025 0.0318 0.0649 0.1317 
   NS_SS0840  3 0.2683 0.0023 0.4657 0.0131 0.2506 
   NS_SS0889  3 0.0384 0.0027 0.0666 0.8684 0.0239 
   NS_SS1010  3 0.0429 0.0409 0.1401 0.0362 0.7400 
   NS_SS0888  3 0.4893 0.0016 0.0141 0.4793 0.0157 
   NS_SS0837  3 0.1567 0.0030 0.3611 0.0949 0.3844 
   NS_SS0794  3 0.0238 0.0025 0.0531 0.8714 0.0492 
   NS_SS0823  3 0.2731 0.0046 0.2917 0.0329 0.3977 
   NS_SS0829  3 0.0738 0.1356 0.0199 0.7332 0.0375 
   NS_SS0844  3 0.0287 0.0018 0.0451 0.0059 0.9185 
   NS_SS1008  3 0.0711 0.0125 0.4894 0.4121 0.0149 
   NS_SS0881  3 0.3204 0.0023 0.2156 0.3602 0.1015 
   NS_SS0834  3 0.0273 0.0060 0.9016 0.0153 0.0497 
   NS_SS0744  3 0.6703 0.0059 0.0117 0.0140 0.2981 
   NS_SS0899  3 0.0406 0.0017 0.9241 0.0055 0.0282 
   NS_SS0804  3 0.1116 0.0041 0.1162 0.0062 0.7619 
   NS_SS0781  3 0.0674 0.0027 0.0915 0.0041 0.8344 
   NS_SS0822  3 0.0789 0.0021 0.0206 0.8831 0.0153 
   NS_SS1004  3 0.4334 0.0037 0.0167 0.0581 0.4881 
   NS_SS0746  3 0.1503 0.0135 0.3486 0.3942 0.0934 
   NS_SS0880  3 0.2610 0.0019 0.1068 0.3100 0.3203 
   NS_SS0879  3 0.0133 0.0138 0.7959 0.0289 0.1481 
   NS_SS0753  3 0.6034 0.0105 0.0131 0.2874 0.0855 
   NS_SS1007  3 0.9573 0.0018 0.0161 0.0100 0.0148 
   NS_SS0872  3 0.2375 0.0020 0.1416 0.0224 0.5965 
   NS_SS1005  3 0.2391 0.0010 0.2662 0.0329 0.4608 
   NS_SS0892  3 0.5732 0.0023 0.2222 0.0857 0.1165 
   NS_SS0898  3 0.0207 0.0069 0.1763 0.6952 0.1008 
   NS_SS0801  3 0.6065 0.0110 0.1621 0.0241 0.1963 
   NS_SS0827  3 0.2190 0.1338 0.2504 0.3691 0.0277 
   NS_SS0853  3 0.0469 0.0043 0.9137 0.0124 0.0227 
   NS_SS0780  3 0.3596 0.0033 0.0488 0.0057 0.5826 
   NS_SS0826  3 0.0143 0.0032 0.0164 0.1094 0.8567 
   NS_SS0818  3 0.0466 0.0014 0.0470 0.0155 0.8895 
   NS_SS0745  3 0.0060 0.0012 0.9750 0.0079 0.0100 
   NS_SS0849  3 0.7661 0.0017 0.0820 0.0210 0.1292 
   NS_SS0739  3 0.9391 0.0107 0.0255 0.0089 0.0158 
   NS_SS0799  3 0.4482 0.0008 0.0208 0.5067 0.0235 
   NS_SS0756  3 0.0829 0.0030 0.0254 0.0132 0.8755 
   NS_SS0802  3 0.6704 0.1947 0.0081 0.0148 0.1120 
   NS_SS0747  3 0.8398 0.0049 0.0150 0.0057 0.1346 
   NS_SS0835  3 0.0629 0.0011 0.0202 0.5794 0.3363 
   NS_SS0742  3 0.8314 0.0010 0.0257 0.0122 0.1298 
   NS_SS0760  3 0.0489 0.0386 0.0122 0.8857 0.0146 
   NS_SS0803  3 0.0148 0.0069 0.0148 0.0072 0.9563 
   NS_SS0828  3 0.4274 0.0015 0.0912 0.3423 0.1377 
   NS_SS0865  3 0.6885 0.0227 0.0301 0.0241 0.2345 
   NS_SS0759  3 0.9001 0.0041 0.0721 0.0058 0.0179 
   NS_SS0851  3 0.0163 0.0141 0.9450 0.0078 0.0167 
   NS_SS0874  3 0.0593 0.0016 0.3560 0.0118 0.5713 
   NS_SS0761  3 0.0905 0.0029 0.0352 0.5320 0.3394 
   NS_SS0842  3 0.0291 0.0102 0.6526 0.1863 0.1218 
   NS_SS0785  3 0.2616 0.0053 0.0283 0.0947 0.6101 
   NS_SS0860  3 0.7157 0.0025 0.0239 0.1850 0.0729 
   NS_SS0897  3 0.0121 0.0018 0.0108 0.9640 0.0112 
   NS_SS0841  3 0.4439 0.0033 0.4021 0.0215 0.1292 
   NS_SS0797  3 0.0146 0.0305 0.0178 0.9201 0.0170 
   NS_SS0830  3 0.2705 0.0025 0.3453 0.2958 0.0859 
   NS_SS1011  3 0.0226 0.0047 0.0118 0.0075 0.9534 
   NS_SS0883  3 0.9678 0.0045 0.0074 0.0130 0.0073 
   NS_SS0782  3 0.0739 0.0023 0.7397 0.1336 0.0505 
   NS_SS0831  3 0.2249 0.0038 0.0481 0.6983 0.0249 
   NS_SS0749  3 0.9560 0.0028 0.0083 0.0173 0.0155 
   NS_SS0854  3 0.4361 0.0028 0.2028 0.2267 0.1316 
   HI_SS0193  4 0.0101 0.0016 0.0336 0.9451 0.0095 
   HI_SS0194  4 0.0109 0.0019 0.8162 0.0401 0.1308 
   HI_SS0195  4 0.3538 0.1012 0.1720 0.0087 0.3643 
   HI_SS0196  4 0.5225 0.0027 0.4117 0.0486 0.0146 
   HI_SS0197  4 0.0205 0.0097 0.0089 0.0029 0.9581 
   HI_SS0198  4 0.8657 0.0078 0.0619 0.0261 0.0384 
   HI_SS0199  4 0.4983 0.0025 0.0187 0.3081 0.1724 
   HI_SS0201  4 0.0515 0.0020 0.0076 0.9193 0.0195 
   HI_SS0215  4 0.4806 0.0033 0.0116 0.1357 0.3688 
   HI_SS0218  4 0.0180 0.0052 0.0165 0.9519 0.0084 
   HI_SS0222  4 0.7435 0.0041 0.1784 0.0538 0.0201 
   HI_SS0230  4 0.3092 0.0058 0.1534 0.0197 0.5118 
   HI_SS0234  4 0.0521 0.1382 0.0188 0.0281 0.7628 
   HI_SS0240  4 0.9098 0.0060 0.0501 0.0080 0.0261 
   HI_SS0241  4 0.0463 0.0024 0.0530 0.6910 0.2074 
   HI_SS0242  4 0.0984 0.0033 0.3176 0.2807 0.3001 
   HI_SS0247  4 0.0061 0.0192 0.0217 0.0167 0.9363 
   HI_SS0248  4 0.0125 0.0009 0.0103 0.9707 0.0057 
   HI_SS0252  4 0.0442 0.0024 0.3920 0.0574 0.5040 
   HI_SS0254  4 0.1721 0.0985 0.0194 0.6064 0.1036 
   HI_SS0256  4 0.0083 0.0014 0.0433 0.0030 0.9440 
   HI_SS0257  4 0.0965 0.0030 0.0083 0.0990 0.7932 
   HI_SS0258  4 0.0199 0.0048 0.0180 0.9316 0.0257 
   HI_SS0259  4 0.1851 0.0032 0.3533 0.0320 0.4264 
   HI_SS0260  4 0.2872 0.0018 0.1134 0.5806 0.0171 
   HI_SS0261  4 0.1348 0.0033 0.0868 0.7135 0.0615 
   HI_SS0262  4 0.0867 0.0065 0.1193 0.0117 0.7759 
   HI_SS0264  4 0.0276 0.0039 0.8952 0.0123 0.0610 
   HI_SS0265  4 0.1581 0.1113 0.2764 0.0323 0.4219 
   HI_SS0268  4 0.3286 0.0033 0.3366 0.1893 0.1423 
   HI_SS0269  4 0.1865 0.0017 0.0093 0.5747 0.2278 
   HI_SS0273  4 0.1000 0.0017 0.0235 0.8117 0.0631 
   HI_SS0277  4 0.0388 0.0025 0.0084 0.0134 0.9368 
   HI_SS0280  4 0.1692 0.0057 0.5728 0.2167 0.0357 
   HI_SS0282  4 0.2372 0.0011 0.0110 0.6812 0.0696 
   HI_SS0286  4 0.4666 0.0080 0.0421 0.1450 0.3383 
   NS_SS1252  5 0.0276 0.0039 0.0139 0.9418 0.0128 
   NS_SS1261  5 0.0697 0.0147 0.0187 0.0241 0.8728 
   NS_SS1225  5 0.1557 0.1073 0.0181 0.2600 0.4589 
   NS_SS1266  5 0.1162 0.0092 0.3037 0.0060 0.5649 
   NS_SS1228  5 0.3713 0.0131 0.5069 0.0223 0.0863 
   NS_SS1255  5 0.0100 0.0014 0.9528 0.0257 0.0101 
   NS_SS1267  5 0.1386 0.0131 0.0070 0.8349 0.0063 
   NS_SS1238  5 0.0954 0.0025 0.2582 0.5410 0.1029 
   NS_SS1233  5 0.0431 0.0019 0.6312 0.1603 0.1635 
   NS_SS1277  5 0.0068 0.0009 0.0144 0.9714 0.0065 
   NS_SS1245  5 0.0781 0.0018 0.2051 0.6911 0.0239 
   NS_SS1240  5 0.1216 0.0020 0.0095 0.8564 0.0105 
   NS_SS1275  5 0.0061 0.0023 0.1105 0.0049 0.8762 
   NS_SS1235  5 0.0232 0.0050 0.0948 0.0301 0.8469 
   NS_SS1263  5 0.0239 0.0014 0.8619 0.0285 0.0842 
   NS_SS1251  5 0.0323 0.0017 0.1585 0.0247 0.7828 
   NS_SS1248  5 0.0338 0.1235 0.0823 0.6942 0.0662 
   NS_SS1244  5 0.0275 0.0044 0.0052 0.1918 0.7711 
   NS_SS1257  5 0.4790 0.0281 0.0196 0.4561 0.0171 
   NS_SS1242  5 0.0167 0.0027 0.9406 0.0077 0.0323 
   NS_SS1271  5 0.0163 0.0267 0.0106 0.9360 0.0104 
   NS_SS1265  5 0.0692 0.0233 0.1926 0.6658 0.0491 
   NS_SS1243  5 0.2179 0.0864 0.6405 0.0414 0.0138 
   NS_SS1273  5 0.0296 0.0104 0.9282 0.0113 0.0204 
   NS_SS1254  5 0.0151 0.0057 0.7121 0.0143 0.2528 
   NS_SS1224  5 0.1131 0.0092 0.7290 0.0122 0.1365 
   NS_SS1227  5 0.2424 0.0022 0.1882 0.5157 0.0515 
   NS_SS1274  5 0.4450 0.0186 0.0655 0.4452 0.0256 
   NS_SS1241  5 0.0099 0.0009 0.0224 0.9020 0.0648 
   NS_SS1256  5 0.0127 0.0426 0.0883 0.2739 0.5826 
   NS_SS1260  5 0.5382 0.0677 0.0151 0.2432 0.1358 
   NS_SS1262  5 0.1033 0.1760 0.0232 0.4506 0.2469 
   NS_SS1230  5 0.1931 0.0088 0.1041 0.6440 0.0500 
   NS_SS1270  5 0.0825 0.0021 0.0143 0.0152 0.8858 
   NS_SS1229  5 0.0228 0.0034 0.0152 0.0078 0.9508 
   NS_SS1246  5 0.0347 0.0031 0.0846 0.6005 0.2770 
   NS_SS1269  5 0.8794 0.0024 0.0719 0.0281 0.0182 
   NS_SS1239  5 0.6565 0.0051 0.1145 0.0207 0.2032 
   NS_SS1272  5 0.0127 0.0046 0.0612 0.0117 0.9097 
   NS_SS1268  5 0.6894 0.0023 0.2698 0.0197 0.0188 
   NS_SS1249  5 0.0228 0.0103 0.0140 0.9390 0.0140 
   HI_SS0559  6 0.6244 0.0016 0.1529 0.2005 0.0206 
   HI_SS0563  6 0.1664 0.0031 0.0846 0.3933 0.3525 
   HI_SS0564  6 0.7764 0.0497 0.0574 0.0297 0.0869 
   HI_SS0565  6 0.3886 0.0036 0.0826 0.1037 0.4214 
   HI_SS0569  6 0.1161 0.0027 0.0078 0.7249 0.1486 
   HI_SS0570  6 0.0793 0.0485 0.0877 0.7499 0.0346 
   HI_SS0572  6 0.1653 0.0028 0.7268 0.0122 0.0928 
   HI_SS0576  6 0.7709 0.0057 0.1292 0.0233 0.0709 
   HI_SS0579  6 0.3933 0.0170 0.0177 0.4258 0.1463 
   HI_SS0580  6 0.0927 0.0051 0.5396 0.2569 0.1057 
   HI_SS0581  6 0.5054 0.0574 0.2156 0.0082 0.2134 
   HI_SS0583  6 0.1248 0.0026 0.3688 0.4655 0.0383 
   HI_SS0586  6 0.0120 0.0012 0.0153 0.9634 0.0080 
   HI_SS0588  6 0.2322 0.0212 0.0504 0.5956 0.1005 
   HI_SS0595  6 0.0546 0.0313 0.1172 0.5438 0.2531 
   HI_SS0596  6 0.0174 0.0021 0.9605 0.0088 0.0112 
   HI_SS0597  6 0.0294 0.0022 0.2622 0.0109 0.6953 
   HI_SS0600  6 0.0756 0.0030 0.0082 0.0411 0.8720 
   HI_SS0601  6 0.0346 0.0084 0.0073 0.0306 0.9191 
   HI_SS0602  6 0.8687 0.0027 0.0652 0.0452 0.0182 
   HI_SS0604  6 0.5989 0.0015 0.2703 0.0942 0.0351 
   HI_SS0605  6 0.9619 0.0050 0.0125 0.0133 0.0074 
   HI_SS0608  6 0.0157 0.0009 0.8996 0.0652 0.0187 
   HI_SS0609  6 0.0195 0.0008 0.2376 0.0170 0.7250 
   HI_SS0611  6 0.6004 0.0027 0.0357 0.3416 0.0196 
   HI_SS0612  6 0.0307 0.0060 0.0117 0.0451 0.9065 
   HI_SS0613  6 0.9023 0.0015 0.0599 0.0182 0.0181 
   HI_SS0615  6 0.8044 0.0098 0.0817 0.0110 0.0931 
   HI_SS0001  6 0.0186 0.0042 0.1470 0.5066 0.3235 
   HI_SS0002  6 0.0226 0.0222 0.0253 0.0090 0.9209 
   HI_SS0004  6 0.0534 0.0059 0.5112 0.4229 0.0066 
   HI_SS0005  6 0.9350 0.0056 0.0134 0.0275 0.0185 
   HI_SS0006  6 0.0317 0.0017 0.0111 0.0632 0.8922 
   HI_SS0007  6 0.0465 0.0024 0.0267 0.9173 0.0071 
   HI_SS0008  6 0.2875 0.0369 0.0285 0.0525 0.5946 
   HI_SS0009  6 0.1006 0.0046 0.8214 0.0486 0.0248 
   HI_SS0010  6 0.0625 0.0038 0.1152 0.7996 0.0189 
   HI_SS0011  6 0.0251 0.0965 0.2424 0.0626 0.5734 
   HI_SS0012  6 0.7605 0.0050 0.0173 0.0063 0.2109 
   HI_SS0017  6 0.0052 0.0021 0.9758 0.0085 0.0084 
   HI_SS0021  6 0.0444 0.2351 0.1265 0.5693 0.0247 
   HI_SS0024  6 0.0598 0.0020 0.7646 0.1315 0.0421 
   HI_SS0025  6 0.0123 0.0031 0.9695 0.0072 0.0079 
   HI_SS0027  6 0.3068 0.0117 0.0096 0.6621 0.0099 
   HI_SS0028  6 0.1910 0.0018 0.5647 0.0102 0.2324 
   HI_SS0029  6 0.0511 0.0067 0.9008 0.0265 0.0149 
   HI_SS0030  6 0.2701 0.0053 0.1917 0.4184 0.1145 
   HI_SS0031  6 0.0757 0.0029 0.0118 0.0174 0.8922 
   HI_SS0034  6 0.0821 0.0050 0.0152 0.8747 0.0231 
   HI_SS0036  6 0.0620 0.0167 0.0163 0.8774 0.0275 
   HI_SS0037  6 0.1094 0.0045 0.4476 0.4128 0.0257 
   HI_SS0039  6 0.0422 0.0030 0.1147 0.7808 0.0593 
   HI_SS0041  6 0.0746 0.0019 0.9053 0.0073 0.0110 
   HI_SS0042  6 0.2863 0.1191 0.4981 0.0145 0.0821 
   HI_SS0043  6 0.0525 0.0027 0.0059 0.9269 0.0121 
   HI_SS0044  6 0.0210 0.0022 0.8911 0.0766 0.0091 
   HI_SS0047  6 0.7354 0.0024 0.0749 0.0348 0.1526 
   HI_SS0049  6 0.0294 0.0046 0.9089 0.0397 0.0174 
   HI_SS0051  6 0.9301 0.0017 0.0329 0.0215 0.0139 
   HI_SS0053  6 0.2629 0.0042 0.0147 0.7002 0.0180 
   HI_SS0054  6 0.0123 0.0037 0.0061 0.9612 0.0169 
   HI_SS0057  6 0.1982 0.0039 0.3347 0.1713 0.2920 
   HI_SS0058  6 0.2717 0.0088 0.3749 0.1598 0.1849 
   HI_SS0060  6 0.2811 0.0884 0.0412 0.3952 0.1941 
   HI_SS0087  6 0.4611 0.0022 0.0254 0.2049 0.3065 
   HI_SS0091  6 0.0320 0.0012 0.0076 0.1905 0.7687 
   HI_SS0095  6 0.8159 0.0435 0.0182 0.0184 0.1040 
   HI_SS0097  6 0.4824 0.0049 0.0106 0.0393 0.4627 
   HI_SS0099  6 0.0102 0.0029 0.9631 0.0122 0.0115 
   HI_SS0103  6 0.5302 0.0028 0.0896 0.0115 0.3658 
   HI_SS0105  6 0.1158 0.0249 0.0315 0.0206 0.8073 
   HI_SS0107  6 0.0233 0.0011 0.4301 0.0133 0.5322 
   HI_SS0108  6 0.0167 0.0228 0.0072 0.9441 0.0092 
   HI_SS0110  6 0.0795 0.0013 0.0155 0.0163 0.8874 
   HI_SS0111  6 0.7434 0.0245 0.0182 0.0164 0.1975 
   HI_SS0112  6 0.0096 0.0013 0.0056 0.9771 0.0064 
   HI_SS0113  6 0.0460 0.0034 0.7617 0.0214 0.1675 
   HI_SS0114  6 0.4803 0.0059 0.0131 0.4648 0.0359 
   HI_SS0115  6 0.6402 0.0176 0.2605 0.0671 0.0147 
   HI_SS0116  6 0.0359 0.0036 0.5253 0.3519 0.0833 
   HI_SS0117  6 0.0144 0.0021 0.0095 0.2880 0.6859 
   HI_SS0118  6 0.1593 0.0116 0.5054 0.1814 0.1422 
   HI_SS0119  6 0.3414 0.0017 0.0066 0.1207 0.5295 
   HI_SS0120  6 0.0071 0.0032 0.9514 0.0115 0.0269 
   HI_SS0121  6 0.0717 0.0015 0.0726 0.0064 0.8479 
   HI_SS0122  6 0.0849 0.0209 0.0588 0.0386 0.7968 
   HI_SS0123  6 0.5983 0.0048 0.0882 0.0154 0.2933 
   HI_SS0124  6 0.0167 0.0027 0.9572 0.0056 0.0178 
   HI_SS0125  6 0.4061 0.0391 0.1587 0.0083 0.3878 
   HI_SS0126  6 0.0069 0.0009 0.0738 0.9119 0.0065 
   HI_SS0127  6 0.8783 0.0079 0.0199 0.0821 0.0118 
   HI_SS0128  6 0.0381 0.0034 0.2885 0.3132 0.3568 
   HI_SS0129  6 0.6095 0.0100 0.0622 0.3019 0.0165 
   HI_SS0131  6 0.0244 0.0370 0.0247 0.7840 0.1299 
   HI_SS0132  6 0.0884 0.0006 0.0350 0.1249 0.7512 
   HI_SS0133  6 0.0027 0.0012 0.0026 0.9901 0.0034 
   HI_SS0134  6 0.0978 0.0019 0.0396 0.1163 0.7444 
   HI_SS0142  6 0.0424 0.0120 0.0092 0.0052 0.9311 
   HI_SS0145  6 0.4628 0.0015 0.0286 0.3409 0.1662 
   HI_SS0146  6 0.0214 0.0010 0.0148 0.9459 0.0169 
   HI_SS0147  6 0.0205 0.0183 0.0572 0.0055 0.8985 
   HI_SS0149  6 0.0124 0.0040 0.0152 0.0482 0.9203 
   HI_SS0150  6 0.3431 0.0047 0.4266 0.0394 0.1862 
   HI_SS0151  6 0.9448 0.0104 0.0073 0.0230 0.0145 
   NS_SS1451  6 0.2421 0.0028 0.7049 0.0084 0.0418 
   NS_SS1404  6 0.0408 0.0110 0.8353 0.0131 0.0998 
   NS_SS1432  6 0.1159 0.0376 0.6186 0.0069 0.2211 
   NS_SS1405  6 0.1159 0.0032 0.7457 0.0999 0.0353 
   NS_SS1431  6 0.0315 0.0009 0.9410 0.0120 0.0145 
   NS_SS1402  6 0.1185 0.0024 0.0607 0.0180 0.8004 
   NS_SS1450  6 0.1820 0.0042 0.3536 0.4378 0.0224 
   NS_SS1396  6 0.6407 0.0071 0.0777 0.0289 0.2457 
   NS_SS1393  6 0.7199 0.0032 0.0211 0.0144 0.2413 
   NS_SS1392  6 0.0527 0.0178 0.8839 0.0284 0.0171 
   NS_SS1445  6 0.3527 0.0109 0.0165 0.5396 0.0803 
   NS_SS1423  6 0.0389 0.0017 0.0184 0.3251 0.6158 
   NS_SS1421  6 0.0270 0.0943 0.0293 0.8234 0.0260 
   NS_SS1411  6 0.2829 0.0017 0.0429 0.6615 0.0111 
   NS_SS1453  6 0.2969 0.0055 0.0808 0.2533 0.3635 
   NS_SS1442  6 0.6264 0.0039 0.1561 0.1049 0.1087 
   NS_SS1422  6 0.0250 0.0096 0.0084 0.0368 0.9202 
   NS_SS1419  6 0.0331 0.1598 0.7034 0.0240 0.0796 
   NS_SS1427  6 0.0062 0.0016 0.0088 0.9718 0.0115 
   NS_SS1444  6 0.0492 0.0037 0.9038 0.0196 0.0237 
   NS_SS1455  6 0.0290 0.0011 0.8354 0.0222 0.1123 
   NS_SS1425  6 0.1754 0.0016 0.0039 0.8060 0.0131 
   NS_SS1400  6 0.0061 0.0013 0.0139 0.9701 0.0086 
   NS_SS1406  6 0.1552 0.0071 0.0869 0.0055 0.7454 
   NS_SS1417  6 0.0156 0.0070 0.1842 0.1405 0.6528 
   NS_SS1454  6 0.0618 0.0015 0.6209 0.2769 0.0389 
   NS_SS1412  6 0.2836 0.0259 0.2922 0.1598 0.2385 
   NS_SS1438  6 0.0639 0.0015 0.0206 0.8601 0.0539 
   NS_SS1416  6 0.7423 0.0059 0.1502 0.0101 0.0915 
   NS_SS1401  6 0.0973 0.0129 0.0419 0.0120 0.8358 
   NS_SS1424  6 0.0449 0.0106 0.0190 0.3832 0.5423 
   NS_SS1435  6 0.1250 0.0028 0.1312 0.5916 0.1494 
   NS_SS1447  6 0.0534 0.0081 0.8748 0.0225 0.0412 
   NS_SS1414  6 0.0069 0.0072 0.9536 0.0126 0.0197 
   NS_SS1449  6 0.0520 0.0036 0.0185 0.0255 0.9004 
   NS_SS1443  6 0.1845 0.0021 0.0099 0.7713 0.0322 
   NS_SS1434  6 0.0376 0.0006 0.6082 0.3061 0.0475 
   NS_SS1398  6 0.5241 0.0207 0.3598 0.0860 0.0093 
   NS_SS1426  6 0.1627 0.0016 0.0093 0.8041 0.0223 
   NS_SS1413  6 0.0109 0.0109 0.0132 0.9576 0.0073 
   NS_SS1395  6 0.9076 0.0074 0.0077 0.0545 0.0228 
   NS_SS1448  6 0.0197 0.0017 0.0906 0.8790 0.0089 
   NS_SS1446  6 0.0500 0.0028 0.0390 0.0433 0.8649 
   NS_SS1403  6 0.4600 0.0055 0.0402 0.0160 0.4783 
   NS_SS1415  6 0.0290 0.0096 0.0074 0.9274 0.0265 
   NS_SS1437  6 0.0379 0.0103 0.5643 0.0780 0.3095 
   NS_SS1439  6 0.0620 0.0025 0.0251 0.0072 0.9033 
   NS_SS1441  6 0.1211 0.0026 0.1456 0.5379 0.1928 
   NS_SS1420  6 0.1527 0.0035 0.8257 0.0082 0.0098 
   NS_SS1394  6 0.5234 0.0305 0.4294 0.0068 0.0098 
   NS_SS1391  6 0.0781 0.0149 0.4514 0.3102 0.1453 
   NS_SS1410  6 0.0202 0.0117 0.0961 0.0261 0.8459 
   NS_SS1408  6 0.8783 0.0433 0.0148 0.0260 0.0375 
   NS_SS1409  6 0.5073 0.0025 0.1650 0.1064 0.2188 
   HI_SS0617  7 0.3963 0.0014 0.4645 0.0161 0.1218 
   HI_SS0618  7 0.9434 0.0020 0.0257 0.0100 0.0188 
   HI_SS0619  7 0.0217 0.0035 0.9434 0.0237 0.0077 
   HI_SS0620  7 0.0245 0.0027 0.0045 0.9607 0.0076 
   HI_SS0621  7 0.2370 0.0203 0.4590 0.0266 0.2573 
   HI_SS0622  7 0.0734 0.0155 0.2408 0.5989 0.0714 
   HI_SS0626  7 0.5352 0.0086 0.4123 0.0239 0.0199 
   HI_SS0627  7 0.0101 0.0082 0.0143 0.0048 0.9626 
   HI_SS0628  7 0.0907 0.0634 0.2199 0.5527 0.0733 
   HI_SS0629  7 0.5942 0.0065 0.0905 0.1460 0.1628 
   HI_SS0630  7 0.1231 0.0571 0.1662 0.6310 0.0226 
   HI_SS0631  7 0.0174 0.0010 0.0148 0.9538 0.0131 
   HI_SS0632  7 0.1706 0.0031 0.2341 0.5094 0.0827 
   HI_SS0633  7 0.0135 0.0031 0.9584 0.0088 0.0161 
   HI_SS0634  7 0.3364 0.0021 0.0356 0.0180 0.6078 
   HI_SS0635  7 0.2268 0.0084 0.3857 0.0433 0.3357 
   HI_SS0637  7 0.9523 0.0022 0.0058 0.0067 0.0330 
   HI_SS0638  7 0.1487 0.0012 0.0424 0.6652 0.1425 
   HI_SS0639  7 0.6686 0.0413 0.2305 0.0068 0.0527 
   HI_SS0640  7 0.6776 0.0021 0.0302 0.2535 0.0366 
   HI_SS0641  7 0.3505 0.0053 0.3599 0.2733 0.0110 
   HI_SS0642  7 0.0276 0.0021 0.0394 0.0403 0.8906 
   HI_SS0645  7 0.0797 0.0008 0.8992 0.0083 0.0119 
   HI_SS0646  7 0.0450 0.0026 0.0127 0.0192 0.9205 
   HI_SS0647  7 0.0149 0.0013 0.2699 0.6969 0.0170 
   HI_SS0648  7 0.2778 0.0026 0.4585 0.0963 0.1647 
   HI_SS0649  7 0.6823 0.0016 0.1412 0.0143 0.1607 
   HI_SS0650  7 0.9319 0.0031 0.0426 0.0111 0.0113 
   HI_SS0651  7 0.3729 0.0039 0.2058 0.1063 0.3110 
   HI_SS0652  7 0.1503 0.0035 0.8242 0.0124 0.0096 
   NS_SS1371  7 0.7272 0.0051 0.0107 0.0594 0.1975 
   NS_SS1374  7 0.2601 0.0032 0.1211 0.5676 0.0479 
   NS_SS1337  7 0.1818 0.0028 0.1305 0.0209 0.6640 
   NS_SS1385  7 0.1247 0.0047 0.2700 0.0489 0.5517 
   NS_SS1388  7 0.0086 0.0052 0.9627 0.0154 0.0081 
   NS_SS1370  7 0.6238 0.0090 0.0141 0.0259 0.3272 
   NS_SS1389  7 0.0052 0.0027 0.9816 0.0067 0.0037 
   NS_SS1360  7 0.4907 0.0047 0.0133 0.4637 0.0275 
   NS_SS1330  7 0.9173 0.0032 0.0223 0.0051 0.0521 
   NS_SS1328  7 0.0150 0.0021 0.0416 0.9212 0.0201 
   NS_SS1384  7 0.4212 0.0039 0.0231 0.1639 0.3879 
   NS_SS1381  7 0.1356 0.0010 0.4645 0.0142 0.3848 
   NS_SS1375  7 0.0355 0.0012 0.9330 0.0196 0.0106 
   NS_SS1319  7 0.0790 0.0912 0.1108 0.0334 0.6856 
   NS_SS1326  7 0.0091 0.0089 0.0298 0.9419 0.0103 
   NS_SS1341  7 0.1214 0.0044 0.0216 0.0319 0.8207 
   NS_SS1383  7 0.1561 0.0044 0.0066 0.0529 0.7799 
   NS_SS1318  7 0.2500 0.0179 0.6709 0.0451 0.0161 
   NS_SS1348  7 0.0151 0.0015 0.0046 0.9563 0.0225 
   NS_SS1363  7 0.2132 0.0044 0.0503 0.0361 0.6960 
   NS_SS1335  7 0.1576 0.0331 0.0112 0.7321 0.0661 
   NS_SS1358  7 0.0536 0.0127 0.0052 0.0770 0.8515 
   NS_SS1342  7 0.0138 0.0014 0.0119 0.2474 0.7256 
   NS_SS1320  7 0.0133 0.0060 0.7848 0.0056 0.1903 
   NS_SS1355  7 0.4977 0.0134 0.3119 0.0092 0.1679 
   NS_SS1345  7 0.0312 0.0185 0.1664 0.1257 0.6581 
   NS_SS1324  7 0.2453 0.0027 0.0347 0.6536 0.0637 
   NS_SS1347  7 0.6612 0.0039 0.0146 0.0341 0.2862 
   NS_SS1321  7 0.4048 0.0013 0.0187 0.0460 0.5292 
   NS_SS1333  7 0.0822 0.0038 0.1400 0.1612 0.6128 
   NS_SS1364  7 0.0128 0.0028 0.0315 0.9404 0.0126 
   NS_SS1379  7 0.7118 0.0426 0.2025 0.0218 0.0214 
   NS_SS1332  7 0.0107 0.0057 0.0132 0.9610 0.0093 
   NS_SS1338  7 0.8354 0.0063 0.0219 0.0795 0.0569 
   NS_SS1368  7 0.0132 0.0051 0.0418 0.8157 0.1242 
   NS_SS1354  7 0.0367 0.0106 0.1004 0.0222 0.8302 
   NS_SS1365  7 0.2087 0.0090 0.6714 0.0684 0.0425 
   NS_SS1380  7 0.0402 0.0211 0.7469 0.0092 0.1826 
   NS_SS1329  7 0.1349 0.0034 0.0241 0.5577 0.2800 
   NS_SS1362  7 0.1382 0.0045 0.0212 0.0444 0.7917 
   NS_SS1327  7 0.0095 0.0028 0.0046 0.9753 0.0077 
   NS_SS1350  7 0.8526 0.0070 0.0443 0.0414 0.0547 
   NS_SS1387  7 0.6792 0.0023 0.2133 0.0110 0.0942 
   NS_SS1369  7 0.0617 0.0040 0.0141 0.8935 0.0266 
   NS_SS1331  7 0.0166 0.0092 0.8284 0.1145 0.0314 
   NS_SS1357  7 0.0809 0.0035 0.2098 0.2556 0.4501 
   NS_SS1386  7 0.0055 0.0026 0.0049 0.9692 0.0178 
   NS_SS1353  7 0.0190 0.0037 0.8854 0.0610 0.0308 
   NS_SS1323  7 0.0211 0.0762 0.1542 0.0069 0.7416 
   HI_SS0296  8 0.5158 0.0020 0.0585 0.4132 0.0106 
   HI_SS0297  8 0.1640 0.0009 0.0565 0.5912 0.1874 
   HI_SS0299  8 0.2376 0.0377 0.0363 0.5056 0.1829 
   HI_SS0300  8 0.7067 0.0012 0.0794 0.2054 0.0073 
   HI_SS0301  8 0.7175 0.0034 0.0288 0.0589 0.1914 
   HI_SS0302  8 0.0370 0.0250 0.0152 0.9043 0.0186 
   HI_SS0303  8 0.0225 0.0068 0.0435 0.9155 0.0118 
   HI_SS0304  8 0.0461 0.0020 0.9180 0.0221 0.0118 
   HI_SS0306  8 0.0054 0.0023 0.0049 0.9819 0.0055 
   HI_SS0307  8 0.7818 0.0079 0.1349 0.0093 0.0660 
   HI_SS0308  8 0.3462 0.0907 0.0383 0.2054 0.3194 
   HI_SS0309  8 0.4800 0.0036 0.1467 0.0120 0.3577 
   HI_SS0310  8 0.0173 0.0062 0.4689 0.4940 0.0137 
   HI_SS0311  8 0.2051 0.0026 0.2805 0.3040 0.2078 
   HI_SS0314  8 0.0197 0.0017 0.8957 0.0419 0.0410 
   HI_SS0316  8 0.2917 0.0049 0.2971 0.2727 0.1335 
   HI_SS0317  8 0.2637 0.0019 0.0251 0.0156 0.6937 
   HI_SS0318  8 0.5815 0.1871 0.0081 0.1989 0.0245 
   HI_SS0319  8 0.0074 0.0047 0.0060 0.9706 0.0113 
   HI_SS0320  8 0.0310 0.0013 0.6324 0.0058 0.3295 
   HI_SS0321  8 0.9743 0.0019 0.0033 0.0075 0.0131 
   HI_SS0323  8 0.8112 0.0014 0.0542 0.1179 0.0154 
   HI_SS0325  8 0.0251 0.0022 0.0244 0.9381 0.0102 
   HI_SS0327  8 0.2995 0.0016 0.0076 0.5648 0.1265 
   HI_SS0329  8 0.0127 0.0014 0.9508 0.0234 0.0118 
   HI_SS0333  8 0.3862 0.0030 0.1665 0.1048 0.3395 
   HI_SS0334  8 0.8285 0.0011 0.0110 0.0419 0.1175 
   HI_SS0335  8 0.2910 0.0202 0.0274 0.0086 0.6528 
   HI_SS0339  8 0.3589 0.0108 0.1887 0.0146 0.4271 
   HI_SS0343  8 0.0174 0.0019 0.0394 0.0114 0.9299 
   HI_SS0344  8 0.0069 0.0025 0.0036 0.9810 0.0059 
   HI_SS0345  8 0.0233 0.0084 0.3134 0.1554 0.4995 
   HI_SS0346  8 0.4055 0.0040 0.0990 0.1849 0.3067 
   HI_SS0350  8 0.0225 0.0111 0.6230 0.0055 0.3379 
   HI_SS0351  8 0.4072 0.0032 0.0502 0.0492 0.4903 
   HI_SS0352  8 0.0381 0.0992 0.1568 0.0189 0.6869 
   HI_SS0362  8 0.5022 0.0017 0.0732 0.4078 0.0151 
   HI_SS0363  8 0.0389 0.0047 0.0250 0.9133 0.0181 
   HI_SS0365  8 0.4107 0.0041 0.0975 0.2257 0.2620 
   HI_SS0366  8 0.0245 0.0015 0.0236 0.9080 0.0424 
   HI_SS0367  8 0.0079 0.0024 0.9439 0.0050 0.0407 
   HI_SS0369  8 0.1702 0.0023 0.5090 0.0108 0.3076 
   HI_SS0370  8 0.8640 0.0027 0.0182 0.0197 0.0954 
   HI_SS0371  8 0.0208 0.0035 0.0368 0.9341 0.0048 
   HI_SS0373  8 0.1564 0.0125 0.6667 0.1221 0.0424 
   HI_SS0374  8 0.1092 0.0282 0.8125 0.0134 0.0367 
   HI_SS0377  8 0.0447 0.0834 0.0173 0.4149 0.4397 
   HI_SS0379  8 0.0039 0.0010 0.0037 0.9861 0.0053 
   HI_SS0380  8 0.1903 0.0068 0.5991 0.0221 0.1817 
   HI_SS0381  8 0.0748 0.0051 0.0455 0.0158 0.8588 
   HI_SS0384  8 0.1474 0.0081 0.5500 0.2794 0.0152 
   HI_SS0385  8 0.0210 0.0012 0.4231 0.5461 0.0086 
   HI_SS0386  9 0.0014 0.9933 0.0015 0.0016 0.0023 
   HI_SS0387  9 0.0114 0.9488 0.0086 0.0157 0.0155 
   HI_SS0389  9 0.0037 0.9857 0.0030 0.0036 0.0039 
   HI_SS0390  9 0.0018 0.9935 0.0016 0.0016 0.0014 
   HI_SS0391  9 0.0027 0.9893 0.0024 0.0022 0.0034 
   HI_SS0392  9 0.0014 0.9933 0.0017 0.0020 0.0016 
   HI_SS0393  9 0.0018 0.9935 0.0014 0.0017 0.0015 
   HI_SS0394  9 0.0017 0.9937 0.0017 0.0017 0.0012 
   HI_SS0395  9 0.0037 0.9839 0.0048 0.0036 0.0040 
   HI_SS0396  9 0.0118 0.9607 0.0112 0.0077 0.0086 
   HI_SS0398  9 0.0067 0.9755 0.0064 0.0053 0.0061 
   HI_SS0399  9 0.0013 0.9951 0.0011 0.0016 0.0010 
   HI_SS0400  9 0.0017 0.9922 0.0021 0.0019 0.0021 
   HI_SS0401  9 0.0017 0.9937 0.0015 0.0016 0.0015 
   HI_SS0402  9 0.0014 0.9942 0.0011 0.0016 0.0017 
   HI_SS0403  9 0.0013 0.9944 0.0013 0.0011 0.0019 
   HI_SS0404  9 0.0013 0.9944 0.0015 0.0015 0.0013 
   HI_SS0405  9 0.0147 0.9331 0.0112 0.0130 0.0280 
   HI_SS0406  9 0.0027 0.9908 0.0017 0.0025 0.0023 
   HI_SS0407  9 0.0080 0.9704 0.0105 0.0063 0.0048 
   HI_SS0408  9 0.0015 0.9948 0.0012 0.0012 0.0014 
   HI_SS0409  9 0.0040 0.9877 0.0030 0.0025 0.0028 
   HI_SS0411  9 0.0035 0.9887 0.0029 0.0024 0.0025 
   HI_SS0412  9 0.0733 0.8058 0.0276 0.0285 0.0649 
   HI_SS0413  9 0.0021 0.9915 0.0021 0.0020 0.0024 
   HI_SS0414  9 0.0141 0.9374 0.0208 0.0093 0.0183 
   HI_SS0415  9 0.0017 0.9918 0.0016 0.0022 0.0028 
   HI_SS0416  9 0.0041 0.9862 0.0036 0.0033 0.0028 
   HI_SS0418  9 0.0044 0.9801 0.0034 0.0054 0.0067 
   HI_SS0419  9 0.0038 0.9876 0.0032 0.0026 0.0028 
   HI_SS0420  9 0.0022 0.9910 0.0020 0.0024 0.0023 
   HI_SS0421  9 0.0059 0.9802 0.0046 0.0035 0.0057 
   HI_SS0422  9 0.0016 0.9931 0.0019 0.0016 0.0018 
   HI_SS0423  9 0.0042 0.9835 0.0044 0.0042 0.0037 
   HI_SS0424  9 0.0021 0.9929 0.0017 0.0013 0.0020 
   HI_SS0425  9 0.0031 0.9848 0.0048 0.0032 0.0043 
   NS_SS1146 10 0.0020 0.9908 0.0020 0.0030 0.0022 
   NS_SS1157 10 0.0077 0.9729 0.0051 0.0060 0.0082 
   NS_SS1144 10 0.0241 0.9276 0.0106 0.0213 0.0164 
   NS_SS1074 10 0.0033 0.9852 0.0041 0.0042 0.0032 
   NS_SS1122 10 0.0042 0.9819 0.0040 0.0061 0.0037 
   NS_SS1136 10 0.0012 0.9951 0.0012 0.0012 0.0013 
   NS_SS1077 10 0.0008 0.9968 0.0007 0.0009 0.0008 
   NS_SS1134 10 0.0131 0.9589 0.0102 0.0084 0.0094 
   NS_SS1091 10 0.0025 0.9911 0.0025 0.0016 0.0023 
   NS_SS1089 10 0.0026 0.9890 0.0024 0.0034 0.0027 
   NS_SS1123 10 0.0018 0.9934 0.0018 0.0015 0.0015 
   NS_SS1158 10 0.0012 0.9958 0.0011 0.0009 0.0010 
   NS_SS1093 10 0.0020 0.9912 0.0018 0.0027 0.0023 
   NS_SS1102 10 0.0062 0.9790 0.0037 0.0047 0.0064 
   NS_SS1056 10 0.0016 0.9934 0.0016 0.0017 0.0018 
   NS_SS1126 10 0.0033 0.9872 0.0033 0.0034 0.0028 
   NS_SS1058 10 0.0047 0.9842 0.0039 0.0033 0.0039 
   NS_SS1084 10 0.0015 0.9937 0.0017 0.0014 0.0017 
   NS_SS1095 10 0.0058 0.9753 0.0053 0.0085 0.0050 
   NS_SS1079 10 0.0016 0.9930 0.0016 0.0019 0.0018 
   NS_SS1149 10 0.0026 0.9889 0.0029 0.0023 0.0033 
   NS_SS1121 10 0.0017 0.9939 0.0013 0.0014 0.0017 
   NS_SS1067 10 0.0053 0.9787 0.0050 0.0052 0.0059 
   NS_SS1081 10 0.0022 0.9903 0.0022 0.0023 0.0029 
   NS_SS1130 10 0.0037 0.9866 0.0030 0.0032 0.0034 
   NS_SS1073 10 0.0027 0.9888 0.0028 0.0021 0.0035 
   NS_SS1133 10 0.0054 0.9654 0.0209 0.0033 0.0050 
   NS_SS1129 10 0.0017 0.9944 0.0013 0.0013 0.0013 
   NS_SS1085 10 0.0020 0.9916 0.0023 0.0024 0.0017 
   NS_SS1137 10 0.0040 0.9810 0.0066 0.0042 0.0042 
   NS_SS1135 10 0.0014 0.9950 0.0011 0.0013 0.0013 
   NS_SS1082 10 0.0014 0.9935 0.0016 0.0015 0.0020 
   NS_SS1125 10 0.0017 0.9945 0.0012 0.0012 0.0015 
   NS_SS1124 10 0.0073 0.9751 0.0057 0.0044 0.0075 
   NS_SS1155 10 0.0095 0.9663 0.0058 0.0076 0.0108 
   NS_SS1145 10 0.0020 0.9928 0.0018 0.0016 0.0019 
