   NS_SS0963  1 0.0051 0.2858 0.7091 
   NS_SS0983  1 0.0036 0.9794 0.0170 
   NS_SS0719  1 0.0043 0.8906 0.1051 
   NS_SS1001  1 0.0053 0.2130 0.7816 
   NS_SS0936  1 0.0024 0.3720 0.6256 
   NS_SS0955  1 0.0030 0.9593 0.0377 
   NS_SS0944  1 0.0015 0.9445 0.0539 
   NS_SS0945  1 0.0071 0.1641 0.8288 
   NS_SS0922  1 0.0247 0.0593 0.9160 
   NS_SS0929  1 0.0027 0.8523 0.1450 
   NS_SS0956  1 0.0035 0.0260 0.9704 
   NS_SS0906  1 0.0033 0.3991 0.5976 
   NS_SS0721  1 0.0050 0.3263 0.6687 
   NS_SS0982  1 0.0164 0.0774 0.9062 
   NS_SS0923  1 0.0038 0.2473 0.7488 
   NS_SS0905  1 0.0016 0.8211 0.1773 
   NS_SS0925  1 0.0044 0.1765 0.8191 
   NS_SS0947  1 0.0040 0.0602 0.9358 
   NS_SS0926  1 0.0011 0.9863 0.0127 
   NS_SS0918  1 0.0023 0.0472 0.9505 
   NS_SS0966  1 0.0434 0.1985 0.7581 
   NS_SS0938  1 0.0012 0.0256 0.9733 
   NS_SS0917  1 0.0371 0.7275 0.2354 
   NS_SS0957  1 0.0056 0.0580 0.9363 
   NS_SS0987  1 0.2364 0.1090 0.6546 
   NS_SS0717  1 0.0021 0.0234 0.9745 
   NS_SS0986  1 0.0030 0.0593 0.9377 
   NS_SS0953  1 0.0152 0.0528 0.9319 
   NS_SS0907  1 0.0425 0.3886 0.5689 
   NS_SS0974  1 0.0027 0.8790 0.1183 
   NS_SS0989  1 0.0011 0.9559 0.0431 
   NS_SS0991  1 0.0019 0.9524 0.0458 
   NS_SS0994  1 0.0017 0.9913 0.0069 
   NS_SS0931  1 0.0088 0.9372 0.0540 
   NS_SS1000  1 0.0031 0.0272 0.9697 
   NS_SS0919  1 0.0029 0.9456 0.0515 
   NS_SS0949  1 0.0012 0.9820 0.0168 
   NS_SS0960  1 0.0053 0.9616 0.0331 
   NS_SS0716  1 0.0050 0.0056 0.9894 
   NS_SS0924  1 0.0172 0.9238 0.0590 
   NS_SS0935  1 0.0076 0.9851 0.0072 
   NS_SS0952  1 0.0269 0.9402 0.0329 
   NS_SS0962  1 0.0062 0.0116 0.9821 
   NS_SS0973  1 0.0037 0.9179 0.0785 
   NS_SS0722  1 0.0019 0.0347 0.9634 
   NS_SS0979  1 0.0019 0.1316 0.8665 
   NS_SS0993  1 0.0159 0.1553 0.8288 
   NS_SS0958  1 0.0025 0.9374 0.0600 
   NS_SS0988  1 0.0044 0.1943 0.8013 
   NS_SS1003  1 0.0093 0.0374 0.9533 
   NS_SS0976  1 0.0016 0.9158 0.0826 
   NS_SS0964  1 0.0022 0.0407 0.9571 
   NS_SS0939  1 0.0046 0.0153 0.9801 
   NS_SS0990  1 0.0027 0.1196 0.8777 
   NS_SS0984  1 0.0019 0.0137 0.9844 
   NS_SS0980  1 0.0021 0.5790 0.4188 
   NS_SS0978  1 0.0029 0.6645 0.3326 
   NS_SS0951  1 0.0028 0.6564 0.3408 
   NS_SS0913  1 0.0369 0.1177 0.8454 
   NS_SS1002  1 0.0340 0.0115 0.9545 
   NS_SS0948  1 0.0381 0.1707 0.7912 
   NS_SS0916  1 0.0047 0.8051 0.1902 
   NS_SS0995  1 0.0028 0.1919 0.8053 
   NS_SS0927  1 0.0047 0.6777 0.3176 
   NS_SS0992  1 0.0025 0.8685 0.1290 
   NS_SS0912  1 0.0025 0.5878 0.4098 
   NS_SS0981  1 0.0029 0.2056 0.7915 
   NS_SS0729  2 0.0032 0.9878 0.0090 
   NS_SS0967  2 0.0104 0.3383 0.6513 
   NS_SS0941  2 0.0773 0.5393 0.3833 
   NS_SS0768  2 0.0037 0.0302 0.9661 
   NS_SS0726  2 0.0054 0.9851 0.0096 
   NS_SS0763  2 0.0019 0.9598 0.0384 
   NS_SS0730  2 0.0025 0.0082 0.9893 
   NS_SS0774  2 0.0006 0.0091 0.9903 
   NS_SS0723  2 0.0014 0.0614 0.9372 
   NS_SS0940  2 0.0062 0.8404 0.1534 
   NS_SS0762  2 0.0022 0.0169 0.9809 
   NS_SS0766  2 0.0131 0.6918 0.2951 
   NS_SS0724  2 0.0035 0.0246 0.9720 
   NS_SS0769  2 0.0032 0.0941 0.9027 
   NS_SS0777  2 0.0104 0.4155 0.5741 
   NS_SS0734  2 0.0264 0.8024 0.1712 
   NS_SS0737  2 0.0048 0.0104 0.9849 
   NS_SS0732  2 0.0042 0.1244 0.8714 
   NS_SS0728  2 0.0089 0.2513 0.7398 
   NS_SS0735  2 0.0071 0.1154 0.8775 
   NS_SS0725  2 0.0061 0.0272 0.9667 
   NS_SS0788  2 0.0015 0.3989 0.5995 
   NS_SS0778  2 0.0016 0.3940 0.6044 
   NS_SS0792  2 0.0047 0.3279 0.6674 
   NS_SS0943  2 0.0068 0.9793 0.0139 
   NS_SS0791  2 0.0164 0.7933 0.1903 
   NS_SS0790  2 0.0031 0.0050 0.9919 
   NS_SS0731  2 0.0105 0.0125 0.9770 
   NS_SS0727  2 0.0018 0.9440 0.0541 
   NS_SS0779  2 0.0051 0.3103 0.6846 
   NS_SS0776  2 0.0069 0.4540 0.5390 
   NS_SS0775  2 0.0059 0.0187 0.9753 
   NS_SS0965  3 0.0015 0.1782 0.8203 
   NS_SS0754  3 0.0107 0.9253 0.0640 
   NS_SS0838  3 0.0375 0.1692 0.7933 
   NS_SS0839  3 0.0030 0.0123 0.9848 
   NS_SS0832  3 0.0427 0.0138 0.9435 
   NS_SS0820  3 0.0054 0.0126 0.9820 
   NS_SS0886  3 0.0016 0.9127 0.0857 
   NS_SS0748  3 0.0074 0.5972 0.3955 
   NS_SS0884  3 0.0228 0.3714 0.6058 
   NS_SS0752  3 0.0018 0.4406 0.5575 
   NS_SS0862  3 0.0035 0.0424 0.9541 
   NS_SS0787  3 0.0054 0.9734 0.0211 
   NS_SS0843  3 0.0016 0.3080 0.6904 
   NS_SS0856  3 0.0029 0.0391 0.9580 
   NS_SS0846  3 0.0032 0.7298 0.2670 
   NS_SS0825  3 0.0091 0.1402 0.8508 
   NS_SS0757  3 0.0030 0.7964 0.2006 
   NS_SS0876  3 0.2192 0.0309 0.7500 
   NS_SS0903  3 0.0026 0.1829 0.8144 
   NS_SS0875  3 0.0030 0.0619 0.9351 
   NS_SS0740  3 0.0027 0.8429 0.1544 
   NS_SS0811  3 0.0082 0.0289 0.9629 
   NS_SS0751  3 0.0019 0.1580 0.8401 
   NS_SS0891  3 0.0047 0.0272 0.9681 
   NS_SS0867  3 0.0229 0.9248 0.0522 
   NS_SS0890  3 0.0033 0.8617 0.1350 
   NS_SS0866  3 0.0053 0.9292 0.0655 
   NS_SS0755  3 0.0057 0.5241 0.4702 
   NS_SS0758  3 0.0017 0.2614 0.7369 
   NS_SS0840  3 0.0019 0.0082 0.9899 
   NS_SS0889  3 0.0021 0.8479 0.1500 
   NS_SS1010  3 0.0384 0.1669 0.7947 
   NS_SS0888  3 0.0015 0.9919 0.0066 
   NS_SS0837  3 0.0024 0.2759 0.7217 
   NS_SS0794  3 0.0016 0.9622 0.0362 
   NS_SS0823  3 0.0036 0.0290 0.9674 
   NS_SS0829  3 0.0964 0.8896 0.0140 
   NS_SS0844  3 0.0018 0.0146 0.9836 
   NS_SS1008  3 0.0100 0.8514 0.1386 
   NS_SS0881  3 0.0021 0.7118 0.2860 
   NS_SS0834  3 0.0059 0.0300 0.9640 
   NS_SS0744  3 0.0064 0.6556 0.3380 
   NS_SS0899  3 0.0013 0.0086 0.9901 
   NS_SS0804  3 0.0035 0.0098 0.9868 
   NS_SS0781  3 0.0025 0.0063 0.9913 
   NS_SS0822  3 0.0018 0.9081 0.0901 
   NS_SS1004  3 0.0041 0.6505 0.3454 
   NS_SS0746  3 0.0127 0.6596 0.3277 
   NS_SS0880  3 0.0015 0.3966 0.6019 
   NS_SS0879  3 0.0101 0.0566 0.9333 
   NS_SS0753  3 0.0079 0.9808 0.0113 
   NS_SS1007  3 0.0018 0.4583 0.5399 
   NS_SS0872  3 0.0017 0.0167 0.9816 
   NS_SS1005  3 0.0009 0.0257 0.9734 
   NS_SS0892  3 0.0017 0.3501 0.6482 
   NS_SS0898  3 0.0053 0.8467 0.1480 
   NS_SS0801  3 0.0101 0.1686 0.8213 
   NS_SS0827  3 0.1260 0.4040 0.4700 
   NS_SS0853  3 0.0045 0.0780 0.9175 
   NS_SS0780  3 0.0037 0.0556 0.9407 
   NS_SS0826  3 0.0034 0.3414 0.6552 
   NS_SS0818  3 0.0015 0.1405 0.8580 
   NS_SS0745  3 0.0012 0.0084 0.9905 
   NS_SS0849  3 0.0015 0.0986 0.8999 
   NS_SS0739  3 0.0125 0.1345 0.8530 
   NS_SS0799  3 0.0011 0.9812 0.0177 
   NS_SS0756  3 0.0027 0.0091 0.9883 
   NS_SS0802  3 0.2114 0.5273 0.2613 
   NS_SS0747  3 0.0059 0.7711 0.2230 
   NS_SS0835  3 0.0010 0.9770 0.0220 
   NS_SS0742  3 0.0010 0.1934 0.8057 
   NS_SS0760  3 0.0407 0.9365 0.0229 
   NS_SS0803  3 0.0069 0.0256 0.9676 
   NS_SS0828  3 0.0012 0.9341 0.0647 
   NS_SS0865  3 0.0283 0.2859 0.6858 
   NS_SS0759  3 0.0030 0.0161 0.9809 
   NS_SS0851  3 0.0104 0.0049 0.9847 
   NS_SS0874  3 0.0014 0.0343 0.9643 
   NS_SS0761  3 0.0021 0.9455 0.0523 
   NS_SS0842  3 0.0077 0.6853 0.3070 
   NS_SS0785  3 0.0047 0.7969 0.1984 
   NS_SS0860  3 0.0021 0.9466 0.0512 
   NS_SS0897  3 0.0016 0.9877 0.0107 
   NS_SS0841  3 0.0034 0.0199 0.9766 
   NS_SS0797  3 0.0215 0.8664 0.1121 
   NS_SS0830  3 0.0020 0.5864 0.4117 
   NS_SS1011  3 0.0052 0.0199 0.9748 
   NS_SS0883  3 0.0055 0.8863 0.1081 
   NS_SS0782  3 0.0022 0.1441 0.8538 
   NS_SS0831  3 0.0024 0.9778 0.0198 
   NS_SS0749  3 0.0035 0.9248 0.0717 
   NS_SS0854  3 0.0027 0.8670 0.1303 
   HI_SS0193  4 0.0014 0.9729 0.0257 
   HI_SS0194  4 0.0018 0.0353 0.9630 
   HI_SS0195  4 0.0816 0.0056 0.9128 
   HI_SS0196  4 0.0025 0.4736 0.5239 
   HI_SS0197  4 0.0091 0.0134 0.9775 
   HI_SS0198  4 0.0085 0.4409 0.5506 
   HI_SS0199  4 0.0022 0.9606 0.0372 
   HI_SS0201  4 0.0019 0.9869 0.0113 
   HI_SS0215  4 0.0029 0.9187 0.0784 
   HI_SS0218  4 0.0047 0.9876 0.0077 
   HI_SS0222  4 0.0039 0.0476 0.9485 
   HI_SS0230  4 0.0047 0.0452 0.9501 
   HI_SS0234  4 0.1569 0.3859 0.4572 
   HI_SS0240  4 0.0076 0.3362 0.6562 
   HI_SS0241  4 0.0019 0.9767 0.0214 
   HI_SS0242  4 0.0028 0.6684 0.3287 
   HI_SS0247  4 0.0186 0.0276 0.9538 
   HI_SS0248  4 0.0008 0.9927 0.0066 
   HI_SS0252  4 0.0018 0.0359 0.9623 
   HI_SS0254  4 0.0750 0.9134 0.0115 
   HI_SS0256  4 0.0012 0.0056 0.9932 
   HI_SS0257  4 0.0029 0.9826 0.0144 
   HI_SS0258  4 0.0038 0.9787 0.0175 
   HI_SS0259  4 0.0024 0.0720 0.9256 
   HI_SS0260  4 0.0013 0.9685 0.0303 
   HI_SS0261  4 0.0026 0.9575 0.0399 
   HI_SS0262  4 0.0056 0.0604 0.9340 
   HI_SS0264  4 0.0031 0.0112 0.9857 
   HI_SS0265  4 0.0996 0.0905 0.8099 
   HI_SS0268  4 0.0027 0.0776 0.9197 
   HI_SS0269  4 0.0014 0.9894 0.0092 
   HI_SS0273  4 0.0016 0.9633 0.0352 
   HI_SS0277  4 0.0027 0.1940 0.8033 
   HI_SS0280  4 0.0046 0.4006 0.5948 
   HI_SS0282  4 0.0010 0.9683 0.0306 
   HI_SS0286  4 0.0077 0.6900 0.3023 
   NS_SS1252  5 0.0028 0.9853 0.0120 
   NS_SS1261  5 0.0148 0.1089 0.8763 
   NS_SS1225  5 0.1006 0.7361 0.1634 
   NS_SS1266  5 0.0059 0.0092 0.9849 
   NS_SS1228  5 0.0125 0.0628 0.9248 
   NS_SS1255  5 0.0012 0.0861 0.9127 
   NS_SS1267  5 0.0095 0.9850 0.0054 
   NS_SS1238  5 0.0022 0.2311 0.7667 
   NS_SS1233  5 0.0018 0.0972 0.9010 
   NS_SS1277  5 0.0008 0.9814 0.0178 
   NS_SS1245  5 0.0016 0.9072 0.0912 
   NS_SS1240  5 0.0017 0.9791 0.0191 
   NS_SS1275  5 0.0024 0.0068 0.9908 
   NS_SS1235  5 0.0056 0.5237 0.4707 
   NS_SS1263  5 0.0008 0.0857 0.9135 
   NS_SS1251  5 0.0015 0.1160 0.8825 
   NS_SS1248  5 0.0934 0.2295 0.6770 
   NS_SS1244  5 0.0047 0.9009 0.0944 
   NS_SS1257  5 0.0274 0.9213 0.0512 
   NS_SS1242  5 0.0021 0.0069 0.9909 
   NS_SS1271  5 0.0226 0.9694 0.0080 
   NS_SS1265  5 0.0168 0.6094 0.3738 
   NS_SS1243  5 0.0669 0.0419 0.8912 
   NS_SS1273  5 0.0070 0.0123 0.9807 
   NS_SS1254  5 0.0061 0.3001 0.6938 
   NS_SS1224  5 0.0065 0.0155 0.9780 
   NS_SS1227  5 0.0015 0.9863 0.0122 
   NS_SS1274  5 0.0162 0.9209 0.0629 
   NS_SS1241  5 0.0007 0.9765 0.0227 
   NS_SS1256  5 0.0351 0.2711 0.6939 
   NS_SS1260  5 0.0658 0.8863 0.0479 
   NS_SS1262  5 0.1653 0.7439 0.0908 
   NS_SS1230  5 0.0059 0.8545 0.1396 
   NS_SS1270  5 0.0018 0.0601 0.9381 
   NS_SS1229  5 0.0036 0.2409 0.7555 
   NS_SS1246  5 0.0025 0.9506 0.0468 
   NS_SS1269  5 0.0020 0.2341 0.7639 
   NS_SS1239  5 0.0042 0.2340 0.7618 
   NS_SS1272  5 0.0056 0.0454 0.9489 
   NS_SS1268  5 0.0019 0.1604 0.8377 
   NS_SS1249  5 0.0092 0.9819 0.0089 
   HI_SS0559  6 0.0015 0.8946 0.1038 
   HI_SS0563  6 0.0026 0.3936 0.6037 
   HI_SS0564  6 0.0546 0.2593 0.6861 
   HI_SS0565  6 0.0038 0.6797 0.3165 
   HI_SS0569  6 0.0022 0.9861 0.0118 
   HI_SS0570  6 0.0251 0.9600 0.0149 
   HI_SS0572  6 0.0023 0.0633 0.9344 
   HI_SS0576  6 0.0054 0.1972 0.7974 
   HI_SS0579  6 0.0144 0.9366 0.0490 
   HI_SS0580  6 0.0037 0.7373 0.2590 
   HI_SS0581  6 0.0557 0.0158 0.9285 
   HI_SS0583  6 0.0023 0.5600 0.4377 
   HI_SS0586  6 0.0010 0.9863 0.0127 
   HI_SS0588  6 0.0134 0.9592 0.0274 
   HI_SS0595  6 0.0213 0.8752 0.1036 
   HI_SS0596  6 0.0018 0.0228 0.9754 
   HI_SS0597  6 0.0020 0.0125 0.9855 
   HI_SS0600  6 0.0034 0.7165 0.2802 
   HI_SS0601  6 0.0108 0.9144 0.0748 
   HI_SS0602  6 0.0025 0.8920 0.1055 
   HI_SS0604  6 0.0015 0.2765 0.7221 
   HI_SS0605  6 0.0075 0.8127 0.1798 
   HI_SS0608  6 0.0009 0.6567 0.3424 
   HI_SS0609  6 0.0007 0.0377 0.9616 
   HI_SS0611  6 0.0023 0.9405 0.0571 
   HI_SS0612  6 0.0070 0.9162 0.0769 
   HI_SS0613  6 0.0014 0.1597 0.8388 
   HI_SS0615  6 0.0099 0.0839 0.9062 
   HI_SS0001  6 0.0037 0.8194 0.1769 
   HI_SS0002  6 0.0250 0.0448 0.9302 
   HI_SS0004  6 0.0052 0.8609 0.1339 
   HI_SS0005  6 0.0060 0.3001 0.6939 
   HI_SS0006  6 0.0016 0.5205 0.4780 
   HI_SS0007  6 0.0018 0.9815 0.0167 
   HI_SS0008  6 0.0414 0.7549 0.2036 
   HI_SS0009  6 0.0040 0.1611 0.8349 
   HI_SS0010  6 0.0030 0.9417 0.0553 
   HI_SS0011  6 0.0736 0.0800 0.8464 
   HI_SS0012  6 0.0046 0.0666 0.9288 
   HI_SS0017  6 0.0017 0.0301 0.9682 
   HI_SS0021  6 0.2377 0.2837 0.4786 
   HI_SS0024  6 0.0020 0.0442 0.9539 
   HI_SS0025  6 0.0030 0.0244 0.9726 
   HI_SS0027  6 0.0099 0.9780 0.0120 
   HI_SS0028  6 0.0014 0.0096 0.9889 
   HI_SS0029  6 0.0061 0.0713 0.9226 
   HI_SS0030  6 0.0047 0.9690 0.0262 
   HI_SS0031  6 0.0033 0.8151 0.1816 
   HI_SS0034  6 0.0033 0.9895 0.0071 
   HI_SS0036  6 0.0097 0.9786 0.0116 
   HI_SS0037  6 0.0040 0.6528 0.3432 
   HI_SS0039  6 0.0025 0.9483 0.0492 
   HI_SS0041  6 0.0016 0.0128 0.9856 
   HI_SS0042  6 0.1172 0.0598 0.8230 
   HI_SS0043  6 0.0023 0.9910 0.0067 
   HI_SS0044  6 0.0023 0.2421 0.7556 
   HI_SS0047  6 0.0022 0.1330 0.8648 
   HI_SS0049  6 0.0037 0.1365 0.8598 
   HI_SS0051  6 0.0018 0.2892 0.7089 
   HI_SS0053  6 0.0040 0.9883 0.0077 
   HI_SS0054  6 0.0027 0.9904 0.0070 
   HI_SS0057  6 0.0030 0.5089 0.4881 
   HI_SS0058  6 0.0060 0.6471 0.3469 
   HI_SS0060  6 0.0826 0.8226 0.0949 
   HI_SS0087  6 0.0022 0.4288 0.5690 
   HI_SS0091  6 0.0011 0.9744 0.0245 
   HI_SS0095  6 0.0512 0.8361 0.1128 
   HI_SS0097  6 0.0045 0.4752 0.5203 
   HI_SS0099  6 0.0034 0.0191 0.9775 
   HI_SS0103  6 0.0028 0.1606 0.8366 
   HI_SS0105  6 0.0222 0.0995 0.8783 
   HI_SS0107  6 0.0008 0.0168 0.9824 
   HI_SS0108  6 0.0178 0.9765 0.0057 
   HI_SS0110  6 0.0011 0.7371 0.2618 
   HI_SS0111  6 0.0239 0.1158 0.8603 
   HI_SS0112  6 0.0010 0.9925 0.0064 
   HI_SS0113  6 0.0029 0.0090 0.9882 
   HI_SS0114  6 0.0043 0.9662 0.0295 
   HI_SS0115  6 0.0143 0.7562 0.2295 
   HI_SS0116  6 0.0031 0.7998 0.1971 
   HI_SS0117  6 0.0022 0.9026 0.0952 
   HI_SS0118  6 0.0119 0.5178 0.4703 
   HI_SS0119  6 0.0018 0.9600 0.0382 
   HI_SS0120  6 0.0028 0.0098 0.9875 
   HI_SS0121  6 0.0011 0.0132 0.9857 
   HI_SS0122  6 0.0201 0.1162 0.8637 
   HI_SS0123  6 0.0041 0.2989 0.6970 
   HI_SS0124  6 0.0025 0.0183 0.9792 
   HI_SS0125  6 0.0379 0.0576 0.9045 
   HI_SS0126  6 0.0008 0.9868 0.0125 
   HI_SS0127  6 0.0100 0.8733 0.1167 
   HI_SS0128  6 0.0028 0.5364 0.4608 
   HI_SS0129  6 0.0099 0.6166 0.3735 
   HI_SS0131  6 0.0334 0.5402 0.4264 
   HI_SS0132  6 0.0006 0.5963 0.4031 
   HI_SS0133  6 0.0011 0.9943 0.0046 
   HI_SS0134  6 0.0018 0.7653 0.2329 
   HI_SS0142  6 0.0180 0.1974 0.7846 
   HI_SS0145  6 0.0012 0.9268 0.0720 
   HI_SS0146  6 0.0011 0.9751 0.0238 
   HI_SS0147  6 0.0170 0.0081 0.9749 
   HI_SS0149  6 0.0039 0.4793 0.5167 
   HI_SS0150  6 0.0033 0.0244 0.9723 
   HI_SS0151  6 0.0120 0.8608 0.1272 
   NS_SS1451  6 0.0030 0.0138 0.9833 
   NS_SS1404  6 0.0079 0.0169 0.9752 
   NS_SS1432  6 0.0286 0.0115 0.9599 
   NS_SS1405  6 0.0028 0.0619 0.9353 
   NS_SS1431  6 0.0008 0.0201 0.9791 
   NS_SS1402  6 0.0022 0.1828 0.8150 
   NS_SS1450  6 0.0039 0.9083 0.0877 
   NS_SS1396  6 0.0051 0.0317 0.9632 
   NS_SS1393  6 0.0034 0.4502 0.5464 
   NS_SS1392  6 0.0169 0.0939 0.8892 
   NS_SS1445  6 0.0079 0.9370 0.0551 
   NS_SS1423  6 0.0012 0.9507 0.0480 
   NS_SS1421  6 0.0903 0.7273 0.1824 
   NS_SS1411  6 0.0015 0.9389 0.0596 
   NS_SS1453  6 0.0052 0.7399 0.2550 
   NS_SS1442  6 0.0031 0.2582 0.7387 
   NS_SS1422  6 0.0102 0.8047 0.1851 
   NS_SS1419  6 0.1580 0.0476 0.7944 
   NS_SS1427  6 0.0014 0.9915 0.0071 
   NS_SS1444  6 0.0031 0.0395 0.9575 
   NS_SS1455  6 0.0012 0.0071 0.9918 
   NS_SS1425  6 0.0013 0.9873 0.0115 
   NS_SS1400  6 0.0012 0.8849 0.1138 
   NS_SS1406  6 0.0069 0.0182 0.9748 
   NS_SS1417  6 0.0065 0.1560 0.8375 
   NS_SS1454  6 0.0012 0.3206 0.6782 
   NS_SS1412  6 0.0218 0.6608 0.3174 
   NS_SS1438  6 0.0013 0.9822 0.0165 
   NS_SS1416  6 0.0049 0.0212 0.9739 
   NS_SS1401  6 0.0111 0.1195 0.8694 
   NS_SS1424  6 0.0122 0.7122 0.2756 
   NS_SS1435  6 0.0023 0.7365 0.2612 
   NS_SS1447  6 0.0050 0.0145 0.9805 
   NS_SS1414  6 0.0065 0.0109 0.9825 
   NS_SS1449  6 0.0044 0.5437 0.4519 
   NS_SS1443  6 0.0017 0.9911 0.0072 
   NS_SS1434  6 0.0007 0.8019 0.1974 
   NS_SS1398  6 0.0235 0.5318 0.4448 
   NS_SS1426  6 0.0019 0.9848 0.0133 
   NS_SS1413  6 0.0078 0.9810 0.0111 
   NS_SS1395  6 0.0079 0.9739 0.0182 
   NS_SS1448  6 0.0017 0.8649 0.1334 
   NS_SS1446  6 0.0026 0.4039 0.5935 
   NS_SS1403  6 0.0063 0.2844 0.7093 
   NS_SS1415  6 0.0070 0.9810 0.0120 
   NS_SS1437  6 0.0087 0.2752 0.7161 
   NS_SS1439  6 0.0029 0.1716 0.8255 
   NS_SS1441  6 0.0017 0.9635 0.0348 
   NS_SS1420  6 0.0028 0.0131 0.9841 
   NS_SS1394  6 0.0330 0.0515 0.9154 
   NS_SS1391  6 0.0117 0.7947 0.1936 
   NS_SS1410  6 0.0151 0.3135 0.6714 
   NS_SS1408  6 0.0630 0.6283 0.3088 
   NS_SS1409  6 0.0024 0.4353 0.5623 
   HI_SS0617  7 0.0012 0.6050 0.3938 
   HI_SS0618  7 0.0023 0.1143 0.8834 
   HI_SS0619  7 0.0029 0.1531 0.8440 
   HI_SS0620  7 0.0021 0.9905 0.0074 
   HI_SS0621  7 0.0122 0.0773 0.9104 
   HI_SS0622  7 0.0106 0.5860 0.4034 
   HI_SS0626  7 0.0093 0.2414 0.7493 
   HI_SS0627  7 0.0063 0.0118 0.9819 
   HI_SS0628  7 0.0565 0.3836 0.5599 
   HI_SS0629  7 0.0064 0.4694 0.5242 
   HI_SS0630  7 0.0465 0.8271 0.1264 
   HI_SS0631  7 0.0008 0.9777 0.0215 
   HI_SS0632  7 0.0028 0.4699 0.5273 
   HI_SS0633  7 0.0026 0.0157 0.9817 
   HI_SS0634  7 0.0021 0.2171 0.7808 
   HI_SS0635  7 0.0066 0.0550 0.9384 
   HI_SS0637  7 0.0027 0.2757 0.7216 
   HI_SS0638  7 0.0011 0.5383 0.4606 
   HI_SS0639  7 0.0368 0.0308 0.9324 
   HI_SS0640  7 0.0017 0.9376 0.0607 
   HI_SS0641  7 0.0050 0.9524 0.0426 
   HI_SS0642  7 0.0020 0.4789 0.5190 
   HI_SS0645  7 0.0007 0.0113 0.9879 
   HI_SS0646  7 0.0023 0.6847 0.3130 
   HI_SS0647  7 0.0011 0.5829 0.4160 
   HI_SS0648  7 0.0028 0.7993 0.1979 
   HI_SS0649  7 0.0016 0.1840 0.8144 
   HI_SS0650  7 0.0034 0.1740 0.8226 
   HI_SS0651  7 0.0035 0.8844 0.1121 
   HI_SS0652  7 0.0028 0.0268 0.9704 
   NS_SS1371  7 0.0053 0.9753 0.0194 
   NS_SS1374  7 0.0023 0.8929 0.1049 
   NS_SS1337  7 0.0026 0.0242 0.9732 
   NS_SS1385  7 0.0043 0.3610 0.6347 
   NS_SS1388  7 0.0062 0.0390 0.9548 
   NS_SS1370  7 0.0092 0.2111 0.7797 
   NS_SS1389  7 0.0029 0.0119 0.9852 
   NS_SS1360  7 0.0044 0.9671 0.0285 
   NS_SS1330  7 0.0032 0.0242 0.9726 
   NS_SS1328  7 0.0018 0.9689 0.0293 
   NS_SS1384  7 0.0035 0.9480 0.0486 
   NS_SS1381  7 0.0008 0.0370 0.9622 
   NS_SS1375  7 0.0011 0.0303 0.9686 
   NS_SS1319  7 0.0992 0.6417 0.2591 
   NS_SS1326  7 0.0085 0.9363 0.0551 
   NS_SS1341  7 0.0044 0.5401 0.4555 
   NS_SS1383  7 0.0042 0.6976 0.2982 
   NS_SS1318  7 0.0138 0.1271 0.8591 
   NS_SS1348  7 0.0012 0.9894 0.0094 
   NS_SS1363  7 0.0037 0.0978 0.8985 
   NS_SS1335  7 0.0208 0.9598 0.0194 
   NS_SS1358  7 0.0113 0.9387 0.0500 
   NS_SS1342  7 0.0012 0.8584 0.1405 
   NS_SS1320  7 0.0063 0.0080 0.9857 
   NS_SS1355  7 0.0106 0.0301 0.9593 
   NS_SS1345  7 0.0173 0.4989 0.4838 
   NS_SS1324  7 0.0021 0.9200 0.0779 
   NS_SS1347  7 0.0035 0.9664 0.0302 
   NS_SS1321  7 0.0012 0.7390 0.2598 
   NS_SS1333  7 0.0032 0.6461 0.3507 
   NS_SS1364  7 0.0021 0.8790 0.1189 
   NS_SS1379  7 0.0478 0.1385 0.8137 
   NS_SS1332  7 0.0044 0.9880 0.0076 
   NS_SS1338  7 0.0069 0.7952 0.1978 
   NS_SS1368  7 0.0050 0.8208 0.1742 
   NS_SS1354  7 0.0106 0.0703 0.9191 
   NS_SS1365  7 0.0076 0.1641 0.8283 
   NS_SS1380  7 0.0190 0.0132 0.9678 
   NS_SS1329  7 0.0028 0.8146 0.1826 
   NS_SS1362  7 0.0039 0.6312 0.3649 
   NS_SS1327  7 0.0027 0.9922 0.0051 
   NS_SS1350  7 0.0099 0.9422 0.0479 
   NS_SS1387  7 0.0026 0.0314 0.9661 
   NS_SS1369  7 0.0037 0.9445 0.0519 
   NS_SS1331  7 0.0075 0.0787 0.9138 
   NS_SS1357  7 0.0032 0.7711 0.2256 
   NS_SS1386  7 0.0026 0.9926 0.0048 
   NS_SS1353  7 0.0035 0.0687 0.9278 
   NS_SS1323  7 0.0713 0.1353 0.7934 
   HI_SS0296  8 0.0015 0.9735 0.0250 
   HI_SS0297  8 0.0010 0.6384 0.3606 
   HI_SS0299  8 0.0314 0.6566 0.3120 
   HI_SS0300  8 0.0010 0.7324 0.2667 
   HI_SS0301  8 0.0038 0.4188 0.5774 
   HI_SS0302  8 0.0183 0.9522 0.0294 
   HI_SS0303  8 0.0049 0.9726 0.0225 
   HI_SS0304  8 0.0018 0.0194 0.9788 
   HI_SS0306  8 0.0029 0.9892 0.0079 
   HI_SS0307  8 0.0064 0.0283 0.9653 
   HI_SS0308  8 0.0923 0.4887 0.4191 
   HI_SS0309  8 0.0033 0.1621 0.8347 
   HI_SS0310  8 0.0059 0.3457 0.6483 
   HI_SS0311  8 0.0022 0.2313 0.7666 
   HI_SS0314  8 0.0015 0.5943 0.4043 
   HI_SS0316  8 0.0032 0.8675 0.1293 
   HI_SS0317  8 0.0021 0.3679 0.6301 
   HI_SS0318  8 0.1825 0.7901 0.0274 
   HI_SS0319  8 0.0035 0.9911 0.0054 
   HI_SS0320  8 0.0010 0.0118 0.9872 
   HI_SS0321  8 0.0017 0.9343 0.0640 
   HI_SS0323  8 0.0016 0.4706 0.5278 
   HI_SS0325  8 0.0016 0.8904 0.1080 
   HI_SS0327  8 0.0013 0.9914 0.0073 
   HI_SS0329  8 0.0013 0.0587 0.9400 
   HI_SS0333  8 0.0026 0.2184 0.7790 
   HI_SS0334  8 0.0011 0.9781 0.0208 
   HI_SS0335  8 0.0203 0.1687 0.8110 
   HI_SS0339  8 0.0106 0.0752 0.9142 
   HI_SS0343  8 0.0018 0.1144 0.8837 
   HI_SS0344  8 0.0020 0.9939 0.0041 
   HI_SS0345  8 0.0071 0.0998 0.8931 
   HI_SS0346  8 0.0031 0.2060 0.7909 
   HI_SS0350  8 0.0076 0.0084 0.9841 
   HI_SS0351  8 0.0033 0.3027 0.6940 
   HI_SS0352  8 0.0823 0.0474 0.8703 
   HI_SS0362  8 0.0020 0.8678 0.1302 
   HI_SS0363  8 0.0028 0.9838 0.0134 
   HI_SS0365  8 0.0041 0.9246 0.0713 
   HI_SS0366  8 0.0014 0.9743 0.0243 
   HI_SS0367  8 0.0016 0.0074 0.9911 
   HI_SS0369  8 0.0020 0.0148 0.9832 
   HI_SS0370  8 0.0029 0.8842 0.1129 
   HI_SS0371  8 0.0036 0.8833 0.1131 
   HI_SS0373  8 0.0103 0.2969 0.6929 
   HI_SS0374  8 0.0229 0.0257 0.9513 
   HI_SS0377  8 0.0735 0.8624 0.0641 
   HI_SS0379  8 0.0008 0.9962 0.0030 
   HI_SS0380  8 0.0062 0.0568 0.9369 
   HI_SS0381  8 0.0036 0.0232 0.9733 
   HI_SS0384  8 0.0071 0.8135 0.1794 
   HI_SS0385  8 0.0010 0.3198 0.6792 
   HI_SS0386  9 0.9971 0.0015 0.0015 
   HI_SS0387  9 0.9733 0.0151 0.0116 
   HI_SS0389  9 0.9939 0.0030 0.0031 
   HI_SS0390  9 0.9966 0.0016 0.0018 
   HI_SS0391  9 0.9956 0.0020 0.0024 
   HI_SS0392  9 0.9971 0.0016 0.0013 
   HI_SS0393  9 0.9972 0.0015 0.0013 
   HI_SS0394  9 0.9970 0.0015 0.0015 
   HI_SS0395  9 0.9931 0.0032 0.0037 
   HI_SS0396  9 0.9797 0.0077 0.0125 
   HI_SS0398  9 0.9896 0.0055 0.0049 
   HI_SS0399  9 0.9980 0.0010 0.0010 
   HI_SS0400  9 0.9963 0.0017 0.0021 
   HI_SS0401  9 0.9974 0.0012 0.0014 
   HI_SS0402  9 0.9978 0.0012 0.0011 
   HI_SS0403  9 0.9973 0.0013 0.0014 
   HI_SS0404  9 0.9977 0.0010 0.0013 
   HI_SS0405  9 0.9643 0.0159 0.0197 
   HI_SS0406  9 0.9962 0.0020 0.0018 
   HI_SS0407  9 0.9856 0.0063 0.0081 
   HI_SS0408  9 0.9976 0.0011 0.0013 
   HI_SS0409  9 0.9943 0.0029 0.0027 
   HI_SS0411  9 0.9950 0.0027 0.0024 
   HI_SS0412  9 0.8167 0.0931 0.0902 
   HI_SS0413  9 0.9962 0.0020 0.0019 
   HI_SS0414  9 0.9681 0.0136 0.0183 
   HI_SS0415  9 0.9966 0.0018 0.0017 
   HI_SS0416  9 0.9944 0.0027 0.0030 
   HI_SS0418  9 0.9912 0.0051 0.0037 
   HI_SS0419  9 0.9947 0.0024 0.0029 
   HI_SS0420  9 0.9959 0.0022 0.0019 
   HI_SS0421  9 0.9917 0.0032 0.0051 
   HI_SS0422  9 0.9973 0.0013 0.0014 
   HI_SS0423  9 0.9924 0.0041 0.0035 
   HI_SS0424  9 0.9970 0.0015 0.0016 
   HI_SS0425  9 0.9937 0.0023 0.0040 
   NS_SS1146 10 0.9957 0.0027 0.0016 
   NS_SS1157 10 0.9886 0.0058 0.0056 
   NS_SS1144 10 0.9603 0.0228 0.0169 
   NS_SS1074 10 0.9939 0.0031 0.0030 
   NS_SS1122 10 0.9920 0.0045 0.0035 
   NS_SS1136 10 0.9979 0.0010 0.0011 
   NS_SS1077 10 0.9986 0.0008 0.0006 
   NS_SS1134 10 0.9794 0.0091 0.0115 
   NS_SS1091 10 0.9959 0.0019 0.0021 
   NS_SS1089 10 0.9945 0.0030 0.0026 
   NS_SS1123 10 0.9971 0.0015 0.0014 
   NS_SS1158 10 0.9983 0.0008 0.0009 
   NS_SS1093 10 0.9957 0.0021 0.0022 
   NS_SS1102 10 0.9909 0.0042 0.0050 
   NS_SS1056 10 0.9972 0.0014 0.0014 
   NS_SS1126 10 0.9952 0.0025 0.0023 
   NS_SS1058 10 0.9929 0.0038 0.0033 
   NS_SS1084 10 0.9974 0.0013 0.0013 
   NS_SS1095 10 0.9877 0.0071 0.0052 
   NS_SS1079 10 0.9971 0.0016 0.0013 
   NS_SS1149 10 0.9948 0.0023 0.0029 
   NS_SS1121 10 0.9972 0.0013 0.0015 
   NS_SS1067 10 0.9909 0.0041 0.0049 
   NS_SS1081 10 0.9955 0.0022 0.0023 
   NS_SS1130 10 0.9941 0.0026 0.0033 
   NS_SS1073 10 0.9953 0.0021 0.0026 
   NS_SS1133 10 0.9869 0.0038 0.0092 
   NS_SS1129 10 0.9977 0.0011 0.0013 
   NS_SS1085 10 0.9958 0.0024 0.0017 
   NS_SS1137 10 0.9916 0.0043 0.0041 
   NS_SS1135 10 0.9977 0.0011 0.0012 
   NS_SS1082 10 0.9972 0.0013 0.0016 
   NS_SS1125 10 0.9976 0.0011 0.0013 
   NS_SS1124 10 0.9876 0.0058 0.0066 
   NS_SS1155 10 0.9848 0.0084 0.0068 
   NS_SS1145 10 0.9965 0.0015 0.0020 
