   NS_SS0963  1 0.9118 0.0040 0.0152 0.0089 0.0524 0.0077 
   NS_SS0983  1 0.0076 0.0030 0.7810 0.0154 0.1901 0.0029 
   NS_SS0719  1 0.0909 0.0056 0.1108 0.0351 0.7439 0.0137 
   NS_SS1001  1 0.0086 0.0066 0.0405 0.0722 0.0108 0.8613 
   NS_SS0936  1 0.4903 0.0028 0.1125 0.0265 0.2638 0.1041 
   NS_SS0955  1 0.3555 0.0038 0.1666 0.2517 0.1881 0.0343 
   NS_SS0944  1 0.0385 0.0020 0.0171 0.8861 0.0227 0.0336 
   NS_SS0945  1 0.0225 0.0089 0.2280 0.3319 0.0180 0.3908 
   NS_SS0922  1 0.1430 0.0336 0.3543 0.0127 0.1730 0.2833 
   NS_SS0929  1 0.2243 0.0034 0.4787 0.1019 0.1072 0.0845 
   NS_SS0956  1 0.0295 0.0043 0.0598 0.0211 0.0129 0.8725 
   NS_SS0906  1 0.1870 0.0035 0.0993 0.0246 0.5381 0.1476 
   NS_SS0721  1 0.0595 0.0041 0.5763 0.0105 0.3378 0.0118 
   NS_SS0982  1 0.8400 0.0134 0.0126 0.0099 0.0977 0.0264 
   NS_SS0923  1 0.0989 0.0044 0.1901 0.0159 0.5076 0.1831 
   NS_SS0905  1 0.0740 0.0018 0.4462 0.0406 0.3956 0.0418 
   NS_SS0925  1 0.0206 0.0033 0.0941 0.0061 0.8505 0.0253 
   NS_SS0947  1 0.0351 0.0038 0.2947 0.0153 0.0754 0.5756 
   NS_SS0926  1 0.2999 0.0010 0.0460 0.6235 0.0180 0.0117 
   NS_SS0918  1 0.1831 0.0025 0.0726 0.2098 0.0509 0.4811 
   NS_SS0966  1 0.3863 0.0550 0.2008 0.1007 0.1475 0.1098 
   NS_SS0938  1 0.7505 0.0015 0.0430 0.0233 0.0250 0.1566 
   NS_SS0917  1 0.0439 0.0273 0.3189 0.0101 0.5790 0.0209 
   NS_SS0957  1 0.0816 0.0068 0.0245 0.0201 0.0294 0.8374 
   NS_SS0987  1 0.0131 0.2459 0.0703 0.0332 0.3298 0.3078 
   NS_SS0717  1 0.0134 0.0022 0.2067 0.0150 0.0157 0.7471 
   NS_SS0986  1 0.0275 0.0030 0.8126 0.1085 0.0079 0.0405 
   NS_SS0953  1 0.0641 0.0216 0.1594 0.0246 0.1377 0.5926 
   NS_SS0907  1 0.1621 0.0421 0.1829 0.0248 0.5623 0.0258 
   NS_SS0974  1 0.1590 0.0034 0.3129 0.0990 0.3528 0.0729 
   NS_SS0989  1 0.1468 0.0013 0.4641 0.1598 0.2111 0.0171 
   NS_SS0991  1 0.0112 0.0019 0.2563 0.3398 0.3691 0.0217 
   NS_SS0994  1 0.0140 0.0023 0.3583 0.4619 0.1460 0.0174 
   NS_SS0931  1 0.0144 0.0121 0.0486 0.8946 0.0245 0.0058 
   NS_SS1000  1 0.0235 0.0038 0.0573 0.0133 0.0698 0.8325 
   NS_SS0919  1 0.0346 0.0026 0.0651 0.0234 0.8686 0.0057 
   NS_SS0949  1 0.0170 0.0014 0.0423 0.7643 0.1654 0.0095 
   NS_SS0960  1 0.0390 0.0075 0.1215 0.7153 0.0970 0.0197 
   NS_SS0716  1 0.0053 0.0060 0.0127 0.0067 0.0053 0.9640 
   NS_SS0924  1 0.0195 0.0163 0.5997 0.0686 0.2745 0.0214 
   NS_SS0935  1 0.0071 0.0062 0.0092 0.1036 0.8650 0.0088 
   NS_SS0952  1 0.0133 0.0413 0.0152 0.7117 0.1912 0.0272 
   NS_SS0962  1 0.6912 0.0072 0.1966 0.0108 0.0354 0.0589 
   NS_SS0973  1 0.0192 0.0034 0.1088 0.0093 0.8522 0.0071 
   NS_SS0722  1 0.0094 0.0023 0.0245 0.0063 0.0409 0.9166 
   NS_SS0979  1 0.0516 0.0025 0.0170 0.0107 0.0192 0.8990 
   NS_SS0993  1 0.0642 0.0186 0.1223 0.0136 0.6586 0.1226 
   NS_SS0958  1 0.0126 0.0028 0.0130 0.9054 0.0113 0.0549 
   NS_SS0988  1 0.7480 0.0044 0.1467 0.0152 0.0577 0.0280 
   NS_SS1003  1 0.9457 0.0075 0.0070 0.0116 0.0186 0.0096 
   NS_SS0976  1 0.0619 0.0022 0.0195 0.6988 0.2013 0.0163 
   NS_SS0964  1 0.0083 0.0026 0.0123 0.0078 0.0191 0.9499 
   NS_SS0939  1 0.0089 0.0050 0.0057 0.0082 0.0164 0.9558 
   NS_SS0990  1 0.4222 0.0030 0.1187 0.0185 0.0084 0.4292 
   NS_SS0984  1 0.0119 0.0024 0.0316 0.0080 0.0892 0.8570 
   NS_SS0980  1 0.0205 0.0017 0.0470 0.0137 0.9043 0.0128 
   NS_SS0978  1 0.4643 0.0033 0.0264 0.0092 0.4172 0.0796 
   NS_SS0951  1 0.0289 0.0029 0.4179 0.2634 0.1376 0.1493 
   NS_SS0913  1 0.0266 0.0419 0.3812 0.0220 0.0347 0.4936 
   NS_SS1002  1 0.9246 0.0381 0.0149 0.0046 0.0090 0.0089 
   NS_SS0948  1 0.1723 0.0542 0.2093 0.3399 0.0598 0.1645 
   NS_SS0916  1 0.4565 0.0040 0.2102 0.0271 0.2659 0.0363 
   NS_SS0995  1 0.0431 0.0025 0.7855 0.0069 0.1229 0.0390 
   NS_SS0927  1 0.4707 0.0051 0.4193 0.0097 0.0800 0.0152 
   NS_SS0992  1 0.6153 0.0030 0.0724 0.0261 0.2652 0.0181 
   NS_SS0912  1 0.0469 0.0027 0.4376 0.3461 0.1429 0.0237 
   NS_SS0981  1 0.4693 0.0043 0.0510 0.0771 0.3010 0.0972 
   NS_SS0729  2 0.0171 0.0032 0.3711 0.0404 0.5625 0.0056 
   NS_SS0967  2 0.4893 0.0101 0.4272 0.0199 0.0402 0.0134 
   NS_SS0941  2 0.0543 0.0796 0.2916 0.0280 0.3814 0.1651 
   NS_SS0768  2 0.2724 0.0043 0.1057 0.0435 0.0160 0.5581 
   NS_SS0726  2 0.2565 0.0079 0.1235 0.0341 0.5657 0.0124 
   NS_SS0763  2 0.0116 0.0020 0.1965 0.0290 0.7069 0.0540 
   NS_SS0730  2 0.1646 0.0042 0.1324 0.0307 0.0302 0.6380 
   NS_SS0774  2 0.0124 0.0010 0.0112 0.0049 0.0130 0.9575 
   NS_SS0723  2 0.3251 0.0017 0.0633 0.0068 0.5744 0.0288 
   NS_SS0940  2 0.0784 0.0066 0.3904 0.0495 0.4525 0.0226 
   NS_SS0762  2 0.0056 0.0025 0.0113 0.0059 0.0146 0.9600 
   NS_SS0766  2 0.0201 0.0177 0.4250 0.0594 0.1087 0.3690 
   NS_SS0724  2 0.0137 0.0041 0.0255 0.0239 0.1594 0.7735 
   NS_SS0769  2 0.1079 0.0042 0.0501 0.0080 0.7644 0.0655 
   NS_SS0777  2 0.0706 0.0165 0.1318 0.3522 0.3851 0.0438 
   NS_SS0734  2 0.0286 0.0254 0.5307 0.1693 0.1629 0.0831 
   NS_SS0737  2 0.1193 0.0057 0.0173 0.0175 0.0400 0.8002 
   NS_SS0732  2 0.1140 0.0056 0.1042 0.0075 0.6728 0.0958 
   NS_SS0728  2 0.1623 0.0121 0.3582 0.0110 0.3721 0.0842 
   NS_SS0735  2 0.0130 0.0065 0.4995 0.0085 0.4482 0.0243 
   NS_SS0725  2 0.0390 0.0085 0.0180 0.0147 0.0073 0.9124 
   NS_SS0788  2 0.2271 0.0014 0.1664 0.0222 0.5633 0.0196 
   NS_SS0778  2 0.6183 0.0016 0.1017 0.0175 0.2460 0.0149 
   NS_SS0792  2 0.8718 0.0047 0.0513 0.0351 0.0208 0.0162 
   NS_SS0943  2 0.0339 0.0073 0.0694 0.3732 0.5048 0.0114 
   NS_SS0791  2 0.3772 0.0150 0.3401 0.0424 0.2097 0.0156 
   NS_SS0790  2 0.0115 0.0034 0.0511 0.0040 0.0096 0.9204 
   NS_SS0731  2 0.0100 0.0119 0.4114 0.0111 0.0206 0.5350 
   NS_SS0727  2 0.0104 0.0017 0.2668 0.0574 0.4112 0.2526 
   NS_SS0779  2 0.0887 0.0067 0.1737 0.0295 0.5705 0.1309 
   NS_SS0776  2 0.1301 0.0086 0.0479 0.2344 0.1135 0.4655 
   NS_SS0775  2 0.0095 0.0071 0.0101 0.0064 0.0085 0.9584 
   NS_SS0965  3 0.2201 0.0014 0.4403 0.0313 0.2702 0.0367 
   NS_SS0754  3 0.0144 0.0102 0.0900 0.0213 0.8497 0.0144 
   NS_SS0838  3 0.1952 0.0469 0.2671 0.0604 0.2000 0.2305 
   NS_SS0839  3 0.0442 0.0025 0.0288 0.0051 0.0127 0.9067 
   NS_SS0832  3 0.4790 0.0488 0.3639 0.0045 0.0814 0.0224 
   NS_SS0820  3 0.6040 0.0061 0.2425 0.0056 0.0374 0.1043 
   NS_SS0886  3 0.0427 0.0019 0.8162 0.0347 0.0909 0.0136 
   NS_SS0748  3 0.0656 0.0088 0.2145 0.5595 0.0613 0.0904 
   NS_SS0884  3 0.4472 0.0275 0.0972 0.0273 0.2306 0.1701 
   NS_SS0752  3 0.0167 0.0017 0.0572 0.0137 0.8685 0.0421 
   NS_SS0862  3 0.0788 0.0047 0.0931 0.0070 0.6679 0.1487 
   NS_SS0787  3 0.0225 0.0089 0.0572 0.7917 0.1047 0.0150 
   NS_SS0843  3 0.0113 0.0017 0.1524 0.0089 0.7747 0.0510 
   NS_SS0856  3 0.5637 0.0029 0.2710 0.0128 0.0227 0.1268 
   NS_SS0846  3 0.3987 0.0025 0.0366 0.1058 0.4469 0.0095 
   NS_SS0825  3 0.6527 0.0072 0.3009 0.0139 0.0079 0.0174 
   NS_SS0757  3 0.0621 0.0028 0.4360 0.0534 0.4096 0.0361 
   NS_SS0876  3 0.0628 0.2099 0.3741 0.0081 0.2365 0.1086 
   NS_SS0903  3 0.0580 0.0022 0.2261 0.0089 0.6730 0.0319 
   NS_SS0875  3 0.0511 0.0032 0.7843 0.0201 0.0100 0.1313 
   NS_SS0740  3 0.0104 0.0027 0.0197 0.0086 0.9461 0.0125 
   NS_SS0811  3 0.0168 0.0113 0.0586 0.0108 0.0104 0.8921 
   NS_SS0751  3 0.5084 0.0025 0.0283 0.2173 0.1663 0.0773 
   NS_SS0891  3 0.0146 0.0054 0.0316 0.0113 0.0167 0.9204 
   NS_SS0867  3 0.2069 0.0233 0.0130 0.0694 0.6795 0.0080 
   NS_SS0890  3 0.0198 0.0031 0.1204 0.0347 0.7951 0.0268 
   NS_SS0866  3 0.6088 0.0050 0.2089 0.1260 0.0264 0.0249 
   NS_SS0755  3 0.3730 0.0073 0.0637 0.0404 0.0465 0.4693 
   NS_SS0758  3 0.0198 0.0017 0.9343 0.0122 0.0230 0.0089 
   NS_SS0840  3 0.2086 0.0025 0.2545 0.0102 0.0656 0.4587 
   NS_SS0889  3 0.0930 0.0021 0.3998 0.4201 0.0509 0.0340 
   NS_SS1010  3 0.4657 0.0432 0.0557 0.0558 0.0703 0.3094 
   NS_SS0888  3 0.0339 0.0017 0.2565 0.0492 0.6472 0.0115 
   NS_SS0837  3 0.1238 0.0020 0.2009 0.0237 0.5113 0.1383 
   NS_SS0794  3 0.0103 0.0018 0.0835 0.8752 0.0108 0.0183 
   NS_SS0823  3 0.2857 0.0036 0.5283 0.0070 0.0536 0.1218 
   NS_SS0829  3 0.0110 0.1290 0.1050 0.6962 0.0448 0.0139 
   NS_SS0844  3 0.2741 0.0017 0.0760 0.0081 0.3228 0.3172 
   NS_SS1008  3 0.0112 0.0135 0.0989 0.1756 0.2919 0.4089 
   NS_SS0881  3 0.2995 0.0027 0.2293 0.3195 0.1034 0.0456 
   NS_SS0834  3 0.1758 0.0065 0.0299 0.0180 0.0228 0.7471 
   NS_SS0744  3 0.3319 0.0070 0.5027 0.0151 0.1336 0.0097 
   NS_SS0899  3 0.0228 0.0016 0.0811 0.0054 0.0170 0.8721 
   NS_SS0804  3 0.4179 0.0050 0.2515 0.0070 0.0758 0.2427 
   NS_SS0781  3 0.4088 0.0037 0.3863 0.0052 0.0286 0.1674 
   NS_SS0822  3 0.0305 0.0020 0.0151 0.8990 0.0412 0.0122 
   NS_SS1004  3 0.4153 0.0036 0.3337 0.0675 0.1589 0.0210 
   NS_SS0746  3 0.0311 0.0121 0.8014 0.0225 0.0509 0.0819 
   NS_SS0880  3 0.2893 0.0022 0.0368 0.4103 0.1606 0.1008 
   NS_SS0879  3 0.1042 0.0133 0.0635 0.0204 0.0256 0.7729 
   NS_SS0753  3 0.0125 0.0075 0.0168 0.0387 0.9180 0.0065 
   NS_SS1007  3 0.2102 0.0018 0.3129 0.0186 0.4352 0.0213 
   NS_SS0872  3 0.4438 0.0021 0.1828 0.0286 0.1846 0.1580 
   NS_SS1005  3 0.2489 0.0013 0.5108 0.0156 0.0348 0.1885 
   NS_SS0892  3 0.2289 0.0023 0.0272 0.0371 0.5940 0.1105 
   NS_SS0898  3 0.0376 0.0070 0.0399 0.8727 0.0104 0.0324 
   NS_SS0801  3 0.0392 0.0102 0.6236 0.0092 0.2599 0.0580 
   NS_SS0827  3 0.0226 0.1316 0.2160 0.2559 0.1682 0.2058 
   NS_SS0853  3 0.0068 0.0049 0.0326 0.0081 0.0298 0.9178 
   NS_SS0780  3 0.3053 0.0049 0.3358 0.0084 0.3088 0.0369 
   NS_SS0826  3 0.3715 0.0030 0.2499 0.3320 0.0188 0.0247 
   NS_SS0818  3 0.8417 0.0017 0.0461 0.0297 0.0253 0.0556 
   NS_SS0745  3 0.0091 0.0015 0.0064 0.0103 0.0074 0.9653 
   NS_SS0849  3 0.0740 0.0018 0.5546 0.0230 0.2955 0.0511 
   NS_SS0739  3 0.5399 0.0159 0.2693 0.0319 0.0849 0.0580 
   NS_SS0799  3 0.0649 0.0010 0.2485 0.0643 0.5932 0.0280 
   NS_SS0756  3 0.6803 0.0037 0.2132 0.0192 0.0340 0.0496 
   NS_SS0802  3 0.1859 0.1893 0.4904 0.0136 0.1079 0.0128 
   NS_SS0747  3 0.0226 0.0044 0.0599 0.0054 0.8974 0.0103 
   NS_SS0835  3 0.3550 0.0009 0.4244 0.0223 0.1906 0.0068 
   NS_SS0742  3 0.6726 0.0012 0.2033 0.0127 0.0902 0.0201 
   NS_SS0760  3 0.0265 0.0414 0.4321 0.4784 0.0127 0.0089 
   NS_SS0803  3 0.0995 0.0083 0.6673 0.0105 0.1226 0.0918 
   NS_SS0828  3 0.0143 0.0012 0.1206 0.1418 0.6812 0.0409 
   NS_SS0865  3 0.7910 0.0260 0.0123 0.0095 0.1133 0.0479 
   NS_SS0759  3 0.1168 0.0052 0.2784 0.0142 0.3506 0.2348 
   NS_SS0851  3 0.0082 0.0106 0.0091 0.0093 0.0062 0.9566 
   NS_SS0874  3 0.0280 0.0017 0.0837 0.0108 0.5093 0.3666 
   NS_SS0761  3 0.0175 0.0026 0.6953 0.2265 0.0404 0.0178 
   NS_SS0842  3 0.0261 0.0114 0.0830 0.4565 0.0530 0.3699 
   NS_SS0785  3 0.0643 0.0044 0.3654 0.0209 0.5340 0.0109 
   NS_SS0860  3 0.1657 0.0023 0.4893 0.0135 0.3197 0.0095 
   NS_SS0897  3 0.0123 0.0019 0.0121 0.9483 0.0110 0.0144 
   NS_SS0841  3 0.1532 0.0045 0.1744 0.0921 0.1147 0.4611 
   NS_SS0797  3 0.0229 0.0308 0.0501 0.8611 0.0172 0.0179 
   NS_SS0830  3 0.1254 0.0024 0.1955 0.2535 0.2427 0.1805 
   NS_SS1011  3 0.9369 0.0056 0.0177 0.0051 0.0178 0.0170 
   NS_SS0883  3 0.0183 0.0051 0.6528 0.0503 0.2608 0.0126 
   NS_SS0782  3 0.0079 0.0020 0.9456 0.0190 0.0079 0.0176 
   NS_SS0831  3 0.0107 0.0026 0.8446 0.0559 0.0643 0.0218 
   NS_SS0749  3 0.0118 0.0037 0.1325 0.0219 0.8198 0.0104 
   NS_SS0854  3 0.0398 0.0028 0.6815 0.0277 0.2249 0.0233 
   HI_SS0193  4 0.0103 0.0018 0.0058 0.9333 0.0114 0.0372 
   HI_SS0194  4 0.0265 0.0019 0.0280 0.0446 0.0685 0.8305 
   HI_SS0195  4 0.3672 0.1035 0.3578 0.0111 0.0215 0.1389 
   HI_SS0196  4 0.0071 0.0027 0.7596 0.0317 0.0338 0.1651 
   HI_SS0197  4 0.9624 0.0093 0.0098 0.0027 0.0073 0.0085 
   HI_SS0198  4 0.0913 0.0110 0.4471 0.0548 0.3363 0.0595 
   HI_SS0199  4 0.0483 0.0022 0.3081 0.0140 0.6193 0.0080 
   HI_SS0201  4 0.0160 0.0024 0.0850 0.8364 0.0514 0.0088 
   HI_SS0215  4 0.0514 0.0027 0.8584 0.0125 0.0701 0.0049 
   HI_SS0218  4 0.0055 0.0058 0.0206 0.9321 0.0229 0.0131 
   HI_SS0222  4 0.0097 0.0044 0.9417 0.0099 0.0141 0.0201 
   HI_SS0230  4 0.3186 0.0058 0.0330 0.0145 0.4661 0.1620 
   HI_SS0234  4 0.1784 0.1404 0.5698 0.0110 0.0895 0.0109 
   HI_SS0240  4 0.0287 0.0079 0.3231 0.0095 0.4430 0.1878 
   HI_SS0241  4 0.4119 0.0021 0.3388 0.1294 0.0745 0.0434 
   HI_SS0242  4 0.1516 0.0027 0.3001 0.1402 0.0842 0.3212 
   HI_SS0247  4 0.8699 0.0210 0.0107 0.0224 0.0179 0.0580 
   HI_SS0248  4 0.0072 0.0008 0.0853 0.7518 0.1382 0.0168 
   HI_SS0252  4 0.1280 0.0024 0.5467 0.0194 0.0291 0.2744 
   HI_SS0254  4 0.1168 0.0943 0.0204 0.4032 0.3553 0.0101 
   HI_SS0256  4 0.3698 0.0018 0.0131 0.0032 0.0597 0.5523 
   HI_SS0257  4 0.1155 0.0030 0.1674 0.0141 0.6943 0.0056 
   HI_SS0258  4 0.0324 0.0057 0.0814 0.8326 0.0307 0.0172 
   HI_SS0259  4 0.8036 0.0032 0.0178 0.0082 0.0533 0.1139 
   HI_SS0260  4 0.0135 0.0015 0.1106 0.1478 0.6236 0.1029 
   HI_SS0261  4 0.1050 0.0028 0.1453 0.2454 0.4478 0.0537 
   HI_SS0262  4 0.6692 0.0065 0.1211 0.0136 0.1052 0.0845 
   HI_SS0264  4 0.0654 0.0048 0.0156 0.0147 0.0326 0.8670 
   HI_SS0265  4 0.4949 0.1014 0.0593 0.0122 0.1469 0.1852 
   HI_SS0268  4 0.0685 0.0034 0.0305 0.7214 0.0232 0.1531 
   HI_SS0269  4 0.2488 0.0018 0.4191 0.2649 0.0589 0.0066 
   HI_SS0273  4 0.0972 0.0021 0.0280 0.7848 0.0644 0.0235 
   HI_SS0277  4 0.9421 0.0021 0.0365 0.0076 0.0065 0.0052 
   HI_SS0280  4 0.2667 0.0059 0.3071 0.1591 0.0334 0.2277 
   HI_SS0282  4 0.0316 0.0013 0.0924 0.1150 0.7523 0.0074 
   HI_SS0286  4 0.0699 0.0061 0.7339 0.0211 0.1503 0.0187 
   NS_SS1252  5 0.0279 0.0035 0.6117 0.2012 0.1477 0.0080 
   NS_SS1261  5 0.7702 0.0174 0.1186 0.0136 0.0568 0.0233 
   NS_SS1225  5 0.0777 0.0929 0.0408 0.0776 0.6887 0.0223 
   NS_SS1266  5 0.2014 0.0104 0.0287 0.0075 0.0188 0.7334 
   NS_SS1228  5 0.1787 0.0170 0.0213 0.0336 0.1784 0.5711 
   NS_SS1255  5 0.0156 0.0018 0.0987 0.0745 0.0116 0.7978 
   NS_SS1267  5 0.0100 0.0103 0.2911 0.1559 0.5265 0.0061 
   NS_SS1238  5 0.0248 0.0035 0.0122 0.9119 0.0124 0.0353 
   NS_SS1233  5 0.0119 0.0024 0.0130 0.5525 0.0164 0.4038 
   NS_SS1277  5 0.0068 0.0010 0.0149 0.9465 0.0088 0.0219 
   NS_SS1245  5 0.0531 0.0014 0.6771 0.0633 0.1774 0.0276 
   NS_SS1240  5 0.0162 0.0018 0.9033 0.0534 0.0198 0.0055 
   NS_SS1275  5 0.8873 0.0031 0.0099 0.0051 0.0095 0.0851 
   NS_SS1235  5 0.2482 0.0063 0.1416 0.0414 0.4037 0.1588 
   NS_SS1263  5 0.0132 0.0012 0.0126 0.0131 0.0493 0.9107 
   NS_SS1251  5 0.2522 0.0015 0.3000 0.0211 0.1952 0.2300 
   NS_SS1248  5 0.0260 0.1083 0.1302 0.6875 0.0066 0.0415 
   NS_SS1244  5 0.5429 0.0052 0.0129 0.4090 0.0228 0.0073 
   NS_SS1257  5 0.0199 0.0226 0.7091 0.1110 0.1296 0.0078 
   NS_SS1242  5 0.0882 0.0030 0.0463 0.0122 0.0138 0.8365 
   NS_SS1271  5 0.0145 0.0315 0.0791 0.8332 0.0297 0.0120 
   NS_SS1265  5 0.0440 0.0154 0.7691 0.1108 0.0192 0.0416 
   NS_SS1243  5 0.0469 0.0932 0.2646 0.0892 0.0221 0.4841 
   NS_SS1273  5 0.0637 0.0098 0.0155 0.0119 0.0089 0.8903 
   NS_SS1254  5 0.0393 0.0064 0.0600 0.0092 0.0444 0.8406 
   NS_SS1224  5 0.0299 0.0084 0.2082 0.0053 0.3392 0.4090 
   NS_SS1227  5 0.1314 0.0016 0.0190 0.0240 0.7758 0.0482 
   NS_SS1274  5 0.0139 0.0153 0.0563 0.1032 0.7363 0.0750 
   NS_SS1241  5 0.0165 0.0009 0.0087 0.9495 0.0144 0.0101 
   NS_SS1256  5 0.2038 0.0535 0.1859 0.4415 0.0329 0.0824 
   NS_SS1260  5 0.0228 0.0531 0.3388 0.0145 0.5602 0.0106 
   NS_SS1262  5 0.1477 0.1772 0.1182 0.2378 0.2551 0.0639 
   NS_SS1230  5 0.0247 0.0097 0.1269 0.7772 0.0192 0.0422 
   NS_SS1270  5 0.2192 0.0019 0.5243 0.0217 0.2229 0.0100 
   NS_SS1229  5 0.6713 0.0042 0.0238 0.0052 0.2821 0.0135 
   NS_SS1246  5 0.3958 0.0027 0.1309 0.1740 0.1995 0.0971 
   NS_SS1269  5 0.0759 0.0022 0.7729 0.0407 0.0323 0.0760 
   NS_SS1239  5 0.1799 0.0048 0.0412 0.0149 0.6766 0.0826 
   NS_SS1272  5 0.8301 0.0057 0.1134 0.0130 0.0155 0.0223 
   NS_SS1268  5 0.0155 0.0022 0.0197 0.0389 0.4617 0.4621 
   NS_SS1249  5 0.0238 0.0131 0.2092 0.6746 0.0584 0.0208 
   HI_SS0559  6 0.0064 0.0016 0.0408 0.0483 0.8742 0.0287 
   HI_SS0563  6 0.0514 0.0030 0.4929 0.3855 0.0352 0.0319 
   HI_SS0564  6 0.2003 0.0604 0.0383 0.0369 0.5642 0.0998 
   HI_SS0565  6 0.4712 0.0040 0.3606 0.0268 0.1092 0.0282 
   HI_SS0569  6 0.0206 0.0022 0.1912 0.4242 0.3556 0.0061 
   HI_SS0570  6 0.0157 0.0405 0.0125 0.8973 0.0190 0.0149 
   HI_SS0572  6 0.0494 0.0027 0.2637 0.0043 0.2996 0.3802 
   HI_SS0576  6 0.1279 0.0078 0.1379 0.1460 0.5136 0.0668 
   HI_SS0579  6 0.0064 0.0123 0.0250 0.0231 0.9254 0.0079 
   HI_SS0580  6 0.0222 0.0044 0.7811 0.0327 0.0636 0.0959 
   HI_SS0581  6 0.8705 0.0595 0.0167 0.0063 0.0118 0.0353 
   HI_SS0583  6 0.0258 0.0026 0.5528 0.0261 0.0862 0.3065 
   HI_SS0586  6 0.0100 0.0013 0.0474 0.8656 0.0596 0.0162 
   HI_SS0588  6 0.0126 0.0202 0.5622 0.1535 0.2397 0.0118 
   HI_SS0595  6 0.1528 0.0310 0.0925 0.6233 0.0786 0.0218 
   HI_SS0596  6 0.0133 0.0021 0.0147 0.0125 0.0196 0.9378 
   HI_SS0597  6 0.3243 0.0030 0.4897 0.0162 0.0262 0.1406 
   HI_SS0600  6 0.8805 0.0025 0.0753 0.0165 0.0153 0.0098 
   HI_SS0601  6 0.0262 0.0079 0.0097 0.0095 0.9397 0.0069 
   HI_SS0602  6 0.0062 0.0022 0.2712 0.0112 0.6932 0.0159 
   HI_SS0604  6 0.0091 0.0018 0.6351 0.0137 0.2687 0.0717 
   HI_SS0605  6 0.0079 0.0053 0.8806 0.0073 0.0891 0.0098 
   HI_SS0608  6 0.0153 0.0010 0.0179 0.2985 0.0292 0.6379 
   HI_SS0609  6 0.4467 0.0008 0.2748 0.0340 0.0207 0.2229 
   HI_SS0611  6 0.0220 0.0028 0.7149 0.0472 0.1671 0.0461 
   HI_SS0612  6 0.3860 0.0060 0.1248 0.0161 0.4593 0.0078 
   HI_SS0613  6 0.0343 0.0017 0.4048 0.0211 0.3428 0.1953 
   HI_SS0615  6 0.1292 0.0116 0.0374 0.0107 0.6413 0.1698 
   HI_SS0001  6 0.6318 0.0039 0.2264 0.0624 0.0163 0.0593 
   HI_SS0002  6 0.6508 0.0265 0.0766 0.0132 0.1017 0.1313 
   HI_SS0004  6 0.0131 0.0050 0.1168 0.3978 0.0347 0.4325 
   HI_SS0005  6 0.2065 0.0101 0.1450 0.4504 0.1589 0.0291 
   HI_SS0006  6 0.4306 0.0015 0.4787 0.0197 0.0615 0.0081 
   HI_SS0007  6 0.0080 0.0030 0.0294 0.9322 0.0127 0.0147 
   HI_SS0008  6 0.1850 0.0334 0.0797 0.0226 0.6579 0.0214 
   HI_SS0009  6 0.0165 0.0054 0.0679 0.0581 0.1186 0.7336 
   HI_SS0010  6 0.0524 0.0040 0.0139 0.8026 0.0648 0.0622 
   HI_SS0011  6 0.2172 0.0982 0.0317 0.3351 0.1367 0.1811 
   HI_SS0012  6 0.1544 0.0054 0.3263 0.0044 0.4849 0.0246 
   HI_SS0017  6 0.0072 0.0018 0.0067 0.0196 0.0071 0.9576 
   HI_SS0021  6 0.1203 0.2395 0.3673 0.1465 0.0273 0.0990 
   HI_SS0024  6 0.2523 0.0022 0.0219 0.1199 0.0263 0.5774 
   HI_SS0025  6 0.0062 0.0029 0.0510 0.0062 0.0069 0.9268 
   HI_SS0027  6 0.0054 0.0131 0.0267 0.5508 0.3981 0.0059 
   HI_SS0028  6 0.1270 0.0017 0.0209 0.0136 0.2727 0.5641 
   HI_SS0029  6 0.0165 0.0096 0.2296 0.0224 0.1229 0.5990 
   HI_SS0030  6 0.0565 0.0044 0.0411 0.0365 0.8242 0.0372 
   HI_SS0031  6 0.4884 0.0030 0.0335 0.0455 0.4165 0.0131 
   HI_SS0034  6 0.0096 0.0035 0.8278 0.0692 0.0830 0.0068 
   HI_SS0036  6 0.3189 0.0127 0.1316 0.5013 0.0240 0.0116 
   HI_SS0037  6 0.0387 0.0058 0.0471 0.6248 0.0196 0.2641 
   HI_SS0039  6 0.1336 0.0028 0.0611 0.5074 0.2234 0.0716 
   HI_SS0041  6 0.0146 0.0015 0.0165 0.0031 0.0175 0.9468 
   HI_SS0042  6 0.0631 0.1033 0.7391 0.0061 0.0121 0.0763 
   HI_SS0043  6 0.0762 0.0031 0.0137 0.8525 0.0478 0.0068 
   HI_SS0044  6 0.0203 0.0026 0.0151 0.1650 0.0146 0.7824 
   HI_SS0047  6 0.1203 0.0024 0.5989 0.0084 0.2380 0.0319 
   HI_SS0049  6 0.0195 0.0041 0.0221 0.0529 0.0793 0.8221 
   HI_SS0051  6 0.0130 0.0025 0.8545 0.0333 0.0849 0.0118 
   HI_SS0053  6 0.1833 0.0044 0.0248 0.1077 0.6661 0.0139 
   HI_SS0054  6 0.0178 0.0029 0.0152 0.8774 0.0774 0.0094 
   HI_SS0057  6 0.2822 0.0033 0.0719 0.3625 0.1333 0.1467 
   HI_SS0058  6 0.0267 0.0058 0.6198 0.0419 0.0872 0.2185 
   HI_SS0060  6 0.1169 0.0916 0.0118 0.6958 0.0747 0.0092 
   HI_SS0087  6 0.1058 0.0027 0.5997 0.0696 0.2068 0.0154 
   HI_SS0091  6 0.8832 0.0011 0.0481 0.0220 0.0384 0.0072 
   HI_SS0095  6 0.0515 0.0377 0.2798 0.0068 0.6148 0.0094 
   HI_SS0097  6 0.0174 0.0037 0.0988 0.0161 0.8550 0.0090 
   HI_SS0099  6 0.0194 0.0045 0.0122 0.0093 0.0104 0.9442 
   HI_SS0103  6 0.7154 0.0033 0.1202 0.0080 0.0978 0.0552 
   HI_SS0105  6 0.7576 0.0242 0.0607 0.0220 0.1194 0.0161 
   HI_SS0107  6 0.2046 0.0010 0.1131 0.0076 0.0627 0.6111 
   HI_SS0108  6 0.0081 0.0263 0.0355 0.9064 0.0164 0.0074 
   HI_SS0110  6 0.8990 0.0012 0.0225 0.0077 0.0327 0.0370 
   HI_SS0111  6 0.4337 0.0361 0.4256 0.0121 0.0705 0.0221 
   HI_SS0112  6 0.0052 0.0015 0.0060 0.9746 0.0079 0.0049 
   HI_SS0113  6 0.1106 0.0038 0.6224 0.0068 0.0120 0.2444 
   HI_SS0114  6 0.0256 0.0051 0.6423 0.1869 0.1301 0.0100 
   HI_SS0115  6 0.0082 0.0124 0.0122 0.0220 0.7697 0.1756 
   HI_SS0116  6 0.0278 0.0039 0.5424 0.0660 0.0356 0.3244 
   HI_SS0117  6 0.2345 0.0025 0.1881 0.4197 0.1360 0.0192 
   HI_SS0118  6 0.1124 0.0119 0.6587 0.0508 0.0801 0.0862 
   HI_SS0119  6 0.9152 0.0020 0.0362 0.0225 0.0191 0.0050 
   HI_SS0120  6 0.0620 0.0034 0.0174 0.0091 0.0092 0.8988 
   HI_SS0121  6 0.7457 0.0014 0.0876 0.0046 0.0125 0.1482 
   HI_SS0122  6 0.8854 0.0172 0.0137 0.0406 0.0129 0.0302 
   HI_SS0123  6 0.4215 0.0044 0.1470 0.0078 0.3853 0.0340 
   HI_SS0124  6 0.0274 0.0023 0.0110 0.0097 0.0115 0.9381 
   HI_SS0125  6 0.6767 0.0404 0.1337 0.0081 0.0661 0.0750 
   HI_SS0126  6 0.0064 0.0010 0.0105 0.9486 0.0061 0.0273 
   HI_SS0127  6 0.0067 0.0079 0.0470 0.0569 0.8262 0.0553 
   HI_SS0128  6 0.0881 0.0028 0.0442 0.0910 0.4884 0.2855 
   HI_SS0129  6 0.0344 0.0099 0.6702 0.1712 0.0436 0.0707 
   HI_SS0131  6 0.0100 0.0292 0.0058 0.9387 0.0067 0.0096 
   HI_SS0132  6 0.7892 0.0005 0.0496 0.1022 0.0293 0.0291 
   HI_SS0133  6 0.0021 0.0013 0.0036 0.9867 0.0032 0.0031 
   HI_SS0134  6 0.3724 0.0025 0.2537 0.1179 0.1960 0.0574 
   HI_SS0142  6 0.3107 0.0144 0.1018 0.0069 0.5541 0.0122 
   HI_SS0145  6 0.0292 0.0015 0.0440 0.0227 0.8881 0.0145 
   HI_SS0146  6 0.0095 0.0012 0.0099 0.9553 0.0108 0.0133 
   HI_SS0147  6 0.3528 0.0258 0.4434 0.0061 0.1174 0.0546 
   HI_SS0149  6 0.9505 0.0034 0.0043 0.0266 0.0085 0.0068 
   HI_SS0150  6 0.0736 0.0057 0.1056 0.0569 0.1059 0.6524 
   HI_SS0151  6 0.0115 0.0103 0.3781 0.0414 0.5450 0.0136 
   NS_SS1451  6 0.0505 0.0043 0.0219 0.0121 0.0334 0.8778 
   NS_SS1404  6 0.0630 0.0111 0.0308 0.0111 0.0205 0.8636 
   NS_SS1432  6 0.6840 0.0374 0.0182 0.0052 0.0282 0.2270 
   NS_SS1405  6 0.0212 0.0038 0.3374 0.1542 0.0234 0.4600 
   NS_SS1431  6 0.2309 0.0009 0.0452 0.0203 0.0235 0.6791 
   NS_SS1402  6 0.3500 0.0021 0.0891 0.0166 0.3912 0.1510 
   NS_SS1450  6 0.0441 0.0036 0.2868 0.1043 0.4725 0.0887 
   NS_SS1396  6 0.6655 0.0064 0.0462 0.0589 0.1248 0.0982 
   NS_SS1393  6 0.0189 0.0035 0.5044 0.0067 0.4416 0.0248 
   NS_SS1392  6 0.0225 0.0202 0.1349 0.0139 0.0169 0.7916 
   NS_SS1445  6 0.0592 0.0086 0.0844 0.0320 0.8077 0.0082 
   NS_SS1423  6 0.0945 0.0014 0.0261 0.2880 0.5797 0.0103 
   NS_SS1421  6 0.0408 0.0823 0.0085 0.8442 0.0106 0.0136 
   NS_SS1411  6 0.0146 0.0016 0.2439 0.6771 0.0432 0.0195 
   NS_SS1453  6 0.4083 0.0053 0.2789 0.0547 0.2337 0.0192 
   NS_SS1442  6 0.0414 0.0035 0.4996 0.2242 0.1754 0.0558 
   NS_SS1422  6 0.3193 0.0103 0.0257 0.0152 0.6136 0.0158 
   NS_SS1419  6 0.0111 0.1616 0.0850 0.0140 0.0383 0.6899 
   NS_SS1427  6 0.0196 0.0020 0.1086 0.8431 0.0173 0.0094 
   NS_SS1444  6 0.0121 0.0037 0.1759 0.0161 0.0540 0.7381 
   NS_SS1455  6 0.0713 0.0014 0.1833 0.0255 0.0229 0.6956 
   NS_SS1425  6 0.0099 0.0014 0.0187 0.9060 0.0596 0.0043 
   NS_SS1400  6 0.0109 0.0016 0.0343 0.8999 0.0140 0.0392 
   NS_SS1406  6 0.5432 0.0088 0.0714 0.0075 0.2591 0.1100 
   NS_SS1417  6 0.2729 0.0081 0.0261 0.2646 0.0109 0.4175 
   NS_SS1454  6 0.1453 0.0012 0.0275 0.2943 0.0151 0.5166 
   NS_SS1412  6 0.2531 0.0217 0.2969 0.0895 0.1633 0.1755 
   NS_SS1438  6 0.0172 0.0013 0.8936 0.0432 0.0348 0.0098 
   NS_SS1416  6 0.0999 0.0064 0.7469 0.0057 0.1154 0.0257 
   NS_SS1401  6 0.7966 0.0113 0.0507 0.0612 0.0581 0.0219 
   NS_SS1424  6 0.6100 0.0107 0.2116 0.1240 0.0357 0.0080 
   NS_SS1435  6 0.0620 0.0026 0.0512 0.7921 0.0651 0.0269 
   NS_SS1447  6 0.0464 0.0086 0.0871 0.0221 0.0200 0.8158 
   NS_SS1414  6 0.0076 0.0078 0.0080 0.0121 0.0063 0.9582 
   NS_SS1449  6 0.6815 0.0035 0.0179 0.0218 0.2608 0.0145 
   NS_SS1443  6 0.0132 0.0021 0.0184 0.0761 0.8853 0.0049 
   NS_SS1434  6 0.0617 0.0008 0.4116 0.2360 0.0605 0.2294 
   NS_SS1398  6 0.0108 0.0222 0.3364 0.1023 0.0615 0.4668 
   NS_SS1426  6 0.0286 0.0022 0.0522 0.3587 0.5515 0.0068 
   NS_SS1413  6 0.0064 0.0095 0.0057 0.9631 0.0078 0.0075 
   NS_SS1395  6 0.0928 0.0066 0.0416 0.0151 0.8373 0.0066 
   NS_SS1448  6 0.0082 0.0017 0.0135 0.9245 0.0103 0.0418 
   NS_SS1446  6 0.7844 0.0030 0.1589 0.0130 0.0172 0.0235 
   NS_SS1403  6 0.7660 0.0050 0.0631 0.0072 0.1384 0.0202 
   NS_SS1415  6 0.0114 0.0095 0.0167 0.9310 0.0212 0.0103 
   NS_SS1437  6 0.2040 0.0088 0.1345 0.1089 0.1784 0.3654 
   NS_SS1439  6 0.2356 0.0029 0.6245 0.0045 0.1056 0.0268 
   NS_SS1441  6 0.0932 0.0022 0.2841 0.3299 0.2141 0.0765 
   NS_SS1420  6 0.0115 0.0036 0.0508 0.0106 0.0178 0.9058 
   NS_SS1394  6 0.0146 0.0313 0.0110 0.0094 0.3445 0.5893 
   NS_SS1391  6 0.0373 0.0113 0.0854 0.1852 0.5137 0.1672 
   NS_SS1410  6 0.7133 0.0134 0.1962 0.0366 0.0102 0.0302 
   NS_SS1408  6 0.0878 0.0487 0.6041 0.0245 0.2231 0.0118 
   NS_SS1409  6 0.0494 0.0020 0.8245 0.0097 0.0909 0.0234 
   HI_SS0617  7 0.0821 0.0011 0.5182 0.0052 0.3546 0.0387 
   HI_SS0618  7 0.0179 0.0024 0.4430 0.0112 0.4788 0.0467 
   HI_SS0619  7 0.0814 0.0038 0.0251 0.0399 0.0318 0.8181 
   HI_SS0620  7 0.0062 0.0026 0.0193 0.9334 0.0282 0.0102 
   HI_SS0621  7 0.0805 0.0177 0.3142 0.0134 0.1150 0.4593 
   HI_SS0622  7 0.0271 0.0114 0.0335 0.3333 0.4743 0.1205 
   HI_SS0626  7 0.0947 0.0099 0.0530 0.0672 0.0949 0.6802 
   HI_SS0627  7 0.7561 0.0077 0.2001 0.0102 0.0093 0.0165 
   HI_SS0628  7 0.0855 0.0529 0.3229 0.5039 0.0110 0.0238 
   HI_SS0629  7 0.2387 0.0061 0.3681 0.0580 0.2823 0.0468 
   HI_SS0630  7 0.0133 0.0578 0.3934 0.4360 0.0260 0.0735 
   HI_SS0631  7 0.0210 0.0009 0.0205 0.9038 0.0305 0.0233 
   HI_SS0632  7 0.0352 0.0039 0.1041 0.7938 0.0218 0.0411 
   HI_SS0633  7 0.0062 0.0030 0.0342 0.0044 0.0532 0.8990 
   HI_SS0634  7 0.9604 0.0022 0.0158 0.0086 0.0054 0.0076 
   HI_SS0635  7 0.0981 0.0099 0.4371 0.1068 0.0701 0.2780 
   HI_SS0637  7 0.0304 0.0022 0.7187 0.0052 0.2386 0.0049 
   HI_SS0638  7 0.2997 0.0013 0.1204 0.4521 0.0646 0.0619 
   HI_SS0639  7 0.0793 0.0452 0.0880 0.0094 0.6103 0.1676 
   HI_SS0640  7 0.0164 0.0020 0.1531 0.0357 0.7691 0.0237 
   HI_SS0641  7 0.0069 0.0048 0.7722 0.0859 0.0316 0.0986 
   HI_SS0642  7 0.9395 0.0019 0.0064 0.0108 0.0318 0.0096 
   HI_SS0645  7 0.0274 0.0011 0.0069 0.0256 0.0221 0.9169 
   HI_SS0646  7 0.1943 0.0023 0.1429 0.0126 0.6294 0.0186 
   HI_SS0647  7 0.0809 0.0011 0.0400 0.5460 0.0179 0.3141 
   HI_SS0648  7 0.0368 0.0032 0.0308 0.0572 0.5267 0.3452 
   HI_SS0649  7 0.0631 0.0023 0.6396 0.0165 0.1910 0.0875 
   HI_SS0650  7 0.0117 0.0041 0.7293 0.0066 0.2088 0.0396 
   HI_SS0651  7 0.0114 0.0036 0.0152 0.0092 0.9346 0.0259 
   HI_SS0652  7 0.0145 0.0039 0.1518 0.0147 0.0214 0.7938 
   NS_SS1371  7 0.0412 0.0055 0.3387 0.0118 0.5922 0.0106 
   NS_SS1374  7 0.4015 0.0028 0.0678 0.3730 0.1047 0.0503 
   NS_SS1337  7 0.7696 0.0032 0.0929 0.0153 0.0118 0.1072 
   NS_SS1385  7 0.1898 0.0053 0.2096 0.0166 0.3819 0.1968 
   NS_SS1388  7 0.0528 0.0079 0.0293 0.0249 0.0084 0.8767 
   NS_SS1370  7 0.4339 0.0099 0.3600 0.0290 0.1533 0.0139 
   NS_SS1389  7 0.0074 0.0034 0.0106 0.0058 0.0049 0.9680 
   NS_SS1360  7 0.0106 0.0044 0.1215 0.2190 0.6336 0.0109 
   NS_SS1330  7 0.0255 0.0032 0.6259 0.0041 0.3031 0.0382 
   NS_SS1328  7 0.0464 0.0026 0.0188 0.8850 0.0186 0.0287 
   NS_SS1384  7 0.0198 0.0030 0.0370 0.0205 0.9057 0.0140 
   NS_SS1381  7 0.2800 0.0008 0.1445 0.0093 0.2103 0.3551 
   NS_SS1375  7 0.0152 0.0014 0.0123 0.0272 0.0218 0.9221 
   NS_SS1319  7 0.3588 0.0895 0.3041 0.0433 0.1624 0.0420 
   NS_SS1326  7 0.0130 0.0090 0.0161 0.9448 0.0048 0.0123 
   NS_SS1341  7 0.8792 0.0048 0.0788 0.0097 0.0205 0.0070 
   NS_SS1383  7 0.6627 0.0051 0.1423 0.0902 0.0940 0.0057 
   NS_SS1318  7 0.0118 0.0163 0.6172 0.0383 0.0168 0.2997 
   NS_SS1348  7 0.0189 0.0014 0.0367 0.9187 0.0167 0.0076 
   NS_SS1363  7 0.3302 0.0046 0.5937 0.0319 0.0239 0.0157 
   NS_SS1335  7 0.0350 0.0317 0.0189 0.7358 0.1689 0.0097 
   NS_SS1358  7 0.1737 0.0132 0.0241 0.0708 0.7120 0.0062 
   NS_SS1342  7 0.5383 0.0015 0.1974 0.0261 0.2210 0.0157 
   NS_SS1320  7 0.0688 0.0074 0.0514 0.0063 0.0244 0.8417 
   NS_SS1355  7 0.0175 0.0104 0.5484 0.0036 0.2183 0.2017 
   NS_SS1345  7 0.0787 0.0218 0.2733 0.0531 0.4085 0.1647 
   NS_SS1324  7 0.0171 0.0025 0.3047 0.3261 0.3145 0.0351 
   NS_SS1347  7 0.0856 0.0035 0.0305 0.0111 0.8613 0.0081 
   NS_SS1321  7 0.8304 0.0012 0.0148 0.0312 0.1163 0.0061 
   NS_SS1333  7 0.8956 0.0029 0.0393 0.0243 0.0082 0.0297 
   NS_SS1364  7 0.0131 0.0026 0.1399 0.7415 0.0801 0.0227 
   NS_SS1379  7 0.1338 0.0618 0.1203 0.0241 0.3653 0.2948 
   NS_SS1332  7 0.0092 0.0070 0.0158 0.9444 0.0119 0.0117 
   NS_SS1338  7 0.1790 0.0067 0.0667 0.0244 0.7060 0.0172 
   NS_SS1368  7 0.1546 0.0052 0.1091 0.6939 0.0109 0.0262 
   NS_SS1354  7 0.4202 0.0128 0.2231 0.0384 0.2207 0.0848 
   NS_SS1365  7 0.0481 0.0117 0.2605 0.1965 0.0529 0.4304 
   NS_SS1380  7 0.0297 0.0243 0.0429 0.0053 0.0740 0.8238 
   NS_SS1329  7 0.5295 0.0026 0.1911 0.2110 0.0556 0.0103 
   NS_SS1362  7 0.1678 0.0037 0.1680 0.0243 0.6119 0.0243 
   NS_SS1327  7 0.0090 0.0034 0.0112 0.9619 0.0102 0.0043 
   NS_SS1350  7 0.1398 0.0080 0.3613 0.0082 0.4672 0.0155 
   NS_SS1387  7 0.0200 0.0028 0.4106 0.0138 0.4590 0.0938 
   NS_SS1369  7 0.0174 0.0048 0.0325 0.9207 0.0131 0.0115 
   NS_SS1331  7 0.2236 0.0109 0.0197 0.1565 0.0137 0.5756 
   NS_SS1357  7 0.1979 0.0032 0.2034 0.0188 0.5463 0.0304 
   NS_SS1386  7 0.0143 0.0033 0.0056 0.9684 0.0062 0.0022 
   NS_SS1353  7 0.1587 0.0042 0.0409 0.0576 0.0797 0.6588 
   NS_SS1323  7 0.3243 0.0641 0.0165 0.0107 0.5129 0.0715 
   HI_SS0296  8 0.0206 0.0016 0.1265 0.4155 0.3924 0.0433 
   HI_SS0297  8 0.2210 0.0010 0.1043 0.5444 0.1087 0.0205 
   HI_SS0299  8 0.0261 0.0269 0.8542 0.0621 0.0213 0.0094 
   HI_SS0300  8 0.0313 0.0016 0.2240 0.3966 0.2984 0.0480 
   HI_SS0301  8 0.1163 0.0037 0.5432 0.0494 0.2747 0.0126 
   HI_SS0302  8 0.0073 0.0183 0.0151 0.9221 0.0272 0.0100 
   HI_SS0303  8 0.0130 0.0059 0.0200 0.9357 0.0115 0.0138 
   HI_SS0304  8 0.0308 0.0028 0.0314 0.1252 0.0187 0.7911 
   HI_SS0306  8 0.0047 0.0025 0.0062 0.9763 0.0060 0.0041 
   HI_SS0307  8 0.0467 0.0074 0.6890 0.0044 0.1496 0.1029 
   HI_SS0308  8 0.0554 0.0965 0.0945 0.1915 0.5187 0.0434 
   HI_SS0309  8 0.1202 0.0032 0.0711 0.0083 0.6227 0.1745 
   HI_SS0310  8 0.0081 0.0063 0.1228 0.3272 0.3683 0.1673 
   HI_SS0311  8 0.2056 0.0026 0.0374 0.4779 0.1552 0.1213 
   HI_SS0314  8 0.0114 0.0015 0.0139 0.0463 0.0983 0.8286 
   HI_SS0316  8 0.0824 0.0033 0.2767 0.0185 0.5777 0.0413 
   HI_SS0317  8 0.9361 0.0018 0.0192 0.0146 0.0203 0.0079 
   HI_SS0318  8 0.3156 0.1985 0.0379 0.3035 0.1400 0.0044 
   HI_SS0319  8 0.0142 0.0046 0.2015 0.7208 0.0524 0.0063 
   HI_SS0320  8 0.8575 0.0011 0.0473 0.0042 0.0073 0.0825 
   HI_SS0321  8 0.0920 0.0022 0.2856 0.0168 0.5985 0.0049 
   HI_SS0323  8 0.0407 0.0014 0.8083 0.0239 0.0628 0.0630 
   HI_SS0325  8 0.0165 0.0015 0.0692 0.8630 0.0182 0.0317 
   HI_SS0327  8 0.0126 0.0012 0.3613 0.0483 0.5722 0.0043 
   HI_SS0329  8 0.0239 0.0016 0.0153 0.0519 0.0060 0.9013 
   HI_SS0333  8 0.3539 0.0027 0.3357 0.1076 0.0681 0.1319 
   HI_SS0334  8 0.0422 0.0013 0.0435 0.0238 0.8795 0.0096 
   HI_SS0335  8 0.0152 0.0153 0.0984 0.0059 0.8463 0.0189 
   HI_SS0339  8 0.0102 0.0112 0.2520 0.0185 0.6418 0.0663 
   HI_SS0343  8 0.4376 0.0017 0.0116 0.0131 0.4593 0.0766 
   HI_SS0344  8 0.0112 0.0024 0.0086 0.9615 0.0117 0.0045 
   HI_SS0345  8 0.1423 0.0098 0.0349 0.3752 0.0371 0.4006 
   HI_SS0346  8 0.4227 0.0038 0.4366 0.0781 0.0278 0.0309 
   HI_SS0350  8 0.0176 0.0102 0.0154 0.0053 0.0686 0.8829 
   HI_SS0351  8 0.0471 0.0040 0.0796 0.0327 0.7696 0.0670 
   HI_SS0352  8 0.4848 0.1175 0.0692 0.0198 0.0600 0.2487 
   HI_SS0362  8 0.0295 0.0023 0.0965 0.7707 0.0773 0.0237 
   HI_SS0363  8 0.0229 0.0033 0.3901 0.1193 0.4241 0.0403 
   HI_SS0365  8 0.1179 0.0044 0.4208 0.0357 0.3151 0.1061 
   HI_SS0366  8 0.0398 0.0012 0.3915 0.1727 0.3711 0.0237 
   HI_SS0367  8 0.0467 0.0024 0.0862 0.0044 0.0123 0.8480 
   HI_SS0369  8 0.2184 0.0024 0.2760 0.0091 0.0450 0.4490 
   HI_SS0370  8 0.1049 0.0029 0.4545 0.0139 0.4171 0.0067 
   HI_SS0371  8 0.0108 0.0041 0.0456 0.9053 0.0169 0.0173 
   HI_SS0373  8 0.0309 0.0133 0.1444 0.1663 0.0834 0.5617 
   HI_SS0374  8 0.0865 0.0283 0.0268 0.0133 0.4701 0.3750 
   HI_SS0377  8 0.3908 0.0804 0.0165 0.3145 0.1851 0.0126 
   HI_SS0379  8 0.0085 0.0008 0.0076 0.9706 0.0095 0.0029 
   HI_SS0380  8 0.0181 0.0070 0.7462 0.0106 0.0595 0.1585 
   HI_SS0381  8 0.6321 0.0042 0.2913 0.0131 0.0161 0.0432 
   HI_SS0384  8 0.1104 0.0086 0.3299 0.0468 0.0605 0.4438 
   HI_SS0385  8 0.0092 0.0014 0.0087 0.7288 0.0060 0.2458 
   HI_SS0386  9 0.0021 0.9908 0.0018 0.0012 0.0020 0.0019 
   HI_SS0387  9 0.0139 0.9390 0.0095 0.0165 0.0123 0.0087 
   HI_SS0389  9 0.0048 0.9804 0.0045 0.0027 0.0034 0.0041 
   HI_SS0390  9 0.0019 0.9907 0.0020 0.0015 0.0017 0.0021 
   HI_SS0391  9 0.0038 0.9864 0.0027 0.0019 0.0023 0.0028 
   HI_SS0392  9 0.0019 0.9907 0.0023 0.0018 0.0017 0.0016 
   HI_SS0393  9 0.0015 0.9919 0.0015 0.0019 0.0020 0.0013 
   HI_SS0394  9 0.0015 0.9916 0.0017 0.0015 0.0017 0.0020 
   HI_SS0395  9 0.0039 0.9806 0.0042 0.0032 0.0037 0.0045 
   HI_SS0396  9 0.0069 0.9513 0.0103 0.0074 0.0102 0.0139 
   HI_SS0398  9 0.0060 0.9710 0.0083 0.0051 0.0054 0.0044 
   HI_SS0399  9 0.0012 0.9940 0.0014 0.0012 0.0013 0.0008 
   HI_SS0400  9 0.0024 0.9885 0.0020 0.0026 0.0020 0.0026 
   HI_SS0401  9 0.0016 0.9909 0.0017 0.0018 0.0016 0.0024 
   HI_SS0402  9 0.0019 0.9926 0.0013 0.0014 0.0018 0.0010 
   HI_SS0403  9 0.0019 0.9919 0.0015 0.0015 0.0018 0.0013 
   HI_SS0404  9 0.0010 0.9942 0.0015 0.0010 0.0011 0.0012 
   HI_SS0405  9 0.0255 0.9194 0.0119 0.0146 0.0192 0.0093 
   HI_SS0406  9 0.0031 0.9871 0.0026 0.0021 0.0031 0.0020 
   HI_SS0407  9 0.0056 0.9605 0.0058 0.0097 0.0062 0.0121 
   HI_SS0408  9 0.0014 0.9937 0.0013 0.0009 0.0014 0.0013 
   HI_SS0409  9 0.0042 0.9834 0.0037 0.0029 0.0030 0.0028 
   HI_SS0411  9 0.0026 0.9844 0.0036 0.0037 0.0036 0.0022 
   HI_SS0412  9 0.0743 0.7966 0.0287 0.0171 0.0671 0.0162 
   HI_SS0413  9 0.0022 0.9885 0.0024 0.0022 0.0024 0.0022 
   HI_SS0414  9 0.0175 0.9240 0.0190 0.0079 0.0108 0.0208 
   HI_SS0415  9 0.0022 0.9899 0.0022 0.0021 0.0021 0.0014 
   HI_SS0416  9 0.0038 0.9796 0.0046 0.0038 0.0034 0.0048 
   HI_SS0418  9 0.0075 0.9723 0.0059 0.0054 0.0053 0.0036 
   HI_SS0419  9 0.0033 0.9831 0.0040 0.0032 0.0027 0.0037 
   HI_SS0420  9 0.0019 0.9881 0.0029 0.0029 0.0021 0.0021 
   HI_SS0421  9 0.0041 0.9765 0.0054 0.0034 0.0054 0.0052 
   HI_SS0422  9 0.0019 0.9913 0.0014 0.0020 0.0014 0.0020 
   HI_SS0423  9 0.0037 0.9790 0.0048 0.0044 0.0042 0.0039 
   HI_SS0424  9 0.0022 0.9903 0.0018 0.0013 0.0024 0.0021 
   HI_SS0425  9 0.0039 0.9820 0.0031 0.0024 0.0027 0.0059 
   NS_SS1146 10 0.0028 0.9874 0.0026 0.0029 0.0024 0.0018 
   NS_SS1157 10 0.0078 0.9663 0.0068 0.0050 0.0087 0.0054 
   NS_SS1144 10 0.0148 0.9148 0.0215 0.0153 0.0190 0.0146 
   NS_SS1074 10 0.0036 0.9818 0.0033 0.0042 0.0035 0.0035 
   NS_SS1122 10 0.0037 0.9752 0.0070 0.0054 0.0041 0.0047 
   NS_SS1136 10 0.0013 0.9940 0.0012 0.0011 0.0011 0.0013 
   NS_SS1077 10 0.0007 0.9959 0.0009 0.0007 0.0010 0.0008 
   NS_SS1134 10 0.0091 0.9493 0.0124 0.0070 0.0125 0.0097 
   NS_SS1091 10 0.0026 0.9884 0.0024 0.0016 0.0019 0.0030 
   NS_SS1089 10 0.0029 0.9833 0.0032 0.0045 0.0025 0.0035 
   NS_SS1123 10 0.0014 0.9916 0.0016 0.0016 0.0018 0.0020 
   NS_SS1158 10 0.0013 0.9943 0.0011 0.0008 0.0013 0.0012 
   NS_SS1093 10 0.0023 0.9870 0.0028 0.0039 0.0018 0.0022 
   NS_SS1102 10 0.0076 0.9693 0.0087 0.0043 0.0062 0.0039 
   NS_SS1056 10 0.0020 0.9912 0.0017 0.0016 0.0017 0.0018 
   NS_SS1126 10 0.0032 0.9844 0.0030 0.0028 0.0039 0.0026 
   NS_SS1058 10 0.0034 0.9790 0.0044 0.0041 0.0050 0.0041 
   NS_SS1084 10 0.0016 0.9923 0.0017 0.0013 0.0016 0.0016 
   NS_SS1095 10 0.0044 0.9697 0.0057 0.0096 0.0055 0.0051 
   NS_SS1079 10 0.0018 0.9908 0.0019 0.0016 0.0019 0.0020 
   NS_SS1149 10 0.0032 0.9842 0.0041 0.0027 0.0030 0.0029 
   NS_SS1121 10 0.0018 0.9912 0.0016 0.0019 0.0018 0.0017 
   NS_SS1067 10 0.0062 0.9696 0.0053 0.0057 0.0069 0.0064 
   NS_SS1081 10 0.0022 0.9881 0.0025 0.0028 0.0024 0.0020 
   NS_SS1130 10 0.0033 0.9824 0.0041 0.0032 0.0037 0.0033 
   NS_SS1073 10 0.0036 0.9853 0.0028 0.0019 0.0034 0.0029 
   NS_SS1133 10 0.0048 0.9536 0.0052 0.0037 0.0046 0.0281 
   NS_SS1129 10 0.0013 0.9920 0.0016 0.0019 0.0017 0.0016 
   NS_SS1085 10 0.0025 0.9879 0.0024 0.0024 0.0028 0.0019 
   NS_SS1137 10 0.0045 0.9760 0.0047 0.0042 0.0057 0.0049 
   NS_SS1135 10 0.0014 0.9935 0.0016 0.0012 0.0012 0.0012 
   NS_SS1082 10 0.0018 0.9911 0.0020 0.0016 0.0016 0.0019 
   NS_SS1125 10 0.0018 0.9923 0.0013 0.0014 0.0016 0.0015 
   NS_SS1124 10 0.0063 0.9676 0.0067 0.0057 0.0079 0.0059 
   NS_SS1155 10 0.0109 0.9574 0.0090 0.0061 0.0116 0.0050 
   NS_SS1145 10 0.0020 0.9896 0.0021 0.0016 0.0028 0.0019 
