   NS_SS0963  1 0.7164 0.0182 0.0410 0.1576 0.0070 0.0206 0.0045 0.0236 0.0070 0.0040 
   NS_SS0983  1 0.0041 0.0054 0.0073 0.0106 0.0057 0.9479 0.0031 0.0063 0.0062 0.0034 
   NS_SS0719  1 0.0150 0.7004 0.1322 0.0486 0.0101 0.0193 0.0053 0.0217 0.0249 0.0225 
   NS_SS1001  1 0.0671 0.0283 0.0257 0.0129 0.0088 0.3135 0.0070 0.0097 0.0651 0.4619 
   NS_SS0936  1 0.0208 0.0457 0.0631 0.0105 0.2883 0.0144 0.0027 0.2979 0.0092 0.2473 
   NS_SS0955  1 0.1133 0.0090 0.3083 0.0735 0.0367 0.2558 0.0041 0.0236 0.1689 0.0068 
   NS_SS0944  1 0.0895 0.0147 0.0194 0.0062 0.1404 0.1522 0.0028 0.0106 0.5547 0.0094 
   NS_SS0945  1 0.0461 0.0198 0.0062 0.0061 0.0185 0.0078 0.0108 0.0048 0.8124 0.0676 
   NS_SS0922  1 0.2336 0.1764 0.0828 0.2218 0.0166 0.0210 0.0303 0.0310 0.0038 0.1826 
   NS_SS0929  1 0.0203 0.0531 0.1109 0.0193 0.4865 0.0493 0.0032 0.0807 0.0531 0.1238 
   NS_SS0956  1 0.0324 0.0890 0.0251 0.6731 0.0152 0.0294 0.0044 0.0088 0.0163 0.1063 
   NS_SS0906  1 0.0079 0.0353 0.0420 0.0099 0.6556 0.0870 0.0029 0.0956 0.0395 0.0242 
   NS_SS0721  1 0.0058 0.2293 0.0167 0.4024 0.0054 0.2905 0.0055 0.0307 0.0071 0.0065 
   NS_SS0982  1 0.0156 0.0831 0.2922 0.0230 0.0276 0.0329 0.0121 0.4968 0.0033 0.0133 
   NS_SS0923  1 0.0605 0.4968 0.1539 0.0428 0.0797 0.0173 0.0057 0.0310 0.0077 0.1045 
   NS_SS0905  1 0.0050 0.6212 0.1969 0.0145 0.0449 0.0253 0.0020 0.0485 0.0190 0.0225 
   NS_SS0925  1 0.0235 0.1061 0.1198 0.0274 0.6375 0.0458 0.0041 0.0177 0.0080 0.0100 
   NS_SS0947  1 0.0270 0.2239 0.0228 0.0086 0.6304 0.0103 0.0039 0.0209 0.0455 0.0066 
   NS_SS0926  1 0.0292 0.0118 0.0195 0.0056 0.0070 0.1613 0.0018 0.0224 0.6748 0.0666 
   NS_SS0918  1 0.0150 0.0133 0.0122 0.0111 0.0216 0.8632 0.0028 0.0088 0.0081 0.0440 
   NS_SS0966  1 0.0141 0.0205 0.0176 0.0103 0.7768 0.0217 0.0518 0.0414 0.0336 0.0123 
   NS_SS0938  1 0.4241 0.0199 0.0205 0.0118 0.0298 0.1423 0.0016 0.0249 0.0085 0.3166 
   NS_SS0917  1 0.0080 0.3381 0.5150 0.0133 0.0052 0.0076 0.0352 0.0306 0.0082 0.0387 
   NS_SS0957  1 0.0516 0.0138 0.0380 0.0091 0.0811 0.0168 0.0087 0.0102 0.0062 0.7646 
   NS_SS0987  1 0.0034 0.2687 0.0207 0.1912 0.0307 0.1524 0.2347 0.0061 0.0107 0.0814 
   NS_SS0717  1 0.0048 0.1853 0.0146 0.0168 0.1364 0.1615 0.0030 0.0434 0.0132 0.4209 
   NS_SS0986  1 0.0956 0.0793 0.0143 0.0337 0.0110 0.3505 0.0039 0.2942 0.0373 0.0800 
   NS_SS0953  1 0.0075 0.0132 0.0319 0.0107 0.8544 0.0138 0.0151 0.0131 0.0272 0.0131 
   NS_SS0907  1 0.0102 0.1139 0.0412 0.0118 0.5505 0.0456 0.0480 0.1405 0.0205 0.0177 
   NS_SS0974  1 0.0841 0.0325 0.0131 0.0201 0.0412 0.0039 0.0050 0.0124 0.7691 0.0187 
   NS_SS0989  1 0.2842 0.0403 0.3831 0.0156 0.0425 0.0505 0.0015 0.1328 0.0332 0.0164 
   NS_SS0991  1 0.0092 0.0141 0.0698 0.0869 0.0115 0.5668 0.0021 0.0402 0.1941 0.0054 
   NS_SS0994  1 0.0330 0.0076 0.0235 0.0097 0.0083 0.0424 0.0025 0.0092 0.8529 0.0109 
   NS_SS0931  1 0.0329 0.0092 0.0059 0.0198 0.0081 0.7453 0.0071 0.0043 0.0439 0.1235 
   NS_SS1000  1 0.0249 0.1067 0.2632 0.0192 0.2011 0.0076 0.0041 0.1848 0.0779 0.1106 
   NS_SS0919  1 0.0115 0.3900 0.3376 0.0106 0.0452 0.0943 0.0036 0.0298 0.0650 0.0125 
   NS_SS0949  1 0.0137 0.0109 0.0205 0.0688 0.0089 0.0293 0.0013 0.0350 0.8008 0.0108 
   NS_SS0960  1 0.0121 0.6129 0.0424 0.0268 0.0653 0.0128 0.0070 0.0618 0.1447 0.0141 
   NS_SS0716  1 0.0037 0.2056 0.0058 0.0991 0.0054 0.0045 0.0054 0.0087 0.0068 0.6550 
   NS_SS0924  1 0.1117 0.1724 0.0722 0.4226 0.0655 0.0591 0.0217 0.0348 0.0283 0.0116 
   NS_SS0935  1 0.0041 0.0069 0.8854 0.0083 0.0325 0.0274 0.0069 0.0041 0.0145 0.0099 
   NS_SS0952  1 0.0291 0.0475 0.2256 0.0085 0.0429 0.0419 0.0522 0.0136 0.5186 0.0203 
   NS_SS0962  1 0.0851 0.1488 0.0105 0.0138 0.0313 0.0183 0.0086 0.6085 0.0414 0.0338 
   NS_SS0973  1 0.0122 0.0905 0.1663 0.1318 0.0453 0.0221 0.0037 0.5086 0.0153 0.0042 
   NS_SS0722  1 0.0085 0.0294 0.0764 0.0154 0.0931 0.0232 0.0037 0.0134 0.0078 0.7292 
   NS_SS0979  1 0.0466 0.2698 0.0444 0.0194 0.0273 0.0391 0.0030 0.0372 0.0116 0.5015 
   NS_SS0993  1 0.0756 0.0516 0.0252 0.1225 0.0409 0.2943 0.0236 0.1372 0.0077 0.2214 
   NS_SS0958  1 0.0061 0.1009 0.0116 0.0108 0.0180 0.0174 0.0023 0.3401 0.4385 0.0543 
   NS_SS0988  1 0.0136 0.0497 0.0143 0.0090 0.0406 0.1192 0.0069 0.7163 0.0088 0.0216 
   NS_SS1003  1 0.8353 0.0324 0.0159 0.0491 0.0123 0.0198 0.0106 0.0130 0.0069 0.0047 
   NS_SS0976  1 0.8234 0.0089 0.0353 0.0128 0.0249 0.0396 0.0018 0.0093 0.0360 0.0080 
   NS_SS0964  1 0.0626 0.0877 0.0495 0.1298 0.0167 0.0063 0.0022 0.3913 0.0214 0.2324 
   NS_SS0939  1 0.0129 0.0285 0.0075 0.0110 0.0043 0.0026 0.0045 0.0070 0.0092 0.9126 
   NS_SS0990  1 0.1395 0.0122 0.0170 0.0754 0.0085 0.0310 0.0047 0.0376 0.0109 0.6632 
   NS_SS0984  1 0.0304 0.0201 0.0175 0.0071 0.0112 0.0231 0.0021 0.0063 0.0032 0.8791 
   NS_SS0980  1 0.0125 0.0174 0.6128 0.0208 0.2572 0.0088 0.0023 0.0261 0.0139 0.0283 
   NS_SS0978  1 0.0133 0.0112 0.8479 0.0083 0.0499 0.0048 0.0032 0.0232 0.0148 0.0234 
   NS_SS0951  1 0.0900 0.2364 0.0335 0.0572 0.2798 0.0560 0.0035 0.0504 0.1127 0.0806 
   NS_SS0913  1 0.0380 0.0580 0.0187 0.4839 0.0333 0.0192 0.0488 0.0274 0.0062 0.2667 
   NS_SS1002  1 0.0079 0.0117 0.0040 0.0033 0.0178 0.0056 0.0343 0.9025 0.0062 0.0065 
   NS_SS0948  1 0.0094 0.0201 0.0207 0.0301 0.0312 0.6877 0.0541 0.0250 0.0064 0.1152 
   NS_SS0916  1 0.0359 0.4346 0.2481 0.0280 0.1385 0.0218 0.0050 0.0305 0.0194 0.0381 
   NS_SS0995  1 0.0062 0.7493 0.0288 0.1320 0.0210 0.0135 0.0032 0.0232 0.0061 0.0167 
   NS_SS0927  1 0.0104 0.4108 0.0380 0.0119 0.0111 0.0141 0.0047 0.4429 0.0400 0.0161 
   NS_SS0992  1 0.0443 0.0615 0.1067 0.0769 0.0406 0.0278 0.0033 0.5964 0.0267 0.0158 
   NS_SS0912  1 0.0041 0.0213 0.0236 0.1257 0.0082 0.7694 0.0023 0.0129 0.0143 0.0182 
   NS_SS0981  1 0.0651 0.1617 0.0833 0.0544 0.1189 0.3615 0.0033 0.0176 0.0130 0.1212 
   NS_SS0729  2 0.0487 0.0995 0.1171 0.0226 0.2432 0.0157 0.0049 0.0388 0.4024 0.0071 
   NS_SS0967  2 0.0469 0.0635 0.4456 0.0286 0.0133 0.0383 0.0133 0.2746 0.0503 0.0255 
   NS_SS0941  2 0.0359 0.0127 0.6133 0.0087 0.0237 0.0201 0.0788 0.0209 0.0084 0.1777 
   NS_SS0768  2 0.0424 0.0152 0.0112 0.0434 0.3945 0.0078 0.0059 0.4276 0.0366 0.0152 
   NS_SS0726  2 0.8078 0.0485 0.0172 0.0130 0.0119 0.0489 0.0112 0.0110 0.0172 0.0134 
   NS_SS0763  2 0.1072 0.0430 0.4809 0.0278 0.0239 0.0629 0.0027 0.0300 0.1527 0.0688 
   NS_SS0730  2 0.0159 0.8282 0.0056 0.0128 0.0178 0.0111 0.0035 0.0138 0.0144 0.0768 
   NS_SS0774  2 0.0427 0.0070 0.0077 0.0357 0.0435 0.0146 0.0007 0.0141 0.0055 0.8285 
   NS_SS0723  2 0.0289 0.6284 0.0723 0.0172 0.0608 0.0374 0.0020 0.0514 0.0048 0.0968 
   NS_SS0940  2 0.0535 0.2822 0.1162 0.0299 0.0264 0.0810 0.0066 0.0137 0.2076 0.1829 
   NS_SS0762  2 0.0281 0.0763 0.0547 0.0070 0.3656 0.0092 0.0030 0.0041 0.0047 0.4472 
   NS_SS0766  2 0.0573 0.2747 0.0872 0.0978 0.0119 0.0476 0.0173 0.0325 0.0314 0.3422 
   NS_SS0724  2 0.0834 0.2381 0.0743 0.0130 0.3818 0.0323 0.0054 0.1239 0.0166 0.0311 
   NS_SS0769  2 0.0087 0.7459 0.0453 0.0162 0.0156 0.0170 0.0039 0.1271 0.0072 0.0131 
   NS_SS0777  2 0.0118 0.0077 0.1618 0.0057 0.0067 0.7044 0.0130 0.0163 0.0117 0.0609 
   NS_SS0734  2 0.0187 0.1405 0.1744 0.2856 0.0158 0.0292 0.0338 0.0248 0.1924 0.0847 
   NS_SS0737  2 0.4334 0.0202 0.0111 0.0057 0.0150 0.0053 0.0065 0.4531 0.0050 0.0446 
   NS_SS0732  2 0.0073 0.0519 0.0383 0.8320 0.0415 0.0073 0.0046 0.0058 0.0050 0.0063 
   NS_SS0728  2 0.1270 0.0769 0.3313 0.2026 0.0512 0.0212 0.0120 0.0893 0.0245 0.0641 
   NS_SS0735  2 0.1113 0.0508 0.1437 0.2068 0.2807 0.1077 0.0101 0.0551 0.0169 0.0170 
   NS_SS0725  2 0.8431 0.0068 0.0056 0.0189 0.0098 0.0074 0.0093 0.0412 0.0334 0.0246 
   NS_SS0788  2 0.0406 0.0971 0.2735 0.0139 0.0683 0.0129 0.0016 0.4633 0.0065 0.0222 
   NS_SS0778  2 0.0241 0.0827 0.2887 0.0183 0.0144 0.1817 0.0025 0.0572 0.0144 0.3160 
   NS_SS0792  2 0.0119 0.0357 0.0095 0.0197 0.0149 0.0109 0.0041 0.8751 0.0085 0.0096 
   NS_SS0943  2 0.0687 0.0095 0.0424 0.2798 0.1673 0.0244 0.0079 0.0226 0.3714 0.0061 
   NS_SS0791  2 0.0579 0.8568 0.0210 0.0143 0.0036 0.0081 0.0113 0.0100 0.0103 0.0066 
   NS_SS0790  2 0.0038 0.0039 0.0025 0.0093 0.9583 0.0018 0.0028 0.0047 0.0030 0.0100 
   NS_SS0731  2 0.0220 0.0941 0.0142 0.0227 0.0205 0.0503 0.0180 0.3117 0.0373 0.4092 
   NS_SS0727  2 0.0422 0.0813 0.0749 0.1722 0.0154 0.0469 0.0016 0.0254 0.2907 0.2494 
   NS_SS0779  2 0.0218 0.0509 0.1359 0.0226 0.0165 0.4148 0.0079 0.0445 0.0067 0.2784 
   NS_SS0776  2 0.3021 0.0093 0.1325 0.0636 0.0256 0.0249 0.0090 0.0201 0.0097 0.4032 
   NS_SS0775  2 0.0093 0.0137 0.0083 0.0061 0.0118 0.0054 0.0058 0.0227 0.0056 0.9112 
   NS_SS0965  3 0.0086 0.1089 0.3795 0.1739 0.0485 0.2088 0.0015 0.0297 0.0096 0.0310 
   NS_SS0754  3 0.0121 0.0251 0.8809 0.0119 0.0089 0.0109 0.0115 0.0091 0.0172 0.0123 
   NS_SS0838  3 0.7180 0.0291 0.0189 0.0080 0.0157 0.0341 0.0445 0.0248 0.0613 0.0455 
   NS_SS0839  3 0.3325 0.1080 0.0082 0.0160 0.2263 0.0041 0.0036 0.1218 0.0041 0.1754 
   NS_SS0832  3 0.0132 0.0292 0.0450 0.0468 0.0292 0.0255 0.0645 0.5342 0.0036 0.2087 
   NS_SS0820  3 0.3745 0.4871 0.0082 0.0085 0.0088 0.0072 0.0098 0.0842 0.0031 0.0087 
   NS_SS0886  3 0.0285 0.3214 0.0425 0.2506 0.0355 0.2480 0.0025 0.0326 0.0207 0.0177 
   NS_SS0748  3 0.0246 0.0299 0.0365 0.0192 0.1712 0.3894 0.0104 0.0584 0.0455 0.2149 
   NS_SS0884  3 0.2307 0.0349 0.1202 0.1073 0.1270 0.0222 0.0362 0.2033 0.0644 0.0536 
   NS_SS0752  3 0.0613 0.0826 0.2488 0.1264 0.0643 0.0155 0.0033 0.2177 0.1075 0.0725 
   NS_SS0862  3 0.0161 0.1842 0.4252 0.0750 0.1917 0.0740 0.0042 0.0151 0.0054 0.0090 
   NS_SS0787  3 0.0052 0.0077 0.0122 0.0069 0.0112 0.0063 0.0042 0.0083 0.9323 0.0057 
   NS_SS0843  3 0.0368 0.0966 0.4280 0.1414 0.1746 0.0550 0.0022 0.0275 0.0228 0.0151 
   NS_SS0856  3 0.0132 0.0230 0.0103 0.0106 0.0084 0.0059 0.0032 0.8809 0.0366 0.0078 
   NS_SS0846  3 0.0498 0.0153 0.0357 0.0124 0.0663 0.2603 0.0031 0.4940 0.0319 0.0312 
   NS_SS0825  3 0.0225 0.0072 0.0088 0.0198 0.0047 0.0309 0.0101 0.8804 0.0096 0.0060 
   NS_SS0757  3 0.0385 0.0155 0.7540 0.0349 0.0264 0.0466 0.0035 0.0374 0.0224 0.0209 
   NS_SS0876  3 0.0047 0.0337 0.0155 0.4182 0.2738 0.0052 0.2108 0.0082 0.0209 0.0090 
   NS_SS0903  3 0.0057 0.0242 0.0737 0.0076 0.7881 0.0226 0.0022 0.0498 0.0102 0.0158 
   NS_SS0875  3 0.0062 0.2986 0.0177 0.0620 0.1468 0.0688 0.0027 0.0296 0.0601 0.3075 
   NS_SS0740  3 0.0070 0.0127 0.8738 0.0429 0.0167 0.0115 0.0031 0.0126 0.0094 0.0103 
   NS_SS0811  3 0.0099 0.0538 0.0141 0.5009 0.0928 0.0188 0.0088 0.0055 0.0123 0.2832 
   NS_SS0751  3 0.0705 0.1384 0.0336 0.0081 0.0073 0.0234 0.0038 0.1128 0.5493 0.0527 
   NS_SS0891  3 0.0165 0.0247 0.0134 0.0120 0.7338 0.0173 0.0060 0.0172 0.0146 0.1445 
   NS_SS0867  3 0.0139 0.0188 0.5132 0.0542 0.0392 0.1817 0.0304 0.0903 0.0344 0.0239 
   NS_SS0890  3 0.0276 0.1932 0.2414 0.0150 0.1825 0.1926 0.0040 0.0184 0.0137 0.1117 
   NS_SS0866  3 0.0419 0.0132 0.0122 0.0485 0.0047 0.0673 0.0054 0.1720 0.6026 0.0321 
   NS_SS0755  3 0.0416 0.2537 0.0214 0.0627 0.1573 0.0549 0.0069 0.0729 0.0205 0.3079 
   NS_SS0758  3 0.0216 0.0205 0.0257 0.0089 0.0105 0.8353 0.0026 0.0526 0.0082 0.0141 
   NS_SS0840  3 0.5413 0.0511 0.0115 0.0248 0.0967 0.0089 0.0029 0.2384 0.0100 0.0144 
   NS_SS0889  3 0.0149 0.0081 0.0101 0.8295 0.0226 0.0300 0.0021 0.0116 0.0607 0.0103 
   NS_SS1010  3 0.1001 0.3063 0.1244 0.0245 0.1344 0.0132 0.0478 0.1398 0.0960 0.0136 
   NS_SS0888  3 0.0082 0.0403 0.1260 0.7332 0.0096 0.0114 0.0020 0.0123 0.0389 0.0180 
   NS_SS0837  3 0.0141 0.0217 0.0650 0.5094 0.0501 0.0275 0.0031 0.2726 0.0186 0.0178 
   NS_SS0794  3 0.0057 0.0286 0.0174 0.0198 0.0155 0.0088 0.0026 0.0457 0.8333 0.0224 
   NS_SS0823  3 0.1479 0.0257 0.0245 0.0220 0.4443 0.0505 0.0051 0.2285 0.0175 0.0340 
   NS_SS0829  3 0.0064 0.0329 0.0214 0.0163 0.0083 0.3874 0.1140 0.0070 0.4007 0.0056 
   NS_SS0844  3 0.0046 0.0073 0.0046 0.0053 0.9518 0.0067 0.0019 0.0113 0.0039 0.0025 
   NS_SS1008  3 0.0347 0.0364 0.1223 0.1012 0.0300 0.0533 0.0212 0.0416 0.3648 0.1945 
   NS_SS0881  3 0.0159 0.8789 0.0057 0.0088 0.0078 0.0057 0.0026 0.0116 0.0133 0.0496 
   NS_SS0834  3 0.9024 0.0089 0.0062 0.0049 0.0211 0.0058 0.0038 0.0330 0.0070 0.0069 
   NS_SS0744  3 0.0396 0.2840 0.0929 0.2222 0.0313 0.0089 0.0068 0.2889 0.0156 0.0099 
   NS_SS0899  3 0.0474 0.0100 0.0071 0.0279 0.8549 0.0150 0.0013 0.0148 0.0056 0.0160 
   NS_SS0804  3 0.0591 0.0674 0.0090 0.0255 0.5500 0.0363 0.0055 0.2002 0.0050 0.0419 
   NS_SS0781  3 0.0510 0.0610 0.0713 0.0111 0.6090 0.0388 0.0042 0.0883 0.0083 0.0570 
   NS_SS0822  3 0.3606 0.0203 0.0234 0.0188 0.0101 0.4776 0.0017 0.0291 0.0487 0.0096 
   NS_SS1004  3 0.0093 0.0116 0.0456 0.0752 0.0183 0.0134 0.0044 0.8046 0.0070 0.0105 
   NS_SS0746  3 0.0081 0.0247 0.1186 0.0191 0.1901 0.1333 0.0141 0.2571 0.0572 0.1776 
   NS_SS0880  3 0.7569 0.0132 0.0109 0.0326 0.0293 0.0232 0.0018 0.0249 0.0184 0.0887 
   NS_SS0879  3 0.0821 0.0212 0.0181 0.0930 0.4146 0.0149 0.0181 0.1491 0.0486 0.1402 
   NS_SS0753  3 0.0046 0.0243 0.8316 0.0110 0.0287 0.0482 0.0081 0.0185 0.0172 0.0079 
   NS_SS1007  3 0.0309 0.6124 0.0316 0.0084 0.0034 0.0073 0.0019 0.2336 0.0572 0.0132 
   NS_SS0872  3 0.0084 0.0195 0.0207 0.0302 0.0602 0.0063 0.0016 0.7928 0.0075 0.0528 
   NS_SS1005  3 0.0312 0.0102 0.0096 0.0108 0.0827 0.0395 0.0015 0.7868 0.0111 0.0166 
   NS_SS0892  3 0.0248 0.0446 0.6715 0.0696 0.0225 0.0414 0.0028 0.0225 0.0205 0.0798 
   NS_SS0898  3 0.0104 0.0302 0.0162 0.0252 0.0092 0.2119 0.0065 0.0338 0.0907 0.5660 
   NS_SS0801  3 0.8698 0.0199 0.0161 0.0195 0.0321 0.0057 0.0089 0.0135 0.0082 0.0064 
   NS_SS0827  3 0.0070 0.1239 0.0117 0.0147 0.0482 0.1941 0.1301 0.0637 0.0304 0.3763 
   NS_SS0853  3 0.0042 0.1671 0.1053 0.0222 0.0950 0.0303 0.0068 0.0140 0.0158 0.5393 
   NS_SS0780  3 0.2790 0.0646 0.5662 0.0123 0.0255 0.0225 0.0040 0.0085 0.0046 0.0129 
   NS_SS0826  3 0.3554 0.0175 0.0068 0.0149 0.4726 0.0561 0.0035 0.0349 0.0297 0.0086 
   NS_SS0818  3 0.1017 0.0916 0.1630 0.0081 0.0105 0.0098 0.0016 0.5817 0.0103 0.0215 
   NS_SS0745  3 0.0132 0.0163 0.0096 0.0119 0.0043 0.0097 0.0012 0.0104 0.0048 0.9186 
   NS_SS0849  3 0.0038 0.0078 0.0052 0.9557 0.0047 0.0051 0.0014 0.0053 0.0063 0.0048 
   NS_SS0739  3 0.0178 0.9007 0.0101 0.0213 0.0093 0.0082 0.0111 0.0101 0.0043 0.0071 
   NS_SS0799  3 0.0398 0.0343 0.6602 0.0511 0.0111 0.1139 0.0014 0.0443 0.0192 0.0245 
   NS_SS0756  3 0.0104 0.0357 0.0103 0.0196 0.8484 0.0233 0.0045 0.0299 0.0045 0.0134 
   NS_SS0802  3 0.0187 0.3077 0.1230 0.0440 0.0149 0.0052 0.1962 0.1214 0.1635 0.0052 
   NS_SS0747  3 0.0122 0.0226 0.7518 0.0122 0.1310 0.0082 0.0054 0.0248 0.0071 0.0247 
   NS_SS0835  3 0.0060 0.0682 0.3530 0.0783 0.0107 0.0696 0.0017 0.2980 0.0977 0.0169 
   NS_SS0742  3 0.1353 0.5569 0.0231 0.0199 0.1125 0.0265 0.0012 0.0950 0.0155 0.0141 
   NS_SS0760  3 0.0397 0.1063 0.0269 0.0102 0.0468 0.2336 0.0527 0.0472 0.4255 0.0111 
   NS_SS0803  3 0.0046 0.0069 0.0083 0.0193 0.9188 0.0053 0.0089 0.0206 0.0028 0.0046 
   NS_SS0828  3 0.0230 0.1790 0.6792 0.0256 0.0285 0.0197 0.0012 0.0091 0.0163 0.0183 
   NS_SS0865  3 0.0521 0.4199 0.0325 0.0683 0.0182 0.0121 0.0313 0.0201 0.3362 0.0094 
   NS_SS0759  3 0.1003 0.7033 0.0743 0.0284 0.0142 0.0154 0.0046 0.0280 0.0103 0.0213 
   NS_SS0851  3 0.0540 0.0289 0.0077 0.7673 0.0106 0.0078 0.0109 0.0062 0.0057 0.1009 
   NS_SS0874  3 0.0086 0.0081 0.0139 0.0115 0.9140 0.0105 0.0019 0.0169 0.0057 0.0089 
   NS_SS0761  3 0.0145 0.0271 0.0478 0.1941 0.0554 0.5225 0.0034 0.0383 0.0661 0.0307 
   NS_SS0842  3 0.0104 0.0220 0.0079 0.0093 0.0137 0.0189 0.0115 0.0193 0.0189 0.8680 
   NS_SS0785  3 0.0098 0.0412 0.5552 0.1927 0.0479 0.0444 0.0058 0.0247 0.0315 0.0468 
   NS_SS0860  3 0.0071 0.3124 0.1058 0.0134 0.0141 0.0238 0.0024 0.4234 0.0853 0.0123 
   NS_SS0897  3 0.0080 0.0090 0.0056 0.0217 0.0082 0.0355 0.0022 0.0149 0.8897 0.0051 
   NS_SS0841  3 0.1239 0.3502 0.0156 0.2124 0.0368 0.0123 0.0048 0.1437 0.0315 0.0689 
   NS_SS0797  3 0.2679 0.2823 0.0072 0.0379 0.0131 0.1247 0.0170 0.0449 0.0985 0.1065 
   NS_SS0830  3 0.0209 0.8126 0.0163 0.0424 0.0289 0.0186 0.0022 0.0148 0.0166 0.0268 
   NS_SS1011  3 0.9128 0.0078 0.0090 0.0108 0.0234 0.0041 0.0057 0.0179 0.0032 0.0053 
   NS_SS0883  3 0.0034 0.7479 0.0371 0.0740 0.0467 0.0312 0.0065 0.0214 0.0230 0.0088 
   NS_SS0782  3 0.0061 0.4141 0.0077 0.2134 0.0327 0.0707 0.0032 0.0784 0.1009 0.0728 
   NS_SS0831  3 0.0156 0.1072 0.0106 0.1602 0.0343 0.3988 0.0035 0.0189 0.2378 0.0131 
   NS_SS0749  3 0.0111 0.0302 0.8314 0.0633 0.0099 0.0162 0.0038 0.0132 0.0105 0.0104 
   NS_SS0854  3 0.0472 0.0210 0.5056 0.0990 0.1771 0.0121 0.0038 0.0134 0.1009 0.0200 
   HI_SS0193  4 0.0940 0.0426 0.0102 0.0763 0.0110 0.0082 0.0019 0.0047 0.7400 0.0110 
   HI_SS0194  4 0.8616 0.0085 0.0049 0.0058 0.0712 0.0047 0.0020 0.0073 0.0202 0.0138 
   HI_SS0195  4 0.1471 0.0694 0.0144 0.1236 0.0339 0.0163 0.1096 0.3851 0.0089 0.0917 
   HI_SS0196  4 0.0279 0.0768 0.0280 0.0287 0.0371 0.0077 0.0039 0.1075 0.6383 0.0442 
   HI_SS0197  4 0.4884 0.0674 0.0782 0.0096 0.0084 0.0198 0.0218 0.1905 0.0051 0.1108 
   HI_SS0198  4 0.0162 0.0521 0.0288 0.8287 0.0102 0.0101 0.0097 0.0257 0.0077 0.0110 
   HI_SS0199  4 0.0036 0.0086 0.9124 0.0113 0.0085 0.0240 0.0024 0.0123 0.0095 0.0072 
   HI_SS0201  4 0.0152 0.0188 0.0711 0.1423 0.0239 0.5406 0.0021 0.0083 0.1682 0.0094 
   HI_SS0215  4 0.0080 0.0202 0.0602 0.0402 0.0129 0.0795 0.0025 0.7605 0.0114 0.0047 
   HI_SS0218  4 0.0064 0.0118 0.1972 0.0285 0.0098 0.0546 0.0092 0.0351 0.6218 0.0256 
   HI_SS0222  4 0.0179 0.7273 0.0164 0.0840 0.0074 0.0399 0.0044 0.0133 0.0733 0.0162 
   HI_SS0230  4 0.0375 0.8028 0.0316 0.0210 0.0189 0.0118 0.0066 0.0413 0.0104 0.0182 
   HI_SS0234  4 0.0142 0.0554 0.0271 0.0072 0.4271 0.0430 0.1596 0.2361 0.0066 0.0239 
   HI_SS0240  4 0.0219 0.1750 0.6009 0.0446 0.0294 0.0056 0.0100 0.0221 0.0507 0.0397 
   HI_SS0241  4 0.2506 0.0663 0.4607 0.0360 0.0680 0.0721 0.0029 0.0141 0.0094 0.0198 
   HI_SS0242  4 0.0100 0.1837 0.0504 0.1581 0.0484 0.4642 0.0025 0.0282 0.0080 0.0465 
   HI_SS0247  4 0.0156 0.0030 0.0037 0.0056 0.9387 0.0072 0.0134 0.0062 0.0024 0.0041 
   HI_SS0248  4 0.0064 0.0217 0.0228 0.0374 0.0328 0.0223 0.0009 0.0137 0.8171 0.0250 
   HI_SS0252  4 0.5495 0.0058 0.0084 0.1969 0.0253 0.1184 0.0026 0.0704 0.0138 0.0089 
   HI_SS0254  4 0.0263 0.0299 0.0203 0.0348 0.0170 0.3480 0.1154 0.1062 0.0278 0.2744 
   HI_SS0256  4 0.0103 0.0068 0.0148 0.0076 0.8408 0.0034 0.0014 0.1019 0.0047 0.0084 
   HI_SS0257  4 0.0066 0.0176 0.5655 0.0083 0.2864 0.0596 0.0040 0.0130 0.0313 0.0077 
   HI_SS0258  4 0.0153 0.0184 0.0185 0.0343 0.0107 0.0078 0.0061 0.0196 0.8533 0.0160 
   HI_SS0259  4 0.9019 0.0244 0.0140 0.0139 0.0107 0.0061 0.0037 0.0141 0.0046 0.0067 
   HI_SS0260  4 0.0108 0.0396 0.1584 0.0082 0.0266 0.0108 0.0021 0.0344 0.6427 0.0664 
   HI_SS0261  4 0.1200 0.1674 0.0447 0.0078 0.0424 0.1306 0.0032 0.0468 0.2495 0.1877 
   HI_SS0262  4 0.0248 0.6681 0.0199 0.1660 0.0243 0.0039 0.0066 0.0445 0.0093 0.0325 
   HI_SS0264  4 0.0256 0.6467 0.0099 0.0503 0.0850 0.0165 0.0040 0.0648 0.0096 0.0877 
   HI_SS0265  4 0.0436 0.2591 0.0808 0.1249 0.0582 0.0088 0.1032 0.2296 0.0135 0.0782 
   HI_SS0268  4 0.0516 0.3997 0.0206 0.0104 0.0180 0.0122 0.0043 0.0474 0.4137 0.0222 
   HI_SS0269  4 0.0424 0.0735 0.0355 0.0345 0.0653 0.0298 0.0033 0.1065 0.5786 0.0306 
   HI_SS0273  4 0.0138 0.0152 0.0793 0.0138 0.0147 0.0203 0.0018 0.0311 0.7911 0.0189 
   HI_SS0277  4 0.1266 0.6158 0.0112 0.0323 0.0232 0.0725 0.0029 0.0952 0.0063 0.0140 
   HI_SS0280  4 0.1487 0.5489 0.0753 0.0751 0.0111 0.0165 0.0042 0.0067 0.0460 0.0675 
   HI_SS0282  4 0.1147 0.0205 0.0547 0.6643 0.0195 0.0110 0.0013 0.0128 0.0954 0.0058 
   HI_SS0286  4 0.0245 0.4960 0.0504 0.1161 0.0224 0.0340 0.0087 0.2083 0.0212 0.0184 
   NS_SS1252  5 0.0043 0.0102 0.0111 0.0072 0.0078 0.9149 0.0028 0.0083 0.0219 0.0114 
   NS_SS1261  5 0.0071 0.0172 0.0070 0.0151 0.0129 0.0092 0.0192 0.8722 0.0233 0.0167 
   NS_SS1225  5 0.0080 0.0138 0.0367 0.0086 0.8441 0.0124 0.0540 0.0076 0.0101 0.0047 
   NS_SS1266  5 0.0172 0.0184 0.0068 0.0267 0.0719 0.0118 0.0085 0.8253 0.0050 0.0084 
   NS_SS1228  5 0.0100 0.6204 0.0123 0.0643 0.0311 0.0102 0.0132 0.1535 0.0298 0.0551 
   NS_SS1255  5 0.0051 0.0211 0.0033 0.0067 0.0298 0.0055 0.0015 0.0075 0.8996 0.0201 
   NS_SS1267  5 0.0149 0.0178 0.0329 0.0644 0.0119 0.7793 0.0130 0.0070 0.0200 0.0387 
   NS_SS1238  5 0.1005 0.0455 0.0056 0.0199 0.0087 0.0192 0.0031 0.0584 0.7133 0.0258 
   NS_SS1233  5 0.0604 0.0076 0.0051 0.0119 0.1113 0.7732 0.0022 0.0060 0.0119 0.0104 
   NS_SS1277  5 0.0098 0.0066 0.0120 0.0780 0.0042 0.3668 0.0010 0.0078 0.0155 0.4983 
   NS_SS1245  5 0.0276 0.0164 0.1880 0.0212 0.1257 0.2078 0.0019 0.1566 0.1403 0.1145 
   NS_SS1240  5 0.0117 0.0604 0.1278 0.0075 0.0194 0.4454 0.0024 0.0126 0.3052 0.0076 
   NS_SS1275  5 0.8586 0.0440 0.0167 0.0087 0.0115 0.0063 0.0033 0.0114 0.0047 0.0348 
   NS_SS1235  5 0.2050 0.0144 0.0335 0.0063 0.3549 0.0092 0.0071 0.2303 0.1309 0.0085 
   NS_SS1263  5 0.0082 0.0052 0.0114 0.0078 0.9077 0.0170 0.0010 0.0112 0.0078 0.0226 
   NS_SS1251  5 0.0074 0.0073 0.0073 0.0038 0.7519 0.1683 0.0015 0.0097 0.0039 0.0389 
   NS_SS1248  5 0.0122 0.0170 0.0194 0.3164 0.0100 0.4496 0.0956 0.0132 0.0125 0.0541 
   NS_SS1244  5 0.9242 0.0094 0.0089 0.0067 0.0161 0.0036 0.0032 0.0086 0.0144 0.0051 
   NS_SS1257  5 0.0076 0.0485 0.0210 0.7613 0.0422 0.0627 0.0219 0.0083 0.0145 0.0118 
   NS_SS1242  5 0.0333 0.0317 0.0078 0.0091 0.0122 0.0116 0.0028 0.7682 0.0092 0.1142 
   NS_SS1271  5 0.0082 0.0182 0.0256 0.0053 0.0102 0.2930 0.0298 0.0073 0.0298 0.5727 
   NS_SS1265  5 0.0709 0.0175 0.0505 0.2111 0.0292 0.1031 0.0254 0.1134 0.3261 0.0527 
   NS_SS1243  5 0.0260 0.0207 0.0634 0.6463 0.0171 0.0494 0.0894 0.0280 0.0309 0.0289 
   NS_SS1273  5 0.0089 0.0099 0.0097 0.0097 0.0097 0.0089 0.0095 0.0329 0.0110 0.8897 
   NS_SS1254  5 0.0146 0.0439 0.0356 0.0103 0.3523 0.0566 0.0095 0.0272 0.0106 0.4395 
   NS_SS1224  5 0.0071 0.0936 0.0341 0.0252 0.7623 0.0249 0.0091 0.0101 0.0103 0.0234 
   NS_SS1227  5 0.0036 0.0108 0.9069 0.0058 0.0030 0.0052 0.0015 0.0085 0.0091 0.0456 
   NS_SS1274  5 0.4048 0.0320 0.1543 0.0179 0.2701 0.0535 0.0185 0.0074 0.0273 0.0143 
   NS_SS1241  5 0.0248 0.0139 0.0326 0.0466 0.0892 0.0164 0.0013 0.2914 0.4526 0.0313 
   NS_SS1256  5 0.1691 0.0240 0.0137 0.0090 0.0540 0.2899 0.0394 0.3134 0.0125 0.0750 
   NS_SS1260  5 0.0179 0.3003 0.1193 0.0249 0.0397 0.0809 0.0779 0.1202 0.2120 0.0069 
   NS_SS1262  5 0.0100 0.0445 0.0429 0.0726 0.4231 0.0253 0.1666 0.1789 0.0245 0.0116 
   NS_SS1230  5 0.0139 0.0367 0.0633 0.0279 0.0135 0.0093 0.0097 0.4202 0.3716 0.0338 
   NS_SS1270  5 0.0309 0.0058 0.0154 0.8461 0.0120 0.0075 0.0023 0.0614 0.0067 0.0118 
   NS_SS1229  5 0.0232 0.0073 0.1393 0.0031 0.0235 0.0077 0.0054 0.7739 0.0117 0.0049 
   NS_SS1246  5 0.6383 0.0082 0.0138 0.0059 0.0162 0.0376 0.0035 0.0108 0.1767 0.0891 
   NS_SS1269  5 0.0260 0.1986 0.0975 0.0802 0.0068 0.0516 0.0018 0.4932 0.0273 0.0170 
   NS_SS1239  5 0.0079 0.1319 0.0402 0.7132 0.0084 0.0121 0.0059 0.0474 0.0135 0.0195 
   NS_SS1272  5 0.0197 0.0088 0.0039 0.0050 0.0076 0.0135 0.0045 0.9238 0.0048 0.0085 
   NS_SS1268  5 0.0162 0.0866 0.0311 0.6760 0.1241 0.0189 0.0027 0.0145 0.0089 0.0212 
   NS_SS1249  5 0.0124 0.0074 0.0161 0.0316 0.0434 0.0145 0.0191 0.0081 0.8148 0.0327 
   HI_SS0559  6 0.0049 0.0065 0.8936 0.0269 0.0312 0.0080 0.0016 0.0053 0.0135 0.0086 
   HI_SS0563  6 0.0061 0.0759 0.0128 0.0130 0.2243 0.5776 0.0040 0.0181 0.0474 0.0209 
   HI_SS0564  6 0.2476 0.1223 0.0263 0.0475 0.0459 0.4169 0.0590 0.0153 0.0089 0.0103 
   HI_SS0565  6 0.0194 0.0741 0.1129 0.0093 0.0156 0.1186 0.0044 0.4439 0.0841 0.1177 
   HI_SS0569  6 0.0137 0.0189 0.0898 0.0377 0.1009 0.4503 0.0026 0.0196 0.2420 0.0245 
   HI_SS0570  6 0.0112 0.0093 0.0131 0.0314 0.0096 0.0182 0.0492 0.0041 0.8355 0.0183 
   HI_SS0572  6 0.0195 0.2121 0.0364 0.0180 0.4026 0.0058 0.0030 0.2092 0.0244 0.0690 
   HI_SS0576  6 0.0332 0.4266 0.0917 0.1551 0.0164 0.0262 0.0062 0.1836 0.0212 0.0398 
   HI_SS0579  6 0.0097 0.0992 0.1742 0.0705 0.4052 0.1011 0.0192 0.0889 0.0208 0.0112 
   HI_SS0580  6 0.0134 0.0531 0.2559 0.4266 0.0424 0.0174 0.0034 0.0179 0.0405 0.1295 
   HI_SS0581  6 0.0509 0.0322 0.0087 0.1465 0.0052 0.0113 0.0585 0.6748 0.0039 0.0080 
   HI_SS0583  6 0.0053 0.0064 0.0115 0.0039 0.0102 0.9085 0.0026 0.0125 0.0116 0.0275 
   HI_SS0586  6 0.0043 0.0101 0.0148 0.0079 0.0048 0.9288 0.0011 0.0057 0.0082 0.0143 
   HI_SS0588  6 0.0082 0.0061 0.8688 0.0114 0.0092 0.0607 0.0092 0.0098 0.0090 0.0077 
   HI_SS0595  6 0.0139 0.4566 0.1013 0.0211 0.0335 0.0153 0.0328 0.0156 0.0284 0.2815 
   HI_SS0596  6 0.0069 0.0375 0.0227 0.0123 0.1025 0.0105 0.0023 0.0297 0.0192 0.7564 
   HI_SS0597  6 0.0740 0.0206 0.0122 0.0084 0.0183 0.0299 0.0020 0.6253 0.0176 0.1917 
   HI_SS0600  6 0.0153 0.1888 0.1501 0.0150 0.0985 0.3496 0.0043 0.1498 0.0147 0.0139 
   HI_SS0601  6 0.0081 0.0102 0.0288 0.0122 0.8893 0.0190 0.0090 0.0121 0.0048 0.0064 
   HI_SS0602  6 0.0032 0.0231 0.9250 0.0098 0.0073 0.0060 0.0028 0.0133 0.0034 0.0061 
   HI_SS0604  6 0.0902 0.0873 0.0539 0.1753 0.0776 0.1960 0.0020 0.2654 0.0271 0.0251 
   HI_SS0605  6 0.0079 0.0102 0.0254 0.9035 0.0055 0.0199 0.0054 0.0065 0.0046 0.0111 
   HI_SS0608  6 0.0064 0.0268 0.0207 0.0265 0.0066 0.0121 0.0014 0.0539 0.0149 0.8307 
   HI_SS0609  6 0.0233 0.0550 0.0203 0.0487 0.7229 0.0183 0.0009 0.0293 0.0475 0.0339 
   HI_SS0611  6 0.0033 0.0053 0.0046 0.9547 0.0050 0.0048 0.0022 0.0052 0.0095 0.0054 
   HI_SS0612  6 0.0229 0.0209 0.1358 0.0055 0.7583 0.0049 0.0066 0.0167 0.0205 0.0079 
   HI_SS0613  6 0.0102 0.0712 0.0128 0.8323 0.0139 0.0233 0.0014 0.0209 0.0054 0.0086 
   HI_SS0615  6 0.0609 0.5121 0.1655 0.1124 0.0160 0.0146 0.0152 0.0420 0.0097 0.0516 
   HI_SS0001  6 0.8754 0.0091 0.0092 0.0167 0.0100 0.0119 0.0045 0.0208 0.0154 0.0269 
   HI_SS0002  6 0.0055 0.0140 0.0151 0.0099 0.0259 0.0121 0.0296 0.8696 0.0077 0.0107 
   HI_SS0004  6 0.1091 0.1779 0.0606 0.0259 0.0154 0.0445 0.0054 0.0193 0.5137 0.0282 
   HI_SS0005  6 0.0217 0.2980 0.0613 0.1655 0.0205 0.0935 0.0089 0.2474 0.0290 0.0542 
   HI_SS0006  6 0.2973 0.0144 0.0672 0.0079 0.0653 0.1467 0.0021 0.1681 0.2213 0.0097 
   HI_SS0007  6 0.0064 0.0072 0.0036 0.9347 0.0036 0.0077 0.0019 0.0051 0.0169 0.0129 
   HI_SS0008  6 0.0182 0.0629 0.7687 0.0126 0.0124 0.0464 0.0318 0.0272 0.0053 0.0144 
   HI_SS0009  6 0.0589 0.5298 0.0570 0.0456 0.0373 0.0175 0.0046 0.0076 0.0501 0.1916 
   HI_SS0010  6 0.0079 0.4161 0.0305 0.0179 0.0199 0.1367 0.0044 0.0064 0.2014 0.1589 
   HI_SS0011  6 0.0655 0.0419 0.0233 0.0414 0.3496 0.0231 0.1018 0.1018 0.1748 0.0770 
   HI_SS0012  6 0.0088 0.6337 0.1352 0.0090 0.0610 0.0111 0.0051 0.1225 0.0048 0.0089 
   HI_SS0017  6 0.2433 0.0105 0.0076 0.0534 0.0173 0.0110 0.0027 0.0108 0.0906 0.5527 
   HI_SS0021  6 0.0095 0.0360 0.0085 0.0926 0.0244 0.1350 0.2449 0.0765 0.1703 0.2023 
   HI_SS0024  6 0.1640 0.1622 0.0185 0.0324 0.0103 0.0133 0.0028 0.1341 0.0797 0.3827 
   HI_SS0025  6 0.0193 0.4644 0.0163 0.0124 0.0394 0.0098 0.0052 0.0341 0.0101 0.3889 
   HI_SS0027  6 0.0095 0.0307 0.1900 0.0172 0.0647 0.0199 0.0154 0.0061 0.6399 0.0066 
   HI_SS0028  6 0.0170 0.3571 0.1401 0.0315 0.0718 0.0074 0.0019 0.0121 0.0094 0.3517 
   HI_SS0029  6 0.0065 0.0767 0.0254 0.0050 0.0117 0.0139 0.0062 0.0242 0.0086 0.8219 
   HI_SS0030  6 0.4445 0.0324 0.0388 0.0691 0.0134 0.2648 0.0070 0.0262 0.0475 0.0563 
   HI_SS0031  6 0.0033 0.0132 0.9117 0.0053 0.0040 0.0095 0.0029 0.0254 0.0077 0.0170 
   HI_SS0034  6 0.1984 0.0107 0.5081 0.0537 0.0144 0.1782 0.0059 0.0108 0.0150 0.0049 
   HI_SS0036  6 0.6387 0.2160 0.0178 0.0254 0.0027 0.0509 0.0077 0.0058 0.0179 0.0170 
   HI_SS0037  6 0.0094 0.1395 0.0134 0.2097 0.0322 0.0219 0.0052 0.0324 0.5268 0.0094 
   HI_SS0039  6 0.0164 0.1100 0.1539 0.0359 0.0058 0.0300 0.0026 0.0405 0.0562 0.5486 
   HI_SS0041  6 0.1131 0.6401 0.0070 0.0703 0.0065 0.0081 0.0019 0.0273 0.0052 0.1206 
   HI_SS0042  6 0.3113 0.1788 0.0128 0.0441 0.1074 0.0052 0.1217 0.0203 0.0126 0.1858 
   HI_SS0043  6 0.0508 0.0089 0.0813 0.0320 0.0109 0.6157 0.0026 0.0182 0.1597 0.0200 
   HI_SS0044  6 0.0074 0.0133 0.0183 0.0403 0.0048 0.0041 0.0028 0.0060 0.1910 0.7121 
   HI_SS0047  6 0.1157 0.0933 0.0449 0.3711 0.0063 0.0289 0.0033 0.3139 0.0098 0.0128 
   HI_SS0049  6 0.4083 0.0211 0.2120 0.0315 0.0386 0.0309 0.0069 0.0118 0.0274 0.2114 
   HI_SS0051  6 0.0053 0.0401 0.0303 0.7757 0.0184 0.0772 0.0024 0.0257 0.0182 0.0066 
   HI_SS0053  6 0.0835 0.0102 0.4712 0.0088 0.0085 0.2117 0.0046 0.0113 0.0445 0.1458 
   HI_SS0054  6 0.0481 0.0228 0.0299 0.0059 0.0869 0.5177 0.0032 0.0098 0.2664 0.0092 
   HI_SS0057  6 0.7381 0.0164 0.0173 0.0438 0.0231 0.0228 0.0035 0.0319 0.0398 0.0633 
   HI_SS0058  6 0.0046 0.0082 0.0071 0.0103 0.8692 0.0044 0.0049 0.0079 0.0738 0.0096 
   HI_SS0060  6 0.0190 0.8171 0.0125 0.0060 0.0118 0.0257 0.0702 0.0174 0.0158 0.0045 
   HI_SS0087  6 0.0134 0.0251 0.0125 0.0258 0.0435 0.7672 0.0031 0.0896 0.0132 0.0065 
   HI_SS0091  6 0.5717 0.0308 0.1852 0.0118 0.0121 0.0315 0.0013 0.1108 0.0372 0.0076 
   HI_SS0095  6 0.0247 0.0659 0.7807 0.0109 0.0261 0.0170 0.0429 0.0205 0.0050 0.0064 
   HI_SS0097  6 0.0075 0.0390 0.0170 0.0256 0.7159 0.0186 0.0061 0.1471 0.0097 0.0135 
   HI_SS0099  6 0.0051 0.1280 0.0392 0.0069 0.0170 0.0106 0.0031 0.0195 0.0103 0.7603 
   HI_SS0103  6 0.1818 0.0216 0.0118 0.0921 0.0453 0.0196 0.0038 0.5758 0.0320 0.0162 
   HI_SS0105  6 0.2705 0.4624 0.0492 0.0056 0.0388 0.0129 0.0323 0.0822 0.0404 0.0057 
   HI_SS0107  6 0.7010 0.0171 0.0095 0.0123 0.1541 0.0172 0.0010 0.0375 0.0151 0.0351 
   HI_SS0108  6 0.0118 0.0084 0.0194 0.0386 0.0071 0.0274 0.0354 0.0115 0.8333 0.0071 
   HI_SS0110  6 0.0379 0.0784 0.0408 0.0097 0.0091 0.0029 0.0016 0.7556 0.0412 0.0229 
   HI_SS0111  6 0.0349 0.1924 0.0208 0.1386 0.0979 0.0723 0.0352 0.2049 0.0086 0.1945 
   HI_SS0112  6 0.0048 0.0086 0.0083 0.0042 0.0049 0.0074 0.0014 0.0041 0.9510 0.0052 
   HI_SS0113  6 0.6317 0.0635 0.0185 0.0168 0.0677 0.0329 0.0046 0.0388 0.0085 0.1171 
   HI_SS0114  6 0.0350 0.0173 0.6867 0.0087 0.0126 0.1796 0.0065 0.0128 0.0326 0.0082 
   HI_SS0115  6 0.0049 0.1370 0.7649 0.0154 0.0308 0.0065 0.0151 0.0051 0.0105 0.0097 
   HI_SS0116  6 0.0056 0.0267 0.0058 0.0098 0.0081 0.0193 0.0037 0.1023 0.4276 0.3911 
   HI_SS0117  6 0.0259 0.0162 0.0216 0.0214 0.5170 0.0830 0.0025 0.0701 0.2223 0.0201 
   HI_SS0118  6 0.0154 0.1431 0.0092 0.0131 0.0425 0.1446 0.0191 0.0887 0.4412 0.0829 
   HI_SS0119  6 0.2159 0.0295 0.1011 0.0074 0.0573 0.0087 0.0019 0.1758 0.3915 0.0108 
   HI_SS0120  6 0.8978 0.0089 0.0059 0.0058 0.0239 0.0075 0.0041 0.0189 0.0101 0.0170 
   HI_SS0121  6 0.0284 0.1910 0.0132 0.0189 0.6642 0.0136 0.0013 0.0320 0.0086 0.0288 
   HI_SS0122  6 0.1629 0.5913 0.0126 0.0545 0.0229 0.0128 0.0271 0.0493 0.0539 0.0127 
   HI_SS0123  6 0.0835 0.0114 0.7752 0.0133 0.0241 0.0254 0.0040 0.0380 0.0170 0.0082 
   HI_SS0124  6 0.0204 0.0926 0.0218 0.0922 0.0668 0.0078 0.0029 0.1355 0.0187 0.5413 
   HI_SS0125  6 0.0232 0.7881 0.0387 0.0116 0.0190 0.0120 0.0354 0.0141 0.0032 0.0545 
   HI_SS0126  6 0.0079 0.0457 0.0129 0.0122 0.0080 0.0139 0.0010 0.0128 0.7087 0.1769 
   HI_SS0127  6 0.0128 0.0205 0.0252 0.8162 0.0584 0.0248 0.0091 0.0057 0.0075 0.0198 
   HI_SS0128  6 0.0147 0.0319 0.1178 0.0042 0.0101 0.4475 0.0035 0.0596 0.0098 0.3010 
   HI_SS0129  6 0.0433 0.0304 0.0219 0.6657 0.0085 0.0825 0.0089 0.0127 0.0099 0.1162 
   HI_SS0131  6 0.0070 0.1186 0.0121 0.0093 0.0388 0.0153 0.0318 0.4530 0.3071 0.0071 
   HI_SS0132  6 0.0244 0.6700 0.0113 0.0070 0.0412 0.0355 0.0008 0.0098 0.0325 0.1676 
   HI_SS0133  6 0.0048 0.0044 0.0032 0.0038 0.0025 0.0104 0.0015 0.0031 0.9628 0.0034 
   HI_SS0134  6 0.0695 0.0974 0.0684 0.0598 0.0273 0.0119 0.0025 0.5056 0.1461 0.0115 
   HI_SS0142  6 0.0263 0.0394 0.8217 0.0118 0.0308 0.0134 0.0150 0.0208 0.0065 0.0144 
   HI_SS0145  6 0.0175 0.0144 0.6193 0.0264 0.2059 0.0052 0.0013 0.0724 0.0267 0.0107 
   HI_SS0146  6 0.0095 0.1018 0.0055 0.0386 0.0097 0.1416 0.0014 0.0088 0.6626 0.0204 
   HI_SS0147  6 0.0068 0.0142 0.0137 0.8001 0.0713 0.0060 0.0302 0.0339 0.0124 0.0115 
   HI_SS0149  6 0.7652 0.0166 0.0061 0.0148 0.0115 0.0128 0.0048 0.0180 0.0691 0.0811 
   HI_SS0150  6 0.2174 0.2876 0.0231 0.0124 0.1143 0.2101 0.0050 0.0358 0.0128 0.0815 
   HI_SS0151  6 0.0899 0.0653 0.1170 0.5455 0.0254 0.0375 0.0123 0.0235 0.0769 0.0067 
   NS_SS1451  6 0.4698 0.2868 0.0456 0.0153 0.0446 0.0050 0.0032 0.0224 0.0093 0.0979 
   NS_SS1404  6 0.0207 0.0323 0.0076 0.6982 0.0955 0.0059 0.0112 0.0115 0.0180 0.0991 
   NS_SS1432  6 0.0112 0.1035 0.0086 0.0119 0.0055 0.0068 0.0501 0.0180 0.0045 0.7800 
   NS_SS1405  6 0.0083 0.4674 0.0176 0.0251 0.0226 0.0089 0.0039 0.1001 0.2692 0.0771 
   NS_SS1431  6 0.0623 0.0263 0.0134 0.0072 0.0622 0.0140 0.0012 0.0150 0.0179 0.7807 
   NS_SS1402  6 0.0863 0.0222 0.0285 0.0176 0.3372 0.0277 0.0036 0.4409 0.0083 0.0276 
   NS_SS1450  6 0.8671 0.0251 0.0211 0.0119 0.0050 0.0120 0.0044 0.0041 0.0354 0.0140 
   NS_SS1396  6 0.0080 0.0162 0.0079 0.0703 0.0076 0.0189 0.0071 0.8380 0.0100 0.0160 
   NS_SS1393  6 0.0060 0.5024 0.0411 0.1046 0.0099 0.2868 0.0041 0.0215 0.0083 0.0152 
   NS_SS1392  6 0.1709 0.6542 0.0266 0.0122 0.0061 0.0105 0.0181 0.0281 0.0187 0.0546 
   NS_SS1445  6 0.0183 0.0117 0.4591 0.1545 0.0055 0.1396 0.0118 0.1740 0.0087 0.0168 
   NS_SS1423  6 0.0125 0.0127 0.0969 0.0059 0.1090 0.0079 0.0016 0.0091 0.7309 0.0134 
   NS_SS1421  6 0.8418 0.0071 0.0105 0.0094 0.0039 0.0302 0.0636 0.0118 0.0171 0.0045 
   NS_SS1411  6 0.0038 0.0173 0.0065 0.0050 0.0040 0.0249 0.0018 0.0218 0.9068 0.0081 
   NS_SS1453  6 0.1642 0.3129 0.0097 0.3592 0.0529 0.0133 0.0073 0.0075 0.0594 0.0137 
   NS_SS1442  6 0.0051 0.0469 0.0144 0.0069 0.0389 0.0223 0.0037 0.1855 0.6533 0.0230 
   NS_SS1422  6 0.0162 0.0257 0.0202 0.0099 0.8587 0.0117 0.0130 0.0228 0.0129 0.0089 
   NS_SS1419  6 0.0062 0.0084 0.0182 0.0337 0.5254 0.0500 0.1539 0.0032 0.0209 0.1801 
   NS_SS1427  6 0.0347 0.0137 0.0680 0.0057 0.0128 0.5426 0.0019 0.0069 0.0847 0.2290 
   NS_SS1444  6 0.0072 0.0296 0.0088 0.5311 0.0218 0.0216 0.0043 0.0086 0.0053 0.3616 
   NS_SS1455  6 0.0177 0.0124 0.0064 0.0118 0.3842 0.0183 0.0019 0.3525 0.1365 0.0583 
   NS_SS1425  6 0.0070 0.0126 0.0057 0.0115 0.0066 0.0516 0.0016 0.0068 0.8929 0.0036 
   NS_SS1400  6 0.0055 0.0083 0.0082 0.0036 0.0117 0.0103 0.0017 0.0085 0.9358 0.0063 
   NS_SS1406  6 0.0399 0.0159 0.0265 0.0064 0.8494 0.0110 0.0083 0.0261 0.0052 0.0112 
   NS_SS1417  6 0.0633 0.0074 0.0041 0.0072 0.2167 0.0152 0.0070 0.6055 0.0465 0.0270 
   NS_SS1454  6 0.4283 0.0475 0.0187 0.0138 0.0224 0.0396 0.0015 0.0267 0.3287 0.0728 
   NS_SS1412  6 0.0163 0.0197 0.1412 0.3591 0.0313 0.0078 0.0261 0.1057 0.2141 0.0787 
   NS_SS1438  6 0.0159 0.0791 0.0293 0.0360 0.2629 0.4795 0.0020 0.0155 0.0725 0.0072 
   NS_SS1416  6 0.0132 0.4810 0.0155 0.1725 0.1774 0.0120 0.0074 0.0667 0.0191 0.0351 
   NS_SS1401  6 0.0876 0.0864 0.0361 0.0097 0.0981 0.0183 0.0171 0.4549 0.1750 0.0169 
   NS_SS1424  6 0.0377 0.0115 0.0195 0.0188 0.0128 0.0200 0.0105 0.7680 0.0618 0.0396 
   NS_SS1435  6 0.0473 0.1457 0.0493 0.0374 0.0052 0.0135 0.0034 0.2891 0.2571 0.1520 
   NS_SS1447  6 0.5889 0.0811 0.0241 0.0416 0.0773 0.0258 0.0078 0.0528 0.0779 0.0228 
   NS_SS1414  6 0.2591 0.0248 0.0225 0.0317 0.1449 0.0303 0.0065 0.1720 0.0107 0.2975 
   NS_SS1449  6 0.7197 0.0092 0.0226 0.0066 0.1922 0.0162 0.0063 0.0126 0.0054 0.0092 
   NS_SS1443  6 0.0091 0.0155 0.8366 0.0081 0.0088 0.0158 0.0019 0.0071 0.0899 0.0072 
   NS_SS1434  6 0.0575 0.0825 0.0170 0.0389 0.0525 0.0190 0.0008 0.2076 0.2320 0.2921 
   NS_SS1398  6 0.1084 0.7368 0.0137 0.0317 0.0063 0.0114 0.0167 0.0114 0.0382 0.0254 
   NS_SS1426  6 0.0116 0.0216 0.1625 0.0219 0.0059 0.6989 0.0032 0.0276 0.0262 0.0205 
   NS_SS1413  6 0.0045 0.0056 0.0160 0.0085 0.0053 0.0088 0.0106 0.0130 0.8992 0.0285 
   NS_SS1395  6 0.0385 0.0168 0.8769 0.0072 0.0045 0.0127 0.0087 0.0084 0.0221 0.0040 
   NS_SS1448  6 0.2310 0.0154 0.0067 0.6167 0.0054 0.0177 0.0021 0.0087 0.0114 0.0848 
   NS_SS1446  6 0.0301 0.1660 0.0321 0.1008 0.0634 0.0117 0.0040 0.4937 0.0845 0.0137 
   NS_SS1403  6 0.0301 0.0317 0.3718 0.0087 0.0292 0.0216 0.0080 0.4034 0.0110 0.0845 
   NS_SS1415  6 0.0071 0.0213 0.0412 0.3084 0.0115 0.1328 0.0126 0.0486 0.3872 0.0294 
   NS_SS1437  6 0.0106 0.0263 0.0332 0.0237 0.0432 0.0184 0.0115 0.0305 0.0103 0.7923 
   NS_SS1439  6 0.0269 0.0176 0.5818 0.0131 0.0568 0.0099 0.0026 0.2754 0.0082 0.0077 
   NS_SS1441  6 0.0117 0.0196 0.8511 0.0057 0.0289 0.0142 0.0021 0.0100 0.0113 0.0453 
   NS_SS1420  6 0.0059 0.0106 0.0069 0.9184 0.0210 0.0058 0.0034 0.0064 0.0038 0.0178 
   NS_SS1394  6 0.0439 0.6028 0.1104 0.0591 0.0073 0.0254 0.0473 0.0142 0.0042 0.0854 
   NS_SS1391  6 0.0302 0.0192 0.6328 0.0132 0.0093 0.0270 0.0103 0.0565 0.1856 0.0159 
   NS_SS1410  6 0.0298 0.0557 0.0115 0.0183 0.1448 0.1007 0.0251 0.0981 0.3092 0.2068 
   NS_SS1408  6 0.7471 0.0501 0.0209 0.0418 0.0086 0.0233 0.0647 0.0234 0.0055 0.0146 
   NS_SS1409  6 0.0203 0.1717 0.1125 0.0210 0.0250 0.0097 0.0029 0.5896 0.0253 0.0219 
   HI_SS0617  7 0.0251 0.2336 0.0493 0.3098 0.0482 0.0090 0.0016 0.2375 0.0126 0.0733 
   HI_SS0618  7 0.0150 0.3490 0.0837 0.2458 0.0805 0.0341 0.0026 0.0311 0.0077 0.1505 
   HI_SS0619  7 0.0102 0.3402 0.0282 0.1809 0.0086 0.0043 0.0041 0.0236 0.0842 0.3156 
   HI_SS0620  7 0.0048 0.0060 0.0078 0.9332 0.0069 0.0064 0.0027 0.0075 0.0196 0.0052 
   HI_SS0621  7 0.0431 0.1811 0.0883 0.2755 0.2295 0.0332 0.0181 0.0437 0.0054 0.0819 
   HI_SS0622  7 0.0233 0.0127 0.2205 0.3747 0.1815 0.0173 0.0104 0.0193 0.0166 0.1236 
   HI_SS0626  7 0.0078 0.5384 0.0666 0.1055 0.0305 0.0271 0.0099 0.0325 0.0304 0.1514 
   HI_SS0627  7 0.0169 0.1584 0.0067 0.0105 0.0075 0.0551 0.0104 0.6877 0.0096 0.0371 
   HI_SS0628  7 0.1665 0.3378 0.0139 0.0135 0.0058 0.0853 0.0664 0.1095 0.1586 0.0427 
   HI_SS0629  7 0.0074 0.0226 0.0067 0.0251 0.0550 0.0547 0.0049 0.7927 0.0119 0.0188 
   HI_SS0630  7 0.0274 0.2314 0.0224 0.2913 0.0114 0.0292 0.0635 0.0426 0.2315 0.0493 
   HI_SS0631  7 0.0203 0.2804 0.0863 0.0419 0.0248 0.1015 0.0010 0.0186 0.3948 0.0304 
   HI_SS0632  7 0.0660 0.0833 0.0136 0.0388 0.0338 0.5903 0.0035 0.0167 0.0734 0.0808 
   HI_SS0633  7 0.0072 0.4141 0.0128 0.0040 0.0311 0.0094 0.0044 0.0291 0.0337 0.4542 
   HI_SS0634  7 0.3327 0.1819 0.0114 0.1567 0.0053 0.0147 0.0017 0.2411 0.0468 0.0076 
   HI_SS0635  7 0.0062 0.2430 0.0377 0.0121 0.1952 0.3637 0.0112 0.0430 0.0186 0.0693 
   HI_SS0637  7 0.0113 0.0149 0.0098 0.8878 0.0115 0.0190 0.0032 0.0328 0.0063 0.0033 
   HI_SS0638  7 0.0409 0.0211 0.0191 0.2572 0.0075 0.0079 0.0014 0.0190 0.5916 0.0342 
   HI_SS0639  7 0.0188 0.5198 0.0462 0.1033 0.0209 0.1326 0.0399 0.0134 0.0037 0.1012 
   HI_SS0640  7 0.0082 0.0439 0.4267 0.0218 0.0389 0.3524 0.0030 0.0102 0.0454 0.0496 
   HI_SS0641  7 0.0059 0.3759 0.1486 0.3017 0.0359 0.0315 0.0049 0.0069 0.0292 0.0594 
   HI_SS0642  7 0.8512 0.0194 0.0258 0.0049 0.0091 0.0130 0.0026 0.0099 0.0063 0.0578 
   HI_SS0645  7 0.0041 0.5851 0.0053 0.0519 0.0464 0.0120 0.0009 0.0258 0.0320 0.2364 
   HI_SS0646  7 0.0173 0.0723 0.8264 0.0111 0.0085 0.0075 0.0025 0.0397 0.0077 0.0071 
   HI_SS0647  7 0.9410 0.0065 0.0057 0.0046 0.0060 0.0087 0.0015 0.0054 0.0129 0.0077 
   HI_SS0648  7 0.0195 0.3611 0.0480 0.0116 0.1832 0.0394 0.0033 0.0259 0.0610 0.2469 
   HI_SS0649  7 0.0373 0.5679 0.0433 0.0180 0.0520 0.0765 0.0018 0.0212 0.0146 0.1676 
   HI_SS0650  7 0.1267 0.1231 0.0365 0.3649 0.0150 0.0491 0.0049 0.2101 0.0305 0.0391 
   HI_SS0651  7 0.0109 0.0133 0.8321 0.0389 0.0603 0.0096 0.0045 0.0086 0.0093 0.0124 
   HI_SS0652  7 0.0510 0.2786 0.0129 0.6008 0.0062 0.0077 0.0040 0.0106 0.0057 0.0223 
   NS_SS1371  7 0.0278 0.0575 0.7692 0.0231 0.0228 0.0306 0.0071 0.0334 0.0177 0.0108 
   NS_SS1374  7 0.0622 0.3646 0.0233 0.2775 0.0064 0.0180 0.0031 0.0117 0.2140 0.0191 
   NS_SS1337  7 0.8063 0.0283 0.0070 0.0806 0.0237 0.0134 0.0038 0.0258 0.0069 0.0043 
