

----------------------------------------------------
STRUCTURE by Pritchard, Stephens and Donnelly (2000)
     and Falush, Stephens and Pritchard (2003)
       Code by Pritchard, Falush and Hubisz
             Version 2.3.4 (Jul 2012)
----------------------------------------------------



Command line arguments:   /home/genobiwan/Documents/Programs/Structure/structure -m parameter_job_k7_r7 
Input File:    /media/genobiwan/Storage/Projets/Mackerel_NWA_2021/data_job_k7_r7

Run parameters:
   629 individuals
   4140 loci
   7 populations assumed
   100000 Burn-in period
   200000 Reps


--------------------------------------------
Proportion of membership of each pre-defined
 population in each of the 7 clusters

Given    Inferred Clusters                                   Number of
 Pop       1      2      3      4      5      6      7      Individuals

  1:     0.148  0.163  0.227  0.154  0.014  0.115  0.180       67
  2:     0.072  0.095  0.166  0.159  0.009  0.279  0.220       32
  3:     0.100  0.181  0.160  0.169  0.014  0.110  0.265       92
  4:     0.228  0.187  0.134  0.127  0.017  0.138  0.169       36
  5:     0.211  0.177  0.139  0.172  0.020  0.154  0.127       41
  6:     0.171  0.159  0.183  0.159  0.014  0.162  0.152      158
  7:     0.178  0.152  0.167  0.173  0.010  0.166  0.153       79
  8:     0.195  0.135  0.191  0.176  0.014  0.181  0.108       52
  9:     0.004  0.005  0.005  0.006  0.971  0.004  0.005       36
 10:     0.004  0.004  0.004  0.005  0.976  0.004  0.004       36
--------------------------------------------

Allele-freq. divergence among pops (Net nucleotide distance),
computed using point estimates of P.

      1       2       3       4       5       6       7      
 1      -    0.0004  0.0004  0.0004  0.0053  0.0005  0.0004  
 2   0.0004     -    0.0002  0.0003  0.0050  0.0003  0.0002  
 3   0.0004  0.0002     -    0.0003  0.0050  0.0003  0.0002  
 4   0.0004  0.0003  0.0003     -    0.0050  0.0003  0.0003  
 5   0.0053  0.0050  0.0050  0.0050     -    0.0050  0.0049  
 6   0.0005  0.0003  0.0003  0.0003  0.0050     -    0.0003  
 7   0.0004  0.0002  0.0002  0.0003  0.0049  0.0003     -    

Average distances (expected heterozygosity) between individuals in same cluster:
cluster  1  : 0.3179 
cluster  2  : 0.3186 
cluster  3  : 0.3187 
cluster  4  : 0.3183 
cluster  5  : 0.3053 
cluster  6  : 0.3180 
cluster  7  : 0.3184 

--------------------------------------------
Estimated Ln Prob of Data   = -2473006.3
Mean value of ln likelihood = -2463722.1
Variance of ln likelihood   = 18568.3
Mean value of alpha         = 0.0432

Mean value of Fst_1         = 0.0053
Mean value of Fst_2         = 0.0036
Mean value of Fst_3         = 0.0035
Mean value of Fst_4         = 0.0040
Mean value of Fst_5         = 0.0390
Mean value of Fst_6         = 0.0042
Mean value of Fst_7         = 0.0034


Inferred ancestry of individuals:
        Label (%Miss) Pop:  Inferred clusters
  1 NS_SS0963    (4)    1 :  0.007 0.015 0.021 0.017 0.005 0.155 0.780 
  2 NS_SS0983    (1)    1 :  0.008 0.952 0.007 0.019 0.003 0.003 0.007 
  3 NS_SS0719    (9)    1 :  0.034 0.018 0.839 0.016 0.005 0.018 0.071 
  4 NS_SS1001    (8)    1 :  0.234 0.032 0.082 0.086 0.009 0.517 0.040 
  5 NS_SS0936    (4)    1 :  0.019 0.129 0.317 0.028 0.003 0.025 0.478 
  6 NS_SS0955    (6)    1 :  0.057 0.641 0.008 0.022 0.003 0.047 0.222 
  7 NS_SS0944    (3)    1 :  0.750 0.047 0.012 0.012 0.002 0.144 0.033 
  8 NS_SS0945    (3)    1 :  0.489 0.055 0.055 0.011 0.011 0.355 0.024 
  9 NS_SS0922    (2)    1 :  0.007 0.023 0.689 0.009 0.029 0.185 0.059 
 10 NS_SS0929    (7)    1 :  0.124 0.221 0.274 0.115 0.004 0.017 0.246 
 11 NS_SS0956    (1)    1 :  0.018 0.061 0.087 0.047 0.004 0.330 0.454 
 12 NS_SS0906    (3)    1 :  0.023 0.034 0.455 0.118 0.003 0.021 0.346 
 13 NS_SS0721    (6)    1 :  0.005 0.416 0.044 0.376 0.005 0.017 0.136 
 14 NS_SS0982    (4)    1 :  0.005 0.043 0.313 0.031 0.020 0.082 0.507 
 15 NS_SS0923    (6)    1 :  0.008 0.015 0.898 0.025 0.004 0.027 0.023 
 16 NS_SS0905    (6)    1 :  0.035 0.024 0.198 0.655 0.002 0.006 0.081 
 17 NS_SS0925    (3)    1 :  0.008 0.063 0.023 0.708 0.004 0.053 0.142 
 18 NS_SS0947    (6)    1 :  0.031 0.030 0.015 0.011 0.006 0.761 0.146 
 19 NS_SS0926    (2)    1 :  0.848 0.019 0.103 0.006 0.001 0.010 0.012 
 20 NS_SS0918    (6)    1 :  0.038 0.123 0.445 0.317 0.003 0.039 0.034 
 21 NS_SS0966    (4)    1 :  0.133 0.036 0.029 0.050 0.054 0.099 0.599 
 22 NS_SS0938    (2)    1 :  0.011 0.536 0.237 0.018 0.002 0.177 0.019 
 23 NS_SS0917    (2)    1 :  0.007 0.602 0.078 0.025 0.039 0.211 0.037 
 24 NS_SS0957   (11)    1 :  0.017 0.013 0.136 0.064 0.006 0.020 0.744 
 25 NS_SS0987    (1)    1 :  0.031 0.064 0.538 0.080 0.240 0.018 0.029 
 26 NS_SS0717    (4)    1 :  0.011 0.363 0.389 0.014 0.003 0.204 0.016 
 27 NS_SS0986    (2)    1 :  0.026 0.577 0.100 0.010 0.003 0.049 0.235 
 28 NS_SS0953    (3)    1 :  0.009 0.013 0.017 0.094 0.017 0.073 0.778 
 29 NS_SS0907    (3)    1 :  0.019 0.195 0.075 0.176 0.054 0.238 0.243 
 30 NS_SS0974    (6)    1 :  0.570 0.085 0.034 0.049 0.004 0.204 0.053 
 31 NS_SS0989    (1)    1 :  0.410 0.118 0.029 0.267 0.001 0.017 0.159 
 32 NS_SS0991    (3)    1 :  0.404 0.071 0.018 0.237 0.002 0.059 0.209 
 33 NS_SS0994    (2)    1 :  0.774 0.171 0.009 0.016 0.002 0.019 0.009 
 34 NS_SS0931    (6)    1 :  0.899 0.027 0.022 0.020 0.013 0.010 0.009 
 35 NS_SS1000    (5)    1 :  0.024 0.024 0.172 0.016 0.004 0.072 0.688 
 36 NS_SS0919    (1)    1 :  0.016 0.018 0.917 0.015 0.003 0.006 0.025 
 37 NS_SS0949    (4)    1 :  0.909 0.019 0.010 0.035 0.002 0.010 0.015 
 38 NS_SS0960   (10)    1 :  0.431 0.030 0.334 0.127 0.009 0.016 0.051 
 39 NS_SS0716    (2)    1 :  0.007 0.007 0.936 0.009 0.007 0.028 0.006 
 40 NS_SS0924    (8)    1 :  0.111 0.538 0.093 0.114 0.022 0.054 0.068 
 41 NS_SS0935    (2)    1 :  0.173 0.014 0.030 0.738 0.010 0.007 0.028 
 42 NS_SS0952   (14)    1 :  0.461 0.019 0.035 0.150 0.051 0.206 0.080 
 43 NS_SS0962   (11)    1 :  0.013 0.201 0.724 0.016 0.007 0.026 0.013 
 44 NS_SS0973    (5)    1 :  0.007 0.020 0.011 0.904 0.004 0.023 0.030 
 45 NS_SS0722    (1)    1 :  0.006 0.021 0.018 0.027 0.002 0.801 0.125 
 46 NS_SS0979   (13)    1 :  0.006 0.203 0.596 0.021 0.002 0.160 0.012 
 47 NS_SS0993    (2)    1 :  0.006 0.012 0.035 0.902 0.012 0.027 0.006 
 48 NS_SS0958    (1)    1 :  0.661 0.028 0.252 0.019 0.003 0.021 0.017 
 49 NS_SS0988    (4)    1 :  0.019 0.087 0.669 0.077 0.005 0.029 0.114 
 50 NS_SS1003    (2)    1 :  0.017 0.010 0.190 0.072 0.011 0.315 0.384 
 51 NS_SS0976    (1)    1 :  0.609 0.029 0.076 0.230 0.002 0.041 0.013 
 52 NS_SS0964   (10)    1 :  0.024 0.012 0.252 0.054 0.003 0.622 0.033 
 53 NS_SS0939    (4)    1 :  0.010 0.005 0.449 0.073 0.005 0.451 0.007 
 54 NS_SS0990    (6)    1 :  0.024 0.737 0.115 0.027 0.004 0.012 0.082 
 55 NS_SS0984    (2)    1 :  0.005 0.013 0.945 0.006 0.002 0.021 0.008 
 56 NS_SS0980   (10)    1 :  0.012 0.006 0.034 0.013 0.002 0.007 0.927 
 57 NS_SS0978    (4)    1 :  0.012 0.010 0.015 0.036 0.004 0.011 0.913 
 58 NS_SS0951   (18)    1 :  0.041 0.091 0.022 0.464 0.003 0.328 0.052 
 59 NS_SS0913    (3)    1 :  0.015 0.578 0.125 0.121 0.050 0.082 0.028 
 60 NS_SS1002    (1)    1 :  0.006 0.177 0.420 0.016 0.046 0.022 0.312 
 61 NS_SS0948    (1)    1 :  0.036 0.324 0.206 0.317 0.049 0.012 0.057 
 62 NS_SS0916    (4)    1 :  0.029 0.069 0.028 0.720 0.005 0.016 0.133 
 63 NS_SS0995    (1)    1 :  0.013 0.178 0.042 0.705 0.003 0.017 0.041 
 64 NS_SS0927    (6)    1 :  0.016 0.638 0.228 0.019 0.005 0.032 0.061 
 65 NS_SS0992    (5)    1 :  0.040 0.069 0.012 0.369 0.003 0.014 0.492 
 66 NS_SS0912    (1)    1 :  0.069 0.858 0.032 0.016 0.003 0.009 0.013 
 67 NS_SS0981    (1)    1 :  0.015 0.021 0.566 0.169 0.004 0.010 0.216 
 68 NS_SS0729    (5)    2 :  0.538 0.314 0.009 0.068 0.004 0.046 0.021 
 69 NS_SS0967   (15)    2 :  0.035 0.473 0.086 0.010 0.011 0.052 0.332 
 70 NS_SS0941    (8)    2 :  0.029 0.075 0.186 0.171 0.075 0.202 0.262 
 71 NS_SS0768   (12)    2 :  0.024 0.041 0.022 0.006 0.005 0.052 0.850 
 72 NS_SS0726    (5)    2 :  0.200 0.118 0.022 0.136 0.009 0.409 0.106 
 73 NS_SS0763    (4)    2 :  0.086 0.062 0.111 0.086 0.002 0.639 0.014 
 74 NS_SS0730    (6)    2 :  0.013 0.039 0.834 0.016 0.004 0.055 0.039 
 75 NS_SS0774    (2)    2 :  0.005 0.022 0.061 0.017 0.001 0.021 0.874 
 76 NS_SS0723    (3)    2 :  0.005 0.013 0.832 0.085 0.001 0.027 0.036 
 77 NS_SS0940   (10)    2 :  0.138 0.070 0.392 0.304 0.008 0.060 0.028 
 78 NS_SS0762    (1)    2 :  0.007 0.005 0.027 0.013 0.003 0.932 0.014 
 79 NS_SS0766   (11)    2 :  0.100 0.175 0.467 0.054 0.018 0.137 0.050 
 80 NS_SS0724    (1)    2 :  0.014 0.013 0.014 0.022 0.004 0.912 0.021 
 81 NS_SS0769    (3)    2 :  0.013 0.099 0.052 0.016 0.004 0.035 0.781 
 82 NS_SS0777    (1)    2 :  0.042 0.053 0.282 0.585 0.012 0.009 0.016 
 83 NS_SS0734    (6)    2 :  0.253 0.236 0.118 0.061 0.026 0.023 0.283 
 84 NS_SS0737    (3)    2 :  0.006 0.010 0.045 0.009 0.004 0.889 0.037 
 85 NS_SS0732    (5)    2 :  0.004 0.009 0.009 0.954 0.004 0.006 0.014 
 86 NS_SS0728    (5)    2 :  0.029 0.394 0.018 0.030 0.011 0.167 0.352 
 87 NS_SS0735    (9)    2 :  0.015 0.338 0.028 0.266 0.008 0.134 0.211 
 88 NS_SS0725    (1)    2 :  0.015 0.005 0.004 0.005 0.006 0.955 0.009 
 89 NS_SS0788    (2)    2 :  0.010 0.025 0.527 0.034 0.002 0.017 0.385 
 90 NS_SS0778    (2)    2 :  0.010 0.022 0.048 0.037 0.002 0.008 0.874 
 91 NS_SS0792    (6)    2 :  0.027 0.015 0.011 0.038 0.005 0.040 0.864 
 92 NS_SS0943   (11)    2 :  0.151 0.018 0.007 0.046 0.006 0.754 0.017 
 93 NS_SS0791    (2)    2 :  0.049 0.201 0.185 0.478 0.017 0.028 0.041 
 94 NS_SS0790    (5)    2 :  0.003 0.011 0.039 0.058 0.004 0.682 0.202 
 95 NS_SS0731    (6)    2 :  0.007 0.021 0.012 0.006 0.009 0.938 0.006 
 96 NS_SS0727    (7)    2 :  0.398 0.110 0.015 0.024 0.002 0.439 0.013 
 97 NS_SS0779   (13)    2 :  0.016 0.035 0.146 0.689 0.007 0.032 0.076 
 98 NS_SS0776    (3)    2 :  0.063 0.011 0.014 0.750 0.007 0.102 0.053 
 99 NS_SS0775    (5)    2 :  0.008 0.010 0.703 0.009 0.007 0.114 0.149 
100 NS_SS0965    (3)    3 :  0.042 0.046 0.044 0.083 0.002 0.016 0.767 
101 NS_SS0754   (14)    3 :  0.053 0.390 0.027 0.090 0.012 0.045 0.383 
102 NS_SS0838    (5)    3 :  0.225 0.216 0.149 0.167 0.048 0.167 0.028 
103 NS_SS0839    (3)    3 :  0.013 0.010 0.076 0.009 0.005 0.181 0.707 
104 NS_SS0832    (4)    3 :  0.004 0.016 0.049 0.022 0.050 0.018 0.841 
105 NS_SS0820    (5)    3 :  0.004 0.018 0.010 0.007 0.007 0.946 0.009 
106 NS_SS0886    (9)    3 :  0.047 0.592 0.127 0.068 0.002 0.013 0.151 
107 NS_SS0748    (5)    3 :  0.164 0.035 0.596 0.062 0.009 0.091 0.044 
108 NS_SS0884    (9)    3 :  0.032 0.009 0.012 0.027 0.019 0.020 0.881 
109 NS_SS0752    (4)    3 :  0.023 0.012 0.217 0.707 0.002 0.012 0.026 
110 NS_SS0862    (1)    3 :  0.005 0.049 0.014 0.142 0.005 0.056 0.729 
111 NS_SS0787    (9)    3 :  0.891 0.030 0.010 0.009 0.006 0.010 0.043 
112 NS_SS0843    (6)    3 :  0.016 0.034 0.037 0.663 0.002 0.213 0.034 
113 NS_SS0856    (4)    3 :  0.015 0.610 0.051 0.010 0.003 0.256 0.054 
114 NS_SS0846    (2)    3 :  0.099 0.129 0.105 0.009 0.003 0.015 0.641 
115 NS_SS0825    (1)    3 :  0.023 0.608 0.204 0.011 0.010 0.017 0.127 
116 NS_SS0757    (3)    3 :  0.012 0.062 0.016 0.864 0.003 0.018 0.024 
117 NS_SS0876    (3)    3 :  0.007 0.487 0.009 0.118 0.220 0.055 0.103 
118 NS_SS0903   (10)    3 :  0.008 0.018 0.063 0.038 0.003 0.019 0.852 
119 NS_SS0875    (7)    3 :  0.012 0.245 0.704 0.006 0.003 0.010 0.019 
120 NS_SS0740    (5)    3 :  0.008 0.028 0.014 0.911 0.003 0.026 0.011 
121 NS_SS0811    (5)    3 :  0.008 0.037 0.051 0.863 0.010 0.022 0.010 
122 NS_SS0751    (1)    3 :  0.068 0.029 0.860 0.014 0.002 0.013 0.014 
123 NS_SS0891    (6)    3 :  0.017 0.060 0.070 0.008 0.006 0.823 0.015 
124 NS_SS0867    (2)    3 :  0.026 0.016 0.081 0.028 0.022 0.035 0.791 
125 NS_SS0890    (6)    3 :  0.037 0.133 0.645 0.062 0.004 0.092 0.027 
126 NS_SS0866   (12)    3 :  0.104 0.731 0.015 0.019 0.004 0.022 0.105 
127 NS_SS0755    (4)    3 :  0.028 0.039 0.025 0.029 0.008 0.780 0.092 
128 NS_SS0758    (4)    3 :  0.011 0.895 0.013 0.011 0.002 0.018 0.050 
129 NS_SS0840    (2)    3 :  0.010 0.027 0.043 0.019 0.003 0.529 0.370 
130 NS_SS0889    (4)    3 :  0.313 0.513 0.010 0.119 0.003 0.022 0.019 
131 NS_SS1010    (1)    3 :  0.014 0.012 0.117 0.013 0.033 0.022 0.788 
132 NS_SS0888    (5)    3 :  0.187 0.219 0.006 0.357 0.002 0.018 0.211 
133 NS_SS0837    (3)    3 :  0.040 0.048 0.052 0.299 0.003 0.372 0.186 
134 NS_SS0794   (10)    3 :  0.500 0.219 0.010 0.014 0.003 0.216 0.040 
135 NS_SS0823    (5)    3 :  0.008 0.321 0.009 0.043 0.004 0.166 0.448 
136 NS_SS0829    (7)    3 :  0.243 0.071 0.013 0.389 0.121 0.025 0.138 
137 NS_SS0844    (5)    3 :  0.006 0.075 0.024 0.020 0.002 0.272 0.601 
138 NS_SS1008    (6)    3 :  0.411 0.143 0.048 0.166 0.017 0.158 0.057 
139 NS_SS0881    (3)    3 :  0.235 0.032 0.589 0.059 0.003 0.031 0.052 
140 NS_SS0834    (6)    3 :  0.013 0.022 0.011 0.009 0.004 0.929 0.011 
141 NS_SS0744   (10)    3 :  0.011 0.380 0.011 0.028 0.006 0.010 0.556 
142 NS_SS0899    (7)    3 :  0.003 0.027 0.044 0.643 0.001 0.203 0.078 
143 NS_SS0804    (5)    3 :  0.006 0.023 0.052 0.018 0.004 0.024 0.873 
144 NS_SS0781   (10)    3 :  0.004 0.029 0.211 0.015 0.003 0.018 0.720 
145 NS_SS0822    (6)    3 :  0.462 0.013 0.010 0.393 0.002 0.091 0.029 
146 NS_SS1004    (4)    3 :  0.024 0.011 0.012 0.651 0.004 0.025 0.274 
147 NS_SS0746    (5)    3 :  0.069 0.557 0.101 0.050 0.017 0.137 0.070 
148 NS_SS0880    (3)    3 :  0.311 0.007 0.333 0.033 0.002 0.051 0.263 
149 NS_SS0879    (5)    3 :  0.017 0.023 0.008 0.010 0.012 0.449 0.480 
150 NS_SS0753    (2)    3 :  0.010 0.041 0.015 0.904 0.007 0.006 0.017 
151 NS_SS1007    (3)    3 :  0.016 0.039 0.861 0.038 0.002 0.011 0.033 
152 NS_SS0872    (5)    3 :  0.014 0.110 0.623 0.023 0.002 0.075 0.153 
153 NS_SS1005    (7)    3 :  0.017 0.069 0.103 0.044 0.001 0.159 0.606 
154 NS_SS0892    (6)    3 :  0.012 0.023 0.897 0.023 0.002 0.016 0.027 
155 NS_SS0898    (0)    3 :  0.263 0.084 0.583 0.015 0.007 0.031 0.018 
156 NS_SS0801    (9)    3 :  0.005 0.269 0.018 0.015 0.012 0.030 0.652 
157 NS_SS0827    (9)    3 :  0.051 0.020 0.615 0.092 0.116 0.011 0.095 
158 NS_SS0853    (7)    3 :  0.021 0.377 0.381 0.028 0.008 0.030 0.154 
159 NS_SS0780    (2)    3 :  0.005 0.037 0.095 0.048 0.004 0.023 0.790 
160 NS_SS0826   (10)    3 :  0.463 0.308 0.078 0.008 0.005 0.024 0.116 
161 NS_SS0818    (5)    3 :  0.006 0.007 0.055 0.006 0.002 0.013 0.911 
162 NS_SS0745    (1)    3 :  0.025 0.005 0.853 0.011 0.001 0.021 0.083 
163 NS_SS0849    (3)    3 :  0.009 0.127 0.167 0.668 0.002 0.007 0.020 
164 NS_SS0739    (3)    3 :  0.012 0.271 0.586 0.065 0.015 0.032 0.019 
165 NS_SS0799    (1)    3 :  0.026 0.086 0.025 0.794 0.001 0.017 0.051 
166 NS_SS0756    (3)    3 :  0.006 0.020 0.155 0.017 0.003 0.057 0.741 
167 NS_SS0802    (2)    3 :  0.012 0.668 0.024 0.017 0.201 0.015 0.063 
168 NS_SS0747    (6)    3 :  0.009 0.183 0.067 0.496 0.006 0.023 0.216 
169 NS_SS0835    (1)    3 :  0.082 0.618 0.036 0.011 0.001 0.019 0.233 
170 NS_SS0742   (19)    3 :  0.024 0.087 0.187 0.204 0.002 0.037 0.459 
171 NS_SS0760    (9)    3 :  0.672 0.177 0.030 0.026 0.058 0.018 0.018 
172 NS_SS0803    (4)    3 :  0.004 0.008 0.004 0.029 0.006 0.007 0.940 
173 NS_SS0828   (14)    3 :  0.047 0.028 0.165 0.638 0.002 0.015 0.105 
174 NS_SS0865    (2)    3 :  0.036 0.012 0.029 0.020 0.020 0.126 0.756 
175 NS_SS0759    (5)    3 :  0.006 0.097 0.690 0.045 0.005 0.035 0.122 
176 NS_SS0851    (5)    3 :  0.005 0.008 0.009 0.006 0.012 0.936 0.025 
177 NS_SS0874   (16)    3 :  0.009 0.012 0.010 0.693 0.002 0.082 0.192 
178 NS_SS0761    (6)    3 :  0.053 0.865 0.013 0.032 0.003 0.011 0.023 
179 NS_SS0842   (26)    3 :  0.293 0.066 0.459 0.056 0.010 0.055 0.060 
180 NS_SS0785    (6)    3 :  0.050 0.051 0.024 0.036 0.005 0.010 0.824 
181 NS_SS0860   (11)    3 :  0.034 0.541 0.020 0.027 0.003 0.021 0.355 
182 NS_SS0897    (7)    3 :  0.920 0.028 0.008 0.014 0.002 0.020 0.009 
183 NS_SS0841   (15)    3 :  0.041 0.047 0.313 0.064 0.005 0.146 0.384 
184 NS_SS0797    (7)    3 :  0.729 0.023 0.164 0.010 0.036 0.029 0.009 
185 NS_SS0830   (11)    3 :  0.107 0.093 0.179 0.537 0.002 0.059 0.023 
186 NS_SS1011    (5)    3 :  0.006 0.009 0.009 0.008 0.006 0.020 0.941 
187 NS_SS0883    (5)    3 :  0.017 0.152 0.086 0.712 0.005 0.009 0.019 
188 NS_SS0782    (2)    3 :  0.013 0.909 0.009 0.006 0.003 0.040 0.020 
189 NS_SS0831    (5)    3 :  0.135 0.560 0.037 0.204 0.004 0.037 0.023 
190 NS_SS0749    (7)    3 :  0.016 0.304 0.046 0.459 0.004 0.007 0.164 
191 NS_SS0854    (2)    3 :  0.017 0.866 0.008 0.028 0.002 0.046 0.033 
192 HI_SS0193    (0)    4 :  0.910 0.010 0.011 0.015 0.002 0.045 0.007 
193 HI_SS0194    (1)    4 :  0.014 0.008 0.006 0.007 0.002 0.940 0.024 
194 HI_SS0195   (10)    4 :  0.006 0.056 0.047 0.046 0.102 0.160 0.583 
195 HI_SS0196    (6)    4 :  0.155 0.470 0.023 0.018 0.003 0.246 0.085 
196 HI_SS0197    (3)    4 :  0.003 0.034 0.380 0.005 0.010 0.007 0.561 
197 HI_SS0198    (1)    4 :  0.014 0.020 0.028 0.894 0.009 0.010 0.025 
198 HI_SS0199    (1)    4 :  0.095 0.050 0.020 0.382 0.002 0.015 0.436 
199 HI_SS0201    (5)    4 :  0.889 0.023 0.006 0.039 0.003 0.014 0.027 
200 HI_SS0215    (1)    4 :  0.011 0.876 0.013 0.012 0.003 0.011 0.073 
201 HI_SS0218    (1)    4 :  0.937 0.013 0.012 0.007 0.007 0.006 0.017 
202 HI_SS0222    (0)    4 :  0.025 0.805 0.097 0.008 0.006 0.049 0.011 
203 HI_SS0230    (1)    4 :  0.008 0.013 0.607 0.273 0.006 0.070 0.023 
204 HI_SS0234    (2)    4 :  0.027 0.596 0.069 0.012 0.157 0.103 0.037 
205 HI_SS0240    (1)    4 :  0.014 0.017 0.033 0.006 0.007 0.023 0.900 
206 HI_SS0241    (0)    4 :  0.067 0.404 0.021 0.025 0.002 0.147 0.334 
207 HI_SS0242    (0)    4 :  0.023 0.543 0.148 0.057 0.003 0.205 0.021 
208 HI_SS0247    (0)    4 :  0.010 0.007 0.027 0.579 0.023 0.070 0.285 
209 HI_SS0248    (1)    4 :  0.901 0.022 0.010 0.049 0.001 0.011 0.007 
210 HI_SS0252    (2)    4 :  0.015 0.045 0.007 0.087 0.002 0.226 0.619 
211 HI_SS0254    (0)    4 :  0.237 0.169 0.366 0.077 0.113 0.010 0.028 
212 HI_SS0256    (0)    4 :  0.003 0.009 0.031 0.009 0.002 0.207 0.740 
213 HI_SS0257    (0)    4 :  0.033 0.788 0.023 0.056 0.003 0.051 0.046 
214 HI_SS0258    (1)    4 :  0.818 0.064 0.024 0.029 0.006 0.024 0.036 
215 HI_SS0259    (1)    4 :  0.014 0.023 0.018 0.036 0.003 0.723 0.184 
216 HI_SS0260    (1)    4 :  0.841 0.020 0.020 0.050 0.002 0.033 0.033 
217 HI_SS0261    (2)    4 :  0.277 0.053 0.325 0.037 0.003 0.257 0.048 
218 HI_SS0262    (0)    4 :  0.021 0.079 0.204 0.055 0.008 0.459 0.173 
219 HI_SS0264    (0)    4 :  0.007 0.025 0.807 0.010 0.005 0.127 0.019 
220 HI_SS0265    (0)    4 :  0.012 0.051 0.135 0.052 0.109 0.583 0.058 
221 HI_SS0268    (1)    4 :  0.248 0.029 0.660 0.010 0.004 0.018 0.032 
222 HI_SS0269    (0)    4 :  0.591 0.318 0.013 0.040 0.002 0.011 0.024 
223 HI_SS0273    (0)    4 :  0.860 0.018 0.041 0.013 0.002 0.011 0.055 
224 HI_SS0277    (1)    4 :  0.012 0.140 0.450 0.007 0.002 0.008 0.381 
225 HI_SS0280    (0)    4 :  0.060 0.029 0.122 0.655 0.005 0.029 0.101 
226 HI_SS0282    (1)    4 :  0.050 0.011 0.006 0.888 0.001 0.022 0.022 
227 HI_SS0286    (1)    4 :  0.015 0.888 0.010 0.007 0.006 0.044 0.029 
228 NS_SS1252    (3)    5 :  0.033 0.927 0.009 0.013 0.003 0.008 0.006 
229 NS_SS1261    (1)    5 :  0.113 0.400 0.333 0.052 0.021 0.008 0.071 
230 NS_SS1225   (10)    5 :  0.013 0.011 0.012 0.785 0.081 0.016 0.082 
231 NS_SS1266    (1)    5 :  0.004 0.023 0.012 0.034 0.008 0.052 0.868 
232 NS_SS1228    (0)    5 :  0.009 0.006 0.178 0.705 0.015 0.046 0.041 
233 NS_SS1255    (3)    5 :  0.560 0.014 0.013 0.017 0.002 0.378 0.016 
234 NS_SS1267    (3)    5 :  0.443 0.487 0.032 0.011 0.014 0.009 0.005 
235 NS_SS1238    (6)    5 :  0.678 0.018 0.248 0.016 0.003 0.026 0.010 
236 NS_SS1233    (8)    5 :  0.017 0.010 0.629 0.027 0.002 0.307 0.008 
237 NS_SS1277    (3)    5 :  0.871 0.045 0.021 0.018 0.001 0.029 0.014 
238 NS_SS1245    (1)    5 :  0.075 0.825 0.032 0.025 0.002 0.035 0.006 
239 NS_SS1240    (4)    5 :  0.292 0.672 0.010 0.005 0.002 0.011 0.010 
240 NS_SS1275    (2)    5 :  0.005 0.035 0.049 0.005 0.003 0.722 0.181 
241 NS_SS1235    (1)    5 :  0.023 0.020 0.005 0.006 0.005 0.933 0.008 
242 NS_SS1263    (1)    5 :  0.020 0.020 0.232 0.425 0.001 0.182 0.121 
243 NS_SS1251    (2)    5 :  0.032 0.061 0.788 0.018 0.002 0.027 0.070 
244 NS_SS1248    (0)    5 :  0.029 0.333 0.273 0.201 0.107 0.028 0.030 
245 NS_SS1244    (0)    5 :  0.654 0.015 0.038 0.086 0.006 0.027 0.174 
246 NS_SS1257    (1)    5 :  0.238 0.647 0.029 0.037 0.028 0.010 0.011 
247 NS_SS1242    (2)    5 :  0.006 0.012 0.029 0.006 0.003 0.921 0.022 
248 NS_SS1271    (6)    5 :  0.882 0.016 0.018 0.024 0.039 0.009 0.012 
249 NS_SS1265    (1)    5 :  0.028 0.904 0.011 0.012 0.020 0.015 0.010 
250 NS_SS1243    (0)    5 :  0.014 0.030 0.008 0.744 0.078 0.057 0.069 
251 NS_SS1273    (1)    5 :  0.008 0.008 0.933 0.007 0.009 0.018 0.017 
252 NS_SS1254   (14)    5 :  0.005 0.034 0.015 0.015 0.007 0.734 0.189 
253 NS_SS1224    (1)    5 :  0.011 0.085 0.016 0.043 0.009 0.557 0.278 
254 NS_SS1227    (8)    5 :  0.047 0.015 0.637 0.186 0.002 0.092 0.021 
255 NS_SS1274    (9)    5 :  0.084 0.104 0.016 0.729 0.015 0.016 0.037 
256 NS_SS1241    (1)    5 :  0.912 0.008 0.011 0.031 0.001 0.017 0.020 
257 NS_SS1256    (3)    5 :  0.048 0.041 0.059 0.005 0.033 0.276 0.537 
258 NS_SS1260    (8)    5 :  0.123 0.188 0.059 0.144 0.068 0.079 0.337 
259 NS_SS1262    (0)    5 :  0.135 0.094 0.020 0.100 0.173 0.024 0.453 
260 NS_SS1230    (0)    5 :  0.435 0.069 0.073 0.285 0.008 0.059 0.070 
261 NS_SS1270    (2)    5 :  0.011 0.142 0.020 0.702 0.002 0.077 0.046 
262 NS_SS1229    (2)    5 :  0.014 0.190 0.025 0.027 0.004 0.031 0.709 
263 NS_SS1246    (5)    5 :  0.840 0.069 0.032 0.025 0.004 0.015 0.015 
264 NS_SS1269    (0)    5 :  0.025 0.297 0.018 0.021 0.002 0.057 0.579 
265 NS_SS1239    (1)    5 :  0.006 0.007 0.006 0.956 0.004 0.010 0.012 
266 NS_SS1272    (5)    5 :  0.016 0.326 0.521 0.008 0.007 0.093 0.028 
267 NS_SS1268    (1)    5 :  0.020 0.008 0.226 0.505 0.002 0.221 0.018 
268 NS_SS1249    (1)    5 :  0.871 0.020 0.008 0.007 0.013 0.072 0.010 
269 HI_SS0559    (0)    6 :  0.038 0.022 0.028 0.795 0.002 0.055 0.059 
270 HI_SS0563    (1)    6 :  0.073 0.046 0.025 0.047 0.003 0.009 0.798 
271 HI_SS0564    (0)    6 :  0.014 0.013 0.158 0.505 0.063 0.103 0.144 
272 HI_SS0565    (0)    6 :  0.045 0.046 0.802 0.049 0.004 0.020 0.033 
273 HI_SS0569    (1)    6 :  0.349 0.034 0.076 0.452 0.002 0.005 0.083 
274 HI_SS0570    (0)    6 :  0.888 0.013 0.010 0.011 0.047 0.023 0.006 
275 HI_SS0572    (1)    6 :  0.006 0.009 0.009 0.008 0.002 0.959 0.008 
276 HI_SS0576    (1)    6 :  0.010 0.044 0.784 0.143 0.005 0.007 0.007 
277 HI_SS0579    (1)    6 :  0.053 0.022 0.008 0.874 0.012 0.022 0.008 
278 HI_SS0580    (1)    6 :  0.037 0.435 0.121 0.014 0.004 0.368 0.021 
279 HI_SS0581    (0)    6 :  0.008 0.498 0.132 0.098 0.087 0.124 0.053 
280 HI_SS0583    (1)    6 :  0.140 0.686 0.039 0.013 0.002 0.033 0.086 
281 HI_SS0586    (1)    6 :  0.205 0.525 0.238 0.014 0.001 0.005 0.013 
282 HI_SS0588    (1)    6 :  0.033 0.875 0.021 0.012 0.016 0.012 0.031 
283 HI_SS0595    (4)    6 :  0.198 0.034 0.661 0.011 0.027 0.040 0.028 
284 HI_SS0596    (0)    6 :  0.050 0.010 0.015 0.021 0.002 0.891 0.011 
285 HI_SS0597    (1)    6 :  0.030 0.287 0.077 0.017 0.002 0.527 0.059 
286 HI_SS0600    (0)    6 :  0.015 0.065 0.014 0.033 0.004 0.014 0.856 
287 HI_SS0601    (1)    6 :  0.009 0.007 0.013 0.934 0.010 0.006 0.020 
288 HI_SS0602    (1)    6 :  0.010 0.174 0.352 0.432 0.003 0.014 0.014 
289 HI_SS0604    (0)    6 :  0.045 0.318 0.030 0.216 0.002 0.312 0.077 
290 HI_SS0605    (1)    6 :  0.006 0.537 0.006 0.008 0.005 0.011 0.428 
291 HI_SS0608    (0)    6 :  0.019 0.008 0.123 0.818 0.001 0.023 0.007 
292 HI_SS0609    (0)    6 :  0.112 0.187 0.285 0.057 0.001 0.057 0.302 
293 HI_SS0611    (5)    6 :  0.020 0.027 0.007 0.931 0.003 0.007 0.006 
294 HI_SS0612    (0)    6 :  0.038 0.007 0.011 0.011 0.005 0.030 0.897 
295 HI_SS0613    (1)    6 :  0.020 0.363 0.217 0.271 0.002 0.044 0.083 
296 HI_SS0615    (1)    6 :  0.008 0.054 0.346 0.535 0.014 0.023 0.021 
297 HI_SS0001    (1)    6 :  0.184 0.283 0.028 0.005 0.004 0.225 0.271 
298 HI_SS0002    (1)    6 :  0.013 0.146 0.109 0.027 0.032 0.215 0.457 
299 HI_SS0004    (0)    6 :  0.104 0.148 0.007 0.021 0.005 0.692 0.022 
300 HI_SS0005    (1)    6 :  0.026 0.017 0.898 0.031 0.006 0.005 0.017 
301 HI_SS0006    (1)    6 :  0.024 0.579 0.012 0.017 0.002 0.016 0.350 
302 HI_SS0007    (1)    6 :  0.878 0.049 0.006 0.047 0.002 0.007 0.010 
303 HI_SS0008    (0)    6 :  0.026 0.215 0.319 0.129 0.044 0.168 0.098 
304 HI_SS0009    (0)    6 :  0.007 0.013 0.011 0.030 0.004 0.921 0.012 
305 HI_SS0010    (1)    6 :  0.504 0.008 0.110 0.354 0.003 0.011 0.010 
306 HI_SS0011    (1)    6 :  0.054 0.017 0.605 0.036 0.096 0.132 0.061 
307 HI_SS0012    (0)    6 :  0.006 0.045 0.766 0.037 0.005 0.013 0.128 
308 HI_SS0017    (1)    6 :  0.037 0.010 0.012 0.010 0.002 0.914 0.015 
309 HI_SS0021    (1)    6 :  0.345 0.229 0.116 0.007 0.234 0.061 0.008 
310 HI_SS0024    (1)    6 :  0.089 0.062 0.526 0.009 0.002 0.284 0.028 
311 HI_SS0025    (1)    6 :  0.004 0.025 0.007 0.009 0.003 0.945 0.007 
312 HI_SS0027    (0)    6 :  0.040 0.013 0.008 0.914 0.009 0.010 0.006 
313 HI_SS0028    (0)    6 :  0.004 0.005 0.967 0.009 0.002 0.007 0.007 
314 HI_SS0029    (1)    6 :  0.012 0.021 0.932 0.014 0.006 0.009 0.007 
315 HI_SS0030    (2)    6 :  0.077 0.032 0.015 0.638 0.005 0.217 0.016 
316 HI_SS0031    (0)    6 :  0.008 0.014 0.927 0.021 0.003 0.005 0.022 
317 HI_SS0034    (0)    6 :  0.067 0.493 0.014 0.028 0.004 0.112 0.283 
318 HI_SS0036    (0)    6 :  0.423 0.185 0.312 0.008 0.016 0.044 0.013 
319 HI_SS0037    (1)    6 :  0.267 0.246 0.011 0.171 0.005 0.272 0.028 
320 HI_SS0039    (0)    6 :  0.458 0.039 0.368 0.018 0.004 0.014 0.098 
321 HI_SS0041    (1)    6 :  0.006 0.047 0.075 0.088 0.001 0.773 0.009 
322 HI_SS0042    (1)    6 :  0.009 0.592 0.033 0.012 0.114 0.217 0.024 
323 HI_SS0043    (1)    6 :  0.170 0.172 0.028 0.617 0.003 0.005 0.005 
324 HI_SS0044    (1)    6 :  0.750 0.023 0.154 0.009 0.003 0.039 0.022 
325 HI_SS0047    (1)    6 :  0.041 0.321 0.025 0.434 0.003 0.042 0.135 
326 HI_SS0049    (1)    6 :  0.010 0.008 0.008 0.023 0.004 0.941 0.006 
327 HI_SS0051    (1)    6 :  0.008 0.733 0.007 0.021 0.002 0.012 0.216 
328 HI_SS0053    (1)    6 :  0.327 0.042 0.081 0.439 0.004 0.099 0.008 
329 HI_SS0054    (4)    6 :  0.870 0.023 0.045 0.028 0.004 0.020 0.009 
330 HI_SS0057    (0)    6 :  0.013 0.020 0.025 0.916 0.003 0.012 0.010 
331 HI_SS0058    (0)    6 :  0.070 0.650 0.013 0.022 0.006 0.177 0.061 
332 HI_SS0060    (0)    6 :  0.105 0.025 0.296 0.372 0.096 0.081 0.026 
333 HI_SS0087    (1)    6 :  0.160 0.436 0.084 0.116 0.003 0.068 0.133 
334 HI_SS0091    (1)    6 :  0.020 0.282 0.015 0.087 0.001 0.013 0.581 
335 HI_SS0095    (1)    6 :  0.006 0.641 0.026 0.052 0.054 0.046 0.175 
336 HI_SS0097    (3)    6 :  0.010 0.010 0.012 0.935 0.004 0.008 0.021 
337 HI_SS0099    (1)    6 :  0.008 0.015 0.865 0.006 0.004 0.091 0.010 
338 HI_SS0103    (0)    6 :  0.038 0.171 0.017 0.033 0.004 0.029 0.708 
339 HI_SS0105    (1)    6 :  0.031 0.021 0.011 0.023 0.026 0.027 0.860 
340 HI_SS0107    (1)    6 :  0.007 0.009 0.005 0.009 0.001 0.955 0.016 
341 HI_SS0108    (1)    6 :  0.897 0.038 0.006 0.016 0.025 0.004 0.015 
342 HI_SS0110    (0)    6 :  0.081 0.184 0.277 0.019 0.001 0.024 0.413 
343 HI_SS0111    (1)    6 :  0.033 0.498 0.170 0.073 0.032 0.010 0.185 
344 HI_SS0112    (0)    6 :  0.962 0.007 0.010 0.007 0.001 0.006 0.007 
345 HI_SS0113    (1)    6 :  0.008 0.387 0.036 0.019 0.004 0.483 0.062 
346 HI_SS0114    (1)    6 :  0.069 0.314 0.027 0.037 0.005 0.013 0.535 
347 HI_SS0115    (1)    6 :  0.012 0.016 0.021 0.218 0.014 0.656 0.063 
348 HI_SS0116    (4)    6 :  0.640 0.222 0.036 0.037 0.004 0.037 0.026 
349 HI_SS0117    (0)    6 :  0.858 0.015 0.054 0.006 0.003 0.011 0.053 
350 HI_SS0118    (0)    6 :  0.138 0.254 0.099 0.026 0.012 0.418 0.052 
351 HI_SS0119    (1)    6 :  0.057 0.013 0.017 0.051 0.002 0.004 0.856 
352 HI_SS0120    (1)    6 :  0.007 0.007 0.006 0.004 0.002 0.970 0.005 
353 HI_SS0121    (0)    6 :  0.004 0.487 0.450 0.033 0.002 0.011 0.013 
354 HI_SS0122    (2)    6 :  0.069 0.182 0.157 0.097 0.027 0.385 0.083 
355 HI_SS0123    (0)    6 :  0.012 0.065 0.075 0.044 0.005 0.021 0.779 
356 HI_SS0124    (1)    6 :  0.011 0.011 0.122 0.418 0.003 0.305 0.130 
357 HI_SS0125    (1)    6 :  0.008 0.050 0.724 0.007 0.041 0.067 0.103 
358 HI_SS0126    (0)    6 :  0.866 0.017 0.085 0.010 0.001 0.013 0.009 
359 HI_SS0127    (0)    6 :  0.009 0.008 0.013 0.947 0.007 0.011 0.005 
360 HI_SS0128    (0)    6 :  0.087 0.026 0.122 0.060 0.003 0.609 0.092 
361 HI_SS0129    (1)    6 :  0.030 0.835 0.025 0.010 0.009 0.074 0.017 
362 HI_SS0131    (2)    6 :  0.398 0.011 0.055 0.020 0.040 0.462 0.015 
363 HI_SS0132    (0)    6 :  0.154 0.029 0.647 0.029 0.001 0.010 0.130 
364 HI_SS0133    (1)    6 :  0.985 0.002 0.003 0.003 0.001 0.003 0.003 
365 HI_SS0134    (1)    6 :  0.117 0.145 0.091 0.013 0.002 0.080 0.553 
366 HI_SS0142    (3)    6 :  0.003 0.013 0.011 0.011 0.015 0.009 0.938 
367 HI_SS0145    (0)    6 :  0.027 0.039 0.012 0.813 0.002 0.023 0.084 
368 HI_SS0146    (1)    6 :  0.945 0.011 0.020 0.007 0.002 0.004 0.012 
369 HI_SS0147    (1)    6 :  0.007 0.225 0.017 0.041 0.033 0.305 0.371 
370 HI_SS0149    (1)    6 :  0.297 0.061 0.458 0.025 0.004 0.009 0.146 
371 HI_SS0150    (2)    6 :  0.020 0.018 0.800 0.019 0.005 0.100 0.039 
372 HI_SS0151    (0)    6 :  0.050 0.066 0.008 0.751 0.015 0.084 0.026 
373 NS_SS1451    (1)    6 :  0.021 0.007 0.023 0.097 0.003 0.145 0.705 
374 NS_SS1404    (0)    6 :  0.046 0.067 0.063 0.026 0.012 0.518 0.268 
375 NS_SS1432    (2)    6 :  0.005 0.007 0.935 0.010 0.028 0.007 0.008 
376 NS_SS1405    (5)    6 :  0.057 0.058 0.212 0.010 0.003 0.582 0.077 
377 NS_SS1431   (10)    6 :  0.016 0.061 0.841 0.008 0.001 0.054 0.019 
378 NS_SS1402    (3)    6 :  0.019 0.133 0.433 0.056 0.003 0.034 0.322 
379 NS_SS1450    (3)    6 :  0.100 0.122 0.047 0.035 0.004 0.659 0.033 
380 NS_SS1396    (0)    6 :  0.050 0.041 0.110 0.728 0.007 0.022 0.042 
381 NS_SS1393    (5)    6 :  0.013 0.431 0.222 0.131 0.005 0.009 0.188 
382 NS_SS1392   (10)    6 :  0.020 0.014 0.076 0.008 0.017 0.827 0.038 
383 NS_SS1445    (0)    6 :  0.011 0.523 0.023 0.332 0.008 0.048 0.056 
384 NS_SS1423    (0)    6 :  0.787 0.027 0.121 0.012 0.002 0.031 0.020 
385 NS_SS1421    (9)    6 :  0.370 0.024 0.310 0.148 0.115 0.014 0.017 
386 NS_SS1411    (6)    6 :  0.864 0.030 0.023 0.054 0.002 0.016 0.011 
387 NS_SS1453    (6)    6 :  0.026 0.754 0.122 0.058 0.006 0.020 0.014 
388 NS_SS1442    (3)    6 :  0.106 0.578 0.258 0.017 0.005 0.013 0.023 
389 NS_SS1422    (1)    6 :  0.033 0.037 0.018 0.368 0.010 0.060 0.475 
390 NS_SS1419    (1)    6 :  0.013 0.020 0.136 0.456 0.173 0.010 0.192 
391 NS_SS1427    (0)    6 :  0.873 0.083 0.015 0.011 0.002 0.009 0.008 
392 NS_SS1444    (4)    6 :  0.011 0.043 0.019 0.193 0.004 0.720 0.009 
393 NS_SS1455    (0)    6 :  0.033 0.178 0.657 0.021 0.002 0.042 0.068 
394 NS_SS1425    (2)    6 :  0.879 0.018 0.027 0.057 0.002 0.009 0.007 
395 NS_SS1400    (0)    6 :  0.920 0.030 0.008 0.014 0.001 0.007 0.020 
396 NS_SS1406    (2)    6 :  0.004 0.017 0.865 0.017 0.008 0.034 0.055 
397 NS_SS1417    (6)    6 :  0.026 0.064 0.010 0.016 0.005 0.229 0.649 
398 NS_SS1454    (3)    6 :  0.453 0.038 0.363 0.025 0.002 0.035 0.084 
399 NS_SS1412    (1)    6 :  0.092 0.343 0.246 0.177 0.024 0.014 0.105 
400 NS_SS1438    (1)    6 :  0.065 0.776 0.008 0.027 0.001 0.054 0.067 
401 NS_SS1416    (4)    6 :  0.005 0.053 0.019 0.034 0.006 0.014 0.868 
402 NS_SS1401    (0)    6 :  0.040 0.016 0.781 0.038 0.012 0.054 0.058 
403 NS_SS1424    (6)    6 :  0.038 0.054 0.018 0.018 0.009 0.009 0.856 
404 NS_SS1435   (10)    6 :  0.475 0.010 0.439 0.021 0.003 0.023 0.028 
405 NS_SS1447    (4)    6 :  0.012 0.022 0.014 0.014 0.006 0.919 0.013 
406 NS_SS1414    (3)    6 :  0.005 0.006 0.010 0.012 0.008 0.949 0.010 
407 NS_SS1449   (14)    6 :  0.014 0.012 0.006 0.762 0.004 0.007 0.195 
408 NS_SS1443    (4)    6 :  0.255 0.015 0.010 0.611 0.002 0.012 0.095 
409 NS_SS1434    (1)    6 :  0.243 0.235 0.016 0.017 0.001 0.459 0.030 
410 NS_SS1398    (1)    6 :  0.096 0.115 0.626 0.014 0.022 0.117 0.009 
411 NS_SS1426    (1)    6 :  0.087 0.790 0.023 0.059 0.002 0.024 0.014 
412 NS_SS1413    (0)    6 :  0.944 0.009 0.008 0.006 0.013 0.014 0.007 
413 NS_SS1395    (1)    6 :  0.076 0.281 0.034 0.499 0.011 0.025 0.075 
414 NS_SS1448   (10)    6 :  0.756 0.018 0.029 0.064 0.002 0.100 0.031 
415 NS_SS1446    (0)    6 :  0.016 0.245 0.013 0.005 0.003 0.023 0.696 
416 NS_SS1403    (2)    6 :  0.006 0.115 0.770 0.019 0.006 0.005 0.080 
417 NS_SS1415    (0)    6 :  0.718 0.015 0.132 0.066 0.014 0.006 0.049 
418 NS_SS1437    (4)    6 :  0.058 0.020 0.807 0.019 0.008 0.041 0.046 
419 NS_SS1439    (2)    6 :  0.004 0.032 0.006 0.008 0.002 0.015 0.931 
420 NS_SS1441    (3)    6 :  0.324 0.105 0.091 0.057 0.002 0.055 0.365 
421 NS_SS1420    (2)    6 :  0.004 0.011 0.008 0.923 0.003 0.045 0.006 
422 NS_SS1394    (2)    6 :  0.006 0.012 0.282 0.569 0.035 0.053 0.044 
423 NS_SS1391    (7)    6 :  0.114 0.288 0.174 0.019 0.012 0.380 0.014 
424 NS_SS1410    (5)    6 :  0.108 0.578 0.201 0.012 0.014 0.041 0.046 
425 NS_SS1408    (1)    6 :  0.035 0.345 0.063 0.029 0.056 0.035 0.436 
426 NS_SS1409    (1)    6 :  0.017 0.403 0.029 0.021 0.002 0.010 0.518 
427 HI_SS0617    (1)    7 :  0.006 0.876 0.010 0.009 0.001 0.059 0.040 
428 HI_SS0618    (2)    7 :  0.009 0.027 0.033 0.616 0.002 0.010 0.303 
429 HI_SS0619    (0)    7 :  0.060 0.066 0.130 0.147 0.004 0.576 0.018 
430 HI_SS0620    (1)    7 :  0.535 0.026 0.007 0.414 0.002 0.006 0.010 
431 HI_SS0621    (3)    7 :  0.007 0.252 0.054 0.034 0.016 0.360 0.277 
432 HI_SS0622    (1)    7 :  0.173 0.013 0.075 0.368 0.012 0.309 0.051 
433 HI_SS0626    (0)    7 :  0.020 0.156 0.511 0.064 0.009 0.224 0.015 
434 HI_SS0627    (0)    7 :  0.009 0.641 0.173 0.102 0.008 0.013 0.054 
435 HI_SS0628    (3)    7 :  0.322 0.108 0.342 0.019 0.065 0.107 0.037 
436 HI_SS0629    (1)    7 :  0.049 0.165 0.646 0.071 0.006 0.009 0.054 
437 HI_SS0630    (1)    7 :  0.456 0.123 0.048 0.091 0.070 0.016 0.195 
438 HI_SS0631    (0)    7 :  0.889 0.027 0.021 0.049 0.001 0.007 0.007 
439 HI_SS0632    (0)    7 :  0.246 0.064 0.038 0.499 0.004 0.133 0.015 
440 HI_SS0633    (0)    7 :  0.011 0.032 0.055 0.012 0.003 0.880 0.008 
441 HI_SS0634    (1)    7 :  0.011 0.212 0.044 0.009 0.002 0.012 0.710 
442 HI_SS0635    (0)    7 :  0.010 0.018 0.855 0.009 0.010 0.017 0.082 
443 HI_SS0637    (1)    7 :  0.004 0.678 0.012 0.040 0.003 0.012 0.251 
444 HI_SS0638    (0)    7 :  0.607 0.017 0.080 0.099 0.002 0.054 0.141 
445 HI_SS0639    (1)    7 :  0.010 0.083 0.323 0.201 0.052 0.121 0.209 
446 HI_SS0640    (1)    7 :  0.068 0.044 0.191 0.624 0.002 0.041 0.030 
447 HI_SS0641    (1)    7 :  0.039 0.699 0.154 0.051 0.005 0.022 0.029 
448 HI_SS0642    (0)    7 :  0.012 0.008 0.798 0.052 0.002 0.031 0.098 
449 HI_SS0645    (0)    7 :  0.007 0.006 0.688 0.276 0.001 0.011 0.011 
450 HI_SS0646    (1)    7 :  0.016 0.043 0.025 0.050 0.003 0.019 0.844 
451 HI_SS0647    (1)    7 :  0.047 0.011 0.019 0.007 0.001 0.905 0.011 
452 HI_SS0648    (0)    7 :  0.057 0.012 0.711 0.166 0.003 0.016 0.034 
453 HI_SS0649    (1)    7 :  0.011 0.639 0.259 0.022 0.002 0.041 0.025 
454 HI_SS0650    (1)    7 :  0.008 0.939 0.007 0.012 0.003 0.017 0.013 
455 HI_SS0651    (1)    7 :  0.015 0.025 0.015 0.864 0.005 0.066 0.012 
456 HI_SS0652    (1)    7 :  0.014 0.214 0.134 0.054 0.003 0.523 0.058 
457 NS_SS1371    (3)    7 :  0.022 0.157 0.060 0.017 0.007 0.017 0.720 
458 NS_SS1374    (0)    7 :  0.654 0.108 0.109 0.017 0.003 0.077 0.031 
459 NS_SS1337    (3)    7 :  0.017 0.031 0.010 0.015 0.004 0.552 0.372 
460 NS_SS1385    (5)    7 :  0.062 0.155 0.052 0.030 0.005 0.185 0.510 
461 NS_SS1388    (0)    7 :  0.025 0.017 0.600 0.013 0.006 0.330 0.008 
462 NS_SS1370    (1)    7 :  0.006 0.008 0.007 0.949 0.008 0.009 0.012 
463 NS_SS1389    (3)    7 :  0.016 0.013 0.450 0.007 0.003 0.504 0.005 
464 NS_SS1360    (1)    7 :  0.049 0.029 0.013 0.828 0.005 0.014 0.062 
465 NS_SS1330    (0)    7 :  0.006 0.009 0.010 0.013 0.003 0.032 0.927 
466 NS_SS1328    (9)    7 :  0.830 0.022 0.011 0.010 0.002 0.059 0.065 
467 NS_SS1384    (1)    7 :  0.097 0.069 0.052 0.209 0.004 0.145 0.424 
468 NS_SS1381    (0)    7 :  0.006 0.168 0.025 0.390 0.001 0.215 0.194 
469 NS_SS1375    (1)    7 :  0.019 0.016 0.827 0.047 0.001 0.014 0.076 
470 NS_SS1319   (11)    7 :  0.041 0.147 0.092 0.009 0.098 0.028 0.586 
471 NS_SS1326    (2)    7 :  0.917 0.020 0.016 0.012 0.016 0.013 0.006 
472 NS_SS1341    (1)    7 :  0.007 0.880 0.030 0.012 0.004 0.029 0.037 
473 NS_SS1383    (2)    7 :  0.057 0.415 0.410 0.023 0.005 0.008 0.082 
474 NS_SS1318    (3)    7 :  0.025 0.182 0.010 0.097 0.017 0.640 0.028 
475 NS_SS1348    (2)    7 :  0.884 0.047 0.010 0.035 0.001 0.012 0.011 
476 NS_SS1363    (0)    7 :  0.018 0.243 0.023 0.178 0.005 0.012 0.520 
477 NS_SS1335    (4)    7 :  0.139 0.026 0.046 0.711 0.031 0.006 0.040 
478 NS_SS1358    (0)    7 :  0.036 0.010 0.006 0.012 0.011 0.009 0.915 
479 NS_SS1342    (1)    7 :  0.448 0.220 0.103 0.010 0.002 0.100 0.117 
480 NS_SS1320    (3)    7 :  0.005 0.007 0.105 0.010 0.007 0.850 0.016 
481 NS_SS1355    (1)    7 :  0.004 0.248 0.021 0.192 0.011 0.513 0.011 
482 NS_SS1345    (1)    7 :  0.010 0.010 0.005 0.021 0.017 0.899 0.038 
483 NS_SS1324    (0)    7 :  0.827 0.053 0.030 0.048 0.003 0.032 0.008 
484 NS_SS1347    (5)    7 :  0.042 0.017 0.039 0.846 0.004 0.012 0.040 
485 NS_SS1321    (4)    7 :  0.064 0.104 0.155 0.067 0.001 0.006 0.602 
486 NS_SS1333    (0)    7 :  0.122 0.043 0.790 0.005 0.003 0.018 0.019 
487 NS_SS1364    (1)    7 :  0.384 0.046 0.087 0.067 0.002 0.405 0.010 
488 NS_SS1379    (0)    7 :  0.008 0.013 0.009 0.889 0.038 0.021 0.022 
489 NS_SS1332    (0)    7 :  0.927 0.016 0.033 0.006 0.006 0.005 0.007 
490 NS_SS1338    (5)    7 :  0.009 0.021 0.016 0.860 0.005 0.009 0.079 
491 NS_SS1368    (6)    7 :  0.802 0.024 0.078 0.007 0.006 0.065 0.017 
492 NS_SS1354    (1)    7 :  0.031 0.082 0.243 0.014 0.014 0.122 0.493 
493 NS_SS1365    (0)    7 :  0.204 0.065 0.097 0.182 0.012 0.426 0.014 
494 NS_SS1380    (1)    7 :  0.006 0.034 0.016 0.009 0.021 0.854 0.060 
495 NS_SS1329    (8)    7 :  0.204 0.185 0.112 0.036 0.003 0.037 0.423 
496 NS_SS1362    (0)    7 :  0.022 0.588 0.185 0.011 0.005 0.024 0.165 
497 NS_SS1327    (2)    7 :  0.934 0.029 0.012 0.010 0.003 0.004 0.008 
498 NS_SS1350    (0)    7 :  0.013 0.542 0.026 0.010 0.009 0.098 0.303 
499 NS_SS1387    (2)    7 :  0.006 0.014 0.071 0.875 0.002 0.018 0.014 
500 NS_SS1369    (8)    7 :  0.087 0.150 0.037 0.665 0.004 0.033 0.023 
501 NS_SS1331    (1)    7 :  0.074 0.011 0.856 0.018 0.007 0.018 0.016 
502 NS_SS1357    (5)    7 :  0.062 0.453 0.017 0.072 0.004 0.366 0.027 
503 NS_SS1386    (1)    7 :  0.960 0.007 0.008 0.009 0.004 0.007 0.006 
504 NS_SS1353    (2)    7 :  0.083 0.034 0.627 0.039 0.004 0.178 0.035 
505 NS_SS1323    (0)    7 :  0.034 0.026 0.091 0.047 0.076 0.455 0.271 
506 HI_SS0296    (0)    8 :  0.028 0.015 0.003 0.943 0.001 0.005 0.005 
507 HI_SS0297    (0)    8 :  0.069 0.081 0.787 0.013 0.001 0.015 0.034 
508 HI_SS0299    (0)    8 :  0.017 0.350 0.008 0.016 0.028 0.560 0.023 
509 HI_SS0300    (0)    8 :  0.021 0.008 0.007 0.943 0.001 0.007 0.013 
510 HI_SS0301    (0)    8 :  0.033 0.301 0.430 0.034 0.004 0.008 0.191 
511 HI_SS0302    (0)    8 :  0.315 0.012 0.013 0.624 0.021 0.009 0.006 
512 HI_SS0303    (0)    8 :  0.793 0.041 0.053 0.036 0.007 0.055 0.015 
513 HI_SS0304    (0)    8 :  0.076 0.058 0.116 0.038 0.003 0.061 0.649 
514 HI_SS0306    (5)    8 :  0.934 0.011 0.009 0.021 0.004 0.011 0.010 
