

----------------------------------------------------
STRUCTURE by Pritchard, Stephens and Donnelly (2000)
     and Falush, Stephens and Pritchard (2003)
       Code by Pritchard, Falush and Hubisz
             Version 2.3.4 (Jul 2012)
----------------------------------------------------



Command line arguments:   /home/genobiwan/Documents/Programs/Structure/structure -m parameter_job_k10_r5 
Input File:    /media/genobiwan/Storage/Projets/Mackerel_NWA_2021/data_job_k10_r5

Run parameters:
   629 individuals
   4140 loci
   10 populations assumed
   100000 Burn-in period
   200000 Reps


--------------------------------------------
Proportion of membership of each pre-defined
 population in each of the 10 clusters

Given    Inferred Clusters                                                        Number of
 Pop       1      2      3      4      5      6      7      8      9     10      Individuals

  1:     0.099  0.013  0.080  0.052  0.162  0.124  0.154  0.137  0.086  0.092       67
  2:     0.111  0.009  0.054  0.176  0.117  0.073  0.095  0.170  0.060  0.133       32
  3:     0.077  0.013  0.068  0.106  0.087  0.105  0.213  0.110  0.114  0.106       92
  4:     0.077  0.016  0.159  0.175  0.025  0.129  0.099  0.107  0.091  0.122       36
  5:     0.108  0.019  0.134  0.095  0.105  0.147  0.095  0.090  0.116  0.091       41
  6:     0.115  0.013  0.129  0.099  0.110  0.114  0.098  0.104  0.096  0.122      158
  7:     0.088  0.010  0.142  0.078  0.091  0.087  0.086  0.141  0.147  0.131       79
  8:     0.130  0.014  0.171  0.092  0.104  0.074  0.075  0.099  0.116  0.124       52
  9:     0.005  0.959  0.003  0.004  0.004  0.005  0.005  0.005  0.004  0.004       36
 10:     0.004  0.964  0.004  0.004  0.004  0.004  0.004  0.004  0.004  0.004       36
--------------------------------------------

Allele-freq. divergence among pops (Net nucleotide distance),
computed using point estimates of P.

      1       2       3       4       5       6       7       8       9      10      
 1      -    0.0052  0.0005  0.0005  0.0005  0.0004  0.0004  0.0003  0.0004  0.0004  
 2   0.0052     -    0.0054  0.0052  0.0053  0.0052  0.0051  0.0051  0.0052  0.0052  
 3   0.0005  0.0054     -    0.0007  0.0006  0.0005  0.0005  0.0005  0.0005  0.0005  
 4   0.0005  0.0052  0.0007     -    0.0006  0.0005  0.0004  0.0004  0.0005  0.0004  
 5   0.0005  0.0053  0.0006  0.0006     -    0.0005  0.0004  0.0004  0.0005  0.0005  
 6   0.0004  0.0052  0.0005  0.0005  0.0005     -    0.0003  0.0003  0.0004  0.0004  
 7   0.0004  0.0051  0.0005  0.0004  0.0004  0.0003     -    0.0003  0.0004  0.0003  
 8   0.0003  0.0051  0.0005  0.0004  0.0004  0.0003  0.0003     -    0.0003  0.0003  
 9   0.0004  0.0052  0.0005  0.0005  0.0005  0.0004  0.0004  0.0003     -    0.0003  
10   0.0004  0.0052  0.0005  0.0004  0.0005  0.0004  0.0003  0.0003  0.0003     -    

Average distances (expected heterozygosity) between individuals in same cluster:
cluster  1  : 0.3180 
cluster  2  : 0.3051 
cluster  3  : 0.3181 
cluster  4  : 0.3179 
cluster  5  : 0.3179 
cluster  6  : 0.3178 
cluster  7  : 0.3183 
cluster  8  : 0.3191 
cluster  9  : 0.3182 
cluster 10  : 0.3184 

--------------------------------------------
Estimated Ln Prob of Data   = -2481295.8
Mean value of ln likelihood = -2461426.3
Variance of ln likelihood   = 39739.0
Mean value of alpha         = 0.0447

Mean value of Fst_1         = 0.0065
Mean value of Fst_2         = 0.0399
Mean value of Fst_3         = 0.0070
Mean value of Fst_4         = 0.0073
Mean value of Fst_5         = 0.0071
Mean value of Fst_6         = 0.0060
Mean value of Fst_7         = 0.0048
Mean value of Fst_8         = 0.0044
Mean value of Fst_9         = 0.0057
Mean value of Fst_10         = 0.0052


Inferred ancestry of individuals:
        Label (%Miss) Pop:  Inferred clusters
  1 NS_SS0963    (4)    1 :  0.030 0.006 0.019 0.100 0.005 0.013 0.355 0.239 0.175 0.058 
  2 NS_SS0983    (1)    1 :  0.009 0.003 0.009 0.003 0.005 0.941 0.004 0.007 0.010 0.010 
  3 NS_SS0719    (9)    1 :  0.089 0.006 0.030 0.009 0.051 0.014 0.051 0.586 0.138 0.027 
  4 NS_SS1001    (8)    1 :  0.025 0.009 0.132 0.011 0.715 0.036 0.033 0.011 0.011 0.018 
  5 NS_SS0936    (4)    1 :  0.128 0.003 0.017 0.022 0.133 0.050 0.083 0.045 0.089 0.429 
  6 NS_SS0955    (6)    1 :  0.058 0.002 0.038 0.035 0.028 0.042 0.259 0.030 0.124 0.383 
  7 NS_SS0944    (3)    1 :  0.023 0.002 0.660 0.128 0.009 0.045 0.083 0.020 0.013 0.017 
  8 NS_SS0945    (3)    1 :  0.049 0.011 0.128 0.198 0.163 0.373 0.020 0.029 0.015 0.013 
  9 NS_SS0922    (2)    1 :  0.015 0.038 0.010 0.025 0.059 0.029 0.019 0.477 0.303 0.024 
 10 NS_SS0929    (7)    1 :  0.016 0.004 0.026 0.025 0.162 0.139 0.541 0.019 0.010 0.059 
 11 NS_SS0956    (1)    1 :  0.006 0.004 0.012 0.018 0.131 0.006 0.156 0.028 0.618 0.021 
 12 NS_SS0906    (3)    1 :  0.104 0.004 0.010 0.029 0.010 0.029 0.683 0.059 0.036 0.037 
 13 NS_SS0721    (6)    1 :  0.028 0.007 0.013 0.017 0.022 0.089 0.048 0.109 0.658 0.009 
 14 NS_SS0982    (4)    1 :  0.009 0.017 0.010 0.039 0.016 0.006 0.021 0.789 0.014 0.078 
 15 NS_SS0923    (6)    1 :  0.314 0.004 0.031 0.019 0.092 0.036 0.362 0.093 0.020 0.028 
 16 NS_SS0905    (6)    1 :  0.118 0.002 0.021 0.014 0.052 0.036 0.081 0.588 0.007 0.080 
 17 NS_SS0925    (3)    1 :  0.815 0.003 0.005 0.018 0.009 0.010 0.022 0.084 0.009 0.024 
 18 NS_SS0947    (6)    1 :  0.047 0.005 0.022 0.098 0.028 0.082 0.640 0.028 0.017 0.033 
 19 NS_SS0926    (2)    1 :  0.012 0.001 0.490 0.005 0.129 0.233 0.027 0.032 0.012 0.059 
 20 NS_SS0918    (6)    1 :  0.074 0.003 0.058 0.009 0.716 0.023 0.050 0.022 0.025 0.019 
 21 NS_SS0966    (4)    1 :  0.012 0.055 0.024 0.751 0.008 0.018 0.038 0.054 0.019 0.021 
 22 NS_SS0938    (2)    1 :  0.012 0.002 0.038 0.044 0.254 0.518 0.024 0.044 0.028 0.036 
 23 NS_SS0917    (2)    1 :  0.019 0.038 0.012 0.017 0.049 0.052 0.110 0.478 0.018 0.207 
 24 NS_SS0957   (11)    1 :  0.046 0.009 0.014 0.015 0.824 0.017 0.049 0.005 0.010 0.011 
 25 NS_SS0987    (1)    1 :  0.023 0.235 0.010 0.026 0.327 0.008 0.152 0.011 0.185 0.022 
 26 NS_SS0717    (4)    1 :  0.009 0.003 0.056 0.027 0.624 0.061 0.121 0.032 0.032 0.034 
 27 NS_SS0986    (2)    1 :  0.010 0.003 0.011 0.007 0.031 0.718 0.194 0.010 0.011 0.004 
 28 NS_SS0953    (3)    1 :  0.008 0.016 0.022 0.096 0.024 0.022 0.752 0.022 0.026 0.012 
 29 NS_SS0907    (3)    1 :  0.157 0.047 0.022 0.056 0.013 0.037 0.112 0.067 0.061 0.429 
 30 NS_SS0974    (6)    1 :  0.446 0.003 0.091 0.032 0.054 0.184 0.030 0.063 0.010 0.087 
 31 NS_SS0989    (1)    1 :  0.135 0.002 0.111 0.069 0.029 0.182 0.019 0.307 0.030 0.116 
 32 NS_SS0991    (3)    1 :  0.032 0.002 0.146 0.013 0.013 0.055 0.201 0.020 0.229 0.289 
 33 NS_SS0994    (2)    1 :  0.014 0.002 0.119 0.007 0.017 0.187 0.017 0.008 0.006 0.624 
 34 NS_SS0931    (6)    1 :  0.199 0.010 0.295 0.004 0.027 0.011 0.019 0.008 0.418 0.009 
 35 NS_SS1000    (5)    1 :  0.007 0.003 0.009 0.025 0.018 0.018 0.889 0.012 0.008 0.010 
 36 NS_SS0919    (1)    1 :  0.097 0.003 0.039 0.005 0.010 0.029 0.643 0.062 0.006 0.106 
 37 NS_SS0949    (4)    1 :  0.036 0.002 0.340 0.015 0.007 0.051 0.007 0.149 0.162 0.231 
 38 NS_SS0960   (10)    1 :  0.437 0.007 0.263 0.007 0.041 0.008 0.092 0.108 0.023 0.015 
 39 NS_SS0716    (2)    1 :  0.005 0.006 0.005 0.007 0.949 0.006 0.004 0.005 0.007 0.004 
 40 NS_SS0924    (8)    1 :  0.664 0.017 0.024 0.035 0.005 0.011 0.007 0.102 0.114 0.020 
 41 NS_SS0935    (2)    1 :  0.012 0.009 0.210 0.016 0.009 0.003 0.008 0.012 0.013 0.708 
 42 NS_SS0952   (14)    1 :  0.255 0.036 0.379 0.142 0.008 0.031 0.045 0.030 0.018 0.055 
 43 NS_SS0962   (11)    1 :  0.195 0.009 0.007 0.006 0.250 0.415 0.029 0.011 0.050 0.028 
 44 NS_SS0973    (5)    1 :  0.027 0.005 0.018 0.010 0.004 0.012 0.068 0.309 0.148 0.399 
 45 NS_SS0722    (1)    1 :  0.010 0.003 0.011 0.238 0.197 0.143 0.049 0.012 0.020 0.318 
 46 NS_SS0979   (13)    1 :  0.028 0.003 0.006 0.031 0.820 0.033 0.011 0.012 0.019 0.037 
 47 NS_SS0993    (2)    1 :  0.214 0.023 0.014 0.072 0.063 0.204 0.021 0.069 0.112 0.208 
 48 NS_SS0958    (1)    1 :  0.029 0.003 0.737 0.024 0.104 0.019 0.016 0.041 0.011 0.015 
 49 NS_SS0988    (4)    1 :  0.158 0.004 0.007 0.018 0.083 0.216 0.039 0.407 0.029 0.040 
 50 NS_SS1003    (2)    1 :  0.011 0.007 0.020 0.043 0.011 0.006 0.790 0.060 0.035 0.017 
 51 NS_SS0976    (1)    1 :  0.679 0.002 0.092 0.038 0.014 0.034 0.032 0.007 0.007 0.095 
 52 NS_SS0964   (10)    1 :  0.013 0.002 0.009 0.135 0.429 0.024 0.026 0.051 0.211 0.101 
 53 NS_SS0939    (4)    1 :  0.045 0.007 0.008 0.024 0.861 0.007 0.006 0.017 0.013 0.011 
 54 NS_SS0990    (6)    1 :  0.017 0.004 0.028 0.033 0.507 0.078 0.224 0.046 0.047 0.017 
 55 NS_SS0984    (2)    1 :  0.007 0.003 0.011 0.010 0.830 0.008 0.031 0.074 0.006 0.021 
 56 NS_SS0980   (10)    1 :  0.012 0.002 0.007 0.007 0.007 0.007 0.891 0.008 0.005 0.053 
 57 NS_SS0978    (4)    1 :  0.022 0.004 0.019 0.062 0.038 0.016 0.132 0.657 0.016 0.034 
 58 NS_SS0951   (18)    1 :  0.048 0.002 0.023 0.185 0.017 0.566 0.021 0.044 0.024 0.069 
 59 NS_SS0913    (3)    1 :  0.015 0.046 0.019 0.094 0.419 0.267 0.042 0.021 0.069 0.008 
 60 NS_SS1002    (1)    1 :  0.127 0.039 0.004 0.006 0.023 0.680 0.098 0.009 0.007 0.007 
 61 NS_SS0948    (1)    1 :  0.035 0.049 0.034 0.104 0.064 0.644 0.019 0.009 0.028 0.013 
 62 NS_SS0916    (4)    1 :  0.047 0.005 0.063 0.019 0.017 0.137 0.058 0.573 0.016 0.066 
 63 NS_SS0995    (1)    1 :  0.063 0.003 0.006 0.011 0.010 0.135 0.014 0.660 0.076 0.021 
 64 NS_SS0927    (6)    1 :  0.028 0.005 0.010 0.012 0.011 0.056 0.006 0.834 0.014 0.025 
 65 NS_SS0992    (5)    1 :  0.070 0.003 0.024 0.051 0.005 0.049 0.064 0.279 0.444 0.011 
 66 NS_SS0912    (1)    1 :  0.017 0.003 0.214 0.007 0.019 0.055 0.020 0.028 0.619 0.019 
 67 NS_SS0981    (1)    1 :  0.133 0.003 0.015 0.005 0.196 0.009 0.557 0.012 0.017 0.053 
 68 NS_SS0729    (5)    2 :  0.048 0.003 0.026 0.012 0.003 0.047 0.017 0.025 0.013 0.806 
 69 NS_SS0967   (15)    2 :  0.020 0.011 0.052 0.046 0.082 0.134 0.240 0.375 0.019 0.021 
 70 NS_SS0941    (8)    2 :  0.059 0.089 0.050 0.034 0.117 0.051 0.069 0.185 0.016 0.329 
 71 NS_SS0768   (12)    2 :  0.009 0.005 0.018 0.768 0.054 0.023 0.029 0.017 0.058 0.018 
 72 NS_SS0726    (5)    2 :  0.513 0.007 0.084 0.156 0.006 0.021 0.032 0.053 0.013 0.115 
 73 NS_SS0763    (4)    2 :  0.010 0.002 0.055 0.021 0.037 0.020 0.021 0.061 0.020 0.752 
 74 NS_SS0730    (6)    2 :  0.015 0.003 0.020 0.027 0.234 0.010 0.220 0.314 0.122 0.034 
 75 NS_SS0774    (2)    2 :  0.025 0.001 0.005 0.249 0.609 0.006 0.075 0.012 0.009 0.008 
 76 NS_SS0723    (3)    2 :  0.353 0.002 0.007 0.028 0.159 0.025 0.214 0.112 0.045 0.056 
 77 NS_SS0940   (10)    2 :  0.522 0.006 0.044 0.007 0.098 0.029 0.023 0.064 0.022 0.186 
 78 NS_SS0762    (1)    2 :  0.004 0.003 0.013 0.626 0.172 0.009 0.028 0.058 0.028 0.059 
 79 NS_SS0766   (11)    2 :  0.009 0.016 0.120 0.020 0.412 0.039 0.051 0.238 0.071 0.024 
 80 NS_SS0724    (1)    2 :  0.056 0.004 0.019 0.794 0.010 0.009 0.039 0.010 0.025 0.034 
 81 NS_SS0769    (3)    2 :  0.017 0.006 0.012 0.065 0.013 0.009 0.420 0.285 0.012 0.162 
 82 NS_SS0777    (1)    2 :  0.031 0.016 0.239 0.006 0.150 0.290 0.055 0.064 0.073 0.075 
 83 NS_SS0734    (6)    2 :  0.008 0.029 0.256 0.022 0.137 0.317 0.029 0.090 0.079 0.034 
 84 NS_SS0737    (3)    2 :  0.010 0.004 0.011 0.143 0.061 0.010 0.040 0.687 0.008 0.026 
 85 NS_SS0732    (5)    2 :  0.676 0.005 0.003 0.019 0.020 0.006 0.009 0.029 0.214 0.019 
 86 NS_SS0728    (5)    2 :  0.020 0.014 0.026 0.083 0.024 0.091 0.282 0.139 0.138 0.184 
 87 NS_SS0735    (9)    2 :  0.022 0.010 0.016 0.020 0.025 0.053 0.326 0.351 0.089 0.088 
 88 NS_SS0725    (1)    2 :  0.009 0.005 0.026 0.635 0.023 0.047 0.010 0.013 0.225 0.007 
 89 NS_SS0788    (2)    2 :  0.047 0.002 0.017 0.051 0.014 0.007 0.032 0.788 0.026 0.016 
 90 NS_SS0778    (2)    2 :  0.011 0.002 0.019 0.011 0.022 0.008 0.307 0.532 0.066 0.021 
 91 NS_SS0792    (6)    2 :  0.010 0.005 0.062 0.063 0.009 0.048 0.166 0.409 0.131 0.096 
 92 NS_SS0943   (11)    2 :  0.011 0.006 0.075 0.021 0.003 0.004 0.020 0.008 0.262 0.590 
 93 NS_SS0791    (2)    2 :  0.755 0.008 0.011 0.005 0.015 0.101 0.005 0.067 0.013 0.019 
 94 NS_SS0790    (5)    2 :  0.006 0.003 0.003 0.941 0.018 0.004 0.007 0.003 0.012 0.004 
 95 NS_SS0731    (6)    2 :  0.007 0.013 0.009 0.044 0.157 0.740 0.008 0.009 0.008 0.005 
 96 NS_SS0727    (7)    2 :  0.058 0.002 0.325 0.029 0.042 0.056 0.029 0.028 0.046 0.386 
 97 NS_SS0779   (13)    2 :  0.135 0.007 0.030 0.012 0.076 0.083 0.188 0.381 0.034 0.054 
 98 NS_SS0776    (3)    2 :  0.074 0.009 0.084 0.648 0.046 0.033 0.030 0.022 0.020 0.034 
 99 NS_SS0775    (5)    2 :  0.007 0.006 0.005 0.030 0.907 0.014 0.011 0.007 0.005 0.008 
100 NS_SS0965    (3)    3 :  0.013 0.002 0.020 0.017 0.047 0.014 0.627 0.009 0.166 0.085 
101 NS_SS0754   (14)    3 :  0.037 0.014 0.152 0.028 0.021 0.035 0.071 0.116 0.053 0.472 
102 NS_SS0838    (5)    3 :  0.875 0.028 0.008 0.011 0.015 0.032 0.007 0.009 0.006 0.009 
103 NS_SS0839    (3)    3 :  0.033 0.004 0.006 0.070 0.259 0.011 0.539 0.057 0.009 0.013 
104 NS_SS0832    (4)    3 :  0.012 0.045 0.004 0.011 0.023 0.017 0.832 0.022 0.011 0.025 
105 NS_SS0820    (5)    3 :  0.018 0.006 0.003 0.909 0.005 0.009 0.006 0.024 0.008 0.011 
106 NS_SS0886    (9)    3 :  0.130 0.002 0.027 0.021 0.016 0.075 0.095 0.192 0.430 0.012 
107 NS_SS0748    (5)    3 :  0.072 0.009 0.119 0.015 0.530 0.104 0.049 0.024 0.058 0.019 
108 NS_SS0884    (9)    3 :  0.244 0.024 0.016 0.062 0.020 0.008 0.462 0.046 0.067 0.051 
109 NS_SS0752    (4)    3 :  0.452 0.001 0.013 0.013 0.057 0.088 0.014 0.089 0.013 0.258 
110 NS_SS0862    (1)    3 :  0.010 0.004 0.004 0.011 0.025 0.013 0.802 0.051 0.061 0.018 
111 NS_SS0787    (9)    3 :  0.062 0.005 0.105 0.010 0.009 0.024 0.129 0.023 0.017 0.617 
112 NS_SS0843    (6)    3 :  0.023 0.002 0.014 0.050 0.013 0.035 0.104 0.041 0.109 0.610 
113 NS_SS0856    (4)    3 :  0.010 0.003 0.009 0.035 0.005 0.269 0.013 0.456 0.182 0.017 
114 NS_SS0846    (2)    3 :  0.061 0.004 0.028 0.013 0.010 0.017 0.767 0.038 0.016 0.047 
115 NS_SS0825    (1)    3 :  0.008 0.012 0.015 0.006 0.100 0.085 0.036 0.061 0.563 0.115 
116 NS_SS0757    (3)    3 :  0.042 0.003 0.019 0.019 0.058 0.083 0.042 0.116 0.279 0.339 
117 NS_SS0876    (3)    3 :  0.008 0.201 0.009 0.083 0.004 0.067 0.022 0.053 0.547 0.007 
118 NS_SS0903   (10)    3 :  0.026 0.002 0.014 0.034 0.014 0.019 0.725 0.064 0.008 0.094 
119 NS_SS0875    (7)    3 :  0.010 0.003 0.007 0.011 0.624 0.258 0.011 0.022 0.039 0.015 
120 NS_SS0740    (5)    3 :  0.014 0.003 0.006 0.030 0.007 0.013 0.011 0.014 0.053 0.847 
121 NS_SS0811    (5)    3 :  0.005 0.012 0.007 0.035 0.836 0.011 0.006 0.008 0.072 0.008 
122 NS_SS0751    (1)    3 :  0.422 0.003 0.047 0.018 0.079 0.029 0.053 0.205 0.009 0.134 
123 NS_SS0891    (6)    3 :  0.048 0.008 0.010 0.811 0.024 0.024 0.015 0.027 0.016 0.017 
124 NS_SS0867    (2)    3 :  0.011 0.025 0.013 0.010 0.012 0.017 0.229 0.027 0.101 0.554 
125 NS_SS0890    (6)    3 :  0.014 0.003 0.014 0.011 0.028 0.008 0.010 0.874 0.013 0.024 
126 NS_SS0866   (12)    3 :  0.012 0.004 0.010 0.006 0.011 0.933 0.004 0.005 0.009 0.006 
127 NS_SS0755    (4)    3 :  0.009 0.008 0.035 0.724 0.051 0.009 0.089 0.021 0.037 0.017 
128 NS_SS0758    (4)    3 :  0.012 0.002 0.020 0.014 0.018 0.221 0.573 0.065 0.037 0.037 
129 NS_SS0840    (2)    3 :  0.009 0.003 0.006 0.079 0.032 0.021 0.811 0.016 0.011 0.013 
130 NS_SS0889    (4)    3 :  0.032 0.002 0.173 0.073 0.013 0.044 0.010 0.009 0.634 0.010 
131 NS_SS1010    (1)    3 :  0.221 0.040 0.024 0.103 0.056 0.015 0.246 0.276 0.009 0.010 
132 NS_SS0888    (5)    3 :  0.024 0.002 0.058 0.012 0.006 0.007 0.007 0.060 0.776 0.048 
133 NS_SS0837    (3)    3 :  0.010 0.003 0.034 0.018 0.016 0.049 0.039 0.015 0.620 0.197 
134 NS_SS0794   (10)    3 :  0.005 0.002 0.443 0.037 0.011 0.471 0.006 0.005 0.007 0.014 
135 NS_SS0823    (5)    3 :  0.009 0.005 0.009 0.033 0.009 0.586 0.125 0.103 0.101 0.020 
136 NS_SS0829    (7)    3 :  0.050 0.104 0.027 0.013 0.013 0.424 0.052 0.018 0.177 0.123 
137 NS_SS0844    (5)    3 :  0.005 0.002 0.005 0.930 0.006 0.008 0.009 0.015 0.007 0.014 
138 NS_SS1008    (6)    3 :  0.034 0.014 0.327 0.044 0.298 0.063 0.027 0.021 0.060 0.111 
139 NS_SS0881    (3)    3 :  0.312 0.002 0.060 0.022 0.071 0.028 0.158 0.105 0.140 0.103 
140 NS_SS0834    (6)    3 :  0.007 0.003 0.003 0.962 0.004 0.004 0.004 0.005 0.003 0.003 
141 NS_SS0744   (10)    3 :  0.017 0.007 0.020 0.007 0.007 0.062 0.525 0.179 0.147 0.031 
142 NS_SS0899    (7)    3 :  0.049 0.002 0.006 0.734 0.036 0.088 0.015 0.037 0.023 0.010 
143 NS_SS0804    (5)    3 :  0.013 0.005 0.006 0.032 0.013 0.022 0.875 0.018 0.010 0.007 
144 NS_SS0781   (10)    3 :  0.007 0.003 0.004 0.030 0.095 0.058 0.723 0.034 0.015 0.030 
145 NS_SS0822    (6)    3 :  0.251 0.002 0.276 0.154 0.005 0.067 0.024 0.088 0.027 0.105 
146 NS_SS1004    (4)    3 :  0.011 0.005 0.061 0.019 0.005 0.022 0.331 0.215 0.186 0.145 
147 NS_SS0746    (5)    3 :  0.009 0.016 0.058 0.026 0.049 0.688 0.035 0.040 0.022 0.056 
148 NS_SS0880    (3)    3 :  0.558 0.002 0.097 0.018 0.048 0.019 0.193 0.041 0.010 0.014 
149 NS_SS0879    (5)    3 :  0.012 0.015 0.009 0.869 0.019 0.009 0.027 0.010 0.020 0.010 
150 NS_SS0753    (2)    3 :  0.015 0.007 0.023 0.006 0.014 0.043 0.013 0.051 0.014 0.813 
151 NS_SS1007    (3)    3 :  0.014 0.001 0.006 0.002 0.009 0.006 0.013 0.931 0.006 0.011 
152 NS_SS0872    (5)    3 :  0.016 0.002 0.014 0.016 0.074 0.059 0.135 0.268 0.256 0.159 
153 NS_SS1005    (7)    3 :  0.030 0.001 0.009 0.196 0.013 0.183 0.401 0.127 0.022 0.016 
154 NS_SS0892    (6)    3 :  0.019 0.002 0.053 0.010 0.111 0.027 0.091 0.582 0.031 0.073 
155 NS_SS0898    (0)    3 :  0.005 0.007 0.743 0.009 0.158 0.025 0.014 0.011 0.024 0.006 
156 NS_SS0801    (9)    3 :  0.033 0.009 0.009 0.025 0.016 0.068 0.769 0.017 0.027 0.026 
157 NS_SS0827    (9)    3 :  0.011 0.118 0.047 0.007 0.630 0.008 0.064 0.037 0.036 0.042 
158 NS_SS0853    (7)    3 :  0.039 0.005 0.007 0.007 0.810 0.009 0.098 0.004 0.012 0.010 
159 NS_SS0780    (2)    3 :  0.007 0.002 0.003 0.006 0.008 0.007 0.934 0.007 0.005 0.020 
160 NS_SS0826   (10)    3 :  0.118 0.003 0.026 0.072 0.012 0.094 0.648 0.008 0.012 0.007 
161 NS_SS0818    (5)    3 :  0.007 0.001 0.015 0.011 0.007 0.008 0.863 0.071 0.007 0.010 
162 NS_SS0745    (1)    3 :  0.006 0.001 0.013 0.015 0.924 0.008 0.008 0.006 0.010 0.009 
163 NS_SS0849    (3)    3 :  0.010 0.001 0.005 0.004 0.007 0.004 0.004 0.007 0.951 0.007 
164 NS_SS0739    (3)    3 :  0.105 0.012 0.012 0.009 0.020 0.009 0.010 0.533 0.258 0.032 
165 NS_SS0799    (1)    3 :  0.022 0.001 0.079 0.011 0.068 0.020 0.025 0.228 0.062 0.485 
166 NS_SS0756    (3)    3 :  0.011 0.003 0.006 0.015 0.013 0.014 0.875 0.015 0.018 0.029 
167 NS_SS0802    (2)    3 :  0.117 0.183 0.008 0.010 0.007 0.074 0.007 0.539 0.006 0.048 
168 NS_SS0747    (6)    3 :  0.130 0.007 0.004 0.029 0.053 0.022 0.124 0.270 0.021 0.339 
169 NS_SS0835    (1)    3 :  0.008 0.001 0.072 0.011 0.015 0.439 0.034 0.058 0.029 0.332 
170 NS_SS0742   (19)    3 :  0.092 0.001 0.031 0.021 0.018 0.140 0.142 0.373 0.036 0.146 
171 NS_SS0760    (9)    3 :  0.021 0.045 0.495 0.008 0.013 0.364 0.019 0.015 0.009 0.012 
172 NS_SS0803    (4)    3 :  0.004 0.008 0.007 0.034 0.007 0.068 0.775 0.061 0.010 0.026 
173 NS_SS0828   (14)    3 :  0.119 0.002 0.069 0.028 0.073 0.007 0.147 0.048 0.031 0.476 
174 NS_SS0865    (2)    3 :  0.010 0.021 0.012 0.006 0.008 0.007 0.839 0.018 0.068 0.011 
175 NS_SS0759    (5)    3 :  0.014 0.005 0.005 0.022 0.069 0.009 0.041 0.780 0.039 0.015 
176 NS_SS0851    (5)    3 :  0.003 0.014 0.010 0.838 0.016 0.004 0.008 0.006 0.098 0.004 
177 NS_SS0874   (16)    3 :  0.034 0.001 0.006 0.602 0.030 0.019 0.036 0.010 0.011 0.251 
178 NS_SS0761    (6)    3 :  0.009 0.003 0.240 0.005 0.062 0.173 0.082 0.014 0.391 0.020 
179 NS_SS0842   (26)    3 :  0.091 0.009 0.031 0.058 0.610 0.034 0.056 0.014 0.070 0.026 
180 NS_SS0785    (6)    3 :  0.014 0.005 0.060 0.013 0.012 0.063 0.571 0.045 0.111 0.106 
181 NS_SS0860   (11)    3 :  0.079 0.003 0.014 0.008 0.007 0.476 0.036 0.275 0.017 0.084 
182 NS_SS0897    (7)    3 :  0.016 0.002 0.844 0.010 0.009 0.019 0.009 0.029 0.050 0.012 
183 NS_SS0841   (15)    3 :  0.230 0.004 0.056 0.014 0.118 0.066 0.227 0.038 0.227 0.020 
184 NS_SS0797    (7)    3 :  0.156 0.030 0.549 0.018 0.055 0.027 0.020 0.021 0.112 0.012 
185 NS_SS0830   (11)    3 :  0.476 0.002 0.048 0.010 0.051 0.109 0.032 0.036 0.195 0.040 
186 NS_SS1011    (5)    3 :  0.100 0.006 0.003 0.089 0.011 0.025 0.696 0.026 0.035 0.009 
187 NS_SS0883    (5)    3 :  0.337 0.006 0.016 0.002 0.052 0.027 0.044 0.034 0.357 0.124 
188 NS_SS0782    (2)    3 :  0.006 0.002 0.012 0.009 0.006 0.893 0.042 0.007 0.018 0.005 
189 NS_SS0831    (5)    3 :  0.032 0.003 0.015 0.014 0.016 0.597 0.010 0.011 0.290 0.012 
190 NS_SS0749    (7)    3 :  0.072 0.004 0.014 0.009 0.021 0.019 0.052 0.391 0.192 0.225 
191 NS_SS0854    (2)    3 :  0.074 0.004 0.096 0.112 0.012 0.143 0.019 0.055 0.359 0.128 
192 HI_SS0193    (0)    4 :  0.025 0.002 0.835 0.010 0.015 0.010 0.005 0.010 0.074 0.013 
193 HI_SS0194    (1)    4 :  0.019 0.002 0.012 0.915 0.006 0.011 0.014 0.006 0.005 0.009 
194 HI_SS0195   (10)    4 :  0.028 0.110 0.026 0.192 0.106 0.017 0.254 0.226 0.033 0.007 
195 HI_SS0196    (6)    4 :  0.069 0.003 0.012 0.039 0.013 0.802 0.016 0.014 0.021 0.011 
196 HI_SS0197    (3)    4 :  0.023 0.011 0.004 0.006 0.014 0.282 0.481 0.157 0.008 0.015 
197 HI_SS0198    (1)    4 :  0.072 0.009 0.051 0.033 0.029 0.016 0.022 0.137 0.614 0.017 
198 HI_SS0199    (1)    4 :  0.005 0.002 0.013 0.004 0.011 0.006 0.010 0.028 0.062 0.858 
199 HI_SS0201    (5)    4 :  0.078 0.003 0.685 0.028 0.007 0.013 0.043 0.014 0.029 0.101 
200 HI_SS0215    (1)    4 :  0.005 0.002 0.020 0.006 0.004 0.763 0.043 0.013 0.122 0.022 
201 HI_SS0218    (1)    4 :  0.006 0.009 0.847 0.008 0.014 0.019 0.016 0.015 0.046 0.020 
202 HI_SS0222    (0)    4 :  0.008 0.005 0.011 0.006 0.011 0.892 0.013 0.023 0.019 0.012 
203 HI_SS0230    (1)    4 :  0.689 0.008 0.008 0.039 0.023 0.018 0.022 0.113 0.021 0.058 
204 HI_SS0234    (2)    4 :  0.004 0.128 0.021 0.422 0.005 0.113 0.014 0.275 0.012 0.005 
205 HI_SS0240    (1)    4 :  0.009 0.008 0.014 0.018 0.011 0.007 0.114 0.784 0.011 0.024 
206 HI_SS0241    (0)    4 :  0.010 0.002 0.022 0.808 0.010 0.008 0.007 0.073 0.013 0.046 
207 HI_SS0242    (0)    4 :  0.016 0.003 0.041 0.018 0.022 0.075 0.035 0.160 0.618 0.012 
208 HI_SS0247    (0)    4 :  0.019 0.016 0.011 0.913 0.006 0.005 0.011 0.004 0.007 0.008 
209 HI_SS0248    (1)    4 :  0.036 0.001 0.557 0.005 0.023 0.034 0.011 0.007 0.008 0.318 
210 HI_SS0252    (2)    4 :  0.012 0.002 0.013 0.025 0.006 0.518 0.317 0.052 0.031 0.024 
211 HI_SS0254    (0)    4 :  0.021 0.106 0.233 0.012 0.035 0.008 0.014 0.364 0.009 0.198 
212 HI_SS0256    (0)    4 :  0.003 0.001 0.002 0.850 0.015 0.004 0.089 0.021 0.006 0.009 
213 HI_SS0257    (0)    4 :  0.012 0.003 0.055 0.115 0.007 0.026 0.042 0.012 0.015 0.713 
214 HI_SS0258    (1)    4 :  0.013 0.006 0.626 0.031 0.019 0.037 0.021 0.072 0.017 0.157 
215 HI_SS0259    (1)    4 :  0.023 0.002 0.007 0.888 0.007 0.008 0.009 0.019 0.011 0.027 
216 HI_SS0260    (1)    4 :  0.028 0.002 0.041 0.009 0.030 0.011 0.024 0.007 0.024 0.824 
217 HI_SS0261    (2)    4 :  0.070 0.003 0.068 0.025 0.020 0.146 0.171 0.103 0.012 0.381 
218 HI_SS0262    (0)    4 :  0.033 0.007 0.012 0.042 0.014 0.024 0.071 0.502 0.280 0.014 
219 HI_SS0264    (0)    4 :  0.035 0.003 0.078 0.057 0.071 0.027 0.671 0.036 0.009 0.014 
220 HI_SS0265    (0)    4 :  0.023 0.105 0.022 0.560 0.035 0.045 0.049 0.100 0.039 0.020 
221 HI_SS0268    (1)    4 :  0.434 0.003 0.156 0.064 0.185 0.007 0.017 0.117 0.009 0.009 
222 HI_SS0269    (0)    4 :  0.263 0.002 0.239 0.012 0.003 0.298 0.009 0.140 0.007 0.027 
223 HI_SS0273    (0)    4 :  0.021 0.002 0.812 0.011 0.039 0.011 0.026 0.018 0.041 0.020 
224 HI_SS0277    (1)    4 :  0.447 0.003 0.009 0.008 0.013 0.128 0.267 0.101 0.013 0.011 
225 HI_SS0280    (0)    4 :  0.063 0.007 0.094 0.013 0.037 0.168 0.449 0.016 0.118 0.036 
226 HI_SS0282    (1)    4 :  0.055 0.002 0.025 0.007 0.004 0.027 0.087 0.010 0.529 0.255 
227 HI_SS0286    (1)    4 :  0.103 0.007 0.029 0.111 0.046 0.043 0.090 0.107 0.383 0.080 
228 NS_SS1252    (3)    5 :  0.010 0.004 0.013 0.003 0.013 0.866 0.006 0.011 0.024 0.052 
229 NS_SS1261    (1)    5 :  0.170 0.019 0.019 0.014 0.120 0.290 0.015 0.220 0.018 0.114 
230 NS_SS1225   (10)    5 :  0.061 0.075 0.014 0.313 0.006 0.008 0.032 0.013 0.011 0.467 
231 NS_SS1266    (1)    5 :  0.013 0.007 0.006 0.245 0.012 0.010 0.627 0.046 0.025 0.009 
232 NS_SS1228    (0)    5 :  0.031 0.016 0.036 0.024 0.174 0.010 0.012 0.363 0.273 0.061 
233 NS_SS1255    (3)    5 :  0.082 0.001 0.081 0.195 0.045 0.194 0.028 0.023 0.282 0.069 
234 NS_SS1267    (3)    5 :  0.120 0.020 0.288 0.004 0.011 0.022 0.008 0.046 0.379 0.101 
235 NS_SS1238    (6)    5 :  0.643 0.002 0.230 0.017 0.011 0.052 0.013 0.008 0.016 0.009 
236 NS_SS1233    (8)    5 :  0.021 0.002 0.085 0.051 0.690 0.038 0.064 0.006 0.028 0.014 
237 NS_SS1277    (3)    5 :  0.008 0.001 0.898 0.009 0.012 0.007 0.005 0.037 0.015 0.008 
238 NS_SS1245    (1)    5 :  0.019 0.002 0.031 0.011 0.030 0.849 0.013 0.009 0.014 0.023 
239 NS_SS1240    (4)    5 :  0.015 0.002 0.331 0.006 0.007 0.562 0.034 0.025 0.006 0.012 
240 NS_SS1275    (2)    5 :  0.036 0.003 0.004 0.758 0.041 0.061 0.024 0.045 0.013 0.015 
241 NS_SS1235    (1)    5 :  0.065 0.007 0.017 0.673 0.004 0.014 0.011 0.109 0.013 0.088 
242 NS_SS1263    (1)    5 :  0.062 0.002 0.009 0.322 0.361 0.075 0.013 0.011 0.009 0.137 
243 NS_SS1251    (2)    5 :  0.026 0.002 0.013 0.056 0.064 0.067 0.719 0.021 0.008 0.024 
244 NS_SS1248    (0)    5 :  0.036 0.085 0.032 0.020 0.591 0.014 0.008 0.006 0.203 0.007 
245 NS_SS1244    (0)    5 :  0.829 0.003 0.091 0.015 0.005 0.005 0.022 0.012 0.008 0.010 
246 NS_SS1257    (1)    5 :  0.027 0.027 0.117 0.006 0.008 0.042 0.063 0.113 0.580 0.017 
247 NS_SS1242    (2)    5 :  0.021 0.003 0.024 0.353 0.234 0.114 0.104 0.024 0.050 0.073 
248 NS_SS1271    (6)    5 :  0.008 0.035 0.764 0.004 0.074 0.021 0.013 0.014 0.013 0.054 
249 NS_SS1265    (1)    5 :  0.011 0.012 0.017 0.014 0.044 0.794 0.005 0.007 0.085 0.011 
250 NS_SS1243    (0)    5 :  0.005 0.089 0.014 0.019 0.016 0.620 0.024 0.012 0.180 0.021 
251 NS_SS1273    (1)    5 :  0.011 0.008 0.005 0.005 0.933 0.004 0.007 0.010 0.012 0.003 
252 NS_SS1254   (14)    5 :  0.015 0.007 0.010 0.019 0.423 0.134 0.328 0.016 0.011 0.037 
253 NS_SS1224    (1)    5 :  0.007 0.008 0.005 0.176 0.039 0.159 0.389 0.148 0.038 0.032 
254 NS_SS1227    (8)    5 :  0.009 0.002 0.018 0.006 0.018 0.005 0.007 0.066 0.006 0.864 
255 NS_SS1274    (9)    5 :  0.666 0.016 0.046 0.075 0.041 0.006 0.018 0.008 0.015 0.109 
256 NS_SS1241    (1)    5 :  0.032 0.001 0.839 0.055 0.009 0.005 0.015 0.012 0.012 0.019 
257 NS_SS1256    (3)    5 :  0.012 0.041 0.221 0.047 0.017 0.019 0.619 0.006 0.007 0.011 
258 NS_SS1260    (8)    5 :  0.290 0.071 0.010 0.018 0.012 0.013 0.023 0.232 0.034 0.296 
259 NS_SS1262    (0)    5 :  0.060 0.158 0.029 0.040 0.007 0.027 0.458 0.097 0.059 0.066 
260 NS_SS1230    (0)    5 :  0.013 0.012 0.620 0.026 0.107 0.084 0.016 0.031 0.069 0.023 
261 NS_SS1270    (2)    5 :  0.008 0.003 0.008 0.059 0.009 0.023 0.011 0.011 0.820 0.050 
262 NS_SS1229    (2)    5 :  0.057 0.004 0.007 0.039 0.008 0.240 0.022 0.291 0.005 0.327 
263 NS_SS1246    (5)    5 :  0.866 0.002 0.040 0.018 0.013 0.011 0.006 0.008 0.009 0.026 
264 NS_SS1269    (0)    5 :  0.022 0.002 0.058 0.028 0.019 0.038 0.032 0.754 0.034 0.012 
265 NS_SS1239    (1)    5 :  0.006 0.004 0.008 0.012 0.009 0.014 0.012 0.357 0.320 0.257 
266 NS_SS1272    (5)    5 :  0.010 0.008 0.015 0.042 0.028 0.243 0.047 0.436 0.088 0.084 
267 NS_SS1268    (1)    5 :  0.005 0.002 0.009 0.018 0.011 0.006 0.016 0.016 0.811 0.107 
268 NS_SS1249    (1)    5 :  0.022 0.013 0.409 0.082 0.013 0.257 0.017 0.016 0.138 0.033 
269 HI_SS0559    (0)    6 :  0.005 0.002 0.011 0.013 0.009 0.004 0.011 0.006 0.017 0.923 
270 HI_SS0563    (1)    6 :  0.007 0.002 0.029 0.004 0.014 0.012 0.901 0.017 0.008 0.006 
271 HI_SS0564    (0)    6 :  0.157 0.052 0.007 0.009 0.015 0.016 0.543 0.107 0.075 0.019 
272 HI_SS0565    (0)    6 :  0.029 0.005 0.025 0.197 0.075 0.113 0.029 0.221 0.008 0.299 
273 HI_SS0569    (1)    6 :  0.106 0.002 0.090 0.007 0.011 0.165 0.145 0.010 0.010 0.454 
274 HI_SS0570    (0)    6 :  0.010 0.055 0.707 0.008 0.130 0.014 0.008 0.037 0.015 0.016 
275 HI_SS0572    (1)    6 :  0.006 0.003 0.003 0.440 0.004 0.017 0.019 0.042 0.009 0.458 
276 HI_SS0576    (1)    6 :  0.028 0.007 0.013 0.004 0.544 0.008 0.011 0.113 0.138 0.134 
277 HI_SS0579    (1)    6 :  0.025 0.013 0.028 0.055 0.003 0.023 0.110 0.014 0.025 0.705 
278 HI_SS0580    (1)    6 :  0.008 0.005 0.033 0.087 0.179 0.197 0.030 0.046 0.282 0.133 
279 HI_SS0581    (0)    6 :  0.020 0.076 0.007 0.046 0.071 0.145 0.020 0.276 0.328 0.011 
280 HI_SS0583    (1)    6 :  0.006 0.003 0.029 0.007 0.245 0.333 0.075 0.018 0.008 0.276 
281 HI_SS0586    (1)    6 :  0.009 0.001 0.729 0.005 0.132 0.007 0.021 0.013 0.014 0.069 
282 HI_SS0588    (1)    6 :  0.007 0.022 0.331 0.011 0.019 0.170 0.056 0.076 0.067 0.241 
283 HI_SS0595    (4)    6 :  0.225 0.023 0.279 0.018 0.074 0.011 0.048 0.272 0.030 0.018 
284 HI_SS0596    (0)    6 :  0.008 0.002 0.014 0.547 0.160 0.009 0.008 0.037 0.024 0.191 
285 HI_SS0597    (1)    6 :  0.009 0.003 0.012 0.016 0.011 0.896 0.024 0.016 0.006 0.007 
286 HI_SS0600    (0)    6 :  0.009 0.003 0.034 0.009 0.006 0.010 0.048 0.867 0.008 0.006 
287 HI_SS0601    (1)    6 :  0.276 0.012 0.012 0.103 0.016 0.005 0.014 0.015 0.026 0.522 
288 HI_SS0602    (1)    6 :  0.007 0.003 0.005 0.008 0.012 0.008 0.016 0.038 0.034 0.870 
289 HI_SS0604    (0)    6 :  0.012 0.002 0.007 0.028 0.017 0.699 0.160 0.007 0.020 0.047 
290 HI_SS0605    (1)    6 :  0.005 0.004 0.006 0.005 0.004 0.006 0.012 0.014 0.938 0.005 
291 HI_SS0608    (0)    6 :  0.154 0.001 0.220 0.028 0.458 0.015 0.015 0.074 0.015 0.021 
292 HI_SS0609    (0)    6 :  0.007 0.001 0.112 0.069 0.113 0.313 0.156 0.140 0.052 0.037 
293 HI_SS0611    (5)    6 :  0.009 0.003 0.015 0.007 0.006 0.027 0.003 0.005 0.910 0.015 
294 HI_SS0612    (0)    6 :  0.010 0.006 0.036 0.033 0.006 0.010 0.568 0.072 0.006 0.253 
295 HI_SS0613    (1)    6 :  0.007 0.001 0.006 0.011 0.017 0.015 0.006 0.007 0.923 0.006 
296 HI_SS0615    (1)    6 :  0.016 0.011 0.010 0.008 0.037 0.011 0.011 0.865 0.019 0.012 
297 HI_SS0001    (1)    6 :  0.049 0.006 0.211 0.355 0.048 0.192 0.039 0.068 0.024 0.008 
298 HI_SS0002    (1)    6 :  0.025 0.035 0.015 0.081 0.023 0.194 0.283 0.226 0.011 0.107 
299 HI_SS0004    (0)    6 :  0.010 0.006 0.156 0.478 0.038 0.070 0.032 0.027 0.025 0.158 
300 HI_SS0005    (1)    6 :  0.061 0.008 0.131 0.006 0.420 0.016 0.057 0.232 0.048 0.022 
301 HI_SS0006    (1)    6 :  0.006 0.002 0.017 0.014 0.006 0.888 0.024 0.018 0.009 0.015 
302 HI_SS0007    (1)    6 :  0.020 0.002 0.249 0.008 0.012 0.008 0.008 0.004 0.678 0.012 
303 HI_SS0008    (0)    6 :  0.044 0.037 0.028 0.011 0.012 0.014 0.021 0.446 0.087 0.301 
304 HI_SS0009    (0)    6 :  0.042 0.004 0.040 0.713 0.016 0.016 0.018 0.068 0.050 0.032 
305 HI_SS0010    (1)    6 :  0.730 0.004 0.064 0.011 0.117 0.006 0.010 0.015 0.017 0.026 
306 HI_SS0011    (1)    6 :  0.037 0.095 0.032 0.012 0.077 0.019 0.673 0.006 0.015 0.033 
307 HI_SS0012    (0)    6 :  0.177 0.006 0.004 0.010 0.013 0.012 0.031 0.710 0.015 0.022 
308 HI_SS0017    (1)    6 :  0.012 0.003 0.087 0.719 0.085 0.018 0.038 0.011 0.013 0.013 
309 HI_SS0021    (1)    6 :  0.009 0.244 0.170 0.157 0.053 0.197 0.020 0.062 0.040 0.048 
310 HI_SS0024    (1)    6 :  0.044 0.003 0.033 0.032 0.673 0.055 0.023 0.088 0.029 0.019 
311 HI_SS0025    (1)    6 :  0.004 0.004 0.009 0.387 0.110 0.331 0.014 0.081 0.033 0.026 
312 HI_SS0027    (0)    6 :  0.032 0.010 0.170 0.006 0.007 0.011 0.020 0.015 0.122 0.607 
313 HI_SS0028    (0)    6 :  0.024 0.002 0.011 0.066 0.803 0.010 0.014 0.020 0.013 0.038 
314 HI_SS0029    (1)    6 :  0.011 0.005 0.007 0.003 0.928 0.015 0.009 0.010 0.005 0.006 
315 HI_SS0030    (2)    6 :  0.345 0.005 0.020 0.048 0.014 0.017 0.015 0.040 0.038 0.458 
316 HI_SS0031    (0)    6 :  0.025 0.003 0.038 0.004 0.093 0.011 0.208 0.566 0.006 0.047 
317 HI_SS0034    (0)    6 :  0.042 0.007 0.189 0.011 0.009 0.489 0.138 0.011 0.062 0.042 
318 HI_SS0036    (0)    6 :  0.837 0.010 0.058 0.009 0.027 0.007 0.006 0.027 0.010 0.009 
319 HI_SS0037    (1)    6 :  0.267 0.004 0.112 0.293 0.013 0.072 0.006 0.013 0.207 0.012 
320 HI_SS0039    (0)    6 :  0.019 0.003 0.152 0.005 0.662 0.011 0.024 0.012 0.052 0.061 
321 HI_SS0041    (1)    6 :  0.071 0.002 0.006 0.177 0.044 0.127 0.010 0.136 0.398 0.028 
322 HI_SS0042    (1)    6 :  0.045 0.133 0.007 0.058 0.143 0.049 0.022 0.289 0.240 0.013 
323 HI_SS0043    (1)    6 :  0.900 0.002 0.025 0.005 0.009 0.020 0.003 0.018 0.009 0.007 
324 HI_SS0044    (1)    6 :  0.010 0.003 0.055 0.028 0.830 0.007 0.014 0.027 0.011 0.016 
325 HI_SS0047    (1)    6 :  0.025 0.002 0.007 0.009 0.004 0.845 0.021 0.018 0.051 0.019 
326 HI_SS0049    (1)    6 :  0.008 0.003 0.027 0.800 0.013 0.014 0.005 0.010 0.050 0.070 
327 HI_SS0051    (1)    6 :  0.009 0.002 0.007 0.011 0.011 0.075 0.065 0.029 0.782 0.008 
328 HI_SS0053    (1)    6 :  0.050 0.004 0.024 0.006 0.012 0.014 0.005 0.018 0.007 0.861 
329 HI_SS0054    (4)    6 :  0.043 0.004 0.807 0.023 0.008 0.040 0.009 0.006 0.007 0.053 
330 HI_SS0057    (0)    6 :  0.290 0.003 0.045 0.044 0.061 0.457 0.023 0.036 0.019 0.024 
331 HI_SS0058    (0)    6 :  0.019 0.007 0.027 0.668 0.016 0.023 0.038 0.025 0.147 0.029 
332 HI_SS0060    (0)    6 :  0.715 0.069 0.040 0.011 0.006 0.006 0.018 0.097 0.009 0.028 
333 HI_SS0087    (1)    6 :  0.024 0.004 0.044 0.072 0.010 0.232 0.056 0.068 0.294 0.196 
334 HI_SS0091    (1)    6 :  0.055 0.001 0.048 0.012 0.006 0.367 0.079 0.168 0.058 0.206 
335 HI_SS0095    (1)    6 :  0.050 0.060 0.006 0.013 0.004 0.021 0.274 0.203 0.023 0.345 
336 HI_SS0097    (3)    6 :  0.761 0.005 0.013 0.013 0.009 0.034 0.078 0.011 0.017 0.058 
337 HI_SS0099    (1)    6 :  0.005 0.005 0.013 0.016 0.683 0.022 0.022 0.210 0.008 0.016 
338 HI_SS0103    (0)    6 :  0.101 0.003 0.009 0.060 0.010 0.100 0.056 0.627 0.014 0.020 
339 HI_SS0105    (1)    6 :  0.217 0.027 0.015 0.014 0.004 0.007 0.626 0.049 0.007 0.034 
340 HI_SS0107    (1)    6 :  0.007 0.001 0.007 0.850 0.012 0.019 0.011 0.008 0.010 0.076 
341 HI_SS0108    (1)    6 :  0.034 0.028 0.615 0.003 0.004 0.160 0.017 0.009 0.109 0.021 
342 HI_SS0110    (0)    6 :  0.449 0.001 0.027 0.009 0.012 0.116 0.038 0.287 0.012 0.050 
343 HI_SS0111    (1)    6 :  0.052 0.028 0.010 0.200 0.026 0.049 0.028 0.518 0.070 0.018 
344 HI_SS0112    (0)    6 :  0.037 0.001 0.906 0.005 0.006 0.008 0.007 0.012 0.008 0.009 
345 HI_SS0113    (1)    6 :  0.008 0.003 0.010 0.038 0.031 0.817 0.056 0.017 0.009 0.010 
346 HI_SS0114    (1)    6 :  0.019 0.008 0.061 0.009 0.035 0.052 0.514 0.049 0.013 0.240 
347 HI_SS0115    (1)    6 :  0.027 0.018 0.059 0.153 0.014 0.016 0.094 0.080 0.013 0.526 
348 HI_SS0116    (4)    6 :  0.026 0.004 0.268 0.011 0.185 0.410 0.009 0.042 0.007 0.039 
349 HI_SS0117    (0)    6 :  0.073 0.002 0.344 0.039 0.012 0.045 0.410 0.019 0.034 0.020 
350 HI_SS0118    (0)    6 :  0.013 0.013 0.040 0.040 0.119 0.619 0.106 0.013 0.013 0.023 
351 HI_SS0119    (1)    6 :  0.876 0.002 0.008 0.006 0.012 0.024 0.031 0.026 0.009 0.008 
352 HI_SS0120    (1)    6 :  0.037 0.003 0.007 0.900 0.006 0.019 0.005 0.012 0.005 0.006 
353 HI_SS0121    (0)    6 :  0.031 0.002 0.003 0.083 0.699 0.037 0.047 0.045 0.041 0.013 
354 HI_SS0122    (2)    6 :  0.066 0.026 0.022 0.196 0.035 0.011 0.011 0.183 0.433 0.017 
355 HI_SS0123    (0)    6 :  0.011 0.003 0.004 0.009 0.007 0.020 0.836 0.035 0.028 0.047 
356 HI_SS0124    (1)    6 :  0.007 0.004 0.024 0.770 0.108 0.007 0.007 0.013 0.050 0.010 
357 HI_SS0125    (1)    6 :  0.007 0.024 0.005 0.006 0.022 0.005 0.022 0.894 0.008 0.007 
358 HI_SS0126    (0)    6 :  0.007 0.001 0.838 0.005 0.084 0.021 0.011 0.015 0.006 0.011 
359 HI_SS0127    (0)    6 :  0.025 0.010 0.011 0.010 0.107 0.007 0.011 0.012 0.393 0.414 
360 HI_SS0128    (0)    6 :  0.009 0.002 0.171 0.015 0.105 0.027 0.021 0.571 0.008 0.070 
361 HI_SS0129    (1)    6 :  0.010 0.006 0.014 0.009 0.009 0.018 0.005 0.016 0.897 0.015 
362 HI_SS0131    (2)    6 :  0.007 0.034 0.838 0.056 0.008 0.007 0.021 0.011 0.010 0.008 
363 HI_SS0132    (0)    6 :  0.012 0.001 0.066 0.007 0.418 0.018 0.445 0.015 0.009 0.008 
364 HI_SS0133    (1)    6 :  0.009 0.001 0.958 0.002 0.004 0.007 0.004 0.003 0.005 0.007 
365 HI_SS0134    (1)    6 :  0.007 0.002 0.120 0.015 0.006 0.024 0.746 0.009 0.019 0.051 
366 HI_SS0142    (3)    6 :  0.018 0.012 0.004 0.005 0.007 0.007 0.908 0.008 0.004 0.027 
367 HI_SS0145    (0)    6 :  0.038 0.002 0.069 0.143 0.011 0.030 0.103 0.034 0.031 0.541 
368 HI_SS0146    (1)    6 :  0.023 0.001 0.894 0.009 0.020 0.006 0.014 0.014 0.009 0.011 
369 HI_SS0147    (1)    6 :  0.016 0.024 0.003 0.020 0.011 0.029 0.025 0.025 0.829 0.018 
370 HI_SS0149    (1)    6 :  0.683 0.005 0.028 0.019 0.147 0.004 0.053 0.009 0.034 0.017 
371 HI_SS0150    (2)    6 :  0.286 0.006 0.019 0.103 0.181 0.015 0.053 0.286 0.022 0.029 
372 HI_SS0151    (0)    6 :  0.117 0.014 0.017 0.023 0.003 0.112 0.021 0.186 0.285 0.221 
373 NS_SS1451    (1)    6 :  0.020 0.004 0.017 0.350 0.126 0.007 0.158 0.283 0.023 0.013 
374 NS_SS1404    (0)    6 :  0.007 0.006 0.007 0.024 0.044 0.007 0.017 0.012 0.865 0.011 
375 NS_SS1432    (2)    6 :  0.006 0.047 0.004 0.010 0.748 0.017 0.017 0.129 0.019 0.004 
376 NS_SS1405    (5)    6 :  0.050 0.003 0.090 0.074 0.190 0.286 0.088 0.138 0.064 0.017 
377 NS_SS1431   (10)    6 :  0.030 0.001 0.006 0.025 0.807 0.053 0.028 0.024 0.010 0.017 
378 NS_SS1402    (3)    6 :  0.109 0.003 0.017 0.232 0.025 0.047 0.062 0.402 0.055 0.049 
379 NS_SS1450    (3)    6 :  0.595 0.003 0.040 0.017 0.028 0.017 0.040 0.020 0.112 0.127 
380 NS_SS1396    (0)    6 :  0.585 0.006 0.011 0.010 0.018 0.037 0.022 0.110 0.172 0.028 
381 NS_SS1393    (5)    6 :  0.386 0.004 0.013 0.010 0.040 0.035 0.034 0.058 0.110 0.309 
382 NS_SS1392   (10)    6 :  0.009 0.017 0.020 0.030 0.015 0.018 0.089 0.694 0.094 0.014 
383 NS_SS1445    (0)    6 :  0.010 0.008 0.007 0.011 0.007 0.010 0.016 0.009 0.080 0.841 
384 NS_SS1423    (0)    6 :  0.091 0.002 0.091 0.010 0.074 0.008 0.024 0.028 0.006 0.667 
385 NS_SS1421    (9)    6 :  0.877 0.051 0.009 0.006 0.011 0.004 0.006 0.007 0.021 0.009 
386 NS_SS1411    (6)    6 :  0.026 0.002 0.086 0.006 0.055 0.719 0.009 0.023 0.048 0.025 
387 NS_SS1453    (6)    6 :  0.838 0.006 0.009 0.023 0.011 0.014 0.023 0.010 0.054 0.013 
388 NS_SS1442    (3)    6 :  0.008 0.004 0.019 0.021 0.124 0.736 0.015 0.034 0.009 0.031 
389 NS_SS1422    (1)    6 :  0.226 0.013 0.027 0.264 0.019 0.030 0.112 0.085 0.011 0.213 
390 NS_SS1419    (1)    6 :  0.054 0.168 0.011 0.112 0.505 0.009 0.016 0.007 0.099 0.019 
391 NS_SS1427    (0)    6 :  0.007 0.002 0.891 0.025 0.008 0.020 0.005 0.019 0.008 0.016 
392 NS_SS1444    (4)    6 :  0.010 0.004 0.008 0.521 0.170 0.018 0.014 0.011 0.179 0.065 
393 NS_SS1455    (0)    6 :  0.010 0.001 0.014 0.017 0.130 0.625 0.129 0.014 0.011 0.050 
394 NS_SS1425    (2)    6 :  0.341 0.001 0.580 0.006 0.004 0.024 0.011 0.012 0.008 0.012 
395 NS_SS1400    (0)    6 :  0.004 0.002 0.512 0.009 0.019 0.341 0.018 0.006 0.014 0.074 
396 NS_SS1406    (2)    6 :  0.379 0.011 0.005 0.024 0.081 0.023 0.361 0.028 0.011 0.078 
397 NS_SS1417    (6)    6 :  0.027 0.007 0.026 0.785 0.014 0.091 0.018 0.012 0.013 0.005 
398 NS_SS1454    (3)    6 :  0.026 0.002 0.290 0.053 0.451 0.016 0.107 0.023 0.019 0.014 
399 NS_SS1412    (1)    6 :  0.011 0.023 0.026 0.031 0.125 0.035 0.017 0.061 0.378 0.292 
400 NS_SS1438    (1)    6 :  0.022 0.002 0.046 0.039 0.006 0.734 0.010 0.026 0.069 0.046 
401 NS_SS1416    (4)    6 :  0.039 0.006 0.005 0.009 0.050 0.038 0.712 0.010 0.109 0.023 
