   NS_SS0963  1 0.0352 0.0102 0.0056 0.0140 0.0049 0.0142 0.0773 0.8386 
   NS_SS0983  1 0.0057 0.1038 0.0041 0.1539 0.0039 0.5435 0.1747 0.0103 
   NS_SS0719  1 0.0095 0.0176 0.0059 0.5017 0.0345 0.0210 0.0484 0.3614 
   NS_SS1001  1 0.0063 0.0411 0.0058 0.0078 0.8523 0.0351 0.0437 0.0079 
   NS_SS0936  1 0.4977 0.0219 0.0026 0.0892 0.1110 0.0747 0.0648 0.1381 
   NS_SS0955  1 0.0564 0.0541 0.0031 0.7207 0.0322 0.0186 0.0386 0.0762 
   NS_SS0944  1 0.1944 0.6175 0.0021 0.0154 0.0092 0.0140 0.0723 0.0750 
   NS_SS0945  1 0.0518 0.3419 0.0101 0.0826 0.4168 0.0505 0.0156 0.0306 
   NS_SS0922  1 0.0737 0.0067 0.0307 0.3558 0.0502 0.0104 0.0255 0.4471 
   NS_SS0929  1 0.2231 0.0637 0.0034 0.1140 0.1368 0.0808 0.3144 0.0638 
   NS_SS0956  1 0.0115 0.0184 0.0040 0.0385 0.8630 0.0278 0.0200 0.0169 
   NS_SS0906  1 0.3536 0.0139 0.0043 0.0421 0.0114 0.2947 0.2381 0.0419 
   NS_SS0721  1 0.0045 0.0064 0.0054 0.5735 0.0167 0.1784 0.1059 0.1092 
   NS_SS0982  1 0.3017 0.0058 0.0223 0.0929 0.0536 0.0341 0.3385 0.1512 
   NS_SS0923  1 0.1179 0.0119 0.0047 0.1123 0.3926 0.0615 0.1448 0.1543 
   NS_SS0905  1 0.0176 0.0177 0.0019 0.0687 0.0383 0.2170 0.6280 0.0107 
   NS_SS0925  1 0.3830 0.0058 0.0041 0.0183 0.0725 0.2687 0.2220 0.0256 
   NS_SS0947  1 0.8239 0.0140 0.0051 0.0230 0.0702 0.0093 0.0201 0.0344 
   NS_SS0926  1 0.0101 0.5623 0.0013 0.0296 0.0351 0.0100 0.2182 0.1334 
   NS_SS0918  1 0.0512 0.0146 0.0027 0.0090 0.1816 0.6850 0.0181 0.0379 
   NS_SS0966  1 0.7478 0.0699 0.0483 0.0170 0.0140 0.0409 0.0206 0.0415 
   NS_SS0938  1 0.1185 0.0297 0.0019 0.0684 0.1694 0.1061 0.0123 0.4937 
   NS_SS0917  1 0.0103 0.0098 0.0357 0.7678 0.1228 0.0097 0.0330 0.0110 
   NS_SS0957  1 0.0063 0.0102 0.0060 0.0075 0.9341 0.0122 0.0128 0.0109 
   NS_SS0987  1 0.0884 0.0188 0.2428 0.0194 0.4771 0.0608 0.0349 0.0579 
   NS_SS0717  1 0.3333 0.0147 0.0026 0.1259 0.3611 0.0525 0.0976 0.0124 
   NS_SS0986  1 0.0293 0.0175 0.0042 0.6196 0.1366 0.0171 0.1124 0.0633 
   NS_SS0953  1 0.8860 0.0092 0.0163 0.0076 0.0145 0.0504 0.0104 0.0056 
   NS_SS0907  1 0.3004 0.0112 0.0387 0.4083 0.0122 0.0251 0.1881 0.0161 
   NS_SS0974  1 0.1035 0.4649 0.0045 0.0434 0.0450 0.1775 0.1119 0.0493 
   NS_SS0989  1 0.0464 0.2191 0.0013 0.0840 0.0113 0.2312 0.0231 0.3836 
   NS_SS0991  1 0.0148 0.0557 0.0020 0.0284 0.0095 0.0269 0.8572 0.0056 
   NS_SS0994  1 0.0211 0.6616 0.0027 0.1764 0.0164 0.0199 0.0784 0.0236 
   NS_SS0931  1 0.0080 0.7702 0.0156 0.0098 0.0808 0.0096 0.0336 0.0724 
   NS_SS1000  1 0.4388 0.0192 0.0033 0.0140 0.4207 0.0065 0.0882 0.0091 
   NS_SS0919  1 0.0463 0.0225 0.0030 0.0487 0.0533 0.0083 0.6074 0.2104 
   NS_SS0949  1 0.0148 0.8907 0.0020 0.0287 0.0088 0.0211 0.0202 0.0137 
   NS_SS0960  1 0.0297 0.1426 0.0074 0.6038 0.0402 0.0482 0.0795 0.0487 
   NS_SS0716  1 0.0036 0.0031 0.0055 0.0044 0.9722 0.0035 0.0049 0.0028 
   NS_SS0924  1 0.0212 0.0924 0.0209 0.3359 0.0872 0.0430 0.2497 0.1496 
   NS_SS0935  1 0.0221 0.0226 0.0066 0.0107 0.0056 0.0100 0.9148 0.0076 
   NS_SS0952  1 0.1519 0.3830 0.0515 0.0790 0.0321 0.0149 0.2329 0.0547 
   NS_SS0962  1 0.0509 0.0092 0.0073 0.0226 0.0942 0.0372 0.0124 0.7663 
   NS_SS0973  1 0.0569 0.0097 0.0042 0.0521 0.0112 0.4106 0.4428 0.0125 
   NS_SS0722  1 0.1135 0.0055 0.0032 0.0174 0.8039 0.0134 0.0333 0.0097 
   NS_SS0979  1 0.0459 0.0064 0.0026 0.0403 0.2173 0.1240 0.2455 0.3181 
   NS_SS0993  1 0.0297 0.0091 0.0169 0.0061 0.0149 0.8943 0.0172 0.0118 
   NS_SS0958  1 0.0466 0.7007 0.0039 0.0659 0.1153 0.0127 0.0282 0.0266 
   NS_SS0988  1 0.1729 0.0207 0.0067 0.0664 0.0828 0.1515 0.3170 0.1820 
   NS_SS1003  1 0.0120 0.0073 0.0088 0.0054 0.0121 0.0117 0.0133 0.9293 
   NS_SS0976  1 0.0450 0.1594 0.0028 0.0198 0.0083 0.0554 0.0728 0.6365 
   NS_SS0964  1 0.0247 0.0128 0.0026 0.0168 0.8974 0.0084 0.0273 0.0100 
   NS_SS0939  1 0.0036 0.0053 0.0041 0.0050 0.9507 0.0081 0.0040 0.0192 
   NS_SS0990  1 0.0722 0.0285 0.0036 0.1057 0.1112 0.3313 0.0350 0.3125 
   NS_SS0984  1 0.0265 0.0063 0.0020 0.0292 0.5337 0.0152 0.0287 0.3584 
   NS_SS0980  1 0.4815 0.0140 0.0023 0.0164 0.0191 0.1925 0.2110 0.0632 
   NS_SS0978  1 0.0450 0.0092 0.0035 0.0294 0.0238 0.0089 0.8221 0.0580 
   NS_SS0951  1 0.0300 0.0600 0.0033 0.1443 0.0283 0.5260 0.1708 0.0371 
   NS_SS0913  1 0.0218 0.0171 0.0355 0.2547 0.0841 0.5663 0.0095 0.0111 
   NS_SS1002  1 0.1570 0.0043 0.0361 0.0151 0.0121 0.0103 0.0129 0.7523 
   NS_SS0948  1 0.1158 0.0497 0.0663 0.1233 0.0311 0.4171 0.1081 0.0885 
   NS_SS0916  1 0.0084 0.0199 0.0050 0.0866 0.0258 0.7061 0.0276 0.1206 
   NS_SS0995  1 0.0071 0.0042 0.0037 0.0204 0.0097 0.9352 0.0107 0.0089 
   NS_SS0927  1 0.0140 0.0157 0.0042 0.7498 0.0170 0.0177 0.1409 0.0407 
   NS_SS0992  1 0.0812 0.0299 0.0031 0.6188 0.0104 0.1424 0.0293 0.0849 
   NS_SS0912  1 0.0086 0.0513 0.0022 0.0769 0.0087 0.3678 0.4560 0.0285 
   NS_SS0981  1 0.0154 0.0090 0.0031 0.0132 0.1094 0.0175 0.5006 0.3319 
   NS_SS0729  2 0.2019 0.3792 0.0053 0.1003 0.0047 0.0115 0.2823 0.0147 
   NS_SS0967  2 0.2047 0.0332 0.0131 0.0505 0.2695 0.0095 0.3112 0.1083 
   NS_SS0941  2 0.0627 0.0245 0.0895 0.0662 0.1326 0.0981 0.4474 0.0790 
   NS_SS0768  2 0.5997 0.0295 0.0044 0.1441 0.1160 0.0264 0.0490 0.0307 
   NS_SS0726  2 0.0458 0.1289 0.0091 0.0928 0.0087 0.0286 0.0472 0.6390 
   NS_SS0763  2 0.1197 0.1176 0.0024 0.2569 0.1092 0.0116 0.3112 0.0714 
   NS_SS0730  2 0.2557 0.0330 0.0042 0.0913 0.3172 0.0144 0.0165 0.2676 
   NS_SS0774  2 0.0777 0.0040 0.0010 0.0093 0.8760 0.0164 0.0049 0.0109 
   NS_SS0723  2 0.2315 0.0042 0.0022 0.0680 0.0256 0.0169 0.0662 0.5856 
   NS_SS0940  2 0.0107 0.1035 0.0062 0.1093 0.1257 0.1220 0.3115 0.2112 
   NS_SS0762  2 0.5935 0.0184 0.0031 0.0465 0.2395 0.0376 0.0267 0.0347 
   NS_SS0766  2 0.0131 0.0431 0.0120 0.4434 0.3694 0.0221 0.0607 0.0363 
   NS_SS0724  2 0.6431 0.0143 0.0043 0.0081 0.0441 0.0266 0.2324 0.0271 
   NS_SS0769  2 0.2370 0.0127 0.0043 0.5441 0.0836 0.0132 0.0602 0.0448 
   NS_SS0777  2 0.0060 0.0165 0.0077 0.0062 0.0091 0.0063 0.9400 0.0082 
   NS_SS0734  2 0.0159 0.2055 0.0279 0.2149 0.1187 0.0852 0.2617 0.0703 
   NS_SS0737  2 0.2850 0.0168 0.0087 0.0745 0.2643 0.1684 0.0128 0.1695 
   NS_SS0732  2 0.0328 0.0052 0.0041 0.0160 0.0158 0.8889 0.0183 0.0188 
   NS_SS0728  2 0.0430 0.0165 0.0089 0.5664 0.0310 0.0786 0.1992 0.0564 
   NS_SS0735  2 0.5554 0.0257 0.0102 0.0765 0.0431 0.2346 0.0476 0.0070 
   NS_SS0725  2 0.4527 0.1108 0.0101 0.0154 0.0624 0.0233 0.0147 0.3105 
   NS_SS0788  2 0.2328 0.0047 0.0014 0.1333 0.0163 0.0219 0.0198 0.5698 
   NS_SS0778  2 0.0339 0.0128 0.0016 0.0633 0.0454 0.0193 0.3990 0.4247 
   NS_SS0792  2 0.0346 0.0261 0.0049 0.4277 0.0089 0.4411 0.0125 0.0443 
   NS_SS0943  2 0.3215 0.4377 0.0095 0.0512 0.0111 0.0284 0.1197 0.0209 
   NS_SS0791  2 0.0062 0.0263 0.0162 0.3106 0.1124 0.1946 0.0229 0.3109 
   NS_SS0790  2 0.9069 0.0037 0.0032 0.0112 0.0446 0.0147 0.0051 0.0107 
   NS_SS0731  2 0.1627 0.0234 0.0164 0.0371 0.6258 0.0209 0.0869 0.0268 
   NS_SS0727  2 0.0368 0.5776 0.0024 0.1812 0.1260 0.0245 0.0418 0.0096 
   NS_SS0779  2 0.0142 0.0118 0.0046 0.0262 0.0580 0.0640 0.7879 0.0332 
   NS_SS0776  2 0.0953 0.0544 0.0085 0.0112 0.0662 0.0735 0.3554 0.3355 
   NS_SS0775  2 0.0096 0.0049 0.0053 0.0112 0.9491 0.0070 0.0058 0.0073 
   NS_SS0965  3 0.0502 0.0216 0.0017 0.0199 0.0869 0.0133 0.6894 0.1171 
   NS_SS0754  3 0.0178 0.0508 0.0121 0.2541 0.1238 0.0267 0.4943 0.0204 
   NS_SS0838  3 0.0466 0.0570 0.0491 0.1641 0.3960 0.1006 0.1255 0.0611 
   NS_SS0839  3 0.5077 0.0091 0.0041 0.0136 0.1466 0.0457 0.0089 0.2643 
   NS_SS0832  3 0.2939 0.0037 0.0578 0.0497 0.0717 0.0148 0.2936 0.2148 
   NS_SS0820  3 0.0181 0.0041 0.0075 0.0955 0.0204 0.0055 0.0174 0.8315 
   NS_SS0886  3 0.0193 0.0148 0.0020 0.8440 0.0098 0.0236 0.0192 0.0674 
   NS_SS0748  3 0.1221 0.1786 0.0076 0.0188 0.3467 0.0103 0.2828 0.0331 
   NS_SS0884  3 0.2780 0.0469 0.0314 0.0887 0.3261 0.0535 0.0705 0.1048 
   NS_SS0752  3 0.1291 0.0364 0.0024 0.0891 0.3042 0.2723 0.0907 0.0757 
   NS_SS0862  3 0.1470 0.0052 0.0048 0.2875 0.0494 0.1518 0.1317 0.2225 
   NS_SS0787  3 0.0121 0.7586 0.0078 0.0306 0.0864 0.0076 0.0623 0.0346 
   NS_SS0843  3 0.1435 0.0171 0.0023 0.0190 0.0290 0.0182 0.7582 0.0128 
   NS_SS0856  3 0.0177 0.0114 0.0037 0.9061 0.0119 0.0201 0.0133 0.0159 
   NS_SS0846  3 0.4173 0.0310 0.0028 0.0965 0.0088 0.0094 0.3500 0.0842 
   NS_SS0825  3 0.0407 0.0282 0.0124 0.0241 0.0193 0.4625 0.0709 0.3419 
   NS_SS0757  3 0.0170 0.0127 0.0032 0.0312 0.0324 0.4379 0.4371 0.0283 
   NS_SS0876  3 0.3170 0.0295 0.2213 0.3918 0.0076 0.0171 0.0075 0.0083 
   NS_SS0903  3 0.8038 0.0081 0.0027 0.0096 0.1264 0.0332 0.0072 0.0090 
   NS_SS0875  3 0.0275 0.0272 0.0035 0.1483 0.5307 0.0378 0.1406 0.0843 
   NS_SS0740  3 0.0819 0.0100 0.0042 0.0867 0.0219 0.1000 0.6452 0.0501 
   NS_SS0811  3 0.0169 0.0062 0.0105 0.0203 0.7959 0.1178 0.0204 0.0120 
   NS_SS0751  3 0.0127 0.1532 0.0022 0.0189 0.0851 0.0910 0.1656 0.4714 
   NS_SS0891  3 0.7017 0.0144 0.0061 0.0919 0.1154 0.0122 0.0246 0.0337 
   NS_SS0867  3 0.1465 0.0293 0.0281 0.0651 0.0080 0.0381 0.6652 0.0197 
   NS_SS0890  3 0.0852 0.0443 0.0037 0.2077 0.4891 0.0263 0.1162 0.0276 
   NS_SS0866  3 0.0067 0.0992 0.0047 0.6311 0.0197 0.1784 0.0309 0.0293 
   NS_SS0755  3 0.0994 0.0274 0.0076 0.3426 0.1156 0.0198 0.0563 0.3313 
   NS_SS0758  3 0.0559 0.0119 0.0021 0.3632 0.0287 0.0353 0.4678 0.0351 
   NS_SS0840  3 0.2931 0.0072 0.0020 0.0131 0.5967 0.0282 0.0296 0.0301 
   NS_SS0889  3 0.0245 0.4554 0.0025 0.1105 0.0175 0.3340 0.0118 0.0439 
   NS_SS1010  3 0.3428 0.0443 0.0506 0.0386 0.0897 0.0208 0.2016 0.2116 
   NS_SS0888  3 0.0048 0.0932 0.0016 0.8437 0.0119 0.0115 0.0237 0.0096 
   NS_SS0837  3 0.1760 0.0245 0.0036 0.0539 0.0908 0.0508 0.5457 0.0546 
   NS_SS0794  3 0.0101 0.5942 0.0023 0.3278 0.0242 0.0227 0.0121 0.0066 
   NS_SS0823  3 0.3847 0.0112 0.0047 0.0514 0.0148 0.3865 0.0805 0.0663 
   NS_SS0829  3 0.0076 0.0976 0.1021 0.4810 0.0118 0.1246 0.1648 0.0105 
   NS_SS0844  3 0.9464 0.0037 0.0018 0.0118 0.0117 0.0066 0.0069 0.0110 
   NS_SS1008  3 0.0449 0.5259 0.0157 0.0881 0.2023 0.0657 0.0335 0.0238 
   NS_SS0881  3 0.0159 0.0353 0.0028 0.0351 0.0212 0.0316 0.0241 0.8340 
   NS_SS0834  3 0.6494 0.0072 0.0060 0.0176 0.0090 0.0107 0.0138 0.2865 
   NS_SS0744  3 0.0472 0.0120 0.0047 0.8124 0.0115 0.0458 0.0357 0.0307 
   NS_SS0899  3 0.0705 0.0036 0.0012 0.0071 0.0097 0.8920 0.0097 0.0062 
   NS_SS0804  3 0.4116 0.0069 0.0046 0.0465 0.0556 0.1390 0.0482 0.2876 
   NS_SS0781  3 0.5960 0.0049 0.0039 0.0194 0.0462 0.0170 0.0621 0.2505 
   NS_SS0822  3 0.0704 0.5772 0.0030 0.0155 0.0071 0.1766 0.1278 0.0222 
   NS_SS1004  3 0.1087 0.0322 0.0048 0.0266 0.0245 0.0537 0.7330 0.0164 
   NS_SS0746  3 0.0304 0.0502 0.0134 0.0921 0.0333 0.0172 0.7551 0.0083 
   NS_SS0880  3 0.1949 0.0543 0.0018 0.0144 0.0370 0.0210 0.0159 0.6607 
   NS_SS0879  3 0.6518 0.0433 0.0194 0.0841 0.1256 0.0160 0.0326 0.0272 
   NS_SS0753  3 0.0140 0.0226 0.0098 0.0374 0.0229 0.0298 0.8508 0.0127 
   NS_SS1007  3 0.0074 0.0121 0.0019 0.7750 0.0801 0.0327 0.0156 0.0751 
   NS_SS0872  3 0.4964 0.0264 0.0026 0.0876 0.0726 0.0308 0.2340 0.0496 
   NS_SS1005  3 0.4318 0.0110 0.0011 0.0158 0.0274 0.0514 0.4292 0.0324 
   NS_SS0892  3 0.0204 0.0181 0.0017 0.0760 0.0382 0.0125 0.7944 0.0387 
   NS_SS0898  3 0.0099 0.7048 0.0098 0.0162 0.0881 0.1374 0.0124 0.0214 
   NS_SS0801  3 0.1929 0.0082 0.0148 0.0652 0.0227 0.0175 0.4738 0.2049 
   NS_SS0827  3 0.0074 0.0336 0.0969 0.0183 0.5712 0.0077 0.2471 0.0177 
   NS_SS0853  3 0.0074 0.0060 0.0051 0.0121 0.9511 0.0057 0.0085 0.0042 
   NS_SS0780  3 0.1058 0.0056 0.0047 0.0872 0.1293 0.0238 0.3211 0.3224 
   NS_SS0826  3 0.7078 0.1068 0.0040 0.0076 0.0120 0.0093 0.0092 0.1433 
   NS_SS0818  3 0.1146 0.0304 0.0018 0.0731 0.0223 0.1225 0.1596 0.4757 
   NS_SS0745  3 0.0102 0.0091 0.0016 0.0046 0.9281 0.0160 0.0102 0.0202 
   NS_SS0849  3 0.0183 0.0144 0.0017 0.1170 0.0165 0.7690 0.0515 0.0115 
   NS_SS0739  3 0.0073 0.0165 0.0122 0.2843 0.0263 0.5207 0.0079 0.1247 
   NS_SS0799  3 0.0081 0.0491 0.0015 0.0922 0.1297 0.5810 0.1303 0.0082 
   NS_SS0756  3 0.8197 0.0078 0.0032 0.0117 0.0204 0.0396 0.0622 0.0353 
   NS_SS0802  3 0.0111 0.0357 0.1861 0.3460 0.0075 0.0097 0.2915 0.1124 
   NS_SS0747  3 0.2549 0.0049 0.0052 0.1022 0.0279 0.0291 0.4748 0.1009 
   NS_SS0835  3 0.0163 0.0379 0.0013 0.8975 0.0082 0.0046 0.0202 0.0140 
   NS_SS0742  3 0.0229 0.0151 0.0012 0.0730 0.0122 0.7425 0.0271 0.1060 
   NS_SS0760  3 0.0206 0.7864 0.0564 0.0582 0.0129 0.0084 0.0438 0.0133 
   NS_SS0803  3 0.7835 0.0053 0.0087 0.0091 0.0055 0.1712 0.0129 0.0038 
   NS_SS0828  3 0.0229 0.0436 0.0014 0.0747 0.1975 0.1102 0.4791 0.0706 
   NS_SS0865  3 0.0392 0.0267 0.0278 0.0493 0.0479 0.0087 0.0208 0.7795 
   NS_SS0759  3 0.0464 0.0105 0.0048 0.1188 0.0912 0.0583 0.4304 0.2396 
   NS_SS0851  3 0.1272 0.0143 0.0167 0.0810 0.6573 0.0252 0.0081 0.0703 
   NS_SS0874  3 0.9035 0.0063 0.0014 0.0077 0.0291 0.0178 0.0273 0.0070 
   NS_SS0761  3 0.0123 0.0952 0.0026 0.7164 0.0297 0.0512 0.0771 0.0154 
   NS_SS0842  3 0.0312 0.0617 0.0114 0.0854 0.6732 0.1105 0.0115 0.0151 
   NS_SS0785  3 0.1071 0.0477 0.0071 0.1361 0.1070 0.0455 0.5282 0.0214 
   NS_SS0860  3 0.0125 0.0126 0.0027 0.8927 0.0071 0.0310 0.0212 0.0201 
   NS_SS0897  3 0.0098 0.9146 0.0023 0.0273 0.0078 0.0211 0.0091 0.0080 
   NS_SS0841  3 0.0203 0.0265 0.0041 0.0268 0.6405 0.2161 0.0163 0.0494 
   NS_SS0797  3 0.0117 0.1551 0.0261 0.1043 0.0430 0.0094 0.0298 0.6205 
   NS_SS0830  3 0.0796 0.0573 0.0024 0.1147 0.0221 0.0678 0.0460 0.6100 
   NS_SS1011  3 0.0742 0.0036 0.0055 0.0094 0.0079 0.0056 0.0176 0.8762 
   NS_SS0883  3 0.0083 0.0097 0.0061 0.7203 0.0588 0.1578 0.0312 0.0077 
   NS_SS0782  3 0.0250 0.0100 0.0022 0.9299 0.0080 0.0070 0.0081 0.0096 
   NS_SS0831  3 0.0151 0.0215 0.0023 0.8918 0.0077 0.0349 0.0190 0.0077 
   NS_SS0749  3 0.0087 0.0166 0.0036 0.4749 0.0123 0.2480 0.2142 0.0217 
   NS_SS0854  3 0.0472 0.0891 0.0036 0.4805 0.0142 0.2947 0.0292 0.0415 
   HI_SS0193  4 0.0064 0.9455 0.0015 0.0039 0.0071 0.0158 0.0059 0.0138 
   HI_SS0194  4 0.8473 0.0196 0.0019 0.0072 0.0145 0.0064 0.0204 0.0826 
   HI_SS0195  4 0.1255 0.0079 0.0920 0.0139 0.6006 0.0188 0.0156 0.1258 
   HI_SS0196  4 0.0804 0.3820 0.0039 0.1442 0.2440 0.0733 0.0491 0.0231 
   HI_SS0197  4 0.0081 0.0035 0.0091 0.0153 0.0229 0.0112 0.0134 0.9165 
   HI_SS0198  4 0.0385 0.0245 0.0104 0.0865 0.0236 0.7733 0.0162 0.0271 
   HI_SS0199  4 0.0104 0.0182 0.0026 0.6035 0.0262 0.0345 0.2933 0.0112 
   HI_SS0201  4 0.0447 0.8109 0.0024 0.0413 0.0109 0.0129 0.0631 0.0138 
   HI_SS0215  4 0.0118 0.0122 0.0034 0.5687 0.0114 0.0109 0.3751 0.0064 
   HI_SS0218  4 0.0070 0.9098 0.0074 0.0271 0.0169 0.0104 0.0142 0.0071 
   HI_SS0222  4 0.0086 0.0227 0.0041 0.5659 0.3277 0.0102 0.0231 0.0376 
   HI_SS0230  4 0.0356 0.0091 0.0074 0.0542 0.0389 0.0305 0.6719 0.1524 
   HI_SS0234  4 0.5705 0.0521 0.1612 0.0926 0.0140 0.0195 0.0329 0.0572 
   HI_SS0240  4 0.0200 0.0134 0.0094 0.1530 0.6273 0.0097 0.1419 0.0253 
   HI_SS0241  4 0.0669 0.0339 0.0027 0.3167 0.0617 0.0122 0.3114 0.1945 
   HI_SS0242  4 0.0398 0.0205 0.0026 0.8269 0.0182 0.0221 0.0455 0.0244 
   HI_SS0247  4 0.7016 0.0114 0.0178 0.0036 0.0050 0.2308 0.0112 0.0184 
   HI_SS0248  4 0.0154 0.8921 0.0013 0.0250 0.0261 0.0105 0.0228 0.0068 
   HI_SS0252  4 0.0254 0.0128 0.0026 0.0103 0.0090 0.9142 0.0141 0.0116 
   HI_SS0254  4 0.0138 0.0876 0.0895 0.0312 0.0049 0.0429 0.2154 0.5147 
   HI_SS0256  4 0.9608 0.0023 0.0015 0.0033 0.0082 0.0063 0.0093 0.0083 
   HI_SS0257  4 0.3118 0.0364 0.0028 0.2800 0.0046 0.0217 0.3307 0.0119 
   HI_SS0258  4 0.0196 0.6671 0.0043 0.0679 0.0224 0.0148 0.1837 0.0201 
   HI_SS0259  4 0.0289 0.0047 0.0027 0.0119 0.0063 0.0157 0.0115 0.9184 
   HI_SS0260  4 0.0668 0.2696 0.0021 0.1202 0.3780 0.0126 0.1347 0.0160 
   HI_SS0261  4 0.0317 0.0518 0.0030 0.0302 0.0331 0.0060 0.2933 0.5508 
   HI_SS0262  4 0.0562 0.0096 0.0072 0.4403 0.0376 0.0265 0.0145 0.4082 
   HI_SS0264  4 0.3577 0.0089 0.0054 0.0937 0.1008 0.0079 0.2220 0.2038 
   HI_SS0265  4 0.1255 0.0106 0.1154 0.0838 0.0981 0.0122 0.1157 0.4386 
   HI_SS0268  4 0.0329 0.1496 0.0035 0.0779 0.2906 0.0274 0.0433 0.3747 
   HI_SS0269  4 0.0211 0.7237 0.0022 0.0877 0.0090 0.0275 0.0162 0.1127 
   HI_SS0273  4 0.0155 0.8186 0.0019 0.0317 0.0363 0.0184 0.0241 0.0535 
   HI_SS0277  4 0.0107 0.0088 0.0026 0.0194 0.0093 0.0111 0.0086 0.9295 
   HI_SS0280  4 0.0125 0.0189 0.0060 0.1128 0.0550 0.0666 0.0370 0.6913 
   HI_SS0282  4 0.0389 0.1824 0.0015 0.0317 0.0085 0.3869 0.3177 0.0324 
   HI_SS0286  4 0.0242 0.0157 0.0067 0.7844 0.0166 0.0262 0.0523 0.0738 
   NS_SS1252  5 0.0065 0.0413 0.0040 0.6457 0.0066 0.2628 0.0184 0.0147 
   NS_SS1261  5 0.0242 0.0178 0.0215 0.0327 0.0216 0.8169 0.0426 0.0227 
   NS_SS1225  5 0.8688 0.0125 0.0551 0.0106 0.0039 0.0106 0.0265 0.0120 
   NS_SS1266  5 0.8250 0.0045 0.0089 0.0208 0.0136 0.0962 0.0151 0.0157 
   NS_SS1228  5 0.0161 0.0090 0.0118 0.0091 0.0304 0.8671 0.0104 0.0460 
   NS_SS1255  5 0.2786 0.4399 0.0017 0.1013 0.0866 0.0736 0.0078 0.0105 
   NS_SS1267  5 0.0039 0.0592 0.0108 0.8962 0.0090 0.0076 0.0069 0.0065 
   NS_SS1238  5 0.0311 0.6201 0.0028 0.0113 0.0319 0.1231 0.0136 0.1662 
   NS_SS1233  5 0.5652 0.0544 0.0022 0.0085 0.1065 0.0547 0.0237 0.1848 
   NS_SS1277  5 0.0097 0.9250 0.0011 0.0089 0.0223 0.0174 0.0057 0.0099 
   NS_SS1245  5 0.2798 0.1002 0.0017 0.1377 0.0164 0.0352 0.4051 0.0239 
   NS_SS1240  5 0.0179 0.8223 0.0022 0.0268 0.0134 0.0072 0.0974 0.0128 
   NS_SS1275  5 0.0251 0.0033 0.0027 0.0104 0.0131 0.0104 0.0068 0.9282 
   NS_SS1235  5 0.9160 0.0281 0.0056 0.0099 0.0118 0.0060 0.0087 0.0139 
   NS_SS1263  5 0.9193 0.0080 0.0010 0.0037 0.0362 0.0160 0.0089 0.0069 
   NS_SS1251  5 0.9149 0.0093 0.0016 0.0053 0.0151 0.0121 0.0235 0.0182 
   NS_SS1248  5 0.0135 0.0710 0.1124 0.1247 0.0513 0.3245 0.2055 0.0972 
   NS_SS1244  5 0.0142 0.0413 0.0043 0.0110 0.0062 0.0108 0.0102 0.9021 
   NS_SS1257  5 0.0127 0.1589 0.0246 0.6770 0.0096 0.0523 0.0173 0.0476 
   NS_SS1242  5 0.6759 0.0164 0.0033 0.0424 0.1171 0.0076 0.0742 0.0631 
   NS_SS1271  5 0.0094 0.8780 0.0331 0.0128 0.0217 0.0129 0.0179 0.0142 
   NS_SS1265  5 0.0214 0.0676 0.0149 0.2197 0.0580 0.1072 0.4803 0.0310 
   NS_SS1243  5 0.0115 0.0285 0.0993 0.1052 0.1156 0.5605 0.0603 0.0190 
   NS_SS1273  5 0.0126 0.0047 0.0071 0.0074 0.9406 0.0046 0.0112 0.0117 
   NS_SS1254  5 0.1596 0.0082 0.0057 0.0199 0.6499 0.0877 0.0484 0.0207 
   NS_SS1224  5 0.6337 0.0089 0.0073 0.1550 0.0423 0.0642 0.0597 0.0288 
   NS_SS1227  5 0.0060 0.0115 0.0015 0.0068 0.0291 0.0081 0.9293 0.0077 
   NS_SS1274  5 0.1566 0.0581 0.0196 0.0779 0.0427 0.4410 0.0880 0.1163 
   NS_SS1241  5 0.0394 0.8426 0.0013 0.0075 0.0052 0.0646 0.0195 0.0199 
   NS_SS1256  5 0.5875 0.0305 0.0412 0.0148 0.0486 0.0088 0.0544 0.2141 
   NS_SS1260  5 0.0118 0.0121 0.0508 0.8744 0.0064 0.0127 0.0152 0.0165 
   NS_SS1262  5 0.1269 0.3473 0.1937 0.0212 0.0258 0.0564 0.0738 0.1549 
   NS_SS1230  5 0.0185 0.3343 0.0073 0.1546 0.2095 0.0461 0.2138 0.0159 
   NS_SS1270  5 0.0578 0.0092 0.0022 0.0166 0.0072 0.6123 0.2318 0.0628 
   NS_SS1229  5 0.2791 0.0149 0.0042 0.0288 0.0119 0.4990 0.1307 0.0315 
   NS_SS1246  5 0.0357 0.0710 0.0027 0.0135 0.0076 0.0862 0.0142 0.7691 
   NS_SS1269  5 0.0138 0.0264 0.0026 0.5178 0.2308 0.0150 0.1599 0.0338 
   NS_SS1239  5 0.0086 0.0145 0.0035 0.0085 0.0064 0.9418 0.0106 0.0060 
   NS_SS1272  5 0.5073 0.0099 0.0067 0.0182 0.0140 0.0170 0.0182 0.4087 
   NS_SS1268  5 0.2663 0.0212 0.0025 0.0188 0.0128 0.6275 0.0385 0.0124 
   NS_SS1249  5 0.0209 0.8578 0.0207 0.0444 0.0204 0.0107 0.0151 0.0101 
   HI_SS0559  6 0.1455 0.0290 0.0015 0.0261 0.0848 0.0104 0.6966 0.0060 
   HI_SS0563  6 0.2282 0.1429 0.0026 0.1049 0.4122 0.0513 0.0280 0.0298 
   HI_SS0564  6 0.1835 0.0199 0.0552 0.0959 0.0903 0.3568 0.0256 0.1729 
   HI_SS0565  6 0.0479 0.0208 0.0029 0.1787 0.0380 0.0156 0.6307 0.0654 
   HI_SS0569  6 0.0062 0.0557 0.0020 0.0129 0.0099 0.0096 0.8814 0.0222 
   HI_SS0570  6 0.0130 0.8816 0.0426 0.0133 0.0191 0.0139 0.0074 0.0091 
   HI_SS0572  6 0.9164 0.0086 0.0027 0.0327 0.0105 0.0064 0.0143 0.0084 
   HI_SS0576  6 0.0263 0.0203 0.0059 0.0575 0.0967 0.5778 0.0680 0.1475 
   HI_SS0579  6 0.3225 0.0430 0.0112 0.0151 0.0092 0.0385 0.5519 0.0087 
   HI_SS0580  6 0.1164 0.0786 0.0068 0.1468 0.5250 0.0470 0.0636 0.0159 
   HI_SS0581  6 0.0297 0.0051 0.0757 0.1285 0.0180 0.0395 0.0165 0.6871 
   HI_SS0583  6 0.0462 0.1004 0.0027 0.0813 0.4700 0.0208 0.2646 0.0140 
   HI_SS0586  6 0.0114 0.7887 0.0012 0.0765 0.0413 0.0259 0.0473 0.0077 
   HI_SS0588  6 0.0110 0.0538 0.0152 0.0772 0.0149 0.0123 0.8106 0.0050 
   HI_SS0595  6 0.0435 0.2172 0.0342 0.1215 0.0580 0.0150 0.0422 0.4684 
   HI_SS0596  6 0.5210 0.0230 0.0030 0.0155 0.1903 0.2166 0.0209 0.0096 
   HI_SS0597  6 0.2593 0.0328 0.0033 0.0465 0.1463 0.0931 0.0407 0.3779 
   HI_SS0600  6 0.0126 0.0832 0.0043 0.1503 0.0149 0.3489 0.0291 0.3566 
   HI_SS0601  6 0.3358 0.0114 0.0112 0.0050 0.0071 0.1118 0.2457 0.2719 
   HI_SS0602  6 0.0066 0.0045 0.0023 0.1378 0.0075 0.0133 0.8230 0.0049 
   HI_SS0604  6 0.1736 0.0428 0.0019 0.1621 0.0341 0.1835 0.3891 0.0129 
   HI_SS0605  6 0.0050 0.0062 0.0051 0.9448 0.0083 0.0099 0.0138 0.0069 
   HI_SS0608  6 0.0061 0.0272 0.0015 0.0077 0.0220 0.9229 0.0097 0.0031 
   HI_SS0609  6 0.6725 0.0285 0.0009 0.0245 0.0614 0.1243 0.0544 0.0334 
   HI_SS0611  6 0.0088 0.0809 0.0032 0.1208 0.0211 0.7466 0.0131 0.0054 
   HI_SS0612  6 0.6681 0.0381 0.0060 0.0169 0.0062 0.0092 0.2405 0.0149 
   HI_SS0613  6 0.0212 0.0065 0.0019 0.8482 0.0586 0.0262 0.0153 0.0220 
   HI_SS0615  6 0.0165 0.0059 0.0106 0.0637 0.0282 0.8166 0.0288 0.0297 
   HI_SS0001  6 0.1079 0.1927 0.0036 0.0510 0.0280 0.0092 0.0192 0.5885 
   HI_SS0002  6 0.7243 0.0067 0.0296 0.0568 0.0274 0.0212 0.1174 0.0165 
   HI_SS0004  6 0.0318 0.2732 0.0061 0.4544 0.0811 0.0307 0.0935 0.0293 
   HI_SS0005  6 0.0091 0.0556 0.0077 0.2122 0.0917 0.0483 0.0575 0.5178 
   HI_SS0006  6 0.1127 0.1853 0.0016 0.1976 0.0145 0.0315 0.2925 0.1644 
   HI_SS0007  6 0.0074 0.8131 0.0034 0.0397 0.0205 0.0951 0.0139 0.0069 
   HI_SS0008  6 0.0101 0.0074 0.0281 0.0110 0.0080 0.0106 0.9119 0.0129 
   HI_SS0009  6 0.1280 0.1052 0.0061 0.0620 0.1602 0.4997 0.0223 0.0164 
   HI_SS0010  6 0.0150 0.3874 0.0053 0.0123 0.0754 0.0357 0.1107 0.3582 
   HI_SS0011  6 0.5003 0.0332 0.0961 0.0103 0.1051 0.0150 0.0621 0.1777 
   HI_SS0012  6 0.2763 0.0088 0.0052 0.0539 0.0208 0.1167 0.0488 0.4695 
   HI_SS0017  6 0.3434 0.0664 0.0021 0.0077 0.5431 0.0119 0.0085 0.0168 
   HI_SS0021  6 0.0146 0.3765 0.2387 0.0816 0.0952 0.0059 0.1755 0.0120 
   HI_SS0024  6 0.0865 0.2074 0.0024 0.0467 0.3219 0.0208 0.0218 0.2925 
   HI_SS0025  6 0.0475 0.0146 0.0041 0.4340 0.4278 0.0410 0.0242 0.0068 
   HI_SS0027  6 0.0166 0.3603 0.0164 0.0183 0.0083 0.1336 0.4351 0.0114 
   HI_SS0028  6 0.0337 0.0070 0.0021 0.0091 0.7552 0.0126 0.0562 0.1241 
   HI_SS0029  6 0.0153 0.0141 0.0082 0.0524 0.8619 0.0147 0.0146 0.0187 
   HI_SS0030  6 0.0411 0.0760 0.0052 0.0268 0.0200 0.1857 0.1872 0.4581 
   HI_SS0031  6 0.0111 0.0086 0.0029 0.0189 0.1753 0.0071 0.7601 0.0160 
   HI_SS0034  6 0.0149 0.0175 0.0042 0.0560 0.0060 0.0041 0.8861 0.0110 
   HI_SS0036  6 0.0026 0.0252 0.0068 0.0152 0.0083 0.0040 0.0067 0.9311 
   HI_SS0037  6 0.0087 0.1177 0.0042 0.8259 0.0098 0.0162 0.0073 0.0102 
   HI_SS0039  6 0.0055 0.1389 0.0040 0.0440 0.0823 0.0096 0.4061 0.3096 
   HI_SS0041  6 0.0390 0.0041 0.0018 0.1892 0.1618 0.3643 0.0098 0.2301 
   HI_SS0042  6 0.0453 0.0097 0.1372 0.2530 0.0869 0.2141 0.0058 0.2480 
   HI_SS0043  6 0.0118 0.6679 0.0040 0.0243 0.0117 0.1214 0.0409 0.1179 
   HI_SS0044  6 0.0060 0.0866 0.0025 0.0090 0.8744 0.0079 0.0085 0.0049 
   HI_SS0047  6 0.0732 0.0171 0.0033 0.0685 0.0165 0.1754 0.4761 0.1698 
   HI_SS0049  6 0.1067 0.0332 0.0036 0.0196 0.0505 0.2436 0.4882 0.0545 
   HI_SS0051  6 0.0068 0.0057 0.0021 0.9570 0.0085 0.0083 0.0071 0.0044 
   HI_SS0053  6 0.0076 0.0656 0.0036 0.0210 0.0097 0.0150 0.6810 0.1964 
   HI_SS0054  6 0.0497 0.6245 0.0046 0.0079 0.0062 0.0203 0.2414 0.0453 
   HI_SS0057  6 0.0203 0.0209 0.0041 0.0231 0.0096 0.7986 0.0205 0.1029 
   HI_SS0058  6 0.6825 0.0571 0.0060 0.2091 0.0164 0.0066 0.0152 0.0071 
   HI_SS0060  6 0.0587 0.0754 0.0963 0.0244 0.0043 0.0315 0.1903 0.5190 
   HI_SS0087  6 0.3852 0.0642 0.0023 0.1406 0.0101 0.0347 0.2606 0.1024 
   HI_SS0091  6 0.0439 0.0317 0.0014 0.4813 0.0059 0.0944 0.2508 0.0905 
   HI_SS0095  6 0.0359 0.0058 0.0486 0.1266 0.0091 0.0099 0.7446 0.0196 
   HI_SS0097  6 0.3268 0.0064 0.0044 0.0096 0.0087 0.6065 0.0244 0.0133 
   HI_SS0099  6 0.0210 0.0087 0.0041 0.0424 0.7087 0.0067 0.1917 0.0167 
   HI_SS0103  6 0.4528 0.0352 0.0039 0.0736 0.2055 0.0305 0.1165 0.0821 
   HI_SS0105  6 0.0252 0.0175 0.0232 0.0256 0.0051 0.0164 0.0232 0.8637 
   HI_SS0107  6 0.8640 0.0108 0.0011 0.0065 0.0592 0.0240 0.0167 0.0176 
   HI_SS0108  6 0.0066 0.8666 0.0327 0.0384 0.0080 0.0087 0.0241 0.0148 
   HI_SS0110  6 0.0084 0.0109 0.0010 0.0231 0.0134 0.0195 0.0173 0.9065 
   HI_SS0111  6 0.0269 0.0597 0.0344 0.1646 0.0584 0.0960 0.0709 0.4891 
   HI_SS0112  6 0.0066 0.9444 0.0017 0.0082 0.0102 0.0108 0.0098 0.0083 
   HI_SS0113  6 0.4967 0.0127 0.0036 0.0436 0.2851 0.0381 0.0274 0.0929 
   HI_SS0114  6 0.0135 0.0269 0.0056 0.0950 0.0122 0.0114 0.8007 0.0347 
   HI_SS0115  6 0.2508 0.0496 0.0165 0.0345 0.1808 0.0114 0.4489 0.0074 
   HI_SS0116  6 0.0217 0.6161 0.0041 0.0401 0.2068 0.0885 0.0132 0.0096 
   HI_SS0117  6 0.4845 0.1881 0.0027 0.0281 0.0116 0.0045 0.0144 0.2660 
   HI_SS0118  6 0.0507 0.0267 0.0124 0.7290 0.0982 0.0090 0.0378 0.0360 
   HI_SS0119  6 0.0143 0.0678 0.0020 0.0455 0.0054 0.0951 0.0285 0.7414 
   HI_SS0120  6 0.5096 0.0195 0.0031 0.0148 0.0422 0.0112 0.0066 0.3929 
   HI_SS0121  6 0.0348 0.0069 0.0013 0.0116 0.3111 0.0280 0.0524 0.5539 
   HI_SS0122  6 0.0183 0.0187 0.0212 0.3245 0.0536 0.0792 0.0101 0.4745 
   HI_SS0123  6 0.4518 0.0097 0.0058 0.0481 0.0962 0.0107 0.2700 0.1078 
   HI_SS0124  6 0.0952 0.0114 0.0034 0.0140 0.5062 0.3228 0.0109 0.0361 
   HI_SS0125  6 0.0167 0.0046 0.0345 0.2408 0.0779 0.0323 0.1389 0.4543 
   HI_SS0126  6 0.0094 0.8419 0.0013 0.0677 0.0295 0.0080 0.0182 0.0240 
   HI_SS0127  6 0.0427 0.0208 0.0071 0.0182 0.1178 0.0746 0.6886 0.0302 
   HI_SS0128  6 0.0641 0.0433 0.0040 0.0157 0.0692 0.0344 0.6959 0.0734 
   HI_SS0129  6 0.0319 0.0237 0.0101 0.6082 0.0428 0.0137 0.0432 0.2265 
   HI_SS0131  6 0.0695 0.6967 0.0465 0.0134 0.0396 0.0517 0.0724 0.0101 
   HI_SS0132  6 0.0148 0.0498 0.0006 0.0238 0.0167 0.0144 0.0160 0.8639 
   HI_SS0133  6 0.0021 0.9793 0.0012 0.0039 0.0024 0.0045 0.0025 0.0041 
   HI_SS0134  6 0.1861 0.4927 0.0017 0.1246 0.0554 0.0105 0.0901 0.0389 
   HI_SS0142  6 0.0290 0.0048 0.0137 0.0621 0.1007 0.0083 0.6846 0.0968 
   HI_SS0145  6 0.2820 0.0318 0.0013 0.0119 0.0079 0.0114 0.6430 0.0107 
   HI_SS0146  6 0.0081 0.9251 0.0013 0.0118 0.0138 0.0173 0.0140 0.0086 
   HI_SS0147  6 0.1806 0.0056 0.0267 0.1513 0.0388 0.5629 0.0145 0.0196 
   HI_SS0149  6 0.0109 0.0154 0.0045 0.0062 0.0072 0.0072 0.0064 0.9422 
   HI_SS0150  6 0.0218 0.0124 0.0044 0.0160 0.5718 0.0279 0.0185 0.3273 
   HI_SS0151  6 0.1247 0.1014 0.0144 0.1329 0.0072 0.5038 0.1050 0.0106 
   NS_SS1451  6 0.0642 0.0133 0.0028 0.0183 0.3389 0.3115 0.0110 0.2400 
   NS_SS1404  6 0.0900 0.0249 0.0111 0.1388 0.6794 0.0285 0.0077 0.0195 
   NS_SS1432  6 0.0054 0.0038 0.0342 0.0118 0.1536 0.0189 0.0076 0.7648 
   NS_SS1405  6 0.0664 0.0906 0.0036 0.2305 0.5700 0.0100 0.0124 0.0165 
   NS_SS1431  6 0.0149 0.0072 0.0009 0.0097 0.0354 0.0097 0.0167 0.9055 
   NS_SS1402  6 0.8020 0.0144 0.0025 0.0377 0.0599 0.0178 0.0169 0.0489 
   NS_SS1450  6 0.0161 0.0568 0.0033 0.2650 0.0302 0.0111 0.3436 0.2739 
   NS_SS1396  6 0.0110 0.0147 0.0066 0.0263 0.1621 0.6669 0.0287 0.0838 
   NS_SS1393  6 0.0202 0.0165 0.0036 0.6444 0.0244 0.2616 0.0183 0.0110 
   NS_SS1392  6 0.0475 0.0592 0.0256 0.3068 0.0870 0.1077 0.1234 0.2429 
   NS_SS1445  6 0.0115 0.0186 0.0078 0.1770 0.0137 0.0425 0.6856 0.0432 
   NS_SS1423  6 0.1119 0.7801 0.0020 0.0110 0.0173 0.0153 0.0294 0.0330 
   NS_SS1421  6 0.0232 0.1004 0.0874 0.0055 0.0105 0.0835 0.0124 0.6771 
   NS_SS1411  6 0.0065 0.7504 0.0019 0.0771 0.0492 0.0778 0.0194 0.0178 
   NS_SS1453  6 0.0175 0.0387 0.0049 0.4317 0.0303 0.0975 0.0234 0.3561 
   NS_SS1442  6 0.1503 0.2362 0.0040 0.0731 0.0217 0.0372 0.4457 0.0316 
   NS_SS1422  6 0.8195 0.0218 0.0129 0.0097 0.0103 0.0978 0.0175 0.0105 
   NS_SS1419  6 0.1032 0.0041 0.1348 0.0058 0.0259 0.7095 0.0130 0.0037 
   NS_SS1427  6 0.0057 0.8803 0.0022 0.0186 0.0144 0.0189 0.0266 0.0333 
   NS_SS1444  6 0.0409 0.0110 0.0048 0.0604 0.4076 0.3309 0.1305 0.0138 
   NS_SS1455  6 0.6037 0.0266 0.0013 0.0060 0.1691 0.1511 0.0101 0.0320 
   NS_SS1425  6 0.0057 0.8853 0.0017 0.0106 0.0033 0.0739 0.0132 0.0063 
   NS_SS1400  6 0.0228 0.9043 0.0016 0.0088 0.0269 0.0085 0.0209 0.0063 
   NS_SS1406  6 0.6914 0.0032 0.0098 0.0135 0.0329 0.0203 0.0989 0.1301 
   NS_SS1417  6 0.7762 0.0437 0.0084 0.0278 0.0913 0.0201 0.0114 0.0211 
   NS_SS1454  6 0.0302 0.1652 0.0016 0.0108 0.0186 0.0196 0.0194 0.7346 
   NS_SS1412  6 0.0702 0.0956 0.0195 0.5196 0.1224 0.0161 0.1273 0.0293 
   NS_SS1438  6 0.0397 0.1407 0.0015 0.3955 0.0119 0.1057 0.2897 0.0153 
   NS_SS1416  6 0.0340 0.0068 0.0048 0.5976 0.2667 0.0619 0.0100 0.0182 
   NS_SS1401  6 0.0614 0.0553 0.0154 0.0277 0.0328 0.5526 0.0269 0.2279 
   NS_SS1424  6 0.0805 0.6218 0.0157 0.0227 0.0269 0.0417 0.1267 0.0639 
   NS_SS1435  6 0.0098 0.6373 0.0037 0.0132 0.0525 0.0211 0.2238 0.0387 
   NS_SS1447  6 0.1546 0.0133 0.0077 0.0647 0.0902 0.0170 0.6063 0.0462 
   NS_SS1414  6 0.2459 0.0070 0.0069 0.0235 0.6650 0.0126 0.0321 0.0069 
   NS_SS1449  6 0.0086 0.0064 0.0033 0.0044 0.0044 0.9462 0.0048 0.0219 
   NS_SS1443  6 0.0458 0.2716 0.0025 0.0082 0.0069 0.0504 0.5924 0.0222 
   NS_SS1434  6 0.1021 0.6917 0.0009 0.0777 0.0439 0.0316 0.0260 0.0260 
   NS_SS1398  6 0.0193 0.0298 0.0236 0.4133 0.0633 0.0266 0.0949 0.3292 
   NS_SS1426  6 0.0135 0.2104 0.0018 0.0388 0.0242 0.0247 0.6296 0.0570 
   NS_SS1413  6 0.0079 0.9534 0.0104 0.0047 0.0090 0.0047 0.0057 0.0042 
   NS_SS1395  6 0.0048 0.0105 0.0076 0.0101 0.0051 0.0148 0.9348 0.0124 
   NS_SS1448  6 0.0232 0.6504 0.0018 0.0134 0.1570 0.0390 0.0167 0.0984 
   NS_SS1446  6 0.0202 0.0201 0.0028 0.8630 0.0188 0.0235 0.0175 0.0340 
   NS_SS1403  6 0.0146 0.0052 0.0060 0.1178 0.0818 0.0418 0.6098 0.1229 
   NS_SS1415  6 0.0070 0.8562 0.0128 0.0228 0.0315 0.0269 0.0331 0.0097 
   NS_SS1437  6 0.1514 0.0145 0.0094 0.0119 0.2446 0.0070 0.2689 0.2923 
   NS_SS1439  6 0.1254 0.0056 0.0024 0.0244 0.0104 0.0054 0.8132 0.0131 
   NS_SS1441  6 0.0335 0.0936 0.0020 0.0394 0.0307 0.0156 0.7264 0.0588 
   NS_SS1420  6 0.0068 0.0049 0.0027 0.0116 0.0308 0.9326 0.0064 0.0041 
   NS_SS1394  6 0.0115 0.0055 0.0341 0.0146 0.8316 0.0155 0.0365 0.0508 
   NS_SS1391  6 0.0735 0.0404 0.0097 0.0358 0.0123 0.0060 0.7971 0.0252 
   NS_SS1410  6 0.0547 0.1827 0.0192 0.0851 0.1351 0.3013 0.0234 0.1986 
   NS_SS1408  6 0.0272 0.0129 0.0622 0.2360 0.1967 0.0159 0.1322 0.3169 
   NS_SS1409  6 0.0273 0.0251 0.0030 0.6941 0.0237 0.1089 0.0428 0.0749 
   HI_SS0617  7 0.0221 0.0064 0.0009 0.9368 0.0073 0.0153 0.0039 0.0074 
   HI_SS0618  7 0.0141 0.0102 0.0029 0.0508 0.5581 0.2998 0.0328 0.0313 
   HI_SS0619  7 0.0211 0.0360 0.0049 0.4525 0.2213 0.0849 0.0505 0.1288 
   HI_SS0620  7 0.0109 0.9069 0.0034 0.0367 0.0057 0.0183 0.0140 0.0041 
   HI_SS0621  7 0.1428 0.0087 0.0152 0.0546 0.5918 0.0968 0.0151 0.0750 
   HI_SS0622  7 0.2584 0.0482 0.0119 0.0314 0.1242 0.1128 0.3919 0.0211 
   HI_SS0626  7 0.0146 0.0179 0.0098 0.2078 0.2512 0.0124 0.1631 0.3232 
   HI_SS0627  7 0.0150 0.0082 0.0121 0.0393 0.0110 0.4885 0.0086 0.4173 
   HI_SS0628  7 0.0218 0.0822 0.0471 0.6621 0.0217 0.0111 0.0285 0.1254 
   HI_SS0629  7 0.0275 0.0407 0.0063 0.1426 0.0437 0.6943 0.0262 0.0186 
   HI_SS0630  7 0.0094 0.2986 0.0588 0.4377 0.0933 0.0210 0.0663 0.0148 
   HI_SS0631  7 0.0078 0.5199 0.0009 0.0520 0.0250 0.0944 0.1688 0.1311 
   HI_SS0632  7 0.0085 0.0997 0.0034 0.0876 0.0234 0.6808 0.0710 0.0255 
   HI_SS0633  7 0.2526 0.0105 0.0037 0.1344 0.5571 0.0143 0.0190 0.0085 
   HI_SS0634  7 0.0058 0.0113 0.0021 0.3785 0.0184 0.0185 0.0076 0.5577 
   HI_SS0635  7 0.0379 0.0196 0.0096 0.0316 0.6854 0.0231 0.1721 0.0207 
   HI_SS0637  7 0.0282 0.0044 0.0038 0.7272 0.0063 0.0279 0.0755 0.1266 
   HI_SS0638  7 0.0195 0.5665 0.0014 0.0236 0.0432 0.0501 0.1687 0.1270 
   HI_SS0639  7 0.0482 0.0109 0.0546 0.1335 0.1054 0.1833 0.2189 0.2452 
   HI_SS0640  7 0.0063 0.0086 0.0019 0.0055 0.0111 0.0167 0.9446 0.0054 
   HI_SS0641  7 0.0106 0.0339 0.0055 0.8630 0.0327 0.0193 0.0298 0.0052 
   HI_SS0642  7 0.0056 0.0067 0.0020 0.0032 0.0078 0.0163 0.0249 0.9335 
   HI_SS0645  7 0.0097 0.0062 0.0007 0.0073 0.0232 0.9422 0.0029 0.0078 
   HI_SS0646  7 0.2219 0.0133 0.0025 0.0193 0.0108 0.0079 0.6870 0.0373 
   HI_SS0647  7 0.2194 0.1333 0.0018 0.0179 0.1364 0.0152 0.0527 0.4232 
   HI_SS0648  7 0.1269 0.0653 0.0033 0.0126 0.1817 0.0675 0.1221 0.4207 
   HI_SS0649  7 0.0593 0.0076 0.0022 0.6517 0.0540 0.0834 0.0787 0.0631 
   HI_SS0650  7 0.0194 0.0119 0.0054 0.6828 0.0480 0.1563 0.0202 0.0560 
   HI_SS0651  7 0.2843 0.0141 0.0037 0.0253 0.0507 0.0230 0.5624 0.0365 
   HI_SS0652  7 0.0234 0.0069 0.0041 0.7694 0.0577 0.0676 0.0133 0.0576 
   NS_SS1371  7 0.0136 0.0111 0.0057 0.8192 0.0226 0.0140 0.0909 0.0230 
   NS_SS1374  7 0.0059 0.0903 0.0024 0.2248 0.0236 0.0095 0.0138 0.6297 
   NS_SS1337  7 0.0238 0.0083 0.0035 0.0181 0.0060 0.0221 0.0066 0.9115 
   NS_SS1385  7 0.4958 0.0448 0.0057 0.0370 0.1931 0.0094 0.1670 0.0473 
   NS_SS1388  7 0.0475 0.0768 0.0063 0.2545 0.5120 0.0347 0.0514 0.0168 
   NS_SS1370  7 0.0078 0.0075 0.0061 0.0108 0.0044 0.9409 0.0069 0.0157 
   NS_SS1389  7 0.0151 0.0099 0.0035 0.0080 0.9305 0.0048 0.0176 0.0107 
   NS_SS1360  7 0.0129 0.1257 0.0056 0.0209 0.0112 0.0358 0.7767 0.0113 
   NS_SS1330  7 0.0604 0.0066 0.0031 0.0321 0.8045 0.0069 0.0753 0.0111 
   NS_SS1328  7 0.0125 0.8639 0.0022 0.0250 0.0261 0.0080 0.0255 0.0369 
   NS_SS1384  7 0.2083 0.0092 0.0039 0.0056 0.0089 0.0057 0.7406 0.0178 
   NS_SS1381  7 0.4140 0.0108 0.0011 0.0654 0.0131 0.4615 0.0195 0.0147 
   NS_SS1375  7 0.0071 0.0109 0.0011 0.0094 0.9051 0.0190 0.0337 0.0137 
   NS_SS1319  7 0.0222 0.0248 0.0970 0.3568 0.0328 0.0156 0.1537 0.2972 
   NS_SS1326  7 0.0140 0.8832 0.0132 0.0149 0.0129 0.0154 0.0101 0.0363 
   NS_SS1341  7 0.0145 0.0127 0.0041 0.2240 0.0083 0.0343 0.1879 0.5141 
   NS_SS1383  7 0.0128 0.0268 0.0047 0.0615 0.0061 0.1367 0.0987 0.6529 
   NS_SS1318  7 0.2266 0.1895 0.0179 0.1289 0.0732 0.1720 0.1705 0.0214 
   NS_SS1348  7 0.0219 0.8208 0.0015 0.0226 0.0089 0.0201 0.0860 0.0183 
   NS_SS1363  7 0.1386 0.0442 0.0059 0.1192 0.0766 0.5656 0.0224 0.0275 
   NS_SS1335  7 0.0099 0.2064 0.0314 0.0635 0.0132 0.2044 0.4393 0.0319 
   NS_SS1358  7 0.3541 0.0913 0.0173 0.0513 0.0079 0.2447 0.0638 0.1696 
   NS_SS1342  7 0.5742 0.0634 0.0012 0.0538 0.0069 0.0102 0.0330 0.2574 
   NS_SS1320  7 0.7445 0.0041 0.0070 0.0085 0.1459 0.0107 0.0109 0.0684 
   NS_SS1355  7 0.3208 0.0044 0.0092 0.1859 0.0287 0.0656 0.3751 0.0103 
   NS_SS1345  7 0.9267 0.0132 0.0170 0.0071 0.0095 0.0054 0.0146 0.0065 
   NS_SS1324  7 0.0683 0.4208 0.0033 0.1497 0.0547 0.0647 0.1951 0.0434 
   NS_SS1347  7 0.0543 0.0207 0.0032 0.0664 0.1087 0.0760 0.3528 0.3179 
   NS_SS1321  7 0.0090 0.0483 0.0014 0.3083 0.0070 0.1111 0.0125 0.5024 
   NS_SS1333  7 0.0146 0.2684 0.0049 0.2175 0.0901 0.0443 0.0418 0.3184 
   NS_SS1364  7 0.2750 0.1819 0.0025 0.0114 0.0088 0.0139 0.4950 0.0116 
   NS_SS1379  7 0.1313 0.0184 0.0719 0.1042 0.0555 0.5156 0.0589 0.0442 
   NS_SS1332  7 0.0043 0.7991 0.0062 0.0079 0.1459 0.0029 0.0222 0.0115 
   NS_SS1338  7 0.0100 0.0143 0.0070 0.3295 0.0315 0.4259 0.0157 0.1661 
   NS_SS1368  7 0.0292 0.5656 0.0056 0.0456 0.0676 0.0094 0.0513 0.2258 
   NS_SS1354  7 0.6451 0.0250 0.0124 0.0732 0.0243 0.0887 0.0857 0.0458 
   NS_SS1365  7 0.0240 0.0670 0.0094 0.0441 0.7535 0.0622 0.0265 0.0132 
   NS_SS1380  7 0.8874 0.0052 0.0182 0.0120 0.0352 0.0040 0.0121 0.0259 
   NS_SS1329  7 0.2703 0.3308 0.0039 0.0275 0.0116 0.0103 0.0110 0.3346 
   NS_SS1362  7 0.8246 0.0204 0.0042 0.0724 0.0089 0.0057 0.0417 0.0221 
   NS_SS1327  7 0.0031 0.9440 0.0036 0.0086 0.0054 0.0130 0.0153 0.0071 
   NS_SS1350  7 0.0073 0.0095 0.0065 0.9105 0.0058 0.0040 0.0456 0.0108 
   NS_SS1387  7 0.0047 0.0081 0.0019 0.0077 0.7165 0.2392 0.0130 0.0088 
   NS_SS1369  7 0.0350 0.1998 0.0035 0.0711 0.0060 0.6595 0.0140 0.0111 
   NS_SS1331  7 0.0050 0.0156 0.0084 0.0167 0.0225 0.0825 0.0082 0.8411 
   NS_SS1357  7 0.0617 0.0389 0.0038 0.0475 0.0281 0.6831 0.1128 0.0240 
   NS_SS1386  7 0.0254 0.9071 0.0035 0.0102 0.0049 0.0076 0.0079 0.0334 
   NS_SS1353  7 0.1793 0.0795 0.0047 0.0413 0.1447 0.0260 0.0642 0.4603 
   NS_SS1323  7 0.1761 0.0073 0.0719 0.0110 0.0657 0.0614 0.3973 0.2092 
   HI_SS0296  8 0.0070 0.0301 0.0016 0.0107 0.0069 0.9287 0.0112 0.0038 
   HI_SS0297  8 0.0231 0.0494 0.0011 0.0395 0.0292 0.2683 0.0104 0.5790 
   HI_SS0299  8 0.3312 0.0215 0.0409 0.1863 0.0102 0.0336 0.0568 0.3195 
   HI_SS0300  8 0.0064 0.0157 0.0010 0.0067 0.0095 0.9446 0.0088 0.0073 
   HI_SS0301  8 0.0115 0.0149 0.0041 0.0372 0.1262 0.0141 0.7714 0.0207 
   HI_SS0302  8 0.0254 0.8252 0.0269 0.0233 0.0315 0.0326 0.0295 0.0057 
   HI_SS0303  8 0.0136 0.8598 0.0089 0.0315 0.0304 0.0165 0.0317 0.0076 
   HI_SS0304  8 0.0453 0.0635 0.0024 0.2551 0.4445 0.0737 0.0147 0.1009 
   HI_SS0306  8 0.0050 0.9473 0.0036 0.0069 0.0072 0.0107 0.0093 0.0100 
   HI_SS0307  8 0.0164 0.0049 0.0070 0.7007 0.2003 0.0110 0.0445 0.0151 
   HI_SS0308  8 0.1627 0.0212 0.0849 0.0274 0.0346 0.3092 0.1300 0.2301 
   HI_SS0309  8 0.5556 0.0077 0.0032 0.0968 0.1752 0.0316 0.0236 0.1062 
   HI_SS0310  8 0.2283 0.0598 0.0058 0.0168 0.0412 0.0048 0.6378 0.0055 
   HI_SS0311  8 0.0136 0.0726 0.0026 0.0061 0.0139 0.7955 0.0309 0.0647 
   HI_SS0314  8 0.0072 0.0144 0.0012 0.0046 0.9391 0.0039 0.0218 0.0078 
   HI_SS0316  8 0.0103 0.0184 0.0033 0.0121 0.0137 0.0160 0.9042 0.0220 
   HI_SS0317  8 0.0144 0.0218 0.0025 0.2161 0.0132 0.0817 0.3087 0.3416 
   HI_SS0318  8 0.0071 0.0626 0.1894 0.0828 0.0100 0.1006 0.2437 0.3038 
   HI_SS0319  8 0.0178 0.2945 0.0056 0.0915 0.0141 0.0063 0.5621 0.0082 
   HI_SS0320  8 0.0068 0.0047 0.0012 0.0178 0.0439 0.0067 0.0133 0.9057 
   HI_SS0321  8 0.0053 0.0285 0.0017 0.5026 0.0172 0.1231 0.2889 0.0328 
   HI_SS0323  8 0.0056 0.0194 0.0014 0.8691 0.0360 0.0305 0.0256 0.0125 
   HI_SS0325  8 0.0167 0.8795 0.0025 0.0257 0.0186 0.0101 0.0305 0.0164 
   HI_SS0327  8 0.1584 0.4191 0.0015 0.1695 0.0075 0.0517 0.0616 0.1308 
   HI_SS0329  8 0.0325 0.0338 0.0013 0.0798 0.6991 0.0758 0.0262 0.0514 
   HI_SS0333  8 0.0663 0.0764 0.0038 0.0686 0.0624 0.1480 0.4023 0.1722 
   HI_SS0334  8 0.0090 0.0118 0.0013 0.0144 0.0039 0.8922 0.0516 0.0158 
   HI_SS0335  8 0.8864 0.0050 0.0170 0.0150 0.0095 0.0117 0.0500 0.0054 
   HI_SS0339  8 0.5746 0.0056 0.0090 0.0094 0.0077 0.3395 0.0425 0.0117 
   HI_SS0343  8 0.6352 0.0289 0.0023 0.0060 0.0134 0.0404 0.2443 0.0295 
   HI_SS0344  8 0.0049 0.9537 0.0035 0.0087 0.0031 0.0085 0.0098 0.0078 
   HI_SS0345  8 0.4596 0.0853 0.0106 0.0198 0.0187 0.0229 0.0262 0.3570 
   HI_SS0346  8 0.0067 0.0225 0.0032 0.0167 0.0084 0.0097 0.0095 0.9233 
   HI_SS0350  8 0.6187 0.0032 0.0089 0.0104 0.1508 0.1807 0.0188 0.0084 
   HI_SS0351  8 0.5197 0.0609 0.0045 0.2433 0.0108 0.0239 0.1057 0.0312 
   HI_SS0352  8 0.7157 0.0167 0.1015 0.0155 0.0112 0.0228 0.1019 0.0146 
   HI_SS0362  8 0.0038 0.3900 0.0022 0.1952 0.0751 0.1053 0.0918 0.1366 
   HI_SS0363  8 0.1186 0.6224 0.0047 0.0757 0.0086 0.0275 0.0744 0.0682 
   HI_SS0365  8 0.0588 0.1064 0.0052 0.1703 0.0122 0.5826 0.0341 0.0304 
   HI_SS0366  8 0.2149 0.4797 0.0019 0.2208 0.0117 0.0439 0.0169 0.0102 
   HI_SS0367  8 0.3451 0.0048 0.0033 0.0810 0.3812 0.0638 0.0911 0.0296 
   HI_SS0369  8 0.0937 0.0061 0.0032 0.0173 0.0211 0.8106 0.0292 0.0188 
