   NS_SS0963  1 0.2471 0.0061 0.0247 0.0205 0.0099 0.0536 0.3097 0.3218 0.0066 
   NS_SS0983  1 0.0090 0.0032 0.0064 0.9320 0.0235 0.0155 0.0038 0.0033 0.0032 
   NS_SS0719  1 0.3047 0.0068 0.0290 0.0152 0.0435 0.2404 0.3041 0.0148 0.0414 
   NS_SS1001  1 0.0297 0.0089 0.5363 0.0153 0.0803 0.0818 0.0220 0.0194 0.2063 
   NS_SS0936  1 0.0332 0.0027 0.0190 0.0291 0.0618 0.1634 0.0665 0.0957 0.5286 
   NS_SS0955  1 0.0118 0.0040 0.3989 0.1215 0.2993 0.0463 0.0234 0.0811 0.0136 
   NS_SS0944  1 0.0997 0.0024 0.5302 0.0262 0.0188 0.0094 0.2459 0.0563 0.0111 
   NS_SS0945  1 0.0095 0.0104 0.1490 0.0499 0.0154 0.0113 0.0144 0.0288 0.7114 
   NS_SS0922  1 0.4567 0.0329 0.0101 0.0079 0.1535 0.0397 0.2132 0.0513 0.0346 
   NS_SS0929  1 0.7113 0.0030 0.0212 0.0458 0.0449 0.0854 0.0180 0.0432 0.0273 
   NS_SS0956  1 0.1383 0.0044 0.0435 0.0060 0.2421 0.0420 0.4575 0.0165 0.0498 
   NS_SS0906  1 0.5000 0.0039 0.0190 0.1053 0.0700 0.0432 0.0192 0.2130 0.0264 
   NS_SS0721  1 0.0364 0.0057 0.0100 0.1616 0.5345 0.0325 0.1787 0.0068 0.0338 
   NS_SS0982  1 0.8538 0.0181 0.0082 0.0280 0.0062 0.0149 0.0191 0.0249 0.0269 
   NS_SS0923  1 0.7602 0.0049 0.0099 0.0147 0.0244 0.0560 0.0672 0.0478 0.0150 
   NS_SS0905  1 0.6803 0.0018 0.0056 0.1662 0.0245 0.0364 0.0259 0.0095 0.0499 
   NS_SS0925  1 0.0043 0.0039 0.0050 0.0145 0.0154 0.9252 0.0069 0.0161 0.0087 
   NS_SS0947  1 0.0195 0.0048 0.0165 0.0085 0.1006 0.0345 0.0220 0.7718 0.0219 
   NS_SS0926  1 0.0956 0.0014 0.7378 0.0095 0.0222 0.0124 0.0459 0.0070 0.0683 
   NS_SS0918  1 0.0249 0.0029 0.0233 0.6042 0.0243 0.0413 0.0392 0.0538 0.1862 
   NS_SS0966  1 0.0332 0.0582 0.0357 0.0110 0.0106 0.0315 0.0130 0.7889 0.0179 
   NS_SS0938  1 0.0056 0.0017 0.0252 0.0166 0.0382 0.4788 0.2554 0.0199 0.1585 
   NS_SS0917  1 0.0507 0.0349 0.0093 0.0381 0.6776 0.0801 0.0151 0.0060 0.0882 
   NS_SS0957  1 0.0186 0.0074 0.0052 0.0072 0.0077 0.0068 0.0187 0.0117 0.9166 
   NS_SS0987  1 0.1024 0.2403 0.0147 0.0405 0.1758 0.0353 0.2649 0.0740 0.0521 
   NS_SS0717  1 0.0163 0.0036 0.0191 0.0118 0.4234 0.0137 0.0197 0.2210 0.2712 
   NS_SS0986  1 0.0148 0.0037 0.0213 0.0050 0.8586 0.0055 0.0455 0.0256 0.0201 
   NS_SS0953  1 0.0131 0.0178 0.0131 0.0178 0.0174 0.0066 0.0045 0.8935 0.0162 
   NS_SS0907  1 0.0264 0.0474 0.0095 0.0752 0.5683 0.0358 0.0338 0.1846 0.0189 
   NS_SS0974  1 0.0122 0.0036 0.0276 0.6387 0.0168 0.2067 0.0213 0.0390 0.0340 
   NS_SS0989  1 0.0158 0.0012 0.0696 0.0614 0.0300 0.7739 0.0187 0.0226 0.0068 
   NS_SS0991  1 0.0575 0.0019 0.1872 0.6489 0.0275 0.0076 0.0229 0.0374 0.0091 
   NS_SS0994  1 0.0164 0.0022 0.6262 0.1877 0.0906 0.0401 0.0081 0.0114 0.0172 
   NS_SS0931  1 0.0269 0.0151 0.8865 0.0100 0.0153 0.0057 0.0157 0.0063 0.0185 
   NS_SS1000  1 0.0336 0.0046 0.0365 0.0039 0.0415 0.0212 0.0149 0.8167 0.0271 
   NS_SS0919  1 0.8777 0.0032 0.0160 0.0064 0.0162 0.0114 0.0351 0.0100 0.0240 
   NS_SS0949  1 0.0091 0.0012 0.8665 0.0335 0.0156 0.0413 0.0081 0.0136 0.0111 
   NS_SS0960  1 0.7852 0.0061 0.0218 0.0520 0.0313 0.0418 0.0306 0.0133 0.0178 
   NS_SS0716  1 0.0055 0.0083 0.0061 0.0057 0.0203 0.0063 0.0215 0.0080 0.9184 
   NS_SS0924  1 0.0214 0.0167 0.0202 0.0067 0.2413 0.6608 0.0163 0.0107 0.0059 
   NS_SS0935  1 0.4248 0.0101 0.3640 0.0254 0.0155 0.0829 0.0374 0.0110 0.0289 
   NS_SS0952  1 0.6908 0.0312 0.0947 0.0593 0.0079 0.0155 0.0130 0.0724 0.0152 
   NS_SS0962  1 0.0096 0.0064 0.0077 0.0146 0.0137 0.0054 0.8908 0.0142 0.0377 
   NS_SS0973  1 0.1028 0.0039 0.0088 0.5617 0.0178 0.2292 0.0180 0.0474 0.0103 
   NS_SS0722  1 0.0167 0.0021 0.0076 0.0114 0.0150 0.0161 0.0060 0.0308 0.8941 
   NS_SS0979  1 0.0285 0.0023 0.0053 0.0403 0.0153 0.0083 0.2362 0.0239 0.6399 
   NS_SS0993  1 0.0220 0.0261 0.0098 0.1962 0.0264 0.4699 0.0309 0.1458 0.0728 
   NS_SS0958  1 0.0784 0.0042 0.6977 0.0286 0.0394 0.0237 0.0095 0.0367 0.0818 
   NS_SS0988  1 0.0824 0.0055 0.0755 0.1189 0.0458 0.0515 0.0626 0.2252 0.3325 
   NS_SS1003  1 0.0117 0.0070 0.0099 0.0038 0.0045 0.0077 0.9303 0.0203 0.0047 
   NS_SS0976  1 0.0507 0.0021 0.0332 0.0351 0.0129 0.3456 0.4473 0.0650 0.0082 
   NS_SS0964  1 0.0135 0.0028 0.0233 0.0112 0.0642 0.1160 0.0400 0.4705 0.2586 
   NS_SS0939  1 0.0040 0.0041 0.0051 0.0055 0.0068 0.0194 0.0203 0.0045 0.9302 
   NS_SS0990  1 0.1480 0.0040 0.0320 0.2047 0.2662 0.0104 0.1372 0.0273 0.1702 
   NS_SS0984  1 0.0761 0.0022 0.0080 0.0065 0.0362 0.0587 0.0312 0.0103 0.7708 
   NS_SS0980  1 0.9302 0.0026 0.0054 0.0104 0.0060 0.0087 0.0101 0.0185 0.0082 
   NS_SS0978  1 0.9384 0.0027 0.0055 0.0049 0.0046 0.0102 0.0108 0.0078 0.0152 
   NS_SS0951  1 0.0459 0.0031 0.0405 0.6075 0.1928 0.0340 0.0268 0.0323 0.0169 
   NS_SS0913  1 0.0145 0.0409 0.0131 0.0269 0.7321 0.0439 0.0876 0.0224 0.0187 
   NS_SS1002  1 0.0188 0.0345 0.0052 0.0096 0.0127 0.0283 0.5045 0.0769 0.3095 
   NS_SS0948  1 0.0476 0.0623 0.0160 0.4759 0.0929 0.0213 0.0219 0.0511 0.2109 
   NS_SS0916  1 0.0068 0.0033 0.0073 0.0066 0.0069 0.9356 0.0234 0.0051 0.0049 
   NS_SS0995  1 0.0395 0.0033 0.0047 0.1440 0.1303 0.6166 0.0453 0.0086 0.0077 
   NS_SS0927  1 0.1023 0.0050 0.0307 0.0468 0.1327 0.5647 0.0377 0.0211 0.0591 
   NS_SS0992  1 0.0480 0.0031 0.0117 0.0288 0.0587 0.7224 0.0581 0.0576 0.0115 
   NS_SS0912  1 0.0364 0.0029 0.2553 0.0769 0.5196 0.0079 0.0793 0.0093 0.0125 
   NS_SS0981  1 0.0339 0.0037 0.0096 0.0176 0.0159 0.0185 0.8492 0.0159 0.0357 
   NS_SS0729  2 0.0121 0.0030 0.0522 0.0817 0.0236 0.7443 0.0046 0.0712 0.0073 
   NS_SS0967  2 0.4075 0.0145 0.0275 0.0282 0.0622 0.0316 0.0278 0.2523 0.1485 
   NS_SS0941  2 0.1683 0.0845 0.0224 0.0093 0.0309 0.5826 0.0089 0.0140 0.0790 
   NS_SS0768  2 0.0249 0.0050 0.0426 0.0161 0.2104 0.0199 0.1208 0.5279 0.0323 
   NS_SS0726  2 0.0085 0.0069 0.0169 0.0327 0.0051 0.9042 0.0061 0.0122 0.0075 
   NS_SS0763  2 0.1847 0.0026 0.0957 0.0426 0.1560 0.2388 0.0232 0.1953 0.0611 
   NS_SS0730  2 0.0334 0.0027 0.0321 0.0079 0.1185 0.0434 0.2863 0.3381 0.1375 
   NS_SS0774  2 0.0152 0.0009 0.0047 0.0152 0.0113 0.0071 0.0070 0.0908 0.8478 
   NS_SS0723  2 0.5050 0.0016 0.0058 0.0371 0.0346 0.0232 0.2276 0.0652 0.0999 
   NS_SS0940  2 0.0191 0.0059 0.0453 0.0319 0.0630 0.5604 0.0314 0.0052 0.2377 
   NS_SS0762  2 0.6381 0.0033 0.0113 0.0086 0.0119 0.0254 0.0531 0.1772 0.0710 
   NS_SS0766  2 0.0973 0.0150 0.0520 0.0122 0.2776 0.3344 0.0246 0.0070 0.1799 
   NS_SS0724  2 0.0557 0.0050 0.0247 0.0193 0.0101 0.0376 0.0782 0.7461 0.0233 
   NS_SS0769  2 0.0275 0.0041 0.0238 0.0170 0.0499 0.0526 0.1582 0.6060 0.0609 
   NS_SS0777  2 0.2378 0.0136 0.0859 0.1880 0.0163 0.0094 0.0120 0.0077 0.4292 
   NS_SS0734  2 0.0530 0.0269 0.2940 0.0231 0.3801 0.0448 0.1015 0.0091 0.0675 
   NS_SS0737  2 0.0219 0.0061 0.0071 0.0071 0.0078 0.8300 0.0166 0.0840 0.0193 
   NS_SS0732  2 0.0401 0.0069 0.0064 0.6591 0.0258 0.1489 0.0746 0.0145 0.0238 
   NS_SS0728  2 0.2113 0.0126 0.0199 0.0168 0.2206 0.3266 0.0499 0.0791 0.0633 
   NS_SS0735  2 0.0319 0.0099 0.0151 0.1690 0.1005 0.3040 0.0113 0.3415 0.0167 
   NS_SS0725  2 0.0087 0.0093 0.0371 0.0243 0.0111 0.0168 0.0974 0.7672 0.0282 
   NS_SS0788  2 0.2741 0.0019 0.0120 0.0284 0.0827 0.1259 0.1571 0.2606 0.0573 
   NS_SS0778  2 0.8172 0.0014 0.0150 0.0452 0.0149 0.0096 0.0464 0.0165 0.0338 
   NS_SS0792  2 0.4250 0.0053 0.0182 0.0982 0.0315 0.3483 0.0548 0.0110 0.0078 
   NS_SS0943  2 0.0173 0.0090 0.7784 0.0109 0.0206 0.0099 0.0108 0.1394 0.0038 
   NS_SS0791  2 0.0080 0.0101 0.0191 0.0086 0.0310 0.7695 0.1423 0.0043 0.0071 
   NS_SS0790  2 0.0085 0.0032 0.0033 0.0066 0.0561 0.0068 0.0166 0.8829 0.0159 
   NS_SS0731  2 0.0240 0.0169 0.0181 0.0179 0.1178 0.0082 0.0323 0.0975 0.6672 
   NS_SS0727  2 0.0073 0.0019 0.2672 0.0181 0.0583 0.5730 0.0041 0.0106 0.0595 
   NS_SS0779  2 0.2672 0.0069 0.0138 0.2415 0.0301 0.0632 0.0162 0.0138 0.3474 
   NS_SS0776  2 0.0377 0.0066 0.0455 0.0969 0.0110 0.0291 0.1410 0.1635 0.4687 
   NS_SS0775  2 0.0094 0.0064 0.0051 0.0038 0.0122 0.0094 0.0107 0.0083 0.9347 
   NS_SS0965  3 0.6322 0.0017 0.0195 0.0047 0.0540 0.0141 0.2230 0.0358 0.0149 
   NS_SS0754  3 0.0862 0.0115 0.0726 0.0143 0.0499 0.7123 0.0144 0.0112 0.0275 
   NS_SS0838  3 0.0115 0.0525 0.0178 0.2412 0.1542 0.3695 0.0394 0.0698 0.0441 
   NS_SS0839  3 0.0084 0.0038 0.0089 0.0094 0.0110 0.2953 0.0778 0.5259 0.0596 
   NS_SS0832  3 0.1946 0.0540 0.0058 0.0161 0.0862 0.0204 0.1243 0.0431 0.4557 
   NS_SS0820  3 0.0088 0.0053 0.0040 0.0047 0.0207 0.0102 0.9149 0.0177 0.0138 
   NS_SS0886  3 0.0149 0.0022 0.0219 0.0405 0.6570 0.1431 0.0607 0.0274 0.0323 
   NS_SS0748  3 0.0238 0.0103 0.0453 0.0612 0.0236 0.0135 0.0146 0.0624 0.7453 
   NS_SS0884  3 0.3099 0.0257 0.0371 0.0235 0.0104 0.3296 0.0284 0.0824 0.1530 
   NS_SS0752  3 0.0388 0.0024 0.0179 0.1499 0.0167 0.6704 0.0312 0.0348 0.0379 
   NS_SS0862  3 0.0192 0.0065 0.0071 0.0366 0.0740 0.0896 0.5199 0.2385 0.0087 
   NS_SS0787  3 0.0636 0.0074 0.8462 0.0094 0.0072 0.0048 0.0464 0.0083 0.0066 
   NS_SS0843  3 0.0826 0.0022 0.0141 0.0477 0.0269 0.0509 0.0954 0.6690 0.0112 
   NS_SS0856  3 0.0079 0.0027 0.0109 0.0197 0.7528 0.0642 0.0544 0.0502 0.0372 
   NS_SS0846  3 0.0450 0.0028 0.0229 0.0515 0.0262 0.0174 0.0233 0.7504 0.0605 
   NS_SS0825  3 0.0402 0.0133 0.0171 0.0765 0.0563 0.0477 0.6989 0.0311 0.0188 
   NS_SS0757  3 0.2052 0.0055 0.0210 0.5864 0.0663 0.0287 0.0133 0.0176 0.0560 
   NS_SS0876  3 0.0067 0.2030 0.0068 0.0050 0.7095 0.0093 0.0077 0.0419 0.0101 
   NS_SS0903  3 0.0156 0.0030 0.0063 0.0434 0.0213 0.1883 0.0097 0.6938 0.0186 
   NS_SS0875  3 0.0293 0.0031 0.0149 0.0212 0.8394 0.0079 0.0254 0.0219 0.0367 
   NS_SS0740  3 0.1925 0.0037 0.0202 0.4696 0.0172 0.1604 0.0273 0.0639 0.0451 
   NS_SS0811  3 0.0119 0.0102 0.0170 0.0242 0.3453 0.0116 0.1347 0.0411 0.4040 
   NS_SS0751  3 0.0249 0.0029 0.0406 0.0768 0.0130 0.1169 0.5586 0.0202 0.1461 
   NS_SS0891  3 0.0118 0.0056 0.0082 0.0110 0.4997 0.0128 0.0170 0.4171 0.0169 
   NS_SS0867  3 0.8571 0.0218 0.0423 0.0126 0.0158 0.0125 0.0109 0.0176 0.0093 
   NS_SS0890  3 0.1480 0.0038 0.0270 0.0439 0.1183 0.4605 0.0118 0.0237 0.1629 
   NS_SS0866  3 0.0220 0.0064 0.0912 0.8036 0.0167 0.0107 0.0190 0.0063 0.0241 
   NS_SS0755  3 0.0399 0.0086 0.0473 0.0336 0.1631 0.0219 0.3762 0.0875 0.2220 
   NS_SS0758  3 0.0145 0.0021 0.0117 0.0390 0.6298 0.2268 0.0125 0.0463 0.0174 
   NS_SS0840  3 0.0112 0.0028 0.0059 0.0103 0.0836 0.0204 0.1100 0.7440 0.0117 
   NS_SS0889  3 0.0086 0.0025 0.5202 0.0649 0.3385 0.0125 0.0274 0.0197 0.0058 
   NS_SS1010  3 0.1407 0.0530 0.0152 0.0081 0.0281 0.0238 0.2887 0.4304 0.0118 
   NS_SS0888  3 0.1534 0.0022 0.2989 0.0194 0.0465 0.4369 0.0168 0.0070 0.0189 
   NS_SS0837  3 0.2320 0.0021 0.0275 0.0253 0.1675 0.0165 0.3308 0.1385 0.0598 
   NS_SS0794  3 0.1236 0.0021 0.3834 0.0307 0.3522 0.0408 0.0109 0.0072 0.0491 
   NS_SS0823  3 0.0245 0.0057 0.0090 0.1516 0.4423 0.1670 0.0394 0.1449 0.0156 
   NS_SS0829  3 0.0133 0.0892 0.0101 0.8386 0.0218 0.0065 0.0054 0.0082 0.0068 
   NS_SS0844  3 0.0091 0.0016 0.0049 0.0070 0.0096 0.0141 0.0096 0.9389 0.0050 
   NS_SS1008  3 0.0124 0.0120 0.4089 0.0957 0.1964 0.0877 0.0143 0.0430 0.1296 
   NS_SS0881  3 0.1634 0.0030 0.0818 0.0103 0.0558 0.0169 0.5647 0.0279 0.0762 
   NS_SS0834  3 0.0109 0.0061 0.0100 0.0038 0.0119 0.0350 0.0427 0.8699 0.0095 
   NS_SS0744  3 0.0367 0.0066 0.0151 0.0186 0.7521 0.1040 0.0272 0.0329 0.0068 
   NS_SS0899  3 0.0103 0.0014 0.0030 0.5738 0.0110 0.0049 0.0162 0.3718 0.0076 
   NS_SS0804  3 0.0413 0.0053 0.0040 0.0190 0.0779 0.1052 0.4008 0.2554 0.0910 
   NS_SS0781  3 0.1882 0.0041 0.0036 0.0267 0.0301 0.0084 0.0478 0.5754 0.1158 
   NS_SS0822  3 0.0042 0.0021 0.0328 0.9064 0.0065 0.0118 0.0066 0.0205 0.0091 
   NS_SS1004  3 0.6367 0.0046 0.0472 0.0118 0.0285 0.0484 0.0965 0.1185 0.0078 
   NS_SS0746  3 0.0137 0.0097 0.0144 0.0114 0.8668 0.0263 0.0103 0.0204 0.0271 
   NS_SS0880  3 0.0226 0.0021 0.0928 0.0407 0.0137 0.0306 0.0710 0.5888 0.1377 
   NS_SS0879  3 0.0545 0.0207 0.0305 0.0518 0.0885 0.0223 0.0217 0.6264 0.0836 
   NS_SS0753  3 0.2759 0.0100 0.1259 0.4304 0.0417 0.0626 0.0103 0.0133 0.0299 
   NS_SS1007  3 0.0071 0.0016 0.0083 0.0090 0.0102 0.9324 0.0096 0.0043 0.0175 
   NS_SS0872  3 0.0875 0.0020 0.0092 0.0060 0.0930 0.0292 0.0549 0.5506 0.1675 
   NS_SS1005  3 0.1398 0.0017 0.0119 0.0634 0.0804 0.0147 0.0233 0.6134 0.0515 
   NS_SS0892  3 0.3875 0.0018 0.0600 0.0297 0.0376 0.2629 0.0789 0.0569 0.0848 
   NS_SS0898  3 0.6342 0.0060 0.1236 0.1526 0.0096 0.0083 0.0364 0.0082 0.0211 
   NS_SS0801  3 0.0621 0.0100 0.0052 0.0131 0.6123 0.0110 0.0733 0.1990 0.0139 
   NS_SS0827  3 0.2101 0.1176 0.0276 0.0400 0.0076 0.0075 0.0113 0.0160 0.5623 
   NS_SS0853  3 0.2045 0.0058 0.0175 0.0191 0.2364 0.0153 0.0181 0.0263 0.4571 
   NS_SS0780  3 0.5674 0.0043 0.0088 0.0127 0.0994 0.0082 0.0885 0.2057 0.0050 
   NS_SS0826  3 0.0069 0.0033 0.0183 0.0385 0.0051 0.0052 0.0095 0.9058 0.0075 
   NS_SS0818  3 0.8998 0.0016 0.0110 0.0060 0.0095 0.0153 0.0301 0.0202 0.0065 
   NS_SS0745  3 0.0096 0.0015 0.0208 0.0068 0.0193 0.0061 0.0278 0.0073 0.9007 
   NS_SS0849  3 0.0233 0.0014 0.0213 0.3288 0.4741 0.0092 0.1032 0.0237 0.0151 
   NS_SS0739  3 0.0108 0.0142 0.0096 0.0394 0.1271 0.7005 0.0760 0.0063 0.0162 
   NS_SS0799  3 0.0414 0.0011 0.0386 0.2530 0.0181 0.6192 0.0095 0.0078 0.0113 
   NS_SS0756  3 0.0373 0.0053 0.0135 0.0167 0.0638 0.0294 0.0678 0.7122 0.0541 
   NS_SS0802  3 0.0089 0.1696 0.0262 0.0158 0.6982 0.0491 0.0183 0.0071 0.0068 
   NS_SS0747  3 0.1133 0.0078 0.0102 0.0552 0.0994 0.4700 0.0159 0.1399 0.0882 
   NS_SS0835  3 0.4103 0.0011 0.1111 0.0560 0.3293 0.0111 0.0216 0.0376 0.0218 
   NS_SS0742  3 0.0251 0.0017 0.0103 0.2353 0.0209 0.5450 0.0478 0.0924 0.0215 
   NS_SS0760  3 0.0297 0.0446 0.3873 0.0163 0.4635 0.0106 0.0198 0.0136 0.0146 
   NS_SS0803  3 0.0447 0.0112 0.0044 0.0059 0.0124 0.1355 0.0031 0.7750 0.0079 
   NS_SS0828  3 0.6575 0.0015 0.0668 0.0173 0.0295 0.1378 0.0150 0.0109 0.0638 
   NS_SS0865  3 0.0201 0.0248 0.0128 0.0488 0.0129 0.0060 0.8498 0.0144 0.0104 
   NS_SS0759  3 0.0583 0.0052 0.0087 0.0464 0.3008 0.0167 0.3735 0.1310 0.0593 
   NS_SS0851  3 0.0102 0.0124 0.0099 0.0056 0.2612 0.0038 0.5665 0.1013 0.0292 
   NS_SS0874  3 0.0132 0.0012 0.0072 0.0559 0.0104 0.0069 0.0070 0.8850 0.0133 
   NS_SS0761  3 0.0607 0.0030 0.1347 0.0756 0.6484 0.0277 0.0252 0.0155 0.0093 
   NS_SS0842  3 0.0110 0.0114 0.0498 0.0261 0.1700 0.0092 0.0109 0.0206 0.6910 
   NS_SS0785  3 0.6044 0.0073 0.0417 0.0364 0.1677 0.0332 0.0152 0.0630 0.0312 
   NS_SS0860  3 0.0514 0.0028 0.0066 0.7940 0.0649 0.0120 0.0442 0.0186 0.0054 
   NS_SS0897  3 0.0354 0.0021 0.6774 0.1505 0.0465 0.0439 0.0244 0.0135 0.0063 
   NS_SS0841  3 0.0415 0.0038 0.0552 0.0398 0.0755 0.0182 0.6808 0.0262 0.0589 
   NS_SS0797  3 0.0245 0.0286 0.2473 0.0056 0.0321 0.0088 0.6211 0.0126 0.0194 
   NS_SS0830  3 0.0285 0.0031 0.0892 0.3955 0.0488 0.0663 0.2663 0.0299 0.0725 
   NS_SS1011  3 0.0254 0.0070 0.0067 0.0070 0.0184 0.0320 0.5977 0.2898 0.0159 
   NS_SS0883  3 0.0120 0.0054 0.0065 0.1148 0.7815 0.0404 0.0168 0.0043 0.0182 
   NS_SS0782  3 0.0045 0.0027 0.0233 0.0155 0.9023 0.0170 0.0067 0.0172 0.0108 
   NS_SS0831  3 0.0103 0.0029 0.0133 0.0867 0.8252 0.0165 0.0131 0.0248 0.0072 
   NS_SS0749  3 0.0330 0.0041 0.0191 0.0271 0.2450 0.6319 0.0149 0.0081 0.0170 
   NS_SS0854  3 0.0320 0.0029 0.0340 0.0666 0.3692 0.3663 0.0449 0.0657 0.0183 
   HI_SS0193  4 0.0053 0.0018 0.9374 0.0065 0.0075 0.0154 0.0102 0.0111 0.0048 
   HI_SS0194  4 0.0077 0.0019 0.0210 0.0077 0.0130 0.0135 0.0113 0.9044 0.0194 
   HI_SS0195  4 0.0338 0.1046 0.0107 0.0090 0.0949 0.0195 0.4439 0.2484 0.0352 
   HI_SS0196  4 0.0200 0.0033 0.1939 0.1572 0.4159 0.1176 0.0126 0.0375 0.0420 
   HI_SS0197  4 0.3873 0.0115 0.0034 0.0129 0.0451 0.0320 0.4680 0.0115 0.0284 
   HI_SS0198  4 0.0726 0.0108 0.0205 0.1027 0.2048 0.4919 0.0489 0.0301 0.0176 
   HI_SS0199  4 0.0402 0.0023 0.0109 0.0066 0.0068 0.9156 0.0057 0.0047 0.0072 
   HI_SS0201  4 0.3007 0.0028 0.3569 0.0426 0.0644 0.1121 0.0344 0.0695 0.0165 
   HI_SS0215  4 0.6839 0.0031 0.0131 0.0096 0.2505 0.0085 0.0105 0.0150 0.0058 
   HI_SS0218  4 0.3206 0.0087 0.3914 0.0126 0.0221 0.2032 0.0223 0.0104 0.0087 
   HI_SS0222  4 0.0050 0.0043 0.0077 0.0053 0.9155 0.0186 0.0267 0.0061 0.0108 
   HI_SS0230  4 0.0500 0.0060 0.0104 0.0321 0.0698 0.0214 0.6013 0.1937 0.0153 
   HI_SS0234  4 0.0083 0.1323 0.0096 0.0070 0.0495 0.6524 0.0135 0.1170 0.0105 
   HI_SS0240  4 0.1066 0.0077 0.0140 0.0046 0.0262 0.7920 0.0214 0.0134 0.0141 
   HI_SS0241  4 0.8420 0.0019 0.0090 0.0092 0.0102 0.0532 0.0518 0.0088 0.0140 
   HI_SS0242  4 0.1266 0.0030 0.0508 0.0181 0.6198 0.0640 0.0328 0.0576 0.0273 
   HI_SS0247  4 0.0135 0.0324 0.0091 0.0101 0.0092 0.0066 0.1996 0.7024 0.0172 
   HI_SS0248  4 0.0068 0.0011 0.9009 0.0176 0.0120 0.0223 0.0062 0.0094 0.0238 
   HI_SS0252  4 0.0458 0.0030 0.0265 0.1892 0.0412 0.3779 0.0498 0.2595 0.0071 
   HI_SS0254  4 0.0257 0.1143 0.6275 0.0122 0.0147 0.1206 0.0296 0.0297 0.0256 
   HI_SS0256  4 0.0699 0.0018 0.0033 0.0034 0.0050 0.0120 0.0104 0.8881 0.0060 
   HI_SS0257  4 0.3421 0.0036 0.0529 0.2244 0.1561 0.1110 0.0133 0.0881 0.0085 
   HI_SS0258  4 0.0137 0.0072 0.8828 0.0162 0.0299 0.0202 0.0114 0.0094 0.0093 
   HI_SS0259  4 0.0178 0.0026 0.0046 0.0060 0.0150 0.0119 0.9007 0.0223 0.0192 
   HI_SS0260  4 0.0949 0.0023 0.1152 0.0179 0.0267 0.0310 0.0268 0.0333 0.6519 
   HI_SS0261  4 0.1257 0.0031 0.1718 0.1495 0.0139 0.1588 0.0388 0.0656 0.2727 
   HI_SS0262  4 0.0436 0.0070 0.0063 0.0149 0.0903 0.0462 0.7520 0.0202 0.0195 
   HI_SS0264  4 0.0264 0.0059 0.0501 0.0092 0.0288 0.0090 0.1058 0.7139 0.0509 
   HI_SS0265  4 0.0447 0.0977 0.0142 0.0074 0.0307 0.0133 0.6517 0.0554 0.0848 
   HI_SS0268  4 0.0593 0.0039 0.0858 0.0123 0.0523 0.0272 0.5600 0.0604 0.1389 
   HI_SS0269  4 0.0755 0.0022 0.0590 0.4552 0.0374 0.3113 0.0242 0.0258 0.0094 
   HI_SS0273  4 0.0867 0.0016 0.6280 0.0860 0.0114 0.0289 0.1284 0.0183 0.0107 
   HI_SS0277  4 0.0306 0.0038 0.0051 0.1097 0.0183 0.0620 0.7382 0.0274 0.0048 
   HI_SS0280  4 0.2167 0.0056 0.0226 0.0135 0.0469 0.0064 0.6628 0.0077 0.0178 
   HI_SS0282  4 0.0476 0.0020 0.6586 0.1485 0.0345 0.0308 0.0410 0.0259 0.0112 
   HI_SS0286  4 0.0156 0.0072 0.0303 0.0167 0.8565 0.0243 0.0179 0.0226 0.0089 
   NS_SS1252  5 0.0048 0.0033 0.0091 0.9261 0.0195 0.0109 0.0037 0.0046 0.0180 
   NS_SS1261  5 0.0132 0.0192 0.0144 0.0733 0.0126 0.7464 0.0155 0.0550 0.0503 
   NS_SS1225  5 0.0079 0.0574 0.0094 0.0184 0.0058 0.0081 0.0097 0.8791 0.0041 
   NS_SS1266  5 0.0671 0.0082 0.0063 0.0199 0.0229 0.0188 0.0318 0.8171 0.0080 
   NS_SS1228  5 0.0084 0.0125 0.0070 0.0064 0.0092 0.1138 0.8100 0.0090 0.0236 
   NS_SS1255  5 0.0103 0.0019 0.2611 0.0432 0.2807 0.0474 0.0400 0.2439 0.0714 
   NS_SS1267  5 0.0091 0.0146 0.2365 0.1107 0.1259 0.3835 0.0087 0.0070 0.1040 
   NS_SS1238  5 0.0094 0.0032 0.6149 0.0270 0.0186 0.0198 0.2565 0.0304 0.0202 
   NS_SS1233  5 0.0127 0.0017 0.0242 0.2058 0.0085 0.0037 0.0227 0.7093 0.0115 
   NS_SS1277  5 0.0068 0.0010 0.8975 0.0050 0.0074 0.0323 0.0105 0.0058 0.0337 
   NS_SS1245  5 0.0528 0.0021 0.1773 0.0624 0.5209 0.0293 0.0098 0.1312 0.0141 
   NS_SS1240  5 0.0153 0.0019 0.2809 0.2039 0.1435 0.3097 0.0112 0.0184 0.0152 
   NS_SS1275  5 0.0334 0.0025 0.0036 0.0062 0.0436 0.0241 0.8196 0.0306 0.0364 
   NS_SS1235  5 0.0102 0.0052 0.0223 0.0055 0.0129 0.0916 0.0119 0.8335 0.0067 
   NS_SS1263  5 0.0116 0.0009 0.0069 0.0180 0.0056 0.0066 0.0053 0.8982 0.0468 
   NS_SS1251  5 0.0397 0.0016 0.0065 0.0182 0.0092 0.0079 0.0095 0.8905 0.0169 
   NS_SS1248  5 0.0035 0.0886 0.2413 0.0143 0.5511 0.0094 0.0561 0.0057 0.0301 
   NS_SS1244  5 0.0105 0.0041 0.0375 0.0055 0.0065 0.4227 0.4885 0.0178 0.0069 
   NS_SS1257  5 0.0241 0.0250 0.0964 0.0392 0.5770 0.1685 0.0285 0.0239 0.0175 
   NS_SS1242  5 0.0204 0.0034 0.0133 0.0098 0.0655 0.0041 0.1420 0.5930 0.1486 
   NS_SS1271  5 0.0476 0.0432 0.6241 0.0121 0.0142 0.0838 0.0113 0.0047 0.1590 
   NS_SS1265  5 0.0472 0.0180 0.2400 0.1143 0.4863 0.0080 0.0115 0.0183 0.0563 
   NS_SS1243  5 0.0131 0.0967 0.0234 0.3904 0.1323 0.0176 0.2938 0.0119 0.0208 
   NS_SS1273  5 0.0056 0.0075 0.0053 0.0115 0.0052 0.0058 0.0046 0.0115 0.9431 
   NS_SS1254  5 0.3664 0.0080 0.0090 0.1003 0.0577 0.0431 0.0258 0.0883 0.3013 
   NS_SS1224  5 0.0560 0.0094 0.0096 0.0224 0.1833 0.1275 0.0213 0.5305 0.0401 
   NS_SS1227  5 0.7620 0.0019 0.0141 0.0110 0.0067 0.0341 0.0073 0.0051 0.1578 
   NS_SS1274  5 0.0107 0.0187 0.0758 0.0972 0.0610 0.4364 0.1592 0.1259 0.0150 
   NS_SS1241  5 0.3130 0.0012 0.4549 0.0824 0.0168 0.0515 0.0331 0.0269 0.0202 
   NS_SS1256  5 0.4013 0.0406 0.0299 0.0112 0.0402 0.0111 0.0178 0.4197 0.0282 
   NS_SS1260  5 0.0393 0.0646 0.0107 0.1749 0.0948 0.5877 0.0081 0.0118 0.0082 
   NS_SS1262  5 0.1212 0.1803 0.1095 0.0630 0.0236 0.2438 0.0576 0.1932 0.0078 
   NS_SS1230  5 0.0682 0.0079 0.3176 0.0173 0.3703 0.0248 0.0795 0.0340 0.0805 
   NS_SS1270  5 0.1824 0.0026 0.0661 0.0191 0.2749 0.0065 0.2679 0.1705 0.0099 
   NS_SS1229  5 0.0229 0.0039 0.0078 0.0765 0.0068 0.8403 0.0129 0.0196 0.0093 
   NS_SS1246  5 0.0195 0.0038 0.0662 0.3970 0.0086 0.0856 0.0273 0.0317 0.3603 
   NS_SS1269  5 0.5907 0.0028 0.0150 0.0105 0.2721 0.0494 0.0337 0.0094 0.0163 
   NS_SS1239  5 0.0215 0.0066 0.0266 0.0632 0.0143 0.7495 0.1029 0.0062 0.0092 
   NS_SS1272  5 0.0067 0.0072 0.0093 0.0126 0.0140 0.0142 0.0655 0.8620 0.0084 
   NS_SS1268  5 0.0750 0.0039 0.0795 0.3234 0.0155 0.0051 0.2323 0.2452 0.0201 
   NS_SS1249  5 0.0352 0.0154 0.5257 0.0170 0.2697 0.0925 0.0154 0.0178 0.0112 
   HI_SS0559  6 0.6195 0.0022 0.1899 0.0110 0.0246 0.0256 0.0177 0.0389 0.0706 
   HI_SS0563  6 0.0853 0.0031 0.0763 0.0146 0.2703 0.1092 0.0103 0.4055 0.0254 
   HI_SS0564  6 0.0243 0.0504 0.0137 0.4675 0.0102 0.2683 0.0174 0.1387 0.0095 
   HI_SS0565  6 0.3668 0.0054 0.0395 0.0865 0.0398 0.0089 0.0221 0.0208 0.4101 
   HI_SS0569  6 0.8000 0.0018 0.0645 0.0579 0.0192 0.0098 0.0127 0.0103 0.0238 
   HI_SS0570  6 0.0081 0.0371 0.8660 0.0069 0.0180 0.0278 0.0051 0.0130 0.0180 
   HI_SS0572  6 0.0111 0.0028 0.0059 0.0043 0.0219 0.0793 0.0103 0.8300 0.0345 
   HI_SS0576  6 0.0483 0.0057 0.0903 0.0383 0.1040 0.4205 0.1466 0.0197 0.1266 
   HI_SS0579  6 0.6001 0.0153 0.1836 0.0132 0.0135 0.0465 0.0059 0.1144 0.0076 
   HI_SS0580  6 0.8524 0.0050 0.0237 0.0090 0.0390 0.0193 0.0114 0.0173 0.0228 
   HI_SS0581  6 0.0038 0.0363 0.0050 0.0112 0.0171 0.0078 0.9035 0.0061 0.0093 
   HI_SS0583  6 0.0410 0.0032 0.0234 0.4898 0.0173 0.0886 0.0136 0.0866 0.2365 
   HI_SS0586  6 0.0992 0.0011 0.5671 0.2460 0.0154 0.0137 0.0106 0.0113 0.0355 
   HI_SS0588  6 0.8929 0.0128 0.0192 0.0150 0.0171 0.0184 0.0067 0.0138 0.0041 
   HI_SS0595  6 0.7887 0.0279 0.0307 0.0079 0.0258 0.0260 0.0633 0.0101 0.0195 
   HI_SS0596  6 0.0066 0.0019 0.0257 0.0095 0.0148 0.0204 0.0098 0.1532 0.7580 
   HI_SS0597  6 0.0242 0.0027 0.0124 0.0530 0.0962 0.0270 0.3437 0.0976 0.3431 
   HI_SS0600  6 0.6994 0.0032 0.0099 0.0833 0.0211 0.0577 0.1116 0.0067 0.0072 
   HI_SS0601  6 0.1664 0.0115 0.0216 0.0817 0.0133 0.2673 0.1766 0.2509 0.0107 
   HI_SS0602  6 0.9112 0.0024 0.0063 0.0165 0.0151 0.0168 0.0125 0.0067 0.0125 
   HI_SS0604  6 0.0271 0.0018 0.0250 0.3870 0.2091 0.0282 0.0084 0.2775 0.0359 
   HI_SS0605  6 0.0094 0.0042 0.0063 0.0077 0.9510 0.0076 0.0052 0.0033 0.0050 
   HI_SS0608  6 0.3375 0.0012 0.0333 0.5097 0.0200 0.0477 0.0095 0.0092 0.0320 
   HI_SS0609  6 0.2321 0.0011 0.0241 0.0236 0.1088 0.0158 0.1236 0.4090 0.0617 
   HI_SS0611  6 0.0133 0.0034 0.0524 0.6976 0.0675 0.1067 0.0358 0.0111 0.0123 
   HI_SS0612  6 0.8540 0.0066 0.0092 0.0060 0.0074 0.0165 0.0045 0.0889 0.0069 
   HI_SS0613  6 0.0134 0.0014 0.0086 0.0186 0.7881 0.0057 0.1177 0.0266 0.0200 
   HI_SS0615  6 0.0106 0.0108 0.0048 0.0109 0.0095 0.9253 0.0127 0.0076 0.0080 
   HI_SS0001  6 0.0664 0.0052 0.2857 0.0109 0.0356 0.1983 0.3274 0.0498 0.0207 
   HI_SS0002  6 0.1554 0.0319 0.0071 0.0221 0.0391 0.0144 0.0580 0.6631 0.0089 
   HI_SS0004  6 0.0096 0.0070 0.2048 0.0654 0.4716 0.1328 0.0244 0.0349 0.0495 
   HI_SS0005  6 0.0137 0.0068 0.0457 0.0164 0.0232 0.0286 0.8384 0.0061 0.0210 
   HI_SS0006  6 0.0662 0.0021 0.0103 0.5372 0.0477 0.0323 0.0264 0.2618 0.0160 
   HI_SS0007  6 0.0076 0.0026 0.8138 0.0155 0.1266 0.0064 0.0076 0.0068 0.0131 
   HI_SS0008  6 0.8476 0.0385 0.0081 0.0208 0.0144 0.0221 0.0190 0.0160 0.0136 
   HI_SS0009  6 0.0270 0.0081 0.3670 0.0288 0.2637 0.0949 0.1140 0.0304 0.0661 
   HI_SS0010  6 0.0699 0.0041 0.3867 0.0401 0.0094 0.0150 0.0495 0.0133 0.4120 
   HI_SS0011  6 0.0282 0.0987 0.0438 0.0209 0.0160 0.0097 0.1467 0.5751 0.0609 
   HI_SS0012  6 0.0453 0.0062 0.0052 0.0718 0.0406 0.6512 0.0482 0.1005 0.0311 
   HI_SS0017  6 0.0095 0.0020 0.2299 0.0144 0.0104 0.0157 0.0321 0.3448 0.3412 
   HI_SS0021  6 0.0067 0.2381 0.3833 0.0202 0.1485 0.0095 0.0326 0.0262 0.1350 
   HI_SS0024  6 0.0096 0.0022 0.1648 0.0091 0.0297 0.0742 0.0862 0.0549 0.5693 
   HI_SS0025  6 0.0125 0.0027 0.0071 0.0076 0.9160 0.0139 0.0038 0.0165 0.0198 
   HI_SS0027  6 0.0552 0.0149 0.5924 0.1853 0.0543 0.0614 0.0090 0.0191 0.0084 
   HI_SS0028  6 0.0501 0.0019 0.0080 0.0044 0.0232 0.0184 0.3302 0.0355 0.5284 
   HI_SS0029  6 0.0075 0.0064 0.0214 0.0142 0.0116 0.0178 0.0050 0.0077 0.9084 
   HI_SS0030  6 0.0206 0.0060 0.0344 0.1760 0.0149 0.6169 0.1037 0.0164 0.0111 
   HI_SS0031  6 0.9537 0.0022 0.0044 0.0034 0.0057 0.0084 0.0045 0.0042 0.0135 
   HI_SS0034  6 0.0844 0.0039 0.0290 0.0068 0.8447 0.0072 0.0067 0.0114 0.0058 
   HI_SS0036  6 0.0207 0.0156 0.4945 0.0184 0.0267 0.0139 0.3859 0.0038 0.0207 
   HI_SS0037  6 0.0402 0.0044 0.0720 0.2906 0.3999 0.0067 0.1441 0.0304 0.0117 
   HI_SS0039  6 0.0427 0.0027 0.5142 0.0047 0.0253 0.0117 0.0381 0.0049 0.3556 
   HI_SS0041  6 0.0062 0.0024 0.0060 0.0274 0.0284 0.4021 0.4697 0.0161 0.0416 
   HI_SS0042  6 0.0069 0.0763 0.0058 0.0066 0.8405 0.0154 0.0074 0.0084 0.0327 
   HI_SS0043  6 0.0110 0.0028 0.0339 0.8999 0.0082 0.0220 0.0077 0.0063 0.0082 
   HI_SS0044  6 0.0156 0.0024 0.1671 0.0037 0.0193 0.0257 0.0082 0.0063 0.7516 
   HI_SS0047  6 0.0899 0.0026 0.0333 0.1276 0.1941 0.2648 0.1292 0.1288 0.0297 
   HI_SS0049  6 0.1213 0.0055 0.0270 0.3016 0.0106 0.0357 0.1124 0.2895 0.0965 
   HI_SS0051  6 0.0048 0.0024 0.0056 0.0513 0.9139 0.0058 0.0037 0.0088 0.0037 
   HI_SS0053  6 0.1111 0.0060 0.1781 0.1195 0.0128 0.2057 0.1856 0.0122 0.1689 
   HI_SS0054  6 0.0173 0.0047 0.7598 0.0789 0.0110 0.0081 0.0860 0.0299 0.0044 
   HI_SS0057  6 0.0375 0.0036 0.0349 0.7263 0.0160 0.0255 0.1111 0.0279 0.0172 
   HI_SS0058  6 0.0060 0.0060 0.0215 0.0165 0.5070 0.0153 0.0107 0.4037 0.0131 
   HI_SS0060  6 0.2637 0.1089 0.2518 0.1025 0.0546 0.0546 0.1260 0.0272 0.0107 
   HI_SS0087  6 0.0194 0.0030 0.0449 0.1142 0.0509 0.0304 0.0493 0.6737 0.0143 
   HI_SS0091  6 0.5277 0.0013 0.0128 0.3216 0.0235 0.0377 0.0578 0.0130 0.0047 
   HI_SS0095  6 0.0465 0.0465 0.0065 0.0168 0.1063 0.6781 0.0190 0.0643 0.0159 
   HI_SS0097  6 0.0201 0.0048 0.0116 0.5012 0.0182 0.1015 0.0160 0.2642 0.0624 
   HI_SS0099  6 0.0108 0.0039 0.0049 0.0063 0.0064 0.0097 0.0080 0.0121 0.9379 
   HI_SS0103  6 0.0120 0.0038 0.0308 0.0958 0.0262 0.4140 0.0191 0.3706 0.0276 
   HI_SS0105  6 0.0312 0.0253 0.0241 0.0188 0.0540 0.0152 0.7692 0.0567 0.0055 
   HI_SS0107  6 0.0116 0.0010 0.0124 0.0080 0.0118 0.0267 0.0085 0.9033 0.0168 
   HI_SS0108  6 0.0074 0.0260 0.8127 0.0476 0.0757 0.0092 0.0091 0.0050 0.0073 
   HI_SS0110  6 0.1083 0.0013 0.0107 0.0198 0.0070 0.6587 0.1679 0.0070 0.0193 
   HI_SS0111  6 0.0342 0.0350 0.0264 0.0568 0.4674 0.2071 0.1080 0.0219 0.0431 
   HI_SS0112  6 0.0104 0.0014 0.9454 0.0070 0.0053 0.0100 0.0066 0.0064 0.0076 
   HI_SS0113  6 0.0120 0.0047 0.0054 0.0174 0.2478 0.0422 0.0238 0.6179 0.0290 
   HI_SS0114  6 0.7593 0.0049 0.0315 0.0431 0.0538 0.0692 0.0203 0.0079 0.0099 
   HI_SS0115  6 0.5885 0.0173 0.0843 0.0098 0.0256 0.1965 0.0084 0.0456 0.0240 
   HI_SS0116  6 0.0153 0.0030 0.0332 0.8201 0.0110 0.0351 0.0063 0.0079 0.0682 
   HI_SS0117  6 0.1650 0.0028 0.3295 0.0058 0.0083 0.0190 0.0166 0.4376 0.0155 
   HI_SS0118  6 0.2075 0.0120 0.0321 0.0429 0.4468 0.0213 0.0841 0.1021 0.0513 
   HI_SS0119  6 0.0281 0.0016 0.0383 0.6397 0.0158 0.1435 0.1070 0.0192 0.0068 
   HI_SS0120  6 0.0067 0.0038 0.0091 0.0078 0.0179 0.0790 0.0536 0.7901 0.0319 
   HI_SS0121  6 0.0075 0.0014 0.0055 0.0247 0.0405 0.0243 0.7652 0.0488 0.0821 
   HI_SS0122  6 0.0276 0.0198 0.0229 0.0548 0.0183 0.0188 0.8024 0.0215 0.0140 
   HI_SS0123  6 0.7924 0.0056 0.0044 0.0316 0.0113 0.0118 0.0390 0.0911 0.0128 
   HI_SS0124  6 0.0196 0.0032 0.0186 0.0177 0.0246 0.0105 0.5954 0.0168 0.2937 
   HI_SS0125  6 0.2636 0.0337 0.0054 0.0051 0.0052 0.5685 0.0923 0.0092 0.0171 
   HI_SS0126  6 0.0090 0.0010 0.8831 0.0089 0.0082 0.0099 0.0045 0.0076 0.0678 
   HI_SS0127  6 0.0317 0.0109 0.1454 0.0857 0.1782 0.2056 0.0211 0.1554 0.1660 
   HI_SS0128  6 0.0188 0.0029 0.0186 0.0094 0.0084 0.7938 0.0107 0.0154 0.1221 
   HI_SS0129  6 0.0098 0.0073 0.0985 0.0142 0.7250 0.0383 0.0680 0.0218 0.0170 
   HI_SS0131  6 0.0227 0.0400 0.8040 0.0070 0.0140 0.0184 0.0620 0.0259 0.0061 
   HI_SS0132  6 0.6479 0.0006 0.0364 0.0120 0.0239 0.0168 0.2138 0.0160 0.0325 
   HI_SS0133  6 0.0044 0.0015 0.9676 0.0093 0.0045 0.0034 0.0036 0.0028 0.0029 
   HI_SS0134  6 0.3568 0.0025 0.2443 0.0237 0.0966 0.0471 0.0275 0.1871 0.0144 
   HI_SS0142  6 0.5710 0.0246 0.0069 0.0574 0.0196 0.0223 0.0783 0.1368 0.0830 
   HI_SS0145  6 0.1840 0.0023 0.2825 0.0307 0.0887 0.1253 0.0169 0.1662 0.1033 
   HI_SS0146  6 0.0267 0.0016 0.8041 0.0151 0.0096 0.0418 0.0391 0.0127 0.0494 
   HI_SS0147  6 0.0258 0.0331 0.0140 0.0136 0.6504 0.0100 0.0773 0.1515 0.0244 
   HI_SS0149  6 0.0097 0.0038 0.0237 0.0559 0.0050 0.0068 0.8159 0.0614 0.0179 
   HI_SS0150  6 0.0682 0.0064 0.0108 0.0090 0.0198 0.4018 0.3868 0.0316 0.0656 
   HI_SS0151  6 0.0233 0.0112 0.0108 0.0530 0.0356 0.8253 0.0121 0.0241 0.0045 
   NS_SS1451  6 0.0270 0.0045 0.0239 0.0160 0.0152 0.2143 0.4358 0.1600 0.1034 
   NS_SS1404  6 0.0151 0.0122 0.0334 0.0068 0.5481 0.0123 0.0588 0.2284 0.0849 
   NS_SS1432  6 0.0113 0.0443 0.0051 0.0132 0.0120 0.0173 0.1311 0.0076 0.7582 
   NS_SS1405  6 0.0197 0.0035 0.3205 0.0109 0.1765 0.0275 0.0101 0.0662 0.3651 
   NS_SS1431  6 0.0079 0.0008 0.0111 0.0135 0.0122 0.0102 0.1879 0.0185 0.7380 
   NS_SS1402  6 0.0422 0.0030 0.0089 0.0199 0.0108 0.1464 0.0115 0.7471 0.0103 
   NS_SS1450  6 0.0853 0.0039 0.4211 0.0259 0.1595 0.1712 0.0905 0.0240 0.0186 
   NS_SS1396  6 0.0040 0.0068 0.0260 0.0409 0.0080 0.0336 0.7198 0.0103 0.1505 
   NS_SS1393  6 0.0160 0.0035 0.0042 0.8895 0.0180 0.0120 0.0263 0.0075 0.0230 
   NS_SS1392  6 0.0742 0.0212 0.0441 0.0167 0.0604 0.6362 0.0939 0.0363 0.0171 
   NS_SS1445  6 0.1256 0.0122 0.5034 0.0774 0.0596 0.1325 0.0373 0.0182 0.0339 
   NS_SS1423  6 0.0226 0.0012 0.2938 0.0102 0.0068 0.5120 0.0087 0.1357 0.0091 
   NS_SS1421  6 0.0067 0.1030 0.4642 0.1137 0.0080 0.0600 0.1919 0.0324 0.0201 
   NS_SS1411  6 0.0078 0.0019 0.6684 0.2063 0.0473 0.0103 0.0345 0.0044 0.0190 
   NS_SS1453  6 0.0105 0.0056 0.0612 0.0771 0.1250 0.2192 0.4464 0.0244 0.0306 
   NS_SS1442  6 0.0318 0.0038 0.2318 0.4056 0.0524 0.0520 0.0407 0.0522 0.1298 
   NS_SS1422  6 0.0249 0.0120 0.0465 0.0135 0.0114 0.6243 0.0160 0.2436 0.0078 
   NS_SS1419  6 0.0055 0.1745 0.0088 0.5140 0.1584 0.0349 0.0140 0.0718 0.0181 
   NS_SS1427  6 0.0235 0.0019 0.2524 0.0277 0.0090 0.6532 0.0107 0.0061 0.0155 
   NS_SS1444  6 0.0137 0.0032 0.0067 0.0317 0.0524 0.0112 0.0207 0.0114 0.8489 
   NS_SS1455  6 0.0077 0.0015 0.0100 0.0161 0.0069 0.0128 0.0167 0.8842 0.0441 
   NS_SS1425  6 0.0049 0.0014 0.0494 0.9176 0.0067 0.0047 0.0072 0.0051 0.0031 
   NS_SS1400  6 0.0072 0.0015 0.8763 0.0541 0.0164 0.0049 0.0092 0.0186 0.0118 
   NS_SS1406  6 0.0171 0.0094 0.0042 0.0081 0.0101 0.0118 0.0347 0.8922 0.0125 
   NS_SS1417  6 0.0077 0.0080 0.0464 0.0504 0.0097 0.0106 0.0118 0.8424 0.0130 
   NS_SS1454  6 0.0096 0.0015 0.1473 0.0372 0.0169 0.0152 0.7109 0.0397 0.0216 
   NS_SS1412  6 0.0362 0.0204 0.1077 0.0269 0.5940 0.0101 0.0265 0.0450 0.1333 
   NS_SS1438  6 0.0159 0.0014 0.0225 0.1378 0.7826 0.0202 0.0061 0.0107 0.0026 
   NS_SS1416  6 0.0103 0.0064 0.0053 0.0547 0.7988 0.0215 0.0208 0.0278 0.0544 
   NS_SS1401  6 0.0708 0.0158 0.0201 0.2132 0.0191 0.0787 0.4049 0.0514 0.1261 
   NS_SS1424  6 0.0199 0.0156 0.6917 0.1050 0.0233 0.0113 0.0526 0.0231 0.0576 
   NS_SS1435  6 0.3801 0.0028 0.4036 0.0063 0.0145 0.0171 0.1411 0.0112 0.0232 
   NS_SS1447  6 0.0142 0.0073 0.0121 0.0230 0.1020 0.0141 0.1673 0.6078 0.0522 
   NS_SS1414  6 0.0342 0.0071 0.0176 0.0162 0.0844 0.0061 0.0173 0.7865 0.0306 
   NS_SS1449  6 0.0060 0.0033 0.0049 0.0143 0.0061 0.9139 0.0183 0.0280 0.0052 
   NS_SS1443  6 0.4289 0.0021 0.0942 0.0341 0.0059 0.4001 0.0138 0.0140 0.0070 
   NS_SS1434  6 0.0550 0.0008 0.3392 0.0798 0.0818 0.2490 0.0235 0.0268 0.1441 
   NS_SS1398  6 0.1163 0.0208 0.0541 0.0630 0.3887 0.0428 0.2277 0.0232 0.0635 
   NS_SS1426  6 0.1462 0.0018 0.1771 0.5932 0.0166 0.0313 0.0137 0.0088 0.0114 
   NS_SS1413  6 0.0075 0.0096 0.9365 0.0108 0.0045 0.0077 0.0041 0.0107 0.0087 
   NS_SS1395  6 0.2893 0.0098 0.0192 0.0465 0.0200 0.5500 0.0479 0.0128 0.0045 
   NS_SS1448  6 0.0092 0.0022 0.7867 0.0041 0.0144 0.0206 0.0219 0.0144 0.1264 
   NS_SS1446  6 0.1258 0.0037 0.0383 0.0174 0.2161 0.2983 0.1267 0.1180 0.0557 
   NS_SS1403  6 0.1098 0.0072 0.0077 0.0670 0.0235 0.2019 0.0290 0.0196 0.5342 
   NS_SS1415  6 0.0127 0.0084 0.9244 0.0128 0.0064 0.0135 0.0061 0.0061 0.0095 
   NS_SS1437  6 0.0423 0.0110 0.0348 0.0075 0.0166 0.0185 0.0243 0.0303 0.8147 
   NS_SS1439  6 0.8489 0.0025 0.0042 0.0082 0.0235 0.0171 0.0265 0.0610 0.0081 
   NS_SS1441  6 0.9013 0.0021 0.0136 0.0078 0.0174 0.0297 0.0057 0.0069 0.0154 
   NS_SS1420  6 0.0487 0.0034 0.0090 0.2402 0.2821 0.0330 0.3423 0.0176 0.0237 
   NS_SS1394  6 0.0157 0.0503 0.0079 0.0724 0.0166 0.0212 0.0535 0.0381 0.7244 
   NS_SS1391  6 0.1683 0.0136 0.2486 0.0174 0.0781 0.3503 0.0304 0.0320 0.0613 
   NS_SS1410  6 0.0153 0.0129 0.0315 0.0556 0.0766 0.2733 0.4231 0.0160 0.0957 
   NS_SS1408  6 0.0870 0.0538 0.0156 0.0060 0.5183 0.1319 0.1519 0.0143 0.0212 
   NS_SS1409  6 0.2024 0.0023 0.0265 0.1102 0.3697 0.2117 0.0194 0.0130 0.0449 
   HI_SS0617  7 0.0154 0.0014 0.0071 0.0128 0.6301 0.2833 0.0120 0.0227 0.0152 
   HI_SS0618  7 0.0373 0.0034 0.0179 0.2415 0.0461 0.4633 0.0218 0.0362 0.1324 
   HI_SS0619  7 0.0507 0.0051 0.0322 0.0844 0.0588 0.0178 0.0778 0.0197 0.6536 
   HI_SS0620  7 0.0087 0.0033 0.8699 0.0224 0.0226 0.0431 0.0049 0.0165 0.0088 
   HI_SS0621  7 0.0199 0.0130 0.0132 0.0158 0.1656 0.5610 0.0200 0.0444 0.1471 
   HI_SS0622  7 0.0376 0.0136 0.1265 0.0159 0.0305 0.0178 0.0253 0.1062 0.6266 
   HI_SS0626  7 0.0639 0.0073 0.0524 0.0280 0.1981 0.0279 0.3710 0.0153 0.2362 
   HI_SS0627  7 0.0085 0.0079 0.0089 0.0952 0.0567 0.0177 0.7664 0.0247 0.0141 
   HI_SS0628  7 0.0801 0.0551 0.0553 0.0153 0.5361 0.0484 0.1775 0.0163 0.0158 
   HI_SS0629  7 0.0146 0.0056 0.0403 0.2210 0.0300 0.5615 0.0448 0.0373 0.0449 
   HI_SS0630  7 0.0328 0.0508 0.2159 0.0143 0.5109 0.0236 0.0905 0.0049 0.0563 
   HI_SS0631  7 0.0812 0.0009 0.5779 0.0438 0.0676 0.1413 0.0458 0.0141 0.0275 
   HI_SS0632  7 0.0272 0.0037 0.2307 0.1369 0.2976 0.0412 0.2220 0.0172 0.0236 
   HI_SS0633  7 0.0087 0.0041 0.0111 0.0203 0.0125 0.1525 0.0101 0.0254 0.7552 
   HI_SS0634  7 0.0160 0.0028 0.0380 0.0315 0.0647 0.0143 0.8144 0.0077 0.0107 
   HI_SS0635  7 0.8279 0.0091 0.0151 0.0079 0.0303 0.0111 0.0232 0.0275 0.0479 
   HI_SS0637  7 0.0258 0.0027 0.0040 0.0131 0.9076 0.0079 0.0244 0.0087 0.0057 
   HI_SS0638  7 0.0271 0.0020 0.7368 0.0340 0.0731 0.0188 0.0325 0.0164 0.0594 
   HI_SS0639  7 0.2823 0.0542 0.0066 0.0091 0.0201 0.1768 0.3308 0.0213 0.0988 
   HI_SS0640  7 0.7559 0.0022 0.0994 0.0223 0.0177 0.0459 0.0074 0.0142 0.0350 
   HI_SS0641  7 0.0146 0.0040 0.0266 0.0118 0.9153 0.0063 0.0050 0.0059 0.0104 
   HI_SS0642  7 0.1254 0.0017 0.0144 0.0083 0.0049 0.0317 0.7890 0.0095 0.0152 
   HI_SS0645  7 0.0078 0.0011 0.0129 0.5882 0.0120 0.0101 0.1488 0.0114 0.2077 
   HI_SS0646  7 0.5179 0.0025 0.0128 0.0072 0.0121 0.2400 0.0885 0.1100 0.0088 
   HI_SS0647  7 0.0244 0.0013 0.3871 0.0093 0.0981 0.0275 0.0918 0.3514 0.0092 
   HI_SS0648  7 0.2527 0.0038 0.2350 0.0740 0.0225 0.0233 0.0739 0.0913 0.2234 
   HI_SS0649  7 0.0206 0.0020 0.0060 0.4317 0.1155 0.0515 0.0419 0.0187 0.3121 
   HI_SS0650  7 0.0107 0.0040 0.0062 0.0561 0.3794 0.4927 0.0192 0.0166 0.0151 
   HI_SS0651  7 0.8966 0.0040 0.0140 0.0132 0.0090 0.0145 0.0071 0.0282 0.0134 
   HI_SS0652  7 0.0169 0.0035 0.0195 0.0701 0.4552 0.0097 0.3727 0.0230 0.0295 
   NS_SS1371  7 0.1106 0.0062 0.0088 0.0131 0.0125 0.8124 0.0103 0.0179 0.0082 
   NS_SS1374  7 0.0171 0.0027 0.7657 0.0078 0.1086 0.0174 0.0511 0.0054 0.0242 
   NS_SS1337  7 0.0058 0.0021 0.0053 0.0040 0.0059 0.0122 0.9330 0.0289 0.0028 
   NS_SS1385  7 0.1172 0.0058 0.0159 0.0216 0.0194 0.0180 0.0139 0.0758 0.7126 
   NS_SS1388  7 0.0195 0.0061 0.0109 0.0530 0.0236 0.0138 0.0158 0.0234 0.8339 
   NS_SS1370  7 0.0042 0.0061 0.0064 0.0179 0.0853 0.0329 0.8350 0.0073 0.0050 
   NS_SS1389  7 0.0040 0.0030 0.0066 0.0051 0.0099 0.0035 0.0051 0.0115 0.9514 
   NS_SS1360  7 0.4176 0.0041 0.2081 0.1010 0.0466 0.1477 0.0200 0.0382 0.0167 
   NS_SS1330  7 0.1093 0.0040 0.0246 0.0105 0.1501 0.1695 0.1070 0.2768 0.1481 
   NS_SS1328  7 0.0210 0.0022 0.8762 0.0177 0.0109 0.0268 0.0072 0.0184 0.0195 
   NS_SS1384  7 0.9515 0.0034 0.0063 0.0061 0.0038 0.0054 0.0064 0.0136 0.0033 
   NS_SS1381  7 0.0069 0.0008 0.0071 0.0211 0.0099 0.2944 0.0112 0.6183 0.0301 
   NS_SS1375  7 0.6983 0.0013 0.0422 0.0057 0.0163 0.0329 0.0118 0.0079 0.1836 
   NS_SS1319  7 0.2011 0.0802 0.0083 0.0037 0.0251 0.6353 0.0279 0.0077 0.0107 
   NS_SS1326  7 0.0079 0.0118 0.8812 0.0131 0.0186 0.0308 0.0132 0.0088 0.0147 
   NS_SS1341  7 0.0151 0.0058 0.0084 0.7835 0.0304 0.0185 0.0785 0.0275 0.0323 
   NS_SS1383  7 0.0153 0.0042 0.0210 0.0132 0.0210 0.8701 0.0365 0.0115 0.0072 
   NS_SS1318  7 0.0112 0.0200 0.0272 0.0433 0.7398 0.0834 0.0059 0.0531 0.0161 
   NS_SS1348  7 0.1067 0.0022 0.7218 0.0349 0.0215 0.0721 0.0162 0.0136 0.0109 
   NS_SS1363  7 0.0091 0.0033 0.0298 0.0088 0.8881 0.0061 0.0238 0.0191 0.0121 
   NS_SS1335  7 0.6864 0.0222 0.0338 0.0206 0.0108 0.1719 0.0444 0.0046 0.0053 
   NS_SS1358  7 0.1012 0.0105 0.0930 0.1385 0.0081 0.0846 0.0675 0.4937 0.0027 
   NS_SS1342  7 0.0327 0.0017 0.0575 0.0096 0.0463 0.0473 0.0158 0.7749 0.0144 
   NS_SS1320  7 0.0174 0.0077 0.0069 0.0107 0.0093 0.0072 0.0778 0.8217 0.0413 
   NS_SS1355  7 0.0069 0.0105 0.0020 0.0122 0.6271 0.0267 0.0074 0.2883 0.0188 
   NS_SS1345  7 0.0186 0.0172 0.0104 0.0129 0.0125 0.0065 0.0068 0.9062 0.0089 
   NS_SS1324  7 0.1109 0.0032 0.0790 0.0080 0.0809 0.5895 0.0160 0.0377 0.0748 
   NS_SS1347  7 0.0188 0.0039 0.0079 0.3922 0.0082 0.4546 0.0731 0.0126 0.0287 
   NS_SS1321  7 0.0265 0.0013 0.0258 0.0866 0.0310 0.0307 0.7733 0.0088 0.0161 
   NS_SS1333  7 0.4458 0.0035 0.0539 0.0163 0.0169 0.0538 0.3025 0.0109 0.0964 
   NS_SS1364  7 0.0530 0.0026 0.1493 0.2379 0.0998 0.0079 0.0066 0.4328 0.0101 
   NS_SS1379  7 0.0050 0.0496 0.0056 0.8732 0.0073 0.0080 0.0128 0.0321 0.0065 
   NS_SS1332  7 0.0096 0.0054 0.4836 0.0072 0.0049 0.0069 0.0063 0.0052 0.4708 
   NS_SS1338  7 0.0077 0.0058 0.0177 0.9229 0.0080 0.0096 0.0172 0.0050 0.0059 
   NS_SS1368  7 0.0241 0.0047 0.2360 0.0081 0.0228 0.0095 0.0269 0.0290 0.6388 
   NS_SS1354  7 0.0569 0.0163 0.0148 0.0176 0.0785 0.0216 0.1537 0.6004 0.0402 
   NS_SS1365  7 0.0292 0.0121 0.2822 0.0167 0.1360 0.0158 0.0353 0.0168 0.4559 
   NS_SS1380  7 0.0159 0.0199 0.0039 0.0026 0.0413 0.0088 0.0085 0.8518 0.0473 
   NS_SS1329  7 0.0115 0.0045 0.0540 0.2883 0.0139 0.0174 0.0346 0.5338 0.0419 
   NS_SS1362  7 0.0346 0.0042 0.0280 0.0087 0.0237 0.0799 0.0161 0.7936 0.0112 
   NS_SS1327  7 0.0157 0.0043 0.9015 0.0199 0.0090 0.0207 0.0123 0.0034 0.0131 
   NS_SS1350  7 0.0762 0.0075 0.0082 0.0045 0.1162 0.7608 0.0113 0.0041 0.0112 
   NS_SS1387  7 0.0249 0.0026 0.0063 0.5320 0.0122 0.0172 0.0109 0.0103 0.3837 
   NS_SS1369  7 0.0365 0.0037 0.1527 0.5227 0.1758 0.0353 0.0260 0.0357 0.0115 
