   NS_SS0963  1 0.0053 0.6600 0.0144 0.0092 0.0057 0.0045 0.1638 0.0534 0.0710 0.0127 
   NS_SS0983  1 0.0034 0.0934 0.0095 0.0053 0.4450 0.0037 0.0091 0.0024 0.3264 0.1020 
   NS_SS0719  1 0.0051 0.0472 0.6291 0.0288 0.0111 0.1065 0.0396 0.0119 0.0419 0.0788 
   NS_SS1001  1 0.0063 0.0098 0.0916 0.1754 0.4605 0.0933 0.0315 0.0111 0.1075 0.0129 
   NS_SS0936  1 0.0025 0.0518 0.0333 0.0096 0.0256 0.4782 0.2676 0.0932 0.0204 0.0178 
   NS_SS0955  1 0.0035 0.9213 0.0106 0.0142 0.0134 0.0055 0.0070 0.0044 0.0089 0.0111 
   NS_SS0944  1 0.0023 0.0308 0.0404 0.6293 0.0232 0.0123 0.0134 0.1138 0.1004 0.0339 
   NS_SS0945  1 0.0120 0.0053 0.0076 0.6963 0.0057 0.2334 0.0089 0.0205 0.0061 0.0044 
   NS_SS0922  1 0.0290 0.0100 0.0178 0.0032 0.0141 0.0368 0.0157 0.1624 0.1023 0.6087 
   NS_SS0929  1 0.0038 0.0177 0.0272 0.0294 0.7592 0.0258 0.0183 0.0408 0.0161 0.0617 
   NS_SS0956  1 0.0043 0.0129 0.0305 0.0204 0.1050 0.0488 0.1034 0.0776 0.5207 0.0764 
   NS_SS0906  1 0.0036 0.4349 0.3918 0.0128 0.0435 0.0111 0.0233 0.0615 0.0100 0.0075 
   NS_SS0721  1 0.0036 0.1008 0.7400 0.0114 0.0113 0.0138 0.0350 0.0034 0.0311 0.0495 
   NS_SS0982  1 0.0146 0.7845 0.0519 0.0068 0.0125 0.0574 0.0141 0.0373 0.0126 0.0082 
   NS_SS0923  1 0.0040 0.0120 0.8544 0.0071 0.0219 0.0201 0.0148 0.0288 0.0084 0.0283 
   NS_SS0905  1 0.0026 0.0752 0.1790 0.0104 0.1668 0.0500 0.0259 0.0094 0.1351 0.3457 
   NS_SS0925  1 0.0042 0.8853 0.0126 0.0046 0.0169 0.0088 0.0170 0.0148 0.0214 0.0145 
   NS_SS0947  1 0.0046 0.0240 0.0415 0.0345 0.0501 0.0143 0.0214 0.7509 0.0089 0.0498 
   NS_SS0926  1 0.0012 0.0089 0.0234 0.3527 0.2438 0.2095 0.0209 0.0074 0.1235 0.0087 
   NS_SS0918  1 0.0035 0.1370 0.0325 0.0326 0.2664 0.0398 0.3173 0.1425 0.0149 0.0135 
   NS_SS0966  1 0.0476 0.0115 0.0117 0.0122 0.0077 0.0095 0.0150 0.8406 0.0236 0.0206 
   NS_SS0938  1 0.0013 0.0067 0.0067 0.0052 0.0073 0.0198 0.9277 0.0063 0.0076 0.0114 
   NS_SS0917  1 0.0297 0.0681 0.7503 0.0123 0.0113 0.1016 0.0075 0.0042 0.0065 0.0085 
   NS_SS0957  1 0.0052 0.0100 0.0112 0.0034 0.0433 0.8779 0.0232 0.0096 0.0114 0.0046 
   NS_SS0987  1 0.2253 0.0342 0.2388 0.0070 0.0304 0.0316 0.0102 0.0275 0.3730 0.0221 
   NS_SS0717  1 0.0024 0.0278 0.1746 0.0126 0.0888 0.5188 0.0129 0.0661 0.0682 0.0278 
   NS_SS0986  1 0.0028 0.0053 0.5216 0.0142 0.3856 0.0117 0.0093 0.0158 0.0240 0.0097 
   NS_SS0953  1 0.0196 0.0148 0.0163 0.0246 0.0131 0.0128 0.0034 0.8692 0.0080 0.0183 
   NS_SS0907  1 0.0326 0.5351 0.2231 0.0077 0.0163 0.0130 0.0107 0.1284 0.0176 0.0156 
   NS_SS0974  1 0.0042 0.0303 0.0173 0.5253 0.0213 0.1661 0.0338 0.1386 0.0485 0.0146 
   NS_SS0989  1 0.0010 0.1039 0.0083 0.0366 0.1021 0.0073 0.0446 0.0615 0.0064 0.6282 
   NS_SS0991  1 0.0025 0.0855 0.1152 0.2006 0.0647 0.0058 0.0080 0.0111 0.4849 0.0217 
   NS_SS0994  1 0.0020 0.0128 0.0576 0.7990 0.0151 0.0199 0.0098 0.0079 0.0331 0.0428 
   NS_SS0931  1 0.0059 0.0053 0.0118 0.0609 0.0041 0.0118 0.0300 0.0028 0.8606 0.0068 
   NS_SS1000  1 0.0038 0.0063 0.8190 0.0303 0.0054 0.0136 0.0057 0.0921 0.0188 0.0049 
   NS_SS0919  1 0.0031 0.0120 0.8823 0.0097 0.0048 0.0203 0.0073 0.0114 0.0355 0.0137 
   NS_SS0949  1 0.0017 0.1085 0.0094 0.7697 0.0115 0.0207 0.0124 0.0098 0.0403 0.0160 
   NS_SS0960  1 0.0068 0.0463 0.0627 0.0524 0.6012 0.0208 0.0280 0.0270 0.1040 0.0509 
   NS_SS0716  1 0.0082 0.0098 0.0363 0.0091 0.0203 0.8770 0.0065 0.0096 0.0167 0.0064 
   NS_SS0924  1 0.0177 0.3036 0.2660 0.0069 0.0157 0.0064 0.0181 0.0055 0.0412 0.3188 
   NS_SS0935  1 0.0088 0.0522 0.1163 0.0301 0.0047 0.0491 0.0059 0.0071 0.5834 0.1425 
   NS_SS0952  1 0.0483 0.0917 0.0252 0.4387 0.1566 0.0224 0.0148 0.1282 0.0414 0.0328 
   NS_SS0962  1 0.0047 0.0254 0.0356 0.0104 0.0154 0.1065 0.7650 0.0222 0.0110 0.0040 
   NS_SS0973  1 0.0032 0.7302 0.0098 0.0088 0.0070 0.0060 0.0108 0.0303 0.1809 0.0130 
   NS_SS0722  1 0.0028 0.0061 0.0278 0.0036 0.0183 0.8942 0.0048 0.0195 0.0144 0.0083 
   NS_SS0979  1 0.0020 0.0138 0.0228 0.0055 0.0445 0.8205 0.0523 0.0148 0.0113 0.0126 
   NS_SS0993  1 0.0185 0.0503 0.0103 0.0062 0.0241 0.0345 0.0776 0.0509 0.7180 0.0095 
   NS_SS0958  1 0.0029 0.0180 0.0350 0.6956 0.0289 0.0649 0.0122 0.0630 0.0487 0.0308 
   NS_SS0988  1 0.0088 0.3430 0.0386 0.0118 0.0172 0.1232 0.2601 0.1218 0.0592 0.0164 
   NS_SS1003  1 0.0095 0.0051 0.0276 0.0051 0.0053 0.0055 0.2067 0.0383 0.6920 0.0048 
   NS_SS0976  1 0.0018 0.0189 0.0177 0.0799 0.0250 0.0093 0.5609 0.1678 0.0724 0.0463 
   NS_SS0964  1 0.0032 0.0650 0.0672 0.0098 0.0187 0.0955 0.0123 0.1427 0.5411 0.0445 
   NS_SS0939  1 0.0042 0.0077 0.0071 0.0084 0.0037 0.9138 0.0406 0.0043 0.0049 0.0054 
   NS_SS0990  1 0.0033 0.0473 0.0147 0.0050 0.7426 0.0250 0.0894 0.0252 0.0097 0.0377 
   NS_SS0984  1 0.0019 0.0232 0.0267 0.0033 0.0256 0.7307 0.0090 0.0260 0.0432 0.1103 
   NS_SS0980  1 0.0018 0.0597 0.0639 0.0062 0.0176 0.0126 0.0137 0.7910 0.0161 0.0176 
   NS_SS0978  1 0.0031 0.1142 0.0404 0.0860 0.0110 0.3680 0.0150 0.2991 0.0251 0.0381 
   NS_SS0951  1 0.0030 0.0114 0.0080 0.0133 0.9083 0.0089 0.0057 0.0143 0.0184 0.0087 
   NS_SS0913  1 0.0367 0.0130 0.0132 0.0056 0.8417 0.0091 0.0233 0.0096 0.0127 0.0351 
   NS_SS1002  1 0.0312 0.0157 0.0079 0.0069 0.0042 0.0425 0.8503 0.0260 0.0098 0.0054 
   NS_SS0948  1 0.0494 0.0146 0.0118 0.0174 0.4114 0.1385 0.0549 0.0878 0.1666 0.0476 
   NS_SS0916  1 0.0035 0.0053 0.0061 0.0074 0.1622 0.0061 0.4361 0.0126 0.1898 0.1708 
   NS_SS0995  1 0.0038 0.0176 0.0291 0.0076 0.2506 0.0081 0.2118 0.0166 0.1448 0.3100 
   NS_SS0927  1 0.0054 0.0897 0.0667 0.0396 0.0142 0.0714 0.1600 0.0206 0.0253 0.5070 
   NS_SS0992  1 0.0028 0.0256 0.0119 0.0211 0.0120 0.0045 0.0801 0.3608 0.0128 0.4683 
   NS_SS0912  1 0.0024 0.0326 0.4910 0.0319 0.0437 0.0169 0.0248 0.0091 0.3154 0.0323 
   NS_SS0981  1 0.0040 0.0215 0.1792 0.0066 0.0223 0.1023 0.0384 0.0385 0.5722 0.0149 
   NS_SS0729  2 0.0034 0.0392 0.0099 0.1415 0.0087 0.0073 0.0088 0.0662 0.0120 0.7031 
   NS_SS0967  2 0.0132 0.2216 0.2457 0.0300 0.0114 0.1545 0.0916 0.1684 0.0237 0.0399 
   NS_SS0941  2 0.0958 0.0744 0.0373 0.0158 0.0423 0.4936 0.0542 0.0307 0.0130 0.1428 
   NS_SS0768  2 0.0067 0.1746 0.2081 0.0562 0.2479 0.0330 0.1125 0.1261 0.0193 0.0155 
   NS_SS0726  2 0.0088 0.0401 0.0138 0.0141 0.0086 0.0222 0.2688 0.0374 0.0669 0.5195 
   NS_SS0763  2 0.0025 0.0842 0.0354 0.0737 0.1276 0.2599 0.0067 0.1601 0.0355 0.2144 
   NS_SS0730  2 0.0049 0.1431 0.2149 0.0253 0.0586 0.0924 0.1095 0.0758 0.0658 0.2098 
   NS_SS0774  2 0.0011 0.0145 0.0064 0.0074 0.0307 0.3014 0.0092 0.5901 0.0054 0.0338 
   NS_SS0723  2 0.0016 0.8582 0.0294 0.0043 0.0146 0.0189 0.0306 0.0228 0.0099 0.0095 
   NS_SS0940  2 0.0061 0.0420 0.1248 0.0807 0.0297 0.4997 0.1312 0.0065 0.0347 0.0446 
   NS_SS0762  2 0.0023 0.0049 0.0100 0.0076 0.0664 0.0985 0.0045 0.6030 0.0500 0.1527 
   NS_SS0766  2 0.0180 0.0175 0.0574 0.0182 0.0381 0.1597 0.0084 0.0090 0.0227 0.6509 
   NS_SS0724  2 0.0058 0.0189 0.0958 0.0149 0.0148 0.0152 0.0380 0.4765 0.1960 0.1242 
   NS_SS0769  2 0.0028 0.0115 0.8960 0.0045 0.0101 0.0181 0.0149 0.0137 0.0133 0.0151 
   NS_SS0777  2 0.0094 0.0354 0.0207 0.0138 0.0101 0.1048 0.0132 0.0057 0.7806 0.0064 
   NS_SS0734  2 0.0267 0.0395 0.1223 0.1946 0.0421 0.0585 0.0182 0.0186 0.3543 0.1252 
   NS_SS0737  2 0.0056 0.0249 0.0225 0.0086 0.0106 0.0130 0.0362 0.6340 0.0091 0.2356 
   NS_SS0732  2 0.0043 0.9217 0.0082 0.0040 0.0068 0.0059 0.0225 0.0075 0.0137 0.0055 
   NS_SS0728  2 0.0128 0.0229 0.0361 0.0248 0.0513 0.0675 0.1186 0.0434 0.0284 0.5942 
   NS_SS0735  2 0.0083 0.4096 0.0841 0.0214 0.0204 0.0144 0.0121 0.2538 0.0492 0.1267 
   NS_SS0725  2 0.0088 0.0059 0.0063 0.0818 0.0252 0.0374 0.0294 0.7651 0.0095 0.0305 
   NS_SS0788  2 0.0013 0.7296 0.0330 0.0070 0.0158 0.0358 0.0161 0.1021 0.0088 0.0506 
   NS_SS0778  2 0.0013 0.7079 0.0235 0.0200 0.0303 0.0519 0.0283 0.0378 0.0285 0.0706 
   NS_SS0792  2 0.0053 0.0084 0.0081 0.0060 0.8414 0.0057 0.0353 0.0141 0.0124 0.0633 
   NS_SS0943  2 0.0089 0.1947 0.0223 0.4619 0.0227 0.0099 0.0118 0.0957 0.1632 0.0089 
   NS_SS0791  2 0.0149 0.0286 0.0358 0.0125 0.0086 0.0114 0.3994 0.0053 0.1037 0.3798 
   NS_SS0790  2 0.0031 0.0124 0.0114 0.0039 0.1833 0.0135 0.0046 0.7603 0.0029 0.0047 
   NS_SS0731  2 0.0139 0.0292 0.2529 0.0098 0.0534 0.5480 0.0193 0.0232 0.0450 0.0054 
   NS_SS0727  2 0.0025 0.0154 0.0131 0.0763 0.0197 0.0901 0.0151 0.0132 0.0180 0.7366 
   NS_SS0779  2 0.0056 0.5132 0.0283 0.0106 0.0639 0.1232 0.0259 0.0171 0.1712 0.0410 
   NS_SS0776  2 0.0095 0.0660 0.0554 0.0223 0.0140 0.3316 0.0249 0.2056 0.0368 0.2341 
   NS_SS0775  2 0.0053 0.0058 0.0098 0.0037 0.0110 0.9312 0.0093 0.0121 0.0035 0.0084 
   NS_SS0965  3 0.0017 0.0271 0.4899 0.0108 0.0185 0.0101 0.0229 0.0164 0.3774 0.0254 
   NS_SS0754  3 0.0140 0.0455 0.3293 0.0591 0.0542 0.0455 0.0298 0.0122 0.0798 0.3305 
   NS_SS0838  3 0.0600 0.0833 0.1580 0.0344 0.0768 0.0429 0.4590 0.0404 0.0164 0.0287 
   NS_SS0839  3 0.0036 0.0167 0.2587 0.0055 0.0276 0.0165 0.0201 0.5969 0.0075 0.0469 
   NS_SS0832  3 0.0513 0.4197 0.3301 0.0031 0.0078 0.0817 0.0305 0.0342 0.0302 0.0114 
   NS_SS0820  3 0.0053 0.0089 0.5985 0.0034 0.0064 0.0110 0.3398 0.0113 0.0063 0.0092 
   NS_SS0886  3 0.0030 0.0968 0.0827 0.0117 0.0173 0.0253 0.0215 0.0297 0.0314 0.6806 
   NS_SS0748  3 0.0100 0.0243 0.0309 0.0131 0.0106 0.8069 0.0153 0.0230 0.0532 0.0128 
   NS_SS0884  3 0.0326 0.1179 0.0987 0.0362 0.0135 0.0871 0.1227 0.3702 0.0442 0.0769 
   NS_SS0752  3 0.0023 0.8226 0.0193 0.0320 0.0213 0.0219 0.0101 0.0266 0.0075 0.0363 
   NS_SS0862  3 0.0040 0.2167 0.2890 0.0080 0.0299 0.0418 0.0274 0.2134 0.0270 0.1428 
   NS_SS0787  3 0.0072 0.0095 0.0067 0.9055 0.0149 0.0075 0.0094 0.0079 0.0170 0.0144 
   NS_SS0843  3 0.0022 0.0501 0.0543 0.0091 0.0084 0.0268 0.0091 0.1857 0.6310 0.0233 
   NS_SS0856  3 0.0042 0.0365 0.0914 0.0327 0.0612 0.0698 0.3251 0.0406 0.0147 0.3238 
   NS_SS0846  3 0.0028 0.1912 0.1655 0.0129 0.0401 0.1137 0.0328 0.3246 0.0874 0.0289 
   NS_SS0825  3 0.0081 0.0147 0.0100 0.0120 0.0333 0.0101 0.8504 0.0094 0.0332 0.0189 
   NS_SS0757  3 0.0023 0.8597 0.0175 0.0106 0.0090 0.0436 0.0168 0.0132 0.0225 0.0049 
   NS_SS0876  3 0.2086 0.0659 0.0186 0.0070 0.0105 0.0065 0.0187 0.5549 0.0639 0.0454 
   NS_SS0903  3 0.0035 0.1424 0.0246 0.0136 0.0047 0.0112 0.0133 0.7484 0.0098 0.0286 
   NS_SS0875  3 0.0039 0.0099 0.0263 0.0267 0.3895 0.3476 0.0416 0.0217 0.0569 0.0760 
   NS_SS0740  3 0.0038 0.4501 0.1528 0.0296 0.0191 0.0591 0.0221 0.0495 0.1759 0.0380 
   NS_SS0811  3 0.0149 0.0110 0.0278 0.0100 0.6561 0.2110 0.0264 0.0167 0.0144 0.0118 
   NS_SS0751  3 0.0025 0.0353 0.1076 0.3610 0.0111 0.0990 0.3079 0.0350 0.0197 0.0208 
   NS_SS0891  3 0.0061 0.0098 0.0668 0.0463 0.1578 0.1661 0.0395 0.4563 0.0190 0.0323 
   NS_SS0867  3 0.0309 0.2058 0.0161 0.0362 0.1293 0.1743 0.0322 0.1994 0.1679 0.0079 
   NS_SS0890  3 0.0035 0.0513 0.0765 0.0246 0.0214 0.4257 0.0277 0.0229 0.3277 0.0188 
   NS_SS0866  3 0.0055 0.0120 0.0074 0.1475 0.5802 0.0449 0.1302 0.0042 0.0179 0.0501 
   NS_SS0755  3 0.0087 0.0160 0.0612 0.0114 0.1637 0.4331 0.0688 0.0872 0.0892 0.0607 
   NS_SS0758  3 0.0022 0.0103 0.1204 0.0084 0.0615 0.0084 0.0145 0.0324 0.0985 0.6435 
   NS_SS0840  3 0.0027 0.0059 0.1308 0.0121 0.0086 0.0085 0.0175 0.7999 0.0069 0.0072 
   NS_SS0889  3 0.0020 0.0263 0.0880 0.1282 0.1693 0.0116 0.0297 0.0337 0.4897 0.0216 
   NS_SS1010  3 0.0479 0.0241 0.0578 0.0368 0.0472 0.0187 0.0267 0.7065 0.0133 0.0210 
   NS_SS0888  3 0.0018 0.0152 0.0059 0.0198 0.0088 0.0171 0.0107 0.0032 0.1009 0.8164 
   NS_SS0837  3 0.0031 0.4252 0.1365 0.0211 0.0135 0.0158 0.0319 0.0268 0.3163 0.0098 
   NS_SS0794  3 0.0031 0.0090 0.0174 0.8275 0.0411 0.0442 0.0113 0.0223 0.0043 0.0198 
   NS_SS0823  3 0.0043 0.0070 0.0302 0.0289 0.0204 0.0108 0.2134 0.5757 0.0176 0.0916 
   NS_SS0829  3 0.0705 0.0079 0.0120 0.1539 0.7227 0.0060 0.0041 0.0117 0.0068 0.0043 
   NS_SS0844  3 0.0020 0.0150 0.0134 0.0028 0.0141 0.0084 0.0069 0.9147 0.0058 0.0168 
   NS_SS1008  3 0.0123 0.4174 0.0161 0.2215 0.0303 0.0868 0.0080 0.0273 0.0818 0.0986 
   NS_SS0881  3 0.0029 0.0143 0.4502 0.0527 0.0074 0.0291 0.0456 0.0087 0.3719 0.0172 
   NS_SS0834  3 0.0067 0.0101 0.0060 0.0197 0.0129 0.0068 0.0459 0.8182 0.0270 0.0468 
   NS_SS0744  3 0.0057 0.1208 0.7035 0.0091 0.0360 0.0058 0.0515 0.0233 0.0149 0.0294 
   NS_SS0899  3 0.0018 0.0067 0.0098 0.0044 0.4780 0.0069 0.0090 0.4672 0.0126 0.0036 
   NS_SS0804  3 0.0058 0.0208 0.5528 0.0052 0.0171 0.0435 0.0586 0.2605 0.0239 0.0119 
   NS_SS0781  3 0.0041 0.0177 0.5140 0.0070 0.0288 0.0432 0.0543 0.3132 0.0100 0.0078 
   NS_SS0822  3 0.0019 0.0186 0.0136 0.0705 0.0867 0.0133 0.0163 0.0382 0.6903 0.0506 
   NS_SS1004  3 0.0041 0.0744 0.0385 0.0042 0.0114 0.0043 0.0172 0.1967 0.6379 0.0114 
   NS_SS0746  3 0.0132 0.0398 0.2377 0.0791 0.0602 0.3209 0.0247 0.0524 0.1353 0.0367 
   NS_SS0880  3 0.0011 0.0738 0.0259 0.0302 0.0045 0.0151 0.0232 0.7341 0.0834 0.0087 
   NS_SS0879  3 0.0161 0.0748 0.0164 0.0205 0.2347 0.0337 0.0101 0.5608 0.0119 0.0211 
   NS_SS0753  3 0.0102 0.8080 0.0308 0.0443 0.0204 0.0143 0.0059 0.0070 0.0452 0.0139 
   NS_SS1007  3 0.0019 0.0342 0.1717 0.0304 0.0081 0.0365 0.0623 0.0058 0.0143 0.6346 
   NS_SS0872  3 0.0023 0.0328 0.0215 0.0051 0.0122 0.1159 0.0677 0.6750 0.0397 0.0279 
   NS_SS1005  3 0.0012 0.0372 0.1573 0.0186 0.0374 0.0470 0.0150 0.6326 0.0445 0.0091 
   NS_SS0892  3 0.0026 0.0083 0.1493 0.0116 0.0146 0.1092 0.0139 0.0261 0.6173 0.0470 
   NS_SS0898  3 0.0079 0.0077 0.0081 0.0508 0.5108 0.0358 0.0230 0.0108 0.3012 0.0440 
   NS_SS0801  3 0.0108 0.0351 0.8371 0.0094 0.0262 0.0074 0.0069 0.0383 0.0160 0.0126 
   NS_SS0827  3 0.1126 0.0326 0.0639 0.0264 0.0112 0.4214 0.0061 0.0217 0.2430 0.0610 
   NS_SS0853  3 0.0062 0.0083 0.0953 0.0076 0.7559 0.0206 0.0057 0.0194 0.0182 0.0627 
   NS_SS0780  3 0.0028 0.0089 0.9284 0.0036 0.0052 0.0059 0.0130 0.0094 0.0131 0.0096 
   NS_SS0826  3 0.0033 0.0097 0.0142 0.0259 0.0133 0.0081 0.0414 0.8442 0.0331 0.0068 
   NS_SS0818  3 0.0015 0.0169 0.2965 0.0131 0.0212 0.0199 0.0348 0.2742 0.0306 0.2912 
   NS_SS0745  3 0.0015 0.0094 0.1287 0.0111 0.0040 0.6908 0.0210 0.0085 0.1185 0.0065 
   NS_SS0849  3 0.0015 0.9014 0.0136 0.0123 0.0088 0.0102 0.0100 0.0081 0.0205 0.0136 
   NS_SS0739  3 0.0146 0.2206 0.0174 0.0111 0.0152 0.0155 0.5900 0.0194 0.0181 0.0781 
   NS_SS0799  3 0.0010 0.5132 0.0489 0.0175 0.1057 0.0208 0.0133 0.0066 0.0238 0.2491 
   NS_SS0756  3 0.0044 0.0346 0.0572 0.0084 0.0406 0.0172 0.0246 0.7907 0.0103 0.0121 
   NS_SS0802  3 0.2012 0.4053 0.1796 0.0383 0.0068 0.0160 0.0475 0.0105 0.0852 0.0096 
   NS_SS0747  3 0.0069 0.7220 0.0872 0.0075 0.0046 0.0393 0.0093 0.0855 0.0177 0.0201 
   NS_SS0835  3 0.0011 0.0263 0.0289 0.0421 0.0314 0.0217 0.0207 0.0343 0.0186 0.7749 
   NS_SS0742  3 0.0018 0.2038 0.0395 0.0151 0.0593 0.0466 0.4560 0.0804 0.0527 0.0448 
   NS_SS0760  3 0.0570 0.0207 0.1998 0.2609 0.2602 0.0168 0.0246 0.0142 0.0823 0.0634 
   NS_SS0803  3 0.0060 0.0076 0.0099 0.0035 0.0058 0.0037 0.0033 0.9361 0.0141 0.0101 
   NS_SS0828  3 0.0013 0.5906 0.1125 0.0157 0.0130 0.0616 0.0135 0.0162 0.1156 0.0600 
   NS_SS0865  3 0.0349 0.0314 0.3748 0.2869 0.0365 0.0142 0.0918 0.0768 0.0449 0.0078 
   NS_SS0759  3 0.0047 0.1061 0.5365 0.0091 0.0134 0.0291 0.0176 0.0755 0.1644 0.0435 
   NS_SS0851  3 0.0148 0.0378 0.0723 0.0213 0.6889 0.0255 0.0274 0.0715 0.0323 0.0081 
   NS_SS0874  3 0.0016 0.7013 0.0098 0.0049 0.0161 0.0102 0.0079 0.2339 0.0080 0.0063 
   NS_SS0761  3 0.0024 0.1185 0.1469 0.0717 0.2488 0.0071 0.0139 0.0093 0.0261 0.3553 
   NS_SS0842  3 0.0104 0.0148 0.0333 0.0208 0.2405 0.5632 0.0131 0.0327 0.0575 0.0138 
   NS_SS0785  3 0.0067 0.2951 0.4087 0.0251 0.0848 0.0236 0.0198 0.0538 0.0331 0.0494 
   NS_SS0860  3 0.0032 0.0581 0.1321 0.0436 0.4667 0.0111 0.0161 0.0414 0.0169 0.2110 
   NS_SS0897  3 0.0022 0.0089 0.0094 0.8367 0.0465 0.0042 0.0122 0.0099 0.0128 0.0573 
   NS_SS0841  3 0.0040 0.0597 0.4541 0.0968 0.1463 0.0346 0.1123 0.0366 0.0468 0.0088 
   NS_SS0797  3 0.0245 0.0103 0.0407 0.0556 0.0145 0.0371 0.1748 0.0206 0.4115 0.2104 
   NS_SS0830  3 0.0025 0.3197 0.0326 0.0491 0.0259 0.0460 0.1129 0.0669 0.2975 0.0469 
   NS_SS1011  3 0.0058 0.0228 0.0134 0.0049 0.0121 0.0137 0.0586 0.8231 0.0218 0.0238 
   NS_SS0883  3 0.0050 0.0196 0.8071 0.0117 0.0676 0.0184 0.0125 0.0064 0.0409 0.0109 
   NS_SS0782  3 0.0019 0.0076 0.0198 0.0194 0.2689 0.0069 0.0120 0.0359 0.0112 0.6163 
   NS_SS0831  3 0.0028 0.0110 0.1124 0.0847 0.6421 0.0143 0.0088 0.0178 0.0187 0.0875 
   NS_SS0749  3 0.0027 0.2636 0.4991 0.0162 0.0148 0.0207 0.0242 0.0048 0.0200 0.1340 
   NS_SS0854  3 0.0037 0.0108 0.2058 0.1004 0.0246 0.0104 0.1902 0.0175 0.0112 0.4254 
   HI_SS0193  4 0.0017 0.0045 0.0045 0.9478 0.0072 0.0061 0.0104 0.0068 0.0069 0.0041 
   HI_SS0194  4 0.0015 0.0119 0.0108 0.0432 0.0056 0.0189 0.0071 0.8798 0.0170 0.0042 
   HI_SS0195  4 0.1026 0.0274 0.2945 0.0053 0.0139 0.0180 0.4574 0.0573 0.0101 0.0134 
   HI_SS0196  4 0.0040 0.0359 0.1250 0.7161 0.0207 0.0187 0.0221 0.0322 0.0081 0.0172 
   HI_SS0197  4 0.0112 0.0068 0.0575 0.0055 0.0093 0.0134 0.8685 0.0151 0.0054 0.0074 
   HI_SS0198  4 0.0124 0.5322 0.0456 0.0126 0.1271 0.0287 0.0203 0.0187 0.0231 0.1793 
   HI_SS0199  4 0.0023 0.0068 0.0084 0.0082 0.0093 0.0131 0.0149 0.0108 0.0107 0.9156 
   HI_SS0201  4 0.0023 0.0268 0.0523 0.0773 0.0113 0.0079 0.0076 0.0621 0.7047 0.0475 
   HI_SS0215  4 0.0030 0.0266 0.0515 0.0176 0.5015 0.0075 0.0287 0.0427 0.0316 0.2894 
   HI_SS0218  4 0.0090 0.0064 0.0200 0.3579 0.0133 0.0050 0.0069 0.0070 0.0045 0.5702 
   HI_SS0222  4 0.0044 0.0066 0.7722 0.0717 0.0399 0.0136 0.0214 0.0051 0.0129 0.0522 
   HI_SS0230  4 0.0082 0.6476 0.2038 0.0066 0.0182 0.0200 0.0332 0.0289 0.0227 0.0109 
   HI_SS0234  4 0.1280 0.0082 0.0128 0.0077 0.0055 0.0186 0.0118 0.0209 0.0037 0.7828 
   HI_SS0240  4 0.0062 0.0108 0.0366 0.0184 0.0052 0.0222 0.0090 0.0368 0.0161 0.8387 
   HI_SS0241  4 0.0030 0.0142 0.0080 0.0097 0.3097 0.0258 0.0094 0.0229 0.0271 0.5701 
   HI_SS0242  4 0.0036 0.0238 0.0116 0.0110 0.0597 0.0088 0.0392 0.0370 0.0522 0.7531 
   HI_SS0247  4 0.0190 0.0133 0.0118 0.0026 0.0243 0.0062 0.3797 0.5048 0.0313 0.0070 
   HI_SS0248  4 0.0008 0.0230 0.0091 0.2332 0.0057 0.0803 0.0060 0.0090 0.4473 0.1857 
   HI_SS0252  4 0.0020 0.0111 0.0675 0.0217 0.6161 0.0059 0.1618 0.0722 0.0232 0.0184 
   HI_SS0254  4 0.0703 0.0167 0.0091 0.0113 0.0115 0.0150 0.0245 0.0156 0.8054 0.0207 
   HI_SS0256  4 0.0014 0.0123 0.0076 0.0027 0.0062 0.0063 0.0062 0.9497 0.0040 0.0035 
   HI_SS0257  4 0.0027 0.6398 0.0149 0.0641 0.1278 0.0080 0.0481 0.0345 0.0051 0.0547 
   HI_SS0258  4 0.0056 0.0164 0.0156 0.7353 0.0138 0.0090 0.0038 0.0151 0.0319 0.1535 
   HI_SS0259  4 0.0027 0.0565 0.0203 0.0062 0.0137 0.0527 0.5653 0.2107 0.0297 0.0422 
   HI_SS0260  4 0.0015 0.0296 0.0721 0.1111 0.0106 0.6673 0.0156 0.0425 0.0288 0.0210 
   HI_SS0261  4 0.0032 0.1115 0.0619 0.2582 0.0140 0.2621 0.0096 0.0188 0.1220 0.1387 
   HI_SS0262  4 0.0083 0.0416 0.1902 0.0126 0.0232 0.0504 0.3950 0.0932 0.0204 0.1649 
   HI_SS0264  4 0.0044 0.0263 0.8488 0.0113 0.0065 0.0471 0.0071 0.0195 0.0174 0.0116 
   HI_SS0265  4 0.1166 0.0453 0.0307 0.0096 0.0063 0.5595 0.0575 0.0252 0.0896 0.0597 
   HI_SS0268  4 0.0040 0.0241 0.5571 0.2410 0.0085 0.0249 0.0679 0.0331 0.0112 0.0283 
   HI_SS0269  4 0.0018 0.0724 0.0187 0.2554 0.1251 0.0107 0.2989 0.0298 0.0518 0.1355 
   HI_SS0273  4 0.0021 0.0206 0.0146 0.7006 0.0307 0.0253 0.0518 0.0294 0.0173 0.1077 
   HI_SS0277  4 0.0024 0.3072 0.0411 0.0144 0.1628 0.0049 0.4245 0.0236 0.0056 0.0135 
   HI_SS0280  4 0.0051 0.0108 0.2502 0.0158 0.5405 0.0208 0.0361 0.0043 0.0980 0.0183 
   HI_SS0282  4 0.0012 0.6717 0.0088 0.2577 0.0139 0.0050 0.0074 0.0123 0.0147 0.0075 
   HI_SS0286  4 0.0086 0.1778 0.0272 0.0161 0.0610 0.0111 0.0632 0.0157 0.0492 0.5702 
   NS_SS1252  5 0.0046 0.0111 0.0091 0.0502 0.4322 0.0130 0.0089 0.0058 0.0129 0.4523 
   NS_SS1261  5 0.0118 0.0284 0.0074 0.0128 0.0148 0.0115 0.8817 0.0170 0.0073 0.0073 
   NS_SS1225  5 0.0867 0.0738 0.0155 0.0692 0.0086 0.0046 0.0067 0.7200 0.0087 0.0060 
   NS_SS1266  5 0.0075 0.0454 0.0235 0.0035 0.0570 0.0066 0.0205 0.8077 0.0156 0.0127 
   NS_SS1228  5 0.0141 0.0073 0.0251 0.0159 0.0366 0.0837 0.6402 0.0161 0.1456 0.0153 
   NS_SS1255  5 0.0017 0.0118 0.0059 0.8679 0.0234 0.0096 0.0105 0.0492 0.0097 0.0102 
   NS_SS1267  5 0.0090 0.0250 0.0053 0.0037 0.0113 0.0165 0.0062 0.0038 0.0134 0.9059 
   NS_SS1238  5 0.0022 0.0159 0.0124 0.5794 0.0170 0.0229 0.2752 0.0143 0.0554 0.0053 
   NS_SS1233  5 0.0021 0.0192 0.0077 0.0501 0.1783 0.0055 0.0047 0.6895 0.0373 0.0056 
   NS_SS1277  5 0.0009 0.0146 0.0034 0.0294 0.0061 0.0125 0.0042 0.0076 0.0497 0.8715 
   NS_SS1245  5 0.0019 0.2546 0.0235 0.0260 0.2669 0.0194 0.0230 0.0497 0.3139 0.0211 
   NS_SS1240  5 0.0020 0.0116 0.3427 0.0711 0.0089 0.0236 0.0083 0.0075 0.0159 0.5084 
   NS_SS1275  5 0.0030 0.0172 0.0248 0.0051 0.0222 0.0401 0.8053 0.0642 0.0081 0.0100 
   NS_SS1235  5 0.0055 0.0108 0.0066 0.0616 0.0040 0.0063 0.0315 0.8388 0.0096 0.0253 
   NS_SS1263  5 0.0010 0.1167 0.0075 0.0137 0.0279 0.0880 0.0086 0.7205 0.0101 0.0061 
   NS_SS1251  5 0.0014 0.0326 0.0183 0.0109 0.1864 0.0268 0.0163 0.6583 0.0290 0.0200 
   NS_SS1248  5 0.1020 0.0130 0.2061 0.0126 0.1503 0.1529 0.0223 0.0157 0.3140 0.0110 
   NS_SS1244  5 0.0056 0.0088 0.0075 0.0345 0.0041 0.0049 0.8587 0.0238 0.0118 0.0404 
   NS_SS1257  5 0.0181 0.0091 0.0124 0.0161 0.0133 0.0051 0.0052 0.0108 0.0085 0.9013 
   NS_SS1242  5 0.0028 0.1601 0.0511 0.0180 0.0115 0.1578 0.0095 0.5530 0.0214 0.0150 
   NS_SS1271  5 0.0238 0.0159 0.0133 0.0269 0.0607 0.0949 0.0199 0.0068 0.5489 0.1889 
   NS_SS1265  5 0.0232 0.0730 0.0398 0.2874 0.2825 0.1648 0.0131 0.0252 0.0689 0.0222 
   NS_SS1243  5 0.0997 0.0299 0.2377 0.0485 0.1385 0.0566 0.0676 0.0063 0.1645 0.1507 
   NS_SS1273  5 0.0068 0.0047 0.0044 0.0040 0.0043 0.9441 0.0047 0.0091 0.0068 0.0110 
   NS_SS1254  5 0.0053 0.0066 0.0050 0.0050 0.9022 0.0212 0.0068 0.0386 0.0036 0.0057 
   NS_SS1224  5 0.0096 0.0378 0.2357 0.0125 0.3097 0.1484 0.0196 0.1753 0.0256 0.0258 
   NS_SS1227  5 0.0013 0.0125 0.0112 0.0108 0.0095 0.7004 0.0152 0.0055 0.2249 0.0086 
   NS_SS1274  5 0.0145 0.3743 0.0231 0.0398 0.0223 0.0160 0.0144 0.1710 0.0074 0.3171 
   NS_SS1241  5 0.0011 0.1088 0.0169 0.1698 0.3925 0.0138 0.0121 0.0778 0.1893 0.0181 
   NS_SS1256  5 0.0372 0.0116 0.0178 0.0051 0.0400 0.0140 0.0154 0.8240 0.0170 0.0180 
   NS_SS1260  5 0.0621 0.0587 0.1113 0.0259 0.0206 0.0121 0.0085 0.0093 0.0053 0.6864 
   NS_SS1262  5 0.1766 0.0826 0.0292 0.0359 0.1448 0.0069 0.0282 0.0977 0.2323 0.1656 
   NS_SS1230  5 0.0083 0.0298 0.1378 0.6022 0.0338 0.0998 0.0264 0.0214 0.0078 0.0326 
   NS_SS1270  5 0.0023 0.3837 0.2073 0.0167 0.0682 0.0132 0.1736 0.0336 0.0937 0.0078 
   NS_SS1229  5 0.0037 0.0306 0.0159 0.0079 0.0062 0.0097 0.8781 0.0144 0.0165 0.0170 
   NS_SS1246  5 0.0034 0.0220 0.0059 0.0538 0.0147 0.4101 0.2400 0.0628 0.0715 0.1156 
   NS_SS1269  5 0.0021 0.0317 0.4455 0.0422 0.1116 0.0126 0.0273 0.0229 0.0145 0.2896 
   NS_SS1239  5 0.0046 0.0756 0.0068 0.0140 0.0412 0.0100 0.1771 0.0110 0.6176 0.0423 
   NS_SS1272  5 0.0068 0.0092 0.0851 0.0075 0.0206 0.0117 0.5845 0.2312 0.0183 0.0251 
   NS_SS1268  5 0.0031 0.0280 0.0557 0.0275 0.0187 0.0201 0.0130 0.3331 0.4641 0.0369 
   NS_SS1249  5 0.0157 0.0066 0.0105 0.6921 0.1048 0.0138 0.0090 0.0357 0.0228 0.0891 
   HI_SS0559  6 0.0018 0.3669 0.1029 0.0268 0.0141 0.1488 0.0070 0.0639 0.2022 0.0655 
   HI_SS0563  6 0.0036 0.0167 0.3366 0.0316 0.2976 0.0148 0.0111 0.1376 0.0912 0.0592 
   HI_SS0564  6 0.0634 0.5631 0.0414 0.0221 0.0187 0.0108 0.0723 0.1400 0.0394 0.0287 
   HI_SS0565  6 0.0044 0.1403 0.0129 0.0325 0.0198 0.6319 0.0116 0.0682 0.0662 0.0123 
   HI_SS0569  6 0.0022 0.0118 0.2038 0.0362 0.1093 0.0208 0.0047 0.0053 0.5973 0.0087 
   HI_SS0570  6 0.0409 0.0169 0.0059 0.8654 0.0123 0.0177 0.0074 0.0072 0.0219 0.0044 
   HI_SS0572  6 0.0030 0.0475 0.0054 0.0074 0.0146 0.0699 0.0175 0.7074 0.0085 0.1188 
   HI_SS0576  6 0.0061 0.8299 0.0109 0.0137 0.0128 0.0436 0.0551 0.0068 0.0094 0.0117 
   HI_SS0579  6 0.0133 0.0362 0.0637 0.0086 0.0076 0.0048 0.0050 0.0380 0.8045 0.0184 
   HI_SS0580  6 0.0035 0.1107 0.0144 0.0449 0.5392 0.0690 0.0052 0.0215 0.0102 0.1814 
   HI_SS0581  6 0.0595 0.0107 0.0142 0.0045 0.0078 0.0094 0.8614 0.0092 0.0119 0.0114 
   HI_SS0583  6 0.0024 0.0055 0.0121 0.0124 0.3833 0.0780 0.0130 0.0234 0.2410 0.2290 
   HI_SS0586  6 0.0009 0.5357 0.0428 0.0232 0.0403 0.0130 0.0051 0.0047 0.0618 0.2726 
   HI_SS0588  6 0.0179 0.0429 0.2259 0.0451 0.0245 0.0194 0.0156 0.0174 0.0257 0.5656 
   HI_SS0595  6 0.0403 0.2829 0.0824 0.1828 0.1217 0.0922 0.0692 0.0418 0.0477 0.0391 
   HI_SS0596  6 0.0020 0.0112 0.0125 0.0091 0.0102 0.8582 0.0099 0.0531 0.0189 0.0149 
   HI_SS0597  6 0.0019 0.0362 0.0252 0.0130 0.0164 0.2177 0.5533 0.1128 0.0114 0.0121 
   HI_SS0600  6 0.0025 0.0344 0.0159 0.0046 0.2993 0.0047 0.4052 0.0106 0.0183 0.2046 
   HI_SS0601  6 0.0123 0.7383 0.0094 0.0043 0.0078 0.0090 0.0731 0.0253 0.1073 0.0132 
   HI_SS0602  6 0.0032 0.0251 0.8543 0.0083 0.0137 0.0190 0.0064 0.0103 0.0202 0.0395 
   HI_SS0604  6 0.0020 0.0254 0.4227 0.0199 0.0987 0.0578 0.0059 0.0374 0.3210 0.0093 
   HI_SS0605  6 0.0078 0.0251 0.0407 0.0097 0.0434 0.0099 0.0049 0.0073 0.1125 0.7387 
   HI_SS0608  6 0.0012 0.0910 0.0031 0.0116 0.8223 0.0158 0.0052 0.0066 0.0405 0.0030 
   HI_SS0609  6 0.0009 0.0113 0.0058 0.0194 0.0498 0.0155 0.0609 0.7886 0.0242 0.0235 
   HI_SS0611  6 0.0032 0.3396 0.0098 0.0407 0.3418 0.0293 0.0298 0.0096 0.1064 0.0897 
   HI_SS0612  6 0.0062 0.0165 0.0086 0.0135 0.0067 0.0097 0.0095 0.8958 0.0096 0.0239 
   HI_SS0613  6 0.0016 0.1323 0.6699 0.0084 0.0407 0.0055 0.0093 0.0283 0.0974 0.0066 
   HI_SS0615  6 0.0113 0.0426 0.0440 0.0084 0.0156 0.0263 0.2311 0.0417 0.4205 0.1586 
   HI_SS0001  6 0.0045 0.0080 0.0117 0.0166 0.0118 0.0400 0.1178 0.0486 0.0159 0.7251 
   HI_SS0002  6 0.0296 0.0326 0.0139 0.0088 0.0371 0.0147 0.0100 0.7670 0.0282 0.0580 
   HI_SS0004  6 0.0059 0.0170 0.0750 0.5920 0.0631 0.0390 0.0173 0.0352 0.0678 0.0875 
   HI_SS0005  6 0.0074 0.1893 0.4951 0.0450 0.0162 0.0455 0.0613 0.0108 0.0272 0.1021 
   HI_SS0006  6 0.0017 0.1532 0.0081 0.0547 0.2937 0.0069 0.2130 0.1666 0.0884 0.0137 
   HI_SS0007  6 0.0018 0.0055 0.0095 0.0184 0.0323 0.0039 0.0035 0.0059 0.9033 0.0160 
   HI_SS0008  6 0.0307 0.1638 0.0197 0.0047 0.0048 0.0193 0.1267 0.0229 0.5863 0.0212 
   HI_SS0009  6 0.0045 0.2046 0.3199 0.1195 0.1178 0.0357 0.0281 0.0275 0.0851 0.0572 
   HI_SS0010  6 0.0044 0.0607 0.0614 0.0756 0.0473 0.3403 0.0314 0.0133 0.3561 0.0094 
   HI_SS0011  6 0.0862 0.0183 0.0683 0.0459 0.0351 0.0762 0.2383 0.3929 0.0340 0.0048 
   HI_SS0012  6 0.0046 0.4744 0.3159 0.0039 0.0127 0.0220 0.0593 0.0633 0.0182 0.0259 
   HI_SS0017  6 0.0020 0.0075 0.0407 0.3517 0.0140 0.0985 0.0433 0.0824 0.3346 0.0254 
   HI_SS0021  6 0.2370 0.0100 0.0104 0.0143 0.0987 0.1907 0.0433 0.0211 0.2926 0.0819 
   HI_SS0024  6 0.0021 0.0086 0.0098 0.0240 0.0057 0.7839 0.1049 0.0214 0.0205 0.0191 
   HI_SS0025  6 0.0033 0.0112 0.0135 0.0102 0.8310 0.0662 0.0137 0.0268 0.0106 0.0136 
   HI_SS0027  6 0.0129 0.0864 0.0145 0.7725 0.0276 0.0071 0.0115 0.0091 0.0431 0.0153 
   HI_SS0028  6 0.0018 0.0272 0.0971 0.0070 0.0081 0.8034 0.0199 0.0108 0.0192 0.0055 
   HI_SS0029  6 0.0087 0.0173 0.0327 0.0078 0.0380 0.8460 0.0120 0.0090 0.0084 0.0202 
   HI_SS0030  6 0.0058 0.1389 0.0111 0.0149 0.0170 0.0078 0.0631 0.0099 0.7050 0.0264 
   HI_SS0031  6 0.0032 0.0565 0.5686 0.0032 0.0071 0.2251 0.0125 0.0069 0.0316 0.0854 
   HI_SS0034  6 0.0052 0.0600 0.4790 0.0104 0.0297 0.0120 0.0052 0.0329 0.3351 0.0305 
   HI_SS0036  6 0.0092 0.0433 0.1091 0.0288 0.0099 0.0458 0.2228 0.0058 0.1348 0.3904 
   HI_SS0037  6 0.0038 0.0143 0.0095 0.0560 0.8889 0.0056 0.0054 0.0062 0.0039 0.0064 
   HI_SS0039  6 0.0036 0.0354 0.0754 0.0388 0.0326 0.4511 0.0149 0.0034 0.3343 0.0103 
   HI_SS0041  6 0.0022 0.0186 0.0761 0.0081 0.0099 0.0500 0.7970 0.0099 0.0085 0.0197 
   HI_SS0042  6 0.1466 0.2190 0.0826 0.0176 0.1478 0.1651 0.0428 0.1000 0.0151 0.0633 
   HI_SS0043  6 0.0033 0.7218 0.0041 0.0441 0.0165 0.0050 0.0459 0.0048 0.0095 0.1450 
   HI_SS0044  6 0.0030 0.0090 0.0210 0.1320 0.0074 0.7271 0.0103 0.0081 0.0375 0.0447 
   HI_SS0047  6 0.0026 0.0120 0.6998 0.0061 0.0062 0.0085 0.0566 0.0089 0.1834 0.0160 
   HI_SS0049  6 0.0049 0.0766 0.0129 0.0418 0.0238 0.2345 0.0607 0.4492 0.0532 0.0424 
   HI_SS0051  6 0.0025 0.1709 0.4418 0.0118 0.3000 0.0059 0.0126 0.0160 0.0107 0.0278 
   HI_SS0053  6 0.0058 0.0256 0.0246 0.0785 0.0324 0.3453 0.2566 0.0156 0.1535 0.0621 
   HI_SS0054  6 0.0034 0.0180 0.0308 0.2274 0.0108 0.0063 0.1057 0.0135 0.5766 0.0075 
   HI_SS0057  6 0.0044 0.1900 0.1085 0.1476 0.3450 0.0165 0.0869 0.0405 0.0472 0.0134 
   HI_SS0058  6 0.0067 0.0107 0.0256 0.1223 0.1757 0.0138 0.0069 0.5925 0.0096 0.0364 
   HI_SS0060  6 0.0813 0.1127 0.1226 0.0452 0.0076 0.0114 0.0783 0.0377 0.4666 0.0366 
   HI_SS0087  6 0.0022 0.0351 0.0605 0.0314 0.0170 0.0127 0.1314 0.1293 0.5407 0.0397 
   HI_SS0091  6 0.0014 0.0138 0.0110 0.0078 0.8700 0.0039 0.0340 0.0116 0.0110 0.0355 
   HI_SS0095  6 0.0724 0.1682 0.0141 0.0079 0.0085 0.1512 0.0545 0.1862 0.1728 0.1642 
   HI_SS0097  6 0.0035 0.6749 0.0178 0.0159 0.0214 0.0196 0.0504 0.1536 0.0369 0.0059 
   HI_SS0099  6 0.0032 0.0052 0.0062 0.0045 0.0049 0.9477 0.0080 0.0073 0.0077 0.0053 
   HI_SS0103  6 0.0034 0.4710 0.0403 0.0480 0.0254 0.0415 0.1327 0.1189 0.0750 0.0438 
   HI_SS0105  6 0.0205 0.0137 0.7683 0.0112 0.0113 0.0070 0.1388 0.0177 0.0058 0.0056 
   HI_SS0107  6 0.0011 0.0483 0.0094 0.0187 0.0121 0.0542 0.0523 0.7513 0.0442 0.0085 
   HI_SS0108  6 0.0238 0.0102 0.0175 0.8921 0.0106 0.0057 0.0054 0.0081 0.0141 0.0124 
   HI_SS0110  6 0.0011 0.0534 0.0098 0.0130 0.0123 0.0120 0.8471 0.0077 0.0072 0.0365 
   HI_SS0111  6 0.0362 0.0383 0.0305 0.0063 0.0158 0.0163 0.2020 0.0544 0.1839 0.4164 
   HI_SS0112  6 0.0011 0.0059 0.0037 0.9639 0.0041 0.0047 0.0038 0.0040 0.0054 0.0033 
   HI_SS0113  6 0.0032 0.0203 0.4130 0.0090 0.0172 0.0487 0.1064 0.3473 0.0241 0.0108 
   HI_SS0114  6 0.0068 0.0153 0.0703 0.0232 0.1867 0.0142 0.0073 0.0281 0.0298 0.6183 
   HI_SS0115  6 0.0198 0.2779 0.0327 0.0328 0.0095 0.0335 0.0032 0.2099 0.1418 0.2390 
   HI_SS0116  6 0.0028 0.0447 0.0149 0.1661 0.5980 0.1282 0.0136 0.0081 0.0103 0.0133 
   HI_SS0117  6 0.0036 0.0195 0.0516 0.2026 0.0075 0.0162 0.0229 0.3828 0.0266 0.2668 
   HI_SS0118  6 0.0106 0.0113 0.0156 0.1563 0.7130 0.0330 0.0114 0.0235 0.0153 0.0099 
   HI_SS0119  6 0.0025 0.3024 0.0295 0.3590 0.0466 0.0088 0.1930 0.0258 0.0102 0.0221 
   HI_SS0120  6 0.0037 0.0099 0.0060 0.0287 0.0044 0.0337 0.4476 0.3885 0.0189 0.0586 
   HI_SS0121  6 0.0015 0.0090 0.0056 0.0043 0.0110 0.0156 0.8820 0.0439 0.0213 0.0059 
   HI_SS0122  6 0.0136 0.0100 0.0045 0.0256 0.0116 0.0060 0.9062 0.0097 0.0061 0.0068 
   HI_SS0123  6 0.0063 0.0504 0.0681 0.0116 0.0335 0.0106 0.0164 0.7782 0.0104 0.0144 
   HI_SS0124  6 0.0028 0.0410 0.0284 0.0156 0.0257 0.2620 0.0946 0.3729 0.0814 0.0756 
   HI_SS0125  6 0.0343 0.0055 0.0236 0.0034 0.0068 0.0171 0.3877 0.0096 0.0251 0.4870 
   HI_SS0126  6 0.0009 0.0099 0.0090 0.7764 0.0289 0.1150 0.0069 0.0076 0.0159 0.0296 
   HI_SS0127  6 0.0099 0.0966 0.0147 0.0130 0.0092 0.0783 0.0069 0.0214 0.7275 0.0225 
   HI_SS0128  6 0.0030 0.0173 0.0111 0.0162 0.0248 0.4454 0.1057 0.0310 0.3302 0.0153 
   HI_SS0129  6 0.0091 0.0184 0.0182 0.0355 0.0147 0.0470 0.0416 0.0129 0.2010 0.6017 
   HI_SS0131  6 0.0448 0.0239 0.1334 0.4449 0.1422 0.0116 0.0147 0.1275 0.0507 0.0063 
   HI_SS0132  6 0.0007 0.0148 0.0077 0.0283 0.8374 0.0203 0.0367 0.0205 0.0143 0.0194 
   HI_SS0133  6 0.0017 0.0030 0.0090 0.9437 0.0124 0.0044 0.0067 0.0023 0.0101 0.0069 
   HI_SS0134  6 0.0020 0.0540 0.6114 0.1378 0.0085 0.0096 0.0409 0.0809 0.0110 0.0440 
   HI_SS0142  6 0.0113 0.0069 0.8067 0.0057 0.0134 0.0310 0.0214 0.0235 0.0626 0.0175 
   HI_SS0145  6 0.0013 0.2138 0.0515 0.1053 0.0107 0.0412 0.0127 0.0935 0.3920 0.0779 
   HI_SS0146  6 0.0013 0.0055 0.0038 0.0274 0.0083 0.0253 0.0062 0.0041 0.9083 0.0099 
   HI_SS0147  6 0.0304 0.2023 0.2279 0.0235 0.1337 0.0308 0.1781 0.1495 0.0093 0.0144 
   HI_SS0149  6 0.0048 0.0241 0.0121 0.0431 0.0078 0.0318 0.8393 0.0188 0.0117 0.0066 
   HI_SS0150  6 0.0056 0.0139 0.0345 0.0078 0.1324 0.0331 0.1748 0.0814 0.0323 0.4843 
   HI_SS0151  6 0.0115 0.0632 0.0161 0.0422 0.0069 0.0032 0.0687 0.0391 0.5054 0.2438 
   NS_SS1451  6 0.0030 0.0315 0.0508 0.0107 0.0166 0.0314 0.0960 0.5042 0.1947 0.0612 
   NS_SS1404  6 0.0128 0.0313 0.0770 0.0351 0.0629 0.2114 0.0853 0.1727 0.1912 0.1202 
   NS_SS1432  6 0.0404 0.0154 0.0132 0.0038 0.0074 0.7945 0.1020 0.0062 0.0083 0.0089 
   NS_SS1405  6 0.0046 0.0105 0.2333 0.3929 0.0111 0.1694 0.0099 0.0408 0.0150 0.1126 
   NS_SS1431  6 0.0010 0.0048 0.0061 0.0077 0.0082 0.8155 0.1163 0.0180 0.0175 0.0048 
   NS_SS1402  6 0.0021 0.3805 0.0151 0.0083 0.0243 0.0084 0.0535 0.4558 0.0060 0.0461 
   NS_SS1450  6 0.0050 0.0228 0.1280 0.1590 0.0150 0.0118 0.0095 0.0170 0.0114 0.6205 
   NS_SS1396  6 0.0061 0.0192 0.0946 0.0124 0.0063 0.0413 0.7854 0.0099 0.0174 0.0073 
   NS_SS1393  6 0.0027 0.2186 0.0516 0.0043 0.1291 0.0151 0.0076 0.0048 0.0051 0.5611 
   NS_SS1392  6 0.0233 0.0174 0.1159 0.1118 0.0085 0.0104 0.0774 0.0332 0.0116 0.5906 
   NS_SS1445  6 0.0088 0.7719 0.0223 0.0149 0.0102 0.0318 0.0364 0.0065 0.0530 0.0443 
   NS_SS1423  6 0.0018 0.0214 0.0073 0.8213 0.0079 0.0128 0.0688 0.0267 0.0173 0.0147 
   NS_SS1421  6 0.1030 0.1345 0.0101 0.4578 0.0056 0.0200 0.2019 0.0377 0.0073 0.0222 
   NS_SS1411  6 0.0015 0.0072 0.0374 0.8883 0.0152 0.0070 0.0079 0.0026 0.0267 0.0063 
   NS_SS1453  6 0.0065 0.0347 0.0548 0.0157 0.1341 0.0194 0.6314 0.0116 0.0252 0.0665 
   NS_SS1442  6 0.0062 0.3503 0.0146 0.3893 0.0221 0.0268 0.0155 0.0240 0.1044 0.0467 
   NS_SS1422  6 0.0100 0.7296 0.0105 0.0073 0.0389 0.0053 0.0240 0.1384 0.0106 0.0255 
   NS_SS1419  6 0.1139 0.0049 0.0060 0.0046 0.8148 0.0112 0.0055 0.0263 0.0079 0.0048 
   NS_SS1427  6 0.0018 0.0027 0.0040 0.0119 0.0156 0.0072 0.0061 0.0034 0.0116 0.9357 
   NS_SS1444  6 0.0030 0.0233 0.0258 0.0131 0.0103 0.8360 0.0214 0.0165 0.0360 0.0145 
   NS_SS1455  6 0.0015 0.0066 0.0061 0.0154 0.0096 0.0151 0.0242 0.9092 0.0087 0.0037 
   NS_SS1425  6 0.0017 0.0331 0.0080 0.8607 0.0309 0.0049 0.0065 0.0070 0.0400 0.0072 
   NS_SS1400  6 0.0012 0.0076 0.0098 0.9377 0.0095 0.0057 0.0055 0.0126 0.0076 0.0028 
   NS_SS1406  6 0.0088 0.0303 0.0254 0.0045 0.0078 0.0222 0.0625 0.8290 0.0063 0.0033 
   NS_SS1417  6 0.0066 0.1270 0.0114 0.0400 0.4036 0.0082 0.0211 0.3644 0.0085 0.0091 
   NS_SS1454  6 0.0017 0.0131 0.0190 0.1806 0.5259 0.0453 0.1488 0.0305 0.0127 0.0225 
   NS_SS1412  6 0.0308 0.0574 0.0870 0.0780 0.0750 0.4303 0.0349 0.0236 0.1620 0.0210 
   NS_SS1438  6 0.0014 0.0245 0.0211 0.0509 0.8349 0.0066 0.0135 0.0112 0.0176 0.0183 
   NS_SS1416  6 0.0081 0.1389 0.1095 0.0051 0.6457 0.0269 0.0099 0.0365 0.0058 0.0135 
   NS_SS1401  6 0.0084 0.0132 0.0103 0.0322 0.0060 0.0163 0.8923 0.0113 0.0065 0.0035 
   NS_SS1424  6 0.0134 0.8147 0.0191 0.0527 0.0123 0.0392 0.0130 0.0121 0.0123 0.0113 
   NS_SS1435  6 0.0025 0.0129 0.3154 0.1180 0.0120 0.0208 0.0283 0.0183 0.4505 0.0213 
   NS_SS1447  6 0.0092 0.0295 0.1687 0.0175 0.0600 0.1403 0.0390 0.0791 0.4470 0.0097 
   NS_SS1414  6 0.0076 0.0200 0.0416 0.0065 0.6825 0.0330 0.0146 0.1575 0.0273 0.0095 
   NS_SS1449  6 0.0034 0.0079 0.0049 0.0081 0.0306 0.0038 0.9012 0.0186 0.0080 0.0135 
   NS_SS1443  6 0.0025 0.3902 0.0078 0.0584 0.0152 0.0075 0.0077 0.0267 0.1423 0.3418 
   NS_SS1434  6 0.0007 0.0129 0.0055 0.4043 0.0110 0.0677 0.0149 0.0505 0.0254 0.4070 
   NS_SS1398  6 0.0248 0.0620 0.0434 0.0182 0.0252 0.0186 0.0256 0.0452 0.0985 0.6386 
   NS_SS1426  6 0.0023 0.0261 0.0073 0.0260 0.0192 0.0197 0.0264 0.0164 0.7394 0.1172 
   NS_SS1413  6 0.0117 0.0090 0.0061 0.9388 0.0052 0.0096 0.0043 0.0052 0.0065 0.0036 
   NS_SS1395  6 0.0071 0.0149 0.0758 0.0107 0.0144 0.0059 0.0918 0.0077 0.7454 0.0264 
   NS_SS1448  6 0.0018 0.0046 0.0161 0.0104 0.0064 0.0195 0.0060 0.0114 0.9054 0.0183 
   NS_SS1446  6 0.0039 0.0143 0.1586 0.0692 0.2010 0.0272 0.2675 0.0384 0.0685 0.1514 
   NS_SS1403  6 0.0068 0.0440 0.0288 0.0096 0.0306 0.6911 0.1015 0.0300 0.0153 0.0424 
   NS_SS1415  6 0.0087 0.0144 0.0743 0.2272 0.0090 0.0120 0.0204 0.0053 0.6140 0.0147 
   NS_SS1437  6 0.0066 0.0175 0.0066 0.0041 0.0124 0.9027 0.0057 0.0287 0.0095 0.0062 
   NS_SS1439  6 0.0024 0.0411 0.5389 0.0042 0.0303 0.0086 0.0222 0.0379 0.0143 0.3000 
   NS_SS1441  6 0.0027 0.3298 0.0816 0.0338 0.0845 0.0547 0.0264 0.0199 0.0067 0.3599 
   NS_SS1420  6 0.0032 0.0464 0.0216 0.0053 0.7262 0.0405 0.0297 0.0129 0.1034 0.0107 
   NS_SS1394  6 0.0345 0.0154 0.1725 0.0054 0.0069 0.0773 0.0084 0.0136 0.6544 0.0117 
   NS_SS1391  6 0.0091 0.6765 0.0147 0.0773 0.0087 0.0570 0.0064 0.0060 0.0070 0.1374 
   NS_SS1410  6 0.0102 0.0050 0.0064 0.0113 0.0132 0.0140 0.9179 0.0066 0.0071 0.0083 
   NS_SS1408  6 0.0524 0.0059 0.7702 0.0094 0.0076 0.0168 0.0118 0.0078 0.1029 0.0152 
   NS_SS1409  6 0.0021 0.0511 0.1752 0.0198 0.0296 0.0412 0.0258 0.0193 0.0127 0.6232 
   HI_SS0617  7 0.0014 0.0322 0.0286 0.0038 0.2401 0.0152 0.0509 0.0124 0.0433 0.5720 
   HI_SS0618  7 0.0026 0.1815 0.3171 0.0228 0.0919 0.0805 0.0185 0.0800 0.0258 0.1794 
   HI_SS0619  7 0.0044 0.0380 0.0533 0.1473 0.0293 0.5125 0.0380 0.0373 0.0212 0.1188 
   HI_SS0620  7 0.0022 0.0536 0.0087 0.0412 0.0096 0.0064 0.0046 0.0104 0.0528 0.8106 
   HI_SS0621  7 0.0215 0.2319 0.0247 0.0035 0.0091 0.1144 0.0995 0.3069 0.0165 0.1719 
   HI_SS0622  7 0.0142 0.0490 0.0190 0.0232 0.0076 0.7494 0.0077 0.0696 0.0358 0.0246 
   HI_SS0626  7 0.0133 0.0452 0.0402 0.0620 0.1582 0.3320 0.1081 0.0234 0.1770 0.0406 
   HI_SS0627  7 0.0079 0.0070 0.0118 0.0052 0.0065 0.0071 0.9332 0.0078 0.0065 0.0070 
   HI_SS0628  7 0.0588 0.0224 0.0394 0.2058 0.1813 0.0460 0.0877 0.0423 0.0675 0.2489 
   HI_SS0629  7 0.0091 0.1107 0.0289 0.0389 0.0684 0.0390 0.0167 0.0553 0.0185 0.6145 
   HI_SS0630  7 0.0463 0.0405 0.0858 0.1012 0.0950 0.0594 0.0127 0.0109 0.2270 0.3213 
   HI_SS0631  7 0.0008 0.0151 0.0288 0.0519 0.0222 0.0171 0.0233 0.0048 0.8076 0.0284 
   HI_SS0632  7 0.0030 0.0227 0.0786 0.0602 0.2233 0.0134 0.2448 0.0091 0.3317 0.0132 
   HI_SS0633  7 0.0041 0.0195 0.0116 0.0236 0.0061 0.8449 0.0113 0.0106 0.0070 0.0613 
   HI_SS0634  7 0.0017 0.0177 0.2991 0.0290 0.0394 0.0064 0.4539 0.0063 0.0961 0.0503 
   HI_SS0635  7 0.0063 0.0226 0.1942 0.0096 0.0837 0.0778 0.0368 0.0495 0.5043 0.0151 
   HI_SS0637  7 0.0032 0.7364 0.1493 0.0048 0.0133 0.0068 0.0267 0.0101 0.0175 0.0318 
   HI_SS0638  7 0.0018 0.0865 0.0173 0.7605 0.0065 0.0511 0.0082 0.0311 0.0090 0.0280 
   HI_SS0639  7 0.0445 0.0171 0.1594 0.0027 0.0181 0.0501 0.0595 0.0156 0.6085 0.0247 
   HI_SS0640  7 0.0014 0.0131 0.0156 0.0106 0.0243 0.0158 0.0077 0.0097 0.8812 0.0205 
   HI_SS0641  7 0.0064 0.0388 0.4534 0.0967 0.2162 0.0213 0.0045 0.0099 0.0136 0.1392 
   HI_SS0642  7 0.0026 0.0902 0.0169 0.0086 0.0230 0.0222 0.7404 0.0141 0.0733 0.0086 
   HI_SS0645  7 0.0008 0.0351 0.0140 0.0083 0.7876 0.0777 0.0345 0.0167 0.0195 0.0058 
   HI_SS0646  7 0.0025 0.0376 0.1428 0.0177 0.0060 0.0159 0.0373 0.0932 0.0179 0.6291 
   HI_SS0647  7 0.0011 0.0123 0.0434 0.1580 0.0660 0.0396 0.0325 0.6172 0.0203 0.0095 
   HI_SS0648  7 0.0033 0.2595 0.2214 0.0391 0.0122 0.0938 0.0128 0.0144 0.3360 0.0075 
   HI_SS0649  7 0.0025 0.1864 0.0304 0.0041 0.1536 0.3824 0.0232 0.0118 0.0078 0.1980 
   HI_SS0650  7 0.0051 0.0233 0.1003 0.0125 0.0097 0.0105 0.0159 0.0097 0.0229 0.7899 
   HI_SS0651  7 0.0038 0.8584 0.0140 0.0056 0.0070 0.0134 0.0054 0.0148 0.0697 0.0078 
   HI_SS0652  7 0.0031 0.0175 0.8671 0.0064 0.0256 0.0112 0.0100 0.0063 0.0276 0.0253 
   NS_SS1371  7 0.0076 0.1100 0.1627 0.0097 0.0407 0.0216 0.0094 0.0611 0.1165 0.4607 
   NS_SS1374  7 0.0022 0.0236 0.0860 0.5509 0.0218 0.0898 0.0660 0.0057 0.0978 0.0561 
   NS_SS1337  7 0.0036 0.0055 0.0090 0.0090 0.0063 0.0019 0.9028 0.0230 0.0209 0.0179 
