   NS_SS0963  1 0.2136 0.7068 0.0746 0.0051 
   NS_SS0983  1 0.0141 0.0521 0.9301 0.0037 
   NS_SS0719  1 0.0094 0.9635 0.0232 0.0039 
   NS_SS1001  1 0.6210 0.1298 0.2429 0.0063 
   NS_SS0936  1 0.6156 0.3345 0.0472 0.0028 
   NS_SS0955  1 0.0496 0.0546 0.8920 0.0038 
   NS_SS0944  1 0.2117 0.0287 0.7578 0.0017 
   NS_SS0945  1 0.6304 0.1137 0.2474 0.0085 
   NS_SS0922  1 0.0526 0.9153 0.0083 0.0238 
   NS_SS0929  1 0.1620 0.2583 0.5768 0.0029 
   NS_SS0956  1 0.2035 0.7763 0.0169 0.0033 
   NS_SS0906  1 0.6239 0.2787 0.0942 0.0032 
   NS_SS0721  1 0.0086 0.9647 0.0228 0.0039 
   NS_SS0982  1 0.5695 0.3901 0.0239 0.0165 
   NS_SS0923  1 0.0613 0.9197 0.0154 0.0036 
   NS_SS0905  1 0.0291 0.8267 0.1424 0.0017 
   NS_SS0925  1 0.3870 0.5900 0.0187 0.0044 
   NS_SS0947  1 0.8169 0.1536 0.0248 0.0046 
   NS_SS0926  1 0.0088 0.0106 0.9796 0.0010 
   NS_SS0918  1 0.7396 0.1353 0.1228 0.0023 
   NS_SS0966  1 0.8374 0.0578 0.0529 0.0519 
   NS_SS0938  1 0.8041 0.1544 0.0402 0.0013 
   NS_SS0917  1 0.0347 0.8873 0.0483 0.0296 
   NS_SS0957  1 0.8521 0.1193 0.0224 0.0061 
   NS_SS0987  1 0.1253 0.6114 0.0278 0.2354 
   NS_SS0717  1 0.7790 0.2012 0.0173 0.0025 
   NS_SS0986  1 0.7617 0.1895 0.0456 0.0032 
   NS_SS0953  1 0.9229 0.0367 0.0260 0.0144 
   NS_SS0907  1 0.6047 0.2810 0.0760 0.0383 
   NS_SS0974  1 0.0711 0.0802 0.8451 0.0037 
   NS_SS0989  1 0.0172 0.0420 0.9398 0.0010 
   NS_SS0991  1 0.0488 0.0271 0.9221 0.0020 
   NS_SS0994  1 0.0077 0.0069 0.9840 0.0014 
   NS_SS0931  1 0.0335 0.0729 0.8840 0.0096 
   NS_SS1000  1 0.8595 0.1237 0.0130 0.0037 
   NS_SS0919  1 0.0185 0.8223 0.1565 0.0027 
   NS_SS0949  1 0.0089 0.0275 0.9623 0.0014 
   NS_SS0960  1 0.0188 0.5849 0.3904 0.0059 
   NS_SS0716  1 0.6570 0.3305 0.0063 0.0061 
   NS_SS0924  1 0.0454 0.5208 0.4144 0.0194 
   NS_SS0935  1 0.0132 0.1886 0.7901 0.0081 
   NS_SS0952  1 0.0809 0.1160 0.7698 0.0332 
   NS_SS0962  1 0.4730 0.5046 0.0154 0.0071 
   NS_SS0973  1 0.0801 0.5168 0.3995 0.0036 
   NS_SS0722  1 0.9430 0.0474 0.0075 0.0022 
   NS_SS0979  1 0.8276 0.1539 0.0165 0.0020 
   NS_SS0993  1 0.9415 0.0235 0.0188 0.0162 
   NS_SS0958  1 0.1648 0.0621 0.7704 0.0027 
   NS_SS0988  1 0.5946 0.3082 0.0923 0.0050 
   NS_SS1003  1 0.1952 0.7838 0.0127 0.0083 
   NS_SS0976  1 0.1221 0.1069 0.7687 0.0023 
   NS_SS0964  1 0.7313 0.2543 0.0121 0.0023 
   NS_SS0939  1 0.4345 0.5551 0.0063 0.0041 
   NS_SS0990  1 0.7787 0.1248 0.0934 0.0031 
   NS_SS0984  1 0.3903 0.5998 0.0079 0.0019 
   NS_SS0980  1 0.1538 0.6931 0.1509 0.0022 
   NS_SS0978  1 0.1541 0.8058 0.0373 0.0028 
   NS_SS0951  1 0.2224 0.0678 0.7070 0.0029 
   NS_SS0913  1 0.7404 0.1800 0.0447 0.0349 
   NS_SS1002  1 0.8997 0.0544 0.0103 0.0356 
   NS_SS0948  1 0.8208 0.0503 0.0873 0.0417 
   NS_SS0916  1 0.0332 0.8128 0.1498 0.0042 
   NS_SS0995  1 0.0704 0.9148 0.0121 0.0027 
   NS_SS0927  1 0.0278 0.8645 0.1035 0.0042 
   NS_SS0992  1 0.1743 0.5579 0.2647 0.0030 
   NS_SS0912  1 0.1613 0.3068 0.5290 0.0029 
   NS_SS0981  1 0.2450 0.7242 0.0278 0.0030 
   NS_SS0729  2 0.0080 0.0113 0.9774 0.0034 
   NS_SS0967  2 0.3308 0.5803 0.0760 0.0128 
   NS_SS0941  2 0.3490 0.4471 0.1248 0.0791 
   NS_SS0768  2 0.8935 0.0705 0.0314 0.0046 
   NS_SS0726  2 0.0268 0.1243 0.8408 0.0082 
   NS_SS0763  2 0.0475 0.0391 0.9114 0.0021 
   NS_SS0730  2 0.3288 0.6505 0.0178 0.0029 
   NS_SS0774  2 0.9097 0.0839 0.0055 0.0008 
   NS_SS0723  2 0.0206 0.9717 0.0061 0.0016 
   NS_SS0940  2 0.0330 0.7498 0.2109 0.0063 
   NS_SS0762  2 0.7017 0.2749 0.0200 0.0033 
   NS_SS0766  2 0.0471 0.8265 0.1154 0.0110 
   NS_SS0724  2 0.9500 0.0281 0.0181 0.0037 
   NS_SS0769  2 0.2920 0.6779 0.0260 0.0041 
   NS_SS0777  2 0.3872 0.2262 0.3742 0.0123 
   NS_SS0734  2 0.0303 0.8046 0.1444 0.0206 
   NS_SS0737  2 0.7515 0.2360 0.0074 0.0051 
   NS_SS0732  2 0.0237 0.9577 0.0141 0.0045 
   NS_SS0728  2 0.1401 0.7849 0.0654 0.0096 
   NS_SS0735  2 0.5095 0.4329 0.0499 0.0077 
   NS_SS0725  2 0.9177 0.0174 0.0575 0.0074 
   NS_SS0788  2 0.0162 0.9730 0.0093 0.0015 
   NS_SS0778  2 0.0404 0.8883 0.0699 0.0014 
   NS_SS0792  2 0.4839 0.2687 0.2420 0.0054 
   NS_SS0943  2 0.0264 0.0095 0.9572 0.0069 
   NS_SS0791  2 0.0073 0.9248 0.0562 0.0117 
   NS_SS0790  2 0.9848 0.0083 0.0037 0.0032 
   NS_SS0731  2 0.9405 0.0381 0.0107 0.0107 
   NS_SS0727  2 0.1179 0.0186 0.8616 0.0019 
   NS_SS0779  2 0.3612 0.5659 0.0668 0.0062 
   NS_SS0776  2 0.7895 0.0853 0.1197 0.0054 
   NS_SS0775  2 0.5680 0.4173 0.0085 0.0062 
   NS_SS0965  3 0.0852 0.8531 0.0600 0.0018 
   NS_SS0754  3 0.0290 0.3027 0.6555 0.0128 
   NS_SS0838  3 0.6769 0.1457 0.1353 0.0421 
   NS_SS0839  3 0.8083 0.1807 0.0079 0.0030 
   NS_SS0832  3 0.6902 0.2609 0.0057 0.0432 
   NS_SS0820  3 0.3075 0.6818 0.0050 0.0057 
   NS_SS0886  3 0.0273 0.8196 0.1515 0.0017 
   NS_SS0748  3 0.5173 0.0753 0.3991 0.0084 
   NS_SS0884  3 0.3206 0.5723 0.0890 0.0181 
   NS_SS0752  3 0.1548 0.7407 0.1027 0.0018 
   NS_SS0862  3 0.0910 0.8965 0.0088 0.0037 
   NS_SS0787  3 0.0076 0.0241 0.9627 0.0057 
   NS_SS0843  3 0.4012 0.4036 0.1934 0.0018 
   NS_SS0856  3 0.8204 0.1588 0.0177 0.0031 
   NS_SS0846  3 0.3502 0.2152 0.4316 0.0031 
   NS_SS0825  3 0.2329 0.6900 0.0676 0.0095 
   NS_SS0757  3 0.1380 0.3204 0.5378 0.0038 
   NS_SS0876  3 0.4469 0.3173 0.0188 0.2169 
   NS_SS0903  3 0.4245 0.5490 0.0240 0.0025 
   NS_SS0875  3 0.2920 0.6686 0.0367 0.0026 
   NS_SS0740  3 0.1182 0.5121 0.3661 0.0036 
   NS_SS0811  3 0.7457 0.2217 0.0228 0.0097 
   NS_SS0751  3 0.1312 0.8342 0.0323 0.0023 
   NS_SS0891  3 0.8318 0.1438 0.0188 0.0056 
   NS_SS0867  3 0.0909 0.3510 0.5299 0.0283 
   NS_SS0890  3 0.0621 0.8119 0.1228 0.0031 
   NS_SS0866  3 0.0355 0.0157 0.9440 0.0048 
   NS_SS0755  3 0.5269 0.3570 0.1103 0.0058 
   NS_SS0758  3 0.3672 0.4952 0.1354 0.0022 
   NS_SS0840  3 0.5716 0.4109 0.0153 0.0022 
   NS_SS0889  3 0.0427 0.0220 0.9332 0.0021 
   NS_SS1010  3 0.2046 0.6549 0.1037 0.0368 
   NS_SS0888  3 0.0073 0.0547 0.9366 0.0014 
   NS_SS0837  3 0.4966 0.3916 0.1087 0.0031 
   NS_SS0794  3 0.0862 0.0173 0.8942 0.0023 
   NS_SS0823  3 0.9291 0.0536 0.0134 0.0039 
   NS_SS0829  3 0.0167 0.0155 0.8570 0.1108 
   NS_SS0844  3 0.9702 0.0175 0.0105 0.0019 
   NS_SS1008  3 0.0574 0.0422 0.8892 0.0112 
   NS_SS0881  3 0.0214 0.9060 0.0705 0.0022 
   NS_SS0834  3 0.9703 0.0172 0.0078 0.0047 
   NS_SS0744  3 0.0724 0.8719 0.0498 0.0058 
   NS_SS0899  3 0.9751 0.0159 0.0074 0.0016 
   NS_SS0804  3 0.7239 0.2631 0.0087 0.0043 
   NS_SS0781  3 0.9413 0.0516 0.0044 0.0027 
   NS_SS0822  3 0.2055 0.0271 0.7653 0.0021 
   NS_SS1004  3 0.5200 0.3981 0.0787 0.0032 
   NS_SS0746  3 0.6822 0.0508 0.2531 0.0139 
   NS_SS0880  3 0.4533 0.3804 0.1647 0.0016 
   NS_SS0879  3 0.9110 0.0440 0.0324 0.0127 
   NS_SS0753  3 0.0234 0.1459 0.8202 0.0105 
   NS_SS1007  3 0.0072 0.9795 0.0119 0.0014 
   NS_SS0872  3 0.9258 0.0619 0.0105 0.0018 
   NS_SS1005  3 0.8876 0.0959 0.0152 0.0012 
   NS_SS0892  3 0.1870 0.7422 0.0690 0.0018 
   NS_SS0898  3 0.0405 0.2245 0.7285 0.0064 
   NS_SS0801  3 0.3256 0.6212 0.0431 0.0100 
   NS_SS0827  3 0.1203 0.5206 0.2391 0.1201 
   NS_SS0853  3 0.6802 0.2346 0.0789 0.0063 
   NS_SS0780  3 0.0857 0.8979 0.0130 0.0034 
   NS_SS0826  3 0.7516 0.0144 0.2306 0.0034 
   NS_SS0818  3 0.0541 0.9343 0.0102 0.0014 
   NS_SS0745  3 0.7387 0.2512 0.0087 0.0013 
   NS_SS0849  3 0.1589 0.7767 0.0628 0.0016 
   NS_SS0739  3 0.0206 0.9622 0.0087 0.0085 
   NS_SS0799  3 0.0170 0.1090 0.8727 0.0012 
   NS_SS0756  3 0.8068 0.1807 0.0094 0.0032 
   NS_SS0802  3 0.0391 0.6880 0.0875 0.1854 
   NS_SS0747  3 0.2912 0.6358 0.0685 0.0045 
   NS_SS0835  3 0.0154 0.0981 0.8853 0.0011 
   NS_SS0742  3 0.3365 0.6188 0.0436 0.0012 
   NS_SS0760  3 0.0324 0.0466 0.8742 0.0468 
   NS_SS0803  3 0.9212 0.0634 0.0080 0.0074 
   NS_SS0828  3 0.0216 0.6906 0.2864 0.0015 
   NS_SS0865  3 0.0790 0.8308 0.0662 0.0239 
   NS_SS0759  3 0.0539 0.9374 0.0052 0.0035 
   NS_SS0851  3 0.5646 0.4145 0.0089 0.0120 
   NS_SS0874  3 0.9526 0.0303 0.0156 0.0015 
   NS_SS0761  3 0.0254 0.0393 0.9329 0.0023 
   NS_SS0842  3 0.5209 0.1373 0.3327 0.0092 
   NS_SS0785  3 0.2354 0.5003 0.2590 0.0053 
   NS_SS0860  3 0.0190 0.1620 0.8165 0.0024 
   NS_SS0897  3 0.0066 0.0097 0.9820 0.0016 
   NS_SS0841  3 0.1944 0.7777 0.0239 0.0039 
   NS_SS0797  3 0.0234 0.2450 0.7078 0.0238 
   NS_SS0830  3 0.2310 0.4013 0.3657 0.0020 
   NS_SS1011  3 0.6692 0.3077 0.0171 0.0060 
   NS_SS0883  3 0.0127 0.9521 0.0302 0.0050 
   NS_SS0782  3 0.7134 0.2120 0.0727 0.0019 
   NS_SS0831  3 0.0250 0.0602 0.9115 0.0033 
   NS_SS0749  3 0.0144 0.8558 0.1261 0.0036 
   NS_SS0854  3 0.3149 0.1514 0.5307 0.0030 
   HI_SS0193  4 0.0104 0.0146 0.9735 0.0014 
   HI_SS0194  4 0.9611 0.0200 0.0173 0.0016 
   HI_SS0195  4 0.3793 0.5201 0.0046 0.0960 
   HI_SS0196  4 0.4161 0.3731 0.2085 0.0024 
   HI_SS0197  4 0.1526 0.8299 0.0061 0.0115 
   HI_SS0198  4 0.0259 0.9059 0.0601 0.0081 
   HI_SS0199  4 0.0180 0.4008 0.5789 0.0023 
   HI_SS0201  4 0.0122 0.0357 0.9498 0.0023 
   HI_SS0215  4 0.0484 0.2322 0.7162 0.0032 
   HI_SS0218  4 0.0078 0.0087 0.9782 0.0054 
   HI_SS0222  4 0.0464 0.9133 0.0359 0.0043 
   HI_SS0230  4 0.4703 0.5058 0.0177 0.0062 
   HI_SS0234  4 0.3100 0.4751 0.0693 0.1455 
   HI_SS0240  4 0.0139 0.9620 0.0187 0.0054 
   HI_SS0241  4 0.0414 0.0451 0.9112 0.0023 
   HI_SS0242  4 0.3584 0.4335 0.2054 0.0027 
   HI_SS0247  4 0.9450 0.0086 0.0266 0.0198 
   HI_SS0248  4 0.0096 0.0101 0.9796 0.0007 
   HI_SS0252  4 0.8918 0.0460 0.0604 0.0018 
   HI_SS0254  4 0.0185 0.0846 0.7975 0.0995 
   HI_SS0256  4 0.9671 0.0278 0.0037 0.0014 
   HI_SS0257  4 0.1280 0.0675 0.8013 0.0032 
   HI_SS0258  4 0.0103 0.0444 0.9413 0.0040 
   HI_SS0259  4 0.2877 0.6938 0.0158 0.0027 
   HI_SS0260  4 0.0516 0.0524 0.8948 0.0013 
   HI_SS0261  4 0.0808 0.1914 0.7248 0.0030 
   HI_SS0262  4 0.1838 0.7924 0.0176 0.0061 
   HI_SS0264  4 0.7117 0.2702 0.0145 0.0037 
   HI_SS0265  4 0.2692 0.6289 0.0127 0.0892 
   HI_SS0268  4 0.0973 0.8767 0.0231 0.0028 
   HI_SS0269  4 0.0137 0.0253 0.9593 0.0018 
   HI_SS0273  4 0.0204 0.0487 0.9294 0.0015 
   HI_SS0277  4 0.0267 0.9397 0.0314 0.0023 
   HI_SS0280  4 0.0544 0.8345 0.1071 0.0040 
   HI_SS0282  4 0.0516 0.1078 0.8394 0.0012 
   HI_SS0286  4 0.0478 0.7375 0.2074 0.0073 
   NS_SS1252  5 0.0076 0.0076 0.9812 0.0035 
   NS_SS1261  5 0.7117 0.1599 0.1117 0.0167 
   NS_SS1225  5 0.2109 0.0344 0.6468 0.1079 
   NS_SS1266  5 0.9693 0.0176 0.0060 0.0071 
   NS_SS1228  5 0.3731 0.5935 0.0213 0.0122 
   NS_SS1255  5 0.5392 0.1103 0.3489 0.0016 
   NS_SS1267  5 0.0043 0.0203 0.9608 0.0145 
   NS_SS1238  5 0.2953 0.2854 0.4164 0.0028 
   NS_SS1233  5 0.8892 0.0138 0.0947 0.0023 
   NS_SS1277  5 0.0118 0.0429 0.9444 0.0010 
   NS_SS1245  5 0.2769 0.0238 0.6976 0.0016 
   NS_SS1240  5 0.0087 0.0180 0.9716 0.0018 
   NS_SS1275  5 0.8987 0.0928 0.0061 0.0025 
   NS_SS1235  5 0.9279 0.0156 0.0517 0.0048 
   NS_SS1263  5 0.9588 0.0112 0.0290 0.0010 
   NS_SS1251  5 0.9373 0.0427 0.0187 0.0014 
   NS_SS1248  5 0.2558 0.2809 0.3637 0.0997 
   NS_SS1244  5 0.1535 0.5209 0.3208 0.0049 
   NS_SS1257  5 0.0577 0.2468 0.6623 0.0332 
   NS_SS1242  5 0.8711 0.1194 0.0071 0.0024 
   NS_SS1271  5 0.0063 0.0267 0.9415 0.0255 
   NS_SS1265  5 0.3969 0.0335 0.5474 0.0222 
   NS_SS1243  5 0.6273 0.2065 0.0898 0.0764 
   NS_SS1273  5 0.7723 0.2054 0.0140 0.0083 
   NS_SS1254  5 0.9488 0.0131 0.0319 0.0063 
   NS_SS1224  5 0.8991 0.0802 0.0135 0.0073 
   NS_SS1227  5 0.0168 0.2942 0.6872 0.0018 
   NS_SS1274  5 0.0298 0.0794 0.8732 0.0177 
   NS_SS1241  5 0.1190 0.0123 0.8678 0.0009 
   NS_SS1256  5 0.8139 0.0185 0.1354 0.0322 
   NS_SS1260  5 0.0156 0.3625 0.5569 0.0649 
   NS_SS1262  5 0.0520 0.1059 0.6692 0.1729 
   NS_SS1230  5 0.2501 0.1945 0.5469 0.0085 
   NS_SS1270  5 0.8979 0.0799 0.0202 0.0020 
   NS_SS1229  5 0.6773 0.2619 0.0564 0.0045 
   NS_SS1246  5 0.1003 0.0635 0.8331 0.0032 
   NS_SS1269  5 0.1032 0.8549 0.0398 0.0021 
   NS_SS1239  5 0.0934 0.7643 0.1383 0.0040 
   NS_SS1272  5 0.9647 0.0179 0.0123 0.0051 
   NS_SS1268  5 0.4670 0.4718 0.0590 0.0022 
   NS_SS1249  5 0.0121 0.0076 0.9693 0.0109 
   HI_SS0559  6 0.1487 0.3934 0.4563 0.0017 
   HI_SS0563  6 0.1962 0.5461 0.2546 0.0031 
   HI_SS0564  6 0.0468 0.8879 0.0232 0.0421 
   HI_SS0565  6 0.1739 0.7054 0.1172 0.0035 
   HI_SS0569  6 0.0139 0.1058 0.8780 0.0023 
   HI_SS0570  6 0.0203 0.0343 0.9085 0.0369 
   HI_SS0572  6 0.9697 0.0186 0.0098 0.0020 
   HI_SS0576  6 0.0811 0.8832 0.0309 0.0048 
   HI_SS0579  6 0.2419 0.1738 0.5667 0.0176 
   HI_SS0580  6 0.0972 0.3392 0.5595 0.0041 
   HI_SS0581  6 0.5857 0.3415 0.0092 0.0636 
   HI_SS0583  6 0.2286 0.0219 0.7472 0.0023 
   HI_SS0586  6 0.0082 0.0173 0.9735 0.0010 
   HI_SS0588  6 0.0491 0.0889 0.8432 0.0188 
   HI_SS0595  6 0.0253 0.6528 0.2954 0.0265 
   HI_SS0596  6 0.9773 0.0109 0.0098 0.0020 
   HI_SS0597  6 0.9791 0.0123 0.0065 0.0021 
   HI_SS0600  6 0.1238 0.6669 0.2061 0.0031 
   HI_SS0601  6 0.0660 0.1282 0.7922 0.0137 
   HI_SS0602  6 0.0334 0.7931 0.1712 0.0022 
   HI_SS0604  6 0.7344 0.1024 0.1615 0.0018 
   HI_SS0605  6 0.0155 0.8817 0.0977 0.0051 
   HI_SS0608  6 0.3463 0.1703 0.4821 0.0012 
   HI_SS0609  6 0.9501 0.0358 0.0133 0.0007 
   HI_SS0611  6 0.0178 0.0388 0.9408 0.0026 
   HI_SS0612  6 0.3438 0.4287 0.2206 0.0068 
   HI_SS0613  6 0.1322 0.7212 0.1451 0.0015 
   HI_SS0615  6 0.0372 0.9460 0.0077 0.0090 
   HI_SS0001  6 0.2101 0.1120 0.6734 0.0044 
   HI_SS0002  6 0.8202 0.1360 0.0159 0.0279 
   HI_SS0004  6 0.2336 0.1243 0.6369 0.0052 
   HI_SS0005  6 0.0128 0.9625 0.0201 0.0047 
   HI_SS0006  6 0.2600 0.0434 0.6950 0.0016 
   HI_SS0007  6 0.0130 0.0223 0.9624 0.0023 
   HI_SS0008  6 0.1080 0.7438 0.1131 0.0351 
   HI_SS0009  6 0.3543 0.6113 0.0297 0.0048 
   HI_SS0010  6 0.0333 0.0934 0.8695 0.0037 
   HI_SS0011  6 0.8307 0.0408 0.0377 0.0907 
   HI_SS0012  6 0.0358 0.9505 0.0094 0.0043 
   HI_SS0017  6 0.9691 0.0143 0.0150 0.0016 
   HI_SS0021  6 0.1513 0.1155 0.4926 0.2406 
   HI_SS0024  6 0.5361 0.4105 0.0516 0.0018 
   HI_SS0025  6 0.8439 0.1396 0.0133 0.0032 
   HI_SS0027  6 0.0092 0.1050 0.8740 0.0117 
   HI_SS0028  6 0.0991 0.8935 0.0057 0.0016 
   HI_SS0029  6 0.4664 0.5017 0.0245 0.0075 
   HI_SS0030  6 0.0358 0.1669 0.7918 0.0056 
   HI_SS0031  6 0.0309 0.9459 0.0203 0.0028 
   HI_SS0034  6 0.0320 0.0856 0.8783 0.0041 
   HI_SS0036  6 0.0081 0.3811 0.6008 0.0099 
   HI_SS0037  6 0.1542 0.0502 0.7910 0.0046 
   HI_SS0039  6 0.0283 0.1329 0.8355 0.0032 
   HI_SS0041  6 0.5309 0.4597 0.0075 0.0019 
   HI_SS0042  6 0.3395 0.5312 0.0127 0.1165 
   HI_SS0043  6 0.0081 0.0129 0.9764 0.0026 
   HI_SS0044  6 0.3990 0.4264 0.1717 0.0029 
   HI_SS0047  6 0.6624 0.3112 0.0240 0.0024 
   HI_SS0049  6 0.8909 0.0386 0.0667 0.0037 
   HI_SS0051  6 0.1361 0.7775 0.0844 0.0021 
   HI_SS0053  6 0.0115 0.0265 0.9571 0.0049 
   HI_SS0054  6 0.0060 0.0069 0.9841 0.0030 
   HI_SS0057  6 0.5899 0.2146 0.1917 0.0039 
   HI_SS0058  6 0.6069 0.0422 0.3442 0.0067 
   HI_SS0060  6 0.0802 0.7453 0.0969 0.0776 
   HI_SS0087  6 0.2845 0.3087 0.4043 0.0024 
   HI_SS0091  6 0.0167 0.0393 0.9427 0.0013 
   HI_SS0095  6 0.1634 0.7019 0.0842 0.0504 
   HI_SS0097  6 0.6808 0.2237 0.0902 0.0054 
   HI_SS0099  6 0.6622 0.3194 0.0145 0.0039 
   HI_SS0103  6 0.5262 0.4252 0.0457 0.0029 
   HI_SS0105  6 0.2765 0.6107 0.0870 0.0259 
   HI_SS0107  6 0.9654 0.0251 0.0088 0.0008 
   HI_SS0108  6 0.0058 0.0117 0.9625 0.0199 
   HI_SS0110  6 0.0556 0.7651 0.1781 0.0012 
   HI_SS0111  6 0.0503 0.9124 0.0174 0.0199 
   HI_SS0112  6 0.0053 0.0098 0.9836 0.0013 
   HI_SS0113  6 0.9807 0.0099 0.0072 0.0023 
   HI_SS0114  6 0.0124 0.4127 0.5699 0.0049 
   HI_SS0115  6 0.0465 0.6024 0.3374 0.0136 
   HI_SS0116  6 0.0668 0.0143 0.9157 0.0031 
   HI_SS0117  6 0.2452 0.2214 0.5315 0.0019 
   HI_SS0118  6 0.3740 0.0851 0.5302 0.0107 
   HI_SS0119  6 0.0188 0.3471 0.6323 0.0018 
   HI_SS0120  6 0.9800 0.0097 0.0075 0.0028 
   HI_SS0121  6 0.6533 0.3303 0.0148 0.0015 
   HI_SS0122  6 0.4137 0.4713 0.0929 0.0221 
   HI_SS0123  6 0.2121 0.7015 0.0813 0.0050 
   HI_SS0124  6 0.5829 0.4057 0.0087 0.0027 
   HI_SS0125  6 0.0277 0.9420 0.0049 0.0254 
   HI_SS0126  6 0.0112 0.0091 0.9788 0.0009 
   HI_SS0127  6 0.1233 0.5247 0.3438 0.0082 
   HI_SS0128  6 0.6800 0.0992 0.2176 0.0032 
   HI_SS0129  6 0.0376 0.6087 0.3444 0.0093 
   HI_SS0131  6 0.3407 0.1306 0.4902 0.0385 
   HI_SS0132  6 0.1493 0.4570 0.3932 0.0006 
   HI_SS0133  6 0.0041 0.0037 0.9909 0.0012 
   HI_SS0134  6 0.2605 0.4217 0.3156 0.0022 
   HI_SS0142  6 0.3999 0.5615 0.0251 0.0136 
   HI_SS0145  6 0.2729 0.2757 0.4501 0.0012 
   HI_SS0146  6 0.0166 0.0550 0.9272 0.0012 
   HI_SS0147  6 0.8906 0.0813 0.0066 0.0215 
   HI_SS0149  6 0.1623 0.4044 0.4280 0.0053 
   HI_SS0150  6 0.1435 0.8382 0.0137 0.0046 
   HI_SS0151  6 0.0540 0.6647 0.2703 0.0111 
   NS_SS1451  6 0.3935 0.5937 0.0096 0.0031 
   NS_SS1404  6 0.4368 0.5287 0.0242 0.0103 
   NS_SS1432  6 0.3082 0.6534 0.0081 0.0303 
   NS_SS1405  6 0.4207 0.5167 0.0596 0.0030 
   NS_SS1431  6 0.7890 0.1985 0.0118 0.0007 
   NS_SS1402  6 0.4395 0.4719 0.0861 0.0026 
   NS_SS1450  6 0.0594 0.5501 0.3867 0.0038 
   NS_SS1396  6 0.5170 0.4167 0.0601 0.0062 
   NS_SS1393  6 0.0223 0.7066 0.2674 0.0038 
   NS_SS1392  6 0.2178 0.7512 0.0147 0.0162 
   NS_SS1445  6 0.0497 0.0816 0.8580 0.0107 
   NS_SS1423  6 0.0588 0.0652 0.8744 0.0016 
   NS_SS1421  6 0.0667 0.1414 0.6923 0.0996 
   NS_SS1411  6 0.0356 0.1743 0.7886 0.0015 
   NS_SS1453  6 0.0986 0.3999 0.4948 0.0067 
   NS_SS1442  6 0.6794 0.2209 0.0959 0.0038 
   NS_SS1422  6 0.3346 0.0754 0.5760 0.0140 
   NS_SS1419  6 0.6955 0.0197 0.1189 0.1659 
   NS_SS1427  6 0.0065 0.0146 0.9771 0.0018 
   NS_SS1444  6 0.8337 0.1536 0.0095 0.0031 
   NS_SS1455  6 0.9803 0.0087 0.0097 0.0013 
   NS_SS1425  6 0.0066 0.0164 0.9754 0.0015 
   NS_SS1400  6 0.0242 0.0052 0.9689 0.0016 
   NS_SS1406  6 0.6380 0.3475 0.0067 0.0078 
   NS_SS1417  6 0.7408 0.0343 0.2173 0.0075 
   NS_SS1454  6 0.2336 0.1631 0.6019 0.0015 
   NS_SS1412  6 0.5578 0.1081 0.3101 0.0240 
   NS_SS1438  6 0.0208 0.0130 0.9649 0.0014 
   NS_SS1416  6 0.1809 0.7969 0.0166 0.0056 
   NS_SS1401  6 0.7051 0.2446 0.0394 0.0109 
   NS_SS1424  6 0.0562 0.2350 0.6945 0.0144 
   NS_SS1435  6 0.0342 0.7127 0.2507 0.0024 
   NS_SS1447  6 0.9564 0.0253 0.0124 0.0058 
   NS_SS1414  6 0.9668 0.0141 0.0119 0.0072 
   NS_SS1449  6 0.5958 0.2620 0.1386 0.0036 
   NS_SS1443  6 0.0092 0.1529 0.8360 0.0019 
   NS_SS1434  6 0.4963 0.0522 0.4507 0.0007 
   NS_SS1398  6 0.0331 0.8728 0.0776 0.0165 
   NS_SS1426  6 0.0074 0.0136 0.9768 0.0022 
   NS_SS1413  6 0.0170 0.0073 0.9666 0.0091 
   NS_SS1395  6 0.0314 0.4565 0.5030 0.0091 
   NS_SS1448  6 0.1199 0.2165 0.6620 0.0016 
   NS_SS1446  6 0.4892 0.3138 0.1938 0.0033 
   NS_SS1403  6 0.1009 0.8540 0.0403 0.0049 
   NS_SS1415  6 0.0093 0.0265 0.9558 0.0084 
   NS_SS1437  6 0.6406 0.2707 0.0815 0.0072 
   NS_SS1439  6 0.4530 0.5236 0.0210 0.0024 
   NS_SS1441  6 0.0499 0.3230 0.6253 0.0019 
   NS_SS1420  6 0.5115 0.4681 0.0170 0.0034 
   NS_SS1394  6 0.1186 0.8459 0.0073 0.0283 
   NS_SS1391  6 0.1827 0.2024 0.6017 0.0133 
   NS_SS1410  6 0.6211 0.1023 0.2638 0.0129 
   NS_SS1408  6 0.0812 0.8516 0.0243 0.0430 
   NS_SS1409  6 0.1195 0.7528 0.1256 0.0021 
   HI_SS0617  7 0.2492 0.6554 0.0940 0.0013 
   HI_SS0618  7 0.0764 0.9037 0.0177 0.0022 
   HI_SS0619  7 0.6426 0.2574 0.0965 0.0035 
   HI_SS0620  7 0.0070 0.0104 0.9802 0.0024 
   HI_SS0621  7 0.5880 0.3746 0.0237 0.0137 
   HI_SS0622  7 0.6036 0.0575 0.3286 0.0103 
   HI_SS0626  7 0.2199 0.7402 0.0323 0.0076 
   HI_SS0627  7 0.8170 0.1657 0.0098 0.0075 
   HI_SS0628  7 0.0467 0.5652 0.3397 0.0484 
   HI_SS0629  7 0.3487 0.4218 0.2234 0.0061 
   HI_SS0630  7 0.0478 0.4371 0.4634 0.0518 
   HI_SS0631  7 0.0231 0.0804 0.8956 0.0009 
   HI_SS0632  7 0.7165 0.1708 0.1096 0.0031 
   HI_SS0633  7 0.7360 0.2476 0.0129 0.0034 
   HI_SS0634  7 0.0344 0.9483 0.0154 0.0019 
   HI_SS0635  7 0.1426 0.8300 0.0200 0.0074 
   HI_SS0637  7 0.1092 0.8698 0.0187 0.0023 
   HI_SS0638  7 0.0966 0.4009 0.5014 0.0011 
   HI_SS0639  7 0.1683 0.7905 0.0075 0.0337 
   HI_SS0640  7 0.0710 0.5070 0.4202 0.0018 
   HI_SS0641  7 0.0371 0.5720 0.3859 0.0051 
   HI_SS0642  7 0.0752 0.7960 0.1266 0.0022 
   HI_SS0645  7 0.4431 0.5355 0.0206 0.0008 
   HI_SS0646  7 0.1483 0.6949 0.1542 0.0026 
   HI_SS0647  7 0.2477 0.1307 0.6206 0.0011 
   HI_SS0648  7 0.0722 0.8490 0.0765 0.0022 
   HI_SS0649  7 0.4635 0.4801 0.0549 0.0015 
   HI_SS0650  7 0.3360 0.6003 0.0595 0.0043 
   HI_SS0651  7 0.1516 0.5118 0.3330 0.0036 
   HI_SS0652  7 0.2851 0.6954 0.0159 0.0036 
   NS_SS1371  7 0.0269 0.6027 0.3651 0.0052 
   NS_SS1374  7 0.0133 0.5827 0.4020 0.0021 
   NS_SS1337  7 0.4805 0.4302 0.0857 0.0035 
   NS_SS1385  7 0.7930 0.0905 0.1123 0.0042 
   NS_SS1388  7 0.7570 0.2050 0.0316 0.0064 
   NS_SS1370  7 0.2576 0.6763 0.0566 0.0096 
   NS_SS1389  7 0.8044 0.1828 0.0096 0.0031 
   NS_SS1360  7 0.0185 0.1995 0.7772 0.0048 
   NS_SS1330  7 0.2002 0.7878 0.0087 0.0033 
   NS_SS1328  7 0.0509 0.0639 0.8829 0.0023 
   NS_SS1384  7 0.0863 0.5388 0.3719 0.0030 
   NS_SS1381  7 0.9630 0.0282 0.0078 0.0010 
   NS_SS1375  7 0.2800 0.6940 0.0249 0.0010 
   NS_SS1319  7 0.0615 0.7382 0.1050 0.0952 
   NS_SS1326  7 0.0144 0.0238 0.9529 0.0089 
   NS_SS1341  7 0.6023 0.1177 0.2756 0.0044 
   NS_SS1383  7 0.0220 0.9112 0.0631 0.0036 
   NS_SS1318  7 0.8079 0.1161 0.0600 0.0161 
   NS_SS1348  7 0.0067 0.0111 0.9809 0.0013 
   NS_SS1363  7 0.3838 0.5684 0.0430 0.0049 
   NS_SS1335  7 0.0135 0.2038 0.7557 0.0270 
   NS_SS1358  7 0.1448 0.2308 0.6093 0.0151 
   NS_SS1342  7 0.0849 0.0440 0.8696 0.0014 
   NS_SS1320  7 0.9523 0.0374 0.0046 0.0057 
   NS_SS1355  7 0.9438 0.0348 0.0093 0.0121 
   NS_SS1345  7 0.8850 0.0300 0.0669 0.0181 
   NS_SS1324  7 0.1002 0.3407 0.5565 0.0026 
   NS_SS1347  7 0.0218 0.5716 0.4027 0.0040 
   NS_SS1321  7 0.0234 0.5644 0.4110 0.0012 
   NS_SS1333  7 0.0456 0.7749 0.1772 0.0023 
   NS_SS1364  7 0.3032 0.0150 0.6793 0.0024 
   NS_SS1379  7 0.6152 0.2576 0.0743 0.0528 
   NS_SS1332  7 0.0170 0.0112 0.9663 0.0055 
   NS_SS1338  7 0.0110 0.4388 0.5443 0.0060 
   NS_SS1368  7 0.3166 0.0770 0.6006 0.0059 
   NS_SS1354  7 0.8987 0.0670 0.0236 0.0107 
   NS_SS1365  7 0.5414 0.4069 0.0435 0.0082 
   NS_SS1380  7 0.9576 0.0176 0.0070 0.0178 
   NS_SS1329  7 0.2951 0.0356 0.6668 0.0025 
   NS_SS1362  7 0.1881 0.5487 0.2594 0.0039 
   NS_SS1327  7 0.0031 0.0063 0.9880 0.0025 
   NS_SS1350  7 0.0146 0.8871 0.0914 0.0070 
   NS_SS1387  7 0.2458 0.7266 0.0247 0.0028 
   NS_SS1369  7 0.0281 0.0258 0.9421 0.0040 
   NS_SS1331  7 0.3275 0.4596 0.2034 0.0095 
   NS_SS1357  7 0.3348 0.1164 0.5455 0.0033 
   NS_SS1386  7 0.0058 0.0074 0.9839 0.0029 
   NS_SS1353  7 0.9042 0.0483 0.0446 0.0029 
   NS_SS1323  7 0.7800 0.1201 0.0275 0.0724 
   HI_SS0296  8 0.0334 0.1082 0.8567 0.0016 
   HI_SS0297  8 0.0364 0.6125 0.3503 0.0008 
   HI_SS0299  8 0.1387 0.1914 0.6313 0.0386 
   HI_SS0300  8 0.1878 0.2371 0.5739 0.0012 
   HI_SS0301  8 0.1436 0.7908 0.0622 0.0034 
   HI_SS0302  8 0.0241 0.0293 0.9254 0.0212 
   HI_SS0303  8 0.0339 0.0111 0.9489 0.0060 
   HI_SS0304  8 0.4319 0.5330 0.0330 0.0021 
   HI_SS0306  8 0.0068 0.0074 0.9830 0.0028 
   HI_SS0307  8 0.1896 0.7943 0.0103 0.0058 
   HI_SS0308  8 0.0552 0.7840 0.0848 0.0760 
   HI_SS0309  8 0.3193 0.6528 0.0249 0.0029 
   HI_SS0310  8 0.6595 0.0295 0.3037 0.0074 
   HI_SS0311  8 0.3622 0.3635 0.2715 0.0028 
   HI_SS0314  8 0.7269 0.1971 0.0747 0.0012 
   HI_SS0316  8 0.0905 0.1403 0.7653 0.0039 
   HI_SS0317  8 0.0355 0.9399 0.0226 0.0020 
   HI_SS0318  8 0.0123 0.3584 0.4317 0.1976 
   HI_SS0319  8 0.0053 0.0126 0.9781 0.0039 
   HI_SS0320  8 0.3198 0.6706 0.0086 0.0009 
   HI_SS0321  8 0.0059 0.8645 0.1279 0.0017 
   HI_SS0323  8 0.0344 0.8055 0.1586 0.0014 
   HI_SS0325  8 0.0456 0.0212 0.9309 0.0023 
   HI_SS0327  8 0.0087 0.2258 0.7641 0.0015 
   HI_SS0329  8 0.8725 0.0978 0.0282 0.0014 
   HI_SS0333  8 0.2826 0.6361 0.0787 0.0025 
   HI_SS0334  8 0.0186 0.2117 0.7684 0.0013 
   HI_SS0335  8 0.7963 0.1634 0.0224 0.0179 
   HI_SS0339  8 0.8638 0.0897 0.0331 0.0134 
   HI_SS0343  8 0.9403 0.0367 0.0212 0.0018 
   HI_SS0344  8 0.0040 0.0074 0.9858 0.0028 
   HI_SS0345  8 0.7876 0.0671 0.1371 0.0082 
   HI_SS0346  8 0.0656 0.7997 0.1313 0.0033 
   HI_SS0350  8 0.9702 0.0145 0.0066 0.0087 
   HI_SS0351  8 0.6493 0.1854 0.1619 0.0034 
   HI_SS0352  8 0.7885 0.0686 0.0406 0.1023 
   HI_SS0362  8 0.0197 0.7160 0.2623 0.0020 
   HI_SS0363  8 0.0163 0.0288 0.9517 0.0032 
   HI_SS0365  8 0.0779 0.1332 0.7839 0.0050 
   HI_SS0366  8 0.0155 0.0124 0.9708 0.0013 
   HI_SS0367  8 0.9803 0.0120 0.0059 0.0017 
   HI_SS0369  8 0.8224 0.1627 0.0126 0.0023 
   HI_SS0370  8 0.1731 0.7236 0.1003 0.0030 
   HI_SS0371  8 0.0298 0.0870 0.8789 0.0042 
   HI_SS0373  8 0.1874 0.7479 0.0558 0.0089 
   HI_SS0374  8 0.6604 0.2966 0.0133 0.0297 
   HI_SS0377  8 0.0687 0.0431 0.8009 0.0874 
   HI_SS0379  8 0.0035 0.0048 0.9907 0.0010 
   HI_SS0380  8 0.7545 0.2202 0.0189 0.0063 
   HI_SS0381  8 0.6675 0.3153 0.0134 0.0039 
   HI_SS0384  8 0.2604 0.2943 0.4384 0.0068 
   HI_SS0385  8 0.0551 0.3261 0.6175 0.0013 
   HI_SS0386  9 0.0013 0.0016 0.0015 0.9955 
   HI_SS0387  9 0.0108 0.0138 0.0119 0.9635 
   HI_SS0389  9 0.0033 0.0033 0.0039 0.9895 
   HI_SS0390  9 0.0015 0.0019 0.0019 0.9948 
   HI_SS0391  9 0.0026 0.0026 0.0027 0.9921 
   HI_SS0392  9 0.0015 0.0013 0.0015 0.9957 
   HI_SS0393  9 0.0012 0.0013 0.0017 0.9957 
   HI_SS0394  9 0.0014 0.0013 0.0014 0.9959 
   HI_SS0395  9 0.0038 0.0036 0.0035 0.9891 
   HI_SS0396  9 0.0111 0.0096 0.0076 0.9718 
   HI_SS0398  9 0.0077 0.0051 0.0054 0.9818 
   HI_SS0399  9 0.0011 0.0010 0.0011 0.9968 
   HI_SS0400  9 0.0022 0.0024 0.0018 0.9936 
   HI_SS0401  9 0.0014 0.0017 0.0017 0.9952 
   HI_SS0402  9 0.0010 0.0015 0.0012 0.9963 
   HI_SS0403  9 0.0016 0.0014 0.0017 0.9953 
   HI_SS0404  9 0.0012 0.0010 0.0013 0.9965 
   HI_SS0405  9 0.0182 0.0185 0.0116 0.9517 
   HI_SS0406  9 0.0017 0.0021 0.0017 0.9945 
   HI_SS0407  9 0.0090 0.0070 0.0076 0.9765 
   HI_SS0408  9 0.0011 0.0013 0.0011 0.9966 
   HI_SS0409  9 0.0028 0.0030 0.0025 0.9917 
   HI_SS0411  9 0.0023 0.0030 0.0028 0.9918 
   HI_SS0412  9 0.0568 0.0859 0.0426 0.8146 
   HI_SS0413  9 0.0021 0.0019 0.0018 0.9942 
   HI_SS0414  9 0.0206 0.0215 0.0079 0.9501 
   HI_SS0415  9 0.0016 0.0017 0.0019 0.9949 
   HI_SS0416  9 0.0031 0.0040 0.0034 0.9895 
   HI_SS0418  9 0.0041 0.0046 0.0047 0.9866 
   HI_SS0419  9 0.0028 0.0034 0.0022 0.9916 
   HI_SS0420  9 0.0016 0.0019 0.0024 0.9942 
   HI_SS0421  9 0.0043 0.0048 0.0035 0.9874 
   HI_SS0422  9 0.0018 0.0014 0.0012 0.9957 
   HI_SS0423  9 0.0031 0.0044 0.0041 0.9884 
   HI_SS0424  9 0.0019 0.0015 0.0014 0.9952 
   HI_SS0425  9 0.0038 0.0030 0.0027 0.9906 
   NS_SS1146 10 0.0020 0.0023 0.0027 0.9930 
   NS_SS1157 10 0.0058 0.0061 0.0061 0.9820 
   NS_SS1144 10 0.0152 0.0184 0.0240 0.9424 
   NS_SS1074 10 0.0035 0.0032 0.0038 0.9895 
   NS_SS1122 10 0.0042 0.0045 0.0046 0.9867 
   NS_SS1136 10 0.0012 0.0011 0.0011 0.9967 
   NS_SS1077 10 0.0008 0.0008 0.0008 0.9976 
   NS_SS1134 10 0.0083 0.0124 0.0102 0.9692 
   NS_SS1091 10 0.0026 0.0020 0.0019 0.9935 
   NS_SS1089 10 0.0028 0.0028 0.0031 0.9912 
   NS_SS1123 10 0.0013 0.0015 0.0015 0.9956 
   NS_SS1158 10 0.0009 0.0010 0.0009 0.9972 
   NS_SS1093 10 0.0020 0.0023 0.0024 0.9933 
   NS_SS1102 10 0.0050 0.0058 0.0051 0.9841 
   NS_SS1056 10 0.0015 0.0019 0.0017 0.9949 
   NS_SS1126 10 0.0028 0.0032 0.0030 0.9911 
   NS_SS1058 10 0.0041 0.0041 0.0036 0.9883 
   NS_SS1084 10 0.0013 0.0016 0.0013 0.9959 
   NS_SS1095 10 0.0056 0.0060 0.0080 0.9804 
   NS_SS1079 10 0.0018 0.0014 0.0017 0.9951 
   NS_SS1149 10 0.0035 0.0021 0.0023 0.9922 
   NS_SS1121 10 0.0017 0.0016 0.0013 0.9955 
   NS_SS1067 10 0.0059 0.0063 0.0046 0.9832 
   NS_SS1081 10 0.0020 0.0026 0.0024 0.9931 
   NS_SS1130 10 0.0032 0.0035 0.0024 0.9909 
   NS_SS1073 10 0.0027 0.0026 0.0021 0.9926 
   NS_SS1133 10 0.0119 0.0070 0.0035 0.9776 
   NS_SS1129 10 0.0014 0.0014 0.0012 0.9960 
   NS_SS1085 10 0.0020 0.0017 0.0027 0.9935 
   NS_SS1137 10 0.0045 0.0038 0.0054 0.9862 
   NS_SS1135 10 0.0012 0.0014 0.0010 0.9965 
   NS_SS1082 10 0.0020 0.0012 0.0015 0.9953 
   NS_SS1125 10 0.0015 0.0012 0.0013 0.9960 
   NS_SS1124 10 0.0057 0.0077 0.0060 0.9807 
   NS_SS1155 10 0.0072 0.0077 0.0081 0.9771 
   NS_SS1145 10 0.0018 0.0019 0.0020 0.9943 
