   NS_SS0963  1 0.9359 0.0261 0.0337 0.0043 
   NS_SS0983  1 0.1158 0.0072 0.8726 0.0044 
   NS_SS0719  1 0.9406 0.0147 0.0411 0.0036 
   NS_SS1001  1 0.0504 0.6390 0.3046 0.0060 
   NS_SS0936  1 0.6122 0.3512 0.0344 0.0023 
   NS_SS0955  1 0.1023 0.0617 0.8324 0.0035 
   NS_SS0944  1 0.0313 0.1152 0.8515 0.0021 
   NS_SS0945  1 0.0869 0.5619 0.3429 0.0083 
   NS_SS0922  1 0.6589 0.3072 0.0103 0.0235 
   NS_SS0929  1 0.3562 0.0654 0.5757 0.0026 
   NS_SS0956  1 0.2870 0.6780 0.0314 0.0037 
   NS_SS0906  1 0.6864 0.2593 0.0514 0.0029 
   NS_SS0721  1 0.9642 0.0142 0.0177 0.0040 
   NS_SS0982  1 0.6609 0.3064 0.0195 0.0132 
   NS_SS0923  1 0.8750 0.1007 0.0206 0.0038 
   NS_SS0905  1 0.8884 0.0266 0.0832 0.0018 
   NS_SS0925  1 0.8542 0.1344 0.0079 0.0035 
   NS_SS0947  1 0.3826 0.5893 0.0236 0.0045 
   NS_SS0926  1 0.0091 0.0087 0.9814 0.0009 
   NS_SS0918  1 0.0493 0.8864 0.0621 0.0022 
   NS_SS0966  1 0.0928 0.7769 0.0847 0.0455 
   NS_SS0938  1 0.0276 0.9437 0.0271 0.0015 
   NS_SS0917  1 0.8687 0.0805 0.0225 0.0284 
   NS_SS0957  1 0.0542 0.9255 0.0148 0.0055 
   NS_SS0987  1 0.2535 0.3261 0.1789 0.2415 
   NS_SS0717  1 0.0763 0.8982 0.0229 0.0026 
   NS_SS0986  1 0.1383 0.6472 0.2112 0.0032 
   NS_SS0953  1 0.1743 0.7679 0.0421 0.0157 
   NS_SS0907  1 0.7411 0.1938 0.0279 0.0372 
   NS_SS0974  1 0.2610 0.0832 0.6522 0.0036 
   NS_SS0989  1 0.1004 0.0203 0.8781 0.0012 
   NS_SS0991  1 0.0671 0.0175 0.9134 0.0020 
   NS_SS0994  1 0.0085 0.0066 0.9829 0.0020 
   NS_SS0931  1 0.0250 0.0126 0.9529 0.0095 
   NS_SS1000  1 0.4060 0.5713 0.0195 0.0032 
   NS_SS0919  1 0.8644 0.0075 0.1253 0.0028 
   NS_SS0949  1 0.0227 0.0079 0.9682 0.0012 
   NS_SS0960  1 0.6469 0.0186 0.3289 0.0055 
   NS_SS0716  1 0.0130 0.9734 0.0076 0.0059 
   NS_SS0924  1 0.4267 0.0298 0.5261 0.0174 
   NS_SS0935  1 0.2660 0.0118 0.7125 0.0097 
   NS_SS0952  1 0.1632 0.0524 0.7462 0.0382 
   NS_SS0962  1 0.2508 0.7259 0.0173 0.0061 
   NS_SS0973  1 0.9230 0.0144 0.0591 0.0035 
   NS_SS0722  1 0.0968 0.8932 0.0080 0.0020 
   NS_SS0979  1 0.0485 0.9369 0.0130 0.0016 
   NS_SS0993  1 0.0754 0.8884 0.0211 0.0151 
   NS_SS0958  1 0.0491 0.0646 0.8833 0.0030 
   NS_SS0988  1 0.4363 0.3669 0.1922 0.0046 
   NS_SS1003  1 0.4208 0.5460 0.0241 0.0091 
   NS_SS0976  1 0.0988 0.0807 0.8186 0.0019 
   NS_SS0964  1 0.0574 0.9310 0.0094 0.0022 
   NS_SS0939  1 0.1016 0.8881 0.0052 0.0051 
   NS_SS0990  1 0.0544 0.8639 0.0789 0.0029 
   NS_SS0984  1 0.1734 0.8137 0.0106 0.0023 
   NS_SS0980  1 0.9178 0.0380 0.0425 0.0017 
   NS_SS0978  1 0.9275 0.0552 0.0152 0.0021 
   NS_SS0951  1 0.0663 0.2193 0.7109 0.0034 
   NS_SS0913  1 0.0350 0.9056 0.0234 0.0360 
   NS_SS1002  1 0.2341 0.7126 0.0099 0.0435 
   NS_SS0948  1 0.0632 0.7370 0.1571 0.0426 
   NS_SS0916  1 0.8399 0.0658 0.0902 0.0041 
   NS_SS0995  1 0.8484 0.1350 0.0143 0.0023 
   NS_SS0927  1 0.9361 0.0202 0.0397 0.0040 
   NS_SS0992  1 0.7811 0.0842 0.1324 0.0023 
   NS_SS0912  1 0.2008 0.1398 0.6566 0.0028 
   NS_SS0981  1 0.6194 0.3279 0.0497 0.0030 
   NS_SS0729  2 0.0314 0.0082 0.9574 0.0030 
   NS_SS0967  2 0.7077 0.1938 0.0892 0.0093 
   NS_SS0941  2 0.5658 0.2517 0.1147 0.0678 
   NS_SS0768  2 0.1663 0.7958 0.0338 0.0041 
   NS_SS0726  2 0.3671 0.0249 0.6000 0.0080 
   NS_SS0763  2 0.0573 0.0976 0.8424 0.0027 
   NS_SS0730  2 0.2106 0.7687 0.0175 0.0032 
   NS_SS0774  2 0.1317 0.8620 0.0055 0.0008 
   NS_SS0723  2 0.9680 0.0258 0.0047 0.0014 
   NS_SS0940  2 0.6853 0.0401 0.2689 0.0057 
   NS_SS0762  2 0.0702 0.9147 0.0124 0.0026 
   NS_SS0766  2 0.6410 0.1331 0.2123 0.0135 
   NS_SS0724  2 0.0379 0.9387 0.0195 0.0040 
   NS_SS0769  2 0.5910 0.3778 0.0277 0.0034 
   NS_SS0777  2 0.5163 0.1801 0.2912 0.0124 
   NS_SS0734  2 0.6011 0.0801 0.2941 0.0247 
   NS_SS0737  2 0.2728 0.7128 0.0097 0.0046 
   NS_SS0732  2 0.9348 0.0474 0.0132 0.0046 
   NS_SS0728  2 0.8332 0.1179 0.0406 0.0083 
   NS_SS0735  2 0.7459 0.2162 0.0315 0.0064 
   NS_SS0725  2 0.0092 0.9509 0.0339 0.0060 
   NS_SS0788  2 0.9505 0.0365 0.0118 0.0012 
   NS_SS0778  2 0.8430 0.0881 0.0675 0.0013 
   NS_SS0792  2 0.3817 0.3486 0.2643 0.0054 
   NS_SS0943  2 0.0207 0.0146 0.9574 0.0073 
   NS_SS0791  2 0.9514 0.0089 0.0295 0.0103 
   NS_SS0790  2 0.0220 0.9710 0.0040 0.0031 
   NS_SS0731  2 0.0269 0.9469 0.0141 0.0120 
   NS_SS0727  2 0.0270 0.1311 0.8401 0.0018 
   NS_SS0779  2 0.7813 0.1693 0.0443 0.0051 
   NS_SS0776  2 0.2138 0.6878 0.0915 0.0070 
   NS_SS0775  2 0.0668 0.9141 0.0125 0.0066 
   NS_SS0965  3 0.8675 0.0843 0.0468 0.0014 
   NS_SS0754  3 0.5553 0.0290 0.4046 0.0111 
   NS_SS0838  3 0.2810 0.5840 0.0953 0.0397 
   NS_SS0839  3 0.1952 0.7946 0.0072 0.0030 
   NS_SS0832  3 0.5609 0.3931 0.0058 0.0401 
   NS_SS0820  3 0.5051 0.4836 0.0051 0.0062 
   NS_SS0886  3 0.7477 0.0257 0.2246 0.0020 
   NS_SS0748  3 0.1193 0.3298 0.5420 0.0089 
   NS_SS0884  3 0.8100 0.1237 0.0467 0.0197 
   NS_SS0752  3 0.8710 0.1031 0.0242 0.0017 
   NS_SS0862  3 0.8816 0.1057 0.0091 0.0036 
   NS_SS0787  3 0.0333 0.0167 0.9432 0.0067 
   NS_SS0843  3 0.4243 0.4708 0.1032 0.0017 
   NS_SS0856  3 0.1441 0.8368 0.0165 0.0027 
   NS_SS0846  3 0.6199 0.0576 0.3196 0.0028 
   NS_SS0825  3 0.4753 0.3707 0.1450 0.0091 
   NS_SS0757  3 0.6992 0.0807 0.2164 0.0037 
   NS_SS0876  3 0.2363 0.5434 0.0072 0.2131 
   NS_SS0903  3 0.8816 0.1063 0.0102 0.0019 
   NS_SS0875  3 0.2533 0.6637 0.0796 0.0033 
   NS_SS0740  3 0.7371 0.1349 0.1252 0.0028 
   NS_SS0811  3 0.0166 0.9671 0.0093 0.0070 
   NS_SS0751  3 0.6079 0.3488 0.0409 0.0024 
   NS_SS0891  3 0.0256 0.9532 0.0160 0.0052 
   NS_SS0867  3 0.5794 0.0307 0.3655 0.0243 
   NS_SS0890  3 0.8161 0.0465 0.1344 0.0030 
   NS_SS0866  3 0.0384 0.0604 0.8957 0.0054 
   NS_SS0755  3 0.3167 0.5955 0.0815 0.0063 
   NS_SS0758  3 0.6758 0.1716 0.1506 0.0020 
   NS_SS0840  3 0.1488 0.8366 0.0127 0.0019 
   NS_SS0889  3 0.0183 0.0336 0.9460 0.0021 
   NS_SS1010  3 0.5895 0.3092 0.0618 0.0394 
   NS_SS0888  3 0.2018 0.0073 0.7893 0.0016 
   NS_SS0837  3 0.3626 0.5480 0.0868 0.0026 
   NS_SS0794  3 0.0255 0.0552 0.9171 0.0022 
   NS_SS0823  3 0.1697 0.8136 0.0125 0.0041 
   NS_SS0829  3 0.0414 0.0123 0.8271 0.1191 
   NS_SS0844  3 0.1179 0.8673 0.0128 0.0020 
   NS_SS1008  3 0.1066 0.1202 0.7605 0.0127 
   NS_SS0881  3 0.6918 0.1100 0.1956 0.0027 
   NS_SS0834  3 0.0280 0.9510 0.0158 0.0053 
   NS_SS0744  3 0.9681 0.0150 0.0119 0.0050 
   NS_SS0899  3 0.0111 0.9812 0.0064 0.0013 
   NS_SS0804  3 0.1891 0.7995 0.0080 0.0034 
   NS_SS0781  3 0.0968 0.8949 0.0058 0.0026 
   NS_SS0822  3 0.1244 0.0578 0.8159 0.0019 
   NS_SS1004  3 0.6677 0.1998 0.1289 0.0035 
   NS_SS0746  3 0.1687 0.5246 0.2944 0.0123 
   NS_SS0880  3 0.4849 0.3657 0.1479 0.0015 
   NS_SS0879  3 0.0647 0.8869 0.0382 0.0102 
   NS_SS0753  3 0.6018 0.0237 0.3661 0.0084 
   NS_SS1007  3 0.9795 0.0099 0.0093 0.0014 
   NS_SS0872  3 0.0767 0.9095 0.0121 0.0017 
   NS_SS1005  3 0.2991 0.6777 0.0221 0.0010 
   NS_SS0892  3 0.7914 0.1651 0.0417 0.0019 
   NS_SS0898  3 0.0333 0.0824 0.8779 0.0065 
   NS_SS0801  3 0.8209 0.1501 0.0203 0.0086 
   NS_SS0827  3 0.1954 0.3265 0.3581 0.1200 
   NS_SS0853  3 0.1368 0.8172 0.0402 0.0058 
   NS_SS0780  3 0.9220 0.0674 0.0072 0.0034 
   NS_SS0826  3 0.0475 0.5517 0.3969 0.0039 
   NS_SS0818  3 0.8966 0.0879 0.0139 0.0016 
   NS_SS0745  3 0.0125 0.9780 0.0085 0.0010 
   NS_SS0849  3 0.3419 0.5813 0.0752 0.0016 
   NS_SS0739  3 0.9166 0.0653 0.0098 0.0083 
   NS_SS0799  3 0.3487 0.0306 0.6196 0.0012 
   NS_SS0756  3 0.2535 0.7338 0.0094 0.0032 
   NS_SS0802  3 0.7212 0.0509 0.0586 0.1693 
   NS_SS0747  3 0.9711 0.0160 0.0090 0.0039 
   NS_SS0835  3 0.0947 0.0152 0.8889 0.0011 
   NS_SS0742  3 0.7890 0.1895 0.0203 0.0012 
   NS_SS0760  3 0.0194 0.0123 0.9251 0.0432 
   NS_SS0803  3 0.3512 0.6326 0.0095 0.0067 
   NS_SS0828  3 0.5745 0.0317 0.3925 0.0013 
   NS_SS0865  3 0.7837 0.1440 0.0497 0.0226 
   NS_SS0759  3 0.8532 0.1358 0.0073 0.0037 
   NS_SS0851  3 0.0279 0.9499 0.0096 0.0126 
   NS_SS0874  3 0.1567 0.8134 0.0284 0.0015 
   NS_SS0761  3 0.0560 0.0315 0.9103 0.0022 
   NS_SS0842  3 0.0602 0.6692 0.2623 0.0083 
   NS_SS0785  3 0.8902 0.0321 0.0732 0.0045 
   NS_SS0860  3 0.3256 0.0206 0.6515 0.0022 
   NS_SS0897  3 0.0100 0.0067 0.9816 0.0016 
   NS_SS0841  3 0.4224 0.5289 0.0453 0.0034 
   NS_SS0797  3 0.0223 0.0476 0.9052 0.0249 
   NS_SS0830  3 0.2962 0.3996 0.3020 0.0022 
   NS_SS1011  3 0.4371 0.5396 0.0168 0.0065 
   NS_SS0883  3 0.9145 0.0391 0.0411 0.0053 
   NS_SS0782  3 0.2009 0.5025 0.2940 0.0025 
   NS_SS0831  3 0.0639 0.0285 0.9043 0.0034 
   NS_SS0749  3 0.9715 0.0095 0.0165 0.0025 
   NS_SS0854  3 0.3261 0.2058 0.4652 0.0029 
   HI_SS0193  4 0.0096 0.0291 0.9595 0.0018 
   HI_SS0194  4 0.0282 0.9455 0.0248 0.0015 
   HI_SS0195  4 0.1827 0.7076 0.0077 0.1021 
   HI_SS0196  4 0.5902 0.1751 0.2322 0.0025 
   HI_SS0197  4 0.7818 0.2007 0.0060 0.0116 
   HI_SS0198  4 0.8845 0.0437 0.0637 0.0081 
   HI_SS0199  4 0.6882 0.0222 0.2874 0.0022 
   HI_SS0201  4 0.0413 0.0070 0.9492 0.0025 
   HI_SS0215  4 0.2594 0.0191 0.7181 0.0035 
   HI_SS0218  4 0.0076 0.0078 0.9784 0.0062 
   HI_SS0222  4 0.6969 0.1839 0.1148 0.0044 
   HI_SS0230  4 0.4566 0.5188 0.0194 0.0053 
   HI_SS0234  4 0.7007 0.0708 0.0833 0.1453 
   HI_SS0240  4 0.9766 0.0103 0.0080 0.0050 
   HI_SS0241  4 0.0784 0.0282 0.8912 0.0022 
   HI_SS0242  4 0.1987 0.5852 0.2130 0.0031 
   HI_SS0247  4 0.0299 0.9234 0.0255 0.0212 
   HI_SS0248  4 0.0131 0.0079 0.9783 0.0007 
   HI_SS0252  4 0.1279 0.7547 0.1155 0.0019 
   HI_SS0254  4 0.2286 0.0103 0.6620 0.0992 
   HI_SS0256  4 0.1243 0.8713 0.0031 0.0014 
   HI_SS0257  4 0.4119 0.0500 0.5346 0.0035 
   HI_SS0258  4 0.1019 0.0114 0.8823 0.0044 
   HI_SS0259  4 0.5935 0.3875 0.0164 0.0025 
   HI_SS0260  4 0.1509 0.0445 0.8030 0.0017 
   HI_SS0261  4 0.2628 0.0634 0.6710 0.0028 
   HI_SS0262  4 0.4124 0.5653 0.0159 0.0064 
   HI_SS0264  4 0.2766 0.6998 0.0195 0.0040 
   HI_SS0265  4 0.2002 0.6858 0.0212 0.0929 
   HI_SS0268  4 0.5786 0.3322 0.0864 0.0027 
   HI_SS0269  4 0.0647 0.0099 0.9232 0.0023 
   HI_SS0273  4 0.0741 0.0296 0.8948 0.0015 
   HI_SS0277  4 0.9034 0.0226 0.0715 0.0025 
   HI_SS0280  4 0.5228 0.2504 0.2213 0.0054 
   HI_SS0282  4 0.3455 0.0282 0.6251 0.0012 
   HI_SS0286  4 0.7217 0.0431 0.2293 0.0059 
   NS_SS1252  5 0.0133 0.0067 0.9765 0.0035 
   NS_SS1261  5 0.3093 0.6263 0.0491 0.0153 
   NS_SS1225  5 0.1590 0.1748 0.5521 0.1141 
   NS_SS1266  5 0.1195 0.8682 0.0049 0.0074 
   NS_SS1228  5 0.1168 0.8599 0.0118 0.0115 
   NS_SS1255  5 0.0340 0.7425 0.2221 0.0014 
   NS_SS1267  5 0.0179 0.0053 0.9629 0.0138 
   NS_SS1238  5 0.0800 0.3090 0.6086 0.0023 
   NS_SS1233  5 0.0163 0.8949 0.0870 0.0019 
   NS_SS1277  5 0.0132 0.0096 0.9764 0.0009 
   NS_SS1245  5 0.0196 0.0699 0.9085 0.0020 
   NS_SS1240  5 0.0482 0.0073 0.9427 0.0018 
   NS_SS1275  5 0.0253 0.9678 0.0044 0.0025 
   NS_SS1235  5 0.1577 0.7180 0.1192 0.0051 
   NS_SS1263  5 0.0112 0.9715 0.0164 0.0009 
   NS_SS1251  5 0.1894 0.7117 0.0975 0.0014 
   NS_SS1248  5 0.0462 0.3996 0.4418 0.1124 
   NS_SS1244  5 0.6358 0.0539 0.3056 0.0048 
   NS_SS1257  5 0.2231 0.0310 0.7144 0.0316 
   NS_SS1242  5 0.0536 0.9357 0.0085 0.0023 
   NS_SS1271  5 0.0129 0.0060 0.9547 0.0264 
   NS_SS1265  5 0.0398 0.1784 0.7599 0.0219 
   NS_SS1243  5 0.1117 0.7729 0.0449 0.0705 
   NS_SS1273  5 0.0510 0.9314 0.0088 0.0088 
   NS_SS1254  5 0.0313 0.9393 0.0232 0.0062 
   NS_SS1224  5 0.0846 0.8965 0.0116 0.0072 
   NS_SS1227  5 0.2862 0.0361 0.6760 0.0017 
   NS_SS1274  5 0.2283 0.0753 0.6769 0.0195 
   NS_SS1241  5 0.0239 0.0541 0.9210 0.0010 
   NS_SS1256  5 0.0702 0.4577 0.4187 0.0534 
   NS_SS1260  5 0.6620 0.0149 0.2556 0.0675 
   NS_SS1262  5 0.2069 0.0510 0.5688 0.1732 
   NS_SS1230  5 0.2254 0.2644 0.5014 0.0087 
   NS_SS1270  5 0.1492 0.8013 0.0474 0.0021 
   NS_SS1229  5 0.7016 0.2687 0.0258 0.0039 
   NS_SS1246  5 0.0724 0.0374 0.8874 0.0028 
   NS_SS1269  5 0.8620 0.1031 0.0331 0.0018 
   NS_SS1239  5 0.6787 0.2582 0.0585 0.0046 
   NS_SS1272  5 0.0284 0.9414 0.0246 0.0055 
   NS_SS1268  5 0.1428 0.7863 0.0689 0.0020 
   NS_SS1249  5 0.0148 0.0094 0.9637 0.0121 
   HI_SS0559  6 0.6317 0.1248 0.2418 0.0017 
   HI_SS0563  6 0.3722 0.1529 0.4718 0.0032 
   HI_SS0564  6 0.8595 0.0803 0.0155 0.0448 
   HI_SS0565  6 0.7990 0.0644 0.1333 0.0033 
   HI_SS0569  6 0.0942 0.0097 0.8938 0.0022 
   HI_SS0570  6 0.0358 0.0212 0.9010 0.0420 
   HI_SS0572  6 0.0536 0.9271 0.0168 0.0025 
   HI_SS0576  6 0.8356 0.1242 0.0347 0.0055 
   HI_SS0579  6 0.2745 0.0224 0.6844 0.0187 
   HI_SS0580  6 0.2242 0.0672 0.7044 0.0042 
   HI_SS0581  6 0.1826 0.7511 0.0080 0.0582 
   HI_SS0583  6 0.0416 0.1880 0.7674 0.0029 
   HI_SS0586  6 0.0134 0.0066 0.9791 0.0009 
   HI_SS0588  6 0.1993 0.0223 0.7590 0.0193 
   HI_SS0595  6 0.3649 0.0383 0.5728 0.0240 
   HI_SS0596  6 0.0118 0.9761 0.0101 0.0020 
   HI_SS0597  6 0.0213 0.9667 0.0101 0.0019 
   HI_SS0600  6 0.9039 0.0334 0.0596 0.0031 
   HI_SS0601  6 0.3885 0.0515 0.5480 0.0121 
   HI_SS0602  6 0.8132 0.0594 0.1249 0.0025 
   HI_SS0604  6 0.1734 0.4832 0.3415 0.0019 
   HI_SS0605  6 0.9298 0.0334 0.0306 0.0062 
   HI_SS0608  6 0.0643 0.5088 0.4258 0.0011 
   HI_SS0609  6 0.0244 0.9557 0.0191 0.0008 
   HI_SS0611  6 0.0844 0.0444 0.8686 0.0026 
   HI_SS0612  6 0.8623 0.0498 0.0822 0.0058 
   HI_SS0613  6 0.6543 0.2676 0.0766 0.0015 
   HI_SS0615  6 0.8752 0.1069 0.0086 0.0093 
   HI_SS0001  6 0.1035 0.1395 0.7525 0.0045 
   HI_SS0002  6 0.2118 0.7402 0.0210 0.0270 
   HI_SS0004  6 0.1596 0.1480 0.6864 0.0060 
   HI_SS0005  6 0.8745 0.0689 0.0512 0.0054 
   HI_SS0006  6 0.2027 0.1506 0.6452 0.0016 
   HI_SS0007  6 0.0146 0.0130 0.9700 0.0024 
   HI_SS0008  6 0.8722 0.0486 0.0535 0.0257 
   HI_SS0009  6 0.5484 0.4083 0.0388 0.0044 
   HI_SS0010  6 0.1035 0.0450 0.8481 0.0034 
   HI_SS0011  6 0.0365 0.8604 0.0233 0.0797 
   HI_SS0012  6 0.9527 0.0362 0.0069 0.0043 
   HI_SS0017  6 0.0070 0.9765 0.0148 0.0016 
   HI_SS0021  6 0.0363 0.1954 0.5272 0.2412 
   HI_SS0024  6 0.1060 0.8301 0.0619 0.0020 
   HI_SS0025  6 0.0391 0.9455 0.0123 0.0031 
   HI_SS0027  6 0.2812 0.0111 0.6963 0.0114 
   HI_SS0028  6 0.3084 0.6802 0.0096 0.0017 
   HI_SS0029  6 0.4034 0.5598 0.0308 0.0060 
   HI_SS0030  6 0.3080 0.0568 0.6298 0.0053 
   HI_SS0031  6 0.9771 0.0120 0.0084 0.0025 
   HI_SS0034  6 0.2023 0.0081 0.7851 0.0045 
   HI_SS0036  6 0.2639 0.0102 0.7125 0.0134 
   HI_SS0037  6 0.0736 0.2161 0.7056 0.0047 
   HI_SS0039  6 0.1208 0.0626 0.8133 0.0033 
   HI_SS0041  6 0.0544 0.9357 0.0081 0.0018 
   HI_SS0042  6 0.2889 0.5411 0.0531 0.1169 
   HI_SS0043  6 0.0252 0.0070 0.9653 0.0026 
   HI_SS0044  6 0.1674 0.5396 0.2903 0.0028 
   HI_SS0047  6 0.6452 0.3228 0.0298 0.0022 
   HI_SS0049  6 0.0226 0.9379 0.0367 0.0029 
   HI_SS0051  6 0.8268 0.1133 0.0576 0.0023 
   HI_SS0053  6 0.1142 0.0125 0.8689 0.0044 
   HI_SS0054  6 0.0096 0.0069 0.9807 0.0028 
   HI_SS0057  6 0.2850 0.6066 0.1051 0.0033 
   HI_SS0058  6 0.1403 0.5284 0.3248 0.0064 
   HI_SS0060  6 0.7492 0.0487 0.1247 0.0774 
   HI_SS0087  6 0.3852 0.1512 0.4610 0.0026 
   HI_SS0091  6 0.2602 0.0130 0.7255 0.0013 
   HI_SS0095  6 0.9195 0.0220 0.0224 0.0361 
   HI_SS0097  6 0.7027 0.2164 0.0769 0.0040 
   HI_SS0099  6 0.0317 0.9502 0.0143 0.0038 
   HI_SS0103  6 0.7991 0.1770 0.0212 0.0027 
   HI_SS0105  6 0.7945 0.1425 0.0405 0.0225 
   HI_SS0107  6 0.0285 0.9602 0.0104 0.0010 
   HI_SS0108  6 0.0114 0.0049 0.9599 0.0238 
   HI_SS0110  6 0.8900 0.0477 0.0613 0.0010 
   HI_SS0111  6 0.8231 0.1298 0.0240 0.0231 
   HI_SS0112  6 0.0077 0.0056 0.9854 0.0013 
   HI_SS0113  6 0.0295 0.9548 0.0128 0.0029 
   HI_SS0114  6 0.4772 0.0115 0.5061 0.0052 
   HI_SS0115  6 0.8200 0.0354 0.1337 0.0109 
   HI_SS0116  6 0.0277 0.0816 0.8874 0.0032 
   HI_SS0117  6 0.1655 0.0532 0.7793 0.0021 
   HI_SS0118  6 0.1047 0.4249 0.4592 0.0111 
   HI_SS0119  6 0.8108 0.0117 0.1758 0.0017 
   HI_SS0120  6 0.0070 0.9817 0.0082 0.0031 
   HI_SS0121  6 0.0369 0.9542 0.0076 0.0014 
   HI_SS0122  6 0.1859 0.7468 0.0447 0.0226 
   HI_SS0123  6 0.9308 0.0344 0.0308 0.0040 
   HI_SS0124  6 0.0499 0.9402 0.0075 0.0025 
   HI_SS0125  6 0.8050 0.1493 0.0153 0.0305 
   HI_SS0126  6 0.0094 0.0110 0.9787 0.0009 
   HI_SS0127  6 0.6610 0.1114 0.2186 0.0090 
   HI_SS0128  6 0.2461 0.4281 0.3229 0.0028 
   HI_SS0129  6 0.3024 0.1090 0.5772 0.0114 
   HI_SS0131  6 0.0345 0.0813 0.8416 0.0426 
   HI_SS0132  6 0.3915 0.1840 0.4239 0.0006 
   HI_SS0133  6 0.0034 0.0029 0.9923 0.0014 
   HI_SS0134  6 0.6111 0.1096 0.2774 0.0019 
   HI_SS0142  6 0.8831 0.0964 0.0076 0.0130 
   HI_SS0145  6 0.7845 0.0232 0.1911 0.0012 
   HI_SS0146  6 0.0266 0.0135 0.9587 0.0012 
   HI_SS0147  6 0.1794 0.7934 0.0065 0.0207 
   HI_SS0149  6 0.4168 0.3240 0.2547 0.0045 
   HI_SS0150  6 0.4105 0.5485 0.0369 0.0040 
   HI_SS0151  6 0.8675 0.0184 0.1046 0.0096 
   NS_SS1451  6 0.2644 0.7229 0.0093 0.0033 
   NS_SS1404  6 0.0993 0.8725 0.0174 0.0109 
   NS_SS1432  6 0.2910 0.6686 0.0058 0.0347 
   NS_SS1405  6 0.3622 0.5243 0.1099 0.0036 
   NS_SS1431  6 0.0455 0.9422 0.0113 0.0009 
   NS_SS1402  6 0.5731 0.3395 0.0852 0.0023 
   NS_SS1450  6 0.7809 0.0578 0.1583 0.0030 
   NS_SS1396  6 0.3558 0.5926 0.0454 0.0063 
   NS_SS1393  6 0.8825 0.0563 0.0579 0.0034 
   NS_SS1392  6 0.5143 0.4133 0.0559 0.0165 
   NS_SS1445  6 0.2324 0.0352 0.7221 0.0103 
   NS_SS1423  6 0.1787 0.0715 0.7483 0.0014 
   NS_SS1421  6 0.1613 0.1386 0.5975 0.1027 
   NS_SS1411  6 0.1086 0.0256 0.8643 0.0016 
   NS_SS1453  6 0.3559 0.0812 0.5570 0.0059 
   NS_SS1442  6 0.3993 0.4590 0.1380 0.0037 
   NS_SS1422  6 0.4802 0.1387 0.3694 0.0117 
   NS_SS1419  6 0.0336 0.7634 0.0390 0.1640 
   NS_SS1427  6 0.0098 0.0070 0.9812 0.0020 
   NS_SS1444  6 0.0311 0.9493 0.0161 0.0035 
   NS_SS1455  6 0.0081 0.9788 0.0118 0.0014 
   NS_SS1425  6 0.0311 0.0073 0.9600 0.0015 
   NS_SS1400  6 0.0065 0.0200 0.9722 0.0014 
   NS_SS1406  6 0.5176 0.4696 0.0051 0.0077 
   NS_SS1417  6 0.0655 0.6264 0.3007 0.0074 
   NS_SS1454  6 0.0732 0.4079 0.5173 0.0016 
   NS_SS1412  6 0.2268 0.5593 0.1888 0.0251 
   NS_SS1438  6 0.0190 0.0123 0.9674 0.0012 
   NS_SS1416  6 0.6854 0.2957 0.0129 0.0059 
   NS_SS1401  6 0.3417 0.6270 0.0215 0.0099 
   NS_SS1424  6 0.5682 0.0421 0.3773 0.0123 
   NS_SS1435  6 0.3503 0.0761 0.5709 0.0028 
   NS_SS1447  6 0.0188 0.9606 0.0146 0.0060 
   NS_SS1414  6 0.0071 0.9761 0.0108 0.0060 
   NS_SS1449  6 0.6078 0.3467 0.0412 0.0042 
   NS_SS1443  6 0.3421 0.0085 0.6475 0.0019 
   NS_SS1434  6 0.0815 0.1587 0.7590 0.0007 
   NS_SS1398  6 0.6656 0.1919 0.1268 0.0157 
   NS_SS1426  6 0.0337 0.0099 0.9544 0.0020 
   NS_SS1413  6 0.0080 0.0167 0.9656 0.0097 
   NS_SS1395  6 0.7312 0.0119 0.2483 0.0087 
   NS_SS1448  6 0.0563 0.1009 0.8406 0.0022 
   NS_SS1446  6 0.5553 0.1717 0.2703 0.0027 
   NS_SS1403  6 0.8489 0.1182 0.0280 0.0049 
   NS_SS1415  6 0.0305 0.0083 0.9534 0.0078 
   NS_SS1437  6 0.2048 0.6853 0.1007 0.0093 
   NS_SS1439  6 0.9261 0.0572 0.0142 0.0025 
   NS_SS1441  6 0.5849 0.0334 0.3796 0.0020 
   NS_SS1420  6 0.0489 0.9367 0.0110 0.0033 
   NS_SS1394  6 0.6176 0.3431 0.0076 0.0316 
   NS_SS1391  6 0.3474 0.1255 0.5145 0.0126 
   NS_SS1410  6 0.1199 0.5082 0.3564 0.0154 
   NS_SS1408  6 0.9262 0.0158 0.0175 0.0404 
   NS_SS1409  6 0.9123 0.0434 0.0423 0.0020 
   HI_SS0617  7 0.8110 0.1266 0.0613 0.0011 
   HI_SS0618  7 0.9111 0.0735 0.0136 0.0019 
   HI_SS0619  7 0.0484 0.8640 0.0844 0.0032 
   HI_SS0620  7 0.0142 0.0074 0.9760 0.0023 
   HI_SS0621  7 0.3225 0.6458 0.0189 0.0128 
   HI_SS0622  7 0.0861 0.6812 0.2197 0.0130 
   HI_SS0626  7 0.3043 0.6592 0.0290 0.0075 
   HI_SS0627  7 0.1022 0.8768 0.0141 0.0069 
   HI_SS0628  7 0.2295 0.0829 0.6190 0.0686 
   HI_SS0629  7 0.3413 0.3920 0.2594 0.0072 
   HI_SS0630  7 0.1907 0.0426 0.7119 0.0549 
   HI_SS0631  7 0.0389 0.0250 0.9352 0.0009 
   HI_SS0632  7 0.1786 0.5367 0.2815 0.0032 
   HI_SS0633  7 0.0464 0.9384 0.0120 0.0031 
   HI_SS0634  7 0.8515 0.1071 0.0393 0.0020 
   HI_SS0635  7 0.6781 0.2845 0.0291 0.0083 
   HI_SS0637  7 0.9576 0.0297 0.0103 0.0024 
   HI_SS0638  7 0.2858 0.1181 0.5949 0.0012 
   HI_SS0639  7 0.6791 0.2778 0.0069 0.0362 
   HI_SS0640  7 0.5578 0.0539 0.3865 0.0019 
   HI_SS0641  7 0.4595 0.0651 0.4703 0.0051 
   HI_SS0642  7 0.8086 0.1321 0.0573 0.0020 
   HI_SS0645  7 0.1002 0.8785 0.0204 0.0009 
   HI_SS0646  7 0.8756 0.0786 0.0435 0.0022 
   HI_SS0647  7 0.0382 0.3145 0.6462 0.0011 
   HI_SS0648  7 0.9036 0.0497 0.0440 0.0027 
   HI_SS0649  7 0.4980 0.4713 0.0289 0.0018 
   HI_SS0650  7 0.7529 0.2211 0.0226 0.0034 
   HI_SS0651  7 0.8005 0.0679 0.1278 0.0039 
   HI_SS0652  7 0.3000 0.6789 0.0176 0.0034 
   NS_SS1371  7 0.8438 0.0125 0.1387 0.0051 
   NS_SS1374  7 0.3606 0.0223 0.6140 0.0031 
   NS_SS1337  7 0.1938 0.7390 0.0636 0.0036 
   NS_SS1385  7 0.3433 0.5490 0.1025 0.0052 
   NS_SS1388  7 0.0143 0.9459 0.0336 0.0061 
   NS_SS1370  7 0.4332 0.5156 0.0418 0.0094 
   NS_SS1389  7 0.0061 0.9755 0.0152 0.0032 
   NS_SS1360  7 0.4975 0.0181 0.4800 0.0044 
   NS_SS1330  7 0.9517 0.0398 0.0055 0.0030 
   NS_SS1328  7 0.0649 0.0347 0.8983 0.0021 
   NS_SS1384  7 0.5038 0.0337 0.4588 0.0037 
   NS_SS1381  7 0.1813 0.8078 0.0100 0.0009 
   NS_SS1375  7 0.2666 0.6921 0.0401 0.0011 
   NS_SS1319  7 0.7750 0.0733 0.0677 0.0840 
   NS_SS1326  7 0.0117 0.0116 0.9676 0.0091 
   NS_SS1341  7 0.3758 0.4162 0.2031 0.0050 
   NS_SS1383  7 0.8174 0.0159 0.1630 0.0036 
   NS_SS1318  7 0.2291 0.7138 0.0424 0.0147 
   NS_SS1348  7 0.0131 0.0068 0.9789 0.0013 
   NS_SS1363  7 0.4804 0.4804 0.0347 0.0044 
   NS_SS1335  7 0.3416 0.0177 0.6114 0.0293 
   NS_SS1358  7 0.5654 0.0281 0.3919 0.0146 
   NS_SS1342  7 0.1002 0.0561 0.8423 0.0015 
   NS_SS1320  7 0.0613 0.9289 0.0044 0.0055 
   NS_SS1355  7 0.0478 0.9288 0.0115 0.0119 
   NS_SS1345  7 0.1614 0.6508 0.1684 0.0194 
   NS_SS1324  7 0.2276 0.0393 0.7306 0.0025 
   NS_SS1347  7 0.8445 0.0151 0.1373 0.0031 
   NS_SS1321  7 0.7950 0.0432 0.1606 0.0012 
   NS_SS1333  7 0.3541 0.1645 0.4781 0.0033 
   NS_SS1364  7 0.0254 0.0330 0.9395 0.0021 
   NS_SS1379  7 0.5829 0.3439 0.0284 0.0447 
   NS_SS1332  7 0.0083 0.0082 0.9783 0.0052 
   NS_SS1338  7 0.5977 0.0138 0.3821 0.0065 
   NS_SS1368  7 0.0240 0.1292 0.8413 0.0055 
   NS_SS1354  7 0.1827 0.7715 0.0332 0.0126 
   NS_SS1365  7 0.1215 0.8302 0.0400 0.0083 
   NS_SS1380  7 0.0471 0.9284 0.0064 0.0180 
   NS_SS1329  7 0.1383 0.2005 0.6579 0.0033 
   NS_SS1362  7 0.7609 0.0739 0.1604 0.0048 
   NS_SS1327  7 0.0055 0.0032 0.9888 0.0026 
   NS_SS1350  7 0.9654 0.0100 0.0174 0.0073 
   NS_SS1387  7 0.4568 0.5099 0.0306 0.0026 
   NS_SS1369  7 0.0632 0.0407 0.8920 0.0041 
   NS_SS1331  7 0.1181 0.6304 0.2412 0.0103 
   NS_SS1357  7 0.2114 0.1679 0.6172 0.0035 
   NS_SS1386  7 0.0057 0.0046 0.9869 0.0029 
   NS_SS1353  7 0.0723 0.8597 0.0647 0.0033 
   NS_SS1323  7 0.1105 0.7973 0.0166 0.0756 
   HI_SS0296  8 0.1901 0.0755 0.7325 0.0019 
   HI_SS0297  8 0.3822 0.0699 0.5470 0.0009 
   HI_SS0299  8 0.2381 0.0479 0.6803 0.0337 
   HI_SS0300  8 0.3069 0.1489 0.5429 0.0013 
   HI_SS0301  8 0.7804 0.1516 0.0647 0.0032 
   HI_SS0302  8 0.0167 0.0263 0.9369 0.0201 
   HI_SS0303  8 0.0149 0.0502 0.9294 0.0056 
   HI_SS0304  8 0.1825 0.7858 0.0296 0.0020 
   HI_SS0306  8 0.0061 0.0047 0.9866 0.0025 
   HI_SS0307  8 0.7534 0.2308 0.0093 0.0065 
   HI_SS0308  8 0.7172 0.0612 0.1473 0.0743 
   HI_SS0309  8 0.6523 0.3306 0.0143 0.0029 
   HI_SS0310  8 0.0733 0.3247 0.5950 0.0071 
   HI_SS0311  8 0.1121 0.6693 0.2164 0.0021 
   HI_SS0314  8 0.0603 0.8550 0.0829 0.0018 
   HI_SS0316  8 0.5594 0.1093 0.3274 0.0038 
   HI_SS0317  8 0.8917 0.0565 0.0497 0.0020 
   HI_SS0318  8 0.3659 0.0198 0.4194 0.1949 
   HI_SS0319  8 0.0086 0.0049 0.9830 0.0034 
   HI_SS0320  8 0.3872 0.6026 0.0092 0.0010 
   HI_SS0321  8 0.9655 0.0061 0.0269 0.0015 
   HI_SS0323  8 0.4160 0.1316 0.4507 0.0017 
   HI_SS0325  8 0.0167 0.0506 0.9310 0.0018 
   HI_SS0327  8 0.2444 0.0077 0.7463 0.0015 
   HI_SS0329  8 0.0166 0.9398 0.0424 0.0012 
   HI_SS0333  8 0.7630 0.1458 0.0892 0.0020 
   HI_SS0334  8 0.7612 0.0112 0.2265 0.0011 
   HI_SS0335  8 0.4751 0.4923 0.0119 0.0207 
   HI_SS0339  8 0.1546 0.7795 0.0523 0.0136 
   HI_SS0343  8 0.2057 0.7548 0.0376 0.0020 
   HI_SS0344  8 0.0070 0.0046 0.9860 0.0024 
   HI_SS0345  8 0.0810 0.8279 0.0840 0.0071 
   HI_SS0346  8 0.4304 0.2050 0.3608 0.0037 
   HI_SS0350  8 0.0159 0.9698 0.0050 0.0093 
   HI_SS0351  8 0.2991 0.5283 0.1694 0.0032 
   HI_SS0352  8 0.2629 0.5977 0.0342 0.1052 
   HI_SS0362  8 0.3535 0.0976 0.5466 0.0023 
   HI_SS0363  8 0.0382 0.0228 0.9352 0.0038 
   HI_SS0365  8 0.6318 0.0654 0.2987 0.0041 
   HI_SS0366  8 0.0284 0.0146 0.9555 0.0016 
   HI_SS0367  8 0.0152 0.9776 0.0050 0.0022 
   HI_SS0369  8 0.1405 0.8458 0.0111 0.0026 
   HI_SS0370  8 0.9509 0.0131 0.0335 0.0025 
   HI_SS0371  8 0.0121 0.0178 0.9663 0.0038 
   HI_SS0373  8 0.5099 0.3510 0.1295 0.0096 
   HI_SS0374  8 0.2175 0.7414 0.0100 0.0310 
   HI_SS0377  8 0.2762 0.0831 0.5453 0.0953 
   HI_SS0379  8 0.0054 0.0028 0.9909 0.0009 
   HI_SS0380  8 0.1820 0.7867 0.0249 0.0064 
   HI_SS0381  8 0.3474 0.6314 0.0170 0.0041 
   HI_SS0384  8 0.1677 0.3759 0.4488 0.0076 
   HI_SS0385  8 0.0240 0.1034 0.8715 0.0011 
   HI_SS0386  9 0.0014 0.0017 0.0017 0.9953 
   HI_SS0387  9 0.0148 0.0104 0.0135 0.9614 
   HI_SS0389  9 0.0033 0.0044 0.0039 0.9884 
   HI_SS0390  9 0.0021 0.0017 0.0019 0.9943 
   HI_SS0391  9 0.0027 0.0025 0.0020 0.9928 
   HI_SS0392  9 0.0017 0.0017 0.0016 0.9950 
   HI_SS0393  9 0.0016 0.0013 0.0021 0.9950 
   HI_SS0394  9 0.0013 0.0017 0.0017 0.9954 
   HI_SS0395  9 0.0037 0.0043 0.0032 0.9888 
   HI_SS0396  9 0.0096 0.0126 0.0072 0.9707 
   HI_SS0398  9 0.0061 0.0059 0.0049 0.9831 
   HI_SS0399  9 0.0012 0.0011 0.0011 0.9967 
   HI_SS0400  9 0.0019 0.0021 0.0020 0.9940 
   HI_SS0401  9 0.0017 0.0013 0.0015 0.9955 
   HI_SS0402  9 0.0015 0.0010 0.0011 0.9965 
   HI_SS0403  9 0.0016 0.0014 0.0014 0.9955 
   HI_SS0404  9 0.0011 0.0012 0.0011 0.9966 
   HI_SS0405  9 0.0215 0.0169 0.0135 0.9481 
   HI_SS0406  9 0.0026 0.0020 0.0019 0.9934 
   HI_SS0407  9 0.0062 0.0083 0.0057 0.9798 
   HI_SS0408  9 0.0012 0.0012 0.0012 0.9964 
   HI_SS0409  9 0.0032 0.0029 0.0029 0.9910 
   HI_SS0411  9 0.0029 0.0024 0.0027 0.9921 
   HI_SS0412  9 0.1191 0.0364 0.0392 0.8053 
   HI_SS0413  9 0.0019 0.0021 0.0019 0.9942 
   HI_SS0414  9 0.0168 0.0215 0.0101 0.9516 
   HI_SS0415  9 0.0018 0.0018 0.0019 0.9945 
   HI_SS0416  9 0.0032 0.0032 0.0033 0.9902 
   HI_SS0418  9 0.0054 0.0043 0.0053 0.9850 
   HI_SS0419  9 0.0028 0.0036 0.0028 0.9908 
   HI_SS0420  9 0.0022 0.0018 0.0023 0.9937 
   HI_SS0421  9 0.0046 0.0044 0.0033 0.9878 
   HI_SS0422  9 0.0015 0.0021 0.0013 0.9951 
   HI_SS0423  9 0.0046 0.0042 0.0039 0.9873 
   HI_SS0424  9 0.0020 0.0019 0.0013 0.9948 
   HI_SS0425  9 0.0031 0.0042 0.0023 0.9904 
   NS_SS1146 10 0.0023 0.0019 0.0026 0.9932 
   NS_SS1157 10 0.0067 0.0058 0.0053 0.9822 
   NS_SS1144 10 0.0177 0.0124 0.0247 0.9452 
   NS_SS1074 10 0.0034 0.0035 0.0033 0.9898 
   NS_SS1122 10 0.0042 0.0038 0.0053 0.9867 
   NS_SS1136 10 0.0011 0.0012 0.0011 0.9967 
   NS_SS1077 10 0.0007 0.0007 0.0008 0.9978 
   NS_SS1134 10 0.0105 0.0122 0.0083 0.9690 
   NS_SS1091 10 0.0023 0.0024 0.0017 0.9936 
   NS_SS1089 10 0.0028 0.0023 0.0029 0.9921 
   NS_SS1123 10 0.0012 0.0014 0.0013 0.9961 
   NS_SS1158 10 0.0010 0.0010 0.0010 0.9970 
   NS_SS1093 10 0.0022 0.0024 0.0027 0.9927 
   NS_SS1102 10 0.0054 0.0060 0.0052 0.9834 
   NS_SS1056 10 0.0017 0.0016 0.0021 0.9947 
   NS_SS1126 10 0.0029 0.0025 0.0027 0.9919 
   NS_SS1058 10 0.0043 0.0032 0.0037 0.9888 
   NS_SS1084 10 0.0012 0.0014 0.0014 0.9959 
   NS_SS1095 10 0.0054 0.0054 0.0072 0.9820 
   NS_SS1079 10 0.0020 0.0017 0.0015 0.9948 
   NS_SS1149 10 0.0027 0.0027 0.0022 0.9924 
   NS_SS1121 10 0.0018 0.0015 0.0013 0.9953 
   NS_SS1067 10 0.0059 0.0069 0.0037 0.9835 
   NS_SS1081 10 0.0023 0.0025 0.0023 0.9929 
   NS_SS1130 10 0.0034 0.0029 0.0027 0.9909 
   NS_SS1073 10 0.0027 0.0027 0.0021 0.9926 
   NS_SS1133 10 0.0061 0.0150 0.0032 0.9757 
   NS_SS1129 10 0.0014 0.0012 0.0014 0.9960 
   NS_SS1085 10 0.0023 0.0021 0.0025 0.9931 
   NS_SS1137 10 0.0043 0.0041 0.0045 0.9871 
   NS_SS1135 10 0.0014 0.0014 0.0010 0.9961 
   NS_SS1082 10 0.0017 0.0017 0.0013 0.9953 
   NS_SS1125 10 0.0012 0.0011 0.0012 0.9965 
   NS_SS1124 10 0.0092 0.0056 0.0053 0.9799 
   NS_SS1155 10 0.0097 0.0069 0.0067 0.9767 
   NS_SS1145 10 0.0018 0.0017 0.0017 0.9948 
