

----------------------------------------------------
STRUCTURE by Pritchard, Stephens and Donnelly (2000)
     and Falush, Stephens and Pritchard (2003)
       Code by Pritchard, Falush and Hubisz
             Version 2.3.4 (Jul 2012)
----------------------------------------------------



Command line arguments:   /home/genobiwan/Documents/Programs/Structure/structure -m parameter_job_k10_r9 
Input File:    /media/genobiwan/Storage/Projets/Mackerel_NWA_2021/data_job_k10_r9

Run parameters:
   629 individuals
   4140 loci
   10 populations assumed
   100000 Burn-in period
   200000 Reps


--------------------------------------------
Proportion of membership of each pre-defined
 population in each of the 10 clusters

Given    Inferred Clusters                                                        Number of
 Pop       1      2      3      4      5      6      7      8      9     10      Individuals

  1:     0.012  0.116  0.126  0.074  0.156  0.095  0.106  0.074  0.101  0.140       67
  2:     0.010  0.109  0.145  0.078  0.136  0.089  0.118  0.147  0.029  0.138       32
  3:     0.014  0.118  0.070  0.127  0.086  0.153  0.128  0.141  0.068  0.095       92
  4:     0.016  0.078  0.161  0.114  0.066  0.115  0.096  0.079  0.164  0.112       36
  5:     0.018  0.130  0.143  0.115  0.099  0.069  0.107  0.151  0.108  0.060       41
  6:     0.014  0.084  0.110  0.101  0.115  0.103  0.094  0.129  0.123  0.127      158
  7:     0.010  0.082  0.117  0.139  0.107  0.115  0.110  0.094  0.105  0.122       79
  8:     0.014  0.134  0.142  0.149  0.105  0.072  0.104  0.062  0.127  0.091       52
  9:     0.958  0.005  0.005  0.005  0.005  0.005  0.005  0.004  0.004  0.005       36
 10:     0.964  0.004  0.004  0.004  0.004  0.004  0.004  0.004  0.003  0.004       36
--------------------------------------------

Allele-freq. divergence among pops (Net nucleotide distance),
computed using point estimates of P.

      1       2       3       4       5       6       7       8       9      10      
 1      -    0.0052  0.0052  0.0052  0.0051  0.0052  0.0051  0.0052  0.0055  0.0051  
 2   0.0052     -    0.0005  0.0005  0.0005  0.0005  0.0004  0.0005  0.0007  0.0005  
 3   0.0052  0.0005     -    0.0004  0.0004  0.0004  0.0003  0.0004  0.0005  0.0003  
 4   0.0052  0.0005  0.0004     -    0.0004  0.0004  0.0003  0.0005  0.0006  0.0004  
 5   0.0051  0.0005  0.0004  0.0004     -    0.0004  0.0003  0.0004  0.0006  0.0004  
 6   0.0052  0.0005  0.0004  0.0004  0.0004     -    0.0003  0.0004  0.0006  0.0004  
 7   0.0051  0.0004  0.0003  0.0003  0.0003  0.0003     -    0.0004  0.0005  0.0003  
 8   0.0052  0.0005  0.0004  0.0005  0.0004  0.0004  0.0004     -    0.0006  0.0004  
 9   0.0055  0.0007  0.0005  0.0006  0.0006  0.0006  0.0005  0.0006     -    0.0005  
10   0.0051  0.0005  0.0003  0.0004  0.0004  0.0004  0.0003  0.0004  0.0005     -    

Average distances (expected heterozygosity) between individuals in same cluster:
cluster  1  : 0.3051 
cluster  2  : 0.3180 
cluster  3  : 0.3186 
cluster  4  : 0.3180 
cluster  5  : 0.3179 
cluster  6  : 0.3179 
cluster  7  : 0.3186 
cluster  8  : 0.3181 
cluster  9  : 0.3178 
cluster 10  : 0.3188 

--------------------------------------------
Estimated Ln Prob of Data   = -2477092.2
Mean value of ln likelihood = -2461312.9
Variance of ln likelihood   = 31558.7
Mean value of alpha         = 0.0447

Mean value of Fst_1         = 0.0399
Mean value of Fst_2         = 0.0070
Mean value of Fst_3         = 0.0054
Mean value of Fst_4         = 0.0059
Mean value of Fst_5         = 0.0059
Mean value of Fst_6         = 0.0060
Mean value of Fst_7         = 0.0050
Mean value of Fst_8         = 0.0061
Mean value of Fst_9         = 0.0078
Mean value of Fst_10         = 0.0053


Inferred ancestry of individuals:
        Label (%Miss) Pop:  Inferred clusters
  1 NS_SS0963    (4)    1 :  0.007 0.011 0.026 0.283 0.004 0.424 0.110 0.098 0.016 0.020 
  2 NS_SS0983    (1)    1 :  0.003 0.005 0.877 0.061 0.006 0.005 0.014 0.006 0.008 0.016 
  3 NS_SS0719    (9)    1 :  0.004 0.020 0.060 0.105 0.133 0.066 0.429 0.006 0.033 0.144 
  4 NS_SS1001    (8)    1 :  0.007 0.011 0.112 0.037 0.356 0.028 0.007 0.216 0.148 0.078 
  5 NS_SS0936    (4)    1 :  0.003 0.192 0.017 0.072 0.513 0.053 0.077 0.020 0.008 0.044 
  6 NS_SS0955    (6)    1 :  0.004 0.031 0.012 0.120 0.014 0.102 0.279 0.012 0.020 0.405 
  7 NS_SS0944    (3)    1 :  0.002 0.064 0.012 0.016 0.007 0.231 0.018 0.011 0.601 0.040 
  8 NS_SS0945    (3)    1 :  0.008 0.029 0.012 0.011 0.114 0.007 0.018 0.029 0.769 0.004 
  9 NS_SS0922    (2)    1 :  0.036 0.038 0.581 0.125 0.038 0.086 0.038 0.026 0.005 0.026 
 10 NS_SS0929    (7)    1 :  0.003 0.211 0.597 0.009 0.032 0.048 0.030 0.027 0.017 0.027 
 11 NS_SS0956    (1)    1 :  0.005 0.017 0.025 0.682 0.028 0.152 0.019 0.029 0.019 0.024 
 12 NS_SS0906    (3)    1 :  0.003 0.471 0.028 0.061 0.047 0.010 0.076 0.036 0.051 0.215 
 13 NS_SS0721    (6)    1 :  0.005 0.004 0.043 0.701 0.035 0.020 0.129 0.008 0.015 0.040 
 14 NS_SS0982    (4)    1 :  0.016 0.111 0.042 0.094 0.235 0.055 0.289 0.046 0.009 0.103 
 15 NS_SS0923    (6)    1 :  0.005 0.131 0.195 0.050 0.293 0.177 0.054 0.010 0.010 0.075 
 16 NS_SS0905    (6)    1 :  0.002 0.024 0.651 0.014 0.033 0.014 0.037 0.007 0.051 0.168 
 17 NS_SS0925    (3)    1 :  0.003 0.404 0.021 0.021 0.040 0.010 0.162 0.011 0.004 0.324 
 18 NS_SS0947    (6)    1 :  0.005 0.769 0.029 0.014 0.024 0.066 0.048 0.021 0.017 0.006 
 19 NS_SS0926    (2)    1 :  0.001 0.004 0.152 0.008 0.240 0.090 0.008 0.011 0.459 0.027 
 20 NS_SS0918    (6)    1 :  0.002 0.688 0.017 0.064 0.038 0.080 0.017 0.006 0.076 0.011 
 21 NS_SS0966    (4)    1 :  0.044 0.529 0.208 0.012 0.023 0.018 0.009 0.101 0.035 0.022 
 22 NS_SS0938    (2)    1 :  0.001 0.064 0.045 0.019 0.773 0.052 0.010 0.013 0.006 0.016 
 23 NS_SS0917    (2)    1 :  0.035 0.005 0.019 0.017 0.037 0.009 0.847 0.014 0.009 0.008 
 24 NS_SS0957   (11)    1 :  0.005 0.037 0.007 0.011 0.433 0.466 0.012 0.011 0.009 0.010 
 25 NS_SS0987    (1)    1 :  0.227 0.015 0.016 0.135 0.094 0.020 0.008 0.030 0.005 0.450 
 26 NS_SS0717    (4)    1 :  0.002 0.084 0.012 0.016 0.151 0.008 0.019 0.054 0.010 0.642 
 27 NS_SS0986    (2)    1 :  0.004 0.018 0.066 0.023 0.207 0.194 0.088 0.299 0.084 0.017 
 28 NS_SS0953    (3)    1 :  0.011 0.896 0.010 0.010 0.008 0.021 0.010 0.013 0.012 0.009 
 29 NS_SS0907    (3)    1 :  0.042 0.356 0.006 0.007 0.012 0.010 0.491 0.011 0.007 0.060 
 30 NS_SS0974    (6)    1 :  0.004 0.025 0.032 0.009 0.043 0.048 0.365 0.024 0.404 0.044 
 31 NS_SS0989    (1)    1 :  0.001 0.009 0.895 0.009 0.006 0.011 0.016 0.029 0.012 0.011 
 32 NS_SS0991    (3)    1 :  0.002 0.035 0.011 0.150 0.014 0.011 0.031 0.031 0.348 0.367 
 33 NS_SS0994    (2)    1 :  0.002 0.006 0.063 0.011 0.021 0.018 0.037 0.014 0.180 0.649 
 34 NS_SS0931    (6)    1 :  0.014 0.007 0.030 0.028 0.017 0.057 0.008 0.013 0.117 0.710 
 35 NS_SS1000    (5)    1 :  0.004 0.048 0.012 0.010 0.021 0.032 0.009 0.782 0.031 0.052 
 36 NS_SS0919    (1)    1 :  0.002 0.039 0.150 0.006 0.064 0.039 0.180 0.011 0.227 0.281 
 37 NS_SS0949    (4)    1 :  0.002 0.006 0.041 0.206 0.037 0.008 0.030 0.030 0.578 0.061 
 38 NS_SS0960   (10)    1 :  0.007 0.063 0.201 0.019 0.014 0.025 0.218 0.007 0.401 0.045 
 39 NS_SS0716    (2)    1 :  0.008 0.006 0.008 0.016 0.901 0.008 0.013 0.013 0.010 0.017 
 40 NS_SS0924    (8)    1 :  0.019 0.017 0.357 0.037 0.017 0.008 0.191 0.014 0.016 0.324 
 41 NS_SS0935    (2)    1 :  0.008 0.019 0.049 0.013 0.006 0.007 0.021 0.005 0.035 0.838 
 42 NS_SS0952   (14)    1 :  0.037 0.039 0.060 0.008 0.011 0.011 0.032 0.024 0.509 0.268 
 43 NS_SS0962   (11)    1 :  0.008 0.033 0.012 0.011 0.750 0.098 0.031 0.034 0.012 0.010 
 44 NS_SS0973    (5)    1 :  0.003 0.018 0.012 0.075 0.004 0.009 0.777 0.016 0.004 0.081 
 45 NS_SS0722    (1)    1 :  0.003 0.183 0.027 0.017 0.526 0.025 0.033 0.085 0.007 0.094 
 46 NS_SS0979   (13)    1 :  0.002 0.022 0.011 0.029 0.519 0.026 0.350 0.017 0.008 0.017 
 47 NS_SS0993    (2)    1 :  0.015 0.014 0.014 0.038 0.049 0.007 0.009 0.265 0.004 0.586 
 48 NS_SS0958    (1)    1 :  0.004 0.023 0.019 0.018 0.038 0.007 0.031 0.031 0.798 0.033 
 49 NS_SS0988    (4)    1 :  0.005 0.060 0.030 0.016 0.410 0.015 0.031 0.022 0.006 0.406 
 50 NS_SS1003    (2)    1 :  0.007 0.006 0.016 0.009 0.007 0.925 0.004 0.013 0.005 0.008 
 51 NS_SS0976    (1)    1 :  0.002 0.206 0.119 0.013 0.036 0.379 0.024 0.008 0.162 0.050 
 52 NS_SS0964   (10)    1 :  0.003 0.005 0.006 0.011 0.039 0.017 0.017 0.875 0.007 0.020 
 53 NS_SS0939    (4)    1 :  0.002 0.002 0.003 0.007 0.965 0.006 0.003 0.003 0.005 0.004 
 54 NS_SS0990    (6)    1 :  0.003 0.006 0.012 0.026 0.113 0.150 0.021 0.637 0.008 0.023 
 55 NS_SS0984    (2)    1 :  0.002 0.016 0.062 0.008 0.523 0.100 0.026 0.008 0.003 0.252 
 56 NS_SS0980   (10)    1 :  0.002 0.702 0.057 0.009 0.008 0.148 0.023 0.005 0.008 0.037 
 57 NS_SS0978    (4)    1 :  0.004 0.152 0.190 0.016 0.057 0.504 0.018 0.029 0.012 0.018 
 58 NS_SS0951   (18)    1 :  0.004 0.066 0.042 0.026 0.115 0.053 0.070 0.051 0.128 0.445 
 59 NS_SS0913    (3)    1 :  0.042 0.054 0.020 0.182 0.176 0.066 0.184 0.248 0.018 0.011 
 60 NS_SS1002    (1)    1 :  0.044 0.335 0.028 0.008 0.450 0.041 0.016 0.054 0.009 0.014 
 61 NS_SS0948    (1)    1 :  0.050 0.155 0.162 0.021 0.354 0.018 0.036 0.123 0.023 0.058 
 62 NS_SS0916    (4)    1 :  0.005 0.008 0.752 0.020 0.011 0.158 0.019 0.007 0.012 0.008 
 63 NS_SS0995    (1)    1 :  0.004 0.048 0.639 0.203 0.015 0.018 0.048 0.006 0.006 0.014 
 64 NS_SS0927    (6)    1 :  0.006 0.007 0.162 0.018 0.120 0.027 0.516 0.066 0.047 0.032 
 65 NS_SS0992    (5)    1 :  0.004 0.044 0.229 0.206 0.015 0.034 0.252 0.180 0.019 0.018 
 66 NS_SS0912    (1)    1 :  0.002 0.007 0.013 0.619 0.006 0.009 0.025 0.014 0.075 0.229 
 67 NS_SS0981    (1)    1 :  0.004 0.051 0.010 0.005 0.018 0.699 0.012 0.005 0.008 0.188 
 68 NS_SS0729    (5)    2 :  0.004 0.045 0.582 0.006 0.006 0.008 0.262 0.015 0.024 0.049 
 69 NS_SS0967   (15)    2 :  0.012 0.028 0.491 0.020 0.154 0.031 0.129 0.073 0.049 0.014 
 70 NS_SS0941    (8)    2 :  0.079 0.023 0.207 0.017 0.479 0.049 0.025 0.064 0.009 0.047 
 71 NS_SS0768   (12)    2 :  0.005 0.204 0.011 0.084 0.020 0.027 0.013 0.494 0.132 0.011 
 72 NS_SS0726    (5)    2 :  0.009 0.009 0.217 0.010 0.021 0.184 0.059 0.017 0.013 0.460 
 73 NS_SS0763    (4)    2 :  0.003 0.046 0.316 0.022 0.135 0.023 0.171 0.078 0.084 0.123 
 74 NS_SS0730    (6)    2 :  0.004 0.106 0.064 0.082 0.317 0.279 0.041 0.021 0.036 0.050 
 75 NS_SS0774    (2)    2 :  0.001 0.571 0.044 0.015 0.095 0.054 0.008 0.200 0.006 0.005 
 76 NS_SS0723    (3)    2 :  0.002 0.183 0.065 0.029 0.074 0.035 0.583 0.009 0.006 0.014 
 77 NS_SS0940   (10)    2 :  0.005 0.007 0.062 0.015 0.683 0.048 0.013 0.006 0.053 0.109 
 78 NS_SS0762    (1)    2 :  0.003 0.391 0.426 0.028 0.031 0.046 0.021 0.016 0.010 0.027 
 79 NS_SS0766   (11)    2 :  0.017 0.004 0.463 0.049 0.171 0.026 0.130 0.065 0.035 0.039 
 80 NS_SS0724    (1)    2 :  0.004 0.205 0.019 0.042 0.028 0.041 0.020 0.384 0.014 0.243 
 81 NS_SS0769    (3)    2 :  0.005 0.026 0.013 0.008 0.022 0.019 0.113 0.116 0.007 0.671 
 82 NS_SS0777    (1)    2 :  0.011 0.010 0.013 0.007 0.037 0.016 0.020 0.020 0.026 0.839 
 83 NS_SS0734    (6)    2 :  0.027 0.010 0.077 0.168 0.170 0.179 0.092 0.040 0.208 0.029 
 84 NS_SS0737    (3)    2 :  0.005 0.020 0.200 0.027 0.049 0.114 0.034 0.536 0.007 0.009 
 85 NS_SS0732    (5)    2 :  0.005 0.040 0.007 0.813 0.008 0.022 0.018 0.010 0.006 0.070 
 86 NS_SS0728    (5)    2 :  0.011 0.061 0.059 0.173 0.041 0.130 0.439 0.008 0.013 0.065 
 87 NS_SS0735    (9)    2 :  0.010 0.333 0.098 0.161 0.014 0.025 0.052 0.137 0.014 0.155 
 88 NS_SS0725    (1)    2 :  0.012 0.007 0.010 0.031 0.012 0.019 0.007 0.876 0.021 0.006 
 89 NS_SS0788    (2)    2 :  0.002 0.066 0.031 0.055 0.091 0.129 0.545 0.028 0.011 0.042 
 90 NS_SS0778    (2)    2 :  0.002 0.024 0.093 0.072 0.090 0.578 0.082 0.020 0.009 0.031 
 91 NS_SS0792    (6)    2 :  0.005 0.011 0.709 0.045 0.026 0.131 0.030 0.023 0.014 0.006 
 92 NS_SS0943   (11)    2 :  0.006 0.018 0.004 0.389 0.007 0.011 0.024 0.005 0.042 0.495 
 93 NS_SS0791    (2)    2 :  0.016 0.011 0.182 0.021 0.130 0.449 0.152 0.006 0.013 0.018 
 94 NS_SS0790    (5)    2 :  0.003 0.951 0.004 0.009 0.005 0.003 0.003 0.015 0.003 0.003 
 95 NS_SS0731    (6)    2 :  0.014 0.028 0.009 0.039 0.359 0.007 0.040 0.460 0.019 0.025 
 96 NS_SS0727    (7)    2 :  0.002 0.011 0.050 0.016 0.046 0.013 0.526 0.041 0.039 0.256 
 97 NS_SS0779   (13)    2 :  0.007 0.017 0.090 0.021 0.106 0.064 0.099 0.090 0.009 0.497 
 98 NS_SS0776    (3)    2 :  0.009 0.011 0.019 0.011 0.012 0.091 0.011 0.812 0.005 0.019 
 99 NS_SS0775    (5)    2 :  0.006 0.010 0.009 0.008 0.927 0.006 0.014 0.011 0.005 0.004 
100 NS_SS0965    (3)    3 :  0.002 0.042 0.174 0.126 0.015 0.132 0.009 0.008 0.009 0.484 
101 NS_SS0754   (14)    3 :  0.011 0.064 0.138 0.036 0.017 0.080 0.129 0.009 0.055 0.460 
102 NS_SS0838    (5)    3 :  0.051 0.013 0.014 0.008 0.061 0.254 0.258 0.210 0.114 0.017 
103 NS_SS0839    (3)    3 :  0.003 0.225 0.023 0.010 0.021 0.684 0.008 0.018 0.004 0.003 
104 NS_SS0832    (4)    3 :  0.057 0.042 0.009 0.025 0.115 0.090 0.034 0.555 0.004 0.069 
105 NS_SS0820    (5)    3 :  0.007 0.011 0.010 0.011 0.019 0.253 0.540 0.129 0.005 0.015 
106 NS_SS0886    (9)    3 :  0.002 0.012 0.224 0.296 0.025 0.021 0.337 0.030 0.017 0.036 
107 NS_SS0748    (5)    3 :  0.008 0.202 0.049 0.015 0.557 0.015 0.022 0.022 0.079 0.030 
108 NS_SS0884    (9)    3 :  0.030 0.269 0.050 0.095 0.027 0.183 0.217 0.062 0.033 0.033 
109 NS_SS0752    (4)    3 :  0.002 0.161 0.078 0.047 0.075 0.022 0.501 0.045 0.035 0.033 
110 NS_SS0862    (1)    3 :  0.005 0.236 0.016 0.138 0.011 0.511 0.039 0.007 0.007 0.031 
111 NS_SS0787    (9)    3 :  0.007 0.008 0.009 0.011 0.008 0.011 0.025 0.010 0.893 0.019 
112 NS_SS0843    (6)    3 :  0.003 0.037 0.023 0.018 0.012 0.009 0.021 0.407 0.006 0.465 
113 NS_SS0856    (4)    3 :  0.004 0.015 0.018 0.007 0.042 0.023 0.216 0.626 0.035 0.014 
114 NS_SS0846    (2)    3 :  0.004 0.173 0.014 0.018 0.018 0.059 0.418 0.152 0.041 0.104 
115 NS_SS0825    (1)    3 :  0.016 0.010 0.013 0.762 0.020 0.053 0.058 0.035 0.027 0.008 
116 NS_SS0757    (3)    3 :  0.003 0.027 0.011 0.598 0.057 0.038 0.170 0.043 0.023 0.030 
117 NS_SS0876    (3)    3 :  0.210 0.092 0.015 0.058 0.013 0.039 0.032 0.523 0.009 0.009 
118 NS_SS0903   (10)    3 :  0.003 0.920 0.025 0.008 0.009 0.005 0.010 0.008 0.006 0.006 
119 NS_SS0875    (7)    3 :  0.003 0.029 0.062 0.025 0.775 0.024 0.023 0.010 0.030 0.017 
120 NS_SS0740    (5)    3 :  0.004 0.022 0.030 0.111 0.020 0.013 0.040 0.041 0.010 0.709 
121 NS_SS0811    (5)    3 :  0.010 0.185 0.017 0.319 0.399 0.010 0.018 0.015 0.016 0.011 
122 NS_SS0751    (1)    3 :  0.003 0.016 0.047 0.019 0.253 0.122 0.024 0.016 0.415 0.084 
123 NS_SS0891    (6)    3 :  0.007 0.316 0.030 0.010 0.071 0.009 0.024 0.502 0.022 0.009 
124 NS_SS0867    (2)    3 :  0.028 0.140 0.071 0.361 0.048 0.080 0.041 0.007 0.022 0.202 
125 NS_SS0890    (6)    3 :  0.004 0.090 0.272 0.016 0.081 0.010 0.054 0.015 0.016 0.441 
126 NS_SS0866   (12)    3 :  0.005 0.005 0.019 0.058 0.477 0.039 0.348 0.019 0.022 0.009 
127 NS_SS0755    (4)    3 :  0.008 0.094 0.040 0.222 0.360 0.084 0.053 0.060 0.019 0.060 
128 NS_SS0758    (4)    3 :  0.002 0.020 0.418 0.027 0.043 0.071 0.166 0.209 0.016 0.027 
129 NS_SS0840    (2)    3 :  0.002 0.108 0.008 0.026 0.138 0.602 0.018 0.073 0.013 0.011 
130 NS_SS0889    (4)    3 :  0.003 0.018 0.005 0.781 0.009 0.013 0.048 0.016 0.092 0.015 
131 NS_SS1010    (1)    3 :  0.040 0.132 0.121 0.008 0.073 0.457 0.050 0.032 0.067 0.019 
132 NS_SS0888    (5)    3 :  0.002 0.006 0.017 0.233 0.006 0.028 0.652 0.009 0.010 0.037 
133 NS_SS0837    (3)    3 :  0.003 0.036 0.011 0.781 0.025 0.012 0.016 0.024 0.019 0.074 
134 NS_SS0794   (10)    3 :  0.002 0.012 0.010 0.004 0.015 0.008 0.316 0.051 0.577 0.004 
135 NS_SS0823    (5)    3 :  0.005 0.501 0.032 0.088 0.029 0.040 0.021 0.263 0.010 0.011 
136 NS_SS0829    (7)    3 :  0.103 0.020 0.010 0.280 0.005 0.008 0.031 0.011 0.480 0.052 
137 NS_SS0844    (5)    3 :  0.001 0.948 0.007 0.006 0.006 0.005 0.011 0.007 0.003 0.006 
138 NS_SS1008    (6)    3 :  0.015 0.021 0.012 0.082 0.076 0.023 0.049 0.091 0.113 0.519 
139 NS_SS0881    (3)    3 :  0.002 0.013 0.034 0.067 0.034 0.641 0.026 0.021 0.014 0.149 
140 NS_SS0834    (6)    3 :  0.006 0.010 0.006 0.005 0.007 0.028 0.008 0.917 0.007 0.005 
141 NS_SS0744   (10)    3 :  0.007 0.031 0.012 0.167 0.015 0.347 0.318 0.029 0.013 0.060 
142 NS_SS0899    (7)    3 :  0.001 0.392 0.008 0.022 0.006 0.040 0.008 0.505 0.005 0.013 
143 NS_SS0804    (5)    3 :  0.004 0.239 0.022 0.023 0.189 0.432 0.017 0.051 0.004 0.019 
144 NS_SS0781   (10)    3 :  0.005 0.498 0.011 0.008 0.170 0.198 0.010 0.086 0.005 0.009 
145 NS_SS0822    (6)    3 :  0.002 0.014 0.109 0.238 0.007 0.106 0.033 0.312 0.096 0.082 
146 NS_SS1004    (4)    3 :  0.003 0.014 0.048 0.045 0.005 0.024 0.017 0.749 0.009 0.084 
147 NS_SS0746    (5)    3 :  0.016 0.039 0.040 0.017 0.270 0.020 0.060 0.377 0.038 0.123 
148 NS_SS0880    (3)    3 :  0.001 0.020 0.018 0.022 0.011 0.739 0.008 0.150 0.020 0.010 
149 NS_SS0879    (5)    3 :  0.014 0.029 0.020 0.018 0.011 0.015 0.024 0.845 0.011 0.013 
150 NS_SS0753    (2)    3 :  0.007 0.008 0.013 0.010 0.008 0.007 0.075 0.005 0.008 0.858 
151 NS_SS1007    (3)    3 :  0.002 0.005 0.073 0.014 0.366 0.037 0.406 0.011 0.026 0.061 
152 NS_SS0872    (5)    3 :  0.002 0.089 0.055 0.038 0.113 0.008 0.041 0.632 0.008 0.014 
153 NS_SS1005    (7)    3 :  0.001 0.065 0.018 0.017 0.019 0.023 0.027 0.799 0.021 0.010 
154 NS_SS0892    (6)    3 :  0.003 0.019 0.035 0.057 0.155 0.072 0.059 0.047 0.035 0.517 
155 NS_SS0898    (0)    3 :  0.005 0.038 0.613 0.027 0.065 0.080 0.015 0.017 0.099 0.041 
156 NS_SS0801    (9)    3 :  0.008 0.018 0.006 0.012 0.006 0.913 0.011 0.011 0.004 0.011 
157 NS_SS0827    (9)    3 :  0.109 0.023 0.338 0.006 0.368 0.011 0.006 0.009 0.068 0.060 
158 NS_SS0853    (7)    3 :  0.006 0.065 0.210 0.024 0.045 0.008 0.511 0.077 0.026 0.028 
159 NS_SS0780    (2)    3 :  0.004 0.029 0.017 0.008 0.009 0.882 0.012 0.014 0.007 0.018 
160 NS_SS0826   (10)    3 :  0.004 0.166 0.038 0.022 0.014 0.025 0.014 0.677 0.026 0.015 
161 NS_SS0818    (5)    3 :  0.002 0.019 0.147 0.010 0.014 0.716 0.040 0.015 0.008 0.028 
162 NS_SS0745    (1)    3 :  0.001 0.003 0.010 0.014 0.021 0.010 0.006 0.909 0.016 0.010 
163 NS_SS0849    (3)    3 :  0.001 0.006 0.006 0.953 0.007 0.006 0.005 0.007 0.005 0.005 
164 NS_SS0739    (3)    3 :  0.016 0.008 0.027 0.610 0.055 0.040 0.196 0.012 0.016 0.020 
165 NS_SS0799    (1)    3 :  0.001 0.016 0.326 0.118 0.016 0.093 0.318 0.008 0.027 0.078 
166 NS_SS0756    (3)    3 :  0.004 0.847 0.024 0.011 0.029 0.043 0.012 0.013 0.005 0.014 
167 NS_SS0802    (2)    3 :  0.183 0.009 0.007 0.034 0.066 0.112 0.496 0.041 0.017 0.036 
168 NS_SS0747    (6)    3 :  0.007 0.330 0.018 0.064 0.073 0.041 0.122 0.030 0.008 0.308 
169 NS_SS0835    (1)    3 :  0.001 0.008 0.197 0.047 0.044 0.022 0.473 0.021 0.018 0.169 
170 NS_SS0742   (19)    3 :  0.001 0.054 0.048 0.052 0.044 0.681 0.060 0.016 0.011 0.034 
171 NS_SS0760    (9)    3 :  0.051 0.097 0.036 0.013 0.081 0.036 0.066 0.022 0.565 0.034 
172 NS_SS0803    (4)    3 :  0.008 0.838 0.031 0.012 0.006 0.007 0.026 0.062 0.006 0.004 
173 NS_SS0828   (14)    3 :  0.002 0.045 0.231 0.066 0.040 0.015 0.035 0.012 0.026 0.528 
174 NS_SS0865    (2)    3 :  0.027 0.011 0.006 0.015 0.014 0.839 0.022 0.016 0.033 0.016 
175 NS_SS0759    (5)    3 :  0.005 0.039 0.031 0.094 0.024 0.297 0.058 0.185 0.009 0.258 
176 NS_SS0851    (5)    3 :  0.013 0.009 0.007 0.770 0.013 0.020 0.008 0.149 0.007 0.004 
177 NS_SS0874   (16)    3 :  0.002 0.928 0.009 0.009 0.009 0.009 0.007 0.010 0.004 0.014 
178 NS_SS0761    (6)    3 :  0.002 0.045 0.051 0.317 0.028 0.016 0.307 0.007 0.193 0.034 
179 NS_SS0842   (26)    3 :  0.007 0.042 0.025 0.030 0.659 0.011 0.067 0.086 0.032 0.041 
180 NS_SS0785    (6)    3 :  0.007 0.093 0.154 0.334 0.027 0.107 0.058 0.075 0.044 0.101 
181 NS_SS0860   (11)    3 :  0.003 0.010 0.040 0.007 0.012 0.011 0.887 0.013 0.010 0.009 
182 NS_SS0897    (7)    3 :  0.002 0.006 0.017 0.095 0.006 0.011 0.026 0.005 0.826 0.006 
183 NS_SS0841   (15)    3 :  0.003 0.078 0.009 0.214 0.031 0.593 0.019 0.014 0.025 0.013 
184 NS_SS0797    (7)    3 :  0.018 0.009 0.283 0.027 0.129 0.294 0.013 0.004 0.208 0.016 
185 NS_SS0830   (11)    3 :  0.003 0.051 0.032 0.169 0.251 0.219 0.052 0.032 0.026 0.167 
186 NS_SS1011    (5)    3 :  0.006 0.017 0.004 0.005 0.015 0.922 0.007 0.014 0.004 0.006 
187 NS_SS0883    (5)    3 :  0.006 0.030 0.048 0.102 0.159 0.025 0.584 0.004 0.015 0.028 
188 NS_SS0782    (2)    3 :  0.002 0.017 0.273 0.031 0.038 0.009 0.244 0.360 0.020 0.007 
189 NS_SS0831    (5)    3 :  0.004 0.018 0.147 0.434 0.030 0.009 0.257 0.032 0.056 0.014 
190 NS_SS0749    (7)    3 :  0.005 0.008 0.024 0.408 0.011 0.007 0.150 0.010 0.013 0.365 
191 NS_SS0854    (2)    3 :  0.004 0.090 0.259 0.042 0.010 0.108 0.363 0.062 0.038 0.023 
192 HI_SS0193    (0)    4 :  0.002 0.017 0.019 0.051 0.009 0.025 0.009 0.023 0.834 0.011 
193 HI_SS0194    (1)    4 :  0.002 0.036 0.003 0.008 0.007 0.020 0.007 0.873 0.029 0.015 
194 HI_SS0195   (10)    4 :  0.129 0.015 0.017 0.136 0.034 0.074 0.008 0.574 0.007 0.006 
195 HI_SS0196    (6)    4 :  0.003 0.071 0.053 0.128 0.160 0.015 0.039 0.149 0.371 0.010 
196 HI_SS0197    (3)    4 :  0.011 0.008 0.015 0.005 0.332 0.576 0.024 0.009 0.006 0.015 
197 HI_SS0198    (1)    4 :  0.012 0.011 0.034 0.852 0.008 0.027 0.012 0.009 0.019 0.016 
198 HI_SS0199    (1)    4 :  0.002 0.016 0.755 0.009 0.007 0.006 0.183 0.007 0.007 0.009 
199 HI_SS0201    (5)    4 :  0.002 0.025 0.088 0.069 0.005 0.023 0.027 0.016 0.463 0.283 
200 HI_SS0215    (1)    4 :  0.003 0.023 0.276 0.124 0.014 0.022 0.477 0.008 0.025 0.028 
201 HI_SS0218    (1)    4 :  0.006 0.007 0.291 0.036 0.009 0.009 0.035 0.004 0.598 0.005 
202 HI_SS0222    (0)    4 :  0.005 0.008 0.642 0.073 0.031 0.025 0.071 0.114 0.023 0.008 
203 HI_SS0230    (1)    4 :  0.008 0.022 0.017 0.008 0.168 0.148 0.122 0.035 0.012 0.460 
204 HI_SS0234    (2)    4 :  0.130 0.120 0.566 0.005 0.113 0.003 0.046 0.007 0.004 0.007 
205 HI_SS0240    (1)    4 :  0.009 0.014 0.759 0.024 0.009 0.069 0.068 0.011 0.022 0.016 
206 HI_SS0241    (0)    4 :  0.002 0.006 0.844 0.010 0.006 0.068 0.012 0.007 0.028 0.015 
207 HI_SS0242    (0)    4 :  0.003 0.021 0.039 0.422 0.329 0.011 0.074 0.027 0.009 0.065 
208 HI_SS0247    (0)    4 :  0.018 0.899 0.009 0.010 0.007 0.030 0.005 0.007 0.006 0.010 
209 HI_SS0248    (1)    4 :  0.001 0.009 0.009 0.007 0.111 0.010 0.017 0.015 0.396 0.425 
210 HI_SS0252    (2)    4 :  0.002 0.027 0.030 0.157 0.006 0.653 0.013 0.074 0.032 0.007 
211 HI_SS0254    (0)    4 :  0.057 0.005 0.016 0.005 0.007 0.007 0.008 0.008 0.008 0.881 
212 HI_SS0256    (0)    4 :  0.001 0.855 0.004 0.007 0.014 0.012 0.007 0.090 0.004 0.005 
213 HI_SS0257    (0)    4 :  0.003 0.280 0.015 0.013 0.029 0.022 0.103 0.005 0.066 0.464 
214 HI_SS0258    (1)    4 :  0.007 0.010 0.023 0.021 0.013 0.014 0.023 0.010 0.811 0.069 
215 HI_SS0259    (1)    4 :  0.004 0.027 0.016 0.043 0.017 0.821 0.023 0.029 0.006 0.013 
216 HI_SS0260    (1)    4 :  0.002 0.012 0.014 0.040 0.019 0.014 0.536 0.005 0.205 0.153 
217 HI_SS0261    (2)    4 :  0.002 0.014 0.053 0.009 0.038 0.030 0.121 0.328 0.016 0.390 
218 HI_SS0262    (0)    4 :  0.012 0.033 0.039 0.453 0.116 0.033 0.274 0.013 0.018 0.009 
219 HI_SS0264    (0)    4 :  0.003 0.072 0.006 0.022 0.139 0.097 0.074 0.116 0.028 0.443 
220 HI_SS0265    (0)    4 :  0.114 0.008 0.022 0.088 0.435 0.013 0.064 0.178 0.008 0.071 
221 HI_SS0268    (1)    4 :  0.004 0.016 0.015 0.015 0.018 0.036 0.022 0.010 0.855 0.009 
222 HI_SS0269    (0)    4 :  0.001 0.020 0.792 0.010 0.016 0.011 0.075 0.014 0.043 0.017 
223 HI_SS0273    (0)    4 :  0.002 0.020 0.030 0.039 0.011 0.022 0.047 0.009 0.809 0.010 
224 HI_SS0277    (1)    4 :  0.003 0.040 0.209 0.237 0.099 0.319 0.049 0.013 0.017 0.014 
225 HI_SS0280    (0)    4 :  0.006 0.004 0.021 0.018 0.033 0.844 0.018 0.011 0.031 0.013 
226 HI_SS0282    (1)    4 :  0.001 0.019 0.009 0.844 0.008 0.015 0.019 0.006 0.066 0.012 
227 HI_SS0286    (1)    4 :  0.006 0.011 0.040 0.096 0.015 0.013 0.736 0.020 0.018 0.046 
228 NS_SS1252    (3)    5 :  0.003 0.008 0.081 0.075 0.009 0.004 0.789 0.008 0.010 0.012 
229 NS_SS1261    (1)    5 :  0.020 0.032 0.024 0.032 0.352 0.004 0.199 0.201 0.125 0.010 
230 NS_SS1225   (10)    5 :  0.061 0.725 0.010 0.008 0.007 0.018 0.048 0.043 0.016 0.063 
231 NS_SS1266    (1)    5 :  0.009 0.053 0.006 0.018 0.005 0.013 0.005 0.879 0.004 0.008 
232 NS_SS1228    (0)    5 :  0.017 0.030 0.121 0.346 0.088 0.296 0.025 0.016 0.018 0.044 
233 NS_SS1255    (3)    5 :  0.002 0.237 0.042 0.014 0.013 0.008 0.007 0.043 0.628 0.006 
234 NS_SS1267    (3)    5 :  0.011 0.005 0.209 0.022 0.027 0.005 0.496 0.004 0.015 0.206 
235 NS_SS1238    (6)    5 :  0.003 0.007 0.008 0.015 0.013 0.013 0.009 0.024 0.893 0.016 
236 NS_SS1233    (8)    5 :  0.002 0.617 0.014 0.020 0.022 0.063 0.010 0.137 0.101 0.013 
237 NS_SS1277    (3)    5 :  0.001 0.004 0.914 0.023 0.006 0.006 0.007 0.012 0.016 0.012 
238 NS_SS1245    (1)    5 :  0.002 0.038 0.245 0.042 0.341 0.056 0.022 0.131 0.028 0.095 
239 NS_SS1240    (4)    5 :  0.002 0.019 0.596 0.004 0.026 0.024 0.168 0.014 0.121 0.027 
240 NS_SS1275    (2)    5 :  0.003 0.038 0.011 0.017 0.194 0.272 0.037 0.411 0.003 0.012 
241 NS_SS1235    (1)    5 :  0.006 0.490 0.098 0.014 0.017 0.010 0.014 0.200 0.140 0.011 
242 NS_SS1263    (1)    5 :  0.001 0.696 0.006 0.005 0.029 0.009 0.005 0.228 0.008 0.012 
243 NS_SS1251    (2)    5 :  0.001 0.894 0.038 0.007 0.010 0.007 0.004 0.013 0.007 0.019 
244 NS_SS1248    (0)    5 :  0.094 0.006 0.007 0.680 0.061 0.010 0.016 0.034 0.025 0.066 
245 NS_SS1244    (0)    5 :  0.004 0.079 0.114 0.010 0.009 0.703 0.014 0.010 0.048 0.008 
246 NS_SS1257    (1)    5 :  0.025 0.014 0.558 0.187 0.013 0.009 0.141 0.010 0.033 0.010 
247 NS_SS1242    (2)    5 :  0.003 0.045 0.005 0.021 0.331 0.078 0.063 0.384 0.010 0.060 
248 NS_SS1271    (6)    5 :  0.026 0.007 0.752 0.013 0.115 0.009 0.011 0.005 0.023 0.040 
249 NS_SS1265    (1)    5 :  0.024 0.016 0.012 0.102 0.066 0.032 0.078 0.490 0.156 0.024 
250 NS_SS1243    (0)    5 :  0.098 0.013 0.017 0.124 0.098 0.441 0.017 0.152 0.023 0.017 
251 NS_SS1273    (1)    5 :  0.009 0.015 0.005 0.011 0.869 0.008 0.015 0.053 0.007 0.008 
252 NS_SS1254   (14)    5 :  0.007 0.274 0.101 0.010 0.219 0.225 0.040 0.063 0.013 0.048 
253 NS_SS1224    (1)    5 :  0.011 0.490 0.070 0.055 0.011 0.018 0.008 0.162 0.007 0.168 
254 NS_SS1227    (8)    5 :  0.002 0.003 0.051 0.007 0.229 0.006 0.014 0.008 0.013 0.668 
255 NS_SS1274    (9)    5 :  0.016 0.133 0.022 0.061 0.007 0.147 0.333 0.007 0.070 0.204 
256 NS_SS1241    (1)    5 :  0.001 0.023 0.026 0.135 0.013 0.054 0.018 0.015 0.671 0.044 
257 NS_SS1256    (3)    5 :  0.042 0.021 0.048 0.007 0.028 0.013 0.018 0.788 0.019 0.015 
258 NS_SS1260    (8)    5 :  0.041 0.007 0.017 0.004 0.009 0.007 0.897 0.004 0.008 0.005 
259 NS_SS1262    (0)    5 :  0.166 0.059 0.427 0.037 0.009 0.012 0.015 0.009 0.015 0.250 
260 NS_SS1230    (0)    5 :  0.008 0.011 0.012 0.034 0.076 0.013 0.180 0.163 0.493 0.009 
261 NS_SS1270    (2)    5 :  0.002 0.015 0.006 0.792 0.009 0.015 0.013 0.118 0.006 0.022 
262 NS_SS1229    (2)    5 :  0.004 0.053 0.020 0.008 0.137 0.079 0.421 0.138 0.014 0.127 
263 NS_SS1246    (5)    5 :  0.002 0.009 0.155 0.017 0.537 0.037 0.063 0.015 0.138 0.026 
264 NS_SS1269    (0)    5 :  0.004 0.016 0.347 0.071 0.017 0.050 0.071 0.212 0.175 0.038 
265 NS_SS1239    (1)    5 :  0.004 0.008 0.080 0.809 0.005 0.013 0.028 0.033 0.005 0.015 
266 NS_SS1272    (5)    5 :  0.004 0.012 0.010 0.005 0.028 0.013 0.006 0.915 0.004 0.004 
267 NS_SS1268    (1)    5 :  0.002 0.089 0.006 0.825 0.007 0.011 0.010 0.014 0.008 0.029 
268 NS_SS1249    (1)    5 :  0.011 0.029 0.566 0.022 0.014 0.020 0.029 0.008 0.296 0.005 
269 HI_SS0559    (0)    6 :  0.002 0.088 0.067 0.050 0.023 0.087 0.222 0.014 0.036 0.410 
270 HI_SS0563    (1)    6 :  0.004 0.192 0.685 0.010 0.022 0.008 0.018 0.012 0.022 0.027 
271 HI_SS0564    (0)    6 :  0.065 0.090 0.106 0.081 0.031 0.080 0.056 0.061 0.027 0.405 
272 HI_SS0565    (0)    6 :  0.003 0.013 0.007 0.006 0.800 0.012 0.107 0.016 0.013 0.024 
273 HI_SS0569    (1)    6 :  0.003 0.016 0.391 0.010 0.015 0.011 0.044 0.007 0.239 0.266 
274 HI_SS0570    (0)    6 :  0.055 0.006 0.012 0.031 0.009 0.011 0.013 0.040 0.811 0.011 
275 HI_SS0572    (1)    6 :  0.003 0.041 0.058 0.007 0.013 0.007 0.031 0.812 0.008 0.020 
276 HI_SS0576    (1)    6 :  0.004 0.013 0.014 0.410 0.103 0.010 0.395 0.011 0.022 0.018 
277 HI_SS0579    (1)    6 :  0.010 0.013 0.012 0.020 0.003 0.005 0.011 0.015 0.006 0.906 
278 HI_SS0580    (1)    6 :  0.006 0.104 0.280 0.233 0.177 0.015 0.117 0.017 0.035 0.016 
279 HI_SS0581    (0)    6 :  0.069 0.006 0.008 0.211 0.057 0.378 0.031 0.225 0.008 0.009 
280 HI_SS0583    (1)    6 :  0.002 0.032 0.381 0.005 0.070 0.010 0.257 0.182 0.008 0.052 
281 HI_SS0586    (1)    6 :  0.001 0.005 0.006 0.009 0.037 0.005 0.030 0.004 0.045 0.858 
282 HI_SS0588    (1)    6 :  0.014 0.032 0.518 0.026 0.040 0.010 0.160 0.039 0.068 0.092 
283 HI_SS0595    (4)    6 :  0.026 0.031 0.622 0.024 0.156 0.022 0.032 0.007 0.051 0.028 
284 HI_SS0596    (0)    6 :  0.002 0.013 0.009 0.013 0.084 0.006 0.011 0.800 0.007 0.055 
285 HI_SS0597    (1)    6 :  0.002 0.017 0.023 0.004 0.572 0.061 0.055 0.236 0.022 0.008 
286 HI_SS0600    (0)    6 :  0.003 0.012 0.784 0.010 0.003 0.116 0.012 0.048 0.006 0.006 
287 HI_SS0601    (1)    6 :  0.010 0.496 0.006 0.014 0.011 0.006 0.027 0.006 0.006 0.418 
288 HI_SS0602    (1)    6 :  0.002 0.019 0.026 0.082 0.016 0.036 0.413 0.009 0.014 0.384 
289 HI_SS0604    (0)    6 :  0.001 0.009 0.020 0.033 0.017 0.019 0.041 0.802 0.026 0.032 
290 HI_SS0605    (1)    6 :  0.006 0.006 0.009 0.739 0.007 0.016 0.196 0.006 0.004 0.011 
291 HI_SS0608    (0)    6 :  0.001 0.007 0.159 0.080 0.124 0.026 0.012 0.171 0.020 0.400 
292 HI_SS0609    (0)    6 :  0.001 0.556 0.039 0.048 0.171 0.082 0.013 0.040 0.043 0.007 
293 HI_SS0611    (5)    6 :  0.003 0.007 0.004 0.937 0.007 0.004 0.015 0.008 0.006 0.010 
294 HI_SS0612    (0)    6 :  0.005 0.869 0.019 0.005 0.012 0.029 0.025 0.006 0.009 0.023 
295 HI_SS0613    (1)    6 :  0.002 0.010 0.004 0.905 0.008 0.013 0.024 0.018 0.006 0.008 
296 HI_SS0615    (1)    6 :  0.012 0.060 0.110 0.519 0.050 0.032 0.098 0.033 0.031 0.056 
297 HI_SS0001    (1)    6 :  0.003 0.014 0.177 0.008 0.033 0.708 0.012 0.026 0.015 0.004 
298 HI_SS0002    (1)    6 :  0.035 0.045 0.008 0.007 0.018 0.006 0.040 0.823 0.009 0.009 
299 HI_SS0004    (0)    6 :  0.008 0.012 0.093 0.102 0.009 0.022 0.035 0.356 0.342 0.021 
300 HI_SS0005    (1)    6 :  0.009 0.019 0.023 0.178 0.213 0.051 0.335 0.065 0.076 0.033 
301 HI_SS0006    (1)    6 :  0.002 0.116 0.032 0.012 0.013 0.048 0.154 0.518 0.044 0.061 
302 HI_SS0007    (1)    6 :  0.002 0.006 0.017 0.792 0.006 0.008 0.007 0.098 0.052 0.013 
303 HI_SS0008    (0)    6 :  0.028 0.007 0.006 0.013 0.007 0.007 0.040 0.006 0.004 0.882 
304 HI_SS0009    (0)    6 :  0.005 0.034 0.033 0.113 0.035 0.036 0.079 0.008 0.019 0.637 
305 HI_SS0010    (1)    6 :  0.004 0.012 0.017 0.016 0.042 0.024 0.012 0.007 0.167 0.700 
306 HI_SS0011    (1)    6 :  0.099 0.347 0.006 0.051 0.267 0.039 0.007 0.082 0.069 0.033 
307 HI_SS0012    (0)    6 :  0.005 0.512 0.122 0.025 0.077 0.031 0.179 0.011 0.006 0.033 
308 HI_SS0017    (1)    6 :  0.002 0.012 0.012 0.009 0.017 0.012 0.004 0.882 0.020 0.030 
309 HI_SS0021    (1)    6 :  0.232 0.007 0.079 0.012 0.394 0.004 0.113 0.120 0.024 0.014 
310 HI_SS0024    (1)    6 :  0.002 0.012 0.014 0.029 0.742 0.073 0.024 0.040 0.054 0.010 
311 HI_SS0025    (1)    6 :  0.003 0.008 0.016 0.032 0.039 0.004 0.086 0.794 0.008 0.010 
312 HI_SS0027    (0)    6 :  0.014 0.038 0.020 0.034 0.012 0.060 0.026 0.006 0.462 0.328 
313 HI_SS0028    (0)    6 :  0.003 0.067 0.029 0.021 0.614 0.016 0.117 0.057 0.012 0.064 
314 HI_SS0029    (1)    6 :  0.005 0.013 0.006 0.005 0.900 0.005 0.044 0.006 0.006 0.009 
315 HI_SS0030    (2)    6 :  0.006 0.006 0.020 0.012 0.013 0.074 0.017 0.034 0.012 0.805 
316 HI_SS0031    (0)    6 :  0.004 0.009 0.582 0.006 0.032 0.011 0.028 0.005 0.013 0.312 
317 HI_SS0034    (0)    6 :  0.004 0.008 0.135 0.033 0.023 0.619 0.076 0.015 0.009 0.077 
318 HI_SS0036    (0)    6 :  0.010 0.003 0.007 0.017 0.442 0.337 0.035 0.005 0.032 0.112 
319 HI_SS0037    (1)    6 :  0.004 0.015 0.008 0.067 0.008 0.012 0.060 0.019 0.798 0.010 
320 HI_SS0039    (0)    6 :  0.002 0.008 0.008 0.058 0.310 0.032 0.322 0.005 0.029 0.226 
321 HI_SS0041    (1)    6 :  0.002 0.007 0.011 0.575 0.248 0.042 0.014 0.086 0.003 0.013 
322 HI_SS0042    (1)    6 :  0.113 0.039 0.010 0.100 0.623 0.064 0.016 0.014 0.006 0.016 
323 HI_SS0043    (1)    6 :  0.002 0.006 0.040 0.054 0.017 0.011 0.576 0.069 0.203 0.021 
324 HI_SS0044    (1)    6 :  0.003 0.010 0.029 0.104 0.242 0.014 0.022 0.167 0.404 0.005 
325 HI_SS0047    (1)    6 :  0.003 0.004 0.032 0.059 0.009 0.025 0.019 0.823 0.006 0.022 
326 HI_SS0049    (1)    6 :  0.004 0.023 0.015 0.027 0.059 0.123 0.037 0.537 0.021 0.154 
327 HI_SS0051    (1)    6 :  0.003 0.014 0.006 0.717 0.008 0.009 0.205 0.011 0.012 0.016 
328 HI_SS0053    (1)    6 :  0.005 0.010 0.297 0.019 0.091 0.039 0.277 0.021 0.030 0.211 
329 HI_SS0054    (4)    6 :  0.004 0.015 0.018 0.013 0.005 0.024 0.007 0.006 0.196 0.711 
330 HI_SS0057    (0)    6 :  0.004 0.009 0.015 0.073 0.044 0.148 0.021 0.600 0.024 0.061 
331 HI_SS0058    (0)    6 :  0.006 0.742 0.011 0.009 0.008 0.008 0.040 0.043 0.121 0.011 
332 HI_SS0060    (0)    6 :  0.049 0.006 0.007 0.006 0.008 0.008 0.007 0.005 0.014 0.889 
333 HI_SS0087    (1)    6 :  0.002 0.289 0.041 0.122 0.021 0.051 0.183 0.068 0.025 0.197 
334 HI_SS0091    (1)    6 :  0.001 0.022 0.095 0.014 0.005 0.548 0.273 0.011 0.007 0.024 
335 HI_SS0095    (1)    6 :  0.068 0.063 0.133 0.025 0.086 0.074 0.310 0.014 0.005 0.222 
336 HI_SS0097    (3)    6 :  0.004 0.780 0.020 0.017 0.018 0.014 0.039 0.009 0.017 0.081 
337 HI_SS0099    (1)    6 :  0.004 0.006 0.006 0.007 0.923 0.006 0.011 0.010 0.008 0.019 
338 HI_SS0103    (0)    6 :  0.003 0.016 0.019 0.013 0.006 0.037 0.068 0.815 0.008 0.014 
339 HI_SS0105    (1)    6 :  0.025 0.017 0.053 0.007 0.008 0.812 0.018 0.020 0.020 0.020 
340 HI_SS0107    (1)    6 :  0.001 0.019 0.007 0.010 0.017 0.011 0.010 0.903 0.007 0.014 
341 HI_SS0108    (1)    6 :  0.032 0.006 0.035 0.029 0.008 0.027 0.013 0.006 0.835 0.010 
342 HI_SS0110    (0)    6 :  0.001 0.020 0.115 0.014 0.174 0.074 0.392 0.130 0.021 0.060 
343 HI_SS0111    (1)    6 :  0.037 0.050 0.591 0.046 0.031 0.026 0.032 0.047 0.006 0.134 
344 HI_SS0112    (0)    6 :  0.001 0.003 0.004 0.004 0.005 0.006 0.003 0.002 0.968 0.003 
345 HI_SS0113    (1)    6 :  0.005 0.022 0.018 0.019 0.078 0.082 0.006 0.755 0.003 0.012 
346 HI_SS0114    (1)    6 :  0.006 0.008 0.235 0.007 0.033 0.127 0.438 0.010 0.088 0.047 
347 HI_SS0115    (1)    6 :  0.016 0.100 0.059 0.012 0.010 0.008 0.392 0.009 0.012 0.381 
348 HI_SS0116    (4)    6 :  0.003 0.020 0.340 0.010 0.167 0.004 0.244 0.036 0.161 0.015 
349 HI_SS0117    (0)    6 :  0.002 0.312 0.189 0.005 0.026 0.014 0.023 0.021 0.390 0.019 
350 HI_SS0118    (0)    6 :  0.012 0.143 0.065 0.007 0.307 0.033 0.147 0.217 0.055 0.014 
351 HI_SS0119    (1)    6 :  0.002 0.017 0.006 0.010 0.006 0.847 0.028 0.007 0.069 0.009 
352 HI_SS0120    (1)    6 :  0.003 0.004 0.004 0.004 0.005 0.007 0.005 0.958 0.007 0.003 
353 HI_SS0121    (0)    6 :  0.001 0.489 0.013 0.034 0.394 0.014 0.014 0.015 0.009 0.017 
354 HI_SS0122    (2)    6 :  0.021 0.036 0.036 0.273 0.263 0.107 0.031 0.027 0.195 0.013 
355 HI_SS0123    (0)    6 :  0.005 0.095 0.026 0.021 0.029 0.734 0.025 0.042 0.011 0.012 
356 HI_SS0124    (1)    6 :  0.003 0.038 0.123 0.045 0.454 0.104 0.022 0.179 0.016 0.016 
357 HI_SS0125    (1)    6 :  0.044 0.006 0.835 0.015 0.025 0.024 0.010 0.010 0.005 0.025 
358 HI_SS0126    (0)    6 :  0.001 0.012 0.035 0.012 0.042 0.011 0.016 0.007 0.854 0.010 
359 HI_SS0127    (0)    6 :  0.007 0.015 0.008 0.252 0.012 0.019 0.042 0.018 0.012 0.615 
360 HI_SS0128    (0)    6 :  0.004 0.021 0.138 0.010 0.048 0.007 0.034 0.054 0.016 0.668 
361 HI_SS0129    (1)    6 :  0.009 0.006 0.024 0.757 0.037 0.047 0.085 0.012 0.012 0.011 
362 HI_SS0131    (2)    6 :  0.042 0.015 0.024 0.008 0.034 0.006 0.008 0.009 0.841 0.012 
363 HI_SS0132    (0)    6 :  0.001 0.081 0.288 0.036 0.029 0.469 0.011 0.014 0.053 0.018 
364 HI_SS0133    (1)    6 :  0.001 0.002 0.007 0.005 0.005 0.006 0.008 0.006 0.954 0.007 
365 HI_SS0134    (1)    6 :  0.002 0.157 0.011 0.014 0.022 0.314 0.279 0.019 0.109 0.073 
366 HI_SS0142    (3)    6 :  0.023 0.049 0.027 0.009 0.046 0.282 0.404 0.096 0.007 0.056 
367 HI_SS0145    (0)    6 :  0.001 0.080 0.005 0.021 0.008 0.016 0.017 0.013 0.007 0.833 
368 HI_SS0146    (1)    6 :  0.001 0.016 0.066 0.047 0.017 0.025 0.021 0.006 0.729 0.071 
369 HI_SS0147    (1)    6 :  0.020 0.022 0.005 0.883 0.008 0.006 0.008 0.037 0.005 0.005 
370 HI_SS0149    (1)    6 :  0.005 0.023 0.006 0.016 0.061 0.809 0.012 0.009 0.023 0.036 
371 HI_SS0150    (2)    6 :  0.006 0.075 0.714 0.009 0.016 0.081 0.015 0.045 0.017 0.023 
372 HI_SS0151    (0)    6 :  0.014 0.051 0.180 0.480 0.009 0.018 0.070 0.044 0.040 0.094 
373 NS_SS1451    (1)    6 :  0.002 0.033 0.020 0.051 0.031 0.792 0.008 0.048 0.008 0.009 
374 NS_SS1404    (0)    6 :  0.009 0.038 0.019 0.811 0.043 0.022 0.012 0.024 0.007 0.016 
375 NS_SS1432    (2)    6 :  0.033 0.005 0.009 0.006 0.882 0.026 0.007 0.020 0.003 0.008 
376 NS_SS1405    (5)    6 :  0.003 0.063 0.007 0.008 0.642 0.015 0.046 0.014 0.100 0.101 
377 NS_SS1431   (10)    6 :  0.001 0.029 0.008 0.016 0.383 0.076 0.041 0.415 0.018 0.012 
378 NS_SS1402    (3)    6 :  0.003 0.760 0.100 0.024 0.015 0.015 0.018 0.041 0.008 0.016 
379 NS_SS1450    (3)    6 :  0.003 0.010 0.022 0.009 0.011 0.705 0.187 0.009 0.021 0.024 
380 NS_SS1396    (0)    6 :  0.007 0.029 0.006 0.339 0.410 0.037 0.046 0.026 0.048 0.052 
381 NS_SS1393    (5)    6 :  0.003 0.007 0.019 0.008 0.009 0.004 0.935 0.003 0.007 0.006 
382 NS_SS1392   (10)    6 :  0.016 0.008 0.667 0.055 0.019 0.022 0.053 0.113 0.041 0.007 
383 NS_SS1445    (0)    6 :  0.007 0.005 0.006 0.027 0.011 0.007 0.134 0.004 0.005 0.794 
384 NS_SS1423    (0)    6 :  0.002 0.080 0.141 0.005 0.039 0.007 0.014 0.015 0.672 0.025 
385 NS_SS1421    (9)    6 :  0.091 0.009 0.011 0.212 0.051 0.322 0.024 0.012 0.259 0.009 
386 NS_SS1411    (6)    6 :  0.002 0.004 0.008 0.022 0.013 0.009 0.014 0.014 0.890 0.025 
387 NS_SS1453    (6)    6 :  0.005 0.033 0.031 0.246 0.203 0.036 0.274 0.056 0.038 0.078 
388 NS_SS1442    (3)    6 :  0.005 0.018 0.012 0.009 0.020 0.008 0.358 0.104 0.415 0.051 
389 NS_SS1422    (1)    6 :  0.012 0.822 0.080 0.013 0.008 0.014 0.020 0.006 0.007 0.018 
390 NS_SS1419    (1)    6 :  0.169 0.676 0.013 0.029 0.010 0.044 0.006 0.030 0.015 0.008 
391 NS_SS1427    (0)    6 :  0.002 0.004 0.855 0.005 0.011 0.012 0.038 0.005 0.036 0.033 
392 NS_SS1444    (4)    6 :  0.003 0.019 0.075 0.381 0.415 0.011 0.011 0.046 0.008 0.032 
393 NS_SS1455    (0)    6 :  0.001 0.171 0.010 0.006 0.068 0.015 0.012 0.673 0.037 0.004 
394 NS_SS1425    (2)    6 :  0.001 0.006 0.008 0.016 0.004 0.004 0.014 0.005 0.936 0.007 
395 NS_SS1400    (0)    6 :  0.001 0.031 0.004 0.008 0.010 0.008 0.006 0.015 0.884 0.031 
396 NS_SS1406    (2)    6 :  0.010 0.865 0.010 0.007 0.043 0.021 0.010 0.010 0.004 0.019 
397 NS_SS1417    (6)    6 :  0.009 0.064 0.017 0.013 0.008 0.016 0.012 0.748 0.099 0.014 
398 NS_SS1454    (3)    6 :  0.001 0.010 0.007 0.008 0.016 0.717 0.018 0.006 0.209 0.008 
399 NS_SS1412    (1)    6 :  0.029 0.014 0.015 0.281 0.128 0.009 0.095 0.309 0.093 0.027 
400 NS_SS1438    (1)    6 :  0.001 0.045 0.741 0.032 0.010 0.017 0.043 0.036 0.059 0.017 
401 NS_SS1416    (4)    6 :  0.010 0.324 0.035 0.054 0.056 0.383 0.099 0.017 0.009 0.012 
