   NS_SS0963  1 0.0206 0.0062 0.7755 0.0134 0.0048 0.0049 0.0662 0.1084 
   NS_SS0983  1 0.1072 0.4743 0.0284 0.0253 0.0041 0.0039 0.3461 0.0107 
   NS_SS0719  1 0.0376 0.0396 0.8113 0.0341 0.0045 0.0406 0.0248 0.0075 
   NS_SS1001  1 0.7495 0.0244 0.0136 0.0478 0.0063 0.1394 0.0134 0.0056 
   NS_SS0936  1 0.0553 0.0127 0.0480 0.0137 0.0027 0.3224 0.0170 0.5281 
   NS_SS0955  1 0.3494 0.2087 0.1756 0.0791 0.0044 0.0088 0.1191 0.0549 
   NS_SS0944  1 0.1709 0.0101 0.0433 0.6958 0.0013 0.0117 0.0127 0.0543 
   NS_SS0945  1 0.0505 0.1575 0.0215 0.4322 0.0092 0.2576 0.0221 0.0492 
   NS_SS0922  1 0.0119 0.0192 0.8328 0.0088 0.0228 0.0699 0.0145 0.0201 
   NS_SS0929  1 0.0129 0.6089 0.0225 0.0332 0.0037 0.0255 0.0218 0.2714 
   NS_SS0956  1 0.0109 0.0341 0.3431 0.0403 0.0029 0.3846 0.1644 0.0196 
   NS_SS0906  1 0.0076 0.0695 0.2343 0.0157 0.0035 0.0342 0.1852 0.4501 
   NS_SS0721  1 0.0092 0.0409 0.1379 0.0089 0.0036 0.0092 0.7846 0.0056 
   NS_SS0982  1 0.0134 0.0404 0.2943 0.0195 0.0211 0.0462 0.1892 0.3759 
   NS_SS0923  1 0.0120 0.0295 0.7176 0.0278 0.0048 0.0584 0.0567 0.0933 
   NS_SS0905  1 0.0137 0.0888 0.4033 0.0371 0.0016 0.1852 0.2220 0.0482 
   NS_SS0925  1 0.7138 0.0143 0.0982 0.0068 0.0049 0.0117 0.0427 0.1077 
   NS_SS0947  1 0.0988 0.0982 0.1996 0.0199 0.0046 0.0209 0.0102 0.5478 
   NS_SS0926  1 0.0338 0.2114 0.0232 0.6540 0.0014 0.0472 0.0139 0.0152 
   NS_SS0918  1 0.0109 0.0152 0.0487 0.4452 0.0027 0.0539 0.1716 0.2518 
   NS_SS0966  1 0.0317 0.0071 0.0340 0.0296 0.0460 0.0176 0.0118 0.8223 
   NS_SS0938  1 0.7625 0.0167 0.0212 0.0142 0.0013 0.1497 0.0209 0.0135 
   NS_SS0917  1 0.2724 0.0562 0.4127 0.0118 0.0384 0.1205 0.0828 0.0052 
   NS_SS0957  1 0.0130 0.0312 0.0286 0.0387 0.0074 0.6437 0.0161 0.2212 
   NS_SS0987  1 0.0089 0.0150 0.0067 0.0205 0.2438 0.6728 0.0177 0.0146 
   NS_SS0717  1 0.0450 0.0531 0.0173 0.0311 0.0031 0.6566 0.0121 0.1818 
   NS_SS0986  1 0.1540 0.5083 0.0645 0.1188 0.0045 0.1045 0.0211 0.0243 
   NS_SS0953  1 0.0115 0.0246 0.0123 0.0162 0.0138 0.0187 0.0156 0.8874 
   NS_SS0907  1 0.0123 0.0311 0.0264 0.0265 0.0350 0.0203 0.4004 0.4480 
   NS_SS0974  1 0.6441 0.1710 0.0154 0.0702 0.0034 0.0384 0.0364 0.0212 
   NS_SS0989  1 0.1547 0.6219 0.0437 0.0710 0.0011 0.0202 0.0258 0.0616 
   NS_SS0991  1 0.0303 0.0303 0.0133 0.1645 0.0024 0.0040 0.7392 0.0160 
   NS_SS0994  1 0.0201 0.7202 0.0109 0.2063 0.0020 0.0209 0.0111 0.0084 
   NS_SS0931  1 0.0410 0.0087 0.0347 0.8204 0.0115 0.0124 0.0613 0.0101 
   NS_SS1000  1 0.0899 0.0100 0.1047 0.0239 0.0051 0.0681 0.0397 0.6586 
   NS_SS0919  1 0.0158 0.0192 0.6278 0.1781 0.0026 0.0089 0.0642 0.0833 
   NS_SS0949  1 0.5811 0.0258 0.0109 0.2805 0.0015 0.0068 0.0883 0.0052 
   NS_SS0960  1 0.0109 0.2910 0.1599 0.4034 0.0077 0.0625 0.0291 0.0356 
   NS_SS0716  1 0.0056 0.0053 0.0037 0.0064 0.0060 0.9622 0.0058 0.0051 
   NS_SS0924  1 0.0513 0.0306 0.4959 0.1447 0.0274 0.0171 0.1306 0.1024 
   NS_SS0935  1 0.0122 0.0086 0.0467 0.6185 0.0106 0.0174 0.2641 0.0219 
   NS_SS0952  1 0.0286 0.1102 0.1006 0.6139 0.0407 0.0214 0.0255 0.0590 
   NS_SS0962  1 0.1226 0.0450 0.0682 0.0408 0.0067 0.3948 0.1316 0.1902 
   NS_SS0973  1 0.1037 0.0097 0.0112 0.0071 0.0032 0.0060 0.8390 0.0199 
   NS_SS0722  1 0.0733 0.0289 0.0309 0.0076 0.0028 0.7572 0.0778 0.0214 
   NS_SS0979  1 0.0366 0.0090 0.0198 0.0074 0.0025 0.8300 0.0465 0.0482 
   NS_SS0993  1 0.8478 0.0089 0.0102 0.0050 0.0137 0.0239 0.0657 0.0248 
   NS_SS0958  1 0.0180 0.0237 0.0394 0.7692 0.0031 0.0758 0.0129 0.0579 
   NS_SS0988  1 0.0873 0.2506 0.0545 0.0173 0.0049 0.0336 0.0414 0.5104 
   NS_SS1003  1 0.1177 0.0053 0.8068 0.0109 0.0088 0.0100 0.0211 0.0194 
   NS_SS0976  1 0.0471 0.0090 0.0432 0.7543 0.0021 0.0111 0.0381 0.0951 
   NS_SS0964  1 0.0433 0.0146 0.0842 0.0143 0.0027 0.4944 0.2949 0.0516 
   NS_SS0939  1 0.0187 0.0034 0.0124 0.0065 0.0041 0.9409 0.0107 0.0033 
   NS_SS0990  1 0.0427 0.2570 0.0235 0.0106 0.0034 0.6402 0.0089 0.0136 
   NS_SS0984  1 0.0165 0.0139 0.0168 0.0037 0.0026 0.9324 0.0053 0.0088 
   NS_SS0980  1 0.0128 0.1806 0.2462 0.0222 0.0020 0.0377 0.0332 0.4652 
   NS_SS0978  1 0.0086 0.0072 0.7555 0.0094 0.0032 0.0401 0.0489 0.1271 
   NS_SS0951  1 0.0114 0.8611 0.0104 0.0425 0.0031 0.0213 0.0276 0.0224 
   NS_SS0913  1 0.0440 0.2621 0.0205 0.0260 0.0480 0.5514 0.0233 0.0247 
   NS_SS1002  1 0.0120 0.0136 0.0140 0.0055 0.0401 0.0196 0.0106 0.8847 
   NS_SS0948  1 0.0330 0.0894 0.0113 0.0650 0.0522 0.1653 0.2297 0.3542 
   NS_SS0916  1 0.2390 0.0519 0.4892 0.0343 0.0046 0.0192 0.1131 0.0486 
   NS_SS0995  1 0.0569 0.3914 0.2758 0.0082 0.0039 0.1383 0.0813 0.0442 
   NS_SS0927  1 0.0513 0.1956 0.6247 0.0142 0.0073 0.0356 0.0556 0.0157 
   NS_SS0992  1 0.0397 0.2905 0.1523 0.0149 0.0031 0.0130 0.3496 0.1369 
   NS_SS0912  1 0.0113 0.0591 0.0170 0.5478 0.0030 0.0209 0.3105 0.0303 
   NS_SS0981  1 0.0151 0.0173 0.1142 0.0215 0.0039 0.0584 0.4603 0.3094 
   NS_SS0729  2 0.3925 0.5084 0.0088 0.0268 0.0034 0.0049 0.0165 0.0386 
   NS_SS0967  2 0.3895 0.0077 0.2236 0.0681 0.0146 0.0679 0.0470 0.1817 
   NS_SS0941  2 0.6743 0.0401 0.0452 0.0141 0.0994 0.0964 0.0179 0.0125 
   NS_SS0768  2 0.0182 0.0791 0.0224 0.0428 0.0052 0.0601 0.0087 0.7635 
   NS_SS0726  2 0.8029 0.0146 0.1329 0.0134 0.0075 0.0069 0.0099 0.0120 
   NS_SS0763  2 0.5819 0.1195 0.0529 0.0987 0.0028 0.0412 0.0573 0.0458 
   NS_SS0730  2 0.0153 0.1019 0.1399 0.0383 0.0040 0.5945 0.0149 0.0911 
   NS_SS0774  2 0.0089 0.0145 0.0589 0.0044 0.0008 0.5429 0.0240 0.3455 
   NS_SS0723  2 0.0124 0.0422 0.6958 0.0061 0.0015 0.1022 0.0305 0.1094 
   NS_SS0940  2 0.6394 0.0258 0.1135 0.0660 0.0073 0.0738 0.0655 0.0087 
   NS_SS0762  2 0.0119 0.0147 0.0437 0.0060 0.0030 0.8619 0.0132 0.0457 
   NS_SS0766  2 0.0337 0.0959 0.1270 0.1162 0.0182 0.5047 0.0941 0.0101 
   NS_SS0724  2 0.2003 0.0131 0.1387 0.0459 0.0052 0.0286 0.0324 0.5359 
   NS_SS0769  2 0.0158 0.1372 0.1995 0.0135 0.0037 0.1514 0.0134 0.4655 
   NS_SS0777  2 0.0096 0.0073 0.0086 0.0613 0.0120 0.0148 0.8771 0.0094 
   NS_SS0734  2 0.0719 0.0515 0.2885 0.2408 0.0335 0.1923 0.1108 0.0106 
   NS_SS0737  2 0.3657 0.0100 0.4209 0.0065 0.0046 0.1642 0.0106 0.0175 
   NS_SS0732  2 0.0053 0.0057 0.0209 0.0062 0.0043 0.0180 0.8942 0.0453 
   NS_SS0728  2 0.0854 0.2113 0.6063 0.0116 0.0077 0.0326 0.0280 0.0172 
   NS_SS0735  2 0.5245 0.0256 0.0465 0.0122 0.0093 0.0246 0.2394 0.1178 
   NS_SS0725  2 0.7553 0.0160 0.1067 0.0157 0.0093 0.0512 0.0129 0.0328 
   NS_SS0788  2 0.0209 0.0491 0.7357 0.0126 0.0016 0.0652 0.0303 0.0846 
   NS_SS0778  2 0.0118 0.0205 0.6193 0.0196 0.0015 0.1416 0.1674 0.0183 
   NS_SS0792  2 0.0189 0.4681 0.4279 0.0144 0.0054 0.0162 0.0162 0.0328 
   NS_SS0943  2 0.4191 0.1165 0.0313 0.1901 0.0074 0.0067 0.1987 0.0303 
   NS_SS0791  2 0.0350 0.0135 0.8486 0.0241 0.0150 0.0222 0.0362 0.0054 
   NS_SS0790  2 0.0085 0.0154 0.0047 0.0039 0.0031 0.0296 0.0108 0.9240 
   NS_SS0731  2 0.6934 0.0161 0.0105 0.0243 0.0121 0.2071 0.0287 0.0078 
   NS_SS0727  2 0.6609 0.0907 0.0225 0.0999 0.0024 0.0947 0.0230 0.0059 
   NS_SS0779  2 0.0278 0.0105 0.0963 0.0099 0.0064 0.0269 0.8146 0.0076 
   NS_SS0776  2 0.0109 0.0075 0.0193 0.0294 0.0049 0.0234 0.8709 0.0337 
   NS_SS0775  2 0.0064 0.0097 0.0092 0.0043 0.0058 0.9503 0.0044 0.0099 
   NS_SS0965  3 0.0100 0.0311 0.5310 0.0505 0.0016 0.0537 0.2435 0.0785 
   NS_SS0754  3 0.0410 0.0997 0.5164 0.1431 0.0141 0.0290 0.1201 0.0366 
   NS_SS0838  3 0.6931 0.1044 0.0310 0.0263 0.0387 0.0150 0.0620 0.0296 
   NS_SS0839  3 0.0404 0.0248 0.0141 0.0078 0.0034 0.2596 0.0087 0.6412 
   NS_SS0832  3 0.0137 0.0195 0.5060 0.0079 0.0515 0.1089 0.1303 0.1623 
   NS_SS0820  3 0.0178 0.0081 0.9296 0.0054 0.0060 0.0130 0.0111 0.0092 
   NS_SS0886  3 0.0208 0.3841 0.2791 0.0562 0.0020 0.0338 0.1855 0.0385 
   NS_SS0748  3 0.0417 0.0191 0.0227 0.3913 0.0120 0.1066 0.3117 0.0949 
   NS_SS0884  3 0.0253 0.0604 0.6187 0.0158 0.0228 0.0253 0.0374 0.1943 
   NS_SS0752  3 0.1165 0.0421 0.0167 0.0117 0.0016 0.0975 0.6614 0.0525 
   NS_SS0862  3 0.0177 0.0332 0.3515 0.0065 0.0035 0.0247 0.3576 0.2054 
   NS_SS0787  3 0.0073 0.6202 0.0149 0.3189 0.0054 0.0092 0.0119 0.0124 
   NS_SS0843  3 0.1177 0.0435 0.0135 0.0088 0.0018 0.0314 0.7417 0.0415 
   NS_SS0856  3 0.1762 0.2581 0.2253 0.0235 0.0050 0.0930 0.1614 0.0577 
   NS_SS0846  3 0.0211 0.1867 0.1523 0.0245 0.0041 0.0136 0.0198 0.5779 
   NS_SS0825  3 0.1386 0.1341 0.2683 0.0345 0.0117 0.2084 0.1354 0.0688 
   NS_SS0757  3 0.0178 0.0159 0.0158 0.0185 0.0031 0.0153 0.9018 0.0117 
   NS_SS0876  3 0.0837 0.0196 0.0364 0.0167 0.2268 0.0118 0.3430 0.2620 
   NS_SS0903  3 0.0169 0.0528 0.0130 0.0056 0.0028 0.0101 0.0088 0.8899 
   NS_SS0875  3 0.0259 0.0583 0.0285 0.0128 0.0036 0.8288 0.0114 0.0307 
   NS_SS0740  3 0.1605 0.0080 0.0135 0.0097 0.0030 0.0120 0.7781 0.0154 
   NS_SS0811  3 0.0092 0.0116 0.0082 0.0115 0.0080 0.1644 0.7210 0.0661 
   NS_SS0751  3 0.1683 0.0073 0.0533 0.2163 0.0019 0.4365 0.0912 0.0251 
   NS_SS0891  3 0.3168 0.0618 0.0897 0.0108 0.0095 0.2747 0.0104 0.2264 
   NS_SS0867  3 0.0464 0.5372 0.0949 0.0281 0.0254 0.0139 0.0436 0.2105 
   NS_SS0890  3 0.1291 0.0094 0.6038 0.0198 0.0038 0.1960 0.0224 0.0156 
   NS_SS0866  3 0.0060 0.9215 0.0143 0.0255 0.0054 0.0058 0.0167 0.0047 
   NS_SS0755  3 0.0504 0.0555 0.6690 0.0274 0.0074 0.1292 0.0349 0.0262 
   NS_SS0758  3 0.3150 0.2256 0.2832 0.0364 0.0021 0.0183 0.0289 0.0905 
   NS_SS0840  3 0.4404 0.0724 0.0931 0.0078 0.0024 0.0847 0.0431 0.2561 
   NS_SS0889  3 0.0136 0.3063 0.0233 0.1963 0.0028 0.0241 0.3411 0.0926 
   NS_SS1010  3 0.0146 0.0567 0.0536 0.0294 0.0392 0.0622 0.0096 0.7347 
   NS_SS0888  3 0.0145 0.2166 0.0879 0.0339 0.0015 0.0093 0.6264 0.0098 
   NS_SS0837  3 0.0125 0.0113 0.0316 0.0185 0.0029 0.0300 0.8436 0.0497 
   NS_SS0794  3 0.0113 0.2981 0.0097 0.6312 0.0018 0.0248 0.0100 0.0130 
   NS_SS0823  3 0.0561 0.0832 0.0807 0.0071 0.0043 0.0160 0.0486 0.7039 
   NS_SS0829  3 0.0036 0.8703 0.0085 0.0123 0.0695 0.0036 0.0216 0.0107 
   NS_SS0844  3 0.0077 0.0082 0.0094 0.0029 0.0016 0.0048 0.0055 0.9599 
   NS_SS1008  3 0.0841 0.0454 0.0239 0.2370 0.0131 0.4219 0.1538 0.0208 
   NS_SS0881  3 0.0060 0.0283 0.3139 0.0359 0.0024 0.5844 0.0188 0.0103 
   NS_SS0834  3 0.7411 0.0290 0.0143 0.0076 0.0071 0.0130 0.0096 0.1783 
   NS_SS0744  3 0.0496 0.0790 0.6846 0.0100 0.0074 0.0089 0.1003 0.0602 
   NS_SS0899  3 0.0127 0.0147 0.0091 0.0040 0.0018 0.1198 0.1236 0.7142 
   NS_SS0804  3 0.0300 0.0065 0.0846 0.0052 0.0060 0.1432 0.0386 0.6858 
   NS_SS0781  3 0.0224 0.0195 0.0729 0.0063 0.0035 0.0773 0.0219 0.7763 
   NS_SS0822  3 0.1542 0.0123 0.0186 0.0493 0.0023 0.0098 0.7283 0.0253 
   NS_SS1004  3 0.0220 0.0067 0.0835 0.0250 0.0038 0.0073 0.7685 0.0832 
   NS_SS0746  3 0.3615 0.1702 0.0227 0.0567 0.0161 0.0668 0.1945 0.1116 
   NS_SS0880  3 0.1947 0.0156 0.2491 0.1085 0.0018 0.2151 0.1575 0.0577 
   NS_SS0879  3 0.0217 0.5613 0.0390 0.0095 0.0144 0.0845 0.0245 0.2451 
   NS_SS0753  3 0.0092 0.2467 0.0320 0.0199 0.0103 0.0133 0.6154 0.0531 
   NS_SS1007  3 0.1628 0.0858 0.4979 0.0142 0.0017 0.1795 0.0524 0.0056 
   NS_SS0872  3 0.0678 0.0212 0.0391 0.0148 0.0024 0.1337 0.1115 0.6096 
   NS_SS1005  3 0.1122 0.0615 0.1019 0.0232 0.0013 0.0420 0.0603 0.5977 
   NS_SS0892  3 0.0293 0.0086 0.5295 0.0739 0.0026 0.2036 0.1094 0.0432 
   NS_SS0898  3 0.0070 0.0135 0.0363 0.7826 0.0074 0.1281 0.0105 0.0146 
   NS_SS0801  3 0.0394 0.0764 0.2839 0.0108 0.0109 0.0191 0.0864 0.4731 
   NS_SS0827  3 0.0063 0.0620 0.0293 0.2847 0.1341 0.3691 0.0823 0.0322 
   NS_SS0853  3 0.0047 0.2562 0.0227 0.0136 0.0058 0.3351 0.0438 0.3181 
   NS_SS0780  3 0.0354 0.0352 0.8275 0.0065 0.0042 0.0127 0.0296 0.0489 
   NS_SS0826  3 0.0279 0.0466 0.0097 0.0625 0.0029 0.0087 0.0137 0.8280 
   NS_SS0818  3 0.0133 0.0384 0.8439 0.0082 0.0014 0.0254 0.0083 0.0611 
   NS_SS0745  3 0.0080 0.0037 0.0095 0.0111 0.0015 0.9299 0.0278 0.0086 
   NS_SS0849  3 0.0040 0.0072 0.0132 0.0086 0.0012 0.0118 0.9455 0.0085 
   NS_SS0739  3 0.1147 0.0126 0.4405 0.0406 0.0153 0.2184 0.1480 0.0100 
   NS_SS0799  3 0.2229 0.1709 0.0386 0.0634 0.0010 0.0304 0.4620 0.0108 
   NS_SS0756  3 0.0044 0.0133 0.0138 0.0075 0.0045 0.0123 0.0115 0.9327 
   NS_SS0802  3 0.6265 0.0114 0.0948 0.0169 0.1924 0.0127 0.0360 0.0093 
   NS_SS0747  3 0.0266 0.0136 0.2976 0.0119 0.0061 0.0390 0.4000 0.2053 
   NS_SS0835  3 0.0061 0.9133 0.0252 0.0195 0.0016 0.0139 0.0072 0.0131 
   NS_SS0742  3 0.4394 0.0192 0.1821 0.0188 0.0012 0.1166 0.1311 0.0915 
   NS_SS0760  3 0.0089 0.0863 0.0132 0.7962 0.0513 0.0079 0.0135 0.0226 
   NS_SS0803  3 0.0073 0.0087 0.0075 0.0046 0.0063 0.0048 0.0067 0.9541 
   NS_SS0828  3 0.0122 0.0152 0.2576 0.3470 0.0010 0.1560 0.1743 0.0367 
   NS_SS0865  3 0.0097 0.0222 0.8203 0.0280 0.0252 0.0094 0.0601 0.0252 
   NS_SS0759  3 0.0087 0.0126 0.6116 0.0111 0.0055 0.0537 0.2496 0.0472 
   NS_SS0851  3 0.0089 0.0524 0.0899 0.0118 0.0181 0.7824 0.0231 0.0135 
   NS_SS0874  3 0.0613 0.0147 0.0056 0.0060 0.0018 0.0139 0.0125 0.8843 
   NS_SS0761  3 0.0306 0.2991 0.0273 0.5600 0.0035 0.0122 0.0321 0.0351 
   NS_SS0842  3 0.0182 0.1653 0.0163 0.0377 0.0065 0.7115 0.0067 0.0380 
   NS_SS0785  3 0.0278 0.1992 0.3526 0.0962 0.0063 0.0198 0.2321 0.0660 
   NS_SS0860  3 0.0074 0.8936 0.0661 0.0040 0.0019 0.0055 0.0086 0.0129 
   NS_SS0897  3 0.0097 0.0202 0.0115 0.9255 0.0022 0.0052 0.0157 0.0100 
   NS_SS0841  3 0.0253 0.0789 0.3046 0.0580 0.0055 0.3212 0.0676 0.1389 
   NS_SS0797  3 0.0132 0.0164 0.0509 0.8099 0.0257 0.0393 0.0294 0.0152 
   NS_SS0830  3 0.0298 0.0923 0.0771 0.0519 0.0027 0.1966 0.4162 0.1333 
   NS_SS1011  3 0.0327 0.0992 0.2249 0.0074 0.0059 0.0117 0.0171 0.6010 
   NS_SS0883  3 0.0107 0.1645 0.1025 0.0101 0.0067 0.0673 0.6222 0.0159 
   NS_SS0782  3 0.0178 0.9437 0.0088 0.0080 0.0021 0.0071 0.0077 0.0049 
   NS_SS0831  3 0.0086 0.9447 0.0071 0.0067 0.0019 0.0081 0.0146 0.0083 
   NS_SS0749  3 0.0209 0.0187 0.5723 0.0162 0.0034 0.0294 0.3253 0.0138 
   NS_SS0854  3 0.8991 0.0177 0.0187 0.0219 0.0036 0.0116 0.0169 0.0103 
   HI_SS0193  4 0.1200 0.0067 0.0111 0.8256 0.0014 0.0097 0.0147 0.0109 
   HI_SS0194  4 0.9440 0.0049 0.0064 0.0072 0.0018 0.0111 0.0051 0.0195 
   HI_SS0195  4 0.1645 0.0678 0.5569 0.0135 0.1128 0.0452 0.0287 0.0108 
   HI_SS0196  4 0.6308 0.1173 0.0272 0.0381 0.0025 0.0226 0.1388 0.0227 
   HI_SS0197  4 0.0188 0.0220 0.8504 0.0059 0.0131 0.0532 0.0081 0.0286 
   HI_SS0198  4 0.0159 0.0476 0.1454 0.0350 0.0090 0.0319 0.6948 0.0204 
   HI_SS0199  4 0.0116 0.5943 0.0932 0.0133 0.0027 0.0105 0.2596 0.0146 
   HI_SS0201  4 0.0220 0.0431 0.1026 0.7511 0.0022 0.0063 0.0517 0.0211 
   HI_SS0215  4 0.0112 0.8818 0.0289 0.0311 0.0034 0.0066 0.0168 0.0202 
   HI_SS0218  4 0.0232 0.0352 0.0183 0.8723 0.0075 0.0179 0.0152 0.0103 
   HI_SS0222  4 0.0408 0.6708 0.1439 0.0274 0.0060 0.0503 0.0332 0.0276 
   HI_SS0230  4 0.0203 0.0153 0.1208 0.0137 0.0058 0.0480 0.6271 0.1490 
   HI_SS0234  4 0.0910 0.0195 0.1712 0.0158 0.1484 0.0217 0.0095 0.5230 
   HI_SS0240  4 0.0322 0.0126 0.8476 0.0068 0.0063 0.0389 0.0468 0.0087 
   HI_SS0241  4 0.0271 0.0938 0.6995 0.0858 0.0021 0.0303 0.0517 0.0098 
   HI_SS0242  4 0.0470 0.0444 0.5325 0.0785 0.0034 0.0959 0.1702 0.0281 
   HI_SS0247  4 0.0061 0.0036 0.0130 0.0060 0.0188 0.0070 0.0306 0.9149 
   HI_SS0248  4 0.0847 0.0239 0.0092 0.7697 0.0008 0.0248 0.0753 0.0115 
   HI_SS0252  4 0.8024 0.0760 0.0138 0.0095 0.0019 0.0132 0.0548 0.0284 
   HI_SS0254  4 0.0539 0.0354 0.2277 0.4378 0.0922 0.0480 0.0343 0.0707 
   HI_SS0256  4 0.0073 0.0028 0.0144 0.0045 0.0017 0.0111 0.0088 0.9493 
   HI_SS0257  4 0.1538 0.3566 0.2656 0.0676 0.0025 0.0224 0.0377 0.0939 
   HI_SS0258  4 0.0099 0.0900 0.0537 0.7328 0.0047 0.0178 0.0734 0.0177 
   HI_SS0259  4 0.1217 0.0203 0.6786 0.0215 0.0036 0.0947 0.0265 0.0332 
   HI_SS0260  4 0.0278 0.2037 0.0211 0.2079 0.0018 0.3916 0.1204 0.0258 
   HI_SS0261  4 0.1333 0.2422 0.2468 0.1070 0.0029 0.0498 0.1575 0.0605 
   HI_SS0262  4 0.0257 0.1555 0.7093 0.0083 0.0049 0.0336 0.0353 0.0274 
   HI_SS0264  4 0.0271 0.0191 0.1463 0.0635 0.0048 0.2075 0.0200 0.5117 
   HI_SS0265  4 0.0386 0.0250 0.1764 0.0182 0.1131 0.5578 0.0149 0.0560 
   HI_SS0268  4 0.0127 0.0075 0.0879 0.7303 0.0038 0.0799 0.0115 0.0664 
   HI_SS0269  4 0.6694 0.0901 0.0770 0.1054 0.0023 0.0055 0.0353 0.0149 
   HI_SS0273  4 0.0072 0.0333 0.0311 0.8121 0.0018 0.0287 0.0425 0.0433 
   HI_SS0277  4 0.0071 0.0323 0.8748 0.0094 0.0026 0.0090 0.0087 0.0560 
   HI_SS0280  4 0.0550 0.3753 0.2127 0.0855 0.0065 0.1487 0.1052 0.0112 
   HI_SS0282  4 0.0567 0.0174 0.0183 0.0250 0.0013 0.0037 0.8690 0.0088 
   HI_SS0286  4 0.6333 0.1945 0.0800 0.0411 0.0075 0.0147 0.0133 0.0157 
   NS_SS1252  5 0.0045 0.9552 0.0031 0.0088 0.0036 0.0063 0.0146 0.0039 
   NS_SS1261  5 0.0629 0.2003 0.0326 0.0356 0.0233 0.0934 0.0911 0.4608 
   NS_SS1225  5 0.0083 0.0249 0.0103 0.0116 0.0635 0.0057 0.0934 0.7825 
   NS_SS1266  5 0.0484 0.0070 0.1181 0.0067 0.0081 0.0125 0.0687 0.7305 
   NS_SS1228  5 0.0577 0.0108 0.1224 0.0607 0.0212 0.4911 0.1725 0.0636 
   NS_SS1255  5 0.1049 0.5226 0.0052 0.0226 0.0015 0.2931 0.0098 0.0402 
   NS_SS1267  5 0.0094 0.8129 0.0167 0.1174 0.0108 0.0117 0.0147 0.0064 
   NS_SS1238  5 0.0697 0.0059 0.0085 0.8585 0.0025 0.0270 0.0122 0.0156 
   NS_SS1233  5 0.0084 0.0061 0.0057 0.3270 0.0023 0.0381 0.2386 0.3738 
   NS_SS1277  5 0.0089 0.0091 0.0099 0.8372 0.0011 0.0763 0.0521 0.0053 
   NS_SS1245  5 0.9143 0.0153 0.0072 0.0216 0.0014 0.0110 0.0166 0.0125 
   NS_SS1240  5 0.5318 0.0999 0.0118 0.3331 0.0018 0.0058 0.0085 0.0075 
   NS_SS1275  5 0.1376 0.0216 0.6854 0.0057 0.0023 0.0905 0.0125 0.0443 
   NS_SS1235  5 0.9368 0.0046 0.0101 0.0106 0.0053 0.0046 0.0045 0.0236 
   NS_SS1263  5 0.0421 0.0170 0.0064 0.0102 0.0014 0.1232 0.0810 0.7187 
   NS_SS1251  5 0.0120 0.0490 0.0177 0.0086 0.0015 0.0405 0.0102 0.8606 
   NS_SS1248  5 0.0048 0.0207 0.0058 0.3949 0.1079 0.1184 0.3254 0.0219 
   NS_SS1244  5 0.0328 0.0034 0.3261 0.4371 0.0056 0.0083 0.0186 0.1681 
   NS_SS1257  5 0.0582 0.1984 0.0892 0.1736 0.0326 0.0156 0.3275 0.1049 
   NS_SS1242  5 0.0784 0.0139 0.0165 0.0232 0.0028 0.7706 0.0205 0.0740 
   NS_SS1271  5 0.0211 0.0534 0.0420 0.7669 0.0341 0.0629 0.0124 0.0073 
   NS_SS1265  5 0.0173 0.6992 0.0091 0.0629 0.0193 0.0241 0.1190 0.0491 
   NS_SS1243  5 0.0143 0.0088 0.0078 0.0146 0.0590 0.0150 0.8729 0.0077 
   NS_SS1273  5 0.0047 0.0076 0.0122 0.0085 0.0107 0.9236 0.0069 0.0259 
   NS_SS1254  5 0.0240 0.4602 0.0121 0.0092 0.0057 0.2543 0.0121 0.2225 
   NS_SS1224  5 0.0613 0.3099 0.0529 0.0069 0.0087 0.0595 0.0743 0.4265 
   NS_SS1227  5 0.0390 0.0086 0.1860 0.0560 0.0018 0.6821 0.0223 0.0041 
   NS_SS1274  5 0.0691 0.0247 0.0213 0.2397 0.0182 0.0554 0.2705 0.3011 
   NS_SS1241  5 0.0410 0.0070 0.0296 0.7501 0.0012 0.0223 0.1177 0.0312 
   NS_SS1256  5 0.0466 0.2541 0.1545 0.1890 0.0433 0.0285 0.0202 0.2638 
   NS_SS1260  5 0.0132 0.5785 0.1616 0.0149 0.0589 0.0146 0.1399 0.0184 
   NS_SS1262  5 0.0221 0.0989 0.0476 0.0038 0.1645 0.0066 0.0315 0.6249 
   NS_SS1230  5 0.0080 0.0249 0.0162 0.2836 0.0072 0.0486 0.5879 0.0236 
   NS_SS1270  5 0.0254 0.0187 0.0060 0.0193 0.0020 0.0082 0.9068 0.0137 
   NS_SS1229  5 0.9232 0.0115 0.0119 0.0063 0.0033 0.0080 0.0070 0.0287 
   NS_SS1246  5 0.8482 0.0917 0.0084 0.0188 0.0027 0.0170 0.0042 0.0090 
   NS_SS1269  5 0.0188 0.1630 0.6506 0.0637 0.0022 0.0288 0.0558 0.0170 
   NS_SS1239  5 0.2434 0.0504 0.0481 0.0093 0.0050 0.0606 0.5726 0.0106 
   NS_SS1272  5 0.4407 0.1484 0.0818 0.0159 0.0070 0.0150 0.0133 0.2779 
   NS_SS1268  5 0.0099 0.0071 0.0454 0.0126 0.0020 0.0999 0.7541 0.0690 
   NS_SS1249  5 0.2844 0.2893 0.0159 0.3293 0.0117 0.0125 0.0209 0.0360 
   HI_SS0559  6 0.0078 0.0076 0.0095 0.0092 0.0015 0.0128 0.9420 0.0096 
   HI_SS0563  6 0.0232 0.5616 0.0317 0.0893 0.0031 0.0162 0.0077 0.2671 
   HI_SS0564  6 0.0480 0.0542 0.7080 0.0299 0.0620 0.0149 0.0560 0.0270 
   HI_SS0565  6 0.2101 0.3496 0.2140 0.0190 0.0028 0.1334 0.0216 0.0496 
   HI_SS0569  6 0.0261 0.0757 0.0335 0.4370 0.0027 0.0051 0.3811 0.0390 
   HI_SS0570  6 0.5529 0.0100 0.0076 0.3732 0.0315 0.0078 0.0089 0.0080 
   HI_SS0572  6 0.9147 0.0154 0.0134 0.0038 0.0023 0.0283 0.0073 0.0146 
   HI_SS0576  6 0.0114 0.0122 0.0161 0.0355 0.0055 0.4351 0.4668 0.0174 
   HI_SS0579  6 0.2159 0.0556 0.0204 0.1947 0.0125 0.0062 0.4439 0.0508 
   HI_SS0580  6 0.0250 0.6964 0.1576 0.0187 0.0057 0.0597 0.0251 0.0119 
   HI_SS0581  6 0.0702 0.0059 0.3232 0.0079 0.0667 0.0298 0.4709 0.0253 
   HI_SS0583  6 0.0722 0.7204 0.0098 0.0274 0.0023 0.0639 0.0330 0.0710 
   HI_SS0586  6 0.0071 0.1392 0.0136 0.7795 0.0011 0.0182 0.0287 0.0126 
   HI_SS0588  6 0.0331 0.0344 0.0813 0.5757 0.0247 0.0147 0.1678 0.0683 
   HI_SS0595  6 0.0184 0.1035 0.2883 0.4413 0.0265 0.0830 0.0104 0.0286 
   HI_SS0596  6 0.2581 0.0078 0.0082 0.0058 0.0025 0.6855 0.0197 0.0124 
   HI_SS0597  6 0.7095 0.0192 0.0229 0.0171 0.0023 0.1169 0.0182 0.0939 
   HI_SS0600  6 0.0152 0.0344 0.8998 0.0203 0.0029 0.0060 0.0098 0.0116 
   HI_SS0601  6 0.0104 0.0058 0.0254 0.0145 0.0136 0.0070 0.1933 0.7298 
   HI_SS0602  6 0.0076 0.0386 0.1096 0.0133 0.0019 0.0185 0.7938 0.0167 
   HI_SS0604  6 0.5700 0.0577 0.0086 0.0228 0.0016 0.0531 0.2674 0.0188 
   HI_SS0605  6 0.0084 0.1094 0.8128 0.0056 0.0049 0.0090 0.0449 0.0050 
   HI_SS0608  6 0.0225 0.0229 0.0065 0.0372 0.0009 0.8301 0.0753 0.0046 
   HI_SS0609  6 0.0065 0.0204 0.0118 0.0467 0.0010 0.0125 0.0163 0.8849 
   HI_SS0611  6 0.0111 0.2862 0.0043 0.0091 0.0024 0.0113 0.6680 0.0075 
   HI_SS0612  6 0.0068 0.0772 0.2595 0.0203 0.0044 0.0065 0.0075 0.6179 
   HI_SS0613  6 0.0070 0.0248 0.0276 0.0077 0.0019 0.0296 0.8874 0.0140 
   HI_SS0615  6 0.1046 0.0093 0.3600 0.0181 0.0084 0.0936 0.3093 0.0967 
   HI_SS0001  6 0.2976 0.0601 0.3892 0.1721 0.0038 0.0188 0.0094 0.0491 
   HI_SS0002  6 0.0245 0.0416 0.1088 0.0123 0.0264 0.0207 0.0331 0.7325 
   HI_SS0004  6 0.4993 0.0738 0.0783 0.2565 0.0068 0.0516 0.0222 0.0115 
   HI_SS0005  6 0.0078 0.0091 0.0842 0.1581 0.0052 0.1167 0.5998 0.0191 
   HI_SS0006  6 0.0096 0.6440 0.0253 0.0296 0.0017 0.0060 0.0100 0.2738 
   HI_SS0007  6 0.0207 0.0981 0.0086 0.4126 0.0030 0.0133 0.4365 0.0071 
   HI_SS0008  6 0.0520 0.0122 0.3133 0.0232 0.0339 0.0421 0.5040 0.0193 
   HI_SS0009  6 0.1729 0.0202 0.2966 0.0581 0.0048 0.3819 0.0537 0.0119 
   HI_SS0010  6 0.0091 0.0270 0.0386 0.1951 0.0035 0.3628 0.3242 0.0397 
   HI_SS0011  6 0.0461 0.0170 0.0970 0.1961 0.1008 0.0367 0.1508 0.3556 
   HI_SS0012  6 0.0438 0.0189 0.3233 0.0061 0.0054 0.0219 0.0176 0.5630 
   HI_SS0017  6 0.8742 0.0040 0.0126 0.0176 0.0022 0.0647 0.0087 0.0160 
   HI_SS0021  6 0.0078 0.2735 0.0163 0.1248 0.2403 0.2551 0.0493 0.0329 
   HI_SS0024  6 0.1650 0.0115 0.0256 0.0384 0.0019 0.7197 0.0173 0.0207 
   HI_SS0025  6 0.0596 0.5191 0.0604 0.0091 0.0037 0.3093 0.0224 0.0164 
   HI_SS0027  6 0.0123 0.0366 0.0085 0.4936 0.0130 0.0078 0.4180 0.0102 
   HI_SS0028  6 0.0062 0.0061 0.0205 0.0138 0.0021 0.9135 0.0128 0.0250 
   HI_SS0029  6 0.0084 0.0263 0.0084 0.0074 0.0082 0.9228 0.0065 0.0119 
   HI_SS0030  6 0.8612 0.0269 0.0430 0.0324 0.0059 0.0102 0.0142 0.0063 
   HI_SS0031  6 0.0095 0.0091 0.8882 0.0351 0.0033 0.0208 0.0183 0.0157 
   HI_SS0034  6 0.5470 0.2084 0.1613 0.0322 0.0056 0.0078 0.0199 0.0178 
   HI_SS0036  6 0.0094 0.0093 0.7363 0.2029 0.0128 0.0143 0.0104 0.0046 
   HI_SS0037  6 0.0090 0.4489 0.0106 0.3373 0.0045 0.0600 0.1077 0.0221 
   HI_SS0039  6 0.0087 0.3434 0.0709 0.2110 0.0035 0.3019 0.0515 0.0090 
   HI_SS0041  6 0.3854 0.0804 0.0568 0.0060 0.0019 0.3281 0.1209 0.0205 
   HI_SS0042  6 0.0462 0.0191 0.0202 0.0081 0.1198 0.7543 0.0125 0.0197 
   HI_SS0043  6 0.0400 0.0356 0.0242 0.3186 0.0037 0.0076 0.5646 0.0058 
   HI_SS0044  6 0.0119 0.0052 0.0096 0.0351 0.0024 0.9237 0.0093 0.0029 
   HI_SS0047  6 0.3230 0.0149 0.0223 0.0074 0.0028 0.0108 0.6111 0.0076 
   HI_SS0049  6 0.0545 0.0087 0.0136 0.0297 0.0048 0.0736 0.8002 0.0149 
   HI_SS0051  6 0.0153 0.5557 0.0533 0.0133 0.0018 0.0163 0.3158 0.0286 
   HI_SS0053  6 0.0958 0.0164 0.0983 0.2350 0.0047 0.0108 0.5336 0.0053 
   HI_SS0054  6 0.0165 0.0155 0.0194 0.9020 0.0033 0.0058 0.0206 0.0169 
   HI_SS0057  6 0.0315 0.0716 0.0336 0.0224 0.0034 0.0320 0.7841 0.0213 
   HI_SS0058  6 0.0082 0.2270 0.0091 0.0155 0.0051 0.0161 0.0068 0.7124 
   HI_SS0060  6 0.0476 0.0064 0.3269 0.3857 0.0911 0.0223 0.0715 0.0486 
   HI_SS0087  6 0.0748 0.1919 0.1031 0.0844 0.0034 0.0117 0.1029 0.4278 
   HI_SS0091  6 0.0147 0.8713 0.0681 0.0117 0.0010 0.0036 0.0076 0.0220 
   HI_SS0095  6 0.4966 0.0213 0.3092 0.0040 0.0426 0.0088 0.0723 0.0451 
   HI_SS0097  6 0.0108 0.0140 0.0062 0.0076 0.0047 0.0065 0.0467 0.9034 
   HI_SS0099  6 0.0091 0.0101 0.0139 0.0070 0.0044 0.9387 0.0068 0.0101 
   HI_SS0103  6 0.5226 0.0802 0.1697 0.0062 0.0036 0.0262 0.0961 0.0954 
   HI_SS0105  6 0.1205 0.0767 0.6265 0.0347 0.0293 0.0047 0.0184 0.0893 
   HI_SS0107  6 0.9362 0.0079 0.0131 0.0045 0.0010 0.0211 0.0067 0.0096 
   HI_SS0108  6 0.0303 0.1295 0.0091 0.7593 0.0265 0.0086 0.0277 0.0089 
   HI_SS0110  6 0.0446 0.0381 0.8649 0.0094 0.0011 0.0119 0.0073 0.0227 
   HI_SS0111  6 0.0236 0.0975 0.3793 0.0166 0.0273 0.0775 0.1321 0.2461 
   HI_SS0112  6 0.0054 0.0062 0.0061 0.9634 0.0013 0.0073 0.0056 0.0048 
   HI_SS0113  6 0.7814 0.0307 0.0087 0.0070 0.0043 0.0477 0.0171 0.1031 
   HI_SS0114  6 0.0093 0.3729 0.3222 0.2329 0.0042 0.0201 0.0229 0.0155 
   HI_SS0115  6 0.0117 0.0162 0.3408 0.0300 0.0158 0.0400 0.5279 0.0175 
   HI_SS0116  6 0.0302 0.7547 0.0046 0.0241 0.0036 0.1608 0.0096 0.0124 
   HI_SS0117  6 0.1324 0.0410 0.1065 0.2801 0.0019 0.0043 0.0178 0.4160 
   HI_SS0118  6 0.0166 0.8729 0.0129 0.0140 0.0091 0.0377 0.0143 0.0225 
   HI_SS0119  6 0.0326 0.1030 0.3740 0.0258 0.0023 0.0092 0.0187 0.4344 
   HI_SS0120  6 0.9583 0.0048 0.0087 0.0053 0.0022 0.0085 0.0042 0.0081 
   HI_SS0121  6 0.0147 0.0334 0.0168 0.0111 0.0015 0.1452 0.0634 0.7138 
   HI_SS0122  6 0.0297 0.0800 0.3244 0.1204 0.0240 0.0998 0.1375 0.1841 
   HI_SS0123  6 0.0828 0.1308 0.5804 0.0078 0.0056 0.0391 0.0198 0.1336 
   HI_SS0124  6 0.0082 0.0085 0.0157 0.0086 0.0040 0.6731 0.2666 0.0153 
   HI_SS0125  6 0.0055 0.0066 0.9412 0.0051 0.0217 0.0095 0.0063 0.0041 
   HI_SS0126  6 0.0107 0.2282 0.0100 0.6519 0.0008 0.0750 0.0138 0.0096 
   HI_SS0127  6 0.0065 0.0049 0.0046 0.0084 0.0056 0.0139 0.9483 0.0077 
   HI_SS0128  6 0.5724 0.0213 0.1731 0.0872 0.0030 0.0978 0.0123 0.0330 
   HI_SS0129  6 0.2141 0.0995 0.3112 0.1353 0.0137 0.1182 0.0994 0.0086 
   HI_SS0131  6 0.0072 0.0100 0.0100 0.9101 0.0286 0.0058 0.0047 0.0237 
   HI_SS0132  6 0.0080 0.0599 0.5800 0.2102 0.0008 0.0814 0.0229 0.0367 
   HI_SS0133  6 0.0097 0.0181 0.0049 0.9550 0.0013 0.0042 0.0043 0.0024 
   HI_SS0134  6 0.1175 0.0419 0.5999 0.1536 0.0021 0.0182 0.0148 0.0519 
   HI_SS0142  6 0.0107 0.0915 0.3811 0.0077 0.0160 0.0235 0.0698 0.3997 
   HI_SS0145  6 0.0104 0.0198 0.0209 0.0395 0.0016 0.0142 0.4723 0.4212 
   HI_SS0146  6 0.0100 0.0124 0.0092 0.9184 0.0015 0.0322 0.0071 0.0092 
   HI_SS0147  6 0.0327 0.3287 0.0602 0.0070 0.0371 0.0589 0.0707 0.4047 
   HI_SS0149  6 0.0226 0.0111 0.1726 0.2562 0.0050 0.0725 0.0853 0.3748 
   HI_SS0150  6 0.0209 0.0123 0.8100 0.0245 0.0054 0.0809 0.0265 0.0195 
   HI_SS0151  6 0.3240 0.0442 0.1449 0.0458 0.0107 0.0102 0.4067 0.0136 
   NS_SS1451  6 0.0489 0.0049 0.2014 0.0196 0.0041 0.6041 0.0661 0.0510 
   NS_SS1404  6 0.0277 0.0322 0.0970 0.0145 0.0179 0.6310 0.0305 0.1492 
   NS_SS1432  6 0.0087 0.0072 0.0302 0.0079 0.0403 0.8691 0.0156 0.0211 
   NS_SS1405  6 0.0174 0.4596 0.0331 0.0392 0.0049 0.2773 0.0380 0.1305 
   NS_SS1431  6 0.1875 0.0249 0.0353 0.0154 0.0007 0.6213 0.0273 0.0875 
   NS_SS1402  6 0.0343 0.0204 0.2826 0.0179 0.0026 0.0288 0.0221 0.5913 
   NS_SS1450  6 0.0394 0.2466 0.5742 0.0718 0.0041 0.0161 0.0411 0.0067 
   NS_SS1396  6 0.0130 0.0163 0.0318 0.0176 0.0073 0.0888 0.8032 0.0220 
   NS_SS1393  6 0.0070 0.8481 0.0237 0.0070 0.0044 0.0185 0.0804 0.0110 
   NS_SS1392  6 0.8446 0.0107 0.0776 0.0116 0.0188 0.0215 0.0090 0.0062 
   NS_SS1445  6 0.0215 0.2710 0.0262 0.0467 0.0078 0.0106 0.6036 0.0127 
   NS_SS1423  6 0.5725 0.0348 0.0293 0.2695 0.0017 0.0149 0.0216 0.0557 
   NS_SS1421  6 0.0513 0.0391 0.0724 0.3847 0.1053 0.0581 0.2514 0.0376 
   NS_SS1411  6 0.0206 0.1898 0.0498 0.6768 0.0019 0.0156 0.0400 0.0057 
   NS_SS1453  6 0.1736 0.3008 0.3417 0.0713 0.0080 0.0257 0.0209 0.0581 
   NS_SS1442  6 0.5487 0.0317 0.0206 0.0628 0.0047 0.0406 0.1727 0.1181 
   NS_SS1422  6 0.1841 0.0672 0.0495 0.0119 0.0120 0.0112 0.0336 0.6306 
   NS_SS1419  6 0.0045 0.0399 0.0079 0.0234 0.1634 0.1777 0.0379 0.5454 
   NS_SS1427  6 0.0275 0.0278 0.0615 0.8518 0.0022 0.0090 0.0111 0.0091 
   NS_SS1444  6 0.0250 0.0175 0.0107 0.0096 0.0037 0.2052 0.7137 0.0147 
   NS_SS1455  6 0.0753 0.0214 0.0040 0.0108 0.0019 0.1391 0.0194 0.7281 
   NS_SS1425  6 0.0230 0.0270 0.0097 0.8989 0.0013 0.0045 0.0302 0.0054 
   NS_SS1400  6 0.0156 0.0664 0.0059 0.7910 0.0017 0.0188 0.0240 0.0766 
   NS_SS1406  6 0.0134 0.0052 0.0095 0.0044 0.0066 0.0102 0.0090 0.9417 
   NS_SS1417  6 0.0159 0.3820 0.0186 0.0674 0.0062 0.0105 0.0073 0.4922 
   NS_SS1454  6 0.0141 0.0537 0.0531 0.4744 0.0016 0.1806 0.0167 0.2057 
   NS_SS1412  6 0.1345 0.2016 0.0462 0.0424 0.0297 0.1960 0.3182 0.0313 
   NS_SS1438  6 0.1088 0.8240 0.0057 0.0258 0.0016 0.0053 0.0165 0.0124 
   NS_SS1416  6 0.0064 0.9241 0.0103 0.0038 0.0054 0.0220 0.0075 0.0204 
   NS_SS1401  6 0.7922 0.0055 0.0864 0.0237 0.0129 0.0338 0.0228 0.0226 
   NS_SS1424  6 0.0939 0.1379 0.0625 0.1053 0.0152 0.1273 0.0422 0.4156 
   NS_SS1435  6 0.0422 0.0125 0.0232 0.7247 0.0027 0.0579 0.1302 0.0066 
   NS_SS1447  6 0.5887 0.0367 0.0414 0.0317 0.0082 0.0717 0.0983 0.1232 
   NS_SS1414  6 0.0500 0.5332 0.0165 0.0410 0.0094 0.1780 0.0248 0.1471 
   NS_SS1449  6 0.2300 0.0137 0.2618 0.0349 0.0045 0.0083 0.0208 0.4260 
   NS_SS1443  6 0.1254 0.0490 0.0758 0.2971 0.0022 0.0131 0.3868 0.0506 
   NS_SS1434  6 0.8675 0.0143 0.0179 0.0468 0.0006 0.0301 0.0100 0.0128 
   NS_SS1398  6 0.1010 0.0758 0.0584 0.1075 0.0275 0.4307 0.1916 0.0075 
   NS_SS1426  6 0.0549 0.1481 0.0790 0.3657 0.0020 0.0161 0.3255 0.0087 
   NS_SS1413  6 0.1362 0.0093 0.0050 0.8131 0.0117 0.0125 0.0077 0.0045 
   NS_SS1395  6 0.4501 0.0470 0.2588 0.0225 0.0085 0.0063 0.2009 0.0060 
   NS_SS1448  6 0.0162 0.0053 0.0281 0.6787 0.0019 0.0446 0.2194 0.0057 
   NS_SS1446  6 0.0191 0.3614 0.4153 0.0103 0.0031 0.0106 0.0155 0.1646 
   NS_SS1403  6 0.0238 0.1736 0.0775 0.0091 0.0077 0.3119 0.0179 0.3785 
   NS_SS1415  6 0.0089 0.0158 0.0094 0.8895 0.0105 0.0088 0.0449 0.0122 
   NS_SS1437  6 0.0082 0.0099 0.0284 0.0224 0.0079 0.8409 0.0176 0.0647 
   NS_SS1439  6 0.0802 0.2684 0.5195 0.0046 0.0034 0.0106 0.0231 0.0902 
   NS_SS1441  6 0.0280 0.2321 0.2069 0.1751 0.0022 0.0705 0.0710 0.2141 
   NS_SS1420  6 0.0049 0.0372 0.0151 0.0047 0.0040 0.2115 0.7095 0.0130 
   NS_SS1394  6 0.0072 0.0078 0.2383 0.0080 0.0422 0.5882 0.0874 0.0210 
   NS_SS1391  6 0.9331 0.0135 0.0071 0.0092 0.0090 0.0159 0.0080 0.0041 
   NS_SS1410  6 0.4033 0.2872 0.0367 0.0747 0.0177 0.0709 0.0069 0.1025 
   NS_SS1408  6 0.0813 0.0065 0.7963 0.0208 0.0479 0.0176 0.0186 0.0110 
   NS_SS1409  6 0.0258 0.8550 0.0221 0.0106 0.0025 0.0569 0.0103 0.0169 
   HI_SS0617  7 0.0290 0.8875 0.0274 0.0042 0.0016 0.0244 0.0109 0.0151 
   HI_SS0618  7 0.0318 0.1723 0.1706 0.0134 0.0023 0.1189 0.3634 0.1274 
   HI_SS0619  7 0.0205 0.0194 0.0429 0.0548 0.0033 0.7947 0.0448 0.0196 
   HI_SS0620  7 0.0065 0.0091 0.0104 0.3041 0.0028 0.0089 0.6447 0.0133 
   HI_SS0621  7 0.2297 0.0310 0.2057 0.0115 0.0200 0.2414 0.0868 0.1739 
   HI_SS0622  7 0.0076 0.0104 0.0060 0.0271 0.0093 0.0671 0.7571 0.1156 
   HI_SS0626  7 0.0066 0.0223 0.0929 0.0357 0.0084 0.4232 0.3933 0.0175 
   HI_SS0627  7 0.3938 0.2668 0.0335 0.0486 0.0079 0.1189 0.0716 0.0588 
   HI_SS0628  7 0.0114 0.6261 0.0421 0.2304 0.0578 0.0144 0.0114 0.0064 
   HI_SS0629  7 0.0149 0.0638 0.1214 0.0641 0.0087 0.1264 0.3767 0.2241 
   HI_SS0630  7 0.0195 0.1580 0.1158 0.3863 0.0664 0.1557 0.0804 0.0179 
   HI_SS0631  7 0.0394 0.0244 0.0506 0.7853 0.0009 0.0181 0.0699 0.0114 
   HI_SS0632  7 0.0256 0.0176 0.0362 0.6581 0.0043 0.0224 0.2232 0.0127 
   HI_SS0633  7 0.0433 0.0402 0.0140 0.0077 0.0037 0.8698 0.0110 0.0103 
   HI_SS0634  7 0.0143 0.0238 0.9105 0.0128 0.0018 0.0128 0.0084 0.0158 
   HI_SS0635  7 0.0113 0.0767 0.2726 0.1557 0.0124 0.1579 0.0092 0.3043 
   HI_SS0637  7 0.0194 0.0254 0.1883 0.0065 0.0029 0.0058 0.7300 0.0216 
   HI_SS0638  7 0.0257 0.0087 0.1062 0.1750 0.0016 0.0525 0.6134 0.0167 
   HI_SS0639  7 0.0466 0.0199 0.4259 0.0095 0.0440 0.1960 0.2403 0.0176 
   HI_SS0640  7 0.0186 0.0213 0.0519 0.0368 0.0021 0.0660 0.7818 0.0216 
   HI_SS0641  7 0.0094 0.1670 0.0748 0.3294 0.0061 0.2028 0.1615 0.0489 
   HI_SS0642  7 0.3874 0.0059 0.5251 0.0347 0.0021 0.0191 0.0184 0.0072 
   HI_SS0645  7 0.0039 0.0204 0.0091 0.0145 0.0008 0.9017 0.0303 0.0192 
   HI_SS0646  7 0.0343 0.0403 0.7961 0.0117 0.0020 0.0143 0.0237 0.0775 
   HI_SS0647  7 0.4368 0.0314 0.1309 0.2622 0.0013 0.0876 0.0154 0.0343 
   HI_SS0648  7 0.0790 0.0162 0.3529 0.0466 0.0032 0.3235 0.0291 0.1495 
   HI_SS0649  7 0.0323 0.1978 0.0557 0.0214 0.0018 0.5425 0.0673 0.0811 
   HI_SS0650  7 0.4365 0.1026 0.1644 0.0085 0.0065 0.0726 0.1853 0.0236 
   HI_SS0651  7 0.0822 0.0812 0.1552 0.0220 0.0049 0.1036 0.4923 0.0586 
   HI_SS0652  7 0.0249 0.0384 0.2182 0.0226 0.0034 0.2521 0.4322 0.0082 
   NS_SS1371  7 0.3884 0.1191 0.3989 0.0117 0.0050 0.0087 0.0180 0.0503 
   NS_SS1374  7 0.0117 0.1674 0.3086 0.3954 0.0027 0.0880 0.0174 0.0088 
   NS_SS1337  7 0.0793 0.1541 0.5481 0.0341 0.0039 0.0108 0.0287 0.1410 
   NS_SS1385  7 0.6127 0.0599 0.0078 0.0085 0.0056 0.1735 0.0147 0.1172 
   NS_SS1388  7 0.0081 0.0355 0.0137 0.0619 0.0087 0.8369 0.0126 0.0226 
   NS_SS1370  7 0.0073 0.0089 0.0108 0.0119 0.0087 0.0061 0.9338 0.0124 
   NS_SS1389  7 0.0097 0.0043 0.0039 0.0046 0.0038 0.9565 0.0044 0.0129 
   NS_SS1360  7 0.0117 0.0307 0.0717 0.4595 0.0053 0.0215 0.3724 0.0272 
   NS_SS1330  7 0.0765 0.0520 0.5911 0.0053 0.0034 0.0128 0.2259 0.0329 
   NS_SS1328  7 0.0763 0.0420 0.0427 0.7686 0.0024 0.0347 0.0220 0.0114 
   NS_SS1384  7 0.3623 0.0185 0.5334 0.0391 0.0041 0.0081 0.0250 0.0096 
   NS_SS1381  7 0.0788 0.0596 0.0205 0.0042 0.0012 0.0250 0.0455 0.7652 
   NS_SS1375  7 0.0289 0.0098 0.1777 0.0681 0.0014 0.6582 0.0499 0.0059 
   NS_SS1319  7 0.0065 0.0143 0.8600 0.0154 0.0743 0.0097 0.0055 0.0143 
   NS_SS1326  7 0.0087 0.0126 0.0093 0.9266 0.0101 0.0167 0.0080 0.0079 
   NS_SS1341  7 0.7701 0.0521 0.0492 0.0089 0.0059 0.0119 0.0496 0.0522 
   NS_SS1383  7 0.1549 0.0147 0.6049 0.1742 0.0040 0.0086 0.0200 0.0188 
   NS_SS1318  7 0.7505 0.0212 0.0147 0.0319 0.0179 0.0294 0.0652 0.0691 
   NS_SS1348  7 0.0250 0.0267 0.0125 0.8769 0.0017 0.0078 0.0379 0.0115 
   NS_SS1363  7 0.0080 0.0225 0.0385 0.0372 0.0058 0.1758 0.1441 0.5681 
   NS_SS1335  7 0.0093 0.0905 0.1075 0.5799 0.0335 0.0104 0.1498 0.0192 
   NS_SS1358  7 0.0150 0.0650 0.0789 0.1068 0.0129 0.0029 0.0365 0.6820 
   NS_SS1342  7 0.1266 0.1697 0.0348 0.0275 0.0014 0.0186 0.0086 0.6128 
   NS_SS1320  7 0.0433 0.0082 0.1666 0.0051 0.0068 0.6258 0.0119 0.1324 
   NS_SS1355  7 0.0741 0.0095 0.0084 0.0035 0.0109 0.0082 0.8568 0.0286 
   NS_SS1345  7 0.3169 0.0165 0.0211 0.0151 0.0186 0.0131 0.0135 0.5852 
   NS_SS1324  7 0.0210 0.0270 0.1828 0.6471 0.0031 0.0259 0.0227 0.0704 
   NS_SS1347  7 0.1582 0.0257 0.0506 0.0097 0.0037 0.0117 0.7225 0.0178 
   NS_SS1321  7 0.0093 0.0417 0.4861 0.0692 0.0014 0.0344 0.2093 0.1486 
   NS_SS1333  7 0.0202 0.0094 0.8828 0.0416 0.0030 0.0312 0.0069 0.0049 
   NS_SS1364  7 0.7926 0.0242 0.0066 0.1334 0.0022 0.0110 0.0158 0.0142 
   NS_SS1379  7 0.0429 0.0207 0.0087 0.0091 0.0475 0.0081 0.8376 0.0253 
   NS_SS1332  7 0.0102 0.0108 0.0070 0.8904 0.0061 0.0549 0.0131 0.0074 
   NS_SS1338  7 0.0231 0.6848 0.0628 0.0129 0.0064 0.0480 0.1491 0.0128 
   NS_SS1368  7 0.0478 0.1558 0.0123 0.5745 0.0051 0.1339 0.0104 0.0602 
   NS_SS1354  7 0.0609 0.1356 0.0384 0.0226 0.0111 0.0752 0.0163 0.6400 
   NS_SS1365  7 0.0547 0.0107 0.0716 0.0321 0.0096 0.1376 0.6762 0.0075 
   NS_SS1380  7 0.0099 0.0090 0.0080 0.0048 0.0119 0.0101 0.0080 0.9384 
   NS_SS1329  7 0.0681 0.0779 0.0167 0.0293 0.0033 0.0316 0.0229 0.7502 
   NS_SS1362  7 0.0524 0.0134 0.0392 0.0600 0.0034 0.0121 0.0179 0.8016 
   NS_SS1327  7 0.0059 0.0247 0.0052 0.9466 0.0031 0.0043 0.0069 0.0033 
   NS_SS1350  7 0.0086 0.0083 0.9388 0.0107 0.0079 0.0070 0.0086 0.0100 
   NS_SS1387  7 0.0106 0.0215 0.0130 0.0074 0.0028 0.0514 0.8808 0.0125 
   NS_SS1369  7 0.0116 0.0729 0.0136 0.3393 0.0035 0.0159 0.5240 0.0193 
   NS_SS1331  7 0.0073 0.3037 0.0211 0.1963 0.0093 0.4283 0.0116 0.0224 
   NS_SS1357  7 0.8521 0.0395 0.0542 0.0157 0.0036 0.0110 0.0139 0.0101 
   NS_SS1386  7 0.0066 0.0065 0.0072 0.9605 0.0031 0.0035 0.0039 0.0086 
   NS_SS1353  7 0.3074 0.0259 0.0648 0.0507 0.0042 0.4578 0.0336 0.0554 
   NS_SS1323  7 0.6328 0.0074 0.1859 0.0115 0.0738 0.0444 0.0234 0.0207 
   HI_SS0296  8 0.0158 0.0222 0.0067 0.0334 0.0013 0.0083 0.8969 0.0155 
   HI_SS0297  8 0.1698 0.0340 0.2834 0.4166 0.0010 0.0258 0.0156 0.0537 
   HI_SS0299  8 0.2367 0.6272 0.0409 0.0110 0.0302 0.0065 0.0145 0.0329 
   HI_SS0300  8 0.0217 0.0898 0.0176 0.0547 0.0015 0.0116 0.7963 0.0068 
   HI_SS0301  8 0.0128 0.0087 0.0869 0.0408 0.0042 0.0321 0.7913 0.0231 
   HI_SS0302  8 0.0127 0.0059 0.0131 0.5143 0.0203 0.0074 0.4105 0.0157 
   HI_SS0303  8 0.0215 0.0199 0.0066 0.8479 0.0061 0.0608 0.0275 0.0098 
   HI_SS0304  8 0.0124 0.0324 0.1594 0.2198 0.0034 0.5112 0.0153 0.0462 
   HI_SS0306  8 0.0070 0.0080 0.0084 0.9471 0.0032 0.0058 0.0162 0.0044 
   HI_SS0307  8 0.0087 0.6515 0.0221 0.0065 0.0079 0.2245 0.0250 0.0539 
   HI_SS0308  8 0.0064 0.0104 0.1542 0.1093 0.0752 0.0329 0.0098 0.6018 
   HI_SS0309  8 0.0170 0.0585 0.1436 0.0048 0.0034 0.0195 0.0911 0.6620 
   HI_SS0310  8 0.0965 0.1291 0.0100 0.5246 0.0079 0.0325 0.1509 0.0484 
   HI_SS0311  8 0.0127 0.0093 0.0364 0.2751 0.0020 0.0542 0.5955 0.0147 
   HI_SS0314  8 0.0136 0.0057 0.0096 0.0141 0.0013 0.9318 0.0150 0.0090 
   HI_SS0316  8 0.0613 0.2599 0.1081 0.0136 0.0051 0.2022 0.3401 0.0097 
   HI_SS0317  8 0.0221 0.0248 0.8295 0.0151 0.0027 0.0602 0.0270 0.0186 
   HI_SS0318  8 0.0309 0.0114 0.1843 0.3273 0.1923 0.0196 0.2254 0.0087 
   HI_SS0319  8 0.0097 0.9237 0.0093 0.0337 0.0046 0.0049 0.0043 0.0099 
   HI_SS0320  8 0.0338 0.0214 0.1530 0.0041 0.0011 0.7413 0.0086 0.0369 
   HI_SS0321  8 0.3877 0.0136 0.2900 0.0251 0.0019 0.0180 0.2570 0.0067 
   HI_SS0323  8 0.0097 0.2481 0.1313 0.0298 0.0019 0.0978 0.4746 0.0069 
   HI_SS0325  8 0.0223 0.0163 0.0196 0.4391 0.0018 0.0112 0.4762 0.0135 
   HI_SS0327  8 0.5207 0.0459 0.2376 0.1001 0.0015 0.0069 0.0200 0.0673 
   HI_SS0329  8 0.0786 0.1125 0.0213 0.0472 0.0016 0.7091 0.0127 0.0169 
   HI_SS0333  8 0.0713 0.0770 0.1542 0.0274 0.0036 0.5519 0.0453 0.0694 
   HI_SS0334  8 0.0076 0.0063 0.0092 0.0155 0.0011 0.0038 0.9449 0.0117 
   HI_SS0335  8 0.1386 0.0105 0.0189 0.0082 0.0267 0.0053 0.1129 0.6789 
   HI_SS0339  8 0.0170 0.0131 0.0085 0.0130 0.0103 0.0448 0.1351 0.7581 
   HI_SS0343  8 0.5948 0.0087 0.0107 0.0089 0.0026 0.0109 0.0165 0.3469 
   HI_SS0344  8 0.0205 0.0071 0.0246 0.9264 0.0029 0.0041 0.0091 0.0053 
   HI_SS0345  8 0.0564 0.0116 0.0309 0.3708 0.0090 0.0197 0.0435 0.4582 
   HI_SS0346  8 0.3822 0.2464 0.1295 0.0649 0.0034 0.0973 0.0684 0.0079 
   HI_SS0350  8 0.0053 0.0105 0.0049 0.0030 0.0067 0.0242 0.0247 0.9207 
   HI_SS0351  8 0.7175 0.1021 0.0282 0.0145 0.0033 0.0099 0.1006 0.0238 
   HI_SS0352  8 0.0268 0.0342 0.0792 0.0071 0.1093 0.0214 0.0397 0.6822 
   HI_SS0362  8 0.0086 0.0438 0.0338 0.3595 0.0023 0.1756 0.3727 0.0037 
   HI_SS0363  8 0.2127 0.2472 0.0585 0.2909 0.0053 0.0188 0.0293 0.1374 
   HI_SS0365  8 0.0673 0.7065 0.0283 0.0215 0.0067 0.0191 0.0594 0.0911 
   HI_SS0366  8 0.0119 0.8853 0.0126 0.0276 0.0018 0.0128 0.0142 0.0338 
   HI_SS0367  8 0.0234 0.0423 0.0096 0.0057 0.0023 0.5383 0.0589 0.3194 
   HI_SS0369  8 0.0728 0.0208 0.0526 0.0120 0.0024 0.3177 0.3538 0.1680 
