   NS_SS0963  1 0.0068 0.2082 0.0119 0.0093 0.0112 0.4193 0.2474 0.0187 0.0670 
   NS_SS0983  1 0.0034 0.0057 0.1365 0.0056 0.0058 0.0061 0.0156 0.0157 0.8055 
   NS_SS0719  1 0.0073 0.0450 0.2056 0.1602 0.0211 0.0358 0.2825 0.0208 0.2217 
   NS_SS1001  1 0.0067 0.0119 0.0165 0.0190 0.1763 0.0351 0.0152 0.7104 0.0089 
   NS_SS0936  1 0.0043 0.1955 0.1953 0.2819 0.0247 0.0944 0.1590 0.0342 0.0106 
   NS_SS0955  1 0.0035 0.0208 0.1174 0.0097 0.0349 0.0258 0.6831 0.0487 0.0562 
   NS_SS0944  1 0.0021 0.2957 0.0128 0.0051 0.5385 0.0575 0.0637 0.0169 0.0076 
   NS_SS0945  1 0.0127 0.0212 0.0242 0.5797 0.1902 0.0414 0.0165 0.0179 0.0962 
   NS_SS0922  1 0.0313 0.0863 0.0128 0.0337 0.0124 0.1503 0.6406 0.0197 0.0130 
   NS_SS0929  1 0.0028 0.0572 0.0496 0.0365 0.0202 0.0505 0.0169 0.4772 0.2891 
   NS_SS0956  1 0.0038 0.0253 0.0158 0.0880 0.0393 0.0300 0.0727 0.7191 0.0060 
   NS_SS0906  1 0.0034 0.2375 0.6026 0.0400 0.0076 0.0085 0.0384 0.0379 0.0242 
   NS_SS0721  1 0.0047 0.0096 0.5733 0.1118 0.0056 0.0329 0.2236 0.0147 0.0239 
   NS_SS0982  1 0.0134 0.1551 0.0125 0.0312 0.0059 0.0111 0.7284 0.0332 0.0093 
   NS_SS0923  1 0.0039 0.1805 0.1325 0.2146 0.0120 0.3500 0.0483 0.0268 0.0313 
   NS_SS0905  1 0.0027 0.0496 0.6206 0.0880 0.0360 0.0090 0.0361 0.1309 0.0271 
   NS_SS0925  1 0.0060 0.6200 0.1021 0.0189 0.0035 0.0296 0.1429 0.0685 0.0087 
   NS_SS0947  1 0.0044 0.5695 0.0144 0.0083 0.0126 0.1613 0.0244 0.1936 0.0114 
   NS_SS0926  1 0.0012 0.0070 0.0140 0.0781 0.1388 0.1092 0.0067 0.1056 0.5394 
   NS_SS0918  1 0.0036 0.3007 0.3373 0.1273 0.0158 0.0898 0.0170 0.0833 0.0252 
   NS_SS0966  1 0.0494 0.6100 0.0496 0.0376 0.0424 0.0112 0.0470 0.1140 0.0388 
   NS_SS0938  1 0.0018 0.0175 0.0073 0.0638 0.0203 0.8196 0.0443 0.0123 0.0131 
   NS_SS0917  1 0.0340 0.0133 0.0256 0.0543 0.0080 0.0240 0.7803 0.0121 0.0485 
   NS_SS0957  1 0.0058 0.0096 0.0229 0.8609 0.0112 0.0258 0.0045 0.0542 0.0050 
   NS_SS0987  1 0.2355 0.0691 0.0103 0.5297 0.0116 0.0293 0.0142 0.0943 0.0061 
   NS_SS0717  1 0.0015 0.0387 0.0355 0.1195 0.0109 0.0073 0.6887 0.0686 0.0293 
   NS_SS0986  1 0.0034 0.0073 0.0159 0.0674 0.0119 0.1014 0.0133 0.7625 0.0170 
   NS_SS0953  1 0.0149 0.9123 0.0192 0.0095 0.0080 0.0054 0.0124 0.0103 0.0081 
   NS_SS0907  1 0.0449 0.3711 0.2697 0.0128 0.0196 0.0555 0.0971 0.0625 0.0669 
   NS_SS0974  1 0.0047 0.0499 0.0396 0.0968 0.2521 0.0636 0.0125 0.0131 0.4678 
   NS_SS0989  1 0.0018 0.0114 0.0852 0.0062 0.0449 0.0752 0.0521 0.1470 0.5762 
   NS_SS0991  1 0.0021 0.0803 0.1462 0.0228 0.0601 0.0207 0.0924 0.1439 0.4315 
   NS_SS0994  1 0.0022 0.0071 0.0110 0.0056 0.0595 0.0169 0.0048 0.0042 0.8887 
   NS_SS0931  1 0.0107 0.0222 0.0346 0.0598 0.3438 0.4881 0.0121 0.0149 0.0139 
   NS_SS1000  1 0.0048 0.1390 0.0109 0.1174 0.0323 0.3360 0.0561 0.2854 0.0182 
   NS_SS0919  1 0.0034 0.2487 0.0188 0.4716 0.0248 0.0717 0.0343 0.0155 0.1111 
   NS_SS0949  1 0.0017 0.0258 0.0220 0.0163 0.8147 0.0137 0.0583 0.0104 0.0370 
   NS_SS0960  1 0.0099 0.0805 0.2434 0.0283 0.2213 0.0276 0.0731 0.2771 0.0390 
   NS_SS0716  1 0.0056 0.0068 0.0057 0.9431 0.0102 0.0086 0.0079 0.0081 0.0041 
   NS_SS0924  1 0.0190 0.0155 0.1408 0.0356 0.0160 0.1057 0.2143 0.3397 0.1133 
   NS_SS0935  1 0.0075 0.4564 0.0998 0.0503 0.1792 0.0353 0.0541 0.0135 0.1039 
   NS_SS0952  1 0.0415 0.2597 0.1660 0.0140 0.1722 0.0433 0.0172 0.1070 0.1791 
   NS_SS0962  1 0.0072 0.0133 0.0187 0.0701 0.0091 0.8154 0.0396 0.0121 0.0145 
   NS_SS0973  1 0.0038 0.0496 0.0923 0.0106 0.0182 0.0091 0.7418 0.0497 0.0250 
   NS_SS0722  1 0.0020 0.5015 0.0090 0.4001 0.0061 0.0127 0.0105 0.0463 0.0118 
   NS_SS0979  1 0.0021 0.0533 0.2566 0.2371 0.0092 0.3090 0.0360 0.0630 0.0336 
   NS_SS0993  1 0.0245 0.0945 0.3319 0.3431 0.0380 0.0539 0.0810 0.0149 0.0183 
   NS_SS0958  1 0.0034 0.0272 0.1261 0.0455 0.5938 0.0288 0.0696 0.0759 0.0296 
   NS_SS0988  1 0.0068 0.0454 0.1217 0.6432 0.0076 0.0246 0.0748 0.0490 0.0270 
   NS_SS1003  1 0.0077 0.0097 0.0082 0.0082 0.0043 0.9281 0.0175 0.0104 0.0059 
   NS_SS0976  1 0.0019 0.0153 0.0135 0.0062 0.0146 0.9117 0.0083 0.0129 0.0155 
   NS_SS0964  1 0.0038 0.1049 0.0641 0.3488 0.2491 0.0844 0.0588 0.0273 0.0589 
   NS_SS0939  1 0.0041 0.0060 0.0187 0.9408 0.0059 0.0065 0.0071 0.0085 0.0024 
   NS_SS0990  1 0.0034 0.0092 0.0845 0.1614 0.0190 0.3293 0.0469 0.2790 0.0672 
   NS_SS0984  1 0.0021 0.0104 0.0067 0.8506 0.0041 0.0240 0.0877 0.0055 0.0089 
   NS_SS0980  1 0.0025 0.8970 0.0139 0.0133 0.0162 0.0086 0.0244 0.0069 0.0173 
   NS_SS0978  1 0.0040 0.6413 0.0329 0.0935 0.0775 0.0462 0.0467 0.0432 0.0148 
   NS_SS0951  1 0.0028 0.0833 0.1587 0.0229 0.0193 0.0285 0.0133 0.6248 0.0462 
   NS_SS0913  1 0.0363 0.0275 0.0251 0.0107 0.0392 0.0129 0.0353 0.8073 0.0056 
   NS_SS1002  1 0.0403 0.1235 0.0388 0.0533 0.0035 0.6741 0.0324 0.0071 0.0270 
   NS_SS0948  1 0.0502 0.0243 0.0333 0.1751 0.0312 0.0369 0.0154 0.6126 0.0209 
   NS_SS0916  1 0.0050 0.0143 0.2415 0.0105 0.0339 0.0327 0.0968 0.5295 0.0358 
   NS_SS0995  1 0.0034 0.0113 0.6615 0.0108 0.0130 0.0044 0.2586 0.0181 0.0189 
   NS_SS0927  1 0.0048 0.0137 0.0697 0.0176 0.0130 0.0252 0.7008 0.0226 0.1326 
   NS_SS0992  1 0.0026 0.0422 0.7618 0.0056 0.1022 0.0142 0.0387 0.0171 0.0156 
   NS_SS0912  1 0.0029 0.0183 0.1967 0.1171 0.0385 0.0503 0.2061 0.1457 0.2244 
   NS_SS0981  1 0.0035 0.0180 0.0129 0.0481 0.0111 0.8712 0.0111 0.0161 0.0080 
   NS_SS0729  2 0.0038 0.0565 0.0096 0.0053 0.0388 0.0105 0.0088 0.0054 0.8614 
   NS_SS0967  2 0.0114 0.0210 0.0112 0.4131 0.0272 0.0347 0.3820 0.0848 0.0147 
   NS_SS0941  2 0.0848 0.0683 0.0467 0.5046 0.0592 0.0480 0.1205 0.0420 0.0258 
   NS_SS0768  2 0.0034 0.0219 0.0178 0.0049 0.0102 0.0304 0.0404 0.8608 0.0104 
   NS_SS0726  2 0.0081 0.0213 0.2969 0.0348 0.0522 0.1509 0.1889 0.0156 0.2312 
   NS_SS0763  2 0.0025 0.0892 0.0197 0.0432 0.0492 0.0481 0.0166 0.2580 0.4735 
   NS_SS0730  2 0.0037 0.0222 0.0262 0.1258 0.0496 0.0181 0.7190 0.0274 0.0080 
   NS_SS0774  2 0.0010 0.0492 0.0245 0.7818 0.0145 0.0129 0.0166 0.0908 0.0086 
   NS_SS0723  2 0.0017 0.5457 0.0308 0.0364 0.0034 0.0658 0.2943 0.0151 0.0066 
   NS_SS0940  2 0.0072 0.0184 0.1198 0.7180 0.0349 0.0345 0.0298 0.0190 0.0183 
   NS_SS0762  2 0.0029 0.8723 0.0102 0.0210 0.0122 0.0112 0.0205 0.0433 0.0065 
   NS_SS0766  2 0.0209 0.0158 0.0210 0.3546 0.0444 0.0490 0.3044 0.1089 0.0809 
   NS_SS0724  2 0.0051 0.7714 0.0931 0.0207 0.0122 0.0449 0.0156 0.0268 0.0104 
   NS_SS0769  2 0.0046 0.0341 0.0922 0.1274 0.0068 0.1073 0.1012 0.1327 0.3937 
   NS_SS0777  2 0.0111 0.0075 0.0351 0.7760 0.0702 0.0519 0.0233 0.0070 0.0178 
   NS_SS0734  2 0.0394 0.0191 0.0397 0.1490 0.5303 0.0459 0.0982 0.0574 0.0209 
   NS_SS0737  2 0.0079 0.0251 0.0263 0.0193 0.0104 0.2183 0.5574 0.1277 0.0075 
   NS_SS0732  2 0.0054 0.1252 0.7148 0.0659 0.0168 0.0160 0.0278 0.0227 0.0054 
   NS_SS0728  2 0.0108 0.0691 0.0185 0.0178 0.0262 0.0245 0.7878 0.0289 0.0164 
   NS_SS0735  2 0.0077 0.2028 0.0190 0.0210 0.0193 0.0121 0.6911 0.0144 0.0127 
   NS_SS0725  2 0.0065 0.0327 0.0190 0.0400 0.0789 0.3992 0.0222 0.0477 0.3539 
   NS_SS0788  2 0.0014 0.1610 0.0238 0.0202 0.0049 0.0283 0.7439 0.0080 0.0085 
   NS_SS0778  2 0.0017 0.1253 0.0661 0.5669 0.0100 0.0274 0.1048 0.0150 0.0828 
   NS_SS0792  2 0.0047 0.0094 0.0140 0.0102 0.0144 0.0095 0.0683 0.8496 0.0199 
   NS_SS0943  2 0.0081 0.7576 0.0088 0.0041 0.1484 0.0153 0.0089 0.0406 0.0083 
   NS_SS0791  2 0.0164 0.0057 0.4513 0.0218 0.0266 0.2974 0.1370 0.0137 0.0302 
   NS_SS0790  2 0.0030 0.4424 0.0146 0.0163 0.0041 0.0061 0.0050 0.5047 0.0038 
   NS_SS0731  2 0.0197 0.1785 0.0152 0.4971 0.0081 0.0162 0.0518 0.1887 0.0247 
   NS_SS0727  2 0.0020 0.0748 0.0167 0.0464 0.4943 0.0104 0.0919 0.0156 0.2480 
   NS_SS0779  2 0.0058 0.0278 0.0909 0.6972 0.0130 0.0384 0.0886 0.0230 0.0154 
   NS_SS0776  2 0.0076 0.0440 0.1329 0.1803 0.1215 0.4427 0.0337 0.0268 0.0105 
   NS_SS0775  2 0.0050 0.0088 0.0065 0.9334 0.0084 0.0097 0.0129 0.0080 0.0073 
   NS_SS0965  3 0.0022 0.0541 0.0171 0.3965 0.0358 0.1246 0.2016 0.0873 0.0810 
   NS_SS0754  3 0.0153 0.0275 0.1931 0.1260 0.0498 0.0236 0.2375 0.2276 0.0997 
   NS_SS0838  3 0.0343 0.0080 0.0356 0.0223 0.0130 0.8067 0.0115 0.0529 0.0158 
   NS_SS0839  3 0.0043 0.0284 0.0218 0.0135 0.0110 0.7201 0.0244 0.1721 0.0045 
   NS_SS0832  3 0.0596 0.4222 0.0740 0.1594 0.0041 0.0489 0.0555 0.1570 0.0193 
   NS_SS0820  3 0.0075 0.0132 0.0150 0.0131 0.0034 0.7044 0.0939 0.1438 0.0058 
   NS_SS0886  3 0.0030 0.0210 0.3025 0.0890 0.0192 0.0744 0.3198 0.0156 0.1554 
   NS_SS0748  3 0.0081 0.0441 0.0094 0.8249 0.0196 0.0375 0.0061 0.0261 0.0242 
   NS_SS0884  3 0.0384 0.1792 0.1065 0.1743 0.0439 0.0918 0.0394 0.0744 0.2520 
   NS_SS0752  3 0.0019 0.3878 0.2365 0.0588 0.0558 0.0867 0.0327 0.0221 0.1176 
   NS_SS0862  3 0.0045 0.0865 0.3197 0.0226 0.0056 0.0791 0.3435 0.1268 0.0117 
   NS_SS0787  3 0.0082 0.0182 0.0046 0.0198 0.0397 0.0131 0.0107 0.0196 0.8661 
   NS_SS0843  3 0.0025 0.4473 0.0457 0.0564 0.0189 0.0356 0.0286 0.0460 0.3189 
   NS_SS0856  3 0.0034 0.0088 0.0125 0.0197 0.0127 0.0272 0.8657 0.0196 0.0305 
   NS_SS0846  3 0.0035 0.0637 0.0296 0.0232 0.0149 0.0737 0.0323 0.0284 0.7308 
   NS_SS0825  3 0.0080 0.0054 0.0167 0.0077 0.0095 0.0488 0.8104 0.0693 0.0242 
   NS_SS0757  3 0.0043 0.0814 0.3409 0.0447 0.0161 0.0202 0.3866 0.0865 0.0192 
   NS_SS0876  3 0.2333 0.1924 0.0421 0.0155 0.2173 0.0136 0.2491 0.0187 0.0181 
   NS_SS0903  3 0.0023 0.7786 0.1589 0.0091 0.0054 0.0067 0.0169 0.0104 0.0117 
   NS_SS0875  3 0.0024 0.0111 0.0208 0.8216 0.0098 0.0159 0.0373 0.0550 0.0260 
   NS_SS0740  3 0.0035 0.5219 0.0956 0.0248 0.0321 0.0309 0.2565 0.0133 0.0214 
   NS_SS0811  3 0.0096 0.0077 0.0756 0.2237 0.0081 0.0070 0.0087 0.6554 0.0041 
   NS_SS0751  3 0.0024 0.0114 0.1459 0.1495 0.0614 0.5415 0.0612 0.0176 0.0091 
   NS_SS0891  3 0.0072 0.3760 0.0510 0.0495 0.0120 0.2097 0.0465 0.2193 0.0287 
   NS_SS0867  3 0.0307 0.3265 0.0127 0.0512 0.0172 0.0110 0.0259 0.0253 0.4997 
   NS_SS0890  3 0.0034 0.0797 0.2041 0.4126 0.0111 0.0073 0.1504 0.1070 0.0244 
   NS_SS0866  3 0.0046 0.0042 0.0113 0.0169 0.0344 0.0171 0.0062 0.0067 0.8986 
   NS_SS0755  3 0.0069 0.1536 0.1185 0.0879 0.0189 0.0346 0.1229 0.4171 0.0396 
   NS_SS0758  3 0.0027 0.0182 0.0330 0.0159 0.0073 0.0852 0.5404 0.0552 0.2421 
   NS_SS0840  3 0.0019 0.0706 0.0186 0.0172 0.0077 0.7863 0.0240 0.0668 0.0070 
   NS_SS0889  3 0.0034 0.0300 0.0529 0.0157 0.3921 0.0524 0.0652 0.0650 0.3233 
   NS_SS1010  3 0.0412 0.0603 0.0102 0.0537 0.0298 0.1480 0.0205 0.6011 0.0352 
   NS_SS0888  3 0.0023 0.0146 0.0245 0.0132 0.6120 0.0123 0.0446 0.0105 0.2659 
   NS_SS0837  3 0.0025 0.3936 0.0411 0.0382 0.0322 0.0126 0.3617 0.0902 0.0278 
   NS_SS0794  3 0.0020 0.0058 0.0185 0.0087 0.7826 0.0046 0.0158 0.1416 0.0204 
   NS_SS0823  3 0.0047 0.1709 0.0645 0.0159 0.0146 0.0804 0.1569 0.4436 0.0485 
   NS_SS0829  3 0.0872 0.0125 0.4238 0.0085 0.0292 0.0106 0.0077 0.1460 0.2746 
   NS_SS0844  3 0.0020 0.7776 0.0072 0.0052 0.0043 0.0076 0.0116 0.1783 0.0062 
   NS_SS1008  3 0.0149 0.0333 0.0535 0.0558 0.5097 0.0148 0.1146 0.0189 0.1846 
   NS_SS0881  3 0.0034 0.0145 0.2705 0.1736 0.1059 0.3704 0.0221 0.0168 0.0229 
   NS_SS0834  3 0.0055 0.0666 0.0065 0.0057 0.0048 0.8772 0.0073 0.0090 0.0173 
   NS_SS0744  3 0.0083 0.0405 0.5359 0.0103 0.0249 0.0574 0.1795 0.1219 0.0213 
   NS_SS0899  3 0.0015 0.1335 0.5162 0.0167 0.0042 0.0271 0.0100 0.2852 0.0056 
   NS_SS0804  3 0.0059 0.1401 0.2238 0.1702 0.0068 0.1182 0.0669 0.2468 0.0213 
   NS_SS0781  3 0.0027 0.5160 0.0152 0.0911 0.0046 0.3112 0.0123 0.0402 0.0068 
   NS_SS0822  3 0.0022 0.0180 0.4237 0.0095 0.4486 0.0271 0.0256 0.0209 0.0245 
   NS_SS1004  3 0.0048 0.1709 0.2348 0.0162 0.0534 0.1238 0.0825 0.2889 0.0246 
   NS_SS0746  3 0.0158 0.0305 0.0233 0.1227 0.0955 0.0260 0.0399 0.6284 0.0179 
   NS_SS0880  3 0.0020 0.0414 0.0269 0.0287 0.0895 0.7688 0.0156 0.0125 0.0145 
   NS_SS0879  3 0.0183 0.1233 0.0682 0.2136 0.0698 0.0290 0.0283 0.3758 0.0737 
   NS_SS0753  3 0.0121 0.1000 0.3868 0.0506 0.0994 0.0075 0.2007 0.0646 0.0783 
   NS_SS1007  3 0.0022 0.0039 0.0836 0.0169 0.0075 0.0192 0.8432 0.0066 0.0169 
   NS_SS0872  3 0.0020 0.1723 0.0258 0.1247 0.0336 0.0533 0.1098 0.4472 0.0314 
   NS_SS1005  3 0.0011 0.1167 0.0557 0.0838 0.0123 0.1741 0.0616 0.4147 0.0799 
   NS_SS0892  3 0.0022 0.0245 0.0157 0.7688 0.0307 0.0476 0.0780 0.0190 0.0135 
   NS_SS0898  3 0.0075 0.0108 0.0347 0.0248 0.8630 0.0099 0.0097 0.0323 0.0073 
   NS_SS0801  3 0.0103 0.1380 0.0244 0.0101 0.0129 0.6196 0.1500 0.0254 0.0093 
   NS_SS0827  3 0.1058 0.0053 0.0080 0.6880 0.0111 0.0050 0.0064 0.0084 0.1620 
   NS_SS0853  3 0.0035 0.0055 0.0039 0.0183 0.0043 0.0039 0.0043 0.9471 0.0092 
   NS_SS0780  3 0.0033 0.0393 0.0083 0.0142 0.0045 0.9099 0.0090 0.0064 0.0051 
   NS_SS0826  3 0.0065 0.3356 0.1859 0.0612 0.0515 0.2608 0.0274 0.0197 0.0513 
   NS_SS0818  3 0.0017 0.0270 0.0138 0.0105 0.0116 0.0782 0.8356 0.0145 0.0071 
   NS_SS0745  3 0.0013 0.0041 0.0179 0.8183 0.0424 0.0797 0.0146 0.0175 0.0042 
   NS_SS0849  3 0.0014 0.0277 0.6311 0.0616 0.0463 0.0163 0.1838 0.0197 0.0120 
   NS_SS0739  3 0.0096 0.0051 0.4300 0.0186 0.0104 0.0092 0.5000 0.0092 0.0079 
   NS_SS0799  3 0.0013 0.0224 0.2892 0.0131 0.1009 0.0097 0.5079 0.0297 0.0259 
   NS_SS0756  3 0.0045 0.5158 0.0336 0.0785 0.0083 0.0266 0.0381 0.2864 0.0081 
   NS_SS0802  3 0.1923 0.0035 0.0068 0.0229 0.0096 0.0126 0.7237 0.0072 0.0215 
   NS_SS0747  3 0.0074 0.4507 0.2586 0.0458 0.0039 0.0298 0.1794 0.0151 0.0094 
   NS_SS0835  3 0.0013 0.0104 0.0044 0.0078 0.0094 0.0032 0.0099 0.0036 0.9501 
   NS_SS0742  3 0.0011 0.0546 0.5666 0.0176 0.0248 0.0652 0.2152 0.0380 0.0169 
   NS_SS0760  3 0.0387 0.0089 0.0610 0.0071 0.1228 0.0118 0.0269 0.6171 0.1057 
   NS_SS0803  3 0.0083 0.8652 0.0097 0.0082 0.0041 0.0040 0.0401 0.0388 0.0217 
   NS_SS0828  3 0.0014 0.0868 0.3382 0.3241 0.0277 0.0101 0.0914 0.0774 0.0430 
   NS_SS0865  3 0.0255 0.0406 0.1259 0.0245 0.0121 0.5496 0.0201 0.1644 0.0374 
   NS_SS0759  3 0.0063 0.0359 0.2183 0.0602 0.0103 0.0768 0.5623 0.0227 0.0073 
   NS_SS0851  3 0.0152 0.0179 0.0269 0.1469 0.0512 0.2838 0.0275 0.4141 0.0165 
   NS_SS0874  3 0.0014 0.9414 0.0117 0.0093 0.0050 0.0074 0.0062 0.0062 0.0115 
   NS_SS0761  3 0.0029 0.0112 0.0934 0.0230 0.1461 0.0365 0.1969 0.4184 0.0714 
   NS_SS0842  3 0.0096 0.0270 0.4297 0.1454 0.0492 0.0139 0.0423 0.2594 0.0235 
   NS_SS0785  3 0.0071 0.4785 0.0427 0.1212 0.1658 0.0252 0.0805 0.0647 0.0143 
   NS_SS0860  3 0.0026 0.0073 0.0704 0.0088 0.0091 0.0188 0.0179 0.0122 0.8529 
   NS_SS0897  3 0.0026 0.0228 0.0493 0.0081 0.7408 0.0118 0.0228 0.0187 0.1232 
   NS_SS0841  3 0.0040 0.0167 0.0239 0.0476 0.0816 0.1274 0.0560 0.6377 0.0051 
   NS_SS0797  3 0.0201 0.0142 0.0159 0.0415 0.1121 0.6069 0.0240 0.1509 0.0144 
   NS_SS0830  3 0.0032 0.0971 0.4409 0.0408 0.2119 0.0997 0.0696 0.0171 0.0196 
   NS_SS1011  3 0.0056 0.0463 0.0053 0.0121 0.0023 0.8540 0.0112 0.0344 0.0288 
   NS_SS0883  3 0.0046 0.0116 0.8591 0.0133 0.0099 0.0058 0.0136 0.0673 0.0147 
   NS_SS0782  3 0.0026 0.0722 0.0743 0.0146 0.1702 0.0166 0.5126 0.0568 0.0802 
   NS_SS0831  3 0.0032 0.0134 0.3672 0.0264 0.0113 0.0058 0.0072 0.0816 0.4838 
   NS_SS0749  3 0.0050 0.0135 0.5984 0.0262 0.0188 0.0168 0.3005 0.0114 0.0095 
   NS_SS0854  3 0.0032 0.2381 0.2057 0.0111 0.2216 0.0676 0.2037 0.0197 0.0291 
   HI_SS0193  4 0.0013 0.0052 0.0094 0.0047 0.9498 0.0088 0.0055 0.0098 0.0056 
   HI_SS0194  4 0.0015 0.2845 0.0190 0.0483 0.0199 0.5916 0.0106 0.0144 0.0102 
   HI_SS0195  4 0.1118 0.0686 0.1525 0.1121 0.0106 0.2796 0.0800 0.1809 0.0038 
   HI_SS0196  4 0.0034 0.0292 0.2179 0.0173 0.3985 0.0309 0.1825 0.1110 0.0093 
   HI_SS0197  4 0.0109 0.0052 0.0049 0.0140 0.0032 0.9312 0.0115 0.0091 0.0100 
   HI_SS0198  4 0.0105 0.0213 0.4512 0.0120 0.0216 0.0198 0.2605 0.1886 0.0145 
   HI_SS0199  4 0.0033 0.0374 0.0188 0.0152 0.0339 0.0063 0.0640 0.0213 0.7997 
   HI_SS0201  4 0.0028 0.0912 0.0245 0.0134 0.1104 0.0257 0.0133 0.0902 0.6284 
   HI_SS0215  4 0.0031 0.0096 0.0077 0.0099 0.0066 0.0114 0.0309 0.1501 0.7707 
   HI_SS0218  4 0.0076 0.0085 0.0187 0.0098 0.9031 0.0099 0.0101 0.0105 0.0218 
   HI_SS0222  4 0.0036 0.0093 0.0211 0.0914 0.0189 0.3432 0.2231 0.1013 0.1881 
   HI_SS0230  4 0.0058 0.0995 0.0376 0.0267 0.0062 0.7280 0.0093 0.0753 0.0117 
   HI_SS0234  4 0.1230 0.0126 0.0046 0.0106 0.0106 0.0130 0.8097 0.0058 0.0102 
   HI_SS0240  4 0.0078 0.0757 0.0071 0.0215 0.0262 0.0160 0.7709 0.0489 0.0261 
   HI_SS0241  4 0.0019 0.0086 0.0042 0.0240 0.0269 0.0360 0.0166 0.8623 0.0194 
   HI_SS0242  4 0.0033 0.0942 0.0830 0.0216 0.0389 0.0202 0.6835 0.0388 0.0166 
   HI_SS0247  4 0.0255 0.8587 0.0228 0.0057 0.0113 0.0431 0.0045 0.0212 0.0073 
   HI_SS0248  4 0.0010 0.0395 0.0103 0.0268 0.6942 0.0227 0.0626 0.0073 0.1355 
   HI_SS0252  4 0.0027 0.0310 0.0162 0.0066 0.0109 0.0989 0.0122 0.7936 0.0278 
   HI_SS0254  4 0.1017 0.0172 0.1424 0.0354 0.1932 0.0517 0.3281 0.0221 0.1082 
   HI_SS0256  4 0.0015 0.9077 0.0055 0.0122 0.0037 0.0062 0.0308 0.0294 0.0029 
   HI_SS0257  4 0.0033 0.7758 0.0197 0.0052 0.0159 0.0068 0.0620 0.0125 0.0987 
   HI_SS0258  4 0.0049 0.0129 0.0181 0.0451 0.6559 0.0177 0.0684 0.1420 0.0350 
   HI_SS0259  4 0.0029 0.0174 0.0129 0.0101 0.0058 0.8846 0.0375 0.0093 0.0195 
   HI_SS0260  4 0.0021 0.1372 0.0203 0.1443 0.1509 0.0184 0.0252 0.0166 0.4851 
   HI_SS0261  4 0.0035 0.0313 0.0415 0.2360 0.0301 0.3544 0.0443 0.0078 0.2511 
   HI_SS0262  4 0.0087 0.2572 0.0840 0.0615 0.0208 0.0479 0.4497 0.0398 0.0305 
   HI_SS0264  4 0.0043 0.0166 0.0082 0.0851 0.0121 0.8211 0.0250 0.0201 0.0074 
   HI_SS0265  4 0.1035 0.0286 0.0447 0.4759 0.0043 0.0195 0.2661 0.0127 0.0446 
   HI_SS0268  4 0.0023 0.0071 0.0178 0.0242 0.0320 0.7808 0.0828 0.0425 0.0107 
   HI_SS0269  4 0.0019 0.0370 0.0696 0.0054 0.6220 0.0259 0.0329 0.0333 0.1719 
   HI_SS0273  4 0.0021 0.0265 0.0311 0.0123 0.8494 0.0127 0.0126 0.0194 0.0340 
   HI_SS0277  4 0.0021 0.0163 0.1568 0.0079 0.0055 0.4538 0.0150 0.2732 0.0694 
   HI_SS0280  4 0.0051 0.0179 0.1822 0.0220 0.1257 0.3612 0.0254 0.2498 0.0108 
   HI_SS0282  4 0.0015 0.4726 0.0471 0.0193 0.3602 0.0283 0.0259 0.0260 0.0191 
   HI_SS0286  4 0.0065 0.0048 0.0082 0.0089 0.0124 0.0098 0.9217 0.0118 0.0160 
   NS_SS1252  5 0.0030 0.0037 0.0183 0.0083 0.0078 0.0041 0.0091 0.0098 0.9359 
   NS_SS1261  5 0.0174 0.0121 0.4284 0.0252 0.0187 0.0121 0.2725 0.0867 0.1268 
   NS_SS1225  5 0.0660 0.5477 0.0278 0.0056 0.0068 0.1011 0.0065 0.0136 0.2249 
   NS_SS1266  5 0.0083 0.0421 0.0214 0.0057 0.0043 0.0170 0.1026 0.7944 0.0044 
   NS_SS1228  5 0.0169 0.1023 0.5200 0.1370 0.0414 0.0430 0.0190 0.1052 0.0152 
   NS_SS1255  5 0.0020 0.1715 0.0723 0.0117 0.5871 0.0342 0.0397 0.0299 0.0515 
   NS_SS1267  5 0.0132 0.0050 0.0086 0.0113 0.0154 0.0051 0.0114 0.0078 0.9222 
   NS_SS1238  5 0.0032 0.0131 0.1564 0.0161 0.1523 0.6223 0.0121 0.0122 0.0123 
   NS_SS1233  5 0.0018 0.2109 0.2283 0.0174 0.0824 0.3405 0.0098 0.0921 0.0169 
   NS_SS1277  5 0.0013 0.0179 0.0144 0.0123 0.8657 0.0153 0.0137 0.0059 0.0535 
   NS_SS1245  5 0.0017 0.1592 0.0158 0.0213 0.2624 0.2148 0.2498 0.0598 0.0152 
   NS_SS1240  5 0.0026 0.0062 0.0052 0.0124 0.0514 0.0181 0.0332 0.0086 0.8622 
   NS_SS1275  5 0.0022 0.0166 0.0059 0.0095 0.0036 0.9022 0.0092 0.0468 0.0041 
   NS_SS1235  5 0.0062 0.8380 0.0067 0.0056 0.0262 0.0417 0.0537 0.0170 0.0050 
   NS_SS1263  5 0.0013 0.8645 0.0194 0.0476 0.0056 0.0157 0.0049 0.0077 0.0335 
   NS_SS1251  5 0.0017 0.6720 0.0093 0.0265 0.0111 0.0260 0.0217 0.1893 0.0424 
   NS_SS1248  5 0.0942 0.0057 0.0207 0.5603 0.0527 0.0200 0.0386 0.1965 0.0114 
   NS_SS1244  5 0.0043 0.0125 0.0150 0.0057 0.0161 0.9153 0.0126 0.0121 0.0063 
   NS_SS1257  5 0.0400 0.0404 0.0501 0.0141 0.4228 0.1086 0.0343 0.1960 0.0937 
   NS_SS1242  5 0.0030 0.1913 0.0055 0.0634 0.0078 0.0888 0.5933 0.0390 0.0078 
   NS_SS1271  5 0.0389 0.0107 0.0144 0.1515 0.2388 0.0138 0.0273 0.0091 0.4955 
   NS_SS1265  5 0.0240 0.0109 0.0189 0.4899 0.0524 0.0309 0.0259 0.0652 0.2819 
   NS_SS1243  5 0.1013 0.0307 0.2137 0.0338 0.1593 0.3756 0.0361 0.0333 0.0161 
   NS_SS1273  5 0.0064 0.0067 0.0035 0.9487 0.0104 0.0107 0.0068 0.0039 0.0029 
   NS_SS1254  5 0.0042 0.0149 0.0064 0.0129 0.0028 0.0092 0.0037 0.9401 0.0057 
   NS_SS1224  5 0.0100 0.8590 0.0157 0.0246 0.0073 0.0114 0.0271 0.0270 0.0180 
   NS_SS1227  5 0.0019 0.0114 0.0389 0.8041 0.0254 0.0092 0.0515 0.0111 0.0466 
   NS_SS1274  5 0.0151 0.0461 0.8390 0.0048 0.0129 0.0425 0.0119 0.0092 0.0185 
   NS_SS1241  5 0.0011 0.0699 0.0210 0.0054 0.7464 0.0249 0.0198 0.1044 0.0070 
   NS_SS1256  5 0.0342 0.0760 0.0071 0.0173 0.0160 0.2320 0.0119 0.5670 0.0383 
   NS_SS1260  5 0.0780 0.0204 0.0091 0.0091 0.0100 0.0113 0.0715 0.0164 0.7743 
   NS_SS1262  5 0.1570 0.0469 0.0422 0.0167 0.0240 0.0123 0.0201 0.6350 0.0458 
   NS_SS1230  5 0.0092 0.0126 0.0202 0.0156 0.6930 0.0220 0.0273 0.1921 0.0080 
   NS_SS1270  5 0.0025 0.4109 0.2462 0.0166 0.0126 0.0891 0.0140 0.2021 0.0060 
   NS_SS1229  5 0.0042 0.1088 0.0304 0.0068 0.0125 0.0554 0.6599 0.0163 0.1057 
   NS_SS1246  5 0.0044 0.0379 0.0176 0.0934 0.0167 0.2147 0.0132 0.0049 0.5972 
   NS_SS1269  5 0.0025 0.0098 0.0127 0.0164 0.0169 0.0267 0.1109 0.7902 0.0140 
   NS_SS1239  5 0.0043 0.1675 0.2575 0.0145 0.0457 0.0066 0.4684 0.0086 0.0269 
   NS_SS1272  5 0.0066 0.0235 0.0190 0.0151 0.0096 0.6601 0.0470 0.0256 0.1936 
   NS_SS1268  5 0.0023 0.7700 0.1343 0.0179 0.0416 0.0068 0.0096 0.0129 0.0045 
   NS_SS1249  5 0.0146 0.0211 0.0074 0.0061 0.8653 0.0116 0.0125 0.0375 0.0239 
   HI_SS0559  6 0.0020 0.8046 0.0090 0.0383 0.0483 0.0173 0.0453 0.0202 0.0149 
   HI_SS0563  6 0.0030 0.0180 0.0589 0.3803 0.0203 0.0087 0.0793 0.3518 0.0797 
   HI_SS0564  6 0.0509 0.0201 0.8561 0.0075 0.0069 0.0240 0.0171 0.0111 0.0063 
   HI_SS0565  6 0.0030 0.0291 0.0101 0.7603 0.0147 0.0117 0.0237 0.0073 0.1400 
   HI_SS0569  6 0.0020 0.0177 0.0369 0.3868 0.0200 0.0188 0.0073 0.2971 0.2135 
   HI_SS0570  6 0.0314 0.0092 0.0800 0.0107 0.6398 0.0107 0.0214 0.1762 0.0204 
   HI_SS0572  6 0.0024 0.9253 0.0050 0.0052 0.0077 0.0073 0.0336 0.0061 0.0075 
   HI_SS0576  6 0.0056 0.0287 0.0924 0.0418 0.0195 0.0090 0.7720 0.0206 0.0103 
   HI_SS0579  6 0.0104 0.9205 0.0164 0.0060 0.0169 0.0056 0.0098 0.0073 0.0070 
   HI_SS0580  6 0.0033 0.3029 0.0096 0.1144 0.0648 0.0175 0.1130 0.2561 0.1183 
   HI_SS0581  6 0.0593 0.0065 0.0275 0.0183 0.0080 0.8253 0.0389 0.0107 0.0054 
   HI_SS0583  6 0.0019 0.0044 0.0038 0.0066 0.0030 0.0040 0.0042 0.0058 0.9663 
   HI_SS0586  6 0.0012 0.0101 0.0473 0.1354 0.0721 0.0067 0.1251 0.0285 0.5737 
   HI_SS0588  6 0.0174 0.0504 0.0237 0.0256 0.1816 0.0102 0.3771 0.2214 0.0926 
   HI_SS0595  6 0.0317 0.1249 0.0895 0.0738 0.2414 0.0885 0.0537 0.1840 0.1126 
   HI_SS0596  6 0.0026 0.5433 0.0263 0.0868 0.0500 0.0086 0.2689 0.0084 0.0050 
   HI_SS0597  6 0.0036 0.0846 0.0570 0.1046 0.0192 0.6472 0.0265 0.0312 0.0262 
   HI_SS0600  6 0.0033 0.0237 0.1084 0.0092 0.0280 0.0115 0.0603 0.7030 0.0527 
   HI_SS0601  6 0.0127 0.8805 0.0390 0.0114 0.0056 0.0116 0.0075 0.0129 0.0187 
   HI_SS0602  6 0.0028 0.2236 0.0696 0.0190 0.0089 0.0208 0.4840 0.1392 0.0321 
   HI_SS0604  6 0.0018 0.0657 0.1318 0.0705 0.0188 0.3198 0.0240 0.1674 0.2001 
   HI_SS0605  6 0.0078 0.0263 0.0120 0.0108 0.0187 0.0085 0.8781 0.0254 0.0124 
   HI_SS0608  6 0.0011 0.0085 0.7142 0.0554 0.0651 0.0036 0.0076 0.1333 0.0112 
   HI_SS0609  6 0.0008 0.6742 0.0552 0.0187 0.0619 0.0206 0.0242 0.1340 0.0105 
   HI_SS0611  6 0.0031 0.0158 0.2745 0.0152 0.5157 0.0098 0.0112 0.0323 0.1225 
   HI_SS0612  6 0.0058 0.9070 0.0088 0.0068 0.0225 0.0069 0.0094 0.0044 0.0285 
   HI_SS0613  6 0.0018 0.0543 0.2199 0.1986 0.0342 0.1092 0.2269 0.0780 0.0771 
   HI_SS0615  6 0.0092 0.0075 0.0444 0.0060 0.0078 0.0076 0.9021 0.0090 0.0064 
   HI_SS0001  6 0.0044 0.0285 0.0061 0.0130 0.0988 0.8075 0.0074 0.0122 0.0221 
   HI_SS0002  6 0.0367 0.2443 0.0204 0.0140 0.0099 0.0308 0.1476 0.1773 0.3189 
   HI_SS0004  6 0.0081 0.0154 0.1947 0.0595 0.2482 0.2220 0.1519 0.0511 0.0490 
   HI_SS0005  6 0.0086 0.0200 0.1169 0.1384 0.0635 0.3337 0.1209 0.1791 0.0189 
   HI_SS0006  6 0.0018 0.0254 0.0104 0.0120 0.0104 0.0076 0.0102 0.0080 0.9142 
   HI_SS0007  6 0.0026 0.0060 0.0097 0.0082 0.9362 0.0083 0.0092 0.0081 0.0116 
   HI_SS0008  6 0.0375 0.0766 0.0156 0.0509 0.0187 0.0055 0.7723 0.0114 0.0115 
   HI_SS0009  6 0.0059 0.1261 0.1961 0.0146 0.0622 0.0196 0.4310 0.1356 0.0088 
   HI_SS0010  6 0.0052 0.0150 0.6514 0.0733 0.1759 0.0231 0.0080 0.0363 0.0117 
   HI_SS0011  6 0.0810 0.4536 0.0146 0.0575 0.0246 0.3210 0.0104 0.0243 0.0130 
   HI_SS0012  6 0.0050 0.1075 0.0545 0.0164 0.0061 0.0126 0.6993 0.0640 0.0347 
   HI_SS0017  6 0.0033 0.0253 0.0095 0.0655 0.3960 0.4707 0.0172 0.0092 0.0034 
   HI_SS0021  6 0.2351 0.0214 0.0065 0.2921 0.1655 0.0131 0.0734 0.0457 0.1472 
   HI_SS0024  6 0.0021 0.0079 0.0132 0.8656 0.0205 0.0398 0.0253 0.0102 0.0153 
   HI_SS0025  6 0.0032 0.0190 0.0297 0.0195 0.0049 0.0092 0.2322 0.6701 0.0121 
   HI_SS0027  6 0.0143 0.1500 0.1681 0.0105 0.5726 0.0089 0.0177 0.0144 0.0436 
   HI_SS0028  6 0.0015 0.0163 0.0114 0.8973 0.0038 0.0296 0.0125 0.0172 0.0104 
   HI_SS0029  6 0.0057 0.0067 0.0076 0.9383 0.0101 0.0058 0.0059 0.0083 0.0117 
   HI_SS0030  6 0.0047 0.0475 0.0600 0.0084 0.0555 0.2878 0.3223 0.0255 0.1883 
   HI_SS0031  6 0.0037 0.0108 0.0910 0.1416 0.0058 0.0059 0.7166 0.0154 0.0091 
   HI_SS0034  6 0.0050 0.1196 0.0059 0.0215 0.3416 0.3579 0.0518 0.0422 0.0545 
   HI_SS0036  6 0.0076 0.0051 0.0108 0.0100 0.0242 0.8924 0.0100 0.0065 0.0334 
   HI_SS0037  6 0.0036 0.0068 0.0133 0.0058 0.0170 0.0070 0.0072 0.9294 0.0098 
   HI_SS0039  6 0.0036 0.0113 0.0087 0.8379 0.0494 0.0270 0.0074 0.0248 0.0299 
   HI_SS0041  6 0.0017 0.0069 0.6514 0.0284 0.0054 0.0517 0.2185 0.0261 0.0098 
   HI_SS0042  6 0.1201 0.0664 0.0221 0.2289 0.0240 0.0892 0.3840 0.0585 0.0067 
   HI_SS0043  6 0.0020 0.0060 0.7367 0.0209 0.0397 0.0150 0.0204 0.0058 0.1536 
   HI_SS0044  6 0.0047 0.0106 0.0146 0.2771 0.5989 0.0365 0.0230 0.0210 0.0136 
   HI_SS0047  6 0.0035 0.0190 0.2564 0.0144 0.1383 0.4079 0.0516 0.0770 0.0319 
   HI_SS0049  6 0.0048 0.2149 0.0800 0.1114 0.2533 0.2230 0.0498 0.0476 0.0152 
   HI_SS0051  6 0.0023 0.0155 0.0932 0.0108 0.0073 0.0058 0.3251 0.5164 0.0237 
   HI_SS0053  6 0.0078 0.0535 0.0258 0.0200 0.0434 0.5491 0.0105 0.0084 0.2815 
   HI_SS0054  6 0.0032 0.1791 0.1287 0.0181 0.3889 0.0885 0.0112 0.0435 0.1389 
   HI_SS0057  6 0.0029 0.0095 0.8508 0.0119 0.0458 0.0352 0.0071 0.0299 0.0069 
   HI_SS0058  6 0.0072 0.5845 0.0341 0.0133 0.0309 0.0139 0.1080 0.1651 0.0429 
   HI_SS0060  6 0.0782 0.0254 0.5120 0.0137 0.0161 0.0157 0.3192 0.0134 0.0063 
   HI_SS0087  6 0.0031 0.1044 0.0306 0.0141 0.0078 0.0258 0.0394 0.0118 0.7631 
   HI_SS0091  6 0.0011 0.0109 0.0510 0.0042 0.0099 0.0638 0.0164 0.1584 0.6842 
   HI_SS0095  6 0.0560 0.1618 0.0236 0.0466 0.0087 0.0396 0.5498 0.0209 0.0930 
   HI_SS0097  6 0.0041 0.3007 0.6201 0.0090 0.0064 0.0208 0.0099 0.0192 0.0098 
   HI_SS0099  6 0.0043 0.0116 0.0062 0.9223 0.0066 0.0116 0.0177 0.0101 0.0096 
   HI_SS0103  6 0.0037 0.0810 0.0149 0.0373 0.0143 0.1191 0.6753 0.0267 0.0276 
   HI_SS0105  6 0.0240 0.0132 0.0106 0.0039 0.0077 0.8595 0.0126 0.0588 0.0096 
   HI_SS0107  6 0.0013 0.6733 0.0179 0.0132 0.0116 0.0361 0.2200 0.0187 0.0079 
   HI_SS0108  6 0.0345 0.0093 0.0240 0.0088 0.7375 0.0161 0.0228 0.0391 0.1079 
   HI_SS0110  6 0.0012 0.0201 0.1121 0.0206 0.0398 0.3197 0.1591 0.0204 0.3071 
   HI_SS0111  6 0.0265 0.0081 0.0202 0.0307 0.0108 0.0161 0.8642 0.0115 0.0120 
   HI_SS0112  6 0.0018 0.0059 0.0222 0.0110 0.9238 0.0105 0.0111 0.0059 0.0077 
   HI_SS0113  6 0.0036 0.0986 0.0117 0.1212 0.0078 0.6481 0.0378 0.0615 0.0097 
   HI_SS0114  6 0.0054 0.0122 0.0090 0.0164 0.0098 0.0141 0.0950 0.2545 0.5836 
   HI_SS0115  6 0.0173 0.5223 0.0635 0.0215 0.0737 0.0076 0.1912 0.0890 0.0139 
   HI_SS0116  6 0.0029 0.0282 0.0167 0.0213 0.0995 0.0055 0.0076 0.0114 0.8068 
   HI_SS0117  6 0.0016 0.4972 0.0115 0.0065 0.0534 0.2770 0.0099 0.0765 0.0663 
   HI_SS0118  6 0.0113 0.0195 0.0113 0.0253 0.0193 0.0240 0.0093 0.0883 0.7918 
   HI_SS0119  6 0.0021 0.0073 0.6772 0.0058 0.0497 0.1447 0.0091 0.0145 0.0896 
   HI_SS0120  6 0.0033 0.0173 0.0141 0.0120 0.0106 0.8486 0.0648 0.0118 0.0176 
   HI_SS0121  6 0.0019 0.0640 0.1301 0.4909 0.0044 0.0376 0.0173 0.2452 0.0087 
   HI_SS0122  6 0.0192 0.0097 0.5184 0.0157 0.0177 0.0165 0.1902 0.1936 0.0189 
   HI_SS0123  6 0.0040 0.3742 0.0213 0.0288 0.0050 0.3045 0.0499 0.0483 0.1640 
   HI_SS0124  6 0.0052 0.1576 0.2780 0.2200 0.1333 0.0535 0.0899 0.0567 0.0059 
   HI_SS0125  6 0.0447 0.0089 0.0837 0.2322 0.0077 0.0774 0.4134 0.1262 0.0059 
   HI_SS0126  6 0.0009 0.0081 0.0111 0.0742 0.8428 0.0092 0.0178 0.0092 0.0266 
   HI_SS0127  6 0.0077 0.0343 0.0857 0.7837 0.0199 0.0098 0.0170 0.0225 0.0195 
   HI_SS0128  6 0.0038 0.1021 0.0326 0.4144 0.0399 0.0562 0.0946 0.0489 0.2076 
   HI_SS0129  6 0.0106 0.0121 0.0085 0.0161 0.0901 0.1897 0.6371 0.0208 0.0150 
   HI_SS0131  6 0.0207 0.0134 0.0120 0.0068 0.0837 0.0075 0.0101 0.8416 0.0041 
   HI_SS0132  6 0.0009 0.0453 0.1217 0.0821 0.0721 0.0224 0.0129 0.6330 0.0096 
   HI_SS0133  6 0.0011 0.0026 0.0064 0.0043 0.9596 0.0052 0.0031 0.0042 0.0135 
   HI_SS0134  6 0.0015 0.0358 0.0146 0.0115 0.2571 0.2830 0.3276 0.0186 0.0503 
   HI_SS0142  6 0.0230 0.0466 0.0082 0.6025 0.0065 0.1418 0.0355 0.0149 0.1209 
   HI_SS0145  6 0.0013 0.7311 0.0415 0.0123 0.0945 0.0121 0.0339 0.0090 0.0644 
   HI_SS0146  6 0.0014 0.0301 0.0232 0.0156 0.7545 0.0077 0.0182 0.0152 0.1342 
   HI_SS0147  6 0.0316 0.4162 0.1218 0.0192 0.0118 0.0278 0.1983 0.1595 0.0140 
   HI_SS0149  6 0.0039 0.0095 0.0309 0.0100 0.0108 0.9144 0.0064 0.0054 0.0087 
   HI_SS0150  6 0.0040 0.0271 0.0268 0.0359 0.0105 0.2139 0.0647 0.5984 0.0188 
   HI_SS0151  6 0.0115 0.1125 0.1366 0.0040 0.1407 0.0180 0.5304 0.0052 0.0412 
   NS_SS1451  6 0.0044 0.1137 0.2795 0.2037 0.0716 0.0979 0.1952 0.0284 0.0056 
   NS_SS1404  6 0.0138 0.0814 0.0112 0.3337 0.0624 0.0328 0.1702 0.2718 0.0228 
   NS_SS1432  6 0.0410 0.0054 0.0230 0.7372 0.0069 0.1213 0.0497 0.0060 0.0094 
   NS_SS1405  6 0.0029 0.0346 0.0253 0.7576 0.0881 0.0117 0.0251 0.0318 0.0229 
   NS_SS1431  6 0.0011 0.0092 0.0364 0.7036 0.0107 0.1946 0.0125 0.0243 0.0076 
   NS_SS1402  6 0.0030 0.5936 0.0269 0.0175 0.0065 0.0412 0.2180 0.0213 0.0720 
   NS_SS1450  6 0.0034 0.0131 0.0224 0.0449 0.0554 0.8152 0.0137 0.0158 0.0160 
   NS_SS1396  6 0.0075 0.0194 0.2745 0.0883 0.0137 0.4753 0.0336 0.0289 0.0588 
   NS_SS1393  6 0.0044 0.0091 0.0263 0.0092 0.0080 0.0137 0.0198 0.0086 0.9010 
   NS_SS1392  6 0.0195 0.0074 0.0150 0.0191 0.0169 0.0553 0.8516 0.0096 0.0055 
   NS_SS1445  6 0.0120 0.0176 0.0140 0.0421 0.0099 0.0355 0.0539 0.0300 0.7849 
   NS_SS1423  6 0.0019 0.5067 0.0258 0.0248 0.1305 0.0147 0.0233 0.0206 0.2517 
   NS_SS1421  6 0.0711 0.0057 0.0102 0.0058 0.0498 0.8166 0.0094 0.0058 0.0257 
   NS_SS1411  6 0.0018 0.0051 0.5141 0.0105 0.2814 0.0121 0.0217 0.0772 0.0760 
   NS_SS1453  6 0.0060 0.0337 0.3844 0.0679 0.0453 0.2549 0.0927 0.0259 0.0892 
   NS_SS1442  6 0.0037 0.1080 0.0241 0.0593 0.0622 0.0097 0.5790 0.0873 0.0668 
   NS_SS1422  6 0.0114 0.9033 0.0203 0.0050 0.0137 0.0064 0.0072 0.0148 0.0179 
   NS_SS1419  6 0.1168 0.0135 0.0157 0.0356 0.0044 0.0046 0.0055 0.8002 0.0037 
   NS_SS1427  6 0.0021 0.0137 0.0104 0.0347 0.7782 0.0204 0.0772 0.0127 0.0506 
   NS_SS1444  6 0.0038 0.0289 0.0288 0.8855 0.0116 0.0105 0.0138 0.0103 0.0068 
   NS_SS1455  6 0.0023 0.7776 0.0192 0.0396 0.0176 0.0680 0.0168 0.0229 0.0359 
   NS_SS1425  6 0.0014 0.0056 0.3523 0.0047 0.5859 0.0152 0.0144 0.0105 0.0101 
   NS_SS1400  6 0.0018 0.0307 0.0381 0.0196 0.6824 0.0136 0.0069 0.0216 0.1854 
   NS_SS1406  6 0.0100 0.7018 0.0158 0.0448 0.0031 0.1328 0.0108 0.0713 0.0097 
   NS_SS1417  6 0.0081 0.0706 0.1104 0.0330 0.0220 0.0280 0.0548 0.5497 0.1234 
   NS_SS1454  6 0.0018 0.0039 0.0088 0.0181 0.0480 0.5075 0.0093 0.3755 0.0271 
   NS_SS1412  6 0.0420 0.2183 0.0385 0.2248 0.2688 0.0696 0.0765 0.0244 0.0370 
   NS_SS1438  6 0.0013 0.0349 0.0153 0.0034 0.0232 0.0092 0.0204 0.7560 0.1362 
   NS_SS1416  6 0.0076 0.0151 0.0519 0.1493 0.0037 0.0155 0.0152 0.6937 0.0480 
   NS_SS1401  6 0.0153 0.0916 0.0527 0.0554 0.0338 0.4798 0.0349 0.2291 0.0074 
   NS_SS1424  6 0.0137 0.0091 0.0185 0.1215 0.2159 0.0159 0.4232 0.0297 0.1526 
   NS_SS1435  6 0.0036 0.0105 0.0102 0.0395 0.8237 0.0454 0.0179 0.0329 0.0163 
   NS_SS1447  6 0.0068 0.0884 0.0140 0.0445 0.0168 0.6594 0.0475 0.1050 0.0177 
   NS_SS1414  6 0.0071 0.2631 0.0078 0.0490 0.0069 0.0490 0.0127 0.5918 0.0128 
   NS_SS1449  6 0.0034 0.0755 0.8067 0.0034 0.0084 0.0664 0.0088 0.0221 0.0053 
   NS_SS1443  6 0.0029 0.0718 0.0239 0.0114 0.7545 0.0097 0.0177 0.0212 0.0869 
   NS_SS1434  6 0.0009 0.0147 0.0116 0.0134 0.7887 0.0113 0.1343 0.0150 0.0102 
   NS_SS1398  6 0.0220 0.0124 0.0779 0.0459 0.0617 0.5600 0.1812 0.0294 0.0096 
   NS_SS1426  6 0.0032 0.0114 0.0208 0.0599 0.0552 0.0163 0.3004 0.0140 0.5186 
   NS_SS1413  6 0.0081 0.0043 0.0055 0.0051 0.9595 0.0038 0.0051 0.0051 0.0035 
   NS_SS1395  6 0.0107 0.0132 0.0455 0.0150 0.0420 0.3720 0.1324 0.0508 0.3182 
   NS_SS1448  6 0.0022 0.0085 0.0111 0.0497 0.8161 0.0891 0.0083 0.0068 0.0080 
   NS_SS1446  6 0.0032 0.0112 0.0169 0.0343 0.0303 0.0186 0.1395 0.1026 0.6434 
   NS_SS1403  6 0.0044 0.0097 0.0279 0.2286 0.0041 0.0246 0.0313 0.0097 0.6597 
   NS_SS1415  6 0.0096 0.0097 0.0092 0.0196 0.9018 0.0093 0.0110 0.0222 0.0075 
   NS_SS1437  6 0.0089 0.0279 0.0039 0.8915 0.0059 0.0095 0.0272 0.0149 0.0104 
   NS_SS1439  6 0.0029 0.5298 0.0102 0.0091 0.0090 0.0291 0.0658 0.2497 0.0945 
   NS_SS1441  6 0.0032 0.0506 0.0972 0.0117 0.2164 0.0698 0.0529 0.4642 0.0339 
   NS_SS1420  6 0.0040 0.0157 0.3847 0.1361 0.0287 0.0094 0.0547 0.3600 0.0067 
   NS_SS1394  6 0.0319 0.0060 0.1274 0.7790 0.0049 0.0078 0.0132 0.0202 0.0095 
   NS_SS1391  6 0.0069 0.0092 0.0037 0.0055 0.0192 0.0106 0.9199 0.0062 0.0188 
   NS_SS1410  6 0.0153 0.0188 0.3463 0.0679 0.0538 0.1660 0.1247 0.1189 0.0882 
   NS_SS1408  6 0.0510 0.0092 0.0088 0.0146 0.0046 0.8727 0.0159 0.0129 0.0104 
   NS_SS1409  6 0.0027 0.0109 0.0098 0.0186 0.0154 0.0144 0.8061 0.0160 0.1060 
   HI_SS0617  7 0.0015 0.0471 0.0083 0.0136 0.0143 0.0100 0.8235 0.0139 0.0679 
   HI_SS0618  7 0.0030 0.0633 0.1949 0.3982 0.0110 0.0257 0.1337 0.1425 0.0276 
   HI_SS0619  7 0.0035 0.0584 0.0692 0.1209 0.5821 0.0273 0.0446 0.0715 0.0224 
   HI_SS0620  7 0.0035 0.0138 0.0430 0.0061 0.8860 0.0068 0.0172 0.0059 0.0177 
   HI_SS0621  7 0.0204 0.2189 0.0368 0.1637 0.0099 0.0166 0.2166 0.3018 0.0153 
   HI_SS0622  7 0.0147 0.2895 0.0215 0.5463 0.0707 0.0106 0.0178 0.0155 0.0134 
   HI_SS0626  7 0.0103 0.0127 0.0752 0.3398 0.0339 0.0450 0.2382 0.2302 0.0148 
   HI_SS0627  7 0.0100 0.0117 0.8528 0.0172 0.0114 0.0491 0.0250 0.0102 0.0126 
   HI_SS0628  7 0.0472 0.0064 0.0351 0.0270 0.1415 0.6517 0.0211 0.0207 0.0492 
   HI_SS0629  7 0.0066 0.0207 0.0631 0.3927 0.0135 0.0096 0.1908 0.0400 0.2630 
   HI_SS0630  7 0.0677 0.0079 0.0271 0.0402 0.7333 0.0186 0.0165 0.0632 0.0254 
   HI_SS0631  7 0.0010 0.0169 0.3424 0.0647 0.2613 0.0359 0.1841 0.0264 0.0673 
   HI_SS0632  7 0.0037 0.0095 0.8210 0.0379 0.0534 0.0435 0.0058 0.0202 0.0050 
   HI_SS0633  7 0.0033 0.3150 0.0136 0.2642 0.0164 0.0113 0.3361 0.0099 0.0302 
   HI_SS0634  7 0.0018 0.0060 0.1173 0.0090 0.0927 0.6684 0.0485 0.0440 0.0124 
   HI_SS0635  7 0.0101 0.0855 0.0086 0.2520 0.0072 0.0083 0.0226 0.5971 0.0087 
   HI_SS0637  7 0.0027 0.0939 0.0276 0.0105 0.0089 0.1488 0.2983 0.3969 0.0123 
   HI_SS0638  7 0.0015 0.0224 0.0468 0.0421 0.8115 0.0341 0.0228 0.0114 0.0075 
   HI_SS0639  7 0.0630 0.1497 0.0516 0.2881 0.0066 0.0639 0.3074 0.0332 0.0363 
   HI_SS0640  7 0.0016 0.1128 0.0385 0.3351 0.0086 0.0072 0.0253 0.0794 0.3915 
   HI_SS0641  7 0.0052 0.0245 0.0448 0.0583 0.2281 0.0059 0.0287 0.5830 0.0214 
   HI_SS0642  7 0.0015 0.0115 0.0118 0.0111 0.0058 0.9369 0.0066 0.0051 0.0096 
   HI_SS0645  7 0.0010 0.2180 0.6733 0.0396 0.0233 0.0068 0.0124 0.0189 0.0066 
   HI_SS0646  7 0.0035 0.4460 0.0111 0.0081 0.0184 0.1720 0.1411 0.0192 0.1806 
   HI_SS0647  7 0.0013 0.0069 0.0066 0.0093 0.0330 0.9082 0.0058 0.0194 0.0095 
   HI_SS0648  7 0.0039 0.0801 0.5165 0.0436 0.1589 0.0722 0.0734 0.0387 0.0126 
   HI_SS0649  7 0.0022 0.1940 0.1782 0.0414 0.0052 0.0405 0.1566 0.0242 0.3577 
   HI_SS0650  7 0.0050 0.0089 0.0233 0.0115 0.0116 0.0264 0.8777 0.0169 0.0187 
   HI_SS0651  7 0.0042 0.7730 0.0774 0.0345 0.0076 0.0129 0.0529 0.0128 0.0247 
   HI_SS0652  7 0.0045 0.0080 0.0241 0.0208 0.0370 0.6246 0.2213 0.0544 0.0053 
   NS_SS1371  7 0.0087 0.1082 0.0172 0.0341 0.0113 0.0215 0.0361 0.0567 0.7062 
   NS_SS1374  7 0.0030 0.0067 0.0460 0.1204 0.2224 0.2148 0.3252 0.0090 0.0525 
   NS_SS1337  7 0.0023 0.0149 0.0085 0.0057 0.0116 0.9125 0.0144 0.0191 0.0111 
   NS_SS1385  7 0.0037 0.1735 0.0101 0.0836 0.0150 0.0138 0.1868 0.0099 0.5035 
   NS_SS1388  7 0.0084 0.0164 0.0295 0.7932 0.0215 0.0137 0.0271 0.0357 0.0545 
   NS_SS1370  7 0.0087 0.0198 0.8413 0.0061 0.0085 0.0114 0.0422 0.0591 0.0030 
   NS_SS1389  7 0.0033 0.0081 0.0072 0.9231 0.0052 0.0061 0.0089 0.0255 0.0127 
   NS_SS1360  7 0.0058 0.0862 0.4852 0.0231 0.2365 0.0258 0.0303 0.0431 0.0642 
   NS_SS1330  7 0.0051 0.0781 0.0218 0.1329 0.0110 0.0112 0.2225 0.4871 0.0304 
   NS_SS1328  7 0.0023 0.0106 0.0070 0.0120 0.8849 0.0206 0.0419 0.0096 0.0111 
   NS_SS1384  7 0.0023 0.7418 0.0067 0.0053 0.0129 0.0143 0.0113 0.0229 0.1824 
   NS_SS1381  7 0.0013 0.1285 0.2051 0.0265 0.0078 0.0186 0.4883 0.0079 0.1161 
   NS_SS1375  7 0.0011 0.0071 0.0146 0.6357 0.0505 0.0143 0.1390 0.1292 0.0085 
   NS_SS1319  7 0.1043 0.0163 0.0478 0.0745 0.0091 0.1075 0.4067 0.2227 0.0110 
   NS_SS1326  7 0.0097 0.0068 0.0087 0.0067 0.8804 0.0199 0.0314 0.0289 0.0075 
   NS_SS1341  7 0.0041 0.0094 0.2957 0.0312 0.0123 0.5652 0.0263 0.0188 0.0371 
   NS_SS1383  7 0.0051 0.0072 0.0503 0.0401 0.0167 0.6729 0.1709 0.0147 0.0221 
   NS_SS1318  7 0.0222 0.0251 0.0251 0.1946 0.1760 0.0278 0.2960 0.1907 0.0425 
   NS_SS1348  7 0.0016 0.0066 0.0199 0.0042 0.0652 0.0058 0.0063 0.0124 0.8781 
   NS_SS1363  7 0.0040 0.0101 0.1188 0.0119 0.0294 0.0050 0.6467 0.1706 0.0035 
   NS_SS1335  7 0.0136 0.0079 0.0533 0.0048 0.0125 0.0095 0.0078 0.8336 0.0571 
   NS_SS1358  7 0.0158 0.1338 0.1231 0.0025 0.0123 0.1841 0.0192 0.0101 0.4990 
   NS_SS1342  7 0.0014 0.0778 0.0062 0.0120 0.0121 0.0979 0.0107 0.0062 0.7756 
   NS_SS1320  7 0.0077 0.3625 0.0176 0.0287 0.0079 0.4816 0.0781 0.0129 0.0031 
   NS_SS1355  7 0.0107 0.2016 0.0351 0.2887 0.0068 0.0131 0.0178 0.3385 0.0878 
   NS_SS1345  7 0.0154 0.9317 0.0067 0.0074 0.0088 0.0068 0.0059 0.0076 0.0096 
   NS_SS1324  7 0.0037 0.0500 0.0862 0.1012 0.3291 0.0148 0.2658 0.1299 0.0193 
   NS_SS1347  7 0.0040 0.6087 0.0259 0.0335 0.0286 0.0287 0.2190 0.0095 0.0421 
   NS_SS1321  7 0.0013 0.0138 0.0981 0.0075 0.2452 0.1366 0.2087 0.0725 0.2161 
   NS_SS1333  7 0.0031 0.0072 0.0072 0.3808 0.0897 0.0168 0.4709 0.0095 0.0149 
   NS_SS1364  7 0.0028 0.3767 0.0499 0.0187 0.0404 0.1004 0.0189 0.2380 0.1544 
   NS_SS1379  7 0.0640 0.0273 0.7275 0.0172 0.0089 0.1212 0.0160 0.0086 0.0093 
   NS_SS1332  7 0.0054 0.0036 0.0034 0.4191 0.4597 0.0060 0.0060 0.0276 0.0693 
   NS_SS1338  7 0.0058 0.0035 0.9352 0.0063 0.0046 0.0049 0.0097 0.0077 0.0223 
   NS_SS1368  7 0.0064 0.0287 0.0083 0.2769 0.1928 0.0849 0.0098 0.0669 0.3254 
   NS_SS1354  7 0.0152 0.4282 0.0345 0.0715 0.0645 0.0196 0.1665 0.1098 0.0904 
   NS_SS1365  7 0.0098 0.0258 0.0335 0.6211 0.2313 0.0297 0.0188 0.0167 0.0134 
   NS_SS1380  7 0.0166 0.6686 0.0039 0.0226 0.0027 0.0281 0.0163 0.2354 0.0059 
   NS_SS1329  7 0.0036 0.0112 0.0163 0.0635 0.0187 0.0546 0.0098 0.0102 0.8121 
   NS_SS1362  7 0.0036 0.2524 0.0071 0.0262 0.0105 0.0139 0.4698 0.0145 0.2019 
   NS_SS1327  7 0.0028 0.0034 0.0069 0.0091 0.0907 0.0046 0.0089 0.0070 0.8665 
   NS_SS1350  7 0.0070 0.0074 0.0084 0.0051 0.0116 0.0061 0.9409 0.0065 0.0071 
   NS_SS1387  7 0.0031 0.0123 0.0371 0.8981 0.0067 0.0152 0.0070 0.0079 0.0125 
   NS_SS1369  7 0.0038 0.0353 0.6858 0.0085 0.1077 0.0135 0.0332 0.0850 0.0272 
